[name]
unknown

[dist]
# distance from previous block
# <min> <max>
3	129

[block]
# block no. 0 follows, 70 sequences, length 30
# corresponding to MSA columns:
# 130-159
name=unknown_A
#
# <colnr> <probs for GDERKNQSTAVLIFYWHMCP>
#	G	D	E	R	K	N	Q	S	T	A	V	L	I	F	Y	W	H	M	C	P
0	0.00912	0.00875	0.01477	0.17208	0.64526	0.00926	0.01150	0.01139	0.00847	0.01198	0.00709	0.00966	0.00590	0.00372	0.00436	0.00121	0.05445	0.00345	0.00187	0.00570
1	0.00903	0.20717	0.52453	0.01041	0.01526	0.01032	0.10054	0.01251	0.00838	0.05718	0.00716	0.00827	0.00529	0.00362	0.00353	0.00115	0.00533	0.00293	0.00185	0.00555
2	0.01042	0.75457	0.08014	0.00715	0.01057	0.06350	0.00725	0.01188	0.00808	0.00937	0.00554	0.00641	0.00497	0.00338	0.00263	0.00087	0.00443	0.00216	0.00168	0.00500
3	0.00512	0.00406	0.00462	0.00446	0.00562	0.00362	0.00335	0.00676	0.03249	0.01289	0.39377	0.03296	0.45867	0.00885	0.00456	0.00127	0.00193	0.00756	0.00391	0.00352
4	0.00932	0.00930	0.01237	0.01209	0.13149	0.06032	0.00886	0.05291	0.00730	0.01062	0.00568	0.00860	0.00532	0.00602	0.01042	0.00155	0.63795	0.00335	0.00186	0.00466
5	0.14115	0.00959	0.00989	0.00805	0.01077	0.01081	0.00653	0.46049	0.26618	0.02089	0.01072	0.01045	0.00785	0.00469	0.00368	0.00122	0.00371	0.00356	0.00368	0.00610
6	0.00761	0.00904	0.13353	0.64880	0.10598	0.00873	0.01140	0.01045	0.00792	0.01053	0.00694	0.00995	0.00523	0.00381	0.00384	0.00127	0.00519	0.00336	0.00173	0.00470
7	0.01391	0.01012	0.01093	0.00860	0.01152	0.01119	0.00703	0.62385	0.17505	0.07059	0.01091	0.01053	0.00778	0.00478	0.00389	0.00119	0.00398	0.00369	0.00394	0.00651
8	0.01299	0.01588	0.01214	0.02657	0.09858	0.62340	0.06741	0.01437	0.01036	0.01027	0.00634	0.00765	0.00524	0.00380	0.00357	0.00101	0.00638	0.00275	0.00200	0.06930
9	0.00515	0.00393	0.00474	0.00474	0.00574	0.00353	0.00358	0.00656	0.00973	0.01291	0.41513	0.10764	0.32521	0.00919	0.00467	0.00133	0.00204	0.06678	0.00391	0.00347
10	0.00960	0.00921	0.01574	0.02380	0.83957	0.00921	0.01190	0.01190	0.00883	0.01267	0.00729	0.00960	0.00614	0.00345	0.00384	0.00115	0.00461	0.00345	0.00192	0.00614
11	0.01444	0.01048	0.01130	0.00874	0.01174	0.01154	0.00719	0.76557	0.03165	0.04801	0.00994	0.03382	0.00731	0.00488	0.00391	0.00118	0.00416	0.00373	0.00390	0.00649
12	0.01474	0.01086	0.01163	0.00892	0.01202	0.01202	0.00737	0.82664	0.01823	0.02443	0.00931	0.00931	0.00659	0.00465	0.00388	0.00116	0.00427	0.00349	0.00388	0.00659
13	0.00729	0.00480	0.00611	0.00542	0.00674	0.00447	0.02730	0.05600	0.01020	0.10840	0.38298	0.05767	0.19692	0.10107	0.00612	0.00153	0.00253	0.00663	0.00387	0.00397
14	0.01071	0.01026	0.01992	0.01437	0.01808	0.00990	0.62397	0.15580	0.01088	0.07315	0.00863	0.01045	0.00627	0.00362	0.00441	0.00127	0.00591	0.00434	0.00250	0.00556
15	0.00755	0.00712	0.01204	0.77124	0.10811	0.00867	0.01088	0.01010	0.00786	0.01018	0.00693	0.01026	0.00527	0.00383	0.00387	0.00128	0.00511	0.00345	0.00174	0.00449
16	0.31730	0.01095	0.00886	0.00766	0.01006	0.24234	0.02167	0.08368	0.15577	0.09365	0.00872	0.00893	0.00652	0.00420	0.00329	0.00116	0.00432	0.00295	0.00291	0.00507
17	0.00471	0.00341	0.00446	0.00529	0.00560	0.00316	0.00355	0.00541	0.00752	0.00994	0.02263	0.80302	0.08303	0.01198	0.00492	0.00156	0.00223	0.01082	0.00360	0.00316
18	0.00938	0.00899	0.01534	0.10312	0.76194	0.00915	0.01179	0.01171	0.00872	0.01240	0.00725	0.00967	0.00605	0.00349	0.00384	0.00116	0.00466	0.00345	0.00190	0.00597
19	0.03004	0.00975	0.01186	0.00931	0.01217	0.06877	0.12611	0.29720	0.17304	0.17998	0.02340	0.02202	0.00861	0.00467	0.00397	0.00122	0.00428	0.00395	0.00363	0.00603
20	0.00982	0.01108	0.10532	0.05035	0.56908	0.07426	0.04155	0.03576	0.04202	0.01274	0.00756	0.00948	0.00611	0.00364	0.00383	0.00117	0.00493	0.00340	0.00203	0.00588
21	0.00504	0.00352	0.00440	0.00494	0.00517	0.00334	0.00318	0.00547	0.00694	0.00916	0.01956	0.53612	0.07914	0.25922	0.00951	0.02750	0.00270	0.00904	0.00318	0.00288
22	0.00573	0.00418	0.00520	0.00497	0.00599	0.00390	0.00371	0.00779	0.05174	0.03027	0.59551	0.09808	0.15159	0.00836	0.00456	0.00127	0.00197	0.00732	0.00411	0.00374
23	0.05799	0.05787	0.15467	0.03925	0.04060	0.09562	0.01984	0.21332	0.03594	0.23263	0.00974	0.00979	0.00679	0.00426	0.00367	0.00116	0.00451	0.00328	0.00318	0.00589
24	0.00922	0.01000	0.03068	0.01647	0.13873	0.00943	0.61837	0.01243	0.03083	0.02876	0.02512	0.02293	0.00703	0.00366	0.00455	0.00129	0.01852	0.00450	0.00212	0.00534
25	0.00558	0.00398	0.00535	0.00535	0.00574	0.00437	0.00375	0.00636	0.00597	0.00835	0.01119	0.01969	0.01163	0.39593	0.48418	0.00514	0.00747	0.00481	0.00220	0.00297
26	0.00828	0.02898	0.10811	0.00678	0.02155	0.03226	0.00599	0.01031	0.00816	0.01241	0.00684	0.00800	0.00561	0.00302	0.00299	0.00068	0.00339	0.00238	0.00219	0.72206
27	0.07203	0.18975	0.01409	0.03525	0.27286	0.08482	0.06602	0.04097	0.00902	0.05843	0.02503	0.09001	0.00828	0.00451	0.00359	0.00113	0.00438	0.00387	0.00234	0.01363
28	0.00511	0.00374	0.00480	0.00551	0.00601	0.00354	0.00397	0.00616	0.02158	0.01026	0.02287	0.55306	0.12503	0.05602	0.00573	0.00169	0.00255	0.15559	0.00353	0.00325
29	0.00818	0.01741	0.64211	0.01110	0.01614	0.00917	0.09184	0.01351	0.12866	0.01287	0.00833	0.00932	0.00602	0.00387	0.00381	0.00125	0.00542	0.00325	0.00201	0.00574

[dist]
# distance from previous block
# <min> <max>
0	1

[block]
# block no. 1 follows, 70 sequences, length 28
# corresponding to MSA columns:
# 161-188
name=unknown_B
#
# <colnr> <probs for GDERKNQSTAVLIFYWHMCP>
#	G	D	E	R	K	N	Q	S	T	A	V	L	I	F	Y	W	H	M	C	P
0	0.00995	0.08349	0.26316	0.00904	0.03806	0.04189	0.04626	0.09090	0.00951	0.08341	0.00775	0.00861	0.00582	0.00357	0.00340	0.00097	0.00440	0.00285	0.00237	0.28459
1	0.03127	0.00554	0.03477	0.00632	0.00782	0.00505	0.06077	0.00917	0.02227	0.08744	0.55931	0.02395	0.06180	0.00743	0.01951	0.00134	0.04218	0.00609	0.00383	0.00415
2	0.00465	0.00387	0.00406	0.00413	0.00531	0.00328	0.00305	0.00565	0.00882	0.01071	0.08406	0.12049	0.70871	0.00994	0.00462	0.00133	0.00198	0.00840	0.00364	0.00328
3	0.01015	0.79445	0.09003	0.00701	0.01053	0.01480	0.00728	0.01167	0.00790	0.00939	0.00552	0.00639	0.00497	0.00335	0.00259	0.00086	0.00428	0.00214	0.00166	0.00504
4	0.00942	0.20289	0.47547	0.00980	0.01421	0.10846	0.03353	0.03022	0.02653	0.02365	0.00724	0.02880	0.00572	0.00391	0.00347	0.00112	0.00534	0.00296	0.00189	0.00538
5	0.00537	0.00386	0.00451	0.00471	0.00567	0.00339	0.00339	0.00634	0.00861	0.05366	0.10037	0.34180	0.42379	0.01026	0.00468	0.00139	0.00213	0.00892	0.00372	0.00343
6	0.00491	0.00393	0.00440	0.00448	0.00557	0.00343	0.00337	0.00608	0.00910	0.01147	0.19485	0.10346	0.53857	0.02370	0.00492	0.00139	0.00211	0.06722	0.00371	0.00335
7	0.00807	0.00698	0.00840	0.00600	0.00946	0.00528	0.02452	0.00983	0.00807	0.01263	0.00691	0.00810	0.00575	0.00288	0.00291	0.00059	0.00296	0.00235	0.00229	0.86604
8	0.00960	0.00921	0.01574	0.02380	0.83957	0.00921	0.01190	0.01190	0.00883	0.01267	0.00729	0.00960	0.00614	0.00345	0.00384	0.00115	0.00461	0.00345	0.00192	0.00614
9	0.00960	0.00921	0.01574	0.02380	0.83957	0.00921	0.01190	0.01190	0.00883	0.01267	0.00729	0.00960	0.00614	0.00345	0.00384	0.00115	0.00461	0.00345	0.00192	0.00614
10	0.04301	0.00981	0.01126	0.00991	0.09540	0.01058	0.00738	0.58162	0.03482	0.10799	0.04217	0.01053	0.00808	0.00465	0.00386	0.00117	0.00403	0.00364	0.00374	0.00634
11	0.00928	0.01062	0.06681	0.01393	0.01765	0.02253	0.58300	0.05211	0.02400	0.01293	0.00776	0.00993	0.00591	0.00349	0.00457	0.00122	0.03783	0.00407	0.00210	0.11027
12	0.00627	0.00409	0.00522	0.00525	0.00624	0.00373	0.00396	0.00760	0.00939	0.08645	0.30992	0.24163	0.17712	0.02116	0.00490	0.00142	0.00231	0.09572	0.00392	0.00369
13	0.00781	0.01033	0.25929	0.00809	0.01111	0.00692	0.06917	0.10508	0.04200	0.03427	0.19299	0.02017	0.18576	0.00620	0.00420	0.00126	0.00379	0.02366	0.00310	0.00483
14	0.00573	0.00481	0.00755	0.00708	0.00799	0.00468	0.11978	0.02134	0.00809	0.01084	0.06398	0.57879	0.08479	0.01011	0.00518	0.00150	0.04167	0.00920	0.00332	0.00359
15	0.00504	0.00408	0.00456	0.00453	0.00563	0.00375	0.00336	0.00645	0.03663	0.01094	0.13156	0.06452	0.53633	0.05672	0.10654	0.00203	0.00310	0.00740	0.00345	0.00339
16	0.00960	0.00921	0.01574	0.02380	0.83957	0.00921	0.01190	0.01190	0.00883	0.01267	0.00729	0.00960	0.00614	0.00345	0.00384	0.00115	0.00461	0.00345	0.00192	0.00614
17	0.00723	0.00361	0.00361	0.00361	0.00452	0.00361	0.00271	0.00903	0.00813	0.01445	0.01265	0.01445	0.00994	0.00452	0.00271	0.00090	0.00181	0.00361	0.88528	0.00361
18	0.00850	0.01775	0.66520	0.01081	0.01592	0.00919	0.05535	0.08817	0.04132	0.01367	0.03313	0.00929	0.00636	0.00394	0.00379	0.00123	0.00541	0.00320	0.00203	0.00574
19	0.09601	0.71981	0.05106	0.00678	0.01005	0.04338	0.00673	0.01175	0.00787	0.01006	0.00547	0.00633	0.00490	0.00338	0.00256	0.00089	0.00420	0.00212	0.00174	0.00491
20	0.00939	0.00914	0.01489	0.16076	0.67689	0.03769	0.01156	0.01169	0.00872	0.01210	0.00718	0.00963	0.00594	0.00354	0.00383	0.00117	0.00478	0.00342	0.00189	0.00578
21	0.00466	0.00382	0.00410	0.00426	0.00534	0.00327	0.00311	0.00562	0.00867	0.01062	0.07702	0.19697	0.63876	0.01017	0.00465	0.00136	0.00201	0.00867	0.00363	0.00327
22	0.01020	0.01003	0.01834	0.01344	0.01685	0.00997	0.53597	0.19943	0.05366	0.01520	0.00991	0.02967	0.03511	0.00416	0.00453	0.00129	0.01963	0.00456	0.00259	0.00546
23	0.00481	0.00338	0.00447	0.00534	0.00558	0.00317	0.00357	0.00552	0.00745	0.01005	0.02106	0.83180	0.02510	0.01188	0.00487	0.00155	0.00223	0.01076	0.03423	0.00317
24	0.00554	0.00415	0.00623	0.00623	0.00692	0.00485	0.00485	0.00692	0.00623	0.00900	0.01038	0.01523	0.00969	0.02908	0.84839	0.00623	0.01038	0.00415	0.00208	0.00346
25	0.01150	0.00710	0.00824	0.02101	0.00938	0.00738	0.00556	0.19320	0.19895	0.22564	0.06150	0.09639	0.06382	0.00603	0.00400	0.00124	0.00312	0.00501	0.06538	0.00555
26	0.00615	0.00418	0.00505	0.00478	0.00590	0.00385	0.00363	0.02742	0.01023	0.04688	0.47967	0.05405	0.21001	0.00799	0.00437	0.00123	0.00203	0.02526	0.09356	0.00374
27	0.07452	0.55870	0.08496	0.00758	0.01076	0.18724	0.00727	0.01245	0.00846	0.01005	0.00564	0.00655	0.00492	0.00351	0.00279	0.00092	0.00478	0.00223	0.00178	0.00488

[dist]
# distance from previous block
# <min> <max>
1	20

[block]
# block no. 2 follows, 70 sequences, length 9
# corresponding to MSA columns:
# 209-217
name=unknown_C
#
# <colnr> <probs for GDERKNQSTAVLIFYWHMCP>
#	G	D	E	R	K	N	Q	S	T	A	V	L	I	F	Y	W	H	M	C	P
0	0.00845	0.06055	0.58521	0.01255	0.07328	0.03367	0.14794	0.01233	0.00845	0.01209	0.00702	0.00852	0.00516	0.00359	0.00378	0.00121	0.00574	0.00314	0.00172	0.00560
1	0.00528	0.00405	0.00485	0.00471	0.00574	0.00369	0.00351	0.00705	0.03638	0.01356	0.50094	0.08788	0.29068	0.00873	0.00458	0.00128	0.00194	0.00757	0.00400	0.00358
2	0.00528	0.00377	0.00495	0.00513	0.00580	0.00355	0.00372	0.00667	0.00932	0.01302	0.44757	0.31706	0.04844	0.01039	0.04398	0.00158	0.00243	0.03214	0.03173	0.00346
3	0.00607	0.00389	0.00468	0.00477	0.00507	0.00383	0.00307	0.00653	0.00668	0.04121	0.05449	0.12929	0.01690	0.57138	0.03173	0.00307	0.00352	0.07162	0.02936	0.00284
4	0.00679	0.00425	0.00510	0.00493	0.00544	0.00426	0.00321	0.00765	0.04242	0.08607	0.01407	0.08004	0.04396	0.56464	0.10789	0.00345	0.00425	0.00572	0.00275	0.00312
5	0.00905	0.01117	0.08361	0.01595	0.02000	0.00974	0.76547	0.01241	0.00908	0.01241	0.00778	0.01029	0.00581	0.00330	0.00451	0.00130	0.00648	0.00445	0.00194	0.00527
6	0.00888	0.00892	0.01424	0.01381	0.19777	0.05394	0.22338	0.02560	0.04835	0.01131	0.00807	0.01163	0.00712	0.08658	0.07991	0.00199	0.18760	0.00399	0.00207	0.00483
7	0.00594	0.00434	0.00534	0.00515	0.00524	0.00480	0.00335	0.00621	0.00575	0.00791	0.01119	0.02219	0.01253	0.66147	0.12478	0.00384	0.09984	0.00520	0.00224	0.00270
8	0.05444	0.47844	0.03224	0.00753	0.01046	0.15559	0.00678	0.06583	0.11600	0.02928	0.00733	0.00781	0.00603	0.00382	0.00299	0.00098	0.00446	0.00259	0.00226	0.00516

[dist]
# distance from previous block
# <min> <max>
0	1

[block]
# block no. 3 follows, 70 sequences, length 14
# corresponding to MSA columns:
# 219-232
name=unknown_D
#
# <colnr> <probs for GDERKNQSTAVLIFYWHMCP>
#	G	D	E	R	K	N	Q	S	T	A	V	L	I	F	Y	W	H	M	C	P
0	0.00884	0.26714	0.46751	0.00909	0.01361	0.05322	0.01062	0.01191	0.00830	0.01132	0.02727	0.00805	0.00580	0.00363	0.00328	0.00104	0.00499	0.00267	0.00178	0.07992
1	0.00489	0.00353	0.00467	0.00533	0.00567	0.00339	0.00363	0.00566	0.00739	0.00990	0.05091	0.65105	0.06123	0.06342	0.09772	0.00218	0.00320	0.00968	0.00338	0.00316
2	0.00483	0.00395	0.00428	0.00430	0.00549	0.00340	0.00326	0.00599	0.00918	0.01140	0.17785	0.05907	0.63322	0.00960	0.00463	0.00133	0.00203	0.04914	0.00372	0.00335
3	0.00804	0.00689	0.00804	0.00574	0.00919	0.00517	0.00459	0.00976	0.00804	0.01263	0.00689	0.00804	0.00574	0.00287	0.00287	0.00057	0.00287	0.00230	0.00230	0.88745
4	0.01162	0.04283	0.03069	0.00867	0.01097	0.01095	0.00723	0.33547	0.27734	0.04423	0.01086	0.01143	0.00830	0.00525	0.00538	0.00130	0.14974	0.01843	0.00341	0.00591
5	0.00472	0.00340	0.00447	0.00532	0.00560	0.00316	0.00357	0.00541	0.00749	0.00993	0.02226	0.82007	0.06622	0.01203	0.00493	0.00156	0.00223	0.01088	0.00360	0.00316
6	0.00916	0.00896	0.03649	0.21789	0.53713	0.00929	0.01123	0.04196	0.03142	0.01240	0.00740	0.00981	0.00601	0.00379	0.00422	0.00121	0.04054	0.00346	0.00198	0.00563
7	0.00545	0.00402	0.00473	0.00494	0.00548	0.00391	0.00330	0.00686	0.07019	0.01030	0.10716	0.32085	0.14137	0.28262	0.00950	0.00218	0.00271	0.00796	0.00330	0.00319
8	0.00532	0.00396	0.00494	0.00470	0.00569	0.00358	0.00352	0.00698	0.01057	0.01458	0.68605	0.03054	0.18865	0.00828	0.00457	0.00124	0.00185	0.00723	0.00414	0.00358
9	0.00852	0.00859	0.01245	0.01050	0.01071	0.01177	0.05135	0.00949	0.00611	0.00949	0.00523	0.00859	0.00513	0.00660	0.01230	0.00168	0.81205	0.00345	0.00171	0.00429
10	0.00938	0.00913	0.01596	0.08775	0.71368	0.00921	0.07412	0.01178	0.00877	0.01243	0.00730	0.00972	0.00605	0.00347	0.00390	0.00117	0.00480	0.00354	0.00191	0.00593
11	0.00552	0.00398	0.00535	0.00538	0.00582	0.00434	0.00381	0.00635	0.00614	0.00853	0.01244	0.04399	0.04208	0.33870	0.48487	0.00500	0.00738	0.00505	0.00228	0.00303
12	0.00880	0.00711	0.00867	0.00624	0.00966	0.00555	0.03052	0.03532	0.00855	0.05882	0.00746	0.00844	0.00599	0.00304	0.00301	0.00065	0.00305	0.00249	0.00247	0.78416
13	0.00924	0.18187	0.33248	0.10292	0.04834	0.01053	0.11819	0.07250	0.05259	0.02488	0.00754	0.00888	0.00569	0.00374	0.00362	0.00116	0.00513	0.00316	0.00204	0.00547

[dist]
# distance from previous block
# <min> <max>
0	1

[block]
# block no. 4 follows, 70 sequences, length 35
# corresponding to MSA columns:
# 234-268
name=unknown_E
#
# <colnr> <probs for GDERKNQSTAVLIFYWHMCP>
#	G	D	E	R	K	N	Q	S	T	A	V	L	I	F	Y	W	H	M	C	P
0	0.03813	0.00521	0.00652	0.00562	0.00746	0.00491	0.00444	0.01326	0.03434	0.37811	0.03963	0.09199	0.01191	0.00720	0.06396	0.00151	0.00319	0.00454	0.27310	0.00497
1	0.00560	0.00379	0.00447	0.00450	0.00459	0.00387	0.00268	0.00578	0.00576	0.00776	0.01228	0.04981	0.01393	0.73926	0.11694	0.00398	0.00449	0.00563	0.00236	0.00250
2	0.00838	0.00728	0.00912	0.00816	0.11751	0.00584	0.00560	0.02702	0.00835	0.01288	0.00699	0.00827	0.00581	0.00298	0.00302	0.00066	0.00313	0.00247	0.00228	0.75424
3	0.01064	0.00853	0.01051	0.18929	0.06836	0.00970	0.00774	0.24256	0.30144	0.04181	0.01139	0.01193	0.01948	0.00500	0.00438	0.02819	0.01627	0.00386	0.00324	0.00569
4	0.00526	0.00387	0.00492	0.00483	0.00570	0.00353	0.00356	0.00681	0.01018	0.01407	0.61636	0.15191	0.13701	0.00878	0.00463	0.00128	0.00191	0.00775	0.00408	0.00353
5	0.00907	0.01001	0.02093	0.08071	0.09349	0.00966	0.66475	0.01244	0.03514	0.01237	0.00797	0.01050	0.00604	0.00339	0.00444	0.00129	0.00615	0.00438	0.00200	0.00527
6	0.00562	0.00413	0.00529	0.00497	0.00594	0.00387	0.00373	0.00777	0.04198	0.01544	0.78613	0.02862	0.05605	0.00787	0.00455	0.00123	0.00188	0.00694	0.00424	0.00374
7	0.01036	0.86609	0.02032	0.00663	0.00995	0.01534	0.00663	0.01161	0.00788	0.00912	0.00539	0.00622	0.00498	0.00332	0.00249	0.00083	0.00415	0.00207	0.00166	0.00498
8	0.00762	0.00719	0.01216	0.74614	0.13268	0.00869	0.01091	0.01017	0.00789	0.01027	0.00694	0.01024	0.00529	0.00382	0.00387	0.00127	0.00509	0.00345	0.00175	0.00455
9	0.89114	0.00750	0.00570	0.00510	0.00750	0.00870	0.00420	0.01140	0.00660	0.01739	0.00540	0.00630	0.00420	0.00360	0.00240	0.00120	0.00300	0.00210	0.00240	0.00420
10	0.01739	0.00660	0.00900	0.00690	0.00990	0.00570	0.00570	0.01889	0.01110	0.84226	0.01529	0.01320	0.00960	0.00480	0.00390	0.00120	0.00330	0.00390	0.00480	0.00660
11	0.00458	0.00393	0.00393	0.00393	0.00524	0.00327	0.00295	0.00556	0.00884	0.01047	0.03927	0.03731	0.83800	0.00982	0.00458	0.00131	0.00196	0.00818	0.00360	0.00327
12	0.00960	0.00921	0.01574	0.02380	0.83957	0.00921	0.01190	0.01190	0.00883	0.01267	0.00729	0.00960	0.00614	0.00345	0.00384	0.00115	0.00461	0.00345	0.00192	0.00614
13	0.00564	0.00376	0.00423	0.00423	0.00423	0.00376	0.00235	0.00564	0.00564	0.00752	0.01222	0.02537	0.01409	0.86375	0.01973	0.00376	0.00376	0.00564	0.00235	0.00235
14	0.00529	0.00396	0.00491	0.00467	0.00567	0.00357	0.00350	0.00693	0.01051	0.01444	0.66362	0.03078	0.21118	0.00834	0.00457	0.00124	0.00186	0.00727	0.00412	0.00357
15	0.00481	0.00343	0.00460	0.00550	0.00576	0.00322	0.00375	0.00555	0.00751	0.00999	0.02132	0.81550	0.02545	0.01207	0.00497	0.00159	0.00232	0.05590	0.00360	0.00317
16	0.23828	0.00983	0.01001	0.00786	0.01078	0.01092	0.00649	0.58579	0.01497	0.05606	0.00856	0.00870	0.00611	0.00439	0.00350	0.00117	0.00390	0.00315	0.00354	0.00598
17	0.89114	0.00750	0.00570	0.00510	0.00750	0.00870	0.00420	0.01140	0.00660	0.01739	0.00540	0.00630	0.00420	0.00360	0.00240	0.00120	0.00300	0.00210	0.00240	0.00420
18	0.01685	0.00747	0.00954	0.00731	0.01033	0.00699	0.00604	0.18438	0.01256	0.67470	0.01407	0.01240	0.00898	0.00477	0.00389	0.00119	0.00350	0.00381	0.00461	0.00660
19	0.01395	0.12899	0.01220	0.00955	0.01172	0.73960	0.00738	0.01498	0.01058	0.00944	0.00591	0.00689	0.00499	0.00391	0.00336	0.00098	0.00662	0.00244	0.00195	0.00456
20	0.00468	0.00393	0.00406	0.00403	0.00529	0.00331	0.00302	0.00574	0.00906	0.01100	0.12142	0.03645	0.75553	0.00962	0.00458	0.00130	0.00195	0.00806	0.00367	0.00331
21	0.00625	0.00446	0.00625	0.00714	0.00803	0.00446	0.00625	0.00803	0.00892	0.01160	0.02053	0.04373	0.02231	0.01071	0.00535	0.00178	0.00357	0.81348	0.00357	0.00357
22	0.00745	0.00383	0.00386	0.00377	0.00474	0.00387	0.00285	0.03379	0.00844	0.01476	0.01255	0.01430	0.00984	0.00452	0.00275	0.00091	0.00188	0.00361	0.85859	0.00370
23	0.00801	0.00689	0.00817	0.03783	0.00985	0.00530	0.00483	0.00977	0.00803	0.01253	0.00689	0.00813	0.00572	0.00291	0.00291	0.00060	0.00296	0.00234	0.00228	0.85406
24	0.89114	0.00750	0.00570	0.00510	0.00750	0.00870	0.00420	0.01140	0.00660	0.01739	0.00540	0.00630	0.00420	0.00360	0.00240	0.00120	0.00300	0.00210	0.00240	0.00420
25	0.00474	0.00347	0.00446	0.00524	0.00563	0.00319	0.00357	0.00548	0.00764	0.01001	0.02368	0.73579	0.13148	0.01181	0.00491	0.00154	0.00224	0.02833	0.00360	0.00317
26	0.00964	0.00833	0.00877	0.00789	0.01008	0.00964	0.00614	0.02060	0.83257	0.01622	0.01578	0.01446	0.01183	0.00526	0.00394	0.00131	0.00307	0.00438	0.00394	0.00614
27	0.01474	0.01086	0.01163	0.00892	0.01202	0.01202	0.00737	0.82664	0.01823	0.02443	0.00931	0.00931	0.00659	0.00465	0.00388	0.00116	0.00427	0.00349	0.00388	0.00659
28	0.01146	0.00762	0.01091	0.01211	0.28347	0.00681	0.00739	0.03393	0.00952	0.25922	0.02408	0.01048	0.00758	0.00377	0.00355	0.00098	0.00359	0.00327	0.00299	0.29729
29	0.89114	0.00750	0.00570	0.00510	0.00750	0.00870	0.00420	0.01140	0.00660	0.01739	0.00540	0.00630	0.00420	0.00360	0.00240	0.00120	0.00300	0.00210	0.00240	0.00420
30	0.27590	0.00686	0.00802	0.00637	0.00919	0.00659	0.00525	0.01668	0.00977	0.59821	0.01237	0.01115	0.00800	0.00444	0.00346	0.00120	0.00321	0.00337	0.00409	0.00589
31	0.03407	0.04042	0.10416	0.02461	0.28891	0.04235	0.12079	0.04836	0.00942	0.08852	0.06468	0.01268	0.06183	0.00466	0.00432	0.02432	0.01405	0.00400	0.00250	0.00536
32	0.00479	0.00345	0.00455	0.00537	0.00568	0.00321	0.00365	0.00555	0.00766	0.01018	0.05134	0.76969	0.06232	0.01185	0.00493	0.00156	0.00226	0.03514	0.00362	0.00319
33	0.00804	0.00689	0.00804	0.00574	0.00919	0.00517	0.00459	0.00976	0.00804	0.01263	0.00689	0.00804	0.00574	0.00287	0.00287	0.00057	0.00287	0.00230	0.00230	0.88745
34	0.00958	0.24266	0.43702	0.00918	0.01355	0.03895	0.01049	0.10777	0.00954	0.02733	0.04198	0.00872	0.00656	0.00390	0.00341	0.00110	0.00493	0.00290	0.00209	0.01835

[dist]
# distance from previous block
# <min> <max>
0	3

[block]
# block no. 5 follows, 70 sequences, length 55
# corresponding to MSA columns:
# 272-326
name=unknown_F
#
# <colnr> <probs for GDERKNQSTAVLIFYWHMCP>
#	G	D	E	R	K	N	Q	S	T	A	V	L	I	F	Y	W	H	M	C	P
0	0.37760	0.14541	0.01011	0.00701	0.00960	0.20012	0.00578	0.11093	0.02713	0.01485	0.00632	0.00708	0.00505	0.00377	0.00290	0.00106	0.00423	0.00241	0.00240	0.05625
1	0.00555	0.00377	0.00496	0.00530	0.00576	0.00371	0.00370	0.00626	0.00724	0.03078	0.06664	0.36857	0.07165	0.16777	0.15221	0.04606	0.00400	0.03987	0.00309	0.00313
2	0.00837	0.06263	0.47160	0.01040	0.07504	0.00837	0.03156	0.02599	0.00841	0.02386	0.00726	0.02055	0.00563	0.00359	0.00348	0.00104	0.00477	0.00291	0.00194	0.22260
3	0.00894	0.01040	0.13988	0.02805	0.40924	0.06358	0.04841	0.01154	0.02382	0.03400	0.13229	0.01363	0.05012	0.00456	0.00397	0.00118	0.00444	0.00413	0.00242	0.00541
4	0.25434	0.49746	0.06434	0.00710	0.02830	0.07356	0.00660	0.01188	0.00779	0.01170	0.00557	0.00649	0.00478	0.00347	0.00264	0.00097	0.00414	0.00219	0.00189	0.00480
5	0.01173	0.08194	0.02168	0.00946	0.05206	0.01022	0.07778	0.20783	0.35531	0.11215	0.01211	0.01175	0.00889	0.00462	0.00385	0.00122	0.00387	0.00387	0.00354	0.00612
6	0.00502	0.00403	0.00446	0.00460	0.00561	0.00364	0.00332	0.00651	0.05217	0.01107	0.11680	0.23077	0.48662	0.04113	0.00519	0.00145	0.00214	0.00844	0.00364	0.00340
7	0.00546	0.00396	0.00514	0.00485	0.00577	0.00365	0.00363	0.00726	0.01090	0.01538	0.81135	0.02923	0.06285	0.00799	0.00457	0.00122	0.00183	0.00705	0.00425	0.00365
8	0.00833	0.00555	0.00640	0.00573	0.00736	0.00550	0.00439	0.02796	0.20899	0.14391	0.24358	0.02448	0.22591	0.05812	0.00521	0.00141	0.00256	0.00603	0.00398	0.00460
9	0.00498	0.00394	0.00448	0.00435	0.00548	0.00344	0.00326	0.00634	0.00978	0.01272	0.39253	0.03361	0.48334	0.00898	0.00458	0.00127	0.00190	0.00766	0.00390	0.00344
10	0.00882	0.00919	0.00862	0.00906	0.08732	0.26529	0.00630	0.01052	0.04118	0.00978	0.00927	0.03400	0.00848	0.03229	0.43787	0.00378	0.00817	0.00379	0.00216	0.00411
11	0.01739	0.00660	0.00900	0.00690	0.00990	0.00570	0.00570	0.01889	0.01110	0.84226	0.01529	0.01320	0.00960	0.00480	0.00390	0.00120	0.00330	0.00390	0.00480	0.00660
12	0.00778	0.02005	0.84367	0.01105	0.01678	0.00900	0.01432	0.01228	0.00818	0.01228	0.00696	0.00818	0.00491	0.00368	0.00368	0.00123	0.00573	0.00286	0.00164	0.00573
13	0.57718	0.01118	0.00772	0.00722	0.03120	0.28682	0.00549	0.01276	0.00811	0.01465	0.00565	0.00662	0.00451	0.00373	0.00280	0.00113	0.00436	0.00227	0.00225	0.00435
14	0.00960	0.00921	0.01574	0.02380	0.83957	0.00921	0.01190	0.01190	0.00883	0.01267	0.00729	0.00960	0.00614	0.00345	0.00384	0.00115	0.00461	0.00345	0.00192	0.00614
15	0.02688	0.10155	0.71521	0.01069	0.01605	0.00964	0.04370	0.01220	0.00816	0.01209	0.00681	0.00804	0.00494	0.00363	0.00357	0.00119	0.00555	0.00284	0.00167	0.00560
16	0.01197	0.01155	0.01119	0.00947	0.01111	0.21997	0.00762	0.23155	0.10092	0.03190	0.00783	0.00909	0.00630	0.00531	0.00690	0.00133	0.30482	0.00331	0.00267	0.00519
17	0.01711	0.00667	0.00901	0.00690	0.00991	0.00577	0.00569	0.03016	0.01112	0.80846	0.01498	0.01300	0.00945	0.00474	0.00387	0.00118	0.00330	0.00385	0.00472	0.03011
18	0.00489	0.00349	0.00469	0.00559	0.00589	0.00329	0.00389	0.00569	0.00759	0.01008	0.02127	0.77098	0.02527	0.01199	0.00499	0.00160	0.00239	0.09960	0.00360	0.00320
19	0.01653	0.00634	0.00854	0.00662	0.00944	0.00552	0.00544	0.01806	0.01084	0.77194	0.01507	0.01330	0.00963	0.00477	0.00380	0.00117	0.00317	0.00387	0.07959	0.00634
20	0.00508	0.00395	0.00462	0.00445	0.00554	0.00349	0.00334	0.00653	0.01002	0.01327	0.47995	0.03270	0.39557	0.00877	0.00458	0.00126	0.00189	0.00754	0.00397	0.00349
21	0.89114	0.00750	0.00570	0.00510	0.00750	0.00870	0.00420	0.01140	0.00660	0.01739	0.00540	0.00630	0.00420	0.00360	0.00240	0.00120	0.00300	0.00210	0.00240	0.00420
22	0.00919	0.00884	0.03587	0.16335	0.60493	0.00879	0.02936	0.01156	0.00874	0.03559	0.02447	0.01076	0.02369	0.00378	0.00389	0.00119	0.00463	0.00364	0.00204	0.00570
23	0.00472	0.00337	0.00450	0.00540	0.00562	0.00315	0.00360	0.00540	0.00742	0.00990	0.02137	0.86122	0.02564	0.01215	0.00495	0.00157	0.00225	0.01102	0.00360	0.00315
24	0.00700	0.00598	0.06216	0.00770	0.07823	0.00513	0.00566	0.00945	0.09906	0.07358	0.03819	0.34709	0.13639	0.00895	0.00457	0.00144	0.00295	0.09878	0.00346	0.00424
25	0.00625	0.00446	0.00625	0.00714	0.00803	0.00446	0.00625	0.00803	0.00892	0.01160	0.02053	0.04373	0.02231	0.01071	0.00535	0.00178	0.00357	0.81348	0.00357	0.00357
26	0.04970	0.03254	0.01149	0.00866	0.01170	0.01187	0.00717	0.73614	0.05463	0.02338	0.00934	0.00934	0.00669	0.00460	0.00379	0.00116	0.00416	0.00344	0.00376	0.00643
27	0.06193	0.00800	0.00832	0.00743	0.00959	0.00911	0.00581	0.06677	0.65353	0.01640	0.04731	0.01561	0.06231	0.00550	0.00391	0.00130	0.00302	0.00452	0.00384	0.00578
28	0.00961	0.37599	0.37521	0.00938	0.03620	0.08160	0.01021	0.01227	0.00829	0.02100	0.00629	0.00736	0.00504	0.00363	0.00337	0.00105	0.02392	0.00254	0.00172	0.00530
29	0.00931	0.52198	0.35519	0.00843	0.01273	0.01276	0.00976	0.01188	0.00800	0.01040	0.00603	0.00702	0.00495	0.00347	0.00297	0.00099	0.00479	0.00240	0.00165	0.00528
30	0.00458	0.00393	0.00393	0.00393	0.00524	0.00327	0.00295	0.00556	0.00884	0.01047	0.03927	0.03731	0.83800	0.00982	0.00458	0.00131	0.00196	0.00818	0.00360	0.00327
31	0.00974	0.00937	0.03821	0.04549	0.73152	0.00915	0.01150	0.02133	0.04046	0.03435	0.00783	0.00985	0.00639	0.00359	0.00384	0.00117	0.00456	0.00349	0.00208	0.00609
32	0.01299	0.01119	0.09275	0.01020	0.08435	0.02868	0.00818	0.49942	0.13540	0.06208	0.01008	0.01013	0.00728	0.00454	0.00386	0.00119	0.00427	0.00356	0.00350	0.00636
33	0.00749	0.00646	0.00917	0.01022	0.17605	0.00594	0.07231	0.00872	0.00987	0.01313	0.17679	0.10450	0.35484	0.00853	0.00508	0.00151	0.01382	0.00723	0.00362	0.00474
34	0.01448	0.01848	0.01099	0.00999	0.01199	0.84819	0.00749	0.01548	0.01099	0.00949	0.00599	0.00699	0.00499	0.00400	0.00350	0.00100	0.00699	0.00250	0.00200	0.00449
35	0.00973	0.00947	0.01560	0.02341	0.81650	0.03260	0.01178	0.01200	0.00889	0.01258	0.00726	0.00952	0.00611	0.00347	0.00383	0.00115	0.00467	0.00343	0.00192	0.00609
36	0.79458	0.04255	0.00665	0.00550	0.00791	0.06775	0.00453	0.01169	0.00696	0.01651	0.00544	0.00634	0.00429	0.00362	0.00248	0.00117	0.00332	0.00213	0.00234	0.00425
37	0.00644	0.00585	0.00722	0.00652	0.00741	0.00677	0.00523	0.00795	0.04818	0.01074	0.06265	0.02448	0.40766	0.00818	0.00742	0.00143	0.30956	0.02341	0.02031	0.02261
38	0.77069	0.00733	0.00600	0.00526	0.00766	0.00831	0.00432	0.02479	0.00722	0.08746	0.00657	0.00723	0.00491	0.00375	0.00256	0.00119	0.00300	0.00233	0.03502	0.00442
39	0.00508	0.00395	0.00462	0.00445	0.00554	0.00349	0.00334	0.00653	0.01002	0.01328	0.48045	0.03269	0.39507	0.00877	0.00458	0.00126	0.00189	0.00753	0.00397	0.00349
40	0.00785	0.01960	0.81172	0.01093	0.01652	0.00903	0.01401	0.01260	0.03973	0.01243	0.00729	0.00843	0.00518	0.00374	0.00369	0.00123	0.00563	0.00292	0.00173	0.00575
41	0.00560	0.00406	0.00528	0.00578	0.00643	0.00392	0.00430	0.03662	0.02020	0.01191	0.17039	0.48292	0.04466	0.01066	0.00490	0.00153	0.00252	0.17110	0.00373	0.00350
42	0.02780	0.00403	0.00479	0.00483	0.00578	0.00374	0.02106	0.00624	0.00808	0.01071	0.06757	0.22103	0.39397	0.06801	0.08326	0.00196	0.00303	0.00775	0.05307	0.00330
43	0.00843	0.00905	0.07100	0.00979	0.01039	0.01106	0.00847	0.02659	0.03958	0.01026	0.00653	0.04148	0.00627	0.00661	0.01102	0.00161	0.69216	0.00369	0.02157	0.00442
44	0.00682	0.00600	0.00857	0.00783	0.00819	0.00783	0.00629	0.00790	0.00607	0.00906	0.00819	0.01285	0.00793	0.06343	0.44334	0.00414	0.37600	0.00390	0.00193	0.00374
45	0.00472	0.00337	0.00450	0.00540	0.00562	0.00315	0.00360	0.00540	0.00742	0.00990	0.02137	0.86122	0.02564	0.01215	0.00495	0.00157	0.00225	0.01102	0.00360	0.00315
46	0.87512	0.00756	0.00581	0.00517	0.00758	0.00876	0.00426	0.02630	0.00681	0.01752	0.00547	0.00635	0.00424	0.00362	0.00243	0.00120	0.00302	0.00212	0.00243	0.00424
47	0.01036	0.86609	0.02032	0.00663	0.00995	0.01534	0.00663	0.01161	0.00788	0.00912	0.00539	0.00622	0.00498	0.00332	0.00249	0.00083	0.00415	0.00207	0.00166	0.00498
48	0.55115	0.00743	0.02170	0.00530	0.00781	0.02973	0.00438	0.01088	0.00724	0.01569	0.00664	0.00771	0.00526	0.00356	0.00259	0.00102	0.00299	0.00235	0.10782	0.19875
49	0.00476	0.00342	0.00452	0.00539	0.00567	0.00319	0.00364	0.00548	0.00752	0.00996	0.02203	0.80778	0.05663	0.01202	0.00495	0.00157	0.00227	0.03243	0.00360	0.00316
50	0.00673	0.00337	0.00505	0.00505	0.00505	0.00337	0.00337	0.00505	0.00505	0.00673	0.00673	0.01178	0.00673	0.01347	0.01515	0.88721	0.00337	0.00337	0.00168	0.00168
51	0.03021	0.03556	0.01102	0.00987	0.04107	0.50743	0.00743	0.07982	0.08107	0.02861	0.00755	0.00894	0.00622	0.00502	0.02115	0.00124	0.09396	0.01662	0.00237	0.00485
52	0.00569	0.00405	0.00503	0.00518	0.00535	0.00424	0.00345	0.00612	0.00633	0.00853	0.01413	0.17201	0.01616	0.52967	0.06769	0.00322	0.05108	0.08665	0.00264	0.00279
53	0.04535	0.04496	0.03418	0.05788	0.15404	0.12561	0.06029	0.22585	0.05702	0.04764	0.00803	0.00925	0.00621	0.00439	0.00476	0.00122	0.10179	0.00334	0.00264	0.00555
54	0.00752	0.03558	0.24560	0.00701	0.00970	0.00598	0.00702	0.01016	0.04561	0.08870	0.18948	0.12955	0.11191	0.03077	0.00454	0.00130	0.00339	0.00562	0.00313	0.05744

[dist]
# distance from previous block
# <min> <max>
0	2

# created by:
# /st0/software/busco_prod/Augustus/scripts/msa2prfl.pl ./align_prep/29354.fa
