[name]
unknown

[dist]
# distance from previous block
# <min> <max>
0	14

[block]
# block no. 0 follows, 69 sequences, length 20
# corresponding to MSA columns:
# 14-33
name=unknown_A
#
# <colnr> <probs for GDERKNQSTAVLIFYWHMCP>
#	G	D	E	R	K	N	Q	S	T	A	V	L	I	F	Y	W	H	M	C	P
0	0.00975	0.02422	0.02172	0.00768	0.00960	0.02023	0.01797	0.21585	0.03205	0.08707	0.02718	0.04683	0.04923	0.00797	0.00465	0.00148	0.00376	0.38909	0.00368	0.01998
1	0.01464	0.01868	0.01111	0.01010	0.01212	0.84648	0.00757	0.01565	0.01111	0.00959	0.00606	0.00707	0.00505	0.00404	0.00353	0.00101	0.00707	0.00252	0.00202	0.00454
2	0.00474	0.00396	0.00413	0.00412	0.00537	0.00335	0.00308	0.00581	0.00913	0.01113	0.12553	0.06109	0.72554	0.00979	0.00464	0.00132	0.00198	0.00823	0.00371	0.00335
3	0.00681	0.00340	0.00511	0.00511	0.00511	0.00340	0.00340	0.00511	0.00511	0.00681	0.00681	0.01192	0.00681	0.01362	0.01532	0.88594	0.00340	0.00340	0.00170	0.00170
4	0.00563	0.00447	0.00512	0.00487	0.00610	0.00420	0.00368	0.00813	0.09919	0.01370	0.42217	0.03114	0.36012	0.00850	0.00456	0.00128	0.00204	0.00728	0.00400	0.00381
5	0.01643	0.00638	0.00869	0.00684	0.00962	0.00553	0.00557	0.01787	0.01089	0.76544	0.01602	0.08982	0.01117	0.00552	0.00404	0.00125	0.00324	0.00459	0.00474	0.00636
6	0.01634	0.00631	0.00844	0.00657	0.00935	0.00551	0.00540	0.01790	0.01086	0.74041	0.01514	0.01350	0.00975	0.00482	0.00380	0.00118	0.00315	0.00391	0.11138	0.00631
7	0.01619	0.00892	0.01049	0.00804	0.01113	0.00910	0.00664	0.43983	0.01499	0.41444	0.01230	0.01129	0.00812	0.00478	0.00393	0.00119	0.00385	0.00373	0.00437	0.00667
8	0.01070	0.82096	0.02006	0.00688	0.01017	0.05837	0.00675	0.01194	0.00813	0.00924	0.00548	0.00633	0.00503	0.00339	0.00257	0.00085	0.00434	0.00212	0.00169	0.00501
9	0.42147	0.12348	0.00985	0.00736	0.00974	0.34858	0.00591	0.01322	0.00864	0.01327	0.00570	0.00664	0.00467	0.00376	0.00289	0.00108	0.00482	0.00228	0.00216	0.00447
10	0.00950	0.08315	0.13053	0.18262	0.15928	0.14041	0.17340	0.01202	0.00888	0.01121	0.00767	0.04942	0.00644	0.00406	0.00390	0.00120	0.00555	0.00373	0.00194	0.00509
11	0.01719	0.00612	0.03189	0.15423	0.02475	0.01527	0.02811	0.02828	0.11437	0.02754	0.14682	0.18795	0.16727	0.02675	0.00474	0.00140	0.00320	0.00661	0.00330	0.00422
12	0.03714	0.34927	0.22480	0.00974	0.05571	0.02743	0.08039	0.04786	0.00908	0.11334	0.00758	0.00836	0.00578	0.00371	0.00333	0.00107	0.00475	0.00289	0.00223	0.00555
13	0.00712	0.00626	0.02303	0.03448	0.10873	0.00597	0.10900	0.00987	0.09892	0.03796	0.14729	0.21847	0.13978	0.00812	0.02549	0.00147	0.00347	0.00684	0.00328	0.00444
14	0.00547	0.00400	0.00513	0.00485	0.00581	0.00366	0.00363	0.00724	0.01090	0.01526	0.76377	0.03005	0.10921	0.00819	0.00462	0.00124	0.00186	0.00720	0.00425	0.00366
15	0.00928	0.03274	0.43639	0.03824	0.19658	0.00892	0.07743	0.01293	0.03067	0.08725	0.00848	0.02894	0.00642	0.00398	0.00387	0.00123	0.00518	0.00349	0.00214	0.00582
16	0.01059	0.02969	0.09396	0.01636	0.35751	0.09712	0.11356	0.12818	0.03567	0.01403	0.00804	0.02177	0.00649	0.00401	0.00414	0.00119	0.02833	0.00360	0.01997	0.00577
17	0.00556	0.00404	0.00535	0.00548	0.00584	0.00432	0.00383	0.00622	0.00660	0.00904	0.03535	0.22511	0.05456	0.27258	0.26491	0.03468	0.04427	0.00655	0.00265	0.00305
18	0.00483	0.00366	0.00438	0.00485	0.00549	0.00330	0.00335	0.00566	0.00814	0.01047	0.08303	0.47701	0.30227	0.05763	0.00567	0.00160	0.00223	0.00959	0.00362	0.00322
19	0.01119	0.07722	0.26922	0.06573	0.05632	0.08274	0.07238	0.18105	0.04915	0.08507	0.00854	0.00937	0.00621	0.00407	0.00378	0.00119	0.00511	0.00330	0.00258	0.00579

[dist]
# distance from previous block
# <min> <max>
1	4

[block]
# block no. 1 follows, 69 sequences, length 31
# corresponding to MSA columns:
# 38-68
name=unknown_B
#
# <colnr> <probs for GDERKNQSTAVLIFYWHMCP>
#	G	D	E	R	K	N	Q	S	T	A	V	L	I	F	Y	W	H	M	C	P
0	0.38360	0.04340	0.11576	0.00900	0.07085	0.05372	0.06292	0.09160	0.02062	0.06535	0.02244	0.00848	0.00598	0.00395	0.00338	0.00120	0.01769	0.00291	0.00255	0.01462
1	0.04337	0.00504	0.00630	0.02315	0.00710	0.02040	0.03322	0.02713	0.02486	0.05217	0.06140	0.17894	0.03835	0.32458	0.07525	0.00268	0.01769	0.05195	0.00296	0.00347
2	0.06078	0.04564	0.02988	0.02142	0.01094	0.05656	0.00670	0.24241	0.40238	0.02853	0.01262	0.03596	0.01872	0.00508	0.00382	0.00125	0.00377	0.00402	0.00358	0.00593
3	0.03153	0.00675	0.00858	0.00645	0.00960	0.00558	0.00526	0.01520	0.00995	0.49236	0.02854	0.01154	0.00866	0.00415	0.00353	0.00097	0.00314	0.00335	0.00383	0.34100
4	0.01316	0.08657	0.07651	0.01000	0.01247	0.64233	0.04637	0.01459	0.01051	0.01007	0.02509	0.00826	0.01931	0.00411	0.00356	0.00104	0.00652	0.00281	0.00204	0.00468
5	0.01377	0.06036	0.03384	0.00822	0.01120	0.01049	0.00695	0.53439	0.04692	0.13869	0.06855	0.01194	0.02667	0.00498	0.00390	0.00118	0.00394	0.00387	0.00388	0.00625
6	0.01032	0.00892	0.01453	0.02060	0.67316	0.00871	0.01072	0.03179	0.00926	0.08004	0.00804	0.00984	0.00647	0.00358	0.00380	0.00111	0.00438	0.00342	0.00226	0.08906
7	0.01048	0.86458	0.02054	0.00671	0.01006	0.01551	0.00671	0.01174	0.00797	0.00922	0.00545	0.00629	0.00503	0.00335	0.00252	0.00084	0.00419	0.00210	0.00168	0.00503
8	0.00814	0.02892	0.05296	0.00606	0.00934	0.01903	0.00515	0.00998	0.00851	0.03247	0.06841	0.01119	0.04935	0.00374	0.00318	0.00073	0.00305	0.00303	0.00254	0.67423
9	0.01464	0.01868	0.01111	0.01010	0.01212	0.84648	0.00757	0.01565	0.01111	0.00959	0.00606	0.00707	0.00505	0.00404	0.00353	0.00101	0.00707	0.00252	0.00202	0.00454
10	0.88991	0.00758	0.00576	0.00516	0.00758	0.00879	0.00425	0.01152	0.00667	0.01759	0.00546	0.00637	0.00425	0.00364	0.00243	0.00121	0.00303	0.00212	0.00243	0.00425
11	0.00561	0.00418	0.00620	0.00620	0.00687	0.00485	0.00478	0.00694	0.00627	0.00903	0.01059	0.01589	0.01001	0.06941	0.80698	0.00618	0.01018	0.00427	0.00211	0.00345
12	0.00975	0.00842	0.00886	0.00798	0.01019	0.00975	0.00621	0.02083	0.83069	0.01640	0.01596	0.01463	0.01197	0.00532	0.00399	0.00133	0.00310	0.00443	0.00399	0.00621
13	0.00939	0.00701	0.00832	0.00601	0.00943	0.00543	0.00483	0.02708	0.00870	0.11192	0.00803	0.00878	0.00629	0.00317	0.00305	0.00067	0.00298	0.00254	0.00266	0.76370
14	0.00516	0.00402	0.00473	0.00490	0.00595	0.00360	0.00379	0.00646	0.00933	0.01196	0.22624	0.11713	0.42562	0.00985	0.00480	0.00141	0.00226	0.14553	0.00380	0.00344
15	0.00858	0.00858	0.01201	0.01029	0.01029	0.01201	0.00858	0.00943	0.00600	0.00943	0.00515	0.00858	0.00515	0.00686	0.01287	0.00172	0.85505	0.00343	0.00172	0.00429
16	0.03993	0.00670	0.00901	0.00693	0.00995	0.00584	0.00572	0.01891	0.01110	0.81941	0.01521	0.01317	0.00956	0.00482	0.00390	0.00121	0.00333	0.00390	0.00479	0.00661
17	0.01759	0.00667	0.00910	0.00698	0.01001	0.00576	0.00576	0.01911	0.01122	0.84048	0.01547	0.01334	0.00970	0.00485	0.00394	0.00121	0.00334	0.00394	0.00485	0.00667
18	0.01668	0.00663	0.00891	0.00693	0.00983	0.00585	0.00569	0.01866	0.04911	0.76509	0.05256	0.01412	0.01104	0.00502	0.00398	0.00122	0.00326	0.00411	0.00479	0.00652
19	0.01606	0.00913	0.01062	0.00814	0.01123	0.00941	0.00673	0.47894	0.01534	0.37484	0.01201	0.01110	0.00797	0.00477	0.00393	0.00119	0.00389	0.00371	0.00432	0.00667
20	0.00560	0.00420	0.00630	0.00630	0.00700	0.00490	0.00490	0.00700	0.00630	0.00910	0.01050	0.01540	0.00980	0.02940	0.84669	0.00630	0.01050	0.00420	0.00210	0.00350
21	0.77115	0.00830	0.00648	0.00568	0.00815	0.04783	0.00465	0.06515	0.00776	0.03734	0.00598	0.00677	0.00457	0.00376	0.00261	0.00120	0.00331	0.00228	0.00256	0.00448
22	0.00907	0.00940	0.01193	0.01028	0.01044	0.07983	0.00850	0.00994	0.00642	0.00945	0.00522	0.00845	0.00514	0.00663	0.01211	0.00166	0.78613	0.00336	0.00174	0.00431
23	0.04708	0.00543	0.01930	0.03921	0.06357	0.02183	0.00481	0.00778	0.02842	0.02523	0.12912	0.15489	0.37782	0.00856	0.00478	0.00135	0.03673	0.01685	0.00337	0.00385
24	0.06396	0.48230	0.23852	0.00876	0.03485	0.05279	0.03621	0.01205	0.00818	0.01083	0.00625	0.01807	0.00530	0.00362	0.00302	0.00101	0.00476	0.00257	0.00178	0.00518
25	0.00485	0.00346	0.00463	0.00554	0.00580	0.00324	0.00376	0.00558	0.00757	0.01009	0.02157	0.82290	0.02578	0.01222	0.00502	0.00160	0.00233	0.04722	0.00364	0.00320
26	0.00477	0.00345	0.00451	0.00535	0.00566	0.00319	0.00359	0.00547	0.00761	0.01005	0.02295	0.79853	0.08620	0.01211	0.00498	0.00157	0.00225	0.01093	0.00364	0.00319
27	0.00870	0.03320	0.04987	0.41190	0.26577	0.02186	0.06953	0.01140	0.02387	0.03234	0.00758	0.01025	0.00591	0.00445	0.02614	0.00137	0.00523	0.00354	0.00195	0.00513
28	0.00715	0.00624	0.01942	0.03499	0.28788	0.00639	0.00727	0.02041	0.03280	0.01097	0.01184	0.18793	0.01198	0.05633	0.27701	0.00305	0.00599	0.00543	0.00245	0.00447
29	0.00482	0.00345	0.00460	0.00551	0.00576	0.00323	0.00372	0.00554	0.00755	0.01006	0.02158	0.83447	0.02583	0.01224	0.00502	0.00160	0.00232	0.03587	0.00364	0.00320
30	0.00585	0.00395	0.00432	0.00430	0.00535	0.00367	0.00320	0.00754	0.03122	0.01313	0.20396	0.09184	0.30863	0.00784	0.00403	0.00119	0.00196	0.00664	0.28780	0.00357

[dist]
# distance from previous block
# <min> <max>
0	2

[block]
# block no. 2 follows, 69 sequences, length 30
# corresponding to MSA columns:
# 71-100
name=unknown_C
#
# <colnr> <probs for GDERKNQSTAVLIFYWHMCP>
#	G	D	E	R	K	N	Q	S	T	A	V	L	I	F	Y	W	H	M	C	P
0	0.02194	0.09343	0.26183	0.01115	0.09206	0.05621	0.10414	0.11586	0.02374	0.02890	0.02809	0.02339	0.00686	0.00395	0.00368	0.00111	0.00488	0.00334	0.00232	0.11313
1	0.00825	0.00790	0.01114	0.05636	0.21876	0.08581	0.06643	0.02341	0.00789	0.01069	0.00855	0.01217	0.00762	0.03510	0.33948	0.00331	0.07645	0.00382	0.01233	0.00454
2	0.47013	0.02976	0.00896	0.02262	0.01018	0.27397	0.03029	0.06588	0.00895	0.01483	0.00600	0.00705	0.00477	0.00392	0.00327	0.00116	0.02892	0.00248	0.00233	0.00455
3	0.84943	0.00754	0.00592	0.00524	0.00769	0.00865	0.00432	0.01188	0.00688	0.05578	0.00592	0.00669	0.00450	0.00370	0.00250	0.00121	0.00305	0.00221	0.00254	0.00436
4	0.01145	0.66974	0.01841	0.00743	0.01054	0.15978	0.00690	0.05793	0.00910	0.01015	0.00578	0.00660	0.00513	0.00355	0.00277	0.00089	0.00470	0.00225	0.00186	0.00504
5	0.00497	0.00405	0.00442	0.00428	0.00554	0.00346	0.00322	0.00621	0.00951	0.01205	0.25719	0.03472	0.59754	0.00924	0.00459	0.00128	0.00197	0.00781	0.00379	0.02416
6	0.01464	0.01868	0.01111	0.01010	0.01212	0.84648	0.00757	0.01565	0.01111	0.00959	0.00606	0.00707	0.00505	0.00404	0.00353	0.00101	0.00707	0.00252	0.00202	0.00454
7	0.00517	0.00410	0.00466	0.00450	0.00567	0.00365	0.00338	0.00681	0.03141	0.01302	0.39255	0.03337	0.45972	0.00896	0.00461	0.00128	0.00195	0.00765	0.00395	0.00356
8	0.00862	0.00888	0.01692	0.28060	0.12112	0.00923	0.37593	0.01213	0.07464	0.01201	0.00864	0.03780	0.00687	0.00397	0.00427	0.00131	0.00551	0.00432	0.00212	0.00511
9	0.01048	0.86458	0.02054	0.00671	0.01006	0.01551	0.00671	0.01174	0.00797	0.00922	0.00545	0.00629	0.00503	0.00335	0.00252	0.00084	0.00419	0.00210	0.00168	0.00503
10	0.02673	0.01407	0.10921	0.00952	0.01242	0.32523	0.04575	0.22859	0.04258	0.09300	0.02632	0.01001	0.02011	0.01418	0.00397	0.00117	0.00538	0.00335	0.00290	0.00548
11	0.00976	0.63277	0.24606	0.00793	0.01196	0.01375	0.00884	0.01192	0.00805	0.01010	0.00589	0.00683	0.00501	0.00346	0.00285	0.00095	0.00463	0.00232	0.00167	0.00524
12	0.84051	0.03584	0.00637	0.00532	0.00777	0.02880	0.00440	0.01163	0.00682	0.01713	0.00547	0.00638	0.00429	0.00364	0.00246	0.00120	0.00317	0.00213	0.00239	0.00428
13	0.01048	0.86458	0.02054	0.00671	0.01006	0.01551	0.00671	0.01174	0.00797	0.00922	0.00545	0.00629	0.00503	0.00335	0.00252	0.00084	0.00419	0.00210	0.00168	0.00503
14	0.01030	0.00838	0.00894	0.00795	0.01023	0.00958	0.00621	0.03859	0.76678	0.06270	0.01578	0.01444	0.01172	0.00528	0.00398	0.00132	0.00314	0.00438	0.00404	0.00624
15	0.00855	0.00696	0.00817	0.00586	0.00932	0.00525	0.00469	0.01028	0.00827	0.04914	0.00734	0.00836	0.00598	0.00299	0.00295	0.00061	0.00292	0.00239	0.00243	0.84754
16	0.00478	0.00341	0.00455	0.00546	0.00569	0.00318	0.00364	0.00546	0.00751	0.01001	0.02161	0.85966	0.02593	0.01228	0.00500	0.00159	0.00227	0.01114	0.00364	0.00318
17	0.00858	0.00858	0.01201	0.01029	0.01029	0.01201	0.00858	0.00943	0.00600	0.00943	0.00515	0.00858	0.00515	0.00686	0.01287	0.00172	0.85505	0.00343	0.00172	0.00429
18	0.00878	0.00863	0.01186	0.01016	0.01033	0.01191	0.00845	0.02931	0.04253	0.01010	0.00572	0.00886	0.00548	0.00674	0.01226	0.00169	0.79739	0.00348	0.00187	0.00443
19	0.00750	0.00451	0.00541	0.00498	0.00621	0.00437	0.00380	0.01006	0.07786	0.09147	0.43517	0.02250	0.04165	0.00654	0.00396	0.00115	0.00209	0.00560	0.26103	0.00416
20	0.00786	0.02028	0.84191	0.01117	0.01697	0.00910	0.01448	0.01242	0.00828	0.01242	0.00704	0.00828	0.00497	0.00372	0.00372	0.00124	0.00579	0.00290	0.00166	0.00579
21	0.01062	0.68399	0.08689	0.00733	0.01082	0.01445	0.00739	0.08383	0.04336	0.01115	0.00637	0.00708	0.00546	0.00359	0.00280	0.00092	0.00429	0.00239	0.00197	0.00529
22	0.00683	0.00417	0.00553	0.00550	0.00646	0.00384	0.00402	0.00806	0.00910	0.12140	0.27394	0.38492	0.05722	0.01080	0.05935	0.00170	0.00282	0.00819	0.00388	0.02227
23	0.03462	0.13464	0.18179	0.04789	0.06324	0.09582	0.05861	0.06134	0.05643	0.18455	0.00939	0.01038	0.00696	0.00424	0.00381	0.00118	0.01663	0.02013	0.00273	0.00563
24	0.00876	0.00700	0.00769	0.00697	0.00885	0.00769	0.00542	0.02876	0.52461	0.04898	0.18910	0.02024	0.08501	0.00638	0.00421	0.00131	0.00279	0.02677	0.00405	0.00540
25	0.06201	0.00638	0.00836	0.00655	0.00930	0.00567	0.00537	0.01743	0.01078	0.69938	0.05840	0.01391	0.01089	0.00494	0.00382	0.00119	0.00314	0.00400	0.06226	0.00619
26	0.00905	0.00869	0.01473	0.24939	0.51284	0.00921	0.05879	0.01210	0.06347	0.01227	0.00787	0.01029	0.00631	0.00372	0.00394	0.00122	0.00482	0.00362	0.00203	0.00565
27	0.00616	0.00439	0.00569	0.00605	0.04251	0.00425	0.00409	0.03519	0.00890	0.03525	0.26509	0.23809	0.09281	0.15060	0.06760	0.00212	0.00319	0.02091	0.00349	0.00360
28	0.00497	0.00376	0.00463	0.00521	0.00591	0.00343	0.00381	0.00594	0.00828	0.01060	0.05072	0.45551	0.28735	0.01120	0.00493	0.00153	0.00236	0.12290	0.00365	0.00330
29	0.00518	0.00394	0.00476	0.00466	0.00566	0.00353	0.00346	0.00665	0.01007	0.01354	0.50317	0.10587	0.29721	0.00902	0.00466	0.00129	0.00193	0.00784	0.00403	0.00353

[dist]
# distance from previous block
# <min> <max>
1	2

[block]
# block no. 3 follows, 69 sequences, length 21
# corresponding to MSA columns:
# 103-123
name=unknown_D
#
# <colnr> <probs for GDERKNQSTAVLIFYWHMCP>
#	G	D	E	R	K	N	Q	S	T	A	V	L	I	F	Y	W	H	M	C	P
0	0.00505	0.00354	0.00463	0.00531	0.00556	0.00343	0.00354	0.00573	0.00717	0.00972	0.01910	0.64518	0.02245	0.13590	0.07680	0.00228	0.00316	0.00957	0.02879	0.00311
1	0.38766	0.04655	0.01048	0.02581	0.21031	0.14933	0.00732	0.03854	0.00837	0.01427	0.00616	0.00761	0.00505	0.00392	0.00377	0.00119	0.06391	0.00268	0.00220	0.00489
2	0.24716	0.00675	0.00792	0.00631	0.00907	0.00645	0.00520	0.01656	0.00986	0.57860	0.01268	0.01157	0.00828	0.00452	0.00348	0.00120	0.00317	0.00345	0.05189	0.00587
3	0.02318	0.69020	0.04263	0.00731	0.01053	0.12616	0.00701	0.02456	0.00858	0.02156	0.00578	0.00660	0.00511	0.00350	0.00273	0.00089	0.00460	0.00222	0.00181	0.00503
4	0.00640	0.00458	0.00627	0.03431	0.00733	0.00483	0.00453	0.00728	0.00672	0.03578	0.01280	0.04320	0.08229	0.13111	0.39004	0.09940	0.03529	0.00466	0.00236	0.08084
5	0.03843	0.02231	0.02914	0.08113	0.33562	0.13626	0.03338	0.06155	0.14711	0.01340	0.00940	0.02749	0.00784	0.00444	0.00389	0.00122	0.00472	0.03461	0.00250	0.00557
6	0.00524	0.00391	0.00467	0.00511	0.01964	0.00346	0.00355	0.00620	0.00856	0.03546	0.09355	0.38602	0.38940	0.01052	0.00476	0.00142	0.00218	0.00919	0.00370	0.00344
7	0.00924	0.00838	0.01315	0.11827	0.44078	0.00880	0.04338	0.03884	0.15420	0.02557	0.03386	0.06934	0.00940	0.00465	0.00404	0.00125	0.00426	0.00434	0.00257	0.00569
8	0.01464	0.01868	0.01111	0.01010	0.01212	0.84648	0.00757	0.01565	0.01111	0.00959	0.00606	0.00707	0.00505	0.00404	0.00353	0.00101	0.00707	0.00252	0.00202	0.00454
9	0.06587	0.02341	0.08226	0.01007	0.05628	0.43239	0.00794	0.11128	0.04043	0.05961	0.02172	0.02353	0.00667	0.00444	0.00398	0.00113	0.03824	0.00311	0.00252	0.00511
10	0.04134	0.32395	0.48326	0.00926	0.01395	0.01152	0.01104	0.04331	0.00850	0.01193	0.00650	0.00753	0.00503	0.00363	0.00325	0.00109	0.00506	0.00260	0.00178	0.00550
11	0.79034	0.03569	0.00670	0.00561	0.00798	0.05296	0.00462	0.01169	0.00693	0.01667	0.00548	0.00647	0.00434	0.00374	0.00279	0.00120	0.02797	0.00218	0.00236	0.00429
12	0.00786	0.00757	0.01287	0.04154	0.30252	0.03235	0.17631	0.00977	0.00853	0.01156	0.01281	0.30803	0.01347	0.00678	0.00446	0.00137	0.00429	0.03053	0.00259	0.00477
13	0.00968	0.00851	0.00866	0.00786	0.00997	0.04835	0.00615	0.04839	0.66745	0.01578	0.01681	0.01717	0.05561	0.00583	0.00409	0.00134	0.00331	0.05537	0.00385	0.00583
14	0.01289	0.00634	0.00805	0.00616	0.00903	0.00528	0.00499	0.01452	0.00990	0.44716	0.05082	0.01251	0.00974	0.00433	0.00351	0.00098	0.00297	0.00353	0.09310	0.29419
15	0.04476	0.00501	0.00706	0.00726	0.06068	0.00479	0.03272	0.00940	0.00839	0.17648	0.07839	0.36787	0.01834	0.07986	0.07842	0.00202	0.00362	0.00727	0.00348	0.00419
16	0.00949	0.12862	0.34723	0.04474	0.05576	0.02413	0.25033	0.01278	0.00879	0.07036	0.00768	0.00917	0.00567	0.00363	0.00385	0.00120	0.00559	0.00342	0.00200	0.00555
17	0.00727	0.00579	0.00682	0.00663	0.02888	0.06176	0.00490	0.05373	0.03573	0.03411	0.30664	0.02045	0.01955	0.07193	0.30050	0.00317	0.00568	0.01930	0.00316	0.00398
18	0.00611	0.00443	0.00575	0.02665	0.00666	0.00430	0.03399	0.00687	0.00771	0.04456	0.06217	0.12969	0.28357	0.21090	0.04159	0.05943	0.03437	0.00678	0.02117	0.00328
19	0.00750	0.03264	0.56724	0.01046	0.01500	0.00819	0.10426	0.01116	0.00850	0.01224	0.05613	0.08946	0.05010	0.00500	0.00402	0.00128	0.00512	0.00434	0.00212	0.00524
20	0.00827	0.11021	0.67823	0.01119	0.01655	0.00987	0.08808	0.01236	0.00833	0.01209	0.00695	0.00827	0.00506	0.00365	0.00368	0.00121	0.00570	0.00297	0.00169	0.00567

[dist]
# distance from previous block
# <min> <max>
2	7

[block]
# block no. 4 follows, 69 sequences, length 17
# corresponding to MSA columns:
# 131-147
name=unknown_E
#
# <colnr> <probs for GDERKNQSTAVLIFYWHMCP>
#	G	D	E	R	K	N	Q	S	T	A	V	L	I	F	Y	W	H	M	C	P
0	0.00827	0.07447	0.72342	0.01050	0.01583	0.00941	0.01324	0.04227	0.00863	0.01275	0.00725	0.00845	0.00524	0.00377	0.00361	0.00120	0.00547	0.00290	0.03762	0.00569
1	0.00816	0.07181	0.00760	0.00605	0.00700	0.11273	0.02010	0.09075	0.00802	0.00997	0.01095	0.05338	0.01175	0.51590	0.04751	0.00292	0.00456	0.00494	0.00247	0.00342
2	0.03078	0.00616	0.00720	0.00576	0.00840	0.00500	0.00448	0.00959	0.03650	0.04604	0.01260	0.15541	0.06700	0.00532	0.00350	0.00090	0.00278	0.02092	0.00283	0.56884
3	0.00878	0.23883	0.50784	0.01139	0.08073	0.01085	0.06586	0.01222	0.00831	0.01162	0.00671	0.00802	0.00515	0.00358	0.00348	0.00114	0.00534	0.00285	0.00171	0.00559
4	0.00503	0.00365	0.00477	0.00539	0.00588	0.00339	0.00381	0.00603	0.00838	0.01122	0.16980	0.58277	0.08893	0.01122	0.00494	0.00152	0.00228	0.07389	0.00376	0.00332
5	0.00742	0.00472	0.00545	0.00512	0.00664	0.00425	0.00392	0.00928	0.06886	0.15844	0.08122	0.13330	0.45758	0.00889	0.00453	0.00134	0.00238	0.02861	0.00392	0.00413
6	0.01912	0.02699	0.25616	0.05940	0.09640	0.03339	0.22497	0.03080	0.12420	0.02960	0.00877	0.01047	0.00667	0.00409	0.00442	0.00128	0.04300	0.01245	0.00226	0.00556
7	0.00561	0.00415	0.00607	0.00607	0.00669	0.00477	0.00461	0.00685	0.00623	0.00893	0.01071	0.01658	0.01031	0.12483	0.75196	0.00601	0.00973	0.00437	0.00213	0.00337
8	0.00609	0.00391	0.00524	0.00586	0.00642	0.00371	0.00428	0.00703	0.00796	0.06891	0.02028	0.55694	0.02315	0.07633	0.00616	0.00178	0.00276	0.18610	0.00362	0.00346
9	0.00893	0.00982	0.08966	0.35878	0.22341	0.04815	0.10969	0.02838	0.03475	0.02582	0.00814	0.01051	0.01875	0.00390	0.00397	0.00125	0.00522	0.00364	0.00202	0.00520
10	0.05666	0.01165	0.15683	0.00962	0.05059	0.09592	0.05755	0.24920	0.04836	0.06459	0.04912	0.03280	0.07841	0.00510	0.00405	0.00122	0.01564	0.00411	0.00305	0.00551
11	0.00623	0.00515	0.00799	0.04391	0.17108	0.00502	0.03719	0.00771	0.00872	0.01200	0.20493	0.41945	0.02292	0.00886	0.00464	0.00141	0.00296	0.02249	0.00332	0.00403
12	0.02538	0.00991	0.16828	0.00858	0.03915	0.01779	0.03676	0.21931	0.05482	0.07487	0.06359	0.10611	0.06751	0.00597	0.00405	0.00126	0.00386	0.02627	0.06124	0.00528
13	0.40386	0.02397	0.00873	0.00783	0.04279	0.02855	0.03164	0.02971	0.01745	0.03381	0.00728	0.04035	0.00647	0.02577	0.09078	0.00190	0.18912	0.00328	0.00234	0.00438
14	0.17783	0.14635	0.09174	0.00738	0.04907	0.00808	0.02643	0.02872	0.05144	0.01332	0.12194	0.06698	0.11286	0.00688	0.04303	0.00144	0.00372	0.01875	0.00279	0.02123
15	0.16169	0.05206	0.03875	0.00888	0.06553	0.06162	0.05760	0.14483	0.10383	0.10118	0.04455	0.01102	0.02808	0.00437	0.00355	0.00113	0.00393	0.00348	0.00305	0.10088
16	0.12498	0.09331	0.09146	0.00760	0.02010	0.04949	0.06900	0.02770	0.04568	0.07258	0.11579	0.07031	0.06002	0.00520	0.00366	0.00112	0.00368	0.00431	0.00287	0.13113

[dist]
# distance from previous block
# <min> <max>
9	33

[block]
# block no. 5 follows, 69 sequences, length 14
# corresponding to MSA columns:
# 181-194
name=unknown_F
#
# <colnr> <probs for GDERKNQSTAVLIFYWHMCP>
#	G	D	E	R	K	N	Q	S	T	A	V	L	I	F	Y	W	H	M	C	P
0	0.00765	0.04338	0.08733	0.00956	0.04840	0.00686	0.21369	0.01000	0.00916	0.01294	0.18612	0.02704	0.07800	0.00505	0.00403	0.00110	0.00395	0.02281	0.00270	0.22023
1	0.07993	0.15668	0.14284	0.00706	0.00922	0.11167	0.00642	0.04481	0.00809	0.01081	0.00960	0.01664	0.00965	0.28928	0.00893	0.00204	0.00453	0.07542	0.00228	0.00409
2	0.44180	0.04518	0.01004	0.03949	0.25838	0.00875	0.02542	0.01125	0.00789	0.01504	0.05989	0.01074	0.00785	0.00418	0.00324	0.00122	0.00368	0.03875	0.00239	0.00484
3	0.00917	0.18624	0.20033	0.03511	0.01352	0.06046	0.11212	0.01140	0.00791	0.01084	0.00629	0.00821	0.00525	0.00431	0.00577	0.00120	0.21673	0.00302	0.00181	0.10030
4	0.01135	0.10240	0.13395	0.04915	0.15256	0.22341	0.13610	0.10575	0.01042	0.02818	0.00724	0.00868	0.00565	0.00380	0.00375	0.00114	0.00565	0.00320	0.00217	0.00544
5	0.00494	0.00386	0.00440	0.00451	0.00545	0.00340	0.00325	0.00601	0.00896	0.01149	0.21978	0.20175	0.43778	0.05972	0.00560	0.00150	0.00212	0.00843	0.00372	0.00332
6	0.00860	0.00889	0.06623	0.42525	0.28456	0.00918	0.02827	0.03730	0.05659	0.01195	0.00769	0.01025	0.00598	0.00391	0.00406	0.00126	0.01923	0.00353	0.00201	0.00524
7	0.00629	0.00426	0.00613	0.00614	0.00688	0.00468	0.00470	0.00753	0.00682	0.05745	0.01259	0.08498	0.01243	0.10771	0.58870	0.00506	0.00827	0.06329	0.00252	0.00356
8	0.00985	0.00918	0.05815	0.01143	0.16313	0.00923	0.05984	0.15420	0.31843	0.01577	0.03578	0.01353	0.02576	0.03765	0.05883	0.00167	0.00442	0.00421	0.00316	0.00576
9	0.00534	0.00400	0.00541	0.00599	0.00636	0.00413	0.00436	0.00623	0.00744	0.01001	0.01933	0.55656	0.04138	0.05104	0.09221	0.00220	0.05786	0.11355	0.00330	0.00331
10	0.00943	0.03525	0.42489	0.01141	0.03460	0.00962	0.13750	0.13621	0.03429	0.03042	0.00874	0.01139	0.00684	0.00443	0.00432	0.00129	0.03635	0.05502	0.00232	0.00567
11	0.01265	0.17652	0.04484	0.01059	0.09532	0.36714	0.02247	0.06998	0.08258	0.05741	0.00775	0.00849	0.00615	0.00408	0.00364	0.00107	0.01875	0.00292	0.00239	0.00527
12	0.00954	0.32340	0.34417	0.00856	0.01256	0.07294	0.00949	0.01217	0.00875	0.04749	0.08052	0.00955	0.00808	0.00402	0.00333	0.00105	0.00475	0.00298	0.00209	0.03455
13	0.03904	0.14593	0.04351	0.01678	0.01022	0.05921	0.05411	0.05918	0.03655	0.08993	0.18524	0.01318	0.01284	0.00459	0.00357	0.00100	0.00363	0.00377	0.00296	0.21475

[dist]
# distance from previous block
# <min> <max>
1	17

[block]
# block no. 6 follows, 69 sequences, length 15
# corresponding to MSA columns:
# 212-226
name=unknown_G
#
# <colnr> <probs for GDERKNQSTAVLIFYWHMCP>
#	G	D	E	R	K	N	Q	S	T	A	V	L	I	F	Y	W	H	M	C	P
0	0.00854	0.08808	0.32587	0.00836	0.01228	0.00792	0.03253	0.02448	0.05265	0.04960	0.02835	0.05715	0.02024	0.02293	0.00390	0.00111	0.00422	0.00355	0.00237	0.24589
1	0.00866	0.05419	0.44535	0.00910	0.01312	0.00793	0.03152	0.05650	0.00931	0.08898	0.02778	0.03254	0.11365	0.00553	0.00403	0.00129	0.00461	0.07803	0.00260	0.00527
2	0.01088	0.26663	0.07150	0.00765	0.01036	0.04558	0.00688	0.24286	0.04327	0.04848	0.03181	0.08760	0.01016	0.04268	0.00438	0.00127	0.00410	0.05571	0.00295	0.00524
3	0.00801	0.09307	0.19918	0.00904	0.06616	0.02175	0.06530	0.02102	0.00892	0.06168	0.09032	0.17474	0.08301	0.00654	0.00414	0.00127	0.00392	0.04109	0.00283	0.03800
4	0.05906	0.07350	0.40996	0.01121	0.05860	0.04346	0.12327	0.01356	0.00894	0.14973	0.00834	0.00922	0.00592	0.00382	0.00373	0.00120	0.00523	0.00323	0.00230	0.00570
5	0.00803	0.00786	0.01322	0.65685	0.12860	0.02963	0.07927	0.01062	0.00818	0.01057	0.00708	0.01028	0.00541	0.00382	0.00396	0.00128	0.00532	0.00356	0.00179	0.00467
6	0.00744	0.00765	0.05766	0.67655	0.06499	0.00845	0.02531	0.01006	0.00786	0.01031	0.00752	0.01130	0.00593	0.00571	0.06001	0.00164	0.00557	0.01976	0.00181	0.00447
7	0.01054	0.01152	0.11725	0.10597	0.31196	0.07966	0.14883	0.04098	0.00985	0.04520	0.00947	0.04672	0.00804	0.00480	0.00441	0.00139	0.00546	0.02958	0.00248	0.00589
8	0.00867	0.00942	0.07958	0.23587	0.42353	0.00891	0.10744	0.01131	0.00865	0.01203	0.02937	0.03259	0.00715	0.00395	0.00402	0.00124	0.00499	0.00387	0.00198	0.00544
9	0.00478	0.00365	0.00440	0.00490	0.00556	0.00326	0.00341	0.00565	0.00826	0.01061	0.08534	0.51294	0.31080	0.01116	0.00485	0.00147	0.00214	0.00985	0.00369	0.00326
10	0.00829	0.01606	0.51938	0.08423	0.08989	0.00927	0.19281	0.01221	0.00851	0.01228	0.00726	0.00909	0.00531	0.00363	0.00395	0.00126	0.00583	0.00338	0.00176	0.00560
11	0.01160	0.01305	0.27680	0.05806	0.10586	0.00950	0.14276	0.07324	0.01028	0.16351	0.01018	0.02992	0.00775	0.00503	0.00506	0.00148	0.06263	0.00408	0.00291	0.00628
12	0.00463	0.00397	0.00397	0.00397	0.00530	0.00331	0.00298	0.00563	0.00894	0.01059	0.03971	0.03773	0.83618	0.00993	0.00463	0.00132	0.00199	0.00827	0.00364	0.00331
13	0.00666	0.00424	0.00548	0.00570	0.00667	0.00393	0.00440	0.00791	0.00896	0.09872	0.14127	0.26219	0.15750	0.05179	0.00562	0.00162	0.00270	0.21715	0.00380	0.00372
14	0.05182	0.05463	0.18076	0.03428	0.04750	0.26902	0.15385	0.05029	0.05081	0.04632	0.00786	0.00936	0.00607	0.00400	0.00378	0.00117	0.00574	0.01523	0.00225	0.00525

[dist]
# distance from previous block
# <min> <max>
1	6

[block]
# block no. 7 follows, 69 sequences, length 25
# corresponding to MSA columns:
# 234-258
name=unknown_H
#
# <colnr> <probs for GDERKNQSTAVLIFYWHMCP>
#	G	D	E	R	K	N	Q	S	T	A	V	L	I	F	Y	W	H	M	C	P
0	0.09839	0.24447	0.47332	0.00906	0.01356	0.01078	0.01067	0.04962	0.00842	0.01251	0.00672	0.00812	0.00527	0.02922	0.00376	0.00120	0.00496	0.00272	0.00187	0.00537
1	0.05445	0.01675	0.03593	0.00993	0.01218	0.66891	0.05334	0.01518	0.02970	0.02988	0.00684	0.00784	0.00549	0.00404	0.00354	0.00105	0.00647	0.00275	0.03105	0.00467
2	0.00993	0.00667	0.00867	0.06944	0.05906	0.00583	0.00572	0.01217	0.04757	0.19386	0.13170	0.01296	0.01153	0.00431	0.00357	0.00094	0.00313	0.00363	0.00318	0.40615
3	0.00871	0.29318	0.57642	0.00973	0.01474	0.01118	0.01197	0.01220	0.00818	0.01138	0.00652	0.00763	0.00499	0.00360	0.00333	0.00111	0.00528	0.00264	0.00166	0.00555
4	0.00936	0.05581	0.53262	0.01168	0.01666	0.00921	0.19103	0.01315	0.00880	0.10298	0.00808	0.00924	0.00570	0.00374	0.00389	0.00124	0.00563	0.00335	0.00208	0.00574
5	0.10461	0.09098	0.27790	0.01251	0.19038	0.04184	0.05900	0.03587	0.00908	0.13019	0.00807	0.00904	0.00594	0.00381	0.00359	0.00118	0.00482	0.00312	0.00235	0.00572
6	0.00478	0.00341	0.00455	0.00546	0.00569	0.00318	0.00364	0.00546	0.00751	0.01001	0.02161	0.85966	0.02593	0.01228	0.00500	0.00159	0.00227	0.01114	0.00364	0.00318
7	0.00815	0.01334	0.38162	0.33492	0.06265	0.00896	0.09153	0.01165	0.00831	0.03179	0.00732	0.00953	0.00534	0.00377	0.00390	0.00127	0.00554	0.00335	0.00181	0.00524
8	0.01126	0.15040	0.19871	0.04165	0.10144	0.15904	0.09466	0.07883	0.01003	0.09052	0.02286	0.00917	0.00640	0.00392	0.00367	0.00113	0.00529	0.00319	0.00232	0.00550
9	0.00543	0.00396	0.00544	0.00561	0.00610	0.00428	0.00404	0.00638	0.00650	0.00900	0.01415	0.17118	0.04873	0.20706	0.47860	0.00469	0.00719	0.00596	0.00250	0.00319
10	0.00514	0.00395	0.00471	0.00467	0.00568	0.00352	0.00349	0.00654	0.00986	0.01306	0.42457	0.11032	0.34907	0.00924	0.00469	0.00132	0.00199	0.03071	0.00397	0.00350
11	0.00753	0.00704	0.03357	0.40399	0.09335	0.00772	0.00878	0.01124	0.14460	0.01171	0.03419	0.12199	0.01152	0.00592	0.00422	0.00138	0.00422	0.07978	0.00261	0.00464
12	0.10128	0.18982	0.28370	0.00941	0.03586	0.15875	0.00936	0.11128	0.03008	0.02642	0.00703	0.00787	0.00541	0.00386	0.00335	0.00111	0.00509	0.00273	0.00219	0.00540
13	0.00960	0.00560	0.02613	0.00659	0.00834	0.00495	0.02808	0.03107	0.02234	0.26496	0.15402	0.16386	0.09345	0.00810	0.00458	0.00140	0.00301	0.15521	0.00404	0.00467
14	0.00533	0.00397	0.00495	0.00477	0.00574	0.00359	0.00355	0.00694	0.01048	0.01440	0.63407	0.07296	0.19756	0.00862	0.00464	0.00127	0.00190	0.00753	0.00415	0.00359
15	0.00918	0.00872	0.01303	0.36267	0.03578	0.03362	0.08985	0.11820	0.00894	0.01208	0.00682	0.00965	0.00548	0.00485	0.00669	0.00140	0.26265	0.00356	0.00206	0.00478
16	0.06189	0.05742	0.28952	0.01063	0.06000	0.14267	0.05506	0.17851	0.02843	0.05310	0.00839	0.00918	0.01972	0.00410	0.00369	0.00117	0.00520	0.00318	0.00249	0.00565
17	0.15194	0.01092	0.01720	0.02628	0.03125	0.12075	0.46593	0.02918	0.00895	0.01291	0.00704	0.00921	0.00549	0.00382	0.00483	0.00129	0.08219	0.00378	0.00207	0.00496
18	0.00626	0.00456	0.00621	0.00626	0.00704	0.01702	0.04398	0.00729	0.00814	0.02829	0.10134	0.20446	0.06360	0.16721	0.00841	0.05781	0.00328	0.25225	0.00326	0.00333
19	0.11182	0.06484	0.02691	0.00746	0.03035	0.00724	0.05663	0.07481	0.05067	0.09025	0.04504	0.09754	0.06168	0.10827	0.04892	0.00187	0.02870	0.07945	0.00307	0.00447
20	0.10439	0.03288	0.12663	0.01193	0.11504	0.17254	0.14943	0.08464	0.04686	0.04571	0.00804	0.02647	0.00634	0.00407	0.00389	0.00118	0.01990	0.00342	0.00239	0.03424
21	0.09433	0.07549	0.01135	0.02679	0.01090	0.04562	0.16600	0.07480	0.04096	0.02492	0.01182	0.19858	0.02550	0.05072	0.08126	0.00190	0.04655	0.00541	0.00269	0.00443
22	0.14945	0.10175	0.08429	0.10185	0.18444	0.08903	0.08529	0.07665	0.02401	0.04320	0.02061	0.00911	0.00619	0.00385	0.00355	0.00117	0.00477	0.00318	0.00229	0.00531
23	0.03612	0.17905	0.17223	0.01983	0.03375	0.15477	0.11856	0.11682	0.02179	0.07525	0.00786	0.00910	0.00605	0.00402	0.00375	0.00114	0.01810	0.01396	0.00238	0.00544
24	0.05903	0.20824	0.17113	0.02696	0.01280	0.03936	0.11325	0.08100	0.04878	0.06453	0.05015	0.01064	0.00796	0.01850	0.00382	0.00116	0.00456	0.01603	0.00248	0.05963

[dist]
# distance from previous block
# <min> <max>
5	19

# created by:
# /st0/software/busco_prod/Augustus/scripts/msa2prfl.pl ./align_prep/29455.fa
