[name]
unknown

[dist]
# distance from previous block
# <min> <max>
2	217

[block]
# block no. 0 follows, 60 sequences, length 11
# corresponding to MSA columns:
# 268-278
name=unknown_A
#
# <colnr> <probs for GDERKNQSTAVLIFYWHMCP>
#	G	D	E	R	K	N	Q	S	T	A	V	L	I	F	Y	W	H	M	C	P
0	0.01202	0.02794	0.01255	0.04345	0.05980	0.09872	0.09591	0.07374	0.19765	0.11781	0.04954	0.03223	0.02690	0.03299	0.00551	0.00147	0.04534	0.02066	0.00352	0.04224
1	0.02310	0.03344	0.06050	0.01122	0.09106	0.13437	0.07328	0.05306	0.11799	0.07988	0.09684	0.09066	0.02545	0.00624	0.00495	0.00138	0.04391	0.01709	0.00334	0.03224
2	0.08734	0.02216	0.03320	0.07586	0.09838	0.03991	0.05132	0.09781	0.09351	0.10092	0.02507	0.07361	0.04018	0.00554	0.00421	0.00130	0.00431	0.01518	0.00332	0.12687
3	0.05261	0.02145	0.00987	0.00895	0.05549	0.11642	0.02154	0.13775	0.03661	0.06304	0.08312	0.07172	0.07686	0.04194	0.05071	0.00173	0.02073	0.02307	0.01435	0.09204
4	0.21960	0.03159	0.01073	0.04971	0.12682	0.05724	0.02545	0.06804	0.08364	0.08093	0.07753	0.03379	0.04022	0.00568	0.01481	0.00140	0.01652	0.00426	0.00325	0.04879
5	0.11162	0.01025	0.03038	0.01061	0.02981	0.03220	0.15232	0.27332	0.04915	0.05526	0.03414	0.09319	0.03211	0.00601	0.00474	0.00142	0.02748	0.02001	0.00354	0.02244
6	0.09305	0.08171	0.01301	0.01004	0.01275	0.32212	0.07028	0.11648	0.07340	0.06070	0.00950	0.02322	0.00774	0.01668	0.02182	0.00142	0.01952	0.01957	0.00294	0.02406
7	0.03146	0.05383	0.01753	0.04349	0.44209	0.03687	0.17226	0.01283	0.00993	0.01377	0.03452	0.01398	0.03423	0.00535	0.02666	0.00150	0.00560	0.03565	0.00238	0.00608
8	0.00851	0.00798	0.01317	0.74855	0.07256	0.00979	0.01191	0.01189	0.05061	0.01168	0.00830	0.01182	0.00626	0.00442	0.00436	0.00145	0.00566	0.00393	0.00208	0.00507
9	0.00659	0.00523	0.00572	0.00586	0.00692	0.04133	0.00426	0.02923	0.00995	0.03362	0.12891	0.33727	0.29967	0.01235	0.05063	0.00185	0.00320	0.00943	0.00401	0.00396
10	0.01112	0.37137	0.28750	0.01052	0.01483	0.12217	0.06312	0.01383	0.00944	0.01175	0.00691	0.00828	0.00565	0.00414	0.00407	0.00119	0.04345	0.00294	0.00193	0.00579

[dist]
# distance from previous block
# <min> <max>
0	3

[block]
# block no. 1 follows, 60 sequences, length 11
# corresponding to MSA columns:
# 282-292
name=unknown_B
#
# <colnr> <probs for GDERKNQSTAVLIFYWHMCP>
#	G	D	E	R	K	N	Q	S	T	A	V	L	I	F	Y	W	H	M	C	P
0	0.00667	0.00479	0.00636	0.00710	0.00788	0.00472	0.00556	0.04833	0.00990	0.01311	0.06118	0.41827	0.02672	0.01230	0.00568	0.00183	0.00327	0.34828	0.00409	0.00397
1	0.00644	0.00458	0.00536	0.00528	0.00659	0.00402	0.00399	0.00785	0.01061	0.06320	0.25835	0.12447	0.42486	0.01043	0.00519	0.00149	0.00238	0.04653	0.00434	0.00404
2	0.04372	0.03770	0.29041	0.14565	0.07280	0.10777	0.01116	0.04153	0.03380	0.04455	0.04722	0.05414	0.00926	0.02523	0.00478	0.00144	0.01647	0.00416	0.00254	0.00568
3	0.03422	0.13386	0.53969	0.01200	0.03515	0.01124	0.06971	0.06040	0.00998	0.04312	0.00810	0.00934	0.00592	0.00415	0.00402	0.00132	0.00596	0.00331	0.00218	0.00634
4	0.00614	0.00419	0.00492	0.00506	0.00522	0.00414	0.00305	0.00645	0.00710	0.00950	0.05964	0.15394	0.04203	0.62388	0.04368	0.00371	0.00403	0.00739	0.00301	0.00293
5	0.01127	0.01133	0.01668	0.05785	0.06057	0.08597	0.30520	0.08451	0.25284	0.01589	0.01277	0.01379	0.04068	0.00490	0.00467	0.00142	0.00560	0.00479	0.00312	0.00616
6	0.07868	0.01316	0.13864	0.03940	0.17398	0.09182	0.02908	0.23202	0.04749	0.07364	0.00997	0.03526	0.00770	0.00486	0.00421	0.00133	0.00522	0.00394	0.00314	0.00647
7	0.00847	0.00717	0.01115	0.04918	0.33384	0.00729	0.00845	0.01030	0.00952	0.04005	0.10645	0.16523	0.09163	0.03181	0.06175	0.00191	0.04103	0.00649	0.00308	0.00521
8	0.00540	0.00390	0.00513	0.00609	0.00645	0.00363	0.00417	0.00624	0.00853	0.01127	0.02508	0.75740	0.07137	0.01343	0.00557	0.00177	0.00259	0.05436	0.00405	0.00358
9	0.80879	0.00874	0.00694	0.00608	0.00884	0.01008	0.00501	0.07606	0.00847	0.02020	0.00642	0.00736	0.00494	0.00414	0.00283	0.00135	0.00349	0.00249	0.00283	0.00494
10	0.01131	0.01215	0.05618	0.13681	0.39919	0.14481	0.01138	0.04373	0.05201	0.01389	0.00842	0.01049	0.00679	0.00417	0.00418	0.00126	0.00553	0.00363	0.00236	0.07171

[dist]
# distance from previous block
# <min> <max>
0	1

[block]
# block no. 2 follows, 60 sequences, length 29
# corresponding to MSA columns:
# 294-322
name=unknown_C
#
# <colnr> <probs for GDERKNQSTAVLIFYWHMCP>
#	G	D	E	R	K	N	Q	S	T	A	V	L	I	F	Y	W	H	M	C	P
0	0.01475	0.10620	0.01360	0.01070	0.01303	0.56372	0.02674	0.07753	0.02281	0.01213	0.00773	0.03946	0.00676	0.00502	0.00464	0.00121	0.06291	0.00335	0.00244	0.00527
1	0.00758	0.00379	0.00568	0.00568	0.00568	0.00379	0.00379	0.00568	0.00568	0.00758	0.00758	0.01326	0.00758	0.01515	0.01705	0.87311	0.00379	0.00379	0.00189	0.00189
2	0.03825	0.29136	0.15185	0.00846	0.01208	0.05110	0.00829	0.07443	0.09291	0.11053	0.03170	0.01359	0.08766	0.00522	0.00384	0.00123	0.00455	0.00394	0.00306	0.00596
3	0.02877	0.01063	0.03730	0.11815	0.62418	0.03744	0.01265	0.01374	0.04907	0.01407	0.00852	0.01094	0.00697	0.00407	0.00428	0.00132	0.00525	0.00385	0.00225	0.00655
4	0.00623	0.00467	0.00701	0.00701	0.00779	0.00545	0.00545	0.00779	0.00701	0.01012	0.01168	0.01713	0.01090	0.03271	0.82944	0.00701	0.01168	0.00467	0.00234	0.00389
5	0.01395	0.00951	0.01576	0.01201	0.01478	0.01001	0.24281	0.05289	0.01063	0.32442	0.01128	0.01228	0.00802	0.00549	0.00732	0.00154	0.23319	0.00443	0.00345	0.00624
6	0.00943	0.01289	0.23762	0.06132	0.01768	0.00946	0.28692	0.02739	0.07352	0.04164	0.07749	0.01567	0.07831	0.00525	0.00495	0.00144	0.02547	0.00501	0.00277	0.00578
7	0.01040	0.00722	0.00798	0.00712	0.00915	0.02169	0.00551	0.09842	0.22679	0.13310	0.10202	0.12680	0.18236	0.00805	0.00473	0.00145	0.00316	0.00680	0.03172	0.00555
8	0.00551	0.00431	0.00501	0.00532	0.00629	0.00387	0.00381	0.00691	0.02976	0.01255	0.15199	0.34661	0.37918	0.01160	0.00529	0.00157	0.00234	0.01012	0.00417	0.00377
9	0.01574	0.01146	0.01233	0.00963	0.01292	0.01267	0.00790	0.66159	0.11289	0.05288	0.01167	0.01148	0.00834	0.00532	0.00433	0.00132	0.00452	0.00406	0.03169	0.00725
10	0.00745	0.00507	0.00684	0.02948	0.03700	0.00502	0.00531	0.05293	0.00948	0.07091	0.02135	0.61626	0.02422	0.01177	0.00554	0.00171	0.01997	0.06145	0.00399	0.00425
11	0.00634	0.00423	0.00476	0.00476	0.00476	0.00423	0.00264	0.00634	0.00634	0.00846	0.01374	0.02854	0.01586	0.84672	0.02220	0.00423	0.00423	0.00634	0.00264	0.00264
12	0.00541	0.00409	0.00501	0.00560	0.00632	0.00369	0.00395	0.00644	0.00925	0.01197	0.09999	0.49755	0.26937	0.01239	0.00542	0.00165	0.00245	0.04169	0.00411	0.00365
13	0.00563	0.00425	0.00522	0.00557	0.00638	0.00390	0.00395	0.00708	0.02803	0.01315	0.24027	0.40992	0.22753	0.01157	0.00533	0.00158	0.00235	0.01023	0.00426	0.00381
14	0.87753	0.00843	0.00641	0.00574	0.00843	0.00978	0.00472	0.01282	0.00742	0.01957	0.00607	0.00709	0.00472	0.00405	0.00270	0.00135	0.00337	0.00236	0.00270	0.00472
15	0.01060	0.01016	0.01734	0.08962	0.75822	0.01031	0.01329	0.01321	0.00984	0.01401	0.00817	0.01086	0.00682	0.00392	0.00432	0.00131	0.00523	0.00389	0.00214	0.00675
16	0.00541	0.00398	0.00533	0.03693	0.00719	0.00378	0.00431	0.00627	0.00845	0.01117	0.02447	0.77140	0.06877	0.01318	0.00550	0.00174	0.00264	0.01192	0.00397	0.00360
17	0.01669	0.01205	0.01298	0.00995	0.01344	0.01327	0.00822	0.77701	0.02022	0.05585	0.01071	0.01063	0.00754	0.00524	0.00436	0.00131	0.00476	0.00394	0.00440	0.00742
18	0.00824	0.00775	0.01308	0.83624	0.03004	0.00969	0.01211	0.01114	0.00872	0.01114	0.00775	0.01163	0.00581	0.00436	0.00436	0.00145	0.00581	0.00388	0.00194	0.00484
19	0.03323	0.01049	0.01494	0.05879	0.41096	0.06517	0.05233	0.07693	0.03801	0.07675	0.02009	0.01116	0.00766	0.00423	0.00420	0.00124	0.00501	0.00383	0.00275	0.10222
20	0.00875	0.02256	0.82413	0.01243	0.01888	0.01013	0.01611	0.01381	0.00921	0.01381	0.00783	0.00921	0.00552	0.00414	0.00414	0.00138	0.00645	0.00322	0.00184	0.00645
21	0.00541	0.00385	0.00513	0.00612	0.00640	0.00362	0.00414	0.00620	0.00837	0.01115	0.02378	0.79411	0.02841	0.03176	0.00595	0.00183	0.00263	0.04358	0.00402	0.00354
22	0.00822	0.00615	0.00720	0.00670	0.00828	0.00624	0.00531	0.12961	0.08874	0.01732	0.32995	0.05141	0.14520	0.00886	0.00503	0.00148	0.00294	0.13003	0.03656	0.00478
23	0.01396	0.09130	0.04696	0.05888	0.03614	0.28834	0.10636	0.09183	0.06978	0.11254	0.00979	0.02501	0.00755	0.00478	0.00434	0.00128	0.01851	0.00379	0.00294	0.00592
24	0.00917	0.03052	0.44969	0.03606	0.03675	0.04632	0.04801	0.01436	0.12878	0.01430	0.04624	0.01400	0.06753	0.00513	0.00429	0.00137	0.00538	0.00423	0.03189	0.00600
25	0.00538	0.00406	0.00494	0.00554	0.00622	0.00367	0.00385	0.00632	0.00905	0.01165	0.07259	0.51079	0.27455	0.03472	0.00587	0.00173	0.00248	0.02893	0.00405	0.00360
26	0.03831	0.34455	0.04933	0.02085	0.07960	0.07961	0.06019	0.11949	0.09947	0.02896	0.02352	0.01041	0.01909	0.00450	0.00373	0.00118	0.00497	0.00347	0.00273	0.00604
27	0.02789	0.07253	0.04438	0.00846	0.05212	0.06599	0.00652	0.09171	0.01051	0.03077	0.06372	0.18760	0.03668	0.01842	0.00469	0.00125	0.02553	0.00552	0.00317	0.24253
28	0.00548	0.00431	0.00520	0.03637	0.00715	0.00394	0.00417	0.00655	0.00920	0.01159	0.04480	0.38566	0.37750	0.02535	0.00563	0.00167	0.00262	0.05518	0.00396	0.00367

[dist]
# distance from previous block
# <min> <max>
3	49

[block]
# block no. 3 follows, 60 sequences, length 24
# corresponding to MSA columns:
# 392-415
name=unknown_D
#
# <colnr> <probs for GDERKNQSTAVLIFYWHMCP>
#	G	D	E	R	K	N	Q	S	T	A	V	L	I	F	Y	W	H	M	C	P
0	0.15427	0.05103	0.04344	0.04733	0.11903	0.12580	0.04169	0.10619	0.08277	0.02895	0.04361	0.04818	0.02332	0.00700	0.05757	0.00170	0.00531	0.00422	0.00298	0.00563
1	0.00621	0.00463	0.00580	0.00648	0.00706	0.00464	0.00452	0.00854	0.11540	0.01204	0.02256	0.64126	0.02582	0.06027	0.00640	0.00189	0.00284	0.05568	0.00402	0.00397
2	0.00582	0.00466	0.00537	0.02491	0.00696	0.00432	0.00405	0.00756	0.04404	0.01276	0.16995	0.13023	0.44468	0.05304	0.03890	0.00186	0.00289	0.03013	0.00401	0.00387
3	0.00916	0.00868	0.01477	0.48280	0.32833	0.00975	0.02611	0.01193	0.00935	0.01262	0.03935	0.01213	0.00761	0.00435	0.00439	0.00139	0.00546	0.00406	0.00214	0.00562
4	0.00600	0.00431	0.00605	0.00675	0.00730	0.00440	0.00508	0.00718	0.00826	0.01117	0.01992	0.41824	0.02242	0.01871	0.23760	0.02691	0.00546	0.17705	0.00350	0.00370
5	0.00954	0.00954	0.01336	0.01145	0.01145	0.01336	0.00954	0.01050	0.00668	0.01050	0.00573	0.00954	0.00573	0.00763	0.01431	0.00191	0.83874	0.00382	0.00191	0.00477
6	0.01629	0.02079	0.01236	0.01124	0.01348	0.82921	0.00843	0.01742	0.01236	0.01067	0.00674	0.00787	0.00562	0.00449	0.00393	0.00112	0.00787	0.00281	0.00225	0.00506
7	0.01023	0.01102	0.02236	0.08790	0.22036	0.01082	0.52076	0.01350	0.00997	0.01371	0.00850	0.01145	0.00660	0.00389	0.00513	0.00144	0.02948	0.00469	0.00216	0.00602
8	0.00539	0.00391	0.00503	0.00588	0.00627	0.00363	0.00398	0.00618	0.00846	0.01112	0.02564	0.70055	0.11116	0.05380	0.00634	0.00186	0.00262	0.03069	0.00398	0.00353
9	0.00538	0.00385	0.00514	0.00615	0.00644	0.00360	0.00417	0.00619	0.00842	0.01121	0.02400	0.81175	0.02869	0.01360	0.00559	0.00178	0.00259	0.04384	0.00405	0.00356
10	0.00539	0.00390	0.00512	0.00606	0.00643	0.00362	0.00415	0.00623	0.00854	0.01127	0.02530	0.75239	0.07980	0.01341	0.00556	0.00176	0.00258	0.05086	0.00405	0.00358
11	0.22775	0.00733	0.00794	0.00696	0.00920	0.00756	0.00545	0.14219	0.02596	0.20702	0.01678	0.22620	0.06545	0.01902	0.00456	0.00150	0.00341	0.00620	0.00407	0.00544
12	0.01043	0.01203	0.00825	0.00775	0.00953	0.38743	0.00582	0.01161	0.01117	0.01161	0.07036	0.04290	0.36358	0.00795	0.00461	0.00132	0.00487	0.02118	0.00325	0.00435
13	0.00587	0.00409	0.00519	0.00574	0.00598	0.00402	0.00377	0.00647	0.00759	0.01015	0.01919	0.42689	0.02243	0.33750	0.06545	0.00308	0.00387	0.05610	0.00339	0.00325
14	0.04476	0.00904	0.01011	0.00826	0.01124	0.06138	0.00665	0.07788	0.21011	0.45671	0.03287	0.01499	0.02465	0.00558	0.00434	0.00137	0.00393	0.00447	0.00476	0.00692
15	0.01605	0.02038	0.01240	0.01124	0.01341	0.79962	0.00847	0.01716	0.01215	0.01067	0.00670	0.00793	0.00562	0.00461	0.00431	0.00115	0.03800	0.00285	0.00223	0.00505
16	0.01686	0.01151	0.01262	0.00970	0.01316	0.01251	0.00801	0.68307	0.03594	0.13441	0.01153	0.01118	0.00800	0.00527	0.00437	0.00132	0.00462	0.00401	0.00450	0.00741
17	0.00594	0.00402	0.00523	0.00595	0.00642	0.00372	0.00403	0.00677	0.00867	0.04277	0.05351	0.69271	0.07914	0.05126	0.00624	0.00183	0.00262	0.01144	0.00406	0.00368
18	0.00959	0.00915	0.01576	0.46755	0.27737	0.01019	0.08854	0.04570	0.00975	0.01309	0.00811	0.01133	0.00630	0.00418	0.00442	0.00140	0.00572	0.00400	0.00214	0.00570
19	0.05502	0.50685	0.19175	0.00875	0.01280	0.05487	0.00916	0.06453	0.00977	0.01266	0.00735	0.03534	0.00642	0.00430	0.00333	0.00111	0.00508	0.00298	0.00216	0.00576
20	0.23999	0.01133	0.03445	0.00862	0.01158	0.07357	0.00715	0.40224	0.05272	0.02171	0.01053	0.01225	0.02417	0.04079	0.00472	0.00146	0.00454	0.02846	0.00361	0.00610
21	0.03007	0.06306	0.01071	0.04276	0.03819	0.03674	0.00626	0.04043	0.03776	0.08137	0.00881	0.00977	0.00695	0.00374	0.00348	0.00086	0.00377	0.00295	0.00285	0.56946
22	0.04338	0.04755	0.00880	0.00763	0.00924	0.07951	0.03444	0.10384	0.02054	0.03154	0.06029	0.38150	0.04693	0.00947	0.00487	0.00152	0.00371	0.06017	0.00371	0.04135
23	0.24341	0.33319	0.10085	0.00790	0.01121	0.02482	0.00760	0.05228	0.05464	0.02883	0.02851	0.00978	0.00733	0.00517	0.02213	0.00135	0.03692	0.01602	0.00254	0.00551

[dist]
# distance from previous block
# <min> <max>
1	15

[block]
# block no. 4 follows, 60 sequences, length 6
# corresponding to MSA columns:
# 455-460
name=unknown_E
#
# <colnr> <probs for GDERKNQSTAVLIFYWHMCP>
#	G	D	E	R	K	N	Q	S	T	A	V	L	I	F	Y	W	H	M	C	P
0	0.01346	0.01185	0.01362	0.04452	0.12333	0.13287	0.07921	0.27987	0.08925	0.05794	0.01136	0.03643	0.02609	0.00510	0.00436	0.00130	0.00518	0.00427	0.00340	0.05661
1	0.03594	0.11505	0.01083	0.00811	0.00993	0.21452	0.00631	0.11788	0.03632	0.03192	0.02672	0.01207	0.00836	0.04245	0.07966	0.22744	0.00570	0.00366	0.00263	0.00451
2	0.42097	0.01263	0.26387	0.00826	0.01190	0.00944	0.00853	0.08109	0.00924	0.01740	0.00924	0.11231	0.00822	0.00538	0.00366	0.00141	0.00436	0.00402	0.00274	0.00535
3	0.00662	0.00511	0.00740	0.00663	0.00730	0.00495	0.10270	0.00725	0.00732	0.00971	0.01626	0.14759	0.05895	0.57451	0.01672	0.00338	0.00426	0.00724	0.00287	0.00323
4	0.27070	0.01123	0.01163	0.03484	0.04856	0.17225	0.08667	0.06198	0.01098	0.23643	0.00992	0.01032	0.00703	0.00454	0.00387	0.00132	0.00499	0.00349	0.00335	0.00590
5	0.11814	0.01243	0.01046	0.00933	0.02810	0.26568	0.00718	0.20637	0.03225	0.05856	0.11072	0.04459	0.01257	0.00598	0.00447	0.00133	0.02367	0.03913	0.00348	0.00557

[dist]
# distance from previous block
# <min> <max>
5	35

[block]
# block no. 5 follows, 60 sequences, length 63
# corresponding to MSA columns:
# 531-571,574-595
name=unknown_F
#
# <colnr> <probs for GDERKNQSTAVLIFYWHMCP>
#	G	D	E	R	K	N	Q	S	T	A	V	L	I	F	Y	W	H	M	C	P
0	0.06908	0.02723	0.01273	0.32373	0.13138	0.04105	0.05985	0.04438	0.05208	0.04560	0.04443	0.01524	0.09254	0.00524	0.00434	0.00138	0.00490	0.00455	0.00276	0.01751
1	0.07121	0.03868	0.01153	0.08683	0.15269	0.02603	0.00804	0.18980	0.10665	0.06159	0.09816	0.05929	0.05900	0.00603	0.00438	0.00137	0.00414	0.00504	0.00359	0.00597
2	0.06169	0.01458	0.01218	0.04774	0.13137	0.39198	0.00860	0.13327	0.01263	0.01496	0.07347	0.01195	0.00946	0.00501	0.00414	0.00123	0.00596	0.02482	0.00283	0.03212
3	0.01130	0.01036	0.01377	0.04694	0.42498	0.10189	0.01013	0.07955	0.03468	0.04985	0.13652	0.01509	0.03545	0.00520	0.00444	0.00131	0.00479	0.00460	0.00302	0.00616
4	0.01061	0.01020	0.01566	0.09381	0.29939	0.04610	0.08918	0.01291	0.02575	0.04323	0.00791	0.01064	0.00662	0.00517	0.00744	0.00149	0.26360	0.00393	0.00226	0.04411
5	0.01613	0.01633	0.01251	0.01054	0.01331	0.42612	0.00825	0.38507	0.01606	0.01854	0.00894	0.03135	0.00708	0.00508	0.00418	0.00123	0.00629	0.00359	0.00328	0.00612
6	0.04218	0.01249	0.01241	0.00986	0.01309	0.08465	0.00802	0.61295	0.11925	0.02460	0.01093	0.01087	0.00792	0.00522	0.00428	0.00132	0.00485	0.00391	0.00414	0.00706
7	0.01046	0.01199	0.04795	0.01755	0.02191	0.01107	0.72240	0.03856	0.04474	0.01456	0.00923	0.01184	0.00690	0.00383	0.00506	0.00146	0.00708	0.00504	0.00236	0.00599
8	0.00585	0.00455	0.00586	0.00593	0.00692	0.00466	0.00452	0.00715	0.00823	0.01079	0.02473	0.04555	0.31455	0.07171	0.42042	0.00445	0.00717	0.04012	0.00310	0.00374
9	0.00897	0.08492	0.76369	0.01206	0.01830	0.01067	0.01546	0.01376	0.00918	0.01354	0.00769	0.00904	0.00553	0.00411	0.00404	0.00135	0.00631	0.00316	0.00184	0.00638
10	0.00966	0.00908	0.01209	0.11206	0.29548	0.06773	0.00932	0.01395	0.18396	0.01400	0.03429	0.14090	0.03003	0.00656	0.00463	0.00145	0.00448	0.04147	0.00311	0.00575
11	0.00592	0.00433	0.00574	0.00599	0.00652	0.00452	0.00423	0.00687	0.00747	0.01014	0.01846	0.22578	0.09715	0.21840	0.35334	0.00451	0.00672	0.00742	0.00300	0.00349
12	0.01076	0.01045	0.01821	0.02624	0.76893	0.01041	0.06356	0.01342	0.00995	0.01423	0.00824	0.01086	0.00689	0.00387	0.00437	0.00131	0.00532	0.00397	0.00216	0.00684
13	0.01118	0.01052	0.01836	0.06151	0.50294	0.01056	0.18228	0.06163	0.04474	0.03974	0.00913	0.01138	0.00722	0.00408	0.00451	0.00135	0.00554	0.00422	0.00249	0.00664
14	0.00934	0.27571	0.01183	0.00669	0.00901	0.14791	0.00562	0.02286	0.01031	0.01168	0.06879	0.02407	0.36589	0.00740	0.00419	0.00123	0.00398	0.00578	0.00310	0.00461
15	0.00561	0.00444	0.00505	0.00489	0.00617	0.00387	0.00367	0.00714	0.01101	0.01432	0.38771	0.03780	0.47263	0.01010	0.00515	0.00143	0.00214	0.00862	0.00438	0.00387
16	0.00664	0.00474	0.00657	0.00752	0.00837	0.00468	0.00629	0.00839	0.00979	0.01285	0.05831	0.21213	0.02658	0.01224	0.00589	0.00193	0.00362	0.59547	0.00406	0.00392
17	0.26075	0.01097	0.01063	0.00852	0.01167	0.07311	0.00697	0.38596	0.01480	0.16101	0.01010	0.01007	0.00710	0.00487	0.00386	0.00131	0.00444	0.00348	0.00391	0.00648
18	0.00531	0.00380	0.00506	0.00607	0.00633	0.00354	0.00405	0.00607	0.00835	0.01113	0.02404	0.84388	0.02885	0.01366	0.00557	0.00177	0.00253	0.01240	0.00405	0.00354
19	0.00958	0.00801	0.00927	0.00676	0.01049	0.00641	0.00540	0.07911	0.01001	0.01526	0.00848	0.03471	0.00723	0.00372	0.00340	0.00074	0.00334	0.00300	0.00278	0.77229
20	0.00711	0.00546	0.00675	0.00623	0.00784	0.00503	0.03837	0.03644	0.05796	0.04940	0.15251	0.16954	0.37021	0.00986	0.00508	0.00148	0.00277	0.03019	0.00413	0.03364
21	0.01025	0.02096	0.08567	0.29877	0.26653	0.03888	0.01955	0.07952	0.01986	0.03063	0.00932	0.02307	0.01792	0.04048	0.00526	0.00150	0.01953	0.00409	0.00240	0.00582
22	0.00996	0.36766	0.48968	0.01036	0.01567	0.01310	0.01250	0.01350	0.00906	0.01233	0.00709	0.00828	0.00555	0.00397	0.00358	0.00119	0.00570	0.00285	0.00185	0.00609
23	0.00824	0.00775	0.01308	0.83624	0.03004	0.00969	0.01211	0.01114	0.00872	0.01114	0.00775	0.01163	0.00581	0.00436	0.00436	0.00145	0.00581	0.00388	0.00194	0.00484
24	0.03054	0.01079	0.02840	0.31978	0.15411	0.12345	0.11392	0.04629	0.01011	0.02371	0.00963	0.01222	0.04093	0.00540	0.02695	0.00154	0.03037	0.00411	0.00232	0.00544
25	0.00824	0.00775	0.01308	0.83624	0.03004	0.00969	0.01211	0.01114	0.00872	0.01114	0.00775	0.01163	0.00581	0.00436	0.00436	0.00145	0.00581	0.00388	0.00194	0.00484
26	0.00524	0.00408	0.00477	0.00531	0.00613	0.00361	0.00371	0.00616	0.00908	0.01143	0.03330	0.47523	0.39152	0.01246	0.00538	0.00163	0.00238	0.01093	0.00405	0.00361
27	0.01031	0.00968	0.01594	0.11210	0.63432	0.00989	0.01222	0.04632	0.01025	0.01428	0.01113	0.01337	0.07176	0.00457	0.00439	0.00133	0.00500	0.00431	0.00238	0.00645
28	0.07523	0.07760	0.03325	0.00935	0.04582	0.11389	0.00746	0.12596	0.09493	0.22031	0.01364	0.05499	0.01119	0.00610	0.00431	0.00139	0.00453	0.09008	0.00383	0.00612
29	0.00518	0.00442	0.00445	0.00444	0.00590	0.00369	0.00333	0.00630	0.00999	0.01190	0.06002	0.04178	0.80183	0.01100	0.00515	0.00147	0.00221	0.00918	0.00407	0.00369
30	0.01111	0.00944	0.01035	0.00974	0.05283	0.01075	0.00723	0.08465	0.67301	0.01875	0.05076	0.01622	0.01370	0.00589	0.00446	0.00145	0.00359	0.00492	0.00433	0.00683
31	0.00959	0.00913	0.01553	0.40762	0.44808	0.01005	0.01279	0.01233	0.00936	0.01279	0.00799	0.01119	0.00639	0.00411	0.00434	0.00137	0.00548	0.00388	0.00205	0.00594
32	0.00969	0.28953	0.56540	0.01083	0.01640	0.01243	0.01332	0.01357	0.00910	0.01267	0.00726	0.00849	0.00555	0.00401	0.00371	0.00124	0.00587	0.00294	0.00185	0.00617
33	0.01769	0.01044	0.01183	0.00913	0.01253	0.02932	0.00752	0.46045	0.02863	0.34660	0.01320	0.01225	0.00882	0.00529	0.00436	0.00132	0.00441	0.00410	0.00473	0.00736
34	0.87753	0.00843	0.00641	0.00574	0.00843	0.00978	0.00472	0.01282	0.00742	0.01957	0.00607	0.00709	0.00472	0.00405	0.00270	0.00135	0.00337	0.00236	0.00270	0.00472
35	0.01063	0.01020	0.01741	0.07817	0.76939	0.01032	0.01330	0.01324	0.00985	0.01405	0.00818	0.01085	0.00684	0.00392	0.00432	0.00131	0.00522	0.00389	0.00214	0.00678
36	0.00924	0.00890	0.01541	0.50605	0.27188	0.01003	0.07337	0.01232	0.02689	0.01247	0.00819	0.01148	0.00638	0.00420	0.00441	0.00141	0.00569	0.00400	0.00208	0.00560
37	0.64076	0.03264	0.00879	0.00807	0.05511	0.11867	0.02162	0.02774	0.00860	0.01774	0.00677	0.00843	0.00550	0.00427	0.00310	0.00132	0.00422	0.01905	0.00263	0.00497
38	0.00755	0.00600	0.00862	0.03296	0.20075	0.00600	0.00661	0.00883	0.00843	0.01129	0.01657	0.02996	0.06672	0.35822	0.01227	0.00272	0.00432	0.20509	0.00295	0.00413
39	0.00687	0.00496	0.00575	0.00566	0.00681	0.02808	0.00417	0.00832	0.01079	0.06645	0.35412	0.22354	0.23771	0.01023	0.00516	0.00148	0.00248	0.00891	0.00439	0.00411
40	0.03465	0.01109	0.00899	0.00841	0.01007	0.29291	0.00627	0.05351	0.07224	0.07766	0.04833	0.23186	0.01510	0.04140	0.06575	0.00192	0.00541	0.00616	0.00339	0.00488
41	0.01357	0.00821	0.00905	0.00739	0.00988	0.00865	0.00595	0.31897	0.07837	0.16000	0.01358	0.01379	0.00984	0.00526	0.00390	0.00122	0.00350	0.00414	0.31857	0.00616
42	0.09222	0.07753	0.01214	0.00934	0.04609	0.01174	0.00738	0.45922	0.06803	0.05266	0.04109	0.01335	0.06024	0.00550	0.00414	0.00130	0.00422	0.00422	0.02304	0.00655
43	0.00563	0.00441	0.00510	0.00505	0.00625	0.00388	0.00377	0.00713	0.01084	0.01415	0.36478	0.09015	0.42626	0.01035	0.00520	0.00146	0.00220	0.02518	0.00436	0.00386
44	0.00856	0.00656	0.00743	0.00726	0.00876	0.00701	0.00536	0.01459	0.37103	0.05601	0.02221	0.34319	0.08377	0.03048	0.00538	0.00166	0.00302	0.00821	0.00426	0.00525
45	0.00775	0.00752	0.01458	0.01178	0.01397	0.00708	0.36629	0.00991	0.00932	0.01250	0.01677	0.37503	0.01808	0.03329	0.00590	0.00173	0.00489	0.07583	0.00317	0.00462
46	0.02534	0.02083	0.01040	0.00872	0.01150	0.05196	0.00692	0.07391	0.48671	0.22977	0.01625	0.01483	0.01165	0.00561	0.00435	0.00141	0.00385	0.00454	0.00452	0.00693
47	0.00824	0.00775	0.01308	0.83624	0.03004	0.00969	0.01211	0.01114	0.00872	0.01114	0.00775	0.01163	0.00581	0.00436	0.00436	0.00145	0.00581	0.00388	0.00194	0.00484
48	0.00807	0.00800	0.01467	0.01188	0.01368	0.00836	0.31331	0.00999	0.00877	0.01210	0.01456	0.35865	0.01572	0.00863	0.00713	0.00168	0.16929	0.00791	0.00292	0.00469
49	0.01616	0.02343	0.01245	0.04648	0.02329	0.19775	0.03115	0.26008	0.06269	0.24549	0.01159	0.01148	0.00815	0.00509	0.00451	0.00131	0.02454	0.00387	0.00389	0.00660
50	0.00851	0.00837	0.00823	0.00792	0.00929	0.17046	0.05399	0.01064	0.07950	0.02179	0.02229	0.38325	0.15109	0.00995	0.00505	0.00155	0.00399	0.03615	0.00362	0.00437
51	0.00547	0.00424	0.00500	0.00537	0.00626	0.00381	0.00381	0.00676	0.02318	0.01246	0.15025	0.38688	0.34727	0.01177	0.00532	0.00159	0.00235	0.01032	0.00417	0.00374
52	0.00904	0.00775	0.00904	0.00646	0.01034	0.00581	0.00517	0.01098	0.00904	0.01421	0.00775	0.00904	0.00646	0.00323	0.00323	0.00065	0.00323	0.00258	0.00258	0.87339
53	0.01072	0.01029	0.01757	0.05014	0.79673	0.01034	0.01335	0.01332	0.00990	0.01416	0.00819	0.01082	0.00688	0.00390	0.00432	0.00130	0.00520	0.00389	0.00215	0.00685
54	0.00539	0.00437	0.00478	0.00479	0.00606	0.00376	0.00355	0.00667	0.01032	0.01296	0.20943	0.10950	0.58155	0.01081	0.00519	0.00148	0.00220	0.00920	0.00421	0.00376
55	0.00904	0.00775	0.00904	0.00646	0.01034	0.00581	0.00517	0.01098	0.00904	0.01421	0.00775	0.00904	0.00646	0.00323	0.00323	0.00065	0.00323	0.00258	0.00258	0.87339
56	0.00624	0.00476	0.00569	0.00585	0.00707	0.00452	0.00465	0.01865	0.02100	0.01289	0.10861	0.03782	0.37290	0.03564	0.09722	0.00226	0.00380	0.20437	0.04213	0.00392
57	0.00761	0.00497	0.00611	0.00557	0.00703	0.00450	0.00426	0.03060	0.01194	0.10169	0.50572	0.03259	0.24277	0.00901	0.00505	0.00139	0.00235	0.00776	0.00465	0.00444
58	0.01122	0.01036	0.01417	0.01130	0.01422	0.04469	0.22105	0.13080	0.36658	0.01727	0.01469	0.03729	0.03686	0.04262	0.00543	0.00157	0.00485	0.00516	0.00363	0.00624
59	0.01370	0.34234	0.03327	0.03880	0.01315	0.41494	0.00825	0.01579	0.06155	0.01108	0.00723	0.00822	0.00610	0.00428	0.00354	0.00109	0.00624	0.00280	0.00222	0.00541
60	0.01050	0.00993	0.01507	0.01674	0.33908	0.03286	0.10600	0.03082	0.03254	0.02468	0.00837	0.01039	0.00686	0.00401	0.00470	0.00115	0.05775	0.00363	0.00244	0.28248
61	0.01006	0.19620	0.52590	0.01083	0.01610	0.02840	0.01284	0.01495	0.09642	0.03639	0.00877	0.00964	0.00654	0.00429	0.00389	0.00129	0.00569	0.00324	0.00224	0.00631
62	0.01185	0.01102	0.02635	0.01369	0.12516	0.07487	0.19785	0.07086	0.29851	0.06768	0.04687	0.01390	0.01075	0.00502	0.00457	0.00140	0.00506	0.00467	0.00346	0.00646

[dist]
# distance from previous block
# <min> <max>
1	80

[block]
# block no. 6 follows, 60 sequences, length 85
# corresponding to MSA columns:
# 690-773,775
name=unknown_G
#
# <colnr> <probs for GDERKNQSTAVLIFYWHMCP>
#	G	D	E	R	K	N	Q	S	T	A	V	L	I	F	Y	W	H	M	C	P
0	0.05245	0.00578	0.00798	0.00779	0.04238	0.00548	0.04824	0.01031	0.04057	0.09509	0.22914	0.28765	0.02460	0.02889	0.00536	0.00156	0.00312	0.04596	0.00403	0.05361
1	0.22788	0.01303	0.01291	0.01573	0.32322	0.25917	0.00936	0.04085	0.01047	0.03836	0.00757	0.00909	0.00610	0.00420	0.00380	0.00126	0.00549	0.00320	0.00249	0.00584
2	0.08798	0.01563	0.01169	0.01032	0.01280	0.45186	0.04183	0.04081	0.25545	0.01435	0.01023	0.01060	0.00798	0.00488	0.00405	0.00127	0.00603	0.00355	0.00301	0.00569
3	0.00878	0.00715	0.00825	0.00719	0.00953	0.00680	0.00552	0.06244	0.19946	0.01525	0.04197	0.23394	0.01598	0.00731	0.00438	0.00126	0.00319	0.03893	0.00365	0.31901
4	0.00745	0.00569	0.00736	0.00678	0.00812	0.00557	0.03950	0.11014	0.03081	0.01622	0.35233	0.26614	0.10724	0.00974	0.00515	0.00150	0.00283	0.00864	0.00433	0.00447
5	0.02765	0.01715	0.42654	0.01470	0.02005	0.01068	0.35032	0.05419	0.01021	0.01469	0.00835	0.01032	0.00607	0.00400	0.00455	0.00141	0.00668	0.00406	0.00214	0.00622
6	0.00758	0.00379	0.00568	0.00568	0.00568	0.00379	0.00379	0.00568	0.00568	0.00758	0.00758	0.01326	0.00758	0.01515	0.01705	0.87311	0.00379	0.00379	0.00189	0.00189
7	0.09530	0.01091	0.01509	0.01147	0.01498	0.01150	0.21781	0.34195	0.12538	0.09421	0.01124	0.01170	0.00808	0.00482	0.00443	0.00138	0.00505	0.00428	0.00374	0.00669
8	0.01032	0.01164	0.02493	0.01790	0.02221	0.01102	0.76306	0.01444	0.05114	0.01419	0.00928	0.01199	0.00696	0.00379	0.00511	0.00147	0.00715	0.00514	0.00232	0.00593
9	0.01088	0.61753	0.23377	0.00910	0.02680	0.01526	0.00984	0.01326	0.00897	0.01126	0.00656	0.00764	0.00560	0.00384	0.00318	0.00106	0.00514	0.00259	0.00186	0.00584
10	0.00563	0.00444	0.00508	0.00492	0.00619	0.00389	0.00369	0.00719	0.01107	0.01447	0.40812	0.03755	0.45213	0.01004	0.00515	0.00143	0.00214	0.00858	0.00440	0.00389
11	0.00717	0.00549	0.00660	0.00673	0.00778	0.03207	0.00523	0.06155	0.01125	0.01506	0.31504	0.23457	0.05708	0.01055	0.00538	0.00162	0.00305	0.20531	0.00428	0.00419
12	0.01427	0.11652	0.01443	0.01107	0.01332	0.50496	0.04898	0.05478	0.02848	0.01176	0.00703	0.00853	0.00594	0.00492	0.00552	0.00126	0.13751	0.00313	0.00230	0.00527
13	0.77275	0.00876	0.00714	0.00619	0.00899	0.01003	0.00510	0.08657	0.00878	0.04359	0.00680	0.00762	0.00515	0.00420	0.00290	0.00135	0.00352	0.00257	0.00293	0.00505
14	0.00575	0.00428	0.00481	0.00493	0.00558	0.00401	0.00326	0.00637	0.00803	0.01018	0.02667	0.13279	0.32787	0.36867	0.06539	0.00304	0.00372	0.00809	0.00334	0.00324
15	0.02740	0.01571	0.01682	0.01389	0.05142	0.38007	0.25691	0.13004	0.01253	0.01443	0.00795	0.00963	0.00624	0.00442	0.00471	0.00130	0.03452	0.00377	0.00253	0.00572
16	0.04982	0.00853	0.00968	0.00825	0.01097	0.00911	0.00655	0.03913	0.46364	0.27847	0.05502	0.01607	0.01333	0.00580	0.00438	0.00142	0.00350	0.00477	0.00469	0.00686
17	0.00847	0.00738	0.00978	0.00743	0.01069	0.00586	0.07474	0.01035	0.00903	0.01363	0.01081	0.16117	0.01055	0.00517	0.00382	0.00092	0.00346	0.00459	0.00282	0.63933
18	0.00530	0.00392	0.00496	0.00576	0.00625	0.00358	0.00392	0.00615	0.00872	0.01138	0.04307	0.68156	0.17333	0.01309	0.00548	0.00171	0.00246	0.01173	0.00406	0.00358
19	0.01624	0.03573	0.01004	0.00756	0.01050	0.00805	0.00623	0.21250	0.01367	0.43510	0.01457	0.01379	0.00987	0.00524	0.00406	0.00126	0.00367	0.00414	0.18111	0.00668
20	0.01167	0.00971	0.01081	0.00916	0.01186	0.01087	0.04024	0.20364	0.52495	0.01967	0.01795	0.01693	0.08059	0.00610	0.00451	0.00144	0.00382	0.00507	0.00429	0.00670
21	0.00962	0.16814	0.60267	0.01152	0.01718	0.01139	0.04221	0.01423	0.04389	0.02870	0.00816	0.00932	0.00601	0.00415	0.00396	0.00131	0.00598	0.00323	0.00204	0.00631
22	0.01408	0.01287	0.01137	0.00963	0.01232	0.21061	0.00758	0.34798	0.21357	0.01966	0.01327	0.05852	0.03720	0.00589	0.00437	0.00134	0.00500	0.00455	0.00384	0.00637
23	0.00643	0.00487	0.00703	0.00693	0.00755	0.00570	0.00527	0.00773	0.00690	0.00990	0.01166	0.01837	0.01134	0.14885	0.66860	0.00633	0.05557	0.00487	0.00236	0.00376
24	0.03164	0.01626	0.39694	0.01065	0.01536	0.01084	0.01154	0.30448	0.03195	0.06702	0.04492	0.01121	0.00831	0.00488	0.00424	0.00135	0.00530	0.00378	0.01262	0.00670
25	0.00529	0.00390	0.00495	0.00579	0.00625	0.00357	0.00392	0.00611	0.00862	0.01125	0.02751	0.70552	0.16496	0.01321	0.00550	0.00172	0.00247	0.01185	0.00405	0.00357
26	0.00904	0.00775	0.00904	0.00646	0.01034	0.00581	0.00517	0.01098	0.00904	0.01421	0.00775	0.00904	0.00646	0.00323	0.00323	0.00065	0.00323	0.00258	0.00258	0.87339
27	0.01125	0.73402	0.13462	0.00816	0.01227	0.01626	0.00867	0.01316	0.00891	0.01076	0.00631	0.00730	0.00559	0.00379	0.00299	0.00100	0.00491	0.00246	0.00186	0.00572
28	0.01198	0.01170	0.01129	0.04610	0.05842	0.24921	0.03409	0.06397	0.13280	0.05778	0.02165	0.03244	0.01039	0.00933	0.11323	0.00211	0.03767	0.06214	0.00307	0.03064
29	0.01122	0.58137	0.18474	0.00944	0.04667	0.01514	0.00949	0.04762	0.03694	0.01216	0.00710	0.00807	0.00598	0.00396	0.00326	0.00107	0.00501	0.00274	0.00207	0.00595
30	0.01495	0.03149	0.01262	0.01033	0.01304	0.29825	0.03104	0.31763	0.10273	0.04483	0.01045	0.04513	0.00832	0.00541	0.00460	0.00130	0.03419	0.00401	0.00345	0.00620
31	0.00537	0.00383	0.00507	0.00601	0.00627	0.00358	0.00400	0.00613	0.00836	0.01118	0.04163	0.79462	0.02863	0.04509	0.00619	0.00186	0.00258	0.01207	0.00401	0.00352
32	0.01007	0.00818	0.01146	0.09995	0.19542	0.00898	0.00858	0.19532	0.03656	0.01550	0.01098	0.01549	0.00958	0.05864	0.25943	0.00327	0.00701	0.03719	0.00288	0.00553
33	0.00897	0.00727	0.01018	0.16005	0.08016	0.00782	0.04069	0.10936	0.11876	0.03293	0.01645	0.35534	0.01676	0.00847	0.00490	0.00156	0.00398	0.00761	0.00355	0.00518
34	0.00849	0.00800	0.01345	0.69486	0.08778	0.00966	0.03224	0.01149	0.02249	0.01170	0.02024	0.01281	0.00702	0.00464	0.00459	0.00146	0.01934	0.02262	0.00209	0.00503
35	0.00650	0.00480	0.00629	0.00691	0.00800	0.00460	0.00582	0.00830	0.01029	0.01333	0.13074	0.06091	0.19157	0.01146	0.00572	0.00181	0.00336	0.51151	0.00413	0.00395
36	0.00642	0.00498	0.00601	0.00629	0.00723	0.00499	0.00452	0.00946	0.14834	0.01338	0.14624	0.43713	0.13037	0.01205	0.03971	0.00184	0.00296	0.00967	0.00416	0.00425
37	0.47204	0.00783	0.00755	0.00702	0.00929	0.00870	0.00588	0.11728	0.01000	0.03860	0.01185	0.01994	0.01114	0.00679	0.00424	0.02134	0.00377	0.22851	0.00335	0.00488
38	0.00645	0.00532	0.00555	0.00536	0.00698	0.00500	0.00406	0.00956	0.15121	0.02715	0.06466	0.06777	0.60495	0.01007	0.00503	0.00148	0.00246	0.00845	0.00417	0.00432
39	0.01515	0.00753	0.00969	0.00825	0.01091	0.00725	0.00694	0.15723	0.01316	0.43016	0.01783	0.02470	0.01462	0.00743	0.00489	0.00155	0.00400	0.24756	0.00479	0.00637
40	0.00824	0.00775	0.01308	0.83624	0.03004	0.00969	0.01211	0.01114	0.00872	0.01114	0.00775	0.01163	0.00581	0.00436	0.00436	0.00145	0.00581	0.00388	0.00194	0.00484
41	0.00875	0.02256	0.82413	0.01243	0.01888	0.01013	0.01611	0.01381	0.00921	0.01381	0.00783	0.00921	0.00552	0.00414	0.00414	0.00138	0.00645	0.00322	0.00184	0.00645
42	0.01038	0.01052	0.01242	0.01081	0.01127	0.12482	0.00884	0.01145	0.00767	0.02732	0.00679	0.01019	0.00636	0.00908	0.07714	0.00217	0.62039	0.00376	0.02384	0.00478
43	0.87753	0.00843	0.00641	0.00574	0.00843	0.00978	0.00472	0.01282	0.00742	0.01957	0.00607	0.00709	0.00472	0.00405	0.00270	0.00135	0.00337	0.00236	0.00270	0.00472
44	0.00529	0.00387	0.00498	0.00587	0.00627	0.00356	0.00396	0.00610	0.00854	0.01121	0.02648	0.74667	0.12448	0.01335	0.00552	0.00174	0.00249	0.01201	0.00405	0.00356
45	0.00764	0.00619	0.00701	0.00659	0.00816	0.00645	0.00499	0.01319	0.30289	0.01635	0.33892	0.08772	0.15951	0.00853	0.00492	0.00146	0.00263	0.00736	0.00449	0.00502
46	0.84050	0.00897	0.00667	0.00597	0.00865	0.04502	0.00488	0.01302	0.00763	0.01919	0.00610	0.00712	0.00476	0.00407	0.00275	0.00134	0.00357	0.00238	0.00268	0.00474
47	0.24208	0.04624	0.04559	0.00957	0.05314	0.06060	0.07762	0.03776	0.08644	0.19755	0.01044	0.01073	0.00756	0.00446	0.00378	0.00127	0.00439	0.00351	0.00333	0.09392
48	0.00572	0.00424	0.00534	0.00553	0.00638	0.00387	0.00400	0.00719	0.01057	0.01432	0.40666	0.29818	0.17731	0.01090	0.00530	0.00153	0.00227	0.02243	0.00441	0.00385
49	0.07120	0.48139	0.01787	0.00867	0.01187	0.26057	0.00763	0.07373	0.01069	0.01230	0.00660	0.00752	0.00568	0.00409	0.00325	0.00105	0.00555	0.00260	0.00222	0.00551
50	0.11812	0.10612	0.06758	0.01035	0.09966	0.07897	0.00799	0.07245	0.13343	0.15509	0.01068	0.01088	0.00793	0.00455	0.00382	0.00122	0.00446	0.00350	0.00329	0.09990
51	0.14911	0.03840	0.03654	0.25656	0.11474	0.05989	0.11185	0.13601	0.01088	0.01576	0.00794	0.01015	0.00609	0.00436	0.00433	0.00137	0.02414	0.00367	0.00251	0.00568
52	0.01932	0.00531	0.00624	0.00559	0.00706	0.00520	0.00432	0.08021	0.01188	0.09040	0.38006	0.02295	0.02440	0.00686	0.00424	0.00124	0.00245	0.00580	0.31178	0.00469
53	0.03197	0.00486	0.00596	0.00577	0.00707	0.00440	0.00435	0.00841	0.01051	0.04879	0.34092	0.18394	0.16646	0.02555	0.00536	0.00151	0.00256	0.06625	0.00422	0.07117
54	0.00990	0.24921	0.56587	0.01101	0.01651	0.05095	0.01338	0.01378	0.00926	0.01269	0.00729	0.00854	0.00555	0.00405	0.00376	0.00125	0.00602	0.00296	0.00187	0.00615
55	0.00577	0.00435	0.00528	0.00553	0.00645	0.00397	0.00409	0.00709	0.00999	0.01309	0.24329	0.21633	0.28221	0.07062	0.00656	0.00177	0.00260	0.10311	0.00415	0.00373
56	0.00595	0.00443	0.00564	0.00623	0.00705	0.00418	0.00472	0.00753	0.02796	0.01280	0.14184	0.36593	0.17469	0.01192	0.00552	0.00171	0.00279	0.20111	0.00416	0.00384
57	0.01024	0.00775	0.00877	0.00783	0.00975	0.00834	0.00610	0.30172	0.10902	0.01803	0.01936	0.23763	0.10807	0.01119	0.08740	0.00206	0.00440	0.03285	0.00404	0.00543
58	0.00685	0.00540	0.00660	0.00690	0.00758	0.01891	0.00501	0.06575	0.02757	0.01256	0.02271	0.58429	0.09029	0.01193	0.00615	0.00172	0.07371	0.03815	0.00387	0.00406
59	0.50523	0.00800	0.00802	0.00661	0.00961	0.00832	0.00546	0.01648	0.00962	0.36800	0.01090	0.01045	0.00736	0.00463	0.00343	0.00135	0.00352	0.00324	0.00387	0.00589
60	0.00531	0.00380	0.00506	0.00607	0.00633	0.00354	0.00405	0.00607	0.00835	0.01113	0.02404	0.84388	0.02885	0.01366	0.00557	0.00177	0.00253	0.01240	0.00405	0.00354
61	0.00942	0.18823	0.62863	0.01204	0.05152	0.01157	0.01426	0.01364	0.00917	0.01312	0.00749	0.00883	0.00560	0.00405	0.00388	0.00129	0.00603	0.00307	0.00186	0.00629
62	0.01249	0.01043	0.01232	0.01070	0.04612	0.10984	0.08183	0.19408	0.09040	0.09927	0.02470	0.01452	0.02976	0.00995	0.13467	0.00229	0.08022	0.02715	0.00338	0.00588
63	0.00752	0.00655	0.00941	0.00867	0.00912	0.00849	0.00696	0.00880	0.00686	0.01022	0.00943	0.01452	0.00904	0.04717	0.48819	0.00494	0.33334	0.00439	0.00218	0.00420
64	0.00541	0.00387	0.00518	0.00619	0.00649	0.00363	0.00422	0.00625	0.00845	0.01125	0.02398	0.79719	0.02863	0.01357	0.00559	0.00179	0.00262	0.05809	0.00405	0.00357
65	0.01068	0.01000	0.01701	0.11988	0.71128	0.01020	0.01309	0.01329	0.00984	0.03093	0.00834	0.01098	0.00686	0.00397	0.00432	0.00131	0.00522	0.00390	0.00220	0.00668
66	0.13377	0.05281	0.01189	0.03838	0.02598	0.46150	0.00788	0.09429	0.10761	0.01451	0.00836	0.00915	0.00662	0.00463	0.00384	0.00122	0.00616	0.00314	0.00275	0.00551
67	0.00532	0.00435	0.00471	0.00483	0.00608	0.00374	0.00358	0.00650	0.00998	0.01230	0.11956	0.14795	0.61573	0.01120	0.00523	0.00151	0.00228	0.02731	0.00413	0.00371
68	0.00562	0.00440	0.00505	0.00495	0.00615	0.00387	0.00367	0.00709	0.01082	0.01412	0.37195	0.07152	0.43678	0.02786	0.00553	0.00150	0.00220	0.00872	0.00434	0.00384
69	0.00897	0.03595	0.79254	0.01229	0.01863	0.01032	0.01579	0.03174	0.00946	0.01406	0.00786	0.00920	0.00557	0.00416	0.00413	0.00137	0.00638	0.00322	0.00190	0.00645
70	0.01432	0.01094	0.01185	0.03779	0.01299	0.07660	0.03777	0.41226	0.11836	0.09503	0.01227	0.02678	0.00949	0.05460	0.01898	0.00161	0.00488	0.01658	0.02040	0.00650
71	0.09115	0.00795	0.00976	0.00778	0.01087	0.00765	0.00635	0.07168	0.11914	0.55686	0.05298	0.01490	0.01180	0.00550	0.00428	0.00137	0.00364	0.00442	0.00494	0.00697
72	0.00532	0.00443	0.00467	0.00474	0.00612	0.00378	0.00360	0.00652	0.01002	0.01213	0.08287	0.06933	0.70421	0.01108	0.00522	0.00151	0.00232	0.05434	0.00409	0.00372
73	0.01174	0.83497	0.02267	0.00753	0.01123	0.03134	0.00748	0.01314	0.00892	0.01027	0.00608	0.00701	0.00560	0.00374	0.00282	0.00094	0.00472	0.00234	0.00187	0.00559
74	0.00971	0.00777	0.00864	0.00774	0.00975	0.00849	0.00604	0.12623	0.37755	0.01859	0.24989	0.05786	0.05166	0.00743	0.00476	0.00145	0.00317	0.03299	0.00449	0.00580
75	0.00984	0.00582	0.00734	0.00637	0.00813	0.00550	0.00496	0.08303	0.02435	0.18131	0.52553	0.04021	0.06383	0.00799	0.00492	0.00137	0.00267	0.00690	0.00483	0.00510
76	0.00903	0.00856	0.01452	0.58459	0.27547	0.00990	0.01251	0.01184	0.00910	0.01211	0.00789	0.01137	0.00615	0.00421	0.00435	0.00140	0.00562	0.00388	0.00201	0.00549
77	0.00620	0.00463	0.00675	0.00675	0.00750	0.00530	0.00517	0.00763	0.00706	0.01006	0.01295	0.01883	0.03887	0.09232	0.74139	0.00661	0.01081	0.00495	0.00242	0.00379
78	0.00854	0.00797	0.01328	0.78190	0.06359	0.00981	0.01208	0.03002	0.00905	0.01166	0.00784	0.01156	0.00590	0.00436	0.00436	0.00144	0.00576	0.00388	0.00200	0.00499
79	0.04706	0.01227	0.20066	0.22726	0.27078	0.00997	0.06574	0.02975	0.02249	0.03041	0.00860	0.01134	0.00671	0.00490	0.02277	0.00151	0.00577	0.01373	0.00223	0.00603
80	0.04883	0.01197	0.01498	0.10649	0.40830	0.17632	0.04114	0.02610	0.06590	0.01376	0.00881	0.02946	0.00736	0.00450	0.00439	0.00132	0.01799	0.00391	0.00241	0.00608
81	0.01014	0.00975	0.01597	0.17416	0.59274	0.02932	0.01247	0.01267	0.00954	0.01328	0.00829	0.01128	0.00693	0.00592	0.05860	0.00170	0.01494	0.00391	0.00213	0.00626
82	0.00688	0.00543	0.00764	0.00732	0.00823	0.00633	0.00570	0.00895	0.05360	0.01072	0.01151	0.01672	0.01070	0.06873	0.64296	0.00588	0.07418	0.00462	0.00245	0.04146
83	0.01428	0.03323	0.06922	0.00997	0.01331	0.06770	0.03547	0.35214	0.24743	0.09263	0.01258	0.01224	0.00910	0.00523	0.00433	0.00135	0.00472	0.00414	0.00402	0.00694
84	0.01237	0.28547	0.12146	0.03029	0.02360	0.18364	0.00885	0.10170	0.05692	0.03193	0.00937	0.03118	0.02760	0.00485	0.00411	0.00119	0.03391	0.00347	0.00258	0.02550

[dist]
# distance from previous block
# <min> <max>
3	80

[block]
# block no. 7 follows, 60 sequences, length 24
# corresponding to MSA columns:
# 871-894
name=unknown_H
#
# <colnr> <probs for GDERKNQSTAVLIFYWHMCP>
#	G	D	E	R	K	N	Q	S	T	A	V	L	I	F	Y	W	H	M	C	P
0	0.07381	0.10766	0.02867	0.20949	0.20832	0.00991	0.05907	0.02353	0.02064	0.03451	0.00923	0.05960	0.00801	0.00469	0.00405	0.00127	0.00481	0.01650	0.00245	0.11379
1	0.00921	0.12691	0.02655	0.05276	0.20297	0.03269	0.00788	0.01287	0.15405	0.01342	0.05293	0.09642	0.11736	0.04345	0.00513	0.00146	0.00404	0.00557	0.00310	0.03122
2	0.00608	0.00496	0.00619	0.09021	0.00899	0.00485	0.00495	0.00778	0.02417	0.01300	0.20112	0.11449	0.37900	0.02576	0.00571	0.00158	0.02271	0.07056	0.00392	0.00397
3	0.01291	0.00977	0.01123	0.00914	0.01193	0.01061	0.04207	0.38874	0.21597	0.05475	0.08159	0.04876	0.05874	0.00640	0.00460	0.00140	0.00406	0.01646	0.00433	0.00654
