[name]
unknown

[dist]
# distance from previous block
# <min> <max>
0	192

[block]
# block no. 0 follows, 64 sequences, length 28
# corresponding to MSA columns:
# 199-218,220-227
name=unknown_A
#
# <colnr> <probs for GDERKNQSTAVLIFYWHMCP>
#	G	D	E	R	K	N	Q	S	T	A	V	L	I	F	Y	W	H	M	C	P
0	0.03242	0.00924	0.07395	0.08828	0.01410	0.00766	0.12305	0.04470	0.03802	0.03981	0.00839	0.01022	0.00664	0.00378	0.00390	0.00099	0.02433	0.01460	0.00252	0.45340
1	0.00722	0.00361	0.00541	0.00541	0.00541	0.00361	0.00361	0.00541	0.00541	0.00722	0.00722	0.01263	0.00722	0.01443	0.01623	0.87915	0.00361	0.00361	0.00180	0.00180
2	0.00984	0.01086	0.09404	0.17197	0.46889	0.02443	0.09705	0.03359	0.02467	0.01330	0.00796	0.01042	0.00634	0.00387	0.00418	0.00129	0.00538	0.00377	0.00209	0.00606
3	0.00881	0.00837	0.01421	0.51876	0.34632	0.00948	0.01202	0.01146	0.00876	0.01179	0.00755	0.01076	0.00595	0.00397	0.00414	0.00132	0.00530	0.00370	0.00193	0.00540
4	0.00529	0.00393	0.00536	0.02431	0.03373	0.00372	0.00429	0.00613	0.00807	0.01073	0.02286	0.77189	0.05937	0.01241	0.00522	0.00165	0.00255	0.01124	0.00375	0.00351
5	0.00506	0.00361	0.00482	0.00578	0.00602	0.00337	0.00386	0.00578	0.00795	0.01060	0.02289	0.85131	0.02747	0.01301	0.00530	0.00169	0.00241	0.01181	0.00386	0.00337
6	0.00691	0.00381	0.00571	0.00571	0.00589	0.00399	0.00399	0.00589	0.00571	0.00779	0.00815	0.01351	0.00797	0.01842	0.21229	0.67088	0.00540	0.00381	0.00190	0.00226
7	0.00557	0.00433	0.00602	0.00666	0.03388	0.00407	0.03326	0.00678	0.02213	0.01142	0.08801	0.58280	0.12682	0.02311	0.02297	0.00173	0.00280	0.01021	0.00374	0.00367
8	0.01005	0.00995	0.03082	0.18649	0.47985	0.03732	0.09330	0.02351	0.00941	0.02838	0.00785	0.01042	0.00631	0.00393	0.00445	0.00128	0.03020	0.00376	0.00210	0.02060
9	0.00980	0.01120	0.02451	0.01751	0.02171	0.01050	0.81303	0.01331	0.00980	0.01331	0.00840	0.01120	0.00630	0.00350	0.00490	0.00140	0.00700	0.00490	0.00210	0.00560
10	0.00992	0.30494	0.08587	0.00809	0.03274	0.03290	0.03959	0.01190	0.00878	0.02687	0.00702	0.00816	0.00586	0.00342	0.00315	0.00084	0.00416	0.00260	0.00218	0.40101
11	0.00595	0.00437	0.00628	0.00628	0.00689	0.00498	0.00470	0.00717	0.00656	0.00935	0.01148	0.01830	0.01124	0.18115	0.68874	0.00619	0.00983	0.00474	0.00228	0.00349
12	0.00930	0.03006	0.02646	0.00638	0.01009	0.00595	0.00527	0.01118	0.00882	0.06469	0.00791	0.00891	0.00637	0.00324	0.00315	0.00068	0.00321	0.00258	0.00260	0.78317
13	0.01111	0.85652	0.02177	0.00711	0.01066	0.01644	0.00711	0.01244	0.00844	0.00977	0.00577	0.00666	0.00533	0.00355	0.00267	0.00089	0.00444	0.00222	0.00178	0.00533
14	0.01508	0.01888	0.01157	0.01051	0.01267	0.76751	0.00790	0.01705	0.08007	0.01077	0.00731	0.00817	0.00597	0.00439	0.00379	0.00110	0.00714	0.00285	0.00232	0.00496
15	0.00619	0.00480	0.00706	0.00692	0.00757	0.00574	0.00539	0.00756	0.00662	0.00960	0.01076	0.01621	0.01019	0.06456	0.73704	0.00618	0.07721	0.00445	0.00221	0.00372
16	0.01013	0.00865	0.00917	0.00823	0.01051	0.00993	0.00640	0.03993	0.74377	0.01744	0.06077	0.01663	0.02816	0.00586	0.00427	0.00140	0.00323	0.00490	0.00424	0.00639
17	0.01113	0.79810	0.02103	0.00727	0.01071	0.03883	0.00713	0.01246	0.00849	0.00987	0.00582	0.00678	0.00535	0.00364	0.00293	0.00091	0.02214	0.00227	0.00180	0.02334
18	0.02443	0.00928	0.08632	0.00847	0.04243	0.00734	0.04788	0.10465	0.04463	0.05104	0.05315	0.02883	0.00887	0.00414	0.00365	0.00095	0.00376	0.00348	0.00290	0.46381
19	0.01359	0.11838	0.09819	0.04602	0.05660	0.11978	0.00876	0.36278	0.04168	0.06458	0.00917	0.00970	0.00679	0.00453	0.00387	0.00119	0.00501	0.00340	0.01973	0.00625
20	0.00604	0.00403	0.00453	0.00453	0.00453	0.00403	0.00252	0.00604	0.00604	0.00805	0.01309	0.02718	0.01510	0.85402	0.02114	0.00403	0.00403	0.00604	0.00252	0.00252
21	0.00523	0.00392	0.00509	0.00574	0.00620	0.00378	0.00399	0.00608	0.00813	0.01075	0.04258	0.63288	0.14303	0.01366	0.06377	0.00199	0.02549	0.01053	0.00370	0.00346
22	0.01202	0.10010	0.09832	0.13290	0.14042	0.06702	0.00956	0.25802	0.03107	0.05545	0.03603	0.02371	0.00795	0.00463	0.00399	0.00124	0.00491	0.00372	0.00292	0.00603
23	0.00855	0.01068	0.13722	0.01330	0.04333	0.00871	0.40975	0.01183	0.04389	0.01279	0.05542	0.08380	0.01087	0.07545	0.03708	0.00182	0.02257	0.00536	0.00246	0.00513
24	0.00616	0.00413	0.00559	0.03308	0.00719	0.00394	0.00442	0.00719	0.00876	0.05229	0.14143	0.52279	0.05573	0.01200	0.02778	0.03414	0.00286	0.06302	0.00384	0.00367
25	0.01090	0.02944	0.13058	0.04310	0.39398	0.04982	0.07185	0.09242	0.04347	0.05065	0.00950	0.02559	0.02119	0.00431	0.00415	0.00127	0.00513	0.00392	0.00250	0.00623
26	0.00900	0.04106	0.20427	0.37621	0.13755	0.03742	0.03953	0.01254	0.05033	0.02466	0.00811	0.01053	0.00617	0.00461	0.01991	0.00142	0.00563	0.00358	0.00205	0.00544
27	0.00976	0.01085	0.00850	0.00811	0.00940	0.35113	0.03189	0.01075	0.00961	0.01040	0.01635	0.26835	0.10351	0.07256	0.02194	0.00167	0.02101	0.02727	0.00291	0.00404

[dist]
# distance from previous block
# <min> <max>
3	15

[block]
# block no. 1 follows, 64 sequences, length 52
# corresponding to MSA columns:
# 243-294
name=unknown_B
#
# <colnr> <probs for GDERKNQSTAVLIFYWHMCP>
#	G	D	E	R	K	N	Q	S	T	A	V	L	I	F	Y	W	H	M	C	P
0	0.04838	0.00920	0.06949	0.00961	0.06314	0.02836	0.07017	0.15680	0.04532	0.16536	0.09760	0.02458	0.04287	0.02162	0.06989	0.00174	0.01961	0.00452	0.00348	0.04826
1	0.01056	0.03985	0.04902	0.05422	0.26054	0.09456	0.07394	0.05472	0.08561	0.04197	0.02381	0.01216	0.02586	0.02632	0.02868	0.00146	0.03719	0.00393	0.03013	0.04546
2	0.00946	0.02344	0.04062	0.00774	0.00961	0.02802	0.00639	0.19009	0.08136	0.04930	0.02361	0.01478	0.02767	0.01897	0.44461	0.00413	0.00792	0.00430	0.00300	0.00500
3	0.01363	0.12112	0.01261	0.02945	0.01214	0.09773	0.00734	0.45582	0.04906	0.04042	0.01132	0.01158	0.05590	0.00578	0.02858	0.00134	0.00480	0.00376	0.00348	0.03415
4	0.00624	0.00475	0.00682	0.01747	0.00748	0.00531	0.02241	0.01741	0.00716	0.01008	0.05626	0.03478	0.03274	0.18821	0.53312	0.00525	0.03331	0.00514	0.00248	0.00360
5	0.01754	0.02227	0.04001	0.15246	0.11801	0.02009	0.01561	0.05498	0.02852	0.05012	0.05179	0.09640	0.03187	0.08292	0.00825	0.18247	0.00414	0.00498	0.01329	0.00430
6	0.01045	0.04577	0.04963	0.02577	0.36895	0.02774	0.14868	0.07353	0.05945	0.03513	0.03863	0.01233	0.02614	0.02512	0.00497	0.00136	0.03362	0.00417	0.00254	0.00600
7	0.00591	0.00490	0.00534	0.00558	0.00641	0.05334	0.00398	0.00712	0.00969	0.01262	0.28062	0.37773	0.19028	0.01056	0.00500	0.00147	0.00251	0.00929	0.00398	0.00366
8	0.00671	0.00525	0.00747	0.21878	0.01217	0.00560	0.00606	0.02894	0.00982	0.02338	0.32802	0.08179	0.08041	0.05977	0.07204	0.00197	0.00393	0.04042	0.00343	0.00404
9	0.03040	0.08256	0.02085	0.03295	0.05379	0.10982	0.06828	0.13509	0.03871	0.04259	0.01340	0.13639	0.07043	0.01923	0.08353	0.00187	0.04689	0.00522	0.00296	0.00505
10	0.01125	0.70415	0.03479	0.00860	0.05966	0.04671	0.00769	0.01269	0.00862	0.02769	0.00616	0.00721	0.00552	0.00379	0.00333	0.00097	0.04146	0.00245	0.00188	0.00540
11	0.00698	0.00475	0.00531	0.00513	0.00556	0.00487	0.00322	0.07403	0.03018	0.01050	0.01387	0.10076	0.01524	0.63139	0.01671	0.00332	0.00378	0.00621	0.05501	0.00317
12	0.00967	0.00711	0.00798	0.00714	0.00880	0.00755	0.00542	0.26142	0.12670	0.03440	0.05378	0.22821	0.06748	0.12234	0.00687	0.00179	0.00346	0.03100	0.00388	0.00499
13	0.02393	0.02514	0.02240	0.02902	0.07256	0.05161	0.05076	0.04732	0.04415	0.02391	0.10746	0.42041	0.02799	0.02723	0.00512	0.00153	0.00348	0.00814	0.00347	0.00437
14	0.00576	0.00429	0.00513	0.00494	0.00563	0.00401	0.02691	0.00647	0.00796	0.01036	0.10648	0.07631	0.26958	0.41771	0.01274	0.00267	0.00318	0.00728	0.01946	0.00313
15	0.00741	0.00533	0.00696	0.00648	0.00754	0.00575	0.00497	0.08158	0.00942	0.04682	0.19555	0.06910	0.08008	0.08175	0.32091	0.00359	0.05348	0.00589	0.00326	0.00412
16	0.03254	0.00852	0.07847	0.00862	0.00990	0.05154	0.05529	0.05355	0.00838	0.01176	0.02716	0.19972	0.01337	0.13338	0.02742	0.00205	0.21810	0.03633	0.01963	0.00427
17	0.00897	0.00855	0.01054	0.11573	0.05646	0.08169	0.00798	0.04489	0.07952	0.01188	0.02888	0.03314	0.05426	0.01038	0.13609	0.00232	0.26403	0.03744	0.00253	0.00471
18	0.04023	0.00456	0.00555	0.00554	0.00662	0.00424	0.00403	0.02561	0.00952	0.09575	0.17898	0.34402	0.19782	0.02543	0.00550	0.02748	0.00251	0.00867	0.00400	0.00394
19	0.01047	0.00764	0.00816	0.00735	0.00913	0.06286	0.00569	0.25554	0.01239	0.09102	0.03011	0.28284	0.09550	0.00914	0.02596	0.00157	0.00378	0.05334	0.02253	0.00501
20	0.01214	0.01306	0.00955	0.00890	0.02440	0.41208	0.00659	0.08022	0.12022	0.01321	0.03116	0.09394	0.03995	0.02646	0.00441	0.00127	0.00520	0.00447	0.08784	0.00491
21	0.00804	0.00642	0.00734	0.00702	0.02360	0.00668	0.01557	0.05242	0.29710	0.03858	0.09185	0.17993	0.23178	0.00844	0.00467	0.00144	0.00285	0.00726	0.00404	0.00497
22	0.07484	0.00686	0.00782	0.00695	0.00876	0.00713	0.00544	0.24760	0.01220	0.10163	0.09508	0.22041	0.02932	0.04264	0.00515	0.00152	0.00333	0.06716	0.05115	0.00501
23	0.00594	0.00431	0.00516	0.00545	0.00604	0.00413	0.00371	0.05057	0.00865	0.01137	0.07354	0.41588	0.15030	0.21032	0.00890	0.00215	0.00286	0.02369	0.00360	0.00344
24	0.00620	0.00454	0.00553	0.00546	0.00653	0.00427	0.00415	0.00816	0.04793	0.02960	0.37350	0.06517	0.21699	0.08816	0.00650	0.00168	0.00255	0.11516	0.00408	0.00384
25	0.00735	0.02572	0.02519	0.00644	0.00762	0.06308	0.00505	0.02610	0.00844	0.03526	0.08235	0.02147	0.15859	0.11122	0.33914	0.00375	0.03674	0.00537	0.02719	0.00393
26	0.02974	0.00416	0.00476	0.00491	0.00592	0.00375	0.00357	0.00668	0.00959	0.01280	0.24113	0.24458	0.37074	0.01030	0.00489	0.00144	0.00217	0.00891	0.02634	0.00362
27	0.00811	0.00643	0.00677	0.00630	0.00782	0.05384	0.00484	0.04910	0.15693	0.04692	0.28293	0.05410	0.18342	0.02782	0.00501	0.00142	0.00290	0.05147	0.03929	0.00458
28	0.00603	0.00405	0.00466	0.00466	0.00470	0.00410	0.00268	0.00612	0.00608	0.00815	0.01297	0.02653	0.01482	0.80492	0.06986	0.00419	0.00445	0.00595	0.00250	0.00259
29	0.02627	0.00785	0.05709	0.00732	0.00944	0.02195	0.00603	0.08554	0.22281	0.12859	0.08927	0.08909	0.07156	0.04485	0.09233	0.00203	0.00423	0.00552	0.02290	0.00534
30	0.34156	0.00595	0.00629	0.00598	0.00752	0.00649	0.00458	0.02364	0.00769	0.08843	0.01187	0.18044	0.01164	0.05815	0.18642	0.03620	0.00488	0.00511	0.00298	0.00417
31	0.00526	0.00415	0.00457	0.00468	0.00567	0.00370	0.00332	0.00633	0.01829	0.01125	0.10868	0.16148	0.49393	0.12887	0.01964	0.00188	0.00255	0.00862	0.00372	0.00343
32	0.00629	0.00502	0.00691	0.00687	0.00757	0.02944	0.00530	0.00766	0.00687	0.00970	0.01150	0.06582	0.01116	0.04586	0.71280	0.00596	0.04440	0.00484	0.00231	0.00373
33	0.00940	0.04373	0.06690	0.07307	0.04799	0.06463	0.03869	0.09341	0.03322	0.03269	0.01937	0.06014	0.02289	0.02964	0.19120	0.00264	0.15856	0.00441	0.00254	0.00490
34	0.00781	0.04419	0.02720	0.02691	0.04565	0.03123	0.02417	0.03296	0.05631	0.02747	0.01165	0.10685	0.01116	0.04343	0.40324	0.00402	0.08380	0.00501	0.00256	0.00439
35	0.07208	0.10216	0.08659	0.04983	0.24491	0.14284	0.03675	0.02188	0.00902	0.01224	0.00765	0.04117	0.00675	0.00578	0.04005	0.00151	0.10769	0.00359	0.00211	0.00538
36	0.00741	0.00490	0.00730	0.04399	0.07049	0.00512	0.01940	0.00797	0.04059	0.02502	0.04088	0.03363	0.03785	0.04400	0.17374	0.39565	0.00514	0.00445	0.02917	0.00329
37	0.02963	0.37179	0.06499	0.04403	0.01276	0.27739	0.00816	0.10715	0.01074	0.01222	0.00663	0.00767	0.00553	0.00408	0.00354	0.00106	0.02239	0.00268	0.00219	0.00535
38	0.00926	0.00717	0.00841	0.00621	0.00952	0.00565	0.00490	0.03823	0.00907	0.07102	0.00952	0.02532	0.02660	0.05441	0.00435	0.00092	0.00318	0.00315	0.00277	0.70035
39	0.00643	0.02503	0.02389	0.03744	0.03049	0.00485	0.00481	0.00823	0.04086	0.03337	0.16662	0.21766	0.24920	0.04296	0.00545	0.00154	0.00278	0.05695	0.02119	0.02025
40	0.00771	0.00573	0.00760	0.05212	0.04618	0.00542	0.01800	0.01888	0.03880	0.05930	0.09277	0.08693	0.12215	0.08692	0.11013	0.05382	0.00424	0.00554	0.00308	0.17469
41	0.00730	0.00572	0.00672	0.00583	0.00773	0.00502	0.00431	0.02509	0.05707	0.02423	0.06760	0.17873	0.10197	0.12663	0.03543	0.00171	0.00324	0.00601	0.00319	0.32650
42	0.01190	0.00783	0.00926	0.00871	0.05880	0.00832	0.00641	0.02871	0.43823	0.22212	0.02863	0.03604	0.02644	0.03087	0.00473	0.00144	0.00338	0.02234	0.03958	0.00625
43	0.11251	0.00596	0.00661	0.00613	0.00784	0.00600	0.00475	0.06704	0.09511	0.11812	0.09993	0.16795	0.18828	0.01780	0.00465	0.00145	0.00286	0.05069	0.03164	0.00468
44	0.10181	0.00589	0.00688	0.00608	0.00786	0.00572	0.02417	0.07102	0.02997	0.12532	0.16498	0.10028	0.19160	0.06243	0.00547	0.00152	0.00294	0.02387	0.03182	0.03041
45	0.04372	0.00757	0.00852	0.00747	0.00948	0.00805	0.00588	0.28162	0.12114	0.06874	0.11242	0.19411	0.05203	0.00776	0.00456	0.00142	0.00337	0.05259	0.00412	0.00541
46	0.01237	0.00964	0.01034	0.00871	0.01134	0.01084	0.00693	0.33548	0.43632	0.03843	0.01450	0.06315	0.01128	0.00581	0.00426	0.00136	0.00375	0.00473	0.00420	0.00659
47	0.04042	0.00583	0.00664	0.00599	0.00762	0.00576	0.00455	0.10373	0.06852	0.13242	0.11499	0.14969	0.18367	0.07533	0.00578	0.00157	0.00289	0.00671	0.07324	0.00467
48	0.03759	0.00450	0.00528	0.00536	0.00623	0.00433	0.00381	0.04346	0.00926	0.03060	0.16796	0.31675	0.14489	0.12341	0.00697	0.00180	0.00264	0.01845	0.06302	0.00370
49	0.02606	0.00843	0.00932	0.00775	0.01024	0.00902	0.00619	0.29620	0.22152	0.12505	0.09391	0.04674	0.08868	0.00628	0.00430	0.00132	0.00347	0.00513	0.02431	0.00606
50	0.00697	0.00485	0.00579	0.00580	0.00672	0.00472	0.00415	0.06731	0.04006	0.04818	0.11168	0.32245	0.14013	0.16561	0.00796	0.00198	0.00292	0.04508	0.00378	0.00387
51	0.03146	0.00492	0.00582	0.00551	0.00684	0.00456	0.00408	0.03182	0.02314	0.06199	0.15327	0.21618	0.18286	0.06050	0.03466	0.01671	0.00291	0.01517	0.05234	0.08524

[dist]
# distance from previous block
# <min> <max>
2	181

[block]
# block no. 2 follows, 64 sequences, length 53
# corresponding to MSA columns:
# 476-528
name=unknown_C
#
# <colnr> <probs for GDERKNQSTAVLIFYWHMCP>
#	G	D	E	R	K	N	Q	S	T	A	V	L	I	F	Y	W	H	M	C	P
0	0.06499	0.07177	0.01229	0.08545	0.06415	0.09186	0.05228	0.20177	0.03124	0.04856	0.06416	0.02202	0.00931	0.01837	0.06659	0.00171	0.06369	0.00393	0.00293	0.02293
1	0.06309	0.00744	0.02705	0.16482	0.04916	0.01905	0.01501	0.10872	0.05504	0.06573	0.09904	0.07262	0.07702	0.07284	0.02614	0.00170	0.02095	0.02664	0.00323	0.02470
2	0.00846	0.00698	0.02252	0.13536	0.03015	0.04402	0.03080	0.06841	0.07977	0.04742	0.04982	0.22634	0.02969	0.11345	0.00722	0.04492	0.00394	0.02578	0.00318	0.02177
3	0.02938	0.02687	0.08953	0.06143	0.01122	0.06111	0.03334	0.09785	0.03504	0.05552	0.12413	0.18193	0.05553	0.02166	0.00504	0.00145	0.02668	0.05429	0.00337	0.02465
4	0.01260	0.04477	0.02297	0.02179	0.05266	0.24657	0.02258	0.14572	0.17115	0.04660	0.02602	0.01082	0.00817	0.00544	0.02130	0.00135	0.08011	0.00360	0.00301	0.05279
5	0.00579	0.00402	0.00502	0.00536	0.00596	0.00375	0.00375	0.00666	0.00858	0.02505	0.15280	0.34392	0.15131	0.15007	0.00818	0.03490	0.00271	0.06422	0.01459	0.00338
6	0.01009	0.00967	0.01651	0.09113	0.76400	0.00982	0.01265	0.01258	0.00937	0.01333	0.00778	0.01034	0.00650	0.00374	0.00412	0.00125	0.00498	0.00370	0.00204	0.00642
7	0.03234	0.01092	0.01178	0.00912	0.01230	0.01192	0.00749	0.70996	0.01814	0.04658	0.01053	0.04719	0.00797	0.00525	0.00413	0.00124	0.00436	0.00403	0.00407	0.04068
8	0.01185	0.00850	0.00943	0.00775	0.01006	0.02162	0.00612	0.36414	0.08274	0.07312	0.05126	0.03643	0.01114	0.10390	0.09754	0.00213	0.00473	0.00449	0.02988	0.06316
9	0.02556	0.00440	0.00545	0.00571	0.00672	0.00406	0.00432	0.00776	0.00932	0.07040	0.12853	0.29957	0.23226	0.03122	0.00547	0.00162	0.00266	0.14716	0.00397	0.00382
10	0.00517	0.00401	0.00471	0.00498	0.00588	0.00355	0.00356	0.00629	0.00941	0.01214	0.19900	0.32611	0.37838	0.01098	0.00505	0.00148	0.00218	0.00958	0.00401	0.00355
11	0.00500	0.00419	0.00436	0.00441	0.00572	0.00355	0.00330	0.00610	0.00951	0.01149	0.08055	0.08114	0.72908	0.01056	0.00495	0.00142	0.00215	0.02510	0.00389	0.00353
12	0.00742	0.00593	0.00649	0.00623	0.00772	0.01735	0.00471	0.04698	0.21755	0.03090	0.13011	0.18223	0.27659	0.00906	0.00477	0.00145	0.00271	0.03316	0.00406	0.00458
13	0.00635	0.00433	0.00501	0.00507	0.00529	0.00435	0.00313	0.04146	0.00706	0.00941	0.01475	0.14573	0.01692	0.65876	0.01744	0.00348	0.00381	0.04190	0.00284	0.00290
14	0.00996	0.00677	0.00779	0.00708	0.00905	0.00703	0.00560	0.06784	0.28353	0.14554	0.05277	0.07806	0.16573	0.00823	0.02372	0.00156	0.00330	0.09402	0.01702	0.00540
15	0.00568	0.00422	0.00541	0.00609	0.00685	0.00400	0.00466	0.00711	0.02499	0.01171	0.06500	0.39755	0.17367	0.01171	0.00532	0.00168	0.00279	0.25405	0.00389	0.00363
16	0.00574	0.00410	0.00526	0.00595	0.00636	0.00396	0.00403	0.05329	0.00855	0.01140	0.02169	0.76416	0.02571	0.05104	0.00596	0.00177	0.00261	0.01107	0.00381	0.00355
17	0.02342	0.00699	0.00751	0.00690	0.00877	0.01875	0.00533	0.03906	0.38082	0.05532	0.13227	0.07737	0.18597	0.00757	0.00453	0.00141	0.00292	0.02568	0.00415	0.00528
18	0.00547	0.00379	0.00494	0.00560	0.00597	0.00355	0.00376	0.00629	0.00830	0.02480	0.11272	0.65149	0.04251	0.09186	0.00673	0.00185	0.00253	0.01059	0.00383	0.00342
19	0.01563	0.01136	0.01223	0.00944	0.01271	0.01254	0.00778	0.75170	0.05637	0.05201	0.01050	0.01036	0.00743	0.00502	0.00416	0.00126	0.00448	0.00380	0.00419	0.00704
20	0.00861	0.00738	0.00861	0.00615	0.00984	0.00554	0.00492	0.01046	0.00861	0.01354	0.00738	0.00861	0.00615	0.00308	0.00308	0.00062	0.00308	0.00246	0.00246	0.87941
21	0.00617	0.00449	0.00557	0.00526	0.00640	0.00417	0.00396	0.00837	0.04706	0.03338	0.61930	0.05418	0.16857	0.00876	0.00487	0.00134	0.00209	0.00764	0.00443	0.00402
22	0.00511	0.00366	0.00478	0.00564	0.00592	0.00342	0.00375	0.00581	0.00790	0.01048	0.02314	0.76724	0.06114	0.06305	0.00623	0.00181	0.00249	0.01133	0.00378	0.00333
23	0.00996	0.00985	0.03605	0.11547	0.69488	0.00981	0.01249	0.01280	0.03388	0.01335	0.00803	0.01049	0.00662	0.00382	0.00412	0.00126	0.00498	0.00371	0.00209	0.00635
24	0.01544	0.01146	0.01227	0.00949	0.01275	0.01272	0.00781	0.76291	0.07146	0.02561	0.01042	0.01033	0.00743	0.00503	0.00416	0.00126	0.00449	0.00380	0.00416	0.00703
25	0.00506	0.00361	0.00482	0.00578	0.00602	0.00337	0.00386	0.00578	0.00795	0.01060	0.02289	0.85131	0.02747	0.01301	0.00530	0.00169	0.00241	0.01181	0.00386	0.00337
26	0.01309	0.01029	0.01094	0.00901	0.01185	0.01162	0.00724	0.42218	0.41601	0.02182	0.01340	0.01271	0.00984	0.00531	0.00419	0.00133	0.00394	0.00421	0.00419	0.00682
27	0.00951	0.02999	0.06881	0.28856	0.36650	0.06311	0.05051	0.01213	0.00912	0.01215	0.00795	0.01124	0.00653	0.00465	0.02164	0.00141	0.00557	0.02300	0.00202	0.00559
28	0.01341	0.01045	0.01113	0.00908	0.01198	0.01177	0.00732	0.46956	0.36810	0.02235	0.01299	0.01238	0.00951	0.00527	0.00419	0.00132	0.00401	0.00416	0.00419	0.00685
29	0.01068	0.00906	0.00958	0.00852	0.01092	0.01043	0.00667	0.08039	0.74818	0.01795	0.01648	0.01560	0.01245	0.00568	0.00425	0.00141	0.00339	0.01760	0.00421	0.00657
30	0.01641	0.01041	0.01168	0.00898	0.01226	0.01110	0.00741	0.59531	0.03366	0.23181	0.01175	0.01115	0.00800	0.00504	0.00416	0.00126	0.00428	0.00387	0.00441	0.00706
31	0.01532	0.01128	0.01213	0.00939	0.01258	0.01246	0.00772	0.77849	0.01902	0.02549	0.01054	0.04719	0.00797	0.00534	0.00421	0.00127	0.00448	0.00410	0.00414	0.00690
32	0.01128	0.82405	0.02138	0.00725	0.01075	0.04829	0.00714	0.01260	0.00857	0.00979	0.00580	0.00670	0.00533	0.00358	0.00271	0.00090	0.00456	0.00224	0.00179	0.00531
33	0.01579	0.01163	0.01247	0.00956	0.01288	0.01288	0.00789	0.81426	0.01953	0.02618	0.00997	0.00997	0.00706	0.00499	0.00416	0.00125	0.00457	0.00374	0.00416	0.00706
34	0.00497	0.00421	0.00429	0.00427	0.00565	0.00353	0.00320	0.00607	0.00960	0.01154	0.08791	0.03945	0.78040	0.01040	0.00491	0.00140	0.00210	0.00869	0.00390	0.00353
35	0.00718	0.00363	0.00545	0.00545	0.00547	0.00365	0.00365	0.00547	0.00545	0.00728	0.00732	0.01273	0.00730	0.01488	0.03837	0.85564	0.00381	0.00363	0.00182	0.00186
36	0.01475	0.00906	0.00981	0.00816	0.01090	0.07436	0.00650	0.07527	0.32496	0.38029	0.01529	0.01409	0.01068	0.02089	0.00447	0.00136	0.00383	0.00426	0.00443	0.00661
37	0.00505	0.00381	0.00466	0.00529	0.00588	0.00344	0.00363	0.00589	0.00845	0.01088	0.04777	0.58340	0.25739	0.02703	0.00546	0.00164	0.00234	0.01073	0.00385	0.00341
38	0.01606	0.01121	0.01220	0.00935	0.01267	0.01225	0.00773	0.74018	0.01882	0.10126	0.01057	0.01036	0.00736	0.00500	0.00416	0.00125	0.00447	0.00378	0.00425	0.00706
39	0.03075	0.00536	0.00597	0.00544	0.00655	0.00545	0.00385	0.08418	0.05240	0.09504	0.04798	0.05461	0.02813	0.34638	0.01075	0.00234	0.00331	0.00533	0.20211	0.00408
40	0.02552	0.00400	0.00528	0.00526	0.00567	0.00393	0.00363	0.00633	0.02644	0.00908	0.04776	0.03432	0.13605	0.05215	0.01301	0.57728	0.00326	0.01818	0.02038	0.00247
41	0.00512	0.00368	0.00481	0.00570	0.00600	0.00343	0.00382	0.00585	0.00798	0.01057	0.02342	0.76688	0.06496	0.04444	0.00589	0.00177	0.00248	0.02604	0.00381	0.00336
42	0.02728	0.00791	0.00770	0.00697	0.00881	0.06150	0.00536	0.07572	0.38497	0.01653	0.03173	0.02976	0.01193	0.03812	0.00444	0.00134	0.00323	0.00443	0.26689	0.00537
43	0.00709	0.00451	0.00542	0.00536	0.00652	0.00412	0.00395	0.02074	0.02133	0.09908	0.16490	0.26087	0.25740	0.03458	0.00527	0.00151	0.00245	0.02459	0.06629	0.00402
44	0.00918	0.00494	0.00626	0.00581	0.00705	0.00462	0.00425	0.02324	0.02436	0.21243	0.13238	0.19611	0.07331	0.17125	0.02402	0.03154	0.00317	0.01963	0.04215	0.00430
45	0.01131	0.01306	0.00953	0.00893	0.01046	0.47178	0.00678	0.01256	0.00953	0.00994	0.00849	0.01137	0.00756	0.01609	0.37004	0.00353	0.00909	0.00346	0.00218	0.00433
46	0.00721	0.00508	0.00604	0.00573	0.00707	0.00486	0.00433	0.04896	0.07804	0.06850	0.31258	0.17250	0.23023	0.00921	0.00485	0.00141	0.00245	0.02240	0.00424	0.00430
47	0.04106	0.00499	0.00580	0.00576	0.00681	0.01928	0.00421	0.03267	0.02964	0.06746	0.15665	0.27912	0.14800	0.07512	0.05089	0.01818	0.00321	0.02611	0.02112	0.00394
48	0.00987	0.00676	0.00754	0.00656	0.00804	0.00721	0.00485	0.24291	0.07861	0.05034	0.04936	0.05940	0.01340	0.30299	0.04693	0.00247	0.00404	0.00525	0.08883	0.00466
49	0.00849	0.00815	0.00883	0.00811	0.00904	0.11154	0.00642	0.03433	0.05018	0.01188	0.07776	0.09904	0.13734	0.00980	0.06805	0.00191	0.27015	0.05047	0.02420	0.00432
50	0.01243	0.35936	0.06848	0.00860	0.03349	0.01294	0.00765	0.28349	0.03410	0.05672	0.00876	0.01016	0.00713	0.06272	0.01593	0.00137	0.00459	0.00328	0.00288	0.00591
51	0.00788	0.00603	0.00776	0.03263	0.02443	0.01965	0.00568	0.08284	0.08342	0.02424	0.03248	0.08713	0.01181	0.01925	0.42432	0.04327	0.00739	0.00489	0.02037	0.05451
52	0.08971	0.01012	0.05472	0.02972	0.01185	0.04211	0.02602	0.27218	0.12397	0.09381	0.03007	0.05859	0.00957	0.02233	0.00524	0.00139	0.07848	0.00427	0.00351	0.03236

[dist]
# distance from previous block
# <min> <max>
0	85

[block]
# block no. 3 follows, 64 sequences, length 48
# corresponding to MSA columns:
# 614-661
name=unknown_D
#
# <colnr> <probs for GDERKNQSTAVLIFYWHMCP>
#	G	D	E	R	K	N	Q	S	T	A	V	L	I	F	Y	W	H	M	C	P
0	0.00923	0.00825	0.03977	0.03884	0.11163	0.01679	0.04668	0.14223	0.10417	0.01416	0.01119	0.06378	0.01001	0.07127	0.21927	0.00290	0.04938	0.00465	0.00282	0.03298
1	0.01032	0.02856	0.03406	0.14373	0.17606	0.06655	0.05328	0.10815	0.11449	0.01472	0.03281	0.01283	0.00875	0.00467	0.00422	0.00123	0.01763	0.04096	0.00275	0.12422
2	0.01248	0.00994	0.01081	0.02571	0.04168	0.05149	0.00692	0.38107	0.05089	0.03994	0.00993	0.04924	0.00794	0.00470	0.00385	0.00107	0.00410	0.00371	0.00341	0.28113
3	0.00899	0.00976	0.00732	0.00687	0.00851	0.28091	0.00516	0.01102	0.07634	0.01202	0.12287	0.04528	0.37338	0.00786	0.00448	0.00129	0.00398	0.00633	0.00340	0.00424
4	0.00543	0.00404	0.00495	0.00528	0.00595	0.00374	0.00367	0.00669	0.02689	0.01206	0.21573	0.40118	0.18502	0.09166	0.00662	0.00176	0.00242	0.00949	0.00391	0.00352
5	0.01506	0.01114	0.01228	0.00986	0.04402	0.01206	0.00781	0.70483	0.01813	0.03974	0.00980	0.00995	0.00703	0.00479	0.00407	0.00120	0.00445	0.00365	0.00396	0.07617
6	0.00987	0.00861	0.00985	0.01014	0.10587	0.00967	0.00707	0.01954	0.64980	0.01639	0.01766	0.01737	0.06671	0.00589	0.00430	0.00140	0.00342	0.02622	0.00394	0.00630
7	0.01552	0.01980	0.01177	0.01070	0.01284	0.83735	0.00803	0.01659	0.01177	0.01017	0.00642	0.00749	0.00535	0.00428	0.00375	0.00107	0.00749	0.00268	0.00214	0.00482
8	0.00511	0.00397	0.00466	0.00507	0.00592	0.00352	0.00362	0.00613	0.00904	0.01150	0.10795	0.38778	0.38742	0.01142	0.00510	0.00153	0.00227	0.03055	0.00392	0.00350
9	0.01037	0.00659	0.00783	0.00709	0.00878	0.00667	0.00538	0.23859	0.03011	0.14464	0.01910	0.41698	0.06203	0.00919	0.00475	0.00148	0.00321	0.00798	0.00415	0.00509
10	0.00541	0.00392	0.00497	0.00548	0.00601	0.00366	0.00382	0.00639	0.00869	0.01157	0.16657	0.46400	0.11849	0.10962	0.00706	0.00187	0.00258	0.06266	0.00383	0.00342
11	0.01599	0.00881	0.01040	0.00817	0.01116	0.00896	0.00670	0.36733	0.03547	0.37699	0.01383	0.04441	0.00987	0.00550	0.00419	0.00129	0.00388	0.02036	0.03997	0.00672
12	0.01441	0.01678	0.03488	0.00983	0.01202	0.62999	0.00762	0.01566	0.01138	0.08874	0.03727	0.03044	0.04430	0.00505	0.00414	0.00115	0.02527	0.00351	0.00261	0.00494
13	0.07350	0.00620	0.00779	0.00652	0.00870	0.00582	0.00521	0.06666	0.01181	0.36656	0.32245	0.05258	0.02152	0.00672	0.00441	0.00132	0.00295	0.01919	0.00461	0.00550
14	0.00909	0.00601	0.00670	0.00602	0.00796	0.00581	0.00467	0.04892	0.17607	0.16640	0.02943	0.08065	0.41892	0.00842	0.00462	0.00139	0.00275	0.00704	0.00419	0.00495
15	0.00600	0.00425	0.00551	0.00529	0.00628	0.00391	0.00396	0.00780	0.01130	0.02978	0.69194	0.09446	0.08116	0.00895	0.00493	0.00135	0.00206	0.02267	0.00447	0.00391
16	0.00506	0.00361	0.00482	0.00578	0.00602	0.00337	0.00386	0.00578	0.00795	0.01060	0.02289	0.85131	0.02747	0.01301	0.00530	0.00169	0.00241	0.01181	0.00386	0.00337
17	0.03720	0.00764	0.00990	0.00761	0.01082	0.00700	0.00629	0.11623	0.01271	0.71576	0.01538	0.01347	0.00977	0.00509	0.00414	0.00128	0.00365	0.00408	0.00497	0.00701
18	0.01579	0.01163	0.01247	0.00956	0.01288	0.01288	0.00789	0.81426	0.01953	0.02618	0.00997	0.00997	0.00706	0.00499	0.00416	0.00125	0.00457	0.00374	0.00416	0.00706
19	0.00792	0.00753	0.01291	0.81309	0.02835	0.00928	0.04155	0.01071	0.00836	0.01071	0.00742	0.01108	0.00557	0.00413	0.00418	0.00138	0.00559	0.00374	0.00186	0.00465
20	0.00514	0.00365	0.00480	0.00569	0.00591	0.00342	0.00375	0.00580	0.00780	0.01041	0.02213	0.78734	0.02651	0.07829	0.00653	0.00187	0.00254	0.01136	0.00375	0.00331
21	0.02422	0.05059	0.07222	0.06677	0.03275	0.22547	0.02909	0.26311	0.02374	0.03251	0.00924	0.04016	0.01750	0.00555	0.02583	0.00135	0.02938	0.00369	0.00289	0.04395
22	0.01364	0.01047	0.01120	0.00906	0.01196	0.01172	0.00732	0.52963	0.27741	0.02278	0.01267	0.04213	0.00961	0.00549	0.00422	0.00131	0.00408	0.00434	0.00417	0.00677
23	0.02744	0.03581	0.01072	0.00885	0.01148	0.13168	0.00701	0.19893	0.44018	0.03917	0.01301	0.01244	0.00974	0.00511	0.00403	0.00128	0.00422	0.00399	0.00378	0.03112
24	0.03245	0.00728	0.03121	0.02171	0.00960	0.01752	0.00602	0.06135	0.28123	0.06039	0.07453	0.18960	0.03665	0.00846	0.02625	0.00160	0.00350	0.09167	0.00388	0.03511
25	0.01221	0.15785	0.11823	0.01186	0.03895	0.01119	0.23604	0.13706	0.01103	0.15135	0.00918	0.01024	0.00674	0.00434	0.00476	0.00128	0.06505	0.00379	0.00281	0.00604
26	0.00791	0.00470	0.00620	0.00557	0.00691	0.00427	0.00427	0.00981	0.01178	0.14631	0.69703	0.02834	0.03459	0.00796	0.00478	0.00130	0.00221	0.00698	0.00466	0.00442
27	0.00604	0.00404	0.00459	0.00459	0.00461	0.00406	0.00260	0.00608	0.00606	0.00810	0.01303	0.02686	0.01496	0.82990	0.04508	0.00410	0.00424	0.00599	0.00251	0.00255
28	0.00880	0.00507	0.00565	0.00519	0.00646	0.00516	0.01390	0.10960	0.01012	0.03990	0.05363	0.03890	0.01259	0.04288	0.00457	0.02612	0.00260	0.03504	0.56957	0.00425
29	0.00604	0.00404	0.00461	0.00461	0.00463	0.00407	0.00261	0.00609	0.00606	0.00811	0.01302	0.02679	0.01493	0.82431	0.05062	0.00412	0.00428	0.00598	0.00251	0.00256
30	0.00571	0.00426	0.00525	0.00566	0.00647	0.00398	0.00413	0.03755	0.00944	0.01237	0.13818	0.43495	0.21754	0.01134	0.00515	0.00157	0.00249	0.08633	0.00396	0.00367
31	0.00571	0.00417	0.00530	0.00581	0.00636	0.00404	0.00405	0.01922	0.04466	0.01192	0.13930	0.55025	0.05773	0.07029	0.02055	0.00186	0.00272	0.03857	0.00386	0.00362
32	0.02179	0.00413	0.00451	0.00459	0.00516	0.00388	0.00295	0.00615	0.00757	0.00982	0.04500	0.11729	0.29302	0.44134	0.01320	0.00277	0.00313	0.00754	0.00317	0.00302
33	0.01263	0.00717	0.00803	0.00659	0.00883	0.00740	0.00530	0.27015	0.03358	0.19098	0.03690	0.01389	0.01031	0.00508	0.00367	0.00115	0.00315	0.00402	0.36554	0.00564
34	0.00571	0.00431	0.00467	0.00461	0.00594	0.00369	0.00344	0.00683	0.00960	0.05058	0.10933	0.09076	0.63248	0.03292	0.00535	0.00148	0.00225	0.01843	0.00395	0.00368
35	0.00901	0.01443	0.30955	0.01473	0.01944	0.00979	0.48223	0.01286	0.00947	0.01325	0.02742	0.01186	0.03737	0.00403	0.00456	0.00137	0.00640	0.00446	0.00210	0.00568
36	0.00628	0.00446	0.00546	0.00547	0.00647	0.00416	0.00399	0.02569	0.03342	0.04401	0.31310	0.27167	0.20028	0.03480	0.00545	0.00153	0.00237	0.02338	0.00414	0.00389
37	0.01322	0.01540	0.01064	0.00955	0.01141	0.56665	0.02790	0.04336	0.03095	0.01129	0.00816	0.01043	0.00702	0.06281	0.05122	0.00161	0.03129	0.00328	0.07915	0.00465
38	0.24270	0.00523	0.00501	0.00479	0.00640	0.00516	0.00369	0.00803	0.00924	0.01431	0.19003	0.05053	0.42414	0.00837	0.00428	0.00136	0.00238	0.00683	0.00365	0.00385
39	0.00519	0.00384	0.00481	0.00543	0.00598	0.00351	0.00375	0.00610	0.00858	0.01126	0.10237	0.56430	0.18412	0.04184	0.00576	0.00168	0.00240	0.03178	0.00388	0.00343
40	0.00543	0.00384	0.00482	0.00543	0.00572	0.00365	0.00359	0.00606	0.00766	0.01014	0.03883	0.51707	0.06496	0.25060	0.00978	0.00234	0.00291	0.05051	0.00349	0.00317
41	0.00859	0.00738	0.00873	0.03178	0.01042	0.00565	0.00512	0.01046	0.00860	0.01345	0.00738	0.00869	0.00613	0.00311	0.00311	0.00064	0.00315	0.00250	0.00244	0.85265
42	0.00825	0.00689	0.00797	0.05473	0.05329	0.06720	0.01667	0.05837	0.09463	0.03777	0.06835	0.17807	0.11150	0.09008	0.06800	0.00208	0.00425	0.06405	0.00339	0.00445
43	0.00578	0.00406	0.00492	0.00507	0.00541	0.00403	0.00329	0.00633	0.00717	0.00958	0.06744	0.15691	0.09310	0.47362	0.11223	0.00351	0.00430	0.02727	0.00298	0.00300
44	0.00984	0.31215	0.16026	0.00789	0.01093	0.10711	0.00767	0.02301	0.03978	0.03489	0.07895	0.06981	0.07731	0.03824	0.00440	0.00127	0.00449	0.00435	0.00260	0.00503
45	0.02078	0.00929	0.02299	0.13609	0.09572	0.14705	0.05521	0.05118	0.03354	0.06339	0.06581	0.06307	0.06106	0.12744	0.01960	0.00178	0.01341	0.00499	0.00284	0.00476
46	0.02844	0.00718	0.00864	0.09610	0.07098	0.04592	0.00614	0.15831	0.02008	0.01315	0.03056	0.05945	0.03609	0.17069	0.06860	0.13510	0.00471	0.00476	0.00275	0.03237
47	0.02024	0.00667	0.00698	0.00673	0.00799	0.05993	0.00497	0.10588	0.12413	0.02481	0.07842	0.35437	0.08279	0.04443	0.00550	0.00157	0.01580	0.00781	0.03650	0.00447

[dist]
# distance from previous block
# <min> <max>
2	29

[block]
# block no. 4 follows, 64 sequences, length 15
# corresponding to MSA columns:
# 691,692,696-708
name=unknown_E
#
# <colnr> <probs for GDERKNQSTAVLIFYWHMCP>
#	G	D	E	R	K	N	Q	S	T	A	V	L	I	F	Y	W	H	M	C	P
0	0.00752	0.00515	0.00621	0.00606	0.00718	0.00517	0.00449	0.04975	0.09723	0.06539	0.14261	0.22681	0.10203	0.11449	0.05486	0.00209	0.00336	0.05777	0.03764	0.00420
1	0.02927	0.00617	0.00697	0.00623	0.00770	0.00630	0.00456	0.12244	0.11532	0.08921	0.09464	0.11109	0.09360	0.25666	0.00937	0.00214	0.00337	0.00622	0.00368	0.02507
2	0.05842	0.00647	0.00727	0.00657	0.00829	0.00666	0.00508	0.17266	0.08236	0.08089	0.10915	0.17547	0.13753	0.05174	0.00540	0.00155	0.00311	0.04750	0.02908	0.00483
3	0.03009	0.00553	0.00612	0.00596	0.00723	0.02217	0.00442	0.02375	0.13548	0.05819	0.14152	0.19973	0.19969	0.08328	0.00618	0.00168	0.00283	0.04374	0.01816	0.00426
4	0.04417	0.04429	0.03181	0.00740	0.00923	0.07592	0.02166	0.12417	0.11945	0.03673	0.10711	0.09664	0.03532	0.11780	0.05386	0.00199	0.00430	0.04198	0.02139	0.00479
5	0.04214	0.01003	0.00926	0.00828	0.00978	0.21554	0.02271	0.08495	0.04297	0.03528	0.09128	0.11605	0.09286	0.03591	0.00634	0.00148	0.13389	0.02010	0.01654	0.00462
6	0.10509	0.00562	0.00650	0.00604	0.00767	0.00551	0.00465	0.03258	0.07101	0.16120	0.16711	0.17394	0.15714	0.02954	0.00497	0.00149	0.00281	0.04844	0.00408	0.00463
7	0.00734	0.00530	0.00624	0.00573	0.00712	0.00519	0.00435	0.07438	0.08335	0.04498	0.42606	0.07532	0.18142	0.03111	0.00517	0.00142	0.00245	0.00721	0.02148	0.00437
8	0.01033	0.15196	0.03249	0.00709	0.00927	0.09344	0.00593	0.10672	0.03065	0.09401	0.26620	0.04619	0.05158	0.00743	0.04152	0.00145	0.00399	0.00511	0.02964	0.00501
9	0.02786	0.00499	0.00658	0.03040	0.00776	0.00553	0.00489	0.02611	0.06725	0.01175	0.11990	0.03832	0.02891	0.12435	0.44794	0.00450	0.00737	0.00520	0.02647	0.00391
10	0.08232	0.00594	0.00706	0.00663	0.00816	0.00619	0.00514	0.07531	0.09337	0.12807	0.02928	0.18241	0.04894	0.04400	0.12532	0.02168	0.00433	0.07661	0.04456	0.00467
11	0.00618	0.00452	0.00522	0.00520	0.00595	0.00439	0.00361	0.03548	0.03270	0.01125	0.11325	0.10824	0.22379	0.31725	0.03486	0.02718	0.00333	0.05086	0.00337	0.00337
12	0.00675	0.00503	0.00611	0.00591	0.00689	0.02948	0.00441	0.02914	0.02716	0.03214	0.20809	0.08045	0.15129	0.06325	0.25755	0.06764	0.00532	0.00633	0.00330	0.00376
13	0.02191	0.00870	0.01029	0.02155	0.11480	0.10064	0.05411	0.04189	0.17949	0.05593	0.11136	0.05273	0.06482	0.03887	0.08193	0.00192	0.02546	0.00514	0.00328	0.00520
14	0.00648	0.00525	0.00720	0.02904	0.06280	0.00535	0.02089	0.01972	0.04235	0.01213	0.08557	0.31923	0.15345	0.02156	0.02124	0.00171	0.04948	0.12895	0.00356	0.00404

[dist]
# distance from previous block
# <min> <max>
2	12

[block]
# block no. 5 follows, 64 sequences, length 29
# corresponding to MSA columns:
# 722-750
name=unknown_F
#
# <colnr> <probs for GDERKNQSTAVLIFYWHMCP>
#	G	D	E	R	K	N	Q	S	T	A	V	L	I	F	Y	W	H	M	C	P
0	0.00700	0.00456	0.00592	0.00576	0.00663	0.00445	0.00417	0.00795	0.05089	0.04482	0.08493	0.13094	0.10099	0.09407	0.12007	0.23376	0.00415	0.03244	0.00302	0.05347
1	0.13456	0.00786	0.00962	0.02548	0.15932	0.03660	0.01605	0.08542	0.06840	0.03040	0.07675	0.05279	0.05777	0.00741	0.03725	0.06834	0.02592	0.03176	0.00299	0.06529
2	0.00815	0.00485	0.00660	0.00643	0.02319	0.00486	0.00470	0.00907	0.00815	0.14619	0.05946	0.07757	0.12229	0.10622	0.26438	0.10042	0.02186	0.01849	0.00316	0.00396
3	0.00918	0.00602	0.00727	0.00696	0.00844	0.00621	0.00533	0.02910	0.23378	0.13792	0.08101	0.22250	0.01966	0.08342	0.00624	0.00175	0.00318	0.12301	0.00409	0.00493
4	0.02875	0.00522	0.00591	0.00582	0.00696	0.00523	0.00420	0.04451	0.13090	0.03653	0.10166	0.27905	0.19843	0.11926	0.00692	0.00181	0.00279	0.00810	0.00383	0.00412
5	0.01875	0.00517	0.00628	0.00585	0.00718	0.00496	0.00439	0.05764	0.00981	0.03411	0.21601	0.21614	0.12265	0.02779	0.06933	0.00179	0.02713	0.00712	0.05140	0.10650
6	0.00682	0.00410	0.00542	0.00547	0.00589	0.00407	0.00374	0.00685	0.03123	0.03538	0.02743	0.13855	0.08432	0.17597	0.06982	0.36389	0.00387	0.02165	0.00270	0.00283
7	0.10260	0.00532	0.00596	0.00579	0.00707	0.01562	0.00431	0.02471	0.04614	0.10180	0.07489	0.22123	0.16456	0.07866	0.00669	0.05904	0.00296	0.04871	0.01991	0.00405
8	0.05027	0.00576	0.00671	0.00620	0.00765	0.00575	0.00471	0.12937	0.02696	0.09438	0.17231	0.20087	0.11655	0.08746	0.00621	0.00167	0.00300	0.05082	0.01890	0.00447
9	0.05056	0.00660	0.00762	0.00676	0.00855	0.00674	0.00517	0.16859	0.08650	0.15767	0.07794	0.22686	0.06903	0.06525	0.00577	0.01340	0.00321	0.00662	0.02209	0.00507
10	0.01225	0.01010	0.06809	0.01006	0.04173	0.03304	0.08141	0.26150	0.04665	0.13212	0.07907	0.01486	0.03981	0.01646	0.00551	0.00139	0.09197	0.02739	0.02067	0.00590
11	0.03879	0.00544	0.00591	0.00591	0.00690	0.04815	0.00429	0.03695	0.00932	0.06291	0.13371	0.28309	0.11725	0.14210	0.00739	0.00189	0.00310	0.06623	0.01682	0.00385
12	0.08358	0.00562	0.00644	0.00600	0.00737	0.00569	0.00444	0.04790	0.09436	0.13291	0.08198	0.17494	0.05775	0.15831	0.00773	0.03191	0.00311	0.02457	0.06099	0.00440
13	0.00630	0.00446	0.00537	0.00532	0.00623	0.00429	0.00383	0.02840	0.00868	0.04314	0.10692	0.13615	0.26306	0.19858	0.13890	0.00283	0.00413	0.02638	0.00344	0.00359
14	0.00694	0.00502	0.00623	0.00589	0.00727	0.00465	0.02850	0.05440	0.02336	0.06404	0.18357	0.20101	0.33110	0.00975	0.00493	0.00145	0.00263	0.05110	0.00404	0.00411
15	0.02381	0.00436	0.00501	0.00506	0.00570	0.00424	0.00340	0.00724	0.04907	0.01120	0.15461	0.15953	0.17050	0.34009	0.01143	0.01654	0.00301	0.01847	0.00341	0.00332
16	0.14711	0.00473	0.00510	0.00509	0.00626	0.00462	0.00378	0.00769	0.00930	0.01392	0.26297	0.17122	0.23114	0.05408	0.00543	0.00155	0.00244	0.03044	0.02942	0.00373
17	0.14873	0.00537	0.00614	0.00621	0.00745	0.00544	0.00473	0.06386	0.00927	0.07311	0.03997	0.37064	0.06433	0.03507	0.00517	0.00163	0.00299	0.12578	0.01999	0.00415
18	0.00870	0.00746	0.00865	0.00627	0.00989	0.00579	0.00501	0.01107	0.05121	0.01374	0.00788	0.00897	0.00649	0.00321	0.00314	0.00066	0.00309	0.00258	0.00255	0.83362
19	0.09299	0.00751	0.02627	0.18736	0.07736	0.02555	0.04422	0.05349	0.00889	0.09730	0.01128	0.09755	0.03353	0.00842	0.05915	0.10109	0.04588	0.01479	0.00272	0.00467
20	0.00619	0.00426	0.00629	0.00637	0.00686	0.00477	0.00475	0.00681	0.00654	0.00922	0.01158	0.11986	0.01169	0.02451	0.52665	0.20563	0.02729	0.00516	0.00232	0.00325
21	0.00594	0.00401	0.00468	0.00477	0.00483	0.00403	0.00279	0.00609	0.00626	0.00839	0.01392	0.10601	0.01603	0.72753	0.06470	0.00395	0.00426	0.00651	0.00263	0.00267
22	0.00556	0.00436	0.00512	0.00537	0.00627	0.00412	0.00389	0.00708	0.05135	0.01152	0.08790	0.30728	0.35027	0.04129	0.02804	0.01967	0.01793	0.03562	0.00376	0.00362
23	0.00852	0.00634	0.02129	0.06784	0.00984	0.02249	0.00608	0.08594	0.01825	0.07854	0.01171	0.05852	0.01085	0.10558	0.37457	0.02937	0.05439	0.02279	0.00275	0.00432
24	0.00625	0.00367	0.00515	0.00553	0.00570	0.00355	0.00372	0.00570	0.00674	0.00898	0.03805	0.34031	0.03340	0.03740	0.01142	0.45758	0.00308	0.01844	0.00277	0.00256
25	0.00963	0.01191	0.09544	0.04634	0.06947	0.01035	0.66665	0.01316	0.00964	0.01321	0.00825	0.01093	0.00620	0.00358	0.00474	0.00138	0.00675	0.00463	0.00206	0.00567
26	0.00890	0.02544	0.01399	0.23442	0.31340	0.00895	0.08999	0.02779	0.06303	0.01319	0.07330	0.03953	0.06001	0.00501	0.00433	0.00132	0.00470	0.00470	0.00254	0.00546
27	0.00805	0.00759	0.00846	0.00796	0.00882	0.12274	0.00621	0.00981	0.05002	0.01012	0.01000	0.02855	0.00934	0.04474	0.48635	0.01706	0.15358	0.00424	0.00228	0.00409
28	0.00813	0.00713	0.01161	0.01572	0.40176	0.00754	0.00883	0.01009	0.00806	0.01169	0.00949	0.01326	0.00847	0.01682	0.39966	0.00382	0.02344	0.00406	0.02530	0.00511

[dist]
# distance from previous block
# <min> <max>
1	25

[block]
# block no. 6 follows, 64 sequences, length 13
# corresponding to MSA columns:
# 776-788
name=unknown_G
#
# <colnr> <probs for GDERKNQSTAVLIFYWHMCP>
#	G	D	E	R	K	N	Q	S	T	A	V	L	I	F	Y	W	H	M	C	P
0	0.01008	0.05152	0.39411	0.01027	0.03304	0.00914	0.04913	0.09757	0.03938	0.07107	0.00924	0.03067	0.00702	0.00428	0.00385	0.00119	0.00493	0.00349	0.03292	0.13709
1	0.00517	0.00384	0.00479	0.00536	0.00591	0.00353	0.00368	0.00606	0.00847	0.01110	0.09550	0.54421	0.19616	0.05560	0.02863	0.00185	0.00263	0.01030	0.00381	0.00341
2	0.00814	0.00725	0.01218	0.01110	0.08144	0.00708	0.22705	0.10932	0.01009	0.01356	0.01668	0.41582	0.04509	0.00852	0.00493	0.00150	0.00414	0.00811	0.00326	0.00472
3	0.34410	0.06056	0.01025	0.09995	0.01224	0.01027	0.04065	0.17671	0.08570	0.04255	0.00873	0.00966	0.00658	0.00441	0.00361	0.00127	0.02010	0.00323	0.05406	0.00537
4	0.02190	0.00746	0.01001	0.10291	0.05422	0.00706	0.05593	0.04959	0.09664	0.03949	0.10115	0.04266	0.03867	0.02371	0.00430	0.00114	0.00364	0.00433	0.00303	0.33216
5	0.00722	0.00361	0.00541	0.00541	0.00541	0.00361	0.00361	0.00541	0.00541	0.00722	0.00722	0.01263	0.00722	0.01443	0.01623	0.87915	0.00361	0.00361	0.00180	0.00180
6	0.01080	0.76422	0.11139	0.00763	0.01147	0.01569	0.00802	0.01252	0.00848	0.01015	0.00596	0.00690	0.00532	0.00360	0.00281	0.00094	0.00463	0.00231	0.00177	0.00542
7	0.01304	0.00732	0.00892	0.00693	0.00998	0.00651	0.00560	0.07494	0.08091	0.35320	0.05586	0.01496	0.06876	0.00510	0.00393	0.00110	0.00327	0.00416	0.00405	0.27144
8	0.01301	0.00888	0.03236	0.06665	0.29249	0.00836	0.09814	0.05268	0.01083	0.30401	0.03926	0.01346	0.00938	0.00466	0.00429	0.00130	0.00458	0.02592	0.00337	0.00637
