[name]
unknown

[dist]
# distance from previous block
# <min> <max>
0	89

[block]
# block no. 0 follows, 65 sequences, length 19
# corresponding to MSA columns:
# 98-116
name=unknown_A
#
# <colnr> <probs for GDERKNQSTAVLIFYWHMCP>
#	G	D	E	R	K	N	Q	S	T	A	V	L	I	F	Y	W	H	M	C	P
0	0.01016	0.39646	0.14584	0.00881	0.03298	0.08826	0.03005	0.02513	0.03136	0.02285	0.02072	0.06078	0.01918	0.00554	0.02882	0.00128	0.01725	0.02500	0.00223	0.02730
1	0.05213	0.05773	0.13732	0.02913	0.08343	0.02130	0.12947	0.16334	0.04133	0.07834	0.02374	0.05419	0.02952	0.00513	0.00428	0.00130	0.01725	0.03574	0.00295	0.03239
2	0.04273	0.12034	0.20695	0.06441	0.06728	0.09259	0.06626	0.06503	0.06915	0.03449	0.00945	0.05698	0.01727	0.02217	0.00455	0.00131	0.03426	0.00387	0.00244	0.01846
3	0.00963	0.01317	0.32282	0.00943	0.01316	0.00905	0.03386	0.20126	0.11255	0.01643	0.06272	0.09206	0.05332	0.00577	0.00422	0.00132	0.00450	0.00480	0.00309	0.02681
4	0.00772	0.00768	0.07125	0.09125	0.07446	0.00689	0.14045	0.05678	0.00932	0.02712	0.03595	0.28795	0.06678	0.00861	0.03006	0.00163	0.01721	0.05123	0.00302	0.00461
5	0.03807	0.13305	0.29107	0.02989	0.06553	0.16623	0.02154	0.02330	0.00944	0.08583	0.02118	0.02301	0.00690	0.02435	0.00456	0.00128	0.04367	0.00331	0.00229	0.00550
6	0.00828	0.05288	0.10074	0.00858	0.01094	0.00707	0.14411	0.01062	0.02657	0.08282	0.12656	0.05534	0.12526	0.02116	0.10084	0.00198	0.04456	0.02018	0.04683	0.00470
7	0.00520	0.00523	0.05101	0.00477	0.00640	0.00399	0.00392	0.00674	0.03253	0.01134	0.03812	0.07281	0.72363	0.01000	0.00480	0.00139	0.00235	0.00836	0.00371	0.00369
8	0.03163	0.03368	0.03321	0.07735	0.16566	0.05976	0.03021	0.22893	0.04073	0.02951	0.03806	0.14729	0.05407	0.00614	0.00425	0.00131	0.00430	0.00525	0.00316	0.00551
9	0.01084	0.02460	0.05564	0.30993	0.06243	0.11604	0.07351	0.11359	0.07488	0.06360	0.00935	0.03869	0.00730	0.00464	0.00425	0.00130	0.01743	0.00394	0.00262	0.00542
10	0.00582	0.00394	0.00460	0.00471	0.00483	0.00388	0.00280	0.00608	0.00672	0.00904	0.08329	0.14620	0.01870	0.66263	0.01728	0.00342	0.00358	0.00691	0.00285	0.00273
11	0.01002	0.00861	0.01226	0.03124	0.38111	0.00902	0.00900	0.12066	0.16502	0.02712	0.03316	0.08366	0.05603	0.00622	0.02723	0.00145	0.00424	0.00491	0.00307	0.00596
12	0.02615	0.08408	0.14460	0.19490	0.11726	0.04356	0.09646	0.04567	0.00956	0.10988	0.00974	0.08259	0.00807	0.00480	0.00407	0.00129	0.00505	0.00424	0.00253	0.00549
13	0.01351	0.00858	0.01150	0.13991	0.09203	0.05456	0.02980	0.07068	0.03844	0.34745	0.01143	0.01198	0.00805	0.00567	0.02906	0.00148	0.09854	0.00388	0.01748	0.00596
14	0.00597	0.00430	0.00546	0.05185	0.00734	0.00399	0.00416	0.00733	0.00973	0.04840	0.29701	0.26605	0.25349	0.00985	0.00489	0.00143	0.00237	0.00863	0.00399	0.00378
15	0.00753	0.05362	0.05774	0.00712	0.04735	0.02340	0.00545	0.02661	0.03278	0.07382	0.06356	0.26571	0.20811	0.04882	0.02588	0.00167	0.00335	0.03971	0.00350	0.00428
16	0.01013	0.00952	0.03238	0.35564	0.20715	0.07025	0.03849	0.08826	0.04595	0.04667	0.04921	0.01165	0.00801	0.00438	0.00413	0.00129	0.00510	0.00386	0.00248	0.00547
17	0.00979	0.09635	0.19044	0.07271	0.07724	0.04070	0.14007	0.05158	0.00948	0.04743	0.05358	0.02999	0.00824	0.00461	0.00492	0.00126	0.08740	0.00385	0.00235	0.06799
18	0.01035	0.03822	0.05322	0.15782	0.40539	0.03393	0.01052	0.05492	0.02334	0.07466	0.00945	0.06889	0.00801	0.00458	0.00407	0.00125	0.00472	0.00412	0.00248	0.03006

[dist]
# distance from previous block
# <min> <max>
6	41

[block]
# block no. 1 follows, 65 sequences, length 14
# corresponding to MSA columns:
# 159-168,173-176
name=unknown_B
#
# <colnr> <probs for GDERKNQSTAVLIFYWHMCP>
#	G	D	E	R	K	N	Q	S	T	A	V	L	I	F	Y	W	H	M	C	P
0	0.08925	0.05468	0.10279	0.06682	0.01228	0.10087	0.00767	0.16780	0.10052	0.04742	0.06265	0.03092	0.00975	0.03551	0.04051	0.00158	0.03533	0.00391	0.00300	0.02673
1	0.30146	0.04117	0.02212	0.00648	0.00826	0.10190	0.00515	0.03370	0.00857	0.03050	0.01555	0.19890	0.13775	0.00769	0.02330	0.00148	0.04322	0.00556	0.00298	0.00426
2	0.09493	0.00937	0.13894	0.00793	0.03863	0.02565	0.00698	0.04513	0.07185	0.12335	0.07458	0.05522	0.08851	0.00574	0.00397	0.00121	0.00366	0.03779	0.00327	0.16331
3	0.04383	0.04020	0.06768	0.03664	0.02684	0.06750	0.00686	0.09940	0.26151	0.09493	0.07415	0.04859	0.01247	0.07658	0.02340	0.00164	0.00414	0.00460	0.00350	0.00554
4	0.01251	0.00972	0.01055	0.00873	0.01137	0.01096	0.00702	0.42754	0.32387	0.02081	0.01259	0.01260	0.00944	0.00793	0.09327	0.00187	0.00473	0.00413	0.00393	0.00644
5	0.01536	0.01878	0.01170	0.01046	0.01269	0.75879	0.00792	0.09428	0.01238	0.01159	0.00669	0.00764	0.00545	0.00430	0.00374	0.00107	0.00712	0.00275	0.00231	0.00498
6	0.00772	0.00712	0.01199	0.80704	0.02721	0.00886	0.01104	0.01025	0.00808	0.01033	0.00729	0.01101	0.00555	0.00457	0.00466	0.04199	0.00538	0.00364	0.00182	0.00443
7	0.82315	0.00876	0.00643	0.00576	0.00827	0.06801	0.00469	0.01237	0.00731	0.01782	0.00576	0.00672	0.00451	0.00384	0.00262	0.00126	0.00347	0.00225	0.00251	0.00447
8	0.01235	0.01444	0.01192	0.06281	0.09972	0.48516	0.05459	0.03617	0.02606	0.01122	0.00929	0.08547	0.02324	0.00627	0.04217	0.00144	0.00644	0.00401	0.00237	0.00487
9	0.01016	0.00975	0.01666	0.02520	0.83013	0.00975	0.01260	0.01260	0.00935	0.01341	0.00772	0.01016	0.00650	0.00366	0.00406	0.00122	0.00488	0.00366	0.00203	0.00650
10	0.00498	0.00364	0.00469	0.00554	0.00591	0.00335	0.00373	0.00574	0.00803	0.01055	0.02482	0.75888	0.11992	0.01257	0.00519	0.00163	0.00235	0.01132	0.00381	0.00335
11	0.00755	0.00603	0.00764	0.00845	0.09207	0.02253	0.00559	0.04362	0.10008	0.03007	0.04644	0.36162	0.03812	0.06312	0.05182	0.00190	0.03064	0.02960	0.00339	0.04973
12	0.00979	0.06976	0.01660	0.07613	0.07328	0.05704	0.33101	0.07442	0.00998	0.01326	0.04095	0.01298	0.00851	0.05912	0.02096	0.00150	0.00556	0.02633	0.00240	0.09045
13	0.20454	0.03217	0.04098	0.02637	0.10966	0.11152	0.04836	0.08506	0.06393	0.10854	0.00922	0.02343	0.00724	0.00453	0.00398	0.00123	0.03126	0.01893	0.00289	0.06616

[dist]
# distance from previous block
# <min> <max>
6	26

[block]
# block no. 2 follows, 65 sequences, length 12
# corresponding to MSA columns:
# 204-215
name=unknown_C
#
# <colnr> <probs for GDERKNQSTAVLIFYWHMCP>
#	G	D	E	R	K	N	Q	S	T	A	V	L	I	F	Y	W	H	M	C	P
0	0.00799	0.05128	0.08548	0.00784	0.00961	0.03473	0.04935	0.06667	0.03449	0.03798	0.07688	0.29024	0.09894	0.00861	0.00540	0.00147	0.07339	0.05184	0.00332	0.00449
1	0.10099	0.07568	0.05079	0.08258	0.13377	0.10878	0.07235	0.10383	0.03763	0.01402	0.00937	0.02591	0.04077	0.00548	0.03172	0.00141	0.05234	0.00369	0.00247	0.04642
2	0.03090	0.05232	0.22301	0.03569	0.01145	0.00768	0.00780	0.08871	0.07150	0.02900	0.06935	0.08902	0.16648	0.00634	0.00412	0.00126	0.00383	0.00523	0.00306	0.09323
3	0.02609	0.15992	0.14686	0.04377	0.32265	0.04515	0.07729	0.06001	0.00962	0.01310	0.00817	0.05411	0.00706	0.00426	0.00388	0.00121	0.00509	0.00376	0.00216	0.00582
4	0.00844	0.00977	0.13440	0.05499	0.09352	0.05920	0.04551	0.04097	0.09011	0.01391	0.16832	0.05308	0.10290	0.00616	0.00467	0.00130	0.03983	0.00521	0.03120	0.03652
5	0.00603	0.00438	0.00542	0.00520	0.00629	0.00405	0.00388	0.00806	0.04259	0.03374	0.56354	0.10223	0.18127	0.00896	0.00484	0.00134	0.00209	0.00783	0.00433	0.00393
6	0.00843	0.10417	0.25633	0.00809	0.01060	0.11364	0.00790	0.01028	0.00791	0.01021	0.00984	0.06332	0.00989	0.28244	0.04833	0.00238	0.03532	0.00443	0.00217	0.00433
7	0.00702	0.00534	0.00712	0.00669	0.00788	0.00582	0.00517	0.07401	0.03934	0.01146	0.01152	0.06008	0.01086	0.06881	0.57667	0.00503	0.00863	0.00465	0.00255	0.08135
8	0.05429	0.05813	0.10081	0.02993	0.02974	0.42158	0.00845	0.11166	0.01144	0.06937	0.00802	0.03490	0.00650	0.00464	0.00409	0.00117	0.03420	0.00323	0.00255	0.00531
9	0.55408	0.05518	0.02454	0.03649	0.01005	0.11928	0.00576	0.05324	0.03330	0.01650	0.00652	0.00748	0.00512	0.00393	0.00294	0.00119	0.00400	0.00250	0.00252	0.05538
10	0.08917	0.02612	0.04388	0.01187	0.16730	0.05201	0.02238	0.29782	0.04238	0.04675	0.06375	0.04364	0.00957	0.00517	0.00462	0.00129	0.05908	0.00407	0.00320	0.00594
11	0.00954	0.04719	0.26351	0.05731	0.22295	0.04123	0.03493	0.06755	0.02961	0.01364	0.05455	0.01157	0.00831	0.01583	0.00487	0.00131	0.06164	0.01890	0.00230	0.03325

[dist]
# distance from previous block
# <min> <max>
9	124

[block]
# block no. 3 follows, 65 sequences, length 30
# corresponding to MSA columns:
# 352-381
name=unknown_D
#
# <colnr> <probs for GDERKNQSTAVLIFYWHMCP>
#	G	D	E	R	K	N	Q	S	T	A	V	L	I	F	Y	W	H	M	C	P
0	0.04001	0.20268	0.20812	0.02870	0.03195	0.06738	0.02731	0.15177	0.02192	0.01417	0.01031	0.02429	0.05611	0.00620	0.05095	0.00148	0.00519	0.01758	0.01788	0.01601
1	0.04124	0.30769	0.17666	0.00834	0.01159	0.09756	0.00821	0.08513	0.04743	0.01283	0.04703	0.04460	0.00884	0.02045	0.05686	0.00153	0.00516	0.01119	0.00241	0.00525
2	0.05951	0.38548	0.11161	0.00815	0.01149	0.07655	0.01809	0.12174	0.06146	0.01354	0.02338	0.04712	0.01676	0.00453	0.00338	0.00109	0.00454	0.00332	0.00248	0.02577
3	0.06869	0.33643	0.11920	0.02488	0.03500	0.01135	0.02564	0.09378	0.04121	0.02458	0.05661	0.02746	0.03591	0.02259	0.04761	0.00147	0.00462	0.00362	0.01412	0.00525
4	0.01020	0.34243	0.23720	0.02810	0.01271	0.05687	0.01687	0.06040	0.02159	0.04033	0.04169	0.01019	0.02106	0.00588	0.05614	0.00144	0.00525	0.00318	0.01451	0.01395
5	0.00847	0.23324	0.12767	0.00834	0.04983	0.03496	0.04900	0.01052	0.02604	0.02244	0.10235	0.06054	0.08296	0.10831	0.02614	0.00164	0.00431	0.00478	0.01346	0.02500
6	0.03192	0.39055	0.04395	0.00851	0.01117	0.17477	0.02617	0.04842	0.00921	0.01104	0.00797	0.00927	0.04376	0.00542	0.03222	0.00129	0.11468	0.00300	0.00209	0.02460
7	0.00604	0.00467	0.00579	0.00569	0.00693	0.00398	0.00402	0.00708	0.00810	0.01134	0.03755	0.52833	0.05103	0.04904	0.00533	0.00146	0.00262	0.00861	0.00338	0.24903
8	0.00971	0.02830	0.00910	0.00839	0.02411	0.20730	0.00623	0.06676	0.00923	0.03834	0.01247	0.26131	0.01324	0.08036	0.06398	0.00200	0.14604	0.00601	0.00283	0.00430
9	0.01056	0.12856	0.09790	0.06133	0.32262	0.09474	0.03196	0.02439	0.04897	0.03762	0.03004	0.01010	0.00724	0.00411	0.00412	0.00118	0.03243	0.00343	0.00227	0.04645
10	0.03542	0.03921	0.02881	0.04365	0.07574	0.03430	0.08089	0.08430	0.02845	0.01288	0.01684	0.41666	0.05055	0.00872	0.00466	0.00147	0.00372	0.02600	0.00324	0.00449
11	0.00671	0.00477	0.00563	0.00527	0.00656	0.00447	0.00400	0.05222	0.03286	0.04624	0.40312	0.07593	0.26368	0.02083	0.00495	0.00137	0.00229	0.01801	0.03703	0.00406
12	0.01190	0.28756	0.01563	0.12726	0.12236	0.26731	0.00876	0.03668	0.00973	0.02306	0.00665	0.00825	0.00559	0.00409	0.00399	0.00111	0.04995	0.00287	0.00203	0.00521
13	0.00661	0.00451	0.00550	0.00532	0.00650	0.00413	0.00396	0.00851	0.04798	0.07900	0.36760	0.18448	0.24166	0.00936	0.00483	0.00139	0.00224	0.00815	0.00423	0.00403
14	0.07242	0.04380	0.19394	0.22907	0.10836	0.01862	0.03781	0.04648	0.05949	0.05477	0.04421	0.01204	0.03702	0.00458	0.00414	0.00130	0.02022	0.00381	0.00248	0.00544
15	0.02595	0.15683	0.33603	0.03331	0.14257	0.04260	0.06817	0.06865	0.00956	0.02758	0.00764	0.00921	0.00593	0.00512	0.04256	0.00145	0.00572	0.00323	0.00209	0.00581
16	0.00563	0.00438	0.00491	0.00503	0.00618	0.00396	0.00370	0.01939	0.04335	0.02627	0.09477	0.24888	0.47897	0.01053	0.00492	0.00146	0.00230	0.02776	0.00391	0.00371
17	0.00500	0.00357	0.00476	0.00572	0.00595	0.00333	0.00381	0.00572	0.00786	0.01048	0.02262	0.85306	0.02715	0.01286	0.00524	0.00167	0.00238	0.01167	0.00381	0.00333
18	0.04362	0.00917	0.03204	0.01090	0.14766	0.00915	0.00769	0.22982	0.14135	0.25477	0.02462	0.01346	0.04674	0.00509	0.00410	0.00128	0.00393	0.00417	0.00393	0.00651
19	0.00878	0.00745	0.00865	0.00621	0.00984	0.00574	0.00497	0.04059	0.00892	0.01384	0.00739	0.00856	0.00611	0.00311	0.00308	0.00063	0.00310	0.00248	0.00249	0.84803
20	0.00506	0.00407	0.00453	0.00469	0.00578	0.00353	0.00345	0.00619	0.00940	0.01179	0.15245	0.19443	0.53948	0.01060	0.00494	0.00144	0.00216	0.02859	0.00391	0.00351
21	0.05318	0.01160	0.01172	0.00951	0.01234	0.15871	0.06240	0.34814	0.14108	0.10032	0.01111	0.02898	0.00841	0.00504	0.00408	0.00126	0.00478	0.01754	0.00364	0.00616
22	0.01252	0.10895	0.01382	0.01066	0.06393	0.02433	0.02305	0.38692	0.04431	0.01787	0.00816	0.00944	0.00648	0.00531	0.00660	0.00136	0.24380	0.00353	0.00298	0.00597
23	0.00660	0.00528	0.00641	0.00578	0.00758	0.00432	0.00421	0.00780	0.00815	0.01172	0.01616	0.41581	0.04811	0.03626	0.00476	0.00126	0.00272	0.00722	0.00315	0.39671
24	0.06853	0.01089	0.11725	0.02625	0.11054	0.00987	0.00860	0.29407	0.09477	0.18087	0.01121	0.03057	0.00817	0.00484	0.00401	0.00128	0.00431	0.00388	0.00360	0.00647
25	0.01072	0.55339	0.24016	0.00849	0.01264	0.03360	0.00926	0.05008	0.00909	0.03018	0.00660	0.00749	0.00544	0.00374	0.00310	0.00102	0.00490	0.00255	0.00194	0.00559
26	0.00520	0.00408	0.00470	0.00473	0.00580	0.00358	0.00348	0.00649	0.00989	0.01280	0.30255	0.15919	0.44270	0.01010	0.00491	0.00140	0.00208	0.00870	0.00405	0.00358
27	0.00904	0.00545	0.00669	0.00583	0.00767	0.00496	0.00456	0.04634	0.02955	0.18852	0.27003	0.05274	0.20327	0.00858	0.03941	0.00149	0.00296	0.02107	0.01865	0.07318
28	0.01095	0.03131	0.03131	0.04983	0.10302	0.08953	0.03897	0.11191	0.38954	0.01591	0.02441	0.02920	0.00998	0.00517	0.00451	0.00133	0.03955	0.00423	0.00333	0.00604
29	0.00932	0.00914	0.01306	0.14544	0.07060	0.02819	0.02856	0.04781	0.00760	0.01104	0.00615	0.00943	0.00557	0.00620	0.01049	0.00164	0.57941	0.00362	0.00194	0.00479

[dist]
# distance from previous block
# <min> <max>
0	1

[block]
# block no. 4 follows, 65 sequences, length 8
# corresponding to MSA columns:
# 383-390
name=unknown_E
#
# <colnr> <probs for GDERKNQSTAVLIFYWHMCP>
#	G	D	E	R	K	N	Q	S	T	A	V	L	I	F	Y	W	H	M	C	P
0	0.04241	0.05535	0.04439	0.01048	0.16580	0.06956	0.00723	0.04675	0.02605	0.01373	0.00747	0.00877	0.00613	0.00347	0.00335	0.00087	0.00398	0.00278	0.00238	0.47904
1	0.09633	0.00854	0.00919	0.00750	0.01021	0.03763	0.00603	0.19749	0.16008	0.22204	0.08746	0.01444	0.04374	0.00533	0.00397	0.00123	0.00355	0.00423	0.00403	0.07700
2	0.00600	0.00511	0.00655	0.05658	0.06888	0.00508	0.00506	0.00763	0.03086	0.01184	0.12009	0.12031	0.42031	0.01009	0.03823	0.00163	0.04905	0.02928	0.00348	0.00394
3	0.06520	0.01167	0.05411	0.03885	0.10378	0.10815	0.00831	0.38525	0.07453	0.06180	0.01007	0.04219	0.00778	0.00492	0.00400	0.00125	0.00470	0.00384	0.00339	0.00621
4	0.03725	0.03671	0.01352	0.36913	0.24951	0.00994	0.01060	0.04617	0.00894	0.06089	0.00771	0.01033	0.00606	0.00443	0.00518	0.00135	0.11115	0.00358	0.00219	0.00537
5	0.00992	0.00774	0.00854	0.02615	0.01006	0.00806	0.00578	0.11430	0.35526	0.06635	0.04845	0.01852	0.16339	0.00606	0.00415	0.00124	0.00317	0.00500	0.00386	0.13400
6	0.00593	0.00412	0.00520	0.00520	0.00546	0.00437	0.00339	0.00644	0.00618	0.00850	0.01227	0.02318	0.01333	0.57290	0.30155	0.00488	0.00638	0.00543	0.00239	0.00289
7	0.02552	0.04931	0.04530	0.06681	0.34282	0.04481	0.09113	0.05642	0.06122	0.01359	0.03791	0.04336	0.00892	0.00487	0.00485	0.00132	0.06756	0.02612	0.00245	0.00569

[dist]
# distance from previous block
# <min> <max>
1	5

[block]
# block no. 5 follows, 65 sequences, length 58
# corresponding to MSA columns:
# 397-454
name=unknown_F
#
# <colnr> <probs for GDERKNQSTAVLIFYWHMCP>
#	G	D	E	R	K	N	Q	S	T	A	V	L	I	F	Y	W	H	M	C	P
0	0.01953	0.07839	0.10367	0.04289	0.24638	0.07986	0.09013	0.05724	0.13219	0.03192	0.00925	0.02136	0.00734	0.00419	0.00394	0.00121	0.00495	0.00368	0.00254	0.05936
1	0.00842	0.00715	0.00726	0.01862	0.00836	0.08702	0.00513	0.02936	0.16291	0.05187	0.24989	0.02422	0.21939	0.00743	0.00498	0.00133	0.05383	0.00607	0.04217	0.00461
2	0.00515	0.00373	0.00468	0.00537	0.00575	0.00347	0.00359	0.00583	0.00784	0.01025	0.02387	0.61052	0.13523	0.12877	0.00735	0.00195	0.00259	0.02718	0.00363	0.00324
3	0.06000	0.02472	0.03374	0.18594	0.11096	0.17745	0.08663	0.11575	0.08506	0.04341	0.00882	0.01980	0.00682	0.00434	0.00398	0.00125	0.00533	0.00363	0.00262	0.01976
4	0.02409	0.12378	0.15613	0.02654	0.21584	0.10837	0.00962	0.06571	0.06683	0.02834	0.05119	0.06891	0.00950	0.00496	0.00411	0.00123	0.02263	0.00404	0.00255	0.00564
5	0.00509	0.00366	0.00484	0.00576	0.00608	0.00342	0.00394	0.00588	0.00801	0.01061	0.02335	0.77312	0.05997	0.01267	0.00525	0.00167	0.00245	0.05704	0.00381	0.00337
6	0.01664	0.00939	0.10474	0.00818	0.01168	0.00760	0.00738	0.14836	0.02783	0.59263	0.01416	0.01272	0.00912	0.00493	0.00410	0.00127	0.00395	0.00394	0.00452	0.00687
7	0.00817	0.00784	0.05065	0.16150	0.03235	0.04738	0.09280	0.06080	0.06457	0.03045	0.01487	0.30446	0.02981	0.00880	0.04420	0.00170	0.00456	0.02743	0.00303	0.00462
8	0.00935	0.08640	0.20612	0.17683	0.04682	0.02995	0.29791	0.03808	0.00925	0.01249	0.00760	0.00996	0.00580	0.00424	0.01578	0.00138	0.03082	0.00379	0.00198	0.00545
9	0.01039	0.00698	0.00771	0.00694	0.00888	0.03328	0.00536	0.07570	0.23466	0.18318	0.03233	0.17811	0.15959	0.00774	0.00449	0.00140	0.00313	0.02018	0.01464	0.00533
10	0.00622	0.00440	0.00510	0.00500	0.00627	0.00389	0.00376	0.00768	0.02560	0.07129	0.21534	0.14580	0.44242	0.00983	0.00486	0.00141	0.00226	0.03095	0.00407	0.00386
11	0.02693	0.18862	0.15981	0.00786	0.01008	0.03942	0.02963	0.00943	0.00824	0.01100	0.01405	0.38913	0.01552	0.00817	0.00472	0.00141	0.04464	0.02413	0.00276	0.00444
12	0.00636	0.00497	0.00596	0.00647	0.00745	0.02439	0.00513	0.02072	0.05417	0.01218	0.05979	0.25638	0.17626	0.01085	0.00521	0.00165	0.00307	0.33135	0.00381	0.00383
13	0.00536	0.00448	0.00471	0.00461	0.00599	0.00399	0.00347	0.00725	0.06601	0.01225	0.14849	0.04833	0.65102	0.00982	0.00481	0.00138	0.00214	0.00826	0.00393	0.00373
14	0.00802	0.01769	0.65415	0.01049	0.02555	0.00857	0.01273	0.01233	0.03249	0.01307	0.04224	0.01148	0.00783	0.06322	0.00506	0.00146	0.00538	0.00352	0.05912	0.00560
15	0.00955	0.04391	0.03740	0.06981	0.41411	0.00927	0.00976	0.07651	0.08293	0.01405	0.05613	0.04258	0.03791	0.02182	0.03608	0.00153	0.02387	0.00440	0.00263	0.00576
16	0.00916	0.01994	0.75936	0.01130	0.01710	0.00921	0.01433	0.01364	0.00895	0.08765	0.00817	0.00915	0.00565	0.00401	0.00392	0.00130	0.00583	0.00313	0.00204	0.00615
17	0.00977	0.01083	0.02284	0.01874	0.16878	0.01027	0.66900	0.01305	0.00963	0.01320	0.00820	0.01091	0.00628	0.00350	0.00470	0.00135	0.00655	0.00463	0.00207	0.00571
18	0.02332	0.14555	0.14599	0.02343	0.10776	0.26744	0.00897	0.03815	0.04336	0.02147	0.01041	0.04125	0.04688	0.00510	0.00387	0.00120	0.00538	0.05280	0.00241	0.00524
19	0.03505	0.01493	0.05805	0.04530	0.01423	0.32046	0.04282	0.21477	0.13396	0.01658	0.00997	0.01113	0.00784	0.00540	0.00490	0.00143	0.04997	0.00376	0.00324	0.00620
20	0.02059	0.00486	0.00612	0.00584	0.00692	0.00477	0.00436	0.08124	0.01094	0.03926	0.44952	0.23144	0.04017	0.01060	0.06265	0.00175	0.00298	0.00777	0.00412	0.00410
21	0.00935	0.00988	0.05125	0.00724	0.00917	0.22345	0.00583	0.01234	0.12595	0.04788	0.21388	0.02293	0.22152	0.00706	0.00438	0.00127	0.00389	0.01455	0.00353	0.00462
22	0.00977	0.02021	0.01347	0.17970	0.07145	0.04395	0.17243	0.06819	0.06190	0.04957	0.02420	0.01172	0.00756	0.00701	0.04505	0.11292	0.08080	0.00401	0.01118	0.00489
23	0.00540	0.00393	0.00532	0.00580	0.00622	0.00402	0.00407	0.00630	0.00727	0.00988	0.01832	0.43556	0.05390	0.12157	0.28854	0.00360	0.00547	0.00839	0.00311	0.00335
24	0.02735	0.01252	0.01071	0.00901	0.01151	0.27533	0.00706	0.32588	0.05762	0.11146	0.01075	0.06877	0.00872	0.02930	0.01418	0.00136	0.00515	0.00406	0.00347	0.00579
25	0.02254	0.07211	0.01540	0.17961	0.42827	0.14025	0.03941	0.03193	0.00963	0.01240	0.00732	0.00960	0.00600	0.00385	0.00392	0.00120	0.00539	0.00341	0.00204	0.00571
26	0.00514	0.00369	0.00493	0.00575	0.00607	0.00352	0.00392	0.00595	0.00788	0.01056	0.04398	0.72510	0.03661	0.03368	0.06539	0.00206	0.00305	0.02569	0.00368	0.00336
27	0.00537	0.00383	0.00514	0.00598	0.00639	0.00363	0.00429	0.00636	0.00837	0.01118	0.07998	0.63324	0.02709	0.03008	0.00562	0.00173	0.00263	0.15184	0.00383	0.00343
28	0.01114	0.19970	0.27350	0.02440	0.01528	0.05825	0.13975	0.15514	0.01092	0.04905	0.00815	0.02213	0.00626	0.00414	0.00383	0.00120	0.00546	0.00343	0.00241	0.00587
29	0.00772	0.00486	0.00624	0.03706	0.00762	0.00454	0.00442	0.01743	0.03032	0.13143	0.49697	0.05466	0.14043	0.03169	0.00515	0.00139	0.00244	0.00698	0.00431	0.00432
30	0.00567	0.00385	0.00457	0.00486	0.00494	0.00378	0.00290	0.00589	0.00656	0.00875	0.01596	0.28524	0.01875	0.59215	0.01600	0.00326	0.00348	0.00775	0.00290	0.00275
31	0.00677	0.04823	0.00655	0.00642	0.00713	0.12362	0.00453	0.00758	0.00848	0.01040	0.02017	0.65949	0.05307	0.01107	0.00488	0.00153	0.00319	0.00980	0.00347	0.00364
32	0.82451	0.00819	0.00647	0.00568	0.00827	0.00945	0.00468	0.06780	0.00784	0.01893	0.00600	0.00689	0.00462	0.00389	0.00265	0.00127	0.00327	0.00232	0.00265	0.00462
33	0.03150	0.55436	0.22512	0.00862	0.02773	0.03822	0.00911	0.01288	0.00863	0.04175	0.00658	0.00748	0.00544	0.00370	0.00307	0.00102	0.00485	0.00252	0.00191	0.00552
34	0.00956	0.52585	0.01615	0.00709	0.00952	0.02414	0.00645	0.02327	0.00797	0.00996	0.00784	0.02374	0.01602	0.05986	0.14394	0.00211	0.07460	0.00318	0.01216	0.01659
35	0.00848	0.00658	0.00786	0.00616	0.00872	0.00564	0.00479	0.08006	0.00886	0.01298	0.02319	0.01220	0.06403	0.00710	0.03883	0.17052	0.01262	0.00336	0.00257	0.51545
36	0.08762	0.09976	0.08712	0.05405	0.01081	0.04883	0.02422	0.03023	0.08513	0.06672	0.03102	0.05588	0.01031	0.12669	0.08146	0.00209	0.01451	0.01535	0.00274	0.06545
37	0.00995	0.02953	0.00957	0.00757	0.00999	0.08956	0.05308	0.02422	0.01989	0.12715	0.02023	0.01246	0.00858	0.03550	0.25549	0.00272	0.00623	0.00363	0.00274	0.27191
38	0.00561	0.00446	0.00569	0.03045	0.00709	0.02324	0.02190	0.00662	0.00829	0.01085	0.08772	0.46995	0.14594	0.06828	0.08205	0.00217	0.00349	0.00924	0.00350	0.00349
39	0.00673	0.00564	0.00725	0.09589	0.04019	0.05015	0.00566	0.00788	0.00782	0.02313	0.02595	0.38883	0.02699	0.07232	0.16209	0.00266	0.05650	0.00758	0.00296	0.00380
40	0.00895	0.05301	0.58999	0.01036	0.01538	0.00901	0.02529	0.04561	0.00932	0.05315	0.03944	0.04467	0.00785	0.00449	0.00391	0.00125	0.00528	0.00361	0.01921	0.05024
41	0.01071	0.30601	0.24148	0.06002	0.12030	0.08411	0.02824	0.07115	0.00971	0.02275	0.00706	0.00837	0.00563	0.00385	0.00352	0.00112	0.00529	0.00293	0.00204	0.00571
42	0.01208	0.03272	0.03894	0.02397	0.15272	0.38873	0.04166	0.02578	0.08819	0.01991	0.00937	0.06876	0.00836	0.00516	0.00445	0.00124	0.04298	0.02728	0.00248	0.00522
43	0.00552	0.00406	0.00532	0.00599	0.00664	0.00373	0.00434	0.00653	0.00826	0.01103	0.02233	0.61338	0.06429	0.01179	0.00514	0.00162	0.00266	0.14943	0.00371	0.06422
44	0.23603	0.02823	0.11576	0.03160	0.21799	0.12924	0.04241	0.01281	0.00873	0.03694	0.00739	0.02823	0.00612	0.00467	0.01527	0.00135	0.06636	0.00329	0.00224	0.00532
45	0.00498	0.00364	0.00470	0.00554	0.00591	0.00335	0.00373	0.00574	0.00802	0.01055	0.02472	0.76316	0.11570	0.01259	0.00520	0.00164	0.00235	0.01134	0.00381	0.00335
46	0.00847	0.02188	0.09092	0.02435	0.09616	0.00643	0.01474	0.01052	0.00850	0.02040	0.01931	0.03367	0.00769	0.06267	0.00460	0.00104	0.00367	0.00325	0.00239	0.55934
47	0.01792	0.18798	0.31968	0.01181	0.15019	0.04316	0.01059	0.03191	0.00939	0.04148	0.06880	0.02933	0.00890	0.00446	0.00375	0.00118	0.00489	0.01434	0.00229	0.03794
48	0.00650	0.00486	0.00692	0.00676	0.00765	0.00558	0.00526	0.06333	0.00753	0.01070	0.01141	0.05113	0.01075	0.02824	0.74626	0.00602	0.01018	0.00466	0.00240	0.00388
49	0.01091	0.64729	0.10678	0.00787	0.01139	0.09876	0.00791	0.01257	0.00864	0.01005	0.00617	0.00729	0.00547	0.00478	0.03832	0.00118	0.00516	0.00242	0.00181	0.00523
50	0.00908	0.04482	0.01287	0.01136	0.06741	0.01216	0.00890	0.01057	0.04024	0.01040	0.00624	0.00949	0.00594	0.00761	0.04304	0.00188	0.68774	0.00361	0.00192	0.00471
51	0.17301	0.09028	0.01218	0.05433	0.08584	0.26018	0.02701	0.02948	0.00921	0.04617	0.00719	0.03310	0.00617	0.00480	0.00515	0.00127	0.14413	0.00322	0.00230	0.00496
52	0.06707	0.10071	0.00698	0.00582	0.00681	0.00557	0.00430	0.03740	0.00837	0.01150	0.02052	0.57025	0.09842	0.01068	0.00493	0.02157	0.00274	0.00917	0.00346	0.00374
53	0.07376	0.21843	0.04196	0.03719	0.11954	0.16184	0.00787	0.07798	0.08744	0.01343	0.05346	0.05533	0.00922	0.00487	0.00384	0.00117	0.02101	0.00372	0.00260	0.00534
54	0.00751	0.10892	0.10258	0.00728	0.03929	0.01555	0.00593	0.00959	0.06469	0.04500	0.02699	0.30481	0.09591	0.11971	0.00656	0.00172	0.00349	0.00705	0.00312	0.02432
55	0.01844	0.14414	0.14699	0.04776	0.08943	0.00896	0.03131	0.05679	0.03846	0.04677	0.01068	0.01236	0.06378	0.05594	0.00466	0.00123	0.00425	0.00360	0.00250	0.21197
56	0.03032	0.34318	0.21614	0.04836	0.13025	0.02756	0.00978	0.04767	0.00915	0.02446	0.00742	0.00865	0.01707	0.00382	0.00337	0.00107	0.00482	0.00288	0.00204	0.06198
57	0.01085	0.12259	0.22459	0.01037	0.07957	0.10733	0.02975	0.08100	0.02826	0.08339	0.01062	0.06150	0.04236	0.00482	0.00384	0.00117	0.00485	0.00387	0.00263	0.08666

[dist]
# distance from previous block
# <min> <max>
0	1

[block]
# block no. 6 follows, 65 sequences, length 6
# corresponding to MSA columns:
# 456-461
name=unknown_G
#
# <colnr> <probs for GDERKNQSTAVLIFYWHMCP>
#	G	D	E	R	K	N	Q	S	T	A	V	L	I	F	Y	W	H	M	C	P
0	0.07606	0.13046	0.20299	0.04126	0.09763	0.06270	0.03962	0.06689	0.05944	0.07598	0.03139	0.04305	0.04578	0.00483	0.00383	0.00124	0.00469	0.00391	0.00267	0.00560
1	0.03772	0.10049	0.17017	0.00948	0.03857	0.05368	0.07836	0.08193	0.08379	0.08040	0.01264	0.06517	0.05875	0.03345	0.02163	0.00146	0.00467	0.02081	0.02014	0.02670
2	0.06671	0.13985	0.12552	0.00907	0.03879	0.12322	0.02443	0.13326	0.05764	0.04784	0.01110	0.05562	0.05948	0.00505	0.00395	0.00118	0.02217	0.00388	0.00278	0.06845
3	0.06658	0.15287	0.15754	0.00945	0.06052	0.10047	0.02740	0.06513	0.05904	0.04657	0.03672	0.04155	0.04040	0.02479	0.03004	0.00141	0.02217	0.00382	0.00261	0.05089
4	0.01116	0.03365	0.11378	0.01193	0.16674	0.11637	0.02415	0.10941	0.10141	0.07927	0.04583	0.03905	0.05392	0.00514	0.00429	0.00124	0.02566	0.00420	0.00300	0.04978
5	0.06098	0.09671	0.11940	0.05536	0.07027	0.06083	0.02752	0.09951	0.12120	0.06544	0.03859	0.01348	0.07256	0.01926	0.00413	0.00126	0.00430	0.00398	0.02252	0.04270

[dist]
# distance from previous block
# <min> <max>
7	317

[block]
# block no. 7 follows, 65 sequences, length 21
# corresponding to MSA columns:
# 790-810
name=unknown_H
#
# <colnr> <probs for GDERKNQSTAVLIFYWHMCP>
#	G	D	E	R	K	N	Q	S	T	A	V	L	I	F	Y	W	H	M	C	P
0	0.05265	0.12315	0.27674	0.03306	0.03942	0.06222	0.06341	0.06428	0.00976	0.06687	0.02293	0.02973	0.10292	0.00542	0.01813	0.00133	0.00498	0.00404	0.00255	0.01642
1	0.06855	0.23474	0.11991	0.00997	0.09323	0.10426	0.02024	0.09199	0.04060	0.06992	0.05958	0.01113	0.03538	0.00452	0.00361	0.00114	0.00461	0.00345	0.00267	0.02048
2	0.05421	0.10978	0.18959	0.02477	0.04908	0.03234	0.04504	0.11795	0.05776	0.08191	0.06039	0.02258	0.02103	0.01599	0.00419	0.00122	0.01847	0.00374	0.00285	0.08712
3	0.03673	0.11412	0.23049	0.01108	0.08381	0.08936	0.05664	0.10103	0.10590	0.01412	0.01034	0.06328	0.03101	0.00498	0.00420	0.00127	0.02936	0.00401	0.00258	0.00566
4	0.03706	0.27465	0.16131	0.00866	0.03461	0.09219	0.04595	0.02749	0.02985	0.01256	0.13819	0.01481	0.09636	0.00522	0.00375	0.00115	0.00444	0.00413	0.00258	0.00504
5	0.06831	0.09821	0.25094	0.01007	0.09264	0.04688	0.00907	0.05091	0.08394	0.06423	0.06878	0.02939	0.07268	0.01717	0.01840	0.00138	0.00455	0.00415	0.00279	0.00551
6	0.01063	0.75301	0.12369	0.00761	0.01144	0.01540	0.00805	0.01238	0.00838	0.01008	0.00592	0.00685	0.00526	0.00356	0.00279	0.00093	0.00460	0.00230	0.00175	0.00537
7	0.02643	0.00756	0.00933	0.00678	0.01035	0.00604	0.04045	0.02701	0.02541	0.08887	0.00836	0.00925	0.00658	0.00335	0.00325	0.00074	0.00329	0.00276	0.00273	0.71146
8	0.00597	0.00398	0.00448	0.00448	0.00448	0.00398	0.00249	0.00597	0.00597	0.00796	0.01293	0.02686	0.01492	0.85574	0.02089	0.00398	0.00398	0.00597	0.00249	0.00249
9	0.00596	0.00400	0.00457	0.00457	0.00461	0.00403	0.00261	0.00603	0.00600	0.00803	0.01285	0.02638	0.01471	0.81866	0.05769	0.00410	0.00429	0.00590	0.00247	0.00254
10	0.18211	0.00767	0.01005	0.00860	0.05984	0.00733	0.04531	0.05162	0.01087	0.53498	0.01317	0.01280	0.00884	0.00482	0.00389	0.00129	0.00373	0.02258	0.00420	0.00633
11	0.00522	0.00385	0.00492	0.00563	0.00609	0.00362	0.00385	0.00643	0.03644	0.01117	0.07878	0.69776	0.09681	0.01209	0.00514	0.00161	0.00236	0.01088	0.00387	0.00349
12	0.00894	0.00755	0.00874	0.00628	0.00991	0.00591	0.00504	0.05850	0.00916	0.01412	0.00745	0.00859	0.00613	0.00315	0.00310	0.00065	0.00313	0.00251	0.00253	0.82862
13	0.04928	0.06923	0.23873	0.08538	0.15889	0.02969	0.12616	0.02832	0.08553	0.01336	0.02858	0.01072	0.00729	0.01875	0.00458	0.00134	0.03255	0.00369	0.00225	0.00567
14	0.00784	0.00526	0.00631	0.00598	0.00706	0.00533	0.00434	0.07209	0.07624	0.08177	0.08221	0.16235	0.10076	0.23596	0.10513	0.00270	0.00410	0.02701	0.00349	0.00407
15	0.03906	0.10229	0.11499	0.04778	0.09764	0.09117	0.04390	0.02820	0.05632	0.05798	0.07158	0.14948	0.03444	0.01578	0.00460	0.00134	0.03040	0.00515	0.00283	0.00508
16	0.08627	0.02318	0.08941	0.02578	0.24609	0.02877	0.03426	0.06358	0.03441	0.07742	0.04029	0.04347	0.06676	0.00486	0.00391	0.00119	0.00416	0.00415	0.00281	0.11925
17	0.01110	0.19735	0.01306	0.11974	0.04041	0.03090	0.00763	0.17857	0.06038	0.04131	0.03251	0.04130	0.06020	0.00775	0.06676	0.00175	0.03203	0.02779	0.00313	0.02633
18	0.00931	0.06518	0.12000	0.05960	0.03219	0.07589	0.03240	0.07171	0.10407	0.02876	0.05798	0.01369	0.01011	0.06948	0.15064	0.00232	0.00570	0.00400	0.02671	0.06026
19	0.04440	0.12721	0.20744	0.03017	0.04428	0.12406	0.01873	0.05496	0.10577	0.05619	0.02307	0.06797	0.01847	0.04074	0.00458	0.00136	0.00483	0.01766	0.00270	0.00540
20	0.00761	0.00566	0.01878	0.01919	0.00797	0.03907	0.03099	0.01795	0.05170	0.08943	0.01781	0.38319	0.03954	0.13867	0.09185	0.00241	0.00415	0.02663	0.00341	0.00400

[dist]
# distance from previous block
# <min> <max>
2	65

[block]
# block no. 8 follows, 65 sequences, length 52
# corresponding to MSA columns:
# 876-927
name=unknown_I
#
# <colnr> <probs for GDERKNQSTAVLIFYWHMCP>
#	G	D	E	R	K	N	Q	S	T	A	V	L	I	F	Y	W	H	M	C	P
0	0.04035	0.16864	0.35249	0.02364	0.06321	0.01031	0.08377	0.02898	0.02574	0.02518	0.02887	0.03464	0.01739	0.00435	0.00401	0.00121	0.02749	0.00354	0.00216	0.05402
1	0.00924	0.15596	0.17911	0.00906	0.01219	0.00857	0.13028	0.01182	0.02789	0.10848	0.11867	0.11785	0.06815	0.00611	0.00436	0.00130	0.01748	0.00534	0.00299	0.00515
2	0.01044	0.00652	0.01005	0.02052	0.09363	0.00596	0.10746	0.01225	0.01026	0.26577	0.10142	0.07184	0.19957	0.00712	0.00461	0.00137	0.00357	0.05860	0.00385	0.00519
3	0.00937	0.15235	0.57600	0.01131	0.01661	0.01050	0.09741	0.01328	0.00889	0.05645	0.00767	0.00887	0.00558	0.00386	0.00381	0.00124	0.00575	0.00315	0.00195	0.00593
4	0.01039	0.20665	0.22643	0.00837	0.01186	0.03687	0.00842	0.06033	0.14871	0.08635	0.02330	0.01307	0.05317	0.06327	0.00490	0.00138	0.00444	0.00380	0.00282	0.02548
5	0.04783	0.00693	0.00793	0.00715	0.00906	0.00727	0.00549	0.11699	0.24479	0.16149	0.04008	0.26469	0.04733	0.00776	0.00445	0.00142	0.00311	0.00665	0.00415	0.00543
6	0.00724	0.00668	0.01066	0.59660	0.06844	0.00782	0.00951	0.00959	0.00866	0.01107	0.05526	0.01733	0.16382	0.00549	0.00428	0.00136	0.00461	0.00479	0.00235	0.00443
7	0.01107	0.01291	0.02100	0.01587	0.04137	0.19288	0.59900	0.03041	0.01031	0.01274	0.00789	0.01021	0.00604	0.00367	0.00456	0.00130	0.00692	0.00430	0.00213	0.00542
8	0.00549	0.00410	0.00570	0.02900	0.00715	0.00423	0.00461	0.00654	0.00778	0.01053	0.03786	0.54026	0.03846	0.01606	0.18410	0.00272	0.02688	0.06167	0.00337	0.00351
9	0.01118	0.00658	0.00792	0.00705	0.00898	0.00661	0.00543	0.11305	0.16737	0.25054	0.03505	0.28986	0.05657	0.00803	0.00455	0.00142	0.00311	0.00693	0.00430	0.00546
10	0.00969	0.01107	0.02422	0.01730	0.02145	0.01038	0.81522	0.01315	0.00969	0.01315	0.00830	0.01107	0.00623	0.00346	0.00484	0.00138	0.00692	0.00484	0.00208	0.00554
11	0.00527	0.00419	0.00476	0.00480	0.00598	0.00368	0.00366	0.00661	0.00990	0.01261	0.25100	0.07668	0.50709	0.01006	0.00494	0.00142	0.00220	0.07755	0.00400	0.00360
12	0.01650	0.00799	0.00992	0.00779	0.01076	0.00773	0.00636	0.22647	0.03967	0.53984	0.01500	0.07067	0.01058	0.00559	0.00420	0.00129	0.00368	0.00455	0.00471	0.00672
13	0.00567	0.00420	0.00556	0.00583	0.00656	0.00392	0.02557	0.00666	0.00861	0.03595	0.09095	0.53972	0.20000	0.01133	0.00530	0.00156	0.02516	0.01005	0.00381	0.00361
14	0.00969	0.01107	0.02422	0.01730	0.02145	0.01038	0.81522	0.01315	0.00969	0.01315	0.00830	0.01107	0.00623	0.00346	0.00484	0.00138	0.00692	0.00484	0.00208	0.00554
15	0.00775	0.00730	0.01231	0.84587	0.02827	0.00912	0.01140	0.01049	0.00821	0.01049	0.00730	0.01094	0.00547	0.00410	0.00410	0.00137	0.00547	0.00365	0.00182	0.00456
16	0.04008	0.01538	0.01438	0.01172	0.01448	0.46415	0.20208	0.11401	0.01191	0.03895	0.00795	0.00982	0.00634	0.00434	0.00406	0.00119	0.00658	0.02482	0.00250	0.00525
17	0.00917	0.02850	0.22108	0.02694	0.03794	0.02284	0.36128	0.01254	0.03427	0.01236	0.00787	0.01051	0.00624	0.02239	0.02182	0.00157	0.15121	0.00406	0.00201	0.00541
18	0.00823	0.02123	0.83447	0.01170	0.01777	0.00953	0.01517	0.01300	0.00867	0.01300	0.00737	0.00867	0.00520	0.00390	0.00390	0.00130	0.00607	0.00303	0.00173	0.00607
19	0.00602	0.00424	0.00533	0.00529	0.00551	0.00456	0.00346	0.00648	0.00617	0.00849	0.01215	0.02314	0.01326	0.58362	0.26832	0.00471	0.02855	0.00543	0.00238	0.00290
20	0.00500	0.00416	0.00437	0.00432	0.00564	0.00353	0.00324	0.00619	0.00972	0.01195	0.16703	0.03809	0.70248	0.01008	0.00485	0.00137	0.00206	0.00847	0.00392	0.00353
21	0.00907	0.00903	0.04297	0.51094	0.24644	0.02669	0.02652	0.05717	0.00927	0.01229	0.00756	0.01052	0.00584	0.00401	0.00409	0.00131	0.00534	0.00363	0.00202	0.00531
22	0.01380	0.01604	0.01032	0.00936	0.01132	0.62131	0.00705	0.07836	0.01165	0.01199	0.00843	0.05669	0.00732	0.00485	0.00372	0.00109	0.00620	0.00339	0.11239	0.00474
23	0.00521	0.00372	0.00500	0.00595	0.00628	0.00351	0.00417	0.00607	0.00806	0.01071	0.02251	0.75041	0.02670	0.01267	0.00529	0.00170	0.00256	0.11230	0.00381	0.00339
24	0.01077	0.05816	0.01478	0.02511	0.06806	0.03235	0.22307	0.06538	0.26509	0.01572	0.04546	0.01752	0.07896	0.00677	0.03000	0.00169	0.00511	0.02634	0.00349	0.00615
25	0.01155	0.01122	0.04928	0.05322	0.36446	0.11348	0.06898	0.08077	0.10999	0.07073	0.02035	0.01099	0.00769	0.00424	0.00410	0.00125	0.00506	0.00380	0.00270	0.00615
26	0.00545	0.00414	0.00465	0.00472	0.00587	0.00358	0.00346	0.00658	0.00947	0.03763	0.15477	0.20054	0.52373	0.01042	0.00490	0.00142	0.00216	0.00894	0.00396	0.00361
27	0.00855	0.00738	0.01215	0.77829	0.02689	0.00903	0.01101	0.03020	0.00867	0.05763	0.00786	0.01109	0.00577	0.00418	0.00411	0.00136	0.00534	0.00368	0.00206	0.00476
28	0.05719	0.06248	0.03371	0.01054	0.05847	0.44515	0.05095	0.03801	0.01051	0.02434	0.00902	0.03274	0.00828	0.02865	0.03068	0.00145	0.00620	0.08439	0.00243	0.00482
29	0.41839	0.00824	0.00748	0.00676	0.00871	0.04082	0.00522	0.05120	0.05521	0.03888	0.01012	0.01265	0.00845	0.06858	0.03357	0.00182	0.04760	0.00361	0.16761	0.00506
30	0.00523	0.00390	0.00466	0.00513	0.00580	0.00355	0.00359	0.00612	0.00841	0.01087	0.06275	0.41016	0.28227	0.09825	0.00668	0.00180	0.00250	0.05415	0.02083	0.00335
31	0.00717	0.06082	0.00671	0.00554	0.00683	0.00499	0.00427	0.00891	0.03200	0.08273	0.38783	0.10256	0.15233	0.06688	0.00581	0.00153	0.00257	0.05242	0.00402	0.00409
32	0.00925	0.00893	0.01467	0.37730	0.46634	0.02919	0.01197	0.01178	0.00891	0.01208	0.00751	0.01043	0.00603	0.00386	0.00407	0.00128	0.00519	0.00363	0.00194	0.00563
33	0.01524	0.00675	0.00870	0.00699	0.00972	0.00619	0.00566	0.01812	0.11708	0.59145	0.08007	0.01721	0.06896	0.00576	0.00421	0.00129	0.00321	0.00475	0.02225	0.00638
34	0.01128	0.35361	0.24452	0.00955	0.01343	0.18572	0.04148	0.03260	0.00955	0.03313	0.00716	0.00873	0.00590	0.00403	0.00344	0.00110	0.00555	0.02175	0.00203	0.00544
35	0.00798	0.00751	0.01258	0.76668	0.08923	0.00919	0.01140	0.01087	0.02429	0.01084	0.00751	0.01097	0.00569	0.00410	0.00410	0.00136	0.00538	0.00367	0.00189	0.00475
36	0.00528	0.00405	0.00487	0.00512	0.00600	0.00379	0.00374	0.00635	0.00850	0.01099	0.07785	0.24082	0.36382	0.05608	0.13802	0.00241	0.00371	0.03411	0.02104	0.00346
37	0.00898	0.00860	0.01475	0.42317	0.41945	0.00946	0.03348	0.01159	0.00880	0.01199	0.00753	0.01056	0.00599	0.00387	0.00410	0.00130	0.00522	0.00368	0.00193	0.00553
38	0.05306	0.07893	0.26574	0.08432	0.05233	0.09479	0.09565	0.07689	0.04141	0.03821	0.00893	0.05749	0.00730	0.00511	0.02121	0.00138	0.00550	0.00383	0.00238	0.00554
39	0.00967	0.19088	0.01454	0.38685	0.05995	0.06781	0.05248	0.05945	0.05557	0.01182	0.00870	0.01102	0.02860	0.02128	0.00416	0.00128	0.00512	0.00357	0.00219	0.00506
40	0.00505	0.00391	0.00461	0.00498	0.00581	0.00347	0.00353	0.00608	0.00903	0.01158	0.14474	0.39147	0.36870	0.01118	0.00502	0.00149	0.00219	0.00979	0.00391	0.00347
41	0.00652	0.00526	0.00637	0.00648	0.00706	0.04554	0.00473	0.02135	0.02414	0.01075	0.08116	0.31322	0.01868	0.10219	0.23020	0.02653	0.05697	0.02617	0.00305	0.00361
42	0.02686	0.00943	0.01349	0.06281	0.37596	0.05503	0.04383	0.12679	0.01109	0.10453	0.02458	0.02404	0.00939	0.00504	0.00426	0.00131	0.00471	0.08798	0.00291	0.00597
43	0.00713	0.00357	0.00535	0.00535	0.00535	0.00357	0.00357	0.00535	0.00535	0.00713	0.00713	0.01248	0.00713	0.01426	0.01604	0.88057	0.00357	0.00357	0.00178	0.00178
44	0.38837	0.00778	0.00744	0.00623	0.00867	0.00852	0.00508	0.20492	0.01081	0.10905	0.00955	0.01014	0.00702	0.00443	0.00316	0.00119	0.00325	0.00314	0.19606	0.00520
45	0.00929	0.01013	0.08332	0.23477	0.41469	0.02840	0.05021	0.01222	0.03445	0.01239	0.00788	0.01053	0.00635	0.00485	0.03090	0.00147	0.03674	0.00369	0.00202	0.00571
46	0.00823	0.02123	0.83447	0.01170	0.01777	0.00953	0.01517	0.01300	0.00867	0.01300	0.00737	0.00867	0.00520	0.00390	0.00390	0.00130	0.00607	0.00303	0.00173	0.00607
47	0.00632	0.00448	0.00617	0.00658	0.00742	0.00460	0.00532	0.00782	0.00844	0.02633	0.06879	0.08002	0.06915	0.08189	0.24687	0.00332	0.00557	0.35395	0.00330	0.00367
48	0.08031	0.00953	0.00996	0.00827	0.01057	0.13928	0.01798	0.13008	0.01128	0.30678	0.03070	0.03301	0.00908	0.00739	0.07299	0.00173	0.09178	0.00393	0.01968	0.00567
49	0.49558	0.15353	0.12735	0.00755	0.01085	0.03290	0.05274	0.02876	0.03364	0.01576	0.00654	0.00754	0.00512	0.00384	0.00299	0.00121	0.00414	0.00260	0.00234	0.00500
50	0.04956	0.08887	0.09826	0.05085	0.19356	0.00746	0.00757	0.01019	0.00919	0.05899	0.06900	0.03396	0.27401	0.02572	0.00455	0.00134	0.00369	0.00543	0.00292	0.00489
51	0.00991	0.10183	0.04860	0.01364	0.23154	0.04169	0.13528	0.03884	0.03580	0.02079	0.03264	0.01024	0.00740	0.00427	0.02012	0.00116	0.00476	0.00346	0.00235	0.23565

[dist]
# distance from previous block
# <min> <max>
0	61

# created by:
# /st0/software/busco_prod/Augustus/scripts/msa2prfl.pl ./align_prep/29574.fa
