[name]
unknown

[dist]
# distance from previous block
# <min> <max>
0	22

[block]
# block no. 0 follows, 74 sequences, length 45
# corresponding to MSA columns:
# 22-66
name=unknown_A
#
# <colnr> <probs for GDERKNQSTAVLIFYWHMCP>
#	G	D	E	R	K	N	Q	S	T	A	V	L	I	F	Y	W	H	M	C	P
0	0.00551	0.00409	0.00468	0.00493	0.00523	0.02535	0.00320	0.00646	0.05220	0.00880	0.02937	0.33124	0.01751	0.42037	0.04860	0.00267	0.00336	0.02076	0.00280	0.00287
1	0.00795	0.00739	0.04661	0.00640	0.03393	0.00556	0.00515	0.03084	0.03965	0.01250	0.00699	0.00801	0.00572	0.00293	0.00288	0.00064	0.00296	0.00236	0.00226	0.76928
2	0.01012	0.00858	0.03361	0.05147	0.32175	0.00809	0.06700	0.14076	0.02414	0.08885	0.00804	0.00926	0.00616	0.00352	0.00353	0.00101	0.00403	0.00318	0.00248	0.20442
3	0.00455	0.00377	0.00400	0.00409	0.00519	0.00325	0.00301	0.00568	0.02378	0.01038	0.08867	0.15005	0.66168	0.00951	0.00442	0.00128	0.00193	0.00807	0.00350	0.00319
4	0.00582	0.00474	0.00696	0.00666	0.00720	0.00588	0.00528	0.00705	0.00591	0.00868	0.00901	0.01339	0.00847	0.02390	0.69920	0.00516	0.16746	0.00384	0.00192	0.00345
5	0.01305	0.08621	0.04150	0.00942	0.05249	0.33642	0.00740	0.33455	0.02247	0.03709	0.00743	0.00803	0.00569	0.00439	0.01670	0.00111	0.00520	0.00287	0.00267	0.00530
6	0.00540	0.00361	0.00410	0.00410	0.00412	0.00363	0.00231	0.00543	0.00541	0.00724	0.01165	0.02403	0.01338	0.84667	0.04162	0.00366	0.00377	0.00536	0.00224	0.00228
7	0.00775	0.00668	0.00798	0.00616	0.04068	0.00510	0.00466	0.00942	0.00773	0.01210	0.00661	0.00775	0.00551	0.00277	0.00278	0.00057	0.00281	0.00224	0.00219	0.85850
8	0.00770	0.00660	0.00770	0.00550	0.00880	0.00495	0.00440	0.00935	0.00770	0.01210	0.00660	0.00770	0.00550	0.00275	0.00275	0.00055	0.00275	0.00220	0.00220	0.89224
9	0.00505	0.00351	0.00445	0.00499	0.00522	0.00341	0.00336	0.00561	0.00668	0.00887	0.01712	0.44041	0.02003	0.32754	0.01001	0.00231	0.00286	0.12280	0.00300	0.00279
10	0.00533	0.00387	0.00540	0.00540	0.00587	0.00433	0.00393	0.00626	0.00580	0.00820	0.01046	0.01745	0.01053	0.27655	0.60783	0.00527	0.00807	0.00440	0.00207	0.00300
11	0.00923	0.00797	0.00839	0.00755	0.00965	0.00923	0.00588	0.01972	0.83969	0.01553	0.01511	0.01385	0.01133	0.00504	0.00378	0.00126	0.00294	0.00420	0.00378	0.00588
12	0.00802	0.00773	0.03637	0.28921	0.37149	0.00782	0.04978	0.01031	0.00798	0.01134	0.00757	0.02735	0.00620	0.00366	0.00358	0.00111	0.00432	0.00343	0.07802	0.06472
13	0.00876	0.01001	0.02190	0.01564	0.01940	0.00939	0.83292	0.01189	0.00876	0.01189	0.00751	0.01001	0.00563	0.00313	0.00438	0.00125	0.00626	0.00438	0.00188	0.00501
14	0.00762	0.00702	0.04008	0.07973	0.01044	0.00567	0.01643	0.03292	0.04918	0.01245	0.06213	0.01054	0.03735	0.00357	0.00312	0.00076	0.00304	0.00296	0.00241	0.61257
15	0.01374	0.01748	0.01054	0.00957	0.01144	0.83642	0.00719	0.01469	0.01041	0.00908	0.00572	0.00672	0.00478	0.00388	0.00354	0.00097	0.02520	0.00241	0.00191	0.00430
16	0.01135	0.05913	0.13961	0.00966	0.07860	0.03692	0.04227	0.21221	0.05035	0.14441	0.07963	0.09595	0.01133	0.00553	0.00408	0.00129	0.00415	0.00449	0.00334	0.00571
17	0.00744	0.02323	0.01063	0.03228	0.04262	0.00711	0.19420	0.03906	0.21120	0.01218	0.02621	0.27524	0.05177	0.00683	0.00445	0.00133	0.02539	0.02135	0.00299	0.00450
18	0.00592	0.00497	0.00529	0.00500	0.00643	0.00494	0.00381	0.00974	0.24681	0.01244	0.17052	0.02808	0.46635	0.00784	0.00421	0.00124	0.00216	0.00660	0.00365	0.00398
19	0.00631	0.00500	0.00808	0.32516	0.01367	0.00550	0.05535	0.00734	0.00690	0.01960	0.01215	0.18865	0.07298	0.03241	0.03374	0.19244	0.00395	0.00526	0.00222	0.00329
20	0.00965	0.02546	0.16400	0.08351	0.15290	0.10598	0.16438	0.04384	0.03942	0.06379	0.00761	0.01893	0.00593	0.00402	0.00463	0.00120	0.09412	0.00342	0.00210	0.00512
21	0.01093	0.00982	0.01484	0.01187	0.06016	0.08819	0.34151	0.12606	0.13012	0.11542	0.00992	0.01077	0.02132	0.00404	0.00419	0.00120	0.02759	0.00392	0.00275	0.00539
22	0.00876	0.01001	0.02190	0.01564	0.01940	0.00939	0.83292	0.01189	0.00876	0.01189	0.00751	0.01001	0.00563	0.00313	0.00438	0.00125	0.00626	0.00438	0.00188	0.00501
23	0.00506	0.00400	0.00533	0.03777	0.06843	0.00379	0.00419	0.01657	0.00774	0.01008	0.03780	0.54744	0.21794	0.01002	0.00452	0.00140	0.00238	0.00894	0.00328	0.00335
24	0.03595	0.18138	0.15394	0.00976	0.03727	0.09159	0.13753	0.18203	0.05829	0.04205	0.00798	0.03178	0.00629	0.00395	0.00348	0.00109	0.00471	0.00327	0.00241	0.00528
25	0.01115	0.00935	0.02296	0.00965	0.07382	0.07932	0.07087	0.21423	0.24319	0.10007	0.02357	0.02230	0.03333	0.00480	0.00438	0.00120	0.06320	0.00388	0.00321	0.00555
26	0.00645	0.00322	0.00484	0.00484	0.00484	0.00322	0.00322	0.00484	0.00484	0.00645	0.00645	0.01128	0.00645	0.01289	0.01451	0.89201	0.00322	0.00322	0.00161	0.00161
27	0.03321	0.00617	0.06687	0.00611	0.04439	0.01577	0.01895	0.04705	0.07395	0.05965	0.06318	0.04150	0.24092	0.00606	0.00362	0.00112	0.00264	0.01272	0.25197	0.00415
28	0.05902	0.38594	0.09421	0.01900	0.05937	0.08092	0.07021	0.10887	0.05138	0.02928	0.00679	0.00762	0.00546	0.00356	0.00306	0.00099	0.00443	0.00267	0.00211	0.00510
29	0.00453	0.00352	0.00413	0.00449	0.00523	0.00311	0.00317	0.00541	0.00803	0.01023	0.10627	0.41773	0.39037	0.01025	0.00455	0.00136	0.00199	0.00898	0.00351	0.00311
30	0.00454	0.00368	0.00394	0.00403	0.00510	0.00316	0.00296	0.00553	0.00843	0.01046	0.10470	0.15248	0.63893	0.00944	0.00439	0.00127	0.00190	0.00802	0.02388	0.00316
31	0.00549	0.00424	0.00582	0.00723	0.09783	0.00414	0.00449	0.02465	0.04115	0.01037	0.03065	0.64733	0.04084	0.03545	0.00497	0.00150	0.00253	0.02454	0.00326	0.00351
32	0.02126	0.14528	0.10864	0.01067	0.04748	0.05521	0.25211	0.10791	0.03055	0.07669	0.00892	0.08592	0.00752	0.00437	0.00390	0.00115	0.02093	0.00400	0.00241	0.00509
33	0.00585	0.00460	0.00621	0.00603	0.00664	0.01889	0.00460	0.02054	0.01915	0.00884	0.01074	0.02847	0.03539	0.13244	0.58974	0.01972	0.07249	0.00428	0.00211	0.00330
34	0.02100	0.00467	0.00536	0.00477	0.00618	0.00469	0.00375	0.07732	0.00888	0.17111	0.01199	0.01319	0.00909	0.00704	0.09949	0.00152	0.00314	0.00354	0.53906	0.00422
35	0.00895	0.01028	0.15904	0.19156	0.30087	0.00866	0.16651	0.03806	0.00861	0.06072	0.00746	0.00945	0.00564	0.00351	0.00379	0.00117	0.00497	0.00344	0.00198	0.00532
36	0.06162	0.01640	0.04910	0.00903	0.06488	0.02290	0.09330	0.07715	0.03666	0.05812	0.00877	0.02824	0.00797	0.15686	0.11954	0.00231	0.17664	0.00391	0.00231	0.00430
37	0.02061	0.00919	0.02121	0.03996	0.05395	0.23648	0.02741	0.01046	0.06051	0.00978	0.00955	0.06775	0.02754	0.02909	0.23596	0.00256	0.11516	0.01665	0.00217	0.00404
38	0.00986	0.02487	0.01290	0.23845	0.38319	0.09601	0.00981	0.11048	0.00943	0.03356	0.00708	0.00908	0.00561	0.00373	0.00389	0.00114	0.03038	0.00320	0.00208	0.00525
39	0.02887	0.00525	0.00631	0.01993	0.04833	0.03675	0.04410	0.02278	0.00887	0.07239	0.12356	0.07283	0.42223	0.01809	0.02004	0.00133	0.00277	0.00640	0.03542	0.00377
40	0.00669	0.00411	0.00536	0.00520	0.00558	0.00434	0.00356	0.02053	0.11949	0.00824	0.00883	0.01413	0.00855	0.16579	0.06707	0.54047	0.00369	0.00380	0.00208	0.00249
41	0.00844	0.00683	0.04716	0.08528	0.04185	0.00665	0.04059	0.16004	0.08745	0.04857	0.06363	0.06439	0.11450	0.00609	0.02235	0.00126	0.00334	0.01739	0.16963	0.00457
42	0.00490	0.00364	0.00460	0.00515	0.00575	0.00342	0.00381	0.00584	0.00759	0.00982	0.03305	0.39668	0.21181	0.06948	0.04461	0.00183	0.00280	0.17884	0.00330	0.00309
43	0.06441	0.08156	0.01112	0.03031	0.03581	0.18418	0.02364	0.33396	0.14132	0.03279	0.00882	0.02047	0.00676	0.00427	0.00348	0.00109	0.00439	0.00321	0.00296	0.00543
44	0.00893	0.05346	0.05634	0.03506	0.11278	0.06910	0.07233	0.07455	0.05841	0.08284	0.02317	0.15818	0.09115	0.02147	0.00444	0.00124	0.03302	0.00502	0.00278	0.03575

[dist]
# distance from previous block
# <min> <max>
0	48

[block]
# block no. 1 follows, 74 sequences, length 30
# corresponding to MSA columns:
# 115-144
name=unknown_B
#
# <colnr> <probs for GDERKNQSTAVLIFYWHMCP>
#	G	D	E	R	K	N	Q	S	T	A	V	L	I	F	Y	W	H	M	C	P
0	0.08625	0.08241	0.07264	0.05406	0.08361	0.10562	0.01454	0.06005	0.05637	0.02083	0.05738	0.16516	0.05153	0.03570	0.02264	0.00137	0.00392	0.01895	0.00262	0.00434
1	0.03553	0.07471	0.09326	0.02368	0.07164	0.08782	0.07992	0.06473	0.02665	0.02355	0.00947	0.05583	0.04177	0.02902	0.00419	0.01571	0.01510	0.03025	0.00231	0.21483
2	0.05664	0.08996	0.04361	0.00783	0.02266	0.07248	0.00655	0.42270	0.02281	0.01740	0.00798	0.03190	0.00628	0.00407	0.00333	0.00098	0.00395	0.00305	0.00291	0.17290
3	0.00455	0.00352	0.00413	0.00449	0.00522	0.00313	0.00316	0.00543	0.00800	0.01021	0.11037	0.41025	0.37776	0.02605	0.00481	0.00140	0.00202	0.00890	0.00349	0.00310
4	0.00538	0.00359	0.00406	0.00408	0.00408	0.00358	0.00228	0.00539	0.00544	0.00726	0.01192	0.04607	0.01378	0.84738	0.01853	0.00354	0.00356	0.00553	0.00228	0.00227
5	0.00871	0.05928	0.19859	0.05186	0.10549	0.10104	0.03706	0.02113	0.13125	0.03357	0.11806	0.01266	0.03477	0.01928	0.00440	0.00120	0.05046	0.00379	0.00248	0.00491
6	0.01387	0.01749	0.01054	0.00953	0.01148	0.83156	0.00717	0.03725	0.01071	0.00948	0.00582	0.00675	0.00482	0.00384	0.00336	0.00096	0.00662	0.00242	0.00196	0.00436
7	0.02593	0.08406	0.22491	0.03555	0.24710	0.08873	0.01919	0.06611	0.06548	0.01238	0.03360	0.00942	0.00675	0.02022	0.00394	0.00114	0.02116	0.00313	0.00210	0.02912
8	0.02549	0.07296	0.11477	0.03537	0.21859	0.06428	0.05267	0.13514	0.10151	0.06646	0.02038	0.04740	0.01993	0.00431	0.00364	0.00113	0.00429	0.00367	0.00259	0.00542
9	0.00442	0.00370	0.00385	0.00395	0.00507	0.00313	0.00291	0.00535	0.00835	0.01007	0.05332	0.13399	0.72995	0.00962	0.00443	0.00128	0.00191	0.00813	0.00346	0.00313
10	0.06679	0.11565	0.07995	0.01177	0.05926	0.25472	0.29550	0.03812	0.00910	0.01131	0.00647	0.00804	0.00513	0.00349	0.00372	0.00109	0.02003	0.00313	0.00191	0.00482
11	0.00701	0.00660	0.01113	0.86063	0.02556	0.00825	0.01031	0.00948	0.00742	0.00948	0.00660	0.00990	0.00495	0.00371	0.00371	0.00124	0.00495	0.00330	0.00165	0.00412
12	0.01164	0.00884	0.01129	0.09470	0.04695	0.03061	0.08405	0.33885	0.11807	0.11855	0.03578	0.01113	0.01940	0.00480	0.01389	0.00124	0.03766	0.00373	0.00324	0.00560
13	0.00615	0.00386	0.00498	0.00486	0.00577	0.00353	0.00358	0.00753	0.00938	0.08976	0.46555	0.24305	0.07627	0.00830	0.00432	0.00124	0.00199	0.00733	0.04893	0.00361
14	0.01066	0.09596	0.02508	0.02875	0.15809	0.15038	0.02284	0.17835	0.01896	0.02999	0.00731	0.02046	0.00592	0.00364	0.00329	0.00092	0.00425	0.00288	0.00239	0.22986
15	0.05318	0.11509	0.04809	0.03292	0.01109	0.03587	0.12047	0.08307	0.04463	0.10956	0.03291	0.06129	0.04256	0.00442	0.00357	0.00103	0.01343	0.00375	0.00268	0.18040
16	0.02415	0.24059	0.22643	0.00809	0.02681	0.00922	0.02094	0.03600	0.04709	0.01224	0.06343	0.07845	0.00982	0.01750	0.00381	0.00117	0.00407	0.01570	0.00246	0.15203
17	0.00572	0.00402	0.00465	0.00465	0.00498	0.00409	0.00300	0.00691	0.07594	0.00897	0.08807	0.05265	0.01623	0.62442	0.01478	0.00297	0.00332	0.06917	0.00267	0.00278
18	0.00638	0.00608	0.03602	0.06081	0.10663	0.00552	0.11234	0.03132	0.02453	0.01167	0.11667	0.05756	0.33384	0.02339	0.00443	0.00126	0.00317	0.01570	0.03865	0.00401
19	0.02261	0.18461	0.07187	0.11637	0.14387	0.09107	0.11615	0.05249	0.03586	0.03961	0.04101	0.04377	0.00767	0.00411	0.00354	0.00110	0.00459	0.01259	0.00218	0.00492
20	0.00784	0.07529	0.49655	0.01083	0.08051	0.00853	0.07517	0.01143	0.04429	0.02820	0.00859	0.07955	0.00731	0.01439	0.00399	0.00123	0.01924	0.01993	0.00197	0.00516
21	0.00444	0.00374	0.00385	0.00387	0.00506	0.00315	0.00288	0.00542	0.00854	0.01030	0.08628	0.06546	0.76558	0.00937	0.00440	0.00126	0.00188	0.00786	0.00349	0.00315
22	0.00620	0.00398	0.00499	0.00513	0.00550	0.00377	0.00343	0.00580	0.00663	0.00872	0.02662	0.16553	0.15410	0.18988	0.04522	0.33297	0.00339	0.02270	0.00269	0.00276
23	0.01231	0.12850	0.02598	0.05402	0.11496	0.18313	0.04097	0.16461	0.05194	0.10975	0.02047	0.01084	0.03330	0.00465	0.00403	0.00121	0.02738	0.00348	0.00288	0.00559
24	0.00838	0.02096	0.10738	0.03741	0.09030	0.02917	0.06556	0.07555	0.04743	0.01133	0.02238	0.02290	0.02387	0.01633	0.08411	0.00180	0.32481	0.00364	0.00208	0.00461
25	0.00605	0.00398	0.00546	0.00610	0.00683	0.00383	0.00488	0.00733	0.00818	0.06252	0.04661	0.36057	0.02229	0.01035	0.00486	0.00158	0.00286	0.42873	0.00352	0.00344
26	0.00538	0.00406	0.00531	0.02644	0.00639	0.00378	0.03452	0.00678	0.01759	0.02632	0.31003	0.16491	0.25869	0.05444	0.02110	0.00146	0.00239	0.00715	0.03988	0.00339
27	0.00931	0.03308	0.10574	0.08926	0.14856	0.00971	0.15233	0.08471	0.05232	0.05545	0.00743	0.00930	0.00584	0.00437	0.00584	0.00128	0.21474	0.00345	0.00215	0.00511
28	0.02312	0.07406	0.08302	0.02683	0.18932	0.22355	0.07194	0.11492	0.04929	0.03982	0.00826	0.06404	0.00699	0.00425	0.00360	0.00110	0.00488	0.00353	0.00234	0.00512
29	0.35266	0.00989	0.09683	0.01012	0.14491	0.10606	0.09235	0.03261	0.00801	0.01362	0.02698	0.07593	0.00706	0.00421	0.00326	0.00116	0.00413	0.00341	0.00223	0.00457

[dist]
# distance from previous block
# <min> <max>
0	1

[block]
# block no. 2 follows, 74 sequences, length 6
# corresponding to MSA columns:
# 146-151
name=unknown_C
#
# <colnr> <probs for GDERKNQSTAVLIFYWHMCP>
#	G	D	E	R	K	N	Q	S	T	A	V	L	I	F	Y	W	H	M	C	P
0	0.00862	0.08134	0.01242	0.09578	0.30676	0.00835	0.06760	0.04066	0.09338	0.04369	0.06948	0.10923	0.01057	0.00495	0.00406	0.00118	0.02993	0.00445	0.00251	0.00503
1	0.05680	0.00531	0.00673	0.00561	0.00768	0.00474	0.00447	0.01307	0.00967	0.47981	0.11646	0.08319	0.14038	0.00615	0.00386	0.00118	0.00264	0.00513	0.04209	0.00501
2	0.00712	0.02488	0.16020	0.00749	0.04349	0.05336	0.03227	0.03208	0.02299	0.05367	0.09390	0.24225	0.12922	0.03834	0.00469	0.00136	0.00342	0.04220	0.00295	0.00411
3	0.03661	0.00565	0.00828	0.08217	0.12805	0.00578	0.04441	0.05401	0.00760	0.01072	0.04237	0.07319	0.06691	0.06247	0.15421	0.12981	0.00465	0.00440	0.00230	0.07640
4	0.00679	0.04770	0.00748	0.03448	0.07966	0.04133	0.00511	0.04332	0.07690	0.01160	0.14577	0.10516	0.26479	0.03388	0.02406	0.00141	0.05759	0.00595	0.00305	0.00397
5	0.01098	0.33312	0.07433	0.00870	0.06175	0.17001	0.02635	0.11286	0.04750	0.05220	0.00792	0.00850	0.03023	0.00381	0.00313	0.00096	0.00449	0.00278	0.00225	0.03812

[dist]
# distance from previous block
# <min> <max>
0	56

[block]
# block no. 3 follows, 74 sequences, length 27
# corresponding to MSA columns:
# 225-251
name=unknown_D
#
# <colnr> <probs for GDERKNQSTAVLIFYWHMCP>
#	G	D	E	R	K	N	Q	S	T	A	V	L	I	F	Y	W	H	M	C	P
0	0.01079	0.10412	0.14550	0.02210	0.11155	0.14653	0.10448	0.16483	0.03590	0.05383	0.00816	0.00909	0.02323	0.00389	0.00369	0.00108	0.01942	0.00318	0.00236	0.02626
1	0.06619	0.03844	0.07714	0.01981	0.02584	0.06171	0.02228	0.12789	0.09500	0.11426	0.02327	0.10322	0.01003	0.08037	0.07320	0.00178	0.02624	0.01277	0.00291	0.01767
2	0.28320	0.01037	0.08093	0.02619	0.07328	0.03517	0.08297	0.13495	0.07435	0.02629	0.05459	0.02614	0.00998	0.00629	0.02782	0.00168	0.00470	0.03193	0.00331	0.00585
3	0.03031	0.00535	0.06001	0.00574	0.00710	0.00466	0.03689	0.00762	0.04173	0.02324	0.16556	0.04411	0.22679	0.08605	0.20666	0.00257	0.00446	0.03465	0.00293	0.00358
4	0.00556	0.00377	0.00493	0.00502	0.00554	0.00385	0.00352	0.00624	0.00644	0.04143	0.01554	0.19046	0.10161	0.25898	0.29886	0.03132	0.00526	0.00607	0.00260	0.00300
5	0.00472	0.00378	0.00424	0.00419	0.00529	0.00329	0.00317	0.00594	0.00909	0.01160	0.29397	0.05246	0.53799	0.00890	0.00442	0.00125	0.00190	0.03690	0.00365	0.00326
6	0.00532	0.00411	0.00512	0.00554	0.00595	0.03879	0.00393	0.00609	0.00671	0.00895	0.01537	0.45051	0.01739	0.08529	0.27475	0.03081	0.00498	0.02457	0.00277	0.00307
7	0.00641	0.00362	0.00503	0.00480	0.00520	0.00342	0.00326	0.00536	0.00533	0.00724	0.00816	0.01287	0.04272	0.07177	0.01316	0.69937	0.00314	0.00347	0.00180	0.09385
8	0.00823	0.00925	0.07964	0.34390	0.22437	0.08107	0.07866	0.01056	0.00791	0.01040	0.00689	0.00958	0.00553	0.00552	0.06951	0.00155	0.03766	0.00332	0.00176	0.00469
9	0.03033	0.02746	0.01046	0.07841	0.03986	0.04766	0.00696	0.43397	0.19646	0.01831	0.00957	0.00979	0.00709	0.00430	0.00359	0.00111	0.00391	0.00335	0.00324	0.06416
10	0.00561	0.00414	0.00513	0.00503	0.00616	0.00355	0.00362	0.00666	0.00794	0.03690	0.12262	0.45131	0.13254	0.00883	0.00422	0.00123	0.00222	0.00782	0.00331	0.18115
11	0.03589	0.29853	0.25713	0.00810	0.01148	0.03911	0.03711	0.05969	0.03286	0.04027	0.08210	0.00972	0.01781	0.00409	0.00361	0.00105	0.04101	0.00306	0.00217	0.01524
12	0.00895	0.16406	0.26229	0.00793	0.01093	0.01887	0.02664	0.16767	0.00925	0.03553	0.00887	0.07374	0.00805	0.12994	0.03315	0.00163	0.02164	0.00379	0.00233	0.00477
13	0.00620	0.00332	0.00490	0.00493	0.00501	0.00338	0.00334	0.00506	0.00507	0.00683	0.00762	0.04878	0.00780	0.04926	0.10119	0.72607	0.00389	0.00370	0.00176	0.00187
14	0.11280	0.00882	0.09597	0.00734	0.01043	0.00772	0.00657	0.22547	0.02586	0.44408	0.01130	0.01047	0.00745	0.00433	0.00355	0.00114	0.00360	0.00335	0.00379	0.00597
15	0.01265	0.20086	0.02634	0.00863	0.03970	0.09839	0.03446	0.34771	0.07135	0.11145	0.00870	0.00883	0.00643	0.00407	0.00341	0.00105	0.00425	0.00307	0.00300	0.00566
16	0.00529	0.00485	0.05127	0.00617	0.03651	0.00406	0.02004	0.00690	0.04070	0.01096	0.14125	0.42274	0.16537	0.00941	0.00450	0.00138	0.00250	0.05923	0.00336	0.00352
17	0.00472	0.00359	0.00413	0.00438	0.00507	0.00324	0.00305	0.00549	0.00768	0.00976	0.08718	0.27662	0.37345	0.16119	0.00706	0.00175	0.00230	0.03306	0.00328	0.00298
18	0.00544	0.00401	0.00546	0.04869	0.00698	0.00416	0.00425	0.02589	0.01929	0.02260	0.10527	0.51622	0.02068	0.02679	0.13934	0.00218	0.02815	0.00808	0.00315	0.00335
19	0.00981	0.17332	0.23756	0.01140	0.04742	0.05990	0.26097	0.10683	0.00944	0.03852	0.00711	0.00841	0.00537	0.00349	0.00360	0.00110	0.00523	0.00320	0.00204	0.00527
20	0.00612	0.00362	0.00517	0.00511	0.00523	0.00387	0.00352	0.00543	0.00518	0.00708	0.00793	0.01397	0.00811	0.15974	0.17345	0.54082	0.03800	0.00373	0.00179	0.00214
21	0.00533	0.00386	0.00454	0.00460	0.00527	0.00369	0.00324	0.00667	0.04348	0.01084	0.22173	0.13468	0.17986	0.24938	0.00843	0.00193	0.00251	0.06250	0.04435	0.00311
22	0.00863	0.32277	0.47035	0.00866	0.01295	0.02302	0.01023	0.02284	0.00809	0.03071	0.04513	0.00820	0.00626	0.00363	0.00316	0.00103	0.00471	0.00268	0.00180	0.00515
23	0.02087	0.09106	0.03903	0.03587	0.06010	0.11668	0.00698	0.17667	0.19974	0.05999	0.01158	0.01484	0.02292	0.00518	0.00375	0.00119	0.00404	0.12127	0.00303	0.00519
24	0.01129	0.00873	0.00897	0.00758	0.00988	0.05606	0.00600	0.25258	0.42346	0.08763	0.02334	0.01233	0.00962	0.02279	0.00400	0.00122	0.00344	0.00384	0.04150	0.00574
25	0.64524	0.00755	0.00613	0.00556	0.00766	0.06341	0.00452	0.04446	0.01951	0.03876	0.03316	0.03898	0.00727	0.00445	0.00283	0.00119	0.00316	0.05945	0.00259	0.00413
26	0.04560	0.01006	0.01677	0.03373	0.26768	0.08705	0.37033	0.04395	0.00884	0.01210	0.00695	0.00912	0.00553	0.00355	0.00446	0.00119	0.06237	0.00364	0.00194	0.00514

[dist]
# distance from previous block
# <min> <max>
0	1

[block]
# block no. 4 follows, 74 sequences, length 16
# corresponding to MSA columns:
# 253-268
name=unknown_E
#
# <colnr> <probs for GDERKNQSTAVLIFYWHMCP>
#	G	D	E	R	K	N	Q	S	T	A	V	L	I	F	Y	W	H	M	C	P
0	0.07965	0.00761	0.00955	0.02829	0.13014	0.09170	0.08998	0.11854	0.00927	0.02486	0.02318	0.31532	0.01326	0.00680	0.00405	0.00128	0.00378	0.03554	0.00283	0.00437
1	0.44505	0.05314	0.00878	0.00728	0.00949	0.37761	0.02788	0.01265	0.00827	0.01285	0.00548	0.00642	0.00443	0.00359	0.00282	0.00105	0.00468	0.00224	0.00208	0.00421
2	0.11003	0.00937	0.02621	0.00977	0.03065	0.04969	0.20757	0.20477	0.21902	0.03721	0.05067	0.01099	0.00852	0.00425	0.00374	0.00118	0.00421	0.00378	0.00300	0.00537
3	0.00493	0.00378	0.00452	0.00433	0.00535	0.00337	0.00325	0.00638	0.00975	0.01309	0.54552	0.03069	0.33506	0.00826	0.00438	0.00120	0.00180	0.00713	0.00385	0.00337
4	0.00493	0.00354	0.00446	0.00478	0.00526	0.00332	0.00330	0.00583	0.00789	0.01062	0.23829	0.37472	0.10133	0.16767	0.00722	0.00179	0.00235	0.04628	0.00339	0.00303
5	0.00923	0.00797	0.00839	0.00755	0.00965	0.00923	0.00588	0.01972	0.83969	0.01553	0.01511	0.01385	0.01133	0.00504	0.00378	0.00126	0.00294	0.00420	0.00378	0.00588
6	0.00474	0.00355	0.00431	0.00463	0.00527	0.00323	0.00326	0.00567	0.00805	0.01054	0.18356	0.37413	0.25850	0.08059	0.00574	0.00155	0.00216	0.03395	0.00347	0.00309
7	0.00531	0.00395	0.00583	0.00583	0.00645	0.00457	0.00447	0.00654	0.00593	0.00852	0.01007	0.01527	0.00958	0.08706	0.79602	0.00580	0.00950	0.00408	0.00201	0.00324
8	0.00759	0.07035	0.80047	0.01033	0.01567	0.00898	0.01327	0.01172	0.00782	0.01157	0.00657	0.00772	0.00471	0.00351	0.00346	0.00115	0.00539	0.00270	0.00157	0.00544
9	0.00461	0.00343	0.00432	0.00498	0.00549	0.00314	0.00351	0.00541	0.00753	0.00973	0.02427	0.61307	0.20963	0.01102	0.00469	0.00147	0.00219	0.07501	0.00344	0.00307
10	0.02283	0.00786	0.04242	0.08727	0.01145	0.00800	0.05056	0.17546	0.25140	0.13281	0.06311	0.06866	0.02133	0.00517	0.00382	0.00120	0.00348	0.00439	0.03343	0.00532
11	0.13427	0.01161	0.15084	0.02769	0.23207	0.12803	0.12612	0.04705	0.00871	0.04696	0.00686	0.00838	0.00532	0.00368	0.00393	0.00115	0.04707	0.00307	0.00205	0.00513
12	0.39974	0.06885	0.00831	0.00630	0.00860	0.04863	0.03752	0.18785	0.00943	0.02693	0.00986	0.04947	0.07343	0.00456	0.00305	0.00112	0.00336	0.00336	0.04511	0.00450
13	0.03180	0.54461	0.16579	0.00848	0.01197	0.06947	0.00828	0.04494	0.00926	0.01184	0.00776	0.02953	0.00692	0.00466	0.00353	0.00122	0.00489	0.00300	0.00236	0.02969
14	0.07920	0.10787	0.29606	0.00761	0.01055	0.00775	0.00791	0.09179	0.00850	0.04490	0.01082	0.20167	0.01054	0.02094	0.03752	0.00145	0.00418	0.04364	0.00250	0.00461
15	0.06707	0.03106	0.00868	0.00702	0.00927	0.07029	0.00559	0.29227	0.15259	0.06032	0.05682	0.08886	0.07027	0.00547	0.00369	0.00114	0.00342	0.00439	0.00338	0.05839

[dist]
# distance from previous block
# <min> <max>
0	40

[block]
# block no. 5 follows, 74 sequences, length 15
# corresponding to MSA columns:
# 309-323
name=unknown_F
#
# <colnr> <probs for GDERKNQSTAVLIFYWHMCP>
#	G	D	E	R	K	N	Q	S	T	A	V	L	I	F	Y	W	H	M	C	P
0	0.00790	0.08895	0.14921	0.03153	0.03626	0.00697	0.12274	0.04354	0.00783	0.03260	0.03641	0.02234	0.04995	0.00649	0.02243	0.19236	0.00409	0.00359	0.04686	0.08794
1	0.02689	0.14033	0.46068	0.00905	0.03921	0.02662	0.00999	0.03699	0.00851	0.06374	0.07751	0.03382	0.00820	0.00411	0.00343	0.00109	0.00450	0.00324	0.00214	0.03996
2	0.00534	0.00486	0.07516	0.00509	0.00570	0.00394	0.00381	0.00603	0.00627	0.00846	0.01433	0.24220	0.03343	0.47765	0.05610	0.00285	0.00366	0.03972	0.00256	0.00284
3	0.05777	0.05175	0.02866	0.14084	0.09780	0.02160	0.00758	0.00903	0.00692	0.01012	0.04260	0.01182	0.06694	0.00818	0.11207	0.00191	0.31462	0.00366	0.00197	0.00415
4	0.37189	0.02978	0.03594	0.03626	0.06364	0.22239	0.02925	0.12823	0.00926	0.01454	0.00622	0.00728	0.00488	0.00419	0.02108	0.00119	0.00452	0.00255	0.00229	0.00461
5	0.00529	0.00391	0.00506	0.00565	0.00644	0.00371	0.00456	0.00657	0.00826	0.01064	0.06600	0.20392	0.20298	0.03253	0.00521	0.00159	0.00275	0.41826	0.00343	0.00325
6	0.00947	0.46064	0.03280	0.00697	0.00970	0.08734	0.00635	0.01076	0.00761	0.00965	0.00555	0.00675	0.00495	0.00357	0.00385	0.00087	0.11489	0.00225	0.00177	0.21427
7	0.00830	0.03522	0.30436	0.04307	0.01241	0.00803	0.03380	0.11775	0.06798	0.02322	0.00888	0.03228	0.01515	0.00717	0.10986	0.00172	0.03345	0.01887	0.00229	0.11620
8	0.04913	0.07089	0.07201	0.02824	0.03385	0.11885	0.09836	0.11068	0.17339	0.04172	0.03510	0.02374	0.00812	0.01663	0.00392	0.00114	0.01911	0.01328	0.00267	0.07918
9	0.00497	0.00363	0.00459	0.00511	0.00560	0.00346	0.00361	0.00608	0.03225	0.01009	0.08803	0.49580	0.11250	0.10498	0.00624	0.00170	0.00242	0.10243	0.00337	0.00311
10	0.00547	0.00387	0.00464	0.00506	0.00562	0.00384	0.00353	0.00728	0.09259	0.01062	0.03470	0.48843	0.06240	0.09944	0.00583	0.00161	0.00236	0.04174	0.11763	0.00332
11	0.04277	0.00729	0.14342	0.01709	0.03723	0.00559	0.00591	0.04251	0.02324	0.05148	0.25057	0.07688	0.21012	0.00719	0.01751	0.00130	0.04693	0.00569	0.00315	0.00413
12	0.00799	0.01717	0.03021	0.12575	0.30111	0.01732	0.06158	0.02560	0.02486	0.04501	0.02577	0.10118	0.00924	0.00883	0.15127	0.00204	0.02264	0.01547	0.00225	0.00472
13	0.00790	0.00460	0.00551	0.00497	0.00636	0.00430	0.00385	0.06616	0.00989	0.15650	0.27057	0.07102	0.18706	0.00697	0.00396	0.00116	0.00224	0.02794	0.15497	0.00407
14	0.00518	0.00350	0.00445	0.00491	0.00547	0.00320	0.00341	0.00606	0.00785	0.04441	0.11496	0.58918	0.13703	0.01029	0.00452	0.00139	0.00209	0.00918	0.03967	0.00324

[dist]
# distance from previous block
# <min> <max>
0	1

[block]
# block no. 6 follows, 74 sequences, length 15
# corresponding to MSA columns:
# 325-339
name=unknown_G
#
# <colnr> <probs for GDERKNQSTAVLIFYWHMCP>
#	G	D	E	R	K	N	Q	S	T	A	V	L	I	F	Y	W	H	M	C	P
0	0.06690	0.11504	0.21712	0.02128	0.24227	0.06958	0.09663	0.02714	0.04646	0.01188	0.00724	0.02599	0.00591	0.00406	0.01685	0.00119	0.01414	0.00317	0.00194	0.00520
1	0.03552	0.00635	0.05223	0.05614	0.13925	0.02090	0.00595	0.03945	0.00862	0.01211	0.18048	0.16470	0.10866	0.00785	0.05696	0.00146	0.00345	0.00560	0.00285	0.09145
2	0.00461	0.00330	0.00440	0.00520	0.00547	0.00308	0.00353	0.00535	0.00734	0.00982	0.06498	0.79451	0.02501	0.01137	0.00473	0.00150	0.00217	0.03711	0.00348	0.00305
3	0.00590	0.00482	0.04420	0.04145	0.00679	0.00420	0.00413	0.03249	0.01993	0.01293	0.32472	0.03751	0.19422	0.05366	0.00478	0.00129	0.00234	0.03686	0.16423	0.00357
4	0.00967	0.14189	0.13413	0.05421	0.39855	0.02451	0.03627	0.05168	0.00869	0.06290	0.00712	0.00867	0.00566	0.00360	0.00380	0.00110	0.03698	0.00307	0.00201	0.00550
5	0.00839	0.03468	0.01430	0.32599	0.24224	0.05358	0.18377	0.01091	0.02475	0.01086	0.00753	0.02939	0.00617	0.00377	0.00381	0.00118	0.00497	0.01385	0.01504	0.00480
6	0.55609	0.02637	0.00784	0.05199	0.02087	0.15678	0.01798	0.02490	0.00749	0.04209	0.00576	0.00684	0.00453	0.00375	0.00325	0.00114	0.05351	0.00235	0.00223	0.00425
7	0.00814	0.00786	0.01202	0.40958	0.24251	0.05384	0.05612	0.04790	0.00860	0.01121	0.04422	0.01195	0.06187	0.00415	0.00379	0.00118	0.00460	0.00376	0.00204	0.00466
8	0.01470	0.00595	0.00809	0.05159	0.00966	0.00533	0.00535	0.01623	0.01018	0.68730	0.05254	0.01330	0.01019	0.00466	0.00365	0.00113	0.00305	0.00382	0.08745	0.00580
9	0.00836	0.00749	0.01156	0.00963	0.03682	0.00781	0.23737	0.04179	0.31813	0.02832	0.09446	0.06343	0.01226	0.00676	0.06834	0.00159	0.00428	0.00476	0.03186	0.00498
10	0.00581	0.00491	0.05076	0.00537	0.00671	0.00387	0.00434	0.00713	0.00830	0.04947	0.13527	0.29914	0.20261	0.00871	0.00433	0.00129	0.00247	0.09664	0.00335	0.09953
11	0.00499	0.00371	0.00474	0.00534	0.00604	0.00347	0.00410	0.00609	0.00804	0.01036	0.05979	0.36684	0.22246	0.01048	0.00476	0.00150	0.00247	0.26817	0.00346	0.00319
12	0.00809	0.00754	0.01116	0.16925	0.38996	0.05006	0.00887	0.02711	0.02397	0.01142	0.03880	0.03165	0.05562	0.03318	0.00444	0.00130	0.00416	0.11637	0.00230	0.00475
13	0.02056	0.42162	0.23514	0.00806	0.02319	0.07415	0.00831	0.06243	0.02859	0.03000	0.00657	0.00754	0.00535	0.00479	0.04820	0.00123	0.00484	0.00252	0.00189	0.00501
14	0.04991	0.29341	0.36997	0.00926	0.01335	0.06061	0.09350	0.02998	0.00820	0.03093	0.00638	0.00743	0.00493	0.00343	0.00318	0.00104	0.00494	0.00265	0.00178	0.00510

[dist]
# distance from previous block
# <min> <max>
1	9

[block]
# block no. 7 follows, 74 sequences, length 7
# corresponding to MSA columns:
# 349-355
name=unknown_H
#
# <colnr> <probs for GDERKNQSTAVLIFYWHMCP>
#	G	D	E	R	K	N	Q	S	T	A	V	L	I	F	Y	W	H	M	C	P
0	0.06929	0.02737	0.17021	0.04820	0.30170	0.05989	0.09339	0.06294	0.04421	0.03561	0.00802	0.04822	0.00659	0.00395	0.00364	0.00115	0.00463	0.00353	0.00216	0.00531
1	0.00546	0.03323	0.04288	0.00493	0.00648	0.00419	0.00401	0.00683	0.00840	0.01126	0.20410	0.13238	0.31665	0.00913	0.06311	0.00147	0.00280	0.00643	0.00316	0.13310
2	0.14631	0.00541	0.03585	0.00527	0.00691	0.00490	0.00436	0.03043	0.00950	0.12493	0.37070	0.02331	0.15113	0.00678	0.00397	0.00121	0.00244	0.05894	0.00363	0.00404
3	0.56297	0.00685	0.00665	0.00553	0.00805	0.00724	0.00456	0.01363	0.00795	0.33174	0.00876	0.00853	0.00598	0.00388	0.00284	0.00115	0.00298	0.00266	0.00317	0.00489
4	0.00513	0.00389	0.00476	0.00475	0.00566	0.00360	0.00355	0.00686	0.04137	0.01277	0.45798	0.15654	0.22229	0.00866	0.00445	0.00127	0.00197	0.04730	0.00379	0.00343
5	0.00919	0.00882	0.01507	0.02278	0.84640	0.00882	0.01139	0.01139	0.00845	0.01213	0.00698	0.00919	0.00588	0.00331	0.00367	0.00110	0.00441	0.00331	0.00184	0.00588
6	0.00544	0.00427	0.00539	0.00584	0.06381	0.00400	0.00395	0.00712	0.04046	0.01229	0.38020	0.06434	0.26709	0.07546	0.00549	0.00142	0.00226	0.04411	0.00353	0.00353

[dist]
# distance from previous block
# <min> <max>
0	4

# created by:
# /st0/software/busco_prod/Augustus/scripts/msa2prfl.pl ./align_prep/29631.fa
