[name]
unknown

[dist]
# distance from previous block
# <min> <max>
0	287

[block]
# block no. 0 follows, 66 sequences, length 28
# corresponding to MSA columns:
# 290-300,304-320
name=unknown_A
#
# <colnr> <probs for GDERKNQSTAVLIFYWHMCP>
#	G	D	E	R	K	N	Q	S	T	A	V	L	I	F	Y	W	H	M	C	P
0	0.00654	0.00467	0.00654	0.00747	0.00841	0.00467	0.00654	0.00841	0.00934	0.01214	0.02148	0.04576	0.02335	0.01121	0.00560	0.00187	0.00374	0.80480	0.00374	0.00374
1	0.01410	0.14164	0.04591	0.00999	0.01239	0.66827	0.00802	0.01533	0.01078	0.00999	0.00620	0.00729	0.00522	0.00413	0.00374	0.00105	0.02655	0.00259	0.00202	0.00482
2	0.88607	0.00785	0.00596	0.00534	0.00785	0.00910	0.00439	0.01193	0.00690	0.01820	0.00565	0.00659	0.00439	0.00377	0.00251	0.00126	0.00314	0.00220	0.00251	0.00439
3	0.00522	0.00413	0.00470	0.00455	0.00574	0.00361	0.00342	0.00664	0.01025	0.01333	0.39356	0.03514	0.47652	0.00939	0.00479	0.00133	0.00199	0.00802	0.00408	0.00361
4	0.00579	0.00391	0.00443	0.00450	0.00457	0.00387	0.00258	0.00588	0.00617	0.00817	0.01466	0.08476	0.05039	0.76246	0.01890	0.00366	0.00374	0.00641	0.00261	0.00256
5	0.05237	0.00696	0.00922	0.00708	0.01022	0.00606	0.00584	0.01894	0.01125	0.75795	0.01512	0.01323	0.00960	0.00486	0.00396	0.00122	0.00342	0.00391	0.00478	0.05401
6	0.00512	0.00412	0.00453	0.00443	0.00564	0.00356	0.00330	0.00640	0.00988	0.01256	0.28873	0.03601	0.56259	0.02892	0.00515	0.00140	0.00205	0.00812	0.00396	0.00353
7	0.00951	0.08650	0.49397	0.01035	0.01466	0.15589	0.01165	0.03161	0.00902	0.01191	0.00739	0.00905	0.00577	0.00699	0.09900	0.00181	0.02455	0.00304	0.00189	0.00542
8	0.01004	0.00964	0.01647	0.02490	0.83211	0.00964	0.01245	0.01245	0.00924	0.01325	0.00763	0.01004	0.00643	0.00361	0.00402	0.00120	0.00482	0.00361	0.00201	0.00643
9	0.00850	0.00741	0.00917	0.00693	0.03369	0.00570	0.03275	0.01037	0.00848	0.01321	0.00726	0.00855	0.00603	0.00304	0.00309	0.00064	0.00319	0.00252	0.00238	0.82709
10	0.01364	0.00986	0.01124	0.00899	0.02608	0.01060	0.02608	0.55309	0.06988	0.07829	0.08558	0.01238	0.01036	0.00569	0.02316	0.00134	0.00423	0.00407	0.00397	0.04146
11	0.83910	0.00847	0.00626	0.00561	0.00810	0.05398	0.00458	0.01216	0.00715	0.01776	0.00568	0.00663	0.00444	0.00379	0.00257	0.00124	0.00336	0.00222	0.00249	0.00441
12	0.00614	0.00462	0.00560	0.02393	0.05092	0.00416	0.00411	0.00748	0.00969	0.05343	0.23142	0.03274	0.46548	0.06302	0.00572	0.00150	0.00246	0.01997	0.00378	0.00383
13	0.01194	0.00956	0.01017	0.00859	0.01118	0.01083	0.00683	0.32013	0.49916	0.02001	0.01414	0.03710	0.01074	0.00547	0.00413	0.00132	0.00366	0.00443	0.00409	0.00651
14	0.01508	0.01120	0.01198	0.00927	0.01245	0.01242	0.00763	0.76780	0.07041	0.02502	0.01017	0.01008	0.00725	0.00491	0.00406	0.00123	0.00438	0.00371	0.00406	0.00687
15	0.01453	0.01185	0.01244	0.06264	0.01377	0.24094	0.10267	0.21139	0.01275	0.22837	0.01010	0.01056	0.00719	0.00546	0.03555	0.00141	0.00558	0.00363	0.00331	0.00585
16	0.03336	0.01158	0.04922	0.03710	0.26764	0.10754	0.35602	0.02357	0.00970	0.04094	0.00792	0.01009	0.00616	0.00373	0.00440	0.00127	0.01794	0.00395	0.00216	0.00570
17	0.00590	0.00398	0.00461	0.00456	0.00495	0.00387	0.00290	0.00658	0.00759	0.01055	0.19313	0.04498	0.07170	0.51901	0.02785	0.00295	0.00329	0.00631	0.07234	0.00296
18	0.00521	0.00391	0.00486	0.00536	0.00610	0.00357	0.00391	0.00631	0.00890	0.01159	0.14378	0.41509	0.24985	0.01122	0.00507	0.00154	0.00237	0.10403	0.00386	0.00346
19	0.08158	0.10367	0.06928	0.00919	0.04198	0.06371	0.08372	0.13289	0.05453	0.05361	0.01256	0.20199	0.01214	0.00652	0.00415	0.00134	0.00424	0.05472	0.00308	0.00511
20	0.01014	0.11508	0.08998	0.13235	0.27532	0.04174	0.16538	0.05609	0.02234	0.03034	0.00798	0.02086	0.00639	0.00391	0.00399	0.00123	0.00532	0.00370	0.00216	0.00572
21	0.00502	0.00375	0.00467	0.00522	0.00582	0.00340	0.00362	0.00597	0.00863	0.01133	0.14130	0.55114	0.21227	0.01153	0.00503	0.00153	0.00222	0.01026	0.00387	0.00340
22	0.04395	0.01271	0.01895	0.05104	0.08646	0.22308	0.47770	0.01362	0.00988	0.01232	0.00752	0.00977	0.00584	0.00367	0.00432	0.00127	0.00659	0.00398	0.00206	0.00527
23	0.01118	0.03291	0.09971	0.12405	0.12516	0.20278	0.02602	0.07669	0.00968	0.04303	0.00713	0.00914	0.00576	0.00479	0.00609	0.00133	0.20379	0.00331	0.00218	0.00527
24	0.00738	0.00491	0.00615	0.00644	0.05720	0.00446	0.00444	0.00906	0.03951	0.12627	0.18522	0.17690	0.33847	0.00901	0.00469	0.00138	0.00249	0.00779	0.00398	0.00426
25	0.00554	0.00375	0.00458	0.00498	0.00508	0.00365	0.00306	0.00577	0.00666	0.00888	0.01658	0.37583	0.01953	0.46459	0.01391	0.04042	0.00325	0.00818	0.00298	0.00278
26	0.03303	0.09515	0.01002	0.00785	0.01006	0.07770	0.00632	0.10094	0.38464	0.02728	0.01592	0.06250	0.06418	0.00630	0.00412	0.00134	0.00373	0.07979	0.00360	0.00555
27	0.03993	0.02396	0.13544	0.01448	0.25727	0.24688	0.02111	0.11184	0.04857	0.03846	0.00800	0.00920	0.00624	0.00414	0.00398	0.00119	0.01780	0.00325	0.00243	0.00582

[dist]
# distance from previous block
# <min> <max>
0	1

[block]
# block no. 1 follows, 66 sequences, length 10
# corresponding to MSA columns:
# 322-331
name=unknown_B
#
# <colnr> <probs for GDERKNQSTAVLIFYWHMCP>
#	G	D	E	R	K	N	Q	S	T	A	V	L	I	F	Y	W	H	M	C	P
0	0.01574	0.01086	0.01186	0.00909	0.01233	0.01183	0.00751	0.72780	0.01823	0.11755	0.01045	0.01020	0.00726	0.00489	0.00406	0.00122	0.00435	0.00370	0.00417	0.00690
1	0.03086	0.10629	0.13394	0.02256	0.13711	0.02046	0.13224	0.11295	0.08829	0.05716	0.04164	0.01124	0.00821	0.00441	0.00428	0.00124	0.03525	0.01318	0.00269	0.03601
2	0.00685	0.00552	0.00771	0.04885	0.00896	0.00539	0.07785	0.05515	0.04791	0.01532	0.46760	0.02655	0.16059	0.00750	0.00460	0.00129	0.00276	0.00664	0.03871	0.00424
3	0.05650	0.00435	0.00477	0.00469	0.00504	0.00440	0.00287	0.02811	0.00682	0.00961	0.05525	0.06742	0.04814	0.66643	0.01695	0.00336	0.00365	0.00609	0.00272	0.00284
4	0.04196	0.01121	0.09606	0.12895	0.05683	0.05759	0.11706	0.27210	0.01265	0.15139	0.00952	0.01037	0.00673	0.00435	0.00406	0.00126	0.00504	0.00369	0.00313	0.00605
5	0.01044	0.05062	0.13164	0.04145	0.30524	0.08613	0.05443	0.04955	0.08308	0.04067	0.00883	0.03082	0.00716	0.00427	0.00420	0.00121	0.03015	0.00366	0.00240	0.05405
6	0.01105	0.35824	0.18773	0.00948	0.01325	0.01280	0.08184	0.14732	0.04259	0.04190	0.00767	0.00860	0.00602	0.00411	0.00400	0.00114	0.05113	0.00306	0.00236	0.00574
7	0.00494	0.00370	0.00458	0.00524	0.00579	0.00335	0.00360	0.00577	0.00828	0.01073	0.05727	0.61768	0.23049	0.01193	0.00507	0.00156	0.00226	0.01063	0.00379	0.00335
8	0.01087	0.08962	0.16811	0.02741	0.06936	0.07384	0.22929	0.01345	0.00956	0.15763	0.01090	0.08702	0.02469	0.00485	0.00417	0.00128	0.00523	0.00450	0.00267	0.00555
9	0.00955	0.01140	0.21318	0.29638	0.09903	0.03728	0.10112	0.01254	0.00917	0.10588	0.04171	0.01179	0.02436	0.00430	0.00412	0.00130	0.00529	0.00386	0.00235	0.00539

[dist]
# distance from previous block
# <min> <max>
10	21

[block]
# block no. 2 follows, 66 sequences, length 62
# corresponding to MSA columns:
# 354-415
name=unknown_C
#
# <colnr> <probs for GDERKNQSTAVLIFYWHMCP>
#	G	D	E	R	K	N	Q	S	T	A	V	L	I	F	Y	W	H	M	C	P
0	0.01058	0.01001	0.01448	0.09040	0.50956	0.09432	0.04084	0.01343	0.07630	0.04881	0.00855	0.01055	0.00688	0.00438	0.00454	0.03961	0.00495	0.00365	0.00230	0.00587
1	0.04589	0.00611	0.00924	0.11681	0.23621	0.00622	0.00732	0.00924	0.00846	0.05489	0.01584	0.35084	0.05148	0.00819	0.00475	0.01803	0.00357	0.03937	0.00301	0.00454
2	0.00828	0.00645	0.01018	0.42722	0.10072	0.00715	0.00855	0.01039	0.00914	0.08942	0.16421	0.03993	0.05838	0.00584	0.00469	0.03303	0.00417	0.00484	0.00279	0.00461
3	0.01058	0.04100	0.01460	0.22724	0.44663	0.06903	0.01100	0.07310	0.00992	0.04706	0.00786	0.01004	0.00623	0.00391	0.00395	0.00122	0.00504	0.00351	0.00223	0.00583
4	0.00949	0.02249	0.00926	0.05866	0.10231	0.08698	0.01778	0.10403	0.04032	0.06759	0.28863	0.01924	0.01867	0.11374	0.02191	0.00167	0.00394	0.00515	0.00340	0.00476
5	0.05803	0.00842	0.00982	0.00808	0.01058	0.00892	0.04154	0.32896	0.12760	0.11967	0.04957	0.08379	0.07490	0.00636	0.00428	0.00133	0.00370	0.04467	0.00397	0.00580
6	0.03660	0.02830	0.01714	0.03642	0.67199	0.00983	0.11520	0.01246	0.00917	0.01324	0.00759	0.00999	0.00629	0.00360	0.00404	0.00122	0.00503	0.00369	0.00202	0.00618
7	0.00548	0.00413	0.00508	0.00510	0.00603	0.00380	0.00373	0.00720	0.03484	0.01372	0.44019	0.22433	0.21202	0.00968	0.00486	0.00139	0.00209	0.00851	0.00414	0.00369
8	0.01004	0.00964	0.01647	0.02490	0.83211	0.00964	0.01245	0.01245	0.00924	0.01325	0.00763	0.01004	0.00643	0.00361	0.00402	0.00120	0.00482	0.00361	0.00201	0.00643
9	0.00607	0.00447	0.00591	0.00659	0.00758	0.00431	0.00557	0.00772	0.00935	0.01203	0.06709	0.08593	0.18290	0.01095	0.00538	0.00173	0.00324	0.56574	0.00378	0.00366
10	0.88607	0.00785	0.00596	0.00534	0.00785	0.00910	0.00439	0.01193	0.00690	0.01820	0.00565	0.00659	0.00439	0.00377	0.00251	0.00126	0.00314	0.00220	0.00251	0.00439
11	0.00896	0.00914	0.01388	0.01146	0.01198	0.01215	0.11082	0.01017	0.00664	0.01017	0.00569	0.00914	0.00543	0.00664	0.01224	0.00172	0.74368	0.00371	0.00181	0.00457
12	0.88607	0.00785	0.00596	0.00534	0.00785	0.00910	0.00439	0.01193	0.00690	0.01820	0.00565	0.00659	0.00439	0.00377	0.00251	0.00126	0.00314	0.00220	0.00251	0.00439
13	0.88607	0.00785	0.00596	0.00534	0.00785	0.00910	0.00439	0.01193	0.00690	0.01820	0.00565	0.00659	0.00439	0.00377	0.00251	0.00126	0.00314	0.00220	0.00251	0.00439
14	0.01009	0.00872	0.00917	0.00826	0.01055	0.01009	0.00642	0.02156	0.82478	0.01697	0.01651	0.01514	0.01238	0.00550	0.00413	0.00138	0.00321	0.00459	0.00413	0.00642
15	0.00494	0.00353	0.00471	0.00565	0.00588	0.00330	0.00377	0.00565	0.00777	0.01036	0.02236	0.85477	0.02683	0.01271	0.00518	0.00165	0.00235	0.01153	0.00377	0.00330
16	0.01085	0.85986	0.02126	0.00694	0.01041	0.01605	0.00694	0.01215	0.00824	0.00955	0.00564	0.00651	0.00521	0.00347	0.00260	0.00087	0.00434	0.00217	0.00174	0.00521
17	0.00822	0.00705	0.00819	0.00591	0.00940	0.00530	0.00472	0.00998	0.00846	0.01310	0.00899	0.01002	0.04936	0.00339	0.00310	0.00064	0.00295	0.00273	0.00248	0.83601
18	0.00578	0.00457	0.00541	0.00624	0.00670	0.04760	0.00450	0.00672	0.00826	0.01067	0.02135	0.65963	0.02505	0.01198	0.00518	0.00166	0.00287	0.15871	0.00367	0.00345
19	0.01820	0.00690	0.00942	0.00722	0.01036	0.00596	0.00596	0.01977	0.01161	0.83492	0.01601	0.01381	0.01004	0.00502	0.00408	0.00126	0.00345	0.00408	0.00502	0.00690
20	0.03956	0.01094	0.01189	0.00952	0.03135	0.01217	0.00766	0.71720	0.04251	0.02411	0.00971	0.00994	0.00702	0.00543	0.02213	0.00135	0.02330	0.00365	0.00388	0.00668
21	0.88607	0.00785	0.00596	0.00534	0.00785	0.00910	0.00439	0.01193	0.00690	0.01820	0.00565	0.00659	0.00439	0.00377	0.00251	0.00126	0.00314	0.00220	0.00251	0.00439
22	0.00557	0.00411	0.00520	0.00498	0.00597	0.00375	0.00372	0.00730	0.01099	0.01523	0.67895	0.06782	0.15379	0.00878	0.00480	0.00131	0.00195	0.00770	0.00433	0.00375
23	0.00506	0.00363	0.00483	0.00575	0.00607	0.00340	0.00396	0.00586	0.00792	0.01051	0.02273	0.77462	0.04532	0.01254	0.00520	0.00166	0.00245	0.07139	0.00376	0.00333
24	0.00554	0.00414	0.00514	0.00489	0.00594	0.00374	0.00367	0.00726	0.01100	0.01513	0.66059	0.03218	0.20837	0.00872	0.00479	0.00130	0.00194	0.00760	0.00432	0.00374
25	0.00523	0.00412	0.00472	0.00459	0.00575	0.00361	0.00343	0.00665	0.01024	0.01337	0.39992	0.04706	0.45803	0.00941	0.00480	0.00133	0.00200	0.00805	0.00409	0.00361
26	0.88607	0.00785	0.00596	0.00534	0.00785	0.00910	0.00439	0.01193	0.00690	0.01820	0.00565	0.00659	0.00439	0.00377	0.00251	0.00126	0.00314	0.00220	0.00251	0.00439
27	0.00526	0.00408	0.00479	0.00471	0.00579	0.00361	0.00349	0.00669	0.01021	0.01348	0.42053	0.09728	0.38647	0.00951	0.00482	0.00135	0.00201	0.00820	0.00410	0.00361
28	0.75367	0.00890	0.00782	0.00666	0.00927	0.06691	0.07141	0.01231	0.00744	0.01720	0.00590	0.00700	0.00460	0.00377	0.00278	0.00125	0.00373	0.00244	0.00244	0.00450
29	0.01168	0.01075	0.07871	0.01056	0.09593	0.09247	0.03283	0.21665	0.18809	0.08111	0.01263	0.12804	0.01071	0.00578	0.00419	0.00131	0.00434	0.00485	0.00345	0.00591
30	0.88607	0.00785	0.00596	0.00534	0.00785	0.00910	0.00439	0.01193	0.00690	0.01820	0.00565	0.00659	0.00439	0.00377	0.00251	0.00126	0.00314	0.00220	0.00251	0.00439
31	0.01009	0.00872	0.00917	0.00826	0.01055	0.01009	0.00642	0.02156	0.82478	0.01697	0.01651	0.01514	0.01238	0.00550	0.00413	0.00138	0.00321	0.00459	0.00413	0.00642
32	0.01004	0.00964	0.01647	0.02490	0.83211	0.00964	0.01245	0.01245	0.00924	0.01325	0.00763	0.01004	0.00643	0.00361	0.00402	0.00120	0.00482	0.00361	0.00201	0.00643
33	0.01026	0.01010	0.01658	0.08628	0.60563	0.04634	0.10386	0.04765	0.00972	0.01339	0.00770	0.01007	0.00628	0.00371	0.00409	0.00123	0.00519	0.00371	0.00209	0.00611
34	0.00494	0.00353	0.00471	0.00565	0.00588	0.00330	0.00377	0.00565	0.00777	0.01036	0.02236	0.85477	0.02683	0.01271	0.00518	0.00165	0.00235	0.01153	0.00377	0.00330
35	0.08911	0.01044	0.01670	0.01239	0.01576	0.03557	0.38157	0.21134	0.01173	0.09779	0.00890	0.01027	0.00649	0.00417	0.00471	0.00130	0.04986	0.00403	0.00287	0.02496
36	0.05389	0.05867	0.14088	0.01191	0.11583	0.16536	0.08444	0.01185	0.00846	0.01135	0.00743	0.01005	0.00638	0.02009	0.14635	0.00220	0.13449	0.00343	0.00199	0.00495
37	0.00580	0.00434	0.00647	0.00647	0.00717	0.00504	0.00500	0.00721	0.00650	0.00938	0.01092	0.01621	0.01026	0.05145	0.82048	0.00645	0.01069	0.00439	0.00218	0.00359
38	0.05178	0.00427	0.00521	0.00589	0.00645	0.00427	0.00406	0.00755	0.08815	0.01142	0.02091	0.72752	0.02423	0.01153	0.00493	0.00160	0.00248	0.01036	0.00374	0.00366
39	0.14386	0.03715	0.01058	0.00854	0.01116	0.17875	0.02176	0.28212	0.13505	0.07081	0.01036	0.05421	0.00820	0.00501	0.00379	0.00123	0.00452	0.00378	0.00338	0.00574
40	0.41373	0.01407	0.24081	0.00876	0.01224	0.18139	0.05082	0.01313	0.00846	0.01472	0.00637	0.00752	0.00487	0.00386	0.00324	0.00123	0.00500	0.00264	0.00218	0.00496
41	0.01127	0.00770	0.00824	0.00701	0.00918	0.00843	0.00557	0.23834	0.27912	0.07228	0.01352	0.01355	0.01006	0.00504	0.00368	0.00118	0.00314	0.00403	0.29295	0.00572
42	0.00796	0.01961	0.04512	0.05297	0.01068	0.04764	0.07836	0.01272	0.23814	0.01487	0.33254	0.02160	0.08781	0.00655	0.00444	0.00131	0.00339	0.00575	0.00368	0.00486
43	0.01004	0.00964	0.01647	0.02490	0.83211	0.00964	0.01245	0.01245	0.00924	0.01325	0.00763	0.01004	0.00643	0.00361	0.00402	0.00120	0.00482	0.00361	0.00201	0.00643
44	0.00853	0.00733	0.02901	0.02467	0.08190	0.00749	0.02031	0.08481	0.27536	0.01650	0.32435	0.04630	0.03200	0.00660	0.00443	0.00132	0.00311	0.01684	0.00390	0.00524
45	0.00580	0.00435	0.00652	0.00652	0.00724	0.00507	0.00507	0.00724	0.00652	0.00942	0.01087	0.01594	0.01014	0.03043	0.84134	0.00652	0.01087	0.00435	0.00217	0.00362
46	0.00809	0.03384	0.72788	0.02544	0.01667	0.00924	0.01378	0.01281	0.04446	0.01283	0.00944	0.01046	0.04886	0.00426	0.00390	0.00129	0.00563	0.00336	0.00193	0.00584
47	0.01164	0.00817	0.00896	0.00764	0.00989	0.00895	0.00595	0.18009	0.40808	0.13015	0.01445	0.01530	0.01116	0.11269	0.00613	0.00163	0.00353	0.00446	0.04517	0.00596
48	0.00848	0.01338	0.34962	0.09728	0.32152	0.00877	0.01230	0.01176	0.00903	0.01295	0.07386	0.01231	0.04228	0.00440	0.00405	0.00126	0.00501	0.00386	0.00213	0.00573
49	0.13971	0.00704	0.00893	0.00695	0.01001	0.00640	0.00574	0.01867	0.01095	0.72057	0.01456	0.01280	0.00925	0.00485	0.00386	0.00126	0.00341	0.00382	0.00467	0.00655
50	0.00503	0.00367	0.00475	0.00551	0.00593	0.00339	0.00379	0.00589	0.00822	0.01089	0.08115	0.69093	0.10743	0.01211	0.00513	0.00160	0.00234	0.03506	0.00381	0.00336
51	0.00530	0.00368	0.00460	0.00519	0.00534	0.00353	0.00328	0.00574	0.00707	0.00943	0.01879	0.54624	0.02233	0.32739	0.01094	0.00250	0.00294	0.00944	0.00328	0.00298
52	0.88607	0.00785	0.00596	0.00534	0.00785	0.00910	0.00439	0.01193	0.00690	0.01820	0.00565	0.00659	0.00439	0.00377	0.00251	0.00126	0.00314	0.00220	0.00251	0.00439
53	0.16306	0.00590	0.00781	0.00669	0.00858	0.00571	0.10028	0.00977	0.01960	0.08699	0.22544	0.06478	0.22215	0.00745	0.00438	0.00136	0.00302	0.04912	0.00363	0.00430
54	0.03670	0.08076	0.04860	0.00884	0.01219	0.01170	0.00764	0.58362	0.01636	0.13832	0.01008	0.00992	0.00707	0.00470	0.00389	0.00120	0.00435	0.00353	0.00386	0.00666
55	0.01009	0.00872	0.00917	0.00826	0.01055	0.01009	0.00642	0.02156	0.82478	0.01697	0.01651	0.01514	0.01238	0.00550	0.00413	0.00138	0.00321	0.00459	0.00413	0.00642
56	0.00964	0.00821	0.00884	0.00816	0.01028	0.00941	0.00644	0.01990	0.72196	0.01636	0.01714	0.01900	0.01377	0.00622	0.00431	0.00144	0.00328	0.10549	0.00408	0.00608
57	0.01289	0.01011	0.01075	0.00882	0.01162	0.01140	0.00710	0.44006	0.40172	0.02149	0.01296	0.01230	0.00950	0.00517	0.00409	0.00129	0.00387	0.00410	0.00409	0.00667
58	0.88607	0.00785	0.00596	0.00534	0.00785	0.00910	0.00439	0.01193	0.00690	0.01820	0.00565	0.00659	0.00439	0.00377	0.00251	0.00126	0.00314	0.00220	0.00251	0.00439
59	0.01085	0.85986	0.02126	0.00694	0.01041	0.01605	0.00694	0.01215	0.00824	0.00955	0.00564	0.00651	0.00521	0.00347	0.00260	0.00087	0.00434	0.00217	0.00174	0.00521
60	0.01229	0.00979	0.01001	0.00822	0.01057	0.11384	0.02532	0.39625	0.01488	0.05895	0.22192	0.02924	0.01576	0.00593	0.00424	0.00123	0.00405	0.02577	0.02616	0.00558
61	0.00846	0.06383	0.69109	0.01202	0.01764	0.00988	0.11574	0.01283	0.00868	0.01269	0.00731	0.00876	0.00527	0.00378	0.00391	0.00127	0.00602	0.00318	0.00176	0.00589

[dist]
# distance from previous block
# <min> <max>
0	3

[block]
# block no. 3 follows, 66 sequences, length 16
# corresponding to MSA columns:
# 419-427,432-438
name=unknown_D
#
# <colnr> <probs for GDERKNQSTAVLIFYWHMCP>
#	G	D	E	R	K	N	Q	S	T	A	V	L	I	F	Y	W	H	M	C	P
0	0.75032	0.00830	0.00729	0.00690	0.04779	0.03790	0.03550	0.01192	0.00731	0.01721	0.00644	0.03644	0.00537	0.00407	0.00280	0.00126	0.00348	0.00270	0.00250	0.00450
1	0.00981	0.16268	0.52182	0.01075	0.01578	0.01110	0.05906	0.13758	0.01020	0.01426	0.00743	0.00853	0.00548	0.00392	0.00373	0.00121	0.00552	0.00306	0.00210	0.00597
2	0.00635	0.00588	0.00546	0.00539	0.00664	0.09361	0.00398	0.00798	0.04859	0.01197	0.17109	0.15458	0.44487	0.00941	0.00470	0.00136	0.00269	0.00796	0.00373	0.00376
3	0.00498	0.00371	0.00464	0.00526	0.00581	0.00337	0.00362	0.00587	0.00843	0.01103	0.10049	0.60119	0.20324	0.01177	0.00506	0.00155	0.00225	0.01050	0.00383	0.00337
4	0.01301	0.01006	0.01092	0.00950	0.05288	0.02823	0.00726	0.43898	0.27985	0.04199	0.01234	0.03319	0.00931	0.00520	0.00407	0.00127	0.00399	0.00415	0.02733	0.00650
5	0.00805	0.00952	0.12966	0.15904	0.19660	0.00806	0.14622	0.01065	0.00890	0.01215	0.05144	0.01770	0.08754	0.05038	0.00540	0.00150	0.01780	0.07201	0.00239	0.00500
6	0.01303	0.01391	0.01060	0.00941	0.01150	0.41602	0.00726	0.07813	0.26298	0.03605	0.01012	0.01044	0.00786	0.00488	0.00448	0.00121	0.06311	0.00344	0.03015	0.00541
7	0.07370	0.04197	0.14821	0.01125	0.10735	0.02263	0.04956	0.36167	0.01344	0.09685	0.00907	0.00963	0.00654	0.00432	0.00387	0.00121	0.00469	0.00344	0.00317	0.02743
8	0.00685	0.00523	0.00628	0.00587	0.00712	0.00542	0.00447	0.03753	0.15826	0.01482	0.39336	0.02480	0.10385	0.03898	0.13471	0.00219	0.00370	0.00619	0.03608	0.00429
9	0.02507	0.31823	0.16324	0.02314	0.15974	0.05380	0.02258	0.07931	0.00981	0.07412	0.00847	0.00939	0.02854	0.00403	0.00348	0.00110	0.00479	0.00310	0.00231	0.00574
10	0.05499	0.00867	0.01213	0.01033	0.01061	0.01182	0.03348	0.00983	0.00635	0.01026	0.00573	0.00940	0.00563	0.02810	0.02974	0.00189	0.74120	0.00359	0.00185	0.00440
11	0.00503	0.00383	0.00463	0.00504	0.00578	0.00343	0.00355	0.00606	0.00892	0.01159	0.16979	0.43621	0.29925	0.01112	0.00498	0.00149	0.00218	0.00980	0.00389	0.00343
12	0.01017	0.07459	0.01038	0.02325	0.07087	0.15031	0.00681	0.01661	0.42462	0.01380	0.01405	0.14281	0.01231	0.00608	0.00409	0.00131	0.00401	0.00506	0.00335	0.00552
13	0.00956	0.03686	0.01090	0.01172	0.19176	0.14672	0.04485	0.05096	0.00966	0.02395	0.01323	0.09078	0.05649	0.02100	0.00531	0.05557	0.00450	0.14938	0.00274	0.06405
14	0.05411	0.17775	0.38845	0.01028	0.06826	0.00971	0.03043	0.02687	0.00867	0.04060	0.00961	0.13954	0.00879	0.00518	0.00379	0.00125	0.00479	0.00425	0.00226	0.00541
15	0.02242	0.20473	0.07655	0.03815	0.03213	0.02870	0.04424	0.15041	0.05295	0.01394	0.01364	0.11538	0.05841	0.00652	0.00412	0.00131	0.00419	0.12418	0.00296	0.00507

[dist]
# distance from previous block
# <min> <max>
0	7

[block]
# block no. 4 follows, 66 sequences, length 9
# corresponding to MSA columns:
# 446-454
name=unknown_E
#
# <colnr> <probs for GDERKNQSTAVLIFYWHMCP>
#	G	D	E	R	K	N	Q	S	T	A	V	L	I	F	Y	W	H	M	C	P
0	0.00563	0.00594	0.10833	0.00601	0.00730	0.00423	0.00507	0.00724	0.00903	0.01247	0.23549	0.41434	0.11130	0.00989	0.00478	0.00145	0.00264	0.00876	0.03629	0.00380
1	0.00929	0.13286	0.16243	0.01546	0.34350	0.04131	0.04852	0.01210	0.04360	0.01232	0.02911	0.08986	0.00914	0.02796	0.00439	0.00130	0.00476	0.00425	0.00225	0.00560
2	0.05108	0.03528	0.11688	0.01303	0.18436	0.01001	0.10368	0.14794	0.19475	0.04583	0.01084	0.04984	0.00860	0.00473	0.00406	0.00129	0.00453	0.00417	0.00300	0.00608
3	0.00849	0.00599	0.00690	0.00642	0.00809	0.00610	0.00497	0.04383	0.24352	0.10565	0.14630	0.13301	0.19437	0.00819	0.00460	0.00141	0.00276	0.06041	0.00413	0.00487
4	0.03060	0.01031	0.20260	0.04756	0.18260	0.00742	0.02209	0.01295	0.03312	0.17456	0.11985	0.03665	0.04114	0.00511	0.00407	0.00125	0.00413	0.00441	0.01737	0.04222
5	0.00974	0.09377	0.24722	0.03083	0.26203	0.00943	0.08344	0.02634	0.00914	0.06194	0.00838	0.03830	0.00678	0.00402	0.00385	0.00117	0.00495	0.00359	0.00221	0.09287
6	0.01046	0.00960	0.01511	0.09733	0.62989	0.03729	0.01151	0.06065	0.00988	0.03929	0.00839	0.01129	0.00699	0.00404	0.00406	0.00124	0.00486	0.02972	0.00227	0.00615
7	0.00588	0.00396	0.00460	0.00474	0.00483	0.00394	0.00286	0.00607	0.00629	0.00837	0.01413	0.08844	0.01627	0.73301	0.01840	0.00361	0.00380	0.06554	0.00265	0.00261
8	0.00641	0.00592	0.04525	0.02624	0.12888	0.00514	0.00567	0.00860	0.03641	0.01410	0.41113	0.05304	0.22191	0.00784	0.00461	0.00131	0.00269	0.00685	0.00372	0.00429

[dist]
# distance from previous block
# <min> <max>
0	1

[block]
# block no. 5 follows, 66 sequences, length 33
# corresponding to MSA columns:
# 456-488
name=unknown_F
#
# <colnr> <probs for GDERKNQSTAVLIFYWHMCP>
#	G	D	E	R	K	N	Q	S	T	A	V	L	I	F	Y	W	H	M	C	P
0	0.82649	0.00797	0.00668	0.00667	0.06391	0.00914	0.00494	0.01196	0.00706	0.01787	0.00578	0.00683	0.00453	0.00376	0.00261	0.00125	0.00325	0.00229	0.00248	0.00453
1	0.01069	0.13432	0.06401	0.00954	0.07046	0.08340	0.02485	0.15775	0.08652	0.03305	0.01258	0.02270	0.10519	0.00531	0.00477	0.00121	0.09002	0.00400	0.01454	0.06508
2	0.02363	0.00396	0.00481	0.00540	0.00602	0.00370	0.00374	0.02719	0.00842	0.01114	0.03849	0.62631	0.19890	0.01172	0.00500	0.00156	0.00235	0.01043	0.00376	0.00345
3	0.01005	0.03451	0.03522	0.03517	0.61524	0.06607	0.03067	0.01279	0.05021	0.01291	0.00924	0.03086	0.03069	0.00416	0.00402	0.00122	0.00484	0.00390	0.00219	0.00605
4	0.00958	0.01094	0.02394	0.01710	0.02120	0.01026	0.81737	0.01300	0.00958	0.01300	0.00821	0.01094	0.00616	0.00342	0.00479	0.00137	0.00684	0.00479	0.00205	0.00547
5	0.00897	0.00767	0.00815	0.00743	0.00948	0.00861	0.00577	0.01812	0.63794	0.01598	0.07546	0.02014	0.13170	0.00648	0.00429	0.00138	0.00297	0.01961	0.00409	0.00577
6	0.00841	0.00721	0.00841	0.00601	0.00961	0.00541	0.00481	0.01022	0.00841	0.01322	0.00721	0.00841	0.00601	0.00300	0.00300	0.00060	0.00300	0.00240	0.00240	0.88222
7	0.00841	0.00721	0.00841	0.00601	0.00961	0.00541	0.00481	0.01022	0.00841	0.01322	0.00721	0.00841	0.00601	0.00300	0.00300	0.00060	0.00300	0.00240	0.00240	0.88222
8	0.00502	0.00408	0.00445	0.00444	0.00564	0.00351	0.00330	0.00623	0.00966	0.01213	0.22027	0.09065	0.59649	0.00998	0.00482	0.00137	0.00204	0.00848	0.00393	0.00351
9	0.00585	0.00412	0.00537	0.00537	0.00570	0.00445	0.00364	0.00651	0.00618	0.00857	0.01192	0.02174	0.01266	0.48283	0.39239	0.00511	0.00707	0.00520	0.00233	0.00299
10	0.01635	0.00987	0.01125	0.00863	0.01184	0.01037	0.00713	0.55171	0.01658	0.29596	0.01183	0.01110	0.00795	0.00492	0.00407	0.00123	0.00413	0.00380	0.00438	0.00690
11	0.01820	0.00690	0.00942	0.00722	0.01036	0.00596	0.00596	0.01977	0.01161	0.83492	0.01601	0.01381	0.01004	0.00502	0.00408	0.00126	0.00345	0.00408	0.00502	0.00690
12	0.00504	0.00360	0.00479	0.00558	0.00591	0.00336	0.00377	0.00589	0.00821	0.01106	0.11867	0.75645	0.02820	0.01218	0.00513	0.00160	0.00230	0.01103	0.00385	0.00336
13	0.00976	0.00935	0.01596	0.12302	0.73621	0.00957	0.01231	0.01220	0.00910	0.01291	0.00758	0.01013	0.00631	0.00367	0.00402	0.00122	0.00489	0.00361	0.00198	0.00620
14	0.00594	0.00440	0.00572	0.00623	0.00723	0.00419	0.00517	0.00758	0.00964	0.01254	0.16996	0.07503	0.20587	0.01054	0.00526	0.00164	0.00298	0.45253	0.00387	0.00366
15	0.11775	0.20953	0.04624	0.00909	0.01170	0.52049	0.00751	0.01463	0.01009	0.01095	0.00609	0.00710	0.00512	0.00396	0.00329	0.00104	0.00609	0.00248	0.00204	0.00483
16	0.88607	0.00785	0.00596	0.00534	0.00785	0.00910	0.00439	0.01193	0.00690	0.01820	0.00565	0.00659	0.00439	0.00377	0.00251	0.00126	0.00314	0.00220	0.00251	0.00439
17	0.00946	0.00891	0.01507	0.07897	0.69112	0.00903	0.01165	0.01179	0.00912	0.01288	0.00908	0.04247	0.00825	0.00449	0.00417	0.00128	0.00470	0.05938	0.00218	0.00600
18	0.00839	0.00729	0.00930	0.18774	0.01363	0.00632	0.00626	0.02584	0.00855	0.01284	0.00726	0.00896	0.00590	0.00327	0.00325	0.00077	0.00355	0.00269	0.00231	0.67589
19	0.00498	0.00354	0.00470	0.00561	0.00583	0.00332	0.00372	0.00566	0.00770	0.01027	0.02202	0.82545	0.02641	0.04261	0.00573	0.00173	0.00241	0.01133	0.00372	0.00327
20	0.00659	0.00551	0.00804	0.00758	0.00812	0.00697	0.00605	0.00789	0.00644	0.00951	0.00944	0.01412	0.00890	0.02442	0.62796	0.00530	0.22711	0.00414	0.00207	0.00383
21	0.00860	0.13000	0.66983	0.01137	0.01689	0.01035	0.07311	0.01277	0.00860	0.01243	0.00713	0.00847	0.00522	0.00377	0.00376	0.00124	0.00584	0.00302	0.00174	0.00585
22	0.00580	0.00435	0.00652	0.00652	0.00724	0.00507	0.00507	0.00724	0.00652	0.00942	0.01087	0.01594	0.01014	0.03043	0.84134	0.00652	0.01087	0.00435	0.00217	0.00362
23	0.01543	0.00632	0.00834	0.00659	0.00935	0.00544	0.00538	0.01691	0.01117	0.66352	0.03771	0.01888	0.16427	0.00607	0.00423	0.00128	0.00316	0.00499	0.00478	0.00619
24	0.00766	0.00721	0.01217	0.84767	0.02794	0.00901	0.01127	0.01037	0.00811	0.01037	0.00721	0.01082	0.00541	0.00406	0.00406	0.00135	0.00541	0.00361	0.00180	0.00451
25	0.00964	0.01715	0.47537	0.03481	0.19825	0.11083	0.05837	0.01322	0.00917	0.02528	0.00742	0.00901	0.00558	0.00384	0.00393	0.00124	0.00589	0.00322	0.00190	0.00588
26	0.88607	0.00785	0.00596	0.00534	0.00785	0.00910	0.00439	0.01193	0.00690	0.01820	0.00565	0.00659	0.00439	0.00377	0.00251	0.00126	0.00314	0.00220	0.00251	0.00439
27	0.00676	0.00847	0.16320	0.01110	0.21223	0.00605	0.00783	0.00873	0.00868	0.01170	0.02100	0.26547	0.23642	0.00814	0.00454	0.00139	0.00356	0.00717	0.00295	0.00461
28	0.00887	0.07589	0.09939	0.00677	0.01061	0.00682	0.00615	0.02501	0.00866	0.02772	0.00730	0.00840	0.00594	0.00320	0.00310	0.00072	0.00347	0.00250	0.00235	0.68714
29	0.00504	0.00367	0.00475	0.00543	0.00587	0.00338	0.00371	0.00594	0.00841	0.01122	0.13429	0.66704	0.10251	0.01188	0.00509	0.00157	0.00227	0.01069	0.00386	0.00338
30	0.00841	0.00721	0.00841	0.00601	0.00961	0.00541	0.00481	0.01022	0.00841	0.01322	0.00721	0.00841	0.00601	0.00300	0.00300	0.00060	0.00300	0.00240	0.00240	0.88222
31	0.06868	0.00804	0.01311	0.35888	0.17563	0.00885	0.10607	0.01229	0.07071	0.05241	0.00951	0.01352	0.00776	0.01701	0.00439	0.00139	0.00491	0.05929	0.00240	0.00516
32	0.01340	0.16896	0.08602	0.00923	0.07466	0.04322	0.02857	0.05199	0.01035	0.33196	0.01047	0.01037	0.00739	0.00414	0.00362	0.00108	0.00418	0.00328	0.00326	0.13385

[dist]
# distance from previous block
# <min> <max>
0	1

[block]
# block no. 6 follows, 66 sequences, length 15
# corresponding to MSA columns:
# 490-504
name=unknown_G
#
# <colnr> <probs for GDERKNQSTAVLIFYWHMCP>
#	G	D	E	R	K	N	Q	S	T	A	V	L	I	F	Y	W	H	M	C	P
0	0.00480	0.00408	0.00414	0.00420	0.00550	0.00342	0.00312	0.00581	0.00916	0.01093	0.04003	0.08572	0.78448	0.01041	0.00482	0.00139	0.00207	0.00873	0.00377	0.00342
1	0.00952	0.01525	0.43260	0.01716	0.37330	0.00933	0.01339	0.01305	0.00903	0.05807	0.00791	0.00950	0.00597	0.00381	0.00394	0.00125	0.00534	0.00333	0.00202	0.00623
2	0.01092	0.00739	0.00874	0.00673	0.00974	0.00659	0.00540	0.10719	0.08757	0.17234	0.11380	0.01299	0.01155	0.00451	0.00366	0.00096	0.00314	0.00370	0.00352	0.41954
3	0.00766	0.00721	0.01217	0.84767	0.02794	0.00901	0.01127	0.01037	0.00811	0.01037	0.00721	0.01082	0.00541	0.00406	0.00406	0.00135	0.00541	0.00361	0.00180	0.00451
4	0.00956	0.19238	0.21199	0.01127	0.03252	0.05780	0.23112	0.01253	0.03123	0.03169	0.02970	0.07279	0.00829	0.00448	0.00393	0.00120	0.00528	0.00410	0.00224	0.04590
5	0.00560	0.00414	0.00522	0.00495	0.00597	0.00377	0.00371	0.00737	0.01114	0.01544	0.70746	0.03166	0.16130	0.00860	0.00479	0.00129	0.00194	0.00753	0.00436	0.00377
6	0.00976	0.01268	0.19611	0.03731	0.17236	0.06103	0.20547	0.02720	0.18919	0.01390	0.02822	0.01137	0.00802	0.00421	0.00419	0.00130	0.00531	0.00400	0.00251	0.00589
7	0.00528	0.00410	0.00481	0.00476	0.00586	0.00363	0.00357	0.00671	0.01015	0.01333	0.39279	0.09245	0.39477	0.00959	0.00484	0.00136	0.00206	0.03224	0.00408	0.00361
8	0.00802	0.02921	0.02301	0.00748	0.00868	0.09433	0.00599	0.05543	0.02903	0.01095	0.01237	0.03810	0.06453	0.06803	0.35736	0.00369	0.11456	0.04009	0.00249	0.02667
9	0.03321	0.50440	0.10907	0.00802	0.01143	0.08975	0.00781	0.12706	0.01006	0.01249	0.00729	0.04922	0.00649	0.00424	0.00317	0.00103	0.00469	0.00298	0.00222	0.00537
10	0.00518	0.00384	0.00466	0.00516	0.00573	0.00353	0.00357	0.00600	0.00815	0.01053	0.06193	0.43182	0.23520	0.13602	0.00736	0.00191	0.00258	0.05998	0.00360	0.00326
11	0.00947	0.07218	0.20521	0.01384	0.18726	0.05632	0.14209	0.01354	0.12361	0.01307	0.05578	0.01169	0.00876	0.02629	0.00489	0.00134	0.04274	0.00391	0.00237	0.00565
12	0.00589	0.00436	0.00520	0.00507	0.00597	0.00413	0.00364	0.04414	0.00971	0.01302	0.33423	0.13589	0.21931	0.15171	0.03797	0.00198	0.00279	0.00765	0.00377	0.00357
13	0.00722	0.00631	0.03054	0.00826	0.06873	0.00699	0.00593	0.00821	0.00706	0.02260	0.02888	0.04740	0.07013	0.27169	0.10755	0.00286	0.23946	0.03081	0.02556	0.00380
14	0.00993	0.29183	0.26642	0.00989	0.06101	0.05133	0.03899	0.05163	0.00916	0.01234	0.00686	0.00803	0.00552	0.00362	0.00334	0.00101	0.00488	0.00274	0.00200	0.15947

[dist]
# distance from previous block
# <min> <max>
2	10

[block]
# block no. 7 follows, 66 sequences, length 14
# corresponding to MSA columns:
# 515-528
name=unknown_H
#
# <colnr> <probs for GDERKNQSTAVLIFYWHMCP>
#	G	D	E	R	K	N	Q	S	T	A	V	L	I	F	Y	W	H	M	C	P
0	0.16033	0.00918	0.00991	0.03970	0.06819	0.02821	0.00695	0.30858	0.18595	0.01892	0.01170	0.08497	0.00985	0.00560	0.00395	0.00132	0.00388	0.03353	0.00351	0.00578
1	0.00945	0.00843	0.01021	0.15899	0.09681	0.03705	0.00755	0.05202	0.35612	0.01489	0.06317	0.01400	0.03090	0.00495	0.00400	0.00123	0.00383	0.00419	0.00322	0.11900
2	0.01083	0.40308	0.15455	0.00909	0.02568	0.08076	0.02577	0.08811	0.03276	0.01213	0.00678	0.00791	0.00564	0.00411	0.00418	0.00109	0.08517	0.00277	0.00209	0.03749
3	0.00927	0.10544	0.09659	0.01009	0.01136	0.01226	0.00907	0.04326	0.00729	0.01083	0.00581	0.00860	0.00538	0.00611	0.01038	0.00156	0.60218	0.00330	0.00188	0.03935
4	0.09834	0.14336	0.21759	0.02147	0.10426	0.09622	0.00945	0.14873	0.02015	0.03592	0.00752	0.00852	0.00579	0.00401	0.00363	0.00114	0.01456	0.00296	0.00242	0.05395
5	0.00615	0.00452	0.00612	0.00604	0.00657	0.00510	0.00439	0.00751	0.04434	0.00923	0.01143	0.01879	0.01140	0.27691	0.50634	0.03478	0.02991	0.00478	0.00233	0.00336
6	0.09338	0.07129	0.19221	0.02456	0.17046	0.08415	0.04215	0.05804	0.03871	0.02706	0.02699	0.00941	0.00672	0.00390	0.00361	0.00112	0.00476	0.00315	0.00233	0.13599
7	0.00714	0.00559	0.00792	0.02663	0.11672	0.00541	0.03498	0.00888	0.05246	0.03928	0.01618	0.29461	0.05408	0.16106	0.05394	0.00212	0.00382	0.02279	0.00305	0.08336
8	0.00675	0.00523	0.00684	0.04201	0.07064	0.00490	0.00530	0.00748	0.00893	0.01185	0.02434	0.53351	0.16836	0.01264	0.04437	0.00199	0.00348	0.03326	0.00386	0.00428
9	0.00929	0.01028	0.13432	0.30561	0.32772	0.00912	0.05859	0.01214	0.00894	0.05792	0.02279	0.01072	0.00665	0.00395	0.00407	0.00128	0.00518	0.00368	0.00211	0.00562
10	0.02285	0.04251	0.00977	0.00807	0.05762	0.02613	0.00605	0.26421	0.03526	0.01705	0.05955	0.07617	0.03841	0.00515	0.00374	0.00105	0.00351	0.00420	0.05198	0.26671
11	0.00947	0.09135	0.23483	0.01010	0.06978	0.00894	0.06467	0.06318	0.11617	0.05631	0.10397	0.03468	0.02327	0.00486	0.00394	0.00119	0.00431	0.00413	0.00286	0.09199
12	0.03371	0.07366	0.07690	0.00714	0.00947	0.03702	0.00608	0.03432	0.23173	0.06758	0.06270	0.16175	0.10347	0.00681	0.00413	0.00129	0.00336	0.00571	0.00347	0.06970
13	0.04161	0.44573	0.22589	0.00878	0.04271	0.02675	0.00888	0.02736	0.05399	0.01180	0.02151	0.02224	0.00675	0.00442	0.01644	0.00115	0.00470	0.00291	0.02098	0.00540

[dist]
# distance from previous block
# <min> <max>
7	38

[block]
# block no. 8 follows, 66 sequences, length 23
# corresponding to MSA columns:
# 571-585,592-599
name=unknown_I
#
# <colnr> <probs for GDERKNQSTAVLIFYWHMCP>
#	G	D	E	R	K	N	Q	S	T	A	V	L	I	F	Y	W	H	M	C	P
0	0.01336	0.01745	0.09616	0.01093	0.03971	0.60273	0.05032	0.03982	0.01088	0.01084	0.00707	0.00911	0.00601	0.06259	0.00493	0.00129	0.00675	0.00306	0.00213	0.00485
1	0.02615	0.02117	0.02942	0.03320	0.03138	0.00621	0.01591	0.05788	0.01915	0.18373	0.01415	0.09262	0.09314	0.00531	0.00378	0.00104	0.00329	0.00444	0.00327	0.35476
2	0.02541	0.01113	0.00930	0.00839	0.01048	0.25232	0.00639	0.07031	0.34330	0.01428	0.01310	0.13496	0.01147	0.00593	0.00404	0.00125	0.00436	0.00478	0.00333	0.06549
3	0.00514	0.00372	0.00489	0.00568	0.00611	0.00347	0.00399	0.00606	0.00828	0.01098	0.07891	0.66439	0.08229	0.01210	0.00517	0.00162	0.00244	0.08756	0.00381	0.00338
4	0.01045	0.07172	0.04759	0.00886	0.01800	0.27977	0.04268	0.02138	0.14898	0.02970	0.02304	0.21320	0.01310	0.00677	0.00422	0.00131	0.00476	0.04667	0.00299	0.00481
5	0.01095	0.53872	0.05463	0.00932	0.08978	0.09872	0.00777	0.03376	0.06854	0.01103	0.00733	0.02505	0.00649	0.01853	0.00341	0.00105	0.00464	0.00286	0.00208	0.00535
6	0.01072	0.37721	0.15660	0.00881	0.01196	0.02403	0.00869	0.14779	0.03020	0.01305	0.00724	0.02861	0.00620	0.00467	0.00498	0.00118	0.14724	0.00309	0.00224	0.00547
7	0.01005	0.02964	0.08851	0.01197	0.22769	0.00773	0.00811	0.02572	0.11837	0.11721	0.04647	0.06972	0.01998	0.00485	0.00389	0.00114	0.00380	0.00421	0.00300	0.19794
8	0.00507	0.00364	0.00468	0.00540	0.00572	0.00340	0.00359	0.00579	0.00786	0.01045	0.06432	0.67611	0.07679	0.09868	0.00672	0.00184	0.00247	0.01055	0.00367	0.00325
9	0.00828	0.00773	0.00793	0.00734	0.00852	0.14863	0.00565	0.03813	0.02932	0.01069	0.02681	0.01434	0.00959	0.08396	0.43454	0.00411	0.06760	0.00402	0.02150	0.06131
10	0.00612	0.00450	0.00619	0.00569	0.00618	0.00453	0.05886	0.00678	0.00682	0.00932	0.09570	0.02420	0.01584	0.58230	0.14674	0.00389	0.00501	0.00573	0.00259	0.00299
11	0.01389	0.00994	0.01090	0.00852	0.01137	0.01080	0.00697	0.64595	0.01746	0.05859	0.15007	0.01343	0.01239	0.00546	0.00418	0.00123	0.00399	0.00430	0.00417	0.00638
12	0.01007	0.10191	0.08087	0.06572	0.46959	0.00994	0.04059	0.04105	0.02795	0.04252	0.00891	0.01231	0.00757	0.00429	0.00400	0.00124	0.00480	0.05841	0.00229	0.00597
13	0.00896	0.11411	0.47616	0.01355	0.09106	0.01040	0.20395	0.01277	0.00883	0.01254	0.00734	0.00903	0.00550	0.00369	0.00395	0.00125	0.00590	0.00338	0.00182	0.00582
14	0.00596	0.00431	0.00618	0.00614	0.00668	0.00491	0.00457	0.00692	0.00632	0.00899	0.01085	0.01748	0.01068	0.17865	0.62198	0.06309	0.02622	0.00456	0.00219	0.00331
15	0.00785	0.00593	0.00767	0.00954	0.17496	0.02652	0.00599	0.01051	0.08183	0.01366	0.05044	0.12983	0.03037	0.00688	0.00407	0.00130	0.00310	0.13075	0.29429	0.00450
16	0.01129	0.07827	0.39745	0.01040	0.03070	0.15159	0.02092	0.07319	0.03652	0.11167	0.00900	0.03551	0.00682	0.00441	0.00384	0.00122	0.00547	0.00340	0.00250	0.00582
17	0.01165	0.04036	0.02520	0.04197	0.32700	0.05624	0.14763	0.16210	0.01130	0.08485	0.00931	0.04722	0.00751	0.00438	0.00414	0.00124	0.00503	0.00409	0.00271	0.00605
18	0.01037	0.02940	0.02880	0.00914	0.01150	0.08912	0.16641	0.04372	0.00981	0.14795	0.01630	0.03858	0.16518	0.00645	0.01801	0.00139	0.09126	0.02898	0.05163	0.03599
19	0.31346	0.04511	0.12614	0.01215	0.23302	0.07184	0.00854	0.04141	0.00876	0.03481	0.00711	0.00873	0.00571	0.02569	0.00378	0.00125	0.00442	0.00292	0.00231	0.04286
20	0.01840	0.07078	0.00945	0.00898	0.11066	0.02564	0.04171	0.01742	0.09156	0.03026	0.07320	0.16056	0.03577	0.00812	0.01325	0.14259	0.03941	0.00542	0.09253	0.00430
21	0.00931	0.26642	0.28883	0.00897	0.03678	0.01057	0.00921	0.06584	0.03618	0.02286	0.00813	0.01032	0.00683	0.06347	0.09179	0.00184	0.00545	0.00318	0.00214	0.05188
22	0.09784	0.09102	0.07119	0.00909	0.04634	0.11175	0.00741	0.19823	0.22556	0.01655	0.01042	0.03741	0.00833	0.01938	0.00401	0.00125	0.00434	0.00369	0.00312	0.03305

[dist]
# distance from previous block
# <min> <max>
2	6

[block]
# block no. 9 follows, 66 sequences, length 7
# corresponding to MSA columns:
# 620-624,628,629
name=unknown_J
#
# <colnr> <probs for GDERKNQSTAVLIFYWHMCP>
#	G	D	E	R	K	N	Q	S	T	A	V	L	I	F	Y	W	H	M	C	P
0	0.15491	0.11216	0.26385	0.00772	0.01108	0.00843	0.00810	0.02432	0.03851	0.03243	0.04144	0.05290	0.06254	0.00585	0.02049	0.00134	0.00418	0.05280	0.03742	0.05954
1	0.05598	0.06241	0.13511	0.08864	0.23260	0.02762	0.02588	0.03774	0.00893	0.03171	0.00766	0.00954	0.00616	0.00531	0.05569	0.00141	0.00496	0.00315	0.00219	0.19730
2	0.09903	0.00719	0.00864	0.00649	0.00963	0.00608	0.04057	0.03896	0.00877	0.07181	0.00957	0.01060	0.04948	0.00434	0.00399	0.05224	0.00325	0.00304	0.00268	0.56366
3	0.00647	0.00654	0.05960	0.08613	0.11623	0.00581	0.04281	0.00808	0.00852	0.01115	0.04874	0.13412	0.30579	0.08181	0.03069	0.00176	0.03189	0.00678	0.00295	0.00412
4	0.00799	0.03648	0.02684	0.06018	0.08887	0.00624	0.00607	0.04714	0.03209	0.03691	0.08741	0.18703	0.07549	0.00660	0.00409	0.00117	0.00325	0.02784	0.00309	0.25523
5	0.00721	0.05901	0.07799	0.00726	0.00872	0.02172	0.03542	0.04439	0.05243	0.02709	0.04637	0.43580	0.06671	0.02828	0.00559	0.00154	0.05896	0.00800	0.00329	0.00422
6	0.05054	0.10558	0.06656	0.00913	0.06483	0.03558	0.00731	0.22512	0.16114	0.06979	0.04385	0.08253	0.01050	0.00533	0.00389	0.00122	0.00396	0.00430	0.00337	0.04547

[dist]
# distance from previous block
# <min> <max>
1	20

[block]
# block no. 10 follows, 66 sequences, length 52
# corresponding to MSA columns:
# 650-701
name=unknown_K
#
# <colnr> <probs for GDERKNQSTAVLIFYWHMCP>
#	G	D	E	R	K	N	Q	S	T	A	V	L	I	F	Y	W	H	M	C	P
0	0.00935	0.30178	0.09779	0.06599	0.09887	0.02258	0.06085	0.01132	0.00855	0.03758	0.00916	0.12730	0.00869	0.00490	0.00371	0.00111	0.01405	0.00410	0.00226	0.11005
1	0.04534	0.05304	0.07606	0.04545	0.05246	0.10773	0.18692	0.09973	0.05252	0.03144	0.00895	0.01877	0.02233	0.00404	0.00384	0.00112	0.00500	0.00358	0.00253	0.17914
2	0.04343	0.07308	0.14405	0.00715	0.00908	0.00671	0.02522	0.02431	0.00798	0.01157	0.12982	0.02897	0.01349	0.12375	0.32979	0.00362	0.00671	0.00461	0.00251	0.00415
3	0.00899	0.02136	0.01395	0.37095	0.25456	0.02829	0.07741	0.02714	0.00890	0.01211	0.00742	0.01009	0.00587	0.00373	0.00392	0.00118	0.00502	0.00349	0.00202	0.13361
4	0.01231	0.00560	0.00748	0.00656	0.00852	0.00494	0.00504	0.02557	0.01001	0.45003	0.01816	0.35884	0.01672	0.00809	0.00449	0.00139	0.00300	0.00706	0.00438	0.04181
5	0.00799	0.00676	0.00793	0.00584	0.00907	0.00516	0.00464	0.00978	0.00878	0.01348	0.09963	0.01193	0.03880	0.00385	0.00327	0.00070	0.00285	0.00317	0.00268	0.75370
6	0.00611	0.00567	0.05037	0.00765	0.02679	0.00484	0.08181	0.00789	0.02633	0.01199	0.12213	0.42122	0.06845	0.01010	0.00502	0.00156	0.00318	0.13143	0.00355	0.00392
7	0.00505	0.00371	0.00457	0.00518	0.00562	0.00341	0.00347	0.00575	0.00788	0.01026	0.03803	0.57698	0.18343	0.11825	0.00704	0.00187	0.00249	0.01017	0.00361	0.00322
8	0.04534	0.00938	0.01211	0.01042	0.01063	0.05529	0.00864	0.01019	0.00652	0.01012	0.00539	0.00870	0.00528	0.00681	0.01237	0.00172	0.77138	0.00345	0.00182	0.00445
9	0.00758	0.00442	0.00550	0.00548	0.00610	0.00426	0.00379	0.00820	0.00750	0.12286	0.01589	0.13149	0.01706	0.49149	0.01389	0.00293	0.00364	0.14132	0.00319	0.00339
10	0.00970	0.04516	0.04145	0.05329	0.29990	0.03267	0.00883	0.04716	0.28064	0.01473	0.07874	0.01435	0.04571	0.00499	0.00408	0.00127	0.00404	0.00434	0.00304	0.00590
