[name]
unknown

[dist]
# distance from previous block
# <min> <max>
0	67

[block]
# block no. 0 follows, 68 sequences, length 15
# corresponding to MSA columns:
# 78-92
name=unknown_A
#
# <colnr> <probs for GDERKNQSTAVLIFYWHMCP>
#	G	D	E	R	K	N	Q	S	T	A	V	L	I	F	Y	W	H	M	C	P
0	0.03338	0.00558	0.00747	0.02756	0.07843	0.00552	0.02511	0.06366	0.03020	0.05913	0.02937	0.30910	0.04898	0.11376	0.04412	0.00191	0.00359	0.05304	0.00321	0.05687
1	0.02799	0.00473	0.00577	0.00559	0.00656	0.00480	0.00410	0.06431	0.02713	0.02920	0.13681	0.18819	0.12973	0.13784	0.19224	0.00283	0.00447	0.00672	0.00325	0.01776
2	0.01136	0.02323	0.01472	0.05583	0.41637	0.06358	0.06930	0.22210	0.05654	0.01585	0.00837	0.00989	0.00656	0.00399	0.00396	0.00119	0.00485	0.00359	0.00259	0.00612
3	0.00538	0.00426	0.00491	0.00520	0.00611	0.00403	0.00372	0.00742	0.09737	0.01150	0.09229	0.39851	0.32383	0.01044	0.00478	0.00145	0.00225	0.00914	0.00377	0.00364
4	0.00490	0.00386	0.00443	0.00465	0.00558	0.00338	0.00335	0.00598	0.00902	0.01151	0.18420	0.28040	0.44389	0.01038	0.00480	0.00140	0.00207	0.00901	0.00381	0.00338
5	0.03411	0.01023	0.01041	0.00921	0.06105	0.10003	0.00690	0.27483	0.26699	0.04568	0.01084	0.01079	0.00812	0.00453	0.00376	0.00114	0.00404	0.00355	0.00342	0.13036
6	0.03819	0.00714	0.00823	0.00603	0.00942	0.00569	0.00483	0.01110	0.05546	0.05036	0.00790	0.00878	0.00635	0.00319	0.00303	0.00068	0.00297	0.00254	0.00256	0.76554
7	0.01179	0.03776	0.02335	0.04542	0.20101	0.02615	0.05841	0.17724	0.04738	0.17559	0.03675	0.04119	0.02041	0.00586	0.04173	0.00143	0.00449	0.00412	0.01208	0.02784
8	0.07829	0.03994	0.10451	0.02355	0.02134	0.02610	0.11847	0.08130	0.07251	0.33092	0.02612	0.01167	0.00839	0.00530	0.03249	0.00141	0.00452	0.00379	0.00346	0.00593
9	0.00690	0.00417	0.00526	0.00518	0.00576	0.00409	0.00348	0.00752	0.00717	0.10348	0.04755	0.18140	0.04618	0.41656	0.13479	0.00330	0.00434	0.00654	0.00301	0.00331
10	0.03847	0.04835	0.06257	0.20651	0.04721	0.00767	0.01928	0.07148	0.05408	0.09135	0.11408	0.01574	0.07928	0.00559	0.00446	0.03127	0.01525	0.01804	0.02497	0.04435
11	0.05760	0.07518	0.15944	0.08327	0.15834	0.01990	0.01974	0.13443	0.04783	0.11337	0.02962	0.06607	0.00858	0.00474	0.00383	0.00123	0.00439	0.00395	0.00282	0.00568
12	0.00550	0.00395	0.00548	0.02154	0.02374	0.00376	0.02104	0.00630	0.00762	0.02736	0.02014	0.65806	0.03698	0.10289	0.00662	0.00183	0.00273	0.03763	0.00346	0.00335
13	0.00609	0.00428	0.00579	0.00599	0.00673	0.00413	0.02585	0.00774	0.05725	0.05073	0.13603	0.51849	0.04361	0.04062	0.03833	0.00178	0.00288	0.03627	0.00371	0.00370
14	0.03466	0.00983	0.05244	0.03342	0.27242	0.00947	0.14819	0.19164	0.01136	0.13194	0.02356	0.02579	0.00757	0.00431	0.00428	0.00124	0.02502	0.00394	0.00289	0.00603

[dist]
# distance from previous block
# <min> <max>
0	22

[block]
# block no. 1 follows, 68 sequences, length 15
# corresponding to MSA columns:
# 115-129
name=unknown_B
#
# <colnr> <probs for GDERKNQSTAVLIFYWHMCP>
#	G	D	E	R	K	N	Q	S	T	A	V	L	I	F	Y	W	H	M	C	P
0	0.18320	0.07108	0.03346	0.00970	0.10448	0.04833	0.03953	0.18122	0.09248	0.07542	0.04130	0.01092	0.03024	0.00453	0.00382	0.00119	0.02613	0.00351	0.00302	0.03643
1	0.01104	0.04494	0.02645	0.22288	0.17064	0.04437	0.03496	0.16337	0.05824	0.10012	0.00908	0.01066	0.00686	0.01436	0.01886	0.00134	0.02845	0.00359	0.01404	0.01574
2	0.00840	0.00905	0.07549	0.62313	0.05691	0.05159	0.02791	0.04336	0.02613	0.01125	0.00733	0.01020	0.00553	0.00396	0.00392	0.00127	0.00530	0.00345	0.00193	0.02388
3	0.00591	0.00455	0.00547	0.00526	0.00636	0.00439	0.00393	0.00869	0.11434	0.01446	0.50415	0.11660	0.17375	0.00856	0.00464	0.00131	0.00210	0.00747	0.00413	0.00394
4	0.00594	0.00455	0.00561	0.00604	0.06929	0.00405	0.00409	0.00738	0.00991	0.04658	0.32018	0.03193	0.45259	0.00864	0.00460	0.00129	0.00222	0.00739	0.00384	0.00385
5	0.00988	0.00681	0.00812	0.00605	0.00926	0.00542	0.00485	0.01190	0.04032	0.17398	0.01161	0.01179	0.07026	0.00396	0.00332	0.00080	0.00296	0.00321	0.00301	0.61249
6	0.00531	0.00398	0.00482	0.00471	0.00563	0.00360	0.00343	0.00672	0.00994	0.01342	0.49373	0.09237	0.25350	0.07417	0.00589	0.00150	0.00209	0.00769	0.00398	0.00349
7	0.01060	0.86304	0.02078	0.00678	0.01018	0.01569	0.00678	0.01187	0.00806	0.00933	0.00551	0.00636	0.00509	0.00339	0.00254	0.00085	0.00424	0.00212	0.00170	0.00509
8	0.05524	0.00742	0.00926	0.00718	0.01013	0.00701	0.00591	0.16225	0.01230	0.61555	0.01396	0.01254	0.00904	0.00481	0.00385	0.00121	0.00346	0.00382	0.04858	0.00649
9	0.01184	0.00950	0.01008	0.00847	0.01106	0.01078	0.00675	0.32466	0.52195	0.01977	0.01363	0.01280	0.01007	0.00514	0.00401	0.00129	0.00360	0.00414	0.00401	0.00645
10	0.00689	0.00344	0.00517	0.00517	0.00517	0.00344	0.00344	0.00517	0.00517	0.00689	0.00689	0.01205	0.00689	0.01377	0.01550	0.88464	0.00344	0.00344	0.00172	0.00172
11	0.00582	0.00448	0.00631	0.00618	0.00679	0.00516	0.00471	0.00699	0.00660	0.00932	0.03499	0.01850	0.07197	0.13475	0.59354	0.00520	0.06816	0.00478	0.00231	0.00344
12	0.00604	0.00440	0.00597	0.00664	0.00754	0.00420	0.00542	0.00751	0.00858	0.01140	0.02023	0.29502	0.02262	0.01082	0.00516	0.00167	0.00318	0.50127	0.00356	0.06878
13	0.00881	0.00714	0.00832	0.00609	0.00950	0.00565	0.00487	0.01126	0.06914	0.05377	0.00814	0.00897	0.00653	0.00321	0.00307	0.00067	0.00297	0.00259	0.00260	0.77667
14	0.01323	0.04000	0.07248	0.00975	0.01209	0.59595	0.00789	0.05540	0.07357	0.01120	0.00809	0.00894	0.02789	0.00489	0.01968	0.00119	0.02761	0.00298	0.00229	0.00488

[dist]
# distance from previous block
# <min> <max>
4	7

[block]
# block no. 2 follows, 68 sequences, length 6
# corresponding to MSA columns:
# 138,140-144
name=unknown_C
#
# <colnr> <probs for GDERKNQSTAVLIFYWHMCP>
#	G	D	E	R	K	N	Q	S	T	A	V	L	I	F	Y	W	H	M	C	P
0	0.39386	0.00826	0.00793	0.00652	0.00927	0.06076	0.00530	0.06074	0.04381	0.28264	0.00963	0.00944	0.00673	0.00418	0.00321	0.00116	0.00349	0.00296	0.00336	0.07675
1	0.00799	0.00663	0.01038	0.13411	0.29958	0.00700	0.00796	0.00966	0.00813	0.05112	0.05254	0.08325	0.04648	0.12166	0.09883	0.00219	0.04044	0.00494	0.00247	0.00464
2	0.03326	0.09455	0.06426	0.01203	0.16371	0.06973	0.12060	0.05017	0.04639	0.11300	0.04111	0.08636	0.00966	0.00593	0.03529	0.00143	0.04008	0.00436	0.00273	0.00536
3	0.00899	0.13318	0.50952	0.01240	0.07966	0.05112	0.12627	0.01261	0.00866	0.01203	0.00700	0.00847	0.00527	0.00365	0.00373	0.00119	0.00573	0.00309	0.00176	0.00565
4	0.00573	0.00398	0.00499	0.00499	0.00522	0.00421	0.00323	0.00619	0.00596	0.00818	0.01188	0.02257	0.01295	0.59027	0.28856	0.00467	0.00605	0.00527	0.00231	0.00277
5	0.00736	0.00617	0.00923	0.05773	0.08580	0.03653	0.10800	0.00890	0.00845	0.04187	0.01659	0.30045	0.05763	0.04495	0.00555	0.00156	0.02820	0.12206	0.04885	0.00411

[dist]
# distance from previous block
# <min> <max>
5	8

[block]
# block no. 3 follows, 68 sequences, length 12
# corresponding to MSA columns:
# 154-165
name=unknown_D
#
# <colnr> <probs for GDERKNQSTAVLIFYWHMCP>
#	G	D	E	R	K	N	Q	S	T	A	V	L	I	F	Y	W	H	M	C	P
0	0.23395	0.03272	0.01075	0.03784	0.05400	0.42902	0.03458	0.03729	0.03604	0.01267	0.00650	0.00771	0.00528	0.00410	0.00378	0.00114	0.04293	0.00273	0.00223	0.00474
1	0.01671	0.00791	0.00985	0.00761	0.01066	0.00762	0.00627	0.21597	0.05536	0.59712	0.01417	0.01259	0.00918	0.00490	0.00398	0.00122	0.00360	0.00391	0.00463	0.00672
2	0.02357	0.00547	0.00774	0.11718	0.11024	0.00543	0.00588	0.00955	0.02529	0.09055	0.39893	0.05383	0.11669	0.00696	0.00439	0.00127	0.00288	0.00610	0.00364	0.00441
3	0.00585	0.00415	0.00523	0.00516	0.00537	0.00449	0.00339	0.00630	0.00595	0.00820	0.01166	0.02225	0.01274	0.58528	0.25981	0.00450	0.03933	0.00523	0.00230	0.00281
4	0.00571	0.00382	0.00434	0.00439	0.00440	0.00381	0.00247	0.00575	0.00587	0.00782	0.01301	0.07225	0.01507	0.81346	0.01934	0.00372	0.00376	0.00607	0.00247	0.00245
5	0.01045	0.79751	0.02011	0.00706	0.01019	0.01542	0.00693	0.01169	0.00790	0.00934	0.00549	0.00654	0.00510	0.00366	0.00335	0.00092	0.06937	0.00222	0.00170	0.00503
6	0.00486	0.00381	0.00440	0.00471	0.00558	0.00335	0.00336	0.00586	0.00878	0.01116	0.13640	0.34672	0.42554	0.01069	0.00483	0.00143	0.00210	0.00931	0.00377	0.00335
7	0.07774	0.72942	0.08577	0.00703	0.01055	0.01464	0.00723	0.01191	0.00798	0.01024	0.00564	0.00653	0.00502	0.00344	0.00264	0.00091	0.00428	0.00219	0.00175	0.00509
8	0.08818	0.06779	0.17198	0.02183	0.22221	0.02340	0.02573	0.07285	0.04206	0.14013	0.04279	0.02526	0.00825	0.00495	0.02458	0.00133	0.00454	0.00361	0.00274	0.00576
9	0.00623	0.00423	0.00527	0.00499	0.00605	0.00396	0.00374	0.00774	0.02556	0.05576	0.41727	0.02782	0.22194	0.03925	0.07570	0.05500	0.00290	0.00664	0.02629	0.00367
10	0.01055	0.00863	0.01193	0.02887	0.39401	0.03499	0.00872	0.18296	0.01118	0.04486	0.04020	0.01345	0.04054	0.00467	0.00388	0.00118	0.00406	0.03113	0.11853	0.00568
11	0.02659	0.57889	0.01664	0.05596	0.03372	0.02635	0.00668	0.03980	0.03317	0.01069	0.00820	0.10243	0.00792	0.00460	0.00306	0.00101	0.00401	0.00345	0.03192	0.00490

[dist]
# distance from previous block
# <min> <max>
2	5

[block]
# block no. 4 follows, 68 sequences, length 8
# corresponding to MSA columns:
# 171-178
name=unknown_E
#
# <colnr> <probs for GDERKNQSTAVLIFYWHMCP>
#	G	D	E	R	K	N	Q	S	T	A	V	L	I	F	Y	W	H	M	C	P
0	0.00904	0.00896	0.06413	0.01283	0.26488	0.00762	0.05754	0.06746	0.00922	0.01350	0.00873	0.04105	0.02723	0.00395	0.00383	0.00098	0.02436	0.00348	0.00235	0.36885
1	0.00718	0.00448	0.00635	0.00608	0.00695	0.00486	0.00460	0.00835	0.00688	0.11126	0.01158	0.01722	0.01072	0.17864	0.59035	0.00527	0.00849	0.00449	0.00252	0.00373
2	0.00943	0.00779	0.00886	0.00652	0.00992	0.00667	0.00524	0.14352	0.05191	0.01508	0.00792	0.00877	0.00633	0.00336	0.00316	0.00072	0.00318	0.00266	0.00270	0.69627
3	0.00853	0.00847	0.01211	0.11413	0.01249	0.01173	0.00896	0.00961	0.00630	0.00961	0.00543	0.00891	0.00521	0.00657	0.01190	0.00168	0.74877	0.00348	0.00174	0.00435
4	0.00639	0.00456	0.00639	0.00730	0.00821	0.00456	0.00639	0.00821	0.00913	0.01187	0.02099	0.04472	0.02282	0.01095	0.00548	0.00183	0.00365	0.80924	0.00365	0.00365
5	0.00676	0.00399	0.00532	0.00572	0.00639	0.00368	0.00402	0.00764	0.00827	0.12595	0.06014	0.64104	0.02391	0.04439	0.00550	0.00163	0.00253	0.03557	0.00383	0.00372
6	0.00888	0.00703	0.00829	0.00595	0.00945	0.00532	0.00478	0.01062	0.00844	0.06946	0.00764	0.00858	0.00614	0.00307	0.00301	0.00063	0.00297	0.00246	0.00252	0.82477
7	0.01104	0.27442	0.01374	0.00853	0.04125	0.05077	0.02663	0.16780	0.24179	0.01491	0.00992	0.02826	0.00798	0.00440	0.00347	0.00108	0.00401	0.00341	0.00292	0.08367

[dist]
# distance from previous block
# <min> <max>
0	1

[block]
# block no. 5 follows, 68 sequences, length 12
# corresponding to MSA columns:
# 180-191
name=unknown_F
#
# <colnr> <probs for GDERKNQSTAVLIFYWHMCP>
#	G	D	E	R	K	N	Q	S	T	A	V	L	I	F	Y	W	H	M	C	P
0	0.02691	0.00584	0.00898	0.00877	0.07541	0.00587	0.10527	0.02782	0.03250	0.03573	0.13278	0.27491	0.05611	0.01099	0.11891	0.00207	0.03749	0.00687	0.00314	0.02362
1	0.02351	0.09007	0.26458	0.04360	0.04966	0.03376	0.08868	0.24637	0.01164	0.06650	0.00824	0.00914	0.00600	0.00402	0.00378	0.00117	0.00503	0.00328	0.00263	0.03834
2	0.00737	0.04606	0.07348	0.00704	0.03907	0.00641	0.01606	0.01135	0.20164	0.04027	0.21580	0.06526	0.21702	0.02019	0.00457	0.00134	0.00291	0.01592	0.00361	0.00463
3	0.00576	0.00395	0.00466	0.00481	0.00505	0.00392	0.00310	0.00613	0.00650	0.00856	0.01555	0.05580	0.06386	0.64295	0.03906	0.00341	0.00384	0.11770	0.00268	0.00269
4	0.02782	0.06028	0.14533	0.01060	0.07237	0.45818	0.00865	0.04014	0.03302	0.05419	0.00885	0.00959	0.04547	0.00434	0.00366	0.00111	0.00590	0.00309	0.00231	0.00511
5	0.02083	0.05533	0.12591	0.08329	0.22279	0.03693	0.19787	0.10712	0.01008	0.04150	0.02080	0.03352	0.00714	0.01435	0.00423	0.00126	0.00520	0.00391	0.00234	0.00562
6	0.08234	0.01084	0.13265	0.00979	0.08913	0.06828	0.00804	0.18524	0.03546	0.24277	0.01194	0.01186	0.05555	0.00481	0.00414	0.00123	0.03292	0.00371	0.00335	0.00593
7	0.00616	0.00428	0.00569	0.00597	0.00686	0.00416	0.00475	0.00764	0.00904	0.03989	0.21199	0.11276	0.10522	0.06569	0.09435	0.00221	0.00368	0.30243	0.00363	0.00361
8	0.09393	0.03987	0.06854	0.05253	0.07905	0.05833	0.03197	0.41571	0.04039	0.04998	0.00903	0.02713	0.00682	0.00451	0.00379	0.00120	0.00452	0.00352	0.00319	0.00599
9	0.01036	0.10998	0.20593	0.08927	0.16197	0.12740	0.11454	0.03487	0.05277	0.04450	0.00784	0.00930	0.00602	0.00385	0.00379	0.00118	0.00543	0.00331	0.00214	0.00555
10	0.00482	0.00348	0.00457	0.00544	0.00573	0.00323	0.00364	0.00553	0.00767	0.01015	0.02289	0.81153	0.07209	0.01229	0.00504	0.00159	0.00228	0.01111	0.00368	0.00323
11	0.73246	0.00859	0.00771	0.00744	0.06888	0.05794	0.04317	0.01199	0.00730	0.01673	0.00581	0.00693	0.00457	0.00368	0.00273	0.00122	0.00359	0.00239	0.00237	0.00451

[dist]
# distance from previous block
# <min> <max>
0	3

[block]
# block no. 6 follows, 68 sequences, length 31
# corresponding to MSA columns:
# 195-225
name=unknown_G
#
# <colnr> <probs for GDERKNQSTAVLIFYWHMCP>
#	G	D	E	R	K	N	Q	S	T	A	V	L	I	F	Y	W	H	M	C	P
0	0.00484	0.00383	0.00433	0.00460	0.00552	0.00335	0.00328	0.00580	0.00871	0.01094	0.10700	0.30196	0.48459	0.02637	0.00509	0.00146	0.00212	0.00915	0.00372	0.00333
1	0.00956	0.00936	0.02609	0.16656	0.21874	0.07776	0.08188	0.09297	0.06250	0.01302	0.00954	0.10564	0.00854	0.00511	0.00472	0.00129	0.06523	0.00444	0.00246	0.03460
2	0.01015	0.01137	0.10268	0.14341	0.23467	0.12490	0.06512	0.09992	0.01856	0.01326	0.00792	0.03543	0.00649	0.00405	0.00384	0.00115	0.00507	0.00353	0.00225	0.10625
3	0.01194	0.31548	0.08134	0.00896	0.04101	0.14188	0.00778	0.19589	0.10137	0.02850	0.00839	0.02588	0.00679	0.00427	0.00341	0.00107	0.00469	0.00311	0.00262	0.00561
4	0.01106	0.77597	0.01987	0.00702	0.01039	0.01534	0.00686	0.09474	0.00914	0.01093	0.00592	0.00668	0.00526	0.00353	0.00269	0.00088	0.00425	0.00227	0.00193	0.00526
5	0.00869	0.06475	0.03091	0.02204	0.07032	0.06175	0.04480	0.06989	0.18627	0.01362	0.07550	0.03260	0.21620	0.00615	0.00422	0.00122	0.01829	0.00513	0.00318	0.06449
6	0.00485	0.00358	0.00455	0.00525	0.00570	0.00327	0.00358	0.00566	0.00804	0.01055	0.07228	0.67781	0.15680	0.01179	0.00498	0.00155	0.00223	0.01056	0.00372	0.00327
7	0.00535	0.00391	0.00502	0.00502	0.00583	0.00359	0.00366	0.00687	0.01020	0.01412	0.57765	0.21678	0.10871	0.00926	0.00476	0.00134	0.00198	0.00820	0.00415	0.00359
8	0.00551	0.00400	0.00502	0.00483	0.00565	0.00369	0.00349	0.00700	0.01014	0.01407	0.61419	0.06490	0.11240	0.11982	0.00672	0.00161	0.00216	0.00728	0.00401	0.00351
9	0.00567	0.00423	0.00628	0.00628	0.00696	0.00491	0.00484	0.00702	0.00635	0.00914	0.01070	0.01603	0.01011	0.06637	0.80858	0.00626	0.01032	0.00432	0.00214	0.00349
10	0.01060	0.86304	0.02078	0.00678	0.01018	0.01569	0.00678	0.01187	0.00806	0.00933	0.00551	0.00636	0.00509	0.00339	0.00254	0.00085	0.00424	0.00212	0.00170	0.00509
11	0.00889	0.00881	0.01468	0.38820	0.28658	0.03714	0.12524	0.01199	0.05695	0.01177	0.00782	0.01048	0.00611	0.00382	0.00404	0.00127	0.00523	0.00371	0.00200	0.00526
12	0.04034	0.00726	0.02308	0.00834	0.01055	0.02648	0.19072	0.09816	0.03135	0.06410	0.13630	0.11071	0.18915	0.00682	0.00439	0.00130	0.00367	0.00616	0.03652	0.00461
13	0.77866	0.00883	0.03120	0.00583	0.00839	0.05770	0.00492	0.04249	0.00751	0.01743	0.00575	0.00666	0.00446	0.00375	0.00262	0.00121	0.00344	0.00225	0.00246	0.00445
14	0.01093	0.01306	0.00853	0.00788	0.00960	0.51455	0.00591	0.01202	0.01058	0.01060	0.09593	0.01850	0.25380	0.00624	0.00401	0.00114	0.00512	0.00472	0.00275	0.00414
15	0.00577	0.00384	0.00432	0.00432	0.00432	0.00384	0.00240	0.00577	0.00577	0.00769	0.01249	0.02595	0.01441	0.86066	0.02018	0.00384	0.00384	0.00577	0.00240	0.00240
16	0.01522	0.01086	0.01175	0.00901	0.01218	0.01194	0.00744	0.77825	0.01824	0.07001	0.00986	0.00974	0.00691	0.00477	0.00397	0.00119	0.00431	0.00359	0.00402	0.00674
17	0.11367	0.00805	0.00935	0.00739	0.01019	0.00815	0.00604	0.28974	0.01311	0.39476	0.04722	0.05376	0.01013	0.00523	0.00389	0.00123	0.00356	0.00413	0.00423	0.00617
18	0.00874	0.00704	0.00805	0.00592	0.00913	0.00574	0.00474	0.08261	0.00916	0.01420	0.00792	0.00906	0.00642	0.00328	0.00301	0.00068	0.00294	0.00261	0.09940	0.70933
19	0.00749	0.00705	0.01189	0.85113	0.02731	0.00881	0.01101	0.01013	0.00793	0.01013	0.00705	0.01057	0.00529	0.00396	0.00396	0.00132	0.00529	0.00352	0.00176	0.00440
20	0.01203	0.00527	0.00679	0.00572	0.00768	0.00473	0.00453	0.01364	0.01033	0.42458	0.16703	0.06692	0.03183	0.00597	0.00390	0.00118	0.00264	0.00502	0.21501	0.00519
21	0.01665	0.00647	0.00881	0.00690	0.00974	0.00561	0.00564	0.01815	0.01114	0.76457	0.04403	0.06083	0.01167	0.00543	0.00407	0.00125	0.00326	0.00450	0.00482	0.00645
22	0.00674	0.00347	0.00508	0.00511	0.00512	0.00347	0.00337	0.00522	0.00528	0.00705	0.00777	0.03831	0.00805	0.07964	0.01555	0.78982	0.00344	0.00386	0.00183	0.00182
23	0.00934	0.00871	0.03987	0.00810	0.01020	0.05096	0.00663	0.01794	0.59565	0.01525	0.03415	0.01971	0.01391	0.00628	0.00427	0.00141	0.00350	0.14468	0.00379	0.00566
24	0.00531	0.00368	0.00450	0.00495	0.00512	0.00355	0.00312	0.00571	0.00681	0.00903	0.01800	0.41822	0.04654	0.41329	0.01221	0.00266	0.00305	0.02832	0.00308	0.00285
25	0.12877	0.01057	0.15527	0.01059	0.12237	0.00890	0.04003	0.13754	0.12118	0.17508	0.02339	0.01148	0.02828	0.00452	0.00379	0.00124	0.00414	0.00368	0.00321	0.00596
26	0.00577	0.00448	0.00529	0.00549	0.00640	0.00439	0.00397	0.00830	0.12973	0.01222	0.17228	0.35426	0.19641	0.04075	0.00532	0.00154	0.00238	0.03345	0.00381	0.00378
27	0.00657	0.00417	0.00509	0.00507	0.00539	0.00420	0.00328	0.00695	0.00660	0.06553	0.01412	0.13469	0.01566	0.58851	0.05100	0.00332	0.02579	0.04830	0.00278	0.00297
28	0.81850	0.00840	0.02254	0.00579	0.00834	0.03918	0.02466	0.01185	0.00701	0.01727	0.00563	0.00661	0.00438	0.00369	0.00257	0.00122	0.00336	0.00224	0.00241	0.00436
29	0.00871	0.00877	0.01179	0.01017	0.01028	0.03953	0.00843	0.00961	0.00626	0.00953	0.00554	0.00901	0.00547	0.00813	0.05975	0.00197	0.77748	0.00348	0.00177	0.00430
30	0.05977	0.21078	0.12095	0.03462	0.13650	0.04712	0.03063	0.04708	0.00883	0.01254	0.00693	0.01843	0.00578	0.00361	0.00335	0.00097	0.01260	0.00282	0.00210	0.23460

[dist]
# distance from previous block
# <min> <max>
0	2

[block]
# block no. 7 follows, 68 sequences, length 14
# corresponding to MSA columns:
# 228-241
name=unknown_H
#
# <colnr> <probs for GDERKNQSTAVLIFYWHMCP>
#	G	D	E	R	K	N	Q	S	T	A	V	L	I	F	Y	W	H	M	C	P
0	0.01051	0.04329	0.06207	0.04181	0.24384	0.16694	0.05183	0.08878	0.05846	0.01306	0.00845	0.04027	0.00714	0.00556	0.04775	0.00141	0.01841	0.00359	0.00236	0.08446
1	0.00548	0.00413	0.00508	0.00495	0.00593	0.00381	0.00367	0.00736	0.03747	0.01424	0.55773	0.11821	0.19949	0.00887	0.00470	0.00131	0.00199	0.00776	0.00414	0.00369
2	0.00706	0.00506	0.00750	0.00688	0.00781	0.00557	0.04939	0.02709	0.00712	0.06740	0.01145	0.06373	0.01102	0.15969	0.49381	0.00469	0.05362	0.00484	0.00247	0.00378
3	0.00488	0.00361	0.00452	0.00521	0.00568	0.00331	0.00356	0.00564	0.00785	0.01019	0.02521	0.63602	0.19102	0.04554	0.00559	0.00165	0.00234	0.03133	0.00363	0.00323
4	0.00495	0.00352	0.00468	0.00556	0.00581	0.00331	0.00376	0.00567	0.00759	0.01010	0.02140	0.78092	0.02553	0.04977	0.00575	0.00172	0.00244	0.05071	0.00362	0.00321
5	0.01313	0.25452	0.01368	0.00903	0.01148	0.52706	0.00727	0.01526	0.09380	0.01030	0.00698	0.00771	0.00582	0.00402	0.00333	0.00101	0.00592	0.00263	0.00215	0.00491
6	0.11850	0.03859	0.01066	0.00914	0.01114	0.44517	0.00713	0.06849	0.13385	0.01269	0.00767	0.00852	0.00618	0.00458	0.00457	0.00118	0.10155	0.00295	0.00247	0.00494
7	0.00573	0.00398	0.00526	0.00531	0.00563	0.00427	0.00362	0.00629	0.00609	0.00842	0.01186	0.06161	0.01267	0.41745	0.37461	0.05007	0.00667	0.00526	0.00231	0.00290
8	0.00997	0.01033	0.04278	0.00938	0.09215	0.20873	0.02970	0.02880	0.00944	0.04326	0.04473	0.09359	0.03207	0.00488	0.00392	0.00101	0.02589	0.00397	0.00257	0.30284
9	0.04103	0.04950	0.08111	0.00984	0.07453	0.10519	0.08861	0.05021	0.09062	0.20082	0.02829	0.09443	0.03112	0.03134	0.00450	0.00133	0.00435	0.00458	0.00319	0.00542
10	0.00563	0.00418	0.00613	0.00617	0.00680	0.00478	0.00470	0.00690	0.00639	0.00913	0.01133	0.05891	0.01108	0.09245	0.73942	0.00594	0.00968	0.00472	0.00222	0.00344
11	0.03605	0.00875	0.04487	0.03862	0.49531	0.00843	0.02527	0.03287	0.07788	0.04028	0.03742	0.07271	0.05435	0.00492	0.00405	0.00125	0.00416	0.00451	0.00258	0.00571
12	0.01076	0.03318	0.15195	0.03141	0.22432	0.03664	0.25216	0.05267	0.00980	0.12677	0.00899	0.02764	0.00683	0.00397	0.00411	0.00124	0.00532	0.00393	0.00246	0.00584
13	0.02779	0.03991	0.16678	0.01787	0.02695	0.04254	0.05684	0.14012	0.05038	0.12862	0.01202	0.13539	0.01063	0.04169	0.03244	0.00157	0.01558	0.02791	0.01973	0.00527

[dist]
# distance from previous block
# <min> <max>
0	7

[block]
# block no. 8 follows, 68 sequences, length 10
# corresponding to MSA columns:
# 253-262
name=unknown_I
#
# <colnr> <probs for GDERKNQSTAVLIFYWHMCP>
#	G	D	E	R	K	N	Q	S	T	A	V	L	I	F	Y	W	H	M	C	P
0	0.03221	0.00510	0.00638	0.06253	0.00803	0.02891	0.00476	0.03735	0.00744	0.03015	0.01374	0.19800	0.03776	0.18089	0.29096	0.00356	0.02579	0.00596	0.01690	0.00357
1	0.05632	0.00740	0.04472	0.00670	0.02508	0.00577	0.01976	0.01121	0.02584	0.10635	0.09252	0.02803	0.00995	0.00402	0.00336	0.00085	0.00310	0.00332	0.00287	0.54285
2	0.00693	0.06246	0.00709	0.00667	0.04569	0.02684	0.00473	0.03505	0.03339	0.04742	0.16218	0.36962	0.12290	0.00930	0.00459	0.00140	0.00276	0.04337	0.00362	0.00401
3	0.00987	0.34916	0.28450	0.01118	0.15272	0.01133	0.01006	0.01245	0.00868	0.06682	0.04352	0.00910	0.00701	0.00385	0.00337	0.00108	0.00468	0.00297	0.00207	0.00559
4	0.02669	0.02086	0.04798	0.00842	0.04562	0.03444	0.03818	0.06320	0.26025	0.04448	0.12148	0.05909	0.05398	0.04418	0.06167	0.00177	0.05431	0.00502	0.00333	0.00506
5	0.09565	0.04180	0.03151	0.03126	0.10202	0.08351	0.06417	0.13356	0.15327	0.03705	0.01083	0.04754	0.03859	0.01994	0.00506	0.00133	0.09065	0.00405	0.00286	0.00535
6	0.03246	0.09130	0.09737	0.03649	0.16403	0.06271	0.02161	0.03609	0.07991	0.05117	0.04732	0.02282	0.02022	0.00494	0.00459	0.06026	0.01930	0.00352	0.00250	0.14139
7	0.08995	0.06629	0.01959	0.07988	0.06339	0.03104	0.01816	0.04689	0.01794	0.05698	0.19411	0.09563	0.08687	0.00661	0.00418	0.00987	0.00334	0.05165	0.00319	0.05446
8	0.02565	0.10245	0.05746	0.00956	0.09323	0.06144	0.05221	0.08030	0.19854	0.06444	0.01507	0.06154	0.12185	0.00553	0.00393	0.00122	0.00392	0.00463	0.00310	0.03394
9	0.01040	0.04642	0.06138	0.00903	0.09267	0.06646	0.00673	0.11373	0.16706	0.08764	0.02473	0.01403	0.06078	0.07512	0.00593	0.06053	0.00394	0.00402	0.00305	0.08635

[dist]
# distance from previous block
# <min> <max>
9	44

[block]
# block no. 9 follows, 68 sequences, length 20
# corresponding to MSA columns:
# 310-329
name=unknown_J
#
# <colnr> <probs for GDERKNQSTAVLIFYWHMCP>
#	G	D	E	R	K	N	Q	S	T	A	V	L	I	F	Y	W	H	M	C	P
0	0.11055	0.25324	0.11068	0.03486	0.06910	0.08343	0.04314	0.11124	0.09616	0.02999	0.01811	0.00892	0.00655	0.00402	0.00338	0.00112	0.00457	0.00303	0.00246	0.00546
1	0.00852	0.00767	0.00850	0.02756	0.02289	0.13982	0.05297	0.00954	0.00833	0.07418	0.02651	0.24263	0.09714	0.12186	0.00782	0.00174	0.12905	0.00639	0.00289	0.00399
2	0.02965	0.13988	0.01052	0.10915	0.03983	0.00848	0.02422	0.09012	0.09957	0.04102	0.02953	0.02668	0.10467	0.02024	0.19349	0.00239	0.00533	0.00435	0.01614	0.00473
3	0.04183	0.10146	0.06335	0.09652	0.21449	0.04133	0.05491	0.11823	0.01007	0.07428	0.00866	0.00997	0.02586	0.00401	0.00386	0.00112	0.02242	0.00335	0.00248	0.10179
4	0.01029	0.14838	0.23692	0.05291	0.12777	0.05451	0.10477	0.11353	0.02157	0.03810	0.00775	0.00945	0.00607	0.02808	0.00439	0.00126	0.02309	0.00332	0.00222	0.00561
5	0.03277	0.02357	0.27800	0.06881	0.08815	0.02200	0.30810	0.03543	0.00918	0.05617	0.00837	0.03632	0.00646	0.00396	0.00413	0.00128	0.00567	0.00396	0.00215	0.00553
6	0.00568	0.00423	0.00526	0.00501	0.00600	0.00397	0.00372	0.00778	0.04944	0.01481	0.64230	0.05871	0.12918	0.04006	0.00524	0.00137	0.00204	0.00728	0.00417	0.00375
7	0.00625	0.00485	0.00573	0.00595	0.03246	0.00429	0.00419	0.00738	0.01033	0.01369	0.35000	0.11929	0.37602	0.00987	0.00510	0.00151	0.00246	0.03236	0.00419	0.00408
8	0.02374	0.11712	0.18989	0.00872	0.01211	0.01074	0.00837	0.30648	0.14995	0.01730	0.02160	0.05461	0.00844	0.00488	0.00389	0.00120	0.01611	0.00380	0.00308	0.03796
9	0.00565	0.00408	0.00544	0.00544	0.00591	0.00443	0.00385	0.00649	0.00629	0.00870	0.01306	0.02091	0.05953	0.35080	0.47633	0.00510	0.00749	0.00508	0.00232	0.00309
10	0.00886	0.15184	0.63605	0.01045	0.01558	0.02828	0.01280	0.04984	0.00880	0.01249	0.00691	0.00809	0.00512	0.00384	0.00380	0.00120	0.02572	0.00284	0.00179	0.00572
11	0.00924	0.17835	0.42632	0.01113	0.01572	0.03044	0.17397	0.02878	0.03048	0.02837	0.00754	0.00912	0.00576	0.02314	0.00410	0.00125	0.00555	0.00326	0.00194	0.00555
12	0.00527	0.00381	0.00499	0.00564	0.00618	0.00359	0.00412	0.00634	0.00843	0.01119	0.13147	0.49127	0.09041	0.04291	0.00562	0.00167	0.00254	0.16750	0.00372	0.00335
13	0.00667	0.00541	0.00820	0.07288	0.10057	0.00552	0.05153	0.02394	0.00863	0.02744	0.13696	0.33162	0.05929	0.04564	0.03692	0.00173	0.03789	0.03195	0.00319	0.00402
14	0.01085	0.19658	0.14937	0.01224	0.14777	0.09967	0.10892	0.07232	0.04023	0.05827	0.00783	0.00905	0.00613	0.00428	0.01713	0.00121	0.02247	0.00321	0.00227	0.03021
15	0.00502	0.00379	0.00486	0.00547	0.00591	0.00363	0.00381	0.00584	0.00796	0.01049	0.06168	0.63923	0.15812	0.01160	0.00529	0.00156	0.03474	0.02405	0.00364	0.00332
16	0.00679	0.00498	0.00606	0.00581	0.00686	0.00446	0.00424	0.00812	0.01151	0.01605	0.67129	0.08140	0.13701	0.00937	0.00524	0.00151	0.00239	0.00791	0.00464	0.00435
17	0.00958	0.09165	0.23859	0.02989	0.16993	0.04978	0.10249	0.10205	0.04163	0.01384	0.06603	0.01192	0.04636	0.00442	0.00392	0.00120	0.00491	0.00384	0.00241	0.00557
18	0.01315	0.09953	0.07065	0.02805	0.06155	0.16135	0.02527	0.31892	0.08304	0.07650	0.00908	0.00948	0.00675	0.00440	0.00386	0.00116	0.01491	0.00332	0.00307	0.00595
19	0.43764	0.09731	0.08771	0.02404	0.06133	0.09358	0.00670	0.01194	0.00776	0.01437	0.00601	0.00723	0.00485	0.00376	0.00330	0.00113	0.03939	0.00245	0.00218	0.08731

[dist]
# distance from previous block
# <min> <max>
2	8

[block]
# block no. 10 follows, 68 sequences, length 22
# corresponding to MSA columns:
# 338-359
name=unknown_K
#
# <colnr> <probs for GDERKNQSTAVLIFYWHMCP>
#	G	D	E	R	K	N	Q	S	T	A	V	L	I	F	Y	W	H	M	C	P
0	0.03981	0.07998	0.07806	0.03632	0.38840	0.04110	0.05798	0.10552	0.05803	0.04210	0.00835	0.01997	0.00668	0.00401	0.00394	0.00119	0.01670	0.00353	0.00240	0.00593
1	0.02335	0.19901	0.17012	0.05350	0.18909	0.12228	0.02828	0.02231	0.02021	0.01142	0.01798	0.02587	0.00634	0.00426	0.00449	0.00118	0.08987	0.00320	0.00196	0.00529
2	0.00565	0.00417	0.00595	0.00594	0.00656	0.00470	0.00446	0.00684	0.00649	0.00919	0.03325	0.01831	0.03870	0.15843	0.66630	0.00568	0.00905	0.00470	0.00228	0.00336
3	0.01142	0.01359	0.03140	0.00915	0.01108	0.47302	0.05144	0.01393	0.11106	0.01116	0.05616	0.09668	0.03521	0.01882	0.03718	0.00142	0.00575	0.00434	0.00263	0.00458
4	0.00659	0.00436	0.00535	0.00535	0.00620	0.00416	0.00377	0.00830	0.06900	0.08007	0.20051	0.31276	0.11484	0.15156	0.00729	0.00182	0.00258	0.00802	0.00375	0.00373
5	0.00542	0.00387	0.00452	0.00462	0.00502	0.00376	0.00296	0.00590	0.00692	0.00905	0.05002	0.13205	0.18209	0.47613	0.08806	0.00318	0.00381	0.00690	0.00287	0.00285
6	0.01060	0.86304	0.02078	0.00678	0.01018	0.01569	0.00678	0.01187	0.00806	0.00933	0.00551	0.00636	0.00509	0.00339	0.00254	0.00085	0.00424	0.00212	0.00170	0.00509
7	0.01711	0.00662	0.00903	0.00707	0.01001	0.00575	0.00586	0.01866	0.01122	0.78921	0.01596	0.01536	0.01059	0.00527	0.00408	0.00126	0.00339	0.05215	0.00483	0.00656
8	0.00749	0.00705	0.01189	0.85113	0.02731	0.00881	0.01101	0.01013	0.00793	0.01013	0.00705	0.01057	0.00529	0.00396	0.00396	0.00132	0.00529	0.00352	0.00176	0.00440
9	0.04161	0.00937	0.01043	0.00809	0.01113	0.00983	0.00663	0.47830	0.07671	0.18406	0.03131	0.01098	0.00836	0.00471	0.00385	0.00115	0.00383	0.00365	0.00396	0.09204
10	0.00829	0.00788	0.07722	0.02074	0.04618	0.08485	0.00617	0.03376	0.07412	0.06772	0.02719	0.30972	0.01525	0.06208	0.05075	0.02254	0.03220	0.02276	0.00307	0.02751
11	0.18934	0.28552	0.06795	0.00746	0.03148	0.04574	0.02265	0.04901	0.00863	0.04408	0.00690	0.02041	0.00572	0.00366	0.00297	0.00096	0.00395	0.00261	0.00227	0.19869
12	0.00749	0.00705	0.01189	0.85113	0.02731	0.00881	0.01101	0.01013	0.00793	0.01013	0.00705	0.01057	0.00529	0.00396	0.00396	0.00132	0.00529	0.00352	0.00176	0.00440
13	0.00579	0.00387	0.00455	0.00455	0.00462	0.00394	0.00268	0.00588	0.00581	0.00781	0.01215	0.02455	0.01376	0.75610	0.09984	0.02923	0.00449	0.00555	0.00236	0.00249
14	0.00943	0.04578	0.09210	0.00852	0.04276	0.00884	0.00696	0.08122	0.41512	0.04517	0.01544	0.14731	0.03982	0.00628	0.00424	0.00134	0.01520	0.00529	0.00354	0.00563
15	0.84117	0.00762	0.00601	0.00531	0.00780	0.00873	0.00438	0.01207	0.00700	0.06256	0.00607	0.00683	0.00460	0.00375	0.00254	0.00123	0.00308	0.00225	0.00259	0.00443
16	0.02271	0.07553	0.35278	0.03365	0.21456	0.01966	0.03486	0.06503	0.06800	0.05164	0.01974	0.00972	0.00665	0.00397	0.00378	0.00121	0.00499	0.00333	0.00228	0.00592
17	0.03226	0.14589	0.08216	0.00722	0.01029	0.00807	0.00656	0.08954	0.01107	0.42754	0.10987	0.01380	0.02836	0.00501	0.00380	0.00117	0.00361	0.00398	0.00388	0.00593
18	0.00936	0.08055	0.02734	0.00654	0.00997	0.03450	0.01609	0.04295	0.00889	0.05484	0.00764	0.02005	0.00628	0.00334	0.00309	0.00072	0.00337	0.00263	0.00248	0.65939
19	0.00884	0.06989	0.72947	0.01072	0.01622	0.00934	0.01352	0.01302	0.00857	0.07364	0.00765	0.00863	0.00538	0.00383	0.00371	0.00123	0.00558	0.00296	0.00192	0.00588
20	0.07353	0.00709	0.00804	0.00582	0.00927	0.00555	0.00467	0.01011	0.00811	0.01328	0.00693	0.00809	0.00576	0.00299	0.00290	0.00063	0.00295	0.00233	0.00236	0.81957
21	0.00825	0.00702	0.01169	0.78852	0.02603	0.00859	0.01063	0.01081	0.00818	0.07159	0.00768	0.01079	0.00562	0.00403	0.00397	0.00131	0.00514	0.00356	0.00200	0.00458

[dist]
# distance from previous block
# <min> <max>
0	1

[block]
# block no. 11 follows, 68 sequences, length 21
# corresponding to MSA columns:
# 361-381
name=unknown_L
#
# <colnr> <probs for GDERKNQSTAVLIFYWHMCP>
#	G	D	E	R	K	N	Q	S	T	A	V	L	I	F	Y	W	H	M	C	P
0	0.01024	0.00820	0.03285	0.00762	0.05880	0.04534	0.00583	0.02871	0.03012	0.13784	0.00861	0.00926	0.00661	0.00345	0.00326	0.00079	0.00342	0.00277	0.00276	0.59351
1	0.59967	0.09459	0.12415	0.00685	0.03182	0.02274	0.00627	0.01180	0.00731	0.01573	0.00588	0.00689	0.00462	0.00363	0.00273	0.00116	0.00368	0.00231	0.00225	0.04594
2	0.00514	0.00383	0.00487	0.00542	0.00607	0.00347	0.00385	0.00609	0.00818	0.01083	0.07273	0.58055	0.14668	0.01124	0.00492	0.00152	0.00237	0.07395	0.00366	0.04464
3	0.01179	0.00895	0.01039	0.02566	0.03243	0.00886	0.02038	0.36110	0.06557	0.06230	0.00938	0.02093	0.00713	0.00415	0.00361	0.00099	0.00374	0.00331	0.00328	0.33606
4	0.01478	0.01093	0.01174	0.00898	0.01217	0.01199	0.00741	0.78764	0.01819	0.02447	0.00941	0.00946	0.00671	0.00468	0.00392	0.00116	0.00430	0.00352	0.00390	0.04463
5	0.88866	0.00767	0.00583	0.00521	0.00767	0.00889	0.00429	0.01166	0.00675	0.01779	0.00552	0.00644	0.00429	0.00368	0.00245	0.00123	0.00307	0.00215	0.00245	0.00429
6	0.00867	0.00867	0.01214	0.01041	0.01041	0.01214	0.00867	0.00954	0.00607	0.00954	0.00520	0.00867	0.00520	0.00694	0.01301	0.00173	0.85340	0.00347	0.00173	0.00434
7	0.00557	0.00411	0.00480	0.00461	0.00579	0.00361	0.00346	0.00697	0.01007	0.04207	0.39780	0.05681	0.42189	0.00905	0.00467	0.00130	0.00200	0.00776	0.00403	0.00364
8	0.00863	0.00710	0.00863	0.00711	0.05795	0.00567	0.00525	0.03772	0.00870	0.03693	0.00835	0.04902	0.00730	0.00368	0.00321	0.00073	0.00308	0.01758	0.00254	0.72081
9	0.71068	0.03269	0.00713	0.00619	0.02428	0.04201	0.00494	0.05157	0.05036	0.01733	0.00657	0.00771	0.00520	0.00394	0.00273	0.00122	0.00337	0.01492	0.00258	0.00458
10	0.01491	0.00738	0.00916	0.00725	0.00995	0.00715	0.00589	0.17781	0.07795	0.49555	0.11432	0.01500	0.01284	0.02067	0.00436	0.00128	0.00338	0.00436	0.00454	0.00626
11	0.00846	0.02670	0.01565	0.01380	0.15730	0.02073	0.36387	0.04582	0.00941	0.01258	0.03613	0.08749	0.12043	0.00663	0.04546	0.00156	0.00522	0.01527	0.00254	0.00495
12	0.01194	0.00999	0.01009	0.00773	0.01090	0.09217	0.00623	0.37538	0.01320	0.01805	0.00817	0.00882	0.00626	0.00390	0.00346	0.00091	0.00398	0.00294	0.01900	0.38688
13	0.00502	0.00363	0.00474	0.00554	0.00594	0.00340	0.00387	0.00585	0.00788	0.01039	0.03793	0.67240	0.08880	0.03497	0.00548	0.00167	0.00245	0.09311	0.00366	0.00326
14	0.00872	0.00716	0.00836	0.00600	0.00950	0.00551	0.00482	0.03400	0.00862	0.03924	0.00739	0.00843	0.00602	0.00305	0.00300	0.00062	0.00299	0.00244	0.00248	0.83164
15	0.00575	0.00391	0.00468	0.00468	0.00480	0.00404	0.00285	0.00599	0.00587	0.00795	0.01217	0.02415	0.01363	0.71648	0.16329	0.00428	0.00502	0.00550	0.00235	0.00260
16	0.07665	0.03404	0.02461	0.00803	0.02734	0.08816	0.02561	0.10701	0.23177	0.06462	0.01193	0.05283	0.01822	0.02701	0.00418	0.00124	0.00383	0.04166	0.00321	0.14806
17	0.02527	0.09123	0.38547	0.02451	0.17691	0.03585	0.03516	0.07019	0.04589	0.04167	0.00787	0.00904	0.00592	0.00385	0.00370	0.00118	0.00512	0.00315	0.00216	0.02586
18	0.00552	0.00405	0.00517	0.00520	0.00601	0.00381	0.00379	0.00732	0.03793	0.01395	0.52673	0.24335	0.07732	0.02296	0.00502	0.00140	0.00209	0.02062	0.00410	0.00365
19	0.00493	0.00351	0.00465	0.00542	0.00574	0.00327	0.00366	0.00567	0.00786	0.01050	0.08393	0.74774	0.05328	0.01205	0.00527	0.02264	0.00229	0.01068	0.00369	0.00323
20	0.02988	0.25913	0.15322	0.00918	0.04745	0.19386	0.00824	0.04445	0.08597	0.06348	0.02538	0.02414	0.00730	0.00492	0.02622	0.00123	0.00508	0.00313	0.00240	0.00532

[dist]
# distance from previous block
# <min> <max>
1	9

[block]
# block no. 12 follows, 68 sequences, length 6
# corresponding to MSA columns:
# 391-396
name=unknown_M
#
# <colnr> <probs for GDERKNQSTAVLIFYWHMCP>
#	G	D	E	R	K	N	Q	S	T	A	V	L	I	F	Y	W	H	M	C	P
0	0.35930	0.04212	0.01110	0.01268	0.27949	0.12864	0.03756	0.01211	0.00833	0.01410	0.00728	0.05730	0.00643	0.00417	0.00333	0.00119	0.00432	0.00328	0.00226	0.00499
1	0.06018	0.00928	0.08572	0.02401	0.03056	0.05188	0.06950	0.10505	0.18151	0.08871	0.04550	0.08126	0.06123	0.00569	0.00428	0.00128	0.02975	0.00474	0.05458	0.00530
2	0.00562	0.00393	0.00504	0.00515	0.00541	0.00414	0.00341	0.00618	0.00618	0.00848	0.01296	0.11992	0.01429	0.48293	0.29474	0.00443	0.00593	0.00590	0.00246	0.00288
3	0.00846	0.05860	0.10738	0.01120	0.19531	0.00753	0.03217	0.06105	0.03025	0.01292	0.01067	0.19204	0.01043	0.00543	0.00383	0.00111	0.00382	0.00479	0.00257	0.24043
4	0.03513	0.08874	0.15628	0.00948	0.01297	0.04510	0.08612	0.31715	0.06622	0.01735	0.03420	0.01091	0.00781	0.00448	0.00382	0.00117	0.00464	0.02810	0.00295	0.06739
5	0.02933	0.18997	0.04479	0.06353	0.15169	0.06851	0.05155	0.17358	0.10301	0.03886	0.00852	0.00942	0.00662	0.00404	0.00360	0.00112	0.00457	0.00326	0.00263	0.04141

[dist]
# distance from previous block
# <min> <max>
0	1

[block]
# block no. 13 follows, 68 sequences, length 8
# corresponding to MSA columns:
# 398-405
name=unknown_N
#
# <colnr> <probs for GDERKNQSTAVLIFYWHMCP>
#	G	D	E	R	K	N	Q	S	T	A	V	L	I	F	Y	W	H	M	C	P
0	0.00916	0.07637	0.37023	0.03736	0.03727	0.00910	0.08473	0.09574	0.03457	0.04555	0.04938	0.04213	0.00926	0.00487	0.00400	0.00126	0.00491	0.05795	0.00250	0.02366
1	0.03991	0.04977	0.28711	0.03165	0.09321	0.00911	0.07091	0.10758	0.07239	0.13090	0.01017	0.06234	0.00793	0.00463	0.00391	0.00125	0.00468	0.00393	0.00278	0.00584
2	0.00676	0.00480	0.00577	0.00611	0.00714	0.02685	0.00478	0.00840	0.04055	0.07323	0.06042	0.28846	0.17854	0.01025	0.00494	0.00155	0.00289	0.26097	0.00376	0.00382
3	0.00917	0.00895	0.07699	0.06186	0.24363	0.04747	0.08500	0.01153	0.03605	0.08955	0.05354	0.12645	0.06934	0.00585	0.00477	0.00132	0.05545	0.00517	0.00274	0.00516
4	0.01158	0.06279	0.19613	0.03027	0.10466	0.07956	0.08066	0.14438	0.03986	0.13801	0.03177	0.02488	0.00778	0.00435	0.00388	0.00119	0.00486	0.00364	0.00283	0.02691
5	0.00812	0.00769	0.04148	0.10608	0.26216	0.04329	0.03232	0.01023	0.02618	0.04027	0.09346	0.12176	0.11870	0.00636	0.00446	0.00130	0.02310	0.02512	0.02312	0.00480
6	0.00517	0.00376	0.00450	0.00479	0.00529	0.00349	0.00319	0.00590	0.00790	0.01037	0.13581	0.33620	0.19733	0.24736	0.00913	0.00212	0.00261	0.00855	0.00342	0.00309
7	0.01041	0.13111	0.13696	0.01256	0.14050	0.10069	0.16419	0.02895	0.06833	0.07279	0.00938	0.07228	0.00789	0.00455	0.00410	0.00122	0.02220	0.00403	0.00243	0.00547

[dist]
# distance from previous block
# <min> <max>
4	32

[block]
# block no. 14 follows, 68 sequences, length 27
# corresponding to MSA columns:
# 438-464
name=unknown_O
#
# <colnr> <probs for GDERKNQSTAVLIFYWHMCP>
#	G	D	E	R	K	N	Q	S	T	A	V	L	I	F	Y	W	H	M	C	P
0	0.02688	0.48965	0.05665	0.02092	0.04069	0.08282	0.01631	0.01144	0.02877	0.01028	0.02373	0.08581	0.01840	0.01725	0.02602	0.00121	0.02212	0.00350	0.00210	0.01545
1	0.11902	0.08525	0.06208	0.05211	0.01089	0.03538	0.00634	0.02859	0.01749	0.07366	0.00968	0.04439	0.01934	0.00692	0.08013	0.00159	0.02058	0.00349	0.02905	0.29403
2	0.03353	0.07314	0.06057	0.05762	0.19322	0.09029	0.02358	0.22995	0.07136	0.03713	0.00847	0.00943	0.00650	0.00406	0.00369	0.00112	0.00460	0.00327	0.00273	0.08575
3	0.00960	0.04753	0.04248	0.08066	0.64067	0.03845	0.02664	0.01192	0.00892	0.01236	0.00782	0.04074	0.00680	0.00391	0.00391	0.00119	0.00480	0.00372	0.00199	0.00589
4	0.19634	0.00782	0.02628	0.00763	0.05977	0.00696	0.03402	0.01078	0.00793	0.02985	0.00684	0.00816	0.00559	0.00344	0.00358	0.00088	0.05300	0.00257	0.00234	0.52623
5	0.00793	0.00663	0.00705	0.00641	0.00825	0.00710	0.00496	0.06119	0.41019	0.01504	0.12273	0.02404	0.28791	0.00722	0.00432	0.00132	0.00268	0.00605	0.00395	0.00502
6	0.00475	0.00397	0.00414	0.00419	0.00542	0.00336	0.00311	0.00578	0.00906	0.01098	0.08625	0.10175	0.72343	0.01011	0.00471	0.00135	0.00202	0.00852	0.00372	0.00336
7	0.00855	0.00484	0.00613	0.00543	0.00687	0.00454	0.00420	0.02792	0.04028	0.17614	0.52695	0.02370	0.02713	0.00689	0.00427	0.00121	0.00226	0.00595	0.11226	0.00448
8	0.00661	0.00473	0.00650	0.00730	0.00826	0.00476	0.00633	0.03392	0.00937	0.01222	0.02066	0.07278	0.02243	0.01081	0.00541	0.00180	0.00363	0.75510	0.00366	0.00373
9	0.00739	0.00370	0.00370	0.00370	0.00462	0.00370	0.00277	0.00924	0.00831	0.01478	0.01293	0.01478	0.01016	0.00462	0.00277	0.00092	0.00185	0.00370	0.88267	0.00370
10	0.84590	0.00792	0.00604	0.00538	0.00784	0.02950	0.00441	0.01194	0.00697	0.03752	0.00578	0.00663	0.00445	0.00372	0.00252	0.00122	0.00318	0.00220	0.00250	0.00436
11	0.01107	0.00912	0.00964	0.00831	0.01077	0.01042	0.00657	0.20639	0.64148	0.01853	0.01461	0.01357	0.01086	0.00524	0.00402	0.00131	0.00342	0.00427	0.00402	0.00638
12	0.88866	0.00767	0.00583	0.00521	0.00767	0.00889	0.00429	0.01166	0.00675	0.01779	0.00552	0.00644	0.00429	0.00368	0.00245	0.00123	0.00307	0.00215	0.00245	0.00429
13	0.00558	0.00405	0.00525	0.00495	0.00590	0.00373	0.00372	0.00742	0.01115	0.01572	0.80562	0.02992	0.06574	0.00817	0.00468	0.00125	0.00188	0.00721	0.00434	0.00373
14	0.01075	0.00896	0.00946	0.00825	0.01065	0.01028	0.00649	0.15715	0.69124	0.01801	0.01501	0.01390	0.01119	0.00527	0.00402	0.00132	0.00335	0.00433	0.00402	0.00636
15	0.30485	0.00720	0.00818	0.00652	0.00939	0.00706	0.00538	0.04388	0.01008	0.54057	0.01210	0.01104	0.00789	0.00450	0.00348	0.00123	0.00331	0.00337	0.00407	0.00594
16	0.00747	0.00422	0.00488	0.00458	0.00572	0.00405	0.00348	0.00958	0.03582	0.07542	0.32513	0.02104	0.04611	0.00615	0.00368	0.00109	0.00201	0.00520	0.43033	0.00401
17	0.00518	0.00429	0.00457	0.00445	0.00576	0.00381	0.00335	0.00696	0.05741	0.01212	0.20118	0.03504	0.62316	0.00937	0.00465	0.00132	0.00205	0.00790	0.00384	0.00360
18	0.00487	0.00382	0.00440	0.00468	0.00557	0.00336	0.00335	0.00588	0.00884	0.01123	0.14498	0.32360	0.44013	0.01060	0.00482	0.00142	0.00209	0.00922	0.00378	0.00336
19	0.00909	0.02759	0.05654	0.19108	0.55796	0.00923	0.03531	0.01159	0.00874	0.01220	0.00784	0.02607	0.00665	0.00392	0.00397	0.00123	0.00487	0.01844	0.00197	0.00572
20	0.02745	0.00711	0.00797	0.03687	0.02439	0.01777	0.00572	0.03940	0.43846	0.06590	0.01586	0.15910	0.01407	0.07498	0.00547	0.00157	0.00324	0.02904	0.02037	0.00524
21	0.11928	0.00685	0.00881	0.00684	0.00984	0.00618	0.00565	0.01843	0.01081	0.74301	0.01446	0.01267	0.00917	0.00476	0.00381	0.00123	0.00334	0.00377	0.00462	0.00646
