[name]
unknown

[dist]
# distance from previous block
# <min> <max>
0	21

[block]
# block no. 0 follows, 71 sequences, length 49
# corresponding to MSA columns:
# 21-69
name=unknown_A
#
# <colnr> <probs for GDERKNQSTAVLIFYWHMCP>
#	G	D	E	R	K	N	Q	S	T	A	V	L	I	F	Y	W	H	M	C	P
0	0.00618	0.00441	0.00618	0.00706	0.00794	0.00441	0.00618	0.00794	0.00883	0.01147	0.02030	0.04325	0.02207	0.01059	0.00530	0.00177	0.00353	0.81553	0.00353	0.00353
1	0.01057	0.00875	0.00925	0.00801	0.01036	0.01002	0.00632	0.18649	0.66661	0.01771	0.01429	0.01326	0.01064	0.00508	0.00389	0.00127	0.00328	0.00415	0.00389	0.00616
2	0.01322	0.01007	0.01075	0.00855	0.01137	0.01126	0.00696	0.61154	0.23724	0.02198	0.01092	0.01057	0.00791	0.00476	0.00385	0.00119	0.00390	0.00369	0.00385	0.00640
3	0.00467	0.00376	0.00418	0.00437	0.00536	0.00327	0.00317	0.00566	0.00856	0.01068	0.11146	0.23517	0.54941	0.01045	0.02080	0.00144	0.00216	0.00858	0.00360	0.00325
4	0.00937	0.03205	0.07276	0.05576	0.34904	0.08825	0.22690	0.01222	0.04430	0.01205	0.02638	0.03802	0.00728	0.00391	0.00397	0.00119	0.00517	0.00391	0.00207	0.00539
5	0.00807	0.00689	0.00801	0.00574	0.00914	0.00523	0.00459	0.02434	0.00813	0.01270	0.00686	0.00797	0.00569	0.00287	0.00286	0.00058	0.00286	0.00229	0.00230	0.87287
6	0.00558	0.00372	0.00418	0.00418	0.00418	0.00372	0.00232	0.00558	0.00558	0.00743	0.01208	0.02509	0.01394	0.86525	0.01952	0.00372	0.00372	0.00558	0.00232	0.00232
7	0.00881	0.01519	0.43217	0.01293	0.05584	0.03714	0.26155	0.05408	0.00888	0.01255	0.00714	0.00888	0.00531	0.00376	0.00448	0.00125	0.05931	0.00343	0.00186	0.00545
8	0.01276	0.00578	0.00764	0.00633	0.00869	0.00499	0.00512	0.01416	0.00988	0.51663	0.02677	0.11724	0.06900	0.00631	0.00406	0.00123	0.00301	0.07833	0.00415	0.09794
9	0.03852	0.01064	0.17554	0.00830	0.01118	0.02335	0.00766	0.10739	0.47149	0.01581	0.03534	0.01391	0.02630	0.00509	0.00386	0.00127	0.00372	0.03153	0.00335	0.00574
10	0.01025	0.86756	0.02009	0.00656	0.00984	0.01517	0.00656	0.01148	0.00779	0.00902	0.00533	0.00615	0.00492	0.00328	0.00246	0.00082	0.00410	0.00205	0.00164	0.00492
11	0.00470	0.00336	0.00443	0.00527	0.00550	0.00314	0.00350	0.00535	0.00729	0.00970	0.02107	0.81594	0.03857	0.04553	0.00546	0.00164	0.00228	0.01064	0.00351	0.00309
12	0.00539	0.00365	0.00431	0.00448	0.00455	0.00363	0.00266	0.00557	0.00595	0.00796	0.01384	0.19334	0.01609	0.66416	0.04572	0.00337	0.00365	0.00660	0.00256	0.00252
13	0.00991	0.16358	0.16989	0.04836	0.18983	0.08287	0.05554	0.06966	0.07394	0.02201	0.00750	0.00889	0.00597	0.00424	0.01399	0.00121	0.06197	0.00313	0.00211	0.00541
14	0.00603	0.00438	0.00522	0.00546	0.00631	0.00431	0.00390	0.02895	0.11482	0.03619	0.06561	0.49372	0.15205	0.01939	0.00472	0.00144	0.00235	0.00870	0.03271	0.00374
15	0.01342	0.03874	0.01243	0.01043	0.01270	0.68000	0.10418	0.03265	0.04104	0.01028	0.00655	0.00762	0.00533	0.00391	0.00358	0.00103	0.00659	0.00279	0.00207	0.00465
16	0.01239	0.02067	0.01900	0.00801	0.01060	0.32641	0.00635	0.10316	0.01057	0.13042	0.02512	0.00885	0.00662	0.00400	0.00376	0.00095	0.03948	0.00285	0.00268	0.25810
17	0.00508	0.00391	0.00464	0.00446	0.00551	0.00347	0.00334	0.00656	0.01003	0.01343	0.52815	0.03185	0.34856	0.00857	0.00453	0.00124	0.00186	0.00738	0.00396	0.00347
18	0.01432	0.01827	0.01087	0.00988	0.01185	0.84986	0.00741	0.01531	0.01087	0.00938	0.00593	0.00691	0.00494	0.00395	0.00346	0.00099	0.00691	0.00247	0.00198	0.00444
19	0.00500	0.00359	0.00469	0.00546	0.00577	0.00341	0.00368	0.03301	0.00770	0.01027	0.02073	0.83406	0.02473	0.01176	0.00486	0.00154	0.00229	0.01065	0.00357	0.00323
20	0.01025	0.86756	0.02009	0.00656	0.00984	0.01517	0.00656	0.01148	0.00779	0.00902	0.00533	0.00615	0.00492	0.00328	0.00246	0.00082	0.00410	0.00205	0.00164	0.00492
21	0.00751	0.00603	0.00697	0.00563	0.00798	0.00529	0.00440	0.03600	0.10756	0.03287	0.18010	0.01736	0.12843	0.01547	0.01875	0.00105	0.00273	0.00441	0.00314	0.40833
22	0.00489	0.00343	0.00438	0.00506	0.00523	0.00326	0.00326	0.00540	0.00692	0.00922	0.01895	0.66072	0.02261	0.21780	0.00842	0.00208	0.00258	0.00962	0.00326	0.00292
23	0.00926	0.00795	0.00843	0.00760	0.00969	0.00914	0.00591	0.01950	0.77937	0.01599	0.07065	0.01526	0.01334	0.00538	0.00394	0.00129	0.00295	0.00451	0.00392	0.00591
24	0.00769	0.01983	0.84538	0.01093	0.01659	0.00890	0.01417	0.01214	0.00810	0.01214	0.00688	0.00810	0.00486	0.00364	0.00364	0.00121	0.00567	0.00283	0.00162	0.00567
25	0.01425	0.03463	0.01106	0.00979	0.01181	0.81876	0.00739	0.02968	0.01093	0.00964	0.00597	0.00694	0.00497	0.00395	0.00344	0.00099	0.00681	0.00248	0.00200	0.00449
26	0.00556	0.00379	0.00457	0.00457	0.00470	0.00393	0.00280	0.00582	0.00569	0.00772	0.01173	0.02315	0.01310	0.70325	0.18036	0.00419	0.00499	0.00529	0.00227	0.00254
27	0.00955	0.03816	0.01053	0.00800	0.01081	0.21830	0.09524	0.01138	0.02581	0.01131	0.00715	0.00869	0.00597	0.00564	0.08218	0.00130	0.00500	0.00277	0.00215	0.44005
28	0.00545	0.00398	0.00481	0.00499	0.00591	0.00357	0.00359	0.00671	0.02953	0.03936	0.13816	0.40754	0.26445	0.00992	0.00459	0.00137	0.00218	0.01793	0.00364	0.04234
29	0.05387	0.03754	0.30401	0.00860	0.01186	0.00827	0.05284	0.17519	0.00966	0.05593	0.00924	0.04364	0.00788	0.12662	0.07646	0.00197	0.00509	0.00383	0.00249	0.00501
30	0.00571	0.00384	0.00436	0.00432	0.00439	0.00388	0.00249	0.01858	0.00579	0.00775	0.01197	0.02450	0.01367	0.82328	0.04748	0.00376	0.00395	0.00549	0.00234	0.00243
31	0.00548	0.00411	0.00616	0.00616	0.00685	0.00479	0.00479	0.00685	0.00616	0.00890	0.01027	0.01506	0.00959	0.02876	0.85006	0.00616	0.01027	0.00411	0.00205	0.00342
32	0.00629	0.00461	0.00580	0.00587	0.00646	0.00473	0.01420	0.10076	0.00836	0.01123	0.04458	0.48252	0.02004	0.18799	0.00810	0.00196	0.03437	0.04543	0.00327	0.00344
33	0.00854	0.04497	0.48690	0.01261	0.01742	0.02372	0.30753	0.03080	0.00870	0.01231	0.00718	0.00885	0.00525	0.00351	0.00392	0.00122	0.00589	0.00343	0.00179	0.00546
34	0.00548	0.00411	0.00616	0.00616	0.00685	0.00479	0.00479	0.00685	0.00616	0.00890	0.01027	0.01506	0.00959	0.02876	0.85006	0.00616	0.01027	0.00411	0.00205	0.00342
35	0.00499	0.00347	0.00464	0.00546	0.00578	0.00325	0.00375	0.00576	0.00757	0.02407	0.03870	0.78144	0.02513	0.01171	0.00489	0.00156	0.00231	0.05873	0.00359	0.00321
36	0.00693	0.00532	0.00571	0.00526	0.00685	0.00526	0.00406	0.07716	0.15558	0.04604	0.05030	0.04314	0.48034	0.00905	0.04715	0.00151	0.00280	0.00652	0.03684	0.00417
37	0.00689	0.08078	0.12966	0.03715	0.05089	0.00670	0.07144	0.03345	0.06018	0.01126	0.02425	0.40027	0.02716	0.00849	0.03208	0.00151	0.00379	0.00691	0.00283	0.00429
38	0.00713	0.00435	0.00543	0.00536	0.00552	0.05995	0.00365	0.00575	0.00543	0.00692	0.00673	0.01145	0.00664	0.01321	0.04228	0.79948	0.00380	0.00330	0.00170	0.00191
39	0.00795	0.00681	0.00795	0.00568	0.00909	0.00511	0.00454	0.00965	0.00795	0.01249	0.00681	0.00795	0.00568	0.00284	0.00284	0.00057	0.00284	0.00227	0.00227	0.88869
40	0.04293	0.11719	0.13951	0.00930	0.01259	0.12222	0.07920	0.27503	0.11337	0.01593	0.00840	0.00895	0.00633	0.00408	0.00358	0.00111	0.00475	0.00318	0.00273	0.02963
41	0.00475	0.00341	0.00462	0.00542	0.00569	0.00328	0.00368	0.00549	0.00722	0.00970	0.02004	0.77761	0.02377	0.01369	0.08978	0.00202	0.00303	0.01022	0.00341	0.00315
42	0.00586	0.00400	0.00459	0.00451	0.00475	0.00400	0.00276	0.03606	0.00667	0.00896	0.08432	0.05298	0.02798	0.69782	0.01659	0.00325	0.00349	0.02609	0.00263	0.00266
43	0.00556	0.00378	0.00448	0.00448	0.00458	0.00388	0.00269	0.00576	0.00566	0.00765	0.01181	0.02360	0.01329	0.74126	0.14263	0.00408	0.00469	0.00536	0.00228	0.00249
44	0.00957	0.00994	0.07472	0.02163	0.70434	0.00914	0.05876	0.03051	0.00895	0.02495	0.00738	0.00949	0.00603	0.00347	0.00383	0.00115	0.00472	0.00345	0.00197	0.00601
45	0.01427	0.01035	0.01106	0.00859	0.01154	0.02603	0.00705	0.70353	0.06517	0.07285	0.02437	0.01004	0.00749	0.00469	0.00385	0.00116	0.00410	0.00357	0.00387	0.00641
46	0.00708	0.00683	0.06374	0.02284	0.00922	0.01541	0.08113	0.03651	0.16492	0.01424	0.38083	0.06804	0.06869	0.00685	0.00466	0.01965	0.01555	0.00588	0.00353	0.00439
47	0.00917	0.08010	0.62743	0.01028	0.01521	0.06097	0.01232	0.11725	0.00952	0.01329	0.00701	0.00802	0.00508	0.00376	0.00357	0.00116	0.00544	0.00283	0.00193	0.00565
48	0.03196	0.03619	0.03257	0.03564	0.03545	0.00743	0.04992	0.04930	0.24453	0.01342	0.07349	0.10111	0.08428	0.01648	0.01220	0.00133	0.03527	0.04898	0.00315	0.08730

[dist]
# distance from previous block
# <min> <max>
0	24

[block]
# block no. 1 follows, 71 sequences, length 14
# corresponding to MSA columns:
# 94-107
name=unknown_B
#
# <colnr> <probs for GDERKNQSTAVLIFYWHMCP>
#	G	D	E	R	K	N	Q	S	T	A	V	L	I	F	Y	W	H	M	C	P
0	0.10715	0.15232	0.07203	0.05619	0.01135	0.12800	0.03000	0.02862	0.12596	0.04139	0.00813	0.02031	0.00662	0.00532	0.03666	0.00135	0.10831	0.00312	0.02078	0.03637
1	0.00906	0.06068	0.30095	0.08168	0.02741	0.08306	0.07471	0.03673	0.05736	0.04587	0.06698	0.02923	0.00834	0.00453	0.00453	0.00122	0.07871	0.00360	0.00226	0.02309
2	0.00649	0.00541	0.00536	0.00499	0.00654	0.05713	0.00383	0.02002	0.04121	0.04180	0.07720	0.05029	0.49125	0.00852	0.02290	0.00132	0.00269	0.03529	0.03766	0.08011
3	0.01355	0.00996	0.01106	0.00859	0.01146	0.01093	0.02849	0.67395	0.07145	0.04387	0.05179	0.01076	0.00849	0.00477	0.00387	0.00116	0.00400	0.00373	0.02188	0.00625
4	0.89233	0.00741	0.00564	0.00504	0.00741	0.00860	0.00415	0.01127	0.00653	0.01720	0.00534	0.00623	0.00415	0.00356	0.00237	0.00119	0.00297	0.00208	0.00237	0.00415
5	0.00548	0.00411	0.00616	0.00616	0.00685	0.00479	0.00479	0.00685	0.00616	0.00890	0.01027	0.01506	0.00959	0.02876	0.85006	0.00616	0.01027	0.00411	0.00205	0.00342
6	0.00599	0.00435	0.00591	0.00669	0.00762	0.00428	0.00580	0.00766	0.00882	0.01134	0.02246	0.04251	0.11739	0.01049	0.00521	0.00171	0.00335	0.72140	0.00353	0.00350
7	0.00575	0.00421	0.00562	0.00636	0.00724	0.00408	0.00537	0.00727	0.00865	0.01111	0.02342	0.12917	0.15605	0.01060	0.00513	0.00167	0.00313	0.59819	0.00354	0.00344
8	0.46416	0.00698	0.00723	0.00591	0.00858	0.00715	0.00488	0.01490	0.00870	0.42173	0.01013	0.00957	0.00676	0.00414	0.00310	0.00119	0.00311	0.00295	0.00353	0.00531
9	0.00949	0.00911	0.01556	0.02353	0.84133	0.00911	0.01177	0.01177	0.00873	0.01253	0.00721	0.00949	0.00607	0.00342	0.00380	0.00114	0.00456	0.00342	0.00190	0.00607
10	0.01022	0.00830	0.00850	0.00751	0.00963	0.05988	0.00586	0.05913	0.57152	0.08688	0.09451	0.01545	0.03469	0.00543	0.00394	0.00125	0.00320	0.00448	0.00387	0.00572
11	0.00769	0.01983	0.84538	0.01093	0.01659	0.00890	0.01417	0.01214	0.00810	0.01214	0.00688	0.00810	0.00486	0.00364	0.00364	0.00121	0.00567	0.00283	0.00162	0.00567
12	0.89233	0.00741	0.00564	0.00504	0.00741	0.00860	0.00415	0.01127	0.00653	0.01720	0.00534	0.00623	0.00415	0.00356	0.00237	0.00119	0.00297	0.00208	0.00237	0.00415
13	0.01078	0.00957	0.01499	0.05439	0.44615	0.03155	0.12094	0.16689	0.01056	0.05643	0.00794	0.00966	0.00619	0.00382	0.00419	0.00118	0.03293	0.00357	0.00240	0.00588

[dist]
# distance from previous block
# <min> <max>
0	3

[block]
# block no. 2 follows, 71 sequences, length 24
# corresponding to MSA columns:
# 111-134
name=unknown_C
#
# <colnr> <probs for GDERKNQSTAVLIFYWHMCP>
#	G	D	E	R	K	N	Q	S	T	A	V	L	I	F	Y	W	H	M	C	P
0	0.00890	0.03501	0.02705	0.04047	0.24841	0.05314	0.19306	0.01158	0.05851	0.03054	0.01053	0.06364	0.02842	0.00494	0.00438	0.00124	0.03540	0.07802	0.00238	0.06437
1	0.00822	0.20976	0.58440	0.00955	0.01423	0.02971	0.01159	0.01162	0.00804	0.01122	0.00745	0.06389	0.00622	0.00412	0.00345	0.00114	0.00512	0.00318	0.00176	0.00530
2	0.00647	0.00346	0.00518	0.00518	0.00530	0.00357	0.00357	0.00530	0.00518	0.00702	0.00725	0.01221	0.00713	0.01582	0.15044	0.74533	0.00446	0.00346	0.00173	0.00195
3	0.00839	0.00839	0.01174	0.01007	0.01007	0.01174	0.00839	0.00923	0.00587	0.00923	0.00503	0.00839	0.00503	0.00671	0.01258	0.00168	0.85823	0.00336	0.00168	0.00419
4	0.12757	0.00896	0.00947	0.00775	0.01041	0.00992	0.00627	0.35186	0.29176	0.11859	0.01157	0.01100	0.00832	0.00469	0.00367	0.00121	0.00354	0.00362	0.00378	0.00606
5	0.00839	0.00839	0.01174	0.01007	0.01007	0.01174	0.00839	0.00923	0.00587	0.00923	0.00503	0.00839	0.00503	0.00671	0.01258	0.00168	0.85823	0.00336	0.00168	0.00419
6	0.00462	0.00389	0.00401	0.00398	0.00523	0.00327	0.00298	0.00567	0.00895	0.01085	0.11807	0.03608	0.76024	0.00953	0.00453	0.00129	0.00193	0.00798	0.00363	0.00327
7	0.01063	0.00878	0.00928	0.00802	0.01039	0.01005	0.00633	0.19537	0.65764	0.01780	0.01422	0.01320	0.01058	0.00507	0.00389	0.00127	0.00329	0.00414	0.00389	0.00617
8	0.01664	0.00636	0.00860	0.00664	0.00949	0.00552	0.00547	0.01814	0.01081	0.79748	0.01498	0.01312	0.00951	0.00473	0.00379	0.00117	0.00318	0.00384	0.05418	0.00636
9	0.00531	0.00383	0.00502	0.00490	0.00570	0.00354	0.00361	0.00694	0.01030	0.01450	0.71129	0.15915	0.03449	0.00849	0.00458	0.00126	0.00187	0.00755	0.00412	0.00354
10	0.01074	0.00828	0.00894	0.00779	0.01012	0.00935	0.00613	0.08966	0.68157	0.09987	0.01501	0.01374	0.01104	0.00510	0.00389	0.00128	0.00316	0.00421	0.00398	0.00615
11	0.00523	0.00391	0.00485	0.00462	0.00561	0.00353	0.00346	0.00686	0.01039	0.01428	0.66401	0.03045	0.21217	0.00825	0.00452	0.00123	0.00184	0.00719	0.00408	0.00353
12	0.02809	0.17204	0.01218	0.00799	0.01070	0.16454	0.03614	0.12880	0.01093	0.32318	0.00987	0.00971	0.00698	0.00430	0.00384	0.00109	0.03867	0.00317	0.02218	0.00559
13	0.00982	0.09015	0.04602	0.03676	0.04292	0.10414	0.00635	0.05956	0.00904	0.07323	0.02129	0.00962	0.00679	0.00484	0.04076	0.00111	0.02984	0.01886	0.00242	0.38648
14	0.00914	0.16243	0.19561	0.05038	0.02990	0.08753	0.15759	0.03186	0.08770	0.01163	0.01850	0.02233	0.01640	0.00536	0.04178	0.00141	0.03929	0.02398	0.00214	0.00503
15	0.00607	0.00466	0.00669	0.00625	0.00691	0.00520	0.04048	0.03255	0.00647	0.00910	0.01045	0.01743	0.01045	0.27976	0.49837	0.00486	0.04431	0.00452	0.00217	0.00330
16	0.00724	0.00681	0.01150	0.85604	0.02641	0.00852	0.01065	0.00980	0.00767	0.00980	0.00681	0.01022	0.00511	0.00383	0.00383	0.00128	0.00511	0.00341	0.00170	0.00426
17	0.00724	0.00681	0.01150	0.85604	0.02641	0.00852	0.01065	0.00980	0.00767	0.00980	0.00681	0.01022	0.00511	0.00383	0.00383	0.00128	0.00511	0.00341	0.00170	0.00426
18	0.00521	0.00383	0.00439	0.00455	0.00555	0.00334	0.00330	0.00618	0.00858	0.04730	0.10228	0.29452	0.47712	0.01005	0.00461	0.00136	0.00208	0.00869	0.00367	0.00338
19	0.45316	0.00840	0.00872	0.03969	0.09663	0.00934	0.00613	0.24471	0.01031	0.06349	0.00735	0.00828	0.00553	0.01927	0.00338	0.00122	0.00360	0.00282	0.00284	0.00513
20	0.00465	0.00342	0.00436	0.00511	0.00550	0.00313	0.00346	0.00536	0.00756	0.00988	0.02391	0.73310	0.15321	0.01165	0.00484	0.00152	0.00218	0.01046	0.00356	0.00313
21	0.09925	0.00714	0.00892	0.00691	0.00983	0.00670	0.00570	0.11975	0.01144	0.66315	0.01346	0.01193	0.00862	0.00462	0.00371	0.00118	0.00335	0.00364	0.00441	0.00630
22	0.01325	0.01008	0.01168	0.13665	0.05057	0.01126	0.00799	0.66970	0.01606	0.02150	0.00876	0.00937	0.00629	0.00444	0.00383	0.00117	0.00437	0.00344	0.00343	0.00616
23	0.06774	0.12239	0.02926	0.04687	0.13187	0.09275	0.03074	0.02569	0.06404	0.01140	0.03610	0.05106	0.02481	0.07393	0.07717	0.00183	0.03426	0.07121	0.00241	0.00447

[dist]
# distance from previous block
# <min> <max>
0	1

[block]
# block no. 3 follows, 71 sequences, length 10
# corresponding to MSA columns:
# 136-145
name=unknown_D
#
# <colnr> <probs for GDERKNQSTAVLIFYWHMCP>
#	G	D	E	R	K	N	Q	S	T	A	V	L	I	F	Y	W	H	M	C	P
0	0.00467	0.00334	0.00445	0.00534	0.00556	0.00311	0.00356	0.00534	0.00734	0.00979	0.02113	0.86275	0.02536	0.01201	0.00489	0.00156	0.00222	0.01090	0.00356	0.00311
1	0.00673	0.00357	0.00380	0.00387	0.00469	0.00352	0.00286	0.00839	0.00819	0.01387	0.07935	0.11210	0.01370	0.00560	0.00308	0.00099	0.00184	0.00468	0.71566	0.00352
2	0.00940	0.18931	0.11435	0.02301	0.05415	0.18507	0.00723	0.05251	0.05478	0.01151	0.07711	0.13937	0.04329	0.00563	0.00382	0.00114	0.01662	0.00450	0.00253	0.00465
3	0.00929	0.03514	0.12280	0.00851	0.01084	0.05316	0.08921	0.06413	0.12371	0.06742	0.03287	0.04263	0.00904	0.03891	0.03140	0.00146	0.11488	0.00396	0.10336	0.03728
4	0.00481	0.00339	0.00441	0.00516	0.00535	0.00321	0.00337	0.00537	0.00708	0.00943	0.01977	0.73662	0.02364	0.14048	0.00710	0.00188	0.00245	0.01010	0.00337	0.00300
5	0.00853	0.05212	0.51756	0.04160	0.17347	0.00919	0.09611	0.01216	0.00837	0.03521	0.00719	0.00872	0.00533	0.00358	0.00372	0.00119	0.00538	0.00313	0.00180	0.00564
6	0.01020	0.03561	0.03637	0.16176	0.07952	0.19530	0.04952	0.02300	0.11894	0.09137	0.02146	0.04391	0.05138	0.00567	0.02853	0.00135	0.00484	0.03370	0.00267	0.00489
7	0.00672	0.00474	0.00579	0.06956	0.00794	0.00456	0.00445	0.04580	0.03183	0.08244	0.09384	0.14015	0.35365	0.04659	0.00516	0.00146	0.00269	0.08528	0.00354	0.00383
8	0.01006	0.00803	0.00864	0.00745	0.00960	0.00901	0.00588	0.21296	0.48558	0.01784	0.13445	0.01517	0.01396	0.00542	0.00393	0.00124	0.00309	0.00447	0.03750	0.00572
9	0.01058	0.47146	0.16756	0.00924	0.06962	0.04482	0.04272	0.06944	0.00900	0.06359	0.00675	0.00759	0.00543	0.00356	0.00308	0.00099	0.00458	0.00262	0.00203	0.00534

[dist]
# distance from previous block
# <min> <max>
0	3

[block]
# block no. 4 follows, 71 sequences, length 38
# corresponding to MSA columns:
# 149-186
name=unknown_E
#
# <colnr> <probs for GDERKNQSTAVLIFYWHMCP>
#	G	D	E	R	K	N	Q	S	T	A	V	L	I	F	Y	W	H	M	C	P
0	0.00767	0.06800	0.00835	0.00569	0.00854	0.00555	0.01785	0.00930	0.00842	0.02865	0.11425	0.03574	0.06785	0.00427	0.00324	0.00077	0.00279	0.00355	0.00264	0.59688
1	0.00806	0.01896	0.01119	0.01975	0.05012	0.03158	0.10125	0.06578	0.00764	0.01081	0.02276	0.01175	0.02473	0.01296	0.27679	0.00295	0.31269	0.00386	0.00208	0.00430
2	0.01074	0.09953	0.21195	0.02438	0.12208	0.29061	0.05230	0.04442	0.00930	0.01113	0.00651	0.00803	0.00526	0.00437	0.01905	0.00121	0.06926	0.00289	0.00189	0.00508
3	0.03932	0.00568	0.00653	0.00586	0.00747	0.00590	0.00454	0.01314	0.26988	0.11785	0.34585	0.01963	0.02077	0.00606	0.00394	0.00119	0.00241	0.00515	0.11405	0.00476
4	0.00852	0.00922	0.03070	0.01997	0.06641	0.27371	0.00611	0.00965	0.00813	0.00952	0.01085	0.20291	0.01112	0.01372	0.26493	0.03682	0.00653	0.00500	0.00233	0.00387
5	0.00558	0.00372	0.00418	0.00418	0.00418	0.00372	0.00232	0.00558	0.00558	0.00743	0.01208	0.02509	0.01394	0.86525	0.01952	0.00372	0.00372	0.00558	0.00232	0.00232
6	0.00485	0.00390	0.00434	0.00440	0.00552	0.00339	0.00333	0.00604	0.00911	0.01147	0.20608	0.08321	0.56387	0.00951	0.00461	0.00132	0.00204	0.06598	0.00370	0.00333
7	0.01025	0.86756	0.02009	0.00656	0.00984	0.01517	0.00656	0.01148	0.00779	0.00902	0.00533	0.00615	0.00492	0.00328	0.00246	0.00082	0.00410	0.00205	0.00164	0.00492
8	0.00467	0.00334	0.00445	0.00534	0.00556	0.00311	0.00356	0.00534	0.00734	0.00979	0.02113	0.86275	0.02536	0.01201	0.00489	0.00156	0.00222	0.01090	0.00356	0.00311
9	0.00557	0.00375	0.00432	0.00432	0.00437	0.00379	0.00250	0.00567	0.00562	0.00754	0.01195	0.02437	0.01363	0.80519	0.07914	0.00389	0.00419	0.00547	0.00230	0.00240
10	0.00543	0.00392	0.00513	0.00482	0.00573	0.00362	0.00362	0.00724	0.01085	0.01538	0.83931	0.02864	0.03618	0.00784	0.00452	0.00121	0.00181	0.00693	0.00422	0.00362
11	0.00888	0.00849	0.01446	0.24884	0.62078	0.00895	0.01146	0.01123	0.00844	0.01179	0.00710	0.00969	0.00581	0.00353	0.00381	0.00118	0.00471	0.00341	0.00185	0.00558
12	0.00740	0.00447	0.00509	0.00475	0.00593	0.00448	0.00362	0.01036	0.11707	0.06107	0.30843	0.01935	0.01947	0.00578	0.00356	0.00107	0.00204	0.00489	0.40707	0.00408
13	0.01214	0.10964	0.01121	0.00856	0.01094	0.30485	0.00680	0.15405	0.31441	0.01428	0.00997	0.00993	0.00769	0.00444	0.00357	0.00111	0.00471	0.00327	0.00296	0.00545
14	0.01432	0.01827	0.01087	0.00988	0.01185	0.84986	0.00741	0.01531	0.01087	0.00938	0.00593	0.00691	0.00494	0.00395	0.00346	0.00099	0.00691	0.00247	0.00198	0.00444
15	0.02022	0.06213	0.02155	0.07259	0.17400	0.03291	0.11342	0.11049	0.11959	0.10577	0.06543	0.03284	0.01939	0.00463	0.00413	0.00121	0.02726	0.00407	0.00290	0.00546
16	0.00510	0.00384	0.00510	0.00566	0.00618	0.00367	0.01991	0.00645	0.04924	0.01046	0.04655	0.67078	0.08290	0.01112	0.00482	0.00152	0.00239	0.05738	0.00356	0.00335
17	0.10624	0.00662	0.00857	0.00664	0.00955	0.00594	0.00548	0.01793	0.01052	0.75987	0.01413	0.01236	0.00895	0.00462	0.00370	0.00119	0.00323	0.00367	0.00450	0.00628
18	0.00544	0.00472	0.00650	0.12904	0.03291	0.00454	0.04485	0.00688	0.00870	0.01103	0.13239	0.12959	0.44019	0.00841	0.00446	0.00132	0.00274	0.01945	0.00325	0.00360
19	0.04025	0.10264	0.01305	0.05872	0.16320	0.15205	0.09448	0.09995	0.08938	0.02292	0.01910	0.01183	0.04697	0.00450	0.00397	0.00116	0.02923	0.02989	0.01155	0.00514
20	0.00513	0.00367	0.00498	0.00586	0.00629	0.00351	0.00436	0.00613	0.00779	0.01030	0.02088	0.61286	0.02436	0.01158	0.00502	0.00162	0.00262	0.25625	0.00355	0.00324
21	0.00548	0.00411	0.00616	0.00616	0.00685	0.00479	0.00479	0.00685	0.00616	0.00890	0.01027	0.01506	0.00959	0.02876	0.85006	0.00616	0.01027	0.00411	0.00205	0.00342
22	0.00797	0.01756	0.67519	0.03291	0.14281	0.00901	0.01355	0.01195	0.00812	0.01206	0.00688	0.00837	0.00505	0.00370	0.00392	0.00122	0.02946	0.00295	0.00167	0.00565
23	0.07880	0.00959	0.01359	0.01915	0.61109	0.10128	0.02356	0.01167	0.00870	0.01235	0.00793	0.07023	0.00718	0.00410	0.00374	0.00116	0.00455	0.00376	0.00206	0.00552
24	0.00487	0.00348	0.00441	0.00507	0.00534	0.00327	0.00335	0.00547	0.00714	0.00943	0.02062	0.62488	0.07952	0.17322	0.00765	0.00195	0.00252	0.03151	0.00332	0.00298
25	0.84573	0.05286	0.00640	0.00512	0.00754	0.00895	0.00428	0.01128	0.00659	0.01677	0.00534	0.00622	0.00419	0.00354	0.00238	0.00117	0.00303	0.00207	0.00233	0.00419
26	0.00549	0.00407	0.00595	0.00595	0.00656	0.00468	0.00453	0.00671	0.00610	0.00874	0.01046	0.01613	0.01005	0.11799	0.76146	0.00590	0.00957	0.00426	0.00208	0.00331
27	0.02853	0.02446	0.01127	0.00859	0.01154	0.03437	0.02150	0.66822	0.03023	0.08154	0.00973	0.02264	0.00704	0.00465	0.00379	0.00115	0.00416	0.00356	0.01675	0.00627
28	0.00549	0.00412	0.00516	0.00476	0.00590	0.00367	0.00359	0.00718	0.01036	0.01450	0.67264	0.02826	0.14130	0.00773	0.00440	0.00117	0.00190	0.00675	0.00399	0.06711
29	0.00551	0.00396	0.00542	0.00542	0.00584	0.00439	0.00386	0.00637	0.00594	0.00835	0.01095	0.01884	0.01123	0.34418	0.53688	0.00524	0.00780	0.00466	0.00216	0.00301
30	0.00724	0.00681	0.01150	0.85604	0.02641	0.00852	0.01065	0.00980	0.00767	0.00980	0.00681	0.01022	0.00511	0.00383	0.00383	0.00128	0.00511	0.00341	0.00170	0.00426
31	0.00724	0.00681	0.01150	0.85604	0.02641	0.00852	0.01065	0.00980	0.00767	0.00980	0.00681	0.01022	0.00511	0.00383	0.00383	0.00128	0.00511	0.00341	0.00170	0.00426
32	0.00543	0.00392	0.00513	0.00482	0.00573	0.00362	0.00362	0.00724	0.01085	0.01538	0.83931	0.02864	0.03618	0.00784	0.00452	0.00121	0.00181	0.00693	0.00422	0.00362
33	0.00535	0.00449	0.03513	0.00488	0.00602	0.00374	0.00387	0.00711	0.01038	0.01438	0.66915	0.02935	0.17582	0.00802	0.00449	0.00122	0.00197	0.00699	0.00401	0.00362
34	0.89233	0.00741	0.00564	0.00504	0.00741	0.00860	0.00415	0.01127	0.00653	0.01720	0.00534	0.00623	0.00415	0.00356	0.00237	0.00119	0.00297	0.00208	0.00237	0.00415
35	0.00548	0.00411	0.00616	0.00616	0.00685	0.00479	0.00479	0.00685	0.00616	0.00890	0.01027	0.01506	0.00959	0.02876	0.85006	0.00616	0.01027	0.00411	0.00205	0.00342
36	0.00548	0.00411	0.00616	0.00616	0.00685	0.00479	0.00479	0.00685	0.00616	0.00890	0.01027	0.01506	0.00959	0.02876	0.85006	0.00616	0.01027	0.00411	0.00205	0.00342
37	0.48525	0.07067	0.02600	0.00692	0.00925	0.27836	0.00565	0.02678	0.00822	0.01386	0.00580	0.00684	0.00470	0.00456	0.03234	0.00127	0.00464	0.00231	0.00219	0.00435

[dist]
# distance from previous block
# <min> <max>
1	19

[block]
# block no. 5 follows, 71 sequences, length 16
# corresponding to MSA columns:
# 209-224
name=unknown_F
#
# <colnr> <probs for GDERKNQSTAVLIFYWHMCP>
#	G	D	E	R	K	N	Q	S	T	A	V	L	I	F	Y	W	H	M	C	P
0	0.02216	0.34390	0.15252	0.02522	0.03541	0.14234	0.04203	0.05256	0.04262	0.03520	0.00786	0.06753	0.00689	0.00426	0.00330	0.00105	0.00472	0.00325	0.00214	0.00504
1	0.00742	0.00760	0.06603	0.01328	0.34276	0.00684	0.03389	0.03277	0.00884	0.01205	0.07474	0.10700	0.21857	0.00640	0.00456	0.00126	0.04293	0.00561	0.00268	0.00475
2	0.01025	0.86756	0.02009	0.00656	0.00984	0.01517	0.00656	0.01148	0.00779	0.00902	0.00533	0.00615	0.00492	0.00328	0.00246	0.00082	0.00410	0.00205	0.00164	0.00492
3	0.10044	0.00661	0.00859	0.00665	0.00956	0.00592	0.00549	0.01798	0.01055	0.76535	0.01420	0.01240	0.00898	0.00463	0.00371	0.00119	0.00323	0.00369	0.00452	0.00630
4	0.00556	0.00377	0.00446	0.00446	0.00455	0.00387	0.00267	0.00575	0.00566	0.00764	0.01183	0.02370	0.01334	0.74922	0.13472	0.00406	0.00463	0.00537	0.00229	0.00248
5	0.01025	0.86756	0.02009	0.00656	0.00984	0.01517	0.00656	0.01148	0.00779	0.00902	0.00533	0.00615	0.00492	0.00328	0.00246	0.00082	0.00410	0.00205	0.00164	0.00492
6	0.00618	0.00441	0.00618	0.00706	0.00794	0.00441	0.00618	0.00794	0.00883	0.01147	0.02030	0.04325	0.02207	0.01059	0.00530	0.00177	0.00353	0.81553	0.00353	0.00353
7	0.00724	0.00681	0.01150	0.85604	0.02641	0.00852	0.01065	0.00980	0.00767	0.00980	0.00681	0.01022	0.00511	0.00383	0.00383	0.00128	0.00511	0.00341	0.00170	0.00426
8	0.00832	0.00777	0.01291	0.03442	0.58558	0.00786	0.02332	0.01023	0.00837	0.01178	0.01092	0.15466	0.03704	0.00543	0.00441	0.00126	0.03755	0.03062	0.00227	0.00528
9	0.15692	0.00823	0.00887	0.00701	0.00971	0.00862	0.00573	0.37604	0.01280	0.18478	0.01017	0.03209	0.00744	0.00450	0.00345	0.00111	0.00345	0.00342	0.08013	0.07553
10	0.00548	0.00409	0.00598	0.00653	0.00719	0.00394	0.04258	0.00671	0.00802	0.01058	0.02018	0.49430	0.02314	0.01104	0.00504	0.00163	0.00294	0.33380	0.00347	0.00338
11	0.03197	0.03044	0.10997	0.02891	0.13082	0.00733	0.04696	0.04602	0.06255	0.07878	0.02680	0.00995	0.01744	0.00366	0.00340	0.00094	0.00375	0.00311	0.00252	0.35465
12	0.00749	0.00671	0.01116	0.74150	0.05846	0.00814	0.01013	0.00990	0.00784	0.03451	0.00832	0.03446	0.02189	0.00430	0.00390	0.00129	0.00487	0.01888	0.00192	0.00434
13	0.01051	0.81453	0.01954	0.00674	0.00997	0.04249	0.00661	0.03558	0.00819	0.00948	0.00546	0.00627	0.00497	0.00334	0.00253	0.00084	0.00420	0.00211	0.00172	0.00495
14	0.02705	0.03632	0.04988	0.01990	0.13714	0.08679	0.04754	0.03014	0.06295	0.03232	0.23531	0.03625	0.07226	0.00559	0.00413	0.00116	0.02508	0.00476	0.05274	0.03268
15	0.32056	0.04157	0.04209	0.01007	0.15633	0.20102	0.00696	0.01202	0.00809	0.03901	0.00682	0.02805	0.00589	0.04311	0.00451	0.00128	0.06289	0.00294	0.00219	0.00462

[dist]
# distance from previous block
# <min> <max>
0	1

[block]
# block no. 6 follows, 71 sequences, length 19
# corresponding to MSA columns:
# 226-244
name=unknown_G
#
# <colnr> <probs for GDERKNQSTAVLIFYWHMCP>
#	G	D	E	R	K	N	Q	S	T	A	V	L	I	F	Y	W	H	M	C	P
0	0.00829	0.01281	0.32318	0.17955	0.23142	0.00907	0.13870	0.01155	0.00827	0.01174	0.00705	0.00922	0.00537	0.00363	0.00405	0.00123	0.02434	0.00337	0.00176	0.00539
1	0.01281	0.00986	0.01034	0.00832	0.01102	0.02744	0.00674	0.54675	0.24955	0.02113	0.01110	0.01083	0.00811	0.00475	0.00380	0.00118	0.00383	0.00369	0.04251	0.00622
2	0.00562	0.00439	0.00518	0.00520	0.00624	0.00424	0.00389	0.00816	0.11860	0.01273	0.29677	0.19822	0.24995	0.00901	0.00456	0.00135	0.00219	0.05613	0.00382	0.00373
3	0.00701	0.00656	0.01067	0.65511	0.09135	0.00775	0.00955	0.00930	0.00792	0.01011	0.01178	0.01427	0.13374	0.00470	0.00394	0.00127	0.00458	0.00413	0.00201	0.00425
4	0.02405	0.05816	0.23023	0.01232	0.21582	0.10657	0.00957	0.07326	0.02608	0.09807	0.02154	0.02283	0.01519	0.00402	0.00360	0.00110	0.00466	0.00327	0.00241	0.06726
5	0.18601	0.32954	0.04036	0.00794	0.03394	0.25224	0.00668	0.04508	0.00883	0.01158	0.00625	0.03329	0.00550	0.00391	0.00306	0.00101	0.01546	0.00259	0.00204	0.00469
6	0.77012	0.00733	0.00596	0.00513	0.00765	0.00812	0.00421	0.01105	0.00672	0.01655	0.00554	0.00647	0.00436	0.00346	0.00244	0.00110	0.00295	0.00210	0.00236	0.12638
7	0.00789	0.04752	0.19295	0.35512	0.09086	0.00916	0.01044	0.01035	0.00753	0.01051	0.00650	0.00911	0.00519	0.00434	0.00534	0.01971	0.14495	0.00315	0.00173	0.05765
8	0.01041	0.03226	0.04924	0.05220	0.41456	0.17998	0.00966	0.04079	0.13479	0.01255	0.00844	0.02326	0.00690	0.00400	0.00372	0.00114	0.00482	0.00343	0.00228	0.00559
9	0.00806	0.00818	0.01983	0.00787	0.00878	0.15050	0.03910	0.00947	0.02620	0.01062	0.18410	0.01555	0.01350	0.10834	0.13372	0.00233	0.24312	0.00439	0.00246	0.00389
10	0.00798	0.00948	0.12579	0.29153	0.13353	0.09599	0.00932	0.01023	0.00786	0.01038	0.00793	0.03188	0.00672	0.00907	0.17381	0.00221	0.03322	0.00356	0.02499	0.00451
11	0.00775	0.00478	0.00544	0.00489	0.00614	0.00480	0.00377	0.12177	0.01063	0.03829	0.34511	0.01934	0.01997	0.00585	0.00361	0.00106	0.00217	0.00492	0.38562	0.00408
12	0.00706	0.00529	0.00676	0.03902	0.02826	0.00568	0.00493	0.15988	0.00896	0.01213	0.01480	0.39507	0.01618	0.10177	0.15189	0.00248	0.02578	0.00712	0.00306	0.00387
13	0.00847	0.00729	0.01002	0.00717	0.01063	0.00577	0.11830	0.01038	0.00822	0.04577	0.00728	0.00849	0.00585	0.00297	0.00311	0.00069	0.00336	0.00265	0.00232	0.73126
14	0.01011	0.02880	0.11334	0.02272	0.04852	0.23829	0.07673	0.03616	0.01698	0.01051	0.00642	0.00890	0.00556	0.00555	0.02104	0.02320	0.30629	0.01435	0.00190	0.00462
15	0.00871	0.37121	0.36987	0.12587	0.01501	0.01152	0.01040	0.01149	0.00787	0.01046	0.00619	0.00758	0.00492	0.00358	0.00335	0.00107	0.02154	0.00260	0.00164	0.00513
16	0.00530	0.00394	0.00508	0.00487	0.00580	0.00372	0.00367	0.00692	0.00989	0.01373	0.60450	0.02801	0.15322	0.01101	0.12137	0.00190	0.00300	0.00672	0.00382	0.00353
17	0.00782	0.00685	0.02758	0.19372	0.25166	0.00698	0.00802	0.02835	0.05502	0.03835	0.28280	0.01652	0.01634	0.00610	0.03632	0.00139	0.00388	0.00466	0.00286	0.00479
18	0.00553	0.00376	0.00447	0.00450	0.00460	0.00384	0.00271	0.00574	0.00572	0.00773	0.01218	0.05565	0.01377	0.71712	0.13373	0.00397	0.00457	0.00558	0.00233	0.00251

[dist]
# distance from previous block
# <min> <max>
0	6

# created by:
# /st0/software/busco_prod/Augustus/scripts/msa2prfl.pl ./align_prep/29735.fa
