[name]
unknown

[dist]
# distance from previous block
# <min> <max>
0	16

[block]
# block no. 0 follows, 72 sequences, length 55
# corresponding to MSA columns:
# 16-70
name=unknown_A
#
# <colnr> <probs for GDERKNQSTAVLIFYWHMCP>
#	G	D	E	R	K	N	Q	S	T	A	V	L	I	F	Y	W	H	M	C	P
0	0.02058	0.03742	0.28382	0.00966	0.03636	0.12526	0.03720	0.03700	0.19276	0.03462	0.01046	0.01228	0.03325	0.00479	0.00434	0.00124	0.06162	0.04961	0.00250	0.00524
1	0.00799	0.00731	0.05744	0.00739	0.04845	0.00713	0.00574	0.07848	0.34458	0.01512	0.23205	0.01958	0.11079	0.02182	0.00433	0.00127	0.00288	0.00519	0.01749	0.00496
2	0.00547	0.00385	0.00503	0.00503	0.00533	0.00416	0.00341	0.00609	0.00578	0.00801	0.01114	0.02032	0.01183	0.48619	0.39716	0.00477	0.00662	0.00486	0.00218	0.00279
3	0.01391	0.07006	0.01185	0.00853	0.01154	0.01189	0.00711	0.73991	0.05116	0.02253	0.00910	0.00911	0.00655	0.00449	0.00370	0.00112	0.00412	0.00335	0.00365	0.00632
4	0.00484	0.00399	0.00465	0.00521	0.04721	0.00350	0.00352	0.00587	0.00853	0.01067	0.10400	0.21456	0.55077	0.00963	0.00452	0.00132	0.00210	0.00828	0.00350	0.00335
5	0.01572	0.00757	0.00992	0.04353	0.02666	0.02444	0.03169	0.15299	0.01178	0.61490	0.01308	0.01188	0.00845	0.00455	0.00382	0.00117	0.00366	0.00371	0.00422	0.00627
6	0.59060	0.03332	0.00763	0.00650	0.00879	0.23740	0.00519	0.05042	0.00818	0.01502	0.00562	0.00648	0.00445	0.00367	0.00271	0.00111	0.00408	0.00222	0.00229	0.00432
7	0.00898	0.00878	0.01560	0.06095	0.65023	0.00877	0.12257	0.01130	0.00856	0.01209	0.00788	0.05234	0.00688	0.00380	0.00391	0.00117	0.00467	0.00390	0.00196	0.00565
8	0.09992	0.00812	0.01272	0.00948	0.01263	0.00774	0.24424	0.11048	0.01069	0.42765	0.01122	0.01103	0.00748	0.00413	0.00386	0.00120	0.00423	0.00379	0.00356	0.00584
9	0.00492	0.00388	0.00542	0.01849	0.00653	0.00364	0.04492	0.00581	0.00764	0.01000	0.03871	0.63190	0.17018	0.01076	0.00484	0.00147	0.01455	0.00967	0.00340	0.00325
10	0.00935	0.00897	0.01532	0.03815	0.82849	0.00900	0.01162	0.01160	0.00862	0.01234	0.00713	0.00940	0.00599	0.00339	0.00376	0.00113	0.00452	0.00338	0.00187	0.00598
11	0.00499	0.00342	0.00435	0.00491	0.00506	0.00327	0.00314	0.00534	0.00661	0.00881	0.01745	0.56495	0.02070	0.27326	0.00976	0.04666	0.00271	0.00880	0.00305	0.00277
12	0.01052	0.36964	0.01368	0.00751	0.01012	0.12264	0.00642	0.04358	0.35298	0.01237	0.00971	0.00964	0.00771	0.00417	0.00320	0.00104	0.00399	0.00307	0.00267	0.00533
13	0.01246	0.00955	0.01021	0.00828	0.01096	0.01071	0.00669	0.48970	0.34668	0.03585	0.01176	0.01120	0.00857	0.00479	0.00382	0.00120	0.00368	0.00377	0.00384	0.00627
14	0.02581	0.01010	0.20235	0.04949	0.11757	0.01750	0.01914	0.06759	0.01870	0.29926	0.04406	0.05431	0.00902	0.00467	0.00399	0.00119	0.02383	0.00388	0.00311	0.02444
15	0.01060	0.15131	0.37104	0.01026	0.07169	0.00952	0.05130	0.08563	0.02184	0.16882	0.00849	0.00901	0.00605	0.00382	0.00353	0.00113	0.00471	0.00307	0.00245	0.00573
16	0.01009	0.79821	0.04074	0.00689	0.01014	0.01462	0.02279	0.02623	0.00789	0.00934	0.00542	0.00631	0.00491	0.00334	0.00272	0.00085	0.02077	0.00215	0.00167	0.00491
17	0.00468	0.00388	0.00412	0.00413	0.00535	0.00331	0.00315	0.00578	0.00889	0.01088	0.12922	0.03593	0.70109	0.00944	0.00453	0.00130	0.00200	0.05547	0.00359	0.00326
18	0.00994	0.06462	0.27088	0.04763	0.16788	0.02751	0.18676	0.04503	0.01698	0.11442	0.00811	0.00938	0.00594	0.00365	0.00379	0.00117	0.00511	0.00340	0.00222	0.00559
19	0.02481	0.00767	0.05284	0.00657	0.02492	0.00593	0.01590	0.07318	0.00867	0.05191	0.00754	0.00901	0.00617	0.04271	0.00376	0.00084	0.00320	0.00264	0.00244	0.64930
20	0.00568	0.00479	0.00673	0.00627	0.00712	0.00535	0.03396	0.00690	0.00709	0.00968	0.05878	0.04550	0.23142	0.03109	0.39724	0.00360	0.12740	0.00538	0.00253	0.00349
21	0.00504	0.00355	0.00447	0.00499	0.00555	0.00322	0.00345	0.00585	0.00787	0.03586	0.08228	0.60457	0.18715	0.02111	0.00488	0.00148	0.00216	0.00968	0.00359	0.00323
22	0.04085	0.25849	0.21900	0.01308	0.25643	0.02143	0.05765	0.02688	0.02975	0.02353	0.00683	0.00816	0.00549	0.00348	0.00332	0.00106	0.00465	0.00287	0.00189	0.01519
23	0.04101	0.32130	0.34983	0.00930	0.01345	0.04191	0.09150	0.03161	0.00840	0.04959	0.00668	0.00768	0.00515	0.00352	0.00323	0.00106	0.00494	0.00271	0.00187	0.00525
24	0.00468	0.00336	0.00442	0.00524	0.00552	0.00314	0.00354	0.00537	0.00731	0.00969	0.02134	0.78553	0.05693	0.03393	0.00521	0.00159	0.00227	0.03435	0.00349	0.00308
25	0.01146	0.07978	0.07201	0.00983	0.12033	0.08785	0.02067	0.17637	0.06876	0.16548	0.04542	0.08991	0.02523	0.00511	0.00379	0.00116	0.00402	0.00422	0.00315	0.00547
26	0.02189	0.03697	0.13253	0.01428	0.33563	0.04168	0.02149	0.14671	0.01776	0.15413	0.00909	0.03536	0.00700	0.00411	0.00372	0.00115	0.00440	0.00353	0.00269	0.00588
27	0.00642	0.00495	0.00759	0.03860	0.11562	0.00485	0.05766	0.00764	0.00775	0.04619	0.06039	0.34266	0.05531	0.11745	0.06302	0.00200	0.00366	0.05153	0.00297	0.00375
28	0.04967	0.11195	0.17662	0.01270	0.26114	0.04202	0.00929	0.12707	0.04285	0.02684	0.00741	0.00853	0.00581	0.00363	0.00340	0.00105	0.00438	0.00294	0.00225	0.10045
29	0.05685	0.13559	0.03270	0.01278	0.27936	0.14520	0.03235	0.02557	0.09329	0.01211	0.05485	0.01110	0.04809	0.00428	0.00377	0.00110	0.02869	0.00347	0.00231	0.01657
30	0.00530	0.00376	0.00462	0.00456	0.00543	0.00344	0.00336	0.00680	0.00963	0.01354	0.51292	0.14361	0.16121	0.00828	0.00434	0.00122	0.00186	0.00724	0.09543	0.00344
31	0.00971	0.00957	0.09890	0.05640	0.22600	0.02207	0.03162	0.06707	0.32234	0.06032	0.02013	0.03186	0.00894	0.00475	0.01239	0.00127	0.00405	0.00393	0.00293	0.00575
32	0.00963	0.00880	0.01451	0.02104	0.72428	0.00892	0.01085	0.05252	0.00910	0.03344	0.02694	0.02367	0.00708	0.00380	0.00404	0.00115	0.02864	0.00359	0.00212	0.00588
33	0.00462	0.00367	0.00416	0.00442	0.00530	0.00320	0.00317	0.00557	0.00840	0.01058	0.11626	0.31022	0.48673	0.01017	0.00460	0.00136	0.00200	0.00881	0.00359	0.00320
34	0.01031	0.83227	0.01948	0.00663	0.00982	0.05111	0.00653	0.01152	0.00784	0.00894	0.00530	0.00612	0.00487	0.00327	0.00248	0.00082	0.00418	0.00205	0.00164	0.00485
35	0.00502	0.00361	0.00423	0.00452	0.00491	0.00340	0.00293	0.00552	0.00694	0.00900	0.04208	0.29653	0.19253	0.37033	0.01084	0.00238	0.00278	0.02660	0.00302	0.00280
36	0.01397	0.01045	0.01122	0.03314	0.01206	0.02512	0.00727	0.77015	0.01716	0.02290	0.00930	0.01005	0.00682	0.00469	0.00383	0.00116	0.00422	0.02651	0.00369	0.00627
37	0.89350	0.00733	0.00557	0.00499	0.00733	0.00851	0.00411	0.01115	0.00645	0.01702	0.00528	0.00616	0.00411	0.00352	0.00235	0.00117	0.00293	0.00205	0.00235	0.00411
38	0.01417	0.01808	0.01075	0.00977	0.01172	0.85149	0.00733	0.01514	0.01075	0.00928	0.00586	0.00684	0.00489	0.00391	0.00342	0.00098	0.00684	0.00244	0.00195	0.00440
39	0.00943	0.00815	0.00858	0.00772	0.00986	0.00943	0.00600	0.02015	0.83621	0.01586	0.01544	0.01415	0.01158	0.00515	0.00386	0.00129	0.00300	0.00429	0.00386	0.00600
40	0.00457	0.00375	0.00394	0.00407	0.00511	0.00321	0.00294	0.00542	0.00825	0.00998	0.03422	0.15475	0.67151	0.06445	0.00548	0.00147	0.00207	0.00825	0.00344	0.00313
41	0.74770	0.00788	0.00654	0.00561	0.00807	0.00905	0.00462	0.14703	0.00834	0.01816	0.00592	0.00665	0.00450	0.00369	0.00259	0.00117	0.00314	0.00228	0.00259	0.00450
42	0.00626	0.05071	0.01763	0.00487	0.00655	0.00474	0.00389	0.02495	0.05041	0.04194	0.23344	0.02727	0.41692	0.00759	0.00414	0.00116	0.00228	0.00637	0.00351	0.08537
43	0.00813	0.13402	0.61544	0.01017	0.04586	0.00924	0.01189	0.01182	0.02066	0.03521	0.00818	0.04197	0.02322	0.00405	0.00353	0.00116	0.00504	0.00319	0.00185	0.00540
44	0.01573	0.00645	0.00853	0.00655	0.00941	0.00562	0.00539	0.04227	0.01069	0.71433	0.01403	0.01248	0.00904	0.00453	0.00368	0.00111	0.00315	0.00367	0.05138	0.07196
45	0.01431	0.01033	0.01111	0.00854	0.01152	0.01138	0.00705	0.78677	0.01739	0.04733	0.00935	0.00934	0.00661	0.00455	0.00377	0.00113	0.00409	0.00343	0.02561	0.00638
46	0.02550	0.01007	0.15198	0.12074	0.46270	0.00845	0.03206	0.01174	0.02888	0.05518	0.01993	0.02986	0.01823	0.00392	0.00378	0.00118	0.00455	0.00361	0.00210	0.00555
47	0.01324	0.02012	0.03633	0.03413	0.06494	0.00654	0.00635	0.06398	0.02098	0.49247	0.08101	0.03885	0.02627	0.00588	0.02969	0.00135	0.04409	0.00421	0.00388	0.00570
48	0.00463	0.00332	0.00438	0.00522	0.00547	0.00309	0.00348	0.00529	0.00727	0.00966	0.02129	0.82502	0.05000	0.02584	0.00507	0.00157	0.00222	0.01061	0.00350	0.00307
49	0.04054	0.00740	0.00915	0.00709	0.00991	0.00714	0.00584	0.22767	0.01253	0.55998	0.06247	0.01265	0.01005	0.00481	0.00381	0.00117	0.00338	0.00384	0.00436	0.00621
50	0.00951	0.14685	0.37651	0.02493	0.17462	0.03786	0.03463	0.01254	0.02177	0.09233	0.00773	0.02044	0.00592	0.00379	0.00362	0.00113	0.01518	0.00308	0.00204	0.00553
51	0.01183	0.00729	0.04566	0.00713	0.03745	0.03917	0.00558	0.11142	0.03059	0.33329	0.02667	0.02822	0.03549	0.15148	0.01684	0.00165	0.02909	0.00421	0.07187	0.00507
52	0.00462	0.00368	0.00417	0.00453	0.00541	0.00322	0.00329	0.00552	0.00815	0.01010	0.03110	0.33505	0.50223	0.01047	0.00465	0.00140	0.00211	0.05360	0.00352	0.00317
53	0.04114	0.03493	0.07897	0.03656	0.17164	0.04526	0.03782	0.08316	0.07229	0.07141	0.01334	0.21080	0.05832	0.00656	0.01945	0.00134	0.00390	0.00535	0.00286	0.00489
54	0.01922	0.05178	0.12214	0.01381	0.28533	0.09286	0.06437	0.10192	0.07795	0.06691	0.02051	0.03415	0.00733	0.00410	0.00371	0.00114	0.00459	0.00355	0.00248	0.02215

[dist]
# distance from previous block
# <min> <max>
0	4

[block]
# block no. 1 follows, 72 sequences, length 31
# corresponding to MSA columns:
# 76-106
name=unknown_B
#
# <colnr> <probs for GDERKNQSTAVLIFYWHMCP>
#	G	D	E	R	K	N	Q	S	T	A	V	L	I	F	Y	W	H	M	C	P
0	0.00908	0.00799	0.01322	0.18687	0.31856	0.02397	0.12235	0.05386	0.00884	0.06873	0.00919	0.05913	0.01780	0.01608	0.06623	0.00160	0.00506	0.00409	0.00227	0.00511
1	0.01012	0.32615	0.13908	0.01038	0.13875	0.10320	0.00844	0.08300	0.02079	0.02224	0.00738	0.05929	0.00655	0.00423	0.00370	0.00106	0.04528	0.00316	0.00207	0.00513
2	0.01128	0.06140	0.02641	0.00863	0.01072	0.21219	0.00698	0.16617	0.30240	0.01441	0.02278	0.01034	0.00803	0.00483	0.00478	0.00120	0.11571	0.00344	0.00294	0.00535
3	0.00468	0.00348	0.00436	0.00491	0.00544	0.00317	0.00339	0.00554	0.00797	0.01045	0.12148	0.58866	0.20081	0.01091	0.00472	0.00144	0.00209	0.00972	0.00360	0.00317
4	0.00677	0.00832	0.15415	0.02946	0.08891	0.04435	0.06043	0.00922	0.03735	0.01263	0.29317	0.10348	0.12314	0.00660	0.00421	0.00123	0.00342	0.00582	0.00304	0.00430
5	0.00814	0.16022	0.62051	0.00979	0.01452	0.00983	0.01196	0.03462	0.00808	0.01159	0.00671	0.00804	0.00508	0.00480	0.04243	0.00137	0.03250	0.00276	0.00169	0.00536
6	0.00628	0.00405	0.00490	0.00464	0.00580	0.00361	0.00349	0.00768	0.00961	0.09483	0.38452	0.10035	0.28351	0.00818	0.00433	0.00123	0.00201	0.00704	0.06026	0.00370
7	0.01379	0.09713	0.01160	0.00947	0.01154	0.77377	0.00725	0.01479	0.01046	0.00925	0.00581	0.00677	0.00488	0.00385	0.00333	0.00096	0.00658	0.00240	0.00192	0.00444
8	0.00525	0.00356	0.00422	0.00448	0.00454	0.00350	0.00266	0.00545	0.00604	0.00805	0.01463	0.27609	0.01717	0.61083	0.01497	0.00304	0.00323	0.00709	0.00266	0.00253
9	0.01497	0.00815	0.01180	0.00884	0.01196	0.00782	0.14853	0.22067	0.01227	0.49570	0.01223	0.01149	0.00802	0.00440	0.00392	0.00118	0.00401	0.00383	0.00399	0.00622
10	0.01014	0.86900	0.01987	0.00649	0.00973	0.01501	0.00649	0.01136	0.00771	0.00892	0.00527	0.00608	0.00487	0.00324	0.00243	0.00081	0.00406	0.00203	0.00162	0.00487
11	0.00476	0.00356	0.00433	0.00488	0.00543	0.00325	0.00340	0.00552	0.00760	0.00975	0.02505	0.50009	0.25651	0.08680	0.00604	0.00167	0.00234	0.06256	0.00341	0.00307
12	0.00544	0.00397	0.00564	0.00564	0.00616	0.00450	0.00418	0.00648	0.00596	0.00847	0.01057	0.01719	0.01047	0.22174	0.65975	0.00554	0.00866	0.00440	0.00209	0.00314
13	0.00920	0.00790	0.00837	0.00755	0.00962	0.00909	0.00586	0.01939	0.78802	0.01583	0.06363	0.01498	0.01299	0.00530	0.00389	0.00128	0.00293	0.00444	0.00388	0.00586
14	0.37753	0.00926	0.00898	0.00718	0.00993	0.01042	0.00593	0.49201	0.01313	0.02106	0.00753	0.00789	0.00548	0.00413	0.00320	0.00115	0.00366	0.00285	0.00320	0.00548
15	0.00716	0.00674	0.01138	0.85760	0.02612	0.00843	0.01053	0.00969	0.00758	0.00969	0.00674	0.01011	0.00506	0.00379	0.00379	0.00126	0.00506	0.00337	0.00169	0.00421
16	0.00558	0.15311	0.00708	0.00549	0.00623	0.00514	0.00403	0.00633	0.00734	0.00955	0.01820	0.71574	0.02159	0.01039	0.00442	0.00141	0.00252	0.00927	0.00319	0.00339
17	0.00858	0.00874	0.00960	0.10530	0.21283	0.20205	0.00718	0.01038	0.00988	0.01254	0.35195	0.01672	0.01797	0.00536	0.00398	0.00113	0.00398	0.00460	0.00282	0.00443
18	0.00943	0.46935	0.10649	0.00717	0.01010	0.03847	0.00688	0.01318	0.20735	0.01082	0.00846	0.00982	0.00722	0.07550	0.00434	0.00121	0.00403	0.00296	0.00223	0.00499
19	0.00761	0.01962	0.84707	0.01081	0.01641	0.00881	0.01401	0.01201	0.00801	0.01201	0.00681	0.00801	0.00480	0.00360	0.00360	0.00120	0.00560	0.00280	0.00160	0.00560
20	0.00487	0.00386	0.00437	0.00424	0.00536	0.00336	0.00318	0.00619	0.00955	0.01240	0.38624	0.03296	0.49236	0.00880	0.00448	0.00124	0.00186	0.00751	0.00380	0.00336
21	0.00683	0.00556	0.00671	0.00527	0.00761	0.00444	0.00411	0.00856	0.00905	0.01354	0.35206	0.01633	0.01810	0.00486	0.00350	0.00082	0.00239	0.00416	0.00304	0.52306
22	0.02372	0.06380	0.28281	0.07444	0.11590	0.00886	0.21781	0.01279	0.00870	0.14262	0.00822	0.00951	0.00592	0.00364	0.00380	0.00119	0.00512	0.00344	0.00222	0.00549
23	0.01414	0.01005	0.01084	0.00836	0.01127	0.01104	0.00689	0.74941	0.01698	0.06092	0.00955	0.00955	0.00676	0.00455	0.00373	0.00113	0.00400	0.00344	0.05109	0.00629
24	0.00462	0.00330	0.00440	0.00528	0.00550	0.00308	0.00352	0.00528	0.00726	0.00968	0.02090	0.86424	0.02508	0.01188	0.00484	0.00154	0.00220	0.01078	0.00352	0.00308
25	0.04646	0.12603	0.20191	0.01167	0.13436	0.15353	0.10240	0.05695	0.05662	0.03277	0.00777	0.00888	0.01591	0.00381	0.00363	0.00111	0.01583	0.00310	0.01198	0.00526
26	0.00718	0.00730	0.13139	0.00717	0.02891	0.01953	0.00617	0.04167	0.00795	0.06378	0.07224	0.12381	0.07254	0.06610	0.23281	0.00273	0.07121	0.00515	0.02830	0.00407
27	0.00491	0.00347	0.00427	0.00479	0.00502	0.00329	0.00306	0.00537	0.00678	0.00894	0.01919	0.52280	0.08111	0.29768	0.00965	0.00224	0.00267	0.00882	0.00311	0.00283
28	0.00596	0.00424	0.00497	0.00526	0.00575	0.03238	0.00356	0.02419	0.00777	0.04536	0.10966	0.50499	0.02208	0.19636	0.00783	0.00192	0.00272	0.00846	0.00333	0.00323
29	0.02501	0.00727	0.02611	0.00603	0.00932	0.00578	0.00495	0.04533	0.05987	0.05121	0.00773	0.00851	0.00615	0.00314	0.00297	0.00068	0.00296	0.00250	0.00251	0.72197
30	0.05211	0.00580	0.00730	0.00605	0.00808	0.00547	0.00478	0.06239	0.04563	0.40576	0.25322	0.04651	0.01749	0.05610	0.00488	0.00134	0.00284	0.00495	0.00417	0.00514

[dist]
# distance from previous block
# <min> <max>
0	1

[block]
# block no. 2 follows, 72 sequences, length 65
# corresponding to MSA columns:
# 108-172
name=unknown_C
#
# <colnr> <probs for GDERKNQSTAVLIFYWHMCP>
#	G	D	E	R	K	N	Q	S	T	A	V	L	I	F	Y	W	H	M	C	P
0	0.00536	0.00400	0.00570	0.00634	0.03124	0.00379	0.03753	0.02784	0.00772	0.02110	0.01982	0.75802	0.03505	0.01095	0.00475	0.00150	0.00250	0.00998	0.00343	0.00339
1	0.02322	0.03497	0.17431	0.05316	0.30960	0.05512	0.10136	0.07675	0.03663	0.08650	0.00808	0.00942	0.00610	0.00371	0.00374	0.00116	0.00486	0.00335	0.00229	0.00568
2	0.00703	0.00390	0.00457	0.00503	0.04280	0.00383	0.00345	0.00855	0.00790	0.04644	0.01396	0.16746	0.01280	0.03485	0.01503	0.00121	0.00226	0.02999	0.58531	0.00364
3	0.00892	0.08517	0.05444	0.00767	0.05916	0.01845	0.01434	0.07021	0.05390	0.02290	0.00732	0.00832	0.00593	0.00334	0.00336	0.00079	0.03162	0.00260	0.00234	0.53922
4	0.01073	0.06940	0.01387	0.06832	0.30581	0.28845	0.07530	0.02645	0.00915	0.01084	0.00663	0.00856	0.00555	0.00462	0.03346	0.00128	0.05155	0.00309	0.00190	0.00503
5	0.00465	0.00333	0.00443	0.00526	0.00551	0.00310	0.00352	0.00537	0.00742	0.00993	0.05792	0.82651	0.02557	0.01170	0.00482	0.00152	0.00218	0.01060	0.00355	0.00310
6	0.01024	0.00978	0.10039	0.06404	0.18599	0.00962	0.01850	0.21017	0.09621	0.05502	0.04802	0.01067	0.00795	0.00493	0.01341	0.00130	0.14190	0.00362	0.00272	0.00553
7	0.00610	0.00489	0.00580	0.00599	0.04054	0.00486	0.00425	0.00923	0.17327	0.02347	0.20725	0.14707	0.28635	0.00939	0.05270	0.00157	0.00274	0.00694	0.00360	0.00399
8	0.00492	0.00371	0.00450	0.00461	0.00541	0.00334	0.00332	0.00611	0.00905	0.01206	0.36432	0.24726	0.27192	0.03584	0.00503	0.00139	0.00199	0.00817	0.00375	0.00330
9	0.01335	0.19168	0.01261	0.00910	0.01132	0.68084	0.00716	0.01437	0.01013	0.00921	0.00574	0.00669	0.00488	0.00377	0.00322	0.00094	0.00627	0.00236	0.00189	0.00449
10	0.00462	0.00330	0.00440	0.00528	0.00550	0.00308	0.00352	0.00528	0.00726	0.00968	0.02090	0.86424	0.02508	0.01188	0.00484	0.00154	0.00220	0.01078	0.00352	0.00308
11	0.01414	0.01035	0.01108	0.00853	0.01148	0.01145	0.00704	0.79926	0.01746	0.02353	0.00923	0.00930	0.00657	0.00455	0.00375	0.00113	0.00408	0.00342	0.03731	0.00634
12	0.01014	0.86900	0.01987	0.00649	0.00973	0.01501	0.00649	0.01136	0.00771	0.00892	0.00527	0.00608	0.00487	0.00324	0.00243	0.00081	0.00406	0.00203	0.00162	0.00487
13	0.01417	0.01808	0.01075	0.00977	0.01172	0.85149	0.00733	0.01514	0.01075	0.00928	0.00586	0.00684	0.00489	0.00391	0.00342	0.00098	0.00684	0.00244	0.00195	0.00440
14	0.01702	0.00645	0.00880	0.00675	0.00968	0.00557	0.00557	0.01848	0.01085	0.84568	0.01496	0.01291	0.00939	0.00469	0.00381	0.00117	0.00323	0.00381	0.00469	0.00645
15	0.00537	0.00361	0.00418	0.00433	0.00436	0.00358	0.00250	0.00548	0.00581	0.00774	0.01344	0.16415	0.01566	0.72482	0.01690	0.00332	0.00343	0.00639	0.00250	0.00243
16	0.89350	0.00733	0.00557	0.00499	0.00733	0.00851	0.00411	0.01115	0.00645	0.01702	0.00528	0.00616	0.00411	0.00352	0.00235	0.00117	0.00293	0.00205	0.00235	0.00411
17	0.00527	0.00431	0.00690	0.00676	0.00754	0.00403	0.11591	0.00634	0.00761	0.01011	0.01974	0.67932	0.05359	0.01055	0.00480	0.00150	0.00282	0.04623	0.00330	0.00338
18	0.00897	0.12522	0.01561	0.34625	0.01941	0.00960	0.26555	0.05634	0.02296	0.04904	0.00799	0.01099	0.00627	0.00389	0.00388	0.00121	0.00511	0.03476	0.00211	0.00481
19	0.01083	0.00794	0.00870	0.00759	0.00989	0.00887	0.00597	0.04401	0.67620	0.15247	0.01517	0.01380	0.01106	0.00505	0.00385	0.00126	0.00307	0.00418	0.00399	0.00609
20	0.00453	0.00384	0.00391	0.00389	0.00515	0.00322	0.00292	0.00554	0.00876	0.01052	0.08257	0.03605	0.79719	0.00950	0.00448	0.00128	0.00191	0.00794	0.00356	0.00322
21	0.00965	0.70435	0.18022	0.00733	0.01103	0.01380	0.00795	0.01148	0.00776	0.00952	0.00557	0.00646	0.00485	0.00331	0.00266	0.00089	0.00436	0.00218	0.00162	0.00501
22	0.00895	0.00733	0.00971	0.00740	0.01013	0.00680	0.10220	0.15491	0.04047	0.04244	0.10911	0.02204	0.06171	0.00485	0.01493	0.00102	0.02467	0.00389	0.00293	0.36452
23	0.00462	0.00347	0.00429	0.00488	0.00541	0.00314	0.00336	0.00542	0.00780	0.01012	0.06846	0.60477	0.23834	0.01107	0.00473	0.00145	0.00211	0.00985	0.00356	0.00314
24	0.00816	0.03021	0.78993	0.01053	0.01596	0.00871	0.01345	0.01236	0.00816	0.05783	0.00723	0.00825	0.00506	0.00366	0.00360	0.00119	0.00545	0.00285	0.00177	0.00564
25	0.01078	0.29665	0.05045	0.04979	0.15781	0.09009	0.02216	0.10982	0.01931	0.06248	0.02172	0.00849	0.00621	0.00382	0.00359	0.00102	0.03544	0.00288	0.00225	0.04522
26	0.00546	0.00386	0.00511	0.00511	0.00546	0.00417	0.00352	0.00615	0.00596	0.00830	0.03585	0.03161	0.01247	0.42178	0.41338	0.01513	0.00667	0.00491	0.00224	0.00286
27	0.00454	0.00360	0.00409	0.00448	0.00529	0.00315	0.00316	0.00537	0.00804	0.01000	0.03071	0.40102	0.48198	0.01061	0.00464	0.00139	0.00204	0.00923	0.00352	0.00315
28	0.03628	0.00794	0.02309	0.04456	0.02104	0.00771	0.01464	0.26240	0.02192	0.43222	0.02012	0.03664	0.00862	0.00471	0.00377	0.00116	0.00361	0.00379	0.00397	0.04181
29	0.03222	0.01187	0.10205	0.02969	0.36262	0.15786	0.10280	0.07741	0.00946	0.01255	0.00690	0.00873	0.00556	0.00379	0.00429	0.00116	0.06037	0.00324	0.00201	0.00542
30	0.01409	0.00662	0.00898	0.00770	0.04871	0.00654	0.00597	0.02774	0.03140	0.56517	0.02616	0.01244	0.00909	0.00493	0.00491	0.00121	0.12173	0.00375	0.08708	0.00578
31	0.00722	0.00528	0.00702	0.00767	0.12026	0.00512	0.00503	0.00995	0.10600	0.08271	0.43175	0.02385	0.14634	0.00718	0.01670	0.00128	0.00256	0.00596	0.00374	0.00437
32	0.04807	0.00939	0.01111	0.00875	0.01137	0.07484	0.10684	0.27592	0.10758	0.03762	0.00884	0.00978	0.00680	0.00588	0.06340	0.00145	0.05625	0.00337	0.00289	0.14986
33	0.00469	0.00346	0.00439	0.00498	0.00546	0.00316	0.00342	0.00553	0.00791	0.01044	0.12324	0.62652	0.16087	0.01101	0.00474	0.00146	0.00210	0.00985	0.00360	0.00316
34	0.00824	0.02514	0.40046	0.08222	0.16469	0.02329	0.18573	0.01165	0.00843	0.01195	0.03753	0.00959	0.00638	0.00364	0.00384	0.00120	0.00539	0.00344	0.00183	0.00536
35	0.00809	0.00840	0.03922	0.00974	0.00997	0.01108	0.00826	0.00907	0.00590	0.00920	0.00537	0.00871	0.00526	0.00794	0.06602	0.00193	0.77666	0.00335	0.00168	0.00415
36	0.00469	0.00335	0.00438	0.00516	0.00541	0.00313	0.00343	0.00534	0.00727	0.00967	0.03964	0.76862	0.04684	0.06659	0.00575	0.00166	0.00228	0.01028	0.00346	0.00304
37	0.00456	0.00383	0.00405	0.00410	0.00527	0.00332	0.00306	0.00554	0.00837	0.01010	0.03521	0.07966	0.73083	0.01123	0.07212	0.00168	0.00259	0.00784	0.00340	0.00321
38	0.00462	0.00332	0.00438	0.00523	0.00549	0.00308	0.00350	0.00529	0.00731	0.00970	0.02149	0.83661	0.05234	0.01181	0.00483	0.00153	0.00219	0.01069	0.00352	0.00308
39	0.05388	0.00948	0.01034	0.00811	0.01098	0.01031	0.00665	0.55802	0.12080	0.15599	0.01069	0.01023	0.00748	0.00460	0.00374	0.00116	0.00381	0.00353	0.00388	0.00629
40	0.01417	0.01808	0.01075	0.00977	0.01172	0.85149	0.00733	0.01514	0.01075	0.00928	0.00586	0.00684	0.00489	0.00391	0.00342	0.00098	0.00684	0.00244	0.00195	0.00440
41	0.01417	0.01808	0.01075	0.00977	0.01172	0.85149	0.00733	0.01514	0.01075	0.00928	0.00586	0.00684	0.00489	0.00391	0.00342	0.00098	0.00684	0.00244	0.00195	0.00440
42	0.89350	0.00733	0.00557	0.00499	0.00733	0.00851	0.00411	0.01115	0.00645	0.01702	0.00528	0.00616	0.00411	0.00352	0.00235	0.00117	0.00293	0.00205	0.00235	0.00411
43	0.00573	0.00408	0.00561	0.00643	0.00711	0.00403	0.00530	0.00713	0.00821	0.01074	0.01982	0.23223	0.02214	0.05791	0.00592	0.00180	0.00320	0.58583	0.00343	0.00333
44	0.89350	0.00733	0.00557	0.00499	0.00733	0.00851	0.00411	0.01115	0.00645	0.01702	0.00528	0.00616	0.00411	0.00352	0.00235	0.00117	0.00293	0.00205	0.00235	0.00411
45	0.00786	0.00674	0.00786	0.00562	0.00899	0.00506	0.00449	0.00955	0.00786	0.01236	0.00674	0.00786	0.00562	0.00281	0.00281	0.00056	0.00281	0.00225	0.00225	0.88990
46	0.00604	0.00462	0.04255	0.00470	0.00516	0.00414	0.00318	0.00640	0.00605	0.03994	0.01322	0.03523	0.05862	0.69980	0.03395	0.00331	0.02247	0.00546	0.00242	0.00273
47	0.01659	0.00713	0.00922	0.00707	0.01002	0.00658	0.00584	0.15037	0.01199	0.71220	0.01401	0.01229	0.00891	0.00467	0.00381	0.00117	0.00338	0.00375	0.00455	0.00645
48	0.89350	0.00733	0.00557	0.00499	0.00733	0.00851	0.00411	0.01115	0.00645	0.01702	0.00528	0.00616	0.00411	0.00352	0.00235	0.00117	0.00293	0.00205	0.00235	0.00411
49	0.01142	0.01335	0.40112	0.00894	0.01306	0.00828	0.00974	0.16885	0.03534	0.24337	0.01095	0.01084	0.03863	0.00436	0.00374	0.00119	0.00446	0.00344	0.00301	0.00592
50	0.00728	0.00687	0.01160	0.81170	0.07106	0.00846	0.01059	0.00980	0.00764	0.00984	0.00676	0.01007	0.00511	0.00377	0.00379	0.00126	0.00503	0.00337	0.00170	0.00431
51	0.00469	0.00385	0.00413	0.00406	0.00525	0.00329	0.00304	0.00584	0.00913	0.01140	0.22480	0.03460	0.65442	0.00917	0.00448	0.00126	0.00189	0.00774	0.00367	0.00329
52	0.81171	0.00725	0.00588	0.00515	0.00755	0.00823	0.00424	0.01183	0.00686	0.09435	0.00618	0.00679	0.00460	0.00363	0.00248	0.00117	0.00296	0.00222	0.00257	0.00433
53	0.09434	0.00880	0.01321	0.05627	0.59829	0.04674	0.01001	0.01134	0.02066	0.01235	0.00768	0.05605	0.00682	0.00405	0.00400	0.00118	0.03710	0.00363	0.00203	0.00544
54	0.01568	0.00719	0.00900	0.00696	0.00976	0.00684	0.00573	0.20381	0.01224	0.59513	0.01343	0.01213	0.00874	0.00464	0.00372	0.00114	0.00333	0.00370	0.07059	0.00623
55	0.00462	0.00330	0.00440	0.00528	0.00550	0.00308	0.00352	0.00528	0.00726	0.00968	0.02090	0.86424	0.02508	0.01188	0.00484	0.00154	0.00220	0.01078	0.00352	0.00308
56	0.00692	0.00529	0.03859	0.00672	0.05261	0.00521	0.00479	0.03773	0.00682	0.06398	0.01069	0.01757	0.01051	0.33923	0.35128	0.00411	0.02763	0.00447	0.00234	0.00354
57	0.00916	0.00912	0.05061	0.04698	0.42163	0.07283	0.07161	0.02013	0.00873	0.05068	0.03909	0.10614	0.00938	0.00517	0.01541	0.00128	0.04011	0.01444	0.00230	0.00520
58	0.00528	0.00379	0.00489	0.00554	0.00596	0.00367	0.00382	0.05830	0.00797	0.01063	0.02013	0.79049	0.02381	0.01138	0.00478	0.00152	0.00236	0.02883	0.00354	0.00331
59	0.01602	0.00717	0.00915	0.00709	0.00994	0.00671	0.00582	0.17994	0.01211	0.64973	0.01402	0.04476	0.00940	0.00494	0.00385	0.00118	0.00338	0.00400	0.00447	0.00632
60	0.00834	0.04215	0.09259	0.02219	0.23851	0.00830	0.24681	0.01145	0.07420	0.02557	0.05603	0.07200	0.06464	0.00479	0.00418	0.00123	0.01485	0.00468	0.00240	0.00511
61	0.01259	0.00848	0.00923	0.07924	0.04856	0.16970	0.02422	0.02821	0.03454	0.36541	0.03335	0.14723	0.01109	0.00561	0.00393	0.00120	0.00402	0.00470	0.00348	0.00520
62	0.00921	0.00897	0.01571	0.07623	0.72324	0.00902	0.07849	0.01156	0.00859	0.01220	0.00715	0.00950	0.00593	0.00339	0.00382	0.00115	0.00470	0.00347	0.00187	0.00582
63	0.00947	0.01086	0.16976	0.07086	0.38670	0.01720	0.10881	0.07093	0.02010	0.05433	0.00871	0.01867	0.02844	0.00385	0.00385	0.00118	0.00480	0.00363	0.00218	0.00564
64	0.03169	0.01948	0.12279	0.01301	0.27449	0.04182	0.03072	0.10550	0.04312	0.20339	0.00994	0.04868	0.00764	0.00430	0.00374	0.00116	0.00422	0.00370	0.00287	0.02776

[dist]
# distance from previous block
# <min> <max>
2	14

[block]
# block no. 3 follows, 72 sequences, length 30
# corresponding to MSA columns:
# 187-216
name=unknown_D
#
# <colnr> <probs for GDERKNQSTAVLIFYWHMCP>
#	G	D	E	R	K	N	Q	S	T	A	V	L	I	F	Y	W	H	M	C	P
0	0.01023	0.01876	0.07713	0.02913	0.35748	0.00838	0.05448	0.12858	0.02190	0.09951	0.00903	0.05124	0.00734	0.00471	0.02495	0.00124	0.00438	0.00372	0.00256	0.08528
1	0.05406	0.03016	0.01857	0.07658	0.06914	0.02425	0.01645	0.18462	0.07438	0.01473	0.00865	0.00969	0.02525	0.00468	0.03368	0.00112	0.01456	0.00305	0.00262	0.33375
2	0.00934	0.00707	0.00817	0.00731	0.04073	0.00721	0.00547	0.33386	0.01162	0.01575	0.01385	0.17418	0.06827	0.08126	0.01760	0.00147	0.00347	0.05725	0.00325	0.13288
3	0.00462	0.00330	0.00440	0.00528	0.00550	0.00308	0.00352	0.00528	0.00726	0.00968	0.02090	0.86424	0.02508	0.01188	0.00484	0.00154	0.00220	0.01078	0.00352	0.00308
4	0.00802	0.01280	0.36258	0.02832	0.34332	0.00824	0.05283	0.01103	0.00821	0.01186	0.00866	0.11060	0.00775	0.00448	0.00386	0.00122	0.00480	0.00407	0.00196	0.00542
5	0.00976	0.00801	0.00855	0.00761	0.00977	0.00915	0.00594	0.04199	0.75296	0.05066	0.04154	0.01441	0.01212	0.00519	0.00387	0.00127	0.00300	0.00433	0.00390	0.00596
6	0.00542	0.00370	0.00418	0.00416	0.00433	0.00363	0.00244	0.00563	0.00615	0.00817	0.07554	0.02602	0.08209	0.73401	0.01701	0.00330	0.00340	0.00582	0.00254	0.00247
7	0.00500	0.00382	0.00445	0.00436	0.00537	0.00341	0.00324	0.00601	0.00883	0.01139	0.28557	0.03051	0.46816	0.01038	0.05202	0.08136	0.00246	0.00700	0.00348	0.00319
8	0.00707	0.00353	0.00353	0.00353	0.00442	0.00353	0.00265	0.00884	0.00795	0.01414	0.01237	0.01414	0.00972	0.00442	0.00265	0.00088	0.00177	0.00353	0.88777	0.00353
9	0.82290	0.00726	0.00583	0.00513	0.00752	0.00827	0.00423	0.01174	0.00681	0.08376	0.00606	0.00670	0.00453	0.00362	0.00247	0.00117	0.00296	0.00220	0.00254	0.00430
10	0.00716	0.00674	0.01138	0.85760	0.02612	0.00843	0.01053	0.00969	0.00758	0.00969	0.00674	0.01011	0.00506	0.00379	0.00379	0.00126	0.00506	0.00337	0.00169	0.00421
11	0.01417	0.01808	0.01075	0.00977	0.01172	0.85149	0.00733	0.01514	0.01075	0.00928	0.00586	0.00684	0.00489	0.00391	0.00342	0.00098	0.00684	0.00244	0.00195	0.00440
12	0.00716	0.00674	0.01138	0.85760	0.02612	0.00843	0.01053	0.00969	0.00758	0.00969	0.00674	0.01011	0.00506	0.00379	0.00379	0.00126	0.00506	0.00337	0.00169	0.00421
13	0.00462	0.00330	0.00440	0.00528	0.00550	0.00308	0.00352	0.00528	0.00726	0.00968	0.02090	0.86424	0.02508	0.01188	0.00484	0.00154	0.00220	0.01078	0.00352	0.00308
14	0.00761	0.01962	0.84707	0.01081	0.01641	0.00881	0.01401	0.01201	0.00801	0.01201	0.00681	0.00801	0.00480	0.00360	0.00360	0.00120	0.00560	0.00280	0.00160	0.00560
15	0.01406	0.04127	0.01102	0.00965	0.01167	0.80147	0.00730	0.04123	0.01089	0.00974	0.00595	0.00689	0.00493	0.00391	0.00340	0.00098	0.00668	0.00246	0.00200	0.00448
16	0.89350	0.00733	0.00557	0.00499	0.00733	0.00851	0.00411	0.01115	0.00645	0.01702	0.00528	0.00616	0.00411	0.00352	0.00235	0.00117	0.00293	0.00205	0.00235	0.00411
17	0.01455	0.01041	0.01125	0.00863	0.01166	0.01145	0.00713	0.78952	0.01748	0.06529	0.00940	0.00930	0.00660	0.00456	0.00379	0.00114	0.00413	0.00343	0.00384	0.00645
18	0.00972	0.00568	0.00696	0.00627	0.00805	0.00558	0.00510	0.07391	0.11553	0.22829	0.14225	0.02450	0.11384	0.00704	0.00425	0.00131	0.00288	0.18398	0.05008	0.00478
19	0.00978	0.05287	0.10785	0.08009	0.17844	0.22616	0.00838	0.02220	0.06649	0.02740	0.03267	0.09764	0.00870	0.00470	0.00367	0.00111	0.00470	0.00387	0.00231	0.06097
20	0.05288	0.00512	0.00686	0.00629	0.00741	0.01520	0.00495	0.00954	0.00711	0.17371	0.01049	0.02446	0.00893	0.03509	0.45508	0.04840	0.07617	0.00389	0.04441	0.00399
21	0.00492	0.00333	0.00446	0.00516	0.00540	0.00312	0.00345	0.00524	0.00697	0.00923	0.01957	0.69066	0.06334	0.01197	0.00637	0.13889	0.00236	0.00948	0.00323	0.00286
22	0.01585	0.00784	0.00961	0.00739	0.01031	0.00767	0.00609	0.29976	0.01327	0.54161	0.03194	0.01194	0.00898	0.00472	0.00382	0.00116	0.00352	0.00375	0.00437	0.00639
23	0.00584	0.00479	0.00641	0.07475	0.04023	0.00472	0.03250	0.03666	0.05243	0.01172	0.15048	0.29116	0.25639	0.00870	0.00445	0.00134	0.00263	0.00768	0.00338	0.00374
24	0.75720	0.00698	0.00568	0.00502	0.00731	0.00790	0.00412	0.01157	0.00692	0.08355	0.00659	0.00730	0.00495	0.00368	0.00249	0.00115	0.00287	0.00231	0.06817	0.00425
25	0.00481	0.00340	0.00442	0.00508	0.00532	0.00321	0.00335	0.00547	0.00729	0.00979	0.08568	0.67647	0.02432	0.13420	0.00689	0.00182	0.00238	0.00971	0.00340	0.00301
26	0.00922	0.00772	0.01234	0.31775	0.35259	0.00839	0.00983	0.07698	0.00899	0.07384	0.00841	0.01067	0.01888	0.00552	0.06147	0.00152	0.00493	0.00353	0.00221	0.00521
27	0.02918	0.01018	0.00996	0.00800	0.01072	0.21183	0.01965	0.18025	0.01213	0.45203	0.01132	0.01053	0.00757	0.00443	0.00370	0.00112	0.00434	0.00339	0.00377	0.00590
28	0.00921	0.00980	0.01102	0.00963	0.01002	0.16510	0.00785	0.01007	0.00681	0.00918	0.00590	0.00979	0.00585	0.03431	0.01076	0.00160	0.64513	0.03209	0.00180	0.00411
29	0.28548	0.00896	0.04711	0.04037	0.21584	0.02809	0.04035	0.13002	0.00963	0.14789	0.00805	0.00885	0.00590	0.00383	0.00335	0.00116	0.00396	0.00304	0.00273	0.00540

[dist]
# distance from previous block
# <min> <max>
0	1

[block]
# block no. 4 follows, 72 sequences, length 20
# corresponding to MSA columns:
# 218-237
name=unknown_E
#
# <colnr> <probs for GDERKNQSTAVLIFYWHMCP>
#	G	D	E	R	K	N	Q	S	T	A	V	L	I	F	Y	W	H	M	C	P
0	0.28036	0.32303	0.05646	0.00712	0.02326	0.04641	0.00638	0.12523	0.06095	0.01414	0.00657	0.00726	0.00529	0.00374	0.00300	0.00105	0.02002	0.00247	0.00230	0.00495
1	0.00460	0.00336	0.00434	0.00512	0.00546	0.00309	0.00345	0.00530	0.00742	0.00975	0.02291	0.76919	0.11884	0.01162	0.00480	0.00151	0.00217	0.01046	0.00352	0.00309
2	0.00871	0.01179	0.22101	0.03942	0.36891	0.00927	0.20093	0.01162	0.00833	0.01194	0.00701	0.00918	0.00556	0.00364	0.00450	0.00122	0.06616	0.00349	0.00180	0.00552
3	0.00821	0.00965	0.17936	0.05873	0.02297	0.05749	0.00724	0.04723	0.22853	0.03118	0.21589	0.01672	0.06468	0.00550	0.00392	0.00120	0.00357	0.00459	0.02840	0.00491
4	0.00513	0.00383	0.00476	0.00460	0.00554	0.00346	0.00342	0.00666	0.01006	0.01377	0.61275	0.08270	0.21252	0.00842	0.00450	0.00123	0.00184	0.00736	0.00399	0.00346
5	0.00802	0.00829	0.06283	0.53402	0.27465	0.00870	0.01101	0.02779	0.00815	0.01095	0.00691	0.00974	0.00536	0.00367	0.00377	0.00122	0.00490	0.00334	0.00178	0.00489
6	0.00471	0.00336	0.00450	0.00538	0.00564	0.00316	0.00368	0.00544	0.00735	0.00978	0.02085	0.81486	0.02489	0.01180	0.00486	0.00155	0.00228	0.05927	0.00352	0.00311
7	0.00558	0.00420	0.00606	0.00592	0.00671	0.00468	0.00454	0.00685	0.00616	0.00892	0.01008	0.01521	0.00956	0.09025	0.73533	0.00556	0.00921	0.00406	0.00207	0.05906
8	0.00895	0.01023	0.02238	0.01598	0.01982	0.00959	0.82928	0.01215	0.00895	0.01215	0.00767	0.01023	0.00575	0.00320	0.00448	0.00128	0.00639	0.00448	0.00192	0.00512
9	0.01417	0.01808	0.01075	0.00977	0.01172	0.85149	0.00733	0.01514	0.01075	0.00928	0.00586	0.00684	0.00489	0.00391	0.00342	0.00098	0.00684	0.00244	0.00195	0.00440
10	0.89350	0.00733	0.00557	0.00499	0.00733	0.00851	0.00411	0.01115	0.00645	0.01702	0.00528	0.00616	0.00411	0.00352	0.00235	0.00117	0.00293	0.00205	0.00235	0.00411
11	0.00448	0.00384	0.00384	0.00384	0.00512	0.00320	0.00288	0.00544	0.00864	0.01025	0.03842	0.03650	0.84152	0.00960	0.00448	0.00128	0.00192	0.00800	0.00352	0.00320
12	0.00716	0.00674	0.01138	0.85760	0.02612	0.00843	0.01053	0.00969	0.00758	0.00969	0.00674	0.01011	0.00506	0.00379	0.00379	0.00126	0.00506	0.00337	0.00169	0.00421
13	0.00792	0.00692	0.00862	0.00616	0.00955	0.00529	0.04733	0.00968	0.00792	0.01235	0.00679	0.00799	0.00562	0.00283	0.00290	0.00060	0.00299	0.00236	0.00223	0.84395
14	0.01070	0.01107	0.21237	0.08353	0.11364	0.02041	0.13459	0.10265	0.03786	0.18521	0.01020	0.02381	0.02789	0.00419	0.00388	0.00120	0.00469	0.00375	0.00273	0.00562
15	0.89350	0.00733	0.00557	0.00499	0.00733	0.00851	0.00411	0.01115	0.00645	0.01702	0.00528	0.00616	0.00411	0.00352	0.00235	0.00117	0.00293	0.00205	0.00235	0.00411
16	0.00482	0.00382	0.00411	0.00406	0.00521	0.00330	0.00304	0.00599	0.00904	0.01153	0.21332	0.05284	0.60154	0.00898	0.00439	0.00125	0.00189	0.00758	0.04998	0.00330
17	0.01241	0.00863	0.07614	0.06747	0.12442	0.02406	0.00761	0.18204	0.01121	0.31325	0.01304	0.01405	0.06326	0.00533	0.01783	0.00128	0.00402	0.04479	0.00344	0.00572
18	0.00901	0.00893	0.01167	0.03199	0.28676	0.10324	0.05866	0.01247	0.17049	0.01207	0.04965	0.06350	0.03875	0.02196	0.00521	0.00130	0.10244	0.00432	0.00252	0.00506
19	0.00462	0.00332	0.00438	0.00523	0.00549	0.00308	0.00350	0.00529	0.00731	0.00970	0.02152	0.83510	0.05383	0.01180	0.00483	0.00153	0.00219	0.01068	0.00352	0.00308

[dist]
# distance from previous block
# <min> <max>
1	2

[block]
# block no. 5 follows, 72 sequences, length 36
# corresponding to MSA columns:
# 240-275
name=unknown_F
#
# <colnr> <probs for GDERKNQSTAVLIFYWHMCP>
#	G	D	E	R	K	N	Q	S	T	A	V	L	I	F	Y	W	H	M	C	P
0	0.02781	0.02275	0.08105	0.01124	0.10343	0.06433	0.15929	0.02287	0.01953	0.01061	0.00762	0.01103	0.00677	0.06372	0.17605	0.00242	0.19937	0.00369	0.00194	0.00447
1	0.79974	0.00741	0.00602	0.00525	0.00767	0.00844	0.00433	0.04406	0.00720	0.07305	0.00608	0.00673	0.00456	0.00364	0.00250	0.00117	0.00300	0.00223	0.00256	0.00436
2	0.00471	0.00339	0.00444	0.00525	0.00554	0.00317	0.00356	0.00541	0.00733	0.00970	0.02134	0.75950	0.06169	0.04220	0.00536	0.00161	0.00230	0.04694	0.00348	0.00308
3	0.04235	0.00956	0.01244	0.04596	0.21008	0.06231	0.08218	0.30903	0.01225	0.12446	0.00896	0.00979	0.00657	0.00432	0.01297	0.00119	0.00448	0.00346	0.03184	0.00580
4	0.00904	0.00892	0.01063	0.04534	0.07194	0.15761	0.06199	0.03287	0.00776	0.03699	0.00796	0.04457	0.00742	0.06442	0.15499	0.00232	0.26507	0.00383	0.00208	0.00424
5	0.01127	0.01306	0.00881	0.00811	0.00967	0.53308	0.00610	0.03808	0.01000	0.01045	0.03805	0.09154	0.08394	0.00548	0.00404	0.00109	0.04385	0.00403	0.07522	0.00412
6	0.00981	0.00950	0.04924	0.04243	0.43298	0.03650	0.04416	0.08470	0.13807	0.02843	0.01855	0.01020	0.00716	0.00387	0.00384	0.00114	0.01439	0.00349	0.00244	0.05909
7	0.02310	0.01373	0.09105	0.01428	0.25107	0.29927	0.04042	0.04502	0.05581	0.05807	0.02773	0.01125	0.00799	0.01621	0.00466	0.00140	0.02664	0.00365	0.00273	0.00592
8	0.00460	0.00337	0.00433	0.00511	0.00545	0.00310	0.00344	0.00530	0.00743	0.00975	0.02304	0.76318	0.12476	0.01160	0.00480	0.00151	0.00217	0.01044	0.00352	0.00310
9	0.00829	0.01246	0.30893	0.06652	0.25977	0.00887	0.13197	0.01175	0.05033	0.01195	0.00802	0.04791	0.00658	0.00409	0.00428	0.00124	0.04599	0.00371	0.00194	0.00540
10	0.00602	0.00462	0.00564	0.00555	0.03252	0.00457	0.00404	0.02713	0.06061	0.01385	0.45271	0.02623	0.21574	0.00748	0.00461	0.00121	0.04082	0.00634	0.07649	0.00381
11	0.00479	0.00348	0.00445	0.00499	0.00542	0.00321	0.00340	0.00565	0.00793	0.01061	0.16988	0.58836	0.10504	0.05729	0.00552	0.00157	0.00218	0.00952	0.00357	0.00314
12	0.01014	0.86900	0.01987	0.00649	0.00973	0.01501	0.00649	0.01136	0.00771	0.00892	0.00527	0.00608	0.00487	0.00324	0.00243	0.00081	0.00406	0.00203	0.00162	0.00487
13	0.00466	0.00333	0.00444	0.00532	0.00556	0.00311	0.00358	0.00534	0.00730	0.00972	0.02088	0.84410	0.02500	0.01185	0.00485	0.00155	0.00223	0.03056	0.00352	0.00309
14	0.00890	0.01060	0.05501	0.01578	0.01969	0.00956	0.79702	0.01214	0.00891	0.01214	0.00764	0.01014	0.00572	0.00321	0.00444	0.00128	0.00636	0.00441	0.00191	0.00513
15	0.01014	0.86900	0.01987	0.00649	0.00973	0.01501	0.00649	0.01136	0.00771	0.00892	0.00527	0.00608	0.00487	0.00324	0.00243	0.00081	0.00406	0.00203	0.00162	0.00487
16	0.01417	0.01808	0.01075	0.00977	0.01172	0.85149	0.00733	0.01514	0.01075	0.00928	0.00586	0.00684	0.00489	0.00391	0.00342	0.00098	0.00684	0.00244	0.00195	0.00440
17	0.00943	0.00815	0.00858	0.00772	0.00986	0.00943	0.00600	0.02015	0.83621	0.01586	0.01544	0.01415	0.01158	0.00515	0.00386	0.00129	0.00300	0.00429	0.00386	0.00600
18	0.00523	0.00366	0.00410	0.00421	0.00455	0.00350	0.00261	0.00560	0.00655	0.00859	0.03076	0.13443	0.18795	0.53794	0.01360	0.00278	0.00303	0.00666	0.03161	0.00265
19	0.00943	0.00815	0.00858	0.00772	0.00986	0.00943	0.00600	0.02015	0.83621	0.01586	0.01544	0.01415	0.01158	0.00515	0.00386	0.00129	0.00300	0.00429	0.00386	0.00600
20	0.00976	0.00817	0.04140	0.00925	0.10288	0.00824	0.02460	0.18104	0.28334	0.05744	0.05230	0.08525	0.04517	0.01933	0.01840	0.00134	0.00355	0.00468	0.00339	0.04048
21	0.05796	0.00790	0.01058	0.10317	0.19725	0.02563	0.02902	0.12865	0.09576	0.08014	0.08575	0.05382	0.01029	0.00478	0.00404	0.00117	0.03072	0.00405	0.00290	0.06642
22	0.41486	0.00709	0.00737	0.00593	0.00865	0.00716	0.00488	0.05448	0.00890	0.34620	0.00946	0.00916	0.00647	0.00397	0.00305	0.00111	0.00310	0.00284	0.00334	0.09198
23	0.09882	0.00889	0.00995	0.00769	0.01063	0.00934	0.00636	0.47509	0.01437	0.30410	0.01074	0.01013	0.00723	0.00450	0.00366	0.00115	0.00373	0.00342	0.00396	0.00623
24	0.00810	0.01725	0.05611	0.00775	0.06523	0.01438	0.05052	0.06786	0.05453	0.11126	0.14786	0.16512	0.14834	0.01897	0.03820	0.00149	0.00340	0.01577	0.00338	0.00447
25	0.01977	0.00622	0.01932	0.00884	0.14590	0.00584	0.00597	0.01209	0.04925	0.27805	0.20031	0.03684	0.12456	0.00609	0.00444	0.00122	0.04136	0.01513	0.00365	0.01515
26	0.00469	0.00339	0.00432	0.00503	0.00534	0.00315	0.00334	0.00532	0.00724	0.00952	0.02182	0.70338	0.10561	0.09123	0.00615	0.00171	0.00231	0.01001	0.00341	0.00302
27	0.01640	0.00687	0.00896	0.00691	0.00980	0.00626	0.00570	0.10279	0.02892	0.72685	0.01431	0.01256	0.00913	0.00468	0.00379	0.00117	0.00329	0.00378	0.02143	0.00639
28	0.00973	0.14333	0.30303	0.03922	0.10969	0.10862	0.10459	0.06077	0.00921	0.03844	0.03403	0.00894	0.00633	0.00374	0.00358	0.00111	0.00518	0.00312	0.00203	0.00531
29	0.01163	0.00882	0.00885	0.00742	0.00956	0.11892	0.00590	0.28414	0.08868	0.13869	0.08650	0.02785	0.06618	0.00742	0.07864	0.00160	0.01709	0.00422	0.02266	0.00524
30	0.00473	0.00345	0.00447	0.00524	0.00565	0.00320	0.00365	0.00551	0.00755	0.00989	0.02300	0.69460	0.12550	0.01149	0.00483	0.00153	0.00227	0.07680	0.00352	0.00313
31	0.05441	0.02191	0.03299	0.00752	0.02961	0.00790	0.02167	0.20508	0.08461	0.08972	0.00869	0.00916	0.00656	0.00381	0.00359	0.00093	0.03139	0.00295	0.00292	0.37460
32	0.05048	0.01050	0.01038	0.03776	0.11206	0.26252	0.06564	0.09143	0.06194	0.04518	0.10802	0.04013	0.07022	0.00511	0.00384	0.00115	0.00453	0.01153	0.00279	0.00477
33	0.00646	0.00329	0.00490	0.00496	0.00498	0.00328	0.00331	0.00496	0.00510	0.00680	0.00755	0.06900	0.00783	0.01309	0.01415	0.82980	0.00322	0.00380	0.00177	0.00174
34	0.01064	0.02392	0.08668	0.04779	0.17799	0.06933	0.02534	0.12438	0.12315	0.09629	0.00908	0.00975	0.00684	0.00387	0.00356	0.00105	0.00414	0.00322	0.00272	0.17026
