[name]
unknown

[dist]
# distance from previous block
# <min> <max>
8	74

[block]
# block no. 0 follows, 67 sequences, length 16
# corresponding to MSA columns:
# 90-105
name=unknown_A
#
# <colnr> <probs for GDERKNQSTAVLIFYWHMCP>
#	G	D	E	R	K	N	Q	S	T	A	V	L	I	F	Y	W	H	M	C	P
0	0.03033	0.05656	0.01249	0.00916	0.01231	0.06765	0.03689	0.59186	0.01642	0.11192	0.00974	0.00973	0.00689	0.00464	0.00391	0.00118	0.00455	0.00353	0.00376	0.00649
1	0.01193	0.00962	0.01209	0.05347	0.09849	0.02676	0.07261	0.43927	0.05937	0.01944	0.06597	0.09071	0.01084	0.00550	0.00421	0.00127	0.00431	0.00470	0.00349	0.00593
2	0.07354	0.01054	0.03510	0.12791	0.20301	0.11523	0.00893	0.18254	0.04068	0.12633	0.00897	0.01000	0.00665	0.00433	0.00410	0.00123	0.02875	0.00343	0.00289	0.00583
3	0.00915	0.00835	0.01335	0.47252	0.27776	0.04099	0.03354	0.01158	0.00871	0.05537	0.00804	0.02873	0.00638	0.00410	0.00403	0.00128	0.00511	0.00376	0.00208	0.00518
4	0.00696	0.00416	0.00615	0.00597	0.00608	0.00464	0.00428	0.00599	0.00551	0.00762	0.00739	0.01240	0.00727	0.01577	0.14638	0.65270	0.09299	0.00361	0.00181	0.00231
5	0.00578	0.00518	0.03836	0.00603	0.02208	0.02815	0.00441	0.00739	0.04338	0.01181	0.18402	0.42714	0.14825	0.04218	0.00540	0.00155	0.00262	0.00890	0.00367	0.00369
6	0.02900	0.18349	0.06591	0.03345	0.02950	0.17136	0.11052	0.09483	0.02542	0.12664	0.00883	0.01060	0.00696	0.00449	0.00425	0.00119	0.05034	0.03513	0.00265	0.00545
7	0.05539	0.00782	0.01237	0.61784	0.15264	0.00925	0.01072	0.06519	0.00886	0.01212	0.00728	0.01028	0.00555	0.00398	0.00392	0.00130	0.00507	0.00349	0.00200	0.00491
8	0.00895	0.00867	0.01686	0.05741	0.01628	0.00848	0.46772	0.03952	0.01011	0.04981	0.21482	0.01559	0.01416	0.00492	0.00506	0.00134	0.04732	0.00517	0.00280	0.00501
9	0.00961	0.03250	0.01344	0.08229	0.23461	0.04362	0.13187	0.11984	0.01020	0.02548	0.03858	0.12714	0.01094	0.00593	0.00488	0.02449	0.02894	0.04777	0.00268	0.00519
10	0.11619	0.11679	0.01249	0.05787	0.09904	0.34140	0.01714	0.09792	0.04055	0.02504	0.01793	0.00853	0.00614	0.00417	0.00371	0.00112	0.02349	0.00295	0.00239	0.00515
11	0.01072	0.86147	0.02102	0.00686	0.01029	0.01587	0.00686	0.01201	0.00815	0.00944	0.00558	0.00643	0.00515	0.00343	0.00257	0.00086	0.00429	0.00214	0.00172	0.00515
12	0.00921	0.00776	0.02748	0.00856	0.07636	0.00745	0.01775	0.09275	0.10803	0.04670	0.04588	0.02704	0.03932	0.07527	0.02968	0.00146	0.07929	0.00398	0.00290	0.29314
13	0.00609	0.00460	0.00622	0.00604	0.00640	0.00532	0.00437	0.00689	0.00617	0.00873	0.01093	0.01923	0.01135	0.35926	0.42788	0.00494	0.09534	0.00483	0.00222	0.00320
14	0.01195	0.00935	0.00937	0.00808	0.01044	0.09588	0.00635	0.12021	0.44292	0.13835	0.09061	0.01469	0.01287	0.00541	0.00408	0.00128	0.00367	0.00439	0.00402	0.00606
15	0.00980	0.03516	0.04433	0.29473	0.25840	0.07723	0.03656	0.06680	0.00977	0.04534	0.05264	0.01185	0.03139	0.00434	0.00400	0.00124	0.00495	0.00382	0.00234	0.00532

[dist]
# distance from previous block
# <min> <max>
0	1

[block]
# block no. 1 follows, 67 sequences, length 26
# corresponding to MSA columns:
# 107-132
name=unknown_B
#
# <colnr> <probs for GDERKNQSTAVLIFYWHMCP>
#	G	D	E	R	K	N	Q	S	T	A	V	L	I	F	Y	W	H	M	C	P
0	0.01604	0.00749	0.01005	0.07152	0.04589	0.00713	0.00673	0.13205	0.01217	0.59534	0.04341	0.01329	0.01000	0.00493	0.00405	0.00124	0.00370	0.00403	0.00445	0.00652
1	0.00947	0.00917	0.01578	0.09613	0.60140	0.00945	0.08402	0.01218	0.03843	0.01273	0.00826	0.03739	0.00706	0.00408	0.00443	0.00126	0.03679	0.00396	0.00209	0.00592
2	0.06719	0.01990	0.11884	0.00815	0.04876	0.02364	0.03298	0.04688	0.05027	0.07031	0.16903	0.17711	0.04559	0.04825	0.00543	0.00148	0.03691	0.02137	0.00328	0.00464
3	0.00961	0.10926	0.16120	0.08338	0.06749	0.10082	0.23458	0.05346	0.00942	0.01216	0.00874	0.07246	0.00765	0.02354	0.01822	0.00139	0.00566	0.01362	0.00217	0.00516
4	0.21622	0.05638	0.03189	0.00868	0.01928	0.33627	0.04471	0.04156	0.00947	0.04362	0.00804	0.05292	0.00719	0.04617	0.01471	0.00138	0.03721	0.01724	0.00243	0.00463
5	0.00540	0.00386	0.00528	0.00569	0.00606	0.00403	0.00398	0.00621	0.00686	0.00941	0.01596	0.38400	0.01796	0.16585	0.32122	0.01875	0.00576	0.00765	0.00288	0.00321
6	0.00825	0.00779	0.01317	0.55454	0.28874	0.00893	0.01128	0.01077	0.00837	0.01117	0.00774	0.03760	0.00635	0.00414	0.00403	0.00130	0.00506	0.00382	0.00191	0.00503
7	0.01525	0.01123	0.01204	0.00923	0.01244	0.01244	0.00762	0.82067	0.01886	0.02528	0.00963	0.00963	0.00682	0.00481	0.00401	0.00120	0.00441	0.00361	0.00401	0.00682
8	0.00757	0.00713	0.01203	0.84942	0.02762	0.00891	0.01114	0.01025	0.00802	0.01025	0.00713	0.01069	0.00535	0.00401	0.00401	0.00134	0.00535	0.00356	0.00178	0.00446
9	0.01799	0.00683	0.00931	0.00714	0.01024	0.00589	0.00589	0.01954	0.01148	0.83682	0.01582	0.01365	0.00993	0.00496	0.00403	0.00124	0.00341	0.00403	0.00496	0.00683
10	0.04859	0.00695	0.00925	0.00711	0.01020	0.00614	0.00588	0.03653	0.01147	0.79046	0.01533	0.01331	0.00966	0.00492	0.00398	0.00124	0.00342	0.00396	0.00486	0.00674
11	0.00588	0.00411	0.00508	0.00504	0.00522	0.00437	0.00323	0.00626	0.00599	0.00820	0.01198	0.02321	0.01322	0.63187	0.22494	0.00447	0.02642	0.00539	0.00234	0.00276
12	0.00993	0.00953	0.01628	0.02462	0.83404	0.00953	0.01231	0.01231	0.00913	0.01310	0.00754	0.00993	0.00635	0.00357	0.00397	0.00119	0.00476	0.00357	0.00199	0.00635
13	0.00490	0.00353	0.00465	0.00550	0.00580	0.00328	0.00369	0.00565	0.00784	0.01042	0.04508	0.79714	0.06300	0.01234	0.00509	0.00161	0.00230	0.01116	0.00374	0.00328
14	0.00673	0.00638	0.06453	0.00854	0.06106	0.00530	0.09493	0.00857	0.01968	0.04059	0.02216	0.27398	0.19369	0.00922	0.00487	0.00151	0.00347	0.16731	0.00333	0.00415
15	0.00878	0.05826	0.52156	0.01273	0.01778	0.01002	0.24822	0.03178	0.00893	0.01281	0.00739	0.00909	0.00542	0.00377	0.00425	0.00128	0.02689	0.00347	0.00185	0.00572
16	0.00476	0.00397	0.00415	0.00430	0.00548	0.00337	0.00315	0.00573	0.00891	0.01074	0.03775	0.16562	0.70724	0.01053	0.00480	0.00140	0.00208	0.00892	0.00372	0.00337
17	0.01142	0.65216	0.01868	0.00773	0.01071	0.17351	0.00714	0.01264	0.00865	0.00952	0.00568	0.00672	0.00516	0.00377	0.00338	0.00094	0.05310	0.00231	0.00178	0.00501
18	0.01022	0.43971	0.16624	0.01056	0.11105	0.03827	0.03724	0.04875	0.02167	0.01156	0.02242	0.00825	0.00613	0.00391	0.00375	0.00107	0.04894	0.00284	0.00196	0.00545
19	0.00963	0.00938	0.01520	0.09733	0.63657	0.03939	0.03251	0.01193	0.00909	0.01268	0.03671	0.01123	0.00759	0.00405	0.00436	0.00124	0.03484	0.01830	0.00208	0.00589
20	0.00594	0.00422	0.00550	0.00546	0.00579	0.00460	0.00377	0.00663	0.00638	0.00894	0.03745	0.03715	0.01338	0.43138	0.33038	0.01471	0.03695	0.01489	0.02345	0.00303
21	0.03397	0.00968	0.01349	0.21633	0.25381	0.08449	0.03709	0.05209	0.00869	0.01193	0.00678	0.00948	0.00567	0.00472	0.00641	0.00137	0.23338	0.00347	0.00200	0.00515
22	0.00500	0.00375	0.00455	0.00501	0.00563	0.00340	0.00345	0.00588	0.00839	0.01092	0.12035	0.47594	0.25359	0.06746	0.00598	0.00166	0.00230	0.00973	0.00372	0.00330
23	0.00581	0.00389	0.00444	0.00450	0.00453	0.00388	0.00258	0.00588	0.00599	0.00798	0.01325	0.06321	0.01530	0.80201	0.01939	0.00374	0.00381	0.02480	0.00252	0.00250
24	0.02541	0.07601	0.02956	0.17887	0.20463	0.12672	0.03392	0.10895	0.06282	0.01319	0.00767	0.00954	0.00615	0.00436	0.00480	0.00125	0.09503	0.00338	0.00229	0.00542
25	0.02286	0.00968	0.02776	0.05054	0.49596	0.04053	0.06390	0.05524	0.00960	0.03499	0.00774	0.00966	0.00625	0.00361	0.00383	0.00111	0.00467	0.00340	0.00223	0.14643

[dist]
# distance from previous block
# <min> <max>
0	7

[block]
# block no. 2 follows, 67 sequences, length 22
# corresponding to MSA columns:
# 140-161
name=unknown_C
#
# <colnr> <probs for GDERKNQSTAVLIFYWHMCP>
#	G	D	E	R	K	N	Q	S	T	A	V	L	I	F	Y	W	H	M	C	P
0	0.19407	0.02076	0.02872	0.00814	0.04950	0.08324	0.00629	0.14585	0.15168	0.02785	0.01015	0.01077	0.02930	0.00523	0.02768	0.00130	0.02831	0.00335	0.05569	0.11212
1	0.00896	0.00962	0.03224	0.06323	0.09403	0.00930	0.51297	0.02555	0.02413	0.01260	0.00974	0.05950	0.00850	0.01672	0.00523	0.00143	0.04136	0.05746	0.00227	0.00518
2	0.01175	0.01277	0.01117	0.15351	0.09728	0.37055	0.00825	0.08122	0.07636	0.01233	0.00922	0.01062	0.03678	0.00503	0.01950	0.00127	0.03218	0.00342	0.04179	0.00499
3	0.00529	0.00408	0.00482	0.00464	0.00575	0.00362	0.00348	0.00681	0.01043	0.01390	0.50238	0.03356	0.36875	0.00901	0.00473	0.00130	0.00195	0.00776	0.00413	0.00362
4	0.00523	0.00378	0.00495	0.00529	0.00588	0.00350	0.00373	0.00648	0.00937	0.01287	0.38417	0.45807	0.06068	0.01053	0.00493	0.00145	0.00212	0.00944	0.00403	0.00350
5	0.01072	0.86147	0.02102	0.00686	0.01029	0.01587	0.00686	0.01201	0.00815	0.00944	0.00558	0.00643	0.00515	0.00343	0.00257	0.00086	0.00429	0.00214	0.00172	0.00515
6	0.00489	0.00349	0.00465	0.00558	0.00582	0.00326	0.00372	0.00558	0.00768	0.01024	0.02210	0.85644	0.02653	0.01256	0.00512	0.00163	0.00233	0.01140	0.00372	0.00326
7	0.88738	0.00776	0.00589	0.00527	0.00776	0.00900	0.00434	0.01179	0.00683	0.01799	0.00558	0.00651	0.00434	0.00372	0.00248	0.00124	0.00310	0.00217	0.00248	0.00434
8	0.00760	0.00442	0.00559	0.00529	0.00592	0.00444	0.00358	0.00818	0.00687	0.12927	0.01291	0.02263	0.01313	0.53685	0.19330	0.00400	0.00528	0.02463	0.00277	0.00335
9	0.01789	0.00699	0.00941	0.00721	0.01032	0.00614	0.00596	0.04902	0.01175	0.80696	0.01559	0.01350	0.00981	0.00496	0.00403	0.00124	0.00345	0.00402	0.00493	0.00683
10	0.00832	0.00713	0.00832	0.00594	0.00950	0.00535	0.00475	0.01010	0.00832	0.01307	0.00713	0.00832	0.00594	0.00297	0.00297	0.00059	0.00297	0.00238	0.00238	0.88357
11	0.88738	0.00776	0.00589	0.00527	0.00776	0.00900	0.00434	0.01179	0.00683	0.01799	0.00558	0.00651	0.00434	0.00372	0.00248	0.00124	0.00310	0.00217	0.00248	0.00434
12	0.01761	0.00744	0.00969	0.00743	0.01054	0.00680	0.00613	0.13076	0.01250	0.72415	0.01496	0.01309	0.00950	0.00494	0.00403	0.00124	0.00355	0.00397	0.00483	0.00682
13	0.00697	0.00348	0.00522	0.00522	0.00522	0.00348	0.00348	0.00522	0.00522	0.00697	0.00697	0.01219	0.00697	0.01393	0.01567	0.88332	0.00348	0.00348	0.00174	0.00174
14	0.01362	0.01065	0.01082	0.00870	0.01149	0.06084	0.00704	0.55425	0.18150	0.02191	0.01102	0.01094	0.00806	0.00489	0.00392	0.00121	0.00415	0.00375	0.06488	0.00638
15	0.00930	0.01092	0.04810	0.01642	0.02043	0.00993	0.77242	0.01264	0.00939	0.01277	0.00847	0.03396	0.00662	0.00365	0.00472	0.00136	0.00661	0.00486	0.00206	0.00537
16	0.00568	0.00410	0.00536	0.00506	0.00596	0.00383	0.00377	0.00749	0.01098	0.01554	0.77407	0.02937	0.03606	0.04225	0.03161	0.00153	0.00225	0.00710	0.00427	0.00372
17	0.01708	0.00673	0.00900	0.00696	0.00993	0.00589	0.00573	0.03805	0.01147	0.75996	0.01661	0.01461	0.04351	0.00516	0.00403	0.00124	0.00334	0.00420	0.02991	0.00660
18	0.00734	0.00585	0.00892	0.17950	0.10833	0.00619	0.02932	0.02070	0.00918	0.05093	0.23399	0.17313	0.04369	0.03398	0.03392	0.00162	0.03965	0.00630	0.00315	0.00432
19	0.02081	0.12742	0.33048	0.04566	0.13154	0.03076	0.08695	0.06254	0.00933	0.04821	0.00792	0.02084	0.00625	0.00416	0.00417	0.00124	0.03848	0.01541	0.00213	0.00569
20	0.00828	0.00902	0.08515	0.60095	0.12669	0.02482	0.01136	0.03007	0.00844	0.01115	0.00715	0.01023	0.00548	0.00409	0.00437	0.00132	0.04122	0.00349	0.00186	0.00488
21	0.00919	0.00694	0.00764	0.00697	0.00877	0.00754	0.00540	0.11459	0.36473	0.04575	0.07742	0.13873	0.06802	0.00700	0.00424	0.00135	0.00295	0.03354	0.08397	0.00527

[dist]
# distance from previous block
# <min> <max>
0	19

[block]
# block no. 3 follows, 67 sequences, length 11
# corresponding to MSA columns:
# 182-192
name=unknown_D
#
# <colnr> <probs for GDERKNQSTAVLIFYWHMCP>
#	G	D	E	R	K	N	Q	S	T	A	V	L	I	F	Y	W	H	M	C	P
0	0.14731	0.13318	0.05600	0.05004	0.16551	0.19087	0.05143	0.04959	0.05441	0.01321	0.00722	0.00851	0.00581	0.00385	0.00346	0.00112	0.00498	0.00296	0.00224	0.04831
1	0.42368	0.00823	0.00796	0.00667	0.00900	0.00926	0.00537	0.22190	0.03929	0.04188	0.00816	0.01011	0.00665	0.08545	0.02748	0.00162	0.04287	0.00315	0.00296	0.03830
2	0.00908	0.00866	0.01078	0.17215	0.18784	0.12223	0.02335	0.02837	0.06063	0.02790	0.06020	0.05968	0.06432	0.00618	0.00456	0.00136	0.02644	0.11867	0.00276	0.00484
3	0.00504	0.00407	0.00448	0.00438	0.00560	0.00351	0.00328	0.00634	0.00985	0.01252	0.29421	0.03583	0.57778	0.00953	0.00474	0.00132	0.00199	0.00808	0.00395	0.00351
4	0.00518	0.00374	0.00487	0.00557	0.00601	0.00351	0.00392	0.00610	0.00818	0.01085	0.09317	0.58401	0.08539	0.05965	0.00597	0.00173	0.00251	0.10261	0.00371	0.00332
5	0.88738	0.00776	0.00589	0.00527	0.00776	0.00900	0.00434	0.01179	0.00683	0.01799	0.00558	0.00651	0.00434	0.00372	0.00248	0.00124	0.00310	0.00217	0.00248	0.00434
6	0.00547	0.00407	0.00509	0.00489	0.00588	0.00369	0.00364	0.00714	0.01077	0.01484	0.64775	0.06881	0.18562	0.00876	0.00475	0.00130	0.00194	0.00767	0.00425	0.00369
7	0.01072	0.86147	0.02102	0.00686	0.01029	0.01587	0.00686	0.01201	0.00815	0.00944	0.00558	0.00643	0.00515	0.00343	0.00257	0.00086	0.00429	0.00214	0.00172	0.00515
8	0.00492	0.00392	0.00444	0.00477	0.00573	0.00343	0.00348	0.00593	0.00879	0.01095	0.06901	0.29363	0.49998	0.01087	0.00490	0.00146	0.00221	0.05443	0.00375	0.00338
9	0.00655	0.00619	0.00567	0.00612	0.00685	0.14333	0.00428	0.00735	0.00854	0.01027	0.02253	0.57902	0.15676	0.01076	0.00481	0.00148	0.00310	0.00944	0.00345	0.00351
10	0.00915	0.02206	0.07079	0.04257	0.01088	0.06363	0.02597	0.02642	0.02967	0.06469	0.02846	0.06729	0.00882	0.05263	0.00472	0.00110	0.02662	0.00367	0.00262	0.43824

[dist]
# distance from previous block
# <min> <max>
0	1

[block]
# block no. 4 follows, 67 sequences, length 31
# corresponding to MSA columns:
# 194-224
name=unknown_E
#
# <colnr> <probs for GDERKNQSTAVLIFYWHMCP>
#	G	D	E	R	K	N	Q	S	T	A	V	L	I	F	Y	W	H	M	C	P
0	0.00952	0.00466	0.00540	0.00485	0.00633	0.00446	0.00378	0.03008	0.00937	0.19294	0.04542	0.01727	0.08548	0.00696	0.05622	0.00140	0.00284	0.00439	0.50417	0.00444
1	0.01114	0.09406	0.06528	0.05327	0.09520	0.05569	0.06499	0.14703	0.20162	0.07826	0.03808	0.01957	0.03539	0.00479	0.00394	0.00122	0.00434	0.00401	0.00314	0.01898
2	0.00877	0.00711	0.00836	0.00600	0.00954	0.00537	0.00481	0.01054	0.00847	0.05185	0.00754	0.00857	0.00613	0.00306	0.00302	0.00062	0.00299	0.00245	0.00250	0.84229
3	0.00751	0.00625	0.00749	0.00580	0.00857	0.00495	0.00455	0.00920	0.00856	0.01298	0.11690	0.06096	0.03056	0.00632	0.06380	0.00118	0.00333	0.00381	0.00273	0.63455
4	0.00954	0.09734	0.06710	0.16072	0.23282	0.03940	0.05078	0.04851	0.06087	0.01263	0.00779	0.00981	0.00632	0.01544	0.00431	0.00118	0.03903	0.00333	0.00218	0.13089
5	0.85771	0.00814	0.00608	0.00545	0.00791	0.03736	0.00446	0.01193	0.00698	0.01772	0.00561	0.00654	0.00437	0.00374	0.00252	0.00123	0.00324	0.00219	0.00247	0.00435
6	0.00839	0.00507	0.00621	0.00549	0.00691	0.00488	0.00425	0.08951	0.01161	0.11455	0.51477	0.02347	0.02678	0.00688	0.00425	0.00120	0.00232	0.00591	0.15311	0.00444
7	0.01255	0.03895	0.01173	0.00927	0.01139	0.08633	0.00759	0.41832	0.07544	0.01800	0.00876	0.01004	0.00692	0.01924	0.04537	0.00160	0.20604	0.00358	0.00312	0.00574
8	0.01240	0.00725	0.00869	0.00715	0.00924	0.00752	0.00561	0.27063	0.02967	0.25185	0.01235	0.01530	0.00994	0.18173	0.14960	0.00265	0.00507	0.00432	0.00365	0.00538
9	0.00514	0.00407	0.00472	0.00505	0.00608	0.00365	0.00387	0.00629	0.00888	0.01106	0.05972	0.18734	0.48715	0.01135	0.03278	0.00166	0.00267	0.15139	0.00369	0.00344
10	0.00948	0.01074	0.02313	0.01658	0.02057	0.01014	0.78957	0.01316	0.03953	0.01299	0.00842	0.01097	0.00631	0.00346	0.00471	0.00135	0.00663	0.00473	0.00210	0.00544
11	0.50742	0.00735	0.00739	0.00609	0.00884	0.00764	0.00502	0.01518	0.00886	0.37586	0.01006	0.00963	0.00678	0.00427	0.00316	0.00124	0.00324	0.00299	0.00357	0.00543
12	0.01386	0.24112	0.01391	0.00942	0.01184	0.62497	0.00752	0.01496	0.01052	0.00972	0.00603	0.00702	0.00516	0.00395	0.00334	0.00099	0.00646	0.00247	0.00197	0.00478
13	0.00515	0.00407	0.00449	0.00455	0.00559	0.00360	0.00335	0.00620	0.00894	0.01119	0.14158	0.06427	0.52297	0.12645	0.00696	0.00174	0.00241	0.06954	0.00364	0.00333
14	0.00544	0.00398	0.00511	0.00585	0.00627	0.00390	0.00405	0.00699	0.06981	0.01073	0.02110	0.68947	0.02456	0.05665	0.00588	0.00174	0.00257	0.06873	0.00368	0.00348
15	0.01373	0.01072	0.01163	0.01038	0.09091	0.07115	0.00766	0.55948	0.01569	0.05054	0.01010	0.05867	0.00811	0.03351	0.00484	0.00132	0.02771	0.00407	0.00358	0.00620
16	0.00999	0.00908	0.01506	0.09814	0.53164	0.00919	0.07823	0.04342	0.05144	0.04627	0.00930	0.01120	0.02933	0.00396	0.00403	0.00121	0.00470	0.00383	0.00233	0.03763
17	0.05678	0.01113	0.08798	0.09855	0.29530	0.01037	0.06916	0.14227	0.08076	0.06626	0.01044	0.01237	0.00819	0.00560	0.02402	0.00162	0.00530	0.00411	0.00313	0.00667
18	0.00960	0.00822	0.00874	0.00789	0.01004	0.00943	0.00612	0.02010	0.75473	0.01672	0.08840	0.01629	0.01450	0.00568	0.00414	0.00135	0.00306	0.00477	0.00411	0.00612
19	0.00862	0.00876	0.01421	0.01158	0.01257	0.01094	0.19399	0.01012	0.00715	0.01054	0.00760	0.05013	0.00745	0.00667	0.01043	0.00166	0.57084	0.05018	0.00202	0.00453
20	0.03617	0.10477	0.25318	0.04957	0.04892	0.07344	0.06720	0.04887	0.05253	0.07246	0.04850	0.08300	0.02685	0.00512	0.00393	0.00125	0.00476	0.01153	0.00261	0.00534
21	0.00897	0.04864	0.09625	0.12815	0.13292	0.05542	0.02579	0.01094	0.00900	0.10940	0.05245	0.21661	0.02471	0.00704	0.01547	0.00142	0.00424	0.04484	0.00292	0.00485
22	0.00499	0.00412	0.00440	0.00447	0.00566	0.00359	0.00330	0.00634	0.03213	0.01142	0.11181	0.14297	0.63049	0.01015	0.00477	0.00138	0.00209	0.00862	0.00380	0.00349
23	0.00825	0.00783	0.01333	0.47227	0.29908	0.00874	0.04165	0.01073	0.00855	0.01146	0.02658	0.03249	0.03326	0.00433	0.00409	0.00129	0.00495	0.00404	0.00203	0.00506
24	0.00894	0.21895	0.10247	0.05199	0.06050	0.08125	0.09523	0.02690	0.03322	0.01127	0.03323	0.18422	0.01844	0.02648	0.00462	0.01305	0.01702	0.00503	0.00244	0.00476
25	0.00627	0.00464	0.00589	0.00575	0.00597	0.00520	0.00402	0.00683	0.00647	0.00905	0.02991	0.06548	0.01421	0.48665	0.12734	0.00354	0.12099	0.05770	0.03106	0.00305
26	0.00568	0.00383	0.00445	0.00460	0.00465	0.00381	0.00268	0.00582	0.00613	0.00819	0.01409	0.15629	0.01638	0.71251	0.03168	0.00358	0.00376	0.00668	0.00263	0.00258
27	0.01224	0.06970	0.05264	0.05168	0.07296	0.10439	0.00768	0.23191	0.12242	0.11533	0.01199	0.01261	0.04913	0.00607	0.04255	0.00145	0.00473	0.01465	0.01004	0.00581
28	0.00953	0.09645	0.12613	0.16893	0.17516	0.09608	0.03390	0.02837	0.00913	0.04536	0.03840	0.08170	0.00883	0.01399	0.01289	0.00128	0.00491	0.00407	0.00231	0.04257
29	0.03517	0.07981	0.10958	0.05347	0.08814	0.02985	0.03392	0.08255	0.02149	0.04527	0.02019	0.02980	0.00746	0.05103	0.01560	0.00146	0.18013	0.00363	0.02393	0.08749
30	0.08958	0.16624	0.06030	0.04833	0.07148	0.02719	0.03615	0.01036	0.03757	0.03963	0.07294	0.01718	0.05873	0.21168	0.01669	0.00189	0.00410	0.02303	0.00257	0.00436

[dist]
# distance from previous block
# <min> <max>
0	107

[block]
# block no. 5 follows, 67 sequences, length 11
# corresponding to MSA columns:
# 344-354
name=unknown_F
#
# <colnr> <probs for GDERKNQSTAVLIFYWHMCP>
#	G	D	E	R	K	N	Q	S	T	A	V	L	I	F	Y	W	H	M	C	P
0	0.03204	0.05758	0.13791	0.07857	0.17931	0.05390	0.09876	0.05148	0.02422	0.02592	0.04729	0.05387	0.05201	0.00606	0.04129	0.00147	0.00501	0.02064	0.00245	0.03020
1	0.02926	0.00718	0.03408	0.03466	0.12482	0.00718	0.12027	0.02575	0.07410	0.01146	0.01083	0.06955	0.01037	0.18928	0.16916	0.00284	0.03791	0.00484	0.00244	0.03402
2	0.00834	0.00772	0.03352	0.00703	0.01034	0.00619	0.05738	0.01095	0.06483	0.01339	0.05978	0.01032	0.00835	0.00364	0.00359	0.00079	0.02781	0.00303	0.00256	0.66043
3	0.00520	0.00397	0.00478	0.00482	0.00576	0.00355	0.00352	0.00656	0.00988	0.01316	0.40466	0.19531	0.30484	0.00972	0.00481	0.00137	0.00202	0.00848	0.00404	0.00355
4	0.01103	0.80155	0.02033	0.00711	0.01044	0.07471	0.00693	0.01229	0.00838	0.00946	0.00562	0.00649	0.00515	0.00348	0.00265	0.00087	0.00450	0.00218	0.00174	0.00511
5	0.00548	0.00411	0.00510	0.00519	0.00605	0.00384	0.00376	0.00729	0.04710	0.01346	0.41681	0.28332	0.16408	0.00973	0.00482	0.00139	0.00211	0.00860	0.00407	0.00367
6	0.00521	0.00408	0.00471	0.00455	0.00570	0.00358	0.00341	0.00666	0.01024	0.01345	0.43530	0.03429	0.43611	0.00918	0.00474	0.00131	0.00196	0.00786	0.00407	0.00358
7	0.00535	0.00400	0.00507	0.00568	0.00644	0.00371	0.00434	0.00654	0.00873	0.01127	0.07807	0.36323	0.23051	0.01125	0.00512	0.00160	0.00262	0.23926	0.00376	0.00345
8	0.01525	0.01123	0.01204	0.00923	0.01244	0.01244	0.00762	0.82067	0.01886	0.02528	0.00963	0.00963	0.00682	0.00481	0.00401	0.00120	0.00441	0.00361	0.00401	0.00682
9	0.01072	0.86147	0.02102	0.00686	0.01029	0.01587	0.00686	0.01201	0.00815	0.00944	0.00558	0.00643	0.00515	0.00343	0.00257	0.00086	0.00429	0.00214	0.00172	0.00515
10	0.00646	0.00462	0.00646	0.00739	0.00831	0.00462	0.00646	0.00831	0.00923	0.01200	0.02123	0.04524	0.02308	0.01108	0.00554	0.00185	0.00369	0.80704	0.00369	0.00369

[dist]
# distance from previous block
# <min> <max>
0	27

[block]
# block no. 6 follows, 67 sequences, length 83
# corresponding to MSA columns:
# 382-464
name=unknown_G
#
# <colnr> <probs for GDERKNQSTAVLIFYWHMCP>
#	G	D	E	R	K	N	Q	S	T	A	V	L	I	F	Y	W	H	M	C	P
0	0.00607	0.00434	0.00602	0.00694	0.00770	0.00428	0.00579	0.00764	0.00885	0.01157	0.02145	0.24491	0.02393	0.01144	0.00544	0.00179	0.00336	0.61120	0.00370	0.00359
1	0.01360	0.00678	0.00956	0.00764	0.01004	0.00646	0.05497	0.05890	0.01118	0.47861	0.16180	0.02665	0.03126	0.00601	0.00494	0.00132	0.06431	0.03587	0.00432	0.00579
2	0.01462	0.09211	0.01223	0.00999	0.01222	0.74070	0.00767	0.04502	0.01136	0.01035	0.00627	0.00725	0.00522	0.00410	0.00354	0.00102	0.00687	0.00258	0.00211	0.00477
3	0.00912	0.00728	0.00774	0.00712	0.00900	0.00821	0.00548	0.01770	0.59760	0.02557	0.02959	0.07620	0.03302	0.00598	0.00398	0.00131	0.00286	0.00503	0.14158	0.00561
4	0.01256	0.00982	0.01048	0.00861	0.01132	0.01105	0.00692	0.43310	0.38426	0.02114	0.03876	0.01269	0.01026	0.00521	0.00407	0.00128	0.00377	0.00414	0.00406	0.00651
5	0.82473	0.00801	0.00634	0.00556	0.00809	0.00924	0.00458	0.06990	0.00769	0.01852	0.00587	0.00674	0.00452	0.00380	0.00259	0.00124	0.00320	0.00228	0.00259	0.00452
6	0.00682	0.00595	0.00627	0.00608	0.00719	0.06675	0.00463	0.05387	0.03095	0.01257	0.17454	0.20239	0.27941	0.00927	0.00531	0.00142	0.06199	0.05709	0.00362	0.00389
7	0.06142	0.04203	0.03660	0.10098	0.11166	0.02461	0.02456	0.13083	0.06156	0.28830	0.03498	0.01215	0.02305	0.00463	0.00389	0.00122	0.00407	0.00381	0.00349	0.02617
8	0.00719	0.10291	0.03445	0.00607	0.00746	0.00657	0.02848	0.04601	0.02004	0.02596	0.14636	0.04442	0.19471	0.24275	0.00934	0.00201	0.06247	0.00591	0.00304	0.00385
9	0.01005	0.00957	0.01347	0.21862	0.37288	0.11770	0.03975	0.01223	0.00918	0.05930	0.03217	0.01100	0.00733	0.00581	0.06253	0.00158	0.00556	0.00367	0.00220	0.00540
10	0.01072	0.86147	0.02102	0.00686	0.01029	0.01587	0.00686	0.01201	0.00815	0.00944	0.00558	0.00643	0.00515	0.00343	0.00257	0.00086	0.00429	0.00214	0.00172	0.00515
11	0.00877	0.00877	0.01228	0.01053	0.01053	0.01228	0.00877	0.00965	0.00614	0.00965	0.00526	0.00877	0.00526	0.00702	0.01316	0.00175	0.85172	0.00351	0.00175	0.00439
12	0.03563	0.00520	0.02060	0.00636	0.00758	0.00504	0.02559	0.03447	0.02871	0.10717	0.05446	0.25234	0.07747	0.07132	0.21000	0.00283	0.00490	0.03487	0.01138	0.00407
13	0.20232	0.00760	0.00963	0.02119	0.04742	0.05447	0.09495	0.03262	0.00914	0.14746	0.01279	0.08388	0.01187	0.00734	0.03502	0.00161	0.02632	0.18643	0.00316	0.00478
14	0.01520	0.01247	0.01193	0.00940	0.01243	0.14263	0.00764	0.69453	0.01768	0.02285	0.00909	0.00925	0.00656	0.00471	0.00395	0.00118	0.00486	0.00345	0.00371	0.00648
15	0.00577	0.00432	0.00551	0.00598	0.00700	0.00407	0.00494	0.00733	0.00945	0.01220	0.14948	0.08099	0.25899	0.01045	0.00517	0.00161	0.00287	0.41647	0.00381	0.00360
16	0.01005	0.64265	0.20039	0.00790	0.01179	0.02423	0.00857	0.01208	0.00821	0.01016	0.00608	0.00715	0.00527	0.00425	0.02588	0.00110	0.00486	0.00239	0.00173	0.00527
17	0.00489	0.00349	0.00465	0.00558	0.00582	0.00326	0.00372	0.00558	0.00768	0.01024	0.02210	0.85644	0.02653	0.01256	0.00512	0.00163	0.00233	0.01140	0.00372	0.00326
18	0.01891	0.00383	0.00384	0.00380	0.00479	0.00383	0.00286	0.00951	0.00843	0.02579	0.01302	0.01483	0.01020	0.00466	0.00282	0.00094	0.00191	0.00372	0.85853	0.00379
19	0.03795	0.58401	0.05229	0.00763	0.01075	0.14957	0.00717	0.01302	0.05383	0.01030	0.00653	0.00746	0.00569	0.00465	0.03354	0.00115	0.00498	0.00246	0.00194	0.00508
20	0.10781	0.00703	0.00902	0.00699	0.01004	0.00638	0.00578	0.03859	0.01118	0.73205	0.01461	0.01281	0.00927	0.00483	0.00387	0.00124	0.00341	0.00383	0.00468	0.00657
21	0.09691	0.00681	0.00878	0.00688	0.00979	0.00617	0.00565	0.01825	0.03061	0.69943	0.05724	0.01387	0.01092	0.00503	0.00393	0.00124	0.00330	0.00404	0.00469	0.00643
22	0.00507	0.00368	0.00482	0.00568	0.00600	0.00349	0.00385	0.00612	0.03284	0.01048	0.02219	0.80207	0.03832	0.01228	0.00509	0.00162	0.00238	0.02694	0.00373	0.00336
23	0.00562	0.00425	0.00515	0.00508	0.00613	0.00398	0.00384	0.00693	0.00940	0.03269	0.27135	0.11536	0.37220	0.01136	0.07796	0.00182	0.02613	0.03333	0.00377	0.00363
24	0.00741	0.00513	0.00609	0.00601	0.00706	0.00525	0.00434	0.01905	0.19506	0.07050	0.12201	0.32661	0.03885	0.11648	0.00659	0.00174	0.00275	0.01656	0.03828	0.00424
25	0.01588	0.00667	0.00864	0.00679	0.00953	0.00606	0.00555	0.07029	0.02915	0.63322	0.04486	0.01417	0.01084	0.00505	0.00390	0.00120	0.00322	0.00410	0.11455	0.00632
26	0.00548	0.00408	0.00453	0.00457	0.00553	0.00379	0.00328	0.01967	0.00846	0.01108	0.06253	0.11804	0.42920	0.13202	0.07975	0.00214	0.00310	0.00743	0.09196	0.00336
27	0.02492	0.51107	0.08016	0.03349	0.01164	0.12571	0.00772	0.05723	0.00918	0.03729	0.00672	0.02568	0.00585	0.00407	0.00353	0.00102	0.04479	0.00272	0.00205	0.00518
28	0.00635	0.00598	0.05324	0.00724	0.00859	0.00528	0.08482	0.00917	0.12265	0.01219	0.08977	0.46619	0.06763	0.00951	0.00477	0.00149	0.00304	0.01898	0.01899	0.00411
29	0.00493	0.00352	0.00470	0.00561	0.00586	0.00329	0.00377	0.00566	0.00776	0.01035	0.03318	0.83025	0.02662	0.01248	0.00512	0.00163	0.00235	0.02592	0.00373	0.00327
30	0.00938	0.00929	0.03096	0.23291	0.60071	0.02303	0.01199	0.01185	0.00887	0.01232	0.00741	0.01005	0.00605	0.00370	0.00397	0.00123	0.00497	0.00354	0.00193	0.00584
31	0.00890	0.00772	0.03826	0.00847	0.10711	0.00619	0.00608	0.03472	0.03427	0.05009	0.09506	0.01128	0.00972	0.00384	0.00342	0.00083	0.00324	0.00323	0.00274	0.56484
32	0.45501	0.02731	0.05519	0.02945	0.12826	0.17737	0.01744	0.01278	0.00836	0.03056	0.00665	0.02351	0.00542	0.00398	0.00314	0.00120	0.00444	0.00277	0.00232	0.00484
33	0.78694	0.00788	0.00695	0.03367	0.07668	0.00904	0.00522	0.01178	0.00705	0.01734	0.00580	0.00693	0.00454	0.00372	0.00265	0.00124	0.00331	0.00233	0.00242	0.00451
34	0.01366	0.10923	0.01243	0.00920	0.02571	0.18172	0.00740	0.37261	0.06091	0.06099	0.00880	0.00936	0.00669	0.00494	0.00473	0.02492	0.06548	0.00330	0.01211	0.00581
35	0.00589	0.00406	0.00486	0.00507	0.00534	0.00404	0.00332	0.01834	0.00687	0.00909	0.01592	0.14572	0.04313	0.56341	0.03765	0.00324	0.00378	0.11461	0.00284	0.00284
36	0.00618	0.00437	0.00539	0.00510	0.00616	0.00409	0.00378	0.00820	0.05030	0.04502	0.54662	0.06658	0.15392	0.06956	0.00582	0.00148	0.00220	0.00727	0.00414	0.00384
37	0.00696	0.00398	0.00449	0.00470	0.00560	0.00394	0.00365	0.01706	0.00871	0.01390	0.04831	0.09528	0.04310	0.01964	0.00393	0.00124	0.00231	0.15366	0.55584	0.00369
38	0.00993	0.00953	0.01628	0.02462	0.83404	0.00953	0.01231	0.01231	0.00913	0.01310	0.00754	0.00993	0.00635	0.00357	0.00397	0.00119	0.00476	0.00357	0.00199	0.00635
39	0.00570	0.00405	0.00513	0.00518	0.00575	0.00384	0.01903	0.00650	0.00790	0.02630	0.14473	0.25895	0.13574	0.30080	0.04078	0.00247	0.00318	0.01747	0.00332	0.00320
40	0.00586	0.00401	0.00565	0.00574	0.00615	0.00437	0.00411	0.00643	0.00624	0.00871	0.01163	0.09795	0.01208	0.19831	0.46198	0.14291	0.00737	0.00517	0.00229	0.00302
41	0.01201	0.00921	0.01081	0.03959	0.01210	0.03271	0.05762	0.16288	0.44123	0.13040	0.01359	0.01301	0.00991	0.00509	0.00437	0.00132	0.02985	0.00419	0.00385	0.00626
42	0.88738	0.00776	0.00589	0.00527	0.00776	0.00900	0.00434	0.01179	0.00683	0.01799	0.00558	0.00651	0.00434	0.00372	0.00248	0.00124	0.00310	0.00217	0.00248	0.00434
43	0.01096	0.02594	0.13141	0.02731	0.33558	0.02047	0.01000	0.18526	0.02992	0.06269	0.05208	0.01084	0.00819	0.00421	0.00390	0.00117	0.00449	0.00361	0.00274	0.06923
44	0.00843	0.10383	0.74340	0.01094	0.01658	0.01002	0.01391	0.02628	0.00861	0.01259	0.00708	0.00829	0.00512	0.00379	0.00369	0.00123	0.00574	0.00289	0.00173	0.00586
45	0.00914	0.55376	0.11241	0.00709	0.01012	0.01219	0.00708	0.01096	0.02411	0.01056	0.06787	0.13900	0.01091	0.00526	0.00329	0.00106	0.00398	0.00407	0.00226	0.00487
46	0.03927	0.11475	0.02391	0.05612	0.33722	0.05316	0.10124	0.08330	0.02866	0.03677	0.03910	0.01144	0.02062	0.00426	0.00403	0.00120	0.01721	0.01966	0.00242	0.00568
47	0.02601	0.04125	0.03753	0.00745	0.05587	0.01767	0.02342	0.03994	0.00856	0.02608	0.06503	0.51683	0.03845	0.04580	0.00551	0.00158	0.01768	0.01807	0.00336	0.00394
48	0.00529	0.00368	0.00462	0.00520	0.00538	0.00354	0.00335	0.00577	0.00706	0.00940	0.01859	0.52143	0.02201	0.32392	0.01076	0.00247	0.00295	0.03838	0.00325	0.00297
49	0.00832	0.04213	0.51819	0.01330	0.13803	0.00912	0.10830	0.01208	0.00881	0.01273	0.04555	0.02751	0.02955	0.00425	0.00400	0.00126	0.00544	0.00375	0.00199	0.00569
50	0.01929	0.02002	0.06498	0.09532	0.33146	0.10554	0.05257	0.03600	0.04044	0.12513	0.00998	0.05480	0.01747	0.00453	0.00402	0.00124	0.00485	0.00402	0.00261	0.00575
51	0.00777	0.00729	0.01226	0.72609	0.11729	0.00879	0.01100	0.01038	0.00827	0.01078	0.03726	0.01131	0.00664	0.00411	0.00403	0.00132	0.00515	0.00370	0.00190	0.00464
52	0.00567	0.00388	0.00509	0.00582	0.00633	0.00375	0.00433	0.00681	0.00821	0.01126	0.05082	0.46465	0.02369	0.06272	0.00593	0.00175	0.00275	0.23539	0.08777	0.00340
53	0.07364	0.01047	0.05973	0.17182	0.33031	0.06603	0.09702	0.08457	0.02191	0.01371	0.00753	0.00967	0.00594	0.00392	0.00416	0.00125	0.02699	0.00351	0.00218	0.00561
54	0.00907	0.00805	0.01300	0.12191	0.42426	0.01777	0.04775	0.02122	0.00920	0.05251	0.04436	0.05144	0.08227	0.00536	0.00453	0.00131	0.03133	0.04673	0.00254	0.00538
55	0.00688	0.00456	0.00591	0.00585	0.00692	0.00436	0.00455	0.01826	0.04417	0.07203	0.41372	0.15886	0.04636	0.00901	0.00482	0.00143	0.00250	0.16111	0.02468	0.00403
56	0.00583	0.00389	0.00437	0.00437	0.00437	0.00389	0.00243	0.00583	0.00583	0.00778	0.01264	0.02624	0.01458	0.85906	0.02041	0.00389	0.00389	0.00583	0.00243	0.00243
57	0.02386	0.10715	0.12061	0.07345	0.31658	0.06930	0.04218	0.04354	0.02970	0.03504	0.00776	0.02558	0.00642	0.00425	0.00459	0.00123	0.07751	0.00347	0.00214	0.00564
58	0.01077	0.06702	0.02504	0.10047	0.38186	0.11851	0.06182	0.04121	0.04161	0.01344	0.07447	0.01206	0.00931	0.00462	0.00437	0.00131	0.01976	0.00395	0.00251	0.00587
59	0.00605	0.00443	0.00613	0.00558	0.00667	0.00412	0.03573	0.00808	0.02150	0.02701	0.74248	0.05393	0.03518	0.00802	0.00470	0.00127	0.00213	0.00716	0.01593	0.00391
60	0.00817	0.03387	0.09528	0.05747	0.06400	0.04507	0.07213	0.01957	0.00807	0.03437	0.04554	0.02687	0.08686	0.06793	0.13646	0.01377	0.17326	0.00451	0.00235	0.00446
61	0.00899	0.00739	0.01174	0.52790	0.12118	0.00861	0.00998	0.02510	0.02835	0.09234	0.02725	0.01268	0.03333	0.00465	0.00458	0.00134	0.05159	0.01571	0.00236	0.00494
62	0.00644	0.00535	0.05264	0.01881	0.00677	0.00476	0.00435	0.02024	0.03532	0.02471	0.07702	0.04628	0.07117	0.44213	0.08125	0.00310	0.00423	0.08917	0.00288	0.00335
63	0.00993	0.00953	0.01628	0.02462	0.83404	0.00953	0.01231	0.01231	0.00913	0.01310	0.00754	0.00993	0.00635	0.00357	0.00397	0.00119	0.00476	0.00357	0.00199	0.00635
64	0.00832	0.00713	0.00832	0.00594	0.00950	0.00535	0.00475	0.01010	0.00832	0.01307	0.00713	0.00832	0.00594	0.00297	0.00297	0.00059	0.00297	0.00238	0.00238	0.88357
65	0.01031	0.13387	0.15284	0.12552	0.16003	0.03197	0.05140	0.09632	0.03172	0.06625	0.01700	0.03417	0.00708	0.00431	0.00405	0.00120	0.02842	0.00358	0.00242	0.03755
66	0.01727	0.00799	0.01003	0.00769	0.01082	0.00763	0.00635	0.23189	0.01343	0.62171	0.01418	0.01258	0.00910	0.00492	0.00403	0.00123	0.00368	0.00392	0.00471	0.00682
67	0.01256	0.00874	0.00927	0.00744	0.00988	0.00957	0.00604	0.53106	0.04666	0.02165	0.01099	0.01153	0.00813	0.00479	0.00363	0.00112	0.00355	0.00369	0.28387	0.00582
68	0.00839	0.00829	0.01247	0.68172	0.11851	0.06895	0.01099	0.01089	0.00836	0.01053	0.00708	0.01033	0.00545	0.00402	0.00412	0.00130	0.01861	0.00349	0.00183	0.00469
69	0.02400	0.30600	0.01513	0.00939	0.05646	0.16705	0.03853	0.21318	0.01911	0.03923	0.00789	0.02576	0.00653	0.00423	0.00344	0.00105	0.00483	0.01198	0.00260	0.04358
70	0.00872	0.03069	0.61869	0.05829	0.08326	0.00924	0.01330	0.04880	0.00913	0.03537	0.03033	0.01000	0.00657	0.00410	0.00388	0.00127	0.00550	0.01502	0.00202	0.00584
71	0.01465	0.01079	0.01162	0.00902	0.01206	0.01191	0.00740	0.77421	0.01822	0.02442	0.01034	0.05789	0.00794	0.00526	0.00408	0.00123	0.00429	0.00405	0.00400	0.00662
72	0.01012	0.00904	0.01408	0.29614	0.41450	0.00986	0.01106	0.16048	0.01055	0.01439	0.00779	0.01013	0.00610	0.00395	0.00399	0.00124	0.00489	0.00358	0.00229	0.00581
73	0.00804	0.02074	0.83828	0.01143	0.01736	0.00931	0.01482	0.01270	0.00847	0.01270	0.00720	0.00847	0.00508	0.00381	0.00381	0.00127	0.00593	0.00296	0.00169	0.00593
74	0.00648	0.00470	0.00577	0.00593	0.00678	0.02384	0.02433	0.00812	0.04891	0.03631	0.06184	0.34834	0.09762	0.08292	0.02617	0.00180	0.00303	0.10800	0.09543	0.00368
75	0.00573	0.00428	0.00635	0.00635	0.00704	0.00496	0.00490	0.00710	0.00642	0.00924	0.01083	0.01623	0.01023	0.06770	0.80582	0.00633	0.01043	0.00437	0.00216	0.00353
76	0.00561	0.00395	0.00468	0.00485	0.00518	0.00389	0.00315	0.00607	0.00677	0.00888	0.01789	0.12414	0.12488	0.52319	0.08178	0.00336	0.00400	0.06209	0.00282	0.00283
77	0.00531	0.00408	0.00485	0.00466	0.00576	0.00363	0.00349	0.00685	0.01048	0.01401	0.51937	0.03337	0.35168	0.00897	0.00473	0.00130	0.00195	0.00773	0.00414	0.00363
78	0.53895	0.00659	0.00569	0.00507	0.00717	0.00730	0.00410	0.03173	0.00796	0.08241	0.00869	0.00963	0.00659	0.00413	0.00274	0.00115	0.00280	0.00281	0.26007	0.00442
79	0.00630	0.00521	0.00789	0.14965	0.12545	0.00537	0.01542	0.00787	0.02232	0.01110	0.05903	0.46733	0.03173	0.02913	0.00510	0.00155	0.00330	0.03911	0.00315	0.00399
80	0.19948	0.08634	0.03222	0.14533	0.21671	0.14859	0.04149	0.03242	0.00887	0.01299	0.00664	0.00851	0.00539	0.00391	0.00384	0.00120	0.03586	0.00301	0.00209	0.00512
81	0.00960	0.00920	0.01569	0.13850	0.72269	0.00944	0.01215	0.01202	0.00898	0.01271	0.00749	0.01003	0.00621	0.00363	0.00398	0.00121	0.00484	0.00357	0.00196	0.00609
82	0.00837	0.00788	0.01234	0.28580	0.36937	0.03569	0.00992	0.01054	0.00879	0.01185	0.07692	0.05032	0.03405	0.03258	0.02761	0.00149	0.00475	0.00442	0.00227	0.00505

[dist]
# distance from previous block
# <min> <max>
0	5

[block]
# block no. 7 follows, 67 sequences, length 8
# corresponding to MSA columns:
# 470-477
name=unknown_H
#
# <colnr> <probs for GDERKNQSTAVLIFYWHMCP>
#	G	D	E	R	K	N	Q	S	T	A	V	L	I	F	Y	W	H	M	C	P
0	0.15378	0.12960	0.08107	0.00985	0.09712	0.15606	0.03490	0.02548	0.11397	0.04924	0.02733	0.02421	0.00791	0.02724	0.00396	0.00123	0.00455	0.01364	0.00258	0.03628
1	0.00609	0.00429	0.00509	0.00496	0.00606	0.00389	0.00364	0.00767	0.03511	0.06038	0.32192	0.14803	0.31393	0.05400	0.00555	0.00149	0.00224	0.00792	0.00399	0.00375
2	0.01097	0.30294	0.01359	0.00829	0.03570	0.09578	0.00676	0.10202	0.28548	0.01406	0.02795	0.04093	0.00933	0.00479	0.00353	0.00113	0.00406	0.00367	0.02345	0.00559
3	0.00867	0.00752	0.01130	0.05458	0.39782	0.00765	0.00839	0.08801	0.03060	0.01351	0.08445	0.10526	0.06744	0.09024	0.00585	0.00153	0.00394	0.00531	0.00278	0.00517
4	0.00833	0.03193	0.12411	0.02364	0.09128	0.04215	0.09649	0.07700	0.05249	0.01298	0.08282	0.13542	0.05060	0.11597	0.00637	0.00164	0.00425	0.01765	0.00284	0.02204
5	0.01119	0.29167	0.21436	0.10339	0.06044	0.02565	0.06356	0.04463	0.04766	0.04360	0.00871	0.01052	0.00704	0.00480	0.00449	0.00139	0.04480	0.00348	0.00251	0.00611
6	0.00541	0.00393	0.00497	0.00502	0.00574	0.00363	0.00357	0.00675	0.00972	0.01336	0.48062	0.23239	0.10772	0.09131	0.00633	0.00161	0.00220	0.00824	0.00399	0.00349
7	0.00663	0.00457	0.00522	0.00505	0.00542	0.00469	0.00317	0.08426	0.00731	0.00978	0.01328	0.11281	0.01493	0.65327	0.05022	0.00349	0.00405	0.00615	0.00271	0.00299

[dist]
# distance from previous block
# <min> <max>
0	48

# created by:
# /st0/software/busco_prod/Augustus/scripts/msa2prfl.pl ./align_prep/29770.fa
