[name]
unknown

[dist]
# distance from previous block
# <min> <max>
14	80

[block]
# block no. 0 follows, 73 sequences, length 29
# corresponding to MSA columns:
# 113-130,149-159
name=unknown_A
#
# <colnr> <probs for GDERKNQSTAVLIFYWHMCP>
#	G	D	E	R	K	N	Q	S	T	A	V	L	I	F	Y	W	H	M	C	P
0	0.01543	0.00745	0.00923	0.00718	0.01001	0.00723	0.00589	0.20890	0.07982	0.57276	0.02722	0.01224	0.00922	0.00470	0.00378	0.00116	0.00337	0.00377	0.00436	0.00630
1	0.00574	0.00373	0.00473	0.00509	0.00583	0.00339	0.00366	0.00668	0.00808	0.07949	0.08234	0.51503	0.17865	0.01022	0.00459	0.00142	0.00224	0.05357	0.02210	0.00341
2	0.13709	0.00569	0.00650	0.00608	0.03535	0.00582	0.00434	0.09700	0.03205	0.15854	0.05080	0.07087	0.05454	0.25917	0.03085	0.00205	0.00339	0.02233	0.01340	0.00413
3	0.00713	0.00481	0.00539	0.00517	0.00599	0.00502	0.00361	0.10019	0.09832	0.02375	0.01390	0.20538	0.01416	0.30451	0.00921	0.01295	0.00293	0.00583	0.16817	0.00358
4	0.00478	0.00399	0.00418	0.00410	0.00535	0.00349	0.00309	0.00627	0.04520	0.01110	0.15444	0.03396	0.68890	0.00904	0.00441	0.00125	0.00193	0.00759	0.00359	0.00334
5	0.00983	0.00504	0.00636	0.00551	0.00725	0.00459	0.00437	0.05078	0.01025	0.31033	0.24852	0.05416	0.15193	0.00681	0.00410	0.00121	0.00251	0.04875	0.06309	0.00460
6	0.00532	0.00364	0.00407	0.00410	0.00424	0.00357	0.00238	0.00544	0.00584	0.00766	0.01491	0.05521	0.10203	0.74711	0.01704	0.00331	0.00340	0.00590	0.00244	0.00240
7	0.01401	0.01788	0.01063	0.00967	0.01160	0.85309	0.00725	0.01498	0.01063	0.00918	0.00580	0.00677	0.00483	0.00387	0.00338	0.00097	0.00677	0.00242	0.00193	0.00435
8	0.00778	0.00667	0.00778	0.00556	0.00889	0.00500	0.00445	0.00945	0.00778	0.01223	0.00667	0.00778	0.00556	0.00278	0.00278	0.00056	0.00278	0.00222	0.00222	0.89108
9	0.00626	0.00502	0.00553	0.00530	0.00662	0.00500	0.00401	0.07169	0.16116	0.01276	0.13394	0.16995	0.36458	0.00847	0.00434	0.00130	0.00233	0.02415	0.00365	0.00396
10	0.00585	0.00418	0.00482	0.00472	0.00508	0.00439	0.00300	0.00723	0.09857	0.00848	0.01275	0.02248	0.03726	0.64122	0.12155	0.00360	0.00432	0.00521	0.00245	0.00284
11	0.00652	0.00326	0.00489	0.00489	0.00489	0.00326	0.00326	0.00489	0.00489	0.00652	0.00652	0.01140	0.00652	0.01303	0.01466	0.89084	0.00326	0.00326	0.00163	0.00163
12	0.01401	0.01788	0.01063	0.00967	0.01160	0.85309	0.00725	0.01498	0.01063	0.00918	0.00580	0.00677	0.00483	0.00387	0.00338	0.00097	0.00677	0.00242	0.00193	0.00435
13	0.00488	0.00396	0.00425	0.00421	0.00533	0.00351	0.00312	0.01548	0.02814	0.01094	0.14913	0.06888	0.59889	0.06216	0.00534	0.00142	0.00208	0.02151	0.00351	0.00327
14	0.07742	0.00457	0.00562	0.00504	0.00643	0.00426	0.00392	0.00925	0.01007	0.16353	0.53705	0.02460	0.10461	0.00702	0.00416	0.00119	0.00216	0.02104	0.00401	0.00405
15	0.04141	0.00641	0.00862	0.00663	0.00951	0.00560	0.00547	0.01808	0.01062	0.82409	0.01453	0.01258	0.00914	0.00461	0.00373	0.00116	0.00318	0.00372	0.00458	0.00632
16	0.00716	0.00682	0.01180	0.79133	0.02508	0.00833	0.05965	0.00967	0.00755	0.00971	0.00679	0.01010	0.00513	0.00420	0.02082	0.00135	0.00518	0.00341	0.00169	0.00420
17	0.00559	0.02835	0.00534	0.00552	0.01946	0.00397	0.00387	0.00688	0.04461	0.04096	0.07214	0.53400	0.12695	0.04260	0.00511	0.00151	0.00239	0.04387	0.00345	0.00343
18	0.00785	0.11408	0.72521	0.01041	0.01563	0.00943	0.04362	0.01181	0.00792	0.01155	0.00660	0.00779	0.00479	0.00351	0.00347	0.00115	0.00540	0.00275	0.00160	0.00545
19	0.00567	0.00447	0.00656	0.00639	0.00695	0.00540	0.00499	0.00689	0.00602	0.00873	0.00986	0.04313	0.00950	0.04926	0.70208	0.00529	0.10916	0.00420	0.00202	0.00340
20	0.00996	0.01036	0.03241	0.14410	0.33907	0.16904	0.00950	0.08512	0.01952	0.01185	0.00697	0.00908	0.00574	0.00511	0.04468	0.00139	0.08580	0.00319	0.00202	0.00510
21	0.00924	0.02869	0.00907	0.00844	0.05971	0.03165	0.00620	0.03094	0.65129	0.01477	0.04184	0.01393	0.01140	0.03522	0.00457	0.00133	0.02843	0.00417	0.00349	0.00561
22	0.00831	0.00816	0.01234	0.13278	0.21023	0.01043	0.00930	0.00970	0.00666	0.00987	0.00568	0.00872	0.00518	0.00540	0.00906	0.00146	0.53717	0.00330	0.00170	0.00455
23	0.00618	0.00427	0.00488	0.00478	0.00536	0.00422	0.00315	0.06574	0.02725	0.03228	0.04448	0.18981	0.12241	0.45493	0.01203	0.00253	0.00307	0.00662	0.00294	0.00308
24	0.00471	0.00341	0.00422	0.00481	0.00515	0.00317	0.00318	0.00529	0.00709	0.00926	0.02173	0.59405	0.14563	0.16128	0.00724	0.00186	0.00239	0.00934	0.00327	0.00293
25	0.01073	0.00876	0.00927	0.00792	0.01029	0.00999	0.00628	0.25110	0.60452	0.01796	0.01349	0.01258	0.01001	0.00492	0.00380	0.00123	0.00330	0.00400	0.00380	0.00606
26	0.00910	0.00871	0.01471	0.09098	0.72284	0.00890	0.02605	0.01176	0.04772	0.01220	0.00742	0.00958	0.00612	0.00346	0.00374	0.00114	0.00447	0.00340	0.00193	0.00578
27	0.00557	0.00424	0.00561	0.00681	0.09918	0.00392	0.00428	0.00655	0.00789	0.03540	0.04612	0.37938	0.26679	0.06814	0.00551	0.00153	0.00252	0.04380	0.00327	0.00349
28	0.04169	0.00593	0.00713	0.00601	0.00809	0.00572	0.00475	0.03648	0.14665	0.39613	0.03383	0.06418	0.10413	0.04483	0.00448	0.00130	0.00284	0.00475	0.07588	0.00521

[dist]
# distance from previous block
# <min> <max>
1	3

[block]
# block no. 1 follows, 73 sequences, length 26
# corresponding to MSA columns:
# 163-188
name=unknown_B
#
# <colnr> <probs for GDERKNQSTAVLIFYWHMCP>
#	G	D	E	R	K	N	Q	S	T	A	V	L	I	F	Y	W	H	M	C	P
0	0.01314	0.00714	0.00996	0.02972	0.17117	0.00644	0.00665	0.05556	0.00997	0.45205	0.01114	0.01081	0.00762	0.00398	0.00355	0.00103	0.00344	0.00334	0.00349	0.18981
1	0.00808	0.00752	0.01258	0.16626	0.51757	0.00799	0.00987	0.01012	0.00785	0.01105	0.00794	0.04406	0.00703	0.00768	0.13597	0.00193	0.02580	0.00373	0.00191	0.00507
2	0.00798	0.00663	0.00881	0.30166	0.07947	0.06443	0.00715	0.05049	0.02372	0.06898	0.02858	0.21694	0.03224	0.02472	0.04887	0.00157	0.00425	0.00534	0.01396	0.00422
3	0.69215	0.00705	0.00625	0.00534	0.00779	0.00775	0.00440	0.01270	0.00739	0.20842	0.00743	0.00763	0.00527	0.00375	0.00266	0.00116	0.00297	0.00243	0.00286	0.00460
4	0.00676	0.00354	0.00371	0.00367	0.00454	0.00350	0.00275	0.00851	0.00825	0.01413	0.12739	0.01593	0.01319	0.00483	0.00287	0.00092	0.00175	0.00395	0.76629	0.00350
5	0.00536	0.00402	0.00603	0.00603	0.00670	0.00469	0.00469	0.00670	0.00603	0.00871	0.01005	0.01474	0.00938	0.02814	0.85328	0.00603	0.01005	0.00402	0.00201	0.00335
6	0.05818	0.00468	0.00550	0.00551	0.00653	0.00466	0.00406	0.06993	0.05877	0.05696	0.10833	0.41083	0.10878	0.03844	0.00488	0.00145	0.00250	0.04270	0.00355	0.00377
7	0.00471	0.00332	0.00431	0.00505	0.00523	0.00314	0.00330	0.00526	0.00692	0.00922	0.01931	0.73602	0.02309	0.14378	0.00699	0.00185	0.00240	0.00986	0.00330	0.00293
8	0.01648	0.00696	0.00906	0.00695	0.00986	0.00636	0.00574	0.13114	0.01170	0.73314	0.01400	0.01225	0.00888	0.00462	0.00377	0.00116	0.00332	0.00372	0.00452	0.00638
9	0.03625	0.00438	0.00539	0.00508	0.00625	0.00401	0.00372	0.00883	0.00844	0.20626	0.12817	0.22086	0.17081	0.14932	0.00671	0.00169	0.00260	0.02381	0.00360	0.00383
10	0.00856	0.00698	0.00751	0.00678	0.00864	0.00771	0.00525	0.08425	0.51660	0.03013	0.08029	0.08192	0.12667	0.00633	0.00401	0.00127	0.00278	0.00534	0.00378	0.00521
11	0.00456	0.00381	0.00397	0.00393	0.00514	0.00322	0.00295	0.00562	0.00884	0.01082	0.14959	0.03499	0.73122	0.00925	0.00443	0.00125	0.00188	0.00776	0.00357	0.00322
12	0.00546	0.00364	0.00409	0.00409	0.00409	0.00364	0.00227	0.00546	0.00546	0.00727	0.01182	0.02455	0.01364	0.86815	0.01910	0.00364	0.00364	0.00546	0.00227	0.00227
13	0.04782	0.00961	0.01021	0.00816	0.01085	0.01073	0.00663	0.59658	0.19513	0.02120	0.01059	0.03746	0.00798	0.00482	0.00374	0.00117	0.00377	0.00375	0.00370	0.00609
14	0.00457	0.00329	0.00433	0.00517	0.00543	0.00305	0.00346	0.00523	0.00723	0.00960	0.02134	0.83423	0.05586	0.01167	0.00478	0.00151	0.00217	0.01056	0.00348	0.00305
15	0.89465	0.00726	0.00551	0.00493	0.00726	0.00842	0.00406	0.01103	0.00638	0.01683	0.00522	0.00609	0.00406	0.00348	0.00232	0.00116	0.00290	0.00203	0.00232	0.00406
16	0.00452	0.00362	0.00405	0.00433	0.00522	0.00314	0.00310	0.00540	0.00817	0.01015	0.06689	0.32390	0.52392	0.01020	0.00456	0.00135	0.00199	0.00882	0.00351	0.00314
17	0.09248	0.00431	0.00521	0.00516	0.01679	0.00435	0.00377	0.00725	0.00788	0.04378	0.22159	0.07627	0.16979	0.11399	0.20822	0.00266	0.00421	0.00580	0.00306	0.00344
18	0.00709	0.00667	0.01125	0.85913	0.02584	0.00834	0.01042	0.00959	0.00750	0.00959	0.00667	0.01000	0.00500	0.00375	0.00375	0.00125	0.00500	0.00333	0.00167	0.00417
19	0.01003	0.87041	0.01966	0.00642	0.00963	0.01485	0.00642	0.01123	0.00762	0.00883	0.00522	0.00602	0.00481	0.00321	0.00241	0.00080	0.00401	0.00201	0.00160	0.00481
20	0.00695	0.01845	0.07715	0.00773	0.02633	0.02380	0.01522	0.04547	0.00728	0.01020	0.03776	0.11456	0.04738	0.05321	0.21809	0.02356	0.22435	0.03634	0.00231	0.00385
21	0.00592	0.00417	0.00508	0.00497	0.00587	0.00407	0.00364	0.02199	0.04773	0.04449	0.21990	0.13403	0.19380	0.13973	0.10637	0.00219	0.00330	0.02870	0.02060	0.00346
22	0.00540	0.00386	0.00521	0.00521	0.00560	0.00424	0.00367	0.00617	0.00579	0.00810	0.01080	0.01889	0.01118	0.38348	0.50041	0.00502	0.00734	0.00463	0.00212	0.00289
23	0.00807	0.01107	0.22691	0.17116	0.05892	0.06099	0.03609	0.03242	0.00763	0.01057	0.00741	0.07346	0.00663	0.00574	0.02958	0.00147	0.24168	0.00373	0.00188	0.00459
24	0.02682	0.07769	0.07871	0.11814	0.21497	0.04492	0.18160	0.04835	0.00884	0.07076	0.00889	0.05279	0.02638	0.00427	0.00398	0.01700	0.00473	0.00386	0.00221	0.00508
25	0.09687	0.00664	0.02042	0.00657	0.00935	0.00592	0.00546	0.03099	0.02596	0.69932	0.01392	0.04229	0.00928	0.00478	0.00367	0.00118	0.00318	0.00384	0.00431	0.00603

[dist]
# distance from previous block
# <min> <max>
0	1

[block]
# block no. 2 follows, 73 sequences, length 8
# corresponding to MSA columns:
# 190-197
name=unknown_C
#
# <colnr> <probs for GDERKNQSTAVLIFYWHMCP>
#	G	D	E	R	K	N	Q	S	T	A	V	L	I	F	Y	W	H	M	C	P
0	0.00480	0.00337	0.00436	0.00506	0.00544	0.00315	0.00348	0.00563	0.00755	0.01025	0.07097	0.69403	0.06945	0.01090	0.00463	0.00146	0.00215	0.03436	0.05583	0.00312
1	0.06378	0.05724	0.06706	0.16529	0.09696	0.04353	0.02201	0.06359	0.02424	0.05832	0.01148	0.22816	0.01134	0.00620	0.00408	0.00128	0.02166	0.04669	0.00263	0.00448
2	0.01011	0.09031	0.26184	0.00940	0.02856	0.15688	0.06975	0.03562	0.05295	0.10784	0.00912	0.07454	0.00763	0.03373	0.00446	0.00124	0.03490	0.00370	0.00238	0.00503
3	0.00886	0.01012	0.02214	0.01581	0.01961	0.00949	0.83112	0.01202	0.00886	0.01202	0.00759	0.01012	0.00569	0.00316	0.00443	0.00127	0.00633	0.00443	0.00190	0.00506
4	0.02456	0.00786	0.05234	0.00682	0.04171	0.06676	0.00536	0.03850	0.00864	0.05091	0.08598	0.04909	0.00957	0.03170	0.00374	0.00090	0.00325	0.00333	0.00256	0.50644
5	0.00987	0.00778	0.00865	0.00768	0.02810	0.02650	0.00592	0.14228	0.40601	0.07281	0.12789	0.03207	0.02734	0.00551	0.00439	0.00123	0.05378	0.00446	0.00365	0.02409
6	0.01097	0.00831	0.00878	0.00728	0.00933	0.05827	0.00580	0.43901	0.03230	0.04065	0.06171	0.02826	0.04738	0.05396	0.10884	0.02264	0.00455	0.01897	0.02794	0.00504
7	0.02492	0.06758	0.02544	0.02636	0.04027	0.00686	0.09883	0.07095	0.03090	0.14038	0.09280	0.02425	0.02228	0.05705	0.00499	0.04124	0.00355	0.00380	0.00283	0.21472

[dist]
# distance from previous block
# <min> <max>
4	10

[block]
# block no. 3 follows, 73 sequences, length 109
# corresponding to MSA columns:
# 208-316
name=unknown_D
#
# <colnr> <probs for GDERKNQSTAVLIFYWHMCP>
#	G	D	E	R	K	N	Q	S	T	A	V	L	I	F	Y	W	H	M	C	P
0	0.03142	0.21399	0.07772	0.00650	0.00919	0.03957	0.02391	0.02551	0.05721	0.04454	0.05265	0.06895	0.07424	0.03951	0.00392	0.00106	0.00345	0.00383	0.00251	0.22030
1	0.00691	0.00497	0.00643	0.02613	0.05521	0.02335	0.01324	0.00849	0.04560	0.09018	0.12839	0.21451	0.15889	0.01090	0.12162	0.03647	0.00370	0.00639	0.00319	0.03546
2	0.00563	0.00390	0.00479	0.00485	0.02085	0.00356	0.00340	0.00677	0.00881	0.04555	0.33827	0.13712	0.23837	0.10159	0.00618	0.02125	0.00220	0.00706	0.03648	0.00336
3	0.00957	0.02437	0.01438	0.11868	0.59295	0.00875	0.04997	0.01220	0.04792	0.07297	0.00796	0.00983	0.00630	0.00356	0.00374	0.00114	0.00444	0.00344	0.00213	0.00570
4	0.01852	0.00651	0.00812	0.00797	0.08714	0.03703	0.00566	0.08187	0.07211	0.23241	0.08809	0.07609	0.03675	0.02276	0.13482	0.00196	0.00430	0.02642	0.01543	0.03602
5	0.03288	0.00405	0.00505	0.00509	0.00607	0.00369	0.00369	0.00771	0.00847	0.13843	0.15335	0.41632	0.16947	0.02189	0.00465	0.00139	0.00226	0.00817	0.00371	0.00367
6	0.64263	0.00708	0.00648	0.00547	0.00796	0.00770	0.00451	0.02812	0.00776	0.24003	0.00787	0.00794	0.00551	0.00381	0.00274	0.00116	0.00300	0.00252	0.00297	0.00473
7	0.05766	0.00486	0.00626	0.03460	0.00768	0.00471	0.01754	0.02861	0.00908	0.16304	0.19241	0.08302	0.18538	0.00979	0.09800	0.00181	0.00346	0.08452	0.00352	0.00406
8	0.10956	0.00541	0.00656	0.00575	0.00752	0.00515	0.00444	0.02929	0.04076	0.34825	0.10248	0.19722	0.05992	0.05454	0.00478	0.00139	0.00276	0.00569	0.00384	0.00470
9	0.00769	0.00554	0.00629	0.00591	0.00714	0.00584	0.00441	0.14384	0.15303	0.03335	0.03600	0.23792	0.07740	0.11003	0.04131	0.00176	0.00313	0.03027	0.08498	0.00417
10	0.00600	0.00410	0.00460	0.00448	0.00490	0.00407	0.00282	0.03497	0.03409	0.02802	0.02853	0.05989	0.11071	0.63137	0.01502	0.00299	0.00333	0.01464	0.00266	0.00280
11	0.35691	0.00634	0.00663	0.00563	0.00782	0.00651	0.00453	0.06324	0.00908	0.27517	0.09848	0.06718	0.06748	0.00528	0.00338	0.00119	0.00284	0.00410	0.00348	0.00475
12	0.00689	0.00449	0.00532	0.00499	0.00599	0.00436	0.00358	0.05523	0.03327	0.09375	0.14130	0.10766	0.18953	0.24801	0.06741	0.00225	0.00324	0.00624	0.01292	0.00357
13	0.89465	0.00726	0.00551	0.00493	0.00726	0.00842	0.00406	0.01103	0.00638	0.01683	0.00522	0.00609	0.00406	0.00348	0.00232	0.00116	0.00290	0.00203	0.00232	0.00406
14	0.04412	0.01305	0.01624	0.01249	0.01545	0.33614	0.41920	0.07519	0.01012	0.01198	0.00692	0.00859	0.00535	0.00355	0.00389	0.00114	0.00620	0.00348	0.00207	0.00485
15	0.00541	0.00416	0.00499	0.00486	0.00586	0.00395	0.00361	0.00771	0.08964	0.01332	0.47884	0.13325	0.21363	0.00834	0.00441	0.00125	0.00197	0.00728	0.00387	0.00363
16	0.00466	0.00330	0.00433	0.00511	0.00531	0.00311	0.00336	0.00525	0.00701	0.00935	0.01980	0.78237	0.02371	0.09659	0.00621	0.00173	0.00232	0.01015	0.00336	0.00297
17	0.00601	0.00492	0.00548	0.00513	0.00611	0.06473	0.00385	0.00789	0.02588	0.01464	0.76733	0.02624	0.03276	0.00735	0.00434	0.00117	0.00215	0.00642	0.00397	0.00364
18	0.01953	0.00385	0.00479	0.00513	0.00580	0.00363	0.00362	0.03695	0.00834	0.03936	0.13819	0.56410	0.11806	0.01016	0.00455	0.00140	0.00220	0.00905	0.01790	0.00339
19	0.09429	0.00932	0.00972	0.00793	0.01055	0.01050	0.00641	0.46183	0.31359	0.02013	0.01092	0.01054	0.00800	0.00462	0.00364	0.00118	0.00359	0.00357	0.00364	0.00600
20	0.01426	0.01051	0.01126	0.00863	0.01163	0.01163	0.00713	0.83224	0.01764	0.02364	0.00901	0.00901	0.00638	0.00450	0.00375	0.00113	0.00413	0.00338	0.00375	0.00638
21	0.00605	0.00432	0.00605	0.00691	0.00777	0.00432	0.00605	0.00777	0.00864	0.01123	0.01986	0.04232	0.02159	0.01036	0.00518	0.00173	0.00345	0.81949	0.00345	0.00345
22	0.00576	0.00374	0.00556	0.00556	0.00597	0.00416	0.00410	0.00603	0.00561	0.00790	0.00892	0.01402	0.00858	0.05886	0.53073	0.30864	0.00745	0.00382	0.00189	0.00272
23	0.01170	0.00818	0.01453	0.03047	0.22500	0.00772	0.26506	0.02831	0.00958	0.30656	0.01885	0.01210	0.00786	0.00406	0.00402	0.00120	0.00454	0.03163	0.00296	0.00569
24	0.00457	0.00326	0.00435	0.00522	0.00544	0.00305	0.00348	0.00522	0.00718	0.00958	0.02068	0.86570	0.02481	0.01175	0.00479	0.00152	0.00218	0.01067	0.00348	0.00305
25	0.87425	0.00724	0.00565	0.02457	0.00768	0.00841	0.00421	0.01100	0.00641	0.01667	0.00526	0.00618	0.00408	0.00349	0.00235	0.00116	0.00295	0.00206	0.00231	0.00407
26	0.00484	0.00382	0.00437	0.00423	0.00532	0.00334	0.00317	0.00617	0.00952	0.01242	0.41317	0.03234	0.46663	0.00865	0.00443	0.00123	0.00184	0.00739	0.00379	0.00334
27	0.00907	0.06974	0.00902	0.00732	0.00943	0.00928	0.00579	0.01832	0.71456	0.01515	0.07826	0.01450	0.01282	0.00515	0.00376	0.00123	0.00295	0.00428	0.00368	0.00567
28	0.89465	0.00726	0.00551	0.00493	0.00726	0.00842	0.00406	0.01103	0.00638	0.01683	0.00522	0.00609	0.00406	0.00348	0.00232	0.00116	0.00290	0.00203	0.00232	0.00406
29	0.00933	0.00806	0.00848	0.00764	0.00976	0.00933	0.00594	0.01994	0.83797	0.01569	0.01527	0.01400	0.01145	0.00509	0.00382	0.00127	0.00297	0.00424	0.00382	0.00594
30	0.00536	0.00402	0.00603	0.00603	0.00670	0.00469	0.00469	0.00670	0.00603	0.00871	0.01005	0.01474	0.00938	0.02814	0.85328	0.00603	0.01005	0.00402	0.00201	0.00335
31	0.00457	0.00326	0.00435	0.00522	0.00544	0.00305	0.00348	0.00522	0.00718	0.00958	0.02068	0.86570	0.02481	0.01175	0.00479	0.00152	0.00218	0.01067	0.00348	0.00305
32	0.89465	0.00726	0.00551	0.00493	0.00726	0.00842	0.00406	0.01103	0.00638	0.01683	0.00522	0.00609	0.00406	0.00348	0.00232	0.00116	0.00290	0.00203	0.00232	0.00406
33	0.01003	0.87041	0.01966	0.00642	0.00963	0.01485	0.00642	0.01123	0.00762	0.00883	0.00522	0.00602	0.00481	0.00321	0.00241	0.00080	0.00401	0.00201	0.00160	0.00481
34	0.00562	0.00440	0.00652	0.00637	0.00698	0.00530	0.00501	0.00691	0.00600	0.00874	0.00959	0.01415	0.00898	0.02619	0.77750	0.00563	0.08675	0.00395	0.00198	0.00342
35	0.00546	0.00364	0.00409	0.00409	0.00409	0.00364	0.00227	0.00546	0.00546	0.00727	0.01182	0.02455	0.01364	0.86815	0.01910	0.00364	0.00364	0.00546	0.00227	0.00227
36	0.87895	0.00744	0.00561	0.00502	0.00733	0.02347	0.00412	0.01110	0.00646	0.01670	0.00523	0.00611	0.00408	0.00349	0.00234	0.00116	0.00297	0.00204	0.00231	0.00407
37	0.00452	0.00378	0.00384	0.00386	0.00500	0.00320	0.00282	0.00539	0.00828	0.00990	0.03560	0.05404	0.76078	0.07566	0.00557	0.00146	0.00204	0.00779	0.00339	0.00310
38	0.00460	0.00328	0.00438	0.00526	0.00549	0.00307	0.00353	0.00527	0.00721	0.00961	0.02066	0.85029	0.02475	0.01173	0.00480	0.00153	0.00220	0.02580	0.00348	0.00305
39	0.00645	0.00490	0.00718	0.00892	0.11803	0.00490	0.00662	0.00817	0.00850	0.01121	0.01786	0.03726	0.01921	0.04348	0.00554	0.00172	0.00359	0.67953	0.00320	0.00374
40	0.00990	0.56080	0.11897	0.00974	0.13985	0.05962	0.00817	0.02590	0.01829	0.01009	0.00591	0.00695	0.00509	0.00336	0.00285	0.00092	0.00441	0.00238	0.00172	0.00509
41	0.00852	0.14557	0.47639	0.01939	0.03844	0.04723	0.02578	0.01147	0.00768	0.02299	0.00628	0.00781	0.00492	0.00406	0.00496	0.00120	0.15772	0.00280	0.00167	0.00513
42	0.00689	0.00645	0.01050	0.64896	0.10098	0.00760	0.00937	0.00913	0.00776	0.00992	0.01148	0.01391	0.13271	0.00459	0.00385	0.00124	0.00448	0.00403	0.00196	0.00419
43	0.00515	0.00378	0.00482	0.00467	0.00553	0.00345	0.00346	0.00672	0.01007	0.01400	0.67923	0.10813	0.12050	0.00825	0.00446	0.00122	0.00182	0.00727	0.00400	0.00345
44	0.00929	0.00786	0.02172	0.00741	0.00951	0.00872	0.00586	0.04223	0.69742	0.04041	0.09378	0.01505	0.01341	0.00528	0.00387	0.00125	0.00294	0.00442	0.00383	0.00573
45	0.40558	0.10382	0.00928	0.00651	0.00919	0.00985	0.00548	0.26636	0.03520	0.10518	0.00770	0.00792	0.00563	0.00394	0.00297	0.00111	0.00344	0.00269	0.00297	0.00516
46	0.00546	0.00364	0.00409	0.00409	0.00409	0.00364	0.00227	0.00546	0.00546	0.00727	0.01182	0.02455	0.01364	0.86815	0.01910	0.00364	0.00364	0.00546	0.00227	0.00227
47	0.00778	0.00667	0.00778	0.00556	0.00889	0.00500	0.00445	0.00945	0.00778	0.01223	0.00667	0.00778	0.00556	0.00278	0.00278	0.00056	0.00278	0.00222	0.00222	0.89108
48	0.00546	0.00364	0.00409	0.00409	0.00409	0.00364	0.00227	0.00546	0.00546	0.00727	0.01182	0.02455	0.01364	0.86815	0.01910	0.00364	0.00364	0.00546	0.00227	0.00227
49	0.01402	0.01761	0.01065	0.00963	0.01160	0.82260	0.00724	0.04459	0.01089	0.00971	0.00592	0.00685	0.00489	0.00389	0.00340	0.00097	0.00667	0.00245	0.00200	0.00442
50	0.00516	0.00393	0.00480	0.00459	0.00560	0.00362	0.00345	0.00688	0.02863	0.01343	0.56563	0.02940	0.25821	0.00897	0.03985	0.00141	0.00218	0.00693	0.00385	0.00348
51	0.01041	0.03855	0.00816	0.00675	0.00855	0.16178	0.00527	0.23864	0.10321	0.01527	0.02654	0.06187	0.00944	0.04091	0.00405	0.00116	0.00364	0.00386	0.24722	0.00469
52	0.01192	0.40000	0.06345	0.00814	0.01094	0.36001	0.00722	0.06143	0.00954	0.02781	0.00597	0.00676	0.00501	0.00361	0.00299	0.00092	0.00523	0.00234	0.00193	0.00479
53	0.01347	0.01697	0.01071	0.00968	0.01143	0.77348	0.00734	0.01442	0.01017	0.00917	0.00572	0.00690	0.00484	0.00412	0.00423	0.00103	0.08760	0.00250	0.00191	0.00433
54	0.00778	0.00667	0.00778	0.00556	0.00889	0.00500	0.00445	0.00945	0.00778	0.01223	0.00667	0.00778	0.00556	0.00278	0.00278	0.00056	0.00278	0.00222	0.00222	0.89108
55	0.00605	0.00432	0.00605	0.00691	0.00777	0.00432	0.00605	0.00777	0.00864	0.01123	0.01986	0.04232	0.02159	0.01036	0.00518	0.00173	0.00345	0.81949	0.00345	0.00345
56	0.00536	0.00402	0.00603	0.00603	0.00670	0.00469	0.00469	0.00670	0.00603	0.00871	0.01005	0.01474	0.00938	0.02814	0.85328	0.00603	0.01005	0.00402	0.00201	0.00335
57	0.00956	0.11276	0.02898	0.00985	0.01207	0.23633	0.21680	0.01145	0.03289	0.01039	0.04765	0.01215	0.09186	0.00546	0.02603	0.01484	0.11051	0.00386	0.00215	0.00440
58	0.89465	0.00726	0.00551	0.00493	0.00726	0.00842	0.00406	0.01103	0.00638	0.01683	0.00522	0.00609	0.00406	0.00348	0.00232	0.00116	0.00290	0.00203	0.00232	0.00406
59	0.01391	0.01020	0.01093	0.00843	0.01133	0.01127	0.00695	0.79621	0.01720	0.02316	0.00927	0.02124	0.00674	0.00460	0.00373	0.00112	0.00403	0.00348	0.02994	0.00625
60	0.01005	0.00820	0.00876	0.00767	0.00987	0.00937	0.00602	0.13466	0.66829	0.03625	0.01418	0.01340	0.01064	0.01500	0.02910	0.00142	0.00336	0.00411	0.00376	0.00590
61	0.00479	0.00341	0.00449	0.00527	0.00554	0.00323	0.00356	0.01699	0.00730	0.00973	0.02012	0.79457	0.02399	0.04726	0.00538	0.00161	0.00230	0.03394	0.00344	0.00307
62	0.01080	0.00739	0.00783	0.00647	0.00853	0.00807	0.00519	0.38789	0.12779	0.03135	0.01122	0.01169	0.00838	0.00454	0.00332	0.00105	0.00303	0.00355	0.34671	0.00520
63	0.00546	0.00364	0.00409	0.00409	0.00409	0.00364	0.00227	0.00546	0.00546	0.00727	0.01182	0.02455	0.01364	0.86815	0.01910	0.00364	0.00364	0.00546	0.00227	0.00227
64	0.00494	0.00338	0.00446	0.00520	0.00553	0.00313	0.00350	0.00561	0.00731	0.03400	0.02101	0.79732	0.05446	0.02451	0.00496	0.00154	0.00222	0.01028	0.00350	0.00314
65	0.82500	0.00719	0.00577	0.00507	0.00744	0.00819	0.00418	0.01160	0.00673	0.08273	0.00598	0.00662	0.00448	0.00357	0.00244	0.00116	0.00293	0.00217	0.00251	0.00425
66	0.00850	0.00703	0.00776	0.00705	0.00887	0.00798	0.00549	0.03981	0.58585	0.02598	0.07823	0.01622	0.04634	0.00859	0.11781	0.00190	0.00383	0.01388	0.00359	0.00529
67	0.06497	0.00764	0.00923	0.00716	0.01003	0.00752	0.00590	0.24454	0.04251	0.54130	0.01267	0.01139	0.00826	0.00456	0.00369	0.00116	0.00343	0.00358	0.00424	0.00624
68	0.00459	0.00331	0.00431	0.00509	0.00538	0.00307	0.00340	0.00524	0.00723	0.00955	0.02167	0.78151	0.08333	0.03657	0.00518	0.00157	0.00220	0.01032	0.00345	0.00303
69	0.00577	0.00365	0.00524	0.00528	0.00566	0.00386	0.00381	0.00584	0.00602	0.00827	0.06054	0.04674	0.04484	0.07154	0.33199	0.35740	0.00568	0.02311	0.00215	0.00259
70	0.00660	0.00553	0.02646	0.02745	0.05099	0.02893	0.01449	0.04302	0.02008	0.02141	0.01000	0.01515	0.00937	0.11825	0.55312	0.00459	0.02012	0.01856	0.00217	0.00370
71	0.73450	0.00710	0.00614	0.01890	0.00794	0.00793	0.00441	0.01221	0.00713	0.15479	0.00684	0.00727	0.00495	0.00368	0.00259	0.00116	0.00298	0.00234	0.00270	0.00445
72	0.00978	0.00904	0.01469	0.04126	0.73307	0.00920	0.01100	0.10235	0.00953	0.01345	0.00726	0.00927	0.00597	0.00348	0.00372	0.00112	0.00443	0.00335	0.00206	0.00595
73	0.01004	0.00665	0.00805	0.00587	0.00909	0.00521	0.00474	0.02260	0.00862	0.21319	0.00866	0.00900	0.00646	0.00325	0.00303	0.00071	0.00290	0.00261	0.00283	0.66649
74	0.01431	0.00637	0.00823	0.00657	0.00905	0.00588	0.00529	0.06552	0.07273	0.60089	0.03656	0.03952	0.01088	0.06711	0.00493	0.00136	0.00319	0.01725	0.00425	0.02011
75	0.89465	0.00726	0.00551	0.00493	0.00726	0.00842	0.00406	0.01103	0.00638	0.01683	0.00522	0.00609	0.00406	0.00348	0.00232	0.00116	0.00290	0.00203	0.00232	0.00406
76	0.00473	0.00356	0.00434	0.00468	0.00533	0.00321	0.00328	0.00570	0.00830	0.01091	0.21278	0.41846	0.25504	0.03553	0.00503	0.00144	0.00205	0.00886	0.00359	0.00317
77	0.00666	0.00410	0.00501	0.00491	0.00564	0.00389	0.00336	0.01516	0.03193	0.10971	0.13377	0.25096	0.08884	0.30795	0.00953	0.00214	0.00277	0.00700	0.00330	0.00337
78	0.02875	0.00471	0.00595	0.00535	0.00685	0.00429	0.00413	0.01858	0.02526	0.25371	0.30392	0.14839	0.14803	0.00755	0.00424	0.00125	0.00236	0.01835	0.00402	0.00432
79	0.01309	0.00840	0.00947	0.00770	0.01033	0.00902	0.00622	0.29029	0.33119	0.25287	0.01305	0.01199	0.00915	0.00477	0.00378	0.00119	0.00342	0.00382	0.00403	0.00621
80	0.15978	0.00503	0.00584	0.00547	0.00683	0.00499	0.00409	0.01954	0.03263	0.20672	0.07059	0.28094	0.03462	0.10536	0.03043	0.00171	0.00296	0.01496	0.00343	0.00409
81	0.00541	0.00371	0.00457	0.00484	0.00516	0.00362	0.00321	0.00612	0.01895	0.02035	0.09043	0.28429	0.03274	0.40471	0.03063	0.00257	0.00311	0.06976	0.00297	0.00286
82	0.00535	0.00386	0.00507	0.00484	0.00572	0.00358	0.00367	0.00712	0.01051	0.01484	0.79891	0.02879	0.03466	0.00781	0.00447	0.00121	0.00186	0.05010	0.00409	0.00354
83	0.00765	0.00716	0.00815	0.06870	0.02809	0.13221	0.02768	0.02896	0.00705	0.00904	0.00866	0.03463	0.00851	0.17639	0.24908	0.06092	0.12757	0.00400	0.00202	0.00352
84	0.00753	0.00491	0.00598	0.00564	0.00682	0.00486	0.00419	0.06654	0.10562	0.11068	0.24932	0.26600	0.05765	0.05966	0.00520	0.00144	0.00249	0.01637	0.01499	0.00411
85	0.00588	0.00427	0.00606	0.00664	0.00751	0.00421	0.01982	0.00756	0.00880	0.01163	0.13073	0.10139	0.02342	0.00998	0.00504	0.00163	0.00318	0.63526	0.00352	0.00346
86	0.00536	0.00402	0.00603	0.00603	0.00670	0.00469	0.00469	0.00670	0.00603	0.00871	0.01005	0.01474	0.00938	0.02814	0.85328	0.00603	0.01005	0.00402	0.00201	0.00335
87	0.01011	0.02115	0.01408	0.04193	0.24689	0.09031	0.18899	0.16115	0.05504	0.01379	0.00865	0.01981	0.00715	0.00506	0.03548	0.00136	0.02137	0.03970	0.01268	0.00530
88	0.01688	0.00388	0.00416	0.00422	0.00529	0.00345	0.00312	0.00601	0.02320	0.01069	0.11232	0.10778	0.57693	0.05868	0.00527	0.00143	0.00209	0.03502	0.01635	0.00322
89	0.01593	0.00619	0.00840	0.00651	0.00926	0.00535	0.00535	0.01739	0.01069	0.78316	0.06163	0.01411	0.02828	0.00492	0.00382	0.00116	0.00309	0.00403	0.00459	0.00616
90	0.00530	0.00567	0.09824	0.00681	0.00795	0.00427	0.08223	0.00659	0.00742	0.01006	0.01793	0.69178	0.02083	0.01005	0.00462	0.00146	0.00293	0.00922	0.00313	0.00351
91	0.00711	0.00669	0.01182	0.15105	0.23353	0.00676	0.16613	0.00901	0.00802	0.01089	0.03637	0.25504	0.03246	0.02434	0.01302	0.00140	0.00414	0.01539	0.00243	0.00439
92	0.00533	0.00362	0.00414	0.00421	0.00434	0.00357	0.00248	0.00544	0.00583	0.00768	0.01437	0.08995	0.07814	0.70118	0.03237	0.02303	0.00350	0.00597	0.00244	0.00241
93	0.00752	0.01941	0.84871	0.01069	0.01624	0.00871	0.01386	0.01188	0.00792	0.01188	0.00673	0.00792	0.00475	0.00356	0.00356	0.00119	0.00554	0.00277	0.00158	0.00554
94	0.09144	0.01826	0.76895	0.01015	0.01539	0.00868	0.01293	0.01180	0.00778	0.01235	0.00659	0.00775	0.00469	0.00356	0.00345	0.00119	0.00529	0.00270	0.00165	0.00540
95	0.00778	0.00667	0.00778	0.00556	0.00889	0.00500	0.00445	0.00945	0.00778	0.01223	0.00667	0.00778	0.00556	0.00278	0.00278	0.00056	0.00278	0.00222	0.00222	0.89108
96	0.00545	0.00367	0.00427	0.00427	0.00433	0.00373	0.00249	0.00557	0.00551	0.00741	0.01166	0.02365	0.01325	0.79120	0.09551	0.00386	0.00422	0.00532	0.00225	0.00237
97	0.00933	0.00806	0.00848	0.00764	0.00976	0.00933	0.00594	0.01994	0.83797	0.01569	0.01527	0.01400	0.01145	0.00509	0.00382	0.00127	0.00297	0.00424	0.00382	0.00594
98	0.04734	0.00778	0.03368	0.00702	0.00991	0.06688	0.00589	0.04792	0.01075	0.70227	0.01336	0.01182	0.00854	0.00451	0.00369	0.00115	0.00354	0.00357	0.00424	0.00613
99	0.00849	0.03321	0.07213	0.06521	0.35607	0.00755	0.05744	0.01067	0.00849	0.06046	0.01105	0.01882	0.01042	0.01932	0.00449	0.00135	0.01677	0.23066	0.00243	0.00497
100	0.00447	0.00380	0.00385	0.00383	0.00509	0.00318	0.00288	0.00545	0.00863	0.01032	0.06764	0.03581	0.81347	0.00943	0.00443	0.00126	0.00190	0.00788	0.00351	0.00318
101	0.00536	0.00402	0.00603	0.00603	0.00670	0.00469	0.00469	0.00670	0.00603	0.00871	0.01005	0.01474	0.00938	0.02814	0.85328	0.00603	0.01005	0.00402	0.00201	0.00335
102	0.03658	0.00776	0.04438	0.00763	0.03453	0.00691	0.00629	0.16292	0.01168	0.62136	0.01298	0.01164	0.00836	0.00451	0.00372	0.00115	0.00349	0.00361	0.00422	0.00628
103	0.01002	0.05083	0.02757	0.02793	0.49939	0.15706	0.07033	0.01198	0.00877	0.03075	0.00731	0.03061	0.00624	0.00418	0.01886	0.00120	0.02626	0.00339	0.00196	0.00536
104	0.00751	0.00681	0.01140	0.77460	0.06886	0.00834	0.01030	0.00993	0.00762	0.03416	0.00690	0.01001	0.00518	0.00380	0.00390	0.00125	0.02001	0.00335	0.00176	0.00433
105	0.02162	0.50444	0.18591	0.01725	0.01119	0.03049	0.02652	0.01195	0.00815	0.09892	0.02290	0.02318	0.01570	0.00376	0.00297	0.00097	0.00425	0.00274	0.00205	0.00503
106	0.01019	0.04454	0.26970	0.06543	0.15031	0.02088	0.08169	0.03315	0.00893	0.20133	0.00965	0.03374	0.02025	0.00478	0.02779	0.00131	0.00477	0.00359	0.00251	0.00548
107	0.03233	0.03707	0.28868	0.01236	0.16692	0.00814	0.14424	0.02074	0.03173	0.11548	0.00927	0.07742	0.00756	0.00476	0.01753	0.00941	0.00476	0.00393	0.00233	0.00533
108	0.00865	0.05352	0.13648	0.26392	0.31366	0.02411	0.02578	0.04278	0.00854	0.03212	0.02101	0.03871	0.00663	0.00393	0.00369	0.00117	0.00467	0.00351	0.00198	0.00515

[dist]
# distance from previous block
# <min> <max>
0	25

# created by:
# /st0/software/busco_prod/Augustus/scripts/msa2prfl.pl ./align_prep/29906.fa
