[name]
unknown

[dist]
# distance from previous block
# <min> <max>
46	269

[block]
# block no. 0 follows, 59 sequences, length 7
# corresponding to MSA columns:
# 434-440
name=unknown_A
#
# <colnr> <probs for GDERKNQSTAVLIFYWHMCP>
#	G	D	E	R	K	N	Q	S	T	A	V	L	I	F	Y	W	H	M	C	P
0	0.04394	0.04855	0.03797	0.00941	0.06712	0.04894	0.00719	0.10763	0.09960	0.09471	0.03871	0.03438	0.04579	0.01125	0.17300	0.00248	0.02979	0.00450	0.00332	0.09171
1	0.05434	0.03076	0.03141	0.05371	0.06539	0.06525	0.16595	0.16570	0.07284	0.04236	0.01106	0.03157	0.03311	0.00587	0.02867	0.00151	0.04730	0.00436	0.00305	0.08578
2	0.07507	0.06198	0.04972	0.02098	0.09068	0.13156	0.02804	0.12510	0.05974	0.05795	0.02382	0.03040	0.00916	0.06295	0.08143	0.01615	0.00565	0.00407	0.00299	0.06257
3	0.08447	0.06365	0.04209	0.00845	0.04391	0.08228	0.02665	0.01113	0.02817	0.03596	0.05765	0.04521	0.08743	0.10999	0.10881	0.00238	0.06257	0.00493	0.00286	0.09142
4	0.04273	0.05826	0.01028	0.00906	0.06791	0.05504	0.03246	0.12544	0.03446	0.03764	0.05577	0.18006	0.08945	0.00752	0.00453	0.00136	0.00388	0.04688	0.02757	0.10971
5	0.05374	0.01149	0.07494	0.01027	0.05384	0.14216	0.06498	0.13676	0.04725	0.05331	0.11754	0.07404	0.07339	0.00640	0.00478	0.00137	0.02669	0.00528	0.00344	0.03835
6	0.03951	0.27735	0.08572	0.00934	0.04578	0.05076	0.00806	0.10759	0.09689	0.01473	0.04108	0.10424	0.01082	0.00579	0.00443	0.00128	0.04517	0.00446	0.00293	0.04408

[dist]
# distance from previous block
# <min> <max>
1	2

[block]
# block no. 1 follows, 59 sequences, length 11
# corresponding to MSA columns:
# 443-453
name=unknown_B
#
# <colnr> <probs for GDERKNQSTAVLIFYWHMCP>
#	G	D	E	R	K	N	Q	S	T	A	V	L	I	F	Y	W	H	M	C	P
0	0.02847	0.00790	0.04347	0.00741	0.02295	0.09273	0.02839	0.01085	0.07614	0.04787	0.18371	0.12488	0.14611	0.15032	0.00785	0.00193	0.00379	0.00705	0.00369	0.00447
1	0.04481	0.00997	0.09243	0.04466	0.03562	0.03297	0.00720	0.04396	0.01938	0.03553	0.02014	0.01008	0.00719	0.00391	0.00380	0.00093	0.02196	0.00305	0.02646	0.53592
2	0.00933	0.00692	0.00772	0.00727	0.00829	0.07133	0.00541	0.11191	0.02817	0.02949	0.04904	0.13131	0.04289	0.04492	0.05996	0.29552	0.03289	0.05062	0.00310	0.00390
3	0.01579	0.01905	0.01265	0.08579	0.01518	0.67779	0.00886	0.08967	0.01295	0.01243	0.00727	0.00855	0.00588	0.00461	0.00406	0.00119	0.00749	0.00305	0.00245	0.00532
4	0.00841	0.00469	0.00670	0.08088	0.00845	0.00480	0.00471	0.00800	0.00701	0.08368	0.01089	0.05379	0.01074	0.18951	0.06252	0.44023	0.00452	0.00489	0.00253	0.00306
5	0.00858	0.00890	0.01670	0.01268	0.01576	0.00841	0.43460	0.01212	0.08405	0.01367	0.02108	0.09598	0.23331	0.00692	0.00519	0.00152	0.00520	0.00699	0.00313	0.00522
6	0.01032	0.00827	0.00974	0.04245	0.01161	0.00698	0.00594	0.11146	0.01071	0.04332	0.00912	0.03980	0.00761	0.00403	0.00359	0.00084	0.00357	0.00327	0.00297	0.66440
7	0.01105	0.00865	0.01055	0.07552	0.06274	0.00852	0.00711	0.20349	0.08248	0.04631	0.04723	0.10324	0.01156	0.00563	0.00420	0.00118	0.00390	0.00474	0.00350	0.29840
8	0.00925	0.00613	0.00776	0.00684	0.00883	0.00556	0.01869	0.04063	0.03837	0.13469	0.03613	0.23242	0.09947	0.04979	0.08162	0.00202	0.00402	0.02324	0.00377	0.19076
9	0.02458	0.04042	0.01180	0.07165	0.15229	0.03780	0.04261	0.03805	0.06420	0.03011	0.04822	0.04535	0.09904	0.00559	0.00442	0.00121	0.02059	0.01720	0.00300	0.24186
10	0.01133	0.03720	0.01106	0.00903	0.05532	0.02579	0.02877	0.15442	0.09084	0.07109	0.08373	0.04292	0.01177	0.00568	0.02159	0.00123	0.00403	0.00425	0.00350	0.32644

[dist]
# distance from previous block
# <min> <max>
4	9

[block]
# block no. 2 follows, 59 sequences, length 11
# corresponding to MSA columns:
# 463-473
name=unknown_C
#
# <colnr> <probs for GDERKNQSTAVLIFYWHMCP>
#	G	D	E	R	K	N	Q	S	T	A	V	L	I	F	Y	W	H	M	C	P
0	0.07139	0.01304	0.05176	0.03718	0.02987	0.30196	0.05072	0.01421	0.09509	0.01286	0.01275	0.07896	0.06276	0.05144	0.01588	0.00160	0.05435	0.00477	0.03436	0.00503
1	0.05089	0.00598	0.00808	0.06791	0.13549	0.00595	0.00638	0.00929	0.03710	0.01387	0.15793	0.17143	0.22541	0.00923	0.00503	0.00154	0.00326	0.07694	0.00372	0.00457
2	0.00649	0.00461	0.00579	0.00633	0.00709	0.00437	0.00440	0.00828	0.07189	0.04321	0.02456	0.65896	0.08480	0.01236	0.00539	0.00169	0.00268	0.01109	0.00414	0.03188
3	0.01225	0.60906	0.08101	0.00861	0.01223	0.16207	0.00833	0.01390	0.00958	0.01073	0.00658	0.00775	0.00584	0.00491	0.03012	0.00122	0.00567	0.00259	0.00197	0.00558
4	0.00556	0.00404	0.00518	0.00586	0.00630	0.00379	0.00397	0.00644	0.00870	0.01157	0.08727	0.59010	0.10785	0.08674	0.04287	0.00218	0.00305	0.01099	0.00396	0.00358
5	0.01078	0.17417	0.20055	0.05648	0.22843	0.02472	0.03719	0.02739	0.12642	0.02821	0.00929	0.01068	0.00732	0.00448	0.00445	0.00132	0.03558	0.00366	0.00247	0.00640
6	0.24018	0.29092	0.08850	0.00867	0.01199	0.22918	0.00789	0.03355	0.03021	0.01393	0.00690	0.00787	0.00568	0.00420	0.00332	0.00117	0.00538	0.00269	0.00234	0.00545
7	0.01850	0.00773	0.01025	0.00808	0.01131	0.00700	0.00671	0.08795	0.01314	0.68459	0.01733	0.01755	0.01184	0.00601	0.00458	0.00142	0.00388	0.06965	0.00526	0.00723
8	0.00795	0.00700	0.01970	0.16868	0.08375	0.01787	0.00753	0.01124	0.12126	0.01272	0.06572	0.09031	0.07038	0.09007	0.13001	0.00263	0.03566	0.04965	0.00310	0.00476
9	0.00595	0.00449	0.00540	0.00530	0.00638	0.00407	0.00394	0.00753	0.01101	0.01474	0.44354	0.05882	0.28612	0.07590	0.00663	0.00169	0.00242	0.04780	0.00439	0.00389
10	0.01135	0.47677	0.12164	0.04911	0.05644	0.04812	0.00890	0.03397	0.02877	0.04722	0.01053	0.01130	0.07004	0.00465	0.00355	0.00114	0.00491	0.00340	0.00238	0.00580

[dist]
# distance from previous block
# <min> <max>
9	53

[block]
# block no. 3 follows, 59 sequences, length 35
# corresponding to MSA columns:
# 534-548,550-569
name=unknown_D
#
# <colnr> <probs for GDERKNQSTAVLIFYWHMCP>
#	G	D	E	R	K	N	Q	S	T	A	V	L	I	F	Y	W	H	M	C	P
0	0.00971	0.00724	0.00883	0.00800	0.02443	0.00769	0.03021	0.13501	0.15857	0.05215	0.15296	0.07053	0.03520	0.19985	0.00925	0.00214	0.03117	0.04805	0.00392	0.00510
1	0.00898	0.00761	0.00934	0.02106	0.08881	0.03202	0.02614	0.08073	0.18532	0.01555	0.10282	0.24490	0.07553	0.00847	0.00508	0.00151	0.02001	0.01817	0.01590	0.03204
2	0.00553	0.00412	0.00523	0.00586	0.00644	0.00389	0.00407	0.00647	0.00865	0.01132	0.04097	0.52440	0.19025	0.05372	0.09421	0.00241	0.00358	0.02140	0.00386	0.00363
3	0.01251	0.01033	0.02692	0.11753	0.30285	0.02113	0.05127	0.17589	0.06717	0.09504	0.01042	0.01218	0.00797	0.02292	0.00513	0.00144	0.03131	0.00416	0.01724	0.00660
4	0.01085	0.00965	0.01573	0.10448	0.44794	0.00953	0.07446	0.05359	0.01058	0.05188	0.03210	0.01230	0.02465	0.00431	0.00435	0.00126	0.00499	0.00411	0.00260	0.12062
5	0.44352	0.12636	0.03110	0.00812	0.01093	0.29073	0.00673	0.01463	0.00947	0.01532	0.00642	0.00749	0.00523	0.00421	0.00321	0.00123	0.00523	0.00256	0.00244	0.00506
6	0.01138	0.53053	0.17500	0.01014	0.01445	0.05678	0.10932	0.02516	0.00958	0.01182	0.00693	0.00822	0.00581	0.00391	0.00348	0.00112	0.00558	0.00294	0.00198	0.00587
7	0.00938	0.03765	0.00965	0.00818	0.00928	0.02697	0.00649	0.05931	0.13598	0.01361	0.01141	0.01523	0.01006	0.10490	0.14025	0.00271	0.23804	0.00444	0.15159	0.00486
8	0.00541	0.00447	0.00461	0.00457	0.00601	0.00378	0.00343	0.00665	0.01029	0.01263	0.12024	0.04084	0.71655	0.01081	0.00516	0.00147	0.00222	0.00905	0.02806	0.00378
9	0.00632	0.00470	0.00695	0.00695	0.00768	0.00544	0.00533	0.00779	0.00705	0.01014	0.01197	0.01811	0.01137	0.08651	0.77435	0.00691	0.01133	0.00484	0.00239	0.00386
10	0.00674	0.00487	0.00665	0.00753	0.00849	0.00477	0.00636	0.00857	0.01008	0.01314	0.06553	0.14025	0.07983	0.01216	0.00594	0.00194	0.00367	0.60538	0.00411	0.00399
11	0.00579	0.00450	0.00529	0.00522	0.00643	0.00399	0.00395	0.00738	0.01112	0.01460	0.39324	0.07026	0.39169	0.01036	0.00528	0.00148	0.00227	0.04876	0.00445	0.00394
12	0.01524	0.01001	0.01090	0.00857	0.01154	0.01078	0.00701	0.54038	0.01732	0.11399	0.01221	0.01239	0.00873	0.00529	0.00413	0.00126	0.00412	0.00406	0.19531	0.00676
13	0.00914	0.02247	0.79303	0.01250	0.01892	0.01038	0.01604	0.04214	0.00973	0.01448	0.00802	0.00937	0.00566	0.00424	0.00420	0.00140	0.00647	0.00329	0.00196	0.00656
14	0.00916	0.00785	0.00916	0.00654	0.01047	0.00589	0.00523	0.01112	0.00916	0.01439	0.00785	0.00916	0.00654	0.00327	0.00327	0.00065	0.00327	0.00262	0.00262	0.87178
15	0.01014	0.00747	0.00890	0.00660	0.01018	0.00576	0.00526	0.01198	0.00959	0.11515	0.01136	0.05393	0.04034	0.00440	0.00362	0.00084	0.00325	0.00362	0.00311	0.68448
16	0.76928	0.00881	0.00710	0.00627	0.00903	0.01019	0.00513	0.05652	0.06396	0.02016	0.00721	0.00801	0.00554	0.00430	0.00295	0.00137	0.00350	0.00266	0.00295	0.00508
17	0.00904	0.07256	0.77374	0.01228	0.01865	0.01069	0.01579	0.01394	0.00930	0.01377	0.00782	0.00919	0.00560	0.00417	0.00411	0.00137	0.00642	0.00321	0.00187	0.00648
18	0.00916	0.00785	0.00916	0.00654	0.01047	0.00589	0.00523	0.01112	0.00916	0.01439	0.00785	0.00916	0.00654	0.00327	0.00327	0.00065	0.00327	0.00262	0.00262	0.87178
19	0.00632	0.00469	0.00688	0.00688	0.00760	0.00540	0.00525	0.00775	0.00703	0.01009	0.01203	0.01844	0.01151	0.10972	0.75133	0.00683	0.01112	0.00489	0.00240	0.00382
20	0.00631	0.00473	0.00710	0.00710	0.00789	0.00552	0.00552	0.00789	0.00710	0.01025	0.01183	0.01735	0.01104	0.03312	0.82728	0.00710	0.01183	0.00473	0.00237	0.00394
21	0.00541	0.00448	0.00474	0.00467	0.00608	0.00381	0.00351	0.00671	0.01052	0.01300	0.18661	0.04075	0.67291	0.01079	0.00522	0.00147	0.00221	0.00908	0.00424	0.00381
22	0.65841	0.00833	0.00735	0.00629	0.00913	0.00919	0.00517	0.03897	0.00897	0.17428	0.00871	0.00907	0.00625	0.00443	0.00313	0.00136	0.00349	0.00289	0.02922	0.00537
23	0.00837	0.00790	0.01349	0.75696	0.04886	0.00965	0.03795	0.01125	0.00890	0.01146	0.00850	0.04215	0.00680	0.00473	0.00449	0.00148	0.00580	0.00428	0.00206	0.00494
24	0.00552	0.00447	0.00490	0.00483	0.00616	0.00385	0.00361	0.00690	0.01071	0.01354	0.26170	0.06454	0.57251	0.01066	0.00523	0.00147	0.00220	0.00904	0.00432	0.00385
25	0.00685	0.00510	0.00685	0.04163	0.00894	0.00510	0.00593	0.00934	0.05364	0.01467	0.28697	0.12882	0.04672	0.01064	0.00558	0.00173	0.00324	0.34974	0.00427	0.00423
26	0.38115	0.07991	0.30073	0.00962	0.02950	0.02950	0.04805	0.03360	0.00895	0.01655	0.00725	0.00852	0.00549	0.00415	0.00350	0.00134	0.00498	0.00295	0.01865	0.00564
27	0.00642	0.00428	0.00482	0.00482	0.00482	0.00428	0.00268	0.00642	0.00642	0.00856	0.01392	0.02890	0.01606	0.84478	0.02248	0.00428	0.00428	0.00642	0.00268	0.00268
28	0.00805	0.00781	0.06905	0.00936	0.11335	0.03624	0.00669	0.01132	0.09035	0.03216	0.44299	0.02648	0.11310	0.00771	0.00490	0.00139	0.00323	0.00670	0.00409	0.00504
29	0.02727	0.03391	0.03598	0.06600	0.22316	0.04247	0.00836	0.05394	0.01022	0.04736	0.04101	0.08663	0.04881	0.00639	0.02500	0.00141	0.03091	0.00482	0.08021	0.12612
30	0.01100	0.01068	0.01606	0.06129	0.61896	0.07418	0.01213	0.01334	0.01012	0.03095	0.01046	0.02803	0.04877	0.00471	0.00472	0.00134	0.03012	0.00430	0.00238	0.00647
31	0.02871	0.16969	0.07846	0.02522	0.09677	0.04589	0.02784	0.08125	0.07079	0.08201	0.08070	0.01225	0.01034	0.00468	0.00392	0.00115	0.00446	0.00377	0.00307	0.16901
32	0.02831	0.11439	0.32565	0.01426	0.18049	0.06273	0.02935	0.07792	0.01063	0.04659	0.02433	0.01025	0.00708	0.00490	0.01702	0.00141	0.03239	0.00353	0.00240	0.00637
33	0.02152	0.02445	0.03884	0.03382	0.01028	0.12248	0.01719	0.11810	0.03658	0.02790	0.02950	0.04256	0.03636	0.25526	0.07358	0.01271	0.02979	0.00499	0.00297	0.06112
34	0.02411	0.03904	0.05316	0.18780	0.09830	0.08405	0.03552	0.13497	0.05253	0.10538	0.01180	0.04225	0.04019	0.00565	0.01372	0.00144	0.03272	0.00438	0.00311	0.02990

[dist]
# distance from previous block
# <min> <max>
0	82

[block]
# block no. 4 follows, 59 sequences, length 25
# corresponding to MSA columns:
# 652-676
name=unknown_E
#
# <colnr> <probs for GDERKNQSTAVLIFYWHMCP>
#	G	D	E	R	K	N	Q	S	T	A	V	L	I	F	Y	W	H	M	C	P
0	0.01223	0.03051	0.08355	0.04310	0.02906	0.11760	0.04762	0.21283	0.11423	0.04433	0.05786	0.06164	0.03354	0.01792	0.00534	0.00144	0.05536	0.00481	0.00344	0.02361
1	0.01039	0.07093	0.02889	0.02439	0.13015	0.02927	0.05381	0.09447	0.16497	0.03942	0.08507	0.02951	0.09943	0.00782	0.05617	0.00173	0.03273	0.00515	0.00341	0.03229
2	0.02754	0.02650	0.08589	0.03316	0.11666	0.07475	0.03132	0.04135	0.00951	0.02818	0.11788	0.03905	0.01504	0.28274	0.04987	0.00259	0.00510	0.00536	0.00288	0.00464
3	0.01097	0.16122	0.01192	0.00769	0.02997	0.06461	0.00617	0.06147	0.01052	0.07410	0.04098	0.03581	0.06405	0.00481	0.00370	0.00097	0.00390	0.00377	0.00300	0.40036
4	0.01670	0.00735	0.00960	0.00758	0.01057	0.00660	0.00616	0.08202	0.01294	0.58424	0.10808	0.04962	0.03840	0.00628	0.00456	0.00136	0.00355	0.00521	0.00513	0.03404
5	0.01172	0.08863	0.09066	0.10280	0.37796	0.01143	0.02854	0.16635	0.01193	0.03270	0.01984	0.01126	0.01771	0.00445	0.00427	0.00131	0.00524	0.00390	0.00267	0.00662
6	0.08604	0.06992	0.02282	0.00855	0.02659	0.22714	0.01965	0.02443	0.00939	0.02593	0.01220	0.09812	0.04202	0.07876	0.22611	0.00309	0.00710	0.00491	0.00268	0.00457
7	0.00636	0.00453	0.00608	0.00608	0.00652	0.00497	0.00425	0.00723	0.00680	0.00950	0.01276	0.02250	0.01328	0.39500	0.46846	0.00584	0.00846	0.00549	0.00250	0.00338
8	0.01043	0.01154	0.06480	0.01368	0.04354	0.10682	0.34892	0.03567	0.06562	0.03096	0.04341	0.12525	0.01272	0.00622	0.00501	0.00150	0.00587	0.05950	0.00297	0.00556
9	0.00705	0.00452	0.00557	0.00548	0.00608	0.00431	0.00367	0.00794	0.00901	0.06115	0.24956	0.13688	0.03763	0.40366	0.01339	0.00283	0.00335	0.03061	0.00373	0.00358
10	0.00986	0.01080	0.08247	0.28737	0.22437	0.02804	0.17324	0.04672	0.01009	0.01368	0.00922	0.05232	0.00762	0.00465	0.00458	0.00142	0.00587	0.00454	0.01731	0.00582
11	0.00612	0.00466	0.00575	0.00607	0.00723	0.00429	0.00488	0.00775	0.01057	0.01365	0.21095	0.08530	0.32499	0.01119	0.00554	0.00167	0.00285	0.27833	0.00426	0.00394
12	0.01410	0.01694	0.01488	0.01233	0.01500	0.53668	0.20105	0.01597	0.01164	0.01225	0.00818	0.00987	0.00656	0.00442	0.00418	0.00121	0.00718	0.00356	0.09876	0.00521
13	0.00767	0.00384	0.00575	0.00575	0.00575	0.00384	0.00384	0.00575	0.00575	0.00767	0.00767	0.01343	0.00767	0.01534	0.01726	0.87150	0.00384	0.00384	0.00192	0.00192
14	0.00634	0.00439	0.00565	0.00574	0.00603	0.00463	0.00380	0.00688	0.00680	0.00933	0.01384	0.09024	0.01512	0.47194	0.29625	0.03425	0.00671	0.00625	0.00266	0.00316
15	0.00632	0.00470	0.00693	0.00693	0.00766	0.00543	0.00531	0.00778	0.00705	0.01013	0.01198	0.01819	0.01141	0.09216	0.76875	0.00689	0.01128	0.00486	0.00239	0.00385
16	0.00834	0.00785	0.01325	0.83417	0.03042	0.00981	0.01227	0.01128	0.00883	0.01128	0.00785	0.01178	0.00589	0.00442	0.00442	0.00147	0.00589	0.00393	0.00196	0.00491
17	0.01015	0.00785	0.00920	0.00667	0.01045	0.00613	0.00536	0.03779	0.00980	0.07358	0.00886	0.00988	0.00705	0.00356	0.00339	0.00074	0.00332	0.00284	0.03207	0.75130
18	0.00925	0.00814	0.01363	0.69754	0.11985	0.00971	0.01211	0.01209	0.00917	0.05458	0.00841	0.01185	0.00628	0.00442	0.00441	0.00145	0.00570	0.00395	0.00217	0.00529
19	0.01181	0.84744	0.02314	0.00756	0.01134	0.01748	0.00756	0.01323	0.00897	0.01039	0.00614	0.00708	0.00567	0.00378	0.00283	0.00094	0.00472	0.00236	0.00189	0.00567
20	0.00538	0.00437	0.00477	0.00491	0.00612	0.00376	0.00359	0.00655	0.01008	0.01253	0.13714	0.18446	0.57815	0.01139	0.00529	0.00153	0.00228	0.00973	0.00420	0.00376
21	0.01351	0.01307	0.03865	0.04187	0.01652	0.12973	0.22276	0.32886	0.01459	0.01896	0.03361	0.01116	0.00783	0.00487	0.00508	0.00136	0.05009	0.00419	0.00317	0.04013
22	0.01044	0.09043	0.17384	0.15203	0.37413	0.04873	0.02930	0.01383	0.04095	0.01344	0.00828	0.01050	0.00661	0.00415	0.00421	0.00132	0.00565	0.00367	0.00216	0.00633
23	0.01150	0.01082	0.02499	0.21372	0.16918	0.10693	0.02648	0.09566	0.04666	0.05392	0.00989	0.01213	0.02894	0.01979	0.00600	0.00146	0.11528	0.00403	0.00268	0.03995
24	0.01267	0.00868	0.00985	0.00822	0.01080	0.00911	0.00655	0.27198	0.18777	0.13190	0.11911	0.06960	0.05059	0.00697	0.00485	0.01573	0.00369	0.02273	0.00448	0.04472

[dist]
# distance from previous block
# <min> <max>
0	3

[block]
# block no. 5 follows, 59 sequences, length 33
# corresponding to MSA columns:
# 680-712
name=unknown_F
#
# <colnr> <probs for GDERKNQSTAVLIFYWHMCP>
#	G	D	E	R	K	N	Q	S	T	A	V	L	I	F	Y	W	H	M	C	P
0	0.01266	0.00984	0.01018	0.00902	0.04096	0.08851	0.00674	0.25936	0.13053	0.09266	0.09839	0.05421	0.04788	0.08552	0.00623	0.00163	0.00427	0.00528	0.00403	0.03211
1	0.01292	0.59584	0.02044	0.00881	0.01228	0.13245	0.03173	0.09782	0.01073	0.01243	0.00679	0.00779	0.00590	0.00414	0.00351	0.00105	0.02466	0.00272	0.00223	0.00577
2	0.01361	0.01055	0.01153	0.00884	0.01238	0.01083	0.00720	0.45137	0.11216	0.02234	0.01060	0.01084	0.00792	0.00473	0.00405	0.00113	0.00418	0.00366	0.00384	0.28824
3	0.00834	0.00785	0.01325	0.83417	0.03042	0.00981	0.01227	0.01128	0.00883	0.01128	0.00785	0.01178	0.00589	0.00442	0.00442	0.00147	0.00589	0.00393	0.00196	0.00491
4	0.00580	0.00487	0.03639	0.00671	0.00739	0.00415	0.02325	0.00691	0.00876	0.01174	0.05378	0.67222	0.04095	0.03923	0.00611	0.00184	0.00295	0.05921	0.00395	0.00378
5	0.00554	0.00399	0.00525	0.00599	0.00643	0.00370	0.00409	0.00657	0.00927	0.01252	0.17503	0.66427	0.05525	0.01284	0.00554	0.00171	0.00246	0.01159	0.00424	0.00370
6	0.00630	0.00462	0.00651	0.00651	0.00714	0.00519	0.00481	0.00751	0.00703	0.00992	0.01323	0.02068	0.03474	0.21673	0.62157	0.00630	0.00985	0.00524	0.00249	0.00365
7	0.01816	0.00723	0.00977	0.00766	0.01077	0.00633	0.00626	0.03444	0.01262	0.71246	0.07989	0.04738	0.01396	0.00606	0.00455	0.00138	0.00360	0.00501	0.00535	0.00711
8	0.01496	0.01146	0.01223	0.00979	0.01300	0.01284	0.00795	0.55718	0.26907	0.02489	0.01293	0.01245	0.00939	0.00552	0.00444	0.00138	0.00443	0.00430	0.00444	0.00735
9	0.00618	0.00442	0.00605	0.00707	0.00768	0.00428	0.00550	0.00754	0.00925	0.01217	0.02390	0.47531	0.02746	0.01308	0.00585	0.00190	0.00326	0.37122	0.00408	0.00381
10	0.01005	0.06413	0.01461	0.01160	0.01209	0.03946	0.04045	0.01116	0.00723	0.01076	0.00598	0.00953	0.00582	0.00722	0.01305	0.00183	0.72436	0.00379	0.00195	0.00494
11	0.01285	0.01214	0.06247	0.04149	0.05929	0.10528	0.10594	0.24266	0.14394	0.04853	0.02751	0.01600	0.01057	0.00574	0.00465	0.00144	0.00530	0.08428	0.00356	0.00636
12	0.01181	0.84744	0.02314	0.00756	0.01134	0.01748	0.00756	0.01323	0.00897	0.01039	0.00614	0.00708	0.00567	0.00378	0.00283	0.00094	0.00472	0.00236	0.00189	0.00567
13	0.00813	0.00779	0.06484	0.00706	0.00897	0.04309	0.00580	0.04468	0.16321	0.03330	0.15363	0.17001	0.24215	0.00915	0.00499	0.00150	0.00324	0.01944	0.00410	0.00491
14	0.00823	0.00412	0.00412	0.00412	0.00515	0.00412	0.00309	0.01029	0.00926	0.01647	0.01441	0.01647	0.01132	0.00515	0.00309	0.00103	0.00206	0.00412	0.86930	0.00412
15	0.00944	0.00802	0.00931	0.00667	0.01059	0.00617	0.00535	0.04022	0.00959	0.01489	0.00795	0.00921	0.00658	0.00335	0.00331	0.00068	0.00333	0.00267	0.00268	0.84001
16	0.00529	0.00419	0.00477	0.00523	0.00616	0.00366	0.00369	0.00625	0.00934	0.01164	0.03555	0.40256	0.46131	0.01238	0.00541	0.00163	0.00238	0.01078	0.00410	0.00366
17	0.04113	0.00995	0.05222	0.01106	0.01384	0.01005	0.17744	0.12363	0.09574	0.13900	0.01293	0.03206	0.04307	0.00835	0.08238	0.00203	0.13095	0.00480	0.00336	0.00600
18	0.01679	0.01237	0.01325	0.01016	0.01370	0.01370	0.00839	0.80251	0.02077	0.02783	0.01060	0.01060	0.00751	0.00530	0.00442	0.00133	0.00486	0.00398	0.00442	0.00751
19	0.00628	0.00451	0.00575	0.00578	0.00629	0.00471	0.00401	0.00713	0.00740	0.01004	0.04663	0.02692	0.09551	0.39943	0.31693	0.00485	0.00678	0.03486	0.00284	0.00336
20	0.00834	0.00785	0.01325	0.83417	0.03042	0.00981	0.01227	0.01128	0.00883	0.01128	0.00785	0.01178	0.00589	0.00442	0.00442	0.00147	0.00589	0.00393	0.00196	0.00491
21	0.87598	0.00854	0.00649	0.00581	0.00854	0.00991	0.00478	0.01298	0.00752	0.01982	0.00615	0.00717	0.00478	0.00410	0.00273	0.00137	0.00342	0.00239	0.00273	0.00478
22	0.00923	0.00844	0.01351	0.06479	0.47797	0.00869	0.01028	0.01152	0.03187	0.01322	0.02452	0.13425	0.04704	0.06875	0.00645	0.00166	0.04323	0.01613	0.00269	0.00574
23	0.00851	0.00449	0.00510	0.00482	0.00603	0.00431	0.00366	0.01055	0.01047	0.07671	0.25012	0.02122	0.02022	0.00631	0.00381	0.00116	0.00219	0.00528	0.55066	0.00438
24	0.01107	0.03924	0.04912	0.00928	0.02806	0.11949	0.00741	0.07503	0.39376	0.01665	0.08669	0.03274	0.06888	0.00644	0.00474	0.00142	0.02364	0.01637	0.00386	0.00609
25	0.00613	0.00450	0.00575	0.00547	0.00653	0.00411	0.00409	0.00809	0.01217	0.01700	0.72198	0.05279	0.11620	0.00935	0.00522	0.00141	0.00211	0.00822	0.00477	0.00411
26	0.00943	0.00843	0.02932	0.06514	0.30357	0.02192	0.05181	0.04112	0.03976	0.03990	0.11246	0.14387	0.01618	0.03558	0.02507	0.00169	0.00462	0.04137	0.00317	0.00558
27	0.00924	0.00902	0.01253	0.01087	0.01088	0.01242	0.00891	0.01013	0.00681	0.01051	0.00720	0.04746	0.00756	0.06861	0.01469	0.00210	0.73993	0.00443	0.00208	0.00462
28	0.00990	0.00976	0.03034	0.28156	0.40979	0.01019	0.08439	0.03138	0.00984	0.01351	0.00930	0.02912	0.02385	0.00455	0.00473	0.00141	0.02377	0.00433	0.00224	0.00605
29	0.01262	0.17644	0.03014	0.01064	0.05204	0.03577	0.11312	0.18206	0.07405	0.10585	0.02603	0.08709	0.02108	0.00594	0.01462	0.00138	0.00483	0.00478	0.00341	0.03811
30	0.01021	0.26494	0.34843	0.01060	0.04362	0.04215	0.01112	0.01380	0.06000	0.02465	0.02413	0.02629	0.00789	0.04375	0.00526	0.00143	0.04999	0.00358	0.00226	0.00591
31	0.00589	0.00442	0.00499	0.00514	0.00626	0.00389	0.00374	0.00688	0.00963	0.03092	0.08668	0.18716	0.49491	0.06235	0.00677	0.03111	0.00257	0.03896	0.00402	0.00371
32	0.05896	0.09733	0.36841	0.02599	0.05559	0.06084	0.02253	0.02436	0.05112	0.04796	0.03000	0.03420	0.03811	0.01872	0.00442	0.00138	0.00535	0.01745	0.00257	0.03470

[dist]
# distance from previous block
# <min> <max>
0	35

[block]
# block no. 6 follows, 59 sequences, length 31
# corresponding to MSA columns:
# 748-778
name=unknown_G
#
# <colnr> <probs for GDERKNQSTAVLIFYWHMCP>
#	G	D	E	R	K	N	Q	S	T	A	V	L	I	F	Y	W	H	M	C	P
0	0.01101	0.18336	0.22549	0.01033	0.06022	0.03721	0.00966	0.05345	0.06098	0.09591	0.02962	0.06475	0.02684	0.02759	0.03861	0.00165	0.05015	0.00437	0.00287	0.00592
1	0.05145	0.09223	0.38498	0.01140	0.06276	0.04051	0.02697	0.05883	0.02352	0.06449	0.04842	0.03192	0.01724	0.00585	0.02466	0.00152	0.01516	0.02936	0.00266	0.00608
2	0.02148	0.00583	0.00780	0.02213	0.00870	0.00641	0.02582	0.07568	0.03921	0.02572	0.02809	0.05982	0.04692	0.15800	0.41829	0.00474	0.01851	0.00553	0.01703	0.00428
3	0.00797	0.00609	0.00833	0.18346	0.05632	0.00636	0.00659	0.02867	0.06055	0.05881	0.12957	0.14891	0.18163	0.04465	0.03067	0.00178	0.00381	0.00713	0.02403	0.00467
4	0.01142	0.00986	0.02593	0.03085	0.08680	0.04938	0.12670	0.13469	0.19176	0.06403	0.09287	0.01871	0.04100	0.00639	0.00509	0.02389	0.00466	0.06620	0.00370	0.00605
5	0.01011	0.01035	0.03560	0.20281	0.33379	0.08095	0.07118	0.02811	0.02749	0.01367	0.06796	0.02562	0.04190	0.02572	0.00497	0.00145	0.00538	0.00462	0.00254	0.00579
6	0.01033	0.00830	0.00962	0.00696	0.01083	0.00671	0.00560	0.09213	0.01047	0.04527	0.00848	0.00952	0.00680	0.00356	0.00343	0.00075	0.00345	0.00282	0.00290	0.75209
7	0.04398	0.08139	0.01313	0.01088	0.01332	0.71543	0.00834	0.04167	0.01235	0.01160	0.00687	0.00796	0.00572	0.00450	0.00387	0.00114	0.00748	0.00283	0.00233	0.00522
8	0.01069	0.00965	0.00953	0.00834	0.00998	0.16130	0.03882	0.06853	0.09348	0.02809	0.10936	0.01688	0.05573	0.01938	0.01805	0.00148	0.11969	0.00476	0.21123	0.00503
9	0.00642	0.00428	0.00482	0.00482	0.00482	0.00428	0.00268	0.00642	0.00642	0.00856	0.01392	0.02890	0.01606	0.84478	0.02248	0.00428	0.00428	0.00642	0.00268	0.00268
10	0.00666	0.00472	0.00672	0.00662	0.00717	0.00531	0.00492	0.00741	0.00702	0.00988	0.03628	0.01922	0.03699	0.13968	0.49641	0.15013	0.04394	0.00502	0.00244	0.00347
11	0.00642	0.00431	0.00497	0.00497	0.00502	0.00437	0.00287	0.00652	0.00647	0.00868	0.01378	0.02812	0.01572	0.79005	0.07675	0.00447	0.00479	0.00631	0.00266	0.00276
12	0.01191	0.49875	0.21261	0.00930	0.01352	0.10644	0.00975	0.03398	0.02763	0.02975	0.00727	0.00819	0.00599	0.00409	0.00340	0.00111	0.00548	0.00278	0.00213	0.00593
13	0.01056	0.02985	0.04876	0.08397	0.29731	0.01104	0.38957	0.03322	0.01030	0.01421	0.00852	0.01130	0.00668	0.00398	0.00492	0.00142	0.02141	0.00449	0.00223	0.00627
14	0.00545	0.00388	0.00514	0.00607	0.00634	0.00364	0.00404	0.00623	0.00850	0.01136	0.04948	0.78019	0.02904	0.04999	0.00636	0.00189	0.00262	0.01214	0.00406	0.00357
15	0.00644	0.00439	0.00546	0.00546	0.00568	0.00460	0.00348	0.00679	0.00658	0.00898	0.01312	0.02523	0.01440	0.59607	0.23833	0.03727	0.00629	0.00587	0.00256	0.00299
16	0.01181	0.84744	0.02314	0.00756	0.01134	0.01748	0.00756	0.01323	0.00897	0.01039	0.00614	0.00708	0.00567	0.00378	0.00283	0.00094	0.00472	0.00236	0.00189	0.00567
17	0.00853	0.00804	0.01359	0.77528	0.08783	0.00986	0.01236	0.01145	0.00892	0.01151	0.00788	0.01171	0.00597	0.00438	0.00441	0.00146	0.00584	0.00393	0.00198	0.00506
18	0.00632	0.00470	0.00695	0.00695	0.00769	0.00544	0.00534	0.00779	0.00705	0.01014	0.01196	0.01809	0.01136	0.08503	0.77581	0.00692	0.01135	0.00484	0.00239	0.00386
19	0.00872	0.00716	0.00810	0.00796	0.00976	0.00780	0.00640	0.01582	0.41101	0.01560	0.02387	0.05674	0.13678	0.00899	0.00515	0.00168	0.00346	0.25523	0.00429	0.00547
20	0.00688	0.00575	0.03695	0.04253	0.02878	0.00504	0.02249	0.04159	0.00980	0.03729	0.03990	0.40984	0.24099	0.01095	0.00523	0.00161	0.00308	0.02351	0.02354	0.00424
21	0.01070	0.00983	0.01589	0.22254	0.38995	0.01048	0.07299	0.10543	0.05303	0.01527	0.00970	0.04681	0.00804	0.00473	0.00451	0.00140	0.00532	0.00446	0.00260	0.00631
22	0.00671	0.00485	0.00646	0.00647	0.00709	0.00530	0.00470	0.02703	0.02436	0.01052	0.01392	0.05997	0.01442	0.30220	0.43086	0.00534	0.00804	0.05534	0.00275	0.00366
23	0.00632	0.00470	0.00691	0.00691	0.00764	0.00542	0.00529	0.00777	0.00704	0.01011	0.01200	0.01830	0.01145	0.09951	0.76146	0.00687	0.01121	0.00487	0.00239	0.00384
24	0.01148	0.48740	0.10795	0.04550	0.06162	0.08054	0.05353	0.01425	0.05925	0.01190	0.00752	0.00873	0.00631	0.00405	0.00348	0.00111	0.00531	0.00299	0.00214	0.02494
25	0.00649	0.00471	0.00592	0.00576	0.00694	0.00435	0.00443	0.00856	0.02695	0.03188	0.54263	0.05399	0.17892	0.00974	0.00529	0.00149	0.00239	0.09077	0.00463	0.00418
26	0.00659	0.00530	0.05140	0.00619	0.00704	0.00450	0.00477	0.00700	0.00832	0.01118	0.13368	0.21069	0.14488	0.02821	0.04851	0.28356	0.02427	0.00735	0.00322	0.00335
27	0.01218	0.09919	0.01286	0.05263	0.05166	0.02505	0.02427	0.28390	0.04686	0.01848	0.00982	0.03831	0.00796	0.00468	0.00391	0.00110	0.00433	0.00373	0.02961	0.26946
28	0.01074	0.00911	0.00966	0.00864	0.01106	0.01039	0.00673	0.06247	0.68352	0.01864	0.06987	0.01832	0.04850	0.00637	0.00457	0.00148	0.00342	0.00531	0.00450	0.00670
29	0.01211	0.13717	0.14631	0.08767	0.15259	0.04611	0.01956	0.09321	0.02736	0.12633	0.04497	0.02691	0.02132	0.00505	0.00455	0.00133	0.03416	0.00406	0.00297	0.00625
30	0.01183	0.03380	0.06696	0.08661	0.30027	0.16628	0.07967	0.08002	0.05758	0.01448	0.00936	0.04082	0.00780	0.00520	0.01905	0.00144	0.00596	0.00415	0.00255	0.00617

[dist]
# distance from previous block
# <min> <max>
4	11

[block]
# block no. 7 follows, 59 sequences, length 24
# corresponding to MSA columns:
# 792-815
name=unknown_H
#
# <colnr> <probs for GDERKNQSTAVLIFYWHMCP>
#	G	D	E	R	K	N	Q	S	T	A	V	L	I	F	Y	W	H	M	C	P
0	0.02775	0.09166	0.04945	0.03251	0.04695	0.07095	0.02197	0.20728	0.04794	0.01715	0.00899	0.01024	0.00714	0.02005	0.00412	0.00111	0.00454	0.00332	0.02010	0.30676
1	0.01314	0.01200	0.09300	0.06147	0.11020	0.03525	0.03073	0.37604	0.02785	0.04354	0.02659	0.05577	0.00903	0.00537	0.00460	0.00134	0.02139	0.00438	0.00348	0.06483
2	0.01210	0.05296	0.06829	0.01101	0.07706	0.20646	0.02424	0.12755	0.03559	0.02760	0.05371	0.01339	0.00979	0.04197	0.04148	0.00165	0.06740	0.02973	0.00288	0.09516
3	0.00671	0.00462	0.00628	0.00620	0.00683	0.00495	0.00446	0.00782	0.00766	0.03473	0.09819	0.04880	0.01646	0.28760	0.43319	0.00526	0.00786	0.00586	0.00288	0.00366
4	0.03740	0.00538	0.00762	0.08106	0.00995	0.00559	0.04078	0.03511	0.00886	0.03601	0.01925	0.48361	0.04332	0.04997	0.09465	0.00238	0.02220	0.00918	0.00353	0.00413
5	0.02339	0.00957	0.08879	0.04816	0.24311	0.00858	0.04713	0.06227	0.09119	0.02932	0.03222	0.04781	0.15539	0.00883	0.08282	0.00196	0.00517	0.00546	0.00307	0.00577
6	0.02804	0.00724	0.00933	0.00821	0.04414	0.00684	0.00627	0.05579	0.09186	0.42222	0.18364	0.02082	0.06226	0.00666	0.00466	0.00140	0.00342	0.02591	0.00490	0.00640
7	0.00548	0.00391	0.00522	0.00618	0.00650	0.00366	0.00419	0.00635	0.00871	0.01165	0.06337	0.77835	0.02971	0.01355	0.00563	0.00178	0.00258	0.03541	0.00414	0.00363
8	0.01487	0.01318	0.01214	0.03897	0.01333	0.29100	0.05565	0.16136	0.05304	0.14764	0.01099	0.01218	0.00830	0.00523	0.00471	0.00131	0.04508	0.02063	0.08444	0.00596
9	0.01075	0.01346	0.18839	0.09989	0.44671	0.04224	0.06219	0.05751	0.01050	0.01462	0.00829	0.01060	0.00655	0.00412	0.00438	0.00135	0.00580	0.00383	0.00223	0.00659
10	0.00806	0.00738	0.01216	0.63252	0.07603	0.00881	0.01101	0.01067	0.00898	0.01161	0.01136	0.09672	0.03055	0.00594	0.00465	0.00153	0.00532	0.04951	0.00236	0.00483
11	0.00630	0.00446	0.00565	0.00562	0.00606	0.00465	0.00379	0.00708	0.00744	0.01019	0.09248	0.02627	0.06159	0.45105	0.28382	0.00477	0.00643	0.00618	0.00287	0.00329
12	0.04833	0.03597	0.16330	0.14248	0.09578	0.02516	0.05484	0.01324	0.06676	0.01406	0.00850	0.01030	0.00667	0.00411	0.00420	0.00118	0.02667	0.00341	0.00240	0.27264
13	0.00645	0.00477	0.00667	0.00661	0.00715	0.00544	0.00486	0.00757	0.00690	0.00979	0.01221	0.02035	0.01228	0.26106	0.57297	0.00613	0.03756	0.00518	0.00244	0.00362
14	0.03718	0.00481	0.00568	0.00536	0.00674	0.00434	0.00405	0.00857	0.01135	0.06689	0.44160	0.06230	0.30578	0.00954	0.00509	0.00144	0.00231	0.00818	0.00454	0.00423
15	0.00685	0.00451	0.00551	0.00541	0.00587	0.00453	0.00352	0.00743	0.00750	0.04409	0.06946	0.05152	0.06819	0.53347	0.15985	0.00421	0.00525	0.00651	0.00302	0.00330
16	0.00783	0.00542	0.00676	0.00649	0.00781	0.00542	0.00501	0.01118	0.12666	0.06553	0.37926	0.08990	0.06336	0.02737	0.05752	0.00191	0.00330	0.08905	0.03553	0.00466
17	0.00886	0.02285	0.82190	0.01259	0.01912	0.01026	0.01632	0.01399	0.00932	0.01399	0.00793	0.00932	0.00559	0.00420	0.00420	0.00140	0.00653	0.00326	0.00186	0.00653
18	0.01046	0.08516	0.27938	0.00948	0.01343	0.05602	0.02660	0.08088	0.08828	0.06057	0.08493	0.02573	0.09128	0.00569	0.00430	0.00131	0.00480	0.00459	0.00314	0.06396
19	0.23123	0.03304	0.01427	0.01438	0.21413	0.09772	0.12993	0.08214	0.06813	0.01664	0.00895	0.02660	0.00724	0.00454	0.00414	0.00135	0.01544	0.00383	0.02036	0.00593
20	0.00782	0.00669	0.01064	0.27813	0.15655	0.00758	0.00873	0.00980	0.00817	0.01115	0.01057	0.01710	0.00983	0.13998	0.27194	0.00369	0.00739	0.02732	0.00230	0.00460
21	0.09341	0.00861	0.00994	0.02475	0.03876	0.00810	0.00636	0.08308	0.14140	0.13769	0.01104	0.01129	0.00826	0.00434	0.00376	0.00106	0.00365	0.00345	0.00349	0.39756
22	0.02621	0.01859	0.02321	0.02771	0.31879	0.00746	0.06038	0.02298	0.00947	0.01313	0.03008	0.27924	0.07563	0.05972	0.00597	0.00168	0.00418	0.00733	0.00305	0.00519
23	0.01034	0.21472	0.32245	0.01128	0.04230	0.01193	0.08079	0.07830	0.06711	0.01451	0.04318	0.01181	0.02196	0.02907	0.00480	0.00139	0.02163	0.00383	0.00250	0.00611

[dist]
# distance from previous block
# <min> <max>
2	26

[block]
# block no. 8 follows, 59 sequences, length 15
# corresponding to MSA columns:
# 842-856
name=unknown_I
#
# <colnr> <probs for GDERKNQSTAVLIFYWHMCP>
#	G	D	E	R	K	N	Q	S	T	A	V	L	I	F	Y	W	H	M	C	P
0	0.05467	0.06400	0.06187	0.03287	0.03772	0.05748	0.07160	0.20642	0.12709	0.11071	0.01234	0.07161	0.00991	0.01828	0.00458	0.00140	0.00472	0.00461	0.02086	0.02726
1	0.03026	0.05152	0.00916	0.02345	0.00935	0.07233	0.00568	0.13152	0.02842	0.10219	0.01105	0.01356	0.04669	0.00995	0.01013	0.39857	0.00428	0.00399	0.00293	0.03495
2	0.01213	0.36055	0.01578	0.00789	0.01145	0.03310	0.00696	0.15503	0.07027	0.03784	0.00974	0.01023	0.03151	0.00438	0.00349	0.00102	0.00428	0.00319	0.00289	0.21825
3	0.01050	0.03900	0.05102	0.06390	0.21399	0.06090	0.12661	0.06897	0.01062	0.03904	0.01164	0.09897	0.01037	0.00632	0.02627	0.00151	0.00517	0.02650	0.12303	0.00567
4	0.01219	0.01404	0.08126	0.25642	0.09594	0.25498	0.02966	0.09734	0.04631	0.01376	0.00824	0.01032	0.00643	0.00471	0.00482	0.00136	0.05043	0.00363	0.00244	0.00569
5	0.00823	0.00412	0.00412	0.00412	0.00515	0.00412	0.00309	0.01029	0.00926	0.01647	0.01441	0.01647	0.01132	0.00515	0.00309	0.00103	0.00206	0.00412	0.86930	0.00412
6	0.12813	0.09035	0.15806	0.01093	0.07044	0.01014	0.09230	0.07238	0.07208	0.08141	0.09238	0.01410	0.01129	0.02414	0.02000	0.00155	0.02212	0.01919	0.00311	0.00592
7	0.00918	0.01116	0.14776	0.07379	0.19750	0.05276	0.05605	0.02468	0.07686	0.01384	0.06846	0.03550	0.14027	0.04547	0.00571	0.00155	0.02567	0.00535	0.00289	0.00557
8	0.00823	0.00412	0.00412	0.00412	0.00515	0.00412	0.00309	0.01029	0.00926	0.01647	0.01441	0.01647	0.01132	0.00515	0.00309	0.00103	0.00206	0.00412	0.86930	0.00412
9	0.28308	0.02148	0.02988	0.13098	0.10935	0.05668	0.00804	0.07993	0.02815	0.04522	0.00894	0.02782	0.00724	0.00672	0.06000	0.00176	0.04115	0.00363	0.04453	0.00541
10	0.06771	0.06290	0.34192	0.01360	0.01841	0.05146	0.29571	0.02925	0.00992	0.01422	0.00885	0.04970	0.00711	0.00450	0.00445	0.00141	0.00640	0.00429	0.00223	0.00597
11	0.00767	0.00384	0.00575	0.00575	0.00575	0.00384	0.00384	0.00575	0.00575	0.00767	0.00767	0.01343	0.00767	0.01534	0.01726	0.87150	0.00384	0.00384	0.00192	0.00192
12	0.00963	0.00499	0.00525	0.00488	0.00626	0.00504	0.00375	0.05504	0.03591	0.07536	0.01453	0.01604	0.01115	0.00520	0.00330	0.00108	0.00238	0.00416	0.73139	0.00464
13	0.01217	0.06665	0.19552	0.01064	0.01436	0.02983	0.07086	0.26424	0.07167	0.04750	0.01161	0.04377	0.03548	0.00605	0.02140	0.00150	0.05851	0.00435	0.00324	0.03065
14	0.06512	0.05142	0.01356	0.01235	0.14355	0.11362	0.07642	0.13237	0.05815	0.03837	0.02681	0.04122	0.00861	0.00479	0.00431	0.00121	0.02374	0.00396	0.00299	0.17743

[dist]
# distance from previous block
# <min> <max>
1	2

[block]
# block no. 9 follows, 59 sequences, length 47
# corresponding to MSA columns:
# 859,865-883,885-911
name=unknown_J
#
# <colnr> <probs for GDERKNQSTAVLIFYWHMCP>
#	G	D	E	R	K	N	Q	S	T	A	V	L	I	F	Y	W	H	M	C	P
0	0.01083	0.30059	0.19823	0.01210	0.03676	0.05278	0.20272	0.04899	0.01015	0.01312	0.00901	0.02591	0.02162	0.00486	0.01464	0.00134	0.00596	0.02225	0.00225	0.00589
1	0.03710	0.01060	0.01140	0.03529	0.01251	0.01171	0.00743	0.60011	0.03262	0.02462	0.01120	0.01213	0.00834	0.03360	0.00479	0.00139	0.00440	0.00406	0.12999	0.00669
2	0.00560	0.00436	0.00508	0.00517	0.00626	0.00385	0.00377	0.00697	0.01057	0.01375	0.29976	0.19559	0.40151	0.01098	0.00530	0.00152	0.00225	0.00951	0.00436	0.00385
3	0.01144	0.03876	0.07049	0.13310	0.17922	0.02729	0.12716	0.07356	0.07039	0.09789	0.02041	0.02951	0.01754	0.00497	0.00486	0.00140	0.03966	0.00442	0.04177	0.00616
4	0.00823	0.00412	0.00412	0.00412	0.00515	0.00412	0.00309	0.01029	0.00926	0.01647	0.01441	0.01647	0.01132	0.00515	0.00309	0.00103	0.00206	0.00412	0.86930	0.00412
5	0.03031	0.38720	0.03405	0.00731	0.01022	0.01142	0.00665	0.03420	0.01030	0.16346	0.09581	0.04955	0.07523	0.00588	0.00419	0.00122	0.03461	0.00448	0.02832	0.00559
6	0.06005	0.11995	0.32169	0.02941	0.02600	0.10977	0.01097	0.08605	0.05629	0.03191	0.05721	0.01093	0.00852	0.00489	0.00456	0.00133	0.04824	0.00358	0.00262	0.00603
7	0.00823	0.00412	0.00412	0.00412	0.00515	0.00412	0.00309	0.01029	0.00926	0.01647	0.01441	0.01647	0.01132	0.00515	0.00309	0.00103	0.00206	0.00412	0.86930	0.00412
8	0.28475	0.06429	0.12325	0.06956	0.11162	0.07773	0.04392	0.01385	0.04226	0.03473	0.00800	0.02347	0.00647	0.00469	0.00461	0.00139	0.07395	0.00342	0.00248	0.00558
9	0.00972	0.09154	0.03656	0.05333	0.21706	0.05076	0.05618	0.03035	0.05210	0.03811	0.16195	0.03646	0.10848	0.00641	0.00459	0.00137	0.00437	0.03187	0.00323	0.00555
10	0.02671	0.02463	0.00965	0.00802	0.01014	0.03427	0.00641	0.15797	0.10637	0.08297	0.01270	0.01560	0.02324	0.05716	0.18133	0.00271	0.06513	0.02566	0.05327	0.09608
11	0.00716	0.00502	0.00642	0.00624	0.00726	0.00514	0.00460	0.00935	0.07201	0.05343	0.19614	0.10686	0.10401	0.13816	0.25425	0.00358	0.00559	0.00696	0.00364	0.00417
12	0.00966	0.00966	0.01353	0.01160	0.01160	0.01353	0.00966	0.01063	0.00676	0.01063	0.00580	0.00966	0.00580	0.00773	0.01449	0.00193	0.83670	0.00387	0.00193	0.00483
13	0.00601	0.00429	0.00584	0.00687	0.00740	0.00413	0.00519	0.00723	0.00907	0.01198	0.02400	0.55590	0.02784	0.01325	0.00580	0.00188	0.00311	0.29237	0.00409	0.00376
14	0.00707	0.00514	0.00720	0.00709	0.00775	0.00563	0.01978	0.02347	0.00803	0.02957	0.03599	0.22795	0.01693	0.12591	0.29511	0.04312	0.07186	0.03777	0.02076	0.00387
15	0.00823	0.00412	0.00412	0.00412	0.00515	0.00412	0.00309	0.01029	0.00926	0.01647	0.01441	0.01647	0.01132	0.00515	0.00309	0.00103	0.00206	0.00412	0.86930	0.00412
16	0.00580	0.00414	0.00555	0.00645	0.00689	0.00393	0.00464	0.00688	0.00901	0.01202	0.07991	0.61027	0.02899	0.03753	0.00619	0.00188	0.00286	0.15925	0.00411	0.00369
17	0.01170	0.67391	0.03486	0.03933	0.01229	0.01616	0.00785	0.04104	0.10389	0.01203	0.00779	0.00853	0.00666	0.00412	0.00317	0.00105	0.00466	0.00280	0.00228	0.00587
18	0.00941	0.07391	0.01028	0.00668	0.01056	0.00692	0.00546	0.01158	0.02801	0.01417	0.00795	0.00917	0.00664	0.00337	0.00327	0.00070	0.00339	0.00265	0.00260	0.78328
19	0.00976	0.00821	0.00948	0.00683	0.01072	0.00650	0.00548	0.07336	0.01007	0.01545	0.00807	0.00927	0.00662	0.00343	0.00336	0.00071	0.00340	0.00272	0.00276	0.80382
20	0.00612	0.00502	0.00774	0.07051	0.00987	0.00485	0.08105	0.00741	0.00889	0.01167	0.02366	0.59507	0.10548	0.01183	0.00547	0.00172	0.00329	0.03264	0.00376	0.00394
21	0.00903	0.15742	0.25753	0.01067	0.07597	0.00982	0.02637	0.03457	0.07885	0.01324	0.01260	0.17250	0.01221	0.03619	0.05225	0.00184	0.00522	0.02541	0.00275	0.00556
22	0.01080	0.00919	0.01435	0.39086	0.29236	0.02328	0.01165	0.06266	0.03154	0.07716	0.00927	0.01186	0.00708	0.00509	0.02320	0.00152	0.00555	0.00400	0.00255	0.00602
23	0.01103	0.07649	0.01793	0.06759	0.68800	0.03582	0.01286	0.01353	0.00998	0.01384	0.00807	0.01058	0.00679	0.00397	0.00424	0.00129	0.00532	0.00378	0.00215	0.00672
24	0.01001	0.00788	0.00938	0.00680	0.01056	0.00617	0.00547	0.01192	0.00936	0.07765	0.00854	0.00964	0.00686	0.00358	0.00370	0.00075	0.02864	0.00280	0.00282	0.77747
25	0.04906	0.01209	0.01184	0.02744	0.09719	0.20793	0.01809	0.17251	0.07316	0.18014	0.02680	0.01319	0.03467	0.03070	0.00482	0.00139	0.00514	0.00411	0.00364	0.02608
26	0.00923	0.00868	0.01463	0.41971	0.36911	0.00962	0.01218	0.01186	0.00933	0.01264	0.00935	0.07669	0.00820	0.00495	0.00449	0.00143	0.00535	0.00461	0.00223	0.00571
27	0.70255	0.05278	0.07195	0.02403	0.01023	0.01051	0.00617	0.05238	0.00842	0.01910	0.00655	0.00761	0.00505	0.00416	0.00297	0.00135	0.00385	0.00257	0.00269	0.00510
28	0.00675	0.00506	0.00661	0.00749	0.09414	0.00487	0.00446	0.00789	0.00933	0.01280	0.30686	0.02955	0.09005	0.38096	0.01281	0.00268	0.00342	0.00696	0.00353	0.00378
29	0.17365	0.00770	0.00812	0.00674	0.00928	0.00779	0.00541	0.19743	0.01263	0.10867	0.12953	0.02047	0.18482	0.00670	0.00425	0.00132	0.00330	0.00533	0.03329	0.07358
30	0.00767	0.00384	0.00575	0.00575	0.00575	0.00384	0.00384	0.00575	0.00575	0.00767	0.00767	0.01343	0.00767	0.01534	0.01726	0.87150	0.00384	0.00384	0.00192	0.00192
31	0.01063	0.00873	0.00862	0.00754	0.00950	0.10227	0.00586	0.21084	0.02925	0.05542	0.10806	0.05930	0.22412	0.04356	0.07888	0.00202	0.02011	0.00626	0.00388	0.00514
32	0.00823	0.00412	0.00412	0.00412	0.00515	0.00412	0.00309	0.01029	0.00926	0.01647	0.01441	0.01647	0.01132	0.00515	0.00309	0.00103	0.00206	0.00412	0.86930	0.00412
33	0.01498	0.00854	0.02524	0.00816	0.01088	0.00830	0.02237	0.25387	0.01351	0.33781	0.01490	0.01701	0.03396	0.16368	0.04456	0.00216	0.00463	0.00482	0.00432	0.00629
34	0.02891	0.03599	0.04481	0.04984	0.11961	0.13483	0.00852	0.14558	0.09856	0.13271	0.05352	0.03208	0.01061	0.00534	0.00430	0.00130	0.00484	0.01971	0.00352	0.06542
35	0.00823	0.00412	0.00412	0.00412	0.00515	0.00412	0.00309	0.01029	0.00926	0.01647	0.01441	0.01647	0.01132	0.00515	0.00309	0.00103	0.00206	0.00412	0.86930	0.00412
36	0.01028	0.00823	0.00812	0.00740	0.00927	0.09904	0.00564	0.09912	0.14626	0.09252	0.12092	0.17489	0.18311	0.00860	0.00487	0.00147	0.00357	0.00725	0.00422	0.00524
