[name]
unknown

[dist]
# distance from previous block
# <min> <max>
1	625

[block]
# block no. 0 follows, 64 sequences, length 13
# corresponding to MSA columns:
# 635-647
name=unknown_A
#
# <colnr> <probs for GDERKNQSTAVLIFYWHMCP>
#	G	D	E	R	K	N	Q	S	T	A	V	L	I	F	Y	W	H	M	C	P
0	0.00929	0.01470	0.37830	0.01109	0.01523	0.06067	0.15482	0.04176	0.02655	0.05201	0.08004	0.03612	0.06949	0.00525	0.00446	0.00134	0.01574	0.01499	0.00261	0.00555
1	0.03779	0.03326	0.00956	0.00726	0.03741	0.03137	0.00559	0.06042	0.05156	0.01446	0.00792	0.00896	0.00646	0.00342	0.00323	0.00076	0.00342	0.00269	0.00262	0.67185
2	0.08784	0.00897	0.06427	0.00952	0.03925	0.00812	0.11234	0.09263	0.09593	0.30044	0.10505	0.01508	0.01236	0.00526	0.00424	0.00133	0.00408	0.02328	0.00392	0.00609
3	0.04337	0.01002	0.01170	0.02137	0.13400	0.08582	0.04236	0.24395	0.01258	0.09242	0.03767	0.03595	0.02338	0.00469	0.00394	0.00113	0.00437	0.00387	0.00322	0.18418
4	0.06296	0.00877	0.01068	0.30053	0.01702	0.04903	0.00808	0.15107	0.07610	0.09184	0.01014	0.01138	0.02685	0.00447	0.00388	0.00120	0.00445	0.00360	0.00296	0.15500
5	0.00562	0.00456	0.00508	0.00576	0.00626	0.04677	0.00392	0.00638	0.00831	0.01058	0.02459	0.65580	0.14656	0.04188	0.00572	0.00169	0.00268	0.01067	0.00372	0.00344
6	0.01315	0.02576	0.01170	0.02908	0.10696	0.28485	0.00787	0.24359	0.06170	0.03225	0.04953	0.01207	0.05086	0.00497	0.00402	0.00117	0.00518	0.00380	0.00310	0.04838
7	0.00544	0.00418	0.00583	0.00625	0.00690	0.00388	0.04267	0.00643	0.00834	0.01090	0.02452	0.59979	0.13822	0.03812	0.00576	0.00173	0.00276	0.08105	0.00373	0.00351
8	0.01169	0.12404	0.02878	0.03733	0.04694	0.03806	0.05912	0.20018	0.03538	0.08766	0.02829	0.03261	0.02233	0.00450	0.00377	0.00107	0.00422	0.00368	0.00307	0.22727
9	0.01141	0.02677	0.04854	0.00765	0.01008	0.07169	0.00625	0.26112	0.06632	0.09176	0.03844	0.06895	0.10506	0.10992	0.00629	0.00159	0.00404	0.00510	0.00359	0.05543
10	0.05036	0.02115	0.02912	0.00806	0.04766	0.04629	0.06223	0.04030	0.03457	0.08628	0.02837	0.28085	0.10554	0.07989	0.02568	0.00175	0.00380	0.00704	0.00336	0.03769
11	0.04252	0.02825	0.02943	0.04743	0.02197	0.10725	0.03928	0.30845	0.07698	0.09464	0.01090	0.03281	0.02614	0.00500	0.00431	0.00123	0.03153	0.00388	0.00341	0.08457
12	0.07309	0.01192	0.04962	0.02461	0.01179	0.22765	0.04048	0.15005	0.12309	0.04034	0.03290	0.08156	0.02575	0.02611	0.00444	0.00131	0.00482	0.00436	0.00314	0.06296

[dist]
# distance from previous block
# <min> <max>
3	56

[block]
# block no. 1 follows, 64 sequences, length 8
# corresponding to MSA columns:
# 704-711
name=unknown_B
#
# <colnr> <probs for GDERKNQSTAVLIFYWHMCP>
#	G	D	E	R	K	N	Q	S	T	A	V	L	I	F	Y	W	H	M	C	P
0	0.00626	0.02752	0.00616	0.02677	0.00674	0.02954	0.02951	0.00691	0.00757	0.00976	0.04378	0.23670	0.10839	0.40576	0.01252	0.00269	0.00358	0.02359	0.00304	0.00321
1	0.01238	0.01077	0.04285	0.01105	0.09503	0.06281	0.05742	0.32095	0.07739	0.05083	0.06023	0.01171	0.00924	0.00535	0.01949	0.00133	0.04925	0.00392	0.00334	0.09467
2	0.04778	0.00914	0.03450	0.00842	0.04816	0.17223	0.00623	0.06558	0.05595	0.01282	0.04235	0.26326	0.09154	0.03196	0.00538	0.00151	0.03748	0.05799	0.00325	0.00447
3	0.00874	0.00639	0.00778	0.00692	0.03753	0.00561	0.00500	0.07753	0.00938	0.07194	0.01369	0.20562	0.03254	0.11144	0.00614	0.00146	0.00326	0.02452	0.00317	0.36134
4	0.01251	0.12238	0.03827	0.04715	0.10259	0.19215	0.03809	0.20945	0.03353	0.03861	0.03367	0.01087	0.02122	0.02713	0.00432	0.00122	0.00513	0.00355	0.00282	0.05534
5	0.02586	0.02702	0.00723	0.00663	0.00786	0.06994	0.03657	0.06917	0.02546	0.02933	0.03750	0.38941	0.17311	0.06802	0.00592	0.00165	0.00330	0.00842	0.00355	0.00404
6	0.03126	0.04112	0.02286	0.00788	0.07152	0.00626	0.01834	0.09201	0.00943	0.04814	0.01887	0.32927	0.12059	0.11223	0.00681	0.00175	0.01993	0.00755	0.00337	0.03079
7	0.05918	0.03174	0.09221	0.06085	0.20788	0.16487	0.03930	0.10385	0.07263	0.05074	0.03376	0.03262	0.00822	0.00459	0.00400	0.00124	0.00512	0.00379	0.00272	0.02070

[dist]
# distance from previous block
# <min> <max>
2	40

[block]
# block no. 2 follows, 64 sequences, length 28
# corresponding to MSA columns:
# 752-779
name=unknown_C
#
# <colnr> <probs for GDERKNQSTAVLIFYWHMCP>
#	G	D	E	R	K	N	Q	S	T	A	V	L	I	F	Y	W	H	M	C	P
0	0.06663	0.11688	0.15749	0.00964	0.04093	0.13035	0.06974	0.01342	0.09396	0.05755	0.02988	0.08144	0.06361	0.01771	0.00443	0.00132	0.02298	0.00450	0.01229	0.00525
1	0.07851	0.18525	0.16499	0.01019	0.06789	0.07342	0.06232	0.08062	0.03474	0.03897	0.07226	0.02225	0.00931	0.00466	0.00391	0.00119	0.01798	0.02122	0.00260	0.04771
2	0.04263	0.05848	0.11214	0.01163	0.15407	0.11859	0.02575	0.08638	0.08550	0.09961	0.02683	0.02534	0.05175	0.04312	0.00494	0.00137	0.02019	0.00406	0.00294	0.02465
3	0.04761	0.08597	0.18300	0.02918	0.04722	0.07512	0.03385	0.17629	0.05626	0.05626	0.09372	0.05601	0.01104	0.00520	0.00402	0.00125	0.00464	0.00421	0.00306	0.02609
4	0.02645	0.11865	0.10870	0.02911	0.06128	0.25396	0.06919	0.09860	0.11488	0.06662	0.00905	0.00975	0.00691	0.00435	0.00387	0.00120	0.00557	0.00337	0.00271	0.00579
5	0.04521	0.08066	0.13383	0.00742	0.02133	0.02544	0.01866	0.04032	0.02785	0.01234	0.03692	0.35975	0.11788	0.00941	0.02860	0.00158	0.00373	0.00749	0.00318	0.01841
6	0.03872	0.12288	0.01316	0.00955	0.01168	0.15254	0.08056	0.13047	0.05833	0.01353	0.02454	0.01100	0.01706	0.00902	0.13265	0.00211	0.14751	0.00367	0.00255	0.01846
7	0.05222	0.20410	0.12258	0.02912	0.17203	0.05254	0.10329	0.06777	0.05180	0.05800	0.00869	0.03402	0.00706	0.00430	0.00393	0.00122	0.01542	0.00362	0.00245	0.00584
8	0.00850	0.00755	0.01252	0.21378	0.31810	0.00789	0.05192	0.02534	0.00936	0.02779	0.07791	0.16298	0.01348	0.00621	0.00451	0.00139	0.00442	0.03849	0.00270	0.00518
9	0.01039	0.00563	0.00742	0.00714	0.00887	0.00533	0.00602	0.04478	0.01054	0.25177	0.02138	0.03378	0.09708	0.02776	0.00540	0.00167	0.00355	0.41719	0.02946	0.00485
10	0.01040	0.11498	0.20010	0.04238	0.08702	0.05635	0.09844	0.09079	0.05277	0.06011	0.02135	0.05470	0.00869	0.05123	0.03141	0.00159	0.00532	0.00416	0.00261	0.00561
11	0.00990	0.02856	0.11974	0.05903	0.35419	0.02268	0.10826	0.01272	0.02815	0.05531	0.02491	0.03956	0.00848	0.00484	0.00506	0.00136	0.07508	0.03394	0.00237	0.00585
12	0.00606	0.00463	0.00681	0.04972	0.00825	0.00537	0.00529	0.00741	0.00679	0.00963	0.01182	0.07850	0.01168	0.10038	0.63894	0.00567	0.03200	0.00507	0.00234	0.00365
13	0.01550	0.00667	0.00873	0.00695	0.00969	0.00595	0.00564	0.05314	0.02418	0.60482	0.09661	0.03762	0.09310	0.00617	0.00434	0.00131	0.00326	0.00511	0.00487	0.00632
14	0.01238	0.10128	0.05884	0.08711	0.16003	0.11992	0.07244	0.19596	0.04931	0.06676	0.00923	0.01098	0.00718	0.00448	0.00403	0.00124	0.00522	0.02478	0.00282	0.00601
15	0.00775	0.00599	0.00844	0.07858	0.04547	0.01775	0.06189	0.04812	0.04288	0.06391	0.05798	0.33712	0.11668	0.00924	0.00491	0.00152	0.00346	0.08028	0.00360	0.00442
16	0.01490	0.01142	0.01240	0.01050	0.06847	0.03634	0.00803	0.67863	0.05437	0.02396	0.01012	0.01063	0.00745	0.02771	0.00460	0.00132	0.00461	0.00381	0.00391	0.00682
17	0.00519	0.00393	0.00483	0.00543	0.00613	0.00356	0.00389	0.00618	0.00874	0.01123	0.06500	0.49077	0.27694	0.01190	0.00520	0.00160	0.00242	0.07970	0.00389	0.00348
18	0.02538	0.21510	0.13841	0.04479	0.20054	0.10839	0.06781	0.08869	0.01030	0.01335	0.02624	0.02799	0.00710	0.00421	0.00378	0.00118	0.00528	0.00346	0.00225	0.00574
19	0.02686	0.00750	0.06535	0.03170	0.08388	0.04764	0.02762	0.05137	0.04284	0.04296	0.03525	0.36917	0.04937	0.07686	0.00603	0.00169	0.00370	0.02242	0.00332	0.00447
20	0.00572	0.02371	0.04356	0.00582	0.00673	0.00411	0.00441	0.00679	0.00854	0.02974	0.06296	0.55154	0.17559	0.02913	0.00540	0.00162	0.00263	0.02458	0.00375	0.00367
21	0.05248	0.13904	0.11240	0.06226	0.10996	0.16983	0.04816	0.06412	0.03390	0.04486	0.04438	0.01002	0.00758	0.00427	0.00390	0.00116	0.01851	0.00333	0.00246	0.06738
22	0.02896	0.05556	0.02395	0.05471	0.16745	0.02428	0.03332	0.18545	0.04667	0.05890	0.01393	0.13511	0.07895	0.00618	0.00453	0.00131	0.03050	0.00523	0.00318	0.04183
23	0.07773	0.10861	0.07353	0.04124	0.07753	0.03053	0.07419	0.14246	0.07517	0.07528	0.02274	0.10140	0.00961	0.00536	0.00429	0.00128	0.03110	0.00445	0.00302	0.04048
24	0.08398	0.08300	0.09966	0.01898	0.08343	0.12607	0.01683	0.14118	0.08945	0.07429	0.04634	0.02695	0.00881	0.00526	0.01960	0.00132	0.02302	0.00368	0.00298	0.04516
25	0.11246	0.06825	0.01089	0.00908	0.06328	0.05304	0.06150	0.11886	0.15502	0.06164	0.04195	0.07823	0.06608	0.03826	0.00468	0.00138	0.00395	0.00480	0.00332	0.04334
26	0.03017	0.14334	0.09332	0.03133	0.06222	0.04780	0.01681	0.16766	0.07585	0.04743	0.01070	0.11207	0.00951	0.01910	0.01614	0.00134	0.02266	0.00436	0.00295	0.08524
27	0.03581	0.08824	0.02191	0.01737	0.07353	0.07356	0.04859	0.10626	0.09532	0.05123	0.10274	0.09376	0.01281	0.00668	0.02910	0.00145	0.08232	0.00479	0.00312	0.05138

[dist]
# distance from previous block
# <min> <max>
2	43

[block]
# block no. 3 follows, 64 sequences, length 8
# corresponding to MSA columns:
# 825-832
name=unknown_D
#
# <colnr> <probs for GDERKNQSTAVLIFYWHMCP>
#	G	D	E	R	K	N	Q	S	T	A	V	L	I	F	Y	W	H	M	C	P
0	0.01133	0.08677	0.07337	0.06026	0.02809	0.07895	0.03855	0.17903	0.06177	0.08400	0.03699	0.06585	0.03042	0.02866	0.00453	0.00130	0.00445	0.02968	0.00318	0.09283
1	0.10565	0.11472	0.17620	0.00952	0.02567	0.11957	0.06963	0.08478	0.06631	0.01437	0.05211	0.03336	0.05408	0.00510	0.00407	0.00125	0.02107	0.01765	0.00268	0.02220
2	0.01093	0.07862	0.05954	0.02957	0.04364	0.06351	0.00729	0.16190	0.13765	0.07530	0.05010	0.09419	0.05764	0.02752	0.00528	0.00139	0.06494	0.00494	0.00336	0.02268
3	0.04653	0.08647	0.01244	0.08460	0.06051	0.01031	0.05961	0.15574	0.22325	0.09870	0.07913	0.01332	0.01099	0.00512	0.00442	0.00131	0.03386	0.00421	0.00348	0.00598
4	0.05981	0.17724	0.04992	0.04780	0.03473	0.14363	0.02772	0.13594	0.09264	0.05815	0.00948	0.01073	0.02423	0.03476	0.00513	0.00133	0.07500	0.00348	0.00276	0.00553
5	0.02774	0.09000	0.05237	0.03251	0.06840	0.06208	0.05622	0.11860	0.17338	0.09336	0.03149	0.08622	0.02209	0.00639	0.02662	0.00147	0.02543	0.01661	0.00330	0.00573
6	0.00997	0.03192	0.00796	0.00679	0.00859	0.04624	0.00530	0.11270	0.07826	0.14764	0.21166	0.16126	0.10687	0.00801	0.00461	0.00138	0.00316	0.03851	0.00416	0.00499
7	0.00556	0.00420	0.00582	0.00736	0.07699	0.00398	0.00453	0.00641	0.00804	0.01075	0.02179	0.70334	0.05546	0.05737	0.00604	0.00176	0.00270	0.01068	0.00363	0.00361

[dist]
# distance from previous block
# <min> <max>
0	2

[block]
# block no. 4 follows, 64 sequences, length 11
# corresponding to MSA columns:
# 835-845
name=unknown_E
#
# <colnr> <probs for GDERKNQSTAVLIFYWHMCP>
#	G	D	E	R	K	N	Q	S	T	A	V	L	I	F	Y	W	H	M	C	P
0	0.07329	0.00933	0.00963	0.00789	0.01041	0.05150	0.00634	0.40189	0.06607	0.06795	0.15524	0.03633	0.07389	0.00613	0.00424	0.00129	0.00379	0.00489	0.00405	0.00584
1	0.02726	0.11142	0.04263	0.03578	0.31640	0.12166	0.02885	0.08537	0.08418	0.03391	0.02342	0.04149	0.00818	0.00452	0.00394	0.00121	0.00491	0.00382	0.00261	0.01845
2	0.00969	0.00914	0.01399	0.35384	0.37238	0.04562	0.01129	0.07014	0.00976	0.01301	0.00842	0.04875	0.00709	0.00443	0.00417	0.00131	0.00515	0.00402	0.00221	0.00560
3	0.00520	0.00376	0.00469	0.00536	0.00573	0.00350	0.00354	0.00585	0.00785	0.01028	0.02396	0.60542	0.13614	0.14891	0.00781	0.00203	0.00263	0.01045	0.00364	0.00325
4	0.06120	0.01084	0.01055	0.00854	0.01130	0.12496	0.00687	0.41363	0.04313	0.13068	0.10762	0.01332	0.02797	0.00540	0.00412	0.00125	0.00436	0.00415	0.00397	0.00615
5	0.00965	0.04135	0.01442	0.39170	0.25411	0.05954	0.03501	0.04809	0.00923	0.01213	0.00737	0.01024	0.00590	0.00430	0.00492	0.00134	0.07971	0.00361	0.00203	0.00535
6	0.00635	0.00436	0.00529	0.00509	0.00629	0.00387	0.00380	0.00782	0.01054	0.07135	0.40503	0.12764	0.30822	0.00948	0.00490	0.00138	0.00217	0.00821	0.00428	0.00393
7	0.00518	0.00380	0.00481	0.00547	0.00597	0.00350	0.00375	0.00605	0.00845	0.01111	0.08813	0.60217	0.15720	0.04847	0.00590	0.00172	0.00243	0.02864	0.00385	0.00341
8	0.03458	0.14965	0.06600	0.00989	0.01255	0.58168	0.00815	0.04862	0.01121	0.01119	0.00738	0.00831	0.02518	0.00432	0.00361	0.00108	0.00657	0.00281	0.00219	0.00504
9	0.06454	0.20297	0.06384	0.00846	0.01147	0.15825	0.03402	0.10816	0.06371	0.10962	0.06700	0.01125	0.00925	0.02537	0.00409	0.00120	0.00469	0.00349	0.00298	0.04563
10	0.01182	0.00926	0.01060	0.00862	0.01112	0.02696	0.02326	0.40885	0.06509	0.01904	0.02711	0.01331	0.00919	0.02626	0.15081	0.00225	0.04425	0.03250	0.00342	0.09627

[dist]
# distance from previous block
# <min> <max>
5	13

[block]
# block no. 5 follows, 64 sequences, length 8
# corresponding to MSA columns:
# 862-869
name=unknown_F
#
# <colnr> <probs for GDERKNQSTAVLIFYWHMCP>
#	G	D	E	R	K	N	Q	S	T	A	V	L	I	F	Y	W	H	M	C	P
0	0.00646	0.00505	0.00598	0.00625	0.00725	0.00513	0.00460	0.00986	0.18773	0.01283	0.09428	0.37816	0.13923	0.03248	0.00543	0.00163	0.00270	0.08680	0.00396	0.00417
1	0.00827	0.00737	0.03161	0.41759	0.17904	0.00788	0.00950	0.01039	0.00844	0.04801	0.01141	0.05490	0.05549	0.12515	0.00664	0.00174	0.00478	0.00471	0.00234	0.00473
2	0.01125	0.10022	0.22003	0.06705	0.15844	0.19850	0.04673	0.07176	0.04014	0.01306	0.00763	0.00913	0.00599	0.00416	0.00415	0.00122	0.02935	0.00325	0.00218	0.00575
3	0.08089	0.05643	0.00907	0.00707	0.00942	0.02594	0.00574	0.22205	0.05086	0.15499	0.05466	0.08216	0.14951	0.00685	0.00423	0.00133	0.00348	0.04232	0.02757	0.00543
4	0.00553	0.00389	0.00478	0.00529	0.00557	0.00372	0.00346	0.00607	0.00743	0.00978	0.02057	0.41815	0.08591	0.33803	0.01142	0.00258	0.00310	0.05829	0.00334	0.00308
5	0.03396	0.02149	0.03329	0.01016	0.11248	0.04418	0.05230	0.17857	0.09639	0.03121	0.05089	0.10359	0.16638	0.00698	0.00447	0.00137	0.00391	0.03957	0.00349	0.00534
6	0.00960	0.10102	0.01003	0.05683	0.05711	0.15801	0.00631	0.08564	0.03671	0.02678	0.05299	0.10990	0.19202	0.04691	0.01848	0.00150	0.01674	0.00569	0.00307	0.00465
7	0.00607	0.00602	0.07364	0.09967	0.07474	0.00507	0.00630	0.00755	0.00839	0.01131	0.05027	0.55512	0.05923	0.01028	0.00494	0.00156	0.00322	0.00926	0.00335	0.00402

[dist]
# distance from previous block
# <min> <max>
1	42

[block]
# block no. 6 follows, 64 sequences, length 68
# corresponding to MSA columns:
# 914-981
name=unknown_G
#
# <colnr> <probs for GDERKNQSTAVLIFYWHMCP>
#	G	D	E	R	K	N	Q	S	T	A	V	L	I	F	Y	W	H	M	C	P
0	0.01204	0.33914	0.09556	0.00995	0.04605	0.25814	0.03846	0.06508	0.01015	0.01162	0.00692	0.00826	0.00584	0.00534	0.04443	0.00134	0.02168	0.00285	0.01183	0.00532
1	0.01610	0.02861	0.11954	0.01755	0.05255	0.04193	0.00687	0.08861	0.00987	0.02180	0.08638	0.05830	0.17574	0.03795	0.15087	0.01549	0.01343	0.04057	0.01329	0.00457
2	0.01184	0.23710	0.10202	0.01193	0.13543	0.09155	0.07275	0.12545	0.02849	0.06742	0.03101	0.01019	0.00747	0.02220	0.00439	0.00123	0.02768	0.00345	0.00258	0.00584
3	0.01121	0.04509	0.09730	0.03118	0.16323	0.09182	0.06537	0.10065	0.10418	0.08625	0.04437	0.04878	0.04310	0.00530	0.00463	0.00131	0.04298	0.00442	0.00301	0.00583
4	0.00519	0.00377	0.00492	0.00573	0.00615	0.00350	0.00397	0.00608	0.00839	0.01111	0.07034	0.68958	0.09379	0.01246	0.00527	0.00166	0.00244	0.05829	0.00390	0.00344
5	0.00698	0.01832	0.00624	0.00584	0.00715	0.00514	0.00440	0.01015	0.14915	0.05280	0.29510	0.18483	0.20354	0.00913	0.00481	0.00142	0.00246	0.02400	0.00419	0.00435
6	0.02406	0.27939	0.15333	0.13449	0.02842	0.08584	0.04163	0.08073	0.05489	0.06822	0.00818	0.00926	0.00628	0.00412	0.00362	0.00117	0.00514	0.00315	0.00241	0.00566
7	0.01042	0.00790	0.00943	0.00782	0.04368	0.00730	0.00594	0.13842	0.08591	0.07927	0.00990	0.01112	0.00786	0.02174	0.09385	0.00158	0.00433	0.00333	0.00306	0.44715
8	0.34326	0.22051	0.08777	0.00826	0.04302	0.05637	0.00725	0.13507	0.03823	0.01639	0.00708	0.00789	0.00558	0.00404	0.00314	0.00117	0.00429	0.00271	0.00255	0.00542
9	0.00665	0.00659	0.09574	0.00681	0.00828	0.00529	0.04529	0.01877	0.00844	0.02374	0.14121	0.04833	0.09883	0.24165	0.16604	0.00312	0.00517	0.06319	0.00300	0.00385
10	0.02588	0.00551	0.04597	0.00623	0.00748	0.00496	0.00503	0.00877	0.07617	0.01344	0.27264	0.18090	0.11617	0.01263	0.12891	0.00225	0.00392	0.07533	0.00373	0.00407
11	0.76591	0.00940	0.00689	0.00614	0.00868	0.09877	0.00497	0.03468	0.00792	0.01793	0.00597	0.00692	0.00466	0.00393	0.00274	0.00126	0.00371	0.00234	0.00257	0.00460
12	0.01312	0.01052	0.01169	0.01125	0.13312	0.06470	0.00788	0.40533	0.13997	0.04948	0.04734	0.02212	0.03377	0.02503	0.00460	0.00134	0.00436	0.00428	0.00373	0.00638
13	0.00554	0.00433	0.00513	0.00571	0.00642	0.02293	0.00414	0.00659	0.00891	0.01146	0.09303	0.47113	0.21816	0.01165	0.00519	0.00160	0.00259	0.10806	0.00387	0.00354
14	0.01620	0.00979	0.02953	0.00877	0.01192	0.04572	0.02767	0.30643	0.05709	0.39478	0.01315	0.02460	0.00898	0.00516	0.00435	0.00129	0.01934	0.00408	0.00437	0.00678
15	0.00867	0.00872	0.01238	0.75411	0.02691	0.09859	0.01116	0.01126	0.00868	0.01056	0.00728	0.01069	0.00552	0.00417	0.00411	0.00135	0.00575	0.00358	0.00188	0.00464
16	0.00992	0.04435	0.01623	0.19195	0.59373	0.02844	0.03090	0.01240	0.00924	0.01273	0.00762	0.01025	0.00628	0.00380	0.00407	0.00125	0.00514	0.00364	0.00200	0.00606
17	0.01192	0.01064	0.01198	0.05327	0.21332	0.14043	0.02030	0.21257	0.08167	0.04488	0.01080	0.04577	0.01902	0.09793	0.00601	0.00156	0.00488	0.00431	0.00302	0.00572
18	0.00519	0.00376	0.00482	0.00558	0.00597	0.00350	0.00379	0.00597	0.00812	0.01068	0.04067	0.65934	0.11292	0.07226	0.00639	0.00182	0.00253	0.03956	0.00377	0.00335
19	0.00856	0.03830	0.04218	0.57523	0.15521	0.00972	0.08961	0.01137	0.00866	0.01140	0.00750	0.01073	0.00576	0.00399	0.00416	0.00134	0.00556	0.00374	0.00190	0.00510
20	0.31102	0.00966	0.00884	0.00738	0.01001	0.06874	0.00595	0.31778	0.03713	0.01961	0.01242	0.04658	0.09547	0.00545	0.00369	0.00127	0.00388	0.00402	0.00338	0.02772
21	0.01000	0.24958	0.28563	0.06230	0.13617	0.06193	0.04237	0.02466	0.00915	0.02731	0.00798	0.05041	0.00676	0.00430	0.00373	0.00119	0.00531	0.00348	0.00205	0.00568
22	0.00687	0.00527	0.00577	0.00570	0.00686	0.03849	0.00418	0.06262	0.01027	0.04535	0.18166	0.31048	0.28059	0.01013	0.00491	0.00145	0.00263	0.00879	0.00399	0.00398
23	0.00904	0.02055	0.71061	0.01268	0.07305	0.07625	0.01458	0.01340	0.00906	0.01294	0.00740	0.00877	0.00536	0.00396	0.00394	0.00129	0.00617	0.00308	0.00181	0.00606
24	0.02414	0.01196	0.03076	0.07240	0.14833	0.19488	0.03825	0.19097	0.04993	0.06756	0.02723	0.01130	0.02194	0.02132	0.00515	0.00133	0.07009	0.00378	0.00290	0.00576
25	0.00986	0.24712	0.30168	0.00963	0.01360	0.02918	0.05657	0.06824	0.09794	0.02363	0.00994	0.09670	0.00865	0.00503	0.00383	0.00124	0.00491	0.00408	0.00248	0.00569
26	0.00584	0.00474	0.00704	0.00702	0.00773	0.00470	0.06940	0.00696	0.00842	0.01131	0.07414	0.57666	0.08039	0.01131	0.00581	0.00164	0.06061	0.04894	0.00362	0.00370
27	0.00517	0.00398	0.00474	0.00522	0.00598	0.00360	0.00366	0.00632	0.02455	0.01140	0.08857	0.47666	0.32192	0.01162	0.00511	0.00155	0.00228	0.01024	0.00392	0.00352
28	0.00992	0.05230	0.10445	0.15366	0.47303	0.05082	0.05294	0.01259	0.00921	0.01260	0.00752	0.00995	0.00611	0.00389	0.00426	0.00126	0.02397	0.00357	0.00198	0.00597
29	0.01217	0.09860	0.20849	0.01149	0.04814	0.13989	0.11849	0.18828	0.04642	0.05711	0.00940	0.01023	0.02375	0.00439	0.00401	0.00123	0.00557	0.00359	0.00272	0.00601
30	0.00917	0.00946	0.01380	0.01138	0.01266	0.07408	0.18063	0.02107	0.00811	0.01115	0.00979	0.04814	0.04042	0.00804	0.05046	0.00189	0.42388	0.05897	0.00226	0.00464
31	0.03049	0.00894	0.06295	0.00758	0.00956	0.09651	0.01591	0.14357	0.07501	0.09753	0.03391	0.21440	0.06757	0.10916	0.00645	0.00170	0.00399	0.00628	0.00354	0.00492
32	0.01140	0.03730	0.02667	0.02580	0.05125	0.18226	0.09693	0.08060	0.19499	0.07038	0.03056	0.09097	0.02821	0.00671	0.03631	0.00152	0.00508	0.01430	0.00323	0.00553
33	0.00727	0.00556	0.00721	0.00636	0.00769	0.00544	0.06113	0.06698	0.06044	0.03030	0.23758	0.04348	0.18517	0.22140	0.00892	0.00205	0.00324	0.03209	0.00366	0.00405
34	0.00505	0.00372	0.00473	0.00551	0.00596	0.00341	0.00374	0.00585	0.00827	0.01081	0.03950	0.70147	0.16176	0.01252	0.00523	0.00163	0.00235	0.01123	0.00387	0.00341
35	0.04511	0.03253	0.25732	0.05632	0.26751	0.07262	0.03194	0.05330	0.05376	0.06324	0.02229	0.01031	0.00705	0.00417	0.00399	0.00127	0.00525	0.00352	0.00243	0.00609
36	0.01048	0.15185	0.27109	0.02699	0.07231	0.08709	0.08916	0.08960	0.02816	0.02625	0.00945	0.01141	0.03524	0.00452	0.00408	0.00123	0.01884	0.03018	0.00235	0.02971
37	0.00601	0.00435	0.00559	0.00560	0.00615	0.00460	0.00394	0.02162	0.00708	0.00960	0.01600	0.06905	0.10227	0.34217	0.36357	0.00466	0.00674	0.01506	0.00266	0.00328
38	0.02892	0.00975	0.01747	0.10096	0.14625	0.00986	0.34797	0.06445	0.06840	0.10995	0.00975	0.01154	0.00724	0.00458	0.01730	0.00144	0.03124	0.00432	0.00271	0.00590
39	0.00938	0.00794	0.01048	0.02933	0.18670	0.00691	0.00688	0.03655	0.04246	0.03582	0.00871	0.03264	0.00738	0.01901	0.00382	0.00093	0.00360	0.00325	0.00260	0.54562
40	0.00558	0.00444	0.00509	0.00506	0.00631	0.00394	0.00380	0.00719	0.03325	0.01277	0.22227	0.14695	0.42671	0.00997	0.00491	0.00141	0.00228	0.05226	0.00398	0.04182
41	0.00852	0.04133	0.00733	0.03328	0.00831	0.09473	0.00493	0.01011	0.01086	0.11176	0.35824	0.04331	0.20713	0.00794	0.00461	0.00131	0.00307	0.03488	0.00397	0.00437
42	0.02596	0.11459	0.03505	0.38455	0.21191	0.02959	0.01047	0.05064	0.02206	0.02981	0.04128	0.01101	0.00739	0.00423	0.00395	0.00126	0.00501	0.00363	0.00223	0.00538
43	0.02916	0.00941	0.01372	0.28337	0.14653	0.07216	0.13231	0.05238	0.09166	0.01323	0.02505	0.01361	0.07318	0.00482	0.00446	0.00134	0.02146	0.00434	0.00252	0.00530
44	0.00545	0.00397	0.00463	0.00507	0.00589	0.00361	0.00366	0.00654	0.00879	0.01163	0.05481	0.35786	0.32446	0.02924	0.00526	0.00156	0.00236	0.06361	0.09808	0.00351
45	0.03835	0.01068	0.08525	0.08513	0.45009	0.06099	0.03004	0.04387	0.00975	0.01355	0.00947	0.01459	0.00845	0.00488	0.00438	0.00134	0.01576	0.10525	0.00234	0.00582
46	0.00999	0.10024	0.01265	0.28612	0.04660	0.07658	0.04416	0.09526	0.02279	0.04950	0.06714	0.04244	0.04119	0.00625	0.03609	0.00151	0.04946	0.00432	0.00266	0.00505
47	0.00691	0.00506	0.00604	0.00602	0.00701	0.00500	0.00438	0.12661	0.01025	0.01360	0.12437	0.38755	0.14836	0.06229	0.01953	0.02141	0.00294	0.03487	0.00384	0.00395
48	0.08128	0.02986	0.17623	0.04605	0.12049	0.00970	0.02964	0.22029	0.04463	0.04831	0.07005	0.01326	0.04288	0.03462	0.00475	0.00139	0.01359	0.00409	0.00304	0.00585
49	0.04883	0.14303	0.18155	0.01048	0.06085	0.07962	0.06329	0.14240	0.07279	0.05481	0.01780	0.00970	0.00695	0.00419	0.00374	0.00116	0.00492	0.00331	0.00270	0.08788
50	0.01089	0.10285	0.02902	0.10861	0.21441	0.05457	0.02690	0.15115	0.03313	0.01490	0.00799	0.00952	0.00638	0.00390	0.00372	0.00107	0.00461	0.00324	0.00252	0.21063
51	0.00558	0.00408	0.00530	0.00570	0.00643	0.00379	0.00423	0.00697	0.00972	0.01313	0.31548	0.35225	0.11215	0.01089	0.00518	0.00155	0.00243	0.12736	0.00411	0.00365
52	0.01093	0.14506	0.20872	0.02303	0.22005	0.09178	0.07127	0.03272	0.09242	0.05236	0.00870	0.00988	0.00673	0.00408	0.00389	0.00122	0.00531	0.00344	0.00237	0.00605
53	0.01191	0.05944	0.02697	0.09953	0.16051	0.16543	0.06100	0.06052	0.05143	0.09859	0.00878	0.01004	0.00676	0.00417	0.00413	0.00115	0.02769	0.00341	0.00264	0.13592
54	0.00535	0.00407	0.00489	0.00536	0.00608	0.00379	0.00379	0.00649	0.02741	0.01089	0.03698	0.41272	0.28804	0.07972	0.03924	0.00198	0.00288	0.05316	0.00370	0.00347
55	0.01155	0.06282	0.04521	0.06237	0.12882	0.32176	0.14071	0.02175	0.04230	0.01177	0.00947	0.06473	0.02995	0.00487	0.00433	0.00125	0.02470	0.00410	0.00232	0.00522
56	0.02150	0.17034	0.23636	0.01999	0.09434	0.07024	0.05647	0.06859	0.06036	0.04819	0.02315	0.03905	0.02491	0.00475	0.00433	0.00125	0.04419	0.00376	0.00248	0.00574
57	0.02339	0.02905	0.04487	0.00667	0.00805	0.00533	0.03197	0.00950	0.08357	0.06474	0.06742	0.40360	0.10655	0.02253	0.00507	0.00156	0.00299	0.05150	0.02739	0.00425
58	0.17955	0.01020	0.00966	0.02808	0.04524	0.14475	0.00677	0.25468	0.02231	0.02724	0.07518	0.01355	0.01024	0.02039	0.09371	0.00189	0.00525	0.04284	0.00318	0.00528
59	0.02131	0.13912	0.16420	0.03155	0.08574	0.14578	0.06875	0.05984	0.07798	0.04245	0.06129	0.01261	0.04116	0.00483	0.00407	0.00123	0.01417	0.01572	0.00264	0.00557
60	0.10810	0.04905	0.18833	0.03054	0.06508	0.05930	0.09499	0.11675	0.09150	0.08956	0.01717	0.01063	0.00732	0.01461	0.01472	0.00139	0.02861	0.00363	0.00283	0.00589
61	0.00635	0.00512	0.00552	0.00554	0.00670	0.02272	0.00403	0.00889	0.12497	0.02449	0.10988	0.22539	0.34641	0.06955	0.00602	0.00164	0.00262	0.01633	0.00387	0.00397
62	0.02932	0.03315	0.05644	0.00953	0.07722	0.18411	0.02741	0.06640	0.09044	0.01331	0.06083	0.20641	0.04931	0.02040	0.02301	0.00150	0.00452	0.01825	0.02358	0.00485
63	0.05084	0.16792	0.30099	0.01161	0.10150	0.08151	0.02719	0.11967	0.03719	0.02746	0.00779	0.00887	0.00599	0.00413	0.00388	0.00120	0.02104	0.00311	0.00233	0.01578
64	0.02607	0.05613	0.07045	0.10993	0.19185	0.06732	0.02681	0.07132	0.03487	0.04376	0.01070	0.08393	0.02214	0.00917	0.12847	0.00211	0.02408	0.01302	0.00257	0.00529
65	0.03512	0.04156	0.08246	0.03822	0.07613	0.02494	0.05411	0.03346	0.06648	0.03165	0.09417	0.26003	0.08753	0.00768	0.00448	0.00138	0.00365	0.00678	0.00326	0.04692
66	0.05665	0.07381	0.11360	0.01090	0.08663	0.13846	0.04512	0.12922	0.15559	0.02895	0.04244	0.01132	0.00868	0.02260	0.00465	0.00131	0.03723	0.00370	0.00289	0.02626
67	0.05462	0.05897	0.09780	0.05231	0.16787	0.10273	0.05112	0.17529	0.04834	0.03966	0.00979	0.04253	0.01689	0.00514	0.01656	0.00133	0.00504	0.01335	0.01913	0.02153

[dist]
# distance from previous block
# <min> <max>
1	15

[block]
# block no. 7 follows, 64 sequences, length 39
# corresponding to MSA columns:
# 1001-1039
name=unknown_H
#
# <colnr> <probs for GDERKNQSTAVLIFYWHMCP>
#	G	D	E	R	K	N	Q	S	T	A	V	L	I	F	Y	W	H	M	C	P
0	0.00957	0.11241	0.02864	0.05330	0.05891	0.14650	0.00680	0.08700	0.04644	0.01260	0.03502	0.20410	0.04550	0.04172	0.00530	0.02110	0.00434	0.07307	0.00302	0.00465
1	0.06253	0.07725	0.08268	0.01084	0.09223	0.16581	0.08101	0.11702	0.03669	0.02950	0.01690	0.02887	0.00786	0.07104	0.00531	0.00140	0.01731	0.00373	0.03485	0.05717
2	0.02249	0.07965	0.21594	0.05059	0.12199	0.06328	0.14973	0.05704	0.09214	0.04868	0.01023	0.03061	0.02999	0.00451	0.00412	0.00129	0.00533	0.00400	0.00253	0.00586
3	0.00557	0.00419	0.00491	0.00481	0.00574	0.00380	0.00345	0.00683	0.00980	0.01299	0.37205	0.05583	0.30673	0.16108	0.00784	0.00185	0.00243	0.02270	0.00392	0.00351
4	0.03136	0.18053	0.08249	0.01189	0.16564	0.13928	0.00877	0.07984	0.05036	0.02840	0.02320	0.01029	0.00738	0.01767	0.06598	0.00163	0.06697	0.00338	0.01943	0.00551
5	0.03928	0.17031	0.17164	0.01088	0.06082	0.06337	0.10978	0.11085	0.03313	0.09234	0.02641	0.04075	0.02144	0.00472	0.00417	0.00124	0.02647	0.00387	0.00272	0.00579
6	0.02539	0.02087	0.00606	0.00670	0.03946	0.00448	0.00455	0.00685	0.00828	0.01142	0.08193	0.58095	0.05603	0.01260	0.05658	0.00191	0.02651	0.02811	0.01766	0.00368
7	0.00959	0.02817	0.02906	0.22954	0.07916	0.09913	0.12656	0.03097	0.06994	0.04010	0.01259	0.01442	0.10068	0.00673	0.05528	0.00167	0.05438	0.00443	0.00252	0.00508
8	0.01117	0.18341	0.11823	0.05417	0.19098	0.07829	0.09486	0.06662	0.02658	0.06480	0.00843	0.03079	0.00685	0.00436	0.00432	0.00123	0.04308	0.00362	0.00238	0.00582
9	0.02167	0.08833	0.18910	0.07308	0.16288	0.05950	0.13630	0.04560	0.09531	0.06133	0.00901	0.01037	0.00683	0.00417	0.00420	0.00128	0.01891	0.00368	0.00246	0.00597
10	0.00803	0.00675	0.00977	0.08437	0.23052	0.02203	0.02323	0.04098	0.00967	0.04187	0.05398	0.20303	0.17530	0.00799	0.00470	0.00143	0.00370	0.06467	0.00322	0.00478
11	0.01052	0.12185	0.19975	0.03740	0.12487	0.10725	0.09776	0.04725	0.05489	0.04291	0.03294	0.05690	0.00848	0.00479	0.00437	0.00127	0.03470	0.00401	0.00245	0.00566
12	0.02722	0.02597	0.05560	0.01061	0.10456	0.04430	0.09075	0.09122	0.02847	0.10883	0.03998	0.21141	0.05858	0.00728	0.00504	0.01102	0.03832	0.03234	0.00331	0.00519
13	0.00586	0.06003	0.02474	0.00580	0.00675	0.01673	0.00437	0.00698	0.00886	0.01159	0.14441	0.45852	0.17766	0.01118	0.02146	0.00161	0.01669	0.00936	0.00369	0.00372
14	0.08525	0.05317	0.06382	0.07640	0.36066	0.07738	0.03261	0.06312	0.05603	0.01418	0.02407	0.04795	0.00799	0.00454	0.00409	0.00127	0.01534	0.00391	0.00244	0.00581
15	0.00631	0.00442	0.00569	0.00595	0.00682	0.00412	0.01731	0.02923	0.02202	0.05377	0.08308	0.51620	0.17366	0.01127	0.00511	0.00157	0.00259	0.04309	0.00396	0.00383
16	0.00987	0.01077	0.08287	0.08757	0.59847	0.00988	0.11410	0.01268	0.00936	0.01327	0.00783	0.01034	0.00636	0.00373	0.00420	0.00127	0.00534	0.00380	0.00202	0.00627
17	0.00934	0.00888	0.01510	0.17524	0.57512	0.00925	0.03024	0.01171	0.00907	0.01269	0.00903	0.08398	0.00819	0.00466	0.00441	0.00132	0.01931	0.00443	0.00217	0.00588
18	0.08228	0.03183	0.11355	0.04848	0.21695	0.11807	0.20838	0.02564	0.02781	0.04250	0.00855	0.01033	0.01957	0.00409	0.00431	0.00129	0.02463	0.00376	0.00228	0.00571
19	0.00523	0.00390	0.00487	0.00531	0.00598	0.00354	0.00372	0.00633	0.00922	0.01224	0.22599	0.47357	0.20221	0.01136	0.00512	0.00153	0.00223	0.01009	0.00403	0.00354
20	0.00512	0.00368	0.00487	0.00578	0.00609	0.00343	0.00392	0.00592	0.00813	0.01082	0.04397	0.78766	0.04804	0.01279	0.00529	0.00168	0.00243	0.03310	0.00387	0.00340
21	0.00831	0.01844	0.01781	0.00907	0.10393	0.04703	0.03761	0.07903	0.07817	0.02943	0.14196	0.11766	0.20928	0.02677	0.00504	0.00145	0.00347	0.05721	0.00360	0.00474
22	0.10334	0.01015	0.01057	0.00966	0.07492	0.12627	0.00720	0.20777	0.02613	0.22124	0.03976	0.01321	0.03197	0.00575	0.01783	0.00138	0.05478	0.02852	0.00362	0.00593
23	0.00549	0.00397	0.00458	0.00484	0.00529	0.00372	0.00311	0.00604	0.00767	0.00993	0.06155	0.26013	0.21394	0.37732	0.01207	0.00262	0.00302	0.00837	0.00331	0.00306
24	0.00912	0.00896	0.01604	0.38901	0.35114	0.00968	0.13203	0.01188	0.00900	0.01221	0.00771	0.01077	0.00607	0.00387	0.00425	0.00133	0.00551	0.00388	0.00197	0.00556
25	0.02964	0.32605	0.12143	0.03943	0.14493	0.13873	0.02296	0.08415	0.01022	0.03643	0.00719	0.00838	0.00583	0.00394	0.00349	0.00110	0.00524	0.00292	0.00221	0.00572
26	0.01053	0.01046	0.04619	0.05761	0.31001	0.06916	0.11197	0.12696	0.07267	0.01496	0.02864	0.10176	0.00987	0.00519	0.00434	0.00132	0.00494	0.00480	0.00276	0.00588
27	0.00580	0.00399	0.00488	0.00513	0.00528	0.00402	0.00321	0.00618	0.00663	0.00892	0.01535	0.22375	0.01766	0.54503	0.11066	0.00374	0.00445	0.01964	0.00282	0.00288
28	0.01044	0.00887	0.00966	0.00853	0.01094	0.01011	0.02468	0.04331	0.73999	0.03161	0.01732	0.01601	0.03833	0.00572	0.00426	0.00140	0.00337	0.00480	0.00418	0.00648
29	0.00507	0.00366	0.00480	0.00568	0.00601	0.00339	0.00382	0.00584	0.00812	0.01077	0.04160	0.78806	0.07228	0.01277	0.00527	0.00166	0.00238	0.01154	0.00387	0.00339
30	0.01411	0.06917	0.01199	0.00977	0.01225	0.45581	0.00762	0.15581	0.19522	0.01454	0.00936	0.00967	0.00730	0.00466	0.00386	0.00117	0.00584	0.00329	0.00294	0.00563
31	0.00899	0.01261	0.22082	0.01388	0.01784	0.00946	0.43809	0.01230	0.00923	0.02521	0.03332	0.07993	0.00875	0.00480	0.00521	0.00140	0.06127	0.00493	0.00227	0.02970
32	0.00562	0.00414	0.00566	0.00586	0.00653	0.00425	0.00430	0.00691	0.00832	0.01151	0.19748	0.25439	0.07466	0.05199	0.33449	0.00365	0.00580	0.00752	0.00332	0.00360
33	0.00841	0.04590	0.80879	0.01170	0.01776	0.00985	0.01511	0.01313	0.00876	0.01306	0.00741	0.00871	0.00526	0.00393	0.00391	0.00130	0.00609	0.00304	0.00175	0.00612
34	0.00949	0.24511	0.40299	0.00986	0.01408	0.03517	0.03455	0.01248	0.00877	0.04390	0.02348	0.07493	0.00789	0.00488	0.00433	0.00125	0.05544	0.00373	0.00213	0.00555
35	0.00929	0.26474	0.11460	0.00840	0.01055	0.08692	0.00774	0.01083	0.00780	0.01006	0.00775	0.01147	0.00733	0.10358	0.15623	0.00252	0.17011	0.00346	0.00198	0.00463
36	0.00775	0.00626	0.00845	0.03024	0.01937	0.02718	0.08283	0.02088	0.06636	0.06945	0.21313	0.12470	0.23674	0.00830	0.00525	0.00142	0.04761	0.01587	0.00375	0.00446
37	0.00504	0.00379	0.00467	0.00535	0.00592	0.00342	0.00367	0.00588	0.00844	0.01090	0.04582	0.61805	0.23949	0.01225	0.00519	0.00160	0.00232	0.01091	0.00387	0.00342
38	0.00955	0.03380	0.08627	0.09275	0.04510	0.03715	0.11392	0.08874	0.08376	0.05327	0.07273	0.03862	0.09714	0.00737	0.05484	0.00169	0.07016	0.00492	0.00297	0.00525

[dist]
# distance from previous block
# <min> <max>
6	15

[block]
# block no. 8 follows, 64 sequences, length 21
# corresponding to MSA columns:
# 1062-1082
name=unknown_I
#
# <colnr> <probs for GDERKNQSTAVLIFYWHMCP>
#	G	D	E	R	K	N	Q	S	T	A	V	L	I	F	Y	W	H	M	C	P
0	0.00945	0.17100	0.44943	0.03065	0.01528	0.01061	0.05070	0.07653	0.02767	0.02344	0.00894	0.03243	0.02176	0.03133	0.00437	0.00132	0.00533	0.00354	0.00220	0.02402
1	0.00608	0.00423	0.00489	0.00490	0.00514	0.00430	0.00300	0.00674	0.03743	0.00885	0.01521	0.07292	0.05950	0.66259	0.08408	0.00386	0.00437	0.00633	0.00271	0.00287
2	0.00586	0.00397	0.00465	0.00483	0.00489	0.00395	0.00284	0.00604	0.00641	0.00857	0.01480	0.17623	0.01719	0.67544	0.04420	0.00369	0.00396	0.00704	0.00275	0.00271
3	0.01032	0.12169	0.26819	0.01230	0.12220	0.06947	0.08996	0.03168	0.07117	0.06713	0.04199	0.04075	0.02562	0.00471	0.00403	0.00126	0.00514	0.00401	0.00255	0.00582
4	0.00746	0.00477	0.00583	0.00535	0.00679	0.00432	0.00408	0.00943	0.04077	0.12460	0.43795	0.04852	0.26695	0.00863	0.00479	0.00134	0.00227	0.00742	0.00441	0.00431
5	0.00557	0.00408	0.00502	0.00531	0.00618	0.00370	0.00386	0.00676	0.00940	0.02923	0.20937	0.34439	0.27548	0.01142	0.02463	0.00163	0.00250	0.04383	0.00400	0.00364
6	0.03535	0.18575	0.06378	0.03236	0.12712	0.30783	0.02052	0.01472	0.01030	0.11503	0.02344	0.01002	0.02787	0.00435	0.00369	0.00113	0.00552	0.00323	0.00250	0.00548
7	0.01002	0.00960	0.01639	0.11346	0.74220	0.00980	0.01262	0.01252	0.00933	0.01325	0.00777	0.01037	0.00647	0.00375	0.00412	0.00125	0.00500	0.00370	0.00203	0.00637
8	0.00904	0.00483	0.00623	0.00583	0.00728	0.00431	0.00441	0.01041	0.01024	0.23567	0.21817	0.25676	0.15209	0.00914	0.00478	0.00143	0.00258	0.02541	0.02685	0.00456
9	0.00779	0.02625	0.25525	0.02833	0.04533	0.03789	0.05207	0.01098	0.05223	0.01254	0.01701	0.09986	0.09643	0.00765	0.00472	0.00152	0.00458	0.23177	0.00293	0.00488
10	0.01098	0.00995	0.04890	0.13973	0.21227	0.08595	0.06282	0.07515	0.07372	0.10559	0.01148	0.07910	0.02348	0.03655	0.00489	0.00142	0.00486	0.00461	0.00289	0.00567
11	0.00500	0.00421	0.00434	0.00439	0.00573	0.00355	0.00330	0.00609	0.00950	0.01143	0.06834	0.06430	0.75283	0.01055	0.00494	0.00142	0.00216	0.03052	0.00388	0.00353
12	0.01027	0.02504	0.01432	0.04846	0.47942	0.11904	0.02820	0.03178	0.00965	0.01277	0.03619	0.01190	0.02879	0.00699	0.08651	0.00178	0.03705	0.00390	0.00225	0.00572
13	0.02453	0.12670	0.47402	0.01222	0.05599	0.04166	0.11583	0.04639	0.02034	0.03353	0.00776	0.00907	0.00576	0.00393	0.00390	0.00126	0.00581	0.00327	0.00206	0.00598
14	0.03135	0.06244	0.02783	0.25585	0.09421	0.27676	0.00934	0.03970	0.06215	0.05736	0.00810	0.00979	0.00630	0.00440	0.00426	0.00124	0.03794	0.00332	0.00238	0.00527
15	0.01240	0.00626	0.00719	0.00603	0.00810	0.00622	0.00481	0.13152	0.05406	0.26735	0.01407	0.01426	0.01012	0.00500	0.00355	0.00113	0.00288	0.00399	0.43561	0.00546
16	0.01127	0.07372	0.04041	0.00816	0.01080	0.01013	0.00687	0.28993	0.25332	0.03376	0.05931	0.03010	0.08357	0.00676	0.02382	0.00145	0.00395	0.04282	0.00386	0.00598
17	0.00592	0.00465	0.00644	0.00608	0.00705	0.00469	0.04434	0.00722	0.00819	0.01108	0.12246	0.07238	0.21392	0.13143	0.29879	0.00360	0.01718	0.00652	0.02445	0.00362
18	0.00516	0.00371	0.00492	0.00586	0.00618	0.00347	0.00402	0.00597	0.00810	0.01074	0.02338	0.77713	0.04976	0.01284	0.00532	0.00169	0.00249	0.06202	0.00385	0.00341
19	0.08233	0.00407	0.00488	0.00558	0.00610	0.00394	0.00379	0.00637	0.00788	0.01122	0.02221	0.67850	0.08007	0.05534	0.00585	0.00175	0.00254	0.01046	0.00367	0.00344
20	0.13096	0.02699	0.01137	0.00917	0.04277	0.00986	0.04702	0.28848	0.09814	0.27519	0.01190	0.01143	0.00823	0.00480	0.00396	0.00128	0.00406	0.00380	0.00403	0.00655

[dist]
# distance from previous block
# <min> <max>
0	7

[block]
# block no. 9 follows, 64 sequences, length 24
# corresponding to MSA columns:
# 1100-1123
name=unknown_J
#
# <colnr> <probs for GDERKNQSTAVLIFYWHMCP>
#	G	D	E	R	K	N	Q	S	T	A	V	L	I	F	Y	W	H	M	C	P
0	0.78302	0.00764	0.00601	0.00538	0.00781	0.00875	0.00439	0.01211	0.00728	0.03879	0.00674	0.00797	0.00529	0.02269	0.00304	0.00132	0.00315	0.00249	0.06165	0.00448
1	0.02812	0.03563	0.04227	0.03259	0.08900	0.10336	0.05817	0.04175	0.08943	0.01311	0.06290	0.20326	0.08162	0.00774	0.00460	0.00143	0.00412	0.09290	0.00323	0.00477
2	0.01291	0.06657	0.01320	0.03440	0.23412	0.09897	0.02906	0.13622	0.09656	0.16335	0.05313	0.01213	0.00947	0.00468	0.00405	0.00123	0.00457	0.00392	0.01523	0.00622
3	0.00521	0.00404	0.00476	0.00522	0.00602	0.00366	0.00367	0.00646	0.03272	0.01140	0.07800	0.46357	0.33716	0.01156	0.00509	0.00155	0.00229	0.01016	0.00391	0.00355
4	0.00603	0.00444	0.00575	0.00645	0.00730	0.00426	0.00514	0.02432	0.00923	0.01191	0.02575	0.30611	0.17314	0.01166	0.00541	0.00173	0.00306	0.38078	0.00385	0.00369
5	0.02387	0.01253	0.07375	0.01206	0.12675	0.19859	0.05787	0.12467	0.12796	0.13752	0.03032	0.01182	0.00866	0.00479	0.00428	0.00127	0.01917	0.01487	0.00320	0.00606
6	0.03288	0.04371	0.05248	0.06393	0.48590	0.02889	0.15388	0.02914	0.03272	0.01357	0.00799	0.01025	0.00646	0.00384	0.00428	0.00127	0.01675	0.00380	0.00215	0.00612
7	0.00768	0.00643	0.00683	0.00665	0.00807	0.06201	0.00528	0.06277	0.10260	0.01431	0.20884	0.05119	0.19847	0.02758	0.00528	0.00155	0.00323	0.21297	0.00393	0.00433
8	0.04154	0.01798	0.06736	0.01134	0.06054	0.60813	0.00867	0.11237	0.01223	0.01276	0.00698	0.00802	0.00560	0.00430	0.00379	0.00112	0.00677	0.00288	0.00237	0.00527
9	0.04336	0.07344	0.11646	0.07962	0.04636	0.10595	0.11399	0.13588	0.03296	0.05165	0.01054	0.09689	0.02017	0.00542	0.00452	0.00133	0.03670	0.01651	0.00277	0.00547
10	0.00730	0.06478	0.02538	0.00793	0.06140	0.04053	0.01657	0.03394	0.06887	0.01195	0.04277	0.31509	0.13578	0.01199	0.11109	0.00212	0.01794	0.01698	0.00327	0.00432
11	0.00590	0.00471	0.00528	0.00556	0.00651	0.02256	0.00402	0.03828	0.02812	0.01209	0.08759	0.40094	0.31326	0.01106	0.00504	0.00153	0.00253	0.03741	0.00389	0.00373
12	0.03086	0.14854	0.14159	0.02904	0.02581	0.21631	0.17024	0.06845	0.06957	0.01323	0.02594	0.01045	0.00728	0.00432	0.00395	0.00122	0.00583	0.01948	0.00239	0.00551
13	0.02179	0.00797	0.01052	0.20040	0.18753	0.07216	0.02110	0.04484	0.04700	0.01229	0.02570	0.13587	0.09648	0.06646	0.03047	0.00171	0.00461	0.00560	0.00273	0.00478
14	0.07305	0.00736	0.00875	0.00707	0.00975	0.00714	0.00573	0.15810	0.04728	0.41067	0.06459	0.04213	0.12759	0.00623	0.00425	0.00131	0.00336	0.00506	0.00450	0.00608
15	0.01126	0.01221	0.00932	0.02027	0.03275	0.36743	0.00654	0.08922	0.07782	0.01290	0.04775	0.11927	0.15225	0.00685	0.00430	0.00128	0.00495	0.01573	0.00312	0.00477
16	0.03241	0.12389	0.19506	0.10678	0.28985	0.09303	0.03628	0.01282	0.00908	0.01227	0.00713	0.00917	0.00578	0.00401	0.00430	0.00124	0.04596	0.00326	0.00194	0.00575
17	0.00904	0.00856	0.01426	0.44220	0.38098	0.00956	0.01183	0.01211	0.04789	0.01224	0.00803	0.01094	0.00634	0.00402	0.00414	0.00132	0.00516	0.00374	0.00205	0.00558
18	0.00559	0.00473	0.02217	0.00483	0.00623	0.00392	0.00375	0.02206	0.00970	0.02662	0.10527	0.10981	0.61158	0.02271	0.00515	0.00146	0.00234	0.02449	0.00388	0.00371
19	0.00813	0.00579	0.00703	0.00641	0.00760	0.00616	0.00479	0.13720	0.04814	0.04287	0.14077	0.05901	0.06393	0.20563	0.22213	0.00333	0.01774	0.00575	0.00333	0.00425
20	0.01417	0.04528	0.01179	0.01024	0.03724	0.46482	0.00774	0.12681	0.09925	0.05847	0.02339	0.00985	0.00744	0.00547	0.02778	0.00133	0.03734	0.00331	0.00283	0.00545
21	0.00746	0.00604	0.00739	0.00690	0.00758	0.03826	0.00516	0.06873	0.00766	0.01050	0.01124	0.01826	0.02422	0.27378	0.37659	0.00454	0.11474	0.00478	0.00243	0.00375
22	0.00673	0.00453	0.00550	0.00578	0.00663	0.00447	0.00413	0.00916	0.10796	0.04628	0.11108	0.47480	0.05241	0.01003	0.00472	0.00148	0.00243	0.00890	0.12892	0.00405
23	0.00873	0.00903	0.02526	0.04153	0.13924	0.15903	0.02443	0.01101	0.06259	0.01249	0.11851	0.10756	0.17536	0.00740	0.00489	0.00137	0.03534	0.04845	0.00314	0.00466

[dist]
# distance from previous block
# <min> <max>
3	40

[block]
# block no. 10 follows, 64 sequences, length 13
# corresponding to MSA columns:
# 1165-1177
name=unknown_K
#
# <colnr> <probs for GDERKNQSTAVLIFYWHMCP>
#	G	D	E	R	K	N	Q	S	T	A	V	L	I	F	Y	W	H	M	C	P
