[name]
unknown

[dist]
# distance from previous block
# <min> <max>
0	190

[block]
# block no. 0 follows, 59 sequences, length 36
# corresponding to MSA columns:
# 227-262
name=unknown_A
#
# <colnr> <probs for GDERKNQSTAVLIFYWHMCP>
#	G	D	E	R	K	N	Q	S	T	A	V	L	I	F	Y	W	H	M	C	P
0	0.03411	0.22257	0.03861	0.01105	0.06843	0.32476	0.00865	0.12492	0.05055	0.01398	0.00792	0.00903	0.00651	0.00525	0.02327	0.00133	0.03754	0.00315	0.00257	0.00580
1	0.01241	0.58268	0.08363	0.00964	0.04849	0.13189	0.02743	0.01420	0.00970	0.03500	0.00688	0.00791	0.00590	0.00398	0.00328	0.00105	0.00539	0.00270	0.00207	0.00578
2	0.00857	0.00814	0.01392	0.75919	0.07974	0.00990	0.03573	0.01151	0.00896	0.01157	0.00791	0.01173	0.00598	0.00436	0.00444	0.00146	0.00589	0.00396	0.00198	0.00507
3	0.00653	0.00519	0.00774	0.00758	0.00845	0.00504	0.08831	0.00832	0.05563	0.01192	0.03933	0.51694	0.02412	0.12664	0.00787	0.00210	0.00347	0.06712	0.00375	0.00396
4	0.00966	0.22030	0.02727	0.00752	0.00949	0.19176	0.00612	0.01099	0.01028	0.01200	0.13140	0.22056	0.11013	0.00804	0.00442	0.00133	0.00429	0.00661	0.00320	0.00461
5	0.00675	0.06090	0.00768	0.00664	0.00739	0.00613	0.00500	0.00788	0.00711	0.00990	0.01236	0.05578	0.01258	0.22835	0.51868	0.00563	0.02969	0.00531	0.00248	0.00375
6	0.04315	0.00443	0.00564	0.00615	0.00690	0.00415	0.00430	0.00791	0.00917	0.08019	0.08742	0.63262	0.06690	0.01221	0.00536	0.00169	0.00264	0.01092	0.00422	0.00402
7	0.00601	0.00425	0.00547	0.00606	0.00666	0.00402	0.00424	0.00719	0.02250	0.02918	0.09519	0.54483	0.10984	0.05705	0.04238	0.00208	0.00308	0.04213	0.00405	0.00378
8	0.01327	0.00680	0.00845	0.00700	0.00941	0.00637	0.00555	0.07598	0.07132	0.37215	0.20106	0.02324	0.12842	0.04383	0.00551	0.00152	0.00326	0.00601	0.00487	0.00599
9	0.01357	0.01544	0.01450	0.07206	0.30540	0.40813	0.01059	0.03426	0.03323	0.01276	0.00779	0.00965	0.00644	0.00448	0.00453	0.00126	0.03427	0.00343	0.00232	0.00588
10	0.07963	0.01124	0.01223	0.00944	0.01290	0.01215	0.00780	0.60744	0.01837	0.16708	0.01148	0.01114	0.00792	0.00524	0.00430	0.00134	0.00456	0.00394	0.00448	0.00731
11	0.00608	0.00504	0.00638	0.00601	0.00747	0.00450	0.05512	0.02345	0.01026	0.01302	0.10737	0.16311	0.49443	0.01067	0.00524	0.00154	0.00274	0.04387	0.02970	0.00399
12	0.80245	0.00925	0.00704	0.00623	0.00898	0.04584	0.00510	0.04618	0.00829	0.01976	0.00637	0.00735	0.00494	0.00417	0.00286	0.00135	0.00368	0.00248	0.00278	0.00491
13	0.03815	0.01101	0.01354	0.01467	0.25373	0.05125	0.02436	0.33837	0.06366	0.03803	0.01047	0.01150	0.00795	0.00486	0.00437	0.00131	0.01672	0.00397	0.08533	0.00674
14	0.01094	0.06293	0.13107	0.06822	0.23358	0.08390	0.03637	0.06414	0.13265	0.01496	0.02600	0.04782	0.00916	0.00494	0.00428	0.00132	0.00517	0.00423	0.00277	0.05554
15	0.01147	0.00577	0.00719	0.00615	0.00812	0.00530	0.00484	0.04764	0.01208	0.28191	0.29725	0.02381	0.09295	0.00715	0.00452	0.00132	0.00277	0.00603	0.16835	0.00537
16	0.00713	0.00610	0.02039	0.00655	0.02523	0.00586	0.00490	0.01130	0.20110	0.01518	0.26527	0.04819	0.32039	0.03592	0.00557	0.00155	0.00270	0.00765	0.00430	0.00472
17	0.01112	0.00566	0.00741	0.00637	0.00831	0.00506	0.00499	0.01313	0.02438	0.30680	0.43934	0.04402	0.08916	0.00796	0.00493	0.00140	0.00273	0.00686	0.00500	0.00537
18	0.01116	0.00957	0.01008	0.00902	0.01155	0.01107	0.00703	0.04649	0.78595	0.01875	0.01776	0.01630	0.01331	0.00597	0.00449	0.00149	0.00354	0.00496	0.00449	0.00701
19	0.00691	0.00541	0.00637	0.00602	0.00739	0.00533	0.00454	0.01070	0.16053	0.01652	0.49144	0.06558	0.17818	0.00906	0.00510	0.00145	0.00240	0.00787	0.00462	0.00459
20	0.08152	0.01022	0.01032	0.02787	0.01188	0.06752	0.00701	0.18375	0.35950	0.08080	0.02626	0.03658	0.01126	0.02484	0.00470	0.00145	0.00413	0.00454	0.00408	0.04177
21	0.01544	0.15078	0.01444	0.00968	0.01304	0.08727	0.00809	0.50875	0.09442	0.03966	0.01039	0.01045	0.00770	0.00505	0.00412	0.00126	0.00496	0.00372	0.00384	0.00694
22	0.80538	0.00910	0.00698	0.00618	0.00893	0.03864	0.00506	0.04023	0.00821	0.03016	0.00647	0.00742	0.00499	0.00417	0.00286	0.00136	0.00363	0.00249	0.00281	0.00492
23	0.01307	0.03670	0.03796	0.00757	0.01021	0.00778	0.00633	0.17783	0.04495	0.26659	0.19987	0.02099	0.08200	0.03152	0.00514	0.00145	0.00359	0.01757	0.02280	0.00606
24	0.00973	0.00925	0.01564	0.37315	0.34604	0.01008	0.06884	0.03878	0.02344	0.01346	0.00992	0.01277	0.04051	0.00451	0.00449	0.00140	0.00551	0.00427	0.00229	0.00590
25	0.00624	0.00469	0.00677	0.00677	0.00755	0.00532	0.00519	0.00768	0.00726	0.01026	0.01424	0.01984	0.06705	0.08418	0.71824	0.00653	0.01068	0.00516	0.00251	0.00385
26	0.04236	0.02040	0.11600	0.07490	0.15205	0.02838	0.16825	0.20770	0.07598	0.04265	0.01038	0.01172	0.01941	0.00463	0.00448	0.00139	0.00555	0.00420	0.00302	0.00654
27	0.87598	0.00854	0.00649	0.00581	0.00854	0.00991	0.00478	0.01298	0.00752	0.01982	0.00615	0.00717	0.00478	0.00410	0.00273	0.00137	0.00342	0.00239	0.00273	0.00478
28	0.00614	0.00468	0.00566	0.00607	0.00697	0.00446	0.00439	0.02469	0.06000	0.01308	0.11661	0.44071	0.21823	0.01189	0.00542	0.00166	0.00263	0.05850	0.00421	0.00401
29	0.00545	0.00390	0.00520	0.00617	0.00647	0.00364	0.00417	0.00630	0.00864	0.01155	0.05317	0.79495	0.02958	0.01363	0.00563	0.00178	0.00258	0.02944	0.00413	0.00362
30	0.00972	0.00681	0.00922	0.00792	0.00978	0.02241	0.07367	0.08365	0.06138	0.12299	0.31520	0.14576	0.03367	0.01000	0.06540	0.00187	0.00401	0.00709	0.00430	0.00515
31	0.08788	0.00931	0.01070	0.00844	0.01165	0.02054	0.00691	0.26350	0.07202	0.40390	0.04918	0.01380	0.01082	0.00548	0.00433	0.00136	0.00404	0.00430	0.00478	0.00707
32	0.01032	0.00606	0.00685	0.00609	0.00784	0.00612	0.00471	0.07845	0.11248	0.13224	0.08722	0.02047	0.10473	0.03533	0.02400	0.03325	0.00310	0.00527	0.31039	0.00508
33	0.01458	0.31835	0.01673	0.00992	0.01299	0.37212	0.02650	0.13567	0.03108	0.01351	0.00746	0.00834	0.00616	0.00440	0.00367	0.00111	0.00620	0.00295	0.00251	0.00575
34	0.02266	0.07620	0.04273	0.00693	0.00924	0.00672	0.00562	0.01104	0.09662	0.03630	0.03564	0.27927	0.05527	0.01647	0.00479	0.01442	0.00330	0.02274	0.00343	0.25062
35	0.01127	0.04539	0.21748	0.01018	0.04208	0.01015	0.00945	0.22070	0.06375	0.05899	0.05758	0.07478	0.03950	0.03437	0.00606	0.01940	0.06453	0.00493	0.00335	0.00606

[dist]
# distance from previous block
# <min> <max>
0	23

[block]
# block no. 1 follows, 59 sequences, length 17
# corresponding to MSA columns:
# 286-302
name=unknown_B
#
# <colnr> <probs for GDERKNQSTAVLIFYWHMCP>
#	G	D	E	R	K	N	Q	S	T	A	V	L	I	F	Y	W	H	M	C	P
0	0.45389	0.04442	0.06737	0.00687	0.01009	0.04284	0.00606	0.03012	0.00900	0.06950	0.01007	0.01070	0.06089	0.00456	0.00331	0.00122	0.00383	0.00315	0.00290	0.15918
1	0.00649	0.00477	0.00575	0.00576	0.00695	0.00427	0.00423	0.02290	0.01014	0.03498	0.18728	0.29384	0.25088	0.03751	0.00578	0.00162	0.00263	0.04705	0.00415	0.06304
2	0.06778	0.29820	0.03274	0.00917	0.01259	0.05513	0.00811	0.39578	0.01469	0.01953	0.00836	0.00899	0.00651	0.00475	0.00416	0.00122	0.03939	0.00325	0.00319	0.00646
3	0.00593	0.00443	0.00551	0.00538	0.00644	0.00401	0.00398	0.00766	0.01154	0.01576	0.56193	0.12232	0.20881	0.01002	0.00526	0.00146	0.00217	0.00877	0.00461	0.00401
4	0.00699	0.00490	0.00608	0.00564	0.00693	0.00452	0.00427	0.03706	0.01230	0.05014	0.60257	0.04798	0.17546	0.00922	0.00516	0.00141	0.00229	0.00802	0.00472	0.00434
5	0.00540	0.00394	0.00510	0.00596	0.00637	0.00363	0.00403	0.00627	0.00880	0.01163	0.06225	0.72701	0.10663	0.01336	0.00558	0.00175	0.00251	0.01203	0.00413	0.00363
6	0.04522	0.00990	0.01599	0.08104	0.43416	0.03167	0.10743	0.04580	0.01048	0.04536	0.03895	0.05147	0.00986	0.00509	0.00472	0.00141	0.01868	0.03389	0.00267	0.00621
7	0.05474	0.00812	0.00996	0.03119	0.14403	0.08556	0.02419	0.04379	0.00878	0.01218	0.01094	0.03924	0.01066	0.18737	0.24371	0.00363	0.04722	0.01675	0.01334	0.00460
8	0.01072	0.00780	0.00932	0.00674	0.01059	0.00598	0.00542	0.01265	0.00967	0.13280	0.00926	0.01002	0.00719	0.00359	0.00344	0.00076	0.00334	0.00288	0.00304	0.74479
9	0.00972	0.01105	0.13271	0.16620	0.25215	0.00961	0.09732	0.01403	0.11143	0.03272	0.09060	0.01462	0.02820	0.00499	0.00456	0.00141	0.00516	0.00464	0.00278	0.00609
10	0.00672	0.00582	0.00851	0.07523	0.04232	0.02253	0.08142	0.00837	0.00996	0.01315	0.19341	0.33858	0.15662	0.01004	0.00525	0.00157	0.00336	0.00909	0.00380	0.00424
11	0.00663	0.00555	0.04852	0.00575	0.00721	0.00447	0.00462	0.00830	0.01066	0.05185	0.34496	0.09722	0.28363	0.05904	0.04023	0.00186	0.00301	0.00814	0.00420	0.00417
12	0.09324	0.28131	0.04922	0.00949	0.04842	0.06152	0.00803	0.18745	0.04068	0.08298	0.00885	0.00956	0.00690	0.00511	0.01894	0.00131	0.04013	0.00324	0.00299	0.04063
13	0.08593	0.03024	0.01283	0.05781	0.26649	0.05137	0.00912	0.07059	0.07786	0.11765	0.02823	0.05412	0.03145	0.00551	0.00497	0.00139	0.06118	0.00449	0.00318	0.02559
14	0.18726	0.00984	0.02093	0.00846	0.01153	0.04050	0.03821	0.26998	0.02627	0.17273	0.07557	0.03096	0.02881	0.00549	0.00414	0.00133	0.00416	0.00430	0.00400	0.05551
15	0.00777	0.06379	0.02162	0.02988	0.02730	0.00654	0.04136	0.05948	0.00926	0.01250	0.04733	0.22363	0.06912	0.19279	0.06462	0.00242	0.00436	0.02134	0.00320	0.09167
16	0.16152	0.09692	0.09356	0.00823	0.03231	0.04037	0.00708	0.11631	0.04499	0.07039	0.03906	0.10877	0.13700	0.00682	0.00436	0.00139	0.01665	0.00540	0.00342	0.00545

[dist]
# distance from previous block
# <min> <max>
2	18

[block]
# block no. 2 follows, 59 sequences, length 15
# corresponding to MSA columns:
# 322-336
name=unknown_C
#
# <colnr> <probs for GDERKNQSTAVLIFYWHMCP>
#	G	D	E	R	K	N	Q	S	T	A	V	L	I	F	Y	W	H	M	C	P
0	0.01126	0.01046	0.01143	0.04022	0.10927	0.10889	0.03138	0.09035	0.33315	0.01578	0.01405	0.01614	0.03645	0.11448	0.00713	0.00179	0.03358	0.00476	0.00345	0.00597
1	0.00550	0.00392	0.00521	0.00620	0.00648	0.00368	0.00419	0.00630	0.00846	0.01127	0.02393	0.77632	0.02857	0.04292	0.00625	0.00189	0.00269	0.04859	0.00405	0.00358
2	0.00702	0.00509	0.00611	0.00610	0.00735	0.00486	0.00458	0.00970	0.10102	0.05204	0.24925	0.22530	0.22887	0.01043	0.00526	0.00157	0.00261	0.06404	0.00442	0.00439
3	0.00538	0.00444	0.00463	0.00465	0.00596	0.00379	0.00341	0.00649	0.00998	0.01216	0.10268	0.07239	0.67607	0.06074	0.00626	0.00166	0.00236	0.00917	0.00408	0.00369
4	0.00999	0.05066	0.11610	0.03329	0.19612	0.02971	0.17293	0.02907	0.00967	0.01368	0.00881	0.04278	0.00753	0.00577	0.04113	0.00154	0.06219	0.00414	0.00233	0.16256
5	0.31335	0.04706	0.06816	0.00841	0.01183	0.03819	0.05379	0.09752	0.01096	0.24998	0.01033	0.01049	0.00725	0.00504	0.01704	0.00141	0.00447	0.00344	0.00354	0.03773
6	0.03223	0.07424	0.17322	0.01738	0.35407	0.04288	0.01183	0.15775	0.01199	0.05793	0.02015	0.01060	0.00731	0.00440	0.00420	0.00130	0.00533	0.00370	0.00273	0.00677
7	0.01184	0.68063	0.04903	0.00797	0.01157	0.04454	0.00775	0.06881	0.00991	0.01182	0.00762	0.05675	0.00719	0.00452	0.00320	0.00104	0.00478	0.00313	0.00221	0.00569
8	0.00566	0.00425	0.00524	0.00551	0.00637	0.00383	0.00394	0.00699	0.01033	0.01378	0.31643	0.34766	0.23105	0.01143	0.00538	0.00157	0.00231	0.01009	0.00438	0.00383
9	0.03232	0.00681	0.00824	0.00710	0.00942	0.00646	0.00575	0.12818	0.01257	0.29212	0.08737	0.06832	0.20770	0.00829	0.00490	0.00149	0.00339	0.09925	0.00464	0.00567
10	0.04365	0.33080	0.27630	0.00924	0.01333	0.01197	0.01005	0.04361	0.00979	0.05131	0.01046	0.05054	0.00953	0.00560	0.00395	0.00132	0.00503	0.10517	0.00256	0.00577
11	0.00580	0.00416	0.00532	0.00591	0.00640	0.00391	0.00410	0.00678	0.00901	0.01203	0.14011	0.47598	0.08656	0.13651	0.00809	0.00210	0.00285	0.07679	0.00400	0.00359
12	0.02609	0.04519	0.52439	0.01416	0.12995	0.01065	0.05163	0.01512	0.11326	0.01463	0.00924	0.01049	0.00685	0.00435	0.00424	0.00139	0.00588	0.00363	0.00229	0.00657
13	0.00604	0.00420	0.00515	0.00542	0.00621	0.00388	0.00385	0.00744	0.01009	0.01412	0.28766	0.33319	0.14487	0.02869	0.00547	0.00157	0.00233	0.00934	0.11662	0.00385
14	0.01063	0.13327	0.18499	0.04164	0.14856	0.06072	0.03061	0.02967	0.05199	0.06506	0.02175	0.09194	0.01985	0.03764	0.00514	0.00145	0.02283	0.00462	0.00272	0.03491

[dist]
# distance from previous block
# <min> <max>
5	162

[block]
# block no. 3 follows, 59 sequences, length 14
# corresponding to MSA columns:
# 514-527
name=unknown_D
#
# <colnr> <probs for GDERKNQSTAVLIFYWHMCP>
#	G	D	E	R	K	N	Q	S	T	A	V	L	I	F	Y	W	H	M	C	P
0	0.09606	0.07818	0.05979	0.03524	0.09405	0.04715	0.03455	0.13047	0.04212	0.10095	0.02808	0.03202	0.06089	0.00595	0.00492	0.00147	0.03731	0.00450	0.00355	0.10276
1	0.02875	0.01020	0.05309	0.15222	0.21675	0.02114	0.07922	0.13668	0.05931	0.03777	0.02470	0.06864	0.00965	0.00527	0.00448	0.00138	0.00501	0.01924	0.00297	0.06355
2	0.03673	0.04489	0.04700	0.05494	0.09782	0.10424	0.06524	0.20670	0.06942	0.07108	0.01109	0.06934	0.00924	0.02587	0.01983	0.00153	0.02705	0.00452	0.00326	0.03020
3	0.26189	0.01334	0.26378	0.02811	0.13752	0.00978	0.04372	0.03588	0.02655	0.10321	0.00925	0.01103	0.00697	0.00454	0.00394	0.00140	0.00498	0.02523	0.00276	0.00611
4	0.00642	0.00428	0.00482	0.00482	0.00482	0.00428	0.00268	0.00642	0.00642	0.00856	0.01392	0.02890	0.01606	0.84478	0.02248	0.00428	0.00428	0.00642	0.00268	0.00268
5	0.01017	0.00971	0.01655	0.26493	0.58537	0.01029	0.01317	0.01289	0.00970	0.01350	0.00817	0.01118	0.00667	0.00408	0.00439	0.00136	0.00544	0.00393	0.00212	0.00638
6	0.01077	0.00934	0.01007	0.00949	0.04107	0.01069	0.00710	0.02246	0.74959	0.01808	0.01863	0.01725	0.04346	0.00611	0.00452	0.00149	0.00351	0.00512	0.00439	0.00687
7	0.01181	0.84744	0.02314	0.00756	0.01134	0.01748	0.00756	0.01323	0.00897	0.01039	0.00614	0.00708	0.00567	0.00378	0.00283	0.00094	0.00472	0.00236	0.00189	0.00567
8	0.01142	0.00872	0.00990	0.02512	0.03490	0.00952	0.00682	0.18563	0.35457	0.06529	0.16967	0.04189	0.04377	0.00669	0.00466	0.00143	0.00356	0.00562	0.00446	0.00635
9	0.01231	0.74966	0.02237	0.00809	0.01188	0.01641	0.04434	0.01385	0.00930	0.06743	0.00706	0.00787	0.00609	0.00389	0.00306	0.00100	0.00478	0.00264	0.00216	0.00581
10	0.00522	0.00447	0.00447	0.00447	0.00597	0.00373	0.00336	0.00634	0.01007	0.01193	0.04474	0.04250	0.81544	0.01119	0.00522	0.00149	0.00224	0.00932	0.00410	0.00373
11	0.01676	0.01180	0.01283	0.00990	0.01337	0.01293	0.00816	0.69519	0.05958	0.09663	0.01157	0.01129	0.00811	0.00535	0.00442	0.00134	0.00470	0.00407	0.00451	0.00749
12	0.43285	0.01042	0.00986	0.09685	0.06324	0.10169	0.00717	0.12098	0.01057	0.07242	0.00796	0.00904	0.00598	0.00440	0.00352	0.00132	0.00452	0.00306	0.00297	0.03118
13	0.09158	0.03382	0.01255	0.09339	0.08071	0.13286	0.04900	0.17267	0.05853	0.15177	0.03104	0.01299	0.03501	0.01933	0.00455	0.00139	0.00504	0.00412	0.00348	0.00616

[dist]
# distance from previous block
# <min> <max>
0	5

[block]
# block no. 4 follows, 59 sequences, length 15
# corresponding to MSA columns:
# 533-547
name=unknown_E
#
# <colnr> <probs for GDERKNQSTAVLIFYWHMCP>
#	G	D	E	R	K	N	Q	S	T	A	V	L	I	F	Y	W	H	M	C	P
0	0.05985	0.08107	0.21400	0.04260	0.05943	0.02696	0.10401	0.08583	0.06055	0.02524	0.04648	0.01171	0.02106	0.00458	0.00424	0.00127	0.01590	0.00384	0.00271	0.12866
1	0.02078	0.00561	0.02408	0.00614	0.00748	0.00508	0.04475	0.02981	0.03288	0.01306	0.17100	0.08497	0.30418	0.19547	0.03351	0.00227	0.00346	0.00778	0.00373	0.00396
2	0.01018	0.01079	0.06591	0.20433	0.51694	0.01039	0.09078	0.01314	0.00978	0.01368	0.00824	0.01112	0.00664	0.00404	0.00445	0.00137	0.00568	0.00402	0.00212	0.00640
3	0.00962	0.02104	0.70819	0.01282	0.01899	0.01012	0.08160	0.01444	0.00961	0.06063	0.00856	0.00987	0.00600	0.00423	0.00430	0.00140	0.00644	0.00350	0.00210	0.00654
4	0.00864	0.00817	0.01368	0.72384	0.10085	0.01004	0.01226	0.01146	0.00885	0.01154	0.00780	0.01160	0.00598	0.00452	0.00487	0.00148	0.04341	0.00392	0.00198	0.00509
5	0.00922	0.06754	0.67304	0.01336	0.08960	0.01051	0.01514	0.01379	0.00936	0.01384	0.00786	0.00934	0.00576	0.00411	0.00410	0.00134	0.00618	0.00325	0.00192	0.04073
6	0.00548	0.00389	0.00509	0.00602	0.00625	0.00366	0.00396	0.00618	0.00826	0.01101	0.02332	0.76207	0.02792	0.09543	0.00729	0.00204	0.00273	0.01195	0.00396	0.00350
7	0.00938	0.01245	0.17744	0.01604	0.12510	0.00968	0.37590	0.01280	0.01027	0.01445	0.12286	0.04688	0.01232	0.00510	0.00517	0.00146	0.02898	0.00530	0.00259	0.00583
8	0.01001	0.00921	0.01553	0.36251	0.39888	0.00987	0.03589	0.01274	0.00959	0.03771	0.00839	0.01135	0.00662	0.00414	0.00436	0.00135	0.00543	0.00392	0.00222	0.05027
9	0.00767	0.00384	0.00575	0.00575	0.00575	0.00384	0.00384	0.00575	0.00575	0.00767	0.00767	0.01343	0.00767	0.01534	0.01726	0.87150	0.00384	0.00384	0.00192	0.00192
10	0.00920	0.08994	0.04454	0.00816	0.05054	0.00801	0.00640	0.08011	0.13641	0.04369	0.37788	0.02416	0.07017	0.00733	0.00471	0.00137	0.00326	0.02458	0.00417	0.00537
11	0.01110	0.00806	0.00955	0.00694	0.01077	0.00642	0.00559	0.05835	0.01032	0.12853	0.00936	0.01007	0.00722	0.00370	0.00350	0.00079	0.00343	0.00295	0.00312	0.70023
12	0.09581	0.52473	0.25431	0.00885	0.01333	0.01463	0.00984	0.01342	0.00893	0.01236	0.00666	0.00775	0.00556	0.00393	0.00322	0.00112	0.00512	0.00263	0.00197	0.00583
13	0.05740	0.27878	0.27825	0.00969	0.01393	0.13115	0.01017	0.01491	0.06953	0.03497	0.02459	0.00947	0.00710	0.00434	0.00367	0.00119	0.00548	0.00310	0.00236	0.03990
14	0.10331	0.26300	0.08488	0.00903	0.01237	0.08701	0.02131	0.16398	0.03019	0.01570	0.00821	0.03419	0.00693	0.00480	0.00437	0.00121	0.06370	0.00334	0.00269	0.07976

[dist]
# distance from previous block
# <min> <max>
8	37

[block]
# block no. 5 follows, 59 sequences, length 54
# corresponding to MSA columns:
# 591-644
name=unknown_F
#
# <colnr> <probs for GDERKNQSTAVLIFYWHMCP>
#	G	D	E	R	K	N	Q	S	T	A	V	L	I	F	Y	W	H	M	C	P
0	0.06699	0.03109	0.01251	0.02333	0.09075	0.13027	0.01858	0.23810	0.05713	0.18746	0.01090	0.01112	0.00788	0.00492	0.00445	0.00128	0.02976	0.00375	0.00369	0.06604
1	0.35779	0.01194	0.11460	0.00890	0.01236	0.06488	0.04946	0.14942	0.05812	0.10970	0.00936	0.00989	0.00679	0.00492	0.01310	0.00143	0.00472	0.00336	0.00326	0.00598
2	0.01285	0.02484	0.10083	0.01366	0.17045	0.10896	0.03337	0.15759	0.16982	0.06764	0.01081	0.01153	0.00820	0.00497	0.00488	0.00135	0.05248	0.00394	0.00322	0.03861
3	0.00767	0.00384	0.00575	0.00575	0.00575	0.00384	0.00384	0.00575	0.00575	0.00767	0.00767	0.01343	0.00767	0.01534	0.01726	0.87150	0.00384	0.00384	0.00192	0.00192
4	0.01264	0.70169	0.02127	0.00823	0.01174	0.16026	0.00773	0.01400	0.00960	0.01046	0.00626	0.00724	0.00567	0.00391	0.00304	0.00098	0.00529	0.00245	0.00196	0.00557
5	0.01042	0.01191	0.02606	0.01862	0.02308	0.01117	0.80119	0.01415	0.01042	0.01415	0.00894	0.01191	0.00670	0.00372	0.00521	0.00149	0.00745	0.00521	0.00223	0.00596
6	0.00642	0.00428	0.00482	0.00482	0.00482	0.00428	0.00268	0.00642	0.00642	0.00856	0.01392	0.02890	0.01606	0.84478	0.02248	0.00428	0.00428	0.00642	0.00268	0.00268
7	0.01445	0.00987	0.07143	0.01575	0.32601	0.00863	0.00993	0.05541	0.02998	0.34803	0.01323	0.05645	0.00987	0.00522	0.00446	0.00137	0.00452	0.00458	0.00378	0.00702
8	0.00792	0.00549	0.00684	0.00625	0.00768	0.00539	0.00477	0.01159	0.13645	0.07290	0.63622	0.02919	0.03518	0.00831	0.00505	0.00140	0.00242	0.00728	0.00485	0.00484
9	0.01650	0.02105	0.01252	0.01138	0.01365	0.82705	0.00853	0.01764	0.01252	0.01081	0.00683	0.00796	0.00569	0.00455	0.00398	0.00114	0.00796	0.00284	0.00228	0.00512
10	0.00932	0.02004	0.63550	0.01556	0.16676	0.01034	0.05315	0.01391	0.00951	0.01408	0.00804	0.00974	0.00591	0.00413	0.00428	0.00139	0.00633	0.00348	0.00194	0.00659
11	0.01039	0.07083	0.34272	0.06348	0.20340	0.01020	0.09291	0.01392	0.00987	0.08140	0.01073	0.01218	0.04921	0.00455	0.00434	0.00136	0.00571	0.00401	0.00240	0.00636
12	0.01032	0.00982	0.01652	0.04275	0.72004	0.00981	0.01254	0.01279	0.00998	0.01409	0.01128	0.03787	0.06310	0.00474	0.00447	0.00134	0.00497	0.00456	0.00237	0.00662
13	0.00674	0.00464	0.00517	0.00510	0.00527	0.00474	0.00297	0.00759	0.06151	0.00924	0.01419	0.02805	0.01588	0.78723	0.02125	0.00409	0.00423	0.00632	0.00280	0.00297
14	0.84503	0.00899	0.00671	0.00601	0.00873	0.03933	0.00492	0.01315	0.00770	0.01949	0.00617	0.00720	0.00482	0.00412	0.00278	0.00136	0.00358	0.00241	0.00272	0.00480
15	0.00569	0.00443	0.00517	0.00512	0.00629	0.00391	0.00379	0.00721	0.01099	0.01444	0.38552	0.11694	0.39368	0.01049	0.00526	0.00148	0.00220	0.00905	0.00444	0.00391
16	0.03265	0.08102	0.26923	0.06821	0.21158	0.01096	0.05820	0.01541	0.16851	0.01466	0.01040	0.01168	0.01909	0.00454	0.00424	0.00137	0.00534	0.00392	0.00255	0.00644
17	0.01598	0.01115	0.01220	0.00931	0.01287	0.02410	0.00765	0.56228	0.01773	0.13047	0.01102	0.01092	0.00778	0.00499	0.00423	0.00122	0.00451	0.00381	0.00424	0.14354
18	0.01308	0.01158	0.06749	0.01090	0.06669	0.01195	0.00861	0.32303	0.39645	0.02151	0.01379	0.01335	0.01020	0.00546	0.00444	0.00141	0.00435	0.00441	0.00413	0.00716
19	0.00636	0.00452	0.00604	0.00604	0.00646	0.00494	0.00420	0.00721	0.00678	0.00947	0.01280	0.02273	0.01338	0.41093	0.45267	0.00579	0.00832	0.00552	0.00251	0.00335
20	0.01206	0.80386	0.02258	0.00776	0.01146	0.06017	0.00761	0.01346	0.00916	0.01041	0.00618	0.00713	0.00567	0.00382	0.00289	0.00095	0.00489	0.00239	0.00191	0.00564
21	0.00886	0.02285	0.82190	0.01259	0.01912	0.01026	0.01632	0.01399	0.00932	0.01399	0.00793	0.00932	0.00559	0.00420	0.00420	0.00140	0.00653	0.00326	0.00186	0.00653
22	0.01099	0.01331	0.10585	0.01152	0.01282	0.16960	0.01007	0.03295	0.00854	0.01149	0.00652	0.00951	0.00593	0.00729	0.03141	0.00183	0.53956	0.00362	0.00207	0.00513
23	0.00628	0.06161	0.06230	0.00639	0.00725	0.00513	0.00485	0.00722	0.00810	0.01080	0.01968	0.54810	0.02309	0.19740	0.00910	0.00226	0.00336	0.00987	0.00348	0.00373
24	0.00631	0.00473	0.00710	0.00710	0.00789	0.00552	0.00552	0.00789	0.00710	0.01025	0.01183	0.01735	0.01104	0.03312	0.82728	0.00710	0.01183	0.00473	0.00237	0.00394
25	0.01099	0.00949	0.00999	0.00899	0.01148	0.01099	0.00699	0.02347	0.80925	0.01848	0.01798	0.01648	0.01348	0.00599	0.00449	0.00150	0.00350	0.00499	0.00449	0.00699
26	0.01067	0.00916	0.00971	0.00876	0.01116	0.01053	0.00680	0.02246	0.75602	0.01842	0.07122	0.01758	0.01537	0.00619	0.00454	0.00149	0.00340	0.00519	0.00452	0.00680
27	0.01003	0.00891	0.01497	0.43327	0.36368	0.00985	0.01242	0.01275	0.00958	0.05532	0.00881	0.01224	0.00696	0.00440	0.00443	0.00141	0.00547	0.01730	0.00228	0.00592
28	0.00527	0.00435	0.00463	0.00482	0.00606	0.00371	0.00351	0.00634	0.00980	0.01191	0.05459	0.19730	0.64916	0.01166	0.00530	0.00155	0.00230	0.00992	0.00411	0.00371
29	0.01541	0.19925	0.01496	0.01074	0.02709	0.58049	0.00840	0.07166	0.01228	0.01198	0.00697	0.00801	0.00583	0.00443	0.00377	0.00111	0.00700	0.00284	0.00234	0.00544
30	0.01036	0.00941	0.01367	0.05243	0.40996	0.01004	0.01021	0.01648	0.29850	0.01583	0.06579	0.01467	0.01175	0.00609	0.03410	0.00160	0.00467	0.00462	0.00319	0.00661
31	0.05822	0.20853	0.06920	0.01013	0.03309	0.20939	0.00864	0.28487	0.02739	0.03858	0.00850	0.00912	0.00656	0.00462	0.00385	0.00120	0.00557	0.00323	0.00303	0.00628
32	0.03774	0.35034	0.01590	0.00828	0.01157	0.07685	0.00730	0.08414	0.01146	0.29169	0.02308	0.01071	0.00819	0.00481	0.00414	0.00120	0.03942	0.00341	0.00344	0.00634
33	0.00983	0.00812	0.01004	0.00848	0.07847	0.00655	0.00611	0.02499	0.00952	0.04737	0.00850	0.02059	0.00706	0.00367	0.00368	0.00079	0.01932	0.00298	0.00273	0.72121
34	0.01282	0.40344	0.07180	0.01136	0.08078	0.22638	0.05346	0.04611	0.01050	0.01199	0.00694	0.00827	0.00592	0.00419	0.00389	0.00113	0.03018	0.00295	0.00214	0.00576
35	0.00635	0.00458	0.00633	0.00633	0.00686	0.00511	0.00457	0.00740	0.00687	0.00969	0.01253	0.02122	0.01272	0.30478	0.55792	0.00616	0.00930	0.00530	0.00247	0.00352
36	0.02235	0.03724	0.13242	0.05938	0.18875	0.05581	0.17361	0.03153	0.01024	0.12711	0.00944	0.02146	0.00725	0.00478	0.00559	0.00143	0.09858	0.00415	0.00265	0.00623
37	0.01050	0.03736	0.25458	0.05135	0.17953	0.04018	0.24292	0.01462	0.05710	0.03553	0.00900	0.01098	0.00683	0.00424	0.00477	0.00141	0.02637	0.00410	0.00231	0.00633
38	0.00895	0.00865	0.01379	0.70684	0.12507	0.03932	0.01229	0.01179	0.00911	0.01165	0.00787	0.01154	0.00601	0.00436	0.00439	0.00144	0.00588	0.00389	0.00200	0.00517
39	0.00610	0.00417	0.00561	0.00629	0.00681	0.00396	0.00444	0.00718	0.00911	0.03623	0.12392	0.60619	0.02885	0.02582	0.04915	0.00206	0.00315	0.06301	0.00412	0.00382
40	0.01198	0.01202	0.16097	0.08810	0.35310	0.02031	0.06736	0.02646	0.01059	0.16525	0.03407	0.01217	0.00839	0.00448	0.00444	0.00136	0.00534	0.00410	0.00284	0.00666
41	0.00898	0.01482	0.40269	0.09971	0.15823	0.00890	0.01232	0.01229	0.00897	0.03675	0.01004	0.01430	0.02210	0.16250	0.00772	0.00193	0.00565	0.00419	0.00223	0.00570
42	0.01982	0.00752	0.01025	0.00786	0.01127	0.00649	0.00649	0.02152	0.01264	0.82029	0.01742	0.01503	0.01093	0.00547	0.00444	0.00137	0.00376	0.00444	0.00547	0.00752
43	0.00997	0.16367	0.49978	0.01333	0.08497	0.03677	0.08269	0.01419	0.03039	0.01343	0.00796	0.00944	0.00603	0.00412	0.00406	0.00131	0.00615	0.00337	0.00201	0.00634
44	0.00951	0.00910	0.01537	0.41213	0.30879	0.01007	0.06753	0.01298	0.06289	0.01310	0.00973	0.01260	0.02797	0.00448	0.00448	0.00142	0.00551	0.00423	0.00229	0.00583
45	0.00549	0.00440	0.00493	0.00522	0.00637	0.00384	0.00389	0.00667	0.00990	0.01229	0.09005	0.21158	0.52954	0.01169	0.00538	0.00160	0.00245	0.07680	0.00415	0.00376
46	0.01828	0.00970	0.10895	0.00859	0.01239	0.00743	0.00781	0.07279	0.01278	0.66950	0.01582	0.01404	0.01006	0.00530	0.00441	0.00137	0.00417	0.00427	0.00496	0.00740
47	0.01043	0.02447	0.03024	0.26114	0.53530	0.01029	0.01290	0.01314	0.00975	0.03824	0.00841	0.01121	0.00675	0.00412	0.00436	0.00136	0.00540	0.00391	0.00221	0.00637
48	0.00917	0.10959	0.73787	0.01206	0.01830	0.01102	0.01540	0.01391	0.00929	0.01361	0.00774	0.00909	0.00560	0.00415	0.00405	0.00135	0.00634	0.00317	0.00187	0.00644
49	0.00522	0.00447	0.00447	0.00447	0.00597	0.00373	0.00336	0.00634	0.01007	0.01193	0.04474	0.04250	0.81544	0.01119	0.00522	0.00149	0.00224	0.00932	0.00410	0.00373
50	0.00850	0.01962	0.66889	0.01248	0.05949	0.00937	0.01452	0.01290	0.00925	0.01364	0.01017	0.12216	0.00887	0.00549	0.00440	0.00145	0.00592	0.00456	0.00218	0.00615
51	0.15179	0.01194	0.01307	0.02457	0.01385	0.05805	0.07480	0.51501	0.03432	0.04551	0.00985	0.01030	0.00711	0.00494	0.00420	0.00134	0.00498	0.00380	0.00383	0.00676
52	0.01180	0.01183	0.02348	0.01692	0.02118	0.02660	0.65482	0.09107	0.01162	0.07072	0.00964	0.01193	0.00705	0.00401	0.00506	0.00146	0.00695	0.00499	0.00267	0.00620
53	0.37330	0.01950	0.00950	0.00768	0.01072	0.04338	0.00626	0.21013	0.07534	0.11700	0.02311	0.01030	0.00767	0.00475	0.00362	0.00130	0.00399	0.00336	0.00362	0.06546

[dist]
# distance from previous block
# <min> <max>
1	2

[block]
# block no. 6 follows, 59 sequences, length 11
# corresponding to MSA columns:
# 647-657
name=unknown_G
#
# <colnr> <probs for GDERKNQSTAVLIFYWHMCP>
#	G	D	E	R	K	N	Q	S	T	A	V	L	I	F	Y	W	H	M	C	P
0	0.51750	0.01019	0.00845	0.00744	0.01014	0.08205	0.00596	0.08348	0.20346	0.01939	0.00946	0.00979	0.00720	0.00470	0.00341	0.00137	0.00396	0.00320	0.00326	0.00558
1	0.01525	0.24170	0.01535	0.01036	0.01303	0.61089	0.00827	0.01646	0.01157	0.01070	0.00664	0.00773	0.00568	0.00434	0.00368	0.00109	0.00710	0.00272	0.00217	0.00527
2	0.00690	0.00587	0.00812	0.20787	0.03340	0.00603	0.00652	0.00875	0.00981	0.01304	0.17520	0.10310	0.23511	0.00914	0.03242	0.00163	0.02877	0.02466	0.00342	0.08024
3	0.00927	0.00921	0.01274	0.01097	0.01110	0.01267	0.00911	0.01025	0.00705	0.01074	0.00921	0.01254	0.07670	0.00803	0.01368	0.00189	0.76362	0.00434	0.00212	0.00473
4	0.00551	0.00428	0.00503	0.00536	0.00633	0.00380	0.00388	0.00669	0.00990	0.01268	0.16169	0.32039	0.38778	0.01180	0.00539	0.00160	0.00239	0.03750	0.00422	0.00376
5	0.01480	0.11040	0.01066	0.00765	0.01021	0.05900	0.00621	0.01623	0.01112	0.45244	0.01720	0.20970	0.01474	0.00740	0.00455	0.00142	0.00387	0.03183	0.00446	0.00610
6	0.00886	0.02285	0.82190	0.01259	0.01912	0.01026	0.01632	0.01399	0.00932	0.01399	0.00793	0.00932	0.00559	0.00420	0.00420	0.00140	0.00653	0.00326	0.00186	0.00653
7	0.01003	0.35171	0.50334	0.01058	0.01601	0.01314	0.01282	0.01368	0.00918	0.01255	0.00721	0.00843	0.00562	0.00403	0.00365	0.00122	0.00581	0.00290	0.00187	0.00618
8	0.00834	0.00785	0.01325	0.83417	0.03042	0.00981	0.01227	0.01128	0.00883	0.01128	0.00785	0.01178	0.00589	0.00442	0.00442	0.00147	0.00589	0.00393	0.00196	0.00491
9	0.79775	0.00968	0.00704	0.00632	0.00901	0.08428	0.00512	0.01341	0.00797	0.01900	0.00621	0.00725	0.00487	0.00414	0.00285	0.00135	0.00383	0.00243	0.00269	0.00481
10	0.00585	0.00474	0.00582	0.03212	0.02947	0.00442	0.00443	0.00720	0.01011	0.01306	0.20613	0.22257	0.39503	0.01082	0.00550	0.00154	0.02382	0.00932	0.00409	0.00395

[dist]
# distance from previous block
# <min> <max>
3	6

[block]
# block no. 7 follows, 59 sequences, length 12
# corresponding to MSA columns:
# 665-676
name=unknown_H
#
# <colnr> <probs for GDERKNQSTAVLIFYWHMCP>
#	G	D	E	R	K	N	Q	S	T	A	V	L	I	F	Y	W	H	M	C	P
0	0.08219	0.04869	0.04168	0.00963	0.01311	0.03482	0.00819	0.63000	0.01822	0.02495	0.01108	0.01120	0.03569	0.00529	0.00423	0.00132	0.00479	0.00392	0.00402	0.00699
1	0.69188	0.07395	0.03771	0.00664	0.00956	0.05725	0.00572	0.01376	0.04282	0.01831	0.00677	0.00769	0.00531	0.00419	0.00294	0.00133	0.00389	0.00256	0.00269	0.00503
2	0.00674	0.00543	0.03961	0.00676	0.00801	0.00464	0.00564	0.00854	0.01048	0.03652	0.22678	0.18277	0.14580	0.01102	0.00554	0.00170	0.00312	0.28253	0.00423	0.00415
3	0.01181	0.84744	0.02314	0.00756	0.01134	0.01748	0.00756	0.01323	0.00897	0.01039	0.00614	0.00708	0.00567	0.00378	0.00283	0.00094	0.00472	0.00236	0.00189	0.00567
4	0.00886	0.02285	0.82190	0.01259	0.01912	0.01026	0.01632	0.01399	0.00932	0.01399	0.00793	0.00932	0.00559	0.00420	0.00420	0.00140	0.00653	0.00326	0.00186	0.00653
5	0.00886	0.02285	0.82190	0.01259	0.01912	0.01026	0.01632	0.01399	0.00932	0.01399	0.00793	0.00932	0.00559	0.00420	0.00420	0.00140	0.00653	0.00326	0.00186	0.00653
6	0.01181	0.84744	0.02314	0.00756	0.01134	0.01748	0.00756	0.01323	0.00897	0.01039	0.00614	0.00708	0.00567	0.00378	0.00283	0.00094	0.00472	0.00236	0.00189	0.00567
7	0.00976	0.00910	0.01527	0.05587	0.62893	0.00913	0.01168	0.01203	0.00970	0.01369	0.01138	0.17117	0.01123	0.00586	0.00462	0.00141	0.00476	0.00560	0.00255	0.00625
8	0.00631	0.00473	0.00710	0.00710	0.00789	0.00552	0.00552	0.00789	0.00710	0.01025	0.01183	0.01735	0.01104	0.03312	0.82728	0.00710	0.01183	0.00473	0.00237	0.00394
9	0.01679	0.01237	0.01325	0.01016	0.01370	0.01370	0.00839	0.80251	0.02077	0.02783	0.01060	0.01060	0.00751	0.00530	0.00442	0.00133	0.00486	0.00398	0.00442	0.00751
10	0.87598	0.00854	0.00649	0.00581	0.00854	0.00991	0.00478	0.01298	0.00752	0.01982	0.00615	0.00717	0.00478	0.00410	0.00273	0.00137	0.00342	0.00239	0.00273	0.00478
11	0.00625	0.00451	0.00590	0.00556	0.00660	0.00417	0.00417	0.00833	0.01250	0.01771	0.81490	0.03299	0.04167	0.00903	0.00521	0.00139	0.00208	0.00799	0.00486	0.00417

[dist]
# distance from previous block
# <min> <max>
7	34

[block]
# block no. 8 follows, 59 sequences, length 11
# corresponding to MSA columns:
# 711-721
name=unknown_I
#
# <colnr> <probs for GDERKNQSTAVLIFYWHMCP>
#	G	D	E	R	K	N	Q	S	T	A	V	L	I	F	Y	W	H	M	C	P
0	0.00657	0.00480	0.00646	0.00719	0.00813	0.00453	0.00572	0.00808	0.00938	0.01251	0.02251	0.37247	0.02543	0.01214	0.00568	0.00182	0.00338	0.40434	0.00396	0.07488
1	0.08589	0.03956	0.01051	0.00784	0.01118	0.06924	0.00645	0.01940	0.01181	0.60014	0.01453	0.01310	0.00950	0.00505	0.00412	0.00128	0.00405	0.00393	0.00464	0.07778
2	0.01493	0.00770	0.01106	0.00889	0.01178	0.00718	0.08769	0.07149	0.05065	0.44678	0.06109	0.05169	0.04403	0.00681	0.00483	0.00148	0.00404	0.09669	0.00472	0.00646
3	0.00537	0.00391	0.00506	0.00598	0.00636	0.00360	0.00403	0.00617	0.00862	0.01134	0.02637	0.76246	0.10734	0.01357	0.00560	0.00176	0.00253	0.01223	0.00410	0.00360
4	0.05684	0.00981	0.01685	0.24342	0.48186	0.01035	0.09101	0.01297	0.00962	0.01384	0.00813	0.01105	0.00655	0.00405	0.00438	0.00138	0.00554	0.00398	0.00216	0.00621
5	0.03897	0.01035	0.01206	0.01197	0.12504	0.11582	0.07274	0.17705	0.06786	0.04681	0.01553	0.07412	0.07257	0.03118	0.00526	0.00155	0.00488	0.10698	0.00350	0.00574
6	0.07516	0.01474	0.01273	0.01319	0.16652	0.37235	0.00880	0.09897	0.03859	0.11422	0.00917	0.00995	0.00700	0.00460	0.00406	0.00123	0.00597	0.00340	0.00299	0.03636
7	0.04114	0.00984	0.01083	0.00983	0.06745	0.09387	0.00730	0.17065	0.04544	0.22076	0.04606	0.08166	0.01190	0.00615	0.00488	0.00135	0.04426	0.03039	0.00394	0.09231
8	0.13143	0.02467	0.01237	0.02796	0.30822	0.07999	0.00879	0.07419	0.01100	0.09565	0.03879	0.01500	0.10785	0.00530	0.00418	0.00130	0.00450	0.00439	0.00310	0.04132
9	0.01318	0.04500	0.01364	0.01192	0.11752	0.09962	0.08309	0.17113	0.05217	0.11735	0.01087	0.05078	0.00866	0.00488	0.00421	0.00120	0.00485	0.00414	0.00334	0.18247
10	0.06505	0.02844	0.03397	0.01203	0.09612	0.09607	0.13313	0.19854	0.07163	0.05642	0.03173	0.02655	0.10907	0.00577	0.00451	0.00138	0.00501	0.01511	0.00342	0.00606

[dist]
# distance from previous block
# <min> <max>
10	53

[block]
# block no. 9 follows, 59 sequences, length 7
# corresponding to MSA columns:
# 796-802
name=unknown_J
#
# <colnr> <probs for GDERKNQSTAVLIFYWHMCP>
#	G	D	E	R	K	N	Q	S	T	A	V	L	I	F	Y	W	H	M	C	P
0	0.01733	0.00921	0.01017	0.00811	0.01119	0.09587	0.00657	0.11445	0.01331	0.53896	0.01873	0.01703	0.10661	0.00603	0.00448	0.00135	0.00417	0.00480	0.00483	0.00680
1	0.05808	0.00747	0.00680	0.00620	0.00801	0.09451	0.00477	0.10535	0.01195	0.01530	0.18020	0.03105	0.43611	0.00893	0.00484	0.00141	0.00322	0.00732	0.00401	0.00448
2	0.00839	0.00592	0.00677	0.00638	0.00805	0.00583	0.00483	0.01242	0.20389	0.10185	0.15589	0.16239	0.28122	0.00940	0.00503	0.00151	0.00273	0.00806	0.00447	0.00498
3	0.02191	0.01583	0.01767	0.01483	0.01813	0.04148	0.04946	0.42997	0.02006	0.13988	0.01795	0.04593	0.01489	0.01033	0.00870	0.00271	0.10712	0.00658	0.00627	0.01030
4	0.11971	0.00982	0.01063	0.00851	0.01145	0.01060	0.00693	0.42747	0.07083	0.11975	0.14467	0.01483	0.01366	0.00584	0.00435	0.00136	0.00400	0.00457	0.00442	0.00659
5	0.01372	0.00954	0.01117	0.04134	0.05339	0.01035	0.00768	0.24220	0.30892	0.16274	0.04112	0.03572	0.01229	0.00597	0.00454	0.00143	0.00405	0.02248	0.00442	0.00691
6	0.10019	0.01437	0.01763	0.02015	0.33333	0.03581	0.01215	0.04027	0.09256	0.20317	0.01925	0.02246	0.04009	0.00947	0.00727	0.00264	0.00682	0.00642	0.00575	0.01020

[dist]
# distance from previous block
# <min> <max>
6	231

[block]
# block no. 10 follows, 59 sequences, length 13
# corresponding to MSA columns:
# 1042-1054
name=unknown_K
#
# <colnr> <probs for GDERKNQSTAVLIFYWHMCP>
#	G	D	E	R	K	N	Q	S	T	A	V	L	I	F	Y	W	H	M	C	P
0	0.01247	0.04285	0.18142	0.08733	0.10375	0.12772	0.18917	0.01543	0.01063	0.15596	0.00995	0.02640	0.00742	0.00452	0.00446	0.00136	0.00612	0.00412	0.00273	0.00619
1	0.07253	0.06019	0.01235	0.00985	0.03581	0.18841	0.00770	0.32436	0.06189	0.12721	0.01157	0.01181	0.03136	0.01997	0.00447	0.00134	0.00513	0.00385	0.00374	0.00647
2	0.01030	0.01646	0.38087	0.08812	0.02053	0.01100	0.26076	0.11049	0.01097	0.01541	0.00851	0.01052	0.00621	0.00429	0.00481	0.00144	0.02668	0.00404	0.00230	0.00628
3	0.00718	0.00569	0.00628	0.00584	0.00754	0.00519	0.00437	0.10459	0.01079	0.01394	0.03043	0.22982	0.40861	0.02905	0.00538	0.00151	0.00281	0.00858	0.00393	0.10848
4	0.01456	0.15458	0.17424	0.01014	0.01393	0.17754	0.04345	0.06860	0.01156	0.24067	0.01033	0.01064	0.00742	0.00525	0.02052	0.00138	0.02218	0.00353	0.00316	0.00633
5	0.01344	0.08875	0.24653	0.01001	0.01441	0.04642	0.01004	0.29628	0.01384	0.10099	0.00964	0.01009	0.00695	0.00459	0.00406	0.00123	0.00516	0.00346	0.00326	0.11085
6	0.00684	0.00491	0.00608	0.00652	0.00715	0.00486	0.00450	0.10190	0.00977	0.01304	0.02182	0.67379	0.02550	0.08250	0.00690	0.00195	0.00298	0.01101	0.00402	0.00398
7	0.01097	0.00889	0.01421	0.19435	0.39900	0.00894	0.01098	0.01344	0.01000	0.11054	0.01024	0.01395	0.00839	0.00469	0.00437	0.00132	0.00489	0.05555	0.00271	0.11256
8	0.01111	0.05073	0.29010	0.02964	0.24104	0.04349	0.04337	0.04475	0.01036	0.07594	0.00877	0.01023	0.00664	0.00413	0.00414	0.00125	0.00550	0.00352	0.00246	0.11283
9	0.00730	0.00547	0.00693	0.00771	0.10317	0.00523	0.00430	0.00786	0.00720	0.00998	0.01250	0.02432	0.01380	0.64042	0.01795	0.00348	0.00427	0.00566	0.00261	0.10987
10	0.01553	0.01115	0.01202	0.00934	0.01262	0.01210	0.00768	0.66390	0.01903	0.06737	0.01515	0.01475	0.10685	0.00603	0.00452	0.00135	0.00448	0.00466	0.00443	0.00705
11	0.01412	0.01316	0.22471	0.01180	0.01623	0.00957	0.18781	0.13627	0.01251	0.29298	0.02859	0.01255	0.00872	0.00479	0.00456	0.00140	0.00544	0.00431	0.00363	0.00684
12	0.01400	0.01316	0.01392	0.01637	0.31239	0.24652	0.00991	0.06928	0.13325	0.11175	0.01060	0.01139	0.00811	0.00470	0.00429	0.00130	0.00556	0.00384	0.00310	0.00655

[dist]
# distance from previous block
# <min> <max>
0	2

[block]
# block no. 11 follows, 59 sequences, length 12
# corresponding to MSA columns:
# 1061-1072
name=unknown_L
#
# <colnr> <probs for GDERKNQSTAVLIFYWHMCP>
#	G	D	E	R	K	N	Q	S	T	A	V	L	I	F	Y	W	H	M	C	P
0	0.00688	0.00498	0.00576	0.00533	0.00618	0.00454	0.00338	0.00738	0.00723	0.01010	0.01384	0.11777	0.01557	0.57320	0.01652	0.00324	0.00387	0.00633	0.00283	0.18508
1	0.01050	0.01215	0.12330	0.05645	0.59383	0.01051	0.10129	0.01359	0.00995	0.01421	0.00831	0.01086	0.00674	0.00396	0.00444	0.00135	0.00568	0.00399	0.00214	0.00674
2	0.00682	0.00557	0.00797	0.01008	0.17648	0.00526	0.00599	0.00848	0.01043	0.01425	0.29497	0.26287	0.15443	0.00969	0.00516	0.00151	0.00291	0.00867	0.00396	0.00452
3	0.00920	0.00800	0.00952	0.00696	0.01056	0.00652	0.00560	0.01108	0.00896	0.01408	0.00768	0.00920	0.00648	0.00364	0.00419	0.00076	0.07173	0.00272	0.00256	0.80057
4	0.01015	0.00794	0.01096	0.01049	0.08704	0.00878	0.04902	0.11683	0.07603	0.07858	0.01559	0.01767	0.11420	0.02677	0.22915	0.00307	0.12403	0.00508	0.00321	0.00543
5	0.01086	0.14540	0.06524	0.03356	0.26015	0.01035	0.02708	0.01307	0.00995	0.09355	0.11352	0.01324	0.01140	0.00511	0.00528	0.00130	0.09688	0.00413	0.00279	0.07716
6	0.00715	0.00565	0.00775	0.00901	0.11290	0.00527	0.00603	0.00885	0.01006	0.01373	0.19278	0.13362	0.10950	0.07169	0.00648	0.00175	0.00335	0.20406	0.00376	0.08660
7	0.01098	0.01027	0.11551	0.00786	0.01203	0.00738	0.00715	0.10033	0.01080	0.09229	0.00907	0.00990	0.00694	0.00383	0.00363	0.00089	0.00392	0.00302	0.00299	0.58121
8	0.01245	0.03635	0.25063	0.01195	0.06632	0.04851	0.05806	0.21791	0.07272	0.08180	0.01138	0.01410	0.00891	0.00532	0.00446	0.00140	0.00539	0.06819	0.00326	0.02088
9	0.01302	0.48950	0.10575	0.00854	0.01244	0.01433	0.00841	0.10282	0.07449	0.11878	0.00924	0.00950	0.00717	0.00439	0.00350	0.00114	0.00471	0.00312	0.00284	0.00631
10	0.10421	0.00632	0.00813	0.00948	0.11336	0.00646	0.00632	0.08418	0.01047	0.01526	0.10880	0.33835	0.02234	0.00984	0.00506	0.00163	0.00342	0.13786	0.00381	0.00468
11	0.00954	0.00821	0.01128	0.03077	0.27780	0.02889	0.00828	0.09926	0.07476	0.01569	0.11989	0.23098	0.01787	0.00751	0.00478	0.00144	0.00395	0.00673	0.00348	0.03888

[dist]
# distance from previous block
# <min> <max>
42	232

[block]
# block no. 12 follows, 59 sequences, length 6
# corresponding to MSA columns:
# 1453-1458
name=unknown_M
#
# <colnr> <probs for GDERKNQSTAVLIFYWHMCP>
#	G	D	E	R	K	N	Q	S	T	A	V	L	I	F	Y	W	H	M	C	P
0	0.17906	0.00904	0.01202	0.08318	0.15083	0.02538	0.06673	0.03400	0.09308	0.14654	0.03908	0.01226	0.00902	0.00526	0.02249	0.00144	0.00456	0.00392	0.00325	0.09888
1	0.01374	0.10900	0.04628	0.00978	0.01321	0.13600	0.05482	0.27948	0.01377	0.06332	0.00989	0.01059	0.02722	0.00476	0.00440	0.00118	0.03578	0.00358	0.00321	0.16000
2	0.00629	0.00422	0.00486	0.00499	0.00503	0.00419	0.00286	0.00639	0.00669	0.00892	0.01529	0.13608	0.01779	0.73524	0.02026	0.00395	0.00406	0.00723	0.00286	0.00280
3	0.00626	0.00421	0.00486	0.00502	0.00506	0.00417	0.00290	0.00638	0.00674	0.00898	0.01554	0.15516	0.01810	0.71574	0.01986	0.00390	0.00401	0.00738	0.00290	0.00282
4	0.53307	0.03980	0.04958	0.11644	0.04374	0.00988	0.00687	0.04248	0.00858	0.05106	0.00765	0.00978	0.00612	0.05400	0.00440	0.00154	0.00414	0.00308	0.00271	0.00510
5	0.12101	0.08216	0.07384	0.00935	0.05270	0.04024	0.00764	0.21903	0.03313	0.07086	0.02718	0.12001	0.01056	0.00591	0.00429	0.00131	0.02005	0.00467	0.00341	0.09266

[dist]
# distance from previous block
# <min> <max>
5	12

[block]
# block no. 13 follows, 59 sequences, length 20
# corresponding to MSA columns:
# 1472-1491
name=unknown_N
#
# <colnr> <probs for GDERKNQSTAVLIFYWHMCP>
#	G	D	E	R	K	N	Q	S	T	A	V	L	I	F	Y	W	H	M	C	P
