[name]
unknown

[dist]
# distance from previous block
# <min> <max>
5	161

[block]
# block no. 0 follows, 70 sequences, length 46
# corresponding to MSA columns:
# 184-229
name=unknown_A
#
# <colnr> <probs for GDERKNQSTAVLIFYWHMCP>
#	G	D	E	R	K	N	Q	S	T	A	V	L	I	F	Y	W	H	M	C	P
0	0.01078	0.17645	0.08214	0.00885	0.07770	0.05510	0.00714	0.15167	0.12825	0.08706	0.03580	0.02538	0.03184	0.05048	0.00443	0.00124	0.00401	0.00368	0.00292	0.05511
1	0.00933	0.03404	0.13764	0.00863	0.03296	0.09596	0.07804	0.10012	0.04117	0.04807	0.12419	0.02065	0.07311	0.01688	0.02730	0.00127	0.00432	0.00415	0.00282	0.13937
2	0.04189	0.03322	0.02533	0.05147	0.12435	0.06103	0.00772	0.12119	0.09999	0.04509	0.03160	0.04561	0.00824	0.00617	0.03904	0.00149	0.20505	0.00379	0.00262	0.04510
3	0.03799	0.10249	0.02525	0.01905	0.06644	0.02528	0.02677	0.12450	0.07295	0.06183	0.07824	0.18959	0.09614	0.00659	0.00398	0.00122	0.00334	0.00560	0.00321	0.04955
4	0.04784	0.03161	0.03222	0.04920	0.02277	0.05406	0.02021	0.18752	0.07632	0.06200	0.09268	0.08215	0.02695	0.00515	0.00372	0.00109	0.00359	0.00424	0.00315	0.19351
5	0.03347	0.06427	0.07702	0.02165	0.04159	0.02041	0.02437	0.11487	0.09590	0.05308	0.09729	0.23266	0.05467	0.00735	0.00438	0.00139	0.00358	0.01606	0.00348	0.03250
6	0.05987	0.06076	0.08538	0.02239	0.05042	0.05427	0.02908	0.16663	0.22943	0.08126	0.03783	0.02837	0.00901	0.00460	0.00369	0.00116	0.00395	0.00370	0.00318	0.06502
7	0.06305	0.03276	0.22365	0.01037	0.09403	0.08734	0.07233	0.09747	0.03035	0.03937	0.03317	0.08117	0.04300	0.02433	0.02643	0.00139	0.00475	0.00418	0.00252	0.02834
8	0.05051	0.06254	0.00783	0.00639	0.02475	0.02725	0.04237	0.07632	0.03660	0.05743	0.04403	0.16439	0.29552	0.03112	0.00456	0.00131	0.00299	0.00638	0.00327	0.05445
9	0.00855	0.00805	0.10081	0.06394	0.06007	0.00727	0.02237	0.05985	0.04962	0.09071	0.01311	0.14090	0.07259	0.06823	0.01812	0.00155	0.12999	0.00506	0.00278	0.07641
10	0.00704	0.00634	0.05857	0.00845	0.09760	0.00553	0.05042	0.07381	0.02440	0.03367	0.03299	0.38314	0.09598	0.08411	0.00583	0.00159	0.00326	0.00749	0.00315	0.01662
11	0.02124	0.01940	0.10130	0.04372	0.27345	0.05635	0.06006	0.06412	0.07307	0.03199	0.00816	0.00989	0.00654	0.02557	0.00429	0.01978	0.00443	0.00329	0.00232	0.17102
12	0.01183	0.00994	0.09338	0.00876	0.01180	0.00923	0.07446	0.35765	0.08853	0.11620	0.03485	0.03400	0.06222	0.00509	0.00416	0.00120	0.02198	0.00418	0.00348	0.04707
13	0.00945	0.00933	0.02793	0.01003	0.02687	0.04906	0.08301	0.09816	0.02706	0.01211	0.00648	0.00876	0.00560	0.00525	0.00831	0.00134	0.44439	0.00329	0.00213	0.16144
14	0.05195	0.01180	0.26078	0.04743	0.17858	0.00887	0.04252	0.15082	0.01005	0.03760	0.04354	0.06170	0.03008	0.00480	0.00427	0.00125	0.04199	0.00400	0.00250	0.00546
15	0.03318	0.00802	0.02850	0.11667	0.13162	0.08661	0.02534	0.03011	0.13941	0.02828	0.02369	0.03078	0.03062	0.02750	0.00690	0.19412	0.02478	0.00385	0.00242	0.02760
16	0.00614	0.00506	0.05164	0.00574	0.03989	0.00450	0.00380	0.02795	0.00649	0.00882	0.03271	0.06894	0.01381	0.62051	0.05662	0.03245	0.00409	0.00552	0.00241	0.00291
17	0.34541	0.00816	0.03239	0.16312	0.14506	0.05161	0.00730	0.02163	0.00774	0.01358	0.03883	0.04448	0.00727	0.00585	0.05440	0.00154	0.04152	0.00336	0.00225	0.00451
18	0.03329	0.16830	0.11178	0.01207	0.16166	0.09359	0.10682	0.14286	0.01022	0.04660	0.00802	0.04131	0.00661	0.00470	0.02319	0.00125	0.01646	0.00347	0.00236	0.00545
19	0.00560	0.00375	0.00446	0.00452	0.00460	0.00380	0.00270	0.00572	0.00581	0.00780	0.01255	0.08641	0.01432	0.69687	0.09326	0.03289	0.00423	0.00583	0.00240	0.00249
20	0.00487	0.00383	0.00442	0.00467	0.00558	0.00343	0.00342	0.00588	0.00844	0.01065	0.09832	0.24133	0.45470	0.04210	0.04010	0.00169	0.00253	0.05721	0.00355	0.00327
21	0.00842	0.00784	0.04420	0.07073	0.12155	0.00848	0.00748	0.03366	0.20266	0.03677	0.14137	0.01587	0.07985	0.00596	0.00604	0.00135	0.19528	0.00459	0.00296	0.00497
22	0.00938	0.00935	0.03889	0.08250	0.75847	0.00916	0.01189	0.01177	0.00873	0.01246	0.00725	0.00961	0.00604	0.00349	0.00384	0.00116	0.00468	0.00344	0.00190	0.00600
23	0.00900	0.00938	0.01142	0.00991	0.01019	0.10923	0.00814	0.00990	0.00655	0.00933	0.00553	0.00873	0.00537	0.00786	0.06409	0.00190	0.70418	0.00334	0.00176	0.00422
24	0.00778	0.02005	0.84367	0.01105	0.01678	0.00900	0.01432	0.01228	0.00818	0.01228	0.00696	0.00818	0.00491	0.00368	0.00368	0.00123	0.00573	0.00286	0.00164	0.00573
25	0.00492	0.00388	0.00444	0.00443	0.00548	0.00340	0.00327	0.00617	0.00945	0.01222	0.32259	0.12463	0.46255	0.00940	0.00462	0.00131	0.00195	0.00807	0.00384	0.00340
26	0.00781	0.00668	0.00777	0.00563	0.00892	0.00504	0.00449	0.00950	0.00814	0.01259	0.02738	0.00995	0.04731	0.00333	0.00299	0.00062	0.00280	0.00269	0.00241	0.82394
27	0.00732	0.00689	0.01163	0.85444	0.02670	0.00861	0.01077	0.00991	0.00775	0.00991	0.00689	0.01034	0.00517	0.00388	0.00388	0.00129	0.00517	0.00345	0.00172	0.00431
28	0.00960	0.00921	0.01574	0.02380	0.83957	0.00921	0.01190	0.01190	0.00883	0.01267	0.00729	0.00960	0.00614	0.00345	0.00384	0.00115	0.00461	0.00345	0.00192	0.00614
29	0.05084	0.00478	0.00574	0.00538	0.00663	0.00461	0.00401	0.02149	0.06922	0.12681	0.31009	0.17837	0.10917	0.06362	0.00534	0.00146	0.00243	0.00682	0.01910	0.00409
30	0.00539	0.00365	0.00430	0.00455	0.00461	0.00359	0.00269	0.00557	0.00613	0.00817	0.01474	0.25638	0.01729	0.62839	0.01565	0.00315	0.00334	0.00713	0.00269	0.00257
31	0.00848	0.00848	0.01187	0.01018	0.01018	0.01187	0.00848	0.00933	0.00594	0.00933	0.00509	0.00848	0.00509	0.00679	0.01272	0.00170	0.85666	0.00339	0.00170	0.00424
32	0.01260	0.00917	0.01005	0.00801	0.01060	0.00997	0.00653	0.59399	0.05421	0.04410	0.12516	0.03265	0.03286	0.00559	0.00406	0.00121	0.00373	0.02565	0.00394	0.00593
33	0.01322	0.00968	0.01044	0.00820	0.01080	0.01065	0.00660	0.69258	0.01624	0.02176	0.01013	0.04386	0.00826	0.11240	0.00590	0.00150	0.00413	0.00405	0.00368	0.00593
34	0.00565	0.00458	0.00493	0.00469	0.00603	0.00430	0.00360	0.00720	0.05444	0.04505	0.03471	0.03313	0.70256	0.00916	0.00506	0.00133	0.05893	0.00748	0.00354	0.00363
35	0.89114	0.00750	0.00570	0.00510	0.00750	0.00870	0.00420	0.01140	0.00660	0.01739	0.00540	0.00630	0.00420	0.00360	0.00240	0.00120	0.00300	0.00210	0.00240	0.00420
36	0.04226	0.00413	0.00468	0.00449	0.00499	0.00400	0.00283	0.00640	0.00687	0.00975	0.15384	0.04480	0.04034	0.58543	0.01463	0.00291	0.00326	0.00573	0.00274	0.05594
37	0.00572	0.00396	0.00455	0.00455	0.00546	0.00354	0.00320	0.00657	0.00831	0.06283	0.11288	0.18768	0.38775	0.17653	0.00757	0.00182	0.00244	0.00783	0.00350	0.00332
38	0.03015	0.00836	0.00888	0.00783	0.01013	0.00954	0.00614	0.06869	0.71816	0.06400	0.01513	0.01390	0.01122	0.00516	0.00390	0.00130	0.00315	0.00425	0.00395	0.00615
39	0.00475	0.00344	0.00449	0.00529	0.00562	0.00319	0.00358	0.00549	0.00764	0.01010	0.04262	0.76597	0.09049	0.01184	0.00491	0.00155	0.00223	0.02000	0.00361	0.00318
40	0.00653	0.02418	0.02493	0.00587	0.00662	0.00467	0.00454	0.00699	0.00625	0.04348	0.01052	0.01489	0.04287	0.04257	0.46222	0.27648	0.00716	0.00403	0.00212	0.00310
41	0.00490	0.00346	0.00453	0.00530	0.00554	0.00328	0.00354	0.00557	0.00732	0.00980	0.03181	0.72181	0.02418	0.10369	0.01387	0.00184	0.00251	0.03212	0.01183	0.00309
42	0.00563	0.00423	0.00628	0.00625	0.00689	0.00495	0.00484	0.00691	0.00619	0.00893	0.01025	0.01528	0.00965	0.04962	0.79492	0.02087	0.02865	0.00416	0.00207	0.00342
43	0.03105	0.00725	0.00772	0.02601	0.01788	0.02922	0.00547	0.05096	0.47486	0.01548	0.13511	0.03789	0.03479	0.00591	0.00417	0.02163	0.00295	0.00476	0.08170	0.00519
44	0.00820	0.00835	0.01216	0.09193	0.15537	0.09484	0.17230	0.01042	0.04720	0.01115	0.01340	0.20111	0.08346	0.00632	0.00490	0.00133	0.06476	0.00571	0.00252	0.00456
45	0.69890	0.05597	0.00738	0.00596	0.00837	0.13015	0.00487	0.02859	0.00754	0.01595	0.00556	0.00645	0.00440	0.00366	0.00259	0.00115	0.00366	0.00218	0.00233	0.00433

[dist]
# distance from previous block
# <min> <max>
0	1

[block]
# block no. 1 follows, 70 sequences, length 49
# corresponding to MSA columns:
# 231-279
name=unknown_B
#
# <colnr> <probs for GDERKNQSTAVLIFYWHMCP>
#	G	D	E	R	K	N	Q	S	T	A	V	L	I	F	Y	W	H	M	C	P
0	0.00636	0.00425	0.00534	0.00510	0.00613	0.00409	0.00383	0.00795	0.03569	0.06706	0.32467	0.04659	0.18049	0.06665	0.13685	0.03419	0.00354	0.01966	0.03789	0.00366
1	0.01067	0.27219	0.04664	0.01055	0.05228	0.11713	0.18526	0.05215	0.13165	0.03578	0.00821	0.00923	0.00652	0.00424	0.01476	0.00118	0.03063	0.00329	0.00232	0.00531
2	0.00733	0.00608	0.00874	0.03285	0.06287	0.00646	0.07105	0.05104	0.10998	0.02528	0.06942	0.04970	0.10321	0.02874	0.27147	0.00291	0.03009	0.03649	0.00284	0.02345
3	0.01061	0.02466	0.06550	0.14360	0.12877	0.10110	0.04175	0.13531	0.11286	0.06151	0.00887	0.01004	0.00675	0.00466	0.02348	0.00126	0.02013	0.00338	0.00262	0.09315
4	0.00971	0.05508	0.01709	0.02658	0.18442	0.09838	0.36208	0.03416	0.05426	0.01237	0.03311	0.03801	0.00784	0.00418	0.00445	0.00124	0.03579	0.01380	0.00223	0.00523
5	0.00524	0.00390	0.00468	0.00475	0.00548	0.00362	0.00334	0.00655	0.02897	0.01187	0.32154	0.21677	0.21225	0.14512	0.00705	0.00172	0.00229	0.00790	0.00365	0.00331
6	0.00787	0.00610	0.00796	0.07215	0.11992	0.02970	0.01465	0.01754	0.08504	0.07728	0.13923	0.09400	0.12354	0.10058	0.02098	0.02330	0.00341	0.00558	0.00312	0.04807
7	0.00770	0.01414	0.00781	0.00739	0.06088	0.03777	0.04534	0.03673	0.01639	0.05555	0.05297	0.14127	0.11670	0.04127	0.06103	0.11433	0.00376	0.02847	0.00284	0.14768
8	0.02386	0.00654	0.00762	0.00574	0.00863	0.01302	0.00456	0.00960	0.00836	0.03679	0.09838	0.01166	0.03418	0.01491	0.02022	0.00087	0.02141	0.00313	0.00260	0.66790
9	0.00509	0.00352	0.00465	0.00539	0.00569	0.00332	0.00365	0.00581	0.00749	0.02318	0.04044	0.71708	0.02451	0.08481	0.00621	0.00176	0.00245	0.04827	0.00353	0.00317
10	0.06037	0.00547	0.00621	0.00566	0.00708	0.00552	0.00436	0.10339	0.05236	0.07792	0.12623	0.09047	0.27147	0.04781	0.00594	0.05476	0.03065	0.03672	0.00352	0.00406
11	0.00756	0.00539	0.00642	0.00624	0.03446	0.00542	0.00451	0.03694	0.17125	0.08622	0.19571	0.08751	0.19950	0.07469	0.05057	0.00174	0.00304	0.00626	0.01222	0.00435
12	0.14978	0.00553	0.00654	0.00585	0.00759	0.00536	0.00456	0.03607	0.00913	0.30336	0.05952	0.18658	0.02856	0.06601	0.00503	0.00147	0.00293	0.05506	0.05643	0.00465
13	0.00705	0.00423	0.00499	0.00478	0.00525	0.00416	0.00301	0.00775	0.03874	0.10292	0.03363	0.08859	0.01494	0.64575	0.01580	0.00314	0.00351	0.00584	0.00283	0.00307
14	0.01650	0.00527	0.00615	0.00557	0.00700	0.00518	0.00426	0.11667	0.05356	0.08401	0.28315	0.11654	0.19015	0.04650	0.00506	0.00139	0.00254	0.01897	0.02731	0.00423
15	0.10450	0.00602	0.00627	0.00565	0.00724	0.03264	0.00439	0.07862	0.08872	0.05277	0.26301	0.03785	0.21846	0.01914	0.00446	0.00128	0.01777	0.01359	0.02526	0.01235
16	0.00507	0.00384	0.00440	0.00448	0.00540	0.00343	0.00326	0.00622	0.00892	0.01171	0.23921	0.16214	0.39049	0.06695	0.00559	0.00148	0.00212	0.02662	0.04535	0.00331
17	0.05174	0.00422	0.00479	0.00487	0.00532	0.00425	0.00316	0.03539	0.02335	0.01002	0.06154	0.24222	0.04738	0.46222	0.01256	0.00267	0.00316	0.01522	0.00293	0.00300
18	0.00910	0.00588	0.00678	0.00605	0.00780	0.00584	0.00469	0.10537	0.14195	0.15171	0.06799	0.13222	0.19264	0.03497	0.00470	0.00136	0.00279	0.03721	0.05197	0.02897
19	0.00820	0.00834	0.00837	0.00774	0.00905	0.20763	0.08603	0.03526	0.06559	0.01108	0.04199	0.39452	0.05971	0.03201	0.00484	0.00141	0.00395	0.00722	0.00307	0.00399
20	0.01036	0.86609	0.02032	0.00663	0.00995	0.01534	0.00663	0.01161	0.00788	0.00912	0.00539	0.00622	0.00498	0.00332	0.00249	0.00083	0.00415	0.00207	0.00166	0.00498
21	0.00518	0.00367	0.00460	0.00502	0.00548	0.00350	0.00346	0.00602	0.00766	0.01034	0.10910	0.40915	0.10732	0.17361	0.04990	0.00214	0.00292	0.04836	0.03944	0.00312
22	0.00488	0.00390	0.00436	0.00448	0.00550	0.00345	0.00330	0.00602	0.01665	0.01101	0.13974	0.16530	0.52430	0.04111	0.02044	0.00153	0.00227	0.03481	0.00362	0.00331
23	0.00732	0.00689	0.01163	0.85444	0.02670	0.00861	0.01077	0.00991	0.00775	0.00991	0.00689	0.01034	0.00517	0.00388	0.00388	0.00129	0.00517	0.00345	0.00172	0.00431
24	0.00506	0.00352	0.00440	0.00496	0.00511	0.00338	0.00313	0.00549	0.00676	0.00901	0.01797	0.55084	0.02135	0.32838	0.01044	0.00239	0.00281	0.00902	0.00313	0.00285
25	0.01022	0.01076	0.01177	0.37406	0.07843	0.25656	0.02317	0.03524	0.00898	0.03450	0.00686	0.00925	0.00545	0.00473	0.02137	0.00133	0.09751	0.00321	0.00198	0.00462
26	0.00976	0.00864	0.00762	0.00692	0.00802	0.23012	0.00511	0.12290	0.00916	0.01112	0.07306	0.01249	0.00925	0.05880	0.04181	0.32069	0.01910	0.00361	0.03832	0.00350
27	0.00889	0.00811	0.03693	0.04147	0.06099	0.02849	0.02261	0.04561	0.03098	0.03563	0.00740	0.00864	0.00598	0.00338	0.00360	0.00080	0.04274	0.00268	0.00237	0.60268
28	0.06944	0.01703	0.11264	0.04963	0.14013	0.00741	0.03681	0.07996	0.04394	0.12767	0.02434	0.04952	0.00918	0.10087	0.05174	0.03976	0.00443	0.01346	0.00274	0.01930
29	0.00527	0.00377	0.00445	0.00458	0.00498	0.00363	0.00297	0.00582	0.00706	0.00931	0.09469	0.17519	0.16541	0.42439	0.06931	0.00287	0.00344	0.00707	0.00295	0.00285
30	0.01450	0.01805	0.01102	0.00993	0.01199	0.80131	0.00748	0.06096	0.01139	0.01033	0.00618	0.00712	0.00508	0.00403	0.00352	0.00101	0.00684	0.00255	0.00210	0.00461
31	0.00964	0.08711	0.07727	0.08349	0.33746	0.07515	0.02257	0.01222	0.06184	0.05674	0.01801	0.01094	0.00726	0.01638	0.05414	0.03201	0.01345	0.01683	0.00221	0.00529
32	0.00660	0.00459	0.00649	0.00791	0.12219	0.00436	0.00488	0.00756	0.00796	0.07359	0.05074	0.42873	0.08991	0.07770	0.02571	0.03373	0.00301	0.03730	0.00328	0.00377
33	0.00577	0.00411	0.00574	0.00573	0.00657	0.00437	0.00438	0.00706	0.00729	0.04228	0.08163	0.11439	0.12918	0.02186	0.53588	0.00443	0.00734	0.00570	0.00274	0.00354
34	0.00678	0.00404	0.00422	0.00412	0.00518	0.00400	0.00311	0.00911	0.06744	0.01409	0.11712	0.01977	0.14216	0.00581	0.00332	0.00103	0.00192	0.00479	0.57823	0.00375
35	0.01875	0.04050	0.03766	0.22169	0.29485	0.05016	0.06489	0.12260	0.02442	0.04363	0.00770	0.00965	0.00598	0.00394	0.00416	0.00121	0.03702	0.00344	0.00226	0.00548
36	0.03514	0.00549	0.00718	0.03119	0.05247	0.00568	0.03138	0.01928	0.14475	0.06260	0.21679	0.09133	0.01784	0.10306	0.05764	0.02752	0.00340	0.00546	0.07757	0.00423
37	0.00597	0.00427	0.00547	0.00545	0.00623	0.00420	0.00410	0.03277	0.02396	0.01296	0.40533	0.09062	0.02645	0.15053	0.04724	0.01574	0.00301	0.14859	0.00362	0.00349
38	0.59928	0.00737	0.00693	0.03276	0.03845	0.00834	0.00500	0.09796	0.00792	0.04036	0.00649	0.00787	0.00512	0.00546	0.02817	0.08960	0.00352	0.00258	0.00251	0.00433
39	0.00906	0.00508	0.00621	0.00555	0.00673	0.00489	0.00400	0.07486	0.00865	0.20435	0.05741	0.08262	0.04431	0.37945	0.03511	0.00250	0.00358	0.04272	0.00333	0.01957
40	0.00492	0.00358	0.00458	0.00525	0.00567	0.00333	0.00364	0.00573	0.00776	0.01022	0.06361	0.60575	0.12236	0.06701	0.00588	0.00168	0.00239	0.06993	0.00355	0.00317
41	0.00622	0.00460	0.00595	0.00651	0.00758	0.00450	0.00557	0.03938	0.00927	0.01186	0.02415	0.04100	0.19858	0.01028	0.00513	0.00166	0.00325	0.60730	0.00359	0.00362
42	0.00732	0.00689	0.01163	0.85444	0.02670	0.00861	0.01077	0.00991	0.00775	0.00991	0.00689	0.01034	0.00517	0.00388	0.00388	0.00129	0.00517	0.00345	0.00172	0.00431
43	0.00857	0.09054	0.43965	0.02176	0.21645	0.00940	0.07418	0.01194	0.00837	0.01211	0.00696	0.00854	0.00535	0.00351	0.00363	0.00113	0.00517	0.00303	0.00178	0.06793
44	0.01161	0.01000	0.01334	0.12282	0.36364	0.04828	0.00972	0.34165	0.01259	0.01693	0.00800	0.00946	0.00615	0.00402	0.00384	0.00117	0.00465	0.00342	0.00269	0.00602
45	0.00778	0.02005	0.84367	0.01105	0.01678	0.00900	0.01432	0.01228	0.00818	0.01228	0.00696	0.00818	0.00491	0.00368	0.00368	0.00123	0.00573	0.00286	0.00164	0.00573
46	0.00587	0.00484	0.00643	0.06494	0.05452	0.00465	0.02499	0.03273	0.00968	0.01279	0.32159	0.02799	0.34651	0.00919	0.05477	0.00156	0.00297	0.00669	0.00349	0.00381
47	0.01151	0.09344	0.03965	0.00974	0.01136	0.39248	0.02167	0.03050	0.03465	0.01011	0.00634	0.00846	0.00560	0.00501	0.00654	0.00125	0.28761	0.01752	0.00198	0.00459
48	0.10800	0.00969	0.02818	0.00966	0.05918	0.01051	0.06250	0.35507	0.21689	0.04165	0.01017	0.01040	0.00753	0.00462	0.00423	0.00124	0.04753	0.00363	0.00336	0.00596

[dist]
# distance from previous block
# <min> <max>
0	1

[block]
# block no. 2 follows, 70 sequences, length 51
# corresponding to MSA columns:
# 281-331
name=unknown_C
#
# <colnr> <probs for GDERKNQSTAVLIFYWHMCP>
#	G	D	E	R	K	N	Q	S	T	A	V	L	I	F	Y	W	H	M	C	P
0	0.00548	0.00404	0.00580	0.00583	0.00648	0.00447	0.00442	0.00668	0.00676	0.00954	0.08295	0.06694	0.05251	0.06395	0.62183	0.03327	0.00825	0.00503	0.00242	0.00334
1	0.01448	0.01848	0.01099	0.00999	0.01199	0.84819	0.00749	0.01548	0.01099	0.00949	0.00599	0.00699	0.00499	0.00400	0.00350	0.00100	0.00699	0.00250	0.00200	0.00449
2	0.89114	0.00750	0.00570	0.00510	0.00750	0.00870	0.00420	0.01140	0.00660	0.01739	0.00540	0.00630	0.00420	0.00360	0.00240	0.00120	0.00300	0.00210	0.00240	0.00420
3	0.00607	0.00472	0.00561	0.00526	0.00646	0.00465	0.00398	0.00937	0.15480	0.01486	0.56709	0.02774	0.15898	0.00776	0.00446	0.00125	0.00207	0.00674	0.00411	0.00403
4	0.00516	0.00418	0.00469	0.00520	0.00581	0.03827	0.00361	0.00602	0.00820	0.01049	0.09345	0.56548	0.21342	0.01092	0.00477	0.00146	0.00234	0.00967	0.00359	0.00328
5	0.00632	0.00356	0.00499	0.00499	0.00507	0.00364	0.00329	0.00542	0.00534	0.00720	0.00854	0.01560	0.00893	0.22817	0.11624	0.56041	0.00431	0.00403	0.00190	0.00206
6	0.00555	0.00410	0.00598	0.00598	0.00658	0.00471	0.00453	0.00676	0.00616	0.00881	0.01061	0.01650	0.01024	0.13372	0.74450	0.00592	0.00955	0.00434	0.00211	0.00332
7	0.00537	0.00413	0.00613	0.00620	0.00695	0.00380	0.07544	0.00632	0.00783	0.02812	0.02234	0.66357	0.12708	0.01091	0.00485	0.00151	0.00261	0.00994	0.00348	0.00342
8	0.00653	0.00406	0.00525	0.00556	0.00632	0.00379	0.00393	0.00786	0.04336	0.11195	0.09136	0.60272	0.07137	0.01046	0.00472	0.00147	0.00236	0.00936	0.00382	0.00375
9	0.89114	0.00750	0.00570	0.00510	0.00750	0.00870	0.00420	0.01140	0.00660	0.01739	0.00540	0.00630	0.00420	0.00360	0.00240	0.00120	0.00300	0.00210	0.00240	0.00420
10	0.00557	0.00397	0.00503	0.00548	0.00607	0.00380	0.00382	0.03768	0.03234	0.02677	0.12742	0.63271	0.07297	0.01084	0.00479	0.00148	0.00230	0.00973	0.00373	0.00350
11	0.00698	0.02709	0.00567	0.00514	0.00652	0.00445	0.00390	0.02042	0.05842	0.11851	0.07653	0.20299	0.39468	0.02481	0.00477	0.00139	0.00242	0.02763	0.00374	0.00395
12	0.00515	0.00377	0.00435	0.00452	0.00506	0.00352	0.00301	0.00578	0.00746	0.00965	0.09237	0.19578	0.25894	0.34047	0.02388	0.00239	0.00287	0.02495	0.00315	0.00293
13	0.00972	0.00648	0.00765	0.00649	0.00837	0.00661	0.00511	0.19823	0.11541	0.12609	0.37553	0.06107	0.02175	0.00651	0.00422	0.00122	0.00278	0.00555	0.00413	0.02708
14	0.00606	0.00413	0.00469	0.00463	0.00484	0.00417	0.00278	0.05344	0.00657	0.00877	0.01308	0.11881	0.01496	0.71755	0.01714	0.00336	0.00362	0.00612	0.00258	0.00269
15	0.05929	0.00761	0.00863	0.00738	0.00937	0.02105	0.01771	0.30701	0.10710	0.05090	0.06222	0.06498	0.02450	0.02277	0.16906	0.00226	0.00492	0.03534	0.01282	0.00510
16	0.00705	0.00478	0.00561	0.00550	0.01894	0.00484	0.00362	0.07900	0.04826	0.04840	0.05527	0.15954	0.03964	0.47651	0.01281	0.00268	0.00337	0.01778	0.00302	0.00340
17	0.02357	0.00499	0.00599	0.00562	0.00624	0.02920	0.02498	0.01957	0.01994	0.06123	0.01235	0.08631	0.01298	0.47157	0.12190	0.00327	0.03709	0.01721	0.03273	0.00325
18	0.00997	0.00860	0.02676	0.00904	0.09319	0.00792	0.03530	0.21067	0.05528	0.01561	0.00799	0.00895	0.00629	0.00364	0.00363	0.00089	0.02830	0.00294	0.00269	0.46234
19	0.00954	0.00916	0.01549	0.03882	0.74061	0.00925	0.04256	0.01242	0.06021	0.01282	0.00783	0.00995	0.00647	0.00357	0.00387	0.00117	0.00459	0.00355	0.00204	0.00607
20	0.01036	0.86609	0.02032	0.00663	0.00995	0.01534	0.00663	0.01161	0.00788	0.00912	0.00539	0.00622	0.00498	0.00332	0.00249	0.00083	0.00415	0.00207	0.00166	0.00498
21	0.00488	0.00394	0.00434	0.00424	0.00542	0.00340	0.00318	0.00614	0.00954	0.01215	0.30329	0.03455	0.57294	0.00919	0.00458	0.00128	0.00192	0.00779	0.00382	0.00340
22	0.03434	0.00689	0.00828	0.00660	0.00911	0.00673	0.00537	0.18238	0.04278	0.43492	0.03928	0.01338	0.02295	0.00488	0.00368	0.00115	0.00314	0.00390	0.16438	0.00584
23	0.00507	0.00369	0.00479	0.00518	0.00577	0.00341	0.00370	0.00625	0.00891	0.01210	0.32241	0.45203	0.09180	0.01035	0.00480	0.00143	0.00214	0.04897	0.00384	0.00337
24	0.00541	0.00406	0.00516	0.00569	0.00659	0.00381	0.00458	0.00676	0.00878	0.01126	0.08913	0.19307	0.26425	0.01050	0.00499	0.00156	0.00272	0.36464	0.00364	0.00341
25	0.05784	0.00974	0.01054	0.00817	0.01110	0.01058	0.00673	0.63776	0.01617	0.12582	0.01006	0.00995	0.00705	0.00461	0.00374	0.00115	0.00394	0.00348	0.05527	0.00630
26	0.00583	0.00484	0.00527	0.00530	0.00621	0.05294	0.00386	0.00756	0.05004	0.01264	0.36332	0.27345	0.17590	0.00915	0.00459	0.00133	0.00234	0.00801	0.00380	0.00361
27	0.00513	0.00355	0.00449	0.00512	0.00533	0.00340	0.00337	0.00571	0.00703	0.00947	0.01854	0.56112	0.02181	0.24714	0.00899	0.00217	0.00272	0.05259	0.02936	0.00296
28	0.00477	0.00339	0.00449	0.00534	0.00555	0.00318	0.00354	0.00541	0.00733	0.00978	0.02092	0.82002	0.02507	0.05413	0.00568	0.00168	0.00232	0.01076	0.00354	0.00311
29	0.00472	0.00337	0.00450	0.00540	0.00562	0.00315	0.00360	0.00540	0.00742	0.00990	0.02137	0.86122	0.02564	0.01215	0.00495	0.00157	0.00225	0.01102	0.00360	0.00315
30	0.01474	0.01086	0.01163	0.00892	0.01202	0.01202	0.00737	0.82664	0.01823	0.02443	0.00931	0.00931	0.00659	0.00465	0.00388	0.00116	0.00427	0.00349	0.00388	0.00659
31	0.00665	0.00337	0.00503	0.00506	0.00507	0.00336	0.00338	0.00506	0.00515	0.00687	0.00734	0.04702	0.00752	0.01341	0.01473	0.85047	0.00332	0.00368	0.00176	0.00174
32	0.10922	0.00845	0.00942	0.00737	0.01017	0.00883	0.00606	0.39926	0.01372	0.29378	0.01117	0.01073	0.00763	0.00458	0.00362	0.00116	0.00359	0.00349	0.08169	0.00607
33	0.01036	0.86609	0.02032	0.00663	0.00995	0.01534	0.00663	0.01161	0.00788	0.00912	0.00539	0.00622	0.00498	0.00332	0.00249	0.00083	0.00415	0.00207	0.00166	0.00498
34	0.00954	0.00822	0.00868	0.00781	0.00997	0.00949	0.00607	0.02027	0.81218	0.01620	0.03616	0.01482	0.01245	0.00533	0.00396	0.00131	0.00304	0.00445	0.00395	0.00607
35	0.01622	0.00705	0.00908	0.00705	0.00989	0.00653	0.00576	0.11939	0.03919	0.67113	0.01441	0.01335	0.00952	0.04714	0.00468	0.00133	0.00343	0.00395	0.00453	0.00637
36	0.01739	0.00660	0.00900	0.00690	0.00990	0.00570	0.00570	0.01889	0.01110	0.84226	0.01529	0.01320	0.00960	0.00480	0.00390	0.00120	0.00330	0.00390	0.00480	0.00660
37	0.01482	0.01073	0.01156	0.00886	0.01196	0.01184	0.00732	0.80297	0.01802	0.04840	0.00948	0.00942	0.00668	0.00466	0.00388	0.00116	0.00424	0.00350	0.00391	0.00659
38	0.00927	0.00780	0.00829	0.00749	0.00948	0.00889	0.00576	0.06213	0.67208	0.01567	0.01636	0.06482	0.04009	0.04810	0.00480	0.00144	0.00308	0.00491	0.00383	0.00570
39	0.00550	0.00383	0.00438	0.00431	0.00474	0.00366	0.00275	0.00612	0.00741	0.01001	0.20603	0.02761	0.14001	0.51535	0.01350	0.00273	0.00299	0.00627	0.02997	0.00282
40	0.89114	0.00750	0.00570	0.00510	0.00750	0.00870	0.00420	0.01140	0.00660	0.01739	0.00540	0.00630	0.00420	0.00360	0.00240	0.00120	0.00300	0.00210	0.00240	0.00420
41	0.00732	0.00683	0.01149	0.83932	0.02631	0.00852	0.01062	0.00989	0.00776	0.00999	0.00699	0.01041	0.00525	0.00389	0.00386	0.00129	0.00511	0.00345	0.01742	0.00429
42	0.01086	0.00906	0.10237	0.05973	0.28837	0.00762	0.10727	0.01315	0.00924	0.23945	0.01104	0.08402	0.00896	0.00478	0.00406	0.00125	0.00440	0.02581	0.00286	0.00569
43	0.00573	0.00389	0.00526	0.00526	0.00558	0.00421	0.00363	0.00616	0.00584	0.00811	0.01068	0.01897	0.01114	0.37061	0.40360	0.11495	0.00678	0.00467	0.00214	0.00278
44	0.89114	0.00750	0.00570	0.00510	0.00750	0.00870	0.00420	0.01140	0.00660	0.01739	0.00540	0.00630	0.00420	0.00360	0.00240	0.00120	0.00300	0.00210	0.00240	0.00420
45	0.00862	0.00842	0.01312	0.01467	0.29024	0.01025	0.04319	0.01011	0.00707	0.01055	0.00643	0.00955	0.00590	0.00754	0.08538	0.00191	0.45685	0.00353	0.00182	0.00485
46	0.00552	0.00379	0.00533	0.00577	0.00628	0.00389	0.00415	0.00649	0.00711	0.04132	0.01697	0.50824	0.01898	0.01828	0.32457	0.00332	0.00537	0.00815	0.00307	0.00340
47	0.01016	0.00858	0.00905	0.00799	0.01028	0.00988	0.00626	0.10164	0.75069	0.01704	0.01513	0.01395	0.01131	0.00520	0.00394	0.00130	0.00319	0.00429	0.00394	0.00618
48	0.00788	0.00673	0.00783	0.00565	0.00896	0.00508	0.00449	0.00954	0.00802	0.01246	0.00808	0.00936	0.03374	0.02035	0.00327	0.00066	0.00286	0.00256	0.00234	0.84016
49	0.00934	0.00911	0.01603	0.09997	0.68748	0.00921	0.08812	0.01176	0.00876	0.01239	0.00731	0.00974	0.00603	0.00348	0.00391	0.00118	0.00484	0.00356	0.00190	0.00589
50	0.00475	0.00373	0.00428	0.00458	0.00541	0.00330	0.00325	0.00566	0.00834	0.01053	0.09249	0.33349	0.44121	0.04024	0.01915	0.00156	0.00226	0.00896	0.00358	0.00323

[dist]
# distance from previous block
# <min> <max>
1	2

[block]
# block no. 3 follows, 70 sequences, length 30
# corresponding to MSA columns:
# 334-363
name=unknown_D
#
# <colnr> <probs for GDERKNQSTAVLIFYWHMCP>
#	G	D	E	R	K	N	Q	S	T	A	V	L	I	F	Y	W	H	M	C	P
0	0.28463	0.01311	0.00948	0.10193	0.01213	0.43284	0.00688	0.03293	0.00919	0.01233	0.00594	0.00728	0.00481	0.00402	0.00368	0.00113	0.04859	0.00255	0.00212	0.00442
1	0.00960	0.00921	0.01574	0.02380	0.83957	0.00921	0.01190	0.01190	0.00883	0.01267	0.00729	0.00960	0.00614	0.00345	0.00384	0.00115	0.00461	0.00345	0.00192	0.00614
2	0.01474	0.01086	0.01163	0.00892	0.01202	0.01202	0.00737	0.82664	0.01823	0.02443	0.00931	0.00931	0.00659	0.00465	0.00388	0.00116	0.00427	0.00349	0.00388	0.00659
3	0.00483	0.00344	0.00454	0.00530	0.00556	0.00322	0.00354	0.00556	0.00761	0.01022	0.08501	0.75202	0.02590	0.05645	0.00569	0.00166	0.00230	0.01042	0.00359	0.00315
4	0.01629	0.00636	0.00862	0.00669	0.00951	0.00550	0.00549	0.01779	0.01102	0.76725	0.06673	0.01486	0.03515	0.00514	0.00396	0.00120	0.00317	0.00421	0.00473	0.00632
5	0.89114	0.00750	0.00570	0.00510	0.00750	0.00870	0.00420	0.01140	0.00660	0.01739	0.00540	0.00630	0.00420	0.00360	0.00240	0.00120	0.00300	0.00210	0.00240	0.00420
6	0.01352	0.00953	0.01029	0.00808	0.01079	0.01045	0.00658	0.62768	0.06588	0.06523	0.01044	0.01092	0.00767	0.03749	0.00438	0.00125	0.00389	0.00366	0.08617	0.00613
7	0.02906	0.00406	0.00480	0.00519	0.00597	0.00384	0.00381	0.01926	0.02016	0.01079	0.04746	0.34538	0.26420	0.08684	0.00611	0.00169	0.00255	0.13201	0.00348	0.00332
8	0.10451	0.00669	0.00867	0.00672	0.00966	0.00600	0.00555	0.01815	0.01065	0.76002	0.01431	0.01251	0.00906	0.00468	0.00375	0.00120	0.00327	0.00372	0.00456	0.00636
9	0.01652	0.00800	0.00987	0.00756	0.01060	0.00778	0.00625	0.28510	0.01345	0.57273	0.01332	0.01191	0.00861	0.00475	0.00389	0.00119	0.00362	0.00376	0.00450	0.00660
10	0.00645	0.00391	0.00444	0.00432	0.00458	0.00385	0.00257	0.00671	0.00618	0.05550	0.01243	0.02366	0.01345	0.73442	0.01724	0.00335	0.00355	0.00535	0.08534	0.00271
11	0.00766	0.00466	0.00567	0.00530	0.00657	0.00438	0.00395	0.01984	0.06914	0.15073	0.24297	0.17404	0.17755	0.06619	0.00542	0.00146	0.00242	0.00696	0.04097	0.00411
12	0.00834	0.00605	0.00701	0.00631	0.00797	0.00634	0.00490	0.03113	0.32906	0.09053	0.36585	0.02226	0.06814	0.00670	0.00427	0.00127	0.00254	0.02227	0.00413	0.00492
13	0.82767	0.00774	0.00613	0.00537	0.00783	0.00894	0.00443	0.07043	0.00744	0.01790	0.00568	0.00652	0.00437	0.00368	0.00251	0.00120	0.00309	0.00220	0.00251	0.00437
14	0.00623	0.00522	0.03765	0.00557	0.00684	0.00468	0.01445	0.02698	0.09053	0.02617	0.37394	0.09986	0.16755	0.08064	0.01909	0.00158	0.00263	0.02280	0.00372	0.00388
15	0.03533	0.00467	0.00536	0.00510	0.00620	0.00447	0.00368	0.06270	0.01889	0.09095	0.11963	0.19343	0.22647	0.18073	0.00748	0.00181	0.00269	0.00705	0.01964	0.00372
16	0.01255	0.00781	0.00895	0.00732	0.00976	0.00820	0.00589	0.25979	0.21773	0.23858	0.12569	0.01456	0.01295	0.00528	0.00394	0.00121	0.00326	0.00431	0.04628	0.00594
17	0.02412	0.00508	0.00565	0.00493	0.00650	0.00506	0.00388	0.09829	0.02119	0.16877	0.05217	0.01423	0.01072	0.00474	0.00316	0.00101	0.00238	0.00380	0.55977	0.00453
18	0.00619	0.00431	0.00610	0.00606	0.00685	0.00472	0.00461	0.03238	0.00713	0.04466	0.02977	0.14582	0.03964	0.03407	0.58189	0.02635	0.00795	0.00537	0.00257	0.00358
19	0.08489	0.00455	0.00528	0.00555	0.00642	0.00457	0.00399	0.02539	0.07900	0.03222	0.08229	0.48302	0.09010	0.04240	0.00510	0.00154	0.00250	0.03394	0.00356	0.00369
20	0.00589	0.00458	0.02812	0.00560	0.00613	0.00423	0.04648	0.00658	0.02482	0.00900	0.04544	0.19478	0.01624	0.45371	0.02581	0.07637	0.00362	0.03705	0.00266	0.00290
21	0.00554	0.00415	0.00623	0.00623	0.00692	0.00485	0.00485	0.00692	0.00623	0.00900	0.01038	0.01523	0.00969	0.02908	0.84839	0.00623	0.01038	0.00415	0.00208	0.00346
22	0.71961	0.01926	0.02275	0.05014	0.00912	0.01976	0.01721	0.01180	0.00713	0.06706	0.00647	0.00780	0.00501	0.00383	0.00270	0.00121	0.00332	0.01893	0.00250	0.00440
23	0.00581	0.00419	0.00574	0.00566	0.00636	0.00451	0.00424	0.00697	0.00717	0.03271	0.11521	0.07712	0.08788	0.13251	0.45894	0.00428	0.02911	0.00549	0.00268	0.00341
24	0.00537	0.00379	0.00436	0.00448	0.00481	0.00367	0.00283	0.00576	0.00661	0.00860	0.02937	0.11060	0.16560	0.55229	0.04263	0.00307	0.00347	0.03722	0.00276	0.00270
25	0.00567	0.00437	0.02168	0.00484	0.00590	0.00382	0.00364	0.00724	0.03299	0.03526	0.34280	0.13500	0.26741	0.08573	0.00589	0.00151	0.00225	0.00742	0.02301	0.00355
26	0.00810	0.00704	0.00798	0.00586	0.00910	0.02366	0.00466	0.01013	0.03649	0.01284	0.05072	0.00933	0.00755	0.00324	0.00301	0.00064	0.00291	0.00262	0.00245	0.79166
27	0.03602	0.00913	0.03855	0.11907	0.13473	0.09124	0.03586	0.02369	0.04867	0.13688	0.03797	0.01079	0.00763	0.00536	0.02320	0.00140	0.20168	0.00358	0.02947	0.00506
28	0.00590	0.00442	0.00597	0.00593	0.00653	0.02050	0.00441	0.00712	0.02835	0.00882	0.01058	0.01667	0.01029	0.17491	0.61950	0.05174	0.00858	0.00435	0.00215	0.00326
29	0.05407	0.06214	0.01035	0.01734	0.02921	0.11817	0.00626	0.18821	0.02224	0.10006	0.00809	0.00880	0.00622	0.00434	0.01686	0.00105	0.05061	0.00288	0.00279	0.29031

[dist]
# distance from previous block
# <min> <max>
3	10

[block]
# block no. 4 follows, 70 sequences, length 54
# corresponding to MSA columns:
# 375-428
name=unknown_E
#
# <colnr> <probs for GDERKNQSTAVLIFYWHMCP>
#	G	D	E	R	K	N	Q	S	T	A	V	L	I	F	Y	W	H	M	C	P
0	0.57295	0.00939	0.07154	0.00750	0.04343	0.05037	0.04203	0.08625	0.00834	0.03022	0.02135	0.00774	0.00543	0.00419	0.01493	0.00127	0.01325	0.00263	0.00248	0.00469
1	0.02344	0.35088	0.30448	0.00953	0.03828	0.01173	0.06092	0.05936	0.03626	0.01194	0.02571	0.00833	0.00608	0.00382	0.00361	0.00109	0.03436	0.00287	0.00196	0.00535
2	0.00488	0.00402	0.00424	0.00438	0.00537	0.01508	0.00314	0.00575	0.00831	0.01016	0.04815	0.18176	0.57388	0.08375	0.02807	0.00169	0.00246	0.00826	0.00344	0.00320
3	0.02524	0.00724	0.07211	0.00809	0.04639	0.00653	0.03614	0.12992	0.02767	0.13618	0.01339	0.11270	0.01259	0.09927	0.12879	0.00233	0.00479	0.12278	0.00316	0.00468
4	0.00659	0.00346	0.00515	0.00515	0.00522	0.00353	0.00349	0.00525	0.00518	0.00698	0.00724	0.01249	0.00722	0.03734	0.09862	0.77590	0.00408	0.00351	0.00174	0.00188
5	0.01168	0.03878	0.03155	0.00848	0.01090	0.11213	0.00691	0.30262	0.31017	0.01750	0.04491	0.02871	0.00974	0.00510	0.00425	0.00122	0.04216	0.00392	0.00346	0.00580
6	0.00963	0.00819	0.07180	0.03485	0.05428	0.00630	0.03909	0.04898	0.00911	0.12684	0.03380	0.00971	0.00721	0.00351	0.00332	0.00084	0.00349	0.00295	0.00267	0.52343
7	0.00953	0.09172	0.43432	0.01102	0.03703	0.03178	0.12272	0.08725	0.03698	0.05328	0.00850	0.00952	0.02368	0.00399	0.00394	0.00120	0.02245	0.00332	0.00218	0.00562
8	0.01013	0.02770	0.04041	0.00932	0.07703	0.03510	0.00697	0.12317	0.54233	0.01615	0.01372	0.05922	0.01084	0.00528	0.00393	0.00127	0.00354	0.00439	0.00356	0.00594
9	0.01469	0.01223	0.01152	0.00911	0.01202	0.16250	0.00739	0.68067	0.01692	0.02174	0.00871	0.00889	0.00631	0.00454	0.00381	0.00113	0.00476	0.00331	0.00354	0.00622
10	0.02911	0.00867	0.01205	0.19103	0.28477	0.08612	0.04696	0.05152	0.03659	0.01938	0.00957	0.05015	0.03273	0.01885	0.06477	0.00163	0.03197	0.01688	0.00225	0.00497
11	0.00486	0.00350	0.00460	0.00543	0.00575	0.00327	0.00374	0.00562	0.00756	0.00999	0.02193	0.73394	0.06507	0.03593	0.00538	0.00164	0.00238	0.07271	0.00356	0.00316
12	0.03478	0.04138	0.01117	0.00896	0.01158	0.34667	0.00710	0.36894	0.05743	0.01671	0.00797	0.00841	0.00608	0.00426	0.00359	0.00106	0.00519	0.00300	0.00294	0.05278
13	0.00479	0.00353	0.00447	0.00515	0.00560	0.00326	0.00354	0.00556	0.00770	0.01005	0.03801	0.64346	0.16893	0.03520	0.02046	0.00167	0.00241	0.02949	0.00355	0.00317
14	0.08224	0.00832	0.00916	0.00799	0.00908	0.09994	0.00639	0.02349	0.04328	0.02880	0.02156	0.04892	0.03858	0.04612	0.03301	0.01941	0.35655	0.01404	0.00949	0.09364
15	0.00855	0.00734	0.02223	0.00839	0.01042	0.03451	0.16380	0.05166	0.18109	0.06338	0.16562	0.06703	0.06043	0.03354	0.05906	0.00167	0.01272	0.01698	0.02680	0.00475
16	0.00510	0.00368	0.00475	0.00519	0.00557	0.00365	0.00355	0.00581	0.00695	0.00927	0.01881	0.42057	0.09336	0.20768	0.16877	0.00293	0.00414	0.02413	0.00303	0.00305
17	0.01431	0.00864	0.00982	0.00770	0.01046	0.00906	0.00633	0.46903	0.03276	0.25513	0.02659	0.01207	0.00874	0.00488	0.00381	0.00117	0.00367	0.01997	0.08969	0.00618
18	0.00551	0.00380	0.00478	0.00513	0.00565	0.00360	0.00351	0.00649	0.03640	0.02867	0.12838	0.45570	0.11286	0.10840	0.00723	0.06613	0.00247	0.00862	0.00344	0.00321
19	0.00664	0.00391	0.00517	0.00553	0.00624	0.00358	0.00391	0.00754	0.00817	0.12860	0.05513	0.63475	0.05094	0.01872	0.00487	0.00151	0.00241	0.02714	0.02157	0.00368
20	0.26119	0.00745	0.00750	0.00626	0.00852	0.00807	0.00508	0.27126	0.03378	0.08601	0.06450	0.01288	0.04918	0.00491	0.00338	0.00116	0.00312	0.01599	0.14473	0.00503
21	0.87208	0.00748	0.00577	0.00514	0.00755	0.00863	0.00423	0.01156	0.00670	0.03539	0.00561	0.00645	0.00432	0.00362	0.00243	0.00120	0.00301	0.00214	0.00245	0.00425
22	0.00544	0.00374	0.00458	0.00477	0.00519	0.00354	0.00314	0.00615	0.00769	0.02569	0.18902	0.29708	0.09066	0.32390	0.01025	0.00227	0.00271	0.00784	0.00330	0.00304
23	0.02329	0.00417	0.00502	0.00474	0.00592	0.00375	0.00358	0.00754	0.01004	0.07087	0.46856	0.07205	0.28921	0.00844	0.00451	0.00126	0.00202	0.00728	0.00402	0.00372
24	0.14312	0.00690	0.00848	0.00670	0.00952	0.00652	0.00550	0.03924	0.06408	0.63221	0.01369	0.01220	0.00889	0.00465	0.00366	0.00120	0.00324	0.00365	0.02039	0.00617
25	0.04297	0.00876	0.01022	0.00785	0.01089	0.00896	0.00649	0.42298	0.01453	0.40749	0.01199	0.01104	0.00793	0.00469	0.00384	0.00118	0.00377	0.00364	0.00426	0.00652
26	0.02934	0.00406	0.00499	0.00498	0.00583	0.00376	0.00355	0.00730	0.00880	0.07838	0.28255	0.27830	0.14304	0.11946	0.00653	0.00166	0.00237	0.00783	0.00372	0.00353
27	0.01483	0.01071	0.01154	0.00885	0.01195	0.01180	0.00731	0.79860	0.01798	0.05283	0.00952	0.00944	0.00670	0.00466	0.00388	0.00116	0.00423	0.00350	0.00391	0.00659
28	0.00778	0.02005	0.84367	0.01105	0.01678	0.00900	0.01432	0.01228	0.00818	0.01228	0.00696	0.00818	0.00491	0.00368	0.00368	0.00123	0.00573	0.00286	0.00164	0.00573
29	0.40240	0.00662	0.00679	0.00577	0.00798	0.00688	0.00458	0.04544	0.00862	0.28872	0.03402	0.05790	0.00919	0.09358	0.00495	0.00148	0.00315	0.00374	0.00336	0.00482
30	0.00508	0.00398	0.00424	0.00417	0.00540	0.00340	0.00310	0.00613	0.00900	0.03354	0.13251	0.05613	0.66770	0.04206	0.00515	0.00140	0.00206	0.00790	0.00366	0.00337
31	0.01042	0.69946	0.04627	0.00751	0.01079	0.06360	0.04587	0.01240	0.05448	0.00980	0.00618	0.00699	0.00540	0.00348	0.00277	0.00090	0.00442	0.00237	0.00182	0.00505
32	0.00503	0.00376	0.00458	0.00490	0.00557	0.00340	0.00340	0.00591	0.00810	0.01068	0.13676	0.43082	0.21218	0.09777	0.00626	0.00166	0.00232	0.01907	0.00352	0.03432
33	0.03114	0.00421	0.00525	0.00497	0.00554	0.00421	0.00333	0.00741	0.00632	0.09399	0.01109	0.01933	0.01127	0.45579	0.13850	0.14612	0.00455	0.00467	0.02151	0.02081
34	0.38209	0.04464	0.00913	0.00778	0.01003	0.43757	0.00607	0.04076	0.00927	0.01329	0.00583	0.00675	0.00471	0.00383	0.00301	0.00108	0.00512	0.00235	0.00222	0.00446
35	0.00576	0.00359	0.00477	0.00503	0.00546	0.00339	0.00355	0.00551	0.00682	0.00879	0.03446	0.20369	0.19879	0.01205	0.00963	0.41342	0.00280	0.06725	0.00272	0.00254
36	0.01036	0.86609	0.02032	0.00663	0.00995	0.01534	0.00663	0.01161	0.00788	0.00912	0.00539	0.00622	0.00498	0.00332	0.00249	0.00083	0.00415	0.00207	0.00166	0.00498
37	0.01036	0.86609	0.02032	0.00663	0.00995	0.01534	0.00663	0.01161	0.00788	0.00912	0.00539	0.00622	0.00498	0.00332	0.00249	0.00083	0.00415	0.00207	0.00166	0.00498
38	0.01448	0.01848	0.01099	0.00999	0.01199	0.84819	0.00749	0.01548	0.01099	0.00949	0.00599	0.00699	0.00499	0.00400	0.00350	0.00100	0.00699	0.00250	0.00200	0.00449
39	0.00545	0.00370	0.00426	0.00441	0.00449	0.00364	0.00257	0.00560	0.00604	0.00800	0.01463	0.16036	0.04456	0.69699	0.01683	0.00332	0.00345	0.00659	0.00259	0.00251
40	0.00966	0.00829	0.00872	0.00781	0.01001	0.00954	0.00609	0.04502	0.78511	0.01631	0.01622	0.01493	0.03411	0.00536	0.00396	0.00131	0.00308	0.00446	0.00393	0.00607
41	0.00458	0.00393	0.00393	0.00393	0.00524	0.00327	0.00295	0.00556	0.00884	0.01047	0.03927	0.03731	0.83800	0.00982	0.00458	0.00131	0.00196	0.00818	0.00360	0.00327
42	0.00804	0.00689	0.00804	0.00574	0.00919	0.00517	0.00459	0.00976	0.00804	0.01263	0.00689	0.00804	0.00574	0.00287	0.00287	0.00057	0.00287	0.00230	0.00230	0.88745
43	0.00617	0.00412	0.00536	0.00496	0.00600	0.00377	0.00374	0.00793	0.01083	0.06495	0.74942	0.02824	0.06144	0.02023	0.00475	0.00126	0.00195	0.00684	0.00425	0.00380
44	0.00477	0.00347	0.00441	0.00514	0.00548	0.00321	0.00343	0.00544	0.00746	0.00979	0.02286	0.70220	0.12242	0.07302	0.00597	0.00170	0.00232	0.01029	0.00351	0.00311
45	0.06447	0.01048	0.01109	0.00857	0.01157	0.01162	0.00707	0.75943	0.01731	0.02378	0.00917	0.00927	0.00654	0.00459	0.00376	0.00116	0.00413	0.00341	0.02619	0.00638
46	0.30317	0.00847	0.00889	0.00706	0.00990	0.00903	0.00583	0.31592	0.01226	0.26832	0.00983	0.00949	0.00671	0.00435	0.00340	0.00119	0.00356	0.00316	0.00367	0.00581
47	0.07189	0.00518	0.00558	0.00527	0.00663	0.00520	0.00395	0.06189	0.11324	0.03304	0.12982	0.13340	0.30906	0.06767	0.01723	0.00155	0.00262	0.00676	0.01604	0.00398
48	0.04197	0.00404	0.00452	0.00453	0.00482	0.00407	0.00280	0.02243	0.00655	0.00920	0.05367	0.10067	0.03103	0.63485	0.01557	0.00311	0.00341	0.02232	0.02770	0.00272
49	0.00543	0.00386	0.00498	0.00563	0.00623	0.00365	0.00422	0.00643	0.00797	0.02299	0.02280	0.41484	0.13973	0.08471	0.00628	0.00178	0.00275	0.24895	0.00350	0.00328
50	0.03819	0.00732	0.00860	0.03683	0.00943	0.09724	0.03431	0.06194	0.06691	0.04798	0.00904	0.01202	0.00779	0.01503	0.32313	0.11473	0.09939	0.00368	0.00234	0.00408
51	0.18605	0.00601	0.00653	0.00581	0.00752	0.00622	0.00445	0.06242	0.11615	0.14582	0.05287	0.09165	0.08411	0.06215	0.00597	0.09742	0.00297	0.00476	0.02898	0.02212
52	0.00649	0.00410	0.00536	0.00519	0.00617	0.00374	0.00385	0.00797	0.01000	0.09906	0.50583	0.22692	0.07341	0.00875	0.00460	0.00131	0.00211	0.01722	0.00412	0.00382
53	0.02064	0.00428	0.00494	0.00479	0.00593	0.00395	0.00355	0.00762	0.05529	0.04471	0.31420	0.12177	0.34735	0.03742	0.00503	0.00138	0.00214	0.00752	0.00384	0.00367

[dist]
# distance from previous block
# <min> <max>
0	38

# created by:
# /st0/software/busco_prod/Augustus/scripts/msa2prfl.pl ./align_prep/29985.fa
