[name]
unknown

[dist]
# distance from previous block
# <min> <max>
0	172

[block]
# block no. 0 follows, 65 sequences, length 25
# corresponding to MSA columns:
# 217-241
name=unknown_A
#
# <colnr> <probs for GDERKNQSTAVLIFYWHMCP>
#	G	D	E	R	K	N	Q	S	T	A	V	L	I	F	Y	W	H	M	C	P
0	0.08834	0.02804	0.07293	0.08825	0.07395	0.01934	0.05538	0.09859	0.08561	0.08205	0.05450	0.07802	0.02756	0.00536	0.00402	0.00125	0.00407	0.02337	0.00310	0.10627
1	0.03622	0.11888	0.17256	0.01067	0.10404	0.14386	0.02894	0.06171	0.02722	0.07065	0.01784	0.01210	0.06449	0.03768	0.01466	0.00134	0.02234	0.00365	0.00254	0.04860
2	0.05424	0.03628	0.02012	0.03885	0.25132	0.09193	0.03414	0.04560	0.03219	0.08972	0.09715	0.07603	0.06752	0.00557	0.00412	0.00124	0.00419	0.00481	0.00300	0.04198
3	0.03941	0.13810	0.16770	0.02884	0.03290	0.04622	0.03472	0.07078	0.03453	0.05289	0.04597	0.07907	0.02399	0.07974	0.04546	0.00169	0.00474	0.00435	0.00267	0.06621
4	0.03333	0.02302	0.13125	0.02883	0.18032	0.06381	0.05050	0.20594	0.07465	0.01636	0.04116	0.02523	0.02689	0.00472	0.00425	0.00124	0.02456	0.00391	0.00285	0.05719
5	0.00784	0.05840	0.06521	0.06451	0.01094	0.02778	0.05685	0.04837	0.08708	0.01273	0.03421	0.15299	0.16552	0.03249	0.00486	0.00140	0.00370	0.05663	0.00312	0.10538
6	0.01248	0.06750	0.04359	0.00869	0.02662	0.04168	0.02198	0.21621	0.23923	0.14645	0.01384	0.05607	0.03848	0.00543	0.00406	0.00126	0.00396	0.00441	0.00377	0.04429
7	0.01066	0.37510	0.26692	0.01036	0.06741	0.04431	0.04402	0.06765	0.00954	0.03601	0.00711	0.00816	0.00565	0.00379	0.00340	0.00109	0.00510	0.00284	0.00207	0.02881
8	0.07749	0.09333	0.29291	0.02550	0.17490	0.02149	0.08403	0.12046	0.03046	0.03023	0.00795	0.00927	0.00601	0.00398	0.00383	0.00124	0.00522	0.00333	0.00233	0.00602
9	0.02053	0.24287	0.36322	0.01070	0.04277	0.01093	0.09363	0.01283	0.00892	0.06802	0.03947	0.02756	0.00746	0.00428	0.00401	0.00121	0.03029	0.00345	0.00218	0.00566
10	0.00915	0.00507	0.00657	0.00596	0.00750	0.00471	0.00461	0.01102	0.03939	0.23170	0.28836	0.10795	0.12706	0.02802	0.07625	0.00187	0.00334	0.03261	0.00423	0.00464
11	0.01070	0.52329	0.10996	0.03413	0.06728	0.02544	0.03617	0.02642	0.00887	0.04263	0.00678	0.00785	0.00567	0.00364	0.00312	0.00098	0.00463	0.00265	0.00201	0.07778
12	0.03421	0.01371	0.34926	0.05198	0.06322	0.02188	0.10230	0.09493	0.02201	0.05477	0.05642	0.05882	0.03108	0.00511	0.00421	0.00133	0.00509	0.02138	0.00264	0.00565
13	0.00790	0.00380	0.00563	0.00548	0.00570	0.00373	0.00373	0.00635	0.00578	0.06337	0.00775	0.01258	0.00734	0.01364	0.01523	0.82069	0.00356	0.00360	0.00201	0.00214
14	0.00556	0.00548	0.07339	0.00583	0.00706	0.00409	0.00464	0.00677	0.00831	0.01102	0.03535	0.46198	0.21517	0.05401	0.00569	0.00162	0.00276	0.02448	0.00349	0.06332
15	0.01172	0.11618	0.28062	0.02127	0.08039	0.07812	0.08617	0.05520	0.04854	0.15893	0.00931	0.01001	0.00674	0.00420	0.00401	0.00123	0.01522	0.00344	0.00266	0.00604
16	0.01477	0.04324	0.03691	0.00775	0.01065	0.05307	0.02844	0.10225	0.03245	0.46725	0.06564	0.04040	0.06712	0.00568	0.00418	0.00127	0.00380	0.00465	0.00430	0.00617
17	0.00522	0.00407	0.00475	0.00486	0.00588	0.00360	0.00357	0.00650	0.00977	0.01268	0.28297	0.19566	0.40601	0.01027	0.00494	0.00142	0.00213	0.02808	0.00403	0.00357
18	0.03071	0.12520	0.11010	0.06990	0.27924	0.07442	0.12913	0.09760	0.01024	0.01376	0.00751	0.00936	0.00598	0.00389	0.00403	0.00121	0.01619	0.00346	0.00219	0.00586
19	0.01088	0.12523	0.32445	0.03947	0.04706	0.04195	0.10526	0.14976	0.05472	0.05022	0.00854	0.00955	0.00630	0.00412	0.00391	0.00124	0.00541	0.00341	0.00248	0.00604
20	0.00569	0.00501	0.06137	0.00594	0.00684	0.00392	0.00457	0.00678	0.00827	0.03556	0.04075	0.59576	0.13190	0.04392	0.00566	0.00168	0.00271	0.02638	0.00367	0.00364
21	0.00888	0.02574	0.09710	0.32456	0.24727	0.03635	0.09460	0.01163	0.00902	0.01219	0.06330	0.01160	0.00806	0.00426	0.00442	0.00131	0.02840	0.00391	0.00209	0.00532
22	0.03791	0.06133	0.16227	0.01234	0.14775	0.13766	0.04560	0.14850	0.05881	0.13446	0.00941	0.01001	0.00690	0.00431	0.00391	0.00122	0.00514	0.00345	0.00291	0.00613
23	0.15346	0.01504	0.40128	0.04820	0.08868	0.04816	0.07922	0.03564	0.00901	0.01398	0.00881	0.01112	0.03083	0.00436	0.00387	0.00131	0.00534	0.03400	0.00215	0.00553
24	0.02469	0.00533	0.00679	0.00799	0.12033	0.01453	0.00477	0.03141	0.00796	0.01076	0.04220	0.15768	0.14167	0.32850	0.06292	0.00270	0.01646	0.00671	0.00292	0.00368

[dist]
# distance from previous block
# <min> <max>
22	104

[block]
# block no. 1 follows, 65 sequences, length 8
# corresponding to MSA columns:
# 350-352,356-360
name=unknown_B
#
# <colnr> <probs for GDERKNQSTAVLIFYWHMCP>
#	G	D	E	R	K	N	Q	S	T	A	V	L	I	F	Y	W	H	M	C	P
0	0.00918	0.03023	0.31436	0.01138	0.10869	0.00834	0.05847	0.02981	0.02271	0.08423	0.13688	0.04309	0.02720	0.00528	0.00473	0.00130	0.05559	0.00443	0.00275	0.04133
1	0.01064	0.04386	0.44162	0.03699	0.01610	0.00923	0.08206	0.01400	0.04442	0.10762	0.01017	0.02986	0.00785	0.00552	0.00514	0.05461	0.00553	0.00391	0.00272	0.06815
2	0.01013	0.04784	0.02272	0.01599	0.01986	0.01090	0.68519	0.06978	0.01015	0.01374	0.00816	0.01069	0.00620	0.00374	0.00510	0.00137	0.04607	0.00459	0.00219	0.00558
3	0.00677	0.00530	0.04141	0.00621	0.02008	0.00444	0.02030	0.00826	0.02169	0.08972	0.08126	0.28056	0.30162	0.01137	0.06389	0.00183	0.00329	0.02424	0.00372	0.00405
4	0.01199	0.08652	0.19396	0.01108	0.09121	0.04169	0.10733	0.01452	0.01005	0.27097	0.06062	0.06127	0.01033	0.00497	0.00412	0.00127	0.00469	0.00434	0.00317	0.00592
5	0.00881	0.06727	0.57585	0.01354	0.08595	0.01009	0.15550	0.01295	0.00888	0.01287	0.00746	0.00909	0.00549	0.00378	0.00401	0.00128	0.00602	0.00336	0.00182	0.00596
6	0.01035	0.00602	0.00802	0.02238	0.03715	0.00603	0.02296	0.03740	0.13376	0.20666	0.08112	0.03519	0.03696	0.09191	0.02110	0.20810	0.00363	0.02320	0.00347	0.00459
7	0.00905	0.05330	0.34620	0.06214	0.10000	0.02347	0.07083	0.03065	0.00950	0.06453	0.10708	0.04851	0.01095	0.00598	0.03874	0.00151	0.00527	0.00426	0.00251	0.00552

[dist]
# distance from previous block
# <min> <max>
0	4

[block]
# block no. 2 follows, 65 sequences, length 6
# corresponding to MSA columns:
# 365-370
name=unknown_C
#
# <colnr> <probs for GDERKNQSTAVLIFYWHMCP>
#	G	D	E	R	K	N	Q	S	T	A	V	L	I	F	Y	W	H	M	C	P
0	0.00968	0.06802	0.07373	0.02976	0.25852	0.04763	0.12017	0.01218	0.03234	0.07034	0.13470	0.03280	0.01268	0.07310	0.00555	0.00147	0.00462	0.00462	0.00273	0.00537
1	0.03115	0.02815	0.03590	0.05064	0.05895	0.00653	0.03101	0.04465	0.00973	0.08172	0.16416	0.01430	0.01298	0.04468	0.00453	0.00112	0.00346	0.00396	0.00302	0.36935
2	0.00522	0.00395	0.00471	0.00508	0.00583	0.00358	0.00360	0.00620	0.00878	0.01132	0.13013	0.34567	0.31336	0.08521	0.00644	0.00173	0.00243	0.04960	0.00378	0.00340
3	0.00868	0.00786	0.06844	0.00662	0.01000	0.00562	0.00576	0.01072	0.00900	0.05791	0.06563	0.01366	0.01003	0.00431	0.00352	0.00085	0.00327	0.07303	0.00279	0.63231
4	0.05117	0.00812	0.04110	0.02675	0.19005	0.02567	0.07880	0.06960	0.02427	0.06391	0.01332	0.25110	0.01329	0.00681	0.00438	0.00135	0.00403	0.04355	0.00305	0.07969
5	0.00870	0.00754	0.01095	0.23523	0.22628	0.04709	0.00889	0.01071	0.00898	0.05111	0.01232	0.15213	0.01209	0.00641	0.00440	0.00138	0.00439	0.11816	0.00269	0.07056

[dist]
# distance from previous block
# <min> <max>
0	1

[block]
# block no. 3 follows, 65 sequences, length 39
# corresponding to MSA columns:
# 372-410
name=unknown_D
#
# <colnr> <probs for GDERKNQSTAVLIFYWHMCP>
#	G	D	E	R	K	N	Q	S	T	A	V	L	I	F	Y	W	H	M	C	P
0	0.01051	0.09772	0.05349	0.04410	0.12839	0.10875	0.07843	0.12842	0.03998	0.03212	0.01192	0.10278	0.04438	0.03364	0.00502	0.00139	0.03135	0.03954	0.00279	0.00529
1	0.07287	0.75063	0.01968	0.00695	0.01030	0.04168	0.00678	0.01225	0.00837	0.01033	0.00659	0.00741	0.02506	0.00372	0.00271	0.00092	0.00434	0.00237	0.00187	0.00515
2	0.00861	0.04283	0.24677	0.00795	0.01972	0.00720	0.00795	0.03584	0.00869	0.02342	0.00798	0.01014	0.00663	0.06116	0.03798	0.00131	0.00441	0.00298	0.00228	0.45615
3	0.00750	0.09644	0.00802	0.00615	0.00776	0.00701	0.00480	0.01191	0.25148	0.01416	0.26807	0.05566	0.15712	0.06761	0.00557	0.00151	0.00280	0.01799	0.00382	0.00461
4	0.00557	0.00522	0.06375	0.00569	0.00686	0.00406	0.00460	0.00710	0.00958	0.01291	0.30699	0.29285	0.19139	0.02318	0.00519	0.00150	0.00251	0.04342	0.00389	0.00375
5	0.01035	0.18821	0.32120	0.02653	0.06522	0.03275	0.16967	0.03560	0.03008	0.07080	0.00814	0.00939	0.00609	0.00389	0.00386	0.00122	0.00555	0.00339	0.00220	0.00587
6	0.01001	0.01083	0.01375	0.01137	0.01260	0.16029	0.14646	0.02300	0.00812	0.01071	0.00747	0.01037	0.02752	0.00773	0.06819	0.00191	0.45913	0.00383	0.00202	0.00467
7	0.00574	0.00394	0.00485	0.00500	0.00567	0.00369	0.00351	0.00702	0.00932	0.01315	0.33809	0.26436	0.09151	0.11229	0.00667	0.00169	0.00232	0.00813	0.10954	0.00351
8	0.00780	0.00646	0.00694	0.00640	0.00820	0.00683	0.00492	0.01411	0.40337	0.02713	0.15931	0.02596	0.29077	0.00765	0.00451	0.00137	0.00264	0.00644	0.00412	0.00505
9	0.05331	0.01906	0.01139	0.01035	0.01248	0.80300	0.00778	0.01620	0.01143	0.01041	0.00632	0.00737	0.00525	0.00421	0.00365	0.00107	0.00722	0.00263	0.00213	0.00475
10	0.00593	0.00429	0.00578	0.00656	0.00733	0.00414	0.00529	0.00739	0.00911	0.01192	0.07732	0.28826	0.09266	0.01152	0.00542	0.00174	0.00309	0.44477	0.00384	0.00363
11	0.00548	0.00462	0.00482	0.00479	0.00617	0.00420	0.00359	0.00767	0.09591	0.01188	0.06232	0.09315	0.65085	0.01000	0.00482	0.00141	0.00224	0.01840	0.00387	0.00380
12	0.00677	0.00490	0.00673	0.00759	0.00860	0.00496	0.00661	0.00909	0.04497	0.01250	0.02151	0.04495	0.02314	0.01109	0.00560	0.00187	0.00376	0.76765	0.00380	0.00390
13	0.00860	0.00802	0.01325	0.62234	0.19870	0.00946	0.01147	0.04317	0.00886	0.01172	0.00746	0.01070	0.00575	0.00410	0.00426	0.00134	0.02013	0.00365	0.00196	0.00507
14	0.04497	0.23572	0.01463	0.00955	0.01072	0.06736	0.00821	0.01103	0.00721	0.01017	0.00555	0.00815	0.00531	0.00588	0.00951	0.00148	0.53489	0.00310	0.00184	0.00471
15	0.88473	0.00794	0.00603	0.00540	0.00794	0.00921	0.00445	0.01207	0.00699	0.01842	0.00572	0.00667	0.00445	0.00381	0.00254	0.00127	0.00318	0.00222	0.00254	0.00445
16	0.00979	0.06584	0.01555	0.17094	0.56736	0.04302	0.01150	0.01209	0.00911	0.01239	0.00801	0.04140	0.00696	0.00409	0.00401	0.00123	0.00496	0.00382	0.00205	0.00588
17	0.00988	0.00946	0.01615	0.12212	0.73543	0.00968	0.01246	0.01235	0.00921	0.01307	0.00767	0.01025	0.00638	0.00371	0.00407	0.00124	0.00495	0.00366	0.00201	0.00627
18	0.01217	0.02351	0.17068	0.01170	0.06859	0.06770	0.16801	0.10022	0.04166	0.20193	0.01087	0.04478	0.00818	0.00561	0.03537	0.00148	0.00537	0.00417	0.00307	0.01495
19	0.00952	0.00819	0.01381	0.30417	0.35924	0.00873	0.05119	0.01201	0.01852	0.07857	0.00970	0.04950	0.02012	0.00538	0.03264	0.00149	0.00511	0.00423	0.00235	0.00554
20	0.01842	0.00699	0.00953	0.00730	0.01048	0.00603	0.00603	0.02000	0.01175	0.83298	0.01619	0.01397	0.01016	0.00508	0.00413	0.00127	0.00349	0.00413	0.00508	0.00699
21	0.00903	0.01264	0.22863	0.24237	0.02039	0.04078	0.23144	0.01347	0.10983	0.01266	0.00866	0.01074	0.00647	0.00415	0.00453	0.00136	0.03129	0.00390	0.00217	0.00546
22	0.00935	0.02924	0.05032	0.28779	0.41576	0.01937	0.04159	0.02135	0.04910	0.01260	0.00848	0.01094	0.01808	0.00401	0.00408	0.00128	0.00509	0.00375	0.00210	0.00573
23	0.03012	0.00618	0.00764	0.00704	0.02005	0.00656	0.04571	0.01097	0.20338	0.01306	0.09374	0.02551	0.31706	0.02335	0.09497	0.00201	0.06362	0.02109	0.00348	0.00448
24	0.00537	0.00392	0.00494	0.00540	0.00598	0.00364	0.00381	0.00640	0.00876	0.01165	0.18660	0.42176	0.14025	0.09991	0.00678	0.00181	0.00253	0.07326	0.00381	0.00341
25	0.01378	0.00977	0.01080	0.00876	0.01148	0.02941	0.00722	0.54268	0.02955	0.09434	0.01184	0.01480	0.00944	0.00833	0.09190	0.00187	0.00507	0.08883	0.00391	0.00623
26	0.00883	0.01001	0.08656	0.42846	0.18592	0.02858	0.16917	0.01178	0.00884	0.01180	0.00756	0.01053	0.00580	0.00387	0.00421	0.00133	0.00573	0.00381	0.00191	0.00527
27	0.01842	0.00699	0.00953	0.00730	0.01048	0.00603	0.00603	0.02000	0.01175	0.83298	0.01619	0.01397	0.01016	0.00508	0.00413	0.00127	0.00349	0.00413	0.00508	0.00699
28	0.00524	0.00372	0.00494	0.00582	0.00611	0.00353	0.00400	0.00603	0.00788	0.01048	0.02180	0.70604	0.02586	0.07635	0.00647	0.00187	0.00265	0.09420	0.00371	0.00332
29	0.00649	0.00616	0.06629	0.00890	0.09562	0.00590	0.00660	0.00830	0.00717	0.01038	0.03273	0.01536	0.01028	0.02538	0.66852	0.00550	0.00975	0.00431	0.00221	0.00414
30	0.00512	0.00399	0.00481	0.00527	0.00597	0.00370	0.00373	0.00601	0.00845	0.01081	0.04821	0.46325	0.33203	0.02344	0.01988	0.00167	0.02468	0.02181	0.00373	0.00343
31	0.00650	0.00430	0.00555	0.00531	0.00636	0.00391	0.00395	0.00815	0.01088	0.07296	0.58311	0.15217	0.10322	0.00899	0.00485	0.00135	0.00213	0.00793	0.00439	0.00398
32	0.00747	0.00688	0.01206	0.05875	0.03093	0.00738	0.22734	0.00914	0.00741	0.01030	0.00989	0.01632	0.00949	0.23079	0.24716	0.00357	0.09409	0.00478	0.00217	0.00408
33	0.00597	0.00390	0.00494	0.02211	0.00641	0.00378	0.00405	0.00725	0.00852	0.01233	0.07718	0.46342	0.03268	0.01013	0.00464	0.00148	0.00245	0.10172	0.22346	0.00357
34	0.00980	0.01003	0.05709	0.06907	0.33087	0.01651	0.25077	0.03041	0.00955	0.04163	0.02187	0.01343	0.00815	0.00489	0.01747	0.00143	0.03831	0.06065	0.00233	0.00573
35	0.00775	0.00641	0.00752	0.00781	0.05159	0.00689	0.00552	0.01368	0.37756	0.01443	0.11246	0.25819	0.07745	0.00835	0.00463	0.00146	0.00287	0.02644	0.00396	0.00502
36	0.00777	0.00721	0.01210	0.68206	0.09881	0.00875	0.01084	0.01034	0.00814	0.01065	0.00773	0.01142	0.00608	0.00690	0.09302	0.00191	0.00601	0.00373	0.00188	0.00464
37	0.01012	0.03321	0.06692	0.04184	0.36126	0.00930	0.21587	0.02336	0.03117	0.07174	0.08531	0.01254	0.00972	0.00424	0.00430	0.00128	0.00505	0.00429	0.00254	0.00593
38	0.01100	0.80771	0.04894	0.00728	0.01084	0.03760	0.00732	0.01242	0.00844	0.00978	0.00578	0.00668	0.00527	0.00354	0.00270	0.00090	0.00453	0.00224	0.00176	0.00528

[dist]
# distance from previous block
# <min> <max>
0	69

[block]
# block no. 4 follows, 65 sequences, length 24
# corresponding to MSA columns:
# 482-505
name=unknown_E
#
# <colnr> <probs for GDERKNQSTAVLIFYWHMCP>
#	G	D	E	R	K	N	Q	S	T	A	V	L	I	F	Y	W	H	M	C	P
0	0.00860	0.00758	0.00970	0.00693	0.01061	0.00584	0.06592	0.01055	0.00860	0.01336	0.00737	0.00870	0.00609	0.00307	0.00318	0.00067	0.00333	0.00261	0.00241	0.81488
1	0.00562	0.00429	0.00536	0.00542	0.02451	0.00389	0.00392	0.00727	0.01072	0.01454	0.53782	0.07066	0.25474	0.00911	0.00486	0.00135	0.00210	0.02579	0.00422	0.00379
2	0.00961	0.02532	0.26878	0.02798	0.17993	0.00927	0.14628	0.06389	0.03654	0.04208	0.04488	0.02345	0.02007	0.00436	0.00430	0.00126	0.02037	0.00396	0.00243	0.06526
3	0.00624	0.00456	0.00633	0.00618	0.00722	0.00427	0.03866	0.00801	0.02432	0.03727	0.37333	0.23953	0.09784	0.00975	0.00503	0.00148	0.00260	0.11939	0.00408	0.00390
4	0.00506	0.00357	0.00478	0.00571	0.00594	0.00334	0.00380	0.00571	0.00779	0.01039	0.02220	0.83002	0.02660	0.01290	0.00554	0.02576	0.00241	0.01145	0.00375	0.00329
5	0.00965	0.00973	0.06401	0.11398	0.60064	0.00934	0.01189	0.01214	0.00898	0.03119	0.00801	0.01061	0.00662	0.00564	0.05986	0.00161	0.02432	0.00368	0.00207	0.00604
6	0.02959	0.08020	0.30149	0.03890	0.16025	0.01895	0.07325	0.03749	0.00868	0.01252	0.00770	0.01000	0.00624	0.00763	0.11392	0.00199	0.08022	0.00346	0.00198	0.00552
7	0.01105	0.00740	0.00794	0.00689	0.00896	0.03429	0.00541	0.10478	0.28261	0.14505	0.11165	0.01655	0.03042	0.00563	0.00394	0.00123	0.00308	0.00462	0.20292	0.00559
8	0.00511	0.00365	0.00481	0.00565	0.00594	0.00342	0.00380	0.00588	0.00800	0.01067	0.05729	0.75090	0.03962	0.04994	0.00592	0.00175	0.00246	0.02807	0.00378	0.00333
9	0.01012	0.54363	0.14774	0.00839	0.03765	0.01353	0.00824	0.01336	0.11494	0.01145	0.02276	0.00971	0.03495	0.00417	0.00320	0.00105	0.00440	0.00300	0.00220	0.00551
10	0.01052	0.18473	0.06303	0.02887	0.33328	0.06828	0.15558	0.04963	0.00983	0.01293	0.03132	0.01022	0.01588	0.00392	0.00391	0.00118	0.00526	0.00363	0.00216	0.00582
11	0.00555	0.00403	0.00532	0.00614	0.00662	0.00390	0.00443	0.00700	0.04354	0.01136	0.05789	0.63612	0.02640	0.01208	0.00525	0.00168	0.00265	0.15262	0.00385	0.00357
12	0.36038	0.00756	0.00816	0.00671	0.00951	0.00772	0.00554	0.05822	0.03608	0.40666	0.01197	0.01231	0.00839	0.00486	0.00357	0.00130	0.00343	0.03788	0.00394	0.00583
13	0.00851	0.00730	0.00851	0.00608	0.00973	0.00547	0.00486	0.01034	0.00851	0.01338	0.00730	0.00851	0.00608	0.00304	0.00304	0.00061	0.00304	0.00243	0.00243	0.88083
14	0.00509	0.00368	0.00482	0.00560	0.00599	0.00341	0.00382	0.00595	0.00830	0.01107	0.09400	0.71944	0.07632	0.01230	0.00519	0.00162	0.00235	0.02379	0.00387	0.00340
15	0.00661	0.00449	0.00560	0.00585	0.00681	0.00444	0.00468	0.00878	0.04749	0.01382	0.22670	0.06052	0.06077	0.05670	0.00564	0.00162	0.00280	0.29526	0.17758	0.00384
16	0.00936	0.02295	0.04630	0.09460	0.18995	0.06432	0.02919	0.04902	0.07768	0.05707	0.16088	0.03946	0.08836	0.00602	0.00457	0.00131	0.02523	0.02536	0.00313	0.00522
17	0.00774	0.00642	0.00706	0.00664	0.00830	0.00688	0.00509	0.01413	0.40749	0.01517	0.19039	0.08374	0.18384	0.00782	0.00457	0.00141	0.00270	0.03147	0.00414	0.00503
18	0.00948	0.00892	0.01494	0.25479	0.55497	0.00945	0.01184	0.03308	0.00937	0.01302	0.03569	0.01107	0.00733	0.00398	0.00410	0.00126	0.00493	0.00378	0.00211	0.00588
19	0.05868	0.00909	0.00961	0.06338	0.05751	0.07181	0.00689	0.09343	0.41917	0.01678	0.13531	0.01545	0.01414	0.00553	0.00413	0.00132	0.00372	0.00456	0.00370	0.00578
20	0.00755	0.00708	0.06882	0.00762	0.02087	0.00648	0.06933	0.06988	0.06330	0.01258	0.13220	0.05609	0.04517	0.28643	0.05730	0.00255	0.04252	0.03706	0.00303	0.00414
21	0.01039	0.00972	0.01330	0.01709	0.44365	0.07593	0.02364	0.10871	0.03810	0.01457	0.03857	0.06818	0.04292	0.00492	0.00412	0.00121	0.00449	0.00441	0.00267	0.07341
22	0.05037	0.06359	0.00955	0.00769	0.01004	0.00986	0.00612	0.09610	0.53825	0.01696	0.05320	0.01686	0.09216	0.00589	0.00409	0.00133	0.00327	0.00480	0.00392	0.00596
23	0.65163	0.00901	0.00762	0.08202	0.02678	0.07825	0.00568	0.04533	0.00809	0.01705	0.00617	0.00738	0.00481	0.00389	0.00289	0.00124	0.00382	0.00248	0.00249	0.03339

[dist]
# distance from previous block
# <min> <max>
0	1

[block]
# block no. 5 follows, 65 sequences, length 50
# corresponding to MSA columns:
# 507-556
name=unknown_F
#
# <colnr> <probs for GDERKNQSTAVLIFYWHMCP>
#	G	D	E	R	K	N	Q	S	T	A	V	L	I	F	Y	W	H	M	C	P
0	0.11087	0.00756	0.00928	0.00725	0.01032	0.03076	0.00596	0.03794	0.01142	0.70283	0.01464	0.01290	0.00933	0.00492	0.00395	0.00126	0.00360	0.00387	0.00470	0.00665
1	0.00975	0.00934	0.01592	0.16466	0.69387	0.00965	0.01239	0.01224	0.00915	0.01291	0.00765	0.01029	0.00633	0.00373	0.00407	0.00124	0.00498	0.00366	0.00200	0.00617
2	0.01479	0.01106	0.01196	0.09021	0.16952	0.20790	0.00844	0.10475	0.01176	0.31269	0.01068	0.01093	0.00750	0.00450	0.00401	0.00121	0.00499	0.00359	0.00337	0.00613
3	0.01005	0.00711	0.04208	0.11994	0.05099	0.00668	0.04661	0.05895	0.05027	0.19612	0.16621	0.07377	0.07298	0.05330	0.02513	0.00160	0.00389	0.00557	0.00363	0.00512
4	0.00819	0.00728	0.02403	0.00747	0.00929	0.04612	0.06451	0.07888	0.17679	0.01567	0.31334	0.07417	0.10785	0.00749	0.00463	0.00136	0.00324	0.04096	0.00392	0.00479
5	0.00565	0.00440	0.00529	0.02133	0.00654	0.00410	0.00390	0.00747	0.03469	0.01367	0.41142	0.03264	0.33075	0.03479	0.04653	0.00168	0.00265	0.02475	0.00400	0.00376
6	0.00851	0.00730	0.00851	0.00608	0.00973	0.00547	0.00486	0.01034	0.00851	0.01338	0.00730	0.00851	0.00608	0.00304	0.00304	0.00061	0.00304	0.00243	0.00243	0.88083
7	0.00633	0.00483	0.00657	0.02872	0.07127	0.00468	0.00477	0.02333	0.01065	0.01487	0.56531	0.04669	0.07798	0.06170	0.05274	0.00177	0.00296	0.00687	0.00393	0.00402
8	0.00941	0.00700	0.00836	0.00620	0.00953	0.00544	0.00494	0.01129	0.01966	0.10716	0.03393	0.05167	0.00866	0.00395	0.00334	0.00077	0.00303	0.00326	0.00289	0.69950
9	0.00503	0.00363	0.00477	0.00561	0.00594	0.00337	0.00378	0.00582	0.00812	0.01080	0.06340	0.77219	0.06731	0.01252	0.00520	0.00163	0.00234	0.01131	0.00385	0.00337
10	0.01391	0.03722	0.01170	0.01059	0.05159	0.51376	0.00781	0.10184	0.18569	0.01339	0.00898	0.00947	0.00707	0.00454	0.00384	0.00115	0.00601	0.00322	0.00275	0.00546
11	0.00994	0.01231	0.23683	0.12799	0.16426	0.01653	0.13993	0.05531	0.02494	0.07865	0.00895	0.02660	0.00685	0.00476	0.02394	0.00140	0.00548	0.00384	0.00238	0.04913
12	0.00812	0.00767	0.01298	0.72014	0.15112	0.00922	0.01158	0.01081	0.00838	0.01094	0.00736	0.01082	0.00563	0.00404	0.00410	0.00135	0.00538	0.00365	0.00186	0.00486
13	0.00971	0.01101	0.02385	0.01769	0.06145	0.01035	0.77552	0.01312	0.00967	0.01316	0.00828	0.01103	0.00624	0.00347	0.00481	0.00138	0.00682	0.00479	0.00207	0.00558
14	0.05113	0.00733	0.01200	0.80430	0.02727	0.00912	0.01106	0.01057	0.00815	0.01088	0.00722	0.01073	0.00542	0.00409	0.00403	0.00136	0.00536	0.00358	0.00186	0.00455
15	0.01153	0.06153	0.01170	0.06728	0.01251	0.40953	0.04010	0.01301	0.02974	0.01036	0.00922	0.08116	0.02373	0.03527	0.01520	0.00144	0.13730	0.02253	0.00230	0.00455
16	0.00766	0.00722	0.01137	0.71457	0.02497	0.03013	0.01032	0.01012	0.00821	0.01039	0.00932	0.01297	0.04669	0.02876	0.04963	0.00171	0.00561	0.00397	0.00197	0.00441
17	0.00654	0.00555	0.00806	0.06978	0.09981	0.00567	0.04365	0.00839	0.04325	0.01114	0.02869	0.17158	0.21209	0.08469	0.12876	0.00243	0.01848	0.04436	0.00303	0.00407
18	0.01734	0.00690	0.00929	0.00719	0.01025	0.00600	0.00590	0.01917	0.02921	0.75235	0.05607	0.01467	0.01151	0.00520	0.00413	0.00126	0.00340	0.00426	0.00496	0.03093
19	0.00636	0.00377	0.00497	0.00504	0.00537	0.00361	0.00340	0.00563	0.00651	0.00837	0.01646	0.06669	0.18728	0.12114	0.01345	0.51314	0.00324	0.02075	0.00246	0.00236
20	0.02255	0.07560	0.04157	0.04307	0.42792	0.05037	0.00986	0.02952	0.11029	0.01329	0.01065	0.10442	0.00978	0.00520	0.00410	0.00128	0.00448	0.02769	0.00256	0.00579
21	0.00713	0.00357	0.00535	0.00535	0.00535	0.00357	0.00357	0.00535	0.00535	0.00713	0.00713	0.01248	0.00713	0.01426	0.01604	0.88057	0.00357	0.00357	0.00178	0.00178
22	0.00545	0.00453	0.00466	0.00452	0.00598	0.00396	0.00344	0.04606	0.00993	0.01203	0.06769	0.03785	0.74436	0.01007	0.00483	0.00138	0.00223	0.02351	0.00385	0.00366
23	0.00601	0.00441	0.00563	0.00588	0.00666	0.00431	0.00430	0.05123	0.02073	0.01298	0.22285	0.41800	0.08483	0.01240	0.07249	0.00194	0.00315	0.05454	0.00388	0.00377
24	0.02398	0.19850	0.62309	0.01077	0.01617	0.01098	0.03733	0.01284	0.00860	0.01239	0.00701	0.00826	0.00523	0.00380	0.00364	0.00121	0.00569	0.00290	0.00176	0.00585
25	0.49900	0.00934	0.05297	0.00685	0.00979	0.04979	0.00591	0.09041	0.00964	0.21839	0.00880	0.00891	0.00617	0.00425	0.00321	0.00126	0.00375	0.00289	0.00325	0.00541
26	0.01680	0.00901	0.01068	0.00821	0.01138	0.00911	0.00677	0.39297	0.01520	0.43213	0.01315	0.01208	0.00868	0.00500	0.00408	0.00124	0.00393	0.00392	0.02875	0.00690
27	0.03678	0.11845	0.17621	0.02658	0.08988	0.23441	0.00889	0.05923	0.00990	0.04891	0.03202	0.02958	0.00738	0.00548	0.00505	0.09517	0.00533	0.00335	0.00232	0.00508
28	0.02135	0.01131	0.01592	0.04082	0.60692	0.13722	0.05375	0.03967	0.00999	0.01328	0.00758	0.00975	0.00627	0.00379	0.00403	0.00121	0.00535	0.00355	0.00212	0.00613
29	0.00819	0.00774	0.01309	0.69817	0.17259	0.00923	0.01162	0.01087	0.00841	0.01101	0.00737	0.01080	0.00566	0.00402	0.00410	0.00134	0.00536	0.00365	0.00186	0.00491
30	0.01163	0.00895	0.01274	0.04706	0.21826	0.02569	0.08031	0.16828	0.02709	0.13101	0.10144	0.01287	0.01069	0.00460	0.00410	0.00118	0.00427	0.00409	0.00323	0.12251
31	0.01589	0.01153	0.01198	0.00929	0.01249	0.06492	0.00762	0.68010	0.01800	0.11113	0.01031	0.01014	0.00721	0.00490	0.00408	0.00122	0.00459	0.00367	0.00408	0.00684
32	0.01178	0.03639	0.01253	0.11428	0.17015	0.09042	0.00861	0.28456	0.01248	0.01662	0.00855	0.03491	0.00694	0.00454	0.00426	0.00116	0.03814	0.00360	0.01195	0.12813
33	0.01167	0.57453	0.09636	0.00851	0.03552	0.01467	0.00812	0.18312	0.01073	0.01353	0.00680	0.00758	0.00566	0.00385	0.00311	0.00100	0.00459	0.00264	0.00226	0.00574
34	0.00627	0.00490	0.00724	0.00646	0.00715	0.00480	0.10904	0.00698	0.00691	0.00923	0.01484	0.12944	0.05553	0.53191	0.07896	0.00342	0.00461	0.00656	0.00265	0.00313
35	0.10668	0.00980	0.02849	0.00832	0.01156	0.00999	0.00699	0.44200	0.01515	0.28899	0.01141	0.01083	0.00771	0.00481	0.00393	0.00124	0.00405	0.00365	0.00419	0.02025
36	0.00568	0.00419	0.00531	0.00503	0.00605	0.00382	0.00377	0.00749	0.01131	0.01573	0.72104	0.03186	0.14612	0.00866	0.00484	0.00130	0.00196	0.00759	0.00442	0.00382
37	0.00800	0.00755	0.01275	0.76265	0.10959	0.00918	0.01152	0.01070	0.00832	0.01078	0.00734	0.01086	0.00558	0.00406	0.00410	0.00135	0.00541	0.00365	0.00185	0.00476
38	0.00500	0.00358	0.00475	0.00568	0.00595	0.00334	0.00380	0.00572	0.00789	0.01049	0.02303	0.83572	0.04423	0.01281	0.00523	0.00166	0.00238	0.01161	0.00381	0.00334
39	0.43624	0.00743	0.00768	0.00643	0.00904	0.00785	0.00527	0.06004	0.00932	0.30485	0.01021	0.01043	0.00722	0.00720	0.09265	0.00184	0.00420	0.00321	0.00349	0.00540
40	0.00843	0.06658	0.76400	0.01162	0.01749	0.00993	0.04049	0.01297	0.00868	0.01282	0.00731	0.00863	0.00524	0.00386	0.00386	0.00128	0.00600	0.00305	0.00175	0.00601
41	0.00879	0.02046	0.78945	0.01146	0.01737	0.00934	0.01467	0.01338	0.00883	0.05775	0.00785	0.00896	0.00547	0.00396	0.00391	0.00130	0.00593	0.00309	0.00192	0.00612
42	0.00493	0.00385	0.00447	0.00497	0.00576	0.00340	0.00348	0.00580	0.00858	0.01077	0.03174	0.46173	0.41259	0.01167	0.00505	0.00153	0.00224	0.01022	0.00381	0.00340
43	0.00593	0.00426	0.00505	0.00507	0.00618	0.00381	0.00374	0.00736	0.02355	0.05309	0.24116	0.22276	0.36734	0.01011	0.00491	0.00143	0.00223	0.02417	0.00406	0.00377
44	0.03068	0.01001	0.01142	0.05201	0.05856	0.08624	0.02170	0.30895	0.01406	0.33236	0.02512	0.01159	0.00841	0.00482	0.00407	0.00124	0.00444	0.00382	0.00401	0.00651
45	0.01033	0.00529	0.00696	0.00594	0.00774	0.00476	0.00466	0.02619	0.01170	0.30083	0.49626	0.02487	0.06286	0.00727	0.00458	0.00129	0.00253	0.00626	0.00468	0.00499
46	0.00772	0.00594	0.00800	0.05288	0.00915	0.00693	0.00587	0.09048	0.00826	0.03495	0.01300	0.02612	0.08422	0.09045	0.38777	0.02633	0.13054	0.00474	0.00258	0.00410
47	0.01061	0.12742	0.20718	0.03247	0.24292	0.07784	0.09893	0.06857	0.00982	0.02905	0.00750	0.00921	0.00593	0.00404	0.00441	0.00123	0.05150	0.00337	0.00212	0.00588
48	0.79451	0.00806	0.00653	0.00570	0.00831	0.00921	0.00470	0.05224	0.00785	0.06324	0.00649	0.00722	0.00488	0.00393	0.00270	0.00127	0.00326	0.00240	0.00276	0.00471
49	0.01080	0.01084	0.02906	0.06628	0.38534	0.13064	0.03158	0.08482	0.10512	0.01435	0.05438	0.02417	0.02515	0.00462	0.00412	0.00125	0.00489	0.00407	0.00266	0.00589

[dist]
# distance from previous block
# <min> <max>
0	2

[block]
# block no. 6 follows, 65 sequences, length 23
# corresponding to MSA columns:
# 559-581
name=unknown_G
#
# <colnr> <probs for GDERKNQSTAVLIFYWHMCP>
#	G	D	E	R	K	N	Q	S	T	A	V	L	I	F	Y	W	H	M	C	P
0	0.16309	0.01047	0.01099	0.00856	0.01171	0.01150	0.00707	0.60520	0.01650	0.10061	0.00975	0.00970	0.00685	0.00475	0.00384	0.00124	0.00419	0.00349	0.00393	0.00655
1	0.01417	0.01010	0.01112	0.00858	0.01178	0.01063	0.00701	0.55817	0.05855	0.09224	0.01069	0.03232	0.00793	0.00488	0.00397	0.00116	0.00407	0.00379	0.00392	0.14492
2	0.59772	0.00698	0.00619	0.00572	0.00782	0.00773	0.00452	0.03118	0.00787	0.08270	0.01042	0.19541	0.01002	0.00595	0.00331	0.00136	0.00306	0.00451	0.00307	0.00447
3	0.00593	0.00422	0.00569	0.00583	0.00627	0.00455	0.00419	0.00683	0.00669	0.00924	0.01338	0.06813	0.01422	0.34438	0.40211	0.00488	0.00716	0.08055	0.00255	0.00321
4	0.01100	0.35522	0.34851	0.00930	0.01377	0.03237	0.02665	0.03024	0.00924	0.11685	0.00788	0.00855	0.00592	0.00392	0.00344	0.00112	0.00508	0.00288	0.00224	0.00584
5	0.01000	0.00959	0.01637	0.07948	0.77709	0.00971	0.01252	0.01246	0.00927	0.01322	0.00769	0.01021	0.00643	0.00369	0.00407	0.00123	0.00492	0.00366	0.00202	0.00637
6	0.00878	0.00826	0.01347	0.49401	0.29335	0.00943	0.01134	0.01226	0.08529	0.01209	0.00832	0.01109	0.00648	0.00409	0.00410	0.00132	0.00506	0.00374	0.00211	0.00539
7	0.01186	0.36667	0.05435	0.00761	0.01054	0.04811	0.02509	0.03614	0.04383	0.19991	0.03158	0.12646	0.01061	0.00546	0.00366	0.00116	0.00408	0.00434	0.00306	0.00548
8	0.03450	0.00929	0.03335	0.02714	0.01597	0.00877	0.43477	0.08812	0.03075	0.07716	0.08798	0.10956	0.01213	0.00535	0.00465	0.00138	0.00520	0.00557	0.00298	0.00536
9	0.00587	0.00432	0.00540	0.00591	0.00690	0.00405	0.00479	0.00736	0.00933	0.01217	0.08652	0.14370	0.26891	0.01066	0.00515	0.00161	0.00285	0.35819	0.05268	0.00364
10	0.00898	0.00898	0.01257	0.01078	0.01078	0.01257	0.00898	0.00988	0.00629	0.00988	0.00539	0.00898	0.00539	0.00718	0.01347	0.00180	0.84823	0.00359	0.00180	0.00449
11	0.00995	0.00983	0.01455	0.05058	0.61902	0.08705	0.01099	0.01211	0.00954	0.01295	0.05444	0.07195	0.00964	0.00466	0.00416	0.00125	0.00479	0.00435	0.00230	0.00589
12	0.01029	0.01011	0.13054	0.00931	0.01222	0.02913	0.10439	0.07510	0.25734	0.11114	0.02968	0.10698	0.06216	0.00622	0.00440	0.00138	0.00415	0.02616	0.00355	0.00572
13	0.05892	0.00689	0.00879	0.00689	0.00976	0.00629	0.00565	0.06427	0.01155	0.64214	0.01496	0.01355	0.00975	0.00497	0.00389	0.00123	0.00333	0.00397	0.11674	0.00646
14	0.00647	0.00480	0.00552	0.00536	0.00677	0.00446	0.00419	0.00881	0.08376	0.05469	0.21985	0.03480	0.42670	0.00934	0.00485	0.00142	0.00244	0.10764	0.00407	0.00405
15	0.01344	0.00820	0.03974	0.00964	0.01267	0.00729	0.19261	0.04921	0.05995	0.40909	0.04556	0.10943	0.01213	0.00571	0.00444	0.00135	0.00421	0.00526	0.00402	0.00606
16	0.01201	0.01312	0.01404	0.01160	0.01330	0.31050	0.14443	0.03300	0.00937	0.05083	0.00686	0.00903	0.00576	0.00533	0.00780	0.00142	0.34096	0.00349	0.00217	0.00495
17	0.00775	0.00730	0.01231	0.84587	0.02827	0.00912	0.01140	0.01049	0.00821	0.01049	0.00730	0.01094	0.00547	0.00410	0.00410	0.00137	0.00547	0.00365	0.00182	0.00456
18	0.09007	0.00762	0.00936	0.00733	0.01026	0.00732	0.00602	0.16301	0.01271	0.54034	0.09059	0.01418	0.01179	0.00526	0.00406	0.00127	0.00351	0.00420	0.00464	0.00648
19	0.00740	0.00679	0.00881	0.00801	0.00896	0.08520	0.06408	0.00876	0.00720	0.00972	0.00992	0.01519	0.00941	0.10556	0.52533	0.00489	0.10438	0.00433	0.00217	0.00388
20	0.00648	0.00464	0.00506	0.00487	0.00636	0.00409	0.00367	0.00817	0.05494	0.08899	0.06818	0.10627	0.60389	0.00976	0.00478	0.00140	0.00230	0.00822	0.00398	0.00397
21	0.01030	0.09003	0.03658	0.12022	0.36314	0.05658	0.05756	0.06878	0.05839	0.01357	0.02056	0.02215	0.00728	0.00409	0.00394	0.00119	0.00489	0.00368	0.00234	0.05473
22	0.00674	0.00589	0.00698	0.08182	0.04887	0.06490	0.00531	0.00804	0.01980	0.01108	0.03321	0.50954	0.04525	0.02934	0.00506	0.00149	0.00325	0.00848	0.00326	0.10171

[dist]
# distance from previous block
# <min> <max>
0	5

# created by:
# /st0/software/busco_prod/Augustus/scripts/msa2prfl.pl ./align_prep/30029.fa
