[name]
unknown

[dist]
# distance from previous block
# <min> <max>
0	52

[block]
# block no. 0 follows, 72 sequences, length 18
# corresponding to MSA columns:
# 54-71
name=unknown_A
#
# <colnr> <probs for GDERKNQSTAVLIFYWHMCP>
#	G	D	E	R	K	N	Q	S	T	A	V	L	I	F	Y	W	H	M	C	P
0	0.00620	0.00492	0.00585	0.00550	0.00680	0.01803	0.02566	0.06007	0.03606	0.02556	0.17582	0.16184	0.31868	0.00941	0.03902	0.00149	0.00280	0.05863	0.00352	0.03415
1	0.00881	0.00792	0.04057	0.01922	0.09576	0.06243	0.08178	0.07474	0.08873	0.06988	0.21308	0.05683	0.07171	0.00583	0.00443	0.00121	0.04010	0.01291	0.00317	0.04091
2	0.00534	0.00391	0.00473	0.00474	0.00546	0.00366	0.00334	0.03127	0.00890	0.01199	0.34462	0.22141	0.16999	0.15509	0.00706	0.00171	0.00230	0.00763	0.00358	0.00327
3	0.01093	0.07234	0.01027	0.00818	0.02456	0.05250	0.00644	0.24085	0.46118	0.01686	0.01214	0.01190	0.00922	0.01814	0.02623	0.00135	0.00382	0.00379	0.00348	0.00584
4	0.00983	0.12339	0.18103	0.01184	0.08997	0.05478	0.24831	0.03201	0.03042	0.07853	0.00776	0.00903	0.00587	0.00350	0.00365	0.00109	0.00501	0.00330	0.00217	0.09851
5	0.00975	0.08409	0.36086	0.03119	0.03308	0.00913	0.04316	0.16555	0.04526	0.08013	0.03730	0.04658	0.00797	0.02437	0.00406	0.00123	0.00458	0.00364	0.00256	0.00549
6	0.00855	0.00965	0.05958	0.01308	0.01582	0.00947	0.49754	0.04119	0.00848	0.01185	0.03640	0.05142	0.00759	0.00500	0.02007	0.00144	0.19152	0.00448	0.00207	0.00480
7	0.00467	0.00346	0.00436	0.00497	0.00545	0.00315	0.00341	0.00549	0.00785	0.01032	0.10393	0.62990	0.17706	0.01106	0.00474	0.00146	0.00211	0.00989	0.00358	0.00315
8	0.01022	0.41496	0.12321	0.07572	0.07890	0.05949	0.04391	0.03470	0.05104	0.06471	0.00712	0.00807	0.00568	0.00361	0.00314	0.00101	0.00452	0.00274	0.00205	0.00519
9	0.00837	0.00748	0.00998	0.00860	0.00902	0.04348	0.03711	0.00917	0.00644	0.05257	0.00744	0.03347	0.00730	0.12888	0.02791	0.03092	0.53156	0.00388	0.03250	0.00391
10	0.00575	0.00338	0.00472	0.00498	0.00520	0.00327	0.00338	0.00521	0.00617	0.00817	0.04222	0.27324	0.07967	0.01271	0.03236	0.49573	0.00298	0.00609	0.00246	0.00232
11	0.01396	0.06230	0.01122	0.00960	0.01162	0.80802	0.00728	0.01495	0.01059	0.00926	0.00583	0.00680	0.00488	0.00387	0.00337	0.00097	0.00669	0.00242	0.00194	0.00442
12	0.01045	0.05688	0.15741	0.02709	0.28824	0.01893	0.06791	0.06236	0.02345	0.15811	0.00940	0.03366	0.00745	0.00441	0.00408	0.01496	0.01544	0.03160	0.00255	0.00561
13	0.01969	0.00918	0.08633	0.08725	0.06200	0.00885	0.13892	0.13361	0.15230	0.08977	0.03183	0.03391	0.00867	0.01514	0.02944	0.00144	0.06926	0.01425	0.00284	0.00532
14	0.00507	0.00343	0.00457	0.00531	0.00565	0.00318	0.00359	0.00580	0.00750	0.03865	0.04747	0.80763	0.02489	0.01150	0.00479	0.00152	0.00222	0.01041	0.00358	0.00321
15	0.07790	0.00951	0.07700	0.01013	0.07021	0.04074	0.15811	0.17532	0.02924	0.22758	0.03752	0.02447	0.03576	0.00448	0.00385	0.00119	0.00428	0.00392	0.00320	0.00559
16	0.05584	0.09197	0.09046	0.03122	0.19381	0.13642	0.09858	0.03762	0.08413	0.03088	0.00871	0.06217	0.00747	0.01502	0.03829	0.00138	0.00496	0.00371	0.00228	0.00508
17	0.00552	0.00430	0.02059	0.00709	0.07451	0.00397	0.00476	0.00656	0.00758	0.02309	0.02909	0.58625	0.02165	0.03745	0.03977	0.00177	0.00300	0.11631	0.00328	0.00347

[dist]
# distance from previous block
# <min> <max>
0	1

[block]
# block no. 1 follows, 72 sequences, length 36
# corresponding to MSA columns:
# 73-108
name=unknown_B
#
# <colnr> <probs for GDERKNQSTAVLIFYWHMCP>
#	G	D	E	R	K	N	Q	S	T	A	V	L	I	F	Y	W	H	M	C	P
0	0.01243	0.01094	0.07513	0.00915	0.02572	0.04090	0.02889	0.50701	0.20009	0.01990	0.01009	0.01009	0.00737	0.00457	0.00395	0.00118	0.01943	0.00355	0.00346	0.00613
1	0.00898	0.00668	0.00796	0.00585	0.00904	0.00527	0.00469	0.01095	0.03782	0.11522	0.00816	0.00891	0.00640	0.00384	0.02673	0.00082	0.00307	0.00256	0.00260	0.72443
2	0.00837	0.03669	0.31192	0.02009	0.01605	0.00866	0.34396	0.01157	0.00839	0.03868	0.02292	0.02183	0.01791	0.00447	0.02821	0.00134	0.02941	0.00377	0.00199	0.06378
3	0.00856	0.12038	0.56657	0.01119	0.03944	0.03365	0.11460	0.04126	0.00854	0.01201	0.00679	0.00810	0.00503	0.00355	0.00358	0.00115	0.00547	0.00295	0.00174	0.00546
4	0.00474	0.00395	0.00439	0.04232	0.00616	0.00348	0.00336	0.00587	0.00882	0.01091	0.15282	0.08227	0.63925	0.00921	0.00447	0.00128	0.00206	0.00779	0.00353	0.00329
5	0.00456	0.00355	0.00414	0.00462	0.00533	0.00314	0.00323	0.00536	0.00790	0.00994	0.02900	0.48178	0.40232	0.01083	0.00468	0.00142	0.00207	0.00950	0.00352	0.00314
6	0.00876	0.01014	0.12890	0.15736	0.26468	0.02277	0.21148	0.01169	0.03293	0.03950	0.01634	0.04049	0.00683	0.00397	0.00419	0.00123	0.02756	0.00389	0.00205	0.00524
7	0.00659	0.00329	0.00494	0.00494	0.00494	0.00329	0.00329	0.00494	0.00494	0.00659	0.00659	0.01153	0.00659	0.01318	0.01482	0.88966	0.00329	0.00329	0.00165	0.00165
8	0.01599	0.00743	0.00934	0.00719	0.01008	0.00708	0.00593	0.22386	0.01262	0.61151	0.03929	0.01243	0.00947	0.00475	0.00383	0.00117	0.00342	0.00381	0.00445	0.00636
9	0.00559	0.00415	0.00502	0.00498	0.00608	0.00388	0.01232	0.00708	0.04412	0.05065	0.09082	0.19760	0.40758	0.01196	0.11826	0.00197	0.00325	0.01772	0.00343	0.00353
10	0.01742	0.00531	0.02062	0.00659	0.06010	0.00507	0.00467	0.02426	0.12406	0.07676	0.20149	0.16917	0.17797	0.03271	0.03229	0.00150	0.00279	0.00655	0.02652	0.00418
11	0.00986	0.00857	0.00871	0.00782	0.00996	0.05091	0.00613	0.05933	0.70714	0.02655	0.01485	0.01481	0.01142	0.00529	0.00390	0.00128	0.00327	0.04059	0.00376	0.00584
12	0.00545	0.00367	0.00414	0.00417	0.00422	0.00364	0.00236	0.00550	0.00568	0.00753	0.01316	0.05524	0.04191	0.80743	0.01829	0.00352	0.00357	0.00579	0.00238	0.00236
13	0.00826	0.03555	0.03883	0.00716	0.06501	0.03606	0.00548	0.01004	0.00802	0.01213	0.00669	0.00788	0.00556	0.00293	0.00291	0.00065	0.00321	0.00234	0.00217	0.73915
14	0.08833	0.06482	0.01129	0.04914	0.01158	0.44109	0.02631	0.02187	0.00880	0.01014	0.00575	0.00748	0.00496	0.00488	0.01896	0.00125	0.21438	0.00272	0.00190	0.00435
15	0.00464	0.00344	0.00433	0.00498	0.00544	0.00313	0.00340	0.00542	0.00772	0.01011	0.07139	0.65987	0.17985	0.01121	0.00475	0.00147	0.00212	0.01003	0.00356	0.00313
16	0.00575	0.00418	0.00568	0.00559	0.00611	0.00469	0.00408	0.02782	0.00624	0.00883	0.01063	0.01770	0.01066	0.28671	0.54563	0.00507	0.02225	0.00448	0.01477	0.00314
17	0.00895	0.01023	0.02238	0.01598	0.01982	0.00959	0.82928	0.01215	0.00895	0.01215	0.00767	0.01023	0.00575	0.00320	0.00448	0.00128	0.00639	0.00448	0.00192	0.00512
18	0.00835	0.00711	0.00754	0.00692	0.00880	0.00795	0.00536	0.03488	0.60985	0.01464	0.01979	0.05691	0.16164	0.00638	0.00405	0.00131	0.00281	0.02663	0.00377	0.00531
19	0.01033	0.00859	0.00908	0.00790	0.01020	0.00985	0.00622	0.16557	0.68933	0.01731	0.01430	0.01324	0.01066	0.00504	0.00385	0.00126	0.00321	0.00413	0.00385	0.00608
20	0.05630	0.00649	0.00866	0.00667	0.00958	0.00571	0.00551	0.01815	0.01066	0.80855	0.01453	0.01261	0.00915	0.00464	0.00375	0.00117	0.00321	0.00373	0.00459	0.00635
21	0.00544	0.00365	0.00423	0.00439	0.00448	0.00361	0.00262	0.00564	0.00594	0.00798	0.01353	0.14460	0.01561	0.69468	0.01636	0.00324	0.00342	0.03651	0.02158	0.00248
22	0.89350	0.00733	0.00557	0.00499	0.00733	0.00851	0.00411	0.01115	0.00645	0.01702	0.00528	0.00616	0.00411	0.00352	0.00235	0.00117	0.00293	0.00205	0.00235	0.00411
23	0.00461	0.00335	0.00435	0.00514	0.00546	0.00309	0.00346	0.00530	0.00740	0.00974	0.02264	0.78234	0.10586	0.01166	0.00481	0.00151	0.00217	0.01051	0.00352	0.00309
24	0.01049	0.00867	0.00917	0.00793	0.01027	0.00993	0.00626	0.19215	0.66248	0.01757	0.01409	0.01308	0.01049	0.00502	0.00385	0.00125	0.00325	0.00410	0.00385	0.00610
25	0.89350	0.00733	0.00557	0.00499	0.00733	0.00851	0.00411	0.01115	0.00645	0.01702	0.00528	0.00616	0.00411	0.00352	0.00235	0.00117	0.00293	0.00205	0.00235	0.00411
26	0.00464	0.00332	0.00442	0.00526	0.00551	0.00310	0.00352	0.00534	0.00737	0.00986	0.04678	0.83787	0.02542	0.01175	0.00483	0.00153	0.00219	0.01066	0.00354	0.00310
27	0.01097	0.00553	0.00705	0.00585	0.00775	0.00517	0.00465	0.09319	0.01128	0.34240	0.37245	0.01931	0.02057	0.00599	0.00401	0.00116	0.00259	0.00507	0.07003	0.00499
28	0.00728	0.00624	0.00648	0.00598	0.00775	0.00665	0.00461	0.02778	0.44690	0.01346	0.02574	0.02418	0.38744	0.00716	0.00414	0.00128	0.00253	0.00596	0.00371	0.00474
29	0.00557	0.00458	0.00496	0.00486	0.00614	0.00438	0.00366	0.01982	0.14144	0.01192	0.13271	0.12147	0.49196	0.00885	0.00442	0.00131	0.00217	0.02237	0.00366	0.00374
30	0.00990	0.75669	0.01880	0.00694	0.00976	0.01456	0.00673	0.01107	0.00746	0.00895	0.00523	0.00637	0.00488	0.00369	0.00374	0.00092	0.11572	0.00220	0.00163	0.00477
31	0.00592	0.00414	0.00557	0.00626	0.00710	0.00400	0.00518	0.00734	0.00847	0.03423	0.02225	0.21182	0.11801	0.01050	0.00503	0.00163	0.00303	0.53253	0.00354	0.00346
32	0.00462	0.00349	0.00427	0.00482	0.00540	0.00314	0.00333	0.00543	0.00785	0.01013	0.06801	0.57239	0.27144	0.01099	0.00471	0.00144	0.00210	0.00975	0.00355	0.00314
33	0.01371	0.06751	0.01180	0.00855	0.01138	0.01140	0.01647	0.62611	0.04502	0.08319	0.00924	0.00933	0.00665	0.00461	0.00424	0.00116	0.05651	0.00339	0.00357	0.00617
34	0.00920	0.01053	0.12694	0.05897	0.62746	0.02551	0.02409	0.02327	0.03478	0.01242	0.00734	0.00934	0.00596	0.00351	0.00374	0.00115	0.00470	0.00333	0.00192	0.00583
35	0.00603	0.00475	0.00654	0.00783	0.11892	0.00455	0.01995	0.00766	0.05602	0.03228	0.02174	0.41218	0.19466	0.03640	0.00501	0.00148	0.00272	0.05420	0.00328	0.00379

[dist]
# distance from previous block
# <min> <max>
1	20

[block]
# block no. 2 follows, 72 sequences, length 28
# corresponding to MSA columns:
# 129-156
name=unknown_C
#
# <colnr> <probs for GDERKNQSTAVLIFYWHMCP>
#	G	D	E	R	K	N	Q	S	T	A	V	L	I	F	Y	W	H	M	C	P
0	0.00802	0.02288	0.02850	0.03317	0.08860	0.02420	0.00569	0.05175	0.00898	0.08620	0.02588	0.12969	0.16795	0.00666	0.00399	0.00117	0.00316	0.10518	0.00304	0.19529
1	0.00556	0.00440	0.00510	0.00477	0.00603	0.00407	0.00361	0.00792	0.08901	0.01343	0.44852	0.02890	0.31020	0.00793	0.00434	0.00120	0.00200	0.00681	0.00384	0.04237
2	0.02230	0.37775	0.12013	0.00681	0.01041	0.00992	0.02010	0.01070	0.00781	0.01091	0.00611	0.00713	0.00517	0.00311	0.00277	0.00077	0.00376	0.00226	0.00189	0.37017
3	0.00483	0.00335	0.00440	0.00522	0.00550	0.00315	0.00354	0.00560	0.00735	0.01004	0.02030	0.78082	0.02394	0.01133	0.00471	0.00150	0.00221	0.03589	0.06318	0.00312
4	0.00462	0.00382	0.00405	0.00405	0.00522	0.00325	0.00302	0.00568	0.00886	0.01092	0.15136	0.08180	0.68133	0.00947	0.00450	0.00128	0.00192	0.00800	0.00361	0.00325
5	0.00568	0.00386	0.00432	0.00428	0.00437	0.00391	0.00245	0.00612	0.03961	0.00770	0.01209	0.02438	0.01370	0.83135	0.01867	0.00358	0.00365	0.00546	0.00236	0.00245
6	0.00459	0.00379	0.00403	0.00410	0.00522	0.00323	0.00303	0.00561	0.00872	0.01071	0.12220	0.12614	0.66621	0.00966	0.00452	0.00130	0.00194	0.00819	0.00359	0.00323
7	0.01014	0.86900	0.01987	0.00649	0.00973	0.01501	0.00649	0.01136	0.00771	0.00892	0.00527	0.00608	0.00487	0.00324	0.00243	0.00081	0.00406	0.00203	0.00162	0.00487
8	0.00943	0.00815	0.00858	0.00772	0.00986	0.00943	0.00600	0.02015	0.83621	0.01586	0.01544	0.01415	0.01158	0.00515	0.00386	0.00129	0.00300	0.00429	0.00386	0.00600
9	0.00462	0.00330	0.00440	0.00528	0.00550	0.00308	0.00352	0.00528	0.00726	0.00968	0.02090	0.86424	0.02508	0.01188	0.00484	0.00154	0.00220	0.01078	0.00352	0.00308
10	0.00761	0.00727	0.01024	0.00898	0.00913	0.00993	0.00738	0.00853	0.00586	0.00901	0.00627	0.01013	0.00617	0.03256	0.19395	0.00267	0.65508	0.00353	0.00176	0.00394
11	0.00820	0.00826	0.01114	0.00964	0.00984	0.04489	0.02785	0.00907	0.00623	0.00926	0.00662	0.09120	0.00694	0.00695	0.01115	0.00161	0.72117	0.00403	0.00186	0.00408
12	0.00552	0.00368	0.00414	0.00414	0.00414	0.00368	0.00230	0.00552	0.00552	0.00735	0.01195	0.02482	0.01379	0.86672	0.01930	0.00368	0.00368	0.00552	0.00230	0.00230
13	0.00828	0.04065	0.00875	0.00654	0.04249	0.04196	0.00498	0.00994	0.00801	0.01209	0.00666	0.00781	0.00557	0.00290	0.00286	0.00061	0.00310	0.00229	0.00220	0.78230
14	0.00875	0.01167	0.14883	0.01519	0.01930	0.00947	0.70428	0.01213	0.00881	0.01213	0.00754	0.00989	0.00561	0.00326	0.00434	0.00127	0.00627	0.00422	0.00187	0.00519
15	0.00957	0.00821	0.00865	0.00775	0.00991	0.00950	0.00604	0.04188	0.81427	0.01608	0.01527	0.01401	0.01144	0.00513	0.00386	0.00128	0.00303	0.00426	0.00386	0.00601
16	0.00494	0.00369	0.00501	0.00558	0.00590	0.00376	0.00392	0.00576	0.00720	0.00978	0.05267	0.65841	0.03805	0.01357	0.11614	0.00212	0.04775	0.00930	0.00326	0.00320
17	0.00996	0.42059	0.19735	0.00894	0.03849	0.03218	0.06544	0.05558	0.08910	0.03862	0.00735	0.00808	0.00583	0.00364	0.00315	0.00102	0.00451	0.00277	0.00209	0.00531
18	0.00462	0.00330	0.00440	0.00528	0.00550	0.00308	0.00352	0.00528	0.00726	0.00968	0.02090	0.86424	0.02508	0.01188	0.00484	0.00154	0.00220	0.01078	0.00352	0.00308
19	0.00529	0.00400	0.00546	0.04075	0.04299	0.00381	0.00419	0.00664	0.00902	0.01237	0.39408	0.34806	0.07913	0.00914	0.00457	0.00134	0.00223	0.01975	0.00367	0.00349
20	0.05481	0.20129	0.20024	0.06174	0.11290	0.08916	0.06034	0.04056	0.00864	0.07301	0.00696	0.00823	0.00542	0.00381	0.00392	0.00112	0.05773	0.00290	0.00204	0.00519
21	0.00963	0.04515	0.05866	0.13673	0.42068	0.13616	0.03020	0.02297	0.04995	0.01172	0.02421	0.00996	0.01977	0.00381	0.00370	0.00113	0.00485	0.00337	0.00203	0.00533
22	0.00512	0.00384	0.00474	0.00461	0.00556	0.00347	0.00345	0.00663	0.00996	0.01356	0.57580	0.08257	0.23446	0.00852	0.00451	0.00125	0.00188	0.02265	0.00396	0.00345
23	0.00867	0.01373	0.36402	0.05308	0.26439	0.02980	0.15323	0.03122	0.00864	0.01229	0.00717	0.00900	0.00546	0.00352	0.00379	0.00118	0.00532	0.00331	0.01665	0.00553
24	0.01083	0.22474	0.11686	0.01071	0.09961	0.05269	0.13996	0.08305	0.06072	0.12431	0.00903	0.02609	0.01678	0.00400	0.00355	0.00110	0.00458	0.00342	0.00251	0.00546
25	0.00898	0.00830	0.01395	0.27541	0.56112	0.00881	0.01108	0.02646	0.00854	0.03073	0.00723	0.00968	0.00580	0.00356	0.00377	0.00117	0.00464	0.00339	0.00192	0.00548
26	0.00542	0.00406	0.00610	0.00610	0.00677	0.00474	0.00474	0.00677	0.00610	0.00880	0.01016	0.01490	0.00948	0.02844	0.85169	0.00610	0.01016	0.00406	0.00203	0.00339
27	0.04429	0.00698	0.00820	0.01999	0.02030	0.09337	0.04041	0.03735	0.00752	0.01065	0.00838	0.01163	0.00750	0.03663	0.40332	0.00343	0.04316	0.00341	0.00212	0.19134

[dist]
# distance from previous block
# <min> <max>
0	5

[block]
# block no. 3 follows, 72 sequences, length 13
# corresponding to MSA columns:
# 162-174
name=unknown_D
#
# <colnr> <probs for GDERKNQSTAVLIFYWHMCP>
#	G	D	E	R	K	N	Q	S	T	A	V	L	I	F	Y	W	H	M	C	P
0	0.00999	0.02207	0.04928	0.02364	0.06059	0.05460	0.20622	0.15704	0.02727	0.06780	0.02503	0.03407	0.02721	0.05663	0.00473	0.00125	0.00441	0.00394	0.03258	0.13166
1	0.01070	0.09452	0.01403	0.01540	0.39808	0.06664	0.05407	0.10992	0.08822	0.06372	0.00861	0.02411	0.00690	0.00391	0.00366	0.00111	0.00439	0.00346	0.00248	0.02608
2	0.00485	0.00371	0.00433	0.00445	0.00527	0.00332	0.00316	0.00587	0.00860	0.01118	0.24764	0.22527	0.35982	0.08807	0.00592	0.00154	0.00211	0.00811	0.00359	0.00319
3	0.01039	0.01097	0.01124	0.00970	0.01056	0.24861	0.02483	0.02676	0.03086	0.04192	0.00619	0.00864	0.00554	0.02409	0.00914	0.00146	0.50956	0.00319	0.00198	0.00438
4	0.00538	0.00459	0.02823	0.02585	0.00653	0.00402	0.00397	0.00742	0.05106	0.01321	0.45966	0.02975	0.31347	0.00811	0.00442	0.00124	0.00212	0.02353	0.00379	0.00364
5	0.00543	0.00386	0.00500	0.00498	0.00536	0.00410	0.00342	0.00614	0.00617	0.00852	0.06206	0.02124	0.03911	0.43750	0.36616	0.00446	0.00622	0.00507	0.00234	0.00286
6	0.00920	0.00886	0.01518	0.12550	0.56087	0.00911	0.11161	0.03467	0.06395	0.01257	0.00776	0.00989	0.00624	0.00356	0.00386	0.00117	0.00470	0.00357	0.00204	0.00568
7	0.00786	0.00674	0.00786	0.00562	0.00899	0.00506	0.00449	0.00955	0.00786	0.01236	0.00674	0.00786	0.00562	0.00281	0.00281	0.00056	0.00281	0.00225	0.00225	0.88990
8	0.00841	0.03205	0.17842	0.03378	0.13666	0.03115	0.14828	0.03135	0.02235	0.06046	0.02955	0.10922	0.05187	0.04063	0.00492	0.00137	0.02706	0.04515	0.00247	0.00484
9	0.56478	0.15880	0.00925	0.02384	0.02728	0.09971	0.00535	0.03005	0.00744	0.01448	0.00549	0.00650	0.00446	0.00362	0.00284	0.00110	0.02628	0.00221	0.00217	0.00437
10	0.00760	0.00445	0.00527	0.00491	0.00608	0.00429	0.00367	0.02853	0.05735	0.10654	0.24563	0.12478	0.03303	0.05175	0.00457	0.00126	0.00225	0.00559	0.27761	0.02484
11	0.02523	0.11508	0.25815	0.00946	0.04071	0.09708	0.03798	0.17584	0.06340	0.08925	0.02824	0.02729	0.00721	0.00423	0.00358	0.00113	0.00467	0.00331	0.00263	0.00553
12	0.01178	0.06565	0.01057	0.00818	0.01073	0.06924	0.00660	0.33997	0.40115	0.01814	0.01161	0.01112	0.00865	0.00470	0.00371	0.00118	0.00380	0.00367	0.00356	0.00599

[dist]
# distance from previous block
# <min> <max>
0	6

[block]
# block no. 4 follows, 72 sequences, length 9
# corresponding to MSA columns:
# 181-189
name=unknown_E
#
# <colnr> <probs for GDERKNQSTAVLIFYWHMCP>
#	G	D	E	R	K	N	Q	S	T	A	V	L	I	F	Y	W	H	M	C	P
0	0.02716	0.04715	0.67236	0.04988	0.01558	0.00872	0.01243	0.03341	0.00842	0.03557	0.04940	0.00920	0.00655	0.00386	0.00360	0.00119	0.00517	0.00304	0.00190	0.00542
1	0.01004	0.00960	0.11137	0.04429	0.15261	0.04481	0.15052	0.07462	0.04310	0.14204	0.02989	0.08587	0.03464	0.01943	0.00451	0.00128	0.02890	0.00447	0.00276	0.00526
2	0.00854	0.19847	0.57523	0.01018	0.01504	0.01031	0.07145	0.04771	0.00844	0.01189	0.00664	0.00781	0.00496	0.00354	0.00343	0.00112	0.00527	0.00279	0.00172	0.00545
3	0.00552	0.00368	0.00414	0.00414	0.00414	0.00368	0.00230	0.00552	0.00552	0.00735	0.01195	0.02482	0.01379	0.86672	0.01930	0.00368	0.00368	0.00552	0.00230	0.00230
4	0.03727	0.02209	0.06011	0.00783	0.02656	0.04994	0.04140	0.11451	0.06130	0.40562	0.09781	0.01370	0.03472	0.00491	0.00383	0.00117	0.00364	0.00404	0.00383	0.00573
5	0.02580	0.07190	0.08352	0.05479	0.17211	0.00829	0.12098	0.06316	0.02287	0.29153	0.02451	0.02690	0.00783	0.00416	0.00378	0.00117	0.00427	0.00372	0.00300	0.00572
6	0.00854	0.00788	0.01294	0.08909	0.50763	0.02638	0.05687	0.01061	0.00870	0.03105	0.07550	0.09777	0.01082	0.00490	0.00401	0.00121	0.00420	0.03436	0.00234	0.00520
7	0.00626	0.00534	0.00817	0.00747	0.00815	0.00656	0.04615	0.00758	0.00617	0.00904	0.00884	0.01315	0.00826	0.02218	0.61665	0.00484	0.20570	0.00391	0.00194	0.00365
8	0.89350	0.00733	0.00557	0.00499	0.00733	0.00851	0.00411	0.01115	0.00645	0.01702	0.00528	0.00616	0.00411	0.00352	0.00235	0.00117	0.00293	0.00205	0.00235	0.00411

[dist]
# distance from previous block
# <min> <max>
0	1

[block]
# block no. 5 follows, 72 sequences, length 53
# corresponding to MSA columns:
# 191-243
name=unknown_F
#
# <colnr> <probs for GDERKNQSTAVLIFYWHMCP>
#	G	D	E	R	K	N	Q	S	T	A	V	L	I	F	Y	W	H	M	C	P
0	0.00921	0.01005	0.09161	0.02792	0.08391	0.16039	0.11033	0.10983	0.00921	0.01171	0.00957	0.04944	0.00912	0.22780	0.00786	0.00182	0.00481	0.03026	0.03082	0.00434
1	0.00465	0.00332	0.00444	0.00532	0.00555	0.00311	0.00358	0.00534	0.00729	0.00972	0.02088	0.84556	0.02501	0.01185	0.00485	0.00154	0.00223	0.02913	0.00352	0.00309
2	0.00658	0.00331	0.00490	0.00490	0.00492	0.00331	0.00326	0.00504	0.00502	0.00677	0.00681	0.01181	0.00678	0.02758	0.01463	0.85510	0.00327	0.00334	0.02101	0.00170
3	0.00785	0.12161	0.63105	0.00955	0.01433	0.00915	0.01176	0.03178	0.02501	0.01194	0.02602	0.01037	0.06533	0.00413	0.00355	0.00116	0.00499	0.00321	0.00189	0.00533
4	0.00946	0.00875	0.03258	0.09800	0.20733	0.04351	0.00798	0.09103	0.32156	0.02438	0.03771	0.02644	0.04308	0.00485	0.00407	0.00123	0.02546	0.00409	0.00297	0.00551
5	0.01119	0.58367	0.06260	0.00758	0.01061	0.22990	0.00710	0.01253	0.00858	0.02822	0.00573	0.00654	0.00497	0.00347	0.00278	0.00088	0.00484	0.00222	0.00178	0.00482
6	0.00932	0.57452	0.27286	0.00819	0.01219	0.01289	0.04214	0.01159	0.00785	0.01000	0.00584	0.00684	0.00488	0.00335	0.00287	0.00095	0.00462	0.00236	0.00163	0.00510
7	0.00948	0.31717	0.08545	0.00763	0.03120	0.07397	0.00674	0.06063	0.08215	0.05299	0.02175	0.14581	0.02052	0.00562	0.00363	0.00114	0.01308	0.05365	0.00260	0.00479
8	0.00810	0.00742	0.01231	0.06923	0.48180	0.00771	0.03740	0.02743	0.00809	0.01142	0.00911	0.08757	0.00857	0.02576	0.14671	0.00208	0.02768	0.01448	0.00210	0.00502
9	0.00542	0.00406	0.00610	0.00610	0.00677	0.00474	0.00474	0.00677	0.00610	0.00880	0.01016	0.01490	0.00948	0.02844	0.85169	0.00610	0.01016	0.00406	0.00203	0.00339
10	0.01014	0.86900	0.01987	0.00649	0.00973	0.01501	0.00649	0.01136	0.00771	0.00892	0.00527	0.00608	0.00487	0.00324	0.00243	0.00081	0.00406	0.00203	0.00162	0.00487
11	0.00547	0.00387	0.00511	0.00511	0.00544	0.00420	0.00351	0.00614	0.00580	0.00807	0.01106	0.01991	0.01166	0.45168	0.43143	0.00487	0.00689	0.00480	0.00217	0.00284
12	0.00476	0.00342	0.00452	0.00520	0.00551	0.00325	0.00352	0.00551	0.00736	0.00987	0.07146	0.68731	0.05042	0.05551	0.06145	0.00192	0.00277	0.00974	0.00340	0.00310
13	0.00866	0.00526	0.00658	0.00565	0.00721	0.00506	0.00442	0.12305	0.01171	0.16239	0.57031	0.02306	0.03747	0.00680	0.00426	0.00118	0.00237	0.00586	0.00421	0.00448
14	0.00939	0.00901	0.01539	0.02328	0.84306	0.00901	0.01164	0.01164	0.00864	0.01239	0.00713	0.00939	0.00601	0.00338	0.00375	0.00113	0.00451	0.00338	0.00188	0.00601
15	0.00613	0.00405	0.00528	0.00487	0.00592	0.00370	0.00369	0.00786	0.01066	0.07193	0.75190	0.02760	0.06663	0.00762	0.00443	0.00120	0.00189	0.00670	0.00418	0.00376
16	0.00761	0.01962	0.84707	0.01081	0.01641	0.00881	0.01401	0.01201	0.00801	0.01201	0.00681	0.00801	0.00480	0.00360	0.00360	0.00120	0.00560	0.00280	0.00160	0.00560
17	0.00786	0.00674	0.00786	0.00562	0.00899	0.00506	0.00449	0.00955	0.00786	0.01236	0.00674	0.00786	0.00562	0.00281	0.00281	0.00056	0.00281	0.00225	0.00225	0.88990
18	0.01231	0.00613	0.00772	0.00651	0.00861	0.00582	0.00513	0.13177	0.04270	0.42176	0.03746	0.23057	0.05296	0.00683	0.00412	0.00127	0.00300	0.00582	0.00416	0.00535
19	0.00930	0.03295	0.09756	0.04456	0.05381	0.03189	0.32766	0.06802	0.00864	0.04083	0.00724	0.00953	0.00575	0.00526	0.04037	0.00151	0.20437	0.00372	0.00204	0.00499
20	0.00724	0.00680	0.01138	0.82759	0.03831	0.00846	0.01046	0.00993	0.02440	0.00986	0.00692	0.01018	0.00520	0.00381	0.00379	0.00126	0.00501	0.00339	0.00173	0.00428
21	0.01643	0.00665	0.00883	0.00685	0.00973	0.00596	0.00563	0.03348	0.06988	0.77141	0.01489	0.01293	0.00949	0.00472	0.00382	0.00118	0.00323	0.00384	0.00462	0.00642
22	0.00548	0.00414	0.00614	0.00611	0.00675	0.00485	0.00473	0.00678	0.00607	0.00876	0.01011	0.01509	0.00953	0.05497	0.80799	0.00593	0.02708	0.00410	0.00203	0.00337
23	0.00928	0.02787	0.08709	0.06214	0.58520	0.01901	0.06584	0.02229	0.00870	0.02956	0.02403	0.00969	0.00646	0.00361	0.00396	0.00116	0.02300	0.00344	0.00197	0.00571
24	0.00965	0.12030	0.38796	0.01013	0.02684	0.02075	0.10587	0.09885	0.07704	0.07068	0.00836	0.00944	0.00622	0.02667	0.00403	0.00122	0.00493	0.00323	0.00230	0.00554
25	0.00473	0.00336	0.00442	0.00519	0.00540	0.00318	0.00343	0.00534	0.00706	0.00943	0.01974	0.75977	0.02357	0.09581	0.02868	0.00187	0.00256	0.01009	0.00336	0.00301
26	0.21294	0.08613	0.02204	0.04868	0.12553	0.28094	0.10228	0.02937	0.00884	0.01218	0.00624	0.00768	0.00506	0.00368	0.00347	0.00110	0.02371	0.00278	0.01265	0.00471
27	0.00539	0.00389	0.00470	0.00447	0.00551	0.00350	0.00336	0.00694	0.01000	0.02733	0.55534	0.02971	0.26530	0.00807	0.00437	0.00120	0.00185	0.00697	0.04858	0.00352
28	0.05542	0.13305	0.01109	0.02705	0.09026	0.09737	0.01559	0.15013	0.15401	0.08386	0.09530	0.02168	0.01049	0.00470	0.00358	0.00112	0.00384	0.01417	0.02201	0.00527
29	0.03763	0.00589	0.00783	0.00627	0.00873	0.00519	0.00508	0.01582	0.01034	0.65187	0.08381	0.07541	0.03459	0.00555	0.00389	0.00120	0.00295	0.00462	0.02757	0.00575
30	0.00542	0.00397	0.00509	0.00479	0.00573	0.00369	0.00360	0.00736	0.02831	0.01500	0.78790	0.02839	0.07089	0.00778	0.00446	0.00120	0.00182	0.00685	0.00414	0.00361
31	0.00502	0.00353	0.00424	0.00462	0.00486	0.00336	0.00292	0.00543	0.00668	0.00879	0.03144	0.39814	0.10013	0.39050	0.01121	0.00246	0.00282	0.00811	0.00299	0.00275
32	0.00943	0.00815	0.00858	0.00772	0.00986	0.00943	0.00600	0.02015	0.83621	0.01586	0.01544	0.01415	0.01158	0.00515	0.00386	0.00129	0.00300	0.00429	0.00386	0.00600
33	0.89350	0.00733	0.00557	0.00499	0.00733	0.00851	0.00411	0.01115	0.00645	0.01702	0.00528	0.00616	0.00411	0.00352	0.00235	0.00117	0.00293	0.00205	0.00235	0.00411
34	0.00716	0.00674	0.01138	0.85760	0.02612	0.00843	0.01053	0.00969	0.00758	0.00969	0.00674	0.01011	0.00506	0.00379	0.00379	0.00126	0.00506	0.00337	0.00169	0.00421
35	0.00716	0.00674	0.01138	0.85760	0.02612	0.00843	0.01053	0.00969	0.00758	0.00969	0.00674	0.01011	0.00506	0.00379	0.00379	0.00126	0.00506	0.00337	0.00169	0.00421
36	0.02133	0.00823	0.01444	0.35151	0.41681	0.00884	0.10210	0.01092	0.00822	0.01136	0.00701	0.00972	0.00558	0.00352	0.00383	0.00120	0.00491	0.00348	0.00181	0.00517
37	0.01380	0.01027	0.01101	0.00856	0.01147	0.01139	0.00703	0.74308	0.08916	0.02302	0.02641	0.00993	0.00749	0.00467	0.00381	0.00115	0.00402	0.00356	0.00381	0.00635
38	0.00895	0.01023	0.02238	0.01598	0.01982	0.00959	0.82928	0.01215	0.00895	0.01215	0.00767	0.01023	0.00575	0.00320	0.00448	0.00128	0.00639	0.00448	0.00192	0.00512
39	0.85765	0.00745	0.00626	0.00543	0.00784	0.00855	0.03755	0.01119	0.00656	0.01682	0.00538	0.00633	0.00417	0.00351	0.00243	0.00118	0.00307	0.00215	0.00233	0.00415
40	0.59630	0.03421	0.00735	0.00597	0.00845	0.06874	0.00490	0.07992	0.02159	0.13163	0.00714	0.00751	0.00523	0.00381	0.00277	0.00115	0.00339	0.00247	0.00277	0.00470
41	0.05315	0.11697	0.02926	0.00796	0.04588	0.01981	0.01521	0.19075	0.01149	0.43101	0.01149	0.03283	0.00802	0.00451	0.00359	0.00113	0.00368	0.00356	0.00372	0.00598
42	0.00716	0.00674	0.01138	0.85760	0.02612	0.00843	0.01053	0.00969	0.00758	0.00969	0.00674	0.01011	0.00506	0.00379	0.00379	0.00126	0.00506	0.00337	0.00169	0.00421
43	0.21000	0.04474	0.02381	0.00770	0.02824	0.04467	0.00628	0.36152	0.04040	0.12494	0.04285	0.01054	0.00790	0.00452	0.00346	0.00115	0.00376	0.02463	0.00335	0.00554
44	0.01189	0.17611	0.10200	0.00947	0.02293	0.13569	0.10155	0.25396	0.06379	0.06506	0.00834	0.01791	0.00636	0.00406	0.00355	0.00109	0.00480	0.00322	0.00269	0.00553
45	0.00466	0.00333	0.00445	0.00533	0.00556	0.00311	0.00359	0.00535	0.00730	0.00973	0.02088	0.84275	0.02500	0.01184	0.00485	0.00155	0.00223	0.03188	0.00352	0.00309
46	0.00946	0.08823	0.01206	0.03865	0.12028	0.05815	0.09747	0.04730	0.02530	0.05268	0.00760	0.02261	0.00620	0.00347	0.00340	0.00088	0.01328	0.00299	0.00230	0.38768
47	0.00502	0.00381	0.00433	0.00428	0.00506	0.00351	0.00298	0.00589	0.00796	0.01028	0.18770	0.04044	0.37556	0.26042	0.06448	0.00228	0.00295	0.00683	0.00320	0.00302
48	0.00493	0.00374	0.00455	0.00459	0.00546	0.00336	0.00335	0.00622	0.00934	0.01249	0.41670	0.20933	0.28372	0.00921	0.00455	0.00129	0.00192	0.00805	0.00383	0.00336
49	0.00763	0.01942	0.82978	0.01092	0.01649	0.00882	0.03110	0.01201	0.00803	0.01201	0.00682	0.00805	0.00482	0.00359	0.00362	0.00120	0.00562	0.00284	0.00161	0.00559
50	0.00492	0.00382	0.00473	0.00503	0.01925	0.00355	0.00357	0.00604	0.00835	0.01095	0.19887	0.24844	0.32384	0.02533	0.11364	0.00198	0.00309	0.00787	0.00342	0.00331
51	0.00938	0.59692	0.26250	0.00779	0.01170	0.01304	0.00869	0.01178	0.02958	0.01001	0.00599	0.00686	0.00503	0.00340	0.00281	0.00094	0.00448	0.00231	0.00168	0.00511
52	0.00873	0.04969	0.54807	0.02824	0.06799	0.00876	0.07402	0.02309	0.01831	0.07812	0.02867	0.00922	0.00622	0.00380	0.00380	0.00118	0.01758	0.00315	0.00202	0.01934

[dist]
# distance from previous block
# <min> <max>
0	1

[block]
# block no. 6 follows, 72 sequences, length 51
# corresponding to MSA columns:
# 245-295
name=unknown_G
#
# <colnr> <probs for GDERKNQSTAVLIFYWHMCP>
#	G	D	E	R	K	N	Q	S	T	A	V	L	I	F	Y	W	H	M	C	P
0	0.01265	0.01353	0.01000	0.00880	0.01088	0.45269	0.00674	0.19595	0.15263	0.01363	0.00927	0.06280	0.00781	0.02089	0.00396	0.00115	0.00524	0.00355	0.00279	0.00500
1	0.38561	0.02045	0.02087	0.03841	0.13874	0.16348	0.06486	0.04397	0.00837	0.03892	0.00634	0.00763	0.00499	0.00376	0.00349	0.00116	0.03930	0.00271	0.00223	0.00472
2	0.00503	0.00401	0.00453	0.00444	0.00555	0.00360	0.00331	0.00670	0.04593	0.01223	0.32293	0.08798	0.46235	0.00890	0.00448	0.00127	0.00194	0.00762	0.00377	0.00345
3	0.00468	0.00370	0.00421	0.00442	0.00531	0.00327	0.00317	0.00565	0.00837	0.01058	0.13067	0.26073	0.47531	0.03377	0.02720	0.00153	0.00224	0.00845	0.00353	0.00320
4	0.00939	0.00901	0.01539	0.02328	0.84306	0.00901	0.01164	0.01164	0.00864	0.01239	0.00713	0.00939	0.00601	0.00338	0.00375	0.00113	0.00451	0.00338	0.00188	0.00601
5	0.00452	0.00378	0.00393	0.00402	0.00518	0.00320	0.00297	0.00547	0.00855	0.01031	0.05667	0.12637	0.73243	0.00981	0.00452	0.00131	0.00195	0.00828	0.00354	0.00320
6	0.01418	0.01781	0.01077	0.00973	0.01173	0.82205	0.00732	0.04373	0.01100	0.00979	0.00598	0.00692	0.00494	0.00393	0.00343	0.00098	0.00675	0.00248	0.00202	0.00447
7	0.00786	0.00674	0.00786	0.00562	0.00899	0.00506	0.00449	0.00955	0.00786	0.01236	0.00674	0.00786	0.00562	0.00281	0.00281	0.00056	0.00281	0.00225	0.00225	0.88990
8	0.00486	0.00342	0.00441	0.00511	0.00531	0.00325	0.00336	0.00542	0.00696	0.00926	0.01903	0.66173	0.02264	0.18775	0.00783	0.00199	0.00255	0.03893	0.00327	0.00293
9	0.01176	0.00528	0.00722	0.02138	0.00825	0.00493	0.00497	0.01288	0.00904	0.44619	0.04372	0.04755	0.03745	0.00907	0.09751	0.09987	0.01589	0.05132	0.06092	0.00483
10	0.01259	0.13437	0.03351	0.00881	0.01108	0.50283	0.00706	0.11659	0.06350	0.01158	0.00772	0.05891	0.00671	0.00445	0.00345	0.00103	0.00556	0.00313	0.00234	0.00478
11	0.00656	0.00360	0.00531	0.00523	0.00528	0.00380	0.00360	0.00528	0.00508	0.00688	0.00693	0.01204	0.00694	0.04248	0.07011	0.75887	0.04499	0.00342	0.00169	0.00190
12	0.03394	0.40017	0.06200	0.00780	0.02610	0.02990	0.00701	0.17963	0.19268	0.01395	0.00843	0.00867	0.00667	0.00397	0.00313	0.00102	0.00397	0.00289	0.00259	0.00547
13	0.00552	0.00368	0.00414	0.00414	0.00414	0.00368	0.00230	0.00552	0.00552	0.00735	0.01195	0.02482	0.01379	0.86672	0.01930	0.00368	0.00368	0.00552	0.00230	0.00230
14	0.03472	0.12594	0.09488	0.02381	0.19910	0.17588	0.08844	0.06468	0.00967	0.11853	0.00772	0.00872	0.00588	0.00371	0.00352	0.00108	0.00494	0.00306	0.00233	0.02337
15	0.00898	0.10019	0.11227	0.03596	0.04471	0.00969	0.53389	0.01208	0.02257	0.03271	0.00814	0.01107	0.00644	0.00366	0.00413	0.00123	0.00570	0.03944	0.00202	0.00513
16	0.00548	0.00404	0.00514	0.00484	0.00580	0.00379	0.00364	0.00757	0.04271	0.01498	0.76771	0.02820	0.07626	0.00775	0.00445	0.00120	0.00184	0.00682	0.00413	0.00365
17	0.00881	0.00956	0.08465	0.03737	0.40106	0.02990	0.11164	0.03821	0.00833	0.01173	0.00773	0.05353	0.00683	0.00545	0.03488	0.02805	0.11127	0.00384	0.00198	0.00519
18	0.01180	0.11330	0.11940	0.01129	0.10383	0.07972	0.14833	0.20993	0.01118	0.12883	0.00849	0.00924	0.00621	0.00388	0.00367	0.00112	0.00481	0.00333	0.01598	0.00567
19	0.00532	0.00404	0.00585	0.00585	0.00659	0.00457	0.00454	0.00663	0.00637	0.00896	0.01323	0.01725	0.10002	0.02639	0.75949	0.00557	0.00926	0.00449	0.00219	0.00337
20	0.00475	0.00386	0.00421	0.00415	0.00532	0.00333	0.00313	0.00595	0.00920	0.01158	0.25055	0.03447	0.61127	0.00913	0.00450	0.00127	0.00192	0.02442	0.00369	0.00331
21	0.00882	0.35700	0.04260	0.04443	0.17465	0.03597	0.04129	0.01110	0.06525	0.01066	0.03069	0.06962	0.06559	0.00512	0.02104	0.00116	0.00414	0.00382	0.00218	0.00486
22	0.00982	0.12733	0.35743	0.01179	0.15274	0.03881	0.04744	0.05524	0.04875	0.09154	0.00840	0.00924	0.01716	0.00382	0.00356	0.00113	0.00482	0.00313	0.00222	0.00562
23	0.07888	0.01477	0.01087	0.00980	0.02440	0.56893	0.02448	0.01338	0.00925	0.00994	0.00568	0.00723	0.00488	0.00447	0.00539	0.00115	0.19757	0.00267	0.00192	0.00436
24	0.08995	0.11964	0.04023	0.02625	0.12836	0.32804	0.07777	0.04671	0.03111	0.03010	0.00666	0.00791	0.00539	0.00384	0.00379	0.00108	0.04332	0.00285	0.00209	0.00491
25	0.00534	0.00388	0.00503	0.00476	0.00567	0.00357	0.00358	0.00709	0.01061	0.01492	0.79203	0.02892	0.07250	0.00788	0.00448	0.00121	0.00182	0.01901	0.00413	0.00356
26	0.00788	0.00680	0.00813	0.00581	0.00918	0.00514	0.01951	0.00960	0.00788	0.01235	0.00676	0.00791	0.00562	0.00282	0.00284	0.00057	0.00287	0.00229	0.00224	0.87379
27	0.00604	0.00465	0.00645	0.03923	0.00773	0.00539	0.00496	0.00857	0.10973	0.00982	0.01082	0.01500	0.00975	0.05769	0.65337	0.00505	0.00855	0.00411	0.02937	0.00371
28	0.01417	0.01808	0.01075	0.00977	0.01172	0.85149	0.00733	0.01514	0.01075	0.00928	0.00586	0.00684	0.00489	0.00391	0.00342	0.00098	0.00684	0.00244	0.00195	0.00440
29	0.00807	0.03115	0.71472	0.01022	0.01530	0.00858	0.02297	0.03943	0.00861	0.04104	0.05890	0.00947	0.00695	0.00392	0.00366	0.00119	0.00522	0.00312	0.00194	0.00552
30	0.00462	0.00330	0.00440	0.00528	0.00550	0.00308	0.00352	0.00528	0.00726	0.00968	0.02090	0.86424	0.02508	0.01188	0.00484	0.00154	0.00220	0.01078	0.00352	0.00308
31	0.00466	0.00333	0.00444	0.00525	0.00551	0.00311	0.00352	0.00539	0.00746	0.00999	0.06688	0.81738	0.02568	0.01165	0.00482	0.00152	0.00218	0.01056	0.00356	0.00311
32	0.01012	0.64087	0.08666	0.00855	0.05666	0.07485	0.05498	0.01175	0.00808	0.00958	0.00568	0.00672	0.00498	0.00333	0.00279	0.00090	0.00454	0.00234	0.00168	0.00497
33	0.00511	0.00388	0.00564	0.03611	0.03487	0.00391	0.01683	0.00608	0.00713	0.00966	0.01763	0.61626	0.02035	0.01441	0.17059	0.00241	0.00402	0.01873	0.00308	0.00331
34	0.89350	0.00733	0.00557	0.00499	0.00733	0.00851	0.00411	0.01115	0.00645	0.01702	0.00528	0.00616	0.00411	0.00352	0.00235	0.00117	0.00293	0.00205	0.00235	0.00411
35	0.00542	0.00405	0.00602	0.00602	0.00667	0.00470	0.00465	0.00672	0.00607	0.00875	0.01023	0.01528	0.00965	0.06102	0.81933	0.00600	0.00991	0.00412	0.00204	0.00334
36	0.00872	0.00833	0.01419	0.27299	0.59855	0.00884	0.01131	0.01106	0.00832	0.01158	0.00702	0.00960	0.00572	0.00350	0.00377	0.00117	0.00467	0.00338	0.00182	0.00547
37	0.01442	0.01062	0.01138	0.00873	0.01176	0.01176	0.00721	0.83041	0.01783	0.02390	0.00911	0.00911	0.00645	0.00455	0.00379	0.00114	0.00417	0.00341	0.00379	0.00645
38	0.00481	0.00385	0.00429	0.00418	0.00532	0.00334	0.00314	0.00607	0.00941	0.01206	0.33201	0.03351	0.54680	0.00893	0.00448	0.00125	0.00187	0.00759	0.00376	0.00334
39	0.89350	0.00733	0.00557	0.00499	0.00733	0.00851	0.00411	0.01115	0.00645	0.01702	0.00528	0.00616	0.00411	0.00352	0.00235	0.00117	0.00293	0.00205	0.00235	0.00411
40	0.01014	0.86900	0.01987	0.00649	0.00973	0.01501	0.00649	0.01136	0.00771	0.00892	0.00527	0.00608	0.00487	0.00324	0.00243	0.00081	0.00406	0.00203	0.00162	0.00487
41	0.00580	0.00380	0.00566	0.00566	0.00609	0.00424	0.00419	0.00614	0.00570	0.00804	0.00907	0.01415	0.00869	0.05170	0.55395	0.29082	0.00773	0.00386	0.00192	0.00279
42	0.00830	0.00830	0.01162	0.00996	0.00996	0.01162	0.00830	0.00913	0.00581	0.00913	0.00498	0.00830	0.00498	0.00664	0.01245	0.00166	0.85977	0.00332	0.00166	0.00415
43	0.01442	0.01062	0.01138	0.00873	0.01176	0.01176	0.00721	0.83041	0.01783	0.02390	0.00911	0.00911	0.00645	0.00455	0.00379	0.00114	0.00417	0.00341	0.00379	0.00645
44	0.00943	0.00815	0.00858	0.00772	0.00986	0.00943	0.00600	0.02015	0.83621	0.01586	0.01544	0.01415	0.01158	0.00515	0.00386	0.00129	0.00300	0.00429	0.00386	0.00600
45	0.00791	0.00817	0.11710	0.00938	0.01189	0.00647	0.26009	0.03207	0.01857	0.08354	0.22984	0.15619	0.01723	0.01822	0.00455	0.00131	0.00399	0.00586	0.00305	0.00456
46	0.00823	0.00673	0.00790	0.00566	0.00902	0.00508	0.00454	0.00991	0.00798	0.04554	0.00707	0.00807	0.00577	0.00288	0.00285	0.00059	0.00283	0.00231	0.00234	0.85473
47	0.00614	0.00461	0.00568	0.00524	0.00636	0.00454	0.00398	0.03627	0.10955	0.01548	0.69858	0.02615	0.04792	0.00737	0.00438	0.00120	0.00202	0.00646	0.00411	0.00396
48	0.11939	0.02445	0.02005	0.02255	0.19000	0.02030	0.05754	0.01414	0.00957	0.37548	0.09807	0.01246	0.01030	0.00443	0.00370	0.00116	0.00364	0.00379	0.00339	0.00558
49	0.10545	0.18491	0.46400	0.00892	0.01320	0.06473	0.01029	0.03855	0.00843	0.04208	0.02312	0.00796	0.00558	0.00369	0.00325	0.00110	0.00488	0.00268	0.00194	0.00524
50	0.77020	0.08286	0.00709	0.00537	0.00778	0.05361	0.00448	0.01138	0.00679	0.01590	0.00531	0.00619	0.00421	0.00352	0.00241	0.00113	0.00324	0.00207	0.00226	0.00419

[dist]
# distance from previous block
# <min> <max>
0	3

[block]
# block no. 7 follows, 72 sequences, length 10
# corresponding to MSA columns:
# 299-308
name=unknown_H
#
# <colnr> <probs for GDERKNQSTAVLIFYWHMCP>
#	G	D	E	R	K	N	Q	S	T	A	V	L	I	F	Y	W	H	M	C	P
0	0.04042	0.75357	0.04696	0.00681	0.01001	0.07074	0.00672	0.01163	0.00788	0.00933	0.00536	0.00620	0.00484	0.00331	0.00254	0.00085	0.00426	0.00208	0.00167	0.00483
1	0.00761	0.01962	0.84707	0.01081	0.01641	0.00881	0.01401	0.01201	0.00801	0.01201	0.00681	0.00801	0.00480	0.00360	0.00360	0.00120	0.00560	0.00280	0.00160	0.00560
2	0.00716	0.00674	0.01138	0.85760	0.02612	0.00843	0.01053	0.00969	0.00758	0.00969	0.00674	0.01011	0.00506	0.00379	0.00379	0.00126	0.00506	0.00337	0.00169	0.00421
3	0.13434	0.04770	0.00991	0.00730	0.01020	0.00890	0.00608	0.34470	0.01293	0.36369	0.01085	0.01015	0.00728	0.00441	0.00354	0.00114	0.00361	0.00333	0.00387	0.00606
4	0.89350	0.00733	0.00557	0.00499	0.00733	0.00851	0.00411	0.01115	0.00645	0.01702	0.00528	0.00616	0.00411	0.00352	0.00235	0.00117	0.00293	0.00205	0.00235	0.00411
5	0.00716	0.00674	0.01138	0.85760	0.02612	0.00843	0.01053	0.00969	0.00758	0.00969	0.00674	0.01011	0.00506	0.00379	0.00379	0.00126	0.00506	0.00337	0.00169	0.00421
6	0.00659	0.00329	0.00494	0.00494	0.00494	0.00329	0.00329	0.00494	0.00494	0.00659	0.00659	0.01153	0.00659	0.01318	0.01482	0.88966	0.00329	0.00329	0.00165	0.00165
7	0.01027	0.00948	0.01440	0.05237	0.66640	0.05885	0.01076	0.07453	0.00951	0.04607	0.00750	0.00938	0.00607	0.00357	0.00374	0.00113	0.00459	0.00334	0.00213	0.00590
8	0.70800	0.12076	0.00785	0.00556	0.00800	0.07656	0.00468	0.01149	0.00696	0.01534	0.00533	0.00620	0.00427	0.00352	0.00244	0.00111	0.00339	0.00208	0.00222	0.00423
9	0.00922	0.00900	0.01570	0.06450	0.64351	0.00908	0.11862	0.01211	0.05753	0.01242	0.00767	0.00982	0.00625	0.00348	0.00386	0.00116	0.00469	0.00358	0.00199	0.00580

[dist]
# distance from previous block
# <min> <max>
0	1

[block]
# block no. 8 follows, 72 sequences, length 17
# corresponding to MSA columns:
# 310-326
name=unknown_I
#
# <colnr> <probs for GDERKNQSTAVLIFYWHMCP>
#	G	D	E	R	K	N	Q	S	T	A	V	L	I	F	Y	W	H	M	C	P
0	0.06219	0.00725	0.01955	0.00733	0.02347	0.03854	0.04612	0.06162	0.08765	0.40154	0.15711	0.01499	0.02940	0.00512	0.00386	0.00117	0.00331	0.00428	0.00395	0.02155
1	0.00939	0.00901	0.01539	0.02328	0.84306	0.00901	0.01164	0.01164	0.00864	0.01239	0.00713	0.00939	0.00601	0.00338	0.00375	0.00113	0.00451	0.00338	0.00188	0.00601
2	0.01023	0.00854	0.00903	0.00788	0.01017	0.00981	0.00620	0.14996	0.70510	0.01715	0.01442	0.01334	0.01076	0.00505	0.00385	0.00126	0.00319	0.00415	0.00385	0.00607
3	0.00761	0.01962	0.84707	0.01081	0.01641	0.00881	0.01401	0.01201	0.00801	0.01201	0.00681	0.00801	0.00480	0.00360	0.00360	0.00120	0.00560	0.00280	0.00160	0.00560
4	0.00707	0.00353	0.00353	0.00353	0.00442	0.00353	0.00265	0.00884	0.00795	0.01414	0.01237	0.01414	0.00972	0.00442	0.00265	0.00088	0.00177	0.00353	0.88777	0.00353
5	0.89350	0.00733	0.00557	0.00499	0.00733	0.00851	0.00411	0.01115	0.00645	0.01702	0.00528	0.00616	0.00411	0.00352	0.00235	0.00117	0.00293	0.00205	0.00235	0.00411
6	0.00450	0.00378	0.00391	0.00402	0.00517	0.00319	0.00296	0.00542	0.00847	0.01018	0.03627	0.13803	0.74137	0.00988	0.00453	0.00131	0.00196	0.00834	0.00352	0.00319
7	0.00830	0.00830	0.01162	0.00996	0.00996	0.01162	0.00830	0.00913	0.00581	0.00913	0.00498	0.00830	0.00498	0.00664	0.01245	0.00166	0.85977	0.00332	0.00166	0.00415
8	0.00778	0.07049	0.32967	0.00976	0.03628	0.00795	0.13940	0.02850	0.05708	0.02908	0.11723	0.07340	0.06665	0.00515	0.00395	0.00122	0.00439	0.00458	0.00249	0.00495
9	0.01047	0.00742	0.00879	0.00728	0.00972	0.00765	0.03404	0.05576	0.41512	0.17012	0.07040	0.01380	0.01154	0.02298	0.00408	0.00119	0.00312	0.00406	0.00369	0.13877
10	0.04713	0.01060	0.07558	0.01092	0.12731	0.01045	0.04449	0.51348	0.03078	0.07819	0.00898	0.00936	0.00645	0.00424	0.00375	0.00115	0.00429	0.00340	0.00329	0.00617
11	0.00817	0.01026	0.17153	0.38700	0.29128	0.02798	0.02835	0.01094	0.00811	0.01106	0.00688	0.00940	0.00533	0.00361	0.00375	0.00120	0.00505	0.00327	0.00174	0.00509
12	0.00569	0.00410	0.00515	0.00503	0.00520	0.00450	0.00333	0.00608	0.00568	0.00784	0.01102	0.02120	0.01210	0.59822	0.22543	0.00414	0.06543	0.00500	0.00219	0.00270
