[name]
unknown

[dist]
# distance from previous block
# <min> <max>
0	44

[block]
# block no. 0 follows, 69 sequences, length 51
# corresponding to MSA columns:
# 54-104
name=unknown_A
#
# <colnr> <probs for GDERKNQSTAVLIFYWHMCP>
#	G	D	E	R	K	N	Q	S	T	A	V	L	I	F	Y	W	H	M	C	P
0	0.01003	0.14677	0.35745	0.01109	0.05143	0.05622	0.12685	0.08118	0.01884	0.05771	0.01973	0.00904	0.00614	0.00382	0.00369	0.00115	0.00526	0.00320	0.00218	0.02821
1	0.00491	0.00364	0.00434	0.00484	0.00531	0.00334	0.00322	0.00555	0.00754	0.00971	0.02469	0.48064	0.24062	0.17367	0.00775	0.00194	0.00249	0.00934	0.00340	0.00306
2	0.04302	0.57285	0.17777	0.00772	0.01139	0.02988	0.00811	0.02721	0.06994	0.01098	0.00663	0.00737	0.00554	0.00362	0.00290	0.00098	0.00444	0.00246	0.00192	0.00526
3	0.02570	0.03380	0.19343	0.00887	0.01207	0.15236	0.02362	0.18519	0.04854	0.16473	0.02695	0.05690	0.02152	0.00545	0.02212	0.00131	0.00484	0.00387	0.00310	0.00562
4	0.00762	0.00703	0.02200	0.02982	0.28972	0.01948	0.10695	0.02533	0.00849	0.01183	0.02754	0.29364	0.01370	0.00851	0.06752	0.00170	0.00441	0.00628	0.04375	0.00466
5	0.00476	0.00393	0.00417	0.00420	0.00539	0.00335	0.00312	0.00583	0.00909	0.01117	0.13569	0.09835	0.67767	0.00987	0.00466	0.00133	0.00199	0.00834	0.00372	0.00335
6	0.01066	0.01416	0.30803	0.01129	0.03956	0.13046	0.17228	0.06366	0.01003	0.11947	0.04274	0.02496	0.02592	0.00434	0.00400	0.00122	0.00540	0.00380	0.00252	0.00551
7	0.00877	0.02468	0.33564	0.20610	0.17734	0.01960	0.10349	0.01222	0.02221	0.04202	0.00761	0.00955	0.00567	0.00374	0.00389	0.00124	0.00540	0.00339	0.00193	0.00550
8	0.01712	0.00653	0.00885	0.00682	0.00976	0.00567	0.00562	0.01865	0.01108	0.80253	0.01534	0.01340	0.00972	0.00484	0.00389	0.00120	0.00327	0.00393	0.04526	0.00653
9	0.00978	0.00808	0.00853	0.00766	0.00980	0.00927	0.00596	0.03385	0.74210	0.02931	0.01560	0.01452	0.01170	0.00524	0.00389	0.00129	0.00303	0.00435	0.07001	0.00603
10	0.01459	0.04905	0.01204	0.02723	0.01233	0.07127	0.00746	0.69443	0.01705	0.04217	0.00909	0.00922	0.00652	0.00459	0.00383	0.00115	0.00450	0.00340	0.00366	0.00639
11	0.00814	0.01990	0.81373	0.01107	0.01677	0.00911	0.01422	0.02815	0.00852	0.02477	0.00720	0.00837	0.00507	0.00376	0.00373	0.00124	0.00573	0.00292	0.00175	0.00582
12	0.01366	0.01014	0.01114	0.00912	0.03574	0.01121	0.00723	0.64436	0.10321	0.03836	0.01057	0.02411	0.00801	0.02696	0.00447	0.00128	0.01301	0.01724	0.00382	0.00637
13	0.00464	0.00393	0.00401	0.00407	0.00532	0.00330	0.00302	0.00561	0.00884	0.01055	0.03846	0.09450	0.78021	0.01009	0.00466	0.00134	0.00201	0.00847	0.00364	0.00330
14	0.00836	0.00696	0.00815	0.00583	0.00931	0.00524	0.00467	0.01009	0.00820	0.03260	0.00717	0.00825	0.00590	0.00295	0.00293	0.00060	0.00291	0.00236	0.00238	0.86512
15	0.01308	0.04722	0.01090	0.00941	0.01118	0.62571	0.00715	0.04336	0.02549	0.01011	0.00705	0.02789	0.00634	0.06295	0.00543	0.00128	0.07577	0.00307	0.00215	0.00447
16	0.88991	0.00758	0.00576	0.00516	0.00758	0.00879	0.00425	0.01152	0.00667	0.01759	0.00546	0.00637	0.00425	0.00364	0.00243	0.00121	0.00303	0.00212	0.00243	0.00425
17	0.00900	0.19421	0.62084	0.00999	0.01511	0.01023	0.01234	0.01269	0.00839	0.06252	0.00722	0.00818	0.00527	0.00372	0.00349	0.00116	0.00531	0.00280	0.00186	0.00569
18	0.00544	0.00443	0.00543	0.00530	0.00645	0.00407	0.03419	0.02090	0.04535	0.01174	0.14183	0.22169	0.41791	0.02135	0.00491	0.00142	0.00238	0.03792	0.00367	0.00359
19	0.01052	0.79641	0.05619	0.00703	0.01044	0.04586	0.00708	0.01191	0.00810	0.00938	0.00554	0.00640	0.00503	0.00340	0.00261	0.00086	0.00437	0.00215	0.00169	0.00505
20	0.00494	0.00353	0.00452	0.00522	0.00551	0.00331	0.00347	0.00558	0.00741	0.00981	0.03252	0.66038	0.07494	0.13503	0.00715	0.00189	0.00250	0.02574	0.00347	0.00309
21	0.02753	0.00804	0.03035	0.00705	0.01010	0.02097	0.00586	0.14346	0.06127	0.29732	0.01219	0.01179	0.04451	0.00445	0.00378	0.00103	0.01980	0.00350	0.00357	0.28342
22	0.03475	0.00534	0.00704	0.04486	0.08277	0.00520	0.00516	0.02080	0.05932	0.12781	0.26222	0.17297	0.14079	0.00769	0.00439	0.00131	0.00270	0.00671	0.00376	0.00442
23	0.04803	0.00838	0.00958	0.00750	0.01043	0.06522	0.00613	0.18425	0.01249	0.57299	0.01317	0.01187	0.00857	0.00472	0.00384	0.00119	0.00376	0.00369	0.01781	0.00639
24	0.00490	0.00348	0.00459	0.00542	0.00565	0.00328	0.00362	0.00557	0.00741	0.00987	0.02083	0.76539	0.02487	0.08099	0.00623	0.00178	0.00244	0.03701	0.00354	0.00313
25	0.00796	0.05190	0.81115	0.01101	0.01671	0.00934	0.01419	0.01239	0.00827	0.01230	0.00698	0.00820	0.00497	0.00371	0.00368	0.00123	0.00573	0.00287	0.00166	0.00577
26	0.00502	0.00401	0.00450	0.00450	0.00560	0.00354	0.00333	0.00643	0.02718	0.01207	0.25823	0.13097	0.50156	0.00957	0.00466	0.00133	0.00201	0.00820	0.00384	0.00347
27	0.01239	0.00918	0.00991	0.00806	0.01065	0.01016	0.00650	0.45536	0.25810	0.05004	0.07372	0.01285	0.01079	0.00513	0.00394	0.00121	0.00361	0.00409	0.04815	0.00616
28	0.01048	0.86458	0.02054	0.00671	0.01006	0.01551	0.00671	0.01174	0.00797	0.00922	0.00545	0.00629	0.00503	0.00335	0.00252	0.00084	0.00419	0.00210	0.00168	0.00503
29	0.00566	0.00405	0.00497	0.00517	0.00606	0.00373	0.00379	0.00711	0.03333	0.04289	0.21792	0.32020	0.24634	0.02061	0.00496	0.00145	0.00227	0.06207	0.00384	0.00358
30	0.00470	0.00395	0.00408	0.00410	0.00535	0.00333	0.00306	0.00575	0.00903	0.01093	0.09571	0.06959	0.74724	0.00989	0.00465	0.00133	0.00199	0.00830	0.00369	0.00333
31	0.00779	0.00736	0.01246	0.71334	0.16344	0.00881	0.01108	0.01036	0.00802	0.01049	0.00704	0.01033	0.00539	0.00385	0.00391	0.00128	0.00513	0.00349	0.00178	0.00467
32	0.01515	0.01059	0.01152	0.00884	0.01196	0.01158	0.00730	0.75185	0.01778	0.09847	0.00996	0.00977	0.00694	0.00472	0.00392	0.00118	0.00423	0.00357	0.00401	0.00667
33	0.00891	0.00850	0.01448	0.31016	0.55788	0.00911	0.01164	0.01134	0.00855	0.01184	0.00723	0.00996	0.00587	0.00364	0.00389	0.00121	0.00485	0.00349	0.00187	0.00557
34	0.00963	0.00880	0.01461	0.30063	0.28348	0.01864	0.13844	0.07545	0.05423	0.04546	0.00825	0.01045	0.00631	0.00386	0.00402	0.00125	0.00502	0.00373	0.00226	0.00547
35	0.00506	0.00388	0.00464	0.00467	0.00562	0.00346	0.00342	0.00638	0.00963	0.01275	0.38767	0.18514	0.33449	0.00952	0.00470	0.00133	0.00198	0.00828	0.00394	0.00346
36	0.04815	0.00799	0.02233	0.00855	0.08267	0.02960	0.03711	0.08374	0.08483	0.09460	0.01018	0.08859	0.00864	0.00449	0.00355	0.00099	0.00349	0.00380	0.00292	0.37379
37	0.01078	0.00774	0.00897	0.00675	0.00991	0.01856	0.00545	0.11933	0.05555	0.15132	0.00912	0.00952	0.00687	0.00374	0.00360	0.00085	0.03034	0.00290	0.00302	0.53567
38	0.00916	0.00886	0.01534	0.12772	0.64319	0.00901	0.06575	0.01152	0.00879	0.01233	0.00857	0.02163	0.03275	0.00385	0.00397	0.00120	0.00474	0.00382	0.00199	0.00578
39	0.00962	0.45913	0.18489	0.00941	0.01321	0.02699	0.15141	0.01246	0.05586	0.01090	0.00749	0.01797	0.01754	0.00374	0.00329	0.00105	0.00487	0.00303	0.00192	0.00524
40	0.06227	0.00629	0.00754	0.00611	0.00836	0.00605	0.00489	0.11580	0.01075	0.42173	0.02944	0.01400	0.00998	0.06908	0.00479	0.00133	0.00310	0.00392	0.20912	0.00545
41	0.00613	0.00438	0.00611	0.00701	0.00783	0.00435	0.00600	0.00780	0.00884	0.01153	0.02086	0.14166	0.02296	0.01100	0.00537	0.00178	0.00345	0.71576	0.00361	0.00356
42	0.00768	0.00725	0.01225	0.75377	0.12388	0.00878	0.01102	0.01026	0.00797	0.01035	0.00702	0.01036	0.00534	0.00387	0.00391	0.00129	0.00516	0.00349	0.00177	0.00458
43	0.01159	0.00703	0.00773	0.00634	0.00842	0.00737	0.00510	0.34123	0.01287	0.12451	0.04852	0.02741	0.01010	0.00495	0.00350	0.00108	0.00304	0.00392	0.36005	0.00526
44	0.00484	0.00348	0.00449	0.00528	0.00556	0.00324	0.00350	0.00549	0.00746	0.00986	0.02203	0.74649	0.07494	0.07589	0.00610	0.00174	0.00237	0.01056	0.00354	0.00313
45	0.00933	0.00992	0.07746	0.02208	0.72627	0.00904	0.02462	0.01178	0.00888	0.01268	0.00880	0.01086	0.04303	0.00379	0.00391	0.00118	0.00465	0.00368	0.00200	0.00604
46	0.00934	0.00907	0.01586	0.14295	0.65960	0.00927	0.07274	0.01178	0.00879	0.01239	0.00736	0.00988	0.00605	0.00354	0.00394	0.00120	0.00489	0.00358	0.00192	0.00587
47	0.00760	0.00774	0.04900	0.75320	0.08737	0.00877	0.01113	0.01027	0.00794	0.01033	0.00700	0.01030	0.00529	0.00388	0.00391	0.00129	0.00521	0.00346	0.00175	0.00456
48	0.00532	0.00379	0.00455	0.00484	0.00550	0.00345	0.00333	0.00615	0.00819	0.03312	0.12638	0.37679	0.25353	0.13817	0.00706	0.00179	0.00240	0.00882	0.00357	0.00326
49	0.04161	0.00686	0.00718	0.00715	0.02621	0.08351	0.00541	0.01222	0.20809	0.07544	0.11806	0.17375	0.06660	0.00785	0.00442	0.00140	0.00324	0.14277	0.00366	0.00455
50	0.06355	0.02719	0.03620	0.00974	0.05719	0.15869	0.07604	0.13558	0.06423	0.17414	0.01076	0.05711	0.00876	0.01835	0.00463	0.00129	0.04875	0.03926	0.00313	0.00541

[dist]
# distance from previous block
# <min> <max>
3	8

[block]
# block no. 1 follows, 69 sequences, length 28
# corresponding to MSA columns:
# 117-144
name=unknown_B
#
# <colnr> <probs for GDERKNQSTAVLIFYWHMCP>
#	G	D	E	R	K	N	Q	S	T	A	V	L	I	F	Y	W	H	M	C	P
0	0.01449	0.01843	0.01113	0.01010	0.01207	0.82522	0.00760	0.01550	0.01098	0.00959	0.00604	0.00711	0.00505	0.00411	0.00377	0.00103	0.02867	0.00255	0.00201	0.00454
1	0.00824	0.00706	0.00739	0.03056	0.00891	0.06695	0.00537	0.05475	0.32503	0.02363	0.09961	0.27002	0.04446	0.00777	0.00437	0.00138	0.00311	0.02293	0.00370	0.00476
2	0.00851	0.00912	0.01761	0.01319	0.01617	0.04054	0.55927	0.03363	0.00929	0.01231	0.03069	0.16520	0.04207	0.00546	0.00464	0.00136	0.00545	0.01822	0.00248	0.00478
3	0.00672	0.00526	0.00703	0.00853	0.13469	0.00522	0.00526	0.03140	0.10049	0.03274	0.02002	0.46283	0.11316	0.04126	0.00518	0.00153	0.00284	0.00828	0.00341	0.00416
4	0.01511	0.00979	0.01093	0.00845	0.01146	0.01046	0.00695	0.62271	0.01649	0.19866	0.01115	0.04105	0.00801	0.00501	0.00397	0.00120	0.00403	0.00389	0.00411	0.00654
5	0.01140	0.00782	0.00872	0.00735	0.00961	0.00840	0.00583	0.26368	0.26595	0.13350	0.08333	0.07559	0.04443	0.00593	0.00405	0.00126	0.00323	0.00490	0.04929	0.00575
6	0.00565	0.00344	0.00475	0.00523	0.00539	0.00330	0.00348	0.00533	0.00650	0.00862	0.01574	0.45329	0.04371	0.04144	0.00978	0.36859	0.00279	0.00766	0.00279	0.00255
7	0.00967	0.00963	0.01408	0.16299	0.49842	0.08206	0.02297	0.01259	0.07733	0.01215	0.00779	0.00996	0.00636	0.00395	0.00439	0.00122	0.05324	0.00350	0.00207	0.00562
8	0.00480	0.00343	0.00457	0.00544	0.00569	0.00320	0.00364	0.00553	0.00763	0.01021	0.04984	0.83087	0.02631	0.01213	0.00499	0.00158	0.00226	0.01100	0.00366	0.00320
9	0.00665	0.00495	0.00561	0.00525	0.00668	0.00477	0.00400	0.00981	0.16216	0.06243	0.28909	0.05732	0.34985	0.00824	0.00448	0.00130	0.00224	0.00702	0.00399	0.00417
10	0.00977	0.56403	0.28559	0.00826	0.01236	0.04073	0.00925	0.01209	0.00817	0.01027	0.00598	0.00696	0.00501	0.00350	0.00294	0.00097	0.00480	0.00237	0.00168	0.00526
11	0.00584	0.00423	0.00515	0.00530	0.00609	0.00408	0.00381	0.00770	0.07598	0.02986	0.21973	0.29423	0.14613	0.11882	0.00669	0.00173	0.00249	0.05488	0.00369	0.00357
12	0.00713	0.00364	0.00372	0.00378	0.00465	0.00362	0.00280	0.00887	0.00817	0.01429	0.01342	0.07526	0.01119	0.00512	0.00290	0.00096	0.00186	0.00419	0.82081	0.00362
13	0.00508	0.00396	0.00458	0.00456	0.00559	0.00351	0.00339	0.00636	0.00951	0.01236	0.32887	0.09003	0.42629	0.04190	0.00527	0.00142	0.00209	0.03797	0.00384	0.00342
14	0.00970	0.00931	0.01591	0.02406	0.83777	0.00931	0.01203	0.01203	0.00893	0.01281	0.00737	0.00970	0.00621	0.00349	0.00388	0.00116	0.00466	0.00349	0.00194	0.00621
15	0.01464	0.01868	0.01111	0.01010	0.01212	0.84648	0.00757	0.01565	0.01111	0.00959	0.00606	0.00707	0.00505	0.00404	0.00353	0.00101	0.00707	0.00252	0.00202	0.00454
16	0.59872	0.00679	0.00563	0.00503	0.00711	0.00769	0.00408	0.06740	0.00789	0.01731	0.00765	0.00873	0.00593	0.00396	0.00261	0.00113	0.00281	0.00262	0.23265	0.00426
17	0.88991	0.00758	0.00576	0.00516	0.00758	0.00879	0.00425	0.01152	0.00667	0.01759	0.00546	0.00637	0.00425	0.00364	0.00243	0.00121	0.00303	0.00212	0.00243	0.00425
18	0.00834	0.00814	0.11870	0.01980	0.00934	0.03041	0.00619	0.04274	0.18983	0.08502	0.07121	0.06021	0.15603	0.07889	0.07558	0.00192	0.01339	0.01626	0.00328	0.00472
19	0.06420	0.00888	0.01069	0.00868	0.01039	0.06942	0.03470	0.04919	0.00792	0.04089	0.00642	0.00848	0.00554	0.00501	0.00762	0.00124	0.39288	0.00302	0.00218	0.26265
20	0.00566	0.00378	0.00429	0.00433	0.00434	0.00377	0.00243	0.00569	0.00578	0.00771	0.01276	0.06210	0.01476	0.82509	0.01930	0.00370	0.00373	0.00594	0.00243	0.00241
21	0.00558	0.00425	0.00489	0.00503	0.00599	0.00394	0.00364	0.06460	0.00927	0.01202	0.11736	0.36150	0.34921	0.01017	0.00469	0.00140	0.00225	0.00885	0.02180	0.00355
22	0.00841	0.00681	0.01023	0.07855	0.22297	0.02841	0.06360	0.01062	0.03884	0.09071	0.19842	0.09622	0.08769	0.01798	0.00452	0.00131	0.00361	0.02315	0.00316	0.00480
23	0.00805	0.05793	0.77227	0.01102	0.01660	0.00942	0.03047	0.01255	0.02398	0.01235	0.00715	0.00836	0.00512	0.00373	0.00369	0.00123	0.00569	0.00293	0.00171	0.00576
24	0.00491	0.00392	0.00438	0.00442	0.00550	0.00342	0.00326	0.00606	0.00922	0.01168	0.22187	0.12764	0.53067	0.02581	0.00497	0.00139	0.00205	0.02169	0.00377	0.00337
25	0.01136	0.02687	0.00755	0.00620	0.00804	0.08554	0.00485	0.18580	0.01101	0.16596	0.01206	0.04537	0.00958	0.06641	0.00460	0.00126	0.00334	0.00397	0.33536	0.00485
26	0.01406	0.01114	0.01172	0.00919	0.01214	0.07155	0.03557	0.65995	0.07552	0.02223	0.00990	0.03136	0.00740	0.00485	0.00395	0.00119	0.00445	0.00375	0.00372	0.00634
27	0.00918	0.00869	0.01348	0.41241	0.36555	0.04114	0.01099	0.06954	0.00918	0.01223	0.00728	0.00993	0.00574	0.00380	0.00389	0.00123	0.00499	0.00345	0.00199	0.00531

[dist]
# distance from previous block
# <min> <max>
0	17

[block]
# block no. 2 follows, 69 sequences, length 13
# corresponding to MSA columns:
# 162-174
name=unknown_C
#
# <colnr> <probs for GDERKNQSTAVLIFYWHMCP>
#	G	D	E	R	K	N	Q	S	T	A	V	L	I	F	Y	W	H	M	C	P
0	0.00855	0.01937	0.76085	0.01096	0.01650	0.00940	0.01380	0.09173	0.00927	0.01362	0.00727	0.00839	0.00513	0.00382	0.00374	0.00124	0.00565	0.00296	0.00188	0.00588
1	0.00565	0.00381	0.00445	0.00460	0.00469	0.00379	0.00278	0.00585	0.00611	0.00813	0.01385	0.10842	0.01598	0.71861	0.01746	0.00344	0.00364	0.06360	0.00259	0.00254
2	0.00571	0.00413	0.00538	0.00597	0.00681	0.00396	0.00484	0.00715	0.00885	0.01164	0.10286	0.18681	0.15719	0.02644	0.00532	0.00164	0.00288	0.41513	0.03381	0.00347
3	0.01089	0.65793	0.01834	0.00809	0.05252	0.11508	0.00705	0.01287	0.06697	0.00996	0.00637	0.00715	0.00559	0.00358	0.00281	0.00091	0.00449	0.00239	0.00190	0.00512
4	0.00891	0.00720	0.00847	0.00830	0.08964	0.02624	0.00586	0.09816	0.19822	0.02411	0.01267	0.02517	0.05132	0.00858	0.13206	0.00187	0.00437	0.01664	0.09894	0.17328
5	0.00502	0.00364	0.00469	0.00539	0.00582	0.00341	0.00378	0.00587	0.00786	0.01034	0.05660	0.59102	0.11330	0.06825	0.00599	0.00172	0.00247	0.09805	0.00358	0.00321
6	0.00715	0.01047	0.30318	0.00762	0.01041	0.02547	0.00789	0.01038	0.06778	0.04149	0.25225	0.12524	0.07769	0.00685	0.00428	0.00131	0.00363	0.02910	0.00316	0.00465
7	0.02548	0.12806	0.02059	0.03058	0.02887	0.04639	0.04494	0.06258	0.05062	0.08505	0.04083	0.09753	0.06928	0.08999	0.01616	0.00160	0.14928	0.00480	0.00277	0.00458
8	0.00738	0.00531	0.00665	0.00656	0.03112	0.00541	0.01783	0.05128	0.13452	0.06267	0.12772	0.22076	0.10003	0.08511	0.07776	0.00200	0.00347	0.02174	0.02847	0.00421
9	0.00555	0.00392	0.00460	0.00482	0.00578	0.00343	0.00346	0.00650	0.00861	0.06278	0.07246	0.37035	0.41258	0.01047	0.00474	0.00142	0.00218	0.00911	0.00375	0.00349
10	0.00774	0.00696	0.00847	0.05252	0.07491	0.08191	0.00621	0.00875	0.00771	0.03820	0.05485	0.25602	0.04025	0.11052	0.00847	0.00175	0.22192	0.00619	0.00269	0.00394
11	0.01054	0.15930	0.08215	0.09530	0.24305	0.15857	0.07594	0.04041	0.00935	0.03140	0.00721	0.01927	0.00591	0.00377	0.00361	0.00110	0.00516	0.00318	0.00205	0.04274
12	0.02079	0.11179	0.08281	0.03816	0.07248	0.25347	0.02019	0.03208	0.03825	0.06487	0.07290	0.03742	0.08559	0.00540	0.01230	0.00119	0.00477	0.01795	0.00263	0.02495

[dist]
# distance from previous block
# <min> <max>
2	31

[block]
# block no. 3 follows, 69 sequences, length 22
# corresponding to MSA columns:
# 206-227
name=unknown_D
#
# <colnr> <probs for GDERKNQSTAVLIFYWHMCP>
#	G	D	E	R	K	N	Q	S	T	A	V	L	I	F	Y	W	H	M	C	P
0	0.01219	0.14315	0.01384	0.01351	0.25135	0.40096	0.00868	0.02786	0.05373	0.01109	0.00691	0.00819	0.00578	0.00392	0.00371	0.00106	0.02388	0.00288	0.00208	0.00522
1	0.01913	0.14011	0.21157	0.00814	0.03746	0.02589	0.00774	0.03611	0.00853	0.03440	0.07834	0.07893	0.03356	0.03194	0.11029	0.00191	0.02967	0.04699	0.00249	0.05682
2	0.05763	0.13963	0.35051	0.01103	0.11294	0.07319	0.02306	0.05734	0.03552	0.03910	0.00812	0.04636	0.00666	0.01795	0.00384	0.00121	0.00495	0.00334	0.00217	0.00546
3	0.00516	0.00378	0.00484	0.00502	0.00573	0.00346	0.00360	0.00647	0.00951	0.01300	0.44135	0.34315	0.12072	0.00983	0.00477	0.00138	0.00202	0.00875	0.00399	0.00346
4	0.24832	0.01014	0.17947	0.06872	0.17922	0.02503	0.00850	0.03920	0.00834	0.02543	0.04343	0.04755	0.00852	0.05064	0.01649	0.00146	0.00429	0.02800	0.00236	0.00489
5	0.01059	0.19812	0.12936	0.05203	0.03222	0.10255	0.11630	0.11292	0.07174	0.04869	0.01926	0.03024	0.03100	0.00451	0.00373	0.00116	0.00486	0.02286	0.00253	0.00533
6	0.00594	0.00495	0.03158	0.02518	0.02101	0.00460	0.04059	0.00763	0.05252	0.02335	0.03009	0.46325	0.04768	0.06964	0.09264	0.00217	0.00377	0.06650	0.00324	0.00367
7	0.00629	0.00426	0.00478	0.00465	0.00582	0.00392	0.00348	0.03396	0.02214	0.04899	0.17811	0.14242	0.34847	0.00845	0.00427	0.00126	0.00212	0.00720	0.16568	0.00373
8	0.00759	0.00582	0.00772	0.03038	0.12409	0.00597	0.00575	0.10221	0.09334	0.03753	0.02858	0.48215	0.03503	0.00893	0.00455	0.00143	0.00302	0.00799	0.00347	0.00446
9	0.07019	0.06159	0.17846	0.14563	0.13319	0.03970	0.09163	0.09473	0.08832	0.02416	0.00849	0.01051	0.00661	0.00412	0.00379	0.00123	0.00489	0.02491	0.00235	0.00546
10	0.00559	0.00424	0.00544	0.00575	0.00642	0.00428	0.00428	0.03319	0.00823	0.01090	0.06550	0.38685	0.16679	0.04015	0.10070	0.00214	0.04004	0.10267	0.00338	0.00346
11	0.00494	0.00375	0.00439	0.00468	0.00538	0.00338	0.00324	0.00581	0.00830	0.01069	0.13636	0.33274	0.33288	0.11714	0.00668	0.00172	0.00230	0.00883	0.00357	0.00320
12	0.01997	0.00827	0.01571	0.01405	0.15908	0.00813	0.37807	0.03257	0.00867	0.03133	0.00940	0.01367	0.00806	0.04797	0.17547	0.00242	0.00654	0.04170	0.01400	0.00491
13	0.04155	0.09848	0.38149	0.00989	0.01393	0.18654	0.02815	0.09514	0.06654	0.03154	0.00768	0.00848	0.00574	0.00398	0.00359	0.00115	0.00544	0.00294	0.00223	0.00553
14	0.00603	0.00350	0.00501	0.00541	0.00557	0.00342	0.00373	0.00549	0.00630	0.00838	0.01334	0.32175	0.01505	0.01290	0.01076	0.49168	0.00301	0.07371	0.00256	0.00240
15	0.01092	0.00816	0.00995	0.01010	0.13430	0.06705	0.00699	0.20284	0.04235	0.12964	0.01028	0.01213	0.00819	0.01320	0.29922	0.00298	0.01968	0.00378	0.00295	0.00529
16	0.02114	0.00587	0.00677	0.00630	0.00762	0.04995	0.04852	0.02668	0.11327	0.03019	0.14050	0.24157	0.23297	0.02055	0.00484	0.00139	0.01622	0.00740	0.01420	0.00404
17	0.01131	0.00551	0.00727	0.00640	0.00830	0.00518	0.00513	0.01335	0.06148	0.38954	0.06570	0.09206	0.07124	0.02021	0.10462	0.00195	0.00389	0.09285	0.02890	0.00509
18	0.00572	0.00377	0.00430	0.00435	0.00446	0.00375	0.00254	0.00594	0.00619	0.00849	0.04840	0.08354	0.01582	0.72035	0.01733	0.00338	0.00350	0.00603	0.04957	0.00256
19	0.02220	0.02991	0.15873	0.05528	0.39392	0.04646	0.05068	0.12727	0.01022	0.03220	0.00804	0.01031	0.00644	0.00398	0.00388	0.00120	0.00494	0.02617	0.00228	0.00588
20	0.13635	0.11023	0.02447	0.00922	0.03917	0.41970	0.00715	0.08214	0.08994	0.01274	0.00718	0.00796	0.00578	0.00414	0.00361	0.00109	0.02902	0.00275	0.00237	0.00496
21	0.01052	0.36399	0.01691	0.02533	0.01260	0.15765	0.18897	0.03063	0.00926	0.03295	0.05084	0.06705	0.00849	0.00440	0.00354	0.00107	0.00498	0.00372	0.00221	0.00488

[dist]
# distance from previous block
# <min> <max>
5	10

[block]
# block no. 4 follows, 69 sequences, length 9
# corresponding to MSA columns:
# 242-250
name=unknown_E
#
# <colnr> <probs for GDERKNQSTAVLIFYWHMCP>
#	G	D	E	R	K	N	Q	S	T	A	V	L	I	F	Y	W	H	M	C	P
0	0.10068	0.06115	0.22717	0.00887	0.03398	0.09908	0.00841	0.13873	0.09029	0.10602	0.05641	0.01126	0.03211	0.00457	0.00366	0.00119	0.00444	0.00350	0.00292	0.00555
1	0.00995	0.00953	0.01423	0.19903	0.29446	0.05607	0.12046	0.09628	0.13416	0.01375	0.00880	0.01055	0.00681	0.00399	0.00399	0.00123	0.00491	0.00374	0.00242	0.00563
2	0.00800	0.00576	0.00769	0.04360	0.06151	0.00581	0.03094	0.04179	0.09478	0.08888	0.35670	0.02221	0.11436	0.00665	0.00452	0.00124	0.02921	0.00571	0.06612	0.00455
3	0.00606	0.00457	0.00655	0.00636	0.00697	0.00541	0.00494	0.00731	0.00654	0.00966	0.04202	0.01549	0.01049	0.05687	0.61468	0.02836	0.09578	0.00423	0.06421	0.00351
4	0.01059	0.08868	0.13095	0.04229	0.12650	0.14761	0.15069	0.01427	0.13133	0.06168	0.00867	0.00983	0.00667	0.00411	0.00430	0.00121	0.04930	0.00349	0.00236	0.00547
5	0.00960	0.03000	0.10503	0.18043	0.23475	0.04476	0.15402	0.05864	0.03482	0.03949	0.00824	0.01096	0.00655	0.00411	0.00434	0.00126	0.03635	0.02903	0.00219	0.00543
6	0.00478	0.00341	0.00455	0.00546	0.00569	0.00318	0.00364	0.00546	0.00751	0.01001	0.02161	0.85966	0.02593	0.01228	0.00500	0.00159	0.00227	0.01114	0.00364	0.00318
7	0.00837	0.00806	0.05529	0.04939	0.18259	0.00736	0.19355	0.03139	0.04818	0.04896	0.19984	0.05280	0.04626	0.00565	0.00437	0.00129	0.00416	0.04454	0.00296	0.00499
8	0.01279	0.11596	0.03369	0.07670	0.05719	0.20349	0.03241	0.21711	0.02435	0.11396	0.00848	0.00958	0.00649	0.02898	0.00452	0.00122	0.04156	0.00326	0.00279	0.00547

[dist]
# distance from previous block
# <min> <max>
1	2

[block]
# block no. 5 follows, 69 sequences, length 7
# corresponding to MSA columns:
# 253-259
name=unknown_F
#
# <colnr> <probs for GDERKNQSTAVLIFYWHMCP>
#	G	D	E	R	K	N	Q	S	T	A	V	L	I	F	Y	W	H	M	C	P
0	0.69222	0.00852	0.00659	0.00583	0.00822	0.08226	0.00472	0.03677	0.03178	0.05294	0.00755	0.00815	0.03341	0.00402	0.00276	0.00120	0.00341	0.00256	0.00263	0.00448
1	0.00554	0.00433	0.00584	0.00542	0.00635	0.00420	0.04607	0.00671	0.00815	0.01088	0.21123	0.02676	0.24002	0.20811	0.19023	0.00294	0.00445	0.00634	0.00309	0.00333
2	0.00952	0.23358	0.19584	0.03096	0.13452	0.05735	0.06064	0.04335	0.06357	0.01213	0.02447	0.01013	0.03946	0.00407	0.00367	0.00110	0.01903	0.00328	0.00215	0.05117
3	0.00572	0.00387	0.00459	0.00479	0.00494	0.00385	0.00304	0.00603	0.00632	0.00838	0.01429	0.09430	0.01637	0.67311	0.01669	0.00334	0.00365	0.12145	0.00265	0.00262
4	0.00859	0.05584	0.07875	0.00647	0.01013	0.00648	0.00573	0.05268	0.00867	0.01317	0.00702	0.00811	0.00574	0.00309	0.00300	0.00068	0.00329	0.00242	0.00231	0.71783
5	0.01062	0.09061	0.18237	0.03005	0.05769	0.11736	0.10226	0.16434	0.03736	0.03147	0.00848	0.01052	0.00676	0.00577	0.05721	0.00148	0.00550	0.03079	0.00245	0.04691
6	0.02918	0.04270	0.06346	0.01942	0.03589	0.09637	0.00570	0.06868	0.02065	0.04617	0.14149	0.15157	0.14048	0.04489	0.01745	0.00142	0.01541	0.00582	0.00315	0.05012

[dist]
# distance from previous block
# <min> <max>
3	18

[block]
# block no. 6 follows, 69 sequences, length 33
# corresponding to MSA columns:
# 278-310
name=unknown_G
#
# <colnr> <probs for GDERKNQSTAVLIFYWHMCP>
#	G	D	E	R	K	N	Q	S	T	A	V	L	I	F	Y	W	H	M	C	P
0	0.07406	0.12158	0.02284	0.00844	0.01135	0.12630	0.07358	0.19847	0.05215	0.15412	0.02280	0.03339	0.00771	0.00442	0.00361	0.00111	0.00437	0.00348	0.00311	0.07312
1	0.03335	0.03506	0.04170	0.06029	0.03740	0.06422	0.07124	0.22187	0.06942	0.11413	0.01232	0.04395	0.03198	0.00553	0.00408	0.00127	0.00429	0.10657	0.00326	0.03806
2	0.03442	0.00959	0.00999	0.00931	0.07890	0.14101	0.02135	0.08872	0.25406	0.22981	0.02280	0.01290	0.01802	0.04576	0.00464	0.00134	0.00410	0.00392	0.00357	0.00580
3	0.00573	0.00410	0.00495	0.00527	0.00579	0.00402	0.00378	0.00675	0.02957	0.00975	0.03346	0.12226	0.12829	0.38920	0.01168	0.00258	0.00329	0.22338	0.00309	0.00305
4	0.00582	0.00401	0.00451	0.00440	0.00516	0.00368	0.00295	0.00650	0.00786	0.04961	0.11456	0.05524	0.33176	0.37433	0.01117	0.00238	0.00282	0.00692	0.00323	0.00311
5	0.01012	0.70730	0.13753	0.00740	0.01102	0.03488	0.00779	0.01185	0.00814	0.00981	0.02078	0.00701	0.00560	0.00351	0.00275	0.00091	0.00445	0.00231	0.00173	0.00510
6	0.01446	0.01036	0.01123	0.00874	0.01174	0.01140	0.00717	0.69143	0.08691	0.07540	0.01056	0.02450	0.00764	0.00490	0.00395	0.00120	0.00411	0.00376	0.00398	0.00657
7	0.00980	0.01189	0.21614	0.11697	0.39333	0.01953	0.01159	0.09590	0.03849	0.03732	0.00797	0.00966	0.00612	0.00383	0.00385	0.00121	0.00490	0.00338	0.00221	0.00593
8	0.01083	0.00653	0.00813	0.00690	0.00902	0.00658	0.02730	0.01575	0.29211	0.27395	0.24985	0.01903	0.04467	0.00603	0.00419	0.00127	0.00288	0.00516	0.00429	0.00552
9	0.00962	0.00692	0.00828	0.00599	0.00940	0.00531	0.00482	0.01133	0.00862	0.14337	0.00831	0.00895	0.00642	0.00321	0.00307	0.00068	0.00297	0.00258	0.00272	0.74742
10	0.01183	0.00672	0.00839	0.00627	0.00945	0.00537	0.00506	0.01344	0.00936	0.34682	0.01091	0.04006	0.00808	0.00402	0.00340	0.00087	0.00306	0.00329	0.00339	0.50020
11	0.00989	0.60806	0.25216	0.00797	0.01201	0.01350	0.00888	0.01209	0.00812	0.02775	0.00611	0.00700	0.00511	0.00349	0.00289	0.00096	0.00463	0.00236	0.00174	0.00528
12	0.00681	0.00340	0.00511	0.00511	0.00511	0.00340	0.00340	0.00511	0.00511	0.00681	0.00681	0.01192	0.00681	0.01362	0.01532	0.88594	0.00340	0.00340	0.00170	0.00170
13	0.00610	0.00603	0.07437	0.00626	0.00789	0.00491	0.04541	0.00879	0.07986	0.01369	0.38869	0.06755	0.20156	0.00802	0.00457	0.00132	0.00269	0.06451	0.00373	0.00405
14	0.01009	0.73854	0.14316	0.00737	0.01109	0.01456	0.00787	0.01184	0.00801	0.00970	0.00569	0.00659	0.00502	0.00341	0.00270	0.00090	0.00443	0.00222	0.00167	0.00514
15	0.10028	0.04676	0.01138	0.00854	0.01152	0.07604	0.00704	0.61260	0.01596	0.05892	0.00887	0.00898	0.00637	0.00450	0.00369	0.00115	0.00435	0.00327	0.00358	0.00620
16	0.01045	0.62918	0.11760	0.03232	0.04055	0.09278	0.00803	0.01215	0.00833	0.00979	0.00581	0.00684	0.00507	0.00348	0.00284	0.00093	0.00470	0.00232	0.00172	0.00510
17	0.01287	0.01022	0.19114	0.00823	0.02540	0.04141	0.00771	0.08303	0.04586	0.38682	0.12427	0.02286	0.01214	0.00507	0.00398	0.00122	0.00391	0.00414	0.00379	0.00592
18	0.00731	0.00365	0.00365	0.00365	0.00457	0.00365	0.00274	0.00913	0.00822	0.01462	0.01279	0.01462	0.01005	0.00457	0.00274	0.00091	0.00183	0.00365	0.88399	0.00365
19	0.00650	0.00451	0.00631	0.00714	0.00806	0.00449	0.00620	0.00825	0.00901	0.02959	0.02068	0.07698	0.02242	0.01076	0.00537	0.00178	0.00355	0.76111	0.00364	0.00366
20	0.00525	0.00498	0.03287	0.02493	0.05273	0.00411	0.01962	0.00656	0.00894	0.01104	0.07329	0.07057	0.63947	0.00913	0.00457	0.00133	0.00245	0.02109	0.00344	0.00363
21	0.00756	0.00390	0.00392	0.00383	0.00482	0.00393	0.00290	0.03597	0.00856	0.01495	0.01268	0.01444	0.00994	0.00457	0.00278	0.00092	0.00191	0.00365	0.85503	0.00375
22	0.05260	0.00842	0.00929	0.02686	0.01021	0.04329	0.00632	0.41939	0.01264	0.01736	0.00951	0.01181	0.00780	0.03924	0.30371	0.00307	0.00657	0.00372	0.00303	0.00516
23	0.01046	0.07950	0.02040	0.02609	0.15369	0.13562	0.07458	0.03990	0.27709	0.04363	0.04550	0.01321	0.04339	0.00478	0.00390	0.00120	0.00436	0.01421	0.00295	0.00553
24	0.00956	0.00805	0.01122	0.03289	0.25524	0.05473	0.05646	0.02340	0.00898	0.09383	0.01020	0.12628	0.00930	0.00482	0.00380	0.00107	0.00393	0.01769	0.00263	0.26591
25	0.00561	0.00381	0.00425	0.00425	0.00436	0.00376	0.00243	0.00569	0.00597	0.00785	0.01460	0.02665	0.08180	0.79218	0.01869	0.00360	0.00365	0.00591	0.00248	0.00245
26	0.01217	0.00934	0.01006	0.00830	0.01083	0.01041	0.00664	0.48224	0.27159	0.02048	0.01281	0.10520	0.01046	0.00574	0.00406	0.00127	0.00371	0.00466	0.00391	0.00614
27	0.00576	0.00408	0.00513	0.00549	0.00598	0.00402	0.00397	0.00697	0.03259	0.01057	0.12619	0.20233	0.03402	0.31126	0.01031	0.00237	0.00313	0.21937	0.00329	0.00317
28	0.00604	0.00447	0.00542	0.00565	0.00648	0.00436	0.00416	0.07371	0.02768	0.01207	0.10326	0.38858	0.15704	0.07233	0.00593	0.00166	0.00265	0.11127	0.00364	0.00361
29	0.01331	0.01625	0.01107	0.01099	0.08993	0.66220	0.00768	0.01517	0.06685	0.01062	0.04111	0.02205	0.00727	0.00437	0.00367	0.00106	0.00628	0.00307	0.00227	0.00476
30	0.00719	0.00668	0.01117	0.78316	0.02525	0.00826	0.01029	0.00964	0.00781	0.01002	0.00817	0.08024	0.00693	0.00461	0.00401	0.00133	0.00498	0.00411	0.00190	0.00426
31	0.08172	0.00884	0.01449	0.13924	0.65534	0.00919	0.01123	0.01171	0.00859	0.01281	0.00716	0.00953	0.00591	0.00357	0.00377	0.00119	0.00460	0.00338	0.00195	0.00579
32	0.00873	0.07893	0.01271	0.01000	0.01027	0.01230	0.00842	0.00962	0.00617	0.00942	0.00517	0.00839	0.00514	0.00657	0.01201	0.00164	0.78512	0.00332	0.00171	0.00435

[dist]
# distance from previous block
# <min> <max>
0	1

[block]
# block no. 7 follows, 69 sequences, length 50
# corresponding to MSA columns:
# 312-361
name=unknown_H
#
# <colnr> <probs for GDERKNQSTAVLIFYWHMCP>
#	G	D	E	R	K	N	Q	S	T	A	V	L	I	F	Y	W	H	M	C	P
0	0.00829	0.00825	0.01143	0.00984	0.00993	0.01138	0.00817	0.00916	0.00621	0.00952	0.00763	0.01068	0.06496	0.00708	0.01227	0.00169	0.79365	0.00378	0.00185	0.00422
1	0.00805	0.00387	0.00405	0.00389	0.00496	0.00381	0.00296	0.00985	0.00844	0.07406	0.01298	0.01452	0.01002	0.00459	0.00283	0.00094	0.00194	0.00367	0.82071	0.00387
2	0.00727	0.00675	0.01129	0.79177	0.02548	0.00835	0.01037	0.00983	0.00807	0.01043	0.06662	0.01181	0.00751	0.00421	0.00397	0.00130	0.00498	0.00374	0.00193	0.00431
3	0.01487	0.01123	0.01109	0.06953	0.01277	0.16524	0.00737	0.44891	0.01482	0.19014	0.00987	0.00987	0.00689	0.00456	0.00385	0.00116	0.00469	0.00343	0.00361	0.00611
4	0.00718	0.00368	0.00377	0.00375	0.00466	0.00366	0.00281	0.00901	0.00843	0.01470	0.07202	0.01567	0.01199	0.00482	0.00288	0.00094	0.00183	0.00390	0.82067	0.00366
5	0.82626	0.00732	0.00572	0.00514	0.00746	0.00843	0.00421	0.01123	0.00699	0.01745	0.06522	0.00802	0.00660	0.00395	0.00258	0.00121	0.00295	0.00248	0.00256	0.00421
6	0.77158	0.00787	0.00628	0.00557	0.00789	0.04539	0.01932	0.01143	0.00723	0.01701	0.06529	0.00813	0.00667	0.00397	0.00267	0.00121	0.00319	0.00254	0.00254	0.00424
7	0.00591	0.00419	0.00517	0.00485	0.00598	0.00381	0.00366	0.00772	0.02558	0.04858	0.60360	0.03030	0.21943	0.00828	0.00459	0.00125	0.00197	0.00718	0.00418	0.00378
8	0.00569	0.00385	0.00454	0.00454	0.00464	0.00395	0.00271	0.00587	0.00578	0.00780	0.01211	0.02429	0.01366	0.75175	0.12962	0.00413	0.00469	0.00550	0.00234	0.00252
9	0.00761	0.05513	0.00490	0.00404	0.00515	0.00464	0.00314	0.00983	0.04615	0.01438	0.01250	0.01412	0.00984	0.00453	0.00278	0.00093	0.00203	0.00360	0.79086	0.00385
10	0.10750	0.01057	0.01992	0.01450	0.01814	0.05249	0.64914	0.02935	0.02243	0.02554	0.00783	0.01001	0.00588	0.00346	0.00429	0.00129	0.00608	0.00421	0.00215	0.00520
11	0.01053	0.17383	0.19189	0.00947	0.04412	0.06889	0.05120	0.05336	0.21444	0.08850	0.01066	0.04136	0.01573	0.00456	0.00369	0.00118	0.00445	0.00369	0.00278	0.00566
12	0.00845	0.00808	0.01116	0.00962	0.00971	0.01116	0.00798	0.00940	0.00623	0.00996	0.00592	0.00919	0.00564	0.00663	0.01184	0.00163	0.76835	0.00345	0.09137	0.00422
13	0.01424	0.01038	0.01109	0.00859	0.01154	0.01146	0.00707	0.74909	0.03062	0.02380	0.00978	0.00990	0.00701	0.00471	0.00383	0.00116	0.00410	0.00355	0.07165	0.00643
14	0.01421	0.01042	0.01187	0.00945	0.03228	0.02505	0.04493	0.66375	0.01668	0.07511	0.01020	0.04974	0.00770	0.00497	0.00400	0.00120	0.00432	0.00395	0.00380	0.00639
15	0.01107	0.01268	0.03836	0.05392	0.24670	0.30548	0.00947	0.02675	0.00901	0.01083	0.00632	0.00846	0.00544	0.00464	0.00616	0.00127	0.23338	0.00312	0.00192	0.00502
16	0.01094	0.01057	0.00995	0.07525	0.04454	0.23666	0.02655	0.19147	0.09313	0.01346	0.00945	0.01274	0.00819	0.15272	0.08546	0.00209	0.00558	0.00380	0.00268	0.00478
17	0.00585	0.00452	0.00483	0.00476	0.00605	0.00421	0.00362	0.05609	0.04387	0.01222	0.05346	0.11762	0.52360	0.00914	0.00446	0.00133	0.00227	0.04928	0.08915	0.00368
18	0.00926	0.00853	0.07880	0.00761	0.03305	0.00677	0.03256	0.04581	0.13477	0.06992	0.03778	0.01040	0.00807	0.00375	0.00339	0.00088	0.00339	0.00312	0.00281	0.49930
19	0.00478	0.00341	0.00455	0.00546	0.00569	0.00318	0.00364	0.00546	0.00751	0.01001	0.02161	0.85966	0.02593	0.01228	0.00500	0.00159	0.00227	0.01114	0.00364	0.00318
20	0.00757	0.00626	0.00738	0.00562	0.00839	0.00497	0.00442	0.03055	0.00899	0.01349	0.17688	0.02928	0.04136	0.01637	0.00362	0.00082	0.00270	0.00374	0.00284	0.62477
21	0.01078	0.31797	0.15084	0.03186	0.03481	0.07828	0.02299	0.10242	0.00931	0.05309	0.00678	0.00804	0.00551	0.00430	0.00486	0.00115	0.14675	0.00285	0.00213	0.00528
22	0.00490	0.00350	0.00460	0.00541	0.00569	0.00329	0.00366	0.00562	0.00756	0.01005	0.03705	0.74307	0.04351	0.06311	0.00590	0.00172	0.00240	0.04221	0.00358	0.00317
23	0.88991	0.00758	0.00576	0.00516	0.00758	0.00879	0.00425	0.01152	0.00667	0.01759	0.00546	0.00637	0.00425	0.00364	0.00243	0.00121	0.00303	0.00212	0.00243	0.00425
24	0.00464	0.00395	0.00399	0.00403	0.00531	0.00331	0.00300	0.00562	0.00888	0.01057	0.03906	0.06733	0.80700	0.01001	0.00465	0.00133	0.00200	0.00838	0.00364	0.00331
25	0.00842	0.00787	0.00795	0.00776	0.02260	0.14012	0.00594	0.02923	0.19484	0.01173	0.01357	0.09026	0.02565	0.03347	0.22020	0.00270	0.04048	0.11650	0.00291	0.01778
26	0.00794	0.15354	0.41198	0.01002	0.03145	0.00918	0.10667	0.01104	0.00857	0.01186	0.07088	0.03589	0.08994	0.00482	0.00399	0.00121	0.01971	0.00405	0.00215	0.00512
27	0.00944	0.00785	0.02417	0.00654	0.00995	0.02205	0.01757	0.09602	0.00944	0.05776	0.00785	0.01864	0.00631	0.00335	0.00314	0.00072	0.00326	0.00269	0.00262	0.69062
28	0.00582	0.00407	0.00533	0.00498	0.00595	0.00375	0.00375	0.00766	0.01110	0.03425	0.81728	0.02893	0.03638	0.00794	0.00461	0.00123	0.00188	0.00702	0.00433	0.00377
29	0.00740	0.00697	0.01176	0.85280	0.02700	0.00871	0.01089	0.01002	0.00784	0.01002	0.00697	0.01045	0.00523	0.00392	0.00392	0.00131	0.00523	0.00348	0.00174	0.00436
30	0.00596	0.00410	0.00537	0.00500	0.00600	0.00377	0.00377	0.00780	0.01110	0.04392	0.80765	0.02874	0.03606	0.00791	0.00460	0.00123	0.00190	0.00698	0.00433	0.00380
31	0.00731	0.00365	0.00365	0.00365	0.00457	0.00365	0.00274	0.00913	0.00822	0.01462	0.01279	0.01462	0.01005	0.00457	0.00274	0.00091	0.00183	0.00365	0.88399	0.00365
32	0.01059	0.79953	0.04542	0.00700	0.01037	0.05365	0.00699	0.01194	0.00812	0.00934	0.00553	0.00639	0.00503	0.00340	0.00260	0.00086	0.00437	0.00214	0.00169	0.00503
33	0.07063	0.16020	0.01222	0.00883	0.01127	0.45318	0.00705	0.12054	0.09766	0.01274	0.00740	0.00799	0.00593	0.00412	0.00339	0.00105	0.00554	0.00276	0.00244	0.00506
34	0.00731	0.00365	0.00365	0.00365	0.00457	0.00365	0.00274	0.00913	0.00822	0.01462	0.01279	0.01462	0.01005	0.00457	0.00274	0.00091	0.00183	0.00365	0.88399	0.00365
35	0.00596	0.00427	0.00579	0.00571	0.00614	0.00477	0.00410	0.00679	0.00620	0.02378	0.01147	0.05177	0.01187	0.33776	0.45154	0.00488	0.04675	0.00499	0.00230	0.00316
36	0.01099	0.31633	0.19472	0.03077	0.07299	0.02343	0.06625	0.03156	0.02126	0.16019	0.02051	0.00942	0.00673	0.01439	0.00363	0.00112	0.00461	0.00311	0.00242	0.00557
37	0.02245	0.20299	0.25975	0.01323	0.23118	0.04876	0.06655	0.01171	0.00857	0.01159	0.00911	0.03447	0.05495	0.00418	0.00362	0.00114	0.00488	0.00352	0.00196	0.00540
38	0.00646	0.00589	0.02129	0.03606	0.03299	0.00656	0.06981	0.00789	0.00713	0.00998	0.02361	0.11094	0.10666	0.01667	0.35526	0.00348	0.16776	0.00531	0.00237	0.00387
39	0.02536	0.27863	0.11544	0.02664	0.37021	0.03783	0.01009	0.03648	0.00873	0.01180	0.00662	0.00828	0.00558	0.00368	0.00377	0.00109	0.03935	0.00293	0.00188	0.00561
40	0.07328	0.02077	0.02060	0.07758	0.11821	0.00850	0.02456	0.21660	0.03873	0.06656	0.01206	0.12204	0.04231	0.01706	0.05948	0.00166	0.04869	0.02314	0.00303	0.00514
41	0.05087	0.00907	0.01446	0.09240	0.58587	0.01953	0.03579	0.04691	0.03130	0.06431	0.00807	0.00995	0.00640	0.00372	0.00384	0.00119	0.00458	0.00351	0.00227	0.00596
42	0.01001	0.01019	0.03539	0.14141	0.40313	0.12326	0.02231	0.03036	0.07479	0.02803	0.00844	0.03836	0.00703	0.00418	0.00404	0.00119	0.02115	0.00367	0.00224	0.03083
43	0.06098	0.07170	0.01369	0.04707	0.19071	0.05090	0.08873	0.18864	0.06957	0.01483	0.00805	0.02267	0.00655	0.00453	0.00509	0.00125	0.12876	0.00355	0.00253	0.02019
44	0.08788	0.07747	0.03519	0.05150	0.25000	0.03053	0.00839	0.22970	0.02535	0.01579	0.00791	0.02497	0.00642	0.00447	0.01658	0.00119	0.02474	0.00328	0.00258	0.09605
45	0.09831	0.06982	0.02317	0.01930	0.13128	0.12313	0.01978	0.21480	0.03803	0.07938	0.01719	0.02288	0.03711	0.00514	0.01966	0.00128	0.06078	0.00353	0.00286	0.01258
46	0.07035	0.03581	0.01261	0.08844	0.27917	0.04232	0.02621	0.20605	0.01947	0.02579	0.00832	0.05129	0.00700	0.00453	0.00440	0.00121	0.06456	0.00369	0.00257	0.04622
47	0.16916	0.07086	0.01225	0.08555	0.27572	0.08456	0.03186	0.06410	0.03108	0.03113	0.00892	0.02320	0.04439	0.00427	0.00384	0.00118	0.03145	0.00344	0.00235	0.02067
48	0.03582	0.00963	0.02457	0.04993	0.24893	0.06327	0.02475	0.14678	0.06018	0.02970	0.00827	0.04055	0.00698	0.00489	0.00573	0.00128	0.18384	0.00369	0.00249	0.04871
49	0.06269	0.00897	0.02181	0.11429	0.33264	0.04401	0.03915	0.11287	0.03195	0.04666	0.04273	0.03722	0.02495	0.00450	0.00415	0.00121	0.03112	0.00389	0.00255	0.03264

[dist]
# distance from previous block
# <min> <max>
1	30

[block]
# block no. 8 follows, 69 sequences, length 25
# corresponding to MSA columns:
# 392-416
name=unknown_I
#
# <colnr> <probs for GDERKNQSTAVLIFYWHMCP>
#	G	D	E	R	K	N	Q	S	T	A	V	L	I	F	Y	W	H	M	C	P
0	0.07028	0.06529	0.02475	0.08723	0.06642	0.06630	0.03838	0.16680	0.03428	0.13824	0.03931	0.02062	0.02405	0.01819	0.00513	0.00128	0.11036	0.00370	0.00293	0.01646
1	0.06659	0.05419	0.01086	0.09791	0.07305	0.09931	0.04060	0.11581	0.03943	0.15506	0.04980	0.01232	0.02454	0.02010	0.04863	0.00148	0.02198	0.01497	0.00297	0.05040
2	0.04450	0.13900	0.12472	0.02112	0.02465	0.06652	0.04382	0.17287	0.09453	0.04271	0.06252	0.02037	0.00864	0.00448	0.00393	0.00113	0.03509	0.00347	0.00278	0.08315
3	0.02130	0.07158	0.04353	0.03544	0.03103	0.13081	0.06471	0.06746	0.05374	0.08841	0.10249	0.06445	0.06618	0.00740	0.07267	0.00157	0.00466	0.00452	0.00295	0.06509
4	0.04373	0.18819	0.12222	0.04672	0.04057	0.00914	0.06965	0.03825	0.07773	0.05919	0.07944	0.07106	0.01048	0.02414	0.00416	0.00119	0.01895	0.00404	0.00262	0.08855
5	0.07691	0.33795	0.16291	0.00792	0.01124	0.05607	0.02250	0.08671	0.02065	0.06615	0.00782	0.02087	0.00646	0.01492	0.06067	0.00144	0.00490	0.01237	0.00229	0.01924
6	0.02590	0.52684	0.13035	0.00854	0.01212	0.02659	0.08597	0.06382	0.03018	0.03004	0.00666	0.00760	0.00549	0.00366	0.00327	0.00101	0.02200	0.00267	0.00200	0.00529
7	0.00815	0.16651	0.57702	0.00976	0.01442	0.00965	0.01184	0.01186	0.02360	0.01174	0.00844	0.01210	0.00711	0.02549	0.00409	0.00129	0.00519	0.08446	0.00192	0.00536
8	0.00978	0.65690	0.19916	0.00763	0.01145	0.01379	0.00832	0.01177	0.00812	0.01010	0.02860	0.00735	0.00589	0.00356	0.00284	0.00094	0.00448	0.00241	0.00174	0.00516
9	0.00894	0.21336	0.56640	0.03395	0.01512	0.02746	0.01194	0.01244	0.00841	0.04416	0.01988	0.00838	0.00568	0.00376	0.00347	0.00114	0.00528	0.00283	0.00184	0.00555
10	0.00935	0.37361	0.23149	0.01045	0.01445	0.02695	0.22146	0.01198	0.00844	0.01098	0.00718	0.03027	0.00608	0.00380	0.00351	0.00111	0.00523	0.01661	0.00184	0.00521
11	0.00490	0.00357	0.00450	0.00519	0.00558	0.00331	0.00351	0.00560	0.00759	0.00992	0.02326	0.63396	0.14008	0.09444	0.00642	0.00178	0.00243	0.03734	0.00352	0.00314
12	0.00851	0.00816	0.01404	0.44715	0.39533	0.00903	0.03952	0.01102	0.00838	0.01137	0.00719	0.01012	0.00570	0.00370	0.00393	0.00124	0.00502	0.00353	0.00184	0.00523
13	0.00827	0.00782	0.01323	0.46946	0.36860	0.00875	0.01109	0.01069	0.00829	0.01120	0.00772	0.04352	0.00646	0.00407	0.00395	0.00126	0.00487	0.00379	0.00190	0.00509
14	0.01759	0.00667	0.00910	0.00698	0.01001	0.00576	0.00576	0.01911	0.01122	0.84048	0.01547	0.01334	0.00970	0.00485	0.00394	0.00121	0.00334	0.00394	0.00485	0.00667
15	0.00465	0.00391	0.00403	0.00413	0.00534	0.00330	0.00305	0.00561	0.00878	0.01053	0.03774	0.12756	0.74762	0.01019	0.00467	0.00135	0.00202	0.00859	0.00364	0.00330
16	0.00816	0.01842	0.71383	0.06088	0.05856	0.00905	0.03552	0.01239	0.00837	0.02885	0.00724	0.00864	0.00516	0.00374	0.00377	0.00124	0.00568	0.00303	0.00175	0.00573
17	0.00494	0.00397	0.02859	0.00567	0.00613	0.00343	0.00407	0.00580	0.00765	0.01018	0.02166	0.76925	0.04826	0.01189	0.00498	0.00159	0.00244	0.05264	0.00358	0.00328
