[name]
unknown

[dist]
# distance from previous block
# <min> <max>
1	64

[block]
# block no. 0 follows, 67 sequences, length 71
# corresponding to MSA columns:
# 73-143
name=unknown_A
#
# <colnr> <probs for GDERKNQSTAVLIFYWHMCP>
#	G	D	E	R	K	N	Q	S	T	A	V	L	I	F	Y	W	H	M	C	P
0	0.02340	0.02314	0.02365	0.05483	0.04045	0.02867	0.00645	0.22589	0.04588	0.13063	0.04023	0.11203	0.01098	0.00553	0.00391	0.00116	0.00366	0.02129	0.03814	0.16009
1	0.08014	0.00902	0.02860	0.04574	0.12169	0.07029	0.03095	0.13218	0.01046	0.06272	0.05776	0.01230	0.00898	0.03079	0.00419	0.00115	0.00405	0.03513	0.00283	0.25103
2	0.06283	0.02012	0.01053	0.03381	0.10102	0.08993	0.03610	0.15228	0.07520	0.18461	0.07030	0.06163	0.03440	0.00529	0.00399	0.00122	0.00403	0.00439	0.00348	0.04486
3	0.01653	0.00409	0.00423	0.00424	0.00552	0.00349	0.00316	0.00598	0.00923	0.01135	0.10753	0.07636	0.71454	0.01002	0.00473	0.00136	0.00205	0.00842	0.00377	0.00343
4	0.01086	0.00918	0.01289	0.21683	0.26293	0.03515	0.02826	0.24106	0.01164	0.03912	0.00924	0.03755	0.00761	0.01619	0.01811	0.00139	0.00487	0.02874	0.00272	0.00569
5	0.04520	0.00821	0.00962	0.00767	0.01042	0.00839	0.00623	0.29832	0.08820	0.35096	0.07080	0.05480	0.01163	0.00551	0.00408	0.00126	0.00357	0.00445	0.00436	0.00630
6	0.44971	0.00869	0.00792	0.00684	0.00938	0.03308	0.00551	0.11331	0.24433	0.07013	0.00983	0.00979	0.00729	0.00444	0.00326	0.00126	0.00342	0.00315	0.00327	0.00539
7	0.00578	0.00386	0.00502	0.00560	0.00621	0.00355	0.00396	0.00671	0.00837	0.05841	0.07002	0.61522	0.11522	0.01151	0.00502	0.00157	0.00242	0.06419	0.00383	0.00354
8	0.00498	0.00389	0.00453	0.00488	0.00577	0.00345	0.00354	0.00601	0.00884	0.01120	0.11022	0.32889	0.42451	0.01087	0.00492	0.00147	0.00221	0.05263	0.00379	0.00340
9	0.00490	0.00352	0.00465	0.00552	0.00581	0.00327	0.00370	0.00563	0.00780	0.01037	0.03747	0.81202	0.05572	0.01240	0.00510	0.00161	0.00231	0.01122	0.00374	0.00327
10	0.01481	0.01050	0.01138	0.00882	0.01186	0.01150	0.00725	0.71598	0.02855	0.07158	0.01053	0.03335	0.00772	0.00504	0.00401	0.00121	0.00420	0.00387	0.03122	0.00662
11	0.00757	0.00713	0.01203	0.84942	0.02762	0.00891	0.01114	0.01025	0.00802	0.01025	0.00713	0.01069	0.00535	0.00401	0.00401	0.00134	0.00535	0.00356	0.00178	0.00446
12	0.00806	0.00798	0.00787	0.00707	0.00883	0.15712	0.06364	0.01069	0.11693	0.02549	0.06370	0.09381	0.34259	0.00782	0.00445	0.00131	0.00360	0.03811	0.00336	0.02758
13	0.00832	0.00713	0.00832	0.00594	0.00950	0.00535	0.00475	0.01010	0.00832	0.01307	0.00713	0.00832	0.00594	0.00297	0.00297	0.00059	0.00297	0.00238	0.00238	0.88357
14	0.00504	0.00417	0.00481	0.00468	0.00592	0.00360	0.02204	0.00624	0.00943	0.01180	0.18578	0.11125	0.59137	0.00986	0.00477	0.00136	0.00214	0.00842	0.00381	0.00349
15	0.00539	0.00408	0.00496	0.00476	0.00582	0.00366	0.00356	0.00700	0.01064	0.01443	0.58450	0.04538	0.27346	0.00885	0.00474	0.00129	0.00194	0.00768	0.00420	0.00366
16	0.01023	0.00847	0.00912	0.00821	0.02224	0.00961	0.00632	0.09198	0.66205	0.03188	0.06448	0.01577	0.03043	0.00561	0.00412	0.00134	0.00321	0.00467	0.00407	0.00618
17	0.01054	0.00797	0.01146	0.09670	0.07519	0.00726	0.09446	0.06613	0.00964	0.14859	0.00882	0.00993	0.00662	0.00371	0.00381	0.00097	0.02245	0.00322	0.00277	0.40975
18	0.00964	0.36971	0.40293	0.00991	0.04523	0.01197	0.02589	0.01284	0.02892	0.03882	0.00707	0.00805	0.00552	0.00371	0.00333	0.00110	0.00506	0.00275	0.00189	0.00565
19	0.00582	0.00471	0.02155	0.00644	0.02747	0.00408	0.02739	0.00704	0.00853	0.01934	0.13685	0.51933	0.06418	0.01011	0.00477	0.00144	0.00262	0.03415	0.00357	0.09061
20	0.01113	0.04425	0.01033	0.00850	0.02790	0.16578	0.00657	0.10558	0.33547	0.01509	0.01081	0.01087	0.00837	0.00447	0.00381	0.00109	0.01689	0.00344	0.00313	0.20653
21	0.01030	0.07537	0.15939	0.02528	0.22909	0.03519	0.04730	0.05138	0.04561	0.08187	0.02012	0.00985	0.00692	0.00382	0.00368	0.00108	0.00451	0.00327	0.00246	0.18350
22	0.00554	0.00380	0.00455	0.00489	0.00503	0.00371	0.00304	0.00587	0.00664	0.00881	0.01662	0.29049	0.03589	0.53413	0.01456	0.00303	0.00335	0.04437	0.00292	0.00277
23	0.00862	0.06007	0.71278	0.01144	0.01702	0.00957	0.07054	0.01292	0.00863	0.04138	0.00748	0.00872	0.00532	0.00380	0.00382	0.00125	0.00582	0.00309	0.00183	0.00588
24	0.01163	0.01073	0.04526	0.04836	0.31180	0.06052	0.11065	0.23950	0.02408	0.05006	0.00987	0.01113	0.03916	0.00430	0.00409	0.00122	0.00494	0.00387	0.00277	0.00608
25	0.01106	0.01056	0.04501	0.01435	0.10100	0.05112	0.41893	0.10421	0.01072	0.10604	0.02946	0.02295	0.02820	0.00427	0.00459	0.00130	0.02343	0.00446	0.00268	0.00566
26	0.00574	0.00424	0.00614	0.00614	0.00675	0.00485	0.00463	0.00696	0.00635	0.00908	0.01102	0.01731	0.01070	0.15283	0.72134	0.00607	0.00973	0.00452	0.00219	0.00341
27	0.00593	0.00455	0.00674	0.03657	0.00783	0.00537	0.00520	0.00728	0.00645	0.00925	0.01052	0.01603	0.00999	0.08682	0.72124	0.00589	0.04429	0.00435	0.00214	0.00356
28	0.01097	0.02972	0.20120	0.05442	0.26483	0.22965	0.07079	0.01370	0.02468	0.04064	0.00752	0.00913	0.00588	0.00391	0.00400	0.00119	0.01682	0.00327	0.00207	0.00562
29	0.00573	0.00430	0.00645	0.00645	0.00716	0.00501	0.00501	0.00716	0.00645	0.00931	0.01074	0.01576	0.01003	0.03008	0.84316	0.00645	0.01074	0.00430	0.00215	0.00358
30	0.00933	0.01042	0.02222	0.01608	0.01990	0.00986	0.74611	0.01295	0.04174	0.01296	0.00910	0.01273	0.00719	0.00385	0.00475	0.00138	0.00646	0.04542	0.00219	0.00536
31	0.01383	0.07341	0.08046	0.00971	0.02776	0.19087	0.03395	0.35231	0.05391	0.09608	0.00925	0.00958	0.00679	0.00489	0.01817	0.00125	0.00517	0.00336	0.00320	0.00603
32	0.06326	0.01901	0.72851	0.01123	0.03370	0.00915	0.02568	0.01261	0.00843	0.02578	0.00753	0.02416	0.00555	0.00397	0.00377	0.00127	0.00563	0.00313	0.00184	0.00579
33	0.00488	0.00351	0.00464	0.00554	0.00581	0.00326	0.00370	0.00559	0.00772	0.01025	0.02263	0.83331	0.04931	0.01250	0.00511	0.00162	0.00232	0.01132	0.00372	0.00326
34	0.00798	0.01469	0.50963	0.04765	0.05561	0.00787	0.03642	0.02108	0.00781	0.01130	0.00721	0.00969	0.00570	0.00642	0.00692	0.22904	0.00522	0.00322	0.00176	0.00480
35	0.00858	0.00836	0.02665	0.48599	0.37008	0.00918	0.01169	0.01116	0.00850	0.01150	0.00731	0.01033	0.00577	0.00382	0.00399	0.00127	0.00511	0.00356	0.00187	0.00528
36	0.00757	0.00713	0.01203	0.84942	0.02762	0.00891	0.01114	0.01025	0.00802	0.01025	0.00713	0.01069	0.00535	0.00401	0.00401	0.00134	0.00535	0.00356	0.00178	0.00446
37	0.00494	0.00353	0.00472	0.00565	0.00590	0.00331	0.00382	0.00568	0.00773	0.01030	0.02207	0.82806	0.02640	0.01251	0.00513	0.00164	0.00237	0.03923	0.00372	0.00327
38	0.00655	0.00472	0.00653	0.00741	0.00836	0.00475	0.00646	0.00863	0.02966	0.01212	0.02111	0.04448	0.02281	0.01094	0.00550	0.00183	0.00368	0.78700	0.00370	0.00376
39	0.00699	0.00360	0.00545	0.03325	0.00597	0.00366	0.00374	0.00539	0.00532	0.00708	0.00697	0.01214	0.00691	0.01360	0.01529	0.85403	0.00354	0.00349	0.00174	0.00183
40	0.01009	0.00867	0.00913	0.00818	0.01047	0.01003	0.00637	0.03805	0.80987	0.01695	0.01618	0.01485	0.01213	0.00543	0.00408	0.00136	0.00320	0.00451	0.00408	0.00636
41	0.00583	0.00389	0.00437	0.00437	0.00437	0.00389	0.00243	0.00583	0.00583	0.00778	0.01264	0.02624	0.01458	0.85906	0.02041	0.00389	0.00389	0.00583	0.00243	0.00243
42	0.00832	0.00713	0.00832	0.00594	0.00950	0.00535	0.00475	0.01010	0.00832	0.01307	0.00713	0.00832	0.00594	0.00297	0.00297	0.00059	0.00297	0.00238	0.00238	0.88357
43	0.01107	0.03629	0.01619	0.03546	0.29545	0.00986	0.21306	0.10708	0.01021	0.10816	0.00873	0.01057	0.00673	0.00510	0.03590	0.00147	0.07633	0.00390	0.00255	0.00588
44	0.00656	0.00432	0.00635	0.00662	0.03902	0.00470	0.00461	0.02343	0.00631	0.00882	0.00933	0.01483	0.00901	0.08165	0.42849	0.32962	0.00721	0.00406	0.00205	0.00300
45	0.00585	0.00413	0.00521	0.00518	0.00541	0.00442	0.00341	0.00634	0.00620	0.00852	0.03011	0.05195	0.01397	0.55546	0.24892	0.00441	0.02967	0.00556	0.00242	0.00287
46	0.00574	0.00427	0.00633	0.00633	0.00700	0.00495	0.00486	0.00708	0.00641	0.00922	0.01085	0.01636	0.01029	0.07816	0.79544	0.00630	0.01034	0.00439	0.00216	0.00351
47	0.00581	0.00396	0.00475	0.00475	0.00488	0.00409	0.00290	0.00608	0.00594	0.00806	0.01229	0.02432	0.01375	0.70720	0.17113	0.00436	0.00514	0.00555	0.00238	0.00264
48	0.00901	0.00857	0.01447	0.32701	0.51230	0.00917	0.01164	0.01148	0.00870	0.01205	0.00738	0.01016	0.00597	0.00371	0.00395	0.00123	0.00492	0.00353	0.00192	0.03281
49	0.02617	0.00988	0.10297	0.15867	0.41590	0.02016	0.02146	0.02149	0.00892	0.01280	0.03424	0.02873	0.00740	0.00397	0.00386	0.00117	0.00465	0.00363	0.00212	0.11181
50	0.88738	0.00776	0.00589	0.00527	0.00776	0.00900	0.00434	0.01179	0.00683	0.01799	0.00558	0.00651	0.00434	0.00372	0.00248	0.00124	0.00310	0.00217	0.00248	0.00434
51	0.01068	0.00896	0.00946	0.00830	0.01070	0.01030	0.00652	0.12790	0.71906	0.01791	0.01543	0.01425	0.01152	0.00536	0.00407	0.00134	0.00334	0.00441	0.00407	0.00641
52	0.00511	0.00367	0.00488	0.00560	0.00601	0.00343	0.00391	0.00608	0.00837	0.01126	0.14609	0.66324	0.03936	0.01176	0.00508	0.00158	0.00235	0.06503	0.00383	0.00337
53	0.03386	0.00853	0.01027	0.00790	0.01102	0.00848	0.00652	0.32220	0.02445	0.50375	0.01329	0.01201	0.00867	0.00489	0.00400	0.00123	0.00378	0.00384	0.00454	0.00677
54	0.00835	0.05957	0.75599	0.01138	0.01707	0.00971	0.04332	0.02702	0.00867	0.01278	0.00720	0.00848	0.00515	0.00379	0.00379	0.00125	0.00585	0.00300	0.00175	0.00589
55	0.00851	0.00848	0.01435	0.39490	0.08794	0.02429	0.16756	0.02569	0.00828	0.01115	0.00770	0.04757	0.00652	0.00481	0.00590	0.00141	0.16407	0.00411	0.00197	0.00478
56	0.00947	0.04308	0.05492	0.36478	0.32635	0.04641	0.03622	0.01197	0.00881	0.04924	0.00761	0.01011	0.00593	0.00384	0.00393	0.00124	0.00515	0.00350	0.00202	0.00541
57	0.00581	0.00397	0.00477	0.00477	0.00490	0.00410	0.00292	0.00608	0.00595	0.00807	0.01228	0.02426	0.01372	0.70211	0.17618	0.00437	0.00519	0.00554	0.00238	0.00265
58	0.00798	0.00709	0.04190	0.16800	0.09823	0.02404	0.03298	0.06846	0.04970	0.04421	0.07777	0.24913	0.07557	0.01758	0.01784	0.00149	0.00387	0.00648	0.00311	0.00460
59	0.01147	0.05916	0.25378	0.01194	0.11844	0.04379	0.08281	0.18262	0.01134	0.12134	0.02736	0.04083	0.00782	0.00451	0.00398	0.00123	0.00496	0.00381	0.00282	0.00600
60	0.01008	0.00504	0.00687	0.00623	0.00782	0.00449	0.02170	0.01133	0.00974	0.32684	0.12195	0.35018	0.08352	0.00874	0.00462	0.00141	0.00276	0.00770	0.00425	0.00474
61	0.01117	0.01339	0.01986	0.01487	0.01831	0.26805	0.56810	0.01383	0.01005	0.01191	0.00752	0.00971	0.00580	0.00361	0.00439	0.00125	0.00691	0.00407	0.00204	0.00517
62	0.00993	0.01015	0.03350	0.07908	0.53864	0.08325	0.02839	0.01279	0.06190	0.01277	0.00870	0.01060	0.02551	0.00389	0.00391	0.00117	0.00481	0.00359	0.00217	0.06525
63	0.35725	0.04394	0.00916	0.04199	0.10006	0.16186	0.00636	0.01201	0.03346	0.01370	0.00809	0.00963	0.03465	0.00669	0.08103	0.01731	0.01732	0.00300	0.00233	0.04018
64	0.00791	0.00667	0.00787	0.00581	0.00898	0.00511	0.00461	0.00970	0.00872	0.01344	0.11878	0.02255	0.01053	0.00380	0.00324	0.00070	0.00282	0.00316	0.00267	0.75295
65	0.00648	0.03123	0.00599	0.00525	0.00661	0.00480	0.00402	0.00910	0.10362	0.04649	0.39955	0.06109	0.28389	0.00839	0.00458	0.00130	0.00223	0.00720	0.00407	0.00409
66	0.07331	0.00893	0.01023	0.00813	0.01068	0.02171	0.05143	0.39824	0.04322	0.02843	0.02628	0.01307	0.04561	0.07703	0.06896	0.00180	0.02026	0.00400	0.00331	0.08537
67	0.01123	0.03645	0.01349	0.07665	0.42064	0.16520	0.00978	0.02983	0.00961	0.09238	0.00836	0.01028	0.00673	0.00640	0.08417	0.00167	0.00569	0.00346	0.00233	0.00565
68	0.01028	0.07662	0.05845	0.07339	0.04475	0.21450	0.27735	0.01250	0.00960	0.02619	0.05988	0.06127	0.02047	0.00473	0.00445	0.00125	0.03276	0.00434	0.00229	0.00493
69	0.02718	0.05732	0.02310	0.06094	0.08872	0.01892	0.00618	0.01059	0.00838	0.01273	0.00703	0.00846	0.00584	0.00317	0.00312	0.00074	0.00348	0.00256	0.00225	0.64929
70	0.50491	0.08126	0.00915	0.00812	0.08138	0.15562	0.00591	0.01278	0.02415	0.04043	0.00704	0.04089	0.00593	0.00418	0.00300	0.00119	0.00405	0.00283	0.00246	0.00471

[dist]
# distance from previous block
# <min> <max>
0	3

[block]
# block no. 1 follows, 67 sequences, length 27
# corresponding to MSA columns:
# 147-173
name=unknown_B
#
# <colnr> <probs for GDERKNQSTAVLIFYWHMCP>
#	G	D	E	R	K	N	Q	S	T	A	V	L	I	F	Y	W	H	M	C	P
0	0.00843	0.00831	0.07736	0.00651	0.01012	0.00597	0.00567	0.03511	0.03469	0.01353	0.02332	0.00966	0.02527	0.00343	0.00318	0.00072	0.00323	0.00276	0.00249	0.72026
1	0.05607	0.02537	0.05773	0.18111	0.43024	0.00921	0.06072	0.02365	0.00859	0.01241	0.00770	0.01099	0.00654	0.06739	0.00535	0.00144	0.02437	0.00368	0.00201	0.00544
2	0.85039	0.00830	0.04091	0.00553	0.00816	0.00901	0.00478	0.01183	0.00689	0.01777	0.00565	0.00660	0.00437	0.00373	0.00254	0.00124	0.00322	0.00220	0.00245	0.00441
3	0.00687	0.00583	0.02054	0.16413	0.12947	0.00570	0.00646	0.00893	0.02360	0.03803	0.29437	0.04002	0.22615	0.00712	0.00445	0.00130	0.00312	0.00622	0.00336	0.00434
4	0.00832	0.00713	0.00832	0.00594	0.00950	0.00535	0.00475	0.01010	0.00832	0.01307	0.00713	0.00832	0.00594	0.00297	0.00297	0.00059	0.00297	0.00238	0.00238	0.88357
5	0.01016	0.67673	0.13120	0.00769	0.01130	0.03064	0.02349	0.01192	0.00826	0.00999	0.00658	0.04394	0.00609	0.00389	0.00291	0.00096	0.00453	0.00272	0.00181	0.00517
6	0.00503	0.00395	0.00456	0.00468	0.00567	0.00347	0.00340	0.00622	0.00943	0.01217	0.25761	0.21838	0.43085	0.01015	0.00482	0.00139	0.00206	0.00878	0.00392	0.00347
7	0.00874	0.00799	0.01352	0.21547	0.44057	0.00831	0.04728	0.01113	0.00929	0.02802	0.14373	0.01412	0.01164	0.00458	0.00417	0.00126	0.00448	0.01789	0.00242	0.00540
8	0.00874	0.00928	0.03924	0.02983	0.01170	0.05460	0.10023	0.00998	0.00693	0.00997	0.00693	0.03530	0.00685	0.08724	0.01164	0.00184	0.55938	0.00403	0.00192	0.00435
9	0.26839	0.03200	0.01103	0.02873	0.02762	0.35683	0.08155	0.04369	0.00954	0.01317	0.00699	0.03339	0.00599	0.00444	0.00397	0.00120	0.05004	0.01444	0.00230	0.00468
10	0.00757	0.00713	0.01203	0.84942	0.02762	0.00891	0.01114	0.01025	0.00802	0.01025	0.00713	0.01069	0.00535	0.00401	0.00401	0.00134	0.00535	0.00356	0.00178	0.00446
11	0.00931	0.41707	0.45301	0.00928	0.01403	0.01240	0.01107	0.01237	0.00832	0.01116	0.00643	0.00751	0.00511	0.00363	0.00323	0.00108	0.00515	0.00258	0.00170	0.00556
12	0.00768	0.00719	0.01190	0.81267	0.02687	0.00896	0.01093	0.01073	0.04378	0.01053	0.00753	0.01088	0.00565	0.00407	0.00401	0.00134	0.00525	0.00361	0.00188	0.00454
13	0.00975	0.00856	0.01185	0.57983	0.02264	0.03675	0.00995	0.20212	0.05385	0.01412	0.00817	0.01055	0.00605	0.00428	0.00400	0.00130	0.00507	0.00359	0.00244	0.00512
14	0.00826	0.00679	0.02126	0.03012	0.08546	0.00690	0.06637	0.12719	0.08206	0.01274	0.01330	0.08501	0.02428	0.31915	0.02455	0.00239	0.00422	0.07271	0.00293	0.00431
15	0.00981	0.00911	0.01530	0.10108	0.69535	0.00917	0.01165	0.01216	0.00904	0.03193	0.00767	0.01000	0.00632	0.00361	0.00392	0.00117	0.00469	0.00352	0.00206	0.05243
16	0.00938	0.01145	0.07512	0.01656	0.02073	0.01009	0.76864	0.01284	0.00940	0.01284	0.00806	0.01067	0.00602	0.00341	0.00467	0.00135	0.00671	0.00462	0.00201	0.00544
17	0.00851	0.14208	0.47291	0.01034	0.05711	0.05212	0.01118	0.01194	0.02057	0.01217	0.08295	0.01085	0.00868	0.00639	0.07407	0.00163	0.00568	0.00338	0.00205	0.00538
18	0.00519	0.00402	0.00473	0.00468	0.00573	0.00356	0.00346	0.00659	0.01003	0.01324	0.41019	0.12001	0.37516	0.00949	0.00477	0.00134	0.00200	0.00820	0.00405	0.00356
19	0.00903	0.00828	0.02424	0.14312	0.09428	0.12076	0.00699	0.05286	0.06819	0.05678	0.20663	0.06705	0.10311	0.00638	0.00428	0.00128	0.00390	0.01485	0.00324	0.00473
20	0.00523	0.00371	0.00472	0.00530	0.00580	0.00341	0.00362	0.00609	0.00826	0.02605	0.11043	0.60612	0.13710	0.04724	0.00565	0.00164	0.00233	0.01019	0.00377	0.00336
21	0.00869	0.00722	0.00843	0.00605	0.00959	0.00553	0.00485	0.03031	0.00864	0.03054	0.00737	0.00846	0.00605	0.00306	0.00302	0.00062	0.00301	0.00244	0.00247	0.84365
22	0.02246	0.03072	0.06201	0.14707	0.41471	0.00956	0.09231	0.03261	0.07134	0.03969	0.00862	0.02341	0.00691	0.00404	0.00415	0.00126	0.01722	0.00381	0.00227	0.00583
23	0.03876	0.09035	0.17028	0.06024	0.06678	0.02024	0.08977	0.09225	0.21462	0.05423	0.00998	0.01065	0.00749	0.00434	0.00405	0.00124	0.02410	0.00361	0.00278	0.03423
24	0.02460	0.11771	0.17010	0.00941	0.06684	0.03208	0.02955	0.12565	0.03538	0.06108	0.03118	0.02425	0.00863	0.04044	0.20294	0.00252	0.00611	0.00378	0.00258	0.00520
25	0.05906	0.04912	0.08807	0.04333	0.13708	0.06982	0.05794	0.14033	0.11301	0.04830	0.07405	0.01263	0.02854	0.00621	0.05372	0.00154	0.00484	0.00396	0.00291	0.00555
26	0.03037	0.09394	0.42594	0.02406	0.01473	0.05842	0.05403	0.10789	0.01012	0.05598	0.05361	0.01044	0.00766	0.00435	0.00399	0.00123	0.02052	0.01467	0.00237	0.00566

[dist]
# distance from previous block
# <min> <max>
1	19

[block]
# block no. 2 follows, 67 sequences, length 40
# corresponding to MSA columns:
# 193-232
name=unknown_C
#
# <colnr> <probs for GDERKNQSTAVLIFYWHMCP>
#	G	D	E	R	K	N	Q	S	T	A	V	L	I	F	Y	W	H	M	C	P
0	0.07960	0.12166	0.18185	0.01063	0.12937	0.03087	0.02552	0.13671	0.01031	0.06769	0.02226	0.08563	0.05121	0.00528	0.00384	0.00124	0.00435	0.02375	0.00275	0.00547
1	0.04196	0.41237	0.08639	0.00897	0.04518	0.08135	0.02897	0.16390	0.04558	0.04005	0.00745	0.00812	0.00596	0.00393	0.00325	0.00105	0.00466	0.00281	0.00242	0.00562
2	0.06840	0.32147	0.10184	0.00905	0.05151	0.06935	0.01771	0.21598	0.01117	0.05367	0.00762	0.00843	0.00599	0.00499	0.03555	0.00128	0.00488	0.00290	0.00255	0.00564
3	0.00561	0.00449	0.02679	0.00534	0.00640	0.00380	0.00415	0.00689	0.00914	0.03290	0.17670	0.25824	0.30903	0.02790	0.00522	0.00152	0.00246	0.10602	0.00380	0.00360
4	0.02572	0.01044	0.03253	0.00874	0.01164	0.04086	0.00728	0.53425	0.09934	0.09505	0.01142	0.03407	0.00873	0.00585	0.02354	0.00138	0.00439	0.03452	0.00389	0.00635
5	0.00817	0.07038	0.01286	0.72339	0.06917	0.00939	0.01076	0.01070	0.00817	0.02952	0.00724	0.01041	0.00549	0.00397	0.00390	0.00129	0.00519	0.00347	0.00186	0.00466
6	0.00888	0.00819	0.03987	0.04398	0.20730	0.00675	0.00722	0.02907	0.00886	0.02435	0.02905	0.00947	0.00690	0.00339	0.00336	0.00083	0.00361	0.00291	0.00236	0.55363
7	0.00491	0.00407	0.00431	0.00425	0.00552	0.00346	0.00318	0.00609	0.00955	0.01181	0.18837	0.03698	0.68405	0.00979	0.00474	0.00134	0.00201	0.00824	0.00385	0.00346
8	0.00760	0.00685	0.08164	0.03706	0.09115	0.01629	0.02274	0.00986	0.02228	0.08262	0.45171	0.04351	0.07638	0.00704	0.00450	0.00129	0.00303	0.02619	0.00372	0.00455
9	0.00837	0.00683	0.00836	0.00694	0.05649	0.00539	0.00505	0.01008	0.00852	0.04096	0.05277	0.04276	0.00893	0.03571	0.00389	0.00085	0.00304	0.00324	0.00261	0.68923
10	0.01449	0.01824	0.03180	0.01010	0.01221	0.76863	0.00772	0.01562	0.01115	0.03061	0.00708	0.04025	0.00611	0.00447	0.00369	0.00107	0.00691	0.00297	0.00219	0.00468
11	0.01287	0.06060	0.02812	0.00816	0.01146	0.01041	0.00686	0.51252	0.01489	0.03720	0.00908	0.02700	0.00694	0.00440	0.00368	0.00104	0.00400	0.00336	0.00342	0.23401
12	0.00741	0.00688	0.01116	0.71633	0.03650	0.00837	0.01014	0.01022	0.03931	0.01058	0.01037	0.04189	0.06494	0.00479	0.00410	0.00135	0.00492	0.00422	0.00208	0.00444
13	0.00619	0.00620	0.06934	0.00618	0.03568	0.00510	0.00493	0.01905	0.11535	0.01313	0.20544	0.04874	0.43282	0.00840	0.00455	0.00133	0.00258	0.00711	0.00371	0.00419
14	0.00998	0.00862	0.00907	0.00816	0.01043	0.00998	0.00635	0.02131	0.82679	0.01678	0.01632	0.01496	0.01224	0.00544	0.00408	0.00136	0.00317	0.00453	0.00408	0.00635
15	0.00926	0.10711	0.50837	0.01270	0.13352	0.02213	0.04970	0.01283	0.00873	0.05130	0.00748	0.00879	0.00558	0.00379	0.00385	0.00120	0.01634	0.00308	0.00193	0.03232
16	0.01738	0.07229	0.01026	0.00716	0.01029	0.00679	0.00600	0.03526	0.01137	0.75702	0.01491	0.01302	0.00950	0.00484	0.00392	0.00121	0.00350	0.00388	0.00470	0.00670
17	0.01072	0.86147	0.02102	0.00686	0.01029	0.01587	0.00686	0.01201	0.00815	0.00944	0.00558	0.00643	0.00515	0.00343	0.00257	0.00086	0.00429	0.00214	0.00172	0.00515
18	0.02208	0.01202	0.23478	0.10438	0.41735	0.00910	0.06130	0.01216	0.00883	0.03478	0.00820	0.04220	0.00673	0.00405	0.00400	0.00126	0.00510	0.00377	0.00204	0.00585
19	0.01137	0.00980	0.03734	0.06752	0.27537	0.05140	0.06315	0.14082	0.11622	0.10337	0.01080	0.03749	0.01752	0.00474	0.00429	0.00127	0.02241	0.01617	0.00297	0.00599
20	0.20503	0.01522	0.01043	0.00998	0.06303	0.54373	0.00723	0.03649	0.01037	0.04395	0.00660	0.00758	0.00529	0.00409	0.00354	0.00111	0.01653	0.00265	0.00231	0.00483
21	0.01111	0.70785	0.01898	0.00725	0.01041	0.13413	0.00684	0.01235	0.00865	0.00954	0.00700	0.00777	0.03668	0.00379	0.00281	0.00090	0.00463	0.00245	0.00184	0.00501
22	0.00664	0.00556	0.02451	0.00708	0.02827	0.00530	0.04828	0.02284	0.11966	0.02351	0.09988	0.28767	0.14228	0.04708	0.03764	0.00177	0.00329	0.08106	0.00356	0.00412
23	0.01093	0.00939	0.01282	0.07182	0.15348	0.02115	0.10577	0.15317	0.32751	0.04782	0.01180	0.01259	0.00896	0.00474	0.00428	0.00131	0.01741	0.01568	0.00327	0.00611
24	0.01506	0.01098	0.01181	0.00912	0.01228	0.01214	0.00751	0.75934	0.05889	0.04666	0.01013	0.01000	0.00717	0.00485	0.00402	0.00121	0.00432	0.00367	0.00404	0.00680
25	0.00491	0.00353	0.00466	0.00551	0.00581	0.00328	0.00370	0.00566	0.00785	0.01046	0.05058	0.79990	0.05463	0.01233	0.00509	0.00161	0.00230	0.01116	0.00375	0.00328
26	0.00860	0.03389	0.74823	0.01117	0.01673	0.04344	0.01399	0.03332	0.03083	0.01295	0.00744	0.00859	0.00532	0.00389	0.00379	0.00125	0.00584	0.00299	0.00183	0.00590
27	0.00757	0.00713	0.01203	0.84942	0.02762	0.00891	0.01114	0.01025	0.00802	0.01025	0.00713	0.01069	0.00535	0.00401	0.00401	0.00134	0.00535	0.00356	0.00178	0.00446
28	0.02217	0.00989	0.05681	0.08943	0.53148	0.00937	0.11644	0.03515	0.00945	0.06901	0.00816	0.01023	0.00640	0.00373	0.00405	0.00123	0.00501	0.00371	0.00222	0.00607
29	0.00488	0.00351	0.00464	0.00554	0.00581	0.00326	0.00370	0.00559	0.00772	0.01025	0.02260	0.83476	0.04789	0.01250	0.00511	0.00162	0.00232	0.01132	0.00372	0.00326
30	0.01298	0.15376	0.03461	0.09994	0.01339	0.01132	0.00764	0.42990	0.01395	0.08400	0.00885	0.00936	0.00649	0.00429	0.00366	0.00110	0.00431	0.00325	0.00323	0.09395
31	0.00886	0.00923	0.05222	0.63254	0.03793	0.08903	0.01070	0.04807	0.00884	0.01997	0.00718	0.01015	0.00545	0.00417	0.00433	0.00131	0.03992	0.00345	0.00194	0.00471
32	0.01038	0.00913	0.00938	0.00832	0.01059	0.04205	0.00650	0.06145	0.71866	0.01669	0.01514	0.01412	0.01140	0.00536	0.00428	0.00134	0.02563	0.00435	0.00391	0.02131
33	0.00489	0.00349	0.00465	0.00558	0.00582	0.00326	0.00372	0.00558	0.00768	0.01024	0.02210	0.85644	0.02653	0.01256	0.00512	0.00163	0.00233	0.01140	0.00372	0.00326
34	0.00586	0.00449	0.00669	0.00662	0.00730	0.00532	0.00517	0.00727	0.00643	0.00932	0.01051	0.01546	0.00983	0.02911	0.80822	0.00625	0.04614	0.00426	0.00213	0.00361
35	0.00489	0.00349	0.00465	0.00558	0.00582	0.00326	0.00372	0.00558	0.00768	0.01024	0.02210	0.85644	0.02653	0.01256	0.00512	0.00163	0.00233	0.01140	0.00372	0.00326
36	0.00528	0.00392	0.00495	0.00540	0.00601	0.00369	0.00377	0.00676	0.04408	0.01198	0.21703	0.53101	0.11930	0.01095	0.00494	0.00150	0.00223	0.00979	0.00390	0.00353
37	0.00592	0.00426	0.00531	0.00504	0.00612	0.00392	0.00378	0.00786	0.03245	0.03652	0.62232	0.06348	0.17087	0.00855	0.00471	0.00129	0.00201	0.00747	0.00428	0.00384
38	0.01056	0.01096	0.03584	0.08551	0.48126	0.10039	0.13238	0.07025	0.01001	0.01334	0.00759	0.00977	0.00611	0.00373	0.00405	0.00121	0.00538	0.00363	0.00212	0.00590
39	0.01094	0.24220	0.17543	0.02277	0.04693	0.10924	0.11245	0.10203	0.07108	0.03043	0.00795	0.00903	0.00622	0.00449	0.01988	0.00124	0.01662	0.00320	0.00231	0.00558

[dist]
# distance from previous block
# <min> <max>
1	5

[block]
# block no. 3 follows, 67 sequences, length 11
# corresponding to MSA columns:
# 238-248
name=unknown_D
#
# <colnr> <probs for GDERKNQSTAVLIFYWHMCP>
#	G	D	E	R	K	N	Q	S	T	A	V	L	I	F	Y	W	H	M	C	P
0	0.31637	0.08299	0.09608	0.00963	0.08788	0.16784	0.03463	0.09884	0.00959	0.01500	0.00727	0.04379	0.00610	0.00425	0.00333	0.00118	0.00466	0.00309	0.00241	0.00507
1	0.14496	0.03942	0.12407	0.02453	0.14800	0.06304	0.04855	0.10102	0.10807	0.02853	0.03182	0.01193	0.04353	0.00465	0.00398	0.00124	0.02464	0.01765	0.00271	0.02766
2	0.00697	0.00348	0.00522	0.00522	0.00522	0.00348	0.00348	0.00522	0.00522	0.00697	0.00697	0.01219	0.00697	0.01393	0.01567	0.88332	0.00348	0.00348	0.00174	0.00174
3	0.03897	0.03370	0.04750	0.13151	0.35170	0.02419	0.03232	0.02417	0.07916	0.06615	0.04501	0.01402	0.06886	0.00474	0.00403	0.00125	0.00436	0.02017	0.00262	0.00557
4	0.00554	0.00377	0.00446	0.00474	0.00481	0.00370	0.00282	0.00576	0.00639	0.00853	0.01552	0.27893	0.01822	0.60141	0.01576	0.00320	0.00341	0.00753	0.00282	0.00268
5	0.00832	0.00713	0.00832	0.00594	0.00950	0.00535	0.00475	0.01010	0.00832	0.01307	0.00713	0.00832	0.00594	0.00297	0.00297	0.00059	0.00297	0.00238	0.00238	0.88357
6	0.01439	0.01216	0.01129	0.00982	0.05046	0.21370	0.00748	0.36856	0.14595	0.10982	0.01046	0.01037	0.00761	0.00471	0.00393	0.00119	0.00481	0.00355	0.00356	0.00619
7	0.00637	0.00403	0.00465	0.00453	0.00473	0.00397	0.00266	0.00654	0.00638	0.04552	0.05702	0.02588	0.01563	0.77468	0.01883	0.00363	0.00376	0.00583	0.00265	0.00270
8	0.05105	0.13500	0.12463	0.00924	0.07505	0.03449	0.03367	0.10586	0.01027	0.14023	0.04486	0.01007	0.00777	0.00403	0.00352	0.00104	0.00415	0.00320	0.00281	0.19906
9	0.00747	0.00772	0.10586	0.00709	0.00904	0.04530	0.04709	0.04771	0.05246	0.04110	0.32811	0.12765	0.12256	0.00769	0.00455	0.00133	0.00322	0.02597	0.00365	0.00442
10	0.05852	0.06198	0.16407	0.02990	0.08237	0.07634	0.02874	0.10367	0.04830	0.10165	0.03236	0.05853	0.00849	0.00460	0.00374	0.00114	0.00441	0.00373	0.00281	0.12463

[dist]
# distance from previous block
# <min> <max>
0	7

[block]
# block no. 4 follows, 67 sequences, length 34
# corresponding to MSA columns:
# 256-289
name=unknown_E
#
# <colnr> <probs for GDERKNQSTAVLIFYWHMCP>
#	G	D	E	R	K	N	Q	S	T	A	V	L	I	F	Y	W	H	M	C	P
0	0.14273	0.11174	0.04231	0.01058	0.17151	0.06320	0.00729	0.10868	0.07037	0.03665	0.08579	0.10023	0.01140	0.00531	0.00374	0.00121	0.00392	0.00434	0.00291	0.01607
1	0.00944	0.00974	0.09514	0.05497	0.25709	0.00876	0.14050	0.08353	0.09843	0.03627	0.08570	0.05349	0.03876	0.00500	0.00425	0.00129	0.00452	0.00469	0.00280	0.00564
2	0.11903	0.00736	0.00820	0.00632	0.00943	0.00654	0.00505	0.04988	0.08683	0.08996	0.00935	0.04458	0.00760	0.00397	0.00325	0.00088	0.00309	0.00314	0.00292	0.53264
3	0.00488	0.00352	0.00462	0.00550	0.00579	0.00326	0.00368	0.00559	0.00776	0.01027	0.02316	0.80978	0.07250	0.01243	0.00510	0.00161	0.00231	0.01123	0.00372	0.00326
4	0.02783	0.03944	0.01229	0.01018	0.01051	0.03527	0.00848	0.01046	0.04205	0.01014	0.00579	0.00887	0.00554	0.00667	0.01190	0.00167	0.74306	0.00345	0.00188	0.00451
5	0.04641	0.05540	0.21848	0.04269	0.08286	0.02251	0.03149	0.01194	0.11209	0.04080	0.15289	0.06471	0.08955	0.00585	0.00409	0.00128	0.00396	0.00496	0.00295	0.00509
6	0.01048	0.02295	0.02461	0.04532	0.01071	0.02572	0.06588	0.06426	0.15397	0.20416	0.11116	0.12748	0.07696	0.00668	0.00453	0.00134	0.02099	0.01373	0.00381	0.00527
7	0.01716	0.00690	0.00921	0.00717	0.01017	0.00615	0.00589	0.01944	0.07162	0.76017	0.03192	0.01407	0.01065	0.00506	0.00405	0.00125	0.00337	0.00413	0.00489	0.00673
8	0.00803	0.01850	0.69782	0.04785	0.04601	0.02278	0.01364	0.01226	0.00873	0.01281	0.06803	0.01018	0.00756	0.00414	0.00389	0.00127	0.00558	0.00332	0.00191	0.00570
9	0.01055	0.09684	0.21696	0.09396	0.05729	0.04800	0.12926	0.06208	0.07983	0.11041	0.01629	0.02040	0.02285	0.00435	0.00404	0.00124	0.01362	0.00375	0.00260	0.00568
10	0.73019	0.00807	0.02366	0.00593	0.00821	0.02242	0.00495	0.01164	0.00704	0.03727	0.00658	0.04387	0.00554	0.00439	0.00347	0.00129	0.06581	0.00274	0.00252	0.00440
11	0.00527	0.00397	0.00492	0.00555	0.00611	0.00379	0.00383	0.00684	0.06845	0.01102	0.05455	0.65123	0.13643	0.01155	0.00498	0.00156	0.00233	0.01034	0.00378	0.00352
12	0.00755	0.00696	0.01165	0.36511	0.14704	0.00790	0.06879	0.00985	0.01923	0.01091	0.03206	0.04983	0.03005	0.02669	0.15682	0.00232	0.03615	0.00441	0.00215	0.00455
13	0.02325	0.06729	0.19256	0.02952	0.09309	0.07388	0.10621	0.18188	0.05434	0.07919	0.01871	0.02819	0.00764	0.00451	0.00398	0.00124	0.00504	0.02085	0.00278	0.00586
14	0.00556	0.00429	0.00509	0.00548	0.00634	0.00407	0.00398	0.02752	0.06082	0.01151	0.04859	0.44274	0.27836	0.01093	0.00493	0.00152	0.00243	0.06843	0.00377	0.00363
15	0.65846	0.00772	0.00656	0.00569	0.00810	0.00875	0.00465	0.11100	0.00872	0.03994	0.03897	0.00862	0.00653	0.00413	0.00282	0.00121	0.00313	0.00271	0.06764	0.00465
16	0.72221	0.02969	0.00734	0.01976	0.02059	0.02681	0.02516	0.02171	0.00733	0.01700	0.00588	0.00692	0.00462	0.00368	0.00267	0.00118	0.00338	0.00232	0.00243	0.06932
17	0.00978	0.14848	0.16216	0.02649	0.06089	0.07863	0.04083	0.04175	0.03600	0.03207	0.05220	0.00983	0.00760	0.00436	0.00474	0.00112	0.11104	0.00321	0.00228	0.16652
18	0.05503	0.10907	0.09390	0.10065	0.14919	0.22627	0.10383	0.02305	0.00943	0.04072	0.00743	0.02679	0.00608	0.00410	0.00400	0.00118	0.02859	0.00334	0.00212	0.00523
19	0.00518	0.00408	0.00471	0.00502	0.00606	0.00365	0.00386	0.00633	0.00894	0.01113	0.06837	0.16712	0.48591	0.03276	0.00537	0.00156	0.00246	0.17035	0.00371	0.00342
20	0.01362	0.01666	0.01135	0.02398	0.06396	0.66561	0.00790	0.03194	0.01080	0.01035	0.00699	0.03354	0.00612	0.00550	0.03679	0.00131	0.04368	0.00306	0.00214	0.00471
21	0.00811	0.00683	0.00762	0.00706	0.00881	0.00769	0.00547	0.01541	0.49686	0.01419	0.04194	0.01919	0.13845	0.01169	0.18957	0.00248	0.00463	0.00516	0.00361	0.00521
22	0.00690	0.00412	0.00644	0.00594	0.00625	0.00409	0.06350	0.00595	0.00568	0.00761	0.00826	0.01498	0.00849	0.18295	0.03269	0.62402	0.00395	0.00406	0.00191	0.00219
23	0.01170	0.01158	0.00980	0.00870	0.01092	0.24665	0.00672	0.11270	0.44413	0.01560	0.04827	0.03383	0.01106	0.00529	0.00399	0.00125	0.00440	0.00416	0.00351	0.00573
24	0.00565	0.00410	0.00533	0.00502	0.00598	0.00377	0.00377	0.00753	0.01130	0.01596	0.81370	0.03016	0.05614	0.00824	0.00473	0.00126	0.00190	0.00728	0.00440	0.00377
25	0.01538	0.01101	0.01190	0.00912	0.01233	0.01211	0.00754	0.78083	0.01849	0.06562	0.00994	0.00983	0.00697	0.00482	0.00401	0.00121	0.00436	0.00363	0.00406	0.00682
26	0.02340	0.01314	0.01233	0.09245	0.14065	0.35854	0.02600	0.07666	0.03116	0.06232	0.00753	0.00902	0.00599	0.00449	0.00495	0.00121	0.10922	0.00320	0.00237	0.01537
27	0.00958	0.00827	0.01004	0.01081	0.15728	0.00922	0.00720	0.04985	0.53372	0.01586	0.06795	0.01490	0.01250	0.00708	0.06600	0.00169	0.00398	0.00449	0.00358	0.00599
28	0.00824	0.00704	0.00823	0.00592	0.00941	0.00530	0.00473	0.01003	0.00840	0.01315	0.02999	0.00892	0.00682	0.00312	0.00302	0.00061	0.00294	0.00251	0.00243	0.85918
29	0.01141	0.00560	0.00687	0.00586	0.00782	0.00527	0.00462	0.01409	0.10173	0.34494	0.13746	0.03419	0.08242	0.02162	0.00425	0.00125	0.00270	0.00503	0.19765	0.00522
30	0.25285	0.00761	0.00913	0.00771	0.02413	0.00834	0.00622	0.03594	0.00911	0.37787	0.01051	0.02751	0.00756	0.00520	0.00565	0.00136	0.19076	0.00354	0.00347	0.00553
31	0.00650	0.00442	0.00583	0.00545	0.00638	0.00429	0.00409	0.00814	0.01044	0.06333	0.62599	0.07203	0.03178	0.05506	0.04236	0.00167	0.03735	0.00693	0.00410	0.00388
32	0.00610	0.00519	0.02266	0.00628	0.00702	0.02253	0.02100	0.01568	0.01575	0.01864	0.02863	0.40308	0.16183	0.08141	0.04702	0.02099	0.08535	0.02406	0.00322	0.00355
33	0.03460	0.01203	0.11405	0.09893	0.28047	0.11849	0.14384	0.05870	0.03746	0.03582	0.00793	0.00976	0.00615	0.00392	0.00417	0.00124	0.02095	0.00357	0.00222	0.00568

[dist]
# distance from previous block
# <min> <max>
0	24

[block]
# block no. 5 follows, 67 sequences, length 19
# corresponding to MSA columns:
# 314-332
name=unknown_F
#
# <colnr> <probs for GDERKNQSTAVLIFYWHMCP>
#	G	D	E	R	K	N	Q	S	T	A	V	L	I	F	Y	W	H	M	C	P
0	0.05078	0.13063	0.06386	0.06261	0.09973	0.07378	0.00786	0.17297	0.11269	0.09175	0.03912	0.03438	0.03313	0.00485	0.00378	0.00120	0.00428	0.00385	0.00306	0.00569
1	0.01000	0.00818	0.01127	0.25635	0.20435	0.07011	0.00885	0.04493	0.03162	0.11399	0.02305	0.04493	0.02011	0.00720	0.08559	0.00177	0.02209	0.00409	0.02637	0.00517
2	0.00865	0.06123	0.51278	0.01056	0.01515	0.00933	0.08346	0.03401	0.07505	0.03435	0.02508	0.01186	0.06748	0.00458	0.00421	0.00128	0.02929	0.00374	0.00226	0.00565
3	0.00580	0.00402	0.00503	0.00503	0.00525	0.00424	0.00325	0.00625	0.00603	0.00826	0.01204	0.02293	0.01314	0.59710	0.28040	0.00470	0.00605	0.00535	0.00234	0.00279
4	0.00539	0.00386	0.00481	0.00514	0.00556	0.00376	0.00348	0.00612	0.00748	0.00995	0.08350	0.30633	0.11461	0.28835	0.09612	0.00281	0.00369	0.04274	0.00319	0.00310
5	0.00501	0.00406	0.00444	0.00450	0.00567	0.00352	0.00338	0.00616	0.00932	0.01158	0.15491	0.08891	0.60111	0.02700	0.00512	0.00144	0.00216	0.05447	0.00380	0.00344
6	0.00961	0.00915	0.01555	0.02342	0.78204	0.00914	0.01177	0.01189	0.00904	0.01292	0.00846	0.06308	0.00762	0.00414	0.00404	0.00122	0.00461	0.00406	0.00209	0.00616
7	0.01458	0.01085	0.01204	0.00929	0.01238	0.01193	0.03222	0.75749	0.01804	0.02419	0.01017	0.04968	0.00773	0.00514	0.00409	0.00123	0.00439	0.00401	0.00394	0.00661
8	0.00887	0.00896	0.01252	0.04689	0.01155	0.02932	0.02755	0.00988	0.00641	0.00975	0.00543	0.00887	0.00528	0.00675	0.01237	0.00171	0.77818	0.00352	0.00177	0.00442
9	0.00480	0.00404	0.00418	0.00426	0.00553	0.00342	0.00320	0.00583	0.00905	0.01083	0.03885	0.09016	0.75610	0.01034	0.00479	0.00139	0.00210	0.03402	0.00372	0.00339
10	0.00507	0.00374	0.00468	0.00513	0.00572	0.00342	0.00355	0.00605	0.00865	0.01148	0.19649	0.49195	0.17996	0.04774	0.00563	0.00160	0.00225	0.00973	0.00381	0.00336
11	0.05040	0.00848	0.01044	0.00807	0.01111	0.00848	0.02441	0.29820	0.01369	0.47317	0.01301	0.01243	0.00871	0.00498	0.00417	0.00125	0.01872	0.01929	0.00439	0.00659
12	0.88738	0.00776	0.00589	0.00527	0.00776	0.00900	0.00434	0.01179	0.00683	0.01799	0.00558	0.00651	0.00434	0.00372	0.00248	0.00124	0.00310	0.00217	0.00248	0.00434
13	0.01007	0.06990	0.08857	0.13674	0.23556	0.03406	0.09266	0.07493	0.09572	0.05327	0.03092	0.03225	0.01868	0.00443	0.00401	0.00124	0.00477	0.00398	0.00256	0.00568
14	0.00578	0.00387	0.00439	0.00444	0.00446	0.00385	0.00250	0.00582	0.00594	0.00792	0.01318	0.07402	0.01527	0.81034	0.01953	0.00376	0.00380	0.00615	0.00250	0.00248
15	0.01063	0.16497	0.17827	0.02452	0.15541	0.06669	0.09705	0.05970	0.00992	0.09057	0.06923	0.01091	0.00858	0.00420	0.00377	0.00116	0.00485	0.00358	0.03040	0.00560
16	0.02045	0.00501	0.00614	0.00577	0.00725	0.00437	0.00421	0.02985	0.00848	0.05807	0.03967	0.43775	0.05589	0.04103	0.00497	0.00138	0.00269	0.02346	0.00339	0.24019
17	0.01096	0.00965	0.03607	0.01399	0.12020	0.02065	0.37315	0.05849	0.07515	0.14414	0.02241	0.02934	0.02140	0.00448	0.00440	0.00131	0.00518	0.02734	0.00290	0.01880
18	0.01102	0.21739	0.07575	0.04463	0.14047	0.14948	0.06444	0.06403	0.02136	0.04307	0.02740	0.01880	0.00690	0.00401	0.00368	0.00107	0.01541	0.00320	0.00229	0.08562

[dist]
# distance from previous block
# <min> <max>
0	7

[block]
# block no. 6 follows, 67 sequences, length 14
# corresponding to MSA columns:
# 340-353
name=unknown_G
#
# <colnr> <probs for GDERKNQSTAVLIFYWHMCP>
#	G	D	E	R	K	N	Q	S	T	A	V	L	I	F	Y	W	H	M	C	P
0	0.04219	0.18438	0.37816	0.02609	0.12547	0.03580	0.08403	0.01258	0.00876	0.03279	0.02963	0.00911	0.00635	0.00382	0.00365	0.00118	0.00527	0.00315	0.00197	0.00562
1	0.00613	0.00461	0.00609	0.00589	0.00617	0.00529	0.00417	0.00679	0.00611	0.00859	0.01105	0.02014	0.01173	0.43657	0.34245	0.00465	0.10328	0.00496	0.00224	0.00310
2	0.01308	0.00773	0.03267	0.03942	0.18416	0.00697	0.08268	0.01508	0.01019	0.41428	0.01374	0.05789	0.01073	0.00547	0.00429	0.00133	0.00411	0.08650	0.00369	0.00600
3	0.00697	0.00348	0.00522	0.00522	0.00522	0.00348	0.00348	0.00522	0.00522	0.00697	0.00697	0.01219	0.00697	0.01393	0.01567	0.88332	0.00348	0.00348	0.00174	0.00174
4	0.00560	0.00383	0.00503	0.00567	0.00614	0.00361	0.00389	0.00677	0.03343	0.04125	0.09956	0.72017	0.02657	0.01165	0.00501	0.00157	0.00235	0.01052	0.00385	0.00353
5	0.01075	0.00851	0.00917	0.00804	0.01039	0.00964	0.00631	0.08648	0.67088	0.07115	0.05168	0.01510	0.01277	0.00548	0.00410	0.00134	0.00324	0.00455	0.00415	0.00631
6	0.01036	0.01009	0.01547	0.07667	0.68813	0.06537	0.01171	0.05022	0.00966	0.01327	0.00752	0.00978	0.00623	0.00370	0.00395	0.00119	0.00495	0.00351	0.00207	0.00614
7	0.04659	0.28228	0.38839	0.01024	0.05742	0.03217	0.03085	0.06817	0.00916	0.01268	0.00748	0.00854	0.02204	0.00387	0.00343	0.00113	0.00510	0.00290	0.00197	0.00560
8	0.00804	0.02074	0.83828	0.01143	0.01736	0.00931	0.01482	0.01270	0.00847	0.01270	0.00720	0.00847	0.00508	0.00381	0.00381	0.00127	0.00593	0.00296	0.00169	0.00593
9	0.00610	0.00412	0.00489	0.00495	0.00601	0.00363	0.00359	0.00715	0.00908	0.08323	0.13697	0.29478	0.37508	0.03505	0.00526	0.00149	0.00228	0.00877	0.00389	0.00367
10	0.10192	0.01060	0.10387	0.02855	0.33372	0.03336	0.09112	0.07369	0.00990	0.12245	0.00854	0.00983	0.00641	0.00387	0.00383	0.00120	0.00471	0.00346	0.00257	0.04639
11	0.03771	0.13057	0.31507	0.01179	0.08817	0.04556	0.10583	0.10770	0.04015	0.05516	0.00804	0.00912	0.00601	0.00398	0.00391	0.00121	0.01857	0.00327	0.00233	0.00584
12	0.00781	0.00665	0.00984	0.14626	0.15226	0.00773	0.00757	0.02948	0.02376	0.02242	0.02266	0.13303	0.01082	0.08221	0.10745	0.00224	0.17334	0.00504	0.04503	0.00440
13	0.00557	0.00408	0.00513	0.00521	0.00593	0.00386	0.00370	0.00726	0.04195	0.01331	0.43830	0.27461	0.07651	0.08855	0.00628	0.00162	0.00227	0.00831	0.00397	0.00358

[dist]
# distance from previous block
# <min> <max>
0	2

[block]
# block no. 7 follows, 67 sequences, length 11
# corresponding to MSA columns:
# 356-366
name=unknown_H
#
# <colnr> <probs for GDERKNQSTAVLIFYWHMCP>
#	G	D	E	R	K	N	Q	S	T	A	V	L	I	F	Y	W	H	M	C	P
0	0.07086	0.16388	0.16013	0.03342	0.07521	0.03779	0.07241	0.10966	0.03975	0.15344	0.00927	0.02823	0.00700	0.00425	0.00367	0.00118	0.00462	0.00344	0.00278	0.01901
1	0.00607	0.00487	0.00666	0.00664	0.00734	0.03277	0.00513	0.00742	0.00668	0.00940	0.01122	0.07431	0.01088	0.02727	0.73078	0.00578	0.03618	0.00471	0.00224	0.00362
2	0.00594	0.00404	0.00555	0.00555	0.00591	0.00441	0.00389	0.00643	0.00606	0.00845	0.01089	0.01896	0.01121	0.31963	0.43963	0.12630	0.00733	0.00473	0.00219	0.00292
3	0.04273	0.05367	0.16499	0.03984	0.09967	0.17226	0.14659	0.07099	0.03825	0.10659	0.00849	0.00958	0.00630	0.00407	0.00405	0.00121	0.01913	0.00343	0.00250	0.00565
4	0.05679	0.11208	0.22114	0.01112	0.09667	0.05098	0.09706	0.10737	0.05008	0.06728	0.00878	0.00985	0.00662	0.00455	0.02016	0.00128	0.00496	0.00336	0.06422	0.00566
5	0.00594	0.00473	0.00544	0.00549	0.00666	0.00459	0.00415	0.00877	0.13753	0.01285	0.19652	0.18690	0.31443	0.00954	0.00478	0.00143	0.00239	0.08000	0.00392	0.00394
6	0.09411	0.06826	0.19158	0.04716	0.05384	0.08369	0.10735	0.15248	0.01069	0.09519	0.00831	0.00935	0.00611	0.00416	0.00404	0.00122	0.03153	0.00332	0.02198	0.00565
7	0.00834	0.00732	0.00893	0.00864	0.06602	0.06411	0.00618	0.00926	0.00707	0.02439	0.00875	0.01428	0.00860	0.22288	0.05375	0.01839	0.31451	0.00405	0.09325	0.05129
8	0.00590	0.00388	0.00506	0.00561	0.00623	0.00356	0.00397	0.00683	0.00840	0.06653	0.07511	0.61907	0.10523	0.01145	0.00501	0.00156	0.00242	0.05676	0.00385	0.00357
9	0.00499	0.00359	0.00468	0.00552	0.00583	0.00335	0.00374	0.00572	0.00774	0.01023	0.02263	0.73984	0.06945	0.05201	0.00583	0.00173	0.00244	0.04379	0.00366	0.00324
10	0.01591	0.01134	0.01095	0.00875	0.01167	0.17707	0.00706	0.38084	0.03922	0.27951	0.01111	0.01058	0.00764	0.00474	0.00394	0.00119	0.00462	0.00357	0.00393	0.00637

[dist]
# distance from previous block
# <min> <max>
0	2

# created by:
# /st0/software/busco_prod/Augustus/scripts/msa2prfl.pl ./align_prep/30090.fa
