[name]
unknown

[dist]
# distance from previous block
# <min> <max>
0	595

[block]
# block no. 0 follows, 66 sequences, length 48
# corresponding to MSA columns:
# 740-787
name=unknown_A
#
# <colnr> <probs for GDERKNQSTAVLIFYWHMCP>
#	G	D	E	R	K	N	Q	S	T	A	V	L	I	F	Y	W	H	M	C	P
0	0.00488	0.00378	0.00445	0.00498	0.00571	0.00335	0.00347	0.00572	0.00841	0.01062	0.03053	0.49921	0.37712	0.01165	0.00501	0.00153	0.00222	0.01024	0.00377	0.00335
1	0.18466	0.00955	0.02887	0.00764	0.01076	0.00971	0.00635	0.38590	0.04961	0.02001	0.00892	0.03287	0.00696	0.00443	0.00353	0.00110	0.00377	0.00331	0.00329	0.21876
2	0.00934	0.00963	0.05578	0.23049	0.56383	0.00949	0.03865	0.01197	0.00893	0.01250	0.00753	0.01019	0.00610	0.00373	0.00404	0.00125	0.00509	0.00362	0.00194	0.00589
3	0.00952	0.12916	0.35805	0.01547	0.25749	0.01040	0.11578	0.01284	0.00893	0.03440	0.00751	0.00917	0.00579	0.00371	0.00386	0.00121	0.00547	0.00333	0.00193	0.00597
4	0.00593	0.00449	0.00657	0.00650	0.00713	0.00527	0.00499	0.00723	0.00645	0.00929	0.01081	0.01659	0.01036	0.10282	0.73494	0.00610	0.04432	0.00445	0.00218	0.00355
5	0.00705	0.00352	0.00529	0.00529	0.00529	0.00352	0.00352	0.00529	0.00529	0.00705	0.00705	0.01233	0.00705	0.01409	0.01586	0.88196	0.00352	0.00352	0.00176	0.00176
6	0.00628	0.00448	0.00624	0.00718	0.00800	0.00445	0.00609	0.00796	0.00908	0.01185	0.02162	0.17724	0.02392	0.01145	0.00553	0.00183	0.00351	0.67588	0.00374	0.00366
7	0.01100	0.10017	0.07085	0.01881	0.48223	0.17751	0.05696	0.01323	0.00956	0.01216	0.00716	0.00908	0.00596	0.00372	0.00383	0.00115	0.00547	0.00329	0.00198	0.00587
8	0.01111	0.80854	0.02066	0.00716	0.01054	0.06643	0.00700	0.01240	0.00844	0.00957	0.00568	0.00656	0.00521	0.00351	0.00267	0.00088	0.00452	0.00220	0.00176	0.00518
9	0.02337	0.05086	0.47217	0.01007	0.01483	0.00979	0.01140	0.18895	0.01133	0.15521	0.00921	0.00960	0.00635	0.00426	0.00387	0.00125	0.00512	0.00328	0.00280	0.00629
10	0.01253	0.01071	0.00985	0.00821	0.01034	0.16271	0.00631	0.40740	0.06272	0.01750	0.01028	0.01390	0.00893	0.21684	0.02225	0.00196	0.00489	0.00409	0.00327	0.00531
11	0.01420	0.00639	0.00826	0.00663	0.00910	0.00583	0.00536	0.08190	0.01194	0.51337	0.19741	0.01777	0.03317	0.00583	0.00417	0.00124	0.00306	0.00484	0.06359	0.00594
12	0.01102	0.00936	0.01246	0.10169	0.30548	0.03612	0.00916	0.17141	0.17798	0.04869	0.04234	0.01281	0.03378	0.00474	0.00410	0.00126	0.00431	0.00410	0.00309	0.00609
13	0.00954	0.25270	0.42005	0.01201	0.12981	0.01158	0.01179	0.05132	0.00898	0.01247	0.00691	0.00827	0.00543	0.00389	0.00392	0.00117	0.03956	0.00291	0.00188	0.00582
14	0.00756	0.00378	0.00378	0.00378	0.00473	0.00378	0.00284	0.00945	0.00851	0.01513	0.01324	0.01513	0.01040	0.00473	0.00284	0.00095	0.00189	0.00378	0.87994	0.00378
15	0.02508	0.00422	0.00523	0.07205	0.00689	0.00433	0.00365	0.00670	0.00678	0.02083	0.01462	0.23197	0.01647	0.49264	0.02990	0.00297	0.00367	0.00690	0.04207	0.00302
16	0.04682	0.02809	0.00996	0.00837	0.01067	0.27359	0.00657	0.21938	0.07096	0.09095	0.01306	0.05057	0.08561	0.00717	0.05865	0.00155	0.00523	0.00420	0.00326	0.00533
17	0.00756	0.00378	0.00378	0.00378	0.00473	0.00378	0.00284	0.00945	0.00851	0.01513	0.01324	0.01513	0.01040	0.00473	0.00284	0.00095	0.00189	0.00378	0.87994	0.00378
18	0.22096	0.04779	0.10514	0.00764	0.04294	0.00804	0.00641	0.08692	0.03625	0.19690	0.01060	0.02549	0.00871	0.17153	0.00687	0.00177	0.00393	0.00384	0.00312	0.00516
19	0.00929	0.00885	0.01496	0.28631	0.56026	0.00945	0.01196	0.01197	0.02479	0.01241	0.00767	0.01039	0.00622	0.00379	0.00403	0.00126	0.00498	0.00363	0.00198	0.00582
20	0.01060	0.00836	0.00985	0.05915	0.06395	0.05664	0.02158	0.06871	0.14695	0.11646	0.04412	0.04998	0.00985	0.00464	0.00377	0.00105	0.00371	0.00389	0.00319	0.31356
21	0.00590	0.00393	0.00442	0.00442	0.00442	0.00393	0.00246	0.00590	0.00590	0.00787	0.01278	0.02655	0.01475	0.85742	0.02065	0.00393	0.00393	0.00590	0.00246	0.00246
22	0.01169	0.01153	0.01031	0.04309	0.01195	0.21546	0.00721	0.09494	0.47431	0.01543	0.01242	0.01221	0.00947	0.00514	0.00445	0.00130	0.04589	0.00392	0.00341	0.00587
23	0.01263	0.00811	0.00924	0.00788	0.01047	0.00869	0.00624	0.02077	0.55112	0.27625	0.01617	0.01459	0.01152	0.00530	0.00409	0.00132	0.00328	0.00438	0.00438	0.02355
24	0.00598	0.00390	0.00448	0.00448	0.00448	0.00390	0.00253	0.00586	0.00586	0.00781	0.01239	0.02557	0.01422	0.79907	0.02032	0.06468	0.00390	0.00574	0.00241	0.00241
25	0.00758	0.00710	0.01194	0.82229	0.02728	0.00884	0.01104	0.01022	0.00810	0.01037	0.00767	0.03625	0.00605	0.00432	0.00409	0.00136	0.00532	0.00384	0.00186	0.00447
26	0.00766	0.00721	0.01217	0.84767	0.02794	0.00901	0.01127	0.01037	0.00811	0.01037	0.00721	0.01082	0.00541	0.00406	0.00406	0.00135	0.00541	0.00361	0.00180	0.00451
27	0.00975	0.00934	0.01594	0.12637	0.73293	0.00956	0.01231	0.01219	0.00910	0.01290	0.00758	0.01014	0.00630	0.00367	0.00402	0.00122	0.00489	0.00361	0.00198	0.00619
28	0.00888	0.00888	0.01243	0.01065	0.01065	0.01243	0.00888	0.00976	0.00621	0.00976	0.00533	0.00888	0.00533	0.00710	0.01331	0.00178	0.84999	0.00355	0.00178	0.00444
29	0.00888	0.00888	0.01243	0.01065	0.01065	0.01243	0.00888	0.00976	0.00621	0.00976	0.00533	0.00888	0.00533	0.00710	0.01331	0.00178	0.84999	0.00355	0.00178	0.00444
30	0.00756	0.00378	0.00378	0.00378	0.00473	0.00378	0.00284	0.00945	0.00851	0.01513	0.01324	0.01513	0.01040	0.00473	0.00284	0.00095	0.00189	0.00378	0.87994	0.00378
31	0.00766	0.00721	0.01217	0.84767	0.02794	0.00901	0.01127	0.01037	0.00811	0.01037	0.00721	0.01082	0.00541	0.00406	0.00406	0.00135	0.00541	0.00361	0.00180	0.00451
32	0.00520	0.00406	0.00437	0.00449	0.00540	0.00362	0.00316	0.00598	0.00827	0.01017	0.03120	0.09094	0.51354	0.23509	0.00907	0.00210	0.00267	0.05407	0.00342	0.00318
33	0.00756	0.00378	0.00378	0.00378	0.00473	0.00378	0.00284	0.00945	0.00851	0.01513	0.01324	0.01513	0.01040	0.00473	0.00284	0.00095	0.00189	0.00378	0.87994	0.00378
34	0.88607	0.00785	0.00596	0.00534	0.00785	0.00910	0.00439	0.01193	0.00690	0.01820	0.00565	0.00659	0.00439	0.00377	0.00251	0.00126	0.00314	0.00220	0.00251	0.00439
35	0.00964	0.01075	0.02285	0.01824	0.13973	0.01017	0.69972	0.01292	0.00953	0.01303	0.00812	0.01081	0.00620	0.00345	0.00468	0.00134	0.00654	0.00462	0.00205	0.00561
36	0.00480	0.00411	0.00411	0.00411	0.00548	0.00343	0.00308	0.00582	0.00925	0.01096	0.04110	0.03905	0.83046	0.01028	0.00480	0.00137	0.00206	0.00856	0.00377	0.00343
37	0.00590	0.00395	0.00451	0.00451	0.00454	0.00398	0.00256	0.00595	0.00592	0.00793	0.01271	0.02613	0.01457	0.82476	0.05306	0.00404	0.00421	0.00584	0.00245	0.00250
38	0.00756	0.00378	0.00378	0.00378	0.00473	0.00378	0.00284	0.00945	0.00851	0.01513	0.01324	0.01513	0.01040	0.00473	0.00284	0.00095	0.00189	0.00378	0.87994	0.00378
39	0.18670	0.01065	0.01091	0.03250	0.02464	0.04980	0.00723	0.52773	0.01508	0.04701	0.00867	0.00913	0.00631	0.00468	0.00413	0.00125	0.04064	0.00332	0.00350	0.00612
40	0.07493	0.15664	0.02911	0.02875	0.01235	0.28438	0.04026	0.19753	0.02473	0.08563	0.00812	0.00878	0.00621	0.00475	0.01981	0.00122	0.00545	0.00306	0.00278	0.00551
41	0.00756	0.00378	0.00378	0.00378	0.00473	0.00378	0.00284	0.00945	0.00851	0.01513	0.01324	0.01513	0.01040	0.00473	0.00284	0.00095	0.00189	0.00378	0.87994	0.00378
42	0.01055	0.00843	0.00904	0.00802	0.01032	0.00954	0.00631	0.07923	0.65431	0.05728	0.01676	0.01634	0.03527	0.00573	0.00415	0.00136	0.00327	0.03060	0.02724	0.00624
43	0.00673	0.02132	0.00598	0.00584	0.00666	0.00507	0.00410	0.02788	0.13376	0.03476	0.05440	0.38427	0.07207	0.19791	0.00830	0.00205	0.00293	0.01855	0.00356	0.00385
44	0.00584	0.00426	0.00535	0.00547	0.00588	0.00416	0.01580	0.01915	0.00720	0.00970	0.01724	0.39254	0.04135	0.37304	0.01188	0.00256	0.02569	0.00820	0.00307	0.04161
45	0.00510	0.00423	0.00444	0.00441	0.00573	0.00364	0.00334	0.01874	0.00958	0.01172	0.11579	0.05691	0.70078	0.01008	0.00481	0.00138	0.00213	0.02981	0.00384	0.00352
46	0.01393	0.20017	0.01440	0.00916	0.01238	0.05013	0.03031	0.35646	0.03366	0.06463	0.00962	0.01049	0.00752	0.00499	0.00436	0.00126	0.03501	0.00351	0.00345	0.13456
47	0.62405	0.00750	0.00643	0.00587	0.00799	0.04187	0.00474	0.01131	0.00716	0.04321	0.00719	0.00896	0.00591	0.00981	0.19095	0.00243	0.00505	0.00276	0.00250	0.00432

[dist]
# distance from previous block
# <min> <max>
5	25

[block]
# block no. 1 follows, 66 sequences, length 32
# corresponding to MSA columns:
# 815-846
name=unknown_B
#
# <colnr> <probs for GDERKNQSTAVLIFYWHMCP>
#	G	D	E	R	K	N	Q	S	T	A	V	L	I	F	Y	W	H	M	C	P
0	0.55708	0.14616	0.02927	0.02320	0.02088	0.03041	0.00577	0.02501	0.00780	0.07030	0.00650	0.00742	0.00507	0.00401	0.00332	0.00122	0.04681	0.00249	0.00249	0.00481
1	0.00980	0.00959	0.01423	0.19417	0.49468	0.07571	0.02077	0.02817	0.03981	0.01252	0.00833	0.03078	0.00710	0.03173	0.00458	0.00133	0.00501	0.00385	0.00215	0.00568
2	0.00586	0.00424	0.00572	0.00656	0.00730	0.00410	0.00530	0.00727	0.00885	0.01154	0.03888	0.31557	0.08554	0.01158	0.00538	0.00175	0.00311	0.46411	0.00376	0.00357
3	0.00780	0.00736	0.01243	0.79832	0.07617	0.00905	0.01134	0.01049	0.00818	0.01054	0.00724	0.01077	0.00547	0.00403	0.00405	0.00134	0.00537	0.00361	0.00182	0.00462
4	0.00640	0.00447	0.00561	0.00519	0.00629	0.00417	0.00389	0.03570	0.01125	0.04219	0.65839	0.02971	0.11067	0.05158	0.00555	0.00142	0.00217	0.00715	0.00430	0.00393
5	0.00756	0.00378	0.00378	0.00378	0.00473	0.00378	0.00284	0.00945	0.00851	0.01513	0.01324	0.01513	0.01040	0.00473	0.00284	0.00095	0.00189	0.00378	0.87994	0.00378
6	0.03322	0.02992	0.06202	0.10534	0.32201	0.05696	0.05706	0.02456	0.00869	0.01204	0.00935	0.10039	0.00868	0.00823	0.11097	0.00196	0.03674	0.00445	0.00222	0.00520
7	0.03816	0.01152	0.00982	0.02529	0.04498	0.28680	0.00670	0.10176	0.08675	0.01346	0.01105	0.08038	0.05025	0.00532	0.00425	0.00114	0.04532	0.00404	0.02453	0.14849
8	0.00756	0.00378	0.00378	0.00378	0.00473	0.00378	0.00284	0.00945	0.00851	0.01513	0.01324	0.01513	0.01040	0.00473	0.00284	0.00095	0.00189	0.00378	0.87994	0.00378
9	0.00768	0.00616	0.00730	0.00697	0.00787	0.05708	0.00534	0.06888	0.00858	0.03805	0.05925	0.15267	0.04295	0.09583	0.28040	0.00337	0.09059	0.05413	0.00292	0.00397
10	0.04473	0.07597	0.25226	0.08928	0.11359	0.10168	0.04134	0.13715	0.06849	0.02575	0.00821	0.00940	0.00619	0.00412	0.00382	0.00122	0.00528	0.00329	0.00242	0.00581
11	0.00867	0.17146	0.01212	0.02924	0.00992	0.05888	0.02062	0.00973	0.00760	0.01016	0.05550	0.07287	0.03851	0.08321	0.00939	0.00169	0.36352	0.03038	0.00228	0.00427
12	0.01109	0.00557	0.00706	0.00602	0.00789	0.00507	0.00466	0.05534	0.01084	0.34365	0.21456	0.08507	0.13032	0.08691	0.00598	0.00155	0.00291	0.00618	0.00433	0.00501
13	0.00971	0.42728	0.12398	0.00745	0.01056	0.10155	0.00731	0.02397	0.02688	0.01093	0.02446	0.01435	0.15078	0.00516	0.00344	0.00108	0.00437	0.02588	0.01595	0.00492
14	0.01086	0.04173	0.04017	0.13028	0.05433	0.27587	0.04366	0.03399	0.10412	0.04209	0.08013	0.01418	0.08460	0.00522	0.00422	0.00123	0.02142	0.00416	0.00275	0.00500
15	0.00610	0.07012	0.00720	0.00623	0.00702	0.00553	0.00478	0.00724	0.00675	0.00938	0.01219	0.13736	0.01247	0.09154	0.57039	0.02602	0.00840	0.00532	0.00238	0.00356
16	0.03029	0.11618	0.32124	0.00922	0.01262	0.08517	0.05619	0.03713	0.00899	0.01210	0.02745	0.20087	0.03092	0.00678	0.02589	0.00143	0.00497	0.00515	0.00245	0.00496
17	0.01190	0.54599	0.03250	0.00765	0.01087	0.04855	0.00711	0.18715	0.01079	0.04153	0.00762	0.03527	0.00657	0.00487	0.02499	0.00114	0.00460	0.00295	0.00244	0.00552
18	0.03516	0.21990	0.03516	0.00839	0.01152	0.01251	0.00731	0.47890	0.04255	0.03859	0.00906	0.00975	0.00695	0.02354	0.04186	0.00144	0.00465	0.00335	0.00329	0.00614
19	0.01348	0.18926	0.04166	0.00843	0.01162	0.01202	0.00739	0.49733	0.01501	0.07111	0.01088	0.01150	0.04465	0.00557	0.02478	0.00130	0.00446	0.01986	0.00348	0.00621
20	0.01193	0.38373	0.16561	0.00852	0.01228	0.01315	0.00852	0.28072	0.01193	0.03469	0.00772	0.00863	0.00611	0.02543	0.00380	0.00115	0.00465	0.00295	0.00260	0.00588
21	0.04263	0.14010	0.35728	0.00962	0.01389	0.01128	0.01035	0.25821	0.07300	0.01668	0.00871	0.02530	0.00662	0.00440	0.00373	0.00122	0.00490	0.00333	0.00268	0.00608
22	0.01179	0.17987	0.29270	0.00954	0.01369	0.01198	0.00993	0.36200	0.02435	0.01773	0.00845	0.02503	0.00643	0.00441	0.00373	0.00118	0.00490	0.00331	0.00281	0.00619
23	0.01260	0.26751	0.13767	0.00911	0.01277	0.03544	0.03775	0.34868	0.02288	0.04893	0.00834	0.00892	0.00631	0.00474	0.02011	0.00123	0.00489	0.00316	0.00289	0.00607
24	0.00959	0.21193	0.19719	0.00798	0.01115	0.04827	0.00794	0.11630	0.02949	0.03808	0.04443	0.02741	0.10824	0.01896	0.08323	0.00171	0.00500	0.01357	0.00267	0.01686
25	0.03130	0.17894	0.27417	0.00890	0.01259	0.03935	0.00920	0.19812	0.05468	0.01526	0.03993	0.02984	0.03145	0.02606	0.00420	0.00128	0.00468	0.03173	0.00271	0.00562
26	0.00984	0.24533	0.27314	0.03741	0.01283	0.02783	0.00916	0.11558	0.02166	0.04173	0.05637	0.01293	0.09539	0.00494	0.00387	0.00118	0.01906	0.00377	0.00255	0.00544
27	0.02544	0.07006	0.23407	0.00911	0.02311	0.07067	0.06397	0.03159	0.08741	0.05905	0.05786	0.02624	0.05479	0.04897	0.01712	0.00145	0.01246	0.03248	0.01294	0.06120
28	0.04012	0.11985	0.27792	0.00905	0.01270	0.09704	0.03757	0.09250	0.03977	0.08635	0.03523	0.03270	0.07922	0.01766	0.00410	0.00126	0.00481	0.00396	0.00272	0.00547
29	0.02458	0.13760	0.16874	0.00991	0.03620	0.11340	0.06803	0.11978	0.01047	0.07033	0.04883	0.03456	0.01838	0.00578	0.03159	0.00141	0.06379	0.02053	0.00263	0.01345
30	0.06766	0.14707	0.16949	0.00839	0.02880	0.05740	0.00780	0.11215	0.04940	0.07640	0.06844	0.05576	0.03483	0.03169	0.02438	0.00141	0.02405	0.00408	0.00287	0.02793
31	0.05009	0.06261	0.14501	0.00953	0.04023	0.07395	0.05842	0.09913	0.12737	0.04567	0.03103	0.09303	0.04639	0.00580	0.00463	0.00132	0.05595	0.02441	0.00295	0.02247

[dist]
# distance from previous block
# <min> <max>
8	98

[block]
# block no. 2 follows, 66 sequences, length 21
# corresponding to MSA columns:
# 964-984
name=unknown_C
#
# <colnr> <probs for GDERKNQSTAVLIFYWHMCP>
#	G	D	E	R	K	N	Q	S	T	A	V	L	I	F	Y	W	H	M	C	P
0	0.01121	0.02960	0.09423	0.01953	0.21458	0.05088	0.01904	0.18834	0.02042	0.08242	0.02486	0.04756	0.04006	0.01604	0.00535	0.00133	0.10230	0.01108	0.00288	0.01826
1	0.02411	0.17409	0.03991	0.03486	0.07512	0.04715	0.00639	0.08450	0.00937	0.02510	0.06806	0.12023	0.01845	0.11869	0.00618	0.00152	0.01862	0.01714	0.00272	0.10778
2	0.00690	0.06460	0.05269	0.03562	0.00835	0.00593	0.03630	0.02248	0.02306	0.02491	0.26788	0.04748	0.12386	0.20440	0.00845	0.00191	0.02744	0.01950	0.00325	0.01499
3	0.04292	0.04060	0.01224	0.08932	0.18299	0.00814	0.12187	0.10407	0.02584	0.01420	0.09791	0.13476	0.07076	0.01431	0.00449	0.00135	0.00411	0.01368	0.01142	0.00503
4	0.01099	0.04170	0.04116	0.00799	0.01046	0.00919	0.03498	0.29359	0.17319	0.05524	0.05388	0.02951	0.05401	0.10538	0.03673	0.00176	0.00416	0.00464	0.00357	0.02787
5	0.01070	0.01025	0.07525	0.00879	0.04065	0.13402	0.00708	0.05349	0.23177	0.09611	0.15872	0.01494	0.01391	0.00623	0.03004	0.00141	0.04614	0.00435	0.00343	0.05272
6	0.00955	0.00889	0.00953	0.00760	0.01007	0.10410	0.02351	0.09551	0.00974	0.01350	0.05366	0.02395	0.05386	0.01881	0.01768	0.00114	0.12346	0.00360	0.00265	0.40920
7	0.00955	0.00874	0.03554	0.15636	0.19308	0.00882	0.05748	0.11908	0.13563	0.01443	0.01027	0.05527	0.00872	0.05995	0.00511	0.00140	0.00438	0.00423	0.00273	0.10922
8	0.00899	0.00841	0.01125	0.12743	0.04058	0.05772	0.10090	0.05420	0.00955	0.01345	0.10291	0.01167	0.00967	0.00420	0.00419	0.00101	0.04453	0.00360	0.00254	0.38320
9	0.01083	0.00800	0.00842	0.00672	0.00947	0.10247	0.00528	0.01282	0.03980	0.19070	0.12632	0.05218	0.01255	0.00487	0.00371	0.00097	0.00343	0.00399	0.00335	0.39411
10	0.00836	0.00745	0.01002	0.00728	0.01076	0.00586	0.09915	0.01029	0.00851	0.01304	0.00814	0.05427	0.00715	0.00358	0.00333	0.00075	0.00342	0.00317	0.00244	0.73305
11	0.00908	0.00860	0.01474	0.15051	0.20861	0.00862	0.21380	0.05504	0.03943	0.01329	0.01011	0.04675	0.00894	0.00484	0.00432	0.00129	0.00493	0.08741	0.00247	0.10724
12	0.00712	0.00512	0.00667	0.00717	0.00817	0.00520	0.00588	0.10174	0.01002	0.01319	0.02037	0.27198	0.02243	0.01090	0.00530	0.00173	0.00343	0.48581	0.00378	0.00398
13	0.01429	0.00871	0.12571	0.00777	0.01088	0.00662	0.00704	0.01736	0.10561	0.52751	0.01557	0.11092	0.01157	0.00581	0.00418	0.00132	0.00366	0.00485	0.00430	0.00630
14	0.00493	0.00412	0.00430	0.00425	0.00556	0.00348	0.00319	0.00608	0.00956	0.01171	0.15259	0.03781	0.71851	0.01000	0.00479	0.00136	0.00204	0.00839	0.00387	0.00348
15	0.01002	0.00778	0.00901	0.00655	0.01008	0.00646	0.00529	0.12506	0.01012	0.06631	0.00812	0.00894	0.00639	0.00339	0.00322	0.00073	0.00324	0.00268	0.00280	0.70382
16	0.01407	0.00767	0.00912	0.00743	0.00994	0.00778	0.00587	0.15404	0.20425	0.38713	0.01461	0.01523	0.01073	0.12558	0.00643	0.00166	0.00364	0.00438	0.00428	0.00616
17	0.01144	0.00882	0.00981	0.06279	0.01195	0.00999	0.00688	0.13331	0.58269	0.09342	0.01491	0.01397	0.01094	0.00528	0.00411	0.00134	0.00355	0.00434	0.00405	0.00641
18	0.00857	0.12839	0.01526	0.54927	0.10589	0.01022	0.10443	0.01113	0.00841	0.01085	0.00715	0.01014	0.00557	0.00386	0.00393	0.00127	0.00536	0.00354	0.00184	0.00491
19	0.01115	0.01025	0.01587	0.01466	0.18222	0.05152	0.27024	0.12850	0.15840	0.05839	0.01061	0.04223	0.00835	0.00454	0.00442	0.00131	0.01401	0.00444	0.00292	0.00599
20	0.66036	0.10674	0.00809	0.00562	0.00839	0.00939	0.00475	0.01171	0.00727	0.01649	0.00587	0.00684	0.00472	0.00362	0.00259	0.00112	0.00326	0.00222	0.00241	0.12855

[dist]
# distance from previous block
# <min> <max>
8	329

[block]
# block no. 3 follows, 66 sequences, length 19
# corresponding to MSA columns:
# 1401-1419
name=unknown_D
#
# <colnr> <probs for GDERKNQSTAVLIFYWHMCP>
#	G	D	E	R	K	N	Q	S	T	A	V	L	I	F	Y	W	H	M	C	P
0	0.15585	0.12624	0.07108	0.08193	0.03284	0.03277	0.04382	0.18496	0.02527	0.03135	0.02512	0.05430	0.02450	0.00541	0.02354	0.00133	0.02646	0.00374	0.00275	0.04673
1	0.02548	0.27059	0.05606	0.02474	0.02200	0.14701	0.01904	0.09827	0.03901	0.03401	0.01702	0.03340	0.02187	0.00570	0.02226	0.00128	0.03805	0.07806	0.00257	0.04358
2	0.02838	0.19453	0.18729	0.08217	0.02122	0.02253	0.03741	0.17396	0.01056	0.03560	0.02369	0.05475	0.02460	0.01422	0.04070	0.00146	0.02089	0.00381	0.00256	0.01967
3	0.03892	0.15540	0.15710	0.07669	0.01338	0.03853	0.01845	0.28067	0.01193	0.02861	0.00971	0.07759	0.01717	0.01385	0.01875	0.00135	0.01998	0.01350	0.00283	0.00558
4	0.03767	0.13396	0.14732	0.00898	0.01223	0.13577	0.00828	0.32239	0.01304	0.04551	0.02162	0.07747	0.00824	0.00506	0.00382	0.00119	0.00484	0.00384	0.00302	0.00577
5	0.10979	0.19399	0.23242	0.04450	0.01315	0.03718	0.00901	0.15694	0.12445	0.01543	0.00854	0.00919	0.00649	0.00421	0.00350	0.00118	0.00461	0.00310	0.01660	0.00573
6	0.02430	0.12698	0.10588	0.02403	0.08417	0.07471	0.00862	0.42136	0.01406	0.01854	0.00915	0.02863	0.01864	0.01814	0.00408	0.00122	0.00477	0.00356	0.00306	0.00609
7	0.08000	0.05382	0.59287	0.01059	0.01545	0.01021	0.01264	0.08280	0.00914	0.01399	0.00713	0.00845	0.00525	0.00419	0.00451	0.00130	0.07689	0.00300	0.00199	0.00578
8	0.04822	0.54268	0.08881	0.00754	0.01077	0.07929	0.00729	0.07726	0.00915	0.01139	0.00677	0.00871	0.00611	0.07586	0.00444	0.00122	0.00464	0.00271	0.00204	0.00511
9	0.08474	0.09899	0.61530	0.01008	0.01504	0.00951	0.01234	0.01209	0.00832	0.01279	0.00826	0.07971	0.00691	0.00456	0.00373	0.00127	0.00528	0.00357	0.00196	0.00555
10	0.16490	0.02735	0.01251	0.08897	0.03626	0.02404	0.15340	0.01255	0.00851	0.13853	0.00869	0.01022	0.02101	0.00455	0.00544	0.00128	0.15812	0.00352	0.00258	0.11757
11	0.05389	0.00879	0.01013	0.00919	0.07983	0.00934	0.00678	0.34331	0.13717	0.12883	0.08555	0.01533	0.08260	0.00560	0.00412	0.00127	0.00367	0.00453	0.00396	0.00610
12	0.00754	0.00526	0.00804	0.00793	0.00927	0.00507	0.07678	0.00943	0.00959	0.07900	0.08829	0.10830	0.02233	0.00991	0.00530	0.00171	0.00371	0.53467	0.00376	0.00411
13	0.01209	0.01009	0.04704	0.00956	0.01223	0.01053	0.07817	0.47367	0.03072	0.02009	0.07700	0.05374	0.01128	0.00596	0.00511	0.00135	0.07582	0.05608	0.00359	0.00590
14	0.00703	0.00472	0.00562	0.00558	0.00674	0.00440	0.00409	0.07581	0.00978	0.08632	0.07872	0.39737	0.27779	0.01030	0.00484	0.00146	0.00251	0.00899	0.00395	0.00400
15	0.00578	0.00421	0.00594	0.00598	0.00651	0.00472	0.00439	0.00685	0.00643	0.00909	0.01184	0.05640	0.01199	0.22587	0.60876	0.00569	0.00884	0.00504	0.00231	0.00333
16	0.01322	0.08305	0.01128	0.07892	0.01235	0.00989	0.00697	0.28827	0.14812	0.19277	0.01180	0.02792	0.00863	0.00485	0.00387	0.00119	0.00391	0.00384	0.02639	0.06278
17	0.01519	0.07932	0.01201	0.00861	0.01169	0.06458	0.00714	0.49003	0.03448	0.19276	0.03633	0.01095	0.00842	0.00487	0.00394	0.00119	0.00432	0.00369	0.00396	0.00651
18	0.00782	0.00646	0.00679	0.00679	0.00784	0.07310	0.00492	0.12913	0.08123	0.01345	0.05682	0.54804	0.02139	0.01001	0.00478	0.00149	0.00312	0.00883	0.00374	0.00424

[dist]
# distance from previous block
# <min> <max>
5	99

[block]
# block no. 4 follows, 66 sequences, length 11
# corresponding to MSA columns:
# 1593-1603
name=unknown_E
#
# <colnr> <probs for GDERKNQSTAVLIFYWHMCP>
#	G	D	E	R	K	N	Q	S	T	A	V	L	I	F	Y	W	H	M	C	P
0	0.00870	0.00861	0.02553	0.24013	0.07081	0.10249	0.06559	0.03383	0.06789	0.01253	0.09081	0.08404	0.02279	0.00630	0.02101	0.00141	0.00470	0.06416	0.00273	0.06594
1	0.03241	0.00835	0.02518	0.34457	0.08926	0.00889	0.07282	0.14576	0.01069	0.09660	0.04461	0.01310	0.00851	0.00466	0.00413	0.00130	0.00475	0.04102	0.00278	0.04062
2	0.11361	0.03994	0.08455	0.11622	0.01390	0.15619	0.06246	0.14214	0.05914	0.01482	0.05081	0.04965	0.00876	0.00542	0.02494	0.00135	0.00502	0.00383	0.00271	0.04454
3	0.02325	0.07835	0.04503	0.00824	0.01054	0.19639	0.00671	0.16577	0.19933	0.01540	0.11221	0.05323	0.01276	0.04919	0.00483	0.00136	0.00441	0.00441	0.00328	0.00531
4	0.00933	0.00957	0.07485	0.09472	0.02138	0.08894	0.04222	0.09729	0.21034	0.01378	0.01385	0.06474	0.06859	0.00901	0.10396	0.01884	0.02208	0.02839	0.00300	0.00510
5	0.11927	0.03293	0.01169	0.29657	0.17370	0.09492	0.00908	0.05312	0.04409	0.01287	0.00863	0.07739	0.00754	0.00484	0.00421	0.00130	0.03653	0.00397	0.00233	0.00501
6	0.01435	0.01125	0.01196	0.04596	0.05090	0.09117	0.00790	0.53758	0.01578	0.07616	0.00929	0.00974	0.00675	0.00474	0.00442	0.00121	0.04618	0.00351	0.00355	0.04760
7	0.00817	0.01817	0.00921	0.16221	0.08283	0.02846	0.00718	0.09888	0.05845	0.01285	0.02475	0.08277	0.12679	0.04841	0.06221	0.00190	0.04390	0.11535	0.00298	0.00455
8	0.03014	0.12643	0.23046	0.01221	0.07045	0.08610	0.20138	0.01337	0.00918	0.08459	0.00785	0.00927	0.00595	0.00393	0.00431	0.00121	0.04702	0.00339	0.00220	0.05056
9	0.00842	0.00843	0.01277	0.68364	0.02540	0.07447	0.06773	0.01100	0.00850	0.01065	0.00721	0.01044	0.00547	0.00397	0.00403	0.00129	0.00555	0.00355	0.00187	0.04560
10	0.07641	0.07476	0.01040	0.12701	0.01261	0.04852	0.00670	0.01662	0.04874	0.47734	0.05078	0.01281	0.00979	0.00481	0.00386	0.00123	0.00389	0.00383	0.00391	0.00598

[dist]
# distance from previous block
# <min> <max>
1	15

[block]
# block no. 5 follows, 66 sequences, length 15
# corresponding to MSA columns:
# 1629-1643
name=unknown_F
#
# <colnr> <probs for GDERKNQSTAVLIFYWHMCP>
#	G	D	E	R	K	N	Q	S	T	A	V	L	I	F	Y	W	H	M	C	P
0	0.01380	0.00866	0.07333	0.00793	0.01081	0.04796	0.03012	0.05380	0.09081	0.43562	0.01484	0.12857	0.01152	0.00585	0.00417	0.00128	0.00379	0.00492	0.00410	0.04813
1	0.08783	0.01064	0.01073	0.04880	0.01214	0.09310	0.00712	0.49660	0.01536	0.08421	0.05368	0.04221	0.00911	0.00516	0.00397	0.00123	0.00439	0.00395	0.00371	0.00606
2	0.00583	0.00439	0.00524	0.00544	0.00632	0.00404	0.00380	0.04947	0.00856	0.01129	0.02355	0.50003	0.19007	0.08715	0.00626	0.00169	0.00260	0.00928	0.00356	0.07144
3	0.01014	0.01089	0.03602	0.05264	0.10961	0.12133	0.30736	0.08012	0.01002	0.01298	0.00938	0.06369	0.00833	0.00567	0.02507	0.00149	0.07770	0.04997	0.00238	0.00520
4	0.00790	0.00848	0.07630	0.71353	0.09502	0.00910	0.01166	0.01073	0.00824	0.01080	0.00725	0.01058	0.00547	0.00400	0.00404	0.00133	0.00540	0.00356	0.00181	0.00478
5	0.00656	0.00497	0.00601	0.00622	0.00749	0.00479	0.00514	0.07573	0.01020	0.01303	0.07409	0.06625	0.31390	0.01022	0.00512	0.00159	0.00304	0.37795	0.00382	0.00388
6	0.05008	0.00910	0.01495	0.31082	0.42055	0.03410	0.07854	0.01185	0.00883	0.01235	0.00740	0.01015	0.00592	0.00378	0.00401	0.00127	0.00519	0.00361	0.00197	0.00553
7	0.01220	0.01182	0.01297	0.01097	0.05212	0.20179	0.13821	0.27610	0.04678	0.01601	0.01152	0.01310	0.07652	0.03838	0.00534	0.00137	0.05329	0.01307	0.00296	0.00548
8	0.00815	0.00793	0.01235	0.75122	0.06479	0.04790	0.01111	0.01072	0.00828	0.01047	0.00715	0.01057	0.00545	0.00411	0.00424	0.00134	0.02423	0.00356	0.00183	0.00461
9	0.03917	0.00795	0.01219	0.55212	0.12893	0.00932	0.01044	0.11757	0.00974	0.01313	0.00837	0.01244	0.00674	0.00451	0.00409	0.00134	0.00503	0.04964	0.00226	0.00503
10	0.00913	0.00845	0.01403	0.28589	0.33992	0.00910	0.07438	0.05476	0.04101	0.01298	0.00957	0.01460	0.00826	0.00474	0.00428	0.00135	0.00496	0.09480	0.00233	0.00545
11	0.08232	0.01058	0.01110	0.00928	0.04975	0.05098	0.00719	0.54607	0.03924	0.04496	0.02310	0.01070	0.02117	0.01988	0.00418	0.00123	0.00428	0.00363	0.00365	0.05671
12	0.00858	0.00763	0.01204	0.21684	0.37345	0.00812	0.00938	0.04799	0.02343	0.01201	0.00985	0.07861	0.00938	0.15727	0.00710	0.00177	0.00457	0.00465	0.00231	0.00503
13	0.07697	0.00892	0.01016	0.04793	0.05835	0.02328	0.00691	0.34195	0.03722	0.04598	0.05134	0.03309	0.07821	0.00551	0.00467	0.00124	0.06928	0.00423	0.01679	0.07795
14	0.09831	0.00852	0.01054	0.12690	0.14292	0.03489	0.00767	0.19756	0.05887	0.10808	0.04018	0.01322	0.03818	0.04583	0.04942	0.00166	0.00456	0.00401	0.00315	0.00553

[dist]
# distance from previous block
# <min> <max>
17	138

[block]
# block no. 6 follows, 66 sequences, length 27
# corresponding to MSA columns:
# 1903-1929
name=unknown_G
#
# <colnr> <probs for GDERKNQSTAVLIFYWHMCP>
#	G	D	E	R	K	N	Q	S	T	A	V	L	I	F	Y	W	H	M	C	P
0	0.04881	0.03533	0.03576	0.00966	0.12365	0.09591	0.04182	0.03024	0.03300	0.03896	0.09583	0.05449	0.03348	0.12836	0.05823	0.00188	0.01502	0.00458	0.00274	0.11225
1	0.00995	0.05229	0.04103	0.05446	0.22968	0.12914	0.00814	0.08126	0.04956	0.02526	0.03453	0.10752	0.05882	0.02351	0.00441	0.00128	0.00441	0.02094	0.01580	0.04800
2	0.01110	0.14124	0.05068	0.03338	0.11100	0.11849	0.00772	0.15707	0.06137	0.05031	0.03219	0.06739	0.04946	0.00540	0.00402	0.00119	0.01505	0.03109	0.00292	0.04893
3	0.02700	0.19002	0.26066	0.01005	0.04833	0.09432	0.04812	0.10808	0.04250	0.03208	0.02065	0.03351	0.04310	0.00456	0.00372	0.00117	0.00499	0.00357	0.00244	0.02112
4	0.00625	0.00480	0.00649	0.02528	0.09311	0.00487	0.00488	0.00793	0.06535	0.01105	0.03303	0.46138	0.03555	0.13892	0.03024	0.00201	0.01493	0.00841	0.04173	0.00380
5	0.01257	0.21528	0.09931	0.02606	0.01286	0.33858	0.03961	0.14022	0.01128	0.01275	0.00769	0.05134	0.00662	0.00449	0.00362	0.00110	0.00572	0.00327	0.00236	0.00525
6	0.00985	0.14354	0.21786	0.07647	0.14378	0.01009	0.08360	0.08852	0.03725	0.05117	0.01002	0.07436	0.02644	0.00476	0.00395	0.00125	0.00486	0.00412	0.00246	0.00566
7	0.00830	0.00522	0.00655	0.02552	0.00776	0.00505	0.00463	0.02826	0.08976	0.14445	0.38891	0.07394	0.10401	0.04518	0.00546	0.01233	0.00263	0.03335	0.00420	0.00449
8	0.08936	0.00671	0.00779	0.00676	0.00854	0.00728	0.00536	0.21593	0.01069	0.11448	0.01159	0.05302	0.00971	0.04927	0.23462	0.00279	0.02272	0.00425	0.13425	0.00490
9	0.00931	0.12083	0.18984	0.04963	0.13423	0.03101	0.08242	0.05901	0.06030	0.03885	0.01286	0.08683	0.08577	0.00543	0.00407	0.00127	0.00463	0.01571	0.00260	0.00541
10	0.00909	0.11852	0.07879	0.00892	0.08536	0.02489	0.00688	0.05853	0.06739	0.08190	0.03814	0.22830	0.04944	0.04738	0.00553	0.00148	0.05061	0.03083	0.00313	0.00488
11	0.00811	0.00759	0.01031	0.00915	0.00944	0.01008	0.00738	0.00989	0.07606	0.01040	0.02408	0.08932	0.00951	0.06307	0.08160	0.00225	0.56051	0.00466	0.00228	0.00430
12	0.04435	0.00496	0.00606	0.00607	0.00713	0.00487	0.00452	0.04644	0.03638	0.11437	0.03795	0.31824	0.07242	0.14358	0.00732	0.00192	0.00309	0.13261	0.00370	0.00402
13	0.01088	0.13650	0.08021	0.10648	0.25974	0.13119	0.01907	0.06732	0.00979	0.04841	0.00802	0.03258	0.00669	0.00516	0.03230	0.00137	0.03302	0.00348	0.00225	0.00555
14	0.05754	0.00953	0.03423	0.02935	0.12846	0.09220	0.08478	0.09513	0.02014	0.25504	0.03940	0.02768	0.00933	0.06628	0.00553	0.00146	0.03081	0.00412	0.00329	0.00570
15	0.00512	0.00376	0.00462	0.00513	0.00563	0.00346	0.00346	0.00591	0.00816	0.01070	0.10046	0.50361	0.18777	0.12407	0.00712	0.00186	0.00246	0.00980	0.00366	0.00326
16	0.00559	0.00377	0.00493	0.00562	0.00611	0.00351	0.00392	0.00650	0.00826	0.03854	0.06096	0.66999	0.07234	0.01176	0.00504	0.00159	0.00241	0.05232	0.03334	0.00349
17	0.00930	0.05081	0.07481	0.16791	0.20151	0.10321	0.06987	0.02932	0.04409	0.01198	0.02877	0.08341	0.01994	0.01845	0.03277	0.00151	0.04050	0.00440	0.00232	0.00512
18	0.00952	0.01133	0.05545	0.01689	0.02106	0.01023	0.78625	0.01299	0.00954	0.01299	0.00817	0.01085	0.00612	0.00344	0.00475	0.00136	0.00681	0.00472	0.00204	0.00549
19	0.03218	0.02183	0.00680	0.00600	0.00746	0.00607	0.00460	0.16230	0.04968	0.03832	0.22468	0.20010	0.05439	0.00762	0.00424	0.00129	0.00268	0.00652	0.15876	0.00452
20	0.00504	0.00360	0.00476	0.00564	0.00592	0.00338	0.00381	0.00579	0.00785	0.01044	0.03554	0.77146	0.03997	0.04084	0.00570	0.00172	0.00244	0.03908	0.00373	0.00329
21	0.05826	0.08637	0.18358	0.04245	0.10252	0.07761	0.02940	0.08693	0.06820	0.03988	0.05846	0.09015	0.02388	0.00541	0.00410	0.00127	0.01582	0.01760	0.00275	0.00537
22	0.01031	0.75485	0.05081	0.00693	0.01024	0.01476	0.00692	0.01171	0.00829	0.00988	0.04033	0.00846	0.00700	0.04113	0.00353	0.00104	0.00428	0.00258	0.00188	0.00506
23	0.05523	0.00895	0.03943	0.04497	0.07109	0.04277	0.29344	0.05123	0.03713	0.05032	0.03236	0.01227	0.00837	0.00486	0.02522	0.00135	0.00487	0.00411	0.20691	0.00511
24	0.16934	0.19316	0.22376	0.04641	0.06140	0.10176	0.00920	0.05931	0.03053	0.02486	0.00727	0.00884	0.00582	0.00412	0.00361	0.00118	0.02395	0.01791	0.00221	0.00536
25	0.00533	0.00416	0.00480	0.00480	0.00586	0.00374	0.00355	0.00682	0.02636	0.01276	0.30846	0.12465	0.40133	0.04221	0.00545	0.00148	0.00218	0.02851	0.00396	0.00358
26	0.01847	0.06463	0.28255	0.01206	0.13270	0.01674	0.08243	0.09027	0.03020	0.06280	0.02799	0.03781	0.00765	0.00426	0.00387	0.00117	0.00484	0.00366	0.00250	0.11339

[dist]
# distance from previous block
# <min> <max>
1	5

[block]
# block no. 7 follows, 66 sequences, length 8
# corresponding to MSA columns:
# 1935-1942
name=unknown_H
#
# <colnr> <probs for GDERKNQSTAVLIFYWHMCP>
#	G	D	E	R	K	N	Q	S	T	A	V	L	I	F	Y	W	H	M	C	P
0	0.04054	0.23028	0.21752	0.02829	0.10328	0.04794	0.10674	0.06395	0.05543	0.01316	0.03180	0.02831	0.00737	0.00418	0.00370	0.00118	0.00504	0.00348	0.00225	0.00559
1	0.05906	0.05746	0.18713	0.15603	0.14670	0.03185	0.05224	0.05590	0.03032	0.03191	0.04143	0.05894	0.00865	0.02847	0.00456	0.00134	0.01888	0.00403	0.00238	0.02273
2	0.00705	0.00352	0.00529	0.00529	0.00529	0.00352	0.00352	0.00529	0.00529	0.00705	0.00705	0.01233	0.00705	0.01409	0.01586	0.88196	0.00352	0.00352	0.00176	0.00176
3	0.02803	0.00870	0.14077	0.02822	0.04860	0.00700	0.01960	0.07321	0.13218	0.04494	0.09151	0.08246	0.17003	0.00759	0.02069	0.00148	0.00372	0.06890	0.01742	0.00496
4	0.01100	0.09190	0.07513	0.05399	0.14082	0.18684	0.02337	0.03193	0.07492	0.07667	0.05056	0.01225	0.02434	0.05207	0.01949	0.00143	0.03721	0.00374	0.00261	0.02975
5	0.00808	0.00562	0.00724	0.00714	0.05448	0.00540	0.02096	0.07015	0.05446	0.09804	0.23573	0.16232	0.16481	0.04245	0.00527	0.00146	0.00284	0.02636	0.00390	0.02328
6	0.00520	0.00374	0.00469	0.00535	0.00570	0.00351	0.00360	0.00587	0.00765	0.01004	0.02245	0.56005	0.11021	0.17669	0.00817	0.00208	0.00271	0.05559	0.00351	0.00317
7	0.03430	0.02858	0.09847	0.06665	0.17924	0.04379	0.07929	0.03220	0.08552	0.03041	0.03646	0.07825	0.08247	0.02558	0.02250	0.00151	0.02765	0.03924	0.00273	0.00515

[dist]
# distance from previous block
# <min> <max>
4	9

[block]
# block no. 8 follows, 66 sequences, length 6
# corresponding to MSA columns:
# 1952-1957
name=unknown_I
#
# <colnr> <probs for GDERKNQSTAVLIFYWHMCP>
#	G	D	E	R	K	N	Q	S	T	A	V	L	I	F	Y	W	H	M	C	P
0	0.00730	0.00688	0.03386	0.05146	0.04647	0.06178	0.00557	0.06084	0.03491	0.01279	0.16715	0.07044	0.27641	0.04302	0.06789	0.00183	0.03755	0.00638	0.00331	0.00419
1	0.00842	0.05372	0.10847	0.03545	0.05553	0.05712	0.03138	0.09152	0.02951	0.01413	0.21092	0.04153	0.15776	0.00650	0.00465	0.00126	0.04135	0.00537	0.00316	0.04223
2	0.05512	0.09268	0.00904	0.00762	0.04628	0.14293	0.00560	0.07011	0.00955	0.01237	0.04907	0.23106	0.09685	0.00908	0.07001	0.00165	0.00435	0.00589	0.00296	0.07778
3	0.04484	0.27526	0.04919	0.04377	0.03777	0.10271	0.02850	0.10098	0.02682	0.01262	0.04903	0.01250	0.02933	0.05248	0.02683	0.00146	0.06743	0.03106	0.00244	0.00497
4	0.03912	0.00498	0.00587	0.00557	0.00707	0.00460	0.00419	0.01007	0.06622	0.17975	0.09074	0.25038	0.29744	0.00914	0.00462	0.00141	0.00253	0.00785	0.00406	0.00437
5	0.01009	0.05430	0.04903	0.21001	0.37743	0.02933	0.05025	0.03738	0.00957	0.07370	0.05339	0.01134	0.00807	0.00412	0.00402	0.00124	0.00487	0.00378	0.00236	0.00572

[dist]
# distance from previous block
# <min> <max>
1	12

[block]
# block no. 9 follows, 66 sequences, length 6
# corresponding to MSA columns:
# 1971-1976
name=unknown_J
#
# <colnr> <probs for GDERKNQSTAVLIFYWHMCP>
#	G	D	E	R	K	N	Q	S	T	A	V	L	I	F	Y	W	H	M	C	P
0	0.18362	0.08148	0.01088	0.00840	0.01103	0.22017	0.00675	0.21848	0.19071	0.01700	0.00922	0.00944	0.00705	0.00451	0.00355	0.00119	0.00464	0.00319	0.00309	0.00561
1	0.00542	0.00394	0.00520	0.00566	0.00613	0.00397	0.00402	0.00631	0.00738	0.00988	0.01945	0.36987	0.09406	0.15635	0.22575	0.00328	0.00490	0.06203	0.00313	0.00328
2	0.01143	0.74651	0.01994	0.00742	0.01070	0.12731	0.00706	0.01269	0.00868	0.00960	0.00573	0.00662	0.00521	0.00357	0.00275	0.00089	0.00474	0.00223	0.00178	0.00514
3	0.00531	0.00401	0.00459	0.00469	0.00540	0.00375	0.00320	0.00607	0.00788	0.01009	0.07482	0.13510	0.34689	0.27959	0.08839	0.00269	0.00350	0.00763	0.00325	0.00315
4	0.01039	0.00820	0.01242	0.33560	0.18278	0.00918	0.00974	0.07604	0.00946	0.12347	0.00844	0.01056	0.00639	0.00447	0.00514	0.00130	0.11111	0.00358	0.00250	0.06923
5	0.01063	0.01326	0.07772	0.11921	0.01899	0.22438	0.40571	0.01331	0.00963	0.01169	0.00736	0.00971	0.00570	0.00392	0.00479	0.00130	0.05167	0.00388	0.00199	0.00514

[dist]
# distance from previous block
# <min> <max>
0	1

[block]
# block no. 10 follows, 66 sequences, length 52
# corresponding to MSA columns:
# 1978-2029
name=unknown_K
#
# <colnr> <probs for GDERKNQSTAVLIFYWHMCP>
#	G	D	E	R	K	N	Q	S	T	A	V	L	I	F	Y	W	H	M	C	P
0	0.00643	0.00528	0.00703	0.00688	0.00761	0.04316	0.00536	0.00781	0.00675	0.00952	0.01039	0.01527	0.00970	0.03890	0.73164	0.00588	0.06033	0.00424	0.01414	0.00371
1	0.00542	0.00406	0.00497	0.00488	0.00582	0.00367	0.00357	0.00689	0.01025	0.01389	0.50385	0.12387	0.23641	0.04756	0.00555	0.00146	0.00209	0.00805	0.00412	0.00361
2	0.01003	0.00968	0.01668	0.02468	0.80858	0.00966	0.03580	0.01247	0.00925	0.01325	0.00765	0.01007	0.00642	0.00361	0.00404	0.00121	0.00488	0.00365	0.00201	0.00640
3	0.00492	0.00397	0.00436	0.00456	0.00561	0.00343	0.00329	0.00593	0.00902	0.01118	0.09764	0.23313	0.56400	0.02386	0.00513	0.00147	0.00214	0.00914	0.00380	0.00341
4	0.01004	0.00964	0.01647	0.02490	0.83211	0.00964	0.01245	0.01245	0.00924	0.01325	0.00763	0.01004	0.00643	0.00361	0.00402	0.00120	0.00482	0.00361	0.00201	0.00643
5	0.00820	0.00775	0.01304	0.59863	0.24201	0.00899	0.01130	0.01077	0.00845	0.01116	0.00850	0.01159	0.03426	0.00415	0.00407	0.00131	0.00513	0.00378	0.00193	0.00498
6	0.00494	0.00405	0.00435	0.00441	0.00560	0.00347	0.00326	0.00605	0.00939	0.01161	0.14542	0.12452	0.63834	0.01027	0.00483	0.00139	0.00207	0.00871	0.00386	0.00347
7	0.02790	0.04940	0.04371	0.00659	0.00898	0.01860	0.00541	0.10084	0.04148	0.07948	0.01291	0.16880	0.03178	0.03644	0.04210	0.00144	0.00363	0.00494	0.06882	0.24673
8	0.88607	0.00785	0.00596	0.00534	0.00785	0.00910	0.00439	0.01193	0.00690	0.01820	0.00565	0.00659	0.00439	0.00377	0.00251	0.00126	0.00314	0.00220	0.00251	0.00439
9	0.63950	0.02564	0.00742	0.00608	0.00876	0.02754	0.00502	0.06893	0.00868	0.15878	0.00773	0.00806	0.00557	0.00406	0.00291	0.00124	0.00340	0.00263	0.00302	0.00502
10	0.02339	0.05571	0.03527	0.04856	0.23395	0.06360	0.02606	0.25576	0.08946	0.01662	0.03377	0.02619	0.02525	0.02828	0.00461	0.00131	0.01937	0.00397	0.00295	0.00592
11	0.00595	0.00480	0.00533	0.00482	0.00653	0.00400	0.00366	0.01697	0.00947	0.02414	0.14642	0.08099	0.48873	0.00861	0.00446	0.00122	0.00228	0.00727	0.00363	0.17070
12	0.01051	0.04340	0.31954	0.05149	0.11668	0.03159	0.05884	0.17714	0.03693	0.04478	0.00904	0.03985	0.00710	0.00456	0.00421	0.00128	0.02268	0.01186	0.00255	0.00597
13	0.01115	0.44223	0.07725	0.00933	0.01260	0.05694	0.11031	0.09553	0.00968	0.03753	0.00720	0.00893	0.00608	0.00421	0.00420	0.00112	0.07667	0.02148	0.00218	0.00540
14	0.01286	0.00987	0.01050	0.00855	0.01130	0.01103	0.00690	0.47444	0.30588	0.02161	0.01322	0.01276	0.03290	0.00525	0.00405	0.00127	0.00383	0.00413	0.04316	0.00649
15	0.04072	0.02944	0.27551	0.06161	0.16174	0.04458	0.05526	0.05650	0.00929	0.06754	0.00861	0.01137	0.00691	0.02632	0.02446	0.00150	0.06958	0.03181	0.01166	0.00558
16	0.00643	0.00449	0.00576	0.00568	0.00649	0.00457	0.00415	0.02947	0.02666	0.04119	0.16201	0.13238	0.09538	0.18575	0.24260	0.00336	0.00511	0.03163	0.00324	0.00364
17	0.00519	0.00404	0.00469	0.00481	0.00581	0.00358	0.00354	0.00641	0.00951	0.01227	0.25146	0.17888	0.41589	0.03304	0.00532	0.00148	0.00219	0.04444	0.00392	0.00350
18	0.02452	0.33145	0.08564	0.00941	0.03101	0.28707	0.03930	0.03871	0.00966	0.01107	0.00651	0.00772	0.00549	0.00398	0.00374	0.00104	0.04479	0.00269	0.02745	0.02875
19	0.88607	0.00785	0.00596	0.00534	0.00785	0.00910	0.00439	0.01193	0.00690	0.01820	0.00565	0.00659	0.00439	0.00377	0.00251	0.00126	0.00314	0.00220	0.00251	0.00439
20	0.00521	0.00397	0.00480	0.00499	0.00588	0.00356	0.00363	0.00647	0.00958	0.01264	0.30631	0.27638	0.30028	0.01034	0.00493	0.00143	0.00214	0.02993	0.00401	0.00353
21	0.00589	0.00414	0.00508	0.00488	0.00572	0.00382	0.00347	0.00721	0.00984	0.03179	0.49346	0.05960	0.14932	0.18860	0.00815	0.00187	0.00241	0.00729	0.00393	0.00353
22	0.00609	0.00417	0.00513	0.00524	0.00563	0.00422	0.00358	0.00669	0.00683	0.02119	0.01573	0.02850	0.06873	0.53135	0.14376	0.00381	0.00484	0.12881	0.00273	0.00296
23	0.03199	0.01043	0.01116	0.00889	0.01187	0.01160	0.00724	0.56316	0.22733	0.05596	0.01167	0.01124	0.00840	0.00502	0.00405	0.00126	0.00407	0.00388	0.00408	0.00672
24	0.01030	0.00981	0.01667	0.02363	0.74175	0.00983	0.05881	0.05518	0.00978	0.01389	0.00778	0.01008	0.00644	0.00367	0.00406	0.00122	0.00492	0.00368	0.00212	0.00640
25	0.10885	0.05534	0.01010	0.00859	0.02888	0.33039	0.00654	0.08827	0.09922	0.08171	0.03409	0.05316	0.04582	0.00519	0.00375	0.00118	0.00485	0.00387	0.02509	0.00513
26	0.00523	0.00400	0.00479	0.00529	0.00587	0.01646	0.00365	0.00616	0.00860	0.01126	0.14663	0.52213	0.18716	0.04600	0.00565	0.00162	0.00237	0.00995	0.00379	0.00339
27	0.01170	0.20733	0.01203	0.00683	0.01027	0.00879	0.00585	0.09988	0.01016	0.17789	0.00887	0.00919	0.00672	0.00372	0.00324	0.00086	0.00356	0.00282	0.00295	0.40733
28	0.02787	0.00652	0.00731	0.00681	0.00820	0.01749	0.00513	0.27524	0.01155	0.01570	0.01698	0.40044	0.03776	0.05843	0.01394	0.00164	0.00334	0.03904	0.04209	0.00453
29	0.00987	0.00946	0.01615	0.08563	0.77275	0.00959	0.01236	0.01230	0.00915	0.01304	0.00760	0.01010	0.00635	0.00365	0.00402	0.00122	0.00486	0.00361	0.00199	0.00628
30	0.04439	0.02831	0.01181	0.13775	0.08962	0.05812	0.02687	0.25378	0.23176	0.03563	0.01061	0.01126	0.00796	0.00509	0.01712	0.00136	0.01550	0.00379	0.00324	0.00599
31	0.00652	0.00466	0.00651	0.00742	0.00835	0.00465	0.00648	0.00839	0.00939	0.01223	0.03899	0.04543	0.02367	0.01114	0.00559	0.00186	0.00370	0.78753	0.00375	0.00374
32	0.01033	0.00828	0.00994	0.04160	0.01142	0.02947	0.04114	0.14275	0.01049	0.06822	0.00859	0.01905	0.00686	0.00376	0.00345	0.00085	0.00366	0.01473	0.00283	0.56260
33	0.00976	0.02984	0.01299	0.48974	0.07366	0.00985	0.05670	0.18079	0.02898	0.02497	0.02579	0.01122	0.00688	0.01662	0.00432	0.00134	0.00506	0.00379	0.00246	0.00524
34	0.00923	0.05214	0.08551	0.09283	0.14658	0.06088	0.00825	0.05387	0.10050	0.03194	0.05416	0.05574	0.01060	0.04440	0.07412	0.00183	0.05347	0.01545	0.04340	0.00509
