[name]
unknown

[dist]
# distance from previous block
# <min> <max>
10	130

[block]
# block no. 0 follows, 72 sequences, length 23
# corresponding to MSA columns:
# 178-200
name=unknown_A
#
# <colnr> <probs for GDERKNQSTAVLIFYWHMCP>
#	G	D	E	R	K	N	Q	S	T	A	V	L	I	F	Y	W	H	M	C	P
0	0.13572	0.06669	0.05338	0.01831	0.02120	0.05033	0.04213	0.18788	0.06272	0.10831	0.02007	0.08624	0.02468	0.00497	0.00392	0.00116	0.03997	0.00390	0.00299	0.06543
1	0.08099	0.03544	0.02232	0.00748	0.02129	0.05801	0.03449	0.17180	0.04439	0.21085	0.02430	0.03646	0.03943	0.09366	0.03951	0.00164	0.03619	0.02348	0.00325	0.01502
2	0.13640	0.01789	0.03351	0.04143	0.04663	0.03924	0.02909	0.15177	0.02914	0.05620	0.04324	0.12978	0.05185	0.09200	0.05673	0.00177	0.02074	0.00481	0.00290	0.01489
3	0.13828	0.15583	0.06358	0.03257	0.02446	0.03609	0.02521	0.25772	0.13745	0.04464	0.00867	0.00915	0.00658	0.01459	0.00352	0.00113	0.00397	0.00308	0.00287	0.03061
4	0.03684	0.04845	0.01966	0.14485	0.07818	0.08569	0.02182	0.25940	0.07655	0.05255	0.01837	0.01934	0.03904	0.00445	0.00384	0.00113	0.02320	0.00353	0.00284	0.06029
5	0.18004	0.05385	0.00842	0.00715	0.04176	0.09629	0.04155	0.05483	0.01620	0.04738	0.03458	0.16124	0.04202	0.06408	0.02515	0.00142	0.00372	0.00462	0.00270	0.11301
6	0.00643	0.02677	0.00576	0.00534	0.00596	0.00494	0.00375	0.08606	0.01718	0.01075	0.06482	0.25272	0.03013	0.33169	0.04700	0.00244	0.02922	0.02748	0.03829	0.00330
7	0.03752	0.04441	0.01181	0.07501	0.11279	0.14227	0.05881	0.17967	0.10253	0.03540	0.01864	0.03175	0.00729	0.01633	0.00472	0.00122	0.08566	0.00355	0.00263	0.02799
8	0.00544	0.00395	0.00563	0.00569	0.00625	0.00445	0.00426	0.00658	0.00615	0.00884	0.01113	0.06761	0.01103	0.14273	0.65654	0.00531	0.00850	0.00465	0.03205	0.00322
9	0.00990	0.04260	0.04043	0.01222	0.19038	0.19061	0.10267	0.03466	0.18701	0.01263	0.07457	0.05613	0.01018	0.00471	0.00395	0.00117	0.01433	0.00409	0.00262	0.00515
10	0.00749	0.00502	0.00597	0.00541	0.00687	0.00486	0.00421	0.06551	0.07068	0.11660	0.25916	0.05093	0.27726	0.01920	0.04830	0.00154	0.01226	0.03080	0.00379	0.00416
11	0.01439	0.04024	0.02822	0.00726	0.01006	0.00784	0.00610	0.27713	0.02607	0.43324	0.08536	0.01288	0.01060	0.01779	0.00404	0.00119	0.00349	0.00390	0.00413	0.00605
12	0.00641	0.02921	0.03009	0.00508	0.00644	0.00422	0.00404	0.00807	0.01000	0.07347	0.56892	0.05101	0.11047	0.02949	0.00466	0.00123	0.00219	0.00637	0.00384	0.04478
13	0.01556	0.00686	0.00962	0.00741	0.01025	0.00623	0.05544	0.08417	0.01104	0.67472	0.01401	0.03437	0.00933	0.00567	0.03573	0.00137	0.00373	0.00401	0.00432	0.00617
14	0.00550	0.00390	0.00525	0.00525	0.00566	0.00428	0.00371	0.00633	0.00592	0.00838	0.01093	0.01882	0.01120	0.36067	0.49731	0.00499	0.00735	0.00463	0.02698	0.00296
15	0.00961	0.01034	0.08960	0.01304	0.03963	0.03382	0.47781	0.06554	0.04529	0.07228	0.02807	0.04513	0.02203	0.00418	0.00444	0.00126	0.02584	0.00445	0.00243	0.00521
16	0.01051	0.00666	0.00814	0.00594	0.00919	0.00521	0.00481	0.01214	0.00873	0.25363	0.00912	0.00932	0.00671	0.00335	0.00310	0.00074	0.00293	0.00270	0.00296	0.63411
17	0.00939	0.00901	0.01539	0.02328	0.84306	0.00901	0.01164	0.01164	0.00864	0.01239	0.00713	0.00939	0.00601	0.00338	0.00375	0.00113	0.00451	0.00338	0.00188	0.00601
18	0.01035	0.59594	0.08890	0.00764	0.03414	0.06395	0.00723	0.02841	0.05928	0.03836	0.00656	0.00723	0.00551	0.00350	0.00280	0.00090	0.00424	0.00239	0.00195	0.03071
19	0.00716	0.00674	0.01138	0.85760	0.02612	0.00843	0.01053	0.00969	0.00758	0.00969	0.00674	0.01011	0.00506	0.00379	0.00379	0.00126	0.00506	0.00337	0.00169	0.00421
20	0.03938	0.13780	0.19191	0.04215	0.05610	0.08032	0.02074	0.14120	0.07733	0.01331	0.02364	0.08201	0.00835	0.03907	0.00418	0.00123	0.00437	0.00377	0.00247	0.03069
21	0.04243	0.31488	0.18768	0.01044	0.14189	0.02391	0.04144	0.04003	0.00828	0.01145	0.00664	0.02806	0.00566	0.00365	0.00338	0.00100	0.02634	0.00282	0.00189	0.09813
22	0.07396	0.12091	0.07138	0.00894	0.05342	0.09091	0.06541	0.17824	0.04290	0.03766	0.04595	0.03217	0.02675	0.00463	0.00381	0.00111	0.02896	0.03404	0.00268	0.07617

[dist]
# distance from previous block
# <min> <max>
0	29

[block]
# block no. 1 follows, 72 sequences, length 15
# corresponding to MSA columns:
# 233-247
name=unknown_B
#
# <colnr> <probs for GDERKNQSTAVLIFYWHMCP>
#	G	D	E	R	K	N	Q	S	T	A	V	L	I	F	Y	W	H	M	C	P
0	0.06590	0.03960	0.08250	0.00973	0.10445	0.04431	0.04916	0.21306	0.01149	0.23448	0.07435	0.01118	0.00899	0.00437	0.00369	0.00113	0.00401	0.00358	0.00328	0.03074
1	0.02368	0.00847	0.06558	0.03423	0.04715	0.13718	0.03367	0.06073	0.06282	0.01167	0.05612	0.25246	0.07632	0.02649	0.04439	0.00155	0.02834	0.00593	0.00284	0.02039
2	0.02715	0.14305	0.08620	0.14510	0.04820	0.02658	0.08099	0.06028	0.04094	0.02839	0.01056	0.16585	0.01015	0.02126	0.05962	0.00159	0.00461	0.03253	0.00242	0.00454
3	0.01268	0.00950	0.01034	0.00798	0.01089	0.01007	0.00651	0.63783	0.01546	0.02103	0.00945	0.06294	0.00748	0.00472	0.00369	0.00106	0.00382	0.00368	0.00351	0.15738
4	0.02509	0.00727	0.03576	0.00683	0.05083	0.03152	0.00523	0.01020	0.00819	0.07528	0.02289	0.08311	0.00806	0.00393	0.00317	0.00078	0.00307	0.00326	0.00253	0.61299
5	0.01022	0.00844	0.00896	0.00782	0.01006	0.00963	0.00614	0.18053	0.63876	0.01720	0.01441	0.04887	0.01113	0.00531	0.00389	0.00127	0.00320	0.00439	0.00383	0.00597
6	0.89350	0.00733	0.00557	0.00499	0.00733	0.00851	0.00411	0.01115	0.00645	0.01702	0.00528	0.00616	0.00411	0.00352	0.00235	0.00117	0.00293	0.00205	0.00235	0.00411
7	0.00761	0.01962	0.84707	0.01081	0.01641	0.00881	0.01401	0.01201	0.00801	0.01201	0.00681	0.00801	0.00480	0.00360	0.00360	0.00120	0.00560	0.00280	0.00160	0.00560
8	0.01014	0.86900	0.01987	0.00649	0.00973	0.01501	0.00649	0.01136	0.00771	0.00892	0.00527	0.00608	0.00487	0.00324	0.00243	0.00081	0.00406	0.00203	0.00162	0.00487
9	0.01439	0.01647	0.01068	0.00945	0.01158	0.70308	0.00719	0.10171	0.01151	0.06965	0.00685	0.00751	0.00537	0.00403	0.00349	0.00101	0.00630	0.00264	0.00234	0.00476
10	0.00555	0.00387	0.00536	0.00549	0.00597	0.00417	0.00395	0.00645	0.00632	0.02827	0.01292	0.19440	0.01372	0.21629	0.46454	0.00448	0.00685	0.00579	0.00247	0.00315
11	0.00541	0.00371	0.00420	0.00417	0.00437	0.00363	0.00247	0.00567	0.00629	0.00836	0.09338	0.02618	0.08895	0.70912	0.01658	0.00323	0.00334	0.00586	0.00259	0.00250
12	0.00575	0.00445	0.00593	0.00601	0.04139	0.00437	0.02344	0.00734	0.02061	0.01244	0.35021	0.06299	0.18385	0.05866	0.05581	0.00169	0.03663	0.05780	0.05704	0.00358
13	0.19741	0.00815	0.00918	0.04171	0.01062	0.00877	0.02801	0.25895	0.13748	0.21138	0.04332	0.01097	0.00851	0.00452	0.00355	0.00119	0.00352	0.00352	0.00359	0.00565
14	0.02210	0.03341	0.05265	0.01942	0.06446	0.05812	0.02928	0.16678	0.03553	0.11090	0.08955	0.06435	0.05404	0.01969	0.06207	0.00153	0.01347	0.03155	0.00311	0.06797

[dist]
# distance from previous block
# <min> <max>
0	15

[block]
# block no. 2 follows, 72 sequences, length 36
# corresponding to MSA columns:
# 263-298
name=unknown_C
#
# <colnr> <probs for GDERKNQSTAVLIFYWHMCP>
#	G	D	E	R	K	N	Q	S	T	A	V	L	I	F	Y	W	H	M	C	P
0	0.00617	0.00448	0.00528	0.00516	0.00628	0.00432	0.00382	0.00869	0.12620	0.05805	0.24873	0.21472	0.25165	0.02381	0.01387	0.00140	0.00229	0.00747	0.00377	0.00384
1	0.01059	0.00544	0.00756	0.10965	0.01001	0.00539	0.00542	0.02777	0.00872	0.35954	0.02526	0.03326	0.07567	0.08675	0.19636	0.01521	0.00493	0.00446	0.00333	0.00469
2	0.00891	0.00458	0.00588	0.00536	0.00663	0.00419	0.00396	0.01013	0.02070	0.26962	0.18263	0.18798	0.06836	0.16304	0.00698	0.00171	0.00271	0.01756	0.02493	0.00415
3	0.76246	0.00720	0.00606	0.00525	0.00769	0.00807	0.00433	0.01224	0.00711	0.14091	0.00673	0.00717	0.00490	0.00370	0.00257	0.00117	0.00298	0.00232	0.00270	0.00446
4	0.00537	0.00388	0.00507	0.00477	0.00567	0.00358	0.00358	0.00716	0.01074	0.01521	0.84106	0.02833	0.03578	0.00775	0.00447	0.00119	0.00179	0.00686	0.00417	0.00358
5	0.01392	0.00588	0.00775	0.00630	0.00860	0.00526	0.00499	0.01561	0.05090	0.61547	0.01623	0.09180	0.04638	0.08629	0.00539	0.00145	0.00311	0.00480	0.00427	0.00560
6	0.01014	0.86900	0.01987	0.00649	0.00973	0.01501	0.00649	0.01136	0.00771	0.00892	0.00527	0.00608	0.00487	0.00324	0.00243	0.00081	0.00406	0.00203	0.00162	0.00487
7	0.89350	0.00733	0.00557	0.00499	0.00733	0.00851	0.00411	0.01115	0.00645	0.01702	0.00528	0.00616	0.00411	0.00352	0.00235	0.00117	0.00293	0.00205	0.00235	0.00411
8	0.00534	0.00388	0.00503	0.00474	0.00565	0.00357	0.00355	0.00710	0.01066	0.01504	0.81315	0.02861	0.06380	0.00782	0.00447	0.00120	0.00179	0.00690	0.00415	0.00357
9	0.89350	0.00733	0.00557	0.00499	0.00733	0.00851	0.00411	0.01115	0.00645	0.01702	0.00528	0.00616	0.00411	0.00352	0.00235	0.00117	0.00293	0.00205	0.00235	0.00411
10	0.89350	0.00733	0.00557	0.00499	0.00733	0.00851	0.00411	0.01115	0.00645	0.01702	0.00528	0.00616	0.00411	0.00352	0.00235	0.00117	0.00293	0.00205	0.00235	0.00411
11	0.00645	0.00339	0.00508	0.00508	0.00516	0.00347	0.00347	0.00516	0.00508	0.00686	0.00702	0.01194	0.00694	0.01503	0.11667	0.78212	0.00413	0.00339	0.00169	0.00186
12	0.01349	0.00752	0.00860	0.00687	0.00940	0.04243	0.00557	0.22416	0.03425	0.40455	0.07550	0.01602	0.12338	0.00552	0.00393	0.00118	0.00334	0.00445	0.00413	0.00571
13	0.00838	0.06690	0.62444	0.01045	0.01504	0.05214	0.03530	0.02351	0.00813	0.02108	0.00680	0.00839	0.00512	0.00397	0.00440	0.00122	0.08551	0.01213	0.00172	0.00535
14	0.00888	0.00678	0.01093	0.04823	0.01128	0.00743	0.15706	0.01042	0.00803	0.15762	0.01298	0.15019	0.04624	0.00722	0.01865	0.00152	0.23478	0.09450	0.00282	0.00444
15	0.86387	0.00770	0.00575	0.00515	0.00748	0.03692	0.00422	0.01128	0.00660	0.01676	0.00530	0.00618	0.00413	0.00353	0.00238	0.00117	0.00307	0.00207	0.00233	0.00412
16	0.00549	0.00416	0.00584	0.00574	0.00637	0.00467	0.00435	0.00670	0.00674	0.00955	0.11899	0.01862	0.05505	0.12296	0.56690	0.00475	0.04265	0.00476	0.00240	0.00330
17	0.01034	0.82676	0.01942	0.00665	0.00983	0.05653	0.00653	0.01154	0.00786	0.00894	0.00530	0.00612	0.00487	0.00328	0.00248	0.00082	0.00419	0.00205	0.00164	0.00484
18	0.01342	0.00953	0.01031	0.00796	0.01081	0.01030	0.00654	0.66669	0.01597	0.05687	0.00951	0.00966	0.00683	0.00443	0.00362	0.00108	0.00382	0.00337	0.08651	0.06278
19	0.01404	0.01006	0.01090	0.00847	0.01139	0.01106	0.00696	0.70512	0.08016	0.07339	0.01014	0.02346	0.00732	0.00472	0.00382	0.00116	0.00399	0.00362	0.00385	0.00636
20	0.01392	0.10663	0.06696	0.00667	0.00957	0.00660	0.00594	0.01552	0.01003	0.57875	0.04350	0.01440	0.08229	0.00532	0.01550	0.00121	0.00342	0.00401	0.00397	0.00579
21	0.00467	0.00381	0.00389	0.00389	0.00495	0.00329	0.00278	0.00546	0.00808	0.00973	0.03367	0.03440	0.69289	0.16351	0.00714	0.00171	0.00224	0.00756	0.00330	0.00304
22	0.01415	0.01043	0.01119	0.00863	0.01159	0.01153	0.00711	0.80816	0.01755	0.02352	0.00942	0.03217	0.00695	0.00475	0.00382	0.00115	0.00412	0.00361	0.00379	0.00636
23	0.00811	0.00724	0.01131	0.58277	0.02115	0.00876	0.04262	0.11632	0.00871	0.01147	0.00734	0.01065	0.00581	0.03765	0.04706	0.00160	0.06149	0.00353	0.00201	0.00442
24	0.00865	0.01545	0.55983	0.03506	0.10176	0.00844	0.01189	0.06581	0.00888	0.06612	0.03358	0.00957	0.00653	0.00508	0.04577	0.00143	0.00534	0.00317	0.00208	0.00555
25	0.00470	0.00335	0.00436	0.00514	0.00536	0.00314	0.00339	0.00531	0.00713	0.00948	0.02045	0.76763	0.04179	0.09188	0.00619	0.00173	0.00233	0.01023	0.00341	0.00301
26	0.00915	0.00478	0.00517	0.00461	0.00602	0.00483	0.00360	0.09127	0.04037	0.12123	0.01250	0.01349	0.00943	0.00449	0.00296	0.00096	0.00224	0.00359	0.65506	0.00429
27	0.02938	0.07698	0.07890	0.08448	0.20869	0.07197	0.01997	0.07674	0.04009	0.14731	0.00875	0.03666	0.00691	0.00444	0.00454	0.00119	0.09160	0.00348	0.00255	0.00538
28	0.01132	0.00868	0.10148	0.04083	0.07011	0.00774	0.03732	0.17173	0.06551	0.23510	0.01877	0.01221	0.02155	0.02477	0.10746	0.00183	0.02202	0.00377	0.03231	0.00549
29	0.00622	0.00444	0.00566	0.00604	0.00707	0.00429	0.00496	0.04805	0.00910	0.03418	0.06348	0.15987	0.19425	0.00992	0.00487	0.00155	0.00291	0.42594	0.00358	0.00360
30	0.12816	0.02942	0.06138	0.09324	0.21805	0.01658	0.04194	0.12435	0.07462	0.12865	0.00931	0.04210	0.00723	0.00425	0.00362	0.00118	0.00408	0.00359	0.00277	0.00549
31	0.01719	0.14399	0.30351	0.04241	0.06267	0.06739	0.05698	0.11954	0.04518	0.03129	0.00817	0.00967	0.01813	0.00449	0.01895	0.00123	0.02213	0.01955	0.00220	0.00534
32	0.03421	0.01357	0.03169	0.06090	0.01557	0.01391	0.03025	0.01546	0.01921	0.03907	0.03993	0.18302	0.15086	0.16248	0.11649	0.00238	0.02428	0.04036	0.00282	0.00355
33	0.01084	0.00765	0.00786	0.00676	0.00837	0.10933	0.00512	0.13570	0.08222	0.19312	0.02940	0.01528	0.01022	0.23773	0.08412	0.00228	0.03108	0.00415	0.01415	0.00461
34	0.00909	0.04023	0.22205	0.04559	0.04022	0.08146	0.01639	0.06804	0.12868	0.07452	0.05271	0.14696	0.01158	0.02441	0.00425	0.00129	0.00414	0.02057	0.00284	0.00499
35	0.11833	0.02408	0.09645	0.02907	0.09939	0.09438	0.03847	0.14180	0.07640	0.10187	0.01021	0.05280	0.03100	0.01333	0.01230	0.00127	0.03841	0.01241	0.00281	0.00521

[dist]
# distance from previous block
# <min> <max>
0	19

[block]
# block no. 3 follows, 72 sequences, length 34
# corresponding to MSA columns:
# 318-351
name=unknown_D
#
# <colnr> <probs for GDERKNQSTAVLIFYWHMCP>
#	G	D	E	R	K	N	Q	S	T	A	V	L	I	F	Y	W	H	M	C	P
0	0.03967	0.07147	0.05987	0.00904	0.07235	0.04851	0.03242	0.24916	0.04635	0.08873	0.04154	0.06233	0.02747	0.00498	0.00415	0.00115	0.04908	0.01491	0.00301	0.07382
1	0.03258	0.00536	0.00603	0.00586	0.01675	0.03114	0.01779	0.05744	0.08035	0.02436	0.03779	0.30855	0.13319	0.07862	0.01344	0.00151	0.00284	0.01696	0.06563	0.06384
2	0.06705	0.07738	0.04953	0.02711	0.01086	0.06114	0.01894	0.21244	0.24112	0.03744	0.00999	0.02752	0.00777	0.00495	0.01946	0.00122	0.03700	0.00346	0.00303	0.08259
3	0.00806	0.00661	0.00759	0.00567	0.00870	0.02086	0.00448	0.00963	0.00803	0.04951	0.00908	0.06935	0.03309	0.00376	0.00306	0.00069	0.00283	0.00310	0.00248	0.74341
4	0.00861	0.03228	0.01369	0.05685	0.53596	0.03884	0.06825	0.01062	0.00839	0.01152	0.00943	0.10355	0.02338	0.00573	0.04453	0.00142	0.00470	0.01490	0.00210	0.00524
5	0.01779	0.16937	0.17108	0.01158	0.10882	0.04261	0.20064	0.06717	0.03701	0.02925	0.02302	0.01057	0.03427	0.02296	0.03652	0.00137	0.00511	0.00356	0.00216	0.00516
6	0.00541	0.00368	0.00463	0.00514	0.00574	0.00341	0.00359	0.00646	0.02689	0.04987	0.04284	0.62085	0.14803	0.01069	0.00464	0.00145	0.00222	0.02004	0.03105	0.00336
7	0.00464	0.00342	0.00435	0.00509	0.00550	0.00313	0.00348	0.00537	0.00752	0.00982	0.02374	0.70819	0.15825	0.01147	0.00479	0.00150	0.00219	0.03091	0.00352	0.00311
8	0.02976	0.26803	0.14501	0.07800	0.04049	0.05596	0.03324	0.11097	0.07446	0.07624	0.02784	0.00948	0.01633	0.00400	0.00334	0.00107	0.00436	0.00308	0.01307	0.00527
9	0.00895	0.06271	0.15362	0.01807	0.06268	0.05551	0.01903	0.07446	0.02139	0.10183	0.04344	0.14095	0.03429	0.02461	0.06453	0.01274	0.03789	0.05586	0.00279	0.00468
10	0.07933	0.00699	0.00886	0.00685	0.00975	0.00649	0.00565	0.11008	0.01133	0.69325	0.01361	0.01200	0.00868	0.00459	0.00371	0.00117	0.00331	0.00364	0.00442	0.00629
11	0.00551	0.00386	0.00516	0.00516	0.00550	0.00420	0.00357	0.00613	0.00579	0.00806	0.01084	0.01929	0.01133	0.40988	0.43960	0.03955	0.00694	0.00469	0.00214	0.00282
12	0.02311	0.08358	0.11555	0.08116	0.17757	0.12791	0.08677	0.07553	0.06875	0.07773	0.00834	0.01830	0.00647	0.00459	0.02729	0.00127	0.00503	0.00334	0.00236	0.00534
13	0.00965	0.05027	0.11305	0.04820	0.34307	0.03976	0.08153	0.05371	0.05781	0.06170	0.00820	0.00992	0.00648	0.00559	0.06556	0.00152	0.03284	0.00344	0.00222	0.00550
14	0.00491	0.00386	0.00444	0.00434	0.00542	0.00339	0.00326	0.00624	0.00955	0.01245	0.39277	0.04746	0.45592	0.00884	0.00450	0.00125	0.00190	0.02233	0.00381	0.00337
15	0.00769	0.00729	0.03489	0.08743	0.32530	0.00702	0.09633	0.02553	0.02740	0.02190	0.07202	0.23464	0.02398	0.00610	0.00418	0.00128	0.00390	0.00575	0.00259	0.00478
16	0.01058	0.09437	0.20276	0.02739	0.14590	0.17714	0.09901	0.11164	0.03477	0.02939	0.00773	0.00903	0.01498	0.01441	0.00382	0.00114	0.00524	0.00317	0.00218	0.00534
17	0.01111	0.33776	0.20279	0.00883	0.02920	0.06800	0.03180	0.20353	0.01055	0.05288	0.00712	0.00778	0.00549	0.00375	0.00323	0.00102	0.00465	0.00274	0.00231	0.00548
18	0.33584	0.00923	0.10682	0.01029	0.19637	0.00807	0.02237	0.05217	0.00805	0.01462	0.00643	0.00770	0.00510	0.00339	0.00302	0.00103	0.00369	0.00259	0.00220	0.20101
19	0.00748	0.02935	0.09328	0.02353	0.25818	0.00692	0.06698	0.03135	0.05358	0.02211	0.05640	0.06040	0.26265	0.00604	0.00407	0.00122	0.00362	0.00535	0.00272	0.00476
20	0.00582	0.00398	0.00522	0.00485	0.00582	0.00366	0.00366	0.00760	0.01074	0.04769	0.80875	0.02773	0.03475	0.00763	0.00445	0.00119	0.00185	0.00674	0.00420	0.00369
21	0.00861	0.04158	0.32502	0.01629	0.36296	0.02122	0.10368	0.01165	0.00834	0.01192	0.00733	0.03263	0.00599	0.00375	0.00394	0.00118	0.02308	0.00343	0.00181	0.00558
22	0.00801	0.00448	0.00568	0.00503	0.00649	0.00398	0.00390	0.00955	0.01028	0.21272	0.46398	0.02599	0.19170	0.00733	0.00428	0.00120	0.00216	0.00629	0.02277	0.00419
23	0.89350	0.00733	0.00557	0.00499	0.00733	0.00851	0.00411	0.01115	0.00645	0.01702	0.00528	0.00616	0.00411	0.00352	0.00235	0.00117	0.00293	0.00205	0.00235	0.00411
24	0.64861	0.00783	0.00693	0.00583	0.00836	0.00879	0.00481	0.15716	0.00892	0.10240	0.00694	0.00737	0.00506	0.00382	0.00275	0.00117	0.00318	0.00247	0.00284	0.00476
25	0.00989	0.00837	0.00883	0.00781	0.01004	0.00965	0.00611	0.09427	0.76135	0.01660	0.01486	0.01369	0.01111	0.00509	0.00385	0.00127	0.00311	0.00421	0.00385	0.00604
26	0.00943	0.00815	0.00858	0.00772	0.00986	0.00943	0.00600	0.02015	0.83621	0.01586	0.01544	0.01415	0.01158	0.00515	0.00386	0.00129	0.00300	0.00429	0.00386	0.00600
27	0.01475	0.00609	0.00808	0.00636	0.00896	0.00534	0.00519	0.03698	0.01082	0.67332	0.09263	0.01635	0.08673	0.00541	0.00393	0.00118	0.00300	0.00446	0.00452	0.00590
28	0.00663	0.00442	0.00443	0.00431	0.00543	0.02249	0.00325	0.00908	0.09253	0.01327	0.09281	0.03721	0.21553	0.00619	0.00344	0.00106	0.00205	0.00512	0.46702	0.00372
29	0.00559	0.00380	0.00492	0.00495	0.00565	0.00356	0.00354	0.00681	0.00895	0.04412	0.42130	0.26034	0.06341	0.10204	0.03243	0.00172	0.00245	0.01735	0.00371	0.00339
30	0.48810	0.00688	0.00677	0.00565	0.00811	0.00726	0.00464	0.03908	0.02172	0.30200	0.00939	0.00926	0.00651	0.00405	0.00294	0.00115	0.00299	0.00284	0.06566	0.00498
31	0.00746	0.01751	0.01027	0.00854	0.02579	0.00760	0.13321	0.03648	0.04751	0.02761	0.22757	0.01887	0.15377	0.00661	0.00668	0.00135	0.25077	0.00524	0.00289	0.00424
32	0.00582	0.00390	0.00461	0.00474	0.00537	0.00365	0.00319	0.00671	0.03086	0.06219	0.04932	0.30376	0.20241	0.28523	0.00930	0.00213	0.00269	0.00771	0.00323	0.00317
33	0.04893	0.15477	0.02260	0.05433	0.05472	0.07763	0.05318	0.16317	0.17122	0.02459	0.00856	0.00928	0.00668	0.00412	0.00391	0.00109	0.05156	0.00316	0.00264	0.08382

[dist]
# distance from previous block
# <min> <max>
0	2

[block]
# block no. 4 follows, 72 sequences, length 19
# corresponding to MSA columns:
# 354-372
name=unknown_E
#
# <colnr> <probs for GDERKNQSTAVLIFYWHMCP>
#	G	D	E	R	K	N	Q	S	T	A	V	L	I	F	Y	W	H	M	C	P
0	0.03405	0.31669	0.05244	0.00865	0.04351	0.25636	0.00721	0.06575	0.12911	0.01148	0.00737	0.00806	0.00604	0.00427	0.01593	0.00108	0.02206	0.00271	0.00222	0.00502
1	0.62791	0.00775	0.00670	0.05322	0.04781	0.07247	0.00506	0.01076	0.00698	0.01486	0.00681	0.06518	0.00602	0.00547	0.04843	0.00145	0.00376	0.00292	0.00232	0.00412
2	0.00872	0.00838	0.06192	0.05750	0.33436	0.00794	0.07214	0.02195	0.12986	0.05393	0.06755	0.04782	0.05717	0.00500	0.00421	0.00124	0.02482	0.02753	0.00266	0.00529
3	0.00526	0.00356	0.00476	0.00546	0.00587	0.00334	0.00384	0.00610	0.00766	0.03900	0.05796	0.69123	0.02444	0.02962	0.00514	0.00158	0.00239	0.09596	0.00356	0.00325
4	0.01032	0.08613	0.04446	0.04126	0.18820	0.15601	0.13112	0.07695	0.04248	0.03775	0.00774	0.02196	0.00636	0.00552	0.05402	0.00145	0.07754	0.00344	0.00219	0.00511
5	0.00670	0.00438	0.00560	0.00515	0.00630	0.00412	0.00391	0.00898	0.06393	0.09466	0.66154	0.05389	0.05104	0.00747	0.00438	0.00121	0.00202	0.00656	0.00417	0.00399
6	0.01435	0.00614	0.00807	0.00650	0.00899	0.00552	0.00524	0.03548	0.05692	0.63106	0.05351	0.08918	0.05007	0.00571	0.00397	0.00122	0.00302	0.00477	0.00445	0.00586
7	0.01417	0.01808	0.01075	0.00977	0.01172	0.85149	0.00733	0.01514	0.01075	0.00928	0.00586	0.00684	0.00489	0.00391	0.00342	0.00098	0.00684	0.00244	0.00195	0.00440
8	0.00461	0.00333	0.00437	0.00520	0.00548	0.00309	0.00348	0.00529	0.00734	0.00971	0.02191	0.81662	0.07206	0.01175	0.00482	0.00153	0.00218	0.01062	0.00352	0.00309
9	0.89350	0.00733	0.00557	0.00499	0.00733	0.00851	0.00411	0.01115	0.00645	0.01702	0.00528	0.00616	0.00411	0.00352	0.00235	0.00117	0.00293	0.00205	0.00235	0.00411
10	0.01014	0.86900	0.01987	0.00649	0.00973	0.01501	0.00649	0.01136	0.00771	0.00892	0.00527	0.00608	0.00487	0.00324	0.00243	0.00081	0.00406	0.00203	0.00162	0.00487
11	0.01442	0.01062	0.01138	0.00873	0.01176	0.01176	0.00721	0.83041	0.01783	0.02390	0.00911	0.00911	0.00645	0.00455	0.00379	0.00114	0.00417	0.00341	0.00379	0.00645
12	0.15824	0.00400	0.00508	0.00498	0.00540	0.00422	0.00347	0.00605	0.00523	0.00843	0.00646	0.01070	0.00624	0.01192	0.03437	0.71481	0.00341	0.00310	0.00178	0.00211
13	0.00632	0.00358	0.00386	0.00395	0.00449	0.00356	0.00268	0.00741	0.00709	0.01143	0.01310	0.08846	0.01261	0.29502	0.00848	0.00189	0.00248	0.02188	0.49862	0.00308
14	0.72279	0.00704	0.00580	0.00518	0.00731	0.00802	0.00418	0.04900	0.00707	0.03449	0.00675	0.00932	0.00578	0.08432	0.00412	0.00142	0.00308	0.02775	0.00250	0.00408
15	0.00514	0.00380	0.00480	0.00469	0.00556	0.00346	0.00347	0.00667	0.01000	0.01379	0.62127	0.13155	0.15464	0.00853	0.00452	0.00125	0.00186	0.00751	0.00400	0.00346
16	0.00551	0.00366	0.00421	0.00428	0.00441	0.00366	0.00254	0.00574	0.00588	0.00806	0.01312	0.09320	0.02967	0.69145	0.05580	0.00341	0.00372	0.00581	0.05336	0.00250
17	0.00716	0.00674	0.01138	0.85760	0.02612	0.00843	0.01053	0.00969	0.00758	0.00969	0.00674	0.01011	0.00506	0.00379	0.00379	0.00126	0.00506	0.00337	0.00169	0.00421
18	0.10733	0.31001	0.10773	0.00980	0.05617	0.13961	0.13986	0.05039	0.00879	0.01168	0.00623	0.00744	0.00507	0.00347	0.00317	0.00102	0.00491	0.00271	0.00193	0.02268

[dist]
# distance from previous block
# <min> <max>
0	11

[block]
# block no. 5 follows, 72 sequences, length 26
# corresponding to MSA columns:
# 384-409
name=unknown_F
#
# <colnr> <probs for GDERKNQSTAVLIFYWHMCP>
#	G	D	E	R	K	N	Q	S	T	A	V	L	I	F	Y	W	H	M	C	P
0	0.17286	0.07436	0.04154	0.00672	0.00862	0.06462	0.01801	0.15533	0.03180	0.03062	0.00866	0.01188	0.00761	0.13529	0.15521	0.01466	0.02308	0.00344	0.03137	0.00433
1	0.00922	0.00984	0.07489	0.05763	0.63001	0.02330	0.05710	0.01225	0.06542	0.01242	0.00767	0.00965	0.00623	0.00353	0.00379	0.00115	0.00465	0.00345	0.00199	0.00582
2	0.00520	0.00350	0.00422	0.00470	0.00526	0.00327	0.00328	0.00621	0.00782	0.01101	0.07803	0.47883	0.13930	0.03155	0.00470	0.00141	0.00211	0.02554	0.18085	0.00321
3	0.00650	0.00441	0.00545	0.00503	0.00624	0.00414	0.00386	0.00841	0.04537	0.09095	0.49465	0.02804	0.22966	0.00783	0.00461	0.00124	0.02435	0.02141	0.00397	0.00387
4	0.02623	0.00702	0.02689	0.02090	0.04714	0.09670	0.02163	0.02382	0.00713	0.06106	0.00997	0.04538	0.01005	0.34376	0.12575	0.00287	0.11329	0.00446	0.00231	0.00364
5	0.02651	0.01409	0.40153	0.01286	0.03713	0.00883	0.35924	0.01191	0.00853	0.02584	0.02980	0.01047	0.00656	0.00373	0.00402	0.00125	0.00566	0.02482	0.00193	0.00528
6	0.01109	0.00897	0.00951	0.00805	0.01049	0.01021	0.00640	0.28895	0.56472	0.01853	0.01334	0.01248	0.00988	0.00495	0.00384	0.00124	0.00339	0.00400	0.00384	0.00615
7	0.00933	0.00969	0.07643	0.05588	0.31905	0.09778	0.04363	0.05719	0.03697	0.04410	0.04942	0.10038	0.03117	0.00506	0.00434	0.00121	0.04637	0.00439	0.00245	0.00513
8	0.00685	0.00723	0.15198	0.00708	0.07171	0.00515	0.00555	0.00817	0.00712	0.05457	0.04959	0.03277	0.07048	0.41397	0.03403	0.00247	0.00394	0.00486	0.00245	0.06003
9	0.00895	0.01023	0.02238	0.01598	0.01982	0.00959	0.82928	0.01215	0.00895	0.01215	0.00767	0.01023	0.00575	0.00320	0.00448	0.00128	0.00639	0.00448	0.00192	0.00512
10	0.00899	0.00884	0.07354	0.00816	0.01055	0.00900	0.04469	0.01827	0.68077	0.01521	0.04578	0.03663	0.01206	0.00521	0.00392	0.00128	0.00329	0.00445	0.00360	0.00576
11	0.00678	0.00607	0.00845	0.00761	0.00797	0.00774	0.00612	0.00795	0.00727	0.01074	0.23075	0.07261	0.01534	0.01094	0.15027	0.00227	0.42992	0.00490	0.00252	0.00380
12	0.31242	0.00841	0.00749	0.01973	0.03519	0.16398	0.00530	0.02657	0.00802	0.12824	0.00832	0.01050	0.00685	0.07077	0.17069	0.00228	0.00528	0.00310	0.00254	0.00432
13	0.00552	0.00368	0.00414	0.00414	0.00414	0.00368	0.00230	0.00552	0.00552	0.00735	0.01195	0.02482	0.01379	0.86672	0.01930	0.00368	0.00368	0.00552	0.00230	0.00230
14	0.01417	0.01808	0.01075	0.00977	0.01172	0.85149	0.00733	0.01514	0.01075	0.00928	0.00586	0.00684	0.00489	0.00391	0.00342	0.00098	0.00684	0.00244	0.00195	0.00440
15	0.01363	0.00721	0.00870	0.00718	0.00976	0.00730	0.00577	0.01923	0.37891	0.47563	0.01517	0.01346	0.01036	0.00490	0.00383	0.00122	0.00313	0.00403	0.00432	0.00625
16	0.00786	0.00674	0.00786	0.00562	0.00899	0.00506	0.00449	0.00955	0.00786	0.01236	0.00674	0.00786	0.00562	0.00281	0.00281	0.00056	0.00281	0.00225	0.00225	0.88990
17	0.00543	0.00400	0.00578	0.00578	0.00634	0.00457	0.00434	0.00657	0.00600	0.00857	0.01045	0.01651	0.01018	0.16473	0.71636	0.00570	0.00910	0.00430	0.00207	0.00321
18	0.00895	0.01023	0.02238	0.01598	0.01982	0.00959	0.82928	0.01215	0.00895	0.01215	0.00767	0.01023	0.00575	0.00320	0.00448	0.00128	0.00639	0.00448	0.00192	0.00512
19	0.00467	0.00334	0.00446	0.00534	0.00559	0.00313	0.00361	0.00537	0.00731	0.00974	0.02087	0.83484	0.02497	0.01183	0.00485	0.00155	0.00225	0.03966	0.00352	0.00310
20	0.01624	0.00770	0.00957	0.00734	0.01030	0.00742	0.00606	0.26094	0.01294	0.60029	0.01321	0.01177	0.00851	0.00465	0.00381	0.00116	0.00351	0.00369	0.00443	0.00645
21	0.00599	0.00532	0.00732	0.00964	0.24712	0.00492	0.00554	0.00738	0.00871	0.01117	0.07896	0.06671	0.49619	0.00781	0.00430	0.00125	0.00270	0.02183	0.00309	0.00404
22	0.00455	0.00383	0.00395	0.00395	0.00517	0.00322	0.00295	0.00556	0.00874	0.01057	0.09322	0.06341	0.75883	0.00955	0.00449	0.00128	0.00192	0.00802	0.00357	0.00322
23	0.00786	0.00674	0.00786	0.00562	0.00899	0.00506	0.00449	0.00955	0.00786	0.01236	0.00674	0.00786	0.00562	0.00281	0.00281	0.00056	0.00281	0.00225	0.00225	0.88990
24	0.05515	0.17038	0.14537	0.07709	0.12165	0.08250	0.18426	0.01201	0.00844	0.05040	0.00707	0.00884	0.00559	0.02114	0.00383	0.00115	0.00503	0.00315	0.00197	0.03500
25	0.00921	0.07569	0.24878	0.02802	0.14346	0.03859	0.12787	0.06860	0.02979	0.02418	0.00713	0.00898	0.00566	0.01617	0.00520	0.00125	0.13219	0.00327	0.00199	0.02394

[dist]
# distance from previous block
# <min> <max>
1	13

[block]
# block no. 6 follows, 72 sequences, length 14
# corresponding to MSA columns:
# 428-441
name=unknown_G
#
# <colnr> <probs for GDERKNQSTAVLIFYWHMCP>
#	G	D	E	R	K	N	Q	S	T	A	V	L	I	F	Y	W	H	M	C	P
0	0.17338	0.00812	0.01022	0.16652	0.15242	0.02950	0.01933	0.16916	0.05327	0.10584	0.03367	0.04583	0.00788	0.00444	0.00359	0.00119	0.00394	0.00364	0.00285	0.00521
1	0.06262	0.00860	0.01217	0.31404	0.27438	0.03240	0.00952	0.18432	0.01022	0.04475	0.00755	0.00945	0.00574	0.00384	0.00369	0.00118	0.00455	0.00330	0.00235	0.00532
2	0.00705	0.00596	0.00738	0.00688	0.00765	0.05509	0.00536	0.07125	0.00717	0.00991	0.00925	0.01399	0.00875	0.10333	0.53470	0.00454	0.13197	0.00395	0.00214	0.00369
3	0.00460	0.00373	0.00397	0.00412	0.00510	0.00322	0.00294	0.00542	0.00811	0.00988	0.03288	0.18199	0.62065	0.08902	0.00591	0.00155	0.00213	0.00827	0.00341	0.00310
4	0.00730	0.05675	0.05429	0.07724	0.01162	0.00685	0.15534	0.07257	0.03333	0.01223	0.06346	0.09555	0.16080	0.00703	0.00437	0.00135	0.00384	0.16889	0.00293	0.00426
5	0.01213	0.44809	0.01536	0.00811	0.01072	0.42877	0.00690	0.01323	0.00921	0.00910	0.00556	0.00646	0.00488	0.00357	0.00292	0.00089	0.00543	0.00223	0.00179	0.00463
6	0.00949	0.00978	0.09673	0.01223	0.19073	0.02499	0.09075	0.13922	0.21864	0.01448	0.01986	0.02618	0.02283	0.00628	0.06602	0.00158	0.03799	0.00394	0.00274	0.00552
7	0.00817	0.00692	0.00803	0.00576	0.00912	0.00537	0.00462	0.04749	0.00832	0.01289	0.00685	0.00792	0.00566	0.00289	0.00285	0.00059	0.00287	0.00230	0.00232	0.84907
8	0.01157	0.16410	0.12131	0.05627	0.04180	0.07400	0.03694	0.21573	0.03533	0.13433	0.00943	0.05065	0.00748	0.00452	0.00360	0.00113	0.00440	0.01910	0.00284	0.00548
9	0.00942	0.55728	0.11422	0.03214	0.01099	0.01218	0.03226	0.04072	0.00824	0.02653	0.00774	0.04056	0.00725	0.01705	0.00331	0.00105	0.00421	0.06805	0.00200	0.00482
10	0.01566	0.00680	0.00873	0.00677	0.00953	0.00628	0.00556	0.13553	0.01167	0.64863	0.03653	0.01286	0.00970	0.00474	0.00375	0.00115	0.00323	0.00382	0.06287	0.00618
11	0.00982	0.66156	0.09228	0.00731	0.01057	0.06189	0.03690	0.01141	0.00813	0.00971	0.05520	0.00777	0.00673	0.00358	0.00279	0.00090	0.00430	0.00250	0.00180	0.00484
12	0.00782	0.03832	0.43584	0.00928	0.01287	0.05908	0.05778	0.01130	0.05651	0.02694	0.09734	0.12322	0.01129	0.00531	0.00414	0.00124	0.02997	0.00445	0.00235	0.00493
13	0.00717	0.00509	0.00688	0.00642	0.00750	0.00574	0.00503	0.12629	0.00795	0.04349	0.01027	0.01440	0.00922	0.05919	0.66120	0.00509	0.00875	0.00402	0.00240	0.00390

[dist]
# distance from previous block
# <min> <max>
0	1

[block]
# block no. 7 follows, 72 sequences, length 35
# corresponding to MSA columns:
# 443-477
name=unknown_H
#
# <colnr> <probs for GDERKNQSTAVLIFYWHMCP>
#	G	D	E	R	K	N	Q	S	T	A	V	L	I	F	Y	W	H	M	C	P
0	0.01045	0.05345	0.19326	0.00954	0.04358	0.08317	0.04847	0.23520	0.12992	0.02588	0.08190	0.02270	0.00938	0.00465	0.00404	0.00118	0.03116	0.00371	0.00287	0.00549
1	0.00615	0.00421	0.00538	0.00510	0.00530	0.00449	0.01947	0.02039	0.00584	0.00805	0.01036	0.01996	0.01131	0.55358	0.07333	0.14655	0.06336	0.00479	0.02983	0.00256
2	0.00978	0.11126	0.03364	0.01467	0.16292	0.06685	0.41907	0.04336	0.04095	0.02638	0.00796	0.01032	0.00635	0.00363	0.00398	0.00118	0.00546	0.02487	0.00211	0.00527
3	0.00512	0.00344	0.00459	0.00532	0.00567	0.00319	0.00360	0.00585	0.00752	0.04193	0.04824	0.80349	0.02484	0.01147	0.00479	0.00151	0.00223	0.01038	0.00359	0.00323
4	0.00904	0.01150	0.17311	0.03747	0.16410	0.05027	0.36512	0.03015	0.00899	0.03549	0.00916	0.02043	0.03785	0.00395	0.00410	0.00123	0.00547	0.02524	0.00209	0.00524
5	0.00974	0.00887	0.01360	0.06744	0.44792	0.00943	0.03941	0.13906	0.00957	0.01358	0.00711	0.00913	0.00584	0.00397	0.00487	0.00116	0.11949	0.00332	0.00217	0.08431
6	0.53399	0.14501	0.03391	0.00662	0.01936	0.18573	0.00554	0.01205	0.00762	0.01392	0.00547	0.00639	0.00443	0.00356	0.00264	0.00108	0.00402	0.00217	0.00212	0.00435
7	0.01014	0.86900	0.01987	0.00649	0.00973	0.01501	0.00649	0.01136	0.00771	0.00892	0.00527	0.00608	0.00487	0.00324	0.00243	0.00081	0.00406	0.00203	0.00162	0.00487
8	0.00486	0.00374	0.00442	0.00448	0.00539	0.00333	0.00326	0.00606	0.00911	0.01195	0.33605	0.19916	0.36287	0.02212	0.00477	0.00134	0.00195	0.00809	0.00375	0.00331
9	0.00511	0.00387	0.00472	0.00450	0.00551	0.00347	0.00338	0.00666	0.01013	0.01378	0.60944	0.03069	0.26830	0.00829	0.00448	0.00122	0.00183	0.00719	0.00399	0.00347
10	0.00519	0.00386	0.00487	0.00516	0.00599	0.00358	0.00397	0.00651	0.00897	0.01187	0.27901	0.20068	0.21872	0.02720	0.00503	0.00146	0.00234	0.19853	0.00369	0.00334
11	0.00511	0.00353	0.00428	0.00467	0.00481	0.00342	0.00290	0.00545	0.00638	0.00848	0.01646	0.39241	0.03352	0.46472	0.01250	0.00267	0.00300	0.02015	0.00287	0.00267
12	0.06553	0.00724	0.00886	0.00695	0.00974	0.00700	0.00570	0.15287	0.07553	0.57152	0.01339	0.01203	0.00878	0.00463	0.00369	0.00117	0.00330	0.00368	0.03219	0.00619
13	0.00943	0.00815	0.00858	0.00772	0.00986	0.00943	0.00600	0.02015	0.83621	0.01586	0.01544	0.01415	0.01158	0.00515	0.00386	0.00129	0.00300	0.00429	0.00386	0.00600
14	0.01014	0.86900	0.01987	0.00649	0.00973	0.01501	0.00649	0.01136	0.00771	0.00892	0.00527	0.00608	0.00487	0.00324	0.00243	0.00081	0.00406	0.00203	0.00162	0.00487
15	0.89350	0.00733	0.00557	0.00499	0.00733	0.00851	0.00411	0.01115	0.00645	0.01702	0.00528	0.00616	0.00411	0.00352	0.00235	0.00117	0.00293	0.00205	0.00235	0.00411
16	0.00532	0.00385	0.00502	0.00509	0.00587	0.00360	0.00385	0.00683	0.00964	0.01331	0.53355	0.16120	0.06800	0.03875	0.00515	0.00141	0.00216	0.12009	0.00388	0.00343
17	0.05037	0.00648	0.00694	0.00644	0.00808	0.00716	0.00491	0.01456	0.49211	0.01446	0.14488	0.09423	0.08761	0.03898	0.00461	0.00138	0.00267	0.00552	0.00372	0.00490
18	0.01014	0.86900	0.01987	0.00649	0.00973	0.01501	0.00649	0.01136	0.00771	0.00892	0.00527	0.00608	0.00487	0.00324	0.00243	0.00081	0.00406	0.00203	0.00162	0.00487
19	0.01417	0.01808	0.01075	0.00977	0.01172	0.85149	0.00733	0.01514	0.01075	0.00928	0.00586	0.00684	0.00489	0.00391	0.00342	0.00098	0.00684	0.00244	0.00195	0.00440
20	0.00515	0.00381	0.00460	0.00461	0.00553	0.00343	0.00346	0.00619	0.00895	0.01172	0.32332	0.07660	0.35690	0.00949	0.00562	0.09285	0.00215	0.06886	0.00356	0.00319
21	0.08581	0.07765	0.04327	0.00638	0.00868	0.01649	0.00541	0.18624	0.01090	0.19712	0.11511	0.06888	0.09173	0.02155	0.00400	0.00120	0.00318	0.00461	0.04684	0.00497
22	0.00900	0.00731	0.00776	0.04100	0.00935	0.06970	0.00518	0.05551	0.18281	0.08418	0.13256	0.01601	0.11046	0.00519	0.00369	0.00103	0.00310	0.00427	0.00326	0.24863
23	0.10548	0.15713	0.12174	0.04502	0.07799	0.05213	0.16846	0.09265	0.09069	0.02986	0.00776	0.00886	0.00596	0.00371	0.00349	0.00113	0.00468	0.00318	0.00230	0.01780
24	0.00988	0.71876	0.07942	0.00853	0.09609	0.01394	0.00757	0.01143	0.00782	0.00950	0.00558	0.00656	0.00498	0.00328	0.00265	0.00087	0.00421	0.00222	0.00165	0.00504
25	0.00577	0.00417	0.00477	0.00490	0.00608	0.00384	0.00389	0.00740	0.04045	0.04033	0.06258	0.06947	0.44341	0.00901	0.00446	0.00136	0.00237	0.19701	0.08521	0.00353
26	0.04599	0.01459	0.52894	0.00930	0.01344	0.00793	0.02544	0.08603	0.00891	0.06434	0.00980	0.15004	0.00858	0.00512	0.00380	0.00125	0.00466	0.00424	0.00235	0.00524
27	0.02640	0.02928	0.02911	0.03331	0.03965	0.02374	0.02609	0.00792	0.01798	0.07121	0.05799	0.38420	0.18075	0.00894	0.00441	0.00137	0.00283	0.04772	0.00331	0.00380
28	0.00544	0.00372	0.00444	0.00444	0.00475	0.00371	0.00284	0.00562	0.00605	0.00796	0.01553	0.02399	0.14939	0.51953	0.13298	0.09492	0.00425	0.00549	0.00240	0.00253
29	0.00496	0.00345	0.00451	0.00501	0.00540	0.00321	0.00342	0.00558	0.00766	0.01025	0.15631	0.54465	0.09225	0.03644	0.00621	0.09305	0.00227	0.00897	0.00340	0.00300
30	0.02138	0.04590	0.01294	0.10322	0.28548	0.11837	0.03829	0.19614	0.11441	0.01462	0.00833	0.00952	0.00648	0.00396	0.00369	0.00114	0.00463	0.00335	0.00254	0.00561
31	0.01026	0.58347	0.13065	0.00861	0.06163	0.08717	0.02707	0.01201	0.00819	0.03213	0.00596	0.00689	0.00507	0.00340	0.00284	0.00092	0.00457	0.00236	0.00175	0.00504
32	0.01032	0.01204	0.08416	0.09659	0.15633	0.24770	0.06918	0.06473	0.06005	0.01159	0.00733	0.00916	0.00594	0.00554	0.05363	0.00147	0.09394	0.00324	0.00209	0.00496
33	0.02687	0.02840	0.11070	0.01772	0.02372	0.01563	0.03642	0.04434	0.02012	0.10898	0.06441	0.20715	0.02284	0.10866	0.02702	0.00175	0.00371	0.12425	0.00309	0.00420
34	0.03805	0.11533	0.12458	0.01972	0.02712	0.10417	0.01570	0.07743	0.03283	0.23041	0.02670	0.12513	0.03600	0.00536	0.00370	0.00117	0.00401	0.00434	0.00309	0.00516

[dist]
# distance from previous block
# <min> <max>
2	25

[block]
# block no. 8 follows, 72 sequences, length 52
# corresponding to MSA columns:
# 503-554
name=unknown_I
#
# <colnr> <probs for GDERKNQSTAVLIFYWHMCP>
#	G	D	E	R	K	N	Q	S	T	A	V	L	I	F	Y	W	H	M	C	P
0	0.00599	0.00397	0.00520	0.00545	0.00615	0.00372	0.01193	0.03569	0.00842	0.06842	0.12814	0.58083	0.07420	0.02695	0.00495	0.00148	0.00236	0.01898	0.00366	0.00351
1	0.16080	0.15899	0.05013	0.01068	0.04245	0.03132	0.24575	0.02151	0.05348	0.04567	0.01010	0.08415	0.00899	0.00527	0.00422	0.00140	0.01518	0.03263	0.00274	0.01455
2	0.01089	0.16860	0.12649	0.00998	0.08044	0.04455	0.07826	0.18151	0.08083	0.09082	0.04895	0.02412	0.00816	0.00433	0.00383	0.00113	0.02532	0.00352	0.00275	0.00552
3	0.00625	0.00416	0.00510	0.00510	0.00615	0.00382	0.00380	0.00783	0.04479	0.09241	0.21828	0.27804	0.24886	0.00922	0.00453	0.00135	0.00223	0.05058	0.00380	0.00371
4	0.04708	0.00972	0.00923	0.00769	0.01014	0.17575	0.00611	0.16001	0.17961	0.28716	0.04097	0.01160	0.00916	0.00466	0.00368	0.00115	0.00397	0.00360	0.02300	0.00570
5	0.00960	0.03759	0.05016	0.06209	0.29485	0.05772	0.18446	0.04170	0.06070	0.05590	0.01620	0.02177	0.00815	0.00438	0.00400	0.00122	0.00480	0.07697	0.00238	0.00533
6	0.00966	0.03423	0.21255	0.09381	0.20120	0.07900	0.08852	0.07190	0.05939	0.05246	0.00874	0.02341	0.01911	0.00410	0.00390	0.00119	0.01621	0.01295	0.00226	0.00540
7	0.00509	0.00355	0.00421	0.00455	0.00474	0.00341	0.00281	0.00542	0.00644	0.00848	0.01751	0.34678	0.08504	0.47050	0.01257	0.00267	0.00297	0.00773	0.00286	0.00267
8	0.00550	0.00402	0.00518	0.00490	0.00582	0.00378	0.00367	0.00758	0.04193	0.01504	0.78076	0.05732	0.03449	0.00780	0.00446	0.00121	0.00185	0.00690	0.00414	0.00365
9	0.01150	0.13116	0.03576	0.06615	0.15409	0.14361	0.05547	0.21986	0.03975	0.05428	0.00829	0.03863	0.00668	0.00422	0.00371	0.00111	0.01431	0.00341	0.00258	0.00542
10	0.03249	0.02141	0.25856	0.04494	0.22373	0.07172	0.11192	0.01235	0.00865	0.10364	0.00838	0.03941	0.00661	0.00481	0.03372	0.00135	0.00519	0.00356	0.00218	0.00538
11	0.00830	0.00470	0.00610	0.00537	0.00682	0.00434	0.00416	0.01046	0.05359	0.21023	0.58853	0.02413	0.04398	0.00694	0.00429	0.00119	0.00219	0.00603	0.00427	0.00437
12	0.00806	0.00727	0.04716	0.04006	0.11508	0.07848	0.00614	0.01035	0.06324	0.07256	0.35181	0.01899	0.02897	0.07119	0.01851	0.00146	0.04811	0.00502	0.00318	0.00437
13	0.01036	0.00943	0.05331	0.04885	0.38142	0.06026	0.03319	0.09130	0.09577	0.09185	0.07787	0.01158	0.00924	0.00421	0.00383	0.00116	0.00425	0.00375	0.00271	0.00567
14	0.00613	0.03952	0.00571	0.00537	0.00619	0.00431	0.00391	0.04970	0.00869	0.04632	0.17578	0.48718	0.06171	0.01028	0.03590	0.00154	0.00261	0.00835	0.03719	0.00360
15	0.01455	0.01041	0.01125	0.00862	0.01165	0.01144	0.00712	0.78803	0.01747	0.06680	0.00941	0.00930	0.00660	0.00456	0.00379	0.00114	0.00412	0.00344	0.00384	0.00645
16	0.00808	0.00756	0.01184	0.05636	0.50121	0.02156	0.00902	0.01018	0.03708	0.01154	0.02080	0.15284	0.06500	0.00592	0.01864	0.00133	0.04867	0.00497	0.00234	0.00506
17	0.01086	0.71586	0.01823	0.00708	0.01009	0.16554	0.00664	0.01204	0.00825	0.00899	0.00538	0.00622	0.00487	0.00336	0.00261	0.00084	0.00456	0.00210	0.00168	0.00478
18	0.01558	0.00890	0.08473	0.00919	0.09241	0.01710	0.05112	0.07892	0.12063	0.03886	0.03116	0.01028	0.02114	0.00396	0.00395	0.00098	0.05366	0.00323	0.00259	0.35161
19	0.01154	0.05375	0.04580	0.04374	0.13292	0.41811	0.04671	0.03536	0.10378	0.01114	0.00772	0.00936	0.00635	0.00452	0.01789	0.00118	0.02171	0.02128	0.00220	0.00492
20	0.00605	0.00448	0.00586	0.03758	0.04974	0.00485	0.00398	0.00696	0.04036	0.00838	0.01086	0.02000	0.01155	0.52636	0.18428	0.03380	0.03488	0.00483	0.00222	0.00298
21	0.00786	0.07523	0.06722	0.00772	0.08442	0.00636	0.00601	0.02205	0.00822	0.01216	0.05156	0.04091	0.00879	0.00458	0.02342	0.00095	0.00341	0.04802	0.00235	0.51874
22	0.05066	0.01036	0.01099	0.00852	0.01148	0.01150	0.00702	0.75410	0.06008	0.02320	0.00928	0.00925	0.00662	0.00454	0.00374	0.00115	0.00406	0.00340	0.00374	0.00633
23	0.00843	0.00568	0.02665	0.00563	0.00765	0.00480	0.00454	0.05516	0.01036	0.15744	0.41833	0.02842	0.04858	0.00598	0.00395	0.00106	0.00249	0.00513	0.00374	0.19600
24	0.00552	0.00368	0.00414	0.00414	0.00414	0.00368	0.00230	0.00552	0.00552	0.00735	0.01195	0.02482	0.01379	0.86672	0.01930	0.00368	0.00368	0.00552	0.00230	0.00230
25	0.01520	0.00768	0.00939	0.00727	0.01008	0.00755	0.00598	0.29696	0.01325	0.49727	0.07825	0.01282	0.01046	0.00489	0.00386	0.00116	0.00344	0.00392	0.00434	0.00623
26	0.00872	0.00946	0.01940	0.08014	0.18212	0.00912	0.57213	0.01158	0.00877	0.01193	0.00877	0.01115	0.04046	0.00354	0.00428	0.00125	0.00573	0.00432	0.00196	0.00514
27	0.00767	0.01788	0.72640	0.08621	0.06394	0.00879	0.01357	0.01178	0.00801	0.01183	0.00682	0.00827	0.00489	0.00361	0.00363	0.00120	0.00549	0.00289	0.00162	0.00550
28	0.00588	0.00383	0.00505	0.00532	0.00602	0.00362	0.00385	0.00689	0.00804	0.07615	0.13715	0.44144	0.09627	0.04252	0.10056	0.00204	0.00320	0.04522	0.00349	0.00345
