[name]
unknown

[dist]
# distance from previous block
# <min> <max>
0	47

[block]
# block no. 0 follows, 70 sequences, length 32
# corresponding to MSA columns:
# 60-91
name=unknown_A
#
# <colnr> <probs for GDERKNQSTAVLIFYWHMCP>
#	G	D	E	R	K	N	Q	S	T	A	V	L	I	F	Y	W	H	M	C	P
0	0.00779	0.02992	0.04304	0.10939	0.17492	0.00731	0.15051	0.04674	0.02992	0.02382	0.02455	0.22768	0.08433	0.00649	0.00431	0.00132	0.00409	0.01649	0.00269	0.00468
1	0.00917	0.13696	0.30203	0.01132	0.03020	0.04869	0.16869	0.01186	0.00804	0.03360	0.00667	0.00852	0.00530	0.00429	0.00572	0.00128	0.19743	0.00322	0.00182	0.00516
2	0.00859	0.00895	0.05865	0.34633	0.43475	0.00900	0.05555	0.01117	0.00839	0.01156	0.00715	0.00986	0.00568	0.00362	0.00388	0.00122	0.00499	0.00348	0.00183	0.00536
3	0.02171	0.07023	0.36740	0.00965	0.01323	0.03920	0.02020	0.11162	0.04833	0.06372	0.02327	0.00919	0.00638	0.00452	0.00519	0.00125	0.15159	0.00318	0.00232	0.02782
4	0.00661	0.00538	0.00645	0.03801	0.03347	0.01959	0.00481	0.00996	0.18392	0.02295	0.23279	0.24094	0.13554	0.00834	0.00464	0.00136	0.01965	0.01777	0.00367	0.00416
5	0.00682	0.00508	0.00732	0.12842	0.02412	0.00557	0.01461	0.01762	0.05603	0.06093	0.06035	0.08360	0.08917	0.01684	0.38050	0.00352	0.00650	0.02626	0.00274	0.00400
6	0.00921	0.20120	0.44290	0.01090	0.01547	0.07011	0.15522	0.03054	0.00871	0.01169	0.00676	0.00810	0.00514	0.00357	0.00357	0.00114	0.00559	0.00298	0.00177	0.00541
7	0.05222	0.00879	0.00927	0.00777	0.01013	0.03865	0.00619	0.37456	0.19189	0.09119	0.01330	0.13385	0.02479	0.00595	0.00399	0.00126	0.00362	0.01304	0.00379	0.00573
8	0.00547	0.00425	0.00617	0.00807	0.12557	0.00406	0.00485	0.00643	0.00773	0.01044	0.03530	0.70427	0.02298	0.01078	0.00479	0.00151	0.00261	0.02775	0.00337	0.00360
9	0.06940	0.00786	0.01024	0.00961	0.12934	0.00774	0.01968	0.19646	0.01187	0.42612	0.01192	0.01142	0.00806	0.00446	0.00373	0.00117	0.00364	0.00363	0.05750	0.00618
10	0.00799	0.08893	0.77664	0.01069	0.01622	0.00952	0.01370	0.01222	0.00816	0.01202	0.00683	0.00802	0.00492	0.00365	0.00359	0.00120	0.00560	0.00280	0.00164	0.00567
11	0.00502	0.00380	0.00442	0.00463	0.00554	0.00334	0.00333	0.00605	0.00876	0.02671	0.16499	0.31023	0.41891	0.01019	0.00469	0.00138	0.00206	0.00885	0.00373	0.00336
12	0.00600	0.00442	0.00631	0.00619	0.00696	0.00509	0.00478	0.04409	0.00679	0.00977	0.01048	0.01544	0.00977	0.06806	0.74803	0.00574	0.00956	0.00418	0.02477	0.00355
13	0.01383	0.01012	0.01087	0.00849	0.01141	0.01113	0.00696	0.68226	0.09134	0.05100	0.01169	0.01139	0.05130	0.00499	0.00392	0.00119	0.00400	0.00383	0.00390	0.00638
14	0.00606	0.00596	0.00506	0.00500	0.00627	0.12474	0.00370	0.00704	0.00908	0.01048	0.06607	0.12475	0.59366	0.00916	0.00447	0.00129	0.00271	0.00763	0.00340	0.00345
15	0.00522	0.00392	0.00449	0.00452	0.00558	0.00342	0.00332	0.00637	0.00917	0.03712	0.22965	0.18355	0.47054	0.00962	0.00462	0.00133	0.00202	0.00828	0.00380	0.00345
16	0.00771	0.00617	0.00694	0.00640	0.03036	0.00617	0.00478	0.08505	0.22195	0.03110	0.15759	0.05375	0.26306	0.00697	0.00416	0.00121	0.00264	0.00588	0.00367	0.09446
17	0.01044	0.00689	0.00851	0.00725	0.00932	0.00716	0.04252	0.08621	0.30138	0.19150	0.15499	0.09936	0.01614	0.00613	0.00412	0.00127	0.00305	0.00529	0.03302	0.00543
18	0.00493	0.00370	0.00460	0.00523	0.00577	0.00345	0.00363	0.00608	0.03637	0.01045	0.05143	0.62664	0.18158	0.01129	0.00484	0.00151	0.00224	0.02935	0.00363	0.00330
19	0.01023	0.51636	0.21973	0.00852	0.01227	0.12308	0.03946	0.01231	0.00841	0.01006	0.00594	0.00696	0.00500	0.00349	0.00299	0.00097	0.00500	0.00242	0.00171	0.00511
20	0.00715	0.00625	0.00967	0.00867	0.03131	0.02063	0.14404	0.03205	0.02282	0.01142	0.07189	0.03149	0.05792	0.06926	0.18876	0.00264	0.08521	0.16386	0.03096	0.00401
21	0.00498	0.00367	0.00467	0.00500	0.00563	0.00335	0.00353	0.00612	0.00892	0.01205	0.32288	0.44066	0.14368	0.01027	0.00476	0.00141	0.00206	0.00915	0.00384	0.00335
22	0.00746	0.01775	0.72317	0.01025	0.01522	0.00835	0.01283	0.01144	0.00787	0.01173	0.00755	0.00974	0.00583	0.05163	0.08114	0.00182	0.00605	0.00313	0.00171	0.00534
23	0.00940	0.00953	0.01251	0.05786	0.49025	0.14027	0.00947	0.01151	0.02585	0.01199	0.05382	0.01459	0.09020	0.00478	0.00397	0.00119	0.00453	0.04070	0.00232	0.00527
24	0.01352	0.00748	0.00894	0.00720	0.00974	0.00744	0.00589	0.30192	0.01314	0.35289	0.05953	0.04788	0.08645	0.00599	0.00412	0.00125	0.00342	0.05317	0.00422	0.00583
25	0.00557	0.00401	0.00550	0.00550	0.00594	0.00445	0.00393	0.00645	0.00601	0.00846	0.01105	0.01893	0.01130	0.33396	0.54571	0.00533	0.00796	0.00470	0.00218	0.00306
26	0.00559	0.12757	0.00675	0.00526	0.00620	0.00498	0.00393	0.00653	0.00814	0.01052	0.11333	0.49866	0.16861	0.00999	0.00449	0.00138	0.00242	0.00878	0.00339	0.00349
27	0.00885	0.01027	0.13389	0.19935	0.54768	0.00905	0.01201	0.01153	0.00851	0.01202	0.00716	0.00955	0.00576	0.00358	0.00382	0.00119	0.00489	0.00337	0.00184	0.00569
28	0.01036	0.86609	0.02032	0.00663	0.00995	0.01534	0.00663	0.01161	0.00788	0.00912	0.00539	0.00622	0.00498	0.00332	0.00249	0.00083	0.00415	0.00207	0.00166	0.00498
29	0.03566	0.02911	0.00924	0.00963	0.15301	0.01933	0.00638	0.17975	0.09853	0.01457	0.04664	0.05070	0.01045	0.05799	0.18627	0.00240	0.00508	0.00425	0.07613	0.00489
30	0.00533	0.00624	0.12504	0.00547	0.00713	0.00429	0.00486	0.00707	0.02945	0.01124	0.11886	0.20040	0.41584	0.03501	0.00497	0.00142	0.00263	0.00770	0.00336	0.00369
31	0.04236	0.04646	0.02304	0.00811	0.02157	0.05126	0.01744	0.22174	0.26839	0.01588	0.01111	0.03827	0.00897	0.00874	0.13764	0.00200	0.02654	0.00390	0.00315	0.04344

[dist]
# distance from previous block
# <min> <max>
1	9

[block]
# block no. 1 follows, 70 sequences, length 19
# corresponding to MSA columns:
# 101-119
name=unknown_B
#
# <colnr> <probs for GDERKNQSTAVLIFYWHMCP>
#	G	D	E	R	K	N	Q	S	T	A	V	L	I	F	Y	W	H	M	C	P
0	0.00887	0.10377	0.19916	0.07556	0.29294	0.05606	0.06879	0.01139	0.00854	0.01164	0.05013	0.02414	0.00758	0.00490	0.02881	0.01703	0.01995	0.00353	0.00197	0.00527
1	0.00554	0.00413	0.00613	0.00613	0.00679	0.00479	0.00472	0.00686	0.00620	0.00893	0.01047	0.01573	0.00991	0.07045	0.80732	0.00611	0.01006	0.00423	0.00209	0.00341
2	0.00949	0.00888	0.03855	0.01012	0.12693	0.02902	0.00712	0.03220	0.60759	0.01522	0.01475	0.03832	0.03402	0.00524	0.00396	0.00129	0.00344	0.00444	0.00351	0.00593
3	0.01214	0.05404	0.01121	0.06568	0.07775	0.12396	0.02860	0.22427	0.08886	0.13317	0.06214	0.01179	0.01814	0.00460	0.00378	0.00113	0.00426	0.01150	0.00321	0.05978
4	0.00940	0.12845	0.01067	0.03699	0.01050	0.00931	0.04832	0.06693	0.41389	0.04456	0.05010	0.05553	0.06610	0.00594	0.01650	0.00132	0.00351	0.01317	0.00341	0.00540
5	0.00809	0.00549	0.02235	0.00578	0.00729	0.00522	0.00452	0.05901	0.12271	0.11883	0.28646	0.14761	0.10141	0.00742	0.00424	0.00126	0.00248	0.00640	0.07896	0.00446
6	0.01043	0.03410	0.00943	0.00847	0.02357	0.27754	0.02268	0.11223	0.03662	0.03911	0.01187	0.09779	0.02708	0.00948	0.11971	0.00195	0.03017	0.12049	0.00279	0.00449
7	0.00861	0.00800	0.01317	0.49302	0.33018	0.00904	0.01099	0.05934	0.00878	0.01180	0.00719	0.01000	0.00562	0.00376	0.00386	0.00123	0.00490	0.00345	0.00192	0.00513
8	0.00492	0.00351	0.00467	0.00544	0.00571	0.00337	0.00371	0.00564	0.00728	0.00974	0.01993	0.70068	0.02358	0.08223	0.05645	0.00204	0.00292	0.05164	0.00341	0.00312
9	0.00485	0.00376	0.00445	0.00487	0.00569	0.00336	0.00356	0.00585	0.00843	0.01070	0.08492	0.36277	0.38720	0.01069	0.00480	0.00145	0.00222	0.08353	0.00364	0.00328
10	0.01317	0.01113	0.01122	0.01006	0.06797	0.26561	0.06011	0.07020	0.06732	0.23522	0.02978	0.01089	0.01680	0.00518	0.02108	0.00130	0.09096	0.00356	0.00305	0.00540
11	0.00921	0.01028	0.02187	0.01739	0.13563	0.00972	0.71093	0.01235	0.00910	0.01245	0.00777	0.01034	0.00592	0.00329	0.00447	0.00129	0.00626	0.00442	0.00195	0.00536
12	0.00546	0.00408	0.00571	0.00571	0.00645	0.00452	0.00436	0.00671	0.00661	0.00926	0.01463	0.01895	0.12661	0.07807	0.65422	0.00524	0.00855	0.00480	0.02670	0.00337
13	0.01021	0.01136	0.01689	0.07541	0.22042	0.18777	0.34225	0.02367	0.00940	0.01174	0.00765	0.02502	0.00629	0.00385	0.00426	0.00122	0.01971	0.01568	0.00202	0.00517
14	0.02261	0.00606	0.00693	0.00635	0.00804	0.00629	0.00500	0.07064	0.25536	0.08696	0.19259	0.06631	0.15186	0.00737	0.00434	0.00133	0.00274	0.09048	0.00394	0.00477
15	0.00515	0.00385	0.00479	0.00504	0.00587	0.00366	0.00368	0.00616	0.00787	0.02764	0.04842	0.30377	0.33682	0.01491	0.20108	0.00254	0.00404	0.00806	0.00329	0.00336
16	0.00528	0.00390	0.00469	0.00511	0.00587	0.00361	0.00372	0.02964	0.00853	0.01121	0.07439	0.43033	0.26015	0.01048	0.00471	0.00145	0.00230	0.08206	0.04921	0.00338
17	0.05618	0.02050	0.15258	0.02749	0.31046	0.05196	0.03149	0.12089	0.06448	0.06978	0.00912	0.05179	0.00737	0.00433	0.00380	0.00120	0.00454	0.00372	0.00257	0.00576
18	0.06477	0.17603	0.14229	0.05093	0.01273	0.27384	0.03658	0.09955	0.01005	0.01229	0.02655	0.00973	0.00667	0.00428	0.00366	0.00111	0.02220	0.03960	0.00221	0.00493

[dist]
# distance from previous block
# <min> <max>
7	27

[block]
# block no. 2 follows, 70 sequences, length 11
# corresponding to MSA columns:
# 149-159
name=unknown_C
#
# <colnr> <probs for GDERKNQSTAVLIFYWHMCP>
#	G	D	E	R	K	N	Q	S	T	A	V	L	I	F	Y	W	H	M	C	P
0	0.22559	0.07057	0.05075	0.02428	0.06213	0.23376	0.04904	0.02572	0.00877	0.03112	0.06115	0.01088	0.02495	0.06826	0.00491	0.00134	0.03666	0.00330	0.00233	0.00449
1	0.04711	0.22595	0.01054	0.00651	0.00837	0.06778	0.00523	0.17767	0.02596	0.01283	0.03825	0.14063	0.03130	0.17762	0.00681	0.00166	0.00381	0.00480	0.00278	0.00438
2	0.00529	0.00390	0.00487	0.00527	0.00589	0.00360	0.00361	0.02879	0.00792	0.01060	0.05841	0.60972	0.09831	0.07435	0.00584	0.00162	0.00241	0.00944	0.00347	0.05668
3	0.00937	0.27611	0.19268	0.05922	0.02610	0.04047	0.11017	0.04989	0.05384	0.02358	0.00833	0.03794	0.00711	0.00466	0.01659	0.00121	0.01510	0.03707	0.00215	0.02842
4	0.04010	0.03480	0.10968	0.02337	0.07771	0.00824	0.07713	0.13491	0.08536	0.04885	0.04532	0.15923	0.05203	0.00662	0.02207	0.00141	0.06000	0.00519	0.00295	0.00503
5	0.00541	0.00370	0.00430	0.00446	0.00460	0.00362	0.00266	0.00566	0.00633	0.00842	0.04779	0.18397	0.05481	0.63004	0.01565	0.00313	0.00332	0.00683	0.00272	0.00259
6	0.03332	0.00717	0.01067	0.08760	0.22758	0.00733	0.06280	0.04670	0.09148	0.13182	0.09150	0.03562	0.01117	0.01886	0.00409	0.00123	0.00368	0.00425	0.11791	0.00523
7	0.01074	0.10749	0.14758	0.05632	0.20488	0.07919	0.09609	0.04973	0.05389	0.11883	0.02245	0.02030	0.00715	0.00403	0.00375	0.00116	0.00483	0.00350	0.00247	0.00562
8	0.00891	0.00960	0.09251	0.18426	0.40881	0.02228	0.03183	0.01270	0.12618	0.01255	0.00880	0.01116	0.00707	0.00401	0.00387	0.00122	0.00461	0.02172	0.02234	0.00557
9	0.00559	0.00394	0.00547	0.00553	0.00594	0.00433	0.00395	0.00633	0.00606	0.00848	0.01138	0.07339	0.01179	0.26429	0.50101	0.06482	0.00749	0.00497	0.00223	0.00300
10	0.07656	0.07813	0.07442	0.05066	0.05865	0.36884	0.06944	0.10251	0.01036	0.01237	0.01756	0.00824	0.00572	0.00434	0.01459	0.00118	0.03637	0.00294	0.00218	0.00493

[dist]
# distance from previous block
# <min> <max>
0	2

[block]
# block no. 3 follows, 70 sequences, length 23
# corresponding to MSA columns:
# 162-184
name=unknown_D
#
# <colnr> <probs for GDERKNQSTAVLIFYWHMCP>
#	G	D	E	R	K	N	Q	S	T	A	V	L	I	F	Y	W	H	M	C	P
0	0.00513	0.03036	0.00482	0.00467	0.00540	0.00376	0.00327	0.00591	0.00790	0.01010	0.09429	0.28843	0.30900	0.18372	0.00772	0.00188	0.00251	0.02465	0.00334	0.00314
1	0.01035	0.16441	0.03783	0.06194	0.11542	0.17653	0.01936	0.10317	0.03427	0.01226	0.04876	0.01154	0.06970	0.00484	0.00462	0.00116	0.10064	0.00356	0.01469	0.00494
2	0.01040	0.00488	0.00601	0.00525	0.00683	0.00470	0.00412	0.01227	0.03246	0.28968	0.06783	0.03041	0.01188	0.02117	0.06197	0.00148	0.01784	0.00416	0.40202	0.00465
3	0.00987	0.00760	0.00886	0.00693	0.00966	0.00736	0.00559	0.24792	0.03485	0.04166	0.00874	0.01011	0.00702	0.00847	0.16115	0.00186	0.01848	0.00312	0.00283	0.39790
4	0.00942	0.00940	0.01072	0.02249	0.17501	0.18092	0.05552	0.08846	0.02826	0.01196	0.01129	0.24589	0.01153	0.00750	0.04081	0.00152	0.07653	0.00547	0.00262	0.00466
5	0.26193	0.00685	0.00807	0.00639	0.00923	0.00654	0.00528	0.01680	0.00984	0.61140	0.01252	0.01126	0.00809	0.00446	0.00348	0.00120	0.00321	0.00340	0.00413	0.00593
6	0.00649	0.00511	0.00613	0.00646	0.07238	0.00486	0.00444	0.02935	0.09936	0.04184	0.24912	0.02890	0.40536	0.00801	0.00442	0.00127	0.00238	0.01628	0.00373	0.00412
7	0.00975	0.05658	0.03343	0.16909	0.14544	0.07216	0.08659	0.09885	0.13515	0.03823	0.03197	0.04026	0.04147	0.00478	0.00395	0.00123	0.00450	0.01863	0.00268	0.00525
8	0.00699	0.00638	0.01062	0.69617	0.02301	0.00791	0.00966	0.00935	0.00747	0.00974	0.00754	0.01125	0.00601	0.00858	0.16145	0.00221	0.00614	0.00358	0.00179	0.00415
9	0.00498	0.00368	0.00472	0.00544	0.00600	0.00342	0.00397	0.00592	0.00797	0.01033	0.02464	0.55105	0.18045	0.01143	0.00495	0.00156	0.00244	0.16021	0.00359	0.00325
10	0.00968	0.01465	0.32535	0.03591	0.13490	0.17191	0.06895	0.03618	0.06190	0.02518	0.02276	0.03784	0.02892	0.00434	0.00384	0.00120	0.00533	0.00362	0.00219	0.00535
11	0.00897	0.00836	0.01199	0.14966	0.10874	0.06931	0.15987	0.12058	0.02567	0.02548	0.13864	0.01666	0.12849	0.00532	0.00418	0.00123	0.00434	0.00483	0.00284	0.00483
12	0.70814	0.00720	0.00610	0.00570	0.02466	0.00818	0.00445	0.05427	0.00759	0.01702	0.05769	0.06947	0.00789	0.00453	0.00282	0.00122	0.00297	0.00314	0.00267	0.00426
13	0.00591	0.00546	0.03765	0.00612	0.00762	0.00481	0.06338	0.00852	0.10349	0.01242	0.20399	0.14677	0.32059	0.00856	0.00456	0.00135	0.00265	0.04862	0.00359	0.00392
14	0.00820	0.00686	0.00802	0.00618	0.00923	0.00567	0.00500	0.04082	0.06789	0.01321	0.00918	0.01264	0.00811	0.00401	0.00327	0.00079	0.00302	0.09544	0.00262	0.68985
15	0.01217	0.00749	0.00976	0.00785	0.01020	0.06683	0.09934	0.09931	0.01122	0.34136	0.17262	0.08011	0.03388	0.00595	0.00420	0.00124	0.00365	0.02357	0.00393	0.00532
16	0.01027	0.00866	0.03079	0.00826	0.01069	0.00939	0.04120	0.07266	0.65094	0.06700	0.03643	0.01410	0.01157	0.00514	0.00397	0.00129	0.00334	0.00433	0.00386	0.00608
17	0.00827	0.00589	0.04232	0.00690	0.06729	0.00506	0.00514	0.04043	0.03710	0.16537	0.26544	0.04748	0.25859	0.00735	0.00434	0.00126	0.00268	0.02073	0.00383	0.00453
18	0.00969	0.06706	0.49705	0.00994	0.01435	0.13634	0.03162	0.01327	0.03980	0.07169	0.03137	0.00913	0.00649	0.00392	0.00362	0.00114	0.00534	0.00303	0.00212	0.04302
19	0.00955	0.01013	0.01285	0.01063	0.01196	0.13422	0.14338	0.01242	0.13749	0.01098	0.00834	0.01035	0.03004	0.00564	0.00840	0.00146	0.43151	0.00375	0.00219	0.00471
20	0.07251	0.00635	0.00691	0.00628	0.00789	0.05613	0.00476	0.09187	0.02435	0.19805	0.05282	0.27735	0.05491	0.06426	0.00521	0.00148	0.00316	0.03076	0.00363	0.03132
21	0.04893	0.11684	0.01038	0.00776	0.02094	0.15847	0.02271	0.10559	0.08594	0.05194	0.06199	0.02247	0.15365	0.01772	0.00495	0.00124	0.09655	0.00431	0.00290	0.00474
22	0.07789	0.03308	0.02563	0.03241	0.02775	0.11427	0.07178	0.08193	0.11143	0.02773	0.02039	0.07222	0.03667	0.00744	0.04033	0.00157	0.02695	0.18293	0.00296	0.00463

[dist]
# distance from previous block
# <min> <max>
3	66

[block]
# block no. 4 follows, 70 sequences, length 45
# corresponding to MSA columns:
# 251-295
name=unknown_E
#
# <colnr> <probs for GDERKNQSTAVLIFYWHMCP>
#	G	D	E	R	K	N	Q	S	T	A	V	L	I	F	Y	W	H	M	C	P
0	0.04833	0.00714	0.00829	0.01532	0.02047	0.07840	0.05518	0.10433	0.00977	0.17525	0.05951	0.05028	0.11783	0.12397	0.10649	0.00216	0.00456	0.00494	0.00322	0.00454
1	0.07408	0.02627	0.01114	0.00951	0.05867	0.16432	0.00727	0.49291	0.04427	0.03088	0.00897	0.02210	0.00691	0.00462	0.00373	0.00115	0.00460	0.01945	0.00329	0.00586
2	0.25256	0.00739	0.00842	0.00668	0.00951	0.00735	0.00551	0.11533	0.02647	0.50434	0.01191	0.01089	0.00782	0.00447	0.00349	0.00120	0.00333	0.00337	0.00402	0.00594
3	0.00849	0.00802	0.01337	0.40188	0.41716	0.00887	0.01099	0.01130	0.04686	0.01153	0.00772	0.02302	0.00626	0.00386	0.00388	0.00123	0.00475	0.00361	0.00195	0.00526
4	0.04310	0.02597	0.00808	0.02793	0.00916	0.03984	0.00539	0.02532	0.02215	0.45670	0.01558	0.22889	0.01342	0.00715	0.01833	0.00139	0.01205	0.03024	0.00401	0.00528
5	0.00566	0.00401	0.00503	0.00479	0.00581	0.00363	0.00358	0.00727	0.01040	0.04103	0.62011	0.06899	0.18846	0.00838	0.00457	0.00125	0.00192	0.00732	0.00413	0.00366
6	0.01636	0.00724	0.00929	0.00717	0.01009	0.00674	0.00590	0.16367	0.01237	0.65645	0.05269	0.01323	0.01032	0.00492	0.00393	0.00119	0.00340	0.00397	0.00461	0.00646
7	0.00862	0.04533	0.64732	0.01088	0.01599	0.00954	0.06445	0.07796	0.05949	0.01340	0.00769	0.00874	0.00553	0.00382	0.00373	0.00122	0.00545	0.00309	0.00198	0.00577
8	0.01300	0.00581	0.00749	0.00607	0.00844	0.00512	0.00490	0.03010	0.02489	0.53248	0.12200	0.02024	0.18985	0.00626	0.00413	0.00123	0.00285	0.00520	0.00444	0.00552
9	0.00933	0.00806	0.00847	0.00765	0.00978	0.00925	0.00594	0.01968	0.78216	0.01587	0.01722	0.01586	0.06239	0.00554	0.00398	0.00131	0.00300	0.00462	0.00392	0.00596
10	0.79620	0.00822	0.05713	0.00555	0.00818	0.00858	0.00489	0.01180	0.00691	0.05568	0.00596	0.00674	0.00449	0.00366	0.00255	0.00120	0.00318	0.00223	0.00246	0.00440
11	0.01400	0.01572	0.01088	0.01030	0.06218	0.62953	0.00744	0.07560	0.01125	0.07748	0.00775	0.04572	0.00647	0.00444	0.00364	0.00106	0.00614	0.00312	0.00243	0.00486
12	0.00564	0.00376	0.00423	0.00423	0.00423	0.00376	0.00235	0.00564	0.00564	0.00752	0.01222	0.02537	0.01409	0.86375	0.01973	0.00376	0.00376	0.00564	0.00235	0.00235
13	0.00459	0.00390	0.00395	0.00400	0.00525	0.00327	0.00298	0.00556	0.00877	0.01045	0.03844	0.07586	0.79999	0.00993	0.00460	0.00132	0.00198	0.00831	0.00360	0.00327
14	0.00964	0.00833	0.00877	0.00789	0.01008	0.00964	0.00614	0.02060	0.83257	0.01622	0.01578	0.01446	0.01183	0.00526	0.00394	0.00131	0.00307	0.00438	0.00394	0.00614
15	0.00673	0.00399	0.00468	0.00463	0.00556	0.00382	0.00342	0.00849	0.03161	0.05703	0.24037	0.15987	0.06541	0.03488	0.00437	0.00125	0.00210	0.01746	0.34061	0.00372
16	0.00600	0.00433	0.00593	0.00676	0.00763	0.00427	0.00579	0.00764	0.00880	0.01138	0.02200	0.10869	0.08386	0.01076	0.00526	0.00173	0.00334	0.68874	0.00357	0.00351
17	0.01036	0.86609	0.02032	0.00663	0.00995	0.01534	0.00663	0.01161	0.00788	0.00912	0.00539	0.00622	0.00498	0.00332	0.00249	0.00083	0.00415	0.00207	0.00166	0.00498
18	0.05593	0.00759	0.00901	0.00707	0.00996	0.07327	0.00577	0.01829	0.01089	0.73899	0.01411	0.01239	0.00899	0.00468	0.00380	0.00118	0.00358	0.00371	0.00447	0.00632
19	0.00482	0.00355	0.00452	0.00509	0.00559	0.00325	0.00351	0.00573	0.00820	0.01088	0.15366	0.60163	0.15311	0.01112	0.00483	0.00148	0.00214	0.00995	0.00371	0.00325
20	0.00983	0.00969	0.01541	0.03494	0.78200	0.05575	0.01164	0.01207	0.00893	0.01245	0.00721	0.00946	0.00606	0.00349	0.00382	0.00114	0.00475	0.00340	0.00192	0.00602
21	0.00472	0.00337	0.00450	0.00540	0.00562	0.00315	0.00360	0.00540	0.00742	0.00990	0.02137	0.86122	0.02564	0.01215	0.00495	0.00157	0.00225	0.01102	0.00360	0.00315
22	0.04343	0.06649	0.01263	0.02618	0.10096	0.58906	0.05794	0.01426	0.01010	0.01026	0.00618	0.00751	0.00515	0.00392	0.00378	0.00106	0.03168	0.00273	0.00197	0.00472
23	0.00554	0.00406	0.00581	0.00582	0.00637	0.00460	0.00434	0.00665	0.00614	0.00873	0.01093	0.03192	0.01083	0.19182	0.67185	0.00567	0.00895	0.00456	0.00216	0.00324
24	0.00945	0.00870	0.01221	0.34355	0.29250	0.09350	0.00982	0.04396	0.00902	0.05754	0.00866	0.07798	0.00742	0.00449	0.00391	0.00123	0.00479	0.00399	0.00222	0.00506
25	0.01473	0.00916	0.01061	0.00974	0.07755	0.04345	0.00710	0.08729	0.30488	0.36413	0.01503	0.01439	0.01077	0.00561	0.00442	0.00145	0.00399	0.00434	0.00444	0.00691
26	0.00938	0.00897	0.01515	0.10143	0.73992	0.00917	0.01163	0.01195	0.03181	0.01251	0.00749	0.00980	0.00621	0.00354	0.00384	0.00117	0.00462	0.00348	0.00196	0.00597
27	0.00986	0.50109	0.24647	0.00843	0.01234	0.01242	0.05409	0.02826	0.00836	0.05132	0.00680	0.01809	0.00560	0.00405	0.01711	0.00109	0.00476	0.00269	0.00190	0.00526
28	0.00968	0.06338	0.02130	0.01573	0.07305	0.07722	0.65619	0.01258	0.00920	0.01200	0.00751	0.00986	0.00577	0.00334	0.00431	0.00124	0.00630	0.00418	0.00194	0.00521
29	0.00472	0.00337	0.00450	0.00540	0.00562	0.00315	0.00360	0.00540	0.00742	0.00990	0.02137	0.86122	0.02564	0.01215	0.00495	0.00157	0.00225	0.01102	0.00360	0.00315
30	0.00840	0.00837	0.01173	0.01007	0.01009	0.01169	0.00839	0.00927	0.00594	0.00932	0.00523	0.00866	0.00521	0.00737	0.03483	0.00182	0.83427	0.00341	0.00171	0.00422
31	0.00858	0.00721	0.00833	0.00600	0.00941	0.00572	0.00482	0.07515	0.00885	0.01358	0.00708	0.00814	0.00581	0.00301	0.00295	0.00062	0.00298	0.00239	0.00242	0.81694
32	0.00552	0.00400	0.00504	0.00561	0.00612	0.00386	0.00387	0.07115	0.00835	0.01109	0.02120	0.75647	0.06016	0.01144	0.00485	0.00153	0.00240	0.01029	0.00362	0.00343
33	0.00517	0.00367	0.00491	0.00575	0.00612	0.00352	0.00417	0.00607	0.00766	0.01015	0.02048	0.59526	0.02395	0.07494	0.00615	0.00179	0.00269	0.21085	0.00350	0.00319
34	0.05629	0.00967	0.01069	0.00826	0.01128	0.01037	0.00681	0.58672	0.03349	0.21070	0.01063	0.01017	0.00728	0.00465	0.00382	0.00118	0.00396	0.00354	0.00402	0.00647
35	0.01007	0.37967	0.31877	0.02523	0.04341	0.11070	0.00978	0.01254	0.00850	0.03970	0.00648	0.00747	0.00516	0.00360	0.00317	0.00103	0.00507	0.00255	0.00181	0.00528
36	0.00476	0.00348	0.00448	0.00519	0.00559	0.00320	0.00353	0.00556	0.00784	0.01037	0.08283	0.70506	0.12071	0.01157	0.00488	0.00152	0.00219	0.01040	0.00365	0.00320
37	0.00515	0.00384	0.00482	0.00506	0.00586	0.00351	0.00376	0.00645	0.00924	0.01234	0.33289	0.27439	0.21057	0.00988	0.00477	0.00140	0.00217	0.09662	0.00385	0.00341
38	0.00681	0.00550	0.00629	0.00623	0.00745	0.00584	0.00463	0.01178	0.33391	0.01333	0.14184	0.30667	0.09305	0.00855	0.00448	0.00140	0.00252	0.03146	0.00383	0.00443
39	0.05248	0.01155	0.01173	0.00931	0.01207	0.16110	0.07253	0.51991	0.01483	0.01942	0.00853	0.00927	0.00637	0.00587	0.05547	0.00145	0.00523	0.00338	0.01373	0.00577
40	0.00592	0.00424	0.00498	0.00510	0.00612	0.00393	0.00370	0.00772	0.07662	0.06210	0.10355	0.35468	0.32714	0.00987	0.00463	0.00140	0.00224	0.00860	0.00376	0.00370
41	0.03905	0.01783	0.01087	0.00980	0.01186	0.78757	0.00739	0.05136	0.01118	0.01037	0.00612	0.00707	0.00504	0.00401	0.00348	0.00101	0.00676	0.00253	0.00209	0.00458
42	0.00967	0.12851	0.08999	0.22125	0.34777	0.03224	0.01052	0.07685	0.00923	0.02794	0.00718	0.00916	0.00570	0.00369	0.00364	0.00115	0.00479	0.00319	0.00202	0.00550
43	0.00667	0.00426	0.00555	0.00529	0.00629	0.00397	0.00394	0.02961	0.01029	0.08926	0.54197	0.19982	0.03037	0.02753	0.00492	0.00135	0.00218	0.01874	0.00411	0.00387
44	0.04292	0.03821	0.00840	0.00714	0.00889	0.12616	0.00548	0.09305	0.27538	0.04281	0.11654	0.07240	0.02541	0.09908	0.00578	0.00151	0.01781	0.00480	0.00336	0.00486

[dist]
# distance from previous block
# <min> <max>
1	18

[block]
# block no. 5 follows, 70 sequences, length 18
# corresponding to MSA columns:
# 314-331
name=unknown_F
#
# <colnr> <probs for GDERKNQSTAVLIFYWHMCP>
#	G	D	E	R	K	N	Q	S	T	A	V	L	I	F	Y	W	H	M	C	P
0	0.02884	0.42276	0.22168	0.00792	0.01127	0.03776	0.04225	0.02365	0.00797	0.01034	0.00750	0.05037	0.00702	0.09988	0.00497	0.00133	0.00457	0.00324	0.00190	0.00478
1	0.00648	0.00639	0.11724	0.00549	0.00647	0.00500	0.00433	0.05670	0.00677	0.00923	0.01128	0.02179	0.01228	0.67153	0.04093	0.00333	0.00425	0.00509	0.00234	0.00309
2	0.02875	0.09303	0.36348	0.06155	0.06158	0.04824	0.03414	0.04371	0.02718	0.04126	0.03792	0.01034	0.03758	0.00406	0.00359	0.00112	0.00475	0.00326	0.00218	0.09230
3	0.39345	0.01041	0.04910	0.00805	0.03037	0.17077	0.03507	0.07331	0.00847	0.01438	0.00646	0.00799	0.00526	0.00604	0.06921	0.00160	0.08924	0.00274	0.01356	0.00453
4	0.00790	0.00748	0.01268	0.64240	0.23420	0.00877	0.01106	0.01041	0.00803	0.01061	0.00699	0.01015	0.00542	0.00377	0.00387	0.00126	0.00502	0.00345	0.00177	0.00477
5	0.16078	0.04387	0.07216	0.03301	0.10523	0.01969	0.06760	0.29926	0.01191	0.10785	0.00866	0.02100	0.00642	0.00417	0.00360	0.00117	0.00425	0.00334	0.00300	0.02302
6	0.00977	0.03261	0.01548	0.08366	0.64665	0.04667	0.05055	0.03246	0.02197	0.01256	0.00736	0.00955	0.00607	0.00356	0.00383	0.00116	0.00480	0.00344	0.00198	0.00587
7	0.00471	0.00344	0.00443	0.00522	0.00557	0.00316	0.00352	0.00542	0.00760	0.00997	0.02360	0.75866	0.12676	0.01186	0.00490	0.00154	0.00221	0.01067	0.00360	0.00316
8	0.00528	0.00395	0.00489	0.00466	0.00566	0.00357	0.00349	0.00691	0.01048	0.01437	0.65212	0.03090	0.22272	0.00837	0.00457	0.00124	0.00186	0.00728	0.00411	0.00357
9	0.03075	0.14959	0.36745	0.01070	0.03275	0.13603	0.10679	0.06445	0.04383	0.01244	0.00716	0.00829	0.00545	0.00374	0.00357	0.00114	0.00547	0.00299	0.00200	0.00541
10	0.00673	0.00337	0.00505	0.00505	0.00505	0.00337	0.00337	0.00505	0.00505	0.00673	0.00673	0.01178	0.00673	0.01347	0.01515	0.88721	0.00337	0.00337	0.00168	0.00168
11	0.00483	0.00369	0.00444	0.00496	0.00561	0.00336	0.00345	0.00589	0.02664	0.01050	0.06641	0.53667	0.28744	0.01104	0.00479	0.00147	0.00216	0.00976	0.00364	0.00328
12	0.00504	0.00395	0.00456	0.00441	0.00552	0.00347	0.00330	0.00645	0.00991	0.01303	0.44120	0.03311	0.43447	0.00887	0.00458	0.00126	0.00190	0.00759	0.00394	0.00347
13	0.00915	0.00882	0.02487	0.04911	0.57056	0.02349	0.03046	0.02260	0.06803	0.01232	0.00824	0.01091	0.00701	0.03918	0.06607	0.00166	0.03614	0.00366	0.00210	0.00561
14	0.00488	0.00377	0.00449	0.00494	0.00574	0.00338	0.00362	0.00588	0.00841	0.01068	0.07911	0.37033	0.36948	0.01074	0.00482	0.00146	0.00225	0.09911	0.00364	0.00328
15	0.01448	0.01848	0.01099	0.00999	0.01199	0.84819	0.00749	0.01548	0.01099	0.00949	0.00599	0.00699	0.00499	0.00400	0.00350	0.00100	0.00699	0.00250	0.00200	0.00449
16	0.03876	0.01303	0.01486	0.06932	0.39916	0.23673	0.02730	0.03615	0.01093	0.04278	0.00940	0.01207	0.00797	0.00545	0.00525	0.00158	0.05585	0.00395	0.00288	0.00658
17	0.00618	0.00496	0.00654	0.00692	0.00766	0.03582	0.03711	0.02228	0.00836	0.01090	0.01914	0.42652	0.02171	0.01060	0.00530	0.00162	0.03337	0.32805	0.00340	0.00355

[dist]
# distance from previous block
# <min> <max>
1	4

[block]
# block no. 6 follows, 70 sequences, length 26
# corresponding to MSA columns:
# 336-361
name=unknown_G
#
# <colnr> <probs for GDERKNQSTAVLIFYWHMCP>
#	G	D	E	R	K	N	Q	S	T	A	V	L	I	F	Y	W	H	M	C	P
0	0.01913	0.24660	0.35148	0.01037	0.04134	0.01071	0.11823	0.04319	0.04939	0.03734	0.00785	0.03379	0.00625	0.00392	0.00353	0.00114	0.00497	0.00326	0.00206	0.00546
1	0.00947	0.02370	0.33986	0.02276	0.09005	0.07634	0.09216	0.10620	0.10930	0.01398	0.04650	0.03521	0.00821	0.00439	0.00389	0.00122	0.00502	0.00374	0.00244	0.00557
2	0.00475	0.00349	0.00446	0.00520	0.00561	0.00320	0.00355	0.00551	0.00774	0.01014	0.04351	0.70766	0.14482	0.01168	0.00489	0.00153	0.00222	0.02325	0.00361	0.00319
3	0.02145	0.11645	0.06389	0.00850	0.01146	0.09716	0.00734	0.41088	0.13250	0.05070	0.02001	0.02545	0.00770	0.00462	0.00368	0.00114	0.00433	0.00349	0.00330	0.00594
4	0.00950	0.27412	0.34033	0.03549	0.01519	0.01111	0.16652	0.05412	0.00888	0.04015	0.00705	0.00831	0.00537	0.00359	0.00351	0.00112	0.00523	0.00304	0.00193	0.00544
5	0.01000	0.31472	0.30008	0.00998	0.06085	0.04618	0.04759	0.05125	0.04643	0.04989	0.00728	0.00821	0.00567	0.00377	0.00353	0.00109	0.02311	0.00284	0.00205	0.00548
6	0.00951	0.39637	0.32901	0.00976	0.02658	0.01181	0.11021	0.01225	0.00829	0.04366	0.00670	0.00780	0.00526	0.00351	0.00327	0.00106	0.00501	0.00277	0.00182	0.00537
7	0.01152	0.00626	0.00788	0.00656	0.00868	0.00600	0.02590	0.14889	0.03163	0.32313	0.08552	0.14226	0.12288	0.00674	0.00416	0.00126	0.00301	0.00572	0.04679	0.00522
8	0.00901	0.24474	0.03854	0.38738	0.14522	0.02228	0.04345	0.04597	0.00852	0.01090	0.00667	0.00894	0.00534	0.00366	0.00351	0.00113	0.00486	0.00309	0.00184	0.00495
9	0.00893	0.02575	0.38549	0.02440	0.07601	0.00917	0.16922	0.08423	0.08575	0.02476	0.00918	0.06316	0.00735	0.00436	0.00398	0.00126	0.00515	0.00396	0.00230	0.00559
10	0.00535	0.00365	0.00453	0.00504	0.00527	0.00355	0.00333	0.00592	0.00689	0.00931	0.01725	0.40665	0.02002	0.35323	0.01083	0.00244	0.00297	0.09149	0.03938	0.00289
11	0.00496	0.00355	0.00473	0.00554	0.00590	0.00335	0.00390	0.00581	0.00773	0.01027	0.05071	0.69053	0.04207	0.03155	0.00532	0.00163	0.00243	0.11321	0.00359	0.00320
12	0.02501	0.03187	0.05003	0.00621	0.02938	0.07317	0.00447	0.02125	0.05208	0.02589	0.05401	0.04341	0.03101	0.43779	0.06457	0.03458	0.00432	0.00497	0.00253	0.00343
13	0.01059	0.70544	0.05772	0.00696	0.01029	0.01418	0.00692	0.08533	0.00890	0.02415	0.00680	0.00747	0.02309	0.00363	0.00274	0.00090	0.00414	0.00242	0.01320	0.00513
14	0.00477	0.00348	0.00448	0.00518	0.00559	0.00320	0.00353	0.00557	0.00786	0.01040	0.08665	0.69940	0.12253	0.01154	0.00488	0.00152	0.00218	0.01038	0.00365	0.00320
15	0.01043	0.55867	0.17026	0.00821	0.01191	0.05271	0.04186	0.08555	0.00907	0.01124	0.00616	0.00707	0.00515	0.00353	0.00297	0.00096	0.00468	0.00247	0.00188	0.00525
16	0.02610	0.00903	0.03445	0.00827	0.01047	0.10019	0.07077	0.20002	0.12518	0.07386	0.10231	0.08510	0.03458	0.00723	0.05018	0.00153	0.01558	0.03665	0.00337	0.00511
17	0.04961	0.00675	0.00885	0.00685	0.00975	0.00606	0.00565	0.06042	0.01130	0.73440	0.04845	0.01338	0.01035	0.00487	0.00387	0.00120	0.00328	0.00394	0.00464	0.00639
18	0.00558	0.00417	0.00623	0.00628	0.00698	0.00483	0.00492	0.00698	0.00638	0.00914	0.01094	0.01678	0.01038	0.02808	0.80252	0.00599	0.01001	0.04819	0.00216	0.00347
19	0.00972	0.01037	0.08128	0.05408	0.65461	0.03947	0.01161	0.04544	0.00912	0.01280	0.00722	0.00938	0.00595	0.00365	0.00407	0.00117	0.02879	0.00337	0.00197	0.00594
20	0.38943	0.01008	0.07626	0.00823	0.05317	0.06544	0.02427	0.20471	0.02024	0.08062	0.02101	0.00848	0.00605	0.00408	0.00332	0.00119	0.01244	0.00290	0.00285	0.00523
21	0.00564	0.00376	0.00423	0.00423	0.00423	0.00376	0.00235	0.00564	0.00564	0.00752	0.01222	0.02537	0.01409	0.86375	0.01973	0.00376	0.00376	0.00564	0.00235	0.00235
22	0.00586	0.00463	0.00619	0.00614	0.00684	0.03496	0.00469	0.00715	0.00661	0.00926	0.05537	0.01645	0.01132	0.09004	0.70959	0.00558	0.00930	0.00436	0.00221	0.00343
23	0.01141	0.19613	0.06640	0.00834	0.03195	0.04112	0.00710	0.14944	0.32281	0.09882	0.01133	0.02068	0.00857	0.00458	0.00359	0.00115	0.00387	0.00357	0.00325	0.00588
24	0.00915	0.00716	0.02948	0.00796	0.05932	0.02061	0.00584	0.25399	0.06430	0.04793	0.02397	0.35031	0.05602	0.00800	0.00436	0.00136	0.00327	0.02688	0.01531	0.00481
25	0.00472	0.00337	0.00450	0.00540	0.00562	0.00315	0.00360	0.00540	0.00742	0.00990	0.02137	0.86122	0.02564	0.01215	0.00495	0.00157	0.00225	0.01102	0.00360	0.00315

[dist]
# distance from previous block
# <min> <max>
0	3

# created by:
# /st0/software/busco_prod/Augustus/scripts/msa2prfl.pl ./align_prep/30149.fa
