[name]
unknown

[dist]
# distance from previous block
# <min> <max>
8	18

[block]
# block no. 0 follows, 71 sequences, length 61
# corresponding to MSA columns:
# 21-81
name=unknown_A
#
# <colnr> <probs for GDERKNQSTAVLIFYWHMCP>
#	G	D	E	R	K	N	Q	S	T	A	V	L	I	F	Y	W	H	M	C	P
0	0.00895	0.06012	0.06584	0.00817	0.04052	0.02513	0.06996	0.07981	0.06766	0.01339	0.03482	0.00932	0.00706	0.00362	0.00363	0.00088	0.03616	0.00296	0.00243	0.45958
1	0.01049	0.07949	0.05982	0.01316	0.19970	0.22481	0.15773	0.01283	0.03929	0.03560	0.00770	0.02783	0.00636	0.00439	0.02472	0.00120	0.00538	0.00336	0.00212	0.08401
2	0.03290	0.00860	0.01442	0.11197	0.62547	0.00868	0.04409	0.01132	0.00857	0.01241	0.02785	0.00990	0.00663	0.00353	0.00375	0.00113	0.00448	0.00344	0.00197	0.05886
3	0.02390	0.00825	0.00953	0.00714	0.01033	0.00779	0.02040	0.29212	0.04212	0.10665	0.00885	0.00918	0.00658	0.00375	0.00335	0.00088	0.00343	0.00296	0.00313	0.42963
4	0.00539	0.00391	0.00515	0.00531	0.00573	0.00390	0.02245	0.00608	0.00670	0.00894	0.01654	0.24266	0.07228	0.35531	0.15003	0.00317	0.00434	0.07638	0.00278	0.00294
5	0.03466	0.04837	0.03051	0.04225	0.03957	0.15288	0.06964	0.19811	0.01099	0.17007	0.00914	0.01939	0.00698	0.02024	0.05627	0.04682	0.03255	0.00347	0.00289	0.00519
6	0.00833	0.12056	0.58286	0.01077	0.01563	0.00947	0.11793	0.01202	0.00825	0.03380	0.00758	0.03069	0.00588	0.00389	0.00367	0.00119	0.00540	0.01481	0.00182	0.00544
7	0.00578	0.00413	0.00572	0.00660	0.00731	0.00407	0.00548	0.00725	0.00843	0.01102	0.02052	0.26249	0.02295	0.01097	0.00519	0.00171	0.00318	0.60027	0.00354	0.00342
8	0.02137	0.02099	0.00931	0.00796	0.01029	0.02506	0.00628	0.15631	0.66010	0.01720	0.01408	0.01310	0.01052	0.00503	0.00384	0.00126	0.00332	0.00409	0.00380	0.00608
9	0.00834	0.00807	0.01319	0.00942	0.01300	0.00675	0.29827	0.01059	0.00834	0.01242	0.00715	0.00880	0.00573	0.00298	0.00344	0.00083	0.00413	0.00308	0.00215	0.57332
10	0.00806	0.12934	0.64925	0.01061	0.01571	0.00965	0.07956	0.01190	0.00815	0.01170	0.00755	0.00874	0.02571	0.00371	0.00358	0.00117	0.00543	0.00300	0.00170	0.00547
11	0.00794	0.03963	0.70983	0.01155	0.01691	0.00917	0.12764	0.01215	0.00822	0.01208	0.00696	0.00836	0.00499	0.00358	0.00374	0.00122	0.00574	0.00305	0.00166	0.00558
12	0.00897	0.01019	0.02222	0.01590	0.01971	0.00956	0.80841	0.01217	0.00909	0.01235	0.02694	0.01076	0.00652	0.00334	0.00452	0.00129	0.00636	0.00458	0.00199	0.00514
13	0.39822	0.00702	0.00754	0.00610	0.00881	0.00708	0.00503	0.03560	0.00921	0.46356	0.01072	0.00998	0.00709	0.00423	0.00321	0.00119	0.00316	0.00307	0.00369	0.00549
14	0.00817	0.05334	0.69867	0.01090	0.01609	0.02156	0.07043	0.01221	0.00828	0.03168	0.00742	0.00922	0.00550	0.00382	0.00370	0.00121	0.00556	0.02491	0.00177	0.00555
15	0.00985	0.00922	0.15671	0.18101	0.14723	0.00758	0.05397	0.01225	0.00869	0.20293	0.03703	0.03477	0.00838	0.00620	0.06312	0.00159	0.03660	0.01502	0.00261	0.00524
16	0.84893	0.00743	0.00576	0.00512	0.00749	0.00857	0.00421	0.03324	0.00689	0.01724	0.00619	0.00699	0.02273	0.00372	0.00246	0.00119	0.00298	0.00225	0.00244	0.00420
17	0.01720	0.00653	0.00890	0.00682	0.00979	0.00564	0.00564	0.01869	0.01097	0.84399	0.01513	0.01305	0.00949	0.00475	0.00386	0.00119	0.00326	0.00386	0.00475	0.00653
18	0.00849	0.03155	0.18392	0.15722	0.16257	0.04378	0.25862	0.01138	0.00853	0.01154	0.00829	0.04559	0.00700	0.00416	0.00406	0.00126	0.00540	0.03960	0.00196	0.00508
19	0.00847	0.00652	0.01109	0.03514	0.09083	0.00638	0.18359	0.02925	0.00913	0.10633	0.04576	0.04748	0.01456	0.02063	0.05289	0.00176	0.00458	0.31803	0.00305	0.00453
20	0.00568	0.00417	0.00545	0.00607	0.00692	0.00401	0.00503	0.00712	0.00860	0.01109	0.06199	0.10738	0.17200	0.05939	0.00590	0.00175	0.00306	0.51751	0.00350	0.00338
21	0.00607	0.00431	0.00537	0.00550	0.00664	0.00401	0.00447	0.02258	0.00947	0.04881	0.20919	0.05950	0.29000	0.00936	0.00477	0.00144	0.00259	0.29853	0.00375	0.00363
22	0.16702	0.09714	0.17468	0.06056	0.04779	0.23340	0.00828	0.06357	0.02139	0.08224	0.00717	0.00802	0.00542	0.00385	0.00331	0.00111	0.00496	0.00273	0.00230	0.00506
23	0.00680	0.00419	0.00490	0.00472	0.00516	0.00412	0.00297	0.01911	0.02896	0.08534	0.02596	0.08685	0.02803	0.64895	0.01568	0.00312	0.00349	0.01589	0.00277	0.00298
24	0.00615	0.00444	0.00610	0.00687	0.00779	0.00443	0.00595	0.00806	0.02420	0.01170	0.05874	0.04184	0.04838	0.01034	0.00521	0.00172	0.00339	0.73752	0.00357	0.00357
25	0.01043	0.00984	0.01493	0.01147	0.01447	0.04625	0.34421	0.15877	0.27861	0.02642	0.01097	0.01235	0.00837	0.00439	0.00417	0.00127	0.00484	0.02961	0.00300	0.00564
26	0.01458	0.01074	0.01151	0.00882	0.01189	0.01189	0.00729	0.82855	0.01803	0.02416	0.00921	0.00921	0.00652	0.00460	0.00384	0.00115	0.00422	0.00345	0.00384	0.00652
27	0.00715	0.00357	0.00357	0.00357	0.00447	0.00357	0.00268	0.00893	0.00804	0.01429	0.01251	0.01429	0.00983	0.00447	0.00268	0.00089	0.00179	0.00357	0.88654	0.00357
28	0.00795	0.00681	0.00795	0.00568	0.00909	0.00511	0.00454	0.00965	0.00795	0.01249	0.00681	0.00795	0.00568	0.00284	0.00284	0.00057	0.00284	0.00227	0.00227	0.88869
29	0.85382	0.00738	0.00578	0.00512	0.00752	0.00847	0.00422	0.01160	0.00672	0.05359	0.00577	0.00653	0.00439	0.00361	0.00244	0.00119	0.00298	0.00215	0.00248	0.00426
30	0.00949	0.00911	0.01556	0.02353	0.84133	0.00911	0.01177	0.01177	0.00873	0.01253	0.00721	0.00949	0.00607	0.00342	0.00380	0.00114	0.00456	0.00342	0.00190	0.00607
31	0.01267	0.00841	0.00939	0.00772	0.01025	0.00910	0.00617	0.27288	0.35055	0.20630	0.01332	0.01295	0.00968	0.04700	0.00463	0.00135	0.00349	0.00401	0.00400	0.00613
32	0.01065	0.00509	0.00671	0.00573	0.00757	0.00450	0.00454	0.01218	0.01049	0.38852	0.32686	0.05477	0.10478	0.00689	0.00426	0.00124	0.00255	0.03346	0.00434	0.00487
33	0.00529	0.00406	0.00495	0.00535	0.00635	0.00374	0.00432	0.00660	0.00877	0.01108	0.08696	0.09752	0.37958	0.02444	0.00512	0.00154	0.00262	0.33477	0.00357	0.00336
34	0.01544	0.00935	0.01065	0.00816	0.01120	0.00983	0.00674	0.56222	0.01571	0.29377	0.01115	0.01047	0.00750	0.00465	0.00384	0.00116	0.00390	0.00358	0.00413	0.00652
35	0.81784	0.00734	0.00591	0.00519	0.00762	0.00835	0.00428	0.01190	0.00690	0.08758	0.00617	0.00681	0.00461	0.00366	0.00250	0.00119	0.00299	0.00223	0.00257	0.00435
36	0.12420	0.00446	0.00528	0.00489	0.00605	0.00433	0.00373	0.00806	0.01025	0.03766	0.69479	0.02535	0.04236	0.00721	0.00422	0.00120	0.00200	0.00622	0.00398	0.00376
37	0.01194	0.00897	0.00971	0.00811	0.01064	0.01001	0.00652	0.33706	0.42724	0.07777	0.01322	0.01321	0.00987	0.00512	0.00392	0.00125	0.00353	0.03179	0.00392	0.00619
38	0.89233	0.00741	0.00564	0.00504	0.00741	0.00860	0.00415	0.01127	0.00653	0.01720	0.00534	0.00623	0.00415	0.00356	0.00237	0.00119	0.00297	0.00208	0.00237	0.00415
39	0.00558	0.00372	0.00418	0.00418	0.00418	0.00372	0.00232	0.00558	0.00558	0.00743	0.01208	0.02509	0.01394	0.86525	0.01952	0.00372	0.00372	0.00558	0.00232	0.00232
40	0.16155	0.00611	0.00738	0.00602	0.00828	0.00580	0.00479	0.03457	0.00976	0.48012	0.11628	0.02792	0.01257	0.09548	0.00535	0.00146	0.00309	0.00422	0.00399	0.00527
41	0.00467	0.00334	0.00445	0.00534	0.00556	0.00311	0.00356	0.00534	0.00734	0.00979	0.02113	0.86275	0.02536	0.01201	0.00489	0.00156	0.00222	0.01090	0.00356	0.00311
42	0.89233	0.00741	0.00564	0.00504	0.00741	0.00860	0.00415	0.01127	0.00653	0.01720	0.00534	0.00623	0.00415	0.00356	0.00237	0.00119	0.00297	0.00208	0.00237	0.00415
43	0.85662	0.00738	0.00577	0.00511	0.00751	0.00848	0.00421	0.01157	0.00671	0.05095	0.00574	0.00651	0.00437	0.00361	0.00243	0.00119	0.00298	0.00215	0.00247	0.00425
44	0.00573	0.00390	0.00478	0.00458	0.00521	0.00368	0.00313	0.00678	0.00867	0.03407	0.44299	0.03764	0.07504	0.33571	0.01024	0.00218	0.00259	0.00645	0.00346	0.00317
45	0.00553	0.00371	0.00425	0.00434	0.00438	0.00369	0.00251	0.00562	0.00579	0.00771	0.01294	0.08447	0.01496	0.78257	0.01811	0.00351	0.00361	0.02746	0.00244	0.00241
46	0.89233	0.00741	0.00564	0.00504	0.00741	0.00860	0.00415	0.01127	0.00653	0.01720	0.00534	0.00623	0.00415	0.00356	0.00237	0.00119	0.00297	0.00208	0.00237	0.00415
47	0.00474	0.00337	0.00446	0.00531	0.00554	0.00316	0.00354	0.00539	0.00728	0.00971	0.02070	0.81085	0.02478	0.05152	0.00558	0.00166	0.00231	0.02351	0.00350	0.00308
48	0.00558	0.00372	0.00418	0.00418	0.00418	0.00372	0.00232	0.00558	0.00558	0.00743	0.01208	0.02509	0.01394	0.86525	0.01952	0.00372	0.00372	0.00558	0.00232	0.00232
49	0.00614	0.00438	0.00613	0.00702	0.00788	0.00438	0.00611	0.00787	0.00879	0.01143	0.02032	0.06501	0.02215	0.01063	0.00529	0.00176	0.00350	0.79416	0.00353	0.00352
50	0.01702	0.00682	0.00908	0.00696	0.00993	0.00607	0.00575	0.07451	0.01146	0.78748	0.01472	0.01279	0.00929	0.00474	0.00385	0.00118	0.00333	0.00383	0.00468	0.00652
51	0.01458	0.01074	0.01151	0.00882	0.01189	0.01189	0.00729	0.82855	0.01803	0.02416	0.00921	0.00921	0.00652	0.00460	0.00384	0.00115	0.00422	0.00345	0.00384	0.00652
52	0.00618	0.00441	0.00618	0.00706	0.00794	0.00441	0.00618	0.00794	0.00883	0.01147	0.02030	0.04325	0.02207	0.01059	0.00530	0.00177	0.00353	0.81553	0.00353	0.00353
53	0.01614	0.00765	0.01004	0.00767	0.01068	0.00727	0.03959	0.19936	0.02783	0.61143	0.01351	0.01210	0.00872	0.00466	0.00388	0.00118	0.00360	0.00380	0.00441	0.00646
54	0.00548	0.00411	0.00616	0.00616	0.00685	0.00479	0.00479	0.00685	0.00616	0.00890	0.01027	0.01506	0.00959	0.02876	0.85006	0.00616	0.01027	0.00411	0.00205	0.00342
55	0.01025	0.86756	0.02009	0.00656	0.00984	0.01517	0.00656	0.01148	0.00779	0.00902	0.00533	0.00615	0.00492	0.00328	0.00246	0.00082	0.00410	0.00205	0.00164	0.00492
56	0.00920	0.00671	0.00762	0.00678	0.00862	0.00724	0.00526	0.05741	0.42885	0.10408	0.25495	0.05541	0.01892	0.00619	0.00412	0.00126	0.00273	0.00528	0.00407	0.00530
57	0.00833	0.00680	0.00799	0.00573	0.00912	0.00513	0.00459	0.01003	0.00808	0.04685	0.00716	0.00816	0.00584	0.00292	0.00288	0.00059	0.00286	0.00234	0.00237	0.85224
58	0.02541	0.00483	0.04208	0.00550	0.00662	0.00409	0.00431	0.02186	0.02132	0.03422	0.21213	0.36924	0.14022	0.00936	0.00454	0.00137	0.00243	0.05530	0.00360	0.03160
59	0.46684	0.00798	0.00851	0.00733	0.00879	0.01001	0.00608	0.05552	0.00697	0.02975	0.00561	0.00740	0.00474	0.00493	0.00665	0.00139	0.35224	0.00271	0.00221	0.00434
60	0.05000	0.00795	0.00824	0.00740	0.00938	0.03794	0.00579	0.11818	0.47764	0.03841	0.02456	0.05998	0.02854	0.04371	0.00467	0.00141	0.00331	0.06383	0.00366	0.00541

[dist]
# distance from previous block
# <min> <max>
1	25

[block]
# block no. 1 follows, 71 sequences, length 109
# corresponding to MSA columns:
# 107-215
name=unknown_B
#
# <colnr> <probs for GDERKNQSTAVLIFYWHMCP>
#	G	D	E	R	K	N	Q	S	T	A	V	L	I	F	Y	W	H	M	C	P
0	0.09470	0.00498	0.00666	0.00588	0.00730	0.00478	0.05518	0.01985	0.01010	0.08962	0.52199	0.06421	0.05094	0.00718	0.00429	0.00125	0.00247	0.04071	0.00386	0.00403
1	0.06175	0.02360	0.04102	0.03768	0.28773	0.05220	0.21957	0.09257	0.05262	0.03207	0.00871	0.05726	0.00724	0.00414	0.00393	0.00121	0.00484	0.00401	0.00237	0.00545
2	0.01925	0.02720	0.02291	0.01260	0.13502	0.04147	0.18474	0.07750	0.04832	0.01215	0.00806	0.07112	0.00727	0.00529	0.00690	0.00137	0.28989	0.00412	0.00222	0.02260
3	0.00489	0.00396	0.00443	0.00460	0.00571	0.00353	0.00356	0.00599	0.00849	0.01043	0.04554	0.06714	0.59673	0.03252	0.05758	0.00174	0.00276	0.13367	0.00344	0.00327
4	0.01388	0.00858	0.00982	0.02611	0.01076	0.02979	0.00641	0.42269	0.02315	0.27258	0.02614	0.06411	0.00927	0.00647	0.05060	0.00146	0.00417	0.00412	0.00391	0.00598
5	0.00959	0.60927	0.20156	0.00842	0.03771	0.01336	0.03299	0.01161	0.00788	0.00992	0.00580	0.00686	0.00497	0.00344	0.00305	0.00095	0.02349	0.00237	0.00165	0.00511
6	0.00470	0.00337	0.00447	0.00534	0.00560	0.00314	0.00359	0.00539	0.00741	0.00984	0.02157	0.82550	0.04614	0.01193	0.00489	0.00155	0.00224	0.02665	0.00356	0.00313
7	0.00809	0.00690	0.00803	0.00575	0.00915	0.00526	0.00460	0.02747	0.00817	0.01275	0.00687	0.00798	0.00570	0.00288	0.00286	0.00058	0.00287	0.00230	0.00231	0.86950
8	0.00538	0.00366	0.00438	0.00466	0.00477	0.00361	0.00288	0.00567	0.00623	0.00829	0.01491	0.23935	0.01736	0.59366	0.01489	0.00304	0.00333	0.05861	0.00271	0.00260
9	0.00919	0.00878	0.01484	0.13513	0.71042	0.00904	0.01147	0.01172	0.02972	0.01225	0.00737	0.00971	0.00609	0.00352	0.00380	0.00116	0.00459	0.00344	0.00192	0.00583
10	0.00888	0.01156	0.13303	0.01548	0.03667	0.00957	0.68774	0.01238	0.02201	0.01233	0.00775	0.01008	0.00579	0.00332	0.00438	0.00128	0.00626	0.00427	0.00193	0.00527
11	0.00905	0.01034	0.02262	0.01616	0.02004	0.00970	0.82741	0.01228	0.00905	0.01228	0.00776	0.01034	0.00582	0.00323	0.00452	0.00129	0.00646	0.00452	0.00194	0.00517
12	0.00573	0.00418	0.00557	0.00609	0.00699	0.00402	0.00508	0.00735	0.00918	0.01211	0.20310	0.08448	0.12390	0.00996	0.00501	0.00157	0.00289	0.49561	0.00369	0.00349
13	0.00937	0.00898	0.01534	0.06959	0.79624	0.00908	0.01171	0.01166	0.00867	0.01238	0.00719	0.00953	0.00602	0.00344	0.00380	0.00115	0.00459	0.00342	0.00189	0.00597
14	0.00474	0.00360	0.00438	0.00487	0.00552	0.00323	0.00343	0.00564	0.00815	0.01053	0.10222	0.49789	0.28877	0.01085	0.00475	0.00145	0.00213	0.03104	0.00362	0.00321
15	0.00980	0.00999	0.02136	0.01530	0.01909	0.00932	0.75168	0.01287	0.00923	0.08893	0.00844	0.01059	0.00616	0.00337	0.00446	0.00128	0.00617	0.00446	0.00220	0.00530
16	0.00568	0.00368	0.00426	0.00426	0.00426	0.00368	0.00242	0.00552	0.00552	0.00736	0.01158	0.02385	0.01327	0.78674	0.01910	0.08525	0.00368	0.00537	0.00226	0.00226
17	0.02490	0.00850	0.01032	0.03600	0.09682	0.00900	0.00700	0.25360	0.23522	0.25871	0.01233	0.01172	0.00866	0.00465	0.00384	0.00120	0.00367	0.00378	0.00383	0.00625
18	0.01018	0.84500	0.04205	0.00668	0.01002	0.01500	0.00676	0.01150	0.00780	0.00910	0.00537	0.00620	0.00492	0.00329	0.00249	0.00083	0.00414	0.00207	0.00164	0.00494
19	0.00613	0.00438	0.00611	0.00692	0.00781	0.00436	0.00602	0.00790	0.00895	0.01172	0.07120	0.04234	0.02294	0.01042	0.00525	0.00173	0.00342	0.76528	0.00357	0.00354
20	0.61659	0.00680	0.00621	0.00546	0.00765	0.00754	0.00442	0.01192	0.02339	0.14730	0.00754	0.00845	0.00570	0.00621	0.06488	0.05669	0.00357	0.00263	0.00271	0.00436
21	0.00943	0.00902	0.01446	0.14124	0.59331	0.02856	0.03606	0.03782	0.06879	0.01267	0.00781	0.00990	0.00632	0.00365	0.00382	0.00117	0.00463	0.00350	0.00208	0.00576
22	0.00741	0.00699	0.01181	0.79250	0.08860	0.00856	0.01073	0.00995	0.00775	0.01000	0.00685	0.01017	0.00518	0.00380	0.00383	0.00127	0.00507	0.00341	0.00172	0.00440
23	0.01463	0.00897	0.01023	0.00803	0.01091	0.00946	0.00660	0.46060	0.10774	0.28222	0.01208	0.01185	0.00843	0.00487	0.00389	0.00119	0.00377	0.02403	0.00412	0.00640
24	0.00608	0.00419	0.00640	0.00690	0.05816	0.00463	0.00479	0.00660	0.00598	0.00846	0.00901	0.01371	0.00850	0.02261	0.55012	0.26718	0.00786	0.00383	0.00193	0.00307
25	0.03197	0.01084	0.01129	0.00875	0.01175	0.03714	0.00720	0.76619	0.03920	0.02336	0.00920	0.00921	0.00656	0.00458	0.00380	0.00115	0.00424	0.00342	0.00375	0.00640
26	0.01458	0.01074	0.01151	0.00882	0.01189	0.01189	0.00729	0.82855	0.01803	0.02416	0.00921	0.00921	0.00652	0.00460	0.00384	0.00115	0.00422	0.00345	0.00384	0.00652
27	0.01720	0.00653	0.00890	0.00682	0.00979	0.00564	0.00564	0.01869	0.01097	0.84399	0.01513	0.01305	0.00949	0.00475	0.00386	0.00119	0.00326	0.00386	0.00475	0.00653
28	0.00932	0.00894	0.01526	0.08553	0.78065	0.00907	0.01168	0.01162	0.00865	0.01232	0.00718	0.00954	0.00600	0.00345	0.00380	0.00115	0.00460	0.00342	0.00188	0.00594
29	0.01432	0.01827	0.01087	0.00988	0.01185	0.84986	0.00741	0.01531	0.01087	0.00938	0.00593	0.00691	0.00494	0.00395	0.00346	0.00099	0.00691	0.00247	0.00198	0.00444
30	0.00558	0.00372	0.00418	0.00418	0.00418	0.00372	0.00232	0.00558	0.00558	0.00743	0.01208	0.02509	0.01394	0.86525	0.01952	0.00372	0.00372	0.00558	0.00232	0.00232
31	0.89233	0.00741	0.00564	0.00504	0.00741	0.00860	0.00415	0.01127	0.00653	0.01720	0.00534	0.00623	0.00415	0.00356	0.00237	0.00119	0.00297	0.00208	0.00237	0.00415
32	0.00548	0.00408	0.00602	0.00602	0.00665	0.00472	0.00461	0.00676	0.00612	0.00880	0.01040	0.01578	0.00990	0.08899	0.79025	0.00599	0.00980	0.00421	0.00207	0.00334
33	0.00464	0.00390	0.00405	0.00413	0.00537	0.00331	0.00314	0.00565	0.00870	0.01041	0.03709	0.06347	0.76134	0.00984	0.00459	0.00133	0.00205	0.06016	0.00356	0.00325
34	0.89233	0.00741	0.00564	0.00504	0.00741	0.00860	0.00415	0.01127	0.00653	0.01720	0.00534	0.00623	0.00415	0.00356	0.00237	0.00119	0.00297	0.00208	0.00237	0.00415
35	0.06398	0.00451	0.00589	0.00650	0.00744	0.00452	0.00537	0.00823	0.02142	0.05036	0.01911	0.22769	0.02082	0.01988	0.00509	0.00167	0.00317	0.51720	0.00351	0.00364
36	0.00473	0.00389	0.00416	0.00409	0.00530	0.00332	0.00307	0.00589	0.00921	0.01148	0.21775	0.03505	0.66017	0.00929	0.00453	0.00127	0.00191	0.00783	0.00371	0.00332
37	0.00550	0.00401	0.00568	0.00568	0.00620	0.00453	0.00419	0.00654	0.00602	0.00854	0.01071	0.01750	0.01064	0.23212	0.64814	0.00557	0.00868	0.00446	0.00212	0.00316
38	0.01508	0.00948	0.01067	0.00823	0.01123	0.01008	0.00678	0.57314	0.05054	0.24786	0.01109	0.01047	0.00755	0.00467	0.00384	0.00117	0.00391	0.00360	0.00409	0.00650
39	0.87037	0.00739	0.00572	0.00509	0.00747	0.00853	0.00419	0.01146	0.00664	0.03796	0.00558	0.00640	0.00429	0.00359	0.00241	0.00119	0.00297	0.00212	0.00243	0.00421
40	0.00614	0.00441	0.00557	0.00517	0.00625	0.00425	0.00391	0.00882	0.09109	0.03756	0.73706	0.02683	0.03308	0.00750	0.00444	0.00121	0.00197	0.00660	0.00420	0.00393
41	0.00769	0.01983	0.84538	0.01093	0.01659	0.00890	0.01417	0.01214	0.00810	0.01214	0.00688	0.00810	0.00486	0.00364	0.00364	0.00121	0.00567	0.00283	0.00162	0.00567
42	0.00715	0.00357	0.00357	0.00357	0.00447	0.00357	0.00268	0.00893	0.00804	0.01429	0.01251	0.01429	0.00983	0.00447	0.00268	0.00089	0.00179	0.00357	0.88654	0.00357
43	0.03442	0.00598	0.00684	0.00579	0.00762	0.00607	0.00460	0.16760	0.06122	0.17754	0.20367	0.01618	0.01519	0.00535	0.00362	0.00110	0.00265	0.00439	0.26529	0.00489
44	0.00489	0.00388	0.00439	0.00430	0.00541	0.00338	0.00321	0.00618	0.00954	0.01232	0.35428	0.05646	0.50011	0.00904	0.00454	0.00127	0.00190	0.00771	0.00382	0.00338
45	0.00769	0.01983	0.84538	0.01093	0.01659	0.00890	0.01417	0.01214	0.00810	0.01214	0.00688	0.00810	0.00486	0.00364	0.00364	0.00121	0.00567	0.00283	0.00162	0.00567
46	0.06918	0.01044	0.01109	0.00854	0.01157	0.01155	0.00706	0.76075	0.01716	0.04096	0.00909	0.00910	0.00644	0.00454	0.00375	0.00115	0.00412	0.00338	0.00376	0.00637
47	0.00551	0.00413	0.00506	0.00550	0.00607	0.00412	0.00382	0.00759	0.11855	0.01078	0.06873	0.54645	0.05670	0.10512	0.00635	0.00174	0.00250	0.03431	0.00351	0.00347
48	0.00724	0.00681	0.01150	0.85604	0.02641	0.00852	0.01065	0.00980	0.00767	0.00980	0.00681	0.01022	0.00511	0.00383	0.00383	0.00128	0.00511	0.00341	0.00170	0.00426
49	0.14869	0.00666	0.00841	0.00655	0.00943	0.00608	0.00541	0.01757	0.01031	0.71977	0.01366	0.01203	0.00869	0.00457	0.00363	0.00119	0.00322	0.00359	0.00439	0.00617
50	0.00942	0.00904	0.01544	0.04916	0.81624	0.00909	0.01173	0.01171	0.00870	0.01244	0.00720	0.00951	0.00604	0.00343	0.00380	0.00114	0.00457	0.00342	0.00189	0.00602
51	0.01292	0.03552	0.01137	0.00954	0.01139	0.44243	0.00753	0.19833	0.03329	0.01287	0.00673	0.00792	0.00550	0.00469	0.00543	0.00117	0.18318	0.00292	0.00238	0.00492
52	0.01025	0.86756	0.02009	0.00656	0.00984	0.01517	0.00656	0.01148	0.00779	0.00902	0.00533	0.00615	0.00492	0.00328	0.00246	0.00082	0.00410	0.00205	0.00164	0.00492
53	0.00486	0.00411	0.00459	0.00463	0.00562	0.00384	0.00345	0.00579	0.00832	0.01030	0.05435	0.19067	0.60398	0.00988	0.00518	0.00137	0.06407	0.00825	0.00344	0.00329
54	0.00574	0.00393	0.00587	0.00587	0.00638	0.00445	0.00442	0.00641	0.00589	0.00838	0.00951	0.01451	0.00902	0.04179	0.64906	0.20122	0.00861	0.00396	0.00197	0.00301
55	0.01432	0.01827	0.01087	0.00988	0.01185	0.84986	0.00741	0.01531	0.01087	0.00938	0.00593	0.00691	0.00494	0.00395	0.00346	0.00099	0.00691	0.00247	0.00198	0.00444
56	0.89233	0.00741	0.00564	0.00504	0.00741	0.00860	0.00415	0.01127	0.00653	0.01720	0.00534	0.00623	0.00415	0.00356	0.00237	0.00119	0.00297	0.00208	0.00237	0.00415
57	0.00653	0.00435	0.00549	0.00523	0.00631	0.00410	0.00390	0.00869	0.06881	0.08469	0.50927	0.17220	0.08906	0.00825	0.00449	0.00128	0.00210	0.00726	0.00408	0.00392
58	0.04799	0.00778	0.00899	0.00739	0.00986	0.00812	0.00599	0.26398	0.16927	0.28310	0.01352	0.04254	0.02243	0.00573	0.00438	0.03767	0.00346	0.04803	0.00396	0.00582
59	0.01720	0.00653	0.00890	0.00682	0.00979	0.00564	0.00564	0.01869	0.01097	0.84399	0.01513	0.01305	0.00949	0.00475	0.00386	0.00119	0.00326	0.00386	0.00475	0.00653
60	0.89233	0.00741	0.00564	0.00504	0.00741	0.00860	0.00415	0.01127	0.00653	0.01720	0.00534	0.00623	0.00415	0.00356	0.00237	0.00119	0.00297	0.00208	0.00237	0.00415
61	0.00709	0.00358	0.00359	0.00359	0.00446	0.00358	0.00267	0.00882	0.00796	0.01406	0.01249	0.01466	0.00997	0.03342	0.00325	0.00099	0.00185	0.00364	0.85679	0.00353
62	0.00469	0.00369	0.00420	0.00453	0.00536	0.00325	0.00323	0.00557	0.00822	0.01029	0.06543	0.33686	0.46443	0.03926	0.00518	0.00148	0.00213	0.02547	0.00355	0.00318
63	0.00954	0.00824	0.00867	0.00780	0.00997	0.00954	0.00607	0.02037	0.83441	0.01604	0.01561	0.01431	0.01170	0.00520	0.00390	0.00130	0.00303	0.00433	0.00390	0.00607
64	0.89233	0.00741	0.00564	0.00504	0.00741	0.00860	0.00415	0.01127	0.00653	0.01720	0.00534	0.00623	0.00415	0.00356	0.00237	0.00119	0.00297	0.00208	0.00237	0.00415
65	0.65323	0.00717	0.00653	0.00553	0.00806	0.00779	0.00456	0.01330	0.00774	0.24310	0.00801	0.00809	0.00561	0.00388	0.00278	0.00119	0.00305	0.00256	0.00302	0.00480
66	0.87634	0.00740	0.00570	0.00507	0.00746	0.00855	0.00418	0.01141	0.00661	0.03231	0.00552	0.00635	0.00425	0.00358	0.00240	0.00119	0.00297	0.00211	0.00242	0.00420
67	0.00467	0.00334	0.00445	0.00534	0.00556	0.00311	0.00356	0.00534	0.00734	0.00979	0.02113	0.86275	0.02536	0.01201	0.00489	0.00156	0.00222	0.01090	0.00356	0.00311
68	0.01692	0.00698	0.00918	0.00704	0.01001	0.00631	0.00581	0.10596	0.01173	0.75564	0.01449	0.01264	0.00917	0.00473	0.00385	0.00118	0.00337	0.00381	0.00465	0.00652
69	0.00507	0.00395	0.00504	0.00506	0.00595	0.00397	0.00382	0.00623	0.00758	0.00999	0.08931	0.07062	0.33402	0.04792	0.37972	0.00354	0.00570	0.00630	0.00290	0.00331
70	0.00971	0.00948	0.01516	0.04930	0.76496	0.04745	0.01147	0.02419	0.00893	0.01247	0.00717	0.00939	0.00600	0.00347	0.00378	0.00114	0.00468	0.00337	0.00192	0.00595
71	0.09760	0.00951	0.01025	0.00797	0.01092	0.03139	0.00656	0.51785	0.01491	0.23897	0.01032	0.00988	0.00704	0.00453	0.00369	0.00116	0.00392	0.00340	0.00389	0.00625
72	0.89233	0.00741	0.00564	0.00504	0.00741	0.00860	0.00415	0.01127	0.00653	0.01720	0.00534	0.00623	0.00415	0.00356	0.00237	0.00119	0.00297	0.00208	0.00237	0.00415
73	0.00795	0.00681	0.00795	0.00568	0.00909	0.00511	0.00454	0.00965	0.00795	0.01249	0.00681	0.00795	0.00568	0.00284	0.00284	0.00057	0.00284	0.00227	0.00227	0.88869
74	0.00939	0.01056	0.07072	0.01395	0.01751	0.00975	0.58282	0.08660	0.08197	0.01365	0.02926	0.01084	0.00707	0.00379	0.00462	0.00129	0.03423	0.00433	0.00231	0.00533
75	0.05404	0.00668	0.00884	0.00680	0.00975	0.00594	0.00562	0.04184	0.01099	0.78535	0.01454	0.01265	0.00918	0.00469	0.00379	0.00119	0.00328	0.00377	0.00462	0.00642
76	0.01575	0.00654	0.00867	0.00686	0.00962	0.00591	0.00563	0.01816	0.09075	0.71209	0.04071	0.01460	0.01092	0.00507	0.00393	0.00122	0.00320	0.02945	0.00461	0.00630
77	0.00763	0.00416	0.00547	0.00550	0.00639	0.00379	0.00391	0.00852	0.00827	0.19630	0.07923	0.49723	0.03849	0.09945	0.00616	0.00167	0.00259	0.01764	0.00374	0.00384
78	0.00599	0.00404	0.00492	0.00489	0.00583	0.00368	0.00362	0.00713	0.00887	0.06921	0.25259	0.13535	0.25709	0.13152	0.00674	0.00169	0.00244	0.08730	0.00365	0.00345
79	0.89233	0.00741	0.00564	0.00504	0.00741	0.00860	0.00415	0.01127	0.00653	0.01720	0.00534	0.00623	0.00415	0.00356	0.00237	0.00119	0.00297	0.00208	0.00237	0.00415
80	0.03692	0.00370	0.00364	0.00362	0.00457	0.00374	0.00273	0.00901	0.00799	0.01439	0.01227	0.01402	0.00964	0.00444	0.00267	0.00090	0.00183	0.00352	0.85680	0.00359
81	0.02996	0.00649	0.00878	0.00677	0.00968	0.00564	0.00558	0.01836	0.01085	0.81802	0.01508	0.02693	0.00967	0.00485	0.00385	0.00119	0.00324	0.00395	0.00469	0.00643
82	0.73506	0.00759	0.00641	0.00552	0.00800	0.00859	0.00455	0.07134	0.02187	0.09194	0.00667	0.00719	0.00493	0.00377	0.00264	0.00119	0.00308	0.00237	0.00272	0.00457
83	0.00558	0.00372	0.00418	0.00418	0.00418	0.00372	0.00232	0.00558	0.00558	0.00743	0.01208	0.02509	0.01394	0.86525	0.01952	0.00372	0.00372	0.00558	0.00232	0.00232
84	0.01720	0.00653	0.00890	0.00682	0.00979	0.00564	0.00564	0.01869	0.01097	0.84399	0.01513	0.01305	0.00949	0.00475	0.00386	0.00119	0.00326	0.00386	0.00475	0.00653
85	0.01653	0.00636	0.00867	0.00673	0.00956	0.00551	0.00552	0.01799	0.01086	0.79806	0.03537	0.03967	0.01063	0.00505	0.00390	0.00120	0.00320	0.00415	0.00470	0.00635
86	0.00558	0.00372	0.00418	0.00418	0.00418	0.00372	0.00232	0.00558	0.00558	0.00743	0.01208	0.02509	0.01394	0.86525	0.01952	0.00372	0.00372	0.00558	0.00232	0.00232
87	0.03657	0.01066	0.01136	0.00873	0.01178	0.01181	0.00721	0.80807	0.01774	0.02399	0.00911	0.00913	0.00646	0.00458	0.00380	0.00115	0.00419	0.00342	0.00380	0.00646
88	0.04417	0.00704	0.00802	0.00704	0.00916	0.00751	0.00550	0.03001	0.44109	0.23364	0.05300	0.11157	0.01343	0.00591	0.00397	0.00129	0.00296	0.00498	0.00404	0.00567
89	0.01720	0.00653	0.00890	0.00682	0.00979	0.00564	0.00564	0.01869	0.01097	0.84399	0.01513	0.01305	0.00949	0.00475	0.00386	0.00119	0.00326	0.00386	0.00475	0.00653
90	0.00453	0.00387	0.00389	0.00391	0.00519	0.00323	0.00292	0.00550	0.00872	0.01035	0.03854	0.05097	0.82590	0.00975	0.00454	0.00130	0.00195	0.00814	0.00356	0.00323
91	0.01015	0.83563	0.05117	0.00673	0.01010	0.01494	0.00685	0.01151	0.00780	0.00914	0.00539	0.00622	0.00492	0.00329	0.00250	0.00083	0.00416	0.00208	0.00164	0.00495
92	0.00565	0.00398	0.00528	0.00598	0.00655	0.00390	0.00449	0.00717	0.05389	0.02436	0.03459	0.52620	0.02306	0.01106	0.00521	0.02610	0.00269	0.24284	0.00355	0.00342
93	0.00548	0.00411	0.00616	0.00616	0.00685	0.00479	0.00479	0.00685	0.00616	0.00890	0.01027	0.01506	0.00959	0.02876	0.85006	0.00616	0.01027	0.00411	0.00205	0.00342
94	0.00582	0.00416	0.00577	0.00665	0.00738	0.00411	0.00556	0.00733	0.00848	0.01108	0.02050	0.23698	0.02284	0.01093	0.00520	0.00172	0.00322	0.62531	0.00354	0.00343
95	0.00937	0.00982	0.01184	0.52881	0.11776	0.19816	0.00991	0.03953	0.00885	0.01051	0.00672	0.00933	0.00523	0.00387	0.00385	0.00120	0.01561	0.00320	0.00186	0.00459
96	0.03545	0.01048	0.01213	0.04910	0.03368	0.03786	0.06630	0.63517	0.01573	0.02117	0.00884	0.02272	0.00655	0.00455	0.00403	0.00118	0.02198	0.00358	0.00341	0.00608
97	0.00842	0.26121	0.61039	0.00968	0.01467	0.01069	0.01200	0.01195	0.00801	0.01125	0.00644	0.00754	0.00488	0.00354	0.00331	0.00110	0.00522	0.00261	0.00163	0.00545
98	0.01322	0.17400	0.01224	0.00837	0.01078	0.28015	0.00689	0.18152	0.01122	0.14848	0.00830	0.00919	0.00644	0.00528	0.03468	0.00127	0.06478	0.01521	0.00275	0.00523
99	0.45409	0.00816	0.01779	0.00800	0.09733	0.04807	0.00580	0.04209	0.03534	0.23695	0.00866	0.00881	0.00615	0.00397	0.00309	0.00117	0.00348	0.00284	0.00303	0.00516
100	0.00973	0.00766	0.03663	0.26917	0.13150	0.00751	0.00815	0.04495	0.07482	0.14575	0.01854	0.01110	0.00730	0.00433	0.01492	0.00117	0.00410	0.01561	0.00265	0.18439
101	0.00795	0.00681	0.00795	0.00568	0.00909	0.00511	0.00454	0.00965	0.00795	0.01249	0.00681	0.00795	0.00568	0.00284	0.00284	0.00057	0.00284	0.00227	0.00227	0.88869
102	0.00799	0.00685	0.00797	0.00573	0.00911	0.00522	0.00458	0.00993	0.02911	0.01258	0.00704	0.00811	0.00583	0.00290	0.00287	0.00059	0.00284	0.00232	0.00231	0.86610
103	0.01037	0.00931	0.08340	0.04891	0.43429	0.00832	0.02348	0.05860	0.05465	0.13087	0.02248	0.01082	0.02091	0.00394	0.00377	0.00114	0.00422	0.00356	0.00258	0.06441
104	0.01405	0.05984	0.01131	0.00963	0.01172	0.75740	0.00734	0.05035	0.02563	0.01012	0.00621	0.00711	0.00513	0.00397	0.00343	0.00099	0.00659	0.00252	0.00207	0.00459
105	0.01034	0.84908	0.01989	0.00663	0.00988	0.03333	0.00658	0.01156	0.00786	0.00903	0.00534	0.00617	0.00492	0.00329	0.00248	0.00082	0.00416	0.00206	0.00165	0.00491
106	0.00570	0.00519	0.07310	0.00557	0.00632	0.00460	0.00433	0.00665	0.00603	0.00844	0.01089	0.01944	0.01135	0.43913	0.37209	0.00456	0.00667	0.00473	0.00215	0.00306
107	0.01098	0.58801	0.04879	0.00871	0.07277	0.19475	0.00742	0.01235	0.00854	0.00948	0.00566	0.00664	0.00501	0.00345	0.00282	0.00089	0.00480	0.00227	0.00173	0.00493
108	0.02200	0.25747	0.39078	0.00919	0.01333	0.01043	0.06353	0.06148	0.02866	0.02489	0.00889	0.02514	0.04211	0.00419	0.00346	0.00113	0.00478	0.02121	0.00206	0.00528

[dist]
# distance from previous block
# <min> <max>
0	0

# created by:
# /st0/software/busco_prod/Augustus/scripts/msa2prfl.pl ./align_prep/30222.fa
