[name]
unknown

[dist]
# distance from previous block
# <min> <max>
8	42

[block]
# block no. 0 follows, 70 sequences, length 18
# corresponding to MSA columns:
# 45-62
name=unknown_A
#
# <colnr> <probs for GDERKNQSTAVLIFYWHMCP>
#	G	D	E	R	K	N	Q	S	T	A	V	L	I	F	Y	W	H	M	C	P
0	0.06986	0.04692	0.07134	0.03910	0.02866	0.03565	0.00669	0.10581	0.08551	0.06454	0.01176	0.01342	0.08395	0.04586	0.11211	0.00197	0.11581	0.00389	0.00270	0.05444
1	0.06228	0.07351	0.02300	0.02554	0.09547	0.06562	0.03060	0.25243	0.20352	0.03884	0.03704	0.01144	0.02979	0.00467	0.00389	0.00118	0.02032	0.00370	0.00317	0.01399
2	0.00560	0.00427	0.00618	0.03862	0.00736	0.00489	0.00477	0.00683	0.00640	0.00901	0.01211	0.06367	0.04495	0.10632	0.63501	0.00524	0.02837	0.00480	0.00223	0.00338
3	0.00909	0.00877	0.01503	0.18605	0.62303	0.00921	0.03850	0.01143	0.00852	0.01200	0.00715	0.00973	0.00590	0.00365	0.00419	0.00120	0.03549	0.00349	0.00187	0.00568
4	0.00501	0.00363	0.00472	0.00543	0.00579	0.00347	0.00368	0.00618	0.04175	0.01055	0.08529	0.74020	0.02565	0.03229	0.00524	0.00159	0.00229	0.01030	0.00364	0.00329
5	0.00486	0.00372	0.00447	0.00485	0.00562	0.00334	0.00349	0.00588	0.00857	0.01105	0.15208	0.38455	0.33359	0.01056	0.00477	0.00143	0.00214	0.04804	0.00370	0.00329
6	0.00885	0.01311	0.25534	0.01355	0.03638	0.05834	0.43866	0.02379	0.00914	0.01248	0.05738	0.02542	0.00774	0.00394	0.00436	0.00127	0.01880	0.00416	0.00206	0.00522
7	0.00479	0.00350	0.00453	0.00533	0.00571	0.00323	0.00367	0.00556	0.00766	0.01005	0.02333	0.72401	0.11647	0.01181	0.00493	0.00156	0.00229	0.05479	0.00360	0.00319
8	0.01026	0.07168	0.01005	0.00782	0.02771	0.13317	0.00608	0.07486	0.30501	0.01407	0.01002	0.01018	0.00783	0.00407	0.00342	0.00098	0.00378	0.00317	0.00291	0.29290
9	0.02637	0.09677	0.11805	0.04195	0.01126	0.02182	0.00662	0.08824	0.00902	0.01328	0.00693	0.00804	0.00557	0.00327	0.00308	0.00079	0.00367	0.00251	0.00227	0.53049
10	0.02606	0.30703	0.36320	0.00984	0.04651	0.03249	0.04681	0.06193	0.03699	0.02550	0.00700	0.00797	0.00543	0.00367	0.00332	0.00108	0.00494	0.00278	0.00196	0.00549
11	0.00476	0.00354	0.00445	0.00512	0.00562	0.00323	0.00354	0.00557	0.00789	0.01026	0.05281	0.63450	0.19857	0.01147	0.00487	0.00151	0.00221	0.03327	0.00362	0.00320
12	0.00496	0.00375	0.00507	0.00549	0.00605	0.00346	0.02864	0.00586	0.00795	0.01048	0.08660	0.60928	0.14407	0.03269	0.00524	0.00156	0.00238	0.02966	0.00357	0.00326
13	0.05589	0.10076	0.23602	0.05895	0.15707	0.04621	0.02802	0.12916	0.03280	0.10685	0.00826	0.00914	0.00609	0.00392	0.00360	0.00116	0.00472	0.00315	0.00249	0.00573
14	0.01079	0.05704	0.03072	0.00751	0.03481	0.00684	0.02961	0.03958	0.04887	0.29671	0.08888	0.07033	0.10496	0.00773	0.06137	0.00160	0.08057	0.00496	0.01203	0.00510
15	0.00502	0.00370	0.00456	0.00508	0.00563	0.00343	0.00358	0.00585	0.00782	0.01014	0.06046	0.43313	0.20557	0.12803	0.00692	0.00182	0.00252	0.10012	0.00345	0.00314
16	0.00910	0.01334	0.31266	0.04717	0.26837	0.02705	0.14056	0.06078	0.03731	0.01305	0.00770	0.00949	0.00591	0.00431	0.02524	0.00134	0.00546	0.00345	0.00201	0.00570
17	0.02970	0.12356	0.09434	0.02857	0.06753	0.23861	0.03328	0.13361	0.03479	0.11337	0.00838	0.01857	0.00648	0.01606	0.00392	0.00114	0.01865	0.00315	0.01145	0.01484

[dist]
# distance from previous block
# <min> <max>
10	32

[block]
# block no. 1 follows, 70 sequences, length 28
# corresponding to MSA columns:
# 126-153
name=unknown_B
#
# <colnr> <probs for GDERKNQSTAVLIFYWHMCP>
#	G	D	E	R	K	N	Q	S	T	A	V	L	I	F	Y	W	H	M	C	P
0	0.01025	0.17832	0.17256	0.03850	0.03172	0.12351	0.04073	0.10938	0.02045	0.03076	0.00723	0.00874	0.00584	0.00605	0.07007	0.00152	0.09060	0.00301	0.00215	0.04862
1	0.00621	0.00426	0.00537	0.00525	0.00632	0.00384	0.00384	0.00773	0.03178	0.06741	0.30595	0.33714	0.11358	0.00903	0.00452	0.00131	0.00221	0.00799	0.00382	0.07243
2	0.00624	0.00434	0.00553	0.00518	0.00620	0.00421	0.00389	0.00843	0.06000	0.04877	0.57768	0.02596	0.06259	0.05857	0.08957	0.00187	0.00293	0.00635	0.01785	0.00382
3	0.00486	0.00352	0.00450	0.00518	0.00556	0.00327	0.00352	0.00560	0.00766	0.01010	0.06025	0.64430	0.11663	0.07363	0.00598	0.00169	0.00235	0.03472	0.00354	0.00314
4	0.00732	0.00421	0.00440	0.00426	0.00532	0.00434	0.00322	0.01022	0.10677	0.01478	0.10386	0.01605	0.01310	0.00498	0.00306	0.00099	0.00196	0.00408	0.68315	0.00392
5	0.04578	0.00988	0.00998	0.00833	0.01090	0.05310	0.00665	0.36132	0.41448	0.01940	0.01215	0.01159	0.00898	0.00488	0.00383	0.00123	0.00377	0.00382	0.00376	0.00617
6	0.02357	0.22788	0.08959	0.04833	0.15276	0.14029	0.05710	0.08924	0.01864	0.05817	0.00738	0.00867	0.00589	0.00478	0.03594	0.00128	0.01994	0.00301	0.00221	0.00533
7	0.01212	0.36179	0.03453	0.03103	0.01152	0.18077	0.00725	0.22343	0.07872	0.01382	0.00745	0.00800	0.00596	0.00398	0.00323	0.00101	0.00472	0.00277	0.00249	0.00539
8	0.01022	0.01043	0.07473	0.05794	0.51577	0.05754	0.04280	0.06732	0.07294	0.04042	0.00824	0.00988	0.00651	0.00378	0.00385	0.00118	0.00474	0.00349	0.00228	0.00594
9	0.00994	0.00831	0.00885	0.00779	0.01000	0.00949	0.00610	0.11513	0.67628	0.01714	0.07483	0.01491	0.01301	0.00538	0.00398	0.00129	0.00312	0.00447	0.00396	0.00601
10	0.00611	0.00364	0.00490	0.00490	0.00500	0.00375	0.00318	0.00557	0.00547	0.00739	0.00950	0.01780	0.01016	0.35976	0.14205	0.39763	0.00458	0.00440	0.00201	0.00222
11	0.00924	0.00856	0.01317	0.03595	0.22451	0.06085	0.19169	0.03149	0.09910	0.05772	0.08043	0.10741	0.03556	0.00534	0.00437	0.00127	0.02037	0.00505	0.00278	0.00516
12	0.00525	0.00376	0.00468	0.00502	0.00576	0.00340	0.00359	0.00631	0.00869	0.03382	0.20136	0.42564	0.23032	0.01041	0.00476	0.00143	0.00216	0.03646	0.00377	0.00340
13	0.00809	0.00767	0.01301	0.57532	0.29985	0.00881	0.01115	0.01057	0.00811	0.01083	0.00703	0.01009	0.00549	0.00373	0.00386	0.00124	0.00498	0.00345	0.00179	0.00492
14	0.00905	0.01165	0.12469	0.05778	0.05445	0.03266	0.62613	0.01234	0.00900	0.01220	0.00761	0.01003	0.00571	0.00338	0.00437	0.00128	0.00630	0.00420	0.00191	0.00526
15	0.00894	0.00908	0.01142	0.13843	0.28005	0.15975	0.04196	0.01085	0.00913	0.01131	0.02568	0.01895	0.08385	0.00571	0.00420	0.00129	0.00471	0.16754	0.00243	0.00472
16	0.01355	0.07493	0.01207	0.01058	0.06494	0.55463	0.02642	0.08158	0.01109	0.01148	0.00770	0.01021	0.00681	0.09025	0.00544	0.00143	0.00629	0.00322	0.00241	0.00498
17	0.00858	0.00877	0.01350	0.01109	0.01167	0.01157	0.12911	0.00979	0.00641	0.00979	0.00550	0.00877	0.00521	0.00627	0.01152	0.00164	0.73114	0.00357	0.00174	0.00439
18	0.01440	0.01069	0.01144	0.00885	0.01189	0.01186	0.00729	0.77287	0.07255	0.02388	0.00974	0.00965	0.00694	0.00469	0.00388	0.00117	0.00419	0.00355	0.00388	0.00656
19	0.01429	0.05831	0.01142	0.00983	0.01189	0.80905	0.00745	0.01530	0.01084	0.00947	0.00596	0.00695	0.00499	0.00396	0.00345	0.00099	0.00686	0.00248	0.00198	0.00452
20	0.00970	0.00776	0.00819	0.00731	0.00936	0.00882	0.00573	0.09878	0.60409	0.01666	0.01475	0.01461	0.01125	0.00521	0.00378	0.00125	0.00300	0.02242	0.14163	0.00573
21	0.00643	0.00461	0.00621	0.00574	0.00686	0.00438	0.03254	0.04549	0.02483	0.04305	0.56745	0.14679	0.04089	0.00821	0.00459	0.00130	0.00231	0.04037	0.00405	0.00391
22	0.00528	0.00386	0.00508	0.00569	0.00611	0.00380	0.00414	0.00618	0.00772	0.01026	0.05665	0.50500	0.06547	0.09720	0.00675	0.00181	0.03207	0.17029	0.00343	0.00322
23	0.00487	0.00353	0.00461	0.00528	0.00569	0.00327	0.00364	0.00576	0.00806	0.01077	0.13593	0.66405	0.08264	0.01136	0.00488	0.00151	0.00221	0.03500	0.00369	0.00324
24	0.00620	0.00441	0.00581	0.00643	0.00727	0.00440	0.00526	0.03024	0.03267	0.01201	0.06129	0.23451	0.03827	0.01023	0.00498	0.00162	0.00304	0.47613	0.05161	0.00363
25	0.03470	0.08537	0.07078	0.11282	0.20190	0.23253	0.00921	0.08235	0.04348	0.01218	0.00701	0.00860	0.00567	0.00410	0.00431	0.00116	0.07348	0.00304	0.00212	0.00519
26	0.01789	0.08550	0.25285	0.02981	0.03532	0.07123	0.06078	0.15698	0.03851	0.02919	0.00834	0.01005	0.00651	0.00459	0.01434	0.00123	0.05705	0.02213	0.06768	0.02998
27	0.06265	0.08336	0.06632	0.06052	0.03651	0.10780	0.03733	0.03849	0.05858	0.05745	0.01996	0.05745	0.01067	0.17843	0.00724	0.00176	0.02297	0.08554	0.00261	0.00435

[dist]
# distance from previous block
# <min> <max>
2	30

[block]
# block no. 2 follows, 70 sequences, length 19
# corresponding to MSA columns:
# 185-203
name=unknown_C
#
# <colnr> <probs for GDERKNQSTAVLIFYWHMCP>
#	G	D	E	R	K	N	Q	S	T	A	V	L	I	F	Y	W	H	M	C	P
0	0.05981	0.18969	0.04308	0.02680	0.09738	0.05974	0.03515	0.06565	0.07044	0.02991	0.02685	0.01255	0.06723	0.04170	0.02232	0.01472	0.06019	0.01508	0.01445	0.04725
1	0.00615	0.00417	0.00548	0.00569	0.00620	0.00430	0.00410	0.01941	0.00744	0.04503	0.02900	0.40833	0.05707	0.09066	0.09520	0.05572	0.05865	0.04323	0.05084	0.00335
2	0.00694	0.00515	0.01923	0.05200	0.01946	0.00498	0.02234	0.03360	0.07869	0.06551	0.14374	0.25753	0.13521	0.00939	0.04512	0.01471	0.00309	0.02757	0.05172	0.00404
3	0.47071	0.00779	0.00759	0.00631	0.00886	0.00845	0.00516	0.18387	0.01005	0.19639	0.00922	0.05466	0.00703	0.00454	0.00317	0.00121	0.00329	0.00326	0.00329	0.00516
4	0.02339	0.00436	0.00539	0.00534	0.00586	0.00470	0.00374	0.00699	0.04613	0.00926	0.02635	0.10045	0.09594	0.35280	0.25120	0.00372	0.04285	0.00576	0.00259	0.00315
5	0.07081	0.02656	0.05913	0.00866	0.05051	0.04538	0.02347	0.24913	0.15122	0.17640	0.02746	0.01164	0.00864	0.00464	0.00371	0.00118	0.00385	0.01272	0.05905	0.00586
6	0.03373	0.02221	0.01132	0.16248	0.19008	0.11730	0.04931	0.08878	0.07518	0.01276	0.01130	0.11437	0.03407	0.00552	0.00404	0.00127	0.00448	0.05426	0.00260	0.00492
7	0.01804	0.00696	0.01020	0.00838	0.01035	0.01874	0.18961	0.06319	0.15756	0.02541	0.05841	0.14662	0.03562	0.08726	0.00566	0.00151	0.00374	0.03431	0.07148	0.04695
8	0.08048	0.08712	0.03484	0.00877	0.02214	0.08308	0.07523	0.23125	0.16683	0.04246	0.00944	0.01903	0.00725	0.00434	0.00379	0.00113	0.02440	0.00341	0.01647	0.07854
9	0.05241	0.00838	0.00844	0.00742	0.01978	0.10756	0.00568	0.26880	0.03275	0.01469	0.00954	0.01291	0.00833	0.12769	0.23106	0.00283	0.01569	0.00377	0.03163	0.03064
10	0.00797	0.03594	0.47630	0.00980	0.01393	0.00813	0.08886	0.05526	0.02127	0.02974	0.09022	0.03546	0.05844	0.00595	0.04451	0.00148	0.00513	0.00408	0.00233	0.00521
11	0.00523	0.00370	0.00515	0.00557	0.00593	0.00386	0.00392	0.00597	0.00666	0.00914	0.01552	0.41187	0.01745	0.10783	0.32187	0.05144	0.00550	0.00748	0.00280	0.00310
12	0.00760	0.01862	0.76141	0.01068	0.01602	0.00861	0.03316	0.01183	0.00832	0.01230	0.03349	0.01015	0.04262	0.00407	0.00377	0.00123	0.00547	0.00327	0.00181	0.00555
13	0.00724	0.00506	0.00596	0.00568	0.00706	0.00488	0.00419	0.01022	0.15879	0.06066	0.04894	0.35649	0.03477	0.00775	0.00405	0.00124	0.00247	0.00680	0.13089	0.13688
14	0.00864	0.00750	0.00987	0.21054	0.10666	0.02508	0.02353	0.09466	0.19846	0.02625	0.07915	0.03695	0.12473	0.00564	0.00428	0.00127	0.02398	0.00479	0.00303	0.00500
15	0.00823	0.06097	0.06219	0.01839	0.14438	0.00683	0.03517	0.06823	0.00909	0.03498	0.06407	0.19524	0.03054	0.00573	0.00382	0.00109	0.00345	0.00505	0.00275	0.23981
16	0.00881	0.00678	0.00757	0.00690	0.02947	0.00715	0.00525	0.14405	0.28517	0.05417	0.16228	0.02202	0.21909	0.00676	0.00422	0.00127	0.00283	0.01728	0.00389	0.00506
17	0.00991	0.05596	0.15025	0.03434	0.18003	0.03340	0.04019	0.08742	0.13009	0.06029	0.00986	0.01086	0.03211	0.01414	0.00434	0.00119	0.04754	0.00351	0.00258	0.09198
18	0.65769	0.00783	0.00649	0.00570	0.00795	0.04615	0.00462	0.03498	0.00731	0.01601	0.00719	0.04300	0.02721	0.00427	0.00319	0.00119	0.04416	0.00277	0.00246	0.06984

[dist]
# distance from previous block
# <min> <max>
3	9

[block]
# block no. 3 follows, 70 sequences, length 12
# corresponding to MSA columns:
# 214-225
name=unknown_D
#
# <colnr> <probs for GDERKNQSTAVLIFYWHMCP>
#	G	D	E	R	K	N	Q	S	T	A	V	L	I	F	Y	W	H	M	C	P
0	0.05587	0.15961	0.03868	0.05463	0.03940	0.06476	0.02796	0.31101	0.07566	0.05648	0.00929	0.03502	0.01732	0.00459	0.00389	0.00115	0.03264	0.00348	0.00296	0.00560
1	0.15942	0.08842	0.04899	0.02686	0.08082	0.12663	0.05535	0.06757	0.03961	0.04322	0.03991	0.05524	0.02566	0.02213	0.01505	0.00132	0.04503	0.03467	0.01934	0.00476
2	0.00484	0.00370	0.00444	0.00477	0.00552	0.00330	0.00338	0.00587	0.00868	0.01131	0.20194	0.39181	0.31563	0.01042	0.00474	0.00140	0.00206	0.00916	0.00374	0.00330
3	0.00869	0.04199	0.00863	0.00595	0.00927	0.00585	0.00481	0.04660	0.00859	0.04422	0.00767	0.03277	0.00647	0.00331	0.00300	0.00066	0.00298	0.00265	0.00247	0.75340
4	0.00563	0.00509	0.04035	0.03557	0.03846	0.00437	0.00458	0.02208	0.02513	0.01202	0.18772	0.11662	0.39738	0.00912	0.02105	0.00142	0.00264	0.04658	0.02049	0.00372
5	0.00555	0.00418	0.00606	0.00609	0.00669	0.00477	0.00463	0.00678	0.00655	0.00934	0.05060	0.11057	0.01283	0.07037	0.64277	0.00519	0.03618	0.00511	0.00235	0.00340
6	0.02106	0.24695	0.06176	0.00882	0.03378	0.15088	0.02036	0.04428	0.09745	0.02880	0.00743	0.00886	0.00626	0.02130	0.02526	0.00130	0.15747	0.00298	0.00220	0.05281
7	0.63189	0.02578	0.06154	0.00635	0.00900	0.05847	0.04185	0.01157	0.00731	0.03332	0.00719	0.00811	0.03408	0.00430	0.01842	0.00127	0.00370	0.00258	0.00238	0.03091
8	0.05249	0.10920	0.21298	0.05273	0.04612	0.09136	0.06731	0.09409	0.04407	0.05571	0.00944	0.04811	0.03186	0.02258	0.00397	0.00120	0.00470	0.00361	0.00243	0.04602
9	0.12138	0.10373	0.12374	0.03265	0.02750	0.05562	0.05038	0.10508	0.06454	0.04448	0.03728	0.08628	0.02642	0.02220	0.01426	0.00133	0.02387	0.03549	0.00271	0.02105
10	0.04369	0.15237	0.13752	0.01922	0.05410	0.05142	0.04824	0.07209	0.02548	0.03713	0.11814	0.10034	0.03539	0.01680	0.03417	0.00141	0.04055	0.00455	0.00266	0.00477
11	0.03535	0.05676	0.03888	0.02466	0.10726	0.06755	0.05336	0.05260	0.02791	0.02186	0.04662	0.11477	0.02321	0.18223	0.00767	0.04355	0.00398	0.02041	0.00256	0.06880

[dist]
# distance from previous block
# <min> <max>
0	22

[block]
# block no. 4 follows, 70 sequences, length 24
# corresponding to MSA columns:
# 250-273
name=unknown_E
#
# <colnr> <probs for GDERKNQSTAVLIFYWHMCP>
#	G	D	E	R	K	N	Q	S	T	A	V	L	I	F	Y	W	H	M	C	P
0	0.06781	0.03000	0.02014	0.06224	0.07069	0.05166	0.01913	0.11805	0.06603	0.03083	0.03287	0.12724	0.05405	0.07831	0.02912	0.00156	0.00381	0.02507	0.04664	0.06476
1	0.01692	0.00626	0.03393	0.05109	0.12702	0.01992	0.01711	0.01716	0.04810	0.01155	0.05793	0.13108	0.21596	0.01928	0.01834	0.03785	0.03261	0.05203	0.02974	0.05613
2	0.01181	0.08032	0.01121	0.02417	0.04779	0.10470	0.00707	0.28204	0.34231	0.01722	0.01126	0.01146	0.00860	0.00475	0.00377	0.00119	0.00410	0.01691	0.00338	0.00593
3	0.00584	0.00478	0.01953	0.03783	0.11567	0.00450	0.00513	0.00713	0.00837	0.01143	0.20137	0.34999	0.05678	0.09124	0.01998	0.00171	0.00295	0.04877	0.00329	0.00369
4	0.03259	0.21361	0.21132	0.02421	0.10780	0.02615	0.07342	0.06324	0.05647	0.06941	0.02636	0.02389	0.01816	0.00419	0.00385	0.00115	0.03304	0.00337	0.00233	0.00544
5	0.00975	0.15645	0.35659	0.01084	0.06283	0.02285	0.10038	0.06275	0.07885	0.06946	0.00834	0.00928	0.00622	0.00443	0.02343	0.00128	0.00514	0.00322	0.00226	0.00565
6	0.00492	0.00353	0.00459	0.00522	0.00559	0.00330	0.00355	0.00576	0.00792	0.01063	0.14068	0.63080	0.06140	0.06799	0.00587	0.00166	0.00230	0.02749	0.00361	0.00318
7	0.00778	0.02747	0.05182	0.11953	0.15616	0.00618	0.01909	0.02916	0.00875	0.08712	0.06506	0.20388	0.12734	0.04438	0.00494	0.00142	0.00352	0.02894	0.00299	0.00446
8	0.01091	0.17491	0.18307	0.04722	0.08102	0.15156	0.03625	0.03322	0.04845	0.11960	0.00893	0.05083	0.00720	0.00461	0.01338	0.00118	0.00491	0.00343	0.01403	0.00530
9	0.01095	0.20158	0.01237	0.10112	0.01216	0.25881	0.03319	0.10134	0.01005	0.02581	0.02138	0.04510	0.01685	0.00507	0.01630	0.00117	0.02361	0.03358	0.06488	0.00467
10	0.01363	0.00968	0.01053	0.00828	0.01105	0.01058	0.00676	0.65520	0.04910	0.06733	0.02855	0.05923	0.00883	0.00518	0.00391	0.00119	0.00391	0.00406	0.03682	0.00620
11	0.02637	0.00684	0.00807	0.00611	0.00912	0.00570	0.02042	0.04550	0.05795	0.04490	0.00960	0.05878	0.02670	0.00393	0.00319	0.00078	0.00294	0.00326	0.03145	0.62839
12	0.00707	0.00423	0.00465	0.00451	0.00564	0.00409	0.00345	0.03835	0.02713	0.04675	0.11613	0.07009	0.16807	0.00667	0.00365	0.00113	0.00213	0.04448	0.43796	0.00381
13	0.01478	0.03697	0.01173	0.00872	0.01182	0.01171	0.00724	0.74871	0.01744	0.07740	0.00958	0.00947	0.00674	0.00462	0.00384	0.00116	0.00420	0.00347	0.00387	0.00654
14	0.02410	0.05463	0.22636	0.10295	0.09231	0.03507	0.02321	0.04937	0.05713	0.06260	0.04782	0.03297	0.03220	0.00609	0.04947	0.00149	0.03143	0.02855	0.00247	0.03980
15	0.05235	0.02475	0.12372	0.05190	0.18889	0.05906	0.09886	0.04241	0.05300	0.09432	0.05092	0.06619	0.02438	0.03111	0.00443	0.00131	0.00446	0.02005	0.00266	0.00522
16	0.00845	0.05543	0.65272	0.01143	0.03357	0.00943	0.08712	0.02901	0.00848	0.03215	0.00717	0.00849	0.00518	0.00377	0.00400	0.00123	0.03188	0.00305	0.00180	0.00565
17	0.04323	0.00424	0.00470	0.00451	0.00489	0.00430	0.00278	0.03159	0.00644	0.04315	0.01197	0.02279	0.01296	0.70294	0.02944	0.00334	0.00371	0.00521	0.05499	0.00282
18	0.00869	0.17781	0.10295	0.06654	0.05051	0.03203	0.05351	0.03545	0.01829	0.07303	0.04979	0.08715	0.03677	0.04976	0.08775	0.02456	0.00477	0.03356	0.00253	0.00457
19	0.00998	0.02125	0.11052	0.06174	0.18543	0.06699	0.07681	0.11463	0.07609	0.05364	0.03922	0.05192	0.02290	0.00475	0.00437	0.00122	0.04849	0.00404	0.01955	0.02649
20	0.00927	0.01014	0.12094	0.05632	0.14435	0.08085	0.17800	0.04565	0.00940	0.07729	0.04166	0.10670	0.08118	0.00538	0.00427	0.00126	0.01478	0.00493	0.00261	0.00502
21	0.00660	0.00349	0.00519	0.02028	0.00552	0.00353	0.00355	0.00529	0.00536	0.00719	0.02861	0.02878	0.00813	0.03448	0.04846	0.77451	0.00363	0.00369	0.00182	0.00190
22	0.00826	0.00691	0.02455	0.03834	0.00880	0.07975	0.00556	0.00971	0.02223	0.09289	0.05362	0.02893	0.08306	0.09069	0.21194	0.00267	0.12383	0.00439	0.01838	0.08547
23	0.08809	0.17383	0.18114	0.05901	0.06241	0.06337	0.07130	0.05654	0.03249	0.10102	0.02335	0.01024	0.03570	0.00459	0.01999	0.00124	0.00471	0.00329	0.00242	0.00526

[dist]
# distance from previous block
# <min> <max>
0	1

[block]
# block no. 5 follows, 70 sequences, length 7
# corresponding to MSA columns:
# 275-281
name=unknown_F
#
# <colnr> <probs for GDERKNQSTAVLIFYWHMCP>
#	G	D	E	R	K	N	Q	S	T	A	V	L	I	F	Y	W	H	M	C	P
0	0.00836	0.00636	0.00794	0.03599	0.00901	0.02427	0.03775	0.17735	0.01042	0.06084	0.09254	0.27614	0.11941	0.00870	0.02611	0.00150	0.06377	0.02572	0.00345	0.00437
1	0.34309	0.00752	0.00666	0.04591	0.02778	0.11965	0.00501	0.01047	0.00787	0.05324	0.01082	0.17244	0.01065	0.04746	0.00424	0.00138	0.00353	0.05091	0.06734	0.00404
2	0.65109	0.00642	0.00533	0.00508	0.00696	0.00720	0.00399	0.00978	0.00692	0.01540	0.01099	0.17945	0.06754	0.00575	0.00306	0.00128	0.00278	0.00431	0.00272	0.00392
3	0.00807	0.00507	0.00540	0.00488	0.00623	0.00522	0.00378	0.13856	0.05015	0.01601	0.14423	0.01752	0.07131	0.00548	0.00338	0.00104	0.00227	0.00448	0.50272	0.00419
4	0.00853	0.06014	0.39987	0.02294	0.01326	0.02189	0.05271	0.05425	0.07843	0.05130	0.11447	0.04917	0.02622	0.00506	0.00393	0.00124	0.00452	0.02418	0.00262	0.00527
5	0.00507	0.00398	0.00487	0.00535	0.03625	0.00362	0.00364	0.00617	0.00868	0.01128	0.19833	0.25441	0.35699	0.04665	0.03534	0.00163	0.00249	0.00827	0.00357	0.00339
6	0.02973	0.13100	0.12613	0.00990	0.04062	0.24753	0.07041	0.05308	0.05202	0.04576	0.00747	0.00889	0.00601	0.00416	0.00425	0.00111	0.07536	0.01519	0.00223	0.06914

[dist]
# distance from previous block
# <min> <max>
2	9

[block]
# block no. 6 follows, 70 sequences, length 23
# corresponding to MSA columns:
# 292-314
name=unknown_G
#
# <colnr> <probs for GDERKNQSTAVLIFYWHMCP>
#	G	D	E	R	K	N	Q	S	T	A	V	L	I	F	Y	W	H	M	C	P
0	0.01308	0.00563	0.00741	0.00605	0.00832	0.00493	0.00486	0.01459	0.01036	0.53074	0.12358	0.06174	0.05944	0.00586	0.00395	0.00119	0.00283	0.01514	0.08845	0.03183
1	0.00641	0.00428	0.00561	0.00616	0.06925	0.00437	0.00416	0.00801	0.00818	0.01258	0.19225	0.01882	0.04133	0.06438	0.22580	0.00257	0.00440	0.00475	0.31299	0.00369
2	0.00580	0.00485	0.00653	0.09910	0.09311	0.00476	0.00512	0.00758	0.04297	0.01165	0.17096	0.22064	0.29521	0.00853	0.00449	0.00134	0.00267	0.00748	0.00336	0.00384
3	0.00481	0.00351	0.00455	0.00530	0.00571	0.00325	0.00366	0.00562	0.00779	0.01026	0.05347	0.69458	0.11879	0.01165	0.00491	0.00154	0.00227	0.05150	0.00362	0.00320
4	0.04541	0.03106	0.02483	0.00851	0.01143	0.01117	0.00710	0.62196	0.05618	0.05338	0.00958	0.02575	0.00710	0.00476	0.00409	0.00117	0.03412	0.00356	0.00364	0.03519
5	0.03834	0.13131	0.12011	0.12552	0.03971	0.02760	0.06382	0.06614	0.02227	0.06063	0.02144	0.01002	0.00668	0.03984	0.02646	0.00136	0.07624	0.00325	0.00226	0.11699
6	0.04072	0.26479	0.14891	0.06892	0.10517	0.12106	0.04054	0.12692	0.00991	0.01274	0.00697	0.00862	0.00568	0.00386	0.00339	0.00108	0.00495	0.01834	0.00212	0.00530
7	0.00534	0.00380	0.00462	0.00484	0.00523	0.00368	0.00319	0.00619	0.02280	0.01002	0.14933	0.27582	0.08584	0.34718	0.04204	0.00253	0.00309	0.01830	0.00316	0.00300
8	0.00548	0.00585	0.09981	0.00553	0.00708	0.00428	0.00484	0.00741	0.03223	0.01236	0.27167	0.13827	0.32103	0.00879	0.00456	0.00134	0.00252	0.05962	0.00359	0.00375
9	0.04161	0.03646	0.00929	0.03774	0.03284	0.05046	0.00619	0.20051	0.26814	0.04940	0.06192	0.08063	0.03997	0.03989	0.00479	0.00136	0.02533	0.00468	0.00346	0.00533
10	0.00887	0.17317	0.24593	0.17437	0.18287	0.02192	0.05284	0.04092	0.00873	0.01184	0.03861	0.00945	0.00654	0.00379	0.00361	0.00115	0.00495	0.00321	0.00192	0.00531
11	0.03671	0.00544	0.00679	0.00599	0.00766	0.00522	0.03132	0.03808	0.08566	0.19110	0.16396	0.08400	0.18425	0.05608	0.00515	0.00143	0.00279	0.04894	0.03494	0.00449
12	0.00476	0.00343	0.00450	0.00529	0.00561	0.00318	0.00357	0.00551	0.00769	0.01023	0.06570	0.77339	0.06921	0.01180	0.00491	0.00154	0.00221	0.01066	0.00363	0.00318
13	0.02480	0.06307	0.05411	0.05562	0.02979	0.03287	0.04928	0.05051	0.02746	0.01085	0.00689	0.01008	0.00625	0.05313	0.07647	0.00192	0.39003	0.00345	0.00199	0.05141
14	0.00686	0.04681	0.00688	0.00608	0.00722	0.03801	0.00459	0.03813	0.14390	0.01250	0.17969	0.28409	0.13413	0.02368	0.00511	0.00140	0.04610	0.00725	0.00352	0.00406
15	0.00572	0.00438	0.00507	0.00525	0.00623	0.00421	0.00384	0.00797	0.11452	0.02659	0.09166	0.30999	0.30236	0.04362	0.00525	0.00151	0.00237	0.05210	0.00367	0.00367
16	0.00475	0.00365	0.00437	0.00492	0.00560	0.00327	0.00348	0.00560	0.00806	0.01021	0.02832	0.49559	0.34312	0.01116	0.00483	0.00148	0.00221	0.05256	0.00360	0.00322
17	0.04253	0.00704	0.03615	0.03699	0.00969	0.01752	0.00609	0.05767	0.24625	0.07924	0.04905	0.09211	0.03599	0.00698	0.00426	0.00137	0.00333	0.20187	0.00354	0.06233
18	0.01098	0.00750	0.00878	0.00782	0.05145	0.00790	0.00585	0.32129	0.08602	0.11282	0.11471	0.03110	0.07446	0.03865	0.04264	0.03175	0.00370	0.00464	0.03263	0.00530
19	0.00560	0.00384	0.00457	0.00474	0.00561	0.00347	0.00342	0.00670	0.00867	0.04651	0.16672	0.30205	0.29006	0.03877	0.00505	0.00144	0.00217	0.02269	0.07449	0.00344
20	0.00619	0.00438	0.00562	0.05058	0.00765	0.00413	0.00472	0.00765	0.00919	0.06276	0.15996	0.09928	0.29525	0.00934	0.00477	0.00145	0.00271	0.25701	0.00367	0.00368
21	0.04390	0.00856	0.03955	0.04096	0.05663	0.00819	0.00699	0.25396	0.03864	0.44351	0.01218	0.01139	0.00809	0.00458	0.00383	0.00119	0.00379	0.00366	0.00404	0.00636
22	0.00898	0.09403	0.33149	0.04985	0.03957	0.07361	0.05231	0.06082	0.00903	0.05531	0.01024	0.14745	0.02078	0.00579	0.02262	0.00134	0.00493	0.00442	0.00235	0.00508

[dist]
# distance from previous block
# <min> <max>
13	43

[block]
# block no. 7 follows, 70 sequences, length 18
# corresponding to MSA columns:
# 360-377
name=unknown_H
#
# <colnr> <probs for GDERKNQSTAVLIFYWHMCP>
#	G	D	E	R	K	N	Q	S	T	A	V	L	I	F	Y	W	H	M	C	P
0	0.01075	0.06326	0.12860	0.02288	0.07244	0.26031	0.05365	0.08543	0.05903	0.01230	0.00839	0.02921	0.01739	0.00483	0.01722	0.00121	0.05108	0.02216	0.00230	0.07756
1	0.03360	0.12718	0.10721	0.00839	0.05778	0.14518	0.00696	0.04671	0.05376	0.03143	0.01954	0.07909	0.00814	0.02580	0.01262	0.00111	0.00427	0.00351	0.00241	0.22531
2	0.00683	0.02410	0.06331	0.00652	0.00773	0.05141	0.02558	0.00823	0.02993	0.02890	0.03312	0.03402	0.08541	0.15857	0.33609	0.06055	0.02905	0.00469	0.00238	0.00360
3	0.01008	0.00914	0.00953	0.04250	0.03209	0.11393	0.04017	0.12507	0.30886	0.02977	0.02596	0.03186	0.09775	0.00525	0.00388	0.00117	0.00381	0.00433	0.01514	0.08971
4	0.00896	0.11154	0.08721	0.07310	0.15530	0.00847	0.04544	0.08037	0.02170	0.04531	0.01869	0.04472	0.10383	0.01312	0.00415	0.00114	0.03135	0.01211	0.00251	0.13097
5	0.00965	0.12163	0.38336	0.00953	0.01354	0.03101	0.05916	0.12063	0.04431	0.06262	0.00917	0.07680	0.00752	0.00500	0.01878	0.00128	0.00494	0.00373	0.00242	0.01493
6	0.00565	0.00406	0.00507	0.00515	0.00611	0.00373	0.00397	0.00707	0.00949	0.03456	0.34345	0.11104	0.23662	0.04388	0.00536	0.00149	0.00236	0.16362	0.00384	0.00352
7	0.00608	0.00436	0.00518	0.00495	0.00610	0.00405	0.00371	0.02986	0.04579	0.04708	0.39714	0.12396	0.26986	0.00856	0.00450	0.00128	0.00210	0.00740	0.02424	0.00379
8	0.00895	0.04616	0.19187	0.13836	0.13012	0.07034	0.04553	0.02740	0.11795	0.03892	0.03503	0.03596	0.03523	0.01667	0.02358	0.02173	0.00478	0.00391	0.00240	0.00512
9	0.01156	0.00865	0.00938	0.00799	0.01046	0.00969	0.00634	0.18530	0.57345	0.11094	0.01440	0.01327	0.01051	0.00508	0.00393	0.00127	0.00334	0.00415	0.00403	0.00628
10	0.00530	0.00401	0.00491	0.00477	0.00577	0.00366	0.00357	0.00702	0.02647	0.01379	0.54386	0.08591	0.24249	0.00870	0.00460	0.00128	0.00195	0.02433	0.00403	0.00357
11	0.00614	0.00439	0.00519	0.00530	0.00619	0.00420	0.00377	0.06683	0.03367	0.04089	0.07540	0.42309	0.22497	0.07420	0.00580	0.00160	0.00247	0.00865	0.00362	0.00362
12	0.07823	0.00948	0.08840	0.07286	0.13264	0.07954	0.02308	0.02415	0.00797	0.07134	0.00821	0.03196	0.00719	0.02817	0.05815	0.01382	0.21555	0.03043	0.01410	0.00472
13	0.00931	0.00908	0.01504	0.14034	0.64323	0.03432	0.04436	0.01164	0.00876	0.01214	0.00759	0.01060	0.00641	0.00372	0.00390	0.00119	0.00481	0.02591	0.00194	0.00572
14	0.00562	0.00381	0.00450	0.00450	0.00459	0.00390	0.00268	0.00581	0.00572	0.00772	0.01197	0.02401	0.01350	0.75164	0.13104	0.00409	0.00465	0.00544	0.00231	0.00250
15	0.21316	0.00725	0.00746	0.00631	0.00850	0.00784	0.00507	0.19686	0.12934	0.12907	0.02995	0.01231	0.00900	0.02666	0.00376	0.00122	0.00310	0.01588	0.18211	0.00515
16	0.00859	0.04409	0.07527	0.06749	0.13245	0.03054	0.04367	0.05047	0.21053	0.02459	0.05931	0.07233	0.06408	0.05222	0.02432	0.00151	0.02587	0.00476	0.00288	0.00504
17	0.02064	0.00985	0.07229	0.12837	0.08283	0.14708	0.05560	0.07155	0.07338	0.02543	0.08487	0.06004	0.02101	0.03682	0.00459	0.01050	0.00446	0.01193	0.02469	0.05409

[dist]
# distance from previous block
# <min> <max>
1	26

[block]
# block no. 8 follows, 70 sequences, length 19
# corresponding to MSA columns:
# 409-427
name=unknown_I
#
# <colnr> <probs for GDERKNQSTAVLIFYWHMCP>
#	G	D	E	R	K	N	Q	S	T	A	V	L	I	F	Y	W	H	M	C	P
0	0.00614	0.00430	0.00596	0.03469	0.04885	0.00455	0.00426	0.02016	0.00661	0.00915	0.05320	0.07698	0.01275	0.28528	0.26143	0.13536	0.00553	0.00505	0.01671	0.00305
1	0.02233	0.01017	0.11392	0.09176	0.22464	0.05632	0.06053	0.09279	0.07589	0.07070	0.03841	0.02566	0.03276	0.00453	0.00416	0.00122	0.03209	0.00388	0.03281	0.00545
2	0.00480	0.00348	0.00450	0.00528	0.00562	0.00323	0.00359	0.00552	0.00753	0.00992	0.02259	0.72462	0.09807	0.04537	0.00551	0.00164	0.00233	0.03970	0.00355	0.00314
3	0.01122	0.35996	0.02847	0.02945	0.06567	0.26132	0.08253	0.01269	0.00898	0.03201	0.00686	0.04107	0.00608	0.00405	0.00361	0.00103	0.03514	0.00301	0.00197	0.00487
4	0.03243	0.09613	0.06900	0.05567	0.12382	0.15902	0.05306	0.01128	0.05139	0.01130	0.02581	0.09879	0.03039	0.01929	0.00436	0.00132	0.01259	0.13724	0.00252	0.00460
5	0.04674	0.08655	0.08934	0.03309	0.16221	0.03846	0.00755	0.06793	0.05451	0.12301	0.01100	0.10912	0.02949	0.00495	0.00367	0.00112	0.00386	0.00414	0.00280	0.12046
6	0.00958	0.03223	0.12638	0.08682	0.34699	0.01879	0.02361	0.03418	0.05064	0.08944	0.02182	0.06330	0.00827	0.02445	0.00458	0.00128	0.03706	0.00399	0.00243	0.01416
7	0.00490	0.00391	0.00424	0.00420	0.00536	0.00337	0.00313	0.00611	0.00928	0.01183	0.23108	0.06265	0.58607	0.00925	0.00452	0.00128	0.00194	0.00783	0.03568	0.00337
8	0.03909	0.00731	0.00865	0.00701	0.00954	0.00734	0.00566	0.17606	0.15368	0.37299	0.10293	0.01568	0.06555	0.00547	0.00397	0.00122	0.00320	0.00446	0.00427	0.00592
9	0.02361	0.00869	0.02542	0.17562	0.25120	0.00883	0.26300	0.04229	0.01877	0.01230	0.03068	0.01168	0.02658	0.00472	0.01696	0.03341	0.02574	0.01331	0.00211	0.00508
10	0.00649	0.00339	0.00495	0.00502	0.00504	0.00337	0.00332	0.00512	0.00529	0.00706	0.00835	0.08486	0.00884	0.07087	0.01459	0.75222	0.00330	0.00417	0.00189	0.00185
11	0.00548	0.00398	0.00543	0.00548	0.00596	0.00435	0.00394	0.00639	0.00622	0.00866	0.01271	0.07058	0.04373	0.28091	0.51302	0.00501	0.00755	0.00518	0.00231	0.00310
12	0.89114	0.00750	0.00570	0.00510	0.00750	0.00870	0.00420	0.01140	0.00660	0.01739	0.00540	0.00630	0.00420	0.00360	0.00240	0.00120	0.00300	0.00210	0.00240	0.00420
13	0.00536	0.00459	0.00524	0.00585	0.06421	0.02305	0.00394	0.00656	0.00910	0.01143	0.16952	0.12269	0.52005	0.00919	0.00456	0.00131	0.00230	0.02394	0.00356	0.00356
14	0.00879	0.02528	0.18801	0.04463	0.13338	0.07657	0.14540	0.06232	0.02102	0.01270	0.06542	0.05334	0.02893	0.00596	0.04230	0.00146	0.02501	0.02641	0.02804	0.00502
15	0.01211	0.00837	0.10332	0.00748	0.01015	0.02111	0.00660	0.03415	0.21877	0.35759	0.05422	0.07063	0.01247	0.00569	0.00403	0.00128	0.00345	0.04472	0.01807	0.00578
16	0.00483	0.00345	0.00462	0.00552	0.00579	0.00324	0.00379	0.00558	0.00753	0.01002	0.02131	0.80323	0.02540	0.01204	0.00498	0.00159	0.00234	0.06795	0.00360	0.00318
17	0.06061	0.00893	0.04297	0.20112	0.33511	0.00910	0.05626	0.12973	0.02337	0.03580	0.00833	0.02505	0.00679	0.02037	0.00416	0.00127	0.00460	0.01861	0.00236	0.00547
18	0.01009	0.02659	0.09111	0.05126	0.48798	0.07805	0.02980	0.08573	0.02083	0.02641	0.00848	0.03995	0.01820	0.00408	0.00385	0.00117	0.00477	0.00368	0.00222	0.00575

[dist]
# distance from previous block
# <min> <max>
0	11

[block]
# block no. 9 follows, 70 sequences, length 19
# corresponding to MSA columns:
# 439-457
name=unknown_J
#
# <colnr> <probs for GDERKNQSTAVLIFYWHMCP>
#	G	D	E	R	K	N	Q	S	T	A	V	L	I	F	Y	W	H	M	C	P
0	0.00960	0.05638	0.12974	0.00737	0.01029	0.00761	0.00675	0.19294	0.02370	0.07026	0.01127	0.08528	0.03198	0.02934	0.05360	0.00145	0.00412	0.04722	0.00292	0.21819
1	0.00520	0.00407	0.00472	0.00496	0.00591	0.00375	0.00371	0.00673	0.04688	0.01116	0.11618	0.22160	0.39044	0.04857	0.00541	0.00153	0.00235	0.10977	0.00363	0.00341
2	0.03096	0.07094	0.06452	0.04218	0.08454	0.04402	0.05157	0.17708	0.07993	0.09570	0.00994	0.04481	0.00804	0.00588	0.05036	0.00141	0.00451	0.02194	0.00290	0.10878
3	0.00682	0.06832	0.11487	0.00687	0.00912	0.00609	0.07717	0.02579	0.03115	0.02391	0.15304	0.11951	0.23945	0.00704	0.00424	0.00122	0.01193	0.00608	0.02502	0.06234
4	0.01037	0.33976	0.16809	0.01043	0.10112	0.08001	0.07501	0.07019	0.00937	0.04117	0.03888	0.00873	0.00668	0.00377	0.00334	0.00104	0.00478	0.00296	0.00212	0.02220
5	0.00888	0.30117	0.44707	0.00978	0.01432	0.01123	0.07525	0.01263	0.06414	0.01150	0.00710	0.00813	0.00548	0.00364	0.00337	0.00111	0.00508	0.00284	0.00183	0.00547
6	0.00557	0.00373	0.00425	0.00431	0.00433	0.00372	0.00244	0.00562	0.00576	0.00768	0.01286	0.08395	0.01490	0.80407	0.01870	0.00361	0.00365	0.00602	0.00244	0.00241
7	0.00612	0.00430	0.00549	0.00597	0.00663	0.02544	0.00449	0.00727	0.00809	0.04791	0.07417	0.41741	0.02178	0.03126	0.10834	0.00217	0.00370	0.18968	0.02628	0.00350
8	0.00575	0.06343	0.03359	0.00653	0.05285	0.00495	0.03613	0.00711	0.01758	0.01088	0.08222	0.26443	0.34935	0.02024	0.00468	0.00138	0.00270	0.02919	0.00328	0.00372
9	0.01007	0.01098	0.05925	0.06901	0.26874	0.22395	0.06728	0.01198	0.00910	0.04752	0.00929	0.08972	0.00848	0.00647	0.06060	0.00154	0.00553	0.03325	0.00227	0.00498
10	0.00658	0.00337	0.00501	0.00508	0.00510	0.00335	0.00339	0.00508	0.00524	0.00698	0.00789	0.07876	0.00822	0.01336	0.01435	0.81738	0.00328	0.00397	0.00183	0.00180
11	0.00928	0.00993	0.08712	0.08126	0.65317	0.00918	0.01164	0.01238	0.06463	0.01267	0.00781	0.00986	0.00635	0.00363	0.00383	0.00118	0.00464	0.00347	0.00202	0.00597
12	0.05521	0.05413	0.03256	0.00802	0.01079	0.06148	0.00668	0.39841	0.07874	0.17108	0.01119	0.07533	0.00868	0.00512	0.00380	0.00119	0.00398	0.00400	0.00367	0.00594
13	0.01169	0.00966	0.05925	0.03763	0.01207	0.05527	0.07983	0.32783	0.08328	0.10938	0.01241	0.11820	0.02327	0.00573	0.00412	0.00127	0.00421	0.03587	0.00346	0.00559
14	0.00532	0.00375	0.00452	0.00490	0.00523	0.00361	0.00327	0.00585	0.00695	0.00907	0.01913	0.27703	0.11512	0.40547	0.01179	0.00258	0.00308	0.10746	0.00302	0.00285
15	0.00804	0.00689	0.00804	0.00574	0.00919	0.00517	0.00459	0.00976	0.00804	0.01263	0.00689	0.00804	0.00574	0.00287	0.00287	0.00057	0.00287	0.00230	0.00230	0.88745
16	0.00920	0.04217	0.02453	0.00664	0.02218	0.02803	0.00531	0.11733	0.00967	0.06868	0.05663	0.01428	0.06551	0.07231	0.00498	0.00114	0.02452	0.03281	0.00285	0.39121
17	0.03663	0.00521	0.00570	0.00527	0.00617	0.04237	0.00366	0.02838	0.00695	0.00970	0.03789	0.01968	0.04162	0.42770	0.19544	0.00346	0.00510	0.00472	0.00242	0.11192
18	0.00613	0.00424	0.00545	0.00542	0.00597	0.00448	0.00382	0.00749	0.05228	0.03461	0.06888	0.07925	0.01499	0.36139	0.29335	0.00398	0.00568	0.03664	0.00268	0.00325

[dist]
# distance from previous block
# <min> <max>
1	5

[block]
# block no. 10 follows, 70 sequences, length 14
# corresponding to MSA columns:
# 464-469,471-478
name=unknown_K
#
# <colnr> <probs for GDERKNQSTAVLIFYWHMCP>
#	G	D	E	R	K	N	Q	S	T	A	V	L	I	F	Y	W	H	M	C	P
0	0.00785	0.06193	0.00692	0.00597	0.05099	0.00548	0.00431	0.06842	0.00953	0.04141	0.20148	0.05575	0.04469	0.03676	0.00410	0.00113	0.00253	0.00474	0.30917	0.07685
1	0.00968	0.28509	0.09932	0.02237	0.01088	0.04138	0.00697	0.10815	0.04688	0.01275	0.00821	0.02393	0.00716	0.00415	0.00324	0.00095	0.00398	0.05633	0.00237	0.24621
2	0.00487	0.00367	0.00432	0.00475	0.00549	0.00328	0.00337	0.00582	0.00828	0.01075	0.08196	0.42411	0.34484	0.01057	0.00469	0.00142	0.00212	0.02868	0.04376	0.00326
3	0.01088	0.67585	0.04701	0.00788	0.04410	0.05909	0.00723	0.08925	0.00908	0.01085	0.00592	0.00676	0.00517	0.00350	0.00277	0.00090	0.00438	0.00231	0.00190	0.00518
4	0.00500	0.00376	0.00461	0.00503	0.00566	0.00351	0.00355	0.00603	0.02071	0.01041	0.08582	0.42167	0.24239	0.07735	0.05106	0.00190	0.00276	0.04208	0.00348	0.00324
5	0.01061	0.15110	0.13115	0.03217	0.08636	0.03429	0.06141	0.13823	0.03498	0.10651	0.03523	0.01139	0.02629	0.05019	0.00461	0.00125	0.01704	0.00355	0.01560	0.04804
6	0.00720	0.03468	0.02349	0.00766	0.00911	0.00572	0.10424	0.02705	0.06204	0.05386	0.02868	0.26711	0.03016	0.02900	0.06755	0.00191	0.00403	0.22915	0.00325	0.00408
7	0.00478	0.00346	0.00453	0.00534	0.00567	0.00321	0.00363	0.00553	0.00764	0.01012	0.04186	0.76312	0.07952	0.01185	0.00493	0.00155	0.00226	0.03420	0.00361	0.00318
8	0.00840	0.00743	0.01136	0.35701	0.18644	0.03271	0.03546	0.01099	0.05451	0.05422	0.02824	0.05496	0.04189	0.00592	0.04229	0.00150	0.04295	0.00422	0.01474	0.00477
9	0.89114	0.00750	0.00570	0.00510	0.00750	0.00870	0.00420	0.01140	0.00660	0.01739	0.00540	0.00630	0.00420	0.00360	0.00240	0.00120	0.00300	0.00210	0.00240	0.00420
10	0.00895	0.00888	0.03686	0.00849	0.00967	0.14141	0.04382	0.08142	0.02031	0.01069	0.00784	0.01120	0.00706	0.03837	0.23193	0.09040	0.22076	0.00358	0.01427	0.00408
11	0.00571	0.00422	0.00574	0.00567	0.00606	0.00477	0.00408	0.00653	0.00602	0.00849	0.01106	0.03996	0.01149	0.33772	0.47490	0.00495	0.05251	0.00484	0.00220	0.00308
12	0.03315	0.00451	0.00559	0.00518	0.00636	0.00446	0.00393	0.02255	0.00867	0.13339	0.18463	0.03593	0.09361	0.09365	0.19040	0.00252	0.00419	0.00519	0.15817	0.00393
13	0.00870	0.00808	0.01204	0.35045	0.18359	0.05319	0.06620	0.05870	0.05682	0.02428	0.03651	0.08323	0.00916	0.00491	0.00406	0.00128	0.00465	0.02690	0.00239	0.00488

[dist]
# distance from previous block
# <min> <max>
3	23

[block]
# block no. 11 follows, 70 sequences, length 8
# corresponding to MSA columns:
# 511-518
name=unknown_L
#
# <colnr> <probs for GDERKNQSTAVLIFYWHMCP>
#	G	D	E	R	K	N	Q	S	T	A	V	L	I	F	Y	W	H	M	C	P
0	0.03722	0.00878	0.02848	0.15939	0.24178	0.07106	0.07810	0.06889	0.04821	0.01261	0.00982	0.06952	0.00891	0.02161	0.01518	0.00139	0.02615	0.06853	0.01938	0.00498
1	0.00484	0.00387	0.00435	0.00447	0.00552	0.00338	0.00332	0.00597	0.00902	0.01138	0.18552	0.16216	0.52893	0.00986	0.00467	0.00135	0.00205	0.04228	0.00372	0.00334
2	0.03110	0.00815	0.01480	0.16656	0.07650	0.00860	0.32725	0.02500	0.04440	0.01195	0.00981	0.07210	0.02499	0.00567	0.03510	0.00151	0.07646	0.01873	0.03658	0.00474
3	0.00596	0.00541	0.05536	0.00707	0.03857	0.00541	0.00549	0.00735	0.00635	0.00914	0.01008	0.01568	0.00967	0.13786	0.61952	0.00522	0.04599	0.00422	0.00207	0.00358
4	0.00505	0.00373	0.00462	0.00498	0.00558	0.00348	0.00351	0.00599	0.00812	0.01070	0.15575	0.35914	0.20376	0.11835	0.04215	0.00194	0.00272	0.05374	0.00349	0.00319
5	0.01266	0.22815	0.04184	0.03063	0.01161	0.17107	0.00715	0.26980	0.03159	0.07515	0.00793	0.00837	0.00605	0.00401	0.00337	0.00101	0.00461	0.00287	0.00276	0.07937
6	0.00864	0.04218	0.08075	0.19555	0.25759	0.00826	0.04415	0.05887	0.00883	0.01238	0.02622	0.04205	0.00716	0.00421	0.00400	0.02470	0.00437	0.00356	0.00214	0.16441
7	0.01154	0.15540	0.11824	0.00943	0.06271	0.08618	0.02434	0.24026	0.04827	0.07912	0.04124	0.02288	0.00824	0.00498	0.01797	0.00122	0.01757	0.02439	0.00287	0.02315

[dist]
# distance from previous block
# <min> <max>
4	7

[block]
# block no. 12 follows, 70 sequences, length 30
# corresponding to MSA columns:
# 527-556
name=unknown_M
#
# <colnr> <probs for GDERKNQSTAVLIFYWHMCP>
#	G	D	E	R	K	N	Q	S	T	A	V	L	I	F	Y	W	H	M	C	P
0	0.02338	0.60770	0.05748	0.00784	0.02853	0.12734	0.00725	0.03317	0.03573	0.01015	0.00602	0.00690	0.00526	0.00362	0.00306	0.00093	0.02642	0.00234	0.00185	0.00502
1	0.00709	0.00533	0.00606	0.00534	0.00715	0.02366	0.00408	0.01736	0.02233	0.07530	0.14639	0.15215	0.24712	0.00742	0.00411	0.00114	0.00252	0.02449	0.00342	0.23755
2	0.05512	0.02753	0.03358	0.04328	0.28157	0.04633	0.05532	0.10963	0.02906	0.08967	0.08789	0.01222	0.03310	0.00458	0.00433	0.00119	0.05105	0.00387	0.00274	0.02794
3	0.02666	0.11944	0.16703	0.01089	0.09442	0.03857	0.11833	0.07863	0.17377	0.08551	0.01006	0.01089	0.01785	0.02604	0.00414	0.00125	0.00456	0.00361	0.00269	0.00564
4	0.00732	0.00689	0.01163	0.85444	0.02670	0.00861	0.01077	0.00991	0.00775	0.00991	0.00689	0.01034	0.00517	0.00388	0.00388	0.00129	0.00517	0.00345	0.00172	0.00431
5	0.00569	0.00383	0.00443	0.00443	0.00475	0.00369	0.00274	0.00609	0.00684	0.02701	0.11011	0.09569	0.10145	0.59009	0.01489	0.00298	0.00322	0.00646	0.00285	0.00275
6	0.01026	0.01815	0.05661	0.10322	0.44216	0.04351	0.04865	0.07031	0.01838	0.07990	0.03707	0.01045	0.00732	0.00392	0.00396	0.00117	0.01476	0.00357	0.00237	0.02426
7	0.00797	0.02933	0.24795	0.07469	0.01465	0.00789	0.19801	0.02225	0.02737	0.04277	0.05187	0.01450	0.02698	0.00861	0.13872	0.00209	0.01585	0.06135	0.00230	0.00485
8	0.00481	0.00344	0.00460	0.00550	0.00577	0.00323	0.00376	0.00556	0.00751	0.01000	0.02132	0.81247	0.02544	0.01206	0.00497	0.00159	0.00233	0.05887	0.00360	0.00317
9	0.00558	0.00377	0.00440	0.00456	0.00464	0.00374	0.00275	0.00578	0.00606	0.00805	0.01376	0.11496	0.01589	0.71415	0.01717	0.00339	0.00359	0.06267	0.00257	0.00252
10	0.02688	0.03251	0.08852	0.06951	0.29584	0.06192	0.16478	0.07215	0.03247	0.03445	0.00808	0.02825	0.00654	0.00463	0.02574	0.00134	0.03497	0.00371	0.00221	0.00549
11	0.00542	0.00421	0.00514	0.00543	0.00620	0.01675	0.01841	0.02734	0.00833	0.01067	0.05580	0.42894	0.25406	0.02920	0.00548	0.03246	0.00254	0.07683	0.00348	0.00332
12	0.00915	0.09026	0.01850	0.01428	0.11945	0.02862	0.48206	0.02494	0.00947	0.02675	0.12693	0.01256	0.01030	0.00403	0.00424	0.00122	0.00531	0.00447	0.00234	0.00512
13	0.01225	0.02990	0.01254	0.07908	0.22648	0.06945	0.00857	0.40354	0.01337	0.03055	0.00819	0.00919	0.00620	0.00408	0.00373	0.00111	0.00450	0.00329	0.00292	0.07107
14	0.01034	0.01220	0.21129	0.02241	0.04126	0.08043	0.10870	0.12989	0.19755	0.06290	0.03701	0.01180	0.02724	0.00507	0.02336	0.00134	0.00483	0.00385	0.00288	0.00565
15	0.00673	0.00337	0.00505	0.00505	0.00505	0.00337	0.00337	0.00505	0.00505	0.00673	0.00673	0.01178	0.00673	0.01347	0.01515	0.88721	0.00337	0.00337	0.00168	0.00168
