[name]
unknown

[dist]
# distance from previous block
# <min> <max>
0	80

[block]
# block no. 0 follows, 75 sequences, length 34
# corresponding to MSA columns:
# 80-89,92-115
name=unknown_A
#
# <colnr> <probs for GDERKNQSTAVLIFYWHMCP>
#	G	D	E	R	K	N	Q	S	T	A	V	L	I	F	Y	W	H	M	C	P
0	0.00501	0.00365	0.00508	0.00536	0.00575	0.00377	0.01691	0.00581	0.00638	0.00872	0.01481	0.37890	0.01668	0.18996	0.29062	0.00338	0.00508	0.02850	0.00267	0.00297
1	0.00562	0.00442	0.00655	0.08864	0.00856	0.00496	0.00511	0.00707	0.00620	0.00892	0.00922	0.01337	0.00843	0.02300	0.69699	0.00497	0.00872	0.00371	0.00195	0.08357
2	0.01411	0.01006	0.01088	0.00834	0.01127	0.01105	0.00689	0.78892	0.01688	0.07054	0.00914	0.00903	0.00641	0.00442	0.00368	0.00110	0.00399	0.00333	0.00372	0.00625
3	0.00880	0.51850	0.36496	0.00802	0.01211	0.01204	0.00931	0.01126	0.00758	0.00988	0.00572	0.00666	0.00469	0.00329	0.00283	0.00094	0.00455	0.00228	0.00156	0.00501
4	0.00794	0.01161	0.30919	0.13145	0.09951	0.00825	0.11327	0.05859	0.09872	0.01246	0.05520	0.04355	0.00824	0.00466	0.02031	0.00128	0.00474	0.00378	0.00220	0.00506
5	0.02906	0.00355	0.00442	0.00485	0.00545	0.00338	0.00343	0.00562	0.00746	0.01004	0.09132	0.49391	0.20370	0.01230	0.10175	0.00190	0.00294	0.00856	0.00327	0.00311
6	0.70181	0.06475	0.01723	0.00637	0.05197	0.04941	0.01542	0.01112	0.00675	0.02804	0.00542	0.00636	0.00428	0.00346	0.00260	0.00111	0.01535	0.00215	0.00220	0.00420
7	0.00453	0.00332	0.00429	0.00499	0.00537	0.00308	0.00343	0.00527	0.00728	0.00958	0.04064	0.70655	0.12388	0.01151	0.02573	0.00157	0.00231	0.03025	0.00339	0.00303
8	0.00786	0.02960	0.11982	0.00667	0.01995	0.00595	0.02718	0.03252	0.00793	0.01215	0.00659	0.00770	0.00535	0.00289	0.00289	0.00067	0.00325	0.00234	0.00211	0.69658
9	0.04052	0.00800	0.01262	0.22284	0.41026	0.02474	0.05215	0.02726	0.04359	0.04966	0.00817	0.02008	0.02141	0.00371	0.00362	0.00112	0.00432	0.00344	0.00210	0.04036
10	0.00929	0.00795	0.00840	0.00747	0.00960	0.00913	0.00583	0.05132	0.79045	0.01559	0.01452	0.01338	0.01089	0.00491	0.00371	0.00122	0.00295	0.00408	0.00370	0.02562
11	0.01012	0.80748	0.01857	0.00653	0.00957	0.07912	0.00635	0.01128	0.00769	0.00867	0.00515	0.00595	0.00471	0.00319	0.00243	0.00080	0.00413	0.00199	0.00160	0.00468
12	0.00843	0.00772	0.02983	0.03933	0.09886	0.04553	0.00611	0.08437	0.00849	0.02189	0.00825	0.06839	0.02179	0.01748	0.00424	0.00094	0.08034	0.00329	0.00231	0.44241
13	0.01009	0.01699	0.04632	0.14577	0.17171	0.02015	0.02285	0.21212	0.18140	0.04903	0.00930	0.02299	0.00715	0.00436	0.00425	0.00119	0.06261	0.00355	0.00274	0.00544
14	0.00697	0.00645	0.00992	0.50005	0.11208	0.03067	0.00854	0.01997	0.00750	0.00979	0.00946	0.18938	0.00921	0.02020	0.00451	0.00131	0.04313	0.00477	0.00207	0.00405
15	0.00638	0.00319	0.00478	0.00478	0.00478	0.00319	0.00319	0.00478	0.00478	0.00638	0.00638	0.01116	0.00638	0.01276	0.01435	0.89314	0.00319	0.00319	0.00159	0.00159
16	0.00698	0.00647	0.01064	0.72437	0.06216	0.00790	0.00961	0.00964	0.04340	0.00974	0.00762	0.04888	0.00620	0.00469	0.02592	0.00135	0.00479	0.00364	0.00182	0.00417
17	0.00451	0.00321	0.00425	0.00507	0.00527	0.00301	0.00336	0.00512	0.00696	0.00928	0.01987	0.83202	0.02382	0.04866	0.00529	0.00158	0.00219	0.01022	0.00336	0.00295
18	0.00748	0.00745	0.02199	0.44076	0.06561	0.06726	0.02854	0.01947	0.01682	0.01004	0.05866	0.01262	0.06750	0.02637	0.02077	0.00139	0.11736	0.00381	0.00200	0.00410
19	0.00877	0.00677	0.00732	0.00651	0.00836	0.00747	0.00508	0.07842	0.50115	0.05146	0.12523	0.01660	0.07217	0.00549	0.00375	0.00118	0.00267	0.00458	0.08185	0.00516
20	0.01059	0.49350	0.05315	0.00733	0.01022	0.13169	0.00673	0.10016	0.13335	0.01136	0.00712	0.00755	0.00584	0.00366	0.00289	0.00093	0.00424	0.00252	0.00216	0.00501
21	0.00848	0.16538	0.32243	0.00988	0.11006	0.02108	0.03366	0.04693	0.02354	0.02998	0.00886	0.00974	0.06226	0.00377	0.00329	0.00100	0.00430	0.00303	0.00201	0.13032
22	0.00515	0.01676	0.00498	0.00530	0.00579	0.00373	0.00370	0.05003	0.00776	0.01041	0.07218	0.69375	0.03606	0.01161	0.05257	0.00168	0.00266	0.00928	0.00336	0.00323
23	0.89687	0.00710	0.00540	0.00483	0.00710	0.00824	0.00398	0.01080	0.00625	0.01648	0.00511	0.00597	0.00398	0.00341	0.00227	0.00114	0.00284	0.00199	0.00227	0.00398
24	0.03548	0.00771	0.02736	0.35306	0.06386	0.02107	0.06572	0.12999	0.00978	0.21337	0.03065	0.01053	0.00693	0.00401	0.00369	0.00117	0.00431	0.00348	0.00273	0.00508
25	0.02520	0.01451	0.48495	0.01134	0.01571	0.00858	0.24766	0.01212	0.06200	0.03507	0.00791	0.03246	0.00599	0.00376	0.00388	0.00120	0.01701	0.00350	0.00193	0.00523
26	0.00901	0.00811	0.01950	0.13066	0.11061	0.09119	0.00691	0.11254	0.21993	0.02155	0.03318	0.02284	0.01816	0.03887	0.08662	0.05461	0.00455	0.00377	0.00265	0.00471
27	0.00638	0.00319	0.00478	0.00478	0.00478	0.00319	0.00319	0.00478	0.00478	0.00638	0.00638	0.01116	0.00638	0.01276	0.01435	0.89314	0.00319	0.00319	0.00159	0.00159
28	0.00806	0.10874	0.36027	0.02143	0.06455	0.00904	0.02034	0.06925	0.00827	0.02212	0.04715	0.01099	0.06815	0.00532	0.03158	0.00133	0.13309	0.00341	0.00204	0.00488
29	0.00525	0.00394	0.00590	0.00590	0.00656	0.00459	0.00459	0.00656	0.00590	0.00853	0.00984	0.01443	0.00918	0.02755	0.85637	0.00590	0.00984	0.00394	0.00197	0.00328
30	0.00568	0.12722	0.02556	0.00524	0.00638	0.00514	0.00412	0.02824	0.00787	0.01022	0.08297	0.41528	0.18029	0.00979	0.04270	0.00149	0.00280	0.01816	0.00308	0.01776
31	0.01061	0.17396	0.08778	0.06981	0.02322	0.04051	0.02049	0.29436	0.12406	0.02832	0.03690	0.00984	0.01885	0.00415	0.00340	0.00105	0.00401	0.00322	0.00279	0.04266
32	0.01862	0.04383	0.23109	0.01009	0.10193	0.15358	0.04046	0.04277	0.08859	0.03270	0.02390	0.05427	0.01780	0.00472	0.02016	0.00118	0.02462	0.00345	0.00225	0.08398
33	0.04361	0.14026	0.33618	0.00898	0.03057	0.06850	0.05213	0.05186	0.05454	0.06225	0.00748	0.01712	0.00571	0.00362	0.00327	0.00103	0.00453	0.00284	0.00212	0.10341

[dist]
# distance from previous block
# <min> <max>
1	33

[block]
# block no. 1 follows, 75 sequences, length 20
# corresponding to MSA columns:
# 149-168
name=unknown_B
#
# <colnr> <probs for GDERKNQSTAVLIFYWHMCP>
#	G	D	E	R	K	N	Q	S	T	A	V	L	I	F	Y	W	H	M	C	P
0	0.00835	0.33697	0.10540	0.07603	0.06283	0.04385	0.00700	0.02587	0.03183	0.01066	0.08042	0.05194	0.05130	0.00438	0.00319	0.00097	0.00378	0.00346	0.00215	0.08962
1	0.01713	0.01017	0.25077	0.05414	0.04644	0.00638	0.02002	0.01028	0.01696	0.03030	0.01735	0.02391	0.00603	0.00331	0.00314	0.00084	0.00373	0.00273	0.00206	0.47430
2	0.00889	0.00946	0.01982	0.01474	0.05794	0.00879	0.70270	0.01177	0.00864	0.04201	0.00759	0.00979	0.00570	0.00313	0.00416	0.00118	0.00573	0.00410	0.00198	0.07188
3	0.01169	0.03962	0.01038	0.00812	0.01067	0.04532	0.03041	0.42702	0.31733	0.01861	0.01085	0.01058	0.00802	0.00451	0.00362	0.00113	0.00372	0.00356	0.02899	0.00583
4	0.01182	0.06133	0.03904	0.02798	0.02708	0.14037	0.00689	0.14985	0.16549	0.03462	0.01314	0.01402	0.08538	0.00558	0.00421	0.00133	0.00442	0.00400	0.00340	0.20008
5	0.00571	0.00419	0.00538	0.00530	0.00582	0.00465	0.00384	0.00715	0.05884	0.00909	0.02621	0.05758	0.03608	0.29302	0.34242	0.00382	0.04713	0.01967	0.06095	0.00313
6	0.00759	0.00703	0.10246	0.00637	0.00830	0.00605	0.00553	0.01244	0.28383	0.07753	0.41437	0.01955	0.02160	0.00600	0.00399	0.00118	0.00264	0.00515	0.00370	0.00467
7	0.00925	0.00877	0.01601	0.09445	0.49002	0.00873	0.23508	0.02975	0.00866	0.05231	0.00742	0.00953	0.00584	0.00335	0.00383	0.00115	0.00484	0.00358	0.00198	0.00546
8	0.00615	0.02922	0.00711	0.00638	0.00689	0.00569	0.01785	0.00671	0.00568	0.00811	0.00808	0.01248	0.00771	0.03369	0.47299	0.20968	0.14709	0.00362	0.00181	0.00306
9	0.00601	0.00475	0.00710	0.00672	0.00752	0.00481	0.08992	0.05040	0.00790	0.02999	0.06403	0.59943	0.02012	0.00948	0.00513	0.00143	0.07005	0.00850	0.00318	0.00354
10	0.00455	0.00326	0.00431	0.00512	0.00538	0.00305	0.00347	0.00523	0.00708	0.00940	0.02041	0.79074	0.04454	0.03385	0.00506	0.00155	0.00221	0.04442	0.00338	0.00298
11	0.18213	0.13781	0.12533	0.03678	0.16059	0.07567	0.19165	0.02845	0.00812	0.01219	0.00630	0.00784	0.00499	0.00334	0.00329	0.00109	0.00473	0.00292	0.00188	0.00489
12	0.02636	0.06213	0.02387	0.00699	0.00885	0.06966	0.03574	0.16372	0.15450	0.04965	0.07615	0.19171	0.05307	0.00645	0.00389	0.00121	0.00332	0.03644	0.02166	0.00462
13	0.06688	0.16319	0.14056	0.02423	0.03330	0.03896	0.04633	0.03743	0.02986	0.04704	0.00681	0.00779	0.00539	0.00332	0.00319	0.00088	0.02294	0.00254	0.00211	0.31724
14	0.12213	0.37878	0.10122	0.00740	0.03691	0.05403	0.00675	0.09436	0.06420	0.02617	0.00686	0.00798	0.00570	0.04000	0.00350	0.00106	0.00397	0.00257	0.00214	0.03428
15	0.05649	0.00482	0.02345	0.00470	0.00524	0.03995	0.00318	0.00657	0.02215	0.00843	0.01310	0.04565	0.08096	0.56603	0.10171	0.00321	0.00415	0.00514	0.00233	0.00275
16	0.00841	0.05551	0.13422	0.00778	0.03003	0.05495	0.06218	0.02503	0.03580	0.05600	0.05201	0.04379	0.03244	0.02339	0.00409	0.00100	0.04511	0.00342	0.00236	0.32247
17	0.04456	0.05103	0.11008	0.09428	0.06307	0.00768	0.05107	0.06396	0.11186	0.12505	0.00893	0.00977	0.00669	0.01294	0.01393	0.00110	0.00384	0.00311	0.01995	0.19710
18	0.00794	0.00747	0.06925	0.00715	0.06077	0.00599	0.00560	0.04393	0.03552	0.03202	0.03775	0.01036	0.00748	0.08444	0.00499	0.00105	0.05031	0.00294	0.00232	0.52274
19	0.00853	0.02921	0.15390	0.00930	0.08923	0.04169	0.05846	0.13218	0.06087	0.04488	0.03600	0.16784	0.06050	0.00656	0.03237	0.00137	0.03118	0.01081	0.00273	0.02239

[dist]
# distance from previous block
# <min> <max>
2	18

[block]
# block no. 2 follows, 75 sequences, length 16
# corresponding to MSA columns:
# 187-202
name=unknown_C
#
# <colnr> <probs for GDERKNQSTAVLIFYWHMCP>
#	G	D	E	R	K	N	Q	S	T	A	V	L	I	F	Y	W	H	M	C	P
0	0.06477	0.09056	0.06178	0.00653	0.03299	0.06668	0.00541	0.07011	0.03218	0.07892	0.06882	0.03854	0.17901	0.00517	0.00344	0.00100	0.00322	0.00413	0.00280	0.18394
1	0.00862	0.05109	0.06351	0.08115	0.17464	0.08451	0.03299	0.05314	0.06512	0.04360	0.03514	0.05270	0.00929	0.17884	0.01538	0.00168	0.03777	0.00406	0.00233	0.00444
2	0.01100	0.06114	0.01020	0.04274	0.03643	0.09046	0.00661	0.24914	0.38391	0.03662	0.01105	0.01086	0.00829	0.00489	0.01914	0.00123	0.00390	0.00353	0.00326	0.00562
3	0.01161	0.00612	0.00772	0.00599	0.00864	0.00522	0.00482	0.03974	0.03209	0.40615	0.07691	0.05337	0.02842	0.00462	0.00349	0.00097	0.00283	0.00384	0.00361	0.29383
4	0.06382	0.07099	0.08377	0.02563	0.01621	0.02295	0.00536	0.06262	0.01619	0.04277	0.01040	0.12535	0.01050	0.20662	0.13284	0.03877	0.04312	0.01601	0.00238	0.00371
5	0.03314	0.22807	0.36465	0.00942	0.02262	0.07652	0.09830	0.01185	0.01881	0.04735	0.03932	0.00845	0.00621	0.00364	0.00342	0.00106	0.01736	0.00288	0.00189	0.00502
6	0.01499	0.00700	0.00891	0.00721	0.03230	0.00664	0.00573	0.17051	0.04259	0.59964	0.01368	0.01231	0.02743	0.00460	0.00367	0.00113	0.00326	0.00371	0.02860	0.00607
7	0.01176	0.00532	0.00676	0.00573	0.00769	0.00489	0.00454	0.02909	0.05731	0.46145	0.01640	0.13635	0.06692	0.00592	0.00372	0.00116	0.00268	0.01774	0.14953	0.00504
8	0.00726	0.04132	0.08092	0.04107	0.12693	0.04737	0.05493	0.03795	0.03496	0.01074	0.04781	0.13260	0.08311	0.05325	0.11110	0.00194	0.06375	0.01639	0.00241	0.00418
9	0.01081	0.03616	0.01274	0.09432	0.30683	0.38357	0.05223	0.01246	0.00908	0.01020	0.00640	0.00819	0.00532	0.00431	0.03096	0.00119	0.00567	0.00291	0.00183	0.00481
10	0.69707	0.00749	0.00601	0.00529	0.00754	0.05550	0.00430	0.01191	0.03407	0.09843	0.00666	0.00720	0.00497	0.00363	0.00253	0.00112	0.00304	0.00230	0.03669	0.00426
11	0.03511	0.00593	0.00786	0.00630	0.00866	0.00537	0.00506	0.04030	0.02435	0.64897	0.01378	0.06208	0.00978	0.03222	0.02573	0.05153	0.00327	0.00407	0.00409	0.00554
12	0.01004	0.15247	0.12987	0.09917	0.08133	0.09285	0.03380	0.17212	0.09090	0.02193	0.00785	0.02868	0.00628	0.00414	0.00392	0.00111	0.05287	0.00318	0.00233	0.00514
13	0.00528	0.00357	0.00419	0.00424	0.00431	0.00362	0.00251	0.00544	0.00549	0.00738	0.01190	0.07066	0.01359	0.74519	0.09477	0.00366	0.00406	0.00550	0.00227	0.00236
14	0.00504	0.00347	0.00423	0.00452	0.00464	0.00344	0.00280	0.00535	0.00595	0.00799	0.01437	0.30867	0.01674	0.51858	0.07550	0.00303	0.00354	0.00696	0.00261	0.00256
15	0.04262	0.00897	0.05380	0.06699	0.22866	0.00878	0.08515	0.18798	0.11329	0.15228	0.00949	0.01011	0.00691	0.00396	0.00368	0.00115	0.00412	0.00348	0.00289	0.00570

[dist]
# distance from previous block
# <min> <max>
5	7

[block]
# block no. 3 follows, 75 sequences, length 91
# corresponding to MSA columns:
# 210-300
name=unknown_D
#
# <colnr> <probs for GDERKNQSTAVLIFYWHMCP>
#	G	D	E	R	K	N	Q	S	T	A	V	L	I	F	Y	W	H	M	C	P
0	0.01285	0.01063	0.01036	0.00871	0.04237	0.16021	0.02378	0.52350	0.02391	0.03738	0.00870	0.00913	0.00641	0.00422	0.00350	0.00105	0.00427	0.00319	0.10028	0.00554
1	0.89687	0.00710	0.00540	0.00483	0.00710	0.00824	0.00398	0.01080	0.00625	0.01648	0.00511	0.00597	0.00398	0.00341	0.00227	0.00114	0.00284	0.00199	0.00227	0.00398
2	0.00605	0.00480	0.00524	0.00506	0.00643	0.00471	0.00392	0.01873	0.19193	0.03198	0.10176	0.06075	0.44470	0.00810	0.00423	0.00127	0.00227	0.07717	0.01704	0.00387
3	0.00554	0.00347	0.00418	0.00420	0.00422	0.00346	0.00247	0.00521	0.00530	0.00705	0.01097	0.04087	0.02301	0.65162	0.01723	0.19851	0.00342	0.00502	0.00213	0.00212
4	0.00852	0.00673	0.00815	0.00587	0.00911	0.00529	0.02442	0.04182	0.00822	0.07214	0.00721	0.00807	0.00573	0.00292	0.00286	0.00062	0.00288	0.00238	0.00240	0.77464
5	0.00753	0.00482	0.00434	0.00418	0.00519	0.07201	0.00317	0.02898	0.02292	0.01359	0.04611	0.01387	0.01016	0.00445	0.00277	0.00090	0.00220	0.01207	0.73715	0.00360
6	0.00840	0.00956	0.03981	0.04659	0.01829	0.00885	0.71248	0.02388	0.00862	0.01168	0.00816	0.03866	0.00663	0.01563	0.00451	0.00129	0.00586	0.02433	0.00196	0.00481
7	0.00525	0.00394	0.00590	0.00590	0.00656	0.00459	0.00459	0.00656	0.00590	0.00853	0.00984	0.01443	0.00918	0.02755	0.85637	0.00590	0.00984	0.00394	0.00197	0.00328
8	0.11654	0.02927	0.01402	0.04771	0.63519	0.00887	0.05566	0.02826	0.00825	0.01259	0.00670	0.00870	0.00553	0.00331	0.00348	0.00110	0.00428	0.00314	0.00190	0.00547
9	0.89687	0.00710	0.00540	0.00483	0.00710	0.00824	0.00398	0.01080	0.00625	0.01648	0.00511	0.00597	0.00398	0.00341	0.00227	0.00114	0.00284	0.00199	0.00227	0.00398
10	0.00762	0.00653	0.00762	0.00544	0.00870	0.00490	0.00435	0.00925	0.00762	0.01197	0.00653	0.00762	0.00544	0.00272	0.00272	0.00054	0.00272	0.00218	0.00218	0.89338
11	0.00607	0.00446	0.00636	0.00699	0.00794	0.00448	0.02578	0.00802	0.03014	0.01112	0.01904	0.03995	0.02051	0.00984	0.00502	0.00167	0.00344	0.78235	0.00335	0.00348
12	0.00534	0.00356	0.00401	0.00401	0.00401	0.00356	0.00223	0.00534	0.00534	0.00712	0.01157	0.02403	0.01335	0.87092	0.01869	0.00356	0.00356	0.00534	0.00223	0.00223
13	0.00553	0.00396	0.00546	0.00629	0.00698	0.00389	0.00523	0.00694	0.00810	0.01056	0.01999	0.24936	0.03769	0.01047	0.00496	0.00163	0.00304	0.60326	0.00339	0.00328
14	0.00907	0.00762	0.00788	0.00711	0.00902	0.03730	0.00549	0.08466	0.58222	0.03527	0.01615	0.10263	0.06780	0.00585	0.00385	0.00125	0.00298	0.00490	0.00363	0.00533
15	0.00461	0.00389	0.00406	0.00391	0.00523	0.00324	0.00295	0.00566	0.00852	0.01050	0.11315	0.03299	0.72000	0.00875	0.00425	0.00119	0.00190	0.00732	0.00340	0.05449
16	0.87898	0.00703	0.00536	0.00480	0.00705	0.00814	0.00395	0.01075	0.00628	0.01642	0.00525	0.00612	0.00409	0.00343	0.00228	0.00113	0.00282	0.00202	0.02014	0.00397
17	0.00538	0.00416	0.00645	0.00620	0.00699	0.00471	0.03656	0.00678	0.00627	0.00900	0.05736	0.01499	0.01049	0.02546	0.77497	0.00545	0.00924	0.00410	0.00208	0.00335
18	0.00499	0.00373	0.00464	0.00445	0.00537	0.00337	0.00332	0.00652	0.00985	0.01353	0.64715	0.06066	0.20280	0.00803	0.00435	0.00119	0.00177	0.00702	0.00389	0.00337
19	0.12710	0.00568	0.00685	0.00569	0.00780	0.00537	0.00456	0.01347	0.06216	0.42606	0.19438	0.01703	0.08424	0.01836	0.00393	0.00119	0.00267	0.00450	0.00396	0.00500
20	0.01212	0.00614	0.00767	0.00628	0.00846	0.00593	0.00503	0.08245	0.13717	0.42804	0.21009	0.01616	0.01530	0.02309	0.00414	0.00120	0.00283	0.00446	0.01804	0.00540
21	0.00893	0.00820	0.00810	0.02696	0.04465	0.19052	0.01344	0.07090	0.00875	0.02455	0.01074	0.07959	0.01026	0.02676	0.01513	0.00134	0.13435	0.13520	0.17762	0.00401
22	0.00537	0.00411	0.00613	0.00618	0.01790	0.00480	0.00473	0.00666	0.00594	0.00858	0.00996	0.01453	0.01755	0.03845	0.80055	0.00564	0.03368	0.00396	0.00197	0.00332
23	0.00581	0.00375	0.00434	0.00421	0.00484	0.00358	0.00284	0.00656	0.00721	0.05028	0.13860	0.03404	0.17677	0.39274	0.05424	0.00246	0.00306	0.00570	0.09602	0.00296
24	0.07618	0.00746	0.00832	0.00692	0.00932	0.00796	0.00556	0.14954	0.34581	0.27255	0.01294	0.01199	0.00913	0.00460	0.00354	0.00116	0.00308	0.00368	0.05451	0.00575
25	0.31770	0.02867	0.01135	0.05049	0.42388	0.05852	0.02686	0.01131	0.00772	0.02293	0.00625	0.00787	0.00508	0.00337	0.00313	0.00110	0.00401	0.00277	0.00200	0.00497
26	0.00785	0.00709	0.00715	0.01721	0.02505	0.08608	0.01317	0.06667	0.29931	0.01334	0.13911	0.05944	0.21765	0.00656	0.00399	0.00121	0.00296	0.01823	0.00342	0.00450
27	0.00771	0.01169	0.35530	0.01979	0.04871	0.00677	0.02337	0.01080	0.03771	0.03097	0.03507	0.00982	0.00686	0.00359	0.00330	0.00094	0.00400	0.02796	0.00210	0.35354
28	0.00522	0.00427	0.00444	0.00436	0.00560	0.00360	0.00318	0.00600	0.00871	0.01076	0.08214	0.06316	0.70135	0.04640	0.00519	0.00144	0.00220	0.00767	0.00357	0.03076
29	0.00808	0.00701	0.03021	0.00573	0.00903	0.00528	0.00473	0.04495	0.00810	0.03122	0.00681	0.00778	0.00554	0.00285	0.00280	0.00060	0.00286	0.00227	0.00228	0.81188
30	0.00820	0.11932	0.61544	0.02579	0.08649	0.01735	0.02460	0.01174	0.00790	0.04079	0.00672	0.00787	0.00494	0.00347	0.00339	0.00111	0.00509	0.00274	0.00169	0.00536
31	0.03158	0.00889	0.13931	0.00773	0.01001	0.00782	0.00710	0.02927	0.00742	0.07416	0.02791	0.00883	0.00622	0.00471	0.01518	0.00115	0.29611	0.00290	0.02001	0.29367
32	0.00646	0.00875	0.23123	0.00765	0.02944	0.02322	0.06215	0.00879	0.04201	0.01086	0.15298	0.01660	0.09026	0.06867	0.15487	0.07036	0.00489	0.00445	0.00239	0.00396
33	0.00829	0.00738	0.01241	0.48692	0.34702	0.00823	0.01036	0.01058	0.00791	0.05564	0.00711	0.00966	0.00548	0.00356	0.00366	0.00117	0.00459	0.00329	0.00186	0.00488
34	0.00605	0.02688	0.00688	0.07532	0.02980	0.00544	0.03531	0.00847	0.11449	0.02360	0.09305	0.11634	0.38181	0.00762	0.00459	0.00126	0.04970	0.00643	0.00314	0.00382
35	0.00737	0.01900	0.85189	0.01047	0.01590	0.00853	0.01357	0.01163	0.00775	0.01163	0.00659	0.00775	0.00465	0.00349	0.00349	0.00116	0.00543	0.00271	0.00155	0.00543
36	0.00504	0.00373	0.00482	0.00544	0.00615	0.00351	0.00426	0.00619	0.00800	0.01033	0.05482	0.33553	0.19938	0.01035	0.00475	0.00150	0.00255	0.32705	0.00342	0.00318
37	0.00483	0.00405	0.00429	0.02308	0.00576	0.00362	0.00322	0.02187	0.04076	0.01067	0.08727	0.05976	0.70022	0.00887	0.00430	0.00124	0.00201	0.00744	0.00343	0.00331
38	0.00694	0.00653	0.01102	0.86210	0.02530	0.00816	0.01020	0.00938	0.00734	0.00938	0.00653	0.00979	0.00490	0.00367	0.00367	0.00122	0.00490	0.00326	0.00163	0.00408
39	0.00525	0.00391	0.00576	0.00576	0.00637	0.00452	0.00442	0.00647	0.00586	0.00842	0.00997	0.01514	0.00949	0.08967	0.79466	0.00573	0.00938	0.00404	0.00199	0.00320
40	0.00446	0.00358	0.00400	0.00422	0.00514	0.00313	0.00305	0.00537	0.00808	0.01007	0.08710	0.26180	0.54630	0.01022	0.02511	0.00142	0.00212	0.00832	0.00342	0.00310
41	0.00575	0.00401	0.00514	0.00479	0.00580	0.00375	0.00364	0.00776	0.04173	0.04671	0.72918	0.02696	0.07213	0.00743	0.00430	0.00117	0.00186	0.02023	0.00401	0.00364
42	0.01372	0.01750	0.01041	0.00946	0.01135	0.85618	0.00710	0.01467	0.01041	0.00899	0.00568	0.00662	0.00473	0.00378	0.00331	0.00095	0.00662	0.00237	0.00189	0.00426
43	0.00912	0.00751	0.00811	0.04380	0.00973	0.03031	0.00575	0.09932	0.53317	0.03276	0.03379	0.06376	0.01138	0.00655	0.05292	0.00149	0.00349	0.00436	0.03737	0.00529
44	0.01596	0.00708	0.00904	0.00693	0.00979	0.00663	0.00572	0.18626	0.01190	0.68023	0.01332	0.01174	0.00851	0.00452	0.00369	0.00113	0.00331	0.00361	0.00437	0.00625
45	0.00818	0.00827	0.01123	0.00964	0.00969	0.03245	0.00801	0.00899	0.00574	0.00884	0.00484	0.00800	0.00482	0.00636	0.01183	0.00159	0.84268	0.00319	0.00161	0.00402
46	0.00761	0.00681	0.02652	0.00555	0.00886	0.00498	0.00456	0.00930	0.00762	0.01196	0.00653	0.00762	0.00542	0.00274	0.00274	0.00056	0.00278	0.00219	0.00216	0.87349
47	0.00517	0.00375	0.00486	0.00459	0.00547	0.00345	0.00344	0.00687	0.01032	0.01454	0.81486	0.02774	0.06599	0.00758	0.00433	0.00116	0.00174	0.00668	0.00402	0.00345
48	0.00982	0.87313	0.01925	0.00628	0.00943	0.01453	0.00628	0.01100	0.00746	0.00864	0.00511	0.00589	0.00471	0.00314	0.00236	0.00079	0.00393	0.00196	0.00157	0.00471
49	0.89687	0.00710	0.00540	0.00483	0.00710	0.00824	0.00398	0.01080	0.00625	0.01648	0.00511	0.00597	0.00398	0.00341	0.00227	0.00114	0.00284	0.00199	0.00227	0.00398
50	0.89687	0.00710	0.00540	0.00483	0.00710	0.00824	0.00398	0.01080	0.00625	0.01648	0.00511	0.00597	0.00398	0.00341	0.00227	0.00114	0.00284	0.00199	0.00227	0.00398
51	0.00638	0.00319	0.00478	0.00478	0.00478	0.00319	0.00319	0.00478	0.00478	0.00638	0.00638	0.01116	0.00638	0.01276	0.01435	0.89314	0.00319	0.00319	0.00159	0.00159
52	0.89687	0.00710	0.00540	0.00483	0.00710	0.00824	0.00398	0.01080	0.00625	0.01648	0.00511	0.00597	0.00398	0.00341	0.00227	0.00114	0.00284	0.00199	0.00227	0.00398
53	0.00447	0.00320	0.00426	0.00511	0.00533	0.00298	0.00341	0.00511	0.00703	0.00938	0.02024	0.86853	0.02429	0.01151	0.00469	0.00149	0.00213	0.01044	0.00341	0.00298
54	0.00793	0.00787	0.01104	0.00949	0.00952	0.01099	0.00790	0.00875	0.00564	0.00883	0.00502	0.00829	0.00499	0.00726	0.04535	0.00178	0.83051	0.00324	0.00162	0.00399
55	0.01109	0.01187	0.20433	0.00895	0.03181	0.05564	0.00821	0.37944	0.15825	0.03169	0.00931	0.00996	0.00696	0.03771	0.00433	0.00124	0.01723	0.00335	0.00298	0.00567
56	0.00632	0.02252	0.16474	0.00615	0.00809	0.01826	0.00575	0.02361	0.09258	0.01326	0.43418	0.02108	0.09557	0.00746	0.04085	0.02382	0.00309	0.00535	0.00326	0.00406
57	0.06552	0.81875	0.01838	0.00619	0.00928	0.01414	0.00614	0.01098	0.00739	0.00913	0.00511	0.00590	0.00467	0.00316	0.00235	0.00081	0.00386	0.00197	0.00162	0.00467
58	0.00926	0.02783	0.01487	0.02185	0.81220	0.00879	0.01104	0.01140	0.00839	0.02915	0.00702	0.00909	0.00586	0.00330	0.00361	0.00108	0.00433	0.00325	0.00187	0.00580
59	0.01388	0.01025	0.01097	0.00843	0.01136	0.01135	0.00696	0.82152	0.03165	0.02301	0.00892	0.00890	0.00633	0.00442	0.00368	0.00110	0.00402	0.00332	0.00368	0.00624
60	0.00914	0.00789	0.00830	0.00747	0.00955	0.00914	0.00581	0.01952	0.84138	0.01536	0.01495	0.01370	0.01121	0.00498	0.00374	0.00125	0.00291	0.00415	0.00374	0.00581
61	0.00800	0.00410	0.00484	0.00443	0.00564	0.00390	0.00342	0.00986	0.02752	0.15147	0.24514	0.01790	0.01668	0.00536	0.00332	0.00101	0.00201	0.02122	0.46023	0.00395
62	0.00530	0.00356	0.00411	0.00421	0.00426	0.00354	0.00247	0.00542	0.00561	0.00746	0.01259	0.09219	0.01455	0.76642	0.01701	0.00332	0.00344	0.03984	0.00237	0.00233
63	0.89687	0.00710	0.00540	0.00483	0.00710	0.00824	0.00398	0.01080	0.00625	0.01648	0.00511	0.00597	0.00398	0.00341	0.00227	0.00114	0.00284	0.00199	0.00227	0.00398
64	0.00914	0.00789	0.00830	0.00747	0.00955	0.00914	0.00581	0.01952	0.84138	0.01536	0.01495	0.01370	0.01121	0.00498	0.00374	0.00125	0.00291	0.00415	0.00374	0.00581
65	0.01050	0.00677	0.00782	0.00661	0.00867	0.00712	0.00524	0.14392	0.30176	0.20203	0.21842	0.01605	0.01569	0.00540	0.00383	0.00117	0.00281	0.00451	0.02632	0.00534
66	0.00490	0.00369	0.00446	0.00486	0.00570	0.00338	0.00373	0.00602	0.00815	0.01051	0.08304	0.25376	0.34727	0.00977	0.00454	0.00139	0.00228	0.20232	0.03706	0.00317
67	0.05814	0.01698	0.01016	0.00923	0.01114	0.81353	0.00694	0.01447	0.01020	0.00937	0.00565	0.00659	0.00469	0.00377	0.00326	0.00096	0.00643	0.00235	0.00191	0.00424
68	0.00525	0.00394	0.00590	0.00590	0.00656	0.00459	0.00459	0.00656	0.00590	0.00853	0.00984	0.01443	0.00918	0.02755	0.85637	0.00590	0.00984	0.00394	0.00197	0.00328
69	0.00509	0.00378	0.00475	0.00455	0.00546	0.00347	0.00340	0.00677	0.02181	0.01376	0.67345	0.07056	0.15359	0.00794	0.00434	0.00119	0.00179	0.00696	0.00391	0.00342
70	0.00749	0.00500	0.00531	0.00490	0.00624	0.04583	0.00377	0.05425	0.00941	0.11442	0.18233	0.07961	0.26864	0.00708	0.00389	0.00115	0.00238	0.02826	0.16620	0.00384
71	0.00452	0.00325	0.00429	0.00507	0.00535	0.00302	0.00343	0.00522	0.00722	0.00961	0.04975	0.79513	0.05573	0.01126	0.00467	0.00147	0.00213	0.02244	0.00343	0.00301
72	0.00694	0.00653	0.01102	0.86210	0.02530	0.00816	0.01020	0.00938	0.00734	0.00938	0.00653	0.00979	0.00490	0.00367	0.00367	0.00122	0.00490	0.00326	0.00163	0.00408
73	0.00450	0.00326	0.00426	0.00505	0.00536	0.00302	0.00343	0.00519	0.00717	0.00946	0.02149	0.78456	0.08583	0.01131	0.00467	0.00148	0.00214	0.03140	0.00341	0.00300
74	0.00453	0.00324	0.00432	0.00518	0.00541	0.00303	0.00350	0.00521	0.00709	0.00944	0.02021	0.83722	0.02417	0.01145	0.00470	0.00150	0.00218	0.04121	0.00341	0.00300
75	0.89687	0.00710	0.00540	0.00483	0.00710	0.00824	0.00398	0.01080	0.00625	0.01648	0.00511	0.00597	0.00398	0.00341	0.00227	0.00114	0.00284	0.00199	0.00227	0.00398
76	0.00492	0.00353	0.00476	0.00555	0.00599	0.00337	0.00413	0.00591	0.00758	0.01003	0.04576	0.58059	0.04263	0.01093	0.00478	0.00153	0.00248	0.24899	0.00342	0.00312
77	0.03122	0.15298	0.07419	0.00664	0.01760	0.00788	0.01412	0.12925	0.00898	0.01311	0.00660	0.00751	0.00534	0.00312	0.00287	0.00074	0.00337	0.00237	0.00224	0.50986
78	0.01139	0.00763	0.01157	0.09191	0.37043	0.00743	0.00836	0.06799	0.00946	0.27588	0.00934	0.01006	0.00675	0.00373	0.00357	0.00106	0.00384	0.00330	0.00282	0.09345
79	0.01026	0.55828	0.09784	0.00756	0.01066	0.10674	0.02574	0.08045	0.02553	0.01039	0.00587	0.00672	0.00499	0.00350	0.00307	0.00091	0.03246	0.00233	0.00183	0.00486
80	0.00827	0.00843	0.01121	0.00963	0.00971	0.04674	0.00800	0.00908	0.00583	0.00885	0.00486	0.00798	0.00482	0.00632	0.01169	0.00158	0.82818	0.00318	0.00162	0.00403
81	0.00702	0.00727	0.09443	0.00579	0.00873	0.00515	0.00513	0.00932	0.05511	0.01199	0.06578	0.01381	0.13065	0.00431	0.00323	0.00081	0.00283	0.01567	0.00252	0.55045
82	0.00623	0.00406	0.00530	0.00484	0.00589	0.00376	0.00368	0.02236	0.01053	0.07994	0.76663	0.02595	0.03217	0.00722	0.00427	0.00115	0.00188	0.00635	0.00408	0.00373
83	0.00683	0.00364	0.00404	0.00413	0.00503	0.00357	0.00320	0.00843	0.00792	0.04461	0.02385	0.07544	0.03932	0.00577	0.00317	0.00104	0.00203	0.11555	0.63897	0.00349
84	0.00658	0.00573	0.02875	0.04344	0.10914	0.00533	0.09264	0.00894	0.04990	0.03492	0.45576	0.05755	0.05701	0.00638	0.00419	0.00119	0.00288	0.02223	0.00332	0.00413
85	0.00856	0.00780	0.01319	0.33937	0.50520	0.00839	0.01064	0.01081	0.00806	0.04275	0.00705	0.00948	0.00559	0.00347	0.00365	0.00114	0.00452	0.00329	0.00185	0.00518
86	0.01641	0.00635	0.00859	0.00658	0.00943	0.00555	0.00544	0.03882	0.01068	0.82940	0.01434	0.01241	0.00902	0.00454	0.00369	0.00114	0.00315	0.00368	0.00452	0.00625
87	0.00695	0.00658	0.01122	0.82439	0.02481	0.00811	0.03411	0.00939	0.00738	0.00945	0.00676	0.02287	0.00521	0.00377	0.00371	0.00123	0.00489	0.00340	0.00167	0.00409
88	0.06243	0.10866	0.03121	0.14893	0.39114	0.05378	0.02779	0.04169	0.00830	0.02118	0.01483	0.02025	0.00588	0.00371	0.00383	0.00111	0.04513	0.00314	0.00192	0.00507
89	0.00878	0.00753	0.00830	0.00801	0.05503	0.00857	0.00587	0.01788	0.71644	0.01504	0.06700	0.02413	0.01251	0.00511	0.00376	0.00123	0.00288	0.00432	0.02204	0.00558
90	0.00453	0.00324	0.00433	0.00518	0.00542	0.00303	0.00351	0.00521	0.00709	0.00944	0.02021	0.83660	0.02417	0.01145	0.00470	0.00150	0.00218	0.04181	0.00341	0.00300

[dist]
# distance from previous block
# <min> <max>
0	1

[block]
# block no. 4 follows, 75 sequences, length 42
# corresponding to MSA columns:
# 302-343
name=unknown_E
#
# <colnr> <probs for GDERKNQSTAVLIFYWHMCP>
#	G	D	E	R	K	N	Q	S	T	A	V	L	I	F	Y	W	H	M	C	P
0	0.00781	0.01945	0.00915	0.01726	0.00863	0.00849	0.00652	0.00890	0.02478	0.07636	0.01110	0.15647	0.06164	0.01692	0.00905	0.00153	0.51241	0.03720	0.00238	0.00397
1	0.00834	0.00743	0.01216	0.40622	0.27752	0.00841	0.03294	0.04100	0.01693	0.04704	0.00747	0.03147	0.00605	0.00434	0.01641	0.00128	0.06472	0.00351	0.00197	0.00479
2	0.00470	0.00344	0.00458	0.00529	0.00550	0.00339	0.00361	0.00535	0.00693	0.00929	0.01915	0.76761	0.02286	0.05433	0.00570	0.00161	0.03760	0.03278	0.00328	0.00300
3	0.86036	0.00708	0.00563	0.04000	0.00785	0.00824	0.00423	0.01074	0.00630	0.01619	0.00517	0.00612	0.00402	0.00342	0.00233	0.00114	0.00293	0.00204	0.00225	0.00398
4	0.89687	0.00710	0.00540	0.00483	0.00710	0.00824	0.00398	0.01080	0.00625	0.01648	0.00511	0.00597	0.00398	0.00341	0.00227	0.00114	0.00284	0.00199	0.00227	0.00398
5	0.01577	0.00627	0.00845	0.00645	0.00932	0.00536	0.00531	0.01721	0.01028	0.78365	0.01385	0.01211	0.00880	0.00440	0.00362	0.00109	0.00309	0.00357	0.00436	0.07703
6	0.00469	0.00366	0.00423	0.01959	0.00559	0.00327	0.00325	0.00571	0.01697	0.02009	0.09027	0.32500	0.46509	0.00974	0.00444	0.00132	0.00203	0.00844	0.00344	0.00317
7	0.52185	0.00747	0.00789	0.06588	0.13778	0.02651	0.00586	0.05298	0.00772	0.08332	0.02427	0.00808	0.00566	0.00430	0.02602	0.00126	0.00355	0.00264	0.00244	0.00454
8	0.01303	0.01071	0.00875	0.00748	0.00959	0.33878	0.00583	0.10210	0.05441	0.24861	0.06030	0.01090	0.00877	0.00441	0.00346	0.00103	0.00434	0.00331	0.09922	0.00497
9	0.00762	0.00653	0.00762	0.00544	0.00870	0.00490	0.00435	0.00925	0.00762	0.01197	0.00653	0.00762	0.00544	0.00272	0.00272	0.00054	0.00272	0.00218	0.00218	0.89338
10	0.00791	0.00794	0.01198	0.01001	0.01046	0.01053	0.09718	0.00900	0.00602	0.00918	0.00565	0.00921	0.00544	0.00733	0.05867	0.00181	0.70763	0.01829	0.00169	0.00407
11	0.00638	0.00319	0.00478	0.00478	0.00478	0.00319	0.00319	0.00478	0.00478	0.00638	0.00638	0.01116	0.00638	0.01276	0.01435	0.89314	0.00319	0.00319	0.00159	0.00159
12	0.80115	0.00701	0.00574	0.00502	0.00735	0.00793	0.00413	0.01157	0.00671	0.10716	0.00613	0.00668	0.00453	0.00353	0.00243	0.00114	0.00287	0.00217	0.00252	0.00422
13	0.00909	0.00873	0.01491	0.02254	0.84801	0.00873	0.01127	0.01127	0.00836	0.01200	0.00691	0.00909	0.00582	0.00327	0.00364	0.00109	0.00436	0.00327	0.00182	0.00582
14	0.01007	0.00547	0.00654	0.00549	0.00735	0.00513	0.00431	0.10359	0.03916	0.30451	0.12732	0.02117	0.23808	0.07533	0.00512	0.00135	0.00270	0.00527	0.02743	0.00463
15	0.00620	0.00329	0.00487	0.00487	0.00494	0.00336	0.00330	0.00501	0.00493	0.00665	0.00701	0.01216	0.00703	0.05675	0.10685	0.75198	0.00394	0.00338	0.00167	0.00181
16	0.00459	0.00328	0.00439	0.00525	0.00551	0.00308	0.00361	0.00531	0.00715	0.00950	0.02018	0.80254	0.02404	0.01140	0.00472	0.00151	0.00223	0.07529	0.00341	0.00301
17	0.01403	0.00872	0.00979	0.00757	0.01031	0.00924	0.00623	0.56338	0.01480	0.23119	0.01050	0.01014	0.00722	0.00443	0.00359	0.00109	0.00362	0.00341	0.07471	0.00602
18	0.00509	0.00373	0.00452	0.00460	0.00548	0.00336	0.00337	0.00638	0.01969	0.03301	0.31399	0.24863	0.29576	0.00909	0.00442	0.00128	0.00197	0.02864	0.00366	0.00332
19	0.00447	0.00321	0.00425	0.00509	0.00532	0.00299	0.00340	0.00512	0.00706	0.00939	0.02060	0.85119	0.04140	0.01146	0.00468	0.00149	0.00213	0.01039	0.00341	0.00299
20	0.03770	0.01671	0.01032	0.00926	0.01124	0.77292	0.00700	0.07312	0.01078	0.01020	0.00589	0.00676	0.00482	0.00382	0.00331	0.00096	0.00634	0.00242	0.00203	0.00439
21	0.00456	0.00328	0.00433	0.00502	0.00534	0.00305	0.00340	0.00535	0.00749	0.01006	0.12451	0.74159	0.04650	0.01095	0.00463	0.00144	0.00207	0.00990	0.00349	0.00305
22	0.00525	0.00394	0.00590	0.00590	0.00656	0.00459	0.00459	0.00656	0.00590	0.00853	0.00984	0.01443	0.00918	0.02755	0.85637	0.00590	0.00984	0.00394	0.00197	0.00328
23	0.05038	0.13181	0.19416	0.02369	0.39171	0.00983	0.01014	0.12285	0.00920	0.01314	0.00676	0.00818	0.00538	0.00347	0.00337	0.00107	0.00442	0.00292	0.00200	0.00553
24	0.00635	0.00321	0.00482	0.00482	0.00483	0.00323	0.00323	0.00483	0.00482	0.00644	0.00647	0.01125	0.00646	0.01316	0.03720	0.86907	0.00337	0.00321	0.00161	0.00164
25	0.00814	0.15178	0.65018	0.02302	0.01469	0.00963	0.01191	0.05769	0.01934	0.01182	0.00659	0.00763	0.00484	0.00351	0.00333	0.00110	0.00507	0.00266	0.00170	0.00535
26	0.89687	0.00710	0.00540	0.00483	0.00710	0.00824	0.00398	0.01080	0.00625	0.01648	0.00511	0.00597	0.00398	0.00341	0.00227	0.00114	0.00284	0.00199	0.00227	0.00398
27	0.00526	0.00379	0.00499	0.00479	0.00566	0.00353	0.00366	0.00699	0.01024	0.01443	0.78012	0.02855	0.03358	0.00772	0.00439	0.00120	0.00186	0.07180	0.00399	0.00346
28	0.01341	0.08577	0.01111	0.00921	0.01120	0.78903	0.00703	0.01437	0.01017	0.00896	0.00563	0.00656	0.00473	0.00373	0.00324	0.00093	0.00641	0.00233	0.00187	0.00429
29	0.00762	0.00653	0.00762	0.00544	0.00870	0.00490	0.00435	0.00925	0.00762	0.01197	0.00653	0.00762	0.00544	0.00272	0.00272	0.00054	0.00272	0.00218	0.00218	0.89338
30	0.01451	0.00597	0.00787	0.00619	0.00876	0.00525	0.00506	0.03100	0.02784	0.69146	0.03981	0.01536	0.10034	0.00514	0.00376	0.00115	0.00294	0.00421	0.01760	0.00578
31	0.00755	0.00646	0.00755	0.00543	0.00864	0.00486	0.00433	0.00916	0.00760	0.01192	0.00681	0.02515	0.00582	0.00290	0.00276	0.00056	0.00271	0.00234	0.00220	0.87524
32	0.02764	0.00668	0.00773	0.00564	0.00881	0.00532	0.00452	0.03252	0.03846	0.05331	0.00725	0.00807	0.00582	0.00295	0.00282	0.00063	0.00279	0.00235	0.00239	0.77431
33	0.00759	0.09575	0.77707	0.01009	0.01531	0.00907	0.01292	0.01157	0.00773	0.01136	0.00646	0.00759	0.00466	0.00346	0.00339	0.00113	0.00529	0.00265	0.00155	0.00536
34	0.00543	0.00417	0.00560	0.00588	0.00651	0.00416	0.03793	0.00740	0.10874	0.01015	0.01820	0.57270	0.02062	0.08954	0.00589	0.00166	0.00264	0.08612	0.00327	0.00338
35	0.00629	0.00322	0.00472	0.00472	0.00472	0.00322	0.00311	0.00483	0.00483	0.00644	0.00682	0.01225	0.00697	0.08501	0.01472	0.81824	0.00322	0.00337	0.00165	0.00165
36	0.00783	0.00495	0.00615	0.02090	0.00754	0.02850	0.00481	0.02021	0.08215	0.16442	0.01775	0.40091	0.01853	0.00891	0.00444	0.00142	0.00286	0.19013	0.00357	0.00402
37	0.00454	0.00324	0.00431	0.00515	0.00538	0.00304	0.00348	0.00520	0.00705	0.00939	0.02007	0.82611	0.02400	0.02585	0.00494	0.00153	0.00220	0.03815	0.00339	0.00298
38	0.00762	0.00653	0.00762	0.00544	0.00870	0.00490	0.00435	0.00925	0.00762	0.01197	0.00653	0.00762	0.00544	0.00272	0.00272	0.00054	0.00272	0.00218	0.00218	0.89338
39	0.00572	0.03860	0.00705	0.00655	0.02700	0.00528	0.02187	0.01971	0.00625	0.00890	0.00952	0.01379	0.00881	0.02515	0.77179	0.00542	0.00931	0.00384	0.00197	0.00348
40	0.04648	0.02088	0.03227	0.00672	0.01562	0.02293	0.04131	0.19017	0.01631	0.15227	0.00926	0.01186	0.01778	0.08580	0.01665	0.29117	0.00370	0.00352	0.01127	0.00403
41	0.00522	0.00364	0.00467	0.00509	0.00557	0.00349	0.00352	0.00641	0.04083	0.03161	0.14334	0.54258	0.03878	0.10115	0.02005	0.00171	0.00244	0.03330	0.00340	0.00319

[dist]
# distance from previous block
# <min> <max>
0	1

[block]
# block no. 5 follows, 75 sequences, length 43
# corresponding to MSA columns:
# 345-387
name=unknown_F
#
# <colnr> <probs for GDERKNQSTAVLIFYWHMCP>
#	G	D	E	R	K	N	Q	S	T	A	V	L	I	F	Y	W	H	M	C	P
0	0.00807	0.00685	0.00801	0.00626	0.04039	0.01512	0.00475	0.03715	0.02498	0.02444	0.00732	0.00828	0.01726	0.00297	0.00285	0.00062	0.00287	0.00240	0.00229	0.77713
1	0.00510	0.00390	0.00421	0.00414	0.00533	0.00341	0.00310	0.00627	0.02527	0.04624	0.08444	0.06926	0.64220	0.04226	0.02684	0.00146	0.00223	0.01763	0.00342	0.00328
2	0.00796	0.00790	0.01104	0.00948	0.00948	0.01102	0.00786	0.00874	0.00562	0.00879	0.00502	0.00851	0.00507	0.03184	0.01225	0.00166	0.83890	0.00328	0.00163	0.00396
3	0.00762	0.00653	0.00762	0.00544	0.00870	0.00490	0.00435	0.00925	0.00762	0.01197	0.00653	0.00762	0.00544	0.00272	0.00272	0.00054	0.00272	0.00218	0.00218	0.89338
4	0.58244	0.00664	0.00611	0.00533	0.00752	0.00725	0.00438	0.04305	0.00763	0.17046	0.00837	0.01042	0.00661	0.02963	0.00327	0.00123	0.00295	0.05605	0.03628	0.00437
5	0.00771	0.00742	0.01211	0.60243	0.25964	0.02841	0.01043	0.01005	0.00771	0.01012	0.00662	0.00952	0.00515	0.00356	0.00365	0.00118	0.00478	0.00325	0.00169	0.00458
6	0.00638	0.00319	0.00478	0.00478	0.00478	0.00319	0.00319	0.00478	0.00478	0.00638	0.00638	0.01116	0.00638	0.01276	0.01435	0.89314	0.00319	0.00319	0.00159	0.00159
7	0.00638	0.00319	0.00478	0.00478	0.00478	0.00319	0.00319	0.00478	0.00478	0.00638	0.00638	0.01116	0.00638	0.01276	0.01435	0.89314	0.00319	0.00319	0.00159	0.00159
8	0.00515	0.00375	0.00484	0.00457	0.00546	0.00344	0.00343	0.00684	0.01028	0.01445	0.79969	0.02789	0.08122	0.00761	0.00433	0.00116	0.00174	0.00671	0.00401	0.00344
9	0.00804	0.00804	0.01125	0.00964	0.00964	0.01125	0.00804	0.00884	0.00562	0.00884	0.00482	0.00804	0.00482	0.00643	0.01205	0.00161	0.86420	0.00321	0.00161	0.00402
10	0.00892	0.00759	0.00801	0.00723	0.00922	0.00873	0.00561	0.01869	0.78264	0.01528	0.04185	0.01415	0.01191	0.00504	0.00371	0.00123	0.00282	0.00421	0.03752	0.00565
11	0.00694	0.00653	0.01102	0.86210	0.02530	0.00816	0.01020	0.00938	0.00734	0.00938	0.00653	0.00979	0.00490	0.00367	0.00367	0.00122	0.00490	0.00326	0.00163	0.00408
12	0.14055	0.00661	0.00861	0.00668	0.00943	0.00614	0.03678	0.04788	0.01000	0.65407	0.01253	0.01131	0.00808	0.00447	0.00370	0.01665	0.00324	0.00345	0.00404	0.00580
13	0.00458	0.00373	0.00406	0.00397	0.00511	0.00320	0.00298	0.00574	0.00894	0.01128	0.26556	0.03311	0.61732	0.00880	0.00434	0.00122	0.00182	0.00744	0.00359	0.00320
14	0.00568	0.00400	0.00589	0.00581	0.00651	0.00456	0.00448	0.00691	0.00604	0.04013	0.01012	0.01493	0.00943	0.07691	0.77439	0.00558	0.00921	0.00401	0.00208	0.00333
15	0.00548	0.00378	0.00536	0.00560	0.00625	0.00346	0.04422	0.00631	0.00746	0.06610	0.02067	0.69804	0.09228	0.01044	0.00457	0.00143	0.00237	0.00946	0.00341	0.00331
16	0.00950	0.00647	0.00781	0.00567	0.00885	0.00500	0.00457	0.01109	0.00823	0.19026	0.00822	0.00865	0.00622	0.00311	0.00293	0.00067	0.00281	0.00250	0.00268	0.70476
17	0.00497	0.00358	0.00472	0.00523	0.00577	0.00338	0.00387	0.00608	0.00815	0.01095	0.21914	0.42565	0.06804	0.03809	0.00512	0.00151	0.00233	0.17675	0.00352	0.00316
18	0.51259	0.00825	0.00770	0.00629	0.00885	0.00926	0.00519	0.32159	0.01065	0.06835	0.00706	0.00743	0.00513	0.00385	0.00288	0.00112	0.00331	0.00259	0.00293	0.00497
19	0.00530	0.00402	0.00596	0.00592	0.00656	0.00470	0.00460	0.00657	0.00594	0.00854	0.01032	0.01486	0.02675	0.03891	0.80628	0.00567	0.02981	0.00402	0.00199	0.00328
20	0.00481	0.00339	0.00439	0.00497	0.00539	0.00316	0.00341	0.00576	0.01661	0.01936	0.13999	0.66386	0.06795	0.01049	0.00454	0.00141	0.00207	0.00944	0.02585	0.00314
21	0.02787	0.00904	0.02465	0.00787	0.01057	0.00956	0.02383	0.57726	0.02807	0.11460	0.02204	0.01084	0.03452	0.00603	0.05757	0.00142	0.00419	0.00359	0.02070	0.00578
22	0.09259	0.00693	0.00806	0.00670	0.00894	0.00707	0.00540	0.25077	0.04637	0.31257	0.01313	0.14951	0.01090	0.00579	0.00377	0.00121	0.00318	0.04282	0.01896	0.00532
23	0.01897	0.02831	0.04004	0.00712	0.02592	0.22093	0.00560	0.04010	0.05591	0.17360	0.14929	0.05370	0.09084	0.00673	0.04927	0.00136	0.00410	0.00444	0.01925	0.00452
24	0.03649	0.00900	0.08607	0.29575	0.40143	0.01844	0.03801	0.02657	0.00804	0.01133	0.00668	0.00907	0.00531	0.00354	0.00385	0.00116	0.02922	0.00320	0.00178	0.00506
25	0.03284	0.00484	0.00577	0.00539	0.00646	0.02842	0.00409	0.04973	0.02335	0.06809	0.19837	0.02945	0.12360	0.10831	0.29151	0.00302	0.00507	0.00511	0.00296	0.00362
26	0.01027	0.00908	0.01517	0.04067	0.13262	0.00931	0.33054	0.19397	0.08716	0.06610	0.01931	0.01025	0.00685	0.00389	0.00424	0.00119	0.03718	0.00384	0.01294	0.00542
27	0.00740	0.00385	0.00430	0.01381	0.01722	0.00382	0.00331	0.00922	0.01868	0.06632	0.02784	0.01623	0.01082	0.00486	0.00294	0.00097	0.00204	0.07652	0.70619	0.00367
28	0.00850	0.04834	0.44439	0.02861	0.07584	0.00784	0.03036	0.01191	0.04258	0.08155	0.00757	0.00849	0.00557	0.00345	0.00335	0.00102	0.00446	0.00281	0.00204	0.18132
29	0.00495	0.02335	0.03393	0.00534	0.00594	0.00358	0.00396	0.00590	0.00735	0.01000	0.06032	0.68377	0.02265	0.01035	0.00449	0.00142	0.00233	0.05633	0.03568	0.01835
30	0.00979	0.47033	0.01428	0.00696	0.00960	0.06520	0.00615	0.01466	0.34409	0.01138	0.00911	0.00909	0.00734	0.00393	0.00297	0.00098	0.00369	0.00287	0.00247	0.00513
31	0.00804	0.10204	0.02788	0.00573	0.00902	0.00623	0.00485	0.03377	0.00789	0.01192	0.00644	0.00747	0.00537	0.00283	0.00273	0.00060	0.00295	0.00220	0.00214	0.74991
32	0.00465	0.00340	0.00440	0.00516	0.00548	0.00323	0.00348	0.00568	0.03971	0.00963	0.02066	0.80464	0.05384	0.01117	0.00464	0.00147	0.00215	0.01010	0.00342	0.00310
