[name]
unknown

[dist]
# distance from previous block
# <min> <max>
0	43

[block]
# block no. 0 follows, 65 sequences, length 72
# corresponding to MSA columns:
# 81-152
name=unknown_A
#
# <colnr> <probs for GDERKNQSTAVLIFYWHMCP>
#	G	D	E	R	K	N	Q	S	T	A	V	L	I	F	Y	W	H	M	C	P
0	0.06939	0.03900	0.07722	0.07259	0.02612	0.08527	0.06732	0.10914	0.11183	0.09042	0.03066	0.04183	0.00904	0.00482	0.00391	0.00120	0.00445	0.02299	0.00305	0.12976
1	0.00957	0.03319	0.05573	0.06634	0.05645	0.05999	0.05209	0.04808	0.08450	0.01374	0.00826	0.00948	0.00658	0.00362	0.00350	0.00091	0.00408	0.00302	0.00251	0.47836
2	0.07570	0.04144	0.02527	0.00907	0.03142	0.01130	0.00737	0.48397	0.13524	0.12089	0.01110	0.01080	0.00790	0.00486	0.00395	0.00125	0.00414	0.00372	0.00395	0.00664
3	0.01173	0.01091	0.01406	0.31660	0.16390	0.09388	0.05436	0.04930	0.17378	0.01496	0.01145	0.02781	0.00931	0.00569	0.00491	0.00164	0.00565	0.00453	0.00317	0.02237
4	0.00823	0.00665	0.00722	0.00698	0.03915	0.03179	0.00511	0.05771	0.26102	0.01584	0.24368	0.02292	0.15741	0.00692	0.00429	0.00128	0.00278	0.00584	0.11024	0.00491
5	0.00554	0.00419	0.00511	0.00488	0.00597	0.00376	0.00366	0.00722	0.01098	0.01494	0.60564	0.03316	0.26200	0.00896	0.00484	0.00132	0.00198	0.00777	0.00432	0.00376
6	0.00812	0.00634	0.00882	0.00943	0.11420	0.00702	0.00646	0.14840	0.00934	0.01307	0.03290	0.06041	0.01091	0.03978	0.48482	0.00441	0.02364	0.00468	0.00266	0.00458
7	0.00524	0.00398	0.00486	0.00527	0.00608	0.00360	0.00385	0.00639	0.00917	0.01190	0.17121	0.36358	0.29559	0.01111	0.00508	0.00153	0.00233	0.08179	0.00393	0.00351
8	0.68941	0.00863	0.00738	0.00626	0.00896	0.00985	0.00516	0.17456	0.00958	0.03867	0.00679	0.00748	0.00509	0.00407	0.00289	0.00126	0.00345	0.00256	0.00291	0.00502
9	0.13630	0.01025	0.01121	0.01078	0.13038	0.05565	0.00759	0.43791	0.01403	0.01998	0.00899	0.01053	0.00706	0.03923	0.08041	0.00182	0.00510	0.00358	0.00324	0.00596
10	0.00503	0.00408	0.00426	0.00435	0.00543	0.00353	0.00309	0.00589	0.00873	0.01058	0.03569	0.11118	0.63749	0.13382	0.00722	0.00179	0.00238	0.00854	0.00362	0.00331
11	0.00851	0.00730	0.00851	0.00608	0.00973	0.00547	0.00486	0.01034	0.00851	0.01338	0.00730	0.00851	0.00608	0.00304	0.00304	0.00061	0.00304	0.00243	0.00243	0.88083
12	0.00576	0.00420	0.00549	0.00550	0.00604	0.00447	0.00389	0.00663	0.00674	0.00918	0.01582	0.03599	0.11766	0.32678	0.42240	0.00490	0.00717	0.00563	0.00254	0.00321
13	0.01024	0.72496	0.04213	0.00710	0.01032	0.01462	0.00701	0.01167	0.00812	0.00973	0.00643	0.00787	0.00591	0.00704	0.11052	0.00163	0.00529	0.00250	0.00181	0.00508
14	0.00836	0.00872	0.01780	0.01338	0.01625	0.00859	0.51465	0.01109	0.00881	0.01219	0.05368	0.01352	0.00913	0.01166	0.24402	0.00288	0.03332	0.00482	0.00224	0.00488
15	0.01036	0.00889	0.00937	0.00838	0.01073	0.01028	0.00653	0.04384	0.80044	0.01741	0.01652	0.01516	0.01238	0.00555	0.00417	0.00139	0.00328	0.00461	0.00417	0.00651
16	0.00823	0.02123	0.83447	0.01170	0.01777	0.00953	0.01517	0.01300	0.00867	0.01300	0.00737	0.00867	0.00520	0.00390	0.00390	0.00130	0.00607	0.00303	0.00173	0.00607
17	0.00862	0.04419	0.63934	0.01274	0.01833	0.00991	0.18353	0.01301	0.00887	0.01293	0.00751	0.00911	0.00542	0.00380	0.00406	0.00131	0.00620	0.00339	0.00181	0.00593
18	0.00969	0.01107	0.02422	0.01730	0.02145	0.01038	0.81522	0.01315	0.00969	0.01315	0.00830	0.01107	0.00623	0.00346	0.00484	0.00138	0.00692	0.00484	0.00208	0.00554
19	0.00530	0.00414	0.00480	0.00471	0.00584	0.00364	0.00351	0.00672	0.01028	0.01348	0.39641	0.08835	0.41884	0.00965	0.00487	0.00136	0.00203	0.00830	0.00413	0.00364
20	0.00717	0.00522	0.00742	0.05124	0.11402	0.00517	0.00578	0.05193	0.00896	0.05564	0.01885	0.57787	0.02124	0.01032	0.00493	0.00156	0.00309	0.04182	0.00356	0.00422
21	0.05778	0.49661	0.22116	0.00941	0.01358	0.01345	0.11305	0.01256	0.00852	0.01141	0.00645	0.00768	0.00533	0.00362	0.00323	0.00107	0.00506	0.00274	0.00183	0.00545
22	0.00496	0.00389	0.00449	0.00493	0.00576	0.00342	0.00347	0.00588	0.00874	0.01100	0.06179	0.42035	0.42382	0.01148	0.00503	0.00151	0.00222	0.01003	0.00384	0.00342
23	0.01240	0.00537	0.00681	0.00576	0.00774	0.00486	0.00456	0.01410	0.01045	0.40517	0.12022	0.06233	0.01489	0.00583	0.00385	0.00119	0.00270	0.00486	0.30160	0.00531
24	0.01217	0.01028	0.01360	0.20709	0.18219	0.03600	0.04726	0.37132	0.04808	0.01834	0.00894	0.01038	0.00668	0.00442	0.00412	0.00127	0.00496	0.00374	0.00300	0.00617
25	0.01509	0.01316	0.01160	0.00950	0.01234	0.24306	0.00758	0.45200	0.10879	0.07082	0.01006	0.01005	0.00734	0.00482	0.00400	0.00120	0.00511	0.00354	0.00362	0.00630
26	0.00596	0.00427	0.00532	0.00501	0.00613	0.00385	0.00377	0.00770	0.01114	0.03865	0.63576	0.03209	0.20764	0.00873	0.00482	0.00131	0.00201	0.00760	0.00438	0.00387
27	0.77196	0.00834	0.00838	0.00693	0.00968	0.00936	0.10894	0.01221	0.00733	0.01774	0.00605	0.00724	0.00468	0.00377	0.00284	0.00128	0.00366	0.00256	0.00248	0.00459
28	0.00851	0.00730	0.00851	0.00608	0.00973	0.00547	0.00486	0.01034	0.00851	0.01338	0.00730	0.00851	0.00608	0.00304	0.00304	0.00061	0.00304	0.00243	0.00243	0.88083
29	0.00567	0.00419	0.00529	0.00502	0.00605	0.00381	0.00376	0.00747	0.01129	0.01567	0.71230	0.03196	0.15489	0.00869	0.00484	0.00131	0.00196	0.00761	0.00441	0.00381
30	0.00852	0.02788	0.03219	0.00948	0.11470	0.05579	0.03952	0.02640	0.12632	0.05508	0.22946	0.17568	0.06724	0.00741	0.00453	0.00135	0.00342	0.00654	0.00361	0.00489
31	0.05734	0.30469	0.03731	0.03246	0.01181	0.28757	0.00744	0.10415	0.01068	0.03973	0.00746	0.02955	0.00629	0.00434	0.00354	0.00108	0.02049	0.00295	0.02590	0.00521
32	0.00580	0.00422	0.00507	0.00544	0.00617	0.00401	0.00386	0.03676	0.02326	0.01195	0.08907	0.43988	0.18871	0.06634	0.00598	0.00168	0.00252	0.04420	0.05149	0.00359
33	0.01011	0.01018	0.01688	0.11489	0.59193	0.05499	0.11565	0.01264	0.00939	0.01287	0.00767	0.01021	0.00629	0.00371	0.00415	0.00125	0.00534	0.00375	0.00202	0.00607
34	0.00557	0.00398	0.00542	0.00637	0.00686	0.00383	0.00480	0.00670	0.00842	0.01112	0.02231	0.56748	0.02590	0.01232	0.00539	0.00175	0.00288	0.29161	0.00380	0.00349
35	0.00573	0.00416	0.00549	0.00617	0.00687	0.00397	0.00479	0.00704	0.00894	0.01176	0.10503	0.34096	0.10924	0.04274	0.00591	0.00177	0.00291	0.31918	0.00382	0.00354
36	0.00597	0.00398	0.00448	0.00448	0.00448	0.00398	0.00249	0.00597	0.00597	0.00796	0.01293	0.02686	0.01492	0.85574	0.02089	0.00398	0.00398	0.00597	0.00249	0.00249
37	0.01097	0.85821	0.02151	0.00702	0.01054	0.01624	0.00702	0.01229	0.00834	0.00966	0.00571	0.00658	0.00527	0.00351	0.00263	0.00088	0.00439	0.00219	0.00176	0.00527
38	0.00938	0.02219	0.12166	0.02398	0.07893	0.02942	0.14815	0.04653	0.03193	0.01362	0.00777	0.00936	0.00617	0.00364	0.00405	0.00100	0.03662	0.00321	0.00232	0.40009
39	0.00900	0.01152	0.15443	0.01174	0.01485	0.09014	0.28821	0.01282	0.10377	0.01292	0.03198	0.12426	0.01217	0.00609	0.00464	0.00143	0.00533	0.09681	0.00274	0.00514
40	0.01048	0.00895	0.00944	0.00841	0.01078	0.01034	0.00656	0.06221	0.78187	0.01761	0.01636	0.01504	0.01225	0.00554	0.00417	0.00138	0.00331	0.00459	0.00417	0.00652
41	0.88473	0.00794	0.00603	0.00540	0.00794	0.00921	0.00445	0.01207	0.00699	0.01842	0.00572	0.00667	0.00445	0.00381	0.00254	0.00127	0.00318	0.00222	0.00254	0.00445
42	0.00963	0.00922	0.01571	0.20469	0.65475	0.00961	0.01234	0.01214	0.00910	0.01277	0.00763	0.01033	0.00628	0.00376	0.00407	0.00125	0.00501	0.00366	0.00199	0.00608
43	0.01496	0.01111	0.01197	0.00914	0.01246	0.01207	0.00753	0.74268	0.01831	0.02473	0.00962	0.00973	0.00690	0.00475	0.00401	0.00117	0.00438	0.00358	0.00395	0.08695
44	0.01000	0.00953	0.01596	0.08060	0.73042	0.00973	0.01218	0.01296	0.05362	0.01342	0.00818	0.01049	0.00676	0.00379	0.00407	0.00124	0.00483	0.00371	0.00213	0.00637
45	0.88473	0.00794	0.00603	0.00540	0.00794	0.00921	0.00445	0.01207	0.00699	0.01842	0.00572	0.00667	0.00445	0.00381	0.00254	0.00127	0.00318	0.00222	0.00254	0.00445
46	0.00702	0.00552	0.00700	0.00668	0.00778	0.02499	0.00518	0.07386	0.05271	0.01164	0.04499	0.01836	0.08558	0.04815	0.57529	0.00500	0.00860	0.00486	0.00270	0.00407
47	0.06398	0.00655	0.00845	0.00666	0.00945	0.00586	0.00545	0.01795	0.01100	0.66122	0.01519	0.01378	0.00991	0.00496	0.00385	0.00122	0.00323	0.00398	0.14098	0.00636
48	0.00576	0.00404	0.00468	0.00472	0.00502	0.00401	0.00293	0.00610	0.00661	0.00869	0.01726	0.05887	0.13342	0.60588	0.11186	0.00381	0.00445	0.00640	0.00270	0.00280
49	0.00637	0.00441	0.00515	0.00483	0.00620	0.00385	0.00367	0.00783	0.01048	0.08160	0.36221	0.03375	0.43635	0.00913	0.00479	0.00134	0.00214	0.00778	0.00421	0.00393
50	0.03197	0.03915	0.39187	0.06831	0.08253	0.10748	0.01960	0.03250	0.11432	0.01358	0.05320	0.01079	0.00814	0.00440	0.00394	0.00127	0.00535	0.00352	0.00236	0.00573
51	0.00590	0.00427	0.00596	0.00596	0.00647	0.00478	0.00433	0.00692	0.00641	0.00906	0.01158	0.01937	0.01167	0.27967	0.59251	0.00581	0.00888	0.00487	0.00229	0.00331
52	0.17314	0.01882	0.01210	0.14082	0.18976	0.04399	0.05907	0.11635	0.08417	0.06475	0.01012	0.01129	0.03794	0.00443	0.00384	0.00127	0.00447	0.00370	0.00281	0.01715
53	0.01093	0.79527	0.06471	0.00733	0.01097	0.01581	0.00748	0.02967	0.00859	0.01019	0.00588	0.00677	0.00530	0.00356	0.00273	0.00091	0.00448	0.00227	0.00181	0.00535
54	0.00678	0.00632	0.02146	0.07140	0.00902	0.06861	0.00544	0.02640	0.00902	0.01156	0.10461	0.33343	0.19046	0.00961	0.00570	0.00150	0.08806	0.02336	0.00337	0.00388
55	0.01051	0.08851	0.54842	0.01109	0.03756	0.12784	0.01251	0.01409	0.00938	0.09159	0.00795	0.00887	0.00573	0.00402	0.00379	0.00123	0.00584	0.00303	0.00212	0.00591
56	0.12424	0.00881	0.00918	0.00793	0.01046	0.00991	0.00629	0.13172	0.51490	0.08776	0.01492	0.01394	0.03135	0.00533	0.00397	0.00134	0.00341	0.00426	0.00402	0.00626
57	0.01746	0.00852	0.01047	0.00803	0.01124	0.00831	0.00663	0.29051	0.01431	0.55884	0.01404	0.01257	0.00908	0.00503	0.00412	0.00126	0.00384	0.00398	0.00475	0.00698
58	0.05895	0.00983	0.13783	0.02187	0.01248	0.00770	0.06444	0.10910	0.01143	0.44831	0.01318	0.05695	0.00934	0.01418	0.00430	0.00133	0.00421	0.00428	0.00396	0.00633
59	0.01568	0.01137	0.01224	0.00938	0.01267	0.01254	0.00775	0.79368	0.01908	0.04894	0.01004	0.00997	0.00707	0.00493	0.00411	0.00123	0.00449	0.00371	0.00413	0.00698
60	0.01703	0.00658	0.00879	0.00686	0.00974	0.00575	0.00563	0.01866	0.01134	0.72759	0.01583	0.01414	0.01021	0.00504	0.00397	0.00123	0.00329	0.00409	0.11765	0.00658
61	0.00561	0.00419	0.00520	0.00495	0.00601	0.00379	0.00371	0.00735	0.01114	0.01531	0.66002	0.03255	0.20739	0.00882	0.00484	0.00131	0.00197	0.00769	0.00437	0.00379
62	0.00775	0.00730	0.01231	0.84587	0.02827	0.00912	0.01140	0.01049	0.00821	0.01049	0.00730	0.01094	0.00547	0.00410	0.00410	0.00137	0.00547	0.00365	0.00182	0.00456
63	0.01533	0.01956	0.01163	0.01058	0.01269	0.83926	0.00793	0.01639	0.01163	0.01005	0.00635	0.00740	0.00529	0.00423	0.00370	0.00106	0.00740	0.00264	0.00212	0.00476
64	0.00500	0.00357	0.00476	0.00572	0.00595	0.00333	0.00381	0.00572	0.00786	0.01048	0.02262	0.85306	0.02715	0.01286	0.00524	0.00167	0.00238	0.01167	0.00381	0.00333
65	0.01445	0.01727	0.01183	0.01050	0.01242	0.64134	0.00807	0.09219	0.01160	0.01154	0.00654	0.00786	0.00546	0.00472	0.00514	0.00118	0.12780	0.00288	0.00226	0.00493
66	0.35573	0.01106	0.00948	0.02345	0.13652	0.24926	0.00692	0.01269	0.00866	0.01380	0.00700	0.00887	0.00587	0.00784	0.12511	0.00198	0.00584	0.00291	0.00228	0.00474
67	0.00645	0.00482	0.00683	0.00712	0.00797	0.00533	0.00581	0.02000	0.02963	0.01107	0.01556	0.06186	0.01594	0.02104	0.43374	0.00427	0.02767	0.30813	0.00294	0.00384
68	0.01208	0.01001	0.01319	0.01056	0.03417	0.09731	0.19024	0.09202	0.14409	0.15237	0.01137	0.01290	0.00867	0.00459	0.00414	0.00121	0.00472	0.04020	0.00326	0.15290
69	0.00542	0.00399	0.00507	0.00561	0.00628	0.00370	0.00411	0.00656	0.00894	0.01179	0.16046	0.40548	0.16818	0.04564	0.00581	0.00169	0.00255	0.14137	0.00387	0.00349
70	0.75703	0.00784	0.00639	0.00550	0.00820	0.00866	0.00451	0.01181	0.00721	0.01768	0.00595	0.00694	0.00468	0.00370	0.00261	0.00117	0.00316	0.00225	0.00252	0.13217
71	0.03793	0.01615	0.01220	0.01204	0.11787	0.52947	0.00837	0.16839	0.03526	0.01392	0.00746	0.00843	0.00595	0.00432	0.00381	0.00113	0.00630	0.00302	0.00255	0.00545

[dist]
# distance from previous block
# <min> <max>
0	1

[block]
# block no. 1 follows, 65 sequences, length 11
# corresponding to MSA columns:
# 154-164
name=unknown_B
#
# <colnr> <probs for GDERKNQSTAVLIFYWHMCP>
#	G	D	E	R	K	N	Q	S	T	A	V	L	I	F	Y	W	H	M	C	P
0	0.12283	0.00738	0.01149	0.73559	0.02560	0.00913	0.01049	0.01070	0.00805	0.01153	0.00709	0.01038	0.00534	0.00407	0.00390	0.00136	0.00517	0.00346	0.00192	0.00454
1	0.00869	0.00751	0.00806	0.00728	0.00837	0.10750	0.03445	0.06862	0.07827	0.03014	0.03333	0.07191	0.01258	0.29667	0.15541	0.00315	0.05600	0.00519	0.00280	0.00406
2	0.00498	0.00364	0.00469	0.00553	0.00590	0.00335	0.00373	0.00574	0.00804	0.01055	0.02489	0.75572	0.12303	0.01257	0.00519	0.00163	0.00235	0.01131	0.00381	0.00335
3	0.01065	0.00975	0.01569	0.09914	0.64861	0.01009	0.01186	0.11788	0.01055	0.01477	0.00796	0.01019	0.00647	0.00387	0.00407	0.00123	0.00488	0.00366	0.00228	0.00639
4	0.00735	0.00389	0.00410	0.00405	0.00500	0.00383	0.00303	0.00927	0.00910	0.01549	0.14685	0.01782	0.01514	0.00537	0.00319	0.00101	0.00192	0.00442	0.73533	0.00383
5	0.24502	0.05277	0.07373	0.04303	0.11923	0.04780	0.00795	0.19671	0.06669	0.09654	0.00890	0.00950	0.00657	0.00431	0.00358	0.00124	0.00430	0.00323	0.00304	0.00586
6	0.00622	0.00462	0.00600	0.00574	0.00662	0.00466	0.00415	0.00721	0.00688	0.00969	0.01299	0.04138	0.04249	0.30478	0.36945	0.00443	0.00676	0.03510	0.00249	0.11835
7	0.01345	0.00795	0.00938	0.00762	0.01014	0.00818	0.00613	0.29063	0.07773	0.27589	0.06205	0.03645	0.05357	0.04179	0.07793	0.00186	0.00431	0.00473	0.00419	0.00602
8	0.21673	0.06094	0.01050	0.00841	0.01093	0.26372	0.00668	0.20115	0.12232	0.01651	0.00842	0.00902	0.00654	0.00480	0.00398	0.03313	0.00487	0.00307	0.00292	0.00536
9	0.26743	0.19538	0.20521	0.05040	0.06550	0.07523	0.00882	0.04435	0.00885	0.03553	0.00679	0.00793	0.00530	0.00388	0.00325	0.00118	0.00473	0.00271	0.00221	0.00533
10	0.13583	0.15577	0.07545	0.00835	0.01103	0.11089	0.04731	0.13903	0.07709	0.01450	0.00932	0.05188	0.00813	0.05211	0.08460	0.00186	0.00528	0.00376	0.00268	0.00514

[dist]
# distance from previous block
# <min> <max>
2	61

[block]
# block no. 2 follows, 65 sequences, length 13
# corresponding to MSA columns:
# 227-239
name=unknown_C
#
# <colnr> <probs for GDERKNQSTAVLIFYWHMCP>
#	G	D	E	R	K	N	Q	S	T	A	V	L	I	F	Y	W	H	M	C	P
0	0.19939	0.06932	0.15902	0.01958	0.04207	0.11602	0.01823	0.12944	0.02100	0.06778	0.00888	0.01056	0.01949	0.01604	0.01314	0.00132	0.01921	0.02668	0.00270	0.04016
1	0.03089	0.07848	0.05381	0.02633	0.04983	0.20662	0.08642	0.07407	0.02711	0.02591	0.06836	0.13742	0.04388	0.00597	0.00412	0.00123	0.00478	0.01483	0.00283	0.05708
2	0.00963	0.00819	0.05649	0.10305	0.22399	0.00761	0.05799	0.02642	0.07761	0.12184	0.14276	0.04370	0.07303	0.00578	0.00438	0.00132	0.00404	0.02347	0.00323	0.00548
3	0.00562	0.00464	0.03776	0.00534	0.00605	0.00401	0.00387	0.00659	0.00812	0.01095	0.17238	0.25839	0.11974	0.27011	0.06575	0.00258	0.00347	0.00794	0.00335	0.00332
4	0.01048	0.00870	0.00969	0.00747	0.01059	0.06727	0.03769	0.12491	0.05152	0.06271	0.00958	0.03698	0.00803	0.03533	0.00420	0.00102	0.00378	0.01843	0.00294	0.48869
5	0.11504	0.06591	0.04665	0.02831	0.12400	0.09759	0.02304	0.01188	0.00877	0.03101	0.00717	0.00862	0.00587	0.00382	0.00367	0.02686	0.00416	0.00275	0.00230	0.38258
6	0.00575	0.04038	0.12871	0.00664	0.00790	0.00479	0.00563	0.00713	0.00814	0.01104	0.04917	0.66368	0.02344	0.01099	0.00492	0.00157	0.00299	0.00985	0.00345	0.00384
7	0.00981	0.00920	0.00913	0.00687	0.01029	0.12092	0.00544	0.05189	0.00949	0.01355	0.00729	0.00843	0.00602	0.00330	0.00319	0.00070	0.00372	0.00253	0.00247	0.71578
8	0.00883	0.00810	0.09418	0.00822	0.04248	0.02190	0.05307	0.07350	0.02318	0.09414	0.08201	0.23130	0.09431	0.00726	0.00438	0.00129	0.00355	0.00637	0.00339	0.13855
9	0.88473	0.00794	0.00603	0.00540	0.00794	0.00921	0.00445	0.01207	0.00699	0.01842	0.00572	0.00667	0.00445	0.00381	0.00254	0.00127	0.00318	0.00222	0.00254	0.00445
10	0.00653	0.00486	0.00604	0.03773	0.00780	0.00471	0.00479	0.00899	0.07736	0.04040	0.30057	0.06860	0.23925	0.00919	0.00492	0.00146	0.00265	0.16604	0.00404	0.00407
11	0.01025	0.49451	0.06802	0.04421	0.01401	0.01343	0.18860	0.04270	0.00901	0.01133	0.00739	0.04745	0.00657	0.00411	0.00367	0.00111	0.02290	0.00342	0.00201	0.00530
12	0.00544	0.00401	0.00510	0.00530	0.00610	0.00368	0.00387	0.00685	0.00996	0.01352	0.41141	0.29796	0.15412	0.01027	0.00501	0.00145	0.00219	0.04597	0.00415	0.00363

[dist]
# distance from previous block
# <min> <max>
0	2

[block]
# block no. 3 follows, 65 sequences, length 10
# corresponding to MSA columns:
# 242-251
name=unknown_D
#
# <colnr> <probs for GDERKNQSTAVLIFYWHMCP>
#	G	D	E	R	K	N	Q	S	T	A	V	L	I	F	Y	W	H	M	C	P
0	0.00775	0.04002	0.00828	0.03277	0.00898	0.03660	0.02074	0.05742	0.03696	0.01213	0.03351	0.05794	0.23227	0.08222	0.05630	0.00181	0.08663	0.03073	0.00297	0.15395
1	0.10812	0.01199	0.01050	0.05174	0.01225	0.27360	0.02989	0.09463	0.10478	0.07512	0.00881	0.00949	0.00675	0.00429	0.00383	0.00111	0.02215	0.00314	0.00285	0.16496
2	0.06867	0.01014	0.00893	0.00841	0.01018	0.26011	0.03556	0.01254	0.09031	0.01284	0.07985	0.05959	0.01550	0.00721	0.00446	0.00140	0.00466	0.25693	0.00316	0.04955
3	0.00934	0.06258	0.19122	0.01090	0.01447	0.00954	0.22205	0.09270	0.15281	0.01456	0.01455	0.01661	0.11100	0.00542	0.00437	0.00135	0.00491	0.05318	0.00287	0.00558
4	0.01204	0.09664	0.11463	0.00921	0.01222	0.16520	0.00810	0.20197	0.27278	0.01634	0.01117	0.04284	0.00882	0.00504	0.00393	0.00124	0.00475	0.00388	0.00322	0.00599
5	0.01088	0.00684	0.00831	0.00681	0.00932	0.00627	0.00536	0.12247	0.03846	0.20515	0.01429	0.17456	0.03657	0.00793	0.06279	0.00152	0.00376	0.00518	0.00363	0.26991
6	0.04340	0.00943	0.01162	0.00903	0.01218	0.05858	0.10563	0.15452	0.15813	0.24194	0.01189	0.01166	0.00844	0.00453	0.00397	0.00118	0.00420	0.00382	0.00370	0.14215
7	0.07134	0.09899	0.11384	0.01027	0.01327	0.00876	0.23488	0.04330	0.00927	0.07950	0.01137	0.01834	0.01036	0.11168	0.00640	0.00171	0.00499	0.14404	0.00271	0.00498
8	0.01014	0.00652	0.00940	0.00959	0.11188	0.00623	0.05483	0.01276	0.08225	0.20465	0.17001	0.10522	0.06797	0.00746	0.00471	0.00144	0.00344	0.10359	0.02261	0.00529
9	0.00565	0.00458	0.00490	0.00480	0.00601	0.00425	0.00350	0.00771	0.08948	0.01199	0.13929	0.06229	0.51385	0.11544	0.00680	0.00171	0.00242	0.00787	0.00378	0.00369

[dist]
# distance from previous block
# <min> <max>
7	11

[block]
# block no. 4 follows, 65 sequences, length 58
# corresponding to MSA columns:
# 265-322
name=unknown_E
#
# <colnr> <probs for GDERKNQSTAVLIFYWHMCP>
#	G	D	E	R	K	N	Q	S	T	A	V	L	I	F	Y	W	H	M	C	P
0	0.02476	0.44912	0.05939	0.00829	0.01180	0.02380	0.04207	0.18757	0.07172	0.01446	0.00775	0.00839	0.00626	0.00397	0.00327	0.00103	0.00445	0.00288	0.00252	0.06651
1	0.02594	0.04067	0.02876	0.06090	0.29955	0.00893	0.06766	0.10532	0.02377	0.04476	0.01025	0.03584	0.04126	0.00579	0.04714	0.00145	0.01254	0.00399	0.00260	0.13287
2	0.01153	0.07137	0.15014	0.03484	0.10795	0.20150	0.12947	0.05597	0.03755	0.05815	0.00812	0.00938	0.00624	0.00395	0.00388	0.00115	0.00560	0.00333	0.00237	0.09752
3	0.01078	0.05676	0.18168	0.16469	0.05954	0.07230	0.12927	0.14119	0.05836	0.04854	0.03171	0.01073	0.00734	0.00430	0.00409	0.00127	0.00540	0.00374	0.00258	0.00574
4	0.01085	0.00842	0.01619	0.04369	0.02969	0.00786	0.41243	0.01326	0.00977	0.21419	0.01302	0.17784	0.01130	0.00574	0.00471	0.00141	0.00509	0.00595	0.00315	0.00544
5	0.03178	0.00560	0.00734	0.00786	0.06135	0.02994	0.03531	0.04457	0.00850	0.03182	0.01774	0.43534	0.04937	0.08635	0.08328	0.00222	0.02553	0.02885	0.00327	0.00396
6	0.04337	0.09528	0.11386	0.02201	0.06331	0.17954	0.20802	0.05474	0.03013	0.03728	0.02861	0.01114	0.00752	0.06787	0.00540	0.00143	0.01907	0.00378	0.00236	0.00528
7	0.00531	0.00396	0.00483	0.00532	0.00592	0.00368	0.00368	0.00643	0.02802	0.01111	0.09730	0.47826	0.20091	0.09442	0.00664	0.00180	0.00249	0.03274	0.00375	0.00342
8	0.00514	0.00377	0.00485	0.00561	0.00610	0.00348	0.00393	0.00605	0.00838	0.01100	0.06469	0.63569	0.14183	0.01217	0.00520	0.00163	0.00242	0.07081	0.00384	0.00341
9	0.01060	0.03189	0.06625	0.16948	0.37025	0.06673	0.07374	0.07135	0.00994	0.04394	0.00790	0.01008	0.00622	0.00407	0.00446	0.00127	0.04011	0.00362	0.00223	0.00587
10	0.04181	0.20142	0.25198	0.01020	0.09164	0.05183	0.00931	0.04580	0.07646	0.02118	0.06156	0.08731	0.02254	0.00519	0.00380	0.00122	0.00456	0.00417	0.00254	0.00546
11	0.01029	0.00505	0.00654	0.00596	0.00744	0.00454	0.00443	0.01136	0.00945	0.31986	0.07527	0.24561	0.09634	0.15005	0.00738	0.00186	0.00304	0.02679	0.00411	0.00463
12	0.00947	0.00981	0.01889	0.11990	0.35831	0.00971	0.35390	0.01233	0.00936	0.01286	0.00919	0.01174	0.03702	0.00388	0.00443	0.00131	0.00571	0.00435	0.00209	0.00574
13	0.01937	0.09479	0.10208	0.04683	0.13532	0.04196	0.13812	0.09332	0.08699	0.05272	0.02080	0.01353	0.09253	0.00494	0.00448	0.00128	0.03828	0.00426	0.00273	0.00566
14	0.00691	0.00620	0.08207	0.00772	0.00902	0.00512	0.03991	0.00830	0.00834	0.01110	0.01641	0.04758	0.01739	0.04764	0.02888	0.17253	0.00424	0.47398	0.00304	0.00361
15	0.01500	0.00956	0.01067	0.00840	0.01136	0.01022	0.00687	0.47957	0.11061	0.20841	0.01238	0.01185	0.00863	0.00503	0.00402	0.00124	0.00393	0.00391	0.07166	0.00668
16	0.00995	0.08024	0.03632	0.15747	0.20651	0.10185	0.10590	0.07113	0.03899	0.01302	0.03545	0.05870	0.05678	0.00498	0.00414	0.00126	0.00502	0.00444	0.00249	0.00535
17	0.03233	0.13680	0.24774	0.05226	0.04918	0.17785	0.04359	0.03781	0.08573	0.06608	0.00879	0.01022	0.00681	0.00433	0.00379	0.00121	0.00545	0.02195	0.00243	0.00564
18	0.01321	0.13855	0.01276	0.00962	0.01165	0.51103	0.00762	0.05560	0.01088	0.01127	0.06782	0.00935	0.00789	0.00484	0.00487	0.00115	0.11163	0.00311	0.00231	0.00485
19	0.03078	0.01009	0.06444	0.06746	0.05780	0.10653	0.00706	0.07528	0.02271	0.03607	0.00813	0.02919	0.00666	0.00385	0.00348	0.00092	0.00415	0.00305	0.00255	0.45981
20	0.10423	0.14629	0.22889	0.01007	0.09314	0.00928	0.04179	0.01254	0.06296	0.06876	0.03459	0.09773	0.04844	0.00532	0.00383	0.00126	0.00431	0.00440	0.00266	0.01951
21	0.05142	0.10357	0.02969	0.00729	0.00903	0.00693	0.04201	0.05979	0.04428	0.10264	0.01697	0.36615	0.01784	0.00884	0.00458	0.00148	0.00343	0.11590	0.00355	0.00460
22	0.01017	0.00602	0.00750	0.00705	0.00868	0.00607	0.00564	0.01376	0.18461	0.21608	0.05108	0.02770	0.01706	0.15066	0.00750	0.00196	0.00355	0.26597	0.00400	0.00495
23	0.00893	0.04008	0.06146	0.01256	0.24469	0.01537	0.05055	0.06774	0.05379	0.04333	0.18752	0.09357	0.08108	0.00630	0.00437	0.00130	0.00379	0.00562	0.01265	0.00529
24	0.01079	0.02214	0.11816	0.04205	0.21346	0.10252	0.02286	0.12159	0.06395	0.06752	0.04309	0.11431	0.01889	0.00583	0.01338	0.00135	0.00474	0.00475	0.00294	0.00569
25	0.00500	0.00357	0.00476	0.00572	0.00595	0.00333	0.00381	0.00572	0.00786	0.01048	0.02262	0.85306	0.02715	0.01286	0.00524	0.00167	0.00238	0.01167	0.00381	0.00333
26	0.00507	0.00362	0.00476	0.00562	0.00588	0.00338	0.00374	0.00578	0.00788	0.01051	0.04184	0.78099	0.03861	0.05382	0.00599	0.00177	0.00244	0.01124	0.00376	0.00331
27	0.03104	0.13914	0.32907	0.03555	0.11958	0.04158	0.10890	0.02363	0.03217	0.05767	0.00854	0.04001	0.00679	0.00423	0.00389	0.00124	0.00536	0.00362	0.00221	0.00579
28	0.02246	0.01350	0.28662	0.09744	0.08498	0.00953	0.34009	0.01285	0.00917	0.04670	0.00854	0.03391	0.00656	0.00402	0.00435	0.00134	0.00601	0.00416	0.00211	0.00567
29	0.00937	0.00681	0.00615	0.00574	0.00684	0.13497	0.00413	0.01077	0.02759	0.09400	0.01233	0.01728	0.01094	0.24852	0.07492	0.00232	0.00427	0.00434	0.31473	0.00396
30	0.00851	0.00730	0.00851	0.00608	0.00973	0.00547	0.00486	0.01034	0.00851	0.01338	0.00730	0.00851	0.00608	0.00304	0.00304	0.00061	0.00304	0.00243	0.00243	0.88083
31	0.00969	0.01107	0.02422	0.01730	0.02145	0.01038	0.81522	0.01315	0.00969	0.01315	0.00830	0.01107	0.00623	0.00346	0.00484	0.00138	0.00692	0.00484	0.00208	0.00554
32	0.00500	0.00359	0.00475	0.00568	0.00594	0.00334	0.00379	0.00572	0.00790	0.01049	0.02312	0.83197	0.04793	0.01280	0.00523	0.00166	0.00237	0.01159	0.00381	0.00334
33	0.08494	0.00946	0.01016	0.00810	0.01096	0.03118	0.00659	0.42279	0.06021	0.19917	0.03306	0.03455	0.05932	0.00551	0.00407	0.00127	0.00392	0.00429	0.00413	0.00631
34	0.00631	0.00486	0.00640	0.00620	0.00646	0.00561	0.00442	0.00696	0.00645	0.00902	0.01270	0.09323	0.03260	0.38692	0.25645	0.00413	0.13990	0.00570	0.00244	0.00325
35	0.01366	0.00634	0.00828	0.00677	0.00912	0.00580	0.00542	0.08337	0.01206	0.47511	0.24235	0.08109	0.01912	0.00657	0.00441	0.00130	0.00306	0.00557	0.00475	0.00584
36	0.00530	0.00399	0.00489	0.00533	0.00602	0.00369	0.00374	0.00660	0.03172	0.01180	0.16510	0.46898	0.21370	0.03148	0.00543	0.00159	0.00232	0.02087	0.00391	0.00353
37	0.01111	0.00536	0.00718	0.00616	0.00802	0.00478	0.00485	0.01284	0.01143	0.36057	0.42514	0.06434	0.02572	0.00729	0.00458	0.00132	0.00266	0.02679	0.00470	0.00516
38	0.00848	0.01912	0.67374	0.01247	0.01794	0.00981	0.13170	0.01286	0.00869	0.01286	0.00740	0.00903	0.00536	0.00401	0.00453	0.00134	0.04963	0.00333	0.00179	0.00591
39	0.00824	0.00521	0.00641	0.00634	0.00758	0.00510	0.00467	0.04363	0.11536	0.13975	0.04207	0.46231	0.09783	0.01000	0.00485	0.00152	0.00275	0.02780	0.00408	0.00450
40	0.14354	0.00583	0.00662	0.00645	0.00783	0.00601	0.00485	0.11686	0.03049	0.09360	0.01735	0.45363	0.01850	0.00926	0.00452	0.00150	0.00298	0.04783	0.01789	0.00446
41	0.00588	0.00488	0.00618	0.00660	0.00723	0.04691	0.04398	0.00685	0.00833	0.01075	0.02186	0.67195	0.06043	0.01173	0.00516	0.00163	0.00295	0.06953	0.00364	0.00355
42	0.00809	0.00663	0.00789	0.00839	0.06999	0.00709	0.00585	0.05929	0.32099	0.01432	0.02006	0.29782	0.08687	0.00861	0.00467	0.00149	0.00309	0.05998	0.00383	0.00503
43	0.01176	0.01200	0.00953	0.00869	0.01061	0.32533	0.00660	0.10143	0.22242	0.02949	0.05513	0.15130	0.01307	0.00642	0.00422	0.00129	0.00477	0.01740	0.00335	0.00519
44	0.43903	0.03438	0.04358	0.03062	0.04162	0.27537	0.02085	0.02769	0.00895	0.01472	0.00621	0.00742	0.00497	0.00404	0.00341	0.00121	0.02625	0.00259	0.00231	0.00478
45	0.00634	0.00522	0.00657	0.00756	0.09416	0.00510	0.00489	0.00891	0.11456	0.01251	0.12773	0.23726	0.28025	0.03287	0.03556	0.00169	0.00296	0.00799	0.00366	0.00418
46	0.01073	0.00746	0.00827	0.00714	0.00924	0.00800	0.00569	0.20499	0.24684	0.08474	0.12699	0.01861	0.04854	0.00613	0.00414	0.00128	0.00315	0.04594	0.14652	0.00559
47	0.03319	0.12932	0.01442	0.01227	0.14942	0.18041	0.06507	0.21622	0.13115	0.01598	0.00901	0.00976	0.00702	0.00434	0.00384	0.00118	0.00510	0.00345	0.00286	0.00598
48	0.01907	0.00744	0.04015	0.03680	0.06538	0.00684	0.05669	0.09701	0.05055	0.03622	0.25165	0.03403	0.11602	0.00628	0.00452	0.00122	0.02416	0.00541	0.00345	0.13712
49	0.01019	0.49626	0.26127	0.00941	0.02807	0.02588	0.04300	0.03139	0.00874	0.01125	0.00644	0.00763	0.00535	0.00381	0.00358	0.00108	0.03662	0.00267	0.00183	0.00554
50	0.00931	0.40783	0.11191	0.00863	0.04475	0.01108	0.05894	0.01131	0.02388	0.04174	0.03149	0.17883	0.03302	0.00584	0.00370	0.00118	0.00419	0.00484	0.00249	0.00505
51	0.00514	0.00387	0.00475	0.00516	0.00588	0.00349	0.00363	0.00621	0.00910	0.01196	0.20446	0.44562	0.25344	0.01119	0.00504	0.00151	0.00220	0.00990	0.00397	0.00349
52	0.02072	0.01155	0.17085	0.03337	0.12585	0.05200	0.06902	0.01617	0.31209	0.06004	0.01356	0.03364	0.05260	0.00510	0.00417	0.00133	0.00449	0.00440	0.00309	0.00597
53	0.04676	0.00917	0.06937	0.01148	0.03746	0.00818	0.30094	0.06207	0.02869	0.05585	0.01249	0.18380	0.02650	0.00607	0.00484	0.00138	0.03544	0.02417	0.00285	0.07250
54	0.00653	0.00474	0.00607	0.00705	0.06803	0.00466	0.00460	0.00875	0.08944	0.02706	0.08265	0.45572	0.08695	0.00973	0.00466	0.00146	0.00256	0.00866	0.11662	0.00407
55	0.00992	0.00503	0.00660	0.00613	0.00764	0.00454	0.00461	0.01142	0.03017	0.29825	0.14392	0.35250	0.08416	0.00910	0.00474	0.00144	0.00270	0.00799	0.00437	0.00478
56	0.01065	0.03244	0.01826	0.04248	0.01050	0.23241	0.00640	0.06678	0.11073	0.06564	0.22981	0.06386	0.03056	0.00651	0.00447	0.00128	0.01955	0.03929	0.00349	0.00490
57	0.04821	0.06974	0.03509	0.10999	0.16394	0.12010	0.12154	0.08758	0.02999	0.08281	0.00958	0.07307	0.00801	0.00472	0.00405	0.00125	0.00509	0.00416	0.00266	0.01842

[dist]
# distance from previous block
# <min> <max>
1	59

[block]
# block no. 5 follows, 65 sequences, length 27
# corresponding to MSA columns:
# 443-469
name=unknown_F
#
# <colnr> <probs for GDERKNQSTAVLIFYWHMCP>
#	G	D	E	R	K	N	Q	S	T	A	V	L	I	F	Y	W	H	M	C	P
0	0.05045	0.01067	0.04887	0.02352	0.12242	0.13088	0.12572	0.04279	0.11245	0.08213	0.03528	0.03716	0.02732	0.00483	0.00426	0.00123	0.02267	0.01591	0.00289	0.09855
1	0.01028	0.01771	0.01083	0.03370	0.08055	0.05611	0.07221	0.11395	0.10348	0.07182	0.06985	0.06687	0.04731	0.00554	0.00413	0.00119	0.00396	0.03732	0.00327	0.18994
2	0.02482	0.13197	0.17503	0.02185	0.03550	0.05887	0.09579	0.04586	0.05109	0.03656	0.13575	0.02471	0.04067	0.00492	0.00393	0.00117	0.00448	0.00416	0.00274	0.10014
3	0.00781	0.17397	0.06205	0.00766	0.00976	0.02655	0.09109	0.03145	0.03784	0.01171	0.05770	0.28341	0.07677	0.06312	0.00539	0.00149	0.00377	0.00671	0.00297	0.03880
4	0.03591	0.19943	0.15871	0.00940	0.07689	0.06126	0.00819	0.05046	0.04075	0.05357	0.00848	0.03902	0.00716	0.02868	0.00413	0.00113	0.01875	0.00327	0.00243	0.19239
5	0.04659	0.05149	0.28690	0.01241	0.12541	0.04146	0.07920	0.14710	0.02517	0.07516	0.02441	0.01078	0.02868	0.00443	0.00419	0.00127	0.02304	0.00365	0.00264	0.00601
6	0.00611	0.06625	0.02215	0.00581	0.00683	0.00490	0.00438	0.00774	0.05146	0.02702	0.12040	0.48435	0.14729	0.01056	0.00485	0.00150	0.00258	0.01822	0.00375	0.00385
7	0.04510	0.21648	0.01448	0.04027	0.02645	0.01125	0.10938	0.16556	0.17067	0.01541	0.01028	0.06009	0.00857	0.00513	0.01588	0.00126	0.00439	0.00399	0.00293	0.07242
8	0.00894	0.03392	0.20279	0.07173	0.05233	0.02765	0.03325	0.02874	0.02636	0.09191	0.04886	0.13787	0.02335	0.03160	0.05259	0.00166	0.00470	0.02013	0.00283	0.09880
9	0.00974	0.27704	0.20888	0.05970	0.15525	0.01185	0.14980	0.01295	0.04488	0.01206	0.00746	0.00911	0.00596	0.00379	0.00384	0.00118	0.01553	0.00330	0.00196	0.00572
10	0.00992	0.01033	0.05018	0.02996	0.17914	0.01063	0.33308	0.01237	0.00866	0.05293	0.00767	0.01032	0.00618	0.00470	0.00714	0.00146	0.25360	0.00411	0.00212	0.00550
11	0.00756	0.00625	0.01007	0.09067	0.14265	0.00609	0.09787	0.00956	0.00990	0.05178	0.25833	0.11963	0.11538	0.00742	0.00470	0.00138	0.00355	0.04921	0.00341	0.00458
12	0.00999	0.07071	0.35738	0.05850	0.10768	0.07400	0.15269	0.02935	0.02518	0.04922	0.00826	0.02401	0.00632	0.00407	0.00404	0.00127	0.00578	0.00361	0.00214	0.00581
13	0.00662	0.00447	0.00640	0.00665	0.00744	0.00422	0.04462	0.00795	0.03184	0.07863	0.02114	0.65234	0.02400	0.01142	0.00513	0.00163	0.00284	0.07495	0.00384	0.00387
14	0.00497	0.00377	0.00459	0.00521	0.00583	0.00339	0.00359	0.00582	0.00843	0.01082	0.04921	0.57608	0.27952	0.01197	0.00511	0.00157	0.00228	0.01062	0.00383	0.00339
15	0.00910	0.00876	0.01503	0.38897	0.35433	0.00964	0.07981	0.02323	0.02916	0.01228	0.00778	0.01068	0.00615	0.00398	0.00436	0.00132	0.02411	0.00378	0.00202	0.00552
16	0.03325	0.02609	0.03592	0.04829	0.10360	0.00967	0.38033	0.10261	0.02750	0.14169	0.00995	0.02663	0.00743	0.00474	0.02213	0.00143	0.00561	0.00439	0.00283	0.00590
17	0.00560	0.00414	0.00522	0.00505	0.00603	0.00377	0.00375	0.00730	0.01097	0.01516	0.64280	0.09711	0.15976	0.00905	0.00487	0.00134	0.00199	0.00795	0.00435	0.00377
18	0.00721	0.02229	0.04402	0.00727	0.03147	0.08605	0.01949	0.02658	0.00877	0.01173	0.04893	0.42543	0.03708	0.01093	0.06669	0.00182	0.02022	0.02302	0.09701	0.00397
19	0.03008	0.04530	0.10573	0.04797	0.12460	0.08246	0.33853	0.01431	0.00987	0.14737	0.00905	0.01057	0.00661	0.00390	0.00426	0.00128	0.00580	0.00397	0.00252	0.00582
20	0.00515	0.00370	0.00492	0.00585	0.00619	0.00347	0.00406	0.00599	0.00806	0.01067	0.02311	0.75166	0.05081	0.01264	0.00527	0.00168	0.00251	0.08710	0.00381	0.00338
21	0.02816	0.01048	0.01139	0.00991	0.05101	0.05266	0.03312	0.33764	0.35935	0.04321	0.01255	0.01217	0.00926	0.00504	0.00411	0.00130	0.00416	0.00407	0.00387	0.00655
22	0.01031	0.57345	0.15493	0.01004	0.09149	0.01393	0.04901	0.01243	0.00856	0.01084	0.00635	0.00755	0.00545	0.00357	0.00310	0.00100	0.00480	0.00261	0.00181	0.02876
23	0.04056	0.19145	0.23614	0.01044	0.02996	0.05315	0.03398	0.20839	0.03251	0.08666	0.00982	0.01999	0.00761	0.00503	0.00417	0.00138	0.00530	0.00363	0.00314	0.01667
24	0.00878	0.14503	0.52998	0.01173	0.01687	0.01046	0.16076	0.01264	0.00883	0.01245	0.00863	0.01001	0.03773	0.00402	0.00392	0.00126	0.00581	0.00346	0.00188	0.00575
25	0.00512	0.00424	0.00451	0.00458	0.00584	0.00370	0.00342	0.00649	0.03207	0.01155	0.08690	0.12373	0.65381	0.01042	0.00489	0.00142	0.00218	0.02771	0.00386	0.00357
26	0.03806	0.05675	0.13338	0.03242	0.01299	0.03823	0.06053	0.15207	0.03000	0.33730	0.01256	0.01311	0.02468	0.00494	0.00407	0.00128	0.00448	0.03322	0.00368	0.00625

[dist]
# distance from previous block
# <min> <max>
0	1

[block]
# block no. 6 follows, 65 sequences, length 21
# corresponding to MSA columns:
# 471-491
name=unknown_G
#
# <colnr> <probs for GDERKNQSTAVLIFYWHMCP>
#	G	D	E	R	K	N	Q	S	T	A	V	L	I	F	Y	W	H	M	C	P
0	0.03039	0.07155	0.11051	0.00871	0.01143	0.06400	0.10699	0.06166	0.07320	0.10672	0.08156	0.10335	0.10504	0.02193	0.00461	0.00137	0.00421	0.02435	0.00327	0.00514
1	0.00515	0.00373	0.00489	0.00569	0.00610	0.00347	0.00394	0.00604	0.00832	0.01104	0.07866	0.69184	0.08182	0.01229	0.00521	0.00164	0.00242	0.06049	0.00386	0.00341
2	0.00994	0.25477	0.04996	0.00737	0.01096	0.02968	0.03911	0.01245	0.06335	0.04568	0.00785	0.00872	0.00639	0.00351	0.00317	0.00084	0.00386	0.00271	0.00241	0.43727
3	0.01044	0.17413	0.25218	0.01118	0.12801	0.01979	0.03881	0.03005	0.00948	0.11784	0.03607	0.01111	0.03631	0.00451	0.01223	0.00119	0.00473	0.00347	0.00252	0.09598
4	0.04721	0.43394	0.13094	0.02478	0.01280	0.06267	0.05080	0.13629	0.01036	0.03188	0.00704	0.00794	0.00567	0.00387	0.00328	0.00106	0.00488	0.00278	0.00227	0.01953
5	0.00904	0.01392	0.30340	0.01631	0.18564	0.00963	0.32132	0.01262	0.00907	0.01293	0.00803	0.01036	0.00618	0.00536	0.05640	0.00165	0.00646	0.00394	0.00196	0.00580
6	0.00906	0.00925	0.01757	0.34217	0.23973	0.00972	0.28809	0.01197	0.00902	0.01218	0.00776	0.01078	0.00601	0.00376	0.00435	0.00133	0.00581	0.00406	0.00197	0.00541
7	0.06399	0.04321	0.24187	0.03030	0.09392	0.07801	0.00950	0.05565	0.00958	0.04493	0.02144	0.01866	0.01077	0.04179	0.03755	0.00170	0.00516	0.18418	0.00265	0.00513
8	0.02020	0.00646	0.05043	0.00659	0.00838	0.00572	0.02422	0.09918	0.04963	0.06209	0.19956	0.13980	0.22196	0.00863	0.00474	0.00142	0.00299	0.07955	0.00392	0.00451
9	0.00532	0.00414	0.00498	0.00510	0.00611	0.00380	0.00382	0.00663	0.00941	0.01225	0.23163	0.15502	0.37840	0.01251	0.09515	0.00200	0.00315	0.05318	0.00381	0.00359
10	0.00788	0.00738	0.03961	0.15979	0.07920	0.08202	0.00680	0.02829	0.02769	0.01078	0.03733	0.07475	0.15069	0.01017	0.07142	0.18991	0.00467	0.00512	0.00255	0.00394
11	0.00972	0.23903	0.20463	0.04216	0.13541	0.01129	0.16888	0.05874	0.00953	0.01272	0.00961	0.01103	0.06131	0.00418	0.00386	0.00120	0.00523	0.00370	0.00213	0.00564
12	0.00516	0.00388	0.00480	0.00530	0.00599	0.00352	0.00376	0.00621	0.00893	0.01169	0.15905	0.47107	0.23834	0.01142	0.00509	0.00154	0.00229	0.04455	0.00393	0.00348
13	0.00973	0.00960	0.01722	0.14539	0.58257	0.00976	0.14035	0.01237	0.00923	0.01294	0.00775	0.01042	0.00631	0.00369	0.00419	0.00127	0.00529	0.00385	0.00201	0.00606
14	0.01065	0.01281	0.14574	0.06602	0.09335	0.12262	0.29738	0.04866	0.04649	0.05377	0.03741	0.01117	0.00765	0.00468	0.02203	0.00141	0.00604	0.00406	0.00243	0.00562
15	0.00902	0.01357	0.31196	0.20498	0.20118	0.04154	0.04282	0.02500	0.05977	0.01279	0.00851	0.03548	0.00674	0.00428	0.00407	0.00131	0.00544	0.00374	0.00210	0.00571
16	0.00884	0.00502	0.00642	0.00584	0.00742	0.00476	0.00454	0.01031	0.02307	0.22453	0.04711	0.04475	0.28894	0.04697	0.24913	0.00298	0.00515	0.00610	0.00365	0.00446
17	0.05042	0.04463	0.07083	0.01188	0.12028	0.04602	0.13302	0.14638	0.02280	0.11653	0.01207	0.06185	0.01056	0.00578	0.00436	0.00137	0.00473	0.12768	0.00315	0.00565
18	0.06601	0.01248	0.02898	0.16572	0.28288	0.27893	0.00995	0.04915	0.01017	0.01260	0.00773	0.01061	0.00648	0.00431	0.00392	0.00123	0.00566	0.03562	0.00221	0.00536
19	0.57693	0.04535	0.00702	0.00580	0.00799	0.03332	0.00473	0.01143	0.00793	0.04747	0.11401	0.01112	0.00983	0.00737	0.09339	0.00182	0.00405	0.00322	0.00281	0.00443
20	0.01032	0.08197	0.18123	0.03133	0.01188	0.00927	0.00803	0.25323	0.06329	0.04772	0.07892	0.10119	0.09175	0.00624	0.00419	0.00130	0.00407	0.00511	0.00337	0.00559

[dist]
# distance from previous block
# <min> <max>
0	12

# created by:
# /st0/software/busco_prod/Augustus/scripts/msa2prfl.pl ./align_prep/30348.fa
