[name]
unknown

[dist]
# distance from previous block
# <min> <max>
0	315

[block]
# block no. 0 follows, 73 sequences, length 12
# corresponding to MSA columns:
# 326-337
name=unknown_A
#
# <colnr> <probs for GDERKNQSTAVLIFYWHMCP>
#	G	D	E	R	K	N	Q	S	T	A	V	L	I	F	Y	W	H	M	C	P
0	0.00783	0.00786	0.04413	0.12893	0.17703	0.07070	0.03700	0.02703	0.02626	0.01165	0.10288	0.09036	0.04258	0.00576	0.00448	0.00123	0.05360	0.08324	0.00253	0.07489
1	0.00557	0.00390	0.00550	0.00559	0.00613	0.00426	0.00411	0.00657	0.00626	0.03230	0.01224	0.15689	0.01264	0.16602	0.54886	0.00475	0.00748	0.00535	0.00237	0.00320
2	0.00490	0.00383	0.00449	0.00434	0.00540	0.00341	0.00326	0.00627	0.00947	0.01250	0.43377	0.03126	0.41116	0.00935	0.03870	0.00142	0.00217	0.00720	0.00374	0.00336
3	0.00778	0.00667	0.00778	0.00556	0.00889	0.00500	0.00445	0.00945	0.00778	0.01223	0.00667	0.00778	0.00556	0.00278	0.00278	0.00056	0.00278	0.00222	0.00222	0.89108
4	0.00778	0.00667	0.00778	0.00556	0.00889	0.00500	0.00445	0.00945	0.00778	0.01223	0.00667	0.00778	0.00556	0.00278	0.00278	0.00056	0.00278	0.00222	0.00222	0.89108
5	0.00455	0.00336	0.00426	0.00497	0.00538	0.00307	0.00337	0.00525	0.00742	0.00968	0.02372	0.72015	0.16840	0.01136	0.00473	0.00148	0.00213	0.01018	0.00348	0.00307
6	0.05366	0.01696	0.01044	0.00939	0.01141	0.76502	0.00710	0.06342	0.01086	0.01039	0.00596	0.00687	0.00489	0.00389	0.00336	0.00098	0.00643	0.00246	0.00206	0.00446
7	0.00536	0.00359	0.00412	0.00422	0.00425	0.00357	0.00241	0.00543	0.00565	0.00754	0.01283	0.12039	0.01491	0.77058	0.01747	0.00340	0.00347	0.00605	0.00241	0.00236
8	0.15129	0.00812	0.00920	0.00716	0.01002	0.00833	0.00592	0.33221	0.01274	0.40037	0.01108	0.01028	0.00736	0.00441	0.00354	0.00115	0.00351	0.00335	0.00394	0.00602
9	0.00598	0.00469	0.00578	0.00551	0.00692	0.00410	0.00416	0.00752	0.03838	0.01111	0.06302	0.34208	0.06526	0.03156	0.00455	0.00127	0.00257	0.12002	0.00311	0.27242
10	0.00520	0.00383	0.00487	0.00461	0.00554	0.00349	0.00346	0.00687	0.01037	0.01444	0.74379	0.02902	0.13476	0.00790	0.00443	0.00119	0.00179	0.00692	0.00405	0.00349
11	0.00688	0.03204	0.37941	0.00743	0.01061	0.00628	0.00823	0.00986	0.03002	0.04906	0.26977	0.01881	0.14471	0.00583	0.00395	0.00119	0.00361	0.00487	0.00285	0.00459

[dist]
# distance from previous block
# <min> <max>
0	7

[block]
# block no. 1 follows, 73 sequences, length 17
# corresponding to MSA columns:
# 345-361
name=unknown_B
#
# <colnr> <probs for GDERKNQSTAVLIFYWHMCP>
#	G	D	E	R	K	N	Q	S	T	A	V	L	I	F	Y	W	H	M	C	P
0	0.05867	0.33482	0.08790	0.00669	0.00928	0.06703	0.00625	0.08235	0.03034	0.02541	0.24094	0.01298	0.01371	0.00473	0.00331	0.00102	0.00362	0.00365	0.00266	0.00464
1	0.36577	0.06624	0.05501	0.02655	0.03681	0.03691	0.00606	0.23862	0.02118	0.01701	0.06546	0.02068	0.02083	0.00428	0.00314	0.00113	0.00358	0.00310	0.00277	0.00487
2	0.00453	0.00359	0.00408	0.00442	0.00524	0.00314	0.00314	0.00540	0.00810	0.01014	0.06829	0.37023	0.47582	0.01032	0.00458	0.00137	0.00201	0.00897	0.00351	0.00314
3	0.00537	0.00400	0.00591	0.00591	0.00653	0.00462	0.00454	0.00662	0.00599	0.00862	0.01016	0.01536	0.00965	0.08171	0.80008	0.00588	0.00964	0.00411	0.00203	0.00328
4	0.00709	0.00667	0.01125	0.85913	0.02584	0.00834	0.01042	0.00959	0.00750	0.00959	0.00667	0.01000	0.00500	0.00375	0.00375	0.00125	0.00500	0.00333	0.00167	0.00417
5	0.01399	0.01025	0.01097	0.00844	0.01137	0.01133	0.00696	0.80176	0.01728	0.02329	0.00913	0.00919	0.00650	0.00450	0.00371	0.00112	0.00404	0.00338	0.03651	0.00627
6	0.89465	0.00726	0.00551	0.00493	0.00726	0.00842	0.00406	0.01103	0.00638	0.01683	0.00522	0.00609	0.00406	0.00348	0.00232	0.00116	0.00290	0.00203	0.00232	0.00406
7	0.00644	0.00543	0.00736	0.00676	0.00695	0.00683	0.00514	0.00712	0.00572	0.00833	0.00878	0.01577	0.00923	0.31394	0.25200	0.00358	0.32116	0.00425	0.00197	0.00325
8	0.00778	0.00667	0.00778	0.00556	0.00889	0.00500	0.00445	0.00945	0.00778	0.01223	0.00667	0.00778	0.00556	0.00278	0.00278	0.00056	0.00278	0.00222	0.00222	0.89108
9	0.00667	0.00587	0.00967	0.00869	0.01025	0.02466	0.20030	0.00862	0.00874	0.01142	0.06399	0.09003	0.05505	0.00842	0.00486	0.00154	0.00395	0.47035	0.00309	0.00382
10	0.00842	0.00739	0.05056	0.00595	0.00936	0.00537	0.00504	0.02885	0.00818	0.05875	0.00718	0.00809	0.00574	0.00296	0.00290	0.00063	0.00297	0.00236	0.00236	0.77694
11	0.00543	0.00478	0.00490	0.00536	0.02430	0.06788	0.00371	0.00630	0.00809	0.00992	0.04656	0.36051	0.35911	0.04620	0.00512	0.00145	0.00255	0.03129	0.00329	0.00325
12	0.01401	0.01788	0.01063	0.00967	0.01160	0.85309	0.00725	0.01498	0.01063	0.00918	0.00580	0.00677	0.00483	0.00387	0.00338	0.00097	0.00677	0.00242	0.00193	0.00435
13	0.00551	0.00410	0.00576	0.00568	0.00614	0.00471	0.00420	0.00647	0.00586	0.00834	0.01029	0.01707	0.01032	0.25126	0.59330	0.00520	0.04625	0.00437	0.00206	0.00310
14	0.00931	0.03537	0.08207	0.00739	0.03392	0.00704	0.02739	0.13325	0.02370	0.05189	0.00751	0.00836	0.00586	0.00332	0.00325	0.00079	0.01574	0.00265	0.00249	0.53870
15	0.00544	0.00370	0.00439	0.00439	0.00450	0.00380	0.00265	0.00565	0.00555	0.00750	0.01154	0.02302	0.01297	0.73702	0.14932	0.00401	0.00464	0.00523	0.00223	0.00244
16	0.00457	0.00350	0.00421	0.00476	0.00539	0.00313	0.00334	0.00537	0.00773	0.00984	0.02697	0.53459	0.32328	0.01088	0.00467	0.00144	0.00212	0.03761	0.00348	0.00311

[dist]
# distance from previous block
# <min> <max>
0	1

[block]
# block no. 2 follows, 73 sequences, length 13
# corresponding to MSA columns:
# 363-375
name=unknown_C
#
# <colnr> <probs for GDERKNQSTAVLIFYWHMCP>
#	G	D	E	R	K	N	Q	S	T	A	V	L	I	F	Y	W	H	M	C	P
0	0.02159	0.24656	0.18662	0.02565	0.12199	0.09111	0.08330	0.03826	0.05523	0.05043	0.00718	0.00830	0.00566	0.00372	0.00370	0.00108	0.03943	0.00292	0.00204	0.00523
1	0.00905	0.00950	0.01750	0.09079	0.05358	0.02706	0.50217	0.03988	0.14707	0.01261	0.00865	0.01053	0.00657	0.00376	0.00454	0.00126	0.04396	0.00412	0.00224	0.00515
2	0.00457	0.00326	0.00435	0.00522	0.00544	0.00305	0.00348	0.00522	0.00718	0.00958	0.02068	0.86570	0.02481	0.01175	0.00479	0.00152	0.00218	0.01067	0.00348	0.00305
3	0.04839	0.07297	0.02694	0.05455	0.13558	0.25551	0.07702	0.04873	0.00866	0.01085	0.00605	0.00798	0.00513	0.00436	0.00569	0.00120	0.22076	0.00299	0.00190	0.00471
4	0.00528	0.00347	0.00457	0.00523	0.00563	0.00321	0.00354	0.00597	0.00739	0.05661	0.02072	0.76753	0.05183	0.03335	0.00509	0.00155	0.00226	0.01005	0.00352	0.00322
5	0.09788	0.00853	0.01399	0.11291	0.64992	0.00882	0.03130	0.01127	0.00822	0.01242	0.00684	0.00907	0.00564	0.00340	0.00360	0.00114	0.00441	0.00324	0.00188	0.00554
6	0.00962	0.00820	0.00864	0.00769	0.00987	0.00947	0.00601	0.06722	0.79022	0.01616	0.01491	0.01371	0.01116	0.00506	0.00381	0.00126	0.00304	0.00419	0.00381	0.00596
7	0.00464	0.00381	0.00409	0.00402	0.00520	0.00326	0.00302	0.00579	0.00905	0.01131	0.23094	0.03417	0.64956	0.00906	0.00443	0.00125	0.00187	0.00765	0.00364	0.00326
8	0.00450	0.00380	0.00389	0.00387	0.00511	0.00319	0.00290	0.00550	0.00870	0.01048	0.09442	0.03554	0.78660	0.00937	0.00443	0.00126	0.00189	0.00784	0.00353	0.00319
9	0.00552	0.00425	0.00633	0.00624	0.00687	0.00506	0.00488	0.00683	0.00601	0.00873	0.00977	0.01438	0.00913	0.02695	0.80696	0.00579	0.05694	0.00398	0.00199	0.00339
10	0.00492	0.00361	0.00452	0.00470	0.00534	0.00332	0.00331	0.00603	0.00866	0.01171	0.35830	0.32538	0.15619	0.07958	0.00575	0.00152	0.00209	0.00823	0.00365	0.00320
11	0.84812	0.05266	0.00626	0.00501	0.00738	0.00875	0.00419	0.01104	0.00645	0.01641	0.00522	0.00609	0.00410	0.00347	0.00233	0.00114	0.00296	0.00203	0.00228	0.00410
12	0.01015	0.71001	0.05395	0.00805	0.07347	0.03975	0.00718	0.04256	0.00818	0.00979	0.00558	0.00648	0.00496	0.00330	0.00264	0.00086	0.00420	0.00220	0.00171	0.00498

[dist]
# distance from previous block
# <min> <max>
13	64

[block]
# block no. 3 follows, 73 sequences, length 13
# corresponding to MSA columns:
# 443-455
name=unknown_D
#
# <colnr> <probs for GDERKNQSTAVLIFYWHMCP>
#	G	D	E	R	K	N	Q	S	T	A	V	L	I	F	Y	W	H	M	C	P
0	0.04651	0.01247	0.15582	0.01085	0.03652	0.19155	0.19870	0.01362	0.15851	0.01204	0.00830	0.00981	0.00653	0.00409	0.00432	0.00118	0.06480	0.01665	0.00224	0.04549
1	0.33705	0.13266	0.07566	0.02195	0.04447	0.14395	0.02043	0.05600	0.03133	0.02779	0.00715	0.04687	0.00611	0.00409	0.00302	0.00110	0.00409	0.01424	0.00229	0.01975
2	0.00456	0.00382	0.00407	0.00406	0.00525	0.00333	0.00306	0.00558	0.00837	0.01017	0.06376	0.03368	0.73117	0.01130	0.08932	0.00174	0.00271	0.00749	0.00336	0.00320
3	0.01001	0.02045	0.03942	0.13892	0.11746	0.09076	0.11958	0.16882	0.14165	0.02387	0.03619	0.02582	0.02757	0.00443	0.00398	0.00119	0.01810	0.00386	0.00267	0.00524
4	0.00551	0.00388	0.00485	0.00486	0.00504	0.00412	0.00318	0.00579	0.00583	0.00791	0.01273	0.11394	0.04046	0.52211	0.15235	0.04750	0.04932	0.00565	0.00234	0.00263
5	0.00730	0.00749	0.05244	0.09139	0.11600	0.00857	0.00787	0.00875	0.00702	0.01013	0.06654	0.05491	0.07135	0.00810	0.07894	0.00182	0.39081	0.00428	0.00210	0.00419
6	0.00773	0.02299	0.00876	0.02262	0.00864	0.10635	0.01873	0.00919	0.05033	0.00947	0.04328	0.01402	0.04559	0.13517	0.17210	0.00260	0.29979	0.00402	0.00215	0.01647
7	0.00556	0.00372	0.00449	0.00461	0.00520	0.00345	0.00311	0.00627	0.00760	0.05360	0.13751	0.28877	0.18028	0.26830	0.00892	0.00204	0.00256	0.00766	0.00327	0.00308
8	0.00773	0.05117	0.09907	0.04695	0.15846	0.06273	0.01714	0.00941	0.00756	0.01042	0.03665	0.10817	0.00959	0.06430	0.08577	0.00180	0.11763	0.01255	0.00214	0.09077
9	0.00634	0.00427	0.00581	0.00630	0.00723	0.00415	0.00531	0.00792	0.00885	0.05287	0.13609	0.06944	0.05446	0.04102	0.00547	0.00167	0.00310	0.57260	0.00357	0.00354
10	0.02124	0.12136	0.27063	0.01255	0.19934	0.06753	0.05399	0.09466	0.02088	0.05629	0.00727	0.00846	0.00558	0.00377	0.00387	0.00112	0.04085	0.00301	0.00211	0.00549
11	0.04690	0.00991	0.01037	0.00805	0.01094	0.03792	0.00658	0.62982	0.03900	0.03445	0.00904	0.02793	0.00675	0.00444	0.00361	0.00107	0.00393	0.00336	0.00348	0.10244
12	0.00995	0.00640	0.00718	0.00599	0.00788	0.00659	0.00472	0.23756	0.08696	0.10538	0.13435	0.03055	0.01289	0.04447	0.00423	0.00117	0.00283	0.00419	0.22841	0.05827

[dist]
# distance from previous block
# <min> <max>
5	14

[block]
# block no. 4 follows, 73 sequences, length 58
# corresponding to MSA columns:
# 472-529
name=unknown_E
#
# <colnr> <probs for GDERKNQSTAVLIFYWHMCP>
#	G	D	E	R	K	N	Q	S	T	A	V	L	I	F	Y	W	H	M	C	P
0	0.00892	0.04240	0.08660	0.05260	0.06935	0.11217	0.22002	0.02546	0.04473	0.01149	0.00831	0.06066	0.01679	0.00415	0.00419	0.00110	0.05373	0.00373	0.00213	0.17149
1	0.00865	0.11468	0.30624	0.04543	0.12374	0.02123	0.09743	0.04242	0.04275	0.04219	0.04834	0.04998	0.02216	0.00427	0.00367	0.00115	0.00462	0.00371	0.00220	0.01515
2	0.03596	0.00817	0.05163	0.08102	0.07403	0.00785	0.10019	0.18260	0.02706	0.20271	0.11170	0.02548	0.04012	0.00489	0.00415	0.00120	0.02845	0.00420	0.00325	0.00533
3	0.00504	0.00380	0.00477	0.00535	0.00612	0.00353	0.00416	0.00617	0.00816	0.01041	0.03983	0.31515	0.27569	0.01052	0.00481	0.00151	0.00252	0.28574	0.00348	0.00323
4	0.01011	0.14270	0.08775	0.07174	0.07902	0.15371	0.02875	0.09501	0.14840	0.03781	0.03138	0.03674	0.05189	0.00459	0.00358	0.00111	0.00438	0.00367	0.00259	0.00507
5	0.02096	0.03705	0.08031	0.03772	0.08758	0.05281	0.24507	0.02522	0.16333	0.07171	0.01051	0.01176	0.04580	0.02202	0.00486	0.00128	0.07040	0.00395	0.00250	0.00515
6	0.01007	0.00500	0.00647	0.00556	0.00733	0.00453	0.00443	0.01194	0.03963	0.34541	0.32706	0.02229	0.09996	0.00653	0.00410	0.00120	0.00247	0.04570	0.04560	0.00471
7	0.00462	0.00332	0.00431	0.00508	0.00533	0.00309	0.00337	0.00525	0.00713	0.00945	0.02089	0.77014	0.06232	0.06945	0.00574	0.00165	0.00226	0.01019	0.00340	0.00300
8	0.00926	0.01241	0.22002	0.13213	0.12259	0.10623	0.16565	0.08041	0.02013	0.01213	0.00728	0.02566	0.00576	0.00397	0.00436	0.00121	0.06026	0.00345	0.00198	0.00511
9	0.00503	0.00393	0.00523	0.00616	0.05039	0.00382	0.00408	0.00589	0.00759	0.01006	0.05831	0.59328	0.15702	0.01049	0.00502	0.00145	0.04242	0.02321	0.00334	0.00330
10	0.00505	0.00388	0.00466	0.00468	0.00566	0.00352	0.00355	0.00656	0.02221	0.01242	0.38631	0.10675	0.32855	0.00891	0.00452	0.00129	0.00203	0.08229	0.00377	0.00339
11	0.00508	0.00350	0.00461	0.00511	0.00559	0.00323	0.00354	0.00602	0.00811	0.03445	0.20943	0.62821	0.04794	0.01056	0.00467	0.00143	0.00210	0.00951	0.00366	0.00326
12	0.01130	0.41367	0.01492	0.09480	0.01209	0.35478	0.00721	0.01253	0.00879	0.00905	0.00559	0.00678	0.00484	0.00362	0.00320	0.00094	0.02726	0.00234	0.00175	0.00454
13	0.00850	0.00715	0.01074	0.11597	0.36526	0.01890	0.00812	0.04892	0.04266	0.05912	0.19815	0.01571	0.06099	0.01858	0.00417	0.00120	0.00364	0.00446	0.00277	0.00499
14	0.01980	0.21241	0.22787	0.17970	0.04208	0.05557	0.09092	0.04496	0.02211	0.02949	0.01838	0.00861	0.00565	0.00370	0.00362	0.00111	0.02416	0.00300	0.00190	0.00498
15	0.01401	0.01788	0.01063	0.00967	0.01160	0.85309	0.00725	0.01498	0.01063	0.00918	0.00580	0.00677	0.00483	0.00387	0.00338	0.00097	0.00677	0.00242	0.00193	0.00435
16	0.00592	0.00412	0.00586	0.00576	0.00637	0.00463	0.00432	0.00698	0.00616	0.04508	0.01084	0.04655	0.01061	0.18130	0.61236	0.00511	0.02803	0.00449	0.00222	0.00329
17	0.00778	0.00667	0.00778	0.00556	0.00889	0.00500	0.00445	0.00945	0.00778	0.01223	0.00667	0.00778	0.00556	0.00278	0.00278	0.00056	0.00278	0.00222	0.00222	0.89108
18	0.00473	0.00387	0.00421	0.00430	0.00547	0.00335	0.00333	0.00586	0.00876	0.01076	0.11391	0.03613	0.65749	0.00944	0.00453	0.00132	0.00209	0.11367	0.00354	0.00324
19	0.00457	0.00326	0.00435	0.00522	0.00544	0.00305	0.00348	0.00522	0.00718	0.00958	0.02068	0.86570	0.02481	0.01175	0.00479	0.00152	0.00218	0.01067	0.00348	0.00305
20	0.00469	0.00385	0.00415	0.00419	0.00537	0.00331	0.00321	0.00581	0.00883	0.01086	0.14055	0.03559	0.66854	0.00934	0.00450	0.00129	0.00202	0.07711	0.00356	0.00324
21	0.00821	0.00821	0.01149	0.00985	0.00985	0.01149	0.00821	0.00903	0.00575	0.00903	0.00492	0.00821	0.00492	0.00657	0.01231	0.00164	0.86128	0.00328	0.00164	0.00410
22	0.01426	0.01051	0.01126	0.00863	0.01163	0.01163	0.00713	0.83224	0.01764	0.02364	0.00901	0.00901	0.00638	0.00450	0.00375	0.00113	0.00413	0.00338	0.00375	0.00638
23	0.02943	0.01757	0.01055	0.00957	0.01152	0.82417	0.00719	0.02864	0.01068	0.00956	0.00584	0.00679	0.00485	0.00387	0.00337	0.00097	0.00665	0.00243	0.00197	0.00438
24	0.00929	0.00891	0.01523	0.02303	0.84475	0.00891	0.01151	0.01151	0.00854	0.01226	0.00706	0.00929	0.00594	0.00334	0.00371	0.00111	0.00446	0.00334	0.00186	0.00594
25	0.89465	0.00726	0.00551	0.00493	0.00726	0.00842	0.00406	0.01103	0.00638	0.01683	0.00522	0.00609	0.00406	0.00348	0.00232	0.00116	0.00290	0.00203	0.00232	0.00406
26	0.00929	0.00891	0.01523	0.02303	0.84475	0.00891	0.01151	0.01151	0.00854	0.01226	0.00706	0.00929	0.00594	0.00334	0.00371	0.00111	0.00446	0.00334	0.00186	0.00594
27	0.00821	0.00821	0.01149	0.00985	0.00985	0.01149	0.00821	0.00903	0.00575	0.00903	0.00492	0.00821	0.00492	0.00657	0.01231	0.00164	0.86128	0.00328	0.00164	0.00410
28	0.00709	0.00667	0.01125	0.85913	0.02584	0.00834	0.01042	0.00959	0.00750	0.00959	0.00667	0.01000	0.00500	0.00375	0.00375	0.00125	0.00500	0.00333	0.00167	0.00417
29	0.00564	0.00431	0.00509	0.00480	0.00595	0.00408	0.00363	0.00812	0.09900	0.02441	0.51336	0.02863	0.26315	0.00788	0.00435	0.00121	0.00195	0.00680	0.00392	0.00373
30	0.89465	0.00726	0.00551	0.00493	0.00726	0.00842	0.00406	0.01103	0.00638	0.01683	0.00522	0.00609	0.00406	0.00348	0.00232	0.00116	0.00290	0.00203	0.00232	0.00406
31	0.00536	0.00394	0.00503	0.00480	0.00571	0.00369	0.00358	0.00732	0.03867	0.01447	0.72107	0.08007	0.07626	0.00793	0.00443	0.00121	0.00184	0.00700	0.00405	0.00357
32	0.00573	0.00374	0.00482	0.00499	0.00570	0.00342	0.00354	0.00679	0.00858	0.07296	0.27996	0.42434	0.10536	0.04568	0.00517	0.00145	0.00216	0.00845	0.00372	0.00343
33	0.00622	0.00427	0.00539	0.00497	0.00609	0.00402	0.00377	0.00851	0.06632	0.06550	0.67924	0.02672	0.08960	0.00744	0.00434	0.00119	0.00195	0.00651	0.00409	0.00385
34	0.85634	0.00722	0.00565	0.00501	0.00736	0.00829	0.00413	0.01135	0.00657	0.05308	0.00564	0.00639	0.00429	0.00353	0.00239	0.00116	0.00291	0.00211	0.00242	0.00416
35	0.00557	0.00387	0.00456	0.00465	0.00565	0.00343	0.00338	0.00668	0.01900	0.07248	0.12993	0.30707	0.40079	0.00960	0.00449	0.00133	0.00208	0.00833	0.00365	0.00345
36	0.00518	0.00399	0.00480	0.00514	0.00614	0.00367	0.00415	0.00645	0.00856	0.01078	0.08862	0.05955	0.39957	0.04991	0.00542	0.00156	0.00259	0.32720	0.00346	0.00326
37	0.00709	0.00667	0.01125	0.85913	0.02584	0.00834	0.01042	0.00959	0.00750	0.00959	0.00667	0.01000	0.00500	0.00375	0.00375	0.00125	0.00500	0.00333	0.00167	0.00417
38	0.00943	0.00854	0.01427	0.02097	0.73945	0.00858	0.01074	0.01188	0.03799	0.04866	0.00783	0.00986	0.00645	0.00462	0.04344	0.00135	0.00461	0.00343	0.00206	0.00584
39	0.00505	0.00394	0.00554	0.04271	0.00697	0.00373	0.04242	0.00611	0.00794	0.01052	0.14156	0.48916	0.13985	0.04710	0.00525	0.00151	0.00249	0.03153	0.00337	0.00326
40	0.00460	0.00331	0.00431	0.00510	0.00537	0.00308	0.00340	0.00524	0.00719	0.00952	0.02130	0.78822	0.06943	0.04403	0.00531	0.00159	0.00222	0.01032	0.00344	0.00302
41	0.00827	0.00919	0.01972	0.01437	0.01768	0.00861	0.71862	0.01109	0.00863	0.01169	0.00937	0.12642	0.00829	0.00433	0.00448	0.00130	0.00576	0.00528	0.00211	0.00479
42	0.86788	0.00731	0.00581	0.00548	0.03258	0.00843	0.00429	0.01104	0.00645	0.01669	0.00528	0.00619	0.00412	0.00348	0.00236	0.00116	0.00295	0.00207	0.00231	0.00412
43	0.00652	0.00326	0.00489	0.00489	0.00489	0.00326	0.00326	0.00489	0.00489	0.00652	0.00652	0.01140	0.00652	0.01303	0.01466	0.89084	0.00326	0.00326	0.00163	0.00163
44	0.01177	0.00811	0.00868	0.00694	0.00923	0.00882	0.00564	0.53637	0.02481	0.03395	0.04650	0.01139	0.00869	0.00461	0.00346	0.00106	0.00331	0.00358	0.25765	0.00542
45	0.00566	0.00443	0.00524	0.00553	0.00645	0.00441	0.00415	0.00832	0.15221	0.01119	0.05627	0.33027	0.21319	0.03557	0.00502	0.00150	0.00249	0.14093	0.00353	0.00364
46	0.01389	0.00867	0.00982	0.00780	0.01056	0.00921	0.00635	0.39070	0.20920	0.27452	0.01226	0.01134	0.00847	0.00469	0.00377	0.00117	0.00357	0.00370	0.00404	0.00628
47	0.74210	0.00736	0.00618	0.00536	0.00776	0.00834	0.00441	0.05094	0.03686	0.09219	0.00663	0.00712	0.00491	0.00369	0.00257	0.00116	0.00299	0.00233	0.00265	0.00445
48	0.00496	0.00420	0.00434	0.00423	0.00555	0.00377	0.00320	0.00688	0.08625	0.01106	0.10177	0.03338	0.69933	0.00894	0.00438	0.00126	0.00199	0.00748	0.00357	0.00346
49	0.00541	0.00384	0.00510	0.00510	0.00545	0.00418	0.00353	0.00610	0.00575	0.00802	0.01090	0.01946	0.01143	0.43206	0.45216	0.00488	0.00697	0.00471	0.00214	0.00283
50	0.00908	0.28114	0.19954	0.01148	0.01539	0.03349	0.36164	0.01195	0.02149	0.01097	0.00674	0.00834	0.00528	0.00331	0.00357	0.00110	0.00539	0.00326	0.00177	0.00508
51	0.00752	0.01941	0.84871	0.01069	0.01624	0.00871	0.01386	0.01188	0.00792	0.01188	0.00673	0.00792	0.00475	0.00356	0.00356	0.00119	0.00554	0.00277	0.00158	0.00554
52	0.00536	0.00402	0.00603	0.00603	0.00670	0.00469	0.00469	0.00670	0.00603	0.00871	0.01005	0.01474	0.00938	0.02814	0.85328	0.00603	0.01005	0.00402	0.00201	0.00335
53	0.35424	0.18449	0.19107	0.00681	0.00996	0.01951	0.00693	0.03231	0.00780	0.07369	0.00819	0.00980	0.03544	0.00410	0.00297	0.00112	0.00379	0.04078	0.00231	0.00471
54	0.00708	0.00664	0.01026	0.13689	0.33106	0.02097	0.04180	0.00885	0.00841	0.01110	0.05379	0.09611	0.23961	0.00606	0.00407	0.00122	0.00362	0.00546	0.00253	0.00448
55	0.00544	0.00370	0.00440	0.00440	0.00450	0.00380	0.00265	0.00565	0.00555	0.00750	0.01154	0.02301	0.01297	0.73596	0.15037	0.00401	0.00465	0.00523	0.00223	0.00244
56	0.01514	0.00793	0.00952	0.00743	0.01027	0.00796	0.00609	0.28594	0.10665	0.48253	0.01295	0.01167	0.00858	0.00465	0.00377	0.00116	0.00347	0.00370	0.00426	0.00633
57	0.48287	0.00693	0.00698	0.08437	0.04848	0.03730	0.00557	0.01083	0.00751	0.07687	0.00937	0.03707	0.00853	0.00513	0.00327	0.00128	0.00341	0.15736	0.00265	0.00420

[dist]
# distance from previous block
# <min> <max>
0	1

[block]
# block no. 5 follows, 73 sequences, length 15
# corresponding to MSA columns:
# 531-545
name=unknown_F
#
# <colnr> <probs for GDERKNQSTAVLIFYWHMCP>
#	G	D	E	R	K	N	Q	S	T	A	V	L	I	F	Y	W	H	M	C	P
0	0.36357	0.00893	0.17617	0.00719	0.00980	0.00712	0.08291	0.02058	0.00759	0.01373	0.05479	0.14923	0.04981	0.00553	0.00348	0.00126	0.00356	0.02798	0.00252	0.00423
1	0.00912	0.00880	0.01465	0.02098	0.71524	0.00931	0.01100	0.01113	0.00811	0.01176	0.00673	0.00912	0.00578	0.00384	0.00505	0.00120	0.13736	0.00333	0.00182	0.00566
2	0.41762	0.10183	0.02963	0.00599	0.00872	0.00876	0.00514	0.13935	0.00877	0.06723	0.00688	0.00786	0.00539	0.03182	0.00329	0.00110	0.00330	0.00251	0.00258	0.14222
3	0.05527	0.14913	0.47689	0.00950	0.01383	0.00975	0.06308	0.01310	0.13665	0.02677	0.00794	0.00869	0.00590	0.00373	0.00342	0.00114	0.00478	0.00296	0.00205	0.00540
4	0.08736	0.00535	0.00640	0.00578	0.00711	0.00548	0.00447	0.12437	0.00906	0.12086	0.11778	0.03255	0.05627	0.10555	0.07454	0.13989	0.00366	0.08655	0.00311	0.00387
5	0.00964	0.73840	0.14826	0.00708	0.01065	0.01389	0.00757	0.01133	0.00767	0.00930	0.00545	0.00631	0.00481	0.00326	0.00259	0.00086	0.00425	0.00212	0.00160	0.00493
6	0.00493	0.00354	0.00466	0.00537	0.00579	0.00335	0.00386	0.00582	0.00759	0.01004	0.06044	0.57180	0.06938	0.06413	0.00571	0.00166	0.00247	0.16290	0.00343	0.00311
7	0.00739	0.01844	0.79653	0.01032	0.01558	0.00839	0.01322	0.01158	0.00809	0.01208	0.05843	0.00916	0.00665	0.00382	0.00362	0.00119	0.00531	0.00302	0.00174	0.00542
8	0.00718	0.00406	0.00500	0.00476	0.00532	0.00397	0.00312	0.00763	0.00654	0.13809	0.01289	0.09425	0.01342	0.55737	0.09471	0.00323	0.00400	0.00546	0.02588	0.00311
9	0.00465	0.00382	0.00410	0.00407	0.00525	0.00327	0.00307	0.00578	0.00895	0.01111	0.19283	0.03472	0.66384	0.00917	0.00445	0.00126	0.00192	0.03087	0.00361	0.00325
10	0.00884	0.01595	0.51525	0.00971	0.01389	0.09399	0.01088	0.03450	0.23418	0.01293	0.00902	0.00948	0.00662	0.00403	0.00362	0.00119	0.00493	0.00315	0.00228	0.00555
11	0.00680	0.00546	0.00619	0.00653	0.02646	0.04529	0.00493	0.04509	0.10624	0.01139	0.03233	0.14573	0.09425	0.14205	0.00682	0.00180	0.00326	0.28995	0.01569	0.00371
12	0.00564	0.00363	0.00454	0.00454	0.00465	0.00373	0.00283	0.00554	0.00544	0.00735	0.01054	0.02055	0.01163	0.57638	0.14765	0.17154	0.00456	0.00482	0.00211	0.00232
13	0.02377	0.11576	0.26895	0.01236	0.07196	0.06714	0.31141	0.01192	0.00847	0.02248	0.00755	0.00916	0.01828	0.00351	0.00371	0.00114	0.00541	0.00340	0.02850	0.00511
14	0.14616	0.00718	0.01872	0.00629	0.00871	0.00714	0.00500	0.04425	0.28972	0.04617	0.03565	0.04249	0.00947	0.04545	0.00404	0.00115	0.00295	0.00359	0.00303	0.27287

[dist]
# distance from previous block
# <min> <max>
1	4

[block]
# block no. 6 follows, 73 sequences, length 13
# corresponding to MSA columns:
# 552-564
name=unknown_G
#
# <colnr> <probs for GDERKNQSTAVLIFYWHMCP>
#	G	D	E	R	K	N	Q	S	T	A	V	L	I	F	Y	W	H	M	C	P
0	0.00474	0.00345	0.00444	0.00502	0.00544	0.00319	0.00346	0.00559	0.00780	0.01039	0.14237	0.60498	0.10632	0.04399	0.00526	0.00154	0.00218	0.03319	0.00353	0.00311
1	0.00829	0.07672	0.11040	0.01883	0.08830	0.04393	0.06250	0.06596	0.06367	0.04010	0.08698	0.07406	0.03784	0.07780	0.04614	0.04549	0.00422	0.02150	0.00261	0.02467
2	0.02241	0.00394	0.00493	0.00480	0.00568	0.00376	0.00357	0.00683	0.00889	0.03128	0.41950	0.07709	0.16763	0.08721	0.11364	0.00206	0.00313	0.02676	0.00351	0.00338
3	0.00930	0.35482	0.10425	0.12139	0.10465	0.05261	0.00810	0.05291	0.02232	0.01087	0.00666	0.02284	0.00565	0.00399	0.01744	0.00105	0.00443	0.00275	0.00190	0.09209
4	0.00799	0.08258	0.04574	0.19955	0.12484	0.02952	0.05230	0.07474	0.00885	0.01171	0.02974	0.10046	0.07097	0.00540	0.00384	0.00118	0.00403	0.06500	0.00242	0.07913
5	0.08364	0.25191	0.08224	0.10177	0.09096	0.11881	0.03973	0.07316	0.03449	0.05370	0.00722	0.01921	0.00586	0.01814	0.00349	0.00109	0.00454	0.00291	0.00216	0.00496
6	0.02377	0.07055	0.01213	0.04661	0.30302	0.05103	0.07106	0.03687	0.06949	0.01152	0.01937	0.04074	0.01754	0.02409	0.10239	0.04668	0.02277	0.00379	0.02181	0.00478
7	0.00712	0.00509	0.00699	0.04577	0.12230	0.00496	0.00530	0.00915	0.06899	0.09981	0.14897	0.25060	0.15977	0.00793	0.00432	0.00131	0.00272	0.04130	0.00343	0.00417
8	0.00844	0.00665	0.00785	0.00564	0.00894	0.00504	0.00452	0.01009	0.00799	0.07293	0.00726	0.00814	0.00583	0.00291	0.00285	0.00060	0.00281	0.00234	0.00240	0.82677
9	0.16963	0.20637	0.09608	0.04852	0.05819	0.04459	0.03404	0.17413	0.00969	0.03835	0.00688	0.00796	0.00541	0.01704	0.00334	0.00107	0.00413	0.00271	0.00234	0.06952
10	0.00555	0.00364	0.00440	0.00440	0.00448	0.00372	0.00265	0.00555	0.00547	0.00737	0.01109	0.02210	0.01244	0.68524	0.11678	0.09118	0.00435	0.00507	0.00218	0.00234
11	0.00684	0.00407	0.00537	0.00507	0.00611	0.00371	0.00378	0.00821	0.00970	0.13459	0.50082	0.19240	0.06131	0.00828	0.00471	0.02812	0.00211	0.00706	0.00397	0.00378
12	0.00869	0.00855	0.01119	0.42832	0.11867	0.13679	0.04474	0.01125	0.05817	0.03625	0.03361	0.07089	0.00796	0.00449	0.00382	0.00121	0.00479	0.00393	0.00216	0.00452

[dist]
# distance from previous block
# <min> <max>
0	32

# created by:
# /st0/software/busco_prod/Augustus/scripts/msa2prfl.pl ./align_prep/30370.fa
