[name]
unknown

[dist]
# distance from previous block
# <min> <max>
0	25

[block]
# block no. 0 follows, 71 sequences, length 9
# corresponding to MSA columns:
# 25-33
name=unknown_A
#
# <colnr> <probs for GDERKNQSTAVLIFYWHMCP>
#	G	D	E	R	K	N	Q	S	T	A	V	L	I	F	Y	W	H	M	C	P
0	0.00618	0.00441	0.00618	0.00706	0.00794	0.00441	0.00618	0.00794	0.00883	0.01147	0.02030	0.04325	0.02207	0.01059	0.00530	0.00177	0.00353	0.81553	0.00353	0.00353
1	0.80556	0.00733	0.00596	0.00522	0.00765	0.00831	0.00430	0.01201	0.00697	0.09918	0.00631	0.00690	0.00468	0.00368	0.00252	0.00119	0.00300	0.00225	0.00261	0.00439
2	0.00930	0.00892	0.01522	0.09330	0.77304	0.00906	0.01167	0.01160	0.00864	0.01230	0.00718	0.00955	0.00599	0.00345	0.00380	0.00115	0.00460	0.00342	0.00188	0.00592
3	0.01578	0.00678	0.00983	0.00752	0.01044	0.00601	0.07129	0.01774	0.03983	0.71293	0.04974	0.01354	0.01041	0.00477	0.00394	0.00120	0.00345	0.00406	0.00447	0.00628
4	0.00959	0.00875	0.01483	0.11182	0.71730	0.00889	0.01138	0.01186	0.00872	0.04911	0.00752	0.00973	0.00612	0.00352	0.00380	0.00116	0.00456	0.00343	0.00200	0.00590
5	0.00949	0.00911	0.01556	0.02353	0.84133	0.00911	0.01177	0.01177	0.00873	0.01253	0.00721	0.00949	0.00607	0.00342	0.00380	0.00114	0.00456	0.00342	0.00190	0.00607
6	0.00928	0.00797	0.00845	0.00762	0.00970	0.00917	0.00592	0.01955	0.78281	0.01600	0.06721	0.01520	0.01324	0.00537	0.00394	0.00129	0.00296	0.00450	0.00392	0.00592
7	0.00738	0.00696	0.01175	0.80388	0.07746	0.00856	0.01072	0.00992	0.00773	0.00997	0.00684	0.01018	0.00517	0.00381	0.00383	0.00127	0.00508	0.00341	0.00172	0.00437
8	0.01015	0.00875	0.01472	0.05883	0.72271	0.00874	0.01111	0.01237	0.00891	0.09485	0.00798	0.00988	0.00637	0.00357	0.00380	0.00115	0.00445	0.00346	0.00217	0.00604

[dist]
# distance from previous block
# <min> <max>
3	4

[block]
# block no. 1 follows, 71 sequences, length 6
# corresponding to MSA columns:
# 38-43
name=unknown_B
#
# <colnr> <probs for GDERKNQSTAVLIFYWHMCP>
#	G	D	E	R	K	N	Q	S	T	A	V	L	I	F	Y	W	H	M	C	P
0	0.00949	0.00911	0.01556	0.02353	0.84133	0.00911	0.01177	0.01177	0.00873	0.01253	0.00721	0.00949	0.00607	0.00342	0.00380	0.00114	0.00456	0.00342	0.00190	0.00607
1	0.00765	0.00724	0.01224	0.70362	0.17560	0.00863	0.01085	0.01016	0.00786	0.01030	0.00689	0.01009	0.00529	0.00376	0.00383	0.00125	0.00501	0.00341	0.00174	0.00459
2	0.00909	0.00679	0.00759	0.00694	0.00885	0.00736	0.00549	0.01606	0.49367	0.10395	0.08104	0.02118	0.10961	0.00649	0.00418	0.00133	0.00290	0.09825	0.00393	0.00532
3	0.00495	0.00373	0.00462	0.00502	0.00575	0.00340	0.00368	0.00606	0.00861	0.01127	0.19203	0.37140	0.25501	0.01036	0.00476	0.00144	0.00221	0.09871	0.00369	0.00330
4	0.01233	0.18128	0.01332	0.01090	0.13991	0.28377	0.00775	0.19390	0.09641	0.01375	0.00773	0.00843	0.00616	0.00401	0.00344	0.00105	0.00500	0.00294	0.00251	0.00542
5	0.01257	0.04588	0.01129	0.00988	0.09096	0.11513	0.02887	0.08840	0.11211	0.25289	0.01010	0.01040	0.00741	0.00473	0.00523	0.00122	0.15080	0.00346	0.00312	0.03555

[dist]
# distance from previous block
# <min> <max>
0	1

[block]
# block no. 2 follows, 71 sequences, length 9
# corresponding to MSA columns:
# 45-53
name=unknown_C
#
# <colnr> <probs for GDERKNQSTAVLIFYWHMCP>
#	G	D	E	R	K	N	Q	S	T	A	V	L	I	F	Y	W	H	M	C	P
0	0.00992	0.11855	0.06986	0.01857	0.56699	0.08850	0.01060	0.01248	0.04660	0.01193	0.00722	0.00896	0.00600	0.00355	0.00359	0.00110	0.00472	0.00316	0.00195	0.00575
1	0.01121	0.58714	0.01688	0.00798	0.07893	0.01249	0.00671	0.04387	0.00881	0.14356	0.00869	0.00901	0.04271	0.00386	0.00294	0.00094	0.00391	0.00277	0.00233	0.00526
2	0.00964	0.03495	0.01365	0.08143	0.08340	0.00764	0.25509	0.03682	0.02775	0.12653	0.02810	0.07246	0.00848	0.00425	0.00388	0.00111	0.00435	0.00417	0.00263	0.19368
3	0.08156	0.00763	0.01269	0.53791	0.21153	0.00874	0.06494	0.01054	0.00791	0.01121	0.00685	0.00973	0.00530	0.00367	0.00375	0.00124	0.00490	0.00337	0.00182	0.00473
4	0.00642	0.00829	0.16816	0.00726	0.03172	0.08411	0.00633	0.00807	0.00829	0.01063	0.03471	0.36821	0.15240	0.00881	0.00446	0.00139	0.00346	0.08039	0.00300	0.00388
5	0.02532	0.00931	0.01437	0.01668	0.40935	0.04017	0.14313	0.08151	0.12924	0.03401	0.02559	0.01079	0.00761	0.00467	0.03013	0.00134	0.00477	0.00378	0.00249	0.00575
6	0.02206	0.03307	0.12827	0.01495	0.35336	0.06274	0.05796	0.03260	0.03020	0.14209	0.00875	0.02429	0.00675	0.00386	0.00371	0.00112	0.00454	0.00343	0.00246	0.06379
7	0.02352	0.02697	0.02947	0.00950	0.04441	0.44086	0.03243	0.06372	0.07488	0.08087	0.00943	0.06652	0.00813	0.00488	0.00373	0.00112	0.00533	0.03938	0.00264	0.03224
8	0.00987	0.03612	0.03147	0.03974	0.25865	0.05140	0.28595	0.05113	0.04535	0.06476	0.05284	0.03781	0.00853	0.00412	0.00407	0.00121	0.00496	0.00418	0.00243	0.00542

[dist]
# distance from previous block
# <min> <max>
1	16

[block]
# block no. 3 follows, 71 sequences, length 156
# corresponding to MSA columns:
# 70-225
name=unknown_D
#
# <colnr> <probs for GDERKNQSTAVLIFYWHMCP>
#	G	D	E	R	K	N	Q	S	T	A	V	L	I	F	Y	W	H	M	C	P
0	0.04789	0.08035	0.05325	0.04688	0.30861	0.03074	0.10214	0.03890	0.03797	0.03810	0.06927	0.01058	0.00823	0.00392	0.00386	0.00111	0.02325	0.00352	0.00231	0.08913
1	0.01923	0.06540	0.11208	0.04416	0.38611	0.05745	0.09990	0.05053	0.05287	0.02223	0.03112	0.00984	0.00691	0.00374	0.00375	0.00114	0.00478	0.00345	0.00216	0.02316
2	0.01068	0.31798	0.14234	0.01189	0.19741	0.08023	0.05167	0.04566	0.00904	0.07875	0.00713	0.00818	0.00566	0.00359	0.00330	0.00103	0.00472	0.00284	0.00209	0.01583
3	0.01017	0.82234	0.04033	0.00715	0.03354	0.01485	0.00690	0.01151	0.00782	0.00920	0.00542	0.00629	0.00495	0.00329	0.00253	0.00084	0.00415	0.00211	0.00165	0.00497
4	0.00888	0.00800	0.04122	0.00846	0.11200	0.02470	0.00612	0.04617	0.00863	0.04611	0.00786	0.00897	0.02235	0.00338	0.00343	0.00077	0.03034	0.00270	0.00237	0.60755
5	0.00769	0.01983	0.84538	0.01093	0.01659	0.00890	0.01417	0.01214	0.00810	0.01214	0.00688	0.00810	0.00486	0.00364	0.00364	0.00121	0.00567	0.00283	0.00162	0.00567
6	0.00503	0.00343	0.00457	0.00538	0.00568	0.00319	0.00362	0.00572	0.00744	0.03340	0.02096	0.83870	0.02491	0.01181	0.00486	0.00155	0.00225	0.01070	0.00359	0.00321
7	0.00875	0.00683	0.00757	0.00680	0.00865	0.00748	0.00527	0.02810	0.51658	0.06520	0.24087	0.01894	0.05036	0.00606	0.00409	0.00127	0.00269	0.00515	0.00402	0.00532
8	0.00836	0.00806	0.01342	0.45600	0.35919	0.02082	0.03343	0.01089	0.01992	0.01106	0.00709	0.00991	0.00561	0.00371	0.00396	0.00122	0.01703	0.00344	0.00182	0.00505
9	0.01252	0.06414	0.11101	0.00940	0.01203	0.22747	0.01950	0.28871	0.01196	0.05956	0.00749	0.00839	0.00573	0.00456	0.00503	0.00118	0.14020	0.00306	0.00264	0.00540
10	0.00513	0.00391	0.00471	0.00451	0.00555	0.00349	0.00338	0.00666	0.01015	0.01371	0.57387	0.03138	0.30265	0.00846	0.00453	0.00124	0.00185	0.00732	0.00400	0.00349
11	0.00795	0.00681	0.00795	0.00568	0.00909	0.00511	0.00454	0.00965	0.00795	0.01249	0.00681	0.00795	0.00568	0.00284	0.00284	0.00057	0.00284	0.00227	0.00227	0.88869
12	0.00902	0.01021	0.02210	0.03715	0.04923	0.00965	0.77842	0.01220	0.00900	0.01223	0.00771	0.01031	0.00581	0.00325	0.00448	0.00129	0.00636	0.00446	0.00193	0.00518
13	0.00580	0.00401	0.00521	0.00485	0.00585	0.00367	0.00366	0.00757	0.01077	0.04445	0.77565	0.02845	0.06989	0.00781	0.00450	0.00121	0.00187	0.00688	0.00421	0.00370
14	0.01458	0.01074	0.01151	0.00882	0.01189	0.01189	0.00729	0.82855	0.01803	0.02416	0.00921	0.00921	0.00652	0.00460	0.00384	0.00115	0.00422	0.00345	0.00384	0.00652
15	0.01458	0.01074	0.01151	0.00882	0.01189	0.01189	0.00729	0.82855	0.01803	0.02416	0.00921	0.00921	0.00652	0.00460	0.00384	0.00115	0.00422	0.00345	0.00384	0.00652
16	0.01716	0.00659	0.00894	0.00685	0.00982	0.00574	0.00566	0.03192	0.01109	0.83059	0.01503	0.01299	0.00944	0.00474	0.00386	0.00119	0.00328	0.00385	0.00473	0.00653
17	0.00470	0.00336	0.00448	0.00537	0.00561	0.00314	0.00361	0.00539	0.00737	0.00982	0.02112	0.84654	0.02529	0.01198	0.00490	0.00156	0.00225	0.02682	0.00356	0.00312
18	0.00558	0.00372	0.00418	0.00418	0.00418	0.00372	0.00232	0.00558	0.00558	0.00743	0.01208	0.02509	0.01394	0.86525	0.01952	0.00372	0.00372	0.00558	0.00232	0.00232
19	0.00558	0.00372	0.00418	0.00418	0.00418	0.00372	0.00232	0.00558	0.00558	0.00743	0.01208	0.02509	0.01394	0.86525	0.01952	0.00372	0.00372	0.00558	0.00232	0.00232
20	0.00912	0.01015	0.02151	0.01732	0.14943	0.00960	0.69891	0.01220	0.00900	0.01232	0.00767	0.01021	0.00586	0.00326	0.00441	0.00127	0.00616	0.00435	0.00193	0.00531
21	0.00551	0.00400	0.00560	0.00560	0.00609	0.00449	0.00409	0.00648	0.00600	0.00848	0.01079	0.01792	0.01083	0.26691	0.61360	0.00547	0.00840	0.00453	0.00213	0.00311
22	0.01432	0.01827	0.01087	0.00988	0.01185	0.84986	0.00741	0.01531	0.01087	0.00938	0.00593	0.00691	0.00494	0.00395	0.00346	0.00099	0.00691	0.00247	0.00198	0.00444
23	0.00899	0.05085	0.43344	0.01261	0.04065	0.00973	0.27920	0.09485	0.00942	0.01329	0.00735	0.00890	0.00538	0.00358	0.00391	0.00121	0.00568	0.00343	0.00196	0.00557
24	0.01685	0.00709	0.00925	0.00709	0.01007	0.00647	0.00586	0.12648	0.01191	0.73487	0.01434	0.01254	0.00910	0.00473	0.00385	0.00118	0.00339	0.00380	0.00462	0.00652
25	0.00454	0.00384	0.00393	0.00401	0.00521	0.00323	0.00297	0.00549	0.00862	0.01031	0.03735	0.10633	0.77131	0.00990	0.00456	0.00132	0.00197	0.00833	0.00356	0.00323
26	0.00970	0.00909	0.01506	0.06954	0.73979	0.00926	0.01140	0.06635	0.00929	0.01315	0.00732	0.00951	0.00605	0.00352	0.00380	0.00115	0.00456	0.00342	0.00202	0.00600
27	0.00795	0.00681	0.00795	0.00568	0.00909	0.00511	0.00454	0.00965	0.00795	0.01249	0.00681	0.00795	0.00568	0.00284	0.00284	0.00057	0.00284	0.00227	0.00227	0.88869
28	0.00795	0.00681	0.00795	0.00568	0.00909	0.00511	0.00454	0.00965	0.00795	0.01249	0.00681	0.00795	0.00568	0.00284	0.00284	0.00057	0.00284	0.00227	0.00227	0.88869
29	0.00548	0.00411	0.00616	0.00616	0.00685	0.00479	0.00479	0.00685	0.00616	0.00890	0.01027	0.01506	0.00959	0.02876	0.85006	0.00616	0.01027	0.00411	0.00205	0.00342
30	0.00905	0.01034	0.02262	0.01616	0.02004	0.00970	0.82741	0.01228	0.00905	0.01228	0.00776	0.01034	0.00582	0.00323	0.00452	0.00129	0.00646	0.00452	0.00194	0.00517
31	0.00532	0.00392	0.00498	0.00471	0.00566	0.00357	0.00354	0.00703	0.01061	0.01479	0.74659	0.02960	0.12926	0.00806	0.00452	0.00122	0.00182	0.00707	0.00414	0.00357
32	0.00466	0.00338	0.00441	0.00523	0.00553	0.00312	0.00351	0.00535	0.00744	0.00983	0.02245	0.80145	0.08581	0.01184	0.00487	0.00154	0.00220	0.01069	0.00356	0.00312
33	0.00465	0.00387	0.00406	0.00406	0.00526	0.00328	0.00303	0.00572	0.00897	0.01099	0.14209	0.06362	0.70812	0.00955	0.00454	0.00129	0.00193	0.00804	0.00365	0.00328
34	0.01025	0.86756	0.02009	0.00656	0.00984	0.01517	0.00656	0.01148	0.00779	0.00902	0.00533	0.00615	0.00492	0.00328	0.00246	0.00082	0.00410	0.00205	0.00164	0.00492
35	0.00954	0.00824	0.00867	0.00780	0.00997	0.00954	0.00607	0.02037	0.83441	0.01604	0.01561	0.01431	0.01170	0.00520	0.00390	0.00130	0.00303	0.00433	0.00390	0.00607
36	0.01432	0.01827	0.01087	0.00988	0.01185	0.84986	0.00741	0.01531	0.01087	0.00938	0.00593	0.00691	0.00494	0.00395	0.00346	0.00099	0.00691	0.00247	0.00198	0.00444
37	0.00558	0.00372	0.00418	0.00418	0.00418	0.00372	0.00232	0.00558	0.00558	0.00743	0.01208	0.02509	0.01394	0.86525	0.01952	0.00372	0.00372	0.00558	0.00232	0.00232
38	0.00475	0.00385	0.00396	0.00396	0.00499	0.00334	0.00281	0.00554	0.00815	0.00986	0.04556	0.03445	0.66480	0.17848	0.00749	0.00177	0.00229	0.00758	0.00333	0.00306
39	0.01432	0.01827	0.01087	0.00988	0.01185	0.84986	0.00741	0.01531	0.01087	0.00938	0.00593	0.00691	0.00494	0.00395	0.00346	0.00099	0.00691	0.00247	0.00198	0.00444
40	0.00558	0.00372	0.00418	0.00418	0.00418	0.00372	0.00232	0.00558	0.00558	0.00743	0.01208	0.02509	0.01394	0.86525	0.01952	0.00372	0.00372	0.00558	0.00232	0.00232
41	0.01458	0.01074	0.01151	0.00882	0.01189	0.01189	0.00729	0.82855	0.01803	0.02416	0.00921	0.00921	0.00652	0.00460	0.00384	0.00115	0.00422	0.00345	0.00384	0.00652
42	0.00453	0.00388	0.00388	0.00388	0.00518	0.00324	0.00291	0.00550	0.00874	0.01036	0.03884	0.03690	0.83978	0.00971	0.00453	0.00129	0.00194	0.00809	0.00356	0.00324
43	0.00899	0.01023	0.02227	0.04271	0.02024	0.00966	0.80159	0.01220	0.00901	0.01220	0.00773	0.01034	0.00580	0.00325	0.00450	0.00129	0.00642	0.00449	0.00193	0.00514
44	0.00949	0.00911	0.01556	0.02353	0.84133	0.00911	0.01177	0.01177	0.00873	0.01253	0.00721	0.00949	0.00607	0.00342	0.00380	0.00114	0.00456	0.00342	0.00190	0.00607
45	0.00949	0.00911	0.01556	0.02353	0.84133	0.00911	0.01177	0.01177	0.00873	0.01253	0.00721	0.00949	0.00607	0.00342	0.00380	0.00114	0.00456	0.00342	0.00190	0.00607
46	0.00460	0.00384	0.00401	0.00407	0.00525	0.00325	0.00301	0.00559	0.00874	0.01061	0.08614	0.10935	0.71879	0.00980	0.00456	0.00131	0.00196	0.00827	0.00360	0.00325
47	0.01025	0.86756	0.02009	0.00656	0.00984	0.01517	0.00656	0.01148	0.00779	0.00902	0.00533	0.00615	0.00492	0.00328	0.00246	0.00082	0.00410	0.00205	0.00164	0.00492
48	0.00457	0.00372	0.00405	0.00432	0.00529	0.00320	0.00310	0.00545	0.00833	0.01019	0.03360	0.28150	0.59856	0.01039	0.00464	0.00137	0.00203	0.00892	0.00356	0.00320
49	0.00550	0.00415	0.00521	0.00494	0.00588	0.00397	0.00372	0.00735	0.03376	0.01403	0.61578	0.02886	0.15743	0.03558	0.02197	0.00142	0.02326	0.01967	0.00393	0.00360
50	0.00784	0.00748	0.01285	0.62960	0.21877	0.00870	0.03979	0.01035	0.00797	0.01053	0.00694	0.01005	0.00536	0.00371	0.00385	0.00125	0.00503	0.00345	0.00176	0.00472
51	0.83980	0.00736	0.00583	0.00515	0.00756	0.00842	0.00424	0.01172	0.00679	0.06684	0.00593	0.00664	0.00447	0.00363	0.00246	0.00119	0.00298	0.00218	0.00252	0.00429
52	0.00585	0.00418	0.00581	0.00669	0.00743	0.00413	0.00562	0.00738	0.00851	0.01111	0.02048	0.21922	0.02277	0.01090	0.00521	0.00172	0.00325	0.64275	0.00354	0.00344
53	0.00616	0.00440	0.00615	0.00704	0.00791	0.00439	0.00614	0.00791	0.00880	0.01145	0.02031	0.05541	0.02212	0.01061	0.00529	0.00176	0.00351	0.80359	0.00353	0.00352
54	0.01025	0.86756	0.02009	0.00656	0.00984	0.01517	0.00656	0.01148	0.00779	0.00902	0.00533	0.00615	0.00492	0.00328	0.00246	0.00082	0.00410	0.00205	0.00164	0.00492
55	0.00916	0.00477	0.00520	0.00471	0.00613	0.00482	0.00366	0.03406	0.10674	0.14079	0.01318	0.01397	0.00991	0.00460	0.00303	0.00099	0.00223	0.00370	0.62395	0.00440
56	0.00467	0.00334	0.00445	0.00534	0.00556	0.00311	0.00356	0.00534	0.00734	0.00979	0.02113	0.86275	0.02536	0.01201	0.00489	0.00156	0.00222	0.01090	0.00356	0.00311
57	0.00528	0.00385	0.00545	0.00593	0.00645	0.00406	0.00447	0.00641	0.00701	0.00960	0.01604	0.34223	0.01768	0.04455	0.37065	0.00364	0.00595	0.13457	0.00287	0.00329
58	0.01720	0.00653	0.00890	0.00682	0.00979	0.00564	0.00564	0.01869	0.01097	0.84399	0.01513	0.01305	0.00949	0.00475	0.00386	0.00119	0.00326	0.00386	0.00475	0.00653
59	0.00943	0.00905	0.01545	0.04710	0.81827	0.00909	0.01174	0.01171	0.00870	0.01245	0.00720	0.00951	0.00605	0.00343	0.00380	0.00114	0.00457	0.00342	0.00189	0.00602
60	0.00755	0.00369	0.00379	0.00371	0.00468	0.00366	0.00280	0.00933	0.00816	0.04785	0.01261	0.01424	0.00981	0.00448	0.00273	0.00091	0.00185	0.00359	0.85088	0.00369
61	0.00672	0.00693	0.00552	0.00527	0.00666	0.18197	0.00396	0.00780	0.00947	0.01082	0.13878	0.02947	0.55628	0.00824	0.00430	0.00122	0.00297	0.00675	0.00331	0.00354
62	0.00787	0.00674	0.00785	0.00563	0.00899	0.00507	0.00450	0.00955	0.00797	0.01244	0.00760	0.00866	0.02622	0.00301	0.00288	0.00059	0.00282	0.00241	0.00230	0.86688
63	0.00498	0.00391	0.00456	0.00496	0.00585	0.00357	0.00369	0.00629	0.03744	0.01050	0.02920	0.33507	0.40924	0.01050	0.00474	0.00145	0.00229	0.11487	0.00357	0.00333
64	0.00487	0.00390	0.00435	0.00424	0.00538	0.00338	0.00318	0.00615	0.00953	0.01224	0.33833	0.03381	0.53912	0.00901	0.00453	0.00126	0.00189	0.00766	0.00381	0.00338
65	0.00954	0.00824	0.00867	0.00780	0.00997	0.00954	0.00607	0.02037	0.83441	0.01604	0.01561	0.01431	0.01170	0.00520	0.00390	0.00130	0.00303	0.00433	0.00390	0.00607
66	0.01025	0.86756	0.02009	0.00656	0.00984	0.01517	0.00656	0.01148	0.00779	0.00902	0.00533	0.00615	0.00492	0.00328	0.00246	0.00082	0.00410	0.00205	0.00164	0.00492
67	0.00715	0.00357	0.00357	0.00357	0.00447	0.00357	0.00268	0.00893	0.00804	0.01429	0.01251	0.01429	0.00983	0.00447	0.00268	0.00089	0.00179	0.00357	0.88654	0.00357
68	0.00543	0.00392	0.00513	0.00482	0.00573	0.00362	0.00362	0.00724	0.01085	0.01538	0.83931	0.02864	0.03618	0.00784	0.00452	0.00121	0.00181	0.00693	0.00422	0.00362
69	0.00572	0.00415	0.00561	0.00637	0.00717	0.00404	0.00531	0.00722	0.00863	0.01121	0.05163	0.18662	0.10313	0.01066	0.00512	0.00166	0.00308	0.56567	0.00356	0.00343
70	0.03596	0.00654	0.00883	0.00678	0.00974	0.00570	0.00560	0.01853	0.01088	0.82626	0.01492	0.01290	0.00938	0.00472	0.00382	0.00119	0.00326	0.00382	0.00469	0.00647
71	0.00769	0.01983	0.84538	0.01093	0.01659	0.00890	0.01417	0.01214	0.00810	0.01214	0.00688	0.00810	0.00486	0.00364	0.00364	0.00121	0.00567	0.00283	0.00162	0.00567
72	0.00467	0.00334	0.00445	0.00534	0.00556	0.00311	0.00356	0.00534	0.00734	0.00979	0.02113	0.86275	0.02536	0.01201	0.00489	0.00156	0.00222	0.01090	0.00356	0.00311
73	0.00769	0.01983	0.84538	0.01093	0.01659	0.00890	0.01417	0.01214	0.00810	0.01214	0.00688	0.00810	0.00486	0.00364	0.00364	0.00121	0.00567	0.00283	0.00162	0.00567
74	0.00949	0.00911	0.01556	0.02353	0.84133	0.00911	0.01177	0.01177	0.00873	0.01253	0.00721	0.00949	0.00607	0.00342	0.00380	0.00114	0.00456	0.00342	0.00190	0.00607
75	0.00467	0.00334	0.00445	0.00534	0.00556	0.00311	0.00356	0.00534	0.00734	0.00979	0.02113	0.86275	0.02536	0.01201	0.00489	0.00156	0.00222	0.01090	0.00356	0.00311
76	0.89233	0.00741	0.00564	0.00504	0.00741	0.00860	0.00415	0.01127	0.00653	0.01720	0.00534	0.00623	0.00415	0.00356	0.00237	0.00119	0.00297	0.00208	0.00237	0.00415
77	0.00915	0.00767	0.00898	0.00670	0.00968	0.00700	0.00543	0.15195	0.00948	0.01417	0.00704	0.00822	0.00576	0.00356	0.00406	0.00079	0.09507	0.00259	0.00248	0.64024
78	0.00912	0.00873	0.01489	0.16057	0.70719	0.00901	0.01158	0.01144	0.00856	0.01208	0.00715	0.00961	0.00591	0.00348	0.00380	0.00116	0.00465	0.00341	0.00187	0.00577
79	0.00549	0.00407	0.00598	0.00598	0.00661	0.00470	0.00457	0.00673	0.00611	0.00877	0.01043	0.01596	0.00998	0.10361	0.77574	0.00594	0.00968	0.00424	0.00208	0.00332
80	0.00729	0.00686	0.01159	0.83819	0.04388	0.00853	0.01067	0.00984	0.00769	0.00985	0.00682	0.01021	0.00513	0.00382	0.00383	0.00127	0.00510	0.00341	0.00171	0.00430
81	0.00453	0.00388	0.00388	0.00388	0.00518	0.00324	0.00291	0.00550	0.00874	0.01036	0.03884	0.03690	0.83978	0.00971	0.00453	0.00129	0.00194	0.00809	0.00356	0.00324
82	0.01720	0.00653	0.00890	0.00682	0.00979	0.00564	0.00564	0.01869	0.01097	0.84399	0.01513	0.01305	0.00949	0.00475	0.00386	0.00119	0.00326	0.00386	0.00475	0.00653
83	0.00467	0.00334	0.00445	0.00534	0.00556	0.00311	0.00356	0.00534	0.00734	0.00979	0.02113	0.86275	0.02536	0.01201	0.00489	0.00156	0.00222	0.01090	0.00356	0.00311
84	0.00893	0.00847	0.01400	0.23040	0.57187	0.00900	0.01104	0.01196	0.07376	0.01212	0.00778	0.01005	0.00628	0.00366	0.00381	0.00119	0.00457	0.00349	0.00201	0.00562
85	0.00470	0.00340	0.00446	0.00529	0.00560	0.00316	0.00359	0.00542	0.00748	0.00987	0.02229	0.78425	0.07980	0.01182	0.00488	0.00155	0.00224	0.03349	0.00356	0.00313
86	0.01708	0.00655	0.00889	0.00684	0.00979	0.00570	0.00564	0.01871	0.02403	0.83086	0.01513	0.01307	0.00953	0.00475	0.00386	0.00119	0.00326	0.00386	0.00473	0.00652
87	0.00853	0.00813	0.01383	0.37866	0.49370	0.00886	0.01129	0.01093	0.00828	0.01136	0.00704	0.00980	0.00566	0.00359	0.00381	0.00120	0.00479	0.00341	0.00182	0.00530
88	0.01025	0.86756	0.02009	0.00656	0.00984	0.01517	0.00656	0.01148	0.00779	0.00902	0.00533	0.00615	0.00492	0.00328	0.00246	0.00082	0.00410	0.00205	0.00164	0.00492
89	0.00814	0.00736	0.03458	0.00600	0.00942	0.00553	0.00499	0.03326	0.00821	0.01277	0.00686	0.00800	0.00567	0.00298	0.00305	0.00062	0.01645	0.00234	0.00229	0.82149
90	0.00730	0.00693	0.01185	0.82949	0.02621	0.00856	0.03646	0.00987	0.00771	0.00987	0.00684	0.01023	0.00513	0.00381	0.00386	0.00128	0.00515	0.00344	0.00171	0.00429
91	0.00463	0.00385	0.00400	0.00403	0.00520	0.00327	0.00297	0.00559	0.00867	0.01051	0.08247	0.08048	0.72103	0.03997	0.00508	0.00139	0.00201	0.00809	0.00355	0.00322
92	0.00950	0.01000	0.05817	0.01871	0.40738	0.00923	0.33832	0.01260	0.04400	0.04195	0.00805	0.01009	0.00627	0.00348	0.00409	0.00121	0.00526	0.00389	0.00209	0.00571
93	0.00739	0.00698	0.01173	0.78727	0.06982	0.00864	0.01064	0.00989	0.00767	0.00993	0.00679	0.01013	0.00516	0.00389	0.00408	0.00128	0.02923	0.00341	0.00171	0.00436
94	0.00470	0.00337	0.00447	0.00529	0.00556	0.00314	0.00355	0.00542	0.00752	0.01004	0.05695	0.81020	0.04199	0.01179	0.00487	0.00154	0.00220	0.01067	0.00359	0.00314
95	0.01203	0.01004	0.01192	0.01260	0.23531	0.04591	0.00822	0.38677	0.20417	0.01852	0.01001	0.01037	0.00753	0.00439	0.00382	0.00118	0.00415	0.00361	0.00325	0.00621
96	0.00715	0.00357	0.00357	0.00357	0.00447	0.00357	0.00268	0.00893	0.00804	0.01429	0.01251	0.01429	0.00983	0.00447	0.00268	0.00089	0.00179	0.00357	0.88654	0.00357
97	0.01360	0.01026	0.01096	0.00862	0.01152	0.01144	0.00705	0.67232	0.17584	0.02259	0.01044	0.01019	0.00752	0.00472	0.00385	0.00118	0.00399	0.00362	0.00385	0.00643
98	0.00839	0.00839	0.01174	0.01007	0.01007	0.01174	0.00839	0.00923	0.00587	0.00923	0.00503	0.00839	0.00503	0.00671	0.01258	0.00168	0.85823	0.00336	0.00168	0.00419
99	0.08743	0.00863	0.01377	0.06864	0.64366	0.00883	0.01043	0.03731	0.00879	0.02493	0.01785	0.02644	0.00666	0.00373	0.00369	0.00115	0.00431	0.00348	0.00210	0.01817
100	0.89233	0.00741	0.00564	0.00504	0.00741	0.00860	0.00415	0.01127	0.00653	0.01720	0.00534	0.00623	0.00415	0.00356	0.00237	0.00119	0.00297	0.00208	0.00237	0.00415
101	0.00943	0.00814	0.00857	0.00772	0.00987	0.00940	0.00600	0.02006	0.81671	0.01592	0.01610	0.01479	0.02946	0.00530	0.00391	0.00130	0.00301	0.00442	0.00389	0.00601
102	0.00548	0.00411	0.00616	0.00616	0.00685	0.00479	0.00479	0.00685	0.00616	0.00890	0.01027	0.01506	0.00959	0.02876	0.85006	0.00616	0.01027	0.00411	0.00205	0.00342
103	0.01720	0.00653	0.00890	0.00682	0.00979	0.00564	0.00564	0.01869	0.01097	0.84399	0.01513	0.01305	0.00949	0.00475	0.00386	0.00119	0.00326	0.00386	0.00475	0.00653
104	0.01025	0.86756	0.02009	0.00656	0.00984	0.01517	0.00656	0.01148	0.00779	0.00902	0.00533	0.00615	0.00492	0.00328	0.00246	0.00082	0.00410	0.00205	0.00164	0.00492
105	0.01025	0.86756	0.02009	0.00656	0.00984	0.01517	0.00656	0.01148	0.00779	0.00902	0.00533	0.00615	0.00492	0.00328	0.00246	0.00082	0.00410	0.00205	0.00164	0.00492
106	0.00715	0.00357	0.00357	0.00357	0.00447	0.00357	0.00268	0.00893	0.00804	0.01429	0.01251	0.01429	0.00983	0.00447	0.00268	0.00089	0.00179	0.00357	0.88654	0.00357
107	0.00463	0.00349	0.00429	0.00493	0.00545	0.00315	0.00338	0.00539	0.00774	0.00995	0.02614	0.62918	0.25569	0.01136	0.00479	0.00148	0.00214	0.01011	0.00356	0.00315
108	0.00543	0.00392	0.00513	0.00482	0.00573	0.00362	0.00362	0.00724	0.01085	0.01538	0.83931	0.02864	0.03618	0.00784	0.00452	0.00121	0.00181	0.00693	0.00422	0.00362
109	0.01284	0.01448	0.01159	0.00999	0.01174	0.50425	0.04336	0.10035	0.01040	0.03742	0.00644	0.00784	0.00531	0.00465	0.00566	0.00118	0.20269	0.00291	0.00219	0.00471
110	0.00724	0.00681	0.01150	0.85604	0.02641	0.00852	0.01065	0.00980	0.00767	0.00980	0.00681	0.01022	0.00511	0.00383	0.00383	0.00128	0.00511	0.00341	0.00170	0.00426
111	0.00543	0.00392	0.00513	0.00482	0.00573	0.00362	0.00362	0.00724	0.01085	0.01538	0.83931	0.02864	0.03618	0.00784	0.00452	0.00121	0.00181	0.00693	0.00422	0.00362
112	0.00524	0.00394	0.00497	0.00559	0.00631	0.00374	0.00425	0.00666	0.03732	0.01062	0.02471	0.41045	0.20840	0.01084	0.00489	0.00155	0.00256	0.24101	0.00356	0.00337
113	0.00907	0.02350	0.02259	0.01601	0.01988	0.00978	0.81481	0.01227	0.00903	0.01223	0.00772	0.01028	0.00580	0.00323	0.00449	0.00129	0.00643	0.00449	0.00193	0.00517
114	0.00862	0.00877	0.01171	0.01006	0.01014	0.04433	0.00835	0.00946	0.00607	0.00923	0.00507	0.00833	0.00503	0.00660	0.01223	0.00165	0.82514	0.00332	0.00169	0.00420
115	0.00941	0.00903	0.01542	0.05297	0.81252	0.00909	0.01173	0.01170	0.00869	0.01243	0.00720	0.00952	0.00604	0.00343	0.00380	0.00114	0.00457	0.00342	0.00189	0.00601
116	0.00715	0.00357	0.00357	0.00357	0.00447	0.00357	0.00268	0.00893	0.00804	0.01429	0.01251	0.01429	0.00983	0.00447	0.00268	0.00089	0.00179	0.00357	0.88654	0.00357
117	0.00550	0.00404	0.00580	0.00580	0.00636	0.00460	0.00434	0.00661	0.00605	0.00863	0.01060	0.01691	0.01039	0.18247	0.69744	0.00571	0.00907	0.00438	0.00210	0.00322
118	0.00453	0.00388	0.00388	0.00388	0.00518	0.00324	0.00291	0.00550	0.00874	0.01036	0.03884	0.03690	0.83978	0.00971	0.00453	0.00129	0.00194	0.00809	0.00356	0.00324
119	0.00543	0.00392	0.00513	0.00482	0.00573	0.00362	0.00362	0.00724	0.01085	0.01538	0.83931	0.02864	0.03618	0.00784	0.00452	0.00121	0.00181	0.00693	0.00422	0.00362
120	0.01720	0.00653	0.00890	0.00682	0.00979	0.00564	0.00564	0.01869	0.01097	0.84399	0.01513	0.01305	0.00949	0.00475	0.00386	0.00119	0.00326	0.00386	0.00475	0.00653
121	0.00964	0.00829	0.00873	0.00782	0.01001	0.00958	0.00609	0.03642	0.81820	0.01620	0.01548	0.01420	0.01160	0.00519	0.00390	0.00130	0.00306	0.00432	0.00390	0.00608
122	0.01432	0.01827	0.01087	0.00988	0.01185	0.84986	0.00741	0.01531	0.01087	0.00938	0.00593	0.00691	0.00494	0.00395	0.00346	0.00099	0.00691	0.00247	0.00198	0.00444
123	0.01025	0.86756	0.02009	0.00656	0.00984	0.01517	0.00656	0.01148	0.00779	0.00902	0.00533	0.00615	0.00492	0.00328	0.00246	0.00082	0.00410	0.00205	0.00164	0.00492
124	0.01661	0.00660	0.00931	0.00712	0.01006	0.00573	0.03572	0.01817	0.01090	0.79308	0.03516	0.01334	0.01001	0.00477	0.00390	0.00119	0.00334	0.00396	0.00463	0.00640
125	0.29101	0.52745	0.01462	0.00608	0.00906	0.01234	0.00571	0.01186	0.00760	0.06567	0.00599	0.00664	0.00498	0.00346	0.00253	0.00096	0.00367	0.00218	0.00208	0.01613
126	0.00467	0.00334	0.00445	0.00534	0.00556	0.00311	0.00356	0.00534	0.00734	0.00979	0.02113	0.86275	0.02536	0.01201	0.00489	0.00156	0.00222	0.01090	0.00356	0.00311
127	0.00949	0.00911	0.01556	0.02353	0.84133	0.00911	0.01177	0.01177	0.00873	0.01253	0.00721	0.00949	0.00607	0.00342	0.00380	0.00114	0.00456	0.00342	0.00190	0.00607
128	0.00779	0.00791	0.01506	0.53234	0.02337	0.00872	0.29123	0.01055	0.00827	0.01088	0.04124	0.01102	0.00663	0.00379	0.00410	0.00128	0.00544	0.00394	0.00189	0.00455
129	0.00724	0.00681	0.01150	0.85604	0.02641	0.00852	0.01065	0.00980	0.00767	0.00980	0.00681	0.01022	0.00511	0.00383	0.00383	0.00128	0.00511	0.00341	0.00170	0.00426
130	0.00480	0.00386	0.00428	0.00426	0.00536	0.00334	0.00316	0.00598	0.00924	0.01175	0.26562	0.09355	0.55265	0.00934	0.00455	0.00129	0.00192	0.00796	0.00375	0.00334
131	0.00724	0.00681	0.01150	0.85604	0.02641	0.00852	0.01065	0.00980	0.00767	0.00980	0.00681	0.01022	0.00511	0.00383	0.00383	0.00128	0.00511	0.00341	0.00170	0.00426
132	0.00949	0.00911	0.01556	0.02353	0.84133	0.00911	0.01177	0.01177	0.00873	0.01253	0.00721	0.00949	0.00607	0.00342	0.00380	0.00114	0.00456	0.00342	0.00190	0.00607
133	0.00507	0.00391	0.00463	0.00445	0.00551	0.00347	0.00334	0.00655	0.01001	0.01338	0.52170	0.03192	0.35503	0.00858	0.00453	0.00124	0.00186	0.00739	0.00396	0.00347
134	0.00795	0.00681	0.00795	0.00568	0.00909	0.00511	0.00454	0.00965	0.00795	0.01249	0.00681	0.00795	0.00568	0.00284	0.00284	0.00057	0.00284	0.00227	0.00227	0.88869
135	0.89233	0.00741	0.00564	0.00504	0.00741	0.00860	0.00415	0.01127	0.00653	0.01720	0.00534	0.00623	0.00415	0.00356	0.00237	0.00119	0.00297	0.00208	0.00237	0.00415
136	0.00481	0.00390	0.00428	0.00418	0.00535	0.00336	0.00314	0.00605	0.00941	0.01194	0.29160	0.03429	0.58603	0.00912	0.00453	0.00127	0.00190	0.00773	0.00377	0.00336
137	0.00795	0.00681	0.00795	0.00568	0.00909	0.00511	0.00454	0.00965	0.00795	0.01249	0.00681	0.00795	0.00568	0.00284	0.00284	0.00057	0.00284	0.00227	0.00227	0.88869
138	0.00463	0.00355	0.00426	0.00480	0.00543	0.00317	0.00333	0.00543	0.00792	0.01010	0.04320	0.54642	0.32181	0.01110	0.00475	0.00145	0.00211	0.00980	0.00357	0.00317
139	0.00594	0.00426	0.00590	0.00676	0.00757	0.00422	0.00576	0.00755	0.00864	0.01123	0.02091	0.14564	0.04497	0.01075	0.00522	0.00173	0.00332	0.69261	0.00354	0.00347
140	0.04827	0.01057	0.01123	0.00866	0.01169	0.01172	0.00715	0.78339	0.03143	0.02376	0.00917	0.00918	0.00652	0.00457	0.00378	0.00115	0.00415	0.00341	0.00378	0.00642
141	0.00576	0.00399	0.00523	0.00488	0.00584	0.00368	0.00368	0.00756	0.01086	0.03895	0.81586	0.02820	0.03542	0.00775	0.00450	0.00121	0.00185	0.00685	0.00424	0.00370
142	0.87736	0.00740	0.00569	0.00507	0.00746	0.00855	0.00418	0.01140	0.00660	0.03135	0.00551	0.00635	0.00424	0.00358	0.00240	0.00119	0.00297	0.00211	0.00241	0.00419
143	0.64743	0.00796	0.00691	0.00585	0.00838	0.02936	0.00481	0.11011	0.00861	0.12958	0.00714	0.00752	0.00518	0.00385	0.00277	0.00118	0.00325	0.00249	0.00286	0.00476
144	0.00851	0.00846	0.01224	0.02618	0.11923	0.01134	0.00887	0.00957	0.00628	0.00967	0.00535	0.00856	0.00517	0.00623	0.01128	0.00160	0.73194	0.00336	0.00171	0.00444
145	0.06468	0.00901	0.01074	0.00983	0.11692	0.00947	0.00712	0.42424	0.04301	0.22764	0.01063	0.02034	0.00752	0.00453	0.00375	0.00117	0.00385	0.00359	0.01572	0.00623
146	0.00561	0.00427	0.00647	0.00673	0.03396	0.00493	0.00502	0.00701	0.00625	0.00902	0.01017	0.01488	0.00947	0.02793	0.82256	0.00600	0.01008	0.00409	0.00205	0.00351
147	0.00597	0.00522	0.06747	0.00538	0.00670	0.00414	0.00449	0.00807	0.02161	0.03890	0.72730	0.04240	0.03256	0.00748	0.00444	0.00121	0.00216	0.00658	0.00403	0.00388
148	0.00477	0.00399	0.00433	0.03172	0.00596	0.00347	0.00328	0.00592	0.00905	0.01116	0.16809	0.03469	0.68186	0.00921	0.00451	0.00128	0.00202	0.00775	0.00361	0.00333
149	0.00775	0.01948	0.81842	0.01134	0.04339	0.00891	0.01409	0.01213	0.00812	0.01216	0.00689	0.00814	0.00490	0.00364	0.00365	0.00121	0.00563	0.00285	0.00163	0.00568
150	0.00827	0.00786	0.01335	0.47631	0.39812	0.00879	0.01116	0.01070	0.00815	0.01104	0.00700	0.00989	0.00555	0.00364	0.00382	0.00121	0.00486	0.00341	0.00179	0.00509
151	0.00470	0.00336	0.00447	0.00532	0.00557	0.00313	0.00356	0.00540	0.00745	0.00997	0.04771	0.83565	0.02571	0.01188	0.00488	0.00155	0.00221	0.01077	0.00358	0.00313
152	0.00803	0.03478	0.00835	0.00571	0.00911	0.00544	0.00461	0.00971	0.00795	0.01238	0.00677	0.00789	0.00565	0.00285	0.00283	0.00058	0.00288	0.00226	0.00225	0.85998
153	0.02140	0.78342	0.03968	0.00691	0.01017	0.01444	0.02989	0.01137	0.00776	0.00929	0.00560	0.00661	0.00509	0.00412	0.03008	0.00102	0.00439	0.00221	0.00167	0.00489
154	0.00673	0.00471	0.03282	0.00523	0.00650	0.00400	0.00417	0.00859	0.01078	0.10161	0.72639	0.02635	0.03238	0.00738	0.00442	0.00120	0.00209	0.00648	0.00419	0.00399
155	0.00554	0.00373	0.00420	0.00419	0.00426	0.00370	0.00238	0.00563	0.00585	0.00778	0.03980	0.02558	0.04076	0.81035	0.01855	0.00356	0.00360	0.00570	0.00242	0.00239

[dist]
# distance from previous block
# <min> <max>
0	62

# created by:
# /st0/software/busco_prod/Augustus/scripts/msa2prfl.pl ./align_prep/30376.fa
