[name]
unknown

[dist]
# distance from previous block
# <min> <max>
0	21

[block]
# block no. 0 follows, 52 sequences, length 20
# corresponding to MSA columns:
# 39-58
name=unknown_A
#
# <colnr> <probs for GDERKNQSTAVLIFYWHMCP>
#	G	D	E	R	K	N	Q	S	T	A	V	L	I	F	Y	W	H	M	C	P
0	0.01050	0.01022	0.04457	0.16302	0.31655	0.02205	0.05200	0.03988	0.02836	0.01538	0.02888	0.07647	0.01261	0.00653	0.00513	0.00159	0.00548	0.10207	0.00299	0.05573
1	0.00772	0.00543	0.00773	0.00755	0.00838	0.00615	0.00571	0.02614	0.00810	0.03172	0.01309	0.02020	0.01250	0.14303	0.61028	0.04957	0.02438	0.00536	0.00275	0.00423
2	0.00759	0.00549	0.00726	0.00721	0.00791	0.00569	0.01765	0.04728	0.00964	0.02535	0.09545	0.31896	0.02356	0.21196	0.15393	0.00358	0.03443	0.00906	0.00379	0.00421
3	0.01290	0.00715	0.00876	0.00746	0.00974	0.00689	0.00582	0.06789	0.10058	0.26453	0.28053	0.02612	0.07741	0.06575	0.00656	0.00174	0.00342	0.00671	0.03387	0.00617
4	0.00972	0.02507	0.80458	0.01381	0.02097	0.01125	0.01790	0.01535	0.01023	0.01535	0.00870	0.01023	0.00614	0.00460	0.00460	0.00153	0.00716	0.00358	0.00205	0.00716
5	0.00805	0.00758	0.06184	0.00888	0.00994	0.00795	0.00737	0.02624	0.00819	0.01185	0.01228	0.06695	0.01207	0.08667	0.45409	0.03502	0.16228	0.00552	0.00264	0.00458
6	0.00647	0.00493	0.00660	0.00731	0.00755	0.00515	0.00507	0.00729	0.00896	0.01213	0.02389	0.69509	0.02849	0.05924	0.00825	0.00213	0.09089	0.01238	0.00416	0.00403
7	0.01097	0.01005	0.04327	0.00952	0.01363	0.00833	0.09418	0.05824	0.04467	0.03680	0.00976	0.01135	0.00782	0.00536	0.03381	0.00126	0.03250	0.00360	0.00304	0.56184
8	0.00955	0.00885	0.01391	0.56554	0.05450	0.04087	0.04494	0.01191	0.00939	0.01201	0.00891	0.01388	0.00735	0.05155	0.00784	0.09399	0.03330	0.00446	0.00222	0.00503
9	0.00584	0.00477	0.00516	0.00535	0.00669	0.00409	0.00390	0.00706	0.01087	0.01337	0.09435	0.20080	0.59555	0.01269	0.00582	0.00169	0.00251	0.01083	0.00456	0.00409
10	0.37028	0.04602	0.02718	0.08107	0.05420	0.20812	0.07985	0.05355	0.01097	0.01755	0.00777	0.00943	0.00611	0.00466	0.00396	0.00144	0.00591	0.00336	0.00276	0.00581
11	0.01311	0.00997	0.01217	0.06195	0.05199	0.02395	0.04702	0.22187	0.19323	0.07598	0.10232	0.01877	0.03680	0.05168	0.00603	0.00169	0.00456	0.00551	0.05467	0.00674
12	0.00695	0.00542	0.00639	0.00638	0.00770	0.00516	0.00478	0.00986	0.09363	0.01613	0.31588	0.16857	0.27202	0.01134	0.00577	0.00168	0.00270	0.05013	0.00485	0.00464
13	0.03269	0.01162	0.01219	0.01022	0.01293	0.08795	0.03412	0.31868	0.15496	0.03685	0.04082	0.10006	0.01324	0.00814	0.03525	0.00178	0.03488	0.00564	0.04120	0.00677
14	0.00664	0.00516	0.00608	0.00595	0.00726	0.00474	0.00442	0.00902	0.05445	0.01649	0.40932	0.12180	0.30867	0.01112	0.00573	0.00162	0.00248	0.00963	0.00493	0.00450
15	0.00969	0.02697	0.03886	0.00812	0.01021	0.02237	0.05086	0.07127	0.08252	0.05705	0.17697	0.05725	0.17732	0.01135	0.05917	0.09417	0.00442	0.00695	0.02928	0.00519
16	0.00668	0.00511	0.00595	0.00585	0.00709	0.00465	0.00428	0.03354	0.01200	0.01581	0.33082	0.14977	0.33182	0.05649	0.00680	0.00180	0.00266	0.00979	0.00475	0.00433
17	0.01093	0.15643	0.44490	0.01274	0.01829	0.01213	0.11073	0.04356	0.01093	0.03834	0.03880	0.01189	0.00841	0.00595	0.03447	0.00168	0.00672	0.00403	0.02233	0.00673
18	0.16414	0.08727	0.05719	0.00827	0.01083	0.06498	0.00699	0.09405	0.04702	0.06557	0.07470	0.06533	0.08404	0.08167	0.03665	0.00203	0.03450	0.00551	0.00364	0.00562
19	0.03056	0.15374	0.05904	0.03320	0.06134	0.03682	0.06196	0.12615	0.05300	0.03441	0.09459	0.06023	0.04856	0.02925	0.00584	0.03117	0.01569	0.00533	0.01669	0.04242

[dist]
# distance from previous block
# <min> <max>
17	36

[block]
# block no. 1 follows, 52 sequences, length 16
# corresponding to MSA columns:
# 100-115
name=unknown_B
#
# <colnr> <probs for GDERKNQSTAVLIFYWHMCP>
#	G	D	E	R	K	N	Q	S	T	A	V	L	I	F	Y	W	H	M	C	P
0	0.04730	0.06337	0.06321	0.02540	0.07315	0.09070	0.07670	0.18374	0.08144	0.06109	0.04055	0.05592	0.01131	0.00776	0.05014	0.00185	0.02388	0.01547	0.00360	0.02340
1	0.03314	0.01038	0.03970	0.09073	0.13684	0.03566	0.02320	0.10833	0.13127	0.04637	0.07241	0.05207	0.04165	0.00690	0.01852	0.00158	0.02122	0.02201	0.00368	0.10436
2	0.00933	0.00917	0.09435	0.00987	0.05360	0.00793	0.04280	0.06723	0.10881	0.03786	0.05995	0.08551	0.15422	0.04602	0.17047	0.00298	0.00607	0.00676	0.02146	0.00561
3	0.01250	0.10844	0.03200	0.04650	0.12732	0.04578	0.03767	0.16034	0.10714	0.03686	0.08616	0.04839	0.04686	0.00636	0.00519	0.00146	0.03607	0.00524	0.00366	0.04606
4	0.00595	0.00482	0.00520	0.00528	0.00662	0.00416	0.00384	0.00719	0.01094	0.01355	0.13203	0.13560	0.57945	0.05529	0.00677	0.00182	0.00259	0.01030	0.00452	0.00407
5	0.01217	0.04295	0.14098	0.09891	0.15329	0.10603	0.02800	0.09704	0.05511	0.04088	0.02940	0.08957	0.02650	0.00619	0.00504	0.00150	0.02175	0.00516	0.00315	0.03640
6	0.00679	0.00495	0.00615	0.00685	0.00750	0.00481	0.00471	0.03965	0.04551	0.01356	0.02671	0.66169	0.08142	0.03850	0.00654	0.00197	0.00298	0.01237	0.02307	0.00428
7	0.01068	0.00946	0.01064	0.00837	0.04143	0.04350	0.00634	0.03739	0.01075	0.01617	0.02726	0.01073	0.00810	0.00390	0.00376	0.00081	0.00393	0.00312	0.00296	0.74069
8	0.05784	0.03894	0.00949	0.00808	0.00928	0.03282	0.00642	0.04299	0.02605	0.01571	0.15726	0.07253	0.07000	0.03090	0.06239	0.00212	0.20277	0.00610	0.14336	0.00496
9	0.03958	0.03469	0.18904	0.08534	0.09861	0.04726	0.07051	0.07043	0.01182	0.10466	0.02609	0.04513	0.05803	0.00570	0.00472	0.00145	0.00554	0.00485	0.02046	0.07607
10	0.03194	0.00783	0.03006	0.00705	0.00898	0.07044	0.00556	0.02758	0.01205	0.10922	0.24622	0.06615	0.22037	0.05848	0.00664	0.00171	0.02130	0.00754	0.02903	0.03184
11	0.03946	0.10093	0.08490	0.01399	0.16550	0.06186	0.06001	0.10144	0.05844	0.06924	0.03850	0.04521	0.02811	0.02893	0.00520	0.00150	0.00532	0.01754	0.00333	0.07059
12	0.01082	0.09456	0.09821	0.02323	0.03758	0.06350	0.05151	0.09109	0.06039	0.03096	0.07919	0.08604	0.09581	0.02602	0.07081	0.00206	0.02668	0.00597	0.00348	0.04208
13	0.05375	0.07284	0.01210	0.07690	0.02501	0.16864	0.02091	0.07172	0.08626	0.07986	0.06719	0.12058	0.01434	0.02509	0.04736	0.00186	0.00561	0.00563	0.00363	0.04075
14	0.05374	0.05438	0.08575	0.02491	0.02975	0.06692	0.03942	0.14381	0.10843	0.08364	0.05465	0.14065	0.01513	0.02466	0.00536	0.00163	0.00489	0.03331	0.00397	0.02500
15	0.06024	0.13544	0.01435	0.03123	0.11196	0.08238	0.03007	0.12208	0.03596	0.07807	0.05553	0.03257	0.07448	0.00709	0.03494	0.00160	0.00524	0.00480	0.00350	0.07846

[dist]
# distance from previous block
# <min> <max>
4	20

[block]
# block no. 2 follows, 52 sequences, length 9
# corresponding to MSA columns:
# 137-145
name=unknown_C
#
# <colnr> <probs for GDERKNQSTAVLIFYWHMCP>
#	G	D	E	R	K	N	Q	S	T	A	V	L	I	F	Y	W	H	M	C	P
0	0.04276	0.11615	0.09996	0.08033	0.08982	0.13167	0.06034	0.16597	0.04349	0.01716	0.01039	0.01201	0.02936	0.00601	0.02256	0.00160	0.05676	0.00411	0.00296	0.00658
1	0.12840	0.13524	0.04318	0.02918	0.07721	0.10204	0.06877	0.03148	0.09791	0.01624	0.08672	0.01438	0.01191	0.03401	0.03041	0.00168	0.00541	0.00437	0.02102	0.06042
2	0.14095	0.10099	0.04754	0.01016	0.07684	0.07592	0.00763	0.06784	0.03749	0.07962	0.03400	0.21365	0.01530	0.02974	0.00523	0.00163	0.00456	0.02592	0.00366	0.02134
3	0.01069	0.03508	0.11716	0.00982	0.01258	0.00897	0.09099	0.08266	0.07325	0.05972	0.08742	0.10349	0.01561	0.02890	0.03690	0.00185	0.05178	0.00600	0.16125	0.00587
4	0.03225	0.00587	0.00821	0.00855	0.05626	0.00592	0.03921	0.00944	0.02329	0.03980	0.07023	0.22337	0.05808	0.18852	0.12203	0.04988	0.01738	0.00801	0.02935	0.00436
5	0.05144	0.01157	0.06318	0.04247	0.05871	0.05620	0.00876	0.21733	0.20009	0.02038	0.06962	0.06245	0.04939	0.00793	0.02784	0.00175	0.00499	0.03510	0.00414	0.00667
6	0.00667	0.00503	0.00600	0.00629	0.00722	0.00474	0.00442	0.02716	0.04098	0.01434	0.16894	0.37612	0.22357	0.07658	0.00735	0.00199	0.00288	0.01091	0.00455	0.00426
7	0.01114	0.01084	0.05918	0.42431	0.19579	0.01129	0.05736	0.06586	0.06239	0.04015	0.01006	0.01295	0.00760	0.00489	0.00488	0.00156	0.00612	0.00445	0.00270	0.00648
8	0.00685	0.00481	0.00616	0.00673	0.00750	0.00456	0.00477	0.00834	0.03109	0.04024	0.09424	0.50572	0.12647	0.03871	0.05285	0.00229	0.00351	0.04640	0.00448	0.00428

[dist]
# distance from previous block
# <min> <max>
11	28

[block]
# block no. 3 follows, 52 sequences, length 11
# corresponding to MSA columns:
# 179-189
name=unknown_D
#
# <colnr> <probs for GDERKNQSTAVLIFYWHMCP>
#	G	D	E	R	K	N	Q	S	T	A	V	L	I	F	Y	W	H	M	C	P
0	0.11832	0.13002	0.04466	0.00939	0.03543	0.05358	0.03182	0.05912	0.04006	0.09805	0.04756	0.10101	0.01275	0.02920	0.00520	0.00148	0.02299	0.02409	0.00352	0.13175
1	0.02693	0.10088	0.12415	0.03059	0.05593	0.17676	0.09408	0.04217	0.02408	0.02666	0.06367	0.01341	0.03746	0.00542	0.00523	0.00137	0.05700	0.00428	0.00284	0.10710
2	0.09909	0.13371	0.08291	0.03210	0.01375	0.03709	0.09346	0.05129	0.02331	0.03792	0.03566	0.04008	0.02914	0.04301	0.06589	0.01263	0.00570	0.01653	0.00300	0.14373
3	0.04527	0.00985	0.01620	0.07027	0.48813	0.00982	0.05280	0.01314	0.01055	0.01526	0.01272	0.13149	0.02764	0.00623	0.00497	0.00152	0.00520	0.02176	0.00283	0.05435
4	0.00818	0.00421	0.00625	0.00635	0.00638	0.00418	0.00424	0.00635	0.00659	0.00879	0.01013	0.09086	0.01063	0.01668	0.01774	0.77863	0.00408	0.00511	0.00233	0.00228
5	0.04898	0.06102	0.08707	0.01057	0.01387	0.13354	0.00930	0.29292	0.09256	0.02074	0.01356	0.01886	0.01162	0.00680	0.00486	0.00155	0.00558	0.13463	0.02528	0.00671
6	0.01058	0.00880	0.01248	0.15661	0.24569	0.03885	0.00971	0.01316	0.03467	0.06338	0.01673	0.09346	0.09857	0.00695	0.00553	0.00155	0.05483	0.00591	0.11662	0.00592
7	0.03926	0.05525	0.08870	0.06515	0.33698	0.04845	0.01214	0.18842	0.04908	0.01874	0.01059	0.04651	0.00875	0.00531	0.00470	0.00147	0.00566	0.00452	0.00312	0.00722
8	0.03483	0.31122	0.13474	0.05632	0.08908	0.04318	0.09004	0.01364	0.00981	0.01293	0.00862	0.01159	0.00748	0.03862	0.07215	0.04716	0.00657	0.00380	0.00226	0.00594
9	0.00593	0.00438	0.00546	0.00630	0.00684	0.00401	0.00425	0.00681	0.00951	0.01235	0.03056	0.62742	0.18419	0.05897	0.00710	0.00205	0.00284	0.01270	0.00441	0.00391
10	0.01253	0.01131	0.01517	0.07095	0.14683	0.11601	0.14179	0.10679	0.01287	0.07196	0.04612	0.11346	0.04565	0.00700	0.00522	0.00157	0.00569	0.04233	0.02050	0.00622

[dist]
# distance from previous block
# <min> <max>
0	14

[block]
# block no. 4 follows, 52 sequences, length 16
# corresponding to MSA columns:
# 204-217,220,221
name=unknown_E
#
# <colnr> <probs for GDERKNQSTAVLIFYWHMCP>
#	G	D	E	R	K	N	Q	S	T	A	V	L	I	F	Y	W	H	M	C	P
0	0.10306	0.03877	0.08578	0.03196	0.09807	0.14134	0.02587	0.10356	0.01222	0.06884	0.02378	0.01422	0.04525	0.01822	0.00557	0.00149	0.06370	0.02271	0.02008	0.07551
1	0.00853	0.02728	0.00673	0.00586	0.00670	0.00563	0.00376	0.00949	0.03973	0.05821	0.01587	0.02805	0.03665	0.62085	0.01949	0.00382	0.00444	0.00644	0.02497	0.06750
2	0.01200	0.07022	0.13167	0.06054	0.13751	0.04082	0.10132	0.14170	0.07365	0.01786	0.05954	0.04711	0.02241	0.00584	0.00512	0.00151	0.02610	0.00505	0.03334	0.00669
3	0.00647	0.00460	0.00537	0.00568	0.00610	0.00436	0.00359	0.00703	0.00867	0.01132	0.05628	0.26724	0.16020	0.41413	0.01515	0.00323	0.00365	0.00965	0.00377	0.00350
4	0.07236	0.02268	0.05981	0.25469	0.06074	0.06210	0.05794	0.06663	0.03268	0.03019	0.04340	0.05985	0.02424	0.01921	0.03369	0.00180	0.02185	0.00507	0.06531	0.00574
5	0.00903	0.00452	0.00452	0.00452	0.00565	0.00452	0.00339	0.01129	0.01016	0.01807	0.01581	0.01807	0.01242	0.00565	0.00339	0.00113	0.00226	0.00452	0.85659	0.00452
6	0.08707	0.00804	0.00995	0.03818	0.08089	0.03581	0.02643	0.05765	0.01156	0.18166	0.04158	0.14909	0.14073	0.05475	0.03612	0.00198	0.00448	0.00700	0.00414	0.02288
7	0.05326	0.08571	0.08457	0.01366	0.12341	0.21661	0.05258	0.06501	0.02915	0.06246	0.04000	0.01221	0.00910	0.00611	0.02545	0.00158	0.06190	0.00406	0.04682	0.00634
8	0.00919	0.00483	0.00486	0.00480	0.00601	0.00491	0.00361	0.01206	0.05138	0.01818	0.01602	0.01807	0.01255	0.00569	0.00347	0.00116	0.00234	0.00457	0.81162	0.00468
9	0.11875	0.19949	0.04554	0.05726	0.18499	0.12957	0.05274	0.04784	0.01108	0.03435	0.00837	0.01024	0.00685	0.00479	0.00478	0.00139	0.05202	0.00361	0.01997	0.00638
10	0.06444	0.07218	0.03037	0.03104	0.06936	0.08475	0.03085	0.17671	0.05479	0.09212	0.02933	0.07144	0.01156	0.04270	0.03587	0.00191	0.06953	0.02099	0.00366	0.00640
11	0.01123	0.07744	0.08185	0.01023	0.05798	0.02944	0.05280	0.10184	0.06856	0.04362	0.09935	0.07635	0.03938	0.00644	0.00460	0.00136	0.00440	0.00546	0.10321	0.12445
12	0.00606	0.00461	0.00558	0.00601	0.00692	0.00413	0.00425	0.00735	0.01084	0.01419	0.20657	0.39715	0.28270	0.01306	0.00593	0.00176	0.00258	0.01151	0.00469	0.00413
13	0.00590	0.00474	0.00522	0.00545	0.00668	0.00411	0.00393	0.00709	0.01074	0.01334	0.10514	0.22989	0.53151	0.03605	0.00637	0.00179	0.00259	0.01085	0.00452	0.00406
14	0.01506	0.17831	0.10875	0.01121	0.01501	0.19016	0.04673	0.20789	0.06363	0.05235	0.01091	0.01158	0.02371	0.00531	0.00461	0.00137	0.02130	0.00392	0.02139	0.00680
15	0.06707	0.06145	0.04336	0.09925	0.11924	0.03682	0.02954	0.31628	0.02867	0.02080	0.01185	0.10443	0.01030	0.00636	0.00500	0.00152	0.02239	0.00520	0.00362	0.00683

[dist]
# distance from previous block
# <min> <max>
3	5

[block]
# block no. 5 follows, 52 sequences, length 27
# corresponding to MSA columns:
# 227-253
name=unknown_F
#
# <colnr> <probs for GDERKNQSTAVLIFYWHMCP>
#	G	D	E	R	K	N	Q	S	T	A	V	L	I	F	Y	W	H	M	C	P
0	0.01162	0.03842	0.01609	0.17668	0.38226	0.02407	0.02381	0.05943	0.04722	0.04813	0.07239	0.01608	0.05173	0.00552	0.00489	0.00149	0.00535	0.00498	0.00308	0.00676
1	0.00636	0.00466	0.00544	0.00567	0.00643	0.00427	0.00383	0.00717	0.00974	0.01257	0.12637	0.23055	0.28802	0.21315	0.01111	0.04383	0.00316	0.00984	0.00410	0.00373
2	0.01353	0.01395	0.01357	0.10360	0.16500	0.27484	0.00994	0.12995	0.01307	0.01550	0.01179	0.12615	0.01122	0.03612	0.00589	0.00162	0.02690	0.01825	0.00311	0.00602
3	0.03205	0.50929	0.11732	0.00918	0.01346	0.03913	0.02242	0.04122	0.01086	0.08721	0.00981	0.01052	0.02911	0.00471	0.00369	0.00119	0.00527	0.00332	0.02194	0.02830
4	0.00783	0.00583	0.00839	0.01022	0.07187	0.00578	0.00783	0.00989	0.01084	0.01426	0.02452	0.17620	0.02697	0.01296	0.00646	0.00213	0.00430	0.58479	0.00431	0.00463
5	0.01005	0.00861	0.01005	0.00718	0.01148	0.00646	0.00574	0.01220	0.01005	0.01579	0.00861	0.01005	0.00718	0.00359	0.00359	0.00072	0.00359	0.00287	0.00287	0.85932
6	0.06078	0.01335	0.01448	0.01238	0.07662	0.03240	0.00943	0.65174	0.03570	0.02831	0.01125	0.01153	0.00813	0.00563	0.00474	0.00145	0.00533	0.00426	0.00451	0.00797
7	0.00996	0.08459	0.74715	0.01341	0.02034	0.01184	0.01720	0.01529	0.01020	0.01506	0.00855	0.01005	0.00614	0.00457	0.00449	0.00150	0.00702	0.00351	0.00205	0.00709
8	0.00773	0.00598	0.00742	0.00723	0.00795	0.02567	0.03128	0.03342	0.02720	0.01194	0.01891	0.20781	0.05409	0.35876	0.12153	0.00384	0.02182	0.04001	0.00344	0.00398
9	0.00842	0.00421	0.00631	0.00631	0.00631	0.00421	0.00421	0.00631	0.00631	0.00842	0.00842	0.01473	0.00842	0.01684	0.01894	0.85901	0.00421	0.00421	0.00210	0.00210
10	0.01431	0.00792	0.02579	0.00868	0.01123	0.00765	0.00715	0.08406	0.07049	0.32819	0.04326	0.04193	0.01511	0.02755	0.20344	0.00319	0.00640	0.08249	0.00464	0.00652
11	0.00984	0.05549	0.77523	0.01360	0.02065	0.01155	0.01754	0.01532	0.01022	0.01520	0.00862	0.01014	0.00614	0.00459	0.00455	0.00152	0.00709	0.00354	0.00205	0.00713
12	0.00668	0.00474	0.00634	0.00733	0.00787	0.00458	0.00546	0.00791	0.00967	0.01277	0.02508	0.47373	0.02902	0.10479	0.00841	0.00236	0.00359	0.27134	0.00431	0.00401
13	0.00761	0.00544	0.00758	0.00870	0.00973	0.00541	0.00746	0.00970	0.01096	0.01428	0.02577	0.13536	0.02832	0.01357	0.00664	0.00220	0.00429	0.68812	0.00447	0.00441
14	0.01246	0.70944	0.14424	0.00913	0.01374	0.01797	0.00976	0.01464	0.00991	0.01200	0.00704	0.00815	0.00621	0.00422	0.00334	0.00111	0.00548	0.00274	0.00207	0.00636
15	0.00729	0.00546	0.00677	0.00674	0.00724	0.02790	0.00468	0.00819	0.00760	0.01039	0.01391	0.02473	0.01455	0.40985	0.41711	0.00615	0.00895	0.00601	0.00275	0.00371
16	0.00842	0.00421	0.00631	0.00631	0.00631	0.00421	0.00421	0.00631	0.00631	0.00842	0.00842	0.01473	0.00842	0.01684	0.01894	0.85901	0.00421	0.00421	0.00210	0.00210
17	0.01031	0.01018	0.01429	0.01233	0.01240	0.01415	0.01024	0.01142	0.00745	0.01163	0.00688	0.01127	0.00682	0.01068	0.07863	0.00257	0.75705	0.00432	0.00216	0.00522
18	0.00903	0.00452	0.00452	0.00452	0.00565	0.00452	0.00339	0.01129	0.01016	0.01807	0.01581	0.01807	0.01242	0.00565	0.00339	0.00113	0.00226	0.00452	0.85659	0.00452
19	0.01060	0.01060	0.01484	0.01272	0.01272	0.01484	0.01060	0.01166	0.00742	0.01166	0.00636	0.01060	0.00636	0.00848	0.01590	0.00212	0.82082	0.00424	0.00212	0.00530
20	0.01177	0.01129	0.01926	0.09197	0.73899	0.01146	0.01476	0.01468	0.01093	0.01556	0.00908	0.01207	0.00758	0.00436	0.00480	0.00145	0.00581	0.00432	0.00238	0.00750
21	0.01005	0.00861	0.01005	0.00718	0.01148	0.00646	0.00574	0.01220	0.01005	0.01579	0.00861	0.01005	0.00718	0.00359	0.00359	0.00072	0.00359	0.00287	0.00287	0.85932
22	0.04887	0.24279	0.12137	0.01023	0.01382	0.05123	0.03024	0.07132	0.10916	0.09024	0.02935	0.02577	0.02245	0.00577	0.00549	0.00145	0.09300	0.00417	0.00324	0.02004
23	0.02852	0.15891	0.06732	0.00883	0.01175	0.11873	0.00770	0.11922	0.08556	0.01689	0.12241	0.03381	0.15777	0.00750	0.00479	0.00145	0.00473	0.03440	0.00379	0.00589
24	0.15429	0.08848	0.14340	0.02427	0.06739	0.14363	0.03462	0.09710	0.03298	0.02946	0.03644	0.01165	0.01905	0.00585	0.01939	0.00156	0.05615	0.00386	0.00294	0.02748
25	0.06062	0.13789	0.15125	0.01145	0.03285	0.11375	0.04929	0.16193	0.05847	0.01766	0.02665	0.01197	0.02487	0.00603	0.02315	0.00154	0.04847	0.00399	0.00308	0.05511
26	0.06882	0.13132	0.05905	0.02546	0.09353	0.16032	0.03398	0.11200	0.03925	0.03852	0.02395	0.01240	0.02821	0.02432	0.01976	0.00153	0.03657	0.00397	0.00304	0.08400

[dist]
# distance from previous block
# <min> <max>
5	39

[block]
# block no. 6 follows, 52 sequences, length 6
# corresponding to MSA columns:
# 293-298
name=unknown_G
#
# <colnr> <probs for GDERKNQSTAVLIFYWHMCP>
#	G	D	E	R	K	N	Q	S	T	A	V	L	I	F	Y	W	H	M	C	P
0	0.15951	0.01407	0.04954	0.01209	0.08554	0.17556	0.00912	0.16592	0.15420	0.07732	0.01138	0.01185	0.00856	0.00549	0.00489	0.00149	0.03891	0.00401	0.00369	0.00687
1	0.03129	0.01145	0.04471	0.04539	0.11479	0.07374	0.04303	0.20395	0.08291	0.05123	0.05711	0.12098	0.04707	0.00706	0.00500	0.00152	0.00500	0.00601	0.00391	0.04385
2	0.00695	0.00530	0.00746	0.00946	0.10989	0.00509	0.00560	0.00802	0.00946	0.01284	0.07677	0.53794	0.02754	0.14354	0.00892	0.00230	0.00346	0.01112	0.00403	0.00431
3	0.01080	0.01141	0.09502	0.08155	0.22611	0.03637	0.05964	0.04964	0.03354	0.03013	0.09278	0.06058	0.02885	0.00612	0.00520	0.00146	0.02680	0.02341	0.00316	0.11742
4	0.01216	0.00923	0.01074	0.00782	0.01202	0.00763	0.00631	0.11355	0.01204	0.08652	0.00992	0.01082	0.00774	0.00409	0.00386	0.00088	0.00386	0.00324	0.00340	0.67416
5	0.03201	0.14088	0.01331	0.08521	0.05082	0.06354	0.00808	0.13135	0.06698	0.05659	0.01461	0.12258	0.04405	0.00954	0.07531	0.00202	0.02250	0.00559	0.02690	0.02814

[dist]
# distance from previous block
# <min> <max>
0	1

[block]
# block no. 7 follows, 52 sequences, length 21
# corresponding to MSA columns:
# 300-320
name=unknown_H
#
# <colnr> <probs for GDERKNQSTAVLIFYWHMCP>
#	G	D	E	R	K	N	Q	S	T	A	V	L	I	F	Y	W	H	M	C	P
0	0.01153	0.16040	0.03610	0.02776	0.12457	0.08121	0.05762	0.04513	0.02261	0.04519	0.07477	0.08647	0.05858	0.00705	0.02201	0.00150	0.02305	0.00538	0.00320	0.10587
1	0.32564	0.09039	0.01223	0.01033	0.06532	0.19780	0.00773	0.07960	0.06216	0.04296	0.00942	0.01126	0.00767	0.01845	0.02212	0.00160	0.00557	0.02060	0.00315	0.00602
2	0.04012	0.08573	0.44951	0.01189	0.01733	0.01233	0.01342	0.09383	0.17680	0.03610	0.01134	0.01190	0.00829	0.00513	0.00453	0.00151	0.00593	0.00398	0.00306	0.00726
3	0.00657	0.00477	0.00570	0.00596	0.00706	0.00423	0.00428	0.00787	0.01096	0.04188	0.17739	0.34275	0.33752	0.01273	0.00587	0.00174	0.00262	0.01113	0.00471	0.00427
4	0.00612	0.00455	0.00559	0.00628	0.00707	0.00417	0.00446	0.00727	0.01001	0.01306	0.05505	0.48779	0.24915	0.01438	0.02857	0.00201	0.00306	0.05496	0.03238	0.00406
5	0.00618	0.00479	0.00563	0.00571	0.00690	0.00424	0.00417	0.00773	0.01169	0.01531	0.32287	0.19623	0.36721	0.01197	0.00581	0.00166	0.00246	0.01038	0.00481	0.00424
6	0.81193	0.00963	0.00758	0.00667	0.00972	0.01113	0.00549	0.06153	0.00914	0.02228	0.00705	0.00810	0.00543	0.00458	0.00311	0.00150	0.00385	0.00273	0.00311	0.00543
7	0.11512	0.14745	0.06894	0.00981	0.01325	0.13255	0.02999	0.21928	0.02827	0.01889	0.02759	0.04049	0.00935	0.04257	0.00513	0.00149	0.00545	0.00415	0.02495	0.05527
8	0.01437	0.01113	0.01203	0.00998	0.01265	0.05232	0.00799	0.41953	0.07931	0.03723	0.01260	0.01498	0.01014	0.06100	0.19591	0.00316	0.03014	0.00475	0.00404	0.00675
9	0.00702	0.00515	0.00726	0.00712	0.00777	0.00559	0.02176	0.00821	0.00793	0.01111	0.04658	0.05760	0.01606	0.29787	0.46448	0.00612	0.00925	0.00633	0.00290	0.00391
10	0.00653	0.00465	0.00546	0.00576	0.00621	0.00441	0.00371	0.00717	0.00883	0.01155	0.07062	0.24462	0.15501	0.40440	0.01495	0.00320	0.00367	0.03192	0.00380	0.00354
11	0.00779	0.00645	0.02307	0.02466	0.01069	0.00609	0.10363	0.02411	0.03925	0.03100	0.02303	0.45525	0.07689	0.01399	0.07906	0.00236	0.00466	0.02411	0.03917	0.00474
12	0.06248	0.00698	0.03668	0.00762	0.00956	0.00625	0.06374	0.01145	0.05433	0.07507	0.20568	0.12191	0.17100	0.07525	0.00686	0.00185	0.00354	0.02186	0.05287	0.00500
13	0.06416	0.05450	0.01405	0.01267	0.08797	0.20875	0.03562	0.10988	0.07417	0.03365	0.02905	0.07409	0.02721	0.00671	0.00659	0.00156	0.14503	0.00492	0.00325	0.00616
14	0.03038	0.02333	0.09462	0.07030	0.18578	0.03060	0.05667	0.11687	0.01235	0.06120	0.04628	0.01430	0.02458	0.00668	0.04244	0.00168	0.02082	0.01602	0.00317	0.14193
15	0.04632	0.14881	0.08001	0.01183	0.07705	0.17542	0.02351	0.12841	0.07945	0.08019	0.01177	0.06632	0.00976	0.00578	0.00444	0.00140	0.00568	0.00449	0.03273	0.00663
16	0.04547	0.09684	0.04367	0.02452	0.03695	0.03277	0.02713	0.10180	0.16645	0.03183	0.02547	0.04548	0.04370	0.00906	0.00857	0.21297	0.03347	0.00493	0.00336	0.00555
17	0.04661	0.00761	0.02863	0.03059	0.00991	0.03859	0.03176	0.08524	0.01065	0.01457	0.06131	0.23471	0.08120	0.18531	0.04514	0.01578	0.01871	0.00798	0.00367	0.04202
18	0.06132	0.04782	0.10275	0.01032	0.03934	0.07646	0.03661	0.07577	0.11807	0.06566	0.05140	0.11156	0.05810	0.01797	0.00540	0.00154	0.03083	0.00577	0.00369	0.07961
19	0.08284	0.03290	0.16423	0.04200	0.11377	0.12231	0.03807	0.10874	0.04776	0.06998	0.04585	0.02883	0.02658	0.00550	0.00459	0.00144	0.00571	0.00443	0.01768	0.03679
20	0.02886	0.01012	0.06161	0.13289	0.23378	0.03168	0.06044	0.05217	0.01166	0.02802	0.09712	0.06179	0.12469	0.00699	0.00512	0.00156	0.00503	0.02271	0.01771	0.00602

[dist]
# distance from previous block
# <min> <max>
0	14

[block]
# block no. 8 follows, 52 sequences, length 6
# corresponding to MSA columns:
# 335-340
name=unknown_I
#
# <colnr> <probs for GDERKNQSTAVLIFYWHMCP>
#	G	D	E	R	K	N	Q	S	T	A	V	L	I	F	Y	W	H	M	C	P
0	0.17001	0.12950	0.12364	0.02630	0.01392	0.13578	0.03641	0.05656	0.03423	0.06492	0.00983	0.03391	0.00814	0.03365	0.02835	0.00168	0.02578	0.00388	0.00296	0.06053
1	0.06594	0.12652	0.15522	0.03356	0.04635	0.20847	0.03781	0.07097	0.04989	0.08455	0.01043	0.04250	0.00836	0.00529	0.00439	0.00138	0.00619	0.00404	0.00306	0.03510
2	0.03398	0.06639	0.04827	0.04026	0.01191	0.06542	0.02444	0.10291	0.05128	0.06591	0.07270	0.12892	0.14078	0.03421	0.04297	0.00197	0.03468	0.02351	0.00389	0.00560
3	0.00812	0.00572	0.00710	0.00665	0.00823	0.00533	0.00500	0.01076	0.06731	0.06741	0.35143	0.16211	0.13988	0.01176	0.05494	0.00194	0.00338	0.00864	0.00474	0.06953
4	0.03404	0.03258	0.03871	0.19177	0.05752	0.04029	0.04796	0.01437	0.13450	0.04987	0.06246	0.07181	0.07248	0.03230	0.04759	0.00200	0.00530	0.02486	0.03387	0.00572
5	0.00995	0.00540	0.00550	0.00517	0.00656	0.00555	0.00396	0.08690	0.01140	0.01929	0.01540	0.01744	0.01201	0.00566	0.00353	0.00116	0.00256	0.00450	0.77318	0.00488

[dist]
# distance from previous block
# <min> <max>
1	3

[block]
# block no. 9 follows, 52 sequences, length 8
# corresponding to MSA columns:
# 344-351
name=unknown_J
#
# <colnr> <probs for GDERKNQSTAVLIFYWHMCP>
#	G	D	E	R	K	N	Q	S	T	A	V	L	I	F	Y	W	H	M	C	P
0	0.18950	0.07136	0.04840	0.07209	0.08720	0.12800	0.07495	0.12211	0.01202	0.04218	0.00903	0.02870	0.00732	0.00536	0.00539	0.00151	0.08166	0.00399	0.00296	0.00628
1	0.04408	0.01081	0.04886	0.04638	0.04618	0.05201	0.06878	0.13213	0.12678	0.09869	0.02909	0.01565	0.01096	0.05684	0.07509	0.00225	0.05545	0.00484	0.06874	0.00640
2	0.01009	0.02730	0.08738	0.04923	0.10406	0.04431	0.02569	0.03382	0.08115	0.04581	0.14347	0.08348	0.11541	0.00762	0.00530	0.01987	0.00438	0.00634	0.00373	0.10155
3	0.00607	0.00462	0.00594	0.04500	0.00819	0.00433	0.00475	0.00719	0.00993	0.01292	0.07330	0.57477	0.19770	0.01377	0.00600	0.00185	0.00288	0.01228	0.00443	0.00407
4	0.86392	0.00937	0.00712	0.00637	0.00937	0.01087	0.00525	0.01425	0.00825	0.02174	0.00675	0.00787	0.00525	0.00450	0.00300	0.00150	0.00375	0.00262	0.00300	0.00525
5	0.01033	0.07039	0.21935	0.04156	0.07748	0.03495	0.08222	0.06951	0.01137	0.03050	0.05761	0.04925	0.09781	0.06985	0.03940	0.00200	0.00585	0.00561	0.01898	0.00598
6	0.00835	0.00710	0.03061	0.09718	0.06768	0.00668	0.02876	0.01122	0.05739	0.03508	0.25075	0.14248	0.09563	0.02720	0.00592	0.00170	0.00381	0.07211	0.00417	0.04618
7	0.03285	0.14909	0.07273	0.00970	0.01281	0.07427	0.00838	0.12184	0.27945	0.01782	0.03784	0.01510	0.01165	0.05988	0.03904	0.00191	0.02314	0.00457	0.00368	0.02428

[dist]
# distance from previous block
# <min> <max>
1	5

[block]
# block no. 10 follows, 52 sequences, length 14
# corresponding to MSA columns:
# 361-374
name=unknown_K
#
# <colnr> <probs for GDERKNQSTAVLIFYWHMCP>
#	G	D	E	R	K	N	Q	S	T	A	V	L	I	F	Y	W	H	M	C	P
0	0.20888	0.09240	0.06224	0.04182	0.08897	0.12828	0.02587	0.11803	0.04294	0.04168	0.00918	0.02294	0.00738	0.00532	0.00511	0.00147	0.07287	0.00376	0.00304	0.01782
1	0.00965	0.00807	0.00805	0.00786	0.00933	0.09667	0.00587	0.10171	0.04909	0.03153	0.10267	0.33353	0.12083	0.01102	0.00557	0.00170	0.00383	0.05530	0.03266	0.00503
2	0.00759	0.00507	0.00679	0.00725	0.03118	0.00497	0.00508	0.00887	0.00997	0.04672	0.15540	0.23280	0.09279	0.07296	0.14947	0.05815	0.00488	0.03997	0.05579	0.00429
3	0.04559	0.01130	0.01701	0.22094	0.41346	0.06309	0.04857	0.05077	0.01148	0.01582	0.04885	0.01311	0.00912	0.00484	0.00480	0.00149	0.00596	0.00446	0.00264	0.00669
4	0.00606	0.00465	0.00547	0.00591	0.00685	0.00416	0.00419	0.00720	0.01040	0.01329	0.11376	0.35319	0.34847	0.05978	0.00702	0.00195	0.00277	0.03635	0.00449	0.00403
5	0.05266	0.01034	0.05021	0.00988	0.04191	0.13946	0.02151	0.01136	0.00915	0.01226	0.01249	0.07649	0.03277	0.14460	0.17901	0.04308	0.10994	0.00543	0.00273	0.03472
6	0.01239	0.01226	0.01929	0.02863	0.74898	0.06291	0.01452	0.01516	0.01121	0.01558	0.00901	0.01178	0.00758	0.00436	0.00477	0.00143	0.00595	0.00424	0.00241	0.00754
7	0.00849	0.00471	0.00752	0.00711	0.00741	0.00472	0.04370	0.00691	0.00665	0.00893	0.00874	0.01488	0.00857	0.01727	0.06198	0.76857	0.00489	0.00434	0.00215	0.00245
8	0.01439	0.05851	0.03979	0.01428	0.13033	0.32202	0.06952	0.09123	0.04384	0.01549	0.01022	0.01304	0.00855	0.02763	0.00538	0.00148	0.02764	0.02723	0.07322	0.00620
9	0.00623	0.00453	0.00585	0.00659	0.00713	0.00426	0.00451	0.00761	0.02880	0.01368	0.15305	0.62041	0.07154	0.03346	0.00650	0.00194	0.00278	0.01242	0.00461	0.00411
10	0.02046	0.03114	0.08257	0.10003	0.20373	0.03320	0.12649	0.05176	0.03661	0.03881	0.04396	0.12453	0.04162	0.00728	0.01697	0.01974	0.00565	0.00610	0.00313	0.00622
11	0.00759	0.00496	0.00706	0.00741	0.00822	0.00458	0.03464	0.00873	0.01001	0.08389	0.06613	0.68064	0.03002	0.01365	0.00602	0.00189	0.00311	0.01240	0.00460	0.00446
12	0.01167	0.03783	0.13191	0.05777	0.07170	0.10543	0.10855	0.01519	0.06081	0.09043	0.14144	0.03468	0.04083	0.00783	0.04575	0.00184	0.02127	0.00548	0.00344	0.00617
13	0.02730	0.10010	0.01391	0.12339	0.15293	0.04650	0.02329	0.06624	0.04344	0.03120	0.04902	0.01720	0.05757	0.05775	0.14119	0.00271	0.03245	0.00498	0.00301	0.00583

[dist]
# distance from previous block
# <min> <max>
0	20

[block]
# block no. 11 follows, 52 sequences, length 27
# corresponding to MSA columns:
# 395-421
name=unknown_L
#
# <colnr> <probs for GDERKNQSTAVLIFYWHMCP>
#	G	D	E	R	K	N	Q	S	T	A	V	L	I	F	Y	W	H	M	C	P
0	0.01110	0.15238	0.44321	0.01253	0.04719	0.01258	0.01367	0.10072	0.02735	0.01606	0.00964	0.03346	0.00773	0.00714	0.05603	0.00187	0.03399	0.00398	0.00254	0.00683
1	0.01068	0.07421	0.03993	0.05874	0.07821	0.03618	0.06345	0.05692	0.21161	0.01634	0.06639	0.12266	0.03530	0.00881	0.04119	0.00189	0.04364	0.02396	0.00370	0.00618
2	0.00696	0.00490	0.00627	0.00626	0.00666	0.00520	0.00420	0.00772	0.00762	0.01049	0.03749	0.02735	0.03592	0.48147	0.32509	0.00572	0.00775	0.00646	0.00291	0.00355
3	0.02677	0.10002	0.01383	0.09401	0.09026	0.07997	0.02458	0.05880	0.01123	0.04911	0.00964	0.02995	0.00801	0.00548	0.02743	0.00131	0.00518	0.00373	0.01683	0.34385
4	0.02907	0.04102	0.01153	0.04894	0.01302	0.00807	0.03624	0.07913	0.01132	0.04836	0.01212	0.01396	0.05632	0.01885	0.00441	0.00107	0.00411	0.01700	0.00322	0.54224
5	0.04148	0.03546	0.22434	0.02776	0.03327	0.00905	0.00980	0.08554	0.01067	0.06304	0.03340	0.07668	0.01205	0.05607	0.24206	0.00354	0.02162	0.00527	0.00308	0.00582
6	0.00979	0.08408	0.01136	0.00924	0.02628	0.06987	0.06586	0.07650	0.01121	0.03508	0.02108	0.30948	0.11656	0.01241	0.07738	0.00220	0.02735	0.00842	0.02072	0.00514
7	0.03458	0.13104	0.04470	0.00915	0.01090	0.01071	0.02548	0.06173	0.00946	0.04353	0.02738	0.01670	0.01087	0.15468	0.20048	0.00359	0.18029	0.00480	0.01475	0.00518
8	0.00898	0.00553	0.00680	0.00624	0.00790	0.00497	0.00475	0.02442	0.01279	0.13442	0.39217	0.08438	0.24424	0.01011	0.00554	0.00157	0.00269	0.00870	0.02879	0.00501
9	0.00823	0.00632	0.00738	0.00709	0.00848	0.02253	0.00535	0.08558	0.03621	0.02623	0.15507	0.16133	0.20035	0.05454	0.17300	0.00307	0.00529	0.02499	0.00420	0.00476
10	0.05878	0.01318	0.02966	0.00983	0.01255	0.22780	0.00784	0.20648	0.01458	0.14062	0.01543	0.11773	0.04761	0.02116	0.03298	0.00177	0.00582	0.02584	0.00405	0.00630
11	0.04475	0.00918	0.01189	0.02720	0.03348	0.00955	0.08534	0.22726	0.08726	0.06393	0.10560	0.12261	0.10115	0.00850	0.01973	0.00170	0.00449	0.00690	0.02321	0.00627
12	0.00603	0.00454	0.00553	0.00623	0.00697	0.00412	0.00436	0.00706	0.00990	0.01272	0.04979	0.49561	0.26036	0.05299	0.00695	0.00200	0.00287	0.05355	0.00444	0.00398
13	0.00771	0.00650	0.05044	0.00795	0.03060	0.00556	0.00598	0.02628	0.05229	0.04494	0.08436	0.43462	0.11958	0.03329	0.02029	0.00199	0.00353	0.05496	0.00438	0.00476
14	0.01516	0.27562	0.10364	0.01095	0.01466	0.31579	0.00981	0.11316	0.07106	0.01505	0.00881	0.00965	0.00711	0.00491	0.00410	0.00127	0.00666	0.00334	0.00279	0.00646
15	0.01109	0.00988	0.07965	0.02422	0.16084	0.02123	0.02236	0.11262	0.03436	0.07368	0.06433	0.17210	0.04466	0.04736	0.02381	0.00188	0.02231	0.01757	0.04999	0.00607
16	0.00750	0.00559	0.00636	0.00643	0.00780	0.01942	0.00481	0.00956	0.05130	0.05552	0.16743	0.22710	0.33487	0.01189	0.00579	0.00172	0.00293	0.06470	0.00470	0.00459
17	0.03317	0.03311	0.01549	0.06581	0.17593	0.39635	0.04724	0.10354	0.01360	0.01544	0.03219	0.01177	0.02499	0.00517	0.00462	0.00137	0.00708	0.00400	0.00285	0.00630
18	0.07941	0.03336	0.01243	0.00960	0.01288	0.05209	0.00781	0.41779	0.01729	0.17631	0.01311	0.03302	0.00985	0.04354	0.02680	0.00176	0.00515	0.00460	0.03595	0.00726
19	0.01415	0.03716	0.01489	0.01222	0.01454	0.26748	0.08077	0.13422	0.10069	0.01596	0.01053	0.04810	0.00902	0.00756	0.03729	0.00182	0.17972	0.00460	0.00313	0.00616
20	0.14996	0.01055	0.01193	0.00929	0.01297	0.01086	0.00767	0.32625	0.01657	0.37355	0.01422	0.01322	0.00946	0.00569	0.00457	0.00148	0.00455	0.00432	0.00508	0.00778
21	0.06762	0.00900	0.04366	0.00806	0.01071	0.00883	0.00664	0.10137	0.24924	0.09462	0.08993	0.04198	0.17857	0.00782	0.00494	0.00156	0.00362	0.00642	0.05909	0.00631
22	0.00911	0.00855	0.01428	0.75947	0.03172	0.01072	0.01307	0.01221	0.00954	0.01231	0.00871	0.01308	0.00668	0.00620	0.03666	0.00187	0.03397	0.00434	0.00217	0.00534
23	0.00867	0.00726	0.01049	0.03272	0.17246	0.00789	0.00788	0.01169	0.08351	0.01435	0.10857	0.06904	0.05779	0.05448	0.25374	0.00365	0.05623	0.00623	0.02801	0.00535
24	0.00730	0.00521	0.00602	0.00587	0.00673	0.00508	0.00400	0.00885	0.05046	0.02990	0.13695	0.03456	0.20686	0.38568	0.06625	0.00342	0.00429	0.02480	0.00384	0.00394
25	0.00973	0.00842	0.01093	0.03370	0.07829	0.06907	0.06698	0.04114	0.01097	0.05075	0.07396	0.28444	0.09832	0.02816	0.00695	0.00178	0.08435	0.00842	0.02848	0.00518
26	0.00598	0.00449	0.00549	0.00612	0.00685	0.00406	0.00422	0.00703	0.01010	0.01311	0.10259	0.50822	0.24728	0.04251	0.00666	0.00193	0.00273	0.01209	0.00452	0.00400

[dist]
# distance from previous block
# <min> <max>
1	18

[block]
# block no. 12 follows, 52 sequences, length 15
# corresponding to MSA columns:
# 440-454
name=unknown_M
#
# <colnr> <probs for GDERKNQSTAVLIFYWHMCP>
#	G	D	E	R	K	N	Q	S	T	A	V	L	I	F	Y	W	H	M	C	P
0	0.03671	0.02663	0.05834	0.13256	0.04980	0.04911	0.15933	0.12113	0.01222	0.04264	0.03833	0.04751	0.03848	0.00657	0.01870	0.02253	0.04597	0.00508	0.01467	0.07369
1	0.00786	0.00548	0.00692	0.00744	0.03686	0.00513	0.00528	0.00971	0.04408	0.07306	0.09212	0.27682	0.26824	0.01333	0.04543	0.02298	0.00356	0.06656	0.00447	0.00467
2	0.00734	0.00555	0.00741	0.00743	0.00827	0.02408	0.04055	0.00854	0.00947	0.03189	0.07622	0.35885	0.06244	0.15902	0.12945	0.00324	0.00511	0.04708	0.00389	0.00416
3	0.00617	0.00473	0.00548	0.00566	0.00682	0.00419	0.00411	0.00761	0.01127	0.01472	0.23604	0.23812	0.38536	0.01217	0.00576	0.00167	0.00249	0.01055	0.03287	0.00419
4	0.00834	0.00424	0.00625	0.00625	0.00625	0.00424	0.00414	0.00636	0.00636	0.00847	0.00881	0.01570	0.00894	0.06330	0.01927	0.81018	0.00424	0.00437	0.00215	0.00215
5	0.00732	0.00514	0.00609	0.00594	0.00734	0.00465	0.00447	0.00930	0.03037	0.05433	0.32027	0.12289	0.31888	0.01098	0.00563	0.00162	0.00259	0.03154	0.04608	0.00457
6	0.00763	0.00527	0.00609	0.00611	0.00654	0.00530	0.00397	0.05171	0.00873	0.01154	0.01852	0.09553	0.05294	0.59695	0.01936	0.00391	0.00447	0.08853	0.00340	0.00353
7	0.15374	0.01392	0.01175	0.00985	0.01295	0.25302	0.00781	0.18250	0.03197	0.20850	0.05846	0.01293	0.01044	0.00566	0.00447	0.00142	0.00561	0.00412	0.00415	0.00674
8	0.00756	0.00564	0.00661	0.00634	0.00780	0.00533	0.00470	0.01018	0.08361	0.04194	0.22793	0.11201	0.27329	0.08348	0.05163	0.00222	0.00349	0.02207	0.00450	0.03967
9	0.58073	0.19340	0.04602	0.00754	0.01093	0.06735	0.00675	0.01470	0.00906	0.01850	0.00688	0.00801	0.00557	0.00446	0.00319	0.00138	0.00455	0.00269	0.00272	0.00557
10	0.00818	0.00618	0.00702	0.00671	0.00824	0.00606	0.00502	0.11512	0.05074	0.01714	0.18942	0.23870	0.27014	0.01113	0.00560	0.00166	0.00297	0.00960	0.03547	0.00491
11	0.10804	0.21156	0.08410	0.03159	0.04941	0.18784	0.02802	0.08472	0.04318	0.01575	0.00944	0.01213	0.00798	0.00536	0.00462	0.00139	0.03939	0.04066	0.02863	0.00618
12	0.00736	0.00510	0.00628	0.00597	0.00732	0.00462	0.00447	0.00916	0.01234	0.06109	0.45375	0.06621	0.25409	0.03957	0.03934	0.00194	0.00298	0.00894	0.00491	0.00456
13	0.01457	0.01065	0.01217	0.01074	0.04708	0.03291	0.03132	0.17629	0.36524	0.13923	0.04515	0.01653	0.01327	0.00619	0.00485	0.00153	0.00438	0.00512	0.05530	0.00748
14	0.00851	0.00652	0.00712	0.00712	0.00832	0.04384	0.00513	0.02564	0.10231	0.05239	0.07963	0.29646	0.14820	0.12465	0.03731	0.00237	0.00391	0.03155	0.00431	0.00471

[dist]
# distance from previous block
# <min> <max>
3	16

[block]
# block no. 13 follows, 52 sequences, length 16
# corresponding to MSA columns:
# 475-490
name=unknown_N
#
# <colnr> <probs for GDERKNQSTAVLIFYWHMCP>
#	G	D	E	R	K	N	Q	S	T	A	V	L	I	F	Y	W	H	M	C	P
0	0.00894	0.03255	0.07728	0.02420	0.01121	0.03413	0.04322	0.05243	0.08774	0.01629	0.17780	0.09661	0.21580	0.00898	0.00563	0.00158	0.03054	0.01936	0.02674	0.02896
1	0.00760	0.00603	0.02935	0.02636	0.00903	0.00565	0.02797	0.00940	0.03232	0.03814	0.07070	0.28799	0.13438	0.11182	0.05603	0.00249	0.03117	0.05794	0.05118	0.00445
2	0.01217	0.04086	0.11417	0.06413	0.18482	0.09488	0.03916	0.08557	0.11239	0.01652	0.03683	0.03079	0.02165	0.00575	0.00576	0.00151	0.07974	0.00461	0.00306	0.04563
3	0.04536	0.08445	0.01528	0.09631	0.06866	0.48980	0.04970	0.01708	0.01228	0.01300	0.00805	0.00984	0.00661	0.00478	0.00431	0.00129	0.00744	0.00343	0.02974	0.03260
4	0.12350	0.00790	0.00869	0.00724	0.00988	0.00804	0.00583	0.13207	0.04852	0.25819	0.01521	0.01532	0.01086	0.00567	0.00408	0.00136	0.00355	0.00440	0.32326	0.00644
5	0.00698	0.00541	0.00643	0.00697	0.00787	0.02417	0.00514	0.03313	0.01047	0.01352	0.05702	0.41382	0.18124	0.04029	0.04858	0.00228	0.00378	0.12431	0.00434	0.00424
6	0.01199	0.01151	0.01967	0.02974	0.79946	0.01151	0.01487	0.01487	0.01103	0.01583	0.00912	0.01199	0.00768	0.00432	0.00480	0.00144	0.00576	0.00432	0.00240	0.00768
7	0.00618	0.00482	0.00555	0.00558	0.00681	0.00425	0.00407	0.00767	0.01158	0.01503	0.29850	0.14954	0.41334	0.03740	0.00638	0.00174	0.00252	0.01012	0.00473	0.00420
8	0.00659	0.00459	0.00604	0.00669	0.00704	0.00456	0.00459	0.00735	0.00858	0.01152	0.02129	0.42071	0.02459	0.22549	0.11449	0.03392	0.00480	0.07966	0.00377	0.00371
9	0.00703	0.00508	0.00735	0.00735	0.00814	0.00576	0.00559	0.00842	0.00783	0.01120	0.01417	0.02060	0.03834	0.09052	0.66442	0.05276	0.01129	0.00542	0.02463	0.00411
10	0.01220	0.03878	0.01309	0.05193	0.12405	0.04370	0.04520	0.11047	0.23671	0.04878	0.02979	0.01903	0.03434	0.06183	0.03079	0.00194	0.00511	0.04343	0.04225	0.00659
11	0.01187	0.21594	0.09900	0.05248	0.09065	0.02910	0.00992	0.08710	0.16655	0.01625	0.04339	0.01530	0.03344	0.02651	0.00577	0.00155	0.06258	0.02281	0.00322	0.00657
12	0.08463	0.36448	0.05689	0.01018	0.03887	0.12185	0.03604	0.09550	0.03703	0.01537	0.02283	0.01183	0.04520	0.01827	0.00425	0.00131	0.00552	0.00370	0.00281	0.02343
13	0.04024	0.06106	0.11696	0.01087	0.09251	0.05887	0.02099	0.03334	0.01139	0.07991	0.12534	0.11269	0.07668	0.00768	0.00540	0.02147	0.01918	0.01650	0.01768	0.07125
14	0.03898	0.12315	0.10411	0.01196	0.07018	0.09923	0.06897	0.09753	0.06359	0.09039	0.04107	0.04235	0.03428	0.00570	0.00475	0.00139	0.01948	0.00463	0.00339	0.07487
15	0.06800	0.12249	0.07599	0.06013	0.05763	0.05887	0.09364	0.09299	0.06494	0.04125	0.04785	0.04860	0.04879	0.03995	0.00542	0.00156	0.00530	0.00500	0.00327	0.05832

[dist]
# distance from previous block
# <min> <max>
1	14

[block]
# block no. 14 follows, 52 sequences, length 6
# corresponding to MSA columns:
# 505-510
name=unknown_O
#
# <colnr> <probs for GDERKNQSTAVLIFYWHMCP>
#	G	D	E	R	K	N	Q	S	T	A	V	L	I	F	Y	W	H	M	C	P
0	0.06155	0.04854	0.06949	0.04686	0.04499	0.13067	0.25461	0.04803	0.04671	0.03833	0.02933	0.01490	0.00960	0.04914	0.00667	0.00173	0.05623	0.03358	0.00290	0.00613
1	0.09172	0.07724	0.07633	0.01125	0.01447	0.35428	0.04105	0.09563	0.06685	0.01596	0.02571	0.01136	0.02569	0.00535	0.00476	0.00137	0.03576	0.00378	0.00299	0.03849
2	0.00829	0.05034	0.00800	0.00687	0.00852	0.04930	0.00530	0.01040	0.04923	0.04078	0.14919	0.09809	0.26585	0.04887	0.11038	0.00251	0.00466	0.04497	0.00409	0.03435
3	0.01120	0.15480	0.57139	0.01253	0.01859	0.01275	0.01515	0.05672	0.01086	0.04444	0.00882	0.01015	0.00649	0.00481	0.00488	0.00147	0.04203	0.00354	0.00235	0.00703
4	0.01083	0.04195	0.31668	0.03605	0.07462	0.03926	0.08948	0.07688	0.07064	0.01658	0.04747	0.03697	0.05186	0.00638	0.02274	0.00163	0.00611	0.00489	0.00297	0.04602
5	0.00660	0.00587	0.04418	0.00674	0.00799	0.00488	0.00526	0.00852	0.03956	0.01393	0.12493	0.34299	0.24526	0.04613	0.00668	0.00192	0.00312	0.07667	0.00443	0.00436

[dist]
# distance from previous block
# <min> <max>
5	6

[block]
# block no. 15 follows, 52 sequences, length 24
# corresponding to MSA columns:
# 522-545
name=unknown_P
#
# <colnr> <probs for GDERKNQSTAVLIFYWHMCP>
#	G	D	E	R	K	N	Q	S	T	A	V	L	I	F	Y	W	H	M	C	P
0	0.01027	0.00710	0.02626	0.00700	0.00942	0.00613	0.00562	0.05642	0.03126	0.12113	0.34730	0.03811	0.08925	0.00780	0.00498	0.00136	0.00311	0.00665	0.05726	0.16355
1	0.00797	0.00536	0.00704	0.07827	0.00944	0.00546	0.00520	0.00921	0.02296	0.06469	0.03745	0.23336	0.05944	0.31113	0.08676	0.00341	0.00490	0.04014	0.00367	0.00414
