[name]
unknown

[dist]
# distance from previous block
# <min> <max>
0	31

[block]
# block no. 0 follows, 50 sequences, length 18
# corresponding to MSA columns:
# 48-65
name=unknown_A
#
# <colnr> <probs for GDERKNQSTAVLIFYWHMCP>
#	G	D	E	R	K	N	Q	S	T	A	V	L	I	F	Y	W	H	M	C	P
0	0.01042	0.02942	0.02906	0.00915	0.04843	0.00847	0.00698	0.12748	0.13307	0.03511	0.34516	0.02898	0.10252	0.00867	0.00547	0.00159	0.00361	0.03994	0.00488	0.02160
1	0.00684	0.00542	0.00609	0.00612	0.00755	0.00495	0.00455	0.03231	0.03938	0.01539	0.18033	0.18877	0.43983	0.01235	0.00595	0.00174	0.00276	0.03032	0.00481	0.00454
2	0.01317	0.05505	0.01622	0.06937	0.12138	0.03510	0.12275	0.13293	0.19976	0.05940	0.04928	0.05984	0.01297	0.00624	0.00511	0.00158	0.00536	0.00559	0.02179	0.00711
3	0.00637	0.00492	0.00577	0.00614	0.00716	0.00447	0.00435	0.00795	0.03193	0.01427	0.15570	0.34954	0.32824	0.04132	0.00673	0.00191	0.00276	0.01147	0.00472	0.00428
4	0.01124	0.11441	0.21994	0.04609	0.07271	0.07722	0.04805	0.04056	0.02540	0.01558	0.12845	0.02694	0.02706	0.00643	0.00644	0.00158	0.11767	0.00495	0.00295	0.00633
5	0.01084	0.00884	0.01039	0.00745	0.01185	0.00667	0.00597	0.01305	0.01050	0.04924	0.00932	0.01062	0.00759	0.00380	0.00375	0.00077	0.00371	0.00304	0.00309	0.81952
6	0.01110	0.01276	0.14052	0.02984	0.12350	0.01082	0.12836	0.06684	0.21743	0.01836	0.09213	0.01990	0.09303	0.00657	0.00528	0.00162	0.00531	0.00592	0.00378	0.00694
7	0.03302	0.00893	0.01076	0.00804	0.01209	0.00746	0.00650	0.01635	0.05282	0.21715	0.01214	0.01245	0.00901	0.00465	0.00443	0.00105	0.02529	0.00366	0.00388	0.55032
8	0.39096	0.04586	0.03156	0.00820	0.03824	0.00954	0.01855	0.04573	0.01016	0.07401	0.04598	0.06532	0.02530	0.07382	0.04873	0.00215	0.00462	0.00483	0.05091	0.00554
9	0.00723	0.00487	0.00561	0.00559	0.00570	0.00489	0.00325	0.00744	0.00765	0.01030	0.05724	0.03230	0.01943	0.74682	0.05825	0.00480	0.00507	0.00726	0.00314	0.00317
10	0.00979	0.00606	0.00777	0.00698	0.00869	0.00572	0.00536	0.01303	0.07693	0.13673	0.61248	0.03267	0.03923	0.00931	0.00568	0.00157	0.00277	0.00814	0.00556	0.00553
11	0.06065	0.00536	0.00575	0.00556	0.00716	0.00482	0.00420	0.00840	0.01212	0.01626	0.30114	0.04176	0.48685	0.01128	0.00571	0.00163	0.00255	0.00951	0.00482	0.00445
12	0.01234	0.01184	0.02023	0.03059	0.79373	0.01184	0.01530	0.01530	0.01135	0.01628	0.00938	0.01234	0.00790	0.00444	0.00493	0.00148	0.00592	0.00444	0.00247	0.00790
13	0.01610	0.01209	0.01302	0.01068	0.01412	0.01351	0.00860	0.37822	0.37881	0.07521	0.01635	0.01539	0.01187	0.00636	0.00503	0.00159	0.00469	0.00506	0.00510	0.00820
14	0.01182	0.01093	0.01826	0.14394	0.60302	0.01125	0.01414	0.01500	0.03114	0.03411	0.01132	0.03444	0.02824	0.00511	0.00501	0.00153	0.00577	0.00489	0.00269	0.00737
15	0.00706	0.00529	0.00637	0.00660	0.00767	0.00496	0.00474	0.05655	0.01188	0.01567	0.19745	0.40397	0.22715	0.01307	0.00605	0.00181	0.00285	0.01151	0.00484	0.00451
16	0.05558	0.04385	0.15239	0.00877	0.01162	0.00758	0.02868	0.02509	0.02820	0.11045	0.16544	0.23141	0.09205	0.00950	0.00540	0.00168	0.00410	0.00821	0.00429	0.00572
17	0.05008	0.06106	0.11977	0.01117	0.01487	0.11229	0.02993	0.31418	0.06270	0.02155	0.04988	0.01383	0.01046	0.05288	0.00632	0.00168	0.03384	0.00450	0.00377	0.02523

[dist]
# distance from previous block
# <min> <max>
0	20

[block]
# block no. 1 follows, 50 sequences, length 16
# corresponding to MSA columns:
# 86-101
name=unknown_B
#
# <colnr> <probs for GDERKNQSTAVLIFYWHMCP>
#	G	D	E	R	K	N	Q	S	T	A	V	L	I	F	Y	W	H	M	C	P
0	0.05450	0.02665	0.01140	0.01007	0.05262	0.03119	0.05928	0.07755	0.06286	0.07392	0.07983	0.14592	0.09726	0.01010	0.05828	0.00197	0.02204	0.00689	0.00402	0.11366
1	0.33544	0.06100	0.01307	0.01086	0.05223	0.14374	0.05149	0.14008	0.01261	0.05980	0.00981	0.04879	0.00808	0.00559	0.00451	0.00151	0.02762	0.00405	0.00340	0.00632
2	0.01318	0.01015	0.01245	0.04737	0.07818	0.01107	0.02938	0.10543	0.40080	0.09681	0.09018	0.05197	0.01671	0.00697	0.00519	0.00164	0.00436	0.00597	0.00478	0.00742
3	0.01234	0.01184	0.02023	0.03059	0.79373	0.01184	0.01530	0.01530	0.01135	0.01628	0.00938	0.01234	0.00790	0.00444	0.00493	0.00148	0.00592	0.00444	0.00247	0.00790
4	0.00749	0.00562	0.00675	0.00658	0.00795	0.00541	0.00490	0.01039	0.08708	0.03444	0.32259	0.14158	0.23802	0.02978	0.06658	0.00222	0.00355	0.00938	0.00485	0.00483
5	0.00719	0.00481	0.00545	0.00551	0.00553	0.00479	0.00310	0.00723	0.00736	0.00982	0.01630	0.07229	0.01887	0.78413	0.02441	0.00469	0.00473	0.00760	0.00310	0.00307
6	0.00608	0.00499	0.00536	0.00541	0.00689	0.00427	0.00400	0.00747	0.01159	0.01436	0.15774	0.12194	0.60751	0.01256	0.00594	0.00170	0.00253	0.01065	0.00476	0.00427
7	0.01862	0.02376	0.01413	0.01284	0.01541	0.80482	0.00963	0.01990	0.01413	0.01220	0.00770	0.00899	0.00642	0.00514	0.00449	0.00128	0.00899	0.00321	0.00257	0.00578
8	0.00650	0.00499	0.00596	0.00590	0.00716	0.00444	0.00435	0.00827	0.01253	0.01668	0.42339	0.13757	0.32070	0.01176	0.00594	0.00167	0.00248	0.01020	0.00506	0.00444
9	0.00946	0.00505	0.00522	0.00510	0.00634	0.00508	0.00384	0.04318	0.01115	0.01897	0.05617	0.04866	0.01509	0.00640	0.00377	0.00123	0.00248	0.00521	0.74281	0.00479
10	0.01140	0.01068	0.01479	0.01252	0.01317	0.01422	0.03198	0.08834	0.00944	0.01421	0.00798	0.01196	0.00739	0.01037	0.07332	0.00250	0.62802	0.00450	0.02751	0.00569
11	0.03272	0.36785	0.05596	0.01009	0.01382	0.15982	0.00912	0.07352	0.01245	0.15928	0.00988	0.01042	0.00764	0.00519	0.00473	0.00132	0.05271	0.00348	0.00319	0.00680
12	0.03851	0.17394	0.13827	0.01247	0.10667	0.02420	0.02249	0.10370	0.03765	0.14354	0.02350	0.01206	0.00883	0.00498	0.00437	0.00133	0.00529	0.00392	0.00345	0.13082
13	0.01196	0.03476	0.18763	0.03723	0.09649	0.09279	0.32560	0.01595	0.03267	0.03440	0.01129	0.07519	0.00946	0.00546	0.00531	0.00161	0.00723	0.00551	0.00274	0.00671
14	0.00729	0.00521	0.00649	0.00614	0.00752	0.00475	0.00464	0.00932	0.01310	0.04505	0.53405	0.03838	0.23535	0.01207	0.04678	0.00193	0.00303	0.00907	0.00515	0.00470
15	0.01034	0.00886	0.01034	0.00738	0.01181	0.00664	0.00591	0.01255	0.01034	0.01624	0.00886	0.01034	0.00738	0.00369	0.00369	0.00074	0.00369	0.00295	0.00295	0.85530

[dist]
# distance from previous block
# <min> <max>
0	1

[block]
# block no. 2 follows, 50 sequences, length 30
# corresponding to MSA columns:
# 103-105,147-173
name=unknown_C
#
# <colnr> <probs for GDERKNQSTAVLIFYWHMCP>
#	G	D	E	R	K	N	Q	S	T	A	V	L	I	F	Y	W	H	M	C	P
0	0.01190	0.01130	0.07621	0.07433	0.27039	0.01028	0.05325	0.12350	0.02226	0.04415	0.01361	0.13828	0.01258	0.00680	0.00516	0.00157	0.00535	0.03218	0.01303	0.07389
1	0.01034	0.00886	0.01034	0.00738	0.01181	0.00664	0.00591	0.01255	0.01034	0.01624	0.00886	0.01034	0.00738	0.00369	0.00369	0.00074	0.00369	0.00295	0.00295	0.85530
2	0.01253	0.24154	0.25219	0.04535	0.07142	0.01362	0.03337	0.09230	0.04718	0.04021	0.00958	0.01083	0.00742	0.00473	0.00430	0.00134	0.00586	0.00368	0.00280	0.09974
3	0.03048	0.15752	0.04463	0.00838	0.01107	0.00979	0.04820	0.03797	0.13754	0.01726	0.24746	0.04109	0.17274	0.00831	0.00513	0.00153	0.00387	0.00701	0.00425	0.00578
4	0.10998	0.27216	0.10304	0.00872	0.01320	0.02511	0.00833	0.04355	0.01081	0.05017	0.00861	0.00968	0.00696	0.00432	0.00370	0.00110	0.00482	0.00307	0.00282	0.30984
5	0.00723	0.00489	0.00573	0.00573	0.00583	0.00499	0.00339	0.00744	0.00734	0.00988	0.01543	0.03112	0.01747	0.73424	0.11506	0.00520	0.00581	0.00703	0.00298	0.00318
6	0.16509	0.25028	0.14427	0.01055	0.01461	0.13979	0.03857	0.06348	0.02879	0.04836	0.02784	0.01043	0.00782	0.00504	0.00436	0.00139	0.02648	0.00352	0.00287	0.00647
7	0.04609	0.00912	0.01083	0.00858	0.04751	0.00730	0.00647	0.03032	0.01080	0.05756	0.00944	0.01072	0.00761	0.00394	0.00382	0.00086	0.00387	0.00315	0.00315	0.71886
8	0.01424	0.02867	0.26180	0.05384	0.04212	0.10970	0.01204	0.20549	0.03401	0.09185	0.01235	0.07585	0.00993	0.00666	0.01784	0.00165	0.00635	0.00490	0.00356	0.00716
9	0.00874	0.00788	0.01010	0.01046	0.10286	0.03729	0.05737	0.01239	0.11467	0.01668	0.24563	0.03280	0.29136	0.02245	0.00593	0.00166	0.00374	0.00809	0.00443	0.00548
10	0.00784	0.00615	0.00724	0.00692	0.00842	0.00611	0.00519	0.01224	0.16922	0.01835	0.43517	0.11410	0.16295	0.01045	0.00577	0.00166	0.00276	0.00910	0.00517	0.00520
11	0.00859	0.00572	0.00789	0.08790	0.01028	0.00621	0.00572	0.00978	0.00837	0.07203	0.01439	0.02429	0.01427	0.36644	0.33090	0.00552	0.00835	0.00603	0.00305	0.00427
12	0.01228	0.01246	0.01282	0.00982	0.01385	0.17526	0.07343	0.01492	0.04064	0.01554	0.00916	0.01064	0.00749	0.00416	0.00410	0.00097	0.00522	0.00336	0.00292	0.57096
13	0.00727	0.00576	0.03228	0.00865	0.05655	0.00498	0.00590	0.00855	0.01009	0.04296	0.02721	0.62350	0.08867	0.01391	0.00616	0.00194	0.00331	0.04326	0.00447	0.00460
14	0.00676	0.00779	0.08677	0.00721	0.00973	0.00560	0.06534	0.00871	0.01131	0.01389	0.04317	0.04152	0.65171	0.01117	0.00577	0.00167	0.00347	0.00947	0.00421	0.00472
15	0.00861	0.00774	0.00975	0.00924	0.01107	0.06821	0.08383	0.01092	0.02412	0.01499	0.10391	0.04353	0.23808	0.01136	0.00620	0.00190	0.00452	0.33284	0.00433	0.00485
16	0.16621	0.12192	0.13651	0.04176	0.03496	0.22420	0.04427	0.05602	0.02141	0.09542	0.00943	0.01046	0.00712	0.00497	0.00429	0.00143	0.00644	0.00359	0.00303	0.00656
17	0.08249	0.07331	0.01347	0.01129	0.01392	0.61125	0.00864	0.01789	0.01315	0.01309	0.01190	0.01277	0.08529	0.00579	0.00444	0.00133	0.00770	0.00387	0.00279	0.00563
18	0.01195	0.15996	0.15139	0.07976	0.16384	0.01332	0.29797	0.01559	0.01112	0.03478	0.00935	0.01187	0.00726	0.00445	0.00495	0.00151	0.00699	0.00455	0.00244	0.00694
19	0.00866	0.00433	0.00649	0.00649	0.00649	0.00433	0.00433	0.00649	0.00649	0.00866	0.00866	0.01515	0.00866	0.01732	0.01948	0.85498	0.00433	0.00433	0.00216	0.00216
20	0.00977	0.02267	0.65840	0.01338	0.01956	0.01137	0.01652	0.01473	0.01030	0.01522	0.01194	0.01348	0.06747	0.00575	0.00599	0.00165	0.08826	0.00428	0.00231	0.00693
21	0.00617	0.00512	0.00544	0.00553	0.00713	0.00439	0.00427	0.00760	0.01153	0.01398	0.08951	0.04820	0.67333	0.01260	0.00599	0.00174	0.00272	0.08581	0.00467	0.00427
22	0.01034	0.00886	0.01034	0.00738	0.01181	0.00664	0.00591	0.01255	0.01034	0.01624	0.00886	0.01034	0.00738	0.00369	0.00369	0.00074	0.00369	0.00295	0.00295	0.85530
23	0.00610	0.00502	0.00538	0.00545	0.00695	0.00430	0.00408	0.00750	0.01157	0.01424	0.13795	0.10098	0.62710	0.01257	0.00595	0.00171	0.00259	0.03156	0.00473	0.00427
24	0.00656	0.00506	0.00605	0.00589	0.00722	0.00455	0.00441	0.00839	0.01256	0.01673	0.43196	0.07107	0.34062	0.01261	0.04235	0.00193	0.00294	0.00964	0.00498	0.00447
25	0.01012	0.00813	0.00916	0.00852	0.01053	0.00888	0.00648	0.01870	0.43557	0.03297	0.25738	0.12756	0.02720	0.00894	0.00548	0.00169	0.00333	0.00776	0.00516	0.00643
26	0.10298	0.01326	0.01389	0.01087	0.01467	0.01478	0.00894	0.63968	0.08357	0.02965	0.01214	0.01211	0.00871	0.00591	0.00480	0.00152	0.00520	0.00440	0.00480	0.00812
27	0.01389	0.01213	0.08631	0.06950	0.10501	0.02058	0.08363	0.20989	0.02481	0.10742	0.03447	0.06447	0.01113	0.00593	0.00496	0.00148	0.00540	0.00517	0.03037	0.10345
28	0.01035	0.01565	0.36077	0.01197	0.04755	0.00936	0.03359	0.03841	0.02235	0.06946	0.10104	0.02234	0.09767	0.00776	0.01823	0.00176	0.03683	0.06889	0.01955	0.00646
29	0.00984	0.00921	0.01549	0.58778	0.19734	0.01077	0.01353	0.01295	0.01034	0.01367	0.02775	0.05049	0.00904	0.00547	0.00506	0.00164	0.00622	0.00498	0.00245	0.00596

[dist]
# distance from previous block
# <min> <max>
0	1

[block]
# block no. 3 follows, 50 sequences, length 27
# corresponding to MSA columns:
# 175-201
name=unknown_D
#
# <colnr> <probs for GDERKNQSTAVLIFYWHMCP>
#	G	D	E	R	K	N	Q	S	T	A	V	L	I	F	Y	W	H	M	C	P
0	0.01123	0.04286	0.18882	0.05415	0.12257	0.02431	0.13334	0.03957	0.14781	0.02881	0.05638	0.03696	0.04087	0.00657	0.01612	0.00170	0.01698	0.02077	0.00331	0.00686
1	0.01398	0.59901	0.06859	0.00919	0.01344	0.01737	0.00900	0.05181	0.08913	0.07307	0.00959	0.01007	0.00782	0.00477	0.00370	0.00121	0.00524	0.00329	0.00286	0.00686
2	0.01156	0.01014	0.01405	0.05227	0.20531	0.02801	0.06390	0.03000	0.27068	0.03831	0.14374	0.01941	0.01724	0.02862	0.00595	0.00168	0.02128	0.00577	0.02520	0.00688
3	0.01333	0.82783	0.02612	0.00853	0.01279	0.01972	0.00853	0.01493	0.01013	0.01173	0.00693	0.00800	0.00640	0.00426	0.00320	0.00107	0.00533	0.00267	0.00213	0.00640
4	0.01280	0.01272	0.01978	0.02928	0.73616	0.07050	0.01488	0.01564	0.01155	0.01598	0.00925	0.01209	0.00779	0.00449	0.00490	0.00147	0.00615	0.00435	0.00247	0.00774
5	0.01316	0.01190	0.02005	0.02792	0.66791	0.01189	0.05824	0.05997	0.01221	0.05371	0.01005	0.01260	0.00812	0.00460	0.00500	0.00150	0.00596	0.00455	0.00279	0.00789
6	0.68396	0.02927	0.00986	0.01001	0.10874	0.01170	0.00704	0.01459	0.00883	0.02074	0.00722	0.00879	0.00580	0.00483	0.00409	0.00156	0.05127	0.00301	0.00293	0.00574
7	0.01280	0.03392	0.06617	0.01433	0.06128	0.14480	0.24413	0.07196	0.02533	0.05392	0.12331	0.01796	0.02560	0.07395	0.00696	0.00181	0.00648	0.00561	0.00339	0.00626
8	0.00879	0.00843	0.05661	0.00896	0.03962	0.01979	0.02896	0.01161	0.05578	0.01593	0.14257	0.23249	0.05235	0.00885	0.00520	0.00147	0.00379	0.03044	0.00395	0.26442
9	0.01218	0.00708	0.00745	0.00648	0.00845	0.00739	0.00510	0.19898	0.01378	0.05353	0.01535	0.01690	0.01171	0.00587	0.00391	0.00126	0.00317	0.00462	0.61105	0.00574
10	0.00775	0.00589	0.00795	0.03607	0.00943	0.00655	0.00595	0.03853	0.03776	0.01296	0.04299	0.10806	0.06146	0.14219	0.43229	0.00552	0.02394	0.00690	0.00329	0.00453
11	0.00702	0.00507	0.00663	0.00629	0.00744	0.00468	0.00470	0.00932	0.01395	0.01973	0.76409	0.06498	0.04653	0.01038	0.00590	0.00158	0.00237	0.00920	0.00546	0.00468
12	0.00911	0.00591	0.00770	0.00729	0.00827	0.00631	0.00540	0.09913	0.01007	0.01412	0.06540	0.03785	0.04069	0.06748	0.25933	0.26773	0.00691	0.00560	0.07155	0.00415
13	0.01333	0.82783	0.02612	0.00853	0.01279	0.01972	0.00853	0.01493	0.01013	0.01173	0.00693	0.00800	0.00640	0.00426	0.00320	0.00107	0.00533	0.00267	0.00213	0.00640
14	0.00929	0.00465	0.00465	0.00465	0.00581	0.00465	0.00348	0.01161	0.01045	0.01858	0.01626	0.01858	0.01278	0.00581	0.00348	0.00116	0.00232	0.00465	0.85250	0.00465
15	0.00826	0.00482	0.00502	0.00504	0.00632	0.00459	0.00382	0.01033	0.01098	0.01732	0.08216	0.02843	0.20238	0.00807	0.00437	0.00136	0.00246	0.03521	0.55452	0.00454
16	0.00659	0.00534	0.00589	0.00574	0.00731	0.00477	0.00434	0.00880	0.04840	0.01579	0.27006	0.04356	0.51632	0.01165	0.00587	0.00166	0.00258	0.02587	0.00491	0.00454
17	0.01877	0.02251	0.01410	0.01260	0.01532	0.71903	0.00954	0.07607	0.01482	0.04059	0.00843	0.00948	0.00678	0.00523	0.00455	0.00131	0.00857	0.00337	0.00287	0.00607
18	0.01434	0.07975	0.01343	0.01013	0.01340	0.01326	0.00820	0.30185	0.34391	0.02319	0.01608	0.07426	0.01292	0.00678	0.00491	0.00155	0.00454	0.00547	0.00466	0.04738
19	0.01317	0.12899	0.14762	0.03538	0.16962	0.03895	0.06276	0.12375	0.09383	0.05629	0.03890	0.04674	0.01079	0.00569	0.00482	0.00150	0.00576	0.00484	0.00336	0.00723
20	0.00999	0.00511	0.00573	0.00547	0.00689	0.00487	0.00414	0.01211	0.01129	0.10067	0.11299	0.07856	0.06349	0.00746	0.00428	0.00134	0.00258	0.00622	0.55184	0.00499
21	0.00784	0.00540	0.00680	0.00700	0.00793	0.00521	0.00518	0.03512	0.01121	0.03670	0.19710	0.21010	0.08466	0.18880	0.01037	0.00253	0.00364	0.16552	0.00452	0.00437
22	0.04563	0.11050	0.21113	0.10742	0.10463	0.01303	0.26465	0.05559	0.01151	0.01617	0.00920	0.01168	0.00702	0.00456	0.00493	0.00155	0.00700	0.00446	0.00249	0.00687
23	0.01046	0.00535	0.00746	0.00692	0.00780	0.00512	0.00490	0.00975	0.03652	0.10496	0.01181	0.01630	0.03518	0.01463	0.01584	0.64260	0.00421	0.00458	0.00288	0.05272
24	0.00986	0.00618	0.00697	0.00634	0.00815	0.00585	0.00484	0.08802	0.01291	0.09788	0.15965	0.07768	0.27612	0.03756	0.00591	0.00165	0.00303	0.00799	0.17820	0.00520
25	0.02212	0.02254	0.07185	0.13006	0.01940	0.04646	0.24752	0.03725	0.02150	0.04478	0.05301	0.09019	0.01395	0.04523	0.00684	0.00186	0.03713	0.06190	0.02052	0.00590
26	0.01128	0.07430	0.12920	0.07459	0.18925	0.03668	0.04105	0.07001	0.01225	0.04616	0.08233	0.05136	0.10595	0.00690	0.00523	0.00156	0.01629	0.02250	0.01668	0.00646

[dist]
# distance from previous block
# <min> <max>
0	2

[block]
# block no. 4 follows, 50 sequences, length 20
# corresponding to MSA columns:
# 204-223
name=unknown_E
#
# <colnr> <probs for GDERKNQSTAVLIFYWHMCP>
#	G	D	E	R	K	N	Q	S	T	A	V	L	I	F	Y	W	H	M	C	P
0	0.01589	0.25132	0.09103	0.01114	0.01497	0.24934	0.00995	0.23025	0.01499	0.01777	0.00904	0.01014	0.00724	0.00646	0.03846	0.00160	0.00699	0.00355	0.00308	0.00681
1	0.01012	0.00899	0.05310	0.03968	0.15058	0.02898	0.00832	0.06497	0.02695	0.06134	0.05557	0.16114	0.15970	0.02468	0.08850	0.00233	0.00530	0.00751	0.00384	0.03840
2	0.01227	0.27768	0.23562	0.01460	0.01985	0.07044	0.27159	0.01586	0.01107	0.01430	0.00860	0.01060	0.00677	0.00443	0.00462	0.00143	0.00718	0.00407	0.00229	0.00673
3	0.00616	0.00447	0.00581	0.00673	0.00721	0.00412	0.00457	0.00720	0.01013	0.01349	0.10397	0.68585	0.09216	0.01486	0.00628	0.00195	0.00281	0.01339	0.00471	0.00412
4	0.01050	0.00976	0.01619	0.50878	0.26704	0.01116	0.01374	0.03965	0.01084	0.01448	0.00993	0.04788	0.00823	0.00531	0.00503	0.00162	0.00622	0.00486	0.00249	0.00630
5	0.01263	0.03433	0.31243	0.01300	0.05014	0.01124	0.06285	0.16696	0.06056	0.07829	0.01391	0.10722	0.01183	0.00676	0.00515	0.00164	0.00589	0.03441	0.00360	0.00717
6	0.00592	0.00493	0.00518	0.00538	0.00682	0.00418	0.00393	0.00712	0.01104	0.01334	0.04649	0.18264	0.65963	0.01314	0.00597	0.00174	0.00259	0.01116	0.00463	0.00418
7	0.00745	0.00496	0.00649	0.00710	0.00783	0.00469	0.00494	0.00916	0.04356	0.06093	0.13390	0.62915	0.03295	0.01391	0.00616	0.00192	0.00294	0.01254	0.00486	0.00457
8	0.00712	0.00590	0.00640	0.00627	0.00779	0.02974	0.00481	0.00932	0.03915	0.01621	0.31895	0.04249	0.40051	0.01139	0.00590	0.00168	0.00289	0.07397	0.00489	0.00460
9	0.01000	0.02578	0.79900	0.01421	0.02157	0.01158	0.01842	0.01579	0.01052	0.01579	0.00895	0.01052	0.00631	0.00474	0.00474	0.00158	0.00737	0.00368	0.00210	0.00737
10	0.00931	0.00544	0.00733	0.00713	0.00762	0.00573	0.00495	0.00997	0.14197	0.01078	0.01068	0.01575	0.00980	0.01548	0.01697	0.70644	0.00426	0.00456	0.00267	0.00316
11	0.01046	0.00548	0.00566	0.00530	0.00677	0.00555	0.00406	0.06935	0.01156	0.04636	0.01606	0.01803	0.01244	0.00583	0.00365	0.00120	0.00263	0.00465	0.75992	0.00506
12	0.00627	0.00476	0.00576	0.00643	0.00731	0.00431	0.00462	0.00743	0.01043	0.01332	0.05773	0.42615	0.29912	0.04026	0.00684	0.00201	0.00298	0.08553	0.00460	0.00414
13	0.09320	0.02420	0.72151	0.01346	0.02041	0.01154	0.01714	0.01567	0.01032	0.01643	0.00875	0.01029	0.00622	0.00472	0.00457	0.00157	0.00702	0.00359	0.00220	0.00717
14	0.01670	0.01153	0.01275	0.01025	0.01349	0.01244	0.00826	0.55499	0.01983	0.09323	0.01546	0.15353	0.01320	0.00767	0.00518	0.00158	0.00483	0.00622	0.03126	0.00759
15	0.00808	0.00508	0.00582	0.00555	0.00696	0.00467	0.00419	0.01014	0.01227	0.04900	0.32941	0.03321	0.22149	0.00925	0.00509	0.00147	0.00246	0.00785	0.27330	0.00471
16	0.01019	0.07320	0.75330	0.01387	0.02105	0.01206	0.01783	0.01573	0.01050	0.01555	0.00883	0.01037	0.00632	0.00471	0.00464	0.00155	0.00725	0.00362	0.00211	0.00731
17	0.00702	0.06746	0.00769	0.00718	0.00810	0.00566	0.00538	0.00823	0.00998	0.01293	0.02750	0.47180	0.12199	0.04988	0.03757	0.00231	0.00380	0.13692	0.00429	0.00431
18	0.01062	0.00996	0.01263	0.37323	0.02199	0.11722	0.04322	0.03195	0.01131	0.03700	0.03072	0.12426	0.05063	0.00767	0.00532	0.00169	0.00586	0.07103	0.02830	0.00540
19	0.07563	0.07798	0.18796	0.01123	0.01460	0.03427	0.08124	0.08445	0.01079	0.02632	0.01086	0.03810	0.00956	0.06945	0.17289	0.00315	0.07795	0.00477	0.00282	0.00598

[dist]
# distance from previous block
# <min> <max>
4	6

[block]
# block no. 5 follows, 50 sequences, length 14
# corresponding to MSA columns:
# 260-273
name=unknown_F
#
# <colnr> <probs for GDERKNQSTAVLIFYWHMCP>
#	G	D	E	R	K	N	Q	S	T	A	V	L	I	F	Y	W	H	M	C	P
0	0.01073	0.04579	0.17654	0.52908	0.02879	0.01200	0.01409	0.09674	0.01156	0.01536	0.00914	0.01236	0.00677	0.00501	0.00486	0.00160	0.00661	0.00421	0.00249	0.00627
1	0.01102	0.25501	0.21014	0.29610	0.05128	0.01387	0.01304	0.01517	0.06333	0.01387	0.00911	0.01138	0.00712	0.00481	0.00440	0.00146	0.00622	0.00381	0.00237	0.00649
2	0.01344	0.06357	0.24216	0.02902	0.11813	0.06525	0.03683	0.07253	0.08798	0.10613	0.02835	0.01291	0.00922	0.00565	0.00596	0.00158	0.08645	0.00436	0.00325	0.00723
3	0.00652	0.00498	0.00616	0.00631	0.00731	0.00481	0.00457	0.00785	0.01013	0.01331	0.12987	0.17156	0.28805	0.10575	0.20609	0.00363	0.00550	0.00932	0.00408	0.00418
4	0.01720	0.01079	0.01324	0.01228	0.10374	0.01120	0.00886	0.24838	0.17854	0.26954	0.06067	0.01644	0.01327	0.00627	0.00506	0.00155	0.00464	0.00515	0.00512	0.00807
5	0.00706	0.00510	0.00593	0.00613	0.00667	0.00502	0.00399	0.00831	0.04703	0.01189	0.04360	0.19810	0.13923	0.42417	0.04517	0.00359	0.00428	0.02716	0.00379	0.00379
6	0.01034	0.00886	0.01034	0.00738	0.01181	0.00664	0.00591	0.01255	0.01034	0.01624	0.00886	0.01034	0.00738	0.00369	0.00369	0.00074	0.00369	0.00295	0.00295	0.85530
7	0.01248	0.01228	0.01957	0.07974	0.70409	0.05360	0.01491	0.01538	0.01141	0.01584	0.00925	0.01222	0.00774	0.00451	0.00491	0.00148	0.00613	0.00438	0.00246	0.00763
8	0.00711	0.00508	0.00697	0.00812	0.00886	0.00494	0.00642	0.00873	0.01056	0.01388	0.02690	0.41769	0.03071	0.01464	0.00664	0.00217	0.00379	0.40785	0.00461	0.00433
9	0.01054	0.00904	0.01406	0.17069	0.31846	0.00953	0.01110	0.01428	0.09628	0.04493	0.03635	0.18856	0.01571	0.00771	0.00535	0.00169	0.00499	0.03081	0.00346	0.00645
10	0.01436	0.01009	0.01278	0.01201	0.10350	0.01062	0.04027	0.32602	0.01568	0.09378	0.01398	0.05394	0.01171	0.10196	0.07060	0.00239	0.00566	0.00544	0.08840	0.00681
11	0.01234	0.01184	0.02023	0.03059	0.79373	0.01184	0.01530	0.01530	0.01135	0.01628	0.00938	0.01234	0.00790	0.00444	0.00493	0.00148	0.00592	0.00444	0.00247	0.00790
12	0.79286	0.00953	0.00772	0.00742	0.04008	0.01095	0.00571	0.01456	0.00867	0.02197	0.00741	0.00868	0.00579	0.00467	0.00317	0.00152	0.00387	0.00285	0.03711	0.00547
13	0.01331	0.12976	0.26969	0.01183	0.01646	0.08064	0.05175	0.10106	0.07262	0.08311	0.03669	0.01379	0.03884	0.00570	0.00517	0.00150	0.03859	0.00441	0.00328	0.02182

[dist]
# distance from previous block
# <min> <max>
4	18

[block]
# block no. 6 follows, 50 sequences, length 8
# corresponding to MSA columns:
# 292-299
name=unknown_G
#
# <colnr> <probs for GDERKNQSTAVLIFYWHMCP>
#	G	D	E	R	K	N	Q	S	T	A	V	L	I	F	Y	W	H	M	C	P
0	0.00988	0.03895	0.52398	0.01389	0.07615	0.02752	0.03095	0.01461	0.02649	0.01572	0.06233	0.06798	0.04064	0.00630	0.00501	0.00161	0.00634	0.02213	0.00274	0.00678
1	0.00644	0.00495	0.00591	0.00605	0.00724	0.00442	0.00447	0.00806	0.01199	0.01574	0.31309	0.20361	0.33374	0.01241	0.00603	0.00174	0.00262	0.04219	0.00494	0.00437
2	0.00937	0.00945	0.08657	0.14446	0.06618	0.00850	0.00905	0.06009	0.08482	0.01544	0.01724	0.31509	0.01778	0.02803	0.00611	0.00177	0.02454	0.00804	0.00365	0.08381
3	0.01436	0.01237	0.04859	0.06723	0.16788	0.11021	0.04128	0.12404	0.05737	0.13867	0.03746	0.05186	0.05756	0.00662	0.00540	0.02149	0.00557	0.00537	0.00384	0.02282
4	0.01370	0.18460	0.27892	0.03504	0.07218	0.09446	0.05306	0.17850	0.01367	0.01789	0.00914	0.01051	0.00699	0.00490	0.00453	0.00143	0.00665	0.00379	0.00282	0.00720
5	0.06305	0.20730	0.38726	0.01274	0.01825	0.01331	0.11216	0.05137	0.01103	0.01583	0.00975	0.05843	0.00813	0.00526	0.00454	0.00149	0.00646	0.00433	0.00251	0.00679
6	0.03164	0.05695	0.00802	0.00760	0.00857	0.09117	0.00549	0.00924	0.01017	0.01291	0.02449	0.53672	0.07652	0.04705	0.00667	0.00198	0.00387	0.05238	0.00414	0.00441
7	0.03081	0.09172	0.13940	0.01312	0.10545	0.08736	0.02301	0.10126	0.15056	0.05805	0.01479	0.03674	0.04790	0.00701	0.02075	0.00169	0.02341	0.03644	0.00358	0.00696

[dist]
# distance from previous block
# <min> <max>
5	18

[block]
# block no. 7 follows, 50 sequences, length 12
# corresponding to MSA columns:
# 332-343
name=unknown_H
#
# <colnr> <probs for GDERKNQSTAVLIFYWHMCP>
#	G	D	E	R	K	N	Q	S	T	A	V	L	I	F	Y	W	H	M	C	P
0	0.03868	0.20866	0.03425	0.03693	0.07284	0.27863	0.00987	0.19800	0.02828	0.03616	0.00920	0.01021	0.00728	0.00511	0.00434	0.00134	0.00662	0.00360	0.00315	0.00684
1	0.06483	0.25610	0.27947	0.01106	0.01586	0.09912	0.01165	0.10507	0.04001	0.01684	0.04943	0.01131	0.00898	0.00514	0.00426	0.00139	0.00613	0.00372	0.00284	0.00680
2	0.01170	0.01026	0.06531	0.00879	0.01289	0.00817	0.02881	0.04066	0.12422	0.08592	0.05735	0.01466	0.02871	0.00509	0.00436	0.00113	0.00412	0.00422	0.00372	0.47991
3	0.01137	0.04965	0.01276	0.06791	0.01410	0.03506	0.09932	0.09377	0.09072	0.08588	0.06304	0.23597	0.05156	0.00928	0.00558	0.00173	0.00471	0.05735	0.00427	0.00597
4	0.17528	0.03414	0.05707	0.01161	0.05323	0.07738	0.04467	0.29505	0.04284	0.12053	0.03364	0.01248	0.00931	0.00556	0.00460	0.00150	0.00542	0.00425	0.00413	0.00733
5	0.00726	0.00537	0.00630	0.00643	0.00739	0.00510	0.00448	0.06050	0.01119	0.01468	0.13760	0.32722	0.21689	0.15513	0.00941	0.00233	0.00324	0.01067	0.00449	0.00431
6	0.00636	0.00461	0.00559	0.00623	0.00698	0.00420	0.00431	0.00752	0.01035	0.01381	0.09306	0.49351	0.21737	0.03561	0.00652	0.00192	0.00277	0.01202	0.06311	0.00415
7	0.01080	0.04956	0.36740	0.12293	0.10242	0.01186	0.15794	0.01531	0.02364	0.03001	0.00999	0.03577	0.00781	0.00511	0.00531	0.00161	0.02857	0.00462	0.00244	0.00690
8	0.06644	0.05298	0.16241	0.02337	0.02624	0.00837	0.00937	0.01336	0.01086	0.12569	0.01917	0.14966	0.04544	0.00968	0.00617	0.01850	0.03375	0.20888	0.00390	0.00578
9	0.01054	0.00940	0.01483	0.27672	0.21945	0.01033	0.04402	0.08756	0.01164	0.01569	0.01404	0.16033	0.02617	0.00746	0.00580	0.00171	0.03733	0.03769	0.00314	0.00615
10	0.06199	0.02667	0.07825	0.40469	0.09306	0.05223	0.01233	0.06826	0.06706	0.07276	0.01052	0.01292	0.00779	0.00517	0.00480	0.00158	0.00612	0.00431	0.00298	0.00650
11	0.05477	0.27890	0.08043	0.01008	0.04371	0.03375	0.00882	0.17080	0.03024	0.05402	0.02501	0.02859	0.05623	0.02907	0.02143	0.00157	0.00528	0.00436	0.00337	0.05955

[dist]
# distance from previous block
# <min> <max>
2	23

[block]
# block no. 8 follows, 50 sequences, length 11
# corresponding to MSA columns:
# 376-386
name=unknown_I
#
# <colnr> <probs for GDERKNQSTAVLIFYWHMCP>
#	G	D	E	R	K	N	Q	S	T	A	V	L	I	F	Y	W	H	M	C	P
0	0.13328	0.15782	0.09778	0.05299	0.03604	0.06221	0.12158	0.03439	0.05655	0.03972	0.06808	0.01294	0.01035	0.00517	0.00463	0.00142	0.01954	0.00424	0.00305	0.07823
1	0.07943	0.07284	0.14837	0.02355	0.08647	0.05032	0.02094	0.10418	0.11909	0.08770	0.01356	0.09183	0.01142	0.00637	0.00475	0.00153	0.00525	0.01620	0.00368	0.05252
2	0.07179	0.00769	0.06784	0.00865	0.01043	0.00646	0.04615	0.04721	0.01057	0.01518	0.02172	0.49769	0.02452	0.01206	0.00580	0.00186	0.00392	0.08364	0.00413	0.05268
3	0.01121	0.01252	0.08770	0.00985	0.05365	0.12720	0.00796	0.01357	0.01108	0.01531	0.01292	0.01405	0.08624	0.00495	0.00420	0.00104	0.00485	0.00390	0.00296	0.51484
4	0.07610	0.18500	0.01344	0.00825	0.01170	0.03556	0.00688	0.10870	0.06370	0.04041	0.01467	0.09241	0.06913	0.00632	0.00428	0.00126	0.00431	0.00497	0.00355	0.24934
5	0.00710	0.00539	0.00712	0.08549	0.01028	0.00539	0.00571	0.05084	0.01055	0.01385	0.02711	0.61932	0.10553	0.01374	0.00610	0.00192	0.00337	0.01231	0.00441	0.00446
6	0.00862	0.00653	0.00856	0.00787	0.00895	0.00658	0.06252	0.06722	0.04785	0.01348	0.01969	0.10953	0.06421	0.43718	0.01615	0.00343	0.00475	0.09890	0.00367	0.00431
7	0.01376	0.04170	0.01249	0.00951	0.01329	0.20454	0.00753	0.11584	0.07136	0.01743	0.00978	0.01076	0.00785	0.00460	0.00415	0.00105	0.00530	0.00341	0.00326	0.44240
8	0.09227	0.00909	0.03680	0.14819	0.03688	0.05464	0.05341	0.02374	0.04623	0.03667	0.12305	0.11926	0.16985	0.00845	0.00526	0.00164	0.00455	0.00726	0.00382	0.01895
9	0.15231	0.04972	0.03378	0.03799	0.04021	0.20414	0.07443	0.05085	0.05429	0.07798	0.01253	0.07331	0.03288	0.00607	0.00476	0.00147	0.01823	0.00480	0.00337	0.06689
10	0.17421	0.07376	0.02486	0.03926	0.07026	0.10181	0.06418	0.14935	0.03652	0.12899	0.01105	0.01239	0.00835	0.00532	0.00464	0.00146	0.01752	0.01815	0.00366	0.05426

[dist]
# distance from previous block
# <min> <max>
6	34

[block]
# block no. 9 follows, 50 sequences, length 11
# corresponding to MSA columns:
# 427-437
name=unknown_J
#
# <colnr> <probs for GDERKNQSTAVLIFYWHMCP>
#	G	D	E	R	K	N	Q	S	T	A	V	L	I	F	Y	W	H	M	C	P
0	0.01043	0.12986	0.69871	0.01347	0.02043	0.01263	0.01713	0.01567	0.01047	0.01526	0.00868	0.01020	0.00632	0.00467	0.00454	0.00151	0.00710	0.00355	0.00211	0.00724
1	0.00647	0.00541	0.00626	0.00689	0.05339	0.00473	0.00468	0.00798	0.01167	0.01463	0.16537	0.10021	0.57077	0.01197	0.00587	0.00168	0.00272	0.01018	0.00464	0.00449
2	0.08636	0.17393	0.17283	0.01175	0.04850	0.11335	0.03293	0.07409	0.12101	0.01719	0.05626	0.01262	0.01022	0.00543	0.00469	0.00144	0.02508	0.00409	0.00314	0.02508
3	0.03390	0.13531	0.13330	0.03001	0.02929	0.08761	0.03400	0.12454	0.08694	0.03607	0.03559	0.03620	0.02830	0.02179	0.02780	0.00164	0.00576	0.00454	0.00335	0.10405
4	0.03788	0.05453	0.08723	0.02720	0.04746	0.03837	0.03048	0.06958	0.04290	0.03304	0.03035	0.17544	0.01784	0.00901	0.00557	0.00171	0.02268	0.16214	0.04956	0.05703
5	0.03766	0.14799	0.08139	0.07578	0.05858	0.06085	0.03149	0.16113	0.07467	0.01774	0.02683	0.03655	0.01000	0.00647	0.00600	0.03410	0.06040	0.02719	0.00325	0.04193
6	0.00930	0.03220	0.01116	0.03880	0.11419	0.00778	0.05497	0.01228	0.08070	0.05716	0.07844	0.17187	0.22877	0.00994	0.00600	0.00173	0.03016	0.04481	0.00415	0.00559
7	0.01376	0.09638	0.09815	0.02572	0.11926	0.05619	0.02082	0.14003	0.05235	0.10025	0.01351	0.05674	0.04400	0.00642	0.00600	0.00154	0.09039	0.00496	0.00354	0.05000
8	0.03383	0.04601	0.10849	0.05208	0.08905	0.01043	0.07072	0.09316	0.04174	0.06507	0.03712	0.08627	0.05742	0.00722	0.00593	0.00161	0.06389	0.05023	0.00354	0.07621
9	0.02964	0.05140	0.08650	0.14421	0.12621	0.04975	0.01044	0.09046	0.08257	0.06682	0.05569	0.04561	0.03036	0.00591	0.00479	0.00146	0.00527	0.00494	0.00347	0.10451
10	0.04976	0.02634	0.06944	0.04097	0.21152	0.07820	0.04958	0.06365	0.07092	0.03134	0.05089	0.04027	0.08277	0.00645	0.00519	0.00152	0.02184	0.02357	0.01792	0.05787

[dist]
# distance from previous block
# <min> <max>
2	59

[block]
# block no. 10 follows, 50 sequences, length 14
# corresponding to MSA columns:
# 497-510
name=unknown_K
#
# <colnr> <probs for GDERKNQSTAVLIFYWHMCP>
#	G	D	E	R	K	N	Q	S	T	A	V	L	I	F	Y	W	H	M	C	P
0	0.08458	0.03699	0.16739	0.01291	0.07121	0.01069	0.12735	0.07784	0.07296	0.06590	0.04673	0.03042	0.06928	0.00594	0.00504	0.00151	0.01724	0.00513	0.00346	0.08744
1	0.01111	0.01068	0.06144	0.08004	0.19854	0.04951	0.04200	0.05488	0.05268	0.04934	0.06649	0.16990	0.03833	0.00749	0.00520	0.00156	0.00501	0.00668	0.00358	0.08551
2	0.02671	0.07920	0.12273	0.11816	0.25571	0.01198	0.02764	0.06259	0.11708	0.04255	0.02521	0.02895	0.00969	0.00529	0.00477	0.00150	0.00560	0.00458	0.00312	0.04696
3	0.01303	0.08183	0.10502	0.04867	0.12776	0.08128	0.03213	0.09712	0.04451	0.06646	0.05868	0.03390	0.01098	0.00540	0.00462	0.00134	0.00544	0.00446	0.00334	0.17403
4	0.00674	0.00495	0.00624	0.00664	0.00756	0.00459	0.00473	0.00804	0.01024	0.01389	0.11078	0.41357	0.14024	0.05629	0.06702	0.00243	0.00376	0.04437	0.03565	0.05227
5	0.01262	0.06420	0.15675	0.04915	0.08004	0.12943	0.05741	0.09377	0.10778	0.01686	0.04999	0.01550	0.06159	0.00622	0.00591	0.00157	0.07644	0.00486	0.00323	0.00667
6	0.00696	0.00505	0.00664	0.00674	0.00735	0.00536	0.00475	0.00799	0.00820	0.01119	0.01896	0.09745	0.09065	0.30538	0.38877	0.00578	0.00845	0.00727	0.00315	0.00390
7	0.01429	0.19710	0.14564	0.03591	0.07345	0.07855	0.02945	0.17942	0.11043	0.05122	0.03076	0.01238	0.00935	0.00535	0.00456	0.00143	0.00586	0.00415	0.00343	0.00727
8	0.00742	0.00573	0.00706	0.00671	0.00789	0.00569	0.00500	0.01015	0.06881	0.01753	0.48528	0.08773	0.14899	0.06373	0.00766	0.00187	0.04408	0.00898	0.00494	0.00475
9	0.05106	0.01140	0.01267	0.06683	0.05814	0.06885	0.03362	0.17840	0.25808	0.03478	0.06021	0.01851	0.07094	0.02692	0.00583	0.00168	0.02544	0.00549	0.00424	0.00693
10	0.00783	0.03451	0.00776	0.00763	0.00872	0.00606	0.00608	0.00994	0.04491	0.01384	0.07431	0.08007	0.09986	0.19000	0.05061	0.00294	0.00465	0.34172	0.00415	0.00440
11	0.22321	0.01049	0.01364	0.19655	0.13704	0.02755	0.04297	0.07330	0.06949	0.01770	0.01065	0.01339	0.02713	0.03439	0.00634	0.00175	0.08084	0.00438	0.00301	0.00619
12	0.01226	0.01173	0.01778	0.14646	0.50822	0.04646	0.01355	0.04515	0.04818	0.01627	0.00974	0.01246	0.00794	0.00477	0.00511	0.00148	0.02400	0.00435	0.00268	0.06141
13	0.01000	0.00832	0.04887	0.04674	0.04191	0.00745	0.00695	0.04022	0.12250	0.07471	0.06664	0.14275	0.13427	0.08819	0.02377	0.00201	0.00418	0.00734	0.00413	0.11907

[dist]
# distance from previous block
# <min> <max>
1	12

[block]
# block no. 11 follows, 50 sequences, length 9
# corresponding to MSA columns:
# 523-531
name=unknown_L
#
# <colnr> <probs for GDERKNQSTAVLIFYWHMCP>
#	G	D	E	R	K	N	Q	S	T	A	V	L	I	F	Y	W	H	M	C	P
0	0.04229	0.04646	0.01060	0.00884	0.01051	0.08446	0.00690	0.07003	0.01050	0.11364	0.01277	0.01811	0.01145	0.15361	0.30043	0.00445	0.08125	0.00504	0.00329	0.00537
1	0.01218	0.05109	0.05679	0.03724	0.31935	0.10353	0.10830	0.03149	0.02604	0.01501	0.01132	0.07589	0.02270	0.02073	0.00653	0.00165	0.08546	0.00529	0.00274	0.00668
2	0.00659	0.00482	0.00608	0.00672	0.00720	0.00472	0.00461	0.00755	0.00964	0.01301	0.05436	0.54957	0.11617	0.09573	0.00853	0.00222	0.04079	0.01196	0.04567	0.00408
3	0.01059	0.00890	0.05145	0.18537	0.19207	0.00859	0.02965	0.01312	0.01052	0.08832	0.01454	0.11141	0.01339	0.04967	0.08006	0.00239	0.00598	0.05091	0.06712	0.00595
4	0.00640	0.00495	0.00583	0.00587	0.00711	0.00438	0.00430	0.00804	0.01218	0.01600	0.34918	0.17493	0.35863	0.01214	0.00597	0.00169	0.00252	0.01052	0.00498	0.00438
5	0.01048	0.06037	0.18170	0.01732	0.25923	0.01010	0.09270	0.01372	0.01151	0.03764	0.13288	0.08110	0.05638	0.00670	0.00520	0.00157	0.00545	0.00613	0.00322	0.00661
6	0.00674	0.00494	0.00567	0.00563	0.00645	0.00457	0.00378	0.00778	0.01041	0.01371	0.23409	0.08054	0.25369	0.32515	0.01342	0.00288	0.00339	0.00905	0.00424	0.00387
7	0.01201	0.11831	0.19356	0.04406	0.05467	0.01249	0.06983	0.09219	0.16403	0.03493	0.08871	0.01530	0.01276	0.00592	0.00535	0.00155	0.04167	0.00486	0.02083	0.00698
8	0.03249	0.01177	0.01199	0.00969	0.01280	0.05568	0.00776	0.45095	0.06673	0.02480	0.01405	0.01543	0.03590	0.05187	0.03114	0.00182	0.00519	0.00478	0.10625	0.04891

[dist]
# distance from previous block
# <min> <max>
6	12

[block]
# block no. 12 follows, 50 sequences, length 6
# corresponding to MSA columns:
# 546-551
name=unknown_M
#
# <colnr> <probs for GDERKNQSTAVLIFYWHMCP>
#	G	D	E	R	K	N	Q	S	T	A	V	L	I	F	Y	W	H	M	C	P
0	0.03235	0.01287	0.08505	0.09305	0.04967	0.05587	0.09705	0.20586	0.05669	0.07406	0.01239	0.03836	0.01013	0.04216	0.02716	0.00194	0.06709	0.02784	0.00360	0.00680
1	0.00695	0.00517	0.00734	0.00743	0.00826	0.00571	0.00559	0.00850	0.00863	0.01209	0.05788	0.09848	0.06617	0.09487	0.57575	0.00646	0.01043	0.00684	0.00315	0.00430
2	0.01339	0.23801	0.03128	0.04190	0.04999	0.10655	0.00875	0.13770	0.06756	0.03294	0.07192	0.05843	0.01271	0.02586	0.00561	0.00151	0.04853	0.00486	0.03610	0.00640
3	0.03252	0.01209	0.09625	0.03930	0.11024	0.01049	0.06731	0.14209	0.09056	0.12829	0.01283	0.03525	0.00991	0.02763	0.00534	0.00151	0.00521	0.00470	0.00380	0.16468
4	0.07804	0.08184	0.07872	0.04462	0.11418	0.04803	0.04809	0.20075	0.10787	0.06374	0.01349	0.03882	0.03175	0.00603	0.00481	0.00154	0.00547	0.02131	0.00376	0.00717
5	0.06103	0.17074	0.16319	0.01199	0.06675	0.17839	0.01044	0.09708	0.06866	0.01631	0.01098	0.01276	0.03173	0.04895	0.00547	0.00156	0.00619	0.00399	0.00296	0.03083

[dist]
# distance from previous block
# <min> <max>
8	25

[block]
# block no. 13 follows, 50 sequences, length 10
# corresponding to MSA columns:
# 581-590
name=unknown_N
#
# <colnr> <probs for GDERKNQSTAVLIFYWHMCP>
#	G	D	E	R	K	N	Q	S	T	A	V	L	I	F	Y	W	H	M	C	P
0	0.00631	0.00461	0.00598	0.00680	0.00735	0.00436	0.00472	0.00739	0.00989	0.01311	0.07351	0.57176	0.11435	0.05049	0.06185	0.00250	0.00369	0.04276	0.00447	0.00411
1	0.01261	0.09279	0.21037	0.05594	0.10098	0.03946	0.14365	0.07521	0.07411	0.06110	0.03897	0.01335	0.00957	0.00525	0.00516	0.00154	0.02552	0.00459	0.02278	0.00706
2	0.00624	0.00495	0.00550	0.00558	0.00686	0.00433	0.00404	0.00759	0.01140	0.01445	0.19647	0.14925	0.48567	0.06642	0.00724	0.00191	0.00269	0.01049	0.00470	0.00421
3	0.06749	0.03189	0.01027	0.00742	0.01132	0.00714	0.00595	0.01334	0.01066	0.08716	0.04044	0.06356	0.01081	0.00500	0.00401	0.00099	0.00370	0.00406	0.00343	0.61137
4	0.00624	0.00454	0.00590	0.00678	0.00733	0.00420	0.00469	0.00735	0.01027	0.01366	0.11205	0.63839	0.10254	0.01469	0.00629	0.00195	0.00286	0.04140	0.00472	0.00415
5	0.01157	0.00893	0.01042	0.00765	0.01170	0.00721	0.00606	0.06839	0.01134	0.07043	0.01029	0.01244	0.00854	0.06031	0.00536	0.00113	0.00394	0.00350	0.00333	0.67747
6	0.03272	0.06539	0.05007	0.07968	0.14243	0.16446	0.05783	0.05412	0.03257	0.04335	0.05577	0.05524	0.01108	0.00611	0.00594	0.00152	0.08523	0.00485	0.00306	0.04856
7	0.08280	0.15660	0.05965	0.00842	0.01119	0.10692	0.00720	0.09257	0.02784	0.03723	0.10886	0.05403	0.13904	0.07924	0.00653	0.00176	0.00479	0.00597	0.00370	0.00566
8	0.00916	0.00641	0.02888	0.00703	0.00857	0.00579	0.00546	0.03788	0.03136	0.09368	0.18470	0.06967	0.17252	0.16404	0.05166	0.03490	0.00420	0.07484	0.00442	0.00482
9	0.03018	0.03372	0.04604	0.01389	0.14496	0.03177	0.07418	0.10722	0.09948	0.10924	0.04405	0.07410	0.08456	0.00780	0.01916	0.00174	0.04042	0.02671	0.00399	0.00680

[dist]
# distance from previous block
# <min> <max>
17	24

# created by:
# /st0/software/busco_prod/Augustus/scripts/msa2prfl.pl ./align_prep/30413.fa
