[name]
unknown

[dist]
# distance from previous block
# <min> <max>
0	50

[block]
# block no. 0 follows, 65 sequences, length 14
# corresponding to MSA columns:
# 52-65
name=unknown_A
#
# <colnr> <probs for GDERKNQSTAVLIFYWHMCP>
#	G	D	E	R	K	N	Q	S	T	A	V	L	I	F	Y	W	H	M	C	P
0	0.01938	0.09007	0.10345	0.00954	0.02367	0.06452	0.10511	0.15597	0.07385	0.04004	0.02248	0.12623	0.01178	0.03731	0.00489	0.00143	0.00458	0.07754	0.00307	0.02509
1	0.00873	0.04243	0.13468	0.01089	0.01418	0.05653	0.28448	0.02463	0.07666	0.01345	0.11354	0.01726	0.13523	0.00540	0.00441	0.00129	0.00488	0.00511	0.00280	0.04343
2	0.00680	0.00465	0.00564	0.00565	0.00682	0.00431	0.00430	0.05011	0.00988	0.06962	0.13741	0.24762	0.29137	0.01032	0.00523	0.02237	0.00261	0.10742	0.00396	0.00392
3	0.03688	0.10147	0.24280	0.03750	0.04402	0.03068	0.09269	0.07950	0.02321	0.09917	0.04107	0.06101	0.00877	0.00505	0.00482	0.00131	0.07773	0.00407	0.00264	0.00561
4	0.06454	0.01153	0.07619	0.05186	0.08018	0.04033	0.48160	0.07841	0.03498	0.01441	0.00829	0.01042	0.00625	0.00376	0.00440	0.00132	0.00606	0.00420	0.00230	0.01897
5	0.00548	0.00420	0.00594	0.07012	0.05106	0.00411	0.00482	0.00645	0.00802	0.01066	0.02138	0.71523	0.05380	0.01162	0.00508	0.00161	0.00274	0.01053	0.00357	0.00360
6	0.01129	0.06986	0.07946	0.01282	0.17951	0.10668	0.10724	0.07685	0.01049	0.12148	0.03886	0.04217	0.06286	0.00585	0.02980	0.00142	0.03055	0.00435	0.00283	0.00561
7	0.07140	0.01138	0.11470	0.03003	0.12311	0.01010	0.36346	0.07228	0.00992	0.07655	0.00841	0.01033	0.00630	0.00409	0.00500	0.00136	0.06935	0.00404	0.00241	0.00577
8	0.01561	0.00798	0.06653	0.00763	0.01069	0.00662	0.00664	0.04624	0.07292	0.59388	0.07145	0.01613	0.01244	0.00553	0.00423	0.00131	0.00359	0.03939	0.00465	0.00653
9	0.00973	0.00871	0.07446	0.38790	0.19486	0.00857	0.01042	0.01286	0.05630	0.12159	0.06616	0.01263	0.00902	0.00451	0.00414	0.00131	0.00475	0.00399	0.00262	0.00548
10	0.04617	0.15388	0.16135	0.03546	0.12824	0.05244	0.14792	0.03429	0.11406	0.04776	0.02389	0.02054	0.00762	0.00422	0.00390	0.00123	0.00507	0.00371	0.00248	0.00577
11	0.00587	0.00470	0.00689	0.00692	0.00757	0.00472	0.06078	0.00698	0.00828	0.01115	0.07899	0.52588	0.06024	0.04406	0.00644	0.00173	0.06671	0.08492	0.00353	0.00363
12	0.04437	0.00670	0.00870	0.00713	0.00977	0.00618	0.00578	0.01772	0.09136	0.58657	0.05239	0.08294	0.01342	0.00613	0.00427	0.00134	0.00331	0.04089	0.00472	0.00628
13	0.00701	0.00571	0.00806	0.05207	0.04514	0.00610	0.04138	0.03021	0.02801	0.01182	0.09668	0.11927	0.07964	0.16284	0.01854	0.00208	0.08863	0.18969	0.00317	0.00394

[dist]
# distance from previous block
# <min> <max>
1	4

[block]
# block no. 1 follows, 65 sequences, length 19
# corresponding to MSA columns:
# 70-88
name=unknown_B
#
# <colnr> <probs for GDERKNQSTAVLIFYWHMCP>
#	G	D	E	R	K	N	Q	S	T	A	V	L	I	F	Y	W	H	M	C	P
0	0.01075	0.13027	0.05270	0.01011	0.04735	0.15692	0.11083	0.06257	0.02393	0.01281	0.00743	0.00917	0.00617	0.00399	0.00424	0.00103	0.06207	0.01331	0.00229	0.27205
1	0.07092	0.03223	0.09487	0.04400	0.05939	0.05156	0.04503	0.02780	0.07972	0.05287	0.00875	0.02528	0.00698	0.00389	0.00352	0.00099	0.00407	0.00319	0.00260	0.38235
2	0.06010	0.12104	0.29968	0.01219	0.06463	0.02733	0.19740	0.05679	0.02833	0.03119	0.01818	0.00951	0.00632	0.00387	0.00388	0.00122	0.00544	0.00345	0.00221	0.04723
3	0.00929	0.04741	0.00926	0.00787	0.00960	0.04648	0.04925	0.05259	0.17444	0.08042	0.06363	0.09720	0.03335	0.06737	0.03847	0.00185	0.02204	0.18106	0.00357	0.00484
4	0.00614	0.00417	0.00551	0.00580	0.00622	0.00428	0.00404	0.00691	0.00721	0.04065	0.01650	0.33235	0.01846	0.26416	0.20184	0.00348	0.02055	0.04534	0.00306	0.00334
5	0.00943	0.03270	0.04120	0.00675	0.01003	0.02656	0.00562	0.06633	0.04418	0.05300	0.05076	0.05673	0.00935	0.00426	0.00346	0.00085	0.00334	0.00348	0.00287	0.56908
6	0.01036	0.10732	0.05233	0.07286	0.26809	0.04422	0.31196	0.01325	0.02450	0.04375	0.00810	0.01022	0.00634	0.00372	0.00418	0.00125	0.00569	0.00390	0.00215	0.00580
7	0.00620	0.00441	0.00547	0.00521	0.00634	0.00407	0.00390	0.00822	0.04033	0.04586	0.55972	0.09384	0.18320	0.00888	0.00482	0.00134	0.00210	0.00775	0.00434	0.00397
8	0.00565	0.00384	0.00501	0.00556	0.00600	0.00361	0.00378	0.00650	0.00825	0.03735	0.11760	0.59648	0.04999	0.09620	0.03217	0.00198	0.00278	0.01004	0.00376	0.00345
9	0.00932	0.16546	0.24395	0.16087	0.11665	0.01108	0.11076	0.02863	0.03832	0.01223	0.00748	0.00946	0.00586	0.00407	0.00447	0.00127	0.05917	0.00340	0.00197	0.00558
10	0.09500	0.04008	0.01254	0.04216	0.05162	0.04503	0.14703	0.04979	0.30588	0.06565	0.01238	0.01364	0.02436	0.02530	0.00479	0.00141	0.03102	0.02342	0.00321	0.00571
11	0.03617	0.00607	0.00690	0.00631	0.00809	0.00607	0.00490	0.07449	0.16297	0.12976	0.10332	0.13859	0.24585	0.00830	0.00458	0.00141	0.00283	0.04441	0.00411	0.00487
12	0.01757	0.01427	0.01573	0.00655	0.03819	0.00484	0.00467	0.04881	0.00929	0.08692	0.08697	0.32083	0.11561	0.08243	0.02171	0.00177	0.00304	0.05894	0.05774	0.00409
13	0.03835	0.01029	0.01053	0.04011	0.01199	0.12277	0.02667	0.22289	0.10464	0.09485	0.00990	0.01942	0.00749	0.00436	0.00374	0.00106	0.00427	0.00340	0.00326	0.25999
14	0.00587	0.00411	0.00503	0.00537	0.00614	0.00378	0.00388	0.00685	0.00862	0.04222	0.08746	0.32107	0.23936	0.13225	0.00736	0.00191	0.00271	0.10880	0.00372	0.00348
15	0.03681	0.00513	0.00641	0.00589	0.00732	0.00503	0.00453	0.02652	0.02586	0.17707	0.15602	0.11635	0.14444	0.03823	0.14920	0.00233	0.01892	0.00626	0.06324	0.00443
16	0.01983	0.04755	0.00935	0.07450	0.04592	0.09958	0.01290	0.09289	0.08884	0.03463	0.03180	0.15609	0.09553	0.03521	0.09766	0.00202	0.03241	0.01551	0.00309	0.00470
17	0.08016	0.03058	0.01209	0.07518	0.05206	0.29508	0.06097	0.15855	0.09143	0.04081	0.02105	0.01041	0.02359	0.00458	0.00399	0.00121	0.01540	0.00350	0.00283	0.01652
18	0.02909	0.08949	0.04149	0.01073	0.06600	0.09268	0.15126	0.08159	0.10945	0.11042	0.00963	0.01033	0.00726	0.00407	0.00383	0.00112	0.00472	0.00353	0.00289	0.17043

[dist]
# distance from previous block
# <min> <max>
2	14

[block]
# block no. 2 follows, 65 sequences, length 15
# corresponding to MSA columns:
# 103-117
name=unknown_C
#
# <colnr> <probs for GDERKNQSTAVLIFYWHMCP>
#	G	D	E	R	K	N	Q	S	T	A	V	L	I	F	Y	W	H	M	C	P
0	0.07293	0.07380	0.22247	0.09666	0.10315	0.00948	0.04511	0.08369	0.04888	0.09860	0.00914	0.03040	0.00699	0.00428	0.00381	0.00122	0.00471	0.00353	0.00263	0.07852
1	0.00538	0.03230	0.00564	0.00544	0.00630	0.00405	0.02259	0.00637	0.00867	0.01119	0.10605	0.43949	0.27505	0.04494	0.00561	0.00160	0.00248	0.00962	0.00372	0.00351
2	0.09309	0.00939	0.04381	0.04184	0.09183	0.00897	0.26463	0.09466	0.01047	0.16862	0.01208	0.03898	0.06095	0.00489	0.00462	0.00134	0.03657	0.00454	0.00302	0.00569
3	0.00867	0.00807	0.01251	0.30983	0.14286	0.03444	0.09307	0.04780	0.03058	0.02294	0.05312	0.04279	0.07622	0.00609	0.02414	0.00150	0.04494	0.03296	0.00254	0.00494
4	0.00675	0.00470	0.00700	0.00737	0.07335	0.00459	0.05154	0.00681	0.00694	0.00936	0.06420	0.11440	0.03993	0.28592	0.01369	0.28846	0.00372	0.00576	0.00252	0.00298
5	0.04846	0.00461	0.00493	0.00470	0.00578	0.00469	0.00347	0.04164	0.02856	0.03987	0.06257	0.04003	0.05300	0.11484	0.03441	0.02307	0.00279	0.00472	0.47397	0.00389
6	0.02653	0.00695	0.00801	0.00691	0.00898	0.00707	0.00540	0.17679	0.13839	0.16004	0.12628	0.15543	0.08530	0.00720	0.00437	0.00133	0.00308	0.00608	0.03086	0.03500
7	0.07154	0.15616	0.05686	0.05746	0.11191	0.11414	0.15334	0.05393	0.07266	0.01316	0.02205	0.03992	0.00754	0.00451	0.00434	0.00125	0.04766	0.00379	0.00238	0.00540
8	0.00615	0.00421	0.00506	0.00532	0.00577	0.00411	0.00351	0.00724	0.04889	0.03510	0.04023	0.33131	0.07300	0.36956	0.01177	0.00260	0.00316	0.03638	0.00332	0.00329
9	0.00546	0.00394	0.00490	0.00530	0.00576	0.00381	0.00362	0.00619	0.00761	0.01003	0.04521	0.34088	0.14202	0.25518	0.09496	0.00279	0.00374	0.05213	0.00329	0.00319
10	0.00830	0.00763	0.00932	0.02727	0.11713	0.10213	0.03187	0.01956	0.03037	0.02638	0.08721	0.16367	0.06069	0.01126	0.13971	0.00225	0.08872	0.03502	0.02707	0.00445
11	0.01031	0.40747	0.25309	0.01073	0.08947	0.06671	0.03916	0.01334	0.05326	0.01153	0.00711	0.00821	0.00580	0.00379	0.00336	0.00109	0.00514	0.00283	0.00194	0.00566
12	0.00923	0.00630	0.00724	0.00643	0.00818	0.00638	0.00494	0.12579	0.15504	0.11346	0.20115	0.11123	0.16771	0.05139	0.00540	0.00149	0.00290	0.00661	0.00416	0.00495
13	0.00642	0.00440	0.00562	0.00610	0.03508	0.00438	0.00392	0.00743	0.03203	0.04144	0.05484	0.26018	0.03858	0.36786	0.08628	0.00302	0.00400	0.03185	0.00314	0.00340
14	0.02553	0.02358	0.00936	0.03595	0.01049	0.12475	0.04135	0.11509	0.11545	0.05966	0.09683	0.05362	0.10649	0.00934	0.10752	0.00193	0.00492	0.01873	0.00335	0.03605

[dist]
# distance from previous block
# <min> <max>
2	34

[block]
# block no. 3 follows, 65 sequences, length 22
# corresponding to MSA columns:
# 153-174
name=unknown_D
#
# <colnr> <probs for GDERKNQSTAVLIFYWHMCP>
#	G	D	E	R	K	N	Q	S	T	A	V	L	I	F	Y	W	H	M	C	P
0	0.00587	0.00522	0.05074	0.00537	0.00664	0.00420	0.00423	0.03083	0.00946	0.02511	0.18067	0.22934	0.34129	0.07483	0.00609	0.00162	0.00258	0.00842	0.00376	0.00374
1	0.06037	0.07006	0.03310	0.02770	0.06983	0.02972	0.03349	0.25663	0.04334	0.06051	0.03417	0.01015	0.00766	0.00419	0.00366	0.00105	0.00408	0.00333	0.00309	0.24386
2	0.01043	0.00960	0.04435	0.05894	0.12922	0.10414	0.05255	0.12832	0.04159	0.06139	0.03750	0.03969	0.06902	0.11185	0.00679	0.02326	0.02618	0.00460	0.00290	0.03768
3	0.05370	0.05886	0.10185	0.02678	0.01210	0.11525	0.00791	0.29135	0.04023	0.08400	0.02901	0.03403	0.04686	0.00591	0.02460	0.00139	0.05324	0.00394	0.00323	0.00576
4	0.00851	0.11638	0.33523	0.00970	0.03408	0.02625	0.06041	0.01189	0.05680	0.04302	0.07265	0.16251	0.03331	0.00607	0.00416	0.00132	0.00458	0.00520	0.00267	0.00526
5	0.00929	0.00893	0.01530	0.19952	0.55169	0.00935	0.05064	0.01172	0.00900	0.01253	0.00892	0.03801	0.02744	0.00429	0.00440	0.00129	0.02568	0.00409	0.00208	0.00581
6	0.00825	0.00736	0.01012	0.03461	0.06527	0.02423	0.10294	0.05667	0.02929	0.01389	0.11887	0.06821	0.12617	0.00577	0.00411	0.00111	0.00358	0.01506	0.00304	0.30145
7	0.00922	0.23827	0.04345	0.00894	0.06711	0.04603	0.09549	0.04798	0.00847	0.03029	0.01006	0.06074	0.01015	0.29607	0.00957	0.00211	0.00463	0.00457	0.00238	0.00445
8	0.00693	0.00569	0.00631	0.00615	0.00733	0.05507	0.02399	0.05913	0.03079	0.03225	0.11101	0.34849	0.25273	0.01044	0.02272	0.00156	0.00303	0.00862	0.00377	0.00398
9	0.03772	0.00692	0.00872	0.00692	0.00963	0.00643	0.00564	0.11115	0.01203	0.54966	0.05786	0.03565	0.03336	0.00550	0.00404	0.00125	0.00330	0.00448	0.09350	0.00625
10	0.00956	0.03689	0.00867	0.02527	0.02666	0.00718	0.02943	0.20936	0.03698	0.08242	0.07753	0.09849	0.24333	0.04066	0.00513	0.00145	0.00334	0.03543	0.01730	0.00493
11	0.01048	0.19285	0.09355	0.01385	0.15715	0.06374	0.23672	0.05021	0.04413	0.02990	0.00939	0.02382	0.02684	0.00430	0.00403	0.00123	0.00537	0.02448	0.00233	0.00566
12	0.00989	0.00779	0.00916	0.00810	0.00939	0.06583	0.01925	0.11744	0.03013	0.09563	0.05087	0.17178	0.05023	0.00924	0.06458	0.00183	0.20829	0.02152	0.04429	0.00476
13	0.00513	0.00379	0.00474	0.00534	0.00588	0.00347	0.00368	0.00601	0.00845	0.01106	0.09815	0.55547	0.19033	0.05195	0.00588	0.00169	0.00239	0.02940	0.00381	0.00338
14	0.07707	0.28568	0.06210	0.03960	0.03391	0.02221	0.06759	0.05313	0.02156	0.02802	0.03347	0.00910	0.00684	0.00415	0.00428	0.00109	0.08526	0.00304	0.00228	0.15961
15	0.01092	0.04841	0.07007	0.00778	0.03010	0.00758	0.00649	0.12664	0.09205	0.17540	0.05513	0.10480	0.05942	0.00655	0.01568	0.00133	0.01542	0.02861	0.04118	0.09644
16	0.00546	0.00375	0.00497	0.00571	0.00610	0.00349	0.00390	0.00630	0.00825	0.03146	0.08151	0.72104	0.03916	0.03142	0.00554	0.00168	0.00244	0.03049	0.00386	0.00346
17	0.00905	0.07483	0.00949	0.02105	0.10847	0.04108	0.00616	0.10952	0.06482	0.03412	0.08311	0.09849	0.10316	0.02632	0.02854	0.13341	0.00387	0.03687	0.00311	0.00454
18	0.03086	0.05509	0.04143	0.00920	0.04659	0.03380	0.10641	0.06562	0.11686	0.06812	0.03106	0.09536	0.10876	0.05109	0.08118	0.00196	0.04308	0.00540	0.00311	0.00500
19	0.00574	0.00454	0.00524	0.00584	0.00645	0.03621	0.00417	0.00682	0.01959	0.01096	0.05764	0.50573	0.14421	0.06270	0.00609	0.00175	0.00279	0.10636	0.00370	0.00348
20	0.00954	0.00585	0.00676	0.02343	0.00812	0.00581	0.00479	0.12173	0.06324	0.14468	0.02111	0.15322	0.18515	0.02849	0.00468	0.00139	0.00291	0.03442	0.16993	0.00476
21	0.02922	0.06486	0.05087	0.09341	0.10721	0.14609	0.12563	0.09478	0.04807	0.04708	0.01170	0.04516	0.07694	0.00511	0.00446	0.00128	0.03580	0.00431	0.00266	0.00536

[dist]
# distance from previous block
# <min> <max>
1	37

[block]
# block no. 4 follows, 65 sequences, length 25
# corresponding to MSA columns:
# 212-236
name=unknown_E
#
# <colnr> <probs for GDERKNQSTAVLIFYWHMCP>
#	G	D	E	R	K	N	Q	S	T	A	V	L	I	F	Y	W	H	M	C	P
0	0.00829	0.00696	0.00699	0.00644	0.00813	0.06765	0.00492	0.03589	0.24563	0.04944	0.20849	0.06709	0.25206	0.00782	0.00454	0.00135	0.00292	0.00658	0.00402	0.00478
1	0.00596	0.00450	0.00611	0.03384	0.00715	0.00456	0.02907	0.00696	0.00751	0.01016	0.08630	0.11830	0.09754	0.30018	0.21857	0.00358	0.00530	0.02962	0.00287	0.02191
2	0.06139	0.00878	0.04087	0.16825	0.33971	0.00867	0.11736	0.01155	0.03112	0.01319	0.05420	0.01437	0.08948	0.00471	0.00418	0.00129	0.00467	0.00443	0.01637	0.00540
3	0.01194	0.09396	0.02658	0.01378	0.23708	0.28225	0.02697	0.06522	0.02324	0.03465	0.00855	0.02482	0.02134	0.00624	0.05925	0.00154	0.05133	0.00351	0.00234	0.00542
4	0.03587	0.00556	0.00640	0.00571	0.00737	0.00545	0.00443	0.07104	0.07727	0.14135	0.24567	0.06233	0.14093	0.00710	0.00421	0.00126	0.00255	0.00598	0.16479	0.00472
5	0.00526	0.00432	0.00466	0.00462	0.00589	0.00381	0.00344	0.00688	0.04237	0.01232	0.19002	0.08720	0.59485	0.00997	0.00485	0.00139	0.00212	0.00845	0.00396	0.00366
6	0.00861	0.21000	0.09142	0.00797	0.01021	0.05656	0.05340	0.05485	0.05952	0.01187	0.01421	0.30130	0.04121	0.02440	0.01760	0.00147	0.02154	0.00631	0.00287	0.00468
7	0.07837	0.00594	0.00640	0.00589	0.00763	0.00601	0.00453	0.05163	0.17153	0.09368	0.08371	0.11763	0.28373	0.00792	0.00435	0.00136	0.00267	0.00662	0.05568	0.00470
8	0.00997	0.00661	0.00769	0.00681	0.00835	0.00688	0.00514	0.22865	0.05849	0.09887	0.08019	0.15577	0.01648	0.21995	0.02261	0.00214	0.00372	0.05324	0.00374	0.00474
9	0.08907	0.00953	0.00903	0.00763	0.01003	0.12451	0.00604	0.22247	0.11061	0.15121	0.04040	0.04725	0.08917	0.00577	0.00399	0.00125	0.00392	0.00452	0.05797	0.00562
10	0.02596	0.00832	0.00984	0.06423	0.05154	0.08367	0.04701	0.13698	0.02287	0.10773	0.11395	0.07163	0.12087	0.03298	0.00555	0.00142	0.06780	0.00538	0.01724	0.00502
11	0.00722	0.00503	0.00584	0.00553	0.00688	0.00486	0.00423	0.06412	0.06058	0.05445	0.24266	0.12050	0.24879	0.00922	0.02651	0.00149	0.00266	0.03593	0.08929	0.00421
12	0.00588	0.00434	0.00630	0.00630	0.00693	0.00497	0.00476	0.00714	0.00651	0.00931	0.01127	0.01763	0.01092	0.14670	0.72446	0.00623	0.01001	0.00462	0.00224	0.00350
13	0.07996	0.18815	0.12319	0.08746	0.14656	0.00978	0.00861	0.02959	0.00877	0.02563	0.00711	0.00859	0.00576	0.00359	0.00333	0.00100	0.00430	0.00281	0.00216	0.25365
14	0.02928	0.00464	0.00618	0.01554	0.00726	0.00452	0.04141	0.04708	0.00854	0.01170	0.02058	0.47197	0.09854	0.05491	0.00637	0.05162	0.00294	0.06109	0.05222	0.00360
15	0.00633	0.00432	0.00542	0.00558	0.00652	0.00401	0.00408	0.00798	0.04209	0.06461	0.24965	0.36068	0.16716	0.01034	0.00497	0.00149	0.00237	0.04439	0.00410	0.00388
16	0.00586	0.00401	0.00463	0.00471	0.00487	0.00397	0.00284	0.00610	0.00651	0.00863	0.02989	0.07530	0.06464	0.68875	0.04521	0.00367	0.00396	0.03105	0.00271	0.00270
17	0.00980	0.33585	0.02583	0.12517	0.10804	0.03529	0.07246	0.02319	0.02766	0.03704	0.04222	0.07709	0.00991	0.00510	0.00378	0.00120	0.00456	0.04825	0.00241	0.00515
18	0.00705	0.00609	0.02420	0.00875	0.08321	0.04177	0.05259	0.00840	0.00808	0.03615	0.04075	0.32416	0.03264	0.06423	0.22428	0.00297	0.02047	0.00718	0.00296	0.00406
19	0.00583	0.00415	0.00530	0.00517	0.00611	0.00384	0.00388	0.00761	0.01091	0.01540	0.63247	0.09461	0.08629	0.00879	0.00480	0.00133	0.00206	0.04262	0.05504	0.00380
20	0.01563	0.00708	0.00893	0.00717	0.00990	0.02172	0.00579	0.07400	0.03905	0.59473	0.03762	0.08341	0.06372	0.00612	0.00427	0.00131	0.00341	0.00506	0.00473	0.00633
21	0.00990	0.04968	0.21632	0.07341	0.39151	0.01009	0.04477	0.08427	0.03361	0.01409	0.00836	0.03059	0.00677	0.00413	0.00403	0.00126	0.00513	0.00372	0.00223	0.00614
22	0.01226	0.03900	0.01033	0.00881	0.01110	0.32514	0.00679	0.04308	0.34823	0.04122	0.02484	0.01251	0.02167	0.03352	0.00448	0.00129	0.00489	0.00381	0.00321	0.04383
23	0.03987	0.19568	0.03160	0.00805	0.01145	0.02494	0.00699	0.39012	0.01365	0.03075	0.01990	0.00905	0.00677	0.00420	0.00351	0.00102	0.00416	0.00308	0.00312	0.19209
24	0.19256	0.10155	0.01226	0.03723	0.01240	0.37502	0.07091	0.08998	0.01069	0.01353	0.00821	0.00921	0.04134	0.00434	0.00354	0.00115	0.00561	0.00308	0.00242	0.00496

[dist]
# distance from previous block
# <min> <max>
0	10

[block]
# block no. 5 follows, 65 sequences, length 20
# corresponding to MSA columns:
# 247-266
name=unknown_F
#
# <colnr> <probs for GDERKNQSTAVLIFYWHMCP>
#	G	D	E	R	K	N	Q	S	T	A	V	L	I	F	Y	W	H	M	C	P
0	0.03270	0.08044	0.18980	0.01217	0.10700	0.08927	0.13458	0.13599	0.01104	0.03231	0.07705	0.01220	0.04076	0.00468	0.00426	0.00125	0.02226	0.00398	0.00263	0.00565
1	0.03801	0.10864	0.21568	0.01160	0.09022	0.08542	0.09621	0.11354	0.02603	0.08246	0.00956	0.03448	0.02584	0.00457	0.00421	0.00124	0.03095	0.00373	0.00260	0.01502
2	0.02640	0.00536	0.02738	0.00699	0.04739	0.00491	0.02346	0.01954	0.07436	0.01245	0.10148	0.38641	0.20471	0.01003	0.00486	0.00150	0.00275	0.03228	0.00370	0.00403
3	0.00737	0.00423	0.00559	0.00555	0.00565	0.03621	0.00373	0.00586	0.00565	0.00734	0.00744	0.01296	0.00746	0.04836	0.03811	0.78708	0.00393	0.00365	0.00184	0.00198
4	0.01241	0.23832	0.10303	0.01047	0.07280	0.15453	0.05210	0.17388	0.02934	0.06549	0.00912	0.02894	0.02328	0.00446	0.00370	0.00114	0.00511	0.00344	0.00267	0.00577
5	0.05210	0.15557	0.01383	0.03385	0.22043	0.02329	0.07504	0.07055	0.10982	0.02300	0.03031	0.12224	0.04176	0.00556	0.00402	0.00127	0.00419	0.00487	0.00281	0.00548
6	0.00557	0.00402	0.00531	0.00609	0.00665	0.00383	0.00457	0.00670	0.00854	0.01123	0.05924	0.46642	0.08483	0.05206	0.00607	0.00181	0.00285	0.25695	0.00377	0.00347
7	0.00988	0.05066	0.07571	0.02668	0.01277	0.09514	0.17531	0.08224	0.15409	0.01464	0.05614	0.05199	0.03877	0.00533	0.00413	0.00127	0.00456	0.01983	0.11560	0.00524
8	0.01026	0.07786	0.17548	0.03911	0.09888	0.04903	0.16586	0.09116	0.03451	0.06053	0.01093	0.04855	0.04002	0.00552	0.02097	0.00142	0.02966	0.03205	0.00260	0.00560
9	0.00535	0.00381	0.00476	0.00538	0.00583	0.00357	0.00369	0.00617	0.00807	0.01076	0.05869	0.52455	0.12180	0.12780	0.00727	0.00192	0.00262	0.05943	0.03523	0.00330
10	0.01002	0.00945	0.01580	0.15209	0.66965	0.00979	0.01220	0.04750	0.00961	0.01350	0.00775	0.01027	0.00636	0.00378	0.00407	0.00124	0.00495	0.00366	0.00209	0.00622
11	0.02721	0.17418	0.10324	0.04843	0.09555	0.16229	0.07733	0.07141	0.08307	0.08098	0.00917	0.01004	0.01876	0.00429	0.00391	0.00119	0.01726	0.00340	0.00258	0.00570
12	0.00890	0.03777	0.04248	0.00961	0.10068	0.04541	0.06788	0.08881	0.05951	0.02865	0.02145	0.09689	0.01191	0.27180	0.03140	0.03403	0.03038	0.00525	0.00275	0.00445
13	0.00570	0.00417	0.00487	0.00499	0.00599	0.00373	0.00359	0.00696	0.02347	0.04150	0.17355	0.27419	0.37372	0.04753	0.00563	0.00156	0.00230	0.00897	0.00393	0.00364
14	0.00618	0.00463	0.00570	0.00562	0.00673	0.00436	0.01994	0.00828	0.08438	0.03774	0.20449	0.27205	0.27813	0.01005	0.00521	0.02774	0.00243	0.00854	0.00394	0.00389
15	0.07162	0.09256	0.01341	0.02779	0.08525	0.09841	0.07410	0.23464	0.09154	0.12830	0.00983	0.01028	0.00725	0.00455	0.00419	0.00124	0.03217	0.00358	0.00323	0.00607
16	0.01041	0.02401	0.01461	0.12753	0.31673	0.15907	0.10796	0.01248	0.00939	0.03551	0.00897	0.08919	0.00808	0.00490	0.00472	0.00130	0.05311	0.00436	0.00226	0.00539
17	0.00679	0.00372	0.00530	0.00530	0.00537	0.00379	0.00350	0.00565	0.00558	0.00752	0.00861	0.01560	0.00893	0.17818	0.09430	0.62936	0.00434	0.00411	0.00196	0.00210
18	0.03552	0.12894	0.04433	0.12786	0.14923	0.11901	0.08143	0.08801	0.03445	0.01338	0.02073	0.03541	0.00721	0.00424	0.00380	0.00115	0.00501	0.00357	0.00238	0.09433
19	0.02667	0.06572	0.01067	0.00834	0.01095	0.04300	0.00670	0.25070	0.42339	0.01848	0.01447	0.03200	0.04599	0.00550	0.00404	0.00129	0.00378	0.00438	0.00384	0.02010

[dist]
# distance from previous block
# <min> <max>
0	27

[block]
# block no. 6 follows, 65 sequences, length 24
# corresponding to MSA columns:
# 294-317
name=unknown_G
#
# <colnr> <probs for GDERKNQSTAVLIFYWHMCP>
#	G	D	E	R	K	N	Q	S	T	A	V	L	I	F	Y	W	H	M	C	P
0	0.03779	0.00900	0.05536	0.55064	0.14977	0.03926	0.02269	0.04268	0.00904	0.01211	0.02869	0.01091	0.00651	0.00415	0.00405	0.00132	0.00530	0.00365	0.00205	0.00503
1	0.10968	0.01334	0.01139	0.00949	0.01192	0.27998	0.00759	0.35899	0.01378	0.03154	0.00783	0.00868	0.00602	0.00485	0.00493	0.00125	0.10682	0.00319	0.00303	0.00568
2	0.00659	0.03325	0.00605	0.00556	0.00691	0.00516	0.00419	0.00938	0.14515	0.03960	0.06045	0.19830	0.37962	0.04390	0.00540	0.00154	0.00260	0.03841	0.00382	0.00411
3	0.51893	0.07950	0.02092	0.10612	0.01109	0.03716	0.00595	0.01218	0.01645	0.05512	0.01993	0.00905	0.02796	0.00422	0.00329	0.00123	0.02555	0.00283	0.00254	0.03997
4	0.00956	0.00680	0.03703	0.00645	0.00840	0.00651	0.00529	0.13038	0.13076	0.10188	0.24064	0.02121	0.08934	0.00656	0.00419	0.00126	0.00287	0.02451	0.16129	0.00507
5	0.01028	0.01081	0.04892	0.10922	0.64239	0.08166	0.01217	0.01272	0.00940	0.01280	0.00754	0.00994	0.00624	0.00376	0.00403	0.00122	0.00521	0.00354	0.00201	0.00613
6	0.00641	0.00436	0.00529	0.00568	0.00646	0.01647	0.00402	0.00751	0.02369	0.07638	0.05309	0.52782	0.17140	0.03956	0.00556	0.00164	0.00259	0.03446	0.00387	0.00373
7	0.01420	0.06572	0.17021	0.00867	0.01236	0.00821	0.03693	0.06332	0.07830	0.43040	0.01304	0.01283	0.00894	0.00481	0.00402	0.00126	0.00420	0.02293	0.00386	0.03580
8	0.00858	0.00603	0.00685	0.00659	0.00800	0.01614	0.00492	0.07589	0.20510	0.08266	0.02859	0.35419	0.08077	0.00882	0.00457	0.00145	0.00287	0.01955	0.07366	0.00477
9	0.00712	0.00505	0.00577	0.00561	0.00678	0.03672	0.00415	0.00881	0.03734	0.09135	0.31755	0.24093	0.19834	0.00939	0.00481	0.00140	0.00249	0.00818	0.00413	0.00407
10	0.00997	0.00961	0.01598	0.04738	0.72030	0.02680	0.03059	0.01238	0.00938	0.01318	0.00856	0.01238	0.00750	0.00415	0.00417	0.00127	0.00493	0.05311	0.00214	0.00622
11	0.00597	0.00405	0.00471	0.00485	0.00497	0.00403	0.00288	0.02334	0.00666	0.00888	0.01492	0.20161	0.01734	0.65881	0.01721	0.00343	0.00365	0.00713	0.00280	0.00276
12	0.00679	0.00445	0.00529	0.00527	0.00648	0.00397	0.00399	0.00792	0.00928	0.10396	0.08804	0.15863	0.38564	0.08484	0.00635	0.00170	0.00265	0.10706	0.00389	0.00382
13	0.07890	0.00821	0.01015	0.00833	0.01088	0.00852	0.06588	0.27384	0.06332	0.16310	0.06874	0.01923	0.04868	0.01578	0.00454	0.00140	0.00390	0.12471	0.01619	0.00571
14	0.00931	0.01028	0.08724	0.11649	0.21058	0.06035	0.11892	0.01384	0.18258	0.01346	0.04601	0.06588	0.02316	0.00516	0.00431	0.00134	0.00480	0.01799	0.00272	0.00558
15	0.00765	0.00540	0.00650	0.00631	0.00745	0.00481	0.00461	0.00884	0.01163	0.04151	0.52606	0.13497	0.15712	0.01011	0.00552	0.00165	0.00270	0.03307	0.01942	0.00467
16	0.00543	0.00431	0.00490	0.00480	0.00598	0.00386	0.00358	0.00718	0.03953	0.01337	0.34671	0.08554	0.44088	0.00959	0.00485	0.00137	0.00208	0.00822	0.00410	0.00373
17	0.00813	0.20222	0.01065	0.03051	0.02800	0.00791	0.04413	0.05923	0.02572	0.04439	0.07272	0.07608	0.33350	0.00756	0.00426	0.00128	0.00330	0.03261	0.00327	0.00452
18	0.00738	0.00521	0.00640	0.00596	0.00731	0.00524	0.00456	0.03448	0.11672	0.07075	0.33231	0.06702	0.14721	0.02412	0.14427	0.00226	0.00388	0.00659	0.00394	0.00438
19	0.00936	0.00990	0.01862	0.01407	0.01658	0.01072	0.46523	0.03580	0.02449	0.01239	0.00846	0.06257	0.00740	0.00533	0.00762	0.00153	0.27780	0.00482	0.00219	0.00512
20	0.01158	0.00912	0.00980	0.00834	0.01077	0.01019	0.00659	0.33627	0.38022	0.01966	0.01545	0.11332	0.03755	0.00633	0.00430	0.00136	0.00361	0.00522	0.00409	0.00622
21	0.00985	0.00890	0.03932	0.11006	0.14177	0.02832	0.09002	0.11956	0.02282	0.05297	0.02140	0.03415	0.08828	0.03949	0.00515	0.00133	0.03739	0.00440	0.00278	0.14205
22	0.25451	0.00841	0.00885	0.04846	0.03371	0.01912	0.00615	0.19872	0.12041	0.09092	0.04475	0.04258	0.04138	0.00518	0.00371	0.00126	0.00359	0.00401	0.01602	0.04828
23	0.01094	0.07112	0.01064	0.03316	0.02817	0.09918	0.01849	0.18185	0.08344	0.04487	0.02100	0.11043	0.02905	0.00535	0.00385	0.00110	0.00402	0.00436	0.00314	0.23583

[dist]
# distance from previous block
# <min> <max>
1	56

[block]
# block no. 7 follows, 65 sequences, length 10
# corresponding to MSA columns:
# 374-383
name=unknown_H
#
# <colnr> <probs for GDERKNQSTAVLIFYWHMCP>
#	G	D	E	R	K	N	Q	S	T	A	V	L	I	F	Y	W	H	M	C	P
0	0.00650	0.00491	0.00556	0.00532	0.00642	0.00479	0.00391	0.08235	0.02359	0.01245	0.12359	0.05984	0.32620	0.20975	0.05824	0.00232	0.00340	0.05365	0.00352	0.00369
1	0.08566	0.01148	0.01172	0.00998	0.05986	0.08952	0.00768	0.56554	0.01620	0.04790	0.00924	0.00962	0.00673	0.00475	0.00413	0.00123	0.02467	0.00349	0.02420	0.00640
2	0.00631	0.00530	0.00544	0.00551	0.00651	0.05300	0.00394	0.04289	0.03018	0.01190	0.10641	0.29801	0.31623	0.08172	0.00621	0.00166	0.00277	0.00862	0.00369	0.00369
3	0.07048	0.03472	0.01033	0.00813	0.01076	0.11622	0.00657	0.27636	0.03561	0.23848	0.08792	0.04556	0.01129	0.00547	0.00423	0.00125	0.02249	0.00422	0.00392	0.00598
4	0.01162	0.03201	0.03697	0.08402	0.05871	0.10231	0.03904	0.23715	0.06092	0.07734	0.01372	0.04741	0.05818	0.00613	0.00435	0.00135	0.00461	0.11523	0.00335	0.00555
5	0.00543	0.00407	0.00504	0.00502	0.00596	0.00368	0.00368	0.00694	0.01040	0.01409	0.49413	0.18108	0.22607	0.00968	0.00492	0.00138	0.00205	0.00849	0.00422	0.00368
6	0.01107	0.01058	0.01028	0.03395	0.02897	0.19018	0.02117	0.08709	0.03198	0.03936	0.00783	0.00891	0.00626	0.00377	0.00370	0.00089	0.02601	0.00284	0.00260	0.47254
7	0.01161	0.21228	0.09026	0.00871	0.02800	0.09396	0.02307	0.18526	0.04425	0.03292	0.00798	0.00872	0.00628	0.00392	0.00344	0.00099	0.00452	0.00292	0.00265	0.22824
8	0.05249	0.11778	0.01292	0.00973	0.01225	0.44380	0.02639	0.17559	0.05686	0.01399	0.00752	0.00834	0.00601	0.00442	0.00400	0.00113	0.03586	0.00298	0.00259	0.00535
9	0.00885	0.00875	0.01204	0.01036	0.01053	0.01205	0.00860	0.01025	0.04446	0.01027	0.00756	0.01067	0.04320	0.00726	0.01265	0.00176	0.77033	0.00387	0.00200	0.00454

[dist]
# distance from previous block
# <min> <max>
4	8

[block]
# block no. 8 follows, 65 sequences, length 11
# corresponding to MSA columns:
# 392-402
name=unknown_I
#
# <colnr> <probs for GDERKNQSTAVLIFYWHMCP>
#	G	D	E	R	K	N	Q	S	T	A	V	L	I	F	Y	W	H	M	C	P
0	0.03056	0.04431	0.04067	0.12414	0.05513	0.03361	0.17072	0.14501	0.06369	0.13251	0.01038	0.04285	0.00803	0.01944	0.00442	0.00130	0.00484	0.00416	0.00302	0.06123
1	0.03295	0.07651	0.01399	0.06079	0.05498	0.12698	0.16984	0.10019	0.03266	0.14396	0.04732	0.05267	0.02326	0.00496	0.00431	0.00125	0.02146	0.00432	0.00303	0.02456
2	0.00584	0.00424	0.00541	0.00602	0.00663	0.00410	0.00442	0.03853	0.00863	0.01132	0.02286	0.48375	0.10600	0.07819	0.02382	0.00195	0.00304	0.17804	0.00368	0.00353
3	0.03351	0.07447	0.62377	0.02699	0.01687	0.07432	0.04932	0.03192	0.00911	0.01296	0.00723	0.00856	0.00528	0.00391	0.00381	0.00126	0.00597	0.00303	0.00186	0.00584
4	0.01271	0.01938	0.00968	0.02510	0.02494	0.02937	0.02029	0.18518	0.10074	0.26991	0.07354	0.01625	0.07531	0.00882	0.10772	0.00194	0.00463	0.00465	0.00398	0.00586
5	0.05870	0.06724	0.58014	0.01278	0.08069	0.01002	0.10841	0.01289	0.00873	0.01316	0.00731	0.00883	0.00538	0.00380	0.00387	0.00128	0.00581	0.00320	0.00184	0.00590
6	0.24147	0.00800	0.00910	0.00717	0.01020	0.00799	0.00592	0.15297	0.01180	0.48599	0.01242	0.01139	0.00815	0.00473	0.00371	0.00126	0.00358	0.00356	0.00426	0.00633
7	0.00963	0.00957	0.03448	0.14409	0.30533	0.04644	0.16900	0.04208	0.02312	0.03099	0.02838	0.06292	0.00858	0.00581	0.04249	0.00156	0.02316	0.00447	0.00236	0.00553
8	0.09699	0.00890	0.01198	0.06211	0.22342	0.07196	0.07382	0.04419	0.05269	0.14145	0.10690	0.01490	0.01174	0.00538	0.01438	0.00136	0.00446	0.04464	0.00313	0.00558
9	0.00520	0.00377	0.00483	0.00548	0.00597	0.00352	0.00379	0.00612	0.00832	0.01109	0.08718	0.59390	0.13208	0.03153	0.03444	0.00181	0.00267	0.03132	0.02357	0.00341
10	0.00515	0.00368	0.00474	0.00547	0.00578	0.00344	0.00363	0.00587	0.00793	0.01056	0.06724	0.67225	0.06706	0.10822	0.00698	0.00189	0.00252	0.01063	0.00370	0.00327

[dist]
# distance from previous block
# <min> <max>
0	1

[block]
# block no. 9 follows, 65 sequences, length 9
# corresponding to MSA columns:
# 404-412
name=unknown_J
#
# <colnr> <probs for GDERKNQSTAVLIFYWHMCP>
#	G	D	E	R	K	N	Q	S	T	A	V	L	I	F	Y	W	H	M	C	P
0	0.07898	0.60869	0.07556	0.00752	0.01100	0.03425	0.00741	0.05009	0.07206	0.01191	0.00688	0.00758	0.00584	0.00380	0.00293	0.00100	0.00440	0.00253	0.00212	0.00542
1	0.00714	0.00584	0.00765	0.07248	0.09307	0.03128	0.00596	0.04236	0.04904	0.01281	0.15232	0.29257	0.04484	0.02406	0.05479	0.01290	0.00373	0.06820	0.01474	0.00422
2	0.00547	0.00407	0.00514	0.00552	0.00624	0.00380	0.00397	0.00700	0.03463	0.01264	0.26321	0.42567	0.14093	0.01088	0.00506	0.00152	0.00231	0.05427	0.00403	0.00364
3	0.00539	0.00394	0.00501	0.00568	0.00613	0.00376	0.00390	0.00664	0.04119	0.01105	0.07399	0.62391	0.07375	0.07466	0.00633	0.00180	0.00255	0.04308	0.00377	0.00346
4	0.03602	0.07192	0.01333	0.09091	0.16909	0.18597	0.03927	0.17929	0.04806	0.08849	0.00896	0.01032	0.00693	0.02848	0.00438	0.00128	0.00517	0.00350	0.00283	0.00580
5	0.00717	0.00525	0.00674	0.00624	0.00747	0.00546	0.00477	0.03622	0.07537	0.04495	0.22227	0.03892	0.06611	0.07667	0.30582	0.00338	0.02250	0.00554	0.00329	0.05586
6	0.00527	0.00376	0.00461	0.00518	0.00547	0.00354	0.00334	0.00581	0.00746	0.00980	0.02183	0.52009	0.11108	0.26161	0.00982	0.00232	0.00282	0.00966	0.00342	0.00310
7	0.01108	0.05821	0.08436	0.01030	0.04568	0.14797	0.12483	0.17834	0.03820	0.04118	0.05591	0.01504	0.11915	0.00654	0.04360	0.00149	0.00526	0.00449	0.00298	0.00540
8	0.07406	0.19084	0.22692	0.00968	0.03726	0.09652	0.06496	0.03223	0.00898	0.04540	0.00870	0.05007	0.00756	0.00686	0.06416	0.03504	0.00554	0.02783	0.00226	0.00515

[dist]
# distance from previous block
# <min> <max>
2	4

[block]
# block no. 10 follows, 65 sequences, length 23
# corresponding to MSA columns:
# 422-444
name=unknown_K
#
# <colnr> <probs for GDERKNQSTAVLIFYWHMCP>
#	G	D	E	R	K	N	Q	S	T	A	V	L	I	F	Y	W	H	M	C	P
0	0.00559	0.00412	0.00534	0.00600	0.00675	0.00387	0.00463	0.00687	0.00901	0.01175	0.10182	0.36392	0.16818	0.01150	0.00528	0.00166	0.00275	0.27356	0.00387	0.00356
1	0.00803	0.00703	0.00685	0.00612	0.00774	0.10214	0.00469	0.05738	0.05128	0.01466	0.31214	0.02367	0.18390	0.00709	0.00450	0.00120	0.02464	0.00585	0.08196	0.08912
2	0.01288	0.00888	0.00998	0.00791	0.01094	0.00906	0.00639	0.26993	0.22739	0.16565	0.01315	0.01258	0.03188	0.00488	0.00392	0.00115	0.00362	0.00389	0.00394	0.19197
3	0.03804	0.00921	0.04784	0.00927	0.04074	0.00791	0.12436	0.13828	0.03158	0.05575	0.00870	0.01008	0.00678	0.00376	0.00365	0.00096	0.00408	0.01451	0.00280	0.44171
4	0.00595	0.00432	0.00574	0.00651	0.04663	0.00410	0.00435	0.00725	0.02867	0.02232	0.20986	0.40203	0.09265	0.05670	0.00634	0.03801	0.00262	0.04856	0.00376	0.00366
5	0.03303	0.00415	0.00472	0.00476	0.00519	0.00404	0.00305	0.00645	0.00744	0.01015	0.12674	0.09350	0.11958	0.51678	0.01445	0.00296	0.00331	0.03364	0.00307	0.00296
6	0.00989	0.00826	0.00884	0.00777	0.00990	0.04553	0.02906	0.15786	0.33901	0.01678	0.05679	0.02099	0.14010	0.00666	0.00435	0.00136	0.00349	0.07311	0.05475	0.00550
7	0.23796	0.00741	0.00833	0.00678	0.00955	0.00741	0.00552	0.04937	0.10378	0.40854	0.05107	0.01273	0.01006	0.00488	0.00369	0.00125	0.00329	0.00377	0.02914	0.03546
8	0.00646	0.00512	0.00570	0.00548	0.00688	0.00498	0.00412	0.00987	0.17643	0.02954	0.22808	0.11224	0.37150	0.00905	0.00474	0.00139	0.00234	0.00774	0.00409	0.00424
9	0.00558	0.00468	0.03130	0.00567	0.00652	0.00409	0.00423	0.00707	0.04656	0.01107	0.04786	0.41275	0.21393	0.10245	0.00677	0.00183	0.00275	0.07769	0.00364	0.00356
10	0.01258	0.02984	0.04778	0.00938	0.01145	0.47540	0.00745	0.05008	0.07734	0.03058	0.00989	0.01143	0.04578	0.03596	0.08334	0.00178	0.04906	0.00351	0.00250	0.00487
11	0.03589	0.00785	0.00942	0.04727	0.01041	0.05216	0.05100	0.05798	0.13165	0.08461	0.03566	0.01428	0.05447	0.00566	0.00572	0.00132	0.17145	0.00423	0.21399	0.00499
12	0.02116	0.00410	0.00513	0.00573	0.00623	0.00399	0.00396	0.04368	0.00850	0.01177	0.04860	0.65454	0.02445	0.05368	0.00577	0.00170	0.00256	0.03093	0.05997	0.00354
13	0.02809	0.00703	0.00825	0.00702	0.00920	0.00701	0.00568	0.24415	0.01290	0.17314	0.14909	0.07339	0.12412	0.00738	0.00451	0.00135	0.00330	0.09721	0.00418	0.03299
14	0.00778	0.00551	0.00645	0.00627	0.03286	0.00561	0.00432	0.09899	0.06897	0.04153	0.11669	0.06980	0.12751	0.28602	0.05650	0.00248	0.00369	0.00614	0.04885	0.00405
15	0.00506	0.00394	0.00460	0.00492	0.00579	0.00348	0.00350	0.00611	0.00913	0.01169	0.15615	0.35228	0.39665	0.01104	0.00500	0.00148	0.00217	0.00963	0.00392	0.00348
16	0.00650	0.00439	0.00554	0.00587	0.00674	0.00417	0.00455	0.00771	0.00881	0.05176	0.07985	0.13849	0.17183	0.17419	0.00824	0.00209	0.00316	0.29691	0.01562	0.00358
17	0.00978	0.00940	0.01657	0.17451	0.55054	0.00971	0.11083	0.01235	0.00916	0.02763	0.00782	0.01046	0.00632	0.00382	0.00437	0.00128	0.02360	0.00381	0.00205	0.00599
18	0.00982	0.00883	0.02253	0.22607	0.21778	0.00937	0.13115	0.08733	0.06650	0.04824	0.03804	0.05170	0.00897	0.01604	0.00489	0.00138	0.03874	0.00446	0.00262	0.00555
19	0.00836	0.00792	0.01342	0.63717	0.23219	0.00928	0.01170	0.01102	0.00850	0.01123	0.00740	0.01074	0.00573	0.00399	0.00409	0.00133	0.00532	0.00365	0.00188	0.00505
20	0.00945	0.00762	0.00925	0.06953	0.02838	0.00663	0.00583	0.10443	0.00982	0.04036	0.02411	0.01007	0.00721	0.02104	0.02838	0.00103	0.00368	0.00297	0.00269	0.60751
21	0.08155	0.01073	0.01735	0.03007	0.05248	0.09486	0.41535	0.03764	0.03235	0.01329	0.02082	0.04531	0.00779	0.00473	0.00545	0.00140	0.10012	0.02119	0.00234	0.00520
22	0.00932	0.00598	0.00724	0.00665	0.00799	0.00629	0.00493	0.04951	0.17709	0.15414	0.01631	0.17196	0.03869	0.19619	0.09974	0.00256	0.03097	0.00615	0.00359	0.00468

[dist]
# distance from previous block
# <min> <max>
0	1

[block]
# block no. 11 follows, 65 sequences, length 21
# corresponding to MSA columns:
# 446-466
name=unknown_L
#
# <colnr> <probs for GDERKNQSTAVLIFYWHMCP>
#	G	D	E	R	K	N	Q	S	T	A	V	L	I	F	Y	W	H	M	C	P
0	0.03907	0.00775	0.00900	0.00760	0.00993	0.02666	0.02786	0.15538	0.18394	0.20125	0.10209	0.04310	0.09410	0.00716	0.02803	0.00149	0.00369	0.04209	0.00413	0.00569
1	0.03562	0.06514	0.01077	0.00908	0.04212	0.14673	0.00687	0.16848	0.13913	0.02961	0.08302	0.03863	0.08144	0.00694	0.01970	0.00149	0.00456	0.04275	0.00365	0.06425
2	0.00954	0.00870	0.01426	0.28558	0.36377	0.00952	0.04844	0.06898	0.00954	0.02594	0.00871	0.03459	0.00740	0.00464	0.00473	0.00135	0.05202	0.03445	0.00226	0.00557
3	0.00529	0.00406	0.00468	0.00482	0.00579	0.00365	0.00351	0.00645	0.00920	0.01194	0.18617	0.19057	0.40551	0.05726	0.03548	0.00175	0.00256	0.02683	0.03100	0.00349
4	0.00622	0.00412	0.00511	0.00548	0.00607	0.00387	0.00373	0.02822	0.00833	0.05560	0.04156	0.52249	0.11354	0.15249	0.00767	0.00197	0.00271	0.00953	0.01775	0.00352
5	0.07708	0.05585	0.01206	0.01080	0.10403	0.23832	0.03832	0.18055	0.05054	0.06180	0.01777	0.03700	0.00801	0.00478	0.00385	0.00118	0.00501	0.02807	0.00295	0.06201
6	0.17379	0.00655	0.00772	0.06677	0.04081	0.00678	0.00545	0.05255	0.06054	0.19535	0.09844	0.04138	0.05277	0.14282	0.00667	0.00174	0.00346	0.01448	0.01707	0.00488
7	0.00518	0.00399	0.00476	0.00514	0.00601	0.00357	0.00375	0.00630	0.00915	0.01175	0.14911	0.33742	0.35687	0.01108	0.00505	0.00151	0.00230	0.06966	0.00391	0.00350
8	0.00698	0.00915	0.22774	0.00748	0.00959	0.03709	0.00708	0.00887	0.00854	0.05592	0.01897	0.48806	0.07922	0.00952	0.00473	0.00150	0.00360	0.00837	0.00326	0.00433
9	0.06432	0.01140	0.08359	0.14281	0.18845	0.11748	0.04505	0.12647	0.03408	0.13338	0.00913	0.01028	0.00671	0.00426	0.00397	0.00125	0.00509	0.00354	0.00281	0.00591
10	0.00585	0.00410	0.00518	0.00523	0.00552	0.00431	0.00344	0.00640	0.00637	0.00869	0.01362	0.06351	0.03849	0.51747	0.28973	0.00465	0.00616	0.00581	0.00250	0.00295
11	0.01135	0.30025	0.20826	0.06992	0.03677	0.26066	0.03498	0.01359	0.00946	0.01083	0.00654	0.00787	0.00534	0.00386	0.00346	0.00109	0.00586	0.00275	0.00188	0.00529
12	0.00980	0.00760	0.00839	0.00716	0.00931	0.00797	0.00562	0.27107	0.17227	0.01799	0.14533	0.11551	0.12812	0.00713	0.00439	0.00130	0.00318	0.00598	0.00399	0.06791
13	0.01105	0.31527	0.01577	0.00935	0.01193	0.16312	0.09574	0.03186	0.09291	0.02445	0.00908	0.01239	0.00806	0.00578	0.03071	0.00138	0.07856	0.07504	0.00241	0.00515
14	0.03009	0.01099	0.07818	0.01058	0.06224	0.15325	0.10965	0.10515	0.05609	0.13619	0.01249	0.13282	0.01110	0.02237	0.00466	0.00139	0.00487	0.04925	0.00321	0.00544
15	0.01075	0.00956	0.01615	0.02392	0.77159	0.00949	0.01213	0.01313	0.00952	0.07195	0.00833	0.01043	0.00676	0.00376	0.00407	0.00122	0.00478	0.00369	0.00225	0.00654
16	0.00702	0.06700	0.05082	0.05748	0.05624	0.02230	0.00593	0.03319	0.00794	0.01064	0.02580	0.19332	0.03913	0.16458	0.22109	0.00319	0.00571	0.02197	0.00267	0.00397
17	0.00931	0.05434	0.04416	0.04595	0.04079	0.05880	0.49816	0.01211	0.00951	0.01254	0.03544	0.07266	0.02546	0.00471	0.00457	0.00133	0.00588	0.02574	0.00233	0.03620
18	0.01073	0.00883	0.01205	0.09095	0.01361	0.00922	0.12119	0.29606	0.01229	0.02469	0.02124	0.06979	0.03072	0.04235	0.00545	0.00136	0.05603	0.01216	0.01462	0.14666
19	0.04017	0.15720	0.05918	0.03621	0.09129	0.28440	0.00821	0.08993	0.01085	0.10724	0.00872	0.05245	0.00723	0.00470	0.00394	0.00116	0.02554	0.00346	0.00264	0.00546
20	0.05392	0.06051	0.03130	0.00872	0.08778	0.05553	0.00625	0.08469	0.01816	0.09061	0.01048	0.01494	0.00942	0.17389	0.26312	0.00338	0.01585	0.00414	0.00268	0.00465

[dist]
# distance from previous block
# <min> <max>
1	4

[block]
# block no. 12 follows, 65 sequences, length 28
# corresponding to MSA columns:
# 471-498
name=unknown_M
#
# <colnr> <probs for GDERKNQSTAVLIFYWHMCP>
#	G	D	E	R	K	N	Q	S	T	A	V	L	I	F	Y	W	H	M	C	P
0	0.00827	0.03808	0.00918	0.00882	0.08926	0.03573	0.03439	0.01830	0.13444	0.04886	0.17797	0.14123	0.12319	0.02201	0.00546	0.00141	0.06795	0.00634	0.00348	0.02560
1	0.00720	0.06953	0.17505	0.00883	0.07200	0.02128	0.00743	0.00986	0.07088	0.01194	0.03324	0.38168	0.04187	0.00859	0.00456	0.00145	0.00368	0.05128	0.00310	0.01655
2	0.01017	0.01447	0.28879	0.04686	0.20931	0.08151	0.13938	0.04580	0.05727	0.03127	0.00829	0.00994	0.00630	0.00406	0.00437	0.00129	0.02914	0.00362	0.00221	0.00595
3	0.00715	0.00615	0.00758	0.00698	0.00794	0.06914	0.06604	0.00880	0.05254	0.01028	0.05331	0.04474	0.03244	0.30822	0.25179	0.00380	0.00626	0.05052	0.00268	0.00364
4	0.00909	0.00982	0.07781	0.32755	0.40940	0.00955	0.07384	0.01189	0.00890	0.01228	0.00758	0.01041	0.00600	0.00383	0.00413	0.00129	0.00534	0.00370	0.00194	0.00568
5	0.00513	0.00367	0.00490	0.00575	0.00608	0.00343	0.00393	0.00599	0.00821	0.01101	0.08382	0.75630	0.02788	0.01246	0.00523	0.00165	0.00241	0.04490	0.00386	0.00339
6	0.03920	0.00996	0.11860	0.00875	0.01196	0.00847	0.06925	0.24151	0.03520	0.22086	0.01587	0.03094	0.11401	0.00579	0.00425	0.00132	0.00415	0.03562	0.01834	0.00597
7	0.00850	0.00781	0.01294	0.28222	0.40365	0.00841	0.01037	0.01076	0.00875	0.01209	0.07100	0.01358	0.00949	0.07045	0.05152	0.00178	0.00511	0.00416	0.00220	0.00522
8	0.00859	0.00815	0.01383	0.55906	0.30851	0.00934	0.01182	0.01123	0.00861	0.01151	0.00744	0.01067	0.00583	0.00395	0.00409	0.00132	0.00526	0.00365	0.00190	0.00524
9	0.00591	0.00414	0.00513	0.00516	0.00553	0.00430	0.00345	0.00652	0.00657	0.00895	0.01479	0.02492	0.07554	0.50202	0.26371	0.00444	0.00588	0.02840	0.02165	0.00298
10	0.00753	0.00671	0.00638	0.00611	0.00733	0.13437	0.00461	0.00927	0.02602	0.03155	0.42810	0.09120	0.14687	0.00834	0.00467	0.00132	0.00300	0.04966	0.02295	0.00402
11	0.01036	0.40440	0.33504	0.01031	0.07570	0.03050	0.01057	0.01310	0.00880	0.05668	0.00710	0.00809	0.00561	0.00378	0.00334	0.00109	0.00509	0.00275	0.00196	0.00575
