[name]
unknown

[dist]
# distance from previous block
# <min> <max>
0	810

[block]
# block no. 0 follows, 56 sequences, length 10
# corresponding to MSA columns:
# 811-820
name=unknown_A
#
# <colnr> <probs for GDERKNQSTAVLIFYWHMCP>
#	G	D	E	R	K	N	Q	S	T	A	V	L	I	F	Y	W	H	M	C	P
0	0.04260	0.09172	0.08671	0.05173	0.02589	0.04863	0.03519	0.07782	0.06133	0.06516	0.02253	0.10955	0.02649	0.00674	0.00515	0.00144	0.05446	0.06846	0.00328	0.11512
1	0.04350	0.02160	0.05731	0.03857	0.06998	0.03088	0.06277	0.13964	0.05773	0.03514	0.07098	0.10640	0.03654	0.05995	0.04269	0.00184	0.00486	0.00560	0.00344	0.11058
2	0.07958	0.00880	0.01027	0.00861	0.01103	0.05797	0.07262	0.06623	0.13339	0.03739	0.14292	0.06751	0.04415	0.05462	0.00596	0.00157	0.02471	0.03000	0.00374	0.13894
3	0.01146	0.00967	0.08008	0.00858	0.01150	0.00875	0.02593	0.15729	0.19906	0.10891	0.10503	0.05489	0.15735	0.00736	0.00486	0.00147	0.00386	0.00616	0.00437	0.03343
4	0.01246	0.22372	0.06565	0.02440	0.01275	0.13762	0.00835	0.05629	0.11749	0.04679	0.00928	0.01054	0.00756	0.00572	0.00600	0.05559	0.09835	0.00347	0.00277	0.09518
5	0.00875	0.00530	0.00632	0.00595	0.00685	0.00512	0.00406	0.04532	0.00937	0.11149	0.09216	0.08524	0.08096	0.46093	0.01513	0.00314	0.00390	0.04227	0.00372	0.00400
6	0.04246	0.14689	0.16720	0.09702	0.03565	0.08569	0.08660	0.19518	0.01277	0.04933	0.00905	0.01048	0.00684	0.00551	0.02866	0.00153	0.00615	0.00372	0.00285	0.00642
7	0.07945	0.05151	0.08643	0.02613	0.08960	0.00901	0.08935	0.08937	0.06126	0.04766	0.15782	0.11800	0.06115	0.00707	0.00478	0.00148	0.00432	0.00621	0.00364	0.00574
8	0.00656	0.00567	0.00634	0.00714	0.05312	0.04394	0.00476	0.00769	0.00961	0.01195	0.03132	0.26875	0.37932	0.05649	0.08380	0.00232	0.00395	0.00942	0.00381	0.00406
9	0.01055	0.14139	0.57515	0.01185	0.01767	0.01213	0.01427	0.08674	0.06046	0.01561	0.00888	0.00994	0.00652	0.00452	0.00420	0.00138	0.00615	0.00344	0.00236	0.00678

[dist]
# distance from previous block
# <min> <max>
2	10

[block]
# block no. 1 follows, 56 sequences, length 12
# corresponding to MSA columns:
# 831-842
name=unknown_B
#
# <colnr> <probs for GDERKNQSTAVLIFYWHMCP>
#	G	D	E	R	K	N	Q	S	T	A	V	L	I	F	Y	W	H	M	C	P
0	0.01093	0.14202	0.44259	0.01550	0.19175	0.09259	0.01417	0.01470	0.01014	0.01376	0.00794	0.00957	0.00616	0.00427	0.00417	0.00134	0.00636	0.00336	0.00206	0.00661
1	0.01568	0.07040	0.01502	0.08576	0.01643	0.56181	0.08727	0.01735	0.01222	0.06489	0.00810	0.00948	0.00640	0.00464	0.00426	0.00125	0.00753	0.00338	0.00253	0.00559
2	0.00959	0.07689	0.00939	0.08848	0.01119	0.00798	0.00606	0.13198	0.06205	0.06851	0.04479	0.02898	0.41933	0.00855	0.00490	0.00146	0.00353	0.00702	0.00404	0.00526
3	0.01057	0.15543	0.06157	0.00923	0.01192	0.00986	0.10059	0.08589	0.03031	0.08154	0.09309	0.08510	0.11567	0.05961	0.00656	0.00165	0.05774	0.01469	0.00348	0.00550
4	0.01109	0.08391	0.01134	0.02397	0.01158	0.00861	0.00630	0.15679	0.01212	0.03277	0.07889	0.01260	0.02577	0.00459	0.00384	0.00095	0.00378	0.00364	0.00328	0.50418
5	0.00912	0.00820	0.01059	0.00921	0.01108	0.07496	0.11443	0.09593	0.01123	0.01477	0.08988	0.28977	0.05977	0.01151	0.07903	0.00209	0.01888	0.02541	0.00364	0.06051
6	0.01152	0.01145	0.08611	0.18711	0.14654	0.02209	0.03494	0.16325	0.14891	0.01751	0.01092	0.02622	0.00848	0.00496	0.00449	0.00138	0.00516	0.00425	0.00313	0.10157
7	0.12202	0.19505	0.15300	0.02395	0.11742	0.03453	0.06683	0.05878	0.08591	0.01540	0.00894	0.01929	0.00725	0.00512	0.01387	0.00145	0.05868	0.00368	0.00259	0.00624
8	0.51497	0.01043	0.01051	0.01222	0.21348	0.07797	0.00766	0.01390	0.00905	0.01796	0.00716	0.00868	0.00578	0.00419	0.00343	0.00133	0.00442	0.00295	0.00265	0.07128
9	0.00969	0.00831	0.01082	0.35825	0.01902	0.08886	0.00911	0.01193	0.01022	0.07369	0.11508	0.07190	0.01506	0.00941	0.07887	0.00209	0.02949	0.07012	0.00310	0.00498
10	0.17735	0.01078	0.01143	0.07142	0.01374	0.01200	0.00774	0.40211	0.13406	0.02318	0.01101	0.01181	0.00827	0.02910	0.00474	0.00147	0.00452	0.00396	0.00391	0.05740
11	0.01493	0.09170	0.01239	0.00946	0.07233	0.00884	0.00718	0.11723	0.01277	0.31905	0.07376	0.01386	0.01142	0.00510	0.00421	0.00119	0.00402	0.00413	0.00415	0.21228

[dist]
# distance from previous block
# <min> <max>
6	23

[block]
# block no. 2 follows, 56 sequences, length 15
# corresponding to MSA columns:
# 867-881
name=unknown_C
#
# <colnr> <probs for GDERKNQSTAVLIFYWHMCP>
#	G	D	E	R	K	N	Q	S	T	A	V	L	I	F	Y	W	H	M	C	P
0	0.04903	0.14667	0.12321	0.03429	0.08669	0.03976	0.04625	0.17474	0.08316	0.03111	0.01015	0.01247	0.00827	0.05526	0.00564	0.00153	0.02797	0.01621	0.00303	0.04457
1	0.02565	0.06768	0.08701	0.07164	0.10243	0.07303	0.19692	0.06944	0.11851	0.04175	0.03432	0.06949	0.01047	0.00544	0.00471	0.00145	0.00570	0.00503	0.00305	0.00626
2	0.00737	0.00638	0.00947	0.03895	0.01064	0.02151	0.12678	0.03946	0.02305	0.01308	0.04435	0.42617	0.14149	0.06095	0.00662	0.00186	0.00384	0.00984	0.00379	0.00439
3	0.01308	0.03638	0.03821	0.02800	0.06637	0.14610	0.09723	0.06836	0.03692	0.16570	0.02744	0.05761	0.06309	0.05728	0.03245	0.00180	0.03804	0.00517	0.00346	0.01729
4	0.01128	0.14877	0.13542	0.09938	0.12797	0.05037	0.06760	0.06400	0.03772	0.04669	0.01065	0.02745	0.02795	0.00595	0.02942	0.00155	0.04291	0.00416	0.05465	0.00610
5	0.01090	0.04751	0.26807	0.06916	0.04757	0.05900	0.13652	0.01481	0.07146	0.05397	0.05458	0.03215	0.10080	0.00621	0.00502	0.00159	0.00587	0.00529	0.00314	0.00639
6	0.00887	0.00830	0.01395	0.66424	0.14090	0.00991	0.01243	0.01174	0.00934	0.01219	0.00926	0.06184	0.00775	0.00511	0.00466	0.00153	0.00582	0.00462	0.00221	0.00533
7	0.02991	0.03306	0.11130	0.02404	0.01119	0.04372	0.04282	0.04923	0.04693	0.09036	0.05165	0.32483	0.10368	0.00935	0.00509	0.00159	0.00405	0.00815	0.00385	0.00521
8	0.03293	0.01358	0.21818	0.04933	0.13126	0.03626	0.14703	0.07910	0.01106	0.08333	0.01160	0.03832	0.03420	0.04395	0.03361	0.00181	0.02062	0.00471	0.00284	0.00627
9	0.00649	0.00449	0.00526	0.00533	0.00556	0.00450	0.00326	0.00682	0.00720	0.00956	0.01752	0.08122	0.08128	0.63093	0.10802	0.00437	0.00502	0.00714	0.00296	0.00308
10	0.00921	0.02375	0.81487	0.01309	0.01987	0.01066	0.01696	0.01454	0.00969	0.01454	0.00824	0.00969	0.00582	0.00436	0.00436	0.00145	0.00678	0.00339	0.00194	0.00678
11	0.01209	0.06728	0.09463	0.11396	0.21117	0.09773	0.13485	0.04293	0.01115	0.08879	0.03600	0.04945	0.00933	0.00504	0.00462	0.00141	0.00590	0.00460	0.00279	0.00631
12	0.01108	0.07640	0.12875	0.26653	0.18065	0.06214	0.09235	0.03634	0.01052	0.05029	0.00927	0.01257	0.00735	0.00470	0.00454	0.00143	0.00609	0.03045	0.00243	0.00613
13	0.00559	0.00422	0.00517	0.00586	0.00654	0.00380	0.00404	0.00655	0.00947	0.01222	0.06710	0.56927	0.25685	0.01335	0.00571	0.00175	0.00254	0.01186	0.00430	0.00380
14	0.00928	0.04252	0.09745	0.06513	0.05605	0.00850	0.00834	0.06621	0.05792	0.05059	0.03871	0.28926	0.03207	0.00913	0.00624	0.00168	0.09632	0.05575	0.00354	0.00532

[dist]
# distance from previous block
# <min> <max>
0	2

[block]
# block no. 3 follows, 56 sequences, length 24
# corresponding to MSA columns:
# 884-902,905-909
name=unknown_D
#
# <colnr> <probs for GDERKNQSTAVLIFYWHMCP>
#	G	D	E	R	K	N	Q	S	T	A	V	L	I	F	Y	W	H	M	C	P
0	0.01089	0.20418	0.30119	0.01181	0.05827	0.08866	0.06194	0.04064	0.04669	0.01400	0.04736	0.03115	0.02549	0.03290	0.00486	0.00144	0.00581	0.00411	0.00252	0.00611
1	0.00812	0.00551	0.00674	0.00683	0.00785	0.00544	0.00489	0.09814	0.03909	0.05497	0.06292	0.51143	0.07441	0.03954	0.00652	0.03190	0.00309	0.01020	0.01792	0.00449
2	0.01067	0.29051	0.46529	0.01129	0.01674	0.01321	0.03920	0.05915	0.01028	0.01409	0.00820	0.02703	0.00653	0.00449	0.00398	0.00131	0.00601	0.00341	0.00216	0.00646
3	0.01092	0.39635	0.33900	0.01047	0.01530	0.05729	0.03870	0.01399	0.00977	0.01263	0.02270	0.03826	0.00745	0.00461	0.00381	0.00124	0.00581	0.00344	0.00213	0.00612
4	0.00697	0.00500	0.00686	0.00738	0.00813	0.00489	0.02417	0.03739	0.00975	0.03314	0.02393	0.58917	0.03826	0.01309	0.00604	0.00187	0.01966	0.15591	0.00421	0.00417
5	0.01227	0.84142	0.02406	0.00786	0.01178	0.01817	0.00786	0.01375	0.00933	0.01080	0.00638	0.00736	0.00589	0.00393	0.00295	0.00098	0.00491	0.00245	0.00196	0.00589
6	0.01227	0.84142	0.02406	0.00786	0.01178	0.01817	0.00786	0.01375	0.00933	0.01080	0.00638	0.00736	0.00589	0.00393	0.00295	0.00098	0.00491	0.00245	0.00196	0.00589
7	0.00952	0.00816	0.00952	0.00680	0.01088	0.00612	0.00544	0.01156	0.00952	0.01496	0.00816	0.00952	0.00680	0.00340	0.00340	0.00068	0.00340	0.00272	0.00272	0.86672
8	0.00561	0.00408	0.00524	0.00616	0.00656	0.00377	0.00413	0.00642	0.00891	0.01171	0.02733	0.72501	0.11591	0.03782	0.00632	0.00190	0.00268	0.01250	0.00422	0.00372
9	0.01074	0.14407	0.40580	0.01399	0.01944	0.04272	0.24257	0.04177	0.01051	0.01440	0.00832	0.01012	0.00624	0.00421	0.00446	0.00140	0.00678	0.00385	0.00216	0.00646
10	0.00735	0.00544	0.00673	0.00640	0.00791	0.00479	0.00467	0.03473	0.01053	0.03379	0.19787	0.38342	0.08259	0.01031	0.00515	0.00148	0.00279	0.00913	0.00417	0.18076
11	0.00662	0.00469	0.00620	0.00620	0.00662	0.00510	0.00427	0.00744	0.00703	0.00979	0.01337	0.02399	0.01406	0.43307	0.42535	0.00593	0.00841	0.00579	0.00262	0.00345
12	0.00584	0.00426	0.00552	0.00627	0.00685	0.00395	0.00442	0.00696	0.00969	0.01287	0.13579	0.57755	0.11815	0.01326	0.00579	0.00179	0.00268	0.07013	0.00437	0.00387
13	0.01176	0.34686	0.25914	0.03401	0.03728	0.08793	0.09858	0.05045	0.01053	0.01337	0.00765	0.00911	0.00612	0.00422	0.00392	0.00125	0.00615	0.00328	0.00216	0.00624
14	0.00656	0.00492	0.00738	0.00738	0.00820	0.00574	0.00574	0.00820	0.00738	0.01066	0.01230	0.01804	0.01148	0.03443	0.82046	0.00738	0.01230	0.00492	0.00246	0.00410
15	0.00556	0.00453	0.00493	0.00523	0.00646	0.00391	0.00385	0.00668	0.01008	0.01231	0.04057	0.22780	0.59198	0.01231	0.00557	0.00165	0.00249	0.04598	0.00426	0.00386
16	0.06524	0.17726	0.05876	0.03377	0.07999	0.15626	0.05412	0.09315	0.10259	0.06536	0.01147	0.01216	0.04451	0.00511	0.00436	0.00133	0.02134	0.00393	0.00305	0.00625
17	0.00893	0.00456	0.00654	0.00628	0.00660	0.00458	0.00432	0.04375	0.00700	0.04124	0.00852	0.01388	0.00810	0.01505	0.01678	0.79105	0.00403	0.00402	0.00226	0.00250
18	0.00688	0.00567	0.00598	0.00583	0.00741	0.00550	0.00435	0.01052	0.17623	0.01405	0.07187	0.10194	0.49291	0.03964	0.00588	0.00166	0.00269	0.00871	0.02771	0.00457
19	0.01223	0.01314	0.01376	0.06793	0.07651	0.24413	0.03723	0.06415	0.01064	0.01314	0.04619	0.03010	0.02692	0.00652	0.00850	0.00159	0.31503	0.00431	0.00256	0.00542
20	0.02915	0.12824	0.14597	0.06256	0.03358	0.12738	0.06889	0.04343	0.13396	0.03195	0.01992	0.01251	0.02854	0.00688	0.05142	0.00175	0.06096	0.00407	0.00280	0.00604
21	0.01562	0.01388	0.01135	0.01025	0.03252	0.34901	0.00770	0.07550	0.09683	0.19985	0.04307	0.08446	0.01185	0.00671	0.01935	0.00148	0.00581	0.00481	0.00381	0.00614
22	0.00681	0.00514	0.00652	0.00648	0.00709	0.02480	0.00463	0.00787	0.00766	0.01050	0.05172	0.02379	0.04659	0.31151	0.45233	0.00570	0.00859	0.00583	0.00276	0.00367
23	0.00931	0.00839	0.02890	0.04666	0.01186	0.00657	0.00606	0.01203	0.05400	0.01485	0.01087	0.02845	0.04461	0.00424	0.00370	0.00085	0.00356	0.00347	0.00288	0.69876

[dist]
# distance from previous block
# <min> <max>
1	7

[block]
# block no. 4 follows, 56 sequences, length 19
# corresponding to MSA columns:
# 917-935
name=unknown_E
#
# <colnr> <probs for GDERKNQSTAVLIFYWHMCP>
#	G	D	E	R	K	N	Q	S	T	A	V	L	I	F	Y	W	H	M	C	P
0	0.01168	0.12797	0.22213	0.05113	0.03348	0.08325	0.26175	0.09989	0.01150	0.01508	0.00872	0.01102	0.00679	0.02957	0.00510	0.00148	0.00665	0.00410	0.00243	0.00627
1	0.01617	0.03880	0.06043	0.01079	0.01463	0.05794	0.03478	0.61697	0.01908	0.02539	0.01030	0.01065	0.00745	0.00519	0.00447	0.00133	0.00533	0.00394	0.00407	0.05230
2	0.59543	0.00892	0.06382	0.02541	0.00947	0.00898	0.00565	0.01221	0.00822	0.01817	0.05438	0.03284	0.00944	0.10103	0.00559	0.00178	0.00380	0.00372	0.02640	0.00476
3	0.00622	0.00462	0.00643	0.06497	0.00906	0.00461	0.00554	0.00750	0.00915	0.01209	0.02394	0.54806	0.05482	0.01435	0.05063	0.00218	0.00374	0.16415	0.00400	0.00395
4	0.00625	0.00491	0.00609	0.05314	0.00834	0.00451	0.00469	0.00762	0.01007	0.01318	0.15057	0.28121	0.28159	0.04323	0.00612	0.00171	0.00287	0.04975	0.00410	0.06004
5	0.03017	0.24111	0.15408	0.01068	0.01460	0.08461	0.12386	0.06392	0.06062	0.03883	0.06759	0.01363	0.05346	0.00517	0.00423	0.00131	0.00546	0.00425	0.00287	0.01954
6	0.00646	0.00485	0.00598	0.00620	0.00711	0.00464	0.00449	0.00870	0.06843	0.01462	0.29790	0.30812	0.13588	0.05691	0.00655	0.00181	0.00270	0.04999	0.00448	0.00419
7	0.00602	0.00438	0.00576	0.00668	0.00728	0.00412	0.00491	0.00719	0.00947	0.01242	0.04582	0.55329	0.11005	0.01359	0.00592	0.00188	0.00298	0.19011	0.00427	0.00387
8	0.00921	0.02235	0.73749	0.07095	0.02081	0.01065	0.03699	0.01434	0.00969	0.01434	0.00826	0.00994	0.00587	0.00437	0.00441	0.00146	0.00676	0.00349	0.00196	0.00665
9	0.00940	0.00909	0.01596	0.59480	0.18487	0.01047	0.08517	0.01247	0.00958	0.01265	0.00836	0.01208	0.00643	0.00442	0.00466	0.00150	0.00614	0.00421	0.00211	0.00563
10	0.00965	0.00528	0.00545	0.00507	0.00649	0.00539	0.00390	0.08009	0.03059	0.03978	0.01565	0.01726	0.03274	0.00556	0.00346	0.00113	0.00249	0.00444	0.72082	0.00475
11	0.00911	0.00643	0.00745	0.00727	0.00889	0.00657	0.00544	0.01399	0.26160	0.10206	0.02617	0.32215	0.16187	0.01030	0.00528	0.00167	0.00309	0.03076	0.00455	0.00534
12	0.01172	0.02699	0.04792	0.05544	0.04191	0.03499	0.02576	0.25406	0.03173	0.03524	0.04405	0.10694	0.03714	0.00783	0.00637	0.00162	0.11492	0.10576	0.00368	0.00591
13	0.01032	0.11528	0.01339	0.04125	0.10348	0.02403	0.03265	0.02466	0.00958	0.01340	0.01228	0.01701	0.02392	0.01983	0.38488	0.00444	0.09259	0.01454	0.03673	0.00573
14	0.00655	0.00444	0.00493	0.00501	0.00531	0.00431	0.00301	0.00691	0.00754	0.01012	0.01973	0.08670	0.12817	0.61184	0.01834	0.00365	0.00388	0.00738	0.05909	0.00310
15	0.00985	0.00948	0.01654	0.29193	0.31664	0.01001	0.12807	0.02887	0.01050	0.01425	0.06720	0.01514	0.05118	0.00502	0.00480	0.00146	0.00561	0.00488	0.00255	0.00601
16	0.01270	0.55177	0.14762	0.00918	0.01343	0.04939	0.00940	0.09686	0.03008	0.03105	0.00775	0.00857	0.00640	0.00429	0.00347	0.00113	0.00531	0.00292	0.00240	0.00629
17	0.00856	0.18570	0.01027	0.00677	0.00844	0.07450	0.00542	0.01006	0.02177	0.01280	0.18144	0.07991	0.14752	0.13838	0.01824	0.00198	0.00401	0.07627	0.00352	0.00442
18	0.02082	0.37313	0.18682	0.00967	0.02156	0.03244	0.02310	0.11095	0.03222	0.05688	0.02137	0.01984	0.00774	0.01846	0.00410	0.00125	0.00520	0.00343	0.00270	0.04831

[dist]
# distance from previous block
# <min> <max>
0	3

[block]
# block no. 5 follows, 56 sequences, length 21
# corresponding to MSA columns:
# 939-959
name=unknown_F
#
# <colnr> <probs for GDERKNQSTAVLIFYWHMCP>
#	G	D	E	R	K	N	Q	S	T	A	V	L	I	F	Y	W	H	M	C	P
0	0.00929	0.00800	0.01014	0.00899	0.01076	0.00902	0.05641	0.03422	0.32816	0.01513	0.03320	0.07882	0.07137	0.06976	0.14130	0.00276	0.08563	0.00605	0.00369	0.01730
1	0.00656	0.00492	0.00738	0.00738	0.00820	0.00574	0.00574	0.00820	0.00738	0.01066	0.01230	0.01804	0.01148	0.03443	0.82046	0.00738	0.01230	0.00492	0.00246	0.00410
2	0.01056	0.01016	0.01723	0.11324	0.57757	0.01061	0.04721	0.01312	0.01002	0.01414	0.01016	0.04340	0.03138	0.00503	0.00543	0.00146	0.06568	0.00464	0.00236	0.00659
3	0.01715	0.02188	0.01301	0.01183	0.01419	0.82022	0.00887	0.01833	0.01301	0.01124	0.00710	0.00828	0.00591	0.00473	0.00414	0.00118	0.00828	0.00296	0.00237	0.00532
4	0.01192	0.74728	0.11510	0.00846	0.01271	0.01730	0.00890	0.01384	0.00937	0.01123	0.00660	0.00763	0.00588	0.00398	0.00311	0.00104	0.00513	0.00256	0.00196	0.00599
5	0.00970	0.00761	0.00888	0.00666	0.01017	0.00601	0.00530	0.03711	0.01050	0.06192	0.07260	0.01602	0.10850	0.00506	0.00391	0.00091	0.00326	0.00415	0.00332	0.61841
6	0.00867	0.00816	0.01377	0.82762	0.03162	0.01020	0.01275	0.01173	0.00918	0.01173	0.00816	0.01224	0.00612	0.00459	0.00459	0.00153	0.00612	0.00408	0.00204	0.00510
7	0.00654	0.00485	0.00710	0.00713	0.00785	0.00556	0.00542	0.00800	0.00735	0.01052	0.01287	0.04264	0.01251	0.10967	0.72193	0.00694	0.01128	0.00532	0.00254	0.00396
8	0.00585	0.00416	0.00544	0.00617	0.00656	0.00390	0.00415	0.00682	0.00936	0.01267	0.16319	0.62561	0.03151	0.08294	0.00726	0.00201	0.00273	0.01167	0.00428	0.00376
9	0.01151	0.01121	0.01818	0.07660	0.63694	0.04318	0.06015	0.04339	0.01089	0.01509	0.00898	0.02663	0.00757	0.00438	0.00461	0.00139	0.00568	0.00429	0.00239	0.00695
10	0.00601	0.00454	0.00552	0.00566	0.00666	0.00410	0.00414	0.00749	0.01097	0.01456	0.34006	0.21577	0.27315	0.03988	0.00617	0.00170	0.00249	0.04260	0.00452	0.00400
11	0.00797	0.00399	0.00598	0.00598	0.00598	0.00399	0.00399	0.00598	0.00598	0.00797	0.00797	0.01396	0.00797	0.01595	0.01794	0.86643	0.00399	0.00399	0.00199	0.00199
12	0.00599	0.00448	0.00590	0.00673	0.00720	0.00439	0.00482	0.00699	0.00909	0.01200	0.02634	0.62925	0.10245	0.01364	0.00628	0.00187	0.03919	0.10536	0.00416	0.00386
13	0.00944	0.01293	0.29078	0.04194	0.04955	0.00850	0.08157	0.06538	0.03737	0.01364	0.01095	0.04489	0.03573	0.00838	0.00840	0.24523	0.00536	0.00452	0.02026	0.00516
14	0.00656	0.00492	0.00738	0.00738	0.00820	0.00574	0.00574	0.00820	0.00738	0.01066	0.01230	0.01804	0.01148	0.03443	0.82046	0.00738	0.01230	0.00492	0.00246	0.00410
15	0.00800	0.00566	0.00641	0.00616	0.00779	0.00536	0.00468	0.02241	0.11517	0.08276	0.11826	0.14525	0.37953	0.01031	0.00527	0.00158	0.00277	0.03844	0.02943	0.00477
16	0.01165	0.13702	0.28746	0.04695	0.15256	0.13127	0.04184	0.05371	0.04415	0.01450	0.03163	0.01073	0.00767	0.00458	0.00426	0.00134	0.00616	0.00367	0.00242	0.00643
17	0.00626	0.00452	0.00623	0.00659	0.00711	0.00475	0.00472	0.00740	0.00816	0.01128	0.06571	0.30000	0.02102	0.15406	0.34723	0.00455	0.00696	0.02633	0.00332	0.00378
18	0.01113	0.00795	0.00891	0.00766	0.00929	0.00857	0.00567	0.29496	0.04003	0.04033	0.01526	0.08756	0.04440	0.33372	0.03703	0.00284	0.02967	0.00614	0.00374	0.00514
19	0.01327	0.34844	0.12417	0.00972	0.04365	0.01248	0.03176	0.05874	0.03037	0.18508	0.04738	0.04139	0.01014	0.00516	0.00398	0.00126	0.00477	0.00403	0.01777	0.00645
20	0.13848	0.01244	0.01172	0.05620	0.01352	0.15459	0.00805	0.28562	0.09554	0.05229	0.02582	0.01241	0.03615	0.00571	0.00515	0.00144	0.07085	0.00407	0.00364	0.00633

[dist]
# distance from previous block
# <min> <max>
0	9

[block]
# block no. 6 follows, 56 sequences, length 47
# corresponding to MSA columns:
# 969-977,980-1003,1015-1022,1024-1029
name=unknown_G
#
# <colnr> <probs for GDERKNQSTAVLIFYWHMCP>
#	G	D	E	R	K	N	Q	S	T	A	V	L	I	F	Y	W	H	M	C	P
0	0.01045	0.00889	0.01205	0.07294	0.20216	0.00826	0.00835	0.07877	0.03448	0.02795	0.03678	0.01354	0.03170	0.00542	0.02612	0.00126	0.00443	0.02058	0.00297	0.39288
1	0.02425	0.00977	0.06432	0.28097	0.23833	0.00960	0.09237	0.02849	0.02084	0.01355	0.01135	0.06328	0.03470	0.05329	0.03394	0.00186	0.00584	0.00506	0.00249	0.00571
2	0.01273	0.50166	0.11305	0.00908	0.01298	0.08169	0.00889	0.07488	0.07000	0.03967	0.00885	0.03224	0.00751	0.00469	0.00360	0.00117	0.00523	0.00331	0.00258	0.00620
3	0.00706	0.00536	0.00602	0.00589	0.00738	0.00499	0.00444	0.03604	0.06966	0.04188	0.15164	0.15801	0.43528	0.01093	0.00541	0.00159	0.00267	0.03683	0.00447	0.00446
4	0.00655	0.00450	0.00551	0.00561	0.00580	0.00464	0.00351	0.00696	0.00701	0.00951	0.01502	0.10107	0.01689	0.60229	0.18157	0.00480	0.00586	0.00691	0.00285	0.00313
5	0.00832	0.00734	0.00886	0.00893	0.07032	0.05926	0.03178	0.01178	0.11749	0.01645	0.42031	0.05419	0.10187	0.00924	0.03234	0.00167	0.02336	0.00719	0.00427	0.00502
6	0.00680	0.00525	0.00766	0.00754	0.00822	0.00622	0.00581	0.00825	0.00735	0.01060	0.01241	0.04647	0.01207	0.08751	0.67501	0.00657	0.07441	0.00525	0.00251	0.00407
7	0.00654	0.00468	0.00641	0.00742	0.00812	0.00454	0.00586	0.00806	0.00984	0.01298	0.05180	0.40837	0.02880	0.01334	0.00609	0.00198	0.00344	0.40344	0.00427	0.00400
8	0.01038	0.00608	0.00793	0.00753	0.01921	0.00616	0.00564	0.02408	0.06239	0.19385	0.04400	0.11363	0.03523	0.19124	0.14189	0.00319	0.02982	0.08886	0.00393	0.00497
9	0.01059	0.01012	0.01522	0.44611	0.28686	0.05378	0.01258	0.05660	0.03778	0.01399	0.00878	0.01184	0.00686	0.00454	0.00455	0.00145	0.00587	0.00406	0.00237	0.00606
10	0.01102	0.01086	0.01618	0.06163	0.57863	0.07874	0.01232	0.01337	0.01035	0.01405	0.01045	0.08860	0.00982	0.00553	0.00504	0.00145	0.03267	0.03027	0.00251	0.00650
11	0.09920	0.08283	0.16841	0.11225	0.19677	0.03338	0.19155	0.01398	0.00986	0.01447	0.00812	0.01053	0.00637	0.00428	0.00469	0.00143	0.02953	0.00393	0.00222	0.00621
12	0.00549	0.00465	0.00474	0.00472	0.00624	0.00390	0.00354	0.00672	0.01062	0.01278	0.09411	0.04356	0.76032	0.01149	0.00543	0.00154	0.00232	0.00960	0.00431	0.00390
13	0.80262	0.00879	0.00706	0.00621	0.00911	0.01001	0.00511	0.01421	0.00824	0.08440	0.00734	0.00812	0.00549	0.00438	0.00298	0.00142	0.00358	0.00266	0.00307	0.00520
14	0.01188	0.06347	0.06314	0.06580	0.05559	0.05262	0.04173	0.15125	0.08327	0.10105	0.07911	0.09908	0.07441	0.00765	0.02788	0.00162	0.00481	0.00578	0.00378	0.00607
15	0.02972	0.05827	0.05724	0.11044	0.40278	0.07152	0.09735	0.07659	0.01122	0.01524	0.00850	0.01091	0.00684	0.00436	0.00466	0.00139	0.01994	0.00399	0.00242	0.00663
16	0.00582	0.00431	0.00610	0.00681	0.00723	0.00404	0.03263	0.00670	0.00879	0.01173	0.02435	0.77821	0.02905	0.04246	0.00645	0.00194	0.00291	0.01256	0.00414	0.00378
17	0.01867	0.00954	0.01155	0.00901	0.01249	0.00948	0.00739	0.25255	0.10116	0.49360	0.01606	0.01442	0.01059	0.00569	0.00462	0.00142	0.00422	0.00454	0.00525	0.00775
18	0.00632	0.00462	0.00604	0.02224	0.00768	0.00452	0.00481	0.03080	0.03568	0.01280	0.04996	0.70273	0.02892	0.01341	0.00577	0.00183	0.00289	0.05067	0.00427	0.00404
19	0.00660	0.00461	0.00588	0.00589	0.00622	0.00488	0.00390	0.00726	0.00718	0.00989	0.04017	0.04527	0.01609	0.51232	0.29912	0.00531	0.00706	0.00627	0.00278	0.00331
20	0.00656	0.00490	0.00730	0.00730	0.00810	0.00570	0.00564	0.00815	0.00736	0.01060	0.01237	0.01842	0.01165	0.06034	0.79479	0.00728	0.01204	0.00498	0.00247	0.00406
21	0.00930	0.04781	0.79160	0.01293	0.01963	0.01088	0.01669	0.01452	0.00968	0.01443	0.00818	0.00962	0.00582	0.00435	0.00432	0.00144	0.00673	0.00336	0.00194	0.00676
22	0.01196	0.07412	0.42694	0.01169	0.01668	0.07849	0.03592	0.16122	0.03456	0.04281	0.00948	0.01096	0.00712	0.02892	0.02801	0.00164	0.00639	0.00372	0.00272	0.00664
23	0.00652	0.00447	0.00543	0.00556	0.00574	0.00456	0.00345	0.00691	0.00715	0.00968	0.02762	0.13067	0.01803	0.59644	0.14451	0.00453	0.00541	0.00724	0.00295	0.00313
24	0.04452	0.00913	0.01121	0.00866	0.01212	0.00887	0.00714	0.23899	0.01529	0.53748	0.03276	0.01452	0.01087	0.00567	0.00455	0.00140	0.00415	0.00449	0.02059	0.00759
25	0.04431	0.04103	0.01567	0.05159	0.15407	0.19754	0.12380	0.09538	0.05511	0.06512	0.01089	0.02918	0.03165	0.00528	0.00521	0.00142	0.05922	0.00436	0.00297	0.00621
26	0.00648	0.00481	0.00636	0.03324	0.00759	0.00507	0.00466	0.00745	0.00823	0.01118	0.07915	0.21390	0.08745	0.23385	0.21972	0.02187	0.03417	0.00786	0.00328	0.00369
27	0.00575	0.00410	0.00547	0.00647	0.00678	0.00388	0.00440	0.00661	0.00878	0.01170	0.02458	0.74697	0.02926	0.04603	0.02247	0.00208	0.00300	0.05377	0.00417	0.00373
28	0.00880	0.01492	0.42142	0.01063	0.04095	0.00809	0.03681	0.01199	0.00934	0.03959	0.03532	0.03450	0.06149	0.12826	0.00812	0.05378	0.00539	0.02158	0.04356	0.00545
29	0.02884	0.05800	0.06567	0.03908	0.08491	0.13619	0.12152	0.06368	0.03285	0.09633	0.04510	0.15864	0.02336	0.00669	0.00493	0.00147	0.01772	0.00585	0.00331	0.00585
30	0.01155	0.01178	0.05609	0.11248	0.05144	0.17392	0.11271	0.05338	0.03381	0.06842	0.03802	0.04806	0.07605	0.00692	0.00500	0.00154	0.00568	0.12432	0.00327	0.00556
31	0.17975	0.10973	0.07859	0.12278	0.16685	0.07559	0.10800	0.03417	0.00992	0.01493	0.00771	0.00991	0.00619	0.00448	0.00470	0.00141	0.05340	0.00360	0.00235	0.00593
32	0.01168	0.10387	0.09423	0.14489	0.20598	0.04968	0.07653	0.05149	0.01070	0.09148	0.01035	0.04507	0.00858	0.03975	0.02372	0.00165	0.00575	0.00443	0.01397	0.00618
33	0.00763	0.02249	0.01512	0.00725	0.02060	0.04186	0.00520	0.02298	0.00786	0.01056	0.01400	0.04087	0.04825	0.32145	0.32554	0.02286	0.05322	0.00571	0.00268	0.00384
34	0.10766	0.06597	0.09448	0.01121	0.11747	0.03441	0.02244	0.14809	0.02523	0.07879	0.04109	0.11706	0.06058	0.01864	0.02323	0.00161	0.00471	0.00543	0.00347	0.01841
35	0.01189	0.22767	0.24838	0.01391	0.07371	0.13098	0.17906	0.03786	0.01073	0.01360	0.00793	0.00963	0.00626	0.00421	0.00422	0.00131	0.00659	0.00360	0.00219	0.00628
36	0.01960	0.00830	0.01078	0.00834	0.01179	0.00761	0.00686	0.10504	0.03742	0.67965	0.01727	0.01522	0.01107	0.00567	0.00457	0.00141	0.00396	0.00457	0.03319	0.00768
37	0.02171	0.04070	0.10428	0.10377	0.07082	0.05591	0.04641	0.07096	0.04694	0.01468	0.07828	0.12406	0.03714	0.00782	0.02461	0.00170	0.11041	0.02243	0.01188	0.00550
38	0.02444	0.19108	0.15113	0.01117	0.04726	0.02810	0.10380	0.11001	0.01102	0.03838	0.02669	0.02892	0.02536	0.02698	0.11348	0.00221	0.03072	0.00430	0.01903	0.00593
39	0.00601	0.00471	0.00547	0.00558	0.00679	0.00423	0.00418	0.00770	0.02675	0.01425	0.25974	0.16081	0.40456	0.01136	0.00553	0.00160	0.00248	0.05969	0.00450	0.00408
40	0.00611	0.00444	0.00614	0.00671	0.00723	0.00459	0.00483	0.00725	0.00832	0.01137	0.03368	0.42022	0.03714	0.07856	0.29950	0.00402	0.00631	0.04623	0.00352	0.00383
41	0.01067	0.06816	0.27844	0.05462	0.16613	0.04561	0.12527	0.03730	0.02249	0.03824	0.03863	0.06254	0.00949	0.00519	0.00476	0.00144	0.01747	0.00464	0.00257	0.00636
42	0.00856	0.00841	0.05964	0.19038	0.07442	0.02541	0.05812	0.01115	0.03534	0.03231	0.06066	0.19755	0.06234	0.00850	0.00584	0.00167	0.05579	0.09558	0.00327	0.00506
43	0.84704	0.00885	0.00686	0.00610	0.00896	0.01020	0.00502	0.01375	0.00796	0.04301	0.00672	0.00769	0.00515	0.00430	0.00289	0.00142	0.00356	0.00255	0.00292	0.00505
44	0.00599	0.00467	0.00517	0.00533	0.00659	0.00409	0.00389	0.00740	0.02668	0.02917	0.10317	0.22992	0.52794	0.01186	0.00550	0.00161	0.00245	0.01018	0.00437	0.00403
45	0.05347	0.09792	0.33710	0.05905	0.06439	0.07156	0.13228	0.05212	0.01079	0.03873	0.03489	0.01096	0.00757	0.00452	0.00437	0.00139	0.00626	0.00385	0.00244	0.00634
46	0.01164	0.01254	0.10061	0.06139	0.06516	0.17626	0.07039	0.08246	0.02193	0.05994	0.04712	0.07615	0.03822	0.03308	0.08046	0.00206	0.01726	0.00513	0.03258	0.00561

[dist]
# distance from previous block
# <min> <max>
0	1

[block]
# block no. 7 follows, 56 sequences, length 23
# corresponding to MSA columns:
# 1031-1043,1046-1055
name=unknown_H
#
# <colnr> <probs for GDERKNQSTAVLIFYWHMCP>
#	G	D	E	R	K	N	Q	S	T	A	V	L	I	F	Y	W	H	M	C	P
0	0.05154	0.05505	0.06355	0.04427	0.13971	0.44866	0.04767	0.03387	0.01182	0.03126	0.00780	0.00938	0.00631	0.00462	0.00447	0.00129	0.02704	0.00337	0.00243	0.00587
1	0.01907	0.00797	0.01040	0.00807	0.01139	0.00723	0.00663	0.09561	0.01372	0.66071	0.04116	0.01585	0.01202	0.00576	0.00455	0.00139	0.00385	0.00466	0.06252	0.00747
2	0.00833	0.00761	0.01255	0.70561	0.02782	0.00936	0.01141	0.01101	0.00890	0.01146	0.00942	0.04315	0.00802	0.07575	0.02993	0.00196	0.00604	0.00464	0.00219	0.00483
3	0.00952	0.00816	0.00952	0.00680	0.01088	0.00612	0.00544	0.01156	0.00952	0.01496	0.00816	0.00952	0.00680	0.00340	0.00340	0.00068	0.00340	0.00272	0.00272	0.86672
4	0.00691	0.00562	0.00840	0.00866	0.04627	0.00559	0.06829	0.02278	0.02421	0.01291	0.07799	0.47240	0.07402	0.02823	0.09037	0.00237	0.02687	0.00996	0.00381	0.00434
5	0.09420	0.01082	0.01455	0.05479	0.15406	0.08972	0.13657	0.05752	0.07354	0.13470	0.06827	0.02766	0.01092	0.00530	0.00488	0.00143	0.02922	0.00464	0.00339	0.02383
6	0.00867	0.00816	0.01377	0.82762	0.03162	0.01020	0.01275	0.01173	0.00918	0.01173	0.00816	0.01224	0.00612	0.00459	0.00459	0.00153	0.00612	0.00408	0.00204	0.00510
7	0.00564	0.00406	0.00531	0.00626	0.00660	0.00377	0.00419	0.00647	0.00893	0.01185	0.04613	0.75767	0.06732	0.03438	0.00626	0.00190	0.00268	0.01261	0.00425	0.00373
8	0.00912	0.01139	0.15191	0.14887	0.11496	0.00927	0.19573	0.02839	0.04370	0.01406	0.01592	0.11050	0.11304	0.00644	0.00500	0.00154	0.00552	0.00608	0.00282	0.00574
9	0.01077	0.01057	0.03183	0.38229	0.31236	0.06376	0.03734	0.03556	0.01043	0.03297	0.00933	0.01225	0.02142	0.00457	0.00458	0.00144	0.00593	0.00416	0.00235	0.00610
10	0.01318	0.01124	0.01318	0.14725	0.09420	0.07476	0.03271	0.27513	0.17286	0.03290	0.01188	0.01387	0.00930	0.06993	0.00605	0.00167	0.00525	0.00448	0.00359	0.00656
11	0.00685	0.00515	0.00708	0.02930	0.04886	0.00539	0.00531	0.02897	0.00854	0.01163	0.03125	0.26020	0.05797	0.18138	0.27419	0.00410	0.00645	0.02013	0.00325	0.00402
12	0.01168	0.15226	0.08511	0.01245	0.06937	0.09582	0.13415	0.06945	0.07128	0.03939	0.03518	0.06079	0.01070	0.00672	0.02850	0.00162	0.06731	0.03930	0.00293	0.00599
13	0.01153	0.13838	0.17783	0.06334	0.07393	0.13773	0.08883	0.05403	0.02540	0.03691	0.01059	0.10836	0.00952	0.00626	0.01986	0.00152	0.02262	0.00478	0.00266	0.00594
14	0.00645	0.00443	0.00517	0.00528	0.00550	0.00436	0.00320	0.00678	0.00751	0.00999	0.05528	0.13348	0.06897	0.61338	0.04811	0.00390	0.00427	0.00769	0.00316	0.00309
15	0.01002	0.08830	0.30097	0.06616	0.20149	0.02566	0.07452	0.02321	0.03375	0.01405	0.01034	0.09781	0.00914	0.00543	0.00472	0.00145	0.01946	0.00476	0.00242	0.00632
16	0.01065	0.11000	0.27263	0.03739	0.08000	0.03306	0.15358	0.05058	0.03992	0.04085	0.02344	0.05233	0.04256	0.00547	0.00462	0.00145	0.00585	0.02667	0.00272	0.00625
17	0.00944	0.00916	0.04262	0.50722	0.14848	0.02320	0.04989	0.01230	0.00977	0.03802	0.03434	0.04456	0.02984	0.01624	0.00495	0.00154	0.00571	0.00476	0.00245	0.00550
18	0.00748	0.00606	0.00787	0.06486	0.06768	0.02888	0.00629	0.00932	0.04374	0.01279	0.06573	0.30094	0.08265	0.07308	0.00750	0.02911	0.02852	0.12986	0.02332	0.00433
19	0.03376	0.08755	0.04018	0.20248	0.09045	0.04838	0.10835	0.07745	0.05837	0.07572	0.03240	0.03304	0.00954	0.00546	0.00516	0.00148	0.05068	0.03053	0.00297	0.00603
20	0.02655	0.10434	0.14962	0.01137	0.06310	0.13556	0.04917	0.08711	0.08603	0.07422	0.02571	0.08242	0.02865	0.02957	0.00525	0.00149	0.02570	0.00483	0.00317	0.00612
21	0.04453	0.04299	0.04061	0.17539	0.05750	0.02836	0.04421	0.07535	0.01064	0.03904	0.02658	0.11987	0.05981	0.02125	0.03022	0.00179	0.03092	0.10709	0.00320	0.04067
22	0.18168	0.05001	0.03684	0.01165	0.10626	0.19628	0.04504	0.07685	0.04859	0.03061	0.01049	0.06720	0.02213	0.00547	0.00433	0.00135	0.02050	0.01392	0.00297	0.06782

[dist]
# distance from previous block
# <min> <max>
19	59

[block]
# block no. 8 follows, 56 sequences, length 15
# corresponding to MSA columns:
# 1133-1147
name=unknown_I
#
# <colnr> <probs for GDERKNQSTAVLIFYWHMCP>
#	G	D	E	R	K	N	Q	S	T	A	V	L	I	F	Y	W	H	M	C	P
0	0.09769	0.07204	0.04429	0.12678	0.10816	0.02771	0.02423	0.13845	0.04848	0.03555	0.05914	0.03142	0.02354	0.00540	0.00487	0.00137	0.05212	0.00427	0.00311	0.09140
1	0.03098	0.02506	0.01422	0.09903	0.11836	0.09569	0.10754	0.18132	0.02350	0.04740	0.06532	0.03800	0.04500	0.01778	0.00495	0.00144	0.00530	0.02139	0.00333	0.05439
2	0.05668	0.01131	0.03607	0.13123	0.22889	0.05039	0.06109	0.19944	0.01288	0.04664	0.00962	0.02842	0.00758	0.00473	0.00442	0.00134	0.00535	0.00409	0.00303	0.09682
3	0.01269	0.01128	0.03638	0.09149	0.30037	0.04607	0.04340	0.16928	0.04877	0.06066	0.01002	0.01195	0.00783	0.02354	0.00512	0.00141	0.02269	0.00409	0.00305	0.08990
4	0.12412	0.00979	0.05669	0.08274	0.10123	0.03158	0.02822	0.14347	0.01160	0.07273	0.03021	0.13832	0.01191	0.05017	0.00544	0.00157	0.00455	0.00536	0.00337	0.08691
5	0.01213	0.01042	0.01704	0.05149	0.57791	0.01050	0.04434	0.05918	0.04193	0.08122	0.01059	0.04390	0.00874	0.00479	0.00465	0.00141	0.00524	0.00458	0.00285	0.00709
6	0.00710	0.00571	0.00724	0.03013	0.00853	0.01991	0.00547	0.00805	0.00878	0.01172	0.03289	0.29264	0.14552	0.05094	0.05818	0.07100	0.10185	0.06931	0.00345	0.06157
7	0.01202	0.10404	0.25511	0.01383	0.07703	0.06015	0.16107	0.10158	0.05395	0.05357	0.00995	0.01201	0.00768	0.00479	0.00468	0.00141	0.01928	0.02577	0.00276	0.01931
8	0.00612	0.00505	0.00650	0.00602	0.00748	0.00446	0.04873	0.00775	0.01122	0.01455	0.30571	0.10617	0.43215	0.01065	0.00546	0.00154	0.00261	0.00925	0.00443	0.00415
9	0.00708	0.00538	0.00591	0.00584	0.00612	0.03647	0.00372	0.00745	0.00731	0.00958	0.01586	0.05916	0.06079	0.60395	0.11308	0.00431	0.03529	0.00665	0.00284	0.00321
10	0.01148	0.01115	0.01717	0.18499	0.21521	0.07924	0.19107	0.06488	0.04930	0.03945	0.04991	0.01362	0.02389	0.00493	0.00502	0.00146	0.02358	0.00468	0.00278	0.00620
11	0.04946	0.63312	0.18928	0.00887	0.01335	0.01624	0.00964	0.01390	0.00934	0.01202	0.00677	0.00786	0.00584	0.00403	0.00324	0.00110	0.00524	0.00265	0.00200	0.00604
12	0.05116	0.12377	0.18525	0.01042	0.03015	0.09807	0.00954	0.11287	0.03933	0.03842	0.09527	0.04263	0.06878	0.00678	0.00485	0.00155	0.00534	0.01673	0.00361	0.05548
13	0.01218	0.07922	0.23244	0.04417	0.03750	0.09280	0.02373	0.11946	0.07409	0.07675	0.04057	0.03456	0.03386	0.00535	0.00437	0.00134	0.00536	0.00426	0.00316	0.07482
14	0.06703	0.10569	0.17466	0.01016	0.03553	0.10467	0.02654	0.12585	0.04963	0.03675	0.03634	0.10959	0.02662	0.02103	0.01571	0.00151	0.00524	0.00494	0.00314	0.03938

[dist]
# distance from previous block
# <min> <max>
20	85

[block]
# block no. 9 follows, 56 sequences, length 6
# corresponding to MSA columns:
# 1268-1273
name=unknown_J
#
# <colnr> <probs for GDERKNQSTAVLIFYWHMCP>
#	G	D	E	R	K	N	Q	S	T	A	V	L	I	F	Y	W	H	M	C	P
0	0.05966	0.05294	0.07442	0.03613	0.08987	0.11435	0.14877	0.14647	0.03760	0.05070	0.00995	0.04423	0.00805	0.00507	0.00488	0.00138	0.03966	0.00429	0.00299	0.06859
1	0.18848	0.09913	0.09761	0.02800	0.03566	0.10999	0.04021	0.06227	0.02591	0.02942	0.00941	0.01205	0.02005	0.07460	0.05262	0.00190	0.02721	0.00369	0.00270	0.07909
2	0.03879	0.00882	0.03944	0.07072	0.06166	0.02892	0.03942	0.03465	0.00965	0.01423	0.01132	0.15256	0.01109	0.03842	0.00548	0.00132	0.04445	0.00507	0.00288	0.38111
3	0.00927	0.00663	0.00776	0.00756	0.04091	0.04342	0.00554	0.01223	0.08589	0.11427	0.42281	0.03051	0.14009	0.00868	0.00520	0.00148	0.00306	0.04487	0.00471	0.00513
4	0.00935	0.00709	0.00951	0.00945	0.06128	0.00814	0.00690	0.07039	0.10504	0.05027	0.01261	0.01664	0.01097	0.06245	0.41546	0.00461	0.09008	0.00480	0.03980	0.00517
5	0.01195	0.01149	0.03995	0.01785	0.35396	0.04567	0.01080	0.07553	0.30889	0.01724	0.01239	0.01326	0.00968	0.00523	0.00508	0.00146	0.04470	0.00443	0.00333	0.00710

[dist]
# distance from previous block
# <min> <max>
0	1

[block]
# block no. 10 follows, 56 sequences, length 22
# corresponding to MSA columns:
# 1275-1278,1287-1304
name=unknown_K
#
# <colnr> <probs for GDERKNQSTAVLIFYWHMCP>
#	G	D	E	R	K	N	Q	S	T	A	V	L	I	F	Y	W	H	M	C	P
0	0.00758	0.00721	0.00649	0.00661	0.00782	0.12797	0.00479	0.00907	0.03379	0.01272	0.10284	0.29690	0.31204	0.02499	0.00566	0.00164	0.00343	0.02022	0.00404	0.00418
1	0.00664	0.00759	0.11672	0.00750	0.04281	0.00529	0.00625	0.00862	0.01047	0.01387	0.16541	0.16973	0.34362	0.01007	0.00525	0.00154	0.00320	0.03022	0.00393	0.04124
2	0.01039	0.04244	0.41310	0.05561	0.10444	0.07768	0.05488	0.01401	0.00959	0.01344	0.00778	0.01002	0.00610	0.00500	0.00633	0.00152	0.15571	0.00366	0.00205	0.00626
3	0.01107	0.00985	0.01137	0.02818	0.01236	0.09659	0.08385	0.03651	0.26227	0.07082	0.12384	0.02125	0.12574	0.00713	0.00569	0.00153	0.06718	0.01491	0.00399	0.00589
4	0.01004	0.07927	0.02835	0.04378	0.02427	0.00776	0.02022	0.04690	0.02296	0.04450	0.12843	0.02486	0.01278	0.00480	0.00394	0.00099	0.00373	0.00398	0.00319	0.48527
5	0.71205	0.01007	0.00802	0.00694	0.00987	0.05094	0.00568	0.12058	0.00995	0.02127	0.00706	0.00799	0.00541	0.00446	0.00314	0.00140	0.00399	0.00273	0.00306	0.00538
6	0.01135	0.01032	0.01645	0.27588	0.45765	0.01114	0.01294	0.12012	0.01158	0.01588	0.00881	0.01159	0.00698	0.00444	0.00457	0.00142	0.00561	0.00409	0.00252	0.00667
7	0.01122	0.01102	0.01590	0.18430	0.44916	0.07328	0.01231	0.01522	0.11847	0.01446	0.00968	0.01203	0.00781	0.00470	0.00499	0.00144	0.04071	0.00415	0.00255	0.00659
8	0.01031	0.06753	0.01125	0.01881	0.02549	0.00825	0.02627	0.06503	0.09654	0.02452	0.01027	0.02626	0.00868	0.04107	0.03939	0.00136	0.00424	0.00364	0.00303	0.50808
9	0.00950	0.02199	0.70596	0.01515	0.12794	0.01070	0.01657	0.01448	0.00980	0.01460	0.00829	0.00992	0.00601	0.00432	0.00439	0.00144	0.00660	0.00349	0.00198	0.00685
10	0.01058	0.01010	0.01699	0.15819	0.51747	0.01050	0.06497	0.01421	0.07762	0.01462	0.01033	0.05520	0.00884	0.00488	0.00469	0.00145	0.00542	0.00474	0.00255	0.00665
11	0.00615	0.00471	0.00575	0.00580	0.00669	0.00447	0.00419	0.00741	0.01041	0.01384	0.28884	0.22256	0.26808	0.07029	0.00744	0.01789	0.03781	0.00945	0.00428	0.00393
12	0.01171	0.40499	0.03360	0.01190	0.12164	0.07074	0.06558	0.05147	0.01044	0.01299	0.02970	0.04160	0.00929	0.01824	0.00475	0.01803	0.02397	0.04012	0.00248	0.01678
13	0.00714	0.00464	0.00537	0.00548	0.00643	0.00442	0.00395	0.00875	0.02607	0.03207	0.12849	0.16948	0.17326	0.13284	0.01994	0.00202	0.00294	0.04830	0.21439	0.00403
14	0.01698	0.05669	0.01360	0.01148	0.01409	0.67471	0.00881	0.12432	0.01402	0.01364	0.00760	0.00861	0.00617	0.00480	0.00415	0.00120	0.00769	0.00310	0.00265	0.00569
15	0.00796	0.00689	0.00669	0.00694	0.00755	0.11605	0.00486	0.00877	0.00881	0.01092	0.03280	0.21759	0.02023	0.34742	0.05049	0.00311	0.00484	0.13107	0.00333	0.00367
16	0.01348	0.49026	0.09197	0.01011	0.03860	0.21555	0.00918	0.06031	0.01102	0.01243	0.00707	0.00814	0.00605	0.00426	0.00352	0.00111	0.00594	0.00281	0.00222	0.00599
17	0.00582	0.00421	0.00570	0.00659	0.00701	0.00409	0.00461	0.00681	0.00873	0.01170	0.02402	0.66236	0.04767	0.01697	0.11729	0.00262	0.00405	0.05194	0.00401	0.00381
18	0.00632	0.00506	0.00640	0.00661	0.00717	0.00528	0.00476	0.00726	0.00905	0.01203	0.08357	0.41654	0.20284	0.08278	0.00848	0.00200	0.11590	0.01017	0.00389	0.00390
19	0.00766	0.00767	0.08661	0.01076	0.11899	0.00693	0.00796	0.01001	0.02685	0.01198	0.01271	0.01991	0.01201	0.07443	0.49266	0.00522	0.00946	0.07075	0.00261	0.00480
20	0.01005	0.05243	0.01135	0.02223	0.04685	0.03554	0.03045	0.02417	0.03322	0.01479	0.01863	0.02196	0.00786	0.00461	0.02278	0.00100	0.00413	0.00324	0.00276	0.63196
21	0.03356	0.18610	0.13599	0.01183	0.04981	0.10552	0.11671	0.08968	0.10383	0.03165	0.00958	0.01074	0.00749	0.01288	0.00433	0.00130	0.00567	0.00372	0.00280	0.07680

[dist]
# distance from previous block
# <min> <max>
3	15

[block]
# block no. 11 follows, 56 sequences, length 12
# corresponding to MSA columns:
# 1321-1327,1331-1335
name=unknown_L
#
# <colnr> <probs for GDERKNQSTAVLIFYWHMCP>
#	G	D	E	R	K	N	Q	S	T	A	V	L	I	F	Y	W	H	M	C	P
0	0.00928	0.02322	0.77842	0.01338	0.02006	0.01071	0.05288	0.01455	0.00975	0.01455	0.00829	0.00982	0.00587	0.00434	0.00441	0.00146	0.00683	0.00349	0.00196	0.00676
1	0.00595	0.00453	0.00573	0.03049	0.00748	0.00422	0.00448	0.00731	0.01029	0.01356	0.21961	0.35905	0.23684	0.01263	0.02757	0.00183	0.00287	0.03725	0.00434	0.00398
2	0.00570	0.00414	0.00545	0.00638	0.00681	0.00389	0.00439	0.00662	0.00894	0.01181	0.02643	0.70263	0.09292	0.01496	0.04126	0.00209	0.00312	0.04451	0.00418	0.00378
3	0.08665	0.00717	0.00923	0.00767	0.01043	0.00657	0.00615	0.01829	0.02946	0.55165	0.01831	0.12953	0.01443	0.03929	0.00545	0.00163	0.00374	0.04266	0.00505	0.00664
4	0.00717	0.00591	0.00843	0.05232	0.07433	0.00588	0.03685	0.00937	0.04307	0.01301	0.02602	0.19836	0.21299	0.01282	0.07218	0.00222	0.00441	0.20637	0.00377	0.00452
5	0.01467	0.01130	0.01181	0.00989	0.02220	0.11055	0.03323	0.36442	0.04435	0.11125	0.01406	0.08385	0.02495	0.07241	0.02347	0.00181	0.00520	0.03005	0.00411	0.00643
6	0.00898	0.07622	0.01435	0.62671	0.06843	0.01069	0.01175	0.01169	0.00915	0.01178	0.00938	0.01298	0.03340	0.00594	0.03343	0.00170	0.04192	0.00416	0.00213	0.00520
7	0.20363	0.03150	0.07810	0.13107	0.05117	0.22470	0.04336	0.06790	0.06525	0.04936	0.00885	0.01019	0.00674	0.00469	0.00407	0.00138	0.00586	0.00350	0.00282	0.00587
8	0.00826	0.00630	0.00855	0.02880	0.11930	0.00631	0.00637	0.06617	0.02775	0.03024	0.24758	0.14837	0.10254	0.02890	0.07379	0.00208	0.00406	0.03992	0.03977	0.00494
9	0.00907	0.02665	0.05525	0.04685	0.09367	0.04677	0.08858	0.06863	0.00999	0.01352	0.04604	0.05590	0.03963	0.05194	0.32224	0.00388	0.00812	0.00533	0.00279	0.00513
10	0.00962	0.02880	0.04686	0.08322	0.16689	0.00961	0.06874	0.06534	0.03473	0.01446	0.04843	0.05311	0.08197	0.02424	0.06387	0.00200	0.11949	0.02833	0.01461	0.03567
11	0.04817	0.11357	0.03788	0.07527	0.22035	0.03713	0.03701	0.01370	0.06707	0.06476	0.08277	0.04242	0.04546	0.02098	0.00520	0.02856	0.00467	0.01460	0.00306	0.03736

[dist]
# distance from previous block
# <min> <max>
14	145

[block]
