[name]
unknown

[dist]
# distance from previous block
# <min> <max>
0	63

[block]
# block no. 0 follows, 60 sequences, length 7
# corresponding to MSA columns:
# 63-69
name=unknown_A
#
# <colnr> <probs for GDERKNQSTAVLIFYWHMCP>
#	G	D	E	R	K	N	Q	S	T	A	V	L	I	F	Y	W	H	M	C	P
0	0.00703	0.00502	0.00703	0.00803	0.00904	0.00502	0.00703	0.00904	0.01004	0.01305	0.02309	0.04920	0.02510	0.01205	0.00602	0.00201	0.00402	0.79016	0.00402	0.00402
1	0.01440	0.00937	0.01069	0.00846	0.01129	0.00984	0.00688	0.46184	0.01699	0.16300	0.22123	0.01697	0.01677	0.00622	0.00457	0.00133	0.00390	0.00504	0.00466	0.00656
2	0.00543	0.00389	0.00506	0.00588	0.00622	0.00363	0.00393	0.00623	0.00854	0.01139	0.07346	0.70774	0.06241	0.06601	0.00658	0.00189	0.00259	0.01160	0.00401	0.00353
3	0.00897	0.05620	0.00957	0.00640	0.01012	0.00635	0.00519	0.01082	0.00909	0.01384	0.00979	0.01086	0.05407	0.00372	0.00332	0.00071	0.00325	0.00296	0.00263	0.77214
4	0.05733	0.03037	0.12043	0.05651	0.18272	0.04935	0.03776	0.06383	0.03671	0.17451	0.01062	0.03929	0.00823	0.00558	0.00517	0.06757	0.00484	0.00403	0.00305	0.04210
5	0.01138	0.03343	0.06463	0.14702	0.15721	0.14117	0.05534	0.09841	0.04899	0.01399	0.00836	0.01060	0.00674	0.00558	0.02425	0.00153	0.14137	0.00377	0.02050	0.00574
6	0.00597	0.00473	0.00721	0.00723	0.00799	0.00447	0.08373	0.00706	0.00849	0.01129	0.02233	0.60260	0.06571	0.07095	0.03909	0.00211	0.00352	0.03806	0.00370	0.00375

[dist]
# distance from previous block
# <min> <max>
0	1

[block]
# block no. 1 follows, 60 sequences, length 31
# corresponding to MSA columns:
# 71-101
name=unknown_B
#
# <colnr> <probs for GDERKNQSTAVLIFYWHMCP>
#	G	D	E	R	K	N	Q	S	T	A	V	L	I	F	Y	W	H	M	C	P
0	0.01009	0.01132	0.07323	0.07265	0.10485	0.01898	0.46035	0.04345	0.02630	0.02361	0.03261	0.06315	0.00904	0.00476	0.00511	0.00146	0.02549	0.00521	0.00250	0.00583
1	0.11215	0.08581	0.17827	0.03636	0.03089	0.13921	0.18872	0.02359	0.05686	0.02296	0.02239	0.04439	0.03000	0.00482	0.00419	0.00134	0.00575	0.00417	0.00251	0.00561
2	0.04988	0.01259	0.01093	0.02900	0.03177	0.22716	0.00762	0.09305	0.45512	0.01690	0.01321	0.01288	0.01004	0.00531	0.00422	0.00136	0.00483	0.00412	0.00367	0.00632
3	0.00605	0.00411	0.00484	0.00512	0.00520	0.00404	0.00304	0.00627	0.00690	0.00921	0.01662	0.25648	0.01949	0.61383	0.01755	0.00354	0.00375	0.00804	0.00304	0.00289
4	0.01153	0.00874	0.01012	0.00867	0.01096	0.00934	0.02857	0.38712	0.09042	0.01988	0.01671	0.24428	0.03806	0.00822	0.00485	0.00150	0.00395	0.06707	0.00415	0.02587
5	0.00959	0.00763	0.00899	0.00656	0.01023	0.00589	0.00524	0.02683	0.00954	0.05863	0.03287	0.03066	0.00830	0.00381	0.00343	0.00075	0.00323	0.00311	0.00287	0.76184
6	0.03001	0.03501	0.28670	0.01178	0.03981	0.01140	0.08885	0.32436	0.03255	0.06761	0.00997	0.02487	0.00730	0.00479	0.00432	0.00135	0.00545	0.00394	0.00320	0.00675
7	0.00875	0.02256	0.82413	0.01243	0.01888	0.01013	0.01611	0.01381	0.00921	0.01381	0.00783	0.00921	0.00552	0.00414	0.00414	0.00138	0.00645	0.00322	0.00184	0.00645
8	0.00539	0.00438	0.00478	0.00478	0.00606	0.00377	0.00355	0.00668	0.01035	0.01300	0.21505	0.10196	0.58346	0.01077	0.00518	0.00147	0.00220	0.00916	0.00422	0.00377
9	0.01225	0.01385	0.05256	0.03035	0.02769	0.21705	0.36948	0.06344	0.05391	0.03794	0.00904	0.01127	0.00705	0.02758	0.00558	0.00146	0.04691	0.00430	0.00254	0.00574
10	0.00648	0.00448	0.00522	0.00514	0.00517	0.00467	0.00306	0.00658	0.00638	0.00861	0.01331	0.02726	0.01522	0.77762	0.05416	0.00424	0.04086	0.00617	0.00260	0.00279
11	0.00563	0.00440	0.00590	0.00626	0.00707	0.00402	0.03789	0.00668	0.00895	0.01151	0.02859	0.51223	0.24280	0.03163	0.00585	0.00175	0.00280	0.06842	0.00394	0.00369
12	0.01314	0.00625	0.00810	0.00671	0.00904	0.00566	0.00535	0.03345	0.03944	0.41405	0.30110	0.02311	0.08185	0.00707	0.00468	0.00136	0.00299	0.00598	0.02479	0.00588
13	0.00875	0.02256	0.82413	0.01243	0.01888	0.01013	0.01611	0.01381	0.00921	0.01381	0.00783	0.00921	0.00552	0.00414	0.00414	0.00138	0.00645	0.00322	0.00184	0.00645
14	0.01560	0.05535	0.02835	0.01153	0.01405	0.73043	0.05667	0.01696	0.01203	0.01091	0.00686	0.00809	0.00568	0.00441	0.00396	0.00114	0.00767	0.00294	0.00222	0.00515
15	0.00937	0.02073	0.69318	0.01252	0.01850	0.01041	0.06487	0.05834	0.04484	0.01478	0.00847	0.00975	0.00604	0.00425	0.00423	0.00139	0.00628	0.00346	0.00212	0.00648
16	0.00766	0.00632	0.00762	0.00703	0.02545	0.01581	0.00514	0.00980	0.06023	0.01305	0.01549	0.33541	0.01653	0.00883	0.03154	0.00142	0.00338	0.04028	0.00331	0.38570
17	0.00547	0.00456	0.00479	0.00471	0.00614	0.00395	0.00354	0.00704	0.03228	0.01288	0.16778	0.03976	0.67083	0.01056	0.00513	0.00146	0.00222	0.00888	0.00418	0.00384
18	0.04832	0.03984	0.04082	0.09785	0.26699	0.01057	0.02523	0.05804	0.29715	0.01600	0.01220	0.04776	0.00985	0.00515	0.00431	0.00139	0.00448	0.00450	0.00315	0.00641
19	0.00527	0.00442	0.00457	0.00454	0.00596	0.00373	0.00340	0.00648	0.01021	0.01241	0.12917	0.04094	0.73237	0.01081	0.00515	0.00146	0.00219	0.00906	0.00413	0.00373
20	0.00574	0.00413	0.00509	0.00565	0.00611	0.00389	0.00385	0.00651	0.00836	0.01093	0.05115	0.41492	0.14335	0.22667	0.00980	0.00237	0.00304	0.08132	0.00371	0.00340
21	0.00944	0.00799	0.00926	0.00665	0.01051	0.00622	0.00533	0.05316	0.00965	0.01492	0.00790	0.00912	0.00651	0.00334	0.00329	0.00068	0.00331	0.00266	0.00268	0.82739
22	0.00865	0.00774	0.01295	0.75287	0.05685	0.00947	0.01175	0.01146	0.00884	0.03867	0.00821	0.01188	0.00618	0.00528	0.03071	0.00162	0.00591	0.00392	0.00208	0.00498
23	0.00661	0.00556	0.00826	0.03543	0.00947	0.00569	0.08426	0.00863	0.03726	0.01162	0.04533	0.02683	0.24652	0.06813	0.32475	0.00381	0.00678	0.05786	0.00308	0.00411
24	0.01370	0.06546	0.01191	0.00906	0.01204	0.01182	0.00738	0.34084	0.35261	0.07821	0.04106	0.01375	0.01117	0.00556	0.00432	0.00136	0.00405	0.00441	0.00432	0.00697
25	0.09475	0.00670	0.00753	0.00758	0.00922	0.00726	0.00612	0.01381	0.28944	0.01527	0.03120	0.11679	0.08028	0.00917	0.00501	0.00168	0.00343	0.28568	0.00405	0.00502
26	0.01110	0.11777	0.05405	0.23375	0.30765	0.10890	0.01134	0.06121	0.01035	0.01328	0.00775	0.01005	0.00626	0.00414	0.00406	0.00126	0.00559	0.00350	0.00220	0.02577
27	0.12728	0.04533	0.01470	0.05458	0.24606	0.01025	0.11520	0.10922	0.06030	0.03875	0.02441	0.01092	0.00763	0.00424	0.00404	0.00125	0.00474	0.00378	0.00281	0.11450
28	0.00848	0.00705	0.00869	0.05881	0.08210	0.01767	0.01488	0.07983	0.12523	0.02988	0.03802	0.13743	0.27062	0.02438	0.00548	0.00154	0.03012	0.03073	0.00370	0.02536
29	0.01003	0.09381	0.09129	0.11296	0.13169	0.02892	0.14550	0.04637	0.07098	0.03646	0.10760	0.03032	0.03392	0.00515	0.00441	0.00133	0.00500	0.00470	0.00286	0.03671
30	0.02520	0.00615	0.00883	0.21136	0.08226	0.02126	0.01793	0.03544	0.00897	0.01203	0.01676	0.45250	0.01863	0.04624	0.01464	0.00178	0.00399	0.00847	0.00322	0.00433

[dist]
# distance from previous block
# <min> <max>
3	91

[block]
# block no. 2 follows, 60 sequences, length 55
# corresponding to MSA columns:
# 193-247
name=unknown_C
#
# <colnr> <probs for GDERKNQSTAVLIFYWHMCP>
#	G	D	E	R	K	N	Q	S	T	A	V	L	I	F	Y	W	H	M	C	P
0	0.01231	0.07931	0.01299	0.10062	0.14490	0.17596	0.00855	0.09373	0.06976	0.06784	0.06420	0.01185	0.00946	0.00468	0.00404	0.00118	0.00501	0.00374	0.00297	0.12690
1	0.00576	0.00433	0.00538	0.00583	0.00661	0.00403	0.00419	0.00734	0.03798	0.01295	0.19384	0.43904	0.18846	0.01178	0.00538	0.00163	0.00248	0.05495	0.00422	0.00384
2	0.01184	0.01281	0.02603	0.06557	0.04395	0.30244	0.00735	0.01363	0.01031	0.02696	0.00757	0.00897	0.00619	0.00384	0.00364	0.00092	0.00522	0.00285	0.00244	0.43747
3	0.01355	0.01529	0.02769	0.07236	0.13220	0.44136	0.04036	0.03283	0.02445	0.04960	0.02966	0.04567	0.00821	0.00489	0.00418	0.00122	0.00637	0.00381	0.00259	0.04372
4	0.00592	0.00427	0.00573	0.00668	0.00728	0.00408	0.00508	0.00715	0.00905	0.01186	0.02485	0.51183	0.07268	0.01293	0.00571	0.00184	0.00305	0.29224	0.00404	0.00372
5	0.00849	0.00757	0.01113	0.24519	0.18720	0.02272	0.00884	0.03587	0.03786	0.01458	0.26736	0.01991	0.06689	0.00633	0.00507	0.00140	0.03979	0.00549	0.00319	0.00513
6	0.06421	0.00768	0.00956	0.00734	0.01065	0.00679	0.00600	0.07105	0.01194	0.50103	0.04069	0.01440	0.03807	0.00517	0.00410	0.00120	0.00356	0.00414	0.00452	0.18788
7	0.00718	0.00555	0.00680	0.00748	0.00849	0.03334	0.00611	0.03378	0.02994	0.01298	0.02373	0.24352	0.08064	0.01175	0.00568	0.00185	0.00366	0.46944	0.00399	0.00409
8	0.01010	0.01043	0.01696	0.29512	0.13429	0.07652	0.25344	0.05199	0.01031	0.01325	0.01064	0.01322	0.06154	0.00464	0.00477	0.00141	0.01895	0.00454	0.00234	0.00552
9	0.01108	0.00958	0.01357	0.29416	0.16335	0.01053	0.03709	0.19590	0.11127	0.01672	0.00974	0.01155	0.00740	0.00454	0.00429	0.00132	0.00499	0.00394	0.00291	0.08606
10	0.00997	0.01099	0.16030	0.00932	0.03360	0.04367	0.02241	0.01661	0.33511	0.06495	0.06442	0.01929	0.10216	0.00710	0.02799	0.00159	0.00433	0.03315	0.02708	0.00597
11	0.00974	0.07955	0.43541	0.06205	0.09364	0.02112	0.12125	0.04119	0.05123	0.01406	0.00878	0.02696	0.00677	0.00436	0.00426	0.00136	0.00601	0.00381	0.00220	0.00624
12	0.00608	0.00456	0.00565	0.00540	0.00652	0.00419	0.00404	0.00818	0.03331	0.01620	0.62113	0.06600	0.18368	0.00942	0.00514	0.00141	0.00214	0.00823	0.00462	0.00409
13	0.01090	0.00794	0.00944	0.00731	0.02364	0.00670	0.00572	0.04601	0.08825	0.12805	0.04634	0.01169	0.00933	0.00414	0.00366	0.00090	0.00336	0.00338	0.00332	0.57994
14	0.00530	0.00392	0.00494	0.00575	0.00622	0.00358	0.00389	0.00611	0.00861	0.01121	0.02754	0.68593	0.17177	0.02592	0.00575	0.00175	0.00250	0.01173	0.00403	0.00355
15	0.00758	0.00379	0.00568	0.00568	0.00568	0.00379	0.00379	0.00568	0.00568	0.00758	0.00758	0.01326	0.00758	0.01515	0.01705	0.87311	0.00379	0.00379	0.00189	0.00189
16	0.00623	0.00438	0.00554	0.00592	0.00680	0.00403	0.00440	0.00751	0.00979	0.04030	0.18280	0.33931	0.19380	0.04109	0.00602	0.00174	0.00270	0.12958	0.00419	0.00386
17	0.04173	0.00758	0.01011	0.00777	0.01113	0.00669	0.00642	0.04219	0.01257	0.78027	0.01674	0.01453	0.01055	0.00536	0.00434	0.00135	0.00373	0.00432	0.00530	0.00735
18	0.00741	0.00537	0.00646	0.00705	0.00780	0.00491	0.00495	0.00826	0.02513	0.01366	0.08994	0.51692	0.12950	0.03475	0.00648	0.00203	0.00321	0.08642	0.03520	0.00455
19	0.00589	0.00424	0.00500	0.00538	0.00631	0.00375	0.00380	0.00684	0.00923	0.04612	0.04347	0.42798	0.37173	0.03209	0.00573	0.00168	0.00247	0.01046	0.00408	0.00376
20	0.00531	0.00380	0.00506	0.00607	0.00633	0.00354	0.00405	0.00607	0.00835	0.01113	0.02404	0.84388	0.02885	0.01366	0.00557	0.00177	0.00253	0.01240	0.00405	0.00354
21	0.01079	0.01036	0.01770	0.02677	0.81952	0.01036	0.01339	0.01339	0.00993	0.01425	0.00820	0.01079	0.00691	0.00389	0.00432	0.00130	0.00518	0.00389	0.00216	0.00691
22	0.03257	0.01193	0.06653	0.01735	0.22510	0.05386	0.31208	0.10428	0.02048	0.07364	0.00975	0.03485	0.00763	0.00442	0.00461	0.00138	0.00594	0.00453	0.00274	0.00634
23	0.01031	0.01172	0.02545	0.01868	0.05094	0.01101	0.77576	0.01395	0.01028	0.01398	0.00880	0.01173	0.00663	0.00368	0.00512	0.00146	0.00728	0.00510	0.00220	0.00592
24	0.21996	0.23981	0.02989	0.08258	0.03283	0.11940	0.04183	0.10980	0.01047	0.03421	0.00729	0.00858	0.00583	0.00434	0.00389	0.00124	0.03695	0.00301	0.00253	0.00554
25	0.01013	0.00958	0.01617	0.13882	0.65331	0.00985	0.01248	0.01259	0.00952	0.01342	0.00852	0.01212	0.00736	0.06132	0.00554	0.00152	0.00521	0.00405	0.00216	0.00633
26	0.00803	0.00408	0.00408	0.00408	0.00511	0.00405	0.00306	0.01003	0.00917	0.01611	0.01526	0.01715	0.03895	0.00529	0.00312	0.00103	0.00204	0.00424	0.84109	0.00405
27	0.01549	0.01595	0.01351	0.06735	0.01519	0.40026	0.05687	0.32915	0.01522	0.01757	0.00842	0.00939	0.00641	0.00473	0.00421	0.00124	0.00648	0.00347	0.00306	0.00603
28	0.00536	0.00442	0.00467	0.00474	0.00606	0.00380	0.00355	0.00650	0.00985	0.01196	0.07779	0.06896	0.67543	0.04680	0.00594	0.00163	0.00240	0.05243	0.00402	0.00367
29	0.00589	0.00445	0.00544	0.00519	0.00634	0.00400	0.00390	0.00769	0.01169	0.01593	0.60563	0.03515	0.25371	0.00950	0.00515	0.00140	0.00210	0.00825	0.00460	0.00400
30	0.01146	0.00717	0.00861	0.00677	0.00985	0.00611	0.00542	0.01427	0.09166	0.23958	0.05369	0.01763	0.12157	0.00558	0.00407	0.00109	0.00321	0.01711	0.00388	0.37126
31	0.00904	0.00775	0.00904	0.00646	0.01034	0.00581	0.00517	0.01098	0.00904	0.01421	0.00775	0.00904	0.00646	0.00323	0.00323	0.00065	0.00323	0.00258	0.00258	0.87339
32	0.09260	0.14241	0.18079	0.02394	0.08361	0.03961	0.03883	0.16357	0.06924	0.05279	0.01938	0.01075	0.02182	0.00458	0.00392	0.00126	0.00495	0.00358	0.00291	0.03946
33	0.00758	0.00379	0.00568	0.00568	0.00568	0.00379	0.00379	0.00568	0.00568	0.00758	0.00758	0.01326	0.00758	0.01515	0.01705	0.87311	0.00379	0.00379	0.00189	0.00189
34	0.00545	0.00388	0.00516	0.00614	0.00643	0.00365	0.00417	0.00626	0.00838	0.01115	0.02361	0.76749	0.02815	0.04407	0.00620	0.00188	0.00268	0.05773	0.00400	0.00354
35	0.01276	0.01254	0.04659	0.06862	0.01425	0.15640	0.03639	0.19025	0.37879	0.01807	0.01277	0.01273	0.00957	0.00525	0.00434	0.00137	0.00496	0.00420	0.00367	0.00649
36	0.00712	0.03595	0.11845	0.00691	0.00876	0.00582	0.00610	0.00953	0.04840	0.04309	0.25495	0.23889	0.14541	0.00976	0.01971	0.00159	0.02314	0.00801	0.00388	0.00453
37	0.01254	0.03255	0.11995	0.07188	0.23581	0.09186	0.04431	0.13890	0.03546	0.10307	0.01054	0.01165	0.02953	0.00461	0.00426	0.00129	0.00531	0.00390	0.00294	0.03965
38	0.03645	0.01073	0.11806	0.03781	0.07926	0.07437	0.15663	0.04757	0.00936	0.02322	0.01081	0.01460	0.03585	0.07901	0.22385	0.00310	0.02730	0.00449	0.00243	0.00511
39	0.00533	0.00381	0.00505	0.00603	0.00629	0.00356	0.00402	0.00608	0.00834	0.01110	0.02417	0.81929	0.04024	0.02670	0.00582	0.00181	0.00255	0.01226	0.00403	0.00353
40	0.01098	0.18915	0.04940	0.06890	0.36281	0.02536	0.13087	0.04615	0.03734	0.01372	0.00816	0.01023	0.00667	0.00405	0.00427	0.00127	0.01841	0.00374	0.00224	0.00629
41	0.02021	0.03018	0.20302	0.15371	0.16547	0.05533	0.06031	0.10295	0.01100	0.05149	0.04268	0.05568	0.00927	0.00509	0.00439	0.00138	0.00544	0.01374	0.00268	0.00599
42	0.00914	0.00743	0.01096	0.06973	0.26475	0.00778	0.00821	0.06539	0.02746	0.04689	0.04288	0.03593	0.09236	0.09820	0.15799	0.00272	0.02423	0.01982	0.00291	0.00523
43	0.00599	0.00473	0.00627	0.00635	0.00720	0.00504	0.00481	0.00738	0.01793	0.01101	0.03712	0.18242	0.22982	0.02128	0.38634	0.00411	0.04780	0.00738	0.00317	0.00385
44	0.01141	0.26727	0.22709	0.02627	0.03979	0.01217	0.19610	0.02705	0.03928	0.10045	0.00895	0.01011	0.00673	0.00412	0.00402	0.00126	0.00564	0.00363	0.00246	0.00618
45	0.00813	0.08041	0.26396	0.00899	0.01182	0.00819	0.05320	0.01048	0.00798	0.02904	0.01028	0.01602	0.00959	0.21829	0.21338	0.00346	0.03534	0.00443	0.00226	0.00474
46	0.00875	0.02256	0.82413	0.01243	0.01888	0.01013	0.01611	0.01381	0.00921	0.01381	0.00783	0.00921	0.00552	0.00414	0.00414	0.00138	0.00645	0.00322	0.00184	0.00645
47	0.00749	0.00659	0.02355	0.09596	0.11318	0.00648	0.05603	0.00967	0.03731	0.03111	0.16056	0.23227	0.14903	0.00872	0.00540	0.00152	0.03923	0.00772	0.00352	0.00467
48	0.01155	0.01077	0.04211	0.20454	0.33273	0.07808	0.05627	0.02858	0.08351	0.09448	0.00981	0.01164	0.00747	0.00440	0.00436	0.00135	0.00540	0.00399	0.00268	0.00627
49	0.01209	0.01372	0.01140	0.01134	0.08531	0.40224	0.02074	0.01368	0.03920	0.01102	0.00916	0.04402	0.00865	0.10473	0.09148	0.00223	0.10767	0.00411	0.00240	0.00482
50	0.01070	0.00894	0.01986	0.00909	0.06968	0.03566	0.01460	0.09065	0.11679	0.06127	0.02067	0.04641	0.02450	0.00492	0.00410	0.00106	0.01818	0.02126	0.00324	0.41841
51	0.04521	0.26871	0.09062	0.00867	0.01151	0.08654	0.00788	0.06833	0.14554	0.01369	0.01090	0.07050	0.00977	0.00791	0.07354	0.00177	0.03872	0.03183	0.00281	0.00556
52	0.00965	0.00871	0.01482	0.46065	0.22498	0.00978	0.07313	0.02861	0.00952	0.04718	0.00901	0.02703	0.00726	0.00469	0.00474	0.00144	0.02804	0.02289	0.00230	0.00556
53	0.00634	0.00424	0.00480	0.00478	0.00482	0.00422	0.00270	0.00641	0.00657	0.00880	0.04449	0.02870	0.01682	0.81466	0.02155	0.00412	0.00415	0.00640	0.00273	0.00270
54	0.01615	0.01148	0.01218	0.00950	0.01274	0.03994	0.00776	0.62647	0.04902	0.10613	0.01149	0.01167	0.00825	0.02706	0.00478	0.00138	0.00465	0.00404	0.02821	0.00710

[dist]
# distance from previous block
# <min> <max>
0	1

[block]
# block no. 3 follows, 60 sequences, length 22
# corresponding to MSA columns:
# 249-270
name=unknown_D
#
# <colnr> <probs for GDERKNQSTAVLIFYWHMCP>
#	G	D	E	R	K	N	Q	S	T	A	V	L	I	F	Y	W	H	M	C	P
0	0.01245	0.17151	0.19260	0.05579	0.04915	0.19126	0.03045	0.07424	0.01099	0.07403	0.01772	0.00954	0.00670	0.00428	0.00386	0.00117	0.00570	0.00322	0.00252	0.08283
1	0.00555	0.00399	0.00530	0.00613	0.00657	0.00374	0.00429	0.00657	0.00899	0.01202	0.11200	0.66111	0.05396	0.01292	0.00555	0.00174	0.00260	0.07920	0.00413	0.00365
2	0.00917	0.04877	0.00972	0.00651	0.01038	0.00637	0.00528	0.01108	0.00904	0.01402	0.00767	0.00894	0.00642	0.00325	0.00321	0.00066	0.00330	0.00257	0.00255	0.83109
3	0.00760	0.00407	0.00582	0.00575	0.00590	0.00407	0.00387	0.01908	0.00614	0.00824	0.00855	0.01527	0.00869	0.09214	0.03269	0.73239	0.00399	0.01778	0.00206	0.01591
4	0.01343	0.05135	0.04806	0.01102	0.01295	0.43147	0.02810	0.06856	0.01081	0.01189	0.00707	0.00943	0.00620	0.03881	0.00747	0.00148	0.23110	0.00335	0.00228	0.00515
5	0.00758	0.00379	0.00568	0.00568	0.00568	0.00379	0.00379	0.00568	0.00568	0.00758	0.00758	0.01326	0.00758	0.01515	0.01705	0.87311	0.00379	0.00379	0.00189	0.00189
6	0.00558	0.00422	0.00558	0.00618	0.00684	0.00388	0.02043	0.00664	0.00901	0.01176	0.06146	0.57027	0.17326	0.01262	0.00551	0.00172	0.00269	0.08462	0.00404	0.00368
7	0.00760	0.02967	0.38860	0.00878	0.01256	0.00726	0.00981	0.01100	0.01055	0.01524	0.35106	0.02027	0.05149	0.00637	0.00453	0.00133	0.00423	0.00537	0.00322	0.05107
8	0.00579	0.00446	0.00526	0.00542	0.00640	0.00411	0.00389	0.00753	0.04623	0.01336	0.25347	0.27342	0.29893	0.04421	0.00592	0.00164	0.00240	0.00947	0.00422	0.00387
9	0.05450	0.00997	0.01139	0.00880	0.01213	0.01035	0.00726	0.44613	0.01652	0.33165	0.01298	0.01218	0.00871	0.00524	0.00426	0.00132	0.00424	0.00404	0.03115	0.00720
10	0.01093	0.01173	0.07523	0.06457	0.39849	0.04191	0.22021	0.02605	0.02429	0.04055	0.00867	0.01105	0.00683	0.00414	0.00488	0.00138	0.03624	0.00416	0.00231	0.00637
11	0.00626	0.00484	0.00614	0.00716	0.07096	0.00439	0.00479	0.00754	0.00972	0.03332	0.08908	0.27749	0.37360	0.01104	0.00526	0.00158	0.00272	0.07609	0.00399	0.00405
12	0.00551	0.00396	0.00508	0.00581	0.00619	0.00372	0.00390	0.00631	0.00843	0.01119	0.06276	0.61582	0.08788	0.11383	0.02275	0.00213	0.00288	0.02448	0.00388	0.00349
13	0.00574	0.00400	0.00491	0.00545	0.00565	0.00384	0.00343	0.00619	0.00758	0.01004	0.02056	0.46938	0.05601	0.36233	0.01251	0.00279	0.00323	0.00973	0.00346	0.00317
14	0.06554	0.11495	0.11860	0.03914	0.12199	0.11256	0.04604	0.10905	0.09830	0.07564	0.01132	0.01198	0.04659	0.00483	0.00407	0.00129	0.00514	0.00386	0.00296	0.00615
15	0.01076	0.00995	0.01536	0.19092	0.39865	0.04592	0.05612	0.04756	0.04933	0.04297	0.03552	0.01207	0.00823	0.00502	0.01883	0.00147	0.03855	0.00412	0.00252	0.00615
16	0.01700	0.00700	0.00914	0.00721	0.01002	0.00630	0.00580	0.05510	0.01192	0.62626	0.01626	0.01616	0.01119	0.09028	0.00605	0.00161	0.00365	0.00453	0.08791	0.00662
17	0.01384	0.00928	0.01181	0.03685	0.06278	0.00885	0.03919	0.24899	0.01331	0.20754	0.01090	0.01125	0.00784	0.00487	0.01628	0.00120	0.00431	0.00366	0.00370	0.28355
18	0.01132	0.75300	0.11623	0.00804	0.01209	0.01643	0.00847	0.01315	0.00890	0.01068	0.00627	0.00725	0.00559	0.00378	0.00296	0.00099	0.00487	0.00244	0.00186	0.00570
19	0.01153	0.79772	0.02227	0.00771	0.01121	0.01702	0.00759	0.01290	0.00873	0.01028	0.00604	0.00715	0.00560	0.00397	0.00351	0.00099	0.05594	0.00242	0.00187	0.00555
20	0.00575	0.00404	0.00502	0.00562	0.00587	0.00386	0.00365	0.00632	0.00779	0.01030	0.02126	0.47791	0.06069	0.31068	0.01150	0.00265	0.00319	0.04710	0.00355	0.00325
21	0.01058	0.03043	0.05482	0.04809	0.02705	0.04693	0.05995	0.09785	0.09949	0.05629	0.02513	0.01554	0.12048	0.00625	0.00667	0.00143	0.19744	0.00465	0.00307	0.08786

[dist]
# distance from previous block
# <min> <max>
0	2

[block]
# block no. 4 follows, 60 sequences, length 67
# corresponding to MSA columns:
# 273-339
name=unknown_E
#
# <colnr> <probs for GDERKNQSTAVLIFYWHMCP>
#	G	D	E	R	K	N	Q	S	T	A	V	L	I	F	Y	W	H	M	C	P
0	0.01246	0.68288	0.03953	0.00803	0.01178	0.01644	0.00781	0.15259	0.01092	0.01338	0.00688	0.00766	0.00592	0.00401	0.00311	0.00101	0.00473	0.00263	0.00231	0.00594
1	0.01021	0.02866	0.03422	0.00795	0.04578	0.00727	0.00627	0.09890	0.01041	0.03125	0.00822	0.00935	0.00662	0.00356	0.00344	0.00079	0.00362	0.00284	0.00278	0.67788
2	0.03411	0.00633	0.00751	0.00628	0.00845	0.00575	0.00489	0.06369	0.02787	0.04159	0.36347	0.04684	0.08373	0.00697	0.00460	0.00119	0.01827	0.00589	0.00394	0.25863
3	0.02001	0.05938	0.01369	0.01089	0.01183	0.05074	0.04701	0.06813	0.02289	0.01208	0.00708	0.01032	0.00651	0.00926	0.09094	0.00223	0.54592	0.00384	0.00221	0.00503
4	0.00816	0.02234	0.25498	0.01133	0.03806	0.00798	0.19074	0.03056	0.01020	0.01426	0.16299	0.14336	0.05683	0.00726	0.01980	0.00156	0.00502	0.00628	0.00300	0.00528
5	0.00526	0.00401	0.00483	0.00549	0.00617	0.00359	0.00379	0.00614	0.00891	0.01136	0.03112	0.56210	0.30605	0.01274	0.00542	0.00167	0.00242	0.01128	0.00405	0.00359
6	0.00831	0.00783	0.01322	0.81240	0.05329	0.00971	0.01215	0.01121	0.00876	0.01123	0.00777	0.01160	0.00585	0.00435	0.00436	0.00145	0.00580	0.00388	0.00194	0.00491
7	0.17020	0.01261	0.02005	0.00941	0.01255	0.14768	0.01997	0.42610	0.04612	0.07951	0.00977	0.00997	0.00707	0.00490	0.00401	0.00130	0.00498	0.00354	0.00373	0.00649
8	0.00703	0.00602	0.00901	0.10725	0.20608	0.00599	0.00712	0.00866	0.00943	0.01257	0.09247	0.32358	0.16915	0.00930	0.00501	0.00153	0.00345	0.00835	0.00341	0.00459
9	0.00550	0.00429	0.00486	0.00499	0.00610	0.00376	0.00364	0.00677	0.01014	0.01307	0.21506	0.20284	0.45882	0.01094	0.00518	0.00150	0.00224	0.00942	0.02713	0.00376
10	0.00998	0.01115	0.02380	0.14315	0.02390	0.01083	0.68292	0.01354	0.01005	0.01354	0.00866	0.01174	0.00650	0.00378	0.00503	0.00147	0.00712	0.00495	0.00217	0.00572
11	0.01166	0.84935	0.02285	0.00746	0.01119	0.01726	0.00746	0.01306	0.00886	0.01026	0.00606	0.00700	0.00560	0.00373	0.00280	0.00093	0.00466	0.00233	0.00187	0.00560
12	0.00528	0.00393	0.00492	0.00571	0.00623	0.00357	0.00389	0.00611	0.00870	0.01128	0.02845	0.66822	0.20165	0.01309	0.00548	0.00171	0.00246	0.01170	0.00405	0.00357
13	0.00826	0.00772	0.01298	0.74227	0.07998	0.00943	0.01179	0.01103	0.00878	0.01134	0.00860	0.05322	0.00704	0.00480	0.00442	0.00146	0.00561	0.00430	0.00206	0.00491
14	0.00875	0.02256	0.82413	0.01243	0.01888	0.01013	0.01611	0.01381	0.00921	0.01381	0.00783	0.00921	0.00552	0.00414	0.00414	0.00138	0.00645	0.00322	0.00184	0.00645
15	0.00652	0.00472	0.00549	0.00529	0.00668	0.00420	0.00404	0.00828	0.02948	0.05838	0.31232	0.06396	0.42064	0.01000	0.00514	0.00146	0.00236	0.04251	0.00440	0.00412
16	0.00824	0.00775	0.01308	0.83624	0.03004	0.00969	0.01211	0.01114	0.00872	0.01114	0.00775	0.01163	0.00581	0.00436	0.00436	0.00145	0.00581	0.00388	0.00194	0.00484
17	0.00803	0.00820	0.05339	0.01169	0.01410	0.00715	0.33999	0.01031	0.00941	0.03400	0.01665	0.39075	0.01773	0.00872	0.00532	0.00163	0.00485	0.05009	0.00320	0.00479
18	0.11908	0.00657	0.00798	0.00703	0.00896	0.00657	0.04344	0.07677	0.06878	0.11587	0.20428	0.15764	0.12988	0.00822	0.00471	0.00146	0.00314	0.02043	0.00418	0.00500
19	0.01079	0.01036	0.01770	0.02677	0.81952	0.01036	0.01339	0.01339	0.00993	0.01425	0.00820	0.01079	0.00691	0.00389	0.00432	0.00130	0.00518	0.00389	0.00216	0.00691
20	0.01139	0.00715	0.00834	0.00704	0.00929	0.00711	0.00558	0.16334	0.10884	0.19197	0.24657	0.02444	0.17552	0.00752	0.00475	0.00139	0.00313	0.00628	0.00466	0.00570
21	0.06273	0.00799	0.01211	0.42020	0.08724	0.03067	0.05189	0.02943	0.00924	0.04851	0.01105	0.14731	0.01023	0.01509	0.00496	0.00152	0.02707	0.01516	0.00261	0.00499
22	0.01075	0.01017	0.01850	0.12226	0.43023	0.01020	0.22285	0.03292	0.01025	0.04929	0.00922	0.01252	0.00744	0.00424	0.00460	0.00139	0.00573	0.02871	0.00240	0.00633
23	0.87753	0.00843	0.00641	0.00574	0.00843	0.00978	0.00472	0.01282	0.00742	0.01957	0.00607	0.00709	0.00472	0.00405	0.00270	0.00135	0.00337	0.00236	0.00270	0.00472
24	0.00551	0.00399	0.00512	0.00595	0.00637	0.00372	0.00410	0.00634	0.00850	0.01115	0.02528	0.63741	0.10953	0.07599	0.00681	0.00194	0.00274	0.07207	0.00394	0.00353
25	0.03732	0.01127	0.09160	0.11341	0.46436	0.01041	0.11151	0.02624	0.06442	0.01447	0.00881	0.01112	0.00700	0.00410	0.00437	0.00136	0.00546	0.00401	0.00232	0.00644
26	0.00908	0.01459	0.34943	0.01121	0.01480	0.05899	0.10083	0.01213	0.00889	0.03371	0.01092	0.03757	0.05074	0.03521	0.11349	0.00228	0.12401	0.00440	0.00228	0.00541
27	0.00544	0.00392	0.00516	0.00600	0.00640	0.00364	0.00411	0.00637	0.00884	0.01182	0.10107	0.71390	0.06038	0.01306	0.00552	0.00173	0.00251	0.03240	0.00412	0.00362
28	0.01611	0.05277	0.01276	0.01109	0.01339	0.79787	0.00839	0.01725	0.01222	0.01066	0.00672	0.00783	0.00562	0.00446	0.00389	0.00112	0.00774	0.00279	0.00223	0.00508
29	0.00922	0.11375	0.65618	0.01144	0.01709	0.02476	0.01419	0.01354	0.00938	0.02302	0.04819	0.01018	0.00738	0.00442	0.00421	0.00133	0.02012	0.00337	0.00204	0.00619
30	0.01620	0.04474	0.01304	0.00978	0.01310	0.07768	0.00805	0.64939	0.01877	0.06426	0.03472	0.01101	0.00839	0.00524	0.00429	0.00128	0.00490	0.00392	0.00416	0.00706
31	0.00994	0.01032	0.01125	0.01010	0.01076	0.17066	0.00813	0.01108	0.00802	0.01052	0.00827	0.01327	0.00803	0.03455	0.18995	0.00293	0.43376	0.04173	0.00219	0.00454
32	0.00539	0.00406	0.00501	0.00573	0.00639	0.00369	0.00404	0.00633	0.00893	0.01146	0.02983	0.55511	0.25804	0.01279	0.00548	0.00170	0.00254	0.06581	0.00405	0.00362
33	0.02657	0.01198	0.06484	0.04159	0.02187	0.01084	0.67670	0.02421	0.03001	0.03332	0.00913	0.01171	0.00678	0.00384	0.00498	0.00146	0.00697	0.00492	0.00235	0.00594
34	0.00553	0.00394	0.00527	0.00625	0.00658	0.00372	0.00434	0.00640	0.00849	0.01128	0.02368	0.73722	0.02812	0.03396	0.00603	0.00186	0.00273	0.09703	0.00401	0.00357
35	0.01216	0.63972	0.04178	0.00827	0.01171	0.12764	0.00782	0.02864	0.04050	0.01106	0.00695	0.01806	0.00622	0.00416	0.00333	0.00103	0.02057	0.00270	0.00209	0.00559
36	0.27061	0.01651	0.01063	0.04932	0.01279	0.54742	0.00751	0.01575	0.01072	0.01333	0.00659	0.00782	0.00536	0.00436	0.00359	0.00121	0.00644	0.00273	0.00237	0.00495
37	0.00535	0.00384	0.00508	0.00602	0.00633	0.00357	0.00404	0.00617	0.00855	0.01142	0.05893	0.79471	0.04299	0.01341	0.00554	0.00175	0.00250	0.01215	0.00408	0.00357
38	0.16270	0.01157	0.01196	0.00931	0.01266	0.01289	0.00768	0.67053	0.01829	0.02614	0.00972	0.00990	0.00696	0.00503	0.00408	0.00132	0.00456	0.00366	0.00408	0.00696
39	0.00715	0.00433	0.00577	0.00632	0.00704	0.00398	0.00447	0.00812	0.00907	0.10993	0.04112	0.66319	0.04882	0.01240	0.00543	0.00171	0.00273	0.05016	0.00423	0.00405
40	0.00652	0.00480	0.00620	0.00691	0.00766	0.00479	0.00521	0.02722	0.07245	0.01277	0.03973	0.50533	0.03656	0.01226	0.00557	0.00179	0.00307	0.23301	0.00409	0.00405
41	0.00875	0.02256	0.82413	0.01243	0.01888	0.01013	0.01611	0.01381	0.00921	0.01381	0.00783	0.00921	0.00552	0.00414	0.00414	0.00138	0.00645	0.00322	0.00184	0.00645
42	0.00518	0.00439	0.00448	0.00451	0.00592	0.00368	0.00336	0.00629	0.00992	0.01187	0.05941	0.07671	0.76721	0.01112	0.00517	0.00148	0.00222	0.00932	0.00407	0.00368
43	0.01631	0.02036	0.01240	0.01118	0.01349	0.78839	0.00842	0.05683	0.01277	0.01152	0.00693	0.00800	0.00571	0.00453	0.00395	0.00113	0.00771	0.00286	0.00235	0.00517
44	0.00885	0.02190	0.78338	0.01225	0.01850	0.01016	0.01565	0.01428	0.04936	0.01403	0.00832	0.00956	0.00591	0.00423	0.00416	0.00139	0.00630	0.00331	0.00197	0.00647
45	0.00591	0.00443	0.00546	0.00603	0.00684	0.00416	0.00445	0.02779	0.00931	0.01197	0.02859	0.41876	0.24861	0.03753	0.02544	0.00191	0.00302	0.14208	0.00397	0.00375
46	0.00836	0.00788	0.01331	0.79573	0.06955	0.00972	0.01218	0.01126	0.00878	0.01130	0.00777	0.01159	0.00587	0.00434	0.00436	0.00145	0.00578	0.00388	0.00195	0.00495
47	0.00949	0.00801	0.00928	0.00667	0.01052	0.00627	0.00535	0.05762	0.00972	0.01499	0.00791	0.00913	0.00652	0.00335	0.00330	0.00068	0.00332	0.00266	0.00269	0.82252
48	0.00633	0.00426	0.00492	0.00496	0.00503	0.00429	0.00290	0.00647	0.00650	0.00869	0.01408	0.04547	0.01611	0.77264	0.05874	0.00425	0.00453	0.02439	0.00269	0.00275
49	0.00703	0.00466	0.00562	0.00532	0.00666	0.00415	0.00404	0.00869	0.01120	0.08244	0.40635	0.06505	0.29603	0.00938	0.00501	0.00141	0.00230	0.02255	0.04790	0.00422
50	0.03278	0.00507	0.00594	0.00587	0.00708	0.00490	0.00433	0.03370	0.07149	0.04053	0.25899	0.26786	0.20178	0.01007	0.00504	0.00151	0.00251	0.00877	0.02751	0.00429
51	0.33941	0.05725	0.08817	0.03358	0.04349	0.03329	0.09874	0.05195	0.08920	0.01676	0.00893	0.01116	0.00720	0.00455	0.00370	0.00133	0.00455	0.03753	0.00276	0.06644
52	0.04913	0.00540	0.00632	0.00585	0.00732	0.00528	0.00447	0.01060	0.11437	0.05178	0.50871	0.03009	0.16703	0.00851	0.00490	0.00140	0.00240	0.00731	0.00455	0.00457
53	0.00703	0.00502	0.00703	0.00803	0.00904	0.00502	0.00703	0.00904	0.01004	0.01305	0.02309	0.04920	0.02510	0.01205	0.00602	0.00201	0.00402	0.79016	0.00402	0.00402
54	0.04501	0.44675	0.05655	0.00908	0.01232	0.31736	0.00812	0.01500	0.03388	0.01116	0.00675	0.00770	0.00580	0.00411	0.00333	0.00106	0.00585	0.00263	0.00211	0.00544
55	0.01046	0.01145	0.07396	0.04774	0.55042	0.01049	0.20365	0.01349	0.00993	0.01406	0.00831	0.01095	0.00671	0.00387	0.00451	0.00135	0.00581	0.00414	0.00214	0.00657
56	0.00558	0.00398	0.00536	0.00638	0.00674	0.00377	0.00451	0.00653	0.00861	0.01143	0.02389	0.72128	0.02827	0.01341	0.00564	0.00181	0.00276	0.13238	0.00404	0.00362
57	0.00864	0.00804	0.01307	0.48330	0.20992	0.00928	0.01112	0.01149	0.03283	0.01243	0.05084	0.02995	0.04782	0.00525	0.00486	0.00144	0.03730	0.01480	0.00237	0.00526
58	0.01068	0.18373	0.18525	0.05014	0.17534	0.03063	0.15411	0.02373	0.03133	0.05366	0.01023	0.02103	0.04216	0.00448	0.00417	0.00129	0.00554	0.00402	0.00239	0.00608
59	0.00559	0.00420	0.00522	0.00575	0.00653	0.00383	0.00418	0.00677	0.00957	0.01248	0.14960	0.41790	0.24352	0.01206	0.00544	0.00166	0.00253	0.09531	0.00416	0.00372
60	0.00986	0.00979	0.01365	0.05168	0.04411	0.04605	0.06211	0.03740	0.03173	0.01189	0.03111	0.01106	0.00742	0.00808	0.05165	0.00200	0.55909	0.00407	0.00222	0.00503
61	0.06510	0.20259	0.14786	0.01199	0.14694	0.04825	0.00964	0.09426	0.03563	0.11708	0.03811	0.01069	0.00811	0.00466	0.00431	0.00127	0.04086	0.00352	0.00286	0.00624
62	0.03528	0.00969	0.01075	0.00867	0.01164	0.03122	0.00701	0.32076	0.15902	0.26132	0.04523	0.03957	0.01142	0.00576	0.00438	0.00136	0.00405	0.00460	0.02141	0.00689
63	0.11105	0.00774	0.00874	0.04359	0.02012	0.00822	0.00609	0.14929	0.16711	0.11840	0.17466	0.05189	0.08846	0.01955	0.00473	0.00145	0.00342	0.00561	0.00420	0.00568
64	0.03356	0.01109	0.08154	0.04268	0.12314	0.10639	0.07035	0.06874	0.08353	0.13495	0.02157	0.10589	0.04128	0.00597	0.00467	0.00138	0.02313	0.00509	0.00331	0.03175
65	0.05859	0.16558	0.11736	0.01083	0.11161	0.04229	0.00872	0.10429	0.11362	0.04739	0.08225	0.01220	0.01038	0.00486	0.00411	0.00123	0.01997	0.00380	0.00303	0.07791
66	0.08531	0.18131	0.21269	0.06554	0.04505	0.06495	0.03350	0.06381	0.04510	0.03798	0.00821	0.00984	0.00650	0.00452	0.00446	0.00128	0.05993	0.01266	0.00243	0.05494

[dist]
# distance from previous block
# <min> <max>
0	113

# created by:
# /st0/software/busco_prod/Augustus/scripts/msa2prfl.pl ./align_prep/30446.fa
