[name]
unknown

[dist]
# distance from previous block
# <min> <max>
1	31

[block]
# block no. 0 follows, 68 sequences, length 36
# corresponding to MSA columns:
# 43-78
name=unknown_A
#
# <colnr> <probs for GDERKNQSTAVLIFYWHMCP>
#	G	D	E	R	K	N	Q	S	T	A	V	L	I	F	Y	W	H	M	C	P
0	0.01039	0.00916	0.05855	0.05083	0.01282	0.00916	0.12177	0.12281	0.36814	0.07789	0.08578	0.01481	0.01210	0.00518	0.00418	0.00131	0.00398	0.02172	0.00358	0.00584
1	0.00516	0.05246	0.00552	0.00559	0.00600	0.00393	0.00386	0.00588	0.00762	0.01008	0.02092	0.80951	0.02502	0.01191	0.00492	0.00157	0.00241	0.01075	0.00357	0.00333
2	0.01434	0.01145	0.05894	0.00909	0.01244	0.01179	0.00781	0.73783	0.01756	0.02370	0.00926	0.00939	0.00660	0.00462	0.00391	0.00116	0.00438	0.00348	0.00376	0.04850
3	0.01373	0.06589	0.09430	0.00754	0.01062	0.00767	0.00673	0.14350	0.03347	0.41028	0.03127	0.06429	0.01013	0.02976	0.00436	0.00127	0.00373	0.00418	0.00389	0.05338
4	0.01040	0.25019	0.02957	0.00870	0.01041	0.10587	0.00751	0.07653	0.00845	0.03748	0.00672	0.00906	0.00604	0.03107	0.06909	0.00174	0.32118	0.00312	0.00209	0.00477
5	0.01436	0.00751	0.00910	0.00749	0.01020	0.00757	0.00602	0.02008	0.36517	0.48283	0.01586	0.01406	0.01081	0.00511	0.00401	0.00128	0.00327	0.00420	0.00453	0.00654
6	0.00507	0.00383	0.00558	0.00611	0.00653	0.00358	0.04647	0.00590	0.00768	0.01026	0.02113	0.81373	0.02517	0.01195	0.00504	0.00160	0.00253	0.01093	0.00359	0.00333
7	0.01602	0.00780	0.04412	0.00991	0.12310	0.00660	0.03532	0.01785	0.01084	0.66443	0.01392	0.01269	0.00901	0.00462	0.00399	0.00123	0.00377	0.00391	0.00428	0.00660
8	0.01618	0.00637	0.00860	0.00679	0.00956	0.00551	0.00553	0.01762	0.01096	0.73623	0.01737	0.07504	0.05413	0.00571	0.00410	0.00126	0.00323	0.00474	0.00476	0.00632
9	0.00483	0.00345	0.00460	0.00552	0.00575	0.00322	0.00368	0.00552	0.00759	0.01012	0.02185	0.85807	0.02622	0.01242	0.00506	0.00161	0.00230	0.01127	0.00368	0.00322
10	0.00967	0.01024	0.06005	0.01330	0.01657	0.06476	0.51030	0.01249	0.02053	0.07956	0.01086	0.11112	0.00952	0.00502	0.00458	0.00136	0.00569	0.04674	0.00254	0.00511
11	0.00881	0.07978	0.62296	0.01120	0.01639	0.00964	0.09688	0.04013	0.00889	0.04130	0.00775	0.02492	0.00576	0.00393	0.00381	0.00124	0.00562	0.00327	0.00194	0.00576
12	0.00577	0.00384	0.00432	0.00432	0.00432	0.00384	0.00240	0.00577	0.00577	0.00769	0.01249	0.02595	0.01441	0.86066	0.02018	0.00384	0.00384	0.00577	0.00240	0.00240
13	0.00891	0.00902	0.03068	0.20131	0.43813	0.00911	0.16346	0.01145	0.00873	0.01209	0.00819	0.05449	0.00702	0.00410	0.00425	0.00127	0.01613	0.00414	0.00201	0.00550
14	0.01028	0.06175	0.04445	0.07560	0.15457	0.14455	0.25401	0.08456	0.02071	0.01277	0.00913	0.08488	0.01542	0.00458	0.00412	0.00124	0.00546	0.00436	0.00232	0.00525
15	0.00830	0.02005	0.79926	0.01119	0.01692	0.00936	0.01430	0.05252	0.00888	0.01317	0.00723	0.00843	0.00511	0.00382	0.00378	0.00125	0.00579	0.00296	0.00179	0.00590
16	0.00825	0.01863	0.69267	0.01296	0.09161	0.00930	0.08638	0.01253	0.00852	0.01261	0.00723	0.00871	0.00523	0.00371	0.00386	0.00126	0.00583	0.00314	0.00173	0.00585
17	0.00973	0.03909	0.29543	0.01371	0.13928	0.01890	0.21341	0.05347	0.08055	0.05674	0.02522	0.01040	0.00706	0.00399	0.00416	0.00126	0.01570	0.00374	0.00235	0.00582
18	0.02882	0.05365	0.42628	0.01240	0.04852	0.00984	0.21620	0.05567	0.06786	0.03102	0.00820	0.00951	0.00601	0.00382	0.00395	0.00126	0.00556	0.00351	0.00214	0.00577
19	0.00783	0.00760	0.01236	0.68850	0.02452	0.02761	0.05056	0.01026	0.00785	0.01017	0.00696	0.01041	0.00540	0.00476	0.02176	0.00146	0.09222	0.00357	0.00178	0.00443
20	0.00743	0.00997	0.19962	0.04735	0.07202	0.01739	0.19355	0.01009	0.02218	0.02330	0.04167	0.19567	0.12942	0.00659	0.00444	0.00136	0.00444	0.00612	0.00266	0.00472
21	0.00998	0.03062	0.41047	0.01327	0.19251	0.04304	0.04539	0.01316	0.00905	0.13088	0.00923	0.05860	0.00726	0.00437	0.00391	0.00124	0.00511	0.00374	0.00235	0.00584
22	0.00993	0.02378	0.19963	0.09487	0.22472	0.04862	0.16941	0.02233	0.03279	0.08250	0.01662	0.02410	0.00686	0.00406	0.00423	0.00126	0.02259	0.00378	0.00227	0.00566
23	0.00568	0.00381	0.00435	0.00444	0.00446	0.00379	0.00252	0.00574	0.00593	0.00791	0.01336	0.10298	0.01551	0.78213	0.01878	0.00364	0.00370	0.00628	0.00252	0.00248
24	0.03273	0.03258	0.35513	0.01153	0.06506	0.03774	0.14043	0.06076	0.00970	0.12740	0.01012	0.01248	0.02549	0.00450	0.00403	0.00128	0.00520	0.05564	0.00253	0.00568
25	0.01058	0.01064	0.08644	0.05328	0.43921	0.01831	0.13735	0.11700	0.02379	0.05244	0.00827	0.01005	0.00640	0.00380	0.00404	0.00122	0.00503	0.00369	0.00236	0.00608
26	0.00503	0.00359	0.00482	0.00569	0.00602	0.00338	0.00397	0.00588	0.00790	0.01053	0.05323	0.73925	0.02629	0.01210	0.00509	0.00162	0.00243	0.09619	0.00370	0.00329
27	0.00812	0.00685	0.05002	0.00880	0.05118	0.00676	0.08494	0.08505	0.00845	0.06217	0.01074	0.03919	0.00962	0.05996	0.40985	0.00388	0.04148	0.02226	0.02625	0.00443
28	0.05447	0.08083	0.07839	0.02259	0.15925	0.19058	0.15419	0.03638	0.03311	0.07137	0.00925	0.02691	0.02802	0.00436	0.00399	0.00120	0.01647	0.02091	0.00240	0.00533
29	0.01108	0.05762	0.12509	0.07240	0.14482	0.01778	0.15606	0.09178	0.01044	0.17646	0.07037	0.01237	0.02669	0.00442	0.00405	0.00123	0.00470	0.00403	0.00289	0.00572
30	0.01530	0.00733	0.00920	0.00721	0.01002	0.00694	0.00586	0.15517	0.06045	0.53921	0.05999	0.02570	0.01117	0.02820	0.00444	0.00128	0.00343	0.00421	0.00448	0.04042
31	0.01047	0.21875	0.35853	0.01005	0.01434	0.05682	0.10765	0.01339	0.00898	0.13049	0.00839	0.03058	0.00639	0.00403	0.00364	0.00116	0.00519	0.00329	0.00226	0.00560
32	0.03426	0.18298	0.27976	0.03120	0.07897	0.04188	0.04949	0.06198	0.04876	0.10797	0.01998	0.01023	0.01775	0.00416	0.00364	0.00117	0.00481	0.01287	0.00246	0.00568
33	0.03363	0.21322	0.15882	0.13865	0.19777	0.02877	0.07120	0.02992	0.02691	0.05453	0.00749	0.00907	0.00585	0.00374	0.00359	0.00115	0.00493	0.00317	0.00208	0.00552
34	0.00646	0.02359	0.00616	0.00553	0.00608	0.00509	0.02556	0.03453	0.03860	0.00943	0.04044	0.02243	0.01363	0.55170	0.16961	0.00385	0.01418	0.01747	0.00252	0.00313
35	0.02091	0.23753	0.36002	0.00999	0.02641	0.01033	0.10494	0.02171	0.02347	0.05119	0.04723	0.05280	0.00815	0.00436	0.00366	0.00117	0.00492	0.00363	0.00219	0.00541

[dist]
# distance from previous block
# <min> <max>
1	36

[block]
# block no. 1 follows, 68 sequences, length 36
# corresponding to MSA columns:
# 115-150
name=unknown_B
#
# <colnr> <probs for GDERKNQSTAVLIFYWHMCP>
#	G	D	E	R	K	N	Q	S	T	A	V	L	I	F	Y	W	H	M	C	P
0	0.00902	0.09093	0.16261	0.01306	0.18064	0.02940	0.17702	0.03970	0.00930	0.03447	0.05596	0.05805	0.07423	0.00491	0.00425	0.00123	0.02298	0.00448	0.00241	0.02535
1	0.00814	0.00789	0.10175	0.01109	0.18659	0.00642	0.07478	0.01023	0.02069	0.08744	0.10315	0.11227	0.11894	0.07912	0.00586	0.00154	0.01617	0.04019	0.00300	0.00475
2	0.29022	0.10058	0.01023	0.00764	0.02687	0.03273	0.00617	0.26597	0.16274	0.01853	0.03613	0.00979	0.00774	0.00445	0.00336	0.00119	0.00371	0.00322	0.00318	0.00554
3	0.00548	0.00427	0.00513	0.00556	0.00669	0.00392	0.00459	0.00687	0.00908	0.01125	0.03119	0.04123	0.45429	0.01047	0.00506	0.00157	0.00278	0.38342	0.00367	0.00349
4	0.01059	0.50949	0.14791	0.03476	0.03918	0.09380	0.02693	0.01250	0.00855	0.04004	0.00656	0.00794	0.00556	0.00379	0.00334	0.00102	0.02727	0.01366	0.00189	0.00521
5	0.00843	0.25329	0.01051	0.00647	0.00816	0.05725	0.00520	0.02893	0.09532	0.04176	0.08782	0.31376	0.01686	0.04299	0.00467	0.00136	0.00334	0.00636	0.00311	0.00439
6	0.00576	0.00385	0.00437	0.00437	0.00438	0.00387	0.00246	0.00579	0.00578	0.00772	0.01245	0.02572	0.01432	0.84268	0.03803	0.00390	0.00399	0.00573	0.00240	0.00243
7	0.00972	0.01012	0.04796	0.02030	0.51096	0.00960	0.22855	0.03125	0.05312	0.01334	0.00810	0.01023	0.00648	0.00361	0.00411	0.00122	0.00516	0.00385	0.00213	0.02019
8	0.00800	0.02020	0.81402	0.01147	0.01727	0.00923	0.04043	0.01256	0.00840	0.01256	0.00714	0.00845	0.00505	0.00375	0.00380	0.00126	0.00589	0.00299	0.00168	0.00584
9	0.01071	0.84089	0.02053	0.00687	0.01023	0.03744	0.00681	0.01198	0.00814	0.00934	0.00553	0.00638	0.00509	0.00341	0.00257	0.00085	0.00432	0.00213	0.00171	0.00508
10	0.00689	0.00344	0.00517	0.00517	0.00517	0.00344	0.00344	0.00517	0.00517	0.00689	0.00689	0.01205	0.00689	0.01377	0.01550	0.88464	0.00344	0.00344	0.00172	0.00172
11	0.06189	0.01182	0.01976	0.01549	0.07843	0.15215	0.57542	0.01313	0.00950	0.01251	0.00751	0.00978	0.00578	0.00350	0.00431	0.00126	0.00641	0.00408	0.00203	0.00523
12	0.00483	0.00345	0.00460	0.00552	0.00575	0.00322	0.00368	0.00552	0.00759	0.01012	0.02185	0.85807	0.02622	0.01242	0.00506	0.00161	0.00230	0.01127	0.00368	0.00322
13	0.01507	0.01111	0.01190	0.00912	0.01230	0.01230	0.00754	0.82270	0.01864	0.02499	0.00952	0.00952	0.00674	0.00476	0.00397	0.00119	0.00436	0.00357	0.00397	0.00674
14	0.00936	0.01070	0.02340	0.01671	0.02072	0.01003	0.82152	0.01270	0.00936	0.01270	0.00802	0.01070	0.00602	0.00334	0.00468	0.00134	0.00668	0.00468	0.00201	0.00535
15	0.00577	0.00384	0.00432	0.00432	0.00432	0.00384	0.00240	0.00577	0.00577	0.00769	0.01249	0.02595	0.01441	0.86066	0.02018	0.00384	0.00384	0.00577	0.00240	0.00240
16	0.00689	0.00344	0.00517	0.00517	0.00517	0.00344	0.00344	0.00517	0.00517	0.00689	0.00689	0.01205	0.00689	0.01377	0.01550	0.88464	0.00344	0.00344	0.00172	0.00172
17	0.00584	0.00443	0.00648	0.00644	0.00721	0.00516	0.00501	0.00766	0.04055	0.00951	0.01085	0.01554	0.01000	0.02872	0.81000	0.00616	0.01031	0.00426	0.00220	0.00365
18	0.01402	0.08945	0.02259	0.00840	0.01131	0.09234	0.00697	0.32922	0.18221	0.18558	0.01139	0.01087	0.00814	0.00471	0.00381	0.00118	0.00419	0.00360	0.00374	0.00627
19	0.01016	0.57154	0.19558	0.00913	0.06577	0.05504	0.00890	0.01220	0.00832	0.01028	0.00601	0.00709	0.00515	0.00357	0.00311	0.00098	0.01771	0.00243	0.00173	0.00530
20	0.01043	0.14880	0.35883	0.01097	0.09461	0.04511	0.02049	0.13718	0.01025	0.06786	0.00858	0.05411	0.00688	0.00438	0.00371	0.00118	0.00497	0.00348	0.00240	0.00577
21	0.00986	0.00852	0.00897	0.00807	0.01031	0.00986	0.00628	0.02107	0.82876	0.01659	0.01614	0.01479	0.01210	0.00538	0.00403	0.00134	0.00314	0.00448	0.00403	0.00628
22	0.01731	0.00718	0.00989	0.00754	0.01065	0.00640	0.03535	0.07169	0.01175	0.75561	0.01497	0.01313	0.00948	0.00484	0.00401	0.00123	0.00356	0.00398	0.00474	0.00670
23	0.02261	0.22621	0.12662	0.14328	0.08117	0.15094	0.00899	0.04805	0.04967	0.07518	0.01847	0.00914	0.00640	0.00404	0.00360	0.00112	0.01386	0.00304	0.00229	0.00532
24	0.00725	0.00619	0.00675	0.00683	0.04236	0.02334	0.00485	0.01214	0.31891	0.01314	0.08484	0.11493	0.25849	0.06577	0.00549	0.00153	0.00282	0.01614	0.00367	0.00456
25	0.00507	0.00384	0.00548	0.00597	0.00645	0.00364	0.03772	0.00594	0.00765	0.01019	0.02144	0.71512	0.06830	0.01321	0.06779	0.00194	0.00309	0.01031	0.00349	0.00334
26	0.19761	0.00685	0.00837	0.00663	0.00949	0.00639	0.00545	0.01735	0.01029	0.64547	0.01372	0.03585	0.00914	0.00487	0.00370	0.00124	0.00328	0.00381	0.00437	0.00614
27	0.00982	0.29622	0.04333	0.23552	0.24433	0.01119	0.02626	0.01207	0.02045	0.05517	0.00726	0.00909	0.00584	0.00370	0.00349	0.00112	0.00469	0.00310	0.00200	0.00537
28	0.01435	0.00964	0.18798	0.00782	0.01125	0.00666	0.00752	0.03681	0.03518	0.54750	0.01420	0.01370	0.03250	0.05057	0.00483	0.00138	0.00391	0.00398	0.00399	0.00621
29	0.00610	0.00380	0.00505	0.00565	0.00620	0.00350	0.00391	0.00690	0.00802	0.08982	0.02177	0.73999	0.04806	0.01161	0.00495	0.00157	0.00242	0.02332	0.00380	0.00357
30	0.00489	0.00347	0.00458	0.00545	0.00567	0.00326	0.00361	0.00554	0.00748	0.00998	0.02130	0.80926	0.02553	0.06217	0.00595	0.00174	0.00239	0.01095	0.00361	0.00317
31	0.02053	0.21119	0.44788	0.01031	0.01479	0.03295	0.07558	0.04712	0.00885	0.03979	0.00706	0.00827	0.00535	0.00390	0.00405	0.00118	0.05072	0.00295	0.00193	0.00558
32	0.72106	0.08851	0.00764	0.00562	0.00811	0.00948	0.00474	0.01150	0.00692	0.01638	0.00559	0.00662	0.00449	0.00375	0.00294	0.00118	0.03946	0.00221	0.00235	0.05145
33	0.05343	0.00652	0.00854	0.00676	0.00954	0.00581	0.00552	0.01767	0.03237	0.69652	0.01640	0.05929	0.04025	0.00545	0.00399	0.00125	0.00323	0.00447	0.01671	0.00628
34	0.01077	0.68626	0.01826	0.00696	0.01006	0.05776	0.00660	0.01271	0.06206	0.04007	0.05089	0.00845	0.00745	0.00386	0.00286	0.00092	0.00416	0.00263	0.00213	0.00513
35	0.00967	0.03875	0.46267	0.04778	0.11015	0.01921	0.03310	0.08073	0.03440	0.07676	0.03465	0.00998	0.00697	0.00408	0.00384	0.00123	0.00514	0.00335	0.00233	0.01521

[dist]
# distance from previous block
# <min> <max>
0	22

[block]
# block no. 2 follows, 68 sequences, length 17
# corresponding to MSA columns:
# 173-189
name=unknown_C
#
# <colnr> <probs for GDERKNQSTAVLIFYWHMCP>
#	G	D	E	R	K	N	Q	S	T	A	V	L	I	F	Y	W	H	M	C	P
0	0.00490	0.00403	0.00432	0.00425	0.00549	0.00344	0.00318	0.00611	0.00955	0.01193	0.22676	0.03615	0.64696	0.00959	0.00468	0.00132	0.00198	0.00809	0.00384	0.00344
1	0.01228	0.00529	0.00674	0.00561	0.00761	0.00477	0.00448	0.01398	0.01036	0.42791	0.16191	0.01680	0.01489	0.00539	0.00372	0.00113	0.00262	0.00447	0.28480	0.00523
2	0.00544	0.00441	0.00470	0.00461	0.00590	0.00376	0.00342	0.00651	0.00987	0.01241	0.22425	0.03665	0.64379	0.00988	0.00490	0.00141	0.00216	0.00822	0.00400	0.00371
3	0.00907	0.00478	0.00625	0.00565	0.00716	0.00427	0.00436	0.01055	0.01038	0.26152	0.34799	0.15712	0.11499	0.00812	0.00455	0.00133	0.00246	0.03061	0.00432	0.00452
4	0.01507	0.01111	0.01190	0.00912	0.01230	0.01230	0.00754	0.82270	0.01864	0.02499	0.00952	0.00952	0.00674	0.00476	0.00397	0.00119	0.00436	0.00357	0.00397	0.00674
5	0.01779	0.00675	0.00920	0.00705	0.01012	0.00583	0.00583	0.01932	0.01135	0.83867	0.01564	0.01350	0.00981	0.00491	0.00399	0.00123	0.00337	0.00399	0.00491	0.00675
6	0.00822	0.00705	0.00822	0.00587	0.00940	0.00529	0.00470	0.00998	0.00822	0.01292	0.00705	0.00822	0.00587	0.00294	0.00294	0.00059	0.00294	0.00235	0.00235	0.88490
7	0.01478	0.01072	0.01156	0.00895	0.01205	0.01184	0.00737	0.72677	0.08190	0.05779	0.01029	0.01010	0.00729	0.00481	0.00397	0.00120	0.00423	0.00366	0.00401	0.00671
8	0.00588	0.00433	0.00553	0.00518	0.00620	0.00412	0.00390	0.00832	0.06192	0.01594	0.78312	0.02870	0.03584	0.00794	0.00464	0.00125	0.00195	0.00700	0.00434	0.00390
9	0.00591	0.00456	0.00664	0.00650	0.00709	0.00542	0.00501	0.00715	0.00629	0.00909	0.01037	0.01599	0.00996	0.10414	0.70404	0.00578	0.07612	0.00433	0.00212	0.00350
10	0.01574	0.00734	0.01024	0.00784	0.01075	0.00677	0.06977	0.11554	0.01173	0.60227	0.03492	0.01397	0.01013	0.05792	0.00506	0.00139	0.00375	0.00418	0.00440	0.00629
11	0.01544	0.00681	0.03704	0.00702	0.00983	0.00571	0.00595	0.01706	0.01066	0.67384	0.01630	0.01588	0.04788	0.00730	0.07005	0.00166	0.00398	0.03695	0.00447	0.00618
12	0.00543	0.00412	0.00455	0.00463	0.00588	0.00356	0.00354	0.00653	0.00907	0.04464	0.06337	0.12045	0.61520	0.01009	0.00477	0.00140	0.00224	0.08325	0.00375	0.00351
13	0.02836	0.00829	0.01224	0.08628	0.28148	0.04629	0.09234	0.04671	0.10247	0.02392	0.06243	0.13519	0.01228	0.00573	0.00425	0.00131	0.00426	0.03816	0.00279	0.00522
14	0.00995	0.03604	0.06654	0.16571	0.42611	0.05607	0.08749	0.04478	0.02536	0.03284	0.00774	0.00986	0.00612	0.00375	0.00394	0.00121	0.00511	0.00354	0.00210	0.00574
15	0.00662	0.00566	0.00881	0.27785	0.10575	0.00610	0.03152	0.00818	0.00781	0.01027	0.01484	0.21353	0.07506	0.15054	0.00711	0.00183	0.00398	0.05800	0.00261	0.00390
16	0.00970	0.09560	0.07467	0.00739	0.02815	0.04113	0.01563	0.08022	0.03188	0.08928	0.01200	0.03816	0.08678	0.03988	0.01716	0.00118	0.02036	0.00378	0.00278	0.30428

[dist]
# distance from previous block
# <min> <max>
0	6

[block]
# block no. 3 follows, 68 sequences, length 22
# corresponding to MSA columns:
# 196-217
name=unknown_D
#
# <colnr> <probs for GDERKNQSTAVLIFYWHMCP>
#	G	D	E	R	K	N	Q	S	T	A	V	L	I	F	Y	W	H	M	C	P
0	0.02692	0.12531	0.27095	0.04912	0.02798	0.03870	0.01935	0.19149	0.01065	0.04397	0.01709	0.00939	0.00642	0.00593	0.06719	0.00151	0.00526	0.00313	0.00246	0.07716
1	0.00878	0.05991	0.26614	0.05868	0.05593	0.01747	0.02387	0.09845	0.13116	0.01429	0.09412	0.09270	0.01175	0.00533	0.00397	0.00124	0.00425	0.00449	0.01186	0.03562
2	0.00612	0.06979	0.00755	0.00621	0.00743	0.03376	0.07042	0.00726	0.00873	0.01116	0.14283	0.33543	0.23264	0.00950	0.00495	0.02816	0.00287	0.00815	0.00338	0.00365
3	0.00811	0.00714	0.00963	0.00803	0.07230	0.00579	0.07153	0.00991	0.00828	0.01258	0.02836	0.03932	0.00789	0.05355	0.00428	0.00093	0.00338	0.00325	0.00239	0.64336
4	0.01032	0.00840	0.00998	0.05910	0.10684	0.00944	0.00720	0.01927	0.62416	0.07794	0.01456	0.01387	0.01086	0.00505	0.00401	0.00132	0.00346	0.00428	0.00373	0.00620
5	0.00912	0.07272	0.23924	0.01701	0.40203	0.00934	0.08245	0.01204	0.00903	0.02743	0.07465	0.01093	0.00843	0.00397	0.00391	0.00120	0.00491	0.00367	0.00212	0.00580
6	0.01024	0.01116	0.01281	0.01233	0.11516	0.20107	0.03582	0.01141	0.00773	0.01011	0.00579	0.00854	0.00534	0.00574	0.00945	0.00149	0.52599	0.00331	0.00184	0.00467
7	0.00530	0.00423	0.00444	0.00423	0.00561	0.00359	0.00315	0.00643	0.00887	0.01138	0.08782	0.03266	0.60250	0.05858	0.00530	0.00139	0.00217	0.00729	0.07000	0.07507
8	0.00588	0.00444	0.00642	0.00627	0.00691	0.00510	0.00482	0.00717	0.00705	0.01013	0.13947	0.01773	0.01405	0.06305	0.59668	0.03427	0.05991	0.00470	0.00245	0.00351
9	0.00488	0.00347	0.00456	0.00543	0.00571	0.00324	0.00364	0.00561	0.00766	0.01025	0.02226	0.81198	0.05269	0.01217	0.00500	0.00159	0.00228	0.01101	0.02336	0.00324
10	0.00540	0.00366	0.00443	0.00484	0.00497	0.00356	0.00298	0.00576	0.00666	0.00899	0.01667	0.39618	0.01954	0.45676	0.01292	0.00276	0.00310	0.00815	0.02987	0.00281
11	0.00795	0.02051	0.84011	0.01130	0.01716	0.00921	0.01465	0.01256	0.00837	0.01256	0.00712	0.00837	0.00502	0.00377	0.00377	0.00126	0.00586	0.00293	0.00167	0.00586
12	0.00592	0.00442	0.00584	0.00567	0.00606	0.00494	0.00404	0.00672	0.00652	0.00913	0.07391	0.02100	0.03318	0.37690	0.34516	0.00442	0.07546	0.00515	0.00242	0.00313
13	0.01060	0.86304	0.02078	0.00678	0.01018	0.01569	0.00678	0.01187	0.00806	0.00933	0.00551	0.00636	0.00509	0.00339	0.00254	0.00085	0.00424	0.00212	0.00170	0.00509
14	0.02341	0.08421	0.04879	0.07666	0.36757	0.02519	0.02690	0.02179	0.08159	0.12816	0.01027	0.01159	0.03230	0.00420	0.00382	0.00118	0.00435	0.01306	0.00262	0.03234
15	0.00749	0.00705	0.01189	0.85113	0.02731	0.00881	0.01101	0.01013	0.00793	0.01013	0.00705	0.01057	0.00529	0.00396	0.00396	0.00132	0.00529	0.00352	0.00176	0.00440
16	0.00577	0.00384	0.00432	0.00432	0.00432	0.00384	0.00240	0.00577	0.00577	0.00769	0.01249	0.02595	0.01441	0.86066	0.02018	0.00384	0.00384	0.00577	0.00240	0.00240
17	0.05346	0.01370	0.38234	0.05127	0.14309	0.00869	0.02670	0.07382	0.00969	0.16519	0.00920	0.02995	0.00673	0.00422	0.00384	0.00124	0.00488	0.00349	0.00258	0.00594
18	0.00682	0.00443	0.00583	0.00567	0.00658	0.00428	0.00423	0.00816	0.00961	0.10275	0.37350	0.28940	0.08285	0.00923	0.00522	0.00140	0.05192	0.02021	0.00400	0.00391
19	0.00503	0.00357	0.00472	0.00557	0.00583	0.00338	0.00379	0.00576	0.00757	0.01006	0.02102	0.72494	0.02499	0.08132	0.00632	0.00181	0.00253	0.07502	0.00357	0.00319
20	0.21517	0.02592	0.00892	0.00681	0.00975	0.00729	0.00565	0.08585	0.01085	0.56493	0.01260	0.01140	0.00820	0.00458	0.00361	0.00122	0.00341	0.00349	0.00420	0.00615
21	0.62636	0.03386	0.02212	0.06951	0.00974	0.00850	0.00520	0.01182	0.00735	0.06422	0.00643	0.00740	0.00491	0.00368	0.00274	0.00115	0.00332	0.00240	0.00250	0.10680

[dist]
# distance from previous block
# <min> <max>
0	3

[block]
# block no. 4 follows, 68 sequences, length 13
# corresponding to MSA columns:
# 221-233
name=unknown_E
#
# <colnr> <probs for GDERKNQSTAVLIFYWHMCP>
#	G	D	E	R	K	N	Q	S	T	A	V	L	I	F	Y	W	H	M	C	P
0	0.00894	0.00913	0.01251	0.10222	0.08738	0.07366	0.04423	0.01029	0.00709	0.01004	0.00616	0.00941	0.00565	0.00746	0.06553	0.00188	0.52854	0.00352	0.00182	0.00453
1	0.00576	0.00387	0.00446	0.00446	0.00450	0.00392	0.00257	0.00585	0.00580	0.00779	0.01237	0.02528	0.01412	0.80713	0.07332	0.00401	0.00428	0.00567	0.00238	0.00248
2	0.12468	0.01701	0.00688	0.01922	0.00745	0.00657	0.00462	0.11212	0.01911	0.01395	0.21591	0.04340	0.03261	0.20442	0.07683	0.00229	0.06839	0.00514	0.01546	0.00396
3	0.00685	0.00559	0.02890	0.00568	0.00637	0.04126	0.01887	0.02009	0.00708	0.02812	0.07633	0.03986	0.01443	0.53402	0.08799	0.00329	0.03814	0.00536	0.00257	0.02921
4	0.00567	0.00422	0.00621	0.00621	0.00686	0.00487	0.00476	0.00698	0.00632	0.00909	0.01077	0.01639	0.01027	0.09485	0.78031	0.00617	0.01009	0.00437	0.00215	0.00345
5	0.01085	0.81331	0.02021	0.00699	0.01030	0.06453	0.00684	0.01211	0.00824	0.00935	0.00555	0.00641	0.00509	0.00343	0.00260	0.00086	0.00441	0.00215	0.00172	0.00506
6	0.00569	0.00415	0.00588	0.00588	0.00642	0.00469	0.00434	0.00676	0.00623	0.00884	0.01107	0.01807	0.01100	0.22972	0.64644	0.00576	0.00899	0.00461	0.00219	0.00327
7	0.01278	0.01419	0.06004	0.03397	0.08653	0.43163	0.02181	0.05103	0.06111	0.08662	0.06750	0.01043	0.00848	0.00457	0.00411	0.00115	0.03287	0.00338	0.00263	0.00515
8	0.01080	0.06865	0.11627	0.04746	0.25709	0.13582	0.03418	0.03661	0.05172	0.08805	0.05697	0.01085	0.00830	0.00474	0.01765	0.00128	0.04193	0.00356	0.00248	0.00557
9	0.00822	0.00705	0.00822	0.00587	0.00940	0.00529	0.00470	0.00998	0.00822	0.01292	0.00705	0.00822	0.00587	0.00294	0.00294	0.00059	0.00294	0.00235	0.00235	0.88490
10	0.02345	0.07907	0.11850	0.00735	0.00911	0.07943	0.00635	0.01051	0.09401	0.04712	0.03395	0.34444	0.01560	0.05408	0.00565	0.00152	0.05587	0.00659	0.00301	0.00437
11	0.04086	0.18480	0.25410	0.04616	0.05025	0.15743	0.00930	0.02615	0.04435	0.09196	0.03776	0.02455	0.00743	0.00425	0.00355	0.00114	0.00500	0.00321	0.00237	0.00538
12	0.00600	0.00441	0.00495	0.00499	0.00565	0.00405	0.00331	0.00649	0.00818	0.01066	0.11970	0.12531	0.28907	0.35292	0.03408	0.00263	0.00325	0.00757	0.00342	0.00337

[dist]
# distance from previous block
# <min> <max>
0	2

[block]
# block no. 5 follows, 68 sequences, length 26
# corresponding to MSA columns:
# 236-261
name=unknown_F
#
# <colnr> <probs for GDERKNQSTAVLIFYWHMCP>
#	G	D	E	R	K	N	Q	S	T	A	V	L	I	F	Y	W	H	M	C	P
0	0.00858	0.11920	0.08579	0.11631	0.01248	0.01896	0.00679	0.04211	0.00859	0.01234	0.00775	0.05461	0.00675	0.00381	0.00326	0.00086	0.00375	0.00306	0.00226	0.48275
1	0.02984	0.24338	0.20061	0.00873	0.01243	0.02447	0.05623	0.14674	0.02770	0.05790	0.00814	0.02960	0.00647	0.00410	0.00360	0.00107	0.01939	0.00315	0.01597	0.10047
2	0.02830	0.12835	0.14782	0.03056	0.13404	0.05027	0.03663	0.10566	0.03062	0.03747	0.03770	0.05995	0.04838	0.00514	0.00474	0.00124	0.09141	0.00403	0.00251	0.01519
3	0.00493	0.00362	0.00460	0.00531	0.00576	0.00334	0.00366	0.00573	0.00790	0.01032	0.04057	0.64064	0.15466	0.04337	0.00557	0.00165	0.00237	0.04911	0.00365	0.00324
4	0.00880	0.02527	0.02403	0.15319	0.51031	0.00842	0.02444	0.01096	0.00860	0.02928	0.00951	0.12014	0.00887	0.00572	0.03411	0.00144	0.00471	0.00455	0.00221	0.00545
5	0.51366	0.00979	0.00875	0.00782	0.03160	0.12521	0.02497	0.08127	0.00840	0.01577	0.00601	0.00734	0.00485	0.00432	0.00446	0.00127	0.13487	0.00262	0.00239	0.00463
6	0.01014	0.00944	0.01454	0.09213	0.61017	0.04112	0.01100	0.04920	0.06436	0.03110	0.02341	0.01054	0.00721	0.00388	0.00394	0.00120	0.00465	0.00364	0.00228	0.00604
7	0.00603	0.00391	0.00449	0.00437	0.00519	0.00369	0.00313	0.00745	0.00915	0.01346	0.34595	0.02587	0.13613	0.15167	0.00675	0.00161	0.00222	0.00609	0.25940	0.00345
8	0.01011	0.44577	0.01715	0.00892	0.01102	0.06939	0.05551	0.01134	0.00762	0.00963	0.00559	0.00751	0.00519	0.00473	0.00655	0.00121	0.31343	0.00279	0.00175	0.00480
9	0.00743	0.00688	0.01148	0.74162	0.05543	0.00840	0.01049	0.00999	0.00818	0.01059	0.04767	0.01300	0.00766	0.00446	0.00407	0.00134	0.00503	0.03989	0.00198	0.00441
10	0.00492	0.00367	0.00455	0.00508	0.00564	0.00333	0.00350	0.00582	0.00834	0.01094	0.13098	0.54084	0.21200	0.03431	0.00534	0.00156	0.00222	0.00993	0.00373	0.00329
11	0.00490	0.00354	0.00464	0.00543	0.00579	0.00329	0.00370	0.00570	0.00793	0.01053	0.07027	0.74055	0.07829	0.01199	0.00502	0.00158	0.00229	0.02758	0.00372	0.00327
12	0.00483	0.00400	0.00423	0.00423	0.00546	0.00340	0.00315	0.00595	0.00930	0.01146	0.15729	0.07372	0.67959	0.00986	0.00470	0.00134	0.00200	0.00832	0.00378	0.00340
13	0.01060	0.86304	0.02078	0.00678	0.01018	0.01569	0.00678	0.01187	0.00806	0.00933	0.00551	0.00636	0.00509	0.00339	0.00254	0.00085	0.00424	0.00212	0.00170	0.00509
14	0.00822	0.00705	0.00822	0.00587	0.00940	0.00529	0.00470	0.00998	0.00822	0.01292	0.00705	0.00822	0.00587	0.00294	0.00294	0.00059	0.00294	0.00235	0.00235	0.88490
15	0.00822	0.00705	0.00822	0.00587	0.00940	0.00529	0.00470	0.00998	0.00822	0.01292	0.00705	0.00822	0.00587	0.00294	0.00294	0.00059	0.00294	0.00235	0.00235	0.88490
16	0.00576	0.00388	0.00450	0.00450	0.00455	0.00394	0.00262	0.00588	0.00582	0.00781	0.01234	0.02508	0.01404	0.79118	0.08915	0.00406	0.00441	0.00564	0.00238	0.00250
17	0.00483	0.00345	0.00460	0.00552	0.00575	0.00322	0.00368	0.00552	0.00759	0.01012	0.02185	0.85807	0.02622	0.01242	0.00506	0.00161	0.00230	0.01127	0.00368	0.00322
18	0.04540	0.01615	0.27224	0.01027	0.01379	0.29498	0.06082	0.16195	0.01140	0.01427	0.05590	0.00949	0.00731	0.00428	0.00380	0.00117	0.00574	0.00325	0.00243	0.00537
19	0.00947	0.16375	0.46530	0.03335	0.06913	0.04077	0.01134	0.01270	0.00865	0.07741	0.00804	0.00911	0.01753	0.00440	0.02126	0.00126	0.00528	0.00300	0.00203	0.03620
20	0.02960	0.20883	0.36667	0.00989	0.03067	0.07466	0.03195	0.01186	0.00819	0.01127	0.01771	0.00860	0.00584	0.00559	0.05398	0.00148	0.09561	0.00294	0.00182	0.02282
21	0.00739	0.00370	0.00370	0.00370	0.00462	0.00370	0.00277	0.00924	0.00831	0.01478	0.01293	0.01478	0.01016	0.00462	0.00277	0.00092	0.00185	0.00370	0.88267	0.00370
22	0.00936	0.01070	0.02340	0.01671	0.02072	0.01003	0.82152	0.01270	0.00936	0.01270	0.00802	0.01070	0.00602	0.00334	0.00468	0.00134	0.00668	0.00468	0.00201	0.00535
23	0.01040	0.00878	0.03267	0.03796	0.02777	0.05409	0.00654	0.07854	0.46657	0.08366	0.10310	0.02563	0.02407	0.01692	0.00429	0.00132	0.00350	0.00461	0.00381	0.00578
24	0.01053	0.01172	0.06357	0.05275	0.60557	0.16259	0.01144	0.01278	0.00935	0.01223	0.00718	0.00927	0.00595	0.00366	0.00385	0.00116	0.00525	0.00332	0.00195	0.00587
25	0.01310	0.00898	0.00993	0.00791	0.01044	0.00976	0.00637	0.52797	0.05457	0.09790	0.02539	0.01258	0.00888	0.08025	0.05484	0.00172	0.00434	0.00395	0.05518	0.00593

[dist]
# distance from previous block
# <min> <max>
0	18

[block]
# block no. 6 follows, 68 sequences, length 10
# corresponding to MSA columns:
# 288-297
name=unknown_G
#
# <colnr> <probs for GDERKNQSTAVLIFYWHMCP>
#	G	D	E	R	K	N	Q	S	T	A	V	L	I	F	Y	W	H	M	C	P
0	0.05106	0.00886	0.01059	0.08827	0.01268	0.00927	0.00706	0.39534	0.01426	0.34430	0.01154	0.01106	0.00772	0.00470	0.00391	0.00122	0.00401	0.00367	0.00407	0.00642
1	0.00677	0.00669	0.05253	0.00875	0.08770	0.00581	0.10737	0.03458	0.05325	0.01266	0.11803	0.09679	0.32460	0.00788	0.00459	0.00136	0.00330	0.05969	0.00331	0.00433
2	0.01255	0.00838	0.00939	0.00794	0.01051	0.00913	0.00632	0.12005	0.51808	0.22903	0.01519	0.01381	0.01085	0.00518	0.00401	0.00130	0.00335	0.00424	0.00425	0.00646
3	0.01540	0.00659	0.00868	0.00690	0.00961	0.00599	0.00561	0.01801	0.09835	0.64673	0.11954	0.01568	0.01356	0.00536	0.00408	0.00124	0.00316	0.00444	0.00475	0.00632
4	0.03119	0.09047	0.01389	0.26944	0.30109	0.07892	0.01009	0.01188	0.00854	0.05034	0.00715	0.00947	0.00578	0.00411	0.00467	0.00124	0.09120	0.00330	0.00201	0.00524
5	0.01317	0.00949	0.03144	0.00881	0.06869	0.18066	0.00654	0.06038	0.04349	0.32971	0.04209	0.11679	0.03265	0.00620	0.01813	0.00132	0.00425	0.00474	0.01594	0.00550
6	0.00495	0.00354	0.00474	0.00566	0.00595	0.00333	0.00390	0.00573	0.00771	0.01026	0.02178	0.79349	0.02595	0.01231	0.00509	0.00163	0.00241	0.07463	0.00368	0.00325
7	0.00600	0.00461	0.00660	0.00655	0.00735	0.00444	0.06445	0.06534	0.00895	0.01207	0.11658	0.63548	0.02465	0.01068	0.00491	0.00152	0.00272	0.00974	0.00366	0.00369
8	0.09485	0.00860	0.00980	0.05288	0.12710	0.09510	0.00695	0.10063	0.06205	0.15870	0.18488	0.01433	0.01351	0.00526	0.00439	0.00124	0.04684	0.00421	0.00337	0.00531
9	0.04105	0.11951	0.10460	0.01081	0.16626	0.02081	0.01944	0.05942	0.06846	0.02493	0.00826	0.03602	0.00694	0.00448	0.01823	0.00112	0.03870	0.00325	0.00238	0.24534

[dist]
# distance from previous block
# <min> <max>
1	17

[block]
# block no. 7 follows, 68 sequences, length 15
# corresponding to MSA columns:
# 315-329
name=unknown_H
#
# <colnr> <probs for GDERKNQSTAVLIFYWHMCP>
#	G	D	E	R	K	N	Q	S	T	A	V	L	I	F	Y	W	H	M	C	P
0	0.00871	0.07682	0.01035	0.08440	0.01077	0.05496	0.00687	0.09983	0.00828	0.01128	0.00849	0.01200	0.02066	0.05825	0.22588	0.01533	0.23746	0.00370	0.01427	0.03169
1	0.00932	0.00838	0.01416	0.37426	0.40078	0.00909	0.04265	0.03217	0.00893	0.05105	0.00774	0.01034	0.00603	0.00380	0.00397	0.00125	0.00496	0.00360	0.00207	0.00548
2	0.00561	0.00395	0.00499	0.00544	0.00602	0.00374	0.00381	0.00689	0.03886	0.03212	0.12961	0.50457	0.09479	0.08920	0.00633	0.00174	0.00249	0.05268	0.00370	0.00345
3	0.00517	0.00420	0.00462	0.00463	0.00585	0.00374	0.00352	0.00675	0.03914	0.01196	0.18703	0.06794	0.56772	0.00966	0.00473	0.00137	0.00215	0.06246	0.00382	0.00354
4	0.01218	0.00885	0.00964	0.00776	0.01028	0.00958	0.00628	0.49693	0.10683	0.05081	0.12624	0.01548	0.07728	0.00571	0.00408	0.00122	0.00357	0.00457	0.03684	0.00590
5	0.01099	0.00717	0.00754	0.00624	0.00822	0.00773	0.00501	0.39058	0.01316	0.01957	0.01133	0.01231	0.00856	0.00469	0.00333	0.00105	0.00303	0.00364	0.47075	0.00512
6	0.00986	0.00852	0.00897	0.00807	0.01031	0.00986	0.00628	0.02107	0.82876	0.01659	0.01614	0.01479	0.01210	0.00538	0.00403	0.00134	0.00314	0.00448	0.00403	0.00628
7	0.88866	0.00767	0.00583	0.00521	0.00767	0.00889	0.00429	0.01166	0.00675	0.01779	0.00552	0.00644	0.00429	0.00368	0.00245	0.00123	0.00307	0.00215	0.00245	0.00429
8	0.00815	0.01913	0.72510	0.01206	0.01766	0.00932	0.12828	0.01258	0.00851	0.01258	0.00724	0.00870	0.00516	0.00371	0.00390	0.00127	0.00598	0.00318	0.00172	0.00579
9	0.00744	0.00689	0.01149	0.71817	0.07363	0.00835	0.01036	0.00999	0.00832	0.01087	0.08860	0.01240	0.00851	0.00435	0.00403	0.00131	0.00491	0.00388	0.00203	0.00445
10	0.00661	0.00484	0.00651	0.00718	0.00820	0.00493	0.00617	0.00920	0.07563	0.01257	0.08617	0.04108	0.02313	0.01027	0.00530	0.00174	0.00347	0.67941	0.00374	0.00387
11	0.03982	0.00872	0.05195	0.09670	0.15900	0.02017	0.02750	0.07558	0.03126	0.32454	0.01069	0.01147	0.00764	0.02538	0.00523	0.00134	0.09017	0.00372	0.00325	0.00588
12	0.07232	0.34680	0.21503	0.01003	0.10386	0.03306	0.00912	0.07824	0.00916	0.03765	0.00681	0.00783	0.00545	0.00373	0.00335	0.00106	0.01781	0.00269	0.00209	0.03390
13	0.00575	0.00464	0.00546	0.00564	0.03185	0.02566	0.00398	0.00750	0.03472	0.01347	0.43668	0.14875	0.24334	0.00891	0.00466	0.00132	0.00223	0.00776	0.00394	0.00374
14	0.00522	0.00409	0.00478	0.00491	0.00601	0.00365	0.00381	0.00657	0.00954	0.01221	0.24055	0.08315	0.44527	0.00983	0.00484	0.00141	0.00227	0.14454	0.00385	0.00349

[dist]
# distance from previous block
# <min> <max>
5	7

[block]
# block no. 8 follows, 68 sequences, length 28
# corresponding to MSA columns:
# 338-365
name=unknown_I
#
# <colnr> <probs for GDERKNQSTAVLIFYWHMCP>
#	G	D	E	R	K	N	Q	S	T	A	V	L	I	F	Y	W	H	M	C	P
0	0.31293	0.31679	0.14938	0.00727	0.01056	0.05414	0.00725	0.02559	0.03957	0.01340	0.00669	0.00814	0.00557	0.00389	0.00292	0.00110	0.00420	0.02352	0.00215	0.00495
1	0.00881	0.00693	0.00746	0.00676	0.00864	0.00758	0.00524	0.04083	0.48466	0.04661	0.09374	0.02031	0.14448	0.02603	0.00450	0.00136	0.00283	0.01675	0.06115	0.00532
2	0.00932	0.01950	0.05173	0.24371	0.27448	0.07187	0.04917	0.05379	0.00884	0.01179	0.00753	0.02127	0.00642	0.04910	0.00584	0.00142	0.10340	0.00368	0.00202	0.00512
3	0.00611	0.00464	0.00565	0.00589	0.02713	0.00438	0.00445	0.01728	0.04981	0.01281	0.19393	0.09369	0.25370	0.02521	0.00493	0.00143	0.00258	0.18641	0.06020	0.03976
4	0.00986	0.00852	0.00897	0.00807	0.01031	0.00986	0.00628	0.02107	0.82876	0.01659	0.01614	0.01479	0.01210	0.00538	0.00403	0.00134	0.00314	0.00448	0.00403	0.00628
5	0.01108	0.36568	0.06781	0.00808	0.01110	0.10540	0.00730	0.09117	0.26825	0.01333	0.00941	0.00953	0.00745	0.00425	0.00334	0.00108	0.00433	0.00310	0.00268	0.00561
6	0.00594	0.00416	0.00487	0.00477	0.00479	0.00439	0.00287	0.00604	0.00580	0.00785	0.01198	0.02455	0.01370	0.78182	0.04544	0.00379	0.05674	0.00558	0.00235	0.00256
7	0.00602	0.00508	0.02605	0.11597	0.00937	0.00528	0.00535	0.00777	0.04359	0.01054	0.09507	0.21068	0.06344	0.12010	0.21084	0.00294	0.03585	0.01954	0.00286	0.00365
8	0.00822	0.00705	0.00822	0.00587	0.00940	0.00529	0.00470	0.00998	0.00822	0.01292	0.00705	0.00822	0.00587	0.00294	0.00294	0.00059	0.00294	0.00235	0.00235	0.88490
9	0.02115	0.01813	0.64664	0.01128	0.01653	0.03513	0.08431	0.03325	0.00901	0.07658	0.00786	0.00893	0.00551	0.00385	0.00385	0.00125	0.00571	0.00316	0.00203	0.00584
10	0.00867	0.00867	0.01214	0.01041	0.01041	0.01214	0.00867	0.00954	0.00607	0.00954	0.00520	0.00867	0.00520	0.00694	0.01301	0.00173	0.85340	0.00347	0.00173	0.00434
11	0.08320	0.00820	0.03203	0.06826	0.34422	0.00782	0.00886	0.02445	0.00973	0.31605	0.01095	0.01259	0.00813	0.00446	0.00390	0.00124	0.00410	0.04259	0.00317	0.00604
12	0.01400	0.01728	0.01111	0.01081	0.06998	0.73356	0.00768	0.01516	0.01090	0.01025	0.00664	0.00781	0.00550	0.00408	0.00355	0.00103	0.00665	0.00269	0.05665	0.00466
13	0.84993	0.00823	0.04252	0.00548	0.00809	0.00891	0.00475	0.01169	0.00682	0.01756	0.00559	0.00653	0.00433	0.00368	0.00251	0.00123	0.00319	0.00218	0.00242	0.00436
14	0.00483	0.00345	0.00460	0.00552	0.00575	0.00322	0.00368	0.00552	0.00759	0.01012	0.02185	0.85807	0.02622	0.01242	0.00506	0.00161	0.00230	0.01127	0.00368	0.00322
15	0.05262	0.01079	0.01299	0.00988	0.01309	0.01173	0.11016	0.67064	0.01678	0.02289	0.00935	0.01014	0.00682	0.00464	0.00402	0.00122	0.00459	0.01760	0.00365	0.00641
16	0.01481	0.01890	0.01124	0.01021	0.01226	0.84474	0.00766	0.01583	0.01124	0.00970	0.00613	0.00715	0.00511	0.00409	0.00358	0.00102	0.00715	0.00255	0.00204	0.00460
17	0.00784	0.01990	0.81043	0.01110	0.01676	0.00900	0.01426	0.01231	0.00834	0.01247	0.00764	0.03856	0.00578	0.00407	0.00381	0.00127	0.00573	0.00323	0.00175	0.00577
18	0.00576	0.00386	0.00438	0.00438	0.00441	0.00388	0.00248	0.00580	0.00578	0.00773	0.01244	0.02564	0.01428	0.83630	0.04436	0.00392	0.00404	0.00572	0.00239	0.00244
19	0.02559	0.00780	0.03207	0.60361	0.06879	0.00888	0.01010	0.09788	0.00919	0.04147	0.00802	0.01146	0.00623	0.03511	0.00454	0.00139	0.00498	0.01590	0.00219	0.00479
20	0.00729	0.00370	0.00373	0.00373	0.00460	0.00370	0.00275	0.00902	0.00816	0.01434	0.01291	0.01547	0.01043	0.05771	0.00385	0.00110	0.00197	0.00382	0.82808	0.00362
21	0.00567	0.00422	0.00624	0.00624	0.00690	0.00488	0.00479	0.00700	0.00633	0.00911	0.01074	0.01624	0.01020	0.08313	0.79194	0.00621	0.01018	0.00435	0.00214	0.00347
22	0.01763	0.00700	0.00936	0.00717	0.01025	0.00620	0.00593	0.06585	0.01177	0.79155	0.01529	0.01327	0.00964	0.00490	0.00399	0.00122	0.00343	0.00396	0.00485	0.00675
23	0.01388	0.13801	0.01272	0.00905	0.01180	0.28697	0.00736	0.36785	0.08574	0.01692	0.00840	0.00874	0.00643	0.00439	0.00364	0.00110	0.00516	0.00310	0.00301	0.00575
24	0.06248	0.00417	0.00485	0.00481	0.00511	0.00440	0.00306	0.00642	0.00596	0.00865	0.01165	0.02253	0.01283	0.63255	0.19079	0.00420	0.00521	0.00522	0.00235	0.00276
25	0.00816	0.05081	0.76030	0.01149	0.04447	0.00947	0.01406	0.01274	0.02985	0.01256	0.00730	0.00851	0.00525	0.00379	0.00373	0.00124	0.00569	0.00296	0.00175	0.00586
26	0.14237	0.00509	0.00545	0.00508	0.00621	0.00541	0.00381	0.10450	0.00840	0.01401	0.01034	0.06634	0.00901	0.00747	0.00645	0.24009	0.00279	0.00386	0.34972	0.00358
27	0.01146	0.19429	0.06854	0.04895	0.19413	0.07882	0.02235	0.20645	0.01120	0.03476	0.00756	0.00868	0.00596	0.00385	0.00352	0.00106	0.00466	0.00304	0.00247	0.08825

[dist]
# distance from previous block
# <min> <max>
5	28

# created by:
# /st0/software/busco_prod/Augustus/scripts/msa2prfl.pl ./align_prep/30456.fa
