[name]
unknown

[dist]
# distance from previous block
# <min> <max>
0	562

[block]
# block no. 0 follows, 60 sequences, length 36
# corresponding to MSA columns:
# 566-601
name=unknown_A
#
# <colnr> <probs for GDERKNQSTAVLIFYWHMCP>
#	G	D	E	R	K	N	Q	S	T	A	V	L	I	F	Y	W	H	M	C	P
0	0.07540	0.08434	0.02318	0.06221	0.12232	0.03875	0.04047	0.10331	0.03054	0.03795	0.05553	0.02226	0.03910	0.00680	0.00472	0.00147	0.01709	0.20561	0.00324	0.02569
1	0.28035	0.01053	0.01106	0.06398	0.10061	0.12112	0.05018	0.10946	0.01048	0.03575	0.00813	0.00991	0.00648	0.02201	0.03707	0.00153	0.00505	0.00330	0.01599	0.09702
2	0.05341	0.06323	0.03288	0.05731	0.07747	0.10036	0.03902	0.30619	0.01353	0.05563	0.00950	0.04771	0.00771	0.00539	0.00530	0.00136	0.09721	0.00403	0.00319	0.01958
3	0.04085	0.00725	0.02429	0.00798	0.02135	0.02566	0.09495	0.03006	0.13076	0.04515	0.15381	0.10318	0.23296	0.03760	0.00544	0.00154	0.00349	0.00706	0.00384	0.02277
4	0.05901	0.00524	0.00617	0.00610	0.00725	0.00515	0.00444	0.04934	0.04037	0.05928	0.13792	0.31833	0.12607	0.09514	0.02797	0.00196	0.00314	0.02710	0.00398	0.01604
5	0.00949	0.01938	0.03097	0.07989	0.20436	0.01985	0.03765	0.02582	0.23604	0.02611	0.07618	0.12463	0.02767	0.00672	0.00491	0.02225	0.00413	0.01800	0.00337	0.02258
6	0.00556	0.00410	0.00546	0.00627	0.00660	0.00397	0.00428	0.00637	0.00838	0.01129	0.03842	0.78163	0.02781	0.01316	0.00585	0.00175	0.03445	0.01181	0.00396	0.01890
7	0.00701	0.00463	0.00574	0.00574	0.00678	0.00426	0.00416	0.00859	0.03251	0.08178	0.26286	0.28176	0.17856	0.07351	0.00649	0.00174	0.00261	0.02288	0.00429	0.00410
8	0.02092	0.00515	0.00583	0.00545	0.00670	0.00487	0.00392	0.04067	0.03285	0.09170	0.12495	0.06214	0.28830	0.24637	0.00979	0.00223	0.00310	0.01692	0.02406	0.00407
9	0.01005	0.00494	0.00538	0.00492	0.00637	0.00486	0.00380	0.05310	0.01017	0.12575	0.01466	0.03499	0.01134	0.00533	0.00336	0.00109	0.00242	0.00429	0.68848	0.00468
10	0.00846	0.00513	0.00646	0.00584	0.00738	0.00467	0.00448	0.01064	0.04135	0.15504	0.50155	0.05023	0.16432	0.00867	0.00500	0.00140	0.00243	0.00751	0.00475	0.00470
11	0.19554	0.00621	0.00674	0.00631	0.00799	0.00637	0.00480	0.06169	0.04663	0.12305	0.08533	0.25378	0.05879	0.04183	0.00511	0.00158	0.00306	0.01858	0.06184	0.00477
12	0.84266	0.00827	0.00634	0.00570	0.00829	0.00956	0.00464	0.01256	0.00738	0.01912	0.00638	0.00794	0.00517	0.03778	0.00348	0.00146	0.00341	0.00252	0.00270	0.00464
13	0.00519	0.00428	0.00456	0.00479	0.00599	0.00365	0.00348	0.00622	0.00958	0.01163	0.03961	0.22397	0.63870	0.01164	0.00525	0.00154	0.00228	0.00993	0.00405	0.00365
14	0.00623	0.00467	0.00701	0.00701	0.00779	0.00545	0.00545	0.00779	0.00701	0.01012	0.01168	0.01713	0.01090	0.03271	0.82944	0.00701	0.01168	0.00467	0.00234	0.00389
15	0.14331	0.00744	0.00866	0.00709	0.00979	0.00730	0.00573	0.10077	0.04751	0.39795	0.06860	0.04762	0.05222	0.00601	0.00417	0.00135	0.00341	0.00481	0.07005	0.00619
16	0.01532	0.01078	0.01180	0.00939	0.01254	0.01180	0.00764	0.53328	0.17252	0.11275	0.01320	0.04713	0.00983	0.00574	0.00443	0.00137	0.00432	0.00453	0.00448	0.00716
17	0.00634	0.00423	0.00476	0.00476	0.00476	0.00423	0.00264	0.00634	0.00634	0.00846	0.01374	0.02854	0.01586	0.84672	0.02220	0.00423	0.00423	0.00634	0.00264	0.00264
18	0.00529	0.00387	0.00498	0.00588	0.00627	0.00356	0.00396	0.00609	0.00854	0.01121	0.02642	0.74901	0.12218	0.01335	0.00552	0.00174	0.00249	0.01202	0.00405	0.00356
19	0.01267	0.01013	0.01078	0.00918	0.01195	0.01150	0.00728	0.24382	0.56940	0.03989	0.01568	0.01460	0.01159	0.00571	0.00442	0.00143	0.00384	0.00463	0.00444	0.00706
20	0.00758	0.00379	0.00568	0.00568	0.00568	0.00379	0.00379	0.00568	0.00568	0.00758	0.00758	0.01326	0.00758	0.01515	0.01705	0.87311	0.00379	0.00379	0.00189	0.00189
21	0.17016	0.00995	0.01092	0.00852	0.01183	0.01049	0.00703	0.40372	0.01552	0.29072	0.01193	0.01133	0.00806	0.00508	0.00408	0.00133	0.00418	0.00380	0.00441	0.00694
22	0.00557	0.00410	0.00534	0.00587	0.00646	0.00391	0.00412	0.00665	0.00892	0.01197	0.14299	0.49485	0.12705	0.03387	0.11449	0.00242	0.00366	0.01017	0.00390	0.00367
23	0.00613	0.00426	0.00555	0.00595	0.00663	0.00399	0.00419	0.00762	0.02860	0.03633	0.28596	0.51484	0.05022	0.01162	0.00536	0.00161	0.00242	0.01044	0.00434	0.00392
24	0.00984	0.01092	0.02325	0.01687	0.02072	0.01049	0.69066	0.01316	0.00980	0.01340	0.00907	0.01253	0.00716	0.02635	0.07408	0.00201	0.03677	0.00509	0.00222	0.00560
25	0.00875	0.02256	0.82413	0.01243	0.01888	0.01013	0.01611	0.01381	0.00921	0.01381	0.00783	0.00921	0.00552	0.00414	0.00414	0.00138	0.00645	0.00322	0.00184	0.00645
26	0.00913	0.00843	0.01286	0.27696	0.13087	0.00810	0.07094	0.01160	0.00916	0.01321	0.00790	0.01033	0.00633	0.00372	0.00390	0.00106	0.00466	0.00338	0.00229	0.40517
27	0.00524	0.00409	0.00475	0.00528	0.00612	0.00361	0.00370	0.00616	0.00911	0.01144	0.03363	0.46201	0.40452	0.01242	0.00537	0.00163	0.00238	0.01088	0.00405	0.00361
28	0.01512	0.01393	0.01153	0.00987	0.01259	0.30722	0.00772	0.19998	0.25066	0.10859	0.01204	0.01174	0.00889	0.00519	0.00423	0.00130	0.00539	0.00387	0.00374	0.00641
29	0.01158	0.00966	0.01020	0.00892	0.01152	0.01105	0.00701	0.14643	0.66126	0.01951	0.01743	0.01616	0.03757	0.00597	0.00445	0.00145	0.00363	0.00491	0.00441	0.00688
30	0.01064	0.01003	0.01590	0.18217	0.37051	0.02324	0.10066	0.07867	0.09662	0.01501	0.01007	0.01216	0.02339	0.00442	0.00442	0.00135	0.00527	0.00420	0.00259	0.02871
31	0.02955	0.04206	0.04031	0.02728	0.05380	0.05668	0.02268	0.02516	0.04051	0.01470	0.20907	0.01828	0.08632	0.01753	0.00459	0.00117	0.02014	0.00482	0.00322	0.28213
32	0.00710	0.00444	0.00636	0.00628	0.00671	0.00481	0.00451	0.02731	0.00671	0.00929	0.01006	0.01642	0.00986	0.10683	0.37108	0.38530	0.00730	0.00444	0.00223	0.00298
33	0.31545	0.00942	0.05024	0.00732	0.01083	0.00865	0.02469	0.11052	0.03073	0.03663	0.00801	0.00893	0.00620	0.00394	0.00333	0.00107	0.00375	0.00287	0.00291	0.35451
34	0.01277	0.04666	0.02396	0.01033	0.05568	0.32953	0.02332	0.08911	0.02991	0.05113	0.01106	0.05998	0.03975	0.01960	0.05215	0.00159	0.03083	0.01414	0.00285	0.09565
35	0.03437	0.17978	0.05721	0.00969	0.02543	0.11348	0.02003	0.35046	0.04367	0.07699	0.02888	0.01086	0.02040	0.00493	0.00399	0.00123	0.00502	0.00366	0.00345	0.00647

[dist]
# distance from previous block
# <min> <max>
0	5

[block]
# block no. 1 follows, 60 sequences, length 29
# corresponding to MSA columns:
# 607-635
name=unknown_B
#
# <colnr> <probs for GDERKNQSTAVLIFYWHMCP>
#	G	D	E	R	K	N	Q	S	T	A	V	L	I	F	Y	W	H	M	C	P
0	0.13172	0.02619	0.05139	0.00979	0.01292	0.16342	0.13113	0.02602	0.04338	0.11207	0.01188	0.01347	0.05959	0.00503	0.00435	0.00127	0.02742	0.03083	0.00300	0.13514
1	0.02296	0.05564	0.23367	0.07753	0.06506	0.02302	0.05093	0.08394	0.01098	0.16063	0.04745	0.02483	0.03276	0.00502	0.00432	0.00131	0.01452	0.00415	0.03661	0.04468
2	0.00851	0.00707	0.01136	0.18364	0.13717	0.00743	0.08903	0.01083	0.03995	0.04821	0.09389	0.03685	0.02678	0.19565	0.08278	0.00255	0.00535	0.00538	0.00282	0.00476
3	0.00629	0.00423	0.00489	0.00493	0.00499	0.00426	0.00285	0.00641	0.00647	0.00866	0.01409	0.06418	0.01617	0.76692	0.06388	0.00427	0.00454	0.00652	0.00269	0.00275
4	0.01030	0.02639	0.04426	0.11493	0.23683	0.01082	0.28051	0.06616	0.02674	0.01423	0.01004	0.01247	0.04271	0.00466	0.00549	0.00144	0.07914	0.00452	0.00239	0.00598
5	0.04900	0.00728	0.00934	0.00779	0.02353	0.00711	0.00608	0.08263	0.01148	0.46263	0.05263	0.03232	0.01231	0.10940	0.03086	0.00189	0.05511	0.00478	0.02768	0.00614
6	0.01016	0.00817	0.00947	0.00685	0.01067	0.00658	0.00551	0.08779	0.01027	0.04534	0.00836	0.00940	0.00671	0.00350	0.00338	0.00074	0.00340	0.00278	0.00286	0.75806
7	0.03351	0.00771	0.00710	0.00692	0.00801	0.13842	0.00506	0.07459	0.01009	0.01362	0.05189	0.31103	0.03431	0.06850	0.02214	0.00174	0.03466	0.00721	0.15924	0.00425
8	0.00629	0.00459	0.00559	0.00529	0.00642	0.00413	0.00386	0.00785	0.01084	0.02806	0.48112	0.06794	0.19778	0.10441	0.00700	0.00170	0.00244	0.00789	0.00428	0.04252
9	0.00561	0.00454	0.00500	0.00492	0.00627	0.00398	0.00373	0.00722	0.02561	0.01353	0.25733	0.03913	0.56088	0.01039	0.00517	0.00146	0.00225	0.03485	0.00426	0.00387
10	0.04582	0.01438	0.01109	0.00947	0.01215	0.42806	0.00737	0.05377	0.01261	0.30814	0.04694	0.01161	0.00915	0.00504	0.00413	0.00123	0.00580	0.00365	0.00362	0.00597
11	0.05246	0.00558	0.00643	0.00642	0.00773	0.00559	0.00476	0.03317	0.13166	0.06733	0.07300	0.34812	0.17007	0.02801	0.00540	0.00165	0.00287	0.04107	0.00415	0.00454
12	0.00804	0.00544	0.00638	0.00582	0.00741	0.00518	0.00450	0.05148	0.06984	0.08411	0.36476	0.03066	0.24940	0.00862	0.00487	0.00139	0.00252	0.02386	0.06107	0.00464
13	0.01029	0.01176	0.02574	0.01838	0.02279	0.01103	0.80368	0.01397	0.01029	0.01397	0.00882	0.01176	0.00662	0.00368	0.00515	0.00147	0.00735	0.00515	0.00221	0.00588
14	0.06761	0.00992	0.01068	0.00845	0.01163	0.09294	0.00688	0.21052	0.01403	0.47605	0.01376	0.01266	0.00910	0.00518	0.00420	0.00131	0.00433	0.00399	0.02984	0.00692
15	0.02318	0.00520	0.00633	0.00631	0.00734	0.00510	0.00452	0.06931	0.03753	0.08676	0.09425	0.42154	0.05982	0.11511	0.00726	0.00193	0.00302	0.02047	0.02073	0.00429
16	0.00740	0.00475	0.00569	0.00550	0.00630	0.00459	0.00379	0.00887	0.04492	0.06992	0.21862	0.08289	0.07395	0.36252	0.01223	0.00262	0.00327	0.03679	0.04159	0.00378
17	0.06514	0.00738	0.00975	0.00754	0.01081	0.00652	0.00622	0.02048	0.01212	0.75612	0.01652	0.01447	0.01048	0.00532	0.00426	0.00134	0.00364	0.00427	0.03043	0.00718
18	0.02597	0.00657	0.00784	0.00706	0.00903	0.00652	0.00573	0.11510	0.05970	0.20124	0.04143	0.02694	0.10454	0.06493	0.00590	0.00168	0.00352	0.19074	0.11026	0.00530
19	0.00705	0.00483	0.00566	0.00555	0.00684	0.00442	0.00415	0.00890	0.04847	0.07778	0.19546	0.14767	0.33396	0.05789	0.00608	0.00166	0.00261	0.04933	0.02751	0.00417
20	0.00760	0.00542	0.00643	0.00602	0.00743	0.00528	0.00463	0.06206	0.07230	0.04326	0.39062	0.06548	0.17683	0.02337	0.00527	0.00148	0.00261	0.05842	0.05098	0.00452
21	0.84200	0.00859	0.00669	0.00591	0.00864	0.00994	0.00487	0.04551	0.00796	0.01989	0.00625	0.00722	0.00483	0.00410	0.00277	0.00135	0.00343	0.00243	0.00277	0.00483
22	0.02218	0.00550	0.00672	0.00651	0.00744	0.00582	0.00473	0.08269	0.04318	0.03942	0.01701	0.19987	0.05939	0.22512	0.17669	0.02295	0.02287	0.02937	0.01848	0.00406
23	0.03863	0.00511	0.00612	0.00583	0.00725	0.00474	0.00433	0.01017	0.04324	0.15175	0.17475	0.22952	0.22114	0.04993	0.00578	0.00162	0.00270	0.00825	0.02464	0.00450
24	0.00624	0.00464	0.00684	0.00684	0.00756	0.00536	0.00524	0.00768	0.00696	0.01000	0.01184	0.01801	0.01128	0.09491	0.76775	0.00680	0.01111	0.00480	0.00236	0.00380
25	0.00794	0.00596	0.00688	0.00700	0.00804	0.03079	0.00513	0.13710	0.02301	0.02753	0.05438	0.54503	0.05020	0.01137	0.00528	0.00165	0.00316	0.06105	0.00410	0.00439
26	0.01021	0.00890	0.01238	0.16281	0.18405	0.04909	0.05059	0.12353	0.04673	0.02845	0.04780	0.06644	0.03456	0.00789	0.06517	0.00182	0.01942	0.03732	0.03727	0.00556
27	0.00901	0.00618	0.00890	0.06518	0.01041	0.00654	0.05403	0.06088	0.04234	0.09023	0.07576	0.05495	0.05986	0.04834	0.20081	0.14545	0.03364	0.00532	0.01775	0.00441
28	0.01138	0.01040	0.05950	0.02951	0.36215	0.00994	0.11443	0.05858	0.08575	0.09351	0.01068	0.01351	0.00863	0.05172	0.00592	0.00156	0.04219	0.02140	0.00285	0.00640

[dist]
# distance from previous block
# <min> <max>
5	37

[block]
# block no. 2 follows, 60 sequences, length 80
# corresponding to MSA columns:
# 679-704,706-759
name=unknown_C
#
# <colnr> <probs for GDERKNQSTAVLIFYWHMCP>
#	G	D	E	R	K	N	Q	S	T	A	V	L	I	F	Y	W	H	M	C	P
0	0.00912	0.00785	0.03086	0.26193	0.17484	0.00803	0.01944	0.04733	0.02085	0.03545	0.02692	0.06336	0.01043	0.02267	0.02983	0.07566	0.00490	0.06331	0.01345	0.07376
1	0.02428	0.25130	0.10087	0.04097	0.13127	0.09231	0.07931	0.05816	0.06671	0.01347	0.02377	0.01200	0.02712	0.01788	0.02623	0.00144	0.00548	0.01916	0.00248	0.00581
2	0.00852	0.00737	0.00906	0.00853	0.02837	0.06377	0.02751	0.02245	0.05142	0.03658	0.10552	0.10074	0.06085	0.06046	0.18160	0.00286	0.17342	0.01861	0.02787	0.00451
3	0.04321	0.00541	0.00715	0.02070	0.07147	0.00550	0.00520	0.02120	0.04228	0.05767	0.06711	0.21174	0.05712	0.15706	0.10522	0.08389	0.00443	0.02622	0.00331	0.00408
4	0.04111	0.00917	0.01467	0.13935	0.46201	0.00958	0.03216	0.03595	0.03438	0.02863	0.01992	0.04378	0.00847	0.03005	0.00540	0.02001	0.02775	0.00432	0.00246	0.03081
5	0.01143	0.18343	0.07290	0.01100	0.05294	0.02499	0.12943	0.20921	0.03271	0.01561	0.00917	0.01180	0.00768	0.06472	0.07181	0.03203	0.03347	0.00394	0.00273	0.01901
6	0.00589	0.00419	0.00538	0.00591	0.00636	0.00405	0.00412	0.00681	0.00849	0.01136	0.10487	0.39059	0.06294	0.20859	0.05834	0.00263	0.00358	0.09875	0.00369	0.00347
7	0.01067	0.00596	0.00743	0.00677	0.00850	0.00575	0.00517	0.03432	0.10754	0.24646	0.11027	0.20546	0.08647	0.06366	0.02767	0.00182	0.00336	0.03598	0.02150	0.00522
8	0.06168	0.00511	0.00617	0.00633	0.00749	0.00493	0.00468	0.03095	0.03955	0.09623	0.07455	0.43723	0.12912	0.01093	0.00514	0.00163	0.00284	0.06693	0.00417	0.00433
9	0.00547	0.00450	0.00482	0.00479	0.00614	0.00391	0.00357	0.00697	0.02739	0.01294	0.18427	0.07671	0.62197	0.01067	0.00516	0.00147	0.00222	0.00902	0.00420	0.00382
10	0.01736	0.01096	0.01231	0.00944	0.01290	0.01167	0.00780	0.60029	0.01841	0.23513	0.01223	0.01161	0.00830	0.00528	0.00437	0.00132	0.00452	0.00405	0.00463	0.00742
11	0.00605	0.00429	0.00520	0.00565	0.00631	0.00399	0.00385	0.00719	0.03267	0.03523	0.05473	0.47915	0.19212	0.13317	0.00781	0.00203	0.00275	0.01023	0.00392	0.00368
12	0.01179	0.00962	0.01025	0.00892	0.01149	0.01097	0.00705	0.18719	0.58624	0.01984	0.01607	0.01571	0.01218	0.00651	0.02403	0.00157	0.00390	0.01998	0.02989	0.00680
13	0.01161	0.01173	0.02255	0.01630	0.02043	0.01146	0.61179	0.19087	0.01255	0.01695	0.00946	0.02591	0.00718	0.00420	0.00498	0.00144	0.00670	0.00500	0.00272	0.00619
14	0.01673	0.01126	0.01241	0.00959	0.01300	0.01220	0.00790	0.62995	0.06619	0.15738	0.01201	0.01153	0.00832	0.00530	0.00437	0.00133	0.00454	0.00406	0.00454	0.00739
15	0.00679	0.00496	0.00587	0.00604	0.00708	0.00483	0.00434	0.02732	0.10307	0.03656	0.11500	0.40440	0.19308	0.02876	0.00552	0.00164	0.00263	0.00957	0.02833	0.00422
16	0.01710	0.01139	0.01258	0.00964	0.01311	0.01230	0.00797	0.66964	0.01912	0.16478	0.01163	0.01123	0.00800	0.00526	0.00437	0.00132	0.00461	0.00401	0.00454	0.00742
17	0.06050	0.01082	0.01166	0.00918	0.01245	0.03650	0.00751	0.46611	0.10240	0.21879	0.01255	0.01190	0.00868	0.00526	0.00428	0.00133	0.00441	0.00403	0.00447	0.00715
18	0.00904	0.00775	0.00904	0.00646	0.01034	0.00581	0.00517	0.01098	0.00904	0.01421	0.00775	0.00904	0.00646	0.00323	0.00323	0.00065	0.00323	0.00258	0.00258	0.87339
19	0.00591	0.00416	0.00509	0.00556	0.00626	0.00377	0.00383	0.00680	0.00897	0.04023	0.07283	0.49110	0.23455	0.08149	0.00677	0.00186	0.00260	0.01052	0.00402	0.00367
20	0.29315	0.00827	0.00926	0.00736	0.01054	0.00827	0.00608	0.10487	0.01175	0.47863	0.01291	0.01189	0.00849	0.00495	0.00384	0.00135	0.00372	0.00369	0.00442	0.00656
21	0.00961	0.00746	0.00912	0.00822	0.00997	0.03689	0.03001	0.09815	0.19653	0.06136	0.02535	0.06543	0.01228	0.01858	0.38568	0.00401	0.00761	0.00509	0.00335	0.00526
22	0.00961	0.00866	0.05071	0.01091	0.07117	0.02868	0.10441	0.08286	0.04951	0.05637	0.01158	0.04648	0.01017	0.02614	0.29795	0.00348	0.08064	0.02536	0.02009	0.00522
23	0.01692	0.01167	0.01275	0.00978	0.01325	0.01272	0.00808	0.71627	0.01960	0.11747	0.01123	0.01097	0.00780	0.00525	0.00437	0.00131	0.00468	0.00398	0.00448	0.00742
24	0.00548	0.00395	0.00520	0.00612	0.00645	0.00374	0.00412	0.00656	0.02752	0.01153	0.05270	0.79481	0.02893	0.01331	0.00552	0.00175	0.00254	0.01206	0.00409	0.00364
25	0.03628	0.03420	0.03159	0.03528	0.33732	0.11832	0.23393	0.05158	0.01056	0.01411	0.00818	0.01057	0.00660	0.00477	0.02430	0.00147	0.02850	0.00402	0.00228	0.00613
26	0.00799	0.00727	0.01056	0.00946	0.00990	0.00958	0.02067	0.00927	0.00689	0.01038	0.00859	0.01317	0.00819	0.01943	0.39981	0.00431	0.43377	0.00424	0.00212	0.00437
27	0.00600	0.00439	0.00564	0.00546	0.00645	0.00402	0.00404	0.00786	0.01175	0.01639	0.67527	0.11279	0.10452	0.00956	0.00519	0.00142	0.00212	0.00844	0.00466	0.00402
28	0.03250	0.73335	0.02120	0.00767	0.01130	0.05061	0.00741	0.04850	0.00950	0.01138	0.00634	0.00725	0.00568	0.00382	0.00293	0.00096	0.00473	0.00243	0.00203	0.03042
29	0.00625	0.00459	0.00659	0.00659	0.00723	0.00522	0.00493	0.00752	0.00689	0.00982	0.01206	0.01925	0.01182	0.18365	0.67975	0.00649	0.01030	0.00498	0.00239	0.00366
30	0.00540	0.00390	0.00513	0.00601	0.00639	0.00362	0.00410	0.00629	0.00870	0.01158	0.07055	0.73613	0.06876	0.01322	0.00553	0.00174	0.00253	0.03274	0.00409	0.00359
31	0.04290	0.00807	0.00910	0.00802	0.01037	0.00869	0.00623	0.04046	0.44521	0.20257	0.03331	0.10806	0.01463	0.03575	0.00512	0.00157	0.00344	0.00562	0.00450	0.00638
32	0.00648	0.00475	0.00665	0.00668	0.00737	0.00531	0.00500	0.02872	0.00745	0.01047	0.01324	0.08117	0.01338	0.16468	0.58840	0.00586	0.00936	0.02864	0.00262	0.00376
33	0.00650	0.00497	0.00705	0.00750	0.00845	0.00484	0.04417	0.00842	0.04145	0.01242	0.02408	0.37499	0.08175	0.01199	0.00567	0.00182	0.00341	0.34257	0.00396	0.00400
34	0.00531	0.00380	0.00506	0.00607	0.00633	0.00354	0.00405	0.00607	0.00835	0.01113	0.02404	0.84388	0.02885	0.01366	0.00557	0.00177	0.00253	0.01240	0.00405	0.00354
35	0.04473	0.00773	0.01011	0.00780	0.01109	0.00698	0.00642	0.07706	0.01278	0.72442	0.01632	0.01458	0.01048	0.02284	0.00470	0.00141	0.00379	0.00433	0.00519	0.00724
36	0.01079	0.01036	0.01770	0.02677	0.81952	0.01036	0.01339	0.01339	0.00993	0.01425	0.00820	0.01079	0.00691	0.00389	0.00432	0.00130	0.00518	0.00389	0.00216	0.00691
37	0.01642	0.01214	0.01300	0.01000	0.01346	0.01345	0.00825	0.78265	0.04310	0.02722	0.01068	0.01064	0.00759	0.00526	0.00437	0.00131	0.00476	0.00396	0.00437	0.00740
38	0.00832	0.00424	0.00426	0.00420	0.00527	0.00427	0.00316	0.02759	0.00940	0.01651	0.01415	0.01613	0.01110	0.00508	0.00308	0.00102	0.00209	0.00406	0.85194	0.00414
39	0.01079	0.01036	0.01770	0.02677	0.81952	0.01036	0.01339	0.01339	0.00993	0.01425	0.00820	0.01079	0.00691	0.00389	0.00432	0.00130	0.00518	0.00389	0.00216	0.00691
40	0.00556	0.00400	0.00533	0.00631	0.00671	0.00377	0.00447	0.00652	0.00865	0.01144	0.02451	0.70166	0.05231	0.01334	0.00562	0.00180	0.00274	0.12759	0.00404	0.00362
41	0.00522	0.00426	0.00462	0.00488	0.00602	0.00366	0.00353	0.00626	0.00960	0.01177	0.06014	0.24936	0.59220	0.01167	0.00526	0.00155	0.00229	0.01000	0.00407	0.00366
42	0.00904	0.00775	0.00904	0.00646	0.01034	0.00581	0.00517	0.01098	0.00904	0.01421	0.00775	0.00904	0.00646	0.00323	0.00323	0.00065	0.00323	0.00258	0.00258	0.87339
43	0.00588	0.00440	0.00546	0.00529	0.00636	0.00398	0.00393	0.00764	0.01152	0.01576	0.58754	0.09141	0.21532	0.00973	0.00518	0.00142	0.00212	0.00850	0.00458	0.00398
44	0.00632	0.00455	0.00619	0.00715	0.00791	0.00442	0.00577	0.00783	0.00942	0.01230	0.02441	0.33770	0.06304	0.01259	0.00582	0.00190	0.00339	0.47144	0.00403	0.00383
45	0.00797	0.00476	0.00612	0.00623	0.00729	0.00438	0.00459	0.01921	0.00977	0.13749	0.10456	0.39195	0.11956	0.06850	0.00646	0.00182	0.00292	0.08792	0.00424	0.00425
46	0.00594	0.00441	0.00553	0.00532	0.00639	0.00400	0.00396	0.00775	0.01168	0.01609	0.63103	0.08019	0.18242	0.00957	0.00517	0.00141	0.00211	0.00838	0.00462	0.00400
47	0.00992	0.00978	0.01397	0.01173	0.01212	0.01325	0.04947	0.04955	0.00754	0.01150	0.00611	0.00970	0.00585	0.00732	0.01336	0.00186	0.75607	0.00389	0.00204	0.00496
48	0.00618	0.00458	0.00607	0.02031	0.03988	0.00451	0.00457	0.02113	0.01871	0.01177	0.09392	0.46995	0.04939	0.14917	0.06440	0.00245	0.00361	0.02196	0.00367	0.00375
49	0.00588	0.00438	0.00552	0.00589	0.00667	0.00413	0.00422	0.00767	0.04729	0.01357	0.26982	0.42527	0.13072	0.01145	0.00535	0.00161	0.00244	0.03989	0.00430	0.00391
50	0.02856	0.00423	0.00518	0.00557	0.00622	0.00398	0.00385	0.00683	0.00916	0.01247	0.19293	0.40514	0.14748	0.11702	0.01850	0.00201	0.00276	0.02051	0.00397	0.00361
51	0.00624	0.00465	0.00688	0.00688	0.00762	0.00538	0.00529	0.00771	0.00697	0.01003	0.01180	0.01777	0.01118	0.07844	0.78409	0.00685	0.01126	0.00477	0.00235	0.00382
52	0.09458	0.00887	0.01396	0.51609	0.08665	0.02530	0.08409	0.02760	0.00896	0.01274	0.00759	0.01086	0.00589	0.00452	0.00508	0.00146	0.07469	0.00382	0.00211	0.00514
53	0.01117	0.00949	0.01111	0.06882	0.09814	0.01078	0.00802	0.06692	0.60851	0.03392	0.01561	0.01500	0.01172	0.00554	0.00441	0.00145	0.00388	0.00468	0.00404	0.00680
54	0.01104	0.01007	0.02634	0.11435	0.32630	0.03224	0.02561	0.11915	0.05494	0.02735	0.03018	0.01135	0.00798	0.00440	0.00447	0.00123	0.02936	0.00382	0.00273	0.15707
55	0.00582	0.00437	0.00492	0.00490	0.00567	0.00413	0.00332	0.00658	0.00828	0.01056	0.07327	0.03317	0.35319	0.35829	0.10219	0.00321	0.00407	0.00745	0.00333	0.00330
56	0.06572	0.00873	0.03558	0.00719	0.01094	0.00719	0.00600	0.09531	0.02841	0.11245	0.00928	0.00993	0.00709	0.00384	0.00351	0.00089	0.00357	0.00300	0.00313	0.57825
57	0.03722	0.00861	0.01020	0.18629	0.08835	0.09879	0.00776	0.04114	0.05733	0.07021	0.03363	0.14166	0.03612	0.02208	0.01910	0.04669	0.01662	0.00535	0.00303	0.06984
58	0.00918	0.12612	0.08004	0.01036	0.06843	0.01904	0.08017	0.05593	0.05212	0.02420	0.01019	0.01382	0.00894	0.05910	0.32152	0.00365	0.04538	0.00421	0.00247	0.00514
59	0.01079	0.01036	0.01770	0.02677	0.81952	0.01036	0.01339	0.01339	0.00993	0.01425	0.00820	0.01079	0.00691	0.00389	0.00432	0.00130	0.00518	0.00389	0.00216	0.00691
60	0.00862	0.00708	0.01129	0.04090	0.26450	0.00753	0.03100	0.02292	0.03059	0.04102	0.01106	0.03424	0.00980	0.01877	0.41906	0.00419	0.00830	0.00457	0.01938	0.00519
61	0.00756	0.00479	0.00608	0.00611	0.00724	0.00445	0.00453	0.00928	0.03852	0.11116	0.21123	0.32008	0.14854	0.02764	0.01844	0.00172	0.00282	0.06117	0.00435	0.00431
62	0.00613	0.00444	0.00578	0.00548	0.00650	0.00409	0.00410	0.00813	0.01219	0.01719	0.77902	0.05500	0.05736	0.00909	0.00516	0.00138	0.00207	0.00804	0.00476	0.00409
63	0.06762	0.00717	0.00922	0.00734	0.01022	0.00657	0.00597	0.04736	0.03379	0.57704	0.16248	0.01750	0.01593	0.00597	0.00443	0.00136	0.00342	0.00490	0.00507	0.00664
64	0.21324	0.00555	0.00591	0.00573	0.00713	0.00562	0.00425	0.01898	0.02174	0.06031	0.20459	0.22469	0.12365	0.07264	0.00590	0.00169	0.00282	0.00744	0.00388	0.00422
65	0.00846	0.00540	0.00658	0.00650	0.00775	0.00520	0.00477	0.07587	0.04897	0.11875	0.03987	0.43543	0.14532	0.04078	0.00579	0.00170	0.00296	0.03111	0.00423	0.00455
66	0.00604	0.00445	0.00564	0.00534	0.00643	0.00406	0.00401	0.00797	0.01202	0.01672	0.71349	0.03384	0.14536	0.00920	0.00515	0.00139	0.00208	0.00806	0.00470	0.00406
67	0.01198	0.00993	0.01050	0.00910	0.01177	0.01137	0.00718	0.17692	0.65606	0.02006	0.01632	0.01513	0.01215	0.00578	0.00442	0.00145	0.00372	0.00473	0.00442	0.00700
68	0.08889	0.00530	0.00619	0.00602	0.00728	0.00513	0.00437	0.04588	0.00975	0.12552	0.09387	0.33585	0.11390	0.10009	0.00672	0.00183	0.00297	0.00831	0.02778	0.00435
69	0.87753	0.00843	0.00641	0.00574	0.00843	0.00978	0.00472	0.01282	0.00742	0.01957	0.00607	0.00709	0.00472	0.00405	0.00270	0.00135	0.00337	0.00236	0.00270	0.00472
70	0.00615	0.00447	0.00580	0.00551	0.00656	0.00412	0.00416	0.00817	0.01218	0.01713	0.76332	0.03342	0.07357	0.00909	0.00517	0.00139	0.00212	0.02882	0.00475	0.00409
71	0.01030	0.00697	0.00800	0.00714	0.00915	0.00717	0.00558	0.09596	0.23023	0.13294	0.15882	0.09468	0.14553	0.00796	0.00477	0.00145	0.00309	0.03465	0.03005	0.00557
72	0.00628	0.00472	0.00562	0.00588	0.00693	0.00445	0.00433	0.00841	0.07727	0.03074	0.13847	0.33175	0.28056	0.01123	0.00529	0.00160	0.00257	0.06562	0.00421	0.00407
73	0.00634	0.00423	0.00476	0.00476	0.00476	0.00423	0.00264	0.00634	0.00634	0.00846	0.01374	0.02854	0.01586	0.84672	0.02220	0.00423	0.00423	0.00634	0.00264	0.00264
74	0.01216	0.01115	0.01053	0.00930	0.01185	0.11725	0.00725	0.10518	0.62425	0.01824	0.01555	0.01457	0.01169	0.00566	0.00436	0.00142	0.00417	0.00455	0.00415	0.00672
75	0.00594	0.00439	0.00544	0.00589	0.00660	0.00418	0.00422	0.01795	0.02172	0.01202	0.09585	0.37926	0.18334	0.10768	0.03933	0.00217	0.00318	0.09325	0.00390	0.00369
76	0.44788	0.04412	0.00871	0.00690	0.00955	0.00983	0.00567	0.17788	0.02130	0.08685	0.00946	0.01150	0.00753	0.04462	0.02895	0.00163	0.00400	0.02643	0.04179	0.00540
77	0.29564	0.03967	0.01177	0.00997	0.04451	0.10254	0.04744	0.14224	0.02938	0.01678	0.00771	0.02870	0.00648	0.00534	0.00603	0.00145	0.19270	0.00349	0.00274	0.00541
78	0.07576	0.05263	0.01207	0.07675	0.03706	0.04637	0.03484	0.21991	0.03412	0.12192	0.03259	0.02373	0.00941	0.00538	0.00472	0.00131	0.05065	0.04696	0.00346	0.11036
79	0.09650	0.04466	0.02836	0.01433	0.25690	0.03394	0.02226	0.26098	0.04322	0.07113	0.01001	0.02570	0.00787	0.00477	0.00412	0.00129	0.00468	0.01582	0.00326	0.05019

[dist]
# distance from previous block
# <min> <max>
3	19

[block]
# block no. 3 follows, 60 sequences, length 32
# corresponding to MSA columns:
# 779-810
name=unknown_D
#
# <colnr> <probs for GDERKNQSTAVLIFYWHMCP>
#	G	D	E	R	K	N	Q	S	T	A	V	L	I	F	Y	W	H	M	C	P
0	0.09095	0.30299	0.04157	0.00884	0.02488	0.10611	0.01960	0.11848	0.12256	0.01479	0.00995	0.03257	0.02247	0.02021	0.03016	0.00144	0.02026	0.00362	0.00281	0.00572
1	0.36971	0.01987	0.04256	0.02008	0.01011	0.02292	0.00618	0.13540	0.03360	0.04667	0.04597	0.06081	0.03311	0.02046	0.01727	0.00150	0.03810	0.01444	0.01646	0.04478
2	0.04335	0.01289	0.01275	0.05751	0.07077	0.23411	0.05634	0.25675	0.02789	0.03879	0.00941	0.02777	0.00764	0.04226	0.01791	0.00148	0.01814	0.00388	0.00308	0.05728
3	0.02428	0.00967	0.06556	0.00984	0.04838	0.00953	0.04554	0.24661	0.17792	0.01834	0.06099	0.12953	0.04158	0.02040	0.03939	0.00173	0.01949	0.02151	0.00379	0.00593
4	0.02794	0.00569	0.00682	0.00650	0.00788	0.00556	0.00484	0.09934	0.02967	0.10203	0.10355	0.31851	0.11789	0.07559	0.01954	0.00184	0.00322	0.03971	0.00412	0.01975
5	0.02607	0.00598	0.00785	0.04266	0.02399	0.02522	0.02738	0.04318	0.03687	0.01209	0.01834	0.31682	0.08674	0.01476	0.16139	0.05197	0.05849	0.03281	0.00325	0.00415
6	0.87753	0.00843	0.00641	0.00574	0.00843	0.00978	0.00472	0.01282	0.00742	0.01957	0.00607	0.00709	0.00472	0.00405	0.00270	0.00135	0.00337	0.00236	0.00270	0.00472
7	0.00606	0.00429	0.00550	0.00598	0.00642	0.00424	0.00421	0.00694	0.00808	0.01078	0.05202	0.29316	0.05602	0.28635	0.09211	0.00310	0.00421	0.14369	0.00345	0.00339
8	0.12054	0.00620	0.00713	0.00650	0.00830	0.00615	0.00496	0.06967	0.04735	0.19690	0.08566	0.25322	0.08750	0.03634	0.00517	0.00157	0.00308	0.00715	0.04154	0.00505
9	0.00698	0.00595	0.00969	0.00866	0.01017	0.00566	0.15090	0.00878	0.02214	0.01202	0.01810	0.36385	0.03428	0.05013	0.10695	0.00239	0.00485	0.09932	0.00332	0.07586
10	0.00531	0.00382	0.00504	0.00602	0.00631	0.00355	0.00402	0.00608	0.00840	0.01116	0.02471	0.81720	0.05509	0.01358	0.00555	0.00176	0.00252	0.01229	0.00405	0.00355
11	0.21514	0.00602	0.00634	0.00596	0.00756	0.00619	0.00451	0.03692	0.04466	0.09492	0.10938	0.16055	0.09653	0.10132	0.00629	0.00176	0.00308	0.02871	0.05966	0.00451
12	0.15986	0.00642	0.00712	0.00643	0.00837	0.00644	0.00500	0.07838	0.04492	0.16845	0.11223	0.18246	0.12638	0.00808	0.00449	0.00145	0.00303	0.02092	0.04450	0.00506
13	0.04466	0.01267	0.01264	0.00992	0.01321	0.08509	0.00810	0.69299	0.01911	0.02541	0.01028	0.02734	0.00761	0.00531	0.00430	0.00130	0.00498	0.00395	0.00412	0.00704
14	0.00611	0.00437	0.00581	0.00668	0.00723	0.00423	0.00492	0.03310	0.00916	0.01214	0.02336	0.62154	0.02722	0.01299	0.00564	0.00181	0.00297	0.20288	0.00405	0.00379
15	0.00575	0.00403	0.00497	0.00546	0.00573	0.00385	0.00349	0.00633	0.00795	0.01060	0.07585	0.44179	0.06464	0.32556	0.01175	0.00265	0.00312	0.00966	0.00357	0.00325
16	0.00556	0.00392	0.00520	0.00616	0.00649	0.00370	0.00425	0.00645	0.00847	0.01137	0.02344	0.73184	0.02773	0.03398	0.00595	0.00183	0.00269	0.08043	0.02694	0.00358
17	0.01166	0.84935	0.02285	0.00746	0.01119	0.01726	0.00746	0.01306	0.00886	0.01026	0.00606	0.00700	0.00560	0.00373	0.00280	0.00093	0.00466	0.00233	0.00187	0.00560
18	0.87753	0.00843	0.00641	0.00574	0.00843	0.00978	0.00472	0.01282	0.00742	0.01957	0.00607	0.00709	0.00472	0.00405	0.00270	0.00135	0.00337	0.00236	0.00270	0.00472
19	0.00559	0.00398	0.00512	0.00584	0.00617	0.00378	0.00391	0.00634	0.00824	0.01096	0.05087	0.59612	0.05835	0.15832	0.02624	0.00229	0.00304	0.03760	0.00379	0.00344
20	0.01057	0.00907	0.00968	0.00878	0.01114	0.01049	0.00684	0.02221	0.75999	0.01779	0.01761	0.01703	0.01347	0.00718	0.03932	0.00172	0.00381	0.02222	0.00434	0.00671
21	0.01629	0.02079	0.01236	0.01124	0.01348	0.82921	0.00843	0.01742	0.01236	0.01067	0.00674	0.00787	0.00562	0.00449	0.00393	0.00112	0.00787	0.00281	0.00225	0.00506
22	0.01758	0.00951	0.01129	0.00876	0.01207	0.00963	0.00720	0.36156	0.04964	0.42506	0.01445	0.03142	0.00984	0.00553	0.00440	0.00135	0.00415	0.00439	0.00488	0.00731
23	0.01150	0.00986	0.02978	0.00989	0.05266	0.01080	0.00752	0.11811	0.61086	0.03587	0.01633	0.04262	0.01254	0.00593	0.00445	0.00145	0.00375	0.00495	0.00426	0.00686
24	0.01029	0.01176	0.02574	0.01838	0.02279	0.01103	0.80368	0.01397	0.01029	0.01397	0.00882	0.01176	0.00662	0.00368	0.00515	0.00147	0.00735	0.00515	0.00221	0.00588
25	0.01166	0.84935	0.02285	0.00746	0.01119	0.01726	0.00746	0.01306	0.00886	0.01026	0.00606	0.00700	0.00560	0.00373	0.00280	0.00093	0.00466	0.00233	0.00187	0.00560
26	0.01073	0.03870	0.03421	0.09152	0.21609	0.03650	0.25416	0.05381	0.08896	0.02952	0.01068	0.01264	0.03861	0.00470	0.00520	0.00141	0.05940	0.00449	0.00259	0.00607
27	0.00594	0.00433	0.00572	0.00656	0.00725	0.00411	0.00503	0.00724	0.00930	0.01216	0.05872	0.43389	0.11932	0.01259	0.00566	0.00180	0.00300	0.28954	0.00407	0.00375
28	0.00595	0.00407	0.00494	0.00537	0.00549	0.00397	0.00332	0.00630	0.00724	0.00965	0.01811	0.35626	0.02130	0.49135	0.01512	0.00319	0.00354	0.02855	0.00324	0.00304
29	0.01137	0.01005	0.01660	0.11367	0.54742	0.01043	0.05242	0.06858	0.01056	0.06498	0.00879	0.01111	0.00699	0.00429	0.00483	0.00135	0.04350	0.00398	0.00248	0.00660
30	0.02743	0.05347	0.01270	0.15405	0.21549	0.05454	0.01869	0.05653	0.08749	0.10844	0.01229	0.12763	0.01086	0.02162	0.00493	0.01520	0.00464	0.00512	0.00311	0.00579
31	0.01327	0.01394	0.01295	0.03741	0.06011	0.36362	0.09095	0.06446	0.02658	0.06455	0.00905	0.02744	0.00738	0.00664	0.06614	0.00160	0.00661	0.00367	0.00269	0.12094

[dist]
# distance from previous block
# <min> <max>
0	21

[block]
# block no. 4 follows, 60 sequences, length 26
# corresponding to MSA columns:
# 832-857
name=unknown_E
#
# <colnr> <probs for GDERKNQSTAVLIFYWHMCP>
#	G	D	E	R	K	N	Q	S	T	A	V	L	I	F	Y	W	H	M	C	P
0	0.03416	0.02323	0.02496	0.05118	0.30265	0.08036	0.05647	0.02553	0.08200	0.04209	0.05938	0.03360	0.00995	0.00559	0.01875	0.00145	0.09021	0.00431	0.00273	0.05141
1	0.03204	0.03795	0.01338	0.05513	0.40084	0.02730	0.00973	0.02577	0.05479	0.02778	0.02322	0.09605	0.04609	0.00618	0.01715	0.00144	0.03131	0.02518	0.01205	0.05662
2	0.00540	0.00426	0.00483	0.00502	0.00607	0.00374	0.00361	0.00655	0.00984	0.01248	0.16865	0.23863	0.46553	0.03815	0.00580	0.00162	0.00233	0.00968	0.00413	0.00369
3	0.01119	0.04079	0.01052	0.00889	0.01145	0.01123	0.00700	0.06511	0.73894	0.01845	0.01692	0.01561	0.01271	0.00580	0.00437	0.00145	0.00357	0.00478	0.00434	0.00688
4	0.81628	0.00852	0.00677	0.00596	0.00871	0.00978	0.00491	0.03963	0.00805	0.05021	0.00664	0.00749	0.00504	0.00414	0.00282	0.00135	0.00343	0.00249	0.00286	0.00492
5	0.12576	0.00790	0.00964	0.00750	0.01081	0.00730	0.00615	0.05304	0.05231	0.54618	0.01437	0.01303	0.00948	0.00498	0.00403	0.00127	0.00364	0.00392	0.00462	0.11409
6	0.01040	0.00991	0.01338	0.02714	0.09234	0.02767	0.00958	0.08300	0.05692	0.01287	0.00733	0.01035	0.00658	0.00745	0.03165	0.00187	0.58001	0.00390	0.00232	0.00533
7	0.00561	0.00401	0.00539	0.00632	0.00673	0.00379	0.00448	0.00663	0.00883	0.01178	0.06967	0.68187	0.02901	0.01316	0.00561	0.00178	0.00272	0.12488	0.00409	0.00364
8	0.00715	0.00526	0.00770	0.00840	0.00953	0.00524	0.03564	0.00921	0.01005	0.01309	0.02258	0.04785	0.02444	0.01175	0.00599	0.00199	0.00414	0.76197	0.00395	0.00408
9	0.00921	0.00537	0.00609	0.00559	0.00676	0.00539	0.00403	0.08904	0.02792	0.09034	0.09092	0.07986	0.01624	0.24353	0.00912	0.00208	0.00315	0.00570	0.29532	0.00434
10	0.28795	0.00687	0.00711	0.00631	0.00852	0.01939	0.00498	0.02356	0.03086	0.21584	0.08700	0.10860	0.13723	0.00783	0.02822	0.00158	0.00341	0.00565	0.00395	0.00512
11	0.00538	0.00383	0.00500	0.00593	0.00627	0.00356	0.00398	0.00619	0.00845	0.01131	0.02478	0.78078	0.06812	0.01330	0.00548	0.00174	0.00250	0.01201	0.02781	0.00356
12	0.01629	0.02079	0.01236	0.01124	0.01348	0.82921	0.00843	0.01742	0.01236	0.01067	0.00674	0.00787	0.00562	0.00449	0.00393	0.00112	0.00787	0.00281	0.00225	0.00506
13	0.01982	0.00509	0.00622	0.00635	0.00723	0.00503	0.00451	0.04198	0.06152	0.07620	0.05478	0.38844	0.04373	0.18907	0.00886	0.00221	0.00323	0.06770	0.00391	0.00412
14	0.01745	0.00442	0.00521	0.00530	0.00588	0.00426	0.00355	0.00769	0.00820	0.04833	0.07800	0.16854	0.08776	0.39874	0.01295	0.00278	0.00337	0.05551	0.07862	0.00345
15	0.00901	0.00706	0.00737	0.00668	0.00852	0.04910	0.00521	0.13047	0.08401	0.05677	0.17730	0.06942	0.30918	0.00886	0.00494	0.00145	0.00317	0.05235	0.00425	0.00489
16	0.03710	0.00505	0.00566	0.00554	0.00650	0.00505	0.00391	0.00941	0.09962	0.02443	0.18014	0.09218	0.13606	0.26593	0.01009	0.00229	0.00306	0.02989	0.07417	0.00393
17	0.06084	0.00496	0.00584	0.00569	0.00696	0.00463	0.00421	0.02237	0.01017	0.09586	0.21461	0.22581	0.23198	0.05096	0.00604	0.01519	0.00268	0.02282	0.00418	0.00419
18	0.00740	0.00527	0.00604	0.00622	0.00661	0.06310	0.00424	0.02203	0.00766	0.00984	0.03605	0.28348	0.02938	0.09495	0.04104	0.35992	0.00394	0.00698	0.00286	0.00299
19	0.01309	0.01366	0.01086	0.00974	0.01210	0.32088	0.00747	0.07911	0.41042	0.01571	0.01310	0.03681	0.01036	0.00606	0.01993	0.00145	0.00536	0.00426	0.00355	0.00609
20	0.03190	0.00594	0.00686	0.00658	0.00792	0.00604	0.00481	0.08204	0.12823	0.07531	0.08355	0.31734	0.10944	0.10510	0.00694	0.00186	0.00310	0.00827	0.00410	0.00467
21	0.13422	0.00619	0.00713	0.00653	0.00822	0.00618	0.00491	0.07060	0.04022	0.16892	0.12660	0.26201	0.03276	0.08316	0.00618	0.00173	0.00317	0.00715	0.00410	0.02004
22	0.00702	0.00494	0.00696	0.00679	0.00766	0.00558	0.00520	0.03570	0.00764	0.03176	0.01209	0.01796	0.01129	0.11205	0.66520	0.00615	0.01010	0.00478	0.03716	0.00399
23	0.00832	0.00580	0.00695	0.00698	0.00822	0.00597	0.00514	0.01242	0.22919	0.08735	0.04199	0.39346	0.04904	0.05838	0.00611	0.00179	0.00306	0.06079	0.00421	0.00482
24	0.03715	0.00536	0.00659	0.00633	0.00771	0.00515	0.00475	0.03893	0.04759	0.14506	0.17623	0.29051	0.10054	0.03448	0.01772	0.00169	0.00298	0.03889	0.02770	0.00464
25	0.00689	0.00545	0.00600	0.00599	0.00712	0.03120	0.00434	0.02376	0.09014	0.02808	0.20534	0.27117	0.22956	0.05722	0.00609	0.00168	0.00276	0.00888	0.00415	0.00418

[dist]
# distance from previous block
# <min> <max>
1	4

[block]
# block no. 5 follows, 60 sequences, length 14
# corresponding to MSA columns:
# 862-875
name=unknown_F
#
# <colnr> <probs for GDERKNQSTAVLIFYWHMCP>
#	G	D	E	R	K	N	Q	S	T	A	V	L	I	F	Y	W	H	M	C	P
0	0.03887	0.06768	0.04107	0.20766	0.07115	0.02360	0.05931	0.07452	0.16237	0.01502	0.01014	0.01192	0.00794	0.02380	0.00444	0.00132	0.00468	0.00383	0.03362	0.13706
1	0.02996	0.09254	0.09848	0.04468	0.06747	0.16401	0.08353	0.17567	0.06143	0.04645	0.02232	0.02992	0.00803	0.00521	0.01725	0.00136	0.00564	0.00387	0.00294	0.03925
2	0.00987	0.01471	0.24378	0.01676	0.02172	0.01078	0.58859	0.01393	0.01000	0.01393	0.00855	0.01107	0.00632	0.00380	0.00487	0.00145	0.00711	0.00462	0.00211	0.00604
3	0.02588	0.00477	0.00617	0.00647	0.03625	0.00447	0.00439	0.00839	0.00901	0.09671	0.12413	0.24612	0.16290	0.09046	0.02780	0.12739	0.00321	0.00790	0.00371	0.00388
4	0.01106	0.10499	0.06075	0.06377	0.06675	0.04931	0.10848	0.11370	0.08621	0.06300	0.03969	0.08012	0.04221	0.00598	0.00498	0.00140	0.05215	0.01929	0.02041	0.00576
5	0.07097	0.07299	0.05971	0.06363	0.08625	0.09360	0.02122	0.05346	0.08041	0.03245	0.01026	0.01349	0.00875	0.02739	0.24371	0.00303	0.02862	0.02216	0.00264	0.00526
6	0.04585	0.00851	0.00980	0.00809	0.01077	0.00885	0.00643	0.18870	0.22017	0.28913	0.05541	0.04600	0.01301	0.06223	0.00561	0.00158	0.00378	0.00495	0.00456	0.00656
7	0.00763	0.00603	0.00849	0.05245	0.09896	0.00626	0.02494	0.02312	0.05740	0.03272	0.12181	0.24194	0.11016	0.03805	0.04664	0.03070	0.05077	0.00751	0.02990	0.00451
8	0.01279	0.06913	0.04770	0.05125	0.10091	0.24102	0.05414	0.08820	0.08032	0.07799	0.01034	0.05004	0.00861	0.02579	0.02997	0.03330	0.00581	0.00413	0.00290	0.00568
9	0.00673	0.00499	0.00685	0.00675	0.00733	0.00503	0.04631	0.00770	0.00810	0.01084	0.06402	0.10940	0.02025	0.42120	0.01410	0.00301	0.03163	0.21910	0.00323	0.00343
10	0.00614	0.00438	0.00525	0.00540	0.00642	0.00391	0.00391	0.00736	0.00999	0.04694	0.21340	0.27370	0.32045	0.04489	0.00595	0.00166	0.00246	0.02970	0.00422	0.00386
11	0.01230	0.01119	0.05572	0.03985	0.11071	0.07079	0.09752	0.14450	0.11080	0.09951	0.03084	0.01306	0.02831	0.01960	0.00629	0.00149	0.13378	0.00436	0.00320	0.00615
12	0.03039	0.01044	0.03649	0.02366	0.16998	0.12884	0.06313	0.06192	0.03337	0.09175	0.01362	0.14206	0.03642	0.00687	0.00546	0.00148	0.07407	0.06134	0.00315	0.00556
13	0.00984	0.38355	0.03994	0.00828	0.01053	0.06494	0.00744	0.01132	0.00820	0.01038	0.00790	0.01070	0.00730	0.01356	0.26739	0.00303	0.12537	0.00334	0.00205	0.00493

[dist]
# distance from previous block
# <min> <max>
2	3

[block]
# block no. 6 follows, 60 sequences, length 80
# corresponding to MSA columns:
# 880-959
name=unknown_G
#
# <colnr> <probs for GDERKNQSTAVLIFYWHMCP>
#	G	D	E	R	K	N	Q	S	T	A	V	L	I	F	Y	W	H	M	C	P
0	0.00713	0.00492	0.00575	0.00541	0.00686	0.00441	0.00409	0.03824	0.01123	0.08065	0.30375	0.10540	0.38621	0.00986	0.00509	0.00145	0.00241	0.00844	0.00443	0.00427
1	0.04921	0.00482	0.00603	0.00622	0.00712	0.00467	0.00451	0.03676	0.00935	0.07280	0.10514	0.40792	0.07085	0.05185	0.02189	0.06932	0.00311	0.06058	0.00391	0.00396
2	0.04730	0.00768	0.01016	0.12385	0.09538	0.04052	0.03782	0.04898	0.07098	0.04394	0.03932	0.08007	0.11844	0.02764	0.12164	0.00231	0.03830	0.03756	0.00312	0.00499
3	0.00922	0.32237	0.05371	0.00786	0.01010	0.07331	0.00703	0.01082	0.00824	0.01043	0.00913	0.02966	0.00850	0.01728	0.37873	0.00377	0.02919	0.00373	0.00216	0.00476
4	0.00533	0.00411	0.00487	0.00539	0.00620	0.00366	0.00380	0.00633	0.00928	0.01182	0.08020	0.44919	0.35628	0.01227	0.00538	0.00163	0.00239	0.02412	0.00409	0.00364
5	0.00674	0.00443	0.00569	0.00610	0.00687	0.00413	0.00436	0.00804	0.02509	0.07163	0.12333	0.48826	0.10197	0.05671	0.00629	0.00181	0.00275	0.06768	0.00417	0.00396
6	0.04521	0.00812	0.04454	0.00841	0.02555	0.00787	0.02657	0.07592	0.24610	0.15773	0.06940	0.19396	0.04087	0.00765	0.00470	0.00150	0.00355	0.02226	0.00424	0.00585
7	0.00628	0.00446	0.00594	0.00594	0.00635	0.00487	0.00412	0.00710	0.00669	0.00933	0.01266	0.02256	0.01326	0.41959	0.44577	0.00569	0.00814	0.00547	0.00248	0.00330
8	0.14968	0.00837	0.00990	0.00775	0.01095	0.00820	0.00639	0.16920	0.01312	0.51819	0.01411	0.01288	0.00924	0.00515	0.00407	0.00133	0.00381	0.00398	0.03682	0.00688
9	0.02131	0.00464	0.00561	0.00549	0.00666	0.00423	0.00401	0.00879	0.01015	0.10421	0.23453	0.22459	0.21594	0.06346	0.00607	0.00165	0.00255	0.00844	0.06352	0.00416
10	0.00745	0.00405	0.00432	0.00447	0.00522	0.00401	0.00314	0.00898	0.00861	0.01433	0.01561	0.14071	0.01450	0.13233	0.00629	0.00161	0.00243	0.00564	0.61254	0.00377
11	0.87753	0.00843	0.00641	0.00574	0.00843	0.00978	0.00472	0.01282	0.00742	0.01957	0.00607	0.00709	0.00472	0.00405	0.00270	0.00135	0.00337	0.00236	0.00270	0.00472
12	0.06538	0.00841	0.01050	0.00809	0.01145	0.00798	0.00669	0.17350	0.01377	0.62420	0.01529	0.01357	0.00981	0.00529	0.00429	0.00134	0.00390	0.00419	0.00505	0.00728
13	0.00588	0.00431	0.00533	0.00563	0.00656	0.00391	0.00414	0.00721	0.01007	0.02732	0.23887	0.31890	0.25865	0.01138	0.00535	0.00159	0.00246	0.07432	0.00427	0.00384
14	0.87753	0.00843	0.00641	0.00574	0.00843	0.00978	0.00472	0.01282	0.00742	0.01957	0.00607	0.00709	0.00472	0.00405	0.00270	0.00135	0.00337	0.00236	0.00270	0.00472
15	0.01029	0.01176	0.02574	0.01838	0.02279	0.01103	0.80368	0.01397	0.01029	0.01397	0.00882	0.01176	0.00662	0.00368	0.00515	0.00147	0.00735	0.00515	0.00221	0.00588
16	0.00633	0.00432	0.00469	0.00460	0.00581	0.00392	0.00345	0.00798	0.01035	0.01468	0.24335	0.03162	0.36312	0.00866	0.00451	0.00131	0.00211	0.00729	0.26798	0.00392
