[name]
unknown

[dist]
# distance from previous block
# <min> <max>
0	48

[block]
# block no. 0 follows, 73 sequences, length 10
# corresponding to MSA columns:
# 48-57
name=unknown_A
#
# <colnr> <probs for GDERKNQSTAVLIFYWHMCP>
#	G	D	E	R	K	N	Q	S	T	A	V	L	I	F	Y	W	H	M	C	P
0	0.00635	0.00406	0.00508	0.00519	0.00606	0.00386	0.00378	0.00768	0.04564	0.09519	0.07176	0.34146	0.16924	0.07030	0.05499	0.02516	0.00288	0.05034	0.02745	0.00353
1	0.00845	0.05581	0.01214	0.13383	0.32471	0.03214	0.04622	0.02174	0.03119	0.03578	0.00897	0.03511	0.03228	0.00780	0.11694	0.04383	0.04245	0.00376	0.00208	0.00477
2	0.00889	0.38183	0.43897	0.00874	0.01305	0.04260	0.01021	0.01196	0.03285	0.01059	0.00631	0.00725	0.00498	0.00347	0.00307	0.00102	0.00486	0.00248	0.00167	0.00520
3	0.00456	0.00369	0.00406	0.00422	0.00521	0.00318	0.00307	0.00554	0.00848	0.01056	0.12414	0.21874	0.57185	0.00980	0.00451	0.00131	0.00195	0.00840	0.00356	0.00318
4	0.00756	0.00533	0.00617	0.00585	0.00718	0.00546	0.00443	0.05394	0.21361	0.08337	0.12207	0.20021	0.13310	0.05952	0.00515	0.00146	0.00262	0.05394	0.02475	0.00428
5	0.00842	0.00601	0.00622	0.00577	0.00681	0.10321	0.00421	0.03323	0.02250	0.12727	0.05721	0.06979	0.01236	0.24613	0.19168	0.00287	0.00496	0.00470	0.08292	0.00374
6	0.77826	0.00769	0.00627	0.00542	0.00783	0.00884	0.00447	0.11960	0.00787	0.01773	0.00572	0.00648	0.00437	0.00362	0.00251	0.00116	0.00306	0.00221	0.00251	0.00437
7	0.10679	0.00886	0.00985	0.00763	0.01053	0.00936	0.00630	0.48875	0.01428	0.28396	0.01045	0.00990	0.00706	0.00444	0.00361	0.00114	0.00370	0.00336	0.00389	0.00614
8	0.00687	0.00462	0.00529	0.00488	0.00628	0.00427	0.00371	0.04079	0.06349	0.11388	0.19278	0.08138	0.41340	0.03548	0.00477	0.00132	0.00226	0.00686	0.00375	0.00391
9	0.01618	0.00744	0.00936	0.00718	0.01010	0.00708	0.00593	0.22652	0.01250	0.63661	0.01332	0.01181	0.00854	0.00461	0.00377	0.00115	0.00343	0.00367	0.00442	0.00638

[dist]
# distance from previous block
# <min> <max>
0	14

[block]
# block no. 1 follows, 73 sequences, length 22
# corresponding to MSA columns:
# 72-93
name=unknown_B
#
# <colnr> <probs for GDERKNQSTAVLIFYWHMCP>
#	G	D	E	R	K	N	Q	S	T	A	V	L	I	F	Y	W	H	M	C	P
0	0.86479	0.00724	0.00571	0.03367	0.00788	0.00841	0.00428	0.01098	0.00642	0.01659	0.00527	0.00623	0.00409	0.00349	0.00237	0.00116	0.00297	0.00208	0.00230	0.00407
1	0.01220	0.00583	0.00748	0.00640	0.00849	0.00549	0.00531	0.09686	0.01057	0.42098	0.05040	0.02030	0.02839	0.00611	0.00399	0.00125	0.00308	0.18837	0.11333	0.00519
2	0.00699	0.00443	0.00530	0.00512	0.00626	0.00420	0.00379	0.03045	0.07015	0.11418	0.16670	0.26569	0.19269	0.03329	0.00468	0.00135	0.00229	0.00720	0.07136	0.00388
3	0.84516	0.00721	0.00569	0.00503	0.00739	0.00825	0.00414	0.01144	0.00663	0.06365	0.00576	0.00647	0.00436	0.00355	0.00240	0.00116	0.00292	0.00213	0.00245	0.00419
4	0.00919	0.00882	0.01506	0.05830	0.81020	0.00889	0.01147	0.01143	0.00850	0.01214	0.00704	0.00932	0.00590	0.00336	0.00372	0.00112	0.00448	0.00334	0.00185	0.00587
5	0.00531	0.00409	0.00487	0.00498	0.00582	0.00392	0.00358	0.00742	0.09860	0.01189	0.26746	0.31119	0.20383	0.04322	0.00506	0.00142	0.00214	0.00801	0.00366	0.00350
6	0.00480	0.00381	0.00428	0.00416	0.00525	0.00332	0.00310	0.00604	0.00927	0.01195	0.34716	0.03270	0.51138	0.03038	0.00480	0.00129	0.00189	0.00742	0.00370	0.00329
7	0.00752	0.01941	0.84871	0.01069	0.01624	0.00871	0.01386	0.01188	0.00792	0.01188	0.00673	0.00792	0.00475	0.00356	0.00356	0.00119	0.00554	0.00277	0.00158	0.00554
8	0.00539	0.00389	0.00538	0.00538	0.00582	0.00433	0.00387	0.00628	0.00584	0.00823	0.01065	0.01805	0.01082	0.31168	0.57171	0.00522	0.00788	0.00450	0.00210	0.00299
9	0.00778	0.00667	0.00778	0.00556	0.00889	0.00500	0.00445	0.00945	0.00778	0.01223	0.00667	0.00778	0.00556	0.00278	0.00278	0.00056	0.00278	0.00222	0.00222	0.89108
10	0.00530	0.00358	0.00416	0.00430	0.00436	0.00354	0.00251	0.00546	0.00588	0.00786	0.03455	0.16661	0.01608	0.70162	0.01631	0.00322	0.00334	0.00637	0.00252	0.00244
11	0.01003	0.87041	0.01966	0.00642	0.00963	0.01485	0.00642	0.01123	0.00762	0.00883	0.00522	0.00602	0.00481	0.00321	0.00241	0.00080	0.00401	0.00201	0.00160	0.00481
12	0.00933	0.00806	0.00848	0.00764	0.00976	0.00933	0.00594	0.01994	0.83797	0.01569	0.01527	0.01400	0.01145	0.00509	0.00382	0.00127	0.00297	0.00424	0.00382	0.00594
13	0.00502	0.00393	0.00456	0.00438	0.00547	0.00352	0.00329	0.00665	0.03101	0.01286	0.46086	0.03128	0.39673	0.00842	0.00441	0.00122	0.00186	0.00723	0.00383	0.00343
14	0.00929	0.00891	0.01523	0.02303	0.84475	0.00891	0.01151	0.01151	0.00854	0.01226	0.00706	0.00929	0.00594	0.00334	0.00371	0.00111	0.00446	0.00334	0.00186	0.00594
15	0.00531	0.00383	0.00501	0.00472	0.00560	0.00354	0.00354	0.00708	0.01062	0.01504	0.84277	0.02802	0.03540	0.00767	0.00442	0.00118	0.00177	0.00678	0.00413	0.00354
16	0.00717	0.00675	0.01141	0.82701	0.05731	0.00836	0.01046	0.00966	0.00754	0.00969	0.00668	0.00997	0.00504	0.00374	0.00375	0.00125	0.00498	0.00333	0.00167	0.00424
17	0.00465	0.00332	0.00444	0.00531	0.00556	0.00311	0.00361	0.00536	0.00726	0.00966	0.02064	0.82327	0.02465	0.01168	0.00481	0.00153	0.00224	0.05234	0.00348	0.00307
18	0.00886	0.01012	0.02214	0.01581	0.01961	0.00949	0.83112	0.01202	0.00886	0.01202	0.00759	0.01012	0.00569	0.00316	0.00443	0.00127	0.00633	0.00443	0.00190	0.00506
19	0.01117	0.00845	0.00930	0.00779	0.01012	0.00949	0.00624	0.34573	0.36216	0.05755	0.01206	0.01202	0.00904	0.00776	0.11170	0.00181	0.00435	0.00384	0.00360	0.00581
20	0.01082	0.04111	0.01643	0.01237	0.04701	0.05881	0.40958	0.19558	0.05665	0.06890	0.00905	0.04010	0.00700	0.00402	0.00405	0.00120	0.00517	0.00411	0.00264	0.00540
21	0.11344	0.02323	0.03179	0.00886	0.02334	0.07366	0.14735	0.12987	0.02167	0.05012	0.02184	0.00878	0.00615	0.00385	0.00421	0.00104	0.08561	0.00306	0.00245	0.23964

[dist]
# distance from previous block
# <min> <max>
0	6

[block]
# block no. 2 follows, 73 sequences, length 17
# corresponding to MSA columns:
# 100-116
name=unknown_C
#
# <colnr> <probs for GDERKNQSTAVLIFYWHMCP>
#	G	D	E	R	K	N	Q	S	T	A	V	L	I	F	Y	W	H	M	C	P
0	0.01998	0.00594	0.03804	0.00602	0.00705	0.00595	0.01989	0.09163	0.03721	0.02449	0.01021	0.01763	0.01037	0.44872	0.10731	0.00298	0.07957	0.00445	0.00240	0.06016
1	0.00870	0.00825	0.04931	0.13471	0.11028	0.04565	0.01833	0.10857	0.05419	0.02444	0.02141	0.07186	0.05254	0.00467	0.00397	0.00106	0.04034	0.00387	0.00251	0.23534
2	0.16047	0.03580	0.00981	0.00772	0.01035	0.06964	0.00628	0.40545	0.18875	0.05447	0.00961	0.00949	0.00704	0.00438	0.00346	0.00114	0.00382	0.00324	0.00337	0.00571
3	0.01011	0.00793	0.00863	0.00735	0.00977	0.00862	0.00580	0.08380	0.59229	0.08131	0.01354	0.01264	0.01006	0.00469	0.00367	0.00115	0.00305	0.00386	0.00366	0.12807
4	0.00552	0.00360	0.00465	0.00495	0.00528	0.00350	0.00335	0.00585	0.03749	0.00876	0.03390	0.31912	0.09679	0.14552	0.00992	0.26790	0.00277	0.03573	0.00276	0.00265
5	0.02782	0.23690	0.01472	0.01004	0.07154	0.05159	0.10379	0.23787	0.02997	0.05859	0.00867	0.03578	0.00722	0.00470	0.00432	0.00120	0.06686	0.02012	0.00275	0.00554
6	0.00725	0.00425	0.00472	0.00463	0.00574	0.00428	0.00363	0.00985	0.09343	0.05031	0.08492	0.02012	0.06227	0.00582	0.00339	0.00109	0.00217	0.11102	0.51727	0.00385
7	0.00462	0.00376	0.00390	0.00391	0.00495	0.00325	0.00280	0.00544	0.00811	0.00984	0.05868	0.05702	0.66967	0.13964	0.00667	0.00163	0.00217	0.00759	0.00332	0.00304
8	0.00945	0.00847	0.01406	0.17114	0.36152	0.00886	0.13504	0.09359	0.05350	0.04863	0.02861	0.02364	0.00721	0.00393	0.00399	0.00119	0.01565	0.00377	0.00232	0.00542
9	0.00818	0.04008	0.03331	0.04278	0.12845	0.04401	0.14645	0.07228	0.04486	0.01138	0.00879	0.03717	0.00770	0.01993	0.27704	0.00278	0.06417	0.00392	0.00216	0.00456
10	0.00909	0.00773	0.00813	0.00726	0.00934	0.00877	0.00566	0.07256	0.68690	0.01558	0.01749	0.01623	0.10761	0.00556	0.00388	0.00126	0.00292	0.00461	0.00377	0.00565
11	0.00532	0.00384	0.00520	0.00523	0.00576	0.00412	0.00379	0.00614	0.00627	0.00862	0.03846	0.05007	0.09542	0.21907	0.47383	0.05168	0.00685	0.00503	0.00232	0.00299
12	0.00898	0.00839	0.02463	0.20307	0.21759	0.03652	0.11848	0.01161	0.06316	0.06793	0.03671	0.02612	0.00743	0.00447	0.00529	0.00127	0.14741	0.00378	0.00221	0.00496
13	0.01085	0.02342	0.03891	0.13198	0.09902	0.37938	0.06422	0.03491	0.04627	0.01051	0.00707	0.03432	0.00598	0.00432	0.00452	0.00115	0.09328	0.00323	0.00202	0.00464
14	0.00769	0.07630	0.79328	0.01041	0.01580	0.00912	0.01336	0.01184	0.00790	0.01168	0.00663	0.00779	0.00476	0.00354	0.00349	0.00116	0.00544	0.00272	0.00159	0.00550
15	0.85510	0.00733	0.00595	0.00574	0.04467	0.00844	0.00440	0.01105	0.00648	0.01663	0.00531	0.00624	0.00415	0.00348	0.00238	0.00116	0.00297	0.00209	0.00230	0.00415
16	0.00490	0.00364	0.00423	0.00442	0.00502	0.00334	0.00301	0.00564	0.00763	0.00988	0.13265	0.24224	0.28523	0.24504	0.00855	0.00198	0.00246	0.02396	0.00324	0.00295

[dist]
# distance from previous block
# <min> <max>
0	1

[block]
# block no. 3 follows, 73 sequences, length 34
# corresponding to MSA columns:
# 118-151
name=unknown_D
#
# <colnr> <probs for GDERKNQSTAVLIFYWHMCP>
#	G	D	E	R	K	N	Q	S	T	A	V	L	I	F	Y	W	H	M	C	P
0	0.02848	0.02452	0.02035	0.23069	0.22809	0.18902	0.00857	0.01118	0.02935	0.02545	0.03343	0.06743	0.03066	0.01432	0.00419	0.00120	0.03364	0.01268	0.00216	0.00462
1	0.89465	0.00726	0.00551	0.00493	0.00726	0.00842	0.00406	0.01103	0.00638	0.01683	0.00522	0.00609	0.00406	0.00348	0.00232	0.00116	0.00290	0.00203	0.00232	0.00406
2	0.00539	0.00361	0.00411	0.00418	0.00420	0.00359	0.00237	0.00544	0.00559	0.00745	0.01250	0.08949	0.01450	0.80203	0.01799	0.00347	0.00352	0.00586	0.00237	0.00233
3	0.00541	0.00395	0.00573	0.00573	0.00629	0.00450	0.00432	0.00648	0.00592	0.00845	0.01019	0.01598	0.00988	0.14243	0.71496	0.03143	0.00898	0.00419	0.00203	0.00315
4	0.00883	0.00897	0.01693	0.16988	0.38638	0.00907	0.30590	0.02621	0.00863	0.01190	0.00721	0.00971	0.00569	0.00337	0.00398	0.00119	0.00522	0.00373	0.00187	0.00532
5	0.89465	0.00726	0.00551	0.00493	0.00726	0.00842	0.00406	0.01103	0.00638	0.01683	0.00522	0.00609	0.00406	0.00348	0.00232	0.00116	0.00290	0.00203	0.00232	0.00406
6	0.00472	0.00357	0.00434	0.00473	0.00541	0.00322	0.00337	0.00566	0.00815	0.01058	0.14680	0.42003	0.29220	0.02931	0.00495	0.00144	0.00211	0.04268	0.00355	0.00316
7	0.15826	0.00871	0.03931	0.08910	0.14789	0.03130	0.00740	0.21076	0.05367	0.13527	0.00964	0.01086	0.02262	0.00430	0.00353	0.00116	0.00388	0.02819	0.00296	0.03119
8	0.01409	0.00892	0.01007	0.00780	0.01063	0.00937	0.00640	0.55278	0.01505	0.22671	0.02705	0.03757	0.02213	0.00486	0.00379	0.00113	0.00372	0.00381	0.00393	0.03019
9	0.00778	0.00667	0.00778	0.00556	0.00889	0.00500	0.00445	0.00945	0.00778	0.01223	0.00667	0.00778	0.00556	0.00278	0.00278	0.00056	0.00278	0.00222	0.00222	0.89108
10	0.00497	0.00365	0.00474	0.00537	0.00596	0.00341	0.00400	0.00603	0.00806	0.01058	0.10272	0.47144	0.14177	0.01071	0.00480	0.00150	0.00240	0.20116	0.00354	0.00321
11	0.00647	0.00410	0.00504	0.00489	0.00583	0.00381	0.00361	0.01794	0.00872	0.09345	0.25690	0.11757	0.16767	0.17333	0.00722	0.00174	0.00252	0.08216	0.03353	0.00348
12	0.87292	0.00723	0.00559	0.00498	0.00731	0.00834	0.00410	0.01121	0.00649	0.03739	0.00546	0.00626	0.00419	0.00351	0.00236	0.00116	0.00291	0.00207	0.00238	0.00412
13	0.01646	0.00670	0.00886	0.00683	0.00971	0.00601	0.00563	0.07060	0.03360	0.77192	0.01444	0.01256	0.00916	0.00465	0.00377	0.00116	0.00325	0.00376	0.00456	0.00637
14	0.03728	0.00606	0.00721	0.00589	0.00798	0.00588	0.00471	0.14963	0.01058	0.37615	0.02453	0.01448	0.03588	0.06952	0.00465	0.00128	0.00297	0.01531	0.21486	0.00514
15	0.00723	0.00403	0.00538	0.00557	0.00642	0.00370	0.00405	0.00816	0.00811	0.17870	0.05246	0.54516	0.03328	0.04366	0.00516	0.00153	0.00253	0.07743	0.00369	0.00375
16	0.00752	0.01941	0.84871	0.01069	0.01624	0.00871	0.01386	0.01188	0.00792	0.01188	0.00673	0.00792	0.00475	0.00356	0.00356	0.00119	0.00554	0.00277	0.00158	0.00554
17	0.01253	0.01375	0.00968	0.00863	0.01052	0.53490	0.00661	0.08986	0.07297	0.04987	0.06497	0.01023	0.00828	0.00515	0.02679	0.00119	0.02632	0.01532	0.02781	0.00462
18	0.01637	0.00713	0.00917	0.00703	0.00995	0.00661	0.00580	0.16456	0.01198	0.69932	0.01376	0.01209	0.00876	0.00462	0.00377	0.00115	0.00336	0.00370	0.00448	0.00638
19	0.00753	0.00520	0.00598	0.00539	0.00681	0.00522	0.00418	0.10577	0.10802	0.05799	0.34026	0.03873	0.14045	0.00681	0.00403	0.00118	0.00233	0.02662	0.12328	0.00423
20	0.00457	0.00326	0.00435	0.00522	0.00544	0.00305	0.00348	0.00522	0.00718	0.00958	0.02068	0.86570	0.02481	0.01175	0.00479	0.00152	0.00218	0.01067	0.00348	0.00305
21	0.00546	0.00364	0.00409	0.00409	0.00409	0.00364	0.00227	0.00546	0.00546	0.00727	0.01182	0.02455	0.01364	0.86815	0.01910	0.00364	0.00364	0.00546	0.00227	0.00227
22	0.00687	0.00480	0.00577	0.00532	0.00628	0.00486	0.00388	0.12128	0.02801	0.03111	0.34376	0.11799	0.02212	0.20674	0.05356	0.00203	0.00308	0.00611	0.02275	0.00369
23	0.03275	0.00930	0.01016	0.00799	0.01074	0.01013	0.00652	0.56894	0.12182	0.12736	0.03316	0.01085	0.00827	0.01945	0.00401	0.00119	0.00376	0.00364	0.00383	0.00613
24	0.00538	0.00393	0.00555	0.00555	0.00606	0.00443	0.00409	0.00639	0.00589	0.00835	0.01049	0.01716	0.01043	0.23573	0.64713	0.00544	0.00846	0.00437	0.00207	0.00308
25	0.07692	0.03835	0.07412	0.06800	0.03714	0.51678	0.04470	0.08023	0.01025	0.01135	0.00625	0.00741	0.00498	0.00379	0.00340	0.00104	0.00590	0.00266	0.00205	0.00466
26	0.00782	0.00619	0.01054	0.07685	0.02360	0.00612	0.21702	0.02400	0.04284	0.09406	0.05217	0.12097	0.09227	0.04429	0.09486	0.06959	0.00459	0.00536	0.00273	0.00413
27	0.07418	0.00631	0.00751	0.00610	0.00837	0.00616	0.00491	0.10206	0.07319	0.43087	0.03545	0.01316	0.00974	0.04332	0.00417	0.00123	0.00298	0.00375	0.16112	0.00542
28	0.00979	0.00933	0.04175	0.01223	0.05376	0.00906	0.39456	0.16175	0.09615	0.05123	0.00993	0.04152	0.01960	0.00560	0.05419	0.00152	0.01579	0.00432	0.00263	0.00530
29	0.03442	0.18319	0.04344	0.04803	0.19542	0.09938	0.03635	0.11267	0.06052	0.06764	0.04328	0.00953	0.00728	0.00404	0.00379	0.00109	0.03903	0.00319	0.00243	0.00528
30	0.02008	0.00414	0.00525	0.00542	0.01801	0.00410	0.00378	0.00750	0.03806	0.06629	0.11221	0.21554	0.03860	0.25035	0.08826	0.02779	0.00353	0.06924	0.01853	0.00331
31	0.00496	0.00370	0.00447	0.00488	0.00542	0.00350	0.00333	0.00617	0.04914	0.01013	0.08784	0.48631	0.18352	0.12073	0.00648	0.00171	0.00232	0.00883	0.00340	0.00316
32	0.00998	0.10081	0.12572	0.04835	0.19787	0.08659	0.03777	0.07929	0.05078	0.08200	0.02704	0.02736	0.05044	0.00451	0.00407	0.00115	0.04578	0.01283	0.00245	0.00522
33	0.03489	0.04193	0.03053	0.08354	0.16173	0.16288	0.05603	0.04250	0.06118	0.06482	0.02477	0.04090	0.03170	0.00543	0.03048	0.01811	0.06996	0.00366	0.00237	0.03260

[dist]
# distance from previous block
# <min> <max>
1	17

[block]
# block no. 4 follows, 73 sequences, length 39
# corresponding to MSA columns:
# 169-207
name=unknown_E
#
# <colnr> <probs for GDERKNQSTAVLIFYWHMCP>
#	G	D	E	R	K	N	Q	S	T	A	V	L	I	F	Y	W	H	M	C	P
0	0.03671	0.04429	0.19200	0.02747	0.05283	0.01532	0.02238	0.03239	0.09539	0.01196	0.07227	0.19317	0.02181	0.07481	0.01758	0.00149	0.00369	0.02306	0.03030	0.03106
1	0.04149	0.06147	0.00813	0.00662	0.01701	0.04132	0.00512	0.27149	0.02806	0.02465	0.08011	0.26486	0.10462	0.00725	0.00402	0.00123	0.00313	0.00610	0.00338	0.01995
2	0.07977	0.04597	0.07328	0.00787	0.04642	0.02475	0.03134	0.18002	0.04183	0.05413	0.00831	0.02319	0.01640	0.00378	0.00335	0.00093	0.01442	0.00297	0.00264	0.33861
3	0.00582	0.00449	0.00523	0.00550	0.00621	0.01864	0.00395	0.02346	0.10913	0.01084	0.07367	0.38866	0.09978	0.13381	0.00668	0.00176	0.00268	0.09287	0.00337	0.00346
4	0.04054	0.00723	0.02703	0.00722	0.00918	0.03782	0.07262	0.17130	0.07214	0.04213	0.04424	0.12146	0.03796	0.00736	0.02958	0.12683	0.00370	0.01937	0.01664	0.10565
5	0.07737	0.06347	0.05643	0.03111	0.16968	0.04958	0.16016	0.10613	0.06160	0.02295	0.06456	0.03357	0.03800	0.00546	0.04243	0.00138	0.00462	0.00396	0.00250	0.00503
6	0.00775	0.00631	0.00909	0.02622	0.27733	0.00626	0.02045	0.02101	0.11280	0.06712	0.06720	0.15219	0.19750	0.00662	0.00412	0.00124	0.00314	0.00588	0.00306	0.00472
7	0.00605	0.00404	0.00486	0.00486	0.00577	0.00383	0.00357	0.03531	0.02580	0.04406	0.25926	0.26346	0.14720	0.02491	0.00451	0.00131	0.00214	0.02660	0.12893	0.00356
8	0.06585	0.00407	0.00485	0.00480	0.00574	0.00387	0.00349	0.00720	0.00818	0.07422	0.20376	0.22747	0.18991	0.07217	0.04360	0.04130	0.00265	0.00695	0.02651	0.00341
9	0.01250	0.00742	0.00827	0.00660	0.00890	0.00777	0.00537	0.40074	0.01310	0.19361	0.01125	0.01137	0.00801	0.00449	0.00340	0.00105	0.00318	0.00350	0.28400	0.00547
10	0.86041	0.00722	0.00564	0.00500	0.00735	0.00830	0.00412	0.01131	0.00655	0.04923	0.00560	0.00636	0.00427	0.00353	0.00238	0.00116	0.00291	0.00210	0.00241	0.00415
11	0.32241	0.00656	0.00722	0.00591	0.00840	0.00657	0.00486	0.03354	0.02625	0.44150	0.02456	0.01125	0.00811	0.00438	0.00323	0.00116	0.00300	0.01851	0.05726	0.00529
12	0.00551	0.00385	0.00438	0.00435	0.00478	0.00373	0.00280	0.00620	0.02648	0.01878	0.09953	0.03680	0.15293	0.56355	0.01391	0.00281	0.00312	0.04097	0.00279	0.00274
13	0.05367	0.00782	0.00943	0.00726	0.01017	0.00771	0.00600	0.29307	0.01288	0.53328	0.01243	0.01121	0.00808	0.00455	0.00370	0.00115	0.00350	0.00356	0.00424	0.00628
14	0.89465	0.00726	0.00551	0.00493	0.00726	0.00842	0.00406	0.01103	0.00638	0.01683	0.00522	0.00609	0.00406	0.00348	0.00232	0.00116	0.00290	0.00203	0.00232	0.00406
15	0.00949	0.00560	0.00666	0.00574	0.00728	0.00550	0.00436	0.16852	0.01037	0.19648	0.15129	0.08027	0.10352	0.18887	0.00727	0.00172	0.00301	0.02199	0.01771	0.00437
16	0.00710	0.00418	0.00495	0.00476	0.00576	0.00408	0.00363	0.03411	0.02333	0.06914	0.19924	0.03568	0.05715	0.09656	0.00562	0.02529	0.00240	0.10204	0.31136	0.00363
17	0.01422	0.00679	0.00851	0.00689	0.00949	0.00657	0.00557	0.01838	0.25422	0.57366	0.04368	0.01366	0.01083	0.00488	0.00381	0.00119	0.00308	0.00402	0.00438	0.00615
18	0.01426	0.01017	0.01110	0.02720	0.01182	0.01119	0.00711	0.76491	0.01700	0.07317	0.00931	0.00926	0.00653	0.00450	0.00375	0.00113	0.00409	0.00340	0.00376	0.00633
19	0.00537	0.00368	0.00444	0.00449	0.00465	0.00375	0.00278	0.00570	0.00589	0.00799	0.04790	0.08513	0.01476	0.64217	0.14254	0.00374	0.00441	0.00568	0.00240	0.00255
20	0.00507	0.00379	0.00462	0.00447	0.00536	0.00343	0.00328	0.00648	0.00963	0.01309	0.55457	0.06110	0.23774	0.06434	0.00540	0.00137	0.00194	0.00713	0.00382	0.00334
21	0.00457	0.00329	0.00433	0.00516	0.00543	0.00305	0.00346	0.00523	0.00724	0.00960	0.02143	0.82989	0.06014	0.01166	0.00477	0.00151	0.00216	0.01055	0.00348	0.00305
22	0.00933	0.00806	0.00848	0.00764	0.00976	0.00933	0.00594	0.01994	0.83797	0.01569	0.01527	0.01400	0.01145	0.00509	0.00382	0.00127	0.00297	0.00424	0.00382	0.00594
23	0.00778	0.00667	0.00778	0.00556	0.00889	0.00500	0.00445	0.00945	0.00778	0.01223	0.00667	0.00778	0.00556	0.00278	0.00278	0.00056	0.00278	0.00222	0.00222	0.89108
24	0.00500	0.00382	0.00458	0.00439	0.00541	0.00341	0.00329	0.00648	0.00988	0.01330	0.55604	0.03090	0.32322	0.00832	0.00443	0.00121	0.00182	0.00719	0.00390	0.00341
25	0.00752	0.01941	0.84871	0.01069	0.01624	0.00871	0.01386	0.01188	0.00792	0.01188	0.00673	0.00792	0.00475	0.00356	0.00356	0.00119	0.00554	0.00277	0.00158	0.00554
26	0.00457	0.00326	0.00435	0.00522	0.00544	0.00305	0.00348	0.00522	0.00718	0.00958	0.02068	0.86570	0.02481	0.01175	0.00479	0.00152	0.00218	0.01067	0.00348	0.00305
27	0.00496	0.00378	0.00456	0.00445	0.00541	0.00338	0.00330	0.00637	0.00967	0.01299	0.51113	0.09138	0.30781	0.00858	0.00445	0.00123	0.00184	0.00745	0.00386	0.00338
28	0.00929	0.00891	0.01523	0.02303	0.84475	0.00891	0.01151	0.01151	0.00854	0.01226	0.00706	0.00929	0.00594	0.00334	0.00371	0.00111	0.00446	0.00334	0.00186	0.00594
29	0.00754	0.00390	0.00391	0.00389	0.00480	0.00383	0.00288	0.00913	0.00821	0.01447	0.01273	0.01467	0.01009	0.00472	0.00286	0.00097	0.00195	0.00367	0.88200	0.00378
30	0.00944	0.00982	0.01563	0.10071	0.44718	0.09307	0.20023	0.01223	0.05240	0.01182	0.00745	0.00955	0.00597	0.00349	0.00386	0.00116	0.00509	0.00355	0.00196	0.00541
31	0.00514	0.00373	0.00491	0.00568	0.00613	0.00363	0.00414	0.00645	0.04315	0.01015	0.01998	0.61253	0.02315	0.03750	0.00528	0.00163	0.00255	0.19756	0.00345	0.00324
32	0.00886	0.01012	0.02214	0.01581	0.01961	0.00949	0.83112	0.01202	0.00886	0.01202	0.00759	0.01012	0.00569	0.00316	0.00443	0.00127	0.00633	0.00443	0.00190	0.00506
33	0.04364	0.00398	0.00495	0.00466	0.00564	0.00372	0.00351	0.00713	0.01029	0.01477	0.74944	0.02765	0.09143	0.00762	0.00433	0.00119	0.00183	0.00666	0.00401	0.00354
34	0.01214	0.08071	0.07461	0.04563	0.04311	0.02514	0.06552	0.31512	0.02824	0.18376	0.02187	0.03952	0.03826	0.00465	0.00374	0.00114	0.00409	0.00382	0.00325	0.00567
35	0.01328	0.01526	0.01063	0.04606	0.01200	0.64746	0.03147	0.04188	0.01053	0.07219	0.02683	0.02517	0.00637	0.00422	0.00369	0.00104	0.02219	0.00293	0.00226	0.00453
36	0.00534	0.00391	0.00487	0.00532	0.00591	0.00374	0.00376	0.06085	0.00832	0.01100	0.07910	0.60382	0.11729	0.02410	0.00490	0.00149	0.00233	0.04711	0.00353	0.00333
37	0.02751	0.00834	0.05376	0.02290	0.09644	0.03878	0.14571	0.09525	0.06948	0.10089	0.02534	0.09882	0.01841	0.00790	0.10175	0.00181	0.06067	0.01856	0.00274	0.00492
38	0.12337	0.02875	0.03416	0.04875	0.05246	0.15481	0.04645	0.17721	0.05882	0.03681	0.03114	0.04712	0.00818	0.00527	0.01973	0.00127	0.05786	0.03991	0.00268	0.02526

[dist]
# distance from previous block
# <min> <max>
3	41

[block]
# block no. 5 follows, 73 sequences, length 9
# corresponding to MSA columns:
# 260-268
name=unknown_F
#
# <colnr> <probs for GDERKNQSTAVLIFYWHMCP>
#	G	D	E	R	K	N	Q	S	T	A	V	L	I	F	Y	W	H	M	C	P
0	0.03046	0.02200	0.04058	0.05052	0.08396	0.06953	0.00706	0.10214	0.16773	0.03168	0.04844	0.01210	0.00889	0.00550	0.02995	0.00131	0.11633	0.04044	0.00270	0.12868
1	0.14070	0.00911	0.02314	0.04205	0.12324	0.04612	0.02206	0.26321	0.17724	0.04845	0.00987	0.04974	0.00779	0.00459	0.00371	0.00119	0.01555	0.00367	0.00307	0.00550
2	0.00546	0.00450	0.00522	0.00511	0.00615	0.03631	0.00389	0.00676	0.00838	0.01106	0.23064	0.08112	0.27247	0.01361	0.22629	0.00248	0.00429	0.03476	0.00315	0.03834
3	0.12584	0.00542	0.00610	0.01862	0.00725	0.00561	0.00437	0.11482	0.04507	0.04882	0.05579	0.21686	0.08967	0.08810	0.02735	0.05067	0.00309	0.05582	0.00314	0.02759
4	0.03969	0.03774	0.13188	0.03948	0.06620	0.04457	0.07751	0.17967	0.05250	0.02929	0.00785	0.00903	0.00607	0.00489	0.04501	0.00126	0.02047	0.00307	0.00245	0.20138
5	0.00656	0.00548	0.00669	0.00627	0.00753	0.00580	0.03609	0.01073	0.27272	0.01242	0.13512	0.18387	0.17362	0.03580	0.02647	0.00153	0.03496	0.03070	0.00347	0.00417
6	0.00546	0.00419	0.00466	0.00457	0.00578	0.00385	0.00346	0.00739	0.07649	0.03277	0.18614	0.08979	0.48803	0.00872	0.00437	0.00127	0.00207	0.03935	0.02808	0.00356
7	0.03876	0.00805	0.01268	0.17206	0.43100	0.00847	0.03992	0.10649	0.00933	0.03071	0.03965	0.04037	0.00785	0.03345	0.00429	0.00125	0.00430	0.00381	0.00228	0.00526
8	0.04196	0.10732	0.05196	0.03685	0.07799	0.04659	0.13915	0.15903	0.10834	0.11143	0.00937	0.01006	0.01997	0.00422	0.00419	0.00117	0.05874	0.00348	0.00274	0.00543

[dist]
# distance from previous block
# <min> <max>
0	1

[block]
# block no. 6 follows, 73 sequences, length 42
# corresponding to MSA columns:
# 270-311
name=unknown_G
#
# <colnr> <probs for GDERKNQSTAVLIFYWHMCP>
#	G	D	E	R	K	N	Q	S	T	A	V	L	I	F	Y	W	H	M	C	P
0	0.00557	0.00460	0.00500	0.00484	0.00603	0.01894	0.00362	0.00808	0.12237	0.01243	0.29511	0.09664	0.38610	0.00839	0.00436	0.00125	0.00211	0.00717	0.00371	0.00368
1	0.00498	0.00374	0.00470	0.00489	0.00561	0.00358	0.00354	0.00614	0.02305	0.01067	0.19094	0.27729	0.24088	0.02703	0.14138	0.03411	0.00336	0.00761	0.00330	0.00322
2	0.00899	0.00851	0.02282	0.20992	0.40166	0.02280	0.09883	0.05629	0.04485	0.02949	0.00814	0.03813	0.00670	0.00438	0.02129	0.00128	0.00476	0.00374	0.00212	0.00530
3	0.03509	0.04936	0.27849	0.09175	0.05852	0.09780	0.08504	0.08121	0.08193	0.02201	0.00780	0.00953	0.00605	0.00410	0.00419	0.00120	0.05891	0.01970	0.00215	0.00517
4	0.04122	0.13950	0.09970	0.20011	0.09568	0.13184	0.09071	0.04255	0.02550	0.01101	0.00662	0.00854	0.00532	0.00431	0.02129	0.00124	0.06517	0.00304	0.00188	0.00479
5	0.89465	0.00726	0.00551	0.00493	0.00726	0.00842	0.00406	0.01103	0.00638	0.01683	0.00522	0.00609	0.00406	0.00348	0.00232	0.00116	0.00290	0.00203	0.00232	0.00406
6	0.00493	0.00378	0.00444	0.00458	0.00538	0.00346	0.00326	0.00624	0.03476	0.01119	0.23567	0.26402	0.31933	0.07482	0.00563	0.00150	0.00211	0.00809	0.00357	0.00325
7	0.06302	0.00658	0.00917	0.09041	0.19881	0.00674	0.02067	0.08307	0.04856	0.11153	0.04186	0.16350	0.07418	0.04822	0.00467	0.00135	0.00345	0.00521	0.00297	0.01600
8	0.86963	0.00723	0.00561	0.00498	0.00732	0.00833	0.00410	0.01124	0.00651	0.04050	0.00550	0.00628	0.00421	0.00352	0.00236	0.00116	0.00291	0.00208	0.00239	0.00413
9	0.00475	0.00336	0.00438	0.00509	0.00530	0.00319	0.00336	0.00533	0.00692	0.00923	0.01907	0.70368	0.02271	0.14534	0.02406	0.00195	0.00258	0.02350	0.00326	0.00294
10	0.00649	0.00327	0.00486	0.00486	0.00486	0.00327	0.00323	0.00490	0.00490	0.00654	0.00667	0.01178	0.00672	0.03761	0.01479	0.86534	0.00327	0.00332	0.00165	0.00165
11	0.00899	0.00918	0.01557	0.11816	0.31134	0.04940	0.24968	0.03630	0.00848	0.01155	0.00727	0.02530	0.00610	0.02146	0.00524	0.00129	0.10393	0.00379	0.00192	0.00507
12	0.89465	0.00726	0.00551	0.00493	0.00726	0.00842	0.00406	0.01103	0.00638	0.01683	0.00522	0.00609	0.00406	0.00348	0.00232	0.00116	0.00290	0.00203	0.00232	0.00406
13	0.00769	0.00816	0.01648	0.01248	0.01497	0.00804	0.53410	0.00996	0.00811	0.01108	0.01068	0.22994	0.01053	0.00572	0.00533	0.00137	0.09273	0.00591	0.00228	0.00444
14	0.04879	0.00911	0.03892	0.00757	0.00986	0.06448	0.00621	0.38622	0.12667	0.04005	0.02303	0.09804	0.03447	0.03235	0.00431	0.00128	0.00373	0.03534	0.02430	0.00529
15	0.26279	0.00887	0.00901	0.00718	0.00988	0.00973	0.00588	0.46120	0.04473	0.05984	0.02229	0.02369	0.00682	0.00434	0.00333	0.00112	0.00355	0.00317	0.00332	0.04924
16	0.00933	0.00806	0.00848	0.00764	0.00976	0.00933	0.00594	0.01994	0.83797	0.01569	0.01527	0.01400	0.01145	0.00509	0.00382	0.00127	0.00297	0.00424	0.00382	0.00594
17	0.00548	0.00367	0.00453	0.00491	0.00530	0.00352	0.00335	0.00611	0.00696	0.03178	0.01825	0.33677	0.08249	0.32582	0.00998	0.00228	0.00287	0.11403	0.02896	0.00293
18	0.00515	0.00378	0.00436	0.00445	0.00544	0.00333	0.00324	0.00614	0.00846	0.04580	0.13828	0.24128	0.46201	0.02764	0.02198	0.00146	0.00221	0.00815	0.00356	0.00331
19	0.00709	0.00667	0.01125	0.85913	0.02584	0.00834	0.01042	0.00959	0.00750	0.00959	0.00667	0.01000	0.00500	0.00375	0.00375	0.00125	0.00500	0.00333	0.00167	0.00417
20	0.00752	0.01941	0.84871	0.01069	0.01624	0.00871	0.01386	0.01188	0.00792	0.01188	0.00673	0.00792	0.00475	0.00356	0.00356	0.00119	0.00554	0.00277	0.00158	0.00554
21	0.00957	0.00586	0.00670	0.00587	0.00754	0.00601	0.00466	0.17182	0.09085	0.13553	0.10801	0.03076	0.05009	0.04620	0.00444	0.00127	0.00280	0.07694	0.23045	0.00464
22	0.37441	0.00567	0.00537	0.00496	0.00660	0.01691	0.00382	0.00952	0.01959	0.09724	0.10631	0.10573	0.14849	0.07475	0.00467	0.00141	0.00268	0.00491	0.00308	0.00387
23	0.87273	0.00723	0.00559	0.00498	0.00731	0.00834	0.00410	0.01121	0.00649	0.03757	0.00546	0.00626	0.00419	0.00351	0.00236	0.00116	0.00291	0.00208	0.00238	0.00412
24	0.29936	0.00838	0.00818	0.00694	0.00934	0.00954	0.00558	0.24547	0.31627	0.01826	0.01016	0.01002	0.00757	0.00438	0.00328	0.00119	0.00324	0.00326	0.02417	0.00539
25	0.01363	0.00607	0.00786	0.00637	0.00874	0.00555	0.00520	0.08841	0.01087	0.55190	0.08390	0.04217	0.04131	0.00558	0.00389	0.00119	0.00301	0.05156	0.05718	0.00559
26	0.00865	0.00495	0.00607	0.00532	0.00692	0.00456	0.00414	0.05089	0.03794	0.22880	0.29257	0.04522	0.22343	0.04114	0.00481	0.00131	0.00244	0.02252	0.00397	0.00434
27	0.00652	0.00326	0.00489	0.00489	0.00489	0.00326	0.00326	0.00489	0.00489	0.00652	0.00652	0.01140	0.00652	0.01303	0.01466	0.89084	0.00326	0.00326	0.00163	0.00163
28	0.00546	0.00364	0.00409	0.00409	0.00409	0.00364	0.00227	0.00546	0.00546	0.00727	0.01182	0.02455	0.01364	0.86815	0.01910	0.00364	0.00364	0.00546	0.00227	0.00227
29	0.46805	0.00746	0.00721	0.00611	0.00857	0.00820	0.00497	0.07644	0.16579	0.19898	0.00951	0.00927	0.00678	0.00412	0.00303	0.00118	0.00307	0.00293	0.00322	0.00510
30	0.01099	0.00832	0.00866	0.00745	0.00968	0.04905	0.00588	0.14738	0.49316	0.11818	0.04335	0.01321	0.01083	0.00494	0.00374	0.00120	0.00325	0.00401	0.05095	0.00577
31	0.00537	0.00400	0.00591	0.00591	0.00654	0.00463	0.00455	0.00663	0.00600	0.00862	0.01015	0.01532	0.00963	0.07802	0.80375	0.00589	0.00967	0.00410	0.00203	0.00329
32	0.00780	0.01867	0.80057	0.03352	0.01630	0.00861	0.01352	0.01201	0.00800	0.03717	0.00698	0.00812	0.00490	0.00360	0.00358	0.00119	0.00546	0.00282	0.00168	0.00553
33	0.02178	0.00500	0.03125	0.00607	0.02209	0.00489	0.00461	0.03022	0.06195	0.05058	0.10262	0.14529	0.07161	0.10666	0.29827	0.00318	0.00532	0.02200	0.00289	0.00372
34	0.00767	0.00540	0.00649	0.00611	0.00747	0.00552	0.00481	0.10743	0.13221	0.06492	0.26179	0.13819	0.06668	0.00779	0.00437	0.00133	0.00266	0.14646	0.01839	0.00430
35	0.00961	0.00880	0.01070	0.01342	0.34310	0.12890	0.00778	0.11576	0.02433	0.04511	0.02330	0.17568	0.06589	0.00573	0.00394	0.00119	0.00403	0.00500	0.00270	0.00501
36	0.07460	0.09267	0.09857	0.07424	0.18827	0.07224	0.09885	0.04999	0.02546	0.04561	0.00910	0.02056	0.04216	0.01786	0.00428	0.00121	0.04573	0.03142	0.00221	0.00497
37	0.00723	0.00617	0.04357	0.01833	0.04769	0.02000	0.02050	0.06414	0.08386	0.02797	0.03546	0.12796	0.01152	0.09155	0.24891	0.08090	0.05295	0.00487	0.00254	0.00389
38	0.00504	0.00346	0.00434	0.00477	0.00492	0.00338	0.00302	0.00538	0.00634	0.00848	0.01605	0.44807	0.01887	0.37212	0.04950	0.02960	0.00318	0.00795	0.00285	0.00269
39	0.02531	0.00874	0.03618	0.14948	0.28155	0.08070	0.02913	0.04892	0.03175	0.18961	0.01038	0.04996	0.03277	0.00440	0.00377	0.00117	0.00429	0.00384	0.00269	0.00535
40	0.09239	0.04941	0.08164	0.09400	0.14025	0.09001	0.06804	0.11908	0.06727	0.05080	0.00867	0.01075	0.01740	0.00457	0.01341	0.00124	0.04725	0.03626	0.00244	0.00511
41	0.07236	0.05959	0.04379	0.18389	0.08502	0.05211	0.04021	0.01078	0.06331	0.07890	0.04340	0.13235	0.03800	0.00627	0.03057	0.01940	0.01966	0.00456	0.00256	0.01328

[dist]
# distance from previous block
# <min> <max>
1	29

[block]
# block no. 7 follows, 73 sequences, length 36
# corresponding to MSA columns:
# 341-376
name=unknown_H
#
# <colnr> <probs for GDERKNQSTAVLIFYWHMCP>
#	G	D	E	R	K	N	Q	S	T	A	V	L	I	F	Y	W	H	M	C	P
0	0.02922	0.12077	0.27124	0.02906	0.13189	0.06407	0.05155	0.07990	0.04474	0.01254	0.03288	0.00972	0.02781	0.00440	0.02012	0.00119	0.01928	0.00319	0.00212	0.04430
1	0.06319	0.01170	0.00934	0.00808	0.01010	0.37614	0.03308	0.10740	0.04104	0.03210	0.02626	0.05326	0.01722	0.03190	0.04141	0.00133	0.02170	0.00343	0.01752	0.09378
2	0.00992	0.03258	0.09839	0.01326	0.27301	0.04674	0.03888	0.14381	0.15114	0.01419	0.00856	0.00965	0.00671	0.00407	0.00424	0.00114	0.06496	0.00334	0.01656	0.05888
3	0.01032	0.10993	0.01074	0.00803	0.02998	0.04774	0.05489	0.12890	0.32627	0.08615	0.08171	0.01381	0.05397	0.00495	0.00372	0.00115	0.00352	0.00410	0.00336	0.01677
4	0.03398	0.00482	0.00631	0.00605	0.02548	0.00495	0.02172	0.06596	0.05079	0.01037	0.07200	0.09853	0.07755	0.05604	0.00958	0.37293	0.03079	0.01817	0.00252	0.03147
5	0.02806	0.07592	0.37770	0.01090	0.01460	0.15943	0.15653	0.01205	0.00826	0.01098	0.00637	0.00797	0.00494	0.00387	0.00461	0.00119	0.10691	0.00299	0.00173	0.00499
6	0.00686	0.00532	0.02941	0.00623	0.00730	0.00506	0.01816	0.15468	0.00910	0.02996	0.01677	0.57244	0.01878	0.02498	0.05563	0.00172	0.00322	0.00822	0.00334	0.02284
7	0.00475	0.00342	0.00450	0.00529	0.00564	0.00321	0.00369	0.00552	0.00737	0.00973	0.02136	0.70476	0.07205	0.03506	0.00520	0.00159	0.00234	0.09800	0.00345	0.00308
8	0.00664	0.00447	0.00524	0.00498	0.00614	0.00421	0.00368	0.03328	0.06539	0.09374	0.20434	0.14437	0.28028	0.10493	0.00601	0.00154	0.00240	0.02098	0.00363	0.00374
9	0.03504	0.00906	0.01028	0.00789	0.01085	0.00952	0.00652	0.54178	0.01508	0.29862	0.01086	0.01020	0.00730	0.00453	0.00373	0.00114	0.00379	0.00348	0.00402	0.00633
10	0.89465	0.00726	0.00551	0.00493	0.00726	0.00842	0.00406	0.01103	0.00638	0.01683	0.00522	0.00609	0.00406	0.00348	0.00232	0.00116	0.00290	0.00203	0.00232	0.00406
11	0.11585	0.00665	0.00845	0.00656	0.00940	0.00610	0.00542	0.05137	0.01053	0.71925	0.01348	0.01186	0.00858	0.00451	0.00361	0.00116	0.00320	0.00356	0.00434	0.00612
12	0.03181	0.00618	0.00698	0.00634	0.00795	0.02103	0.00503	0.19483	0.07228	0.09677	0.10190	0.16260	0.06552	0.00719	0.00411	0.00128	0.00296	0.12133	0.07938	0.00454
13	0.01666	0.00666	0.00887	0.00680	0.00971	0.00592	0.00562	0.07185	0.01119	0.79314	0.01442	0.01252	0.00910	0.00463	0.00377	0.00116	0.00325	0.00375	0.00458	0.00638
14	0.89465	0.00726	0.00551	0.00493	0.00726	0.00842	0.00406	0.01103	0.00638	0.01683	0.00522	0.00609	0.00406	0.00348	0.00232	0.00116	0.00290	0.00203	0.00232	0.00406
15	0.00582	0.00394	0.00482	0.00471	0.00572	0.00354	0.00351	0.00708	0.00923	0.07283	0.35765	0.14117	0.27675	0.04804	0.00513	0.00138	0.00212	0.03927	0.00377	0.00351
16	0.21802	0.00645	0.00722	0.00625	0.00839	0.00664	0.00505	0.05419	0.13081	0.29713	0.06738	0.06076	0.01193	0.01595	0.00383	0.00127	0.00300	0.07565	0.01503	0.00507
17	0.00542	0.00377	0.00478	0.00478	0.00501	0.00401	0.00313	0.00590	0.00566	0.00778	0.01119	0.02108	0.01213	0.57113	0.31406	0.00448	0.00590	0.00495	0.00218	0.00265
18	0.01362	0.01722	0.01069	0.00968	0.01148	0.79588	0.00731	0.01458	0.01030	0.00917	0.00574	0.00686	0.00484	0.00405	0.00399	0.00101	0.06485	0.00248	0.00191	0.00433
19	0.03721	0.00484	0.00617	0.00548	0.00696	0.00441	0.00408	0.01122	0.00851	0.36900	0.03568	0.21201	0.05734	0.16601	0.00696	0.01539	0.00288	0.00588	0.03558	0.00438
20	0.01281	0.00936	0.01005	0.00790	0.01058	0.01026	0.00646	0.64659	0.07863	0.03923	0.03140	0.01178	0.05829	0.00492	0.00377	0.00114	0.00372	0.00381	0.04335	0.00596
21	0.00544	0.00399	0.00479	0.00498	0.00588	0.00373	0.00369	0.00698	0.05165	0.03472	0.15168	0.27257	0.28702	0.05096	0.00527	0.00149	0.00230	0.09588	0.00357	0.00341
22	0.00553	0.00382	0.00455	0.00450	0.00458	0.00400	0.00275	0.00572	0.00553	0.00750	0.01140	0.02286	0.01286	0.73988	0.12015	0.00387	0.03059	0.00522	0.00222	0.00246
23	0.00778	0.00667	0.00778	0.00556	0.00889	0.00500	0.00445	0.00945	0.00778	0.01223	0.00667	0.00778	0.00556	0.00278	0.00278	0.00056	0.00278	0.00222	0.00222	0.89108
24	0.01095	0.00510	0.00671	0.00558	0.00752	0.00448	0.00444	0.01246	0.01043	0.42984	0.33131	0.02140	0.12096	0.00638	0.00410	0.00118	0.00250	0.00542	0.00431	0.00491
25	0.01003	0.87041	0.01966	0.00642	0.00963	0.01485	0.00642	0.01123	0.00762	0.00883	0.00522	0.00602	0.00481	0.00321	0.00241	0.00080	0.00401	0.00201	0.00160	0.00481
26	0.00948	0.00813	0.00857	0.00767	0.00981	0.00940	0.00597	0.04484	0.81282	0.01594	0.01508	0.01384	0.01130	0.00507	0.00382	0.00127	0.00300	0.00422	0.00382	0.00595
27	0.00483	0.00380	0.00437	0.00427	0.00532	0.00333	0.00318	0.00614	0.00943	0.01232	0.39950	0.06328	0.44931	0.00876	0.00444	0.00124	0.00185	0.00751	0.00377	0.00333
28	0.00929	0.00891	0.01523	0.02303	0.84475	0.00891	0.01151	0.01151	0.00854	0.01226	0.00706	0.00929	0.00594	0.00334	0.00371	0.00111	0.00446	0.00334	0.00186	0.00594
29	0.01425	0.01097	0.01122	0.00870	0.01163	0.06485	0.00714	0.78055	0.01720	0.02273	0.00880	0.00887	0.00628	0.00446	0.00373	0.00112	0.00430	0.00332	0.00364	0.00625
30	0.00870	0.00901	0.00853	0.05756	0.07651	0.23685	0.02456	0.01149	0.13287	0.01157	0.11904	0.08095	0.11286	0.00636	0.00406	0.00123	0.00403	0.08659	0.00292	0.00429
31	0.00595	0.00410	0.00513	0.00540	0.00646	0.00379	0.00439	0.00732	0.00878	0.05840	0.10838	0.10455	0.29540	0.00942	0.00467	0.00144	0.00260	0.33032	0.03000	0.00350
32	0.00886	0.01012	0.02214	0.01581	0.01961	0.00949	0.83112	0.01202	0.00886	0.01202	0.00759	0.01012	0.00569	0.00316	0.00443	0.00127	0.00633	0.00443	0.00190	0.00506
33	0.00877	0.00755	0.00795	0.00720	0.00921	0.00860	0.00559	0.01824	0.73903	0.01514	0.03624	0.01645	0.09240	0.00557	0.00389	0.00127	0.00284	0.00465	0.00379	0.00562
34	0.03606	0.10217	0.29649	0.01828	0.01248	0.08586	0.06101	0.07514	0.03967	0.02620	0.00765	0.01014	0.00635	0.05604	0.04026	0.00153	0.09724	0.02047	0.00207	0.00488
35	0.03623	0.18143	0.08657	0.03820	0.03134	0.02372	0.07332	0.09196	0.03366	0.04567	0.00660	0.00834	0.00547	0.00474	0.00658	0.00127	0.31488	0.00309	0.00208	0.00487

[dist]
# distance from previous block
# <min> <max>
1	15

[block]
# block no. 8 follows, 73 sequences, length 8
# corresponding to MSA columns:
# 392-399
name=unknown_I
#
# <colnr> <probs for GDERKNQSTAVLIFYWHMCP>
#	G	D	E	R	K	N	Q	S	T	A	V	L	I	F	Y	W	H	M	C	P
0	0.29939	0.06889	0.00955	0.00803	0.06408	0.10316	0.00607	0.18951	0.14393	0.03581	0.00811	0.00848	0.00618	0.00398	0.00313	0.00110	0.00379	0.00285	0.00280	0.03115
1	0.00574	0.00406	0.00480	0.00490	0.00549	0.00401	0.00334	0.00716	0.07601	0.03234	0.05833	0.22865	0.13472	0.33795	0.04038	0.00242	0.00310	0.04038	0.00306	0.00315
2	0.03223	0.00556	0.00741	0.03901	0.08815	0.00574	0.01803	0.08016	0.08126	0.04538	0.12776	0.12797	0.05247	0.05674	0.02677	0.10867	0.00332	0.08629	0.00306	0.00401
3	0.05465	0.07019	0.17033	0.07315	0.09129	0.09850	0.08963	0.13061	0.07425	0.04418	0.00793	0.00904	0.00602	0.00437	0.02371	0.00123	0.00488	0.00315	0.00236	0.04056
4	0.01053	0.00648	0.04329	0.00629	0.00841	0.00588	0.00522	0.05673	0.15676	0.30088	0.17145	0.01930	0.10736	0.02883	0.00438	0.00127	0.00287	0.03045	0.02852	0.00510
5	0.08123	0.00542	0.00616	0.00561	0.00722	0.00539	0.00437	0.04723	0.12415	0.15989	0.12669	0.08696	0.20541	0.05318	0.00489	0.00140	0.00267	0.06411	0.00367	0.00435
6	0.00864	0.00776	0.03004	0.22674	0.38565	0.00796	0.02938	0.03574	0.04623	0.05334	0.00908	0.07467	0.00797	0.05502	0.00473	0.00134	0.00430	0.00409	0.00224	0.00507
7	0.02162	0.03054	0.06093	0.11111	0.23939	0.04459	0.06295	0.07638	0.07776	0.03245	0.01012	0.08634	0.02969	0.00515	0.00458	0.02014	0.05310	0.02576	0.00242	0.00499

[dist]
# distance from previous block
# <min> <max>
0	5

[block]
# block no. 9 follows, 73 sequences, length 34
# corresponding to MSA columns:
# 405-438
name=unknown_J
#
# <colnr> <probs for GDERKNQSTAVLIFYWHMCP>
#	G	D	E	R	K	N	Q	S	T	A	V	L	I	F	Y	W	H	M	C	P
0	0.34855	0.01788	0.00951	0.05349	0.10275	0.12892	0.05391	0.04311	0.00805	0.05245	0.01768	0.00870	0.00583	0.02441	0.04789	0.00147	0.06571	0.00290	0.00227	0.00450
1	0.89465	0.00726	0.00551	0.00493	0.00726	0.00842	0.00406	0.01103	0.00638	0.01683	0.00522	0.00609	0.00406	0.00348	0.00232	0.00116	0.00290	0.00203	0.00232	0.00406
2	0.00539	0.00411	0.00465	0.00443	0.00571	0.00351	0.00329	0.00648	0.00855	0.03820	0.15230	0.12499	0.46320	0.05288	0.00505	0.00134	0.00215	0.01972	0.00343	0.09061
3	0.01907	0.00726	0.01057	0.17639	0.21847	0.01576	0.01773	0.06122	0.06710	0.18400	0.01974	0.05603	0.02477	0.03272	0.00458	0.00129	0.02833	0.03110	0.00285	0.02100
4	0.56290	0.00943	0.00715	0.00622	0.00856	0.17698	0.00497	0.05940	0.00827	0.07428	0.00675	0.00736	0.01680	0.00376	0.00276	0.00110	0.00375	0.00240	0.00250	0.03464
5	0.00515	0.00352	0.00422	0.00455	0.00464	0.00344	0.00278	0.00542	0.00613	0.00817	0.01514	0.32632	0.01779	0.54533	0.01371	0.00284	0.00311	0.02243	0.00273	0.00257
6	0.00536	0.00402	0.00603	0.00603	0.00670	0.00469	0.00469	0.00670	0.00603	0.00871	0.01005	0.01474	0.00938	0.02814	0.85328	0.00603	0.01005	0.00402	0.00201	0.00335
7	0.00983	0.00967	0.01198	0.42554	0.05900	0.15415	0.06072	0.15545	0.02608	0.01237	0.00712	0.00926	0.00543	0.00397	0.00402	0.00119	0.03406	0.00327	0.00214	0.00476
8	0.89465	0.00726	0.00551	0.00493	0.00726	0.00842	0.00406	0.01103	0.00638	0.01683	0.00522	0.00609	0.00406	0.00348	0.00232	0.00116	0.00290	0.00203	0.00232	0.00406
9	0.00488	0.00337	0.00425	0.00488	0.00530	0.00314	0.00334	0.00574	0.00758	0.01044	0.06984	0.65113	0.09204	0.01049	0.00449	0.00141	0.00208	0.00940	0.10306	0.00314
10	0.83314	0.00759	0.00583	0.00517	0.00751	0.03264	0.00424	0.02488	0.00680	0.03725	0.00554	0.00633	0.00425	0.00354	0.00241	0.00115	0.00304	0.00211	0.00239	0.00417
11	0.00455	0.00379	0.00397	0.00396	0.00515	0.00321	0.00296	0.00559	0.00876	0.01072	0.13604	0.06340	0.71632	0.00935	0.00445	0.00126	0.00189	0.00787	0.00356	0.00321
12	0.00955	0.00801	0.00849	0.00761	0.00975	0.00922	0.00593	0.01989	0.81423	0.03956	0.01526	0.01396	0.01139	0.00508	0.00382	0.00127	0.00298	0.00423	0.00384	0.00595
