[name]
unknown

[dist]
# distance from previous block
# <min> <max>
4	121

[block]
# block no. 0 follows, 59 sequences, length 22
# corresponding to MSA columns:
# 141-162
name=unknown_A
#
# <colnr> <probs for GDERKNQSTAVLIFYWHMCP>
#	G	D	E	R	K	N	Q	S	T	A	V	L	I	F	Y	W	H	M	C	P
0	0.00876	0.05416	0.04225	0.00817	0.06356	0.00636	0.02609	0.02748	0.02539	0.03302	0.02379	0.05847	0.06808	0.05171	0.00971	0.30930	0.00390	0.00462	0.00264	0.17254
1	0.01305	0.11842	0.14742	0.01167	0.08236	0.33944	0.00957	0.04953	0.05798	0.03554	0.00929	0.01104	0.02290	0.05218	0.00523	0.00141	0.02124	0.00352	0.00252	0.00569
2	0.01339	0.46334	0.01849	0.00951	0.02700	0.24358	0.02127	0.07609	0.05360	0.01243	0.00739	0.00830	0.00628	0.00430	0.00363	0.00109	0.01936	0.00286	0.00234	0.00574
3	0.00613	0.05235	0.00649	0.00552	0.00693	0.00489	0.02218	0.00738	0.02438	0.01184	0.05748	0.18787	0.47388	0.05531	0.00636	0.02687	0.00276	0.00882	0.00378	0.02876
4	0.07559	0.10133	0.15239	0.04353	0.04353	0.09018	0.12349	0.06425	0.07418	0.06861	0.01831	0.01202	0.04212	0.00489	0.00463	0.00134	0.04289	0.00397	0.00280	0.02997
5	0.03541	0.01026	0.05817	0.02700	0.15347	0.02238	0.00854	0.25523	0.10108	0.07971	0.03456	0.07504	0.02822	0.03329	0.00525	0.00149	0.02329	0.00495	0.03633	0.00634
6	0.00678	0.00392	0.00549	0.00575	0.00599	0.00378	0.00389	0.00604	0.00718	0.00951	0.05665	0.24384	0.07950	0.01428	0.01250	0.51929	0.00327	0.00688	0.00284	0.00263
7	0.03756	0.35436	0.12592	0.00964	0.01319	0.25713	0.02437	0.03979	0.05725	0.01240	0.00836	0.00922	0.02477	0.00442	0.00361	0.00114	0.00583	0.00305	0.00231	0.00569
8	0.03710	0.05005	0.17244	0.08223	0.15293	0.04411	0.14559	0.05529	0.07100	0.09509	0.01033	0.03404	0.00798	0.00508	0.01629	0.00147	0.00568	0.00424	0.00279	0.00629
9	0.00616	0.00413	0.00537	0.00605	0.00652	0.00388	0.00416	0.00708	0.00881	0.03695	0.07281	0.60506	0.04548	0.08950	0.00707	0.00197	0.00279	0.05271	0.02979	0.00371
10	0.00590	0.00435	0.00502	0.00505	0.00578	0.00401	0.00341	0.00684	0.00926	0.01215	0.22284	0.12532	0.26615	0.29182	0.01108	0.00244	0.00292	0.00838	0.00381	0.00347
11	0.04237	0.09364	0.06612	0.06621	0.23189	0.06326	0.04969	0.10233	0.04701	0.04782	0.06397	0.03344	0.01061	0.00607	0.03001	0.00152	0.00525	0.02979	0.00293	0.00607
12	0.06765	0.03519	0.10091	0.01799	0.03054	0.02176	0.07245	0.15321	0.04635	0.13736	0.07166	0.06953	0.01211	0.00755	0.05143	0.00174	0.05196	0.01220	0.03247	0.00594
13	0.00884	0.00636	0.00750	0.00699	0.00845	0.00672	0.00526	0.01314	0.23158	0.09502	0.12328	0.15110	0.14533	0.08702	0.03458	0.00199	0.05046	0.00723	0.00413	0.00502
14	0.00976	0.17949	0.57645	0.01242	0.04271	0.03083	0.06225	0.01392	0.00942	0.01325	0.00763	0.00907	0.00572	0.00409	0.00400	0.00131	0.00623	0.00322	0.00191	0.00631
15	0.03551	0.11202	0.10131	0.05579	0.19560	0.01105	0.26145	0.03571	0.01006	0.04613	0.00985	0.01198	0.03379	0.00545	0.03620	0.00159	0.02379	0.00427	0.00240	0.00606
16	0.00780	0.00586	0.00798	0.02711	0.08872	0.00577	0.02244	0.02683	0.06408	0.06063	0.09922	0.32321	0.17576	0.01017	0.00576	0.03063	0.02090	0.00864	0.00389	0.00461
17	0.00650	0.00446	0.00564	0.00561	0.00654	0.00413	0.00409	0.00773	0.01023	0.03997	0.34859	0.15303	0.18790	0.06752	0.03793	0.06660	0.00294	0.03262	0.00413	0.00382
18	0.01091	0.06323	0.07447	0.01068	0.07190	0.07095	0.08994	0.10133	0.06344	0.08628	0.12230	0.11524	0.04113	0.00806	0.04855	0.00170	0.00496	0.00575	0.00351	0.00567
19	0.01163	0.06054	0.12566	0.05760	0.32015	0.07455	0.06707	0.06611	0.05271	0.06228	0.05178	0.01204	0.00898	0.00457	0.00435	0.00133	0.00542	0.00406	0.00272	0.00645
20	0.00899	0.02724	0.02495	0.03710	0.02878	0.07521	0.08917	0.04167	0.03404	0.03552	0.02946	0.06564	0.01126	0.04322	0.37584	0.00408	0.05532	0.00503	0.00269	0.00476
21	0.04640	0.01060	0.06493	0.05492	0.11418	0.09548	0.02054	0.10921	0.05639	0.06495	0.02911	0.05477	0.04093	0.02526	0.06079	0.00172	0.00519	0.00446	0.00310	0.13708

[dist]
# distance from previous block
# <min> <max>
4	17

[block]
# block no. 1 follows, 59 sequences, length 36
# corresponding to MSA columns:
# 186-219,226,227
name=unknown_B
#
# <colnr> <probs for GDERKNQSTAVLIFYWHMCP>
#	G	D	E	R	K	N	Q	S	T	A	V	L	I	F	Y	W	H	M	C	P
0	0.00658	0.00489	0.00654	0.00616	0.00735	0.00443	0.05246	0.00786	0.00984	0.04903	0.18450	0.23531	0.28425	0.11160	0.00738	0.00188	0.00292	0.00904	0.00403	0.00396
1	0.01082	0.01023	0.03585	0.10842	0.55137	0.01028	0.04029	0.04787	0.01038	0.03973	0.02774	0.01236	0.02799	0.00456	0.00490	0.00137	0.04265	0.00420	0.00245	0.00652
2	0.07225	0.02848	0.13466	0.08413	0.10251	0.10120	0.02629	0.04534	0.07211	0.05896	0.01253	0.15917	0.01758	0.00642	0.00466	0.00144	0.02415	0.01864	0.00300	0.02648
3	0.01244	0.02743	0.00995	0.05948	0.07464	0.04829	0.00681	0.10288	0.05183	0.23529	0.01640	0.15056	0.04919	0.06267	0.03218	0.00178	0.00430	0.00588	0.04227	0.00573
4	0.00626	0.00470	0.00544	0.00549	0.00673	0.00426	0.00409	0.00807	0.04631	0.03864	0.19556	0.19902	0.40528	0.01090	0.00528	0.00155	0.00245	0.04158	0.00432	0.00407
5	0.00980	0.04715	0.15475	0.02357	0.07122	0.00978	0.04048	0.07643	0.05163	0.04812	0.02113	0.03871	0.00923	0.01219	0.19973	0.00281	0.14962	0.00438	0.02374	0.00554
6	0.08999	0.02677	0.03442	0.06704	0.18925	0.11549	0.08026	0.07760	0.07066	0.07909	0.03227	0.02544	0.03577	0.00517	0.00487	0.00139	0.05126	0.00426	0.00298	0.00601
7	0.00980	0.08368	0.02667	0.00729	0.00940	0.06347	0.00590	0.08486	0.16106	0.05207	0.17100	0.08774	0.15832	0.00774	0.00462	0.00139	0.00350	0.01849	0.03773	0.00528
8	0.00645	0.00443	0.00564	0.00571	0.00607	0.00469	0.00386	0.00718	0.00699	0.00977	0.01397	0.05924	0.01499	0.46985	0.29154	0.00490	0.00664	0.03077	0.04405	0.00325
9	0.02074	0.14177	0.22563	0.06119	0.11958	0.05208	0.07715	0.09341	0.04114	0.04485	0.02273	0.01763	0.00757	0.00516	0.01272	0.03152	0.00559	0.00376	0.00967	0.00611
10	0.02684	0.05186	0.24275	0.04686	0.09357	0.04172	0.13134	0.03431	0.04975	0.10284	0.05817	0.07855	0.01092	0.00541	0.00450	0.00141	0.00536	0.00483	0.00293	0.00607
11	0.00676	0.00436	0.00556	0.00592	0.00672	0.00397	0.00414	0.00780	0.00949	0.08186	0.13018	0.51144	0.14297	0.04951	0.00618	0.00177	0.00263	0.01051	0.00425	0.00398
12	0.00575	0.00421	0.00544	0.00631	0.00672	0.00405	0.00428	0.00726	0.05744	0.01188	0.04456	0.77043	0.02858	0.01323	0.00556	0.00177	0.00261	0.01198	0.00414	0.00381
13	0.10920	0.06116	0.05481	0.02945	0.02148	0.03026	0.07210	0.17973	0.15215	0.10186	0.01249	0.08627	0.01028	0.02099	0.00502	0.00148	0.03676	0.00477	0.00360	0.00616
14	0.00884	0.00867	0.02819	0.65967	0.12832	0.01000	0.05004	0.01205	0.02853	0.01204	0.00821	0.01175	0.00625	0.00436	0.00445	0.00145	0.00583	0.00400	0.00206	0.00530
15	0.00634	0.00450	0.00598	0.00600	0.00641	0.00489	0.00415	0.00716	0.00682	0.00949	0.01313	0.04368	0.01386	0.41362	0.42868	0.00564	0.00805	0.00572	0.00256	0.00334
16	0.00892	0.00764	0.00887	0.00642	0.01019	0.00576	0.00512	0.01083	0.00921	0.01424	0.01010	0.01119	0.05592	0.00375	0.00339	0.00071	0.00321	0.00303	0.00271	0.81880
17	0.00650	0.00528	0.00637	0.00678	0.00737	0.05468	0.00487	0.00758	0.00803	0.01067	0.01755	0.40671	0.01958	0.06826	0.34352	0.00407	0.00679	0.00841	0.00320	0.00378
18	0.00576	0.00401	0.00521	0.00592	0.00621	0.00384	0.00395	0.00632	0.00802	0.01065	0.02207	0.56800	0.06246	0.14939	0.04311	0.05549	0.00332	0.02923	0.00366	0.00337
19	0.03084	0.02374	0.09309	0.00723	0.00922	0.02110	0.00601	0.05785	0.13392	0.10393	0.09295	0.02149	0.03530	0.31143	0.03110	0.00258	0.00434	0.00546	0.00351	0.00492
20	0.36781	0.05035	0.20101	0.02779	0.04561	0.03582	0.00862	0.03358	0.03383	0.05266	0.02192	0.03025	0.01850	0.00561	0.02744	0.00154	0.02596	0.00346	0.00271	0.00552
21	0.00714	0.00556	0.00788	0.00739	0.00829	0.00641	0.02578	0.03315	0.00798	0.01149	0.03299	0.01894	0.06144	0.08299	0.52027	0.00520	0.09242	0.00508	0.05549	0.00411
22	0.03534	0.00399	0.00578	0.00576	0.00584	0.00403	0.00387	0.00598	0.00581	0.00806	0.00762	0.01323	0.00758	0.01499	0.01680	0.84377	0.00382	0.00379	0.00194	0.00201
23	0.01040	0.01036	0.04167	0.17214	0.61655	0.01038	0.01313	0.01357	0.04292	0.01401	0.00861	0.01126	0.00702	0.00412	0.00438	0.00135	0.00533	0.00396	0.00223	0.00660
24	0.01008	0.04802	0.01613	0.37786	0.30795	0.04520	0.07020	0.03266	0.00984	0.01298	0.00834	0.02603	0.00679	0.00436	0.00439	0.00138	0.00572	0.00406	0.00217	0.00581
25	0.00657	0.00439	0.00607	0.00610	0.00648	0.00475	0.00427	0.00697	0.00667	0.00927	0.01209	0.04618	0.01254	0.28279	0.39609	0.17019	0.00766	0.00534	0.00243	0.00315
26	0.01092	0.00777	0.00918	0.00799	0.01012	0.00817	0.02449	0.17130	0.22601	0.10211	0.16685	0.16616	0.05407	0.00793	0.00486	0.00148	0.00340	0.00683	0.00451	0.00585
27	0.05935	0.00760	0.00901	0.00811	0.04316	0.03237	0.00612	0.05902	0.07490	0.33782	0.08006	0.08072	0.14659	0.00722	0.00487	0.00143	0.02522	0.00593	0.00449	0.00600
28	0.00620	0.00472	0.00560	0.00568	0.00670	0.00446	0.00418	0.00819	0.05891	0.01366	0.26172	0.16203	0.25711	0.10562	0.00728	0.00187	0.00271	0.07525	0.00418	0.00394
29	0.00948	0.03818	0.34248	0.02773	0.09640	0.00922	0.11928	0.01360	0.05840	0.05594	0.10756	0.05206	0.03040	0.00553	0.00458	0.00142	0.00530	0.01361	0.00283	0.00602
30	0.00693	0.00612	0.05080	0.00799	0.04167	0.00607	0.00607	0.02666	0.00762	0.01083	0.01232	0.06427	0.01218	0.15691	0.53520	0.00554	0.03090	0.00529	0.00251	0.00409
31	0.01058	0.01077	0.02036	0.07400	0.26794	0.01067	0.39142	0.05295	0.05185	0.01483	0.00986	0.04615	0.00806	0.00445	0.00484	0.00144	0.00613	0.00496	0.00250	0.00624
32	0.00644	0.00430	0.00560	0.00619	0.00686	0.00400	0.00442	0.00750	0.00924	0.05504	0.08961	0.53526	0.09926	0.05358	0.00638	0.00186	0.00280	0.09365	0.00416	0.00386
33	0.05146	0.07655	0.11769	0.05005	0.02879	0.31254	0.04275	0.08653	0.01102	0.01319	0.00817	0.01087	0.00696	0.06796	0.05484	0.00184	0.04749	0.00354	0.00241	0.00534
34	0.78473	0.07361	0.00795	0.00610	0.00890	0.03387	0.00510	0.01313	0.00777	0.01883	0.00617	0.00719	0.00488	0.00409	0.00278	0.00133	0.00365	0.00240	0.00266	0.00486
35	0.00758	0.00602	0.02506	0.00633	0.00760	0.05338	0.00475	0.00912	0.03038	0.08127	0.13916	0.37159	0.21931	0.01082	0.00521	0.00157	0.00295	0.00944	0.00417	0.00428

[dist]
# distance from previous block
# <min> <max>
0	2

[block]
# block no. 2 follows, 59 sequences, length 31
# corresponding to MSA columns:
# 230-260
name=unknown_C
#
# <colnr> <probs for GDERKNQSTAVLIFYWHMCP>
#	G	D	E	R	K	N	Q	S	T	A	V	L	I	F	Y	W	H	M	C	P
0	0.03669	0.22363	0.33080	0.04299	0.13243	0.04773	0.04221	0.01344	0.00950	0.02300	0.00913	0.02921	0.03209	0.00451	0.00394	0.00128	0.00561	0.00361	0.00215	0.00604
1	0.04746	0.05315	0.09513	0.05184	0.10445	0.01020	0.03239	0.19605	0.06810	0.21060	0.02175	0.01195	0.00856	0.00482	0.00421	0.00130	0.00463	0.00393	0.00367	0.06581
2	0.01618	0.01158	0.01301	0.01002	0.01341	0.01266	0.03108	0.68397	0.01918	0.07410	0.01109	0.01130	0.00792	0.00640	0.03812	0.00156	0.00510	0.00407	0.02198	0.00725
3	0.00642	0.00562	0.03031	0.00640	0.00800	0.00474	0.05861	0.00821	0.03442	0.03664	0.10930	0.21793	0.43581	0.01054	0.00524	0.00154	0.00286	0.00919	0.00403	0.00418
4	0.01247	0.14164	0.22164	0.03972	0.20048	0.10911	0.02002	0.04688	0.01943	0.12188	0.00964	0.01066	0.01838	0.00445	0.00408	0.00128	0.00559	0.00357	0.00265	0.00642
5	0.00715	0.00566	0.00644	0.00614	0.00759	0.00569	0.00463	0.01145	0.20777	0.01592	0.34051	0.09827	0.22123	0.00909	0.00501	0.00146	0.00251	0.00784	0.03093	0.00471
6	0.00548	0.00391	0.00520	0.00611	0.00640	0.00369	0.00409	0.00628	0.00847	0.01135	0.04863	0.76044	0.02855	0.04467	0.03224	0.00204	0.00290	0.01194	0.00402	0.00358
7	0.02184	0.01292	0.21540	0.18311	0.10929	0.01966	0.07974	0.15392	0.02041	0.06379	0.02022	0.06116	0.00851	0.00511	0.00449	0.00142	0.00552	0.00446	0.00284	0.00619
8	0.05498	0.04443	0.03721	0.24559	0.13689	0.05081	0.08777	0.01361	0.08722	0.04279	0.01110	0.04529	0.00961	0.00561	0.00489	0.00148	0.03643	0.07600	0.00272	0.00557
9	0.06999	0.00962	0.01129	0.00870	0.01213	0.00972	0.00719	0.34917	0.01575	0.43921	0.01388	0.01270	0.00913	0.00532	0.00433	0.00135	0.00420	0.00412	0.00486	0.00735
10	0.00663	0.00504	0.00618	0.00608	0.00718	0.00493	0.00448	0.00976	0.11987	0.01595	0.47338	0.21582	0.08805	0.00986	0.00521	0.00150	0.00240	0.00871	0.00459	0.00439
11	0.06280	0.18093	0.24241	0.04353	0.04014	0.09372	0.03036	0.01372	0.03116	0.05203	0.02855	0.01186	0.05544	0.00513	0.00501	0.00134	0.08999	0.00372	0.00244	0.00571
12	0.02992	0.01059	0.05655	0.03211	0.07042	0.09436	0.01865	0.15490	0.03449	0.31778	0.04024	0.02433	0.05209	0.00592	0.00470	0.01727	0.00461	0.02049	0.00410	0.00650
13	0.00687	0.00510	0.00579	0.00562	0.00579	0.02684	0.00355	0.00717	0.00688	0.00923	0.04229	0.02635	0.01567	0.67240	0.08875	0.00419	0.05571	0.00609	0.00267	0.00303
14	0.00998	0.00824	0.01004	0.00723	0.01114	0.00654	0.03450	0.05642	0.00997	0.04070	0.00835	0.00953	0.00674	0.00347	0.00344	0.00075	0.00353	0.00285	0.00280	0.76379
15	0.01224	0.02300	0.01252	0.04489	0.01329	0.17193	0.08048	0.08403	0.19221	0.07161	0.01190	0.01369	0.02392	0.05170	0.05747	0.00194	0.11991	0.00436	0.00318	0.00573
16	0.01679	0.01237	0.01325	0.01016	0.01370	0.01370	0.00839	0.80251	0.02077	0.02783	0.01060	0.01060	0.00751	0.00530	0.00442	0.00133	0.00486	0.00398	0.00442	0.00751
17	0.00644	0.00468	0.00565	0.00578	0.00678	0.00435	0.00418	0.04837	0.01064	0.02664	0.23619	0.36070	0.22537	0.01119	0.00529	0.00157	0.00248	0.00983	0.01983	0.00405
18	0.04218	0.21655	0.42549	0.01111	0.04827	0.01212	0.01210	0.11582	0.01071	0.01513	0.02111	0.03476	0.00718	0.00460	0.00391	0.00129	0.00552	0.00350	0.00236	0.00628
19	0.00541	0.00388	0.00514	0.00610	0.00640	0.00361	0.00409	0.00622	0.00861	0.01149	0.04927	0.80194	0.04420	0.01364	0.00562	0.00178	0.00254	0.01235	0.00412	0.00361
20	0.00767	0.00384	0.00575	0.00575	0.00575	0.00384	0.00384	0.00575	0.00575	0.00767	0.00767	0.01343	0.00767	0.01534	0.01726	0.87150	0.00384	0.00384	0.00192	0.00192
21	0.00843	0.00694	0.03667	0.00664	0.00830	0.03700	0.02809	0.03122	0.15731	0.01588	0.16227	0.08695	0.09197	0.03373	0.00491	0.00142	0.00306	0.00615	0.26826	0.00479
22	0.01183	0.71281	0.08741	0.00843	0.01238	0.04974	0.02992	0.01360	0.00924	0.02152	0.00654	0.00754	0.00576	0.00386	0.00308	0.00101	0.00506	0.00256	0.00196	0.00575
23	0.00633	0.00470	0.00693	0.00699	0.00773	0.00539	0.00539	0.00782	0.00721	0.01029	0.01267	0.03626	0.01229	0.07917	0.73046	0.00662	0.01089	0.03651	0.00249	0.00387
24	0.00552	0.00397	0.00527	0.00621	0.00659	0.00371	0.00429	0.00643	0.00875	0.01163	0.04951	0.73470	0.05578	0.01348	0.00564	0.00179	0.00264	0.06631	0.00412	0.00364
25	0.03005	0.01437	0.04229	0.09283	0.07131	0.29664	0.02432	0.18423	0.11305	0.05378	0.02826	0.01119	0.00823	0.00494	0.00427	0.00130	0.00587	0.00378	0.00317	0.00612
26	0.01116	0.00627	0.00752	0.00648	0.00854	0.02417	0.00508	0.03465	0.04481	0.27895	0.29875	0.04047	0.19880	0.00809	0.00489	0.00141	0.00294	0.00685	0.00479	0.00539
27	0.00690	0.00490	0.00602	0.02328	0.00766	0.02025	0.00474	0.02071	0.00963	0.06076	0.06712	0.46434	0.17310	0.01233	0.02259	0.00180	0.00309	0.08261	0.00411	0.00405
28	0.05937	0.00576	0.01824	0.00759	0.06282	0.00537	0.02934	0.00938	0.04540	0.04288	0.04129	0.26201	0.25888	0.00968	0.00489	0.00153	0.00300	0.04157	0.08657	0.00443
29	0.01392	0.01030	0.06072	0.00961	0.03754	0.05152	0.03062	0.18860	0.16174	0.23254	0.07549	0.05990	0.03503	0.00618	0.00457	0.00140	0.00426	0.00513	0.00432	0.00660
30	0.07912	0.03151	0.04201	0.03478	0.02835	0.42205	0.05910	0.01586	0.06556	0.04252	0.06781	0.01159	0.01991	0.00516	0.00477	0.00130	0.05678	0.00375	0.00274	0.00535

[dist]
# distance from previous block
# <min> <max>
0	60

[block]
# block no. 3 follows, 59 sequences, length 32
# corresponding to MSA columns:
# 321-352
name=unknown_D
#
# <colnr> <probs for GDERKNQSTAVLIFYWHMCP>
#	G	D	E	R	K	N	Q	S	T	A	V	L	I	F	Y	W	H	M	C	P
0	0.01106	0.22716	0.25557	0.01253	0.12753	0.04928	0.03566	0.04456	0.05892	0.04060	0.00928	0.01040	0.02430	0.00447	0.00423	0.00125	0.03085	0.00346	0.00241	0.04649
1	0.03543	0.04782	0.09403	0.03047	0.13816	0.00811	0.08316	0.03744	0.05205	0.03169	0.03693	0.20915	0.02537	0.10612	0.00693	0.00182	0.01546	0.01680	0.01793	0.00515
2	0.00635	0.00487	0.00545	0.01771	0.00696	0.00447	0.00406	0.00808	0.04853	0.03890	0.08824	0.06824	0.51425	0.08629	0.03625	0.00197	0.00303	0.04839	0.00399	0.00398
3	0.04007	0.03483	0.03962	0.54854	0.10963	0.03195	0.06503	0.01184	0.00920	0.01219	0.00970	0.01276	0.04700	0.00463	0.00438	0.00143	0.00569	0.00413	0.00214	0.00521
4	0.09809	0.03324	0.05967	0.01868	0.12573	0.13738	0.04635	0.07243	0.04382	0.09190	0.05202	0.05206	0.06983	0.03657	0.00535	0.00149	0.03471	0.01185	0.00319	0.00565
5	0.01019	0.01129	0.07581	0.01260	0.13043	0.16629	0.12264	0.02403	0.03433	0.04182	0.01621	0.23747	0.08298	0.00748	0.00483	0.00146	0.00510	0.00670	0.00309	0.00527
6	0.00623	0.00434	0.00535	0.00546	0.00573	0.00446	0.00350	0.00672	0.00696	0.00939	0.01594	0.11510	0.05167	0.53440	0.20174	0.00452	0.00571	0.00683	0.00282	0.00311
7	0.02435	0.06501	0.17602	0.06338	0.18278	0.04235	0.11602	0.05839	0.04536	0.03260	0.02883	0.06288	0.04776	0.00542	0.00466	0.00140	0.02068	0.01343	0.00269	0.00599
8	0.00933	0.04863	0.08097	0.07839	0.15315	0.02517	0.13171	0.03229	0.07782	0.02717	0.03070	0.08243	0.13532	0.00664	0.00497	0.00147	0.02261	0.04265	0.00302	0.00555
9	0.09162	0.00758	0.00955	0.00748	0.01062	0.00700	0.00615	0.06655	0.01238	0.63064	0.01578	0.01423	0.01024	0.00531	0.00417	0.00133	0.00364	0.00421	0.08456	0.00697
10	0.00927	0.00930	0.12392	0.04645	0.19502	0.00740	0.03367	0.05039	0.01045	0.08483	0.06468	0.20562	0.12503	0.00773	0.00484	0.00148	0.00416	0.00686	0.00339	0.00550
11	0.01218	0.25534	0.05789	0.10668	0.11557	0.04466	0.04465	0.14288	0.04761	0.06685	0.01078	0.02533	0.04152	0.00486	0.00402	0.00126	0.00503	0.00391	0.00286	0.00615
12	0.00856	0.00728	0.00934	0.01624	0.06658	0.07151	0.06600	0.02335	0.03872	0.04759	0.01759	0.29729	0.06241	0.06804	0.10500	0.00241	0.04123	0.01639	0.02987	0.00457
13	0.00863	0.00809	0.00696	0.00654	0.00799	0.17860	0.00490	0.01043	0.02504	0.02773	0.35784	0.04779	0.20630	0.00826	0.00477	0.00134	0.00343	0.00689	0.07413	0.00435
14	0.81337	0.00912	0.04133	0.00616	0.00907	0.00982	0.00533	0.01328	0.00775	0.04358	0.00656	0.00750	0.00500	0.00414	0.00285	0.00137	0.00356	0.00249	0.00278	0.00494
15	0.00891	0.00812	0.01874	0.13920	0.02082	0.07545	0.03481	0.05662	0.00891	0.01195	0.01105	0.08897	0.01068	0.07233	0.18867	0.04182	0.13716	0.02267	0.03865	0.00447
16	0.01142	0.06715	0.02010	0.01473	0.01758	0.16141	0.39688	0.01380	0.00975	0.01237	0.00754	0.01029	0.00621	0.00493	0.00727	0.00151	0.22517	0.00424	0.00214	0.00549
17	0.00642	0.00430	0.00493	0.00493	0.00497	0.00434	0.00282	0.00650	0.00646	0.00865	0.01381	0.02833	0.01581	0.80467	0.06226	0.00442	0.00465	0.00634	0.00266	0.00274
18	0.00856	0.00832	0.00742	0.00765	0.00859	0.19690	0.00553	0.03525	0.00985	0.01185	0.04211	0.46827	0.02126	0.02614	0.08386	0.00217	0.00487	0.04379	0.00352	0.00413
19	0.01717	0.01176	0.01288	0.00987	0.01339	0.01279	0.00816	0.70436	0.01974	0.12742	0.01146	0.01116	0.00794	0.00532	0.00442	0.00133	0.00472	0.00403	0.00455	0.00751
20	0.01049	0.16153	0.03810	0.01082	0.01190	0.02749	0.00939	0.05027	0.00802	0.01153	0.00617	0.00921	0.00585	0.00675	0.01143	0.00170	0.60859	0.00357	0.00205	0.00517
21	0.01029	0.06082	0.04535	0.00791	0.01172	0.03722	0.03966	0.04895	0.07429	0.03123	0.02023	0.01022	0.00761	0.00384	0.00359	0.00088	0.00392	0.00311	0.00283	0.57631
22	0.00594	0.00425	0.00493	0.00513	0.00556	0.00405	0.00327	0.00647	0.00789	0.01028	0.05598	0.20340	0.18699	0.43432	0.03988	0.00314	0.00364	0.00834	0.00336	0.00319
23	0.00767	0.00384	0.00575	0.00575	0.00575	0.00384	0.00384	0.00575	0.00575	0.00767	0.00767	0.01343	0.00767	0.01534	0.01726	0.87150	0.00384	0.00384	0.00192	0.00192
24	0.01222	0.77416	0.02220	0.00790	0.01154	0.08927	0.00764	0.01362	0.00929	0.01043	0.00620	0.00716	0.00567	0.00385	0.00294	0.00096	0.00501	0.00240	0.00192	0.00562
25	0.00936	0.00828	0.01302	0.04904	0.39017	0.00832	0.03991	0.07894	0.01056	0.01444	0.01579	0.21964	0.07095	0.00742	0.00487	0.00149	0.00439	0.04465	0.00307	0.00570
26	0.00793	0.00530	0.00745	0.00708	0.00815	0.00585	0.00549	0.02734	0.00836	0.09072	0.05443	0.04755	0.04824	0.06628	0.54966	0.00534	0.04212	0.00537	0.00298	0.00434
27	0.00531	0.00424	0.00472	0.00508	0.00610	0.00369	0.00361	0.00627	0.00941	0.01162	0.03671	0.32920	0.51493	0.03115	0.00576	0.00166	0.00240	0.01042	0.00407	0.00365
28	0.04778	0.17224	0.38175	0.02943	0.05580	0.04611	0.03419	0.06125	0.01044	0.10864	0.00879	0.00971	0.00642	0.00432	0.00396	0.00129	0.00565	0.00332	0.00252	0.00638
29	0.00680	0.00463	0.00582	0.00569	0.00580	0.00499	0.00367	0.00679	0.00644	0.00879	0.01221	0.02392	0.01353	0.56613	0.12415	0.12903	0.06058	0.00566	0.00248	0.00287
30	0.00907	0.01789	0.57323	0.01190	0.04523	0.00915	0.03418	0.01350	0.03396	0.05282	0.03310	0.07838	0.00941	0.00683	0.05046	0.00175	0.00613	0.00442	0.00243	0.00614
31	0.01190	0.00986	0.04518	0.02237	0.09285	0.01940	0.01879	0.13733	0.36718	0.09244	0.04423	0.07540	0.03070	0.00628	0.00458	0.00145	0.00402	0.00532	0.00411	0.00662

[dist]
# distance from previous block
# <min> <max>
0	38

[block]
# block no. 4 follows, 59 sequences, length 33
# corresponding to MSA columns:
# 391-423
name=unknown_E
#
# <colnr> <probs for GDERKNQSTAVLIFYWHMCP>
#	G	D	E	R	K	N	Q	S	T	A	V	L	I	F	Y	W	H	M	C	P
0	0.03980	0.13985	0.23862	0.05672	0.13000	0.09511	0.01082	0.07174	0.01034	0.01391	0.00992	0.06077	0.03548	0.00515	0.00446	0.00131	0.03679	0.00402	0.00242	0.03277
1	0.01205	0.10755	0.22594	0.06657	0.07438	0.24701	0.02387	0.03621	0.01066	0.04529	0.03937	0.03069	0.00802	0.00493	0.00466	0.00131	0.04965	0.00368	0.00241	0.00576
2	0.00576	0.00423	0.00560	0.00599	0.00666	0.00408	0.00428	0.00705	0.00948	0.01291	0.23870	0.41056	0.10342	0.01548	0.14176	0.00254	0.00394	0.00971	0.00402	0.00382
3	0.05521	0.00631	0.00787	0.02230	0.03562	0.03987	0.05118	0.02641	0.00966	0.07308	0.10832	0.21904	0.12266	0.14376	0.02950	0.00211	0.00385	0.01959	0.01934	0.00433
4	0.03603	0.14395	0.14577	0.03619	0.12406	0.11471	0.05785	0.06472	0.02395	0.12167	0.00955	0.02577	0.00750	0.02118	0.00458	0.00133	0.01903	0.00373	0.00278	0.03564
5	0.00639	0.00507	0.00560	0.00555	0.00688	0.00471	0.00410	0.06144	0.04246	0.01376	0.12207	0.22221	0.46176	0.01095	0.00523	0.00154	0.00252	0.00938	0.00422	0.00413
6	0.00618	0.00454	0.00654	0.00673	0.00745	0.00506	0.00510	0.00761	0.00752	0.01073	0.01520	0.16975	0.03822	0.02786	0.62043	0.00573	0.00947	0.00628	0.03572	0.00388
7	0.00930	0.00868	0.07114	0.04259	0.09926	0.02747	0.09190	0.08385	0.02350	0.05721	0.01633	0.31836	0.04455	0.00910	0.01788	0.03628	0.02670	0.00742	0.00334	0.00512
8	0.00989	0.01359	0.26712	0.13189	0.26290	0.01004	0.07027	0.02537	0.04750	0.03542	0.02200	0.01164	0.00754	0.00581	0.04520	0.00168	0.01955	0.00398	0.00234	0.00627
9	0.00579	0.00429	0.00540	0.00562	0.00648	0.00391	0.00407	0.00724	0.01062	0.01434	0.38379	0.31102	0.17990	0.01114	0.00538	0.00156	0.00232	0.02879	0.00444	0.00389
10	0.00803	0.00590	0.00660	0.00606	0.00776	0.00570	0.00466	0.09941	0.07717	0.05506	0.20524	0.08647	0.37019	0.00944	0.00504	0.00147	0.00273	0.02050	0.01785	0.00471
11	0.01039	0.03094	0.05854	0.23450	0.21773	0.02056	0.09225	0.06642	0.12908	0.01460	0.00985	0.02501	0.00783	0.00485	0.00510	0.00144	0.05794	0.00427	0.00261	0.00610
12	0.00558	0.00468	0.00552	0.00532	0.00672	0.00410	0.02919	0.00689	0.01008	0.01252	0.12850	0.09975	0.59799	0.01208	0.04943	0.00180	0.00293	0.00904	0.00404	0.00385
13	0.00952	0.00784	0.00920	0.00659	0.01049	0.00591	0.00528	0.01147	0.00928	0.04148	0.00817	0.00936	0.00669	0.00334	0.00331	0.00068	0.00329	0.00268	0.00271	0.84273
14	0.00537	0.00388	0.00509	0.00606	0.00638	0.00360	0.00406	0.00616	0.00854	0.01131	0.02546	0.79813	0.07226	0.01369	0.00561	0.00178	0.00254	0.01238	0.00410	0.00360
15	0.00846	0.00790	0.01122	0.00998	0.01027	0.01066	0.00818	0.00965	0.00688	0.01049	0.00796	0.01242	0.00768	0.01683	0.30581	0.00378	0.54105	0.00418	0.00209	0.00451
16	0.01053	0.01235	0.07578	0.01783	0.04349	0.01110	0.66920	0.01412	0.01021	0.03379	0.00890	0.01168	0.00670	0.00401	0.00558	0.00150	0.04999	0.00496	0.00227	0.00600
17	0.00631	0.00473	0.00710	0.00710	0.00789	0.00552	0.00552	0.00789	0.00710	0.01025	0.01183	0.01735	0.01104	0.03312	0.82728	0.00710	0.01183	0.00473	0.00237	0.00394
18	0.01899	0.00853	0.01084	0.00834	0.01176	0.00803	0.00688	0.17588	0.03448	0.64335	0.01609	0.01419	0.01032	0.00545	0.00444	0.00136	0.00397	0.00436	0.00523	0.00750
19	0.00996	0.00983	0.01756	0.24593	0.43279	0.01029	0.14423	0.01278	0.00972	0.01338	0.00923	0.01216	0.02855	0.00430	0.00473	0.00140	0.02056	0.00429	0.00218	0.00612
20	0.00635	0.00469	0.00686	0.00686	0.00760	0.00540	0.00525	0.00782	0.00709	0.01024	0.01204	0.01824	0.01144	0.09607	0.74898	0.00676	0.01106	0.00485	0.01856	0.00385
21	0.12314	0.00619	0.00714	0.00680	0.00785	0.03477	0.00516	0.03513	0.00793	0.01222	0.02820	0.01825	0.03895	0.16622	0.41374	0.00472	0.04934	0.00479	0.02542	0.00404
22	0.02978	0.01301	0.11772	0.01308	0.12991	0.11422	0.08412	0.10284	0.24275	0.04370	0.02864	0.01356	0.03636	0.00517	0.00443	0.00138	0.00516	0.00439	0.00331	0.00646
23	0.04231	0.02297	0.04197	0.02769	0.06580	0.00928	0.15429	0.13529	0.02525	0.28761	0.01329	0.01417	0.03269	0.00589	0.02567	0.00153	0.02758	0.02188	0.00379	0.04104
24	0.00631	0.00442	0.00569	0.00576	0.00608	0.00470	0.00384	0.00695	0.00682	0.00938	0.01387	0.08161	0.01511	0.48329	0.32195	0.00516	0.00698	0.00622	0.00266	0.00321
25	0.02364	0.00896	0.01382	0.03001	0.35400	0.00919	0.07079	0.08022	0.08691	0.02707	0.05173	0.03613	0.05179	0.00754	0.05561	0.00178	0.00509	0.06438	0.01526	0.00607
26	0.01171	0.05675	0.29767	0.02953	0.19316	0.05192	0.05264	0.07223	0.06773	0.09620	0.02252	0.01122	0.00778	0.00453	0.00429	0.00135	0.00558	0.00382	0.00276	0.00662
27	0.00648	0.00479	0.00555	0.00562	0.00640	0.00467	0.00386	0.04659	0.02683	0.01182	0.06018	0.23019	0.21951	0.27835	0.05532	0.00275	0.00367	0.02014	0.00361	0.00366
28	0.02483	0.00946	0.00926	0.02796	0.07557	0.17781	0.00669	0.08421	0.02736	0.09375	0.01781	0.33132	0.06301	0.00877	0.00485	0.00150	0.00436	0.02274	0.00367	0.00507
29	0.01128	0.05039	0.09219	0.05697	0.25855	0.06346	0.14115	0.08406	0.02271	0.04085	0.01046	0.02908	0.04067	0.00493	0.00513	0.00138	0.06135	0.00435	0.00259	0.01844
30	0.05874	0.04786	0.10682	0.04579	0.05753	0.15449	0.05869	0.19629	0.01229	0.04242	0.02134	0.03867	0.00816	0.01873	0.05385	0.00175	0.06376	0.00405	0.00290	0.00587
31	0.05990	0.04544	0.06315	0.03466	0.03527	0.09377	0.03347	0.01124	0.01808	0.05049	0.01084	0.01669	0.03005	0.25558	0.05848	0.00260	0.14024	0.00457	0.00255	0.03293
32	0.05615	0.12479	0.03899	0.05023	0.07263	0.16004	0.02123	0.10903	0.07673	0.10770	0.00982	0.01087	0.00758	0.00468	0.00415	0.00122	0.02218	0.01404	0.00307	0.10486

[dist]
# distance from previous block
# <min> <max>
1	39

[block]
# block no. 5 follows, 59 sequences, length 26
# corresponding to MSA columns:
# 470-495
name=unknown_F
#
# <colnr> <probs for GDERKNQSTAVLIFYWHMCP>
#	G	D	E	R	K	N	Q	S	T	A	V	L	I	F	Y	W	H	M	C	P
0	0.01116	0.37633	0.10555	0.03076	0.07274	0.08735	0.00869	0.07302	0.03632	0.01299	0.02443	0.02633	0.07135	0.00618	0.03812	0.00142	0.00528	0.00379	0.00250	0.00569
1	0.02885	0.21799	0.12166	0.03021	0.06727	0.06486	0.08896	0.05846	0.04439	0.07053	0.01160	0.02263	0.06159	0.03688	0.00489	0.00137	0.01899	0.00407	0.00273	0.04204
2	0.00927	0.15147	0.07698	0.01038	0.09464	0.06316	0.03299	0.01130	0.02461	0.02865	0.00994	0.01420	0.00907	0.09446	0.30954	0.00370	0.04419	0.00414	0.00234	0.00496
3	0.00742	0.00515	0.00593	0.00568	0.00673	0.00503	0.00401	0.04354	0.06654	0.04477	0.18915	0.12900	0.17099	0.24106	0.00983	0.00225	0.00307	0.00764	0.04814	0.00407
4	0.07400	0.31992	0.09078	0.00894	0.01214	0.09291	0.03516	0.07082	0.02249	0.06292	0.00909	0.02932	0.00779	0.00786	0.09239	0.00185	0.03156	0.02185	0.00259	0.00561
5	0.02717	0.12667	0.01432	0.05428	0.18170	0.04878	0.04097	0.09921	0.08319	0.12831	0.04725	0.01453	0.06888	0.00542	0.00469	0.00134	0.03934	0.00443	0.00330	0.00621
6	0.00727	0.02615	0.02027	0.02566	0.06563	0.00573	0.02452	0.00982	0.07220	0.04149	0.23745	0.06364	0.35537	0.00901	0.00501	0.00145	0.00293	0.01770	0.00406	0.00462
7	0.02454	0.00470	0.00506	0.00518	0.00551	0.02356	0.00320	0.00698	0.00746	0.01010	0.03681	0.16479	0.07599	0.55292	0.01634	0.00332	0.00377	0.00743	0.03925	0.00310
8	0.01229	0.01028	0.04020	0.07062	0.14883	0.07930	0.05950	0.06070	0.17517	0.15366	0.05776	0.05272	0.03335	0.00570	0.00454	0.00139	0.00466	0.00495	0.00362	0.02076
9	0.01227	0.01207	0.08703	0.10699	0.19803	0.09921	0.10559	0.12412	0.03575	0.09071	0.02931	0.03204	0.01746	0.00514	0.00478	0.02044	0.00555	0.00435	0.00296	0.00621
10	0.01085	0.01012	0.00947	0.00860	0.01084	0.11774	0.00662	0.01993	0.56210	0.01695	0.09548	0.01853	0.06352	0.00639	0.00451	0.00143	0.00384	0.00524	0.02160	0.00621
11	0.00995	0.01202	0.08192	0.03811	0.03960	0.01062	0.64581	0.01357	0.01004	0.01377	0.00904	0.01212	0.00694	0.00603	0.06789	0.00191	0.00763	0.00497	0.00221	0.00584
12	0.05285	0.06111	0.14381	0.05317	0.12656	0.07172	0.09008	0.03161	0.11611	0.11602	0.02482	0.02524	0.05724	0.00517	0.00434	0.00137	0.00510	0.00442	0.00309	0.00618
13	0.04393	0.03871	0.01132	0.10755	0.13062	0.00764	0.07125	0.01132	0.03972	0.08527	0.01707	0.27409	0.06630	0.00850	0.01606	0.00162	0.02993	0.03068	0.00333	0.00511
14	0.00760	0.00544	0.00676	0.00617	0.00754	0.00533	0.00470	0.04163	0.09594	0.04426	0.67419	0.02980	0.03639	0.00845	0.00508	0.00140	0.00239	0.00740	0.00483	0.00470
15	0.06188	0.01617	0.01266	0.01114	0.02753	0.48132	0.06497	0.06836	0.10290	0.06283	0.00932	0.01020	0.00727	0.00587	0.03721	0.00149	0.00682	0.00350	0.00288	0.00566
16	0.01172	0.09556	0.27357	0.03853	0.13844	0.01062	0.04480	0.11567	0.04342	0.11120	0.01113	0.03817	0.02045	0.00505	0.00431	0.00137	0.00527	0.02125	0.00295	0.00651
17	0.00828	0.00751	0.00997	0.14514	0.19926	0.05919	0.00779	0.01018	0.01026	0.02871	0.14303	0.08003	0.22711	0.02454	0.00519	0.00149	0.00400	0.02014	0.00331	0.00488
18	0.00767	0.00384	0.00575	0.00575	0.00575	0.00384	0.00384	0.00575	0.00575	0.00767	0.00767	0.01343	0.00767	0.01534	0.01726	0.87150	0.00384	0.00384	0.00192	0.00192
19	0.01096	0.01165	0.12724	0.07958	0.21217	0.04036	0.05666	0.06561	0.07702	0.06115	0.03903	0.01224	0.01803	0.00467	0.00462	0.00129	0.03345	0.00400	0.00283	0.13745
20	0.00648	0.00462	0.00596	0.00590	0.00620	0.00504	0.00398	0.00711	0.00669	0.00928	0.01287	0.02387	0.01382	0.50674	0.33250	0.00530	0.03219	0.00569	0.00253	0.00323
21	0.00886	0.02285	0.82190	0.01259	0.01912	0.01026	0.01632	0.01399	0.00932	0.01399	0.00793	0.00932	0.00559	0.00420	0.00420	0.00140	0.00653	0.00326	0.00186	0.00653
22	0.01637	0.01234	0.01392	0.01111	0.04156	0.03288	0.04677	0.69439	0.01945	0.05080	0.01056	0.01075	0.00752	0.00517	0.00445	0.00133	0.00504	0.00402	0.00422	0.00736
23	0.01077	0.00999	0.03188	0.08502	0.24662	0.05276	0.18559	0.05686	0.01082	0.07586	0.03885	0.12023	0.04291	0.00589	0.00477	0.00143	0.00526	0.00564	0.00296	0.00589
24	0.00535	0.00430	0.00474	0.00500	0.00610	0.00373	0.00359	0.00640	0.00969	0.01200	0.08176	0.25934	0.54052	0.02993	0.00571	0.00163	0.00236	0.01006	0.00411	0.00369
25	0.01179	0.01098	0.05864	0.06497	0.36346	0.05309	0.01062	0.11040	0.12399	0.06326	0.01130	0.05235	0.00934	0.03029	0.00498	0.00146	0.00496	0.00451	0.00306	0.00655

[dist]
# distance from previous block
# <min> <max>
11	20

[block]
# block no. 6 follows, 59 sequences, length 15
# corresponding to MSA columns:
# 518-532
name=unknown_G
#
# <colnr> <probs for GDERKNQSTAVLIFYWHMCP>
#	G	D	E	R	K	N	Q	S	T	A	V	L	I	F	Y	W	H	M	C	P
0	0.00911	0.08341	0.59218	0.01250	0.05130	0.01032	0.06359	0.01338	0.00939	0.01364	0.00930	0.02803	0.03027	0.00449	0.00417	0.00134	0.00601	0.00369	0.00206	0.05183
1	0.00854	0.04127	0.00846	0.05443	0.07004	0.00623	0.00600	0.04245	0.04250	0.09545	0.05718	0.34695	0.10708	0.02827	0.03447	0.00183	0.00366	0.03657	0.00385	0.00476
2	0.01127	0.16454	0.18216	0.07502	0.14273	0.09416	0.10364	0.05547	0.05298	0.03109	0.02196	0.01122	0.02569	0.00449	0.00416	0.00130	0.00573	0.00381	0.00246	0.00611
3	0.01357	0.05947	0.01207	0.04915	0.04613	0.47181	0.00797	0.06958	0.04591	0.01322	0.07836	0.01327	0.06481	0.00539	0.00418	0.00121	0.00615	0.00395	0.00283	0.03096
4	0.00761	0.00386	0.00571	0.00571	0.00571	0.00386	0.00378	0.00579	0.00579	0.00771	0.00797	0.01416	0.00807	0.05472	0.01751	0.83033	0.00386	0.00396	0.00195	0.00195
5	0.01033	0.16513	0.09461	0.03029	0.09601	0.10937	0.02529	0.04233	0.01029	0.05508	0.03856	0.11537	0.11585	0.05291	0.00536	0.00150	0.00471	0.01877	0.00298	0.00525
6	0.04056	0.05335	0.13267	0.03162	0.11766	0.16304	0.12426	0.04150	0.05835	0.10078	0.01033	0.02341	0.01833	0.02298	0.00466	0.00137	0.00573	0.00400	0.00281	0.04259
7	0.00631	0.00473	0.00710	0.00710	0.00789	0.00552	0.00552	0.00789	0.00710	0.01025	0.01183	0.01735	0.01104	0.03312	0.82728	0.00710	0.01183	0.00473	0.00237	0.00394
8	0.00617	0.00439	0.00590	0.00643	0.00708	0.00410	0.02330	0.00742	0.03073	0.04030	0.04051	0.68358	0.09786	0.01276	0.00551	0.00173	0.00271	0.01151	0.00413	0.00390
9	0.01339	0.28393	0.12145	0.01138	0.08308	0.16948	0.03704	0.09817	0.04526	0.08459	0.00875	0.00951	0.00680	0.00439	0.00382	0.00119	0.00560	0.00327	0.00269	0.00621
10	0.00824	0.00626	0.00835	0.05401	0.04297	0.02734	0.03678	0.02264	0.00774	0.05273	0.01213	0.02152	0.01243	0.44685	0.15695	0.00392	0.06719	0.00541	0.00266	0.00389
11	0.00901	0.01481	0.44843	0.00997	0.01420	0.00775	0.02780	0.01244	0.00985	0.10032	0.07297	0.15901	0.06660	0.00695	0.00467	0.00148	0.00491	0.02008	0.00305	0.00571
12	0.00753	0.00867	0.15109	0.00737	0.02552	0.00625	0.00665	0.05177	0.07628	0.02646	0.15313	0.08914	0.33199	0.00867	0.00488	0.00145	0.00332	0.00732	0.02763	0.00488
13	0.03698	0.07274	0.12393	0.01078	0.05756	0.09864	0.03913	0.12994	0.13954	0.14957	0.01244	0.05449	0.00983	0.00558	0.00449	0.00138	0.01870	0.02435	0.00352	0.00641
14	0.01182	0.07348	0.04219	0.02310	0.09274	0.20108	0.04532	0.13621	0.02906	0.01503	0.05484	0.01480	0.09289	0.00675	0.03860	0.00152	0.04373	0.00439	0.03356	0.03889

[dist]
# distance from previous block
# <min> <max>
1	14

[block]
# block no. 7 follows, 59 sequences, length 33
# corresponding to MSA columns:
# 547-579
name=unknown_H
#
# <colnr> <probs for GDERKNQSTAVLIFYWHMCP>
#	G	D	E	R	K	N	Q	S	T	A	V	L	I	F	Y	W	H	M	C	P
0	0.01201	0.15469	0.08367	0.02562	0.07810	0.05920	0.13022	0.18005	0.05916	0.01614	0.00941	0.01073	0.02154	0.00470	0.00488	0.00129	0.06579	0.00380	0.00278	0.07622
1	0.00959	0.03082	0.02929	0.02667	0.15925	0.05868	0.00715	0.02367	0.06285	0.06541	0.02554	0.04685	0.09882	0.10795	0.12011	0.00244	0.01471	0.00515	0.03120	0.07384
2	0.01213	0.09256	0.21915	0.05288	0.15949	0.07994	0.06372	0.10618	0.02381	0.09276	0.01014	0.02267	0.02316	0.00466	0.00424	0.00131	0.00559	0.00389	0.00276	0.01896
3	0.00725	0.00683	0.04335	0.00867	0.01030	0.01871	0.15353	0.00905	0.02451	0.02616	0.03565	0.35012	0.09656	0.10465	0.06921	0.00232	0.00462	0.00854	0.00337	0.01662
4	0.00712	0.00506	0.00601	0.00585	0.01817	0.00466	0.00431	0.00943	0.06419	0.06762	0.34427	0.08894	0.32148	0.00957	0.00509	0.00145	0.00242	0.00823	0.02173	0.00441
5	0.00919	0.02845	0.04687	0.05286	0.25290	0.00805	0.05196	0.02341	0.05685	0.04657	0.09491	0.02186	0.18109	0.00662	0.00484	0.00141	0.02013	0.03595	0.05055	0.00555
6	0.01535	0.01224	0.03080	0.00951	0.01252	0.13037	0.00784	0.46545	0.03700	0.09240	0.01164	0.01296	0.00878	0.00601	0.02028	0.00142	0.00509	0.03585	0.07788	0.00663
7	0.00713	0.00542	0.00630	0.00631	0.00754	0.00543	0.00462	0.01085	0.18520	0.03126	0.18245	0.30520	0.18152	0.01024	0.00513	0.00156	0.00262	0.00897	0.02769	0.00457
8	0.00640	0.00439	0.00536	0.00536	0.00555	0.00458	0.00335	0.00677	0.00658	0.00896	0.01342	0.02616	0.01487	0.65207	0.21357	0.00495	0.00607	0.00602	0.00260	0.00298
9	0.00894	0.05299	0.68654	0.03340	0.01873	0.01038	0.05383	0.01359	0.00931	0.01367	0.00851	0.02747	0.00653	0.00457	0.00442	0.00142	0.01876	0.01868	0.00198	0.00629
10	0.00834	0.00785	0.01325	0.83417	0.03042	0.00981	0.01227	0.01128	0.00883	0.01128	0.00785	0.01178	0.00589	0.00442	0.00442	0.00147	0.00589	0.00393	0.00196	0.00491
11	0.01339	0.00692	0.00790	0.00653	0.00881	0.00690	0.00524	0.18736	0.01278	0.25110	0.01518	0.01540	0.02986	0.00542	0.00382	0.00120	0.00317	0.00431	0.40887	0.00583
12	0.00540	0.00387	0.00510	0.00606	0.00635	0.00361	0.00404	0.00616	0.00846	0.01123	0.02476	0.79645	0.05447	0.03364	0.00603	0.00184	0.00259	0.01230	0.00407	0.00357
13	0.00567	0.00460	0.00504	0.00491	0.00629	0.00403	0.00369	0.00735	0.02934	0.01385	0.27965	0.03899	0.56022	0.01041	0.00520	0.00146	0.00222	0.00881	0.00434	0.00394
14	0.00954	0.00784	0.00920	0.00659	0.01050	0.00591	0.00528	0.01150	0.00928	0.04357	0.00820	0.00937	0.00670	0.00335	0.00331	0.00068	0.00329	0.00268	0.00272	0.84049
15	0.01003	0.00831	0.00705	0.00666	0.00797	0.16442	0.00505	0.01288	0.09582	0.01487	0.01342	0.06822	0.01127	0.00586	0.00432	0.00121	0.05759	0.00450	0.49591	0.00463
16	0.00929	0.00591	0.00853	0.05025	0.00979	0.00606	0.08685	0.03071	0.00950	0.09426	0.02766	0.11302	0.01288	0.03696	0.07067	0.01990	0.03897	0.00542	0.35873	0.00463
17	0.02543	0.00653	0.00792	0.07455	0.04120	0.05519	0.00582	0.03490	0.02013	0.04049	0.01392	0.14021	0.02501	0.22647	0.24146	0.00379	0.02385	0.00607	0.00289	0.00416
18	0.00958	0.12495	0.04766	0.00866	0.02961	0.11898	0.00701	0.06506	0.02843	0.01226	0.03665	0.04610	0.02635	0.05577	0.32657	0.00369	0.04067	0.00455	0.00263	0.00481
19	0.05288	0.03342	0.53991	0.02515	0.04312	0.02965	0.02874	0.09315	0.01062	0.03749	0.02021	0.01001	0.00660	0.00438	0.00412	0.00134	0.00586	0.00343	0.01419	0.03572
20	0.05540	0.04435	0.05739	0.04001	0.15149	0.08630	0.06853	0.05323	0.02415	0.01334	0.02355	0.01249	0.02379	0.05137	0.06429	0.00201	0.20452	0.00410	0.00242	0.01727
21	0.00636	0.00459	0.00522	0.00526	0.00588	0.00445	0.00346	0.02582	0.02593	0.01116	0.07080	0.15532	0.19664	0.40271	0.03835	0.00300	0.00362	0.00791	0.02010	0.00342
22	0.00767	0.00384	0.00575	0.00575	0.00575	0.00384	0.00384	0.00575	0.00575	0.00767	0.00767	0.01343	0.00767	0.01534	0.01726	0.87150	0.00384	0.00384	0.00192	0.00192
23	0.01881	0.04131	0.00811	0.00761	0.03717	0.03993	0.03180	0.06495	0.01038	0.04255	0.07219	0.36790	0.18904	0.01073	0.01804	0.00165	0.00344	0.02606	0.00387	0.00446
24	0.01046	0.00928	0.02696	0.27609	0.37314	0.02913	0.02720	0.01299	0.00979	0.07735	0.01016	0.03024	0.00862	0.03188	0.00510	0.00151	0.00531	0.04631	0.00253	0.00595
25	0.00632	0.00471	0.00696	0.00696	0.00770	0.00545	0.00535	0.00780	0.00706	0.01015	0.01196	0.01804	0.01134	0.08185	0.77897	0.00693	0.01138	0.00483	0.00238	0.00387
26	0.00906	0.00618	0.00712	0.00668	0.00826	0.02520	0.00508	0.01229	0.14301	0.13501	0.16784	0.19309	0.19090	0.00927	0.00526	0.00152	0.02538	0.02219	0.02172	0.00496
27	0.04502	0.10233	0.07796	0.07296	0.16121	0.14566	0.04071	0.13148	0.04872	0.09473	0.01038	0.01133	0.02891	0.00472	0.00415	0.00129	0.00544	0.00378	0.00296	0.00627
28	0.00717	0.00405	0.00558	0.00558	0.00565	0.00412	0.00362	0.00614	0.00608	0.00817	0.00997	0.01857	0.01056	0.27455	0.08812	0.52820	0.00466	0.00472	0.00219	0.00233
29	0.00702	0.00518	0.00654	0.00667	0.00766	0.01808	0.02500	0.02800	0.02918	0.03883	0.07164	0.34944	0.14085	0.07492	0.04510	0.00213	0.00357	0.11552	0.02059	0.00406
30	0.03376	0.02718	0.23851	0.01130	0.06048	0.10063	0.08643	0.06614	0.04183	0.05533	0.01582	0.07427	0.12054	0.00638	0.00459	0.00143	0.00524	0.04141	0.00301	0.00571
31	0.03964	0.06521	0.11089	0.09044	0.18472	0.08551	0.06603	0.15286	0.08104	0.01633	0.02630	0.01235	0.03962	0.00485	0.00430	0.00134	0.00537	0.00409	0.00286	0.00625
32	0.01178	0.01243	0.05690	0.04928	0.03128	0.20528	0.08308	0.13556	0.05935	0.02597	0.05060	0.05627	0.04641	0.02724	0.04264	0.01435	0.07833	0.00480	0.00302	0.00545

[dist]
# distance from previous block
# <min> <max>
1	38

[block]
# block no. 8 follows, 59 sequences, length 13
# corresponding to MSA columns:
# 618-630
name=unknown_I
#
# <colnr> <probs for GDERKNQSTAVLIFYWHMCP>
#	G	D	E	R	K	N	Q	S	T	A	V	L	I	F	Y	W	H	M	C	P
0	0.07450	0.16785	0.11885	0.02567	0.18205	0.10382	0.03883	0.09396	0.05143	0.04158	0.00915	0.01029	0.01997	0.00440	0.00392	0.00124	0.00527	0.00348	0.00264	0.04110
1	0.00827	0.01885	0.05841	0.05827	0.05040	0.04958	0.00641	0.06053	0.02097	0.01229	0.01596	0.13641	0.08534	0.20549	0.08260	0.01484	0.03233	0.02332	0.02395	0.03579
2	0.01146	0.19422	0.22173	0.03986	0.07119	0.04919	0.07619	0.07308	0.04008	0.06832	0.01926	0.02593	0.00756	0.00468	0.00454	0.00129	0.04512	0.00372	0.00259	0.04001
