[name]
unknown

[dist]
# distance from previous block
# <min> <max>
0	30

[block]
# block no. 0 follows, 72 sequences, length 11
# corresponding to MSA columns:
# 30-40
name=unknown_A
#
# <colnr> <probs for GDERKNQSTAVLIFYWHMCP>
#	G	D	E	R	K	N	Q	S	T	A	V	L	I	F	Y	W	H	M	C	P
0	0.04430	0.01898	0.06720	0.00887	0.04528	0.10782	0.05158	0.20446	0.08546	0.04266	0.03257	0.08649	0.01872	0.00575	0.00411	0.00124	0.01950	0.10488	0.01183	0.03831
1	0.00606	0.00409	0.00486	0.00481	0.00588	0.00367	0.00353	0.02776	0.00898	0.08538	0.17220	0.27232	0.35051	0.02620	0.00480	0.00137	0.00219	0.00807	0.00372	0.00359
2	0.00836	0.02915	0.16368	0.00799	0.03467	0.07567	0.02170	0.06548	0.19120	0.03169	0.05535	0.09268	0.15104	0.02661	0.01631	0.00136	0.01418	0.00507	0.00300	0.00480
3	0.00508	0.00403	0.00466	0.00449	0.00568	0.00347	0.00333	0.00633	0.00907	0.01195	0.29254	0.14307	0.39903	0.00873	0.00438	0.00123	0.00199	0.00751	0.00362	0.07981
4	0.00951	0.00935	0.05631	0.09216	0.39370	0.10216	0.02281	0.01190	0.03906	0.07374	0.10136	0.03731	0.02504	0.00449	0.00386	0.00116	0.00434	0.00401	0.00247	0.00525
5	0.01136	0.00891	0.00973	0.08087	0.01177	0.05405	0.00644	0.29636	0.15278	0.07836	0.00960	0.00988	0.00711	0.00409	0.00352	0.00101	0.00376	0.00322	0.00317	0.24400
6	0.00771	0.00691	0.01152	0.56978	0.20193	0.00797	0.00997	0.00997	0.00788	0.03601	0.00840	0.08981	0.00727	0.00448	0.00388	0.00126	0.00461	0.00408	0.00199	0.00457
7	0.08959	0.01004	0.01101	0.00933	0.07275	0.01096	0.00714	0.66065	0.01570	0.02191	0.00852	0.00881	0.00618	0.00430	0.00362	0.00111	0.00403	0.00324	0.00345	0.04765
8	0.08674	0.00833	0.03337	0.09964	0.47693	0.00808	0.00948	0.01257	0.00870	0.16586	0.00835	0.00972	0.00632	0.00365	0.00360	0.00113	0.00414	0.00328	0.00243	0.04768
9	0.04622	0.01029	0.01267	0.05976	0.30652	0.10929	0.04477	0.26128	0.06916	0.01584	0.02260	0.00961	0.00678	0.00402	0.00372	0.00114	0.00458	0.00340	0.00266	0.00570
10	0.07252	0.00467	0.00554	0.00549	0.00663	0.00446	0.00401	0.06446	0.00858	0.10025	0.03759	0.49942	0.11464	0.00924	0.00434	0.00137	0.00249	0.00810	0.00354	0.04268

[dist]
# distance from previous block
# <min> <max>
6	14

[block]
# block no. 1 follows, 72 sequences, length 14
# corresponding to MSA columns:
# 57-70
name=unknown_B
#
# <colnr> <probs for GDERKNQSTAVLIFYWHMCP>
#	G	D	E	R	K	N	Q	S	T	A	V	L	I	F	Y	W	H	M	C	P
0	0.10046	0.10588	0.03645	0.00977	0.13100	0.08455	0.02791	0.08764	0.17066	0.06252	0.08109	0.01181	0.03056	0.00457	0.00378	0.00114	0.02731	0.00362	0.00286	0.01641
1	0.03889	0.05469	0.00969	0.00828	0.06255	0.06361	0.00616	0.23665	0.19559	0.07402	0.04117	0.07696	0.01025	0.02941	0.00412	0.00121	0.00361	0.00415	0.02891	0.05008
2	0.00951	0.02526	0.00933	0.08427	0.06919	0.06765	0.00649	0.15207	0.29380	0.01473	0.05508	0.04207	0.06403	0.03708	0.00439	0.00127	0.00364	0.00434	0.00318	0.05263
3	0.00607	0.04141	0.00658	0.00678	0.08099	0.00468	0.00453	0.00768	0.02978	0.03017	0.32905	0.25410	0.06939	0.02271	0.07069	0.00169	0.00299	0.00705	0.01988	0.00378
4	0.02555	0.16254	0.15613	0.03953	0.08562	0.05856	0.10256	0.18103	0.02309	0.08870	0.00792	0.00877	0.00591	0.00379	0.00352	0.00109	0.00469	0.00312	0.00249	0.03539
5	0.02478	0.17862	0.08003	0.03192	0.02304	0.00926	0.04645	0.22053	0.02114	0.14030	0.02330	0.13185	0.02416	0.00527	0.00367	0.00115	0.00384	0.00435	0.00305	0.02329
6	0.00615	0.00429	0.00510	0.00502	0.00609	0.00401	0.00369	0.00812	0.08298	0.07452	0.22659	0.24771	0.26743	0.03457	0.00491	0.00139	0.00221	0.00773	0.00376	0.00373
7	0.00676	0.00483	0.00597	0.00618	0.04234	0.03558	0.02079	0.00790	0.00870	0.10505	0.13766	0.32813	0.23284	0.00954	0.02839	0.00147	0.00277	0.00779	0.00354	0.00379
8	0.03930	0.07918	0.16077	0.04307	0.11138	0.06989	0.10561	0.08158	0.04908	0.03904	0.04346	0.04700	0.02778	0.00466	0.00452	0.00121	0.08120	0.00381	0.00236	0.00508
9	0.00869	0.00939	0.17167	0.02873	0.14268	0.00714	0.13528	0.03450	0.02720	0.11422	0.04524	0.07119	0.13007	0.01939	0.00448	0.00129	0.01873	0.02237	0.00274	0.00499
10	0.00478	0.00372	0.00448	0.00467	0.00552	0.00342	0.00340	0.00584	0.00828	0.01072	0.16058	0.26327	0.37925	0.01228	0.11004	0.00194	0.00300	0.00810	0.00344	0.00325
11	0.06181	0.01020	0.08515	0.00821	0.01130	0.00986	0.00720	0.53426	0.01465	0.16639	0.01023	0.04616	0.00749	0.00475	0.00375	0.00117	0.00398	0.00367	0.00367	0.00610
12	0.01115	0.00939	0.07742	0.04271	0.32313	0.03135	0.02817	0.12915	0.06721	0.16900	0.02449	0.02658	0.01923	0.00439	0.00384	0.00118	0.00419	0.01868	0.00290	0.00582
13	0.00998	0.08423	0.04267	0.02582	0.15632	0.09495	0.07770	0.04068	0.02685	0.12466	0.08029	0.01217	0.00948	0.03179	0.11692	0.00188	0.05236	0.00376	0.00256	0.00493

[dist]
# distance from previous block
# <min> <max>
2	3

[block]
# block no. 2 follows, 72 sequences, length 12
# corresponding to MSA columns:
# 74-85
name=unknown_C
#
# <colnr> <probs for GDERKNQSTAVLIFYWHMCP>
#	G	D	E	R	K	N	Q	S	T	A	V	L	I	F	Y	W	H	M	C	P
0	0.00558	0.00443	0.00531	0.00585	0.04344	0.00421	0.00401	0.04770	0.05243	0.01132	0.06091	0.36998	0.33572	0.00970	0.00454	0.00138	0.00234	0.02402	0.00351	0.00361
1	0.04776	0.14754	0.01208	0.00870	0.03985	0.22197	0.00689	0.33504	0.03858	0.03407	0.00763	0.00811	0.00587	0.00400	0.00336	0.00101	0.00463	0.00285	0.00278	0.06728
2	0.00917	0.00770	0.03935	0.02143	0.17174	0.00701	0.05159	0.08685	0.09242	0.08459	0.10926	0.04706	0.04693	0.00477	0.00375	0.00106	0.00346	0.00420	0.00297	0.20468
3	0.01227	0.04130	0.04370	0.00913	0.02396	0.42422	0.00726	0.15816	0.01080	0.04403	0.00735	0.00873	0.00598	0.00753	0.11950	0.00176	0.06424	0.00296	0.00235	0.00477
4	0.00729	0.00698	0.01214	0.79880	0.02568	0.00851	0.06773	0.00986	0.00768	0.00986	0.00681	0.01012	0.00510	0.00375	0.00384	0.00126	0.00515	0.00345	0.00170	0.00428
5	0.00467	0.00366	0.00422	0.00447	0.00533	0.00322	0.00321	0.00565	0.00850	0.01082	0.15650	0.31608	0.44002	0.01009	0.00460	0.00136	0.00200	0.00877	0.00362	0.00322
6	0.00752	0.00706	0.01192	0.65454	0.18579	0.00837	0.01048	0.00994	0.00772	0.01018	0.00697	0.01019	0.00545	0.00484	0.04270	0.00146	0.00518	0.00340	0.00174	0.00453
7	0.00479	0.00343	0.00438	0.00500	0.00531	0.00321	0.00333	0.00547	0.00741	0.00986	0.08686	0.63429	0.07846	0.12139	0.00665	0.00177	0.00234	0.00960	0.00342	0.00303
8	0.01067	0.00903	0.00924	0.00799	0.01028	0.04750	0.00630	0.20674	0.58292	0.01720	0.01337	0.01268	0.01002	0.00572	0.03162	0.00140	0.00368	0.00400	0.00370	0.00595
9	0.00686	0.03013	0.00793	0.06136	0.11684	0.02195	0.00575	0.05353	0.02905	0.01174	0.16850	0.06711	0.09672	0.06132	0.20271	0.00251	0.01754	0.03160	0.00281	0.00403
10	0.00671	0.00538	0.03334	0.00784	0.10151	0.00477	0.02224	0.03806	0.00849	0.06042	0.09685	0.42735	0.07023	0.00936	0.03688	0.00151	0.00307	0.00758	0.00325	0.05516
11	0.09137	0.21197	0.12987	0.01141	0.19407	0.05330	0.03434	0.11291	0.04739	0.03548	0.00725	0.00824	0.00572	0.00365	0.00328	0.00105	0.00438	0.00286	0.00224	0.03921

[dist]
# distance from previous block
# <min> <max>
1	16

[block]
# block no. 3 follows, 72 sequences, length 6
# corresponding to MSA columns:
# 102-107
name=unknown_D
#
# <colnr> <probs for GDERKNQSTAVLIFYWHMCP>
#	G	D	E	R	K	N	Q	S	T	A	V	L	I	F	Y	W	H	M	C	P
0	0.00617	0.00514	0.00701	0.03447	0.11240	0.00494	0.02898	0.03420	0.04267	0.01304	0.33149	0.08508	0.26459	0.00757	0.00434	0.00124	0.00256	0.00664	0.00348	0.00399
1	0.03386	0.00676	0.00779	0.00648	0.03451	0.03182	0.00490	0.01140	0.08837	0.10891	0.12607	0.04191	0.01149	0.00433	0.00337	0.00087	0.00289	0.00361	0.00298	0.46768
2	0.00467	0.00354	0.00430	0.00477	0.00540	0.00318	0.00333	0.00556	0.00811	0.01052	0.12493	0.50305	0.28359	0.01067	0.00468	0.00142	0.00206	0.00944	0.00360	0.00318
3	0.03604	0.12133	0.05753	0.04790	0.09327	0.12887	0.02764	0.10388	0.12589	0.04223	0.05297	0.03335	0.08307	0.00486	0.00363	0.00112	0.00411	0.00391	0.00275	0.02566
4	0.05043	0.07616	0.05793	0.00887	0.07335	0.15918	0.00691	0.17673	0.07852	0.06896	0.03383	0.01061	0.02854	0.00632	0.07561	0.00148	0.00481	0.00331	0.00276	0.07567
5	0.02930	0.31565	0.13259	0.00800	0.01087	0.11143	0.00758	0.12589	0.05127	0.03320	0.00726	0.00858	0.00601	0.03123	0.04355	0.00137	0.06615	0.00283	0.00221	0.00502

[dist]
# distance from previous block
# <min> <max>
4	20

[block]
# block no. 4 follows, 72 sequences, length 37
# corresponding to MSA columns:
# 128-164
name=unknown_E
#
# <colnr> <probs for GDERKNQSTAVLIFYWHMCP>
#	G	D	E	R	K	N	Q	S	T	A	V	L	I	F	Y	W	H	M	C	P
0	0.09478	0.09555	0.09194	0.00968	0.09802	0.06904	0.05085	0.15136	0.12291	0.07007	0.07857	0.01110	0.00915	0.01596	0.00389	0.00118	0.01422	0.00353	0.00285	0.00534
1	0.02783	0.06360	0.06893	0.00703	0.03796	0.02336	0.00573	0.09681	0.11468	0.06219	0.12296	0.08113	0.15724	0.04074	0.00473	0.00132	0.01641	0.04086	0.00326	0.02319
2	0.00847	0.06101	0.34189	0.00979	0.06004	0.03761	0.06024	0.01304	0.17076	0.04366	0.10691	0.01310	0.04771	0.00465	0.00379	0.00119	0.00434	0.00392	0.00259	0.00528
3	0.00498	0.00355	0.00461	0.00496	0.00547	0.00329	0.00345	0.00594	0.00841	0.01145	0.30785	0.46217	0.07642	0.04126	0.00557	0.03287	0.00213	0.00879	0.00364	0.00318
4	0.00607	0.00473	0.00707	0.00692	0.04022	0.00513	0.05566	0.02376	0.02004	0.00917	0.01045	0.01705	0.01030	0.26058	0.50045	0.00474	0.00764	0.00446	0.00216	0.00340
5	0.00907	0.00477	0.00620	0.00539	0.00696	0.00430	0.00419	0.01083	0.02846	0.27847	0.46339	0.04219	0.09367	0.01936	0.00447	0.00124	0.00232	0.00600	0.00424	0.00448
6	0.00934	0.00896	0.01530	0.04210	0.82463	0.00900	0.01161	0.01160	0.00861	0.01233	0.00712	0.00940	0.00599	0.00339	0.00376	0.00113	0.00452	0.00338	0.00187	0.00597
7	0.01014	0.86900	0.01987	0.00649	0.00973	0.01501	0.00649	0.01136	0.00771	0.00892	0.00527	0.00608	0.00487	0.00324	0.00243	0.00081	0.00406	0.00203	0.00162	0.00487
8	0.00465	0.00341	0.00437	0.00506	0.00546	0.00313	0.00344	0.00543	0.00767	0.01012	0.07751	0.69909	0.13411	0.01131	0.00477	0.00148	0.00214	0.01015	0.00356	0.00313
9	0.89350	0.00733	0.00557	0.00499	0.00733	0.00851	0.00411	0.01115	0.00645	0.01702	0.00528	0.00616	0.00411	0.00352	0.00235	0.00117	0.00293	0.00205	0.00235	0.00411
10	0.00776	0.00665	0.00792	0.03391	0.00948	0.00516	0.00470	0.00946	0.00780	0.01215	0.00685	0.00817	0.00573	0.00369	0.03099	0.00077	0.00313	0.00234	0.00222	0.83111
11	0.00895	0.01023	0.02238	0.01598	0.01982	0.00959	0.82928	0.01215	0.00895	0.01215	0.00767	0.01023	0.00575	0.00320	0.00448	0.00128	0.00639	0.00448	0.00192	0.00512
12	0.00454	0.00382	0.00394	0.00397	0.00517	0.00322	0.00295	0.00554	0.00871	0.01052	0.08618	0.07497	0.75431	0.00960	0.00450	0.00129	0.00193	0.00807	0.00356	0.00322
13	0.25188	0.05457	0.00979	0.00722	0.01008	0.01001	0.00601	0.43068	0.01293	0.11974	0.00847	0.00855	0.00605	0.00414	0.00329	0.00111	0.00366	0.00297	0.00333	0.04553
14	0.00653	0.00333	0.00500	0.00500	0.00503	0.00336	0.00336	0.00503	0.00500	0.00670	0.00676	0.01169	0.00673	0.01392	0.05583	0.84636	0.00363	0.00333	0.00167	0.00173
15	0.00753	0.00726	0.01270	0.70457	0.10584	0.00858	0.07978	0.01009	0.00780	0.01016	0.00686	0.01005	0.00521	0.00370	0.00385	0.00125	0.00511	0.00346	0.00172	0.00447
16	0.02579	0.00611	0.00663	0.00656	0.00781	0.02668	0.00485	0.01286	0.40420	0.01275	0.01723	0.35833	0.01715	0.04101	0.00485	0.00149	0.00281	0.03481	0.00357	0.00452
17	0.00537	0.00388	0.00507	0.00477	0.00567	0.00358	0.00358	0.00716	0.01074	0.01521	0.84106	0.02833	0.03578	0.00775	0.00447	0.00119	0.00179	0.00686	0.00417	0.00358
18	0.00549	0.00376	0.00458	0.00458	0.00473	0.00392	0.00285	0.00580	0.00565	0.00768	0.01154	0.02257	0.01281	0.67704	0.20764	0.00422	0.00514	0.00519	0.00224	0.00254
19	0.00537	0.00376	0.00460	0.00484	0.00550	0.00355	0.00348	0.00638	0.00795	0.02145	0.14566	0.23870	0.18400	0.15636	0.04823	0.00199	0.00284	0.08953	0.06264	0.00318
20	0.00548	0.00395	0.00461	0.00465	0.00568	0.00358	0.00346	0.00689	0.02868	0.04192	0.19826	0.19225	0.37516	0.00951	0.02181	0.00140	0.00224	0.03542	0.05157	0.00347
21	0.00761	0.01962	0.84707	0.01081	0.01641	0.00881	0.01401	0.01201	0.00801	0.01201	0.00681	0.00801	0.00480	0.00360	0.00360	0.00120	0.00560	0.00280	0.00160	0.00560
22	0.00542	0.00406	0.00610	0.00610	0.00677	0.00474	0.00474	0.00677	0.00610	0.00880	0.01016	0.01490	0.00948	0.02844	0.85169	0.00610	0.01016	0.00406	0.00203	0.00339
23	0.03579	0.00425	0.00511	0.00544	0.00597	0.00399	0.00363	0.00694	0.00762	0.05998	0.03880	0.50410	0.05966	0.21678	0.00839	0.00211	0.00285	0.00862	0.01650	0.00350
24	0.89350	0.00733	0.00557	0.00499	0.00733	0.00851	0.00411	0.01115	0.00645	0.01702	0.00528	0.00616	0.00411	0.00352	0.00235	0.00117	0.00293	0.00205	0.00235	0.00411
25	0.04306	0.00676	0.00777	0.00559	0.00892	0.00519	0.00448	0.00961	0.00781	0.01254	0.00668	0.00780	0.00556	0.00284	0.00279	0.00059	0.00281	0.00224	0.00225	0.85470
26	0.00468	0.00369	0.00416	0.00446	0.00531	0.00325	0.00320	0.00554	0.00808	0.01007	0.05099	0.29252	0.48432	0.06171	0.00551	0.00152	0.00217	0.04222	0.00346	0.00313
27	0.00475	0.00351	0.00426	0.00475	0.00525	0.00320	0.00322	0.00541	0.00752	0.00972	0.05413	0.50469	0.24246	0.10321	0.00649	0.01958	0.00229	0.00918	0.00338	0.00302
28	0.00500	0.00383	0.00423	0.00423	0.00525	0.00335	0.00306	0.00598	0.00858	0.02827	0.16296	0.11598	0.53107	0.09406	0.00597	0.00153	0.00213	0.00776	0.00353	0.00323
29	0.00827	0.00828	0.01208	0.01010	0.01051	0.01106	0.06440	0.00931	0.00620	0.00958	0.02132	0.00880	0.00565	0.00627	0.01136	0.00158	0.75066	0.00342	0.00175	0.03940
30	0.01061	0.00764	0.00868	0.00693	0.00949	0.00764	0.00552	0.27149	0.13179	0.09743	0.05126	0.05595	0.00999	0.03239	0.03483	0.00129	0.00352	0.00390	0.00336	0.24628
31	0.00529	0.00361	0.00454	0.00497	0.00550	0.00331	0.00340	0.00607	0.00776	0.04643	0.09376	0.54493	0.14856	0.09584	0.00615	0.00167	0.00231	0.00919	0.00351	0.00321
32	0.00571	0.00382	0.00464	0.00468	0.00523	0.00361	0.00318	0.00643	0.00762	0.04224	0.18540	0.15721	0.12530	0.35436	0.01069	0.01712	0.00281	0.05375	0.00317	0.00301
33	0.00552	0.00418	0.00615	0.00609	0.00670	0.00489	0.00470	0.00677	0.00605	0.00872	0.01011	0.01533	0.00961	0.08218	0.77036	0.00579	0.03734	0.00413	0.00204	0.00334
34	0.01716	0.00529	0.00711	0.02470	0.02892	0.03591	0.05473	0.00792	0.04698	0.02123	0.01130	0.10540	0.01155	0.25904	0.27697	0.04736	0.02767	0.00504	0.00235	0.00338
35	0.12662	0.00419	0.00498	0.00521	0.00596	0.00422	0.00370	0.00710	0.00741	0.05254	0.09749	0.44154	0.03383	0.09497	0.09067	0.00210	0.00325	0.00762	0.00321	0.00339
36	0.03214	0.00815	0.01066	0.00838	0.01073	0.00853	0.12630	0.39658	0.01262	0.06502	0.04450	0.06529	0.05077	0.07141	0.03001	0.04183	0.00418	0.00455	0.00326	0.00510

[dist]
# distance from previous block
# <min> <max>
0	18

[block]
# block no. 5 follows, 72 sequences, length 53
# corresponding to MSA columns:
# 183-235
name=unknown_F
#
# <colnr> <probs for GDERKNQSTAVLIFYWHMCP>
#	G	D	E	R	K	N	Q	S	T	A	V	L	I	F	Y	W	H	M	C	P
0	0.03494	0.03079	0.11140	0.06067	0.07675	0.04123	0.02202	0.04715	0.07275	0.03534	0.04851	0.01242	0.02070	0.01222	0.28071	0.00276	0.03117	0.00369	0.00236	0.05244
1	0.01038	0.09330	0.01140	0.03496	0.02591	0.31476	0.04490	0.04678	0.00890	0.01023	0.00809	0.01189	0.02217	0.03430	0.05239	0.00155	0.16782	0.06776	0.00211	0.03040
2	0.00983	0.03102	0.01974	0.00705	0.00987	0.04343	0.00569	0.10391	0.32005	0.04562	0.01049	0.01046	0.00802	0.00401	0.00337	0.00095	0.00328	0.00321	0.00307	0.35691
3	0.01650	0.01553	0.04905	0.04610	0.03942	0.02694	0.14149	0.03296	0.05264	0.07092	0.02263	0.06129	0.05888	0.21147	0.07406	0.01978	0.04085	0.01282	0.00256	0.00412
4	0.00878	0.04847	0.02220	0.00696	0.00857	0.00713	0.00535	0.06594	0.26498	0.04852	0.13074	0.20062	0.07159	0.04193	0.01617	0.01849	0.00324	0.02145	0.00386	0.00501
5	0.01074	0.01178	0.01604	0.01229	0.01518	0.24522	0.41327	0.09508	0.02033	0.02430	0.01836	0.00988	0.00641	0.00579	0.07637	0.00159	0.00647	0.00378	0.00222	0.00491
6	0.00839	0.03399	0.02750	0.14074	0.37254	0.00803	0.06291	0.03664	0.04581	0.02781	0.04416	0.05606	0.06209	0.02756	0.02827	0.00140	0.00436	0.00433	0.00234	0.00507
7	0.00630	0.00432	0.00520	0.00522	0.00604	0.01453	0.00371	0.01927	0.05483	0.07071	0.21488	0.35165	0.10341	0.11444	0.00633	0.00164	0.00246	0.00787	0.00361	0.00358
8	0.01251	0.00601	0.00759	0.00623	0.00843	0.00556	0.00498	0.11559	0.01107	0.45181	0.12310	0.09694	0.09725	0.00623	0.00403	0.00121	0.00289	0.00522	0.02798	0.00536
9	0.00538	0.00389	0.00537	0.00544	0.00589	0.00427	0.00392	0.00630	0.00617	0.00866	0.03603	0.08885	0.01277	0.26306	0.52124	0.00489	0.00742	0.00512	0.00229	0.00306
10	0.00738	0.00582	0.00677	0.03970	0.03330	0.05681	0.01958	0.04422	0.07207	0.06201	0.11856	0.09732	0.21135	0.05433	0.09078	0.05219	0.00379	0.01697	0.00314	0.00391
11	0.00516	0.00369	0.00490	0.00569	0.00618	0.00353	0.00427	0.00619	0.00777	0.01026	0.02112	0.51750	0.06497	0.03584	0.00533	0.00164	0.00264	0.27072	0.01939	0.00321
12	0.00773	0.00632	0.00689	0.00613	0.00754	0.07933	0.02959	0.04880	0.08067	0.05961	0.32252	0.04506	0.17656	0.00695	0.00457	0.00121	0.04602	0.00580	0.05454	0.00414
13	0.00596	0.00445	0.00543	0.00583	0.00665	0.01691	0.00441	0.02391	0.07168	0.02724	0.09536	0.40198	0.10897	0.01003	0.00473	0.00149	0.00262	0.19516	0.00360	0.00361
14	0.06636	0.00413	0.00503	0.00517	0.00609	0.00386	0.00371	0.00761	0.00814	0.12036	0.09794	0.47702	0.13454	0.03571	0.00489	0.00146	0.00235	0.00837	0.00362	0.00363
15	0.00830	0.00830	0.01162	0.00996	0.00996	0.01162	0.00830	0.00913	0.00581	0.00913	0.00498	0.00830	0.00498	0.00664	0.01245	0.00166	0.85977	0.00332	0.00166	0.00415
16	0.00546	0.00391	0.00534	0.00534	0.00576	0.00433	0.00380	0.00629	0.00587	0.00825	0.01085	0.01871	0.01114	0.35057	0.53182	0.00517	0.00767	0.00462	0.00213	0.00297
17	0.06416	0.00440	0.00536	0.00549	0.00644	0.00427	0.00398	0.00853	0.06353	0.11423	0.08266	0.47224	0.07332	0.04057	0.00497	0.00150	0.00247	0.03444	0.00362	0.00379
18	0.00939	0.00901	0.01539	0.02328	0.84306	0.00901	0.01164	0.01164	0.00864	0.01239	0.00713	0.00939	0.00601	0.00338	0.00375	0.00113	0.00451	0.00338	0.00188	0.00601
19	0.00716	0.00674	0.01138	0.85760	0.02612	0.00843	0.01053	0.00969	0.00758	0.00969	0.00674	0.01011	0.00506	0.00379	0.00379	0.00126	0.00506	0.00337	0.00169	0.00421
20	0.00748	0.01885	0.80695	0.01054	0.01590	0.00854	0.01351	0.01173	0.00804	0.01200	0.02295	0.03301	0.00597	0.00392	0.00366	0.00121	0.00544	0.00311	0.00171	0.00549
21	0.00523	0.00375	0.00494	0.00511	0.00554	0.00387	0.00356	0.00602	0.00671	0.00919	0.08565	0.20550	0.06536	0.25468	0.29795	0.01958	0.00529	0.00639	0.00270	0.00299
22	0.00761	0.01962	0.84707	0.01081	0.01641	0.00881	0.01401	0.01201	0.00801	0.01201	0.00681	0.00801	0.00480	0.00360	0.00360	0.00120	0.00560	0.00280	0.00160	0.00560
23	0.01083	0.00935	0.00933	0.00807	0.01040	0.06589	0.00635	0.19650	0.60291	0.01718	0.01342	0.01256	0.01001	0.00493	0.00382	0.00123	0.00351	0.00397	0.00372	0.00599
24	0.00550	0.00393	0.00485	0.00506	0.00584	0.00367	0.00365	0.00698	0.04502	0.03816	0.22551	0.35682	0.18434	0.04783	0.00527	0.00149	0.00224	0.04671	0.00368	0.00345
25	0.00576	0.00389	0.00471	0.00480	0.01618	0.00399	0.00289	0.00600	0.00580	0.02240	0.01207	0.06379	0.01356	0.69573	0.10703	0.00372	0.01719	0.00552	0.00236	0.00260
26	0.00508	0.00380	0.00471	0.00463	0.00552	0.00343	0.00342	0.00654	0.00983	0.01341	0.55892	0.13491	0.21450	0.00868	0.00452	0.00126	0.00187	0.00761	0.00395	0.00343
27	0.00830	0.00830	0.01162	0.00996	0.00996	0.01162	0.00830	0.00913	0.00581	0.00913	0.00498	0.00830	0.00498	0.00664	0.01245	0.00166	0.85977	0.00332	0.00166	0.00415
28	0.00977	0.00880	0.01384	0.09003	0.39813	0.00920	0.10124	0.16588	0.05647	0.01444	0.03562	0.03134	0.00801	0.00426	0.00408	0.00120	0.01924	0.02038	0.00248	0.00560
29	0.00552	0.00368	0.00414	0.00414	0.00414	0.00368	0.00230	0.00552	0.00552	0.00735	0.01195	0.02482	0.01379	0.86672	0.01930	0.00368	0.00368	0.00552	0.00230	0.00230
30	0.04299	0.01042	0.01104	0.00852	0.01151	0.02314	0.00703	0.74783	0.02856	0.05695	0.00926	0.00920	0.00654	0.00452	0.00374	0.00114	0.00412	0.00339	0.00376	0.00634
31	0.01144	0.01167	0.01181	0.00979	0.01197	0.32658	0.16662	0.13755	0.01072	0.06513	0.01010	0.16951	0.00938	0.00548	0.00418	0.00119	0.02479	0.00466	0.00269	0.00473
32	0.01431	0.16391	0.03375	0.00748	0.01059	0.00954	0.00651	0.30539	0.01260	0.35418	0.01066	0.01004	0.00729	0.00429	0.00352	0.00108	0.00376	0.00327	0.00366	0.03419
33	0.00943	0.00815	0.00858	0.00772	0.00986	0.00943	0.00600	0.02015	0.83621	0.01586	0.01544	0.01415	0.01158	0.00515	0.00386	0.00129	0.00300	0.00429	0.00386	0.00600
34	0.00611	0.00437	0.00611	0.00698	0.00786	0.00437	0.00611	0.00786	0.00873	0.01135	0.02008	0.04278	0.02183	0.01048	0.00524	0.00175	0.00349	0.81753	0.00349	0.00349
35	0.00786	0.00674	0.00786	0.00562	0.00899	0.00506	0.00449	0.00955	0.00786	0.01236	0.00674	0.00786	0.00562	0.00281	0.00281	0.00056	0.00281	0.00225	0.00225	0.88990
36	0.00619	0.00376	0.00486	0.00517	0.00572	0.00349	0.00352	0.00690	0.00758	0.10232	0.06505	0.55017	0.04541	0.16259	0.00726	0.00185	0.00255	0.00877	0.00347	0.00335
37	0.00674	0.00439	0.00529	0.01976	0.03886	0.00440	0.00327	0.02218	0.03085	0.06678	0.01280	0.03306	0.03686	0.68110	0.01599	0.00315	0.00362	0.00534	0.00256	0.00299
38	0.01301	0.01619	0.01010	0.00923	0.01095	0.73359	0.00690	0.01395	0.01006	0.00914	0.00646	0.00838	0.00568	0.05345	0.05880	0.00147	0.02374	0.00273	0.00197	0.00421
39	0.00473	0.00353	0.00440	0.00486	0.00545	0.00320	0.00339	0.00568	0.00824	0.01087	0.18214	0.51909	0.20941	0.01058	0.00469	0.00142	0.00206	0.00941	0.00365	0.00320
40	0.00547	0.00368	0.00413	0.00415	0.00419	0.00365	0.00233	0.00551	0.00564	0.00748	0.01287	0.03860	0.03835	0.82778	0.01864	0.00357	0.00360	0.00567	0.00235	0.00234
41	0.00908	0.00869	0.01483	0.13952	0.72923	0.00893	0.01149	0.01137	0.00849	0.01201	0.00708	0.00949	0.00587	0.00344	0.00376	0.00115	0.00458	0.00338	0.00185	0.00576
42	0.01417	0.01808	0.01075	0.00977	0.01172	0.85149	0.00733	0.01514	0.01075	0.00928	0.00586	0.00684	0.00489	0.00391	0.00342	0.00098	0.00684	0.00244	0.00195	0.00440
43	0.01311	0.00940	0.01003	0.00784	0.01050	0.01035	0.00643	0.68044	0.02885	0.02214	0.00975	0.01003	0.00708	0.00454	0.00360	0.00110	0.00375	0.00345	0.15166	0.00596
44	0.28085	0.00583	0.00579	0.00515	0.00646	0.00626	0.00370	0.09672	0.01937	0.07933	0.00988	0.01629	0.00964	0.42747	0.01096	0.00240	0.00346	0.00407	0.00269	0.00368
45	0.00822	0.00818	0.01147	0.00985	0.00987	0.01143	0.00820	0.00906	0.00582	0.00912	0.00512	0.00848	0.00510	0.00722	0.03504	0.00178	0.83690	0.00334	0.00167	0.00413
46	0.00542	0.00406	0.00610	0.00610	0.00677	0.00474	0.00474	0.00677	0.00610	0.00880	0.01016	0.01490	0.00948	0.02844	0.85169	0.00610	0.01016	0.00406	0.00203	0.00339
47	0.00655	0.00332	0.00498	0.00498	0.00500	0.00334	0.00334	0.00500	0.00498	0.00666	0.00670	0.01164	0.00668	0.01367	0.04199	0.86097	0.00352	0.00332	0.00166	0.00170
48	0.02080	0.00388	0.00427	0.00421	0.00522	0.00345	0.00306	0.00603	0.00880	0.01143	0.26181	0.06231	0.47688	0.10394	0.00610	0.00153	0.00211	0.00740	0.00355	0.00322
49	0.00489	0.00374	0.00451	0.00524	0.00558	0.02524	0.00352	0.00556	0.00740	0.00963	0.02163	0.74147	0.09186	0.04381	0.00532	0.00158	0.00235	0.01013	0.00343	0.00310
50	0.11128	0.01354	0.01038	0.00874	0.01120	0.39356	0.00688	0.34706	0.01316	0.03861	0.00736	0.00785	0.00556	0.00415	0.00346	0.00107	0.00522	0.00283	0.00282	0.00526
51	0.82004	0.00731	0.00581	0.00516	0.00748	0.00839	0.00423	0.03614	0.00694	0.03927	0.00606	0.02881	0.00487	0.00380	0.00250	0.00118	0.00296	0.00237	0.00248	0.00421
52	0.00737	0.00463	0.00568	0.00550	0.00647	0.00448	0.00399	0.07795	0.02317	0.11348	0.11211	0.31271	0.08308	0.17162	0.00730	0.00181	0.00279	0.04858	0.00353	0.00377

[dist]
# distance from previous block
# <min> <max>
0	2

[block]
# block no. 6 follows, 72 sequences, length 10
# corresponding to MSA columns:
# 238-247
name=unknown_G
#
# <colnr> <probs for GDERKNQSTAVLIFYWHMCP>
#	G	D	E	R	K	N	Q	S	T	A	V	L	I	F	Y	W	H	M	C	P
0	0.00503	0.00355	0.00437	0.00487	0.00545	0.00322	0.00335	0.00582	0.00774	0.03199	0.04911	0.56544	0.21877	0.04394	0.00522	0.00152	0.00219	0.00943	0.02577	0.00319
1	0.22225	0.00747	0.00834	0.00688	0.00942	0.00772	0.00573	0.22831	0.01135	0.31773	0.01185	0.01447	0.00910	0.00518	0.00366	0.00124	0.00344	0.11663	0.00373	0.00549
2	0.06137	0.00410	0.00534	0.00536	0.00602	0.00445	0.00394	0.00664	0.00662	0.00972	0.08067	0.09640	0.05416	0.18115	0.45218	0.00427	0.00666	0.00525	0.00249	0.00320
3	0.05830	0.00497	0.00552	0.00518	0.00595	0.00517	0.00348	0.07508	0.08113	0.06098	0.01292	0.12337	0.01355	0.51345	0.01298	0.00270	0.00341	0.00558	0.00286	0.00342
4	0.28313	0.08324	0.00648	0.00489	0.00664	0.00639	0.00396	0.04271	0.00883	0.01429	0.24716	0.02031	0.22441	0.00628	0.00355	0.00116	0.00248	0.00499	0.02521	0.00388
5	0.04922	0.00433	0.00618	0.00655	0.04323	0.00486	0.00469	0.00692	0.00619	0.00919	0.01034	0.06519	0.01012	0.08153	0.61729	0.05607	0.00824	0.00439	0.00212	0.00334
6	0.40572	0.00747	0.00781	0.02517	0.03649	0.00812	0.00535	0.14297	0.00929	0.20848	0.00870	0.00982	0.00652	0.06684	0.00459	0.00137	0.03422	0.00305	0.00306	0.00496
7	0.05170	0.00783	0.00812	0.00681	0.02635	0.12965	0.04370	0.00951	0.00759	0.01068	0.00797	0.01226	0.00761	0.22061	0.03464	0.00168	0.02477	0.00330	0.00218	0.38303
8	0.00966	0.08592	0.02925	0.00805	0.03971	0.15828	0.06382	0.09318	0.02822	0.05323	0.04340	0.10425	0.03737	0.09755	0.00534	0.00134	0.00414	0.00436	0.00266	0.13029
9	0.00832	0.06527	0.00780	0.02674	0.02003	0.04684	0.00483	0.13112	0.08612	0.04245	0.09959	0.16234	0.06949	0.15285	0.00656	0.00161	0.00327	0.00559	0.01517	0.04399

[dist]
# distance from previous block
# <min> <max>
9	29

[block]
# block no. 7 follows, 72 sequences, length 25
# corresponding to MSA columns:
# 279-303
name=unknown_H
#
# <colnr> <probs for GDERKNQSTAVLIFYWHMCP>
#	G	D	E	R	K	N	Q	S	T	A	V	L	I	F	Y	W	H	M	C	P
0	0.03365	0.00618	0.00741	0.01525	0.02963	0.01929	0.00519	0.06011	0.08279	0.14872	0.07788	0.25186	0.06095	0.02357	0.08427	0.04438	0.00388	0.01534	0.00372	0.02593
1	0.00510	0.00371	0.00465	0.00520	0.00570	0.00353	0.00362	0.03205	0.00774	0.01023	0.02188	0.59819	0.13577	0.05333	0.03757	0.00176	0.00264	0.04151	0.02262	0.00321
2	0.04245	0.00467	0.00552	0.00510	0.00631	0.00446	0.00378	0.04924	0.03433	0.11431	0.23224	0.11113	0.19931	0.09998	0.00661	0.06439	0.00255	0.00631	0.00355	0.00376
3	0.36013	0.00653	0.00692	0.00590	0.00811	0.00681	0.00474	0.05902	0.02938	0.28822	0.04383	0.08088	0.00962	0.02369	0.04918	0.00152	0.00340	0.00385	0.00339	0.00488
4	0.05157	0.00393	0.00481	0.00505	0.00568	0.00374	0.00346	0.00693	0.00755	0.08225	0.08510	0.47051	0.06657	0.17611	0.00738	0.00186	0.00256	0.00824	0.00338	0.00332
5	0.00599	0.00351	0.00456	0.00460	0.00462	0.00351	0.00287	0.00531	0.00538	0.00716	0.00994	0.03763	0.01100	0.44151	0.01661	0.40254	0.00347	0.02568	0.00206	0.00205
6	0.05389	0.00482	0.00582	0.00543	0.00681	0.00463	0.00413	0.01033	0.08540	0.17976	0.23473	0.20654	0.11013	0.00765	0.00417	0.00127	0.00238	0.01790	0.04996	0.00425
7	0.03440	0.00473	0.00550	0.00557	0.00625	0.00455	0.00383	0.01658	0.02898	0.02066	0.09315	0.21389	0.13805	0.27160	0.06924	0.03276	0.00364	0.03967	0.00333	0.00359
8	0.03347	0.00647	0.00763	0.00618	0.00823	0.00642	0.00483	0.20509	0.01087	0.34294	0.01237	0.01454	0.00955	0.18711	0.00690	0.00166	0.00334	0.00400	0.12328	0.00512
9	0.00770	0.01897	0.78987	0.01117	0.01665	0.00886	0.07055	0.01202	0.00807	0.01202	0.00687	0.00816	0.00487	0.00357	0.00366	0.00121	0.00566	0.00292	0.00162	0.00557
10	0.04036	0.00551	0.00660	0.00639	0.00746	0.00528	0.02444	0.04655	0.05802	0.06149	0.12426	0.33779	0.08764	0.11642	0.00672	0.00186	0.00307	0.02288	0.03294	0.00432
11	0.01043	0.00685	0.00791	0.00666	0.00826	0.00734	0.00515	0.38263	0.01147	0.04882	0.00965	0.03548	0.00835	0.08039	0.02332	0.25814	0.00373	0.02325	0.05785	0.00432
12	0.01388	0.01761	0.01056	0.00961	0.01153	0.82359	0.00720	0.01488	0.01075	0.00948	0.03335	0.00755	0.00590	0.00403	0.00345	0.00098	0.00667	0.00259	0.00203	0.00437
13	0.04950	0.00410	0.00500	0.00499	0.00554	0.00410	0.00335	0.00723	0.00663	0.09326	0.01397	0.22055	0.01518	0.42397	0.11034	0.00305	0.00400	0.01929	0.00282	0.00314
14	0.00756	0.00561	0.00762	0.02847	0.06399	0.00564	0.02210	0.00896	0.04664	0.04251	0.11179	0.05972	0.12394	0.03528	0.34147	0.04337	0.00618	0.01931	0.01548	0.00436
15	0.00845	0.00624	0.00646	0.00583	0.00750	0.02825	0.00452	0.06480	0.30647	0.05401	0.08536	0.01862	0.15666	0.00586	0.00370	0.00115	0.00259	0.00483	0.22399	0.00471
16	0.00830	0.00830	0.01162	0.00996	0.00996	0.01162	0.00830	0.00913	0.00581	0.00913	0.00498	0.00830	0.00498	0.00664	0.01245	0.00166	0.85977	0.00332	0.00166	0.00415
17	0.01537	0.00434	0.00583	0.02620	0.03319	0.00418	0.03015	0.02014	0.00831	0.02323	0.15770	0.25964	0.23821	0.04567	0.10821	0.00201	0.00342	0.00744	0.00326	0.00350
18	0.00904	0.02959	0.01224	0.04489	0.28410	0.12157	0.11472	0.03262	0.06456	0.02735	0.01506	0.01583	0.20193	0.00507	0.00395	0.00117	0.00434	0.00452	0.00250	0.00494
19	0.00467	0.00332	0.00439	0.00522	0.00543	0.00311	0.00346	0.00529	0.00717	0.00956	0.02043	0.81948	0.02448	0.05747	0.00561	0.00165	0.00228	0.01050	0.00346	0.00304
20	0.01030	0.00733	0.01072	0.46915	0.04560	0.00830	0.00879	0.16233	0.01017	0.16454	0.00948	0.01236	0.00713	0.00448	0.00388	0.00125	0.00445	0.05196	0.00273	0.00505
21	0.04969	0.02583	0.03012	0.17529	0.09615	0.10689	0.02120	0.11950	0.02003	0.03257	0.02052	0.20054	0.03071	0.00611	0.00439	0.01673	0.03157	0.00501	0.00263	0.00452
22	0.00534	0.00339	0.00458	0.00500	0.00524	0.00322	0.00335	0.00533	0.00675	0.00899	0.07439	0.44855	0.06086	0.05834	0.00874	0.28211	0.00258	0.00771	0.00291	0.00263
23	0.44558	0.00703	0.00851	0.43587	0.01683	0.00847	0.00735	0.01041	0.00702	0.01331	0.00602	0.00816	0.00459	0.00366	0.00308	0.00122	0.00401	0.00272	0.00201	0.00416
24	0.01128	0.38040	0.08101	0.00887	0.07848	0.06361	0.00754	0.19159	0.02392	0.05773	0.00719	0.00781	0.00570	0.00369	0.00311	0.00096	0.00428	0.00267	0.00238	0.05777

[dist]
# distance from previous block
# <min> <max>
4	9

[block]
# block no. 8 follows, 72 sequences, length 30
# corresponding to MSA columns:
# 313-342
name=unknown_I
#
# <colnr> <probs for GDERKNQSTAVLIFYWHMCP>
#	G	D	E	R	K	N	Q	S	T	A	V	L	I	F	Y	W	H	M	C	P
0	0.00997	0.10018	0.16243	0.04703	0.22950	0.05392	0.07625	0.02875	0.02239	0.12110	0.07166	0.01104	0.01929	0.00406	0.00368	0.00112	0.00448	0.00354	0.00244	0.02716
1	0.00697	0.00640	0.01033	0.53786	0.04010	0.00803	0.00898	0.00901	0.00705	0.00949	0.00729	0.01093	0.00606	0.00965	0.19435	0.00239	0.11577	0.00352	0.00176	0.00406
2	0.00738	0.00661	0.03652	0.03275	0.27485	0.00617	0.03667	0.00989	0.05456	0.03602	0.37869	0.04260	0.04968	0.00591	0.00416	0.00119	0.00315	0.00537	0.00317	0.00467
3	0.00654	0.00520	0.00582	0.00476	0.00700	0.00411	0.00372	0.00785	0.00848	0.05035	0.04972	0.02295	0.42110	0.00642	0.00374	0.00097	0.00236	0.00532	0.00306	0.38052
4	0.00651	0.00540	0.00636	0.00530	0.00751	0.00427	0.00405	0.00783	0.00786	0.01135	0.01541	0.22196	0.13960	0.00626	0.00362	0.00094	0.00254	0.02550	0.00278	0.51495
5	0.00897	0.06158	0.12262	0.00839	0.03236	0.20991	0.03530	0.06448	0.00842	0.01037	0.00833	0.01215	0.00761	0.13494	0.24320	0.00285	0.01871	0.00353	0.00207	0.00420
6	0.53151	0.12659	0.13802	0.00672	0.00972	0.02630	0.02596	0.04598	0.02499	0.01504	0.00595	0.00687	0.00464	0.00361	0.00285	0.00113	0.01495	0.00235	0.00220	0.00461
7	0.40893	0.00580	0.00573	0.00532	0.00674	0.00659	0.00408	0.05009	0.00673	0.01300	0.00826	0.01267	0.00777	0.18735	0.25320	0.00312	0.00525	0.00342	0.00232	0.00365
8	0.33308	0.00522	0.00509	0.00487	0.00631	0.00539	0.00365	0.00867	0.00747	0.08252	0.04629	0.19327	0.17490	0.10123	0.00534	0.00155	0.00265	0.00572	0.00308	0.00370
9	0.00552	0.00368	0.00414	0.00414	0.00414	0.00368	0.00230	0.00552	0.00552	0.00735	0.01195	0.02482	0.01379	0.86672	0.01930	0.00368	0.00368	0.00552	0.00230	0.00230
10	0.01096	0.14428	0.09229	0.03494	0.30529	0.21266	0.00928	0.04415	0.05229	0.04840	0.00735	0.00855	0.00588	0.00371	0.00347	0.00106	0.00497	0.00296	0.00213	0.00540
11	0.00547	0.00378	0.00492	0.00534	0.02546	0.00359	0.00364	0.00602	0.00746	0.02106	0.11787	0.27162	0.17771	0.09679	0.06400	0.14112	0.00306	0.03502	0.00306	0.00301
12	0.00531	0.00371	0.00466	0.00467	0.00516	0.00355	0.00318	0.00632	0.00832	0.01158	0.40137	0.17321	0.02589	0.28103	0.03010	0.00216	0.00267	0.00700	0.01703	0.00308
13	0.00937	0.00668	0.00763	0.00640	0.00827	0.00695	0.00507	0.30062	0.06853	0.05978	0.38333	0.02044	0.08807	0.00644	0.00416	0.00119	0.00280	0.00540	0.00399	0.00487
14	0.01164	0.00569	0.00674	0.00558	0.00743	0.00554	0.00437	0.13472	0.01017	0.32258	0.01278	0.01441	0.00967	0.12416	0.00556	0.00142	0.00293	0.00389	0.30584	0.00488
15	0.00786	0.00674	0.00786	0.00562	0.00899	0.00506	0.00449	0.00955	0.00786	0.01236	0.00674	0.00786	0.00562	0.00281	0.00281	0.00056	0.00281	0.00225	0.00225	0.88990
16	0.01399	0.01778	0.01077	0.00978	0.01167	0.82646	0.00736	0.01496	0.01060	0.00928	0.00584	0.00688	0.00489	0.00399	0.00369	0.00100	0.03226	0.00247	0.00195	0.00439
17	0.00542	0.00406	0.00610	0.00610	0.00677	0.00474	0.00474	0.00677	0.00610	0.00880	0.01016	0.01490	0.00948	0.02844	0.85169	0.00610	0.01016	0.00406	0.00203	0.00339
18	0.00769	0.00596	0.00650	0.00608	0.00723	0.00657	0.00432	0.02575	0.40621	0.02800	0.01437	0.08760	0.01344	0.35184	0.01014	0.00226	0.00323	0.00529	0.00322	0.00429
19	0.00558	0.00371	0.00428	0.00435	0.00444	0.00373	0.00261	0.00578	0.00582	0.00787	0.01255	0.04070	0.01422	0.75574	0.03744	0.00350	0.00373	0.05165	0.02985	0.00244
20	0.00761	0.01962	0.84707	0.01081	0.01641	0.00881	0.01401	0.01201	0.00801	0.01201	0.00681	0.00801	0.00480	0.00360	0.00360	0.00120	0.00560	0.00280	0.00160	0.00560
21	0.00873	0.00624	0.00707	0.00601	0.00775	0.00636	0.00473	0.28032	0.02341	0.04958	0.31844	0.05109	0.17067	0.02132	0.00444	0.00124	0.00272	0.00583	0.01949	0.00457
22	0.00578	0.00361	0.00495	0.00529	0.00570	0.00352	0.00373	0.00615	0.00704	0.03788	0.07665	0.38908	0.02968	0.05306	0.08639	0.20269	0.00333	0.05581	0.01671	0.00293
23	0.20869	0.00856	0.00928	0.00727	0.01012	0.00906	0.00600	0.38994	0.01309	0.28574	0.01014	0.00968	0.00688	0.00437	0.00348	0.00116	0.00360	0.00324	0.00376	0.00594
24	0.00652	0.00332	0.00489	0.00489	0.00489	0.00332	0.00323	0.00498	0.00498	0.00664	0.00695	0.01242	0.00707	0.07051	0.01512	0.83015	0.00332	0.00344	0.00169	0.00169
25	0.00644	0.00487	0.00546	0.00551	0.00650	0.00457	0.00390	0.02114	0.09073	0.02380	0.09103	0.27315	0.31480	0.11103	0.00661	0.00178	0.00268	0.01833	0.00375	0.00392
26	0.00990	0.00557	0.00676	0.00603	0.00737	0.00540	0.00443	0.05588	0.09287	0.20340	0.11155	0.04582	0.05658	0.13859	0.00863	0.17202	0.00320	0.00499	0.05661	0.00438
27	0.00540	0.00376	0.00467	0.00468	0.00498	0.00383	0.00305	0.00599	0.00654	0.00896	0.13233	0.07392	0.02947	0.51071	0.18232	0.00364	0.00458	0.00577	0.00261	0.00276
28	0.04445	0.00719	0.00835	0.00696	0.00929	0.00746	0.00550	0.07776	0.33271	0.35160	0.01408	0.01400	0.01025	0.08660	0.00525	0.00145	0.00324	0.00407	0.00399	0.00580
29	0.00490	0.00351	0.00450	0.00503	0.00549	0.00327	0.00349	0.00581	0.00796	0.01074	0.16473	0.55646	0.09364	0.05459	0.00545	0.00156	0.00222	0.03878	0.02470	0.00316

[dist]
# distance from previous block
# <min> <max>
0	1

[block]
# block no. 9 follows, 72 sequences, length 31
# corresponding to MSA columns:
# 344-374
name=unknown_J
#
# <colnr> <probs for GDERKNQSTAVLIFYWHMCP>
#	G	D	E	R	K	N	Q	S	T	A	V	L	I	F	Y	W	H	M	C	P
0	0.00579	0.00391	0.00491	0.00528	0.00580	0.00376	0.00374	0.02559	0.00762	0.04018	0.04285	0.38010	0.07702	0.23432	0.00859	0.00208	0.00285	0.13919	0.00326	0.00317
1	0.03515	0.00968	0.01018	0.02556	0.25857	0.20701	0.00738	0.03590	0.12179	0.01300	0.16577	0.01433	0.05403	0.00494	0.00380	0.00113	0.00412	0.00413	0.01861	0.00491
2	0.25771	0.00788	0.00758	0.04110	0.03220	0.15092	0.04975	0.00966	0.00775	0.01193	0.01113	0.24108	0.01961	0.06117	0.00463	0.00140	0.00377	0.03099	0.00257	0.04717
3	0.01418	0.01757	0.01079	0.00970	0.01173	0.79451	0.00732	0.07046	0.01123	0.01027	0.00608	0.00699	0.00499	0.00395	0.00345	0.00099	0.00666	0.00251	0.00208	0.00454
4	0.00604	0.00356	0.00482	0.00485	0.00524	0.00337	0.00331	0.00556	0.00639	0.01904	0.08036	0.15282	0.10764	0.06022	0.01099	0.48802	0.00285	0.00542	0.00246	0.02703
5	0.01039	0.00720	0.00789	0.00651	0.00818	0.00769	0.00488	0.39307	0.03107	0.06221	0.01160	0.01687	0.03313	0.37061	0.01040	0.00222	0.00382	0.00448	0.00320	0.00459
6	0.02494	0.00781	0.00929	0.00729	0.01004	0.00787	0.00598	0.30295	0.06246	0.42666	0.01329	0.01234	0.03249	0.00547	0.02814	0.00130	0.00366	0.00380	0.02809	0.00614
7	0.00573	0.00380	0.00515	0.00523	0.00571	0.00383	0.00373	0.00653	0.04036	0.01018	0.21224	0.18903	0.02834	0.06703	0.13778	0.24343	0.00376	0.02233	0.00288	0.00294
8	0.00503	0.00362	0.00446	0.00478	0.00537	0.00331	0.00330	0.00592	0.00811	0.02282	0.19478	0.41922	0.18553	0.10809	0.00633	0.00166	0.00224	0.00872	0.00354	0.00317
9	0.00552	0.00368	0.00414	0.00414	0.00414	0.00368	0.00230	0.00552	0.00552	0.00735	0.01195	0.02482	0.01379	0.86672	0.01930	0.00368	0.00368	0.00552	0.00230	0.00230
10	0.00551	0.00382	0.00481	0.00529	0.00573	0.00372	0.00358	0.00678	0.06658	0.03108	0.03515	0.58317	0.04509	0.13096	0.00712	0.03396	0.00253	0.01854	0.00335	0.00323
11	0.02415	0.00503	0.00600	0.00546	0.00694	0.00479	0.00412	0.02683	0.10086	0.20638	0.14439	0.15947	0.19911	0.08225	0.00555	0.00149	0.00259	0.00648	0.00381	0.00431
12	0.00552	0.00394	0.00497	0.00468	0.00568	0.00357	0.00352	0.00717	0.01042	0.03506	0.69690	0.02921	0.15926	0.00796	0.00446	0.00121	0.00185	0.00696	0.00409	0.00359
13	0.31175	0.00921	0.00923	0.00732	0.01011	0.01021	0.00604	0.49446	0.01348	0.08132	0.00824	0.00839	0.00587	0.00421	0.00331	0.00115	0.00369	0.00298	0.00337	0.00566
14	0.11286	0.00798	0.00853	0.00721	0.00954	0.00879	0.00572	0.18946	0.38163	0.13802	0.03331	0.01305	0.01938	0.04222	0.00436	0.00133	0.00326	0.00394	0.00373	0.00569
15	0.23278	0.00614	0.00653	0.00580	0.00764	0.00646	0.00451	0.01290	0.19184	0.17152	0.16068	0.06353	0.04513	0.06279	0.00468	0.00139	0.00277	0.00467	0.00356	0.00466
16	0.00905	0.00980	0.01953	0.01428	0.01777	0.00956	0.65958	0.01380	0.17948	0.01291	0.00927	0.01104	0.00695	0.00360	0.00435	0.00128	0.00569	0.00444	0.00232	0.00530
17	0.00601	0.00429	0.00599	0.00687	0.00770	0.00428	0.00593	0.00768	0.00863	0.01124	0.02014	0.09880	0.02205	0.01057	0.00521	0.00173	0.00340	0.76251	0.00349	0.00346
18	0.00612	0.00432	0.00615	0.02050	0.00707	0.00482	0.00474	0.02413	0.02589	0.02647	0.03409	0.01775	0.01121	0.07794	0.56263	0.07924	0.00784	0.07339	0.00233	0.00338
19	0.00601	0.00433	0.00507	0.00530	0.00601	0.02667	0.00376	0.02124	0.02734	0.05022	0.11365	0.41524	0.12867	0.11519	0.00642	0.00170	0.00260	0.05371	0.00347	0.00340
20	0.00659	0.00329	0.00494	0.00494	0.00494	0.00329	0.00329	0.00494	0.00494	0.00659	0.00659	0.01153	0.00659	0.01318	0.01482	0.88966	0.00329	0.00329	0.00165	0.00165
21	0.04114	0.00692	0.00898	0.00691	0.00984	0.00631	0.00571	0.10424	0.01147	0.73561	0.01407	0.01232	0.00893	0.00465	0.00377	0.00117	0.00332	0.00372	0.00453	0.00639
22	0.00809	0.00613	0.02017	0.00923	0.10118	0.00557	0.14987	0.00999	0.00957	0.13573	0.26714	0.07757	0.11310	0.00664	0.00437	0.00127	0.00332	0.06319	0.00340	0.00448
23	0.03511	0.00945	0.01581	0.02066	0.63831	0.04345	0.13504	0.01203	0.00877	0.03430	0.00732	0.00941	0.00596	0.00341	0.00381	0.00115	0.00481	0.00348	0.00197	0.00576
24	0.00919	0.00882	0.01505	0.09518	0.77265	0.00896	0.01154	0.01147	0.00854	0.01216	0.00710	0.00945	0.00593	0.00341	0.00376	0.00114	0.00455	0.00338	0.00186	0.00585
25	0.01058	0.01213	0.01221	0.01070	0.03331	0.32658	0.07089	0.01168	0.00798	0.00950	0.00557	0.00793	0.00503	0.00526	0.00822	0.00136	0.45182	0.00308	0.00180	0.00436
26	0.00987	0.00889	0.03123	0.22374	0.44079	0.04796	0.06169	0.01215	0.00874	0.10667	0.00790	0.00987	0.00607	0.00365	0.00380	0.00117	0.00474	0.00344	0.00215	0.00548
27	0.00893	0.03752	0.01353	0.38352	0.37314	0.04201	0.03136	0.01121	0.00833	0.04428	0.00718	0.00965	0.00564	0.00362	0.00373	0.00118	0.00482	0.00334	0.00190	0.00512
28	0.00539	0.00404	0.00604	0.00607	0.00673	0.00468	0.00470	0.00672	0.00613	0.00883	0.01052	0.04374	0.01001	0.02788	0.82293	0.00594	0.00989	0.00429	0.00208	0.00338
29	0.31894	0.00662	0.00807	0.07342	0.19787	0.02046	0.00624	0.00935	0.00736	0.01287	0.01089	0.26288	0.02180	0.00614	0.00376	0.00129	0.02012	0.00516	0.00254	0.00423
30	0.00948	0.00845	0.01229	0.09378	0.37340	0.00909	0.03532	0.02760	0.33693	0.03777	0.01066	0.01147	0.00822	0.00417	0.00382	0.00121	0.00398	0.00379	0.00276	0.00583

[dist]
# distance from previous block
# <min> <max>
1	10

[block]
# block no. 10 follows, 72 sequences, length 8
# corresponding to MSA columns:
# 385-392
name=unknown_K
#
