[name]
unknown

[dist]
# distance from previous block
# <min> <max>
0	32

[block]
# block no. 0 follows, 76 sequences, length 21
# corresponding to MSA columns:
# 32-52
name=unknown_A
#
# <colnr> <probs for GDERKNQSTAVLIFYWHMCP>
#	G	D	E	R	K	N	Q	S	T	A	V	L	I	F	Y	W	H	M	C	P
0	0.00923	0.04326	0.21291	0.00986	0.10758	0.04839	0.03176	0.07605	0.23640	0.06006	0.02683	0.01212	0.02560	0.00440	0.00360	0.00113	0.00401	0.03987	0.00270	0.04423
1	0.00513	0.00413	0.00442	0.00447	0.00557	0.00352	0.00325	0.00593	0.00878	0.01098	0.13328	0.14787	0.62968	0.00968	0.00463	0.00137	0.00211	0.00808	0.00367	0.00346
2	0.00700	0.00577	0.00641	0.00592	0.00741	0.00622	0.00453	0.01294	0.43230	0.01421	0.31132	0.04390	0.11420	0.00647	0.00400	0.00121	0.00233	0.00555	0.00376	0.00455
3	0.00529	0.00352	0.00396	0.00396	0.00396	0.00352	0.00220	0.00529	0.00529	0.00705	0.01145	0.02378	0.01321	0.87227	0.01850	0.00352	0.00352	0.00529	0.00220	0.00220
4	0.00508	0.00371	0.00477	0.00451	0.00539	0.00340	0.00338	0.00674	0.01014	0.01422	0.78680	0.02774	0.09539	0.00756	0.00429	0.00115	0.00172	0.00666	0.00395	0.00340
5	0.00904	0.00781	0.00822	0.00740	0.00945	0.00904	0.00575	0.01931	0.84303	0.01520	0.01479	0.01356	0.01109	0.00493	0.00370	0.00123	0.00288	0.00411	0.00370	0.00575
6	0.85458	0.00718	0.00561	0.00496	0.00724	0.00831	0.00408	0.05124	0.00672	0.01663	0.00524	0.00604	0.00405	0.00342	0.00232	0.00112	0.00287	0.00203	0.00232	0.00405
7	0.01358	0.01732	0.01030	0.00936	0.01124	0.85768	0.00702	0.01451	0.01030	0.00890	0.00562	0.00655	0.00468	0.00375	0.00328	0.00094	0.00655	0.00234	0.00187	0.00421
8	0.01242	0.00744	0.04295	0.00920	0.11528	0.02286	0.06291	0.07488	0.02612	0.43213	0.03844	0.08744	0.00993	0.00482	0.00375	0.00113	0.00353	0.00419	0.00353	0.03704
9	0.04401	0.01588	0.01031	0.00986	0.06279	0.73405	0.00709	0.01433	0.01004	0.05069	0.00610	0.00697	0.00493	0.00374	0.00328	0.00096	0.00612	0.00245	0.00201	0.00440
10	0.00900	0.00864	0.01475	0.02231	0.84960	0.00864	0.01115	0.01115	0.00828	0.01187	0.00684	0.00900	0.00576	0.00324	0.00360	0.00108	0.00432	0.00324	0.00180	0.00576
11	0.00458	0.00333	0.00450	0.00551	0.02889	0.00313	0.00355	0.00524	0.00694	0.00928	0.01938	0.81835	0.02318	0.03906	0.00506	0.00153	0.00222	0.00997	0.00329	0.00301
12	0.00949	0.00851	0.03410	0.18641	0.54416	0.03915	0.01022	0.01162	0.00836	0.10196	0.00752	0.00938	0.00586	0.00348	0.00360	0.00111	0.00440	0.00324	0.00205	0.00540
13	0.00729	0.01880	0.85344	0.01036	0.01573	0.00844	0.01343	0.01151	0.00767	0.01151	0.00652	0.00767	0.00460	0.00345	0.00345	0.00115	0.00537	0.00269	0.00153	0.00537
14	0.00537	0.00392	0.00495	0.00466	0.00550	0.00375	0.00343	0.00738	0.05569	0.01382	0.71357	0.02604	0.03079	0.09847	0.00575	0.00140	0.00197	0.00630	0.00379	0.00343
15	0.00803	0.00796	0.01286	0.07949	0.12158	0.05937	0.28251	0.06168	0.04215	0.01240	0.15228	0.05634	0.07699	0.00495	0.00404	0.00118	0.00428	0.00482	0.00256	0.00453
16	0.01126	0.00632	0.00945	0.04018	0.04933	0.00618	0.08047	0.05727	0.00946	0.37368	0.01355	0.04189	0.01135	0.00639	0.02253	0.00140	0.04621	0.20459	0.00347	0.00502
17	0.00434	0.00351	0.00386	0.00415	0.00503	0.00303	0.00297	0.00516	0.00784	0.00964	0.03113	0.31783	0.56894	0.00994	0.00441	0.00131	0.00193	0.00857	0.00337	0.00303
18	0.00449	0.00324	0.00426	0.00499	0.00531	0.00301	0.00339	0.00522	0.00724	0.00963	0.06604	0.76045	0.07083	0.01102	0.00461	0.00145	0.00210	0.02634	0.00341	0.00299
19	0.20773	0.00932	0.06656	0.00743	0.02174	0.07762	0.01727	0.25529	0.02202	0.23289	0.00909	0.00908	0.00635	0.00440	0.01685	0.00117	0.00386	0.00300	0.02300	0.00534
20	0.22704	0.14497	0.02226	0.00757	0.04252	0.07221	0.05381	0.10725	0.07487	0.03798	0.00703	0.00775	0.00552	0.00353	0.00306	0.00097	0.01635	0.00261	0.00237	0.16035

[dist]
# distance from previous block
# <min> <max>
1	23

[block]
# block no. 1 follows, 76 sequences, length 14
# corresponding to MSA columns:
# 76-89
name=unknown_B
#
# <colnr> <probs for GDERKNQSTAVLIFYWHMCP>
#	G	D	E	R	K	N	Q	S	T	A	V	L	I	F	Y	W	H	M	C	P
0	0.00441	0.00346	0.00396	0.00431	0.00506	0.00305	0.00303	0.00522	0.00772	0.00971	0.06218	0.38593	0.44426	0.03441	0.00484	0.00139	0.00200	0.00868	0.00337	0.00301
1	0.00772	0.00670	0.04576	0.03030	0.03746	0.00664	0.00543	0.04556	0.35639	0.04741	0.23612	0.01923	0.12816	0.00596	0.00391	0.00119	0.00270	0.00506	0.00354	0.00475
2	0.01321	0.01601	0.01019	0.00912	0.01099	0.73333	0.00692	0.08331	0.01063	0.01020	0.00602	0.00698	0.00494	0.00390	0.00359	0.00097	0.03632	0.00248	0.02656	0.00435
3	0.00880	0.01088	0.20874	0.04785	0.13685	0.04192	0.22941	0.01190	0.05628	0.08036	0.02066	0.01149	0.04264	0.00413	0.00427	0.00120	0.05082	0.02458	0.00220	0.00504
4	0.01170	0.11205	0.03678	0.00939	0.12295	0.11561	0.00694	0.24387	0.01104	0.12856	0.00795	0.00840	0.00595	0.00368	0.00326	0.00094	0.00404	0.00283	0.00272	0.16133
5	0.00451	0.00337	0.00415	0.00462	0.00516	0.00306	0.00319	0.00532	0.00765	0.00999	0.12341	0.53189	0.23451	0.03532	0.00491	0.00143	0.00203	0.00906	0.00342	0.00302
6	0.00972	0.87446	0.01905	0.00622	0.00933	0.01438	0.00622	0.01088	0.00738	0.00855	0.00505	0.00583	0.00466	0.00311	0.00233	0.00078	0.00389	0.00194	0.00155	0.00466
7	0.00482	0.00329	0.00435	0.00505	0.00539	0.00304	0.00342	0.00552	0.00720	0.03615	0.04318	0.79388	0.04913	0.01099	0.00459	0.00145	0.00212	0.00994	0.00343	0.00307
8	0.00816	0.39490	0.29983	0.00739	0.01108	0.01015	0.00819	0.01040	0.00754	0.01009	0.00774	0.03550	0.03916	0.00381	0.00296	0.00093	0.00409	0.01925	0.00179	0.11702
9	0.00729	0.01880	0.85344	0.01036	0.01573	0.00844	0.01343	0.01151	0.00767	0.01151	0.00652	0.00767	0.00460	0.00345	0.00345	0.00115	0.00537	0.00269	0.00153	0.00537
10	0.00488	0.00367	0.00456	0.00474	0.00551	0.00341	0.00349	0.00629	0.02960	0.01158	0.32885	0.28777	0.20946	0.00951	0.02112	0.00139	0.00214	0.05519	0.00358	0.00325
11	0.00858	0.00980	0.02145	0.01532	0.01900	0.00919	0.83640	0.01164	0.00858	0.01164	0.00735	0.00980	0.00551	0.00306	0.00429	0.00123	0.00613	0.00429	0.00184	0.00490
12	0.54530	0.17656	0.08650	0.00596	0.00871	0.02778	0.00555	0.06951	0.00750	0.03099	0.00565	0.00639	0.00441	0.00343	0.00252	0.00105	0.00342	0.00216	0.00218	0.00442
13	0.05140	0.00806	0.00880	0.00729	0.00960	0.00886	0.00585	0.33072	0.29323	0.11613	0.04200	0.04686	0.03076	0.00507	0.00381	0.00117	0.01709	0.00405	0.00366	0.00559

[dist]
# distance from previous block
# <min> <max>
0	1

[block]
# block no. 2 follows, 76 sequences, length 16
# corresponding to MSA columns:
# 91-106
name=unknown_C
#
# <colnr> <probs for GDERKNQSTAVLIFYWHMCP>
#	G	D	E	R	K	N	Q	S	T	A	V	L	I	F	Y	W	H	M	C	P
0	0.00459	0.00356	0.00423	0.00461	0.00531	0.00326	0.00325	0.00571	0.03396	0.00995	0.07296	0.45347	0.33590	0.01060	0.02970	0.00148	0.00223	0.00872	0.00338	0.00312
1	0.00852	0.13949	0.52970	0.01053	0.07406	0.05749	0.05027	0.02814	0.00809	0.03464	0.00668	0.00800	0.00506	0.01985	0.00363	0.00113	0.00506	0.00276	0.00173	0.00519
2	0.00921	0.11799	0.41555	0.00931	0.02830	0.03209	0.06171	0.05190	0.05947	0.10927	0.02355	0.02605	0.00674	0.01860	0.00381	0.00115	0.01464	0.00319	0.00224	0.00524
3	0.00464	0.00370	0.00416	0.00404	0.00512	0.00321	0.00303	0.00588	0.00909	0.01174	0.36478	0.03181	0.51896	0.00849	0.00429	0.00119	0.00179	0.00723	0.00363	0.00321
4	0.02850	0.00679	0.00808	0.00664	0.00904	0.00683	0.00534	0.08157	0.27670	0.42228	0.04571	0.01427	0.06155	0.00500	0.00370	0.00116	0.00296	0.00409	0.00405	0.00572
5	0.00598	0.00527	0.03391	0.15774	0.04113	0.00505	0.00534	0.00830	0.09466	0.03614	0.05124	0.19649	0.30695	0.00763	0.00413	0.00127	0.00282	0.02913	0.00303	0.00379
6	0.01046	0.00795	0.04269	0.03608	0.12479	0.03008	0.01787	0.02597	0.02763	0.24442	0.00943	0.01069	0.03361	0.01816	0.00697	0.00133	0.32701	0.00350	0.01644	0.00492
7	0.00900	0.00864	0.01475	0.02231	0.84960	0.00864	0.01115	0.01115	0.00828	0.01187	0.00684	0.00900	0.00576	0.00324	0.00360	0.00108	0.00432	0.00324	0.00180	0.00576
8	0.03427	0.00479	0.00592	0.00516	0.00681	0.00444	0.00403	0.01179	0.04018	0.34353	0.12777	0.11354	0.06151	0.00587	0.00359	0.00111	0.00238	0.00494	0.21385	0.00453
9	0.00906	0.00871	0.05243	0.10287	0.45723	0.00835	0.11744	0.06904	0.02378	0.05165	0.00880	0.03219	0.03410	0.00384	0.00374	0.00114	0.00441	0.00371	0.00215	0.00534
10	0.01060	0.00981	0.09441	0.01199	0.04066	0.00859	0.41809	0.13162	0.03539	0.16909	0.00903	0.01011	0.00642	0.00412	0.02186	0.00127	0.00511	0.00383	0.00262	0.00539
11	0.01631	0.00619	0.00843	0.00647	0.00928	0.00534	0.00534	0.01771	0.01040	0.85211	0.01434	0.01237	0.00900	0.00450	0.00365	0.00112	0.00309	0.00365	0.00450	0.00619
12	0.01141	0.00553	0.00770	0.00657	0.03221	0.00498	0.03627	0.03569	0.01008	0.44981	0.22781	0.05468	0.05485	0.00577	0.00391	0.00116	0.00279	0.02022	0.02355	0.00502
13	0.01051	0.06129	0.17396	0.03946	0.19228	0.05404	0.06169	0.09535	0.02858	0.17427	0.02717	0.01041	0.03329	0.00402	0.00371	0.00111	0.01751	0.00339	0.00257	0.00539
14	0.00684	0.00623	0.07363	0.01744	0.03091	0.02060	0.07105	0.00855	0.03352	0.08759	0.12878	0.19212	0.20341	0.02648	0.00507	0.01916	0.04540	0.01626	0.00306	0.00389
15	0.00497	0.00352	0.00434	0.00465	0.00535	0.00316	0.00329	0.00589	0.00801	0.04266	0.16256	0.46415	0.25439	0.00986	0.00445	0.00134	0.00201	0.00871	0.00352	0.00319

[dist]
# distance from previous block
# <min> <max>
0	2

[block]
# block no. 3 follows, 76 sequences, length 16
# corresponding to MSA columns:
# 109-124
name=unknown_D
#
# <colnr> <probs for GDERKNQSTAVLIFYWHMCP>
#	G	D	E	R	K	N	Q	S	T	A	V	L	I	F	Y	W	H	M	C	P
0	0.46088	0.06662	0.00941	0.00831	0.08670	0.19628	0.05741	0.02744	0.03561	0.01355	0.00588	0.00688	0.00470	0.00348	0.00281	0.00107	0.00408	0.00241	0.00213	0.00438
1	0.41990	0.00757	0.00932	0.07355	0.13241	0.00841	0.08482	0.01216	0.14337	0.02916	0.02063	0.00876	0.00617	0.00376	0.00328	0.00116	0.02560	0.00295	0.00238	0.00463
2	0.00939	0.00653	0.00832	0.07354	0.04732	0.00545	0.00531	0.01123	0.02486	0.18569	0.00827	0.00889	0.00622	0.00321	0.00303	0.00075	0.00302	0.00264	0.00261	0.58373
3	0.00526	0.00389	0.00493	0.00468	0.00559	0.00366	0.00350	0.00730	0.04882	0.01419	0.74041	0.05500	0.07395	0.00754	0.00427	0.00116	0.00179	0.00664	0.00393	0.00350
4	0.00488	0.00344	0.00418	0.00452	0.00481	0.00329	0.00295	0.00539	0.00666	0.00881	0.06956	0.35031	0.09678	0.36807	0.01035	0.00229	0.00270	0.04537	0.00293	0.00270
5	0.00529	0.00390	0.00496	0.00466	0.00559	0.00367	0.00351	0.00737	0.04895	0.01439	0.77299	0.02686	0.06928	0.00739	0.00426	0.00115	0.00177	0.00651	0.00396	0.00352
6	0.00729	0.01880	0.85344	0.01036	0.01573	0.00844	0.01343	0.01151	0.00767	0.01151	0.00652	0.00767	0.00460	0.00345	0.00345	0.00115	0.00537	0.00269	0.00153	0.00537
7	0.00972	0.87446	0.01905	0.00622	0.00933	0.01438	0.00622	0.01088	0.00738	0.00855	0.00505	0.00583	0.00466	0.00311	0.00233	0.00078	0.00389	0.00194	0.00155	0.00466
8	0.00904	0.00781	0.00822	0.00740	0.00945	0.00904	0.00575	0.01931	0.84303	0.01520	0.01479	0.01356	0.01109	0.00493	0.00370	0.00123	0.00288	0.00411	0.00370	0.00575
9	0.01279	0.00534	0.00672	0.00544	0.00755	0.00488	0.00440	0.04757	0.00968	0.51770	0.01322	0.01265	0.00900	0.00440	0.00325	0.00102	0.00263	0.00354	0.32304	0.00518
10	0.00443	0.00316	0.00422	0.00506	0.00527	0.00295	0.00337	0.00506	0.00696	0.00928	0.02003	0.86990	0.02404	0.01139	0.00464	0.00148	0.00211	0.01033	0.00337	0.00295
11	0.37047	0.00664	0.02383	0.04825	0.00821	0.00710	0.00467	0.12108	0.04838	0.06390	0.06022	0.01061	0.02220	0.00418	0.00290	0.00108	0.00283	0.00309	0.18602	0.00433
12	0.00528	0.00355	0.00409	0.00409	0.00413	0.00359	0.00235	0.00536	0.00532	0.00714	0.01134	0.02317	0.01295	0.81771	0.07269	0.00367	0.00392	0.00520	0.00219	0.00227
13	0.01059	0.42561	0.06083	0.02250	0.02877	0.22211	0.01978	0.02545	0.08636	0.03839	0.02444	0.00774	0.00610	0.00362	0.00294	0.00093	0.00453	0.00255	0.00203	0.00476
14	0.03638	0.00948	0.21907	0.00746	0.01089	0.00638	0.00737	0.04256	0.00983	0.59446	0.01197	0.01092	0.00768	0.00420	0.00357	0.00113	0.00368	0.00336	0.00367	0.00593
15	0.00502	0.00354	0.00462	0.00500	0.00529	0.00359	0.00345	0.00567	0.00630	0.00850	0.01494	0.32230	0.01700	0.31385	0.17783	0.00307	0.00423	0.09033	0.00268	0.00279

[dist]
# distance from previous block
# <min> <max>
0	7

[block]
# block no. 4 follows, 76 sequences, length 12
# corresponding to MSA columns:
# 132-143
name=unknown_E
#
# <colnr> <probs for GDERKNQSTAVLIFYWHMCP>
#	G	D	E	R	K	N	Q	S	T	A	V	L	I	F	Y	W	H	M	C	P
0	0.11360	0.04765	0.01027	0.00938	0.06329	0.59189	0.03200	0.01302	0.00936	0.01004	0.00717	0.03617	0.03320	0.00406	0.00325	0.00100	0.00557	0.00284	0.00200	0.00424
1	0.55763	0.12897	0.07827	0.00623	0.00881	0.09969	0.02672	0.01109	0.00696	0.01369	0.00544	0.00646	0.00437	0.00409	0.02812	0.00120	0.00386	0.00218	0.00203	0.00419
2	0.00450	0.00321	0.00430	0.00514	0.00538	0.00301	0.00350	0.00518	0.00703	0.00936	0.01999	0.82885	0.02388	0.01132	0.00466	0.00149	0.00217	0.05068	0.00337	0.00297
3	0.00754	0.00646	0.00754	0.00538	0.00861	0.00484	0.00431	0.00915	0.00754	0.01184	0.00646	0.00754	0.00538	0.00269	0.00269	0.00054	0.00269	0.00215	0.00215	0.89449
4	0.89794	0.00703	0.00534	0.00478	0.00703	0.00815	0.00394	0.01068	0.00619	0.01631	0.00506	0.00590	0.00394	0.00337	0.00225	0.00112	0.00281	0.00197	0.00225	0.00394
5	0.01146	0.00621	0.00783	0.00584	0.00877	0.00501	0.00474	0.01299	0.00899	0.39903	0.04940	0.01068	0.00840	0.00375	0.00321	0.00084	0.00283	0.00305	0.00332	0.44366
6	0.00520	0.00388	0.00575	0.00575	0.00637	0.00449	0.00443	0.00643	0.00581	0.00837	0.00982	0.01475	0.00929	0.06907	0.81634	0.00573	0.00943	0.00396	0.00196	0.00319
7	0.00438	0.00369	0.00380	0.00377	0.00496	0.00311	0.00283	0.00539	0.00849	0.01032	0.12156	0.03416	0.76307	0.00902	0.00429	0.00122	0.00183	0.00756	0.00344	0.00311
8	0.00900	0.00864	0.01475	0.02231	0.84960	0.00864	0.01115	0.01115	0.00828	0.01187	0.00684	0.00900	0.00576	0.00324	0.00360	0.00108	0.00432	0.00324	0.00180	0.00576
9	0.00631	0.00316	0.00473	0.00473	0.00473	0.00316	0.00316	0.00473	0.00473	0.00631	0.00631	0.01105	0.00631	0.01263	0.01420	0.89426	0.00316	0.00316	0.00158	0.00158
10	0.00528	0.00356	0.00412	0.00412	0.00418	0.00361	0.00240	0.00539	0.00533	0.00717	0.01131	0.02298	0.01286	0.80042	0.08987	0.00372	0.00405	0.00517	0.00218	0.00229
11	0.00493	0.00361	0.00479	0.00500	0.00558	0.00348	0.00364	0.00614	0.00852	0.01178	0.40519	0.37241	0.04571	0.00992	0.03647	0.00149	0.02214	0.04239	0.00357	0.00323

[dist]
# distance from previous block
# <min> <max>
0	1

[block]
# block no. 5 follows, 76 sequences, length 33
# corresponding to MSA columns:
# 145-177
name=unknown_F
#
# <colnr> <probs for GDERKNQSTAVLIFYWHMCP>
#	G	D	E	R	K	N	Q	S	T	A	V	L	I	F	Y	W	H	M	C	P
0	0.05577	0.00969	0.01098	0.02544	0.10651	0.05744	0.02901	0.50930	0.04601	0.10034	0.00886	0.00909	0.00636	0.00414	0.00357	0.00110	0.00406	0.00325	0.00326	0.00583
1	0.00517	0.00382	0.00495	0.00541	0.00622	0.00361	0.00435	0.00652	0.00848	0.01112	0.18456	0.17875	0.18694	0.00960	0.00467	0.00145	0.00252	0.36515	0.00348	0.00324
2	0.75629	0.00740	0.00611	0.00525	0.00761	0.00843	0.00432	0.11401	0.00760	0.01698	0.00557	0.00631	0.00427	0.00347	0.00244	0.00110	0.00296	0.00214	0.00242	0.03532
3	0.00529	0.00427	0.00510	0.00538	0.00602	0.03647	0.00378	0.00614	0.00738	0.00996	0.08832	0.64401	0.02154	0.00967	0.00462	0.00133	0.03335	0.00860	0.00318	0.09558
4	0.01668	0.18775	0.34628	0.01730	0.02637	0.01827	0.09667	0.04131	0.03461	0.06716	0.00733	0.00827	0.00551	0.00346	0.00324	0.00102	0.00449	0.00282	0.03309	0.07835
5	0.40974	0.11362	0.04103	0.01136	0.29472	0.05309	0.00717	0.01110	0.00731	0.01330	0.00575	0.00705	0.00471	0.00332	0.00282	0.00106	0.00374	0.00244	0.00197	0.00471
6	0.00447	0.00343	0.00412	0.00459	0.00524	0.00307	0.00325	0.00531	0.00767	0.00978	0.06219	0.47918	0.33736	0.01033	0.00451	0.00138	0.00205	0.04564	0.00340	0.00303
7	0.00730	0.00623	0.00616	0.00552	0.00687	0.13596	0.00419	0.00882	0.00985	0.06058	0.54313	0.03479	0.03791	0.00671	0.02105	0.00115	0.00281	0.00534	0.00345	0.09218
8	0.00953	0.10449	0.01455	0.16784	0.37047	0.06135	0.10587	0.07303	0.00889	0.03969	0.00695	0.00881	0.00552	0.00343	0.00353	0.00108	0.00465	0.00318	0.00198	0.00518
9	0.00545	0.00391	0.00537	0.00618	0.00687	0.00384	0.00513	0.00683	0.00802	0.01044	0.02011	0.24460	0.05321	0.01034	0.00490	0.00161	0.00298	0.59362	0.00335	0.00324
10	0.00443	0.00316	0.00422	0.00506	0.00527	0.00295	0.00337	0.00506	0.00696	0.00928	0.02003	0.86990	0.02404	0.01139	0.00464	0.00148	0.00211	0.01033	0.00337	0.00295
11	0.00991	0.26275	0.15087	0.00733	0.01018	0.04520	0.03679	0.03958	0.00837	0.18370	0.03210	0.01035	0.02160	0.00806	0.15584	0.00187	0.00512	0.00314	0.00242	0.00482
12	0.40690	0.00729	0.00785	0.00797	0.13625	0.02664	0.00542	0.03047	0.00774	0.13471	0.00715	0.00784	0.00539	0.00343	0.00280	0.00099	0.00315	0.00250	0.01856	0.17694
13	0.00543	0.00371	0.00422	0.00419	0.00430	0.00379	0.00245	0.00590	0.03866	0.00744	0.01150	0.02293	0.01293	0.79782	0.05757	0.00354	0.00379	0.00517	0.00225	0.00239
14	0.00824	0.19932	0.53710	0.00911	0.01364	0.00960	0.03397	0.05852	0.00817	0.01156	0.00635	0.00739	0.00479	0.00336	0.00319	0.00102	0.00479	0.00256	0.00172	0.07560
15	0.01156	0.41558	0.01454	0.00843	0.05559	0.34703	0.00679	0.04029	0.02247	0.03892	0.00598	0.00674	0.00504	0.00349	0.00289	0.00089	0.00492	0.00231	0.00190	0.00467
16	0.00883	0.00848	0.01442	0.07598	0.77655	0.00866	0.01101	0.01098	0.00815	0.01163	0.00676	0.00901	0.00567	0.00334	0.00380	0.00110	0.02500	0.00324	0.00178	0.00560
17	0.25690	0.00876	0.00902	0.00783	0.04445	0.04863	0.02780	0.27893	0.19028	0.07870	0.00917	0.00919	0.00672	0.00411	0.00327	0.00113	0.00355	0.00310	0.00312	0.00533
18	0.11274	0.00628	0.00810	0.00628	0.00903	0.00565	0.00519	0.01694	0.00994	0.76069	0.01332	0.01166	0.00844	0.00438	0.00350	0.00112	0.00306	0.00347	0.00425	0.00594
19	0.00890	0.02330	0.20730	0.08886	0.17153	0.07318	0.11203	0.06073	0.10095	0.02886	0.00793	0.00947	0.00613	0.00514	0.05475	0.00143	0.02899	0.00330	0.00210	0.00511
20	0.05116	0.00627	0.00830	0.00643	0.00919	0.00558	0.00530	0.01749	0.03791	0.79102	0.01398	0.01215	0.00887	0.00447	0.00360	0.00113	0.00307	0.00360	0.00438	0.00608
21	0.00495	0.00388	0.00449	0.00433	0.00538	0.00354	0.00325	0.00660	0.04616	0.01206	0.39495	0.02946	0.40776	0.00882	0.02905	0.01950	0.00208	0.00682	0.00359	0.00332
22	0.00812	0.00602	0.00626	0.00577	0.00734	0.00675	0.00445	0.01493	0.50501	0.01453	0.01360	0.01356	0.01037	0.00465	0.00323	0.00108	0.00240	0.00382	0.36330	0.00480
23	0.00904	0.00781	0.00822	0.00740	0.00945	0.00904	0.00575	0.01931	0.84303	0.01520	0.01479	0.01356	0.01109	0.00493	0.00370	0.00123	0.00288	0.00411	0.00370	0.00575
24	0.00497	0.00362	0.00414	0.00406	0.00465	0.00337	0.00271	0.00572	0.00757	0.00999	0.25914	0.02791	0.25454	0.38030	0.01041	0.00219	0.00253	0.00633	0.00305	0.00280
25	0.31608	0.00621	0.00692	0.00566	0.00803	0.00615	0.00462	0.01412	0.02560	0.45248	0.08614	0.01155	0.00960	0.00438	0.00320	0.00112	0.00283	0.00334	0.02686	0.00509
26	0.00519	0.00380	0.00543	0.00545	0.00596	0.00430	0.00405	0.00622	0.00576	0.00819	0.01034	0.03832	0.01028	0.19255	0.67116	0.00527	0.00832	0.00433	0.00203	0.00303
27	0.02644	0.00538	0.00632	0.03391	0.00753	0.00554	0.00439	0.11376	0.04868	0.21428	0.01164	0.01236	0.00860	0.00580	0.05737	0.00131	0.01709	0.00347	0.41158	0.00454
28	0.02752	0.50533	0.24649	0.00760	0.02191	0.01162	0.00812	0.04350	0.00799	0.05781	0.00654	0.02925	0.00545	0.00355	0.00284	0.00094	0.00419	0.00253	0.00186	0.00496
29	0.49683	0.00868	0.08871	0.00619	0.00879	0.02667	0.00551	0.14657	0.03650	0.08702	0.00780	0.00853	0.02326	0.03107	0.00333	0.00120	0.00336	0.00270	0.00266	0.00463
30	0.00914	0.04349	0.11953	0.02158	0.10322	0.11285	0.04790	0.01112	0.00822	0.06865	0.00693	0.00800	0.00545	0.00315	0.00311	0.00082	0.00398	0.00258	0.00211	0.41816
31	0.71465	0.09287	0.03834	0.00576	0.02762	0.04978	0.00483	0.01093	0.00661	0.01491	0.00518	0.00607	0.00411	0.00337	0.00238	0.00108	0.00323	0.00204	0.00213	0.00412
32	0.02003	0.05778	0.20440	0.01260	0.20895	0.04347	0.13309	0.07889	0.00911	0.11323	0.00832	0.01027	0.00644	0.00386	0.00374	0.00113	0.01774	0.03592	0.02572	0.00530

[dist]
# distance from previous block
# <min> <max>
0	7

[block]
# block no. 6 follows, 76 sequences, length 12
# corresponding to MSA columns:
# 185-196
name=unknown_G
#
# <colnr> <probs for GDERKNQSTAVLIFYWHMCP>
#	G	D	E	R	K	N	Q	S	T	A	V	L	I	F	Y	W	H	M	C	P
0	0.00791	0.00790	0.02426	0.02425	0.20170	0.02055	0.07942	0.02091	0.01883	0.01026	0.03050	0.07698	0.02207	0.00620	0.02941	0.00149	0.40695	0.00403	0.00197	0.00441
1	0.00541	0.00418	0.00492	0.00502	0.00589	0.00408	0.00364	0.02847	0.11140	0.01152	0.19199	0.33476	0.21128	0.03716	0.00481	0.00138	0.00218	0.02490	0.00351	0.00349
2	0.00523	0.00350	0.00398	0.00404	0.00405	0.00348	0.00228	0.00527	0.00540	0.00720	0.01203	0.08130	0.01395	0.81375	0.01756	0.00338	0.00343	0.00563	0.00228	0.00225
3	0.00883	0.01005	0.04439	0.01501	0.04230	0.00926	0.74561	0.05513	0.00899	0.01224	0.00739	0.00966	0.00553	0.00315	0.00421	0.00121	0.00594	0.00416	0.00192	0.00501
4	0.89794	0.00703	0.00534	0.00478	0.00703	0.00815	0.00394	0.01068	0.00619	0.01631	0.00506	0.00590	0.00394	0.00337	0.00225	0.00112	0.00281	0.00197	0.00225	0.00394
5	0.00612	0.00504	0.00675	0.07005	0.15738	0.00486	0.00512	0.00798	0.04983	0.03636	0.16649	0.02483	0.39927	0.02259	0.00430	0.00122	0.00260	0.00595	0.01936	0.00390
6	0.00889	0.00783	0.00815	0.00727	0.00924	0.04803	0.02750	0.01755	0.68983	0.01448	0.01488	0.01402	0.04530	0.00496	0.00364	0.00119	0.00301	0.00413	0.06472	0.00538
7	0.00892	0.16288	0.16555	0.07931	0.17527	0.00994	0.09808	0.05221	0.09554	0.03140	0.00741	0.00879	0.00583	0.00380	0.00416	0.00113	0.07946	0.00312	0.00203	0.00514
8	0.89794	0.00703	0.00534	0.00478	0.00703	0.00815	0.00394	0.01068	0.00619	0.01631	0.00506	0.00590	0.00394	0.00337	0.00225	0.00112	0.00281	0.00197	0.00225	0.00394
9	0.00853	0.03048	0.03628	0.14905	0.31877	0.05815	0.00846	0.03142	0.19843	0.01213	0.03939	0.02544	0.05903	0.00438	0.00365	0.00114	0.00394	0.00383	0.00243	0.00508
10	0.00434	0.00368	0.00374	0.00373	0.00494	0.00309	0.00280	0.00530	0.00839	0.01006	0.07765	0.03458	0.80714	0.00912	0.00430	0.00122	0.00183	0.00762	0.00341	0.00309
11	0.00514	0.00372	0.00486	0.00457	0.00543	0.00343	0.00343	0.00686	0.01029	0.01457	0.84768	0.02715	0.03429	0.00743	0.00429	0.00114	0.00171	0.00657	0.00400	0.00343

[dist]
# distance from previous block
# <min> <max>
3	6

[block]
# block no. 7 follows, 76 sequences, length 16
# corresponding to MSA columns:
# 203-218
name=unknown_H
#
# <colnr> <probs for GDERKNQSTAVLIFYWHMCP>
#	G	D	E	R	K	N	Q	S	T	A	V	L	I	F	Y	W	H	M	C	P
0	0.89794	0.00703	0.00534	0.00478	0.00703	0.00815	0.00394	0.01068	0.00619	0.01631	0.00506	0.00590	0.00394	0.00337	0.00225	0.00112	0.00281	0.00197	0.00225	0.00394
1	0.00873	0.09416	0.07378	0.00660	0.00969	0.05722	0.00581	0.09170	0.00853	0.01224	0.00641	0.00746	0.00526	0.00322	0.00335	0.00074	0.05081	0.00235	0.00215	0.54979
2	0.00854	0.00845	0.06889	0.08937	0.01182	0.04971	0.08352	0.03048	0.36422	0.03863	0.02930	0.09173	0.01017	0.00488	0.00371	0.00115	0.00364	0.00426	0.00293	0.09459
3	0.06011	0.32298	0.02634	0.00719	0.03234	0.17650	0.00597	0.01248	0.14745	0.02280	0.05279	0.01034	0.05568	0.00413	0.00305	0.00096	0.00392	0.00304	0.00232	0.04961
4	0.00576	0.00431	0.00433	0.00427	0.00438	0.05245	0.00248	0.00581	0.00557	0.00715	0.01112	0.02280	0.01272	0.82252	0.01763	0.00338	0.00370	0.00512	0.00218	0.00232
5	0.89794	0.00703	0.00534	0.00478	0.00703	0.00815	0.00394	0.01068	0.00619	0.01631	0.00506	0.00590	0.00394	0.00337	0.00225	0.00112	0.00281	0.00197	0.00225	0.00394
6	0.00623	0.00319	0.00467	0.00467	0.00467	0.00319	0.00308	0.00478	0.00478	0.00637	0.00672	0.01206	0.00686	0.08110	0.01455	0.82330	0.00319	0.00333	0.00163	0.00163
7	0.01013	0.78297	0.01811	0.00655	0.00953	0.10439	0.00630	0.01127	0.00770	0.00859	0.00511	0.00591	0.00467	0.00318	0.00243	0.00079	0.00417	0.00199	0.00159	0.00462
8	0.01156	0.00754	0.00852	0.00654	0.00923	0.00741	0.00532	0.35633	0.01203	0.16077	0.00951	0.00970	0.00688	0.00391	0.00323	0.00091	0.00317	0.00305	0.12699	0.24741
9	0.00463	0.00363	0.00398	0.00398	0.00502	0.00316	0.00295	0.00575	0.00861	0.01107	0.22150	0.09811	0.55198	0.00871	0.00423	0.00121	0.00183	0.00741	0.04908	0.00316
10	0.00529	0.00352	0.00396	0.00396	0.00396	0.00352	0.00220	0.00529	0.00529	0.00705	0.01145	0.02378	0.01321	0.87227	0.01850	0.00352	0.00352	0.00529	0.00220	0.00220
11	0.00757	0.01530	0.56575	0.01141	0.01600	0.00834	0.24037	0.01130	0.00795	0.01156	0.00745	0.00990	0.00570	0.00366	0.00373	0.00119	0.00541	0.04023	0.02208	0.00510
12	0.00754	0.00646	0.00754	0.00538	0.00861	0.00484	0.00431	0.00915	0.00754	0.01184	0.00646	0.00754	0.00538	0.00269	0.00269	0.00054	0.00269	0.00215	0.00215	0.89449
13	0.00806	0.13453	0.06848	0.00937	0.15864	0.10793	0.00660	0.02148	0.06481	0.02158	0.05347	0.17189	0.07648	0.03941	0.01676	0.00130	0.02752	0.00488	0.00248	0.00433
14	0.51824	0.04594	0.23467	0.00654	0.00962	0.03781	0.00671	0.01110	0.00707	0.04527	0.02566	0.00776	0.02340	0.00366	0.00276	0.00111	0.00364	0.00246	0.00216	0.00442
15	0.14253	0.00679	0.09808	0.00607	0.00769	0.00610	0.01734	0.09444	0.03084	0.03239	0.00997	0.01522	0.02173	0.24699	0.20868	0.00291	0.00508	0.02646	0.01692	0.00377

[dist]
# distance from previous block
# <min> <max>
1	6

[block]
# block no. 8 follows, 76 sequences, length 30
# corresponding to MSA columns:
# 225-254
name=unknown_I
#
# <colnr> <probs for GDERKNQSTAVLIFYWHMCP>
#	G	D	E	R	K	N	Q	S	T	A	V	L	I	F	Y	W	H	M	C	P
0	0.01858	0.01059	0.21771	0.01398	0.26119	0.00801	0.19425	0.04597	0.03719	0.01210	0.02273	0.10907	0.00845	0.00449	0.00386	0.00119	0.00458	0.01887	0.00214	0.00506
1	0.00904	0.00781	0.00822	0.00740	0.00945	0.00904	0.00575	0.01931	0.84303	0.01520	0.01479	0.01356	0.01109	0.00493	0.00370	0.00123	0.00288	0.00411	0.00370	0.00575
2	0.00520	0.00385	0.00561	0.00561	0.00618	0.00442	0.00426	0.00634	0.00577	0.00827	0.00994	0.01543	0.00959	0.12942	0.75639	0.00556	0.00898	0.00406	0.00198	0.00312
3	0.12115	0.00640	0.00814	0.00632	0.00907	0.00584	0.00522	0.03976	0.01009	0.72951	0.01308	0.01150	0.00832	0.00436	0.00349	0.00112	0.00308	0.00344	0.00421	0.00592
4	0.00722	0.01841	0.83216	0.01023	0.01547	0.00830	0.01318	0.01135	0.00766	0.01145	0.00686	0.02928	0.00509	0.00365	0.00348	0.00116	0.00529	0.00288	0.00158	0.00531
5	0.00572	0.00408	0.00570	0.00654	0.00731	0.00406	0.00562	0.00729	0.00823	0.01072	0.01932	0.12131	0.02122	0.01017	0.00498	0.00165	0.00323	0.74619	0.00335	0.00331
6	0.00990	0.39962	0.17994	0.03853	0.04105	0.01084	0.00778	0.07089	0.05669	0.09437	0.00728	0.00784	0.00564	0.00351	0.00297	0.00095	0.00403	0.00258	0.00216	0.05344
7	0.08108	0.00889	0.02843	0.01880	0.66229	0.03815	0.00993	0.04722	0.00852	0.01264	0.00683	0.00870	0.00564	0.00333	0.00343	0.00106	0.00418	0.00307	0.02214	0.02564
8	0.00996	0.07423	0.21910	0.01029	0.14469	0.00853	0.02202	0.16559	0.05978	0.10469	0.02719	0.02987	0.00717	0.00396	0.00345	0.00105	0.00402	0.00326	0.00259	0.09858
9	0.02056	0.16180	0.12752	0.00747	0.04801	0.01615	0.03023	0.06516	0.09544	0.04730	0.14936	0.10781	0.03352	0.06839	0.00469	0.00129	0.00343	0.00463	0.00276	0.00447
10	0.00900	0.00864	0.01475	0.02231	0.84960	0.00864	0.01115	0.01115	0.00828	0.01187	0.00684	0.00900	0.00576	0.00324	0.00360	0.00108	0.00432	0.00324	0.00180	0.00576
11	0.01336	0.01696	0.01033	0.00937	0.01117	0.82518	0.00706	0.01429	0.01012	0.00889	0.00559	0.00661	0.00469	0.00385	0.00361	0.00096	0.03953	0.00237	0.00186	0.00420
12	0.07825	0.00790	0.01058	0.02351	0.17889	0.02200	0.07854	0.14703	0.17245	0.13342	0.02574	0.07719	0.01879	0.00471	0.00368	0.00117	0.00365	0.00411	0.00306	0.00533
13	0.00434	0.00363	0.00378	0.00386	0.00497	0.00307	0.00285	0.00526	0.00822	0.00994	0.06615	0.12409	0.72863	0.00937	0.00433	0.00125	0.00186	0.00791	0.00340	0.00307
14	0.01382	0.01018	0.01091	0.00836	0.01127	0.01127	0.00691	0.83748	0.01709	0.02291	0.00873	0.00873	0.00618	0.00436	0.00364	0.00109	0.00400	0.00327	0.00364	0.00618
15	0.00809	0.00835	0.01336	0.01079	0.01159	0.01071	0.18713	0.00937	0.00622	0.00937	0.00533	0.00835	0.00493	0.00565	0.01028	0.00151	0.67973	0.00342	0.00164	0.00418
16	0.00686	0.00646	0.01090	0.86353	0.02503	0.00807	0.01009	0.00929	0.00727	0.00929	0.00646	0.00969	0.00484	0.00363	0.00363	0.00121	0.00484	0.00323	0.00161	0.00404
17	0.35255	0.00635	0.00636	0.00558	0.00722	0.00711	0.00434	0.17507	0.00823	0.03322	0.00817	0.01175	0.00732	0.17923	0.17070	0.00250	0.00453	0.00329	0.00251	0.00396
18	0.00804	0.00761	0.01290	0.30899	0.52500	0.00816	0.01040	0.01021	0.00786	0.01086	0.00738	0.05281	0.00637	0.00379	0.00366	0.00114	0.00439	0.00359	0.00182	0.00503
19	0.01623	0.00630	0.00851	0.00652	0.00934	0.00552	0.00539	0.04191	0.01060	0.82764	0.01417	0.01226	0.00891	0.00449	0.00365	0.00112	0.00312	0.00364	0.00447	0.00619
20	0.00490	0.00338	0.00414	0.00453	0.00467	0.00327	0.00284	0.00528	0.00628	0.00839	0.04470	0.41010	0.01902	0.43459	0.01145	0.00247	0.00281	0.02174	0.00282	0.00261
21	0.03310	0.17928	0.13093	0.00921	0.09757	0.00822	0.07149	0.01357	0.02020	0.33420	0.03499	0.01102	0.00794	0.00407	0.00344	0.00108	0.00389	0.02749	0.00290	0.00540
22	0.00850	0.02079	0.04027	0.01702	0.50543	0.00770	0.13400	0.01056	0.00818	0.05283	0.00942	0.15075	0.00883	0.00462	0.00385	0.00117	0.00419	0.00455	0.00219	0.00516
23	0.00488	0.00342	0.00432	0.00466	0.00496	0.00326	0.00309	0.00558	0.00720	0.00977	0.19552	0.40845	0.02284	0.27493	0.00883	0.00204	0.00249	0.02780	0.00315	0.00283
24	0.00876	0.00898	0.05980	0.22196	0.49778	0.02356	0.05052	0.06360	0.00861	0.01187	0.00685	0.00907	0.00547	0.00342	0.00363	0.00112	0.00461	0.00324	0.00186	0.00528
25	0.00856	0.18191	0.31244	0.04389	0.14001	0.00938	0.08428	0.03437	0.03144	0.04118	0.02249	0.00952	0.00633	0.03396	0.00401	0.00117	0.01359	0.01448	0.00193	0.00507
26	0.00554	0.00403	0.00510	0.00496	0.00515	0.00449	0.00335	0.00599	0.00551	0.00771	0.01039	0.01961	0.01127	0.55197	0.23706	0.00389	0.08482	0.00468	0.02181	0.00267
27	0.00445	0.00317	0.00421	0.00503	0.00524	0.00297	0.00334	0.00507	0.00692	0.00922	0.01981	0.84799	0.02376	0.03368	0.00500	0.00153	0.00215	0.01020	0.00334	0.00293
28	0.02944	0.00668	0.01770	0.02130	0.07906	0.09914	0.02656	0.03810	0.04929	0.06765	0.07629	0.21886	0.03218	0.02199	0.14306	0.00201	0.02543	0.01882	0.02241	0.00403
29	0.10137	0.05379	0.14903	0.02140	0.10912	0.11500	0.03804	0.16937	0.10912	0.05512	0.00853	0.02250	0.01452	0.00404	0.00349	0.00111	0.01352	0.00316	0.00254	0.00522

[dist]
# distance from previous block
# <min> <max>
0	11

# created by:
# /st0/software/busco_prod/Augustus/scripts/msa2prfl.pl ./align_prep/30597.fa
