[name]
unknown

[dist]
# distance from previous block
# <min> <max>
0	4

[block]
# block no. 0 follows, 73 sequences, length 50
# corresponding to MSA columns:
# 4-53
name=unknown_A
#
# <colnr> <probs for GDERKNQSTAVLIFYWHMCP>
#	G	D	E	R	K	N	Q	S	T	A	V	L	I	F	Y	W	H	M	C	P
0	0.00622	0.00453	0.00628	0.00719	0.02093	0.00458	0.00613	0.00829	0.04002	0.01141	0.01949	0.04073	0.02096	0.01005	0.00511	0.00170	0.00345	0.77588	0.00344	0.00359
1	0.01598	0.00692	0.00895	0.00691	0.00975	0.00639	0.00569	0.12973	0.03167	0.69095	0.03714	0.01271	0.00967	0.00472	0.00379	0.00116	0.00328	0.00381	0.00449	0.00629
2	0.03119	0.00831	0.00893	0.00825	0.04148	0.00951	0.00622	0.09733	0.70779	0.01635	0.01412	0.01315	0.01058	0.00493	0.00377	0.00125	0.00314	0.00407	0.00370	0.00594
3	0.01401	0.01788	0.01063	0.00967	0.01160	0.85309	0.00725	0.01498	0.01063	0.00918	0.00580	0.00677	0.00483	0.00387	0.00338	0.00097	0.00677	0.00242	0.00193	0.00435
4	0.00449	0.00379	0.00388	0.00388	0.00510	0.00319	0.00290	0.00548	0.00865	0.01041	0.08402	0.04990	0.78267	0.00943	0.00444	0.00127	0.00190	0.00790	0.00352	0.00319
5	0.00914	0.00784	0.00827	0.00746	0.00948	0.00905	0.00576	0.01922	0.79670	0.01528	0.01510	0.01452	0.01156	0.04787	0.00457	0.00139	0.00300	0.00430	0.00374	0.00576
6	0.00652	0.00326	0.00489	0.00489	0.00489	0.00326	0.00326	0.00489	0.00489	0.00652	0.00652	0.01140	0.00652	0.01303	0.01466	0.89084	0.00326	0.00326	0.00163	0.00163
7	0.00821	0.00821	0.01149	0.00985	0.00985	0.01149	0.00821	0.00903	0.00575	0.00903	0.00492	0.00821	0.00492	0.00657	0.01231	0.00164	0.86128	0.00328	0.00164	0.00410
8	0.04178	0.03118	0.12873	0.00759	0.01078	0.00734	0.04576	0.06757	0.00863	0.11810	0.00763	0.00856	0.00583	0.00371	0.00417	0.00094	0.09649	0.00278	0.00245	0.39997
9	0.13272	0.01606	0.01051	0.00933	0.01141	0.69717	0.04766	0.01430	0.00997	0.01036	0.00581	0.00684	0.00477	0.00378	0.00329	0.00101	0.00622	0.00246	0.00198	0.00435
10	0.00455	0.00333	0.00429	0.00505	0.00540	0.00306	0.00341	0.00524	0.00735	0.00964	0.02274	0.76687	0.12232	0.01149	0.00475	0.00149	0.00214	0.01034	0.00348	0.00306
11	0.01048	0.00900	0.00909	0.00790	0.01016	0.05474	0.00620	0.17614	0.62409	0.01687	0.02507	0.01284	0.01045	0.00495	0.00379	0.00123	0.00338	0.00401	0.00371	0.00591
12	0.00703	0.00640	0.00921	0.05065	0.03260	0.00837	0.00686	0.00837	0.02406	0.00913	0.00746	0.01135	0.00703	0.03064	0.34551	0.00338	0.42260	0.00364	0.00185	0.00387
13	0.02522	0.29397	0.29039	0.00881	0.01256	0.08611	0.06402	0.04587	0.04182	0.04926	0.03444	0.00848	0.00639	0.00372	0.00325	0.00104	0.00474	0.00284	0.00206	0.01500
14	0.00765	0.06159	0.80761	0.01048	0.01591	0.00902	0.01349	0.01185	0.00791	0.01173	0.00666	0.00783	0.00476	0.00355	0.00351	0.00117	0.00547	0.00273	0.00159	0.00551
15	0.00709	0.00667	0.01125	0.85913	0.02584	0.00834	0.01042	0.00959	0.00750	0.00959	0.00667	0.01000	0.00500	0.00375	0.00375	0.00125	0.00500	0.00333	0.00167	0.00417
16	0.01063	0.03282	0.05333	0.02337	0.32516	0.02651	0.02821	0.16271	0.01073	0.13675	0.09260	0.01298	0.05834	0.00455	0.00381	0.00114	0.00394	0.00396	0.00291	0.00556
17	0.05005	0.04779	0.29120	0.01122	0.12874	0.01824	0.07797	0.12170	0.06016	0.10248	0.03898	0.01911	0.00740	0.00405	0.00366	0.00116	0.00452	0.00343	0.00255	0.00557
18	0.00484	0.00349	0.00467	0.00532	0.00561	0.00331	0.01449	0.01746	0.00721	0.00962	0.01959	0.77125	0.02335	0.08328	0.00597	0.00169	0.00238	0.01004	0.00336	0.00306
19	0.00803	0.00699	0.01051	0.65819	0.02190	0.03165	0.00926	0.01122	0.09435	0.06183	0.03365	0.01136	0.01707	0.00414	0.00378	0.00124	0.00459	0.00359	0.00218	0.00446
20	0.16011	0.00936	0.01256	0.01694	0.52149	0.10378	0.02641	0.01170	0.00830	0.02980	0.00690	0.00881	0.00572	0.00472	0.04568	0.00136	0.01598	0.00308	0.00201	0.00528
21	0.00886	0.01012	0.02214	0.01581	0.01961	0.00949	0.83112	0.01202	0.00886	0.01202	0.00759	0.01012	0.00569	0.00316	0.00443	0.00127	0.00633	0.00443	0.00190	0.00506
22	0.04746	0.07247	0.05802	0.10530	0.29032	0.06282	0.07591	0.17181	0.01018	0.02352	0.02312	0.00915	0.00619	0.00381	0.00381	0.00113	0.02404	0.00327	0.00227	0.00540
23	0.89465	0.00726	0.00551	0.00493	0.00726	0.00842	0.00406	0.01103	0.00638	0.01683	0.00522	0.00609	0.00406	0.00348	0.00232	0.00116	0.00290	0.00203	0.00232	0.00406
24	0.00879	0.00434	0.00546	0.00495	0.00628	0.00403	0.00380	0.01033	0.00922	0.23207	0.23846	0.11090	0.01816	0.00704	0.03585	0.00130	0.00249	0.00526	0.28704	0.00421
25	0.00933	0.00806	0.00848	0.00764	0.00976	0.00933	0.00594	0.01994	0.83797	0.01569	0.01527	0.01400	0.01145	0.00509	0.00382	0.00127	0.00297	0.00424	0.00382	0.00594
26	0.00490	0.00376	0.00449	0.00444	0.00539	0.00335	0.00328	0.00624	0.00946	0.01261	0.45204	0.12888	0.32994	0.00882	0.00447	0.00125	0.00187	0.00765	0.00382	0.00335
27	0.00652	0.00326	0.00489	0.00489	0.00489	0.00326	0.00326	0.00489	0.00489	0.00652	0.00652	0.01140	0.00652	0.01303	0.01466	0.89084	0.00326	0.00326	0.00163	0.00163
28	0.00471	0.00332	0.00431	0.00505	0.00523	0.00314	0.00329	0.00526	0.00691	0.00921	0.01928	0.73297	0.02305	0.14689	0.00705	0.00186	0.00241	0.00984	0.00329	0.00293
29	0.00933	0.00806	0.00848	0.00764	0.00976	0.00933	0.00594	0.01994	0.83797	0.01569	0.01527	0.01400	0.01145	0.00509	0.00382	0.00127	0.00297	0.00424	0.00382	0.00594
30	0.89465	0.00726	0.00551	0.00493	0.00726	0.00842	0.00406	0.01103	0.00638	0.01683	0.00522	0.00609	0.00406	0.00348	0.00232	0.00116	0.00290	0.00203	0.00232	0.00406
31	0.00457	0.00326	0.00435	0.00522	0.00544	0.00305	0.00348	0.00522	0.00718	0.00958	0.02068	0.86570	0.02481	0.01175	0.00479	0.00152	0.00218	0.01067	0.00348	0.00305
32	0.01426	0.01051	0.01126	0.00863	0.01163	0.01163	0.00713	0.83224	0.01764	0.02364	0.00901	0.00901	0.00638	0.00450	0.00375	0.00113	0.00413	0.00338	0.00375	0.00638
33	0.08202	0.00645	0.00847	0.00655	0.00940	0.00573	0.00541	0.01775	0.01041	0.78567	0.01409	0.01227	0.00890	0.00456	0.00367	0.00116	0.00317	0.00364	0.00447	0.00621
34	0.01426	0.01051	0.01126	0.00863	0.01163	0.01163	0.00713	0.83224	0.01764	0.02364	0.00901	0.00901	0.00638	0.00450	0.00375	0.00113	0.00413	0.00338	0.00375	0.00638
35	0.89465	0.00726	0.00551	0.00493	0.00726	0.00842	0.00406	0.01103	0.00638	0.01683	0.00522	0.00609	0.00406	0.00348	0.00232	0.00116	0.00290	0.00203	0.00232	0.00406
36	0.00929	0.00891	0.01523	0.02303	0.84475	0.00891	0.01151	0.01151	0.00854	0.01226	0.00706	0.00929	0.00594	0.00334	0.00371	0.00111	0.00446	0.00334	0.00186	0.00594
37	0.01426	0.01051	0.01126	0.00863	0.01163	0.01163	0.00713	0.83224	0.01764	0.02364	0.00901	0.00901	0.00638	0.00450	0.00375	0.00113	0.00413	0.00338	0.00375	0.00638
38	0.00951	0.00815	0.00858	0.00767	0.00982	0.00942	0.00598	0.04952	0.80809	0.01598	0.01504	0.01382	0.01127	0.00507	0.00382	0.00127	0.00301	0.00421	0.00382	0.00595
39	0.00450	0.00380	0.00389	0.00387	0.00511	0.00320	0.00290	0.00551	0.00871	0.01050	0.09816	0.03550	0.78284	0.00936	0.00443	0.00126	0.00189	0.00783	0.00353	0.00320
40	0.04162	0.00641	0.00862	0.00663	0.00951	0.00560	0.00547	0.01808	0.01062	0.82389	0.01453	0.01258	0.00914	0.00461	0.00373	0.00116	0.00318	0.00372	0.00458	0.00632
41	0.00704	0.00377	0.00382	0.00376	0.00472	0.00382	0.00283	0.00928	0.05545	0.01402	0.02880	0.01472	0.02765	0.00458	0.00276	0.00091	0.00182	0.00369	0.80291	0.00363
42	0.05927	0.00630	0.00835	0.02470	0.00957	0.00567	0.00544	0.01703	0.02979	0.71808	0.03438	0.04384	0.01018	0.00491	0.00375	0.00118	0.00314	0.00401	0.00439	0.00602
43	0.00458	0.00330	0.00434	0.00516	0.00543	0.00306	0.00346	0.00526	0.00730	0.00969	0.03571	0.81956	0.05607	0.01160	0.00477	0.00151	0.00216	0.01049	0.00349	0.00306
44	0.00752	0.01941	0.84871	0.01069	0.01624	0.00871	0.01386	0.01188	0.00792	0.01188	0.00673	0.00792	0.00475	0.00356	0.00356	0.00119	0.00554	0.00277	0.00158	0.00554
45	0.00862	0.01104	0.12365	0.05734	0.05652	0.00931	0.65243	0.01186	0.00866	0.01189	0.00741	0.00980	0.00555	0.00325	0.00426	0.00125	0.00608	0.00412	0.00185	0.00512
46	0.00754	0.00572	0.00688	0.00678	0.02825	0.02696	0.00492	0.15334	0.01854	0.04383	0.01602	0.41763	0.05714	0.04415	0.07531	0.00186	0.07078	0.00718	0.00319	0.00399
47	0.00457	0.00335	0.00427	0.00500	0.00536	0.00307	0.00337	0.00525	0.00734	0.00961	0.02293	0.73469	0.13866	0.02712	0.00500	0.00153	0.00216	0.01019	0.00346	0.00305
48	0.00457	0.00326	0.00435	0.00522	0.00544	0.00305	0.00348	0.00522	0.00718	0.00958	0.02068	0.86570	0.02481	0.01175	0.00479	0.00152	0.00218	0.01067	0.00348	0.00305
49	0.03975	0.00988	0.03680	0.07474	0.22178	0.09272	0.28948	0.02183	0.02688	0.09185	0.00822	0.02978	0.00645	0.00384	0.00415	0.00120	0.02941	0.00379	0.00224	0.00521

[dist]
# distance from previous block
# <min> <max>
0	1

[block]
# block no. 1 follows, 73 sequences, length 127
# corresponding to MSA columns:
# 55-181
name=unknown_B
#
# <colnr> <probs for GDERKNQSTAVLIFYWHMCP>
#	G	D	E	R	K	N	Q	S	T	A	V	L	I	F	Y	W	H	M	C	P
0	0.00853	0.03934	0.14064	0.26931	0.25920	0.05471	0.08072	0.01106	0.00824	0.02172	0.03461	0.00975	0.00634	0.00379	0.00404	0.00118	0.03660	0.00337	0.00186	0.00501
1	0.65970	0.01863	0.00758	0.00758	0.09387	0.11747	0.01404	0.02217	0.00734	0.01532	0.00556	0.00659	0.00441	0.00352	0.00264	0.00113	0.00362	0.00226	0.00223	0.00434
2	0.00515	0.00411	0.00505	0.00564	0.03649	0.02383	0.00383	0.00619	0.00811	0.01067	0.17143	0.39868	0.20007	0.02288	0.07820	0.00180	0.00294	0.00826	0.00336	0.00332
3	0.03106	0.01253	0.01060	0.00881	0.01118	0.34860	0.01999	0.27704	0.02425	0.15882	0.00848	0.00874	0.00620	0.00435	0.00407	0.00110	0.05276	0.00306	0.00300	0.00537
4	0.01561	0.00718	0.00904	0.00698	0.00979	0.00681	0.00575	0.20491	0.01225	0.60940	0.04035	0.01243	0.00948	0.00470	0.00376	0.00115	0.00332	0.00377	0.02712	0.00622
5	0.00536	0.00402	0.00603	0.00603	0.00670	0.00469	0.00469	0.00670	0.00603	0.00871	0.01005	0.01474	0.00938	0.02814	0.85328	0.00603	0.01005	0.00402	0.00201	0.00335
6	0.00709	0.00667	0.01125	0.85913	0.02584	0.00834	0.01042	0.00959	0.00750	0.00959	0.00667	0.01000	0.00500	0.00375	0.00375	0.00125	0.00500	0.00333	0.00167	0.00417
7	0.00457	0.00326	0.00435	0.00522	0.00544	0.00305	0.00348	0.00522	0.00718	0.00958	0.02068	0.86570	0.02481	0.01175	0.00479	0.00152	0.00218	0.01067	0.00348	0.00305
8	0.01003	0.87041	0.01966	0.00642	0.00963	0.01485	0.00642	0.01123	0.00762	0.00883	0.00522	0.00602	0.00481	0.00321	0.00241	0.00080	0.00401	0.00201	0.00160	0.00481
9	0.89465	0.00726	0.00551	0.00493	0.00726	0.00842	0.00406	0.01103	0.00638	0.01683	0.00522	0.00609	0.00406	0.00348	0.00232	0.00116	0.00290	0.00203	0.00232	0.00406
10	0.01003	0.87041	0.01966	0.00642	0.00963	0.01485	0.00642	0.01123	0.00762	0.00883	0.00522	0.00602	0.00481	0.00321	0.00241	0.00080	0.00401	0.00201	0.00160	0.00481
11	0.01401	0.01788	0.01063	0.00967	0.01160	0.85309	0.00725	0.01498	0.01063	0.00918	0.00580	0.00677	0.00483	0.00387	0.00338	0.00097	0.00677	0.00242	0.00193	0.00435
12	0.00468	0.00381	0.00414	0.00406	0.00522	0.00327	0.00304	0.00586	0.00913	0.01151	0.26297	0.03385	0.61740	0.00899	0.00443	0.00124	0.00186	0.00760	0.00366	0.00327
13	0.00709	0.00667	0.01125	0.85913	0.02584	0.00834	0.01042	0.00959	0.00750	0.00959	0.00667	0.01000	0.00500	0.00375	0.00375	0.00125	0.00500	0.00333	0.00167	0.00417
14	0.00543	0.00362	0.00410	0.00413	0.00414	0.00362	0.00231	0.00545	0.00551	0.00735	0.01212	0.05300	0.01402	0.83918	0.01861	0.00357	0.00359	0.00563	0.00231	0.00230
15	0.89465	0.00726	0.00551	0.00493	0.00726	0.00842	0.00406	0.01103	0.00638	0.01683	0.00522	0.00609	0.00406	0.00348	0.00232	0.00116	0.00290	0.00203	0.00232	0.00406
16	0.00457	0.00326	0.00435	0.00522	0.00544	0.00305	0.00348	0.00522	0.00718	0.00958	0.02068	0.86570	0.02481	0.01175	0.00479	0.00152	0.00218	0.01067	0.00348	0.00305
17	0.01401	0.01788	0.01063	0.00967	0.01160	0.85309	0.00725	0.01498	0.01063	0.00918	0.00580	0.00677	0.00483	0.00387	0.00338	0.00097	0.00677	0.00242	0.00193	0.00435
18	0.00953	0.00909	0.01502	0.02233	0.80344	0.02046	0.01130	0.04112	0.00890	0.01263	0.00711	0.00924	0.00594	0.00339	0.00371	0.00111	0.00448	0.00333	0.00193	0.00594
19	0.01012	0.85058	0.01945	0.00649	0.00968	0.03434	0.00644	0.01132	0.00769	0.00884	0.00523	0.00604	0.00482	0.00323	0.00243	0.00081	0.00408	0.00202	0.00161	0.00480
20	0.00457	0.00326	0.00435	0.00522	0.00544	0.00305	0.00348	0.00522	0.00718	0.00958	0.02068	0.86570	0.02481	0.01175	0.00479	0.00152	0.00218	0.01067	0.00348	0.00305
21	0.86398	0.00723	0.00563	0.00499	0.00734	0.00832	0.00411	0.01128	0.00654	0.04585	0.00556	0.00633	0.00425	0.00352	0.00237	0.00116	0.00291	0.00209	0.00240	0.00414
22	0.00546	0.00364	0.00409	0.00409	0.00409	0.00364	0.00227	0.00546	0.00546	0.00727	0.01182	0.02455	0.01364	0.86815	0.01910	0.00364	0.00364	0.00546	0.00227	0.00227
23	0.04462	0.01020	0.01083	0.00842	0.01133	0.01133	0.00693	0.73742	0.08403	0.02276	0.00939	0.00931	0.00671	0.00452	0.00371	0.00114	0.00399	0.00340	0.00371	0.00626
24	0.00779	0.04893	0.74497	0.03898	0.01594	0.00873	0.01299	0.01182	0.00795	0.02778	0.00683	0.00801	0.00488	0.00355	0.00351	0.00115	0.00533	0.00276	0.00167	0.03643
25	0.01154	0.07957	0.12379	0.01313	0.27239	0.03973	0.06347	0.04212	0.02960	0.25245	0.00936	0.00997	0.00678	0.00418	0.01470	0.00119	0.01417	0.00335	0.00272	0.00577
26	0.01003	0.87041	0.01966	0.00642	0.00963	0.01485	0.00642	0.01123	0.00762	0.00883	0.00522	0.00602	0.00481	0.00321	0.00241	0.00080	0.00401	0.00201	0.00160	0.00481
27	0.00709	0.00667	0.01125	0.85913	0.02584	0.00834	0.01042	0.00959	0.00750	0.00959	0.00667	0.01000	0.00500	0.00375	0.00375	0.00125	0.00500	0.00333	0.00167	0.00417
28	0.01321	0.01644	0.03958	0.03808	0.01187	0.72256	0.00734	0.01440	0.01043	0.03844	0.04881	0.00821	0.00655	0.00407	0.00347	0.00100	0.00629	0.00273	0.00212	0.00441
29	0.00752	0.01941	0.84871	0.01069	0.01624	0.00871	0.01386	0.01188	0.00792	0.01188	0.00673	0.00792	0.00475	0.00356	0.00356	0.00119	0.00554	0.00277	0.00158	0.00554
30	0.01401	0.01788	0.01063	0.00967	0.01160	0.85309	0.00725	0.01498	0.01063	0.00918	0.00580	0.00677	0.00483	0.00387	0.00338	0.00097	0.00677	0.00242	0.00193	0.00435
31	0.00443	0.00380	0.00380	0.00380	0.00507	0.00317	0.00285	0.00538	0.00855	0.01014	0.03801	0.03611	0.84322	0.00950	0.00443	0.00127	0.00190	0.00792	0.00348	0.00317
32	0.00709	0.00667	0.01125	0.85913	0.02584	0.00834	0.01042	0.00959	0.00750	0.00959	0.00667	0.01000	0.00500	0.00375	0.00375	0.00125	0.00500	0.00333	0.00167	0.00417
33	0.00709	0.00667	0.01125	0.85913	0.02584	0.00834	0.01042	0.00959	0.00750	0.00959	0.00667	0.01000	0.00500	0.00375	0.00375	0.00125	0.00500	0.00333	0.00167	0.00417
34	0.00445	0.00380	0.00382	0.00382	0.00508	0.00317	0.00286	0.00542	0.00859	0.01023	0.05349	0.03595	0.82768	0.00947	0.00443	0.00127	0.00190	0.00790	0.00350	0.00317
35	0.07986	0.00969	0.01048	0.00809	0.01102	0.01054	0.00668	0.65802	0.01584	0.13786	0.00953	0.00932	0.00661	0.00445	0.00365	0.00113	0.00391	0.00333	0.00377	0.00621
36	0.00745	0.01885	0.81836	0.01053	0.01589	0.00857	0.01353	0.01169	0.00785	0.01177	0.00685	0.00817	0.00492	0.00445	0.03417	0.00136	0.00571	0.00282	0.00160	0.00547
37	0.00531	0.00383	0.00501	0.00472	0.00560	0.00354	0.00354	0.00708	0.01062	0.01504	0.84277	0.02802	0.03540	0.00767	0.00442	0.00118	0.00177	0.00678	0.00413	0.00354
38	0.01510	0.00916	0.01043	0.00799	0.01096	0.00964	0.00660	0.56655	0.01539	0.29251	0.01090	0.01024	0.00733	0.00455	0.00376	0.00114	0.00382	0.00351	0.00404	0.00638
39	0.00943	0.00870	0.01478	0.06819	0.77078	0.00876	0.01124	0.01165	0.00856	0.04129	0.00731	0.00945	0.00601	0.00341	0.00372	0.00112	0.00444	0.00336	0.00194	0.00586
40	0.00457	0.00326	0.00435	0.00522	0.00544	0.00305	0.00348	0.00522	0.00718	0.00958	0.02068	0.86570	0.02481	0.01175	0.00479	0.00152	0.00218	0.01067	0.00348	0.00305
41	0.00546	0.00364	0.00409	0.00409	0.00409	0.00364	0.00227	0.00546	0.00546	0.00727	0.01182	0.02455	0.01364	0.86815	0.01910	0.00364	0.00364	0.00546	0.00227	0.00227
42	0.01579	0.00793	0.00914	0.00721	0.00999	0.07792	0.00587	0.10943	0.06864	0.62684	0.01342	0.01193	0.00873	0.00459	0.00374	0.00115	0.00358	0.00365	0.00426	0.00618
43	0.00996	0.84520	0.04421	0.00655	0.00983	0.01466	0.00664	0.01125	0.00763	0.00892	0.00526	0.00607	0.00481	0.00322	0.00244	0.00081	0.00406	0.00203	0.00160	0.00484
44	0.01438	0.01032	0.01115	0.00854	0.01154	0.01136	0.00706	0.79590	0.01733	0.06042	0.00927	0.00918	0.00651	0.00451	0.00375	0.00113	0.00409	0.00340	0.00379	0.00638
45	0.00800	0.00440	0.00459	0.00431	0.00550	0.00455	0.00330	0.03884	0.10342	0.05604	0.01260	0.01376	0.00970	0.00447	0.00286	0.00094	0.00204	0.00359	0.71307	0.00402
46	0.01072	0.00711	0.00784	0.00673	0.00882	0.00771	0.00534	0.15042	0.37116	0.14819	0.02679	0.01375	0.01047	0.00492	0.00359	0.00116	0.00293	0.01960	0.18727	0.00549
47	0.00478	0.00381	0.00424	0.00413	0.00522	0.00331	0.00307	0.00598	0.00916	0.01175	0.31876	0.03286	0.53057	0.03979	0.00496	0.00132	0.00192	0.00743	0.00367	0.00327
48	0.01387	0.00820	0.00945	0.00751	0.01023	0.00853	0.00612	0.32573	0.18412	0.33416	0.01354	0.01244	0.03868	0.00486	0.00380	0.00117	0.00345	0.00387	0.00409	0.00618
49	0.00457	0.00368	0.00407	0.00424	0.00522	0.00318	0.00308	0.00554	0.00847	0.01057	0.12627	0.23018	0.55817	0.00982	0.00452	0.00132	0.00195	0.00843	0.00356	0.00318
50	0.01004	0.00781	0.00845	0.00746	0.00964	0.00881	0.00584	0.03957	0.70727	0.09673	0.04488	0.01426	0.01198	0.00512	0.00383	0.00125	0.00298	0.00427	0.00391	0.00591
51	0.01451	0.01010	0.01101	0.00844	0.01143	0.01103	0.00697	0.75219	0.01696	0.10465	0.00958	0.00938	0.00667	0.00452	0.00376	0.00113	0.00404	0.00342	0.00384	0.00638
52	0.00584	0.00373	0.00425	0.00418	0.00428	0.00370	0.00238	0.00589	0.00563	0.03569	0.01192	0.02415	0.01349	0.83894	0.01858	0.00355	0.00362	0.00540	0.00235	0.00241
53	0.00443	0.00380	0.00380	0.00380	0.00507	0.00317	0.00285	0.00538	0.00855	0.01014	0.03801	0.03611	0.84322	0.00950	0.00443	0.00127	0.00190	0.00792	0.00348	0.00317
54	0.01426	0.01051	0.01126	0.00863	0.01163	0.01163	0.00713	0.83224	0.01764	0.02364	0.00901	0.00901	0.00638	0.00450	0.00375	0.00113	0.00413	0.00338	0.00375	0.00638
55	0.00778	0.00667	0.00778	0.00556	0.00889	0.00500	0.00445	0.00945	0.00778	0.01223	0.00667	0.00778	0.00556	0.00278	0.00278	0.00056	0.00278	0.00222	0.00222	0.89108
56	0.00537	0.00399	0.00589	0.00589	0.00652	0.00462	0.00452	0.00661	0.00599	0.00861	0.01017	0.01542	0.00968	0.08681	0.79502	0.00586	0.00960	0.00412	0.00203	0.00327
57	0.00789	0.00745	0.01251	0.36450	0.40799	0.00808	0.02063	0.01012	0.00815	0.01106	0.03368	0.02956	0.05402	0.00416	0.00382	0.00119	0.00443	0.00387	0.00197	0.00491
58	0.02494	0.01925	0.08739	0.00938	0.11026	0.03583	0.07958	0.02417	0.02007	0.33256	0.11543	0.01555	0.09863	0.00508	0.00390	0.00117	0.00367	0.00439	0.00341	0.00532
59	0.00983	0.80164	0.08666	0.00676	0.01016	0.01435	0.00702	0.01129	0.00765	0.00907	0.00534	0.00617	0.00481	0.00324	0.00250	0.00083	0.00414	0.00207	0.00160	0.00487
60	0.00709	0.00667	0.01125	0.85913	0.02584	0.00834	0.01042	0.00959	0.00750	0.00959	0.00667	0.01000	0.00500	0.00375	0.00375	0.00125	0.00500	0.00333	0.00167	0.00417
61	0.00944	0.31676	0.19301	0.07858	0.02239	0.10588	0.08862	0.04093	0.00848	0.02348	0.00712	0.04634	0.00609	0.00470	0.03204	0.00121	0.00507	0.00311	0.00190	0.00485
62	0.00896	0.00897	0.03981	0.16225	0.26606	0.10999	0.05190	0.07177	0.02758	0.02516	0.02951	0.15221	0.00972	0.01452	0.00408	0.00123	0.00444	0.00462	0.00238	0.00484
63	0.01683	0.00638	0.00871	0.00668	0.00958	0.00551	0.00551	0.01828	0.01074	0.84734	0.01480	0.01277	0.00929	0.00464	0.00377	0.00116	0.00319	0.00377	0.00464	0.00638
64	0.00709	0.00667	0.01125	0.85913	0.02584	0.00834	0.01042	0.00959	0.00750	0.00959	0.00667	0.01000	0.00500	0.00375	0.00375	0.00125	0.00500	0.00333	0.00167	0.00417
65	0.00917	0.02382	0.47192	0.01267	0.19486	0.00824	0.03707	0.02606	0.00866	0.11990	0.02870	0.02733	0.00682	0.00393	0.00369	0.00117	0.00483	0.00334	0.00219	0.00563
66	0.00456	0.00331	0.00431	0.00510	0.00541	0.00306	0.00343	0.00524	0.00730	0.00963	0.02218	0.79391	0.09563	0.01156	0.00476	0.00150	0.00215	0.01043	0.00348	0.00306
67	0.00821	0.00821	0.01149	0.00985	0.00985	0.01149	0.00821	0.00903	0.00575	0.00903	0.00492	0.00821	0.00492	0.00657	0.01231	0.00164	0.86128	0.00328	0.00164	0.00410
68	0.00914	0.06721	0.32824	0.08330	0.29523	0.05322	0.02167	0.01200	0.00840	0.06370	0.00741	0.02087	0.00576	0.00368	0.00359	0.00114	0.00492	0.00314	0.00192	0.00547
69	0.03995	0.14173	0.36841	0.01277	0.23464	0.02136	0.02317	0.02235	0.00840	0.05343	0.03525	0.00889	0.00635	0.00365	0.00344	0.00111	0.00470	0.00300	0.00196	0.00545
70	0.11728	0.25698	0.01210	0.00733	0.03876	0.02072	0.00608	0.18894	0.01072	0.24854	0.05110	0.00980	0.00790	0.00416	0.00323	0.00105	0.00361	0.00309	0.00314	0.00547
71	0.36840	0.02348	0.04546	0.00771	0.00993	0.41909	0.00624	0.01308	0.00860	0.03055	0.00577	0.00672	0.00462	0.00380	0.00326	0.00108	0.03345	0.00233	0.00212	0.00433
72	0.00456	0.00329	0.00432	0.00515	0.00542	0.00305	0.00345	0.00523	0.00726	0.00961	0.02162	0.82043	0.06948	0.01163	0.00477	0.00151	0.00216	0.01052	0.00348	0.00305
73	0.00827	0.05086	0.01048	0.04031	0.23189	0.00666	0.00664	0.01009	0.00797	0.01197	0.00670	0.00817	0.00560	0.00298	0.00304	0.00074	0.00337	0.00255	0.00207	0.57963
74	0.00546	0.00364	0.00409	0.00409	0.00409	0.00364	0.00227	0.00546	0.00546	0.00727	0.01182	0.02455	0.01364	0.86815	0.01910	0.00364	0.00364	0.00546	0.00227	0.00227
75	0.00482	0.00381	0.00434	0.00422	0.00531	0.00333	0.00316	0.00612	0.00943	0.01226	0.38828	0.04579	0.47832	0.00874	0.00444	0.00123	0.00185	0.00747	0.00377	0.00333
76	0.00752	0.01941	0.84871	0.01069	0.01624	0.00871	0.01386	0.01188	0.00792	0.01188	0.00673	0.00792	0.00475	0.00356	0.00356	0.00119	0.00554	0.00277	0.00158	0.00554
77	0.00567	0.00392	0.00507	0.00473	0.00572	0.00359	0.00357	0.00738	0.01050	0.04472	0.76368	0.02797	0.08391	0.00767	0.00440	0.00118	0.00183	0.00675	0.00411	0.00362
78	0.00551	0.00395	0.00516	0.00511	0.00539	0.00435	0.00350	0.00610	0.00571	0.00794	0.01084	0.01984	0.01154	0.48286	0.37237	0.00458	0.03553	0.00477	0.00214	0.00279
79	0.00522	0.00383	0.00489	0.00462	0.00555	0.00350	0.00347	0.00690	0.01040	0.01453	0.75878	0.02887	0.11970	0.00786	0.00443	0.00119	0.00178	0.00690	0.00406	0.00350
80	0.01012	0.85058	0.01945	0.00649	0.00968	0.03434	0.00644	0.01132	0.00769	0.00884	0.00523	0.00604	0.00482	0.00323	0.00243	0.00081	0.00408	0.00202	0.00161	0.00480
81	0.00643	0.00420	0.00544	0.00498	0.00609	0.00391	0.00378	0.00847	0.03951	0.08703	0.73022	0.02633	0.04433	0.00735	0.00435	0.00118	0.00194	0.00645	0.00415	0.00386
82	0.00778	0.00667	0.00778	0.00556	0.00889	0.00500	0.00445	0.00945	0.00778	0.01223	0.00667	0.00778	0.00556	0.00278	0.00278	0.00056	0.00278	0.00222	0.00222	0.89108
83	0.00468	0.00351	0.00435	0.00478	0.00538	0.00317	0.00334	0.00562	0.00819	0.01078	0.18505	0.50010	0.22657	0.01041	0.00463	0.00139	0.00203	0.00924	0.00361	0.00317
84	0.00856	0.10705	0.61195	0.01081	0.06284	0.02034	0.02585	0.04615	0.00842	0.03642	0.00689	0.00801	0.00505	0.00365	0.00366	0.00115	0.02311	0.00281	0.00179	0.00550
85	0.00527	0.00390	0.00492	0.00465	0.00561	0.00359	0.00349	0.00708	0.02417	0.01444	0.72872	0.02880	0.13562	0.00786	0.00442	0.00119	0.00181	0.00688	0.00404	0.00353
86	0.01584	0.00616	0.00839	0.00651	0.00923	0.00534	0.00534	0.01731	0.01073	0.77531	0.08646	0.01409	0.01155	0.00491	0.00383	0.00116	0.00307	0.00403	0.00460	0.00614
87	0.00752	0.01941	0.84871	0.01069	0.01624	0.00871	0.01386	0.01188	0.00792	0.01188	0.00673	0.00792	0.00475	0.00356	0.00356	0.00119	0.00554	0.00277	0.00158	0.00554
88	0.00938	0.02550	0.12421	0.01481	0.11013	0.02340	0.52366	0.01268	0.03945	0.06689	0.00811	0.00994	0.00602	0.00341	0.00412	0.00122	0.00566	0.00397	0.00210	0.00532
89	0.00709	0.00667	0.01125	0.85913	0.02584	0.00834	0.01042	0.00959	0.00750	0.00959	0.00667	0.01000	0.00500	0.00375	0.00375	0.00125	0.00500	0.00333	0.00167	0.00417
90	0.01003	0.87041	0.01966	0.00642	0.00963	0.01485	0.00642	0.01123	0.00762	0.00883	0.00522	0.00602	0.00481	0.00321	0.00241	0.00080	0.00401	0.00201	0.00160	0.00481
91	0.00778	0.00667	0.00778	0.00556	0.00889	0.00500	0.00445	0.00945	0.00778	0.01223	0.00667	0.00778	0.00556	0.00278	0.00278	0.00056	0.00278	0.00222	0.00222	0.89108
92	0.00929	0.00891	0.01523	0.02303	0.84475	0.00891	0.01151	0.01151	0.00854	0.01226	0.00706	0.00929	0.00594	0.00334	0.00371	0.00111	0.00446	0.00334	0.00186	0.00594
93	0.86468	0.00767	0.03400	0.00513	0.00756	0.00843	0.00439	0.01106	0.00644	0.01667	0.00527	0.00616	0.00409	0.00349	0.00236	0.00116	0.00299	0.00206	0.00230	0.00411
94	0.00457	0.00326	0.00435	0.00522	0.00544	0.00305	0.00348	0.00522	0.00718	0.00958	0.02068	0.86570	0.02481	0.01175	0.00479	0.00152	0.00218	0.01067	0.00348	0.00305
95	0.00536	0.00402	0.00603	0.00603	0.00670	0.00469	0.00469	0.00670	0.00603	0.00871	0.01005	0.01474	0.00938	0.02814	0.85328	0.00603	0.01005	0.00402	0.00201	0.00335
96	0.00923	0.00922	0.03991	0.02266	0.82021	0.00891	0.01158	0.01152	0.00852	0.01225	0.00705	0.00925	0.00591	0.00335	0.00371	0.00112	0.00449	0.00333	0.00185	0.00593
97	0.00925	0.00888	0.01517	0.03506	0.83296	0.00891	0.01150	0.01149	0.00853	0.01222	0.00705	0.00930	0.00593	0.00335	0.00371	0.00112	0.00446	0.00334	0.00185	0.00592
98	0.01683	0.00638	0.00871	0.00668	0.00958	0.00551	0.00551	0.01828	0.01074	0.84734	0.01480	0.01277	0.00929	0.00464	0.00377	0.00116	0.00319	0.00377	0.00464	0.00638
99	0.00712	0.00670	0.01131	0.84727	0.03746	0.00834	0.01043	0.00961	0.00752	0.00962	0.00667	0.00999	0.00501	0.00375	0.00375	0.00125	0.00499	0.00333	0.00167	0.00419
100	0.00959	0.04481	0.58359	0.01016	0.01495	0.00834	0.07948	0.01316	0.00855	0.17964	0.00837	0.00901	0.00574	0.00374	0.00364	0.00118	0.00508	0.00308	0.00223	0.00565
101	0.89465	0.00726	0.00551	0.00493	0.00726	0.00842	0.00406	0.01103	0.00638	0.01683	0.00522	0.00609	0.00406	0.00348	0.00232	0.00116	0.00290	0.00203	0.00232	0.00406
102	0.00520	0.00534	0.08363	0.00483	0.00639	0.00388	0.00415	0.00673	0.02013	0.02732	0.17765	0.09708	0.52679	0.00864	0.00436	0.00126	0.00228	0.00732	0.00345	0.00355
103	0.00443	0.00380	0.00380	0.00380	0.00507	0.00317	0.00285	0.00538	0.00855	0.01014	0.03801	0.03611	0.84322	0.00950	0.00443	0.00127	0.00190	0.00792	0.00348	0.00317
104	0.00917	0.00871	0.01442	0.02114	0.75092	0.00863	0.01077	0.01165	0.03746	0.01237	0.00731	0.00933	0.00611	0.00336	0.00365	0.00108	0.00428	0.00329	0.00195	0.07440
105	0.02055	0.22337	0.54368	0.00965	0.01424	0.08077	0.03559	0.01198	0.00808	0.01099	0.00630	0.00741	0.00479	0.00349	0.00328	0.00108	0.00527	0.00260	0.00164	0.00524
106	0.00546	0.00364	0.00409	0.00409	0.00409	0.00364	0.00227	0.00546	0.00546	0.00727	0.01182	0.02455	0.01364	0.86815	0.01910	0.00364	0.00364	0.00546	0.00227	0.00227
107	0.00933	0.00806	0.00848	0.00764	0.00976	0.00933	0.00594	0.01994	0.83797	0.01569	0.01527	0.01400	0.01145	0.00509	0.00382	0.00127	0.00297	0.00424	0.00382	0.00594
108	0.89465	0.00726	0.00551	0.00493	0.00726	0.00842	0.00406	0.01103	0.00638	0.01683	0.00522	0.00609	0.00406	0.00348	0.00232	0.00116	0.00290	0.00203	0.00232	0.00406
109	0.00447	0.00380	0.00386	0.00384	0.00509	0.00318	0.00288	0.00546	0.00865	0.01036	0.07508	0.03573	0.80601	0.00942	0.00443	0.00126	0.00189	0.00787	0.00351	0.00318
110	0.01405	0.05378	0.01168	0.00852	0.01153	0.01180	0.00710	0.79092	0.01714	0.02290	0.00882	0.00886	0.00630	0.00444	0.00369	0.00111	0.00412	0.00331	0.00365	0.00630
111	0.01616	0.06882	0.00967	0.00679	0.00972	0.00661	0.00569	0.07463	0.01100	0.72950	0.01371	0.01202	0.00876	0.00453	0.00367	0.00113	0.00332	0.00362	0.00436	0.00627
112	0.00778	0.00667	0.00778	0.00556	0.00889	0.00500	0.00445	0.00945	0.00778	0.01223	0.00667	0.00778	0.00556	0.00278	0.00278	0.00056	0.00278	0.00222	0.00222	0.89108
113	0.00536	0.00402	0.00603	0.00603	0.00670	0.00469	0.00469	0.00670	0.00603	0.00871	0.01005	0.01474	0.00938	0.02814	0.85328	0.00603	0.01005	0.00402	0.00201	0.00335
114	0.00752	0.01941	0.84871	0.01069	0.01624	0.00871	0.01386	0.01188	0.00792	0.01188	0.00673	0.00792	0.00475	0.00356	0.00356	0.00119	0.00554	0.00277	0.00158	0.00554
115	0.01503	0.00772	0.08832	0.03622	0.02820	0.00605	0.00657	0.01702	0.02817	0.67978	0.01337	0.01202	0.00858	0.00444	0.00372	0.00115	0.00349	0.00362	0.00411	0.03241
116	0.00778	0.00667	0.00778	0.00556	0.00889	0.00500	0.00445	0.00945	0.00778	0.01223	0.00667	0.00778	0.00556	0.00278	0.00278	0.00056	0.00278	0.00222	0.00222	0.89108
117	0.00780	0.13979	0.53540	0.00960	0.04248	0.00883	0.02013	0.02043	0.01977	0.02206	0.06324	0.06566	0.02021	0.00444	0.00357	0.00115	0.00469	0.00359	0.00201	0.00514
118	0.01201	0.07206	0.02184	0.01244	0.24232	0.19984	0.01867	0.17883	0.05256	0.10072	0.00914	0.00980	0.03109	0.00414	0.00373	0.00109	0.01826	0.00328	0.00267	0.00551
119	0.00876	0.00664	0.00788	0.00568	0.00897	0.00506	0.00456	0.01041	0.00810	0.10303	0.00755	0.00832	0.00596	0.00298	0.00289	0.00062	0.00282	0.00239	0.00249	0.79489
120	0.00768	0.07336	0.79614	0.01042	0.01582	0.00910	0.01339	0.01184	0.00790	0.01169	0.00664	0.00780	0.00476	0.00354	0.00349	0.00116	0.00545	0.00272	0.00159	0.00550
121	0.00455	0.00368	0.00405	0.00421	0.00521	0.00318	0.00306	0.00551	0.00844	0.01049	0.11277	0.22421	0.57787	0.00984	0.00451	0.00132	0.00195	0.00843	0.00355	0.00318
122	0.00804	0.00826	0.03074	0.03940	0.01043	0.01106	0.00828	0.00901	0.00588	0.00912	0.00536	0.02133	0.00531	0.00688	0.02761	0.00170	0.78239	0.00340	0.00168	0.00411
123	0.00464	0.00343	0.00435	0.00493	0.00540	0.00313	0.00339	0.00549	0.00785	0.01037	0.12883	0.62338	0.15934	0.01086	0.00468	0.00144	0.00208	0.00972	0.00357	0.00313
124	0.00872	0.04422	0.04492	0.29091	0.32215	0.06818	0.03034	0.01139	0.05637	0.01098	0.00732	0.02214	0.00600	0.00393	0.00421	0.00119	0.05673	0.00338	0.00191	0.00502
125	0.01084	0.01086	0.00941	0.00837	0.01038	0.23632	0.00650	0.07030	0.51438	0.01407	0.01172	0.01140	0.00897	0.00481	0.00419	0.00120	0.05401	0.00364	0.00318	0.00543
126	0.00888	0.41368	0.11029	0.00765	0.01020	0.02179	0.02638	0.03872	0.02009	0.02067	0.00672	0.00856	0.00590	0.00843	0.16229	0.00197	0.11853	0.00280	0.00184	0.00462

[dist]
# distance from previous block
# <min> <max>
0	2

[block]
# block no. 2 follows, 73 sequences, length 20
# corresponding to MSA columns:
# 184-203
name=unknown_C
#
# <colnr> <probs for GDERKNQSTAVLIFYWHMCP>
#	G	D	E	R	K	N	Q	S	T	A	V	L	I	F	Y	W	H	M	C	P
0	0.00855	0.00883	0.06490	0.01158	0.14520	0.06366	0.19936	0.05559	0.10568	0.03025	0.04934	0.16103	0.03212	0.04081	0.00473	0.00135	0.00428	0.00524	0.00269	0.00481
1	0.05071	0.00933	0.00987	0.00799	0.01066	0.01041	0.00646	0.46993	0.31576	0.02003	0.01104	0.01065	0.00810	0.00461	0.00368	0.00116	0.00360	0.00359	0.00366	0.03877
2	0.00498	0.00382	0.00456	0.00437	0.00540	0.00340	0.00328	0.00644	0.00984	0.01320	0.54066	0.03106	0.33865	0.00836	0.00443	0.00121	0.00182	0.00721	0.00389	0.00340
3	0.00779	0.01934	0.81445	0.01065	0.01605	0.04323	0.01359	0.01201	0.00803	0.01177	0.00669	0.00787	0.00476	0.00358	0.00356	0.00118	0.00559	0.00276	0.00160	0.00550
4	0.00796	0.05897	0.62113	0.01191	0.04713	0.00917	0.16783	0.01186	0.00811	0.01177	0.00683	0.00829	0.00498	0.00346	0.00368	0.00118	0.00558	0.00307	0.00165	0.00543
5	0.01093	0.00625	0.00686	0.00568	0.00757	0.00648	0.00456	0.27913	0.01152	0.14993	0.01159	0.01217	0.00851	0.00446	0.00317	0.00100	0.00276	0.00350	0.45905	0.00490
6	0.01337	0.00589	0.00775	0.00620	0.00855	0.00529	0.00502	0.05122	0.02589	0.56627	0.20750	0.01718	0.05170	0.00556	0.00395	0.00117	0.00284	0.00464	0.00442	0.00558
7	0.00959	0.11080	0.18338	0.01087	0.08451	0.02829	0.18750	0.04826	0.07147	0.10943	0.01014	0.08561	0.01852	0.01989	0.00407	0.00122	0.00456	0.00415	0.00251	0.00522
8	0.00800	0.02316	0.01265	0.05343	0.09914	0.00735	0.26651	0.01074	0.07664	0.06199	0.09149	0.03590	0.18037	0.00553	0.00461	0.00125	0.04869	0.00517	0.00275	0.00463
9	0.00446	0.00380	0.00384	0.00383	0.00509	0.00318	0.00287	0.00544	0.00862	0.01030	0.06554	0.03583	0.81558	0.00944	0.00443	0.00126	0.00190	0.00788	0.00351	0.00318
10	0.00608	0.00416	0.00547	0.00531	0.00625	0.00425	0.00401	0.00749	0.02861	0.07141	0.11754	0.06562	0.18082	0.08886	0.38277	0.00358	0.00579	0.00559	0.00290	0.00352
11	0.04822	0.23487	0.24562	0.02611	0.06235	0.09375	0.09577	0.01209	0.02638	0.05863	0.00807	0.04329	0.02133	0.00398	0.00338	0.00109	0.00477	0.00323	0.00204	0.00503
12	0.00546	0.00414	0.00611	0.00606	0.00667	0.00486	0.00468	0.00671	0.00599	0.00865	0.00997	0.01502	0.00945	0.06920	0.78463	0.00577	0.03725	0.00407	0.00201	0.00332
13	0.00457	0.00326	0.00435	0.00522	0.00544	0.00305	0.00348	0.00522	0.00718	0.00958	0.02068	0.86570	0.02481	0.01175	0.00479	0.00152	0.00218	0.01067	0.00348	0.00305
14	0.00725	0.00702	0.08481	0.05069	0.22777	0.00594	0.02459	0.00943	0.03451	0.05811	0.19907	0.14563	0.11678	0.00647	0.00413	0.00123	0.00326	0.00578	0.00298	0.00452
15	0.00940	0.06892	0.27719	0.05627	0.26472	0.01976	0.09598	0.07201	0.03766	0.05140	0.00764	0.00904	0.00579	0.00362	0.00366	0.00115	0.00488	0.00323	0.00209	0.00560
16	0.00914	0.02387	0.20373	0.01426	0.28679	0.11306	0.04367	0.01135	0.00808	0.02610	0.00726	0.05312	0.00635	0.00454	0.00538	0.00124	0.17154	0.00350	0.00190	0.00510
17	0.17132	0.02789	0.07674	0.01383	0.32595	0.20651	0.02456	0.07164	0.00921	0.01305	0.00677	0.02372	0.00560	0.00374	0.00338	0.00110	0.00476	0.00298	0.00210	0.00514
18	0.00484	0.00371	0.00475	0.00499	0.00571	0.00365	0.00365	0.00585	0.00737	0.00969	0.06258	0.27164	0.27688	0.03333	0.28020	0.00293	0.00465	0.00735	0.00301	0.00319
19	0.00461	0.00370	0.00412	0.00423	0.00523	0.00321	0.00309	0.00565	0.00865	0.01087	0.17342	0.19363	0.54718	0.00962	0.00450	0.00130	0.00193	0.00825	0.00360	0.00321

[dist]
# distance from previous block
# <min> <max>
0	17

# created by:
# /st0/software/busco_prod/Augustus/scripts/msa2prfl.pl ./align_prep/30599.fa
