[name]
unknown

[dist]
# distance from previous block
# <min> <max>
5	306

[block]
# block no. 0 follows, 65 sequences, length 41
# corresponding to MSA columns:
# 339-379
name=unknown_A
#
# <colnr> <probs for GDERKNQSTAVLIFYWHMCP>
#	G	D	E	R	K	N	Q	S	T	A	V	L	I	F	Y	W	H	M	C	P
0	0.06837	0.01015	0.00949	0.00869	0.03814	0.18878	0.00653	0.14159	0.08182	0.06082	0.04684	0.09542	0.05697	0.01720	0.04904	0.00160	0.07397	0.00470	0.00316	0.03671
1	0.05642	0.06377	0.05733	0.09167	0.18960	0.06587	0.04252	0.10766	0.08462	0.06814	0.00945	0.03869	0.00767	0.01865	0.00461	0.00130	0.04243	0.00381	0.00273	0.04306
2	0.06107	0.01000	0.01136	0.02877	0.06021	0.13441	0.07971	0.16169	0.01128	0.07073	0.08147	0.03652	0.00997	0.00597	0.03257	0.01523	0.05651	0.00399	0.00298	0.12556
3	0.13017	0.05444	0.02354	0.03884	0.07534	0.09228	0.00712	0.16817	0.06841	0.06187	0.03889	0.02918	0.05044	0.00511	0.00444	0.00123	0.06430	0.00382	0.00304	0.07936
4	0.01086	0.07549	0.08365	0.03042	0.10205	0.08716	0.03136	0.13842	0.09084	0.03954	0.06346	0.01200	0.00938	0.00468	0.00419	0.00115	0.03511	0.01903	0.02368	0.13752
5	0.01135	0.22747	0.06400	0.03241	0.06437	0.10776	0.04199	0.12220	0.04025	0.05223	0.02056	0.04143	0.00777	0.02281	0.00471	0.00122	0.06500	0.00358	0.01623	0.05264
6	0.09718	0.03036	0.01084	0.02206	0.04824	0.00950	0.02757	0.17307	0.02047	0.08487	0.02171	0.04137	0.00786	0.00561	0.01771	0.00135	0.19498	0.00373	0.03340	0.14814
7	0.02894	0.00793	0.00864	0.03379	0.01027	0.06608	0.00553	0.04200	0.04889	0.07734	0.05252	0.04880	0.00989	0.00519	0.02494	0.00107	0.00368	0.02712	0.00295	0.49446
8	0.00544	0.00406	0.00501	0.00509	0.00587	0.00383	0.00363	0.00660	0.00897	0.01198	0.26664	0.18489	0.23439	0.12531	0.10739	0.00238	0.00342	0.00798	0.00365	0.00346
9	0.01042	0.04587	0.27771	0.03000	0.12109	0.05923	0.04531	0.07860	0.14611	0.06651	0.03562	0.02613	0.02967	0.00475	0.00406	0.00128	0.00490	0.00397	0.00280	0.00598
10	0.00550	0.00378	0.00497	0.00570	0.00616	0.00350	0.00393	0.00637	0.00834	0.03581	0.07107	0.70548	0.07423	0.01217	0.00517	0.00162	0.00242	0.03639	0.00389	0.00350
11	0.05165	0.04904	0.05133	0.00837	0.01122	0.03245	0.00707	0.44441	0.05980	0.08359	0.01251	0.10046	0.03348	0.01904	0.00434	0.00132	0.00412	0.00461	0.01513	0.00606
12	0.00494	0.00409	0.00433	0.00441	0.00564	0.00348	0.00325	0.00601	0.00935	0.01142	0.09750	0.13302	0.67735	0.01053	0.00490	0.00141	0.00210	0.00892	0.00386	0.00348
13	0.01268	0.23589	0.05693	0.03538	0.13026	0.22619	0.02634	0.09367	0.06097	0.07253	0.00820	0.00904	0.00645	0.00413	0.00362	0.00112	0.00529	0.00310	0.00252	0.00571
14	0.00504	0.00400	0.00453	0.00476	0.00575	0.00349	0.00343	0.00613	0.00928	0.01174	0.15717	0.26979	0.47881	0.01079	0.00496	0.00145	0.00214	0.00933	0.00392	0.00349
15	0.00823	0.02123	0.83447	0.01170	0.01777	0.00953	0.01517	0.01300	0.00867	0.01300	0.00737	0.00867	0.00520	0.00390	0.00390	0.00130	0.00607	0.00303	0.00173	0.00607
16	0.01517	0.01122	0.01204	0.00932	0.01250	0.01241	0.00766	0.77242	0.04244	0.02522	0.01038	0.03170	0.00766	0.00515	0.00414	0.00125	0.00443	0.00393	0.00410	0.00687
17	0.00851	0.00730	0.00851	0.00608	0.00973	0.00547	0.00486	0.01034	0.00851	0.01338	0.00730	0.00851	0.00608	0.00304	0.00304	0.00061	0.00304	0.00243	0.00243	0.88083
18	0.00851	0.00730	0.00851	0.00608	0.00973	0.00547	0.00486	0.01034	0.00851	0.01338	0.00730	0.00851	0.00608	0.00304	0.00304	0.00061	0.00304	0.00243	0.00243	0.88083
19	0.00656	0.00425	0.00434	0.00436	0.00541	0.01960	0.00323	0.00811	0.00918	0.01374	0.11967	0.09005	0.25216	0.00747	0.00388	0.00118	0.00211	0.00625	0.43475	0.00371
20	0.00584	0.00444	0.00544	0.00533	0.00644	0.00414	0.00410	0.00797	0.04790	0.01461	0.49647	0.05155	0.22883	0.00916	0.00491	0.00139	0.00223	0.09114	0.00424	0.00387
21	0.00517	0.00369	0.00496	0.00591	0.00622	0.00348	0.00410	0.00601	0.00803	0.01067	0.02253	0.76841	0.02678	0.01270	0.00528	0.00169	0.00253	0.09465	0.00381	0.00338
22	0.00587	0.00438	0.00649	0.00649	0.00718	0.00507	0.00500	0.00726	0.00656	0.00945	0.01109	0.01668	0.01050	0.07304	0.79755	0.00646	0.01064	0.00448	0.00221	0.00360
23	0.88473	0.00794	0.00603	0.00540	0.00794	0.00921	0.00445	0.01207	0.00699	0.01842	0.00572	0.00667	0.00445	0.00381	0.00254	0.00127	0.00318	0.00222	0.00254	0.00445
24	0.01211	0.00999	0.01179	0.00915	0.01227	0.07620	0.09952	0.22359	0.13092	0.08785	0.01035	0.02371	0.00788	0.00447	0.00410	0.00111	0.02292	0.00370	0.00329	0.24510
25	0.01133	0.00715	0.00872	0.00666	0.00980	0.00605	0.00534	0.01393	0.08198	0.24981	0.05250	0.02513	0.00981	0.00434	0.00374	0.00094	0.01629	0.00353	0.00347	0.47947
26	0.03493	0.00990	0.07497	0.00900	0.01144	0.04959	0.05897	0.12740	0.25740	0.06106	0.03149	0.04583	0.08466	0.00617	0.00526	0.00140	0.09327	0.02820	0.00344	0.00562
27	0.00969	0.16578	0.51393	0.01059	0.01542	0.06054	0.03284	0.06460	0.03412	0.01318	0.01996	0.00891	0.00609	0.00410	0.00394	0.00122	0.02414	0.00308	0.00204	0.00584
28	0.01511	0.01102	0.01179	0.00909	0.01223	0.01217	0.00749	0.76580	0.01863	0.02521	0.01008	0.01020	0.00720	0.00492	0.00403	0.00121	0.00435	0.00370	0.05899	0.00678
29	0.01358	0.01025	0.01106	0.02706	0.01238	0.01119	0.00737	0.32766	0.39990	0.06471	0.01445	0.01424	0.01081	0.00585	0.00453	0.00148	0.00412	0.00448	0.03089	0.02398
30	0.88473	0.00794	0.00603	0.00540	0.00794	0.00921	0.00445	0.01207	0.00699	0.01842	0.00572	0.00667	0.00445	0.00381	0.00254	0.00127	0.00318	0.00222	0.00254	0.00445
31	0.01611	0.00865	0.01021	0.00793	0.01092	0.00874	0.00650	0.35606	0.02764	0.40529	0.01326	0.01256	0.00896	0.01903	0.00430	0.00128	0.00382	0.00396	0.06813	0.00667
32	0.00507	0.00383	0.00460	0.00509	0.00574	0.00346	0.00350	0.00593	0.00849	0.01094	0.08561	0.47459	0.28926	0.06658	0.00610	0.00170	0.00235	0.01001	0.00378	0.00336
33	0.00513	0.00379	0.00465	0.00520	0.00572	0.00347	0.00352	0.00592	0.00823	0.01073	0.07872	0.53071	0.20234	0.10362	0.00683	0.00183	0.00246	0.01011	0.00371	0.00331
34	0.06566	0.01151	0.01166	0.00910	0.01222	0.06293	0.00746	0.68556	0.01771	0.04057	0.00961	0.00973	0.00688	0.00482	0.00396	0.00122	0.00453	0.00356	0.02468	0.00662
35	0.88473	0.00794	0.00603	0.00540	0.00794	0.00921	0.00445	0.01207	0.00699	0.01842	0.00572	0.00667	0.00445	0.00381	0.00254	0.00127	0.00318	0.00222	0.00254	0.00445
36	0.00570	0.00458	0.00651	0.00648	0.00733	0.00436	0.06261	0.00718	0.03337	0.01179	0.13159	0.50356	0.14299	0.01085	0.00525	0.00155	0.01992	0.02690	0.00375	0.00371
37	0.00518	0.00369	0.00478	0.00549	0.00579	0.00346	0.00365	0.00593	0.00801	0.01073	0.09203	0.66765	0.04726	0.10741	0.00696	0.00189	0.00252	0.01058	0.00372	0.00329
38	0.00970	0.00854	0.01095	0.10946	0.18356	0.05428	0.02165	0.05874	0.22582	0.04041	0.10258	0.04833	0.04278	0.01909	0.00485	0.00138	0.03185	0.01728	0.00323	0.00551
39	0.00567	0.00435	0.00522	0.00569	0.00634	0.02084	0.00400	0.02234	0.02396	0.01208	0.17039	0.54690	0.12112	0.01127	0.00506	0.00154	0.00245	0.02327	0.00392	0.00361
40	0.00991	0.17724	0.14025	0.14594	0.06809	0.09623	0.00901	0.05551	0.11805	0.01284	0.02762	0.01235	0.06553	0.00478	0.00393	0.00121	0.01754	0.00374	0.02488	0.00535

[dist]
# distance from previous block
# <min> <max>
3	102

[block]
# block no. 1 follows, 65 sequences, length 21
# corresponding to MSA columns:
# 493-513
name=unknown_B
#
# <colnr> <probs for GDERKNQSTAVLIFYWHMCP>
#	G	D	E	R	K	N	Q	S	T	A	V	L	I	F	Y	W	H	M	C	P
0	0.00606	0.00425	0.00502	0.00486	0.00602	0.00377	0.00361	0.00748	0.01020	0.05421	0.36448	0.10213	0.34624	0.02534	0.00508	0.00140	0.00215	0.00795	0.03595	0.00379
1	0.00956	0.05119	0.16687	0.02083	0.09416	0.06595	0.02585	0.09127	0.12007	0.03204	0.09364	0.10082	0.03591	0.00664	0.02724	0.00146	0.03385	0.00494	0.01229	0.00540
2	0.00537	0.00405	0.00494	0.00516	0.00602	0.00367	0.00378	0.00664	0.00957	0.01264	0.28847	0.25505	0.27033	0.04110	0.00559	0.00156	0.00231	0.06622	0.00399	0.00355
3	0.01059	0.04958	0.15044	0.04603	0.10057	0.14441	0.05699	0.01528	0.20584	0.06210	0.07188	0.01326	0.03509	0.00494	0.00419	0.00127	0.01489	0.00409	0.00291	0.00567
4	0.04818	0.03276	0.04594	0.11412	0.03175	0.13973	0.00822	0.38573	0.03405	0.06910	0.00938	0.01035	0.00694	0.00466	0.00392	0.00122	0.00492	0.01304	0.02997	0.00599
5	0.00556	0.00413	0.00514	0.00500	0.00596	0.00375	0.00368	0.00717	0.01070	0.01467	0.58540	0.10334	0.18569	0.03500	0.00537	0.00142	0.00206	0.00798	0.00426	0.00371
6	0.01130	0.02434	0.04632	0.02397	0.07973	0.07601	0.03670	0.15794	0.36128	0.03488	0.04826	0.01353	0.01073	0.00522	0.00440	0.00132	0.02860	0.01490	0.01448	0.00611
7	0.00517	0.00375	0.00493	0.00581	0.00622	0.00350	0.00408	0.00605	0.00815	0.01073	0.02389	0.70217	0.08468	0.01251	0.00526	0.00167	0.00252	0.10171	0.00381	0.00339
8	0.01283	0.00964	0.01149	0.06359	0.07510	0.01055	0.01920	0.46922	0.09857	0.05537	0.04122	0.04067	0.02274	0.00651	0.04287	0.00153	0.00456	0.00434	0.00373	0.00627
9	0.00534	0.00374	0.00477	0.00546	0.00566	0.00358	0.00357	0.00591	0.00741	0.00986	0.01989	0.58689	0.02359	0.24699	0.00961	0.00232	0.00289	0.04598	0.00344	0.00312
10	0.00590	0.00553	0.05500	0.01669	0.02242	0.00450	0.02211	0.00789	0.02099	0.01426	0.46748	0.05077	0.25994	0.00889	0.01830	0.00142	0.00260	0.00737	0.00396	0.00400
11	0.00969	0.01107	0.02422	0.01730	0.02145	0.01038	0.81522	0.01315	0.00969	0.01315	0.00830	0.01107	0.00623	0.00346	0.00484	0.00138	0.00692	0.00484	0.00208	0.00554
12	0.01020	0.01018	0.01221	0.06404	0.25913	0.13046	0.03801	0.02936	0.23119	0.01354	0.01378	0.01455	0.10240	0.00526	0.00464	0.00131	0.04686	0.00439	0.00285	0.00565
13	0.00567	0.00432	0.00522	0.00517	0.00625	0.00397	0.00394	0.00746	0.03023	0.01389	0.42477	0.06318	0.28493	0.03416	0.00540	0.00148	0.00228	0.08980	0.00413	0.00374
14	0.00902	0.04392	0.01329	0.24027	0.12237	0.01047	0.06713	0.01292	0.16730	0.01220	0.00996	0.01206	0.03682	0.00527	0.00649	0.00144	0.21739	0.00404	0.00239	0.00523
15	0.00620	0.00443	0.00642	0.00636	0.00713	0.00500	0.00487	0.00754	0.00680	0.03351	0.01241	0.01778	0.04028	0.09647	0.71818	0.00604	0.00988	0.00467	0.00237	0.00366
16	0.23619	0.01049	0.04482	0.00868	0.03089	0.11435	0.01732	0.09263	0.16400	0.15495	0.01017	0.01036	0.00748	0.00480	0.00445	0.00131	0.07475	0.00342	0.00326	0.00568
17	0.01004	0.00990	0.01654	0.08793	0.65799	0.03850	0.07591	0.01252	0.00937	0.01302	0.00797	0.01094	0.00671	0.00385	0.00415	0.00125	0.00515	0.02005	0.00206	0.00616
18	0.00858	0.00736	0.00854	0.00617	0.00977	0.00567	0.00493	0.01081	0.04212	0.01353	0.00768	0.00879	0.00635	0.00314	0.00309	0.00064	0.00305	0.00252	0.00250	0.84474
19	0.00865	0.00617	0.00698	0.00676	0.00701	0.00613	0.00424	0.00816	0.00769	0.01062	0.01476	0.05258	0.01636	0.71784	0.03616	0.00412	0.07187	0.00661	0.00327	0.00401
20	0.00725	0.00506	0.00702	0.03008	0.00820	0.00485	0.05056	0.03128	0.03306	0.07253	0.33396	0.21373	0.08881	0.00869	0.00476	0.00140	0.00273	0.04255	0.04926	0.00421

[dist]
# distance from previous block
# <min> <max>
0	21

[block]
# block no. 2 follows, 65 sequences, length 23
# corresponding to MSA columns:
# 538-560
name=unknown_C
#
# <colnr> <probs for GDERKNQSTAVLIFYWHMCP>
#	G	D	E	R	K	N	Q	S	T	A	V	L	I	F	Y	W	H	M	C	P
0	0.00581	0.00411	0.00478	0.00490	0.00583	0.00371	0.00352	0.00688	0.00898	0.03795	0.14303	0.20937	0.34110	0.11587	0.00685	0.00175	0.00247	0.04156	0.04801	0.00352
1	0.04751	0.02774	0.02991	0.01211	0.07260	0.14896	0.21894	0.14137	0.04097	0.14536	0.02371	0.01144	0.02691	0.00454	0.00444	0.00127	0.02936	0.00400	0.00303	0.00582
2	0.04823	0.04512	0.02372	0.01049	0.03360	0.25067	0.07986	0.32126	0.10181	0.03190	0.00915	0.00966	0.00688	0.00452	0.00394	0.00120	0.00538	0.00348	0.00314	0.00597
3	0.00765	0.00383	0.00383	0.00383	0.00478	0.00383	0.00287	0.00956	0.00861	0.01530	0.01339	0.01530	0.01052	0.00478	0.00287	0.00096	0.00191	0.00383	0.87853	0.00383
4	0.05725	0.06060	0.02648	0.03154	0.17032	0.08973	0.05941	0.06619	0.07567	0.07583	0.02342	0.05353	0.01038	0.00553	0.00435	0.00130	0.02490	0.10043	0.00293	0.06022
5	0.01321	0.31098	0.05648	0.01025	0.07471	0.31648	0.00824	0.10833	0.01106	0.04480	0.00708	0.00794	0.00576	0.00403	0.00343	0.00105	0.00560	0.00277	0.00231	0.00548
6	0.00752	0.00381	0.00387	0.00392	0.00484	0.00380	0.00292	0.00937	0.00857	0.01506	0.01386	0.05766	0.01136	0.00519	0.00299	0.00099	0.00194	0.00422	0.83430	0.00380
7	0.01033	0.01000	0.01268	0.19023	0.24732	0.13634	0.05208	0.05019	0.10013	0.02507	0.01027	0.02860	0.02856	0.00489	0.01437	0.00132	0.00503	0.00399	0.06316	0.00544
8	0.01019	0.00993	0.04304	0.06413	0.09385	0.09860	0.02340	0.11150	0.28517	0.01546	0.06751	0.02816	0.09039	0.00585	0.00440	0.00133	0.01675	0.02135	0.00338	0.00561
9	0.01002	0.00940	0.01573	0.14576	0.64423	0.00972	0.02417	0.05282	0.00962	0.01350	0.00777	0.01031	0.00638	0.00396	0.00428	0.01546	0.00496	0.00367	0.00210	0.00615
10	0.00902	0.01925	0.02613	0.05486	0.10624	0.00818	0.02373	0.09007	0.27456	0.02644	0.10382	0.03265	0.14283	0.00709	0.02415	0.00148	0.00370	0.03678	0.00359	0.00542
11	0.00979	0.00975	0.03609	0.04178	0.01133	0.11405	0.02581	0.01701	0.46588	0.01461	0.05528	0.08760	0.03785	0.00624	0.00474	0.00138	0.04659	0.00512	0.00355	0.00557
12	0.01047	0.12059	0.46477	0.01073	0.01520	0.05505	0.01172	0.03357	0.11291	0.01488	0.09553	0.01336	0.01097	0.00546	0.00445	0.00149	0.00552	0.00404	0.00288	0.00641
13	0.00529	0.00381	0.00498	0.00581	0.00623	0.00359	0.00411	0.00617	0.00811	0.01066	0.02338	0.62256	0.08657	0.05983	0.00616	0.00181	0.00266	0.13118	0.00373	0.00336
14	0.01489	0.00755	0.01109	0.02915	0.20249	0.00720	0.00761	0.01656	0.01042	0.52201	0.01320	0.01360	0.00926	0.06194	0.00576	0.00147	0.05139	0.00410	0.00394	0.00638
15	0.00975	0.00972	0.03325	0.48754	0.09505	0.09828	0.02405	0.09929	0.04194	0.01288	0.02790	0.01094	0.00680	0.00437	0.00427	0.00131	0.02157	0.00368	0.00228	0.00513
16	0.00713	0.00357	0.00535	0.00535	0.00535	0.00357	0.00357	0.00535	0.00535	0.00713	0.00713	0.01248	0.00713	0.01426	0.01604	0.88057	0.00357	0.00357	0.00178	0.00178
17	0.01094	0.52137	0.09484	0.00855	0.03700	0.05973	0.02753	0.05058	0.05507	0.02848	0.02273	0.00895	0.02174	0.00401	0.00319	0.00101	0.00458	0.00288	0.00221	0.03460
18	0.00590	0.00427	0.00496	0.00475	0.00593	0.00377	0.00352	0.00724	0.01010	0.04832	0.35241	0.05313	0.40426	0.06616	0.00590	0.00152	0.00222	0.00786	0.00406	0.00371
19	0.00635	0.00585	0.02569	0.00853	0.00999	0.00527	0.19552	0.00802	0.00892	0.01203	0.11980	0.45784	0.05601	0.00973	0.00508	0.00155	0.00353	0.05284	0.00345	0.00400
20	0.01121	0.04446	0.09574	0.01129	0.14574	0.07576	0.00835	0.11725	0.26663	0.07523	0.03863	0.03496	0.04608	0.00527	0.00410	0.00128	0.00424	0.00434	0.00336	0.00607
21	0.01157	0.03027	0.08002	0.04696	0.20723	0.08613	0.08836	0.14792	0.08496	0.07758	0.02157	0.02360	0.00864	0.00486	0.00438	0.00130	0.02228	0.04349	0.00292	0.00597
22	0.01100	0.03302	0.08835	0.13643	0.07836	0.06394	0.00824	0.07148	0.05531	0.13363	0.02945	0.01126	0.00792	0.00432	0.00396	0.00111	0.01897	0.01469	0.00287	0.22569

[dist]
# distance from previous block
# <min> <max>
0	30

[block]
# block no. 3 follows, 65 sequences, length 6
# corresponding to MSA columns:
# 591-596
name=unknown_D
#
# <colnr> <probs for GDERKNQSTAVLIFYWHMCP>
#	G	D	E	R	K	N	Q	S	T	A	V	L	I	F	Y	W	H	M	C	P
0	0.01086	0.00890	0.03047	0.02708	0.07621	0.04731	0.05188	0.07188	0.30739	0.11718	0.06271	0.03511	0.04742	0.03587	0.00516	0.00143	0.03437	0.00479	0.01818	0.00579
1	0.03909	0.13975	0.15509	0.00911	0.04813	0.05505	0.03722	0.08194	0.05449	0.10714	0.05369	0.05222	0.03837	0.00542	0.00425	0.02902	0.00434	0.01736	0.00293	0.06540
2	0.00620	0.00467	0.00587	0.00673	0.07846	0.00456	0.00406	0.00728	0.03425	0.01042	0.08612	0.12968	0.14286	0.41385	0.01251	0.00266	0.00337	0.03997	0.00309	0.00340
3	0.01288	0.00896	0.01082	0.00880	0.03375	0.07637	0.06619	0.10449	0.06843	0.25910	0.04296	0.03759	0.00969	0.00481	0.00422	0.00113	0.02818	0.00397	0.00357	0.21409
4	0.02887	0.00687	0.00992	0.01134	0.22506	0.00649	0.03610	0.04968	0.01035	0.06510	0.22295	0.06171	0.10759	0.00640	0.00434	0.00124	0.00337	0.03136	0.00336	0.10789
5	0.75160	0.04755	0.00728	0.00579	0.00845	0.00956	0.00483	0.05663	0.00797	0.06062	0.00649	0.00722	0.00492	0.00392	0.00271	0.00125	0.00332	0.00240	0.00272	0.00475

[dist]
# distance from previous block
# <min> <max>
0	1

[block]
# block no. 4 follows, 65 sequences, length 22
# corresponding to MSA columns:
# 598-619
name=unknown_E
#
# <colnr> <probs for GDERKNQSTAVLIFYWHMCP>
#	G	D	E	R	K	N	Q	S	T	A	V	L	I	F	Y	W	H	M	C	P
0	0.01096	0.13912	0.08170	0.05639	0.07439	0.08405	0.07105	0.18950	0.06686	0.02827	0.04825	0.06958	0.02608	0.00594	0.02877	0.00139	0.00492	0.00432	0.00289	0.00557
1	0.00845	0.00823	0.01181	0.01021	0.01043	0.01122	0.02794	0.00951	0.00642	0.00990	0.00644	0.01028	0.00626	0.01122	0.15752	0.00262	0.68153	0.00376	0.00187	0.00437
2	0.04980	0.00850	0.02477	0.00809	0.01090	0.00842	0.03336	0.27778	0.06078	0.31406	0.08886	0.07169	0.01262	0.00578	0.00422	0.00130	0.00374	0.00477	0.00431	0.00625
3	0.00601	0.00425	0.00587	0.00587	0.00643	0.00475	0.00431	0.00714	0.00658	0.00953	0.01165	0.01878	0.01146	0.23708	0.57523	0.00555	0.00860	0.00475	0.06277	0.00338
4	0.00851	0.00730	0.00851	0.00608	0.00973	0.00547	0.00486	0.01034	0.00851	0.01338	0.00730	0.00851	0.00608	0.00304	0.00304	0.00061	0.00304	0.00243	0.00243	0.88083
5	0.00597	0.00398	0.00448	0.00448	0.00448	0.00398	0.00249	0.00597	0.00597	0.00796	0.01293	0.02686	0.01492	0.85574	0.02089	0.00398	0.00398	0.00597	0.00249	0.00249
6	0.07561	0.01125	0.01189	0.00917	0.01240	0.01249	0.00757	0.76091	0.01845	0.02536	0.00957	0.00964	0.00681	0.00485	0.00400	0.00123	0.00442	0.00359	0.00400	0.00681
7	0.00807	0.00753	0.01041	0.03779	0.06654	0.03723	0.00771	0.00938	0.00692	0.01018	0.00790	0.01184	0.00737	0.01520	0.31039	0.00343	0.40693	0.00386	0.02701	0.00432
8	0.00509	0.00364	0.00487	0.00571	0.00601	0.00343	0.00386	0.00591	0.00808	0.01086	0.07783	0.76803	0.02738	0.01316	0.03337	0.00181	0.00264	0.01113	0.00380	0.00338
9	0.00512	0.00398	0.00467	0.00507	0.00590	0.00358	0.00358	0.00630	0.02527	0.01142	0.10521	0.42174	0.36085	0.01127	0.00502	0.00151	0.00223	0.00988	0.00388	0.00350
10	0.00981	0.02796	0.00981	0.00691	0.01051	0.00684	0.02934	0.11615	0.01004	0.03776	0.00787	0.00887	0.00630	0.00337	0.00325	0.00074	0.00339	0.00271	0.00270	0.69568
11	0.88473	0.00794	0.00603	0.00540	0.00794	0.00921	0.00445	0.01207	0.00699	0.01842	0.00572	0.00667	0.00445	0.00381	0.00254	0.00127	0.00318	0.00222	0.00254	0.00445
12	0.01404	0.06537	0.03217	0.03825	0.06930	0.13790	0.00826	0.45764	0.02934	0.04885	0.00924	0.02714	0.00707	0.00485	0.00427	0.00122	0.03189	0.00362	0.00334	0.00624
13	0.00531	0.00390	0.00491	0.00538	0.00595	0.00364	0.00372	0.00650	0.02469	0.01182	0.19583	0.51276	0.12983	0.05847	0.00596	0.00168	0.00235	0.00993	0.00389	0.00348
14	0.00927	0.00741	0.00869	0.00625	0.00986	0.00573	0.00502	0.03660	0.00903	0.05743	0.00785	0.00885	0.00633	0.00321	0.00313	0.00066	0.00311	0.00256	0.00263	0.80638
15	0.01461	0.00767	0.01035	0.00781	0.01102	0.00686	0.06166	0.11092	0.01174	0.45473	0.04694	0.01287	0.00986	0.00465	0.00395	0.00113	0.00365	0.00390	0.02592	0.18974
16	0.01178	0.00987	0.01050	0.00950	0.04976	0.03342	0.00717	0.23283	0.54852	0.01912	0.01418	0.01340	0.01057	0.00527	0.00414	0.00133	0.00378	0.00429	0.00400	0.00658
17	0.01266	0.00867	0.00955	0.00784	0.01037	0.00940	0.00630	0.34614	0.22287	0.11552	0.09335	0.01442	0.01232	0.00543	0.00406	0.00125	0.00352	0.00437	0.10578	0.00618
18	0.02867	0.00846	0.01114	0.04801	0.22140	0.03320	0.00799	0.15583	0.05220	0.12699	0.08167	0.04023	0.01135	0.02142	0.01842	0.00143	0.05611	0.01652	0.05325	0.00571
19	0.00503	0.00368	0.00478	0.00557	0.00596	0.00342	0.00378	0.00583	0.00806	0.01065	0.04229	0.72035	0.11204	0.01309	0.03289	0.00179	0.00263	0.01101	0.00377	0.00337
20	0.69001	0.00909	0.00721	0.00626	0.00883	0.06679	0.00510	0.11474	0.00900	0.01874	0.02873	0.00778	0.00576	0.00411	0.00288	0.00125	0.00360	0.00258	0.00276	0.00477
21	0.03245	0.01185	0.01066	0.00884	0.01143	0.21131	0.00701	0.40164	0.03101	0.09760	0.01188	0.06757	0.03771	0.02243	0.00444	0.00130	0.00482	0.01656	0.00362	0.00587

[dist]
# distance from previous block
# <min> <max>
0	5

[block]
# block no. 5 follows, 65 sequences, length 15
# corresponding to MSA columns:
# 625-639
name=unknown_F
#
# <colnr> <probs for GDERKNQSTAVLIFYWHMCP>
#	G	D	E	R	K	N	Q	S	T	A	V	L	I	F	Y	W	H	M	C	P
0	0.01240	0.00994	0.01032	0.00860	0.01127	0.03136	0.00688	0.36478	0.40284	0.02048	0.01433	0.01366	0.04051	0.00542	0.00413	0.00130	0.00382	0.00431	0.02717	0.00648
1	0.00828	0.01803	0.06136	0.02898	0.04207	0.00768	0.14558	0.09853	0.06227	0.01294	0.03331	0.01859	0.11734	0.15510	0.13997	0.00263	0.03481	0.00513	0.00277	0.00464
2	0.00501	0.00413	0.00440	0.00440	0.00566	0.00352	0.00328	0.00618	0.00964	0.01192	0.16736	0.07974	0.66015	0.01020	0.00487	0.00139	0.00207	0.00862	0.00393	0.00352
3	0.01122	0.01138	0.03178	0.08700	0.49412	0.12648	0.04236	0.09996	0.03076	0.01412	0.00796	0.00994	0.00641	0.00396	0.00405	0.00122	0.00530	0.00358	0.00230	0.00611
4	0.00586	0.00440	0.00660	0.00660	0.00733	0.00513	0.00513	0.00733	0.00660	0.00953	0.01100	0.01613	0.01026	0.03079	0.83947	0.00660	0.01100	0.00440	0.00220	0.00367
5	0.00869	0.11189	0.58738	0.01105	0.03136	0.02601	0.03119	0.02780	0.00878	0.01253	0.00821	0.06675	0.00681	0.00462	0.00427	0.00129	0.04007	0.00362	0.00195	0.00571
6	0.00505	0.00363	0.00480	0.00572	0.00602	0.00338	0.00387	0.00581	0.00796	0.01055	0.02321	0.80229	0.05283	0.01273	0.00524	0.00166	0.00241	0.03568	0.00381	0.00335
7	0.00582	0.00523	0.03944	0.00571	0.02414	0.00434	0.01977	0.00775	0.03342	0.01363	0.34193	0.05596	0.38162	0.00883	0.00472	0.00134	0.00238	0.00759	0.03246	0.00393
8	0.07216	0.00660	0.00845	0.00673	0.00945	0.00602	0.00549	0.01761	0.04222	0.60827	0.08329	0.01507	0.01231	0.00527	0.00398	0.00125	0.00319	0.00427	0.08211	0.00626
9	0.00819	0.06994	0.14567	0.05847	0.05183	0.06033	0.04891	0.01183	0.11682	0.01391	0.27048	0.01951	0.09510	0.00612	0.00429	0.00128	0.00393	0.00524	0.00319	0.00495
10	0.07324	0.00570	0.00710	0.00609	0.00808	0.00529	0.00479	0.03302	0.01074	0.35760	0.21290	0.11929	0.04935	0.00690	0.00424	0.00130	0.00280	0.00583	0.08053	0.00521
11	0.01014	0.00980	0.07087	0.08208	0.13118	0.04030	0.04956	0.17523	0.17099	0.01618	0.10025	0.01517	0.04531	0.03464	0.02882	0.00154	0.00453	0.00455	0.00320	0.00566
12	0.01930	0.02163	0.00788	0.03946	0.02182	0.00637	0.00581	0.05298	0.05941	0.06523	0.01175	0.01645	0.01045	0.03975	0.56417	0.00492	0.00869	0.03693	0.00267	0.00434
13	0.06509	0.00858	0.01016	0.09628	0.18966	0.09023	0.00755	0.05730	0.09267	0.01349	0.04171	0.06600	0.06314	0.05016	0.04024	0.00162	0.00450	0.02760	0.00281	0.07120
14	0.04760	0.21103	0.02058	0.00813	0.01069	0.20249	0.02258	0.11614	0.03019	0.06664	0.06835	0.05281	0.03750	0.00564	0.01960	0.00123	0.02415	0.00388	0.00286	0.04790

[dist]
# distance from previous block
# <min> <max>
0	22

[block]
# block no. 6 follows, 65 sequences, length 58
# corresponding to MSA columns:
# 662-719
name=unknown_G
#
# <colnr> <probs for GDERKNQSTAVLIFYWHMCP>
#	G	D	E	R	K	N	Q	S	T	A	V	L	I	F	Y	W	H	M	C	P
0	0.01038	0.06272	0.12880	0.09626	0.20822	0.06264	0.12825	0.10527	0.05766	0.01415	0.02221	0.01040	0.00700	0.00452	0.01603	0.00132	0.02656	0.00369	0.00238	0.03156
1	0.00859	0.03028	0.09911	0.08246	0.13086	0.05006	0.00804	0.05037	0.05787	0.03886	0.07551	0.19379	0.05422	0.00760	0.02018	0.00150	0.04232	0.04042	0.00302	0.00493
2	0.00656	0.00508	0.00659	0.03775	0.09040	0.00492	0.00497	0.00875	0.06672	0.02801	0.20865	0.20144	0.23644	0.00872	0.00463	0.00137	0.00261	0.00762	0.06457	0.00418
3	0.01013	0.02871	0.14675	0.08262	0.15704	0.16452	0.10491	0.05360	0.04073	0.01305	0.06311	0.05214	0.03535	0.00499	0.00439	0.00128	0.02455	0.00430	0.00247	0.00537
4	0.00536	0.00380	0.00489	0.00548	0.00602	0.00350	0.00380	0.00636	0.00870	0.02265	0.15139	0.59951	0.11300	0.01163	0.00509	0.00156	0.00231	0.02204	0.01943	0.00350
5	0.01095	0.00856	0.02040	0.12404	0.10055	0.03746	0.00761	0.20496	0.10311	0.09480	0.18066	0.01640	0.04675	0.00570	0.00444	0.00129	0.01833	0.00475	0.00361	0.00563
6	0.00548	0.00407	0.00570	0.00630	0.00685	0.00384	0.02995	0.00652	0.00835	0.01107	0.05271	0.60623	0.05724	0.02959	0.00560	0.00172	0.00277	0.14877	0.00375	0.00349
7	0.00851	0.00730	0.00851	0.00608	0.00973	0.00547	0.00486	0.01034	0.00851	0.01338	0.00730	0.00851	0.00608	0.00304	0.00304	0.00061	0.00304	0.00243	0.00243	0.88083
8	0.00518	0.00409	0.00467	0.00470	0.00579	0.00358	0.00346	0.00646	0.00987	0.01273	0.29124	0.15046	0.46300	0.01010	0.00490	0.00139	0.00208	0.00869	0.00404	0.00358
9	0.01084	0.02109	0.01068	0.00868	0.01116	0.23058	0.08770	0.05065	0.02069	0.06702	0.02228	0.03167	0.11956	0.00552	0.00443	0.00115	0.04200	0.04319	0.01462	0.19649
10	0.00517	0.00416	0.00461	0.00452	0.00575	0.00360	0.00338	0.00649	0.01006	0.01283	0.29799	0.05438	0.55305	0.00980	0.00486	0.00136	0.00204	0.00832	0.00404	0.00360
11	0.01156	0.00888	0.01102	0.08162	0.08470	0.00976	0.03313	0.16093	0.38606	0.10352	0.02599	0.04257	0.01086	0.00534	0.00421	0.00134	0.00390	0.00454	0.00380	0.00629
12	0.00787	0.00745	0.01234	0.76878	0.02666	0.00944	0.01118	0.01043	0.00803	0.01043	0.00712	0.01076	0.00546	0.00439	0.00497	0.00141	0.08327	0.00364	0.00182	0.00455
13	0.01542	0.01049	0.01155	0.00897	0.01208	0.01135	0.00736	0.66865	0.01770	0.13190	0.01136	0.05447	0.00846	0.00536	0.00417	0.00126	0.00427	0.00417	0.00422	0.00679
14	0.00511	0.00424	0.00455	0.00458	0.00584	0.00374	0.00342	0.00645	0.02788	0.01145	0.09052	0.09705	0.64936	0.01154	0.05413	0.00171	0.00265	0.00846	0.00377	0.00356
15	0.00590	0.00459	0.00562	0.00597	0.00674	0.00451	0.00421	0.00790	0.09875	0.01136	0.02241	0.58053	0.10931	0.03346	0.00561	0.00161	0.02682	0.00968	0.00368	0.05130
16	0.00796	0.00754	0.01257	0.74989	0.07285	0.00936	0.01133	0.01057	0.00816	0.01062	0.00721	0.01078	0.00553	0.00426	0.00465	0.00138	0.05519	0.00365	0.00183	0.00467
17	0.78601	0.00850	0.03281	0.00600	0.00852	0.00950	0.00513	0.02979	0.00727	0.01791	0.00584	0.00694	0.00458	0.00404	0.00326	0.00130	0.05318	0.00236	0.00251	0.00456
18	0.00968	0.00823	0.01001	0.00744	0.01077	0.03992	0.06767	0.07958	0.00986	0.04993	0.02930	0.01109	0.04765	0.00394	0.00367	0.00085	0.01962	0.00326	0.00276	0.58480
19	0.01056	0.75891	0.06815	0.00733	0.01084	0.01517	0.00748	0.01211	0.00843	0.01001	0.00675	0.00905	0.00635	0.00400	0.00289	0.00096	0.00445	0.04949	0.00187	0.00523
20	0.00848	0.00804	0.01362	0.59900	0.26949	0.00931	0.01176	0.01112	0.00855	0.01137	0.00742	0.01071	0.00578	0.00397	0.00409	0.00132	0.00529	0.00365	0.00189	0.00514
21	0.01472	0.01827	0.01135	0.01031	0.01245	0.73982	0.00776	0.01704	0.10891	0.01090	0.00759	0.00835	0.00616	0.00439	0.00376	0.00110	0.00690	0.00288	0.00236	0.00497
22	0.01498	0.01110	0.01195	0.00917	0.01242	0.01212	0.00755	0.75318	0.01844	0.02483	0.00995	0.02608	0.00732	0.00497	0.00407	0.00120	0.00439	0.00378	0.00400	0.05850
23	0.00616	0.00520	0.00586	0.00621	0.00691	0.06510	0.01803	0.00753	0.03472	0.01176	0.15458	0.55315	0.07296	0.01093	0.00501	0.00153	0.00279	0.02412	0.00378	0.00368
24	0.00775	0.00730	0.01231	0.84587	0.02827	0.00912	0.01140	0.01049	0.00821	0.01049	0.00730	0.01094	0.00547	0.00410	0.00410	0.00137	0.00547	0.00365	0.00182	0.00456
25	0.00550	0.00416	0.00507	0.00489	0.00595	0.00373	0.00365	0.00712	0.01081	0.01465	0.56587	0.06622	0.26905	0.00916	0.00486	0.00133	0.00200	0.00796	0.00428	0.00373
26	0.00597	0.00398	0.00448	0.00448	0.00448	0.00398	0.00249	0.00597	0.00597	0.00796	0.01293	0.02686	0.01492	0.85574	0.02089	0.00398	0.00398	0.00597	0.00249	0.00249
27	0.00851	0.00730	0.00851	0.00608	0.00973	0.00547	0.00486	0.01034	0.00851	0.01338	0.00730	0.00851	0.00608	0.00304	0.00304	0.00061	0.00304	0.00243	0.00243	0.88083
28	0.00851	0.00730	0.00851	0.00608	0.00973	0.00547	0.00486	0.01034	0.00851	0.01338	0.00730	0.00851	0.00608	0.00304	0.00304	0.00061	0.00304	0.00243	0.00243	0.88083
29	0.01021	0.00882	0.00928	0.00835	0.01067	0.01021	0.00650	0.02181	0.82272	0.01717	0.01671	0.01532	0.01253	0.00557	0.00418	0.00139	0.00325	0.00464	0.00418	0.00650
30	0.00980	0.35417	0.35703	0.01076	0.08003	0.01241	0.02224	0.03324	0.04809	0.01217	0.00722	0.00834	0.00575	0.00388	0.00360	0.00114	0.01951	0.00288	0.00195	0.00579
31	0.00596	0.00414	0.00533	0.00543	0.00631	0.00379	0.00401	0.00742	0.01012	0.04328	0.42261	0.27597	0.12331	0.01000	0.00498	0.00145	0.00225	0.05564	0.00420	0.00377
32	0.01031	0.00872	0.00964	0.00860	0.02217	0.00989	0.02296	0.09272	0.65157	0.01777	0.08575	0.01598	0.01407	0.00568	0.00424	0.00137	0.00335	0.00479	0.00413	0.00630
33	0.01784	0.00717	0.00956	0.00738	0.01050	0.00638	0.00608	0.05177	0.03551	0.76222	0.03066	0.01415	0.01062	0.00515	0.00414	0.00127	0.00350	0.00419	0.00501	0.00692
34	0.02674	0.01046	0.01167	0.00981	0.03719	0.07983	0.06105	0.29098	0.25623	0.13758	0.01252	0.01260	0.00917	0.00505	0.00415	0.00129	0.00437	0.01899	0.00387	0.00644
35	0.01629	0.00643	0.00861	0.00677	0.00954	0.00563	0.00553	0.01794	0.01141	0.68234	0.08022	0.01543	0.01246	0.00531	0.00405	0.00124	0.00320	0.00436	0.09684	0.00641
36	0.00754	0.00600	0.00653	0.00597	0.00727	0.06594	0.00453	0.05689	0.04385	0.03793	0.62111	0.04380	0.06087	0.00785	0.00468	0.00128	0.00260	0.00679	0.00428	0.00428
37	0.00506	0.00367	0.00467	0.00545	0.00580	0.00340	0.00364	0.00575	0.00789	0.01036	0.02402	0.70220	0.11517	0.07440	0.00634	0.00181	0.00247	0.01092	0.00371	0.00329
38	0.00851	0.00730	0.00851	0.00608	0.00973	0.00547	0.00486	0.01034	0.00851	0.01338	0.00730	0.00851	0.00608	0.00304	0.00304	0.00061	0.00304	0.00243	0.00243	0.88083
39	0.03845	0.01807	0.01159	0.01027	0.01257	0.69545	0.00782	0.13415	0.01264	0.01260	0.00685	0.00774	0.00551	0.00432	0.00373	0.00109	0.00687	0.00279	0.00242	0.00508
40	0.00581	0.00429	0.00550	0.00522	0.00624	0.00403	0.00393	0.00782	0.02679	0.01556	0.69055	0.03033	0.11036	0.00985	0.05410	0.00162	0.00251	0.00731	0.00431	0.00387
41	0.00665	0.00448	0.00532	0.00502	0.00640	0.00394	0.00386	0.00814	0.01050	0.09451	0.35107	0.03376	0.39833	0.00911	0.00481	0.00136	0.00224	0.04231	0.00422	0.00399
42	0.00667	0.00512	0.00726	0.00696	0.00776	0.00606	0.00544	0.05521	0.00730	0.01045	0.01062	0.01575	0.00994	0.06581	0.69352	0.00582	0.06979	0.00437	0.00230	0.00386
43	0.00851	0.00730	0.00851	0.00608	0.00973	0.00547	0.00486	0.01034	0.00851	0.01338	0.00730	0.00851	0.00608	0.00304	0.00304	0.00061	0.00304	0.00243	0.00243	0.88083
44	0.00992	0.00949	0.01608	0.10701	0.73312	0.00970	0.01235	0.01257	0.02585	0.01319	0.00786	0.01034	0.00652	0.00374	0.00407	0.00124	0.00490	0.00368	0.00205	0.00631
45	0.01563	0.01126	0.01215	0.00934	0.01260	0.01241	0.00771	0.76911	0.03329	0.05935	0.01024	0.01012	0.00721	0.00495	0.00411	0.00124	0.00445	0.00373	0.00415	0.00697
46	0.01082	0.00914	0.00962	0.00862	0.02617	0.05206	0.01654	0.08941	0.55796	0.05488	0.03211	0.01617	0.07157	0.00579	0.00438	0.00136	0.01852	0.00474	0.00398	0.00615
47	0.00590	0.00399	0.00446	0.00446	0.00454	0.00395	0.00252	0.00596	0.00617	0.00814	0.01459	0.02759	0.06207	0.80675	0.01996	0.00383	0.00387	0.00613	0.00256	0.00254
48	0.00960	0.00760	0.00883	0.00645	0.00999	0.00614	0.00518	0.06041	0.04292	0.06255	0.00836	0.00920	0.00664	0.00338	0.00322	0.00072	0.00317	0.00270	0.00276	0.74020
49	0.00517	0.00384	0.00483	0.00539	0.00601	0.00351	0.00380	0.00619	0.00882	0.01162	0.15331	0.52318	0.19182	0.01159	0.00512	0.00156	0.00231	0.04455	0.00392	0.00346
50	0.00894	0.01947	0.69667	0.01253	0.06549	0.00981	0.04334	0.07190	0.00952	0.01397	0.00760	0.00893	0.00544	0.00395	0.00396	0.00129	0.00591	0.00318	0.00194	0.00614
51	0.00519	0.00384	0.00486	0.00559	0.00616	0.00354	0.00399	0.00610	0.00834	0.01078	0.02632	0.56747	0.19499	0.02757	0.00550	0.00168	0.00252	0.10838	0.00378	0.00340
52	0.00918	0.00880	0.01507	0.35212	0.46511	0.00953	0.04180	0.01194	0.02378	0.01230	0.00774	0.01060	0.00619	0.00386	0.00411	0.00129	0.00516	0.00372	0.00199	0.00569
53	0.00525	0.00389	0.00492	0.00564	0.00623	0.00359	0.00407	0.00621	0.00842	0.01090	0.03649	0.53333	0.19173	0.03047	0.00556	0.00169	0.00256	0.13184	0.00379	0.00342
54	0.02773	0.63071	0.14380	0.00804	0.01176	0.06512	0.00832	0.02692	0.00872	0.01065	0.00607	0.00706	0.00528	0.00372	0.00314	0.00099	0.02238	0.00241	0.00183	0.00536
55	0.50753	0.01244	0.00842	0.00759	0.00986	0.33144	0.00595	0.01361	0.00876	0.01478	0.00602	0.00716	0.00488	0.00445	0.01476	0.00128	0.03170	0.00246	0.00235	0.00456
56	0.00540	0.00416	0.00493	0.00482	0.00593	0.00370	0.00361	0.00691	0.01049	0.01392	0.45493	0.07021	0.36236	0.00946	0.00488	0.00136	0.00205	0.02303	0.00418	0.00368
57	0.01118	0.00779	0.00871	0.00724	0.00941	0.00834	0.00578	0.33290	0.11628	0.06352	0.23222	0.01722	0.01695	0.00647	0.02155	0.00135	0.00340	0.00487	0.11921	0.00560

[dist]
# distance from previous block
# <min> <max>
1	7

[block]
# block no. 7 follows, 65 sequences, length 42
# corresponding to MSA columns:
# 729-755,758-772
name=unknown_H
#
# <colnr> <probs for GDERKNQSTAVLIFYWHMCP>
#	G	D	E	R	K	N	Q	S	T	A	V	L	I	F	Y	W	H	M	C	P
0	0.21464	0.03381	0.15413	0.04489	0.07385	0.06176	0.10353	0.06739	0.02425	0.05784	0.02516	0.01006	0.00685	0.00412	0.00366	0.00121	0.00472	0.01576	0.00255	0.08980
1	0.08922	0.44515	0.05161	0.03003	0.03304	0.12846	0.05658	0.02913	0.03658	0.01160	0.00678	0.00800	0.00576	0.00471	0.03228	0.00123	0.00514	0.00272	0.00206	0.01992
2	0.00842	0.00807	0.01303	0.65808	0.17498	0.02882	0.01144	0.01125	0.02524	0.01115	0.00755	0.01081	0.00580	0.00405	0.00409	0.00133	0.00536	0.00365	0.00192	0.00496
3	0.00781	0.00736	0.01242	0.82530	0.04837	0.00914	0.01143	0.01054	0.00824	0.01056	0.00731	0.01092	0.00550	0.00409	0.00410	0.00136	0.00546	0.00365	0.00183	0.00461
4	0.00713	0.00357	0.00535	0.00535	0.00535	0.00357	0.00357	0.00535	0.00535	0.00713	0.00713	0.01248	0.00713	0.01426	0.01604	0.88057	0.00357	0.00357	0.00178	0.00178
5	0.00783	0.00737	0.01245	0.82031	0.05325	0.00914	0.01144	0.01055	0.00824	0.01058	0.00731	0.01092	0.00550	0.00409	0.00410	0.00136	0.00545	0.00365	0.00183	0.00462
6	0.00661	0.00472	0.00661	0.00756	0.00850	0.00472	0.00661	0.00850	0.00945	0.01228	0.02173	0.04630	0.02362	0.01134	0.00567	0.00189	0.00378	0.80250	0.00378	0.00378
7	0.00775	0.00730	0.01231	0.84587	0.02827	0.00912	0.01140	0.01049	0.00821	0.01049	0.00730	0.01094	0.00547	0.00410	0.00410	0.00137	0.00547	0.00365	0.00182	0.00456
8	0.00975	0.00924	0.01557	0.21091	0.62775	0.00968	0.01221	0.03232	0.00934	0.01306	0.00768	0.01033	0.00628	0.00379	0.00407	0.00125	0.00500	0.00366	0.00204	0.00607
9	0.00510	0.00369	0.00483	0.00564	0.00603	0.00342	0.00387	0.00595	0.00824	0.01095	0.07417	0.72222	0.07885	0.01237	0.00520	0.00163	0.00238	0.03821	0.00385	0.00339
10	0.04739	0.01238	0.01039	0.00883	0.01135	0.28502	0.00693	0.20548	0.15576	0.13486	0.05867	0.01215	0.02246	0.00507	0.00398	0.00122	0.00486	0.00381	0.00356	0.00583
11	0.00705	0.00362	0.00542	0.00542	0.00547	0.00366	0.00366	0.00547	0.00542	0.00728	0.00737	0.01270	0.00732	0.01528	0.06705	0.82643	0.00403	0.00362	0.00181	0.00190
12	0.00838	0.00793	0.01344	0.63245	0.23681	0.00928	0.01171	0.01104	0.00850	0.01125	0.00741	0.01074	0.00574	0.00399	0.00409	0.00133	0.00532	0.00365	0.00188	0.00507
13	0.00506	0.00408	0.00448	0.00469	0.00578	0.00355	0.00346	0.00610	0.00908	0.01117	0.06854	0.18209	0.57880	0.03966	0.00552	0.00155	0.00229	0.05686	0.00379	0.00344
14	0.00851	0.10702	0.75114	0.01122	0.01703	0.01022	0.01433	0.01293	0.00863	0.01266	0.00720	0.00845	0.00521	0.00386	0.00377	0.00126	0.00589	0.00295	0.00174	0.00598
15	0.00823	0.02123	0.83447	0.01170	0.01777	0.00953	0.01517	0.01300	0.00867	0.01300	0.00737	0.00867	0.00520	0.00390	0.00390	0.00130	0.00607	0.00303	0.00173	0.00607
16	0.01062	0.01034	0.01219	0.07486	0.24114	0.13726	0.02085	0.06932	0.16339	0.01389	0.02230	0.01233	0.03985	0.00501	0.00510	0.00130	0.10097	0.00396	0.04975	0.00558
17	0.05177	0.00653	0.00705	0.00637	0.00823	0.00688	0.00494	0.05105	0.31143	0.04787	0.20863	0.02450	0.23362	0.00736	0.00442	0.00135	0.00270	0.00616	0.00411	0.00503
18	0.00938	0.00872	0.01487	0.35262	0.45655	0.00946	0.03173	0.01192	0.00892	0.03299	0.00775	0.01058	0.00616	0.00392	0.00424	0.00129	0.01751	0.00369	0.00202	0.00568
19	0.00576	0.00432	0.00532	0.00515	0.00618	0.00400	0.00385	0.00771	0.03666	0.01475	0.55794	0.06748	0.19363	0.03538	0.00537	0.00143	0.00215	0.03486	0.00425	0.00381
20	0.00836	0.00791	0.01341	0.63924	0.23017	0.00928	0.01170	0.01102	0.00849	0.01122	0.00740	0.01075	0.00573	0.00399	0.00409	0.00133	0.00532	0.00365	0.00188	0.00505
21	0.07617	0.00812	0.00980	0.00872	0.06106	0.04537	0.02665	0.12403	0.05961	0.38547	0.01477	0.10619	0.03159	0.00583	0.00413	0.00130	0.00376	0.00483	0.01652	0.00607
22	0.01110	0.02320	0.01182	0.03153	0.01196	0.27305	0.05479	0.08720	0.03049	0.01199	0.03612	0.01069	0.00763	0.00922	0.13161	0.00215	0.24469	0.00364	0.00234	0.00479
23	0.03312	0.00763	0.00934	0.00758	0.01009	0.00779	0.00615	0.13388	0.13657	0.39504	0.11680	0.01525	0.01325	0.00565	0.00473	0.00131	0.05590	0.00448	0.02922	0.00622
24	0.00765	0.00383	0.00383	0.00383	0.00478	0.00383	0.00287	0.00956	0.00861	0.01530	0.01339	0.01530	0.01052	0.00478	0.00287	0.00096	0.00191	0.00383	0.87853	0.00383
25	0.01103	0.20881	0.16856	0.02739	0.15402	0.05591	0.08221	0.07450	0.02291	0.07703	0.00891	0.00997	0.02592	0.00406	0.00373	0.00114	0.00499	0.00336	0.00241	0.05314
26	0.01081	0.02703	0.01143	0.01252	0.22699	0.15304	0.03239	0.04800	0.02821	0.10007	0.14764	0.03778	0.05855	0.00578	0.00447	0.00126	0.02425	0.03928	0.00314	0.02734
27	0.00898	0.00898	0.01257	0.01078	0.01078	0.01257	0.00898	0.00988	0.00629	0.00988	0.00539	0.00898	0.00539	0.00718	0.01347	0.00180	0.84823	0.00359	0.00180	0.00449
28	0.00959	0.00995	0.12991	0.09569	0.29750	0.01894	0.04291	0.03958	0.03602	0.07916	0.03112	0.04845	0.05020	0.05783	0.00529	0.00148	0.00464	0.03352	0.00267	0.00556
29	0.08358	0.00976	0.03164	0.00977	0.07648	0.06498	0.02123	0.19310	0.11628	0.16439	0.02158	0.01171	0.00844	0.02949	0.03112	0.00151	0.06837	0.00377	0.00341	0.04941
30	0.01009	0.08738	0.13905	0.03131	0.52647	0.04398	0.02847	0.01308	0.04153	0.01292	0.00775	0.00972	0.00635	0.00385	0.00410	0.00122	0.02107	0.00345	0.00204	0.00617
31	0.00519	0.00374	0.00502	0.02022	0.00639	0.00359	0.00400	0.00600	0.00788	0.01052	0.04156	0.71150	0.03787	0.05164	0.04354	0.00198	0.00291	0.02943	0.00366	0.00336
32	0.01041	0.03448	0.05561	0.14268	0.44009	0.08905	0.07570	0.02549	0.00959	0.03495	0.01664	0.01019	0.00656	0.00386	0.00403	0.00122	0.00529	0.00361	0.00214	0.02841
33	0.01085	0.04763	0.02892	0.01204	0.14691	0.02411	0.15766	0.10364	0.05144	0.13446	0.13384	0.03133	0.06622	0.00552	0.00449	0.00130	0.01640	0.01424	0.00334	0.00564
34	0.00594	0.00422	0.00537	0.00566	0.00640	0.00404	0.00405	0.00760	0.04996	0.03541	0.22400	0.42703	0.09852	0.03901	0.04230	0.00182	0.00278	0.02823	0.00393	0.00374
35	0.00842	0.01793	0.64464	0.01138	0.03095	0.00881	0.06348	0.01263	0.00919	0.04141	0.10315	0.01158	0.00936	0.00443	0.00408	0.00130	0.00553	0.00371	0.00220	0.00582
36	0.01011	0.20572	0.29883	0.01425	0.23208	0.02142	0.05546	0.01303	0.00893	0.05623	0.00751	0.00901	0.00589	0.00393	0.00413	0.00120	0.04112	0.00319	0.00202	0.00594
37	0.01088	0.02376	0.17675	0.01142	0.07589	0.05738	0.07187	0.16758	0.07451	0.05803	0.00982	0.03325	0.00801	0.00665	0.05134	0.00166	0.12391	0.02877	0.00278	0.00574
38	0.00747	0.00626	0.00975	0.02875	0.01032	0.00620	0.15880	0.01068	0.11283	0.04239	0.28992	0.03710	0.12216	0.03862	0.09817	0.00202	0.00430	0.00621	0.00354	0.00452
39	0.03294	0.00961	0.02996	0.26432	0.39148	0.03856	0.03838	0.08221	0.01000	0.05164	0.00809	0.01036	0.00628	0.00399	0.00405	0.00127	0.00509	0.00364	0.00230	0.00584
40	0.00951	0.02110	0.15219	0.07214	0.36051	0.02558	0.06898	0.02301	0.02885	0.04531	0.02648	0.04090	0.05764	0.00472	0.00436	0.00128	0.02337	0.00426	0.00239	0.02743
41	0.01126	0.05874	0.01341	0.06951	0.25709	0.07492	0.05734	0.12305	0.10526	0.07672	0.03397	0.01380	0.06528	0.00492	0.00412	0.00126	0.00458	0.01588	0.00299	0.00589

[dist]
# distance from previous block
# <min> <max>
5	31

[block]
# block no. 8 follows, 65 sequences, length 7
# corresponding to MSA columns:
# 804-810
name=unknown_I
#
# <colnr> <probs for GDERKNQSTAVLIFYWHMCP>
#	G	D	E	R	K	N	Q	S	T	A	V	L	I	F	Y	W	H	M	C	P
0	0.01072	0.00977	0.01031	0.00890	0.01099	0.18341	0.08108	0.10963	0.08983	0.06459	0.05063	0.09407	0.01258	0.00946	0.11251	0.00199	0.00553	0.07891	0.00319	0.05188
1	0.32424	0.00954	0.00976	0.03043	0.01081	0.09952	0.04940	0.06603	0.08408	0.04391	0.02216	0.02829	0.00721	0.00560	0.02513	0.00147	0.14726	0.00342	0.00272	0.02901
2	0.00999	0.21858	0.04533	0.01005	0.05514	0.10482	0.08260	0.04917	0.02977	0.01132	0.00876	0.04171	0.00834	0.08497	0.04238	0.00177	0.15141	0.03678	0.00226	0.00485
