[name]
unknown

[dist]
# distance from previous block
# <min> <max>
0	64

[block]
# block no. 0 follows, 66 sequences, length 52
# corresponding to MSA columns:
# 64-115
name=unknown_A
#
# <colnr> <probs for GDERKNQSTAVLIFYWHMCP>
#	G	D	E	R	K	N	Q	S	T	A	V	L	I	F	Y	W	H	M	C	P
0	0.00613	0.00442	0.00588	0.00659	0.00735	0.00432	0.00531	0.00763	0.01928	0.01131	0.02109	0.22320	0.05203	0.10462	0.00707	0.00200	0.00337	0.48410	0.00358	0.02075
1	0.01516	0.01934	0.01150	0.01045	0.01254	0.84113	0.00784	0.01620	0.01150	0.00993	0.00627	0.00732	0.00523	0.00418	0.00366	0.00105	0.00732	0.00261	0.00209	0.00470
2	0.00529	0.00434	0.00475	0.00462	0.00599	0.00365	0.00340	0.00638	0.00899	0.01137	0.08461	0.16143	0.54827	0.03044	0.00505	0.00139	0.00224	0.00823	0.00364	0.09593
3	0.00590	0.00393	0.00442	0.00442	0.00442	0.00393	0.00246	0.00590	0.00590	0.00787	0.01278	0.02655	0.01475	0.85742	0.02065	0.00393	0.00393	0.00590	0.00246	0.00246
4	0.00793	0.00735	0.01217	0.81893	0.02742	0.00914	0.01115	0.03807	0.00849	0.01089	0.00730	0.01078	0.00546	0.00408	0.00406	0.00135	0.00538	0.00361	0.00188	0.00459
5	0.00544	0.00406	0.00457	0.00468	0.00553	0.00366	0.00328	0.00630	0.00845	0.02328	0.09689	0.14959	0.40515	0.21721	0.00874	0.00205	0.00264	0.04171	0.00352	0.00327
6	0.03547	0.00513	0.00635	0.00601	0.00727	0.00491	0.00439	0.06239	0.02346	0.19361	0.09455	0.36654	0.05301	0.10960	0.00654	0.00174	0.00291	0.00780	0.00394	0.00437
7	0.68133	0.00762	0.00678	0.00578	0.00844	0.00836	0.00476	0.01378	0.00802	0.21088	0.00809	0.00829	0.00573	0.00406	0.00288	0.00126	0.00321	0.00264	0.00310	0.00499
8	0.01085	0.85986	0.02126	0.00694	0.01041	0.01605	0.00694	0.01215	0.00824	0.00955	0.00564	0.00651	0.00521	0.00347	0.00260	0.00087	0.00434	0.00217	0.00174	0.00521
9	0.00581	0.00390	0.00502	0.00553	0.00609	0.00362	0.00386	0.00669	0.00832	0.05015	0.08773	0.54544	0.10380	0.08801	0.00648	0.00179	0.00257	0.05795	0.00376	0.00347
10	0.01536	0.01054	0.01157	0.00892	0.01207	0.01145	0.00735	0.67836	0.03508	0.12510	0.03549	0.01098	0.00835	0.00501	0.00408	0.00123	0.00424	0.00384	0.00419	0.00680
11	0.00888	0.00888	0.01243	0.01065	0.01065	0.01243	0.00888	0.00976	0.00621	0.00976	0.00533	0.00888	0.00533	0.00710	0.01331	0.00178	0.84999	0.00355	0.00178	0.00444
12	0.00518	0.00367	0.00483	0.00567	0.00605	0.00345	0.00394	0.00607	0.00810	0.01088	0.05124	0.70455	0.05556	0.01210	0.00511	0.00162	0.00243	0.07587	0.03032	0.00337
13	0.02905	0.00621	0.00823	0.00670	0.00920	0.00552	0.00538	0.01637	0.03329	0.59131	0.11448	0.10053	0.04265	0.00635	0.00427	0.00130	0.00310	0.00535	0.00472	0.00601
14	0.01549	0.01125	0.01211	0.00928	0.01253	0.01242	0.00767	0.79858	0.01889	0.04583	0.00990	0.00984	0.00698	0.00487	0.00406	0.00122	0.00444	0.00366	0.00408	0.00690
15	0.00584	0.00494	0.00511	0.02139	0.00659	0.02344	0.00377	0.01948	0.02038	0.03200	0.06475	0.03497	0.69363	0.00955	0.00502	0.00137	0.03251	0.00786	0.00368	0.00371
16	0.03662	0.00401	0.00480	0.00511	0.00567	0.00385	0.00349	0.00637	0.00803	0.01097	0.13737	0.33447	0.14133	0.22165	0.03414	0.00226	0.00296	0.03020	0.00345	0.00324
17	0.00491	0.00411	0.00427	0.00423	0.00555	0.00347	0.00317	0.00604	0.00951	0.01159	0.13467	0.03801	0.73650	0.01004	0.00479	0.00136	0.00204	0.00842	0.00385	0.00347
18	0.00494	0.00353	0.00471	0.00565	0.00588	0.00330	0.00377	0.00565	0.00777	0.01036	0.02236	0.85477	0.02683	0.01271	0.00518	0.00165	0.00235	0.01153	0.00377	0.00330
19	0.00498	0.00392	0.00451	0.00492	0.00576	0.00348	0.00347	0.00605	0.02118	0.01096	0.06020	0.41342	0.42018	0.01125	0.00496	0.00149	0.00221	0.00982	0.00380	0.00343
20	0.00889	0.05193	0.03010	0.06351	0.01262	0.09829	0.13482	0.03309	0.00805	0.01069	0.00825	0.03361	0.00757	0.04363	0.20946	0.00276	0.23212	0.00406	0.00209	0.00447
21	0.01239	0.00963	0.01130	0.00999	0.06225	0.05102	0.06394	0.18129	0.38175	0.13136	0.01400	0.01341	0.02861	0.00509	0.00414	0.00130	0.00403	0.00427	0.00385	0.00637
22	0.00492	0.00410	0.00429	0.00428	0.00557	0.00347	0.00320	0.00605	0.00949	0.01162	0.14176	0.06019	0.70694	0.01009	0.00480	0.00137	0.00205	0.00849	0.00386	0.00347
23	0.00890	0.01222	0.24322	0.18751	0.14031	0.02091	0.10640	0.02764	0.10556	0.01280	0.00915	0.01135	0.01913	0.00455	0.00477	0.01576	0.04759	0.01448	0.00221	0.00552
24	0.01006	0.00872	0.01256	0.08588	0.33029	0.00929	0.03447	0.07396	0.25485	0.04055	0.05225	0.03489	0.02420	0.00493	0.00416	0.00129	0.00413	0.00443	0.00307	0.00602
25	0.02323	0.01156	0.01046	0.04096	0.03603	0.21858	0.00731	0.09750	0.42656	0.03671	0.01212	0.01197	0.00920	0.00502	0.00430	0.00128	0.03409	0.00385	0.00338	0.00588
26	0.02785	0.03509	0.01461	0.25364	0.30787	0.13206	0.07952	0.02996	0.02820	0.03228	0.00769	0.00996	0.00608	0.00395	0.00408	0.00124	0.01480	0.00353	0.00213	0.00547
27	0.01381	0.01075	0.01312	0.02006	0.01340	0.03397	0.11777	0.55009	0.07021	0.05635	0.03985	0.01121	0.00841	0.00516	0.01558	0.00132	0.00475	0.00400	0.00374	0.00643
28	0.00704	0.00489	0.00553	0.00512	0.00667	0.00448	0.00392	0.00940	0.09272	0.10326	0.23245	0.03168	0.46015	0.00872	0.00465	0.00133	0.00229	0.00736	0.00412	0.00421
29	0.01231	0.31494	0.09943	0.02495	0.09354	0.17037	0.03693	0.09257	0.02160	0.08637	0.00772	0.00854	0.00606	0.00397	0.00347	0.00108	0.00515	0.00295	0.00240	0.00564
30	0.88607	0.00785	0.00596	0.00534	0.00785	0.00910	0.00439	0.01193	0.00690	0.01820	0.00565	0.00659	0.00439	0.00377	0.00251	0.00126	0.00314	0.00220	0.00251	0.00439
31	0.00486	0.00395	0.00431	0.00457	0.00561	0.00340	0.00329	0.00582	0.00889	0.01093	0.05656	0.26640	0.58548	0.01090	0.00490	0.00145	0.00213	0.00936	0.00379	0.00340
32	0.01542	0.01136	0.01218	0.00933	0.01258	0.01258	0.00771	0.81858	0.01908	0.02557	0.00974	0.00974	0.00690	0.00487	0.00406	0.00122	0.00446	0.00365	0.00406	0.00690
33	0.00533	0.00378	0.00473	0.00529	0.00560	0.00362	0.00352	0.00594	0.00738	0.00974	0.02058	0.47743	0.08386	0.26460	0.03171	0.00245	0.00310	0.05491	0.00333	0.00309
34	0.01029	0.00972	0.01627	0.02417	0.79358	0.00978	0.01223	0.05035	0.00970	0.01383	0.00773	0.01003	0.00645	0.00367	0.00402	0.00121	0.00480	0.00362	0.00210	0.00645
35	0.01020	0.00877	0.00923	0.00828	0.01059	0.01014	0.00645	0.03770	0.80846	0.01715	0.01638	0.01503	0.01227	0.00549	0.00413	0.00137	0.00324	0.00457	0.00413	0.00643
36	0.00955	0.01088	0.02317	0.03004	0.02087	0.02371	0.77528	0.01286	0.00955	0.01285	0.00844	0.02743	0.00653	0.00362	0.00477	0.00137	0.00674	0.00487	0.00208	0.00540
37	0.02215	0.00549	0.00661	0.00598	0.00751	0.00531	0.00454	0.08327	0.06050	0.15924	0.25127	0.17384	0.13742	0.05148	0.00540	0.00149	0.00272	0.00704	0.00415	0.00459
38	0.00532	0.00365	0.00484	0.00566	0.00601	0.00341	0.00386	0.00615	0.00801	0.02577	0.04642	0.76952	0.02633	0.01218	0.00509	0.00162	0.00239	0.03265	0.02772	0.00340
39	0.00580	0.00435	0.00652	0.00652	0.00724	0.00507	0.00507	0.00724	0.00652	0.00942	0.01087	0.01594	0.01014	0.03043	0.84134	0.00652	0.01087	0.00435	0.00217	0.00362
40	0.01071	0.00583	0.00737	0.00632	0.00814	0.00555	0.00492	0.08106	0.05531	0.27698	0.36056	0.08630	0.02336	0.04254	0.00516	0.00141	0.00281	0.00610	0.00445	0.00511
41	0.00584	0.00399	0.00498	0.00526	0.00608	0.00359	0.00374	0.00691	0.00908	0.06015	0.18260	0.44531	0.22582	0.01081	0.00494	0.00148	0.00226	0.00955	0.00398	0.00364
42	0.00569	0.00415	0.00535	0.00505	0.00603	0.00381	0.00379	0.00756	0.01136	0.01599	0.78780	0.03077	0.08062	0.00840	0.00479	0.00128	0.00192	0.00740	0.00443	0.00381
43	0.00588	0.00401	0.00482	0.00482	0.00496	0.00415	0.00295	0.00616	0.00602	0.00816	0.01242	0.02454	0.01388	0.70042	0.17645	0.00442	0.00525	0.00561	0.00240	0.00268
44	0.00615	0.00410	0.00491	0.00494	0.00588	0.00375	0.00359	0.00741	0.00934	0.05165	0.25228	0.19741	0.23390	0.07844	0.00595	0.00157	0.00233	0.03052	0.09223	0.00364
45	0.01035	0.00850	0.00904	0.00804	0.01031	0.00969	0.00627	0.08597	0.67694	0.03461	0.01663	0.04480	0.03049	0.00579	0.00415	0.00136	0.00324	0.00482	0.02277	0.00624
46	0.00766	0.00721	0.01217	0.84767	0.02794	0.00901	0.01127	0.01037	0.00811	0.01037	0.00721	0.01082	0.00541	0.00406	0.00406	0.00135	0.00541	0.00361	0.00180	0.00451
47	0.00580	0.00435	0.00652	0.00652	0.00724	0.00507	0.00507	0.00724	0.00652	0.00942	0.01087	0.01594	0.01014	0.03043	0.84134	0.00652	0.01087	0.00435	0.00217	0.00362
48	0.00500	0.00366	0.00471	0.00550	0.00592	0.00337	0.00377	0.00581	0.00810	0.01063	0.04271	0.70111	0.13296	0.01224	0.00513	0.00161	0.00235	0.03830	0.00378	0.00334
49	0.01144	0.74543	0.01996	0.00738	0.01070	0.10188	0.00706	0.03812	0.00893	0.01009	0.00584	0.00669	0.00526	0.00359	0.00276	0.00090	0.00465	0.00226	0.00185	0.00521
50	0.00504	0.00364	0.00477	0.00550	0.00589	0.00337	0.00374	0.00591	0.00832	0.01114	0.12527	0.70731	0.07106	0.01202	0.00511	0.00159	0.00228	0.01085	0.00385	0.00337
51	0.00590	0.00401	0.00474	0.00498	0.00522	0.00394	0.00309	0.00655	0.03303	0.02271	0.01685	0.29631	0.04074	0.51752	0.01437	0.00299	0.00334	0.00774	0.00302	0.00296

[dist]
# distance from previous block
# <min> <max>
0	5

[block]
# block no. 1 follows, 66 sequences, length 26
# corresponding to MSA columns:
# 121-146
name=unknown_B
#
# <colnr> <probs for GDERKNQSTAVLIFYWHMCP>
#	G	D	E	R	K	N	Q	S	T	A	V	L	I	F	Y	W	H	M	C	P
0	0.00948	0.03370	0.03394	0.25850	0.28595	0.04606	0.02516	0.04566	0.03494	0.01202	0.00739	0.01008	0.00607	0.00480	0.00586	0.03303	0.13648	0.00355	0.00205	0.00527
1	0.00734	0.00470	0.00704	0.00714	0.05370	0.00487	0.03368	0.00743	0.00648	0.05169	0.00996	0.02693	0.00983	0.20521	0.21474	0.31854	0.02094	0.00444	0.00224	0.00310
2	0.09987	0.00643	0.00874	0.08945	0.08391	0.00684	0.05223	0.02458	0.09269	0.01388	0.21583	0.02027	0.12367	0.04115	0.08067	0.00189	0.02491	0.00535	0.00316	0.00449
3	0.01489	0.01108	0.01210	0.05308	0.01334	0.01234	0.00787	0.75748	0.03761	0.02457	0.00977	0.00992	0.00695	0.00484	0.00406	0.00123	0.00448	0.00367	0.00394	0.00676
4	0.00550	0.00386	0.00487	0.00524	0.00572	0.00365	0.00355	0.00634	0.00812	0.02428	0.14576	0.42217	0.10710	0.18093	0.05180	0.00227	0.00303	0.00897	0.00355	0.00330
5	0.00580	0.00435	0.00652	0.00652	0.00724	0.00507	0.00507	0.00724	0.00652	0.00942	0.01087	0.01594	0.01014	0.03043	0.84134	0.00652	0.01087	0.00435	0.00217	0.00362
6	0.01425	0.01789	0.01090	0.00997	0.01197	0.75640	0.00747	0.01556	0.03276	0.01017	0.00850	0.03816	0.03941	0.00476	0.00377	0.00109	0.00682	0.00321	0.00227	0.00465
7	0.00984	0.00787	0.00847	0.00752	0.00946	0.00884	0.00573	0.10744	0.52880	0.03152	0.05769	0.03015	0.01369	0.14646	0.00690	0.00178	0.00339	0.00494	0.00387	0.00565
8	0.00550	0.00389	0.00490	0.00542	0.00596	0.00362	0.00372	0.01802	0.00843	0.02662	0.09940	0.56600	0.13068	0.07737	0.00626	0.00174	0.00247	0.02281	0.00376	0.00342
9	0.00624	0.00443	0.00608	0.00694	0.00770	0.00440	0.00578	0.00778	0.00882	0.01152	0.02092	0.16972	0.02320	0.07926	0.00674	0.00200	0.00354	0.61772	0.00364	0.00357
10	0.01004	0.00964	0.01647	0.02490	0.83211	0.00964	0.01245	0.01245	0.00924	0.01325	0.00763	0.01004	0.00643	0.00361	0.00402	0.00120	0.00482	0.00361	0.00201	0.00643
11	0.00519	0.00395	0.00474	0.00510	0.00591	0.00357	0.00370	0.00625	0.00891	0.01148	0.14546	0.32484	0.32644	0.04896	0.00571	0.00161	0.00237	0.07857	0.00381	0.00342
12	0.00622	0.00421	0.00500	0.00486	0.00538	0.00408	0.00318	0.00724	0.03124	0.03460	0.25618	0.07084	0.06302	0.47149	0.01342	0.00275	0.00313	0.00666	0.00331	0.00319
13	0.00589	0.00398	0.00464	0.00464	0.00472	0.00405	0.00273	0.00604	0.00596	0.00803	0.01258	0.02544	0.01427	0.77124	0.10617	0.00420	0.00466	0.00574	0.00243	0.00258
14	0.00496	0.00405	0.00440	0.00459	0.00574	0.00349	0.00342	0.00602	0.00912	0.01116	0.07053	0.16685	0.62488	0.01063	0.00490	0.00144	0.00219	0.05442	0.00380	0.00344
15	0.40902	0.00793	0.00781	0.00651	0.00909	0.00858	0.00531	0.16549	0.05184	0.17349	0.06797	0.01158	0.02667	0.00478	0.00340	0.00125	0.00331	0.00349	0.02713	0.00537
16	0.01422	0.01034	0.01119	0.00890	0.01189	0.01145	0.00725	0.55087	0.23049	0.08211	0.01198	0.01146	0.00857	0.00505	0.00408	0.00126	0.00406	0.00393	0.00415	0.00677
17	0.01488	0.01109	0.01187	0.00923	0.01238	0.01233	0.00758	0.73751	0.10103	0.02469	0.01043	0.01029	0.00746	0.00493	0.00407	0.00123	0.00434	0.00375	0.00407	0.00685
18	0.04893	0.00467	0.00512	0.00493	0.00610	0.01567	0.00361	0.01846	0.00945	0.05619	0.23807	0.11224	0.32232	0.10852	0.00647	0.00165	0.00250	0.00742	0.02398	0.00371
19	0.00600	0.00463	0.00706	0.04368	0.03216	0.00538	0.00556	0.00753	0.00667	0.00957	0.01061	0.01554	0.00983	0.02850	0.78051	0.00614	0.01045	0.00429	0.00215	0.00374
20	0.00754	0.00616	0.00674	0.00617	0.00785	0.00643	0.00475	0.05521	0.30402	0.01543	0.25746	0.02637	0.26433	0.00770	0.00451	0.00134	0.00256	0.00652	0.00411	0.00480
21	0.00543	0.00405	0.00489	0.00482	0.00582	0.00365	0.00356	0.00695	0.01029	0.01397	0.47301	0.12371	0.27514	0.00925	0.00476	0.00133	0.00200	0.00804	0.03568	0.00365
22	0.00681	0.00559	0.00818	0.00762	0.02637	0.01787	0.06413	0.02651	0.00806	0.01124	0.14945	0.01971	0.04553	0.09482	0.35705	0.03608	0.07675	0.03170	0.00268	0.00383
23	0.00521	0.00397	0.00553	0.00591	0.00651	0.00366	0.03801	0.00619	0.00840	0.01116	0.11027	0.64651	0.11025	0.01159	0.00508	0.00157	0.00246	0.01049	0.00377	0.00346
24	0.00578	0.00429	0.00557	0.00629	0.00717	0.00408	0.00512	0.00720	0.00898	0.01148	0.02630	0.21868	0.21460	0.01131	0.00532	0.00170	0.00304	0.44576	0.00375	0.00357
25	0.00984	0.00918	0.02789	0.09206	0.16312	0.01841	0.27962	0.03608	0.10866	0.07104	0.07267	0.03148	0.02889	0.00476	0.00464	0.00133	0.02729	0.00470	0.00278	0.00556

[dist]
# distance from previous block
# <min> <max>
4	10

[block]
# block no. 2 follows, 66 sequences, length 26
# corresponding to MSA columns:
# 157-182
name=unknown_C
#
# <colnr> <probs for GDERKNQSTAVLIFYWHMCP>
#	G	D	E	R	K	N	Q	S	T	A	V	L	I	F	Y	W	H	M	C	P
0	0.01103	0.02558	0.02983	0.05764	0.21339	0.12160	0.14551	0.12761	0.12985	0.01474	0.00961	0.02954	0.00776	0.00443	0.00411	0.00124	0.00511	0.01684	0.00269	0.04190
1	0.00874	0.19838	0.17285	0.00780	0.01078	0.04894	0.03502	0.03784	0.08945	0.02999	0.03096	0.03294	0.23429	0.01787	0.00441	0.00127	0.02584	0.00487	0.00279	0.00495
2	0.02239	0.03052	0.06766	0.07789	0.06505	0.06107	0.12356	0.02314	0.03922	0.03482	0.02844	0.02631	0.01446	0.00725	0.00476	0.00153	0.00473	0.35949	0.00298	0.00471
3	0.00787	0.00956	0.20094	0.01863	0.03758	0.02773	0.04748	0.01048	0.04118	0.07147	0.05984	0.13905	0.19949	0.00714	0.00438	0.00132	0.00380	0.03605	0.00311	0.07291
4	0.00951	0.12429	0.01132	0.00887	0.03927	0.09497	0.05530	0.04753	0.14154	0.03610	0.04177	0.10539	0.02900	0.03294	0.04650	0.00170	0.06900	0.09712	0.00301	0.00486
5	0.00819	0.02536	0.00923	0.18219	0.07606	0.03393	0.03072	0.02304	0.06271	0.07439	0.09273	0.11871	0.17813	0.03833	0.00524	0.00145	0.02586	0.00604	0.00316	0.00455
6	0.01085	0.85986	0.02126	0.00694	0.01041	0.01605	0.00694	0.01215	0.00824	0.00955	0.00564	0.00651	0.00521	0.00347	0.00260	0.00087	0.00434	0.00217	0.00174	0.00521
7	0.01108	0.05800	0.02574	0.00878	0.01135	0.08530	0.04554	0.12845	0.48356	0.02710	0.03494	0.01404	0.03748	0.00527	0.00405	0.00129	0.00397	0.00432	0.00367	0.00605
8	0.00586	0.00393	0.00442	0.00444	0.00448	0.00391	0.00250	0.00589	0.00601	0.00798	0.01356	0.04384	0.03180	0.82259	0.02001	0.00383	0.00386	0.00607	0.00251	0.00250
9	0.00927	0.00898	0.02751	0.03773	0.39004	0.00816	0.09346	0.01157	0.00886	0.01306	0.00747	0.00950	0.00617	0.00345	0.00390	0.00101	0.02124	0.00327	0.00215	0.33317
10	0.00544	0.00428	0.00484	0.00471	0.00590	0.00382	0.00352	0.02059	0.02303	0.01306	0.31445	0.07453	0.47210	0.00960	0.00499	0.01736	0.00211	0.00804	0.00399	0.00364
11	0.02525	0.00978	0.08191	0.22226	0.28345	0.00925	0.19539	0.01154	0.00876	0.01224	0.02246	0.01128	0.02461	0.00438	0.00486	0.03005	0.03121	0.00397	0.00202	0.00534
12	0.00589	0.00440	0.00635	0.00630	0.00689	0.00509	0.00476	0.00710	0.00641	0.00918	0.01102	0.01742	0.01074	0.15968	0.69077	0.00599	0.03176	0.00457	0.00221	0.00346
13	0.00503	0.00363	0.00458	0.00535	0.00578	0.00333	0.00363	0.00583	0.00801	0.01064	0.02470	0.70123	0.14270	0.01202	0.00502	0.00158	0.00229	0.01078	0.04052	0.00333
14	0.02650	0.00404	0.00477	0.00510	0.00587	0.00374	0.00359	0.00654	0.02643	0.01172	0.16145	0.40246	0.25813	0.05345	0.00569	0.00161	0.00231	0.00932	0.00379	0.00347
15	0.38267	0.00626	0.00631	0.00569	0.00774	0.00643	0.00448	0.01177	0.00861	0.21106	0.03943	0.16909	0.11234	0.00664	0.00372	0.00134	0.00290	0.00530	0.00355	0.00466
16	0.43027	0.00728	0.00712	0.00578	0.00851	0.00725	0.00464	0.02638	0.00818	0.12003	0.02254	0.00983	0.00691	0.06016	0.00412	0.00124	0.00319	0.00286	0.00286	0.26085
17	0.01442	0.00873	0.00985	0.00776	0.01051	0.00916	0.00634	0.44261	0.03411	0.22752	0.04210	0.01249	0.00952	0.00503	0.00390	0.00119	0.00369	0.00394	0.14085	0.00629
18	0.05575	0.00553	0.00672	0.00587	0.00751	0.00523	0.00439	0.04148	0.02412	0.30579	0.08354	0.11501	0.07283	0.20848	0.00812	0.00193	0.00318	0.00583	0.03400	0.00470
19	0.02275	0.00443	0.00547	0.00520	0.00640	0.00401	0.00387	0.00839	0.01014	0.11187	0.38328	0.16238	0.21090	0.03605	0.00523	0.00144	0.00229	0.00776	0.00416	0.00399
20	0.02842	0.00475	0.00621	0.00637	0.00746	0.00454	0.00485	0.00977	0.04125	0.16759	0.04966	0.41237	0.02184	0.03785	0.00545	0.00166	0.00294	0.17883	0.00397	0.00421
21	0.08356	0.00833	0.00985	0.00767	0.01071	0.00832	0.00632	0.26242	0.04327	0.47563	0.01325	0.01209	0.00874	0.00489	0.00392	0.00124	0.00369	0.00382	0.02566	0.00662
22	0.00534	0.00371	0.00485	0.00556	0.00591	0.00348	0.00377	0.00611	0.00795	0.02393	0.06512	0.66870	0.04766	0.09045	0.00658	0.00183	0.00254	0.03947	0.00370	0.00332
23	0.00581	0.00414	0.00474	0.00475	0.00582	0.00367	0.00347	0.00692	0.00918	0.04948	0.16220	0.16004	0.42410	0.08351	0.00616	0.00161	0.00234	0.02845	0.03003	0.00357
24	0.00594	0.00411	0.00463	0.00467	0.00485	0.00412	0.00276	0.00653	0.04055	0.00860	0.01510	0.09300	0.05571	0.71242	0.01794	0.00352	0.00368	0.00643	0.00270	0.00274
25	0.01241	0.01391	0.01095	0.02233	0.01178	0.42419	0.00757	0.01599	0.20493	0.02521	0.00876	0.00969	0.00707	0.00500	0.00554	0.00125	0.16214	0.00329	0.00258	0.04541

[dist]
# distance from previous block
# <min> <max>
0	2

[block]
# block no. 3 follows, 66 sequences, length 64
# corresponding to MSA columns:
# 185-248
name=unknown_D
#
# <colnr> <probs for GDERKNQSTAVLIFYWHMCP>
#	G	D	E	R	K	N	Q	S	T	A	V	L	I	F	Y	W	H	M	C	P
0	0.00743	0.03607	0.05847	0.07451	0.01073	0.00851	0.00742	0.01990	0.01767	0.01009	0.00852	0.01268	0.00786	0.03810	0.38887	0.00388	0.27914	0.00391	0.00203	0.00420
1	0.10894	0.02694	0.02792	0.06572	0.55947	0.00970	0.03916	0.03861	0.00924	0.04659	0.00771	0.00975	0.00622	0.00382	0.00405	0.00123	0.02320	0.00347	0.00223	0.00602
2	0.00584	0.00408	0.00521	0.00523	0.00551	0.00435	0.00346	0.00640	0.00617	0.00849	0.01225	0.03833	0.01326	0.53183	0.32752	0.00486	0.00650	0.00543	0.00238	0.00291
3	0.01140	0.03412	0.01090	0.03510	0.04063	0.04302	0.02256	0.19625	0.52270	0.01798	0.01355	0.01300	0.01015	0.00510	0.00406	0.00131	0.00387	0.00417	0.00378	0.00635
4	0.00603	0.00438	0.00503	0.00478	0.00570	0.00394	0.00323	0.00680	0.00795	0.02579	0.12108	0.11040	0.20956	0.35924	0.01117	0.00236	0.00297	0.00685	0.00319	0.09955
5	0.11834	0.00632	0.00778	0.04957	0.00942	0.02217	0.06548	0.04009	0.11494	0.01348	0.08540	0.25695	0.09958	0.04708	0.01500	0.00158	0.00336	0.01518	0.00335	0.02492
6	0.00881	0.07206	0.61700	0.01174	0.01707	0.00986	0.12359	0.03587	0.00910	0.02539	0.02780	0.00941	0.00622	0.00393	0.00393	0.00127	0.00582	0.00333	0.00195	0.00586
7	0.00503	0.00395	0.00455	0.00481	0.00575	0.00347	0.00348	0.00611	0.00916	0.01165	0.16233	0.28818	0.44093	0.01072	0.00493	0.00145	0.00216	0.02402	0.00388	0.00346
8	0.00717	0.00489	0.00572	0.01598	0.00692	0.02832	0.00421	0.02454	0.06208	0.07207	0.10101	0.45318	0.04484	0.05222	0.00543	0.00157	0.00269	0.00844	0.09478	0.00395
9	0.00713	0.00370	0.00561	0.00585	0.02896	0.00370	0.00378	0.00549	0.00540	0.00722	0.00706	0.01227	0.00703	0.01379	0.01552	0.85674	0.00356	0.00353	0.00177	0.00190
10	0.01492	0.01073	0.01163	0.00902	0.01212	0.01180	0.00741	0.70449	0.06385	0.06601	0.03922	0.01097	0.00847	0.00503	0.00409	0.00123	0.00425	0.00386	0.00413	0.00677
11	0.00590	0.00393	0.00442	0.00442	0.00442	0.00393	0.00246	0.00590	0.00590	0.00787	0.01278	0.02655	0.01475	0.85742	0.02065	0.00393	0.00393	0.00590	0.00246	0.00246
12	0.01542	0.01136	0.01218	0.00933	0.01258	0.01258	0.00771	0.81858	0.01908	0.02557	0.00974	0.00974	0.00690	0.00487	0.00406	0.00122	0.00446	0.00365	0.00406	0.00690
13	0.00522	0.00390	0.00486	0.00524	0.00598	0.00355	0.00378	0.00639	0.00922	0.01219	0.24340	0.38804	0.22446	0.01085	0.00501	0.00149	0.00225	0.05673	0.00395	0.00350
14	0.00702	0.00353	0.00527	0.00527	0.00527	0.00353	0.00350	0.00530	0.00530	0.00706	0.00717	0.01262	0.00721	0.03143	0.01595	0.86391	0.00353	0.00357	0.00178	0.00178
15	0.00494	0.00353	0.00471	0.00565	0.00588	0.00330	0.00377	0.00565	0.00777	0.01036	0.02236	0.85477	0.02683	0.01271	0.00518	0.00165	0.00235	0.01153	0.00377	0.00330
16	0.00814	0.02099	0.83640	0.01156	0.01756	0.00942	0.01499	0.01285	0.00857	0.01285	0.00728	0.00857	0.00514	0.00385	0.00385	0.00128	0.00600	0.00300	0.00171	0.00600
17	0.01581	0.01006	0.01124	0.00865	0.01179	0.01073	0.00714	0.60362	0.01697	0.21531	0.01133	0.01088	0.00776	0.00490	0.00402	0.00122	0.00414	0.00376	0.03389	0.00680
18	0.06242	0.00452	0.00537	0.00511	0.00619	0.00434	0.00382	0.00812	0.03802	0.01525	0.58867	0.04157	0.11703	0.05262	0.00544	0.00144	0.00219	0.01774	0.01630	0.00383
19	0.01732	0.00703	0.00926	0.00715	0.01016	0.00631	0.00589	0.07769	0.01196	0.72296	0.01537	0.01360	0.00984	0.00499	0.00400	0.00123	0.00343	0.00403	0.06109	0.00670
20	0.00482	0.00411	0.00414	0.00414	0.00549	0.00344	0.00310	0.00587	0.00930	0.01110	0.06116	0.03882	0.81032	0.01022	0.00479	0.00137	0.00205	0.00853	0.00379	0.00344
21	0.00510	0.00372	0.00482	0.00564	0.00608	0.00346	0.00395	0.00596	0.00807	0.01057	0.02424	0.66725	0.11701	0.02483	0.00541	0.00167	0.00249	0.09264	0.00374	0.00334
22	0.00841	0.00721	0.00841	0.00601	0.00961	0.00541	0.00481	0.01022	0.00841	0.01322	0.00721	0.00841	0.00601	0.00300	0.00300	0.00060	0.00300	0.00240	0.00240	0.88222
23	0.00958	0.01094	0.02394	0.01710	0.02120	0.01026	0.81737	0.01300	0.00958	0.01300	0.00821	0.01094	0.00616	0.00342	0.00479	0.00137	0.00684	0.00479	0.00205	0.00547
24	0.00497	0.00355	0.00474	0.00568	0.00593	0.00332	0.00381	0.00570	0.00779	0.01039	0.02235	0.84079	0.02677	0.01268	0.00519	0.00165	0.00238	0.02524	0.00377	0.00330
25	0.00599	0.01890	0.00495	0.00472	0.00487	0.00425	0.00286	0.00620	0.00617	0.00826	0.02572	0.02599	0.01485	0.74546	0.08033	0.00397	0.00442	0.02697	0.00249	0.00265
26	0.00606	0.00446	0.00591	0.00663	0.00759	0.00430	0.00559	0.00769	0.00928	0.01193	0.05360	0.10693	0.17303	0.01105	0.00539	0.00174	0.00325	0.56815	0.00377	0.00365
27	0.00493	0.00358	0.00466	0.00553	0.00585	0.00331	0.00371	0.00566	0.00789	0.01041	0.02387	0.78904	0.09159	0.01251	0.00515	0.00163	0.00233	0.01129	0.00377	0.00331
28	0.01174	0.01089	0.01835	0.01349	0.01713	0.01108	0.45149	0.30494	0.08663	0.01790	0.00951	0.01089	0.00699	0.00413	0.00446	0.00131	0.00565	0.00436	0.00296	0.00607
29	0.00903	0.00848	0.01417	0.43598	0.40263	0.00942	0.01170	0.03816	0.00900	0.01222	0.00749	0.01042	0.00593	0.00388	0.00404	0.00128	0.00510	0.00361	0.00197	0.00548
30	0.02627	0.00921	0.01022	0.00857	0.01115	0.02150	0.03347	0.23763	0.43953	0.08616	0.01459	0.05118	0.02083	0.00556	0.00415	0.00133	0.00370	0.00459	0.00404	0.00633
31	0.78289	0.00785	0.00676	0.05854	0.02738	0.00913	0.00511	0.01190	0.00708	0.02857	0.00593	0.00707	0.00460	0.00386	0.00287	0.00127	0.01986	0.00237	0.00248	0.00448
32	0.00949	0.01385	0.31502	0.05358	0.40022	0.00973	0.07237	0.05348	0.00947	0.01359	0.00764	0.00959	0.00592	0.00377	0.00402	0.00125	0.00540	0.00348	0.00200	0.00614
33	0.04614	0.00707	0.00918	0.00715	0.01015	0.00643	0.00588	0.05554	0.04081	0.70758	0.01528	0.01349	0.00981	0.00498	0.00398	0.00125	0.00341	0.00400	0.04120	0.00667
34	0.03412	0.16579	0.35519	0.04199	0.12863	0.01073	0.07739	0.05912	0.03266	0.03138	0.00766	0.00899	0.00583	0.00384	0.00371	0.00119	0.00523	0.00318	0.00210	0.02126
35	0.02800	0.01136	0.01029	0.00889	0.01122	0.24302	0.03479	0.14623	0.22212	0.11390	0.02183	0.08708	0.01071	0.00569	0.00411	0.00128	0.00465	0.02569	0.00351	0.00563
36	0.00496	0.00377	0.00459	0.00522	0.00586	0.00339	0.00366	0.00582	0.00831	0.01063	0.02842	0.55570	0.28822	0.01186	0.00507	0.00157	0.00231	0.04351	0.00377	0.00336
37	0.01030	0.00916	0.00927	0.00835	0.01063	0.04460	0.00648	0.02134	0.79100	0.01668	0.01609	0.01481	0.01209	0.00545	0.00411	0.00136	0.00338	0.00450	0.00404	0.00635
38	0.00941	0.00748	0.00814	0.00718	0.00923	0.00816	0.00561	0.12133	0.42592	0.03795	0.18078	0.02065	0.12762	0.00661	0.00434	0.00133	0.00297	0.00554	0.00416	0.00557
39	0.00904	0.00915	0.01240	0.01065	0.01070	0.03445	0.00885	0.00993	0.00635	0.00977	0.00535	0.00883	0.00532	0.00702	0.01306	0.00176	0.82760	0.00353	0.00178	0.00445
40	0.00580	0.00435	0.00652	0.00652	0.00724	0.00507	0.00507	0.00724	0.00652	0.00942	0.01087	0.01594	0.01014	0.03043	0.84134	0.00652	0.01087	0.00435	0.00217	0.00362
41	0.00480	0.00411	0.00411	0.00411	0.00548	0.00343	0.00308	0.00582	0.00925	0.01096	0.04110	0.03905	0.83046	0.01028	0.00480	0.00137	0.00206	0.00856	0.00377	0.00343
42	0.00632	0.00403	0.00459	0.00452	0.00463	0.00400	0.00258	0.00637	0.00609	0.03582	0.01289	0.02612	0.01459	0.82861	0.02009	0.00384	0.00392	0.00584	0.00254	0.00261
43	0.01700	0.00669	0.00900	0.00704	0.00992	0.00587	0.00574	0.03416	0.01138	0.74203	0.01602	0.05183	0.01085	0.02417	0.00446	0.00132	0.00339	0.00444	0.02814	0.00656
44	0.00503	0.00359	0.00481	0.00575	0.00602	0.00337	0.00392	0.00580	0.00785	0.01046	0.02231	0.80998	0.02664	0.01263	0.00520	0.00166	0.00243	0.05545	0.00376	0.00332
45	0.88607	0.00785	0.00596	0.00534	0.00785	0.00910	0.00439	0.01193	0.00690	0.01820	0.00565	0.00659	0.00439	0.00377	0.00251	0.00126	0.00314	0.00220	0.00251	0.00439
46	0.00582	0.00394	0.00492	0.00536	0.00607	0.00356	0.00376	0.00671	0.00849	0.06066	0.06549	0.53184	0.20843	0.04108	0.00556	0.00163	0.00242	0.02689	0.00383	0.00355
47	0.00580	0.00435	0.00652	0.00652	0.00724	0.00507	0.00507	0.00724	0.00652	0.00942	0.01087	0.01594	0.01014	0.03043	0.84134	0.00652	0.01087	0.00435	0.00217	0.00362
48	0.00766	0.00721	0.01217	0.84767	0.02794	0.00901	0.01127	0.01037	0.00811	0.01037	0.00721	0.01082	0.00541	0.00406	0.00406	0.00135	0.00541	0.00361	0.00180	0.00451
49	0.03719	0.00688	0.00884	0.00711	0.00983	0.00640	0.00573	0.02938	0.11324	0.61332	0.03442	0.05938	0.01183	0.03141	0.00462	0.00137	0.00335	0.00462	0.00468	0.00638
50	0.00512	0.00364	0.00481	0.00568	0.00595	0.00343	0.00386	0.00585	0.00774	0.01030	0.02163	0.74243	0.02575	0.07219	0.00630	0.00182	0.00256	0.06401	0.00367	0.00327
51	0.00580	0.00435	0.00652	0.00652	0.00724	0.00507	0.00507	0.00724	0.00652	0.00942	0.01087	0.01594	0.01014	0.03043	0.84134	0.00652	0.01087	0.00435	0.00217	0.00362
52	0.00487	0.00411	0.00422	0.00419	0.00553	0.00346	0.00314	0.00597	0.00943	0.01139	0.10429	0.03835	0.76701	0.01012	0.00479	0.00136	0.00204	0.00846	0.00382	0.00346
53	0.00807	0.00681	0.00797	0.00590	0.00910	0.00520	0.00461	0.00970	0.00823	0.01275	0.00841	0.05892	0.00772	0.05196	0.00413	0.00085	0.00302	0.00314	0.00249	0.78101
54	0.01516	0.01934	0.01150	0.01045	0.01254	0.84113	0.00784	0.01620	0.01150	0.00993	0.00627	0.00732	0.00523	0.00418	0.00366	0.00105	0.00732	0.00261	0.00209	0.00470
55	0.00705	0.00352	0.00529	0.00529	0.00529	0.00352	0.00352	0.00529	0.00529	0.00705	0.00705	0.01233	0.00705	0.01409	0.01586	0.88196	0.00352	0.00352	0.00176	0.00176
56	0.00518	0.00409	0.00437	0.00439	0.00551	0.00354	0.00317	0.00616	0.00899	0.02198	0.10201	0.09937	0.60235	0.10297	0.00655	0.00166	0.00229	0.00834	0.00370	0.00339
57	0.00639	0.00395	0.00590	0.00590	0.00627	0.00432	0.00429	0.00629	0.00593	0.00827	0.00910	0.01444	0.00877	0.03845	0.43630	0.41947	0.00727	0.00399	0.00198	0.00272
58	0.00766	0.00721	0.01217	0.84767	0.02794	0.00901	0.01127	0.01037	0.00811	0.01037	0.00721	0.01082	0.00541	0.00406	0.00406	0.00135	0.00541	0.00361	0.00180	0.00451
59	0.00592	0.00424	0.00628	0.00628	0.00690	0.00486	0.00478	0.00698	0.00637	0.00910	0.01060	0.01618	0.01010	0.07504	0.71531	0.09141	0.00977	0.00435	0.00215	0.00338
60	0.00653	0.00469	0.00594	0.00567	0.00632	0.00493	0.01494	0.05173	0.02339	0.01017	0.04638	0.03740	0.08685	0.36620	0.22651	0.06400	0.01490	0.01747	0.00268	0.00327
61	0.02207	0.00696	0.00826	0.00701	0.00916	0.00709	0.00553	0.11663	0.19441	0.26062	0.14797	0.01924	0.04751	0.07216	0.02951	0.00166	0.00348	0.03094	0.00421	0.00559
62	0.00847	0.10007	0.72504	0.01168	0.05071	0.01006	0.01412	0.01277	0.00856	0.01255	0.00714	0.00843	0.00520	0.00381	0.00374	0.00124	0.00579	0.00295	0.00173	0.00594
63	0.36121	0.20823	0.10736	0.00790	0.02243	0.11337	0.03222	0.04397	0.00877	0.03586	0.02253	0.00785	0.00576	0.00391	0.00307	0.00114	0.00444	0.00264	0.00233	0.00502

[dist]
# distance from previous block
# <min> <max>
1	3

[block]
# block no. 4 follows, 66 sequences, length 29
# corresponding to MSA columns:
# 252-280
name=unknown_E
#
# <colnr> <probs for GDERKNQSTAVLIFYWHMCP>
#	G	D	E	R	K	N	Q	S	T	A	V	L	I	F	Y	W	H	M	C	P
0	0.00592	0.00421	0.00496	0.00503	0.00547	0.00417	0.00328	0.01801	0.03880	0.01028	0.11469	0.17292	0.08855	0.44991	0.04162	0.00292	0.00347	0.01954	0.00314	0.00312
1	0.02772	0.62531	0.15216	0.00822	0.01205	0.04616	0.03850	0.03004	0.00868	0.01074	0.00612	0.00711	0.00525	0.00359	0.00296	0.00098	0.00479	0.00245	0.00182	0.00535
2	0.00852	0.00754	0.01159	0.02747	0.39936	0.00785	0.00870	0.02018	0.09143	0.01236	0.01121	0.06162	0.03130	0.03385	0.15415	0.03052	0.02622	0.02193	0.00247	0.03174
3	0.00565	0.00448	0.00504	0.00520	0.00617	0.01709	0.00375	0.02910	0.03396	0.01208	0.15409	0.32591	0.34827	0.01050	0.00504	0.01485	0.00235	0.00901	0.00384	0.00362
4	0.01640	0.00911	0.01071	0.00824	0.01142	0.00925	0.00679	0.40464	0.03757	0.40191	0.01278	0.01175	0.00849	0.00491	0.00404	0.00122	0.00392	0.00385	0.00447	0.02852
5	0.00558	0.00408	0.00492	0.00489	0.00561	0.00382	0.00340	0.00687	0.02293	0.01249	0.36942	0.14042	0.16878	0.21869	0.00874	0.00200	0.00252	0.00771	0.00375	0.00339
6	0.00645	0.00433	0.00522	0.00523	0.00599	0.00412	0.00365	0.03047	0.02020	0.05171	0.17386	0.24682	0.13807	0.23205	0.00896	0.00209	0.00280	0.02986	0.02458	0.00354
7	0.04840	0.00788	0.00938	0.00765	0.01048	0.00798	0.00618	0.07392	0.29831	0.46105	0.01537	0.01373	0.01044	0.00513	0.00404	0.00130	0.00342	0.00416	0.00455	0.00664
8	0.85977	0.00795	0.00615	0.00546	0.00799	0.00921	0.00449	0.03630	0.00727	0.01843	0.00577	0.00669	0.00447	0.00380	0.00256	0.00125	0.00318	0.00224	0.00256	0.00447
9	0.00500	0.00393	0.00446	0.00471	0.00563	0.00345	0.00335	0.00598	0.00889	0.01124	0.12337	0.29082	0.45556	0.04783	0.00561	0.00156	0.00221	0.00923	0.00379	0.00339
10	0.00526	0.00405	0.00476	0.00495	0.00588	0.00364	0.00357	0.02032	0.00947	0.01230	0.22456	0.30418	0.36142	0.01050	0.00491	0.00144	0.00216	0.00916	0.00394	0.00354
11	0.00958	0.01094	0.02394	0.01710	0.02120	0.01026	0.81737	0.01300	0.00958	0.01300	0.00821	0.01094	0.00616	0.00342	0.00479	0.00137	0.00684	0.00479	0.00205	0.00547
12	0.01021	0.00855	0.00906	0.00812	0.01042	0.00980	0.00633	0.02112	0.78009	0.04155	0.01710	0.01569	0.03248	0.00561	0.00414	0.00137	0.00319	0.00467	0.00415	0.00636
13	0.03336	0.00479	0.00606	0.00582	0.00716	0.00437	0.00432	0.01009	0.02451	0.22872	0.11188	0.38305	0.14086	0.00946	0.00469	0.00145	0.00259	0.00828	0.00415	0.00441
14	0.00527	0.00402	0.00484	0.00491	0.00587	0.00360	0.00360	0.00663	0.00992	0.01316	0.37909	0.19828	0.31193	0.00992	0.00488	0.00139	0.00208	0.02295	0.00407	0.00358
15	0.00580	0.00433	0.00642	0.00642	0.00711	0.00502	0.00495	0.00718	0.00649	0.00935	0.01096	0.01644	0.01036	0.06940	0.80266	0.00640	0.01054	0.00442	0.00219	0.00357
16	0.01542	0.01136	0.01218	0.00933	0.01258	0.01258	0.00771	0.81858	0.01908	0.02557	0.00974	0.00974	0.00690	0.00487	0.00406	0.00122	0.00446	0.00365	0.00406	0.00690
17	0.01085	0.85986	0.02126	0.00694	0.01041	0.01605	0.00694	0.01215	0.00824	0.00955	0.00564	0.00651	0.00521	0.00347	0.00260	0.00087	0.00434	0.00217	0.00174	0.00521
18	0.00590	0.00393	0.00442	0.00442	0.00442	0.00393	0.00246	0.00590	0.00590	0.00787	0.01278	0.02655	0.01475	0.85742	0.02065	0.00393	0.00393	0.00590	0.00246	0.00246
19	0.00590	0.00393	0.00442	0.00442	0.00442	0.00393	0.00246	0.00590	0.00590	0.00787	0.01278	0.02655	0.01475	0.85742	0.02065	0.00393	0.00393	0.00590	0.00246	0.00246
20	0.00583	0.00432	0.00649	0.00649	0.00719	0.00503	0.00503	0.00719	0.00649	0.00935	0.01076	0.01584	0.01006	0.02997	0.81807	0.03120	0.01066	0.00432	0.00216	0.00357
21	0.00502	0.00411	0.00443	0.00438	0.00563	0.00352	0.00327	0.00625	0.00974	0.01220	0.22714	0.05501	0.62546	0.00986	0.00480	0.00135	0.00203	0.00834	0.00393	0.00352
22	0.00580	0.00435	0.00652	0.00652	0.00724	0.00507	0.00507	0.00724	0.00652	0.00942	0.01087	0.01594	0.01014	0.03043	0.84134	0.00652	0.01087	0.00435	0.00217	0.00362
23	0.00580	0.00432	0.00637	0.00637	0.00704	0.00499	0.00488	0.00715	0.00648	0.00931	0.01100	0.01670	0.01047	0.08972	0.78249	0.00633	0.01037	0.00446	0.00219	0.00354
24	0.01026	0.01018	0.01408	0.03689	0.35594	0.09094	0.09973	0.01528	0.24907	0.01398	0.04162	0.01215	0.00921	0.00445	0.00428	0.00127	0.01790	0.00407	0.00273	0.00597
25	0.00987	0.00951	0.01524	0.20028	0.60599	0.03866	0.01189	0.03683	0.00938	0.01290	0.00756	0.01010	0.00618	0.00377	0.00401	0.00123	0.00502	0.00358	0.00203	0.00597
26	0.00606	0.00423	0.00546	0.00510	0.00615	0.00387	0.00384	0.00791	0.01134	0.04099	0.75288	0.03038	0.08979	0.00832	0.00476	0.00128	0.00197	0.00732	0.00444	0.00390
27	0.00608	0.00444	0.00546	0.00578	0.00677	0.00421	0.00449	0.00783	0.04753	0.03213	0.11699	0.19257	0.24638	0.06189	0.00602	0.00171	0.00279	0.23942	0.00380	0.00370
28	0.00993	0.01010	0.01671	0.09780	0.50029	0.05465	0.15253	0.01250	0.02150	0.01257	0.00759	0.01012	0.00623	0.00393	0.00480	0.00128	0.06583	0.00378	0.00202	0.00585

[dist]
# distance from previous block
# <min> <max>
1	3

[block]
# block no. 5 follows, 66 sequences, length 6
# corresponding to MSA columns:
# 284-289
name=unknown_F
#
# <colnr> <probs for GDERKNQSTAVLIFYWHMCP>
#	G	D	E	R	K	N	Q	S	T	A	V	L	I	F	Y	W	H	M	C	P
0	0.24817	0.06229	0.01141	0.06658	0.16964	0.17533	0.00775	0.09083	0.03574	0.08496	0.00787	0.00886	0.00604	0.00409	0.00347	0.00119	0.00467	0.00302	0.00265	0.00542
1	0.03576	0.00518	0.00543	0.00530	0.00589	0.03933	0.00345	0.03145	0.04221	0.03750	0.04519	0.14697	0.04945	0.51357	0.01409	0.00291	0.00363	0.00646	0.00297	0.00328
2	0.05901	0.04888	0.24878	0.06997	0.22685	0.09212	0.06410	0.05371	0.02811	0.05922	0.00799	0.00943	0.00605	0.00394	0.00385	0.00123	0.00533	0.00333	0.00226	0.00583
3	0.00493	0.00358	0.00465	0.00551	0.00585	0.00331	0.00370	0.00566	0.00790	0.01041	0.02407	0.78048	0.10002	0.01249	0.00514	0.00162	0.00233	0.01126	0.00377	0.00331
4	0.00841	0.00721	0.00841	0.00601	0.00961	0.00541	0.00481	0.01022	0.00841	0.01322	0.00721	0.00841	0.00601	0.00300	0.00300	0.00060	0.00300	0.00240	0.00240	0.88222
5	0.00843	0.00806	0.03385	0.00942	0.04463	0.06026	0.10735	0.01093	0.06002	0.04105	0.36098	0.01882	0.02020	0.00657	0.00645	0.00138	0.18837	0.00534	0.00325	0.00465

[dist]
# distance from previous block
# <min> <max>
0	4

# created by:
# /st0/software/busco_prod/Augustus/scripts/msa2prfl.pl ./align_prep/30667.fa
