[name]
unknown

[dist]
# distance from previous block
# <min> <max>
0	74

[block]
# block no. 0 follows, 70 sequences, length 25
# corresponding to MSA columns:
# 74-98
name=unknown_A
#
# <colnr> <probs for GDERKNQSTAVLIFYWHMCP>
#	G	D	E	R	K	N	Q	S	T	A	V	L	I	F	Y	W	H	M	C	P
0	0.01249	0.01020	0.01021	0.03328	0.01150	0.09879	0.00691	0.35391	0.31609	0.06037	0.01192	0.01227	0.00896	0.00498	0.00391	0.00123	0.00407	0.02920	0.00368	0.00604
1	0.00606	0.00419	0.00488	0.00474	0.00505	0.00433	0.00298	0.04905	0.00650	0.00872	0.01284	0.02358	0.04435	0.67100	0.13261	0.00387	0.00463	0.00542	0.00244	0.00276
2	0.08069	0.00856	0.00857	0.00730	0.00943	0.10679	0.02417	0.14456	0.21326	0.07404	0.22783	0.01577	0.02458	0.00548	0.00391	0.00119	0.00347	0.00447	0.00363	0.03231
3	0.03295	0.01020	0.01703	0.01295	0.01618	0.01020	0.44410	0.10222	0.23213	0.01583	0.03031	0.01381	0.03165	0.00492	0.00470	0.00147	0.00535	0.00481	0.00316	0.00602
4	0.00781	0.00619	0.00689	0.00632	0.00792	0.00658	0.00484	0.08455	0.32277	0.02550	0.22895	0.11760	0.14349	0.00735	0.00431	0.00130	0.00260	0.00630	0.00394	0.00478
5	0.00732	0.00689	0.01163	0.85444	0.02670	0.00861	0.01077	0.00991	0.00775	0.00991	0.00689	0.01034	0.00517	0.00388	0.00388	0.00129	0.00517	0.00345	0.00172	0.00431
6	0.13302	0.00987	0.00987	0.00800	0.01074	0.06869	0.00648	0.39443	0.17224	0.13166	0.01060	0.01026	0.00757	0.00460	0.00367	0.00119	0.00392	0.00346	0.00368	0.00603
7	0.00942	0.01026	0.04840	0.02490	0.07142	0.00985	0.54938	0.07889	0.04098	0.01314	0.00814	0.01073	0.00636	0.03242	0.00550	0.00139	0.06709	0.00428	0.00217	0.00527
8	0.01212	0.00544	0.00705	0.00586	0.00803	0.00472	0.00467	0.01349	0.01032	0.49282	0.12141	0.07503	0.20867	0.00683	0.00421	0.00125	0.00274	0.00574	0.00438	0.00524
9	0.00522	0.00434	0.00585	0.11266	0.00864	0.00417	0.03164	0.00647	0.00847	0.01081	0.11231	0.30058	0.35572	0.00941	0.00461	0.00138	0.00260	0.00826	0.00338	0.00347
10	0.04054	0.01061	0.01273	0.07423	0.01392	0.08911	0.13045	0.44723	0.02724	0.07581	0.02504	0.00997	0.00701	0.00440	0.00401	0.00119	0.01377	0.00362	0.00325	0.00585
11	0.00490	0.00351	0.00470	0.01959	0.00600	0.00334	0.00375	0.00567	0.00757	0.01013	0.06193	0.74064	0.02522	0.05055	0.00560	0.00166	0.00239	0.03615	0.00354	0.00317
12	0.00813	0.01959	0.80158	0.01094	0.01654	0.00916	0.01397	0.05347	0.00869	0.01289	0.00708	0.00824	0.00500	0.00373	0.00369	0.00122	0.00566	0.00290	0.00175	0.00577
13	0.01248	0.01226	0.01240	0.01301	0.21774	0.25142	0.03353	0.24949	0.13094	0.01565	0.00874	0.00949	0.00675	0.00421	0.00379	0.00114	0.00503	0.00336	0.00280	0.00577
14	0.00941	0.01066	0.06861	0.01614	0.14628	0.00983	0.53773	0.05198	0.05711	0.01315	0.00815	0.01030	0.00622	0.00362	0.00460	0.00128	0.03311	0.00420	0.00213	0.00549
15	0.00918	0.00695	0.00762	0.00701	0.00882	0.00771	0.00537	0.02942	0.54091	0.07389	0.02585	0.15934	0.01408	0.00636	0.00402	0.00131	0.00284	0.00544	0.07846	0.00542
16	0.00977	0.13364	0.44750	0.01103	0.08528	0.00999	0.03829	0.12302	0.00975	0.06258	0.00797	0.03009	0.00609	0.00401	0.00363	0.00117	0.00501	0.00321	0.00222	0.00575
17	0.06629	0.01089	0.04346	0.01085	0.10401	0.11538	0.08381	0.30407	0.11064	0.05480	0.02483	0.03621	0.00796	0.00458	0.00385	0.00119	0.00454	0.00377	0.00312	0.00576
18	0.00626	0.00453	0.00660	0.00754	0.07812	0.00441	0.02872	0.01604	0.00799	0.05508	0.05978	0.62260	0.02185	0.01031	0.00520	0.01871	0.03002	0.00912	0.00341	0.00372
19	0.00474	0.00341	0.00447	0.00531	0.00557	0.00317	0.00354	0.00541	0.00742	0.00985	0.02178	0.80497	0.05639	0.03725	0.00537	0.00163	0.00228	0.01075	0.00356	0.00313
20	0.06630	0.00951	0.00997	0.00801	0.01070	0.05506	0.00648	0.45396	0.08672	0.16782	0.02648	0.06193	0.00906	0.00515	0.00386	0.00120	0.00389	0.00402	0.00385	0.00604
21	0.00942	0.04179	0.04511	0.29330	0.21141	0.01933	0.08494	0.07542	0.10631	0.03731	0.00844	0.01033	0.00647	0.00403	0.00413	0.00124	0.02976	0.00359	0.00231	0.00536
22	0.00552	0.00408	0.00591	0.00594	0.00652	0.00465	0.00447	0.00670	0.00619	0.00883	0.01099	0.04477	0.01081	0.13927	0.71032	0.00575	0.00923	0.00458	0.00216	0.00330
23	0.01507	0.01033	0.01131	0.00867	0.01176	0.01124	0.00716	0.72689	0.01735	0.12543	0.01005	0.00979	0.00696	0.00467	0.00388	0.00117	0.00415	0.00354	0.00399	0.00659
24	0.03079	0.01002	0.02081	0.03375	0.11862	0.01943	0.11828	0.40569	0.12864	0.05946	0.00985	0.01034	0.00720	0.00435	0.00394	0.00121	0.00444	0.00373	0.00330	0.00615

[dist]
# distance from previous block
# <min> <max>
5	11

[block]
# block no. 1 follows, 70 sequences, length 36
# corresponding to MSA columns:
# 111-146
name=unknown_B
#
# <colnr> <probs for GDERKNQSTAVLIFYWHMCP>
#	G	D	E	R	K	N	Q	S	T	A	V	L	I	F	Y	W	H	M	C	P
0	0.03525	0.01026	0.01078	0.00862	0.01133	0.06397	0.02448	0.50640	0.14826	0.05132	0.01091	0.01091	0.02948	0.00527	0.01941	0.00129	0.02727	0.00369	0.00361	0.01750
1	0.02179	0.00852	0.01004	0.00925	0.09494	0.00896	0.00668	0.39115	0.08978	0.09720	0.05363	0.09392	0.01997	0.01797	0.00418	0.00123	0.00365	0.00451	0.00363	0.05899
2	0.01010	0.13123	0.36851	0.01136	0.10561	0.02277	0.04090	0.14714	0.05002	0.04525	0.00789	0.00882	0.00589	0.00395	0.00383	0.00117	0.02438	0.00311	0.00229	0.00580
3	0.01252	0.03053	0.03110	0.00771	0.01087	0.00685	0.08866	0.10341	0.01058	0.34917	0.02929	0.02521	0.03218	0.00437	0.00370	0.00104	0.00362	0.00372	0.00351	0.24196
4	0.03049	0.07758	0.01069	0.00829	0.01069	0.10118	0.03524	0.19841	0.37024	0.01638	0.04892	0.02234	0.01066	0.00513	0.00385	0.00122	0.00392	0.03566	0.00343	0.00565
5	0.16461	0.10196	0.11918	0.00750	0.01058	0.02183	0.04495	0.10679	0.04179	0.15665	0.02405	0.01063	0.00747	0.06909	0.00459	0.00129	0.00393	0.00326	0.00286	0.09700
6	0.00927	0.20639	0.31813	0.01302	0.14716	0.05457	0.16417	0.01222	0.00852	0.01147	0.00675	0.00834	0.00531	0.00354	0.00371	0.00113	0.01597	0.00309	0.00177	0.00545
7	0.00778	0.02005	0.84367	0.01105	0.01678	0.00900	0.01432	0.01228	0.00818	0.01228	0.00696	0.00818	0.00491	0.00368	0.00368	0.00123	0.00573	0.00286	0.00164	0.00573
8	0.00846	0.02398	0.06614	0.07504	0.18335	0.04895	0.03017	0.09167	0.10179	0.01351	0.10818	0.13384	0.08633	0.00613	0.00413	0.00126	0.00380	0.00536	0.00296	0.00493
9	0.03815	0.01158	0.15582	0.07162	0.16084	0.08764	0.07038	0.14784	0.07786	0.08573	0.00959	0.02867	0.02045	0.00435	0.00393	0.00121	0.01236	0.00366	0.00268	0.00564
10	0.00581	0.00405	0.00496	0.00528	0.00606	0.00382	0.00374	0.00746	0.06773	0.05130	0.09841	0.50924	0.17100	0.01026	0.00466	0.00144	0.00226	0.00910	0.02980	0.00361
11	0.04244	0.31483	0.15010	0.06392	0.07583	0.01055	0.04939	0.04363	0.04191	0.03663	0.07912	0.02972	0.02688	0.01517	0.00363	0.00113	0.00423	0.00352	0.00231	0.00506
12	0.02913	0.05114	0.15708	0.10618	0.15814	0.08908	0.08010	0.05763	0.08997	0.10303	0.01764	0.01007	0.00685	0.00408	0.00397	0.00120	0.02321	0.00344	0.00249	0.00554
13	0.02998	0.04260	0.05570	0.07955	0.16194	0.02764	0.31551	0.17274	0.01069	0.03949	0.00818	0.02340	0.00631	0.00385	0.00405	0.00122	0.00528	0.00389	0.00241	0.00557
14	0.00467	0.00378	0.00415	0.00437	0.00537	0.00326	0.00316	0.00562	0.00858	0.01060	0.07857	0.25571	0.57797	0.01033	0.00468	0.00137	0.00203	0.00887	0.00364	0.00326
15	0.00881	0.05492	0.51418	0.01172	0.09458	0.03043	0.05533	0.04245	0.05150	0.03156	0.01938	0.00966	0.01573	0.01555	0.00419	0.00125	0.02787	0.00326	0.00204	0.00561
16	0.01860	0.18410	0.16325	0.02654	0.15456	0.11712	0.08975	0.04325	0.11642	0.03833	0.00814	0.00914	0.00635	0.00385	0.00357	0.00112	0.00495	0.00318	0.00226	0.00551
17	0.03046	0.00630	0.00621	0.00640	0.02987	0.10180	0.00455	0.02455	0.09957	0.01212	0.14520	0.27451	0.17092	0.02969	0.00477	0.00140	0.00295	0.02647	0.01837	0.00391
18	0.00478	0.00346	0.00442	0.00515	0.00547	0.00321	0.00343	0.00543	0.00742	0.00976	0.02245	0.71012	0.10742	0.08039	0.00610	0.00172	0.00234	0.01030	0.00350	0.00310
19	0.05760	0.01120	0.10934	0.02906	0.11461	0.13896	0.10670	0.07339	0.11126	0.07790	0.01057	0.03129	0.04337	0.01507	0.01769	0.00133	0.03885	0.00387	0.00265	0.00530
20	0.00933	0.08783	0.12685	0.11399	0.38815	0.03096	0.14421	0.03104	0.00886	0.01214	0.00714	0.00926	0.00570	0.00353	0.00381	0.00117	0.00515	0.00341	0.00189	0.00559
21	0.00755	0.00690	0.01097	0.69478	0.03831	0.00839	0.00983	0.03781	0.05857	0.01084	0.00904	0.05558	0.02630	0.00455	0.00395	0.00130	0.00477	0.00401	0.00208	0.00444
22	0.10471	0.19904	0.16340	0.02468	0.02903	0.02437	0.28220	0.06303	0.00903	0.04410	0.00717	0.00861	0.00548	0.00360	0.00372	0.00116	0.01602	0.00328	0.00210	0.00526
23	0.04373	0.26391	0.27149	0.00856	0.01238	0.04924	0.03665	0.04860	0.05110	0.14238	0.00918	0.00952	0.02914	0.00404	0.00339	0.00110	0.00456	0.00306	0.00246	0.00550
24	0.00649	0.00506	0.00557	0.00540	0.00655	0.03406	0.00401	0.03917	0.08460	0.03554	0.28930	0.21190	0.22535	0.00868	0.00449	0.00131	0.00238	0.00752	0.01875	0.00389
25	0.00485	0.00383	0.00438	0.00450	0.00549	0.00336	0.00330	0.00598	0.00906	0.01157	0.22457	0.20340	0.47032	0.00986	0.00467	0.00135	0.00201	0.02042	0.00376	0.00334
26	0.07591	0.20638	0.19685	0.02962	0.06618	0.16151	0.02636	0.08721	0.02794	0.07705	0.00741	0.00821	0.00566	0.00384	0.00336	0.00109	0.00495	0.00282	0.00229	0.00536
27	0.01114	0.06413	0.07029	0.04201	0.19071	0.10550	0.07082	0.20100	0.08740	0.04707	0.02200	0.04093	0.02060	0.00450	0.00385	0.00117	0.00466	0.00381	0.00276	0.00565
28	0.00485	0.00351	0.00459	0.00536	0.00570	0.00330	0.00367	0.00560	0.00749	0.00990	0.02195	0.69782	0.08599	0.04458	0.03516	0.00181	0.00263	0.04941	0.00350	0.00316
29	0.04940	0.04127	0.04355	0.03828	0.01302	0.34517	0.10553	0.12525	0.13559	0.05293	0.00861	0.00925	0.00654	0.00417	0.00371	0.00114	0.00543	0.00325	0.00266	0.00526
30	0.03456	0.02499	0.01303	0.46149	0.17495	0.09945	0.06852	0.01149	0.01720	0.03383	0.00716	0.00974	0.00554	0.00383	0.00395	0.00123	0.01889	0.00338	0.00193	0.00483
31	0.00563	0.02884	0.02333	0.00510	0.00658	0.02033	0.03256	0.03057	0.02184	0.01126	0.08876	0.09582	0.57763	0.02846	0.00483	0.00135	0.00250	0.00755	0.00345	0.00360
32	0.04295	0.00652	0.02563	0.00593	0.00767	0.02847	0.00473	0.17982	0.05310	0.07018	0.08659	0.12573	0.13008	0.00655	0.00384	0.00119	0.00284	0.00543	0.20821	0.00455
33	0.03401	0.40197	0.29857	0.00921	0.03997	0.07349	0.02236	0.01225	0.02602	0.01078	0.00628	0.00738	0.00514	0.00367	0.00343	0.00105	0.03487	0.00256	0.00176	0.00522
34	0.01098	0.08466	0.15670	0.03227	0.03431	0.03153	0.02821	0.28948	0.06942	0.06374	0.05569	0.02747	0.00929	0.04714	0.00459	0.00130	0.00429	0.02130	0.00304	0.02458
35	0.02695	0.22579	0.16461	0.00916	0.01230	0.16849	0.08368	0.06390	0.10752	0.01214	0.00889	0.06243	0.00769	0.00457	0.00357	0.00113	0.00491	0.02479	0.00234	0.00512

[dist]
# distance from previous block
# <min> <max>
0	9

[block]
# block no. 2 follows, 70 sequences, length 50
# corresponding to MSA columns:
# 160-209
name=unknown_C
#
# <colnr> <probs for GDERKNQSTAVLIFYWHMCP>
#	G	D	E	R	K	N	Q	S	T	A	V	L	I	F	Y	W	H	M	C	P
0	0.05309	0.05215	0.01100	0.00817	0.01105	0.03192	0.00672	0.59131	0.03752	0.03848	0.03197	0.04196	0.00806	0.00482	0.00374	0.00113	0.00400	0.00368	0.00359	0.05564
1	0.01217	0.07871	0.03110	0.00766	0.01038	0.00921	0.00636	0.10681	0.42082	0.22972	0.01363	0.01257	0.00978	0.00481	0.00377	0.00121	0.00341	0.00388	0.00387	0.03014
2	0.04622	0.03880	0.07292	0.00856	0.01162	0.01112	0.00742	0.55678	0.14018	0.02120	0.03934	0.01049	0.00819	0.00471	0.00380	0.00118	0.00405	0.00361	0.00361	0.00621
3	0.00893	0.00853	0.01468	0.06529	0.66516	0.00856	0.05280	0.01112	0.00864	0.01221	0.00881	0.10093	0.00817	0.00440	0.00400	0.00121	0.00448	0.00432	0.00209	0.00568
4	0.00584	0.00450	0.00612	0.06954	0.03520	0.00456	0.01179	0.03636	0.04950	0.01100	0.03078	0.58895	0.04350	0.02798	0.00506	0.00156	0.00279	0.05795	0.00340	0.00364
5	0.03465	0.00995	0.01581	0.01188	0.01489	0.03744	0.36997	0.25558	0.03714	0.04726	0.00921	0.04921	0.00730	0.00508	0.02549	0.00140	0.05519	0.00430	0.00278	0.00547
6	0.00918	0.01026	0.02175	0.01694	0.10772	0.00981	0.71145	0.01226	0.00901	0.01234	0.00769	0.01030	0.00588	0.00340	0.00476	0.00130	0.03429	0.00442	0.00195	0.00529
7	0.00498	0.00362	0.00478	0.00542	0.00581	0.00350	0.00375	0.00595	0.01898	0.01017	0.06463	0.62829	0.06272	0.04375	0.09580	0.00212	0.00318	0.02590	0.00343	0.00324
8	0.00934	0.00944	0.04759	0.01223	0.01528	0.00904	0.43421	0.05985	0.18899	0.04413	0.01129	0.10240	0.00942	0.00488	0.00455	0.00133	0.02289	0.00505	0.00276	0.00533
9	0.00756	0.00714	0.01207	0.76544	0.11380	0.00868	0.01089	0.01012	0.00787	0.01020	0.00693	0.01026	0.00527	0.00383	0.00387	0.00128	0.00511	0.00345	0.00174	0.00450
10	0.00861	0.00869	0.01186	0.01017	0.01022	0.02906	0.00846	0.00946	0.00604	0.00933	0.00511	0.00845	0.00509	0.00673	0.01253	0.00168	0.83920	0.00337	0.00170	0.00425
11	0.00910	0.00922	0.04294	0.25328	0.51809	0.03182	0.04763	0.01155	0.00860	0.02048	0.00724	0.00976	0.00582	0.00360	0.00387	0.00120	0.00494	0.00346	0.00189	0.00554
12	0.00852	0.06828	0.67826	0.01078	0.01593	0.00972	0.04082	0.07272	0.00887	0.01290	0.00701	0.00824	0.00508	0.00382	0.00395	0.00122	0.03343	0.00294	0.00182	0.00568
13	0.00637	0.00691	0.08560	0.00673	0.05488	0.05263	0.00528	0.00873	0.07200	0.01244	0.23502	0.06605	0.34957	0.00783	0.00437	0.00127	0.00283	0.01402	0.00342	0.00405
14	0.00479	0.00343	0.00459	0.00548	0.00573	0.00322	0.00372	0.00552	0.00746	0.00995	0.02119	0.81920	0.02531	0.01231	0.01594	0.00164	0.00241	0.04137	0.00358	0.00317
15	0.01138	0.01110	0.01438	0.01168	0.04338	0.21654	0.28395	0.03709	0.05670	0.12067	0.03715	0.01204	0.03458	0.00458	0.00479	0.00124	0.07249	0.01849	0.00264	0.00513
16	0.00962	0.32992	0.29300	0.02814	0.05501	0.07191	0.12711	0.01230	0.00847	0.02175	0.00656	0.00788	0.00521	0.00352	0.00337	0.00107	0.00525	0.00285	0.00177	0.00529
17	0.00954	0.18353	0.01364	0.00949	0.01053	0.09950	0.02853	0.02338	0.00714	0.00961	0.00550	0.00808	0.00520	0.00617	0.02829	0.00153	0.54102	0.00308	0.00177	0.00446
18	0.02288	0.00750	0.01264	0.14282	0.20642	0.03154	0.17344	0.01002	0.03759	0.01052	0.00758	0.01080	0.00642	0.00764	0.05437	0.23141	0.01654	0.00368	0.00193	0.00426
19	0.02110	0.00909	0.01404	0.12334	0.26286	0.07169	0.18773	0.07727	0.00950	0.02109	0.01072	0.09002	0.05912	0.00488	0.00427	0.00125	0.01996	0.00461	0.00236	0.00511
20	0.01112	0.14270	0.18143	0.00928	0.01247	0.09933	0.04986	0.21716	0.08735	0.04019	0.00921	0.00986	0.03306	0.00452	0.00438	0.00118	0.07540	0.00334	0.00264	0.00554
21	0.00552	0.00376	0.00447	0.00457	0.00468	0.00379	0.00276	0.00577	0.00604	0.00814	0.03426	0.12174	0.01560	0.66412	0.09569	0.00367	0.00416	0.00616	0.00252	0.00258
22	0.08892	0.01062	0.01154	0.19346	0.05024	0.24447	0.10914	0.02518	0.05784	0.05361	0.00931	0.04545	0.03413	0.00504	0.02051	0.00131	0.02839	0.00376	0.00236	0.00470
23	0.03295	0.03111	0.02891	0.24210	0.23411	0.28175	0.01926	0.06317	0.00974	0.01165	0.00680	0.00876	0.00543	0.00382	0.00368	0.00114	0.00551	0.00308	0.00201	0.00504
24	0.00472	0.00383	0.00421	0.00449	0.00548	0.00334	0.00327	0.00574	0.01716	0.01040	0.03321	0.28045	0.56643	0.01048	0.00471	0.00140	0.00210	0.03169	0.00360	0.00327
25	0.00878	0.03767	0.04738	0.45976	0.14549	0.03128	0.08875	0.01150	0.03185	0.06342	0.00868	0.01099	0.02967	0.00400	0.00390	0.00124	0.00498	0.00365	0.00209	0.00493
26	0.12728	0.02549	0.04497	0.00829	0.01116	0.09075	0.00696	0.47031	0.06787	0.07160	0.00945	0.03232	0.00708	0.00464	0.00365	0.00117	0.00423	0.00345	0.00343	0.00590
27	0.03527	0.00918	0.00978	0.04337	0.03658	0.08852	0.03457	0.31824	0.12171	0.05872	0.05334	0.01224	0.02427	0.00478	0.00371	0.00115	0.00389	0.00382	0.13139	0.00547
28	0.00463	0.00389	0.00403	0.00408	0.00529	0.00328	0.00303	0.00563	0.00883	0.01067	0.07531	0.09661	0.74166	0.00990	0.00461	0.00132	0.00198	0.00833	0.00363	0.00328
29	0.00953	0.01176	0.10519	0.01394	0.08725	0.12868	0.42239	0.01260	0.04624	0.02157	0.00956	0.05404	0.03457	0.00427	0.00439	0.00126	0.02102	0.00441	0.00218	0.00512
30	0.00921	0.12136	0.13378	0.01360	0.01744	0.02465	0.52879	0.03145	0.00893	0.01202	0.00743	0.00962	0.00574	0.00431	0.03210	0.00140	0.02712	0.00392	0.00192	0.00520
31	0.00778	0.05479	0.78228	0.01064	0.01612	0.00908	0.01364	0.01203	0.00819	0.01209	0.00793	0.00904	0.03177	0.00387	0.00366	0.00121	0.00554	0.00300	0.00170	0.00562
32	0.00739	0.00697	0.01176	0.82766	0.05291	0.00863	0.01080	0.00997	0.00779	0.00999	0.00690	0.01031	0.00520	0.00386	0.00387	0.00129	0.00515	0.00345	0.00173	0.00437
33	0.01394	0.05964	0.03450	0.00998	0.01229	0.69298	0.03453	0.07682	0.01125	0.01078	0.00630	0.00728	0.00514	0.00398	0.00352	0.00102	0.00659	0.00263	0.00211	0.00474
34	0.00820	0.00801	0.01246	0.54359	0.18784	0.04101	0.01057	0.01044	0.00785	0.01037	0.00670	0.00982	0.00535	0.00418	0.00502	0.00131	0.11742	0.00340	0.00177	0.00467
35	0.00863	0.00791	0.00676	0.00676	0.00787	0.22926	0.00495	0.02196	0.00906	0.08119	0.01818	0.42839	0.09394	0.00894	0.00444	0.00137	0.00368	0.04954	0.00328	0.00389
36	0.01448	0.01848	0.01099	0.00999	0.01199	0.84819	0.00749	0.01548	0.01099	0.00949	0.00599	0.00699	0.00499	0.00400	0.00350	0.00100	0.00699	0.00250	0.00200	0.00449
37	0.00472	0.00337	0.00450	0.00540	0.00562	0.00315	0.00360	0.00540	0.00742	0.00990	0.02137	0.86122	0.02564	0.01215	0.00495	0.00157	0.00225	0.01102	0.00360	0.00315
38	0.00472	0.00337	0.00450	0.00540	0.00562	0.00315	0.00360	0.00540	0.00742	0.00990	0.02137	0.86122	0.02564	0.01215	0.00495	0.00157	0.00225	0.01102	0.00360	0.00315
39	0.00684	0.00489	0.00538	0.00498	0.00562	0.00504	0.00328	0.11100	0.02892	0.01047	0.01545	0.02413	0.12349	0.58522	0.01481	0.00294	0.01882	0.00559	0.01996	0.00317
40	0.01332	0.05724	0.01124	0.00860	0.01126	0.13745	0.00695	0.52777	0.09455	0.01954	0.00982	0.04724	0.00778	0.02435	0.00416	0.00121	0.00445	0.00373	0.00343	0.00590
41	0.00542	0.00396	0.00508	0.00480	0.00575	0.00363	0.00360	0.00718	0.01080	0.01514	0.77422	0.02962	0.10013	0.00808	0.00457	0.00123	0.00184	0.00710	0.00421	0.00363
42	0.00859	0.00844	0.01503	0.35542	0.36959	0.00913	0.13077	0.01110	0.00836	0.01143	0.00715	0.00999	0.00568	0.00369	0.00422	0.00125	0.02951	0.00361	0.00184	0.00522
43	0.01224	0.03352	0.03364	0.07378	0.18525	0.15152	0.05894	0.33523	0.04956	0.01663	0.00820	0.00925	0.00623	0.00412	0.00381	0.00115	0.00498	0.00337	0.00277	0.00581
44	0.01043	0.79406	0.01941	0.00676	0.01001	0.01492	0.00662	0.03153	0.05783	0.00991	0.00611	0.00679	0.00543	0.00347	0.00261	0.00087	0.00408	0.00225	0.00185	0.00508
45	0.00461	0.00384	0.00402	0.00417	0.00530	0.00325	0.00305	0.00554	0.00860	0.01038	0.03632	0.17324	0.70397	0.01020	0.00464	0.00135	0.00201	0.00865	0.00360	0.00325
46	0.01122	0.09644	0.17876	0.00916	0.02803	0.16565	0.05167	0.10105	0.04072	0.13744	0.01060	0.13279	0.00916	0.00524	0.00383	0.00119	0.00470	0.00428	0.00282	0.00527
47	0.03554	0.08558	0.08680	0.01026	0.02288	0.06833	0.21463	0.04806	0.10620	0.22945	0.02262	0.01088	0.00774	0.00423	0.00413	0.00121	0.02909	0.00374	0.00300	0.00565
48	0.01945	0.01865	0.07457	0.03049	0.01224	0.06823	0.11699	0.07958	0.00798	0.01125	0.00659	0.00981	0.00592	0.05618	0.02687	0.00171	0.44335	0.00358	0.00199	0.00458
49	0.01025	0.02474	0.03429	0.20130	0.28016	0.13708	0.10120	0.08211	0.03724	0.02153	0.00751	0.00952	0.00591	0.00388	0.00409	0.00119	0.02707	0.00343	0.00214	0.00535

[dist]
# distance from previous block
# <min> <max>
2	26

[block]
# block no. 3 follows, 70 sequences, length 39
# corresponding to MSA columns:
# 236-274
name=unknown_D
#
# <colnr> <probs for GDERKNQSTAVLIFYWHMCP>
#	G	D	E	R	K	N	Q	S	T	A	V	L	I	F	Y	W	H	M	C	P
0	0.03138	0.36863	0.01522	0.03478	0.01173	0.28520	0.03644	0.12487	0.01043	0.03899	0.00658	0.00740	0.00538	0.00379	0.00317	0.00098	0.00515	0.00260	0.00221	0.00507
1	0.06828	0.08455	0.36983	0.02158	0.01347	0.00893	0.04741	0.04081	0.09370	0.13482	0.00897	0.00944	0.00644	0.00393	0.00355	0.00115	0.00455	0.00312	0.00253	0.07297
2	0.01078	0.37287	0.18072	0.00846	0.01163	0.21061	0.00831	0.01260	0.00874	0.04624	0.00710	0.03515	0.00621	0.00422	0.00364	0.00105	0.04437	0.02039	0.00198	0.00496
3	0.04479	0.29151	0.27256	0.02532	0.03597	0.02673	0.05996	0.04753	0.01643	0.08750	0.00795	0.00972	0.00632	0.00432	0.01515	0.00118	0.00481	0.03467	0.00220	0.00536
4	0.00558	0.00414	0.00616	0.00616	0.00686	0.00481	0.00479	0.00698	0.00628	0.00915	0.01045	0.01521	0.00970	0.02841	0.82557	0.00609	0.01015	0.00414	0.02591	0.00347
5	0.00597	0.00452	0.00516	0.00526	0.00649	0.01691	0.00420	0.00742	0.02670	0.05013	0.04072	0.04670	0.47032	0.02376	0.05641	0.00176	0.00309	0.21735	0.00353	0.00359
6	0.00860	0.04213	0.01241	0.03480	0.01232	0.13925	0.26317	0.01030	0.00879	0.04889	0.01332	0.32752	0.01388	0.00708	0.00444	0.00135	0.00461	0.04009	0.00275	0.00430
7	0.03744	0.37241	0.13528	0.00898	0.01223	0.23794	0.07262	0.01302	0.00889	0.04008	0.00632	0.00735	0.00519	0.00369	0.00338	0.00101	0.02467	0.00260	0.00191	0.00499
8	0.00778	0.02005	0.84367	0.01105	0.01678	0.00900	0.01432	0.01228	0.00818	0.01228	0.00696	0.00818	0.00491	0.00368	0.00368	0.00123	0.00573	0.00286	0.00164	0.00573
9	0.04296	0.00866	0.01074	0.27529	0.01598	0.00980	0.00798	0.35136	0.10775	0.10279	0.00979	0.01061	0.00702	0.00482	0.01631	0.00130	0.00436	0.00358	0.00322	0.00569
10	0.02809	0.00803	0.04787	0.37302	0.01770	0.06727	0.08869	0.02077	0.04667	0.02803	0.09735	0.07644	0.01171	0.00545	0.00414	0.00132	0.00458	0.06593	0.00251	0.00442
11	0.00751	0.00716	0.01171	0.82020	0.04422	0.02458	0.01073	0.01005	0.00784	0.00996	0.00688	0.01026	0.00519	0.00387	0.00387	0.00128	0.00519	0.00343	0.00173	0.00435
12	0.00642	0.00423	0.00502	0.00470	0.00600	0.00370	0.00356	0.00777	0.00987	0.10840	0.34446	0.06377	0.40050	0.00860	0.00451	0.00127	0.00208	0.00735	0.00400	0.00380
13	0.05684	0.53622	0.14672	0.00793	0.01137	0.15262	0.01879	0.01236	0.00839	0.01015	0.00577	0.00672	0.00494	0.00350	0.00287	0.00095	0.00484	0.00230	0.00175	0.00498
14	0.06041	0.05683	0.14124	0.09299	0.08535	0.25761	0.15596	0.04324	0.02091	0.03940	0.00717	0.00866	0.00551	0.00377	0.00371	0.00115	0.00569	0.00316	0.00210	0.00511
15	0.01248	0.00853	0.01112	0.00871	0.01135	0.00882	0.10794	0.38910	0.03428	0.16846	0.07787	0.05931	0.01147	0.03481	0.00468	0.00133	0.00399	0.03627	0.00376	0.00573
16	0.02505	0.01348	0.01110	0.00983	0.01104	0.43177	0.00774	0.01331	0.07127	0.01006	0.00636	0.00815	0.00554	0.00522	0.00726	0.00131	0.35198	0.00300	0.00203	0.00451
17	0.05938	0.04332	0.01122	0.00909	0.01163	0.39307	0.00719	0.35653	0.04478	0.01642	0.00771	0.00819	0.00588	0.00428	0.00358	0.00108	0.00539	0.00295	0.00287	0.00544
18	0.00595	0.00416	0.00503	0.00493	0.00583	0.00390	0.00362	0.00739	0.03123	0.04476	0.32658	0.05895	0.20404	0.18979	0.00783	0.00185	0.00254	0.08455	0.00364	0.00345
19	0.01048	0.00517	0.00691	0.00611	0.00786	0.00470	0.00490	0.01230	0.02920	0.35158	0.30755	0.07372	0.03451	0.00726	0.00442	0.00132	0.00273	0.12010	0.00433	0.00486
20	0.01040	0.80148	0.05466	0.00693	0.01031	0.04356	0.00699	0.01177	0.00800	0.00927	0.00548	0.00633	0.00497	0.00336	0.00257	0.00085	0.00431	0.00212	0.00167	0.00499
21	0.03713	0.03616	0.01171	0.43313	0.08178	0.08404	0.00922	0.13497	0.08708	0.01306	0.00790	0.00991	0.00603	0.00415	0.00399	0.00123	0.02783	0.00337	0.00231	0.00500
22	0.00472	0.00339	0.00448	0.00535	0.00561	0.00315	0.00358	0.00540	0.00747	0.00991	0.02193	0.83556	0.05095	0.01207	0.00494	0.00157	0.00224	0.01093	0.00360	0.00315
23	0.00467	0.00365	0.00424	0.00469	0.00544	0.00322	0.00329	0.00551	0.00816	0.01027	0.04478	0.45670	0.40966	0.01097	0.00477	0.00144	0.00211	0.00961	0.00361	0.00322
24	0.01273	0.03867	0.01449	0.02321	0.01403	0.04953	0.24044	0.36369	0.04441	0.11751	0.02243	0.01095	0.00751	0.00436	0.00405	0.00121	0.00484	0.01678	0.00325	0.00591
25	0.05992	0.09376	0.01974	0.05871	0.01790	0.01034	0.56699	0.08835	0.00963	0.01334	0.00774	0.02141	0.00600	0.00358	0.00415	0.00124	0.00576	0.00412	0.00215	0.00520
26	0.01606	0.00630	0.00857	0.00667	0.00944	0.00547	0.00547	0.01760	0.01108	0.74979	0.10726	0.01496	0.01261	0.00515	0.00397	0.00120	0.00313	0.00425	0.00474	0.00627
27	0.00583	0.00380	0.00540	0.00552	0.00587	0.00407	0.00395	0.00610	0.00609	0.00842	0.02430	0.10052	0.01199	0.15311	0.36344	0.24856	0.00624	0.03176	0.00225	0.00277
28	0.00983	0.04084	0.51302	0.03968	0.01580	0.14566	0.07775	0.01322	0.00891	0.07946	0.00749	0.00861	0.00540	0.00382	0.00381	0.00119	0.01504	0.00303	0.00198	0.00547
29	0.01003	0.00852	0.00898	0.00797	0.01023	0.00982	0.00623	0.08182	0.77072	0.01684	0.01529	0.01407	0.01144	0.00521	0.00394	0.00130	0.00316	0.00432	0.00394	0.00617
30	0.04209	0.00702	0.01165	0.78955	0.04514	0.00865	0.02206	0.01005	0.00775	0.01030	0.00686	0.01016	0.00516	0.00385	0.00383	0.00129	0.00509	0.00341	0.00176	0.00436
31	0.01030	0.59608	0.16408	0.00811	0.01177	0.07717	0.04020	0.03440	0.00850	0.01025	0.00591	0.00687	0.00505	0.00347	0.00289	0.00094	0.00474	0.00238	0.00175	0.00513
32	0.00910	0.01548	0.41535	0.04289	0.01758	0.06724	0.28722	0.05873	0.00921	0.01268	0.00728	0.00902	0.00535	0.00369	0.00417	0.00125	0.02295	0.00348	0.00190	0.00544
33	0.00519	0.00368	0.00438	0.00470	0.00503	0.00350	0.00304	0.00569	0.00702	0.00920	0.05187	0.30922	0.13808	0.39189	0.01150	0.00250	0.00291	0.03469	0.00307	0.00284
34	0.04943	0.00623	0.00762	0.05704	0.00945	0.03395	0.02058	0.09847	0.06164	0.08914	0.06014	0.18681	0.02442	0.01760	0.05625	0.01792	0.01857	0.17703	0.00337	0.00435
35	0.03241	0.03001	0.10437	0.19934	0.01547	0.12124	0.02073	0.27115	0.03073	0.11621	0.00884	0.01717	0.00642	0.00431	0.00376	0.00118	0.00483	0.00337	0.00289	0.00555
36	0.00933	0.01047	0.02252	0.01610	0.02000	0.00987	0.79953	0.03826	0.00944	0.01280	0.00789	0.01042	0.00590	0.00331	0.00455	0.00130	0.00646	0.00454	0.00202	0.00527
37	0.03923	0.00898	0.01137	0.53157	0.02094	0.08520	0.00937	0.22154	0.01071	0.01387	0.00738	0.00963	0.00549	0.00408	0.00379	0.00123	0.00503	0.00333	0.00233	0.00491
38	0.05822	0.01020	0.01148	0.02921	0.01198	0.18306	0.13535	0.13510	0.05606	0.15414	0.07260	0.02803	0.00962	0.03562	0.00496	0.00131	0.05086	0.00398	0.00307	0.00517

[dist]
# distance from previous block
# <min> <max>
0	1

[block]
# block no. 4 follows, 70 sequences, length 51
# corresponding to MSA columns:
# 276-326
name=unknown_E
#
# <colnr> <probs for GDERKNQSTAVLIFYWHMCP>
#	G	D	E	R	K	N	Q	S	T	A	V	L	I	F	Y	W	H	M	C	P
0	0.00746	0.00563	0.00684	0.00623	0.00760	0.00592	0.01603	0.10297	0.13166	0.03808	0.20050	0.07967	0.14334	0.05376	0.14150	0.00222	0.01950	0.02333	0.00350	0.00429
1	0.00472	0.00340	0.00447	0.00533	0.00561	0.00315	0.00357	0.00541	0.00748	0.00992	0.02216	0.82495	0.06141	0.01204	0.00493	0.00156	0.00224	0.01090	0.00360	0.00315
2	0.02642	0.01175	0.01420	0.01114	0.01370	0.23768	0.27062	0.16148	0.02109	0.04242	0.00831	0.01099	0.00682	0.07030	0.00579	0.00141	0.06026	0.01810	0.00249	0.00501
3	0.06272	0.01436	0.01088	0.09671	0.02436	0.47469	0.00762	0.20355	0.04528	0.01377	0.00724	0.00817	0.00563	0.00416	0.00359	0.00109	0.00575	0.00289	0.00251	0.00504
4	0.03242	0.00662	0.00836	0.00666	0.00920	0.00621	0.00540	0.10946	0.04389	0.52662	0.13706	0.01620	0.04757	0.02084	0.00428	0.00125	0.00313	0.00450	0.00444	0.00588
5	0.11878	0.01235	0.01314	0.03526	0.01365	0.28155	0.20460	0.18206	0.02368	0.05224	0.00791	0.02299	0.00611	0.00410	0.00376	0.00116	0.00548	0.00342	0.00260	0.00516
6	0.01231	0.16509	0.01239	0.08090	0.02470	0.26001	0.00726	0.27309	0.02200	0.02264	0.00931	0.04098	0.04373	0.00465	0.00359	0.00109	0.00494	0.00344	0.00270	0.00520
7	0.00796	0.00757	0.01288	0.61698	0.21319	0.00881	0.03753	0.01069	0.02649	0.01076	0.00721	0.01026	0.00556	0.00379	0.00389	0.00126	0.00504	0.00351	0.00183	0.00480
8	0.00582	0.00411	0.00509	0.00527	0.00629	0.00377	0.00407	0.00724	0.01933	0.05129	0.20514	0.20125	0.28358	0.00976	0.00477	0.00143	0.00240	0.17201	0.00380	0.00359
9	0.05212	0.00728	0.04555	0.00761	0.00915	0.07068	0.08748	0.06681	0.05736	0.02167	0.03911	0.25378	0.01540	0.09546	0.06688	0.00199	0.00430	0.09029	0.00300	0.00409
10	0.16943	0.01075	0.05067	0.11195	0.01530	0.11731	0.24208	0.13008	0.00978	0.02352	0.00715	0.00901	0.00550	0.01245	0.00457	0.00127	0.06851	0.00341	0.00230	0.00497
11	0.01017	0.00792	0.00863	0.00758	0.00971	0.00885	0.00592	0.14790	0.53061	0.06081	0.07918	0.07978	0.01386	0.00587	0.00406	0.00130	0.00311	0.00493	0.00398	0.00581
12	0.00554	0.00369	0.00485	0.00538	0.00593	0.00340	0.00377	0.00646	0.00818	0.05544	0.11777	0.63439	0.07931	0.01105	0.00484	0.00150	0.00229	0.03905	0.00374	0.00342
13	0.04711	0.01021	0.01779	0.01304	0.01645	0.01031	0.48800	0.27306	0.01184	0.01633	0.00856	0.03524	0.00661	0.00406	0.00444	0.00127	0.02318	0.00429	0.00264	0.00554
14	0.00981	0.00874	0.01189	0.36968	0.04951	0.05504	0.06523	0.14180	0.14722	0.03861	0.00915	0.02182	0.00698	0.00445	0.00433	0.00127	0.04298	0.00375	0.00259	0.00517
15	0.00496	0.00397	0.00445	0.00442	0.00558	0.00346	0.00337	0.00624	0.00947	0.01204	0.27340	0.03527	0.54783	0.00932	0.00463	0.00131	0.00203	0.06102	0.00379	0.00341
16	0.00804	0.00689	0.00804	0.00574	0.00919	0.00517	0.00459	0.00976	0.00804	0.01263	0.00689	0.00804	0.00574	0.00287	0.00287	0.00057	0.00287	0.00230	0.00230	0.88745
17	0.84807	0.00730	0.00565	0.00511	0.00741	0.00843	0.00417	0.01113	0.00669	0.01711	0.01724	0.03656	0.00539	0.00396	0.00252	0.00121	0.00296	0.00248	0.00247	0.00415
18	0.00467	0.00379	0.00415	0.00436	0.00537	0.00327	0.00315	0.00563	0.00862	0.01065	0.08490	0.24386	0.58350	0.01028	0.00467	0.00137	0.00203	0.00882	0.00364	0.00327
19	0.02623	0.01730	0.01112	0.01023	0.03650	0.72892	0.00756	0.09582	0.01158	0.01117	0.00635	0.00729	0.00518	0.00404	0.00353	0.00102	0.00660	0.00262	0.00219	0.00475
20	0.00827	0.00793	0.01020	0.02183	0.01036	0.08711	0.12434	0.02975	0.14869	0.01368	0.32513	0.02882	0.01865	0.00617	0.00564	0.00131	0.13928	0.00513	0.00320	0.00454
21	0.00495	0.00361	0.00465	0.00508	0.00564	0.00332	0.00355	0.00601	0.00868	0.01172	0.27785	0.51647	0.11296	0.01059	0.00479	0.00144	0.00209	0.00948	0.00381	0.00332
22	0.00470	0.00381	0.00418	0.00435	0.00538	0.00328	0.00316	0.00570	0.00873	0.01083	0.11205	0.21977	0.58025	0.01015	0.00466	0.00136	0.00201	0.00870	0.00366	0.00328
23	0.12406	0.00931	0.00997	0.00839	0.03945	0.04702	0.00660	0.37079	0.09581	0.21092	0.01093	0.01115	0.00784	0.00470	0.00372	0.00120	0.00388	0.02445	0.00375	0.00606
24	0.00926	0.00909	0.01520	0.18817	0.60562	0.03342	0.05952	0.01164	0.00870	0.01201	0.00721	0.00972	0.00590	0.00354	0.00388	0.00118	0.00490	0.00349	0.00188	0.00567
25	0.00462	0.00393	0.00398	0.00397	0.00526	0.00329	0.00298	0.00564	0.00893	0.01070	0.07445	0.03694	0.80268	0.00973	0.00458	0.00131	0.00196	0.00813	0.00363	0.00329
26	0.09222	0.05471	0.01081	0.00926	0.01138	0.67453	0.00708	0.02695	0.05900	0.01079	0.00654	0.00737	0.00535	0.00401	0.00338	0.00103	0.00624	0.00257	0.00216	0.00462
27	0.00988	0.00808	0.00862	0.00767	0.00987	0.00918	0.00599	0.04664	0.72006	0.05324	0.03633	0.01538	0.04079	0.00544	0.00398	0.00130	0.00305	0.00453	0.00398	0.00601
28	0.00732	0.00689	0.01163	0.85444	0.02670	0.00861	0.01077	0.00991	0.00775	0.00991	0.00689	0.01034	0.00517	0.00388	0.00388	0.00129	0.00517	0.00345	0.00172	0.00431
29	0.00772	0.00731	0.01226	0.69081	0.14913	0.00885	0.01084	0.01018	0.00783	0.01030	0.00687	0.01014	0.00531	0.00394	0.00427	0.00129	0.04318	0.00344	0.00175	0.00458
30	0.00892	0.00852	0.01452	0.26999	0.59864	0.00903	0.01156	0.01131	0.00851	0.01185	0.00717	0.00981	0.00585	0.00358	0.00385	0.00119	0.00477	0.00345	0.00186	0.00560
31	0.00847	0.00806	0.01370	0.43515	0.43702	0.00892	0.01134	0.01091	0.00829	0.01130	0.00709	0.00996	0.00566	0.00366	0.00386	0.00122	0.00488	0.00345	0.00182	0.00523
32	0.01214	0.43830	0.05286	0.00837	0.01119	0.39820	0.00737	0.01342	0.00932	0.00943	0.00574	0.00666	0.00498	0.00365	0.00300	0.00093	0.00553	0.00230	0.00181	0.00479
33	0.01387	0.00744	0.00900	0.00739	0.00998	0.00750	0.00600	0.14054	0.22225	0.42587	0.03201	0.03592	0.01133	0.00545	0.00402	0.00126	0.00334	0.04631	0.00434	0.00617
34	0.00526	0.00372	0.00479	0.00523	0.00581	0.00345	0.00372	0.00629	0.00846	0.02528	0.20835	0.47017	0.10806	0.05474	0.00560	0.00159	0.00232	0.07015	0.00370	0.00333
35	0.00487	0.00398	0.00408	0.00403	0.00535	0.00334	0.00303	0.00590	0.00898	0.02636	0.07609	0.03647	0.78500	0.00964	0.00457	0.00130	0.00198	0.00805	0.00365	0.00335
36	0.00497	0.00364	0.00472	0.00550	0.00599	0.00339	0.00397	0.00588	0.00788	0.01027	0.02368	0.60605	0.13669	0.01158	0.00497	0.00157	0.00244	0.14998	0.00359	0.00324
37	0.04164	0.00714	0.00912	0.00706	0.00996	0.00663	0.00581	0.13842	0.01202	0.65973	0.05091	0.01312	0.01020	0.00488	0.00388	0.00120	0.00337	0.00393	0.00457	0.00640
38	0.17705	0.00764	0.00783	0.00674	0.00879	0.00849	0.00531	0.25144	0.21108	0.01783	0.08346	0.06316	0.01179	0.04964	0.00447	0.00135	0.00319	0.00431	0.07130	0.00512
39	0.00521	0.00385	0.00489	0.00512	0.00581	0.00360	0.00365	0.00677	0.03768	0.01260	0.37469	0.39718	0.10470	0.00987	0.00472	0.00139	0.00207	0.00880	0.00390	0.00348
40	0.00511	0.00428	0.00451	0.00455	0.00585	0.00384	0.00349	0.00688	0.06951	0.01098	0.03530	0.06376	0.67832	0.00964	0.00462	0.00136	0.00220	0.07868	0.00362	0.00351
41	0.07910	0.00761	0.00844	0.00720	0.00949	0.00821	0.00571	0.13589	0.36011	0.18709	0.09766	0.05218	0.01315	0.00553	0.00392	0.00126	0.00312	0.00454	0.00401	0.00576
42	0.00649	0.00440	0.00524	0.00510	0.00618	0.00411	0.00376	0.02267	0.05234	0.07907	0.22103	0.18688	0.25481	0.08616	0.00592	0.00156	0.00240	0.03301	0.01512	0.00375
43	0.02808	0.00373	0.00374	0.00375	0.00469	0.00376	0.00285	0.00906	0.00812	0.01444	0.01271	0.01512	0.01016	0.00468	0.00278	0.00094	0.00189	0.02736	0.83852	0.00363
44	0.00490	0.00402	0.00430	0.00440	0.00555	0.00353	0.00329	0.00615	0.02916	0.01073	0.06727	0.10434	0.63339	0.04396	0.00525	0.00146	0.00218	0.05920	0.00358	0.00333
45	0.00491	0.00366	0.00448	0.00499	0.00553	0.00338	0.00341	0.00587	0.02335	0.01036	0.08236	0.54009	0.20472	0.07666	0.00596	0.00165	0.00229	0.00957	0.00356	0.00321
46	0.05577	0.00385	0.00451	0.00486	0.00535	0.00372	0.00325	0.00604	0.00738	0.01025	0.09109	0.39304	0.12072	0.24916	0.00887	0.00210	0.00266	0.02111	0.00324	0.00305
47	0.00470	0.00345	0.00442	0.00520	0.00557	0.00317	0.00351	0.00542	0.00762	0.00998	0.02382	0.74822	0.13706	0.01183	0.00490	0.00154	0.00221	0.01063	0.00360	0.00317
48	0.00581	0.00369	0.00458	0.00461	0.00469	0.00373	0.00283	0.00563	0.00573	0.00770	0.02452	0.05974	0.01313	0.57304	0.08058	0.18596	0.00408	0.00532	0.00228	0.00235
49	0.00553	0.00368	0.00430	0.00444	0.00448	0.00365	0.00258	0.00558	0.00590	0.00786	0.01346	0.15589	0.01565	0.70083	0.01726	0.03403	0.00351	0.00640	0.00252	0.00245
50	0.00917	0.00761	0.00781	0.00704	0.00875	0.05717	0.00534	0.12537	0.36803	0.02785	0.10605	0.11564	0.03951	0.09006	0.00565	0.00153	0.00327	0.00544	0.00366	0.00503

[dist]
# distance from previous block
# <min> <max>
0	3

# created by:
# /st0/software/busco_prod/Augustus/scripts/msa2prfl.pl ./align_prep/30706.fa
