[name]
unknown

[dist]
# distance from previous block
# <min> <max>
0	274

[block]
# block no. 0 follows, 69 sequences, length 30
# corresponding to MSA columns:
# 400-429
name=unknown_A
#
# <colnr> <probs for GDERKNQSTAVLIFYWHMCP>
#	G	D	E	R	K	N	Q	S	T	A	V	L	I	F	Y	W	H	M	C	P
0	0.01147	0.64192	0.05891	0.00740	0.01067	0.12558	0.00713	0.01288	0.00866	0.07517	0.00640	0.00705	0.00540	0.00358	0.00282	0.00091	0.00459	0.00234	0.00197	0.00513
1	0.00943	0.04990	0.00942	0.00672	0.00978	0.00732	0.00547	0.08134	0.10896	0.04724	0.00842	0.00918	0.00671	0.00370	0.00377	0.00083	0.05644	0.00281	0.00269	0.56987
2	0.01186	0.33951	0.14382	0.00865	0.01202	0.18336	0.00824	0.19071	0.04406	0.01347	0.00711	0.00778	0.00566	0.00393	0.00328	0.00103	0.00501	0.00272	0.00233	0.00546
3	0.00982	0.03129	0.05240	0.01962	0.52209	0.00938	0.17509	0.03210	0.03171	0.04038	0.03251	0.01056	0.00727	0.00372	0.00402	0.00120	0.00491	0.00381	0.00220	0.00593
4	0.00515	0.00368	0.00497	0.00583	0.00620	0.00354	0.00421	0.00607	0.00774	0.01028	0.02083	0.63978	0.02439	0.03389	0.03355	0.00185	0.00287	0.17836	0.00355	0.00326
5	0.08298	0.01193	0.01201	0.01001	0.03988	0.20237	0.08826	0.35395	0.08657	0.06034	0.00901	0.00943	0.00665	0.00435	0.00379	0.00117	0.00493	0.00340	0.00316	0.00580
6	0.08003	0.79681	0.01937	0.00659	0.00987	0.01498	0.00651	0.01172	0.00786	0.00989	0.00545	0.00630	0.00497	0.00338	0.00251	0.00087	0.00410	0.00210	0.00174	0.00497
7	0.01434	0.00644	0.00840	0.00669	0.00921	0.00589	0.00542	0.08012	0.03410	0.56028	0.20717	0.01680	0.01592	0.00559	0.00410	0.00122	0.00306	0.00466	0.00463	0.00596
8	0.00486	0.00363	0.00452	0.00503	0.00562	0.00329	0.00349	0.00580	0.00840	0.01103	0.15217	0.53874	0.21698	0.01107	0.00486	0.00147	0.00214	0.00984	0.00374	0.00329
9	0.01117	0.00569	0.00732	0.00644	0.00809	0.00548	0.00497	0.06445	0.02916	0.34846	0.04397	0.17606	0.02478	0.14506	0.00716	0.00177	0.03165	0.06955	0.00391	0.00486
10	0.01516	0.00808	0.00971	0.00762	0.01042	0.00808	0.00622	0.34244	0.01383	0.42293	0.03642	0.07913	0.01053	0.00547	0.00404	0.00123	0.00360	0.00443	0.00437	0.00631
11	0.01698	0.00684	0.00912	0.00703	0.00999	0.00609	0.00579	0.06908	0.01167	0.75950	0.04487	0.01368	0.01051	0.00496	0.00397	0.00121	0.00334	0.00403	0.00477	0.00656
12	0.88991	0.00758	0.00576	0.00516	0.00758	0.00879	0.00425	0.01152	0.00667	0.01759	0.00546	0.00637	0.00425	0.00364	0.00243	0.00121	0.00303	0.00212	0.00243	0.00425
13	0.00543	0.00398	0.00510	0.00486	0.00580	0.00364	0.00363	0.00716	0.01076	0.01503	0.73107	0.06023	0.11196	0.00835	0.00464	0.00125	0.00188	0.00735	0.00423	0.00364
14	0.01130	0.69772	0.01868	0.00738	0.01047	0.17943	0.00688	0.01251	0.00859	0.00930	0.00557	0.00644	0.00503	0.00349	0.00272	0.00087	0.00476	0.00218	0.00174	0.00494
15	0.00478	0.00380	0.00430	0.00455	0.00548	0.00331	0.00327	0.00578	0.00873	0.01100	0.12582	0.29760	0.48681	0.01045	0.00475	0.00140	0.00206	0.00905	0.00372	0.00331
16	0.02222	0.01006	0.05595	0.30381	0.22895	0.07557	0.17521	0.03880	0.00897	0.01191	0.00721	0.00977	0.00563	0.00378	0.00421	0.00125	0.02598	0.00359	0.00194	0.00518
17	0.01022	0.03316	0.41759	0.09602	0.06200	0.00864	0.09097	0.01353	0.00894	0.19008	0.00887	0.00985	0.00618	0.00399	0.00405	0.00125	0.02311	0.00338	0.00240	0.00576
18	0.00786	0.02028	0.84191	0.01117	0.01697	0.00910	0.01448	0.01242	0.00828	0.01242	0.00704	0.00828	0.00497	0.00372	0.00372	0.00124	0.00579	0.00290	0.00166	0.00579
19	0.00794	0.01981	0.80883	0.01105	0.01670	0.00913	0.01416	0.01275	0.04094	0.01257	0.00739	0.00853	0.00524	0.00379	0.00374	0.00125	0.00569	0.00296	0.00175	0.00581
20	0.01310	0.02904	0.30134	0.00984	0.05382	0.05973	0.02989	0.06700	0.01042	0.37053	0.01078	0.01055	0.00721	0.00426	0.00383	0.00120	0.00465	0.00342	0.00322	0.00614
21	0.00697	0.00424	0.00567	0.02481	0.00699	0.00407	0.00428	0.00785	0.00813	0.13890	0.02088	0.62073	0.07608	0.01057	0.00510	0.00151	0.03635	0.00936	0.00371	0.00380
22	0.00501	0.00358	0.00481	0.00572	0.00605	0.00338	0.00404	0.00586	0.00773	0.01026	0.02148	0.73813	0.02543	0.01207	0.00507	0.00162	0.00247	0.13042	0.00363	0.00325
23	0.01167	0.01052	0.01040	0.00874	0.01092	0.21444	0.06804	0.25100	0.03760	0.06515	0.09250	0.07874	0.03919	0.00628	0.01709	0.00132	0.01992	0.04808	0.00329	0.00511
24	0.06222	0.01119	0.07893	0.01036	0.01361	0.04376	0.18508	0.39862	0.08407	0.01871	0.01005	0.03089	0.02493	0.00458	0.00401	0.00124	0.00476	0.00396	0.00315	0.00588
25	0.17990	0.00992	0.01262	0.02198	0.01298	0.05669	0.20542	0.24841	0.14321	0.03183	0.01007	0.01069	0.02999	0.00436	0.00382	0.00124	0.00452	0.00376	0.00304	0.00555
26	0.00727	0.00678	0.00865	0.00769	0.00911	0.08099	0.11474	0.02375	0.08601	0.01226	0.16444	0.22368	0.11046	0.00923	0.05181	0.00165	0.03294	0.04115	0.00328	0.00411
27	0.01118	0.01068	0.01057	0.00983	0.07617	0.24807	0.06697	0.12827	0.06489	0.06777	0.04663	0.13326	0.03052	0.00597	0.01640	0.00126	0.00471	0.00470	0.00299	0.05916
28	0.03146	0.00851	0.00990	0.09097	0.09987	0.13392	0.05258	0.03438	0.03672	0.14897	0.06978	0.03668	0.16474	0.00582	0.00439	0.00124	0.03428	0.01246	0.00308	0.02024
29	0.08883	0.04279	0.02375	0.16309	0.04516	0.01851	0.04519	0.24622	0.12689	0.05591	0.03746	0.02089	0.00863	0.00472	0.00382	0.00123	0.00415	0.03013	0.00309	0.02952

[dist]
# distance from previous block
# <min> <max>
0	75

[block]
# block no. 1 follows, 69 sequences, length 28
# corresponding to MSA columns:
# 505-532
name=unknown_B
#
# <colnr> <probs for GDERKNQSTAVLIFYWHMCP>
#	G	D	E	R	K	N	Q	S	T	A	V	L	I	F	Y	W	H	M	C	P
0	0.00907	0.00810	0.02937	0.20662	0.11389	0.02401	0.15082	0.06387	0.05620	0.06466	0.03730	0.05641	0.00930	0.03458	0.05336	0.00163	0.00498	0.02121	0.00257	0.05206
1	0.02040	0.00645	0.00926	0.09835	0.06043	0.01898	0.10066	0.07358	0.02621	0.02820	0.08725	0.14245	0.18184	0.02055	0.03527	0.00152	0.00382	0.03279	0.00307	0.04893
2	0.11004	0.02875	0.00821	0.00632	0.00886	0.00628	0.05023	0.06265	0.03387	0.03116	0.02720	0.04955	0.14086	0.03484	0.03208	0.00127	0.00337	0.01708	0.00282	0.34455
3	0.00958	0.01959	0.09623	0.01028	0.13405	0.04378	0.05217	0.09117	0.06640	0.06244	0.06531	0.03074	0.06185	0.00465	0.00391	0.00107	0.01682	0.00394	0.00281	0.22319
4	0.04670	0.04852	0.01138	0.01946	0.03051	0.08093	0.10747	0.05179	0.03871	0.03444	0.05817	0.07275	0.06287	0.00581	0.00601	0.00129	0.20273	0.01637	0.00259	0.10149
5	0.05237	0.00961	0.00919	0.00754	0.01009	0.15958	0.02287	0.09659	0.13872	0.01404	0.03897	0.03037	0.03841	0.00454	0.00390	0.00100	0.04018	0.00349	0.00281	0.31572
6	0.01065	0.02583	0.03703	0.00713	0.01030	0.05169	0.01903	0.14939	0.03648	0.10994	0.00935	0.05367	0.00757	0.00410	0.00342	0.00089	0.00357	0.00330	0.00295	0.45369
7	0.00546	0.00371	0.00437	0.00459	0.00467	0.00364	0.00273	0.00568	0.00629	0.00841	0.03382	0.23908	0.01777	0.62499	0.01577	0.00318	0.00337	0.00713	0.00274	0.00261
8	0.00544	0.00441	0.00496	0.00572	0.00605	0.05756	0.00385	0.00612	0.00768	0.00990	0.02029	0.77657	0.02419	0.04042	0.00541	0.00163	0.00264	0.01041	0.00349	0.00324
9	0.01017	0.20163	0.05853	0.02767	0.08082	0.15048	0.02170	0.02684	0.00798	0.01021	0.00581	0.00798	0.00523	0.00501	0.00729	0.00131	0.36175	0.00298	0.00182	0.00480
10	0.06549	0.00759	0.00872	0.00670	0.00964	0.03934	0.03989	0.05008	0.03929	0.02538	0.00920	0.04556	0.03452	0.00464	0.02525	0.00098	0.02607	0.00322	0.00256	0.55588
11	0.05466	0.08913	0.05089	0.09595	0.09196	0.02120	0.01829	0.05535	0.09503	0.09488	0.04524	0.01943	0.00913	0.02244	0.18544	0.00235	0.03718	0.00381	0.00267	0.00497
12	0.00903	0.00979	0.01584	0.07904	0.01552	0.08289	0.33135	0.01100	0.00798	0.01077	0.00753	0.06425	0.00680	0.00532	0.00758	0.00146	0.32291	0.00433	0.00197	0.00464
13	0.00539	0.00377	0.00495	0.00520	0.00584	0.00348	0.00369	0.00666	0.00933	0.02883	0.41184	0.42596	0.05024	0.01004	0.00479	0.00141	0.00208	0.00899	0.00399	0.00350
14	0.05772	0.00892	0.04483	0.00833	0.04074	0.05716	0.00674	0.16921	0.05064	0.45054	0.01271	0.02973	0.00885	0.00492	0.00401	0.00122	0.01683	0.01669	0.00402	0.00619
15	0.03051	0.04958	0.00921	0.03839	0.06631	0.02075	0.02011	0.07574	0.15087	0.15335	0.02557	0.11064	0.02839	0.00787	0.04129	0.10537	0.00382	0.03070	0.00324	0.02829
16	0.00623	0.03567	0.00563	0.00507	0.00550	0.00498	0.00335	0.00743	0.07552	0.00884	0.01345	0.05477	0.03595	0.60491	0.06895	0.00338	0.02432	0.03046	0.00257	0.00300
17	0.00622	0.05971	0.00678	0.00658	0.00755	0.00489	0.00556	0.00779	0.00893	0.01169	0.10651	0.17107	0.04293	0.01026	0.00506	0.00164	0.00321	0.52642	0.00357	0.00364
18	0.04639	0.04401	0.03489	0.18198	0.24162	0.15303	0.09047	0.02202	0.00926	0.07191	0.00843	0.01166	0.00694	0.00425	0.00389	0.00122	0.00516	0.05542	0.00226	0.00520
19	0.00897	0.00858	0.01454	0.24523	0.49242	0.00909	0.06253	0.01199	0.06163	0.01224	0.00821	0.01119	0.00673	0.00391	0.00399	0.00124	0.00481	0.02506	0.00207	0.00558
20	0.00874	0.00562	0.00675	0.00594	0.00759	0.00553	0.00461	0.08421	0.11994	0.14782	0.39731	0.05937	0.11600	0.00725	0.00438	0.00126	0.00251	0.00622	0.00422	0.00471
21	0.06716	0.06149	0.00847	0.00654	0.00875	0.00651	0.00535	0.09087	0.01040	0.37444	0.03767	0.11154	0.03252	0.03753	0.00460	0.00138	0.00326	0.08911	0.03715	0.00527
22	0.03161	0.04219	0.10347	0.15281	0.19565	0.08334	0.04400	0.06069	0.02793	0.17148	0.00986	0.02700	0.02401	0.00430	0.00384	0.00120	0.00471	0.00366	0.00267	0.00558
23	0.00938	0.14183	0.48925	0.01011	0.01466	0.04328	0.05445	0.02693	0.08754	0.05664	0.00843	0.00969	0.00634	0.00403	0.00366	0.00119	0.00519	0.01956	0.00216	0.00566
24	0.01077	0.01150	0.01476	0.01169	0.01415	0.26146	0.32975	0.01274	0.00949	0.06388	0.00954	0.08844	0.00845	0.00503	0.00486	0.00128	0.06850	0.03448	0.03447	0.00476
25	0.46060	0.03883	0.00989	0.00828	0.02988	0.17999	0.07406	0.04629	0.01839	0.01469	0.00610	0.00737	0.00490	0.00404	0.00391	0.00121	0.08204	0.00265	0.00229	0.00460
26	0.00627	0.00417	0.00509	0.01350	0.00596	0.00396	0.00357	0.01962	0.00841	0.06446	0.17710	0.22478	0.16169	0.22913	0.00868	0.00200	0.01289	0.02365	0.02162	0.00342
27	0.00950	0.04127	0.01185	0.12288	0.16443	0.14975	0.05099	0.04192	0.03619	0.02367	0.01879	0.09834	0.00926	0.02003	0.03200	0.00150	0.11121	0.03884	0.00237	0.01520

[dist]
# distance from previous block
# <min> <max>
4	56

[block]
# block no. 2 follows, 69 sequences, length 35
# corresponding to MSA columns:
# 589-623
name=unknown_C
#
# <colnr> <probs for GDERKNQSTAVLIFYWHMCP>
#	G	D	E	R	K	N	Q	S	T	A	V	L	I	F	Y	W	H	M	C	P
0	0.16735	0.00983	0.02554	0.00765	0.01035	0.14490	0.03307	0.05904	0.09564	0.07826	0.00821	0.00892	0.00635	0.00401	0.00390	0.00104	0.05952	0.00290	0.00269	0.27084
1	0.00954	0.26180	0.46476	0.00995	0.03590	0.02630	0.02569	0.05909	0.00895	0.03901	0.00699	0.00799	0.00530	0.00369	0.00340	0.00110	0.00513	0.00277	0.00193	0.02072
2	0.00535	0.00404	0.00501	0.00526	0.00612	0.00376	0.00395	0.00694	0.03369	0.01238	0.28276	0.26304	0.22058	0.00997	0.00482	0.00144	0.00228	0.12122	0.00386	0.00353
3	0.03108	0.00417	0.00519	0.00560	0.00631	0.00400	0.00393	0.02673	0.04095	0.06138	0.05273	0.64117	0.08024	0.01080	0.00476	0.00151	0.00241	0.00965	0.00372	0.00366
4	0.12902	0.04210	0.18735	0.02986	0.03095	0.17526	0.06892	0.14295	0.01062	0.07164	0.04344	0.03473	0.00759	0.00440	0.00367	0.00118	0.00497	0.00345	0.00262	0.00528
5	0.00547	0.00400	0.00545	0.00593	0.00647	0.00386	0.02498	0.00670	0.03460	0.02042	0.03049	0.58600	0.05093	0.06965	0.03758	0.00191	0.00297	0.09572	0.00348	0.00339
6	0.00562	0.00421	0.00537	0.00587	0.00684	0.00396	0.00482	0.00710	0.00913	0.01176	0.12721	0.10798	0.25566	0.01035	0.00506	0.00158	0.00282	0.41746	0.00371	0.00350
7	0.01443	0.01074	0.01150	0.00892	0.01198	0.01194	0.00734	0.75036	0.09354	0.02394	0.01002	0.00989	0.00716	0.00476	0.00393	0.00119	0.00420	0.00361	0.00393	0.00662
8	0.03812	0.03126	0.00937	0.00754	0.00986	0.03757	0.00606	0.22115	0.12623	0.26181	0.02760	0.10763	0.01098	0.00714	0.05264	0.00155	0.02931	0.00462	0.00384	0.00572
9	0.01683	0.00740	0.00950	0.00731	0.01032	0.00689	0.00603	0.15721	0.02564	0.67525	0.02635	0.01292	0.00962	0.00488	0.00395	0.00121	0.00348	0.00393	0.00467	0.00662
10	0.00759	0.00400	0.00403	0.00393	0.00495	0.00407	0.00297	0.03243	0.03259	0.01495	0.01279	0.01447	0.01001	0.00459	0.00281	0.00093	0.00193	0.00367	0.83345	0.00381
11	0.00805	0.01905	0.74428	0.01225	0.06516	0.00917	0.06310	0.01240	0.00837	0.01245	0.00711	0.00850	0.00510	0.00369	0.00379	0.00124	0.00578	0.00304	0.00169	0.00579
12	0.04220	0.06914	0.26288	0.03772	0.01237	0.06440	0.03168	0.03264	0.12541	0.06000	0.02349	0.06325	0.00941	0.05189	0.02257	0.00152	0.04386	0.03790	0.00259	0.00509
13	0.00625	0.00372	0.00537	0.00537	0.00559	0.00395	0.00373	0.00581	0.00559	0.00768	0.00886	0.01517	0.00893	0.14975	0.28596	0.46416	0.00577	0.00402	0.00194	0.00239
14	0.00545	0.00403	0.00523	0.00590	0.00667	0.00381	0.00467	0.00673	0.00860	0.01111	0.05873	0.30531	0.18800	0.01100	0.00509	0.00162	0.00278	0.35819	0.00365	0.00342
15	0.02614	0.00923	0.01189	0.21536	0.16550	0.03472	0.00879	0.29475	0.07621	0.10427	0.00944	0.01042	0.00688	0.00432	0.00389	0.00122	0.00446	0.00357	0.00306	0.00589
16	0.08194	0.31271	0.08244	0.02563	0.03998	0.19109	0.06388	0.08286	0.00946	0.01195	0.00630	0.00753	0.00522	0.00391	0.00384	0.00108	0.06036	0.00271	0.00204	0.00506
17	0.00479	0.00391	0.00423	0.00434	0.00547	0.00336	0.00321	0.00585	0.00899	0.01110	0.12456	0.14308	0.62654	0.01004	0.00470	0.00136	0.00204	0.02536	0.00371	0.00334
18	0.00635	0.00413	0.00502	0.00495	0.00607	0.00365	0.00365	0.00754	0.00937	0.10369	0.24009	0.25172	0.32014	0.00949	0.00465	0.00136	0.00218	0.00825	0.00395	0.00375
19	0.02284	0.00850	0.00910	0.00803	0.01028	0.00976	0.00632	0.08909	0.68843	0.04515	0.01508	0.01442	0.01137	0.00536	0.00418	0.00133	0.02190	0.01878	0.00393	0.00614
20	0.05670	0.17605	0.01420	0.01311	0.24394	0.28287	0.03266	0.04855	0.07413	0.01210	0.00726	0.00842	0.00597	0.00384	0.00347	0.00107	0.00519	0.00295	0.00219	0.00533
21	0.01373	0.00823	0.00951	0.00777	0.01043	0.00863	0.00625	0.23339	0.27798	0.31719	0.01431	0.05317	0.01040	0.00532	0.00400	0.00126	0.00347	0.00434	0.00427	0.00635
22	0.00562	0.00396	0.00477	0.00488	0.00585	0.00352	0.00357	0.00677	0.00915	0.05565	0.22688	0.28334	0.33638	0.00992	0.00472	0.00139	0.00214	0.02406	0.00387	0.00355
23	0.00599	0.00427	0.00519	0.00505	0.00618	0.00392	0.00383	0.00783	0.04274	0.05258	0.40658	0.11175	0.26566	0.00889	0.00465	0.00133	0.00215	0.05361	0.00403	0.00377
24	0.00574	0.00434	0.00515	0.00555	0.00635	0.02223	0.00406	0.00718	0.04352	0.03222	0.08013	0.43671	0.20184	0.01118	0.03076	0.00164	0.00274	0.09147	0.00365	0.00355
25	0.01486	0.01019	0.01106	0.00864	0.01162	0.03273	0.00714	0.63848	0.01665	0.14748	0.01084	0.01177	0.00792	0.00503	0.00399	0.00121	0.00420	0.04575	0.00400	0.00645
26	0.00764	0.00735	0.01157	0.77907	0.04033	0.04000	0.01054	0.01015	0.00804	0.01013	0.01776	0.01108	0.02206	0.00409	0.00393	0.00129	0.00518	0.00359	0.00183	0.00437
27	0.00845	0.00839	0.01176	0.01012	0.01015	0.01170	0.00842	0.00933	0.00602	0.00942	0.00537	0.00887	0.00535	0.00782	0.04848	0.00191	0.81897	0.00346	0.00173	0.00425
28	0.00740	0.00697	0.01176	0.85280	0.02700	0.00871	0.01089	0.01002	0.00784	0.01002	0.00697	0.01045	0.00523	0.00392	0.00392	0.00131	0.00523	0.00348	0.00174	0.00436
29	0.00760	0.00723	0.01240	0.77464	0.07518	0.00879	0.03882	0.01022	0.00795	0.01027	0.00703	0.01041	0.00531	0.00387	0.00394	0.00130	0.00524	0.00352	0.00176	0.00450
30	0.00817	0.00844	0.04793	0.53066	0.20766	0.03760	0.01084	0.01060	0.00811	0.01070	0.00739	0.03613	0.00606	0.00423	0.00439	0.00129	0.04947	0.00366	0.00185	0.00480
31	0.28394	0.00912	0.00901	0.00724	0.01007	0.04881	0.00591	0.29624	0.05126	0.16480	0.00924	0.00922	0.00657	0.00427	0.00338	0.00115	0.00372	0.00308	0.00342	0.06955
32	0.07013	0.00536	0.00649	0.06774	0.00851	0.00526	0.02964	0.05121	0.04309	0.06304	0.22230	0.04273	0.35437	0.00765	0.00432	0.00128	0.00266	0.00648	0.00363	0.00410
33	0.00978	0.03424	0.01303	0.08896	0.29871	0.15146	0.07110	0.01203	0.03020	0.01213	0.04994	0.01009	0.00752	0.00376	0.00368	0.00104	0.00470	0.00334	0.00219	0.19210
34	0.00959	0.05238	0.00978	0.00870	0.07814	0.03107	0.05364	0.14882	0.10232	0.09267	0.07708	0.17884	0.08781	0.02304	0.02666	0.00146	0.00369	0.00585	0.00344	0.00499

[dist]
# distance from previous block
# <min> <max>
0	32

[block]
# block no. 3 follows, 69 sequences, length 34
# corresponding to MSA columns:
# 656-689
name=unknown_D
#
# <colnr> <probs for GDERKNQSTAVLIFYWHMCP>
#	G	D	E	R	K	N	Q	S	T	A	V	L	I	F	Y	W	H	M	C	P
0	0.03336	0.00910	0.01254	0.33047	0.04921	0.10913	0.13946	0.05466	0.03151	0.05080	0.03158	0.01973	0.02837	0.00420	0.00391	0.00119	0.00499	0.00377	0.00235	0.07966
1	0.00854	0.00748	0.01214	0.58256	0.10409	0.00893	0.03119	0.01146	0.05781	0.06244	0.00797	0.01067	0.00602	0.00422	0.00460	0.00132	0.06804	0.00360	0.00210	0.00481
2	0.01488	0.01155	0.01172	0.00910	0.01215	0.07332	0.00746	0.76539	0.01790	0.02360	0.00917	0.00924	0.00655	0.00466	0.00389	0.00116	0.00452	0.00346	0.00378	0.00651
3	0.00931	0.21863	0.47496	0.00987	0.02293	0.01089	0.02278	0.06055	0.05853	0.03247	0.00748	0.00844	0.00565	0.00393	0.00384	0.00117	0.03798	0.00291	0.00202	0.00565
4	0.00570	0.00428	0.00520	0.00516	0.00617	0.00404	0.00385	0.00785	0.07277	0.02325	0.40520	0.18403	0.20852	0.00909	0.00467	0.00135	0.00214	0.03900	0.00400	0.00374
5	0.06754	0.00955	0.01050	0.00818	0.01116	0.01024	0.00672	0.54092	0.05341	0.16847	0.01049	0.01028	0.00736	0.00529	0.02658	0.00131	0.00412	0.00353	0.00389	0.04046
6	0.00859	0.00753	0.01178	0.23152	0.35550	0.00798	0.00936	0.03315	0.06002	0.03911	0.06646	0.01589	0.08965	0.00505	0.00409	0.00126	0.00416	0.04114	0.00256	0.00519
7	0.02387	0.00905	0.14808	0.00760	0.01088	0.00669	0.00711	0.08773	0.01120	0.53522	0.06437	0.02229	0.03753	0.00507	0.00396	0.00122	0.00368	0.00412	0.00412	0.00617
8	0.00481	0.00343	0.00458	0.00549	0.00574	0.00321	0.00369	0.00551	0.00754	0.01004	0.02159	0.84320	0.02586	0.01225	0.00501	0.00160	0.00230	0.02730	0.00364	0.00319
9	0.00760	0.00717	0.01211	0.78248	0.09579	0.00876	0.01098	0.01019	0.00793	0.01025	0.00700	0.01039	0.00531	0.00388	0.00392	0.00129	0.00518	0.00348	0.00176	0.00451
10	0.07170	0.30312	0.07925	0.00979	0.03836	0.13396	0.14573	0.07196	0.03201	0.04618	0.00801	0.00895	0.02711	0.00388	0.00341	0.00108	0.00497	0.00310	0.00224	0.00522
11	0.00488	0.00371	0.00453	0.00506	0.00573	0.00335	0.00361	0.00582	0.00831	0.01069	0.08031	0.48312	0.29010	0.01114	0.00489	0.00150	0.00224	0.06406	0.00368	0.00329
12	0.01674	0.00700	0.00895	0.00698	0.00984	0.03981	0.00571	0.01826	0.01121	0.75684	0.06468	0.01405	0.01117	0.00501	0.00397	0.00121	0.00340	0.00408	0.00470	0.00641
13	0.00682	0.00553	0.00781	0.00730	0.03059	0.00556	0.08018	0.02124	0.08192	0.04293	0.14870	0.19141	0.21038	0.00925	0.03773	0.00159	0.05470	0.04877	0.00345	0.00412
14	0.00956	0.01006	0.04189	0.13545	0.37352	0.06734	0.20835	0.02023	0.02004	0.02486	0.00833	0.02254	0.02038	0.00389	0.00419	0.00123	0.01669	0.00389	0.00206	0.00549
15	0.01006	0.20136	0.06347	0.01288	0.01643	0.04095	0.46765	0.03002	0.00905	0.04542	0.00743	0.00934	0.00578	0.00368	0.00455	0.00122	0.05964	0.00377	0.00204	0.00525
16	0.00950	0.00911	0.01555	0.09602	0.76738	0.00926	0.01193	0.01186	0.00883	0.01257	0.00734	0.00977	0.00612	0.00353	0.00388	0.00118	0.00471	0.00349	0.00192	0.00605
17	0.00962	0.09993	0.46016	0.01260	0.16629	0.02785	0.01187	0.06490	0.04515	0.05409	0.00788	0.00892	0.00585	0.00384	0.00366	0.00118	0.00512	0.00308	0.00212	0.00589
18	0.00854	0.04088	0.14113	0.18410	0.03130	0.00801	0.18288	0.04443	0.00895	0.06922	0.01137	0.14510	0.01056	0.00580	0.00440	0.00136	0.01398	0.08059	0.00256	0.00484
19	0.00786	0.02028	0.84191	0.01117	0.01697	0.00910	0.01448	0.01242	0.00828	0.01242	0.00704	0.00828	0.00497	0.00372	0.00372	0.00124	0.00579	0.00290	0.00166	0.00579
20	0.00838	0.19353	0.58355	0.01035	0.01529	0.01028	0.06135	0.01203	0.00818	0.01161	0.00692	0.00834	0.00526	0.00482	0.04288	0.00140	0.00573	0.00290	0.00170	0.00550
21	0.00915	0.00848	0.01484	0.34199	0.38350	0.00906	0.10731	0.02412	0.00878	0.04393	0.00763	0.01023	0.00594	0.00371	0.00399	0.00124	0.00505	0.00364	0.00201	0.00541
22	0.00736	0.00689	0.01143	0.74913	0.02474	0.00867	0.01037	0.00979	0.00763	0.00992	0.00708	0.01065	0.00551	0.00568	0.05696	0.00164	0.05694	0.00353	0.00176	0.00430
23	0.00736	0.00606	0.00865	0.00827	0.07602	0.03526	0.10076	0.04045	0.01037	0.04959	0.39625	0.11226	0.10648	0.00737	0.00452	0.00128	0.00307	0.01807	0.00362	0.00427
24	0.01015	0.04046	0.09373	0.05254	0.27868	0.02764	0.17788	0.06257	0.00968	0.10420	0.01094	0.04574	0.05883	0.00448	0.00407	0.00123	0.00480	0.00425	0.00252	0.00559
25	0.00888	0.00836	0.01424	0.31608	0.35464	0.00897	0.09781	0.06164	0.00912	0.01240	0.00834	0.04142	0.00707	0.00424	0.00407	0.00127	0.00493	0.02911	0.00211	0.00529
26	0.00809	0.00767	0.01300	0.60494	0.26949	0.00889	0.01123	0.01062	0.00816	0.01085	0.00709	0.01023	0.00552	0.00379	0.00391	0.00126	0.00506	0.00349	0.00180	0.00491
27	0.00681	0.00582	0.00710	0.00760	0.10158	0.02830	0.03041	0.07937	0.00995	0.02068	0.09864	0.08939	0.45372	0.00835	0.00450	0.00131	0.00286	0.03605	0.00344	0.00410
28	0.01365	0.00818	0.01007	0.00886	0.05998	0.06857	0.04767	0.12597	0.07131	0.38952	0.02166	0.08506	0.01844	0.01843	0.00434	0.00130	0.00387	0.03333	0.00394	0.00586
29	0.06175	0.00456	0.00567	0.00603	0.00690	0.00450	0.00446	0.04111	0.03412	0.07988	0.01931	0.56288	0.02156	0.01041	0.00474	0.00154	0.00270	0.12037	0.00368	0.00383
30	0.77107	0.03043	0.00706	0.00655	0.05958	0.00916	0.00495	0.04952	0.00740	0.01740	0.00576	0.00672	0.00450	0.00367	0.00259	0.00120	0.00322	0.00227	0.00245	0.00450
31	0.00605	0.00449	0.00505	0.00540	0.00618	0.04277	0.00381	0.00695	0.00847	0.06224	0.07922	0.52570	0.20776	0.01062	0.00476	0.00146	0.00247	0.00937	0.00368	0.00353
32	0.10318	0.15537	0.50323	0.00959	0.01398	0.04435	0.01118	0.01246	0.03734	0.01229	0.00677	0.00794	0.00516	0.00392	0.00396	0.00120	0.05810	0.00276	0.00184	0.00537
33	0.06468	0.06388	0.10912	0.01562	0.37736	0.03352	0.04047	0.09951	0.05666	0.02699	0.02950	0.02623	0.00741	0.00416	0.00401	0.00119	0.02797	0.00357	0.00239	0.00576

[dist]
# distance from previous block
# <min> <max>
2	23

[block]
# block no. 4 follows, 69 sequences, length 19
# corresponding to MSA columns:
# 713-731
name=unknown_E
#
# <colnr> <probs for GDERKNQSTAVLIFYWHMCP>
#	G	D	E	R	K	N	Q	S	T	A	V	L	I	F	Y	W	H	M	C	P
0	0.02325	0.00839	0.01352	0.06645	0.53148	0.00842	0.02755	0.03819	0.03329	0.12437	0.04335	0.04652	0.00885	0.00434	0.00397	0.00121	0.00426	0.00405	0.00262	0.00590
1	0.00952	0.00900	0.18571	0.00831	0.03647	0.00647	0.03305	0.01259	0.08966	0.20766	0.07620	0.12463	0.07851	0.00663	0.00446	0.00134	0.02248	0.06886	0.00342	0.01501
2	0.27048	0.26750	0.19634	0.00755	0.01091	0.09354	0.00764	0.01236	0.00811	0.05379	0.00692	0.03683	0.00574	0.00397	0.00302	0.00110	0.00438	0.00273	0.00215	0.00494
3	0.01283	0.10806	0.01096	0.00777	0.01052	0.08247	0.00637	0.24261	0.16154	0.17799	0.03868	0.03577	0.00940	0.00482	0.00372	0.00113	0.00388	0.00377	0.00357	0.07415
4	0.03928	0.03511	0.62343	0.00988	0.01449	0.00839	0.01196	0.01179	0.04721	0.01241	0.00961	0.10926	0.00842	0.00507	0.00388	0.00130	0.00503	0.03601	0.00210	0.00535
5	0.00772	0.08258	0.60773	0.00963	0.01433	0.00876	0.01175	0.01184	0.04759	0.01249	0.07676	0.01235	0.07076	0.00459	0.00378	0.00122	0.00494	0.00365	0.00213	0.00540
6	0.01037	0.04944	0.01089	0.00865	0.01110	0.05146	0.09584	0.04589	0.50489	0.07616	0.05839	0.01455	0.03436	0.00516	0.00401	0.00127	0.00370	0.00443	0.00363	0.00580
7	0.00671	0.07826	0.11142	0.00873	0.01073	0.00645	0.17503	0.00857	0.00816	0.01094	0.01559	0.42559	0.01718	0.00850	0.00461	0.00145	0.00389	0.09117	0.00289	0.00413
8	0.00884	0.00819	0.01149	0.00986	0.01006	0.01123	0.00819	0.00976	0.00629	0.05125	0.00602	0.00926	0.00568	0.00823	0.06696	0.00199	0.75692	0.00351	0.00190	0.00436
9	0.00823	0.00781	0.01325	0.55553	0.31783	0.00893	0.01130	0.01074	0.00823	0.01102	0.00711	0.01018	0.00558	0.00377	0.00391	0.00126	0.00502	0.00349	0.00181	0.00502
10	0.01629	0.00728	0.01129	0.00847	0.01165	0.00641	0.13369	0.01808	0.01091	0.71097	0.01429	0.01291	0.00912	0.00461	0.00405	0.00123	0.00385	0.00405	0.00440	0.00646
11	0.01396	0.00876	0.00994	0.00803	0.01081	0.00934	0.00650	0.29793	0.29597	0.27489	0.01354	0.01243	0.00943	0.00496	0.00395	0.00124	0.00359	0.00397	0.00423	0.00651
12	0.01464	0.01868	0.01111	0.01010	0.01212	0.84648	0.00757	0.01565	0.01111	0.00959	0.00606	0.00707	0.00505	0.00404	0.00353	0.00101	0.00707	0.00252	0.00202	0.00454
13	0.01284	0.03286	0.02012	0.00655	0.00875	0.00543	0.00532	0.02815	0.01032	0.49860	0.09730	0.19462	0.01607	0.00691	0.00424	0.00131	0.00306	0.03777	0.00433	0.00546
14	0.00975	0.00842	0.00886	0.00798	0.01019	0.00975	0.00621	0.02083	0.83069	0.01640	0.01596	0.01463	0.01197	0.00532	0.00399	0.00133	0.00310	0.00443	0.00399	0.00621
15	0.01651	0.00643	0.00875	0.00679	0.00963	0.00558	0.00558	0.01805	0.01121	0.76621	0.08933	0.01478	0.01216	0.00514	0.00400	0.00121	0.00320	0.00423	0.00480	0.00640
16	0.11674	0.00925	0.00920	0.00761	0.01017	0.12873	0.00612	0.19696	0.04006	0.33278	0.01218	0.06776	0.00927	0.00526	0.00382	0.00122	0.00399	0.02934	0.00380	0.00574
17	0.00588	0.00428	0.00600	0.00715	0.03485	0.00420	0.00555	0.00730	0.00848	0.01115	0.02062	0.33511	0.02322	0.01111	0.00522	0.00171	0.00317	0.49792	0.00356	0.00354
18	0.00652	0.00496	0.00732	0.16286	0.01160	0.00529	0.00716	0.00847	0.00881	0.01142	0.01822	0.03801	0.01937	0.00956	0.00514	0.00171	0.00391	0.66268	0.00327	0.00375

[dist]
# distance from previous block
# <min> <max>
3	6

[block]
# block no. 5 follows, 69 sequences, length 10
# corresponding to MSA columns:
# 738-747
name=unknown_F
#
# <colnr> <probs for GDERKNQSTAVLIFYWHMCP>
#	G	D	E	R	K	N	Q	S	T	A	V	L	I	F	Y	W	H	M	C	P
0	0.00917	0.00893	0.01462	0.20935	0.56612	0.03713	0.03812	0.01153	0.00885	0.01218	0.04122	0.01061	0.00720	0.00379	0.00393	0.00120	0.00482	0.00364	0.00200	0.00560
1	0.00973	0.00918	0.01537	0.09557	0.73146	0.00939	0.01173	0.04702	0.00924	0.01308	0.00743	0.00976	0.00614	0.00358	0.00389	0.00118	0.00469	0.00349	0.00201	0.00607
2	0.00953	0.00940	0.01681	0.06044	0.67822	0.00938	0.13396	0.01202	0.00893	0.01264	0.00744	0.00987	0.00613	0.00348	0.00399	0.00119	0.00498	0.00366	0.00194	0.00599
3	0.00560	0.00420	0.00630	0.00630	0.00700	0.00490	0.00490	0.00700	0.00630	0.00910	0.01050	0.01540	0.00980	0.02940	0.84669	0.00630	0.01050	0.00420	0.00210	0.00350
4	0.14648	0.04569	0.01100	0.00816	0.01120	0.01124	0.00679	0.59843	0.01560	0.09402	0.00918	0.00917	0.00650	0.00450	0.00364	0.00117	0.00403	0.00329	0.00368	0.00624
5	0.00681	0.00340	0.00511	0.00511	0.00511	0.00340	0.00340	0.00511	0.00511	0.00681	0.00681	0.01192	0.00681	0.01362	0.01532	0.88594	0.00340	0.00340	0.00170	0.00170
6	0.00558	0.00399	0.00548	0.00638	0.00696	0.00388	0.00504	0.00685	0.00830	0.01091	0.02116	0.43232	0.02416	0.01152	0.00522	0.00170	0.00297	0.43052	0.00362	0.00341
7	0.01129	0.01018	0.01090	0.00969	0.05124	0.12459	0.06811	0.18213	0.37464	0.03552	0.03153	0.05160	0.01038	0.00515	0.00402	0.00125	0.00417	0.00432	0.00347	0.00581
8	0.11496	0.01018	0.01067	0.00837	0.01132	0.08276	0.02887	0.43865	0.01441	0.22579	0.01014	0.00987	0.00699	0.00453	0.00374	0.00118	0.00423	0.00341	0.00377	0.00617
9	0.47274	0.03582	0.02809	0.00693	0.00968	0.04365	0.00583	0.27118	0.04456	0.03766	0.00743	0.00790	0.00553	0.00408	0.00308	0.00119	0.00371	0.00274	0.00296	0.00522

[dist]
# distance from previous block
# <min> <max>
6	40

[block]
# block no. 6 follows, 69 sequences, length 33
# corresponding to MSA columns:
# 788-820
name=unknown_G
#
# <colnr> <probs for GDERKNQSTAVLIFYWHMCP>
#	G	D	E	R	K	N	Q	S	T	A	V	L	I	F	Y	W	H	M	C	P
0	0.06147	0.00759	0.00902	0.03438	0.01028	0.02300	0.02520	0.16697	0.12810	0.27864	0.13353	0.02929	0.02475	0.01777	0.00420	0.00125	0.00342	0.00443	0.00397	0.03276
1	0.03622	0.00700	0.01090	0.66958	0.02307	0.00849	0.00973	0.03254	0.04710	0.03654	0.00937	0.01242	0.04287	0.00447	0.00408	0.00132	0.01807	0.01960	0.00214	0.00451
2	0.68484	0.00919	0.05293	0.00611	0.00870	0.07170	0.00526	0.05731	0.00796	0.03384	0.02836	0.00746	0.00547	0.00388	0.00275	0.00120	0.00353	0.00245	0.00254	0.00452
3	0.01060	0.64668	0.13677	0.00764	0.01129	0.04098	0.00791	0.07886	0.00897	0.01097	0.00602	0.00685	0.00516	0.00354	0.00284	0.00093	0.00452	0.00234	0.00187	0.00526
4	0.07376	0.03973	0.05573	0.00838	0.01057	0.31814	0.00688	0.12354	0.09617	0.01342	0.02804	0.04980	0.07249	0.00560	0.00408	0.00121	0.02766	0.05714	0.00282	0.00483
5	0.73295	0.00827	0.00657	0.00578	0.00823	0.04607	0.00471	0.05343	0.05329	0.04133	0.00656	0.00721	0.00499	0.00384	0.00268	0.00121	0.00329	0.00239	0.00264	0.00456
6	0.00517	0.00413	0.00468	0.00496	0.00590	0.00383	0.00355	0.00695	0.07930	0.01109	0.06570	0.36482	0.40492	0.01039	0.00473	0.00143	0.00219	0.00904	0.00370	0.00353
7	0.00779	0.00737	0.01246	0.71205	0.16470	0.00881	0.01108	0.01036	0.00802	0.01049	0.00704	0.01032	0.00539	0.00385	0.00391	0.00128	0.00513	0.00349	0.00178	0.00467
8	0.00580	0.00422	0.00538	0.00534	0.00570	0.00458	0.00366	0.00672	0.03002	0.00873	0.02266	0.06052	0.03521	0.44634	0.30666	0.00433	0.03329	0.00541	0.00242	0.00302
9	0.00787	0.00765	0.01196	0.76749	0.07127	0.04786	0.01080	0.01039	0.00805	0.01015	0.00695	0.01025	0.00527	0.00390	0.00390	0.00128	0.00528	0.00344	0.00177	0.00447
10	0.00879	0.07652	0.71082	0.01064	0.01597	0.04849	0.01325	0.01282	0.00852	0.04879	0.00726	0.00831	0.00518	0.00376	0.00364	0.00120	0.00564	0.00287	0.00182	0.00572
11	0.01270	0.00651	0.00766	0.00633	0.00864	0.05018	0.00504	0.01457	0.04889	0.46611	0.12200	0.03849	0.16297	0.00627	0.00413	0.00122	0.00306	0.00519	0.00429	0.02573
12	0.00766	0.00723	0.01222	0.76063	0.11717	0.00878	0.01101	0.01024	0.00796	0.01033	0.00701	0.01037	0.00534	0.00387	0.00392	0.00129	0.00516	0.00349	0.00176	0.00456
13	0.00891	0.01601	0.55006	0.01007	0.01466	0.00898	0.02896	0.11593	0.07256	0.03505	0.00997	0.01084	0.04493	0.00566	0.04896	0.00152	0.00543	0.00348	0.00233	0.00571
14	0.19055	0.01634	0.56705	0.00959	0.01430	0.00925	0.01142	0.05630	0.06548	0.01442	0.00746	0.00838	0.00539	0.00387	0.00349	0.00124	0.00496	0.00288	0.00210	0.00555
15	0.00999	0.02515	0.01311	0.05571	0.06599	0.18542	0.19092	0.02694	0.00924	0.01207	0.00704	0.00867	0.00568	0.00337	0.00355	0.00093	0.00491	0.00304	0.00214	0.36614
16	0.50840	0.00854	0.02345	0.00651	0.00909	0.04580	0.00545	0.13711	0.02634	0.13244	0.00864	0.01029	0.00667	0.00445	0.00315	0.00124	0.00354	0.05081	0.00306	0.00500
17	0.00492	0.00394	0.00440	0.00438	0.00550	0.00342	0.00325	0.00614	0.00946	0.01207	0.27551	0.10387	0.53024	0.00955	0.00466	0.00132	0.00197	0.00816	0.00384	0.00342
18	0.00770	0.00536	0.00649	0.00581	0.00725	0.00535	0.00448	0.06086	0.14453	0.07914	0.56988	0.02467	0.04831	0.00718	0.00443	0.00125	0.00232	0.00623	0.00426	0.00451
19	0.00600	0.00439	0.00579	0.00632	0.00714	0.00430	0.00499	0.02184	0.04354	0.01214	0.13613	0.32313	0.02470	0.01043	0.00502	0.00159	0.00287	0.35348	0.00371	0.02248
20	0.00804	0.00762	0.01290	0.62421	0.25064	0.00888	0.01120	0.01057	0.00814	0.01079	0.00708	0.01025	0.00550	0.00380	0.00391	0.00127	0.00507	0.00349	0.00180	0.00487
21	0.01048	0.86458	0.02054	0.00671	0.01006	0.01551	0.00671	0.01174	0.00797	0.00922	0.00545	0.00629	0.00503	0.00335	0.00252	0.00084	0.00419	0.00210	0.00168	0.00503
22	0.00484	0.00346	0.00457	0.00537	0.00565	0.00323	0.00360	0.00557	0.00769	0.01027	0.06535	0.77917	0.04284	0.03158	0.00532	0.00162	0.00228	0.01074	0.00365	0.00320
23	0.00482	0.00346	0.00458	0.00547	0.00575	0.00323	0.00370	0.00554	0.00759	0.01008	0.02213	0.81065	0.05023	0.01217	0.00500	0.00159	0.00231	0.03487	0.00364	0.00320
24	0.30367	0.00948	0.06435	0.03907	0.01011	0.12267	0.00611	0.06063	0.03106	0.17112	0.00945	0.05178	0.00765	0.05674	0.02654	0.00151	0.01678	0.00350	0.00292	0.00487
25	0.01554	0.00665	0.00875	0.00687	0.00960	0.00603	0.00561	0.07153	0.03688	0.64875	0.12622	0.01528	0.01327	0.00529	0.00403	0.00122	0.00319	0.00436	0.00469	0.00625
26	0.00490	0.00363	0.00460	0.00533	0.00584	0.00334	0.00377	0.00575	0.00794	0.01029	0.02515	0.61675	0.18761	0.01167	0.00497	0.00156	0.00235	0.08768	0.00364	0.00325
27	0.00800	0.06548	0.79794	0.01093	0.01660	0.00945	0.01407	0.01238	0.00826	0.01224	0.00695	0.00817	0.00497	0.00370	0.00366	0.00122	0.00571	0.00285	0.00166	0.00575
28	0.12123	0.16720	0.10225	0.01978	0.11642	0.36410	0.00836	0.02896	0.00947	0.01152	0.00621	0.00740	0.00512	0.00380	0.00339	0.00106	0.01415	0.00260	0.00199	0.00498
29	0.00814	0.02835	0.34432	0.31806	0.18268	0.00914	0.03176	0.01146	0.00826	0.01157	0.00707	0.00936	0.00533	0.00373	0.00383	0.00124	0.00535	0.00325	0.00175	0.00533
30	0.00772	0.00731	0.01222	0.71639	0.11381	0.00896	0.01088	0.01020	0.00785	0.01029	0.00691	0.01027	0.00533	0.00404	0.00441	0.00131	0.05230	0.00348	0.00176	0.00455
31	0.00678	0.00533	0.00661	0.04024	0.02698	0.04250	0.00564	0.00845	0.00953	0.03629	0.21493	0.03412	0.13814	0.00901	0.00510	0.00151	0.02611	0.37532	0.00358	0.00383
32	0.79142	0.00830	0.00617	0.00552	0.00788	0.06711	0.00448	0.02382	0.00720	0.01706	0.00576	0.00669	0.00450	0.00371	0.00253	0.00119	0.00330	0.00221	0.02686	0.00429

[dist]
# distance from previous block
# <min> <max>
0	2

[block]
# block no. 7 follows, 69 sequences, length 14
# corresponding to MSA columns:
# 823-836
name=unknown_H
#
# <colnr> <probs for GDERKNQSTAVLIFYWHMCP>
#	G	D	E	R	K	N	Q	S	T	A	V	L	I	F	Y	W	H	M	C	P
0	0.00718	0.00527	0.00632	0.00576	0.00713	0.00533	0.00441	0.02966	0.19626	0.05027	0.56661	0.02518	0.06039	0.00727	0.00444	0.00126	0.00226	0.00632	0.00423	0.00444
1	0.01118	0.07529	0.16035	0.05338	0.07424	0.14580	0.12795	0.12270	0.03387	0.06785	0.00787	0.00918	0.00599	0.00422	0.00464	0.00122	0.08307	0.00335	0.00238	0.00547
2	0.01224	0.01297	0.03599	0.04521	0.28426	0.34117	0.00910	0.02837	0.08726	0.07890	0.00829	0.00938	0.00649	0.00409	0.00391	0.00114	0.02012	0.00322	0.00241	0.00548
3	0.01192	0.00623	0.00769	0.00643	0.00866	0.00596	0.00512	0.03424	0.17039	0.38846	0.19051	0.01977	0.11497	0.00621	0.00418	0.00125	0.00284	0.00521	0.00440	0.00555
4	0.00495	0.00386	0.00451	0.00475	0.00567	0.00342	0.00349	0.00608	0.00899	0.01153	0.19437	0.25879	0.41051	0.01023	0.00478	0.00140	0.00213	0.05340	0.00377	0.00337
5	0.00845	0.00621	0.00739	0.00645	0.00822	0.00627	0.02653	0.11071	0.17731	0.07406	0.22246	0.08350	0.14220	0.04325	0.00497	0.00137	0.00285	0.01789	0.00384	0.04606
6	0.00970	0.00931	0.01591	0.02406	0.83777	0.00931	0.01203	0.01203	0.00893	0.01281	0.00737	0.00970	0.00621	0.00349	0.00388	0.00116	0.00466	0.00349	0.00194	0.00621
7	0.81664	0.00751	0.00604	0.00531	0.00779	0.00854	0.00437	0.01216	0.00705	0.08671	0.00630	0.00695	0.00470	0.00374	0.00255	0.00121	0.00306	0.00228	0.00263	0.00445
8	0.00567	0.00414	0.00617	0.00617	0.00681	0.00478	0.00473	0.00685	0.00621	0.00892	0.01036	0.01554	0.00978	0.05573	0.77325	0.05534	0.00989	0.00420	0.00209	0.00336
9	0.01669	0.00750	0.00954	0.00738	0.01038	0.00707	0.00607	0.15634	0.05821	0.65559	0.01446	0.01275	0.00931	0.00485	0.00394	0.00121	0.00349	0.00390	0.00465	0.00664
10	0.00845	0.00804	0.01365	0.47598	0.39565	0.00899	0.01141	0.01093	0.00833	0.01129	0.00715	0.01011	0.00567	0.00373	0.00390	0.00124	0.00497	0.00349	0.00183	0.00520
11	0.00522	0.00377	0.00462	0.00514	0.00586	0.00340	0.00367	0.00611	0.00819	0.03535	0.02730	0.50833	0.29073	0.01119	0.00488	0.00151	0.00230	0.06542	0.00367	0.00336
12	0.00856	0.00838	0.01309	0.53380	0.29304	0.05487	0.01108	0.01099	0.00838	0.01091	0.00705	0.01002	0.00554	0.00379	0.00389	0.00124	0.00514	0.00343	0.00182	0.00498
13	0.01077	0.80607	0.01989	0.00694	0.01020	0.07299	0.00677	0.01201	0.00818	0.00925	0.00549	0.00634	0.00503	0.00340	0.00259	0.00085	0.00439	0.00213	0.00170	0.00500

[dist]
# distance from previous block
# <min> <max>
0	0

# created by:
# /st0/software/busco_prod/Augustus/scripts/msa2prfl.pl ./align_prep/30752.fa
