[name]
unknown

[dist]
# distance from previous block
# <min> <max>
0	11

[block]
# block no. 0 follows, 66 sequences, length 7
# corresponding to MSA columns:
# 11-17
name=unknown_A
#
# <colnr> <probs for GDERKNQSTAVLIFYWHMCP>
#	G	D	E	R	K	N	Q	S	T	A	V	L	I	F	Y	W	H	M	C	P
0	0.00902	0.29347	0.01203	0.00731	0.00931	0.03141	0.00649	0.09335	0.00997	0.01258	0.04835	0.06094	0.01561	0.02974	0.00472	0.00146	0.00398	0.34267	0.00305	0.00454
1	0.00684	0.00511	0.00626	0.00604	0.03421	0.00471	0.00441	0.04160	0.01019	0.04848	0.30097	0.07761	0.26929	0.03104	0.00522	0.00136	0.02362	0.03343	0.00380	0.08580
2	0.01127	0.04665	0.04690	0.07381	0.07453	0.18112	0.09655	0.10575	0.09089	0.05264	0.02609	0.06125	0.00859	0.00481	0.00420	0.00120	0.02488	0.00402	0.00276	0.08210
3	0.00557	0.00431	0.00512	0.00501	0.00609	0.00397	0.00372	0.00757	0.05394	0.01389	0.43614	0.12888	0.29225	0.00930	0.00480	0.00136	0.00208	0.00808	0.00414	0.00377
4	0.00865	0.06804	0.09844	0.00901	0.03592	0.07457	0.09510	0.06525	0.04463	0.01188	0.02853	0.07155	0.02511	0.15555	0.13186	0.00250	0.03254	0.00471	0.00251	0.03365
5	0.00518	0.00411	0.00457	0.00447	0.00561	0.00359	0.00330	0.00645	0.00979	0.01256	0.30568	0.03532	0.51214	0.06242	0.00578	0.00150	0.00212	0.00798	0.00392	0.00350
6	0.00945	0.03913	0.08489	0.04402	0.03148	0.03667	0.03757	0.08221	0.37752	0.01564	0.10516	0.04295	0.06409	0.00584	0.00420	0.00132	0.00377	0.00493	0.00353	0.00564

[dist]
# distance from previous block
# <min> <max>
3	6

[block]
# block no. 1 follows, 66 sequences, length 44
# corresponding to MSA columns:
# 25-35,39-71
name=unknown_B
#
# <colnr> <probs for GDERKNQSTAVLIFYWHMCP>
#	G	D	E	R	K	N	Q	S	T	A	V	L	I	F	Y	W	H	M	C	P
0	0.00916	0.00636	0.00727	0.00641	0.00819	0.00678	0.03598	0.05857	0.29115	0.05305	0.07655	0.01689	0.05212	0.00550	0.00372	0.00118	0.00276	0.00460	0.34869	0.00506
1	0.03004	0.01243	0.04363	0.02596	0.01285	0.12175	0.00798	0.59611	0.03542	0.04089	0.00927	0.00954	0.00670	0.00477	0.00418	0.00122	0.02375	0.00349	0.00361	0.00642
2	0.02662	0.02697	0.00923	0.00772	0.02112	0.00887	0.00603	0.28374	0.22310	0.03648	0.12956	0.08703	0.06956	0.00640	0.00422	0.00128	0.00334	0.00530	0.00394	0.03947
3	0.00919	0.02539	0.39091	0.04928	0.01521	0.02169	0.08381	0.08705	0.13014	0.02698	0.10957	0.01265	0.01060	0.00472	0.00411	0.00129	0.00496	0.00401	0.00271	0.00574
4	0.00831	0.00779	0.01289	0.48366	0.28823	0.00882	0.01089	0.01105	0.03135	0.01164	0.02902	0.01232	0.03711	0.00492	0.02438	0.00143	0.00508	0.00393	0.00208	0.00511
5	0.00850	0.10943	0.27180	0.31904	0.05221	0.03282	0.01109	0.02457	0.02471	0.01149	0.00811	0.01160	0.00664	0.03612	0.02363	0.00149	0.00545	0.03424	0.00197	0.00509
6	0.00534	0.00404	0.00471	0.00474	0.00565	0.00366	0.00342	0.00634	0.00899	0.01162	0.22366	0.10935	0.38714	0.10877	0.03941	0.04015	0.00270	0.02333	0.00364	0.00334
7	0.01354	0.10571	0.01271	0.00956	0.06467	0.06984	0.00743	0.47913	0.01491	0.03891	0.00877	0.00924	0.00658	0.00434	0.00370	0.00108	0.00441	0.00326	0.01819	0.12404
8	0.00833	0.07772	0.02719	0.02225	0.04088	0.02334	0.04093	0.03958	0.06968	0.01306	0.05209	0.17834	0.01277	0.00588	0.00387	0.00108	0.00345	0.03454	0.00289	0.34212
9	0.12084	0.10524	0.08646	0.01082	0.01408	0.17755	0.21562	0.09086	0.04673	0.05030	0.00825	0.00993	0.00645	0.00419	0.00397	0.00123	0.01826	0.02131	0.00250	0.00539
10	0.00703	0.00449	0.00564	0.00552	0.00628	0.00444	0.00393	0.03764	0.07839	0.02771	0.05582	0.13239	0.19015	0.01153	0.00981	0.40419	0.00298	0.00598	0.00295	0.00313
11	0.05237	0.13866	0.02844	0.02775	0.04574	0.04331	0.00728	0.24118	0.32043	0.01752	0.01186	0.01171	0.02660	0.00485	0.00379	0.00123	0.00403	0.00377	0.00340	0.00609
12	0.00568	0.00370	0.00491	0.00532	0.00574	0.00350	0.00368	0.00594	0.00765	0.01021	0.09403	0.39563	0.12129	0.01252	0.02547	0.23937	0.00279	0.02494	0.02464	0.00297
13	0.07853	0.10153	0.10864	0.01023	0.10121	0.08711	0.02178	0.13528	0.04744	0.11316	0.05750	0.04380	0.00926	0.00488	0.00414	0.00121	0.03619	0.00380	0.00297	0.03135
14	0.00850	0.06188	0.17509	0.01130	0.01419	0.00933	0.25638	0.01136	0.03705	0.02479	0.00886	0.02836	0.00763	0.05859	0.14393	0.00238	0.12912	0.00421	0.00213	0.00494
15	0.00526	0.00370	0.00464	0.00526	0.00549	0.00352	0.00341	0.00579	0.00730	0.00968	0.02024	0.55499	0.05620	0.26555	0.00981	0.00233	0.00285	0.02756	0.00337	0.00306
16	0.06639	0.00738	0.01066	0.06032	0.32517	0.00759	0.02181	0.04465	0.04956	0.07287	0.03029	0.02300	0.00895	0.00443	0.00365	0.00117	0.00366	0.00386	0.24920	0.00538
17	0.01061	0.07271	0.22022	0.03366	0.11013	0.05145	0.21277	0.11744	0.02978	0.04620	0.00858	0.01005	0.01563	0.00413	0.00444	0.00127	0.03901	0.00371	0.00237	0.00583
18	0.00909	0.00871	0.01500	0.29734	0.51069	0.00928	0.04285	0.01159	0.00884	0.01220	0.00792	0.03390	0.00665	0.00401	0.00409	0.00127	0.00502	0.00388	0.00199	0.00566
19	0.00505	0.00370	0.00477	0.00558	0.00603	0.00342	0.00389	0.00590	0.00810	0.01059	0.02492	0.67484	0.13921	0.01225	0.00516	0.00163	0.00242	0.07541	0.00376	0.00335
20	0.00875	0.01340	0.35461	0.01001	0.03292	0.05249	0.02826	0.10345	0.02522	0.01306	0.00878	0.01118	0.00712	0.01248	0.26774	0.00293	0.03656	0.00358	0.00221	0.00524
21	0.01832	0.02231	0.17259	0.02863	0.01348	0.00798	0.17443	0.05561	0.06834	0.09765	0.01169	0.14527	0.01039	0.03906	0.00504	0.00140	0.02120	0.00504	0.00286	0.09870
22	0.00514	0.00395	0.00449	0.00466	0.00554	0.00352	0.00329	0.00597	0.00860	0.01084	0.10853	0.20789	0.45414	0.09192	0.02098	0.04265	0.00250	0.00851	0.00359	0.00327
23	0.01082	0.00908	0.00959	0.00840	0.01083	0.01043	0.00660	0.13101	0.71413	0.01815	0.01558	0.01440	0.01163	0.00542	0.00412	0.00135	0.00338	0.00446	0.00412	0.00649
24	0.88607	0.00785	0.00596	0.00534	0.00785	0.00910	0.00439	0.01193	0.00690	0.01820	0.00565	0.00659	0.00439	0.00377	0.00251	0.00126	0.00314	0.00220	0.00251	0.00439
25	0.00529	0.00413	0.00479	0.00463	0.00578	0.00363	0.00347	0.00677	0.01041	0.01371	0.45007	0.03451	0.41978	0.00925	0.00479	0.00132	0.00198	0.00793	0.00413	0.00363
26	0.00971	0.12498	0.19546	0.02687	0.02548	0.00870	0.02005	0.11358	0.02367	0.05873	0.01838	0.11079	0.00898	0.00491	0.00370	0.00109	0.00411	0.00402	0.00270	0.23409
27	0.00847	0.00732	0.02837	0.00620	0.00948	0.00567	0.00507	0.02636	0.04552	0.02656	0.09725	0.01128	0.00991	0.00380	0.00330	0.00075	0.00299	0.00312	0.01284	0.68574
28	0.01137	0.05089	0.18152	0.06515	0.09972	0.07320	0.14499	0.14395	0.02591	0.09611	0.00925	0.01038	0.01583	0.00415	0.00399	0.00122	0.00523	0.00364	0.02106	0.03244
29	0.01103	0.57837	0.03617	0.01928	0.02926	0.07516	0.02149	0.08667	0.00936	0.01124	0.00665	0.00810	0.00589	0.02246	0.05184	0.00134	0.01575	0.00267	0.00203	0.00521
30	0.00774	0.00716	0.01343	0.01129	0.01348	0.00688	0.32772	0.01022	0.00943	0.01248	0.01622	0.03197	0.01654	0.00812	0.00528	0.00167	0.00497	0.48791	0.00307	0.00442
31	0.00914	0.02897	0.10832	0.14348	0.28887	0.00909	0.11679	0.01265	0.08599	0.03713	0.01833	0.04163	0.04079	0.00475	0.00434	0.00131	0.01781	0.02259	0.00242	0.00560
32	0.00499	0.00365	0.00463	0.00536	0.00577	0.00336	0.00362	0.00575	0.00804	0.01055	0.05238	0.67458	0.14430	0.04549	0.00572	0.00168	0.00236	0.01073	0.00374	0.00330
33	0.00853	0.00796	0.05036	0.05926	0.01152	0.03202	0.10397	0.05538	0.14588	0.03190	0.18137	0.08158	0.03068	0.00792	0.03829	0.06213	0.07800	0.00536	0.00317	0.00472
34	0.00553	0.00419	0.00527	0.00542	0.00606	0.00415	0.00390	0.00657	0.00844	0.01133	0.18605	0.27657	0.18640	0.11940	0.08169	0.00224	0.04463	0.02663	0.01212	0.00342
35	0.00850	0.02659	0.15080	0.02869	0.08493	0.06265	0.02731	0.03865	0.05787	0.04326	0.01178	0.01545	0.05284	0.09717	0.24138	0.02242	0.00650	0.01604	0.00247	0.00469
36	0.09305	0.05728	0.02405	0.05252	0.05546	0.02594	0.00585	0.06065	0.07909	0.02692	0.02162	0.06343	0.03066	0.15506	0.03333	0.00181	0.03730	0.00432	0.02206	0.14961
37	0.07379	0.06913	0.04877	0.06257	0.03684	0.14476	0.09789	0.06952	0.09559	0.09641	0.02404	0.02774	0.07041	0.00530	0.01745	0.00129	0.00477	0.00403	0.00291	0.04678
38	0.03743	0.19972	0.02487	0.05623	0.05115	0.09618	0.04258	0.09633	0.06843	0.09890	0.01017	0.03176	0.02589	0.00586	0.03927	0.00139	0.03687	0.02313	0.00278	0.05107
39	0.31843	0.09318	0.03434	0.02071	0.04117	0.09039	0.05723	0.07150	0.10917	0.03826	0.02246	0.00977	0.00707	0.02088	0.02985	0.00144	0.02312	0.00320	0.00270	0.00512
40	0.04953	0.05552	0.02412	0.04065	0.10286	0.09833	0.00769	0.26317	0.12283	0.06187	0.01010	0.04405	0.00801	0.00482	0.00406	0.00120	0.02372	0.00376	0.00319	0.07054
41	0.01163	0.04296	0.09202	0.01136	0.14596	0.16539	0.00840	0.15999	0.09110	0.06226	0.05976	0.02841	0.02713	0.00509	0.00401	0.00121	0.00469	0.03476	0.00304	0.04082
42	0.07992	0.04996	0.27299	0.04784	0.13216	0.02125	0.07437	0.03983	0.04144	0.02765	0.04042	0.08998	0.00940	0.00508	0.00420	0.00130	0.02340	0.01772	0.00243	0.01866
43	0.01733	0.00891	0.09843	0.13538	0.10296	0.04826	0.02666	0.01981	0.13293	0.03017	0.03754	0.02787	0.08355	0.05597	0.11987	0.00214	0.00524	0.00452	0.00269	0.03976

[dist]
# distance from previous block
# <min> <max>
6	25

[block]
# block no. 2 follows, 66 sequences, length 25
# corresponding to MSA columns:
# 101-125
name=unknown_C
#
# <colnr> <probs for GDERKNQSTAVLIFYWHMCP>
#	G	D	E	R	K	N	Q	S	T	A	V	L	I	F	Y	W	H	M	C	P
0	0.00722	0.08378	0.04585	0.00724	0.04221	0.02178	0.03009	0.00878	0.04117	0.03303	0.02782	0.22815	0.04080	0.21885	0.09400	0.00253	0.00441	0.03500	0.00287	0.02442
1	0.12683	0.03302	0.06253	0.00925	0.06298	0.18373	0.05780	0.02272	0.03240	0.06988	0.02584	0.10574	0.05406	0.06855	0.00548	0.00147	0.03453	0.01451	0.00275	0.02594
2	0.07851	0.01848	0.02921	0.00675	0.04496	0.03862	0.00499	0.06630	0.02626	0.01323	0.08424	0.19388	0.24576	0.01829	0.02847	0.00147	0.00322	0.00670	0.00333	0.08732
3	0.06990	0.02335	0.08930	0.05138	0.08525	0.00829	0.11798	0.05714	0.09051	0.12420	0.09360	0.03343	0.04020	0.02014	0.02345	0.00145	0.03267	0.00450	0.00309	0.03016
4	0.09241	0.02125	0.12464	0.00850	0.02494	0.03204	0.03256	0.12116	0.07627	0.08414	0.00885	0.00971	0.00675	0.01326	0.00429	0.00111	0.05465	0.00316	0.00283	0.27750
5	0.03554	0.00610	0.02214	0.00719	0.03737	0.02302	0.01702	0.05104	0.03170	0.03519	0.12723	0.07566	0.04203	0.10690	0.27666	0.00325	0.02975	0.00523	0.00292	0.06405
6	0.03269	0.03521	0.03695	0.03772	0.01103	0.02107	0.01983	0.28058	0.13508	0.09920	0.09339	0.06365	0.03104	0.01925	0.00455	0.00133	0.01745	0.02236	0.03196	0.00568
7	0.00872	0.00836	0.05509	0.45889	0.07317	0.00884	0.05141	0.08449	0.06020	0.02832	0.03332	0.03695	0.03258	0.00540	0.02205	0.00145	0.00502	0.01826	0.00246	0.00502
8	0.00503	0.00404	0.00449	0.00455	0.00567	0.00350	0.00334	0.00621	0.00954	0.01206	0.21410	0.15059	0.54231	0.01017	0.00485	0.00139	0.00207	0.00870	0.00392	0.00350
9	0.00886	0.04845	0.04355	0.03254	0.04775	0.01007	0.10087	0.05302	0.03070	0.02567	0.10855	0.02894	0.05797	0.00643	0.00820	0.00150	0.36681	0.01279	0.00254	0.00480
10	0.00592	0.00422	0.00530	0.00498	0.00608	0.00382	0.00375	0.00767	0.01108	0.03848	0.66426	0.03142	0.18075	0.00856	0.00477	0.00129	0.00198	0.00747	0.00436	0.00384
11	0.00863	0.04218	0.16588	0.00876	0.02404	0.07870	0.06483	0.04880	0.15457	0.01363	0.11639	0.04960	0.14657	0.02537	0.00485	0.00137	0.02344	0.01428	0.00310	0.00502
12	0.01131	0.77005	0.02022	0.00732	0.01064	0.10421	0.00704	0.01258	0.00859	0.00959	0.00571	0.00659	0.00521	0.00355	0.00272	0.00089	0.00466	0.00222	0.00177	0.00515
13	0.01017	0.00817	0.00851	0.00754	0.00964	0.05158	0.00588	0.11702	0.39132	0.06544	0.10509	0.07421	0.07916	0.00656	0.00430	0.00133	0.00332	0.02310	0.00401	0.02365
14	0.01309	0.15390	0.01315	0.14582	0.01464	0.52270	0.00820	0.03813	0.03462	0.01060	0.00672	0.00805	0.00551	0.00410	0.00358	0.00108	0.00632	0.00279	0.00210	0.00487
15	0.08590	0.00971	0.13095	0.00884	0.05599	0.00744	0.05235	0.07040	0.03747	0.12881	0.02190	0.04038	0.02079	0.00429	0.00364	0.00105	0.00389	0.00356	0.00291	0.30976
16	0.07828	0.18078	0.13216	0.04017	0.06456	0.25025	0.02306	0.05191	0.02491	0.01209	0.00692	0.00852	0.00574	0.02163	0.01500	0.00126	0.05212	0.00291	0.00211	0.02563
17	0.03466	0.04171	0.04181	0.00899	0.01214	0.04117	0.00763	0.62595	0.04079	0.04060	0.01086	0.01152	0.03134	0.00509	0.00402	0.00123	0.00444	0.02579	0.00379	0.00647
18	0.02763	0.10030	0.12478	0.03758	0.02717	0.00717	0.03277	0.03409	0.04679	0.08369	0.14927	0.13075	0.14838	0.00711	0.00429	0.00132	0.00351	0.02534	0.00332	0.00476
19	0.00956	0.02746	0.05573	0.05669	0.01013	0.00637	0.02232	0.03669	0.12049	0.18698	0.16312	0.15226	0.06456	0.03076	0.00491	0.00144	0.00330	0.03837	0.00386	0.00500
20	0.03669	0.03453	0.04746	0.03359	0.05184	0.40762	0.03822	0.07585	0.01065	0.05313	0.00873	0.08755	0.00779	0.00574	0.02243	0.00133	0.06553	0.00385	0.00250	0.00498
21	0.02652	0.10019	0.16532	0.02672	0.02940	0.05612	0.34436	0.03243	0.01794	0.06857	0.00936	0.06532	0.00775	0.00450	0.00432	0.00130	0.01432	0.01776	0.00237	0.00544
22	0.03645	0.02905	0.00537	0.00564	0.00614	0.00407	0.00393	0.00623	0.00763	0.01046	0.02070	0.65558	0.05922	0.04390	0.08342	0.00213	0.00328	0.00992	0.00347	0.00340
23	0.01160	0.03021	0.12921	0.05470	0.12532	0.09926	0.07360	0.06951	0.05921	0.17865	0.03585	0.04898	0.03849	0.00512	0.00414	0.00127	0.00473	0.02135	0.00308	0.00573
24	0.08802	0.13672	0.11964	0.07765	0.07210	0.13555	0.10171	0.07794	0.05530	0.04919	0.00797	0.00938	0.00621	0.01448	0.00420	0.00124	0.03160	0.00329	0.00239	0.00544

[dist]
# distance from previous block
# <min> <max>
0	22

[block]
# block no. 3 follows, 66 sequences, length 38
# corresponding to MSA columns:
# 148-185
name=unknown_D
#
# <colnr> <probs for GDERKNQSTAVLIFYWHMCP>
#	G	D	E	R	K	N	Q	S	T	A	V	L	I	F	Y	W	H	M	C	P
0	0.12987	0.18815	0.09765	0.00834	0.06242	0.04374	0.00696	0.06458	0.06757	0.02738	0.10834	0.01290	0.01085	0.08570	0.00535	0.00141	0.02521	0.00370	0.00268	0.04719
1	0.04729	0.03204	0.13147	0.00967	0.08663	0.00785	0.06094	0.09238	0.03781	0.09245	0.10973	0.02858	0.06376	0.01816	0.03005	0.00139	0.02311	0.00437	0.00304	0.11928
2	0.10697	0.00972	0.12059	0.04693	0.09912	0.02352	0.02016	0.12270	0.06793	0.13970	0.03345	0.07723	0.01036	0.03465	0.01505	0.00148	0.02642	0.03531	0.00318	0.00552
3	0.00598	0.00459	0.02518	0.00544	0.00585	0.00445	0.02396	0.00653	0.00628	0.00857	0.01256	0.06215	0.01385	0.59299	0.20077	0.00427	0.00552	0.00572	0.00243	0.00292
4	0.07219	0.03206	0.17824	0.03830	0.14984	0.03157	0.15060	0.02595	0.08525	0.01402	0.12632	0.01284	0.01096	0.00472	0.00458	0.00130	0.04914	0.00415	0.00255	0.00542
5	0.00528	0.00387	0.00505	0.00580	0.00635	0.00366	0.00424	0.00627	0.00819	0.01071	0.02416	0.54040	0.13620	0.02543	0.04005	0.00189	0.00295	0.16244	0.00368	0.00340
6	0.01339	0.06198	0.03559	0.00923	0.03804	0.01144	0.00753	0.55475	0.07775	0.02153	0.00980	0.02423	0.00739	0.00469	0.00387	0.00115	0.00421	0.00361	0.00360	0.10625
7	0.00878	0.20763	0.54307	0.01110	0.04743	0.01072	0.05429	0.01241	0.00856	0.01205	0.00762	0.03230	0.00615	0.00410	0.00369	0.00121	0.00549	0.01586	0.00184	0.00570
8	0.00951	0.10087	0.60565	0.01125	0.04802	0.03001	0.01297	0.06612	0.02560	0.04220	0.00776	0.00878	0.00563	0.00396	0.00376	0.00123	0.00557	0.00304	0.00205	0.00600
9	0.01009	0.34675	0.31842	0.01035	0.04618	0.03203	0.08313	0.01309	0.02526	0.05386	0.02151	0.00878	0.00628	0.00383	0.00348	0.00112	0.00515	0.00301	0.00204	0.00564
10	0.00580	0.00435	0.00652	0.00652	0.00724	0.00507	0.00507	0.00724	0.00652	0.00942	0.01087	0.01594	0.01014	0.03043	0.84134	0.00652	0.01087	0.00435	0.00217	0.00362
11	0.01196	0.07810	0.21028	0.02917	0.09867	0.03892	0.10259	0.07175	0.01040	0.23278	0.02678	0.05222	0.00856	0.00467	0.00404	0.00125	0.00483	0.00404	0.00301	0.00597
12	0.02389	0.01069	0.01518	0.12780	0.31535	0.09355	0.13336	0.14873	0.06454	0.01488	0.00844	0.01024	0.00657	0.00404	0.00410	0.00125	0.00527	0.00374	0.00249	0.00590
13	0.00776	0.00721	0.01208	0.70320	0.10216	0.00869	0.01094	0.01034	0.00828	0.01074	0.00841	0.03327	0.00702	0.00462	0.00417	0.00137	0.00519	0.04799	0.00198	0.00462
14	0.02697	0.11448	0.02702	0.04507	0.09388	0.07445	0.12621	0.20218	0.09524	0.10826	0.00982	0.01076	0.00738	0.00436	0.00393	0.00120	0.00480	0.01356	0.00305	0.02739
15	0.02434	0.57584	0.03853	0.00839	0.01161	0.20877	0.04704	0.02541	0.00922	0.01025	0.00602	0.00702	0.00527	0.00367	0.00301	0.00095	0.00518	0.00244	0.00188	0.00513
16	0.01317	0.01024	0.01091	0.00888	0.01172	0.01153	0.00717	0.48177	0.35956	0.02194	0.01260	0.01202	0.00922	0.00514	0.00409	0.00128	0.00393	0.00405	0.00409	0.00670
17	0.00630	0.00427	0.00555	0.00518	0.00624	0.00390	0.00390	0.00813	0.01130	0.05650	0.73531	0.05053	0.07077	0.00833	0.00476	0.00129	0.00201	0.00733	0.00445	0.00395
18	0.00543	0.00415	0.00590	0.10241	0.02861	0.00417	0.00487	0.00643	0.00783	0.01040	0.02012	0.68474	0.03416	0.02577	0.02182	0.00174	0.00297	0.02152	0.00345	0.00351
19	0.02581	0.02759	0.04854	0.16199	0.07878	0.09599	0.27426	0.05614	0.00999	0.12491	0.00866	0.01045	0.00639	0.00413	0.00466	0.00130	0.04854	0.00388	0.00249	0.00551
20	0.00699	0.00356	0.00534	0.00534	0.00538	0.00360	0.00360	0.00538	0.00534	0.00716	0.00723	0.01250	0.00719	0.01486	0.05450	0.84098	0.00387	0.00356	0.00178	0.00185
21	0.01004	0.00964	0.01647	0.02490	0.83211	0.00964	0.01245	0.01245	0.00924	0.01325	0.00763	0.01004	0.00643	0.00361	0.00402	0.00120	0.00482	0.00361	0.00201	0.00643
22	0.00934	0.00925	0.04461	0.16737	0.37910	0.00903	0.16190	0.02857	0.00935	0.03244	0.00984	0.01424	0.02437	0.00456	0.00433	0.00133	0.00515	0.07735	0.00228	0.00560
23	0.00946	0.13132	0.24664	0.14781	0.04810	0.03176	0.15131	0.01273	0.03751	0.06697	0.03040	0.01173	0.04793	0.00432	0.00397	0.00125	0.00524	0.00382	0.00229	0.00543
24	0.01262	0.01527	0.03838	0.01083	0.02505	0.50630	0.09779	0.02493	0.02204	0.02445	0.00894	0.04475	0.03965	0.00504	0.00494	0.00122	0.09641	0.00367	0.01292	0.00480
25	0.11050	0.01000	0.01605	0.07907	0.32115	0.05829	0.23010	0.02166	0.00899	0.01328	0.00745	0.00983	0.00600	0.00393	0.00466	0.00129	0.06501	0.00371	0.02354	0.00549
26	0.00518	0.00366	0.00491	0.00562	0.00595	0.00352	0.00383	0.00584	0.00758	0.01014	0.03354	0.65181	0.06150	0.02899	0.09269	0.05522	0.00331	0.01001	0.00347	0.00324
27	0.88607	0.00785	0.00596	0.00534	0.00785	0.00910	0.00439	0.01193	0.00690	0.01820	0.00565	0.00659	0.00439	0.00377	0.00251	0.00126	0.00314	0.00220	0.00251	0.00439
28	0.00905	0.04250	0.04427	0.56996	0.15813	0.00939	0.01101	0.04258	0.00893	0.05475	0.00778	0.01055	0.00586	0.00403	0.00399	0.00130	0.00515	0.00355	0.00209	0.00513
29	0.00585	0.00395	0.00461	0.00464	0.00471	0.00400	0.00272	0.00600	0.00603	0.00809	0.01301	0.05894	0.01486	0.75671	0.08632	0.00405	0.00443	0.00600	0.00249	0.00259
30	0.01261	0.51894	0.01734	0.00802	0.01116	0.16388	0.02942	0.03901	0.04239	0.11190	0.00766	0.00812	0.00617	0.00391	0.00314	0.00099	0.00480	0.00270	0.00238	0.00543
31	0.00936	0.00822	0.04635	0.00705	0.01061	0.00644	0.03817	0.06190	0.04758	0.05335	0.02903	0.00973	0.00734	0.00352	0.00333	0.00079	0.00339	0.00291	0.00272	0.64823
32	0.01089	0.09781	0.34060	0.03201	0.06281	0.08781	0.09855	0.08139	0.02959	0.09297	0.00900	0.00993	0.02025	0.00414	0.00389	0.00122	0.00546	0.00342	0.00242	0.00586
33	0.02831	0.04521	0.00798	0.00668	0.00792	0.00600	0.04452	0.02348	0.02401	0.06092	0.04032	0.04083	0.04452	0.16706	0.39134	0.00414	0.02101	0.00487	0.00264	0.02824
34	0.03026	0.02350	0.11693	0.13090	0.10451	0.07418	0.19977	0.05538	0.06610	0.01320	0.03327	0.06283	0.04699	0.00495	0.00439	0.00132	0.01921	0.00456	0.00248	0.00527
35	0.04468	0.06516	0.04769	0.06545	0.12332	0.00925	0.07472	0.18512	0.03971	0.19072	0.03152	0.06409	0.00927	0.00494	0.00402	0.00125	0.00429	0.00424	0.00332	0.02725
36	0.02480	0.00997	0.04324	0.14559	0.33006	0.06803	0.12984	0.03445	0.04076	0.03237	0.00917	0.07427	0.00791	0.00463	0.00442	0.00130	0.02700	0.00432	0.00232	0.00555
37	0.02885	0.04254	0.01282	0.11204	0.20336	0.00773	0.14752	0.01000	0.00870	0.01206	0.04128	0.21774	0.01358	0.00669	0.00470	0.00140	0.02500	0.07228	0.00265	0.02906

[dist]
# distance from previous block
# <min> <max>
4	16

[block]
# block no. 4 follows, 66 sequences, length 7
# corresponding to MSA columns:
# 205-211
name=unknown_E
#
# <colnr> <probs for GDERKNQSTAVLIFYWHMCP>
#	G	D	E	R	K	N	Q	S	T	A	V	L	I	F	Y	W	H	M	C	P
0	0.01020	0.04408	0.19992	0.05333	0.06962	0.07027	0.07757	0.02983	0.03490	0.15243	0.03332	0.13171	0.06346	0.00586	0.00421	0.00131	0.00457	0.00508	0.00297	0.00537
1	0.01055	0.09192	0.18158	0.02627	0.11682	0.03087	0.05938	0.09912	0.01023	0.12543	0.03258	0.05690	0.05523	0.00618	0.03450	0.00146	0.03351	0.01906	0.00284	0.00558
2	0.00992	0.00831	0.07579	0.09571	0.20676	0.00762	0.03342	0.03408	0.05698	0.14719	0.01348	0.11563	0.06096	0.00614	0.00505	0.03259	0.04382	0.00501	0.03618	0.00534
3	0.01250	0.03058	0.03980	0.03735	0.01015	0.00654	0.00610	0.10334	0.03055	0.37223	0.05608	0.17420	0.05272	0.00702	0.00437	0.00136	0.00342	0.04193	0.00418	0.00559
4	0.04156	0.01198	0.20810	0.09835	0.11177	0.05543	0.07460	0.10982	0.05838	0.09159	0.00915	0.01052	0.00679	0.00479	0.00464	0.05280	0.00495	0.00356	0.03561	0.00561
5	0.08746	0.04186	0.08233	0.06184	0.08672	0.08867	0.07388	0.19834	0.12317	0.06113	0.01009	0.04916	0.00796	0.00475	0.00393	0.00126	0.00470	0.00392	0.00302	0.00580
6	0.00583	0.00428	0.00530	0.00581	0.00650	0.00410	0.00422	0.05368	0.00880	0.01147	0.02404	0.49960	0.15811	0.06127	0.00602	0.00174	0.00273	0.12924	0.00370	0.00354

[dist]
# distance from previous block
# <min> <max>
0	2

[block]
# block no. 5 follows, 66 sequences, length 9
# corresponding to MSA columns:
# 214-222
name=unknown_F
#
# <colnr> <probs for GDERKNQSTAVLIFYWHMCP>
#	G	D	E	R	K	N	Q	S	T	A	V	L	I	F	Y	W	H	M	C	P
0	0.01092	0.02490	0.08285	0.06799	0.13575	0.02722	0.10828	0.09316	0.15078	0.11022	0.02769	0.01210	0.02049	0.00467	0.00461	0.00128	0.05406	0.00400	0.02562	0.03341
1	0.00556	0.00488	0.03943	0.00530	0.00652	0.00405	0.00419	0.00740	0.03449	0.01339	0.36758	0.16850	0.28413	0.00946	0.00482	0.00139	0.00229	0.02885	0.00399	0.00378
2	0.62065	0.07016	0.00833	0.00665	0.00913	0.20466	0.00538	0.01294	0.00808	0.01566	0.00579	0.00676	0.00465	0.00384	0.00279	0.00118	0.00420	0.00229	0.00236	0.00452
3	0.01046	0.09720	0.22423	0.04491	0.05886	0.00980	0.16497	0.14271	0.01070	0.08271	0.02445	0.07708	0.00875	0.00490	0.00413	0.00128	0.00505	0.01938	0.00270	0.00571
4	0.00846	0.04271	0.01247	0.72212	0.02541	0.00948	0.01069	0.04033	0.00855	0.03694	0.00744	0.01062	0.00560	0.00421	0.00437	0.00134	0.03902	0.00356	0.00198	0.00470
5	0.00737	0.00380	0.00385	0.00385	0.00469	0.00380	0.00279	0.00905	0.00821	0.01430	0.01318	0.01642	0.01089	0.10129	0.00485	0.00128	0.00212	0.00402	0.78057	0.00363
6	0.00977	0.00865	0.05531	0.39732	0.05304	0.00911	0.03061	0.19091	0.03391	0.04015	0.00997	0.03918	0.02396	0.00527	0.00463	0.03778	0.00478	0.02420	0.01631	0.00515
7	0.00631	0.00490	0.00583	0.00551	0.00673	0.00482	0.00415	0.00967	0.15084	0.01529	0.53012	0.06346	0.16018	0.00832	0.00469	0.00132	0.00218	0.00724	0.00427	0.00419
8	0.00838	0.02931	0.03053	0.04467	0.15062	0.05562	0.01748	0.05329	0.13517	0.01369	0.12145	0.07361	0.18448	0.00688	0.00453	0.00132	0.02040	0.02859	0.01506	0.00491

[dist]
# distance from previous block
# <min> <max>
0	14

[block]
# block no. 6 follows, 66 sequences, length 15
# corresponding to MSA columns:
# 240-254
name=unknown_G
#
# <colnr> <probs for GDERKNQSTAVLIFYWHMCP>
#	G	D	E	R	K	N	Q	S	T	A	V	L	I	F	Y	W	H	M	C	P
0	0.02697	0.01737	0.59160	0.01102	0.03587	0.00927	0.03437	0.06730	0.06025	0.01406	0.00833	0.02686	0.00627	0.00413	0.00385	0.00124	0.00536	0.00332	0.00215	0.07040
1	0.00795	0.00750	0.01268	0.74905	0.12433	0.00909	0.01141	0.01062	0.00825	0.01071	0.00726	0.01072	0.00553	0.00400	0.00405	0.00133	0.00534	0.00361	0.00183	0.00474
2	0.00778	0.00812	0.07211	0.60761	0.07429	0.00854	0.01057	0.03727	0.00864	0.01128	0.01034	0.05595	0.06101	0.00490	0.00415	0.00135	0.00500	0.00430	0.00212	0.00468
3	0.76805	0.00772	0.00643	0.00559	0.00819	0.00867	0.00461	0.01299	0.00754	0.12927	0.00706	0.00757	0.00516	0.00394	0.00272	0.00126	0.00318	0.00245	0.00285	0.00474
4	0.00772	0.00622	0.04038	0.00714	0.00864	0.00586	0.07822	0.01058	0.17379	0.03423	0.16204	0.03439	0.08986	0.00974	0.03625	0.26646	0.00363	0.00518	0.01569	0.00399
5	0.00508	0.00389	0.00467	0.00496	0.00578	0.00347	0.00354	0.00620	0.00921	0.01202	0.22602	0.36071	0.31830	0.01076	0.00494	0.00146	0.00214	0.00944	0.00394	0.00347
6	0.00921	0.00783	0.01308	0.55467	0.24155	0.00892	0.01112	0.01174	0.00872	0.08265	0.00809	0.01087	0.00608	0.00402	0.00405	0.00130	0.00508	0.00365	0.00214	0.00523
7	0.00612	0.00443	0.00604	0.00595	0.00653	0.00495	0.00434	0.03176	0.00671	0.00943	0.01143	0.01906	0.01148	0.28757	0.55964	0.00555	0.00851	0.00481	0.00232	0.00336
8	0.00555	0.00427	0.00510	0.00491	0.00602	0.00390	0.00367	0.00747	0.03925	0.01433	0.51245	0.06195	0.29824	0.00901	0.00478	0.00132	0.00202	0.00779	0.00420	0.00377
9	0.88607	0.00785	0.00596	0.00534	0.00785	0.00910	0.00439	0.01193	0.00690	0.01820	0.00565	0.00659	0.00439	0.00377	0.00251	0.00126	0.00314	0.00220	0.00251	0.00439
10	0.01011	0.00953	0.05485	0.06168	0.36187	0.00910	0.02377	0.12582	0.05496	0.02552	0.01000	0.01147	0.04520	0.00431	0.00423	0.00117	0.03364	0.00372	0.01614	0.13290
11	0.00515	0.00401	0.00468	0.00475	0.00576	0.00354	0.00347	0.00642	0.00973	0.01267	0.30866	0.19647	0.40003	0.01007	0.00487	0.00139	0.00207	0.00873	0.00401	0.00354
12	0.02789	0.12141	0.15317	0.01857	0.07454	0.00832	0.04500	0.02268	0.02078	0.02425	0.00860	0.02577	0.01804	0.00403	0.00359	0.00098	0.01407	0.03307	0.00232	0.37293
13	0.08435	0.05189	0.33875	0.00912	0.01281	0.02056	0.04323	0.05219	0.02906	0.07350	0.06576	0.08888	0.02228	0.00530	0.00432	0.00128	0.04094	0.00427	0.00266	0.04884
14	0.04656	0.03730	0.00550	0.00507	0.00631	0.00452	0.00376	0.02168	0.02538	0.01168	0.05439	0.30781	0.40480	0.01001	0.00464	0.00141	0.00239	0.00859	0.00362	0.03457

[dist]
# distance from previous block
# <min> <max>
1	9

[block]
# block no. 7 follows, 66 sequences, length 20
# corresponding to MSA columns:
# 264-283
name=unknown_H
#
# <colnr> <probs for GDERKNQSTAVLIFYWHMCP>
#	G	D	E	R	K	N	Q	S	T	A	V	L	I	F	Y	W	H	M	C	P
0	0.24951	0.18487	0.03664	0.00868	0.04235	0.16250	0.04632	0.12149	0.01021	0.04818	0.00845	0.02279	0.03370	0.00433	0.00334	0.00115	0.00462	0.00311	0.00258	0.00518
1	0.00739	0.05926	0.02578	0.00642	0.02163	0.00654	0.00503	0.04936	0.18977	0.01409	0.18579	0.08015	0.24493	0.00853	0.03360	0.00149	0.00303	0.01603	0.02007	0.02111
2	0.00705	0.00352	0.00529	0.00529	0.00529	0.00352	0.00352	0.00529	0.00529	0.00705	0.00705	0.01233	0.00705	0.01409	0.01586	0.88196	0.00352	0.00352	0.00176	0.00176
3	0.00683	0.00411	0.00466	0.00447	0.00554	0.00392	0.00337	0.00881	0.02503	0.03088	0.33086	0.02342	0.10589	0.00669	0.00384	0.00113	0.00197	0.00567	0.41905	0.00387
4	0.88607	0.00785	0.00596	0.00534	0.00785	0.00910	0.00439	0.01193	0.00690	0.01820	0.00565	0.00659	0.00439	0.00377	0.00251	0.00126	0.00314	0.00220	0.00251	0.00439
5	0.00541	0.00410	0.00499	0.00483	0.00588	0.00368	0.00360	0.00699	0.01061	0.01434	0.54749	0.07732	0.27769	0.00913	0.00481	0.00132	0.00198	0.00793	0.00422	0.00368
6	0.00853	0.03770	0.71182	0.05658	0.01792	0.00948	0.05207	0.01291	0.00867	0.03672	0.00754	0.00891	0.00535	0.00387	0.00389	0.00128	0.00589	0.00313	0.00183	0.00590
7	0.00572	0.00386	0.00448	0.00466	0.00470	0.00381	0.00271	0.00585	0.00626	0.00834	0.01461	0.18449	0.01705	0.69633	0.01770	0.00350	0.00363	0.00697	0.00271	0.00262
8	0.01099	0.74989	0.01986	0.00712	0.01040	0.01508	0.00694	0.01229	0.00829	0.04579	0.00613	0.00702	0.00545	0.00372	0.00326	0.00093	0.04976	0.00233	0.00190	0.03286
9	0.00843	0.05429	0.72043	0.01141	0.03890	0.03380	0.01388	0.01268	0.00864	0.01264	0.00764	0.02643	0.00575	0.00405	0.00381	0.00126	0.00577	0.00317	0.02122	0.00583
10	0.01044	0.00715	0.00862	0.00626	0.00977	0.00552	0.00505	0.01220	0.00908	0.18376	0.00904	0.00953	0.00685	0.00342	0.00323	0.00074	0.00310	0.00275	0.00295	0.70055
11	0.00704	0.01673	0.02905	0.00596	0.00721	0.00483	0.01545	0.04405	0.03305	0.05627	0.43201	0.19963	0.02804	0.02262	0.02037	0.00149	0.00268	0.02405	0.04532	0.00415
12	0.88607	0.00785	0.00596	0.00534	0.00785	0.00910	0.00439	0.01193	0.00690	0.01820	0.00565	0.00659	0.00439	0.00377	0.00251	0.00126	0.00314	0.00220	0.00251	0.00439
13	0.00982	0.00942	0.01608	0.09998	0.75873	0.00958	0.01234	0.01226	0.00914	0.01299	0.00759	0.01011	0.00633	0.00366	0.00402	0.00122	0.00487	0.00361	0.00199	0.00625
14	0.01516	0.01934	0.01150	0.01045	0.01254	0.84113	0.00784	0.01620	0.01150	0.00993	0.00627	0.00732	0.00523	0.00418	0.00366	0.00105	0.00732	0.00261	0.00209	0.00470
15	0.01283	0.46199	0.04049	0.00842	0.01147	0.29168	0.00748	0.06574	0.01019	0.04691	0.00662	0.00737	0.00553	0.00388	0.00315	0.00098	0.00535	0.00252	0.00215	0.00524
16	0.88607	0.00785	0.00596	0.00534	0.00785	0.00910	0.00439	0.01193	0.00690	0.01820	0.00565	0.00659	0.00439	0.00377	0.00251	0.00126	0.00314	0.00220	0.00251	0.00439
17	0.01260	0.03431	0.01056	0.03472	0.01147	0.02881	0.00684	0.41919	0.20906	0.05313	0.04559	0.04481	0.02149	0.00545	0.00405	0.00126	0.00388	0.00435	0.04226	0.00617
18	0.00531	0.00402	0.00454	0.00457	0.00536	0.00366	0.00314	0.00619	0.00851	0.01096	0.17421	0.11133	0.36264	0.25191	0.02421	0.00220	0.00275	0.00779	0.00349	0.00321
19	0.08095	0.14747	0.02752	0.01639	0.37678	0.10753	0.09822	0.03694	0.00949	0.02386	0.00800	0.02164	0.02000	0.00395	0.00374	0.00117	0.00503	0.00348	0.00217	0.00568

[dist]
# distance from previous block
# <min> <max>
0	2

[block]
# block no. 8 follows, 66 sequences, length 6
# corresponding to MSA columns:
# 286,290-294
name=unknown_I
#
# <colnr> <probs for GDERKNQSTAVLIFYWHMCP>
#	G	D	E	R	K	N	Q	S	T	A	V	L	I	F	Y	W	H	M	C	P
0	0.66343	0.05481	0.04181	0.00623	0.00897	0.00983	0.00539	0.07316	0.07695	0.01796	0.00694	0.00762	0.00533	0.00398	0.00282	0.00124	0.00343	0.00254	0.00269	0.00486
1	0.00756	0.00784	0.07799	0.09611	0.11548	0.00759	0.02771	0.01051	0.08829	0.01320	0.23607	0.08633	0.06401	0.00680	0.00582	0.00140	0.13391	0.00562	0.00305	0.00473
2	0.00882	0.00765	0.01212	0.19723	0.10282	0.00819	0.12810	0.04922	0.11034	0.04681	0.12724	0.01513	0.02987	0.00749	0.08487	0.00181	0.02569	0.00460	0.00286	0.02916
3	0.00556	0.00420	0.00567	0.00575	0.00655	0.00438	0.00435	0.00686	0.00783	0.01067	0.12142	0.09968	0.16740	0.06193	0.43602	0.00418	0.00675	0.03431	0.00297	0.00353
4	0.00590	0.00393	0.00442	0.00442	0.00442	0.00393	0.00246	0.00590	0.00590	0.00787	0.01278	0.02655	0.01475	0.85742	0.02065	0.00393	0.00393	0.00590	0.00246	0.00246
5	0.36449	0.08497	0.13647	0.04909	0.04704	0.02975	0.04030	0.07934	0.05963	0.01591	0.03351	0.00903	0.00661	0.00418	0.00354	0.00125	0.02420	0.00303	0.00251	0.00517

[dist]
# distance from previous block
# <min> <max>
0	1

[block]
# block no. 9 follows, 66 sequences, length 18
# corresponding to MSA columns:
# 296-313
name=unknown_J
#
# <colnr> <probs for GDERKNQSTAVLIFYWHMCP>
#	G	D	E	R	K	N	Q	S	T	A	V	L	I	F	Y	W	H	M	C	P
0	0.00895	0.00484	0.00584	0.00523	0.00667	0.00463	0.00404	0.02504	0.04809	0.16025	0.34676	0.02099	0.02173	0.00627	0.00393	0.00116	0.00228	0.00532	0.31345	0.00453
1	0.05630	0.01039	0.08971	0.17833	0.31015	0.07464	0.01027	0.03387	0.00919	0.06157	0.00826	0.03965	0.00679	0.00433	0.00428	0.00124	0.03987	0.00364	0.00228	0.05524
2	0.01055	0.12354	0.03671	0.01032	0.14782	0.05713	0.02455	0.03159	0.02068	0.09043	0.00800	0.00907	0.00637	0.00367	0.00369	0.00092	0.03087	0.00291	0.00249	0.37867
3	0.09985	0.01491	0.01203	0.02790	0.15123	0.49649	0.04385	0.04017	0.01054	0.01194	0.00732	0.03762	0.00635	0.01807	0.00400	0.00119	0.00610	0.00325	0.00224	0.00498
4	0.00738	0.00666	0.00949	0.00858	0.00892	0.00881	0.00695	0.00850	0.00635	0.00955	0.00808	0.01260	0.00779	0.04021	0.39509	0.00402	0.44105	0.00398	0.00198	0.00401
5	0.88607	0.00785	0.00596	0.00534	0.00785	0.00910	0.00439	0.01193	0.00690	0.01820	0.00565	0.00659	0.00439	0.00377	0.00251	0.00126	0.00314	0.00220	0.00251	0.00439
6	0.31184	0.00869	0.00882	0.00716	0.00985	0.00947	0.00585	0.34187	0.01283	0.12923	0.05492	0.03165	0.00882	0.00489	0.00356	0.00124	0.00359	0.00362	0.03643	0.00567
7	0.00590	0.00393	0.00442	0.00442	0.00442	0.00393	0.00246	0.00590	0.00590	0.00787	0.01278	0.02655	0.01475	0.85742	0.02065	0.00393	0.00393	0.00590	0.00246	0.00246
8	0.00559	0.00406	0.00524	0.00510	0.00597	0.00374	0.00374	0.00726	0.01076	0.01503	0.66519	0.13222	0.08176	0.02981	0.00522	0.00139	0.00203	0.00789	0.00429	0.00371
9	0.00944	0.00900	0.01515	0.23182	0.60343	0.00950	0.01196	0.01221	0.03469	0.01264	0.00781	0.01040	0.00636	0.00379	0.00403	0.00125	0.00492	0.00364	0.00202	0.00594
10	0.00877	0.00720	0.00845	0.00605	0.00964	0.00543	0.00485	0.01056	0.00853	0.04303	0.00753	0.00861	0.00616	0.00308	0.00304	0.00062	0.00302	0.00246	0.00250	0.85047
11	0.00987	0.05705	0.05120	0.07098	0.12257	0.01878	0.07290	0.14703	0.12929	0.04532	0.04319	0.07787	0.09519	0.00588	0.00423	0.00130	0.00411	0.02255	0.01522	0.00547
12	0.02673	0.00928	0.01266	0.05849	0.07470	0.08869	0.16872	0.07560	0.11158	0.12744	0.04615	0.06569	0.01036	0.01829	0.01616	0.00142	0.04223	0.00462	0.03575	0.00543
13	0.00554	0.00409	0.00518	0.00501	0.00596	0.00373	0.00372	0.00723	0.01087	0.01504	0.65290	0.09741	0.15039	0.00893	0.00482	0.00132	0.00197	0.00785	0.00431	0.00373
14	0.00905	0.01655	0.53682	0.08677	0.09028	0.00950	0.03009	0.05867	0.04574	0.03709	0.00861	0.00994	0.01861	0.00417	0.00413	0.00130	0.02129	0.00338	0.00212	0.00592
15	0.00762	0.00670	0.03526	0.00697	0.00870	0.00658	0.04514	0.03523	0.27556	0.01545	0.34753	0.05429	0.07488	0.05531	0.00543	0.00148	0.00293	0.00622	0.00395	0.00479
16	0.59070	0.00800	0.00770	0.00655	0.00901	0.00894	0.05083	0.13157	0.00905	0.01809	0.00904	0.07485	0.03425	0.00485	0.00316	0.00128	0.00342	0.00353	0.02045	0.00470
17	0.01129	0.38692	0.06686	0.00828	0.04305	0.01181	0.00732	0.11742	0.03234	0.09439	0.00878	0.05651	0.00746	0.00450	0.00370	0.00106	0.03574	0.00333	0.00262	0.09664

[dist]
# distance from previous block
# <min> <max>
8	25

# created by:
# /st0/software/busco_prod/Augustus/scripts/msa2prfl.pl ./align_prep/30857.fa
