[name]
unknown

[dist]
# distance from previous block
# <min> <max>
0	68

[block]
# block no. 0 follows, 73 sequences, length 34
# corresponding to MSA columns:
# 69-102
name=unknown_A
#
# <colnr> <probs for GDERKNQSTAVLIFYWHMCP>
#	G	D	E	R	K	N	Q	S	T	A	V	L	I	F	Y	W	H	M	C	P
0	0.07856	0.10142	0.02751	0.08664	0.34536	0.02982	0.00883	0.14917	0.06077	0.02413	0.00818	0.01051	0.00674	0.00404	0.00354	0.00113	0.00420	0.04161	0.00239	0.00544
1	0.02890	0.00871	0.00933	0.01746	0.04128	0.07242	0.00632	0.14984	0.33979	0.14686	0.04210	0.01197	0.00960	0.00476	0.00410	0.00117	0.04396	0.00374	0.00349	0.05419
2	0.00977	0.00800	0.01016	0.09936	0.16967	0.00868	0.00736	0.20011	0.25441	0.03637	0.02261	0.05196	0.05130	0.00525	0.01488	0.00125	0.00371	0.00421	0.00312	0.03783
3	0.02730	0.00782	0.00956	0.05977	0.10614	0.02520	0.00663	0.22116	0.13358	0.19522	0.10626	0.02950	0.03252	0.00501	0.00383	0.00117	0.00350	0.00416	0.00356	0.01811
4	0.00838	0.00827	0.01148	0.00982	0.00990	0.01150	0.00818	0.03240	0.00608	0.00944	0.00504	0.00823	0.00497	0.00651	0.01207	0.00163	0.83694	0.00329	0.00170	0.00417
5	0.00464	0.00332	0.00438	0.00518	0.00544	0.00311	0.00349	0.00532	0.00724	0.00964	0.03501	0.78793	0.04126	0.04041	0.00526	0.00159	0.00224	0.02802	0.00345	0.00304
6	0.02112	0.00409	0.00488	0.00478	0.00586	0.00385	0.00359	0.00717	0.03712	0.04903	0.25330	0.13114	0.33797	0.01103	0.10613	0.00184	0.00299	0.00706	0.00353	0.00353
7	0.33532	0.00798	0.00834	0.00665	0.00937	0.00847	0.00549	0.26804	0.01129	0.28985	0.00952	0.00918	0.00649	0.00418	0.00324	0.00115	0.00338	0.00302	0.00352	0.00554
8	0.81899	0.00718	0.00579	0.00508	0.00746	0.00817	0.00419	0.01165	0.00676	0.08842	0.00605	0.00667	0.00451	0.00358	0.00245	0.00116	0.00293	0.00218	0.00252	0.00426
9	0.12317	0.00452	0.00492	0.00462	0.00530	0.00459	0.00300	0.02313	0.00645	0.09991	0.01161	0.05669	0.01226	0.60844	0.01434	0.00291	0.00344	0.00501	0.00262	0.00306
10	0.00921	0.00634	0.00713	0.00655	0.00795	0.00619	0.00477	0.09718	0.12529	0.08415	0.18356	0.12696	0.12599	0.14616	0.00717	0.00189	0.00322	0.00651	0.03889	0.00489
11	0.52197	0.00696	0.00673	0.00564	0.00804	0.00745	0.00462	0.07032	0.00870	0.23871	0.08023	0.00997	0.00832	0.00422	0.00299	0.00116	0.00297	0.00300	0.00320	0.00480
12	0.89465	0.00726	0.00551	0.00493	0.00726	0.00842	0.00406	0.01103	0.00638	0.01683	0.00522	0.00609	0.00406	0.00348	0.00232	0.00116	0.00290	0.00203	0.00232	0.00406
13	0.08129	0.00361	0.00445	0.00520	0.00560	0.00351	0.00353	0.00572	0.00711	0.01020	0.01935	0.79161	0.02303	0.01104	0.00458	0.00149	0.00224	0.00992	0.00338	0.00313
14	0.01007	0.00738	0.00815	0.00733	0.00921	0.00758	0.00556	0.08398	0.35385	0.09245	0.18899	0.06917	0.12368	0.00735	0.00466	0.00149	0.00315	0.00591	0.00433	0.00569
15	0.01419	0.01037	0.01114	0.00857	0.01155	0.01146	0.00707	0.79645	0.03813	0.03900	0.00927	0.00920	0.00656	0.00452	0.00376	0.00113	0.00408	0.00341	0.00377	0.00637
16	0.01499	0.00706	0.00889	0.00691	0.00962	0.00671	0.00567	0.20512	0.01232	0.56651	0.10352	0.01356	0.01146	0.00494	0.00384	0.00115	0.00325	0.00401	0.00438	0.00607
17	0.00523	0.00385	0.00468	0.00450	0.00542	0.00353	0.00332	0.00682	0.02170	0.01337	0.55751	0.05184	0.20864	0.05470	0.00516	0.00133	0.00193	0.00691	0.03616	0.00341
18	0.00938	0.00595	0.00691	0.00620	0.00798	0.00607	0.00483	0.04423	0.27681	0.19782	0.08126	0.11019	0.13277	0.01816	0.00426	0.00130	0.00272	0.03966	0.03859	0.00492
19	0.00461	0.00328	0.00434	0.00517	0.00538	0.00308	0.00343	0.00523	0.00710	0.00947	0.02026	0.82605	0.02429	0.05213	0.00546	0.00162	0.00225	0.01042	0.00343	0.00301
20	0.00886	0.01012	0.02214	0.01581	0.01961	0.00949	0.83112	0.01202	0.00886	0.01202	0.00759	0.01012	0.00569	0.00316	0.00443	0.00127	0.00633	0.00443	0.00190	0.00506
21	0.00778	0.00667	0.00778	0.00556	0.00889	0.00500	0.00445	0.00945	0.00778	0.01223	0.00667	0.00778	0.00556	0.00278	0.00278	0.00056	0.00278	0.00222	0.00222	0.89108
22	0.00498	0.00344	0.00423	0.00470	0.00482	0.00332	0.00293	0.00533	0.00639	0.00852	0.01661	0.47914	0.01968	0.40533	0.01136	0.00250	0.00285	0.00827	0.00293	0.00269
23	0.00991	0.83029	0.05874	0.00662	0.00994	0.01456	0.00677	0.01126	0.00764	0.00897	0.00529	0.00611	0.00481	0.00323	0.00246	0.00082	0.00408	0.00204	0.00160	0.00485
24	0.00457	0.00326	0.00435	0.00522	0.00544	0.00305	0.00348	0.00522	0.00718	0.00958	0.02068	0.86570	0.02481	0.01175	0.00479	0.00152	0.00218	0.01067	0.00348	0.00305
25	0.00461	0.00332	0.00438	0.00515	0.00544	0.00308	0.00347	0.00535	0.00744	0.00995	0.07415	0.78766	0.04924	0.01143	0.00475	0.00149	0.00214	0.01034	0.00352	0.00308
26	0.00929	0.00891	0.01523	0.02303	0.84475	0.00891	0.01151	0.01151	0.00854	0.01226	0.00706	0.00929	0.00594	0.00334	0.00371	0.00111	0.00446	0.00334	0.00186	0.00594
27	0.00933	0.00806	0.00848	0.00764	0.00976	0.00933	0.00594	0.01994	0.83797	0.01569	0.01527	0.01400	0.01145	0.00509	0.00382	0.00127	0.00297	0.00424	0.00382	0.00594
28	0.00709	0.00667	0.01125	0.85913	0.02584	0.00834	0.01042	0.00959	0.00750	0.00959	0.00667	0.01000	0.00500	0.00375	0.00375	0.00125	0.00500	0.00333	0.00167	0.00417
29	0.00515	0.00398	0.00536	0.00640	0.07774	0.00370	0.00407	0.00624	0.00831	0.01117	0.22034	0.44656	0.15201	0.02502	0.00481	0.00140	0.00226	0.00858	0.00348	0.00342
30	0.00886	0.01012	0.02214	0.01581	0.01961	0.00949	0.83112	0.01202	0.00886	0.01202	0.00759	0.01012	0.00569	0.00316	0.00443	0.00127	0.00633	0.00443	0.00190	0.00506
31	0.00886	0.01012	0.02214	0.01581	0.01961	0.00949	0.83112	0.01202	0.00886	0.01202	0.00759	0.01012	0.00569	0.00316	0.00443	0.00127	0.00633	0.00443	0.00190	0.00506
32	0.04596	0.07959	0.03743	0.01169	0.06778	0.13803	0.28224	0.14526	0.06353	0.04402	0.00826	0.00944	0.01629	0.00388	0.00401	0.00115	0.03025	0.00352	0.00242	0.00523
33	0.06843	0.02517	0.03449	0.11223	0.22730	0.08459	0.21607	0.05736	0.02653	0.01236	0.00701	0.00901	0.00556	0.00367	0.00422	0.00116	0.05558	0.00338	0.00202	0.04384

[dist]
# distance from previous block
# <min> <max>
5	20

[block]
# block no. 1 follows, 73 sequences, length 45
# corresponding to MSA columns:
# 124-168
name=unknown_B
#
# <colnr> <probs for GDERKNQSTAVLIFYWHMCP>
#	G	D	E	R	K	N	Q	S	T	A	V	L	I	F	Y	W	H	M	C	P
0	0.00909	0.01060	0.25790	0.00763	0.01052	0.06434	0.00758	0.02391	0.14822	0.14005	0.20234	0.03399	0.04090	0.00534	0.00386	0.00118	0.00370	0.00442	0.01939	0.00504
1	0.02447	0.03390	0.00513	0.00516	0.02125	0.00386	0.00361	0.00608	0.00801	0.01069	0.15581	0.41473	0.21514	0.04607	0.01666	0.00152	0.00235	0.01890	0.00340	0.00327
2	0.03044	0.00816	0.01280	0.27695	0.41292	0.04438	0.03971	0.01086	0.00828	0.03887	0.00884	0.02676	0.04653	0.00402	0.00386	0.00118	0.01467	0.00368	0.00201	0.00505
3	0.07325	0.04303	0.13857	0.03661	0.28360	0.06573	0.06635	0.16483	0.02159	0.02409	0.02643	0.00974	0.00663	0.00390	0.00363	0.00114	0.00462	0.01849	0.00234	0.00548
4	0.00558	0.00440	0.00524	0.00595	0.05069	0.02236	0.00402	0.02842	0.00827	0.02584	0.04496	0.39811	0.30278	0.02840	0.00485	0.00143	0.00246	0.04943	0.00338	0.00344
5	0.05272	0.11790	0.06593	0.05416	0.10776	0.08760	0.02396	0.18267	0.16487	0.06270	0.00901	0.00959	0.00685	0.00463	0.02217	0.00123	0.01480	0.00323	0.00275	0.00547
6	0.04010	0.02772	0.03183	0.03590	0.05371	0.20210	0.03390	0.34055	0.08134	0.01604	0.00792	0.00874	0.00607	0.00442	0.00450	0.00116	0.09267	0.00317	0.00277	0.00539
7	0.00620	0.00501	0.00588	0.00500	0.00680	0.00423	0.00377	0.00772	0.02830	0.01154	0.15820	0.06765	0.16940	0.10099	0.04452	0.00147	0.00285	0.01529	0.00291	0.35226
8	0.02251	0.00655	0.00958	0.13673	0.26505	0.00684	0.00736	0.07834	0.04873	0.04039	0.01359	0.21653	0.07494	0.04156	0.00475	0.01009	0.00359	0.00556	0.00271	0.00461
9	0.00942	0.29187	0.23785	0.01053	0.01440	0.02768	0.25053	0.03584	0.01981	0.04112	0.00691	0.00822	0.00535	0.00348	0.00363	0.00109	0.02211	0.00309	0.00189	0.00517
10	0.00460	0.00328	0.00434	0.00519	0.00540	0.00307	0.00344	0.00523	0.00713	0.00950	0.02038	0.83760	0.02444	0.04036	0.00527	0.00159	0.00223	0.01049	0.00344	0.00302
11	0.00652	0.00326	0.00489	0.00489	0.00489	0.00326	0.00326	0.00489	0.00489	0.00652	0.00652	0.01140	0.00652	0.01303	0.01466	0.89084	0.00326	0.00326	0.00163	0.00163
12	0.00749	0.00708	0.01198	0.70714	0.17470	0.00844	0.01062	0.00994	0.00769	0.01007	0.00674	0.00987	0.00517	0.00368	0.00374	0.00123	0.00490	0.00334	0.00170	0.00449
13	0.89465	0.00726	0.00551	0.00493	0.00726	0.00842	0.00406	0.01103	0.00638	0.01683	0.00522	0.00609	0.00406	0.00348	0.00232	0.00116	0.00290	0.00203	0.00232	0.00406
14	0.01015	0.00767	0.00838	0.00738	0.00955	0.00859	0.00578	0.03390	0.67535	0.12016	0.05893	0.01450	0.01236	0.00516	0.00384	0.00125	0.00295	0.00430	0.00394	0.00588
15	0.00468	0.00338	0.00438	0.00502	0.00539	0.00314	0.00340	0.00547	0.00763	0.01019	0.12002	0.67769	0.08334	0.04091	0.00522	0.00154	0.00216	0.00983	0.00352	0.00309
16	0.00802	0.00672	0.00782	0.00566	0.00894	0.00518	0.00452	0.01002	0.03953	0.02892	0.00716	0.00812	0.00586	0.00290	0.00284	0.00060	0.00279	0.00233	0.00233	0.83974
17	0.01402	0.01033	0.01109	0.00855	0.01148	0.01142	0.00704	0.81166	0.01738	0.02329	0.00930	0.03032	0.00684	0.00468	0.00378	0.00114	0.00408	0.00356	0.00375	0.00630
18	0.06237	0.00621	0.00761	0.00622	0.00854	0.00594	0.00497	0.01615	0.14450	0.51666	0.01441	0.01403	0.02745	0.06541	0.00469	0.00133	0.00302	0.00394	0.08100	0.00558
19	0.00513	0.00353	0.00455	0.00511	0.00561	0.00325	0.00355	0.00595	0.00772	0.04002	0.08069	0.62252	0.11972	0.03530	0.00511	0.00152	0.00224	0.04172	0.00353	0.00321
20	0.00709	0.00667	0.01125	0.85913	0.02584	0.00834	0.01042	0.00959	0.00750	0.00959	0.00667	0.01000	0.00500	0.00375	0.00375	0.00125	0.00500	0.00333	0.00167	0.00417
21	0.00925	0.00797	0.00843	0.00762	0.00971	0.00921	0.00594	0.01965	0.81853	0.01559	0.01538	0.01466	0.01169	0.00521	0.00385	0.00128	0.00298	0.02335	0.00381	0.00588
22	0.01426	0.01051	0.01126	0.00863	0.01163	0.01163	0.00713	0.83224	0.01764	0.02364	0.00901	0.00901	0.00638	0.00450	0.00375	0.00113	0.00413	0.00338	0.00375	0.00638
23	0.00513	0.00399	0.00463	0.00452	0.00559	0.00362	0.00340	0.01967	0.02588	0.01251	0.37500	0.08015	0.39049	0.01773	0.00460	0.00128	0.00198	0.03265	0.00375	0.00342
24	0.89465	0.00726	0.00551	0.00493	0.00726	0.00842	0.00406	0.01103	0.00638	0.01683	0.00522	0.00609	0.00406	0.00348	0.00232	0.00116	0.00290	0.00203	0.00232	0.00406
25	0.01492	0.00945	0.01061	0.00813	0.01111	0.01007	0.00672	0.62365	0.01587	0.23472	0.01049	0.00997	0.00713	0.00454	0.00376	0.00113	0.00389	0.00348	0.00398	0.00638
26	0.28739	0.00680	0.00781	0.00621	0.00894	0.00663	0.00513	0.04553	0.00965	0.56144	0.01164	0.01058	0.00757	0.00428	0.00332	0.00116	0.00314	0.00322	0.00390	0.00567
27	0.00477	0.00342	0.00452	0.00533	0.00565	0.00322	0.00371	0.00554	0.00734	0.00971	0.02091	0.70895	0.05430	0.04217	0.00533	0.00161	0.00237	0.10465	0.00344	0.00307
28	0.00537	0.00399	0.00587	0.00587	0.00649	0.00461	0.00450	0.00660	0.00598	0.00859	0.01019	0.01552	0.00972	0.09540	0.78649	0.00584	0.00954	0.00413	0.00203	0.00326
29	0.00487	0.00341	0.00434	0.00493	0.00512	0.00325	0.00320	0.00540	0.00683	0.00913	0.04162	0.58941	0.02193	0.25075	0.00878	0.00211	0.00260	0.02633	0.00316	0.00285
30	0.01178	0.00898	0.00964	0.00799	0.01052	0.01007	0.00641	0.35513	0.45339	0.06520	0.01266	0.01187	0.00924	0.00482	0.00379	0.00121	0.00346	0.00386	0.00384	0.00615
31	0.00855	0.00626	0.00673	0.00607	0.00768	0.00675	0.00474	0.18038	0.23588	0.01531	0.02599	0.07404	0.10194	0.03982	0.00434	0.00128	0.00279	0.05351	0.21329	0.00464
32	0.00457	0.00326	0.00435	0.00522	0.00544	0.00305	0.00348	0.00522	0.00718	0.00958	0.02068	0.86570	0.02481	0.01175	0.00479	0.00152	0.00218	0.01067	0.00348	0.00305
33	0.01347	0.03949	0.01097	0.00923	0.01133	0.55249	0.00717	0.22379	0.01202	0.01288	0.00686	0.02503	0.00564	0.00431	0.00394	0.00105	0.05021	0.00287	0.00241	0.00484
34	0.00876	0.00656	0.00938	0.00973	0.15696	0.00653	0.07033	0.13239	0.03938	0.09780	0.11127	0.11816	0.11394	0.04920	0.03610	0.00153	0.00363	0.02045	0.00320	0.00471
35	0.02044	0.00528	0.00633	0.00611	0.00740	0.00540	0.00486	0.08314	0.12052	0.06042	0.16579	0.07171	0.09560	0.08294	0.00574	0.00159	0.00293	0.24610	0.00360	0.00409
36	0.00709	0.00667	0.01125	0.85913	0.02584	0.00834	0.01042	0.00959	0.00750	0.00959	0.00667	0.01000	0.00500	0.00375	0.00375	0.00125	0.00500	0.00333	0.00167	0.00417
37	0.01043	0.03973	0.03009	0.00871	0.03441	0.03045	0.05541	0.22479	0.34955	0.03978	0.02529	0.04632	0.01001	0.02284	0.00446	0.00128	0.03355	0.02399	0.00335	0.00557
38	0.03753	0.00757	0.00888	0.03811	0.02521	0.06727	0.03670	0.13492	0.11934	0.18900	0.02398	0.02471	0.04954	0.03233	0.15092	0.00210	0.02230	0.02141	0.00320	0.00499
39	0.00485	0.00360	0.00436	0.00468	0.00540	0.00324	0.00336	0.00563	0.00803	0.01032	0.13190	0.32792	0.33580	0.01041	0.00545	0.07566	0.00218	0.05075	0.00341	0.00306
40	0.03216	0.02851	0.00884	0.00677	0.00930	0.01816	0.00549	0.18725	0.01157	0.49909	0.05800	0.04367	0.01064	0.05726	0.00470	0.00131	0.00337	0.00410	0.00408	0.00575
41	0.05324	0.04864	0.12734	0.05461	0.21584	0.10770	0.05598	0.09890	0.07053	0.07752	0.00878	0.00999	0.02195	0.00404	0.00378	0.00115	0.02063	0.01156	0.00243	0.00539
42	0.13465	0.02403	0.02079	0.11425	0.04077	0.05925	0.04589	0.04687	0.03601	0.04959	0.02793	0.12935	0.03697	0.07711	0.11630	0.00206	0.02689	0.00464	0.00254	0.00411
43	0.02328	0.00951	0.07198	0.19300	0.39108	0.03944	0.03698	0.07433	0.02249	0.01238	0.00705	0.00917	0.00564	0.00374	0.00415	0.00116	0.05233	0.00326	0.00199	0.03704
44	0.06357	0.00871	0.03896	0.03887	0.09129	0.10516	0.07357	0.09017	0.02983	0.09947	0.10466	0.05237	0.07447	0.01602	0.00475	0.00123	0.07749	0.00436	0.00285	0.02219

[dist]
# distance from previous block
# <min> <max>
0	25

[block]
# block no. 2 follows, 73 sequences, length 60
# corresponding to MSA columns:
# 194-253
name=unknown_C
#
# <colnr> <probs for GDERKNQSTAVLIFYWHMCP>
#	G	D	E	R	K	N	Q	S	T	A	V	L	I	F	Y	W	H	M	C	P
0	0.02123	0.04628	0.05206	0.06417	0.11318	0.06322	0.02892	0.10472	0.04997	0.08119	0.05266	0.05326	0.03576	0.04953	0.09034	0.00182	0.04850	0.03577	0.00270	0.00472
1	0.10068	0.01052	0.01017	0.02727	0.03836	0.20301	0.05161	0.21605	0.11372	0.03279	0.00892	0.05172	0.00731	0.01575	0.00400	0.00115	0.02961	0.00349	0.00280	0.07105
2	0.09014	0.04653	0.02918	0.12313	0.21258	0.06079	0.01985	0.22616	0.03415	0.03861	0.03906	0.01039	0.02739	0.00463	0.02052	0.00123	0.00435	0.00341	0.00262	0.00529
3	0.01343	0.01005	0.01076	0.00844	0.01127	0.01117	0.00691	0.70820	0.12802	0.02233	0.01006	0.02476	0.00739	0.00471	0.00378	0.00115	0.00394	0.00362	0.00376	0.00626
4	0.01426	0.01051	0.01126	0.00863	0.01163	0.01163	0.00713	0.83224	0.01764	0.02364	0.00901	0.00901	0.00638	0.00450	0.00375	0.00113	0.00413	0.00338	0.00375	0.00638
5	0.00843	0.00730	0.02490	0.06784	0.10386	0.07699	0.00605	0.10042	0.08841	0.05101	0.15942	0.07199	0.09380	0.07083	0.05067	0.00163	0.00385	0.00507	0.00306	0.00446
6	0.00457	0.00326	0.00435	0.00522	0.00544	0.00305	0.00348	0.00522	0.00718	0.00958	0.02068	0.86570	0.02481	0.01175	0.00479	0.00152	0.00218	0.01067	0.00348	0.00305
7	0.00778	0.00667	0.00778	0.00556	0.00889	0.00500	0.00445	0.00945	0.00778	0.01223	0.00667	0.00778	0.00556	0.00278	0.00278	0.00056	0.00278	0.00222	0.00222	0.89108
8	0.00903	0.00941	0.03845	0.08900	0.55062	0.02272	0.19100	0.01150	0.00851	0.01188	0.00709	0.00944	0.00575	0.00339	0.00398	0.00116	0.01614	0.00355	0.00184	0.00554
9	0.00456	0.00330	0.00432	0.00513	0.00542	0.00306	0.00344	0.00524	0.00728	0.00962	0.02188	0.80825	0.08149	0.01160	0.00476	0.00151	0.00216	0.01048	0.00348	0.00306
10	0.02266	0.00991	0.01058	0.00852	0.01115	0.04607	0.03135	0.50664	0.24912	0.01989	0.01073	0.02659	0.00804	0.00476	0.00390	0.00118	0.01562	0.00374	0.00359	0.00601
11	0.00944	0.00744	0.00819	0.00738	0.00917	0.08853	0.00612	0.12585	0.03007	0.08893	0.02415	0.02252	0.02453	0.00676	0.00486	0.00131	0.07494	0.31886	0.00314	0.13779
12	0.00786	0.00579	0.00797	0.00738	0.03275	0.00619	0.04468	0.10052	0.06473	0.06964	0.06885	0.05985	0.04950	0.03231	0.28188	0.02414	0.04574	0.06727	0.00287	0.02007
13	0.08150	0.02861	0.63032	0.01010	0.01492	0.00848	0.06888	0.01215	0.00805	0.07446	0.00753	0.02550	0.00550	0.00377	0.00355	0.00119	0.00512	0.00305	0.00193	0.00539
14	0.01386	0.05026	0.01097	0.00954	0.01152	0.82125	0.00722	0.01484	0.01052	0.00917	0.00578	0.00674	0.00483	0.00384	0.00335	0.00096	0.00666	0.00240	0.00192	0.00437
15	0.00463	0.00333	0.00440	0.00524	0.00552	0.00310	0.00356	0.00533	0.00729	0.00966	0.02127	0.80223	0.05442	0.01162	0.00479	0.00152	0.00222	0.04330	0.00348	0.00307
16	0.00816	0.00485	0.00587	0.00545	0.00680	0.00458	0.00409	0.04928	0.06593	0.19078	0.10296	0.22096	0.19676	0.08750	0.00567	0.00152	0.00261	0.02838	0.00372	0.00414
17	0.01156	0.00810	0.00889	0.00744	0.00984	0.00886	0.00594	0.23682	0.41869	0.15024	0.02673	0.01331	0.03381	0.00500	0.00378	0.00120	0.00322	0.00405	0.03659	0.00592
18	0.84609	0.00721	0.00569	0.00503	0.00738	0.00826	0.00414	0.01143	0.00663	0.06278	0.00575	0.00646	0.00435	0.00355	0.00240	0.00116	0.00292	0.00213	0.00245	0.00419
19	0.07411	0.00606	0.00739	0.00625	0.00820	0.00591	0.00494	0.09554	0.04023	0.38788	0.01353	0.01819	0.01118	0.19526	0.00722	0.00178	0.00339	0.10430	0.00369	0.00494
20	0.00537	0.00375	0.00453	0.00455	0.00521	0.00347	0.00315	0.00631	0.00822	0.03368	0.28803	0.17461	0.18278	0.23860	0.00840	0.00192	0.00243	0.01847	0.00340	0.00312
21	0.01282	0.00692	0.00840	0.00683	0.00923	0.00691	0.00550	0.14031	0.18773	0.39882	0.15975	0.01514	0.01390	0.00525	0.00389	0.00118	0.00304	0.00434	0.00424	0.00579
22	0.00709	0.00667	0.01125	0.85913	0.02584	0.00834	0.01042	0.00959	0.00750	0.00959	0.00667	0.01000	0.00500	0.00375	0.00375	0.00125	0.00500	0.00333	0.00167	0.00417
23	0.32062	0.00737	0.00798	0.00640	0.00909	0.00759	0.00527	0.14014	0.03898	0.40466	0.01061	0.00992	0.00711	0.00424	0.00327	0.00116	0.00323	0.00312	0.00367	0.00556
24	0.00749	0.00470	0.00575	0.00541	0.00664	0.00447	0.00407	0.05437	0.05629	0.13797	0.22528	0.21977	0.15662	0.05669	0.00520	0.00143	0.00247	0.03762	0.00378	0.00401
25	0.00604	0.00414	0.00524	0.00489	0.00595	0.00385	0.00369	0.00805	0.04507	0.06263	0.65629	0.05820	0.10618	0.00770	0.00438	0.00120	0.00193	0.00675	0.00406	0.00375
26	0.89465	0.00726	0.00551	0.00493	0.00726	0.00842	0.00406	0.01103	0.00638	0.01683	0.00522	0.00609	0.00406	0.00348	0.00232	0.00116	0.00290	0.00203	0.00232	0.00406
27	0.00532	0.00380	0.00487	0.00496	0.00541	0.00391	0.00342	0.00632	0.02276	0.00953	0.13507	0.16159	0.04659	0.31003	0.24534	0.00343	0.00481	0.00615	0.01367	0.00300
28	0.00547	0.00386	0.00445	0.00449	0.00554	0.00338	0.00331	0.00651	0.00860	0.06430	0.13981	0.21378	0.45592	0.02584	0.00474	0.00135	0.00209	0.02670	0.01645	0.00339
29	0.00874	0.00746	0.00797	0.00732	0.00921	0.00855	0.00563	0.01811	0.73270	0.01504	0.03383	0.10378	0.01338	0.00585	0.00393	0.00130	0.00286	0.00497	0.00379	0.00558
30	0.00599	0.00428	0.00598	0.00685	0.00769	0.00427	0.00595	0.00768	0.00858	0.01117	0.01989	0.07271	0.02171	0.01042	0.00517	0.00172	0.00341	0.78964	0.00346	0.00344
31	0.00778	0.00667	0.00778	0.00556	0.00889	0.00500	0.00445	0.00945	0.00778	0.01223	0.00667	0.00778	0.00556	0.00278	0.00278	0.00056	0.00278	0.00222	0.00222	0.89108
32	0.00458	0.00374	0.00399	0.00406	0.00512	0.00321	0.00296	0.00554	0.00849	0.01045	0.11615	0.12289	0.64115	0.04457	0.00507	0.00138	0.00199	0.00800	0.00350	0.00316
33	0.00933	0.00806	0.00848	0.00764	0.00976	0.00933	0.00594	0.01994	0.83797	0.01569	0.01527	0.01400	0.01145	0.00509	0.00382	0.00127	0.00297	0.00424	0.00382	0.00594
34	0.00505	0.00383	0.00465	0.00447	0.00548	0.00344	0.00337	0.00656	0.00993	0.01343	0.57405	0.03084	0.28919	0.00830	0.00444	0.00122	0.00184	0.02258	0.00391	0.00342
35	0.00463	0.00365	0.00418	0.00437	0.00527	0.00320	0.00316	0.00565	0.00854	0.01087	0.17956	0.27002	0.46398	0.00981	0.00453	0.00132	0.00196	0.00849	0.00360	0.00320
36	0.00929	0.00891	0.01523	0.02303	0.84475	0.00891	0.01151	0.01151	0.00854	0.01226	0.00706	0.00929	0.00594	0.00334	0.00371	0.00111	0.00446	0.00334	0.00186	0.00594
37	0.00682	0.00536	0.00624	0.00571	0.00706	0.00557	0.00437	0.04135	0.26091	0.01535	0.52807	0.02342	0.06098	0.00685	0.00422	0.00121	0.00223	0.00594	0.00399	0.00435
38	0.00709	0.00667	0.01125	0.85913	0.02584	0.00834	0.01042	0.00959	0.00750	0.00959	0.00667	0.01000	0.00500	0.00375	0.00375	0.00125	0.00500	0.00333	0.00167	0.00417
39	0.00547	0.00381	0.00496	0.00496	0.00530	0.00411	0.00339	0.00615	0.00581	0.00818	0.01102	0.01966	0.01154	0.45122	0.40087	0.00463	0.00651	0.00473	0.03488	0.00281
40	0.00752	0.01941	0.84871	0.01069	0.01624	0.00871	0.01386	0.01188	0.00792	0.01188	0.00673	0.00792	0.00475	0.00356	0.00356	0.00119	0.00554	0.00277	0.00158	0.00554
41	0.01426	0.01051	0.01126	0.00863	0.01163	0.01163	0.00713	0.83224	0.01764	0.02364	0.00901	0.00901	0.00638	0.00450	0.00375	0.00113	0.00413	0.00338	0.00375	0.00638
42	0.01118	0.04699	0.00989	0.02135	0.01064	0.20056	0.00647	0.16730	0.42821	0.01528	0.03533	0.01145	0.00933	0.00468	0.00366	0.00115	0.00408	0.00364	0.00326	0.00552
43	0.00544	0.00404	0.00499	0.00539	0.00611	0.00390	0.00400	0.04288	0.02627	0.01082	0.05452	0.40563	0.18181	0.05837	0.01723	0.00165	0.00264	0.15755	0.00343	0.00334
44	0.00536	0.00401	0.00596	0.00596	0.00660	0.00465	0.00460	0.00665	0.00601	0.00866	0.01012	0.01510	0.00954	0.05939	0.82224	0.00594	0.00981	0.00407	0.00202	0.00331
45	0.01238	0.04836	0.01275	0.02437	0.04852	0.39085	0.11204	0.15982	0.02954	0.03745	0.00705	0.00820	0.00556	0.00413	0.00439	0.00111	0.08315	0.00304	0.00233	0.00496
46	0.00536	0.00402	0.00603	0.00603	0.00670	0.00469	0.00469	0.00670	0.00603	0.00871	0.01005	0.01474	0.00938	0.02814	0.85328	0.00603	0.01005	0.00402	0.00201	0.00335
47	0.01112	0.04095	0.01222	0.07213	0.24507	0.27304	0.02709	0.10872	0.12141	0.01278	0.02352	0.00939	0.00681	0.00402	0.00373	0.00110	0.01604	0.00322	0.00238	0.00524
48	0.03998	0.01011	0.01074	0.00840	0.01127	0.01125	0.00689	0.70659	0.11938	0.02245	0.00967	0.00954	0.00694	0.00455	0.00372	0.00115	0.00395	0.00345	0.00372	0.00626
49	0.00509	0.00375	0.00487	0.00557	0.00623	0.00354	0.00430	0.00619	0.00798	0.01029	0.02367	0.40545	0.17920	0.01082	0.00487	0.00155	0.00259	0.30735	0.00347	0.00322
50	0.12094	0.00793	0.00866	0.05772	0.07184	0.08450	0.00622	0.19709	0.04171	0.06350	0.02777	0.03490	0.01966	0.01006	0.19551	0.01305	0.00534	0.01352	0.01536	0.00471
51	0.05290	0.17519	0.45868	0.01015	0.01443	0.02185	0.13231	0.01151	0.00790	0.01140	0.00687	0.00888	0.00543	0.00407	0.01610	0.00122	0.02778	0.02647	0.00174	0.00511
52	0.18815	0.00690	0.00822	0.00646	0.00921	0.00664	0.00532	0.09687	0.01050	0.58490	0.01230	0.01112	0.00799	0.00440	0.00346	0.00115	0.00320	0.00339	0.02397	0.00587
53	0.00739	0.00487	0.00569	0.00523	0.00654	0.00476	0.00392	0.02440	0.12739	0.12536	0.14874	0.03967	0.25573	0.15192	0.05367	0.00191	0.00303	0.02230	0.00351	0.00398
54	0.00894	0.02429	0.08863	0.16502	0.28182	0.01737	0.03565	0.12019	0.09246	0.01353	0.05957	0.03366	0.03357	0.00442	0.00381	0.00118	0.00424	0.00392	0.00247	0.00528
55	0.17648	0.21374	0.02821	0.00807	0.01018	0.06416	0.03912	0.13534	0.00874	0.03972	0.00618	0.00754	0.00512	0.00446	0.00549	0.00119	0.23655	0.00276	0.00220	0.00476
56	0.00447	0.00379	0.00385	0.00386	0.00509	0.00318	0.00289	0.00544	0.00860	0.01029	0.06553	0.05236	0.79893	0.00948	0.00444	0.00127	0.00190	0.00793	0.00351	0.00318
57	0.00565	0.00403	0.00571	0.00577	0.00633	0.00448	0.00434	0.00674	0.01846	0.01919	0.01164	0.09180	0.01179	0.13637	0.54063	0.05224	0.01952	0.04986	0.00229	0.00318
58	0.00880	0.00758	0.01174	0.18074	0.27043	0.02650	0.07382	0.06151	0.05025	0.06353	0.02673	0.10960	0.01899	0.01899	0.03459	0.00144	0.02287	0.00450	0.00247	0.00494
59	0.03745	0.15700	0.14422	0.03338	0.03653	0.09004	0.01817	0.10336	0.25137	0.02556	0.00931	0.01001	0.00724	0.00432	0.00387	0.00115	0.04459	0.01446	0.00262	0.00535

[dist]
# distance from previous block
# <min> <max>
0	47

[block]
# block no. 3 follows, 73 sequences, length 37
# corresponding to MSA columns:
# 301-337
name=unknown_D
#
# <colnr> <probs for GDERKNQSTAVLIFYWHMCP>
#	G	D	E	R	K	N	Q	S	T	A	V	L	I	F	Y	W	H	M	C	P
0	0.20310	0.06355	0.36350	0.02470	0.02575	0.10230	0.03253	0.06285	0.00836	0.01299	0.00637	0.00763	0.00487	0.00426	0.02136	0.00126	0.04506	0.00268	0.00195	0.00495
1	0.61398	0.00807	0.00742	0.02260	0.03691	0.00923	0.00524	0.19658	0.02690	0.01791	0.00638	0.00714	0.00484	0.00380	0.00293	0.00116	0.01908	0.00247	0.00264	0.00469
2	0.00525	0.00397	0.00459	0.00464	0.00567	0.00354	0.00341	0.00641	0.02554	0.02881	0.10631	0.21264	0.40787	0.04898	0.01529	0.02033	0.00232	0.04922	0.00341	0.04180
3	0.02310	0.00879	0.01203	0.35328	0.28127	0.10260	0.00961	0.05725	0.00882	0.04560	0.00734	0.02043	0.00587	0.01304	0.00398	0.00119	0.01882	0.00333	0.00205	0.02162
4	0.64288	0.00998	0.00700	0.00627	0.00847	0.21897	0.00499	0.02806	0.00765	0.01493	0.00544	0.00635	0.00431	0.00365	0.00278	0.00112	0.01855	0.00218	0.00224	0.00418
5	0.00544	0.00362	0.00409	0.00413	0.00416	0.00361	0.00234	0.00551	0.00559	0.00752	0.01226	0.06499	0.01410	0.80939	0.01807	0.00348	0.00353	0.00567	0.02016	0.00234
6	0.00546	0.00367	0.00420	0.00422	0.00427	0.00368	0.00244	0.00557	0.00565	0.00756	0.02949	0.02481	0.01419	0.81081	0.03758	0.00360	0.00374	0.02437	0.00233	0.00235
7	0.00922	0.00860	0.01249	0.27897	0.36956	0.05676	0.00982	0.10538	0.04122	0.01252	0.00777	0.02591	0.00633	0.00474	0.03375	0.00134	0.00482	0.00349	0.00213	0.00520
8	0.89465	0.00726	0.00551	0.00493	0.00726	0.00842	0.00406	0.01103	0.00638	0.01683	0.00522	0.00609	0.00406	0.00348	0.00232	0.00116	0.00290	0.00203	0.00232	0.00406
9	0.00770	0.00529	0.00609	0.00555	0.00648	0.00564	0.00396	0.15155	0.08112	0.03002	0.02122	0.05299	0.01157	0.36131	0.11481	0.05454	0.00420	0.00474	0.06758	0.00363
10	0.43366	0.00694	0.00611	0.00558	0.00732	0.06742	0.00432	0.02973	0.05562	0.06421	0.07751	0.08016	0.02363	0.04340	0.01457	0.06609	0.00320	0.00377	0.00276	0.00398
11	0.01417	0.00657	0.00845	0.00653	0.00928	0.00588	0.00534	0.09115	0.02476	0.56854	0.09708	0.01336	0.01123	0.00471	0.00371	0.00109	0.00308	0.00385	0.00419	0.11702
12	0.00933	0.00806	0.00848	0.00764	0.00976	0.00933	0.00594	0.01994	0.83797	0.01569	0.01527	0.01400	0.01145	0.00509	0.00382	0.00127	0.00297	0.00424	0.00382	0.00594
13	0.00734	0.00449	0.00524	0.00506	0.00622	0.00435	0.00376	0.02646	0.09170	0.11523	0.07552	0.23957	0.15791	0.04444	0.00464	0.00134	0.00234	0.01715	0.18332	0.00394
14	0.00910	0.00468	0.00613	0.00579	0.00715	0.00428	0.00438	0.02793	0.02419	0.29253	0.06101	0.39879	0.07827	0.00864	0.00438	0.00136	0.00260	0.05050	0.00392	0.00435
15	0.00709	0.00667	0.01125	0.85913	0.02584	0.00834	0.01042	0.00959	0.00750	0.00959	0.00667	0.01000	0.00500	0.00375	0.00375	0.00125	0.00500	0.00333	0.00167	0.00417
16	0.01003	0.87041	0.01966	0.00642	0.00963	0.01485	0.00642	0.01123	0.00762	0.00883	0.00522	0.00602	0.00481	0.00321	0.00241	0.00080	0.00401	0.00201	0.00160	0.00481
17	0.01381	0.00597	0.00753	0.00601	0.00836	0.00552	0.00489	0.08114	0.02351	0.54262	0.03096	0.01311	0.00971	0.00463	0.00350	0.00109	0.00287	0.00374	0.22542	0.00560
18	0.00778	0.00667	0.00778	0.00556	0.00889	0.00500	0.00445	0.00945	0.00778	0.01223	0.00667	0.00778	0.00556	0.00278	0.00278	0.00056	0.00278	0.00222	0.00222	0.89108
19	0.00595	0.00495	0.00644	0.00634	0.00707	0.05536	0.00493	0.00725	0.00630	0.00875	0.00966	0.01410	0.00899	0.02614	0.78108	0.00562	0.03173	0.00391	0.00200	0.00343
20	0.01655	0.00683	0.00898	0.00689	0.00980	0.00618	0.00569	0.10660	0.01149	0.75797	0.01417	0.01236	0.00897	0.00463	0.00377	0.00116	0.00329	0.00373	0.00455	0.00638
21	0.89465	0.00726	0.00551	0.00493	0.00726	0.00842	0.00406	0.01103	0.00638	0.01683	0.00522	0.00609	0.00406	0.00348	0.00232	0.00116	0.00290	0.00203	0.00232	0.00406
22	0.00457	0.00340	0.00427	0.00495	0.00540	0.00310	0.00339	0.00530	0.00750	0.00973	0.02435	0.67463	0.19868	0.01125	0.00472	0.00147	0.00214	0.02459	0.00348	0.00308
23	0.00536	0.00402	0.00603	0.00603	0.00670	0.00469	0.00469	0.00670	0.00603	0.00871	0.01005	0.01474	0.00938	0.02814	0.85328	0.00603	0.01005	0.00402	0.00201	0.00335
24	0.00525	0.00382	0.00495	0.00483	0.00569	0.00353	0.00365	0.00688	0.01012	0.01410	0.68020	0.08727	0.08827	0.00824	0.00450	0.00124	0.00191	0.05807	0.00400	0.00348
25	0.00500	0.00358	0.00471	0.00542	0.00580	0.00342	0.00378	0.02986	0.00777	0.01039	0.06173	0.73854	0.02457	0.01123	0.00477	0.00151	0.00231	0.06888	0.00352	0.00320
26	0.00645	0.00513	0.00523	0.00523	0.00572	0.06282	0.00343	0.04734	0.05856	0.00942	0.01444	0.25631	0.03135	0.45813	0.01205	0.00255	0.00340	0.00657	0.00278	0.00308
27	0.00536	0.00402	0.00603	0.00603	0.00670	0.00469	0.00469	0.00670	0.00603	0.00871	0.01005	0.01474	0.00938	0.02814	0.85328	0.00603	0.01005	0.00402	0.00201	0.00335
28	0.00768	0.05802	0.78579	0.01065	0.01604	0.00902	0.03827	0.01186	0.00794	0.01175	0.00669	0.00790	0.00478	0.00354	0.00354	0.00117	0.00550	0.00279	0.00159	0.00550
29	0.04222	0.00820	0.01405	0.03978	0.30971	0.00833	0.21720	0.07799	0.00894	0.03605	0.02185	0.08480	0.00837	0.02183	0.01636	0.02049	0.04181	0.01467	0.00231	0.00505
30	0.00906	0.00568	0.00640	0.00574	0.00697	0.02338	0.00422	0.16490	0.02494	0.13156	0.01336	0.14196	0.01300	0.29146	0.00892	0.00202	0.00330	0.04345	0.09563	0.00405
31	0.00929	0.00891	0.01523	0.02303	0.84475	0.00891	0.01151	0.01151	0.00854	0.01226	0.00706	0.00929	0.00594	0.00334	0.00371	0.00111	0.00446	0.00334	0.00186	0.00594
32	0.00976	0.06100	0.08229	0.00853	0.01900	0.21592	0.05957	0.09919	0.14648	0.01290	0.09290	0.11652	0.01214	0.00560	0.00397	0.00119	0.01507	0.03039	0.00283	0.00475
33	0.00699	0.19382	0.02369	0.00659	0.01930	0.00692	0.07972	0.00832	0.02783	0.02423	0.07985	0.11066	0.15928	0.11139	0.00655	0.05665	0.01663	0.05515	0.00266	0.00374
34	0.00678	0.00471	0.00566	0.00595	0.00668	0.00431	0.00413	0.00762	0.03581	0.04882	0.12937	0.47482	0.12971	0.08416	0.00637	0.00183	0.00277	0.03261	0.00392	0.00399
35	0.00796	0.00707	0.00724	0.00582	0.00827	0.09475	0.00449	0.00935	0.00804	0.02813	0.02375	0.07644	0.04520	0.04951	0.02231	0.00104	0.00330	0.02409	0.02524	0.54797
36	0.00870	0.03521	0.01103	0.08590	0.21575	0.04314	0.05852	0.04041	0.10321	0.03839	0.03363	0.07621	0.03463	0.01700	0.00401	0.00113	0.01201	0.01971	0.00255	0.15886

[dist]
# distance from previous block
# <min> <max>
2	28

[block]
# block no. 4 follows, 73 sequences, length 37
# corresponding to MSA columns:
# 368-404
name=unknown_E
#
# <colnr> <probs for GDERKNQSTAVLIFYWHMCP>
#	G	D	E	R	K	N	Q	S	T	A	V	L	I	F	Y	W	H	M	C	P
0	0.00962	0.02707	0.05728	0.01784	0.08850	0.05354	0.03097	0.21342	0.06892	0.04744	0.02506	0.05131	0.01597	0.02328	0.17893	0.02178	0.03001	0.00393	0.00273	0.03241
1	0.00979	0.00913	0.03039	0.12480	0.09320	0.11409	0.00737	0.08021	0.30604	0.04696	0.01130	0.05469	0.00930	0.03162	0.00458	0.00131	0.03393	0.02320	0.00292	0.00516
2	0.04050	0.00982	0.01055	0.00815	0.01109	0.03499	0.00671	0.62395	0.01570	0.17051	0.00980	0.00951	0.00677	0.00445	0.00369	0.00112	0.00398	0.00336	0.00379	0.02155
3	0.10658	0.00728	0.00817	0.00690	0.00921	0.00770	0.00548	0.11392	0.30647	0.28381	0.01355	0.06793	0.01029	0.03044	0.00415	0.00129	0.00314	0.00421	0.00385	0.00564
4	0.01964	0.00404	0.00481	0.00490	0.00582	0.00376	0.00360	0.00712	0.03597	0.05782	0.16107	0.24284	0.26484	0.09360	0.00593	0.00158	0.00237	0.07335	0.00353	0.00342
5	0.00532	0.00452	0.00470	0.00454	0.00575	0.02941	0.00341	0.00717	0.06550	0.01194	0.27634	0.04665	0.50416	0.00852	0.00436	0.00124	0.00209	0.00721	0.00365	0.00350
6	0.01401	0.01788	0.01063	0.00967	0.01160	0.85309	0.00725	0.01498	0.01063	0.00918	0.00580	0.00677	0.00483	0.00387	0.00338	0.00097	0.00677	0.00242	0.00193	0.00435
7	0.05604	0.00887	0.00957	0.00766	0.01022	0.00975	0.00624	0.52242	0.12462	0.07205	0.03142	0.01132	0.02759	0.00577	0.04122	0.00136	0.00391	0.00367	0.04050	0.00581
8	0.02496	0.00698	0.00768	0.00676	0.00864	0.00753	0.00531	0.23197	0.25820	0.05364	0.07506	0.14093	0.09755	0.00666	0.00404	0.00126	0.00297	0.03418	0.02064	0.00504
9	0.04673	0.00880	0.00999	0.00770	0.01060	0.00921	0.00636	0.50198	0.01462	0.30800	0.01095	0.01032	0.00738	0.00451	0.00368	0.00113	0.00371	0.00347	0.02462	0.00623
10	0.05563	0.00642	0.00857	0.00660	0.00947	0.00564	0.00545	0.01796	0.01055	0.81064	0.01438	0.01247	0.00906	0.00459	0.00371	0.00116	0.00318	0.00370	0.00454	0.00628
11	0.00651	0.00421	0.00500	0.00470	0.00575	0.00388	0.00342	0.00791	0.03877	0.10356	0.27344	0.05298	0.25235	0.19683	0.00758	0.00177	0.00246	0.02180	0.00355	0.00354
12	0.03887	0.00521	0.00585	0.00570	0.00678	0.01839	0.00418	0.10735	0.09136	0.02898	0.11422	0.35714	0.10546	0.07284	0.00543	0.00152	0.00266	0.02071	0.00349	0.00388
13	0.01595	0.00780	0.00958	0.00735	0.01028	0.00761	0.00607	0.29764	0.01311	0.56464	0.01281	0.01148	0.00829	0.00460	0.00377	0.00115	0.00351	0.00364	0.00434	0.00638
14	0.01670	0.00659	0.00884	0.00677	0.00968	0.00582	0.00560	0.05951	0.01109	0.80562	0.01451	0.01258	0.00914	0.00464	0.00377	0.00116	0.00324	0.00375	0.00460	0.00638
15	0.08221	0.00796	0.00854	0.00690	0.00928	0.00855	0.00560	0.41868	0.07453	0.10766	0.06124	0.01329	0.07357	0.00504	0.00362	0.00113	0.00328	0.00394	0.09955	0.00544
16	0.00648	0.00445	0.00539	0.00541	0.00637	0.00436	0.00398	0.02148	0.11249	0.06968	0.15713	0.32225	0.12346	0.06268	0.00534	0.00150	0.00243	0.05592	0.02542	0.00378
17	0.03688	0.00728	0.00887	0.00689	0.00962	0.00709	0.00567	0.24144	0.01228	0.52579	0.01274	0.01168	0.00839	0.00455	0.00363	0.00113	0.00331	0.00360	0.08309	0.00607
18	0.01004	0.00841	0.00888	0.00778	0.01003	0.00966	0.00611	0.13690	0.71985	0.01684	0.01437	0.01328	0.01072	0.00501	0.00381	0.00125	0.00314	0.00412	0.00381	0.00600
19	0.01010	0.00754	0.00824	0.00728	0.00941	0.00839	0.00571	0.06171	0.60825	0.11700	0.02858	0.03584	0.03407	0.00541	0.00386	0.00126	0.00298	0.01879	0.01984	0.00575
20	0.00493	0.00378	0.00415	0.00421	0.00529	0.00326	0.00310	0.00596	0.00860	0.03229	0.12490	0.17208	0.57594	0.00943	0.00444	0.00129	0.00196	0.00804	0.02308	0.00328
21	0.00966	0.00799	0.00849	0.00759	0.00975	0.00916	0.00592	0.01986	0.80141	0.05245	0.01525	0.01394	0.01136	0.00507	0.00382	0.00127	0.00298	0.00422	0.00385	0.00596
22	0.06807	0.00752	0.00885	0.00692	0.00974	0.06228	0.00567	0.08118	0.01101	0.67870	0.01319	0.01169	0.00846	0.00451	0.00366	0.00115	0.00349	0.00355	0.00426	0.00611
23	0.00778	0.00667	0.00778	0.00556	0.00889	0.00500	0.00445	0.00945	0.00778	0.01223	0.00667	0.00778	0.00556	0.00278	0.00278	0.00056	0.00278	0.00222	0.00222	0.89108
24	0.00543	0.00363	0.00410	0.00412	0.00413	0.00362	0.00230	0.00545	0.00550	0.00733	0.01205	0.04626	0.01393	0.84604	0.01873	0.00358	0.00360	0.00559	0.00230	0.00229
25	0.01003	0.87041	0.01966	0.00642	0.00963	0.01485	0.00642	0.01123	0.00762	0.00883	0.00522	0.00602	0.00481	0.00321	0.00241	0.00080	0.00401	0.00201	0.00160	0.00481
26	0.01120	0.00742	0.00835	0.00721	0.00951	0.00802	0.00569	0.01887	0.57460	0.24513	0.01610	0.01459	0.04588	0.00515	0.00383	0.00124	0.00299	0.00427	0.00403	0.00594
27	0.00455	0.00381	0.00397	0.00398	0.00518	0.00323	0.00300	0.00559	0.00872	0.01059	0.10888	0.04818	0.73955	0.00939	0.00446	0.00127	0.00193	0.02697	0.00354	0.00321
28	0.00908	0.00870	0.01485	0.10198	0.76742	0.00886	0.01141	0.01133	0.00844	0.01200	0.00702	0.00935	0.00585	0.00338	0.00372	0.00113	0.00451	0.00334	0.00184	0.00578
29	0.00895	0.00766	0.00816	0.00736	0.00936	0.00878	0.00571	0.01872	0.75984	0.01563	0.09341	0.01532	0.01371	0.00533	0.00387	0.00126	0.00286	0.00448	0.00385	0.00571
30	0.00725	0.00679	0.01071	0.77152	0.02389	0.03369	0.00978	0.00965	0.00769	0.00992	0.02748	0.01054	0.00596	0.00388	0.00370	0.00122	0.00482	0.00340	0.04399	0.00413
31	0.00539	0.00395	0.00523	0.00592	0.00668	0.00379	0.00480	0.00673	0.00833	0.01080	0.05741	0.25272	0.14610	0.01048	0.00494	0.00158	0.00282	0.45553	0.00349	0.00331
32	0.00886	0.01012	0.02214	0.01581	0.01961	0.00949	0.83112	0.01202	0.00886	0.01202	0.00759	0.01012	0.00569	0.00316	0.00443	0.00127	0.00633	0.00443	0.00190	0.00506
33	0.00459	0.00328	0.00437	0.00521	0.00545	0.00306	0.00348	0.00527	0.00727	0.00971	0.04116	0.84483	0.02508	0.01165	0.00478	0.00152	0.00217	0.01057	0.00350	0.00306
34	0.01004	0.12462	0.17896	0.01063	0.07087	0.13684	0.13901	0.06613	0.11391	0.04583	0.00894	0.02642	0.01938	0.00469	0.02641	0.00125	0.00507	0.00345	0.00233	0.00521
35	0.02648	0.02839	0.00867	0.00645	0.01860	0.06903	0.00509	0.11831	0.00930	0.01351	0.01978	0.02295	0.00636	0.00335	0.00300	0.00071	0.00328	0.00261	0.00244	0.63169
36	0.07150	0.06695	0.08207	0.03084	0.16946	0.10326	0.05708	0.11630	0.08365	0.04837	0.03560	0.02626	0.02240	0.00434	0.00403	0.00115	0.04937	0.00349	0.00252	0.02136

[dist]
# distance from previous block
# <min> <max>
8	13

[block]
# block no. 5 follows, 73 sequences, length 39
# corresponding to MSA columns:
# 421-459
name=unknown_F
#
# <colnr> <probs for GDERKNQSTAVLIFYWHMCP>
#	G	D	E	R	K	N	Q	S	T	A	V	L	I	F	Y	W	H	M	C	P
0	0.02035	0.02900	0.02137	0.10346	0.12153	0.01808	0.03698	0.07422	0.15787	0.05280	0.10010	0.04566	0.07110	0.02718	0.03125	0.03204	0.00371	0.01460	0.03398	0.00470
1	0.02229	0.04099	0.00750	0.03649	0.01659	0.03083	0.01619	0.10364	0.08299	0.01196	0.01625	0.33535	0.08461	0.02158	0.05231	0.00165	0.05963	0.03729	0.01785	0.00402
2	0.00495	0.00388	0.00450	0.00483	0.02079	0.00342	0.00352	0.00601	0.00850	0.02227	0.09999	0.19359	0.51489	0.00968	0.00455	0.00135	0.00215	0.08431	0.00352	0.00330
3	0.00743	0.00543	0.00674	0.05271	0.01914	0.03696	0.02536	0.04205	0.03234	0.10568	0.22610	0.18944	0.16648	0.01992	0.02140	0.00140	0.02737	0.00658	0.00348	0.00401
4	0.00846	0.01050	0.21034	0.07919	0.27119	0.00825	0.06133	0.04574	0.10828	0.02126	0.05052	0.01964	0.00820	0.00503	0.03379	0.01407	0.00460	0.00366	0.03064	0.00530
5	0.01058	0.13520	0.12664	0.01151	0.16105	0.22375	0.04872	0.04352	0.02122	0.04045	0.00675	0.00801	0.00544	0.00375	0.00393	0.00104	0.05970	0.00282	0.00202	0.08390
6	0.23556	0.06798	0.55234	0.00888	0.01337	0.00911	0.01066	0.04036	0.00785	0.01338	0.00633	0.00737	0.00464	0.00355	0.00318	0.00116	0.00472	0.00256	0.00185	0.00515
7	0.45496	0.00840	0.00876	0.10108	0.07538	0.03805	0.01531	0.16487	0.01900	0.01612	0.00638	0.00762	0.00494	0.00393	0.00359	0.00119	0.06061	0.00268	0.00244	0.00470
8	0.00671	0.00440	0.00534	0.00485	0.00606	0.00396	0.00356	0.01716	0.01962	0.08980	0.23771	0.06729	0.18909	0.15417	0.00739	0.06137	0.00255	0.01915	0.00331	0.09653
9	0.00765	0.00684	0.01030	0.20955	0.23294	0.01870	0.04382	0.05741	0.05018	0.01151	0.02327	0.10714	0.09139	0.07545	0.00525	0.00145	0.00397	0.03620	0.00248	0.00449
10	0.03723	0.01191	0.01081	0.11660	0.08219	0.36081	0.03894	0.06763	0.07238	0.03652	0.03541	0.02438	0.02601	0.00448	0.00418	0.00114	0.05893	0.00338	0.00236	0.00470
11	0.00470	0.00334	0.00436	0.00513	0.00536	0.00315	0.00341	0.00532	0.00706	0.00939	0.02000	0.74140	0.03673	0.10214	0.00630	0.00175	0.00236	0.03178	0.00335	0.00298
12	0.00546	0.00364	0.00409	0.00409	0.00409	0.00364	0.00227	0.00546	0.00546	0.00727	0.01182	0.02455	0.01364	0.86815	0.01910	0.00364	0.00364	0.00546	0.00227	0.00227
13	0.01071	0.34457	0.01472	0.21529	0.02800	0.08769	0.02635	0.18671	0.01012	0.03323	0.00675	0.00801	0.00535	0.00371	0.00321	0.00102	0.00457	0.00278	0.00219	0.00501
14	0.89465	0.00726	0.00551	0.00493	0.00726	0.00842	0.00406	0.01103	0.00638	0.01683	0.00522	0.00609	0.00406	0.00348	0.00232	0.00116	0.00290	0.00203	0.00232	0.00406
15	0.00461	0.00333	0.00437	0.00516	0.00547	0.00309	0.00350	0.00532	0.00736	0.00975	0.03708	0.78412	0.07401	0.01152	0.00477	0.00151	0.00218	0.02632	0.00349	0.00307
16	0.07260	0.01041	0.01108	0.00869	0.01164	0.01132	0.00707	0.68866	0.05187	0.07072	0.01004	0.01020	0.00727	0.00493	0.00397	0.00127	0.00418	0.00358	0.00394	0.00655
17	0.00482	0.00344	0.00464	0.00551	0.00584	0.00326	0.00392	0.00566	0.00743	0.00986	0.02054	0.72561	0.02427	0.01152	0.00486	0.00156	0.00239	0.14828	0.00348	0.00312
18	0.00709	0.00667	0.01125	0.85913	0.02584	0.00834	0.01042	0.00959	0.00750	0.00959	0.00667	0.01000	0.00500	0.00375	0.00375	0.00125	0.00500	0.00333	0.00167	0.00417
19	0.00467	0.00337	0.00438	0.00515	0.00546	0.00314	0.00350	0.00536	0.00726	0.00958	0.02134	0.73345	0.07724	0.05291	0.00547	0.00162	0.00229	0.04735	0.00342	0.00304
20	0.20685	0.00681	0.00696	0.00612	0.00815	0.00739	0.00486	0.10219	0.25916	0.09637	0.04300	0.04145	0.11611	0.00552	0.00355	0.00121	0.00283	0.01831	0.05826	0.00490
21	0.00709	0.00667	0.01125	0.85913	0.02584	0.00834	0.01042	0.00959	0.00750	0.00959	0.00667	0.01000	0.00500	0.00375	0.00375	0.00125	0.00500	0.00333	0.00167	0.00417
22	0.00929	0.00891	0.01523	0.02303	0.84475	0.00891	0.01151	0.01151	0.00854	0.01226	0.00706	0.00929	0.00594	0.00334	0.00371	0.00111	0.00446	0.00334	0.00186	0.00594
