[name]
unknown

[dist]
# distance from previous block
# <min> <max>
0	3

[block]
# block no. 0 follows, 73 sequences, length 134
# corresponding to MSA columns:
# 3-136
name=unknown_A
#
# <colnr> <probs for GDERKNQSTAVLIFYWHMCP>
#	G	D	E	R	K	N	Q	S	T	A	V	L	I	F	Y	W	H	M	C	P
0	0.00916	0.00987	0.01257	0.01921	0.01156	0.14547	0.12103	0.01057	0.02325	0.00967	0.00616	0.00954	0.00571	0.00574	0.00930	0.00147	0.55238	0.03122	0.00183	0.00429
1	0.00500	0.00367	0.00507	0.00548	0.00596	0.00374	0.00390	0.00591	0.00671	0.00926	0.01597	0.49184	0.01808	0.05368	0.31333	0.00322	0.00512	0.00774	0.00285	0.03348
2	0.00470	0.00380	0.00417	0.00411	0.00524	0.00327	0.00307	0.00588	0.00913	0.01157	0.27531	0.05582	0.58275	0.00902	0.00444	0.00125	0.00187	0.00766	0.00367	0.00327
3	0.00933	0.00806	0.00848	0.00764	0.00976	0.00933	0.00594	0.01994	0.83797	0.01569	0.01527	0.01400	0.01145	0.00509	0.00382	0.00127	0.00297	0.00424	0.00382	0.00594
4	0.00477	0.00352	0.00447	0.00485	0.00543	0.00322	0.00340	0.00581	0.00844	0.01132	0.27298	0.48232	0.15533	0.01016	0.00462	0.00138	0.00201	0.00906	0.00368	0.00322
5	0.01653	0.00687	0.00901	0.00690	0.00982	0.00623	0.00570	0.11344	0.01155	0.75104	0.01412	0.01233	0.00895	0.00463	0.00377	0.00116	0.00330	0.00373	0.00454	0.00638
6	0.00960	0.00810	0.00856	0.00765	0.00980	0.00933	0.00596	0.04247	0.80075	0.03042	0.01509	0.01384	0.01127	0.00507	0.00381	0.00127	0.00301	0.00421	0.00383	0.00596
7	0.00699	0.00350	0.00350	0.00350	0.00437	0.00350	0.00262	0.00874	0.00787	0.01399	0.01224	0.01399	0.00962	0.00437	0.00262	0.00087	0.00175	0.00350	0.88898	0.00350
8	0.01412	0.01659	0.01067	0.00945	0.01155	0.71753	0.00719	0.12598	0.01159	0.03227	0.00646	0.00722	0.00515	0.00397	0.00344	0.00099	0.00632	0.00258	0.00225	0.00468
9	0.00457	0.00326	0.00435	0.00522	0.00544	0.00305	0.00348	0.00522	0.00718	0.00958	0.02068	0.86570	0.02481	0.01175	0.00479	0.00152	0.00218	0.01067	0.00348	0.00305
10	0.01401	0.01788	0.01063	0.00967	0.01160	0.85309	0.00725	0.01498	0.01063	0.00918	0.00580	0.00677	0.00483	0.00387	0.00338	0.00097	0.00677	0.00242	0.00193	0.00435
11	0.00886	0.01012	0.02214	0.01581	0.01961	0.00949	0.83112	0.01202	0.00886	0.01202	0.00759	0.01012	0.00569	0.00316	0.00443	0.00127	0.00633	0.00443	0.00190	0.00506
12	0.00652	0.00326	0.00489	0.00489	0.00489	0.00326	0.00326	0.00489	0.00489	0.00652	0.00652	0.01140	0.00652	0.01303	0.01466	0.89084	0.00326	0.00326	0.00163	0.00163
13	0.01664	0.00669	0.00889	0.00682	0.00973	0.00597	0.00563	0.07834	0.01125	0.78657	0.01437	0.01249	0.00907	0.00463	0.00377	0.00116	0.00326	0.00374	0.00458	0.00638
14	0.00459	0.00328	0.00438	0.00525	0.00548	0.00307	0.00352	0.00526	0.00721	0.00960	0.02067	0.85287	0.02476	0.01173	0.00479	0.00153	0.00220	0.02327	0.00348	0.00305
15	0.01003	0.87041	0.01966	0.00642	0.00963	0.01485	0.00642	0.01123	0.00762	0.00883	0.00522	0.00602	0.00481	0.00321	0.00241	0.00080	0.00401	0.00201	0.00160	0.00481
16	0.00546	0.00364	0.00409	0.00409	0.00409	0.00364	0.00227	0.00546	0.00546	0.00727	0.01182	0.02455	0.01364	0.86815	0.01910	0.00364	0.00364	0.00546	0.00227	0.00227
17	0.00770	0.01834	0.76406	0.01195	0.10038	0.00873	0.01362	0.01184	0.00798	0.01192	0.00677	0.00806	0.00487	0.00354	0.00358	0.00118	0.00543	0.00283	0.00161	0.00559
18	0.89465	0.00726	0.00551	0.00493	0.00726	0.00842	0.00406	0.01103	0.00638	0.01683	0.00522	0.00609	0.00406	0.00348	0.00232	0.00116	0.00290	0.00203	0.00232	0.00406
19	0.01401	0.01788	0.01063	0.00967	0.01160	0.85309	0.00725	0.01498	0.01063	0.00918	0.00580	0.00677	0.00483	0.00387	0.00338	0.00097	0.00677	0.00242	0.00193	0.00435
20	0.00725	0.00681	0.01148	0.75269	0.10850	0.00826	0.01036	0.00967	0.00760	0.00986	0.00706	0.03149	0.00560	0.00391	0.00377	0.00124	0.00487	0.00352	0.00173	0.00432
21	0.00977	0.78352	0.10430	0.00686	0.01030	0.01422	0.00718	0.01130	0.00765	0.00914	0.00537	0.00621	0.00481	0.00325	0.00253	0.00084	0.00417	0.00208	0.00160	0.00489
22	0.00709	0.00667	0.01125	0.85913	0.02584	0.00834	0.01042	0.00959	0.00750	0.00959	0.00667	0.01000	0.00500	0.00375	0.00375	0.00125	0.00500	0.00333	0.00167	0.00417
23	0.00443	0.00380	0.00380	0.00380	0.00507	0.00317	0.00285	0.00538	0.00855	0.01014	0.03801	0.03611	0.84322	0.00950	0.00443	0.00127	0.00190	0.00792	0.00348	0.00317
24	0.00465	0.00350	0.00427	0.00471	0.00532	0.00316	0.00328	0.00551	0.00798	0.01039	0.13064	0.49521	0.26653	0.03044	0.00497	0.00145	0.00208	0.00924	0.00354	0.00313
25	0.01001	0.02840	0.59672	0.02691	0.02754	0.00974	0.14194	0.03402	0.01969	0.04944	0.00899	0.01085	0.00680	0.00467	0.00441	0.00149	0.00597	0.00366	0.00242	0.00632
26	0.01426	0.01051	0.01126	0.00863	0.01163	0.01163	0.00713	0.83224	0.01764	0.02364	0.00901	0.00901	0.00638	0.00450	0.00375	0.00113	0.00413	0.00338	0.00375	0.00638
27	0.00445	0.00380	0.00382	0.00381	0.00508	0.00317	0.00286	0.00541	0.00858	0.01021	0.04953	0.03599	0.83166	0.00948	0.00443	0.00127	0.00190	0.00790	0.00349	0.00317
28	0.00733	0.00692	0.02528	0.24074	0.36168	0.00709	0.00883	0.00935	0.00830	0.01133	0.09611	0.10065	0.08098	0.00553	0.01284	0.00126	0.00396	0.00482	0.00234	0.00466
29	0.00598	0.02187	0.24738	0.00740	0.01010	0.00568	0.10224	0.00817	0.00834	0.01096	0.05045	0.09832	0.38191	0.00713	0.00420	0.00126	0.00353	0.01823	0.00275	0.00410
30	0.01676	0.00651	0.00878	0.00673	0.00964	0.00569	0.00556	0.04214	0.01094	0.82320	0.01463	0.01266	0.00920	0.00464	0.00377	0.00116	0.00322	0.00376	0.00462	0.00638
31	0.00929	0.00891	0.01523	0.02303	0.84475	0.00891	0.01151	0.01151	0.00854	0.01226	0.00706	0.00929	0.00594	0.00334	0.00371	0.00111	0.00446	0.00334	0.00186	0.00594
32	0.01072	0.02493	0.26030	0.09565	0.19161	0.03146	0.04989	0.08543	0.00959	0.19108	0.00871	0.00959	0.00619	0.00383	0.00369	0.00116	0.00468	0.00327	0.00252	0.00568
33	0.00865	0.00885	0.03391	0.23839	0.26914	0.02044	0.28319	0.01120	0.00837	0.03327	0.00764	0.03255	0.00615	0.00371	0.00412	0.00122	0.01833	0.00388	0.00193	0.00506
34	0.74923	0.00853	0.00655	0.00623	0.03985	0.10349	0.00477	0.01146	0.00694	0.01569	0.00535	0.00632	0.00423	0.00356	0.00263	0.00114	0.01546	0.00214	0.00225	0.00417
35	0.01653	0.00687	0.00901	0.00690	0.00982	0.00623	0.00570	0.11344	0.01155	0.75104	0.01412	0.01233	0.00895	0.00463	0.00377	0.00116	0.00330	0.00373	0.00454	0.00638
36	0.00926	0.00807	0.01210	0.28389	0.29526	0.00888	0.02163	0.13807	0.10076	0.02534	0.03706	0.01133	0.00767	0.00414	0.00381	0.00119	0.00432	0.01945	0.00245	0.00531
37	0.00467	0.00333	0.00444	0.00528	0.00553	0.00313	0.00359	0.00538	0.00728	0.00970	0.03360	0.79533	0.02461	0.02793	0.00507	0.00157	0.00226	0.05075	0.00347	0.00306
38	0.00709	0.00667	0.01125	0.85913	0.02584	0.00834	0.01042	0.00959	0.00750	0.00959	0.00667	0.01000	0.00500	0.00375	0.00375	0.00125	0.00500	0.00333	0.00167	0.00417
39	0.00542	0.00406	0.00506	0.00477	0.00576	0.00380	0.00359	0.00757	0.05441	0.01451	0.70498	0.02822	0.12823	0.00775	0.00439	0.00120	0.00185	0.00678	0.00404	0.00362
40	0.89465	0.00726	0.00551	0.00493	0.00726	0.00842	0.00406	0.01103	0.00638	0.01683	0.00522	0.00609	0.00406	0.00348	0.00232	0.00116	0.00290	0.00203	0.00232	0.00406
41	0.00844	0.00706	0.00813	0.00587	0.00917	0.00567	0.00472	0.09301	0.00878	0.01339	0.00691	0.00790	0.00564	0.00295	0.00288	0.00061	0.00292	0.00234	0.00238	0.80123
42	0.00752	0.01941	0.84871	0.01069	0.01624	0.00871	0.01386	0.01188	0.00792	0.01188	0.00673	0.00792	0.00475	0.00356	0.00356	0.00119	0.00554	0.00277	0.00158	0.00554
43	0.00457	0.00326	0.00435	0.00522	0.00544	0.00305	0.00348	0.00522	0.00718	0.00958	0.02068	0.86570	0.02481	0.01175	0.00479	0.00152	0.00218	0.01067	0.00348	0.00305
44	0.00752	0.01941	0.84871	0.01069	0.01624	0.00871	0.01386	0.01188	0.00792	0.01188	0.00673	0.00792	0.00475	0.00356	0.00356	0.00119	0.00554	0.00277	0.00158	0.00554
45	0.00477	0.00381	0.00426	0.00415	0.00527	0.00331	0.00311	0.00603	0.00934	0.01201	0.34568	0.03302	0.53438	0.00880	0.00443	0.00123	0.00185	0.00748	0.00373	0.00331
46	0.00916	0.00711	0.00752	0.00659	0.00859	0.00784	0.00515	0.10045	0.49188	0.01585	0.01326	0.01302	0.01005	0.00469	0.00345	0.00111	0.00278	0.00382	0.21673	0.07095
47	0.89465	0.00726	0.00551	0.00493	0.00726	0.00842	0.00406	0.01103	0.00638	0.01683	0.00522	0.00609	0.00406	0.00348	0.00232	0.00116	0.00290	0.00203	0.00232	0.00406
48	0.00536	0.00402	0.00603	0.00603	0.00670	0.00469	0.00469	0.00670	0.00603	0.00871	0.01005	0.01474	0.00938	0.02814	0.85328	0.00603	0.01005	0.00402	0.00201	0.00335
49	0.89465	0.00726	0.00551	0.00493	0.00726	0.00842	0.00406	0.01103	0.00638	0.01683	0.00522	0.00609	0.00406	0.00348	0.00232	0.00116	0.00290	0.00203	0.00232	0.00406
50	0.00699	0.00350	0.00350	0.00350	0.00437	0.00350	0.00262	0.00874	0.00787	0.01399	0.01224	0.01399	0.00962	0.00437	0.00262	0.00087	0.00175	0.00350	0.88898	0.00350
51	0.00457	0.00326	0.00435	0.00522	0.00544	0.00305	0.00348	0.00522	0.00718	0.00958	0.02068	0.86570	0.02481	0.01175	0.00479	0.00152	0.00218	0.01067	0.00348	0.00305
52	0.01003	0.87041	0.01966	0.00642	0.00963	0.01485	0.00642	0.01123	0.00762	0.00883	0.00522	0.00602	0.00481	0.00321	0.00241	0.00080	0.00401	0.00201	0.00160	0.00481
53	0.00821	0.00821	0.01149	0.00985	0.00985	0.01149	0.00821	0.00903	0.00575	0.00903	0.00492	0.00821	0.00492	0.00657	0.01231	0.00164	0.86128	0.00328	0.00164	0.00410
54	0.00546	0.00364	0.00409	0.00409	0.00409	0.00364	0.00227	0.00546	0.00546	0.00727	0.01182	0.02455	0.01364	0.86815	0.01910	0.00364	0.00364	0.00546	0.00227	0.00227
55	0.00681	0.02882	0.00585	0.00566	0.00653	0.00433	0.00413	0.05198	0.00815	0.11067	0.01853	0.56188	0.05378	0.01182	0.09071	0.00189	0.00326	0.01805	0.00343	0.00372
56	0.00752	0.01941	0.84871	0.01069	0.01624	0.00871	0.01386	0.01188	0.00792	0.01188	0.00673	0.00792	0.00475	0.00356	0.00356	0.00119	0.00554	0.00277	0.00158	0.00554
57	0.04672	0.07169	0.01161	0.00945	0.01159	0.61706	0.04512	0.08154	0.02072	0.01084	0.00617	0.00717	0.00505	0.00394	0.00369	0.00102	0.03734	0.00260	0.00209	0.00458
58	0.01003	0.87041	0.01966	0.00642	0.00963	0.01485	0.00642	0.01123	0.00762	0.00883	0.00522	0.00602	0.00481	0.00321	0.00241	0.00080	0.00401	0.00201	0.00160	0.00481
59	0.00567	0.00438	0.00527	0.00534	0.00624	0.00436	0.00388	0.00853	0.15796	0.01262	0.30572	0.33990	0.10786	0.00892	0.00445	0.00133	0.00215	0.00789	0.00377	0.00375
60	0.00577	0.00422	0.00557	0.00550	0.00629	0.01326	0.00421	0.02792	0.00683	0.00979	0.01330	0.02800	0.09439	0.06638	0.58243	0.00458	0.00763	0.00448	0.10607	0.00338
61	0.00626	0.13582	0.03177	0.02661	0.00761	0.00622	0.01398	0.00817	0.09157	0.01008	0.01611	0.51968	0.02678	0.03828	0.00508	0.00144	0.04007	0.00770	0.00300	0.00375
62	0.00839	0.00861	0.01278	0.01058	0.01107	0.02570	0.10888	0.00950	0.00621	0.00940	0.00527	0.00842	0.00502	0.00610	0.01119	0.00158	0.74200	0.00341	0.00168	0.00423
63	0.01393	0.01002	0.01077	0.00830	0.01118	0.01103	0.00684	0.76551	0.01692	0.04506	0.00934	0.00938	0.00663	0.00450	0.00369	0.00111	0.00397	0.00339	0.05219	0.00622
64	0.00652	0.00326	0.00489	0.00489	0.00489	0.00326	0.00326	0.00489	0.00489	0.00652	0.00652	0.01140	0.00652	0.01303	0.01466	0.89084	0.00326	0.00326	0.00163	0.00163
65	0.00787	0.05665	0.73371	0.01086	0.01613	0.00901	0.07940	0.01195	0.00802	0.02277	0.00684	0.00808	0.00489	0.00353	0.00358	0.00118	0.00551	0.00288	0.00165	0.00548
66	0.00578	0.00421	0.00565	0.00616	0.00708	0.00411	0.00521	0.00756	0.01948	0.01204	0.20459	0.03824	0.09595	0.00962	0.00493	0.00156	0.00294	0.55779	0.00361	0.00348
67	0.00530	0.00395	0.00586	0.00598	0.00661	0.00451	0.00461	0.00659	0.00624	0.00888	0.01146	0.10211	0.01136	0.02587	0.73812	0.00542	0.00902	0.03257	0.00221	0.00332
68	0.23983	0.00687	0.00817	0.00647	0.00917	0.00670	0.02090	0.07526	0.01001	0.52945	0.02043	0.02274	0.00816	0.00444	0.00342	0.00116	0.00320	0.00344	0.01452	0.00566
69	0.00938	0.10789	0.16905	0.01250	0.03686	0.01021	0.40023	0.10514	0.06574	0.01313	0.00777	0.00933	0.00588	0.00361	0.00411	0.00119	0.02684	0.00367	0.00214	0.00533
70	0.00444	0.00377	0.00383	0.00388	0.00509	0.00316	0.00288	0.00538	0.00848	0.01010	0.03706	0.08123	0.79871	0.00962	0.00445	0.00128	0.00192	0.00807	0.00348	0.00316
71	0.00454	0.00350	0.00415	0.00464	0.00530	0.00311	0.00323	0.00534	0.00783	0.00996	0.05200	0.51077	0.35072	0.01074	0.00464	0.00141	0.00205	0.00946	0.00350	0.00311
72	0.05803	0.02267	0.04943	0.08104	0.29227	0.00879	0.09712	0.12833	0.06286	0.11920	0.03728	0.01049	0.00751	0.00396	0.00374	0.00116	0.00427	0.00358	0.00268	0.00561
73	0.01140	0.16275	0.01257	0.09847	0.04925	0.36709	0.00771	0.06207	0.03138	0.01948	0.00625	0.00770	0.00523	0.00422	0.00470	0.00110	0.13927	0.00274	0.00199	0.00463
74	0.00832	0.00954	0.15546	0.02170	0.13602	0.00706	0.01807	0.03472	0.09397	0.01277	0.00768	0.00877	0.00609	0.00336	0.00335	0.00087	0.01530	0.00279	0.00225	0.45190
75	0.00910	0.24563	0.38322	0.09600	0.05716	0.04629	0.01038	0.05551	0.00858	0.03362	0.01820	0.00811	0.00549	0.00363	0.00330	0.00107	0.00488	0.00275	0.00186	0.00522
76	0.00874	0.00726	0.00773	0.00709	0.00894	0.00829	0.00546	0.02882	0.67970	0.01505	0.01550	0.10043	0.01260	0.00570	0.00383	0.00127	0.00281	0.00483	0.07048	0.00547
77	0.00801	0.01934	0.01190	0.03536	0.03888	0.00967	0.11494	0.04486	0.00687	0.01005	0.00670	0.01033	0.00622	0.04846	0.14313	0.00231	0.47328	0.00364	0.00186	0.00420
78	0.50760	0.33987	0.03231	0.00578	0.00852	0.03436	0.00530	0.01124	0.00702	0.01342	0.00527	0.00613	0.00439	0.00339	0.00242	0.00102	0.00350	0.00205	0.00202	0.00440
79	0.00446	0.00376	0.00386	0.00392	0.00510	0.00316	0.00291	0.00539	0.00847	0.01015	0.04690	0.09942	0.77040	0.00965	0.00446	0.00129	0.00192	0.00811	0.00349	0.00316
80	0.00461	0.00344	0.00430	0.00491	0.00541	0.00313	0.00339	0.00541	0.00772	0.01005	0.07273	0.61717	0.20794	0.01099	0.00470	0.00145	0.00211	0.02393	0.00352	0.00311
81	0.00458	0.00336	0.00430	0.00501	0.00540	0.00308	0.00340	0.00531	0.00749	0.00984	0.05163	0.72395	0.13628	0.01131	0.00473	0.00148	0.00212	0.01016	0.00351	0.00308
82	0.01003	0.87041	0.01966	0.00642	0.00963	0.01485	0.00642	0.01123	0.00762	0.00883	0.00522	0.00602	0.00481	0.00321	0.00241	0.00080	0.00401	0.00201	0.00160	0.00481
83	0.00453	0.00379	0.00395	0.00394	0.00514	0.00321	0.00294	0.00557	0.00874	0.01066	0.12585	0.05569	0.73443	0.00936	0.00444	0.00126	0.00189	0.00786	0.00355	0.00321
84	0.89465	0.00726	0.00551	0.00493	0.00726	0.00842	0.00406	0.01103	0.00638	0.01683	0.00522	0.00609	0.00406	0.00348	0.00232	0.00116	0.00290	0.00203	0.00232	0.00406
85	0.00581	0.00422	0.00573	0.00649	0.00738	0.00414	0.00559	0.00740	0.00857	0.01104	0.02195	0.07335	0.11468	0.01032	0.00508	0.00167	0.00323	0.69649	0.00346	0.00341
86	0.00778	0.00667	0.00778	0.00556	0.00889	0.00500	0.00445	0.00945	0.00778	0.01223	0.00667	0.00778	0.00556	0.00278	0.00278	0.00056	0.00278	0.00222	0.00222	0.89108
87	0.00488	0.00375	0.00447	0.00443	0.00538	0.00334	0.00327	0.00620	0.00939	0.01248	0.43105	0.13701	0.34302	0.00889	0.00447	0.00126	0.00187	0.00771	0.00380	0.00334
88	0.00489	0.00378	0.00452	0.00493	0.00572	0.00348	0.00362	0.00618	0.03646	0.01051	0.07728	0.38413	0.32995	0.01028	0.00464	0.00142	0.00222	0.09918	0.00353	0.00327
89	0.00776	0.00750	0.01042	0.00904	0.00908	0.01030	0.00740	0.00853	0.00573	0.00883	0.00592	0.01025	0.00607	0.09533	0.06216	0.00210	0.72442	0.00355	0.00173	0.00387
90	0.00885	0.00978	0.09936	0.13802	0.62749	0.01813	0.02132	0.01133	0.00836	0.01181	0.00696	0.00923	0.00568	0.00343	0.00371	0.00114	0.00469	0.00329	0.00180	0.00563
91	0.01380	0.06053	0.01124	0.00920	0.01148	0.57891	0.00716	0.22648	0.02438	0.01300	0.00674	0.00741	0.00533	0.00401	0.00343	0.00100	0.00588	0.00267	0.00241	0.00492
92	0.00556	0.00419	0.00529	0.09569	0.00758	0.00406	0.00405	0.01847	0.00956	0.01317	0.44402	0.02656	0.24348	0.00736	0.00416	0.00118	0.00218	0.00634	0.09356	0.00354
93	0.00785	0.00745	0.01264	0.56674	0.31222	0.00854	0.01080	0.01026	0.00787	0.01052	0.00680	0.00975	0.00533	0.00361	0.00374	0.00120	0.00481	0.00334	0.00173	0.00479
94	0.00536	0.00402	0.00603	0.00603	0.00670	0.00469	0.00469	0.00670	0.00603	0.00871	0.01005	0.01474	0.00938	0.02814	0.85328	0.00603	0.01005	0.00402	0.00201	0.00335
95	0.01401	0.01788	0.01063	0.00967	0.01160	0.85309	0.00725	0.01498	0.01063	0.00918	0.00580	0.00677	0.00483	0.00387	0.00338	0.00097	0.00677	0.00242	0.00193	0.00435
96	0.00699	0.00350	0.00350	0.00350	0.00437	0.00350	0.00262	0.00874	0.00787	0.01399	0.01224	0.01399	0.00962	0.00437	0.00262	0.00087	0.00175	0.00350	0.88898	0.00350
97	0.00709	0.00667	0.01125	0.85913	0.02584	0.00834	0.01042	0.00959	0.00750	0.00959	0.00667	0.01000	0.00500	0.00375	0.00375	0.00125	0.00500	0.00333	0.00167	0.00417
98	0.00483	0.00362	0.00449	0.00477	0.00549	0.00328	0.00344	0.00596	0.00870	0.01157	0.29452	0.35611	0.23066	0.00981	0.00460	0.00135	0.00202	0.03783	0.00369	0.00325
99	0.00454	0.00350	0.00416	0.00464	0.00530	0.00311	0.00323	0.00535	0.00785	0.00999	0.05570	0.50573	0.35205	0.01071	0.00463	0.00141	0.00205	0.00944	0.00351	0.00311
100	0.01335	0.00969	0.01041	0.00807	0.01090	0.01057	0.00664	0.72044	0.01648	0.05043	0.01215	0.01189	0.09147	0.00502	0.00382	0.00114	0.00387	0.00385	0.00376	0.00605
101	0.00524	0.00391	0.00555	0.00576	0.00622	0.00434	0.00426	0.00625	0.00633	0.00887	0.01323	0.26373	0.01423	0.09547	0.49657	0.00432	0.03548	0.01456	0.00246	0.00319
102	0.02623	0.41388	0.01476	0.00805	0.01061	0.42867	0.00681	0.03377	0.00934	0.00950	0.00560	0.00646	0.00485	0.00357	0.00292	0.00090	0.00536	0.00224	0.00183	0.00461
103	0.74850	0.00769	0.00679	0.04544	0.04860	0.02984	0.01613	0.02671	0.00689	0.01605	0.00549	0.00658	0.00429	0.00355	0.00267	0.00117	0.01487	0.00224	0.00227	0.00422
104	0.00829	0.01022	0.17042	0.10848	0.42526	0.00842	0.07257	0.01102	0.01922	0.01172	0.00886	0.01239	0.03006	0.00419	0.00405	0.00122	0.02263	0.06367	0.00197	0.00531
105	0.00448	0.00378	0.00388	0.00389	0.00511	0.00318	0.00291	0.00546	0.00861	0.01036	0.07697	0.06288	0.77675	0.00949	0.00445	0.00127	0.00190	0.00795	0.00352	0.00318
106	0.00477	0.00354	0.00493	0.00557	0.00596	0.00331	0.02660	0.00557	0.00736	0.00976	0.02088	0.76330	0.05312	0.01135	0.00479	0.00152	0.00236	0.05873	0.00344	0.00313
107	0.09539	0.00388	0.00449	0.00484	0.00524	0.00392	0.00321	0.00606	0.00650	0.00953	0.02482	0.39315	0.01797	0.33655	0.03797	0.00244	0.00310	0.03519	0.00286	0.00289
108	0.00445	0.00380	0.00382	0.00381	0.00508	0.00317	0.00286	0.00541	0.00858	0.01021	0.04958	0.03599	0.83161	0.00948	0.00443	0.00127	0.00190	0.00790	0.00349	0.00317
109	0.00709	0.00667	0.01125	0.85913	0.02584	0.00834	0.01042	0.00959	0.00750	0.00959	0.00667	0.01000	0.00500	0.00375	0.00375	0.00125	0.00500	0.00333	0.00167	0.00417
110	0.00778	0.00667	0.00778	0.00556	0.00889	0.00500	0.00445	0.00945	0.00778	0.01223	0.00667	0.00778	0.00556	0.00278	0.00278	0.00056	0.00278	0.00222	0.00222	0.89108
111	0.00929	0.00891	0.01523	0.02303	0.84475	0.00891	0.01151	0.01151	0.00854	0.01226	0.00706	0.00929	0.00594	0.00334	0.00371	0.00111	0.00446	0.00334	0.00186	0.00594
112	0.00527	0.00419	0.00542	0.00659	0.09077	0.00383	0.00427	0.00631	0.00806	0.02094	0.02641	0.35299	0.36512	0.00975	0.00455	0.00139	0.00241	0.07493	0.00333	0.00347
113	0.00624	0.00365	0.00516	0.00509	0.00526	0.00384	0.00349	0.01601	0.00553	0.00753	0.03326	0.01455	0.00902	0.15679	0.15523	0.54030	0.02111	0.00386	0.00190	0.00219
114	0.00457	0.00326	0.00435	0.00522	0.00544	0.00305	0.00348	0.00522	0.00718	0.00958	0.02068	0.86570	0.02481	0.01175	0.00479	0.00152	0.00218	0.01067	0.00348	0.00305
115	0.01683	0.00638	0.00871	0.00668	0.00958	0.00551	0.00551	0.01828	0.01074	0.84734	0.01480	0.01277	0.00929	0.00464	0.00377	0.00116	0.00319	0.00377	0.00464	0.00638
116	0.01401	0.01788	0.01063	0.00967	0.01160	0.85309	0.00725	0.01498	0.01063	0.00918	0.00580	0.00677	0.00483	0.00387	0.00338	0.00097	0.00677	0.00242	0.00193	0.00435
117	0.01014	0.84615	0.01940	0.00651	0.00969	0.03870	0.00644	0.01134	0.00771	0.00884	0.00523	0.00604	0.00482	0.00323	0.00244	0.00081	0.00409	0.00202	0.00161	0.00480
118	0.89465	0.00726	0.00551	0.00493	0.00726	0.00842	0.00406	0.01103	0.00638	0.01683	0.00522	0.00609	0.00406	0.00348	0.00232	0.00116	0.00290	0.00203	0.00232	0.00406
119	0.01401	0.01788	0.01063	0.00967	0.01160	0.85309	0.00725	0.01498	0.01063	0.00918	0.00580	0.00677	0.00483	0.00387	0.00338	0.00097	0.00677	0.00242	0.00193	0.00435
120	0.00536	0.00402	0.00603	0.00603	0.00670	0.00469	0.00469	0.00670	0.00603	0.00871	0.01005	0.01474	0.00938	0.02814	0.85328	0.00603	0.01005	0.00402	0.00201	0.00335
121	0.00709	0.00667	0.01125	0.85913	0.02584	0.00834	0.01042	0.00959	0.00750	0.00959	0.00667	0.01000	0.00500	0.00375	0.00375	0.00125	0.00500	0.00333	0.00167	0.00417
122	0.00752	0.01941	0.84871	0.01069	0.01624	0.00871	0.01386	0.01188	0.00792	0.01188	0.00673	0.00792	0.00475	0.00356	0.00356	0.00119	0.00554	0.00277	0.00158	0.00554
123	0.00605	0.00432	0.00605	0.00691	0.00777	0.00432	0.00605	0.00777	0.00864	0.01123	0.01986	0.04232	0.02159	0.01036	0.00518	0.00173	0.00345	0.81949	0.00345	0.00345
124	0.00709	0.00667	0.01125	0.85913	0.02584	0.00834	0.01042	0.00959	0.00750	0.00959	0.00667	0.01000	0.00500	0.00375	0.00375	0.00125	0.00500	0.00333	0.00167	0.00417
125	0.00540	0.00386	0.00522	0.00522	0.00561	0.00425	0.00368	0.00618	0.00579	0.00811	0.01079	0.01885	0.01116	0.38007	0.50379	0.00503	0.00736	0.00462	0.00212	0.00290
126	0.00546	0.00364	0.00409	0.00409	0.00409	0.00364	0.00227	0.00546	0.00546	0.00727	0.01182	0.02455	0.01364	0.86815	0.01910	0.00364	0.00364	0.00546	0.00227	0.00227
127	0.00933	0.00803	0.00846	0.00759	0.00971	0.00927	0.00591	0.03184	0.81339	0.01573	0.01551	0.01425	0.02375	0.00515	0.00383	0.00127	0.00297	0.00428	0.00381	0.00590
128	0.02924	0.00668	0.00774	0.00556	0.00886	0.00509	0.00445	0.00961	0.00779	0.02372	0.00674	0.00781	0.00557	0.00282	0.00278	0.00058	0.00279	0.00224	0.00226	0.85769
129	0.00650	0.00326	0.00488	0.00488	0.00488	0.00326	0.00324	0.00490	0.00490	0.00653	0.00660	0.01160	0.00663	0.02606	0.01473	0.87733	0.00326	0.00329	0.00164	0.00164
130	0.00802	0.00749	0.00761	0.00742	0.00873	0.17970	0.04347	0.03779	0.00906	0.02690	0.02627	0.21934	0.02806	0.00830	0.00448	0.00140	0.00392	0.32351	0.00306	0.04546
131	0.00831	0.00796	0.01366	0.39077	0.46268	0.00867	0.03259	0.01068	0.00809	0.01108	0.00690	0.00962	0.00552	0.00352	0.00375	0.00118	0.00475	0.00337	0.00177	0.00514
132	0.01032	0.00803	0.00930	0.03657	0.02328	0.00693	0.00581	0.01315	0.15733	0.07695	0.02671	0.01200	0.00900	0.00457	0.00384	0.00109	0.00350	0.00340	0.00325	0.58494
133	0.15251	0.09530	0.01209	0.16535	0.15338	0.02159	0.10298	0.02968	0.06150	0.07930	0.00845	0.03874	0.00678	0.00435	0.01611	0.00122	0.00420	0.00346	0.03811	0.00488

[dist]
# distance from previous block
# <min> <max>
0	2

[block]
# block no. 1 follows, 73 sequences, length 17
# corresponding to MSA columns:
# 139-155
name=unknown_B
#
# <colnr> <probs for GDERKNQSTAVLIFYWHMCP>
#	G	D	E	R	K	N	Q	S	T	A	V	L	I	F	Y	W	H	M	C	P
0	0.00730	0.00580	0.00757	0.00664	0.00785	0.00638	0.03437	0.10047	0.10742	0.01418	0.38258	0.01895	0.02022	0.00955	0.11755	0.02876	0.10101	0.00511	0.01412	0.00417
1	0.00722	0.03415	0.72625	0.00978	0.01472	0.00815	0.01236	0.01111	0.00807	0.01178	0.03931	0.01114	0.08138	0.00424	0.00365	0.00119	0.00505	0.00336	0.00185	0.00524
2	0.00918	0.16383	0.31040	0.02360	0.18427	0.02472	0.03011	0.10630	0.04404	0.01287	0.02484	0.01950	0.02244	0.00392	0.00349	0.00111	0.00463	0.00320	0.00211	0.00544
3	0.00559	0.00415	0.00557	0.00548	0.00580	0.00470	0.00390	0.00630	0.00581	0.00816	0.01082	0.05204	0.01144	0.37912	0.40427	0.00451	0.07243	0.00483	0.00215	0.00294
4	0.00847	0.00745	0.01080	0.02100	0.11303	0.04457	0.15897	0.10157	0.07531	0.04096	0.13658	0.10151	0.07619	0.02125	0.04685	0.00149	0.00413	0.00524	0.00297	0.02167
5	0.00465	0.00333	0.00443	0.00517	0.00546	0.00310	0.00349	0.00543	0.00756	0.01018	0.11191	0.77273	0.02599	0.01130	0.00475	0.00149	0.00213	0.01023	0.00355	0.00310
6	0.00778	0.00667	0.00778	0.00556	0.00889	0.00500	0.00445	0.00945	0.00778	0.01223	0.00667	0.00778	0.00556	0.00278	0.00278	0.00056	0.00278	0.00222	0.00222	0.89108
7	0.00908	0.00773	0.04079	0.20043	0.25610	0.00733	0.00839	0.03245	0.00854	0.10450	0.02387	0.02240	0.02446	0.00390	0.00379	0.00105	0.02754	0.00337	0.00234	0.21194
8	0.01965	0.03259	0.06001	0.02262	0.02446	0.07235	0.00503	0.02089	0.00805	0.05302	0.07064	0.16148	0.13192	0.17959	0.00739	0.00177	0.02866	0.07956	0.01666	0.00365
9	0.00496	0.00390	0.00428	0.00433	0.00552	0.00338	0.00334	0.00607	0.00875	0.02879	0.10586	0.05699	0.64178	0.00939	0.00451	0.00131	0.00210	0.09787	0.00356	0.00330
10	0.02771	0.00941	0.03738	0.12621	0.05519	0.00903	0.50898	0.05735	0.03268	0.08562	0.00830	0.01021	0.00607	0.00352	0.00413	0.00124	0.00549	0.00403	0.00226	0.00519
11	0.00927	0.01112	0.13950	0.07926	0.42620	0.09187	0.07885	0.03372	0.03710	0.01221	0.03980	0.00984	0.00691	0.00370	0.00375	0.00114	0.00488	0.00342	0.00202	0.00544
12	0.00623	0.00455	0.00527	0.00500	0.00624	0.00435	0.00378	0.02173	0.10124	0.06519	0.25020	0.13138	0.35104	0.00836	0.00447	0.00127	0.01498	0.00713	0.00375	0.00383
13	0.00893	0.00807	0.00775	0.00717	0.00892	0.09426	0.00545	0.01645	0.57508	0.01387	0.01525	0.10868	0.03398	0.03186	0.00430	0.00132	0.00320	0.00487	0.04543	0.00516
14	0.60121	0.01753	0.02175	0.00772	0.10106	0.04299	0.01475	0.06291	0.00779	0.05537	0.00632	0.00723	0.00485	0.00365	0.00286	0.00114	0.01468	0.00244	0.01919	0.00457
15	0.00871	0.00979	0.01969	0.01429	0.01767	0.04875	0.70028	0.01161	0.00914	0.01222	0.10019	0.01195	0.00895	0.00370	0.00438	0.00124	0.00584	0.00459	0.00215	0.00486
16	0.00994	0.02756	0.10374	0.09933	0.14834	0.01728	0.02870	0.24306	0.07260	0.04562	0.07329	0.02934	0.03072	0.02034	0.01250	0.00126	0.01523	0.00392	0.00284	0.01439

[dist]
# distance from previous block
# <min> <max>
0	2

[block]
# block no. 2 follows, 73 sequences, length 11
# corresponding to MSA columns:
# 158-168
name=unknown_C
#
# <colnr> <probs for GDERKNQSTAVLIFYWHMCP>
#	G	D	E	R	K	N	Q	S	T	A	V	L	I	F	Y	W	H	M	C	P
0	0.00901	0.00786	0.02800	0.10169	0.05065	0.03773	0.03318	0.19031	0.20545	0.01453	0.05840	0.04751	0.06224	0.04889	0.07569	0.00173	0.00426	0.00447	0.01349	0.00491
1	0.00684	0.00482	0.00583	0.00534	0.00662	0.00479	0.00408	0.01028	0.17355	0.06820	0.56221	0.02436	0.07174	0.00698	0.00422	0.00119	0.00210	0.00607	0.02661	0.00417
2	0.00835	0.10731	0.04111	0.03562	0.23865	0.00783	0.02119	0.02638	0.08200	0.01228	0.06168	0.03138	0.02820	0.00441	0.01826	0.00104	0.00367	0.00345	0.00235	0.26483
3	0.00549	0.00383	0.00457	0.00479	0.00517	0.00376	0.00333	0.00605	0.00666	0.00865	0.01708	0.03058	0.11564	0.54067	0.01370	0.00285	0.00338	0.21838	0.00273	0.00269
4	0.89465	0.00726	0.00551	0.00493	0.00726	0.00842	0.00406	0.01103	0.00638	0.01683	0.00522	0.00609	0.00406	0.00348	0.00232	0.00116	0.00290	0.00203	0.00232	0.00406
5	0.01029	0.64658	0.01675	0.00679	0.00961	0.16467	0.00628	0.01143	0.00824	0.00900	0.00799	0.00860	0.07301	0.00384	0.00275	0.00087	0.00434	0.00256	0.00182	0.00460
6	0.01121	0.00495	0.00626	0.00531	0.00717	0.00441	0.00420	0.01263	0.00948	0.42178	0.07112	0.08715	0.10892	0.00592	0.00369	0.00113	0.00251	0.00495	0.22236	0.00484
7	0.00696	0.00628	0.00674	0.00700	0.07491	0.10289	0.00480	0.00947	0.09011	0.01384	0.53874	0.02328	0.08667	0.00676	0.00419	0.00117	0.00269	0.00584	0.00361	0.00403
8	0.00464	0.00375	0.00404	0.00413	0.00522	0.00323	0.00307	0.00569	0.00861	0.01070	0.11829	0.12374	0.62961	0.00946	0.00445	0.00129	0.00196	0.03086	0.02403	0.00321
9	0.03898	0.08224	0.32892	0.07150	0.02883	0.10871	0.07091	0.14885	0.00991	0.04805	0.00720	0.00830	0.00532	0.00381	0.00372	0.00114	0.02316	0.00297	0.00217	0.00531
10	0.00894	0.00693	0.00740	0.00666	0.00851	0.00779	0.00517	0.04283	0.57370	0.03712	0.08182	0.01495	0.01285	0.00514	0.00365	0.00119	0.00269	0.00427	0.16307	0.00533

[dist]
# distance from previous block
# <min> <max>
0	1

[block]
# block no. 3 follows, 73 sequences, length 119
# corresponding to MSA columns:
# 170-288
name=unknown_D
#
# <colnr> <probs for GDERKNQSTAVLIFYWHMCP>
#	G	D	E	R	K	N	Q	S	T	A	V	L	I	F	Y	W	H	M	C	P
0	0.00541	0.00437	0.01999	0.00608	0.02132	0.02633	0.02816	0.00629	0.00750	0.02566	0.03207	0.68343	0.03664	0.04156	0.00520	0.00155	0.00263	0.03920	0.00332	0.00330
1	0.02437	0.65980	0.18771	0.00736	0.01094	0.01340	0.00794	0.01130	0.00761	0.00959	0.00552	0.00646	0.00479	0.00338	0.00291	0.00091	0.02727	0.00220	0.00161	0.00493
2	0.00929	0.00778	0.00822	0.00740	0.00944	0.00894	0.00574	0.01919	0.77663	0.03028	0.01508	0.01426	0.01142	0.02818	0.00419	0.00132	0.00296	0.00424	0.02965	0.00578
3	0.00733	0.00514	0.00702	0.09196	0.15759	0.00530	0.00540	0.00972	0.05396	0.02526	0.18330	0.01565	0.01395	0.00485	0.00338	0.00104	0.00265	0.00418	0.39813	0.00418
4	0.00457	0.00370	0.00404	0.00417	0.00517	0.00319	0.00303	0.00552	0.00842	0.01044	0.11401	0.19512	0.58423	0.03121	0.00487	0.00137	0.00198	0.00827	0.00352	0.00316
5	0.87938	0.00724	0.00557	0.00496	0.00730	0.00837	0.00409	0.01115	0.00646	0.03128	0.00539	0.00621	0.00415	0.00350	0.00235	0.00116	0.00291	0.00206	0.00236	0.00410
6	0.01284	0.00561	0.00716	0.00582	0.00792	0.00512	0.00459	0.02508	0.04811	0.51399	0.05291	0.01515	0.01115	0.11700	0.00561	0.00144	0.00296	0.00409	0.13751	0.01593
7	0.00752	0.01941	0.84871	0.01069	0.01624	0.00871	0.01386	0.01188	0.00792	0.01188	0.00673	0.00792	0.00475	0.00356	0.00356	0.00119	0.00554	0.00277	0.00158	0.00554
8	0.00933	0.00806	0.00848	0.00764	0.00976	0.00933	0.00594	0.01994	0.83797	0.01569	0.01527	0.01400	0.01145	0.00509	0.00382	0.00127	0.00297	0.00424	0.00382	0.00594
9	0.00699	0.00350	0.00350	0.00350	0.00437	0.00350	0.00262	0.00874	0.00787	0.01399	0.01224	0.01399	0.00962	0.00437	0.00262	0.00087	0.00175	0.00350	0.88898	0.00350
10	0.00752	0.01941	0.84871	0.01069	0.01624	0.00871	0.01386	0.01188	0.00792	0.01188	0.00673	0.00792	0.00475	0.00356	0.00356	0.00119	0.00554	0.00277	0.00158	0.00554
11	0.00752	0.01941	0.84871	0.01069	0.01624	0.00871	0.01386	0.01188	0.00792	0.01188	0.00673	0.00792	0.00475	0.00356	0.00356	0.00119	0.00554	0.00277	0.00158	0.00554
12	0.00461	0.00331	0.00439	0.00522	0.00549	0.00308	0.00352	0.00531	0.00730	0.00971	0.03419	0.81698	0.04263	0.01161	0.00478	0.00152	0.00219	0.02760	0.00349	0.00307
13	0.00546	0.00364	0.00409	0.00409	0.00409	0.00364	0.00227	0.00546	0.00546	0.00727	0.01182	0.02455	0.01364	0.86815	0.01910	0.00364	0.00364	0.00546	0.00227	0.00227
14	0.00933	0.00806	0.00848	0.00764	0.00976	0.00933	0.00594	0.01994	0.83797	0.01569	0.01527	0.01400	0.01145	0.00509	0.00382	0.00127	0.00297	0.00424	0.00382	0.00594
15	0.00791	0.00666	0.00779	0.00557	0.00890	0.00501	0.00446	0.00958	0.00782	0.02459	0.00679	0.00785	0.00561	0.00281	0.00279	0.00056	0.00278	0.00225	0.00226	0.87799
16	0.00959	0.05597	0.07648	0.01407	0.01772	0.10289	0.61826	0.02454	0.00908	0.02344	0.00733	0.00941	0.00555	0.00331	0.00413	0.00120	0.00612	0.00394	0.00193	0.00504
17	0.01470	0.00965	0.01071	0.00823	0.01120	0.01038	0.00679	0.65772	0.02906	0.18731	0.01026	0.00983	0.00704	0.00454	0.00376	0.00114	0.00392	0.00347	0.00393	0.00637
18	0.00778	0.00667	0.00778	0.00556	0.00889	0.00500	0.00445	0.00945	0.00778	0.01223	0.00667	0.00778	0.00556	0.00278	0.00278	0.00056	0.00278	0.00222	0.00222	0.89108
19	0.00896	0.00929	0.01135	0.00977	0.01007	0.10275	0.00805	0.02361	0.01945	0.00939	0.00525	0.00816	0.00504	0.00622	0.01107	0.00155	0.74087	0.00321	0.00174	0.00420
20	0.00456	0.00378	0.00399	0.00400	0.00516	0.00321	0.00297	0.00560	0.00875	0.01074	0.14156	0.07926	0.69474	0.00938	0.00445	0.00127	0.00190	0.00792	0.00357	0.00321
21	0.06559	0.10880	0.04341	0.00766	0.03106	0.06333	0.00641	0.15328	0.03055	0.43562	0.01107	0.01033	0.00748	0.00427	0.00349	0.00110	0.00378	0.00327	0.00362	0.00588
22	0.00588	0.00420	0.00586	0.00672	0.00752	0.00418	0.00576	0.00749	0.00848	0.01105	0.01995	0.13314	0.02195	0.01052	0.00514	0.00170	0.00331	0.73028	0.00346	0.00341
23	0.02578	0.00906	0.01029	0.00792	0.01087	0.00953	0.00654	0.53788	0.03041	0.29591	0.01099	0.01031	0.00741	0.00455	0.00374	0.00114	0.00378	0.00351	0.00403	0.00635
24	0.00457	0.00326	0.00435	0.00522	0.00544	0.00305	0.00348	0.00522	0.00718	0.00958	0.02068	0.86570	0.02481	0.01175	0.00479	0.00152	0.00218	0.01067	0.00348	0.00305
25	0.03238	0.79738	0.01876	0.00658	0.00969	0.06528	0.00641	0.01146	0.00777	0.00905	0.00525	0.00607	0.00480	0.00326	0.00246	0.00082	0.00415	0.00203	0.00164	0.00477
26	0.89465	0.00726	0.00551	0.00493	0.00726	0.00842	0.00406	0.01103	0.00638	0.01683	0.00522	0.00609	0.00406	0.00348	0.00232	0.00116	0.00290	0.00203	0.00232	0.00406
27	0.00523	0.00383	0.00491	0.00464	0.00556	0.00351	0.00348	0.00693	0.01044	0.01462	0.77264	0.02873	0.10579	0.00783	0.00443	0.00119	0.00178	0.00688	0.00407	0.00351
28	0.00759	0.04220	0.82650	0.01058	0.01606	0.00888	0.01366	0.01186	0.00791	0.01180	0.00669	0.00787	0.00475	0.00355	0.00353	0.00118	0.00550	0.00275	0.00158	0.00553
29	0.00443	0.00380	0.00380	0.00380	0.00507	0.00317	0.00285	0.00538	0.00855	0.01014	0.03801	0.03611	0.84322	0.00950	0.00443	0.00127	0.00190	0.00792	0.00348	0.00317
30	0.00489	0.00375	0.00401	0.00401	0.00476	0.00340	0.00271	0.00551	0.00734	0.00911	0.04686	0.03104	0.47127	0.34904	0.02500	0.00229	0.00274	0.01644	0.00300	0.00283
31	0.00938	0.00774	0.00819	0.00736	0.00943	0.00889	0.00573	0.01922	0.76741	0.03616	0.01508	0.01397	0.01129	0.00504	0.00374	0.00125	0.00290	0.00419	0.05726	0.00580
32	0.01401	0.01788	0.01063	0.00967	0.01160	0.85309	0.00725	0.01498	0.01063	0.00918	0.00580	0.00677	0.00483	0.00387	0.00338	0.00097	0.00677	0.00242	0.00193	0.00435
33	0.01426	0.01051	0.01126	0.00863	0.01163	0.01163	0.00713	0.83224	0.01764	0.02364	0.00901	0.00901	0.00638	0.00450	0.00375	0.00113	0.00413	0.00338	0.00375	0.00638
34	0.01401	0.01032	0.01108	0.00854	0.01147	0.01141	0.00703	0.81032	0.01736	0.02327	0.00932	0.03170	0.00687	0.00470	0.00378	0.00114	0.00408	0.00357	0.00375	0.00629
35	0.89465	0.00726	0.00551	0.00493	0.00726	0.00842	0.00406	0.01103	0.00638	0.01683	0.00522	0.00609	0.00406	0.00348	0.00232	0.00116	0.00290	0.00203	0.00232	0.00406
36	0.01401	0.01032	0.01108	0.00854	0.01147	0.01141	0.00703	0.81032	0.01736	0.02327	0.00932	0.03170	0.00687	0.00470	0.00378	0.00114	0.00408	0.00357	0.00375	0.00629
37	0.00821	0.00821	0.01149	0.00985	0.00985	0.01149	0.00821	0.00903	0.00575	0.00903	0.00492	0.00821	0.00492	0.00657	0.01231	0.00164	0.86128	0.00328	0.00164	0.00410
38	0.00821	0.00821	0.01149	0.00985	0.00985	0.01149	0.00821	0.00903	0.00575	0.00903	0.00492	0.00821	0.00492	0.00657	0.01231	0.00164	0.86128	0.00328	0.00164	0.00410
39	0.00756	0.01914	0.82456	0.01084	0.01634	0.00874	0.03774	0.01189	0.00795	0.01189	0.00676	0.00799	0.00478	0.00355	0.00359	0.00119	0.00557	0.00282	0.00159	0.00553
40	0.00457	0.00326	0.00435	0.00522	0.00544	0.00305	0.00348	0.00522	0.00718	0.00958	0.02068	0.86570	0.02481	0.01175	0.00479	0.00152	0.00218	0.01067	0.00348	0.00305
41	0.00709	0.00667	0.01125	0.85913	0.02584	0.00834	0.01042	0.00959	0.00750	0.00959	0.00667	0.01000	0.00500	0.00375	0.00375	0.00125	0.00500	0.00333	0.00167	0.00417
42	0.00929	0.00891	0.01523	0.02303	0.84475	0.00891	0.01151	0.01151	0.00854	0.01226	0.00706	0.00929	0.00594	0.00334	0.00371	0.00111	0.00446	0.00334	0.00186	0.00594
43	0.00457	0.00326	0.00435	0.00522	0.00544	0.00305	0.00348	0.00522	0.00718	0.00958	0.02068	0.86570	0.02481	0.01175	0.00479	0.00152	0.00218	0.01067	0.00348	0.00305
44	0.01156	0.42242	0.02784	0.00830	0.01083	0.37233	0.02760	0.01274	0.00883	0.00912	0.00553	0.00659	0.00485	0.00369	0.00346	0.00094	0.05468	0.00233	0.00175	0.00459
45	0.00881	0.00813	0.02476	0.06901	0.26854	0.00870	0.02182	0.01538	0.44103	0.01376	0.02569	0.05780	0.01022	0.00480	0.00385	0.00123	0.00360	0.00427	0.00299	0.00561
46	0.00709	0.00667	0.01125	0.85913	0.02584	0.00834	0.01042	0.00959	0.00750	0.00959	0.00667	0.01000	0.00500	0.00375	0.00375	0.00125	0.00500	0.00333	0.00167	0.00417
47	0.00502	0.00358	0.00485	0.00568	0.00610	0.00343	0.00421	0.00600	0.00765	0.01014	0.03767	0.60066	0.02397	0.02201	0.00507	0.00160	0.00255	0.24316	0.00347	0.00317
48	0.01019	0.40096	0.14979	0.00991	0.07311	0.10338	0.09839	0.06139	0.00880	0.02268	0.00627	0.00742	0.00515	0.00352	0.00335	0.00100	0.02506	0.00267	0.00186	0.00509
49	0.00466	0.00333	0.00445	0.00532	0.00558	0.00312	0.00363	0.00537	0.00727	0.00967	0.02063	0.81800	0.02463	0.01167	0.00481	0.00154	0.00225	0.05752	0.00348	0.00307
50	0.00443	0.00380	0.00380	0.00380	0.00507	0.00317	0.00285	0.00538	0.00855	0.01014	0.03801	0.03611	0.84322	0.00950	0.00443	0.00127	0.00190	0.00792	0.00348	0.00317
51	0.00785	0.00612	0.00710	0.03783	0.02829	0.00660	0.00530	0.02479	0.38278	0.05458	0.02948	0.16293	0.12238	0.00714	0.00415	0.00133	0.00283	0.07672	0.02706	0.00474
52	0.09708	0.01633	0.41913	0.00953	0.01344	0.21470	0.01014	0.15271	0.01009	0.01372	0.00675	0.00765	0.00498	0.00379	0.00343	0.00112	0.00534	0.00272	0.00211	0.00525
53	0.03084	0.00647	0.00870	0.00668	0.00957	0.00566	0.00552	0.03178	0.01078	0.82028	0.01455	0.01260	0.00915	0.00462	0.00375	0.00116	0.00320	0.00374	0.00459	0.00635
54	0.00946	0.00812	0.00856	0.00766	0.00981	0.00939	0.00597	0.04146	0.81623	0.01590	0.01510	0.01387	0.01132	0.00507	0.00382	0.00127	0.00300	0.00422	0.00382	0.00595
55	0.05747	0.00855	0.04211	0.27285	0.26592	0.01870	0.00930	0.11445	0.08197	0.07987	0.00839	0.00991	0.00630	0.00389	0.00366	0.00118	0.00433	0.00336	0.00244	0.00535
56	0.00834	0.00795	0.01352	0.38159	0.49356	0.00867	0.01104	0.01069	0.00810	0.01111	0.00689	0.00959	0.00554	0.00352	0.00373	0.00117	0.00469	0.00334	0.00178	0.00518
57	0.00718	0.00355	0.00359	0.00356	0.00447	0.00353	0.00268	0.00892	0.00792	0.02942	0.01229	0.01396	0.00961	0.00438	0.00264	0.00088	0.00178	0.00350	0.87260	0.00355
58	0.89465	0.00726	0.00551	0.00493	0.00726	0.00842	0.00406	0.01103	0.00638	0.01683	0.00522	0.00609	0.00406	0.00348	0.00232	0.00116	0.00290	0.00203	0.00232	0.00406
59	0.89465	0.00726	0.00551	0.00493	0.00726	0.00842	0.00406	0.01103	0.00638	0.01683	0.00522	0.00609	0.00406	0.00348	0.00232	0.00116	0.00290	0.00203	0.00232	0.00406
60	0.00501	0.00382	0.00460	0.00441	0.00542	0.00341	0.00331	0.00651	0.00992	0.01338	0.57061	0.03076	0.30859	0.00829	0.00443	0.00121	0.00181	0.00717	0.00391	0.00341
61	0.00536	0.00402	0.00603	0.00603	0.00670	0.00469	0.00469	0.00670	0.00603	0.00871	0.01005	0.01474	0.00938	0.02814	0.85328	0.00603	0.01005	0.00402	0.00201	0.00335
62	0.00458	0.00329	0.00436	0.00519	0.00544	0.00306	0.00347	0.00527	0.00728	0.00971	0.03915	0.83274	0.03930	0.01162	0.00477	0.00151	0.00216	0.01053	0.00350	0.00306
63	0.00536	0.00402	0.00603	0.00603	0.00670	0.00469	0.00469	0.00670	0.00603	0.00871	0.01005	0.01474	0.00938	0.02814	0.85328	0.00603	0.01005	0.00402	0.00201	0.00335
64	0.05456	0.00717	0.00903	0.00695	0.00985	0.00675	0.00574	0.16488	0.01179	0.66253	0.01334	0.01180	0.00854	0.00457	0.00371	0.00115	0.00335	0.00363	0.00438	0.00628
65	0.01401	0.01788	0.01063	0.00967	0.01160	0.85309	0.00725	0.01498	0.01063	0.00918	0.00580	0.00677	0.00483	0.00387	0.00338	0.00097	0.00677	0.00242	0.00193	0.00435
66	0.00886	0.01012	0.02214	0.01581	0.01961	0.00949	0.83112	0.01202	0.00886	0.01202	0.00759	0.01012	0.00569	0.00316	0.00443	0.00127	0.00633	0.00443	0.00190	0.00506
67	0.00788	0.00747	0.01252	0.44551	0.37913	0.00827	0.01044	0.01017	0.00802	0.01078	0.00873	0.01127	0.05600	0.00392	0.00378	0.00119	0.00458	0.00361	0.00186	0.00488
68	0.89465	0.00726	0.00551	0.00493	0.00726	0.00842	0.00406	0.01103	0.00638	0.01683	0.00522	0.00609	0.00406	0.00348	0.00232	0.00116	0.00290	0.00203	0.00232	0.00406
69	0.00699	0.00350	0.00350	0.00350	0.00437	0.00350	0.00262	0.00874	0.00787	0.01399	0.01224	0.01399	0.00962	0.00437	0.00262	0.00087	0.00175	0.00350	0.88898	0.00350
70	0.01003	0.87041	0.01966	0.00642	0.00963	0.01485	0.00642	0.01123	0.00762	0.00883	0.00522	0.00602	0.00481	0.00321	0.00241	0.00080	0.00401	0.00201	0.00160	0.00481
71	0.89465	0.00726	0.00551	0.00493	0.00726	0.00842	0.00406	0.01103	0.00638	0.01683	0.00522	0.00609	0.00406	0.00348	0.00232	0.00116	0.00290	0.00203	0.00232	0.00406
72	0.01003	0.87041	0.01966	0.00642	0.00963	0.01485	0.00642	0.01123	0.00762	0.00883	0.00522	0.00602	0.00481	0.00321	0.00241	0.00080	0.00401	0.00201	0.00160	0.00481
73	0.00709	0.00667	0.01125	0.85913	0.02584	0.00834	0.01042	0.00959	0.00750	0.00959	0.00667	0.01000	0.00500	0.00375	0.00375	0.00125	0.00500	0.00333	0.00167	0.00417
74	0.00457	0.00326	0.00435	0.00522	0.00544	0.00305	0.00348	0.00522	0.00718	0.00958	0.02068	0.86570	0.02481	0.01175	0.00479	0.00152	0.00218	0.01067	0.00348	0.00305
75	0.00536	0.00402	0.00603	0.00603	0.00670	0.00469	0.00469	0.00670	0.00603	0.00871	0.01005	0.01474	0.00938	0.02814	0.85328	0.00603	0.01005	0.00402	0.00201	0.00335
76	0.00536	0.00402	0.00603	0.00603	0.00670	0.00469	0.00469	0.00670	0.00603	0.00871	0.01005	0.01474	0.00938	0.02814	0.85328	0.00603	0.01005	0.00402	0.00201	0.00335
