[name]
unknown

[dist]
# distance from previous block
# <min> <max>
0	34

[block]
# block no. 0 follows, 66 sequences, length 10
# corresponding to MSA columns:
# 34-43
name=unknown_A
#
# <colnr> <probs for GDERKNQSTAVLIFYWHMCP>
#	G	D	E	R	K	N	Q	S	T	A	V	L	I	F	Y	W	H	M	C	P
0	0.00602	0.00434	0.00575	0.00638	0.00717	0.00421	0.00518	0.00747	0.00900	0.01178	0.10221	0.15153	0.09985	0.09286	0.00684	0.00193	0.00323	0.46701	0.00369	0.00353
1	0.00756	0.00680	0.01009	0.01382	0.37221	0.00662	0.00758	0.00991	0.05996	0.01285	0.10597	0.09738	0.25876	0.00704	0.00444	0.00131	0.00336	0.00626	0.00308	0.00497
2	0.00888	0.00888	0.01243	0.01065	0.01065	0.01243	0.00888	0.00976	0.00621	0.00976	0.00533	0.00888	0.00533	0.00710	0.01331	0.00178	0.84999	0.00355	0.00178	0.00444
3	0.00841	0.00721	0.00841	0.00601	0.00961	0.00541	0.00481	0.01022	0.00841	0.01322	0.00721	0.00841	0.00601	0.00300	0.00300	0.00060	0.00300	0.00240	0.00240	0.88222
4	0.00552	0.00394	0.00469	0.00483	0.00526	0.00380	0.00315	0.00615	0.00749	0.00994	0.11694	0.18192	0.14983	0.40505	0.07135	0.00296	0.00359	0.00743	0.00313	0.00301
5	0.00993	0.01139	0.02215	0.01612	0.01976	0.07053	0.69614	0.01298	0.00945	0.01252	0.00784	0.01052	0.00602	0.00376	0.00537	0.00138	0.07223	0.00453	0.00203	0.00534
6	0.01005	0.02482	0.03604	0.00873	0.08707	0.05531	0.00636	0.19804	0.06966	0.06920	0.08816	0.05800	0.19528	0.05488	0.00537	0.00144	0.01739	0.00553	0.00353	0.00514
7	0.00736	0.00506	0.00597	0.00560	0.00697	0.00484	0.00421	0.04620	0.09034	0.08900	0.27351	0.16223	0.24650	0.02732	0.00504	0.00143	0.00245	0.00759	0.00412	0.00428
8	0.00726	0.00512	0.02580	0.00579	0.00708	0.00456	0.00444	0.04005	0.04573	0.10079	0.25069	0.29969	0.16846	0.00939	0.00476	0.00142	0.00250	0.00822	0.00407	0.00419
9	0.03257	0.00796	0.00904	0.00764	0.00997	0.00840	0.00608	0.27118	0.18420	0.14371	0.08553	0.12798	0.01451	0.00654	0.00428	0.00133	0.00343	0.03699	0.00411	0.03454

[dist]
# distance from previous block
# <min> <max>
0	2

[block]
# block no. 1 follows, 66 sequences, length 19
# corresponding to MSA columns:
# 46-64
name=unknown_B
#
# <colnr> <probs for GDERKNQSTAVLIFYWHMCP>
#	G	D	E	R	K	N	Q	S	T	A	V	L	I	F	Y	W	H	M	C	P
0	0.03230	0.36909	0.03329	0.01030	0.11079	0.06961	0.05061	0.08802	0.07957	0.09583	0.00867	0.02029	0.00693	0.00413	0.00343	0.00109	0.00454	0.00319	0.00260	0.00574
1	0.71117	0.00963	0.06153	0.00630	0.00905	0.07060	0.00549	0.03565	0.00785	0.04344	0.00625	0.00709	0.00476	0.00387	0.00278	0.00124	0.00368	0.00238	0.00255	0.00467
2	0.02135	0.15274	0.11632	0.02955	0.21075	0.05042	0.02709	0.17457	0.13527	0.02979	0.00909	0.00992	0.00702	0.00422	0.00377	0.00119	0.00470	0.00342	0.00272	0.00611
3	0.00616	0.00501	0.00669	0.00688	0.01770	0.00562	0.00502	0.00774	0.05542	0.01100	0.08061	0.42704	0.05661	0.02836	0.11496	0.00228	0.14769	0.00818	0.00325	0.00379
4	0.00541	0.00416	0.00585	0.00606	0.00676	0.00386	0.04692	0.00650	0.00853	0.01134	0.13046	0.52403	0.11717	0.04928	0.00578	0.00167	0.00265	0.05638	0.00371	0.00348
5	0.00583	0.00403	0.00481	0.00481	0.00507	0.00412	0.00303	0.00624	0.00632	0.00855	0.01444	0.02508	0.07225	0.61312	0.18351	0.00420	0.00514	0.00574	0.02091	0.00279
6	0.02647	0.00620	0.00756	0.00638	0.00852	0.00601	0.00504	0.01571	0.16631	0.36616	0.14986	0.01787	0.03194	0.03988	0.00468	0.00135	0.00292	0.00480	0.12674	0.00558
7	0.02378	0.00658	0.00778	0.00660	0.00859	0.00659	0.00521	0.18562	0.07077	0.17557	0.31518	0.06855	0.08797	0.00707	0.00443	0.00129	0.00291	0.00598	0.00433	0.00521
8	0.00892	0.00535	0.00651	0.00575	0.00739	0.00506	0.00446	0.06068	0.05932	0.17382	0.37171	0.05885	0.15439	0.00759	0.00448	0.00129	0.00248	0.00650	0.05079	0.00468
9	0.03466	0.00953	0.02814	0.05772	0.60876	0.00946	0.03425	0.07224	0.00999	0.06211	0.00904	0.01090	0.02690	0.00398	0.00402	0.00123	0.00470	0.00375	0.00238	0.00624
10	0.01402	0.06405	0.01251	0.05916	0.01338	0.56086	0.03019	0.09938	0.01152	0.03283	0.00690	0.00810	0.00557	0.00440	0.00433	0.00113	0.06143	0.00291	0.00231	0.00501
11	0.00962	0.00922	0.06248	0.00980	0.04479	0.03666	0.08064	0.13335	0.15604	0.01520	0.07169	0.01783	0.02081	0.00660	0.02140	0.00149	0.10536	0.12096	0.02843	0.04762
12	0.00562	0.00434	0.00494	0.00491	0.00598	0.00396	0.00358	0.04545	0.00975	0.01259	0.21481	0.19613	0.40452	0.05791	0.00573	0.00154	0.00230	0.00848	0.00387	0.00360
13	0.00824	0.05739	0.01373	0.01157	0.09392	0.00820	0.24877	0.05252	0.00895	0.01219	0.05330	0.19588	0.02704	0.09068	0.02063	0.00174	0.08185	0.00610	0.00267	0.00462
14	0.04081	0.00629	0.04728	0.05582	0.03033	0.00561	0.00568	0.04592	0.02476	0.16168	0.43959	0.04358	0.04367	0.00699	0.00446	0.00130	0.00290	0.02452	0.00407	0.00476
15	0.00620	0.00439	0.00532	0.00523	0.00570	0.00457	0.00349	0.04545	0.00705	0.00949	0.01485	0.06600	0.07762	0.49598	0.22739	0.00415	0.00550	0.00589	0.00263	0.00309
16	0.01076	0.07288	0.02489	0.22876	0.23657	0.04485	0.07415	0.13659	0.01059	0.05763	0.00846	0.01037	0.00648	0.00406	0.00391	0.00121	0.00492	0.00359	0.05371	0.00563
17	0.05309	0.00516	0.00636	0.06772	0.02626	0.00542	0.00486	0.00930	0.13383	0.01224	0.09426	0.25360	0.13819	0.03028	0.05373	0.06737	0.00332	0.00707	0.02399	0.00396
18	0.03801	0.08942	0.23405	0.03262	0.03446	0.04739	0.03353	0.18397	0.08879	0.04503	0.02303	0.07100	0.02351	0.00512	0.00410	0.00126	0.02100	0.00409	0.01390	0.00571

[dist]
# distance from previous block
# <min> <max>
1	8

[block]
# block no. 2 follows, 66 sequences, length 9
# corresponding to MSA columns:
# 73-81
name=unknown_C
#
# <colnr> <probs for GDERKNQSTAVLIFYWHMCP>
#	G	D	E	R	K	N	Q	S	T	A	V	L	I	F	Y	W	H	M	C	P
0	0.00749	0.00568	0.03737	0.03344	0.11695	0.00509	0.01710	0.00910	0.02219	0.08652	0.03761	0.40756	0.06086	0.02299	0.00483	0.00147	0.00307	0.02574	0.09062	0.00432
1	0.00742	0.00616	0.06132	0.02033	0.08971	0.00510	0.00568	0.00943	0.03544	0.09219	0.18902	0.15917	0.22652	0.00826	0.00457	0.00137	0.00289	0.03602	0.03498	0.00443
2	0.48275	0.03461	0.00759	0.00608	0.00853	0.00854	0.00491	0.10278	0.02603	0.09956	0.00836	0.01023	0.00675	0.08835	0.03292	0.00164	0.00369	0.00305	0.00292	0.06071
3	0.00989	0.01233	0.23307	0.04317	0.10330	0.00985	0.09881	0.14393	0.16134	0.01547	0.02215	0.01210	0.02037	0.00528	0.02292	0.00143	0.04329	0.01593	0.01948	0.00589
4	0.00658	0.00371	0.00539	0.00541	0.00561	0.00375	0.00372	0.00581	0.00624	0.00850	0.09056	0.06878	0.01209	0.04738	0.11804	0.59502	0.00423	0.00461	0.00224	0.00233
5	0.06396	0.00749	0.05457	0.00947	0.12828	0.00704	0.03180	0.05250	0.13603	0.02661	0.26890	0.06050	0.10779	0.00668	0.00450	0.00132	0.01830	0.00576	0.00353	0.00495
6	0.01019	0.72011	0.10123	0.00732	0.01083	0.01455	0.00753	0.01179	0.00824	0.00993	0.00690	0.06251	0.00662	0.00412	0.00290	0.00096	0.00437	0.00287	0.00187	0.00516
7	0.00968	0.23127	0.23809	0.00913	0.01294	0.03446	0.06539	0.05262	0.14039	0.01346	0.06090	0.01065	0.00868	0.00425	0.00362	0.00112	0.00459	0.00340	0.00250	0.09288
8	0.00859	0.02483	0.02639	0.00684	0.00841	0.00612	0.03629	0.09021	0.04928	0.11088	0.17360	0.17205	0.06810	0.07736	0.10125	0.00216	0.02305	0.00644	0.00361	0.00453

[dist]
# distance from previous block
# <min> <max>
8	91

[block]
# block no. 3 follows, 66 sequences, length 9
# corresponding to MSA columns:
# 184-192
name=unknown_D
#
# <colnr> <probs for GDERKNQSTAVLIFYWHMCP>
#	G	D	E	R	K	N	Q	S	T	A	V	L	I	F	Y	W	H	M	C	P
0	0.01194	0.01310	0.06976	0.03146	0.03345	0.28871	0.08118	0.17789	0.06010	0.02480	0.02439	0.03563	0.08787	0.00525	0.00421	0.00122	0.01846	0.00417	0.02114	0.00528
1	0.00705	0.00578	0.00811	0.00741	0.00833	0.03609	0.05931	0.00837	0.00716	0.03085	0.01189	0.03678	0.03918	0.11963	0.46233	0.00450	0.09717	0.01926	0.02700	0.00381
2	0.00491	0.00403	0.00433	0.00443	0.00560	0.00345	0.00325	0.00598	0.00926	0.01141	0.11763	0.15464	0.63619	0.01042	0.00485	0.00140	0.00208	0.00886	0.00384	0.00345
3	0.00850	0.00850	0.01229	0.73054	0.06108	0.09022	0.01098	0.01103	0.00849	0.01045	0.00714	0.01044	0.00543	0.00405	0.00402	0.00132	0.00557	0.00351	0.00184	0.00461
4	0.07371	0.09061	0.01006	0.00786	0.00996	0.27785	0.00623	0.06325	0.07825	0.09477	0.02555	0.01115	0.00823	0.00857	0.13499	0.00196	0.00580	0.00339	0.08286	0.00496
5	0.00516	0.00378	0.00489	0.00558	0.00610	0.00350	0.00395	0.00615	0.00850	0.01123	0.11064	0.58848	0.12700	0.01179	0.00513	0.00159	0.00240	0.08687	0.00384	0.00341
6	0.03141	0.00982	0.09838	0.02832	0.04030	0.07799	0.03583	0.04427	0.15795	0.13943	0.02483	0.05935	0.05698	0.00698	0.04174	0.00159	0.09402	0.02404	0.02140	0.00537
7	0.00560	0.00417	0.00519	0.00568	0.00626	0.00407	0.00392	0.00749	0.08794	0.01167	0.12909	0.57220	0.06839	0.06101	0.00591	0.00169	0.00246	0.00981	0.00382	0.00363
8	0.09894	0.01045	0.01060	0.00851	0.01129	0.04306	0.00686	0.53665	0.13876	0.02182	0.01043	0.01123	0.00792	0.05918	0.00496	0.00141	0.00422	0.00376	0.00374	0.00622

[dist]
# distance from previous block
# <min> <max>
0	2

[block]
# block no. 4 follows, 66 sequences, length 8
# corresponding to MSA columns:
# 195-202
name=unknown_E
#
# <colnr> <probs for GDERKNQSTAVLIFYWHMCP>
#	G	D	E	R	K	N	Q	S	T	A	V	L	I	F	Y	W	H	M	C	P
0	0.20427	0.03974	0.51410	0.01011	0.01489	0.04063	0.06005	0.01265	0.00835	0.01387	0.00689	0.00816	0.00508	0.00377	0.00353	0.00123	0.00529	0.00287	0.00196	0.04257
1	0.05261	0.09150	0.07172	0.05583	0.30230	0.02606	0.09288	0.11137	0.09448	0.01463	0.00870	0.02420	0.00702	0.00422	0.00413	0.00124	0.02502	0.00371	0.00248	0.00592
2	0.00741	0.00644	0.00999	0.03339	0.18994	0.00711	0.04084	0.00932	0.03952	0.01095	0.01213	0.11153	0.03047	0.05198	0.26094	0.01852	0.10466	0.04798	0.00246	0.00442
3	0.00506	0.00371	0.00475	0.00536	0.00586	0.00340	0.00369	0.00600	0.00857	0.01141	0.15811	0.61384	0.13198	0.01167	0.00506	0.00155	0.00224	0.01046	0.00388	0.00340
4	0.00562	0.00407	0.00481	0.00493	0.00572	0.00377	0.00348	0.00654	0.00838	0.03009	0.12261	0.18645	0.30392	0.19962	0.06152	0.00232	0.00316	0.03617	0.00349	0.00334
5	0.19161	0.00625	0.00719	0.00605	0.00834	0.00599	0.00485	0.03766	0.01030	0.36209	0.12991	0.06130	0.13922	0.00641	0.00402	0.00129	0.00294	0.00520	0.00415	0.00525
6	0.00875	0.00604	0.00636	0.00581	0.00747	0.00643	0.00449	0.07687	0.26303	0.03827	0.01867	0.04444	0.13873	0.00610	0.00375	0.00120	0.00259	0.00501	0.35113	0.00486
7	0.01184	0.00877	0.03403	0.00809	0.01067	0.00921	0.00658	0.11812	0.50038	0.16419	0.07072	0.01507	0.01284	0.00548	0.00415	0.00133	0.00340	0.00452	0.00423	0.00638

[dist]
# distance from previous block
# <min> <max>
0	2

[block]
# block no. 5 follows, 66 sequences, length 11
# corresponding to MSA columns:
# 205-215
name=unknown_F
#
# <colnr> <probs for GDERKNQSTAVLIFYWHMCP>
#	G	D	E	R	K	N	Q	S	T	A	V	L	I	F	Y	W	H	M	C	P
0	0.01100	0.73312	0.04708	0.00732	0.01079	0.01530	0.00723	0.06319	0.05284	0.01106	0.00654	0.00724	0.00570	0.00368	0.00282	0.00093	0.00434	0.00242	0.00201	0.00540
1	0.01004	0.00964	0.01647	0.02490	0.83211	0.00964	0.01245	0.01245	0.00924	0.01325	0.00763	0.01004	0.00643	0.00361	0.00402	0.00120	0.00482	0.00361	0.00201	0.00643
2	0.01667	0.01000	0.01086	0.00846	0.01156	0.07932	0.00693	0.38685	0.01503	0.39323	0.01230	0.01139	0.00819	0.00488	0.00403	0.00122	0.00424	0.00376	0.00433	0.00672
3	0.03493	0.00470	0.00572	0.00533	0.00670	0.00431	0.00404	0.00924	0.03172	0.13456	0.37287	0.12804	0.22509	0.00861	0.00464	0.00134	0.00230	0.00743	0.00422	0.00420
4	0.00583	0.00444	0.00538	0.00529	0.00633	0.00427	0.00393	0.00815	0.07855	0.01385	0.40031	0.14852	0.20596	0.01043	0.05714	0.00168	0.00268	0.00770	0.02569	0.00387
5	0.00551	0.00494	0.04029	0.00512	0.00643	0.00406	0.00409	0.00726	0.03327	0.01288	0.29816	0.09678	0.39257	0.03636	0.00529	0.00146	0.00235	0.03558	0.00388	0.00373
6	0.00683	0.00473	0.00556	0.00577	0.00601	0.00457	0.00359	0.00685	0.00726	0.00985	0.01632	0.25504	0.01863	0.54087	0.08569	0.00369	0.00447	0.00766	0.00319	0.00343
7	0.03629	0.09949	0.16594	0.05001	0.21245	0.15842	0.05741	0.07171	0.02514	0.03134	0.00770	0.02062	0.00620	0.00417	0.00415	0.00121	0.03654	0.00334	0.00222	0.00565
8	0.00631	0.00477	0.00635	0.00584	0.00727	0.00421	0.05705	0.00759	0.00909	0.06310	0.10283	0.23793	0.36947	0.01039	0.04039	0.00160	0.00294	0.00816	0.00366	0.05104
9	0.01052	0.42536	0.13944	0.00800	0.01134	0.05886	0.00786	0.09726	0.09008	0.01273	0.03766	0.03033	0.02781	0.02225	0.00372	0.00114	0.00446	0.00335	0.00244	0.00540
10	0.00902	0.08726	0.01939	0.00802	0.04231	0.09493	0.01983	0.04931	0.07652	0.02909	0.04828	0.18901	0.02423	0.13958	0.09274	0.00230	0.02053	0.00585	0.00306	0.03875

[dist]
# distance from previous block
# <min> <max>
2	14

[block]
# block no. 6 follows, 66 sequences, length 16
# corresponding to MSA columns:
# 231-246
name=unknown_G
#
# <colnr> <probs for GDERKNQSTAVLIFYWHMCP>
#	G	D	E	R	K	N	Q	S	T	A	V	L	I	F	Y	W	H	M	C	P
0	0.00635	0.00454	0.00684	0.00662	0.00748	0.00423	0.08208	0.00744	0.00837	0.05839	0.09172	0.55009	0.03889	0.08350	0.00633	0.00174	0.00293	0.00940	0.01936	0.00370
1	0.00658	0.00521	0.00676	0.04484	0.05561	0.00510	0.02246	0.04138	0.05635	0.02423	0.16306	0.19590	0.25677	0.06660	0.00581	0.00158	0.00287	0.03122	0.00362	0.00404
2	0.01008	0.00939	0.01534	0.04231	0.70432	0.00949	0.01153	0.07201	0.00994	0.01397	0.00970	0.01170	0.05378	0.00410	0.00407	0.00122	0.00465	0.00390	0.00226	0.00624
3	0.00848	0.00775	0.01346	0.66488	0.10372	0.00906	0.07913	0.01117	0.00848	0.04414	0.00769	0.01087	0.00576	0.00400	0.00412	0.00134	0.00539	0.00373	0.00197	0.00487
4	0.00925	0.01020	0.02127	0.04928	0.01963	0.00995	0.66794	0.01256	0.03139	0.01273	0.02989	0.01196	0.00737	0.03227	0.00576	0.00147	0.05489	0.00477	0.00216	0.00526
5	0.00935	0.00754	0.01034	0.05411	0.01171	0.00703	0.10890	0.08938	0.08893	0.06187	0.08043	0.06161	0.03716	0.00494	0.00389	0.00106	0.00362	0.00438	0.03152	0.32222
6	0.00571	0.00396	0.00482	0.00508	0.00533	0.00395	0.00330	0.00618	0.00676	0.00898	0.01655	0.18372	0.05763	0.51426	0.08618	0.00342	0.00412	0.07432	0.00285	0.00287
7	0.00994	0.00756	0.00915	0.00663	0.01017	0.00608	0.02442	0.06805	0.00952	0.09851	0.00832	0.00912	0.00649	0.00335	0.00323	0.00073	0.00324	0.00272	0.00278	0.70997
8	0.01004	0.00964	0.01647	0.02490	0.83211	0.00964	0.01245	0.01245	0.00924	0.01325	0.00763	0.01004	0.00643	0.00361	0.00402	0.00120	0.00482	0.00361	0.00201	0.00643
9	0.00766	0.00721	0.01217	0.84767	0.02794	0.00901	0.01127	0.01037	0.00811	0.01037	0.00721	0.01082	0.00541	0.00406	0.00406	0.00135	0.00541	0.00361	0.00180	0.00451
10	0.00812	0.00690	0.00810	0.00598	0.00930	0.00523	0.00472	0.00983	0.00836	0.01298	0.00849	0.07977	0.00777	0.00382	0.00319	0.00069	0.00295	0.00317	0.00252	0.80811
11	0.01268	0.03918	0.00954	0.00793	0.01000	0.33510	0.00619	0.22110	0.01240	0.01560	0.00936	0.01040	0.00730	0.00451	0.00347	0.00105	0.00476	0.00324	0.28119	0.00499
12	0.08963	0.00781	0.00931	0.00733	0.01024	0.00770	0.00601	0.18963	0.05402	0.49390	0.01362	0.01249	0.00904	0.00489	0.00386	0.00123	0.00352	0.00383	0.06549	0.00645
13	0.00509	0.00400	0.00460	0.00471	0.00573	0.00351	0.00343	0.00629	0.00955	0.01231	0.25606	0.21020	0.43959	0.01024	0.00487	0.00140	0.00208	0.00885	0.00396	0.00351
14	0.01256	0.00873	0.00966	0.00804	0.01057	0.00948	0.00641	0.31484	0.29325	0.13579	0.03351	0.07219	0.03378	0.00588	0.00417	0.00131	0.00356	0.00480	0.02520	0.00625
15	0.00929	0.00749	0.00806	0.00722	0.00922	0.00822	0.00562	0.12126	0.43358	0.02826	0.04225	0.04552	0.16662	0.04470	0.01737	0.00156	0.00326	0.03109	0.00395	0.00547

[dist]
# distance from previous block
# <min> <max>
2	4

[block]
# block no. 7 follows, 66 sequences, length 21
# corresponding to MSA columns:
# 251-271
name=unknown_H
#
# <colnr> <probs for GDERKNQSTAVLIFYWHMCP>
#	G	D	E	R	K	N	Q	S	T	A	V	L	I	F	Y	W	H	M	C	P
0	0.01159	0.07518	0.09410	0.02757	0.24589	0.08377	0.07605	0.17434	0.06113	0.05527	0.00916	0.03629	0.00732	0.00445	0.00415	0.00123	0.02001	0.00379	0.00270	0.00602
1	0.01023	0.17827	0.04686	0.05681	0.10781	0.08489	0.09154	0.04413	0.18558	0.02856	0.02315	0.04392	0.02322	0.04101	0.00471	0.00133	0.01577	0.00410	0.00269	0.00543
2	0.00670	0.00424	0.00539	0.00541	0.00643	0.00382	0.00397	0.00797	0.00968	0.10556	0.27689	0.32969	0.18011	0.00997	0.00487	0.00144	0.00232	0.02751	0.00413	0.00390
3	0.00518	0.00400	0.00469	0.00483	0.00575	0.00359	0.00349	0.00633	0.00923	0.01196	0.23021	0.20917	0.38178	0.05780	0.02754	0.00169	0.00245	0.02303	0.00383	0.00345
4	0.00552	0.00407	0.00520	0.00530	0.00618	0.00375	0.00398	0.00706	0.01020	0.01390	0.47160	0.19413	0.15392	0.00975	0.00495	0.00142	0.00221	0.08904	0.00415	0.00365
5	0.26717	0.00681	0.00780	0.00632	0.00900	0.00660	0.00517	0.01614	0.01002	0.49755	0.05449	0.01267	0.00989	0.00481	0.00357	0.00123	0.00317	0.00368	0.06812	0.00579
6	0.01085	0.85986	0.02126	0.00694	0.01041	0.01605	0.00694	0.01215	0.00824	0.00955	0.00564	0.00651	0.00521	0.00347	0.00260	0.00087	0.00434	0.00217	0.00174	0.00521
7	0.01043	0.00977	0.01615	0.02377	0.77230	0.00985	0.01211	0.07128	0.00996	0.01415	0.00779	0.01002	0.00646	0.00371	0.00402	0.00121	0.00479	0.00362	0.00216	0.00646
8	0.00583	0.00390	0.00445	0.00451	0.00453	0.00389	0.00255	0.00588	0.00604	0.00805	0.01348	0.08699	0.01563	0.79577	0.01952	0.00377	0.00382	0.00631	0.00255	0.00252
9	0.88607	0.00785	0.00596	0.00534	0.00785	0.00910	0.00439	0.01193	0.00690	0.01820	0.00565	0.00659	0.00439	0.00377	0.00251	0.00126	0.00314	0.00220	0.00251	0.00439
10	0.01085	0.85986	0.02126	0.00694	0.01041	0.01605	0.00694	0.01215	0.00824	0.00955	0.00564	0.00651	0.00521	0.00347	0.00260	0.00087	0.00434	0.00217	0.00174	0.00521
11	0.00670	0.00435	0.00569	0.00526	0.00639	0.00397	0.00398	0.00853	0.01132	0.08227	0.71721	0.05276	0.05952	0.00821	0.00474	0.00129	0.00206	0.00723	0.00447	0.00405
12	0.00590	0.00446	0.00656	0.00650	0.00715	0.00522	0.00501	0.00723	0.00647	0.00932	0.01083	0.01646	0.01032	0.08781	0.75798	0.00619	0.03642	0.00443	0.00218	0.00357
13	0.04013	0.04554	0.09475	0.05098	0.05836	0.02990	0.08074	0.29505	0.06397	0.13581	0.02359	0.01083	0.00770	0.00460	0.00423	0.00125	0.02662	0.00373	0.01607	0.00615
14	0.00574	0.00492	0.03116	0.00558	0.00681	0.00427	0.00450	0.00767	0.05100	0.01239	0.17821	0.12765	0.34452	0.03410	0.00538	0.00155	0.00263	0.16437	0.00381	0.00375
15	0.07609	0.17920	0.02527	0.00849	0.06405	0.03246	0.00668	0.19626	0.08820	0.02766	0.00958	0.02091	0.02991	0.01630	0.00367	0.00107	0.00390	0.00329	0.00287	0.20411
16	0.00668	0.00512	0.00553	0.00538	0.00669	0.03643	0.00407	0.02136	0.03849	0.06320	0.16720	0.13630	0.40257	0.01027	0.03822	0.00159	0.00286	0.04027	0.00385	0.00393
17	0.01096	0.29628	0.08737	0.04250	0.06504	0.15230	0.05190	0.02758	0.05414	0.05363	0.03520	0.04134	0.00800	0.00487	0.01663	0.00120	0.02550	0.00346	0.00236	0.01974
18	0.09400	0.18443	0.13030	0.00903	0.03498	0.04034	0.03307	0.18972	0.14377	0.04795	0.00935	0.00975	0.00707	0.00431	0.00355	0.00117	0.00437	0.00327	0.02850	0.02108
19	0.03251	0.12363	0.19340	0.01034	0.04280	0.06892	0.10949	0.14363	0.04114	0.05508	0.00914	0.03600	0.01718	0.00432	0.00379	0.00115	0.00492	0.00358	0.00261	0.09638
20	0.00915	0.04137	0.19414	0.01819	0.03871	0.02022	0.04251	0.05786	0.04300	0.07235	0.14195	0.04007	0.01264	0.04287	0.00464	0.00124	0.00401	0.00420	0.00291	0.20798

[dist]
# distance from previous block
# <min> <max>
2	15

[block]
# block no. 8 follows, 66 sequences, length 19
# corresponding to MSA columns:
# 287-305
name=unknown_I
#
# <colnr> <probs for GDERKNQSTAVLIFYWHMCP>
#	G	D	E	R	K	N	Q	S	T	A	V	L	I	F	Y	W	H	M	C	P
0	0.05404	0.05628	0.24388	0.01286	0.20452	0.08811	0.01017	0.08502	0.03321	0.09000	0.02021	0.03003	0.00774	0.02798	0.00433	0.00131	0.00494	0.01701	0.00258	0.00581
1	0.07676	0.15864	0.25991	0.01013	0.07600	0.05371	0.02040	0.09477	0.05358	0.07288	0.00850	0.01915	0.00660	0.01934	0.00387	0.00120	0.00476	0.00319	0.00250	0.05411
2	0.00683	0.02472	0.00782	0.00780	0.06163	0.00523	0.04990	0.02837	0.01984	0.02760	0.04269	0.35317	0.08751	0.04845	0.03933	0.00176	0.00349	0.09965	0.00332	0.08089
3	0.00973	0.02613	0.32049	0.01384	0.19203	0.02636	0.10526	0.04964	0.06033	0.06295	0.08475	0.01189	0.00943	0.00438	0.00410	0.00127	0.00507	0.00391	0.00253	0.00591
4	0.00857	0.00724	0.00843	0.00614	0.00959	0.00563	0.00489	0.04488	0.00885	0.01364	0.00793	0.04274	0.00689	0.00348	0.00314	0.00067	0.00304	0.00283	0.00253	0.80889
5	0.00491	0.00402	0.00433	0.00445	0.00560	0.00344	0.00326	0.00596	0.00921	0.01135	0.10995	0.16912	0.62937	0.01049	0.00486	0.00141	0.00209	0.00893	0.00383	0.00344
6	0.00523	0.00376	0.00490	0.00571	0.00606	0.00356	0.00386	0.02816	0.00812	0.01079	0.02253	0.80873	0.04859	0.01243	0.00514	0.00163	0.00240	0.01123	0.00377	0.00340
7	0.88607	0.00785	0.00596	0.00534	0.00785	0.00910	0.00439	0.01193	0.00690	0.01820	0.00565	0.00659	0.00439	0.00377	0.00251	0.00126	0.00314	0.00220	0.00251	0.00439
8	0.00888	0.00888	0.01243	0.01065	0.01065	0.01243	0.00888	0.00976	0.00621	0.00976	0.00533	0.00888	0.00533	0.00710	0.01331	0.00178	0.84999	0.00355	0.00178	0.00444
9	0.00597	0.00439	0.00562	0.00527	0.00630	0.00416	0.00396	0.00839	0.05421	0.01631	0.78724	0.02951	0.03692	0.00815	0.00475	0.00128	0.00198	0.00719	0.00445	0.00396
10	0.09404	0.01105	0.01161	0.00897	0.01215	0.01227	0.00741	0.74574	0.01798	0.02490	0.00937	0.00946	0.00667	0.00477	0.00392	0.00122	0.00434	0.00352	0.00392	0.00667
11	0.00630	0.00458	0.00624	0.00698	0.00794	0.00443	0.00585	0.00793	0.00900	0.01184	0.02134	0.19367	0.04129	0.01103	0.00537	0.00175	0.00340	0.59759	0.00367	0.04980
12	0.00494	0.00353	0.00471	0.00565	0.00588	0.00330	0.00377	0.00565	0.00777	0.01036	0.02236	0.85477	0.02683	0.01271	0.00518	0.00165	0.00235	0.01153	0.00377	0.00330
13	0.01066	0.00893	0.00946	0.00831	0.01069	0.01024	0.00652	0.12533	0.69616	0.01808	0.03894	0.01487	0.01241	0.00550	0.00414	0.00135	0.00334	0.00454	0.00413	0.00641
14	0.04516	0.52732	0.01704	0.00842	0.06613	0.08466	0.00705	0.04288	0.00943	0.10788	0.03011	0.00861	0.00690	0.00394	0.00308	0.00099	0.00437	0.00276	0.01786	0.00541
15	0.00571	0.00411	0.00515	0.00503	0.00601	0.00372	0.00372	0.00727	0.01051	0.03180	0.54162	0.15104	0.19076	0.00925	0.00483	0.00135	0.00204	0.00811	0.00424	0.00374
16	0.01994	0.02764	0.08305	0.00829	0.04878	0.04786	0.04380	0.03380	0.05188	0.14869	0.11283	0.22850	0.05201	0.01760	0.00473	0.00139	0.01635	0.01687	0.03111	0.00487
17	0.00728	0.00530	0.00602	0.00587	0.00693	0.04054	0.00443	0.03410	0.00944	0.07230	0.17424	0.13281	0.18891	0.13488	0.03119	0.00196	0.02223	0.11409	0.00364	0.00383
18	0.12494	0.00613	0.00748	0.00689	0.04068	0.00596	0.00511	0.02982	0.06021	0.29521	0.16618	0.09149	0.06001	0.02727	0.00500	0.03702	0.00301	0.00536	0.01716	0.00509

[dist]
# distance from previous block
# <min> <max>
1	17

[block]
# block no. 9 follows, 66 sequences, length 40
# corresponding to MSA columns:
# 324-363
name=unknown_J
#
# <colnr> <probs for GDERKNQSTAVLIFYWHMCP>
#	G	D	E	R	K	N	Q	S	T	A	V	L	I	F	Y	W	H	M	C	P
0	0.01032	0.01280	0.13689	0.02659	0.18945	0.09685	0.34666	0.06108	0.01002	0.01339	0.00775	0.00983	0.00599	0.00373	0.00436	0.00125	0.01682	0.00386	0.00212	0.04024
1	0.00614	0.00447	0.00597	0.00598	0.00652	0.00489	0.00430	0.04111	0.00723	0.01004	0.03329	0.17150	0.01486	0.24493	0.39779	0.00449	0.02433	0.00610	0.00267	0.00341
2	0.00533	0.00414	0.00487	0.00499	0.00596	0.00376	0.00362	0.00693	0.03989	0.01268	0.28186	0.25485	0.33611	0.01013	0.00487	0.00142	0.00213	0.00883	0.00400	0.00363
3	0.00513	0.00404	0.00457	0.00483	0.00581	0.00358	0.00356	0.00616	0.00888	0.01110	0.08597	0.20122	0.48465	0.06787	0.00602	0.00164	0.00239	0.08547	0.00372	0.00339
4	0.01167	0.00950	0.01006	0.00858	0.01115	0.01083	0.00680	0.25719	0.58659	0.01951	0.01451	0.01354	0.01076	0.00532	0.00411	0.00133	0.00358	0.00431	0.00411	0.00656
5	0.13107	0.00766	0.00877	0.00705	0.00975	0.00777	0.00575	0.18268	0.07720	0.37490	0.05035	0.01300	0.01015	0.00498	0.00378	0.00123	0.00338	0.00390	0.09055	0.00608
6	0.01085	0.85986	0.02126	0.00694	0.01041	0.01605	0.00694	0.01215	0.00824	0.00955	0.00564	0.00651	0.00521	0.00347	0.00260	0.00087	0.00434	0.00217	0.00174	0.00521
7	0.00766	0.00721	0.01217	0.84767	0.02794	0.00901	0.01127	0.01037	0.00811	0.01037	0.00721	0.01082	0.00541	0.00406	0.00406	0.00135	0.00541	0.00361	0.00180	0.00451
8	0.01085	0.85986	0.02126	0.00694	0.01041	0.01605	0.00694	0.01215	0.00824	0.00955	0.00564	0.00651	0.00521	0.00347	0.00260	0.00087	0.00434	0.00217	0.00174	0.00521
9	0.00814	0.02099	0.83640	0.01156	0.01756	0.00942	0.01499	0.01285	0.00857	0.01285	0.00728	0.00857	0.00514	0.00385	0.00385	0.00128	0.00600	0.00300	0.00171	0.00600
10	0.00888	0.00888	0.01243	0.01065	0.01065	0.01243	0.00888	0.00976	0.00621	0.00976	0.00533	0.00888	0.00533	0.00710	0.01331	0.00178	0.84999	0.00355	0.00178	0.00444
11	0.00486	0.00410	0.00422	0.00428	0.00558	0.00346	0.00322	0.00592	0.00923	0.01107	0.05499	0.07638	0.75789	0.01037	0.00483	0.00139	0.00211	0.02888	0.00378	0.00343
12	0.00866	0.00823	0.01397	0.50355	0.36428	0.00928	0.01176	0.01124	0.00858	0.01157	0.00739	0.01049	0.00583	0.00387	0.00404	0.00129	0.00516	0.00361	0.00189	0.00531
13	0.00514	0.00403	0.00459	0.00463	0.00566	0.00355	0.00337	0.00634	0.00955	0.01230	0.26920	0.15076	0.44980	0.04600	0.00552	0.00149	0.00214	0.00851	0.00392	0.00348
14	0.01385	0.01058	0.01129	0.00902	0.01198	0.01185	0.00733	0.58406	0.25615	0.02304	0.01173	0.01133	0.00851	0.00506	0.00408	0.00126	0.00410	0.00393	0.00408	0.00676
15	0.01034	0.01136	0.01249	0.07237	0.04070	0.22493	0.03878	0.01157	0.00795	0.01008	0.00612	0.00902	0.00557	0.00683	0.04339	0.00172	0.47690	0.00339	0.00189	0.00458
16	0.00573	0.00417	0.00564	0.00569	0.00621	0.00454	0.00409	0.00667	0.00656	0.00908	0.01387	0.05903	0.06350	0.28225	0.49893	0.00518	0.00780	0.00542	0.00243	0.00324
17	0.00870	0.00773	0.00854	0.00620	0.00974	0.04089	0.00494	0.01047	0.00854	0.01308	0.00717	0.00837	0.00598	0.00305	0.00303	0.00062	0.00319	0.00241	0.00239	0.84496
18	0.01009	0.01070	0.03859	0.02932	0.26340	0.04493	0.45458	0.01297	0.00954	0.04518	0.00867	0.03711	0.00697	0.00388	0.00446	0.00131	0.00594	0.00447	0.00220	0.00571
19	0.03294	0.00949	0.01013	0.00822	0.01097	0.01046	0.00663	0.42347	0.26725	0.04636	0.01214	0.01188	0.00891	0.00495	0.00389	0.00122	0.00373	0.00388	0.07989	0.04359
20	0.00596	0.00434	0.00581	0.00574	0.00611	0.00485	0.00404	0.00674	0.00623	0.00873	0.01151	0.02045	0.01203	0.40259	0.43851	0.00517	0.04077	0.00502	0.00229	0.00313
21	0.00519	0.00410	0.00467	0.00458	0.00573	0.00359	0.00341	0.00657	0.01011	0.01312	0.36490	0.06579	0.47471	0.00955	0.00481	0.00134	0.00201	0.00817	0.00405	0.00359
22	0.00515	0.00410	0.00461	0.00454	0.00571	0.00357	0.00338	0.00648	0.00999	0.01286	0.32645	0.07320	0.50628	0.00967	0.00481	0.00135	0.00202	0.00825	0.00402	0.00357
23	0.01103	0.31085	0.13175	0.01399	0.27556	0.14977	0.01000	0.03163	0.00940	0.01163	0.00671	0.00814	0.00563	0.00372	0.00344	0.00107	0.00522	0.00286	0.00193	0.00566
24	0.02545	0.03037	0.01553	0.06678	0.50577	0.12171	0.06174	0.01257	0.00912	0.01226	0.00714	0.00951	0.00601	0.00407	0.00494	0.00126	0.09453	0.00349	0.00199	0.00575
25	0.00657	0.00374	0.00515	0.00517	0.00528	0.00378	0.00341	0.00569	0.00573	0.00766	0.01005	0.01786	0.02982	0.24564	0.08200	0.53281	0.00419	0.02121	0.00208	0.00218
26	0.00504	0.00357	0.00464	0.00551	0.00582	0.00332	0.00370	0.00581	0.00786	0.01057	0.02286	0.78439	0.06296	0.01228	0.00507	0.00161	0.00232	0.01109	0.03826	0.00332
27	0.00600	0.00416	0.00495	0.00488	0.00496	0.00437	0.00298	0.00619	0.00598	0.00811	0.01230	0.02474	0.01390	0.73575	0.10973	0.00413	0.03616	0.00564	0.00240	0.00266
28	0.81878	0.02462	0.05435	0.00573	0.00846	0.00925	0.00506	0.01198	0.00703	0.01773	0.00574	0.00670	0.00445	0.00377	0.00259	0.00125	0.00333	0.00224	0.00245	0.00450
29	0.00945	0.00909	0.01240	0.01054	0.01082	0.01244	0.00877	0.08066	0.00734	0.01115	0.00571	0.00895	0.00546	0.00691	0.01250	0.00173	0.77587	0.00356	0.00198	0.00465
30	0.00993	0.04336	0.13029	0.07440	0.40252	0.03047	0.05311	0.05175	0.08426	0.01347	0.00824	0.01011	0.00659	0.00414	0.00459	0.00127	0.05969	0.00360	0.00222	0.00599
31	0.00863	0.01742	0.55828	0.01320	0.03264	0.00976	0.23232	0.01297	0.02594	0.01289	0.00767	0.00939	0.00560	0.00387	0.00441	0.00132	0.03246	0.00355	0.00186	0.00582
32	0.00590	0.00393	0.00442	0.00442	0.00442	0.00393	0.00246	0.00590	0.00590	0.00787	0.01278	0.02655	0.01475	0.85742	0.02065	0.00393	0.00393	0.00590	0.00246	0.00246
33	0.00550	0.00414	0.00509	0.00485	0.00592	0.00373	0.00364	0.00720	0.01092	0.01494	0.63202	0.03250	0.23706	0.00879	0.00479	0.00130	0.00195	0.00764	0.00429	0.00373
34	0.01511	0.01112	0.01176	0.00912	0.01225	0.03116	0.00749	0.72394	0.05094	0.05025	0.01021	0.01016	0.00726	0.00488	0.00402	0.00121	0.00439	0.00368	0.02427	0.00676
35	0.01285	0.02362	0.02707	0.00902	0.02358	0.08588	0.03937	0.37057	0.20006	0.04798	0.01139	0.01149	0.00842	0.00482	0.00390	0.00121	0.00423	0.00381	0.10460	0.00612
36	0.00517	0.00381	0.00481	0.00535	0.00593	0.00350	0.00377	0.00616	0.00862	0.01138	0.14875	0.50591	0.17090	0.04274	0.00565	0.00164	0.00237	0.05632	0.00382	0.00339
37	0.00798	0.01642	0.00726	0.00697	0.03791	0.06185	0.00514	0.03788	0.04356	0.01376	0.18333	0.10026	0.04865	0.00745	0.02753	0.00141	0.12570	0.00538	0.25732	0.00422
38	0.00653	0.01526	0.00600	0.00634	0.05776	0.00444	0.00430	0.02413	0.02015	0.05805	0.17027	0.24002	0.31274	0.02196	0.00493	0.00142	0.00247	0.00813	0.03113	0.00397
39	0.02109	0.02108	0.00784	0.00591	0.00878	0.03823	0.00463	0.02216	0.00868	0.01300	0.02666	0.05929	0.05971	0.02951	0.00381	0.00088	0.00307	0.00360	0.05457	0.60749

[dist]
# distance from previous block
# <min> <max>
1	6

[block]
# block no. 10 follows, 66 sequences, length 19
# corresponding to MSA columns:
# 371-389
name=unknown_K
#
# <colnr> <probs for GDERKNQSTAVLIFYWHMCP>
#	G	D	E	R	K	N	Q	S	T	A	V	L	I	F	Y	W	H	M	C	P
0	0.01188	0.20106	0.10999	0.05488	0.10820	0.19905	0.02420	0.15804	0.04851	0.01376	0.00770	0.00886	0.00613	0.00476	0.02512	0.00126	0.00550	0.00309	0.00239	0.00561
1	0.00551	0.00404	0.00546	0.05954	0.00741	0.00399	0.00435	0.00641	0.00803	0.01064	0.09593	0.41316	0.13133	0.03447	0.08872	0.07062	0.00349	0.04019	0.00336	0.00335
2	0.00500	0.00360	0.00475	0.00556	0.00589	0.00334	0.00375	0.00582	0.00811	0.01086	0.08925	0.76464	0.04981	0.01228	0.00514	0.00161	0.00231	0.01111	0.00382	0.00334
3	0.00566	0.00402	0.00474	0.00481	0.00551	0.00369	0.00328	0.00654	0.00856	0.03024	0.20618	0.19892	0.24090	0.24796	0.00930	0.00212	0.00264	0.00804	0.00359	0.00330
4	0.01511	0.01121	0.01200	0.00927	0.01246	0.01243	0.00764	0.77150	0.06667	0.02506	0.01014	0.01006	0.00722	0.00491	0.00406	0.00123	0.00439	0.00371	0.00406	0.00687
5	0.34885	0.00776	0.00841	0.00674	0.00965	0.00790	0.00556	0.10591	0.01065	0.43316	0.01136	0.01060	0.00754	0.00453	0.00348	0.00125	0.00345	0.00331	0.00396	0.00595
6	0.88607	0.00785	0.00596	0.00534	0.00785	0.00910	0.00439	0.01193	0.00690	0.01820	0.00565	0.00659	0.00439	0.00377	0.00251	0.00126	0.00314	0.00220	0.00251	0.00439
7	0.88607	0.00785	0.00596	0.00534	0.00785	0.00910	0.00439	0.01193	0.00690	0.01820	0.00565	0.00659	0.00439	0.00377	0.00251	0.00126	0.00314	0.00220	0.00251	0.00439
8	0.01070	0.81287	0.06692	0.00720	0.01081	0.01568	0.00739	0.01219	0.00826	0.00973	0.00573	0.00662	0.00520	0.00349	0.00267	0.00089	0.00443	0.00222	0.00173	0.00525
9	0.04187	0.40295	0.06070	0.02368	0.07817	0.05506	0.04762	0.13942	0.02769	0.02518	0.00713	0.00816	0.00584	0.00395	0.00363	0.00107	0.03370	0.00287	0.00230	0.02900
10	0.02067	0.00657	0.04127	0.00756	0.04714	0.01914	0.04476	0.10130	0.02362	0.01155	0.02858	0.03992	0.01208	0.38089	0.19409	0.00358	0.00572	0.00506	0.00261	0.00389
11	0.00501	0.00399	0.00446	0.00461	0.00564	0.00348	0.00334	0.00609	0.00923	0.01164	0.16736	0.20915	0.51027	0.03066	0.00525	0.00147	0.00214	0.00892	0.00385	0.00344
12	0.00813	0.00555	0.00632	0.01728	0.02426	0.03980	0.00449	0.05327	0.00849	0.06750	0.02516	0.05364	0.03598	0.29077	0.07086	0.00256	0.02515	0.09282	0.16416	0.00380
13	0.00960	0.00628	0.00737	0.00666	0.00821	0.00639	0.00505	0.21772	0.03935	0.11107	0.08238	0.28438	0.06232	0.08864	0.00611	0.00165	0.00319	0.03175	0.01716	0.00474
14	0.00787	0.00430	0.00596	0.00568	0.00600	0.00442	0.00394	0.08549	0.00665	0.00887	0.00731	0.01208	0.00703	0.01318	0.01469	0.79510	0.00362	0.00354	0.00199	0.00227
15	0.01261	0.33607	0.01543	0.03477	0.06896	0.41320	0.00785	0.01389	0.00983	0.01003	0.00648	0.02539	0.00577	0.00410	0.00351	0.00102	0.02136	0.00275	0.00197	0.00497
16	0.00694	0.00352	0.00526	0.00530	0.00531	0.00351	0.00354	0.00530	0.00541	0.00721	0.00780	0.05358	0.00802	0.01403	0.01533	0.83886	0.00347	0.00392	0.00186	0.00184
17	0.02344	0.00915	0.09368	0.01228	0.16387	0.00821	0.14030	0.06863	0.09275	0.03071	0.03822	0.02843	0.05528	0.08019	0.06888	0.01458	0.02534	0.03816	0.00273	0.00517
18	0.01109	0.06496	0.11405	0.05157	0.16757	0.03972	0.04879	0.11948	0.21413	0.07354	0.01066	0.02353	0.00816	0.00464	0.00426	0.00127	0.02965	0.00386	0.00298	0.00609

[dist]
# distance from previous block
# <min> <max>
1	5

[block]
# block no. 11 follows, 66 sequences, length 16
# corresponding to MSA columns:
# 395-410
name=unknown_L
#
# <colnr> <probs for GDERKNQSTAVLIFYWHMCP>
#	G	D	E	R	K	N	Q	S	T	A	V	L	I	F	Y	W	H	M	C	P
0	0.00920	0.04291	0.31320	0.01327	0.16901	0.02299	0.10327	0.02540	0.06723	0.03734	0.05879	0.02752	0.00890	0.01430	0.00463	0.00131	0.04163	0.00395	0.02947	0.00568
1	0.00667	0.00552	0.00741	0.02513	0.09618	0.04151	0.03182	0.01691	0.00851	0.02469	0.03920	0.58331	0.02155	0.01017	0.00485	0.00151	0.00314	0.03394	0.00340	0.03455
2	0.00587	0.00432	0.00574	0.00681	0.06017	0.00404	0.00445	0.02113	0.00865	0.03216	0.07037	0.56437	0.14793	0.01111	0.00499	0.00154	0.00256	0.03635	0.00373	0.00372
3	0.02579	0.21013	0.04473	0.00862	0.01145	0.02579	0.09366	0.21694	0.07267	0.07702	0.01017	0.04102	0.00852	0.09237	0.00559	0.00146	0.01527	0.00397	0.02933	0.00549
4	0.01066	0.01044	0.08430	0.06191	0.43861	0.00992	0.04201	0.09782	0.09196	0.05581	0.00902	0.01060	0.00703	0.00422	0.00452	0.00128	0.04741	0.00373	0.00254	0.00622
5	0.00560	0.00392	0.00464	0.00477	0.00508	0.00382	0.00301	0.00607	0.00710	0.00944	0.08934	0.17159	0.10310	0.50534	0.05731	0.00317	0.00364	0.00720	0.00298	0.00288
6	0.01082	0.35446	0.24853	0.00999	0.05115	0.13080	0.03300	0.06387	0.00957	0.01195	0.00668	0.00777	0.00541	0.00376	0.00334	0.00105	0.00528	0.00271	0.00197	0.03789
7	0.00532	0.00401	0.00520	0.00545	0.00615	0.00399	0.00395	0.00640	0.00791	0.01055	0.09509	0.26585	0.20467	0.07579	0.27686	0.00329	0.00511	0.00776	0.00322	0.00342
8	0.06872	0.04874	0.06297	0.22319	0.10633	0.00965	0.00882	0.17388	0.07858	0.04204	0.01027	0.08857	0.00877	0.00529	0.00430	0.00132	0.03068	0.01960	0.00283	0.00543
9	0.01076	0.30345	0.22297	0.01020	0.05643	0.01202	0.06706	0.14029	0.03507	0.03465	0.00766	0.00862	0.00597	0.00392	0.00364	0.00111	0.01760	0.00303	0.00233	0.05321
10	0.00617	0.00439	0.00617	0.00633	0.00707	0.00434	0.03301	0.00734	0.01925	0.05272	0.02030	0.49079	0.08251	0.04383	0.14096	0.00247	0.02154	0.04371	0.00343	0.00368
11	0.00521	0.00411	0.00470	0.00468	0.00581	0.00360	0.00351	0.00656	0.00997	0.01289	0.32491	0.08629	0.46703	0.00974	0.00484	0.00137	0.00208	0.03510	0.00402	0.00357
12	0.00962	0.02815	0.30538	0.04156	0.18287	0.05088	0.10718	0.03789	0.04801	0.05341	0.00935	0.06031	0.00764	0.00539	0.03328	0.00147	0.00552	0.00403	0.00232	0.00574
13	0.00986	0.05691	0.07313	0.00933	0.10381	0.04769	0.02250	0.05884	0.02602	0.04336	0.00781	0.00891	0.00624	0.00346	0.00335	0.00085	0.00390	0.00281	0.00247	0.50878
14	0.00694	0.06900	0.00834	0.00728	0.03231	0.00689	0.00545	0.02283	0.03158	0.00986	0.01064	0.04525	0.01051	0.16724	0.44698	0.00453	0.10363	0.00459	0.00229	0.00385
15	0.00561	0.06707	0.00606	0.00564	0.00632	0.00453	0.00402	0.00677	0.03329	0.01072	0.05255	0.61275	0.10354	0.04123	0.00546	0.00162	0.00256	0.02312	0.00361	0.00354

[dist]
# distance from previous block
# <min> <max>
0	29

[block]
# block no. 12 follows, 66 sequences, length 12
# corresponding to MSA columns:
# 446-457
name=unknown_M
#
# <colnr> <probs for GDERKNQSTAVLIFYWHMCP>
#	G	D	E	R	K	N	Q	S	T	A	V	L	I	F	Y	W	H	M	C	P
0	0.00820	0.00837	0.06882	0.13703	0.24183	0.04632	0.02428	0.01062	0.03168	0.03412	0.13128	0.03278	0.15130	0.00683	0.03390	0.00148	0.00434	0.01907	0.00281	0.00495
1	0.00791	0.01975	0.77772	0.01115	0.01674	0.00899	0.01420	0.01234	0.00851	0.01267	0.00834	0.06827	0.00667	0.00448	0.00395	0.00131	0.00574	0.00360	0.00186	0.00581
2	0.00621	0.00454	0.00534	0.00522	0.00620	0.00453	0.00379	0.00806	0.07523	0.03202	0.07979	0.05950	0.27373	0.19382	0.18475	0.00299	0.00444	0.00650	0.03970	0.00363
3	0.04459	0.00920	0.00903	0.00745	0.00989	0.11146	0.00596	0.25156	0.07356	0.21296	0.01198	0.01196	0.00858	0.00480	0.00368	0.00115	0.00383	0.00367	0.20892	0.00577
4	0.00538	0.00413	0.00492	0.00472	0.00584	0.00367	0.00354	0.00695	0.01062	0.01422	0.52591	0.03367	0.34361	0.00906	0.00479	0.00131	0.00197	0.00781	0.00420	0.00367
5	0.03073	0.00915	0.01090	0.00853	0.01139	0.00960	0.04942	0.43102	0.06644	0.16234	0.11809	0.02782	0.01210	0.00537	0.00416	0.00124	0.00390	0.00440	0.00410	0.02929
6	0.01004	0.08429	0.07057	0.06263	0.48091	0.02685	0.11608	0.05282	0.00959	0.01320	0.00796	0.03221	0.00669	0.00393	0.00401	0.00122	0.00511	0.00379	0.00211	0.00597
7	0.00544	0.00413	0.00471	0.00483	0.00596	0.00362	0.00362	0.00662	0.00939	0.03435	0.15108	0.17695	0.50062	0.01032	0.00489	0.00143	0.00224	0.06231	0.00390	0.00358
8	0.00697	0.05874	0.00769	0.01881	0.04132	0.00552	0.03575	0.02037	0.05701	0.04925	0.20879	0.25068	0.17771	0.03646	0.00515	0.00146	0.00282	0.00768	0.00367	0.00416
9	0.01164	0.00855	0.02532	0.00871	0.03589	0.00904	0.02649	0.17482	0.31446	0.14318	0.06518	0.01419	0.01159	0.00701	0.06070	0.00165	0.03169	0.00434	0.02516	0.02040
10	0.00682	0.06257	0.00682	0.00580	0.00660	0.03283	0.00427	0.03007	0.00815	0.01099	0.06548	0.23878	0.12287	0.18813	0.02997	0.00206	0.08029	0.00692	0.08696	0.00360
11	0.04978	0.10799	0.14372	0.06451	0.18701	0.03425	0.00920	0.07358	0.10652	0.05336	0.03444	0.01044	0.00776	0.00415	0.00369	0.00115	0.00442	0.00339	0.00261	0.09803

[dist]
# distance from previous block
# <min> <max>
1	10

[block]
# block no. 13 follows, 66 sequences, length 18
# corresponding to MSA columns:
# 468-485
name=unknown_N
#
# <colnr> <probs for GDERKNQSTAVLIFYWHMCP>
#	G	D	E	R	K	N	Q	S	T	A	V	L	I	F	Y	W	H	M	C	P
0	0.00691	0.00582	0.00914	0.07931	0.19953	0.00608	0.03515	0.00835	0.00756	0.01042	0.01296	0.15043	0.04054	0.17208	0.23421	0.00325	0.00592	0.00571	0.00246	0.00413
1	0.00538	0.00392	0.00481	0.00513	0.00588	0.00355	0.00363	0.00644	0.00900	0.02578	0.20571	0.39238	0.24060	0.04691	0.00564	0.00159	0.00229	0.02400	0.00389	0.00348
2	0.01030	0.00516	0.00667	0.00583	0.00752	0.00470	0.00449	0.01187	0.02121	0.31401	0.23814	0.07667	0.11038	0.07008	0.05698	0.00180	0.00323	0.00608	0.04006	0.00480
3	0.00679	0.00443	0.00548	0.00515	0.00595	0.00426	0.00359	0.00838	0.04442	0.06713	0.43178	0.04698	0.02668	0.30960	0.01035	0.00223	0.00280	0.00659	0.00376	0.00364
4	0.00676	0.00466	0.00541	0.00553	0.00621	0.02163	0.00377	0.02546	0.04142	0.06124	0.05791	0.36833	0.08367	0.25188	0.02519	0.00229	0.00317	0.00817	0.01374	0.00356
5	0.00663	0.00453	0.00533	0.00497	0.00617	0.00417	0.00366	0.00844	0.04305	0.05443	0.34181	0.05529	0.20257	0.10865	0.00635	0.00156	0.00238	0.00673	0.08774	0.04555
6	0.00830	0.07033	0.78844	0.01129	0.01714	0.00981	0.01452	0.01281	0.00855	0.01265	0.00718	0.00844	0.00514	0.00383	0.00378	0.00126	0.00590	0.00295	0.00171	0.00595
7	0.11871	0.01048	0.01208	0.03072	0.09418	0.17675	0.11473	0.06217	0.01049	0.22043	0.01016	0.01195	0.00770	0.00467	0.00424	0.00126	0.03345	0.04159	0.02870	0.00554
8	0.00920	0.00789	0.00814	0.00746	0.00941	0.04233	0.00581	0.03473	0.53660	0.01596	0.11002	0.02009	0.07966	0.00643	0.00427	0.00136	0.00315	0.05215	0.03978	0.00557
9	0.01195	0.01189	0.01340	0.05592	0.34066	0.20374	0.00964	0.15701	0.05132	0.01457	0.00799	0.00951	0.00641	0.00420	0.00428	0.00118	0.03976	0.00337	0.00250	0.05070
10	0.01036	0.00580	0.00743	0.00742	0.08166	0.00551	0.00517	0.07613	0.01072	0.22827	0.14477	0.08883	0.10990	0.00658	0.00409	0.00123	0.00283	0.00558	0.19273	0.00501
11	0.00573	0.00399	0.00491	0.00511	0.00589	0.00362	0.00360	0.00679	0.00902	0.04540	0.22603	0.35201	0.21459	0.08653	0.00634	0.00168	0.00236	0.00899	0.00387	0.00353
12	0.00538	0.00380	0.00466	0.00503	0.00535	0.00363	0.00326	0.00598	0.00753	0.01003	0.09709	0.38414	0.09151	0.32453	0.02749	0.00253	0.00304	0.00866	0.00332	0.00305
13	0.00590	0.00452	0.00520	0.00506	0.00627	0.00422	0.00377	0.00806	0.07803	0.03152	0.27851	0.10472	0.38259	0.02897	0.03295	0.00159	0.00250	0.00781	0.00396	0.00385
14	0.00576	0.00383	0.00476	0.00515	0.00552	0.00370	0.00343	0.00653	0.00764	0.02158	0.08541	0.40018	0.03335	0.25853	0.04357	0.00241	0.00312	0.02137	0.08096	0.00321
