[name]
unknown

[dist]
# distance from previous block
# <min> <max>
0	45

[block]
# block no. 0 follows, 70 sequences, length 27
# corresponding to MSA columns:
# 47-73
name=unknown_A
#
# <colnr> <probs for GDERKNQSTAVLIFYWHMCP>
#	G	D	E	R	K	N	Q	S	T	A	V	L	I	F	Y	W	H	M	C	P
0	0.00944	0.00905	0.01546	0.08012	0.78445	0.00917	0.01182	0.01176	0.00875	0.01248	0.00727	0.00965	0.00607	0.00348	0.00384	0.00116	0.00464	0.00345	0.00191	0.00602
1	0.00602	0.00440	0.00530	0.00507	0.00508	0.00487	0.00322	0.00616	0.00569	0.00779	0.01122	0.02291	0.01280	0.73301	0.03396	0.00353	0.11880	0.00531	0.00226	0.00262
2	0.00554	0.00415	0.00623	0.00623	0.00692	0.00485	0.00485	0.00692	0.00623	0.00900	0.01038	0.01523	0.00969	0.02908	0.84839	0.00623	0.01038	0.00415	0.00208	0.00346
3	0.01005	0.00831	0.00893	0.00808	0.02643	0.00943	0.00620	0.08565	0.68971	0.04005	0.01611	0.01492	0.04793	0.00536	0.00396	0.00130	0.00315	0.00445	0.00391	0.00606
4	0.00945	0.00767	0.00915	0.00724	0.04482	0.02157	0.02348	0.10745	0.00950	0.05584	0.00790	0.02469	0.00642	0.00341	0.00317	0.00074	0.00328	0.00279	0.00261	0.64880
5	0.00530	0.00387	0.00498	0.00488	0.00572	0.00355	0.00359	0.00689	0.01027	0.01429	0.65131	0.15316	0.10030	0.00871	0.00463	0.00128	0.00190	0.00770	0.00411	0.00355
6	0.00943	0.55914	0.15493	0.00721	0.01089	0.01231	0.00752	0.01130	0.00792	0.01025	0.00602	0.00705	0.00520	0.00385	0.02080	0.00097	0.00432	0.00229	0.00177	0.15683
7	0.00483	0.00364	0.00447	0.00488	0.00555	0.00328	0.00343	0.00582	0.00851	0.01115	0.18468	0.46812	0.25621	0.01067	0.00477	0.00143	0.00209	0.00945	0.00373	0.00328
8	0.00990	0.06536	0.06516	0.00830	0.01971	0.01619	0.09717	0.13149	0.02845	0.07650	0.05876	0.02709	0.00844	0.00415	0.00397	0.00099	0.04434	0.00344	0.00274	0.32785
9	0.00918	0.00968	0.09294	0.01279	0.21649	0.00931	0.07694	0.01595	0.41259	0.01435	0.04806	0.01273	0.01010	0.00467	0.00430	0.00128	0.03573	0.00410	0.00298	0.00584
10	0.00915	0.01046	0.02288	0.01634	0.02026	0.00980	0.82549	0.01242	0.00915	0.01242	0.00784	0.01046	0.00588	0.00327	0.00458	0.00131	0.00654	0.00458	0.00196	0.00523
11	0.00920	0.00881	0.01554	0.15533	0.42401	0.00901	0.18195	0.03081	0.04542	0.02731	0.00889	0.01170	0.02199	0.00395	0.00407	0.00124	0.00492	0.02815	0.00216	0.00554
12	0.00610	0.00699	0.14414	0.04485	0.04584	0.00518	0.00627	0.00842	0.07461	0.02074	0.01758	0.54894	0.03638	0.00930	0.00454	0.00145	0.00313	0.00832	0.00316	0.00404
13	0.00472	0.00337	0.00450	0.00540	0.00562	0.00315	0.00360	0.00540	0.00742	0.00990	0.02137	0.86122	0.02564	0.01215	0.00495	0.00157	0.00225	0.01102	0.00360	0.00315
14	0.00489	0.00357	0.00474	0.00535	0.00578	0.00343	0.00372	0.00578	0.00768	0.01030	0.09070	0.61123	0.08875	0.01388	0.11853	0.00215	0.00329	0.00953	0.00345	0.00324
15	0.00923	0.12979	0.21801	0.05980	0.16874	0.02325	0.23282	0.03856	0.03951	0.01225	0.00739	0.00917	0.00574	0.00366	0.00403	0.00119	0.02598	0.00345	0.00195	0.00548
16	0.00909	0.01088	0.05934	0.01610	0.02011	0.00977	0.78946	0.01241	0.00911	0.01241	0.00780	0.01036	0.00584	0.00329	0.00454	0.00130	0.00650	0.00450	0.00195	0.00525
17	0.00527	0.00394	0.00489	0.00469	0.00567	0.00356	0.00350	0.00688	0.01040	0.01427	0.63960	0.05758	0.20852	0.00847	0.00459	0.00125	0.00187	0.00739	0.00410	0.00356
18	0.00663	0.00574	0.00823	0.00760	0.00800	0.00740	0.00608	0.00776	0.00609	0.00905	0.00851	0.01320	0.00819	0.05948	0.50036	0.00444	0.32365	0.00394	0.00195	0.00370
19	0.01035	0.08870	0.22199	0.01212	0.04395	0.07862	0.27307	0.12432	0.06452	0.03295	0.00813	0.00938	0.00607	0.00380	0.00390	0.00119	0.00548	0.00355	0.00231	0.00558
20	0.00515	0.00393	0.00554	0.11983	0.00857	0.00397	0.00467	0.00615	0.00757	0.00998	0.01994	0.66369	0.05577	0.01113	0.01779	0.00161	0.00281	0.04523	0.00332	0.00333
21	0.00482	0.00386	0.00432	0.00437	0.00543	0.00335	0.00321	0.00597	0.00915	0.01162	0.23082	0.15540	0.52463	0.00970	0.00463	0.00133	0.00197	0.00831	0.00376	0.00335
22	0.01200	0.00929	0.01110	0.04195	0.13466	0.01009	0.00754	0.52848	0.01473	0.01981	0.04608	0.04989	0.06977	0.00533	0.00417	0.00121	0.02026	0.00431	0.00345	0.00588
23	0.02247	0.00824	0.05887	0.04556	0.08234	0.00765	0.26309	0.02641	0.09372	0.04767	0.14694	0.12831	0.01426	0.00570	0.00459	0.00131	0.02964	0.00547	0.00289	0.00489
24	0.12641	0.00697	0.01083	0.74000	0.02411	0.00862	0.00988	0.01011	0.00760	0.01091	0.00669	0.00979	0.00504	0.00384	0.00368	0.00128	0.00488	0.00326	0.00181	0.00429
25	0.01128	0.01299	0.12234	0.00917	0.03519	0.25330	0.00772	0.14487	0.20366	0.01434	0.00998	0.01029	0.02925	0.00435	0.00365	0.00109	0.00475	0.00330	0.00278	0.11570
26	0.01353	0.06470	0.05978	0.00831	0.01146	0.05340	0.03751	0.32338	0.04023	0.23381	0.02397	0.01088	0.00789	0.00448	0.00374	0.00112	0.00411	0.01544	0.00355	0.07870

[dist]
# distance from previous block
# <min> <max>
0	2

[block]
# block no. 1 follows, 70 sequences, length 10
# corresponding to MSA columns:
# 76-85
name=unknown_B
#
# <colnr> <probs for GDERKNQSTAVLIFYWHMCP>
#	G	D	E	R	K	N	Q	S	T	A	V	L	I	F	Y	W	H	M	C	P
0	0.00897	0.07105	0.07240	0.01115	0.05260	0.08417	0.30414	0.05325	0.02273	0.02289	0.02834	0.05174	0.06231	0.11394	0.02180	0.00164	0.00517	0.00467	0.00237	0.00468
1	0.00943	0.04284	0.15491	0.01588	0.17724	0.00964	0.43563	0.01247	0.00886	0.05248	0.00776	0.00982	0.00589	0.00357	0.00447	0.00126	0.03640	0.00391	0.00202	0.00551
2	0.00985	0.00661	0.00692	0.00597	0.00775	0.00720	0.00471	0.24632	0.17082	0.01766	0.01229	0.01298	0.00934	0.00470	0.00329	0.00106	0.00276	0.00373	0.46108	0.00496
3	0.01393	0.01251	0.01083	0.00889	0.01145	0.25876	0.00707	0.51982	0.01523	0.01898	0.00902	0.05013	0.00715	0.00482	0.00378	0.00113	0.00489	0.00357	0.03233	0.00571
4	0.00564	0.00376	0.00423	0.00423	0.00423	0.00376	0.00235	0.00564	0.00564	0.00752	0.01222	0.02537	0.01409	0.86375	0.01973	0.00376	0.00376	0.00564	0.00235	0.00235
5	0.00484	0.00361	0.00455	0.00525	0.00578	0.00331	0.00372	0.00570	0.00789	0.01019	0.02524	0.59728	0.20489	0.01149	0.00491	0.00154	0.00232	0.09070	0.00360	0.00322
6	0.00913	0.00717	0.00788	0.00707	0.00903	0.00794	0.00549	0.01726	0.58220	0.07022	0.18653	0.01811	0.04323	0.00593	0.00409	0.00129	0.00279	0.00502	0.00406	0.00556
7	0.00958	0.00823	0.00842	0.00694	0.00956	0.07988	0.00542	0.04847	0.27812	0.05487	0.01184	0.06705	0.02597	0.00467	0.00354	0.00099	0.00331	0.00382	0.00311	0.36620
8	0.00932	0.00832	0.00868	0.00645	0.00973	0.07901	0.00514	0.09775	0.00939	0.01362	0.00707	0.00808	0.00577	0.00316	0.00303	0.00067	0.00338	0.00244	0.00244	0.71655
9	0.00925	0.00939	0.10975	0.00877	0.09102	0.00738	0.00700	0.12736	0.08108	0.01458	0.00805	0.00894	0.00633	0.00349	0.00330	0.00086	0.00360	0.00283	0.00255	0.49448

[dist]
# distance from previous block
# <min> <max>
0	27

[block]
# block no. 2 follows, 70 sequences, length 94
# corresponding to MSA columns:
# 113-206
name=unknown_C
#
# <colnr> <probs for GDERKNQSTAVLIFYWHMCP>
#	G	D	E	R	K	N	Q	S	T	A	V	L	I	F	Y	W	H	M	C	P
0	0.13671	0.40025	0.08843	0.00744	0.03111	0.05704	0.00686	0.06102	0.00897	0.09522	0.02981	0.01880	0.03571	0.00411	0.00305	0.00103	0.00405	0.00292	0.00239	0.00508
1	0.01836	0.21657	0.03902	0.00767	0.00967	0.08871	0.08368	0.03413	0.00858	0.01889	0.04145	0.17955	0.06237	0.00892	0.08927	0.00174	0.02059	0.06396	0.00259	0.00426
2	0.07349	0.36919	0.28553	0.00916	0.03761	0.01163	0.05906	0.04795	0.00857	0.04359	0.00668	0.00765	0.00525	0.00357	0.00316	0.00105	0.00469	0.00266	0.00196	0.01757
3	0.07443	0.53815	0.05344	0.00762	0.03751	0.03701	0.00692	0.06254	0.07499	0.05525	0.01626	0.00791	0.00619	0.00374	0.00291	0.00097	0.00408	0.00259	0.00224	0.00524
4	0.00472	0.00394	0.00426	0.00428	0.00548	0.00349	0.00322	0.00575	0.00844	0.01025	0.03483	0.05510	0.70291	0.01254	0.12127	0.00200	0.00314	0.00770	0.00339	0.00330
5	0.00886	0.00926	0.01816	0.19558	0.26833	0.00931	0.39883	0.01168	0.00875	0.01195	0.00762	0.01055	0.00600	0.00354	0.00421	0.00126	0.00563	0.01325	0.00192	0.00529
6	0.00507	0.00395	0.00460	0.00444	0.00554	0.00348	0.00333	0.00651	0.00999	0.01320	0.46889	0.03282	0.40668	0.00880	0.00458	0.00126	0.00189	0.00755	0.00396	0.00348
7	0.00467	0.00393	0.00405	0.00402	0.00529	0.00331	0.00302	0.00574	0.00905	0.01098	0.11917	0.03647	0.75778	0.00963	0.00458	0.00130	0.00195	0.00806	0.00367	0.00331
8	0.00554	0.00415	0.00623	0.00623	0.00692	0.00485	0.00485	0.00692	0.00623	0.00900	0.01038	0.01523	0.00969	0.02908	0.84839	0.00623	0.01038	0.00415	0.00208	0.00346
9	0.00844	0.00803	0.01365	0.44514	0.42724	0.00891	0.01132	0.01089	0.00828	0.01127	0.00709	0.00997	0.00565	0.00367	0.00386	0.00122	0.00489	0.00345	0.00182	0.00521
10	0.01070	0.01208	0.01277	0.01237	0.12608	0.29380	0.05785	0.01195	0.00824	0.01003	0.00586	0.00825	0.00525	0.00517	0.00789	0.00136	0.40070	0.00317	0.00184	0.00465
11	0.00554	0.00414	0.00618	0.00618	0.00685	0.00482	0.00478	0.00689	0.00622	0.00896	0.01043	0.01549	0.00980	0.05023	0.82739	0.00617	0.01022	0.00419	0.00208	0.00343
12	0.01703	0.00719	0.00936	0.00718	0.01019	0.00657	0.00593	0.13058	0.01208	0.72917	0.01447	0.01266	0.00918	0.00478	0.00390	0.00119	0.00343	0.00384	0.00467	0.00660
13	0.13153	0.00821	0.00834	0.00750	0.00972	0.00951	0.00587	0.01933	0.71836	0.01638	0.01434	0.01333	0.01078	0.00503	0.00373	0.00130	0.00306	0.00407	0.00373	0.00587
14	0.00472	0.00337	0.00450	0.00540	0.00562	0.00315	0.00360	0.00540	0.00742	0.00990	0.02137	0.86122	0.02564	0.01215	0.00495	0.00157	0.00225	0.01102	0.00360	0.00315
15	0.00584	0.00460	0.00629	0.00625	0.00695	0.03253	0.00481	0.00714	0.00636	0.00894	0.01033	0.01548	0.00976	0.07072	0.77844	0.00593	0.00994	0.00417	0.00209	0.00344
16	0.00564	0.00376	0.00423	0.00423	0.00423	0.00376	0.00235	0.00564	0.00564	0.00752	0.01222	0.02537	0.01409	0.86375	0.01973	0.00376	0.00376	0.00564	0.00235	0.00235
17	0.00692	0.00530	0.00631	0.00580	0.00713	0.00546	0.00442	0.01144	0.25331	0.03011	0.58085	0.02441	0.02881	0.00708	0.00438	0.00125	0.00222	0.00618	0.00418	0.00444
18	0.00550	0.00370	0.00427	0.00440	0.00444	0.00367	0.00254	0.00560	0.00591	0.00787	0.01359	0.15098	0.01583	0.73577	0.01751	0.00343	0.00353	0.00645	0.00254	0.00247
19	0.00479	0.00387	0.00427	0.00437	0.00546	0.00335	0.00325	0.00588	0.00895	0.01117	0.15222	0.15023	0.58234	0.00989	0.00466	0.00135	0.00204	0.03489	0.00370	0.00332
20	0.00549	0.00396	0.00518	0.00488	0.00579	0.00366	0.00366	0.00732	0.01097	0.01555	0.83752	0.02896	0.03658	0.00793	0.00457	0.00122	0.00183	0.00701	0.00427	0.00366
21	0.01036	0.86609	0.02032	0.00663	0.00995	0.01534	0.00663	0.01161	0.00788	0.00912	0.00539	0.00622	0.00498	0.00332	0.00249	0.00083	0.00415	0.00207	0.00166	0.00498
22	0.00922	0.39890	0.22349	0.00885	0.01268	0.03348	0.10456	0.01170	0.02210	0.01081	0.00702	0.04020	0.00605	0.00375	0.00321	0.00100	0.00468	0.00298	0.00187	0.09346
23	0.00920	0.01144	0.08592	0.01574	0.01974	0.03492	0.73826	0.01250	0.00913	0.01232	0.00772	0.01018	0.00578	0.00332	0.00447	0.00129	0.00649	0.00438	0.00194	0.00525
24	0.00778	0.02005	0.84367	0.01105	0.01678	0.00900	0.01432	0.01228	0.00818	0.01228	0.00696	0.00818	0.00491	0.00368	0.00368	0.00123	0.00573	0.00286	0.00164	0.00573
25	0.01458	0.01075	0.01153	0.00887	0.01193	0.01189	0.00731	0.81415	0.01806	0.02421	0.00949	0.02227	0.00688	0.00477	0.00389	0.00117	0.00424	0.00360	0.00387	0.00654
26	0.00781	0.01823	0.72812	0.01032	0.01573	0.00847	0.01298	0.01193	0.00816	0.01233	0.00695	0.00816	0.00503	0.00357	0.00357	0.00114	0.00533	0.00279	0.00173	0.12765
27	0.00472	0.00337	0.00450	0.00540	0.00562	0.00315	0.00360	0.00540	0.00742	0.00990	0.02137	0.86122	0.02564	0.01215	0.00495	0.00157	0.00225	0.01102	0.00360	0.00315
28	0.47360	0.00717	0.00763	0.12316	0.01095	0.00780	0.00562	0.03400	0.00846	0.25981	0.02308	0.00936	0.00655	0.00409	0.00312	0.00121	0.00340	0.00294	0.00308	0.00497
29	0.00490	0.00407	0.00433	0.00444	0.00570	0.00354	0.00346	0.00616	0.02257	0.01072	0.03629	0.03782	0.71145	0.00987	0.00468	0.00138	0.00220	0.11947	0.00360	0.00336
30	0.00472	0.00337	0.00450	0.00540	0.00562	0.00315	0.00360	0.00540	0.00742	0.00990	0.02137	0.86122	0.02564	0.01215	0.00495	0.00157	0.00225	0.01102	0.00360	0.00315
31	0.01036	0.86609	0.02032	0.00663	0.00995	0.01534	0.00663	0.01161	0.00788	0.00912	0.00539	0.00622	0.00498	0.00332	0.00249	0.00083	0.00415	0.00207	0.00166	0.00498
32	0.00476	0.00339	0.00449	0.00535	0.00557	0.00317	0.00355	0.00541	0.00735	0.00981	0.02102	0.82931	0.02520	0.04466	0.00551	0.00166	0.00231	0.01082	0.00355	0.00312
33	0.00458	0.00393	0.00393	0.00393	0.00524	0.00327	0.00295	0.00556	0.00884	0.01047	0.03927	0.03731	0.83800	0.00982	0.00458	0.00131	0.00196	0.00818	0.00360	0.00327
34	0.00902	0.01008	0.02078	0.01517	0.01834	0.01020	0.66995	0.01183	0.00854	0.01183	0.00732	0.01008	0.00573	0.00394	0.00613	0.00138	0.16838	0.00435	0.00191	0.00504
35	0.04161	0.00626	0.00702	0.00628	0.00791	0.00670	0.00486	0.09391	0.28890	0.01657	0.41910	0.02151	0.05035	0.00659	0.00421	0.00125	0.00254	0.00562	0.00403	0.00480
36	0.00565	0.00377	0.00426	0.00428	0.00429	0.00377	0.00241	0.00568	0.00569	0.00759	0.01235	0.02568	0.01423	0.84943	0.01949	0.00373	0.00376	0.01920	0.00237	0.00237
37	0.00549	0.00396	0.00518	0.00488	0.00579	0.00366	0.00366	0.00732	0.01097	0.01555	0.83752	0.02896	0.03658	0.00793	0.00457	0.00122	0.00183	0.00701	0.00427	0.00366
38	0.00804	0.01891	0.75000	0.01152	0.01704	0.00904	0.09564	0.01238	0.00832	0.02350	0.00716	0.00848	0.00507	0.00366	0.00378	0.00124	0.00578	0.00305	0.00171	0.00569
39	0.01089	0.00621	0.00702	0.00585	0.00774	0.00634	0.00467	0.23880	0.01186	0.16465	0.12469	0.01477	0.01258	0.00507	0.00350	0.00107	0.00276	0.00409	0.36243	0.00498
40	0.00472	0.00337	0.00450	0.00540	0.00562	0.00315	0.00360	0.00540	0.00742	0.00990	0.02137	0.86122	0.02564	0.01215	0.00495	0.00157	0.00225	0.01102	0.00360	0.00315
41	0.01130	0.62474	0.04718	0.00763	0.01070	0.22279	0.00712	0.01260	0.00866	0.00932	0.00560	0.00648	0.00498	0.00350	0.00278	0.00089	0.00491	0.00221	0.00174	0.00488
42	0.00787	0.00730	0.01146	0.38497	0.24186	0.02998	0.02015	0.01019	0.03495	0.01102	0.04075	0.09692	0.00939	0.00535	0.00459	0.03270	0.01885	0.02489	0.00219	0.00463
43	0.00723	0.00361	0.00361	0.00361	0.00452	0.00361	0.00271	0.00903	0.00813	0.01445	0.01265	0.01445	0.00994	0.00452	0.00271	0.00090	0.00181	0.00361	0.88528	0.00361
44	0.00563	0.00377	0.00431	0.00431	0.00433	0.00380	0.00245	0.00569	0.00566	0.00757	0.01214	0.02497	0.01392	0.83115	0.05210	0.00386	0.00402	0.00558	0.00234	0.00239
45	0.05398	0.03898	0.24099	0.03074	0.04870	0.00913	0.01945	0.07190	0.28121	0.08957	0.04309	0.01159	0.00903	0.00456	0.00392	0.00124	0.01998	0.00367	0.00301	0.01526
46	0.01137	0.19445	0.28394	0.00957	0.01309	0.36074	0.00951	0.04040	0.02335	0.01092	0.00645	0.00742	0.00513	0.00380	0.00337	0.00105	0.00584	0.00259	0.00190	0.00509
47	0.00549	0.00396	0.00518	0.00488	0.00579	0.00366	0.00366	0.00732	0.01097	0.01555	0.83752	0.02896	0.03658	0.00793	0.00457	0.00122	0.00183	0.00701	0.00427	0.00366
48	0.01009	0.00860	0.00694	0.00629	0.00787	0.20921	0.00482	0.09676	0.12386	0.01453	0.01113	0.01212	0.00866	0.00451	0.00319	0.00101	0.00349	0.00344	0.45901	0.00448
49	0.00778	0.02005	0.84367	0.01105	0.01678	0.00900	0.01432	0.01228	0.00818	0.01228	0.00696	0.00818	0.00491	0.00368	0.00368	0.00123	0.00573	0.00286	0.00164	0.00573
50	0.00475	0.00339	0.00452	0.00538	0.00563	0.00317	0.00360	0.00547	0.00755	0.01010	0.05030	0.83172	0.02603	0.01200	0.00493	0.00156	0.00223	0.01088	0.00362	0.00317
51	0.01036	0.86609	0.02032	0.00663	0.00995	0.01534	0.00663	0.01161	0.00788	0.00912	0.00539	0.00622	0.00498	0.00332	0.00249	0.00083	0.00415	0.00207	0.00166	0.00498
52	0.00472	0.00337	0.00450	0.00540	0.00562	0.00315	0.00360	0.00540	0.00742	0.00990	0.02137	0.86122	0.02564	0.01215	0.00495	0.00157	0.00225	0.01102	0.00360	0.00315
53	0.00517	0.00395	0.00474	0.00454	0.00560	0.00352	0.00341	0.00670	0.01022	0.01375	0.55487	0.03192	0.32036	0.00860	0.00458	0.00125	0.00188	0.00743	0.00403	0.00352
54	0.00564	0.00376	0.00423	0.00423	0.00423	0.00376	0.00235	0.00564	0.00564	0.00752	0.01222	0.02537	0.01409	0.86375	0.01973	0.00376	0.00376	0.00564	0.00235	0.00235
55	0.59081	0.01096	0.00754	0.00678	0.00898	0.27100	0.00536	0.01261	0.00795	0.01468	0.00557	0.00658	0.00447	0.00382	0.00305	0.00115	0.02989	0.00226	0.00225	0.00429
56	0.00673	0.00337	0.00505	0.00505	0.00505	0.00337	0.00337	0.00505	0.00505	0.00673	0.00673	0.01178	0.00673	0.01347	0.01515	0.88721	0.00337	0.00337	0.00168	0.00168
57	0.00912	0.03844	0.06364	0.01576	0.01976	0.00994	0.75880	0.01239	0.00906	0.01231	0.00772	0.01021	0.00580	0.00329	0.00446	0.00129	0.00642	0.00441	0.00193	0.00525
58	0.00773	0.00681	0.03677	0.00666	0.00842	0.00696	0.00533	0.01441	0.43873	0.01578	0.38015	0.02067	0.02257	0.00639	0.00421	0.00127	0.00261	0.00550	0.00401	0.00502
59	0.00478	0.00341	0.00456	0.00546	0.00571	0.00320	0.00369	0.00549	0.00748	0.00996	0.02134	0.83224	0.02552	0.01209	0.00496	0.00158	0.00230	0.03947	0.00360	0.00316
60	0.00856	0.01435	0.36057	0.01396	0.01850	0.00954	0.46514	0.01226	0.00865	0.01226	0.00739	0.00946	0.00546	0.00355	0.00447	0.00129	0.03353	0.00383	0.00182	0.00540
61	0.01217	0.00908	0.00980	0.00804	0.01063	0.01004	0.00647	0.40301	0.32926	0.07078	0.04019	0.01347	0.04875	0.00524	0.00396	0.00123	0.00356	0.00419	0.00396	0.00617
62	0.00668	0.00421	0.00550	0.00503	0.00615	0.00385	0.00382	0.00846	0.01089	0.09584	0.72603	0.02717	0.04400	0.00756	0.00446	0.00121	0.00197	0.00664	0.02660	0.00394
63	0.00472	0.00337	0.00450	0.00540	0.00562	0.00315	0.00360	0.00540	0.00742	0.00990	0.02137	0.86122	0.02564	0.01215	0.00495	0.00157	0.00225	0.01102	0.00360	0.00315
64	0.06910	0.04023	0.73846	0.01049	0.01581	0.03612	0.01321	0.01230	0.00816	0.01246	0.00678	0.00797	0.00487	0.00368	0.00356	0.00121	0.00554	0.00278	0.00170	0.00557
65	0.00778	0.02005	0.84367	0.01105	0.01678	0.00900	0.01432	0.01228	0.00818	0.01228	0.00696	0.00818	0.00491	0.00368	0.00368	0.00123	0.00573	0.00286	0.00164	0.00573
66	0.00491	0.00401	0.00440	0.00460	0.00579	0.00350	0.00361	0.00604	0.00881	0.01067	0.03505	0.06565	0.65331	0.01007	0.00474	0.00141	0.00228	0.16422	0.00359	0.00333
67	0.00500	0.00394	0.00451	0.00437	0.00549	0.00345	0.00328	0.00638	0.00983	0.01283	0.41000	0.03343	0.46580	0.00894	0.00458	0.00127	0.00190	0.00764	0.00391	0.00345
68	0.00864	0.00956	0.02043	0.01475	0.01826	0.00895	0.71185	0.01171	0.00940	0.01285	0.12257	0.01302	0.01013	0.00391	0.00457	0.00130	0.00589	0.00491	0.00228	0.00501
69	0.89114	0.00750	0.00570	0.00510	0.00750	0.00870	0.00420	0.01140	0.00660	0.01739	0.00540	0.00630	0.00420	0.00360	0.00240	0.00120	0.00300	0.00210	0.00240	0.00420
70	0.89114	0.00750	0.00570	0.00510	0.00750	0.00870	0.00420	0.01140	0.00660	0.01739	0.00540	0.00630	0.00420	0.00360	0.00240	0.00120	0.00300	0.00210	0.00240	0.00420
71	0.00592	0.00434	0.00581	0.00655	0.00749	0.00422	0.00562	0.00754	0.00886	0.01136	0.02362	0.07086	0.15589	0.01061	0.00521	0.00170	0.00326	0.65406	0.00358	0.00351
72	0.00549	0.00396	0.00518	0.00488	0.00579	0.00366	0.00366	0.00732	0.01097	0.01555	0.83752	0.02896	0.03658	0.00793	0.00457	0.00122	0.00183	0.00701	0.00427	0.00366
73	0.00494	0.00403	0.00438	0.00431	0.00551	0.00353	0.00323	0.00638	0.03017	0.01187	0.23870	0.06173	0.58897	0.00930	0.00458	0.00130	0.00197	0.00788	0.00378	0.00344
74	0.00874	0.33369	0.53844	0.00941	0.01425	0.01135	0.01147	0.01203	0.00807	0.01111	0.00638	0.00746	0.00493	0.00355	0.00324	0.00108	0.00514	0.00257	0.00164	0.00545
75	0.00886	0.00755	0.00791	0.00719	0.00921	0.00855	0.00557	0.01811	0.68944	0.01536	0.01892	0.01762	0.12600	0.00586	0.00399	0.00130	0.00287	0.00488	0.03514	0.00565
76	0.01355	0.19649	0.01307	0.00897	0.01151	0.45237	0.00725	0.20654	0.03283	0.01311	0.00690	0.00756	0.00554	0.00404	0.00338	0.00101	0.00564	0.00269	0.00242	0.00513
77	0.00549	0.00459	0.00599	0.15251	0.03030	0.00448	0.00477	0.00707	0.00937	0.01214	0.30186	0.02911	0.40214	0.00799	0.00444	0.00127	0.00254	0.00684	0.00346	0.00365
78	0.03529	0.00912	0.01105	0.13439	0.09784	0.10690	0.05422	0.13467	0.06997	0.11180	0.04098	0.02487	0.04061	0.00542	0.02582	0.00134	0.05657	0.00390	0.00288	0.03236
79	0.00929	0.05252	0.11834	0.23174	0.41677	0.05915	0.01125	0.02356	0.00872	0.02238	0.00711	0.00933	0.00566	0.00365	0.00374	0.00117	0.00499	0.00326	0.00189	0.00548
80	0.00469	0.00393	0.00407	0.00404	0.00530	0.00332	0.00303	0.00576	0.00908	0.01105	0.13030	0.03636	0.74661	0.00960	0.00458	0.00130	0.00195	0.00805	0.00368	0.00332
81	0.00546	0.00396	0.00513	0.00484	0.00575	0.00365	0.00361	0.00723	0.01081	0.01524	0.79815	0.02914	0.06023	0.02395	0.00486	0.00127	0.00187	0.00702	0.00421	0.00362
82	0.06774	0.03739	0.05383	0.10344	0.05153	0.07367	0.04790	0.11223	0.05299	0.31434	0.01102	0.02995	0.00793	0.00455	0.00378	0.00120	0.00424	0.01320	0.00335	0.00570
83	0.01618	0.00855	0.00929	0.00739	0.01016	0.12278	0.00598	0.09879	0.02161	0.59818	0.01330	0.01202	0.00870	0.00467	0.00379	0.00116	0.00384	0.00366	0.04380	0.00617
84	0.00520	0.00395	0.00478	0.00457	0.00561	0.00353	0.00343	0.00675	0.01029	0.01392	0.58189	0.03163	0.29323	0.00853	0.00458	0.00125	0.00187	0.00739	0.00405	0.00353
85	0.01036	0.86609	0.02032	0.00663	0.00995	0.01534	0.00663	0.01161	0.00788	0.00912	0.00539	0.00622	0.00498	0.00332	0.00249	0.00083	0.00415	0.00207	0.00166	0.00498
86	0.01940	0.19194	0.42353	0.01024	0.03591	0.01873	0.09540	0.01196	0.00838	0.05588	0.00847	0.06132	0.00713	0.00437	0.00366	0.00119	0.00502	0.03010	0.00205	0.00532
87	0.01045	0.00487	0.00655	0.00608	0.00760	0.00434	0.00460	0.01154	0.00916	0.38344	0.01919	0.42968	0.04446	0.00873	0.00448	0.00140	0.00275	0.03184	0.00414	0.00471
88	0.04267	0.01812	0.01082	0.00983	0.01184	0.82120	0.00738	0.01535	0.01085	0.00974	0.00597	0.00697	0.00497	0.00398	0.00346	0.00101	0.00686	0.00248	0.00201	0.00448
89	0.14302	0.02207	0.01178	0.17386	0.24885	0.08909	0.00873	0.20691	0.01069	0.01524	0.00763	0.03132	0.00616	0.00412	0.00362	0.00118	0.00455	0.00335	0.00247	0.00536
90	0.17878	0.00908	0.05028	0.01013	0.01321	0.01758	0.29307	0.09045	0.05050	0.15519	0.03730	0.03846	0.01979	0.00439	0.00389	0.00125	0.00449	0.00410	0.01277	0.00529
91	0.05896	0.05097	0.01237	0.02115	0.19430	0.04312	0.04794	0.19295	0.08609	0.03156	0.03753	0.01091	0.02943	0.00483	0.00528	0.00126	0.14946	0.00367	0.01277	0.00544
92	0.09043	0.10515	0.15485	0.00882	0.03249	0.10493	0.01665	0.21840	0.14357	0.01576	0.02655	0.02624	0.03063	0.00457	0.00359	0.00116	0.00439	0.00349	0.00284	0.00550
93	0.09862	0.01977	0.02483	0.00849	0.02178	0.08073	0.06231	0.27448	0.11547	0.13259	0.04585	0.07758	0.00995	0.00517	0.00385	0.00122	0.00401	0.00422	0.00348	0.00560

[dist]
# distance from previous block
# <min> <max>
8	73

# created by:
# /st0/software/busco_prod/Augustus/scripts/msa2prfl.pl ./align_prep/30948.fa
