[name]
unknown

[dist]
# distance from previous block
# <min> <max>
0	46

[block]
# block no. 0 follows, 56 sequences, length 95
# corresponding to MSA columns:
# 232-243,245-327
name=unknown_A
#
# <colnr> <probs for GDERKNQSTAVLIFYWHMCP>
#	G	D	E	R	K	N	Q	S	T	A	V	L	I	F	Y	W	H	M	C	P
0	0.00917	0.05623	0.03985	0.12315	0.04111	0.00853	0.01908	0.05943	0.13698	0.04020	0.01834	0.24172	0.07552	0.01037	0.06153	0.00200	0.02863	0.01923	0.00358	0.00534
1	0.00593	0.00459	0.00534	0.00531	0.00646	0.00407	0.00388	0.00740	0.01111	0.01457	0.34792	0.12682	0.37782	0.05051	0.00633	0.00168	0.00240	0.00936	0.00451	0.00399
2	0.06526	0.06751	0.15552	0.14721	0.17612	0.05029	0.03375	0.20248	0.01263	0.01756	0.00867	0.01049	0.00663	0.00467	0.00454	0.00140	0.02221	0.00375	0.00275	0.00656
3	0.01133	0.00917	0.04851	0.04821	0.01258	0.00941	0.03021	0.23561	0.11016	0.06068	0.04905	0.02585	0.02385	0.01575	0.28429	0.00349	0.00731	0.00494	0.00363	0.00598
4	0.01084	0.22921	0.27606	0.02695	0.04186	0.01306	0.20687	0.04466	0.03022	0.01401	0.00839	0.01042	0.00663	0.01688	0.00507	0.00142	0.04507	0.00384	0.00224	0.00630
5	0.00791	0.00401	0.00594	0.00594	0.00594	0.00401	0.00393	0.00601	0.00601	0.00802	0.00828	0.01471	0.00838	0.05468	0.01820	0.82585	0.00401	0.00411	0.00203	0.00203
6	0.06428	0.01416	0.01150	0.00996	0.03830	0.34181	0.00750	0.04102	0.01133	0.05016	0.00808	0.00930	0.00655	0.00442	0.00437	0.00107	0.04575	0.00304	0.00273	0.32469
7	0.03623	0.01339	0.17121	0.25282	0.15403	0.04519	0.23354	0.01383	0.01008	0.01389	0.00847	0.01134	0.00645	0.00426	0.00470	0.00148	0.00661	0.00423	0.00218	0.00609
8	0.00619	0.00558	0.04880	0.00614	0.00744	0.00449	0.00489	0.00785	0.01966	0.01358	0.16475	0.27638	0.29860	0.02772	0.00584	0.00170	0.00283	0.06449	0.02896	0.00412
9	0.03757	0.04270	0.00658	0.00608	0.00729	0.00509	0.00444	0.00873	0.02555	0.07387	0.06833	0.40433	0.24381	0.03659	0.00589	0.00174	0.00285	0.01003	0.00422	0.00430
10	0.02773	0.09630	0.03500	0.09798	0.05160	0.05989	0.07179	0.15127	0.28435	0.01787	0.02820	0.01358	0.01963	0.00540	0.00465	0.00143	0.01875	0.00445	0.00352	0.00660
11	0.09003	0.21361	0.23879	0.01171	0.10511	0.02371	0.01064	0.04594	0.02943	0.09786	0.01027	0.01176	0.02608	0.00487	0.00421	0.00133	0.02184	0.02188	0.00276	0.02818
12	0.02322	0.34390	0.15438	0.02812	0.07280	0.22278	0.02628	0.02979	0.01060	0.01242	0.00733	0.00878	0.00614	0.00485	0.01802	0.00130	0.01809	0.00305	0.00216	0.00597
13	0.01585	0.00884	0.01053	0.00851	0.01156	0.00887	0.00682	0.14927	0.20874	0.36769	0.06075	0.01669	0.01327	0.04566	0.00551	0.00156	0.00393	0.00490	0.00494	0.04611
14	0.01694	0.02095	0.01294	0.01167	0.01410	0.74778	0.00880	0.05725	0.04492	0.01244	0.00775	0.00877	0.00633	0.00483	0.00418	0.00121	0.00793	0.00310	0.00257	0.00552
15	0.00972	0.00813	0.00942	0.00691	0.01080	0.00638	0.00551	0.01239	0.05813	0.03124	0.01035	0.01133	0.03546	0.00391	0.00357	0.00078	0.00339	0.00315	0.00295	0.76647
16	0.00554	0.00419	0.00513	0.00589	0.00653	0.00377	0.00404	0.00645	0.00927	0.01192	0.03144	0.60659	0.25548	0.01359	0.00573	0.00177	0.00257	0.01208	0.00426	0.00377
17	0.00985	0.04075	0.74579	0.01283	0.01929	0.04940	0.01620	0.01484	0.00990	0.02821	0.00832	0.00968	0.00592	0.00439	0.00433	0.00143	0.00677	0.00337	0.00202	0.00671
18	0.00673	0.00459	0.00596	0.00646	0.00726	0.00429	0.00467	0.00822	0.02607	0.05106	0.16913	0.49536	0.09753	0.01251	0.00570	0.00176	0.00276	0.08127	0.00448	0.00416
19	0.01961	0.00824	0.01080	0.00833	0.01178	0.00748	0.00686	0.10830	0.01408	0.68935	0.05304	0.01595	0.01241	0.00583	0.00465	0.00142	0.00396	0.00473	0.00553	0.00765
20	0.00578	0.00424	0.00544	0.00611	0.00672	0.00390	0.00426	0.00690	0.00979	0.01302	0.16280	0.56682	0.13785	0.01310	0.00574	0.00176	0.00258	0.03491	0.00440	0.00387
21	0.03228	0.00947	0.01191	0.04827	0.03583	0.01988	0.02693	0.23148	0.01444	0.37548	0.01401	0.03800	0.00988	0.00618	0.02362	0.00150	0.00463	0.00449	0.00454	0.08720
22	0.00616	0.00424	0.00516	0.00566	0.00579	0.00411	0.00348	0.00654	0.00768	0.01023	0.01959	0.41111	0.02316	0.44876	0.01509	0.00323	0.00361	0.00969	0.00348	0.00323
23	0.00594	0.00424	0.00572	0.00679	0.00720	0.00403	0.00486	0.00699	0.00913	0.01211	0.02511	0.68583	0.02961	0.01406	0.00595	0.00191	0.00296	0.15948	0.00426	0.00382
24	0.01227	0.84142	0.02406	0.00786	0.01178	0.01817	0.00786	0.01375	0.00933	0.01080	0.00638	0.00736	0.00589	0.00393	0.00295	0.00098	0.00491	0.00245	0.00196	0.00589
25	0.01251	0.53432	0.12602	0.02662	0.01366	0.10296	0.00928	0.05226	0.06094	0.01277	0.00775	0.00867	0.00650	0.00431	0.00349	0.00113	0.00547	0.00292	0.00230	0.00611
26	0.01298	0.01064	0.01126	0.00966	0.01253	0.01215	0.00764	0.22324	0.60034	0.02172	0.01671	0.01555	0.01241	0.00604	0.00465	0.00151	0.00400	0.00492	0.00465	0.00741
27	0.01716	0.01272	0.01362	0.01050	0.01413	0.01410	0.00866	0.75794	0.05883	0.02847	0.01139	0.01131	0.00810	0.00555	0.00460	0.00139	0.00498	0.00418	0.00460	0.00778
28	0.00635	0.00469	0.00593	0.00562	0.00677	0.00427	0.00422	0.00838	0.01265	0.01758	0.70250	0.03566	0.14893	0.00970	0.00542	0.00146	0.00219	0.00849	0.00494	0.00427
29	0.87108	0.00888	0.00675	0.00604	0.00888	0.01030	0.00497	0.01350	0.00781	0.02060	0.00639	0.00746	0.00497	0.00426	0.00284	0.00142	0.00355	0.00249	0.00284	0.00497
30	0.00647	0.00502	0.00730	0.00958	0.12195	0.00480	0.00576	0.00759	0.00908	0.01225	0.02288	0.69492	0.02694	0.01286	0.00569	0.00180	0.00311	0.03379	0.00398	0.00425
31	0.32841	0.00853	0.00979	0.00786	0.01101	0.00868	0.02128	0.03916	0.01110	0.45144	0.01293	0.01221	0.00861	0.00524	0.00448	0.00145	0.04301	0.00382	0.00438	0.00662
32	0.00965	0.00945	0.01381	0.07926	0.03944	0.01269	0.03238	0.01097	0.00744	0.01125	0.00708	0.01151	0.00681	0.03447	0.07149	0.00239	0.62860	0.00421	0.00208	0.00500
33	0.00878	0.00808	0.01344	0.58931	0.14542	0.00958	0.01176	0.01148	0.00907	0.01196	0.00896	0.01371	0.00739	0.06013	0.07070	0.00216	0.00640	0.00431	0.00216	0.00520
34	0.00808	0.00595	0.00845	0.00920	0.08009	0.00645	0.00628	0.03667	0.00885	0.04980	0.03381	0.19498	0.01644	0.11121	0.32413	0.00421	0.05867	0.02902	0.00318	0.00453
35	0.08782	0.17770	0.08008	0.04030	0.10006	0.03929	0.08340	0.12845	0.02313	0.03235	0.02285	0.01080	0.01823	0.00454	0.00416	0.00124	0.01640	0.00365	0.00281	0.12275
36	0.01022	0.12702	0.60523	0.03881	0.01874	0.03510	0.02615	0.04971	0.01024	0.01448	0.00807	0.00954	0.00595	0.00442	0.00436	0.00139	0.01854	0.00335	0.00208	0.00659
37	0.00667	0.00447	0.00509	0.00509	0.00512	0.00450	0.00289	0.00673	0.00670	0.00896	0.01439	0.02962	0.01651	0.81043	0.05135	0.00455	0.00473	0.00661	0.00277	0.00283
38	0.01202	0.11682	0.13990	0.01424	0.14291	0.17283	0.09298	0.02956	0.05975	0.03231	0.01068	0.05079	0.03208	0.00543	0.00522	0.00141	0.06799	0.00437	0.00261	0.00611
39	0.05546	0.09846	0.12784	0.09970	0.09589	0.11215	0.18682	0.01454	0.02335	0.03773	0.00887	0.01183	0.00718	0.00487	0.00532	0.00146	0.07227	0.02788	0.00240	0.00598
40	0.00565	0.00404	0.00531	0.00628	0.00660	0.00376	0.00420	0.00643	0.00884	0.01173	0.03585	0.76684	0.06174	0.02956	0.00633	0.01362	0.00269	0.01261	0.00421	0.00370
41	0.01169	0.01096	0.03185	0.05900	0.42087	0.02846	0.08958	0.11243	0.03944	0.01659	0.00996	0.01274	0.00809	0.00481	0.00504	0.00142	0.04273	0.01943	0.06822	0.00669
42	0.01330	0.08439	0.13800	0.02873	0.12139	0.06653	0.06678	0.29193	0.05091	0.01916	0.01109	0.01209	0.03964	0.00518	0.00479	0.00139	0.03053	0.00416	0.00321	0.00682
43	0.02767	0.05889	0.14614	0.13986	0.18572	0.02274	0.17990	0.08004	0.03742	0.01534	0.01034	0.04172	0.02374	0.00488	0.00466	0.00145	0.00597	0.00460	0.00258	0.00633
44	0.00764	0.00624	0.00667	0.00642	0.00797	0.00634	0.00473	0.03589	0.22913	0.01439	0.04383	0.13660	0.35617	0.10827	0.00737	0.00193	0.00306	0.00833	0.00422	0.00479
45	0.20642	0.01293	0.19405	0.06020	0.03820	0.01037	0.05187	0.15600	0.01224	0.19916	0.01062	0.01112	0.00736	0.00482	0.00420	0.00143	0.00507	0.00377	0.00350	0.00668
46	0.07525	0.02998	0.06591	0.02581	0.10102	0.16982	0.10122	0.12758	0.10269	0.04240	0.02626	0.01219	0.00867	0.02068	0.03991	0.00171	0.03543	0.00414	0.00309	0.00625
47	0.03132	0.27569	0.01497	0.00865	0.01149	0.07807	0.00747	0.07668	0.04999	0.18903	0.05394	0.01362	0.01058	0.00567	0.00509	0.00133	0.08720	0.02903	0.04400	0.00616
48	0.00559	0.00400	0.00533	0.00639	0.00666	0.00373	0.00426	0.00639	0.00879	0.01172	0.02530	0.83566	0.03036	0.01438	0.00586	0.00186	0.00266	0.01305	0.00426	0.00373
49	0.01055	0.01090	0.03228	0.27551	0.20980	0.01111	0.31785	0.04892	0.01069	0.01448	0.00884	0.01200	0.00679	0.00423	0.00490	0.00149	0.00656	0.00460	0.00232	0.00618
50	0.01153	0.07603	0.23319	0.08107	0.03327	0.07709	0.12375	0.05681	0.02482	0.07755	0.00990	0.03826	0.00796	0.02317	0.03140	0.00172	0.07942	0.00430	0.00265	0.00611
51	0.01270	0.00645	0.00897	0.00737	0.00969	0.00582	0.04246	0.02867	0.01287	0.34178	0.37366	0.02479	0.05138	0.00744	0.00498	0.00142	0.00319	0.00645	0.04402	0.00588
52	0.00831	0.00507	0.00669	0.00612	0.00749	0.00462	0.00465	0.01037	0.01282	0.12275	0.66825	0.06810	0.03852	0.00912	0.00533	0.00146	0.00242	0.00803	0.00510	0.00476
53	0.02767	0.08992	0.01328	0.01079	0.01316	0.60491	0.00833	0.04845	0.01268	0.01258	0.06817	0.01055	0.00895	0.00582	0.02353	0.00136	0.02843	0.00343	0.00263	0.00536
54	0.01057	0.14571	0.56929	0.01254	0.01844	0.03495	0.07896	0.01491	0.00999	0.05149	0.00848	0.00980	0.00619	0.00433	0.00424	0.00138	0.00649	0.00346	0.00216	0.00661
55	0.01248	0.01404	0.01389	0.01262	0.04477	0.28388	0.00981	0.01361	0.00917	0.01127	0.00649	0.00951	0.00604	0.00677	0.01099	0.00171	0.52194	0.00367	0.00214	0.00521
56	0.00885	0.00727	0.01015	0.00999	0.06224	0.00874	0.00740	0.09771	0.00907	0.01300	0.01068	0.01567	0.00987	0.06082	0.46722	0.00503	0.18414	0.00467	0.00261	0.00486
57	0.01052	0.13416	0.23150	0.05412	0.02152	0.01224	0.44134	0.01438	0.01024	0.01396	0.00854	0.01095	0.00647	0.00404	0.00475	0.00144	0.00701	0.00440	0.00216	0.00625
58	0.13638	0.00739	0.00852	0.00735	0.00979	0.00735	0.00580	0.06925	0.09955	0.28938	0.10259	0.13975	0.08245	0.00769	0.00470	0.00151	0.00341	0.00639	0.00469	0.00605
59	0.00663	0.00443	0.00502	0.00507	0.00508	0.00442	0.00285	0.00666	0.00677	0.00903	0.01497	0.06735	0.01732	0.80049	0.02256	0.00433	0.00437	0.00697	0.00285	0.00283
60	0.01664	0.02007	0.01256	0.01132	0.01368	0.71578	0.00855	0.03228	0.01294	0.04778	0.00943	0.01032	0.04250	0.00517	0.00444	0.00123	0.02389	0.00338	0.00264	0.00541
61	0.01615	0.07074	0.01328	0.01078	0.03786	0.28415	0.00832	0.20103	0.16136	0.13321	0.01176	0.01166	0.00869	0.00526	0.00435	0.00132	0.00571	0.00389	0.00377	0.00672
62	0.01711	0.01579	0.01338	0.01094	0.01413	0.28663	0.00872	0.50132	0.04997	0.02256	0.01000	0.01034	0.00742	0.00528	0.00444	0.00132	0.00609	0.00378	0.00384	0.00695
63	0.00583	0.00465	0.00524	0.00520	0.00653	0.00406	0.00391	0.00733	0.01119	0.01432	0.28614	0.07710	0.50634	0.01107	0.00547	0.00155	0.00235	0.03318	0.00451	0.00402
64	0.37366	0.04841	0.00981	0.00750	0.01070	0.06155	0.00620	0.01801	0.01074	0.39378	0.01197	0.01136	0.00809	0.00495	0.00377	0.00138	0.00409	0.00352	0.00411	0.00638
65	0.01649	0.01259	0.01313	0.01032	0.01367	0.05140	0.00843	0.69250	0.02005	0.02662	0.01144	0.04267	0.00874	0.00712	0.04154	0.00166	0.00544	0.00445	0.00438	0.00737
66	0.00656	0.00490	0.00727	0.00727	0.00805	0.00568	0.00560	0.00813	0.00735	0.01057	0.01240	0.01860	0.01172	0.07251	0.78272	0.00724	0.01193	0.00500	0.00247	0.00404
67	0.14502	0.06950	0.10456	0.12865	0.01575	0.06982	0.00981	0.14421	0.02164	0.01624	0.00782	0.00986	0.00626	0.00544	0.00659	0.00151	0.20057	0.00353	0.00265	0.03057
68	0.01040	0.03402	0.01530	0.01355	0.12068	0.00890	0.23371	0.06580	0.05157	0.06952	0.08859	0.08069	0.10754	0.00715	0.00519	0.00155	0.00491	0.07152	0.00357	0.00582
69	0.01008	0.00666	0.00787	0.00741	0.00919	0.00679	0.00558	0.01514	0.26516	0.15008	0.10739	0.27308	0.09755	0.00950	0.00518	0.00162	0.00310	0.00827	0.00472	0.00563
70	0.00677	0.00515	0.03042	0.00631	0.00737	0.00441	0.00480	0.00849	0.01128	0.04356	0.44667	0.30626	0.05119	0.02333	0.00579	0.00165	0.00261	0.02503	0.00465	0.00429
71	0.02711	0.08291	0.10725	0.01239	0.04647	0.12286	0.12253	0.29254	0.02738	0.04410	0.01022	0.02334	0.00798	0.00603	0.03039	0.00157	0.00618	0.01884	0.00328	0.00664
72	0.05219	0.00861	0.00922	0.00813	0.01038	0.02630	0.00635	0.16409	0.26309	0.07947	0.01771	0.08552	0.05937	0.04928	0.06032	0.00203	0.00438	0.01974	0.06776	0.00607
73	0.00664	0.00472	0.00549	0.00563	0.00684	0.00418	0.00415	0.00784	0.01023	0.05914	0.09688	0.21929	0.42387	0.06106	0.00661	0.00182	0.00274	0.06449	0.00432	0.00407
74	0.01345	0.06312	0.01442	0.02982	0.13093	0.18969	0.04710	0.09296	0.21323	0.05477	0.01166	0.01315	0.00924	0.00552	0.00530	0.00144	0.06929	0.02513	0.00330	0.00648
75	0.02390	0.22190	0.31894	0.03140	0.07026	0.05293	0.04774	0.11351	0.02427	0.01553	0.03327	0.01037	0.00754	0.00457	0.00411	0.00131	0.00587	0.00356	0.00250	0.00649
76	0.01817	0.01193	0.01288	0.00998	0.01355	0.05019	0.00820	0.54616	0.03011	0.23208	0.01279	0.01218	0.00873	0.00553	0.00458	0.00138	0.00489	0.00422	0.00477	0.00768
77	0.01046	0.01139	0.02310	0.06213	0.08502	0.01153	0.55105	0.01372	0.01006	0.01391	0.00889	0.01224	0.00703	0.00585	0.04345	0.00186	0.11502	0.00503	0.00227	0.00597
78	0.06384	0.21800	0.20128	0.02334	0.07929	0.14752	0.07808	0.03012	0.02097	0.03055	0.00825	0.02591	0.00679	0.00469	0.00453	0.00133	0.04350	0.00356	0.00235	0.00609
79	0.01278	0.30745	0.01664	0.01073	0.06134	0.20987	0.02951	0.05000	0.12137	0.01336	0.01049	0.07959	0.00954	0.00565	0.00441	0.00129	0.03338	0.01390	0.00281	0.00589
80	0.00979	0.00744	0.00815	0.00723	0.00928	0.00763	0.00560	0.21948	0.10872	0.03387	0.11199	0.14094	0.29270	0.00937	0.00516	0.00153	0.00327	0.00789	0.00451	0.00544
81	0.07290	0.00965	0.05953	0.08232	0.11797	0.03522	0.01767	0.10792	0.06626	0.11264	0.01636	0.12218	0.08241	0.00824	0.04145	0.00178	0.01911	0.01684	0.00360	0.00596
82	0.01292	0.10245	0.14429	0.01297	0.05004	0.07572	0.18018	0.07255	0.06827	0.12648	0.02655	0.02374	0.00877	0.00515	0.00537	0.00144	0.06916	0.00436	0.00308	0.00649
83	0.00615	0.00502	0.00549	0.00548	0.00687	0.00458	0.00406	0.00845	0.07848	0.01395	0.17569	0.14591	0.50109	0.01114	0.00542	0.00157	0.00245	0.00951	0.00444	0.00423
84	0.01107	0.01108	0.02946	0.12566	0.62133	0.02628	0.07995	0.01394	0.01037	0.01449	0.00860	0.01148	0.00706	0.00415	0.00461	0.00140	0.00580	0.00417	0.00225	0.00687
85	0.02264	0.12683	0.25010	0.04567	0.10184	0.10488	0.07103	0.05652	0.09149	0.03090	0.01023	0.01146	0.02643	0.00483	0.00457	0.00138	0.02627	0.00387	0.00262	0.00642
86	0.05199	0.03967	0.01105	0.02411	0.04435	0.23936	0.05727	0.04547	0.03265	0.02537	0.03742	0.14730	0.01443	0.10361	0.02333	0.00193	0.00552	0.06372	0.02651	0.00494
87	0.00672	0.00468	0.00593	0.00630	0.00712	0.00438	0.00450	0.03136	0.01042	0.03931	0.19487	0.46248	0.11930	0.03785	0.00620	0.00180	0.00276	0.04547	0.00444	0.00412
88	0.01094	0.06746	0.28310	0.02396	0.11749	0.10293	0.03137	0.07237	0.02030	0.03326	0.10282	0.01646	0.05157	0.00578	0.00459	0.00141	0.00559	0.03952	0.00293	0.00615
89	0.06576	0.04639	0.19261	0.01209	0.09228	0.09952	0.02373	0.19685	0.06324	0.04519	0.01106	0.06721	0.00909	0.00641	0.02961	0.00159	0.00565	0.00441	0.02082	0.00648
90	0.01591	0.01005	0.01148	0.00910	0.01227	0.01055	0.00741	0.39378	0.10653	0.22208	0.12537	0.01611	0.01437	0.00615	0.00471	0.00141	0.00418	0.00494	0.00491	0.01869
91	0.08810	0.01316	0.01158	0.01172	0.09649	0.29339	0.03347	0.01675	0.18309	0.03043	0.03749	0.07868	0.03208	0.00643	0.00456	0.00144	0.00547	0.04658	0.00334	0.00575
92	0.04022	0.07419	0.12821	0.08910	0.17776	0.05658	0.09325	0.09371	0.07475	0.07575	0.02352	0.02302	0.00847	0.00489	0.00461	0.00141	0.01679	0.00422	0.00296	0.00657
93	0.01224	0.14292	0.17241	0.02387	0.14052	0.11917	0.02406	0.09020	0.04555	0.06019	0.01110	0.10430	0.00977	0.00569	0.00437	0.00136	0.00550	0.00465	0.00292	0.01920
94	0.00585	0.00449	0.00532	0.00577	0.00671	0.00405	0.00421	0.00700	0.00987	0.01254	0.08761	0.31195	0.35873	0.05842	0.00667	0.00187	0.00276	0.09809	0.00423	0.00384

[dist]
# distance from previous block
# <min> <max>
0	2

[block]
# block no. 1 follows, 56 sequences, length 41
# corresponding to MSA columns:
# 331-371
name=unknown_B
#
# <colnr> <probs for GDERKNQSTAVLIFYWHMCP>
#	G	D	E	R	K	N	Q	S	T	A	V	L	I	F	Y	W	H	M	C	P
0	0.04953	0.01133	0.01223	0.04291	0.06075	0.11011	0.02788	0.14533	0.24544	0.07195	0.03372	0.03553	0.02630	0.00616	0.00577	0.00151	0.09861	0.00473	0.00375	0.00646
1	0.08058	0.24581	0.02687	0.08138	0.04956	0.03531	0.02310	0.03094	0.08626	0.03956	0.09518	0.03982	0.06737	0.00648	0.00431	0.00139	0.00439	0.07289	0.00324	0.00555
2	0.01156	0.07147	0.04818	0.28319	0.08633	0.12308	0.04826	0.09263	0.06588	0.01482	0.02630	0.01161	0.00778	0.00467	0.00435	0.00133	0.00576	0.00389	0.00267	0.08623
3	0.01275	0.07931	0.04060	0.05912	0.35842	0.04818	0.04114	0.20344	0.04187	0.01769	0.00972	0.01202	0.00784	0.00553	0.02641	0.00153	0.00569	0.01892	0.00292	0.00689
4	0.20399	0.13908	0.10671	0.00814	0.01163	0.01053	0.00755	0.06818	0.08841	0.11203	0.03917	0.02436	0.05577	0.00540	0.00411	0.00132	0.01982	0.00403	0.00339	0.08635
5	0.03436	0.07881	0.06887	0.00943	0.01224	0.03933	0.06429	0.20247	0.07229	0.03080	0.13458	0.04373	0.06479	0.00902	0.07000	0.00192	0.02082	0.03262	0.00373	0.00588
6	0.00559	0.00400	0.00533	0.00639	0.00666	0.00373	0.00426	0.00639	0.00879	0.01172	0.02530	0.83566	0.03036	0.01438	0.00586	0.00186	0.00266	0.01305	0.00426	0.00373
7	0.12175	0.10168	0.17058	0.13059	0.15057	0.06385	0.05707	0.03207	0.03537	0.04126	0.01003	0.01210	0.03206	0.00478	0.00422	0.00140	0.00559	0.01638	0.00256	0.00611
8	0.01086	0.30679	0.43242	0.01115	0.03614	0.04214	0.01260	0.01440	0.00995	0.03833	0.04018	0.01005	0.00757	0.00446	0.00392	0.00128	0.00588	0.00330	0.00221	0.00637
9	0.00561	0.00403	0.00529	0.00629	0.00660	0.00375	0.00419	0.00641	0.00881	0.01168	0.02589	0.78445	0.06114	0.03428	0.00627	0.00191	0.00269	0.01276	0.00423	0.00371
10	0.03825	0.08159	0.03244	0.02770	0.01432	0.59791	0.00890	0.10468	0.01341	0.02921	0.00773	0.00875	0.00621	0.00475	0.00409	0.00121	0.00738	0.00310	0.00265	0.00571
11	0.01189	0.08184	0.35766	0.01301	0.01796	0.11510	0.16233	0.10512	0.01184	0.03585	0.02161	0.01127	0.02436	0.00468	0.00450	0.00139	0.00658	0.00398	0.00257	0.00646
12	0.01459	0.07201	0.11676	0.01200	0.07213	0.15490	0.02986	0.23867	0.11068	0.08968	0.01143	0.01264	0.00870	0.00530	0.00445	0.00138	0.00563	0.02880	0.00355	0.00684
13	0.01645	0.01220	0.01272	0.01005	0.01324	0.06296	0.00817	0.58034	0.04413	0.08322	0.01166	0.01233	0.00859	0.03566	0.02167	0.00161	0.02735	0.00424	0.02619	0.00722
14	0.03103	0.00762	0.04233	0.00975	0.02739	0.01736	0.12397	0.01217	0.03197	0.13726	0.04635	0.22814	0.07711	0.00954	0.00545	0.00171	0.00426	0.17735	0.00403	0.00521
15	0.03295	0.03167	0.04535	0.23559	0.34509	0.03764	0.07025	0.02831	0.01015	0.01393	0.01037	0.04541	0.03657	0.00508	0.00494	0.00146	0.03213	0.00460	0.00240	0.00611
16	0.00763	0.00651	0.01006	0.04020	0.01090	0.00740	0.08056	0.03245	0.00850	0.01186	0.01493	0.07042	0.08130	0.03617	0.45558	0.00487	0.10768	0.00577	0.00272	0.00449
17	0.04279	0.06031	0.02887	0.01091	0.05209	0.18945	0.00849	0.26274	0.15168	0.12919	0.01189	0.01178	0.00869	0.00527	0.00436	0.00135	0.00536	0.00396	0.00390	0.00693
18	0.01141	0.02966	0.22666	0.08103	0.22795	0.05982	0.16730	0.07252	0.01122	0.03550	0.00929	0.02997	0.00731	0.00458	0.00466	0.00143	0.00633	0.00429	0.00248	0.00659
19	0.00786	0.00596	0.00811	0.00838	0.00976	0.00596	0.03513	0.04796	0.04935	0.01475	0.06402	0.09749	0.09580	0.01156	0.00598	0.00193	0.00399	0.51721	0.00424	0.00456
20	0.00552	0.00456	0.00484	0.00497	0.00631	0.00388	0.00365	0.00669	0.01039	0.01268	0.09117	0.15454	0.65123	0.01187	0.00549	0.00159	0.00236	0.01007	0.00431	0.00388
21	0.02176	0.16142	0.43545	0.01263	0.04233	0.05712	0.08504	0.07053	0.01086	0.03586	0.00851	0.00985	0.00636	0.00439	0.00419	0.00135	0.00628	0.00350	0.01603	0.00655
22	0.00775	0.02767	0.00697	0.00613	0.00788	0.03193	0.00472	0.03812	0.10816	0.03215	0.24674	0.03431	0.41115	0.00960	0.00518	0.00149	0.00283	0.00806	0.00445	0.00473
23	0.00612	0.00421	0.00550	0.00629	0.00680	0.00387	0.00429	0.00706	0.00931	0.03793	0.07581	0.70381	0.08467	0.01360	0.00576	0.00180	0.00265	0.01225	0.00436	0.00391
24	0.05195	0.37306	0.08985	0.00925	0.01305	0.06889	0.00869	0.21391	0.06027	0.03537	0.03001	0.01006	0.00794	0.00476	0.00378	0.00122	0.00511	0.00337	0.00303	0.00647
25	0.01720	0.02533	0.01110	0.00943	0.06067	0.02931	0.00709	0.11074	0.01330	0.51011	0.05572	0.04251	0.01292	0.04892	0.02268	0.00169	0.00435	0.00501	0.00489	0.00703
26	0.00607	0.00474	0.00558	0.00585	0.00709	0.00426	0.00457	0.00758	0.01078	0.01369	0.17220	0.11342	0.43284	0.01171	0.00567	0.00168	0.00275	0.18111	0.00439	0.00402
27	0.01060	0.11200	0.56218	0.02391	0.05348	0.03516	0.01430	0.03706	0.01042	0.05580	0.03775	0.01074	0.00761	0.00460	0.00427	0.00139	0.00618	0.00358	0.00235	0.00663
28	0.02057	0.07743	0.37624	0.06544	0.05425	0.04129	0.05523	0.03410	0.02569	0.01363	0.00995	0.05482	0.00870	0.08741	0.03305	0.00193	0.02759	0.00442	0.00236	0.00588
29	0.00594	0.00435	0.00562	0.00632	0.00698	0.00404	0.00456	0.00716	0.00990	0.01313	0.15395	0.50852	0.13246	0.01301	0.00579	0.00179	0.00273	0.10545	0.00439	0.00391
30	0.00837	0.02499	0.00944	0.05209	0.13639	0.06921	0.00697	0.02911	0.04022	0.01332	0.05418	0.27859	0.19887	0.00971	0.00551	0.00159	0.03090	0.02203	0.00362	0.00487
31	0.06216	0.05230	0.03222	0.05562	0.10947	0.02640	0.18969	0.10303	0.03287	0.18699	0.04023	0.03430	0.00985	0.00526	0.00507	0.00146	0.03833	0.00471	0.00348	0.00655
32	0.00702	0.00506	0.00584	0.00577	0.00717	0.00458	0.00434	0.03936	0.01100	0.05774	0.13971	0.18962	0.43386	0.01190	0.02636	0.00175	0.00289	0.03731	0.00441	0.00430
33	0.01043	0.00938	0.01058	0.00840	0.04037	0.05207	0.02112	0.03822	0.07072	0.01552	0.00904	0.01020	0.00736	0.00379	0.00366	0.00084	0.00390	0.00307	0.00289	0.67846
34	0.06211	0.33892	0.28483	0.01024	0.01496	0.04132	0.03194	0.08845	0.02494	0.05126	0.00830	0.00921	0.00642	0.00439	0.00378	0.00125	0.00559	0.00317	0.00250	0.00642
35	0.01044	0.01038	0.05532	0.09878	0.38183	0.00994	0.09199	0.06513	0.04726	0.01591	0.08660	0.03389	0.04752	0.00541	0.00477	0.00144	0.00514	0.00510	0.01675	0.00640
36	0.00621	0.00469	0.00542	0.00540	0.00670	0.00413	0.00403	0.00766	0.01098	0.03502	0.25568	0.13281	0.44759	0.01172	0.02448	0.00170	0.00263	0.02457	0.00448	0.00410
37	0.01056	0.29522	0.51985	0.01125	0.01696	0.01330	0.01360	0.04548	0.01005	0.01387	0.00773	0.00897	0.00592	0.00426	0.00390	0.00129	0.00609	0.00311	0.00205	0.00653
38	0.03000	0.22182	0.15373	0.03265	0.09325	0.07132	0.19907	0.03946	0.03081	0.05412	0.00916	0.02824	0.00733	0.00451	0.00430	0.00134	0.00607	0.00402	0.00251	0.00631
39	0.00902	0.00778	0.03035	0.00933	0.02804	0.04155	0.06532	0.05993	0.00963	0.04908	0.01612	0.32550	0.01727	0.08946	0.08021	0.00247	0.12497	0.00785	0.02140	0.00473
40	0.00612	0.00492	0.00546	0.00553	0.00691	0.00441	0.00421	0.02266	0.02856	0.01370	0.13958	0.12229	0.52832	0.01147	0.00552	0.00161	0.00259	0.07767	0.00438	0.00410

[dist]
# distance from previous block
# <min> <max>
0	1

[block]
# block no. 2 follows, 56 sequences, length 63
# corresponding to MSA columns:
# 373-435
name=unknown_C
#
# <colnr> <probs for GDERKNQSTAVLIFYWHMCP>
#	G	D	E	R	K	N	Q	S	T	A	V	L	I	F	Y	W	H	M	C	P
0	0.02164	0.00998	0.02642	0.29569	0.05289	0.07360	0.00952	0.13262	0.08994	0.10231	0.02648	0.05123	0.05630	0.00610	0.00470	0.00149	0.00512	0.02453	0.00345	0.00599
1	0.03332	0.13912	0.20384	0.07066	0.17445	0.13349	0.11927	0.04778	0.01087	0.01417	0.00808	0.01000	0.00637	0.00429	0.00429	0.00134	0.00640	0.00366	0.00227	0.00633
2	0.04509	0.02883	0.13970	0.10050	0.49799	0.01108	0.01343	0.06753	0.01090	0.02935	0.00872	0.01101	0.00693	0.00431	0.00443	0.00139	0.00558	0.00390	0.00243	0.00692
3	0.01127	0.10448	0.23770	0.07884	0.17074	0.08816	0.08725	0.06828	0.02149	0.01450	0.00889	0.01151	0.00719	0.04997	0.00538	0.00153	0.00614	0.00390	0.01649	0.00627
4	0.00638	0.00465	0.00588	0.00592	0.00651	0.00483	0.00411	0.00724	0.00767	0.01028	0.01947	0.05675	0.15003	0.35441	0.33055	0.00501	0.00708	0.00673	0.00296	0.00352
5	0.02868	0.04565	0.01219	0.09357	0.13218	0.04182	0.00862	0.05668	0.06413	0.04824	0.04012	0.14706	0.01303	0.05174	0.03101	0.00192	0.16901	0.00578	0.00309	0.00547
6	0.03444	0.11837	0.31001	0.01382	0.07212	0.08599	0.15314	0.08723	0.01145	0.05832	0.00886	0.01026	0.00660	0.00441	0.00437	0.00137	0.00637	0.00376	0.00254	0.00657
7	0.01526	0.00677	0.00896	0.00727	0.00994	0.00599	0.00585	0.03372	0.01311	0.50264	0.26189	0.02304	0.07082	0.00719	0.00491	0.00143	0.00330	0.00605	0.00538	0.00650
8	0.00917	0.00903	0.01692	0.03548	0.12530	0.00915	0.31686	0.01210	0.03706	0.01324	0.01188	0.09832	0.01096	0.03957	0.19791	0.00304	0.04009	0.00584	0.00262	0.00545
9	0.02792	0.21856	0.22055	0.10590	0.12867	0.06926	0.01136	0.07324	0.01082	0.01419	0.01087	0.01226	0.06799	0.00491	0.00412	0.00132	0.00563	0.00383	0.00243	0.00616
10	0.01103	0.00723	0.01942	0.00757	0.00948	0.02719	0.00586	0.06491	0.13824	0.18554	0.15317	0.24375	0.05901	0.02517	0.00551	0.00164	0.00340	0.02160	0.00467	0.00561
11	0.00553	0.00424	0.00508	0.00575	0.00649	0.00378	0.00397	0.00647	0.00941	0.01197	0.03317	0.54195	0.31899	0.01336	0.00570	0.00175	0.00254	0.01180	0.00426	0.00378
12	0.01243	0.07689	0.11600	0.01046	0.05523	0.04495	0.03262	0.18632	0.02398	0.11437	0.14936	0.07008	0.01590	0.01822	0.00531	0.00148	0.03177	0.02457	0.00382	0.00622
13	0.01069	0.04439	0.09050	0.25344	0.10900	0.07656	0.10487	0.07445	0.01079	0.01415	0.03050	0.05062	0.00898	0.00555	0.00560	0.00151	0.07823	0.02185	0.00254	0.00578
14	0.52368	0.00867	0.00815	0.00689	0.00980	0.00944	0.00564	0.08096	0.03616	0.18951	0.03436	0.01108	0.00835	0.00494	0.00352	0.00141	0.00365	0.00343	0.04453	0.00584
15	0.00769	0.00537	0.00700	0.00723	0.03501	0.00570	0.00480	0.02854	0.00802	0.04390	0.01525	0.14654	0.01651	0.40186	0.18582	0.00420	0.04842	0.02123	0.00307	0.00384
16	0.01104	0.01137	0.09758	0.04172	0.22104	0.03144	0.06470	0.14276	0.11572	0.01738	0.07577	0.08011	0.04082	0.02164	0.00515	0.00152	0.00494	0.00551	0.00339	0.00640
17	0.00756	0.00591	0.01998	0.00713	0.00827	0.00578	0.00530	0.03389	0.15517	0.03111	0.04910	0.46410	0.08889	0.03886	0.00611	0.00184	0.00312	0.05889	0.00431	0.00467
18	0.04951	0.03242	0.00956	0.00754	0.01035	0.00683	0.00612	0.05409	0.01227	0.49880	0.02099	0.11434	0.09865	0.00745	0.00476	0.00149	0.00364	0.03303	0.02160	0.00655
19	0.03531	0.07790	0.15423	0.03773	0.10220	0.27186	0.03458	0.08799	0.02562	0.07537	0.00951	0.03891	0.00764	0.00505	0.00445	0.00134	0.01740	0.00386	0.00281	0.00624
20	0.01204	0.06822	0.10345	0.06611	0.18513	0.16955	0.08008	0.05830	0.11910	0.01487	0.01204	0.01381	0.05141	0.00520	0.00452	0.00139	0.00590	0.01976	0.00282	0.00630
21	0.00879	0.03587	0.04541	0.01046	0.03909	0.02512	0.05310	0.02603	0.00819	0.01178	0.00963	0.01420	0.00890	0.04058	0.37484	0.00431	0.24573	0.00444	0.00233	0.03121
22	0.08985	0.28871	0.02697	0.00993	0.01308	0.29312	0.02358	0.13216	0.03203	0.01486	0.00770	0.00869	0.00633	0.00466	0.00408	0.00121	0.03141	0.00307	0.00265	0.00593
23	0.00563	0.00410	0.00532	0.00628	0.00670	0.00379	0.00428	0.00651	0.00901	0.01185	0.02738	0.73291	0.10766	0.01406	0.00583	0.00184	0.00268	0.03614	0.00426	0.00376
24	0.00950	0.00634	0.00917	0.02640	0.12227	0.03424	0.02872	0.03413	0.00792	0.03663	0.00919	0.04564	0.00872	0.01256	0.01358	0.58027	0.00448	0.00439	0.00235	0.00349
25	0.03255	0.06701	0.06964	0.04490	0.06776	0.10039	0.12094	0.30025	0.06225	0.04861	0.01013	0.01108	0.00753	0.00484	0.00447	0.00136	0.00575	0.00403	0.00338	0.03314
26	0.00582	0.00441	0.00540	0.00593	0.00679	0.00399	0.00430	0.00703	0.01004	0.01301	0.13698	0.40803	0.27948	0.01269	0.00570	0.00173	0.00262	0.07778	0.00437	0.00390
27	0.01219	0.06791	0.07072	0.01250	0.17397	0.01009	0.00893	0.19303	0.01259	0.04086	0.00922	0.01043	0.00722	0.00423	0.00397	0.00108	0.00453	0.00344	0.01985	0.33323
28	0.01581	0.00858	0.01111	0.00872	0.01181	0.00829	0.04175	0.16103	0.04716	0.39055	0.08038	0.03308	0.04100	0.00619	0.00497	0.00140	0.02924	0.00508	0.03088	0.06297
29	0.00646	0.00445	0.00599	0.00687	0.00748	0.00421	0.00507	0.00767	0.00955	0.03365	0.05622	0.57185	0.04881	0.01347	0.00592	0.00189	0.00305	0.19907	0.00432	0.00399
30	0.02805	0.01276	0.07003	0.04184	0.19415	0.07228	0.21431	0.13184	0.05958	0.05071	0.01010	0.02581	0.00790	0.00494	0.00536	0.00147	0.05481	0.00452	0.00293	0.00661
31	0.10821	0.04666	0.05044	0.03382	0.01258	0.03016	0.03123	0.09802	0.13053	0.08168	0.01142	0.01257	0.02209	0.03758	0.00518	0.00136	0.03683	0.00385	0.00336	0.24244
32	0.00772	0.00650	0.00695	0.00673	0.00836	0.01908	0.00507	0.01273	0.26235	0.01525	0.13180	0.15322	0.31273	0.00995	0.00525	0.00159	0.00290	0.02234	0.00446	0.00502
33	0.01054	0.01054	0.01785	0.14706	0.40919	0.03872	0.15860	0.01354	0.02576	0.01417	0.03015	0.01360	0.03611	0.00565	0.03149	0.00164	0.02199	0.00465	0.00244	0.00633
34	0.02105	0.03357	0.05415	0.01454	0.01835	0.07322	0.40281	0.10700	0.08776	0.03925	0.02091	0.01456	0.03709	0.01455	0.00541	0.00153	0.02289	0.02206	0.00303	0.00626
35	0.00887	0.00901	0.03667	0.01281	0.01564	0.00862	0.36136	0.03865	0.00983	0.01347	0.02404	0.02833	0.06148	0.02900	0.30368	0.00373	0.00869	0.01825	0.00267	0.00521
36	0.00568	0.00411	0.00527	0.00612	0.00651	0.00381	0.00409	0.00650	0.00892	0.01179	0.05015	0.68609	0.09869	0.07046	0.00701	0.00200	0.00274	0.01217	0.00418	0.00370
37	0.01031	0.08867	0.45753	0.01148	0.01641	0.06324	0.05349	0.04641	0.03073	0.03769	0.05997	0.06618	0.02702	0.00557	0.00449	0.00143	0.00589	0.00457	0.00267	0.00625
38	0.01189	0.05496	0.03793	0.00869	0.01106	0.07190	0.02467	0.20100	0.03606	0.10188	0.07260	0.21997	0.06173	0.00857	0.00501	0.00154	0.00426	0.05637	0.00416	0.00573
39	0.01075	0.01157	0.02404	0.04967	0.02220	0.01135	0.63704	0.02752	0.01055	0.02919	0.00938	0.01257	0.00722	0.00595	0.05134	0.00190	0.06417	0.00520	0.00240	0.00601
40	0.01192	0.04558	0.43886	0.01433	0.11395	0.03640	0.04462	0.20788	0.01287	0.01795	0.00892	0.01021	0.00654	0.00459	0.00443	0.00140	0.00622	0.00370	0.00267	0.00700
41	0.01281	0.03910	0.01397	0.01167	0.01308	0.28027	0.04151	0.07695	0.01053	0.01275	0.00818	0.06297	0.00774	0.00685	0.00924	0.00162	0.37866	0.00427	0.00249	0.00534
42	0.01227	0.01059	0.01085	0.01054	0.07921	0.11689	0.00755	0.16270	0.23737	0.05148	0.13034	0.07072	0.04913	0.00702	0.00482	0.00147	0.00437	0.02221	0.00419	0.00628
43	0.00561	0.00403	0.00530	0.00631	0.00661	0.00375	0.00421	0.00640	0.00880	0.01169	0.02579	0.79394	0.05564	0.03038	0.00619	0.00190	0.00269	0.01282	0.00423	0.00372
44	0.00670	0.00462	0.00554	0.00548	0.00567	0.00476	0.00339	0.00709	0.00724	0.00987	0.07300	0.02849	0.01783	0.66027	0.12426	0.00456	0.01868	0.00653	0.00290	0.00310
45	0.03991	0.26947	0.26755	0.01138	0.03563	0.12475	0.06970	0.01532	0.04126	0.03959	0.00827	0.00944	0.00649	0.00431	0.00392	0.00125	0.00600	0.00327	0.00233	0.04015
46	0.01087	0.01058	0.00952	0.00903	0.01093	0.18326	0.00709	0.04799	0.25866	0.01512	0.02049	0.09008	0.11283	0.00851	0.00541	0.00162	0.03172	0.15686	0.00391	0.00551
47	0.00631	0.00454	0.00560	0.00604	0.00700	0.00411	0.00444	0.00757	0.01018	0.03766	0.13249	0.37550	0.27557	0.01243	0.00568	0.00172	0.00270	0.09203	0.00440	0.00403
48	0.00592	0.00464	0.00537	0.00554	0.00674	0.00412	0.00418	0.00734	0.01074	0.01370	0.20701	0.14317	0.43973	0.02923	0.00596	0.00169	0.00259	0.09395	0.00440	0.00397
49	0.01014	0.24190	0.55621	0.01231	0.04054	0.01271	0.03818	0.01432	0.00965	0.01356	0.00779	0.00920	0.00591	0.00422	0.00402	0.00133	0.00627	0.00322	0.00197	0.00654
50	0.04866	0.10114	0.66463	0.01324	0.01949	0.01234	0.01582	0.03529	0.01096	0.01639	0.00976	0.01177	0.00748	0.00548	0.00490	0.00172	0.00694	0.00385	0.00265	0.00749
51	0.00596	0.00441	0.00529	0.00577	0.00668	0.00393	0.00410	0.00704	0.00984	0.03011	0.08078	0.44131	0.33231	0.01277	0.00565	0.00171	0.00257	0.03150	0.00434	0.00393
52	0.01210	0.01293	0.03671	0.02405	0.04407	0.16808	0.16678	0.09173	0.06523	0.01449	0.03360	0.01279	0.00875	0.05651	0.00866	0.00175	0.22884	0.00447	0.00273	0.00572
53	0.01485	0.28999	0.07581	0.01004	0.01353	0.28926	0.00889	0.16424	0.01312	0.04633	0.00912	0.00980	0.02677	0.00480	0.00390	0.00119	0.00612	0.00328	0.00280	0.00615
54	0.00686	0.00917	0.17327	0.00775	0.00990	0.00661	0.00731	0.00878	0.00949	0.01252	0.02874	0.19907	0.37179	0.01023	0.00658	0.00166	0.11384	0.00834	0.00348	0.00460
55	0.00575	0.00458	0.00517	0.00529	0.00653	0.00400	0.00392	0.00710	0.01075	0.01363	0.20505	0.16498	0.49690	0.01161	0.00552	0.00160	0.00241	0.03681	0.00443	0.00396
56	0.00656	0.00492	0.00738	0.00738	0.00820	0.00574	0.00574	0.00820	0.00738	0.01066	0.01230	0.01804	0.01148	0.03443	0.82046	0.00738	0.01230	0.00492	0.00246	0.00410
57	0.01278	0.00945	0.01078	0.00910	0.01149	0.01015	0.02114	0.47661	0.01657	0.02221	0.03715	0.30801	0.01684	0.00877	0.00508	0.00156	0.00417	0.00747	0.00444	0.00622
58	0.01132	0.01098	0.01748	0.09889	0.66130	0.03915	0.01336	0.01467	0.06035	0.01484	0.00917	0.01170	0.00755	0.00429	0.00454	0.00138	0.00550	0.00412	0.00241	0.00701
59	0.03791	0.02742	0.03141	0.14277	0.13832	0.17001	0.05708	0.19117	0.01280	0.01637	0.00970	0.04563	0.00822	0.03542	0.03612	0.00173	0.02464	0.00436	0.00289	0.00603
60	0.09271	0.07967	0.04811	0.02708	0.05223	0.09760	0.00770	0.13112	0.11366	0.05400	0.04743	0.09186	0.01163	0.00589	0.00424	0.00132	0.00455	0.00470	0.00348	0.12103
61	0.01315	0.03214	0.01198	0.06137	0.04117	0.16079	0.02777	0.19864	0.10907	0.07032	0.02628	0.05558	0.01124	0.05262	0.08799	0.00218	0.00606	0.02209	0.00357	0.00602
62	0.01092	0.05194	0.04316	0.01566	0.01039	0.02320	0.00672	0.14457	0.07090	0.07571	0.12687	0.08185	0.04695	0.05703	0.00665	0.00163	0.07655	0.02530	0.08486	0.03913

[dist]
# distance from previous block
# <min> <max>
13	47

[block]
# block no. 3 follows, 56 sequences, length 11
# corresponding to MSA columns:
# 485-495
name=unknown_D
#
# <colnr> <probs for GDERKNQSTAVLIFYWHMCP>
#	G	D	E	R	K	N	Q	S	T	A	V	L	I	F	Y	W	H	M	C	P
0	0.01002	0.00765	0.00974	0.05113	0.11581	0.00780	0.00700	0.16445	0.05766	0.05415	0.20445	0.09579	0.17906	0.00823	0.00506	0.00149	0.00360	0.00707	0.00422	0.00562
1	0.01109	0.09699	0.00930	0.00675	0.00892	0.00686	0.00542	0.05625	0.01210	0.22279	0.22457	0.12564	0.17772	0.00867	0.00495	0.00146	0.00317	0.00733	0.00460	0.00544
2	0.06376	0.16789	0.01476	0.03443	0.03764	0.37630	0.00868	0.08774	0.01172	0.01342	0.00752	0.00921	0.00638	0.00648	0.04695	0.00160	0.09422	0.00323	0.00248	0.00560
3	0.00740	0.05461	0.05259	0.00705	0.00847	0.00653	0.00572	0.05821	0.01034	0.01366	0.10734	0.31115	0.20519	0.04549	0.00679	0.00177	0.06326	0.02613	0.00388	0.00445
4	0.01192	0.74823	0.11419	0.00845	0.01270	0.01731	0.00889	0.01384	0.00937	0.01123	0.00659	0.00763	0.00588	0.00398	0.00311	0.00104	0.00512	0.00256	0.00196	0.00599
5	0.00599	0.00489	0.00533	0.00541	0.00675	0.00441	0.00398	0.00800	0.06414	0.01343	0.12850	0.18246	0.52737	0.01149	0.00545	0.00159	0.00246	0.00982	0.00438	0.00413
6	0.03512	0.06175	0.10968	0.01022	0.02344	0.03203	0.04492	0.32054	0.06380	0.02012	0.03533	0.03986	0.03019	0.03237	0.00525	0.00155	0.00494	0.08597	0.01496	0.02796
7	0.01071	0.06895	0.49287	0.01590	0.17934	0.04564	0.04752	0.05951	0.01070	0.01510	0.00836	0.01002	0.00628	0.00434	0.00436	0.00140	0.00641	0.00359	0.00219	0.00680
8	0.07336	0.04308	0.05993	0.03194	0.11770	0.05023	0.20200	0.01348	0.01070	0.08942	0.10358	0.01767	0.10436	0.00596	0.00539	0.00147	0.05549	0.00531	0.00314	0.00580
9	0.07684	0.00991	0.01080	0.00864	0.01162	0.01055	0.00703	0.43862	0.03598	0.11224	0.13529	0.01814	0.09095	0.00663	0.00467	0.00142	0.00408	0.00526	0.00463	0.00668
10	0.01101	0.10993	0.09260	0.10419	0.14811	0.02317	0.01983	0.09598	0.03636	0.06583	0.03636	0.04940	0.05763	0.02601	0.03223	0.00172	0.02330	0.05721	0.00314	0.00598

[dist]
# distance from previous block
# <min> <max>
0	7

[block]
# block no. 4 follows, 56 sequences, length 15
# corresponding to MSA columns:
# 503-517
name=unknown_E
#
# <colnr> <probs for GDERKNQSTAVLIFYWHMCP>
#	G	D	E	R	K	N	Q	S	T	A	V	L	I	F	Y	W	H	M	C	P
0	0.01548	0.01688	0.01278	0.01167	0.04412	0.44721	0.00871	0.15039	0.19567	0.01620	0.01046	0.01094	0.00815	0.00526	0.00462	0.00133	0.02687	0.00374	0.00326	0.00626
1	0.03437	0.04348	0.15104	0.07020	0.09596	0.03291	0.08611	0.22946	0.01321	0.06396	0.03218	0.02989	0.01979	0.05281	0.00586	0.00160	0.02297	0.00453	0.00321	0.00645
2	0.02437	0.05266	0.11321	0.04997	0.19194	0.05399	0.04491	0.08058	0.04619	0.03406	0.01103	0.07581	0.00972	0.00542	0.00442	0.00132	0.00507	0.03408	0.00291	0.15831
3	0.00671	0.00459	0.00586	0.00633	0.00698	0.00437	0.00436	0.00825	0.04547	0.04568	0.14747	0.54503	0.05021	0.08730	0.00726	0.00199	0.00283	0.01094	0.00433	0.00407
4	0.04446	0.10796	0.19450	0.06432	0.09325	0.08473	0.10355	0.06231	0.03183	0.05833	0.01168	0.03752	0.04924	0.03077	0.00500	0.00149	0.00575	0.00444	0.00275	0.00612
5	0.05697	0.12277	0.14110	0.03513	0.17203	0.13102	0.06712	0.05514	0.06832	0.04034	0.01097	0.03095	0.03856	0.00502	0.00430	0.00136	0.00570	0.00413	0.00274	0.00630
6	0.00747	0.00464	0.00533	0.00519	0.00539	0.00458	0.00301	0.00757	0.00705	0.05480	0.01467	0.02922	0.01639	0.79112	0.02230	0.00428	0.00442	0.00656	0.00295	0.00307
7	0.00604	0.00462	0.00595	0.00691	0.03759	0.00425	0.00474	0.00728	0.00992	0.01297	0.12023	0.44118	0.22619	0.01256	0.00569	0.00174	0.00277	0.08107	0.00427	0.00402
8	0.02575	0.10308	0.11265	0.01602	0.25560	0.12168	0.04454	0.09817	0.06340	0.01567	0.03868	0.02753	0.00909	0.01849	0.00499	0.00141	0.02988	0.00415	0.00277	0.00646
9	0.01288	0.07745	0.04684	0.05501	0.16170	0.15634	0.07712	0.13466	0.07232	0.03659	0.04121	0.01269	0.00930	0.02740	0.01994	0.00155	0.02165	0.00420	0.02487	0.00628
10	0.00743	0.00670	0.01144	0.00974	0.01156	0.00626	0.21823	0.02607	0.01017	0.01341	0.06638	0.34648	0.15648	0.03663	0.00620	0.00179	0.00415	0.05261	0.00374	0.00454
11	0.16692	0.01035	0.06975	0.01344	0.19691	0.04510	0.04656	0.09130	0.01069	0.03748	0.01276	0.21871	0.01262	0.00711	0.00502	0.00154	0.03878	0.00604	0.00318	0.00576
12	0.04723	0.07140	0.03466	0.03041	0.09858	0.16299	0.06393	0.05847	0.04342	0.02865	0.01126	0.06206	0.03847	0.02090	0.00455	0.00127	0.00517	0.00430	0.00288	0.20940
13	0.01112	0.08287	0.07604	0.06517	0.09341	0.06668	0.07157	0.10983	0.01171	0.04600	0.05732	0.09246	0.05722	0.00628	0.00486	0.00138	0.02693	0.01912	0.00317	0.09685
14	0.02689	0.05655	0.03993	0.01025	0.10836	0.07457	0.02292	0.05320	0.03805	0.07833	0.04337	0.19093	0.09865	0.09690	0.02093	0.00189	0.00445	0.00682	0.00353	0.02348

[dist]
# distance from previous block
# <min> <max>
4	38

[block]
# block no. 5 follows, 56 sequences, length 64
# corresponding to MSA columns:
# 557-620
name=unknown_F
#
# <colnr> <probs for GDERKNQSTAVLIFYWHMCP>
#	G	D	E	R	K	N	Q	S	T	A	V	L	I	F	Y	W	H	M	C	P
0	0.02127	0.03562	0.05431	0.02844	0.01142	0.06965	0.00724	0.12515	0.07161	0.09144	0.11409	0.14483	0.01744	0.02127	0.02166	0.00164	0.03209	0.05599	0.00391	0.07093
1	0.05238	0.01472	0.03848	0.07024	0.01400	0.33643	0.00833	0.18530	0.02496	0.01658	0.08445	0.01428	0.06239	0.00635	0.01998	0.00145	0.02016	0.00430	0.00324	0.02199
2	0.07903	0.04357	0.10138	0.01014	0.04467	0.07535	0.06714	0.10546	0.05400	0.05731	0.09940	0.02546	0.03095	0.01802	0.00458	0.00131	0.00473	0.00442	0.00333	0.16975
3	0.05030	0.06915	0.26646	0.07355	0.05270	0.12704	0.07436	0.13492	0.01207	0.04290	0.01002	0.01153	0.03144	0.01838	0.00467	0.00143	0.00616	0.00388	0.00272	0.00632
4	0.06583	0.09716	0.21511	0.01099	0.01511	0.07965	0.09960	0.09843	0.13718	0.03793	0.01202	0.01267	0.04375	0.00505	0.00430	0.00137	0.00547	0.00411	0.01899	0.03527
5	0.01387	0.08360	0.17469	0.01205	0.05165	0.14124	0.05655	0.23052	0.10664	0.05278	0.01072	0.02663	0.00819	0.00512	0.00442	0.00137	0.00582	0.00405	0.00330	0.00679
6	0.05046	0.16536	0.09209	0.00956	0.01300	0.01287	0.02129	0.34877	0.05083	0.03294	0.06922	0.01342	0.02540	0.03581	0.00538	0.00147	0.03770	0.00426	0.00362	0.00656
7	0.00676	0.00493	0.00653	0.00645	0.00683	0.00549	0.00451	0.00757	0.00706	0.00986	0.01330	0.04058	0.01410	0.41660	0.38373	0.00560	0.04809	0.00588	0.00263	0.00351
8	0.03153	0.14406	0.10698	0.03605	0.08003	0.08376	0.00896	0.03641	0.06647	0.02840	0.03777	0.02919	0.03307	0.03119	0.15152	0.00254	0.07939	0.00437	0.00271	0.00558
9	0.00863	0.04090	0.01238	0.29242	0.12821	0.03375	0.02568	0.01096	0.00889	0.01187	0.01045	0.01579	0.00924	0.01624	0.31599	0.00373	0.00835	0.03913	0.00234	0.00504
10	0.00565	0.00445	0.00512	0.00557	0.00660	0.00392	0.00405	0.00677	0.00994	0.01245	0.06542	0.33750	0.44391	0.01263	0.00564	0.00170	0.00256	0.05796	0.00429	0.00386
