[name]
unknown

[dist]
# distance from previous block
# <min> <max>
1	50

[block]
# block no. 0 follows, 68 sequences, length 19
# corresponding to MSA columns:
# 53-71
name=unknown_A
#
# <colnr> <probs for GDERKNQSTAVLIFYWHMCP>
#	G	D	E	R	K	N	Q	S	T	A	V	L	I	F	Y	W	H	M	C	P
0	0.02190	0.12016	0.11682	0.12108	0.11313	0.04963	0.05691	0.21275	0.03625	0.04380	0.05352	0.01994	0.00809	0.00437	0.00381	0.00119	0.00472	0.00362	0.00269	0.00563
1	0.09274	0.10739	0.09729	0.06583	0.25981	0.04571	0.05658	0.09919	0.07307	0.03933	0.02154	0.00973	0.00682	0.00398	0.00367	0.00118	0.00463	0.00336	0.00244	0.00570
2	0.02251	0.00630	0.02787	0.02039	0.12857	0.00647	0.02164	0.03387	0.09456	0.01128	0.02073	0.01564	0.01012	0.16204	0.36076	0.00383	0.00681	0.00430	0.00243	0.03990
3	0.00885	0.15985	0.17434	0.17804	0.06772	0.06443	0.10042	0.01153	0.02337	0.01113	0.00792	0.01003	0.01889	0.00607	0.07543	0.00160	0.01962	0.00334	0.01680	0.04059
4	0.00537	0.00389	0.00457	0.00469	0.00535	0.00361	0.00324	0.00629	0.00836	0.01110	0.20890	0.17006	0.23239	0.24907	0.00908	0.00207	0.00260	0.03775	0.02844	0.00317
5	0.00516	0.00404	0.00479	0.00469	0.00577	0.00367	0.00352	0.00655	0.00960	0.01262	0.35479	0.05335	0.40895	0.01136	0.09160	0.00183	0.00285	0.00754	0.00379	0.00352
6	0.00483	0.00345	0.00460	0.00552	0.00575	0.00322	0.00368	0.00552	0.00759	0.01012	0.02185	0.85807	0.02622	0.01242	0.00506	0.00161	0.00230	0.01127	0.00368	0.00322
7	0.26817	0.00785	0.00805	0.00658	0.00924	0.07800	0.00535	0.01617	0.00982	0.47866	0.01174	0.01100	0.00784	0.00447	0.00343	0.00119	0.00351	0.00332	0.05996	0.00566
8	0.01445	0.01064	0.01145	0.00890	0.01190	0.01174	0.00730	0.77296	0.01797	0.02408	0.01027	0.06117	0.00793	0.00523	0.00403	0.00122	0.00424	0.00404	0.00395	0.00653
9	0.03810	0.00974	0.01093	0.00949	0.05173	0.01089	0.03022	0.37455	0.38300	0.02005	0.01224	0.01186	0.00905	0.00491	0.00397	0.00126	0.00385	0.00397	0.00380	0.00640
10	0.01507	0.01111	0.01190	0.00912	0.01230	0.01230	0.00754	0.82270	0.01864	0.02499	0.00952	0.00952	0.00674	0.00476	0.00397	0.00119	0.00436	0.00357	0.00397	0.00674
11	0.00853	0.00740	0.03065	0.00606	0.00963	0.00541	0.00500	0.01036	0.00833	0.03982	0.00733	0.00840	0.00598	0.00302	0.00299	0.00063	0.00303	0.00242	0.00241	0.83261
12	0.00776	0.00733	0.01237	0.77507	0.02623	0.00903	0.04366	0.02764	0.00816	0.01054	0.00709	0.01050	0.00534	0.00404	0.00425	0.00133	0.02979	0.00357	0.00182	0.00449
13	0.00749	0.00705	0.01189	0.85113	0.02731	0.00881	0.01101	0.01013	0.00793	0.01013	0.00705	0.01057	0.00529	0.00396	0.00396	0.00132	0.00529	0.00352	0.00176	0.00440
14	0.00748	0.00599	0.00939	0.06209	0.10231	0.00616	0.08785	0.04339	0.00866	0.05452	0.08437	0.12517	0.09382	0.02901	0.24603	0.00283	0.01806	0.00569	0.00284	0.00433
15	0.03589	0.10883	0.54665	0.01098	0.01576	0.01002	0.10711	0.03550	0.00858	0.01255	0.00745	0.03481	0.00584	0.00410	0.00412	0.00125	0.03983	0.00332	0.00187	0.00555
16	0.00470	0.00397	0.00406	0.00413	0.00538	0.00334	0.00306	0.00568	0.00893	0.01067	0.03881	0.09880	0.77455	0.01022	0.00471	0.00136	0.00203	0.00858	0.00368	0.00334
17	0.00505	0.00369	0.00477	0.00535	0.00587	0.00341	0.00377	0.00607	0.00854	0.01141	0.18276	0.56529	0.11390	0.01125	0.00497	0.00152	0.00226	0.05296	0.00381	0.00336
18	0.01033	0.01093	0.06843	0.09458	0.11124	0.13370	0.07690	0.06321	0.16679	0.03658	0.00952	0.04627	0.00782	0.00504	0.00545	0.00133	0.13999	0.00396	0.00258	0.00534

[dist]
# distance from previous block
# <min> <max>
6	12

[block]
# block no. 1 follows, 68 sequences, length 15
# corresponding to MSA columns:
# 84-98
name=unknown_B
#
# <colnr> <probs for GDERKNQSTAVLIFYWHMCP>
#	G	D	E	R	K	N	Q	S	T	A	V	L	I	F	Y	W	H	M	C	P
0	0.02346	0.11106	0.12022	0.05409	0.18401	0.02012	0.03779	0.06247	0.18102	0.02608	0.03806	0.03562	0.06556	0.00494	0.00402	0.00123	0.01782	0.00416	0.00273	0.00554
1	0.00568	0.00447	0.00520	0.00504	0.00619	0.00422	0.00376	0.00816	0.09879	0.01367	0.39910	0.10868	0.30457	0.00887	0.00465	0.00132	0.00210	0.00767	0.00403	0.00383
2	0.00674	0.00568	0.00687	0.06144	0.04854	0.05269	0.00565	0.02078	0.02715	0.01269	0.23222	0.06422	0.15952	0.00922	0.02765	0.00158	0.00340	0.24652	0.00352	0.00393
3	0.09736	0.00854	0.04995	0.01378	0.35121	0.00757	0.00828	0.01201	0.02421	0.08290	0.05921	0.01060	0.00825	0.00383	0.00355	0.00104	0.00379	0.00332	0.00254	0.24808
4	0.01246	0.00956	0.01050	0.00789	0.01119	0.00963	0.00646	0.51323	0.01467	0.02039	0.00858	0.00903	0.00641	0.00407	0.00357	0.00096	0.00382	0.00310	0.00335	0.34113
5	0.03169	0.05606	0.04590	0.00925	0.02390	0.25105	0.02278	0.24585	0.09063	0.01522	0.02534	0.04207	0.02484	0.02819	0.00495	0.00128	0.06906	0.00376	0.00289	0.00531
6	0.00585	0.00385	0.00436	0.00436	0.00443	0.00387	0.00251	0.00601	0.00593	0.00814	0.01246	0.02497	0.01402	0.78465	0.04668	0.00376	0.00396	0.00560	0.05208	0.00251
7	0.00995	0.01352	0.39254	0.01018	0.05762	0.00768	0.05639	0.01310	0.00895	0.15970	0.00869	0.00945	0.00621	0.00372	0.00366	0.00108	0.00467	0.00310	0.00245	0.22732
8	0.00795	0.02051	0.84011	0.01130	0.01716	0.00921	0.01465	0.01256	0.00837	0.01256	0.00712	0.00837	0.00502	0.00377	0.00377	0.00126	0.00586	0.00293	0.00167	0.00586
9	0.01215	0.52150	0.01707	0.00861	0.03680	0.32468	0.00728	0.01336	0.00927	0.00958	0.00580	0.00676	0.00513	0.00366	0.00297	0.00092	0.00534	0.00233	0.00183	0.00494
10	0.00498	0.00369	0.00487	0.00564	0.00592	0.00358	0.00385	0.00569	0.00760	0.01013	0.02206	0.78517	0.06392	0.01209	0.00536	0.00160	0.03616	0.01082	0.00360	0.00327
11	0.01150	0.48639	0.01652	0.00805	0.03247	0.08799	0.02145	0.15542	0.02449	0.02876	0.04545	0.00861	0.00719	0.00396	0.00313	0.00096	0.00437	0.00282	0.00240	0.04807
12	0.00948	0.00903	0.01509	0.02235	0.75053	0.00890	0.01132	0.01174	0.00898	0.01285	0.00896	0.01105	0.04487	0.00380	0.00390	0.00115	0.00448	0.00369	0.00206	0.05574
13	0.03504	0.14196	0.10041	0.03697	0.02628	0.02478	0.03474	0.25219	0.06617	0.10057	0.01160	0.07597	0.00971	0.00602	0.00481	0.00148	0.04385	0.01755	0.00353	0.00637
14	0.09562	0.20920	0.03099	0.00989	0.09413	0.07480	0.10427	0.06577	0.02533	0.01243	0.01075	0.20000	0.02229	0.00582	0.00397	0.00123	0.02121	0.00495	0.00254	0.00481

[dist]
# distance from previous block
# <min> <max>
2	7

[block]
# block no. 2 follows, 68 sequences, length 19
# corresponding to MSA columns:
# 106-124
name=unknown_C
#
# <colnr> <probs for GDERKNQSTAVLIFYWHMCP>
#	G	D	E	R	K	N	Q	S	T	A	V	L	I	F	Y	W	H	M	C	P
0	0.11061	0.23659	0.33311	0.07035	0.04165	0.04379	0.08833	0.01223	0.00830	0.01206	0.00657	0.00800	0.00511	0.00364	0.00340	0.00115	0.00517	0.00284	0.00183	0.00529
1	0.00566	0.00425	0.00637	0.00637	0.00708	0.00496	0.00496	0.00708	0.00637	0.00920	0.01062	0.01558	0.00991	0.02974	0.84494	0.00637	0.01062	0.00425	0.00212	0.00354
2	0.00642	0.00418	0.00550	0.00521	0.00621	0.00383	0.00389	0.00812	0.01077	0.07633	0.67062	0.13289	0.03395	0.00841	0.00467	0.00129	0.00204	0.00745	0.00432	0.00390
3	0.00802	0.00747	0.05401	0.12264	0.07032	0.00717	0.11059	0.03955	0.07167	0.05296	0.08351	0.11579	0.14016	0.00661	0.00488	0.00136	0.05410	0.02040	0.02411	0.00468
4	0.01045	0.41452	0.08619	0.00904	0.05005	0.08750	0.07529	0.02769	0.00897	0.06512	0.02653	0.08378	0.02053	0.00465	0.00352	0.00108	0.01401	0.00368	0.00228	0.00510
5	0.01049	0.00983	0.00925	0.00834	0.01056	0.11514	0.00645	0.02041	0.72567	0.01572	0.01488	0.01383	0.01122	0.00522	0.00398	0.00130	0.00364	0.00424	0.00378	0.00606
6	0.01347	0.00730	0.00844	0.00675	0.00917	0.00739	0.00548	0.29410	0.01301	0.29435	0.04360	0.01309	0.00989	0.00490	0.00366	0.00113	0.00323	0.00388	0.25139	0.00577
7	0.03720	0.00847	0.04863	0.12345	0.27737	0.03857	0.04565	0.05918	0.03200	0.02395	0.02649	0.06728	0.08155	0.00671	0.04833	0.02586	0.01832	0.00453	0.02142	0.00503
8	0.26370	0.00805	0.06202	0.03248	0.06606	0.00841	0.02026	0.02459	0.00766	0.09234	0.00932	0.11657	0.00862	0.03396	0.02567	0.00159	0.19444	0.00421	0.01541	0.00461
9	0.00981	0.00942	0.01609	0.02434	0.83592	0.00942	0.01217	0.01217	0.00903	0.01295	0.00746	0.00981	0.00628	0.00353	0.00393	0.00118	0.00471	0.00353	0.00196	0.00628
10	0.10937	0.00683	0.00834	0.00672	0.00939	0.00647	0.00546	0.06607	0.05924	0.54455	0.01596	0.05871	0.05962	0.00550	0.00390	0.00125	0.00322	0.00444	0.01893	0.00601
11	0.00802	0.07938	0.18206	0.05287	0.06168	0.00770	0.11846	0.01909	0.03176	0.02561	0.02143	0.12044	0.05056	0.00570	0.00410	0.00126	0.01482	0.04844	0.11349	0.03314
12	0.13109	0.08598	0.03731	0.02091	0.01071	0.05052	0.00654	0.24807	0.04615	0.19518	0.00987	0.01016	0.00717	0.01964	0.00409	0.00120	0.02951	0.00329	0.03559	0.04700
13	0.00596	0.00533	0.04508	0.00627	0.04174	0.00433	0.03488	0.00751	0.00950	0.03978	0.22794	0.10584	0.40746	0.00882	0.00464	0.00134	0.00257	0.03348	0.00366	0.00387
14	0.00603	0.00483	0.01717	0.03092	0.00733	0.00480	0.00453	0.00847	0.11172	0.01174	0.14563	0.18110	0.17672	0.03814	0.14786	0.03861	0.00398	0.04246	0.01419	0.00377
15	0.00946	0.10751	0.20163	0.04129	0.04983	0.08553	0.13331	0.02773	0.03818	0.05917	0.02380	0.02666	0.11122	0.00488	0.00418	0.00120	0.02952	0.00412	0.00244	0.03833
16	0.02450	0.23609	0.16051	0.06434	0.05681	0.01237	0.14634	0.07413	0.02901	0.07592	0.01195	0.01432	0.03186	0.00685	0.03218	0.00189	0.00610	0.00445	0.00337	0.00702
17	0.00691	0.00570	0.04023	0.00659	0.00772	0.01849	0.03467	0.06308	0.02252	0.05347	0.05818	0.48812	0.09505	0.03480	0.00548	0.00155	0.03030	0.01965	0.00353	0.00395
18	0.03922	0.02061	0.12312	0.02248	0.22568	0.03377	0.01964	0.06390	0.05342	0.09491	0.02537	0.04896	0.06772	0.00537	0.01381	0.00127	0.00403	0.01758	0.11379	0.00535

[dist]
# distance from previous block
# <min> <max>
2	26

[block]
# block no. 3 follows, 68 sequences, length 12
# corresponding to MSA columns:
# 151-162
name=unknown_D
#
# <colnr> <probs for GDERKNQSTAVLIFYWHMCP>
#	G	D	E	R	K	N	Q	S	T	A	V	L	I	F	Y	W	H	M	C	P
0	0.02435	0.07184	0.07241	0.04450	0.10630	0.07299	0.04007	0.03819	0.00906	0.04515	0.03833	0.00995	0.02168	0.00387	0.00380	0.00096	0.03731	0.00310	0.00237	0.35377
1	0.00893	0.04467	0.01039	0.02529	0.21488	0.02351	0.02000	0.07279	0.14529	0.04661	0.10322	0.04372	0.10671	0.00833	0.08981	0.00178	0.00433	0.02146	0.00312	0.00517
2	0.00511	0.00370	0.00462	0.00504	0.00567	0.00339	0.00353	0.00619	0.00874	0.01181	0.21548	0.47725	0.17123	0.01061	0.00479	0.00144	0.00213	0.00943	0.04646	0.00339
3	0.00508	0.00395	0.00461	0.00462	0.00564	0.00349	0.00340	0.00638	0.00970	0.01270	0.35454	0.15460	0.39784	0.00962	0.00474	0.00134	0.00200	0.00831	0.00395	0.00349
4	0.00497	0.00382	0.00456	0.00492	0.00573	0.00341	0.00354	0.00603	0.00883	0.01139	0.16496	0.36586	0.34312	0.01071	0.00487	0.00145	0.00217	0.04250	0.00379	0.00337
5	0.03209	0.00668	0.00739	0.00625	0.00825	0.00699	0.00497	0.19186	0.13430	0.15238	0.08503	0.01452	0.01190	0.00510	0.00358	0.00113	0.00288	0.00410	0.31534	0.00527
6	0.04499	0.00679	0.00852	0.00670	0.00941	0.00634	0.00549	0.11000	0.01155	0.58628	0.01417	0.01301	0.00933	0.00480	0.00374	0.00117	0.00323	0.00383	0.14446	0.00618
7	0.01060	0.86304	0.02078	0.00678	0.01018	0.01569	0.00678	0.01187	0.00806	0.00933	0.00551	0.00636	0.00509	0.00339	0.00254	0.00085	0.00424	0.00212	0.00170	0.00509
8	0.00986	0.00852	0.00897	0.00807	0.01031	0.00986	0.00628	0.02107	0.82876	0.01659	0.01614	0.01479	0.01210	0.00538	0.00403	0.00134	0.00314	0.00448	0.00403	0.00628
9	0.00536	0.00424	0.00485	0.00466	0.00585	0.00383	0.00350	0.00724	0.04742	0.01343	0.41358	0.03306	0.42081	0.00892	0.00465	0.00130	0.00199	0.00763	0.00402	0.00367
10	0.00531	0.00400	0.00492	0.00487	0.00584	0.00361	0.00364	0.00682	0.01017	0.01373	0.50250	0.12077	0.25049	0.00920	0.00475	0.00133	0.00202	0.03838	0.00408	0.00358
11	0.00819	0.00822	0.13206	0.00692	0.00914	0.00662	0.00617	0.14995	0.10032	0.04563	0.10793	0.16257	0.19193	0.03997	0.00498	0.00143	0.00327	0.00640	0.00354	0.00474

[dist]
# distance from previous block
# <min> <max>
2	4

[block]
# block no. 4 follows, 68 sequences, length 23
# corresponding to MSA columns:
# 167-180,189-197
name=unknown_E
#
# <colnr> <probs for GDERKNQSTAVLIFYWHMCP>
#	G	D	E	R	K	N	Q	S	T	A	V	L	I	F	Y	W	H	M	C	P
0	0.41566	0.10385	0.04532	0.00788	0.02184	0.24310	0.03507	0.03121	0.00870	0.01409	0.00655	0.00843	0.00548	0.00405	0.00308	0.00115	0.00466	0.03299	0.00228	0.00463
1	0.00920	0.01119	0.15552	0.11131	0.20950	0.08577	0.07205	0.01301	0.12432	0.02531	0.06756	0.02760	0.03462	0.00472	0.00432	0.00126	0.03074	0.00410	0.00248	0.00539
2	0.00490	0.00400	0.00434	0.00431	0.00550	0.00343	0.00321	0.00609	0.00946	0.01185	0.21798	0.07760	0.61407	0.00973	0.00470	0.00133	0.00199	0.00824	0.00384	0.00343
3	0.00612	0.00487	0.00607	0.00601	0.00640	0.03107	0.00431	0.00690	0.00665	0.00908	0.03046	0.15505	0.03034	0.29201	0.29927	0.00395	0.08978	0.00589	0.00250	0.00323
4	0.04477	0.01997	0.80524	0.01105	0.01676	0.00919	0.01422	0.01252	0.00830	0.01278	0.00705	0.00829	0.00499	0.00376	0.00371	0.00125	0.00574	0.00290	0.00171	0.00579
5	0.00981	0.00942	0.01609	0.02434	0.83592	0.00942	0.01217	0.01217	0.00903	0.01295	0.00746	0.00981	0.00628	0.00353	0.00393	0.00118	0.00471	0.00353	0.00196	0.00628
6	0.00822	0.00705	0.00822	0.00587	0.00940	0.00529	0.00470	0.00998	0.00822	0.01292	0.00705	0.00822	0.00587	0.00294	0.00294	0.00059	0.00294	0.00235	0.00235	0.88490
7	0.12175	0.00810	0.04636	0.11036	0.17434	0.00803	0.10508	0.04513	0.03961	0.01344	0.05748	0.01737	0.13824	0.00559	0.00447	0.00132	0.03961	0.05623	0.00265	0.00485
8	0.01091	0.13870	0.07157	0.04044	0.02533	0.12252	0.00738	0.15889	0.26688	0.01508	0.03732	0.01214	0.03699	0.00532	0.02073	0.00128	0.00442	0.00374	0.01478	0.00559
9	0.00956	0.00929	0.07968	0.14583	0.28837	0.00849	0.05423	0.10589	0.00984	0.04356	0.02395	0.01137	0.03819	0.00485	0.02427	0.01597	0.00466	0.00368	0.00241	0.11590
10	0.00910	0.06270	0.48282	0.02782	0.08585	0.03195	0.05483	0.08023	0.00958	0.03271	0.04366	0.02777	0.02490	0.00432	0.00387	0.00123	0.00523	0.00358	0.00220	0.00566
11	0.02981	0.12417	0.15346	0.08149	0.10417	0.05994	0.00852	0.01158	0.07190	0.02378	0.13419	0.04848	0.03643	0.00539	0.00476	0.00125	0.08893	0.00424	0.00254	0.00495
12	0.00988	0.01136	0.01998	0.01482	0.01801	0.12115	0.59820	0.01256	0.00918	0.01187	0.00782	0.03294	0.00635	0.00410	0.00549	0.00135	0.10338	0.00444	0.00202	0.00507
13	0.00616	0.00453	0.00635	0.08965	0.02641	0.00460	0.01845	0.00746	0.02707	0.03908	0.03792	0.37760	0.07856	0.11773	0.07995	0.01530	0.00375	0.05268	0.00317	0.00358
14	0.03199	0.03064	0.19594	0.14816	0.13410	0.10466	0.06967	0.03681	0.03015	0.07480	0.00971	0.03661	0.04032	0.00455	0.00424	0.00125	0.03495	0.00379	0.00234	0.00531
15	0.03001	0.00930	0.00794	0.00770	0.00909	0.26200	0.00606	0.03052	0.03025	0.07074	0.02589	0.02481	0.01403	0.12530	0.01812	0.01547	0.00478	0.30084	0.00303	0.00412
16	0.00499	0.00356	0.00451	0.00520	0.00547	0.00334	0.00341	0.00558	0.00737	0.00974	0.02152	0.65235	0.08240	0.16170	0.00770	0.00198	0.00255	0.01009	0.00346	0.00309
17	0.00912	0.00989	0.11139	0.07799	0.22842	0.04166	0.13812	0.04286	0.01804	0.04696	0.01093	0.11750	0.02892	0.00541	0.00469	0.00132	0.05030	0.02977	0.02150	0.00522
18	0.01859	0.03392	0.02197	0.09879	0.21716	0.02490	0.04192	0.05955	0.11929	0.03796	0.01055	0.04378	0.03165	0.02077	0.10053	0.02584	0.08101	0.00417	0.00254	0.00513
19	0.00589	0.00425	0.00577	0.00557	0.00604	0.00427	0.04828	0.00658	0.00665	0.00913	0.01431	0.14641	0.03426	0.46732	0.14196	0.00349	0.00466	0.03516	0.04701	0.00299
20	0.02182	0.02127	0.00932	0.40891	0.06212	0.00733	0.00777	0.03444	0.03454	0.02485	0.01191	0.04624	0.07081	0.00500	0.00391	0.00123	0.01916	0.00422	0.20077	0.00440
21	0.00959	0.31935	0.03741	0.05662	0.07947	0.05216	0.14649	0.02299	0.03704	0.03072	0.00806	0.02501	0.00691	0.00808	0.14171	0.00196	0.00589	0.00345	0.00209	0.00500
22	0.06529	0.05440	0.13081	0.00882	0.02290	0.04358	0.01823	0.27996	0.01169	0.09054	0.02917	0.01055	0.00749	0.02718	0.05534	0.00160	0.09521	0.00348	0.02299	0.02076

[dist]
# distance from previous block
# <min> <max>
1	5

[block]
# block no. 5 follows, 68 sequences, length 12
# corresponding to MSA columns:
# 203-214
name=unknown_F
#
# <colnr> <probs for GDERKNQSTAVLIFYWHMCP>
#	G	D	E	R	K	N	Q	S	T	A	V	L	I	F	Y	W	H	M	C	P
0	0.02633	0.07860	0.10030	0.00885	0.08983	0.03655	0.03204	0.04292	0.00880	0.01270	0.03148	0.02554	0.03790	0.03736	0.01516	0.00111	0.01537	0.01493	0.00237	0.38187
1	0.00583	0.00494	0.00716	0.00650	0.00760	0.00482	0.08661	0.00724	0.00908	0.01216	0.25898	0.21473	0.23391	0.02878	0.00577	0.00147	0.06669	0.03049	0.00353	0.00370
2	0.00981	0.03292	0.11490	0.21970	0.17328	0.10810	0.08239	0.08771	0.03099	0.01275	0.02096	0.01065	0.02970	0.00429	0.00437	0.00125	0.04511	0.00362	0.00220	0.00529
3	0.00663	0.00420	0.00526	0.00488	0.00601	0.00385	0.00370	0.00839	0.01065	0.07506	0.59363	0.02743	0.11039	0.00763	0.00439	0.00121	0.00199	0.00662	0.11417	0.00392
4	0.00662	0.00448	0.00546	0.00528	0.00637	0.00422	0.00397	0.00798	0.02413	0.09200	0.21460	0.15404	0.29128	0.07799	0.00627	0.00159	0.03519	0.05096	0.00379	0.00378
5	0.01134	0.00925	0.00980	0.00837	0.01087	0.01055	0.00663	0.24781	0.59962	0.01896	0.01427	0.01330	0.01059	0.00520	0.00402	0.00130	0.00348	0.00422	0.00402	0.00641
6	0.17676	0.00772	0.00886	0.00698	0.00983	0.00773	0.00575	0.19981	0.01198	0.45348	0.01223	0.01137	0.00812	0.00463	0.00363	0.00120	0.00345	0.00354	0.05680	0.00611
7	0.05832	0.00420	0.00515	0.00497	0.00596	0.00396	0.00371	0.00737	0.01039	0.01497	0.63159	0.11524	0.10262	0.00846	0.00458	0.00129	0.00200	0.00740	0.00412	0.00369
8	0.00959	0.00820	0.00908	0.05485	0.01047	0.09391	0.02785	0.04239	0.24068	0.07317	0.18743	0.01724	0.04548	0.00609	0.00526	0.00132	0.10952	0.02095	0.03153	0.00500
9	0.00573	0.00393	0.00476	0.00488	0.00576	0.00355	0.00351	0.00690	0.00910	0.04739	0.23958	0.30056	0.25271	0.03610	0.00514	0.00145	0.00217	0.00846	0.05478	0.00355
10	0.00563	0.00424	0.00478	0.00472	0.00576	0.00389	0.00347	0.03903	0.00943	0.01238	0.21813	0.11685	0.38482	0.09231	0.00613	0.00158	0.00232	0.03328	0.04774	0.00350
11	0.00845	0.00791	0.03985	0.07595	0.28947	0.06034	0.01808	0.01069	0.03908	0.05003	0.12744	0.11819	0.10293	0.00617	0.00421	0.00126	0.00381	0.00548	0.02572	0.00492

[dist]
# distance from previous block
# <min> <max>
4	22

[block]
# block no. 6 follows, 68 sequences, length 12
# corresponding to MSA columns:
# 240-251
name=unknown_G
#
# <colnr> <probs for GDERKNQSTAVLIFYWHMCP>
#	G	D	E	R	K	N	Q	S	T	A	V	L	I	F	Y	W	H	M	C	P
0	0.00854	0.08334	0.21292	0.02451	0.06798	0.02002	0.02996	0.06998	0.06844	0.03275	0.06088	0.06457	0.03420	0.11690	0.04095	0.00181	0.03830	0.01643	0.00261	0.00489
1	0.01100	0.00990	0.06087	0.05370	0.06838	0.02821	0.16709	0.18019	0.17410	0.08193	0.02483	0.02661	0.00861	0.01911	0.00433	0.00127	0.00453	0.00409	0.00311	0.06815
2	0.05317	0.15471	0.00863	0.00620	0.02699	0.00721	0.00457	0.00814	0.00680	0.02474	0.02626	0.01967	0.02770	0.41289	0.08019	0.00289	0.08121	0.04217	0.00235	0.00351
3	0.00792	0.03996	0.05180	0.04348	0.01006	0.02814	0.03676	0.04267	0.10037	0.01271	0.16460	0.05420	0.05739	0.00874	0.08607	0.00185	0.20091	0.00492	0.04297	0.00448
4	0.03905	0.13004	0.43440	0.00969	0.02748	0.00991	0.02476	0.10797	0.04670	0.06030	0.04348	0.00989	0.00735	0.00416	0.00364	0.00119	0.00483	0.00324	0.02621	0.00572
5	0.00734	0.05543	0.15142	0.00792	0.02612	0.00696	0.08687	0.05182	0.08908	0.01343	0.16957	0.03901	0.26545	0.00679	0.00430	0.00128	0.00351	0.00585	0.00320	0.00465
6	0.01135	0.00898	0.00959	0.00824	0.01072	0.01018	0.00652	0.18967	0.61840	0.05847	0.01472	0.01362	0.01086	0.00523	0.00402	0.00131	0.00341	0.00427	0.00406	0.00640
7	0.00991	0.07584	0.22873	0.05053	0.25012	0.02472	0.05219	0.04461	0.09269	0.06979	0.00980	0.01090	0.03480	0.00423	0.00406	0.00122	0.02401	0.00360	0.00241	0.00583
8	0.00537	0.00458	0.03331	0.00530	0.00632	0.00390	0.00406	0.00705	0.03948	0.01243	0.27783	0.31209	0.23486	0.00988	0.00477	0.00141	0.00228	0.02762	0.00384	0.00363
9	0.00721	0.00657	0.04770	0.04403	0.08844	0.00662	0.02083	0.04205	0.02149	0.02519	0.13641	0.01881	0.10354	0.09063	0.22030	0.00285	0.10540	0.00500	0.00271	0.00421
10	0.00578	0.00389	0.00463	0.00487	0.00506	0.00386	0.00313	0.00618	0.00654	0.00879	0.01489	0.13546	0.01697	0.60800	0.01567	0.00319	0.00356	0.11762	0.02919	0.00272
11	0.01088	0.53579	0.03766	0.03726	0.09126	0.12498	0.00770	0.01236	0.00870	0.03230	0.03278	0.00802	0.00638	0.00385	0.00339	0.00098	0.03601	0.00264	0.00194	0.00511

[dist]
# distance from previous block
# <min> <max>
1	5

[block]
# block no. 7 follows, 68 sequences, length 34
# corresponding to MSA columns:
# 258-291
name=unknown_H
#
# <colnr> <probs for GDERKNQSTAVLIFYWHMCP>
#	G	D	E	R	K	N	Q	S	T	A	V	L	I	F	Y	W	H	M	C	P
0	0.01121	0.10935	0.01105	0.00741	0.01061	0.04060	0.00612	0.26363	0.10099	0.03074	0.00874	0.00917	0.00677	0.00390	0.00337	0.00091	0.00372	0.00297	0.00299	0.36576
1	0.00977	0.34238	0.06657	0.04622	0.08428	0.03713	0.00743	0.10262	0.07134	0.01258	0.03120	0.12368	0.01943	0.00518	0.00354	0.00112	0.00407	0.00416	0.00254	0.02475
2	0.02179	0.21027	0.26912	0.02217	0.03018	0.02345	0.02990	0.09477	0.06606	0.10387	0.00883	0.02604	0.00680	0.00477	0.01992	0.00127	0.03486	0.00328	0.00252	0.02014
3	0.00595	0.01673	0.06041	0.00588	0.00709	0.00448	0.03010	0.00729	0.01871	0.02443	0.09063	0.22883	0.20277	0.17914	0.00781	0.00192	0.00307	0.08606	0.00328	0.01542
4	0.00507	0.00405	0.00460	0.00496	0.00575	0.01937	0.00351	0.00605	0.00872	0.01114	0.14055	0.41091	0.33956	0.01075	0.00483	0.00144	0.00222	0.00942	0.00374	0.00337
5	0.00958	0.08917	0.22243	0.10520	0.09707	0.09995	0.11064	0.02543	0.00889	0.04534	0.00825	0.03441	0.00678	0.00528	0.03558	0.00142	0.04425	0.01636	0.02879	0.00519
6	0.01201	0.23320	0.10072	0.04244	0.02680	0.03882	0.00752	0.08072	0.02911	0.24259	0.01087	0.02310	0.02511	0.00626	0.05583	0.00148	0.03010	0.02478	0.00300	0.00556
7	0.00567	0.00423	0.00627	0.00627	0.00695	0.00490	0.00483	0.00702	0.00634	0.00913	0.01071	0.01607	0.01013	0.06962	0.80536	0.00625	0.01029	0.00432	0.00214	0.00349
8	0.00644	0.00453	0.00550	0.00505	0.00627	0.00423	0.00385	0.05598	0.01112	0.04083	0.57023	0.02900	0.19019	0.00805	0.00454	0.00125	0.00209	0.00695	0.03997	0.00393
9	0.03124	0.21179	0.19004	0.11942	0.06441	0.16457	0.03043	0.03896	0.00932	0.07673	0.00738	0.00865	0.00570	0.00437	0.02004	0.00122	0.00538	0.00294	0.00214	0.00529
10	0.01262	0.00977	0.01008	0.00824	0.01081	0.04445	0.00662	0.49595	0.19295	0.02072	0.01234	0.05483	0.02638	0.00536	0.00395	0.00122	0.00387	0.00423	0.06953	0.00608
11	0.49881	0.04558	0.14177	0.02757	0.08236	0.06686	0.00736	0.01213	0.00764	0.02855	0.00617	0.00741	0.00483	0.00388	0.00344	0.00122	0.04485	0.00254	0.00222	0.00482
12	0.00956	0.22216	0.54892	0.00988	0.01479	0.05065	0.01185	0.01299	0.00863	0.06569	0.00724	0.00816	0.00536	0.00377	0.00348	0.00114	0.00537	0.00279	0.00191	0.00567
13	0.66146	0.00764	0.00684	0.00579	0.00841	0.00841	0.00478	0.05221	0.00830	0.19277	0.00787	0.00809	0.00559	0.00399	0.00285	0.00123	0.00319	0.00261	0.00305	0.00493
14	0.00625	0.00444	0.00583	0.02296	0.02930	0.00437	0.00447	0.05042	0.01810	0.04498	0.03388	0.63728	0.07230	0.01088	0.00502	0.00154	0.01840	0.02220	0.00364	0.00374
15	0.05089	0.24022	0.18623	0.01107	0.05157	0.11625	0.17670	0.04597	0.01885	0.03691	0.00727	0.01671	0.00579	0.00382	0.00370	0.00114	0.01628	0.00318	0.00208	0.00536
16	0.00934	0.00488	0.00649	0.00562	0.00721	0.00438	0.00438	0.01111	0.01126	0.26775	0.58339	0.02468	0.02896	0.00713	0.00447	0.00124	0.00233	0.00620	0.00453	0.00466
17	0.04312	0.00688	0.00917	0.00705	0.01010	0.00607	0.00582	0.03791	0.01138	0.79567	0.01520	0.01320	0.00958	0.00487	0.00394	0.00123	0.00339	0.00392	0.00481	0.00668
18	0.84772	0.00762	0.00599	0.00530	0.00778	0.00875	0.00437	0.01202	0.00696	0.05638	0.00600	0.00677	0.00455	0.00374	0.00253	0.00123	0.00308	0.00223	0.00257	0.00441
19	0.88866	0.00767	0.00583	0.00521	0.00767	0.00889	0.00429	0.01166	0.00675	0.01779	0.00552	0.00644	0.00429	0.00368	0.00245	0.00123	0.00307	0.00215	0.00245	0.00429
20	0.00568	0.00392	0.00474	0.00477	0.00497	0.00404	0.00299	0.00603	0.00607	0.00819	0.01348	0.04584	0.04725	0.63264	0.18924	0.00421	0.00513	0.00570	0.00243	0.00270
21	0.00952	0.00926	0.01571	0.09941	0.54935	0.02968	0.12230	0.02780	0.00920	0.01279	0.00834	0.01188	0.00708	0.00400	0.00408	0.00124	0.00497	0.04596	0.02168	0.00575
22	0.00512	0.00404	0.00477	0.00474	0.00577	0.00375	0.00353	0.00634	0.00883	0.01143	0.20812	0.06502	0.43950	0.04850	0.16025	0.00236	0.00365	0.00735	0.00349	0.00343
23	0.00917	0.01040	0.02263	0.01626	0.02011	0.00975	0.78820	0.01241	0.00929	0.01260	0.00859	0.04523	0.00684	0.00371	0.00469	0.00135	0.00651	0.00495	0.00207	0.00526
24	0.38466	0.04508	0.16905	0.00763	0.01079	0.02021	0.02716	0.11035	0.10308	0.03492	0.00845	0.03630	0.00663	0.00433	0.00327	0.00123	0.00392	0.00316	0.01458	0.00519
25	0.05580	0.00719	0.00855	0.07772	0.07022	0.03718	0.01848	0.05794	0.03240	0.02272	0.03624	0.18088	0.06624	0.20841	0.03700	0.00239	0.00442	0.05006	0.00342	0.02272
26	0.65692	0.00820	0.00689	0.00590	0.00843	0.02951	0.00483	0.12243	0.00877	0.05397	0.00685	0.00756	0.00516	0.00391	0.00278	0.00119	0.00331	0.00250	0.03868	0.02222
27	0.32575	0.00817	0.00833	0.00715	0.03481	0.03494	0.00561	0.18147	0.01086	0.25036	0.00997	0.00997	0.00699	0.00435	0.00331	0.00118	0.00349	0.00316	0.08462	0.00551
28	0.00784	0.00490	0.00614	0.00629	0.03248	0.00474	0.00444	0.04306	0.06175	0.12458	0.08902	0.34960	0.09125	0.05985	0.00545	0.00154	0.00270	0.03094	0.06925	0.00419
29	0.00554	0.00395	0.00517	0.00589	0.00639	0.00382	0.00442	0.00655	0.00793	0.01039	0.02106	0.38040	0.06910	0.15031	0.00766	0.00204	0.00303	0.29966	0.00346	0.00325
30	0.00533	0.00403	0.00460	0.00462	0.00549	0.00368	0.00334	0.00634	0.00867	0.01115	0.19863	0.03388	0.37679	0.22699	0.00872	0.00201	0.00261	0.08640	0.00350	0.00322
31	0.01040	0.07671	0.10090	0.05436	0.37485	0.09747	0.03120	0.09587	0.02540	0.01348	0.02401	0.02100	0.00690	0.00396	0.00378	0.00114	0.00489	0.00343	0.00225	0.04798
32	0.17111	0.01016	0.08954	0.16378	0.28470	0.03532	0.03706	0.11418	0.00968	0.02830	0.00752	0.00954	0.00587	0.00393	0.00369	0.00123	0.00468	0.01191	0.00231	0.00550
33	0.00494	0.00404	0.00440	0.00450	0.00569	0.00349	0.00343	0.00610	0.00920	0.01134	0.12381	0.08348	0.63113	0.01004	0.00478	0.00139	0.00215	0.07893	0.00375	0.00341

[dist]
# distance from previous block
# <min> <max>
0	2

[block]
# block no. 8 follows, 68 sequences, length 13
# corresponding to MSA columns:
# 294-306
name=unknown_I
#
# <colnr> <probs for GDERKNQSTAVLIFYWHMCP>
#	G	D	E	R	K	N	Q	S	T	A	V	L	I	F	Y	W	H	M	C	P
0	0.01047	0.22707	0.24131	0.04736	0.04207	0.21547	0.03084	0.04277	0.00947	0.01141	0.03451	0.00954	0.03481	0.00420	0.00372	0.00111	0.02361	0.00309	0.00204	0.00514
1	0.82945	0.06535	0.00684	0.00532	0.00784	0.00935	0.00446	0.01167	0.00684	0.01722	0.00552	0.00644	0.00435	0.00366	0.00246	0.00120	0.00315	0.00215	0.00240	0.00435
2	0.01060	0.86304	0.02078	0.00678	0.01018	0.01569	0.00678	0.01187	0.00806	0.00933	0.00551	0.00636	0.00509	0.00339	0.00254	0.00085	0.00424	0.00212	0.00170	0.00509
3	0.00568	0.00416	0.00595	0.00593	0.00652	0.00470	0.00443	0.00686	0.00649	0.00924	0.04923	0.01813	0.01202	0.18100	0.65475	0.00567	0.00897	0.00466	0.00228	0.00334
4	0.00627	0.00482	0.00619	0.04352	0.00730	0.02550	0.00452	0.02406	0.00675	0.00920	0.01180	0.06464	0.01231	0.32109	0.37892	0.00447	0.03024	0.03276	0.00237	0.00328
5	0.01459	0.01843	0.01113	0.01012	0.01217	0.80686	0.00760	0.01607	0.04832	0.01002	0.00658	0.00750	0.00542	0.00414	0.00360	0.00104	0.00697	0.00264	0.00213	0.00467
6	0.00594	0.00411	0.00522	0.00490	0.00593	0.00376	0.00369	0.00772	0.01090	0.03846	0.70289	0.02934	0.10971	0.00805	0.00458	0.00124	0.00192	0.00705	0.04077	0.00379
7	0.00562	0.00410	0.00533	0.00529	0.00623	0.00381	0.00409	0.00736	0.01054	0.01456	0.60143	0.06963	0.10312	0.00891	0.00482	0.00136	0.00218	0.13377	0.00416	0.00367
8	0.88866	0.00767	0.00583	0.00521	0.00767	0.00889	0.00429	0.01166	0.00675	0.01779	0.00552	0.00644	0.00429	0.00368	0.00245	0.00123	0.00307	0.00215	0.00245	0.00429
9	0.00488	0.00347	0.00459	0.00546	0.00568	0.00325	0.00361	0.00553	0.00750	0.00999	0.02136	0.81454	0.02561	0.05679	0.00585	0.00173	0.00238	0.01098	0.00361	0.00318
10	0.00822	0.00705	0.00822	0.00587	0.00940	0.00529	0.00470	0.00998	0.00822	0.01292	0.00705	0.00822	0.00587	0.00294	0.00294	0.00059	0.00294	0.00235	0.00235	0.88490
11	0.00694	0.00432	0.00542	0.00538	0.00621	0.00410	0.00378	0.00833	0.04604	0.10856	0.17956	0.31424	0.07760	0.18530	0.02412	0.00202	0.00284	0.00783	0.00368	0.00372
12	0.05260	0.01202	0.01061	0.10499	0.09187	0.33591	0.00771	0.06894	0.07672	0.05455	0.00912	0.06666	0.00776	0.00548	0.02368	0.00132	0.04130	0.00373	0.02004	0.00497

[dist]
# distance from previous block
# <min> <max>
0	1

[block]
# block no. 9 follows, 68 sequences, length 9
# corresponding to MSA columns:
# 308-316
name=unknown_J
#
# <colnr> <probs for GDERKNQSTAVLIFYWHMCP>
#	G	D	E	R	K	N	Q	S	T	A	V	L	I	F	Y	W	H	M	C	P
0	0.00913	0.00769	0.00822	0.00754	0.00950	0.00877	0.00580	0.01864	0.68891	0.01590	0.05129	0.09220	0.01439	0.00611	0.00411	0.00135	0.00296	0.00519	0.03652	0.00579
1	0.00589	0.00409	0.00517	0.00545	0.02308	0.00417	0.00349	0.00622	0.00661	0.00890	0.05493	0.12624	0.04189	0.47606	0.07362	0.07565	0.02606	0.04702	0.00266	0.00282
2	0.01017	0.03886	0.07251	0.05815	0.28044	0.04805	0.11202	0.07600	0.05845	0.06817	0.02302	0.01369	0.03768	0.00509	0.01746	0.00134	0.01671	0.05398	0.00261	0.00561
3	0.02590	0.00772	0.09299	0.06338	0.03433	0.04174	0.03351	0.02460	0.07583	0.11108	0.01548	0.34810	0.03009	0.00823	0.02097	0.00150	0.03067	0.00675	0.02253	0.00460
4	0.00493	0.00375	0.00457	0.00518	0.00585	0.00339	0.00371	0.00584	0.00824	0.01049	0.02808	0.49658	0.30422	0.01146	0.00497	0.00154	0.00233	0.08787	0.00368	0.00331
5	0.02802	0.03654	0.15241	0.00767	0.02622	0.05281	0.03624	0.03728	0.02953	0.01172	0.01283	0.14807	0.05129	0.04932	0.15619	0.02728	0.01826	0.00508	0.10900	0.00424
6	0.03006	0.06946	0.04794	0.15342	0.25812	0.04804	0.06879	0.07649	0.03796	0.10759	0.03243	0.01061	0.00737	0.00417	0.00415	0.00122	0.03039	0.00361	0.00254	0.00564
7	0.03621	0.00728	0.06946	0.00715	0.02706	0.03519	0.00576	0.06787	0.07271	0.18120	0.08356	0.18842	0.07094	0.04918	0.03774	0.02293	0.00364	0.02535	0.00358	0.00476
8	0.00724	0.00541	0.02284	0.00623	0.02882	0.02652	0.01850	0.00918	0.05896	0.09286	0.16953	0.21598	0.21222	0.03543	0.00501	0.00143	0.00271	0.03118	0.04586	0.00409

[dist]
# distance from previous block
# <min> <max>
0	21

# created by:
# /st0/software/busco_prod/Augustus/scripts/msa2prfl.pl ./align_prep/31052.fa
