[name]
unknown

[dist]
# distance from previous block
# <min> <max>
0	78

[block]
# block no. 0 follows, 57 sequences, length 11
# corresponding to MSA columns:
# 87-97
name=unknown_A
#
# <colnr> <probs for GDERKNQSTAVLIFYWHMCP>
#	G	D	E	R	K	N	Q	S	T	A	V	L	I	F	Y	W	H	M	C	P
0	0.08732	0.15591	0.18450	0.02494	0.02368	0.03432	0.00865	0.01216	0.03693	0.03101	0.06974	0.09370	0.03385	0.03875	0.02867	0.00176	0.01688	0.10896	0.00302	0.00525
1	0.03542	0.54719	0.09403	0.00918	0.01308	0.01562	0.05615	0.10870	0.01062	0.01361	0.00747	0.00905	0.00645	0.03322	0.00434	0.00125	0.02323	0.00307	0.00233	0.00599
2	0.01231	0.47843	0.23290	0.00960	0.01408	0.07426	0.01023	0.06541	0.01050	0.04421	0.00759	0.00850	0.00613	0.00422	0.00354	0.00115	0.00555	0.00290	0.00227	0.00621
3	0.00683	0.05333	0.07384	0.00696	0.00826	0.00606	0.00574	0.00832	0.00814	0.01121	0.06190	0.13633	0.06117	0.17297	0.35358	0.00448	0.00738	0.00650	0.00292	0.00407
4	0.01213	0.71882	0.09716	0.00839	0.01252	0.01701	0.00864	0.05910	0.00994	0.01204	0.00674	0.00769	0.00592	0.00401	0.00313	0.00104	0.00503	0.00261	0.00209	0.00601
5	0.01151	0.67978	0.18215	0.00878	0.01322	0.01645	0.00955	0.01372	0.00928	0.01140	0.00667	0.00773	0.00580	0.00396	0.00319	0.00106	0.00522	0.00261	0.00193	0.00599
6	0.00558	0.00397	0.00524	0.00623	0.00648	0.00372	0.00412	0.00633	0.00856	0.01141	0.02438	0.79263	0.02922	0.06039	0.00675	0.00198	0.00273	0.01253	0.00412	0.00363
7	0.01211	0.84348	0.02374	0.00775	0.01163	0.01793	0.00775	0.01357	0.00921	0.01066	0.00630	0.00727	0.00582	0.00388	0.00291	0.00097	0.00485	0.00242	0.00194	0.00582
8	0.01282	0.66264	0.08668	0.00835	0.01241	0.01620	0.00845	0.05866	0.01022	0.07660	0.00764	0.00831	0.00635	0.00414	0.00325	0.00106	0.00492	0.00276	0.00238	0.00615
9	0.00587	0.00422	0.00574	0.00639	0.00680	0.00422	0.00443	0.00686	0.00841	0.01146	0.06292	0.54296	0.02531	0.08404	0.19443	0.00327	0.00492	0.01029	0.00372	0.00372
10	0.00552	0.00394	0.00526	0.00631	0.00657	0.00368	0.00421	0.00631	0.00868	0.01157	0.02498	0.83779	0.02997	0.01420	0.00578	0.00184	0.00263	0.01288	0.00421	0.00368

[dist]
# distance from previous block
# <min> <max>
3	5

[block]
# block no. 1 follows, 57 sequences, length 10
# corresponding to MSA columns:
# 106-115
name=unknown_B
#
# <colnr> <probs for GDERKNQSTAVLIFYWHMCP>
#	G	D	E	R	K	N	Q	S	T	A	V	L	I	F	Y	W	H	M	C	P
0	0.08971	0.10763	0.16241	0.04596	0.01551	0.01288	0.06003	0.36617	0.04619	0.02091	0.00977	0.01106	0.00735	0.00496	0.00424	0.00137	0.00530	0.01844	0.00335	0.00675
1	0.00941	0.00880	0.01471	0.01916	0.44750	0.00862	0.08614	0.01208	0.03210	0.01467	0.10340	0.09421	0.09391	0.00657	0.00493	0.00146	0.00460	0.02866	0.00305	0.00601
2	0.00601	0.00447	0.00567	0.00615	0.00691	0.00400	0.00421	0.00697	0.00895	0.01212	0.06172	0.62596	0.07430	0.05280	0.00632	0.00180	0.00275	0.01109	0.00401	0.09378
3	0.01254	0.33329	0.19156	0.01082	0.06189	0.04538	0.01018	0.20115	0.01232	0.01611	0.00820	0.00933	0.00655	0.00542	0.03225	0.00141	0.00565	0.00323	0.00262	0.03009
4	0.01019	0.05070	0.22158	0.05016	0.20920	0.03279	0.09618	0.03047	0.05015	0.02886	0.01121	0.07740	0.02468	0.02914	0.00504	0.00147	0.00549	0.00476	0.00261	0.05791
5	0.03715	0.01420	0.28133	0.01010	0.01451	0.05734	0.06058	0.04149	0.04108	0.08474	0.06140	0.01244	0.00956	0.02503	0.00463	0.00129	0.00510	0.00384	0.00293	0.23126
6	0.01109	0.04815	0.17191	0.00951	0.01371	0.00866	0.07120	0.02891	0.10534	0.11023	0.03348	0.01281	0.00934	0.00461	0.00412	0.00116	0.00453	0.02093	0.00317	0.32714
7	0.28458	0.03042	0.11459	0.02651	0.07706	0.04880	0.03056	0.04815	0.03676	0.08167	0.07160	0.04831	0.01044	0.00522	0.00395	0.00136	0.00444	0.00409	0.00315	0.06833
8	0.07387	0.06560	0.07378	0.03050	0.07830	0.08352	0.06451	0.27189	0.05265	0.10195	0.02517	0.01216	0.00857	0.00515	0.00451	0.00138	0.01726	0.01899	0.00354	0.00669
9	0.09695	0.14298	0.15958	0.03729	0.03770	0.09782	0.04408	0.03990	0.13255	0.11161	0.04902	0.01213	0.00952	0.00496	0.00411	0.00134	0.00515	0.00387	0.00316	0.00627

[dist]
# distance from previous block
# <min> <max>
0	61

[block]
# block no. 2 follows, 57 sequences, length 19
# corresponding to MSA columns:
# 189-207
name=unknown_C
#
# <colnr> <probs for GDERKNQSTAVLIFYWHMCP>
#	G	D	E	R	K	N	Q	S	T	A	V	L	I	F	Y	W	H	M	C	P
0	0.04379	0.16845	0.16659	0.00828	0.01127	0.02291	0.00801	0.01334	0.11775	0.04452	0.15733	0.05929	0.04721	0.05265	0.00549	0.00158	0.00424	0.05843	0.00341	0.00546
1	0.04942	0.16283	0.12659	0.01248	0.12776	0.07903	0.07070	0.03028	0.05262	0.17466	0.02891	0.01292	0.04244	0.00497	0.00422	0.00132	0.00519	0.00408	0.00316	0.00644
2	0.06620	0.10016	0.22264	0.01019	0.04075	0.05968	0.05209	0.02873	0.02812	0.02587	0.02667	0.01298	0.00863	0.05049	0.00503	0.00138	0.00510	0.03751	0.00260	0.21521
3	0.04477	0.00646	0.00741	0.00734	0.00872	0.05030	0.02280	0.01061	0.05866	0.06416	0.07359	0.20739	0.10905	0.08180	0.00688	0.00193	0.00371	0.20673	0.00400	0.02368
4	0.04829	0.03297	0.12194	0.00892	0.02764	0.16370	0.00778	0.06085	0.01142	0.04930	0.07119	0.07909	0.18286	0.00804	0.00483	0.00149	0.00471	0.10634	0.00349	0.00514
5	0.06205	0.14903	0.19341	0.01350	0.06600	0.13917	0.06408	0.06985	0.04511	0.04190	0.02385	0.08249	0.01184	0.00726	0.00548	0.00188	0.00659	0.00525	0.00374	0.00751
6	0.04104	0.36208	0.22844	0.01192	0.08158	0.07462	0.06195	0.06524	0.01050	0.01375	0.00750	0.00883	0.00607	0.00417	0.00375	0.00121	0.00577	0.00314	0.00221	0.00623
7	0.00621	0.04032	0.04020	0.00623	0.00698	0.00476	0.00454	0.00715	0.00863	0.01148	0.06564	0.50897	0.07301	0.18350	0.00912	0.00227	0.00321	0.01028	0.00376	0.00375
8	0.01059	0.11136	0.15698	0.06302	0.16842	0.01185	0.35758	0.01440	0.03545	0.01407	0.00877	0.01115	0.00679	0.00406	0.00466	0.00141	0.00651	0.00434	0.00224	0.00635
9	0.08072	0.03134	0.15687	0.02697	0.07722	0.06707	0.13757	0.12925	0.07105	0.07059	0.04591	0.02397	0.02684	0.00522	0.00479	0.00143	0.02927	0.00443	0.00315	0.00634
10	0.06719	0.05773	0.29255	0.03545	0.04314	0.17220	0.10039	0.09527	0.01137	0.01515	0.00920	0.06293	0.00766	0.00505	0.00435	0.00138	0.00630	0.00412	0.00253	0.00606
11	0.00631	0.00446	0.00508	0.00521	0.00564	0.00428	0.00333	0.00679	0.00791	0.01025	0.04418	0.09180	0.17612	0.53974	0.01672	0.00341	0.00377	0.05855	0.00330	0.00316
12	0.05765	0.06172	0.25610	0.01251	0.06682	0.15202	0.08947	0.05704	0.03832	0.13631	0.02368	0.01108	0.00777	0.00468	0.00431	0.00136	0.00599	0.00379	0.00293	0.00646
13	0.05817	0.11629	0.14875	0.01498	0.19346	0.22545	0.06359	0.04988	0.04461	0.03159	0.00844	0.00985	0.00667	0.00441	0.00414	0.00129	0.00620	0.00350	0.00248	0.00627
14	0.00572	0.00409	0.00548	0.00647	0.00684	0.00385	0.00449	0.00669	0.00902	0.01205	0.06040	0.72972	0.03019	0.01382	0.00581	0.00184	0.00275	0.08277	0.00424	0.00375
15	0.00612	0.00453	0.00575	0.00644	0.00725	0.00424	0.00490	0.00742	0.00972	0.01258	0.07591	0.34462	0.19991	0.05019	0.00659	0.00194	0.00307	0.24081	0.00418	0.00385
16	0.01119	0.02835	0.03419	0.07350	0.35958	0.02455	0.15532	0.08695	0.04065	0.03308	0.04747	0.01462	0.05990	0.00499	0.00471	0.00141	0.00543	0.00480	0.00285	0.00648
17	0.04057	0.30586	0.26839	0.01202	0.06993	0.05687	0.08692	0.02711	0.02713	0.02922	0.00795	0.00927	0.00629	0.00416	0.00385	0.00124	0.00577	0.00327	0.00223	0.03194
18	0.08150	0.08525	0.08898	0.00808	0.01020	0.11213	0.02051	0.02370	0.03910	0.01314	0.01856	0.24244	0.10104	0.05454	0.00579	0.00170	0.00439	0.08091	0.00332	0.00472

[dist]
# distance from previous block
# <min> <max>
2	14

[block]
# block no. 3 follows, 57 sequences, length 20
# corresponding to MSA columns:
# 224-243
name=unknown_D
#
# <colnr> <probs for GDERKNQSTAVLIFYWHMCP>
#	G	D	E	R	K	N	Q	S	T	A	V	L	I	F	Y	W	H	M	C	P
0	0.05368	0.41236	0.01869	0.01039	0.04704	0.23381	0.04179	0.10901	0.01168	0.01371	0.00726	0.00833	0.00611	0.00430	0.00359	0.00113	0.00584	0.00295	0.00243	0.00592
1	0.04636	0.03593	0.09414	0.01134	0.12350	0.05968	0.02666	0.07331	0.04672	0.05753	0.00926	0.01047	0.00727	0.00481	0.02316	0.00122	0.00479	0.00336	0.00287	0.35760
2	0.01055	0.12491	0.41702	0.03809	0.14438	0.01153	0.06228	0.05087	0.03382	0.03361	0.02621	0.01072	0.00733	0.00443	0.00427	0.00137	0.00595	0.00370	0.00235	0.00661
3	0.01246	0.06360	0.01171	0.00978	0.04794	0.00926	0.05416	0.01869	0.32871	0.20681	0.01848	0.09444	0.04460	0.00696	0.00476	0.00152	0.00395	0.05131	0.00435	0.00652
4	0.01284	0.00918	0.01355	0.04012	0.16506	0.00924	0.10270	0.13555	0.09311	0.17826	0.14066	0.01737	0.02817	0.02716	0.00525	0.00150	0.00453	0.00524	0.00399	0.00653
5	0.02606	0.17078	0.22938	0.05004	0.19063	0.06315	0.10267	0.04380	0.01057	0.03670	0.02986	0.01065	0.00743	0.00435	0.00422	0.00132	0.00592	0.00373	0.00237	0.00638
6	0.03809	0.14021	0.07614	0.01404	0.06940	0.26591	0.23225	0.06454	0.03193	0.01403	0.00821	0.00985	0.00650	0.00431	0.00431	0.00130	0.00678	0.00375	0.00244	0.00600
7	0.00630	0.00432	0.00505	0.00525	0.00543	0.00421	0.00316	0.00662	0.00750	0.00999	0.05632	0.20105	0.05753	0.58771	0.01774	0.00358	0.00381	0.00813	0.00323	0.00307
8	0.03701	0.07893	0.23856	0.05188	0.18016	0.15965	0.10068	0.03542	0.01081	0.05308	0.00847	0.01014	0.00649	0.00433	0.00430	0.00134	0.00636	0.00365	0.00238	0.00635
9	0.01275	0.09264	0.13490	0.03166	0.07919	0.12210	0.16131	0.10512	0.09706	0.07004	0.01052	0.03270	0.00820	0.00493	0.00462	0.00139	0.01720	0.00427	0.00297	0.00644
10	0.00581	0.00416	0.00534	0.00603	0.00645	0.00390	0.00409	0.00672	0.00904	0.01207	0.11400	0.56603	0.07621	0.12112	0.00798	0.00212	0.00284	0.03834	0.00410	0.00365
11	0.00594	0.00434	0.00564	0.00624	0.00692	0.00403	0.00453	0.00726	0.01008	0.01350	0.21882	0.46205	0.11308	0.01250	0.00569	0.00174	0.00267	0.10669	0.00439	0.00390
12	0.16024	0.10388	0.04957	0.01587	0.29396	0.11785	0.02641	0.07095	0.07259	0.01600	0.00858	0.01006	0.00692	0.00449	0.00424	0.00133	0.02456	0.00353	0.00265	0.00633
13	0.01144	0.13520	0.09547	0.01033	0.01363	0.02368	0.14567	0.04801	0.08653	0.13207	0.06507	0.03627	0.06131	0.00709	0.02378	0.00160	0.00505	0.08831	0.00353	0.00596
14	0.00581	0.00416	0.00519	0.00580	0.00619	0.00390	0.00382	0.00657	0.00870	0.01154	0.08692	0.52237	0.10097	0.19498	0.00950	0.00234	0.00295	0.01082	0.00395	0.00354
15	0.23575	0.05897	0.28669	0.03555	0.06837	0.05750	0.01073	0.11132	0.02206	0.06123	0.00854	0.00956	0.00630	0.00450	0.00389	0.00137	0.00534	0.00329	0.00276	0.00627
16	0.09693	0.09873	0.22376	0.01351	0.13704	0.08370	0.08060	0.03483	0.08300	0.06493	0.01925	0.02680	0.00803	0.00473	0.00421	0.00137	0.00557	0.00391	0.00275	0.00637
17	0.01485	0.06550	0.08000	0.00966	0.04249	0.07143	0.03053	0.06168	0.07051	0.35202	0.04758	0.08044	0.04051	0.00626	0.00457	0.00141	0.00449	0.00519	0.00426	0.00661
18	0.19651	0.03219	0.02470	0.03955	0.01249	0.06125	0.00777	0.16913	0.10215	0.14862	0.01101	0.01222	0.00834	0.00570	0.00568	0.00149	0.12736	0.02398	0.00362	0.00624
19	0.05532	0.04319	0.06363	0.10708	0.24306	0.06570	0.03615	0.13827	0.06099	0.08115	0.02175	0.01209	0.02007	0.00479	0.00436	0.00136	0.00525	0.00404	0.00308	0.02868

[dist]
# distance from previous block
# <min> <max>
1	63

[block]
# block no. 4 follows, 57 sequences, length 34
# corresponding to MSA columns:
# 307-318,324-333,338-349
name=unknown_E
#
# <colnr> <probs for GDERKNQSTAVLIFYWHMCP>
#	G	D	E	R	K	N	Q	S	T	A	V	L	I	F	Y	W	H	M	C	P
0	0.05215	0.03356	0.15786	0.02360	0.15148	0.07514	0.05393	0.13823	0.11089	0.07767	0.03409	0.03437	0.00949	0.00515	0.00442	0.00139	0.00526	0.00430	0.00326	0.02377
1	0.07661	0.11783	0.07377	0.02353	0.08001	0.07581	0.00843	0.12338	0.10813	0.10558	0.03607	0.03257	0.03113	0.00650	0.03439	0.00156	0.02505	0.00424	0.00340	0.03203
2	0.12810	0.04269	0.04467	0.01430	0.22101	0.03472	0.07180	0.11169	0.06498	0.09984	0.01158	0.01360	0.02787	0.00504	0.00430	0.00137	0.00485	0.03662	0.00324	0.05774
3	0.11318	0.11000	0.10895	0.03706	0.11027	0.12436	0.04939	0.04484	0.08197	0.04551	0.05694	0.01162	0.00920	0.00472	0.00405	0.00128	0.00519	0.00375	0.00287	0.07484
4	0.13788	0.05408	0.04062	0.04272	0.14797	0.04604	0.03349	0.11335	0.03496	0.03732	0.00866	0.01002	0.00683	0.00427	0.00407	0.00117	0.02165	0.00336	0.00286	0.24869
5	0.08914	0.03299	0.09746	0.01222	0.11624	0.10032	0.07691	0.04718	0.09852	0.11830	0.05206	0.01263	0.00977	0.00548	0.02227	0.00144	0.00521	0.00405	0.00324	0.09454
6	0.29416	0.22031	0.03515	0.00934	0.04765	0.23370	0.00755	0.04411	0.01020	0.01500	0.00696	0.00815	0.00577	0.00474	0.01640	0.00130	0.00547	0.00277	0.00247	0.02880
7	0.00655	0.00440	0.00504	0.00507	0.00511	0.00442	0.00290	0.00664	0.00668	0.00894	0.01452	0.05383	0.01669	0.78520	0.05264	0.00442	0.00463	0.00672	0.00278	0.00282
8	0.01134	0.12204	0.10827	0.05783	0.38566	0.07579	0.14709	0.01424	0.01030	0.01372	0.00816	0.01049	0.00663	0.00408	0.00438	0.00133	0.00610	0.00389	0.00217	0.00651
9	0.01352	0.39469	0.01729	0.02308	0.01250	0.24462	0.00793	0.12025	0.01165	0.01315	0.00783	0.00956	0.00682	0.03177	0.06604	0.00167	0.00637	0.00312	0.00246	0.00567
10	0.00669	0.00511	0.00586	0.00555	0.00701	0.00471	0.00420	0.00925	0.07684	0.03552	0.38347	0.03636	0.38293	0.00991	0.00527	0.00148	0.00237	0.00846	0.00462	0.00440
11	0.00622	0.00477	0.00579	0.00596	0.00721	0.00434	0.00475	0.00794	0.01117	0.01453	0.28975	0.04242	0.35022	0.01103	0.00559	0.00164	0.00275	0.21540	0.00445	0.00407
12	0.01574	0.01267	0.03421	0.03605	0.16635	0.07653	0.03346	0.44655	0.01679	0.10075	0.01062	0.01122	0.00768	0.00503	0.00451	0.00136	0.00535	0.00405	0.00383	0.00727
13	0.01340	0.12439	0.25213	0.01249	0.04789	0.26828	0.06445	0.13707	0.01248	0.01509	0.00806	0.00928	0.00622	0.00450	0.00417	0.00128	0.00667	0.00337	0.00250	0.00627
14	0.01183	0.00961	0.01026	0.00915	0.01177	0.01098	0.00714	0.02395	0.75508	0.06851	0.01841	0.01681	0.01367	0.00611	0.00461	0.00153	0.00360	0.00509	0.00467	0.00721
15	0.00619	0.00445	0.00599	0.00694	0.00756	0.00426	0.00528	0.00751	0.00955	0.01259	0.05977	0.48935	0.06178	0.01327	0.00592	0.00190	0.00314	0.28643	0.00423	0.00389
16	0.06737	0.29039	0.18952	0.01057	0.01453	0.19449	0.05045	0.08357	0.01107	0.01394	0.00739	0.00862	0.00597	0.00442	0.00409	0.00123	0.03098	0.00308	0.00232	0.00598
17	0.00908	0.00859	0.01454	0.67114	0.18582	0.01021	0.01285	0.01204	0.00931	0.01222	0.00815	0.01191	0.00627	0.00443	0.00452	0.00148	0.00591	0.00403	0.00206	0.00546
18	0.00550	0.00403	0.00517	0.00609	0.00651	0.00370	0.00411	0.00633	0.00889	0.01165	0.02768	0.73517	0.13084	0.01384	0.00573	0.00180	0.00259	0.01245	0.00421	0.00370
19	0.01106	0.01087	0.01729	0.16244	0.63916	0.05271	0.01342	0.01373	0.01024	0.01407	0.00837	0.01120	0.00692	0.00415	0.00447	0.00136	0.00564	0.00398	0.00221	0.00672
20	0.01052	0.08312	0.37044	0.01653	0.25450	0.03648	0.03475	0.03844	0.05305	0.01492	0.03899	0.01125	0.00810	0.00451	0.00433	0.00137	0.00584	0.00382	0.00238	0.00667
21	0.09240	0.01568	0.01271	0.01050	0.01357	0.31596	0.00834	0.43706	0.01694	0.02130	0.00903	0.00956	0.00676	0.00504	0.00421	0.00129	0.00605	0.00350	0.00356	0.00654
22	0.67215	0.00950	0.00848	0.00787	0.05133	0.01078	0.00602	0.14325	0.01018	0.03483	0.00738	0.00828	0.00559	0.00443	0.00321	0.00139	0.00385	0.00284	0.00311	0.00554
23	0.03381	0.16630	0.15698	0.01172	0.05744	0.12301	0.07181	0.11041	0.15333	0.05684	0.01037	0.01097	0.00787	0.00475	0.00417	0.00132	0.00558	0.00376	0.00303	0.00653
24	0.01231	0.11085	0.05959	0.01961	0.41077	0.09655	0.08820	0.01561	0.06759	0.06201	0.00941	0.01110	0.00749	0.00432	0.00435	0.00132	0.00568	0.00393	0.00258	0.00672
25	0.00674	0.00480	0.00563	0.00531	0.00675	0.00420	0.00402	0.00839	0.01165	0.06299	0.39955	0.03739	0.40584	0.01010	0.00530	0.00147	0.00232	0.00863	0.00465	0.00427
26	0.01195	0.79357	0.02289	0.00769	0.01158	0.01722	0.00761	0.01344	0.00922	0.01091	0.00640	0.00740	0.00587	0.00385	0.00293	0.00095	0.00476	0.00244	0.00198	0.05735
27	0.01418	0.06259	0.22305	0.01448	0.10902	0.01247	0.09089	0.19257	0.10509	0.07716	0.02735	0.01420	0.01008	0.00601	0.00534	0.00171	0.01758	0.00468	0.00380	0.00775
28	0.01326	0.03503	0.05517	0.01737	0.22989	0.12940	0.19889	0.20138	0.03320	0.01739	0.00916	0.01088	0.00709	0.00453	0.00474	0.00137	0.01759	0.00415	0.00285	0.00668
29	0.00587	0.00475	0.00635	0.00634	0.00741	0.00427	0.05120	0.00708	0.00975	0.01254	0.10195	0.40179	0.32400	0.02761	0.00588	0.00172	0.00279	0.01064	0.00414	0.00392
30	0.01092	0.01163	0.13473	0.05343	0.38979	0.02894	0.04225	0.01376	0.01035	0.08072	0.02300	0.05701	0.01014	0.00536	0.00462	0.00141	0.00524	0.05592	0.00276	0.05800
31	0.01243	0.04157	0.33445	0.01417	0.07565	0.24767	0.12134	0.07345	0.01159	0.01441	0.00813	0.00968	0.00618	0.00440	0.00438	0.00135	0.00699	0.00358	0.00231	0.00628
32	0.01077	0.21994	0.51578	0.01155	0.01717	0.01273	0.03363	0.10151	0.01082	0.01505	0.00802	0.00923	0.00601	0.00432	0.00402	0.00132	0.00608	0.00326	0.00222	0.00658
33	0.01166	0.04133	0.08270	0.03039	0.25514	0.05404	0.21140	0.04731	0.02209	0.05637	0.00911	0.01107	0.00709	0.00417	0.00461	0.00130	0.01703	0.00405	0.00258	0.12656

[dist]
# distance from previous block
# <min> <max>
1	23

[block]
# block no. 5 follows, 57 sequences, length 13
# corresponding to MSA columns:
# 373-385
name=unknown_F
#
# <colnr> <probs for GDERKNQSTAVLIFYWHMCP>
#	G	D	E	R	K	N	Q	S	T	A	V	L	I	F	Y	W	H	M	C	P
0	0.06902	0.47075	0.18598	0.00988	0.01414	0.10735	0.06037	0.01429	0.00969	0.01236	0.00695	0.00817	0.00581	0.00407	0.00348	0.00115	0.00570	0.00286	0.00206	0.00589
1	0.01107	0.53924	0.16638	0.00925	0.01347	0.01459	0.06631	0.01337	0.00957	0.03169	0.01061	0.01145	0.07685	0.00466	0.00360	0.00115	0.00514	0.00349	0.00225	0.00587
2	0.00599	0.00448	0.00545	0.00585	0.00670	0.00412	0.00428	0.00721	0.00989	0.01286	0.16107	0.27249	0.26033	0.09915	0.00747	0.00198	0.00285	0.11986	0.00418	0.00379
3	0.00603	0.00476	0.00707	0.00719	0.00793	0.00442	0.07374	0.00707	0.00887	0.01171	0.02477	0.64196	0.09692	0.06633	0.00682	0.00195	0.00315	0.01152	0.00394	0.00385
4	0.01541	0.08515	0.01310	0.00967	0.01289	0.08308	0.00790	0.34594	0.24355	0.11648	0.01315	0.01260	0.00956	0.00546	0.00438	0.00136	0.00471	0.00419	0.00426	0.00717
5	0.01144	0.05270	0.04319	0.01721	0.08162	0.03904	0.52240	0.03851	0.10003	0.03247	0.01016	0.01226	0.00768	0.00423	0.00497	0.00147	0.00671	0.00489	0.00266	0.00637
6	0.00567	0.00405	0.00543	0.00648	0.00681	0.00381	0.00447	0.00657	0.00882	0.01173	0.02489	0.77165	0.02964	0.01406	0.00582	0.00186	0.00276	0.07755	0.00420	0.00372
7	0.00588	0.00417	0.00551	0.00646	0.00680	0.00397	0.00449	0.00677	0.00871	0.01156	0.02376	0.64625	0.02806	0.09752	0.00760	0.00213	0.00302	0.11965	0.00405	0.00365
8	0.07703	0.14524	0.05551	0.01235	0.13234	0.23037	0.00913	0.12229	0.01252	0.14803	0.00945	0.01006	0.00711	0.00466	0.00402	0.00126	0.00567	0.00342	0.00311	0.00642
9	0.20911	0.07654	0.07043	0.01452	0.08726	0.04387	0.33385	0.08370	0.01082	0.01668	0.00823	0.01019	0.00633	0.00414	0.00431	0.00140	0.00600	0.00401	0.00255	0.00605
10	0.00609	0.00433	0.00579	0.00676	0.00721	0.00416	0.00494	0.00717	0.00899	0.01189	0.02385	0.55816	0.02783	0.07960	0.00729	0.00211	0.00319	0.22281	0.00408	0.00374
11	0.19070	0.10772	0.06544	0.00753	0.00996	0.09698	0.00641	0.03024	0.06164	0.05165	0.20472	0.04509	0.01716	0.07964	0.00579	0.00162	0.00416	0.00498	0.00344	0.00512
12	0.16799	0.17740	0.08153	0.00839	0.01142	0.08464	0.00746	0.16133	0.01173	0.05601	0.01261	0.14702	0.04211	0.00643	0.00408	0.00137	0.00458	0.00498	0.00326	0.00570

[dist]
# distance from previous block
# <min> <max>
3	19

[block]
# block no. 6 follows, 57 sequences, length 40
# corresponding to MSA columns:
# 416-427,432-459
name=unknown_G
#
# <colnr> <probs for GDERKNQSTAVLIFYWHMCP>
#	G	D	E	R	K	N	Q	S	T	A	V	L	I	F	Y	W	H	M	C	P
0	0.13901	0.44831	0.19689	0.00880	0.01294	0.04320	0.00930	0.02770	0.00953	0.01351	0.02609	0.00979	0.00715	0.00446	0.00343	0.00119	0.00510	0.02554	0.00226	0.00581
1	0.14803	0.18549	0.25320	0.00920	0.02447	0.04092	0.00938	0.03123	0.00940	0.01406	0.02098	0.05371	0.01036	0.08939	0.00593	0.00170	0.00507	0.07950	0.00260	0.00539
2	0.25022	0.32039	0.05354	0.00825	0.01156	0.13473	0.00747	0.03374	0.03610	0.06396	0.00838	0.01009	0.00696	0.00465	0.00345	0.00124	0.00494	0.03196	0.00270	0.00567
3	0.06005	0.00516	0.00650	0.00708	0.00826	0.00506	0.00589	0.00883	0.01045	0.01425	0.13320	0.09841	0.15804	0.01151	0.00574	0.00185	0.00344	0.44795	0.00421	0.00414
4	0.08906	0.36279	0.15718	0.00931	0.01348	0.01465	0.00930	0.24206	0.03396	0.01759	0.00828	0.00899	0.00649	0.00450	0.00366	0.00122	0.00506	0.00314	0.00284	0.00648
5	0.07701	0.19157	0.01663	0.01585	0.28465	0.28110	0.01000	0.04836	0.01119	0.01368	0.00748	0.00907	0.00630	0.00428	0.00390	0.00121	0.00604	0.00321	0.00235	0.00611
6	0.01289	0.00662	0.00839	0.00754	0.00965	0.00631	0.00583	0.01617	0.14420	0.35539	0.02149	0.26379	0.05217	0.02529	0.00541	0.00165	0.00340	0.04295	0.00484	0.00599
7	0.00543	0.00430	0.00489	0.00537	0.00633	0.00376	0.00379	0.00642	0.00958	0.01194	0.03643	0.40315	0.45722	0.01271	0.00555	0.00167	0.00245	0.01107	0.00421	0.00376
8	0.03159	0.00680	0.00863	0.00837	0.03576	0.03591	0.05409	0.03876	0.11079	0.04218	0.21488	0.30914	0.04183	0.00976	0.00555	0.02511	0.00341	0.00845	0.00416	0.00486
9	0.07009	0.26790	0.11272	0.01273	0.15019	0.17212	0.00991	0.07710	0.04477	0.03143	0.00816	0.00927	0.00659	0.00439	0.00380	0.00122	0.00566	0.00320	0.00252	0.00623
10	0.00668	0.00496	0.00647	0.00725	0.00835	0.00475	0.00610	0.00842	0.01026	0.01307	0.02947	0.11402	0.21969	0.01240	0.00600	0.00193	0.00358	0.52838	0.00418	0.00405
11	0.00551	0.00398	0.00522	0.00620	0.00654	0.00369	0.00416	0.00632	0.00878	0.01161	0.02626	0.78887	0.07806	0.01403	0.00576	0.00182	0.00261	0.01268	0.00421	0.00369
12	0.01325	0.16375	0.22405	0.01089	0.01461	0.35493	0.01037	0.04921	0.05657	0.01307	0.00876	0.04443	0.00737	0.00496	0.00406	0.00126	0.00657	0.00354	0.00246	0.00587
13	0.01065	0.01275	0.07106	0.01944	0.08605	0.01135	0.68962	0.01446	0.01060	0.01453	0.00906	0.01199	0.00683	0.00386	0.00522	0.00151	0.00741	0.00513	0.00227	0.00623
14	0.00661	0.00472	0.00650	0.00755	0.00829	0.00462	0.00609	0.00818	0.00974	0.01278	0.02438	0.35880	0.02760	0.01317	0.00607	0.00199	0.00357	0.48118	0.00419	0.00398
15	0.01682	0.01207	0.01300	0.01005	0.01354	0.01328	0.00828	0.70887	0.04754	0.06067	0.01158	0.01150	0.00821	0.00547	0.00449	0.00136	0.00478	0.00414	0.03679	0.00756
16	0.01713	0.01286	0.01329	0.01034	0.01385	0.05962	0.00848	0.68858	0.04972	0.06327	0.01126	0.01116	0.00799	0.00543	0.00451	0.00136	0.00506	0.00407	0.00446	0.00755
17	0.01109	0.01063	0.01816	0.06697	0.77434	0.01073	0.01384	0.01379	0.01026	0.01465	0.00850	0.01126	0.00712	0.00406	0.00449	0.00135	0.00542	0.00404	0.00223	0.00707
18	0.01015	0.13439	0.57227	0.01371	0.09483	0.05420	0.03140	0.01440	0.00979	0.01372	0.00788	0.00939	0.00592	0.00423	0.00414	0.00135	0.00641	0.00331	0.00198	0.00653
19	0.00619	0.00462	0.00574	0.00546	0.00663	0.00418	0.00410	0.00811	0.01229	0.01689	0.64515	0.03595	0.20850	0.00974	0.00535	0.00145	0.00217	0.00849	0.00482	0.00418
20	0.00564	0.00407	0.00536	0.00636	0.00675	0.00380	0.00438	0.00654	0.00889	0.01175	0.02610	0.73713	0.07412	0.01392	0.00579	0.00184	0.00272	0.06692	0.00420	0.00372
21	0.00655	0.00483	0.00717	0.00717	0.00799	0.00561	0.00557	0.00818	0.00737	0.01076	0.01224	0.01777	0.01134	0.03291	0.79220	0.00705	0.01176	0.00483	0.03466	0.00405
22	0.00985	0.05166	0.47429	0.01493	0.03286	0.01122	0.27848	0.01452	0.02716	0.01430	0.00860	0.01056	0.00633	0.00423	0.00481	0.00146	0.02216	0.00405	0.00211	0.00645
23	0.00988	0.00834	0.00966	0.00694	0.01094	0.00653	0.00557	0.05983	0.01013	0.01562	0.00823	0.00949	0.00677	0.00348	0.00343	0.00071	0.00346	0.00277	0.00280	0.81543
24	0.00652	0.00486	0.00627	0.00703	0.00809	0.00462	0.00581	0.00816	0.01014	0.01291	0.03003	0.16503	0.23781	0.01248	0.00595	0.00190	0.00344	0.46075	0.00419	0.00401
25	0.01122	0.01124	0.01670	0.07804	0.63499	0.08757	0.01268	0.01369	0.01048	0.01408	0.01065	0.01298	0.05647	0.00459	0.00450	0.00135	0.00550	0.00427	0.00236	0.00665
26	0.01070	0.41440	0.35560	0.01109	0.01622	0.01416	0.09350	0.01399	0.00951	0.01260	0.00736	0.00874	0.00589	0.00405	0.00375	0.00122	0.00591	0.00311	0.00196	0.00621
27	0.00685	0.00504	0.00664	0.00751	0.00834	0.00505	0.00590	0.00929	0.07871	0.01314	0.02395	0.40059	0.02676	0.01272	0.00590	0.00193	0.00343	0.36982	0.00423	0.00421
28	0.01137	0.01231	0.01626	0.05626	0.03358	0.18857	0.23395	0.04970	0.01022	0.01285	0.00857	0.01175	0.00724	0.01018	0.14863	0.00253	0.17403	0.00430	0.00235	0.00537
29	0.07901	0.09325	0.05719	0.00862	0.01142	0.01968	0.03294	0.14554	0.20331	0.04902	0.06528	0.06864	0.11378	0.00683	0.00474	0.00145	0.02389	0.00553	0.00385	0.00602
30	0.01045	0.07336	0.40941	0.01857	0.34086	0.04149	0.01469	0.01426	0.00997	0.01416	0.00813	0.01003	0.00633	0.00418	0.00428	0.00136	0.00609	0.00355	0.00206	0.00678
31	0.00646	0.00448	0.00561	0.00570	0.00594	0.00467	0.00367	0.00697	0.00697	0.00951	0.01466	0.09938	0.01630	0.54746	0.23828	0.00495	0.00633	0.00669	0.00279	0.00318
32	0.08003	0.00932	0.05580	0.00812	0.01152	0.00818	0.03601	0.04275	0.19808	0.04830	0.08332	0.01423	0.02640	0.00500	0.00404	0.00115	0.00372	0.00412	0.00350	0.35641
33	0.02394	0.10589	0.24078	0.03556	0.12086	0.03450	0.09133	0.04621	0.07600	0.13122	0.02572	0.01248	0.02574	0.00482	0.00437	0.00138	0.00549	0.00411	0.00299	0.00661
34	0.00753	0.00413	0.00608	0.00608	0.00622	0.00428	0.00416	0.00635	0.00620	0.00841	0.00911	0.01566	0.00912	0.07975	0.16214	0.65055	0.00544	0.00430	0.00211	0.00240
35	0.00613	0.00442	0.00559	0.00630	0.00686	0.00420	0.00455	0.00712	0.00890	0.01158	0.02538	0.38747	0.12873	0.17648	0.00925	0.00236	0.00330	0.19383	0.00391	0.00363
36	0.02647	0.11255	0.31372	0.01598	0.22228	0.03486	0.08035	0.03050	0.01046	0.09766	0.00911	0.01051	0.00681	0.00431	0.00428	0.00135	0.00588	0.00370	0.00250	0.00672
37	0.02637	0.11242	0.34679	0.04173	0.05367	0.07484	0.07474	0.01492	0.02465	0.10310	0.05132	0.03656	0.00932	0.00497	0.00433	0.00138	0.00580	0.00411	0.00270	0.00627
38	0.01443	0.01758	0.02758	0.01277	0.08450	0.54558	0.02229	0.01590	0.01139	0.01168	0.00743	0.00934	0.00634	0.00654	0.05186	0.00160	0.09694	0.00328	0.00230	0.05066
39	0.18458	0.01308	0.20772	0.03924	0.24984	0.01033	0.05100	0.06625	0.03055	0.05557	0.00957	0.04575	0.00770	0.00480	0.00421	0.00142	0.00519	0.00405	0.00273	0.00640

[dist]
# distance from previous block
# <min> <max>
1	15

[block]
# block no. 7 follows, 57 sequences, length 28
# corresponding to MSA columns:
# 475,476,478-503
name=unknown_H
#
# <colnr> <probs for GDERKNQSTAVLIFYWHMCP>
#	G	D	E	R	K	N	Q	S	T	A	V	L	I	F	Y	W	H	M	C	P
0	0.01307	0.12475	0.14964	0.07414	0.17746	0.02439	0.06769	0.06814	0.03513	0.18019	0.01052	0.01146	0.00768	0.00455	0.00429	0.00133	0.00533	0.00388	0.00307	0.03329
1	0.02453	0.24655	0.41639	0.01065	0.01570	0.01224	0.02939	0.05531	0.01025	0.04428	0.03401	0.02128	0.00763	0.00461	0.00415	0.00129	0.02065	0.00348	0.00238	0.03522
2	0.01170	0.08475	0.20948	0.01777	0.29284	0.14026	0.08727	0.04332	0.01089	0.01419	0.00876	0.01167	0.00725	0.00456	0.00440	0.00135	0.00625	0.03452	0.00232	0.00644
3	0.00712	0.00584	0.00761	0.03049	0.00879	0.00649	0.00591	0.02615	0.00901	0.01191	0.02394	0.08188	0.26136	0.05536	0.15622	0.02892	0.14512	0.12043	0.00331	0.00411
4	0.05969	0.17204	0.15815	0.01156	0.09856	0.01156	0.04010	0.11960	0.05168	0.11755	0.03562	0.01135	0.00853	0.00475	0.00427	0.00129	0.02117	0.00374	0.00312	0.06567
5	0.01185	0.03696	0.01204	0.17322	0.08481	0.24170	0.00879	0.04714	0.16544	0.01446	0.05745	0.04184	0.03104	0.00567	0.00441	0.00137	0.00541	0.00456	0.04616	0.00567
6	0.00648	0.00484	0.00721	0.00721	0.00799	0.00562	0.00557	0.00804	0.00726	0.01046	0.01221	0.01819	0.01150	0.06041	0.79659	0.00719	0.01188	0.00491	0.00244	0.00400
7	0.01068	0.01093	0.05270	0.23392	0.12280	0.06432	0.10031	0.06058	0.18420	0.01508	0.01212	0.03756	0.02206	0.00549	0.00492	0.00150	0.02378	0.02803	0.00297	0.00607
8	0.01187	0.03113	0.05449	0.07389	0.44057	0.12775	0.11655	0.02880	0.01080	0.02864	0.00888	0.02977	0.00738	0.00443	0.00453	0.00136	0.00608	0.00419	0.00237	0.00651
9	0.01070	0.01222	0.02674	0.01910	0.02368	0.01146	0.79603	0.01451	0.01070	0.01451	0.00917	0.01222	0.00688	0.00382	0.00535	0.00153	0.00764	0.00535	0.00229	0.00611
10	0.00736	0.00584	0.00720	0.03195	0.00847	0.04873	0.00542	0.02267	0.00814	0.01112	0.02694	0.06293	0.01402	0.18356	0.46196	0.00528	0.00873	0.04378	0.03194	0.00395
11	0.06553	0.15326	0.27177	0.03362	0.03223	0.02357	0.03413	0.06380	0.04182	0.16976	0.02446	0.02399	0.00886	0.00509	0.00419	0.00137	0.00521	0.02774	0.00313	0.00648
12	0.00614	0.00483	0.00577	0.00640	0.03394	0.00446	0.00440	0.00795	0.05038	0.01316	0.10896	0.33143	0.34423	0.01157	0.00539	0.00162	0.00260	0.02252	0.03013	0.00412
13	0.00761	0.00594	0.00685	0.00639	0.00792	0.00599	0.00485	0.03310	0.18823	0.01727	0.42500	0.05805	0.17657	0.00895	0.00512	0.00147	0.00258	0.00772	0.02546	0.00491
14	0.13551	0.05427	0.06290	0.04065	0.12235	0.30672	0.05653	0.05718	0.08076	0.01500	0.00865	0.00994	0.00684	0.00458	0.00406	0.00131	0.00611	0.00347	0.01726	0.00590
15	0.01117	0.16396	0.20649	0.07527	0.10518	0.06193	0.16181	0.07133	0.01083	0.02638	0.00931	0.05900	0.00781	0.00483	0.00438	0.00137	0.00603	0.00430	0.00244	0.00618
16	0.00544	0.00453	0.00475	0.00483	0.00621	0.00384	0.00357	0.00662	0.01034	0.01258	0.09587	0.11851	0.68415	0.01158	0.00540	0.00155	0.00232	0.00979	0.00426	0.00384
17	0.00623	0.00470	0.00579	0.00573	0.00685	0.00432	0.00430	0.00823	0.03035	0.01582	0.48383	0.12533	0.22111	0.01042	0.00543	0.00153	0.00237	0.04885	0.00467	0.00417
18	0.08815	0.11204	0.05578	0.02894	0.07824	0.05543	0.05138	0.06906	0.06236	0.25567	0.02438	0.06093	0.01015	0.00554	0.00450	0.00139	0.02140	0.00449	0.00371	0.00648
19	0.00710	0.00600	0.00791	0.06071	0.11790	0.00585	0.00605	0.00968	0.07145	0.01441	0.21235	0.10452	0.32726	0.00937	0.00518	0.00152	0.00307	0.02094	0.00401	0.00471
20	0.00651	0.00455	0.00584	0.00587	0.00619	0.00485	0.00390	0.00715	0.00692	0.00953	0.01380	0.05073	0.01495	0.50800	0.32643	0.00541	0.00728	0.00613	0.00267	0.00327
21	0.01017	0.16616	0.62200	0.01193	0.01782	0.06940	0.01461	0.01448	0.00974	0.01348	0.00773	0.00907	0.00576	0.00426	0.00405	0.00133	0.00648	0.00316	0.00195	0.00644
22	0.01244	0.08869	0.02794	0.15809	0.14573	0.02283	0.00926	0.16556	0.04203	0.12480	0.01301	0.10835	0.02660	0.00609	0.00465	0.00142	0.01606	0.00511	0.01508	0.00626
23	0.01124	0.14928	0.22929	0.01059	0.06533	0.01045	0.02512	0.08619	0.02320	0.05826	0.00879	0.00984	0.00678	0.00410	0.00384	0.00110	0.00489	0.00323	0.00268	0.28581
24	0.08456	0.42484	0.09716	0.00967	0.03747	0.08783	0.02765	0.08481	0.06878	0.01441	0.02038	0.00926	0.00713	0.00441	0.00356	0.00118	0.00518	0.00312	0.00254	0.00607
25	0.00658	0.00494	0.00721	0.00715	0.00785	0.00575	0.00546	0.00800	0.00720	0.01034	0.01220	0.01887	0.01174	0.12067	0.71459	0.00683	0.03321	0.00502	0.00245	0.00393
26	0.01379	0.19697	0.11637	0.02945	0.01414	0.15454	0.00926	0.21190	0.16045	0.03499	0.01034	0.01070	0.00789	0.00493	0.00408	0.00129	0.00547	0.00362	0.00323	0.00657
27	0.03051	0.43590	0.10253	0.00969	0.01329	0.29991	0.00901	0.03052	0.01073	0.01174	0.00683	0.00790	0.00583	0.00424	0.00350	0.00110	0.00619	0.00273	0.00214	0.00573

[dist]
# distance from previous block
# <min> <max>
1	3

[block]
# block no. 8 follows, 57 sequences, length 27
# corresponding to MSA columns:
# 507-533
name=unknown_I
#
# <colnr> <probs for GDERKNQSTAVLIFYWHMCP>
#	G	D	E	R	K	N	Q	S	T	A	V	L	I	F	Y	W	H	M	C	P
0	0.04113	0.02731	0.14077	0.03420	0.25953	0.00940	0.03142	0.01513	0.10697	0.11344	0.05729	0.07588	0.01182	0.00565	0.00472	0.00142	0.02012	0.00493	0.00322	0.03564
1	0.01004	0.18271	0.01480	0.01130	0.09895	0.02882	0.09016	0.01221	0.03830	0.04014	0.01007	0.01382	0.00896	0.07351	0.19824	0.00297	0.10820	0.00425	0.04726	0.00527
2	0.00964	0.00926	0.01482	0.51680	0.21593	0.03304	0.02997	0.02662	0.00973	0.01287	0.03108	0.01226	0.00740	0.00472	0.00507	0.00148	0.04735	0.00415	0.00221	0.00560
3	0.07325	0.26474	0.23901	0.01153	0.07154	0.04479	0.04838	0.10322	0.02666	0.06472	0.00860	0.00956	0.00658	0.00439	0.00388	0.00127	0.00550	0.00333	0.00262	0.00644
4	0.00899	0.01437	0.32263	0.07787	0.07715	0.00946	0.20119	0.01254	0.00934	0.01320	0.01029	0.01424	0.02591	0.09777	0.08328	0.00233	0.00694	0.00457	0.00223	0.00572
5	0.00582	0.00457	0.00526	0.00516	0.00643	0.00401	0.00384	0.00738	0.01132	0.01477	0.37496	0.08309	0.43589	0.01067	0.00537	0.00150	0.00225	0.00915	0.00454	0.00401
6	0.08599	0.01330	0.01109	0.00968	0.01240	0.25585	0.00755	0.09733	0.33527	0.10517	0.01318	0.01272	0.00979	0.00541	0.00429	0.00138	0.00513	0.00407	0.00388	0.00652
7	0.03687	0.23973	0.11874	0.02560	0.05399	0.03070	0.05077	0.11789	0.12357	0.10622	0.02493	0.03263	0.00916	0.00505	0.00410	0.00131	0.00494	0.00402	0.00324	0.00653
8	0.00677	0.00530	0.00766	0.03815	0.12377	0.00520	0.00601	0.02419	0.00916	0.01234	0.02131	0.62391	0.02481	0.04174	0.00616	0.00185	0.00330	0.03028	0.00380	0.00429
9	0.00559	0.00404	0.00531	0.00630	0.00667	0.00376	0.00430	0.00646	0.00885	0.01170	0.02619	0.75432	0.07666	0.01396	0.00578	0.00183	0.00268	0.04769	0.00420	0.00371
10	0.01081	0.49076	0.36506	0.00997	0.01506	0.01474	0.01162	0.01390	0.00936	0.01225	0.00709	0.00826	0.00578	0.00406	0.00351	0.00117	0.00564	0.00282	0.00193	0.00619
11	0.02389	0.05222	0.33666	0.04243	0.10289	0.02120	0.09078	0.17098	0.02788	0.07391	0.00960	0.01077	0.00695	0.00457	0.00442	0.00140	0.00592	0.00385	0.00284	0.00683
12	0.00576	0.00411	0.00553	0.00658	0.00695	0.00389	0.00462	0.00672	0.00891	0.01183	0.02484	0.73226	0.02945	0.01397	0.00585	0.00187	0.00284	0.11606	0.00420	0.00375
13	0.00985	0.01813	0.44323	0.01584	0.02154	0.01097	0.38546	0.01443	0.01010	0.01443	0.00862	0.01082	0.00628	0.00408	0.00480	0.00148	0.00714	0.00429	0.00209	0.00642
14	0.01075	0.02838	0.29575	0.04480	0.05182	0.03894	0.32165	0.07226	0.01083	0.01500	0.00855	0.01081	0.00642	0.00443	0.00540	0.00148	0.05986	0.00425	0.00229	0.00633
15	0.00690	0.00496	0.00620	0.00672	0.00736	0.00489	0.00465	0.09660	0.01003	0.01339	0.02294	0.71090	0.02689	0.04646	0.00634	0.00189	0.00297	0.01162	0.00418	0.00410
16	0.87276	0.00876	0.00666	0.00596	0.00876	0.01017	0.00491	0.01332	0.00771	0.02033	0.00631	0.00736	0.00491	0.00421	0.00280	0.00140	0.00351	0.00245	0.00280	0.00491
17	0.01186	0.36835	0.08928	0.01074	0.01439	0.09611	0.14650	0.02744	0.01043	0.04906	0.01021	0.01522	0.00922	0.00534	0.00417	0.00132	0.00570	0.11632	0.00257	0.00577
18	0.01286	0.01031	0.01117	0.00855	0.01215	0.02880	0.00690	0.33959	0.07417	0.02064	0.01048	0.03487	0.00832	0.00478	0.00403	0.00107	0.00414	0.00375	0.00364	0.39977
19	0.00940	0.00805	0.00940	0.00671	0.01074	0.00604	0.00537	0.01141	0.00940	0.01477	0.00805	0.00940	0.00671	0.00336	0.00336	0.00067	0.00336	0.00268	0.00268	0.86845
20	0.00899	0.00836	0.05933	0.00938	0.09022	0.03536	0.00692	0.06402	0.10453	0.02925	0.36290	0.02575	0.09452	0.00764	0.00494	0.00142	0.00348	0.03416	0.00416	0.04466
21	0.03230	0.10370	0.33409	0.04630	0.03696	0.09594	0.01189	0.21377	0.01298	0.05751	0.00898	0.00991	0.00656	0.00465	0.00419	0.00134	0.00595	0.00348	0.00284	0.00666
22	0.00906	0.00789	0.01140	0.03478	0.31743	0.03145	0.00861	0.07167	0.01055	0.01432	0.03911	0.38848	0.01856	0.00896	0.00509	0.00157	0.00410	0.00816	0.00339	0.00543
23	0.28632	0.00748	0.00811	0.00792	0.05171	0.01800	0.00595	0.06536	0.01111	0.09429	0.21558	0.04041	0.03849	0.00713	0.00442	0.00148	0.00348	0.10291	0.00394	0.02590
24	0.30815	0.00947	0.00842	0.00770	0.02315	0.13238	0.03883	0.05058	0.02261	0.01480	0.01120	0.04060	0.03236	0.27084	0.00985	0.00234	0.00472	0.00462	0.00288	0.00447
25	0.08931	0.28589	0.08199	0.01059	0.03698	0.25067	0.04734	0.09206	0.01151	0.01412	0.00795	0.01001	0.00674	0.00464	0.00380	0.00122	0.00599	0.03089	0.00249	0.00582
26	0.09637	0.13316	0.01273	0.00999	0.06357	0.18378	0.00747	0.14718	0.06732	0.06718	0.02799	0.09700	0.01070	0.03410	0.00479	0.00142	0.00500	0.00459	0.00332	0.02234

[dist]
# distance from previous block
# <min> <max>
4	31

[block]
# block no. 9 follows, 57 sequences, length 7
# corresponding to MSA columns:
# 568-574
name=unknown_J
#
# <colnr> <probs for GDERKNQSTAVLIFYWHMCP>
#	G	D	E	R	K	N	Q	S	T	A	V	L	I	F	Y	W	H	M	C	P
0	0.12498	0.10269	0.08984	0.00912	0.03020	0.23016	0.00756	0.03371	0.01055	0.04376	0.03723	0.20334	0.04499	0.00715	0.00433	0.00140	0.00504	0.00570	0.00308	0.00516
1	0.00798	0.00630	0.00738	0.00678	0.00871	0.02886	0.00513	0.00939	0.00931	0.03311	0.01779	0.28601	0.04500	0.07395	0.00621	0.00160	0.00344	0.11807	0.00351	0.32145
2	0.23274	0.02768	0.13519	0.00943	0.06278	0.00856	0.03335	0.03331	0.00967	0.09463	0.01029	0.08836	0.00879	0.00509	0.00387	0.00125	0.00423	0.00408	0.00302	0.22368
3	0.09531	0.25432	0.11122	0.01094	0.07484	0.21396	0.00921	0.01601	0.04585	0.09174	0.00853	0.00939	0.00672	0.00456	0.00407	0.00124	0.03028	0.00316	0.00262	0.00602
4	0.00643	0.08399	0.00708	0.00606	0.00703	0.00529	0.00448	0.00752	0.00944	0.01224	0.11351	0.39127	0.17971	0.08438	0.00692	0.00189	0.00298	0.06188	0.00395	0.00393
5	0.06257	0.37768	0.15085	0.00961	0.05629	0.04210	0.00890	0.04525	0.00984	0.01336	0.00890	0.08715	0.00829	0.00499	0.00365	0.00117	0.00486	0.00378	0.00242	0.09833
6	0.07865	0.01235	0.01733	0.02300	0.56697	0.13235	0.07567	0.01454	0.01052	0.01465	0.00818	0.01054	0.00678	0.00413	0.00437	0.00134	0.00584	0.00385	0.00230	0.00663

[dist]
# distance from previous block
# <min> <max>
0	1

[block]
# block no. 10 follows, 57 sequences, length 8
# corresponding to MSA columns:
# 576-583
name=unknown_K
#
# <colnr> <probs for GDERKNQSTAVLIFYWHMCP>
#	G	D	E	R	K	N	Q	S	T	A	V	L	I	F	Y	W	H	M	C	P
0	0.00681	0.06867	0.00725	0.00684	0.00765	0.04739	0.00503	0.00784	0.00923	0.01174	0.02367	0.59601	0.06948	0.01257	0.00551	0.00175	0.00325	0.10138	0.00393	0.00399
1	0.01090	0.09142	0.33749	0.01310	0.01796	0.01054	0.24195	0.01487	0.03292	0.10434	0.01094	0.07377	0.00877	0.00507	0.00463	0.00145	0.00609	0.00476	0.00269	0.00634
2	0.01095	0.34131	0.36944	0.01150	0.01658	0.06658	0.09786	0.01431	0.00976	0.01272	0.00746	0.00887	0.00590	0.00411	0.00386	0.00125	0.00618	0.00318	0.00199	0.00620
3	0.28892	0.01192	0.00985	0.00869	0.01140	0.17675	0.00683	0.06682	0.29615	0.06198	0.01173	0.01161	0.00882	0.00515	0.00392	0.00140	0.00460	0.00372	0.00362	0.00612
4	0.00845	0.00422	0.00422	0.00422	0.00528	0.00422	0.00317	0.01056	0.00950	0.01689	0.01478	0.01689	0.01161	0.00528	0.00317	0.00106	0.00211	0.00422	0.86591	0.00422
5	0.01270	0.01149	0.01682	0.01919	0.38546	0.10404	0.13336	0.01518	0.01088	0.11573	0.00957	0.01130	0.00742	0.00418	0.00443	0.00127	0.00559	0.00399	0.00275	0.12465
6	0.01108	0.01221	0.02271	0.01664	0.02078	0.05865	0.59840	0.01592	0.12276	0.01495	0.01029	0.01250	0.00779	0.00417	0.00507	0.00146	0.00688	0.00504	0.00264	0.05006
7	0.01081	0.01174	0.02353	0.01718	0.02137	0.01142	0.64256	0.01638	0.16509	0.01538	0.01097	0.01313	0.00823	0.00427	0.00520	0.00153	0.00685	0.00530	0.00274	0.00632

[dist]
# distance from previous block
# <min> <max>
0	0

# created by:
# /st0/software/busco_prod/Augustus/scripts/msa2prfl.pl ./align_prep/31067.fa
