[name]
unknown

[dist]
# distance from previous block
# <min> <max>
0	19

[block]
# block no. 0 follows, 64 sequences, length 39
# corresponding to MSA columns:
# 19-57
name=unknown_A
#
# <colnr> <probs for GDERKNQSTAVLIFYWHMCP>
#	G	D	E	R	K	N	Q	S	T	A	V	L	I	F	Y	W	H	M	C	P
0	0.01579	0.01163	0.01247	0.00956	0.01288	0.01288	0.00789	0.81426	0.01953	0.02618	0.00997	0.00997	0.00706	0.00499	0.00416	0.00125	0.00457	0.00374	0.00416	0.00706
1	0.00980	0.01120	0.02451	0.01751	0.02171	0.01050	0.81303	0.01331	0.00980	0.01331	0.00840	0.01120	0.00630	0.00350	0.00490	0.00140	0.00700	0.00490	0.00210	0.00560
2	0.01551	0.01150	0.01231	0.00950	0.01278	0.01275	0.00783	0.77414	0.06010	0.02573	0.01032	0.01025	0.00735	0.00502	0.00416	0.00125	0.00451	0.00379	0.00416	0.00704
3	0.00506	0.00361	0.00482	0.00578	0.00602	0.00337	0.00386	0.00578	0.00795	0.01060	0.02289	0.85131	0.02747	0.01301	0.00530	0.00169	0.00241	0.01181	0.00386	0.00337
4	0.00845	0.00800	0.01355	0.64082	0.22710	0.00939	0.01184	0.01114	0.00859	0.01135	0.00749	0.01088	0.00580	0.00404	0.00414	0.00135	0.00539	0.00369	0.00190	0.00510
5	0.00861	0.00738	0.00861	0.00615	0.00984	0.00554	0.00492	0.01046	0.00861	0.01354	0.00738	0.00861	0.00615	0.00308	0.00308	0.00062	0.00308	0.00246	0.00246	0.87941
6	0.00593	0.00445	0.00668	0.00668	0.00742	0.00519	0.00519	0.00742	0.00668	0.00964	0.01113	0.01632	0.01038	0.03115	0.83756	0.00668	0.01113	0.00445	0.00223	0.00371
7	0.00506	0.00361	0.00482	0.00578	0.00602	0.00337	0.00386	0.00578	0.00795	0.01060	0.02289	0.85131	0.02747	0.01301	0.00530	0.00169	0.00241	0.01181	0.00386	0.00337
8	0.01200	0.02746	0.01114	0.00945	0.01191	0.20683	0.05039	0.08908	0.46317	0.02862	0.01331	0.03700	0.01036	0.00531	0.00414	0.00131	0.00460	0.00430	0.00357	0.00604
9	0.01700	0.00697	0.00919	0.00722	0.01018	0.00627	0.00591	0.01947	0.07878	0.69622	0.03841	0.01479	0.01129	0.00526	0.00413	0.00128	0.00338	0.00429	0.05319	0.00677
10	0.00588	0.00425	0.00555	0.00523	0.00621	0.00392	0.00392	0.00784	0.01176	0.01666	0.82592	0.03103	0.03919	0.00849	0.00490	0.00131	0.00196	0.00751	0.00457	0.00392
11	0.04646	0.00815	0.05540	0.76321	0.02714	0.00925	0.01143	0.01082	0.00828	0.01110	0.00732	0.01076	0.00548	0.00413	0.00407	0.00138	0.00547	0.00360	0.00187	0.00469
12	0.01056	0.00739	0.00951	0.00809	0.00979	0.00820	0.03561	0.17322	0.08998	0.12503	0.03386	0.03878	0.01103	0.11316	0.20766	0.00299	0.10202	0.00470	0.00330	0.00514
13	0.01579	0.01163	0.01247	0.00956	0.01288	0.01288	0.00789	0.81426	0.01953	0.02618	0.00997	0.00997	0.00706	0.00499	0.00416	0.00125	0.00457	0.00374	0.00416	0.00706
14	0.00506	0.00361	0.00482	0.00578	0.00602	0.00337	0.00386	0.00578	0.00795	0.01060	0.02289	0.85131	0.02747	0.01301	0.00530	0.00169	0.00241	0.01181	0.00386	0.00337
15	0.04263	0.03672	0.21773	0.01122	0.01491	0.12752	0.16734	0.01669	0.27432	0.03313	0.01068	0.01126	0.00799	0.00447	0.00412	0.00131	0.00536	0.00388	0.00279	0.00593
16	0.04967	0.00715	0.00945	0.00731	0.01042	0.00638	0.00602	0.04770	0.01198	0.74035	0.04786	0.01439	0.01110	0.00522	0.00415	0.00128	0.00350	0.00422	0.00499	0.00685
17	0.01758	0.00676	0.00908	0.00705	0.01005	0.00589	0.00580	0.01922	0.01158	0.75206	0.01611	0.01427	0.01032	0.00511	0.00405	0.00125	0.00338	0.00415	0.08954	0.00676
18	0.00505	0.00381	0.00469	0.00538	0.00596	0.00344	0.00372	0.00590	0.00842	0.01082	0.02832	0.60319	0.25427	0.01227	0.00520	0.00161	0.00235	0.02831	0.00386	0.00342
19	0.01034	0.00913	0.00724	0.00673	0.00834	0.21384	0.00511	0.01453	0.21419	0.01463	0.01261	0.01349	0.00984	0.00490	0.00345	0.00110	0.00367	0.00378	0.43829	0.00479
20	0.00510	0.00365	0.00486	0.00576	0.00603	0.00340	0.00386	0.00589	0.00815	0.01091	0.06356	0.80977	0.02807	0.01278	0.00528	0.00167	0.00239	0.01159	0.00389	0.00340
21	0.01097	0.03815	0.38606	0.02303	0.01551	0.01072	0.06025	0.21820	0.14393	0.03778	0.00987	0.01043	0.00713	0.00448	0.00408	0.00131	0.00521	0.00363	0.00288	0.00639
22	0.01362	0.37904	0.01606	0.00916	0.01191	0.48489	0.00763	0.01481	0.01034	0.01000	0.00614	0.00714	0.00534	0.00397	0.00328	0.00099	0.00618	0.00248	0.00198	0.00504
23	0.00604	0.00403	0.00453	0.00453	0.00453	0.00403	0.00252	0.00604	0.00604	0.00805	0.01309	0.02718	0.01510	0.85402	0.02114	0.00403	0.00403	0.00604	0.00252	0.00252
24	0.04079	0.01037	0.01145	0.00876	0.01208	0.01096	0.00722	0.58379	0.01687	0.15584	0.01065	0.01043	0.00743	0.00479	0.00401	0.00119	0.00422	0.00364	0.00411	0.09142
25	0.01579	0.01163	0.01247	0.00956	0.01288	0.01288	0.00789	0.81426	0.01953	0.02618	0.00997	0.00997	0.00706	0.00499	0.00416	0.00125	0.00457	0.00374	0.00416	0.00706
26	0.00957	0.01162	0.07516	0.01679	0.02099	0.01023	0.73763	0.01307	0.00968	0.01321	0.00879	0.03679	0.00689	0.00382	0.00485	0.00140	0.00681	0.00500	0.00213	0.00557
27	0.00684	0.05706	0.26228	0.00755	0.01027	0.00657	0.00770	0.00975	0.05337	0.01283	0.14626	0.19863	0.16650	0.00807	0.00455	0.00141	0.00364	0.02885	0.00322	0.00463
28	0.00655	0.00440	0.00571	0.00529	0.00642	0.00402	0.00400	0.00844	0.01164	0.06265	0.73543	0.03057	0.08220	0.00842	0.00486	0.00131	0.00206	0.00739	0.00456	0.00407
29	0.00833	0.02149	0.83250	0.01184	0.01798	0.00965	0.01535	0.01315	0.00877	0.01315	0.00745	0.00877	0.00526	0.00395	0.00395	0.00132	0.00614	0.00307	0.00175	0.00614
30	0.00784	0.00738	0.01246	0.84404	0.02861	0.00923	0.01154	0.01061	0.00831	0.01061	0.00738	0.01107	0.00554	0.00415	0.00415	0.00138	0.00554	0.00369	0.00185	0.00461
31	0.00909	0.00909	0.01272	0.01091	0.01091	0.01272	0.00909	0.01000	0.00636	0.01000	0.00545	0.00909	0.00545	0.00727	0.01363	0.00182	0.84642	0.00364	0.00182	0.00454
32	0.01553	0.01948	0.01180	0.01066	0.01284	0.80513	0.00802	0.04775	0.01207	0.01079	0.00656	0.00759	0.00542	0.00431	0.00376	0.00108	0.00738	0.00272	0.00222	0.00490
33	0.00760	0.00686	0.01111	0.57771	0.05887	0.00827	0.00982	0.01044	0.04051	0.01125	0.06217	0.01341	0.00890	0.00903	0.14478	0.00227	0.00613	0.00411	0.00219	0.00458
34	0.00861	0.00738	0.00861	0.00615	0.00984	0.00554	0.00492	0.01046	0.00861	0.01354	0.00738	0.00861	0.00615	0.00308	0.00308	0.00062	0.00308	0.00246	0.00246	0.87941
35	0.00833	0.02149	0.83250	0.01184	0.01798	0.00965	0.01535	0.01315	0.00877	0.01315	0.00745	0.00877	0.00526	0.00395	0.00395	0.00132	0.00614	0.00307	0.00175	0.00614
36	0.00552	0.00423	0.00505	0.00484	0.00598	0.00376	0.00363	0.00714	0.01090	0.01462	0.53247	0.03438	0.33391	0.00925	0.00490	0.00134	0.00201	0.00798	0.00430	0.00376
37	0.00833	0.02149	0.83250	0.01184	0.01798	0.00965	0.01535	0.01315	0.00877	0.01315	0.00745	0.00877	0.00526	0.00395	0.00395	0.00132	0.00614	0.00307	0.00175	0.00614
38	0.00986	0.00733	0.00760	0.00667	0.00835	0.10829	0.00515	0.08025	0.03491	0.13246	0.51698	0.02348	0.02740	0.00711	0.00457	0.00127	0.00313	0.00604	0.00431	0.00482

[dist]
# distance from previous block
# <min> <max>
0	4

[block]
# block no. 1 follows, 64 sequences, length 70
# corresponding to MSA columns:
# 62-131
name=unknown_B
#
# <colnr> <probs for GDERKNQSTAVLIFYWHMCP>
#	G	D	E	R	K	N	Q	S	T	A	V	L	I	F	Y	W	H	M	C	P
0	0.07159	0.01289	0.01323	0.05958	0.18148	0.29043	0.08047	0.09314	0.05073	0.01392	0.02815	0.01040	0.01901	0.00452	0.00439	0.00124	0.04148	0.00358	0.01431	0.00546
1	0.01039	0.00998	0.01342	0.04769	0.10091	0.05839	0.12669	0.03009	0.34322	0.02525	0.01122	0.01224	0.00876	0.00529	0.00619	0.00145	0.17576	0.00422	0.00298	0.00585
2	0.01429	0.03288	0.01181	0.00943	0.01231	0.16135	0.00758	0.45614	0.21460	0.02073	0.01093	0.01080	0.00809	0.00498	0.00406	0.00125	0.00478	0.00375	0.00375	0.00650
3	0.01385	0.00713	0.00956	0.03237	0.03496	0.00617	0.02023	0.01589	0.03438	0.45276	0.03060	0.05120	0.01044	0.00499	0.00397	0.00113	0.00348	0.01405	0.00404	0.24880
4	0.00868	0.02064	0.77344	0.01164	0.01752	0.00971	0.01479	0.05401	0.00934	0.01381	0.00788	0.00962	0.00574	0.00416	0.00399	0.00132	0.00601	0.01965	0.00192	0.00614
5	0.00704	0.00422	0.00552	0.00581	0.00665	0.00383	0.00411	0.00804	0.00904	0.12660	0.10631	0.57532	0.09908	0.01121	0.00507	0.00157	0.00249	0.01002	0.00411	0.00396
6	0.00525	0.00396	0.00518	0.02080	0.02583	0.00368	0.00409	0.00617	0.00843	0.01108	0.06636	0.64573	0.15409	0.01201	0.00517	0.00161	0.00245	0.01077	0.00381	0.00352
7	0.00515	0.00369	0.00497	0.00583	0.00611	0.00353	0.00394	0.00592	0.00781	0.01048	0.02175	0.76817	0.02585	0.02950	0.07380	0.00214	0.00315	0.01110	0.00370	0.00339
8	0.01259	0.01564	0.05925	0.01416	0.04976	0.39872	0.34740	0.01494	0.01070	0.02642	0.00754	0.00935	0.00588	0.00393	0.00426	0.00123	0.00704	0.00370	0.00215	0.00533
9	0.00894	0.02248	0.00893	0.00625	0.00993	0.00588	0.00503	0.02591	0.00886	0.02550	0.00753	0.00868	0.00621	0.00315	0.00311	0.00064	0.00314	0.00251	0.00252	0.83479
10	0.00620	0.00454	0.00604	0.00679	0.00774	0.00439	0.00569	0.00785	0.00948	0.01225	0.06429	0.13113	0.15244	0.01134	0.00552	0.00178	0.00331	0.55164	0.00387	0.00373
11	0.00807	0.00751	0.01004	0.00890	0.00954	0.01893	0.02137	0.01013	0.07197	0.01202	0.14887	0.04319	0.08010	0.00837	0.02422	0.00174	0.45188	0.05588	0.00284	0.00444
12	0.00504	0.00421	0.00439	0.00434	0.00569	0.00356	0.00326	0.00621	0.00977	0.01195	0.14688	0.03878	0.72117	0.01025	0.00491	0.00139	0.00208	0.00860	0.00395	0.00356
13	0.01567	0.00912	0.01057	0.00822	0.01122	0.00940	0.00674	0.43647	0.01577	0.30951	0.07926	0.01338	0.01097	0.00532	0.00418	0.00125	0.00389	0.00421	0.03814	0.00669
14	0.00784	0.00738	0.01246	0.84404	0.02861	0.00923	0.01154	0.01061	0.00831	0.01061	0.00738	0.01107	0.00554	0.00415	0.00415	0.00138	0.00554	0.00369	0.00185	0.00461
15	0.01552	0.01960	0.01179	0.01067	0.01284	0.81741	0.00802	0.03588	0.01196	0.01055	0.00651	0.00755	0.00539	0.00430	0.00376	0.00107	0.00742	0.00270	0.00219	0.00487
16	0.00847	0.06417	0.79106	0.01160	0.01760	0.00999	0.01493	0.01312	0.00875	0.01298	0.00737	0.00866	0.00527	0.00393	0.00388	0.00129	0.00605	0.00303	0.00176	0.00610
17	0.01279	0.01487	0.01140	0.01016	0.01164	0.48591	0.00787	0.04762	0.02972	0.01085	0.00712	0.00952	0.00632	0.04071	0.05673	0.00173	0.22486	0.00326	0.00221	0.00472
18	0.00838	0.03625	0.81816	0.01176	0.01785	0.00977	0.01520	0.01314	0.00876	0.01309	0.00742	0.00873	0.00526	0.00394	0.00392	0.00131	0.00611	0.00305	0.00175	0.00612
19	0.00966	0.01004	0.01937	0.12250	0.32373	0.01012	0.36710	0.01255	0.00934	0.01291	0.00814	0.01130	0.00655	0.00394	0.00490	0.00136	0.04211	0.01655	0.00207	0.00577
20	0.00581	0.00438	0.00539	0.00511	0.00622	0.00402	0.00384	0.00787	0.03516	0.01556	0.64099	0.03241	0.20016	0.00882	0.00488	0.00133	0.00203	0.00769	0.00442	0.00391
21	0.00508	0.00362	0.00481	0.00576	0.00599	0.00339	0.00383	0.00579	0.00791	0.01055	0.02268	0.83330	0.02720	0.03139	0.00565	0.00174	0.00245	0.01168	0.00383	0.00336
22	0.00491	0.00421	0.00421	0.00421	0.00561	0.00351	0.00316	0.00596	0.00947	0.01122	0.04208	0.03997	0.82643	0.01052	0.00491	0.00140	0.00210	0.00877	0.00386	0.00351
23	0.00833	0.02149	0.83250	0.01184	0.01798	0.00965	0.01535	0.01315	0.00877	0.01315	0.00745	0.00877	0.00526	0.00395	0.00395	0.00132	0.00614	0.00307	0.00175	0.00614
24	0.00951	0.00794	0.00909	0.00666	0.01024	0.00662	0.00534	0.10130	0.05322	0.01516	0.00818	0.00913	0.00660	0.00343	0.00326	0.00073	0.00326	0.00272	0.00275	0.73486
25	0.01586	0.01152	0.01240	0.00950	0.01282	0.01271	0.00785	0.79457	0.01934	0.04613	0.01013	0.01008	0.00714	0.00499	0.00416	0.00125	0.00455	0.00375	0.00418	0.00706
26	0.00541	0.00423	0.00490	0.00473	0.00592	0.00372	0.00355	0.00692	0.01064	0.01400	0.44332	0.03539	0.42345	0.00948	0.00490	0.00135	0.00203	0.00812	0.00422	0.00372
27	0.01552	0.01980	0.01177	0.01070	0.01284	0.83735	0.00803	0.01659	0.01177	0.01017	0.00642	0.00749	0.00535	0.00428	0.00375	0.00107	0.00749	0.00268	0.00214	0.00482
28	0.01579	0.01163	0.01247	0.00956	0.01288	0.01288	0.00789	0.81426	0.01953	0.02618	0.00997	0.00997	0.00706	0.00499	0.00416	0.00125	0.00457	0.00374	0.00416	0.00706
29	0.00577	0.00424	0.00541	0.00523	0.00623	0.00388	0.00394	0.00757	0.01125	0.01561	0.67043	0.06677	0.12810	0.00903	0.00495	0.00136	0.00207	0.03988	0.00443	0.00385
30	0.00784	0.00738	0.01246	0.84404	0.02861	0.00923	0.01154	0.01061	0.00831	0.01061	0.00738	0.01107	0.00554	0.00415	0.00415	0.00138	0.00554	0.00369	0.00185	0.00461
31	0.00587	0.00432	0.00557	0.00561	0.00661	0.00401	0.00438	0.00764	0.01081	0.01475	0.51486	0.07740	0.14156	0.00961	0.00509	0.00146	0.00238	0.16997	0.00429	0.00382
32	0.01578	0.01191	0.01244	0.00960	0.01288	0.04112	0.00790	0.78693	0.01926	0.02563	0.00985	0.00989	0.00701	0.00496	0.00414	0.00124	0.00467	0.00370	0.00409	0.00699
33	0.00492	0.00415	0.00426	0.00435	0.00565	0.00349	0.00322	0.00595	0.00933	0.01116	0.04033	0.11374	0.75379	0.01075	0.00494	0.00143	0.00213	0.00904	0.00386	0.00349
34	0.01049	0.00919	0.01513	0.06611	0.63753	0.00929	0.01155	0.04453	0.00992	0.05564	0.00946	0.01332	0.00809	0.00445	0.00422	0.00129	0.00475	0.06333	0.01543	0.00627
35	0.00529	0.00422	0.00473	0.00461	0.00584	0.00367	0.00345	0.00669	0.01036	0.01334	0.34819	0.03648	0.51899	0.00973	0.00491	0.00137	0.00205	0.00828	0.00414	0.00367
36	0.01028	0.00987	0.01686	0.02550	0.82811	0.00987	0.01275	0.01275	0.00946	0.01357	0.00781	0.01028	0.00658	0.00370	0.00411	0.00123	0.00493	0.00370	0.00206	0.00658
37	0.00982	0.01117	0.02428	0.01774	0.04551	0.01049	0.78941	0.01329	0.00979	0.01331	0.00839	0.01118	0.00631	0.00351	0.00488	0.00140	0.00694	0.00487	0.00210	0.00563
38	0.01785	0.00833	0.01042	0.00799	0.01123	0.00797	0.00660	0.23907	0.01399	0.60919	0.01462	0.01299	0.00940	0.00510	0.00417	0.00127	0.00382	0.00406	0.00487	0.00707
39	0.01111	0.85652	0.02177	0.00711	0.01066	0.01644	0.00711	0.01244	0.00844	0.00977	0.00577	0.00666	0.00533	0.00355	0.00267	0.00089	0.00444	0.00222	0.00178	0.00533
40	0.00843	0.05006	0.80475	0.01168	0.01773	0.00988	0.01506	0.01313	0.00876	0.01304	0.00740	0.00870	0.00526	0.00393	0.00390	0.00130	0.00608	0.00304	0.00175	0.00611
41	0.00491	0.00421	0.00421	0.00421	0.00561	0.00351	0.00316	0.00596	0.00947	0.01122	0.04208	0.03997	0.82643	0.01052	0.00491	0.00140	0.00210	0.00877	0.00386	0.00351
42	0.00833	0.02149	0.83250	0.01184	0.01798	0.00965	0.01535	0.01315	0.00877	0.01315	0.00745	0.00877	0.00526	0.00395	0.00395	0.00132	0.00614	0.00307	0.00175	0.00614
43	0.05473	0.01189	0.09238	0.06189	0.08567	0.04647	0.46706	0.04769	0.02158	0.01374	0.00803	0.01041	0.00614	0.00394	0.00495	0.00137	0.05004	0.00422	0.00218	0.00561
44	0.00491	0.00420	0.00422	0.00424	0.00562	0.00350	0.00317	0.00596	0.00944	0.01121	0.04167	0.05713	0.80954	0.01057	0.00492	0.00141	0.00211	0.00883	0.00386	0.00350
45	0.00506	0.00361	0.00482	0.00578	0.00602	0.00337	0.00386	0.00578	0.00795	0.01060	0.02289	0.85131	0.02747	0.01301	0.00530	0.00169	0.00241	0.01181	0.00386	0.00337
46	0.00588	0.00425	0.00555	0.00523	0.00621	0.00392	0.00392	0.00784	0.01176	0.01666	0.82592	0.03103	0.03919	0.00849	0.00490	0.00131	0.00196	0.00751	0.00457	0.00392
47	0.00920	0.10788	0.01365	0.05012	0.01165	0.01285	0.00890	0.01026	0.00670	0.00999	0.00569	0.00904	0.00554	0.00715	0.02770	0.00178	0.69196	0.00349	0.00182	0.00462
48	0.00994	0.00968	0.01715	0.03900	0.65365	0.00962	0.11865	0.01252	0.00949	0.01341	0.00878	0.01274	0.00762	0.00418	0.00432	0.00130	0.00515	0.05441	0.00217	0.00624
49	0.00599	0.00401	0.00455	0.00459	0.00461	0.00399	0.00259	0.00603	0.00614	0.00818	0.01359	0.06931	0.01573	0.81103	0.02033	0.00391	0.00394	0.00634	0.00259	0.00256
50	0.01064	0.00899	0.00950	0.00847	0.01087	0.01035	0.00661	0.04863	0.78149	0.02998	0.01667	0.01529	0.01245	0.00561	0.00422	0.00140	0.00333	0.00466	0.00424	0.00660
51	0.00867	0.00861	0.01252	0.71802	0.02631	0.08577	0.02856	0.02145	0.00883	0.01087	0.00770	0.01160	0.00600	0.00434	0.00417	0.00137	0.00570	0.02288	0.00196	0.00467
52	0.00604	0.00403	0.00453	0.00453	0.00453	0.00403	0.00252	0.00604	0.00604	0.00805	0.01309	0.02718	0.01510	0.85402	0.02114	0.00403	0.00403	0.00604	0.00252	0.00252
53	0.00506	0.00361	0.00482	0.00578	0.00602	0.00337	0.00386	0.00578	0.00795	0.01060	0.02289	0.85131	0.02747	0.01301	0.00530	0.00169	0.00241	0.01181	0.00386	0.00337
54	0.00935	0.01510	0.41409	0.01012	0.01433	0.00999	0.01089	0.01769	0.42145	0.01530	0.01226	0.01219	0.00903	0.00480	0.00409	0.00136	0.00469	0.00390	0.00301	0.00636
55	0.10184	0.01045	0.01859	0.03247	0.11245	0.01047	0.43665	0.13573	0.01096	0.05752	0.00862	0.01055	0.00643	0.00397	0.00460	0.00135	0.02468	0.00422	0.00260	0.00586
56	0.00802	0.00748	0.01246	0.82526	0.02825	0.00931	0.01145	0.02870	0.00856	0.01096	0.00744	0.01105	0.00557	0.00417	0.00415	0.00138	0.00552	0.00369	0.00190	0.00467
57	0.01840	0.00744	0.00987	0.00757	0.01079	0.00666	0.00625	0.08533	0.01252	0.76502	0.01586	0.01380	0.01002	0.00513	0.00418	0.00128	0.00362	0.00414	0.00506	0.00707
58	0.00848	0.06643	0.78886	0.01158	0.01758	0.01001	0.01490	0.01312	0.00875	0.01297	0.00736	0.00866	0.00527	0.00393	0.00388	0.00129	0.00605	0.00302	0.00176	0.00610
59	0.01570	0.01244	0.01164	0.00950	0.01222	0.25927	0.03116	0.26087	0.01369	0.24731	0.01049	0.01060	0.00746	0.00571	0.03074	0.00141	0.04650	0.00359	0.00359	0.00612
60	0.00604	0.00403	0.00453	0.00453	0.00453	0.00403	0.00252	0.00604	0.00604	0.00805	0.01309	0.02718	0.01510	0.85402	0.02114	0.00403	0.00403	0.00604	0.00252	0.00252
61	0.00664	0.00511	0.00777	0.04981	0.00886	0.00555	0.06243	0.00785	0.00718	0.02816	0.01305	0.14076	0.01356	0.22177	0.34661	0.00424	0.04172	0.02269	0.00259	0.00367
62	0.00508	0.00421	0.00445	0.00439	0.00572	0.00358	0.00329	0.00630	0.00988	0.01220	0.18332	0.03836	0.68458	0.01015	0.00491	0.00139	0.00208	0.00854	0.00399	0.00358
63	0.00506	0.00361	0.00482	0.00578	0.00602	0.00337	0.00386	0.00578	0.00795	0.01060	0.02289	0.85131	0.02747	0.01301	0.00530	0.00169	0.00241	0.01181	0.00386	0.00337
64	0.00784	0.00738	0.01246	0.84404	0.02861	0.00923	0.01154	0.01061	0.00831	0.01061	0.00738	0.01107	0.00554	0.00415	0.00415	0.00138	0.00554	0.00369	0.00185	0.00461
65	0.00784	0.00738	0.01246	0.84404	0.02861	0.00923	0.01154	0.01061	0.00831	0.01061	0.00738	0.01107	0.00554	0.00415	0.00415	0.00138	0.00554	0.00369	0.00185	0.00461
66	0.00878	0.00721	0.02887	0.01068	0.19127	0.03099	0.00683	0.02220	0.10253	0.07550	0.42799	0.02211	0.02438	0.00661	0.00454	0.00130	0.00321	0.01598	0.00386	0.00516
67	0.00949	0.00736	0.00870	0.00626	0.00991	0.00559	0.00502	0.01131	0.00890	0.08470	0.00817	0.00909	0.00651	0.00326	0.00317	0.00067	0.00312	0.00261	0.00269	0.80347
68	0.00520	0.00423	0.00462	0.00462	0.00589	0.00365	0.00350	0.00646	0.00989	0.01236	0.19896	0.06135	0.60619	0.01023	0.00496	0.00142	0.00217	0.04672	0.00400	0.00360
69	0.01018	0.07546	0.18222	0.01433	0.25318	0.03450	0.06969	0.06310	0.02537	0.02792	0.00795	0.00946	0.00627	0.00375	0.00379	0.00110	0.00488	0.00327	0.00230	0.20129

[dist]
# distance from previous block
# <min> <max>
0	1

[block]
# block no. 2 follows, 64 sequences, length 58
# corresponding to MSA columns:
# 133-190
name=unknown_C
#
# <colnr> <probs for GDERKNQSTAVLIFYWHMCP>
#	G	D	E	R	K	N	Q	S	T	A	V	L	I	F	Y	W	H	M	C	P
0	0.74559	0.06308	0.06944	0.00615	0.00904	0.02560	0.00555	0.01238	0.00737	0.01750	0.00592	0.00691	0.00462	0.00385	0.00270	0.00126	0.00359	0.00232	0.00245	0.00468
1	0.00595	0.00439	0.00637	0.00637	0.00700	0.00503	0.00481	0.00722	0.00658	0.00942	0.01141	0.01787	0.01106	0.14875	0.72088	0.00630	0.01011	0.00468	0.00227	0.00354
2	0.01367	0.39377	0.01667	0.00845	0.01188	0.01449	0.00754	0.45160	0.01451	0.01876	0.00807	0.00848	0.00628	0.00434	0.00348	0.00108	0.00451	0.00305	0.00308	0.00628
3	0.00491	0.00420	0.00422	0.00424	0.00562	0.00350	0.00317	0.00596	0.00944	0.01121	0.04170	0.05592	0.81072	0.01057	0.00492	0.00141	0.00211	0.00883	0.00386	0.00350
4	0.01569	0.01158	0.01241	0.00954	0.01284	0.01283	0.00787	0.79932	0.03464	0.02601	0.01010	0.01008	0.00717	0.00500	0.00416	0.00125	0.00455	0.00376	0.00416	0.00705
5	0.00604	0.00403	0.00453	0.00453	0.00453	0.00403	0.00252	0.00604	0.00604	0.00805	0.01309	0.02718	0.01510	0.85402	0.02114	0.00403	0.00403	0.00604	0.00252	0.00252
6	0.00506	0.00361	0.00482	0.00578	0.00602	0.00337	0.00386	0.00578	0.00795	0.01060	0.02289	0.85131	0.02747	0.01301	0.00530	0.00169	0.00241	0.01181	0.00386	0.00337
7	0.00498	0.00414	0.00435	0.00444	0.00569	0.00351	0.00328	0.00604	0.00941	0.01143	0.08002	0.13238	0.69467	0.01070	0.00495	0.00143	0.00213	0.00905	0.00389	0.00351
8	0.01033	0.00892	0.00939	0.00845	0.01080	0.01033	0.00657	0.02207	0.82061	0.01738	0.01691	0.01550	0.01268	0.00564	0.00423	0.00141	0.00329	0.00470	0.00423	0.00657
9	0.01537	0.01956	0.01179	0.01071	0.01280	0.81922	0.00805	0.01644	0.01165	0.01016	0.00640	0.00753	0.00535	0.00435	0.00396	0.00109	0.02594	0.00270	0.00213	0.00481
10	0.00834	0.00733	0.01130	0.04811	0.35620	0.01788	0.02354	0.02399	0.00832	0.01160	0.03922	0.01677	0.01068	0.22834	0.13537	0.00282	0.02817	0.01490	0.00234	0.00480
11	0.00909	0.00909	0.01272	0.01091	0.01091	0.01272	0.00909	0.01000	0.00636	0.01000	0.00545	0.00909	0.00545	0.00727	0.01363	0.00182	0.84642	0.00364	0.00182	0.00454
12	0.01086	0.00985	0.01010	0.00893	0.01133	0.07671	0.03420	0.02130	0.71562	0.02907	0.01577	0.01469	0.01184	0.00545	0.00421	0.00138	0.00376	0.00453	0.00400	0.00641
13	0.00866	0.02127	0.79590	0.01177	0.01775	0.03205	0.01502	0.02736	0.00904	0.01330	0.00747	0.00876	0.00530	0.00397	0.00394	0.00131	0.00615	0.00307	0.00181	0.00612
14	0.01050	0.00939	0.01332	0.01139	0.06563	0.00998	0.19160	0.13918	0.36726	0.01728	0.07914	0.01541	0.03989	0.00532	0.00444	0.00136	0.00429	0.00490	0.00360	0.00611
15	0.00666	0.00476	0.00665	0.00761	0.00855	0.00475	0.00663	0.00855	0.00953	0.01239	0.02201	0.06418	0.02398	0.01151	0.00573	0.00191	0.00379	0.78318	0.00383	0.00382
16	0.00771	0.00688	0.00955	0.01281	0.28849	0.04620	0.00735	0.02374	0.00933	0.01237	0.05282	0.31309	0.10704	0.00865	0.00478	0.00147	0.00363	0.07624	0.00319	0.00469
17	0.02641	0.00939	0.01292	0.04603	0.37490	0.01014	0.00951	0.07672	0.34017	0.01611	0.02723	0.01274	0.00964	0.00470	0.00415	0.00131	0.00417	0.00415	0.00315	0.00645
18	0.09883	0.22113	0.14801	0.03107	0.04055	0.12944	0.02240	0.02187	0.00857	0.02660	0.00667	0.00869	0.00570	0.02757	0.00603	0.00135	0.18532	0.00302	0.00204	0.00514
19	0.01004	0.01065	0.07812	0.05590	0.73640	0.00983	0.01290	0.01270	0.00936	0.01343	0.00777	0.01020	0.00644	0.00374	0.00410	0.00125	0.00505	0.00365	0.00203	0.00647
20	0.00506	0.00361	0.00482	0.00578	0.00602	0.00337	0.00386	0.00578	0.00795	0.01060	0.02289	0.85131	0.02747	0.01301	0.00530	0.00169	0.00241	0.01181	0.00386	0.00337
21	0.00574	0.00424	0.00536	0.00508	0.00612	0.00386	0.00381	0.00757	0.01143	0.01588	0.71328	0.03231	0.15231	0.00878	0.00490	0.00132	0.00198	0.00769	0.00447	0.00386
22	0.01094	0.76172	0.05153	0.00867	0.07250	0.01569	0.00784	0.01249	0.00853	0.01018	0.00599	0.00701	0.00542	0.00358	0.00282	0.00093	0.00454	0.00236	0.00180	0.00545
23	0.00604	0.00403	0.00453	0.00453	0.00453	0.00403	0.00252	0.00604	0.00604	0.00805	0.01309	0.02718	0.01510	0.85402	0.02114	0.00403	0.00403	0.00604	0.00252	0.00252
24	0.00495	0.00421	0.00426	0.00425	0.00563	0.00352	0.00319	0.00603	0.00956	0.01143	0.07218	0.03963	0.79619	0.01044	0.00491	0.00140	0.00210	0.00872	0.00388	0.00352
25	0.00496	0.00421	0.00428	0.00426	0.00564	0.00353	0.00319	0.00606	0.00958	0.01150	0.08180	0.03952	0.78653	0.01042	0.00491	0.00140	0.00210	0.00870	0.00389	0.00353
26	0.00862	0.09119	0.73543	0.01165	0.01750	0.01025	0.04332	0.01310	0.00878	0.01288	0.00735	0.00868	0.00530	0.00390	0.00387	0.00128	0.00603	0.00306	0.00177	0.00605
27	0.00604	0.00403	0.00453	0.00453	0.00453	0.00403	0.00252	0.00604	0.00604	0.00805	0.01309	0.02718	0.01510	0.85402	0.02114	0.00403	0.00403	0.00604	0.00252	0.00252
28	0.00669	0.00478	0.00669	0.00765	0.00861	0.00478	0.00669	0.00861	0.00956	0.01243	0.02199	0.04685	0.02391	0.01147	0.00574	0.00191	0.00382	0.80015	0.00382	0.00382
29	0.00837	0.02121	0.81084	0.01199	0.01808	0.00967	0.03673	0.01316	0.00880	0.01316	0.00748	0.00883	0.00529	0.00393	0.00397	0.00132	0.00616	0.00312	0.00176	0.00612
30	0.00931	0.33532	0.50391	0.00987	0.01489	0.01204	0.01192	0.01273	0.00873	0.01198	0.03000	0.00861	0.00625	0.00393	0.00349	0.00115	0.00538	0.00288	0.00184	0.00577
31	0.00588	0.00425	0.00555	0.00523	0.00621	0.00392	0.00392	0.00784	0.01176	0.01666	0.82592	0.03103	0.03919	0.00849	0.00490	0.00131	0.00196	0.00751	0.00457	0.00392
32	0.01111	0.85652	0.02177	0.00711	0.01066	0.01644	0.00711	0.01244	0.00844	0.00977	0.00577	0.00666	0.00533	0.00355	0.00267	0.00089	0.00444	0.00222	0.00178	0.00533
33	0.01019	0.00978	0.01670	0.05491	0.79938	0.00985	0.01270	0.01267	0.00942	0.01346	0.00780	0.01031	0.00654	0.00372	0.00411	0.00124	0.00496	0.00370	0.00205	0.00651
34	0.00833	0.02149	0.83250	0.01184	0.01798	0.00965	0.01535	0.01315	0.00877	0.01315	0.00745	0.00877	0.00526	0.00395	0.00395	0.00132	0.00614	0.00307	0.00175	0.00614
35	0.00493	0.00421	0.00424	0.00423	0.00563	0.00352	0.00318	0.00601	0.00953	0.01136	0.06199	0.03975	0.80643	0.01047	0.00491	0.00140	0.00210	0.00873	0.00388	0.00352
36	0.01579	0.01163	0.01247	0.00956	0.01288	0.01288	0.00789	0.81426	0.01953	0.02618	0.00997	0.00997	0.00706	0.00499	0.00416	0.00125	0.00457	0.00374	0.00416	0.00706
37	0.00833	0.02149	0.83250	0.01184	0.01798	0.00965	0.01535	0.01315	0.00877	0.01315	0.00745	0.00877	0.00526	0.00395	0.00395	0.00132	0.00614	0.00307	0.00175	0.00614
38	0.00651	0.00472	0.00644	0.00730	0.00830	0.00465	0.00633	0.00834	0.00955	0.01231	0.02403	0.04615	0.10548	0.01138	0.00565	0.00186	0.00365	0.71971	0.00383	0.00379
39	0.01028	0.00987	0.01686	0.02550	0.82811	0.00987	0.01275	0.01275	0.00946	0.01357	0.00781	0.01028	0.00658	0.00370	0.00411	0.00123	0.00493	0.00370	0.00206	0.00658
40	0.00506	0.00361	0.00482	0.00578	0.00602	0.00337	0.00386	0.00578	0.00795	0.01060	0.02289	0.85131	0.02747	0.01301	0.00530	0.00169	0.00241	0.01181	0.00386	0.00337
41	0.00604	0.00403	0.00456	0.00455	0.00458	0.00402	0.00256	0.00609	0.00620	0.00830	0.03611	0.02729	0.01578	0.83008	0.02068	0.00395	0.00397	0.00608	0.00258	0.00256
42	0.00506	0.00361	0.00482	0.00578	0.00602	0.00337	0.00386	0.00578	0.00795	0.01060	0.02289	0.85131	0.02747	0.01301	0.00530	0.00169	0.00241	0.01181	0.00386	0.00337
43	0.01552	0.01980	0.01177	0.01070	0.01284	0.83735	0.00803	0.01659	0.01177	0.01017	0.00642	0.00749	0.00535	0.00428	0.00375	0.00107	0.00749	0.00268	0.00214	0.00482
44	0.01849	0.00731	0.00979	0.00750	0.01072	0.00646	0.00620	0.06195	0.01229	0.78871	0.01605	0.01392	0.01011	0.00513	0.00418	0.00128	0.00359	0.00415	0.00509	0.00707
45	0.00784	0.00738	0.01246	0.84404	0.02861	0.00923	0.01154	0.01061	0.00831	0.01061	0.00738	0.01107	0.00554	0.00415	0.00415	0.00138	0.00554	0.00369	0.00185	0.00461
46	0.01856	0.00719	0.00972	0.00745	0.01066	0.00629	0.00615	0.04168	0.01209	0.80926	0.01621	0.01403	0.01020	0.00514	0.00418	0.00128	0.00356	0.00417	0.00511	0.00707
47	0.00784	0.00738	0.01246	0.84404	0.02861	0.00923	0.01154	0.01061	0.00831	0.01061	0.00738	0.01107	0.00554	0.00415	0.00415	0.00138	0.00554	0.00369	0.00185	0.00461
48	0.00595	0.00405	0.00464	0.00463	0.00481	0.00397	0.00274	0.00624	0.00691	0.00926	0.10952	0.05027	0.05269	0.69690	0.01813	0.00354	0.00366	0.00648	0.00285	0.00275
49	0.00627	0.00442	0.00555	0.00519	0.00635	0.00404	0.00392	0.00823	0.02499	0.04604	0.65330	0.03161	0.16715	0.00865	0.00486	0.00132	0.00206	0.00755	0.00447	0.00401
50	0.01864	0.00707	0.00964	0.00739	0.01060	0.00611	0.00611	0.02024	0.01189	0.83099	0.01639	0.01414	0.01028	0.00514	0.00418	0.00129	0.00353	0.00418	0.00514	0.00707
51	0.00850	0.02145	0.81351	0.01181	0.01786	0.02880	0.01518	0.01323	0.00884	0.01309	0.00743	0.00874	0.00526	0.00395	0.00394	0.00131	0.00617	0.00306	0.00176	0.00611
52	0.01739	0.00826	0.03014	0.00851	0.01188	0.00733	0.06730	0.11448	0.01257	0.65426	0.01481	0.01329	0.00948	0.00497	0.00422	0.00129	0.00398	0.00415	0.00472	0.00694
53	0.00595	0.00439	0.00638	0.00638	0.00702	0.00503	0.00482	0.00723	0.00659	0.00942	0.01140	0.01783	0.01104	0.14572	0.72389	0.00631	0.01014	0.00467	0.00227	0.00354
54	0.00506	0.00361	0.00482	0.00578	0.00602	0.00337	0.00386	0.00578	0.00795	0.01060	0.02289	0.85131	0.02747	0.01301	0.00530	0.00169	0.00241	0.01181	0.00386	0.00337
55	0.28790	0.05633	0.03951	0.00726	0.00988	0.03787	0.00608	0.10639	0.23967	0.04674	0.05754	0.01353	0.06467	0.00524	0.00366	0.00130	0.00358	0.00395	0.00342	0.00549
56	0.00873	0.01381	0.37078	0.00964	0.01409	0.02714	0.07506	0.01201	0.00927	0.03671	0.08744	0.01186	0.00939	0.00425	0.00388	0.00111	0.00476	0.01734	0.00242	0.28033
57	0.00604	0.00403	0.00455	0.00455	0.00457	0.00402	0.00255	0.00608	0.00617	0.00826	0.03220	0.02727	0.01567	0.83415	0.02076	0.00396	0.00398	0.00608	0.00257	0.00255

[dist]
# distance from previous block
# <min> <max>
0	2

# created by:
# /st0/software/busco_prod/Augustus/scripts/msa2prfl.pl ./align_prep/31102.fa
