[name]
unknown

[dist]
# distance from previous block
# <min> <max>
1	215

[block]
# block no. 0 follows, 67 sequences, length 14
# corresponding to MSA columns:
# 241-254
name=unknown_A
#
# <colnr> <probs for GDERKNQSTAVLIFYWHMCP>
#	G	D	E	R	K	N	Q	S	T	A	V	L	I	F	Y	W	H	M	C	P
0	0.00928	0.06115	0.08347	0.06922	0.15998	0.00934	0.04203	0.10753	0.13644	0.01463	0.12698	0.03831	0.03088	0.00539	0.00485	0.00129	0.07577	0.00447	0.00291	0.01606
1	0.10642	0.00611	0.00732	0.00589	0.00830	0.00540	0.01499	0.01133	0.00942	0.19167	0.19318	0.01660	0.05597	0.03938	0.02538	0.00128	0.00306	0.00433	0.01600	0.27798
2	0.00546	0.00407	0.00562	0.00601	0.00641	0.00403	0.02754	0.00633	0.00781	0.01066	0.07278	0.62099	0.02409	0.08060	0.00666	0.00177	0.04352	0.03227	0.03002	0.00337
3	0.00524	0.00400	0.00481	0.00478	0.00577	0.00357	0.00352	0.00665	0.01006	0.01342	0.44115	0.15157	0.31191	0.00950	0.00479	0.00135	0.00200	0.00827	0.00408	0.00357
4	0.00597	0.00415	0.00487	0.00479	0.00483	0.00436	0.00288	0.00609	0.00588	0.00795	0.01218	0.02482	0.01388	0.77208	0.06563	0.00393	0.04513	0.00564	0.00238	0.00259
5	0.01231	0.45544	0.05796	0.00883	0.03606	0.20847	0.00776	0.14744	0.01073	0.01243	0.00654	0.00736	0.00546	0.00385	0.00316	0.00099	0.00509	0.00257	0.00219	0.00538
6	0.00622	0.00473	0.00557	0.00544	0.00656	0.00450	0.00402	0.07566	0.02734	0.01323	0.21894	0.25885	0.23736	0.04235	0.02313	0.00159	0.00263	0.02621	0.00379	0.03190
7	0.01041	0.26694	0.25332	0.06290	0.03029	0.05255	0.02884	0.07377	0.02705	0.07479	0.02613	0.01026	0.03836	0.00432	0.00377	0.00115	0.02403	0.00327	0.00235	0.00550
8	0.01103	0.41002	0.01517	0.00767	0.01027	0.02643	0.02307	0.07757	0.08947	0.08707	0.02650	0.01100	0.02000	0.00476	0.00439	0.00113	0.09944	0.02569	0.04402	0.00530
9	0.00623	0.00431	0.00507	0.00498	0.00625	0.00387	0.00384	0.00754	0.00939	0.07550	0.16065	0.07280	0.44645	0.01093	0.06673	0.00175	0.00291	0.07518	0.03186	0.00376
10	0.00990	0.03539	0.09571	0.17250	0.35872	0.00852	0.03617	0.01236	0.00917	0.11763	0.03616	0.02415	0.03280	0.00435	0.00398	0.00123	0.00458	0.00395	0.02706	0.00566
11	0.00878	0.04954	0.10325	0.18007	0.19884	0.02157	0.06000	0.04115	0.09846	0.02473	0.01150	0.06548	0.05462	0.01869	0.04466	0.00157	0.00491	0.00444	0.00247	0.00526
12	0.00551	0.00379	0.00479	0.00534	0.00596	0.00343	0.00370	0.00637	0.00831	0.04969	0.06297	0.61993	0.18227	0.01154	0.00498	0.00154	0.00230	0.01029	0.00381	0.00348
13	0.00778	0.00725	0.01178	0.77823	0.02617	0.00900	0.01073	0.01118	0.07730	0.01080	0.00791	0.01105	0.00593	0.00413	0.00402	0.00134	0.00516	0.00365	0.00198	0.00462

[dist]
# distance from previous block
# <min> <max>
0	1

[block]
# block no. 1 follows, 67 sequences, length 48
# corresponding to MSA columns:
# 256-303
name=unknown_B
#
# <colnr> <probs for GDERKNQSTAVLIFYWHMCP>
#	G	D	E	R	K	N	Q	S	T	A	V	L	I	F	Y	W	H	M	C	P
0	0.02275	0.09597	0.21378	0.03613	0.22255	0.08554	0.08575	0.10230	0.02645	0.01356	0.00784	0.02554	0.00635	0.01240	0.00423	0.00124	0.02622	0.00348	0.00220	0.00572
1	0.00638	0.00522	0.00710	0.00690	0.00726	0.00619	0.00522	0.01863	0.00706	0.00990	0.02843	0.28506	0.05659	0.08770	0.19147	0.03334	0.22454	0.00672	0.00271	0.00356
2	0.57680	0.01030	0.00797	0.00749	0.03685	0.19030	0.00573	0.01243	0.00784	0.01519	0.00604	0.02135	0.00505	0.00424	0.00375	0.00125	0.07805	0.00258	0.00233	0.00446
3	0.00512	0.00419	0.00452	0.00442	0.00568	0.00367	0.00331	0.00662	0.03184	0.01222	0.23040	0.03569	0.60681	0.02169	0.00494	0.00137	0.00206	0.00803	0.00388	0.00355
4	0.02586	0.00535	0.00641	0.00587	0.00736	0.00528	0.00449	0.06763	0.07797	0.15473	0.18014	0.18224	0.08308	0.00862	0.04324	0.00154	0.00296	0.00640	0.12625	0.00459
5	0.88738	0.00776	0.00589	0.00527	0.00776	0.00900	0.00434	0.01179	0.00683	0.01799	0.00558	0.00651	0.00434	0.00372	0.00248	0.00124	0.00310	0.00217	0.00248	0.00434
6	0.00738	0.00623	0.00762	0.00744	0.05776	0.02909	0.03629	0.06187	0.13200	0.01467	0.31261	0.03645	0.21140	0.00837	0.03544	0.00149	0.00315	0.02250	0.00377	0.00449
7	0.00494	0.00351	0.00464	0.00551	0.00573	0.00330	0.00364	0.00560	0.00757	0.01009	0.02153	0.80632	0.02580	0.06367	0.00604	0.00177	0.00242	0.01106	0.00364	0.00321
8	0.02044	0.00769	0.00834	0.00704	0.00927	0.00813	0.00564	0.32006	0.13970	0.06021	0.06922	0.03672	0.22296	0.00685	0.00428	0.00130	0.00325	0.03426	0.02926	0.00538
9	0.88738	0.00776	0.00589	0.00527	0.00776	0.00900	0.00434	0.01179	0.00683	0.01799	0.00558	0.00651	0.00434	0.00372	0.00248	0.00124	0.00310	0.00217	0.00248	0.00434
10	0.00965	0.00823	0.00868	0.00778	0.00998	0.00937	0.00606	0.05370	0.70371	0.01661	0.03553	0.01712	0.08409	0.00588	0.00415	0.00135	0.00310	0.00490	0.00405	0.00606
11	0.00572	0.00412	0.00525	0.00588	0.00635	0.00400	0.00404	0.07138	0.00858	0.01145	0.02110	0.78808	0.02493	0.01194	0.00503	0.00159	0.00250	0.01077	0.00375	0.00355
12	0.03564	0.00773	0.00954	0.00704	0.01045	0.00660	0.05088	0.07413	0.05888	0.09683	0.00876	0.00944	0.00675	0.00351	0.00331	0.00081	0.00335	0.00289	0.00285	0.60062
13	0.03601	0.05965	0.01199	0.01947	0.08200	0.00885	0.12048	0.15675	0.12773	0.09023	0.03126	0.11689	0.07823	0.00597	0.00441	0.00130	0.02436	0.00521	0.00332	0.01588
14	0.01261	0.00636	0.00769	0.00650	0.00842	0.04426	0.00499	0.04337	0.00979	0.42571	0.03052	0.07495	0.03429	0.18189	0.08804	0.00230	0.00429	0.00503	0.00388	0.00512
15	0.01093	0.00793	0.01010	0.00967	0.14186	0.00723	0.00657	0.06391	0.13020	0.15777	0.01022	0.01056	0.00768	0.00389	0.00354	0.00095	0.00345	0.00325	0.00312	0.40715
16	0.00947	0.01082	0.02366	0.01690	0.02096	0.01014	0.81947	0.01285	0.00947	0.01285	0.00811	0.01082	0.00609	0.00338	0.00473	0.00135	0.00676	0.00473	0.00203	0.00541
17	0.00947	0.01082	0.02366	0.01690	0.02096	0.01014	0.81947	0.01285	0.00947	0.01285	0.00811	0.01082	0.00609	0.00338	0.00473	0.00135	0.00676	0.00473	0.00203	0.00541
18	0.01434	0.01782	0.01129	0.01017	0.01223	0.75072	0.02100	0.04243	0.01129	0.01035	0.00662	0.00789	0.00553	0.00571	0.05433	0.00137	0.00734	0.00276	0.00214	0.00467
19	0.04105	0.00725	0.00749	0.00768	0.07440	0.11006	0.00530	0.05603	0.03618	0.08557	0.20710	0.11791	0.15629	0.03204	0.00479	0.00136	0.00330	0.01528	0.02644	0.00447
20	0.00557	0.00383	0.00445	0.00464	0.00478	0.00375	0.00277	0.00580	0.00641	0.00848	0.01620	0.19396	0.06628	0.62269	0.03095	0.00333	0.00358	0.00709	0.00276	0.00267
21	0.00553	0.00390	0.00552	0.00601	0.00652	0.00365	0.03743	0.00645	0.00791	0.02747	0.02084	0.73633	0.02429	0.01152	0.00495	0.00157	0.00253	0.02746	0.05666	0.00346
22	0.35471	0.01048	0.07569	0.00764	0.01048	0.06807	0.00665	0.27122	0.04882	0.03512	0.00812	0.00892	0.00614	0.00612	0.06423	0.00160	0.00460	0.00302	0.00298	0.00537
23	0.00529	0.00384	0.00493	0.00515	0.00581	0.00354	0.00365	0.00656	0.00949	0.01300	0.41179	0.36058	0.09797	0.04278	0.00549	0.00152	0.00215	0.00895	0.00401	0.00349
24	0.00832	0.00713	0.00832	0.00594	0.00950	0.00535	0.00475	0.01010	0.00832	0.01307	0.00713	0.00832	0.00594	0.00297	0.00297	0.00059	0.00297	0.00238	0.00238	0.88357
25	0.00533	0.00352	0.00455	0.00531	0.00563	0.00333	0.00358	0.00610	0.00769	0.01078	0.02025	0.70529	0.02348	0.01150	0.00520	0.03539	0.00231	0.01002	0.12747	0.00327
26	0.00840	0.01086	0.17702	0.32900	0.15058	0.00915	0.18241	0.01168	0.02401	0.01200	0.02927	0.02260	0.00688	0.00402	0.00415	0.00131	0.00549	0.00392	0.00199	0.00525
27	0.00490	0.00357	0.00461	0.00540	0.00578	0.00329	0.00365	0.00567	0.00795	0.01049	0.04974	0.74275	0.11311	0.01217	0.00507	0.00159	0.00228	0.01096	0.00374	0.00329
28	0.00986	0.00883	0.00875	0.00823	0.00998	0.15748	0.02099	0.16513	0.05962	0.01437	0.02642	0.05757	0.03509	0.01753	0.00486	0.00150	0.00436	0.35846	0.00342	0.02752
29	0.00683	0.00500	0.00583	0.00541	0.00688	0.00460	0.00413	0.03222	0.03597	0.06151	0.12771	0.12503	0.33058	0.04835	0.00548	0.00143	0.02464	0.05345	0.01574	0.09920
30	0.00753	0.05862	0.47801	0.00903	0.01271	0.02388	0.01028	0.01036	0.00770	0.01098	0.00895	0.06242	0.00806	0.08755	0.11722	0.07019	0.00591	0.00390	0.00196	0.00474
31	0.00832	0.08633	0.73434	0.01134	0.01698	0.00987	0.05341	0.01265	0.00849	0.01245	0.00711	0.00842	0.00513	0.00376	0.00376	0.00124	0.00584	0.00299	0.00171	0.00584
32	0.01036	0.00540	0.00687	0.00593	0.00777	0.00495	0.00464	0.03463	0.04516	0.30767	0.31748	0.08194	0.12317	0.00734	0.00444	0.00129	0.00260	0.00628	0.01709	0.00497
33	0.00618	0.00418	0.00541	0.02836	0.02399	0.00400	0.00415	0.00733	0.01747	0.05291	0.08185	0.39233	0.14775	0.05395	0.04686	0.02061	0.00297	0.03119	0.06487	0.00362
34	0.00669	0.00365	0.00541	0.00541	0.00554	0.00378	0.00372	0.00561	0.00548	0.00744	0.00792	0.01349	0.00788	0.05543	0.16854	0.68147	0.00484	0.00374	0.00185	0.00211
35	0.00496	0.00356	0.00461	0.00540	0.00577	0.00330	0.00365	0.00575	0.00795	0.01060	0.05326	0.74212	0.09165	0.01204	0.00502	0.00158	0.00228	0.01085	0.02235	0.00330
36	0.00585	0.00439	0.00545	0.00532	0.00627	0.00426	0.00395	0.00766	0.04560	0.02743	0.39124	0.16812	0.20464	0.02913	0.04312	0.00166	0.03050	0.00775	0.00391	0.00375
37	0.00905	0.16398	0.25435	0.05940	0.09443	0.05980	0.05234	0.01161	0.01655	0.03773	0.03999	0.07182	0.03443	0.01606	0.00459	0.01621	0.03500	0.01530	0.00225	0.00512
38	0.01004	0.02585	0.08832	0.06760	0.05172	0.19414	0.09259	0.06115	0.02873	0.02599	0.01882	0.06538	0.00836	0.00836	0.10911	0.00195	0.11706	0.01764	0.00235	0.00485
39	0.36019	0.04855	0.06058	0.01853	0.05293	0.07753	0.02755	0.02494	0.00822	0.03098	0.01152	0.01240	0.12205	0.00502	0.00413	0.00125	0.07653	0.00356	0.04898	0.00457
40	0.00827	0.05163	0.00927	0.02942	0.04904	0.00745	0.02240	0.09596	0.00929	0.04552	0.08205	0.13054	0.09670	0.02630	0.10383	0.00200	0.13716	0.02729	0.01321	0.05269
41	0.11034	0.03021	0.03896	0.00686	0.00934	0.08337	0.00574	0.01514	0.01001	0.41451	0.04601	0.02743	0.02663	0.00567	0.02467	0.00133	0.02436	0.00391	0.11002	0.00551
42	0.03094	0.13283	0.07147	0.05861	0.05428	0.04669	0.04168	0.00984	0.00825	0.03321	0.09815	0.01623	0.05786	0.07651	0.19036	0.00258	0.04321	0.02047	0.00246	0.00438
43	0.00605	0.02769	0.05708	0.00663	0.00772	0.00478	0.07017	0.00725	0.00789	0.02268	0.08098	0.42242	0.04931	0.16233	0.04624	0.00215	0.00359	0.00826	0.00318	0.00361
44	0.03037	0.02269	0.02501	0.02942	0.12902	0.03394	0.01979	0.04531	0.03339	0.03106	0.27160	0.04649	0.23046	0.01850	0.01434	0.00137	0.00318	0.00617	0.00345	0.00445
45	0.00975	0.23039	0.01188	0.02233	0.05913	0.03747	0.01725	0.05340	0.03870	0.09082	0.13551	0.05094	0.06005	0.04812	0.00493	0.00126	0.03782	0.00445	0.01194	0.07387
46	0.13695	0.18224	0.02901	0.00733	0.00972	0.05147	0.05728	0.07618	0.03681	0.05608	0.08075	0.10156	0.03543	0.02977	0.01923	0.01099	0.01434	0.01379	0.00288	0.04817
47	0.04024	0.10092	0.08355	0.08180	0.13529	0.06166	0.00784	0.02230	0.02264	0.03980	0.03849	0.13192	0.01101	0.04840	0.03187	0.00156	0.05559	0.03037	0.00252	0.05222

[dist]
# distance from previous block
# <min> <max>
10	134

[block]
# block no. 2 follows, 67 sequences, length 8
# corresponding to MSA columns:
# 444-451
name=unknown_C
#
# <colnr> <probs for GDERKNQSTAVLIFYWHMCP>
#	G	D	E	R	K	N	Q	S	T	A	V	L	I	F	Y	W	H	M	C	P
0	0.12561	0.07694	0.03742	0.00849	0.05259	0.04279	0.00676	0.22617	0.03129	0.06088	0.01287	0.03719	0.11759	0.00556	0.00478	0.00125	0.09868	0.00409	0.00305	0.04600
1	0.06965	0.05021	0.06788	0.03283	0.03619	0.16677	0.02706	0.08327	0.03341	0.01260	0.05311	0.21004	0.02676	0.07809	0.02006	0.00160	0.01766	0.00553	0.00283	0.00446
2	0.00746	0.00552	0.00641	0.00620	0.00692	0.00562	0.00425	0.03295	0.07035	0.01097	0.01652	0.08447	0.08821	0.42837	0.13875	0.00356	0.03054	0.02622	0.00312	0.02359
3	0.00663	0.05442	0.00709	0.00654	0.04553	0.00549	0.00478	0.00848	0.04760	0.03339	0.24072	0.12077	0.21081	0.02736	0.05047	0.00169	0.04630	0.05344	0.02448	0.00401
4	0.00889	0.03958	0.22220	0.05582	0.08578	0.07609	0.07733	0.06908	0.05750	0.01340	0.09499	0.07520	0.05787	0.00564	0.00434	0.00130	0.01901	0.02814	0.00268	0.00516
5	0.00841	0.05022	0.04780	0.00743	0.00974	0.00809	0.05276	0.06189	0.36432	0.01470	0.06836	0.02153	0.25482	0.00666	0.00426	0.00131	0.00323	0.00562	0.00364	0.00522
6	0.00962	0.05542	0.11326	0.01776	0.06446	0.05312	0.00703	0.05531	0.04804	0.07669	0.01065	0.03613	0.04619	0.03133	0.03787	0.00131	0.01727	0.00360	0.01598	0.29896
7	0.01230	0.21991	0.01291	0.00899	0.03749	0.39589	0.00696	0.07537	0.05243	0.01157	0.05513	0.01049	0.00831	0.07029	0.00479	0.00126	0.00545	0.00321	0.00239	0.00486

[dist]
# distance from previous block
# <min> <max>
14	102

[block]
# block no. 3 follows, 67 sequences, length 9
# corresponding to MSA columns:
# 577-585
name=unknown_D
#
# <colnr> <probs for GDERKNQSTAVLIFYWHMCP>
#	G	D	E	R	K	N	Q	S	T	A	V	L	I	F	Y	W	H	M	C	P
0	0.02391	0.09991	0.04529	0.04043	0.12808	0.04184	0.05848	0.07549	0.06831	0.04321	0.02975	0.08447	0.08449	0.02753	0.02259	0.00139	0.02170	0.00469	0.05383	0.04460
1	0.03803	0.05430	0.00939	0.03073	0.06052	0.12509	0.04562	0.09163	0.07376	0.01269	0.03510	0.19707	0.04692	0.12702	0.00643	0.00165	0.00406	0.00576	0.02979	0.00444
2	0.02430	0.03141	0.04812	0.04435	0.06717	0.03569	0.06073	0.03355	0.03029	0.05779	0.05504	0.13709	0.11124	0.00851	0.04477	0.04817	0.01467	0.06936	0.03594	0.04182
3	0.07997	0.03890	0.02911	0.05980	0.05871	0.13496	0.09619	0.09055	0.08534	0.07091	0.01188	0.11884	0.03065	0.02719	0.00445	0.00134	0.00452	0.02535	0.00294	0.02842
4	0.02786	0.15873	0.06562	0.07987	0.05801	0.18286	0.00800	0.06034	0.09660	0.04938	0.03885	0.02436	0.00812	0.00612	0.05134	0.00149	0.07128	0.00348	0.00251	0.00516
5	0.00626	0.00532	0.03675	0.00627	0.00712	0.03416	0.00492	0.00760	0.00672	0.00957	0.01090	0.01679	0.01041	0.15728	0.60049	0.00532	0.00880	0.00439	0.05738	0.00353
6	0.00914	0.02860	0.04260	0.03336	0.18043	0.04763	0.06509	0.08896	0.02607	0.02768	0.01103	0.18504	0.01088	0.04135	0.02385	0.00156	0.12071	0.00526	0.01809	0.03269
7	0.00685	0.00496	0.00600	0.00606	0.02089	0.02224	0.00443	0.02457	0.05149	0.05819	0.23024	0.17758	0.13775	0.08502	0.07712	0.00205	0.00343	0.07354	0.00368	0.00391
8	0.00572	0.00412	0.00564	0.00569	0.00613	0.00454	0.00406	0.00662	0.00629	0.00883	0.01196	0.06105	0.01242	0.31612	0.51688	0.00532	0.00795	0.00518	0.00232	0.00317

[dist]
# distance from previous block
# <min> <max>
5	22

[block]
# block no. 4 follows, 67 sequences, length 32
# corresponding to MSA columns:
# 609-640
name=unknown_E
#
# <colnr> <probs for GDERKNQSTAVLIFYWHMCP>
#	G	D	E	R	K	N	Q	S	T	A	V	L	I	F	Y	W	H	M	C	P
0	0.00944	0.01786	0.06949	0.16209	0.16240	0.07132	0.20481	0.03600	0.01885	0.04437	0.02695	0.04793	0.00884	0.00567	0.03469	0.00150	0.00548	0.05299	0.01413	0.00517
1	0.41820	0.03055	0.02524	0.03282	0.02031	0.09476	0.05175	0.11525	0.00904	0.01579	0.00707	0.00871	0.00571	0.00745	0.11362	0.00191	0.03166	0.00294	0.00248	0.00473
2	0.00636	0.00503	0.00724	0.03915	0.00832	0.00527	0.03435	0.00762	0.00702	0.00999	0.03412	0.04094	0.04649	0.11509	0.43422	0.04041	0.03251	0.00462	0.00234	0.11892
3	0.00685	0.00446	0.00538	0.00515	0.00587	0.00462	0.00363	0.02633	0.04083	0.03604	0.12705	0.02155	0.03588	0.31558	0.16375	0.01511	0.01355	0.00523	0.15965	0.00349
4	0.00519	0.00391	0.00483	0.00527	0.00600	0.00360	0.00379	0.00645	0.02393	0.01167	0.17107	0.43537	0.22973	0.01095	0.00496	0.00150	0.00228	0.06216	0.00385	0.00347
5	0.01089	0.00792	0.00899	0.00786	0.00976	0.07257	0.03927	0.21923	0.04593	0.13919	0.01609	0.28033	0.04059	0.00781	0.00466	0.00140	0.02007	0.05858	0.00376	0.00509
6	0.01010	0.00773	0.00896	0.00653	0.01001	0.00646	0.00527	0.13395	0.01016	0.07739	0.00817	0.00892	0.00638	0.00340	0.00321	0.00074	0.00322	0.00269	0.00282	0.68390
7	0.88738	0.00776	0.00589	0.00527	0.00776	0.00900	0.00434	0.01179	0.00683	0.01799	0.00558	0.00651	0.00434	0.00372	0.00248	0.00124	0.00310	0.00217	0.00248	0.00434
8	0.08516	0.00539	0.00640	0.00624	0.00754	0.00537	0.00469	0.11143	0.00971	0.12399	0.01929	0.46439	0.06759	0.00956	0.00461	0.00149	0.00287	0.05616	0.00382	0.00432
9	0.00815	0.00771	0.01306	0.64839	0.22416	0.00906	0.01142	0.01075	0.00829	0.01094	0.00723	0.01051	0.00559	0.00390	0.00400	0.00130	0.00520	0.00357	0.00183	0.00492
10	0.00583	0.00390	0.00446	0.00446	0.00449	0.00393	0.00254	0.00589	0.00586	0.00784	0.01256	0.02581	0.01439	0.82497	0.05424	0.00399	0.00417	0.00577	0.00242	0.00248
11	0.86349	0.00773	0.00599	0.00533	0.00782	0.00891	0.00439	0.01200	0.00695	0.04049	0.00587	0.00671	0.00450	0.00376	0.00252	0.00124	0.00311	0.00222	0.00255	0.00441
12	0.67199	0.00708	0.00586	0.00523	0.00751	0.00798	0.00425	0.01215	0.02440	0.07453	0.00768	0.00850	0.00582	0.00399	0.00267	0.00120	0.00293	0.00259	0.13917	0.00446
13	0.00864	0.13938	0.02980	0.16827	0.26506	0.02060	0.07868	0.01096	0.02993	0.01168	0.04376	0.09913	0.04937	0.00518	0.00420	0.00125	0.02205	0.00464	0.00232	0.00510
14	0.00567	0.00404	0.00541	0.00552	0.00589	0.00436	0.00383	0.00645	0.00635	0.00881	0.01284	0.11904	0.01379	0.35847	0.41639	0.00486	0.00702	0.00575	0.00245	0.00308
15	0.00677	0.00555	0.00594	0.00558	0.00689	0.04521	0.00424	0.07517	0.04265	0.01447	0.37507	0.08643	0.27055	0.00859	0.00464	0.00132	0.00253	0.03040	0.00398	0.00402
16	0.08690	0.00599	0.00722	0.00623	0.00823	0.00572	0.00488	0.09025	0.01065	0.32713	0.09965	0.19151	0.08853	0.00719	0.00421	0.00132	0.00292	0.00607	0.04026	0.00513
17	0.00573	0.00430	0.00645	0.00645	0.00716	0.00501	0.00501	0.00716	0.00645	0.00931	0.01074	0.01576	0.01003	0.03008	0.84316	0.00645	0.01074	0.00430	0.00215	0.00358
18	0.00820	0.00710	0.00808	0.00617	0.00931	0.03014	0.00493	0.00991	0.00845	0.01275	0.00899	0.05237	0.00833	0.00414	0.00331	0.00076	0.00313	0.06944	0.00254	0.74194
19	0.71709	0.07907	0.00801	0.00664	0.04824	0.04395	0.00515	0.02999	0.00750	0.01687	0.00579	0.00677	0.00460	0.00373	0.00264	0.00120	0.00348	0.00229	0.00241	0.00457
20	0.01072	0.86147	0.02102	0.00686	0.01029	0.01587	0.00686	0.01201	0.00815	0.00944	0.00558	0.00643	0.00515	0.00343	0.00257	0.00086	0.00429	0.00214	0.00172	0.00515
21	0.00833	0.00710	0.00824	0.00594	0.00942	0.00542	0.00475	0.02675	0.00856	0.01324	0.00839	0.00944	0.03593	0.00327	0.00306	0.00063	0.00297	0.00262	0.00246	0.83347
22	0.00489	0.00349	0.00465	0.00558	0.00582	0.00326	0.00372	0.00558	0.00768	0.01024	0.02210	0.85644	0.02653	0.01256	0.00512	0.00163	0.00233	0.01140	0.00372	0.00326
23	0.00824	0.00790	0.01266	0.60102	0.15713	0.03089	0.03396	0.01120	0.04793	0.01109	0.00813	0.03782	0.00654	0.00427	0.00405	0.00132	0.00514	0.00387	0.00200	0.00485
24	0.00594	0.00524	0.04906	0.00642	0.00739	0.00503	0.03047	0.00729	0.00683	0.00960	0.04421	0.01914	0.05149	0.20441	0.52359	0.00502	0.00813	0.00489	0.00235	0.00351
25	0.00877	0.00877	0.01228	0.01053	0.01053	0.01228	0.00877	0.00965	0.00614	0.00965	0.00526	0.00877	0.00526	0.00702	0.01316	0.00175	0.85172	0.00351	0.00175	0.00439
26	0.01577	0.01040	0.01152	0.00883	0.01202	0.01120	0.00730	0.66914	0.01746	0.17877	0.01080	0.01039	0.00741	0.00484	0.00402	0.00121	0.00422	0.00369	0.00419	0.00682
27	0.00857	0.00849	0.01323	0.08100	0.05280	0.01078	0.11411	0.01045	0.03876	0.01053	0.00687	0.01019	0.00617	0.00835	0.09270	0.00209	0.51456	0.00379	0.00193	0.00462
28	0.00670	0.00507	0.00685	0.00678	0.00763	0.00533	0.02947	0.08746	0.00875	0.01181	0.03277	0.32789	0.03621	0.08568	0.15967	0.00268	0.03789	0.13435	0.00323	0.00379
29	0.00649	0.00530	0.00557	0.00548	0.00689	0.02891	0.00421	0.00924	0.13742	0.03754	0.07199	0.10080	0.46987	0.00927	0.00469	0.00141	0.00258	0.08451	0.00380	0.00403
30	0.00598	0.00423	0.00517	0.00489	0.00607	0.00378	0.00372	0.00759	0.01063	0.05303	0.53084	0.03220	0.28183	0.00872	0.00472	0.00130	0.00205	0.02526	0.00421	0.00380
31	0.01055	0.04439	0.01518	0.05371	0.28750	0.17063	0.16609	0.05722	0.02714	0.01258	0.00913	0.06739	0.02248	0.00457	0.00429	0.00123	0.02440	0.00418	0.00229	0.01506

[dist]
# distance from previous block
# <min> <max>
1	26

[block]
# block no. 5 follows, 67 sequences, length 27
# corresponding to MSA columns:
# 667-674,676-694
name=unknown_F
#
# <colnr> <probs for GDERKNQSTAVLIFYWHMCP>
#	G	D	E	R	K	N	Q	S	T	A	V	L	I	F	Y	W	H	M	C	P
0	0.04849	0.27330	0.36087	0.01053	0.02603	0.03044	0.11838	0.05396	0.00901	0.01251	0.00684	0.00813	0.00531	0.00373	0.00364	0.00115	0.01725	0.00296	0.00191	0.00555
1	0.02809	0.17178	0.05485	0.02413	0.07561	0.03158	0.00684	0.08559	0.03182	0.07695	0.04937	0.01200	0.00883	0.06591	0.00504	0.00124	0.03600	0.02149	0.00267	0.21022
2	0.00556	0.00422	0.00487	0.00475	0.00592	0.00366	0.00345	0.00660	0.00895	0.02475	0.17666	0.17199	0.39682	0.06012	0.00594	0.03036	0.00231	0.00788	0.00362	0.07155
3	0.12969	0.41036	0.05473	0.00756	0.01053	0.17892	0.00687	0.01273	0.03306	0.01132	0.00724	0.00810	0.03013	0.00396	0.00324	0.00100	0.02662	0.00259	0.00206	0.05929
4	0.00641	0.00465	0.00556	0.00592	0.00661	0.02909	0.00426	0.04555	0.00894	0.03651	0.10938	0.50413	0.04956	0.06218	0.00587	0.00168	0.00277	0.09024	0.01706	0.00364
5	0.00748	0.00581	0.00767	0.05432	0.02992	0.04383	0.04787	0.01920	0.02539	0.07516	0.08093	0.35059	0.07068	0.05281	0.03918	0.00179	0.03769	0.04227	0.00336	0.00405
6	0.01067	0.23520	0.11756	0.05570	0.03605	0.09292	0.22284	0.07085	0.02912	0.03934	0.00785	0.02631	0.00631	0.00405	0.00404	0.00118	0.02888	0.00353	0.00221	0.00540
7	0.00514	0.00381	0.00484	0.00540	0.00603	0.00351	0.00390	0.00620	0.00867	0.01141	0.14573	0.48770	0.18444	0.01129	0.00503	0.00154	0.00235	0.09575	0.00382	0.00341
8	0.00679	0.00537	0.00779	0.00666	0.00823	0.00503	0.10587	0.04238	0.02732	0.03649	0.41430	0.06621	0.19854	0.00792	0.00467	0.00132	0.00276	0.02547	0.02274	0.00414
9	0.07362	0.01099	0.00992	0.02966	0.02622	0.21102	0.00674	0.25750	0.08608	0.06093	0.10968	0.02353	0.01097	0.00517	0.00415	0.00120	0.02974	0.00391	0.03354	0.00542
10	0.51873	0.13513	0.02470	0.06454	0.00991	0.04440	0.00559	0.04202	0.02562	0.01532	0.00789	0.03181	0.03280	0.02336	0.00331	0.00126	0.00367	0.00294	0.00245	0.00455
11	0.54950	0.00727	0.00665	0.00570	0.00816	0.00791	0.00466	0.04838	0.03081	0.17386	0.01025	0.01042	0.04554	0.00443	0.00302	0.00122	0.00307	0.00307	0.07119	0.00489
12	0.00757	0.00713	0.01203	0.84942	0.02762	0.00891	0.01114	0.01025	0.00802	0.01025	0.00713	0.01069	0.00535	0.00401	0.00401	0.00134	0.00535	0.00356	0.00178	0.00446
13	0.00489	0.00349	0.00465	0.00558	0.00582	0.00326	0.00372	0.00558	0.00768	0.01024	0.02210	0.85644	0.02653	0.01256	0.00512	0.00163	0.00233	0.01140	0.00372	0.00326
14	0.31851	0.00741	0.00829	0.00662	0.00951	0.00736	0.00546	0.06481	0.01031	0.50505	0.01191	0.01094	0.00781	0.00453	0.00350	0.00124	0.00337	0.00336	0.00405	0.00597
15	0.01023	0.00874	0.00921	0.00821	0.01052	0.01009	0.00641	0.05929	0.78841	0.01718	0.01601	0.01471	0.01198	0.00541	0.00408	0.00135	0.00323	0.00449	0.00408	0.00637
16	0.31621	0.00861	0.00862	0.00714	0.00979	0.00950	0.00580	0.25293	0.15844	0.11753	0.03724	0.01143	0.03079	0.00482	0.00354	0.00126	0.00347	0.00358	0.00361	0.00569
17	0.00629	0.00475	0.00589	0.00549	0.00663	0.00467	0.00415	0.00954	0.12837	0.01618	0.71488	0.02781	0.03417	0.00780	0.00464	0.00128	0.00208	0.00686	0.00437	0.00415
18	0.00976	0.00936	0.01597	0.08421	0.77577	0.00948	0.01222	0.01216	0.00905	0.01290	0.00751	0.00998	0.00628	0.00360	0.00397	0.00120	0.00481	0.00357	0.00197	0.00622
19	0.00993	0.00953	0.01628	0.02462	0.83404	0.00953	0.01231	0.01231	0.00913	0.01310	0.00754	0.00993	0.00635	0.00357	0.00397	0.00119	0.00476	0.00357	0.00199	0.00635
20	0.00915	0.00943	0.11120	0.00747	0.00950	0.13123	0.00642	0.09583	0.05443	0.06127	0.11525	0.22200	0.07503	0.00755	0.00436	0.00133	0.00380	0.03743	0.03266	0.00465
21	0.00638	0.00386	0.00562	0.00552	0.00592	0.00378	0.02134	0.00606	0.00702	0.00951	0.16314	0.09560	0.05328	0.03211	0.05999	0.49204	0.00352	0.02014	0.00259	0.00257
22	0.00554	0.00405	0.00510	0.00513	0.00598	0.00379	0.00375	0.00727	0.03089	0.01388	0.47799	0.23350	0.12530	0.00978	0.02222	0.00146	0.00223	0.00818	0.03029	0.00367
23	0.00559	0.00403	0.00480	0.00487	0.00586	0.00360	0.00355	0.00678	0.00932	0.04302	0.23845	0.23999	0.35170	0.02203	0.02373	0.00154	0.00234	0.00852	0.01671	0.00358
24	0.28740	0.00754	0.00781	0.00666	0.00907	0.00795	0.00545	0.18232	0.04962	0.10571	0.06849	0.03484	0.04591	0.00568	0.00372	0.00127	0.00332	0.09060	0.00348	0.07315
25	0.48295	0.06819	0.04498	0.00616	0.00859	0.00872	0.00528	0.08105	0.00827	0.07350	0.00788	0.00985	0.00644	0.06740	0.08797	0.00191	0.00424	0.00296	0.01903	0.00463
26	0.00791	0.06630	0.10348	0.00737	0.02622	0.03008	0.01549	0.06086	0.08686	0.03329	0.21609	0.16731	0.05538	0.00811	0.03321	0.00148	0.00357	0.03588	0.02244	0.01866

[dist]
# distance from previous block
# <min> <max>
0	45

[block]
# block no. 6 follows, 67 sequences, length 12
# corresponding to MSA columns:
# 741-752
name=unknown_G
#
# <colnr> <probs for GDERKNQSTAVLIFYWHMCP>
#	G	D	E	R	K	N	Q	S	T	A	V	L	I	F	Y	W	H	M	C	P
0	0.02289	0.09049	0.15210	0.05023	0.06159	0.04248	0.14231	0.05948	0.05312	0.04038	0.06252	0.01332	0.05855	0.00485	0.00454	0.00124	0.05609	0.02078	0.00255	0.06049
1	0.00706	0.00528	0.02355	0.00600	0.02697	0.00478	0.00446	0.02224	0.05132	0.05469	0.34979	0.04375	0.08292	0.12835	0.04324	0.00183	0.00306	0.03183	0.03263	0.07624
2	0.00985	0.04339	0.07318	0.13776	0.20922	0.05976	0.02167	0.14698	0.03515	0.01432	0.07786	0.05777	0.01051	0.00527	0.00458	0.00129	0.04916	0.03425	0.00268	0.00537
3	0.03706	0.00572	0.00648	0.00578	0.00706	0.00595	0.00424	0.14002	0.05380	0.09129	0.07092	0.05836	0.01369	0.27946	0.05989	0.00237	0.00374	0.00505	0.14488	0.00424
4	0.00598	0.00429	0.00537	0.00526	0.00544	0.00468	0.00345	0.00639	0.00600	0.00827	0.01172	0.02259	0.01289	0.60195	0.22398	0.00439	0.05689	0.00531	0.00232	0.00283
5	0.01427	0.01016	0.01132	0.05983	0.01284	0.01121	0.00748	0.57356	0.13769	0.10313	0.01108	0.01088	0.00784	0.00487	0.00402	0.00124	0.00419	0.00379	0.00398	0.00661
6	0.00523	0.00399	0.00457	0.00456	0.00545	0.00358	0.00323	0.00631	0.00910	0.01185	0.27755	0.11038	0.36794	0.15962	0.00754	0.00180	0.00234	0.00790	0.00371	0.00333
7	0.00829	0.01922	0.72269	0.01296	0.09805	0.00937	0.04867	0.01267	0.00858	0.01275	0.00727	0.00871	0.00525	0.00377	0.00387	0.00127	0.00585	0.00310	0.00174	0.00595
8	0.00697	0.00348	0.00522	0.00522	0.00522	0.00348	0.00348	0.00522	0.00522	0.00697	0.00697	0.01219	0.00697	0.01393	0.01567	0.88332	0.00348	0.00348	0.00174	0.00174
9	0.01554	0.00749	0.00932	0.00722	0.01022	0.00700	0.00591	0.14481	0.06162	0.53211	0.01386	0.01264	0.00920	0.00476	0.00386	0.00116	0.00343	0.00382	0.05293	0.09309
10	0.82914	0.00769	0.00612	0.00540	0.00792	0.00879	0.00445	0.01231	0.00714	0.07285	0.00627	0.00699	0.00472	0.00381	0.00259	0.00124	0.00312	0.00230	0.00265	0.00451
11	0.00583	0.00389	0.00437	0.00437	0.00437	0.00389	0.00243	0.00583	0.00583	0.00778	0.01264	0.02624	0.01458	0.85906	0.02041	0.00389	0.00389	0.00583	0.00243	0.00243

[dist]
# distance from previous block
# <min> <max>
0	1

# created by:
# /st0/software/busco_prod/Augustus/scripts/msa2prfl.pl ./align_prep/31115.fa
