[name]
unknown

[dist]
# distance from previous block
# <min> <max>
0	57

[block]
# block no. 0 follows, 65 sequences, length 37
# corresponding to MSA columns:
# 64-100
name=unknown_A
#
# <colnr> <probs for GDERKNQSTAVLIFYWHMCP>
#	G	D	E	R	K	N	Q	S	T	A	V	L	I	F	Y	W	H	M	C	P
0	0.06340	0.01795	0.08335	0.00801	0.03987	0.02048	0.05158	0.10773	0.03917	0.03424	0.18410	0.02058	0.13603	0.03628	0.00481	0.00134	0.00358	0.03992	0.00335	0.10424
1	0.00686	0.00470	0.00593	0.00633	0.00710	0.00464	0.00453	0.07140	0.04983	0.05329	0.02095	0.65577	0.02377	0.01139	0.00507	0.00161	0.00273	0.05619	0.00391	0.00399
2	0.01404	0.05525	0.07662	0.01113	0.01386	0.62037	0.08924	0.05053	0.01140	0.01126	0.00674	0.00794	0.00545	0.00413	0.00380	0.00111	0.00699	0.00292	0.00215	0.00506
3	0.01405	0.01062	0.01139	0.00903	0.01201	0.01182	0.00736	0.61514	0.18682	0.02364	0.04698	0.01190	0.00953	0.00521	0.00415	0.00127	0.00414	0.00406	0.00414	0.00674
4	0.01390	0.03128	0.09384	0.01035	0.01291	0.63744	0.00846	0.01668	0.11509	0.01125	0.00776	0.00853	0.00621	0.00436	0.00377	0.00112	0.00669	0.00293	0.00234	0.00512
5	0.00868	0.00745	0.00859	0.00631	0.00982	0.00595	0.00503	0.01148	0.09000	0.01376	0.00824	0.00919	0.00673	0.00329	0.00315	0.00069	0.00306	0.00265	0.00261	0.79333
6	0.00823	0.02123	0.83447	0.01170	0.01777	0.00953	0.01517	0.01300	0.00867	0.01300	0.00737	0.00867	0.00520	0.00390	0.00390	0.00130	0.00607	0.00303	0.00173	0.00607
7	0.00528	0.00418	0.00476	0.00461	0.00581	0.00365	0.00346	0.00673	0.01037	0.01351	0.39543	0.03553	0.47311	0.00949	0.00485	0.00134	0.00202	0.00811	0.00413	0.00365
8	0.00502	0.00361	0.00476	0.00563	0.00594	0.00335	0.00378	0.00578	0.00802	0.01066	0.04447	0.79610	0.06241	0.01264	0.00521	0.00164	0.00236	0.01143	0.00383	0.00335
9	0.00500	0.00357	0.00476	0.00572	0.00595	0.00333	0.00381	0.00572	0.00786	0.01048	0.02262	0.85306	0.02715	0.01286	0.00524	0.00167	0.00238	0.01167	0.00381	0.00333
10	0.00849	0.00805	0.01364	0.59495	0.27344	0.00931	0.01177	0.01113	0.00856	0.01138	0.00743	0.01070	0.00579	0.00397	0.00409	0.00132	0.00529	0.00365	0.00189	0.00515
11	0.01016	0.00975	0.01666	0.02520	0.83013	0.00975	0.01260	0.01260	0.00935	0.01341	0.00772	0.01016	0.00650	0.00366	0.00406	0.00122	0.00488	0.00366	0.00203	0.00650
12	0.00775	0.00730	0.01231	0.84587	0.02827	0.00912	0.01140	0.01049	0.00821	0.01049	0.00730	0.01094	0.00547	0.00410	0.00410	0.00137	0.00547	0.00365	0.00182	0.00456
13	0.00902	0.00859	0.01461	0.41278	0.45143	0.00945	0.01203	0.01160	0.00881	0.01203	0.00752	0.01053	0.00602	0.00387	0.00408	0.00129	0.00516	0.00365	0.00193	0.00558
14	0.01406	0.15830	0.01333	0.05845	0.01320	0.63981	0.00800	0.01525	0.01079	0.01000	0.00628	0.00750	0.00530	0.00415	0.00372	0.00106	0.02129	0.00264	0.00203	0.00483
15	0.01674	0.09273	0.01108	0.02304	0.04010	0.03193	0.00654	0.01877	0.04664	0.64686	0.01442	0.01291	0.00942	0.00485	0.00397	0.00123	0.00377	0.00389	0.00445	0.00667
16	0.01034	0.64386	0.20015	0.00810	0.01213	0.01455	0.00880	0.01278	0.03717	0.01066	0.00646	0.00735	0.00551	0.00367	0.00297	0.00099	0.00472	0.00247	0.00184	0.00549
17	0.00768	0.00837	0.08851	0.65577	0.05254	0.00866	0.01104	0.01052	0.00863	0.01142	0.08945	0.01268	0.00881	0.00450	0.00416	0.00135	0.00515	0.00397	0.00209	0.00470
18	0.00971	0.00764	0.01023	0.01223	0.24139	0.00796	0.00745	0.01503	0.30714	0.09621	0.02900	0.15299	0.07207	0.00656	0.00437	0.00137	0.00349	0.00579	0.00358	0.00577
19	0.00782	0.00737	0.01244	0.82114	0.05244	0.00914	0.01144	0.01055	0.00824	0.01058	0.00731	0.01092	0.00550	0.00409	0.00410	0.00136	0.00545	0.00365	0.00183	0.00462
20	0.00526	0.00389	0.00488	0.00546	0.00607	0.00359	0.00389	0.00625	0.00862	0.01127	0.10702	0.47798	0.19722	0.05179	0.00590	0.00170	0.00249	0.08948	0.00382	0.00342
21	0.00846	0.03748	0.72047	0.01227	0.01806	0.00977	0.11082	0.01300	0.00878	0.01295	0.00744	0.00891	0.00532	0.00384	0.00399	0.00130	0.00613	0.00323	0.00177	0.00599
22	0.00996	0.00955	0.01630	0.09250	0.76437	0.00970	0.01250	0.01242	0.00925	0.01317	0.00769	0.01022	0.00642	0.00369	0.00407	0.00123	0.00493	0.00366	0.00201	0.00634
23	0.01056	0.01066	0.02275	0.01630	0.02035	0.00995	0.73424	0.01383	0.00989	0.09520	0.00909	0.01136	0.00662	0.00362	0.00477	0.00137	0.00658	0.00477	0.00238	0.00568
24	0.00867	0.05713	0.63129	0.01232	0.01781	0.01001	0.14983	0.01330	0.03757	0.01302	0.00778	0.00921	0.00564	0.00387	0.00401	0.00130	0.00604	0.00336	0.00188	0.00596
25	0.01002	0.01786	0.03212	0.01102	0.06831	0.02063	0.22427	0.09192	0.01027	0.13777	0.01468	0.31362	0.01438	0.00727	0.00468	0.00143	0.00435	0.00688	0.00334	0.00517
26	0.01455	0.00650	0.00845	0.00693	0.00942	0.00590	0.00554	0.07562	0.02205	0.54325	0.05305	0.15110	0.06541	0.00680	0.00438	0.00134	0.00323	0.00574	0.00469	0.00604
27	0.00915	0.00830	0.01461	0.47758	0.21709	0.00916	0.11693	0.01181	0.00890	0.05926	0.00866	0.01146	0.02079	0.00408	0.00421	0.00133	0.00535	0.00393	0.00213	0.00527
28	0.00923	0.02295	0.21322	0.08214	0.24962	0.00948	0.24821	0.02051	0.00938	0.02397	0.04552	0.03027	0.00800	0.00415	0.00430	0.00131	0.00559	0.00420	0.00217	0.00577
29	0.00993	0.00857	0.03212	0.44719	0.28612	0.02234	0.01118	0.01246	0.00906	0.10924	0.00848	0.01094	0.00635	0.00407	0.00408	0.00130	0.00509	0.00368	0.00228	0.00552
30	0.00931	0.01083	0.15547	0.08034	0.15891	0.03470	0.21604	0.02239	0.00945	0.06977	0.01282	0.09692	0.07278	0.00545	0.00445	0.00136	0.00514	0.02588	0.00258	0.00539
31	0.00915	0.04028	0.40587	0.01091	0.03393	0.03673	0.12234	0.01239	0.00922	0.09083	0.03412	0.11811	0.04700	0.00550	0.00425	0.00134	0.00515	0.00483	0.00255	0.00550
32	0.00989	0.07103	0.25579	0.01323	0.19295	0.03407	0.07949	0.01294	0.03439	0.10381	0.03533	0.11833	0.01017	0.00525	0.00416	0.00130	0.00484	0.00466	0.00264	0.00572
33	0.00997	0.01067	0.09652	0.17227	0.18270	0.02407	0.28711	0.04967	0.00979	0.06341	0.00939	0.03652	0.02003	0.00424	0.00437	0.00133	0.00563	0.00434	0.00235	0.00564
34	0.04215	0.03926	0.09318	0.05266	0.28397	0.03756	0.19386	0.02614	0.02493	0.09964	0.02010	0.03162	0.02746	0.00432	0.00418	0.00128	0.00514	0.00416	0.00253	0.00586
35	0.00927	0.00856	0.01369	0.19038	0.45238	0.00894	0.02941	0.07035	0.02129	0.01342	0.01267	0.02502	0.11708	0.00489	0.00422	0.00129	0.00459	0.00447	0.00243	0.00566
36	0.00964	0.01037	0.06530	0.09213	0.23103	0.05207	0.30597	0.01243	0.01996	0.04424	0.01024	0.09834	0.01937	0.00479	0.00446	0.00134	0.00551	0.00493	0.00237	0.00550

[dist]
# distance from previous block
# <min> <max>
3	5

[block]
# block no. 1 follows, 65 sequences, length 35
# corresponding to MSA columns:
# 106-140
name=unknown_B
#
# <colnr> <probs for GDERKNQSTAVLIFYWHMCP>
#	G	D	E	R	K	N	Q	S	T	A	V	L	I	F	Y	W	H	M	C	P
0	0.01118	0.01072	0.04278	0.21931	0.21504	0.12012	0.11072	0.06322	0.01020	0.09330	0.00843	0.01030	0.00637	0.00401	0.00407	0.00123	0.00539	0.00362	0.00244	0.05755
1	0.06350	0.02044	0.03098	0.04960	0.53325	0.00982	0.11303	0.06407	0.00986	0.03778	0.00829	0.02604	0.00679	0.00396	0.00408	0.00126	0.00496	0.00386	0.00231	0.00615
2	0.04868	0.10260	0.06753	0.01295	0.15200	0.37165	0.07495	0.04107	0.02293	0.03386	0.00722	0.00856	0.00583	0.00411	0.00402	0.00116	0.03019	0.00309	0.00222	0.00539
3	0.00985	0.00951	0.01530	0.17611	0.61285	0.03185	0.01190	0.01283	0.05550	0.01299	0.00812	0.01052	0.00662	0.00386	0.00407	0.00125	0.00496	0.00368	0.00212	0.00609
4	0.00597	0.00398	0.00448	0.00448	0.00448	0.00398	0.00249	0.00597	0.00597	0.00796	0.01293	0.02686	0.01492	0.85574	0.02089	0.00398	0.00398	0.00597	0.00249	0.00249
5	0.00574	0.00541	0.04849	0.00538	0.00671	0.02431	0.00430	0.00740	0.01913	0.01324	0.34349	0.15563	0.32682	0.00944	0.00482	0.00138	0.00242	0.00814	0.00394	0.00381
6	0.00780	0.00730	0.01210	0.79807	0.02722	0.00891	0.01103	0.01048	0.00823	0.01065	0.00730	0.01081	0.00551	0.00404	0.00404	0.00132	0.00533	0.00358	0.00186	0.05444
7	0.01555	0.00657	0.00873	0.00685	0.00970	0.00563	0.00556	0.01710	0.01110	0.63409	0.06233	0.03649	0.04293	0.02677	0.00456	0.00130	0.00330	0.01373	0.00466	0.08304
8	0.00823	0.02123	0.83447	0.01170	0.01777	0.00953	0.01517	0.01300	0.00867	0.01300	0.00737	0.00867	0.00520	0.00390	0.00390	0.00130	0.00607	0.00303	0.00173	0.00607
9	0.01137	0.00929	0.01025	0.00970	0.07495	0.03987	0.00708	0.17037	0.46675	0.05362	0.04241	0.01411	0.01143	0.00676	0.05171	0.00162	0.00417	0.00437	0.00386	0.00630
10	0.00495	0.00376	0.00457	0.00523	0.00583	0.00338	0.00359	0.00577	0.00833	0.01067	0.02855	0.59862	0.27776	0.01209	0.00512	0.00158	0.00229	0.01073	0.00381	0.00338
11	0.00809	0.00470	0.00605	0.00546	0.00689	0.00421	0.00418	0.00977	0.01113	0.17455	0.51608	0.06968	0.14656	0.00826	0.00472	0.00132	0.00228	0.00717	0.00449	0.00439
12	0.01539	0.00818	0.00984	0.00781	0.01067	0.00812	0.00638	0.30063	0.02503	0.41563	0.01599	0.06276	0.05914	0.00598	0.00427	0.00131	0.00371	0.02815	0.00454	0.00647
13	0.01148	0.01163	0.01257	0.18413	0.23389	0.23301	0.00952	0.02908	0.17649	0.04387	0.00946	0.01077	0.00735	0.00437	0.00400	0.00124	0.00529	0.00360	0.00260	0.00566
14	0.01120	0.00982	0.01130	0.03022	0.03251	0.08396	0.02035	0.13348	0.21778	0.06363	0.01021	0.01149	0.00811	0.00745	0.06459	0.00181	0.26963	0.00390	0.00301	0.00556
15	0.00724	0.00641	0.01040	0.11113	0.23369	0.00650	0.06396	0.00924	0.03700	0.01171	0.01581	0.42571	0.02751	0.00838	0.00472	0.00148	0.00377	0.00778	0.00298	0.00461
16	0.01724	0.00846	0.03871	0.00793	0.01120	0.00766	0.00673	0.18359	0.03728	0.61434	0.01460	0.01298	0.00941	0.00502	0.00412	0.00127	0.00379	0.00402	0.00474	0.00694
17	0.01330	0.01223	0.01069	0.00935	0.02512	0.23840	0.00720	0.21503	0.32110	0.06535	0.01260	0.01222	0.02870	0.00510	0.00404	0.00125	0.00472	0.00391	0.00360	0.00609
18	0.02063	0.02397	0.48869	0.03313	0.06765	0.00943	0.08982	0.07408	0.03905	0.04287	0.00973	0.01122	0.03715	0.02931	0.00455	0.00138	0.00548	0.00369	0.00229	0.00589
19	0.00681	0.00609	0.00957	0.50225	0.04767	0.00701	0.00850	0.00887	0.00846	0.01088	0.04421	0.18040	0.12942	0.00686	0.00446	0.00142	0.00423	0.00607	0.00260	0.00421
20	0.00823	0.02123	0.83447	0.01170	0.01777	0.00953	0.01517	0.01300	0.00867	0.01300	0.00737	0.00867	0.00520	0.00390	0.00390	0.00130	0.00607	0.00303	0.00173	0.00607
21	0.04144	0.04239	0.01496	0.16050	0.34944	0.12042	0.08616	0.03837	0.02999	0.04179	0.00815	0.02232	0.00660	0.00411	0.00414	0.00125	0.01633	0.00369	0.00227	0.00569
22	0.00865	0.01262	0.29608	0.01559	0.32368	0.00886	0.01156	0.01222	0.05871	0.01289	0.02993	0.03625	0.00831	0.00784	0.11166	0.00198	0.03130	0.00393	0.00219	0.00577
23	0.00775	0.00730	0.01231	0.84587	0.02827	0.00912	0.01140	0.01049	0.00821	0.01049	0.00730	0.01094	0.00547	0.00410	0.00410	0.00137	0.00547	0.00365	0.00182	0.00456
24	0.00514	0.00453	0.02448	0.00475	0.00605	0.00369	0.00369	0.00639	0.00951	0.01188	0.15168	0.12312	0.58684	0.01024	0.00489	0.00141	0.00224	0.03200	0.00386	0.00358
25	0.01091	0.08364	0.04537	0.05666	0.52116	0.03951	0.07513	0.04548	0.00984	0.06159	0.00810	0.01002	0.00647	0.00381	0.00399	0.00121	0.00506	0.00360	0.00226	0.00620
26	0.00976	0.01019	0.01252	0.53385	0.08323	0.17686	0.01052	0.03343	0.00914	0.01099	0.00707	0.01000	0.00555	0.00434	0.00469	0.00132	0.06634	0.00344	0.00196	0.00480
27	0.00564	0.00415	0.00500	0.00500	0.00604	0.00370	0.00370	0.00703	0.01009	0.03303	0.36283	0.17720	0.32406	0.00989	0.00492	0.00140	0.00214	0.02634	0.00413	0.00370
28	0.01141	0.00870	0.00948	0.03368	0.01073	0.03238	0.00641	0.39712	0.11075	0.03553	0.08693	0.17751	0.04735	0.00703	0.00442	0.00135	0.00371	0.00587	0.00398	0.00566
29	0.01036	0.04542	0.01611	0.02223	0.68409	0.02701	0.02393	0.04785	0.03008	0.01375	0.00901	0.01102	0.03278	0.00398	0.00404	0.00121	0.00479	0.00378	0.00222	0.00632
30	0.00816	0.00751	0.00952	0.03646	0.15969	0.07252	0.00703	0.03965	0.02090	0.01217	0.11158	0.24081	0.03918	0.04220	0.02813	0.00169	0.14892	0.00644	0.00295	0.00449
31	0.00910	0.03862	0.55391	0.01108	0.03045	0.03123	0.06151	0.01341	0.05648	0.06534	0.01045	0.05539	0.03542	0.00474	0.00406	0.00131	0.00543	0.00394	0.00231	0.00584
32	0.01109	0.02550	0.03523	0.07897	0.24371	0.11008	0.08662	0.01321	0.02057	0.14523	0.03084	0.08849	0.02996	0.00534	0.00480	0.00132	0.05610	0.00463	0.00279	0.00554
33	0.01043	0.04922	0.10924	0.09536	0.25462	0.06423	0.16881	0.04845	0.00993	0.07022	0.02197	0.03810	0.03189	0.00444	0.00419	0.00127	0.00530	0.00418	0.00243	0.00573
34	0.01017	0.00931	0.04027	0.07946	0.30605	0.02133	0.12602	0.08774	0.06824	0.06245	0.02600	0.08599	0.02584	0.00574	0.02569	0.00145	0.00489	0.00479	0.00278	0.00579

[dist]
# distance from previous block
# <min> <max>
2	56

[block]
# block no. 2 follows, 65 sequences, length 17
# corresponding to MSA columns:
# 203-219
name=unknown_C
#
# <colnr> <probs for GDERKNQSTAVLIFYWHMCP>
#	G	D	E	R	K	N	Q	S	T	A	V	L	I	F	Y	W	H	M	C	P
0	0.00924	0.04373	0.16490	0.06993	0.07105	0.00851	0.09387	0.08279	0.10692	0.05163	0.10981	0.04549	0.08512	0.00558	0.00425	0.00129	0.00430	0.00489	0.00306	0.03363
1	0.03420	0.11606	0.07759	0.01099	0.16396	0.09200	0.00789	0.01096	0.03656	0.01113	0.00900	0.01202	0.00793	0.01575	0.37207	0.00354	0.00776	0.00364	0.00214	0.00483
2	0.01153	0.26194	0.21110	0.01002	0.01376	0.18883	0.08671	0.09400	0.01039	0.02991	0.00797	0.00922	0.02190	0.02110	0.00396	0.00118	0.00562	0.00314	0.00222	0.00549
3	0.51909	0.05668	0.07727	0.00642	0.00913	0.02529	0.00571	0.05685	0.06622	0.01667	0.02387	0.01143	0.07655	0.02944	0.00366	0.00134	0.00356	0.00330	0.00276	0.00477
4	0.00991	0.17515	0.30586	0.03151	0.17519	0.04169	0.04240	0.05420	0.03823	0.01312	0.00757	0.00895	0.00593	0.00383	0.00368	0.00115	0.00518	0.00311	0.00209	0.07124
5	0.05967	0.06889	0.16955	0.00770	0.01140	0.00780	0.00742	0.04744	0.04320	0.17029	0.00955	0.01018	0.00712	0.00566	0.05781	0.00137	0.00440	0.00312	0.00289	0.30455
6	0.01023	0.00952	0.03163	0.11238	0.39443	0.02536	0.02790	0.05018	0.21331	0.03588	0.01112	0.01274	0.02467	0.00455	0.00415	0.00130	0.00453	0.01720	0.00278	0.00614
7	0.00500	0.00357	0.00476	0.00572	0.00595	0.00333	0.00381	0.00572	0.00786	0.01048	0.02262	0.85306	0.02715	0.01286	0.00524	0.00167	0.00238	0.01167	0.00381	0.00333
8	0.00597	0.00420	0.00588	0.00606	0.00678	0.00395	0.03402	0.00703	0.00853	0.04865	0.12197	0.53503	0.08375	0.03826	0.06771	0.00201	0.00321	0.00961	0.00373	0.00366
9	0.00593	0.00396	0.00449	0.00453	0.00454	0.00395	0.00255	0.00596	0.00605	0.00807	0.01336	0.06297	0.01546	0.81890	0.02021	0.00388	0.00391	0.00622	0.00255	0.00252
10	0.00541	0.00414	0.00496	0.00484	0.00591	0.00369	0.00360	0.00694	0.01054	0.01411	0.48861	0.09332	0.32018	0.00943	0.00487	0.00135	0.00202	0.00817	0.00421	0.00369
11	0.00521	0.00412	0.00465	0.00462	0.00573	0.00360	0.00340	0.00648	0.00986	0.01267	0.29281	0.10115	0.48362	0.03714	0.00540	0.00146	0.00212	0.00842	0.00400	0.00355
12	0.00786	0.00741	0.01251	0.80789	0.06538	0.00915	0.01146	0.01059	0.00826	0.01062	0.00732	0.01091	0.00552	0.00408	0.00410	0.00136	0.00544	0.00365	0.00183	0.00465
13	0.00605	0.00490	0.00546	0.00519	0.00657	0.00467	0.00393	0.00907	0.13654	0.01409	0.33837	0.03237	0.39982	0.00888	0.00474	0.00135	0.00221	0.00756	0.00414	0.00409
14	0.00940	0.05392	0.07928	0.13535	0.14138	0.02465	0.06770	0.05074	0.04695	0.01343	0.00790	0.00959	0.00628	0.00365	0.00365	0.00102	0.00445	0.00318	0.00232	0.33517
15	0.47307	0.05437	0.00924	0.00831	0.07325	0.20415	0.00608	0.01295	0.00849	0.01507	0.00619	0.00731	0.00502	0.00380	0.00299	0.00112	0.00435	0.00245	0.00235	0.09944
16	0.00866	0.00788	0.01041	0.00845	0.03723	0.00769	0.04305	0.01055	0.02883	0.01247	0.00765	0.03887	0.00684	0.00455	0.00592	0.00102	0.21820	0.00326	0.00233	0.53613

[dist]
# distance from previous block
# <min> <max>
2	4

[block]
# block no. 3 follows, 65 sequences, length 64
# corresponding to MSA columns:
# 224-287
name=unknown_D
#
# <colnr> <probs for GDERKNQSTAVLIFYWHMCP>
#	G	D	E	R	K	N	Q	S	T	A	V	L	I	F	Y	W	H	M	C	P
0	0.03652	0.00516	0.00674	0.00605	0.00769	0.00467	0.00463	0.01174	0.01056	0.30838	0.29587	0.22233	0.04636	0.00820	0.00461	0.00138	0.00264	0.00714	0.00447	0.00487
1	0.01086	0.01093	0.03990	0.06009	0.52112	0.07959	0.03560	0.08970	0.04246	0.01412	0.00803	0.01006	0.00653	0.00411	0.00455	0.00126	0.04901	0.00363	0.00229	0.00616
2	0.00529	0.00416	0.00455	0.00463	0.00584	0.00358	0.00344	0.00642	0.00944	0.02818	0.12025	0.14680	0.60095	0.01043	0.00491	0.00142	0.00218	0.03006	0.00391	0.00357
3	0.00851	0.00730	0.00851	0.00608	0.00973	0.00547	0.00486	0.01034	0.00851	0.01338	0.00730	0.00851	0.00608	0.00304	0.00304	0.00061	0.00304	0.00243	0.00243	0.88083
4	0.01166	0.01025	0.02935	0.04570	0.08095	0.05096	0.15966	0.20906	0.06892	0.07720	0.03866	0.01149	0.00822	0.00580	0.03107	0.00153	0.14668	0.00408	0.00297	0.00578
5	0.01006	0.00975	0.01692	0.04943	0.76396	0.00977	0.05434	0.01256	0.00933	0.01331	0.00774	0.01023	0.00646	0.00366	0.00411	0.00123	0.00500	0.00372	0.00203	0.00639
6	0.01460	0.00662	0.00864	0.00687	0.00953	0.00594	0.00556	0.05371	0.03788	0.54038	0.19265	0.01758	0.02845	0.00579	0.00424	0.00125	0.00315	0.00483	0.00474	0.04757
7	0.00891	0.05258	0.02905	0.12912	0.10204	0.08324	0.06687	0.02992	0.00821	0.03009	0.00927	0.03124	0.00876	0.18539	0.10650	0.02599	0.08188	0.00430	0.00224	0.00441
8	0.01037	0.00968	0.01568	0.07117	0.49757	0.04658	0.11658	0.01334	0.06089	0.05840	0.00952	0.05461	0.00801	0.00436	0.00422	0.00128	0.00499	0.00427	0.00243	0.00604
9	0.00535	0.00416	0.00486	0.00472	0.00586	0.00367	0.00353	0.00685	0.01050	0.01387	0.45032	0.05300	0.39974	0.00941	0.00485	0.00134	0.00201	0.00809	0.00418	0.00367
10	0.00506	0.00360	0.00475	0.00564	0.00586	0.00337	0.00373	0.00573	0.00774	0.01033	0.02204	0.80316	0.02641	0.06376	0.00618	0.00181	0.00248	0.01133	0.00373	0.00328
11	0.03053	0.01193	0.06635	0.04732	0.15766	0.10088	0.14675	0.23153	0.11052	0.03159	0.00938	0.01047	0.00707	0.00436	0.00425	0.00127	0.01529	0.00382	0.00290	0.00611
12	0.00612	0.02175	0.00568	0.00572	0.00651	0.02352	0.00411	0.00750	0.02870	0.03709	0.22836	0.47071	0.10159	0.01067	0.00496	0.00150	0.00248	0.02531	0.00396	0.00375
13	0.00500	0.00357	0.00476	0.00572	0.00595	0.00333	0.00381	0.00572	0.00786	0.01048	0.02262	0.85306	0.02715	0.01286	0.00524	0.00167	0.00238	0.01167	0.00381	0.00333
14	0.00814	0.00770	0.01302	0.71210	0.15897	0.00922	0.01160	0.01083	0.00839	0.01096	0.00737	0.01082	0.00564	0.00403	0.00410	0.00134	0.00537	0.00365	0.00186	0.00488
15	0.00500	0.00357	0.00476	0.00572	0.00595	0.00333	0.00381	0.00572	0.00786	0.01048	0.02262	0.85306	0.02715	0.01286	0.00524	0.00167	0.00238	0.01167	0.00381	0.00333
16	0.01035	0.07305	0.11589	0.03476	0.05625	0.10365	0.02991	0.07348	0.25773	0.03479	0.09934	0.04015	0.02358	0.00534	0.00407	0.00126	0.00433	0.00440	0.00321	0.02446
17	0.00934	0.06993	0.40530	0.03903	0.08318	0.02989	0.05799	0.03963	0.02875	0.02506	0.02047	0.00952	0.00626	0.00458	0.00559	0.00135	0.15300	0.00339	0.00204	0.00569
18	0.00781	0.00629	0.02264	0.00686	0.02476	0.02356	0.02493	0.07078	0.06450	0.05032	0.23274	0.19357	0.13520	0.00817	0.00459	0.00133	0.00293	0.02769	0.00381	0.08751
19	0.01422	0.05317	0.01155	0.01003	0.01207	0.72249	0.00762	0.01533	0.01100	0.00998	0.00678	0.00823	0.00578	0.00682	0.08614	0.00160	0.00763	0.00280	0.00211	0.00467
20	0.01041	0.02716	0.00998	0.00865	0.01093	0.05717	0.03089	0.06943	0.59828	0.01646	0.01576	0.04187	0.01271	0.00600	0.00428	0.00140	0.00371	0.06494	0.00390	0.00607
21	0.83475	0.00788	0.00623	0.00551	0.00808	0.00903	0.00454	0.01252	0.00726	0.06541	0.00632	0.00709	0.00478	0.00388	0.00263	0.00127	0.00319	0.00233	0.00269	0.00459
22	0.00650	0.00471	0.00591	0.00553	0.00670	0.00453	0.00421	0.00931	0.08833	0.03525	0.67971	0.02957	0.06810	0.00820	0.00478	0.00132	0.00215	0.02657	0.00445	0.00418
23	0.00597	0.00398	0.00448	0.00448	0.00448	0.00398	0.00249	0.00597	0.00597	0.00796	0.01293	0.02686	0.01492	0.85574	0.02089	0.00398	0.00398	0.00597	0.00249	0.00249
24	0.00554	0.00417	0.00514	0.00502	0.00605	0.00377	0.00377	0.00718	0.01074	0.01458	0.54896	0.07942	0.24354	0.00927	0.00490	0.00136	0.00206	0.03654	0.00427	0.00373
25	0.00958	0.00921	0.01576	0.18028	0.64219	0.00952	0.03123	0.01208	0.00914	0.01280	0.00834	0.01092	0.02288	0.00387	0.00411	0.00125	0.00498	0.00378	0.00203	0.00605
26	0.00821	0.00566	0.06233	0.00656	0.00789	0.00453	0.00520	0.02386	0.00905	0.17788	0.03985	0.56324	0.02202	0.01037	0.00491	0.00155	0.00293	0.03566	0.00395	0.00435
27	0.01211	0.04911	0.01071	0.00901	0.01140	0.24481	0.00703	0.08124	0.49608	0.01550	0.01277	0.01228	0.00974	0.00505	0.00397	0.00126	0.00457	0.00390	0.00348	0.00599
28	0.01148	0.05268	0.11767	0.01187	0.17634	0.04631	0.02601	0.15855	0.01969	0.09848	0.00916	0.03168	0.00718	0.00419	0.00378	0.00109	0.00444	0.00347	0.00283	0.21312
29	0.01187	0.02701	0.08165	0.01112	0.07760	0.06068	0.10191	0.17613	0.20247	0.10366	0.01203	0.06909	0.00954	0.00528	0.00450	0.00133	0.03019	0.00449	0.00337	0.00609
30	0.00714	0.00567	0.00653	0.00606	0.00750	0.00583	0.00461	0.02769	0.24721	0.01600	0.45265	0.04719	0.13392	0.00788	0.00464	0.00134	0.00240	0.00681	0.00430	0.00463
31	0.00682	0.00627	0.07559	0.02320	0.08242	0.00539	0.00608	0.00838	0.00803	0.03645	0.07183	0.09272	0.07376	0.17703	0.22281	0.00327	0.00562	0.08748	0.00286	0.00400
32	0.03304	0.06396	0.00990	0.00731	0.04746	0.03200	0.00559	0.04895	0.00925	0.04808	0.00832	0.00929	0.02261	0.00348	0.00320	0.00076	0.00342	0.00273	0.00258	0.63807
33	0.00583	0.00405	0.00528	0.00592	0.00641	0.00386	0.00410	0.04156	0.00868	0.02917	0.06550	0.73582	0.02645	0.01207	0.00515	0.00162	0.00251	0.02852	0.00389	0.00361
34	0.00502	0.00360	0.00474	0.00564	0.00590	0.00336	0.00376	0.00573	0.00785	0.01043	0.02290	0.80823	0.04923	0.03531	0.00565	0.00172	0.00242	0.01143	0.00378	0.00332
35	0.05007	0.00974	0.01531	0.11102	0.60149	0.03991	0.03111	0.01276	0.03944	0.01323	0.00781	0.01016	0.00644	0.00391	0.00429	0.00126	0.03027	0.00362	0.00211	0.00605
36	0.00513	0.00372	0.00480	0.00551	0.00592	0.00345	0.00375	0.00597	0.00827	0.01097	0.09307	0.65766	0.09888	0.04899	0.00586	0.00172	0.00241	0.02674	0.00381	0.00336
37	0.00528	0.00426	0.00461	0.00452	0.00580	0.00373	0.00339	0.00680	0.02881	0.01264	0.23487	0.04792	0.58465	0.00970	0.00480	0.00136	0.00207	0.00820	0.02296	0.00364
38	0.01633	0.00935	0.01090	0.05202	0.01234	0.05151	0.00716	0.30618	0.01407	0.42545	0.01253	0.01180	0.00834	0.00501	0.00445	0.00127	0.03651	0.00385	0.00428	0.00665
39	0.00903	0.00728	0.00856	0.00614	0.00977	0.00550	0.00492	0.01084	0.00868	0.05603	0.00776	0.00880	0.00629	0.00315	0.00310	0.00064	0.00306	0.00252	0.00257	0.83535
40	0.00603	0.00462	0.00683	0.00673	0.00740	0.00547	0.00523	0.00741	0.00656	0.00949	0.01078	0.01616	0.01019	0.06099	0.76529	0.00625	0.05430	0.00442	0.00219	0.00366
41	0.00574	0.00451	0.00523	0.00499	0.00622	0.00416	0.00376	0.00801	0.06794	0.01440	0.46117	0.03306	0.34777	0.00898	0.00480	0.00134	0.00209	0.00772	0.00422	0.00390
42	0.00589	0.00422	0.00531	0.00507	0.00612	0.00382	0.00379	0.00759	0.01100	0.03417	0.62390	0.08007	0.17590	0.00893	0.00485	0.00133	0.00202	0.00781	0.00437	0.00384
43	0.00644	0.00448	0.00527	0.00499	0.00628	0.00407	0.00378	0.00828	0.03639	0.06498	0.36985	0.04628	0.34167	0.00932	0.02509	0.00145	0.00236	0.00744	0.04761	0.00398
44	0.88473	0.00794	0.00603	0.00540	0.00794	0.00921	0.00445	0.01207	0.00699	0.01842	0.00572	0.00667	0.00445	0.00381	0.00254	0.00127	0.00318	0.00222	0.00254	0.00445
45	0.00976	0.01140	0.12919	0.09174	0.23986	0.02321	0.19794	0.03159	0.18402	0.01400	0.00969	0.01128	0.00743	0.00418	0.00437	0.00132	0.01650	0.00404	0.00248	0.00600
46	0.00851	0.00730	0.00851	0.00608	0.00973	0.00547	0.00486	0.01034	0.00851	0.01338	0.00730	0.00851	0.00608	0.00304	0.00304	0.00061	0.00304	0.00243	0.00243	0.88083
47	0.01550	0.01169	0.01224	0.00946	0.01269	0.03767	0.00778	0.77780	0.03369	0.02523	0.00987	0.00988	0.00703	0.00492	0.00410	0.00123	0.00458	0.00368	0.00405	0.00690
48	0.00518	0.00381	0.00492	0.00563	0.00613	0.00346	0.00382	0.00598	0.00800	0.01068	0.02313	0.75028	0.08228	0.01216	0.00509	0.00159	0.00240	0.01096	0.00374	0.05078
49	0.01465	0.00966	0.01143	0.00978	0.05947	0.09485	0.06094	0.21882	0.04833	0.32196	0.01319	0.02862	0.03354	0.00643	0.04764	0.00154	0.00478	0.00420	0.00390	0.00626
50	0.01394	0.01067	0.01138	0.00911	0.01210	0.01195	0.00740	0.57199	0.26646	0.02319	0.01196	0.01153	0.00869	0.00512	0.00413	0.00128	0.00413	0.00399	0.00413	0.00683
51	0.00530	0.00418	0.00478	0.00463	0.00582	0.00366	0.00347	0.00676	0.01042	0.01362	0.41154	0.03534	0.45693	0.00945	0.00485	0.00134	0.00201	0.00808	0.00414	0.00366
52	0.00775	0.00730	0.01231	0.84587	0.02827	0.00912	0.01140	0.01049	0.00821	0.01049	0.00730	0.01094	0.00547	0.00410	0.00410	0.00137	0.00547	0.00365	0.00182	0.00456
53	0.01319	0.05549	0.02827	0.01338	0.13252	0.10793	0.18652	0.30560	0.01334	0.07296	0.00888	0.00996	0.00662	0.00431	0.00433	0.00124	0.02255	0.00376	0.00299	0.00618
54	0.00500	0.00360	0.00474	0.00565	0.00594	0.00334	0.00378	0.00572	0.00792	0.01050	0.02339	0.82022	0.05950	0.01276	0.00522	0.00166	0.00237	0.01155	0.00381	0.00334
55	0.00536	0.00409	0.00444	0.00442	0.00526	0.00369	0.00301	0.00615	0.00848	0.01071	0.13236	0.04492	0.44063	0.29694	0.01030	0.00226	0.00271	0.00763	0.00345	0.00318
56	0.00977	0.01110	0.02290	0.01657	0.02031	0.03097	0.72555	0.01295	0.00944	0.01279	0.00800	0.01080	0.00613	0.00380	0.00556	0.00141	0.07977	0.00468	0.00205	0.00543
57	0.01016	0.00975	0.01666	0.02520	0.83013	0.00975	0.01260	0.01260	0.00935	0.01341	0.00772	0.01016	0.00650	0.00366	0.00406	0.00122	0.00488	0.00366	0.00203	0.00650
58	0.00775	0.00730	0.01231	0.84587	0.02827	0.00912	0.01140	0.01049	0.00821	0.01049	0.00730	0.01094	0.00547	0.00410	0.00410	0.00137	0.00547	0.00365	0.00182	0.00456
59	0.10492	0.00828	0.00991	0.00768	0.01082	0.00812	0.00634	0.22990	0.01327	0.53743	0.01346	0.01215	0.00874	0.00491	0.00396	0.00126	0.00373	0.00382	0.00457	0.00673
60	0.00952	0.00838	0.02695	0.36195	0.12367	0.02653	0.03555	0.06385	0.15024	0.03852	0.01011	0.01200	0.00765	0.00444	0.00398	0.00129	0.00459	0.00386	0.10155	0.00535
61	0.00552	0.00423	0.00475	0.00459	0.00584	0.00368	0.00344	0.00687	0.01013	0.03202	0.31363	0.03560	0.51972	0.02554	0.00513	0.00140	0.00210	0.00808	0.00406	0.00367
62	0.00799	0.03502	0.04107	0.03378	0.06998	0.04141	0.02562	0.05943	0.09205	0.01332	0.07185	0.22163	0.08302	0.00819	0.00462	0.00143	0.00360	0.13059	0.00338	0.05204
63	0.00796	0.06324	0.00873	0.00737	0.03310	0.02929	0.02011	0.09597	0.05254	0.01378	0.20601	0.08364	0.14534	0.01088	0.11532	0.02673	0.06624	0.00597	0.00334	0.00443

[dist]
# distance from previous block
# <min> <max>
3	34

[block]
# block no. 4 follows, 65 sequences, length 16
# corresponding to MSA columns:
# 323-338
name=unknown_E
#
# <colnr> <probs for GDERKNQSTAVLIFYWHMCP>
#	G	D	E	R	K	N	Q	S	T	A	V	L	I	F	Y	W	H	M	C	P
0	0.00853	0.01192	0.29965	0.00892	0.03503	0.00780	0.02016	0.13364	0.05238	0.01543	0.16280	0.03506	0.12640	0.02137	0.00456	0.00133	0.00412	0.00504	0.00311	0.04276
1	0.00735	0.00543	0.00625	0.00575	0.00729	0.00530	0.00447	0.06893	0.10954	0.05174	0.33022	0.03027	0.29377	0.00847	0.00472	0.00136	0.00250	0.04804	0.00420	0.00442
2	0.00864	0.00840	0.03325	0.03395	0.34238	0.04443	0.05262	0.02381	0.00986	0.02540	0.12066	0.01902	0.18927	0.00576	0.00429	0.00123	0.00401	0.00516	0.00284	0.06502
3	0.00507	0.00362	0.00484	0.00579	0.00606	0.00339	0.00393	0.00583	0.00793	0.01056	0.02259	0.81875	0.02700	0.01280	0.00526	0.00168	0.00244	0.04530	0.00381	0.00335
4	0.01372	0.32962	0.01528	0.00926	0.01189	0.53498	0.00760	0.01488	0.01042	0.00990	0.00611	0.00710	0.00528	0.00396	0.00331	0.00099	0.00629	0.00248	0.00198	0.00495
5	0.01243	0.53431	0.01760	0.00829	0.01128	0.29657	0.00731	0.01411	0.04587	0.01013	0.00642	0.00725	0.00560	0.00385	0.00307	0.00096	0.00537	0.00246	0.00199	0.00515
6	0.01533	0.01956	0.01163	0.01058	0.01269	0.83926	0.00793	0.01639	0.01163	0.01005	0.00635	0.00740	0.00529	0.00423	0.00370	0.00106	0.00740	0.00264	0.00212	0.00476
7	0.05281	0.01574	0.05003	0.01232	0.03732	0.47154	0.22154	0.01503	0.01072	0.04424	0.02617	0.00926	0.00649	0.00411	0.00401	0.00118	0.00668	0.00342	0.00228	0.00512
8	0.00610	0.00414	0.00514	0.00524	0.00614	0.00376	0.00376	0.00726	0.00938	0.06372	0.24689	0.31252	0.22631	0.05309	0.02578	0.00170	0.00254	0.00883	0.00398	0.00371
9	0.00556	0.00419	0.00515	0.00491	0.00598	0.00377	0.00368	0.00727	0.01104	0.01508	0.62624	0.03293	0.24132	0.00891	0.00484	0.00132	0.00197	0.00774	0.00434	0.00377
10	0.00823	0.02123	0.83447	0.01170	0.01777	0.00953	0.01517	0.01300	0.00867	0.01300	0.00737	0.00867	0.00520	0.00390	0.00390	0.00130	0.00607	0.00303	0.00173	0.00607
11	0.01000	0.36979	0.43402	0.00956	0.01430	0.04792	0.01117	0.01307	0.00876	0.03730	0.00691	0.00791	0.00539	0.00379	0.00337	0.00111	0.00534	0.00270	0.00186	0.00571
12	0.01025	0.00998	0.03540	0.12101	0.54250	0.03109	0.10186	0.01278	0.00932	0.05041	0.00801	0.01039	0.00642	0.00387	0.00441	0.00127	0.02905	0.00377	0.00214	0.00607
13	0.00537	0.00373	0.00465	0.00525	0.00539	0.00358	0.00331	0.00581	0.00714	0.00952	0.01895	0.54008	0.02252	0.33216	0.01117	0.00254	0.00299	0.00951	0.00331	0.00301
14	0.78875	0.00939	0.09676	0.00609	0.00901	0.00924	0.00562	0.01217	0.00717	0.01782	0.00590	0.00689	0.00453	0.00382	0.00269	0.00127	0.00349	0.00231	0.00245	0.00462
15	0.02542	0.41745	0.23241	0.00915	0.01310	0.08199	0.03022	0.10403	0.00991	0.01265	0.00673	0.00774	0.00546	0.00392	0.00353	0.00108	0.02481	0.00272	0.00207	0.00560

[dist]
# distance from previous block
# <min> <max>
0	1

[block]
# block no. 5 follows, 65 sequences, length 16
# corresponding to MSA columns:
# 340-355
name=unknown_F
#
# <colnr> <probs for GDERKNQSTAVLIFYWHMCP>
#	G	D	E	R	K	N	Q	S	T	A	V	L	I	F	Y	W	H	M	C	P
0	0.00727	0.04767	0.24555	0.00824	0.01063	0.00718	0.02683	0.03027	0.03192	0.01204	0.04075	0.26109	0.01423	0.02897	0.11009	0.00213	0.05996	0.00612	0.04446	0.00458
1	0.82110	0.00879	0.00644	0.00578	0.00829	0.06997	0.00470	0.01238	0.00733	0.01780	0.00576	0.00672	0.00451	0.00384	0.00263	0.00125	0.00348	0.00225	0.00251	0.00447
2	0.00521	0.00406	0.00456	0.00470	0.00571	0.00362	0.00341	0.00628	0.00899	0.01143	0.11960	0.17293	0.48102	0.06992	0.03884	0.00181	0.00263	0.02389	0.02795	0.00344
3	0.00498	0.00410	0.00438	0.00445	0.00566	0.00350	0.00328	0.00609	0.00946	0.01165	0.13218	0.12855	0.64665	0.01043	0.00489	0.00141	0.00210	0.00885	0.00389	0.00350
4	0.00765	0.00383	0.00383	0.00383	0.00478	0.00383	0.00287	0.00956	0.00861	0.01530	0.01339	0.01530	0.01052	0.00478	0.00287	0.00096	0.00191	0.00383	0.87853	0.00383
5	0.00576	0.00461	0.00524	0.00528	0.00654	0.00428	0.00410	0.00796	0.07572	0.01289	0.20475	0.06703	0.44376	0.00981	0.00493	0.00145	0.00241	0.12566	0.00399	0.00384
6	0.00886	0.06886	0.74955	0.01123	0.01701	0.00976	0.01428	0.01328	0.00879	0.05060	0.00768	0.00879	0.00543	0.00393	0.00384	0.00127	0.00585	0.00304	0.00189	0.00606
7	0.01097	0.85821	0.02151	0.00702	0.01054	0.01624	0.00702	0.01229	0.00834	0.00966	0.00571	0.00658	0.00527	0.00351	0.00263	0.00088	0.00439	0.00219	0.00176	0.00527
8	0.00502	0.00398	0.00454	0.00491	0.00585	0.00349	0.00355	0.00602	0.00892	0.01114	0.06488	0.32953	0.47552	0.01124	0.00503	0.00151	0.00226	0.04534	0.00384	0.00345
9	0.00495	0.00416	0.00430	0.00427	0.00561	0.00351	0.00320	0.00609	0.00960	0.01166	0.12579	0.03856	0.74390	0.01018	0.00485	0.00138	0.00206	0.00853	0.00389	0.00351
10	0.00865	0.00857	0.01220	0.01041	0.01062	0.01164	0.03578	0.00963	0.00653	0.00997	0.00740	0.01110	0.04036	0.03577	0.03400	0.00196	0.73514	0.00395	0.00192	0.00440
11	0.00830	0.02073	0.79458	0.01198	0.01795	0.00957	0.05455	0.01301	0.00872	0.01301	0.00741	0.00878	0.00525	0.00388	0.00395	0.00130	0.00611	0.00312	0.00175	0.00604
12	0.00494	0.00406	0.00435	0.00449	0.00565	0.00347	0.00329	0.00598	0.00924	0.01133	0.08944	0.18056	0.63759	0.01069	0.00492	0.00143	0.00212	0.00911	0.00386	0.00347
13	0.01129	0.04884	0.00865	0.00707	0.02972	0.03818	0.00539	0.11740	0.05452	0.22791	0.14964	0.03422	0.10397	0.09077	0.02313	0.00163	0.00356	0.00528	0.03362	0.00520
14	0.01252	0.01092	0.01151	0.01058	0.07920	0.11434	0.03747	0.21959	0.38924	0.05141	0.01262	0.01232	0.00940	0.00499	0.00411	0.00129	0.00437	0.00406	0.00368	0.00639
15	0.00567	0.00417	0.00576	0.00695	0.04116	0.00399	0.00489	0.00682	0.00854	0.01137	0.06086	0.55470	0.04176	0.01182	0.00527	0.00168	0.00282	0.21440	0.00376	0.00361

[dist]
# distance from previous block
# <min> <max>
0	2

[block]
# block no. 6 follows, 65 sequences, length 39
# corresponding to MSA columns:
# 358-396
name=unknown_G
#
# <colnr> <probs for GDERKNQSTAVLIFYWHMCP>
#	G	D	E	R	K	N	Q	S	T	A	V	L	I	F	Y	W	H	M	C	P
0	0.67054	0.00932	0.04209	0.00649	0.00929	0.02495	0.00556	0.14760	0.02355	0.01927	0.00669	0.00745	0.00506	0.00404	0.00291	0.00126	0.00360	0.00255	0.00279	0.00498
1	0.00942	0.35797	0.45252	0.00973	0.01459	0.01218	0.02854	0.01285	0.02616	0.01175	0.00692	0.00802	0.00543	0.00375	0.00340	0.00112	0.00528	0.00275	0.00182	0.02581
2	0.06083	0.01477	0.01133	0.00995	0.02695	0.46651	0.02620	0.14982	0.01215	0.09734	0.00824	0.00931	0.00644	0.02112	0.03562	0.00141	0.03077	0.00317	0.00277	0.00530
3	0.00597	0.00398	0.00448	0.00448	0.00448	0.00398	0.00249	0.00597	0.00597	0.00796	0.01293	0.02686	0.01492	0.85574	0.02089	0.00398	0.00398	0.00597	0.00249	0.00249
4	0.01131	0.00941	0.01346	0.01595	0.36447	0.06256	0.07216	0.11659	0.02187	0.11101	0.04922	0.07726	0.04570	0.00525	0.00428	0.00128	0.00452	0.00476	0.00302	0.00594
5	0.01055	0.03703	0.05546	0.01358	0.25577	0.00905	0.06151	0.07392	0.15063	0.08655	0.05487	0.01337	0.04437	0.00477	0.00430	0.00122	0.02529	0.00416	0.00304	0.09057
6	0.00636	0.00402	0.00451	0.00441	0.00545	0.00376	0.00330	0.00808	0.00982	0.01475	0.31091	0.04305	0.18923	0.00740	0.00403	0.00118	0.00197	0.00627	0.36775	0.00376
7	0.01220	0.01252	0.00978	0.00868	0.01086	0.32803	0.00668	0.12639	0.26512	0.01502	0.04404	0.01406	0.07608	0.00543	0.00400	0.00122	0.00481	0.00414	0.04554	0.00542
8	0.07318	0.00815	0.00948	0.02898	0.09171	0.09265	0.05728	0.09805	0.00879	0.01207	0.01004	0.03210	0.01010	0.35240	0.03859	0.00257	0.06252	0.00464	0.00251	0.00419
9	0.00634	0.00385	0.00475	0.00475	0.00475	0.00385	0.00283	0.00577	0.00577	0.00769	0.01108	0.02228	0.01244	0.58754	0.01935	0.28337	0.00385	0.00520	0.00226	0.00226
10	0.00510	0.00371	0.00483	0.00569	0.00609	0.00344	0.00393	0.00592	0.00811	0.01066	0.02442	0.71870	0.10553	0.01252	0.00523	0.00165	0.00245	0.06484	0.00381	0.00338
11	0.00942	0.07108	0.06530	0.02218	0.08173	0.09915	0.16396	0.01127	0.00918	0.08320	0.01379	0.29076	0.02880	0.00708	0.00468	0.00138	0.02284	0.00643	0.00289	0.00487
12	0.00851	0.00730	0.00851	0.00608	0.00973	0.00547	0.00486	0.01034	0.00851	0.01338	0.00730	0.00851	0.00608	0.00304	0.00304	0.00061	0.00304	0.00243	0.00243	0.88083
13	0.00592	0.00399	0.00446	0.00446	0.00453	0.00396	0.00252	0.00597	0.00613	0.00811	0.01430	0.02747	0.05382	0.81533	0.02013	0.00386	0.00389	0.00610	0.00255	0.00253
14	0.00987	0.01034	0.07805	0.11016	0.49153	0.00966	0.11539	0.02749	0.02787	0.03238	0.02499	0.01085	0.00713	0.00397	0.00437	0.00128	0.02254	0.00387	0.00220	0.00606
15	0.00500	0.00357	0.00476	0.00572	0.00595	0.00333	0.00381	0.00572	0.00786	0.01048	0.02262	0.85306	0.02715	0.01286	0.00524	0.00167	0.00238	0.01167	0.00381	0.00333
16	0.03439	0.01586	0.01129	0.01016	0.03069	0.52584	0.00765	0.16519	0.10843	0.01428	0.03219	0.00951	0.00744	0.00462	0.00385	0.00114	0.00606	0.00323	0.00281	0.00538
17	0.01081	0.00853	0.03019	0.32427	0.03211	0.04755	0.05302	0.05756	0.00976	0.16821	0.00947	0.02674	0.00709	0.00478	0.01866	0.00129	0.01952	0.00369	0.00275	0.16400
18	0.00857	0.07281	0.34564	0.00843	0.01306	0.00788	0.00921	0.01156	0.00856	0.01296	0.00721	0.00844	0.00566	0.00342	0.00336	0.00091	0.00437	0.00266	0.00210	0.46318
19	0.00627	0.00501	0.04034	0.00539	0.00671	0.00414	0.00433	0.00820	0.01121	0.04679	0.66194	0.03023	0.13718	0.00833	0.00478	0.00130	0.00219	0.00727	0.00433	0.00403
20	0.01399	0.01224	0.01274	0.01010	0.01288	0.16666	0.07920	0.47905	0.01559	0.03229	0.06643	0.01098	0.00878	0.00505	0.00470	0.00125	0.05468	0.00386	0.00346	0.00607
21	0.88473	0.00794	0.00603	0.00540	0.00794	0.00921	0.00445	0.01207	0.00699	0.01842	0.00572	0.00667	0.00445	0.00381	0.00254	0.00127	0.00318	0.00222	0.00254	0.00445
22	0.00652	0.00382	0.00509	0.00509	0.00516	0.00388	0.00325	0.00579	0.00572	0.00770	0.00993	0.01888	0.01071	0.37091	0.09354	0.43054	0.00442	0.00466	0.00212	0.00225
23	0.50715	0.01056	0.00861	0.00729	0.00998	0.12571	0.00590	0.23545	0.02604	0.01929	0.00715	0.00781	0.00541	0.00421	0.00317	0.00123	0.00414	0.00273	0.00294	0.00523
24	0.01311	0.00753	0.00925	0.00686	0.01029	0.00632	0.00559	0.08291	0.01074	0.34499	0.01110	0.01083	0.00780	0.00402	0.00357	0.00093	0.00335	0.00322	0.00364	0.45396
25	0.00619	0.00601	0.04365	0.03257	0.01016	0.00521	0.16137	0.00778	0.00860	0.01138	0.03684	0.47016	0.12952	0.00993	0.00503	0.00155	0.00351	0.04324	0.00334	0.00396
26	0.01635	0.01076	0.01115	0.00879	0.01186	0.10662	0.00715	0.41451	0.04638	0.30584	0.01192	0.01122	0.00811	0.00492	0.00407	0.00123	0.00445	0.00376	0.00422	0.00671
27	0.01001	0.00933	0.01586	0.14336	0.69494	0.00957	0.01227	0.01247	0.00924	0.03232	0.00786	0.01036	0.00644	0.00376	0.00407	0.00124	0.00493	0.00367	0.00207	0.00623
28	0.00504	0.00359	0.00475	0.00567	0.00590	0.00336	0.00376	0.00573	0.00779	0.01038	0.02225	0.82153	0.02668	0.04503	0.00584	0.00176	0.00244	0.01145	0.00376	0.00330
29	0.01190	0.01029	0.03881	0.12624	0.23800	0.09579	0.15241	0.01421	0.00985	0.18936	0.00960	0.01156	0.00722	0.00438	0.00467	0.00131	0.04663	0.01927	0.00269	0.00583
30	0.00927	0.00885	0.01506	0.32828	0.53400	0.00952	0.01216	0.01182	0.00893	0.01233	0.00756	0.01045	0.00612	0.00382	0.00408	0.00127	0.00510	0.00365	0.00196	0.00578
31	0.00507	0.00383	0.00472	0.00536	0.00599	0.00347	0.00378	0.00598	0.00848	0.01091	0.04786	0.54798	0.25987	0.01194	0.00514	0.00159	0.00237	0.05840	0.00383	0.00341
32	0.00842	0.01209	0.25315	0.14570	0.20905	0.00880	0.15103	0.01158	0.00905	0.01265	0.04461	0.05735	0.04865	0.00478	0.00429	0.00133	0.00528	0.00451	0.00221	0.00547
33	0.00914	0.00761	0.01350	0.01207	0.10225	0.00759	0.25303	0.04878	0.00924	0.09185	0.02691	0.14085	0.01155	0.01176	0.19866	0.00262	0.03038	0.01440	0.00280	0.00500
34	0.01045	0.02960	0.12567	0.33996	0.17654	0.00930	0.05632	0.05923	0.00972	0.13069	0.00883	0.01076	0.00643	0.00413	0.00408	0.00130	0.00516	0.00367	0.00246	0.00570
35	0.00949	0.04195	0.59051	0.03629	0.04742	0.09929	0.03933	0.04059	0.03378	0.01310	0.00762	0.00891	0.00558	0.00399	0.00390	0.00126	0.00599	0.00314	0.00195	0.00590
36	0.02945	0.11733	0.26872	0.01033	0.04396	0.03781	0.08463	0.09381	0.02981	0.08647	0.01998	0.01073	0.02200	0.00579	0.02059	0.08566	0.02141	0.00354	0.00250	0.00548
37	0.01093	0.05837	0.07234	0.04662	0.16439	0.13634	0.12779	0.09664	0.01029	0.03212	0.01962	0.01231	0.00772	0.00545	0.02148	0.00144	0.11152	0.05677	0.00242	0.00546
38	0.01176	0.02635	0.02935	0.01729	0.39769	0.07580	0.08189	0.19033	0.01176	0.04446	0.00922	0.02360	0.02185	0.00426	0.00408	0.00121	0.00499	0.00384	0.00267	0.03761

[dist]
# distance from previous block
# <min> <max>
1	8

[block]
# block no. 7 follows, 65 sequences, length 12
# corresponding to MSA columns:
# 405-416
name=unknown_H
#
# <colnr> <probs for GDERKNQSTAVLIFYWHMCP>
#	G	D	E	R	K	N	Q	S	T	A	V	L	I	F	Y	W	H	M	C	P
0	0.00651	0.00512	0.00598	0.00587	0.02232	0.01672	0.00426	0.05289	0.04011	0.01413	0.36310	0.09906	0.23373	0.07314	0.00617	0.00157	0.01799	0.02342	0.00394	0.00396
1	0.01481	0.01173	0.01173	0.00924	0.01229	0.08463	0.00753	0.66835	0.05883	0.02335	0.01137	0.01130	0.04536	0.00515	0.00411	0.00123	0.00459	0.00388	0.00392	0.00660
2	0.01114	0.01225	0.00930	0.00872	0.01028	0.42764	0.03541	0.01240	0.02357	0.04675	0.01375	0.27480	0.04073	0.00809	0.02875	0.00146	0.00542	0.02223	0.00290	0.00437
3	0.01655	0.00923	0.01101	0.03926	0.04813	0.04388	0.00722	0.29769	0.01415	0.45012	0.01287	0.01198	0.00851	0.00489	0.00410	0.00125	0.00415	0.00388	0.00436	0.00678
4	0.35649	0.02651	0.01019	0.04497	0.02862	0.00912	0.07567	0.14786	0.01055	0.20437	0.00944	0.00985	0.00667	0.00430	0.00348	0.00126	0.00391	0.00328	0.03789	0.00558
5	0.02332	0.13625	0.01189	0.04635	0.01156	0.24735	0.00712	0.08621	0.17267	0.02834	0.05598	0.01215	0.02072	0.04467	0.00540	0.00135	0.07688	0.00373	0.00285	0.00521
6	0.01541	0.00644	0.00857	0.00684	0.00946	0.00575	0.00550	0.01722	0.03834	0.62915	0.06980	0.01716	0.04704	0.06566	0.03682	0.00167	0.00364	0.00469	0.00467	0.00618
7	0.00981	0.00922	0.04872	0.01123	0.17115	0.02302	0.06048	0.06834	0.03935	0.03339	0.00816	0.00946	0.00651	0.00352	0.00355	0.00091	0.00399	0.00307	0.00254	0.48358
8	0.00511	0.00381	0.00476	0.00527	0.00589	0.00346	0.00367	0.00611	0.00886	0.01167	0.16913	0.52562	0.20862	0.01152	0.00508	0.00154	0.00224	0.01025	0.00394	0.00346
