[name]
unknown

[dist]
# distance from previous block
# <min> <max>
0	50

[block]
# block no. 0 follows, 69 sequences, length 42
# corresponding to MSA columns:
# 71-109,112-114
name=unknown_A
#
# <colnr> <probs for GDERKNQSTAVLIFYWHMCP>
#	G	D	E	R	K	N	Q	S	T	A	V	L	I	F	Y	W	H	M	C	P
0	0.00810	0.00605	0.00807	0.00733	0.02429	0.00610	0.06797	0.04244	0.17013	0.08685	0.07572	0.10193	0.14161	0.05872	0.08520	0.00196	0.00391	0.07243	0.00346	0.02774
1	0.03445	0.03450	0.01211	0.01352	0.30815	0.00788	0.09302	0.09878	0.02061	0.02825	0.11641	0.04394	0.13963	0.00556	0.00413	0.00122	0.00384	0.01286	0.00288	0.01826
2	0.05937	0.00933	0.01194	0.07176	0.34712	0.09375	0.00869	0.11160	0.01039	0.10024	0.04675	0.02124	0.03743	0.00438	0.00380	0.00115	0.00434	0.00373	0.00271	0.05027
3	0.00514	0.00410	0.00463	0.00454	0.00570	0.00365	0.00342	0.00673	0.03197	0.01261	0.32523	0.05830	0.48395	0.00920	0.00464	0.00131	0.00201	0.02544	0.00389	0.00353
4	0.01460	0.01076	0.01159	0.00893	0.01199	0.01192	0.00737	0.79830	0.01804	0.02420	0.00945	0.00961	0.00677	0.00550	0.03113	0.00134	0.00451	0.00355	0.00386	0.00656
5	0.00524	0.00391	0.00462	0.00456	0.00536	0.00356	0.00322	0.00638	0.00910	0.01213	0.37065	0.09646	0.27030	0.17826	0.00770	0.00180	0.00231	0.00749	0.00368	0.00328
6	0.00590	0.00408	0.00580	0.00582	0.00637	0.00450	0.00429	0.00682	0.00638	0.02708	0.02237	0.07811	0.01189	0.16791	0.56289	0.06125	0.00805	0.00494	0.00232	0.00324
7	0.00984	0.00825	0.00874	0.00784	0.01006	0.00947	0.00611	0.02038	0.78525	0.04021	0.01657	0.01520	0.03358	0.00543	0.00400	0.00133	0.00308	0.00452	0.00401	0.00614
8	0.00813	0.00697	0.00813	0.00581	0.00929	0.00523	0.00465	0.00987	0.00813	0.01277	0.00697	0.00813	0.00581	0.00290	0.00290	0.00058	0.00290	0.00232	0.00232	0.88619
9	0.00488	0.00372	0.00432	0.00470	0.00538	0.00335	0.00324	0.00565	0.00797	0.01011	0.05038	0.37976	0.35671	0.12273	0.00681	0.00176	0.00236	0.01952	0.00349	0.00315
10	0.00593	0.00416	0.00465	0.00452	0.00583	0.00356	0.00339	0.00704	0.00925	0.08586	0.13161	0.12151	0.57963	0.00949	0.00461	0.00133	0.00212	0.00805	0.00383	0.00365
11	0.00560	0.00420	0.00630	0.00630	0.00700	0.00490	0.00490	0.00700	0.00630	0.00910	0.01050	0.01540	0.00980	0.02940	0.84669	0.00630	0.01050	0.00420	0.00210	0.00350
12	0.06238	0.00458	0.00558	0.00525	0.00635	0.00443	0.00392	0.03532	0.02252	0.05679	0.54588	0.13146	0.05206	0.03994	0.00504	0.00137	0.00223	0.00695	0.00403	0.00389
13	0.10504	0.00752	0.00868	0.00698	0.00951	0.00766	0.00563	0.21661	0.08060	0.34616	0.08976	0.01396	0.01140	0.05357	0.00474	0.00136	0.00339	0.00408	0.01754	0.00581
14	0.00512	0.00393	0.00468	0.00463	0.00563	0.00349	0.00342	0.00651	0.00987	0.01313	0.44229	0.12809	0.33658	0.00923	0.00467	0.00131	0.00195	0.00800	0.00398	0.00349
15	0.00506	0.00364	0.00482	0.00548	0.00594	0.00341	0.00388	0.00606	0.00834	0.01121	0.16734	0.60786	0.05355	0.01131	0.00496	0.00154	0.00232	0.08621	0.00376	0.00332
16	0.00530	0.00387	0.00476	0.00504	0.00580	0.00353	0.00358	0.01944	0.00897	0.02538	0.22317	0.42462	0.23128	0.01041	0.00478	0.00142	0.00215	0.00920	0.00383	0.00345
17	0.05848	0.00655	0.00702	0.00625	0.00805	0.00696	0.00483	0.12546	0.25473	0.05339	0.10962	0.05874	0.18759	0.04890	0.00487	0.00140	0.00284	0.00559	0.04388	0.00485
18	0.01339	0.00827	0.00943	0.00749	0.01011	0.00861	0.00610	0.40079	0.06249	0.23317	0.08296	0.01460	0.06611	0.00573	0.01508	0.00127	0.00361	0.00432	0.04050	0.00600
19	0.00501	0.00351	0.00448	0.00516	0.00533	0.00334	0.00332	0.00552	0.00705	0.00940	0.01928	0.64950	0.02299	0.22646	0.00877	0.00215	0.00266	0.00977	0.00332	0.00298
20	0.00666	0.00439	0.00550	0.00532	0.00651	0.00405	0.00414	0.00830	0.02978	0.09021	0.33876	0.06184	0.23364	0.01962	0.02101	0.02742	0.00255	0.12254	0.00392	0.00383
21	0.00707	0.00488	0.00591	0.00555	0.00684	0.00476	0.00424	0.04639	0.07701	0.08152	0.27919	0.09793	0.21290	0.03350	0.08482	0.00186	0.00319	0.03455	0.00381	0.00409
22	0.00561	0.00376	0.00430	0.00439	0.00441	0.00374	0.00250	0.00568	0.00587	0.00783	0.01323	0.10475	0.01536	0.78162	0.01854	0.00359	0.00366	0.00622	0.00250	0.00245
23	0.08384	0.00918	0.01137	0.00869	0.01175	0.00952	0.08397	0.41975	0.01427	0.26334	0.03723	0.01108	0.00828	0.00464	0.00390	0.00121	0.00406	0.00376	0.00391	0.00625
24	0.00919	0.00768	0.00937	0.12297	0.11710	0.03303	0.00692	0.23074	0.05835	0.01553	0.10900	0.01980	0.20795	0.00625	0.00420	0.00126	0.00364	0.02875	0.00329	0.00499
25	0.00749	0.00656	0.00927	0.06204	0.04716	0.05410	0.11204	0.02950	0.00843	0.03277	0.09814	0.05046	0.14320	0.08372	0.14001	0.05487	0.04833	0.00530	0.00268	0.00395
26	0.00584	0.00455	0.00668	0.00650	0.00717	0.00538	0.00509	0.00724	0.00673	0.00976	0.08831	0.01615	0.01199	0.02549	0.69712	0.00544	0.08029	0.00441	0.00228	0.00359
27	0.00842	0.00753	0.01237	0.68255	0.08733	0.00895	0.03665	0.06596	0.00878	0.03353	0.00742	0.01041	0.00554	0.00395	0.00394	0.00128	0.00511	0.00354	0.00200	0.00475
28	0.06132	0.00884	0.03115	0.31957	0.34443	0.02811	0.04633	0.03097	0.04603	0.01235	0.00748	0.00991	0.00592	0.00387	0.00408	0.00125	0.02761	0.00347	0.00203	0.00530
29	0.00941	0.03462	0.03654	0.29154	0.34637	0.06611	0.03681	0.05050	0.00893	0.01189	0.00705	0.00957	0.00568	0.00396	0.00448	0.00124	0.06464	0.00340	0.00195	0.00530
30	0.00925	0.00936	0.03147	0.19912	0.37050	0.02366	0.19608	0.01258	0.07498	0.02234	0.00817	0.01043	0.00640	0.00372	0.00406	0.00124	0.00515	0.00380	0.00210	0.00557
31	0.00592	0.00441	0.00600	0.00578	0.00670	0.00418	0.04417	0.00700	0.00861	0.04860	0.17401	0.33801	0.22954	0.03399	0.00578	0.02050	0.04130	0.00835	0.00357	0.00357
32	0.01095	0.01052	0.04585	0.09019	0.29450	0.12809	0.16102	0.03449	0.00981	0.11579	0.04368	0.01120	0.00782	0.00407	0.00403	0.00120	0.00515	0.01362	0.00247	0.00555
33	0.01035	0.03808	0.14226	0.04241	0.47711	0.04986	0.03324	0.06161	0.02082	0.06070	0.00787	0.00954	0.00618	0.00379	0.00398	0.00118	0.01946	0.00338	0.00220	0.00597
34	0.00647	0.00502	0.00682	0.06137	0.08707	0.00506	0.00533	0.08422	0.00883	0.01174	0.01909	0.52937	0.07294	0.02883	0.00505	0.00154	0.00297	0.05104	0.00335	0.00389
35	0.01074	0.00793	0.03313	0.01987	0.01095	0.02142	0.10313	0.15259	0.14002	0.17516	0.08772	0.04464	0.09283	0.00689	0.03674	0.00148	0.00400	0.04169	0.00367	0.00538
36	0.09450	0.02725	0.30351	0.08188	0.09067	0.06311	0.09298	0.09065	0.03712	0.05274	0.02450	0.00951	0.00640	0.00397	0.00375	0.00122	0.00509	0.00331	0.00232	0.00552
37	0.00670	0.00527	0.00749	0.06606	0.00936	0.00535	0.06637	0.00958	0.12925	0.03818	0.14198	0.33068	0.06256	0.00885	0.00469	0.00146	0.00303	0.09547	0.00357	0.00411
38	0.03257	0.01150	0.27203	0.01094	0.16148	0.00730	0.02066	0.01143	0.00857	0.04934	0.04683	0.00968	0.00723	0.00362	0.00348	0.00098	0.00416	0.00304	0.00225	0.33291
39	0.01131	0.00909	0.02760	0.00747	0.01073	0.00861	0.00619	0.40510	0.01311	0.01847	0.00861	0.03537	0.00684	0.00409	0.00348	0.00092	0.00363	0.00320	0.00313	0.41306
40	0.00510	0.00386	0.00431	0.00447	0.00531	0.00346	0.00317	0.00572	0.00791	0.00977	0.02921	0.12715	0.48936	0.15777	0.00823	0.07301	0.00254	0.05334	0.00326	0.00302
41	0.00569	0.00383	0.00444	0.00444	0.00450	0.00389	0.00258	0.00581	0.00575	0.00773	0.01220	0.02481	0.01388	0.79336	0.08831	0.00401	0.00435	0.00558	0.00235	0.00247

[dist]
# distance from previous block
# <min> <max>
0	1

[block]
# block no. 1 follows, 69 sequences, length 14
# corresponding to MSA columns:
# 137-150
name=unknown_B
#
# <colnr> <probs for GDERKNQSTAVLIFYWHMCP>
#	G	D	E	R	K	N	Q	S	T	A	V	L	I	F	Y	W	H	M	C	P
0	0.12227	0.37217	0.07823	0.00903	0.10752	0.04324	0.00738	0.06296	0.00874	0.01249	0.00631	0.00736	0.00529	0.00348	0.00294	0.00094	0.00414	0.00247	0.00206	0.14100
1	0.00864	0.10820	0.42989	0.15320	0.01673	0.06039	0.02857	0.01227	0.04614	0.01157	0.00714	0.00870	0.00541	0.00390	0.00400	0.00119	0.04168	0.00299	0.00184	0.04758
2	0.01296	0.06609	0.01188	0.00966	0.01163	0.48559	0.02549	0.13988	0.01104	0.01194	0.00673	0.00817	0.00562	0.00600	0.05582	0.00145	0.12004	0.00292	0.00226	0.00482
3	0.00752	0.14454	0.08112	0.03382	0.03359	0.01563	0.02135	0.00923	0.02504	0.03169	0.09033	0.06445	0.09423	0.09235	0.13179	0.00226	0.10950	0.00482	0.00252	0.00420
4	0.05126	0.00819	0.00979	0.00759	0.01061	0.04411	0.04363	0.11202	0.10335	0.37274	0.01189	0.01126	0.00819	0.00433	0.00368	0.00109	0.00364	0.00351	0.00377	0.18536
5	0.00979	0.00743	0.01190	0.35204	0.20694	0.00810	0.03269	0.04578	0.00905	0.15057	0.00998	0.09335	0.00830	0.00490	0.00432	0.00129	0.03144	0.00434	0.00259	0.00518
6	0.00954	0.39802	0.27202	0.00895	0.03784	0.05549	0.02693	0.03464	0.03747	0.01134	0.03207	0.00957	0.04279	0.00404	0.00328	0.00105	0.00471	0.00300	0.00201	0.00526
7	0.00591	0.00437	0.00514	0.00554	0.00632	0.02490	0.00399	0.00729	0.04291	0.04642	0.08337	0.49615	0.17999	0.01061	0.00481	0.00149	0.00247	0.06103	0.00371	0.00358
8	0.00575	0.00440	0.00650	0.00642	0.00706	0.00520	0.00498	0.00707	0.00626	0.00906	0.01031	0.01546	0.00975	0.06023	0.77474	0.00598	0.05102	0.00422	0.00209	0.00350
9	0.00687	0.00621	0.07348	0.03126	0.00879	0.00549	0.07636	0.00821	0.00730	0.05601	0.04349	0.11422	0.03754	0.27493	0.17162	0.00309	0.04090	0.02794	0.00261	0.00369
10	0.00987	0.03592	0.28660	0.01059	0.04885	0.02282	0.13666	0.07605	0.04743	0.11797	0.01036	0.02729	0.02204	0.07366	0.02453	0.00158	0.01935	0.02043	0.00259	0.00541
11	0.00480	0.00356	0.00448	0.00513	0.00562	0.00324	0.00351	0.00561	0.00802	0.01049	0.07658	0.64140	0.19019	0.01154	0.00491	0.00152	0.00219	0.01031	0.00368	0.00324
12	0.01007	0.00888	0.01429	0.09270	0.57551	0.03055	0.03769	0.01267	0.04356	0.08255	0.02379	0.03419	0.00773	0.00406	0.00395	0.00120	0.00454	0.00386	0.00235	0.00588
13	0.02325	0.15141	0.25966	0.01077	0.04594	0.06451	0.14090	0.12124	0.02826	0.05804	0.02684	0.01894	0.00687	0.00455	0.02096	0.00127	0.00524	0.00342	0.00238	0.00555

[dist]
# distance from previous block
# <min> <max>
1	10

[block]
# block no. 2 follows, 69 sequences, length 74
# corresponding to MSA columns:
# 161-234
name=unknown_C
#
# <colnr> <probs for GDERKNQSTAVLIFYWHMCP>
#	G	D	E	R	K	N	Q	S	T	A	V	L	I	F	Y	W	H	M	C	P
0	0.03123	0.08818	0.16238	0.01049	0.06614	0.03695	0.16477	0.01856	0.05680	0.04314	0.01428	0.00924	0.00632	0.00361	0.00375	0.00103	0.02203	0.00318	0.00225	0.25567
1	0.02688	0.01817	0.01451	0.10359	0.56205	0.02647	0.04948	0.04411	0.02333	0.01322	0.05977	0.01095	0.00808	0.00389	0.00390	0.00118	0.00458	0.00371	0.00220	0.01994
2	0.00655	0.00535	0.00632	0.00518	0.00733	0.00432	0.00400	0.00817	0.00924	0.01328	0.28809	0.04312	0.16692	0.00612	0.00384	0.00096	0.00237	0.00521	0.00326	0.41035
3	0.00987	0.10755	0.01197	0.00881	0.01040	0.14130	0.00729	0.04047	0.00795	0.01073	0.00588	0.00801	0.00532	0.00506	0.00769	0.00123	0.40529	0.00289	0.00197	0.20028
4	0.00859	0.22036	0.55831	0.00965	0.01456	0.01044	0.01167	0.01252	0.04797	0.01187	0.00708	0.00810	0.00537	0.00367	0.00340	0.00111	0.00512	0.00275	0.00181	0.05565
5	0.01031	0.01062	0.01498	0.04831	0.65065	0.13982	0.02661	0.01244	0.00919	0.01214	0.00723	0.00945	0.00606	0.00410	0.02050	0.00125	0.00520	0.00338	0.00195	0.00582
6	0.00651	0.00421	0.00551	0.00518	0.00625	0.00385	0.00393	0.00822	0.01070	0.08554	0.64973	0.08763	0.06524	0.00821	0.00462	0.00128	0.00207	0.03317	0.00426	0.00390
7	0.00501	0.00363	0.00477	0.00548	0.00593	0.00338	0.00387	0.00595	0.00815	0.01085	0.11257	0.63164	0.08016	0.01151	0.00498	0.00156	0.00234	0.09123	0.00371	0.00329
8	0.00924	0.00876	0.01479	0.02168	0.71805	0.00877	0.02773	0.01170	0.03427	0.01265	0.00897	0.08883	0.00821	0.00436	0.00400	0.00121	0.00443	0.00426	0.00216	0.00591
9	0.01661	0.00697	0.00919	0.00720	0.01011	0.00633	0.00597	0.10024	0.01181	0.70532	0.01519	0.01489	0.01021	0.00521	0.00403	0.00125	0.00345	0.05486	0.00468	0.00648
10	0.03047	0.00663	0.00897	0.00692	0.00990	0.00576	0.00570	0.01876	0.01109	0.81397	0.01542	0.02766	0.00990	0.00496	0.00394	0.00122	0.00331	0.00404	0.00480	0.00658
11	0.00482	0.00343	0.00454	0.00540	0.00562	0.00321	0.00358	0.00547	0.00742	0.00990	0.02119	0.82162	0.02540	0.05106	0.00569	0.00169	0.00234	0.01090	0.00358	0.00315
12	0.00478	0.00356	0.00446	0.00514	0.00563	0.00324	0.00353	0.00558	0.00793	0.01030	0.04505	0.64603	0.20710	0.01164	0.00492	0.00153	0.00222	0.02049	0.00366	0.00323
13	0.00961	0.01052	0.01117	0.46322	0.01956	0.26501	0.00921	0.01152	0.00887	0.01019	0.05882	0.01043	0.00717	0.00449	0.00468	0.00125	0.08452	0.00341	0.00199	0.00437
14	0.00741	0.00663	0.01109	0.70027	0.06112	0.00806	0.01002	0.00954	0.00765	0.00987	0.00742	0.01167	0.00600	0.00512	0.00514	0.09238	0.00496	0.02972	0.00181	0.00414
15	0.66645	0.00746	0.00663	0.00565	0.00820	0.00822	0.00465	0.04267	0.00805	0.18602	0.00776	0.00803	0.00554	0.00394	0.00280	0.00121	0.00312	0.00257	0.01622	0.00482
16	0.01464	0.00705	0.00888	0.00704	0.00968	0.00673	0.00573	0.15093	0.06430	0.51525	0.15141	0.01543	0.01390	0.00539	0.00406	0.00122	0.00324	0.00443	0.00455	0.00615
17	0.00864	0.01867	0.71222	0.01077	0.01609	0.00943	0.01331	0.08840	0.06112	0.01381	0.00782	0.00878	0.00557	0.00392	0.00376	0.00124	0.00549	0.00305	0.00201	0.00590
18	0.01395	0.14972	0.01058	0.00684	0.00956	0.03829	0.00575	0.07872	0.03531	0.45382	0.09025	0.01429	0.04883	0.00510	0.00376	0.00115	0.00346	0.00405	0.02076	0.00582
19	0.00494	0.00393	0.00426	0.00425	0.00528	0.00344	0.00306	0.00594	0.00884	0.01108	0.17524	0.07225	0.55322	0.11910	0.00662	0.00164	0.00221	0.00787	0.00360	0.00325
20	0.00741	0.00692	0.01162	0.73681	0.08682	0.00841	0.01052	0.00988	0.00790	0.01023	0.00792	0.06399	0.00661	0.00442	0.00399	0.00131	0.00500	0.00397	0.00188	0.00442
21	0.00743	0.00691	0.01161	0.70335	0.09442	0.00841	0.01043	0.00991	0.00779	0.01017	0.00733	0.01085	0.00574	0.00625	0.08220	0.00176	0.00567	0.00355	0.00179	0.00443
22	0.00992	0.00788	0.00921	0.00900	0.08644	0.00853	0.00652	0.25781	0.24824	0.01728	0.09275	0.06993	0.07073	0.00648	0.00426	0.00132	0.00341	0.08107	0.00373	0.00548
23	0.00510	0.00386	0.00464	0.00509	0.00584	0.00353	0.00375	0.00607	0.00824	0.01048	0.05249	0.31294	0.32230	0.08925	0.00630	0.00172	0.00253	0.14906	0.00354	0.00325
24	0.00982	0.00932	0.01569	0.04036	0.79464	0.00939	0.01186	0.03828	0.00921	0.01314	0.00743	0.00971	0.00620	0.00354	0.00388	0.00117	0.00466	0.00349	0.00200	0.00619
25	0.00501	0.00371	0.00472	0.00546	0.00592	0.00350	0.00378	0.00616	0.03773	0.01038	0.02343	0.69841	0.11768	0.01169	0.00494	0.00156	0.00233	0.04660	0.00365	0.00333
26	0.00960	0.00941	0.01502	0.13720	0.62225	0.04719	0.03764	0.01235	0.04800	0.01244	0.00768	0.00995	0.00629	0.00366	0.00390	0.00119	0.00483	0.00353	0.00202	0.00585
27	0.00794	0.01981	0.80873	0.01105	0.01670	0.00913	0.01415	0.01275	0.04103	0.01257	0.00739	0.00853	0.00525	0.00379	0.00374	0.00125	0.00569	0.00296	0.00175	0.00581
28	0.01080	0.00882	0.00826	0.00731	0.00910	0.16090	0.00563	0.18814	0.09844	0.08728	0.07866	0.11514	0.02291	0.05257	0.04330	0.00159	0.00419	0.02448	0.06761	0.00487
29	0.02851	0.01346	0.32768	0.01474	0.25848	0.02673	0.09670	0.03154	0.04742	0.10441	0.00857	0.00975	0.00631	0.00384	0.00387	0.00122	0.00508	0.00343	0.00231	0.00594
30	0.05141	0.00805	0.04373	0.00787	0.01132	0.00641	0.14848	0.01846	0.01838	0.01329	0.05444	0.00977	0.00758	0.00338	0.00334	0.00082	0.00363	0.00305	0.00239	0.58421
31	0.00864	0.00695	0.01159	0.00921	0.01125	0.00695	0.24219	0.01134	0.08517	0.11679	0.11296	0.05628	0.09157	0.07236	0.07820	0.00195	0.06348	0.00542	0.00307	0.00463
32	0.00523	0.00389	0.00460	0.00473	0.00544	0.00360	0.00333	0.00617	0.00831	0.01087	0.19371	0.16442	0.27359	0.21455	0.03272	0.00211	0.00278	0.05335	0.00343	0.00317
33	0.01163	0.09243	0.16821	0.01008	0.07827	0.21487	0.00850	0.04752	0.15829	0.11726	0.01011	0.04858	0.00798	0.00461	0.00372	0.00117	0.00485	0.00359	0.00278	0.00555
34	0.00782	0.00662	0.03588	0.03249	0.14426	0.00618	0.05795	0.01801	0.10038	0.07278	0.08522	0.12467	0.18011	0.00761	0.01357	0.00142	0.00346	0.09360	0.00331	0.00466
35	0.00490	0.00361	0.00463	0.00549	0.00578	0.01269	0.00369	0.00561	0.00761	0.01004	0.02199	0.81438	0.05123	0.01210	0.00498	0.00158	0.00234	0.02052	0.00362	0.00321
36	0.00677	0.00497	0.00727	0.00690	0.00765	0.00595	0.00547	0.00810	0.00657	0.06162	0.01007	0.01432	0.00914	0.02471	0.67710	0.00534	0.12795	0.00408	0.00222	0.00381
37	0.00916	0.01033	0.06972	0.01855	0.34536	0.00938	0.39707	0.01204	0.00908	0.01273	0.04536	0.01090	0.00739	0.00369	0.00443	0.00126	0.02172	0.00416	0.00205	0.00560
38	0.01139	0.06306	0.05637	0.09676	0.16145	0.36031	0.00855	0.03430	0.01909	0.04117	0.00869	0.08824	0.00786	0.00484	0.00379	0.00116	0.00544	0.02030	0.00230	0.00493
39	0.88991	0.00758	0.00576	0.00516	0.00758	0.00879	0.00425	0.01152	0.00667	0.01759	0.00546	0.00637	0.00425	0.00364	0.00243	0.00121	0.00303	0.00212	0.00243	0.00425
40	0.03077	0.00863	0.00954	0.00784	0.01022	0.00932	0.00635	0.53363	0.01491	0.06349	0.02938	0.14531	0.01156	0.00632	0.00412	0.00127	0.00371	0.05577	0.04215	0.00569
41	0.00517	0.00405	0.00472	0.00470	0.00583	0.00359	0.00363	0.00658	0.00976	0.01266	0.33882	0.03527	0.44143	0.00931	0.00472	0.00134	0.00212	0.09891	0.00389	0.00349
42	0.76467	0.04004	0.00692	0.00567	0.00816	0.04746	0.00468	0.06073	0.00763	0.01734	0.00572	0.00658	0.00446	0.00371	0.00257	0.00119	0.00334	0.00222	0.00247	0.00443
43	0.00937	0.50662	0.36878	0.00860	0.01299	0.01280	0.01001	0.01203	0.00810	0.01058	0.00612	0.00713	0.00500	0.00351	0.00303	0.00101	0.00487	0.00244	0.00167	0.00535
44	0.00944	0.46467	0.29164	0.00886	0.04284	0.04551	0.00933	0.01186	0.00843	0.01084	0.05847	0.00856	0.00707	0.00380	0.00314	0.00102	0.00471	0.00275	0.00186	0.00522
45	0.00563	0.00413	0.00532	0.00548	0.00609	0.00427	0.00392	0.00721	0.05498	0.01056	0.11918	0.23522	0.06676	0.16911	0.24776	0.00325	0.00489	0.02221	0.02065	0.00339
46	0.00663	0.00530	0.05821	0.00575	0.00630	0.03165	0.00433	0.00646	0.00594	0.00798	0.00927	0.04634	0.00963	0.22751	0.14547	0.39194	0.02233	0.00433	0.00201	0.00261
47	0.00879	0.03027	0.23403	0.03072	0.19844	0.04718	0.17802	0.01219	0.06781	0.01205	0.00882	0.05125	0.00756	0.05842	0.00535	0.00142	0.03618	0.00407	0.00212	0.00532
48	0.00878	0.00901	0.01407	0.54990	0.05613	0.08906	0.16852	0.03704	0.00881	0.01105	0.00716	0.01009	0.00543	0.00382	0.00402	0.00127	0.00562	0.00362	0.00189	0.00470
49	0.00571	0.00406	0.00534	0.00531	0.00570	0.00440	0.00370	0.00651	0.00640	0.00899	0.06357	0.03677	0.01372	0.39593	0.37980	0.00460	0.02083	0.00516	0.02049	0.00302
50	0.09277	0.01154	0.18174	0.01365	0.11806	0.02601	0.33706	0.01262	0.07881	0.01312	0.00908	0.07116	0.00756	0.00428	0.00409	0.00129	0.00526	0.00431	0.00225	0.00532
51	0.06563	0.04833	0.00900	0.10349	0.03661	0.21444	0.00623	0.01251	0.10399	0.08864	0.01469	0.06494	0.13015	0.06424	0.00496	0.00139	0.00428	0.01905	0.00287	0.00454
52	0.01012	0.03109	0.39836	0.01109	0.01545	0.00879	0.19072	0.03897	0.06107	0.14928	0.00922	0.01015	0.00653	0.00430	0.00438	0.03349	0.00523	0.00357	0.00247	0.00572
53	0.00782	0.00893	0.17661	0.00761	0.00991	0.04256	0.05464	0.04328	0.04536	0.06140	0.16371	0.09944	0.09829	0.08643	0.00583	0.00156	0.00379	0.07521	0.00317	0.00444
54	0.00971	0.00947	0.01574	0.06137	0.76374	0.03047	0.02791	0.01204	0.00894	0.01259	0.00733	0.00969	0.00613	0.00352	0.00389	0.00117	0.00478	0.00349	0.00193	0.00606
55	0.00601	0.00412	0.00568	0.00575	0.00651	0.00382	0.03637	0.00703	0.00833	0.06321	0.13578	0.46248	0.10082	0.08903	0.01533	0.00174	0.00271	0.03817	0.00361	0.00352
56	0.00729	0.00769	0.06291	0.00928	0.01160	0.03077	0.26413	0.00976	0.03263	0.02679	0.20003	0.07582	0.17118	0.00685	0.00459	0.00134	0.00400	0.06585	0.00312	0.00437
57	0.00874	0.27823	0.54481	0.01010	0.01505	0.01111	0.05719	0.01222	0.00824	0.01145	0.00660	0.00780	0.00504	0.00359	0.00340	0.00112	0.00535	0.00275	0.00168	0.00553
58	0.00641	0.00560	0.07483	0.00622	0.00738	0.00455	0.00506	0.04462	0.00886	0.05354	0.13095	0.47432	0.06682	0.01024	0.01832	0.00155	0.01817	0.05511	0.00358	0.00386
59	0.00793	0.04028	0.82246	0.01107	0.01680	0.00926	0.01430	0.01240	0.00827	0.01234	0.00700	0.00823	0.00497	0.00372	0.00370	0.00123	0.00576	0.00288	0.00166	0.00578
60	0.00505	0.00367	0.00439	0.00483	0.00524	0.00341	0.00318	0.00564	0.00740	0.00961	0.04162	0.42503	0.19060	0.25061	0.00913	0.00215	0.00265	0.01950	0.00330	0.00300
61	0.01008	0.01148	0.07176	0.04452	0.43944	0.13815	0.15902	0.01268	0.02400	0.01218	0.00782	0.01059	0.00650	0.00384	0.00401	0.00120	0.00542	0.02966	0.00203	0.00562
62	0.00936	0.23614	0.38095	0.00935	0.01353	0.01078	0.04611	0.10590	0.05861	0.01344	0.05998	0.01027	0.00794	0.00420	0.00357	0.00115	0.00480	0.01610	0.00227	0.00553
63	0.00713	0.00453	0.00493	0.00481	0.00609	0.00437	0.00367	0.00961	0.10214	0.07020	0.02338	0.10348	0.28381	0.00745	0.00392	0.00122	0.00225	0.04284	0.31016	0.00399
64	0.02274	0.00458	0.00575	0.00527	0.00668	0.00411	0.00404	0.00942	0.01015	0.19299	0.36740	0.11804	0.20344	0.00819	0.00450	0.00130	0.00230	0.02073	0.00417	0.00421
65	0.10957	0.01011	0.08324	0.08964	0.01586	0.07254	0.33625	0.01242	0.01621	0.09006	0.03664	0.02735	0.02485	0.00454	0.00414	0.00130	0.00521	0.05260	0.00251	0.00498
66	0.00810	0.07309	0.75376	0.01092	0.01644	0.00954	0.03018	0.01257	0.02776	0.01231	0.00716	0.00835	0.00516	0.00373	0.00367	0.00122	0.00565	0.00292	0.00172	0.00575
67	0.01381	0.00635	0.00812	0.00661	0.00901	0.00605	0.00535	0.06287	0.08282	0.50373	0.05179	0.01431	0.01102	0.00727	0.08211	0.00166	0.00378	0.00409	0.11342	0.00583
68	0.00944	0.01707	0.53689	0.01068	0.01519	0.12547	0.07016	0.01310	0.02725	0.07042	0.00868	0.06250	0.00686	0.00439	0.00386	0.00124	0.00557	0.00360	0.00213	0.00549
69	0.02150	0.00983	0.09498	0.07800	0.09582	0.04175	0.06103	0.18277	0.17781	0.02408	0.01258	0.06873	0.04880	0.03309	0.00459	0.00137	0.00427	0.03053	0.00303	0.00542
70	0.00518	0.00379	0.00501	0.00545	0.00593	0.00381	0.00387	0.00606	0.00718	0.00960	0.01936	0.38905	0.11003	0.12996	0.23279	0.00313	0.00472	0.04882	0.00306	0.00320
71	0.01056	0.00951	0.01655	0.01775	0.38242	0.01989	0.25889	0.03824	0.08587	0.09573	0.00916	0.01073	0.00700	0.00383	0.00424	0.00124	0.01599	0.00396	0.00249	0.00594
72	0.00920	0.00921	0.06882	0.01435	0.33444	0.00771	0.07996	0.03494	0.00891	0.02917	0.00745	0.00911	0.00602	0.00331	0.00354	0.00095	0.00416	0.00309	0.00219	0.36348
73	0.62605	0.02324	0.15795	0.00673	0.00979	0.05660	0.00648	0.05063	0.00779	0.01642	0.00597	0.00690	0.00455	0.00372	0.00280	0.00120	0.00384	0.00235	0.00232	0.00467

[dist]
# distance from previous block
# <min> <max>
4	7

[block]
# block no. 3 follows, 69 sequences, length 29
# corresponding to MSA columns:
# 242-270
name=unknown_D
#
# <colnr> <probs for GDERKNQSTAVLIFYWHMCP>
#	G	D	E	R	K	N	Q	S	T	A	V	L	I	F	Y	W	H	M	C	P
0	0.00623	0.00405	0.00502	0.00488	0.00548	0.00387	0.00335	0.00718	0.00842	0.05384	0.33980	0.06499	0.03453	0.38451	0.01140	0.00241	0.00290	0.05047	0.00341	0.00324
1	0.06073	0.00900	0.08805	0.00803	0.02170	0.03740	0.07824	0.04790	0.04607	0.16223	0.04771	0.01939	0.00856	0.00410	0.00356	0.00100	0.00379	0.01696	0.00294	0.33261
2	0.00715	0.00566	0.00634	0.00600	0.00722	0.03199	0.00449	0.10305	0.11117	0.01472	0.33337	0.24577	0.09065	0.00846	0.00453	0.00133	0.00258	0.00738	0.00392	0.00421
3	0.01231	0.00563	0.00693	0.00582	0.00782	0.00530	0.00462	0.07690	0.02028	0.38845	0.03736	0.08772	0.01178	0.00548	0.00364	0.00114	0.00276	0.00453	0.30627	0.00524
4	0.04660	0.00954	0.01828	0.10631	0.18650	0.00940	0.44741	0.04254	0.00941	0.07279	0.00821	0.01037	0.00615	0.00359	0.00423	0.00127	0.00559	0.00408	0.00225	0.00548
5	0.00850	0.02013	0.76383	0.01107	0.01651	0.08781	0.01384	0.01272	0.00854	0.01215	0.00694	0.00816	0.00497	0.00375	0.00371	0.00122	0.00591	0.00286	0.00169	0.00568
6	0.00491	0.00398	0.00435	0.00426	0.00546	0.00343	0.00320	0.00616	0.00959	0.01214	0.27998	0.03518	0.59495	0.00935	0.00463	0.00130	0.00194	0.00792	0.00384	0.00343
7	0.00860	0.00465	0.00508	0.00470	0.00604	0.00467	0.00361	0.01153	0.11339	0.11140	0.07393	0.01638	0.04265	0.00514	0.00325	0.00104	0.00217	0.00421	0.57325	0.00432
8	0.00624	0.00510	0.00804	0.00685	0.00773	0.00495	0.16192	0.00706	0.00674	0.00901	0.01351	0.11437	0.04612	0.53411	0.04907	0.00308	0.00438	0.00613	0.00248	0.00311
9	0.01464	0.01868	0.01111	0.01010	0.01212	0.84648	0.00757	0.01565	0.01111	0.00959	0.00606	0.00707	0.00505	0.00404	0.00353	0.00101	0.00707	0.00252	0.00202	0.00454
10	0.00908	0.08789	0.42621	0.01251	0.01726	0.01015	0.29593	0.07107	0.00932	0.01308	0.00739	0.00899	0.00544	0.00362	0.00395	0.00123	0.00584	0.00348	0.00194	0.00562
11	0.07701	0.00676	0.00906	0.06794	0.01107	0.00618	0.00603	0.01793	0.01066	0.72375	0.01416	0.01265	0.00900	0.00470	0.00384	0.00122	0.00345	0.00378	0.00446	0.00634
12	0.00489	0.00363	0.00459	0.00523	0.00576	0.00332	0.00367	0.00579	0.00813	0.01064	0.08426	0.59290	0.18341	0.01143	0.00493	0.00153	0.00227	0.05666	0.00369	0.00327
13	0.00949	0.00801	0.01305	0.45816	0.15961	0.00897	0.07830	0.08113	0.02962	0.08071	0.00842	0.01104	0.00635	0.00411	0.00411	0.00128	0.01531	0.01487	0.00232	0.00517
14	0.00776	0.00834	0.07265	0.66752	0.11239	0.00886	0.04644	0.01051	0.00805	0.01060	0.00706	0.01022	0.00534	0.00383	0.00393	0.00129	0.00527	0.00349	0.00177	0.00470
15	0.00751	0.00707	0.01194	0.81568	0.06332	0.00874	0.01094	0.01011	0.00789	0.01014	0.00699	0.01042	0.00527	0.00390	0.00392	0.00130	0.00520	0.00348	0.00175	0.00444
16	0.00524	0.00382	0.00518	0.00550	0.00601	0.00390	0.00393	0.00627	0.00747	0.01026	0.12617	0.35293	0.05319	0.09673	0.29093	0.00333	0.00513	0.00763	0.00309	0.00329
17	0.05038	0.12338	0.03574	0.01809	0.04311	0.22576	0.11991	0.04908	0.04418	0.15762	0.03520	0.01006	0.00749	0.00482	0.02247	0.00126	0.04008	0.00339	0.00270	0.00527
18	0.05237	0.00914	0.06738	0.00811	0.01084	0.04423	0.06533	0.23851	0.01183	0.27486	0.03613	0.01345	0.00933	0.13326	0.00631	0.00159	0.00419	0.00402	0.00355	0.00557
19	0.00552	0.00451	0.01686	0.00535	0.00644	0.00416	0.00414	0.02186	0.04934	0.01154	0.10894	0.20774	0.34922	0.01176	0.08388	0.00189	0.00316	0.09653	0.00355	0.00361
20	0.00891	0.24595	0.14257	0.00835	0.04749	0.03998	0.03342	0.05491	0.02811	0.03905	0.01137	0.21484	0.02523	0.01478	0.00388	0.00118	0.00400	0.00493	0.00255	0.06850
21	0.02551	0.19629	0.20412	0.02368	0.19074	0.02213	0.00938	0.08074	0.05329	0.06292	0.00916	0.06078	0.01662	0.00441	0.00359	0.00114	0.00443	0.00359	0.00241	0.02511
22	0.00735	0.00673	0.01103	0.51611	0.17658	0.00772	0.00955	0.00951	0.00800	0.01051	0.01052	0.10147	0.04430	0.04084	0.00476	0.00142	0.00457	0.02247	0.00213	0.00444
23	0.03294	0.00958	0.08655	0.09413	0.42017	0.00879	0.06905	0.07320	0.02132	0.05141	0.06047	0.03751	0.00876	0.00428	0.00398	0.00122	0.00455	0.00399	0.00243	0.00569
24	0.01892	0.10628	0.32190	0.01314	0.17658	0.09329	0.10668	0.01221	0.01772	0.01211	0.05515	0.03288	0.00782	0.00412	0.00379	0.00118	0.00524	0.00357	0.00203	0.00540
25	0.00957	0.19170	0.09623	0.00808	0.04060	0.07952	0.02603	0.08283	0.04457	0.05870	0.20786	0.01540	0.06350	0.00561	0.00436	0.02298	0.03034	0.00429	0.00294	0.00487
26	0.00672	0.00604	0.06666	0.00755	0.08494	0.01966	0.01355	0.02244	0.03805	0.01903	0.01496	0.30509	0.02737	0.17760	0.05814	0.00212	0.00369	0.00667	0.11589	0.00383
27	0.00964	0.05781	0.00995	0.06972	0.08784	0.03746	0.04606	0.15523	0.02209	0.10494	0.01717	0.18115	0.15709	0.00679	0.00418	0.00128	0.00364	0.00584	0.01724	0.00489
28	0.00944	0.04737	0.28003	0.01427	0.27428	0.02362	0.03618	0.02361	0.02823	0.07522	0.02865	0.04583	0.00790	0.00459	0.00457	0.00126	0.06938	0.01766	0.00228	0.00563

[dist]
# distance from previous block
# <min> <max>
0	83

# created by:
# /st0/software/busco_prod/Augustus/scripts/msa2prfl.pl ./align_prep/31245.fa
