[name]
unknown

[dist]
# distance from previous block
# <min> <max>
0	136

[block]
# block no. 0 follows, 63 sequences, length 35
# corresponding to MSA columns:
# 164-198
name=unknown_A
#
# <colnr> <probs for GDERKNQSTAVLIFYWHMCP>
#	G	D	E	R	K	N	Q	S	T	A	V	L	I	F	Y	W	H	M	C	P
0	0.07357	0.00956	0.01221	0.18214	0.19212	0.10425	0.05251	0.04559	0.05047	0.03951	0.03440	0.01370	0.03064	0.02135	0.02111	0.00144	0.00501	0.03661	0.00263	0.07120
1	0.02124	0.02079	0.01341	0.10114	0.24313	0.11257	0.03934	0.17659	0.06747	0.02440	0.02460	0.01062	0.00749	0.00429	0.00402	0.00118	0.00493	0.00363	0.00279	0.11637
2	0.01971	0.00965	0.01371	0.38795	0.24263	0.07769	0.02780	0.08216	0.01018	0.04688	0.00812	0.01059	0.00624	0.00415	0.00412	0.00129	0.00535	0.00365	0.00233	0.03582
3	0.02613	0.00845	0.01290	0.32001	0.25224	0.02213	0.03393	0.05335	0.04989	0.01307	0.00921	0.04789	0.00787	0.04008	0.02429	0.00154	0.00505	0.00417	0.00237	0.06544
4	0.12862	0.00567	0.00723	0.05608	0.06631	0.00606	0.00516	0.06808	0.00763	0.01152	0.01002	0.06504	0.02511	0.12758	0.05120	0.34415	0.00420	0.00447	0.00242	0.00344
5	0.02595	0.00711	0.00891	0.07477	0.11475	0.01874	0.00647	0.17326	0.02065	0.01536	0.14114	0.06638	0.16859	0.07672	0.06089	0.00192	0.00415	0.00596	0.00342	0.00484
6	0.06664	0.01072	0.01085	0.03374	0.03613	0.20262	0.06985	0.10018	0.03500	0.01391	0.03365	0.06324	0.00929	0.04827	0.06264	0.00169	0.03063	0.00410	0.00272	0.16413
7	0.00696	0.00408	0.00541	0.00540	0.00594	0.00390	0.00375	0.00676	0.00744	0.04967	0.08161	0.11299	0.13976	0.11411	0.04366	0.37621	0.00349	0.02304	0.00291	0.00290
8	0.08371	0.00807	0.01108	0.03661	0.27325	0.00807	0.00799	0.07008	0.07634	0.13046	0.01339	0.12601	0.04572	0.00575	0.00416	0.00129	0.00386	0.00500	0.00326	0.08591
9	0.04538	0.00576	0.00642	0.00611	0.00754	0.00593	0.00455	0.02985	0.19718	0.05206	0.10307	0.14717	0.21906	0.09351	0.05562	0.00202	0.00335	0.00709	0.00384	0.00450
10	0.00790	0.00524	0.00624	0.00592	0.00683	0.00546	0.00415	0.02272	0.13398	0.07411	0.03958	0.06963	0.04970	0.35592	0.13201	0.03939	0.00465	0.00582	0.02681	0.00393
11	0.30051	0.00629	0.00637	0.00587	0.00777	0.00650	0.00456	0.04590	0.03719	0.11720	0.08758	0.18325	0.16045	0.00762	0.00411	0.00141	0.00288	0.00623	0.00372	0.00461
12	0.13987	0.00674	0.00772	0.00663	0.00872	0.00683	0.00515	0.05682	0.12792	0.26109	0.14286	0.05273	0.03448	0.09016	0.00624	0.02822	0.00327	0.00513	0.00409	0.00534
13	0.03784	0.00756	0.00829	0.00696	0.00880	0.00806	0.00523	0.27474	0.09563	0.10237	0.01276	0.01784	0.01125	0.32101	0.01050	0.00232	0.00398	0.00476	0.05499	0.00511
14	0.00707	0.00460	0.00531	0.00519	0.00560	0.00457	0.00324	0.05289	0.00755	0.04642	0.01554	0.15054	0.03938	0.61517	0.01676	0.00336	0.00378	0.00686	0.00300	0.00318
15	0.22874	0.00593	0.00651	0.00589	0.00779	0.00580	0.00453	0.01181	0.00918	0.25075	0.03126	0.19706	0.15051	0.05940	0.00525	0.00158	0.00301	0.00634	0.00388	0.00476
16	0.05594	0.00491	0.00561	0.00559	0.00683	0.00468	0.00412	0.01906	0.06294	0.07090	0.12324	0.29173	0.27720	0.03192	0.00529	0.00156	0.00256	0.01783	0.00400	0.00410
17	0.88196	0.00813	0.00618	0.00553	0.00813	0.00943	0.00455	0.01236	0.00715	0.01886	0.00585	0.00683	0.00455	0.00390	0.00260	0.00130	0.00325	0.00228	0.00260	0.00455
18	0.07792	0.00626	0.00764	0.00665	0.00829	0.00641	0.00512	0.15254	0.01011	0.17404	0.03165	0.05021	0.05218	0.01123	0.08911	0.27163	0.00431	0.00449	0.02572	0.00448
19	0.03662	0.00561	0.00696	0.00651	0.00779	0.00585	0.00485	0.04092	0.10119	0.13909	0.02521	0.13933	0.03295	0.18454	0.22969	0.00340	0.00552	0.01609	0.00341	0.00447
20	0.00731	0.00503	0.00600	0.00592	0.00707	0.00490	0.00434	0.00995	0.12484	0.08038	0.16086	0.24723	0.17672	0.09830	0.00667	0.00177	0.00276	0.04166	0.00404	0.00423
21	0.11146	0.00890	0.00992	0.00810	0.01102	0.00944	0.00656	0.19799	0.27029	0.30001	0.01410	0.01297	0.00980	0.00518	0.00406	0.00133	0.00370	0.00408	0.00439	0.00670
22	0.04553	0.00880	0.02486	0.02741	0.03878	0.03336	0.28896	0.09292	0.00971	0.04671	0.00986	0.01323	0.00818	0.03876	0.28983	0.00328	0.00779	0.00443	0.00253	0.00508
23	0.01011	0.01060	0.02919	0.01179	0.07776	0.14587	0.11002	0.05584	0.02517	0.01182	0.00856	0.03677	0.00791	0.06918	0.11098	0.00232	0.26471	0.00423	0.00229	0.00488
24	0.00712	0.00864	0.18681	0.02958	0.02922	0.00608	0.00761	0.04357	0.00911	0.01248	0.06240	0.18480	0.03570	0.11595	0.05121	0.00218	0.00448	0.19559	0.00313	0.00435
25	0.01070	0.00875	0.00950	0.00788	0.01065	0.00916	0.00623	0.18916	0.37035	0.01794	0.01494	0.05023	0.05559	0.00553	0.00407	0.00121	0.00345	0.00454	0.00379	0.21632
26	0.00682	0.00473	0.00571	0.00560	0.00663	0.00443	0.00393	0.00822	0.04784	0.06176	0.04005	0.28179	0.15663	0.20496	0.06609	0.00241	0.00353	0.00783	0.00347	0.07755
27	0.01017	0.00742	0.00895	0.00786	0.00937	0.02979	0.03140	0.12898	0.11942	0.09876	0.01371	0.04387	0.01278	0.22976	0.06617	0.00253	0.08211	0.08872	0.00337	0.00485
28	0.01191	0.45089	0.09958	0.00863	0.01211	0.09449	0.02976	0.10117	0.05925	0.04811	0.00848	0.04315	0.00720	0.00446	0.00343	0.00110	0.00486	0.00326	0.00249	0.00570
29	0.00615	0.00442	0.00562	0.00603	0.02855	0.00416	0.00425	0.00727	0.01893	0.03463	0.12204	0.23233	0.26431	0.04917	0.08250	0.06545	0.00345	0.05346	0.00362	0.00366
30	0.00718	0.00475	0.00635	0.00624	0.00742	0.00464	0.00485	0.00862	0.00888	0.08854	0.11805	0.13440	0.12680	0.03906	0.26837	0.00323	0.00550	0.11180	0.00349	0.04182
31	0.04016	0.10396	0.08771	0.04483	0.07461	0.00972	0.07842	0.11121	0.07507	0.31429	0.01179	0.01168	0.00819	0.00460	0.00405	0.00127	0.00451	0.00384	0.00360	0.00649
32	0.00842	0.02461	0.03292	0.03218	0.18984	0.03226	0.05555	0.05149	0.01734	0.01186	0.01341	0.10858	0.07485	0.08998	0.09203	0.09058	0.04618	0.02074	0.00260	0.00456
33	0.00674	0.00459	0.00608	0.00606	0.00668	0.00488	0.00436	0.03741	0.04090	0.01057	0.04983	0.12756	0.03876	0.14584	0.28333	0.18489	0.00594	0.01681	0.01538	0.00338
34	0.00944	0.00709	0.00891	0.12209	0.04354	0.00766	0.00680	0.07673	0.23203	0.07897	0.08491	0.06028	0.07800	0.05820	0.00564	0.00162	0.00369	0.10539	0.00376	0.00525

[dist]
# distance from previous block
# <min> <max>
5	13

[block]
# block no. 1 follows, 63 sequences, length 23
# corresponding to MSA columns:
# 212-234
name=unknown_B
#
# <colnr> <probs for GDERKNQSTAVLIFYWHMCP>
#	G	D	E	R	K	N	Q	S	T	A	V	L	I	F	Y	W	H	M	C	P
0	0.03776	0.05334	0.04021	0.00641	0.00806	0.02503	0.00517	0.04805	0.07741	0.05340	0.32339	0.14844	0.09221	0.02863	0.03234	0.00161	0.00321	0.00688	0.00391	0.00454
1	0.00942	0.02690	0.19201	0.10338	0.12026	0.05247	0.08230	0.04399	0.02671	0.05322	0.06055	0.06204	0.05518	0.00582	0.00443	0.00137	0.00493	0.06814	0.00278	0.02410
2	0.00940	0.07777	0.14131	0.08367	0.21758	0.10262	0.00945	0.01155	0.00928	0.03948	0.01296	0.16575	0.05958	0.02550	0.00467	0.00140	0.00477	0.01546	0.00258	0.00522
3	0.00627	0.00477	0.00701	0.00692	0.00775	0.00534	0.02376	0.02490	0.02595	0.01051	0.01330	0.15305	0.01333	0.04341	0.62673	0.00551	0.00925	0.00576	0.00261	0.00386
4	0.00948	0.00908	0.04710	0.15730	0.24869	0.02152	0.09365	0.02524	0.00942	0.04933	0.01102	0.04660	0.04998	0.00488	0.00443	0.00125	0.02421	0.03035	0.00250	0.15397
5	0.04028	0.05938	0.04602	0.04986	0.04740	0.02718	0.06331	0.03963	0.06632	0.19119	0.04292	0.13968	0.08610	0.03817	0.00507	0.00149	0.00394	0.04319	0.00358	0.00528
6	0.04929	0.04514	0.12785	0.05027	0.13275	0.11832	0.25306	0.08746	0.01064	0.02994	0.00878	0.03888	0.00715	0.00441	0.00428	0.00131	0.00590	0.01643	0.00241	0.00574
7	0.00514	0.00372	0.00487	0.00578	0.00612	0.00345	0.00391	0.00592	0.00819	0.01081	0.02453	0.77590	0.08414	0.01296	0.00535	0.00169	0.00245	0.02772	0.00390	0.00343
8	0.00893	0.05785	0.37795	0.01124	0.05485	0.07289	0.06411	0.02467	0.04919	0.01278	0.01099	0.12268	0.01012	0.00685	0.03772	0.00160	0.01782	0.04986	0.00243	0.00546
9	0.02417	0.02736	0.01234	0.02170	0.05486	0.18865	0.12715	0.05038	0.03718	0.06840	0.03249	0.05465	0.00969	0.03934	0.16638	0.00248	0.07065	0.00446	0.00269	0.00500
10	0.00924	0.03311	0.12988	0.36037	0.23718	0.03647	0.10972	0.01225	0.00908	0.01219	0.00765	0.01045	0.00593	0.00396	0.00420	0.00133	0.00574	0.00373	0.00195	0.00556
11	0.00725	0.00433	0.00564	0.00605	0.00686	0.00404	0.00435	0.02079	0.00894	0.11157	0.02228	0.59676	0.05580	0.01135	0.00507	0.00161	0.00267	0.06230	0.05838	0.00400
12	0.01013	0.05295	0.25902	0.07595	0.19013	0.06345	0.09080	0.01355	0.04506	0.05726	0.00936	0.02577	0.01727	0.00463	0.00470	0.00134	0.05106	0.01939	0.00231	0.00587
13	0.04694	0.05784	0.07556	0.06383	0.13988	0.34020	0.07559	0.04160	0.02397	0.01232	0.00718	0.00893	0.00585	0.00440	0.00477	0.00125	0.07905	0.00326	0.00218	0.00540
14	0.00526	0.00378	0.00501	0.00589	0.00625	0.00353	0.00405	0.00614	0.00841	0.01121	0.06967	0.73430	0.05020	0.01275	0.00536	0.00169	0.00249	0.05662	0.00394	0.00348
15	0.01069	0.04184	0.01050	0.00807	0.05199	0.03663	0.00615	0.15617	0.01094	0.03432	0.00808	0.00906	0.00645	0.00360	0.00340	0.00081	0.00370	0.00283	0.00280	0.59196
16	0.00562	0.00427	0.00480	0.00479	0.00602	0.00370	0.00354	0.00685	0.00995	0.03688	0.20774	0.14610	0.52405	0.01038	0.00500	0.00143	0.00218	0.00887	0.00410	0.00373
17	0.00628	0.00472	0.00624	0.00609	0.00709	0.00487	0.00466	0.00881	0.07454	0.01405	0.40920	0.07092	0.05232	0.01590	0.26243	0.00306	0.00507	0.03590	0.00377	0.00407
18	0.01053	0.01069	0.05373	0.05951	0.45986	0.03922	0.20086	0.01320	0.00964	0.05373	0.00861	0.01137	0.00697	0.03765	0.00502	0.00141	0.00556	0.00409	0.00224	0.00611
19	0.02760	0.03665	0.08825	0.09439	0.15655	0.01052	0.40773	0.07309	0.01034	0.04105	0.00848	0.01074	0.00639	0.00385	0.00448	0.00135	0.00607	0.00424	0.00232	0.00592
20	0.00525	0.00378	0.00500	0.00586	0.00619	0.00358	0.00400	0.00605	0.00803	0.01069	0.02295	0.72465	0.05587	0.04090	0.04686	0.00203	0.00296	0.03814	0.00378	0.00342
21	0.02049	0.00983	0.11461	0.04282	0.17430	0.02196	0.04339	0.10680	0.05180	0.12706	0.02630	0.07878	0.05240	0.04345	0.02120	0.00158	0.00455	0.03202	0.02097	0.00572
22	0.05010	0.02795	0.17310	0.01259	0.09240	0.12065	0.10624	0.06580	0.02503	0.07699	0.00816	0.01001	0.00641	0.01824	0.00644	0.00144	0.18674	0.00362	0.00244	0.00566

[dist]
# distance from previous block
# <min> <max>
0	4

[block]
# block no. 2 follows, 63 sequences, length 8
# corresponding to MSA columns:
# 239-246
name=unknown_C
#
# <colnr> <probs for GDERKNQSTAVLIFYWHMCP>
#	G	D	E	R	K	N	Q	S	T	A	V	L	I	F	Y	W	H	M	C	P
0	0.05658	0.05011	0.10654	0.01019	0.10485	0.03558	0.00805	0.05446	0.04685	0.07285	0.07421	0.02464	0.00967	0.00494	0.00508	0.00120	0.11362	0.00372	0.01693	0.19992
1	0.41030	0.05210	0.01226	0.07372	0.11316	0.13857	0.11866	0.01316	0.00874	0.01510	0.00670	0.00834	0.00532	0.00391	0.00343	0.00126	0.00491	0.00301	0.00231	0.00507
2	0.00642	0.00418	0.00604	0.00604	0.00645	0.00459	0.00436	0.00668	0.00627	0.00877	0.01033	0.01698	0.01022	0.14667	0.46398	0.27453	0.00786	0.00448	0.00216	0.00298
3	0.00705	0.00591	0.02582	0.05067	0.02918	0.00580	0.02454	0.06179	0.05169	0.01376	0.21478	0.15948	0.12913	0.04965	0.09499	0.00215	0.01717	0.04854	0.00360	0.00428
4	0.01033	0.01196	0.20972	0.03681	0.27840	0.00892	0.07301	0.07345	0.01026	0.08497	0.01133	0.04947	0.05258	0.00478	0.00422	0.00128	0.00491	0.00429	0.00265	0.06665
5	0.00591	0.00449	0.00541	0.00553	0.00642	0.00430	0.00396	0.00808	0.08230	0.01337	0.29534	0.29623	0.18114	0.06059	0.00601	0.00164	0.00240	0.00891	0.00410	0.00387
6	0.00807	0.04537	0.04381	0.19317	0.01335	0.04741	0.04540	0.07383	0.00907	0.01162	0.01493	0.05614	0.12502	0.18609	0.10653	0.00256	0.00539	0.00534	0.00264	0.00426
7	0.07122	0.03529	0.01091	0.00870	0.04586	0.04799	0.00677	0.25828	0.05413	0.19528	0.01056	0.01054	0.00760	0.00444	0.00378	0.00111	0.00403	0.00342	0.00365	0.21644

[dist]
# distance from previous block
# <min> <max>
0	53

[block]
# block no. 3 follows, 63 sequences, length 26
# corresponding to MSA columns:
# 301-326
name=unknown_D
#
# <colnr> <probs for GDERKNQSTAVLIFYWHMCP>
#	G	D	E	R	K	N	Q	S	T	A	V	L	I	F	Y	W	H	M	C	P
0	0.06446	0.05937	0.02184	0.00921	0.05180	0.02503	0.03165	0.27303	0.18138	0.04610	0.07010	0.09437	0.04127	0.00612	0.00424	0.00133	0.00391	0.00506	0.00376	0.00595
1	0.04138	0.09113	0.00811	0.00714	0.03285	0.03283	0.03448	0.00793	0.00845	0.01135	0.05680	0.48575	0.03532	0.07587	0.00613	0.00174	0.00328	0.05220	0.00339	0.00388
2	0.03617	0.00753	0.09240	0.00660	0.00878	0.00625	0.00572	0.01160	0.17756	0.04974	0.16170	0.07037	0.27958	0.00785	0.00469	0.00137	0.01655	0.00657	0.00380	0.04516
3	0.05216	0.18092	0.01261	0.00850	0.01090	0.17173	0.00704	0.15234	0.06706	0.07453	0.01014	0.01123	0.03259	0.00859	0.11835	0.00197	0.06748	0.00354	0.00288	0.00544
4	0.11641	0.05870	0.11273	0.08118	0.21323	0.06257	0.11043	0.03804	0.00906	0.01343	0.00714	0.00938	0.00581	0.00445	0.00549	0.00136	0.13942	0.00348	0.00212	0.00557
5	0.00994	0.00770	0.00867	0.04088	0.01058	0.00857	0.00621	0.04244	0.51619	0.07691	0.01841	0.18251	0.03828	0.00722	0.00451	0.00147	0.00326	0.00620	0.00416	0.00589
6	0.00511	0.00372	0.00481	0.00569	0.00605	0.00343	0.00383	0.00587	0.00821	0.01080	0.02519	0.76517	0.11085	0.01291	0.00532	0.00168	0.00241	0.01163	0.00390	0.00343
7	0.04114	0.02495	0.01284	0.15611	0.05663	0.20543	0.07884	0.16409	0.01211	0.14629	0.01006	0.04198	0.00784	0.00491	0.00417	0.00129	0.00542	0.01711	0.00308	0.00572
8	0.01016	0.00875	0.03798	0.05935	0.12939	0.00890	0.05224	0.13459	0.20790	0.04953	0.19598	0.01749	0.04097	0.00588	0.00463	0.00135	0.02036	0.00509	0.00367	0.00582
9	0.00822	0.00695	0.00819	0.00618	0.00943	0.00530	0.00483	0.00994	0.00863	0.01329	0.00962	0.12387	0.00918	0.00449	0.00342	0.00077	0.00302	0.00379	0.00268	0.75818
10	0.88196	0.00813	0.00618	0.00553	0.00813	0.00943	0.00455	0.01236	0.00715	0.01886	0.00585	0.00683	0.00455	0.00390	0.00260	0.00130	0.00325	0.00228	0.00260	0.00455
11	0.73508	0.00815	0.00690	0.00595	0.00866	0.00915	0.00490	0.04511	0.00829	0.12481	0.00742	0.00793	0.00542	0.00412	0.00288	0.00130	0.00335	0.00259	0.00300	0.00499
12	0.00525	0.00421	0.00444	0.00444	0.00553	0.00367	0.00315	0.00618	0.00907	0.01115	0.09335	0.06156	0.59613	0.16402	0.00797	0.00191	0.00248	0.00837	0.00371	0.00339
13	0.02318	0.09532	0.00998	0.00723	0.00968	0.00775	0.00586	0.10331	0.07604	0.36074	0.01553	0.13943	0.01291	0.05044	0.00511	0.00147	0.00357	0.02782	0.03875	0.00588
14	0.00515	0.00427	0.00451	0.00445	0.00579	0.00363	0.00334	0.00639	0.01001	0.01238	0.18753	0.03878	0.67875	0.01027	0.00497	0.00140	0.00210	0.00864	0.00404	0.00363
15	0.01146	0.03922	0.08840	0.04938	0.19017	0.00861	0.03181	0.04062	0.01043	0.09280	0.01037	0.01320	0.00856	0.00487	0.00430	0.00127	0.00463	0.03988	0.00306	0.34697
16	0.00872	0.00747	0.00872	0.00623	0.00996	0.00560	0.00498	0.01058	0.00872	0.01370	0.00747	0.00872	0.00623	0.00311	0.00311	0.00062	0.00311	0.00249	0.00249	0.87796
17	0.00768	0.00657	0.02452	0.18098	0.19434	0.00651	0.00782	0.00972	0.00981	0.04269	0.21629	0.12190	0.11298	0.00730	0.00466	0.00140	0.00367	0.03315	0.00327	0.00475
18	0.00706	0.00528	0.00583	0.00557	0.00671	0.00528	0.00397	0.03560	0.13843	0.03389	0.07306	0.06863	0.27602	0.27216	0.02715	0.00237	0.00328	0.02214	0.00359	0.00398
19	0.00598	0.00414	0.00515	0.00525	0.00546	0.00430	0.00335	0.00643	0.00647	0.00881	0.01379	0.11052	0.01542	0.56387	0.21904	0.00448	0.00566	0.00633	0.00262	0.00293
20	0.00730	0.00579	0.00792	0.00739	0.00794	0.00699	0.00570	0.00864	0.02852	0.03632	0.04690	0.06583	0.03748	0.15817	0.32809	0.00403	0.22523	0.00525	0.00259	0.00394
21	0.01480	0.05892	0.06907	0.01093	0.01357	0.67185	0.03717	0.05373	0.01184	0.01135	0.00678	0.00788	0.00552	0.00428	0.00381	0.00111	0.00718	0.00284	0.00222	0.00513
22	0.00870	0.02437	0.04785	0.00816	0.05760	0.02239	0.03788	0.02384	0.03501	0.02694	0.02399	0.05245	0.11279	0.00498	0.00394	0.00097	0.02000	0.00416	0.00279	0.48122
23	0.03703	0.08796	0.20465	0.04180	0.22541	0.01006	0.05417	0.08746	0.06554	0.03399	0.02554	0.02608	0.05227	0.01531	0.00431	0.00133	0.00486	0.01366	0.00262	0.00596
24	0.01086	0.04889	0.06826	0.03494	0.04346	0.02355	0.00781	0.10800	0.55084	0.01731	0.01446	0.03096	0.01107	0.00543	0.00419	0.00137	0.00391	0.00446	0.00378	0.00647
25	0.06093	0.11727	0.03765	0.09508	0.47739	0.09502	0.01104	0.03411	0.00969	0.01324	0.00739	0.00948	0.00613	0.00388	0.00385	0.00121	0.00517	0.00335	0.00211	0.00601

[dist]
# distance from previous block
# <min> <max>
0	8

[block]
# block no. 4 follows, 63 sequences, length 41
# corresponding to MSA columns:
# 335-375
name=unknown_E
#
# <colnr> <probs for GDERKNQSTAVLIFYWHMCP>
#	G	D	E	R	K	N	Q	S	T	A	V	L	I	F	Y	W	H	M	C	P
0	0.00943	0.06184	0.55304	0.01340	0.12754	0.02368	0.03238	0.04399	0.06985	0.01396	0.00832	0.00956	0.00617	0.00410	0.00400	0.00130	0.00572	0.00333	0.00211	0.00626
1	0.13953	0.00782	0.00812	0.00735	0.00946	0.00869	0.00575	0.10975	0.36876	0.02816	0.04765	0.10851	0.07885	0.00685	0.00424	0.00142	0.00322	0.03075	0.01955	0.00556
2	0.00583	0.00428	0.00534	0.00507	0.00614	0.00389	0.00380	0.00765	0.01141	0.01587	0.66642	0.03254	0.17473	0.00885	0.00490	0.00133	0.00201	0.00772	0.02831	0.00389
3	0.31479	0.10133	0.00996	0.00730	0.00992	0.01074	0.00603	0.13134	0.24461	0.04192	0.01045	0.01061	0.00795	0.00473	0.00368	0.00128	0.02463	0.00339	0.04965	0.00567
4	0.00521	0.00425	0.00461	0.00456	0.00584	0.00364	0.00340	0.00648	0.01008	0.01265	0.22905	0.06755	0.60753	0.01025	0.00498	0.00141	0.00211	0.00868	0.00408	0.00364
5	0.00580	0.00434	0.00580	0.00577	0.00664	0.00442	0.00436	0.00727	0.00889	0.01223	0.26784	0.07037	0.14861	0.06256	0.34395	0.00373	0.00596	0.02438	0.00338	0.00371
6	0.00920	0.00920	0.01288	0.01104	0.01104	0.01288	0.00920	0.01012	0.00644	0.01012	0.00552	0.00920	0.00552	0.00736	0.01380	0.00184	0.84457	0.00368	0.00184	0.00460
7	0.00741	0.00434	0.00556	0.00569	0.00665	0.00400	0.00415	0.00871	0.00956	0.11628	0.18227	0.40306	0.07211	0.01005	0.00484	0.00148	0.00247	0.03815	0.10915	0.00408
8	0.88196	0.00813	0.00618	0.00553	0.00813	0.00943	0.00455	0.01236	0.00715	0.01886	0.00585	0.00683	0.00455	0.00390	0.00260	0.00130	0.00325	0.00228	0.00260	0.00455
9	0.00726	0.00651	0.04873	0.05399	0.05926	0.00633	0.00727	0.00979	0.05061	0.01280	0.12354	0.02962	0.01905	0.02465	0.13278	0.00246	0.05263	0.32806	0.00326	0.02140
10	0.00963	0.00915	0.01555	0.20596	0.60723	0.00960	0.01224	0.01215	0.00917	0.01287	0.00798	0.01090	0.00662	0.00527	0.04678	0.00156	0.00545	0.00378	0.00204	0.00607
11	0.00518	0.00370	0.00494	0.00588	0.00616	0.00346	0.00396	0.00598	0.00820	0.01096	0.04813	0.80719	0.02810	0.01299	0.00536	0.00170	0.00245	0.02828	0.00392	0.00344
12	0.00966	0.00743	0.00916	0.00781	0.00990	0.00806	0.09326	0.05695	0.37356	0.01685	0.01449	0.01492	0.01103	0.00512	0.00383	0.00124	0.00327	0.00440	0.34356	0.00551
13	0.88196	0.00813	0.00618	0.00553	0.00813	0.00943	0.00455	0.01236	0.00715	0.01886	0.00585	0.00683	0.00455	0.00390	0.00260	0.00130	0.00325	0.00228	0.00260	0.00455
14	0.00602	0.00444	0.00642	0.00642	0.00705	0.00507	0.00483	0.00729	0.00666	0.00951	0.01157	0.01822	0.01125	0.15878	0.70937	0.00634	0.01015	0.00475	0.00230	0.00357
15	0.00872	0.00747	0.00872	0.00623	0.00996	0.00560	0.00498	0.01058	0.00872	0.01370	0.00747	0.00872	0.00623	0.00311	0.00311	0.00062	0.00311	0.00249	0.00249	0.87796
16	0.05325	0.00445	0.00503	0.00497	0.00532	0.00446	0.00307	0.00726	0.00671	0.05109	0.01390	0.07282	0.01549	0.68659	0.01806	0.00358	0.00391	0.03426	0.00281	0.00299
17	0.00524	0.00406	0.00482	0.00534	0.00619	0.00363	0.00389	0.00628	0.00898	0.01134	0.05120	0.39456	0.37505	0.01180	0.00523	0.00160	0.00244	0.09091	0.00392	0.00353
18	0.00572	0.00422	0.00534	0.00520	0.00617	0.00385	0.00385	0.00743	0.01114	0.01539	0.62278	0.12223	0.15230	0.00939	0.00500	0.00138	0.00205	0.00826	0.00444	0.00385
19	0.00920	0.00920	0.01288	0.01104	0.01104	0.01288	0.00920	0.01012	0.00644	0.01012	0.00552	0.00920	0.00552	0.00736	0.01380	0.00184	0.84457	0.00368	0.00184	0.00460
20	0.88196	0.00813	0.00618	0.00553	0.00813	0.00943	0.00455	0.01236	0.00715	0.01886	0.00585	0.00683	0.00455	0.00390	0.00260	0.00130	0.00325	0.00228	0.00260	0.00455
21	0.88196	0.00813	0.00618	0.00553	0.00813	0.00943	0.00455	0.01236	0.00715	0.01886	0.00585	0.00683	0.00455	0.00390	0.00260	0.00130	0.00325	0.00228	0.00260	0.00455
22	0.00535	0.00435	0.00479	0.00489	0.00619	0.00379	0.00380	0.00666	0.00989	0.01223	0.13817	0.04031	0.61070	0.01053	0.00509	0.00148	0.00236	0.12180	0.00399	0.00365
23	0.00628	0.00465	0.00562	0.00600	0.00679	0.00449	0.00423	0.09409	0.00959	0.01256	0.02499	0.62237	0.15875	0.01186	0.00517	0.00161	0.00263	0.01054	0.00394	0.00385
24	0.09686	0.00778	0.00971	0.00754	0.01069	0.00732	0.00622	0.12222	0.01259	0.63263	0.03297	0.01346	0.01011	0.00514	0.00409	0.00130	0.00365	0.00407	0.00482	0.00684
25	0.01051	0.10139	0.01076	0.00830	0.01074	0.01084	0.00662	0.06222	0.63855	0.01680	0.01587	0.06469	0.01262	0.00589	0.00417	0.00138	0.00347	0.00486	0.00398	0.00635
26	0.00563	0.00434	0.00507	0.00509	0.00609	0.00398	0.00368	0.00731	0.04213	0.01316	0.30368	0.18044	0.32451	0.06839	0.00614	0.00162	0.00232	0.00863	0.00407	0.00372
27	0.00553	0.00406	0.00528	0.00607	0.00669	0.00381	0.00452	0.00665	0.00878	0.01143	0.04401	0.50347	0.15063	0.01228	0.00541	0.00171	0.00274	0.20945	0.00391	0.00356
28	0.01169	0.24301	0.33676	0.01014	0.01446	0.17143	0.01077	0.13028	0.01096	0.01374	0.00726	0.00823	0.00563	0.00411	0.00364	0.00116	0.00579	0.00290	0.00221	0.00587
29	0.00966	0.33599	0.43626	0.01080	0.01580	0.01246	0.09939	0.01306	0.00886	0.01203	0.00701	0.00834	0.00547	0.00379	0.00361	0.00118	0.00566	0.00298	0.00182	0.00584
30	0.00837	0.00710	0.00799	0.00746	0.00890	0.05168	0.04154	0.06696	0.23865	0.01386	0.03568	0.28182	0.06663	0.10098	0.00657	0.00178	0.00351	0.02898	0.01681	0.00471
31	0.00677	0.00483	0.00627	0.00679	0.00757	0.00487	0.00538	0.05026	0.00912	0.01200	0.02009	0.18033	0.04128	0.17218	0.04409	0.00246	0.00397	0.41446	0.00357	0.00370
32	0.05376	0.00807	0.01271	0.27499	0.35445	0.00864	0.01019	0.01173	0.03146	0.03865	0.07662	0.01489	0.07633	0.00495	0.00423	0.00133	0.00453	0.00444	0.00255	0.00547
33	0.00912	0.03842	0.23511	0.34553	0.18115	0.05365	0.04262	0.01231	0.00905	0.01216	0.01805	0.01036	0.00619	0.00408	0.00411	0.00132	0.00573	0.00356	0.00194	0.00554
34	0.03898	0.00984	0.00942	0.00784	0.01017	0.14069	0.00620	0.24877	0.03610	0.17607	0.05325	0.01352	0.01027	0.05015	0.00503	0.00136	0.02134	0.00402	0.15131	0.00569
35	0.01100	0.00595	0.00746	0.00655	0.00838	0.00565	0.00511	0.11039	0.01183	0.26008	0.22523	0.17888	0.05313	0.00796	0.00463	0.00138	0.00294	0.03119	0.05708	0.00519
36	0.01104	0.00937	0.01241	0.03556	0.24605	0.05300	0.04995	0.20478	0.06408	0.04003	0.02885	0.09500	0.03738	0.03249	0.00501	0.00145	0.00452	0.05998	0.00325	0.00581
37	0.00616	0.00486	0.00534	0.00569	0.00615	0.04654	0.00379	0.00706	0.02601	0.01034	0.05671	0.39771	0.07722	0.27049	0.05422	0.00263	0.00365	0.00872	0.00335	0.00335
38	0.02441	0.06883	0.16465	0.05232	0.01229	0.02922	0.02442	0.14949	0.03363	0.08493	0.07067	0.05165	0.09525	0.00596	0.00464	0.00131	0.04881	0.00474	0.06731	0.00545
39	0.02888	0.05865	0.01202	0.05630	0.23999	0.11844	0.02865	0.03409	0.07963	0.02477	0.03200	0.01457	0.00970	0.19127	0.00780	0.00183	0.00480	0.00418	0.00257	0.04987
40	0.23538	0.06574	0.08873	0.00913	0.05502	0.11902	0.03317	0.09775	0.00978	0.05382	0.00905	0.05499	0.00790	0.06000	0.06838	0.00187	0.01867	0.00378	0.00269	0.00511

[dist]
# distance from previous block
# <min> <max>
2	49

[block]
# block no. 5 follows, 63 sequences, length 30
# corresponding to MSA columns:
# 425-454
name=unknown_F
#
# <colnr> <probs for GDERKNQSTAVLIFYWHMCP>
#	G	D	E	R	K	N	Q	S	T	A	V	L	I	F	Y	W	H	M	C	P
0	0.08562	0.19527	0.06708	0.00992	0.10658	0.08164	0.00773	0.07944	0.04068	0.07620	0.03083	0.01466	0.03820	0.02543	0.03188	0.00148	0.00469	0.06859	0.01370	0.02039
1	0.04191	0.01064	0.25259	0.00873	0.02526	0.00717	0.06437	0.02878	0.05062	0.01259	0.04755	0.01928	0.14060	0.13717	0.13213	0.00258	0.00557	0.00508	0.00267	0.00472
2	0.04372	0.00843	0.03266	0.01638	0.38925	0.00853	0.03133	0.01095	0.00919	0.01340	0.09154	0.07241	0.02863	0.00628	0.00567	0.00143	0.11124	0.08971	0.00267	0.02658
3	0.00874	0.00690	0.00794	0.00773	0.03260	0.00744	0.00573	0.01549	0.41838	0.04927	0.16624	0.13747	0.07166	0.00774	0.00465	0.00146	0.00296	0.03795	0.00422	0.00543
4	0.01051	0.05400	0.24357	0.09574	0.32783	0.09519	0.05471	0.01353	0.00958	0.04491	0.00790	0.00979	0.00613	0.00396	0.00406	0.00126	0.00569	0.00347	0.00210	0.00607
5	0.01338	0.21864	0.06544	0.03703	0.04196	0.36417	0.00851	0.09621	0.06413	0.02835	0.00772	0.00862	0.00621	0.00434	0.00381	0.00113	0.01940	0.00298	0.00244	0.00553
6	0.00509	0.00377	0.00477	0.00557	0.00602	0.00344	0.00377	0.00589	0.00833	0.01084	0.02667	0.70348	0.17158	0.01271	0.00529	0.00166	0.00238	0.01139	0.00390	0.00344
7	0.03428	0.02959	0.07681	0.01278	0.18481	0.05357	0.01900	0.18987	0.29393	0.03432	0.01198	0.01218	0.01821	0.00487	0.00413	0.00131	0.00447	0.00402	0.00338	0.00652
8	0.00521	0.00409	0.00471	0.00493	0.00592	0.00359	0.00356	0.00636	0.00960	0.01228	0.19440	0.27357	0.43489	0.01097	0.00508	0.00148	0.00219	0.00951	0.00405	0.00359
9	0.01412	0.03758	0.07880	0.01092	0.03239	0.27019	0.06587	0.32838	0.03255	0.03524	0.03260	0.01004	0.00747	0.00473	0.00427	0.00123	0.02091	0.00358	0.00310	0.00604
10	0.00601	0.00450	0.00676	0.00676	0.00751	0.00525	0.00525	0.00751	0.00676	0.00976	0.01126	0.01651	0.01051	0.03153	0.83560	0.00676	0.01126	0.00450	0.00225	0.00375
11	0.01014	0.00915	0.01488	0.09217	0.59833	0.00939	0.01138	0.04896	0.03331	0.02580	0.00964	0.05102	0.00841	0.00461	0.00423	0.00130	0.00471	0.02491	0.03146	0.00620
12	0.00902	0.00581	0.00719	0.08785	0.00914	0.00605	0.00492	0.11538	0.00912	0.10337	0.01360	0.06186	0.01374	0.46068	0.02621	0.00293	0.00426	0.05170	0.00314	0.00402
13	0.00872	0.00747	0.00872	0.00623	0.00996	0.00560	0.00498	0.01058	0.00872	0.01370	0.00747	0.00872	0.00623	0.00311	0.00311	0.00062	0.00311	0.00249	0.00249	0.87796
14	0.01083	0.00892	0.00955	0.00837	0.01074	0.01012	0.00656	0.15212	0.59137	0.01884	0.09159	0.03534	0.01474	0.00604	0.00435	0.00140	0.00340	0.00502	0.00429	0.00641
15	0.00567	0.00395	0.00482	0.00522	0.00547	0.00380	0.00333	0.00619	0.00752	0.01002	0.07129	0.36402	0.05574	0.39820	0.01270	0.00276	0.00319	0.02974	0.00333	0.00307
16	0.01700	0.00690	0.00927	0.00724	0.01019	0.00608	0.00593	0.04201	0.01224	0.69361	0.12749	0.01654	0.01434	0.00567	0.00433	0.00130	0.00339	0.00468	0.00509	0.00672
17	0.01506	0.09182	0.01283	0.01052	0.01273	0.73214	0.00808	0.01616	0.01141	0.01025	0.00640	0.00757	0.00542	0.00439	0.00409	0.00110	0.04031	0.00271	0.00212	0.00491
18	0.01071	0.01182	0.02103	0.10458	0.06224	0.09973	0.55262	0.05903	0.01052	0.01359	0.00824	0.01080	0.00625	0.00379	0.00467	0.00136	0.00674	0.00446	0.00222	0.00561
19	0.00611	0.00408	0.00458	0.00458	0.00458	0.00408	0.00255	0.00611	0.00611	0.00815	0.01325	0.02751	0.01528	0.85226	0.02140	0.00408	0.00408	0.00611	0.00255	0.00255
20	0.00549	0.00409	0.00504	0.00519	0.00601	0.00371	0.00371	0.00680	0.00995	0.01337	0.37040	0.27827	0.20989	0.05145	0.00588	0.00159	0.00225	0.00912	0.00415	0.00364
21	0.00566	0.00428	0.00519	0.00496	0.00606	0.00384	0.00370	0.00732	0.01106	0.01499	0.57000	0.03400	0.27270	0.03124	0.00539	0.00142	0.00208	0.00794	0.00436	0.00381
22	0.00560	0.00419	0.00512	0.00506	0.00602	0.00379	0.00369	0.00709	0.01053	0.01424	0.48058	0.13885	0.24023	0.04913	0.00578	0.00153	0.00218	0.00842	0.00425	0.00372
23	0.00915	0.00871	0.01480	0.43994	0.42168	0.00966	0.01228	0.01181	0.00898	0.01222	0.00769	0.01081	0.00612	0.00398	0.00418	0.00133	0.00530	0.00374	0.00197	0.00565
24	0.01045	0.00780	0.00870	0.04559	0.01059	0.00859	0.00615	0.10901	0.41508	0.07913	0.03337	0.09474	0.06777	0.00654	0.00431	0.00138	0.00330	0.00549	0.07612	0.00587
25	0.00989	0.00960	0.04469	0.08611	0.24231	0.02106	0.04319	0.01691	0.38969	0.01542	0.06638	0.01429	0.01158	0.00504	0.00429	0.00136	0.00424	0.00449	0.00325	0.00622
26	0.01031	0.14411	0.03903	0.04680	0.21806	0.05133	0.03969	0.05160	0.02700	0.06221	0.12522	0.01475	0.03559	0.00510	0.00415	0.00121	0.01867	0.01295	0.08672	0.00548
27	0.02624	0.05702	0.05434	0.00930	0.11219	0.02871	0.04047	0.01964	0.04203	0.01427	0.35058	0.06929	0.05649	0.02839	0.02235	0.04142	0.01325	0.00602	0.00342	0.00459
28	0.05914	0.05784	0.51324	0.01170	0.07646	0.04538	0.02337	0.03382	0.00932	0.03770	0.00769	0.00892	0.00569	0.00394	0.00380	0.00122	0.00553	0.00307	0.00210	0.09008
29	0.11296	0.04908	0.15183	0.11046	0.09019	0.04000	0.07801	0.08388	0.04900	0.04338	0.04565	0.01280	0.03201	0.00489	0.00442	0.00133	0.03797	0.02715	0.00268	0.02231

[dist]
# distance from previous block
# <min> <max>
0	15

[block]
# block no. 6 follows, 63 sequences, length 12
# corresponding to MSA columns:
# 470-479,482,483
name=unknown_G
#
# <colnr> <probs for GDERKNQSTAVLIFYWHMCP>
#	G	D	E	R	K	N	Q	S	T	A	V	L	I	F	Y	W	H	M	C	P
0	0.00976	0.01165	0.15562	0.06224	0.35734	0.07214	0.01086	0.04044	0.04017	0.01375	0.05729	0.05432	0.00977	0.00550	0.02282	0.00142	0.02672	0.00426	0.03815	0.00580
1	0.00569	0.00400	0.00512	0.00557	0.00619	0.00374	0.00399	0.00694	0.00931	0.01285	0.24315	0.42664	0.07680	0.04037	0.00566	0.00163	0.00243	0.07157	0.06473	0.00361
2	0.02666	0.04933	0.25210	0.05697	0.18332	0.07688	0.05730	0.04377	0.02656	0.01325	0.04040	0.01052	0.00741	0.00520	0.02245	0.00146	0.11486	0.00364	0.00219	0.00571
3	0.22144	0.00780	0.00842	0.00689	0.00948	0.00807	0.00560	0.21111	0.01249	0.23294	0.13378	0.01605	0.07509	0.00577	0.00397	0.00130	0.00337	0.00450	0.02624	0.00570
4	0.00897	0.10896	0.33553	0.03051	0.09035	0.03356	0.02174	0.04459	0.06558	0.01393	0.11980	0.03436	0.06388	0.00535	0.00413	0.00129	0.00476	0.00442	0.00266	0.00561
5	0.00539	0.00421	0.00491	0.00507	0.00613	0.00373	0.00379	0.00670	0.00993	0.01280	0.24566	0.18170	0.41580	0.01062	0.00510	0.00148	0.00227	0.06694	0.00409	0.00366
6	0.00725	0.01138	0.31422	0.00917	0.01220	0.00691	0.04841	0.01056	0.04880	0.01272	0.04737	0.17090	0.05675	0.00959	0.06262	0.00190	0.00497	0.15648	0.00295	0.00487
7	0.01274	0.38306	0.01582	0.00839	0.01146	0.12895	0.00727	0.13238	0.19464	0.05258	0.00962	0.00973	0.00758	0.00446	0.00350	0.00112	0.00464	0.00320	0.00292	0.00595
8	0.05075	0.01164	0.15095	0.01361	0.05652	0.00951	0.37328	0.06977	0.05235	0.03530	0.08790	0.04813	0.01072	0.00479	0.00456	0.00138	0.00552	0.00491	0.00274	0.00569
9	0.02569	0.10821	0.01403	0.04302	0.16798	0.20431	0.02939	0.19623	0.09267	0.02920	0.00896	0.00995	0.00701	0.00449	0.00408	0.00121	0.02060	0.00346	0.02351	0.00599
10	0.76743	0.04128	0.00802	0.00640	0.00915	0.00992	0.04672	0.04513	0.00787	0.01854	0.00616	0.00719	0.00479	0.00392	0.00279	0.00129	0.00356	0.00248	0.00261	0.00475
11	0.01053	0.05543	0.04564	0.19742	0.30147	0.14289	0.05033	0.02712	0.04998	0.01263	0.00890	0.01253	0.00753	0.00455	0.00418	0.00130	0.00551	0.05414	0.00228	0.00564

[dist]
# distance from previous block
# <min> <max>
1	2

[block]
# block no. 7 follows, 63 sequences, length 9
# corresponding to MSA columns:
# 486-494
name=unknown_H
#
# <colnr> <probs for GDERKNQSTAVLIFYWHMCP>
#	G	D	E	R	K	N	Q	S	T	A	V	L	I	F	Y	W	H	M	C	P
0	0.00532	0.00373	0.00490	0.00572	0.00606	0.00349	0.00386	0.00621	0.00842	0.01149	0.09311	0.73979	0.02807	0.01239	0.00522	0.00164	0.00238	0.01120	0.04351	0.00349
1	0.00629	0.00437	0.00570	0.00544	0.00648	0.00402	0.00411	0.00816	0.01152	0.04094	0.69580	0.07536	0.06733	0.00893	0.00499	0.00137	0.00214	0.03848	0.00455	0.00401
2	0.01055	0.08580	0.11895	0.06673	0.41537	0.06907	0.04825	0.05199	0.03670	0.01377	0.03771	0.01070	0.00765	0.00413	0.00406	0.00124	0.00524	0.00369	0.00228	0.00613
3	0.55227	0.00889	0.00825	0.00681	0.00969	0.00988	0.00562	0.21003	0.01091	0.13037	0.00835	0.00864	0.00598	0.00436	0.00322	0.00129	0.00363	0.00291	0.00335	0.00554
4	0.02995	0.03976	0.13326	0.07032	0.19867	0.13088	0.04286	0.13109	0.07462	0.02604	0.03756	0.02919	0.00852	0.02370	0.00450	0.00134	0.00524	0.00392	0.00270	0.00589
5	0.42281	0.00793	0.00812	0.00666	0.00947	0.00831	0.00547	0.10213	0.01058	0.30853	0.06326	0.01145	0.00920	0.00480	0.00351	0.00130	0.00344	0.00348	0.00384	0.00573
6	0.00872	0.00732	0.00880	0.05217	0.09471	0.03142	0.00646	0.07439	0.20092	0.02909	0.16823	0.10431	0.14404	0.00753	0.00485	0.00141	0.02399	0.02273	0.00377	0.00514
7	0.00586	0.00404	0.00496	0.00516	0.00538	0.00403	0.00326	0.00635	0.00713	0.00967	0.08656	0.21470	0.01981	0.50305	0.09882	0.00356	0.00425	0.00742	0.00301	0.00299
8	0.01129	0.06570	0.09835	0.05335	0.17539	0.01102	0.00957	0.19195	0.11689	0.04789	0.03840	0.01196	0.02425	0.00518	0.00543	0.00136	0.11896	0.00396	0.00299	0.00613

[dist]
# distance from previous block
# <min> <max>
1	430

# created by:
# /st0/software/busco_prod/Augustus/scripts/msa2prfl.pl ./align_prep/31261.fa
