[name]
unknown

[dist]
# distance from previous block
# <min> <max>
0	44

[block]
# block no. 0 follows, 68 sequences, length 46
# corresponding to MSA columns:
# 48-93
name=unknown_A
#
# <colnr> <probs for GDERKNQSTAVLIFYWHMCP>
#	G	D	E	R	K	N	Q	S	T	A	V	L	I	F	Y	W	H	M	C	P
0	0.12865	0.01019	0.07023	0.16646	0.11177	0.07679	0.04113	0.14138	0.05495	0.03560	0.02393	0.01085	0.00711	0.00461	0.00456	0.00129	0.07544	0.02725	0.00256	0.00526
1	0.06181	0.12048	0.26782	0.03479	0.13566	0.02708	0.03264	0.11108	0.06449	0.04634	0.01932	0.00938	0.00654	0.00407	0.00384	0.00118	0.02390	0.00321	0.00240	0.02399
2	0.03710	0.63838	0.01816	0.00768	0.03111	0.06785	0.00695	0.08804	0.05219	0.01153	0.00653	0.00723	0.00562	0.00368	0.00285	0.00094	0.00436	0.00244	0.00208	0.00528
3	0.00988	0.00871	0.01098	0.00959	0.02658	0.06358	0.00765	0.05055	0.00758	0.08588	0.00730	0.01077	0.00666	0.07970	0.03819	0.00192	0.55073	0.00367	0.00224	0.01785
4	0.00531	0.00362	0.00479	0.00547	0.00587	0.00336	0.00372	0.00613	0.00802	0.03625	0.09222	0.72853	0.04243	0.02745	0.00527	0.00160	0.00232	0.01053	0.00375	0.00336
5	0.02786	0.00790	0.01232	0.54292	0.11099	0.00925	0.03467	0.09850	0.03011	0.04022	0.00800	0.02053	0.00612	0.00423	0.00423	0.00130	0.02995	0.00367	0.00223	0.00500
6	0.01074	0.00959	0.01574	0.10906	0.44983	0.02517	0.13783	0.11601	0.01037	0.06469	0.00824	0.01017	0.00639	0.00380	0.00405	0.00122	0.00500	0.00373	0.00239	0.00599
7	0.70209	0.08923	0.00809	0.00629	0.03124	0.00986	0.00508	0.05732	0.00758	0.01698	0.00579	0.00678	0.00459	0.00382	0.00294	0.00120	0.03182	0.00231	0.00243	0.00456
8	0.01126	0.01154	0.18209	0.04749	0.01384	0.06460	0.12671	0.20225	0.01174	0.13563	0.07635	0.05126	0.03695	0.00508	0.00414	0.00125	0.00472	0.00439	0.00313	0.00560
9	0.01056	0.25231	0.25321	0.01083	0.09859	0.12757	0.02736	0.06492	0.07270	0.02269	0.01975	0.00878	0.00640	0.00394	0.00348	0.00111	0.00509	0.00299	0.00218	0.00557
10	0.00606	0.00444	0.00538	0.00503	0.00620	0.00412	0.00380	0.03922	0.02596	0.03191	0.55449	0.05469	0.22692	0.00845	0.00464	0.00128	0.00207	0.00732	0.00417	0.00386
11	0.03107	0.04211	0.05410	0.00899	0.04823	0.04212	0.01953	0.28705	0.10411	0.05854	0.00940	0.02133	0.00725	0.00480	0.01597	0.00118	0.04961	0.00341	0.00310	0.18810
12	0.05243	0.00698	0.00761	0.00646	0.00852	0.05394	0.00501	0.09060	0.07165	0.12630	0.18468	0.09309	0.01598	0.03596	0.00490	0.03068	0.00318	0.01988	0.00352	0.17862
13	0.01826	0.00619	0.00826	0.04356	0.02073	0.00670	0.03467	0.06525	0.12862	0.08790	0.03134	0.08876	0.04605	0.06159	0.19501	0.03786	0.05037	0.04228	0.00306	0.02354
14	0.00874	0.08283	0.25590	0.02562	0.16840	0.04266	0.04199	0.02373	0.03353	0.03082	0.06081	0.02968	0.06004	0.00550	0.00479	0.04028	0.03262	0.04456	0.00237	0.00515
15	0.01546	0.01018	0.01129	0.00869	0.01182	0.01097	0.00717	0.64385	0.03981	0.18326	0.01090	0.01044	0.00749	0.00481	0.00397	0.00120	0.00414	0.00368	0.00415	0.00673
16	0.00733	0.00455	0.00580	0.00583	0.00685	0.00429	0.00434	0.05222	0.00944	0.11703	0.14488	0.39375	0.09653	0.04027	0.00535	0.00156	0.00265	0.08944	0.00391	0.00396
17	0.00562	0.00416	0.00489	0.00497	0.00599	0.00379	0.00367	0.00711	0.03604	0.03617	0.20867	0.20466	0.35417	0.04772	0.00546	0.00151	0.00229	0.05570	0.00382	0.00358
18	0.07703	0.00670	0.00853	0.00668	0.00950	0.00611	0.00549	0.05330	0.01105	0.66314	0.01440	0.01296	0.00933	0.00479	0.00376	0.00119	0.00324	0.00381	0.09271	0.00627
19	0.88866	0.00767	0.00583	0.00521	0.00767	0.00889	0.00429	0.01166	0.00675	0.01779	0.00552	0.00644	0.00429	0.00368	0.00245	0.00123	0.00307	0.00215	0.00245	0.00429
20	0.16361	0.00905	0.00957	0.00756	0.01035	0.00979	0.00621	0.47200	0.01438	0.15090	0.01016	0.01018	0.00717	0.00458	0.00359	0.00117	0.00372	0.00341	0.09660	0.00600
21	0.00568	0.00423	0.00503	0.00505	0.00608	0.00391	0.00379	0.01700	0.03630	0.02293	0.30472	0.16570	0.29414	0.02558	0.00501	0.00142	0.00224	0.06454	0.02299	0.00365
22	0.01555	0.01034	0.01142	0.00876	0.01191	0.01116	0.00724	0.68145	0.01736	0.16805	0.01060	0.01022	0.00728	0.00479	0.00397	0.00120	0.00419	0.00364	0.00413	0.00674
23	0.88866	0.00767	0.00583	0.00521	0.00767	0.00889	0.00429	0.01166	0.00675	0.01779	0.00552	0.00644	0.00429	0.00368	0.00245	0.00123	0.00307	0.00215	0.00245	0.00429
24	0.03277	0.00416	0.00530	0.00562	0.00648	0.00385	0.00409	0.00771	0.00854	0.10952	0.07827	0.51951	0.11605	0.01059	0.00482	0.00151	0.00249	0.07112	0.00383	0.00376
25	0.02368	0.00509	0.00600	0.00553	0.00690	0.00495	0.00421	0.06756	0.06889	0.07968	0.35248	0.10185	0.18016	0.04086	0.00510	0.00140	0.00245	0.02166	0.01732	0.00421
26	0.01637	0.00779	0.00971	0.00754	0.01053	0.00751	0.00620	0.20466	0.06243	0.58020	0.03503	0.01306	0.00994	0.00498	0.00400	0.00123	0.00355	0.00400	0.00462	0.00664
27	0.00749	0.00705	0.01189	0.85113	0.02731	0.00881	0.01101	0.01013	0.00793	0.01013	0.00705	0.01057	0.00529	0.00396	0.00396	0.00132	0.00529	0.00352	0.00176	0.00440
28	0.02157	0.00642	0.00736	0.00657	0.00817	0.02370	0.00500	0.08337	0.16725	0.19100	0.06658	0.06353	0.01485	0.22977	0.00844	0.00200	0.00349	0.08246	0.00369	0.00478
29	0.02112	0.00431	0.00527	0.00500	0.00598	0.00402	0.00361	0.00817	0.02067	0.08854	0.38633	0.11016	0.12023	0.16079	0.00732	0.00175	0.00246	0.00694	0.03363	0.00372
30	0.00805	0.00687	0.00727	0.00671	0.00858	0.00751	0.00519	0.01557	0.52713	0.01477	0.07321	0.02301	0.24839	0.00700	0.00429	0.00135	0.00275	0.02316	0.00395	0.00523
31	0.01744	0.00707	0.00937	0.00721	0.01027	0.00634	0.00595	0.07119	0.03026	0.76763	0.01526	0.01327	0.00967	0.00491	0.00399	0.00123	0.00343	0.00397	0.00483	0.00674
32	0.00822	0.00705	0.00822	0.00587	0.00940	0.00529	0.00470	0.00998	0.00822	0.01292	0.00705	0.00822	0.00587	0.00294	0.00294	0.00059	0.00294	0.00235	0.00235	0.88490
33	0.00508	0.00372	0.00482	0.00561	0.00612	0.00347	0.00405	0.00601	0.00806	0.01050	0.02430	0.60274	0.14019	0.01183	0.00508	0.00161	0.00249	0.14733	0.00368	0.00331
34	0.01060	0.86304	0.02078	0.00678	0.01018	0.01569	0.00678	0.01187	0.00806	0.00933	0.00551	0.00636	0.00509	0.00339	0.00254	0.00085	0.00424	0.00212	0.00170	0.00509
35	0.00770	0.00636	0.00704	0.00652	0.00819	0.00687	0.00504	0.01424	0.43153	0.01534	0.26639	0.02381	0.13928	0.00709	0.00438	0.00133	0.00261	0.03721	0.00407	0.00498
36	0.00505	0.00386	0.00463	0.00479	0.00567	0.00345	0.00346	0.00626	0.00937	0.01233	0.30954	0.27517	0.32196	0.01007	0.00479	0.00139	0.00205	0.00880	0.00392	0.00345
37	0.00981	0.00942	0.01609	0.02434	0.83592	0.00942	0.01217	0.01217	0.00903	0.01295	0.00746	0.00981	0.00628	0.00353	0.00393	0.00118	0.00471	0.00353	0.00196	0.00628
38	0.00469	0.00399	0.00404	0.00408	0.00537	0.00334	0.00304	0.00568	0.00898	0.01069	0.03938	0.07346	0.79952	0.01014	0.00470	0.00135	0.00202	0.00849	0.00368	0.00334
39	0.00829	0.00752	0.01205	0.74078	0.05659	0.00916	0.01073	0.08641	0.00897	0.01163	0.00729	0.01044	0.00546	0.00402	0.00396	0.00130	0.00518	0.00353	0.00198	0.00469
40	0.00622	0.00426	0.00593	0.02537	0.00717	0.00416	0.02687	0.02461	0.00797	0.06027	0.01912	0.61423	0.02187	0.06771	0.04642	0.00195	0.01250	0.03629	0.00349	0.00358
41	0.00936	0.01070	0.02340	0.01671	0.02072	0.01003	0.82152	0.01270	0.00936	0.01270	0.00802	0.01070	0.00602	0.00334	0.00468	0.00134	0.00668	0.00468	0.00201	0.00535
42	0.00487	0.00354	0.00460	0.00535	0.00573	0.00327	0.00363	0.00567	0.00797	0.01058	0.08058	0.72828	0.09748	0.01191	0.00500	0.00156	0.00224	0.01073	0.00373	0.00327
43	0.02901	0.00981	0.05948	0.05727	0.06501	0.04240	0.33859	0.01273	0.10543	0.03820	0.03225	0.03327	0.05836	0.00492	0.00513	0.00135	0.08230	0.01682	0.00251	0.00515
44	0.02648	0.02335	0.01616	0.04291	0.02418	0.03239	0.00550	0.06245	0.08175	0.06150	0.04366	0.12042	0.05719	0.02469	0.03431	0.00131	0.02343	0.00461	0.00299	0.31073
45	0.06541	0.11330	0.01073	0.11841	0.05873	0.03150	0.01723	0.07640	0.01787	0.15101	0.08633	0.05223	0.02033	0.03279	0.03535	0.02141	0.04408	0.01308	0.00297	0.03085

[dist]
# distance from previous block
# <min> <max>
2	56

[block]
# block no. 1 follows, 68 sequences, length 10
# corresponding to MSA columns:
# 150-159
name=unknown_B
#
# <colnr> <probs for GDERKNQSTAVLIFYWHMCP>
#	G	D	E	R	K	N	Q	S	T	A	V	L	I	F	Y	W	H	M	C	P
0	0.00726	0.00543	0.00683	0.00717	0.06823	0.00543	0.00491	0.05032	0.10210	0.04355	0.12394	0.16928	0.17929	0.04107	0.04968	0.06345	0.01524	0.02307	0.00341	0.03036
1	0.06898	0.02213	0.04183	0.09204	0.10088	0.05781	0.07370	0.18012	0.13486	0.01529	0.00941	0.02884	0.00767	0.01827	0.00496	0.00132	0.08012	0.02089	0.00277	0.03810
2	0.00829	0.00643	0.00769	0.03033	0.00922	0.00684	0.02556	0.03193	0.34397	0.06090	0.12883	0.09500	0.12317	0.00745	0.00446	0.00140	0.00300	0.09667	0.00389	0.00496
3	0.00685	0.00517	0.00652	0.00614	0.00731	0.02678	0.04296	0.02495	0.04825	0.05468	0.25270	0.17542	0.15023	0.08485	0.00610	0.00162	0.00288	0.08897	0.00372	0.00389
4	0.02794	0.00839	0.02494	0.16333	0.31711	0.03144	0.02929	0.06722	0.06716	0.05562	0.07475	0.03299	0.06033	0.00497	0.00408	0.00125	0.00426	0.01680	0.00272	0.00540
5	0.05242	0.10775	0.13261	0.03000	0.11033	0.11395	0.05717	0.13198	0.12194	0.02850	0.00960	0.06925	0.00801	0.00471	0.00378	0.00120	0.00472	0.00386	0.00267	0.00554
6	0.00522	0.00410	0.00479	0.00512	0.00611	0.00374	0.00388	0.00664	0.03267	0.01129	0.08756	0.23824	0.42190	0.01050	0.00489	0.00148	0.00238	0.14227	0.00373	0.00348
7	0.00598	0.00420	0.00532	0.04520	0.00698	0.00400	0.00406	0.00718	0.00872	0.05268	0.17648	0.20976	0.24286	0.08629	0.06270	0.00195	0.00309	0.04807	0.02092	0.00357
8	0.00899	0.00917	0.06678	0.27454	0.34516	0.00912	0.07294	0.02825	0.02545	0.03141	0.02552	0.02936	0.00714	0.00421	0.00446	0.00128	0.04484	0.00386	0.00212	0.00541
9	0.01040	0.04547	0.18284	0.08931	0.18471	0.23076	0.05286	0.03053	0.04588	0.01179	0.00800	0.04921	0.00675	0.00438	0.00412	0.00121	0.03082	0.00356	0.00211	0.00529

[dist]
# distance from previous block
# <min> <max>
1	2

[block]
# block no. 2 follows, 68 sequences, length 36
# corresponding to MSA columns:
# 162-197
name=unknown_C
#
# <colnr> <probs for GDERKNQSTAVLIFYWHMCP>
#	G	D	E	R	K	N	Q	S	T	A	V	L	I	F	Y	W	H	M	C	P
0	0.86600	0.00776	0.00599	0.00532	0.00779	0.00898	0.00438	0.03269	0.00706	0.01798	0.00562	0.00652	0.00436	0.00371	0.00249	0.00123	0.00310	0.00218	0.00249	0.00436
1	0.00534	0.00400	0.00475	0.00483	0.00575	0.00361	0.00350	0.00667	0.02074	0.02359	0.28729	0.22301	0.31959	0.05129	0.00552	0.00150	0.00218	0.01950	0.00386	0.00349
2	0.02261	0.00708	0.01024	0.38901	0.11436	0.00804	0.00845	0.05092	0.12582	0.01227	0.02176	0.06411	0.07961	0.04968	0.00491	0.00144	0.00422	0.00465	0.00258	0.01825
3	0.18570	0.00743	0.00882	0.03267	0.01029	0.00732	0.00582	0.12607	0.01124	0.51808	0.01250	0.01154	0.00820	0.00461	0.00365	0.00122	0.00346	0.00355	0.03172	0.00610
4	0.00521	0.00361	0.00449	0.00503	0.00517	0.00347	0.00316	0.00562	0.00685	0.00913	0.01805	0.51969	0.02142	0.35735	0.01121	0.00252	0.00293	0.00903	0.00316	0.00289
5	0.00678	0.00349	0.00515	0.00515	0.00518	0.00351	0.00343	0.00526	0.00524	0.00701	0.00733	0.01296	0.00741	0.06295	0.04176	0.80649	0.00369	0.00360	0.00177	0.00182
6	0.00973	0.00934	0.01595	0.05317	0.80773	0.00940	0.01213	0.01210	0.00899	0.01285	0.00744	0.00984	0.00625	0.00355	0.00393	0.00118	0.00473	0.00353	0.00196	0.00622
7	0.88866	0.00767	0.00583	0.00521	0.00767	0.00889	0.00429	0.01166	0.00675	0.01779	0.00552	0.00644	0.00429	0.00368	0.00245	0.00123	0.00307	0.00215	0.00245	0.00429
8	0.01481	0.01890	0.01124	0.01021	0.01226	0.84474	0.00766	0.01583	0.01124	0.00970	0.00613	0.00715	0.00511	0.00409	0.00358	0.00102	0.00715	0.00255	0.00204	0.00460
9	0.00544	0.00407	0.00506	0.00494	0.00589	0.00374	0.00365	0.00721	0.02855	0.01425	0.56953	0.12885	0.18627	0.00892	0.00471	0.00131	0.00198	0.00782	0.00415	0.00366
10	0.00918	0.00747	0.00863	0.00624	0.00972	0.00604	0.00502	0.09589	0.00940	0.03424	0.00752	0.00849	0.00606	0.00318	0.00307	0.00067	0.00310	0.00252	0.00258	0.77100
11	0.29882	0.00704	0.00811	0.00646	0.00933	0.00682	0.00533	0.01685	0.00986	0.57377	0.01238	0.01122	0.00803	0.00451	0.00349	0.00123	0.00327	0.00339	0.00412	0.00596
12	0.01038	0.01348	0.36214	0.00942	0.01326	0.00901	0.01002	0.24367	0.05078	0.07110	0.02533	0.04954	0.00970	0.00548	0.00412	0.00132	0.00466	0.09779	0.00302	0.00579
13	0.02374	0.00507	0.00606	0.00558	0.00718	0.00469	0.00433	0.03966	0.03501	0.20017	0.07617	0.13085	0.32698	0.03246	0.03130	0.00159	0.00291	0.05799	0.00392	0.00436
14	0.00585	0.00418	0.00577	0.00668	0.00736	0.00410	0.00545	0.00728	0.00859	0.01126	0.02129	0.32811	0.02400	0.01146	0.00533	0.00175	0.00318	0.53121	0.00366	0.00350
15	0.00566	0.00425	0.00637	0.00637	0.00708	0.00496	0.00496	0.00708	0.00637	0.00920	0.01062	0.01558	0.00991	0.02974	0.84494	0.00637	0.01062	0.00425	0.00212	0.00354
16	0.00574	0.00424	0.00513	0.00502	0.00607	0.00388	0.00376	0.03304	0.01023	0.02629	0.42034	0.15409	0.26453	0.00923	0.00473	0.00134	0.00213	0.03247	0.00404	0.00369
17	0.00599	0.00422	0.00503	0.00524	0.00618	0.00390	0.00376	0.00757	0.05969	0.06185	0.08460	0.39778	0.28782	0.03070	0.00515	0.00151	0.00235	0.01917	0.00380	0.00369
18	0.00566	0.00425	0.00637	0.00637	0.00708	0.00496	0.00496	0.00708	0.00637	0.00920	0.01062	0.01558	0.00991	0.02974	0.84494	0.00637	0.01062	0.00425	0.00212	0.00354
19	0.85870	0.00805	0.00601	0.00539	0.00783	0.03756	0.00441	0.01180	0.00690	0.01751	0.00554	0.00647	0.00432	0.00369	0.00249	0.00122	0.00321	0.00216	0.00244	0.00430
20	0.25088	0.00824	0.00898	0.00715	0.00999	0.00857	0.00587	0.26487	0.01224	0.33995	0.01123	0.03747	0.00791	0.00477	0.00360	0.00123	0.00356	0.00360	0.00392	0.00597
21	0.02403	0.00665	0.00753	0.00659	0.00841	0.00699	0.00512	0.14820	0.22686	0.08465	0.26619	0.06313	0.08557	0.03610	0.00485	0.00138	0.00287	0.00577	0.00407	0.00506
22	0.00930	0.01108	0.05554	0.01650	0.02058	0.00999	0.78976	0.01269	0.00932	0.01269	0.00799	0.01060	0.00598	0.00336	0.00464	0.00133	0.00665	0.00461	0.00199	0.00537
23	0.00577	0.00384	0.00432	0.00432	0.00432	0.00384	0.00240	0.00577	0.00577	0.00769	0.01249	0.02595	0.01441	0.86066	0.02018	0.00384	0.00384	0.00577	0.00240	0.00240
24	0.20572	0.00846	0.00873	0.00735	0.00984	0.00943	0.00591	0.23344	0.28189	0.09243	0.03123	0.01179	0.00920	0.00562	0.03062	0.00141	0.00364	0.00371	0.03382	0.00577
25	0.03240	0.00893	0.00979	0.00804	0.01065	0.00976	0.00649	0.37357	0.26103	0.13008	0.01307	0.04140	0.00989	0.00533	0.00397	0.00126	0.00364	0.02205	0.04242	0.00623
26	0.00564	0.00419	0.00605	0.00605	0.00670	0.00477	0.00459	0.00688	0.00641	0.00909	0.01199	0.01763	0.04260	0.12301	0.71880	0.00589	0.00952	0.00458	0.00222	0.00340
27	0.01364	0.01003	0.01139	0.07862	0.01305	0.01128	0.00763	0.55979	0.11184	0.07612	0.01025	0.01044	0.00737	0.00490	0.00451	0.00125	0.05413	0.00370	0.00372	0.00635
28	0.01852	0.00602	0.00803	0.00724	0.01986	0.00634	0.06509	0.04943	0.17038	0.05181	0.07713	0.07355	0.06346	0.14656	0.09928	0.08673	0.02456	0.01869	0.00311	0.00422
29	0.00600	0.00416	0.00519	0.00538	0.00600	0.00410	0.00372	0.00741	0.05623	0.04281	0.09909	0.35130	0.08405	0.20509	0.09860	0.00254	0.00357	0.00796	0.00336	0.00345
30	0.02907	0.03230	0.01143	0.00994	0.01208	0.67987	0.00761	0.11603	0.01183	0.01173	0.00649	0.00748	0.00530	0.00426	0.00396	0.00107	0.03972	0.00270	0.00227	0.00486
31	0.01063	0.02119	0.02662	0.11129	0.25358	0.10802	0.06384	0.10743	0.12140	0.04501	0.00960	0.04019	0.00780	0.00556	0.03697	0.01372	0.00504	0.00391	0.00263	0.00557
32	0.01014	0.00681	0.00800	0.06134	0.00966	0.06233	0.01570	0.06334	0.08170	0.18837	0.04484	0.12996	0.06388	0.04806	0.01766	0.07842	0.04090	0.03626	0.02802	0.00460
33	0.00578	0.00390	0.00497	0.00543	0.00598	0.00365	0.00379	0.01772	0.00807	0.04399	0.06584	0.51955	0.10423	0.10637	0.00691	0.02288	0.00261	0.06141	0.00358	0.00335
34	0.04755	0.03476	0.02520	0.05647	0.12935	0.13640	0.00775	0.24387	0.07945	0.12459	0.02122	0.03117	0.00807	0.01611	0.00404	0.00122	0.00449	0.00370	0.01879	0.00579
35	0.09590	0.12038	0.05731	0.02517	0.07670	0.00933	0.10906	0.07033	0.06959	0.05284	0.02098	0.06635	0.01860	0.03159	0.00485	0.00127	0.06489	0.00398	0.00261	0.09828

[dist]
# distance from previous block
# <min> <max>
4	16

[block]
# block no. 3 follows, 68 sequences, length 33
# corresponding to MSA columns:
# 214-246
name=unknown_D
#
# <colnr> <probs for GDERKNQSTAVLIFYWHMCP>
#	G	D	E	R	K	N	Q	S	T	A	V	L	I	F	Y	W	H	M	C	P
0	0.07012	0.01016	0.01410	0.02973	0.01417	0.05000	0.24526	0.30371	0.06341	0.06695	0.00961	0.03804	0.00736	0.00448	0.00419	0.00124	0.01756	0.00403	0.00310	0.04277
1	0.02524	0.00537	0.00614	0.00608	0.01927	0.02402	0.00438	0.04637	0.10571	0.06501	0.16072	0.25497	0.14151	0.08368	0.00604	0.01083	0.00278	0.02409	0.00371	0.00409
2	0.00961	0.01006	0.01367	0.01146	0.02954	0.10487	0.14178	0.04404	0.00781	0.01079	0.00647	0.02677	0.00596	0.00652	0.02950	0.00166	0.52915	0.00375	0.00196	0.00463
3	0.03359	0.01074	0.01139	0.00900	0.01187	0.05024	0.02340	0.61296	0.09704	0.03720	0.01032	0.03791	0.00779	0.00504	0.00416	0.00123	0.02213	0.00386	0.00377	0.00635
4	0.00667	0.00416	0.00522	0.00546	0.00611	0.00403	0.00384	0.00801	0.04888	0.07499	0.07160	0.40123	0.02079	0.16587	0.00776	0.02363	0.00276	0.05855	0.07686	0.00356
5	0.00574	0.00420	0.00498	0.00501	0.00604	0.00385	0.00370	0.00734	0.04171	0.04039	0.25351	0.19591	0.32455	0.04227	0.00534	0.00148	0.00226	0.04421	0.00388	0.00364
6	0.00816	0.00561	0.00633	0.00573	0.00716	0.05092	0.00438	0.03614	0.04153	0.13192	0.46940	0.07219	0.12941	0.00770	0.00449	0.00127	0.00255	0.00663	0.00416	0.00433
7	0.88866	0.00767	0.00583	0.00521	0.00767	0.00889	0.00429	0.01166	0.00675	0.01779	0.00552	0.00644	0.00429	0.00368	0.00245	0.00123	0.00307	0.00215	0.00245	0.00429
8	0.07569	0.00789	0.00933	0.00732	0.01019	0.00784	0.00601	0.24459	0.04367	0.45770	0.02500	0.01307	0.03849	0.00502	0.00388	0.00122	0.00351	0.00395	0.02934	0.00631
9	0.16890	0.00489	0.00548	0.00559	0.00672	0.00491	0.00407	0.00890	0.05308	0.08923	0.05880	0.46511	0.07964	0.02045	0.00458	0.00148	0.00256	0.00806	0.00361	0.00394
10	0.01625	0.00833	0.01007	0.00782	0.01085	0.00829	0.00643	0.28437	0.08042	0.50332	0.01366	0.01229	0.00899	0.00490	0.00398	0.00122	0.00368	0.00389	0.00453	0.00671
11	0.86246	0.00764	0.00593	0.00527	0.00774	0.00880	0.00434	0.01189	0.00689	0.04249	0.00583	0.00665	0.00446	0.00372	0.00250	0.00123	0.00308	0.00220	0.00253	0.00437
12	0.00749	0.00501	0.00591	0.00573	0.00701	0.00494	0.00447	0.07092	0.06628	0.06489	0.14691	0.13612	0.16441	0.02901	0.00483	0.00143	0.00266	0.14123	0.12661	0.00414
13	0.03741	0.00684	0.00760	0.00668	0.00852	0.00732	0.00523	0.16706	0.22975	0.07294	0.16389	0.04377	0.04551	0.05601	0.00503	0.00142	0.00304	0.04306	0.08382	0.00510
14	0.06088	0.00991	0.01096	0.00844	0.01155	0.01062	0.00697	0.59392	0.01633	0.21385	0.01074	0.01028	0.00733	0.00474	0.00389	0.00120	0.00407	0.00359	0.00411	0.00662
15	0.01191	0.00871	0.00945	0.00796	0.01043	0.00966	0.00639	0.28700	0.39602	0.08551	0.01382	0.01408	0.01039	0.00529	0.00396	0.00127	0.00348	0.03520	0.07329	0.00616
16	0.01915	0.00428	0.00510	0.00528	0.00609	0.00412	0.00378	0.00765	0.06385	0.03425	0.14539	0.29517	0.16987	0.14170	0.00713	0.00182	0.00260	0.06115	0.01808	0.00355
17	0.02112	0.00488	0.00584	0.00534	0.00681	0.00455	0.00412	0.03147	0.04642	0.14567	0.31446	0.06822	0.22474	0.01817	0.00460	0.00132	0.00238	0.02979	0.05585	0.00428
18	0.01256	0.00968	0.01034	0.00849	0.01120	0.01085	0.00683	0.42243	0.38559	0.04058	0.01332	0.01261	0.02681	0.00516	0.00401	0.00126	0.00373	0.00410	0.00401	0.00646
19	0.00566	0.00425	0.00637	0.00637	0.00708	0.00496	0.00496	0.00708	0.00637	0.00920	0.01062	0.01558	0.00991	0.02974	0.84494	0.00637	0.01062	0.00425	0.00212	0.00354
20	0.00822	0.00705	0.00822	0.00587	0.00940	0.00529	0.00470	0.00998	0.00822	0.01292	0.00705	0.00822	0.00587	0.00294	0.00294	0.00059	0.00294	0.00235	0.00235	0.88490
21	0.00576	0.00384	0.00441	0.00456	0.00470	0.00382	0.00272	0.00618	0.01952	0.00870	0.01427	0.17547	0.01626	0.64200	0.01614	0.00322	0.00343	0.00662	0.05570	0.00269
22	0.01060	0.86304	0.02078	0.00678	0.01018	0.01569	0.00678	0.01187	0.00806	0.00933	0.00551	0.00636	0.00509	0.00339	0.00254	0.00085	0.00424	0.00212	0.00170	0.00509
23	0.00523	0.00381	0.00493	0.00513	0.00581	0.00350	0.00366	0.00656	0.00960	0.01320	0.44999	0.36378	0.09007	0.00998	0.00483	0.00140	0.00205	0.00891	0.00404	0.00350
24	0.00494	0.00352	0.00468	0.00555	0.00581	0.00331	0.00375	0.00568	0.00767	0.01024	0.03885	0.78059	0.02595	0.03905	0.00555	0.00168	0.00240	0.04390	0.00365	0.00322
25	0.00767	0.00723	0.01222	0.78599	0.09101	0.00886	0.01110	0.01029	0.00801	0.01035	0.00708	0.01051	0.00536	0.00393	0.00396	0.00131	0.00524	0.00352	0.00178	0.00455
26	0.00986	0.00852	0.00897	0.00807	0.01031	0.00986	0.00628	0.02107	0.82876	0.01659	0.01614	0.01479	0.01210	0.00538	0.00403	0.00134	0.00314	0.00448	0.00403	0.00628
27	0.00747	0.00701	0.01175	0.79279	0.04319	0.00870	0.01076	0.01002	0.00791	0.01018	0.00749	0.03728	0.00597	0.00427	0.00415	0.00133	0.01972	0.00377	0.00183	0.00441
28	0.00566	0.00389	0.00463	0.00491	0.00509	0.00383	0.00303	0.02759	0.00681	0.00909	0.01601	0.34522	0.01875	0.51179	0.01394	0.00291	0.00326	0.00782	0.00294	0.00283
29	0.01091	0.00525	0.00685	0.00577	0.00771	0.00461	0.00456	0.01250	0.01095	0.38250	0.35039	0.02369	0.14369	0.00697	0.00437	0.00125	0.00256	0.00593	0.00451	0.00502
30	0.01631	0.00740	0.00923	0.00722	0.01007	0.02928	0.00589	0.10896	0.03030	0.64357	0.05394	0.01402	0.01084	0.02857	0.00445	0.00129	0.00352	0.00411	0.00461	0.00641
31	0.01275	0.05405	0.02418	0.01057	0.02778	0.54473	0.10162	0.03619	0.04653	0.01107	0.02783	0.01040	0.03482	0.00452	0.00396	0.00112	0.02034	0.02047	0.00229	0.00480
32	0.07356	0.02410	0.07894	0.21849	0.10871	0.08237	0.04103	0.09156	0.02776	0.04353	0.00785	0.02748	0.00627	0.00434	0.00448	0.00122	0.07357	0.00342	0.00233	0.07897

[dist]
# distance from previous block
# <min> <max>
0	18

[block]
# block no. 4 follows, 68 sequences, length 14
# corresponding to MSA columns:
# 265-278
name=unknown_E
#
# <colnr> <probs for GDERKNQSTAVLIFYWHMCP>
#	G	D	E	R	K	N	Q	S	T	A	V	L	I	F	Y	W	H	M	C	P
0	0.02403	0.03147	0.05924	0.09741	0.09885	0.12320	0.11343	0.09464	0.05901	0.06610	0.05819	0.01224	0.02443	0.00528	0.02007	0.00137	0.08541	0.01774	0.00264	0.00525
1	0.07984	0.00524	0.00623	0.07738	0.02223	0.01888	0.00455	0.06032	0.01979	0.01098	0.01374	0.25415	0.01508	0.30502	0.07433	0.00265	0.00408	0.01919	0.00282	0.00351
2	0.00890	0.01733	0.03418	0.06591	0.04541	0.00701	0.00607	0.14058	0.10158	0.07781	0.05720	0.22527	0.03043	0.10108	0.02165	0.00174	0.02582	0.02393	0.00338	0.00470
3	0.04496	0.01053	0.01177	0.09880	0.12371	0.07951	0.00823	0.40434	0.10827	0.01871	0.00917	0.00992	0.00687	0.00450	0.00408	0.00121	0.02511	0.00350	0.00318	0.02361
4	0.00556	0.00410	0.00525	0.00585	0.00654	0.00395	0.00444	0.00704	0.03694	0.01115	0.07077	0.37097	0.13381	0.06170	0.00598	0.00174	0.00277	0.25434	0.00365	0.00346
5	0.04558	0.00712	0.00849	0.11006	0.04855	0.02914	0.00619	0.08452	0.12735	0.05431	0.03684	0.09596	0.05334	0.14004	0.08177	0.00225	0.00453	0.02650	0.00325	0.03421
6	0.13115	0.10068	0.09119	0.07295	0.18659	0.04437	0.05982	0.06025	0.02349	0.06891	0.00807	0.03153	0.00658	0.00522	0.03509	0.00142	0.06156	0.00344	0.00236	0.00532
7	0.03483	0.01006	0.15281	0.00913	0.04934	0.00869	0.03100	0.08608	0.29817	0.09870	0.06903	0.01449	0.03568	0.00526	0.00432	0.00129	0.03519	0.01765	0.03251	0.00575
8	0.00753	0.00483	0.00542	0.00501	0.00647	0.00452	0.00383	0.03620	0.06564	0.11072	0.13575	0.04974	0.35398	0.04461	0.00494	0.00137	0.00240	0.01993	0.13298	0.00413
9	0.04354	0.00797	0.04161	0.24470	0.17381	0.02134	0.03995	0.06273	0.05956	0.04258	0.03913	0.07354	0.06312	0.00595	0.01863	0.00141	0.00441	0.04837	0.00268	0.00497
10	0.02552	0.18330	0.21611	0.05666	0.03406	0.07620	0.08937	0.09468	0.00957	0.02815	0.03119	0.02229	0.00699	0.00511	0.03181	0.00135	0.05359	0.00337	0.02543	0.00524
11	0.00508	0.00425	0.00447	0.00450	0.00581	0.00374	0.00344	0.00664	0.04685	0.01126	0.07124	0.05883	0.68695	0.00987	0.00472	0.00137	0.00217	0.06156	0.00373	0.00352
12	0.01927	0.00437	0.00633	0.00645	0.02832	0.00463	0.02033	0.00670	0.00648	0.02286	0.01228	0.12785	0.04968	0.08106	0.22449	0.30547	0.04071	0.02737	0.00236	0.00299
13	0.00998	0.02350	0.05864	0.15172	0.19421	0.06584	0.09021	0.05585	0.04153	0.08767	0.02802	0.05506	0.03876	0.00527	0.01550	0.00135	0.06478	0.00426	0.00256	0.00530

[dist]
# distance from previous block
# <min> <max>
2	3

[block]
# block no. 5 follows, 68 sequences, length 36
# corresponding to MSA columns:
# 282-317
name=unknown_F
#
# <colnr> <probs for GDERKNQSTAVLIFYWHMCP>
#	G	D	E	R	K	N	Q	S	T	A	V	L	I	F	Y	W	H	M	C	P
0	0.88866	0.00767	0.00583	0.00521	0.00767	0.00889	0.00429	0.01166	0.00675	0.01779	0.00552	0.00644	0.00429	0.00368	0.00245	0.00123	0.00307	0.00215	0.00245	0.00429
1	0.00570	0.00442	0.00508	0.00489	0.00612	0.00387	0.00352	0.00686	0.02141	0.02199	0.07892	0.20550	0.33972	0.11409	0.03521	0.00176	0.00275	0.00748	0.00335	0.12735
2	0.05584	0.00765	0.01080	0.21671	0.12582	0.02807	0.05384	0.06803	0.06370	0.05236	0.03334	0.10254	0.04157	0.02639	0.00493	0.00137	0.04844	0.01628	0.00271	0.03961
3	0.78647	0.00774	0.00633	0.00551	0.00804	0.00880	0.00454	0.04530	0.00758	0.08084	0.00646	0.00711	0.00482	0.00382	0.00263	0.00123	0.00314	0.00235	0.00270	0.00458
4	0.00565	0.00384	0.00448	0.00459	0.00471	0.00383	0.00275	0.00585	0.00616	0.00819	0.01441	0.10886	0.04084	0.69604	0.05037	0.00359	0.00390	0.02676	0.00259	0.00259
5	0.00578	0.00393	0.00475	0.00475	0.00493	0.00408	0.00296	0.00612	0.00595	0.00817	0.01210	0.02347	0.01335	0.66263	0.19851	0.00433	0.00527	0.00539	0.02085	0.00268
6	0.08205	0.00821	0.01201	0.25995	0.23924	0.00896	0.01928	0.10630	0.04195	0.12431	0.02150	0.02328	0.00732	0.00435	0.00408	0.00126	0.02399	0.00370	0.00271	0.00554
7	0.88866	0.00767	0.00583	0.00521	0.00767	0.00889	0.00429	0.01166	0.00675	0.01779	0.00552	0.00644	0.00429	0.00368	0.00245	0.00123	0.00307	0.00215	0.00245	0.00429
8	0.05945	0.00457	0.00507	0.00490	0.00614	0.00440	0.00369	0.04734	0.00933	0.05592	0.14139	0.16713	0.25937	0.00883	0.03099	0.00143	0.00253	0.00681	0.17687	0.00385
9	0.08002	0.00867	0.01030	0.12109	0.10151	0.06707	0.03763	0.19412	0.07179	0.06193	0.02538	0.06555	0.07934	0.01974	0.00422	0.00128	0.00410	0.00447	0.02155	0.02023
10	0.01033	0.00738	0.00850	0.00691	0.00943	0.00718	0.00546	0.18690	0.14163	0.09663	0.03409	0.08309	0.03346	0.00589	0.00460	0.06069	0.00326	0.01668	0.00340	0.27450
11	0.05701	0.00934	0.01052	0.00819	0.01123	0.00987	0.00674	0.46492	0.07703	0.28597	0.01180	0.01105	0.00802	0.00480	0.00391	0.00122	0.00389	0.00371	0.00420	0.00659
12	0.00567	0.00422	0.00541	0.00587	0.00677	0.00401	0.00469	0.00730	0.02432	0.01219	0.18374	0.18783	0.19243	0.01037	0.00506	0.00156	0.00271	0.32847	0.00381	0.00358
13	0.07531	0.00570	0.00614	0.00587	0.00716	0.04138	0.00435	0.06149	0.04913	0.09292	0.12933	0.28099	0.13949	0.05566	0.02540	0.00163	0.00303	0.00722	0.00366	0.00413
14	0.05986	0.00939	0.01046	0.00853	0.01114	0.04118	0.04531	0.34451	0.22825	0.08251	0.02873	0.01200	0.00910	0.00717	0.08197	0.00172	0.00464	0.00392	0.00365	0.00598
15	0.00538	0.00419	0.00484	0.00470	0.00580	0.00380	0.00351	0.00708	0.03720	0.01310	0.39275	0.03308	0.38179	0.05522	0.00552	0.00145	0.00213	0.03092	0.00393	0.00358
16	0.11285	0.00858	0.00931	0.00762	0.01024	0.00928	0.00616	0.30053	0.22372	0.16745	0.07969	0.01331	0.02332	0.00518	0.00388	0.00125	0.00348	0.00408	0.00401	0.00605
17	0.00779	0.00540	0.00648	0.00609	0.00756	0.00514	0.00459	0.10681	0.04343	0.07978	0.06966	0.37132	0.11847	0.00895	0.00452	0.00136	0.00274	0.04605	0.00372	0.10013
18	0.05216	0.00923	0.00991	0.00814	0.01066	0.04207	0.00658	0.39964	0.15413	0.10502	0.01116	0.01160	0.00833	0.00891	0.14192	0.00207	0.00513	0.00378	0.00363	0.00594
19	0.01072	0.00800	0.00885	0.00795	0.01010	0.02199	0.00643	0.14257	0.42438	0.09437	0.01591	0.02019	0.01323	0.00641	0.00431	0.00140	0.00351	0.17809	0.01584	0.00576
20	0.52748	0.00835	0.00788	0.00648	0.00921	0.00920	0.00535	0.21108	0.01043	0.15884	0.00822	0.00839	0.00583	0.00415	0.00308	0.00122	0.00344	0.00281	0.00324	0.00531
21	0.00647	0.00464	0.00545	0.00547	0.00644	0.00447	0.00392	0.07983	0.03757	0.04134	0.08027	0.39088	0.22744	0.07949	0.00600	0.00164	0.00257	0.00862	0.00371	0.00377
22	0.00717	0.00538	0.00637	0.00640	0.00758	0.00549	0.00509	0.10337	0.08117	0.01285	0.02163	0.10102	0.16969	0.13219	0.00711	0.00189	0.00330	0.31479	0.00355	0.00397
23	0.00577	0.00384	0.00432	0.00432	0.00432	0.00384	0.00240	0.00577	0.00577	0.00769	0.01249	0.02595	0.01441	0.86066	0.02018	0.00384	0.00384	0.00577	0.00240	0.00240
24	0.33509	0.00635	0.00675	0.00598	0.00771	0.00681	0.01842	0.08233	0.02989	0.10474	0.00952	0.06838	0.00827	0.02531	0.00647	0.20557	0.00328	0.01753	0.04749	0.00410
25	0.01123	0.00840	0.00907	0.00766	0.01005	0.00924	0.00610	0.26238	0.38659	0.07395	0.05543	0.01587	0.08370	0.00567	0.00405	0.00127	0.00332	0.00461	0.03541	0.00598
26	0.00567	0.00423	0.00629	0.00629	0.00697	0.00491	0.00486	0.00703	0.00635	0.00914	0.01069	0.01598	0.01009	0.06234	0.81258	0.00627	0.01035	0.00431	0.00213	0.00350
27	0.04191	0.01805	0.62147	0.01051	0.01551	0.05419	0.01254	0.11588	0.00983	0.03365	0.00783	0.02709	0.00580	0.00412	0.00377	0.00124	0.00550	0.00317	0.00213	0.00581
28	0.05782	0.00699	0.00825	0.02177	0.04103	0.02475	0.02709	0.11858	0.18636	0.05673	0.04939	0.17104	0.01408	0.09967	0.05975	0.00192	0.00393	0.02186	0.00337	0.02561
29	0.00816	0.00481	0.00585	0.00552	0.00689	0.00445	0.00413	0.04260	0.03119	0.17915	0.09568	0.26738	0.23850	0.03255	0.02375	0.00155	0.00272	0.00760	0.03328	0.00424
30	0.00918	0.00892	0.01266	0.37043	0.28136	0.07714	0.01026	0.04117	0.06705	0.01198	0.00874	0.01110	0.02812	0.00471	0.02118	0.00136	0.02364	0.00366	0.00215	0.00519
31	0.00855	0.16160	0.09310	0.02892	0.00956	0.06378	0.01810	0.04150	0.04855	0.07263	0.05952	0.02182	0.34391	0.00667	0.00401	0.00120	0.00354	0.00538	0.00309	0.00459
32	0.00752	0.00488	0.00648	0.02546	0.00726	0.00512	0.01542	0.02206	0.02114	0.10891	0.04896	0.15119	0.04179	0.25933	0.17952	0.00312	0.05593	0.00594	0.02623	0.00374
33	0.02358	0.06380	0.00785	0.00612	0.00793	0.00710	0.00488	0.19365	0.07174	0.07977	0.06305	0.08927	0.06771	0.02496	0.00438	0.02161	0.00298	0.02284	0.23201	0.00478
34	0.02476	0.17879	0.32305	0.04823	0.09287	0.07503	0.03120	0.10661	0.00979	0.03161	0.00720	0.00840	0.00552	0.00386	0.00368	0.00114	0.01726	0.00295	0.00211	0.02593
35	0.07447	0.02598	0.15406	0.04529	0.14293	0.13414	0.07398	0.03453	0.08669	0.05167	0.00935	0.02822	0.02668	0.00534	0.02679	0.01657	0.05197	0.00365	0.00240	0.00528

[dist]
# distance from previous block
# <min> <max>
0	43

[block]
# block no. 6 follows, 68 sequences, length 34
# corresponding to MSA columns:
# 361-394
name=unknown_G
#
# <colnr> <probs for GDERKNQSTAVLIFYWHMCP>
#	G	D	E	R	K	N	Q	S	T	A	V	L	I	F	Y	W	H	M	C	P
0	0.06483	0.00598	0.00648	0.00585	0.00723	0.02206	0.00427	0.06400	0.13835	0.03061	0.05156	0.05821	0.08037	0.22953	0.02346	0.09092	0.00343	0.01657	0.00301	0.09328
1	0.00636	0.02103	0.00622	0.01832	0.01769	0.04291	0.02024	0.00745	0.00868	0.04461	0.09272	0.38597	0.23254	0.00972	0.00483	0.00141	0.01919	0.02378	0.00351	0.03282
2	0.03764	0.08314	0.44751	0.04279	0.01498	0.10048	0.02744	0.07612	0.03700	0.07264	0.00815	0.02063	0.00605	0.00410	0.00369	0.00120	0.00534	0.00315	0.00227	0.00566
3	0.14883	0.00886	0.02306	0.02018	0.02884	0.06223	0.02565	0.12568	0.03057	0.18849	0.00912	0.00977	0.00676	0.00529	0.03549	0.00133	0.08647	0.00318	0.00305	0.17716
4	0.01045	0.00751	0.00823	0.00691	0.00897	0.00795	0.00543	0.33651	0.10757	0.06239	0.08501	0.03349	0.16107	0.09898	0.00595	0.00154	0.00338	0.02318	0.02030	0.00518
5	0.01425	0.00657	0.00812	0.00647	0.00895	0.00621	0.00526	0.14040	0.01175	0.47624	0.05305	0.01432	0.02388	0.00505	0.00376	0.00116	0.00309	0.00408	0.20153	0.00587
6	0.57751	0.00889	0.00799	0.00661	0.00932	0.01011	0.00545	0.30053	0.01098	0.02035	0.00694	0.00754	0.00517	0.00406	0.00299	0.00121	0.00353	0.00265	0.00299	0.00517
7	0.03323	0.00582	0.00674	0.00615	0.00749	0.00590	0.00456	0.12866	0.07543	0.08336	0.05584	0.15485	0.02773	0.26003	0.00903	0.00209	0.00337	0.07651	0.00341	0.04981
8	0.01848	0.00436	0.00492	0.00497	0.00610	0.00404	0.00370	0.00763	0.05923	0.04014	0.11481	0.17806	0.40160	0.04807	0.00534	0.00150	0.00236	0.05899	0.03203	0.00366
9	0.10885	0.00752	0.00916	0.00719	0.01015	0.00726	0.00591	0.11882	0.07250	0.58943	0.01385	0.01235	0.00902	0.00479	0.00383	0.00123	0.00345	0.00378	0.00447	0.00645
10	0.82695	0.00760	0.00607	0.00534	0.00784	0.00868	0.00440	0.01220	0.00707	0.07596	0.00624	0.00694	0.00469	0.00377	0.00256	0.00123	0.00309	0.00228	0.00263	0.00447
11	0.03713	0.00510	0.00610	0.00563	0.00703	0.00494	0.00425	0.01068	0.11451	0.14705	0.29562	0.12033	0.13342	0.07301	0.00565	0.00152	0.00256	0.01710	0.00402	0.00435
12	0.00718	0.00505	0.00584	0.00554	0.00670	0.00502	0.00402	0.02543	0.15563	0.07260	0.19450	0.14299	0.17480	0.16797	0.00746	0.00182	0.00271	0.00693	0.00374	0.00407
13	0.01567	0.00971	0.01096	0.00842	0.01151	0.01028	0.00695	0.57826	0.01636	0.25411	0.01132	0.01076	0.00768	0.00480	0.00395	0.00119	0.00403	0.00369	0.02367	0.00668
14	0.00975	0.00936	0.01598	0.04572	0.81501	0.00940	0.01214	0.01212	0.00900	0.01288	0.00745	0.00983	0.00625	0.00354	0.00393	0.00118	0.00473	0.00353	0.00196	0.00623
15	0.12923	0.00699	0.00758	0.00681	0.00881	0.00752	0.00530	0.05507	0.33207	0.14534	0.03833	0.13601	0.05734	0.02672	0.00441	0.00140	0.00304	0.01887	0.00385	0.00531
16	0.02416	0.00488	0.00572	0.00534	0.00677	0.00453	0.00404	0.03771	0.04494	0.14559	0.16176	0.16236	0.30075	0.03563	0.00500	0.00142	0.00248	0.01899	0.02375	0.00418
17	0.00795	0.00656	0.00728	0.00666	0.00836	0.00716	0.00512	0.01502	0.47097	0.01597	0.32562	0.02180	0.07162	0.00669	0.00432	0.00131	0.00259	0.00573	0.00414	0.00514
18	0.00575	0.00391	0.00468	0.00468	0.00481	0.00404	0.00285	0.00600	0.00587	0.00795	0.01217	0.02413	0.01363	0.71522	0.16454	0.00429	0.00503	0.00550	0.00235	0.00260
19	0.00822	0.00705	0.00822	0.00587	0.00940	0.00529	0.00470	0.00998	0.00822	0.01292	0.00705	0.00822	0.00587	0.00294	0.00294	0.00059	0.00294	0.00235	0.00235	0.88490
20	0.00488	0.00360	0.00455	0.00528	0.00574	0.00330	0.00363	0.00565	0.00788	0.01025	0.02504	0.66080	0.17591	0.02837	0.00530	0.00161	0.00232	0.03899	0.00365	0.00324
21	0.01049	0.82842	0.05444	0.00697	0.01046	0.01542	0.00711	0.01190	0.00807	0.00946	0.00558	0.00644	0.00509	0.00341	0.00259	0.00086	0.00431	0.00215	0.00170	0.00512
22	0.00853	0.00717	0.00782	0.00736	0.00909	0.00809	0.00558	0.01695	0.60708	0.01508	0.05111	0.20849	0.01638	0.00710	0.00430	0.00140	0.00289	0.00615	0.00397	0.00547
23	0.00561	0.00417	0.00484	0.00479	0.00590	0.00372	0.00354	0.02545	0.00972	0.03653	0.27272	0.18435	0.40501	0.00963	0.00471	0.00135	0.00211	0.00830	0.00393	0.00362
24	0.00766	0.00722	0.01220	0.79117	0.08595	0.00885	0.01110	0.01028	0.00801	0.01034	0.00708	0.01052	0.00536	0.00393	0.00396	0.00131	0.00524	0.00352	0.00178	0.00454
25	0.00836	0.00794	0.01347	0.54088	0.33074	0.00904	0.01145	0.01090	0.00834	0.01119	0.00720	0.01029	0.00566	0.00380	0.00395	0.00127	0.00507	0.00353	0.00184	0.00511
26	0.00743	0.00694	0.01164	0.82312	0.02655	0.00864	0.01073	0.00999	0.00786	0.01005	0.00723	0.01108	0.00559	0.03229	0.00450	0.00140	0.00524	0.00360	0.00178	0.00434
27	0.00572	0.00446	0.00605	0.02640	0.03346	0.00427	0.03348	0.00720	0.02743	0.01120	0.04456	0.33784	0.22276	0.02042	0.02598	0.00164	0.00295	0.13201	0.04854	0.00363
28	0.00906	0.01012	0.02164	0.01565	0.01929	0.00962	0.73125	0.01221	0.00934	0.01274	0.04954	0.01256	0.00805	0.00392	0.00497	0.00136	0.03320	0.02813	0.00216	0.00519
29	0.00542	0.00412	0.00495	0.00504	0.00600	0.00379	0.00381	0.00694	0.02548	0.01252	0.30829	0.11814	0.29859	0.06474	0.00582	0.00156	0.00235	0.11508	0.00384	0.00351
30	0.02762	0.03696	0.01108	0.07089	0.06980	0.02990	0.10315	0.13086	0.03982	0.05894	0.07600	0.03652	0.03772	0.00738	0.04538	0.00161	0.03365	0.15185	0.02595	0.00491
31	0.12207	0.12374	0.01241	0.05096	0.04476	0.24351	0.05851	0.08502	0.04215	0.06480	0.00767	0.01762	0.00617	0.00481	0.01479	0.01949	0.06007	0.00311	0.00245	0.01588
32	0.04326	0.02852	0.04416	0.03398	0.05009	0.02072	0.00699	0.36515	0.02906	0.13528	0.04558	0.01230	0.03524	0.03572	0.00484	0.02336	0.01445	0.00382	0.00348	0.06399
33	0.04704	0.02026	0.01170	0.08885	0.18082	0.04775	0.07733	0.09492	0.12461	0.05768	0.06719	0.03533	0.03753	0.00529	0.00446	0.02356	0.01567	0.02734	0.00293	0.02974

[dist]
# distance from previous block
# <min> <max>
1	38

[block]
# block no. 7 follows, 68 sequences, length 45
# corresponding to MSA columns:
# 434-478
name=unknown_H
#
# <colnr> <probs for GDERKNQSTAVLIFYWHMCP>
#	G	D	E	R	K	N	Q	S	T	A	V	L	I	F	Y	W	H	M	C	P
0	0.02370	0.00523	0.00633	0.00580	0.00706	0.00507	0.00433	0.05491	0.03178	0.13733	0.06385	0.03631	0.05181	0.33127	0.03008	0.00241	0.00362	0.13697	0.00330	0.05883
1	0.03089	0.00487	0.00590	0.02095	0.01800	0.00494	0.00438	0.02866	0.07800	0.04534	0.05513	0.26631	0.18738	0.10935	0.04414	0.01545	0.02354	0.04957	0.00341	0.00380
2	0.05495	0.01022	0.07164	0.10294	0.10212	0.02997	0.10533	0.24176	0.07227	0.09139	0.02211	0.01090	0.01793	0.00451	0.00439	0.00127	0.04373	0.00377	0.00299	0.00580
3	0.00578	0.00443	0.00517	0.00547	0.00639	0.01382	0.00409	0.01958	0.05942	0.01196	0.11094	0.32777	0.24202	0.01011	0.00477	0.00147	0.00247	0.11487	0.04581	0.00365
4	0.27587	0.00604	0.00636	0.00568	0.00751	0.00620	0.00442	0.03808	0.03550	0.19300	0.06672	0.08467	0.07493	0.11019	0.00570	0.00160	0.00304	0.03664	0.03338	0.00450
5	0.01867	0.00596	0.00860	0.11975	0.12531	0.01551	0.01876	0.01045	0.03865	0.13255	0.14745	0.18056	0.04422	0.02922	0.02615	0.01240	0.00361	0.05426	0.00334	0.00457
6	0.00984	0.05101	0.06567	0.07009	0.13309	0.07422	0.15422	0.07454	0.07224	0.02406	0.00851	0.01122	0.00704	0.00634	0.06151	0.00166	0.13942	0.02776	0.00231	0.00525
7	0.00536	0.00459	0.00499	0.00489	0.00606	0.01857	0.00378	0.00656	0.00927	0.01155	0.16475	0.03504	0.58421	0.00951	0.00520	0.00138	0.05077	0.06638	0.00365	0.00351
8	0.00616	0.00399	0.00519	0.00533	0.00598	0.00379	0.00379	0.00699	0.02589	0.04717	0.18247	0.27972	0.11397	0.06629	0.03695	0.15760	0.00289	0.03916	0.00340	0.00327
9	0.00913	0.00892	0.06057	0.22347	0.38349	0.00863	0.07107	0.02005	0.03043	0.05322	0.04478	0.02474	0.03532	0.00431	0.00406	0.00125	0.00471	0.00406	0.00231	0.00550
10	0.00998	0.05296	0.03259	0.12839	0.10415	0.09492	0.13759	0.04257	0.16998	0.05145	0.03071	0.03991	0.02434	0.00546	0.02775	0.00141	0.03367	0.00419	0.00269	0.00530
11	0.00809	0.01949	0.75897	0.01111	0.01646	0.02885	0.01395	0.01235	0.00827	0.01226	0.00708	0.00853	0.00515	0.00456	0.02439	0.00140	0.04871	0.00298	0.00170	0.00570
12	0.88866	0.00767	0.00583	0.00521	0.00767	0.00889	0.00429	0.01166	0.00675	0.01779	0.00552	0.00644	0.00429	0.00368	0.00245	0.00123	0.00307	0.00215	0.00245	0.00429
13	0.00604	0.00462	0.00559	0.00542	0.02709	0.00403	0.00380	0.00723	0.00871	0.02123	0.20684	0.14741	0.22262	0.10820	0.01902	0.01592	0.00263	0.00676	0.01665	0.16018
14	0.02012	0.00825	0.10837	0.19846	0.04437	0.01708	0.03521	0.09936	0.03061	0.06015	0.02144	0.19721	0.02475	0.07865	0.01537	0.00163	0.00427	0.02722	0.00284	0.00464
15	0.38782	0.00771	0.00766	0.00642	0.00878	0.02804	0.00516	0.14545	0.02310	0.20107	0.02995	0.00994	0.00723	0.00549	0.00471	0.10668	0.00346	0.00312	0.00323	0.00496
16	0.00586	0.00426	0.00555	0.00584	0.00605	0.00451	0.00401	0.00641	0.00704	0.03037	0.01732	0.52325	0.02029	0.22776	0.00984	0.00218	0.10433	0.00875	0.00315	0.00323
17	0.00679	0.00504	0.00690	0.00656	0.00752	0.00576	0.00509	0.10437	0.00780	0.01099	0.01061	0.01554	0.00983	0.08179	0.68992	0.00559	0.00942	0.00427	0.00236	0.00385
18	0.00884	0.00831	0.01326	0.39647	0.21392	0.00959	0.05982	0.04380	0.10652	0.01225	0.00822	0.01069	0.00643	0.00429	0.00481	0.00132	0.08036	0.00371	0.00218	0.00521
19	0.78324	0.00724	0.00576	0.00519	0.00746	0.00828	0.00423	0.01116	0.00728	0.01756	0.10441	0.00921	0.00825	0.00421	0.00272	0.00123	0.00292	0.00275	0.00268	0.00423
20	0.00594	0.10634	0.00662	0.00525	0.00593	0.00511	0.00372	0.00663	0.00723	0.00951	0.06258	0.31477	0.06435	0.28748	0.08861	0.00266	0.00377	0.00734	0.00292	0.00324
21	0.16369	0.00671	0.00710	0.00645	0.00814	0.00727	0.00489	0.10137	0.23963	0.01456	0.01331	0.14813	0.03875	0.04701	0.00618	0.12116	0.00315	0.00498	0.00320	0.05434
22	0.00588	0.00446	0.00564	0.00546	0.00669	0.00397	0.00421	0.00744	0.00963	0.01332	0.36683	0.16162	0.11923	0.00872	0.00462	0.00131	0.00239	0.13481	0.00378	0.13000
23	0.15997	0.00935	0.01002	0.00785	0.01084	0.03061	0.00646	0.41320	0.01418	0.28218	0.01072	0.01022	0.00727	0.00461	0.00371	0.00120	0.00390	0.00344	0.00397	0.00629
