[name]
unknown

[dist]
# distance from previous block
# <min> <max>
0	30

[block]
# block no. 0 follows, 69 sequences, length 8
# corresponding to MSA columns:
# 48-52,54-56
name=unknown_A
#
# <colnr> <probs for GDERKNQSTAVLIFYWHMCP>
#	G	D	E	R	K	N	Q	S	T	A	V	L	I	F	Y	W	H	M	C	P
0	0.42554	0.07665	0.05329	0.00704	0.00953	0.11151	0.04774	0.01207	0.00809	0.08587	0.00876	0.09937	0.00783	0.00488	0.00324	0.00122	0.00391	0.02627	0.00263	0.00456
1	0.04246	0.00897	0.01131	0.00863	0.01174	0.05327	0.09339	0.24168	0.01277	0.42797	0.01188	0.01123	0.00791	0.00450	0.00391	0.00118	0.00413	0.00371	0.00398	0.03538
2	0.01209	0.17432	0.14363	0.01075	0.06037	0.44355	0.05543	0.01417	0.03154	0.01050	0.00654	0.00767	0.00533	0.00382	0.00347	0.00105	0.00607	0.00273	0.00194	0.00501
3	0.00676	0.00429	0.00555	0.00507	0.00625	0.00389	0.00386	0.00850	0.01093	0.10318	0.68198	0.02829	0.10066	0.00784	0.00455	0.00124	0.00202	0.00685	0.00432	0.00398
4	0.01264	0.01113	0.02799	0.03790	0.01236	0.12419	0.03570	0.36191	0.26159	0.03877	0.01081	0.01080	0.00798	0.00476	0.00410	0.00122	0.02293	0.00370	0.00347	0.00604
5	0.00510	0.00399	0.00463	0.00459	0.00569	0.00352	0.00347	0.00647	0.00976	0.01271	0.36111	0.06891	0.43604	0.00930	0.00469	0.00132	0.00203	0.04930	0.00391	0.00348
6	0.00507	0.00379	0.00463	0.00491	0.00553	0.00360	0.00341	0.00592	0.00774	0.01013	0.09292	0.30379	0.24948	0.15876	0.11973	0.00249	0.00352	0.00814	0.00328	0.00317
7	0.04170	0.01085	0.01118	0.00868	0.01174	0.12928	0.05058	0.42119	0.01397	0.07910	0.00869	0.00908	0.00637	0.00416	0.00366	0.00105	0.00444	0.00319	0.00325	0.17783

[dist]
# distance from previous block
# <min> <max>
0	1

[block]
# block no. 1 follows, 69 sequences, length 19
# corresponding to MSA columns:
# 58-76
name=unknown_B
#
# <colnr> <probs for GDERKNQSTAVLIFYWHMCP>
#	G	D	E	R	K	N	Q	S	T	A	V	L	I	F	Y	W	H	M	C	P
0	0.00948	0.00852	0.01406	0.15542	0.52361	0.00849	0.03706	0.01176	0.00876	0.05254	0.00766	0.00981	0.00615	0.00354	0.00378	0.00111	0.00451	0.00339	0.00210	0.12822
1	0.05650	0.03279	0.01065	0.00939	0.01152	0.64313	0.00714	0.01622	0.12476	0.04071	0.00773	0.00830	0.00614	0.00421	0.00354	0.00107	0.00613	0.00281	0.00241	0.00485
2	0.00803	0.07481	0.78886	0.01089	0.01652	0.00952	0.01398	0.01237	0.00826	0.01221	0.00693	0.00815	0.00497	0.00370	0.00365	0.00122	0.00569	0.00285	0.00166	0.00574
3	0.00937	0.01077	0.13074	0.09771	0.56157	0.00937	0.07196	0.03852	0.00907	0.01287	0.00740	0.00963	0.00594	0.00359	0.00392	0.00120	0.00500	0.00349	0.00195	0.00593
4	0.00952	0.00936	0.01669	0.06750	0.68064	0.00937	0.12477	0.01200	0.00891	0.01262	0.00743	0.00986	0.00612	0.00349	0.00399	0.00119	0.00496	0.00365	0.00194	0.00598
5	0.01624	0.00745	0.01030	0.00954	0.12527	0.00686	0.00679	0.09409	0.01158	0.64850	0.01377	0.01247	0.00893	0.00465	0.00393	0.00120	0.00361	0.00384	0.00436	0.00661
6	0.00803	0.00761	0.01290	0.62566	0.24921	0.00888	0.01120	0.01057	0.00814	0.01078	0.00708	0.01025	0.00550	0.00380	0.00391	0.00127	0.00507	0.00349	0.00180	0.00486
7	0.00940	0.14643	0.48141	0.01266	0.16908	0.00988	0.02627	0.01277	0.00860	0.07728	0.00754	0.00868	0.00560	0.00371	0.00360	0.00116	0.00516	0.00300	0.00197	0.00582
8	0.00713	0.00498	0.00575	0.00580	0.00688	0.04900	0.01706	0.00813	0.00867	0.12089	0.02430	0.43276	0.22835	0.01003	0.00471	0.00145	0.00274	0.05385	0.00369	0.00381
9	0.00469	0.00386	0.00413	0.00430	0.00539	0.00330	0.00313	0.00566	0.00874	0.01066	0.06527	0.19684	0.64985	0.01032	0.00470	0.00137	0.00204	0.00879	0.00366	0.00330
10	0.08839	0.00738	0.01010	0.01098	0.18518	0.00763	0.05883	0.12888	0.09421	0.06126	0.04064	0.19856	0.03508	0.00656	0.00419	0.00133	0.00361	0.04884	0.00323	0.00511
11	0.06566	0.00926	0.01558	0.02254	0.74980	0.00931	0.04645	0.01202	0.00880	0.01310	0.00728	0.00953	0.00607	0.00349	0.00382	0.00117	0.00464	0.00345	0.00197	0.00605
12	0.00520	0.00377	0.00479	0.00549	0.00581	0.00367	0.00366	0.00646	0.05965	0.01014	0.02020	0.71172	0.02372	0.10785	0.00663	0.00182	0.00250	0.01010	0.00352	0.00329
13	0.49232	0.04738	0.01046	0.00815	0.01082	0.16890	0.12959	0.06765	0.00876	0.01543	0.00622	0.00734	0.00486	0.00372	0.00308	0.00117	0.00448	0.00267	0.00235	0.00466
14	0.00485	0.00350	0.00460	0.00546	0.00579	0.00326	0.00374	0.00561	0.00768	0.01014	0.02271	0.76469	0.07728	0.01206	0.00500	0.00159	0.00233	0.05287	0.00364	0.00321
15	0.00934	0.00889	0.01509	0.08293	0.73886	0.00900	0.01154	0.01166	0.00895	0.01275	0.04758	0.01071	0.00763	0.00374	0.00392	0.00118	0.00456	0.00367	0.00204	0.00595
16	0.00886	0.00911	0.04903	0.05011	0.20341	0.00789	0.25958	0.01135	0.00868	0.02300	0.00770	0.02293	0.00625	0.00341	0.00378	0.00103	0.00466	0.00354	0.00213	0.31354
17	0.00537	0.00395	0.00486	0.00481	0.00563	0.00364	0.00350	0.00671	0.00955	0.01295	0.46083	0.09175	0.19132	0.12759	0.00683	0.00166	0.00227	0.04955	0.00383	0.00340
18	0.00874	0.02405	0.12300	0.01172	0.23154	0.00737	0.02158	0.05464	0.02872	0.02493	0.12273	0.01181	0.01037	0.00408	0.00363	0.00099	0.00379	0.00355	0.00255	0.30022

[dist]
# distance from previous block
# <min> <max>
0	5

[block]
# block no. 2 follows, 69 sequences, length 12
# corresponding to MSA columns:
# 82-93
name=unknown_C
#
# <colnr> <probs for GDERKNQSTAVLIFYWHMCP>
#	G	D	E	R	K	N	Q	S	T	A	V	L	I	F	Y	W	H	M	C	P
0	0.67209	0.03419	0.02662	0.00556	0.00827	0.00836	0.00473	0.01193	0.00727	0.07889	0.00643	0.00715	0.00488	0.00364	0.00263	0.00113	0.00314	0.00230	0.00256	0.10824
1	0.00489	0.00398	0.00433	0.00424	0.00545	0.00342	0.00318	0.00612	0.00954	0.01203	0.26267	0.03536	0.61232	0.00939	0.00463	0.00130	0.00195	0.00794	0.00383	0.00342
2	0.01306	0.01166	0.01039	0.00863	0.01113	0.23924	0.02316	0.33820	0.11475	0.07014	0.03354	0.01284	0.08541	0.00515	0.00392	0.00117	0.00462	0.00395	0.00341	0.00561
3	0.00740	0.00697	0.01176	0.85280	0.02700	0.00871	0.01089	0.01002	0.00784	0.01002	0.00697	0.01045	0.00523	0.00392	0.00392	0.00131	0.00523	0.00348	0.00174	0.00436
4	0.00539	0.00400	0.00502	0.00476	0.00576	0.00363	0.00357	0.00709	0.01072	0.01482	0.69524	0.03077	0.17802	0.00835	0.00463	0.00125	0.00187	0.00730	0.00420	0.00363
5	0.01021	0.00802	0.00868	0.00772	0.00994	0.00906	0.00603	0.01993	0.71242	0.08933	0.06163	0.01533	0.01316	0.00543	0.00402	0.00131	0.00305	0.00454	0.00408	0.00611
6	0.00547	0.00385	0.00439	0.00450	0.00481	0.00373	0.00282	0.00581	0.00656	0.00853	0.01815	0.08861	0.16035	0.58782	0.04197	0.00320	0.00358	0.04045	0.00273	0.00269
7	0.00821	0.00779	0.01322	0.56219	0.31131	0.00892	0.01129	0.01072	0.00822	0.01100	0.00711	0.01019	0.00557	0.00377	0.00391	0.00126	0.00503	0.00349	0.00181	0.00501
8	0.00884	0.00858	0.01475	0.20464	0.38184	0.00855	0.13831	0.01128	0.00859	0.01214	0.00730	0.00973	0.00588	0.00345	0.00383	0.00112	0.00478	0.00346	0.00197	0.16093
9	0.00903	0.01059	0.16021	0.21814	0.44389	0.00906	0.01179	0.01217	0.04324	0.03321	0.00778	0.00993	0.00609	0.00375	0.00387	0.00122	0.00489	0.00344	0.00200	0.00571
10	0.39496	0.12626	0.01004	0.00750	0.00987	0.37155	0.00601	0.01334	0.00876	0.01302	0.00572	0.00666	0.00470	0.00377	0.00292	0.00108	0.00493	0.00229	0.00215	0.00448
11	0.10346	0.01624	0.03503	0.00944	0.01181	0.58957	0.00742	0.15791	0.01187	0.01316	0.00662	0.00745	0.00525	0.00411	0.00350	0.00107	0.00614	0.00267	0.00239	0.00493

[dist]
# distance from previous block
# <min> <max>
2	4

[block]
# block no. 3 follows, 69 sequences, length 11
# corresponding to MSA columns:
# 98-108
name=unknown_D
#
# <colnr> <probs for GDERKNQSTAVLIFYWHMCP>
#	G	D	E	R	K	N	Q	S	T	A	V	L	I	F	Y	W	H	M	C	P
0	0.01570	0.00623	0.00838	0.00658	0.00918	0.00545	0.00529	0.01707	0.01060	0.70908	0.05407	0.01546	0.01150	0.09996	0.00575	0.00150	0.00332	0.00429	0.00455	0.00605
1	0.00469	0.00391	0.00409	0.00418	0.00536	0.00331	0.00308	0.00568	0.00887	0.01074	0.07039	0.12841	0.71363	0.01011	0.00467	0.00135	0.00201	0.00854	0.00367	0.00331
2	0.01032	0.54190	0.23445	0.00819	0.01212	0.04194	0.00884	0.08138	0.00905	0.01139	0.00622	0.00710	0.00515	0.00359	0.00299	0.00098	0.00472	0.00244	0.00187	0.00535
3	0.01185	0.01236	0.02837	0.08543	0.20174	0.28571	0.10725	0.07697	0.02543	0.06723	0.00800	0.02515	0.00639	0.00420	0.00422	0.00118	0.03735	0.00349	0.00236	0.00532
4	0.00813	0.00697	0.00813	0.00581	0.00929	0.00523	0.00465	0.00987	0.00813	0.01277	0.00697	0.00813	0.00581	0.00290	0.00290	0.00058	0.00290	0.00232	0.00232	0.88619
5	0.00903	0.30622	0.53040	0.00957	0.01443	0.01140	0.01157	0.04445	0.00857	0.01182	0.00659	0.00765	0.00506	0.00364	0.00332	0.00110	0.00519	0.00265	0.00175	0.00557
6	0.00555	0.00401	0.00524	0.00493	0.00586	0.00370	0.00370	0.00740	0.01110	0.01572	0.83570	0.02928	0.03699	0.00801	0.00462	0.00123	0.00185	0.00709	0.00432	0.00370
7	0.00562	0.00413	0.00592	0.00592	0.00649	0.00469	0.00443	0.00676	0.00619	0.00882	0.01085	0.01733	0.01064	0.18614	0.69110	0.00583	0.00924	0.00448	0.00215	0.00329
8	0.00784	0.00731	0.01231	0.52915	0.24970	0.00846	0.01054	0.01024	0.00797	0.01069	0.00747	0.01079	0.00601	0.00662	0.09725	0.00182	0.00565	0.00357	0.00184	0.00477
9	0.01374	0.01072	0.01109	0.00883	0.01172	0.04500	0.00718	0.61249	0.19985	0.02224	0.01074	0.01049	0.00779	0.00482	0.00392	0.00120	0.00415	0.00369	0.00386	0.00648
10	0.01072	0.00772	0.01176	0.00897	0.01163	0.02382	0.18703	0.03981	0.00978	0.22162	0.12919	0.03069	0.01169	0.00488	0.00484	0.00116	0.08507	0.00426	0.00319	0.19218

[dist]
# distance from previous block
# <min> <max>
1	2

[block]
# block no. 4 follows, 69 sequences, length 24
# corresponding to MSA columns:
# 111-134
name=unknown_E
#
# <colnr> <probs for GDERKNQSTAVLIFYWHMCP>
#	G	D	E	R	K	N	Q	S	T	A	V	L	I	F	Y	W	H	M	C	P
0	0.73463	0.00955	0.00671	0.00603	0.00839	0.15741	0.00484	0.01226	0.00746	0.01617	0.00557	0.00649	0.00439	0.00371	0.00262	0.00118	0.00375	0.00219	0.00235	0.00430
1	0.01381	0.01239	0.01071	0.00896	0.01154	0.26022	0.00708	0.34133	0.20512	0.07341	0.01035	0.01019	0.00763	0.00466	0.00382	0.00116	0.00479	0.00347	0.00343	0.00593
2	0.00563	0.00408	0.00571	0.00571	0.00620	0.00458	0.00416	0.00662	0.00613	0.00866	0.01104	0.01840	0.01110	0.27295	0.60492	0.00557	0.00854	0.00464	0.00218	0.00317
3	0.00535	0.00400	0.00496	0.00472	0.00573	0.00361	0.00354	0.00700	0.01062	0.01458	0.65871	0.03116	0.21469	0.00844	0.00463	0.00125	0.00188	0.00735	0.00417	0.00361
4	0.00537	0.00400	0.00499	0.00474	0.00575	0.00362	0.00356	0.00705	0.01068	0.01472	0.68063	0.03093	0.19268	0.00839	0.00463	0.00125	0.00188	0.00732	0.00418	0.00362
5	0.00570	0.00380	0.00428	0.00428	0.00428	0.00380	0.00238	0.00570	0.00570	0.00760	0.01235	0.02566	0.01425	0.86222	0.01995	0.00380	0.00380	0.00570	0.00238	0.00238
6	0.88991	0.00758	0.00576	0.00516	0.00758	0.00879	0.00425	0.01152	0.00667	0.01759	0.00546	0.00637	0.00425	0.00364	0.00243	0.00121	0.00303	0.00212	0.00243	0.00425
7	0.00838	0.01714	0.61185	0.01314	0.16191	0.00921	0.01322	0.01319	0.09085	0.01288	0.00799	0.00917	0.00589	0.00384	0.00378	0.00124	0.00532	0.00316	0.00194	0.00591
8	0.01376	0.00603	0.00787	0.00622	0.00863	0.00523	0.00489	0.01505	0.00983	0.55282	0.04514	0.01559	0.01113	0.15686	0.00667	0.00160	0.00328	0.00419	0.02345	0.10174
9	0.00928	0.01165	0.18521	0.02006	0.55655	0.00935	0.09368	0.01250	0.04010	0.01284	0.00769	0.00969	0.00615	0.00359	0.00393	0.00120	0.00503	0.00352	0.00196	0.00603
10	0.00654	0.15669	0.00789	0.00524	0.00663	0.00577	0.00421	0.00814	0.01017	0.02956	0.56466	0.07424	0.09077	0.00752	0.00426	0.00119	0.00233	0.00647	0.00377	0.00393
11	0.01072	0.41012	0.19115	0.00853	0.01201	0.01306	0.00870	0.19296	0.01017	0.01337	0.00664	0.00763	0.00539	0.00409	0.00412	0.00109	0.08987	0.00272	0.00218	0.00548
12	0.01168	0.51778	0.01802	0.00854	0.01175	0.12216	0.08885	0.15655	0.01036	0.01235	0.00648	0.00737	0.00542	0.00368	0.00311	0.00097	0.00483	0.00266	0.00215	0.00528
13	0.00583	0.00449	0.00661	0.00622	0.00697	0.00430	0.08569	0.00688	0.00790	0.01065	0.16185	0.24191	0.03992	0.29822	0.01000	0.00227	0.00328	0.09058	0.00316	0.00326
14	0.05163	0.09627	0.01037	0.00763	0.01035	0.21044	0.00610	0.04481	0.20018	0.08692	0.00946	0.00963	0.00728	0.00406	0.00338	0.00099	0.00418	0.00302	0.00286	0.23046
15	0.00925	0.00959	0.04209	0.05067	0.18486	0.00892	0.48215	0.01195	0.00883	0.04977	0.00854	0.01197	0.00695	0.08957	0.00593	0.00153	0.00570	0.00438	0.00213	0.00522
16	0.00925	0.15930	0.01339	0.46249	0.13573	0.00952	0.00958	0.01143	0.00841	0.09362	0.00824	0.01144	0.00657	0.00417	0.00374	0.00122	0.00470	0.04014	0.00216	0.00493
17	0.00602	0.00459	0.00683	0.00640	0.00748	0.00435	0.08599	0.00724	0.00814	0.04842	0.07427	0.33342	0.18833	0.05011	0.13382	0.00229	0.00401	0.02137	0.00328	0.00363
18	0.01444	0.06417	0.02594	0.04791	0.01335	0.05674	0.17911	0.06042	0.01078	0.46844	0.01183	0.01151	0.00790	0.00431	0.00397	0.00120	0.00448	0.00383	0.00363	0.00603
19	0.16637	0.04397	0.21538	0.03432	0.09889	0.00815	0.09771	0.01275	0.00864	0.17496	0.00994	0.09468	0.00811	0.00471	0.00374	0.00125	0.00436	0.00403	0.00269	0.00535
20	0.01434	0.00623	0.00864	0.00700	0.00946	0.00556	0.03228	0.02701	0.03271	0.60116	0.04746	0.16398	0.01352	0.00625	0.00418	0.00129	0.00321	0.00537	0.00449	0.00588
21	0.01081	0.00923	0.01800	0.06913	0.11035	0.00881	0.47328	0.03064	0.00969	0.17290	0.00978	0.01224	0.00730	0.00398	0.00438	0.00130	0.00551	0.03452	0.00262	0.00557
22	0.01284	0.00844	0.06533	0.01112	0.09233	0.00710	0.21157	0.01499	0.00995	0.41790	0.01288	0.09684	0.00976	0.00501	0.00420	0.00128	0.00433	0.00473	0.00353	0.00588
23	0.12340	0.01042	0.15460	0.01139	0.07821	0.00832	0.22413	0.03361	0.01996	0.25291	0.00999	0.02837	0.00718	0.00418	0.00403	0.00126	0.01561	0.00382	0.00291	0.00570

[dist]
# distance from previous block
# <min> <max>
3	24

[block]
# block no. 5 follows, 69 sequences, length 20
# corresponding to MSA columns:
# 162-181
name=unknown_F
#
# <colnr> <probs for GDERKNQSTAVLIFYWHMCP>
#	G	D	E	R	K	N	Q	S	T	A	V	L	I	F	Y	W	H	M	C	P
0	0.04485	0.07988	0.12008	0.00736	0.03161	0.03455	0.00653	0.03177	0.01010	0.29943	0.16130	0.03075	0.08409	0.00553	0.00388	0.00117	0.00349	0.00451	0.00357	0.03556
1	0.01194	0.29048	0.01402	0.00793	0.01101	0.01177	0.03364	0.26222	0.16625	0.07055	0.00950	0.00956	0.00724	0.00420	0.00342	0.00105	0.00395	0.00320	0.00307	0.07502
2	0.01000	0.05134	0.01579	0.02219	0.74086	0.02503	0.01144	0.03912	0.02316	0.01303	0.00747	0.00956	0.00624	0.00357	0.00381	0.00115	0.00464	0.00342	0.00203	0.00614
3	0.01199	0.33531	0.03628	0.00790	0.01088	0.03845	0.00700	0.36919	0.04606	0.01648	0.00900	0.07803	0.00774	0.00479	0.00346	0.00108	0.00418	0.00360	0.00293	0.00565
4	0.00946	0.00723	0.00912	0.00669	0.01005	0.00586	0.04973	0.01192	0.06608	0.11438	0.00869	0.00936	0.00672	0.00333	0.00320	0.00075	0.00317	0.00279	0.00273	0.66872
5	0.04584	0.07935	0.35985	0.01091	0.04046	0.02945	0.14233	0.04983	0.02783	0.14132	0.00896	0.01036	0.00657	0.00407	0.00382	0.00122	0.00512	0.02456	0.00246	0.00570
6	0.01358	0.16258	0.14005	0.00856	0.01209	0.03703	0.00806	0.36695	0.01333	0.18599	0.00948	0.00942	0.00669	0.00433	0.00364	0.00113	0.00441	0.00323	0.00331	0.00618
7	0.00463	0.00397	0.00397	0.00397	0.00530	0.00331	0.00298	0.00563	0.00894	0.01059	0.03971	0.03773	0.83618	0.00993	0.00463	0.00132	0.00199	0.00827	0.00364	0.00331
8	0.01001	0.00947	0.01541	0.01225	0.04024	0.03865	0.35521	0.01530	0.27399	0.07124	0.01113	0.03696	0.00865	0.00466	0.00503	0.00134	0.07758	0.00450	0.00286	0.00554
9	0.01492	0.09923	0.01193	0.00939	0.09076	0.05353	0.06368	0.01656	0.01039	0.54238	0.01276	0.03812	0.00886	0.00464	0.00384	0.00118	0.00396	0.00390	0.00384	0.00613
10	0.01048	0.86458	0.02054	0.00671	0.01006	0.01551	0.00671	0.01174	0.00797	0.00922	0.00545	0.00629	0.00503	0.00335	0.00252	0.00084	0.00419	0.00210	0.00168	0.00503
11	0.00546	0.00395	0.00526	0.00606	0.00667	0.00379	0.00471	0.00664	0.00823	0.01073	0.02253	0.41019	0.09424	0.03668	0.00559	0.00173	0.00287	0.35773	0.00359	0.00336
12	0.07112	0.01260	0.31764	0.01155	0.05819	0.00838	0.20828	0.01267	0.00891	0.13035	0.05361	0.04488	0.00847	0.00444	0.00428	0.00128	0.03143	0.00402	0.00248	0.00544
13	0.01336	0.00672	0.00980	0.00997	0.16549	0.00615	0.01872	0.02933	0.01071	0.48360	0.15327	0.04984	0.01423	0.00541	0.00410	0.00122	0.00336	0.00469	0.00410	0.00592
14	0.01562	0.00701	0.01016	0.00776	0.01064	0.00630	0.08335	0.05765	0.01101	0.64855	0.02830	0.01402	0.00998	0.06469	0.00514	0.00140	0.00370	0.00416	0.00435	0.00619
15	0.01569	0.00808	0.01023	0.00872	0.06838	0.00791	0.00664	0.25782	0.02730	0.49712	0.04165	0.01250	0.00955	0.00483	0.00396	0.00120	0.00366	0.00391	0.00434	0.00653
16	0.00947	0.14055	0.17532	0.00771	0.02424	0.03614	0.00713	0.04874	0.02308	0.15534	0.02738	0.29094	0.02408	0.00692	0.00404	0.00128	0.00376	0.00587	0.00310	0.00491
17	0.08433	0.04201	0.16563	0.01054	0.08221	0.11647	0.08882	0.08976	0.02560	0.21737	0.00972	0.03412	0.00718	0.00433	0.00377	0.00120	0.00477	0.00356	0.00292	0.00569
18	0.06424	0.17903	0.06893	0.02312	0.12811	0.07142	0.01580	0.09034	0.03644	0.08452	0.00869	0.01025	0.01611	0.00406	0.00340	0.00104	0.00419	0.03108	0.00255	0.15670
19	0.11213	0.01075	0.11082	0.01381	0.31066	0.09855	0.00907	0.03154	0.01842	0.10348	0.02493	0.02398	0.00706	0.00410	0.00394	0.00115	0.03405	0.00333	0.00246	0.07577

[dist]
# distance from previous block
# <min> <max>
3	13

[block]
# block no. 6 follows, 69 sequences, length 7
# corresponding to MSA columns:
# 195-201
name=unknown_G
#
# <colnr> <probs for GDERKNQSTAVLIFYWHMCP>
#	G	D	E	R	K	N	Q	S	T	A	V	L	I	F	Y	W	H	M	C	P
0	0.01033	0.11484	0.31251	0.00947	0.04263	0.13010	0.03349	0.01288	0.00933	0.13919	0.05818	0.04054	0.06025	0.00480	0.00377	0.00117	0.00481	0.00384	0.00257	0.00529
1	0.05103	0.23796	0.34075	0.00929	0.04282	0.02930	0.00969	0.03993	0.10297	0.06098	0.03456	0.00942	0.00715	0.00404	0.00343	0.00113	0.00461	0.00305	0.00233	0.00557
2	0.01032	0.49076	0.18970	0.00773	0.01136	0.01235	0.00811	0.06760	0.03468	0.06356	0.06387	0.00919	0.00782	0.00400	0.00314	0.00101	0.00429	0.00289	0.00228	0.00535
3	0.08236	0.24368	0.19500	0.00824	0.01169	0.07620	0.00816	0.11252	0.10815	0.08324	0.02991	0.00936	0.00720	0.00416	0.00337	0.00111	0.00443	0.00304	0.00264	0.00554
4	0.32271	0.05335	0.28409	0.00750	0.01104	0.00846	0.00795	0.05010	0.00863	0.09965	0.04245	0.01111	0.06900	0.00447	0.00334	0.00121	0.00397	0.00329	0.00262	0.00507
5	0.00893	0.17950	0.24213	0.00841	0.01209	0.00872	0.07780	0.03719	0.00922	0.05852	0.14389	0.01183	0.01082	0.00426	0.00357	0.00104	0.00417	0.00355	0.00250	0.17186
6	0.00735	0.00439	0.00572	0.00522	0.00647	0.00397	0.00397	0.00902	0.01075	0.14621	0.60051	0.07918	0.08606	0.00791	0.00454	0.00126	0.00212	0.00692	0.00431	0.00411

[dist]
# distance from previous block
# <min> <max>
0	7

[block]
# block no. 7 follows, 69 sequences, length 21
# corresponding to MSA columns:
# 209-229
name=unknown_H
#
# <colnr> <probs for GDERKNQSTAVLIFYWHMCP>
#	G	D	E	R	K	N	Q	S	T	A	V	L	I	F	Y	W	H	M	C	P
0	0.00997	0.72310	0.01835	0.00677	0.00973	0.04140	0.00650	0.01124	0.00785	0.00922	0.00614	0.00752	0.00566	0.00682	0.11411	0.00157	0.00512	0.00239	0.00174	0.00481
1	0.12663	0.03074	0.41579	0.00863	0.01272	0.00796	0.00967	0.03897	0.00915	0.20166	0.03971	0.03573	0.03674	0.00461	0.00369	0.00123	0.00442	0.00361	0.00278	0.00556
2	0.17733	0.03835	0.00965	0.00793	0.01042	0.12091	0.00633	0.20918	0.34716	0.01746	0.01077	0.01056	0.00811	0.00462	0.00357	0.00121	0.00394	0.00345	0.00334	0.00569
3	0.67767	0.14836	0.04459	0.00584	0.00855	0.03912	0.00521	0.01174	0.00711	0.01572	0.00555	0.00646	0.00443	0.00361	0.00254	0.00115	0.00348	0.00217	0.00226	0.00445
4	0.00485	0.00348	0.00455	0.00533	0.00562	0.00324	0.00356	0.00557	0.00765	0.01020	0.06089	0.75593	0.05331	0.04882	0.00562	0.00166	0.00231	0.01062	0.00362	0.00318
5	0.01156	0.27762	0.08041	0.00894	0.05107	0.14229	0.00761	0.16064	0.11933	0.03635	0.03236	0.00933	0.00738	0.00416	0.00340	0.00105	0.00453	0.00307	0.00264	0.03626
6	0.03678	0.01071	0.14326	0.01013	0.05644	0.06047	0.14198	0.06360	0.02300	0.21175	0.01887	0.01019	0.00707	0.00390	0.00374	0.00109	0.00451	0.00341	0.00288	0.18621
7	0.03927	0.22699	0.17992	0.01324	0.25669	0.02711	0.02655	0.10918	0.00981	0.06521	0.00750	0.00861	0.00585	0.00374	0.00348	0.00110	0.00468	0.00302	0.00225	0.00580
8	0.01043	0.69410	0.02042	0.00873	0.04083	0.04140	0.11487	0.01198	0.00827	0.00980	0.00587	0.00700	0.00519	0.00337	0.00288	0.00092	0.00462	0.00249	0.00174	0.00509
9	0.00473	0.00394	0.00413	0.00416	0.00538	0.00334	0.00309	0.00578	0.00905	0.01104	0.11468	0.09259	0.70480	0.00990	0.00466	0.00133	0.00199	0.00836	0.00371	0.00334
10	0.00993	0.37304	0.30559	0.00919	0.05003	0.02652	0.00952	0.02831	0.05252	0.06269	0.03370	0.00882	0.00677	0.00387	0.00328	0.00107	0.00464	0.00287	0.00213	0.00550
11	0.00480	0.00368	0.00440	0.00484	0.00556	0.00328	0.00339	0.00572	0.00841	0.01081	0.11091	0.46357	0.33463	0.01096	0.00482	0.00145	0.00212	0.00964	0.00371	0.00328
12	0.00532	0.00400	0.00492	0.00469	0.00571	0.00360	0.00352	0.00695	0.01055	0.01442	0.63310	0.03143	0.24040	0.00850	0.00463	0.00126	0.00188	0.00739	0.00414	0.00360
13	0.00803	0.00469	0.00625	0.00606	0.00742	0.00435	0.00498	0.00973	0.01018	0.17039	0.31557	0.03240	0.09612	0.00860	0.00478	0.00144	0.00278	0.29791	0.00410	0.00420
14	0.00887	0.06581	0.42740	0.01405	0.12587	0.00984	0.24160	0.03766	0.00894	0.01270	0.00731	0.00903	0.00546	0.00358	0.00393	0.00123	0.00573	0.00344	0.00186	0.00569
15	0.00925	0.01058	0.02313	0.01652	0.02049	0.00991	0.82353	0.01256	0.00925	0.01256	0.00793	0.01058	0.00595	0.00330	0.00463	0.00132	0.00661	0.00463	0.00198	0.00529
16	0.01359	0.00793	0.00925	0.00765	0.01031	0.00829	0.00614	0.09819	0.40304	0.36791	0.01511	0.01357	0.01049	0.00506	0.00396	0.00127	0.00332	0.00414	0.00435	0.00645
17	0.23039	0.02613	0.01167	0.02562	0.02897	0.39885	0.11213	0.03922	0.00948	0.01250	0.00623	0.00764	0.00505	0.00405	0.00409	0.00116	0.06722	0.00282	0.00214	0.00465
18	0.00738	0.00473	0.00581	0.00526	0.00651	0.00458	0.00403	0.05376	0.04781	0.07630	0.57600	0.02428	0.02836	0.00699	0.00424	0.00119	0.00215	0.00605	0.13040	0.00418
19	0.01369	0.01072	0.01203	0.00926	0.01236	0.05662	0.07035	0.56866	0.06982	0.05432	0.00960	0.00978	0.00693	0.00447	0.00388	0.00114	0.00441	0.00354	0.00359	0.07485
20	0.00836	0.12090	0.01408	0.53861	0.20601	0.00977	0.02709	0.01075	0.00813	0.01059	0.00688	0.00974	0.00544	0.00374	0.00374	0.00121	0.00499	0.00333	0.00178	0.00488

[dist]
# distance from previous block
# <min> <max>
0	1

[block]
# block no. 8 follows, 69 sequences, length 22
# corresponding to MSA columns:
# 231-252
name=unknown_I
#
# <colnr> <probs for GDERKNQSTAVLIFYWHMCP>
#	G	D	E	R	K	N	Q	S	T	A	V	L	I	F	Y	W	H	M	C	P
0	0.08761	0.03154	0.02686	0.00788	0.02000	0.12810	0.02174	0.12200	0.01076	0.33963	0.01092	0.01120	0.00781	0.00831	0.13496	0.00196	0.00524	0.00349	0.00342	0.01659
1	0.00914	0.02400	0.04115	0.06791	0.56481	0.02095	0.04041	0.02514	0.00905	0.01255	0.00943	0.01500	0.00862	0.00469	0.00412	0.00127	0.00466	0.12930	0.00221	0.00561
2	0.01490	0.00610	0.00808	0.00639	0.00904	0.00526	0.00521	0.01635	0.01086	0.66489	0.06533	0.01804	0.13996	0.00582	0.00409	0.00123	0.00304	0.00479	0.00463	0.00598
3	0.00753	0.00454	0.00556	0.00505	0.00631	0.00414	0.00375	0.00909	0.03150	0.15354	0.37013	0.02749	0.20506	0.14087	0.00688	0.00165	0.00247	0.00653	0.00395	0.00398
4	0.01063	0.00996	0.01508	0.02168	0.70776	0.07335	0.01124	0.03879	0.00951	0.05316	0.00773	0.00967	0.00631	0.00364	0.00386	0.00116	0.00477	0.00344	0.00215	0.00612
5	0.01506	0.00613	0.00834	0.00667	0.00925	0.00537	0.00547	0.01665	0.01107	0.66411	0.14352	0.01761	0.01470	0.00569	0.00413	0.00125	0.00312	0.05112	0.00470	0.00603
6	0.00478	0.00341	0.00455	0.00546	0.00569	0.00318	0.00364	0.00546	0.00751	0.01001	0.02161	0.85966	0.02593	0.01228	0.00500	0.00159	0.00227	0.01114	0.00364	0.00318
7	0.00806	0.00740	0.01223	0.42519	0.29383	0.00828	0.01045	0.01065	0.02763	0.01136	0.00946	0.01556	0.00841	0.00489	0.00414	0.00134	0.00474	0.12933	0.00215	0.00490
8	0.00991	0.12408	0.42180	0.02778	0.15395	0.04443	0.01142	0.02739	0.02460	0.09670	0.01778	0.00916	0.00622	0.00387	0.00363	0.00117	0.00506	0.00309	0.00217	0.00578
9	0.00998	0.01076	0.01225	0.01228	0.13947	0.19290	0.00879	0.01112	0.00758	0.00998	0.00585	0.00863	0.00543	0.00639	0.03422	0.00161	0.51305	0.00327	0.00183	0.00462
10	0.02561	0.25513	0.01503	0.01282	0.23645	0.33615	0.00849	0.04652	0.00986	0.01111	0.00637	0.00765	0.00541	0.00372	0.00334	0.00101	0.00542	0.00270	0.00199	0.00522
11	0.51293	0.00982	0.01028	0.00826	0.01102	0.10143	0.14987	0.12856	0.00930	0.01684	0.00653	0.00762	0.00498	0.00378	0.00315	0.00120	0.00429	0.00281	0.00252	0.00481
12	0.01048	0.86458	0.02054	0.00671	0.01006	0.01551	0.00671	0.01174	0.00797	0.00922	0.00545	0.00629	0.00503	0.00335	0.00252	0.00084	0.00419	0.00210	0.00168	0.00503
13	0.00524	0.00398	0.00492	0.00545	0.00631	0.00366	0.00424	0.00643	0.00864	0.01099	0.06105	0.27769	0.31520	0.01081	0.00498	0.00155	0.00257	0.25925	0.00366	0.00338
14	0.00532	0.00400	0.00492	0.00469	0.00571	0.00360	0.00352	0.00695	0.01055	0.01442	0.63322	0.03143	0.24029	0.00850	0.00463	0.00126	0.00188	0.00739	0.00414	0.00360
15	0.01467	0.01801	0.01117	0.01001	0.01212	0.77345	0.00756	0.08648	0.01175	0.01092	0.00635	0.00727	0.00519	0.00410	0.00357	0.00102	0.00683	0.00261	0.00219	0.00473
16	0.01668	0.00752	0.00955	0.00739	0.01039	0.00710	0.00608	0.15914	0.05852	0.65247	0.01444	0.01273	0.00930	0.00485	0.00394	0.00121	0.00349	0.00390	0.00464	0.00664
17	0.00469	0.00394	0.00408	0.00411	0.00535	0.00332	0.00306	0.00572	0.00897	0.01084	0.08337	0.08590	0.74332	0.00996	0.00465	0.00133	0.00200	0.00838	0.00368	0.00332
18	0.00632	0.00451	0.00632	0.00722	0.00812	0.00451	0.00632	0.00812	0.00902	0.01173	0.02076	0.04422	0.02256	0.01083	0.00541	0.00180	0.00361	0.81138	0.00361	0.00361
19	0.01254	0.07553	0.19347	0.00892	0.01250	0.01062	0.00855	0.36708	0.14109	0.11488	0.01032	0.01020	0.00735	0.00450	0.00379	0.00119	0.00433	0.00347	0.00338	0.00628
20	0.00570	0.00372	0.00490	0.00538	0.00586	0.00346	0.00368	0.00657	0.00815	0.05874	0.14737	0.62097	0.02587	0.07277	0.00597	0.00167	0.00238	0.00970	0.00372	0.00341
21	0.01294	0.00995	0.01163	0.01099	0.14013	0.01087	0.00778	0.52198	0.14599	0.03601	0.04397	0.01117	0.00873	0.00475	0.00396	0.00120	0.00406	0.00382	0.00366	0.00640

[dist]
# distance from previous block
# <min> <max>
0	4

# created by:
# /st0/software/busco_prod/Augustus/scripts/msa2prfl.pl ./align_prep/31295.fa
