[name]
unknown

[dist]
# distance from previous block
# <min> <max>
0	1

[block]
# block no. 0 follows, 71 sequences, length 28
# corresponding to MSA columns:
# 3-30
name=unknown_A
#
# <colnr> <probs for GDERKNQSTAVLIFYWHMCP>
#	G	D	E	R	K	N	Q	S	T	A	V	L	I	F	Y	W	H	M	C	P
0	0.00645	0.00461	0.00635	0.00712	0.00807	0.00465	0.00621	0.03408	0.00912	0.01188	0.01995	0.04217	0.02157	0.01040	0.00525	0.00175	0.00355	0.78966	0.00354	0.00363
1	0.01340	0.00979	0.01055	0.00828	0.01107	0.01072	0.00677	0.68620	0.05308	0.04445	0.01194	0.04787	0.05751	0.00526	0.00393	0.00118	0.00392	0.00410	0.00383	0.00616
2	0.00774	0.00700	0.01092	0.66577	0.04652	0.00849	0.00961	0.04693	0.08363	0.01094	0.00805	0.01142	0.00633	0.05553	0.00478	0.00142	0.00478	0.00362	0.00204	0.00446
3	0.01182	0.00609	0.02087	0.00621	0.00838	0.00548	0.00506	0.09690	0.01122	0.40065	0.24301	0.02007	0.09241	0.02934	0.00455	0.00128	0.00290	0.02427	0.00426	0.00523
4	0.00922	0.00884	0.01508	0.12200	0.74495	0.00904	0.01163	0.01153	0.00860	0.01220	0.00717	0.00958	0.00596	0.00347	0.00380	0.00116	0.00462	0.00342	0.00187	0.00586
5	0.00724	0.00681	0.01150	0.85604	0.02641	0.00852	0.01065	0.00980	0.00767	0.00980	0.00681	0.01022	0.00511	0.00383	0.00383	0.00128	0.00511	0.00341	0.00170	0.00426
6	0.00466	0.00378	0.00413	0.00427	0.00531	0.00326	0.00312	0.00567	0.00871	0.01081	0.12527	0.19454	0.59322	0.00994	0.00460	0.00134	0.00198	0.00850	0.00363	0.00326
7	0.01015	0.00572	0.00739	0.00688	0.00851	0.01637	0.00566	0.07383	0.02971	0.26499	0.05989	0.11095	0.01664	0.00917	0.05529	0.00173	0.01818	0.29041	0.00383	0.00471
8	0.00910	0.00872	0.01486	0.16681	0.70108	0.00901	0.01157	0.01143	0.00855	0.01206	0.00714	0.00962	0.00591	0.00349	0.00380	0.00116	0.00465	0.00341	0.00186	0.00576
9	0.00769	0.01983	0.84538	0.01093	0.01659	0.00890	0.01417	0.01214	0.00810	0.01214	0.00688	0.00810	0.00486	0.00364	0.00364	0.00121	0.00567	0.00283	0.00162	0.00567
10	0.00481	0.00358	0.00452	0.00522	0.00575	0.00329	0.00371	0.00567	0.00781	0.01010	0.02489	0.59053	0.20223	0.01135	0.00486	0.00152	0.00231	0.10109	0.00356	0.00319
11	0.00894	0.07928	0.38960	0.01229	0.01671	0.07192	0.30695	0.01272	0.04280	0.01192	0.00737	0.00893	0.00550	0.00355	0.00387	0.00120	0.00582	0.00342	0.00186	0.00536
12	0.06210	0.26312	0.20767	0.00773	0.01139	0.00975	0.00792	0.06392	0.00954	0.30756	0.00941	0.00924	0.00658	0.00398	0.00331	0.00108	0.00411	0.00296	0.00291	0.00572
13	0.00647	0.00404	0.00494	0.00460	0.00572	0.00370	0.00349	0.00813	0.01003	0.07574	0.50727	0.02615	0.15144	0.00728	0.00414	0.00116	0.00193	0.00627	0.16372	0.00377
14	0.03274	0.00920	0.06425	0.20485	0.52978	0.00890	0.05150	0.01153	0.00847	0.03191	0.00727	0.00961	0.00581	0.00355	0.00379	0.00118	0.00476	0.00341	0.00192	0.00556
15	0.01020	0.23602	0.08061	0.03187	0.21823	0.09584	0.17671	0.06034	0.03314	0.01194	0.00703	0.00856	0.00568	0.00354	0.00356	0.00109	0.00510	0.00317	0.00199	0.00538
16	0.01025	0.86756	0.02009	0.00656	0.00984	0.01517	0.00656	0.01148	0.00779	0.00902	0.00533	0.00615	0.00492	0.00328	0.00246	0.00082	0.00410	0.00205	0.00164	0.00492
17	0.00910	0.00781	0.00972	0.03393	0.15777	0.02116	0.00650	0.05965	0.16957	0.03120	0.00931	0.03443	0.00759	0.00386	0.00339	0.00091	0.00339	0.00326	0.00268	0.42475
18	0.00868	0.04944	0.34787	0.00996	0.02279	0.00798	0.13205	0.03102	0.01827	0.10269	0.01033	0.14027	0.00907	0.00661	0.05491	0.00157	0.03442	0.00453	0.00242	0.00511
19	0.01575	0.00822	0.00987	0.00764	0.01059	0.00823	0.00628	0.32443	0.06291	0.48504	0.01292	0.01167	0.00850	0.00472	0.00385	0.00118	0.00361	0.00373	0.00435	0.00650
20	0.41897	0.01033	0.00979	0.02954	0.14240	0.18571	0.04194	0.06552	0.00865	0.01459	0.00614	0.00744	0.00490	0.00380	0.00343	0.00116	0.03608	0.00265	0.00225	0.00472
21	0.00497	0.00390	0.00449	0.00434	0.00545	0.00342	0.00326	0.00635	0.00977	0.01280	0.42906	0.03287	0.44803	0.00880	0.00453	0.00125	0.00188	0.00753	0.00388	0.00342
22	0.04747	0.07169	0.11582	0.00825	0.01116	0.04437	0.00735	0.24183	0.35357	0.01692	0.01184	0.01154	0.03191	0.00471	0.00368	0.00120	0.00389	0.00368	0.00328	0.00584
23	0.00472	0.00338	0.00441	0.00522	0.00546	0.00315	0.00346	0.00536	0.00729	0.00967	0.02123	0.78268	0.05420	0.06299	0.00576	0.00168	0.00230	0.01048	0.00349	0.00307
24	0.00984	0.08729	0.23449	0.03421	0.10747	0.07646	0.16010	0.12044	0.01866	0.03208	0.01733	0.02063	0.00648	0.00527	0.05122	0.00144	0.00553	0.00347	0.00221	0.00538
25	0.00555	0.00370	0.00463	0.00501	0.00538	0.00352	0.00335	0.00616	0.00722	0.03966	0.06284	0.42054	0.05770	0.29839	0.00976	0.00225	0.00281	0.05527	0.00322	0.00303
26	0.00795	0.00685	0.00691	0.00704	0.06879	0.14284	0.00488	0.00946	0.01026	0.07921	0.41710	0.04259	0.16698	0.00705	0.00425	0.00119	0.00300	0.00599	0.00359	0.00409
27	0.01297	0.17690	0.03884	0.00904	0.01163	0.43732	0.02670	0.18432	0.02306	0.01275	0.01887	0.00811	0.01520	0.00407	0.00341	0.00102	0.00559	0.00281	0.00237	0.00502

[dist]
# distance from previous block
# <min> <max>
0	3

[block]
# block no. 1 follows, 71 sequences, length 64
# corresponding to MSA columns:
# 34-97
name=unknown_B
#
# <colnr> <probs for GDERKNQSTAVLIFYWHMCP>
#	G	D	E	R	K	N	Q	S	T	A	V	L	I	F	Y	W	H	M	C	P
0	0.05530	0.12433	0.01176	0.03442	0.01157	0.29521	0.00700	0.27239	0.07878	0.06145	0.00818	0.00855	0.00620	0.00419	0.00346	0.00107	0.00493	0.00296	0.00284	0.00539
1	0.01052	0.78583	0.03444	0.00690	0.01012	0.08016	0.00677	0.01179	0.00804	0.00911	0.00541	0.00625	0.00492	0.00334	0.00256	0.00084	0.00435	0.00210	0.00167	0.00490
2	0.00470	0.00365	0.00429	0.00477	0.00553	0.00325	0.00342	0.00557	0.00808	0.01015	0.02926	0.43214	0.40135	0.01086	0.00475	0.00145	0.00217	0.05785	0.00356	0.00320
3	0.01038	0.00901	0.01044	0.00885	0.01045	0.02614	0.00718	0.21381	0.31375	0.01538	0.01006	0.01086	0.00793	0.00600	0.02254	0.00148	0.30351	0.00374	0.00304	0.00544
4	0.00815	0.00808	0.01225	0.03913	0.08493	0.01044	0.07220	0.00935	0.00657	0.00983	0.00700	0.08819	0.00708	0.00654	0.01017	0.00158	0.60812	0.00416	0.00189	0.00434
5	0.00477	0.00341	0.00456	0.00545	0.00572	0.00320	0.00373	0.00551	0.00744	0.00990	0.02108	0.80938	0.02514	0.01192	0.00492	0.00157	0.00231	0.06330	0.00356	0.00314
6	0.00946	0.00871	0.01245	0.01660	0.47759	0.02076	0.00921	0.02674	0.31329	0.01384	0.01088	0.04540	0.00891	0.00444	0.00387	0.00121	0.00393	0.00404	0.00273	0.00594
7	0.89233	0.00741	0.00564	0.00504	0.00741	0.00860	0.00415	0.01127	0.00653	0.01720	0.00534	0.00623	0.00415	0.00356	0.00237	0.00119	0.00297	0.00208	0.00237	0.00415
8	0.01072	0.00802	0.00907	0.00780	0.02277	0.00894	0.00611	0.34792	0.22761	0.04177	0.03178	0.01303	0.00965	0.04386	0.16969	0.00227	0.00493	0.00399	0.02458	0.00548
9	0.00554	0.00370	0.00419	0.00423	0.00424	0.00369	0.00237	0.00557	0.00565	0.00753	0.01244	0.05864	0.01440	0.83108	0.01893	0.00363	0.00366	0.00579	0.00237	0.00235
10	0.00689	0.00597	0.00883	0.04656	0.14221	0.03607	0.08344	0.00834	0.00834	0.03530	0.10205	0.28968	0.10338	0.03922	0.05081	0.00168	0.01736	0.00688	0.00295	0.00405
11	0.89233	0.00741	0.00564	0.00504	0.00741	0.00860	0.00415	0.01127	0.00653	0.01720	0.00534	0.00623	0.00415	0.00356	0.00237	0.00119	0.00297	0.00208	0.00237	0.00415
12	0.00795	0.00681	0.00795	0.00568	0.00909	0.00511	0.00454	0.00965	0.00795	0.01249	0.00681	0.00795	0.00568	0.00284	0.00284	0.00057	0.00284	0.00227	0.00227	0.88869
13	0.00813	0.00796	0.07350	0.03325	0.01032	0.00574	0.00558	0.03703	0.00829	0.01277	0.00690	0.00808	0.00562	0.00299	0.00297	0.00066	0.00318	0.00239	0.00225	0.76240
14	0.65947	0.18313	0.05930	0.00571	0.00846	0.00996	0.00525	0.01137	0.00688	0.01523	0.00543	0.00633	0.00435	0.00351	0.00247	0.00111	0.00336	0.00212	0.00218	0.00440
15	0.00954	0.00824	0.00867	0.00780	0.00997	0.00954	0.00607	0.02037	0.83441	0.01604	0.01561	0.01431	0.01170	0.00520	0.00390	0.00130	0.00303	0.00433	0.00390	0.00607
16	0.00795	0.00681	0.00795	0.00568	0.00909	0.00511	0.00454	0.00965	0.00795	0.01249	0.00681	0.00795	0.00568	0.00284	0.00284	0.00057	0.00284	0.00227	0.00227	0.88869
17	0.00548	0.00410	0.00610	0.00610	0.00677	0.00476	0.00472	0.00681	0.00614	0.00886	0.01033	0.01537	0.00972	0.05434	0.82465	0.00609	0.01007	0.00415	0.00206	0.00339
18	0.00811	0.05837	0.59946	0.01113	0.01582	0.00941	0.11495	0.01183	0.00800	0.02238	0.00694	0.00854	0.00517	0.00445	0.02473	0.00136	0.07913	0.00310	0.00172	0.00540
19	0.61792	0.00950	0.00780	0.02091	0.09884	0.15590	0.00570	0.01198	0.00753	0.01511	0.00566	0.00679	0.00452	0.00366	0.00287	0.00115	0.01517	0.00233	0.00223	0.00441
20	0.89233	0.00741	0.00564	0.00504	0.00741	0.00860	0.00415	0.01127	0.00653	0.01720	0.00534	0.00623	0.00415	0.00356	0.00237	0.00119	0.00297	0.00208	0.00237	0.00415
21	0.00752	0.00661	0.00989	0.05111	0.28644	0.01736	0.03829	0.01032	0.10672	0.02186	0.14461	0.22554	0.04425	0.00670	0.00425	0.00129	0.00339	0.00613	0.00300	0.00472
22	0.00557	0.00373	0.00424	0.00424	0.00426	0.00375	0.00240	0.00561	0.00559	0.00748	0.01203	0.02478	0.01381	0.83966	0.04492	0.00379	0.00392	0.00553	0.00232	0.00236
23	0.00681	0.00696	0.05705	0.00960	0.10415	0.00600	0.17552	0.02838	0.02489	0.01277	0.21998	0.04819	0.24825	0.00675	0.00440	0.00127	0.00348	0.02813	0.00310	0.00432
24	0.00532	0.00391	0.00497	0.00471	0.00566	0.00357	0.00353	0.00702	0.01059	0.01476	0.74089	0.02966	0.13498	0.00807	0.00452	0.00122	0.00183	0.00708	0.00414	0.00357
25	0.01099	0.76634	0.01883	0.00668	0.00989	0.03856	0.00650	0.01223	0.00816	0.08327	0.00622	0.00679	0.00533	0.00343	0.00261	0.00086	0.00411	0.00222	0.00193	0.00505
26	0.00453	0.00388	0.00388	0.00388	0.00518	0.00324	0.00291	0.00550	0.00874	0.01036	0.03884	0.03690	0.83978	0.00971	0.00453	0.00129	0.00194	0.00809	0.00356	0.00324
27	0.00981	0.12703	0.23030	0.01236	0.13335	0.15454	0.14183	0.01338	0.10014	0.01183	0.02493	0.00931	0.00662	0.00381	0.00367	0.00113	0.00527	0.00328	0.00208	0.00534
28	0.00490	0.00390	0.00439	0.00427	0.00540	0.00339	0.00320	0.00621	0.00960	0.01240	0.36413	0.03354	0.51321	0.00895	0.00453	0.00126	0.00189	0.00762	0.00383	0.00339
29	0.00795	0.00681	0.00795	0.00568	0.00909	0.00511	0.00454	0.00965	0.00795	0.01249	0.00681	0.00795	0.00568	0.00284	0.00284	0.00057	0.00284	0.00227	0.00227	0.88869
30	0.01045	0.06587	0.02520	0.00859	0.01062	0.26185	0.05934	0.12170	0.04080	0.02447	0.05238	0.05480	0.01237	0.00624	0.00412	0.00127	0.00473	0.21382	0.00289	0.01850
31	0.00883	0.12451	0.66232	0.01009	0.01517	0.03604	0.01246	0.01258	0.00833	0.06528	0.00719	0.00813	0.00517	0.00368	0.00350	0.00116	0.00536	0.00279	0.00183	0.00559
32	0.00548	0.00411	0.00616	0.00616	0.00685	0.00479	0.00479	0.00685	0.00616	0.00890	0.01027	0.01506	0.00959	0.02876	0.85006	0.00616	0.01027	0.00411	0.00205	0.00342
33	0.00795	0.00681	0.00795	0.00568	0.00909	0.00511	0.00454	0.00965	0.00795	0.01249	0.00681	0.00795	0.00568	0.00284	0.00284	0.00057	0.00284	0.00227	0.00227	0.88869
34	0.00557	0.00374	0.00428	0.00428	0.00431	0.00377	0.00244	0.00564	0.00560	0.00751	0.01199	0.02460	0.01373	0.82405	0.06042	0.00384	0.00404	0.00550	0.00231	0.00238
35	0.00949	0.00908	0.01535	0.02306	0.81620	0.00912	0.01159	0.01203	0.03369	0.01263	0.00747	0.00964	0.00624	0.00347	0.00380	0.00114	0.00451	0.00344	0.00196	0.00607
36	0.00795	0.00681	0.00795	0.00568	0.00909	0.00511	0.00454	0.00965	0.00795	0.01249	0.00681	0.00795	0.00568	0.00284	0.00284	0.00057	0.00284	0.00227	0.00227	0.88869
37	0.00795	0.00681	0.00795	0.00568	0.00909	0.00511	0.00454	0.00965	0.00795	0.01249	0.00681	0.00795	0.00568	0.00284	0.00284	0.00057	0.00284	0.00227	0.00227	0.88869
38	0.00798	0.00774	0.01379	0.02843	0.32233	0.00752	0.22750	0.01013	0.00887	0.02201	0.08010	0.05419	0.15183	0.00536	0.00445	0.00125	0.02471	0.01439	0.00250	0.00492
39	0.00617	0.00437	0.00605	0.00686	0.00774	0.00435	0.00596	0.00794	0.00889	0.01173	0.05637	0.04173	0.02232	0.01028	0.00518	0.00171	0.00340	0.75514	0.03025	0.00354
40	0.00940	0.00921	0.01629	0.03659	0.73551	0.00917	0.10335	0.01179	0.00875	0.01245	0.00727	0.00960	0.00603	0.00340	0.00388	0.00116	0.00478	0.00354	0.00190	0.00594
41	0.00558	0.00372	0.00418	0.00418	0.00418	0.00372	0.00232	0.00558	0.00558	0.00743	0.01208	0.02509	0.01394	0.86525	0.01952	0.00372	0.00372	0.00558	0.00232	0.00232
42	0.00927	0.50041	0.04042	0.00702	0.02464	0.01169	0.00636	0.04494	0.04064	0.03289	0.01140	0.07095	0.10822	0.00513	0.00388	0.00106	0.07033	0.00375	0.00228	0.00473
43	0.01012	0.00913	0.00896	0.00801	0.01020	0.07518	0.00623	0.05429	0.73551	0.01587	0.01458	0.01351	0.01096	0.00508	0.00386	0.00127	0.00339	0.00415	0.00375	0.00596
44	0.00928	0.00887	0.01499	0.07811	0.75388	0.00891	0.01140	0.01155	0.00863	0.01234	0.00717	0.00948	0.00599	0.00342	0.00376	0.00113	0.00452	0.00337	0.00190	0.04130
45	0.00509	0.00391	0.00466	0.00447	0.00552	0.00348	0.00335	0.00659	0.01006	0.01350	0.54059	0.03172	0.33607	0.00854	0.00453	0.00124	0.00186	0.00737	0.00397	0.00348
46	0.00548	0.00409	0.00609	0.00609	0.00675	0.00475	0.00470	0.00680	0.00614	0.00885	0.01034	0.01543	0.00974	0.05924	0.81979	0.00607	0.01003	0.00416	0.00206	0.00338
47	0.00839	0.00839	0.01174	0.01007	0.01007	0.01174	0.00839	0.00923	0.00587	0.00923	0.00503	0.00839	0.00503	0.00671	0.01258	0.00168	0.85823	0.00336	0.00168	0.00419
48	0.00795	0.00681	0.00795	0.00568	0.00909	0.00511	0.00454	0.00965	0.00795	0.01249	0.00681	0.00795	0.00568	0.00284	0.00284	0.00057	0.00284	0.00227	0.00227	0.88869
49	0.01432	0.01827	0.01087	0.00988	0.01185	0.84986	0.00741	0.01531	0.01087	0.00938	0.00593	0.00691	0.00494	0.00395	0.00346	0.00099	0.00691	0.00247	0.00198	0.00444
50	0.00465	0.00389	0.00405	0.00401	0.00525	0.00329	0.00301	0.00574	0.00903	0.01104	0.14771	0.03578	0.73049	0.00946	0.00453	0.00128	0.00192	0.00793	0.00365	0.00329
51	0.01458	0.01074	0.01151	0.00882	0.01189	0.01189	0.00729	0.82855	0.01803	0.02416	0.00921	0.00921	0.00652	0.00460	0.00384	0.00115	0.00422	0.00345	0.00384	0.00652
52	0.01458	0.01074	0.01151	0.00882	0.01189	0.01189	0.00729	0.82855	0.01803	0.02416	0.00921	0.00921	0.00652	0.00460	0.00384	0.00115	0.00422	0.00345	0.00384	0.00652
53	0.00617	0.00523	0.00870	0.00714	0.00865	0.00486	0.17202	0.00827	0.01048	0.01474	0.66932	0.02490	0.02997	0.00690	0.00452	0.00122	0.00276	0.00644	0.00375	0.00394
54	0.00954	0.00824	0.00867	0.00780	0.00997	0.00954	0.00607	0.02037	0.83441	0.01604	0.01561	0.01431	0.01170	0.00520	0.00390	0.00130	0.00303	0.00433	0.00390	0.00607
55	0.89233	0.00741	0.00564	0.00504	0.00741	0.00860	0.00415	0.01127	0.00653	0.01720	0.00534	0.00623	0.00415	0.00356	0.00237	0.00119	0.00297	0.00208	0.00237	0.00415
56	0.01720	0.00653	0.00890	0.00682	0.00979	0.00564	0.00564	0.01869	0.01097	0.84399	0.01513	0.01305	0.00949	0.00475	0.00386	0.00119	0.00326	0.00386	0.00475	0.00653
57	0.00453	0.00388	0.00388	0.00388	0.00518	0.00324	0.00291	0.00550	0.00874	0.01036	0.03884	0.03690	0.83978	0.00971	0.00453	0.00129	0.00194	0.00809	0.00356	0.00324
58	0.00715	0.00357	0.00357	0.00357	0.00447	0.00357	0.00268	0.00893	0.00804	0.01429	0.01251	0.01429	0.00983	0.00447	0.00268	0.00089	0.00179	0.00357	0.88654	0.00357
59	0.00467	0.00334	0.00445	0.00534	0.00556	0.00311	0.00356	0.00534	0.00734	0.00979	0.02113	0.86275	0.02536	0.01201	0.00489	0.00156	0.00222	0.01090	0.00356	0.00311
60	0.01043	0.82992	0.01968	0.00671	0.00993	0.05216	0.00660	0.01165	0.00793	0.00904	0.00536	0.00618	0.00492	0.00331	0.00250	0.00083	0.00423	0.00207	0.00166	0.00490
61	0.00464	0.00397	0.00398	0.00397	0.00528	0.00337	0.00298	0.00581	0.02587	0.01048	0.03836	0.03643	0.82260	0.00962	0.00452	0.00129	0.00196	0.00801	0.00357	0.00330
62	0.00467	0.00334	0.00445	0.00534	0.00556	0.00311	0.00356	0.00534	0.00734	0.00979	0.02113	0.86275	0.02536	0.01201	0.00489	0.00156	0.00222	0.01090	0.00356	0.00311
63	0.00964	0.00914	0.01531	0.02278	0.79993	0.00920	0.01152	0.03662	0.02523	0.01295	0.00744	0.00958	0.00620	0.00349	0.00380	0.00114	0.00452	0.00344	0.00200	0.00609

[dist]
# distance from previous block
# <min> <max>
0	12

[block]
# block no. 2 follows, 71 sequences, length 60
# corresponding to MSA columns:
# 110-169
name=unknown_C
#
# <colnr> <probs for GDERKNQSTAVLIFYWHMCP>
#	G	D	E	R	K	N	Q	S	T	A	V	L	I	F	Y	W	H	M	C	P
0	0.04386	0.37304	0.01469	0.05700	0.03144	0.40139	0.00722	0.01316	0.00919	0.00961	0.00574	0.00682	0.00494	0.00364	0.00303	0.00094	0.00543	0.00236	0.00183	0.00466
1	0.01554	0.00720	0.00996	0.00935	0.12806	0.00667	0.00661	0.05865	0.05807	0.63717	0.01373	0.01242	0.00898	0.00458	0.00385	0.00118	0.00348	0.00380	0.00425	0.00643
2	0.00666	0.00333	0.00500	0.00500	0.00500	0.00333	0.00333	0.00500	0.00500	0.00666	0.00666	0.01166	0.00666	0.01332	0.01499	0.88844	0.00333	0.00333	0.00167	0.00167
3	0.01227	0.00959	0.01021	0.00835	0.01101	0.01081	0.00673	0.45801	0.39233	0.02044	0.01214	0.01154	0.00890	0.00488	0.00387	0.00122	0.00368	0.00386	0.00387	0.00631
4	0.00795	0.00681	0.00795	0.00568	0.00909	0.00511	0.00454	0.00965	0.00795	0.01249	0.00681	0.00795	0.00568	0.00284	0.00284	0.00057	0.00284	0.00227	0.00227	0.88869
5	0.00499	0.00390	0.00453	0.00437	0.00546	0.00343	0.00328	0.00640	0.00983	0.01296	0.45318	0.03262	0.42382	0.00874	0.00453	0.00125	0.00187	0.00749	0.00390	0.00343
6	0.00471	0.00356	0.00440	0.00495	0.00551	0.00329	0.00343	0.00550	0.00761	0.00983	0.02521	0.54026	0.25910	0.03511	0.06686	0.00187	0.00277	0.00945	0.00342	0.00315
7	0.00954	0.00824	0.00867	0.00780	0.00997	0.00954	0.00607	0.02037	0.83441	0.01604	0.01561	0.01431	0.01170	0.00520	0.00390	0.00130	0.00303	0.00433	0.00390	0.00607
8	0.00467	0.00335	0.00443	0.00530	0.00555	0.00312	0.00354	0.00534	0.00738	0.00980	0.02158	0.84207	0.04575	0.01195	0.00488	0.00155	0.00222	0.01083	0.00356	0.00312
9	0.00939	0.00972	0.06299	0.02281	0.79420	0.00910	0.01190	0.01179	0.00869	0.01250	0.00719	0.00941	0.00600	0.00343	0.00379	0.00114	0.00462	0.00338	0.00188	0.00605
10	0.01432	0.01061	0.01136	0.00877	0.01179	0.01177	0.00723	0.78778	0.05921	0.02375	0.00953	0.00946	0.00678	0.00463	0.00384	0.00116	0.00416	0.00350	0.00384	0.00650
11	0.01346	0.00842	0.00959	0.00766	0.01032	0.00890	0.00622	0.36735	0.17477	0.24834	0.07936	0.01292	0.01081	0.00502	0.00389	0.00119	0.00349	0.00402	0.01811	0.00615
12	0.00474	0.00339	0.00453	0.00542	0.00567	0.00317	0.00368	0.00546	0.00741	0.00987	0.02109	0.82501	0.02521	0.01195	0.00491	0.00157	0.00228	0.04795	0.00356	0.00313
13	0.00463	0.00400	0.00429	0.00418	0.00550	0.00337	0.01992	0.00564	0.00870	0.01038	0.03762	0.06338	0.79594	0.00965	0.00454	0.00130	0.00204	0.00811	0.00353	0.00327
14	0.01458	0.01074	0.01151	0.00882	0.01189	0.01189	0.00729	0.82855	0.01803	0.02416	0.00921	0.00921	0.00652	0.00460	0.00384	0.00115	0.00422	0.00345	0.00384	0.00652
15	0.00467	0.00334	0.00445	0.00534	0.00556	0.00311	0.00356	0.00534	0.00734	0.00979	0.02113	0.86275	0.02536	0.01201	0.00489	0.00156	0.00222	0.01090	0.00356	0.00311
16	0.00905	0.01034	0.02262	0.01616	0.02004	0.00970	0.82741	0.01228	0.00905	0.01228	0.00776	0.01034	0.00582	0.00323	0.00452	0.00129	0.00646	0.00452	0.00194	0.00517
17	0.01473	0.00855	0.01065	0.00821	0.01111	0.00868	0.05326	0.40128	0.01399	0.35744	0.01226	0.06254	0.00883	0.00503	0.00395	0.00120	0.00384	0.00413	0.00408	0.00624
18	0.00467	0.00334	0.00445	0.00534	0.00556	0.00311	0.00356	0.00534	0.00734	0.00979	0.02113	0.86275	0.02536	0.01201	0.00489	0.00156	0.00222	0.01090	0.00356	0.00311
19	0.00472	0.00336	0.00444	0.00528	0.00549	0.00314	0.00350	0.00535	0.00725	0.00967	0.02068	0.82118	0.02479	0.05435	0.00562	0.00166	0.00230	0.01064	0.00350	0.00308
20	0.00882	0.01033	0.06810	0.01484	0.01857	0.00915	0.71369	0.01200	0.00891	0.01244	0.00809	0.01054	0.00609	0.00336	0.00432	0.00126	0.00604	0.00435	0.07403	0.00507
21	0.01366	0.03770	0.05318	0.00861	0.01169	0.01140	0.00738	0.71844	0.01667	0.02249	0.00928	0.02267	0.00681	0.00462	0.00376	0.00114	0.00417	0.00350	0.03659	0.00626
22	0.00862	0.00679	0.00802	0.00576	0.00914	0.00515	0.00462	0.01031	0.00817	0.07275	0.00742	0.00832	0.00596	0.00298	0.00291	0.00061	0.00287	0.00239	0.00245	0.82476
23	0.00783	0.01862	0.77694	0.01045	0.01581	0.00852	0.01333	0.01201	0.00822	0.03816	0.00874	0.00969	0.04687	0.00398	0.00369	0.00122	0.00540	0.00313	0.00181	0.00557
24	0.00824	0.00681	0.00798	0.00571	0.00911	0.00513	0.00458	0.00994	0.00805	0.03859	0.00708	0.00811	0.00580	0.00290	0.00287	0.00059	0.00285	0.00232	0.00235	0.86101
25	0.01335	0.09313	0.01154	0.00908	0.01142	0.49104	0.00712	0.17903	0.12381	0.01322	0.00784	0.00831	0.00617	0.00419	0.00350	0.00105	0.00559	0.00288	0.00258	0.00513
26	0.01034	0.85001	0.01990	0.00663	0.00988	0.03242	0.00658	0.01156	0.00785	0.00903	0.00534	0.00617	0.00492	0.00329	0.00248	0.00082	0.00416	0.00206	0.00165	0.00491
27	0.00795	0.00681	0.00795	0.00568	0.00909	0.00511	0.00454	0.00965	0.00795	0.01249	0.00681	0.00795	0.00568	0.00284	0.00284	0.00057	0.00284	0.00227	0.00227	0.88869
28	0.00905	0.01034	0.02262	0.01616	0.02004	0.00970	0.82741	0.01228	0.00905	0.01228	0.00776	0.01034	0.00582	0.00323	0.00452	0.00129	0.00646	0.00452	0.00194	0.00517
29	0.01025	0.86756	0.02009	0.00656	0.00984	0.01517	0.00656	0.01148	0.00779	0.00902	0.00533	0.00615	0.00492	0.00328	0.00246	0.00082	0.00410	0.00205	0.00164	0.00492
30	0.01720	0.00653	0.00890	0.00682	0.00979	0.00564	0.00564	0.01869	0.01097	0.84399	0.01513	0.01305	0.00949	0.00475	0.00386	0.00119	0.00326	0.00386	0.00475	0.00653
31	0.00777	0.01707	0.63686	0.01155	0.01661	0.00873	0.17210	0.01179	0.00832	0.01207	0.00888	0.01018	0.05276	0.00391	0.00387	0.00123	0.00561	0.00346	0.00179	0.00543
32	0.00543	0.00392	0.00513	0.00482	0.00573	0.00362	0.00362	0.00724	0.01085	0.01538	0.83931	0.02864	0.03618	0.00784	0.00452	0.00121	0.00181	0.00693	0.00422	0.00362
33	0.01720	0.00653	0.00890	0.00682	0.00979	0.00564	0.00564	0.01869	0.01097	0.84399	0.01513	0.01305	0.00949	0.00475	0.00386	0.00119	0.00326	0.00386	0.00475	0.00653
34	0.00998	0.01056	0.06355	0.02839	0.44763	0.06537	0.19469	0.04862	0.05075	0.03123	0.00791	0.00975	0.00624	0.00360	0.00394	0.00118	0.00509	0.00363	0.00214	0.00575
35	0.00736	0.00695	0.00953	0.00834	0.00864	0.00912	0.00682	0.00842	0.00721	0.01067	0.18979	0.03847	0.07287	0.00732	0.01003	0.00154	0.58584	0.00469	0.00242	0.00397
36	0.00549	0.00404	0.00584	0.00584	0.00642	0.00462	0.00439	0.00664	0.00607	0.00866	0.01056	0.01668	0.01029	0.16381	0.71597	0.00577	0.00921	0.00435	0.00210	0.00325
37	0.00479	0.00359	0.00446	0.00505	0.00564	0.00327	0.00358	0.00568	0.00802	0.01038	0.07253	0.53728	0.24164	0.01106	0.00481	0.00148	0.00222	0.06772	0.00360	0.00321
38	0.01115	0.04164	0.01256	0.15503	0.24119	0.04898	0.00891	0.29953	0.11386	0.01631	0.00875	0.00986	0.00667	0.00414	0.00376	0.00117	0.00443	0.00345	0.00279	0.00581
39	0.01094	0.66504	0.01817	0.00813	0.05773	0.16564	0.00701	0.01219	0.00840	0.00929	0.00555	0.00648	0.00499	0.00341	0.00272	0.00087	0.00463	0.00220	0.00172	0.00490
40	0.00794	0.00742	0.01205	0.33724	0.36242	0.00786	0.00973	0.01012	0.00820	0.01122	0.00989	0.04399	0.06807	0.00431	0.00382	0.00117	0.00433	0.00394	0.00204	0.08423
41	0.01133	0.11962	0.20138	0.03755	0.21543	0.04195	0.02701	0.04735	0.01912	0.21260	0.00893	0.00957	0.00647	0.00386	0.00360	0.00112	0.00452	0.00319	0.00260	0.02281
42	0.27152	0.01022	0.11259	0.04811	0.08596	0.00971	0.00760	0.32775	0.01168	0.04030	0.03481	0.00900	0.00656	0.00414	0.00340	0.00118	0.00400	0.00309	0.00290	0.00548
43	0.00557	0.00374	0.00431	0.00431	0.00436	0.00379	0.00249	0.00566	0.00561	0.00753	0.01196	0.02442	0.01365	0.80950	0.07487	0.00388	0.00415	0.00548	0.00231	0.00240
44	0.01161	0.27388	0.17626	0.00858	0.01172	0.30029	0.00814	0.03320	0.03002	0.07324	0.00715	0.00821	0.00576	0.03198	0.00377	0.00110	0.00528	0.00269	0.00212	0.00501
45	0.00898	0.07608	0.29477	0.12719	0.29749	0.04917	0.01145	0.04753	0.00878	0.01207	0.00727	0.02906	0.00588	0.00382	0.00366	0.00116	0.00501	0.00325	0.00189	0.00548
46	0.00948	0.00862	0.03605	0.00791	0.01019	0.00952	0.00633	0.02010	0.80736	0.01591	0.01532	0.01410	0.01148	0.00515	0.00389	0.00130	0.00312	0.00429	0.00383	0.00606
47	0.01720	0.00653	0.00890	0.00682	0.00979	0.00564	0.00564	0.01869	0.01097	0.84399	0.01513	0.01305	0.00949	0.00475	0.00386	0.00119	0.00326	0.00386	0.00475	0.00653
48	0.01405	0.00707	0.01027	0.13725	0.13627	0.00684	0.00733	0.01643	0.06401	0.54025	0.01273	0.01218	0.00847	0.00444	0.00385	0.00120	0.00372	0.00375	0.00381	0.00609
49	0.00639	0.00672	0.10204	0.00753	0.03560	0.02780	0.04354	0.04670	0.00778	0.01064	0.02586	0.33712	0.01511	0.05722	0.24843	0.00289	0.00549	0.00659	0.00270	0.00385
50	0.00666	0.00333	0.00500	0.00500	0.00500	0.00333	0.00333	0.00500	0.00500	0.00666	0.00666	0.01166	0.00666	0.01332	0.01499	0.88844	0.00333	0.00333	0.00167	0.00167
51	0.00989	0.00816	0.00868	0.00776	0.00996	0.00936	0.00605	0.02030	0.79649	0.05416	0.01558	0.01425	0.01160	0.00518	0.00390	0.00130	0.00304	0.00431	0.00394	0.00609
52	0.00911	0.00964	0.08301	0.11615	0.49676	0.00886	0.12397	0.01188	0.03118	0.03406	0.00780	0.01027	0.00631	0.02928	0.00436	0.00126	0.00487	0.00362	0.00200	0.00561
53	0.00648	0.00541	0.00675	0.02996	0.09828	0.00545	0.00516	0.02884	0.16120	0.01206	0.04917	0.21790	0.28633	0.00844	0.00443	0.00136	0.00274	0.06243	0.00342	0.00418
54	0.00559	0.00426	0.00633	0.00626	0.00691	0.00503	0.00487	0.00691	0.00614	0.00888	0.01011	0.01503	0.00951	0.04638	0.80049	0.00594	0.04177	0.00411	0.00205	0.00343
55	0.01720	0.00653	0.00890	0.00682	0.00979	0.00564	0.00564	0.01869	0.01097	0.84399	0.01513	0.01305	0.00949	0.00475	0.00386	0.00119	0.00326	0.00386	0.00475	0.00653
56	0.09123	0.03623	0.01947	0.00771	0.02325	0.08375	0.02558	0.27254	0.08479	0.03356	0.00969	0.01025	0.03393	0.00511	0.03500	0.00121	0.00408	0.00324	0.03575	0.18363
57	0.10440	0.19428	0.06367	0.00773	0.03714	0.14997	0.00652	0.04238	0.00895	0.08348	0.02553	0.04283	0.01670	0.00438	0.00347	0.00102	0.02447	0.03027	0.00245	0.15035
58	0.21377	0.11390	0.15513	0.01920	0.08032	0.15629	0.02752	0.03294	0.04037	0.03193	0.03494	0.00849	0.00636	0.00385	0.00333	0.00109	0.01468	0.00281	0.00223	0.05083
59	0.13951	0.21350	0.07332	0.03495	0.03643	0.12438	0.04475	0.09126	0.07389	0.05786	0.02369	0.01922	0.01594	0.00432	0.01181	0.00113	0.00441	0.00307	0.00248	0.02407

[dist]
# distance from previous block
# <min> <max>
0	63

[block]
# block no. 3 follows, 71 sequences, length 39
# corresponding to MSA columns:
# 233-271
name=unknown_D
#
# <colnr> <probs for GDERKNQSTAVLIFYWHMCP>
#	G	D	E	R	K	N	Q	S	T	A	V	L	I	F	Y	W	H	M	C	P
0	0.00819	0.16165	0.42588	0.03222	0.01427	0.04793	0.10611	0.01121	0.00824	0.01122	0.03352	0.08968	0.00805	0.02075	0.00398	0.00123	0.00505	0.00383	0.00195	0.00502
1	0.04640	0.04190	0.00830	0.00640	0.00876	0.00655	0.00520	0.10589	0.07440	0.40213	0.09060	0.05202	0.08154	0.00565	0.00385	0.00119	0.00302	0.00463	0.04608	0.00551
2	0.01161	0.14321	0.13594	0.01718	0.09801	0.01781	0.05347	0.03935	0.00924	0.28206	0.01006	0.04913	0.00767	0.00484	0.01682	0.00123	0.05389	0.00362	0.00289	0.04198
3	0.00568	0.00411	0.00580	0.03882	0.07103	0.00396	0.00456	0.00663	0.00764	0.04436	0.01984	0.64549	0.06912	0.01132	0.04089	0.00168	0.00288	0.00930	0.00335	0.00355
4	0.04705	0.05497	0.00779	0.00663	0.00776	0.00601	0.03881	0.04266	0.00694	0.01012	0.01002	0.04565	0.00937	0.02340	0.65888	0.00503	0.00886	0.00414	0.00217	0.00374
5	0.79307	0.00818	0.00612	0.00549	0.00783	0.06486	0.00446	0.01196	0.04489	0.01663	0.00585	0.00665	0.00455	0.00366	0.00252	0.00118	0.00323	0.00221	0.00242	0.00426
6	0.00455	0.00382	0.00395	0.00406	0.00523	0.00322	0.00299	0.00548	0.00857	0.01029	0.03670	0.13663	0.74143	0.00999	0.00458	0.00133	0.00198	0.00843	0.00356	0.00322
7	0.01020	0.58044	0.19857	0.00783	0.01155	0.04951	0.00831	0.07484	0.00878	0.01088	0.00599	0.00684	0.00503	0.00349	0.00287	0.00094	0.00457	0.00235	0.00182	0.00519
8	0.00958	0.10767	0.09795	0.10939	0.09041	0.02770	0.07610	0.16883	0.01014	0.02872	0.00991	0.04974	0.05513	0.00446	0.00377	0.00110	0.01568	0.00375	0.01047	0.11951
9	0.04636	0.19025	0.16513	0.00888	0.04978	0.06389	0.02960	0.10719	0.02854	0.24615	0.02277	0.00965	0.00708	0.00408	0.00347	0.00110	0.00433	0.00315	0.00292	0.00569
10	0.00801	0.00529	0.00628	0.00598	0.00734	0.00528	0.00447	0.05817	0.16774	0.13125	0.09173	0.34251	0.13329	0.00856	0.00441	0.00136	0.00257	0.00747	0.00387	0.00443
11	0.00539	0.00391	0.00495	0.00486	0.00578	0.00360	0.00370	0.00701	0.01010	0.01400	0.58293	0.07359	0.14827	0.00843	0.00454	0.00127	0.00200	0.07626	0.03587	0.00353
12	0.02797	0.17776	0.22730	0.02714	0.07771	0.03459	0.16685	0.06864	0.07961	0.04108	0.01930	0.00936	0.00649	0.00379	0.00361	0.00114	0.00489	0.00331	0.01403	0.00543
13	0.04121	0.00889	0.10378	0.00965	0.03369	0.03423	0.21698	0.07444	0.02736	0.01301	0.10194	0.07264	0.16404	0.00612	0.00469	0.00130	0.04860	0.03008	0.00279	0.00456
14	0.00548	0.00373	0.00423	0.00427	0.00438	0.00369	0.00249	0.00561	0.00589	0.00777	0.01421	0.05134	0.06949	0.75786	0.03175	0.00351	0.00366	0.01573	0.00245	0.00244
15	0.00734	0.01251	0.43707	0.00839	0.01193	0.00679	0.02015	0.01933	0.04425	0.05137	0.16821	0.08555	0.08033	0.00589	0.00406	0.00126	0.00408	0.02387	0.00274	0.00489
16	0.04909	0.13404	0.01220	0.00862	0.01132	0.29483	0.03819	0.21791	0.02060	0.16483	0.00848	0.00867	0.00623	0.00413	0.00348	0.00106	0.00497	0.00299	0.00293	0.00544
17	0.00738	0.00664	0.01188	0.01179	0.12873	0.00646	0.22780	0.00958	0.00883	0.01180	0.01510	0.05064	0.01552	0.00764	0.00487	0.00154	0.00443	0.46216	0.00287	0.00432
18	0.83342	0.00753	0.00630	0.00628	0.06307	0.00864	0.00466	0.01130	0.00667	0.01689	0.00546	0.00645	0.00428	0.00355	0.00247	0.00118	0.00307	0.00217	0.00234	0.00428
19	0.00556	0.00376	0.00441	0.00441	0.00449	0.00384	0.00261	0.00572	0.00564	0.00761	0.01187	0.02392	0.01343	0.76723	0.11684	0.00400	0.00449	0.00540	0.00229	0.00245
20	0.04294	0.13978	0.19770	0.00881	0.06518	0.04751	0.01649	0.06955	0.05718	0.04911	0.00759	0.00841	0.00589	0.00355	0.00323	0.00095	0.00413	0.00274	0.00231	0.26695
21	0.00811	0.00867	0.07797	0.33331	0.29749	0.00846	0.06505	0.01100	0.04452	0.01137	0.00805	0.04089	0.00667	0.00492	0.03627	0.00141	0.00501	0.00375	0.00197	0.02510
22	0.01037	0.38413	0.06260	0.00754	0.01037	0.07180	0.03265	0.11211	0.05059	0.03298	0.02086	0.00908	0.00666	0.04387	0.00463	0.04020	0.02853	0.00289	0.00225	0.06589
23	0.01008	0.08934	0.01526	0.06381	0.56773	0.04786	0.04408	0.03558	0.03465	0.04418	0.00760	0.00941	0.00617	0.00358	0.00369	0.00112	0.00462	0.00334	0.00210	0.00579
24	0.00567	0.00450	0.00496	0.00470	0.00602	0.00418	0.00357	0.02231	0.09405	0.02386	0.28316	0.03123	0.48073	0.00851	0.00444	0.00126	0.00207	0.00721	0.00382	0.00375
25	0.00577	0.00404	0.00478	0.00456	0.00574	0.00355	0.00343	0.00711	0.00971	0.06816	0.37673	0.07980	0.39511	0.00872	0.00450	0.00126	0.00199	0.00748	0.00392	0.00361
26	0.02258	0.10979	0.40199	0.00928	0.01340	0.00875	0.06975	0.04373	0.03854	0.10964	0.00899	0.05595	0.00713	0.02047	0.00391	0.00120	0.00466	0.00351	0.00235	0.06440
27	0.02405	0.00477	0.00604	0.00550	0.00683	0.00456	0.00429	0.02303	0.06577	0.12695	0.58015	0.02592	0.03835	0.00732	0.00439	0.00125	0.00226	0.06017	0.00418	0.00422
28	0.00485	0.00348	0.00457	0.00532	0.00565	0.00326	0.00365	0.00564	0.00760	0.01012	0.06707	0.69005	0.05456	0.05383	0.00561	0.00165	0.00235	0.06408	0.00353	0.00314
29	0.00770	0.00728	0.01211	0.57923	0.20440	0.00863	0.01044	0.01000	0.00777	0.01036	0.00740	0.04644	0.00619	0.00428	0.00446	0.00129	0.06187	0.00373	0.00182	0.00461
30	0.00818	0.07976	0.01300	0.52998	0.21775	0.00929	0.01027	0.01111	0.06317	0.01080	0.00737	0.00998	0.00576	0.00378	0.00371	0.00121	0.00476	0.00336	0.00189	0.00487
31	0.00605	0.00464	0.00576	0.00622	0.00668	0.03661	0.00457	0.00691	0.00765	0.04002	0.01863	0.60241	0.02156	0.01937	0.00572	0.00158	0.08237	0.11646	0.00335	0.00344
32	0.61776	0.10231	0.00888	0.00697	0.04698	0.08734	0.03614	0.01193	0.00738	0.03702	0.00583	0.00677	0.00460	0.00358	0.00267	0.00113	0.00367	0.00231	0.00228	0.00445
33	0.00482	0.00380	0.00443	0.00467	0.00560	0.00340	0.00346	0.00589	0.00853	0.01082	0.12707	0.24373	0.44863	0.01094	0.04087	0.00159	0.00246	0.06244	0.00357	0.00328
34	0.01009	0.06258	0.01501	0.01998	0.65175	0.00981	0.01063	0.10047	0.05768	0.01377	0.00780	0.00953	0.00638	0.00364	0.00372	0.00113	0.00440	0.00339	0.00221	0.00605
35	0.01126	0.01051	0.04668	0.07263	0.26942	0.08216	0.01791	0.27954	0.12564	0.01626	0.00893	0.00995	0.00684	0.00461	0.01962	0.00126	0.00465	0.00347	0.00279	0.00588
36	0.00579	0.00425	0.00538	0.00579	0.03799	0.00391	0.00412	0.00698	0.00857	0.03324	0.17704	0.17272	0.22530	0.11070	0.00639	0.00166	0.00262	0.14730	0.00345	0.03681
37	0.05648	0.18331	0.17179	0.06402	0.05791	0.14053	0.04627	0.14120	0.01002	0.04299	0.00722	0.00842	0.00562	0.00494	0.04234	0.00132	0.00525	0.00292	0.00224	0.00522
38	0.16178	0.12329	0.06532	0.00752	0.02802	0.02063	0.02169	0.17602	0.05286	0.06854	0.05983	0.02338	0.00914	0.00462	0.00343	0.00110	0.00366	0.05406	0.00292	0.11219

[dist]
# distance from previous block
# <min> <max>
4	9

[block]
# block no. 4 follows, 71 sequences, length 7
# corresponding to MSA columns:
# 281-287
name=unknown_E
#
# <colnr> <probs for GDERKNQSTAVLIFYWHMCP>
#	G	D	E	R	K	N	Q	S	T	A	V	L	I	F	Y	W	H	M	C	P
0	0.00908	0.00819	0.03104	0.24531	0.24075	0.00868	0.02520	0.14293	0.09078	0.01387	0.02675	0.01477	0.03112	0.00491	0.00403	0.00127	0.00434	0.08914	0.00261	0.00523
1	0.00487	0.00382	0.00440	0.00443	0.00543	0.00335	0.00326	0.00609	0.00928	0.01204	0.31822	0.15473	0.43764	0.00939	0.00458	0.00130	0.00194	0.00809	0.00379	0.00335
2	0.00574	0.00517	0.06832	0.00540	0.00655	0.00408	0.00427	0.00729	0.04811	0.04537	0.05837	0.37094	0.25206	0.09290	0.00601	0.00162	0.00262	0.00820	0.00339	0.00357
3	0.00954	0.17010	0.49140	0.01011	0.01465	0.09215	0.05440	0.09223	0.00933	0.01250	0.00678	0.00786	0.00509	0.00368	0.00348	0.00112	0.00541	0.00281	0.00189	0.00547
4	0.00908	0.01406	0.42812	0.05323	0.10306	0.00853	0.15247	0.03393	0.00899	0.09349	0.05187	0.01033	0.00731	0.00391	0.00389	0.00122	0.00518	0.00355	0.00221	0.00555
5	0.00465	0.00341	0.00437	0.00514	0.00551	0.00313	0.00347	0.00536	0.00753	0.00986	0.02349	0.75270	0.13388	0.01171	0.00485	0.00152	0.00219	0.01053	0.00356	0.00313
6	0.09208	0.09038	0.09537	0.00644	0.00795	0.00575	0.04127	0.00760	0.00761	0.01098	0.04151	0.52040	0.04054	0.00888	0.00424	0.00138	0.00301	0.00785	0.00300	0.00377

[dist]
# distance from previous block
# <min> <max>
0	6

# created by:
# /st0/software/busco_prod/Augustus/scripts/msa2prfl.pl ./align_prep/31320.fa
