[name]
unknown

[dist]
# distance from previous block
# <min> <max>
0	45

[block]
# block no. 0 follows, 63 sequences, length 14
# corresponding to MSA columns:
# 45-58
name=unknown_A
#
# <colnr> <probs for GDERKNQSTAVLIFYWHMCP>
#	G	D	E	R	K	N	Q	S	T	A	V	L	I	F	Y	W	H	M	C	P
0	0.00881	0.02916	0.01017	0.18936	0.08018	0.03197	0.00815	0.04263	0.17858	0.01389	0.04634	0.02424	0.03075	0.00704	0.00466	0.00150	0.00424	0.24847	0.00327	0.03658
1	0.00771	0.03081	0.05382	0.14843	0.03237	0.00701	0.03181	0.03880	0.09918	0.02480	0.22508	0.08495	0.13618	0.03006	0.00515	0.00145	0.01434	0.00623	0.00345	0.01839
2	0.01141	0.01222	0.05308	0.11315	0.36763	0.12087	0.14668	0.03370	0.04719	0.01387	0.00882	0.01130	0.00715	0.00452	0.00480	0.00142	0.02943	0.00404	0.00244	0.00629
3	0.00836	0.00495	0.00632	0.00565	0.00716	0.00449	0.00435	0.01041	0.03192	0.16827	0.55484	0.02894	0.13147	0.00814	0.00481	0.00133	0.00233	0.00706	0.00464	0.00458
4	0.05109	0.00885	0.14694	0.00768	0.01069	0.00634	0.00712	0.01525	0.02695	0.42294	0.06067	0.14094	0.04882	0.00668	0.00439	0.00139	0.00369	0.01945	0.00419	0.00592
5	0.00609	0.00417	0.00509	0.00509	0.00526	0.00435	0.00317	0.00644	0.00626	0.00852	0.01279	0.02496	0.01418	0.66207	0.21008	0.00470	0.00574	0.00574	0.00248	0.00283
6	0.00512	0.00366	0.00488	0.00585	0.00610	0.00341	0.00390	0.00585	0.00805	0.01073	0.02317	0.84952	0.02780	0.01317	0.00537	0.00171	0.00244	0.01195	0.00390	0.00341
7	0.84466	0.00809	0.00633	0.00561	0.00824	0.00929	0.00462	0.01271	0.00736	0.05387	0.00632	0.00715	0.00481	0.00396	0.00267	0.00130	0.00327	0.00236	0.00271	0.00467
8	0.00990	0.00959	0.00926	0.00700	0.01047	0.14573	0.00551	0.01163	0.00926	0.01312	0.00731	0.00853	0.00609	0.00332	0.00323	0.00070	0.00387	0.00253	0.00244	0.73053
9	0.01028	0.00957	0.16585	0.01034	0.11899	0.00687	0.02333	0.03508	0.00982	0.18616	0.06482	0.15342	0.01328	0.03709	0.03964	0.00162	0.00436	0.00535	0.00328	0.10087
10	0.68067	0.00865	0.00741	0.00636	0.00902	0.00992	0.00523	0.16212	0.00950	0.01989	0.00689	0.00787	0.00530	0.00534	0.03987	0.00154	0.00386	0.00266	0.00289	0.00500
11	0.01059	0.15185	0.01162	0.00832	0.01091	0.01150	0.00674	0.02069	0.68168	0.01629	0.01521	0.01417	0.01158	0.00535	0.00401	0.00134	0.00352	0.00433	0.00386	0.00644
12	0.00600	0.00445	0.00649	0.00644	0.00720	0.00500	0.00495	0.00753	0.00760	0.01090	0.14854	0.01939	0.01559	0.05477	0.66843	0.00575	0.00946	0.00508	0.00266	0.00375
13	0.01288	0.01018	0.01164	0.14990	0.01506	0.01160	0.00819	0.42808	0.26932	0.02103	0.01186	0.01204	0.00868	0.00511	0.00423	0.00134	0.00438	0.00408	0.00383	0.00657

[dist]
# distance from previous block
# <min> <max>
0	22

[block]
# block no. 1 follows, 63 sequences, length 8
# corresponding to MSA columns:
# 81-88
name=unknown_B
#
# <colnr> <probs for GDERKNQSTAVLIFYWHMCP>
#	G	D	E	R	K	N	Q	S	T	A	V	L	I	F	Y	W	H	M	C	P
0	0.01886	0.00715	0.00976	0.00748	0.01073	0.00618	0.00618	0.02049	0.01203	0.82895	0.01658	0.01431	0.01041	0.00520	0.00423	0.00130	0.00358	0.00423	0.00520	0.00715
1	0.01563	0.00640	0.00868	0.00699	0.00963	0.00559	0.00563	0.01724	0.01169	0.62944	0.15077	0.08353	0.01663	0.00640	0.00444	0.00134	0.00322	0.00540	0.00500	0.00633
2	0.02565	0.00499	0.00695	0.05998	0.06776	0.00479	0.03207	0.00749	0.00919	0.01227	0.13411	0.34652	0.22985	0.01007	0.00498	0.00152	0.00290	0.03132	0.00365	0.00395
3	0.00965	0.01081	0.02315	0.12992	0.02292	0.01046	0.70202	0.01309	0.00972	0.01309	0.00836	0.01132	0.00627	0.00363	0.00486	0.00142	0.00689	0.00479	0.00209	0.00553
4	0.00914	0.01086	0.12219	0.01384	0.04092	0.00926	0.43237	0.01194	0.00882	0.03536	0.00921	0.01349	0.00781	0.12149	0.06813	0.00218	0.07091	0.00469	0.00221	0.00516
5	0.00799	0.00595	0.00744	0.00647	0.00738	0.00615	0.06233	0.11729	0.05636	0.01159	0.01270	0.02326	0.01338	0.62508	0.01685	0.00334	0.00433	0.00563	0.00284	0.00364
6	0.23122	0.13094	0.07441	0.01068	0.14480	0.01039	0.02928	0.09570	0.05771	0.04669	0.00812	0.00908	0.00634	0.00399	0.00344	0.00115	0.00418	0.00305	0.00267	0.12616
7	0.04065	0.13583	0.08151	0.00970	0.04614	0.12487	0.02937	0.09232	0.22867	0.03417	0.03886	0.01222	0.02949	0.00545	0.01843	0.00135	0.03765	0.00384	0.00305	0.02642

[dist]
# distance from previous block
# <min> <max>
1	13

[block]
# block no. 2 follows, 63 sequences, length 17
# corresponding to MSA columns:
# 102-118
name=unknown_C
#
# <colnr> <probs for GDERKNQSTAVLIFYWHMCP>
#	G	D	E	R	K	N	Q	S	T	A	V	L	I	F	Y	W	H	M	C	P
0	0.02275	0.03307	0.32932	0.01124	0.07053	0.05330	0.06750	0.04649	0.11663	0.01447	0.10295	0.01441	0.05662	0.00565	0.01855	0.00142	0.02230	0.00434	0.00274	0.00571
1	0.00571	0.00430	0.00561	0.00589	0.00660	0.00441	0.00431	0.00702	0.02650	0.01045	0.02121	0.25145	0.16939	0.10768	0.31295	0.00377	0.00588	0.04015	0.00316	0.00357
2	0.00672	0.00617	0.04961	0.02448	0.02936	0.00555	0.00525	0.04072	0.10112	0.01329	0.14667	0.14265	0.28034	0.04067	0.08631	0.00204	0.00370	0.00738	0.00366	0.00432
3	0.01039	0.00772	0.00908	0.00663	0.01025	0.00623	0.00534	0.05770	0.03146	0.11163	0.00896	0.00965	0.00695	0.00354	0.00334	0.00076	0.00326	0.00283	0.00296	0.70131
4	0.01050	0.00843	0.01454	0.01123	0.01407	0.00816	0.31977	0.07267	0.08854	0.13456	0.11721	0.09836	0.03733	0.00621	0.00481	0.00143	0.00466	0.03846	0.00355	0.00552
5	0.02983	0.07551	0.02640	0.06174	0.19695	0.04768	0.07992	0.09138	0.05327	0.13703	0.04144	0.02377	0.00883	0.00448	0.00402	0.00120	0.00458	0.00390	0.00302	0.10505
6	0.03530	0.01081	0.01160	0.00920	0.01232	0.01199	0.00751	0.57066	0.20049	0.06800	0.01194	0.01152	0.00856	0.00518	0.00419	0.00130	0.00424	0.00399	0.00424	0.00698
7	0.00497	0.00426	0.00426	0.00426	0.00568	0.00355	0.00319	0.00603	0.00958	0.01136	0.04259	0.04046	0.82433	0.01065	0.00497	0.00142	0.00213	0.00887	0.00390	0.00355
8	0.18738	0.00929	0.02740	0.02749	0.04470	0.06443	0.03932	0.09821	0.01025	0.06696	0.04494	0.01062	0.00797	0.00416	0.00353	0.00105	0.00396	0.01564	0.00290	0.32977
9	0.01210	0.25831	0.08876	0.02867	0.06028	0.03755	0.17542	0.12111	0.05053	0.09939	0.00895	0.00993	0.00679	0.00420	0.00407	0.00121	0.02044	0.00358	0.00269	0.00603
10	0.00784	0.00392	0.00392	0.00392	0.00490	0.00392	0.00294	0.00980	0.00882	0.01567	0.01371	0.01567	0.01077	0.00490	0.00294	0.00098	0.00196	0.00392	0.87560	0.00392
11	0.00599	0.00409	0.00460	0.00461	0.00477	0.00401	0.00268	0.00615	0.00662	0.00874	0.03978	0.05179	0.08201	0.73552	0.01913	0.00371	0.00381	0.00655	0.00276	0.00269
12	0.03528	0.15728	0.25891	0.01255	0.09263	0.05010	0.13044	0.12791	0.03181	0.03828	0.00818	0.00942	0.00621	0.00414	0.00410	0.00125	0.01959	0.00344	0.00241	0.00607
13	0.01158	0.03647	0.13681	0.04130	0.10578	0.02449	0.06142	0.08673	0.07789	0.19149	0.06584	0.04406	0.05229	0.00558	0.00431	0.00133	0.00439	0.02304	0.01921	0.00597
14	0.00524	0.00388	0.00491	0.00553	0.00611	0.00355	0.00385	0.00623	0.00888	0.01171	0.13350	0.57308	0.17452	0.01206	0.00525	0.00161	0.00236	0.03019	0.00400	0.00352
15	0.01003	0.15942	0.19947	0.00973	0.04611	0.10850	0.02966	0.06095	0.04301	0.03642	0.02401	0.11056	0.07782	0.00614	0.00449	0.00131	0.03717	0.02718	0.00272	0.00531
16	0.02430	0.11759	0.10241	0.05797	0.13783	0.12651	0.00934	0.18308	0.08772	0.04385	0.00960	0.01056	0.02132	0.00513	0.02031	0.00135	0.02875	0.00355	0.00281	0.00602

[dist]
# distance from previous block
# <min> <max>
1	7

[block]
# block no. 3 follows, 63 sequences, length 13
# corresponding to MSA columns:
# 126-138
name=unknown_D
#
# <colnr> <probs for GDERKNQSTAVLIFYWHMCP>
#	G	D	E	R	K	N	Q	S	T	A	V	L	I	F	Y	W	H	M	C	P
0	0.01245	0.06844	0.18997	0.01126	0.07208	0.07437	0.05636	0.29444	0.05572	0.05389	0.03411	0.01145	0.02206	0.01934	0.00441	0.00131	0.00511	0.00383	0.00312	0.00627
1	0.00619	0.02948	0.00574	0.00518	0.00634	0.00429	0.00395	0.00783	0.01062	0.02898	0.44923	0.08438	0.22724	0.00942	0.01907	0.00145	0.00237	0.03175	0.06259	0.00392
2	0.02537	0.44325	0.05018	0.02184	0.03321	0.17650	0.01929	0.11142	0.02273	0.01268	0.01876	0.03307	0.00690	0.00434	0.00338	0.00107	0.00513	0.00306	0.00233	0.00549
3	0.00597	0.00442	0.00645	0.00650	0.00715	0.00505	0.00492	0.00729	0.00675	0.00964	0.01201	0.05636	0.01179	0.11201	0.71629	0.00626	0.01014	0.00501	0.00236	0.00362
4	0.04672	0.00922	0.01073	0.00831	0.01149	0.00942	0.00684	0.37914	0.03346	0.39073	0.01318	0.01221	0.00879	0.00509	0.00412	0.00127	0.00398	0.00396	0.03438	0.00694
5	0.00792	0.00566	0.00683	0.00607	0.00753	0.00557	0.00467	0.15008	0.01299	0.03650	0.57951	0.05954	0.08412	0.00820	0.00482	0.00133	0.00251	0.00710	0.00449	0.00455
6	0.00612	0.00419	0.00511	0.00494	0.00595	0.00388	0.00368	0.00792	0.01087	0.01564	0.54155	0.07069	0.13350	0.00843	0.00462	0.00129	0.00202	0.00733	0.15838	0.00388
7	0.00872	0.00747	0.00872	0.00623	0.00996	0.00560	0.00498	0.01058	0.00872	0.01370	0.00747	0.00872	0.00623	0.00311	0.00311	0.00062	0.00311	0.00249	0.00249	0.87796
8	0.00615	0.00398	0.00501	0.00548	0.00579	0.00378	0.00353	0.00666	0.00756	0.05001	0.01933	0.51730	0.02251	0.31002	0.01099	0.00253	0.00307	0.00950	0.00349	0.00329
9	0.00834	0.01922	0.68598	0.15866	0.02010	0.00969	0.01485	0.01286	0.00879	0.01286	0.00753	0.00929	0.00537	0.00403	0.00403	0.00134	0.00611	0.00322	0.00179	0.00594
10	0.01398	0.01725	0.01080	0.00985	0.01181	0.68849	0.00739	0.01522	0.01191	0.01145	0.15090	0.01179	0.01147	0.00508	0.00400	0.00113	0.00659	0.00357	0.00260	0.00471
11	0.01403	0.01045	0.01114	0.00872	0.01174	0.01136	0.00714	0.66962	0.01797	0.02382	0.01583	0.01546	0.15153	0.00604	0.00434	0.00129	0.00418	0.00468	0.00415	0.00651
12	0.00990	0.00821	0.00884	0.00806	0.01013	0.00926	0.00619	0.09779	0.57069	0.01707	0.01826	0.16321	0.03981	0.00711	0.00448	0.00146	0.00326	0.00605	0.00419	0.00604

[dist]
# distance from previous block
# <min> <max>
0	1

[block]
# block no. 4 follows, 63 sequences, length 17
# corresponding to MSA columns:
# 140-156
name=unknown_E
#
# <colnr> <probs for GDERKNQSTAVLIFYWHMCP>
#	G	D	E	R	K	N	Q	S	T	A	V	L	I	F	Y	W	H	M	C	P
0	0.01433	0.01770	0.01112	0.01036	0.01234	0.70778	0.00792	0.01555	0.01157	0.01064	0.00892	0.01370	0.00830	0.00545	0.00410	0.00121	0.00701	0.12485	0.00243	0.00472
1	0.74818	0.13821	0.00861	0.00578	0.00854	0.01054	0.00496	0.01239	0.00737	0.01748	0.00585	0.00682	0.00468	0.00386	0.00262	0.00124	0.00344	0.00227	0.00248	0.00468
2	0.03865	0.01108	0.02163	0.01765	0.14404	0.01077	0.57083	0.10437	0.01090	0.01516	0.00851	0.01091	0.00645	0.00376	0.00468	0.00137	0.00636	0.00455	0.00237	0.00595
3	0.00616	0.00420	0.00560	0.00532	0.00616	0.00392	0.00392	0.00756	0.01091	0.01539	0.69837	0.02854	0.03469	0.00952	0.00672	0.13597	0.00224	0.00700	0.00420	0.00364
4	0.00696	0.00450	0.00573	0.00534	0.00639	0.00415	0.00394	0.00855	0.01083	0.07957	0.56860	0.03036	0.08282	0.13814	0.00744	0.00176	0.00248	0.02419	0.00429	0.00397
5	0.00626	0.00419	0.00497	0.00504	0.00519	0.00422	0.00307	0.02457	0.00670	0.00897	0.01413	0.14276	0.01617	0.62224	0.05938	0.05577	0.00419	0.00666	0.00272	0.00279
6	0.01290	0.00988	0.01061	0.00888	0.01166	0.01110	0.00709	0.29847	0.49038	0.06968	0.01462	0.01365	0.01070	0.00544	0.00425	0.00136	0.00380	0.00438	0.00431	0.00686
7	0.00592	0.00440	0.00647	0.00656	0.00723	0.00502	0.00499	0.00728	0.00685	0.00978	0.01252	0.09868	0.01243	0.06885	0.71542	0.00613	0.01005	0.00531	0.00243	0.00366
8	0.01241	0.72456	0.02014	0.00724	0.01078	0.01503	0.00704	0.01380	0.00908	0.13573	0.00749	0.00791	0.00616	0.00384	0.00293	0.00096	0.00435	0.00255	0.00232	0.00567
9	0.00520	0.00379	0.00486	0.00561	0.00601	0.00355	0.00379	0.00596	0.00808	0.01062	0.02456	0.66282	0.12800	0.06352	0.04070	0.00202	0.00286	0.01090	0.00375	0.00339
10	0.00520	0.00383	0.00472	0.00538	0.00584	0.00352	0.00360	0.00592	0.00814	0.01056	0.02599	0.58937	0.18917	0.10940	0.00713	0.00192	0.00256	0.01065	0.00375	0.00334
11	0.00803	0.00736	0.01227	0.75770	0.06056	0.00904	0.01120	0.01077	0.00848	0.01116	0.00787	0.01144	0.00596	0.00423	0.00412	0.00137	0.00536	0.00375	0.05462	0.00471
12	0.01109	0.68372	0.10169	0.00843	0.01229	0.03293	0.05586	0.03249	0.00900	0.01086	0.00629	0.00733	0.00549	0.00368	0.00302	0.00099	0.00489	0.00254	0.00188	0.00552
13	0.00794	0.02558	0.01050	0.14192	0.04048	0.02105	0.12951	0.00861	0.00764	0.02069	0.04607	0.08927	0.01058	0.04385	0.04404	0.33672	0.00477	0.00489	0.00230	0.00359
14	0.00623	0.00443	0.00590	0.00649	0.00713	0.00445	0.00507	0.00749	0.00839	0.01109	0.03904	0.15043	0.05108	0.20085	0.09810	0.00286	0.00440	0.37964	0.00343	0.00349
15	0.00681	0.00644	0.02146	0.00698	0.01980	0.07289	0.03984	0.00830	0.02076	0.01205	0.12056	0.23674	0.27640	0.01975	0.00559	0.00153	0.04403	0.06153	0.01457	0.00397
16	0.09501	0.05047	0.06193	0.08688	0.07271	0.09645	0.18561	0.09581	0.02970	0.03881	0.01717	0.02475	0.00700	0.00428	0.00420	0.00124	0.02274	0.00375	0.00256	0.09895

[dist]
# distance from previous block
# <min> <max>
3	52

[block]
# block no. 5 follows, 63 sequences, length 19
# corresponding to MSA columns:
# 209-227
name=unknown_F
#
# <colnr> <probs for GDERKNQSTAVLIFYWHMCP>
#	G	D	E	R	K	N	Q	S	T	A	V	L	I	F	Y	W	H	M	C	P
0	0.06250	0.07943	0.08830	0.11040	0.16967	0.03039	0.03488	0.10961	0.06815	0.01456	0.00919	0.02441	0.00778	0.06563	0.00526	0.00143	0.01413	0.01482	0.00258	0.08689
1	0.00584	0.00440	0.00599	0.00591	0.00651	0.00427	0.04554	0.00664	0.00768	0.01021	0.05660	0.29035	0.11427	0.30985	0.10408	0.00304	0.00419	0.00813	0.00318	0.00331
2	0.02630	0.03395	0.20381	0.10474	0.12471	0.08471	0.03014	0.14953	0.10052	0.05227	0.04192	0.01130	0.00829	0.00460	0.00411	0.00129	0.00516	0.00376	0.00284	0.00608
3	0.00730	0.04892	0.00642	0.00524	0.00678	0.00471	0.00409	0.00886	0.01085	0.10551	0.39123	0.03167	0.33530	0.00874	0.00476	0.00134	0.00235	0.00743	0.00427	0.00424
4	0.00688	0.04907	0.00671	0.00559	0.00698	0.00513	0.00435	0.00938	0.06952	0.04556	0.53969	0.03030	0.16751	0.00843	0.00479	0.00134	0.00234	0.02782	0.00433	0.00428
5	0.39351	0.00762	0.00807	0.00669	0.00947	0.00791	0.00548	0.03299	0.05178	0.36901	0.01149	0.01116	0.00792	0.00620	0.05215	0.00163	0.00389	0.00341	0.00383	0.00580
6	0.00849	0.02133	0.79832	0.01221	0.01835	0.00980	0.04727	0.01332	0.00892	0.01332	0.00758	0.00897	0.00537	0.00398	0.00403	0.00133	0.00625	0.00318	0.00179	0.00619
7	0.00929	0.01058	0.04839	0.01569	0.01947	0.00958	0.66558	0.01256	0.00979	0.01348	0.04233	0.07274	0.00938	0.00450	0.00489	0.00142	0.00634	0.00547	0.03314	0.00539
8	0.00599	0.00424	0.00560	0.00567	0.00604	0.00457	0.00389	0.00673	0.00655	0.00908	0.01305	0.08181	0.01399	0.41460	0.39432	0.00514	0.00726	0.00580	0.00251	0.00316
9	0.00595	0.00430	0.00562	0.00529	0.00628	0.00397	0.00397	0.00793	0.01190	0.01686	0.82382	0.03140	0.03966	0.00859	0.00496	0.00132	0.00198	0.00760	0.00463	0.00397
10	0.01441	0.03662	0.01159	0.00934	0.05476	0.03959	0.00720	0.38381	0.04122	0.17645	0.01102	0.02296	0.00812	0.02026	0.00430	0.00121	0.00422	0.00377	0.00383	0.14531
11	0.00508	0.00426	0.00442	0.00438	0.00575	0.00360	0.00328	0.00626	0.00985	0.01200	0.13405	0.03940	0.73247	0.01041	0.00497	0.00141	0.00211	0.00872	0.00399	0.00360
12	0.01070	0.08270	0.12703	0.00970	0.01174	0.02408	0.00887	0.10278	0.04210	0.07925	0.04987	0.02202	0.00855	0.00608	0.00816	0.00149	0.36418	0.00388	0.03141	0.00540
13	0.00878	0.00864	0.01207	0.01051	0.01054	0.01192	0.00866	0.00969	0.00660	0.01018	0.00731	0.09427	0.00777	0.00795	0.01294	0.00183	0.75932	0.00452	0.00205	0.00448
14	0.01008	0.00843	0.00647	0.00608	0.00744	0.22131	0.00460	0.03978	0.00990	0.01432	0.01157	0.01341	0.00923	0.00621	0.04883	0.00133	0.00403	0.00363	0.56907	0.00427
15	0.00539	0.00381	0.00481	0.00546	0.00572	0.00360	0.00355	0.00600	0.00778	0.01035	0.05141	0.58869	0.05467	0.21737	0.00924	0.00226	0.00281	0.01025	0.00360	0.00323
16	0.00585	0.00421	0.00488	0.00510	0.00608	0.00374	0.00366	0.00682	0.00902	0.04785	0.06440	0.28436	0.40974	0.08514	0.00653	0.00175	0.00252	0.04086	0.00387	0.00361
17	0.05748	0.00970	0.01048	0.00853	0.01136	0.01068	0.00689	0.39006	0.26045	0.10307	0.05585	0.01332	0.01088	0.00539	0.00416	0.00131	0.00385	0.00425	0.02567	0.00662
18	0.01176	0.01061	0.01027	0.06162	0.02676	0.19674	0.00689	0.09653	0.05138	0.08673	0.00933	0.01158	0.00770	0.07709	0.03935	0.00158	0.06755	0.00352	0.00283	0.22018

[dist]
# distance from previous block
# <min> <max>
5	21

[block]
# block no. 6 follows, 63 sequences, length 20
# corresponding to MSA columns:
# 251-270
name=unknown_G
#
# <colnr> <probs for GDERKNQSTAVLIFYWHMCP>
#	G	D	E	R	K	N	Q	S	T	A	V	L	I	F	Y	W	H	M	C	P
0	0.00699	0.02714	0.03686	0.05538	0.05166	0.00598	0.02170	0.03579	0.05159	0.01328	0.16489	0.04746	0.32041	0.04025	0.03272	0.00162	0.01748	0.00663	0.01948	0.04271
1	0.04650	0.08140	0.07574	0.04897	0.15656	0.04736	0.00768	0.01218	0.12526	0.01423	0.20993	0.08209	0.06248	0.00638	0.00429	0.00131	0.00380	0.00545	0.00322	0.00517
2	0.00975	0.00965	0.03186	0.16221	0.33674	0.06718	0.03167	0.01390	0.15579	0.01388	0.07327	0.01376	0.02950	0.00479	0.00423	0.00130	0.00469	0.00429	0.02574	0.00579
3	0.00513	0.00417	0.00454	0.00465	0.00583	0.00359	0.00341	0.00627	0.00966	0.01202	0.14737	0.16731	0.58988	0.01076	0.00503	0.00145	0.00216	0.00918	0.00400	0.00359
4	0.00636	0.00503	0.00733	0.00716	0.00776	0.00606	0.00557	0.00769	0.00676	0.00979	0.01124	0.05915	0.01098	0.06107	0.65670	0.00577	0.11465	0.00485	0.00230	0.00379
5	0.01526	0.01142	0.01221	0.00953	0.01276	0.01270	0.00782	0.70935	0.12360	0.02534	0.01101	0.01082	0.00789	0.00513	0.00421	0.00128	0.00446	0.00391	0.00421	0.00708
6	0.00920	0.00920	0.01288	0.01104	0.01104	0.01288	0.00920	0.01012	0.00644	0.01012	0.00552	0.00920	0.00552	0.00736	0.01380	0.00184	0.84457	0.00368	0.00184	0.00460
7	0.00872	0.00747	0.00872	0.00623	0.00996	0.00560	0.00498	0.01058	0.00872	0.01370	0.00747	0.00872	0.00623	0.00311	0.00311	0.00062	0.00311	0.00249	0.00249	0.87796
8	0.00992	0.01134	0.02481	0.01772	0.02197	0.01063	0.81077	0.01347	0.00992	0.01347	0.00850	0.01134	0.00638	0.00354	0.00496	0.00142	0.00709	0.00496	0.00213	0.00567
9	0.00715	0.00456	0.00600	0.00549	0.00670	0.00417	0.00417	0.00910	0.01191	0.09260	0.74854	0.02981	0.03694	0.00828	0.00489	0.00132	0.00213	0.00729	0.00468	0.00426
10	0.00730	0.00365	0.00548	0.00548	0.00548	0.00365	0.00365	0.00548	0.00548	0.00730	0.00730	0.01278	0.00730	0.01460	0.01643	0.87769	0.00365	0.00365	0.00183	0.00183
11	0.70022	0.00850	0.00708	0.00624	0.00886	0.00982	0.00508	0.06783	0.12269	0.01920	0.00773	0.00830	0.00590	0.00423	0.00295	0.00132	0.00336	0.00273	0.00295	0.00503
12	0.00992	0.01134	0.02481	0.01772	0.02197	0.01063	0.81077	0.01347	0.00992	0.01347	0.00850	0.01134	0.00638	0.00354	0.00496	0.00142	0.00709	0.00496	0.00213	0.00567
13	0.00772	0.00465	0.00578	0.00530	0.00659	0.00433	0.00404	0.00985	0.03106	0.10416	0.52435	0.02699	0.08126	0.00764	0.00451	0.00127	0.00219	0.00660	0.15735	0.00434
14	0.05531	0.06513	0.05832	0.02314	0.04457	0.13950	0.00775	0.17672	0.23472	0.09621	0.02277	0.01161	0.00887	0.00488	0.00395	0.00125	0.00457	0.00375	0.01723	0.01975
15	0.08390	0.08988	0.13489	0.06080	0.19641	0.12884	0.03803	0.07188	0.05000	0.01393	0.01002	0.02524	0.04875	0.00525	0.02364	0.00138	0.00531	0.00376	0.00245	0.00565
16	0.00619	0.00427	0.00591	0.00591	0.00633	0.00469	0.00420	0.00683	0.00640	0.00896	0.01145	0.01964	0.01169	0.29490	0.47917	0.10503	0.00807	0.00493	0.00230	0.00314
17	0.00546	0.00393	0.00511	0.00591	0.00626	0.00376	0.00402	0.00658	0.03311	0.01105	0.04906	0.70237	0.02670	0.07177	0.00647	0.00186	0.00263	0.04661	0.00384	0.00349
18	0.03685	0.02755	0.11828	0.05250	0.17258	0.10810	0.05023	0.13143	0.05590	0.09628	0.02157	0.01223	0.03672	0.02940	0.00493	0.00138	0.03129	0.00394	0.00290	0.00595
19	0.05089	0.08847	0.08990	0.07486	0.17939	0.08356	0.08784	0.13245	0.08280	0.03212	0.00910	0.02936	0.00726	0.00455	0.00432	0.00129	0.02945	0.00380	0.00266	0.00596

[dist]
# distance from previous block
# <min> <max>
2	9

[block]
# block no. 7 follows, 63 sequences, length 19
# corresponding to MSA columns:
# 280-298
name=unknown_H
#
# <colnr> <probs for GDERKNQSTAVLIFYWHMCP>
#	G	D	E	R	K	N	Q	S	T	A	V	L	I	F	Y	W	H	M	C	P
0	0.00608	0.00461	0.00605	0.00654	0.04677	0.00440	0.02151	0.00747	0.03362	0.01207	0.19087	0.29215	0.12893	0.19148	0.00853	0.00205	0.00290	0.00843	0.02188	0.00368
1	0.03133	0.03910	0.30552	0.03990	0.08287	0.08779	0.06925	0.12296	0.08100	0.03090	0.03204	0.01054	0.00751	0.00446	0.00426	0.00129	0.02209	0.00362	0.00259	0.02098
2	0.01048	0.00951	0.01378	0.24367	0.33772	0.04318	0.02304	0.01285	0.05464	0.01402	0.01364	0.07435	0.06086	0.00640	0.00497	0.00163	0.00520	0.03466	0.02924	0.00615
3	0.00654	0.00480	0.00517	0.00493	0.00636	0.00436	0.00372	0.06246	0.01037	0.04015	0.11416	0.09037	0.52830	0.02519	0.00506	0.00143	0.00238	0.00801	0.07227	0.00396
4	0.01152	0.80286	0.02140	0.00742	0.01093	0.06757	0.00725	0.01285	0.00875	0.00992	0.00588	0.00680	0.00540	0.00364	0.00277	0.00091	0.00469	0.00228	0.00182	0.00536
5	0.01079	0.00732	0.00802	0.00701	0.00907	0.00791	0.00550	0.11764	0.33368	0.09846	0.10773	0.01664	0.01441	0.00569	0.00399	0.00126	0.00301	0.00469	0.23143	0.00575
6	0.09783	0.04780	0.03097	0.01006	0.06969	0.09585	0.00772	0.35849	0.12602	0.06438	0.01076	0.04337	0.00834	0.00510	0.00399	0.00127	0.00453	0.00392	0.00358	0.00632
7	0.01598	0.01177	0.01262	0.00967	0.01304	0.01304	0.00799	0.81202	0.01976	0.02649	0.01009	0.01009	0.00715	0.00505	0.00421	0.00126	0.00463	0.00378	0.00421	0.00715
8	0.01046	0.00903	0.00951	0.00855	0.01093	0.01046	0.00665	0.02234	0.81845	0.01759	0.01711	0.01568	0.01283	0.00570	0.00428	0.00143	0.00333	0.00475	0.00428	0.00665
9	0.01606	0.01117	0.01218	0.00939	0.01270	0.01219	0.00774	0.69456	0.05161	0.11246	0.01108	0.01078	0.00773	0.00509	0.00421	0.00127	0.00446	0.00387	0.00432	0.00713
10	0.13338	0.06056	0.27796	0.05295	0.20100	0.01004	0.09475	0.04548	0.00940	0.03052	0.00905	0.01058	0.03801	0.00419	0.00392	0.00130	0.00520	0.00359	0.00226	0.00586
11	0.01868	0.00744	0.00994	0.00762	0.01088	0.00661	0.00629	0.07020	0.01252	0.77855	0.01618	0.01404	0.01020	0.00519	0.00423	0.00130	0.00364	0.00420	0.00514	0.00715
12	0.00984	0.00518	0.00689	0.00611	0.00777	0.00467	0.00481	0.01166	0.01162	0.26041	0.48348	0.05096	0.04731	0.00797	0.00481	0.00137	0.00261	0.06292	0.00471	0.00489
13	0.02327	0.04652	0.32104	0.08702	0.10608	0.04583	0.04332	0.04991	0.04317	0.01366	0.07108	0.06830	0.02801	0.02909	0.00469	0.00141	0.00509	0.00448	0.00250	0.00553
14	0.00763	0.00775	0.04301	0.10260	0.14597	0.03877	0.10634	0.00977	0.02275	0.01205	0.03460	0.13996	0.21170	0.02006	0.03586	0.00167	0.00448	0.04743	0.00295	0.00465
15	0.00968	0.00496	0.00599	0.00535	0.00688	0.00465	0.00414	0.03387	0.01074	0.19287	0.25529	0.05181	0.05442	0.00661	0.00403	0.00120	0.00242	0.00558	0.33483	0.00469
16	0.00953	0.00709	0.00903	0.03707	0.12759	0.04400	0.02919	0.08785	0.02415	0.08857	0.05343	0.13259	0.10500	0.02558	0.03182	0.00158	0.00388	0.04816	0.12893	0.00494
17	0.02499	0.03916	0.32256	0.06422	0.10071	0.09453	0.14327	0.03080	0.00960	0.03993	0.01791	0.03522	0.00704	0.00494	0.02003	0.00143	0.03188	0.00385	0.00220	0.00573
18	0.01052	0.30338	0.16624	0.00985	0.05223	0.03394	0.05627	0.10234	0.04840	0.02589	0.02587	0.05616	0.00887	0.00565	0.02720	0.00135	0.00495	0.02674	0.02852	0.00562

[dist]
# distance from previous block
# <min> <max>
1	13

[block]
# block no. 8 follows, 63 sequences, length 42
# corresponding to MSA columns:
# 312-353
name=unknown_I
#
# <colnr> <probs for GDERKNQSTAVLIFYWHMCP>
#	G	D	E	R	K	N	Q	S	T	A	V	L	I	F	Y	W	H	M	C	P
0	0.05356	0.03386	0.06872	0.00911	0.06872	0.04489	0.04389	0.04808	0.12385	0.01401	0.09803	0.17452	0.12023	0.00805	0.01954	0.00152	0.04089	0.02028	0.00334	0.00491
1	0.01255	0.05399	0.02113	0.01962	0.01136	0.07697	0.00714	0.32316	0.14483	0.05553	0.09900	0.01402	0.02671	0.01758	0.00515	0.00135	0.06968	0.00432	0.02992	0.00598
2	0.05056	0.00541	0.00702	0.00643	0.00815	0.00490	0.00487	0.01250	0.00996	0.36068	0.05680	0.37787	0.05931	0.00902	0.00472	0.00148	0.00293	0.00787	0.00443	0.00509
3	0.01735	0.00681	0.00904	0.00705	0.01000	0.00601	0.00578	0.03363	0.01175	0.70679	0.01609	0.01441	0.01039	0.00516	0.00406	0.00126	0.00338	0.00418	0.12014	0.00673
4	0.00508	0.00428	0.00441	0.00443	0.00581	0.00361	0.00336	0.00621	0.00969	0.01164	0.07647	0.04030	0.76095	0.01059	0.00500	0.00143	0.00219	0.03703	0.00393	0.00358
5	0.16899	0.00839	0.00967	0.00758	0.01068	0.00840	0.00625	0.21798	0.01302	0.45998	0.01298	0.01198	0.00857	0.00493	0.00390	0.00128	0.00373	0.00376	0.03133	0.00660
6	0.10295	0.01141	0.01197	0.00926	0.01254	0.01267	0.00764	0.73171	0.01850	0.02573	0.00967	0.00976	0.00689	0.00493	0.00404	0.00127	0.00449	0.00363	0.00404	0.00689
7	0.02438	0.02706	0.25899	0.09622	0.09713	0.00895	0.04151	0.11994	0.01964	0.10226	0.01135	0.08714	0.02466	0.03635	0.02458	0.00158	0.00508	0.00456	0.00284	0.00578
8	0.01018	0.00676	0.00834	0.03138	0.03205	0.00701	0.00626	0.04202	0.24114	0.16592	0.06110	0.06219	0.10098	0.00881	0.04257	0.00174	0.00376	0.15825	0.00411	0.00543
9	0.08493	0.00827	0.01004	0.00778	0.01096	0.00802	0.00642	0.20862	0.01344	0.55822	0.01414	0.01275	0.00918	0.00506	0.00407	0.00128	0.00377	0.00396	0.02218	0.00689
10	0.07587	0.00863	0.01017	0.00791	0.01102	0.00863	0.00651	0.29315	0.01423	0.44626	0.02655	0.01268	0.00937	0.00510	0.00406	0.00127	0.00382	0.00398	0.04400	0.00678
11	0.01085	0.09774	0.12383	0.08081	0.24461	0.03255	0.04751	0.07841	0.08394	0.06514	0.01008	0.02563	0.02096	0.00473	0.00454	0.00131	0.04346	0.01521	0.00264	0.00605
12	0.00659	0.00438	0.00555	0.00581	0.00672	0.00404	0.00423	0.00807	0.03228	0.07678	0.17821	0.42356	0.15784	0.01095	0.00513	0.00156	0.00250	0.05769	0.00415	0.00396
13	0.01020	0.00986	0.01024	0.00916	0.01018	0.18882	0.00727	0.04729	0.00858	0.04765	0.00857	0.01205	0.00772	0.03579	0.28909	0.00334	0.28346	0.00384	0.00233	0.00455
14	0.27837	0.06780	0.03556	0.01232	0.17503	0.23907	0.05246	0.04240	0.02002	0.01450	0.00693	0.00833	0.00561	0.00408	0.00372	0.00122	0.02192	0.00297	0.00234	0.00535
15	0.07217	0.00528	0.00649	0.00589	0.00758	0.00489	0.00451	0.01180	0.01014	0.27370	0.15742	0.21541	0.09337	0.00802	0.00443	0.00137	0.00270	0.00687	0.10313	0.00485
16	0.00882	0.00856	0.06212	0.00856	0.04714	0.01912	0.02399	0.02512	0.06286	0.02239	0.02081	0.01215	0.02237	0.05017	0.08241	0.00173	0.12111	0.00358	0.01935	0.37762
17	0.00530	0.00435	0.00468	0.00463	0.00594	0.00378	0.00346	0.00677	0.02852	0.01256	0.19550	0.07459	0.61475	0.01024	0.00497	0.00141	0.00214	0.00867	0.00406	0.00370
18	0.00601	0.00470	0.00643	0.01995	0.07280	0.00440	0.01638	0.00747	0.00977	0.01322	0.28648	0.28777	0.17787	0.02474	0.00529	0.00152	0.00261	0.03071	0.01792	0.00394
19	0.00953	0.20683	0.20143	0.03069	0.09337	0.02308	0.13014	0.02364	0.00910	0.03719	0.03825	0.02773	0.02625	0.04327	0.06637	0.00177	0.01966	0.00400	0.00227	0.00541
20	0.04802	0.02610	0.14554	0.06710	0.09020	0.03585	0.03295	0.12373	0.07304	0.14105	0.00991	0.01076	0.00729	0.00464	0.00472	0.00128	0.07043	0.00360	0.02033	0.08347
21	0.15202	0.02512	0.07316	0.04701	0.05473	0.25333	0.02185	0.15648	0.01140	0.02967	0.00749	0.00867	0.00584	0.00433	0.00412	0.00119	0.04328	0.00304	0.00262	0.09464
22	0.00508	0.00426	0.00441	0.00438	0.00575	0.00360	0.00328	0.00625	0.00985	0.01198	0.13179	0.03942	0.73474	0.01041	0.00497	0.00141	0.00211	0.00873	0.00399	0.00360
23	0.01275	0.01981	0.36127	0.01112	0.01511	0.40840	0.01119	0.05140	0.01098	0.04923	0.00756	0.00855	0.00568	0.00426	0.00392	0.00121	0.00668	0.00299	0.00223	0.00565
24	0.01194	0.70450	0.02016	0.00780	0.01115	0.14841	0.00733	0.01345	0.02424	0.01010	0.00616	0.00705	0.00554	0.00375	0.00290	0.00094	0.00497	0.00237	0.00190	0.00533
25	0.00955	0.02461	0.03341	0.07736	0.18585	0.16040	0.00778	0.03208	0.01016	0.03468	0.10209	0.04825	0.12571	0.07017	0.00571	0.00153	0.00455	0.05831	0.00295	0.00484
26	0.01054	0.02430	0.03601	0.05664	0.40142	0.01911	0.02896	0.09419	0.05249	0.05164	0.04448	0.07661	0.01006	0.00503	0.00438	0.00128	0.01781	0.00452	0.00280	0.05773
27	0.50508	0.07811	0.04655	0.03090	0.01072	0.16795	0.00643	0.07215	0.02319	0.01658	0.00660	0.00757	0.00518	0.00409	0.00309	0.00123	0.00448	0.00259	0.00254	0.00499
28	0.01570	0.02004	0.01191	0.01083	0.01300	0.83539	0.00812	0.01679	0.01191	0.01029	0.00650	0.00758	0.00541	0.00433	0.00379	0.00108	0.00758	0.00271	0.00217	0.00487
29	0.01031	0.00890	0.00936	0.00844	0.01079	0.01027	0.00656	0.02189	0.79645	0.01742	0.01780	0.01636	0.03490	0.00584	0.00430	0.00143	0.00329	0.00486	0.00427	0.00657
30	0.01046	0.00903	0.00951	0.00855	0.01093	0.01046	0.00665	0.02234	0.81845	0.01759	0.01711	0.01568	0.01283	0.00570	0.00428	0.00143	0.00333	0.00475	0.00428	0.00665
31	0.00794	0.00747	0.01261	0.84216	0.02895	0.00934	0.01167	0.01074	0.00841	0.01074	0.00747	0.01121	0.00560	0.00420	0.00420	0.00140	0.00560	0.00374	0.00187	0.00467
32	0.00611	0.00408	0.00458	0.00458	0.00458	0.00408	0.00255	0.00611	0.00611	0.00815	0.01325	0.02751	0.01528	0.85226	0.02140	0.00408	0.00408	0.00611	0.00255	0.00255
33	0.00512	0.00366	0.00488	0.00585	0.00610	0.00341	0.00390	0.00585	0.00805	0.01073	0.02317	0.84952	0.02780	0.01317	0.00537	0.00171	0.00244	0.01195	0.00390	0.00341
34	0.04564	0.00491	0.00557	0.00528	0.00661	0.00472	0.00400	0.00901	0.09007	0.01532	0.45250	0.03116	0.27335	0.00864	0.00474	0.00135	0.00222	0.00739	0.02339	0.00413
35	0.00525	0.00375	0.00485	0.00568	0.00597	0.00351	0.00378	0.00594	0.00794	0.01052	0.02301	0.71447	0.06244	0.09980	0.00701	0.00194	0.00262	0.02442	0.00376	0.00334
36	0.31258	0.00913	0.01284	0.09487	0.11726	0.00977	0.16964	0.08792	0.05234	0.04495	0.04423	0.01074	0.00772	0.00429	0.00383	0.00133	0.00457	0.00372	0.00278	0.00547
37	0.00900	0.00839	0.02875	0.35346	0.20593	0.02374	0.01020	0.07291	0.02433	0.01269	0.00862	0.01182	0.00703	0.00937	0.16108	0.00235	0.01989	0.00385	0.00223	0.02438
38	0.04210	0.11480	0.05210	0.33714	0.12873	0.07110	0.02261	0.02273	0.03694	0.02726	0.00868	0.06255	0.00742	0.00477	0.00428	0.00131	0.03090	0.00395	0.00225	0.01840
39	0.05609	0.17794	0.07658	0.05432	0.14622	0.10336	0.04254	0.18065	0.02752	0.03056	0.00793	0.00918	0.00625	0.00425	0.00405	0.00119	0.03089	0.00326	0.00258	0.03464
40	0.03408	0.15873	0.09946	0.02502	0.03397	0.02929	0.06832	0.07417	0.05083	0.03134	0.01260	0.12215	0.05839	0.00630	0.01849	0.00133	0.02754	0.02293	0.00280	0.12226
41	0.00955	0.02814	0.07030	0.02360	0.06902	0.10420	0.03043	0.04378	0.04815	0.05216	0.12956	0.09915	0.03855	0.01866	0.03698	0.00145	0.01511	0.00501	0.00309	0.17311

[dist]
# distance from previous block
# <min> <max>
0	24

[block]
# block no. 9 follows, 63 sequences, length 13
# corresponding to MSA columns:
# 381-393
name=unknown_J
#
# <colnr> <probs for GDERKNQSTAVLIFYWHMCP>
#	G	D	E	R	K	N	Q	S	T	A	V	L	I	F	Y	W	H	M	C	P
0	0.09510	0.08018	0.08206	0.02672	0.06626	0.12356	0.03589	0.16991	0.06826	0.08744	0.03573	0.01048	0.00792	0.00454	0.00400	0.00120	0.02008	0.00348	0.00304	0.07416
1	0.08345	0.10292	0.11901	0.02479	0.08215	0.11160	0.07763	0.08577	0.06448	0.03923	0.07227	0.03598	0.00985	0.02067	0.00456	0.00131	0.02950	0.00399	0.00276	0.02809
2	0.01000	0.08204	0.13893	0.01373	0.18130	0.04981	0.13160	0.03872	0.05940	0.03703	0.02901	0.06401	0.00990	0.00530	0.00467	0.00133	0.03885	0.05776	0.00261	0.04399
3	0.00928	0.05378	0.01310	0.14770	0.21227	0.06448	0.08262	0.04758	0.03382	0.01254	0.01174	0.06484	0.04825	0.04476	0.07782	0.00193	0.01776	0.03258	0.01805	0.00513
4	0.00559	0.00428	0.00516	0.00519	0.00627	0.00385	0.00394	0.00712	0.01050	0.01389	0.39094	0.10797	0.32661	0.01003	0.00508	0.00145	0.00225	0.08191	0.00423	0.00376
5	0.01301	0.01122	0.01091	0.00961	0.03547	0.14473	0.00738	0.22895	0.32247	0.06924	0.05406	0.01315	0.01083	0.00544	0.00465	0.00133	0.04325	0.00420	0.00381	0.00629
6	0.00777	0.00564	0.00673	0.00671	0.00775	0.00576	0.00493	0.18835	0.01076	0.01429	0.02026	0.50159	0.05612	0.07114	0.00627	0.00178	0.00315	0.07288	0.00387	0.00424
7	0.00557	0.00423	0.00518	0.00564	0.00644	0.00394	0.00409	0.00713	0.04218	0.01224	0.14629	0.41848	0.23130	0.01141	0.00520	0.00159	0.00245	0.07892	0.00402	0.00370
8	0.01115	0.00775	0.00880	0.00787	0.01010	0.00834	0.00633	0.10079	0.38162	0.13905	0.04403	0.02199	0.06160	0.00687	0.00453	0.00145	0.00343	0.13395	0.03439	0.00597
9	0.00611	0.00408	0.00458	0.00458	0.00458	0.00408	0.00255	0.00611	0.00611	0.00815	0.01325	0.02751	0.01528	0.85226	0.02140	0.00408	0.00408	0.00611	0.00255	0.00255
10	0.02542	0.00782	0.00821	0.00754	0.00950	0.03439	0.00583	0.01723	0.50536	0.03575	0.15982	0.04824	0.07948	0.00692	0.00448	0.00142	0.00313	0.02958	0.00421	0.00567
11	0.02982	0.00553	0.00630	0.00612	0.00752	0.00557	0.00457	0.01128	0.20661	0.05981	0.17096	0.24258	0.20846	0.00925	0.00480	0.00147	0.00259	0.00802	0.00417	0.00457
12	0.01078	0.07082	0.15632	0.07272	0.25992	0.16967	0.01058	0.01363	0.04906	0.03463	0.00903	0.06537	0.00779	0.00475	0.00424	0.00125	0.02423	0.00390	0.00233	0.02895

[dist]
# distance from previous block
# <min> <max>
1	4

[block]
# block no. 10 follows, 63 sequences, length 29
# corresponding to MSA columns:
# 398-426
name=unknown_K
#
# <colnr> <probs for GDERKNQSTAVLIFYWHMCP>
#	G	D	E	R	K	N	Q	S	T	A	V	L	I	F	Y	W	H	M	C	P
0	0.09941	0.45979	0.06401	0.00859	0.04966	0.09418	0.00759	0.04861	0.01918	0.05487	0.03394	0.00917	0.00720	0.00418	0.00322	0.00107	0.00462	0.01222	0.01304	0.00547
1	0.00921	0.00730	0.00869	0.00662	0.00964	0.00620	0.00526	0.03700	0.02692	0.05634	0.03726	0.01250	0.00892	0.06390	0.00526	0.00107	0.05031	0.02699	0.00281	0.61780
2	0.88196	0.00813	0.00618	0.00553	0.00813	0.00943	0.00455	0.01236	0.00715	0.01886	0.00585	0.00683	0.00455	0.00390	0.00260	0.00130	0.00325	0.00228	0.00260	0.00455
3	0.01702	0.01011	0.01159	0.00888	0.01221	0.01057	0.00734	0.52730	0.01698	0.31515	0.01243	0.01161	0.00832	0.00510	0.00421	0.00128	0.00425	0.00394	0.00456	0.00715
4	0.00512	0.00366	0.00488	0.00585	0.00610	0.00341	0.00390	0.00585	0.00805	0.01073	0.02317	0.84952	0.02780	0.01317	0.00537	0.00171	0.00244	0.01195	0.00390	0.00341
5	0.00813	0.00507	0.00579	0.00529	0.00662	0.00505	0.00406	0.07797	0.04452	0.04318	0.35267	0.02239	0.04460	0.00665	0.00404	0.00119	0.00231	0.00562	0.35042	0.00442
6	0.03967	0.48764	0.11397	0.00952	0.06804	0.05577	0.00860	0.07655	0.02417	0.04553	0.00718	0.00810	0.00593	0.00403	0.00354	0.00108	0.02996	0.00277	0.00223	0.00573
7	0.00877	0.00509	0.00644	0.00576	0.00736	0.00461	0.00447	0.01085	0.03832	0.19374	0.46165	0.02914	0.17122	0.00819	0.00480	0.00135	0.00245	0.02652	0.00459	0.00468
8	0.00512	0.00366	0.00488	0.00585	0.00610	0.00341	0.00390	0.00585	0.00805	0.01073	0.02317	0.84952	0.02780	0.01317	0.00537	0.00171	0.00244	0.01195	0.00390	0.00341
9	0.03911	0.11451	0.09325	0.00980	0.04183	0.19238	0.04982	0.06202	0.13684	0.03250	0.09027	0.04845	0.01206	0.00590	0.01536	0.00135	0.00500	0.04114	0.00300	0.00542
10	0.00789	0.00608	0.03253	0.02079	0.06210	0.00548	0.01557	0.03989	0.05589	0.07647	0.36794	0.02690	0.20192	0.00769	0.00463	0.00132	0.00276	0.00663	0.05286	0.00466
11	0.00569	0.00390	0.00471	0.00513	0.00524	0.00379	0.00313	0.00600	0.00695	0.00926	0.01752	0.38125	0.02067	0.49117	0.01450	0.00306	0.00337	0.00863	0.00313	0.00292
12	0.01078	0.01013	0.01617	0.09216	0.53977	0.03860	0.08074	0.04041	0.07823	0.03849	0.00898	0.01101	0.00715	0.00404	0.00423	0.00129	0.00512	0.00391	0.00242	0.00637
13	0.01016	0.09225	0.25760	0.09326	0.21396	0.07345	0.04786	0.06498	0.02762	0.01345	0.00913	0.01105	0.03391	0.00440	0.00421	0.00128	0.02021	0.01311	0.00222	0.00590
14	0.00885	0.00883	0.01065	0.03725	0.02606	0.12618	0.05518	0.01002	0.00760	0.01005	0.00885	0.03161	0.00874	0.14885	0.19518	0.00313	0.29223	0.00437	0.00216	0.00420
15	0.20708	0.08639	0.04700	0.04451	0.11645	0.20843	0.08350	0.11300	0.01079	0.03528	0.00744	0.00872	0.00581	0.00411	0.00367	0.00122	0.00537	0.00314	0.00252	0.00553
16	0.00533	0.00419	0.00484	0.00510	0.00606	0.00376	0.00366	0.00672	0.03132	0.01220	0.16162	0.31993	0.39808	0.01106	0.00509	0.00150	0.00225	0.00963	0.00403	0.00365
17	0.01515	0.06796	0.01254	0.01079	0.02878	0.71374	0.00810	0.04223	0.04234	0.01113	0.00700	0.00797	0.00577	0.00435	0.00377	0.00109	0.00709	0.00281	0.00229	0.00508
18	0.00600	0.00432	0.00586	0.00678	0.00747	0.00418	0.00540	0.00739	0.00901	0.01176	0.02377	0.37466	0.07036	0.01219	0.00558	0.00181	0.00319	0.43271	0.00389	0.00367
19	0.00917	0.00670	0.00854	0.04161	0.00992	0.00708	0.08004	0.04614	0.24424	0.04414	0.06484	0.04461	0.04814	0.00574	0.00395	0.00125	0.00317	0.00496	0.32063	0.00512
20	0.01555	0.01137	0.01223	0.00950	0.01276	0.01257	0.00780	0.71167	0.09491	0.05181	0.01097	0.01076	0.00779	0.00511	0.00421	0.00128	0.00447	0.00389	0.00424	0.00710
21	0.00500	0.00426	0.00430	0.00429	0.00570	0.00356	0.00322	0.00609	0.00965	0.01153	0.06680	0.04018	0.80002	0.01058	0.00497	0.00142	0.00212	0.00883	0.00393	0.00356
22	0.01417	0.01288	0.01122	0.00954	0.01213	0.25079	0.00753	0.26599	0.24346	0.07338	0.01162	0.01198	0.00879	0.00523	0.00438	0.00129	0.02578	0.02000	0.00364	0.00622
23	0.01524	0.01141	0.01220	0.00952	0.01275	0.01269	0.00781	0.70640	0.12659	0.02530	0.01103	0.01084	0.00791	0.00513	0.00421	0.00128	0.00445	0.00391	0.00421	0.00708
24	0.00794	0.00747	0.01261	0.84216	0.02895	0.00934	0.01167	0.01074	0.00841	0.01074	0.00747	0.01121	0.00560	0.00420	0.00420	0.00140	0.00560	0.00374	0.00187	0.00467
25	0.00872	0.00747	0.00872	0.00623	0.00996	0.00560	0.00498	0.01058	0.00872	0.01370	0.00747	0.00872	0.00623	0.00311	0.00311	0.00062	0.00311	0.00249	0.00249	0.87796
26	0.01150	0.00781	0.00902	0.00756	0.00958	0.00839	0.00593	0.36046	0.01304	0.09109	0.01350	0.04473	0.04968	0.14524	0.18657	0.00292	0.00564	0.00487	0.01714	0.00534
27	0.07779	0.01094	0.01048	0.06202	0.06682	0.23511	0.00761	0.02292	0.04558	0.03431	0.03911	0.08989	0.05426	0.00637	0.00634	0.00141	0.19917	0.00457	0.02049	0.00481
28	0.00860	0.05014	0.04802	0.10762	0.03276	0.07022	0.06439	0.06595	0.04377	0.02309	0.06442	0.22554	0.06951	0.01840	0.04052	0.00168	0.02208	0.02435	0.00310	0.01583

[dist]
# distance from previous block
# <min> <max>
0	19

[block]
# block no. 11 follows, 63 sequences, length 15
# corresponding to MSA columns:
# 446-460
name=unknown_L
#
# <colnr> <probs for GDERKNQSTAVLIFYWHMCP>
#	G	D	E	R	K	N	Q	S	T	A	V	L	I	F	Y	W	H	M	C	P
0	0.07029	0.03520	0.03022	0.24806	0.19671	0.01009	0.07677	0.05704	0.11675	0.04075	0.00953	0.03323	0.00760	0.00467	0.00459	0.00137	0.04479	0.00405	0.00259	0.00568
1	0.01058	0.01040	0.01414	0.03335	0.37261	0.09926	0.06312	0.04852	0.00994	0.01370	0.00794	0.02316	0.00670	0.00394	0.00418	0.00110	0.02801	0.00350	0.00232	0.24352
2	0.00730	0.00365	0.00548	0.00548	0.00548	0.00365	0.00365	0.00548	0.00548	0.00730	0.00730	0.01278	0.00730	0.01460	0.01643	0.87769	0.00365	0.00365	0.00183	0.00183
3	0.00995	0.03955	0.06510	0.07036	0.01971	0.03376	0.53177	0.04625	0.00981	0.01322	0.00851	0.03794	0.00686	0.00436	0.00554	0.00143	0.08351	0.00469	0.00220	0.00549
4	0.00601	0.00450	0.00676	0.00676	0.00751	0.00525	0.00525	0.00751	0.00676	0.00976	0.01126	0.01651	0.01051	0.03153	0.83560	0.00676	0.01126	0.00450	0.00225	0.00375
5	0.00597	0.00429	0.00515	0.00506	0.00615	0.00386	0.00377	0.00746	0.01041	0.03388	0.39181	0.10756	0.29483	0.03766	0.00548	0.00149	0.00224	0.03384	0.03528	0.00380
6	0.00611	0.00408	0.00458	0.00458	0.00458	0.00408	0.00255	0.00611	0.00611	0.00815	0.01325	0.02751	0.01528	0.85226	0.02140	0.00408	0.00408	0.00611	0.00255	0.00255
7	0.00610	0.00414	0.00493	0.00493	0.00504	0.00426	0.00297	0.00633	0.00621	0.00840	0.01293	0.02579	0.01453	0.72363	0.14900	0.00450	0.00520	0.00586	0.00250	0.00274
8	0.00582	0.00431	0.00511	0.00494	0.00608	0.00383	0.00366	0.00730	0.01060	0.03274	0.42916	0.07860	0.34524	0.03720	0.00551	0.00147	0.00217	0.00821	0.00425	0.00380
9	0.00858	0.06705	0.78652	0.01172	0.01779	0.01014	0.01508	0.01327	0.00886	0.01313	0.00745	0.00876	0.00533	0.00397	0.00392	0.00131	0.00612	0.00306	0.00178	0.00617
10	0.00707	0.00458	0.00582	0.00568	0.00656	0.00461	0.00414	0.00848	0.02899	0.07226	0.12134	0.07769	0.09976	0.22877	0.22038	0.00344	0.00515	0.03828	0.05322	0.00377
11	0.03227	0.05337	0.12656	0.03339	0.01037	0.05416	0.04737	0.02158	0.01880	0.02180	0.08321	0.05841	0.11927	0.03897	0.13283	0.10033	0.01777	0.00514	0.02013	0.00427
12	0.26201	0.08838	0.04217	0.00772	0.02524	0.03565	0.00640	0.07913	0.08668	0.05362	0.00998	0.01159	0.02787	0.03333	0.08981	0.00194	0.08319	0.00353	0.04668	0.00509
13	0.05614	0.21868	0.09059	0.02682	0.07967	0.10216	0.04012	0.05140	0.02498	0.04685	0.00975	0.01118	0.05163	0.01884	0.00505	0.00127	0.09975	0.00352	0.04147	0.02014
14	0.06028	0.04026	0.16047	0.06079	0.05076	0.06703	0.05795	0.12099	0.02470	0.01474	0.04793	0.03631	0.08957	0.00644	0.03524	0.00149	0.02809	0.02031	0.00278	0.07388

[dist]
# distance from previous block
# <min> <max>
1	15

[block]
# block no. 12 follows, 63 sequences, length 18
# corresponding to MSA columns:
# 476-493
name=unknown_M
#
