[name]
unknown

[dist]
# distance from previous block
# <min> <max>
0	140

[block]
# block no. 0 follows, 57 sequences, length 23
# corresponding to MSA columns:
# 156-166,169,171-181
name=unknown_A
#
# <colnr> <probs for GDERKNQSTAVLIFYWHMCP>
#	G	D	E	R	K	N	Q	S	T	A	V	L	I	F	Y	W	H	M	C	P
0	0.03976	0.04077	0.00962	0.09312	0.02579	0.05046	0.01904	0.06556	0.02741	0.07497	0.05359	0.09610	0.03746	0.10286	0.14753	0.00280	0.00575	0.06854	0.00333	0.03555
1	0.02521	0.01721	0.35551	0.07438	0.14356	0.11782	0.07787	0.04129	0.01041	0.01415	0.00878	0.04355	0.00714	0.00487	0.00487	0.00143	0.03941	0.00403	0.00226	0.00623
2	0.00688	0.00487	0.00633	0.08059	0.00874	0.00483	0.00477	0.00815	0.02889	0.03361	0.13945	0.24411	0.15214	0.13539	0.03095	0.07490	0.00349	0.00836	0.01972	0.00385
3	0.00818	0.00523	0.00641	0.00620	0.00738	0.00498	0.00448	0.03579	0.04072	0.10610	0.18118	0.24888	0.14859	0.13528	0.03770	0.00221	0.00334	0.00865	0.00427	0.00443
4	0.00767	0.00544	0.00697	0.00647	0.00749	0.00535	0.03616	0.03713	0.03208	0.05022	0.09733	0.14675	0.18013	0.25737	0.02495	0.05743	0.02576	0.00772	0.00363	0.00396
5	0.00726	0.01750	0.00612	0.00616	0.00688	0.00461	0.00425	0.03498	0.00921	0.06051	0.06044	0.46534	0.08619	0.15149	0.00911	0.04909	0.00314	0.00989	0.00394	0.00389
6	0.06424	0.00668	0.00767	0.00708	0.00871	0.00680	0.00532	0.16582	0.03305	0.09273	0.08592	0.29653	0.08554	0.08513	0.00671	0.00185	0.00342	0.02753	0.00426	0.00502
7	0.00888	0.00648	0.00757	0.00708	0.00848	0.00662	0.00526	0.20684	0.03035	0.01698	0.15922	0.33213	0.09647	0.04376	0.00649	0.03632	0.00325	0.00875	0.00429	0.00479
8	0.00809	0.00464	0.00529	0.00509	0.00602	0.00463	0.00361	0.00951	0.00848	0.04132	0.01410	0.02030	0.01274	0.24768	0.12402	0.00288	0.00428	0.00494	0.43268	0.03969
9	0.00871	0.00716	0.00843	0.00650	0.00976	0.00554	0.00510	0.01054	0.00966	0.02922	0.05145	0.09123	0.08004	0.00554	0.00392	0.00093	0.00316	0.01779	0.00315	0.64218
10	0.02581	0.00513	0.00635	0.00618	0.00731	0.00485	0.00447	0.02421	0.02878	0.11174	0.24177	0.26471	0.09252	0.13192	0.00790	0.00200	0.00298	0.02258	0.00437	0.00440
11	0.01044	0.01042	0.00892	0.00837	0.01025	0.19669	0.00630	0.01610	0.31465	0.01506	0.10270	0.13885	0.12661	0.00802	0.00484	0.00148	0.00418	0.00666	0.00401	0.00546
12	0.00657	0.00443	0.00531	0.00553	0.00610	0.00414	0.00363	0.00727	0.00869	0.04331	0.09233	0.29949	0.15396	0.32459	0.01214	0.00270	0.00325	0.00922	0.00378	0.00356
13	0.00666	0.00460	0.00561	0.00573	0.00678	0.00414	0.00415	0.00798	0.01027	0.05024	0.21062	0.30138	0.23127	0.04603	0.00610	0.00170	0.00260	0.03196	0.03878	0.02339
14	0.00713	0.00485	0.00603	0.00617	0.00715	0.00458	0.00441	0.00912	0.06167	0.06656	0.22969	0.37966	0.13254	0.05107	0.00628	0.00177	0.00269	0.00988	0.00446	0.00430
15	0.70866	0.00909	0.00769	0.00657	0.00953	0.01024	0.00541	0.09494	0.00948	0.06786	0.00751	0.00826	0.00562	0.00439	0.00310	0.00138	0.00367	0.00275	0.00314	0.03071
16	0.01021	0.01039	0.03151	0.12198	0.14016	0.06977	0.14804	0.04404	0.04177	0.01327	0.00929	0.01263	0.00780	0.01107	0.17566	0.00273	0.13733	0.00437	0.00241	0.00558
17	0.00629	0.00470	0.00576	0.00611	0.00695	0.00444	0.00437	0.03014	0.03456	0.01370	0.18434	0.42071	0.17405	0.04350	0.00622	0.00178	0.00270	0.04133	0.00433	0.00403
18	0.00602	0.00459	0.00550	0.00581	0.00678	0.00422	0.00424	0.02415	0.01021	0.01322	0.15074	0.31389	0.31433	0.03486	0.02652	0.00188	0.00287	0.06199	0.00425	0.00393
19	0.03772	0.00962	0.01230	0.04328	0.01286	0.04664	0.05913	0.17318	0.01108	0.04750	0.00984	0.04200	0.00851	0.01150	0.16380	0.00263	0.22557	0.00440	0.00294	0.07548
20	0.00746	0.00574	0.00756	0.03616	0.00881	0.01758	0.02670	0.02081	0.03813	0.03388	0.12192	0.17789	0.11264	0.12342	0.15177	0.02693	0.04953	0.02537	0.00352	0.00418
21	0.04404	0.00717	0.00897	0.03020	0.01003	0.00754	0.04461	0.12340	0.08740	0.07823	0.07815	0.07331	0.09081	0.12530	0.06719	0.03363	0.02602	0.00602	0.05291	0.00507
22	0.08510	0.00999	0.02248	0.03864	0.01232	0.03339	0.02110	0.33353	0.07253	0.07152	0.04595	0.07260	0.04319	0.03586	0.03534	0.00171	0.00466	0.00507	0.00398	0.05105

[dist]
# distance from previous block
# <min> <max>
0	12

[block]
# block no. 1 follows, 57 sequences, length 15
# corresponding to MSA columns:
# 200-214
name=unknown_B
#
# <colnr> <probs for GDERKNQSTAVLIFYWHMCP>
#	G	D	E	R	K	N	Q	S	T	A	V	L	I	F	Y	W	H	M	C	P
0	0.00961	0.04006	0.08150	0.02440	0.01054	0.04614	0.02314	0.04294	0.10683	0.06275	0.03571	0.03402	0.01229	0.18323	0.19116	0.04509	0.03761	0.00505	0.00303	0.00489
1	0.01229	0.01031	0.00942	0.02815	0.01090	0.19306	0.00650	0.07313	0.12188	0.13676	0.21197	0.05667	0.09542	0.00727	0.00478	0.00140	0.00431	0.00595	0.00421	0.00562
2	0.01433	0.43801	0.01838	0.00947	0.01273	0.30047	0.00818	0.09991	0.03730	0.01301	0.00743	0.00828	0.00628	0.00440	0.00355	0.00110	0.00599	0.00286	0.00244	0.00586
3	0.01095	0.01050	0.01791	0.10780	0.73457	0.01070	0.01377	0.01367	0.01019	0.01448	0.00848	0.01130	0.00706	0.00409	0.00449	0.00136	0.00545	0.00404	0.00222	0.00696
4	0.06087	0.41838	0.01814	0.14942	0.06673	0.08528	0.00892	0.03704	0.00959	0.01213	0.00698	0.00895	0.00604	0.00484	0.00474	0.03391	0.05734	0.00305	0.00214	0.00553
5	0.26711	0.04204	0.01152	0.00964	0.01241	0.40755	0.00757	0.16316	0.01282	0.01706	0.00751	0.00842	0.00592	0.00465	0.00376	0.00127	0.00610	0.00299	0.00287	0.00563
6	0.00648	0.00451	0.00550	0.00573	0.00634	0.00433	0.00389	0.00742	0.04991	0.01139	0.08218	0.27085	0.18428	0.16626	0.01099	0.16110	0.00314	0.00864	0.00360	0.00345
7	0.00597	0.00435	0.00518	0.00542	0.00605	0.00404	0.00364	0.00688	0.00927	0.01224	0.18375	0.27229	0.19900	0.24907	0.01055	0.00242	0.00296	0.00942	0.00395	0.00356
8	0.01693	0.02160	0.01284	0.01167	0.01401	0.82256	0.00876	0.01809	0.01284	0.01109	0.00700	0.00817	0.00584	0.00467	0.00409	0.00117	0.00817	0.00292	0.00233	0.00525
9	0.00965	0.00818	0.01237	0.03487	0.01309	0.00827	0.18415	0.06140	0.18737	0.05165	0.20359	0.06544	0.10161	0.00739	0.00513	0.00152	0.00417	0.03045	0.00406	0.00563
10	0.00643	0.00441	0.00584	0.00600	0.00664	0.00430	0.00429	0.00726	0.00916	0.01245	0.22802	0.19326	0.10029	0.09935	0.11882	0.14032	0.00420	0.04176	0.00367	0.00355
11	0.00644	0.00433	0.00499	0.00513	0.00517	0.00429	0.00295	0.00655	0.00688	0.00917	0.01576	0.14140	0.01834	0.72646	0.02067	0.00404	0.00415	0.00746	0.00295	0.00287
12	0.00673	0.00473	0.00600	0.00563	0.00684	0.00429	0.00424	0.00872	0.01249	0.04363	0.67918	0.03458	0.14704	0.00945	0.00532	0.00144	0.00222	0.00826	0.00490	0.00433
13	0.01122	0.01077	0.01839	0.02781	0.81248	0.01077	0.01391	0.01391	0.01032	0.01480	0.00852	0.01122	0.00718	0.00404	0.00449	0.00135	0.00538	0.00404	0.00224	0.00718
14	0.01115	0.01192	0.01673	0.21725	0.24163	0.16099	0.16208	0.01368	0.01038	0.01302	0.03283	0.01247	0.00803	0.03920	0.00567	0.00153	0.02905	0.00431	0.00231	0.00576

[dist]
# distance from previous block
# <min> <max>
0	1

[block]
# block no. 2 follows, 57 sequences, length 17
# corresponding to MSA columns:
# 216-232
name=unknown_C
#
# <colnr> <probs for GDERKNQSTAVLIFYWHMCP>
#	G	D	E	R	K	N	Q	S	T	A	V	L	I	F	Y	W	H	M	C	P
0	0.87276	0.00876	0.00666	0.00596	0.00876	0.01017	0.00491	0.01332	0.00771	0.02033	0.00631	0.00736	0.00491	0.00421	0.00280	0.00140	0.00351	0.00245	0.00280	0.00491
1	0.00787	0.00394	0.00590	0.00590	0.00590	0.00394	0.00394	0.00590	0.00590	0.00787	0.00787	0.01377	0.00787	0.01574	0.01771	0.86816	0.00394	0.00394	0.00197	0.00197
2	0.24193	0.00598	0.00620	0.00573	0.00701	0.00619	0.00399	0.01048	0.00820	0.11473	0.06334	0.06224	0.01502	0.41588	0.01328	0.00289	0.00386	0.00563	0.00334	0.00410
3	0.00780	0.00396	0.00585	0.00585	0.00585	0.00396	0.00387	0.00594	0.00594	0.00792	0.00823	0.01466	0.00835	0.06196	0.01801	0.81977	0.00396	0.00408	0.00201	0.00201
4	0.01165	0.01085	0.01030	0.00930	0.01174	0.10899	0.00718	0.02237	0.65859	0.01795	0.06702	0.01692	0.01469	0.00617	0.00459	0.00149	0.00405	0.00505	0.00436	0.00676
5	0.01216	0.00930	0.01003	0.00864	0.01122	0.01024	0.00681	0.21920	0.40071	0.05989	0.04575	0.05943	0.09161	0.00694	0.00471	0.00148	0.00370	0.00573	0.02580	0.00667
6	0.03103	0.00496	0.00609	0.00609	0.00725	0.00459	0.00438	0.00941	0.02631	0.12279	0.14445	0.35934	0.17164	0.07208	0.00664	0.00183	0.00283	0.00953	0.00438	0.00438
7	0.00816	0.00542	0.00642	0.00601	0.00745	0.02030	0.00451	0.01016	0.03803	0.11477	0.38641	0.11753	0.21980	0.02756	0.00563	0.00155	0.00265	0.00833	0.00468	0.00461
8	0.11807	0.02681	0.00728	0.00658	0.00819	0.00684	0.00510	0.04150	0.10957	0.02740	0.09560	0.06955	0.16932	0.07160	0.15279	0.00275	0.00481	0.04374	0.02783	0.00467
9	0.04061	0.00492	0.00621	0.00615	0.00701	0.00483	0.00437	0.00913	0.05831	0.06484	0.15963	0.21984	0.06280	0.05299	0.00960	0.24808	0.00314	0.00736	0.02638	0.00380
10	0.00672	0.00444	0.00572	0.00591	0.00663	0.00422	0.00419	0.00729	0.00875	0.03757	0.09194	0.23930	0.19090	0.08883	0.09341	0.16112	0.00398	0.03194	0.00360	0.00355
11	0.00746	0.00502	0.00536	0.00532	0.00595	0.02598	0.00355	0.02739	0.00856	0.01241	0.04871	0.08573	0.06081	0.37981	0.06420	0.00304	0.00404	0.00638	0.23665	0.00361
12	0.00666	0.00492	0.00679	0.00665	0.00776	0.00484	0.03694	0.00824	0.00949	0.02608	0.12984	0.17672	0.18304	0.02857	0.22624	0.00317	0.00537	0.05832	0.06624	0.00411
13	0.10082	0.00637	0.00721	0.00660	0.00832	0.00640	0.00500	0.07847	0.06612	0.11819	0.16508	0.16329	0.14084	0.07647	0.02892	0.00191	0.00341	0.00734	0.00427	0.00498
14	0.06427	0.02938	0.02971	0.23399	0.03014	0.04026	0.06863	0.07853	0.01057	0.05432	0.06047	0.07198	0.05787	0.06860	0.04661	0.00198	0.00526	0.02431	0.01801	0.00512
15	0.06253	0.00760	0.04262	0.04992	0.06840	0.02804	0.00708	0.01102	0.08064	0.01374	0.13336	0.07259	0.06066	0.03078	0.24402	0.00326	0.06997	0.00577	0.00316	0.00484
16	0.11307	0.01788	0.00904	0.09319	0.02417	0.05357	0.02609	0.07642	0.01023	0.02951	0.04886	0.16551	0.07073	0.05649	0.08768	0.00223	0.00496	0.04781	0.00333	0.05923

[dist]
# distance from previous block
# <min> <max>
4	56

[block]
# block no. 3 follows, 57 sequences, length 19
# corresponding to MSA columns:
# 292-310
name=unknown_D
#
# <colnr> <probs for GDERKNQSTAVLIFYWHMCP>
#	G	D	E	R	K	N	Q	S	T	A	V	L	I	F	Y	W	H	M	C	P
0	0.01383	0.04335	0.01092	0.00864	0.01123	0.00982	0.00697	0.18318	0.21156	0.21988	0.04905	0.04767	0.04228	0.04622	0.00613	0.00162	0.05321	0.02338	0.00447	0.00658
1	0.02132	0.00491	0.00598	0.00598	0.00695	0.00462	0.00422	0.03682	0.00988	0.07551	0.13432	0.31481	0.16685	0.12551	0.00854	0.05354	0.00302	0.00910	0.00408	0.00404
2	0.02436	0.00662	0.00976	0.07692	0.17065	0.00651	0.03958	0.01012	0.03131	0.04197	0.11298	0.20120	0.19444	0.03173	0.00561	0.00163	0.00369	0.02236	0.00364	0.00493
3	0.00934	0.00904	0.01377	0.71344	0.06344	0.05395	0.01229	0.02824	0.00952	0.01203	0.00802	0.01175	0.00611	0.00462	0.00477	0.00149	0.02693	0.00397	0.00209	0.00519
4	0.00641	0.00468	0.00664	0.00671	0.00738	0.00520	0.00499	0.00761	0.00738	0.01035	0.01480	0.07892	0.05073	0.14431	0.58820	0.03374	0.00965	0.00586	0.00267	0.00376
5	0.06607	0.00665	0.00770	0.00686	0.00879	0.00661	0.00529	0.10756	0.06835	0.16235	0.18413	0.16335	0.11313	0.02436	0.00520	0.00154	0.00313	0.00719	0.04635	0.00538
6	0.03168	0.00519	0.00609	0.00583	0.00727	0.00477	0.00437	0.04127	0.01136	0.08289	0.26617	0.18940	0.30599	0.01039	0.00526	0.00154	0.00259	0.00894	0.00453	0.00445
7	0.03276	0.00539	0.00700	0.00677	0.00807	0.00510	0.02156	0.01068	0.05341	0.14189	0.17498	0.36828	0.07558	0.04489	0.00604	0.00175	0.00299	0.02371	0.00446	0.00469
8	0.01190	0.01004	0.01060	0.00935	0.01202	0.01156	0.00732	0.10515	0.72221	0.01996	0.01765	0.01627	0.01319	0.00607	0.00460	0.00152	0.00373	0.00501	0.00460	0.00723
9	0.07226	0.00529	0.00643	0.00617	0.00755	0.00497	0.00458	0.01053	0.01042	0.16116	0.20252	0.24874	0.09865	0.07483	0.00646	0.00178	0.00293	0.02950	0.04061	0.00462
10	0.00820	0.00413	0.00602	0.00598	0.00620	0.00411	0.00408	0.00682	0.00650	0.03823	0.00947	0.04958	0.00926	0.01557	0.04898	0.72393	0.00413	0.00439	0.04198	0.00244
11	0.00787	0.00394	0.00590	0.00590	0.00590	0.00394	0.00394	0.00590	0.00590	0.00787	0.00787	0.01377	0.00787	0.01574	0.01771	0.86816	0.00394	0.00394	0.00197	0.00197
12	0.00639	0.00457	0.00591	0.00597	0.00667	0.00460	0.00430	0.00736	0.00860	0.01159	0.13989	0.07877	0.14758	0.20731	0.23562	0.06549	0.00570	0.04676	0.00334	0.00358
13	0.00712	0.00466	0.00582	0.00590	0.00673	0.00438	0.00415	0.00850	0.02320	0.06407	0.24738	0.27366	0.09754	0.17315	0.00886	0.00215	0.00294	0.03347	0.02229	0.00402
14	0.00657	0.00445	0.00525	0.00525	0.00535	0.00456	0.00313	0.00679	0.00668	0.00901	0.01400	0.02811	0.01580	0.73559	0.12731	0.00477	0.00540	0.00636	0.00270	0.00292
15	0.01169	0.00994	0.01048	0.00931	0.01194	0.01147	0.00727	0.07908	0.74861	0.01964	0.01791	0.01648	0.01340	0.00610	0.00461	0.00152	0.00369	0.00505	0.00461	0.00721
16	0.01070	0.01222	0.02674	0.01910	0.02368	0.01146	0.79603	0.01451	0.01070	0.01451	0.00917	0.01222	0.00688	0.00382	0.00535	0.00153	0.00764	0.00535	0.00229	0.00611
17	0.05882	0.04452	0.05777	0.00805	0.01003	0.02313	0.03526	0.14912	0.01021	0.10754	0.00947	0.01241	0.00778	0.01026	0.01088	0.42899	0.00451	0.00388	0.00291	0.00448
18	0.00764	0.00521	0.00538	0.00536	0.00626	0.03983	0.00372	0.00881	0.00936	0.04221	0.09141	0.14198	0.15878	0.22008	0.00926	0.00215	0.00313	0.00730	0.22826	0.00388

[dist]
# distance from previous block
# <min> <max>
1	5

[block]
# block no. 4 follows, 57 sequences, length 23
# corresponding to MSA columns:
# 317-339
name=unknown_E
#
# <colnr> <probs for GDERKNQSTAVLIFYWHMCP>
#	G	D	E	R	K	N	Q	S	T	A	V	L	I	F	Y	W	H	M	C	P
0	0.45982	0.00809	0.00713	0.00644	0.00879	0.04396	0.00510	0.02577	0.04015	0.08891	0.07393	0.06624	0.12094	0.00698	0.01915	0.00155	0.00361	0.00487	0.00356	0.00502
1	0.02567	0.00637	0.00829	0.00787	0.03039	0.00613	0.00580	0.01246	0.05849	0.19902	0.04910	0.34537	0.01930	0.00974	0.02265	0.00166	0.05280	0.02209	0.00415	0.11262
2	0.00988	0.00804	0.00945	0.00677	0.01078	0.00607	0.00543	0.01188	0.00955	0.05004	0.00849	0.00966	0.00691	0.00346	0.00341	0.00070	0.00338	0.00277	0.00281	0.83054
3	0.00548	0.00439	0.00490	0.00520	0.00631	0.00381	0.00374	0.00658	0.00998	0.01243	0.09107	0.29204	0.51381	0.01218	0.00549	0.00162	0.00239	0.01051	0.00426	0.00381
4	0.00730	0.00522	0.00730	0.00835	0.00939	0.00522	0.00730	0.00939	0.01043	0.01356	0.02399	0.05111	0.02608	0.01252	0.00626	0.00209	0.00417	0.78199	0.00417	0.00417
5	0.01211	0.84348	0.02374	0.00775	0.01163	0.01793	0.00775	0.01357	0.00921	0.01066	0.00630	0.00727	0.00582	0.00388	0.00291	0.00097	0.00485	0.00242	0.00194	0.00582
6	0.00838	0.00752	0.01225	0.10691	0.34043	0.00758	0.03425	0.01034	0.00958	0.01307	0.01705	0.32006	0.06286	0.00844	0.00508	0.00158	0.00431	0.02185	0.00310	0.00536
7	0.00596	0.00455	0.00530	0.00520	0.00641	0.00403	0.00386	0.00746	0.01120	0.01478	0.37776	0.08110	0.39399	0.01064	0.00566	0.02452	0.00228	0.00888	0.02246	0.00397
8	0.00659	0.00439	0.00494	0.00494	0.00494	0.00439	0.00275	0.00659	0.00659	0.00879	0.01428	0.02965	0.01647	0.84075	0.02306	0.00439	0.00439	0.00659	0.00275	0.00275
9	0.00726	0.00575	0.00719	0.00735	0.03460	0.00587	0.00526	0.01082	0.14572	0.01595	0.37528	0.20703	0.09084	0.00983	0.00564	0.00157	0.03202	0.02282	0.00448	0.00472
10	0.00944	0.00626	0.00759	0.00756	0.02467	0.05396	0.00544	0.03480	0.00935	0.11341	0.06178	0.22405	0.01756	0.06756	0.10810	0.17261	0.02216	0.04599	0.00349	0.00422
11	0.01223	0.01021	0.01078	0.00941	0.01215	0.01172	0.00740	0.14829	0.67853	0.02050	0.01723	0.01594	0.01285	0.00603	0.00460	0.00151	0.00381	0.00496	0.00460	0.00726
12	0.87276	0.00876	0.00666	0.00596	0.00876	0.01017	0.00491	0.01332	0.00771	0.02033	0.00631	0.00736	0.00491	0.00421	0.00280	0.00140	0.00351	0.00245	0.00280	0.00491
13	0.87276	0.00876	0.00666	0.00596	0.00876	0.01017	0.00491	0.01332	0.00771	0.02033	0.00631	0.00736	0.00491	0.00421	0.00280	0.00140	0.00351	0.00245	0.00280	0.00491
14	0.04101	0.00927	0.02853	0.12671	0.29803	0.00978	0.01018	0.11411	0.01125	0.03408	0.08498	0.06158	0.02844	0.00752	0.05116	0.00179	0.06756	0.00503	0.00300	0.00600
15	0.00845	0.00422	0.00422	0.00422	0.00528	0.00422	0.00317	0.01056	0.00950	0.01689	0.01478	0.01689	0.01161	0.00528	0.00317	0.00106	0.00211	0.00422	0.86591	0.00422
16	0.03134	0.08007	0.03189	0.02412	0.03585	0.14171	0.02329	0.18942	0.07473	0.08189	0.12757	0.03025	0.01350	0.00748	0.04894	0.00169	0.04193	0.00465	0.00364	0.00604
17	0.08320	0.02981	0.00738	0.00657	0.00777	0.11665	0.00466	0.03451	0.00915	0.03168	0.06291	0.07295	0.08311	0.34104	0.07100	0.00300	0.00497	0.00603	0.00312	0.02050
18	0.06144	0.36047	0.16245	0.00789	0.01144	0.03135	0.00806	0.01216	0.02912	0.01299	0.06992	0.01778	0.18644	0.00609	0.00393	0.00125	0.00441	0.00464	0.00277	0.00540
19	0.00979	0.05492	0.00917	0.00720	0.02208	0.02868	0.00557	0.10230	0.04181	0.06333	0.25153	0.04336	0.13228	0.02552	0.00499	0.00132	0.00332	0.00600	0.00402	0.18282
20	0.07727	0.00864	0.07869	0.00802	0.01005	0.02093	0.05561	0.05759	0.08986	0.05326	0.03312	0.06822	0.03097	0.30158	0.02746	0.00261	0.02772	0.00566	0.00322	0.03952
21	0.02676	0.35168	0.06322	0.01095	0.09626	0.05110	0.04378	0.07757	0.06812	0.02749	0.01102	0.04672	0.04493	0.00568	0.01957	0.00135	0.01698	0.00402	0.00272	0.03009
22	0.01128	0.06978	0.06304	0.05242	0.08669	0.05444	0.07173	0.08806	0.10226	0.05542	0.01304	0.04109	0.05219	0.02486	0.00585	0.00148	0.08074	0.03220	0.00312	0.09031

[dist]
# distance from previous block
# <min> <max>
2	109

[block]
# block no. 5 follows, 57 sequences, length 12
# corresponding to MSA columns:
# 481-492
name=unknown_F
#
# <colnr> <probs for GDERKNQSTAVLIFYWHMCP>
#	G	D	E	R	K	N	Q	S	T	A	V	L	I	F	Y	W	H	M	C	P
0	0.09574	0.05563	0.00907	0.02617	0.02829	0.03426	0.04216	0.04408	0.02670	0.05516	0.15774	0.10607	0.24156	0.02281	0.00530	0.00153	0.01676	0.02232	0.00385	0.00481
1	0.02627	0.09188	0.01048	0.07334	0.06591	0.12481	0.00684	0.04735	0.03651	0.03192	0.12743	0.05998	0.18482	0.04640	0.00556	0.00156	0.00431	0.04620	0.00347	0.00497
2	0.12136	0.01191	0.01138	0.00935	0.01237	0.09271	0.00752	0.41689	0.16372	0.02292	0.03826	0.01354	0.04675	0.00574	0.00435	0.00139	0.00464	0.00434	0.00411	0.00673
3	0.07357	0.01243	0.01314	0.01013	0.01370	0.01380	0.00837	0.74574	0.02041	0.02802	0.01058	0.01065	0.00752	0.00536	0.00442	0.00136	0.00489	0.00397	0.00442	0.00752
4	0.01304	0.00931	0.01213	0.03309	0.09155	0.06178	0.05963	0.15720	0.01218	0.18836	0.03957	0.03072	0.01089	0.05106	0.17126	0.00275	0.04110	0.00477	0.00357	0.00603
5	0.04355	0.00850	0.01052	0.00974	0.04818	0.05938	0.05093	0.06742	0.07257	0.15578	0.10017	0.07686	0.06706	0.00835	0.01919	0.00168	0.06824	0.12223	0.00401	0.00562
6	0.00845	0.00422	0.00422	0.00422	0.00528	0.00422	0.00317	0.01056	0.00950	0.01689	0.01478	0.01689	0.01161	0.00528	0.00317	0.00106	0.00211	0.00422	0.86591	0.00422
7	0.00985	0.00876	0.01413	0.63694	0.09446	0.01040	0.03073	0.06949	0.03459	0.03439	0.00890	0.01216	0.00665	0.00462	0.00455	0.00148	0.00581	0.00411	0.00240	0.00557
8	0.01155	0.00933	0.01409	0.26744	0.20048	0.01020	0.04586	0.16542	0.03001	0.07304	0.01090	0.04101	0.00882	0.00742	0.06722	0.00190	0.00586	0.02023	0.00303	0.00619
9	0.00860	0.00674	0.00778	0.00756	0.00866	0.07097	0.02325	0.01007	0.02601	0.08216	0.08506	0.30554	0.10840	0.06366	0.02829	0.00200	0.06774	0.07916	0.00389	0.00444
10	0.56604	0.00930	0.01052	0.06573	0.24408	0.01033	0.00802	0.01338	0.00856	0.01815	0.00707	0.00879	0.00564	0.00418	0.00341	0.00139	0.00422	0.00302	0.00259	0.00558
11	0.87276	0.00876	0.00666	0.00596	0.00876	0.01017	0.00491	0.01332	0.00771	0.02033	0.00631	0.00736	0.00491	0.00421	0.00280	0.00140	0.00351	0.00245	0.00280	0.00491

[dist]
# distance from previous block
# <min> <max>
0	1

[block]
# block no. 6 follows, 57 sequences, length 29
# corresponding to MSA columns:
# 494-522
name=unknown_G
#
# <colnr> <probs for GDERKNQSTAVLIFYWHMCP>
#	G	D	E	R	K	N	Q	S	T	A	V	L	I	F	Y	W	H	M	C	P
0	0.01186	0.01111	0.04773	0.05537	0.05481	0.07676	0.08334	0.13983	0.06792	0.06282	0.01029	0.03001	0.00847	0.00964	0.11459	0.00232	0.19983	0.00444	0.00297	0.00590
1	0.00783	0.00403	0.00600	0.00608	0.00615	0.00403	0.00417	0.00615	0.00623	0.00828	0.00902	0.01643	0.00917	0.01551	0.01690	0.80660	0.00395	0.05924	0.00212	0.00212
2	0.00905	0.00973	0.12547	0.01073	0.09496	0.00806	0.04974	0.05535	0.14751	0.03115	0.15386	0.05806	0.12197	0.00961	0.07492	0.00199	0.00480	0.02373	0.00367	0.00566
3	0.80353	0.00918	0.00717	0.00674	0.02848	0.03834	0.00531	0.01342	0.00801	0.01973	0.00677	0.00842	0.00545	0.00440	0.00296	0.00141	0.00373	0.01920	0.00280	0.00496
4	0.87276	0.00876	0.00666	0.00596	0.00876	0.01017	0.00491	0.01332	0.00771	0.02033	0.00631	0.00736	0.00491	0.00421	0.00280	0.00140	0.00351	0.00245	0.00280	0.00491
5	0.00950	0.00939	0.01306	0.01128	0.01140	0.01295	0.00936	0.01053	0.00715	0.01097	0.00857	0.01223	0.05397	0.00919	0.04692	0.00217	0.75003	0.00433	0.00213	0.00485
6	0.01211	0.84348	0.02374	0.00775	0.01163	0.01793	0.00775	0.01357	0.00921	0.01066	0.00630	0.00727	0.00582	0.00388	0.00291	0.00097	0.00485	0.00242	0.00194	0.00582
7	0.00940	0.00805	0.00940	0.00671	0.01074	0.00604	0.00537	0.01141	0.00940	0.01477	0.00805	0.00940	0.00671	0.00336	0.00336	0.00067	0.00336	0.00268	0.00268	0.86845
8	0.01654	0.01218	0.01311	0.01018	0.01361	0.01344	0.00835	0.75073	0.02056	0.02756	0.01171	0.05963	0.00902	0.00596	0.00461	0.00139	0.00485	0.00460	0.00451	0.00747
9	0.87276	0.00876	0.00666	0.00596	0.00876	0.01017	0.00491	0.01332	0.00771	0.02033	0.00631	0.00736	0.00491	0.00421	0.00280	0.00140	0.00351	0.00245	0.00280	0.00491
10	0.00991	0.00991	0.01388	0.01190	0.01190	0.01388	0.00991	0.01091	0.00694	0.01091	0.00595	0.00991	0.00595	0.00793	0.01487	0.00198	0.83246	0.00397	0.00198	0.00496
11	0.00620	0.00480	0.00570	0.00563	0.00691	0.00436	0.00434	0.00818	0.03009	0.01529	0.39744	0.03928	0.34952	0.01044	0.00543	0.00154	0.00246	0.09366	0.00458	0.00415
12	0.00659	0.00441	0.00502	0.00502	0.00504	0.00443	0.00284	0.00664	0.00661	0.00884	0.01421	0.02927	0.01631	0.81446	0.04913	0.00449	0.00465	0.00653	0.00274	0.00279
13	0.00551	0.00398	0.00522	0.00621	0.00655	0.00369	0.00416	0.00632	0.00877	0.01161	0.02622	0.79052	0.07644	0.01403	0.00576	0.00182	0.00261	0.01268	0.00421	0.00369
14	0.00632	0.00483	0.00569	0.00638	0.00713	0.02860	0.00459	0.00737	0.00944	0.02726	0.02862	0.53624	0.19377	0.01297	0.00567	0.00177	0.00293	0.10235	0.00417	0.00389
15	0.01065	0.00848	0.00918	0.00795	0.01029	0.00917	0.00625	0.20620	0.30845	0.01988	0.17794	0.02379	0.16743	0.00759	0.00488	0.00147	0.00340	0.00631	0.00459	0.00610
16	0.00688	0.00584	0.00787	0.00787	0.00818	0.00684	0.00590	0.00780	0.00839	0.01161	0.04405	0.49877	0.08325	0.01192	0.00852	0.00185	0.25705	0.00975	0.00355	0.00410
17	0.07360	0.00890	0.01024	0.00905	0.01154	0.00950	0.00765	0.35096	0.01514	0.08588	0.01659	0.02775	0.01544	0.00831	0.00513	0.00167	0.00445	0.32782	0.00435	0.00604
18	0.01275	0.00929	0.01007	0.00839	0.01091	0.01009	0.00671	0.41692	0.11133	0.02198	0.03596	0.06522	0.08604	0.00729	0.00515	0.03817	0.00395	0.02563	0.10794	0.00621
19	0.00659	0.00474	0.00605	0.00677	0.00759	0.00461	0.00524	0.00835	0.03715	0.01277	0.02577	0.32409	0.12188	0.06158	0.00676	0.00199	0.00328	0.30102	0.04978	0.00398
20	0.00653	0.00460	0.00578	0.00589	0.00627	0.00479	0.00393	0.00742	0.02225	0.01019	0.03937	0.11078	0.03279	0.46283	0.23235	0.00464	0.00614	0.02709	0.00298	0.00337
21	0.00577	0.00423	0.00548	0.00639	0.00694	0.00394	0.00458	0.00681	0.00917	0.01196	0.02767	0.60923	0.13537	0.01357	0.00580	0.00184	0.00282	0.13047	0.00420	0.00378
22	0.00720	0.00477	0.00601	0.00618	0.00678	0.00471	0.00428	0.04902	0.00876	0.02924	0.03550	0.30076	0.08761	0.20347	0.06044	0.13303	0.00398	0.04120	0.00349	0.00358
23	0.25686	0.00772	0.02146	0.00666	0.00813	0.04975	0.00501	0.04981	0.00868	0.03502	0.01408	0.08461	0.07169	0.27871	0.03001	0.00258	0.05637	0.00549	0.00306	0.00427
24	0.00927	0.07215	0.77013	0.01261	0.01914	0.01096	0.01621	0.01430	0.00955	0.01413	0.00802	0.00943	0.00574	0.00428	0.00422	0.00141	0.00659	0.00329	0.00191	0.00664
25	0.01988	0.00510	0.00599	0.00621	0.00726	0.00500	0.00448	0.02485	0.08611	0.04149	0.05247	0.39323	0.17342	0.04053	0.02389	0.00185	0.00300	0.02279	0.07814	0.00433
26	0.05634	0.03350	0.01220	0.05323	0.05200	0.00879	0.11097	0.14047	0.04515	0.06705	0.02558	0.19370	0.03682	0.03487	0.02001	0.00167	0.01620	0.01629	0.00354	0.07162
27	0.01041	0.00934	0.07887	0.04371	0.06054	0.04568	0.02313	0.03764	0.04370	0.10990	0.08622	0.11164	0.02551	0.05100	0.04949	0.00184	0.05477	0.00550	0.00339	0.14774
28	0.02609	0.00567	0.00648	0.02188	0.00751	0.01627	0.00436	0.05187	0.03233	0.01196	0.02888	0.07285	0.16101	0.30911	0.11880	0.05526	0.00487	0.00653	0.00317	0.05510

[dist]
# distance from previous block
# <min> <max>
6	73

[block]
# block no. 7 follows, 57 sequences, length 30
# corresponding to MSA columns:
# 600-629
name=unknown_H
#
# <colnr> <probs for GDERKNQSTAVLIFYWHMCP>
#	G	D	E	R	K	N	Q	S	T	A	V	L	I	F	Y	W	H	M	C	P
0	0.07002	0.00958	0.08009	0.05160	0.05940	0.04032	0.07067	0.08403	0.06869	0.06129	0.05799	0.17281	0.05938	0.05187	0.02611	0.00182	0.01901	0.00641	0.00348	0.00543
1	0.05409	0.02000	0.03574	0.03931	0.09055	0.06813	0.05454	0.09333	0.15133	0.08058	0.04202	0.12314	0.05621	0.00728	0.01800	0.00158	0.03352	0.00576	0.01895	0.00594
2	0.02302	0.00758	0.02253	0.02373	0.07993	0.05264	0.00623	0.05581	0.05982	0.10810	0.18810	0.15314	0.13001	0.06137	0.00614	0.00167	0.00363	0.00727	0.00411	0.00517
3	0.06036	0.00834	0.05632	0.19564	0.15380	0.00822	0.00894	0.05465	0.02373	0.01407	0.03403	0.12391	0.09675	0.03401	0.00603	0.03191	0.02489	0.03917	0.02010	0.00513
4	0.04817	0.00751	0.02175	0.04352	0.12636	0.01718	0.10586	0.02521	0.02597	0.03534	0.01341	0.13694	0.01354	0.23787	0.07921	0.00277	0.00534	0.00618	0.02601	0.02185
5	0.03594	0.00538	0.00702	0.06925	0.00913	0.00545	0.02177	0.00874	0.02808	0.03315	0.20346	0.17771	0.17932	0.11238	0.05886	0.00227	0.02600	0.00808	0.00383	0.00417
6	0.00779	0.00524	0.00650	0.00619	0.00742	0.00490	0.00455	0.02833	0.01055	0.08255	0.24073	0.22501	0.14897	0.10407	0.00753	0.00186	0.02517	0.02511	0.00424	0.05327
7	0.05195	0.00573	0.00769	0.02327	0.03521	0.00592	0.01598	0.05977	0.00903	0.07232	0.05751	0.16322	0.02956	0.05896	0.08800	0.25851	0.02093	0.00612	0.02627	0.00403
8	0.04175	0.16499	0.22100	0.02840	0.04752	0.08725	0.05492	0.08468	0.08770	0.03480	0.01053	0.01158	0.03416	0.00572	0.02915	0.00150	0.02108	0.00378	0.00272	0.02676
9	0.01262	0.04148	0.05044	0.01010	0.01211	0.38974	0.00810	0.01498	0.07801	0.02882	0.01249	0.08475	0.05893	0.00872	0.07003	0.00187	0.10412	0.00470	0.00281	0.00520
10	0.03339	0.00821	0.00955	0.00708	0.01071	0.00685	0.00568	0.07216	0.01059	0.04538	0.06664	0.01146	0.00950	0.00416	0.00389	0.00086	0.02315	0.00328	0.00309	0.66437
11	0.02891	0.00767	0.03679	0.00933	0.03239	0.00735	0.12191	0.02098	0.07138	0.03489	0.24070	0.07387	0.15307	0.00868	0.02217	0.01768	0.07533	0.00686	0.00375	0.02629
12	0.00701	0.00551	0.00676	0.00748	0.07183	0.00517	0.00499	0.02559	0.05469	0.03076	0.15987	0.17466	0.35974	0.04261	0.00599	0.00167	0.00286	0.02420	0.00418	0.00446
13	0.02468	0.00535	0.00648	0.00645	0.00756	0.00514	0.00463	0.07061	0.01887	0.05688	0.09963	0.41083	0.10218	0.08780	0.00716	0.01563	0.00307	0.02453	0.00413	0.03839
14	0.02282	0.00502	0.00624	0.00630	0.00740	0.00478	0.00460	0.00964	0.06314	0.07894	0.25622	0.34930	0.11120	0.02740	0.00573	0.00168	0.00270	0.02791	0.00452	0.00444
15	0.07296	0.00505	0.00576	0.00580	0.00692	0.00485	0.00418	0.00868	0.04035	0.04413	0.16981	0.23524	0.22432	0.10627	0.00753	0.02050	0.00287	0.02662	0.00409	0.00407
16	0.15792	0.00785	0.00885	0.00793	0.02956	0.00811	0.00600	0.13769	0.08511	0.18314	0.05556	0.13868	0.01471	0.07528	0.00597	0.00170	0.00372	0.02009	0.01865	0.03349
17	0.00565	0.00402	0.00530	0.00628	0.00656	0.00378	0.00421	0.00643	0.00859	0.01144	0.02421	0.75622	0.02892	0.07058	0.00698	0.00202	0.00280	0.03826	0.00411	0.00363
18	0.00668	0.00518	0.00590	0.00602	0.00721	0.00503	0.00441	0.00968	0.12943	0.01418	0.14672	0.26549	0.28093	0.02106	0.00549	0.00163	0.00262	0.02716	0.05083	0.00437
19	0.12172	0.00692	0.00784	0.00698	0.00880	0.00714	0.00535	0.14464	0.03118	0.12110	0.12609	0.12540	0.05064	0.09683	0.03216	0.05028	0.00382	0.02685	0.02118	0.00506
20	0.00645	0.00479	0.00596	0.00663	0.00735	0.00473	0.00477	0.00872	0.09275	0.01278	0.03725	0.53194	0.08916	0.04037	0.00620	0.00187	0.00293	0.10650	0.02473	0.00411
21	0.00779	0.00399	0.00598	0.00598	0.00603	0.00403	0.00403	0.00603	0.00598	0.00802	0.00811	0.01400	0.00807	0.01678	0.06335	0.81936	0.00440	0.00399	0.00199	0.00209
22	0.00837	0.00491	0.00657	0.00642	0.00696	0.00507	0.00449	0.03869	0.07595	0.02568	0.02992	0.11210	0.01232	0.04044	0.04286	0.54269	0.00401	0.00533	0.02405	0.00315
23	0.00746	0.00455	0.00615	0.00604	0.00624	0.00480	0.00405	0.02237	0.00668	0.00908	0.01068	0.01951	0.01121	0.29037	0.14788	0.40781	0.02507	0.00496	0.00235	0.00274
24	0.01129	0.00825	0.01007	0.00936	0.01144	0.02689	0.02883	0.25959	0.01404	0.05132	0.01881	0.03489	0.01868	0.00958	0.00557	0.00179	0.00460	0.46525	0.00425	0.00551
25	0.00589	0.00413	0.00520	0.00583	0.00608	0.00393	0.00376	0.00652	0.00832	0.01112	0.06668	0.53354	0.04216	0.26229	0.01094	0.00258	0.00312	0.01066	0.00381	0.00344
26	0.00576	0.00410	0.00533	0.00611	0.00646	0.00385	0.00410	0.00662	0.00891	0.01195	0.10005	0.64278	0.04352	0.10353	0.00762	0.00208	0.00280	0.02667	0.00412	0.00365
27	0.00693	0.00522	0.00662	0.00699	0.00820	0.00509	0.00572	0.00954	0.06607	0.01472	0.21753	0.07993	0.17162	0.01118	0.00574	0.00178	0.00323	0.36519	0.00441	0.00432
28	0.01127	0.00973	0.01025	0.00922	0.01178	0.01127	0.00717	0.02408	0.80430	0.01896	0.01844	0.01691	0.01383	0.00615	0.00461	0.00154	0.00359	0.00512	0.00461	0.00717
29	0.04228	0.01352	0.01080	0.00936	0.01189	0.30624	0.00728	0.17773	0.12278	0.07478	0.06311	0.01536	0.07817	0.00597	0.00439	0.00132	0.00531	0.00450	0.03924	0.00596

[dist]
# distance from previous block
# <min> <max>
2	4

[block]
# block no. 8 follows, 57 sequences, length 18
# corresponding to MSA columns:
# 635-652
name=unknown_I
#
# <colnr> <probs for GDERKNQSTAVLIFYWHMCP>
#	G	D	E	R	K	N	Q	S	T	A	V	L	I	F	Y	W	H	M	C	P
0	0.00658	0.00442	0.00510	0.00510	0.00516	0.00448	0.00294	0.00669	0.00664	0.00890	0.01413	0.02885	0.01613	0.78622	0.07712	0.00459	0.00492	0.00647	0.00272	0.00283
1	0.00991	0.00991	0.01388	0.01190	0.01190	0.01388	0.00991	0.01091	0.00694	0.01091	0.00595	0.00991	0.00595	0.00793	0.01487	0.00198	0.83246	0.00397	0.00198	0.00496
2	0.01385	0.01078	0.01160	0.00962	0.01255	0.01211	0.00771	0.41793	0.33445	0.02318	0.01465	0.05352	0.01138	0.00726	0.03657	0.00169	0.00459	0.00495	0.00447	0.00715
3	0.00688	0.00507	0.00592	0.00600	0.00684	0.00497	0.00419	0.04539	0.05610	0.01295	0.11271	0.25081	0.17222	0.23117	0.01033	0.01732	0.00323	0.04009	0.00391	0.00391
4	0.07123	0.00748	0.00883	0.02766	0.01013	0.00756	0.00589	0.16808	0.04289	0.16432	0.05312	0.11116	0.04483	0.07384	0.03747	0.07862	0.00413	0.00562	0.00394	0.07320
5	0.00909	0.02344	0.81727	0.01292	0.01961	0.01052	0.01674	0.01435	0.00957	0.01435	0.00813	0.00957	0.00574	0.00431	0.00431	0.00144	0.00670	0.00335	0.00191	0.00670
6	0.01076	0.01118	0.02142	0.07009	0.38116	0.01121	0.34902	0.01385	0.01021	0.01426	0.00862	0.01162	0.00691	0.00420	0.00547	0.00147	0.05525	0.00459	0.00224	0.00646
7	0.00639	0.00469	0.00571	0.00622	0.00694	0.00451	0.00440	0.03058	0.03673	0.01261	0.05212	0.46167	0.15128	0.10374	0.00752	0.00204	0.00298	0.07567	0.02030	0.00391
8	0.01264	0.00878	0.00988	0.00817	0.01054	0.00935	0.00641	0.32203	0.12809	0.09338	0.20586	0.02018	0.01851	0.11701	0.00719	0.00181	0.00392	0.00560	0.00451	0.00615
9	0.87276	0.00876	0.00666	0.00596	0.00876	0.01017	0.00491	0.01332	0.00771	0.02033	0.00631	0.00736	0.00491	0.00421	0.00280	0.00140	0.00351	0.00245	0.00280	0.00491
10	0.00567	0.00407	0.00525	0.00614	0.00648	0.00381	0.00412	0.00645	0.00863	0.01141	0.02515	0.68874	0.07426	0.09299	0.00743	0.00207	0.00283	0.03683	0.00407	0.00362
11	0.02244	0.00485	0.00592	0.00616	0.00709	0.00464	0.00446	0.00866	0.05643	0.03539	0.19758	0.32404	0.14842	0.07370	0.00701	0.01767	0.00284	0.06433	0.00426	0.00410
12	0.01044	0.00568	0.00689	0.00616	0.00727	0.00565	0.00432	0.08329	0.00933	0.15573	0.01357	0.02105	0.01265	0.36430	0.04071	0.14054	0.00428	0.00525	0.09871	0.00418
13	0.32303	0.00849	0.00926	0.02400	0.01095	0.00869	0.00621	0.10483	0.01179	0.39148	0.01263	0.01204	0.00849	0.00505	0.00387	0.00138	0.00382	0.00373	0.04374	0.00650
14	0.00675	0.00498	0.00724	0.00716	0.00802	0.00572	0.00554	0.02460	0.00780	0.01127	0.03967	0.01850	0.01248	0.05337	0.73630	0.00673	0.01119	0.00498	0.02361	0.00410
15	0.00673	0.00482	0.00575	0.00583	0.00691	0.00443	0.00422	0.03908	0.01061	0.04206	0.18813	0.30437	0.27776	0.05624	0.00641	0.00177	0.00268	0.02376	0.00435	0.00411
16	0.37810	0.00753	0.02291	0.00644	0.00872	0.00773	0.00526	0.06575	0.01087	0.07665	0.25485	0.03668	0.07283	0.00680	0.00416	0.00144	0.00319	0.02112	0.00392	0.00503
17	0.02445	0.00598	0.00736	0.00660	0.00837	0.00571	0.00514	0.04595	0.03121	0.19730	0.23195	0.10565	0.19685	0.00912	0.00564	0.01764	0.03143	0.02952	0.02905	0.00511

[dist]
# distance from previous block
# <min> <max>
5	30

# created by:
# /st0/software/busco_prod/Augustus/scripts/msa2prfl.pl ./align_prep/31374.fa
