[name]
unknown

[dist]
# distance from previous block
# <min> <max>
0	5

[block]
# block no. 0 follows, 61 sequences, length 14
# corresponding to MSA columns:
# 41-54
name=unknown_A
#
# <colnr> <probs for GDERKNQSTAVLIFYWHMCP>
#	G	D	E	R	K	N	Q	S	T	A	V	L	I	F	Y	W	H	M	C	P
0	0.00683	0.00488	0.00682	0.00781	0.00876	0.00487	0.00676	0.00874	0.00981	0.01277	0.02287	0.09884	0.02502	0.01200	0.00592	0.00197	0.00387	0.74356	0.00397	0.00394
1	0.01067	0.33813	0.38145	0.01060	0.01536	0.10627	0.05630	0.01377	0.00938	0.01196	0.00700	0.00825	0.00556	0.00395	0.00362	0.00117	0.00590	0.00291	0.00189	0.00586
2	0.00729	0.00625	0.01004	0.00923	0.03202	0.00726	0.09256	0.00897	0.00744	0.01087	0.01074	0.04591	0.01004	0.02255	0.52076	0.00491	0.14532	0.00477	0.03880	0.00427
3	0.00585	0.00438	0.00545	0.00546	0.00642	0.00404	0.00399	0.00770	0.03298	0.01485	0.47713	0.22373	0.17166	0.01019	0.00516	0.00147	0.00221	0.00898	0.00443	0.00393
4	0.00765	0.00810	0.06762	0.01025	0.01261	0.00694	0.25850	0.03448	0.04277	0.01342	0.08184	0.30134	0.11891	0.00848	0.00511	0.00154	0.00430	0.00806	0.00336	0.00474
5	0.04608	0.02473	0.06696	0.36322	0.25793	0.04268	0.11237	0.01252	0.00928	0.01274	0.00779	0.01070	0.00608	0.00405	0.00427	0.00136	0.00575	0.00382	0.00205	0.00563
6	0.01177	0.00776	0.01039	0.00823	0.01067	0.00792	0.12451	0.21641	0.03965	0.10803	0.03363	0.01420	0.01021	0.00501	0.00390	0.00121	0.00372	0.00430	0.37290	0.00559
7	0.00614	0.00415	0.00486	0.00498	0.00505	0.00417	0.00293	0.00632	0.00653	0.00875	0.01461	0.12063	0.01683	0.70529	0.06788	0.00406	0.00442	0.00685	0.00275	0.00278
8	0.00889	0.07439	0.24700	0.00993	0.01308	0.05270	0.09982	0.01155	0.00855	0.04523	0.00973	0.01324	0.00828	0.06189	0.28732	0.00338	0.02076	0.00404	0.01512	0.00507
9	0.01156	0.00972	0.03115	0.05897	0.25896	0.00983	0.07593	0.19965	0.09201	0.06801	0.01299	0.10416	0.03600	0.00574	0.00452	0.00139	0.00463	0.00516	0.00332	0.00630
10	0.01437	0.01102	0.04469	0.03174	0.02947	0.13668	0.00739	0.24861	0.06876	0.19538	0.01251	0.04516	0.00938	0.00535	0.00412	0.00127	0.00454	0.00419	0.11915	0.00622
11	0.04065	0.01059	0.01006	0.00891	0.01137	0.10412	0.00694	0.09988	0.58345	0.01810	0.04802	0.01491	0.01254	0.00568	0.00429	0.00140	0.00398	0.00457	0.00409	0.00648
12	0.31041	0.14138	0.02873	0.03624	0.01205	0.22934	0.04005	0.06860	0.01014	0.04818	0.00743	0.02291	0.00602	0.00442	0.00360	0.00123	0.01841	0.00301	0.00259	0.00524
13	0.00733	0.00384	0.00576	0.00576	0.00585	0.00393	0.00393	0.00585	0.00576	0.00777	0.00794	0.01353	0.00786	0.01694	0.10961	0.77585	0.00463	0.00384	0.00192	0.00210

[dist]
# distance from previous block
# <min> <max>
0	24

[block]
# block no. 1 follows, 61 sequences, length 6
# corresponding to MSA columns:
# 80-85
name=unknown_B
#
# <colnr> <probs for GDERKNQSTAVLIFYWHMCP>
#	G	D	E	R	K	N	Q	S	T	A	V	L	I	F	Y	W	H	M	C	P
0	0.10479	0.11680	0.31765	0.00929	0.01357	0.02947	0.00994	0.09168	0.01024	0.10934	0.00892	0.00991	0.00664	0.00630	0.06484	0.00164	0.00550	0.00323	0.00267	0.07761
1	0.01390	0.03942	0.05340	0.03830	0.01421	0.48149	0.05534	0.07562	0.08062	0.01276	0.00796	0.00923	0.00640	0.00483	0.00503	0.00127	0.08900	0.00331	0.00249	0.00542
2	0.00555	0.00431	0.00502	0.00523	0.00627	0.00385	0.00389	0.00680	0.00984	0.01258	0.18462	0.18648	0.41287	0.04754	0.00598	0.00166	0.00248	0.08728	0.00408	0.00368
3	0.06162	0.03195	0.00769	0.00711	0.00867	0.04469	0.00537	0.01396	0.31428	0.01477	0.04495	0.27939	0.05081	0.00839	0.00454	0.00149	0.00316	0.02406	0.06807	0.00503
4	0.05780	0.04584	0.05591	0.00894	0.01195	0.00923	0.04673	0.14151	0.07141	0.35598	0.03379	0.04735	0.01039	0.00567	0.00511	0.00139	0.07595	0.00446	0.00410	0.00649
5	0.06463	0.00980	0.00989	0.00860	0.01111	0.04675	0.00677	0.16599	0.51356	0.01940	0.08388	0.01547	0.01358	0.00580	0.00430	0.00140	0.00372	0.00469	0.00420	0.00646

[dist]
# distance from previous block
# <min> <max>
0	1

[block]
# block no. 2 follows, 61 sequences, length 34
# corresponding to MSA columns:
# 87-97,99-121
name=unknown_C
#
# <colnr> <probs for GDERKNQSTAVLIFYWHMCP>
#	G	D	E	R	K	N	Q	S	T	A	V	L	I	F	Y	W	H	M	C	P
0	0.01546	0.01159	0.04128	0.00947	0.01302	0.01194	0.00800	0.62416	0.04135	0.08386	0.01070	0.01065	0.00759	0.00498	0.00420	0.00124	0.00454	0.00379	0.00413	0.08807
1	0.01001	0.10934	0.12461	0.26640	0.06240	0.04266	0.16550	0.04981	0.00985	0.04196	0.00931	0.07191	0.00781	0.00481	0.00432	0.00136	0.00568	0.00441	0.00236	0.00551
2	0.01602	0.01321	0.03899	0.03919	0.01312	0.30411	0.02299	0.09512	0.05667	0.30703	0.02860	0.01176	0.00875	0.00502	0.00436	0.00127	0.02011	0.00378	0.00369	0.00620
3	0.00550	0.00390	0.00490	0.00559	0.00612	0.00360	0.00384	0.00649	0.00882	0.01195	0.08815	0.61449	0.13284	0.01216	0.00523	0.00162	0.00238	0.01087	0.06796	0.00360
4	0.00605	0.00448	0.00546	0.00596	0.00667	0.00426	0.00415	0.06500	0.00939	0.01226	0.02628	0.62200	0.17338	0.02599	0.00560	0.00170	0.00263	0.01095	0.00400	0.00379
5	0.01232	0.37921	0.08387	0.01019	0.01365	0.15710	0.11011	0.08016	0.01048	0.03503	0.00737	0.00868	0.00607	0.00483	0.02228	0.00128	0.04634	0.00312	0.00226	0.00566
6	0.00699	0.00475	0.00531	0.00511	0.00537	0.00484	0.00305	0.06520	0.00733	0.00979	0.01354	0.04362	0.01531	0.76946	0.02029	0.00391	0.00418	0.00621	0.00276	0.00298
7	0.01027	0.07373	0.03705	0.14095	0.13929	0.00954	0.05804	0.12335	0.01057	0.01486	0.00839	0.02701	0.00691	0.00468	0.01919	0.00121	0.02552	0.00356	0.00254	0.28333
8	0.00567	0.00445	0.00480	0.00482	0.00609	0.00396	0.00357	0.00732	0.03863	0.01293	0.14997	0.12192	0.53643	0.01026	0.00495	0.00144	0.00222	0.00871	0.06802	0.00382
9	0.00892	0.00804	0.03018	0.00653	0.01043	0.00585	0.00539	0.01092	0.00894	0.01403	0.00766	0.00894	0.00636	0.00321	0.00321	0.00066	0.00327	0.00257	0.00253	0.85237
10	0.01374	0.06337	0.04021	0.05008	0.10890	0.21711	0.08290	0.26771	0.05982	0.02587	0.00895	0.01002	0.00685	0.00461	0.00436	0.00127	0.02140	0.00365	0.00297	0.00621
11	0.54909	0.05417	0.00914	0.02097	0.01020	0.03276	0.03286	0.06632	0.05183	0.10929	0.02307	0.00927	0.00677	0.00440	0.00324	0.00131	0.00381	0.00302	0.00312	0.00534
12	0.04007	0.00492	0.00564	0.00552	0.00628	0.00491	0.00375	0.06622	0.00901	0.03346	0.11413	0.21564	0.05797	0.34505	0.01161	0.00255	0.00329	0.00745	0.05884	0.00367
13	0.02525	0.01165	0.03926	0.05197	0.48424	0.10088	0.03979	0.11515	0.01123	0.01512	0.00933	0.01127	0.03405	0.00443	0.00452	0.00130	0.02781	0.00390	0.00247	0.00636
14	0.00610	0.00410	0.00490	0.00524	0.00571	0.00393	0.00352	0.00697	0.00827	0.01150	0.09508	0.28516	0.08522	0.29010	0.01061	0.00242	0.00301	0.05125	0.11356	0.00336
15	0.01143	0.16480	0.06661	0.07320	0.01716	0.06629	0.29140	0.13654	0.06230	0.01499	0.00900	0.01087	0.00700	0.02014	0.00456	0.00134	0.00581	0.00401	0.02669	0.00585
16	0.00675	0.00509	0.00611	0.00592	0.00708	0.00494	0.00439	0.06486	0.06222	0.01559	0.39294	0.22980	0.15818	0.00984	0.00509	0.00147	0.00245	0.00862	0.00439	0.00426
17	0.03979	0.01155	0.01260	0.00980	0.01295	0.01295	0.00809	0.68502	0.03238	0.05401	0.01024	0.01044	0.00735	0.00533	0.00499	0.00134	0.06614	0.00386	0.00412	0.00705
18	0.01573	0.03832	0.01255	0.01010	0.01301	0.31628	0.00803	0.39634	0.08671	0.04664	0.00971	0.00994	0.00724	0.00492	0.00412	0.00123	0.00571	0.00353	0.00351	0.00637
19	0.01023	0.00958	0.01551	0.23942	0.28814	0.04104	0.13138	0.06575	0.01020	0.03722	0.00980	0.08664	0.00852	0.00504	0.00470	0.00140	0.02242	0.00476	0.00249	0.00576
20	0.01649	0.01146	0.01203	0.00939	0.01269	0.06939	0.00767	0.53557	0.05289	0.18607	0.01167	0.01124	0.00810	0.00513	0.00426	0.00128	0.00463	0.00390	0.00432	0.03182
21	0.01225	0.01002	0.01060	0.00908	0.01179	0.01143	0.00719	0.23562	0.59873	0.02049	0.01558	0.01452	0.01157	0.00566	0.00436	0.00142	0.00377	0.00460	0.00436	0.00696
22	0.01937	0.10137	0.20645	0.07035	0.05379	0.03189	0.00904	0.02289	0.02932	0.03887	0.00804	0.00935	0.00632	0.00377	0.00359	0.00100	0.00455	0.00297	0.00238	0.37469
23	0.01062	0.01093	0.00993	0.00907	0.01020	0.27194	0.00700	0.01206	0.03163	0.03784	0.00926	0.01335	0.00853	0.09317	0.26413	0.00338	0.18611	0.00400	0.00238	0.00448
24	0.01251	0.01048	0.01044	0.00893	0.01140	0.07816	0.00698	0.29852	0.36090	0.01957	0.01432	0.07557	0.01174	0.05394	0.00540	0.00155	0.00422	0.00497	0.00405	0.00636
25	0.01148	0.00589	0.00726	0.00636	0.00783	0.02819	0.00466	0.01246	0.00890	0.31561	0.01433	0.02024	0.01252	0.34274	0.15472	0.00341	0.00530	0.00509	0.02831	0.00470
26	0.01550	0.01491	0.01222	0.01021	0.01305	0.32478	0.00805	0.40057	0.12405	0.01959	0.00991	0.01013	0.00743	0.00498	0.00416	0.00125	0.00572	0.00359	0.00352	0.00637
27	0.01371	0.01112	0.01185	0.00968	0.01266	0.04132	0.02972	0.41257	0.36835	0.02217	0.01332	0.01280	0.00980	0.00540	0.00435	0.00136	0.00433	0.00431	0.00421	0.00698
28	0.00614	0.00428	0.00543	0.00581	0.00638	0.00416	0.00410	0.00704	0.00822	0.02863	0.05727	0.29720	0.11627	0.23213	0.10360	0.00293	0.00410	0.09930	0.00350	0.00349
29	0.02970	0.12184	0.22279	0.03444	0.01460	0.03788	0.04902	0.16464	0.22058	0.01670	0.01045	0.01098	0.00787	0.00481	0.00441	0.00134	0.03484	0.00374	0.00301	0.00634
30	0.00535	0.00394	0.00492	0.00556	0.00608	0.00361	0.00378	0.00622	0.00873	0.01145	0.09007	0.57843	0.17761	0.06509	0.00642	0.00181	0.00251	0.01092	0.00397	0.00351
31	0.01434	0.03164	0.04110	0.00972	0.03959	0.01130	0.00782	0.44945	0.15842	0.11007	0.01268	0.04383	0.00968	0.03424	0.00492	0.00144	0.00435	0.00444	0.00414	0.00683
32	0.01485	0.01665	0.01319	0.03181	0.01427	0.51436	0.08203	0.11689	0.10531	0.03663	0.00888	0.00969	0.00689	0.00464	0.00413	0.00122	0.00667	0.00344	0.00281	0.00563
33	0.00974	0.00916	0.01013	0.15582	0.04215	0.13966	0.00764	0.07234	0.06062	0.01240	0.03896	0.10307	0.01136	0.05895	0.07056	0.06629	0.10726	0.01653	0.00273	0.00462

[dist]
# distance from previous block
# <min> <max>
0	2

[block]
# block no. 3 follows, 61 sequences, length 15
# corresponding to MSA columns:
# 128-142
name=unknown_D
#
# <colnr> <probs for GDERKNQSTAVLIFYWHMCP>
#	G	D	E	R	K	N	Q	S	T	A	V	L	I	F	Y	W	H	M	C	P
0	0.28033	0.06064	0.01312	0.02768	0.15303	0.10993	0.07733	0.08615	0.02491	0.01578	0.00738	0.00910	0.00599	0.00495	0.01817	0.00143	0.09279	0.00329	0.00251	0.00551
1	0.04422	0.00833	0.03119	0.12475	0.04554	0.03287	0.05241	0.16370	0.04791	0.03172	0.12906	0.04112	0.15265	0.05787	0.01656	0.00162	0.00422	0.00568	0.00347	0.00512
2	0.00538	0.00421	0.00479	0.00498	0.00597	0.00371	0.00356	0.00650	0.00966	0.01233	0.17900	0.23836	0.43618	0.05807	0.00613	0.00166	0.00234	0.00948	0.00406	0.00362
3	0.03857	0.06170	0.04344	0.01085	0.01358	0.54974	0.04315	0.12904	0.01275	0.03449	0.00751	0.00849	0.00595	0.00452	0.00408	0.00117	0.01983	0.00307	0.00257	0.00549
4	0.87904	0.00833	0.00633	0.00566	0.00833	0.00966	0.00467	0.01266	0.00733	0.01933	0.00600	0.00700	0.00467	0.00400	0.00267	0.00133	0.00333	0.00233	0.00267	0.00467
5	0.01621	0.01138	0.01245	0.00961	0.01294	0.01246	0.00792	0.71057	0.01907	0.09233	0.01094	0.01096	0.00774	0.00627	0.03729	0.00152	0.00492	0.00395	0.00431	0.00719
6	0.00541	0.00398	0.00504	0.00571	0.00626	0.00366	0.00397	0.00638	0.00894	0.01177	0.11103	0.56832	0.16268	0.03570	0.00586	0.00174	0.00250	0.04342	0.00404	0.00358
7	0.05393	0.00913	0.01056	0.00837	0.01143	0.00942	0.00680	0.28944	0.13034	0.36325	0.01416	0.01366	0.00984	0.04335	0.00505	0.00147	0.00400	0.00425	0.00461	0.00693
8	0.00615	0.00462	0.00692	0.00692	0.00769	0.00538	0.00538	0.00769	0.00692	0.01000	0.01154	0.01692	0.01077	0.03231	0.83154	0.00692	0.01154	0.00462	0.00231	0.00385
9	0.00580	0.00414	0.00522	0.00595	0.00640	0.00400	0.00408	0.00713	0.04462	0.01142	0.02286	0.61949	0.05830	0.09034	0.00688	0.00193	0.00274	0.05337	0.04172	0.00362
10	0.00683	0.00514	0.00725	0.00707	0.00800	0.00593	0.00549	0.04732	0.03751	0.01108	0.01177	0.01693	0.01085	0.05636	0.73423	0.00636	0.01067	0.00464	0.00249	0.00409
11	0.01200	0.00912	0.00967	0.00823	0.01069	0.01021	0.00653	0.28813	0.37550	0.02057	0.01465	0.03978	0.01126	0.00570	0.00415	0.00133	0.00359	0.00461	0.15788	0.00639
12	0.01421	0.18122	0.01384	0.00910	0.01217	0.10681	0.00757	0.35920	0.14676	0.06157	0.01103	0.03876	0.00861	0.00519	0.00400	0.00124	0.00471	0.00390	0.00363	0.00648
13	0.04452	0.00687	0.00920	0.04647	0.10372	0.00676	0.03034	0.01395	0.10057	0.19040	0.11147	0.03077	0.06271	0.00629	0.01955	0.00138	0.00352	0.00494	0.15547	0.05111
14	0.03115	0.11208	0.18613	0.01045	0.07341	0.13321	0.04611	0.01321	0.00971	0.04643	0.00938	0.01047	0.04296	0.00415	0.00373	0.00106	0.00503	0.00327	0.00240	0.25565

[dist]
# distance from previous block
# <min> <max>
0	3

[block]
# block no. 4 follows, 61 sequences, length 6
# corresponding to MSA columns:
# 146-151
name=unknown_E
#
# <colnr> <probs for GDERKNQSTAVLIFYWHMCP>
#	G	D	E	R	K	N	Q	S	T	A	V	L	I	F	Y	W	H	M	C	P
0	0.00550	0.00397	0.00524	0.00604	0.00651	0.00371	0.00426	0.00652	0.00891	0.01187	0.10753	0.63775	0.07196	0.01271	0.00548	0.00172	0.00258	0.09005	0.00407	0.00361
1	0.03983	0.29036	0.11352	0.03145	0.16027	0.05684	0.02777	0.05360	0.03189	0.05499	0.02135	0.03203	0.00766	0.00455	0.00401	0.00120	0.03036	0.00352	0.02896	0.00587
2	0.04053	0.05103	0.06456	0.03615	0.10981	0.33852	0.07002	0.10673	0.01169	0.01392	0.00913	0.01046	0.03821	0.00461	0.00422	0.00121	0.02340	0.00352	0.02534	0.03695
3	0.00879	0.00648	0.03130	0.02667	0.00879	0.00635	0.00542	0.06878	0.10227	0.09839	0.12928	0.11364	0.11137	0.14122	0.09595	0.00246	0.02788	0.00653	0.00374	0.00470
4	0.00741	0.00596	0.00748	0.00755	0.04482	0.04199	0.02959	0.00932	0.03266	0.03808	0.23705	0.10762	0.13324	0.05715	0.08928	0.00217	0.00410	0.10514	0.00373	0.03566
5	0.20855	0.02996	0.03210	0.06636	0.12183	0.03500	0.09815	0.16023	0.06104	0.07656	0.00912	0.01025	0.00685	0.00446	0.00421	0.00132	0.02840	0.00361	0.00301	0.03898

[dist]
# distance from previous block
# <min> <max>
0	1

[block]
# block no. 5 follows, 61 sequences, length 10
# corresponding to MSA columns:
# 153-162
name=unknown_F
#
# <colnr> <probs for GDERKNQSTAVLIFYWHMCP>
#	G	D	E	R	K	N	Q	S	T	A	V	L	I	F	Y	W	H	M	C	P
0	0.01448	0.01112	0.01186	0.00953	0.01264	0.01247	0.00773	0.54442	0.28630	0.02409	0.01275	0.01226	0.00928	0.00540	0.00433	0.00135	0.00429	0.00421	0.00433	0.00716
1	0.03411	0.04053	0.04817	0.13001	0.26824	0.03854	0.09015	0.09114	0.03714	0.03760	0.00965	0.04529	0.00807	0.00481	0.00457	0.00133	0.03125	0.01848	0.02498	0.03594
2	0.05220	0.22950	0.06560	0.03104	0.04559	0.12733	0.02107	0.16415	0.07205	0.11890	0.00957	0.01005	0.00724	0.00512	0.02156	0.00132	0.00516	0.00337	0.00306	0.00613
3	0.07450	0.00513	0.00605	0.02489	0.00756	0.00492	0.00448	0.00938	0.04296	0.07305	0.33466	0.12399	0.22305	0.00914	0.00488	0.00145	0.00256	0.03882	0.00425	0.00430
4	0.01045	0.07439	0.07006	0.08241	0.01325	0.05449	0.03567	0.17374	0.03117	0.01551	0.01236	0.07989	0.07123	0.00546	0.00423	0.00117	0.02071	0.00444	0.00298	0.23639
5	0.00530	0.00386	0.00499	0.00578	0.00622	0.00356	0.00393	0.00618	0.00872	0.01155	0.08742	0.69723	0.11370	0.01286	0.00542	0.00169	0.00243	0.01157	0.00406	0.00356
6	0.01037	0.07698	0.07900	0.05867	0.03976	0.03835	0.46182	0.04705	0.03903	0.01366	0.00882	0.03081	0.00705	0.00439	0.00532	0.00142	0.06488	0.00458	0.00231	0.00574
7	0.01121	0.29245	0.09043	0.04583	0.04362	0.06032	0.13538	0.10614	0.06719	0.01429	0.06651	0.01115	0.00901	0.00457	0.00416	0.00123	0.02436	0.00376	0.00260	0.00581
8	0.01072	0.00583	0.00745	0.04009	0.00915	0.00551	0.00533	0.01309	0.06780	0.27127	0.19194	0.02686	0.14079	0.06814	0.00599	0.00163	0.00317	0.08571	0.03438	0.00514
9	0.00743	0.00559	0.00659	0.00642	0.00772	0.00564	0.00484	0.04796	0.15659	0.03253	0.24692	0.21120	0.14397	0.03333	0.00553	0.00160	0.00277	0.06453	0.00428	0.00455

[dist]
# distance from previous block
# <min> <max>
12	58

[block]
# block no. 6 follows, 61 sequences, length 29
# corresponding to MSA columns:
# 221-249
name=unknown_G
#
# <colnr> <probs for GDERKNQSTAVLIFYWHMCP>
#	G	D	E	R	K	N	Q	S	T	A	V	L	I	F	Y	W	H	M	C	P
0	0.06672	0.05069	0.05260	0.16292	0.17390	0.02283	0.03968	0.06683	0.07823	0.05634	0.05263	0.01430	0.06536	0.00603	0.03175	0.00152	0.02385	0.00433	0.00288	0.02660
1	0.05807	0.07820	0.11289	0.03824	0.08357	0.07045	0.03281	0.14553	0.03843	0.05062	0.06149	0.04076	0.03423	0.00684	0.05243	0.00159	0.00506	0.01159	0.02033	0.05687
2	0.02387	0.08338	0.03061	0.00893	0.05564	0.13284	0.02746	0.06751	0.08919	0.05534	0.08035	0.01759	0.02048	0.24396	0.00956	0.00210	0.03853	0.00474	0.00303	0.00488
3	0.03408	0.05380	0.15337	0.06539	0.07163	0.09621	0.04108	0.08331	0.06974	0.04215	0.09214	0.03370	0.02414	0.00653	0.03081	0.01892	0.07023	0.00435	0.00286	0.00555
4	0.04610	0.02950	0.01263	0.19059	0.24298	0.05644	0.00931	0.06470	0.01885	0.02368	0.02524	0.01233	0.02016	0.02005	0.00451	0.00126	0.01955	0.02116	0.01669	0.16429
5	0.03254	0.06141	0.01226	0.04075	0.12605	0.04592	0.03238	0.11956	0.02905	0.10027	0.01105	0.01203	0.04821	0.00475	0.00457	0.00116	0.06177	0.00373	0.03641	0.21613
6	0.02493	0.00993	0.01082	0.00884	0.01153	0.01092	0.00714	0.49735	0.14178	0.03555	0.03784	0.01598	0.02186	0.05320	0.00591	0.03543	0.00426	0.05628	0.00411	0.00637
7	0.00532	0.00380	0.00508	0.00608	0.00636	0.00356	0.00412	0.00612	0.00832	0.01108	0.02370	0.81216	0.02833	0.01343	0.00552	0.00176	0.00256	0.04518	0.00400	0.00352
8	0.00620	0.00415	0.00561	0.00595	0.00644	0.00416	0.00416	0.00685	0.00774	0.03028	0.04916	0.36394	0.06381	0.11800	0.20608	0.09758	0.00499	0.00825	0.00326	0.00342
9	0.00623	0.00471	0.00697	0.00693	0.00765	0.00551	0.00536	0.00769	0.00689	0.00994	0.01149	0.01721	0.01085	0.06475	0.78043	0.00670	0.02989	0.00466	0.00231	0.00382
10	0.83224	0.00853	0.00669	0.00590	0.00860	0.00986	0.00486	0.05578	0.00803	0.01975	0.00623	0.00718	0.00481	0.00406	0.00275	0.00133	0.00341	0.00242	0.00275	0.00481
11	0.00871	0.00825	0.01396	0.65266	0.21075	0.00972	0.01225	0.01151	0.00889	0.01171	0.00776	0.01130	0.00599	0.00420	0.00430	0.00140	0.00560	0.00383	0.00196	0.00525
12	0.00654	0.00475	0.00642	0.00730	0.00826	0.00464	0.00619	0.00828	0.00971	0.01253	0.02530	0.13882	0.11626	0.01197	0.00580	0.00190	0.00359	0.61388	0.00397	0.00388
13	0.00667	0.00500	0.00711	0.00694	0.00772	0.00579	0.00533	0.04127	0.00741	0.01057	0.01155	0.01757	0.01098	0.11076	0.69752	0.00629	0.03049	0.00473	0.00241	0.00389
14	0.00614	0.00431	0.00575	0.00592	0.00630	0.00459	0.00411	0.00688	0.00691	0.00952	0.01429	0.13613	0.01552	0.34841	0.34586	0.03194	0.00690	0.03457	0.00270	0.00326
15	0.00893	0.00766	0.00893	0.00638	0.01021	0.00574	0.00510	0.01085	0.00893	0.01404	0.00766	0.00893	0.00638	0.00319	0.00319	0.00064	0.00319	0.00255	0.00255	0.87495
16	0.28177	0.01097	0.01060	0.00882	0.02319	0.08602	0.02812	0.32997	0.08231	0.06492	0.00965	0.00996	0.00708	0.00475	0.00376	0.00130	0.00442	0.00344	0.02283	0.00613
17	0.01412	0.01213	0.01458	0.04693	0.09292	0.09167	0.11095	0.46437	0.02616	0.02100	0.00961	0.02194	0.00727	0.00478	0.00433	0.00128	0.00532	0.00399	0.00345	0.04320
18	0.02749	0.04667	0.00961	0.00774	0.01002	0.07355	0.00607	0.11766	0.20705	0.17897	0.01765	0.05300	0.10756	0.09458	0.00637	0.00166	0.01938	0.00525	0.00396	0.00575
19	0.00536	0.00383	0.00511	0.00604	0.00636	0.00358	0.00412	0.00621	0.00850	0.01137	0.06231	0.77539	0.02894	0.01321	0.00550	0.00174	0.00253	0.04232	0.00403	0.00354
20	0.00864	0.02228	0.82630	0.01228	0.01864	0.01000	0.01592	0.01364	0.00909	0.01364	0.00773	0.00909	0.00546	0.00409	0.00409	0.00136	0.00637	0.00318	0.00182	0.00637
21	0.10957	0.00743	0.00949	0.00743	0.01060	0.00678	0.00611	0.01984	0.03965	0.69060	0.03667	0.01435	0.01089	0.00530	0.00418	0.00134	0.00358	0.00423	0.00500	0.00695
22	0.00679	0.00485	0.00677	0.00776	0.00869	0.00483	0.00668	0.00866	0.00977	0.01272	0.02289	0.11954	0.02512	0.01204	0.00591	0.00196	0.00384	0.72329	0.00397	0.00392
23	0.00682	0.00490	0.00598	0.00587	0.00706	0.00472	0.00446	0.05099	0.01009	0.04463	0.16704	0.13528	0.28158	0.05637	0.13164	0.00247	0.00405	0.06816	0.00387	0.00404
24	0.00584	0.00447	0.00491	0.00477	0.00611	0.00393	0.00359	0.00743	0.02259	0.02560	0.26623	0.03660	0.52565	0.00982	0.00495	0.00140	0.00217	0.00830	0.05177	0.00388
25	0.01022	0.00958	0.01598	0.14513	0.63539	0.00990	0.01230	0.03666	0.00976	0.01371	0.00840	0.01172	0.00716	0.04978	0.00523	0.00146	0.00515	0.00397	0.00219	0.00631
26	0.00855	0.00812	0.01378	0.70022	0.11392	0.00972	0.04047	0.01165	0.02967	0.01162	0.00800	0.01152	0.00608	0.00427	0.00433	0.00142	0.00567	0.00390	0.00201	0.00509
27	0.00601	0.00429	0.00513	0.00550	0.00604	0.00409	0.00371	0.03071	0.00848	0.01116	0.04451	0.38465	0.15596	0.24206	0.01000	0.01293	0.00302	0.03745	0.02090	0.00342
28	0.01384	0.03377	0.01188	0.04441	0.01309	0.13579	0.00774	0.39244	0.19058	0.02026	0.01149	0.04195	0.00895	0.00534	0.00421	0.00128	0.00479	0.00413	0.00374	0.05035

[dist]
# distance from previous block
# <min> <max>
0	1

[block]
# block no. 7 follows, 61 sequences, length 11
# corresponding to MSA columns:
# 251-261
name=unknown_H
#
# <colnr> <probs for GDERKNQSTAVLIFYWHMCP>
#	G	D	E	R	K	N	Q	S	T	A	V	L	I	F	Y	W	H	M	C	P
0	0.01140	0.03543	0.05318	0.04231	0.01360	0.17679	0.10173	0.09002	0.15768	0.02912	0.01065	0.02440	0.00887	0.03562	0.08046	0.00199	0.09707	0.02129	0.00287	0.00551
1	0.01196	0.07582	0.01141	0.00942	0.04088	0.07044	0.00727	0.16959	0.37826	0.04613	0.01399	0.03760	0.01116	0.00767	0.06447	0.00177	0.00473	0.02734	0.00379	0.00631
2	0.00980	0.01095	0.02353	0.01751	0.05068	0.01029	0.71415	0.01317	0.01000	0.01359	0.00987	0.07683	0.00826	0.00441	0.00509	0.00147	0.00681	0.00560	0.00232	0.00567
3	0.00553	0.00394	0.00502	0.00563	0.00599	0.00370	0.00374	0.00634	0.00850	0.01141	0.12869	0.56146	0.06328	0.15597	0.00824	0.00210	0.00271	0.01049	0.00386	0.00343
4	0.00627	0.00485	0.00611	0.00657	0.03657	0.00465	0.00463	0.00861	0.07537	0.01418	0.31394	0.25657	0.17829	0.01025	0.00516	0.00153	0.00253	0.05557	0.00423	0.00415
5	0.00644	0.00443	0.00537	0.00542	0.00654	0.00394	0.00399	0.00776	0.01021	0.06936	0.24547	0.25754	0.31548	0.01069	0.00517	0.00151	0.00238	0.03004	0.00429	0.00398
6	0.01124	0.01044	0.01702	0.02388	0.68531	0.01060	0.03862	0.09620	0.03667	0.01555	0.00866	0.01083	0.00707	0.00403	0.00430	0.00129	0.00509	0.00392	0.00243	0.00684
7	0.12759	0.00571	0.00590	0.00533	0.00686	0.00597	0.00408	0.08593	0.02584	0.07974	0.01242	0.01477	0.00989	0.06056	0.00541	0.06207	0.00286	0.00394	0.47063	0.00449
8	0.00593	0.00447	0.00540	0.00543	0.00645	0.00411	0.00397	0.03421	0.01073	0.01432	0.35760	0.25606	0.25436	0.01055	0.00517	0.00149	0.00229	0.00924	0.00432	0.00390
9	0.01576	0.01362	0.01237	0.01000	0.01300	0.20274	0.00801	0.58479	0.01780	0.02250	0.01014	0.05059	0.00795	0.00541	0.00427	0.00127	0.00533	0.00403	0.00381	0.00660
10	0.01346	0.11997	0.01274	0.00911	0.01181	0.12206	0.00743	0.36148	0.13682	0.01879	0.01160	0.03088	0.03543	0.02448	0.00527	0.02671	0.03825	0.00409	0.00350	0.00613

[dist]
# distance from previous block
# <min> <max>
2	10

[block]
# block no. 8 follows, 61 sequences, length 42
# corresponding to MSA columns:
# 272-282,284,285,288-316
name=unknown_I
#
# <colnr> <probs for GDERKNQSTAVLIFYWHMCP>
#	G	D	E	R	K	N	Q	S	T	A	V	L	I	F	Y	W	H	M	C	P
0	0.09995	0.04413	0.08082	0.04204	0.17550	0.22987	0.06533	0.09639	0.01095	0.01451	0.00750	0.00916	0.00601	0.00434	0.00448	0.00125	0.05122	0.00331	0.00240	0.05082
1	0.10276	0.00965	0.00846	0.02203	0.00984	0.17165	0.00585	0.08392	0.13335	0.03217	0.03354	0.12891	0.01287	0.10151	0.00613	0.00164	0.00428	0.02305	0.05143	0.05695
2	0.39185	0.01234	0.00956	0.00825	0.01094	0.22148	0.00655	0.18138	0.09011	0.01858	0.00820	0.00878	0.00628	0.00454	0.00349	0.00128	0.00477	0.00302	0.00306	0.00552
3	0.00898	0.00633	0.00701	0.00628	0.00824	0.00627	0.00487	0.04871	0.21418	0.11799	0.12853	0.02883	0.36495	0.02304	0.00507	0.00147	0.00281	0.00697	0.00435	0.00511
4	0.00621	0.00433	0.00567	0.00629	0.00698	0.00410	0.00473	0.00743	0.00920	0.03090	0.10490	0.38419	0.09513	0.07676	0.00679	0.00193	0.00300	0.23374	0.00399	0.00372
5	0.00979	0.00846	0.00870	0.00793	0.01008	0.03133	0.00614	0.05405	0.55535	0.01658	0.02170	0.04012	0.15523	0.02686	0.00497	0.00153	0.00338	0.02764	0.00419	0.00598
6	0.08202	0.00485	0.00562	0.00569	0.00662	0.00481	0.00411	0.00861	0.04311	0.03421	0.21518	0.22056	0.08070	0.16686	0.00806	0.00202	0.00290	0.06270	0.03752	0.00387
7	0.00750	0.00661	0.00836	0.04536	0.00972	0.07999	0.02832	0.00936	0.02651	0.01056	0.01088	0.01544	0.00987	0.02565	0.63092	0.00556	0.03497	0.00439	0.02587	0.00415
8	0.00608	0.00391	0.00539	0.00586	0.00612	0.00388	0.00398	0.00614	0.00721	0.00967	0.01724	0.41055	0.04117	0.08494	0.12078	0.24856	0.00419	0.00825	0.00306	0.00302
9	0.01002	0.01132	0.02458	0.01769	0.02190	0.01062	0.76990	0.01358	0.01016	0.01376	0.00935	0.01329	0.00736	0.00401	0.00512	0.00148	0.00711	0.04076	0.00226	0.00573
10	0.01029	0.01079	0.04181	0.36785	0.23553	0.09882	0.07249	0.04868	0.02217	0.01289	0.00796	0.01075	0.00624	0.00430	0.00461	0.00137	0.03185	0.00381	0.00217	0.00562
11	0.01273	0.29878	0.03891	0.01000	0.01299	0.33294	0.08646	0.04239	0.02895	0.01159	0.00885	0.01003	0.04130	0.00565	0.03985	0.00137	0.00633	0.00329	0.00228	0.00531
12	0.02916	0.00921	0.01030	0.01014	0.09339	0.05441	0.00716	0.13762	0.31808	0.09144	0.07046	0.07223	0.01370	0.01947	0.04202	0.00168	0.00427	0.00512	0.00395	0.00618
13	0.34117	0.03026	0.12348	0.00825	0.03881	0.05711	0.00725	0.02935	0.00888	0.06991	0.00818	0.02109	0.00658	0.00560	0.04103	0.00147	0.02581	0.01351	0.00268	0.15958
14	0.01032	0.01020	0.03485	0.26273	0.30545	0.05254	0.11323	0.05880	0.01002	0.02497	0.00859	0.01133	0.01670	0.00467	0.00506	0.03354	0.02500	0.00399	0.00225	0.00575
15	0.04352	0.02190	0.00940	0.00830	0.01002	0.23578	0.00632	0.15641	0.06729	0.01394	0.01025	0.05253	0.00915	0.04600	0.13695	0.13148	0.00615	0.00417	0.02574	0.00470
16	0.01246	0.00815	0.00918	0.03337	0.01032	0.00869	0.00607	0.37850	0.01411	0.09768	0.01348	0.10998	0.01166	0.10329	0.00624	0.00163	0.00385	0.00518	0.16047	0.00567
17	0.00974	0.01034	0.01857	0.26954	0.02231	0.05397	0.39403	0.03456	0.00969	0.01272	0.00875	0.04894	0.00718	0.00470	0.00553	0.00147	0.07568	0.00476	0.00222	0.00530
18	0.00895	0.11209	0.73922	0.01175	0.01782	0.01077	0.01499	0.01356	0.00906	0.01326	0.00754	0.00886	0.00546	0.00405	0.00395	0.00132	0.00618	0.00309	0.00182	0.00628
19	0.00688	0.00506	0.04266	0.00585	0.00656	0.00443	0.00426	0.00742	0.00769	0.04693	0.08831	0.18705	0.04491	0.29446	0.09591	0.13395	0.00434	0.00692	0.00307	0.00335
20	0.00530	0.00437	0.00466	0.00459	0.00595	0.00373	0.00344	0.00659	0.01032	0.01282	0.20713	0.03950	0.65576	0.01047	0.00509	0.00143	0.00215	0.00882	0.00416	0.00373
21	0.00674	0.00454	0.00615	0.00612	0.00676	0.00481	0.00443	0.00781	0.00758	0.04577	0.07793	0.07146	0.01636	0.28658	0.38735	0.00484	0.00723	0.04103	0.00290	0.00361
22	0.01517	0.01101	0.01182	0.00924	0.01234	0.01213	0.00756	0.70418	0.01877	0.02549	0.01126	0.04854	0.00859	0.00553	0.00425	0.00129	0.00441	0.00427	0.07727	0.00687
23	0.01254	0.01016	0.01077	0.00914	0.01190	0.01157	0.00726	0.27632	0.55755	0.02097	0.01521	0.01422	0.01127	0.00563	0.00436	0.00141	0.00384	0.00455	0.00436	0.00698
24	0.01476	0.06055	0.01329	0.05501	0.08554	0.57883	0.00889	0.08015	0.02196	0.01229	0.00721	0.00852	0.00591	0.00449	0.00416	0.00117	0.02648	0.00304	0.00236	0.00538
25	0.12662	0.20204	0.53963	0.01031	0.01559	0.01150	0.01253	0.01335	0.00878	0.01364	0.00712	0.00833	0.00537	0.00399	0.00361	0.00126	0.00557	0.00288	0.00194	0.00595
26	0.12885	0.02969	0.00923	0.00738	0.00986	0.00773	0.00590	0.13144	0.02248	0.36728	0.02441	0.14251	0.01255	0.05313	0.00548	0.00155	0.02497	0.00532	0.00427	0.00596
27	0.00532	0.00380	0.00508	0.00608	0.00636	0.00356	0.00413	0.00612	0.00832	0.01108	0.02370	0.81135	0.02833	0.01343	0.00552	0.00176	0.00256	0.04598	0.00400	0.00352
28	0.00614	0.00408	0.00482	0.00514	0.00575	0.00387	0.00354	0.00722	0.00868	0.01229	0.11085	0.29542	0.12009	0.18362	0.00833	0.00203	0.00271	0.03690	0.17497	0.00351
29	0.87904	0.00833	0.00633	0.00566	0.00833	0.00966	0.00467	0.01266	0.00733	0.01933	0.00600	0.00700	0.00467	0.00400	0.00267	0.00133	0.00333	0.00233	0.00267	0.00467
30	0.00600	0.00428	0.00574	0.00594	0.00636	0.00454	0.00413	0.00689	0.00721	0.00999	0.04950	0.19608	0.01738	0.29328	0.35802	0.00470	0.00682	0.00690	0.00287	0.00338
31	0.00822	0.00775	0.01308	0.80966	0.05757	0.00959	0.01201	0.01108	0.00866	0.01111	0.00767	0.01146	0.00578	0.00429	0.00431	0.00143	0.00572	0.00383	0.00192	0.00486
32	0.11690	0.00504	0.00527	0.00523	0.00618	0.02113	0.00377	0.00862	0.00843	0.01343	0.10933	0.09161	0.06394	0.20414	0.07912	0.00245	0.00372	0.02820	0.21979	0.00372
33	0.00569	0.00410	0.00536	0.00617	0.00662	0.00389	0.00430	0.02679	0.00892	0.01188	0.06396	0.70360	0.04972	0.01286	0.00547	0.00173	0.00263	0.06861	0.00404	0.00366
34	0.00753	0.00662	0.00949	0.00870	0.00912	0.00863	0.00700	0.00877	0.00677	0.01010	0.00913	0.01411	0.00876	0.04612	0.46397	0.00472	0.35983	0.00431	0.00214	0.00417
35	0.01505	0.01880	0.01236	0.01113	0.01300	0.70385	0.00849	0.01614	0.01133	0.01051	0.00650	0.00803	0.00557	0.00492	0.00548	0.00123	0.13755	0.00293	0.00217	0.00495
36	0.00610	0.00413	0.00486	0.00503	0.00523	0.00405	0.00308	0.00641	0.00711	0.00954	0.05149	0.16481	0.05826	0.56801	0.03578	0.02546	0.00382	0.01569	0.01820	0.00292
37	0.35018	0.05134	0.00803	0.01600	0.03118	0.04521	0.00533	0.04740	0.01897	0.04011	0.13766	0.08585	0.07874	0.00636	0.00384	0.00133	0.00339	0.02341	0.00332	0.04233
38	0.14782	0.02702	0.05624	0.03065	0.03247	0.10696	0.07732	0.13152	0.05821	0.06313	0.01147	0.04878	0.03824	0.05296	0.06723	0.00191	0.01986	0.00433	0.00304	0.02085
39	0.13409	0.08623	0.01229	0.01830	0.04500	0.05595	0.04197	0.23982	0.10016	0.04707	0.01052	0.06089	0.00871	0.00533	0.00443	0.00130	0.04371	0.01344	0.00332	0.06746
40	0.06899	0.01701	0.03609	0.07381	0.04887	0.02949	0.15789	0.05128	0.09946	0.06955	0.04581	0.03601	0.02052	0.02919	0.01615	0.00139	0.00466	0.00435	0.00301	0.18647
41	0.01370	0.03536	0.06591	0.05244	0.10451	0.07883	0.00893	0.41965	0.03338	0.04652	0.01120	0.01192	0.04401	0.01672	0.00445	0.00131	0.00494	0.00395	0.00348	0.03881

[dist]
# distance from previous block
# <min> <max>
0	38

[block]
# block no. 9 follows, 61 sequences, length 34
# corresponding to MSA columns:
# 357-390
name=unknown_J
#
# <colnr> <probs for GDERKNQSTAVLIFYWHMCP>
#	G	D	E	R	K	N	Q	S	T	A	V	L	I	F	Y	W	H	M	C	P
0	0.01858	0.00691	0.00947	0.01055	0.14675	0.03194	0.04022	0.05018	0.00946	0.03715	0.01682	0.33667	0.05464	0.02691	0.06162	0.00189	0.02258	0.02900	0.00327	0.08540
1	0.00842	0.05791	0.00925	0.00804	0.03396	0.03241	0.03091	0.08108	0.00881	0.03611	0.01229	0.08294	0.01207	0.15291	0.36861	0.00426	0.03046	0.02245	0.00275	0.00436
2	0.06113	0.20018	0.03041	0.00930	0.01194	0.38789	0.00767	0.11377	0.01164	0.01327	0.00861	0.00962	0.03562	0.00529	0.02211	0.00127	0.03233	0.00313	0.02950	0.00530
3	0.05972	0.04617	0.01241	0.01018	0.01277	0.45645	0.06305	0.06054	0.01166	0.08164	0.00969	0.01156	0.03200	0.00495	0.00421	0.00120	0.02271	0.03667	0.00275	0.05969
4	0.01637	0.01162	0.01259	0.00967	0.01305	0.01274	0.00796	0.74253	0.01949	0.07728	0.01082	0.01095	0.00769	0.02105	0.00464	0.00135	0.00466	0.00395	0.00434	0.00724
5	0.01091	0.00871	0.01078	0.09781	0.07923	0.02628	0.02334	0.29687	0.06034	0.01861	0.16708	0.07215	0.01605	0.04280	0.03094	0.00167	0.00441	0.02265	0.00372	0.00565
6	0.00545	0.00393	0.00505	0.00574	0.00616	0.00365	0.00389	0.00633	0.00869	0.01160	0.11724	0.61186	0.08800	0.07961	0.00674	0.00188	0.00258	0.02413	0.00397	0.00351
7	0.01575	0.01140	0.01230	0.00955	0.01280	0.01256	0.00782	0.69538	0.07007	0.05823	0.01119	0.01155	0.00814	0.03681	0.00497	0.00141	0.00459	0.00405	0.00429	0.00712
8	0.00763	0.00463	0.00577	0.00569	0.00680	0.00419	0.00414	0.00877	0.00971	0.13160	0.16591	0.26489	0.20382	0.11563	0.00724	0.00187	0.00279	0.04069	0.00415	0.00410
9	0.87904	0.00833	0.00633	0.00566	0.00833	0.00966	0.00467	0.01266	0.00733	0.01933	0.00600	0.00700	0.00467	0.00400	0.00267	0.00133	0.00333	0.00233	0.00267	0.00467
10	0.25322	0.00795	0.00840	0.00706	0.00968	0.00842	0.00566	0.08291	0.17414	0.26190	0.01309	0.01318	0.00948	0.04120	0.00451	0.00145	0.00348	0.00390	0.08440	0.00598
11	0.00864	0.02228	0.82630	0.01228	0.01864	0.01000	0.01592	0.01364	0.00909	0.01364	0.00773	0.00909	0.00546	0.00409	0.00409	0.00136	0.00637	0.00318	0.00182	0.00637
12	0.00616	0.00425	0.00511	0.00537	0.00610	0.00390	0.00371	0.00703	0.00882	0.04568	0.10133	0.32146	0.23094	0.19463	0.00891	0.00216	0.00284	0.03422	0.00382	0.00357
13	0.00729	0.00387	0.00581	0.00581	0.00592	0.00398	0.00398	0.00592	0.00581	0.00786	0.00808	0.01366	0.00797	0.01754	0.13767	0.74597	0.00490	0.00387	0.00194	0.00216
14	0.00605	0.00428	0.00589	0.00616	0.00669	0.00461	0.00445	0.00718	0.00732	0.01042	0.01529	0.24200	0.01628	0.14556	0.43594	0.00474	0.00740	0.00688	0.05930	0.00358
15	0.48674	0.00838	0.00828	0.00682	0.00978	0.00893	0.00562	0.09326	0.02798	0.29083	0.01037	0.01010	0.00713	0.00460	0.00342	0.00133	0.00358	0.00321	0.00376	0.00587
16	0.01121	0.00587	0.00742	0.00654	0.00850	0.00538	0.00511	0.05080	0.03408	0.30727	0.16933	0.15962	0.16446	0.00855	0.00486	0.00145	0.00297	0.03664	0.00464	0.00531
17	0.08055	0.00612	0.00792	0.08191	0.02678	0.00634	0.02969	0.10124	0.01019	0.03853	0.06771	0.34127	0.06418	0.04486	0.00563	0.00168	0.00350	0.07379	0.00367	0.00445
18	0.03105	0.01515	0.01180	0.01008	0.01277	0.38261	0.00787	0.26527	0.15931	0.04685	0.01014	0.01031	0.00765	0.00495	0.00410	0.00124	0.00581	0.00355	0.00338	0.00613
19	0.00731	0.00583	0.00833	0.04370	0.12955	0.00594	0.00698	0.00995	0.08183	0.01314	0.06964	0.28247	0.02243	0.01015	0.00530	0.00170	0.00359	0.28391	0.00371	0.00454
20	0.01517	0.01141	0.01167	0.00940	0.01239	0.07870	0.00758	0.51441	0.12276	0.09801	0.01247	0.06486	0.00962	0.00575	0.00436	0.00133	0.00457	0.00450	0.00422	0.00682
21	0.04614	0.00767	0.00887	0.00640	0.01016	0.00593	0.00514	0.01135	0.00901	0.04847	0.00798	0.00909	0.00649	0.00331	0.00322	0.00070	0.00322	0.00262	0.00267	0.80156
22	0.73823	0.00826	0.00692	0.00605	0.00878	0.00934	0.00496	0.01412	0.04888	0.10984	0.00782	0.00832	0.00577	0.00424	0.00294	0.00134	0.00337	0.00269	0.00305	0.00507
23	0.00650	0.00403	0.00473	0.00517	0.00593	0.00385	0.00376	0.00794	0.00904	0.01354	0.06644	0.34131	0.09490	0.00953	0.00449	0.00142	0.00236	0.06454	0.34673	0.00378
24	0.01647	0.01192	0.01284	0.00984	0.01329	0.01314	0.00813	0.78303	0.02001	0.05185	0.01055	0.01048	0.00743	0.00518	0.00431	0.00129	0.00471	0.00389	0.00434	0.00733
25	0.02373	0.00858	0.00929	0.00813	0.01057	0.00950	0.00639	0.08485	0.53999	0.10377	0.06141	0.01768	0.06095	0.00614	0.00439	0.00141	0.00336	0.00508	0.02829	0.00647
26	0.07827	0.00859	0.01001	0.00814	0.01116	0.00882	0.00659	0.11745	0.26700	0.41311	0.01556	0.01403	0.01061	0.00538	0.00423	0.00137	0.00369	0.00430	0.00471	0.00698
27	0.00694	0.00424	0.00555	0.00604	0.00669	0.00390	0.00417	0.00779	0.00872	0.10251	0.03756	0.63223	0.05915	0.07430	0.00657	0.00187	0.00275	0.02109	0.00406	0.00389
28	0.00823	0.00775	0.01309	0.80785	0.05934	0.00960	0.01201	0.01109	0.00866	0.01112	0.00767	0.01145	0.00578	0.00429	0.00431	0.00143	0.00572	0.00383	0.00192	0.00486
29	0.00615	0.00462	0.00692	0.00692	0.00769	0.00538	0.00538	0.00769	0.00692	0.01000	0.01154	0.01692	0.01077	0.03231	0.83154	0.00692	0.01154	0.00462	0.00231	0.00385
30	0.01185	0.00805	0.00867	0.00730	0.00950	0.00875	0.00578	0.29527	0.16731	0.05589	0.03561	0.01488	0.01109	0.03688	0.02117	0.00145	0.00359	0.00434	0.28681	0.00582
31	0.01179	0.00939	0.01005	0.00880	0.01139	0.01068	0.00691	0.09584	0.68884	0.07038	0.01683	0.01545	0.01245	0.00575	0.00437	0.00144	0.00355	0.00474	0.00444	0.00690
32	0.00917	0.00886	0.01238	0.15099	0.01433	0.04699	0.05536	0.04403	0.00843	0.01181	0.06434	0.03882	0.00957	0.03420	0.06161	0.00207	0.41551	0.00449	0.00234	0.00471
33	0.01452	0.00984	0.01090	0.00865	0.01158	0.01048	0.00703	0.54296	0.01703	0.12832	0.03247	0.08283	0.09073	0.00652	0.00450	0.00135	0.00411	0.00522	0.00440	0.00658

[dist]
# distance from previous block
# <min> <max>
1	45

[block]
# block no. 10 follows, 61 sequences, length 28
# corresponding to MSA columns:
# 447-474
name=unknown_K
#
# <colnr> <probs for GDERKNQSTAVLIFYWHMCP>
#	G	D	E	R	K	N	Q	S	T	A	V	L	I	F	Y	W	H	M	C	P
0	0.01037	0.00870	0.00933	0.00844	0.01073	0.00986	0.00664	0.07529	0.62716	0.01793	0.05016	0.01999	0.05416	0.00662	0.00456	0.00148	0.00343	0.06443	0.00434	0.00638
1	0.64783	0.00859	0.00705	0.00616	0.00878	0.04132	0.00501	0.06114	0.00889	0.07947	0.00993	0.01042	0.06269	0.00469	0.00312	0.00132	0.00351	0.00311	0.02200	0.00495
2	0.01000	0.00950	0.01309	0.16969	0.32717	0.07510	0.01011	0.01328	0.10534	0.03128	0.01239	0.07596	0.05821	0.00566	0.00509	0.00141	0.06350	0.00483	0.00268	0.00572
3	0.00893	0.00766	0.00893	0.00638	0.01021	0.00574	0.00510	0.01085	0.00893	0.01404	0.00766	0.00893	0.00638	0.00319	0.00319	0.00064	0.00319	0.00255	0.00255	0.87495
4	0.00550	0.00402	0.00539	0.00611	0.00653	0.00377	0.01712	0.00634	0.00833	0.01100	0.02395	0.67002	0.07754	0.07593	0.00673	0.00192	0.00277	0.05965	0.00386	0.00351
5	0.01081	0.00933	0.01067	0.00924	0.01180	0.01053	0.05525	0.08045	0.65735	0.01810	0.01755	0.01705	0.04270	0.00598	0.00448	0.00146	0.00371	0.02271	0.00422	0.00661
6	0.00607	0.00434	0.00571	0.00651	0.00710	0.00420	0.00496	0.00724	0.00875	0.01144	0.02318	0.35774	0.07420	0.12849	0.00793	0.00216	0.00331	0.32931	0.00379	0.00357
7	0.01212	0.00925	0.01001	0.00873	0.01134	0.01042	0.00687	0.08172	0.66323	0.11027	0.01693	0.01548	0.01243	0.00574	0.00437	0.00143	0.00354	0.00473	0.00449	0.00691
8	0.00545	0.00392	0.00501	0.00575	0.00621	0.00364	0.00394	0.00636	0.00865	0.01153	0.07601	0.62697	0.11225	0.04901	0.00610	0.00179	0.00255	0.03777	0.02354	0.00354
9	0.01533	0.00915	0.01079	0.00888	0.02645	0.00947	0.00712	0.33532	0.10563	0.29308	0.07665	0.01616	0.01260	0.00591	0.00447	0.00137	0.00398	0.04615	0.00464	0.00683
10	0.00752	0.00441	0.00521	0.00524	0.00609	0.00432	0.00375	0.00898	0.05728	0.04212	0.05224	0.17695	0.10035	0.03659	0.00719	0.16966	0.00267	0.00636	0.29937	0.00371
11	0.01609	0.02053	0.01221	0.01110	0.01332	0.83132	0.00832	0.01720	0.01221	0.01054	0.00666	0.00777	0.00555	0.00444	0.00388	0.00111	0.00777	0.00277	0.00222	0.00499
12	0.00893	0.00766	0.00893	0.00638	0.01021	0.00574	0.00510	0.01085	0.00893	0.01404	0.00766	0.00893	0.00638	0.00319	0.00319	0.00064	0.00319	0.00255	0.00255	0.87495
13	0.00519	0.00399	0.00475	0.00536	0.00608	0.00355	0.00372	0.00607	0.00886	0.01125	0.03151	0.53188	0.33740	0.01249	0.00534	0.00163	0.00238	0.01101	0.00400	0.00355
14	0.00643	0.00462	0.00561	0.00587	0.00649	0.00454	0.00410	0.05512	0.00886	0.01171	0.05867	0.33110	0.10668	0.25485	0.04101	0.00259	0.00354	0.08107	0.00358	0.00357
15	0.87904	0.00833	0.00633	0.00566	0.00833	0.00966	0.00467	0.01266	0.00733	0.01933	0.00600	0.00700	0.00467	0.00400	0.00267	0.00133	0.00333	0.00233	0.00267	0.00467
16	0.01076	0.01038	0.01442	0.01180	0.01305	0.03725	0.10936	0.12053	0.06575	0.01363	0.00754	0.01024	0.00652	0.00651	0.01066	0.00170	0.53809	0.00400	0.00244	0.00536
17	0.00547	0.00418	0.00495	0.00528	0.00615	0.00376	0.00379	0.00658	0.00949	0.01223	0.16342	0.30799	0.33993	0.06058	0.00625	0.00172	0.00247	0.04810	0.00404	0.00362
18	0.01579	0.01253	0.09711	0.00988	0.01360	0.01216	0.00875	0.61934	0.03463	0.11608	0.01097	0.01082	0.00763	0.00509	0.00429	0.00131	0.00476	0.00388	0.00417	0.00722
19	0.01577	0.01073	0.01185	0.00924	0.01245	0.01162	0.00758	0.59263	0.07470	0.13838	0.06085	0.01268	0.01023	0.00546	0.00436	0.00131	0.00433	0.00425	0.00448	0.00709
20	0.01259	0.00975	0.01053	0.00900	0.01170	0.01096	0.00720	0.25029	0.50080	0.06038	0.01569	0.01605	0.01195	0.00594	0.00444	0.00143	0.00384	0.04621	0.00439	0.00684
21	0.00615	0.00462	0.00692	0.00692	0.00769	0.00538	0.00538	0.00769	0.00692	0.01000	0.01154	0.01692	0.01077	0.03231	0.83154	0.00692	0.01154	0.00462	0.00231	0.00385
22	0.01554	0.01009	0.01089	0.00872	0.01173	0.04691	0.00707	0.36654	0.15459	0.23640	0.01348	0.01280	0.00942	0.00529	0.00421	0.00130	0.00415	0.00413	0.06985	0.00689
23	0.00770	0.00478	0.00592	0.00549	0.00692	0.00423	0.00416	0.00930	0.01119	0.13542	0.40613	0.09737	0.26639	0.00929	0.00501	0.00141	0.00236	0.00802	0.00455	0.00438
24	0.01074	0.00988	0.01590	0.07310	0.62651	0.01018	0.01209	0.07314	0.05304	0.01501	0.00952	0.01298	0.00808	0.00450	0.00437	0.00134	0.00498	0.04556	0.00250	0.00658
25	0.01244	0.00907	0.00996	0.00853	0.01119	0.00998	0.00672	0.10755	0.55545	0.13948	0.01620	0.01532	0.01197	0.02927	0.00482	0.00147	0.00361	0.00464	0.00440	0.03795
26	0.10611	0.05583	0.03949	0.00907	0.01203	0.03746	0.00762	0.45208	0.10387	0.02158	0.01107	0.07316	0.00900	0.00570	0.00450	0.00135	0.03563	0.00431	0.00375	0.00640
