[name]
unknown

[dist]
# distance from previous block
# <min> <max>
0	88

[block]
# block no. 0 follows, 71 sequences, length 61
# corresponding to MSA columns:
# 99-159
name=unknown_A
#
# <colnr> <probs for GDERKNQSTAVLIFYWHMCP>
#	G	D	E	R	K	N	Q	S	T	A	V	L	I	F	Y	W	H	M	C	P
0	0.00749	0.04527	0.05022	0.00798	0.06912	0.03722	0.07339	0.03153	0.01886	0.05614	0.31396	0.08048	0.11487	0.00744	0.02955	0.00137	0.00340	0.03023	0.00331	0.01816
1	0.00978	0.04859	0.02784	0.07396	0.37521	0.00908	0.00901	0.16951	0.04493	0.02811	0.01022	0.08456	0.03310	0.00487	0.00409	0.00120	0.02583	0.01494	0.00259	0.02259
2	0.01064	0.00762	0.00890	0.02400	0.01002	0.03294	0.03993	0.11687	0.33123	0.15973	0.06103	0.05905	0.05005	0.01920	0.00457	0.02389	0.00339	0.02776	0.00375	0.00543
3	0.01126	0.00967	0.03483	0.00874	0.03968	0.04518	0.00689	0.32147	0.38372	0.01819	0.01311	0.02940	0.03308	0.00519	0.00391	0.00124	0.00374	0.02109	0.00363	0.00597
4	0.05219	0.09942	0.04426	0.00786	0.02589	0.03588	0.00654	0.08268	0.10980	0.09212	0.03652	0.01079	0.02175	0.02465	0.01588	0.00127	0.17308	0.00336	0.00270	0.15336
5	0.01185	0.14556	0.15760	0.00989	0.09864	0.11064	0.03179	0.05882	0.03195	0.22103	0.04418	0.01019	0.00783	0.00410	0.00355	0.00109	0.00445	0.00326	0.00281	0.04076
6	0.07124	0.01335	0.36645	0.07343	0.11003	0.00870	0.18622	0.01260	0.00854	0.10174	0.00788	0.00929	0.00567	0.00366	0.00380	0.00122	0.00522	0.00336	0.00211	0.00549
7	0.04643	0.06947	0.52358	0.00977	0.01437	0.00874	0.05591	0.04115	0.00895	0.14508	0.03550	0.00952	0.00671	0.00394	0.00363	0.00119	0.00494	0.00316	0.00233	0.00563
8	0.00969	0.05195	0.15132	0.01219	0.01560	0.11914	0.37411	0.08014	0.03308	0.01261	0.01842	0.05345	0.00716	0.00464	0.02055	0.00132	0.02323	0.00410	0.00220	0.00510
9	0.00964	0.10119	0.46477	0.01087	0.04163	0.00969	0.10663	0.09166	0.03807	0.07830	0.00801	0.00892	0.00578	0.00378	0.00368	0.00118	0.00515	0.00316	0.00221	0.00571
10	0.00489	0.00403	0.00486	0.00522	0.03306	0.00355	0.01842	0.00593	0.00855	0.01073	0.09937	0.25518	0.51282	0.00984	0.00460	0.00135	0.00217	0.00853	0.00353	0.00336
11	0.00467	0.00334	0.00445	0.00534	0.00556	0.00311	0.00356	0.00534	0.00734	0.00979	0.02113	0.86275	0.02536	0.01201	0.00489	0.00156	0.00222	0.01090	0.00356	0.00311
12	0.00643	0.00573	0.03029	0.04119	0.06279	0.03748	0.00502	0.02414	0.05463	0.01388	0.48259	0.06005	0.13771	0.00737	0.00436	0.00123	0.00260	0.01485	0.00365	0.00401
13	0.01424	0.00906	0.06028	0.01127	0.18105	0.03962	0.04087	0.13678	0.01131	0.43827	0.01150	0.01112	0.00776	0.00430	0.00384	0.00117	0.00408	0.00362	0.00363	0.00625
14	0.00905	0.01034	0.02262	0.01616	0.02004	0.00970	0.82741	0.01228	0.00905	0.01228	0.00776	0.01034	0.00582	0.00323	0.00452	0.00129	0.00646	0.00452	0.00194	0.00517
15	0.00724	0.00681	0.01150	0.85604	0.02641	0.00852	0.01065	0.00980	0.00767	0.00980	0.00681	0.01022	0.00511	0.00383	0.00383	0.00128	0.00511	0.00341	0.00170	0.00426
16	0.10324	0.00814	0.01260	0.06697	0.51586	0.00824	0.00944	0.02945	0.00892	0.14544	0.00896	0.05043	0.00729	0.00410	0.00371	0.00118	0.00410	0.00370	0.00251	0.00570
17	0.01283	0.01510	0.01084	0.01053	0.07952	0.61377	0.02325	0.01421	0.02632	0.04304	0.05098	0.04187	0.00779	0.00454	0.00390	0.00107	0.03028	0.00326	0.00229	0.00460
18	0.00724	0.00681	0.01150	0.85604	0.02641	0.00852	0.01065	0.00980	0.00767	0.00980	0.00681	0.01022	0.00511	0.00383	0.00383	0.00128	0.00511	0.00341	0.00170	0.00426
19	0.00795	0.00681	0.00795	0.00568	0.00909	0.00511	0.00454	0.00965	0.00795	0.01249	0.00681	0.00795	0.00568	0.00284	0.00284	0.00057	0.00284	0.00227	0.00227	0.88869
20	0.02379	0.01547	0.00580	0.00525	0.00664	0.00511	0.00402	0.05934	0.13414	0.01406	0.33519	0.06368	0.29715	0.00791	0.00434	0.00126	0.00225	0.00673	0.00383	0.00404
21	0.01458	0.01074	0.01151	0.00882	0.01189	0.01189	0.00729	0.82855	0.01803	0.02416	0.00921	0.00921	0.00652	0.00460	0.00384	0.00115	0.00422	0.00345	0.00384	0.00652
22	0.00795	0.00681	0.00795	0.00568	0.00909	0.00511	0.00454	0.00965	0.00795	0.01249	0.00681	0.00795	0.00568	0.00284	0.00284	0.00057	0.00284	0.00227	0.00227	0.88869
23	0.00858	0.03582	0.03936	0.00998	0.01032	0.03394	0.00850	0.00955	0.00614	0.00932	0.00513	0.00827	0.00502	0.00643	0.01173	0.00162	0.78107	0.00327	0.00168	0.00427
24	0.00467	0.00334	0.00445	0.00534	0.00556	0.00311	0.00356	0.00534	0.00734	0.00979	0.02113	0.86275	0.02536	0.01201	0.00489	0.00156	0.00222	0.01090	0.00356	0.00311
25	0.00989	0.07262	0.08263	0.00842	0.01113	0.00966	0.05607	0.01842	0.60052	0.06728	0.01359	0.01285	0.01012	0.00478	0.00381	0.00125	0.00356	0.00402	0.00347	0.00592
26	0.00455	0.00389	0.00392	0.00391	0.00519	0.00325	0.00293	0.00555	0.00879	0.01049	0.05921	0.03669	0.81932	0.00966	0.00453	0.00129	0.00194	0.00806	0.00358	0.00325
27	0.00548	0.00410	0.00613	0.00613	0.00680	0.00477	0.00475	0.00682	0.00615	0.00887	0.01030	0.01524	0.00966	0.04385	0.83507	0.00612	0.01015	0.00413	0.00206	0.00340
28	0.00904	0.01129	0.12669	0.01631	0.14210	0.00946	0.57441	0.01243	0.02634	0.02180	0.00781	0.01004	0.00590	0.00337	0.00428	0.00126	0.00597	0.00413	0.00197	0.00540
29	0.00790	0.00677	0.00810	0.00633	0.04138	0.00520	0.00475	0.00957	0.00791	0.01232	0.00717	0.02035	0.00619	0.02647	0.00336	0.00069	0.00292	0.00253	0.00228	0.81781
30	0.00888	0.01149	0.12247	0.01553	0.01962	0.00960	0.72871	0.01226	0.00893	0.01226	0.00765	0.01007	0.00570	0.00328	0.00442	0.00128	0.00637	0.00432	0.00190	0.00523
31	0.00474	0.00356	0.00442	0.00507	0.00563	0.00324	0.00357	0.00556	0.00782	0.01006	0.02580	0.58533	0.24228	0.01130	0.00483	0.00150	0.00224	0.06634	0.00356	0.00318
32	0.00986	0.00838	0.00886	0.00782	0.01009	0.00959	0.00612	0.07928	0.75211	0.01654	0.01490	0.01376	0.01116	0.00509	0.00387	0.00127	0.00312	0.00421	0.00385	0.03013
33	0.00714	0.00363	0.00534	0.00534	0.00560	0.00358	0.00380	0.00606	0.00577	0.05006	0.00877	0.01561	0.00870	0.01255	0.01323	0.73421	0.00335	0.10309	0.00205	0.00214
34	0.00525	0.00401	0.00547	0.00544	0.00628	0.00422	0.00417	0.00659	0.00752	0.01031	0.15524	0.04852	0.18559	0.02080	0.50773	0.00418	0.00688	0.00562	0.00277	0.00341
35	0.00488	0.00349	0.00469	0.00556	0.00588	0.00329	0.00391	0.00571	0.00759	0.01010	0.03355	0.74112	0.02509	0.01176	0.00494	0.00158	0.00239	0.11772	0.00357	0.00318
36	0.01458	0.01074	0.01151	0.00882	0.01189	0.01189	0.00729	0.82855	0.01803	0.02416	0.00921	0.00921	0.00652	0.00460	0.00384	0.00115	0.00422	0.00345	0.00384	0.00652
37	0.23659	0.00969	0.00987	0.00777	0.01064	0.01077	0.00641	0.57473	0.03050	0.05424	0.00858	0.00870	0.00614	0.00436	0.00347	0.00116	0.00384	0.00314	0.00350	0.00591
38	0.00573	0.00373	0.00478	0.00509	0.00561	0.00349	0.00349	0.00659	0.00798	0.05628	0.17244	0.45889	0.04856	0.15633	0.00722	0.00182	0.00247	0.02575	0.02047	0.00328
39	0.00851	0.00860	0.01173	0.01006	0.01010	0.02945	0.00837	0.00936	0.00598	0.00923	0.00505	0.00836	0.00503	0.00665	0.01239	0.00166	0.84025	0.00334	0.00168	0.00420
40	0.00724	0.00681	0.01150	0.85604	0.02641	0.00852	0.01065	0.00980	0.00767	0.00980	0.00681	0.01022	0.00511	0.00383	0.00383	0.00128	0.00511	0.00341	0.00170	0.00426
41	0.00485	0.00385	0.00436	0.00434	0.00540	0.00336	0.00322	0.00608	0.00934	0.01204	0.31326	0.11121	0.48653	0.00928	0.00456	0.00129	0.00192	0.00796	0.00379	0.00336
42	0.01144	0.00918	0.00974	0.00819	0.01070	0.01043	0.00653	0.32632	0.52535	0.01912	0.01318	0.01237	0.00974	0.00498	0.00388	0.00124	0.00348	0.00400	0.00388	0.00624
43	0.76634	0.00701	0.00569	0.00518	0.00731	0.00806	0.00419	0.01083	0.00669	0.03210	0.00698	0.07861	0.00616	0.00438	0.00283	0.00122	0.02082	0.00291	0.01860	0.00410
44	0.00531	0.00390	0.00498	0.00475	0.00567	0.00356	0.00355	0.00700	0.01053	0.01469	0.73243	0.05778	0.11522	0.00817	0.00454	0.00123	0.00184	0.00718	0.00413	0.00356
45	0.10090	0.00493	0.00594	0.00542	0.00682	0.00468	0.00404	0.01025	0.00834	0.26099	0.06758	0.18114	0.08979	0.17958	0.03119	0.00193	0.00312	0.02565	0.00354	0.00415
46	0.00508	0.00365	0.00490	0.00576	0.00620	0.00347	0.00425	0.00605	0.00779	0.01026	0.02144	0.61581	0.04883	0.01156	0.00499	0.00161	0.00257	0.22901	0.00355	0.00323
47	0.44009	0.00702	0.00736	0.00599	0.00867	0.00716	0.00494	0.02704	0.00893	0.43234	0.01031	0.00970	0.00687	0.00417	0.00314	0.00119	0.00313	0.00299	0.00359	0.00538
48	0.36288	0.00609	0.00612	0.00551	0.00724	0.00648	0.00423	0.05188	0.03155	0.14423	0.05806	0.12416	0.01177	0.14365	0.00597	0.00165	0.00305	0.01811	0.00313	0.00423
49	0.41586	0.00688	0.00701	0.00590	0.00834	0.00721	0.00480	0.01450	0.09125	0.31264	0.05207	0.01125	0.02240	0.00448	0.00320	0.00120	0.00298	0.00331	0.01958	0.00514
50	0.00556	0.00372	0.00421	0.00422	0.00425	0.00370	0.00238	0.00562	0.00575	0.00769	0.03413	0.04003	0.01473	0.82744	0.01886	0.00361	0.00364	0.00571	0.00240	0.00237
51	0.00548	0.00402	0.00577	0.00579	0.00634	0.00456	0.00432	0.00658	0.00609	0.00866	0.01086	0.03738	0.01075	0.17837	0.68065	0.00561	0.00890	0.00454	0.00214	0.00322
52	0.21875	0.00604	0.00694	0.00593	0.00806	0.00592	0.00471	0.02424	0.04168	0.37124	0.09978	0.12746	0.04045	0.00593	0.00372	0.00124	0.00284	0.00485	0.01518	0.00505
53	0.02226	0.00402	0.00512	0.00521	0.00601	0.00380	0.00373	0.00742	0.02547	0.08053	0.22461	0.36870	0.10515	0.04884	0.04053	0.03081	0.00264	0.00798	0.00363	0.00354
54	0.03271	0.00777	0.00828	0.00753	0.00957	0.00887	0.00586	0.03212	0.69839	0.03299	0.02532	0.06290	0.01277	0.00573	0.00397	0.00132	0.00301	0.03129	0.00385	0.00576
55	0.00574	0.00392	0.00414	0.00416	0.00525	0.00360	0.00313	0.02670	0.00873	0.01223	0.06813	0.09480	0.41648	0.00798	0.00396	0.00119	0.00201	0.03082	0.29359	0.00345
56	0.20005	0.00756	0.00824	0.00688	0.00933	0.00800	0.00553	0.16479	0.18202	0.27131	0.01260	0.08714	0.00969	0.00521	0.00364	0.00124	0.00323	0.00413	0.00379	0.00562
57	0.00571	0.00395	0.00530	0.00530	0.00573	0.00425	0.00372	0.00651	0.00623	0.02562	0.03526	0.06718	0.01297	0.36213	0.42811	0.00468	0.00681	0.00515	0.00236	0.00303
58	0.44267	0.00680	0.00704	0.00585	0.00836	0.00699	0.00478	0.01430	0.01979	0.37559	0.04271	0.03284	0.00838	0.00449	0.00319	0.00120	0.00303	0.00330	0.00353	0.00516
59	0.04260	0.00491	0.00621	0.00553	0.00706	0.00450	0.00421	0.01096	0.02655	0.29408	0.25118	0.15880	0.08629	0.07289	0.00541	0.00146	0.00259	0.00629	0.00402	0.00446
60	0.17432	0.00900	0.00905	0.00751	0.01001	0.04448	0.00603	0.31806	0.21437	0.10408	0.01105	0.04379	0.00845	0.01809	0.00385	0.00125	0.00363	0.00374	0.00357	0.00569

[dist]
# distance from previous block
# <min> <max>
1	11

[block]
# block no. 1 follows, 71 sequences, length 11
# corresponding to MSA columns:
# 171-181
name=unknown_B
#
# <colnr> <probs for GDERKNQSTAVLIFYWHMCP>
#	G	D	E	R	K	N	Q	S	T	A	V	L	I	F	Y	W	H	M	C	P
0	0.00576	0.03342	0.00538	0.00509	0.00575	0.00448	0.00352	0.00746	0.09263	0.01033	0.10623	0.27899	0.10484	0.28886	0.00941	0.00215	0.00282	0.02640	0.00320	0.00330
1	0.01124	0.42114	0.03071	0.00756	0.01036	0.14422	0.00669	0.07393	0.16119	0.05641	0.00832	0.00871	0.00669	0.00479	0.03182	0.00117	0.00455	0.00282	0.00245	0.00522
2	0.03502	0.03783	0.00968	0.00761	0.00992	0.00922	0.00615	0.28119	0.21887	0.16587	0.06874	0.01306	0.01055	0.04757	0.00516	0.00135	0.05874	0.00400	0.00371	0.00573
3	0.01183	0.09514	0.14758	0.00878	0.01176	0.11613	0.05547	0.08291	0.10487	0.20974	0.05442	0.01099	0.00865	0.00457	0.00428	0.00118	0.05964	0.00353	0.00302	0.00552
4	0.01129	0.08669	0.01077	0.05424	0.05151	0.15226	0.01865	0.18011	0.15054	0.08804	0.07227	0.06724	0.01091	0.00522	0.00382	0.00117	0.00416	0.02265	0.00318	0.00528
5	0.00475	0.00350	0.00441	0.00505	0.00551	0.00321	0.00347	0.00552	0.00771	0.01006	0.05368	0.62501	0.17717	0.04259	0.00536	0.00158	0.00225	0.03249	0.00354	0.00314
6	0.01026	0.00660	0.00798	0.00692	0.02281	0.04753	0.03825	0.05870	0.12007	0.23712	0.24186	0.03883	0.06211	0.07701	0.00540	0.00142	0.00316	0.00523	0.00385	0.00490
7	0.06247	0.04753	0.16486	0.02626	0.07956	0.13820	0.06757	0.21195	0.04281	0.05857	0.00877	0.00956	0.02737	0.00424	0.00397	0.00117	0.03375	0.00330	0.00261	0.00549
8	0.00878	0.00473	0.00630	0.00577	0.00675	0.00472	0.00424	0.02703	0.05652	0.18748	0.08609	0.10886	0.01315	0.09778	0.06190	0.28278	0.02550	0.00494	0.00303	0.00364
9	0.00594	0.00404	0.00533	0.00524	0.00580	0.00427	0.00372	0.00678	0.00646	0.04334	0.04122	0.02070	0.06584	0.34702	0.41255	0.00453	0.00664	0.00501	0.00244	0.00312
10	0.09165	0.00922	0.06438	0.05505	0.06913	0.07579	0.02855	0.03953	0.04499	0.19963	0.02803	0.01036	0.00729	0.00587	0.04017	0.00151	0.21760	0.00344	0.00272	0.00510

[dist]
# distance from previous block
# <min> <max>
0	1

[block]
# block no. 2 follows, 71 sequences, length 62
# corresponding to MSA columns:
# 183-244
name=unknown_C
#
# <colnr> <probs for GDERKNQSTAVLIFYWHMCP>
#	G	D	E	R	K	N	Q	S	T	A	V	L	I	F	Y	W	H	M	C	P
0	0.13566	0.01006	0.01872	0.01215	0.22356	0.10196	0.02021	0.22529	0.03356	0.10621	0.00826	0.00911	0.00623	0.00424	0.00424	0.00118	0.06767	0.00321	0.00282	0.00563
1	0.00508	0.00364	0.00471	0.00508	0.00563	0.00339	0.00360	0.00608	0.00845	0.01140	0.26708	0.41978	0.10169	0.05337	0.00583	0.02962	0.00226	0.05648	0.00363	0.00322
2	0.00982	0.00836	0.00892	0.00663	0.00988	0.05498	0.00533	0.19575	0.01040	0.01496	0.00731	0.00818	0.00583	0.00330	0.00310	0.00072	0.00339	0.00255	0.00261	0.63797
3	0.00872	0.00732	0.04457	0.02531	0.10434	0.02152	0.00615	0.09283	0.16431	0.06764	0.19962	0.08226	0.04207	0.04515	0.00473	0.00130	0.00321	0.00511	0.00339	0.07045
4	0.04738	0.00503	0.00663	0.00636	0.03858	0.00493	0.00456	0.01822	0.06182	0.16271	0.11722	0.01647	0.02831	0.04573	0.04522	0.30337	0.00343	0.04258	0.00296	0.03848
5	0.03755	0.00576	0.00691	0.00632	0.00788	0.00582	0.00489	0.09760	0.12290	0.17571	0.12906	0.20379	0.03676	0.05687	0.00518	0.00149	0.00292	0.08412	0.00385	0.00464
6	0.00945	0.26242	0.04365	0.01565	0.31114	0.01097	0.25610	0.01175	0.00851	0.01137	0.00703	0.02214	0.00592	0.00346	0.00364	0.00110	0.00499	0.00345	0.00185	0.00540
7	0.00619	0.00440	0.00604	0.00577	0.00656	0.00453	0.02859	0.05299	0.02006	0.01033	0.09438	0.12902	0.11166	0.06507	0.24966	0.18816	0.00502	0.00564	0.00270	0.00322
8	0.19211	0.00695	0.00749	0.00648	0.00867	0.00734	0.00513	0.08042	0.23465	0.20670	0.04621	0.10195	0.05574	0.00573	0.00372	0.00125	0.00298	0.00464	0.00371	0.01815
9	0.09902	0.00499	0.00596	0.00541	0.00702	0.00466	0.00419	0.01042	0.02021	0.24913	0.16972	0.14884	0.19043	0.02633	0.00452	0.00135	0.00255	0.03705	0.00387	0.00435
10	0.00940	0.00902	0.01541	0.05516	0.81038	0.00909	0.01172	0.01169	0.00869	0.01242	0.00720	0.00952	0.00604	0.00343	0.00380	0.00114	0.00458	0.00342	0.00189	0.00600
11	0.26793	0.00681	0.00767	0.00627	0.00879	0.00679	0.00510	0.05230	0.04815	0.45016	0.01957	0.01274	0.01819	0.04746	0.00426	0.00133	0.00321	0.02398	0.00381	0.00547
12	0.16813	0.00629	0.00689	0.00598	0.00791	0.00640	0.00469	0.14744	0.03894	0.19122	0.07660	0.14826	0.13405	0.03468	0.00441	0.00134	0.00292	0.00548	0.00366	0.00472
13	0.08638	0.00511	0.00621	0.00571	0.00716	0.00498	0.00443	0.01101	0.03990	0.24556	0.07425	0.07323	0.04304	0.16845	0.03593	0.00193	0.00330	0.12672	0.05246	0.00427
14	0.05863	0.00736	0.00917	0.00710	0.01000	0.00700	0.00585	0.17469	0.02360	0.61809	0.02937	0.01229	0.00920	0.00473	0.00379	0.00118	0.00340	0.00376	0.00443	0.00635
15	0.00595	0.00416	0.00566	0.00559	0.00617	0.00458	0.00406	0.00719	0.03099	0.03265	0.02943	0.03514	0.01185	0.27739	0.51637	0.00494	0.00754	0.00474	0.00234	0.00326
16	0.00663	0.00533	0.00640	0.00555	0.00744	0.00443	0.00412	0.00811	0.03225	0.01119	0.01280	0.28814	0.01373	0.09028	0.00527	0.00127	0.00276	0.04004	0.00280	0.45148
17	0.00551	0.00370	0.00419	0.00424	0.00427	0.00368	0.00240	0.00556	0.00572	0.00760	0.01296	0.06978	0.02688	0.80714	0.01851	0.00357	0.00361	0.00590	0.00241	0.00238
18	0.01307	0.00646	0.00810	0.00663	0.00895	0.00623	0.00528	0.05163	0.16991	0.46858	0.14803	0.01631	0.01435	0.05266	0.00483	0.00135	0.00305	0.00452	0.00433	0.00574
19	0.00548	0.00370	0.00432	0.00440	0.00446	0.00372	0.00258	0.00562	0.00578	0.00774	0.01285	0.10528	0.01480	0.73742	0.06337	0.00364	0.00393	0.00601	0.00243	0.00246
20	0.00845	0.00856	0.01272	0.01061	0.01096	0.01156	0.08152	0.00950	0.00616	0.00950	0.00528	0.00856	0.00510	0.00640	0.01186	0.00164	0.78218	0.00346	0.00170	0.00428
21	0.04220	0.00530	0.00624	0.00555	0.00674	0.00539	0.00402	0.11071	0.02164	0.14522	0.05424	0.04786	0.06242	0.35832	0.10509	0.00279	0.00415	0.00511	0.00311	0.00392
22	0.29806	0.00616	0.00636	0.00560	0.00723	0.00657	0.00422	0.07929	0.05474	0.14451	0.01005	0.04120	0.00891	0.21039	0.00829	0.09423	0.00331	0.00385	0.00291	0.00411
23	0.01340	0.01608	0.01014	0.00926	0.01112	0.70735	0.00694	0.03866	0.01071	0.03710	0.00794	0.09807	0.00730	0.00485	0.00363	0.00106	0.00622	0.00344	0.00229	0.00443
24	0.74427	0.00763	0.00637	0.00552	0.00798	0.00868	0.00454	0.07265	0.03240	0.07113	0.00657	0.00713	0.00490	0.00376	0.00262	0.00119	0.00308	0.00236	0.00268	0.00454
25	0.00491	0.00383	0.00440	0.00438	0.00537	0.00338	0.00321	0.00611	0.00922	0.01198	0.32438	0.11691	0.43124	0.04712	0.00523	0.00140	0.00200	0.00785	0.00374	0.00332
26	0.00724	0.00681	0.01150	0.85604	0.02641	0.00852	0.01065	0.00980	0.00767	0.00980	0.00681	0.01022	0.00511	0.00383	0.00383	0.00128	0.00511	0.00341	0.00170	0.00426
27	0.00829	0.00825	0.01156	0.00994	0.00996	0.01152	0.00827	0.00915	0.00588	0.00922	0.00520	0.00861	0.00518	0.00743	0.03991	0.00182	0.83057	0.00338	0.00169	0.00417
28	0.00484	0.00347	0.00461	0.00538	0.00567	0.00331	0.00368	0.00558	0.00729	0.00971	0.02037	0.71024	0.04000	0.06109	0.04894	0.00192	0.00279	0.05458	0.00341	0.00311
29	0.00494	0.00388	0.00447	0.00443	0.00550	0.00341	0.00332	0.00624	0.00948	0.01229	0.34531	0.08013	0.45909	0.00915	0.00457	0.00129	0.00196	0.03336	0.00381	0.00339
30	0.00666	0.00333	0.00500	0.00500	0.00500	0.00333	0.00333	0.00500	0.00500	0.00666	0.00666	0.01166	0.00666	0.01332	0.01499	0.88844	0.00333	0.00333	0.00167	0.00167
31	0.01025	0.86756	0.02009	0.00656	0.00984	0.01517	0.00656	0.01148	0.00779	0.00902	0.00533	0.00615	0.00492	0.00328	0.00246	0.00082	0.00410	0.00205	0.00164	0.00492
32	0.00916	0.00594	0.00747	0.00717	0.03159	0.00609	0.01741	0.08337	0.14541	0.14692	0.01545	0.07721	0.01473	0.19143	0.00768	0.00192	0.00350	0.21957	0.00349	0.00451
33	0.66519	0.00724	0.00635	0.00552	0.00792	0.00807	0.00451	0.01297	0.07004	0.14346	0.03252	0.00855	0.00650	0.00399	0.00278	0.00120	0.00298	0.00266	0.00291	0.00464
34	0.00916	0.00846	0.01375	0.14787	0.57123	0.00893	0.01060	0.05864	0.02972	0.01263	0.00768	0.01006	0.00632	0.00506	0.04985	0.00144	0.02348	0.00348	0.01605	0.00560
35	0.10182	0.01673	0.64626	0.00987	0.01476	0.00843	0.02480	0.01242	0.00817	0.08468	0.00787	0.03389	0.00581	0.00397	0.00358	0.00122	0.00508	0.00311	0.00203	0.00550
36	0.00526	0.00353	0.00466	0.00532	0.00568	0.00329	0.00360	0.00600	0.00760	0.04142	0.06790	0.72334	0.02468	0.06179	0.00570	0.00165	0.00234	0.01947	0.00357	0.00323
37	0.01074	0.00930	0.00931	0.00810	0.01040	0.06664	0.00637	0.17698	0.60042	0.01700	0.01358	0.01283	0.01019	0.00556	0.02378	0.00136	0.00370	0.00403	0.00372	0.00598
38	0.00630	0.00605	0.00540	0.00560	0.00655	0.14230	0.00406	0.00723	0.00866	0.01029	0.06974	0.35486	0.31128	0.00959	0.00452	0.00136	0.00292	0.03654	0.00333	0.00342
39	0.00935	0.01910	0.01369	0.04683	0.60745	0.00849	0.01002	0.05042	0.00899	0.01301	0.00741	0.00941	0.00613	0.00344	0.00360	0.00104	0.00419	0.00323	0.03564	0.13855
40	0.85518	0.00738	0.00577	0.00512	0.00752	0.00848	0.00422	0.01159	0.00671	0.05231	0.00575	0.00652	0.00438	0.00361	0.00244	0.00119	0.00298	0.00215	0.00247	0.00425
41	0.00534	0.00392	0.00500	0.00473	0.00567	0.00358	0.00355	0.00706	0.01064	0.01488	0.75971	0.02946	0.11609	0.00802	0.00452	0.00121	0.00182	0.00705	0.00416	0.00358
42	0.00569	0.00445	0.00605	0.00601	0.00677	0.02800	0.00464	0.00695	0.00664	0.00923	0.04729	0.01688	0.06987	0.02538	0.70643	0.03062	0.00902	0.00445	0.00224	0.00340
43	0.00803	0.00728	0.01161	0.65349	0.11016	0.00871	0.01017	0.02960	0.08797	0.02447	0.00789	0.01056	0.00595	0.00395	0.00384	0.00126	0.00480	0.00351	0.00203	0.00471
44	0.06190	0.00834	0.00867	0.00770	0.00994	0.00963	0.00603	0.06955	0.73537	0.01661	0.01461	0.01352	0.01094	0.00507	0.00381	0.00128	0.00310	0.00415	0.00381	0.00598
45	0.89233	0.00741	0.00564	0.00504	0.00741	0.00860	0.00415	0.01127	0.00653	0.01720	0.00534	0.00623	0.00415	0.00356	0.00237	0.00119	0.00297	0.00208	0.00237	0.00415
46	0.00589	0.00446	0.00667	0.00638	0.00721	0.00503	0.02927	0.03211	0.00677	0.00963	0.04192	0.01566	0.01990	0.04690	0.71257	0.03047	0.00919	0.00427	0.00220	0.00350
47	0.10915	0.00673	0.00793	0.00650	0.00888	0.00667	0.00524	0.10807	0.10825	0.38199	0.14731	0.02531	0.05032	0.00546	0.00385	0.00121	0.00301	0.00444	0.00413	0.00556
48	0.00663	0.00418	0.00548	0.00503	0.00614	0.00381	0.00382	0.00835	0.01071	0.10308	0.70809	0.05438	0.05006	0.00769	0.00446	0.00122	0.00198	0.00676	0.00424	0.00390
49	0.00503	0.00366	0.00476	0.00551	0.00594	0.00348	0.00388	0.01443	0.02460	0.01035	0.03504	0.70000	0.06615	0.01147	0.00488	0.00155	0.00237	0.09006	0.00358	0.00327
50	0.31245	0.00667	0.00757	0.00610	0.00874	0.00652	0.00501	0.01550	0.00946	0.51532	0.06063	0.01167	0.00927	0.00453	0.00339	0.00119	0.00308	0.00344	0.00391	0.00555
51	0.05130	0.00418	0.00506	0.00512	0.00578	0.00407	0.00349	0.01962	0.01863	0.08312	0.11472	0.36688	0.02026	0.26957	0.00905	0.00211	0.00280	0.00755	0.00331	0.00337
52	0.02707	0.00800	0.00875	0.00758	0.00986	0.00887	0.00606	0.15983	0.48898	0.11366	0.01443	0.01509	0.01103	0.00535	0.00390	0.00127	0.00325	0.05938	0.04174	0.00589
53	0.03251	0.00609	0.00806	0.00648	0.00897	0.00547	0.00524	0.01633	0.04914	0.63076	0.12187	0.06637	0.01389	0.00558	0.00398	0.00122	0.00300	0.00467	0.00452	0.00587
54	0.00601	0.00403	0.00506	0.00495	0.00594	0.00366	0.00365	0.00749	0.02025	0.07434	0.43057	0.22155	0.18025	0.00889	0.00455	0.00130	0.00205	0.00780	0.00398	0.00368
55	0.05829	0.00564	0.00658	0.00593	0.00744	0.00564	0.00450	0.11640	0.06191	0.17272	0.09428	0.18504	0.08039	0.12686	0.00631	0.00164	0.00296	0.03539	0.01765	0.00442
56	0.74312	0.00769	0.00642	0.00555	0.00801	0.00877	0.00457	0.08552	0.03140	0.06029	0.00648	0.00708	0.00486	0.00376	0.00262	0.00119	0.00310	0.00236	0.00267	0.00454
57	0.02823	0.00808	0.00884	0.00751	0.00981	0.00886	0.00594	0.23415	0.39179	0.12192	0.01487	0.06991	0.04423	0.02269	0.00425	0.00131	0.00329	0.00461	0.00389	0.00583
58	0.03872	0.00517	0.00669	0.00619	0.00741	0.01895	0.00482	0.05772	0.02090	0.12351	0.06059	0.02582	0.03577	0.04982	0.48550	0.03410	0.00723	0.00433	0.00275	0.00401
59	0.00524	0.00377	0.00485	0.00541	0.00583	0.00367	0.00373	0.03684	0.00762	0.01014	0.01993	0.62060	0.06295	0.09393	0.06394	0.00206	0.00303	0.03989	0.00335	0.00321
60	0.00862	0.00486	0.00615	0.00588	0.00704	0.00473	0.00430	0.01071	0.12519	0.20888	0.03476	0.34205	0.04096	0.08363	0.00664	0.07836	0.00281	0.01663	0.00363	0.00417
61	0.00788	0.00571	0.00620	0.00579	0.00677	0.03076	0.00407	0.11560	0.11309	0.05123	0.01502	0.17637	0.05418	0.34933	0.01060	0.02447	0.00340	0.01265	0.00311	0.00379

[dist]
# distance from previous block
# <min> <max>
0	3

# created by:
# /st0/software/busco_prod/Augustus/scripts/msa2prfl.pl ./align_prep/31397.fa
