[name]
unknown

[dist]
# distance from previous block
# <min> <max>
0	38

[block]
# block no. 0 follows, 73 sequences, length 71
# corresponding to MSA columns:
# 38-108
name=unknown_A
#
# <colnr> <probs for GDERKNQSTAVLIFYWHMCP>
#	G	D	E	R	K	N	Q	S	T	A	V	L	I	F	Y	W	H	M	C	P
0	0.00605	0.00432	0.00605	0.00691	0.00777	0.00432	0.00605	0.00777	0.00864	0.01123	0.01986	0.04232	0.02159	0.01036	0.00518	0.00173	0.00345	0.81949	0.00345	0.00345
1	0.01426	0.01051	0.01126	0.00863	0.01163	0.01163	0.00713	0.83224	0.01764	0.02364	0.00901	0.00901	0.00638	0.00450	0.00375	0.00113	0.00413	0.00338	0.00375	0.00638
2	0.00990	0.01091	0.01984	0.01473	0.03720	0.10887	0.66129	0.04161	0.00942	0.03691	0.00763	0.00974	0.00573	0.00334	0.00424	0.00122	0.00616	0.00411	0.00205	0.00508
3	0.00841	0.00807	0.01311	0.30259	0.46357	0.02814	0.02441	0.01087	0.03132	0.01117	0.00783	0.01047	0.02056	0.01921	0.02369	0.00132	0.00476	0.00349	0.00189	0.00512
4	0.00457	0.00368	0.00403	0.00420	0.00516	0.00319	0.00303	0.00549	0.00833	0.01033	0.10075	0.21649	0.57016	0.03722	0.00498	0.00139	0.00201	0.00835	0.00350	0.00314
5	0.89465	0.00726	0.00551	0.00493	0.00726	0.00842	0.00406	0.01103	0.00638	0.01683	0.00522	0.00609	0.00406	0.00348	0.00232	0.00116	0.00290	0.00203	0.00232	0.00406
6	0.00923	0.00974	0.01118	0.09722	0.16937	0.19163	0.02490	0.01081	0.03403	0.00992	0.01665	0.01083	0.02196	0.08888	0.00789	0.00152	0.27440	0.00350	0.00195	0.00439
7	0.01140	0.00833	0.00909	0.00771	0.01012	0.00927	0.00613	0.18808	0.55217	0.13371	0.01391	0.01279	0.01010	0.00491	0.00380	0.00123	0.00324	0.00400	0.00392	0.00609
8	0.39959	0.00730	0.00747	0.03003	0.00898	0.03827	0.02982	0.05584	0.06610	0.19097	0.12074	0.01140	0.01011	0.00447	0.00323	0.00117	0.00318	0.00338	0.00319	0.00478
9	0.00627	0.00430	0.00538	0.00565	0.00643	0.00421	0.00407	0.06767	0.04902	0.05573	0.06347	0.59040	0.06399	0.01012	0.00459	0.00144	0.00244	0.04754	0.00361	0.00366
10	0.11965	0.00728	0.00882	0.00685	0.00970	0.00704	0.00566	0.17478	0.01156	0.59036	0.01255	0.01126	0.00811	0.00448	0.00360	0.00115	0.00334	0.00349	0.00420	0.00611
11	0.00641	0.00537	0.00540	0.00537	0.00575	0.08681	0.00356	0.00728	0.04606	0.00868	0.03478	0.18759	0.01507	0.48086	0.03796	0.00275	0.03862	0.01613	0.00258	0.00296
12	0.02637	0.00735	0.01001	0.00784	0.01062	0.00715	0.08600	0.06650	0.19984	0.50055	0.02816	0.01274	0.00964	0.00463	0.00384	0.00119	0.00347	0.00395	0.00409	0.00607
13	0.00715	0.00673	0.01136	0.83622	0.04828	0.00835	0.01045	0.00964	0.00753	0.00966	0.00668	0.00998	0.00503	0.00374	0.00375	0.00125	0.00499	0.00333	0.00167	0.00422
14	0.00597	0.00422	0.00530	0.00523	0.00616	0.00404	0.00389	0.02697	0.06176	0.04388	0.43921	0.24588	0.08203	0.00862	0.00447	0.00130	0.00214	0.04133	0.00388	0.00370
15	0.00652	0.00326	0.00489	0.00489	0.00489	0.00326	0.00326	0.00489	0.00489	0.00652	0.00652	0.01140	0.00652	0.01303	0.01466	0.89084	0.00326	0.00326	0.00163	0.00163
16	0.00810	0.00805	0.01128	0.00970	0.00973	0.01123	0.00807	0.00894	0.00576	0.00902	0.00512	0.00846	0.00509	0.00739	0.04430	0.00181	0.82890	0.00331	0.00166	0.00408
17	0.00778	0.00766	0.01012	0.00895	0.00906	0.04194	0.00726	0.00855	0.00615	0.00907	0.00765	0.14451	0.00832	0.03137	0.01097	0.00165	0.66864	0.00448	0.00196	0.00389
18	0.00518	0.00381	0.00477	0.00455	0.00543	0.00348	0.00336	0.00671	0.00996	0.01378	0.66261	0.03863	0.15464	0.06029	0.00532	0.00135	0.00191	0.00692	0.00391	0.00340
19	0.01021	0.83306	0.01926	0.00656	0.00972	0.05157	0.00646	0.01140	0.00775	0.00884	0.00524	0.00605	0.00482	0.00324	0.00245	0.00081	0.00413	0.00202	0.00162	0.00479
20	0.00573	0.00376	0.00470	0.00473	0.00556	0.00348	0.00350	0.00715	0.00915	0.04184	0.39622	0.22419	0.10044	0.00832	0.00426	0.00124	0.00199	0.03822	0.13206	0.00348
21	0.03081	0.00709	0.00915	0.00781	0.04941	0.00679	0.00612	0.16189	0.02972	0.54613	0.01373	0.01471	0.00976	0.00510	0.00388	0.00121	0.00343	0.08304	0.00418	0.00603
22	0.02032	0.00903	0.06281	0.14291	0.34104	0.02282	0.10421	0.04105	0.02169	0.16513	0.00856	0.01001	0.00635	0.00378	0.00398	0.00118	0.02365	0.00349	0.00242	0.00556
23	0.00975	0.67954	0.18028	0.00726	0.01091	0.01338	0.00784	0.01157	0.00777	0.03433	0.00580	0.00659	0.00494	0.00332	0.00267	0.00089	0.00429	0.00221	0.00169	0.00500
24	0.04041	0.05486	0.11514	0.02310	0.19981	0.03232	0.09482	0.07407	0.15113	0.02233	0.00909	0.05021	0.00746	0.00415	0.00372	0.00112	0.01379	0.00364	0.00245	0.09638
25	0.00709	0.00667	0.01125	0.85913	0.02584	0.00834	0.01042	0.00959	0.00750	0.00959	0.00667	0.01000	0.00500	0.00375	0.00375	0.00125	0.00500	0.00333	0.00167	0.00417
26	0.01022	0.00846	0.00900	0.00770	0.01008	0.00952	0.00608	0.18227	0.62025	0.01707	0.01346	0.01260	0.01006	0.00482	0.00374	0.00120	0.00319	0.00394	0.00370	0.06264
27	0.00481	0.00344	0.00460	0.00533	0.00569	0.00323	0.00374	0.00570	0.00774	0.01039	0.11887	0.68413	0.02576	0.01113	0.00478	0.00150	0.00225	0.09020	0.00356	0.00315
28	0.89465	0.00726	0.00551	0.00493	0.00726	0.00842	0.00406	0.01103	0.00638	0.01683	0.00522	0.00609	0.00406	0.00348	0.00232	0.00116	0.00290	0.00203	0.00232	0.00406
29	0.00709	0.00667	0.01125	0.85913	0.02584	0.00834	0.01042	0.00959	0.00750	0.00959	0.00667	0.01000	0.00500	0.00375	0.00375	0.00125	0.00500	0.00333	0.00167	0.00417
30	0.00460	0.00343	0.00428	0.00488	0.00537	0.00311	0.00335	0.00540	0.00775	0.01012	0.08836	0.62075	0.20303	0.01095	0.00468	0.00144	0.00209	0.00977	0.00353	0.00311
31	0.01671	0.00658	0.00883	0.00677	0.00968	0.00581	0.00559	0.05696	0.01107	0.80820	0.01453	0.01259	0.00915	0.00464	0.00377	0.00116	0.00324	0.00375	0.00460	0.00638
32	0.01285	0.01000	0.02835	0.00944	0.01247	0.01052	0.12632	0.52866	0.12886	0.07829	0.01003	0.01010	0.00715	0.00438	0.00386	0.00117	0.00425	0.00367	0.00351	0.00611
33	0.02961	0.16015	0.01454	0.00945	0.01260	0.03196	0.17660	0.38844	0.01288	0.11460	0.00858	0.00904	0.00622	0.00398	0.00362	0.00110	0.00449	0.00335	0.00303	0.00574
34	0.00502	0.00390	0.00416	0.00404	0.00531	0.00331	0.00305	0.00611	0.00894	0.04146	0.15750	0.03405	0.69196	0.00905	0.00441	0.00125	0.00193	0.00760	0.00362	0.00334
35	0.01516	0.00602	0.00817	0.00639	0.00900	0.00523	0.00523	0.01666	0.01072	0.72680	0.13472	0.01498	0.01307	0.00508	0.00387	0.00116	0.00299	0.00421	0.00457	0.00597
36	0.00662	0.00641	0.00640	0.02235	0.00762	0.12715	0.03997	0.00846	0.06645	0.01105	0.12866	0.15561	0.34263	0.00815	0.00432	0.00127	0.00303	0.04692	0.00326	0.00367
37	0.01005	0.00776	0.00923	0.04020	0.10061	0.00859	0.00658	0.01803	0.58838	0.11837	0.04069	0.01364	0.01112	0.00488	0.00382	0.00124	0.00319	0.00413	0.00364	0.00585
38	0.00576	0.00357	0.00478	0.00537	0.00584	0.00329	0.00368	0.00649	0.00753	0.09110	0.02011	0.78270	0.02330	0.01106	0.00469	0.00149	0.00228	0.00999	0.00360	0.00337
39	0.00613	0.00522	0.00835	0.00763	0.00913	0.00493	0.15647	0.00792	0.00869	0.01120	0.04021	0.03407	0.23635	0.00867	0.00479	0.00150	0.00351	0.42625	0.01529	0.00368
40	0.89465	0.00726	0.00551	0.00493	0.00726	0.00842	0.00406	0.01103	0.00638	0.01683	0.00522	0.00609	0.00406	0.00348	0.00232	0.00116	0.00290	0.00203	0.00232	0.00406
41	0.00929	0.00891	0.01523	0.02303	0.84475	0.00891	0.01151	0.01151	0.00854	0.01226	0.00706	0.00929	0.00594	0.00334	0.00371	0.00111	0.00446	0.00334	0.00186	0.00594
42	0.00874	0.00909	0.01141	0.00983	0.01001	0.08864	0.00812	0.00957	0.00619	0.00904	0.00501	0.00808	0.00492	0.00632	0.01149	0.00158	0.78295	0.00320	0.00167	0.00413
43	0.00929	0.00891	0.01523	0.02303	0.84475	0.00891	0.01151	0.01151	0.00854	0.01226	0.00706	0.00929	0.00594	0.00334	0.00371	0.00111	0.00446	0.00334	0.00186	0.00594
44	0.00778	0.00667	0.00778	0.00556	0.00889	0.00500	0.00445	0.00945	0.00778	0.01223	0.00667	0.00778	0.00556	0.00278	0.00278	0.00056	0.00278	0.00222	0.00222	0.89108
45	0.00665	0.00579	0.00593	0.00556	0.00694	0.05659	0.00424	0.01044	0.22604	0.01335	0.32428	0.02572	0.26289	0.00735	0.00422	0.00123	0.00246	0.02251	0.00371	0.00410
46	0.00546	0.00406	0.00578	0.00575	0.00638	0.00458	0.00433	0.00677	0.02027	0.00879	0.02500	0.02703	0.01061	0.14433	0.68606	0.00540	0.00870	0.00433	0.00214	0.01421
47	0.00931	0.05276	0.01095	0.00884	0.00983	0.04882	0.00730	0.14669	0.07050	0.01191	0.00705	0.00938	0.00618	0.00842	0.11066	0.00198	0.46928	0.00335	0.00221	0.00458
48	0.03449	0.00827	0.08980	0.00726	0.04109	0.01610	0.03904	0.01041	0.03113	0.03293	0.00763	0.00867	0.01999	0.00320	0.00315	0.00075	0.01395	0.00261	0.00225	0.62728
49	0.08363	0.01077	0.00956	0.00812	0.01052	0.18823	0.00642	0.26884	0.31663	0.04303	0.01051	0.01025	0.00782	0.00451	0.00358	0.00115	0.00413	0.00340	0.00330	0.00560
50	0.00893	0.01649	0.05342	0.16854	0.01515	0.06393	0.23644	0.03022	0.02393	0.09308	0.12435	0.03634	0.02284	0.00493	0.00459	0.00125	0.05664	0.03168	0.00259	0.00464
51	0.01003	0.87041	0.01966	0.00642	0.00963	0.01485	0.00642	0.01123	0.00762	0.00883	0.00522	0.00602	0.00481	0.00321	0.00241	0.00080	0.00401	0.00201	0.00160	0.00481
52	0.00864	0.02261	0.00769	0.00644	0.00772	0.00690	0.02674	0.13819	0.02083	0.05342	0.12529	0.01541	0.02708	0.00560	0.00517	0.00118	0.16766	0.04148	0.30763	0.00430
53	0.89465	0.00726	0.00551	0.00493	0.00726	0.00842	0.00406	0.01103	0.00638	0.01683	0.00522	0.00609	0.00406	0.00348	0.00232	0.00116	0.00290	0.00203	0.00232	0.00406
54	0.01003	0.87041	0.01966	0.00642	0.00963	0.01485	0.00642	0.01123	0.00762	0.00883	0.00522	0.00602	0.00481	0.00321	0.00241	0.00080	0.00401	0.00201	0.00160	0.00481
55	0.00536	0.00401	0.00598	0.00598	0.00664	0.00467	0.00463	0.00667	0.00602	0.00868	0.01009	0.01497	0.00948	0.04773	0.83383	0.00597	0.00990	0.00405	0.00202	0.00332
56	0.00531	0.00383	0.00501	0.00472	0.00560	0.00354	0.00354	0.00708	0.01062	0.01504	0.84277	0.02802	0.03540	0.00767	0.00442	0.00118	0.00177	0.00678	0.00413	0.00354
57	0.00529	0.00383	0.00499	0.00470	0.00560	0.00353	0.00353	0.00705	0.01058	0.01496	0.82809	0.02817	0.05013	0.00770	0.00443	0.00118	0.00177	0.00681	0.00412	0.00353
58	0.00595	0.00397	0.00516	0.00482	0.00582	0.00362	0.00363	0.00761	0.01037	0.06652	0.71461	0.06725	0.07081	0.00776	0.00440	0.00120	0.00188	0.00683	0.00410	0.00368
59	0.00964	0.00788	0.00834	0.00723	0.00939	0.00880	0.00570	0.20297	0.50738	0.01669	0.04027	0.01645	0.13143	0.00567	0.00391	0.00124	0.00305	0.00465	0.00376	0.00557
60	0.01401	0.01788	0.01063	0.00967	0.01160	0.85309	0.00725	0.01498	0.01063	0.00918	0.00580	0.00677	0.00483	0.00387	0.00338	0.00097	0.00677	0.00242	0.00193	0.00435
61	0.00821	0.00385	0.00414	0.00389	0.00502	0.00375	0.00298	0.00993	0.00822	0.11731	0.01256	0.01384	0.00958	0.00440	0.00277	0.00091	0.00193	0.00353	0.77933	0.00385
62	0.01141	0.03441	0.01592	0.01198	0.03405	0.13126	0.38795	0.09733	0.01022	0.15350	0.03331	0.01029	0.00708	0.00393	0.00434	0.00119	0.04014	0.00385	0.00260	0.00525
63	0.01876	0.07253	0.01175	0.01853	0.08965	0.11435	0.07437	0.04929	0.00783	0.04172	0.00758	0.04038	0.00707	0.08389	0.06538	0.00183	0.28493	0.00369	0.00208	0.00438
64	0.00462	0.00336	0.00437	0.00514	0.00548	0.00311	0.00351	0.00536	0.00743	0.00980	0.03962	0.74584	0.09994	0.01142	0.00476	0.00150	0.00218	0.03600	0.00350	0.00308
65	0.00835	0.01031	0.15891	0.27157	0.34863	0.05332	0.02778	0.01095	0.00817	0.01112	0.01784	0.00960	0.00590	0.00454	0.03633	0.00135	0.00515	0.00328	0.00179	0.00510
66	0.00576	0.00415	0.00503	0.00480	0.00569	0.00398	0.00347	0.00772	0.07190	0.03204	0.46221	0.06734	0.13286	0.15680	0.01843	0.00170	0.00237	0.00659	0.00365	0.00349
67	0.00970	0.00812	0.00862	0.00764	0.00978	0.00931	0.00596	0.11644	0.70033	0.01635	0.01478	0.05387	0.01148	0.00534	0.00386	0.00127	0.00307	0.00444	0.00379	0.00585
68	0.74894	0.00848	0.00622	0.00552	0.00784	0.10760	0.00446	0.01142	0.00695	0.01571	0.00536	0.00625	0.00422	0.00349	0.00247	0.00111	0.00335	0.00209	0.00227	0.04625
69	0.01199	0.02086	0.01211	0.08096	0.24475	0.33239	0.02904	0.07540	0.02678	0.09299	0.00758	0.00874	0.00588	0.00384	0.00367	0.00107	0.01341	0.00304	0.00233	0.02318
70	0.00919	0.00930	0.03315	0.02173	0.70842	0.00899	0.13027	0.01159	0.00858	0.01221	0.00713	0.00938	0.00588	0.00332	0.00381	0.00114	0.00475	0.00349	0.00186	0.00581

[dist]
# distance from previous block
# <min> <max>
0	2

[block]
# block no. 1 follows, 73 sequences, length 80
# corresponding to MSA columns:
# 111-190
name=unknown_B
#
# <colnr> <probs for GDERKNQSTAVLIFYWHMCP>
#	G	D	E	R	K	N	Q	S	T	A	V	L	I	F	Y	W	H	M	C	P
0	0.12154	0.18542	0.11995	0.01132	0.01487	0.01018	0.41048	0.02977	0.00825	0.01206	0.00688	0.00899	0.00549	0.03401	0.00415	0.00123	0.00518	0.00344	0.00191	0.00487
1	0.00916	0.00879	0.01500	0.07041	0.79834	0.00888	0.01145	0.01140	0.00848	0.01211	0.00704	0.00933	0.00589	0.00337	0.00372	0.00112	0.00449	0.00334	0.00185	0.00584
2	0.00815	0.00829	0.08381	0.00803	0.02896	0.03671	0.03565	0.03547	0.36449	0.01262	0.01306	0.12260	0.01182	0.11584	0.01644	0.00167	0.06742	0.02117	0.00301	0.00478
3	0.00615	0.00455	0.00640	0.00637	0.00705	0.00505	0.00480	0.00716	0.00649	0.00932	0.01092	0.01658	0.01043	0.10430	0.76854	0.00589	0.00965	0.00439	0.00229	0.00365
4	0.00633	0.00372	0.00561	0.08655	0.00710	0.00398	0.00409	0.00564	0.00534	0.00718	0.00739	0.01261	0.00725	0.06988	0.13601	0.61947	0.00444	0.00352	0.00173	0.00216
5	0.01148	0.00894	0.01103	0.24390	0.04698	0.01012	0.00801	0.48877	0.04003	0.02856	0.04405	0.01030	0.00739	0.00444	0.00393	0.00118	0.01867	0.00354	0.00310	0.00558
6	0.00818	0.00809	0.01147	0.00956	0.01014	0.01058	0.04283	0.00921	0.00614	0.00956	0.00526	0.00824	0.00504	0.00594	0.01076	0.00149	0.71567	0.00320	0.00173	0.11691
7	0.01252	0.00982	0.01026	0.00831	0.01097	0.03140	0.00671	0.52553	0.30701	0.02048	0.01114	0.01071	0.00813	0.00470	0.00377	0.00117	0.00378	0.00366	0.00373	0.00617
8	0.29371	0.00798	0.00850	0.01713	0.00970	0.00901	0.05307	0.12868	0.35245	0.01649	0.01076	0.04198	0.00850	0.02178	0.00370	0.00127	0.00331	0.00367	0.00315	0.00515
9	0.00747	0.00694	0.01175	0.47247	0.22939	0.00786	0.04467	0.00967	0.00764	0.01023	0.00782	0.01219	0.00668	0.05768	0.06146	0.00170	0.00512	0.03297	0.00185	0.00446
10	0.00778	0.00667	0.00778	0.00556	0.00889	0.00500	0.00445	0.00945	0.00778	0.01223	0.00667	0.00778	0.00556	0.00278	0.00278	0.00056	0.00278	0.00222	0.00222	0.89108
11	0.89465	0.00726	0.00551	0.00493	0.00726	0.00842	0.00406	0.01103	0.00638	0.01683	0.00522	0.00609	0.00406	0.00348	0.00232	0.00116	0.00290	0.00203	0.00232	0.00406
12	0.01197	0.01135	0.01182	0.04083	0.01222	0.19809	0.06557	0.34029	0.04763	0.01543	0.00745	0.00866	0.00582	0.00473	0.00567	0.00123	0.20009	0.00325	0.00266	0.00522
13	0.10488	0.00409	0.00487	0.00537	0.00600	0.00407	0.00375	0.04144	0.00762	0.02966	0.01832	0.71393	0.02136	0.01036	0.00445	0.00146	0.00236	0.00923	0.00339	0.00338
14	0.00931	0.00928	0.01408	0.03445	0.62556	0.07209	0.02287	0.01127	0.00839	0.01159	0.01664	0.01010	0.01708	0.00400	0.00473	0.00118	0.10304	0.01697	0.00191	0.00546
15	0.00701	0.00634	0.08750	0.00837	0.09892	0.00535	0.02054	0.03032	0.00805	0.08193	0.04598	0.49344	0.01779	0.00862	0.00491	0.00140	0.05874	0.00760	0.00311	0.00410
16	0.00746	0.00642	0.00815	0.03956	0.09990	0.00680	0.03167	0.01278	0.34550	0.01383	0.21912	0.02919	0.12534	0.02199	0.00433	0.00127	0.00288	0.00529	0.00345	0.01505
17	0.00951	0.00766	0.00843	0.00669	0.00948	0.02171	0.00531	0.12718	0.24880	0.05029	0.01031	0.04046	0.00820	0.00410	0.00334	0.00091	0.00309	0.00334	0.00304	0.42816
18	0.00571	0.00408	0.00565	0.00642	0.00717	0.00402	0.00537	0.00725	0.00853	0.01123	0.08590	0.19345	0.02329	0.01041	0.00505	0.00165	0.00308	0.60484	0.00351	0.00339
19	0.00920	0.03726	0.40501	0.06884	0.24054	0.04893	0.03296	0.03425	0.00866	0.06877	0.00736	0.00874	0.00547	0.00361	0.00362	0.00115	0.00505	0.00305	0.00196	0.00555
20	0.00844	0.08292	0.12869	0.30658	0.27299	0.00920	0.01033	0.01190	0.10039	0.02170	0.00773	0.00963	0.00601	0.00371	0.00361	0.00116	0.00458	0.00325	0.00198	0.00518
21	0.00579	0.00451	0.00637	0.00778	0.11290	0.00433	0.00529	0.00726	0.00870	0.01165	0.19036	0.21940	0.11584	0.00913	0.00467	0.00144	0.00277	0.27475	0.00340	0.00366
22	0.00755	0.00456	0.00563	0.00553	0.03605	0.00407	0.00397	0.02378	0.00916	0.18491	0.14534	0.15351	0.35348	0.03920	0.00484	0.00135	0.00239	0.00697	0.00372	0.00400
23	0.01170	0.07516	0.18925	0.02262	0.03269	0.03762	0.05027	0.06349	0.02734	0.32291	0.01051	0.01146	0.00766	0.06480	0.05438	0.00159	0.00459	0.00351	0.00301	0.00543
24	0.01120	0.26405	0.16406	0.04851	0.01246	0.38859	0.00830	0.01327	0.03895	0.00982	0.00618	0.00717	0.00506	0.00366	0.00317	0.00098	0.00553	0.00247	0.00183	0.00475
25	0.00902	0.00862	0.01474	0.02060	0.68866	0.00871	0.06275	0.02937	0.00854	0.01217	0.00764	0.03657	0.00665	0.00478	0.04079	0.00136	0.02777	0.00367	0.00195	0.00564
26	0.89465	0.00726	0.00551	0.00493	0.00726	0.00842	0.00406	0.01103	0.00638	0.01683	0.00522	0.00609	0.00406	0.00348	0.00232	0.00116	0.00290	0.00203	0.00232	0.00406
27	0.09092	0.00509	0.00650	0.00597	0.00701	0.00566	0.00462	0.00772	0.01639	0.01013	0.04444	0.01418	0.00961	0.12813	0.42222	0.00384	0.09531	0.00383	0.00217	0.11626
28	0.59991	0.00824	0.00794	0.00817	0.12464	0.02846	0.00568	0.14328	0.00864	0.02628	0.00621	0.00710	0.00477	0.00365	0.00279	0.00114	0.00341	0.00246	0.00250	0.00473
29	0.00759	0.01678	0.70686	0.00979	0.01449	0.00787	0.01218	0.01107	0.00761	0.03116	0.00712	0.00907	0.00537	0.00491	0.00501	0.11430	0.00516	0.01690	0.00170	0.00503
30	0.00611	0.00419	0.00500	0.00474	0.00593	0.00380	0.00357	0.00786	0.04744	0.08493	0.37021	0.10269	0.32284	0.00831	0.00438	0.00124	0.00203	0.00716	0.00387	0.00372
31	0.00474	0.00343	0.00448	0.00523	0.00560	0.00320	0.00364	0.00553	0.00748	0.00988	0.04597	0.68440	0.08713	0.03043	0.00511	0.00156	0.00229	0.08335	0.00347	0.00309
32	0.00762	0.00705	0.01177	0.37970	0.33855	0.00784	0.00977	0.00981	0.00782	0.01065	0.02350	0.01178	0.02124	0.00700	0.11179	0.00181	0.00529	0.02042	0.00190	0.00471
33	0.00830	0.00810	0.01316	0.45768	0.36863	0.03905	0.03038	0.01065	0.00808	0.01075	0.00682	0.00959	0.00541	0.00357	0.00374	0.00118	0.00487	0.00333	0.00176	0.00494
34	0.01626	0.00686	0.00895	0.00691	0.00979	0.00628	0.00569	0.09867	0.04670	0.73060	0.01425	0.01245	0.00909	0.00465	0.00377	0.00116	0.00328	0.00375	0.00452	0.00637
35	0.00520	0.00383	0.00486	0.00460	0.00554	0.00349	0.00345	0.00686	0.01036	0.01442	0.74045	0.02905	0.13810	0.00790	0.00443	0.00119	0.00179	0.00693	0.00405	0.00349
36	0.01216	0.00916	0.01127	0.01108	0.17570	0.00995	0.00763	0.51779	0.01389	0.05440	0.00894	0.00994	0.00678	0.00732	0.11188	0.00176	0.01783	0.00347	0.00316	0.00587
37	0.58172	0.00748	0.00803	0.19142	0.11530	0.01962	0.00640	0.01083	0.00695	0.01460	0.00577	0.00734	0.00451	0.00353	0.00282	0.00117	0.00360	0.00248	0.00212	0.00432
38	0.00605	0.00432	0.00605	0.00691	0.00777	0.00432	0.00605	0.00777	0.00864	0.01123	0.01986	0.04232	0.02159	0.01036	0.00518	0.00173	0.00345	0.81949	0.00345	0.00345
39	0.00464	0.00340	0.00425	0.00489	0.00528	0.00313	0.00329	0.00530	0.00728	0.00948	0.02289	0.63711	0.16646	0.08878	0.00602	0.00167	0.00227	0.01747	0.00337	0.00300
40	0.00778	0.00667	0.00778	0.00556	0.00889	0.00500	0.00445	0.00945	0.00778	0.01223	0.00667	0.00778	0.00556	0.00278	0.00278	0.00056	0.00278	0.00222	0.00222	0.89108
41	0.00913	0.00875	0.01494	0.08290	0.78610	0.00887	0.01144	0.01138	0.00847	0.01207	0.00703	0.00934	0.00588	0.00337	0.00372	0.00112	0.00450	0.00334	0.00184	0.00582
42	0.01389	0.04429	0.01091	0.00956	0.01154	0.82712	0.00722	0.01487	0.01054	0.00917	0.00578	0.00674	0.00483	0.00385	0.00335	0.00096	0.00668	0.00240	0.00192	0.00436
43	0.00895	0.00852	0.01450	0.21958	0.57018	0.00892	0.05648	0.04592	0.00870	0.01210	0.00708	0.00949	0.00573	0.00348	0.00376	0.00116	0.00468	0.00340	0.00189	0.00549
44	0.00560	0.00419	0.00557	0.00595	0.00632	0.00444	0.00428	0.03634	0.00746	0.02235	0.01797	0.66200	0.02100	0.02220	0.02935	0.00168	0.09832	0.03837	0.00325	0.00335
45	0.00746	0.00705	0.01193	0.71717	0.16488	0.00843	0.01061	0.00991	0.00768	0.01004	0.00673	0.00988	0.00516	0.00368	0.00374	0.00123	0.00491	0.00334	0.00170	0.00447
46	0.00800	0.01818	0.02816	0.05174	0.42130	0.00780	0.06766	0.00986	0.02744	0.01101	0.00952	0.16699	0.00940	0.00585	0.00543	0.05838	0.08156	0.00475	0.00216	0.00481
47	0.05385	0.02435	0.05272	0.03691	0.01931	0.00597	0.06194	0.05354	0.04496	0.06041	0.18788	0.07585	0.16766	0.02686	0.00448	0.00122	0.02150	0.00534	0.00312	0.09212
48	0.00709	0.00667	0.01125	0.85913	0.02584	0.00834	0.01042	0.00959	0.00750	0.00959	0.00667	0.01000	0.00500	0.00375	0.00375	0.00125	0.00500	0.00333	0.00167	0.00417
49	0.00638	0.00386	0.00517	0.00564	0.00635	0.00358	0.00415	0.00733	0.00794	0.11639	0.02053	0.58149	0.05720	0.01052	0.00471	0.00150	0.00251	0.14759	0.00363	0.00355
50	0.04341	0.22010	0.24875	0.00992	0.08767	0.04157	0.05990	0.04976	0.00902	0.18372	0.00812	0.00866	0.00592	0.00371	0.00335	0.00108	0.00453	0.00293	0.00240	0.00548
51	0.00709	0.00667	0.01125	0.85913	0.02584	0.00834	0.01042	0.00959	0.00750	0.00959	0.00667	0.01000	0.00500	0.00375	0.00375	0.00125	0.00500	0.00333	0.00167	0.00417
52	0.00461	0.00332	0.00437	0.00515	0.00544	0.00308	0.00347	0.00534	0.00743	0.00991	0.06932	0.79022	0.05156	0.01144	0.00476	0.00150	0.00214	0.01035	0.00352	0.00308
53	0.00858	0.00802	0.01341	0.10485	0.65538	0.00818	0.01023	0.01055	0.00805	0.01135	0.00762	0.01130	0.00683	0.11333	0.00567	0.00145	0.00441	0.00361	0.00189	0.00530
54	0.00569	0.00405	0.00499	0.00480	0.00573	0.00389	0.00358	0.00796	0.06913	0.01430	0.58699	0.09960	0.06044	0.00754	0.00421	0.00119	0.00189	0.00662	0.10375	0.00365
55	0.00593	0.00408	0.00479	0.00462	0.00493	0.00421	0.00292	0.05254	0.00652	0.00883	0.05948	0.02266	0.01396	0.66611	0.12004	0.00365	0.00435	0.00524	0.00243	0.00271
56	0.00974	0.69272	0.16316	0.00724	0.01085	0.01367	0.00774	0.04007	0.00803	0.00988	0.00561	0.00645	0.00486	0.00332	0.00266	0.00088	0.00428	0.00219	0.00168	0.00500
57	0.77582	0.05901	0.00673	0.00531	0.00770	0.03929	0.00442	0.03334	0.00697	0.02654	0.00546	0.00628	0.00426	0.00352	0.00242	0.00113	0.00314	0.00210	0.00233	0.00421
58	0.05132	0.28899	0.01340	0.00760	0.01051	0.02757	0.00661	0.40201	0.05853	0.04946	0.00798	0.00825	0.00609	0.00408	0.00343	0.00103	0.02347	0.00289	0.00292	0.02388
59	0.00819	0.13797	0.62685	0.01001	0.01483	0.03953	0.04014	0.01215	0.04140	0.01156	0.02016	0.00825	0.00555	0.00364	0.00345	0.00113	0.00524	0.00283	0.00174	0.00537
60	0.00866	0.00885	0.01066	0.00929	0.00969	0.10872	0.00760	0.02651	0.01604	0.00938	0.00588	0.00895	0.00558	0.00893	0.11791	0.00211	0.62605	0.00329	0.00179	0.00410
61	0.00769	0.00657	0.00768	0.00553	0.00877	0.00495	0.00441	0.00936	0.00788	0.01233	0.03680	0.00851	0.00663	0.00295	0.00284	0.00058	0.00274	0.00239	0.00229	0.85909
62	0.00540	0.00399	0.00599	0.00599	0.00664	0.00464	0.00464	0.00664	0.00599	0.00863	0.00992	0.01462	0.00928	0.02760	0.82350	0.03745	0.00981	0.00399	0.00200	0.00329
63	0.05105	0.00844	0.01340	0.04218	0.60096	0.00860	0.02358	0.05224	0.05162	0.05855	0.02970	0.02771	0.00746	0.00386	0.00371	0.00114	0.00415	0.00361	0.00231	0.00571
64	0.05706	0.23493	0.08516	0.01069	0.01394	0.08856	0.29470	0.10632	0.00935	0.01236	0.00664	0.00813	0.00526	0.00361	0.00394	0.00111	0.04802	0.00317	0.00202	0.00502
65	0.01401	0.01788	0.01063	0.00967	0.01160	0.85309	0.00725	0.01498	0.01063	0.00918	0.00580	0.00677	0.00483	0.00387	0.00338	0.00097	0.00677	0.00242	0.00193	0.00435
66	0.00455	0.00361	0.00408	0.00437	0.00522	0.00315	0.00311	0.00543	0.00814	0.01019	0.07954	0.33518	0.48834	0.02148	0.00475	0.00139	0.00202	0.00881	0.00351	0.00313
67	0.00621	0.00495	0.00551	0.00530	0.00660	0.00495	0.00400	0.03285	0.20136	0.02289	0.16903	0.15252	0.33184	0.00854	0.01525	0.00135	0.00237	0.01681	0.00368	0.00399
68	0.03079	0.00640	0.00866	0.00665	0.00954	0.00556	0.00549	0.01817	0.01067	0.83413	0.01465	0.01266	0.00920	0.00463	0.00375	0.00116	0.00319	0.00375	0.00461	0.00635
69	0.00562	0.00395	0.00498	0.00490	0.00506	0.00428	0.00321	0.00592	0.00567	0.00779	0.02167	0.03683	0.01240	0.57272	0.19865	0.04354	0.05296	0.00504	0.00220	0.00261
70	0.01382	0.00647	0.00880	0.00705	0.00918	0.00645	0.00579	0.03059	0.00989	0.57935	0.10177	0.01357	0.01127	0.00574	0.02104	0.00134	0.15427	0.00401	0.00399	0.00562
71	0.00935	0.61039	0.01689	0.03950	0.09547	0.01264	0.00691	0.02762	0.01633	0.00960	0.00650	0.03486	0.00603	0.00556	0.06874	0.00131	0.02305	0.00270	0.00179	0.00477
72	0.00798	0.04797	0.60200	0.01211	0.04327	0.00912	0.20120	0.01188	0.00814	0.01181	0.00688	0.00840	0.00501	0.00345	0.00373	0.00119	0.00563	0.00314	0.00167	0.00542
73	0.01790	0.00880	0.01650	0.02305	0.03965	0.02322	0.49492	0.04203	0.05621	0.10559	0.05667	0.02255	0.02243	0.00463	0.01839	0.00133	0.00520	0.03326	0.00260	0.00507
74	0.12652	0.01798	0.00840	0.03163	0.05234	0.00620	0.02004	0.03800	0.02147	0.06196	0.04533	0.01676	0.00722	0.00345	0.00302	0.00080	0.00305	0.00277	0.00250	0.53056
75	0.01509	0.09755	0.15326	0.02259	0.12609	0.00804	0.15945	0.03684	0.05810	0.01195	0.05671	0.10958	0.10196	0.00556	0.01182	0.00124	0.00419	0.00486	0.00246	0.01265
76	0.00590	0.00449	0.00567	0.00557	0.01612	0.01256	0.01243	0.04779	0.01001	0.01366	0.47072	0.11766	0.11395	0.00828	0.00449	0.00129	0.00233	0.12140	0.00377	0.02191
77	0.00822	0.03487	0.17180	0.13669	0.14816	0.02441	0.13629	0.03039	0.02027	0.04315	0.08863	0.04697	0.04029	0.00462	0.00390	0.00119	0.00448	0.02038	0.00234	0.03296
78	0.02660	0.02972	0.22052	0.05530	0.30219	0.02374	0.04666	0.09907	0.00944	0.08902	0.01617	0.01585	0.00627	0.00381	0.00380	0.00114	0.01934	0.00329	0.00228	0.02579
79	0.01903	0.05785	0.11992	0.05162	0.41551	0.00846	0.07607	0.03742	0.00866	0.03951	0.01016	0.05434	0.06727	0.00431	0.00376	0.00115	0.00436	0.00397	0.00217	0.01445

[dist]
# distance from previous block
# <min> <max>
0	30

# created by:
# /st0/software/busco_prod/Augustus/scripts/msa2prfl.pl ./align_prep/31398.fa
