[name]
unknown

[dist]
# distance from previous block
# <min> <max>
7	193

[block]
# block no. 0 follows, 71 sequences, length 36
# corresponding to MSA columns:
# 266-301
name=unknown_A
#
# <colnr> <probs for GDERKNQSTAVLIFYWHMCP>
#	G	D	E	R	K	N	Q	S	T	A	V	L	I	F	Y	W	H	M	C	P
0	0.00905	0.45210	0.31238	0.00801	0.01188	0.02335	0.00896	0.03321	0.00822	0.01064	0.02186	0.00915	0.03609	0.03607	0.00368	0.00110	0.00457	0.00281	0.00184	0.00504
1	0.02678	0.40627	0.31939	0.00815	0.01200	0.02701	0.00905	0.04553	0.00824	0.02248	0.00670	0.00835	0.00562	0.04833	0.03032	0.00131	0.00487	0.00267	0.00184	0.00508
2	0.02992	0.48795	0.33929	0.00830	0.01248	0.01247	0.00948	0.04136	0.00825	0.01097	0.00607	0.00702	0.00494	0.00348	0.00297	0.00099	0.00469	0.00241	0.00173	0.00525
3	0.00929	0.47748	0.37235	0.00854	0.01279	0.03995	0.00984	0.01189	0.00802	0.01037	0.00601	0.00701	0.00489	0.00346	0.00300	0.00099	0.00486	0.00240	0.00164	0.00522
4	0.00885	0.41661	0.44394	0.00880	0.01326	0.01177	0.01044	0.01174	0.00792	0.01062	0.00621	0.00731	0.00497	0.00392	0.01811	0.00112	0.00501	0.00249	0.00164	0.00528
5	0.02945	0.44460	0.33006	0.00811	0.01204	0.02717	0.00915	0.01137	0.00800	0.01060	0.02662	0.04063	0.01979	0.00398	0.00310	0.00103	0.00456	0.00290	0.00182	0.00505
6	0.00907	0.47733	0.39999	0.00857	0.01295	0.01229	0.01006	0.01179	0.00793	0.01046	0.00604	0.00705	0.00489	0.00345	0.00300	0.00100	0.00482	0.00241	0.00163	0.00526
7	0.00862	0.39561	0.40137	0.00847	0.01263	0.01125	0.00986	0.01139	0.00805	0.01083	0.05396	0.00864	0.00684	0.00458	0.03209	0.00121	0.00491	0.00276	0.00179	0.00514
8	0.03013	0.34970	0.48985	0.00905	0.01366	0.01139	0.01085	0.02528	0.00810	0.01125	0.00628	0.00731	0.00489	0.00352	0.00315	0.00106	0.00497	0.00252	0.00168	0.00535
9	0.11265	0.41173	0.31618	0.00801	0.01197	0.02521	0.00898	0.02509	0.00804	0.01152	0.02607	0.00747	0.00559	0.00359	0.00297	0.00102	0.00453	0.00248	0.00182	0.00509
10	0.05455	0.15308	0.33986	0.03306	0.02793	0.00848	0.00878	0.04620	0.00883	0.01260	0.12721	0.03399	0.09207	0.00498	0.00361	0.00114	0.00408	0.00399	0.00239	0.03316
11	0.06203	0.16426	0.20383	0.04553	0.01143	0.00899	0.00772	0.11951	0.04856	0.07366	0.11013	0.01345	0.06101	0.00485	0.00358	0.00113	0.00389	0.01982	0.00279	0.03384
12	0.19309	0.06162	0.14546	0.15551	0.01406	0.05764	0.04317	0.14598	0.02119	0.06481	0.01929	0.01992	0.00618	0.00402	0.00342	0.00116	0.00441	0.00311	0.00249	0.03345
13	0.04201	0.00735	0.00883	0.17065	0.04209	0.04241	0.00624	0.08954	0.00910	0.02525	0.03647	0.04044	0.06630	0.00469	0.01527	0.00103	0.01356	0.00356	0.00252	0.37269
14	0.00911	0.00808	0.01250	0.38031	0.28120	0.01733	0.01995	0.07475	0.06277	0.04011	0.01737	0.01036	0.00647	0.00395	0.00398	0.00121	0.02060	0.00351	0.00222	0.02419
15	0.02342	0.00893	0.01437	0.16979	0.49900	0.00949	0.05326	0.11986	0.00965	0.01352	0.00733	0.00954	0.00588	0.00376	0.00414	0.00119	0.03564	0.00345	0.00212	0.00566
16	0.00890	0.00824	0.01396	0.28486	0.49495	0.00865	0.03702	0.01125	0.00843	0.03408	0.00730	0.00977	0.00583	0.00355	0.00379	0.00116	0.00467	0.00341	0.00193	0.04825
17	0.00865	0.00855	0.01546	0.32961	0.33472	0.00911	0.18796	0.02697	0.00855	0.01165	0.00719	0.00993	0.00566	0.00360	0.00408	0.00123	0.01638	0.00365	0.00187	0.00519
18	0.00777	0.00760	0.01300	0.66034	0.09722	0.02200	0.09495	0.01030	0.00791	0.01027	0.00689	0.01007	0.00526	0.00381	0.00412	0.00127	0.02743	0.00351	0.00175	0.00452
19	0.00807	0.00857	0.08020	0.49975	0.10431	0.00862	0.12539	0.02165	0.03650	0.02901	0.02146	0.02521	0.00649	0.00398	0.00394	0.00126	0.00506	0.00375	0.00199	0.00479
20	0.15406	0.02795	0.27333	0.23841	0.02958	0.00844	0.02306	0.04289	0.00831	0.07154	0.00726	0.00877	0.00531	0.00371	0.00343	0.00116	0.00456	0.00293	0.00214	0.08317
21	0.07799	0.00689	0.01033	0.43130	0.01813	0.00757	0.02646	0.01305	0.00872	0.30191	0.00957	0.01080	0.00659	0.00419	0.00400	0.00124	0.03092	0.00346	0.00283	0.02405
22	0.01332	0.01661	0.01010	0.00923	0.01098	0.75305	0.00683	0.01420	0.01026	0.00916	0.00663	0.00899	0.00597	0.10250	0.00529	0.00130	0.00655	0.00282	0.00202	0.00420
23	0.00905	0.01003	0.01740	0.30076	0.03315	0.10542	0.44442	0.01178	0.00878	0.01111	0.00722	0.00990	0.00548	0.00352	0.00416	0.00125	0.00603	0.00389	0.00186	0.00479
24	0.00557	0.00373	0.00425	0.00425	0.00427	0.00375	0.00241	0.00562	0.00560	0.00748	0.01202	0.02475	0.01379	0.83667	0.04789	0.00380	0.00394	0.00553	0.00231	0.00236
25	0.00485	0.00350	0.00448	0.00505	0.00543	0.00325	0.00341	0.00565	0.00781	0.01044	0.14059	0.60273	0.08996	0.08651	0.00610	0.00168	0.00227	0.00963	0.00355	0.00313
26	0.01025	0.86756	0.02009	0.00656	0.00984	0.01517	0.00656	0.01148	0.00779	0.00902	0.00533	0.00615	0.00492	0.00328	0.00246	0.00082	0.00410	0.00205	0.00164	0.00492
27	0.00496	0.00391	0.00448	0.00437	0.00548	0.00343	0.00330	0.00632	0.00966	0.01257	0.38773	0.03344	0.46992	0.00891	0.00455	0.00127	0.00192	0.02651	0.00385	0.00341
28	0.00769	0.01983	0.84538	0.01093	0.01659	0.00890	0.01417	0.01214	0.00810	0.01214	0.00688	0.00810	0.00486	0.00364	0.00364	0.00121	0.00567	0.00283	0.00162	0.00567
29	0.01720	0.00653	0.00890	0.00682	0.00979	0.00564	0.00564	0.01869	0.01097	0.84399	0.01513	0.01305	0.00949	0.00475	0.00386	0.00119	0.00326	0.00386	0.00475	0.00653
30	0.00791	0.01954	0.81868	0.01086	0.01644	0.00900	0.01395	0.03829	0.00841	0.01253	0.00696	0.00813	0.00491	0.00367	0.00365	0.00121	0.00562	0.00285	0.00169	0.00569
31	0.00543	0.00392	0.00513	0.00482	0.00573	0.00362	0.00362	0.00724	0.01085	0.01538	0.83931	0.02864	0.03618	0.00784	0.00452	0.00121	0.00181	0.00693	0.00422	0.00362
32	0.01241	0.43940	0.01580	0.00769	0.01087	0.01353	0.00692	0.41977	0.01291	0.01659	0.00727	0.00768	0.00572	0.00394	0.00315	0.00099	0.00416	0.00275	0.00274	0.00572
33	0.11056	0.56645	0.21577	0.00743	0.01118	0.01292	0.00810	0.01162	0.00772	0.01070	0.00570	0.00662	0.00482	0.00340	0.00273	0.00096	0.00435	0.00224	0.00172	0.00501
34	0.00911	0.48915	0.38849	0.00851	0.01286	0.01237	0.00996	0.01178	0.00793	0.01041	0.00602	0.00702	0.00489	0.00344	0.00299	0.00100	0.00480	0.00240	0.00163	0.00525
35	0.00843	0.26547	0.60625	0.00966	0.01464	0.01072	0.01196	0.01195	0.00801	0.01124	0.00643	0.00753	0.00488	0.00354	0.00330	0.00110	0.00521	0.00261	0.00163	0.00545

[dist]
# distance from previous block
# <min> <max>
2	6

[block]
# block no. 1 follows, 71 sequences, length 10
# corresponding to MSA columns:
# 308-317
name=unknown_B
#
# <colnr> <probs for GDERKNQSTAVLIFYWHMCP>
#	G	D	E	R	K	N	Q	S	T	A	V	L	I	F	Y	W	H	M	C	P
0	0.00942	0.59181	0.28854	0.00798	0.01204	0.01313	0.00903	0.01170	0.00789	0.01004	0.00583	0.00678	0.00490	0.00340	0.00284	0.00095	0.00461	0.00230	0.00163	0.00516
1	0.00898	0.44602	0.43048	0.00873	0.01320	0.01206	0.01034	0.01181	0.00794	0.01057	0.00610	0.00712	0.00489	0.00346	0.00305	0.00102	0.00488	0.00244	0.00163	0.00529
2	0.00864	0.33522	0.53834	0.00930	0.01408	0.01124	0.01134	0.01190	0.00798	0.01098	0.00630	0.00737	0.00488	0.00351	0.00320	0.00107	0.00508	0.00254	0.00163	0.00539
3	0.00847	0.27756	0.59448	0.00960	0.01454	0.01081	0.01185	0.01194	0.00800	0.01119	0.00641	0.00750	0.00488	0.00353	0.00328	0.00109	0.00519	0.00260	0.00163	0.00544
4	0.01369	0.36777	0.01419	0.00718	0.01030	0.01107	0.00641	0.20329	0.01128	0.30470	0.00966	0.00927	0.00689	0.00410	0.00327	0.00102	0.00383	0.00301	0.00324	0.00585
5	0.07212	0.06955	0.62013	0.00938	0.01399	0.00857	0.01150	0.01131	0.00812	0.01243	0.08489	0.01045	0.00811	0.03868	0.00420	0.00129	0.00493	0.00322	0.00195	0.00518
6	0.00512	0.00483	0.06643	0.03181	0.00722	0.00386	0.00476	0.00627	0.00772	0.01020	0.02156	0.59360	0.11473	0.01074	0.00477	0.00152	0.00267	0.09545	0.00336	0.00339
7	0.10362	0.00431	0.00500	0.00514	0.00603	0.00424	0.00372	0.00750	0.03858	0.03578	0.21952	0.34321	0.10728	0.06627	0.00541	0.00153	0.00238	0.03338	0.00355	0.00353
8	0.05180	0.00765	0.01288	0.54438	0.24729	0.00874	0.05201	0.01053	0.00797	0.01103	0.00690	0.00983	0.00536	0.00368	0.00379	0.00124	0.00492	0.00340	0.00180	0.00479
9	0.00814	0.04274	0.60557	0.05429	0.04014	0.03246	0.07729	0.01188	0.00807	0.01166	0.00675	0.00835	0.00500	0.00384	0.00434	0.00124	0.06816	0.00302	0.00167	0.00540

[dist]
# distance from previous block
# <min> <max>
0	1

[block]
# block no. 2 follows, 71 sequences, length 9
# corresponding to MSA columns:
# 319-327
name=unknown_C
#
# <colnr> <probs for GDERKNQSTAVLIFYWHMCP>
#	G	D	E	R	K	N	Q	S	T	A	V	L	I	F	Y	W	H	M	C	P
0	0.44814	0.05372	0.18153	0.00871	0.01209	0.00926	0.17387	0.01207	0.04450	0.01471	0.00661	0.00780	0.00501	0.00357	0.00314	0.00120	0.00429	0.00283	0.00216	0.00479
1	0.00558	0.00372	0.00418	0.00418	0.00418	0.00372	0.00232	0.00558	0.00558	0.00743	0.01208	0.02509	0.01394	0.86525	0.01952	0.00372	0.00372	0.00558	0.00232	0.00232
2	0.00460	0.00379	0.00405	0.00418	0.00527	0.00323	0.00306	0.00556	0.00860	0.01051	0.07639	0.17975	0.65772	0.01001	0.00459	0.00134	0.00198	0.00852	0.00359	0.00323
3	0.01290	0.00866	0.05296	0.00890	0.01190	0.00816	0.12920	0.08867	0.26664	0.34952	0.01324	0.01245	0.00914	0.00459	0.00396	0.00124	0.00387	0.00402	0.00383	0.00614
4	0.00932	0.42401	0.16245	0.13292	0.03176	0.03122	0.00868	0.01132	0.00783	0.02720	0.00612	0.00760	0.00510	0.00374	0.00382	0.00104	0.07654	0.00258	0.00176	0.04499
5	0.15072	0.44392	0.13828	0.00715	0.01060	0.03580	0.00721	0.07140	0.00849	0.01221	0.00599	0.00685	0.00497	0.00346	0.00278	0.00094	0.00413	0.00230	0.00198	0.08081
6	0.08437	0.27406	0.02749	0.04534	0.03047	0.03184	0.07019	0.03054	0.00761	0.02501	0.00771	0.00951	0.04706	0.00570	0.03792	0.00142	0.25404	0.00318	0.00197	0.00459
7	0.04888	0.16561	0.21413	0.04925	0.01173	0.03770	0.00800	0.01292	0.02746	0.21896	0.04940	0.01215	0.06793	0.00472	0.00407	0.00116	0.05437	0.00356	0.00277	0.00522
8	0.14424	0.14281	0.20240	0.00827	0.01134	0.03018	0.06690	0.01155	0.00817	0.08824	0.05857	0.03370	0.00838	0.00461	0.00426	0.00118	0.08251	0.03129	0.00238	0.05903

[dist]
# distance from previous block
# <min> <max>
0	11

[block]
# block no. 3 follows, 71 sequences, length 16
# corresponding to MSA columns:
# 339-354
name=unknown_D
#
# <colnr> <probs for GDERKNQSTAVLIFYWHMCP>
#	G	D	E	R	K	N	Q	S	T	A	V	L	I	F	Y	W	H	M	C	P
0	0.12302	0.06925	0.13680	0.02454	0.03889	0.09069	0.06734	0.08791	0.03076	0.12074	0.03969	0.01118	0.02393	0.01970	0.00408	0.00119	0.02850	0.02175	0.00268	0.05734
1	0.09088	0.02562	0.04888	0.07904	0.10344	0.10224	0.04622	0.06305	0.05713	0.07269	0.04633	0.02128	0.00858	0.07085	0.00536	0.00136	0.05408	0.01824	0.00257	0.08217
2	0.04720	0.03708	0.10620	0.28812	0.06011	0.08964	0.06411	0.04405	0.02469	0.05815	0.06088	0.05168	0.00849	0.00460	0.00416	0.00123	0.03867	0.00385	0.00232	0.00476
3	0.05903	0.52791	0.06145	0.03279	0.01093	0.05339	0.00703	0.11443	0.03650	0.05510	0.00682	0.00743	0.00554	0.00367	0.00290	0.00096	0.00423	0.00250	0.00221	0.00520
4	0.01084	0.69916	0.07480	0.00699	0.01040	0.01384	0.00704	0.05445	0.00859	0.07443	0.00639	0.00697	0.00535	0.00349	0.00272	0.00089	0.00415	0.00232	0.00199	0.00518
5	0.00829	0.00741	0.01130	0.70854	0.04741	0.04876	0.01000	0.01067	0.00807	0.06213	0.00730	0.01014	0.00542	0.00385	0.00378	0.00123	0.00499	0.00335	0.00193	0.03542
6	0.00621	0.00431	0.00526	0.00552	0.00633	0.00414	0.00394	0.06731	0.03327	0.05340	0.02241	0.56445	0.15300	0.02924	0.00500	0.00151	0.00246	0.02498	0.00362	0.00364
7	0.00839	0.00839	0.01174	0.01007	0.01007	0.01174	0.00839	0.00923	0.00587	0.00923	0.00503	0.00839	0.00503	0.00671	0.01258	0.00168	0.85823	0.00336	0.00168	0.00419
8	0.00724	0.00681	0.01150	0.85604	0.02641	0.00852	0.01065	0.00980	0.00767	0.00980	0.00681	0.01022	0.00511	0.00383	0.00383	0.00128	0.00511	0.00341	0.00170	0.00426
9	0.00878	0.01260	0.24025	0.01637	0.19760	0.00936	0.43353	0.01213	0.00873	0.01230	0.00741	0.00956	0.00562	0.00338	0.00413	0.00124	0.00584	0.00383	0.00184	0.00550
10	0.00504	0.00362	0.00482	0.00534	0.00575	0.00353	0.00374	0.00594	0.00756	0.01025	0.12175	0.50796	0.03771	0.09346	0.11961	0.00234	0.00346	0.05164	0.00332	0.00317
11	0.01079	0.80113	0.01923	0.00658	0.00984	0.01444	0.00649	0.01204	0.00804	0.07344	0.00609	0.00668	0.00527	0.00339	0.00257	0.00085	0.00404	0.00219	0.00188	0.00504
12	0.00904	0.00852	0.01443	0.41547	0.02092	0.05858	0.26685	0.03157	0.00878	0.07362	0.00843	0.05132	0.00666	0.00413	0.00408	0.00127	0.00534	0.00410	0.00216	0.00473
13	0.01007	0.10025	0.10110	0.31652	0.04571	0.15645	0.04254	0.12395	0.03415	0.01223	0.00713	0.00894	0.00548	0.00392	0.00375	0.00116	0.01645	0.00312	0.00211	0.00497
14	0.00663	0.00692	0.07393	0.53586	0.01957	0.00715	0.00898	0.00880	0.00762	0.01001	0.01074	0.22272	0.01063	0.00611	0.00431	0.00137	0.02271	0.02967	0.00221	0.00406
15	0.01023	0.09341	0.24072	0.01212	0.01601	0.16829	0.32097	0.05145	0.00949	0.03084	0.00719	0.00871	0.00543	0.00358	0.00385	0.00116	0.00594	0.00339	0.00199	0.00524

[dist]
# distance from previous block
# <min> <max>
0	1

[block]
# block no. 4 follows, 71 sequences, length 21
# corresponding to MSA columns:
# 356-376
name=unknown_E
#
# <colnr> <probs for GDERKNQSTAVLIFYWHMCP>
#	G	D	E	R	K	N	Q	S	T	A	V	L	I	F	Y	W	H	M	C	P
0	0.00989	0.02625	0.11533	0.04067	0.52675	0.00894	0.11314	0.01246	0.00886	0.08903	0.00793	0.00971	0.00616	0.00355	0.00385	0.00117	0.00481	0.00350	0.00212	0.00589
1	0.00929	0.06101	0.02257	0.00639	0.00829	0.03387	0.00511	0.10723	0.15039	0.14033	0.05620	0.18229	0.18683	0.00725	0.00413	0.00127	0.00301	0.00610	0.00365	0.00479
2	0.01134	0.07148	0.22118	0.01038	0.01419	0.00948	0.19615	0.18577	0.04647	0.16131	0.02842	0.01032	0.00726	0.00408	0.00387	0.00119	0.00481	0.00364	0.00287	0.00580
3	0.00852	0.29470	0.57779	0.00951	0.01440	0.01094	0.01170	0.01193	0.00800	0.01113	0.00638	0.00746	0.00488	0.00353	0.00326	0.00109	0.00516	0.00258	0.00163	0.00542
4	0.00843	0.03974	0.32885	0.02714	0.01578	0.00836	0.29306	0.01165	0.00862	0.05806	0.00993	0.05358	0.00856	0.00481	0.00419	0.00131	0.00532	0.10526	0.00224	0.00511
5	0.00975	0.64568	0.21483	0.00768	0.01149	0.03492	0.00838	0.01173	0.00794	0.00977	0.00571	0.00663	0.00491	0.00338	0.00276	0.00092	0.00454	0.00225	0.00164	0.00508
6	0.01591	0.00839	0.00904	0.00736	0.01001	0.15048	0.00598	0.01732	0.01080	0.64014	0.01392	0.01419	0.00962	0.00503	0.00389	0.00119	0.00391	0.06267	0.00418	0.00595
7	0.00818	0.01520	0.46884	0.05192	0.01774	0.00936	0.28750	0.01187	0.00823	0.01187	0.00704	0.00897	0.00521	0.00374	0.00460	0.00128	0.06794	0.00347	0.00174	0.00533
8	0.00903	0.02389	0.10056	0.24593	0.35421	0.00866	0.09156	0.01161	0.00861	0.06671	0.03709	0.01049	0.00693	0.00378	0.00387	0.00120	0.00482	0.00359	0.00209	0.00537
9	0.00470	0.00354	0.00437	0.00502	0.00557	0.00321	0.00350	0.00551	0.00780	0.01002	0.02598	0.59687	0.24983	0.01131	0.00481	0.00149	0.00221	0.04754	0.00356	0.00317
10	0.01720	0.00653	0.00890	0.00682	0.00979	0.00564	0.00564	0.01869	0.01097	0.84399	0.01513	0.01305	0.00949	0.00475	0.00386	0.00119	0.00326	0.00386	0.00475	0.00653
11	0.01054	0.12203	0.32218	0.05118	0.16086	0.00932	0.03673	0.06200	0.00931	0.16744	0.00844	0.00926	0.00609	0.00382	0.00361	0.00115	0.00474	0.00315	0.00240	0.00577
12	0.00864	0.05934	0.52392	0.01062	0.02899	0.00932	0.08253	0.01397	0.17309	0.03950	0.00889	0.00961	0.00648	0.00393	0.00372	0.00122	0.00503	0.00328	0.00221	0.00570
13	0.00515	0.00359	0.00455	0.00496	0.00515	0.00357	0.00320	0.00562	0.00647	0.00871	0.01604	0.41131	0.01868	0.36646	0.11612	0.00302	0.00384	0.00786	0.00286	0.00283
14	0.00882	0.00827	0.01316	0.27134	0.45339	0.00901	0.01045	0.01265	0.15016	0.01231	0.00853	0.01054	0.00675	0.00385	0.00383	0.00121	0.00446	0.00357	0.00218	0.00553
15	0.00942	0.04065	0.32929	0.05566	0.17802	0.00898	0.20969	0.01265	0.00872	0.09850	0.00796	0.00947	0.00582	0.00361	0.00388	0.00121	0.00532	0.00347	0.00208	0.00562
16	0.00752	0.00710	0.01201	0.75242	0.12783	0.00859	0.01079	0.01004	0.00780	0.01014	0.00686	0.01013	0.00523	0.00378	0.00383	0.00126	0.00504	0.00341	0.00173	0.00449
17	0.00598	0.00484	0.00712	0.00683	0.00740	0.00599	0.00541	0.00726	0.00611	0.00896	0.00937	0.01392	0.00880	0.02497	0.70628	0.00539	0.15585	0.00398	0.00199	0.00356
18	0.55299	0.00762	0.00866	0.17417	0.16894	0.00868	0.00686	0.01108	0.00716	0.01488	0.00598	0.00762	0.00470	0.00359	0.00293	0.00120	0.00368	0.00259	0.00215	0.00454
19	0.00798	0.05078	0.07636	0.53432	0.19749	0.00906	0.04924	0.01059	0.00800	0.01063	0.00688	0.00971	0.00532	0.00368	0.00378	0.00122	0.00505	0.00335	0.00175	0.00483
20	0.01316	0.07357	0.01115	0.00849	0.01112	0.16914	0.00689	0.38792	0.16899	0.06848	0.01022	0.01083	0.00776	0.00470	0.00372	0.00115	0.00442	0.02909	0.00338	0.00583

[dist]
# distance from previous block
# <min> <max>
7	13

[block]
# block no. 5 follows, 71 sequences, length 40
# corresponding to MSA columns:
# 391-430
name=unknown_F
#
# <colnr> <probs for GDERKNQSTAVLIFYWHMCP>
#	G	D	E	R	K	N	Q	S	T	A	V	L	I	F	Y	W	H	M	C	P
0	0.65196	0.03103	0.00745	0.00614	0.00860	0.03696	0.03690	0.02883	0.10239	0.04878	0.00709	0.00766	0.00539	0.00381	0.00276	0.00119	0.00331	0.00254	0.00262	0.00458
1	0.00824	0.00741	0.00855	0.00755	0.00906	0.10262	0.07058	0.01208	0.21922	0.03845	0.13146	0.01641	0.02968	0.07157	0.22385	0.00268	0.02864	0.00457	0.00294	0.00442
2	0.00598	0.00407	0.00515	0.00479	0.00588	0.00368	0.00362	0.00763	0.01051	0.06412	0.65792	0.02907	0.16718	0.00796	0.00448	0.00122	0.00192	0.00694	0.00414	0.00373
3	0.01064	0.00842	0.00939	0.00698	0.01023	0.00791	0.00567	0.33951	0.02591	0.01725	0.00793	0.00856	0.00612	0.00359	0.00326	0.00081	0.00340	0.00278	0.00293	0.51870
4	0.00905	0.01034	0.02262	0.01616	0.02004	0.00970	0.82741	0.01228	0.00905	0.01228	0.00776	0.01034	0.00582	0.00323	0.00452	0.00129	0.00646	0.00452	0.00194	0.00517
5	0.00770	0.00729	0.01227	0.67539	0.17888	0.00872	0.01079	0.01015	0.00781	0.01029	0.00684	0.01003	0.00529	0.00384	0.00408	0.00126	0.02962	0.00341	0.00174	0.00460
6	0.00503	0.00349	0.00434	0.00488	0.00502	0.00335	0.00307	0.00543	0.00664	0.00886	0.01756	0.53203	0.02085	0.34888	0.01067	0.00241	0.00281	0.00880	0.00307	0.00280
7	0.00482	0.00345	0.00462	0.00551	0.00580	0.00325	0.00383	0.00560	0.00749	0.00996	0.02105	0.77946	0.02502	0.01187	0.00493	0.00158	0.00236	0.09268	0.00356	0.00316
8	0.00497	0.00359	0.00476	0.00556	0.00599	0.00338	0.00401	0.00590	0.00782	0.01033	0.04935	0.63169	0.07383	0.01147	0.00494	0.00157	0.00244	0.16161	0.00358	0.00322
9	0.00795	0.00681	0.00795	0.00568	0.00909	0.00511	0.00454	0.00965	0.00795	0.01249	0.00681	0.00795	0.00568	0.00284	0.00284	0.00057	0.00284	0.00227	0.00227	0.88869
10	0.01427	0.01059	0.01134	0.00876	0.01178	0.01175	0.00721	0.78019	0.06687	0.02368	0.00959	0.00951	0.00683	0.00464	0.00384	0.00116	0.00415	0.00350	0.00384	0.00649
11	0.00519	0.00391	0.00479	0.00457	0.00558	0.00352	0.00343	0.00677	0.01029	0.01404	0.62604	0.03084	0.25028	0.00834	0.00452	0.00123	0.00184	0.00724	0.00404	0.00352
12	0.01096	0.54472	0.05518	0.00843	0.03857	0.21161	0.02085	0.01233	0.00849	0.00943	0.00563	0.00671	0.00498	0.00362	0.00331	0.00094	0.04533	0.00233	0.00173	0.00485
13	0.00996	0.52134	0.05615	0.00725	0.01025	0.02808	0.00678	0.01458	0.28652	0.01154	0.00888	0.00901	0.00720	0.00396	0.00302	0.00100	0.00387	0.00287	0.00241	0.00534
14	0.02477	0.00673	0.00824	0.00606	0.00930	0.00534	0.00491	0.01275	0.00896	0.29507	0.00962	0.00966	0.00695	0.00350	0.00318	0.00079	0.00299	0.00281	0.00311	0.57530
15	0.06355	0.00868	0.00835	0.00727	0.00937	0.10450	0.00568	0.20465	0.23469	0.08479	0.01584	0.11114	0.11291	0.00611	0.00393	0.00124	0.00354	0.00495	0.00356	0.00523
16	0.00462	0.00389	0.00401	0.00398	0.00523	0.00327	0.00298	0.00567	0.00895	0.01085	0.11811	0.03608	0.76020	0.00953	0.00453	0.00129	0.00193	0.00798	0.00363	0.00327
17	0.00641	0.00347	0.00509	0.00509	0.00518	0.00356	0.00344	0.00530	0.00520	0.00703	0.00760	0.01324	0.00767	0.08684	0.12879	0.69443	0.00431	0.00362	0.00177	0.00196
18	0.57795	0.00725	0.00690	0.00575	0.00834	0.00776	0.00474	0.04320	0.00838	0.28450	0.00864	0.00854	0.00596	0.00398	0.00290	0.00119	0.00311	0.00270	0.00319	0.00500
19	0.00508	0.00389	0.00466	0.00450	0.00552	0.00346	0.00336	0.00655	0.00998	0.01338	0.52396	0.05802	0.32643	0.00865	0.00454	0.00125	0.00187	0.00748	0.00396	0.00346
20	0.03162	0.00738	0.01164	0.74032	0.08963	0.03548	0.01046	0.01017	0.00782	0.01020	0.00678	0.00995	0.00516	0.00380	0.00378	0.00126	0.00507	0.00334	0.00175	0.00441
21	0.00713	0.00377	0.00415	0.00400	0.00498	0.00366	0.00302	0.00891	0.00882	0.04704	0.20934	0.01766	0.01608	0.00528	0.00316	0.00098	0.00185	0.00438	0.64207	0.00370
22	0.00842	0.00778	0.01154	0.59210	0.10321	0.03172	0.00989	0.06549	0.10912	0.01176	0.00806	0.01049	0.00610	0.00401	0.00383	0.00125	0.00479	0.00350	0.00214	0.00481
23	0.00869	0.00796	0.00860	0.02955	0.00995	0.10152	0.03397	0.02078	0.00851	0.03369	0.00900	0.06748	0.03372	0.00393	0.00323	0.00078	0.00345	0.00324	0.00242	0.60954
24	0.89233	0.00741	0.00564	0.00504	0.00741	0.00860	0.00415	0.01127	0.00653	0.01720	0.00534	0.00623	0.00415	0.00356	0.00237	0.00119	0.00297	0.00208	0.00237	0.00415
25	0.00884	0.00840	0.01443	0.25434	0.49559	0.00886	0.07301	0.01154	0.03930	0.02166	0.00780	0.02517	0.00638	0.00375	0.00389	0.00120	0.00474	0.00367	0.00198	0.00545
26	0.00769	0.01983	0.84538	0.01093	0.01659	0.00890	0.01417	0.01214	0.00810	0.01214	0.00688	0.00810	0.00486	0.00364	0.00364	0.00121	0.00567	0.00283	0.00162	0.00567
27	0.00944	0.00905	0.01546	0.04371	0.82158	0.00910	0.01174	0.01172	0.00870	0.01246	0.00720	0.00951	0.00605	0.00343	0.00380	0.00114	0.00457	0.00342	0.00189	0.00603
28	0.00950	0.30176	0.45547	0.00903	0.01342	0.01080	0.01057	0.01244	0.00819	0.09165	0.00709	0.00794	0.00533	0.00375	0.00362	0.00110	0.03829	0.00269	0.00193	0.00544
29	0.00515	0.00360	0.00460	0.00509	0.00566	0.00328	0.00353	0.00605	0.00815	0.03732	0.13520	0.59528	0.15114	0.01086	0.00475	0.00146	0.00216	0.00970	0.00369	0.00331
30	0.00536	0.00392	0.00503	0.00475	0.00569	0.00359	0.00356	0.00710	0.01069	0.01499	0.77855	0.02927	0.09718	0.00798	0.00452	0.00121	0.00182	0.00702	0.00417	0.00359
31	0.00786	0.00793	0.04523	0.60156	0.24274	0.00869	0.01108	0.01041	0.00797	0.01061	0.00692	0.00994	0.00536	0.00371	0.00382	0.00124	0.00499	0.00339	0.00175	0.00480
32	0.00964	0.00884	0.01516	0.03027	0.48430	0.00895	0.15847	0.03373	0.06736	0.05572	0.00895	0.05129	0.00749	0.00416	0.00434	0.00122	0.03804	0.00406	0.00231	0.00570
33	0.00474	0.00351	0.00431	0.00490	0.00544	0.00318	0.00337	0.00557	0.00787	0.01031	0.06119	0.59190	0.23235	0.01103	0.00472	0.00146	0.00212	0.00980	0.02906	0.00318
34	0.00562	0.00403	0.00538	0.00571	0.00618	0.00420	0.00410	0.03991	0.00725	0.00985	0.01595	0.41060	0.01798	0.12463	0.22235	0.03261	0.01713	0.06036	0.00294	0.00323
35	0.03279	0.03716	0.12584	0.12841	0.38952	0.03899	0.02579	0.02803	0.00882	0.09050	0.00848	0.05362	0.00698	0.00411	0.00377	0.00118	0.00460	0.00367	0.00223	0.00551
36	0.00906	0.00867	0.01478	0.18403	0.68423	0.00900	0.01155	0.01139	0.00853	0.01200	0.00714	0.00963	0.00589	0.00350	0.00380	0.00117	0.00466	0.00341	0.00186	0.00572
37	0.00903	0.00845	0.01425	0.02123	0.72460	0.00845	0.01098	0.01123	0.00874	0.01238	0.00905	0.01422	0.00831	0.00442	0.00401	0.00123	0.00441	0.11717	0.00213	0.00572
38	0.00653	0.00518	0.00746	0.16562	0.01066	0.00540	0.06095	0.03838	0.03538	0.02821	0.01628	0.23503	0.09889	0.22214	0.00821	0.00198	0.00358	0.04368	0.00284	0.00360
39	0.01301	0.01286	0.00999	0.00875	0.01101	0.38701	0.00676	0.10776	0.29210	0.09591	0.01050	0.01029	0.00787	0.00453	0.00369	0.00113	0.00493	0.00335	0.00311	0.00543

[dist]
# distance from previous block
# <min> <max>
2	8

[block]
# block no. 6 follows, 71 sequences, length 40
# corresponding to MSA columns:
# 439-478
name=unknown_G
#
# <colnr> <probs for GDERKNQSTAVLIFYWHMCP>
#	G	D	E	R	K	N	Q	S	T	A	V	L	I	F	Y	W	H	M	C	P
0	0.02840	0.02370	0.01079	0.01172	0.26483	0.05184	0.00721	0.03651	0.07228	0.06354	0.00817	0.00931	0.00653	0.00409	0.02413	0.00103	0.00387	0.00296	0.00245	0.36664
1	0.00528	0.00439	0.02722	0.00591	0.00666	0.00387	0.02684	0.00667	0.04539	0.01039	0.01998	0.69279	0.04707	0.01071	0.00471	0.00148	0.00252	0.03027	0.00342	0.04442
2	0.03210	0.21539	0.25275	0.01489	0.32518	0.01052	0.07384	0.01183	0.00829	0.01169	0.00667	0.00828	0.00539	0.00344	0.00346	0.00110	0.00487	0.00298	0.00177	0.00557
3	0.00472	0.00388	0.00415	0.00411	0.00530	0.00331	0.00307	0.00585	0.00914	0.01136	0.20061	0.05380	0.65866	0.00938	0.00454	0.00128	0.00192	0.00792	0.00369	0.00331
4	0.00520	0.00363	0.00482	0.00534	0.00566	0.00361	0.00371	0.00582	0.00687	0.00921	0.01741	0.43962	0.04035	0.17495	0.13532	0.04958	0.00388	0.07903	0.00300	0.00297
5	0.01390	0.01024	0.01101	0.00861	0.01154	0.01136	0.00706	0.68399	0.14000	0.04685	0.01034	0.01008	0.00738	0.00470	0.00385	0.00117	0.00401	0.00360	0.00387	0.00645
6	0.00797	0.00454	0.00551	0.00490	0.00647	0.00395	0.00380	0.00936	0.00996	0.21588	0.29252	0.02794	0.35946	0.00779	0.00433	0.00123	0.00222	0.00659	0.02142	0.00417
7	0.00558	0.00372	0.00418	0.00418	0.00418	0.00372	0.00232	0.00558	0.00558	0.00743	0.01208	0.02509	0.01394	0.86525	0.01952	0.00372	0.00372	0.00558	0.00232	0.00232
8	0.00902	0.01052	0.03843	0.01606	0.01997	0.00968	0.81179	0.01228	0.00903	0.01228	0.00774	0.01030	0.00580	0.00324	0.00451	0.00129	0.00645	0.00449	0.00193	0.00518
9	0.00724	0.00681	0.01150	0.85604	0.02641	0.00852	0.01065	0.00980	0.00767	0.00980	0.00681	0.01022	0.00511	0.00383	0.00383	0.00128	0.00511	0.00341	0.00170	0.00426
10	0.01040	0.81455	0.03296	0.00678	0.01004	0.05375	0.00672	0.01167	0.00794	0.00909	0.00538	0.00622	0.00492	0.00332	0.00253	0.00083	0.00426	0.00208	0.00166	0.00491
11	0.01415	0.01328	0.01036	0.00880	0.01115	0.41107	0.00685	0.23538	0.06507	0.13657	0.00902	0.00954	0.00679	0.03046	0.01343	0.00122	0.00534	0.00317	0.00302	0.00534
12	0.00582	0.00424	0.00484	0.00481	0.00503	0.02937	0.00304	0.00616	0.00587	0.00783	0.01148	0.02224	0.01267	0.64696	0.21009	0.00420	0.00532	0.00514	0.00225	0.00264
13	0.00981	0.00840	0.03524	0.03796	0.13066	0.00859	0.02847	0.15313	0.26322	0.04747	0.08171	0.03218	0.02578	0.00497	0.00416	0.00119	0.03269	0.00417	0.00323	0.08698
14	0.89233	0.00741	0.00564	0.00504	0.00741	0.00860	0.00415	0.01127	0.00653	0.01720	0.00534	0.00623	0.00415	0.00356	0.00237	0.00119	0.00297	0.00208	0.00237	0.00415
15	0.00635	0.00538	0.00840	0.32001	0.01427	0.00655	0.00712	0.00842	0.03158	0.00946	0.00898	0.01303	0.00784	0.01810	0.48371	0.00406	0.03713	0.00383	0.00197	0.00384
16	0.00475	0.00389	0.00418	0.00411	0.00531	0.00333	0.00308	0.00592	0.00924	0.01156	0.22985	0.03493	0.64802	0.00926	0.00453	0.00127	0.00191	0.00782	0.00372	0.00333
17	0.00548	0.00411	0.00616	0.00616	0.00685	0.00479	0.00479	0.00685	0.00616	0.00890	0.01027	0.01506	0.00959	0.02876	0.85006	0.00616	0.01027	0.00411	0.00205	0.00342
18	0.00467	0.00389	0.00409	0.00412	0.00534	0.00331	0.00311	0.00573	0.00888	0.01080	0.10334	0.05684	0.72339	0.00965	0.00457	0.00131	0.00200	0.03809	0.00361	0.00328
19	0.00769	0.01983	0.84538	0.01093	0.01659	0.00890	0.01417	0.01214	0.00810	0.01214	0.00688	0.00810	0.00486	0.00364	0.00364	0.00121	0.00567	0.00283	0.00162	0.00567
20	0.01706	0.00675	0.00904	0.00693	0.00990	0.00597	0.00572	0.06152	0.01135	0.80063	0.01481	0.01285	0.00933	0.00474	0.00385	0.00118	0.00331	0.00383	0.00470	0.00652
21	0.00805	0.00730	0.02410	0.31514	0.17243	0.00709	0.00823	0.01021	0.00822	0.02958	0.05177	0.01028	0.00726	0.00363	0.00350	0.00099	0.00398	0.00319	0.00214	0.32292
22	0.00918	0.00906	0.01414	0.25355	0.56219	0.06279	0.01118	0.01145	0.00857	0.01157	0.00702	0.00953	0.00573	0.00357	0.00378	0.00117	0.00486	0.00335	0.00185	0.00547
23	0.00883	0.00766	0.01376	0.01043	0.01325	0.00696	0.36296	0.03032	0.00890	0.09270	0.01163	0.09325	0.02635	0.04495	0.00494	0.00133	0.00453	0.08550	0.00268	0.16909
24	0.01170	0.25543	0.15143	0.00907	0.04454	0.01157	0.02855	0.29575	0.07056	0.07319	0.00847	0.00882	0.00633	0.00404	0.00343	0.00108	0.00434	0.00307	0.00279	0.00584
25	0.01254	0.02679	0.00772	0.00604	0.00824	0.00510	0.00488	0.01413	0.01081	0.50875	0.31336	0.01895	0.03395	0.00592	0.00407	0.00119	0.00273	0.00500	0.00446	0.00538
26	0.00540	0.00400	0.00459	0.00439	0.00559	0.00349	0.00331	0.00673	0.00970	0.04512	0.36742	0.03256	0.47641	0.00875	0.00450	0.00125	0.00194	0.00745	0.00388	0.00352
27	0.00969	0.16083	0.38779	0.00948	0.01327	0.20258	0.02842	0.01258	0.02924	0.02686	0.00798	0.05908	0.00681	0.00437	0.00355	0.00113	0.00534	0.02394	0.00199	0.00507
28	0.00886	0.03897	0.09943	0.10421	0.38670	0.00908	0.11271	0.02141	0.00850	0.02833	0.04141	0.01040	0.00714	0.00488	0.03634	0.00140	0.06924	0.00362	0.00201	0.00536
29	0.01082	0.00505	0.00636	0.00538	0.00698	0.00453	0.00399	0.01170	0.00870	0.39655	0.04219	0.02133	0.13296	0.31523	0.00961	0.00211	0.00319	0.00518	0.00369	0.00445
30	0.00576	0.00402	0.00465	0.00498	0.00574	0.00395	0.00354	0.00787	0.09754	0.01175	0.04981	0.43119	0.13943	0.00910	0.00422	0.00133	0.00216	0.00800	0.20138	0.00357
31	0.01104	0.01165	0.05165	0.03697	0.26092	0.21862	0.10414	0.08096	0.08022	0.04841	0.04312	0.01030	0.00764	0.00429	0.01229	0.00120	0.00516	0.00354	0.00245	0.00542
32	0.85418	0.00749	0.00585	0.00517	0.00758	0.00865	0.00426	0.03401	0.00691	0.03049	0.00560	0.00642	0.00430	0.00361	0.00244	0.00119	0.00301	0.00214	0.00245	0.00426
33	0.00568	0.00441	0.00528	0.00549	0.00631	0.03260	0.00421	0.00708	0.00930	0.01239	0.35071	0.18515	0.11448	0.04265	0.00532	0.00150	0.00255	0.19773	0.00372	0.00344
34	0.00784	0.00606	0.00722	0.00568	0.00813	0.00514	0.00447	0.05001	0.04547	0.04654	0.29427	0.01561	0.01663	0.00482	0.00355	0.00087	0.00258	0.00409	0.00319	0.46783
35	0.13224	0.32773	0.03839	0.00783	0.01034	0.30538	0.00675	0.01300	0.04688	0.01069	0.00620	0.00722	0.00528	0.00455	0.02870	0.00116	0.03862	0.00244	0.00198	0.00465
36	0.00498	0.00389	0.00452	0.00444	0.00551	0.00343	0.00333	0.00633	0.00963	0.01260	0.39531	0.06576	0.42873	0.00899	0.00456	0.00128	0.00193	0.02752	0.00385	0.00341
37	0.00550	0.00402	0.00569	0.00569	0.00621	0.00454	0.00421	0.00655	0.00602	0.00855	0.01070	0.01744	0.01062	0.22710	0.65313	0.00558	0.00872	0.00446	0.00212	0.00316
38	0.08704	0.00726	0.00732	0.00622	0.00831	0.08418	0.00482	0.07806	0.05981	0.14303	0.08291	0.08214	0.09504	0.06046	0.00473	0.00127	0.00326	0.01476	0.00328	0.16611
39	0.01221	0.01210	0.01309	0.11454	0.07200	0.26161	0.13438	0.23987	0.05480	0.03624	0.00806	0.00920	0.00608	0.00406	0.00383	0.00115	0.00542	0.00337	0.00262	0.00536

[dist]
# distance from previous block
# <min> <max>
0	2

[block]
# block no. 7 follows, 71 sequences, length 17
# corresponding to MSA columns:
# 481-497
name=unknown_H
#
# <colnr> <probs for GDERKNQSTAVLIFYWHMCP>
#	G	D	E	R	K	N	Q	S	T	A	V	L	I	F	Y	W	H	M	C	P
0	0.03396	0.08041	0.02774	0.11665	0.07048	0.14744	0.33856	0.06535	0.00949	0.01217	0.00707	0.00902	0.00551	0.00352	0.00384	0.00114	0.00559	0.00349	0.00204	0.05654
1	0.00840	0.00780	0.01291	0.09508	0.58410	0.00789	0.01005	0.01054	0.00879	0.01224	0.06690	0.01556	0.06361	0.00479	0.00403	0.00122	0.00416	0.07429	0.00229	0.00534
2	0.00515	0.00394	0.00505	0.00579	0.05136	0.00363	0.00376	0.00615	0.00831	0.01102	0.19548	0.37345	0.21225	0.08933	0.00603	0.00160	0.00234	0.00852	0.00349	0.00334
3	0.00511	0.00390	0.00544	0.00693	0.08250	0.00367	0.00428	0.00594	0.00755	0.01007	0.02089	0.73583	0.07126	0.01109	0.00477	0.00150	0.00242	0.01005	0.00341	0.00339
4	0.00519	0.00391	0.00480	0.00458	0.00559	0.00352	0.00344	0.00679	0.01031	0.01408	0.63203	0.03078	0.24427	0.00832	0.00452	0.00123	0.00184	0.00723	0.00405	0.00352
5	0.06582	0.00702	0.00795	0.00577	0.00910	0.00562	0.00463	0.04420	0.00828	0.01329	0.00682	0.00789	0.00562	0.00296	0.00285	0.00063	0.00291	0.00231	0.00234	0.79398
6	0.00511	0.00387	0.00470	0.00458	0.00555	0.00347	0.00340	0.00658	0.00998	0.01348	0.54220	0.08781	0.27790	0.00869	0.00455	0.00126	0.00188	0.00755	0.00398	0.00347
7	0.00936	0.03462	0.14054	0.04194	0.21429	0.00930	0.28029	0.11488	0.00997	0.01386	0.06171	0.01066	0.00775	0.00382	0.00400	0.00119	0.00509	0.00386	0.00226	0.03060
8	0.00769	0.01983	0.84538	0.01093	0.01659	0.00890	0.01417	0.01214	0.00810	0.01214	0.00688	0.00810	0.00486	0.00364	0.00364	0.00121	0.00567	0.00283	0.00162	0.00567
9	0.00522	0.00382	0.00544	0.00573	0.00621	0.00415	0.00419	0.00625	0.00650	0.00908	0.01401	0.29611	0.01515	0.09054	0.50381	0.00444	0.00708	0.00647	0.00257	0.00323
10	0.00812	0.00702	0.00852	0.00731	0.07745	0.00580	0.00524	0.01076	0.08778	0.01296	0.04371	0.00958	0.00761	0.00333	0.00309	0.00071	0.00295	0.00277	0.00248	0.69278
11	0.01018	0.53593	0.01506	0.00650	0.00911	0.01144	0.00590	0.06956	0.00878	0.10142	0.00990	0.18181	0.00970	0.00532	0.00321	0.00103	0.00363	0.00415	0.00253	0.00484
12	0.00494	0.00361	0.00468	0.00547	0.00580	0.00347	0.00370	0.00617	0.05285	0.01013	0.02083	0.81607	0.02461	0.01164	0.00484	0.00154	0.00227	0.01054	0.00358	0.00328
13	0.00473	0.00336	0.00443	0.00526	0.00547	0.00315	0.00348	0.00535	0.00723	0.00963	0.02054	0.80830	0.02462	0.06747	0.00584	0.00170	0.00232	0.01055	0.00348	0.00306
14	0.00879	0.00818	0.01349	0.39737	0.42367	0.00901	0.01099	0.06093	0.00882	0.01201	0.00716	0.00980	0.00567	0.00368	0.00382	0.00120	0.00478	0.00341	0.00193	0.00528
15	0.00988	0.00726	0.01110	0.00819	0.01128	0.00621	0.18615	0.03338	0.00944	0.17868	0.11778	0.01224	0.01049	0.00401	0.00366	0.00095	0.00362	0.00373	0.00299	0.37898
16	0.08482	0.06625	0.00936	0.06253	0.01027	0.20116	0.00614	0.08738	0.11071	0.01385	0.23454	0.01416	0.01438	0.00533	0.00432	0.00117	0.06201	0.00406	0.00297	0.00459

[dist]
# distance from previous block
# <min> <max>
0	1

[block]
# block no. 8 follows, 71 sequences, length 54
# corresponding to MSA columns:
# 499-552
name=unknown_I
#
# <colnr> <probs for GDERKNQSTAVLIFYWHMCP>
#	G	D	E	R	K	N	Q	S	T	A	V	L	I	F	Y	W	H	M	C	P
0	0.00946	0.00905	0.01543	0.07221	0.74980	0.00916	0.03514	0.03099	0.00890	0.01263	0.00725	0.00955	0.00602	0.00346	0.00382	0.00115	0.00464	0.00345	0.00193	0.00595
1	0.03079	0.01016	0.01105	0.00851	0.01154	0.01108	0.00702	0.70732	0.03193	0.11658	0.00992	0.00968	0.00691	0.00461	0.00381	0.00116	0.00407	0.00349	0.00391	0.00647
2	0.01184	0.24821	0.01455	0.00939	0.04148	0.12200	0.08935	0.23693	0.14585	0.03125	0.00865	0.00909	0.00669	0.00407	0.00348	0.00108	0.00457	0.00319	0.00275	0.00558
3	0.00938	0.57982	0.30021	0.00804	0.01213	0.01304	0.00914	0.01171	0.00789	0.01008	0.00586	0.00681	0.00490	0.00340	0.00286	0.00095	0.00463	0.00232	0.00163	0.00517
4	0.00626	0.00458	0.00591	0.00534	0.00650	0.00438	0.01935	0.04719	0.04366	0.02967	0.70289	0.02689	0.06745	0.00752	0.00445	0.00121	0.00209	0.00662	0.00413	0.00392
5	0.00906	0.07638	0.35453	0.15131	0.10344	0.01750	0.08526	0.05780	0.03846	0.05016	0.00768	0.00915	0.00568	0.00374	0.00370	0.00118	0.00511	0.00321	0.00205	0.01460
6	0.00468	0.00352	0.00434	0.00492	0.00547	0.00318	0.00339	0.00550	0.00793	0.01030	0.07812	0.59158	0.24087	0.01114	0.00477	0.00147	0.00212	0.00991	0.00360	0.00318
7	0.00802	0.04333	0.28648	0.02866	0.10349	0.00762	0.03725	0.02110	0.11206	0.04633	0.21557	0.03384	0.02953	0.00518	0.00395	0.00121	0.00396	0.00447	0.00282	0.00512
8	0.00862	0.00970	0.17288	0.04541	0.01154	0.00673	0.00700	0.10274	0.00925	0.02279	0.03859	0.00906	0.00678	0.00345	0.00323	0.00082	0.00362	0.00276	0.00240	0.53263
9	0.85873	0.04018	0.00619	0.00510	0.00751	0.00885	0.00424	0.01128	0.00657	0.01689	0.00534	0.00623	0.00418	0.00355	0.00238	0.00117	0.00301	0.00208	0.00234	0.00418
10	0.03572	0.00902	0.00917	0.00752	0.00994	0.06401	0.00607	0.45210	0.06182	0.06502	0.02655	0.03905	0.15891	0.00594	0.00399	0.00121	0.00372	0.03111	0.00367	0.00547
11	0.00548	0.00411	0.00616	0.00616	0.00685	0.00479	0.00479	0.00685	0.00616	0.00890	0.01027	0.01506	0.00959	0.02876	0.85006	0.00616	0.01027	0.00411	0.00205	0.00342
12	0.00544	0.00391	0.00503	0.00475	0.00567	0.00360	0.00356	0.00721	0.01068	0.01513	0.78099	0.02858	0.07001	0.00782	0.00447	0.00120	0.00181	0.00689	0.02966	0.00360
13	0.00724	0.00681	0.01150	0.85604	0.02641	0.00852	0.01065	0.00980	0.00767	0.00980	0.00681	0.01022	0.00511	0.00383	0.00383	0.00128	0.00511	0.00341	0.00170	0.00426
14	0.00477	0.00389	0.00423	0.00424	0.00541	0.00335	0.00321	0.00592	0.00907	0.01129	0.18080	0.06421	0.63159	0.00949	0.00458	0.00131	0.00200	0.04364	0.00368	0.00331
15	0.00936	0.00867	0.01406	0.14468	0.60538	0.00907	0.01083	0.02753	0.09719	0.02365	0.00819	0.01016	0.00659	0.00371	0.00381	0.00118	0.00445	0.00352	0.00216	0.00582
16	0.00868	0.00795	0.01129	0.58032	0.02150	0.04683	0.03297	0.12147	0.07078	0.01237	0.02372	0.01121	0.02612	0.00424	0.00387	0.00125	0.00482	0.00365	0.00226	0.00470
17	0.89233	0.00741	0.00564	0.00504	0.00741	0.00860	0.00415	0.01127	0.00653	0.01720	0.00534	0.00623	0.00415	0.00356	0.00237	0.00119	0.00297	0.00208	0.00237	0.00415
18	0.00758	0.00675	0.01040	0.01457	0.44703	0.00653	0.00784	0.00948	0.01994	0.02735	0.10531	0.03928	0.25160	0.00611	0.00415	0.00122	0.00339	0.02382	0.00278	0.00488
19	0.00548	0.00409	0.00607	0.00607	0.00673	0.00474	0.00468	0.00679	0.00614	0.00883	0.01035	0.01552	0.00978	0.06650	0.81259	0.00605	0.00997	0.00417	0.00207	0.00337
20	0.02708	0.00904	0.01531	0.05841	0.70115	0.00913	0.05538	0.03859	0.00901	0.02939	0.00741	0.00957	0.00606	0.00349	0.00381	0.00116	0.00461	0.00346	0.00202	0.00593
21	0.72283	0.00951	0.00665	0.00598	0.00827	0.17101	0.00478	0.01205	0.00736	0.01569	0.00545	0.00636	0.00430	0.00363	0.00258	0.00115	0.00373	0.00215	0.00230	0.00421
22	0.01025	0.86756	0.02009	0.00656	0.00984	0.01517	0.00656	0.01148	0.00779	0.00902	0.00533	0.00615	0.00492	0.00328	0.00246	0.00082	0.00410	0.00205	0.00164	0.00492
23	0.00467	0.00335	0.00444	0.00531	0.00555	0.00312	0.00354	0.00534	0.00737	0.00980	0.02154	0.84395	0.04390	0.01196	0.00489	0.00155	0.00222	0.01084	0.00356	0.00312
24	0.13831	0.00665	0.00845	0.00658	0.00946	0.00605	0.00543	0.01766	0.01036	0.72957	0.01377	0.01211	0.00875	0.00458	0.00365	0.00119	0.00322	0.00361	0.00442	0.00620
25	0.00628	0.00460	0.00612	0.00600	0.03845	0.00413	0.04115	0.00773	0.00949	0.07456	0.26589	0.06420	0.37384	0.00842	0.00453	0.00130	0.00245	0.07335	0.00370	0.00381
26	0.00533	0.00392	0.00500	0.00473	0.00567	0.00358	0.00354	0.00705	0.01063	0.01485	0.75587	0.02950	0.11994	0.00803	0.00452	0.00122	0.00182	0.00705	0.00415	0.00358
27	0.00891	0.53867	0.20561	0.00741	0.01081	0.01200	0.00788	0.01104	0.02621	0.01011	0.02618	0.10412	0.00806	0.00449	0.00308	0.00101	0.00417	0.00339	0.00196	0.00488
28	0.01162	0.06438	0.14670	0.01153	0.01476	0.38865	0.24047	0.03585	0.00993	0.03074	0.00687	0.00823	0.00532	0.00370	0.00375	0.00111	0.00627	0.00314	0.00201	0.00498
29	0.00479	0.00364	0.00437	0.00473	0.00542	0.00327	0.00331	0.00574	0.00838	0.01091	0.17427	0.41067	0.29736	0.03844	0.00519	0.00148	0.00210	0.00908	0.00364	0.00322
30	0.01388	0.00984	0.05277	0.00831	0.01127	0.00990	0.00708	0.57235	0.01539	0.16816	0.01115	0.06377	0.00851	0.00518	0.00393	0.00120	0.00398	0.02327	0.00386	0.00619
31	0.00793	0.06953	0.66950	0.01027	0.01547	0.00889	0.04329	0.01183	0.00810	0.01200	0.00681	0.00805	0.00499	0.00351	0.00351	0.00112	0.00528	0.00279	0.00171	0.10544
32	0.01433	0.01803	0.01089	0.00984	0.01185	0.82241	0.00740	0.04195	0.01110	0.00987	0.00603	0.00699	0.00499	0.00397	0.00347	0.00099	0.00683	0.00250	0.00204	0.00451
33	0.42184	0.12950	0.01035	0.00902	0.12218	0.22853	0.00637	0.01242	0.00813	0.01340	0.00575	0.00684	0.00472	0.00360	0.00286	0.00108	0.00437	0.00236	0.00210	0.00460
34	0.00467	0.00334	0.00445	0.00534	0.00556	0.00311	0.00356	0.00534	0.00734	0.00979	0.02113	0.86275	0.02536	0.01201	0.00489	0.00156	0.00222	0.01090	0.00356	0.00311
35	0.00885	0.14596	0.62731	0.01004	0.01505	0.01018	0.01225	0.10435	0.00917	0.01303	0.00691	0.00793	0.00505	0.00370	0.00349	0.00115	0.00527	0.00279	0.00187	0.00565
36	0.00731	0.00431	0.00565	0.00508	0.00631	0.00393	0.00389	0.00906	0.01077	0.14293	0.68096	0.02569	0.03107	0.00723	0.00435	0.00119	0.00203	0.00633	0.03784	0.00406
37	0.00662	0.00582	0.00936	0.41071	0.01692	0.00660	0.05711	0.00902	0.04977	0.01051	0.01312	0.24305	0.01338	0.00704	0.00438	0.00143	0.00408	0.12451	0.00259	0.00399
38	0.00523	0.00345	0.00432	0.00491	0.00535	0.00325	0.00338	0.00623	0.00784	0.01121	0.09524	0.59831	0.04290	0.01008	0.00441	0.00139	0.00209	0.00902	0.17814	0.00325
39	0.00931	0.00907	0.01591	0.07635	0.71830	0.00912	0.08191	0.01168	0.00869	0.01233	0.00723	0.00961	0.00599	0.00343	0.00386	0.00116	0.00476	0.00351	0.00189	0.00588
40	0.00481	0.00371	0.00440	0.00466	0.00548	0.00330	0.00335	0.00587	0.00872	0.01129	0.21102	0.32693	0.35965	0.01012	0.00467	0.00138	0.00204	0.02162	0.00371	0.00328
41	0.00536	0.00392	0.00503	0.00476	0.00569	0.00359	0.00357	0.00711	0.01070	0.01501	0.78112	0.02924	0.09459	0.00797	0.00452	0.00121	0.00182	0.00702	0.00417	0.00359
