[name]
unknown

[dist]
# distance from previous block
# <min> <max>
0	166

[block]
# block no. 0 follows, 58 sequences, length 28
# corresponding to MSA columns:
# 177-204
name=unknown_A
#
# <colnr> <probs for GDERKNQSTAVLIFYWHMCP>
#	G	D	E	R	K	N	Q	S	T	A	V	L	I	F	Y	W	H	M	C	P
0	0.01049	0.00896	0.06610	0.02895	0.04371	0.02015	0.02484	0.18338	0.05067	0.06740	0.04186	0.10882	0.11852	0.08789	0.02495	0.02288	0.03584	0.02527	0.00365	0.02567
1	0.05532	0.00448	0.00511	0.00549	0.00635	0.00417	0.00383	0.00694	0.00926	0.01255	0.10958	0.38635	0.27649	0.08488	0.00686	0.00187	0.00264	0.01007	0.00403	0.00373
2	0.10260	0.00854	0.01002	0.00819	0.01113	0.00865	0.02307	0.13393	0.17243	0.30290	0.03686	0.06370	0.04339	0.00615	0.00441	0.00140	0.00376	0.00502	0.00454	0.04930
3	0.02656	0.02625	0.01290	0.01193	0.11923	0.01164	0.03231	0.36669	0.20337	0.04070	0.01361	0.02831	0.03534	0.02649	0.02285	0.00160	0.00469	0.00466	0.00397	0.00690
4	0.00838	0.00526	0.00671	0.00678	0.00793	0.00515	0.00494	0.01088	0.10460	0.13049	0.07153	0.47257	0.05950	0.01290	0.06815	0.00209	0.00356	0.00956	0.00432	0.00470
5	0.00645	0.00435	0.00491	0.00489	0.00499	0.00431	0.00280	0.00658	0.00689	0.00917	0.04651	0.02996	0.04749	0.77866	0.02142	0.00411	0.00417	0.00668	0.00285	0.00281
6	0.00906	0.00772	0.00904	0.00660	0.01037	0.00583	0.00523	0.01098	0.00924	0.01440	0.00891	0.05682	0.00794	0.00393	0.00345	0.00073	0.00327	0.00323	0.00274	0.82053
7	0.01029	0.00979	0.01643	0.23322	0.56716	0.01018	0.01291	0.01300	0.00981	0.01379	0.00827	0.01119	0.00677	0.00407	0.00438	0.00133	0.00537	0.00391	0.00218	0.05595
8	0.00850	0.00485	0.00601	0.00571	0.00693	0.00454	0.00423	0.01038	0.02473	0.12108	0.32991	0.15910	0.04733	0.05173	0.00567	0.00155	0.00255	0.00742	0.19328	0.00452
9	0.03980	0.00478	0.00580	0.00606	0.00670	0.00470	0.00410	0.03187	0.02574	0.04387	0.09676	0.44447	0.02468	0.22800	0.00988	0.00238	0.00317	0.00952	0.00387	0.00385
10	0.00932	0.00707	0.00780	0.00711	0.00888	0.00772	0.00546	0.05574	0.35364	0.01804	0.23023	0.02130	0.02061	0.03410	0.02976	0.00165	0.00323	0.00569	0.16710	0.00556
11	0.01162	0.01051	0.00978	0.00863	0.01086	0.13791	0.00671	0.14521	0.31657	0.01801	0.11794	0.03385	0.07800	0.00667	0.00478	0.00141	0.02224	0.00535	0.04798	0.00598
12	0.14557	0.00667	0.00725	0.00651	0.00812	0.00698	0.00478	0.08335	0.08916	0.12131	0.06848	0.09250	0.01532	0.25864	0.01007	0.01860	0.00369	0.00574	0.04246	0.00481
13	0.00566	0.00418	0.00531	0.00602	0.00657	0.00389	0.00413	0.00690	0.02711	0.01240	0.11634	0.63321	0.12583	0.01296	0.00558	0.00173	0.00252	0.01162	0.00425	0.00379
14	0.00687	0.00503	0.00615	0.00628	0.00704	0.01783	0.00449	0.03912	0.00889	0.02540	0.05574	0.25798	0.11476	0.19549	0.19369	0.00349	0.00528	0.03917	0.00349	0.00383
15	0.00833	0.00629	0.00717	0.00692	0.00843	0.00649	0.00516	0.05464	0.23308	0.04592	0.11910	0.28723	0.15940	0.00982	0.00511	0.00158	0.00291	0.00854	0.01883	0.00506
16	0.00763	0.00432	0.00626	0.00618	0.00648	0.00452	0.00434	0.02508	0.00672	0.00924	0.02780	0.01527	0.00957	0.03746	0.19364	0.60554	0.00562	0.00425	0.01746	0.00263
17	0.03376	0.01013	0.01121	0.00918	0.01227	0.01102	0.00740	0.28451	0.34908	0.19891	0.01531	0.01416	0.01086	0.00567	0.00448	0.00143	0.00406	0.00453	0.00471	0.00733
18	0.14492	0.00665	0.02697	0.00676	0.00868	0.00638	0.02290	0.04463	0.02929	0.15904	0.06956	0.16976	0.06844	0.04850	0.05963	0.00196	0.00386	0.00631	0.11076	0.00500
19	0.00715	0.00498	0.00665	0.00649	0.00725	0.00538	0.00476	0.03985	0.03265	0.01169	0.09131	0.04908	0.03593	0.15353	0.37814	0.12464	0.00732	0.00562	0.02383	0.00375
20	0.04922	0.00636	0.00733	0.00655	0.00835	0.02420	0.00506	0.02753	0.10555	0.14879	0.41631	0.04614	0.11447	0.00814	0.00492	0.00143	0.00283	0.00695	0.00471	0.00517
21	0.00905	0.00656	0.00780	0.00740	0.00876	0.00710	0.00563	0.03502	0.20427	0.07796	0.04516	0.24763	0.09711	0.04355	0.00664	0.00173	0.08222	0.03736	0.06401	0.00507
22	0.00759	0.03808	0.02734	0.00597	0.00725	0.00509	0.00456	0.00927	0.04110	0.06844	0.16266	0.23713	0.16965	0.06799	0.00681	0.04457	0.00290	0.00815	0.08123	0.00423
23	0.02655	0.00704	0.04532	0.00715	0.00867	0.00668	0.01602	0.11618	0.10081	0.01460	0.06610	0.21837	0.10147	0.14916	0.04421	0.05197	0.00400	0.00742	0.00368	0.00457
24	0.02066	0.08779	0.10383	0.12876	0.12890	0.05255	0.05323	0.02289	0.00982	0.01310	0.06532	0.08656	0.10704	0.00726	0.02818	0.00160	0.05641	0.00543	0.01539	0.00529
25	0.03138	0.00498	0.00597	0.00564	0.00698	0.00459	0.00424	0.02555	0.01152	0.07342	0.41954	0.11340	0.21313	0.02049	0.00533	0.00149	0.00244	0.00820	0.03733	0.00437
26	0.03237	0.12561	0.04900	0.01845	0.03508	0.05718	0.00703	0.08470	0.09148	0.03449	0.03334	0.08706	0.03553	0.02192	0.00528	0.00136	0.07588	0.00476	0.12356	0.07591
27	0.00880	0.03436	0.00956	0.02805	0.02275	0.08599	0.07523	0.02175	0.03924	0.04353	0.17875	0.10116	0.13031	0.05966	0.06379	0.06603	0.00459	0.00661	0.00349	0.01635

[dist]
# distance from previous block
# <min> <max>
2	16

[block]
# block no. 1 follows, 58 sequences, length 21
# corresponding to MSA columns:
# 221-241
name=unknown_B
#
# <colnr> <probs for GDERKNQSTAVLIFYWHMCP>
#	G	D	E	R	K	N	Q	S	T	A	V	L	I	F	Y	W	H	M	C	P
0	0.08649	0.00683	0.03571	0.05408	0.02024	0.02972	0.00552	0.02653	0.06359	0.02829	0.09155	0.10951	0.13865	0.13130	0.08443	0.04443	0.00443	0.00643	0.01717	0.01509
1	0.00760	0.00525	0.00631	0.00594	0.00729	0.00480	0.00431	0.00945	0.05160	0.07124	0.20645	0.17117	0.15340	0.15720	0.00818	0.00196	0.00299	0.02748	0.00404	0.09333
2	0.03965	0.00659	0.00828	0.03815	0.02350	0.03864	0.04304	0.01036	0.06159	0.04116	0.13756	0.26599	0.07346	0.03501	0.03306	0.00180	0.01931	0.04738	0.00375	0.07172
3	0.15666	0.03046	0.00864	0.03571	0.00973	0.03025	0.01875	0.05593	0.03842	0.11729	0.07800	0.12443	0.08671	0.05832	0.00626	0.00164	0.06806	0.00588	0.06386	0.00501
4	0.00926	0.07138	0.00848	0.00666	0.00856	0.00698	0.00517	0.07073	0.11173	0.09132	0.15241	0.15215	0.18427	0.05912	0.00591	0.00161	0.00316	0.00730	0.00416	0.03964
5	0.00706	0.00508	0.00603	0.00594	0.00730	0.00464	0.00447	0.01949	0.04129	0.05561	0.17282	0.19307	0.30062	0.04080	0.00591	0.00166	0.00276	0.07858	0.00426	0.04261
6	0.19956	0.08308	0.02157	0.00643	0.00845	0.00740	0.00522	0.03591	0.03968	0.07409	0.11447	0.18270	0.16479	0.00843	0.00449	0.00148	0.00318	0.03044	0.00382	0.00480
7	0.09925	0.00627	0.00666	0.00634	0.00783	0.02143	0.00471	0.04261	0.11869	0.04530	0.13867	0.16218	0.18183	0.07704	0.02079	0.02532	0.00325	0.00736	0.01987	0.00458
8	0.04789	0.00643	0.00721	0.00657	0.00828	0.00650	0.00492	0.05868	0.15240	0.06865	0.09736	0.11284	0.15169	0.12911	0.04730	0.00213	0.00366	0.00673	0.02377	0.05790
9	0.02110	0.00516	0.00604	0.00637	0.00737	0.00510	0.00461	0.04184	0.09413	0.01352	0.05034	0.45378	0.18100	0.02582	0.00565	0.00172	0.00282	0.04710	0.02226	0.00425
10	0.03773	0.00648	0.00728	0.00695	0.00819	0.06895	0.00524	0.02351	0.00965	0.10101	0.12681	0.15316	0.06629	0.06633	0.21690	0.02915	0.01996	0.02291	0.01907	0.00442
11	0.07412	0.00688	0.00780	0.00696	0.00887	0.00694	0.00538	0.15985	0.05243	0.08649	0.18680	0.17795	0.11916	0.02788	0.00528	0.00155	0.00321	0.02594	0.00433	0.03218
12	0.00676	0.00488	0.00679	0.00691	0.00786	0.00468	0.03869	0.00823	0.02293	0.04642	0.06660	0.39311	0.12796	0.05335	0.09153	0.00242	0.00404	0.09886	0.00392	0.00406
13	0.18184	0.00827	0.00869	0.00723	0.00965	0.02216	0.02379	0.21058	0.04010	0.12169	0.01368	0.01515	0.04777	0.07038	0.00531	0.00154	0.00375	0.00430	0.19850	0.00563
14	0.00669	0.00540	0.00634	0.00658	0.00738	0.03219	0.00484	0.00797	0.02278	0.02595	0.08541	0.38851	0.20838	0.03193	0.02877	0.00191	0.06767	0.05338	0.00393	0.00400
15	0.02343	0.00532	0.00730	0.00692	0.00804	0.00571	0.02582	0.02441	0.03224	0.03286	0.05623	0.02222	0.11964	0.10382	0.47795	0.02697	0.00837	0.00567	0.00297	0.00413
16	0.01239	0.00882	0.00979	0.00855	0.01098	0.00968	0.00666	0.11826	0.46269	0.13638	0.01738	0.07077	0.01397	0.07148	0.00605	0.00172	0.00376	0.01954	0.00451	0.00661
17	0.00630	0.00477	0.00698	0.00698	0.00784	0.00545	0.00542	0.00787	0.00742	0.01052	0.01457	0.01955	0.07343	0.03182	0.76143	0.00675	0.01123	0.00515	0.00253	0.00398
18	0.00754	0.00517	0.00611	0.00594	0.00648	0.02644	0.00400	0.02607	0.00783	0.03978	0.05534	0.05131	0.01574	0.45499	0.20719	0.03903	0.00597	0.00600	0.02558	0.00348
19	0.00976	0.00942	0.03405	0.10655	0.38159	0.00926	0.12128	0.03686	0.02176	0.01424	0.01200	0.13377	0.01137	0.00601	0.00479	0.00148	0.00513	0.04611	0.02860	0.00597
20	0.00788	0.00627	0.00675	0.00630	0.00766	0.06836	0.00474	0.01036	0.05916	0.05188	0.55142	0.06286	0.12134	0.00889	0.00512	0.00142	0.00277	0.00768	0.00461	0.00454

[dist]
# distance from previous block
# <min> <max>
0	1

[block]
# block no. 2 follows, 58 sequences, length 19
# corresponding to MSA columns:
# 243-261
name=unknown_C
#
# <colnr> <probs for GDERKNQSTAVLIFYWHMCP>
#	G	D	E	R	K	N	Q	S	T	A	V	L	I	F	Y	W	H	M	C	P
0	0.01031	0.00920	0.01037	0.16211	0.09472	0.13171	0.00792	0.07871	0.01093	0.06158	0.03881	0.12021	0.12535	0.02878	0.07054	0.00198	0.01452	0.01396	0.00321	0.00510
1	0.00904	0.00814	0.03393	0.06447	0.02005	0.07694	0.00659	0.02768	0.15284	0.04492	0.25414	0.09985	0.05962	0.01022	0.07780	0.00199	0.02382	0.01898	0.00390	0.00508
2	0.77223	0.03425	0.00743	0.00612	0.00898	0.00996	0.00508	0.01392	0.00812	0.09046	0.00724	0.00797	0.00542	0.00427	0.00292	0.00137	0.00353	0.00261	0.00299	0.00512
3	0.11967	0.00813	0.00918	0.00695	0.01057	0.00701	0.00559	0.01421	0.07792	0.14044	0.01012	0.01058	0.00770	0.00400	0.00353	0.00094	0.00343	0.00311	0.00328	0.55364
4	0.72323	0.00823	0.00698	0.07652	0.01032	0.00947	0.00537	0.01241	0.00796	0.01862	0.00984	0.01084	0.07654	0.00482	0.00314	0.00140	0.00357	0.00318	0.00282	0.00476
5	0.09085	0.01093	0.01207	0.01075	0.08097	0.01206	0.00797	0.50394	0.10152	0.02362	0.01124	0.01242	0.00861	0.05498	0.01866	0.00163	0.00470	0.00415	0.02209	0.00684
6	0.01003	0.00835	0.00957	0.00713	0.01078	0.00707	0.00570	0.09201	0.07347	0.01648	0.05642	0.01143	0.00937	0.00408	0.00364	0.00084	0.00342	0.00330	0.00312	0.66378
7	0.00882	0.00657	0.00820	0.07141	0.02967	0.00690	0.00610	0.14491	0.07227	0.04391	0.03321	0.35216	0.11381	0.01172	0.06691	0.00202	0.00410	0.00840	0.00395	0.00496
8	0.01141	0.46923	0.11832	0.15339	0.06004	0.09673	0.01001	0.01362	0.00953	0.01140	0.00693	0.00859	0.00585	0.00408	0.00352	0.00115	0.00558	0.00292	0.00198	0.00573
9	0.00722	0.00511	0.00619	0.00604	0.00666	0.00531	0.00411	0.07717	0.00868	0.01176	0.06269	0.13972	0.03875	0.42050	0.17677	0.00404	0.00548	0.00699	0.00317	0.00365
10	0.02501	0.05465	0.08805	0.00935	0.05626	0.02232	0.02917	0.07046	0.02921	0.11316	0.00947	0.01031	0.00724	0.00405	0.00388	0.00100	0.01356	0.00324	0.00302	0.44657
11	0.06172	0.09234	0.31180	0.08073	0.02344	0.04831	0.04217	0.02541	0.02590	0.11085	0.01182	0.05561	0.03793	0.01808	0.00455	0.00144	0.00537	0.02240	0.00279	0.01734
12	0.00710	0.00613	0.05086	0.00687	0.00811	0.00518	0.00524	0.07519	0.00964	0.01311	0.02056	0.54653	0.03877	0.08220	0.00677	0.00187	0.00326	0.02799	0.00380	0.08084
13	0.10515	0.00780	0.01085	0.20174	0.14030	0.00886	0.00856	0.05577	0.02199	0.02435	0.04370	0.04664	0.08737	0.00929	0.09859	0.00213	0.08331	0.00494	0.03349	0.00516
14	0.08409	0.00578	0.00642	0.00626	0.02551	0.00564	0.00462	0.08688	0.01129	0.01572	0.21835	0.07805	0.33190	0.00969	0.00563	0.04902	0.00281	0.02570	0.02231	0.00434
15	0.07422	0.13832	0.03296	0.16922	0.05463	0.06216	0.02024	0.03768	0.02821	0.05116	0.02387	0.04469	0.00894	0.02674	0.12052	0.00220	0.03523	0.00410	0.00263	0.06226
16	0.03212	0.21439	0.09764	0.07651	0.08276	0.17238	0.00920	0.10655	0.01122	0.01398	0.00912	0.07658	0.00822	0.01843	0.00426	0.00128	0.00548	0.00395	0.00258	0.05333
17	0.03525	0.13624	0.08417	0.02566	0.00965	0.00765	0.00642	0.03277	0.03336	0.01351	0.12648	0.16411	0.16012	0.02397	0.06735	0.00196	0.00422	0.05896	0.00347	0.00467
18	0.01129	0.09368	0.11206	0.01135	0.06182	0.06763	0.08536	0.15381	0.03283	0.02766	0.05175	0.03831	0.00996	0.02238	0.08441	0.00196	0.06968	0.00436	0.00291	0.05678

[dist]
# distance from previous block
# <min> <max>
1	70

[block]
# block no. 3 follows, 58 sequences, length 6
# corresponding to MSA columns:
# 354-359
name=unknown_D
#
# <colnr> <probs for GDERKNQSTAVLIFYWHMCP>
#	G	D	E	R	K	N	Q	S	T	A	V	L	I	F	Y	W	H	M	C	P
0	0.15135	0.14103	0.04746	0.03602	0.01104	0.03059	0.00679	0.05599	0.03550	0.03436	0.09662	0.05995	0.03955	0.00604	0.00455	0.00129	0.04989	0.04006	0.00312	0.14880
1	0.02521	0.05710	0.08975	0.09487	0.09894	0.05453	0.06235	0.01237	0.05711	0.06171	0.09054	0.15538	0.06212	0.02446	0.00513	0.00154	0.00456	0.03374	0.00327	0.00532
2	0.00981	0.05530	0.21049	0.01003	0.01330	0.09569	0.08035	0.06666	0.04832	0.01446	0.08972	0.04585	0.04996	0.05326	0.04901	0.00188	0.00560	0.06444	0.00301	0.03285
3	0.03661	0.00837	0.05735	0.03694	0.04890	0.00729	0.10141	0.01175	0.03859	0.06404	0.05478	0.11425	0.01267	0.04719	0.09300	0.00205	0.02890	0.00526	0.00303	0.22762
4	0.06389	0.00798	0.00940	0.00710	0.01034	0.00699	0.00567	0.01158	0.00893	0.05246	0.00841	0.01055	0.00716	0.04835	0.00558	0.00107	0.09201	0.00306	0.00272	0.63676
5	0.01040	0.00870	0.01139	0.08253	0.01352	0.00820	0.04992	0.05667	0.05467	0.05534	0.00901	0.01052	0.00717	0.00431	0.00493	0.00104	0.09252	0.00335	0.00285	0.51296

[dist]
# distance from previous block
# <min> <max>
0	3

[block]
# block no. 4 follows, 58 sequences, length 6
# corresponding to MSA columns:
# 363-368
name=unknown_E
#
# <colnr> <probs for GDERKNQSTAVLIFYWHMCP>
#	G	D	E	R	K	N	Q	S	T	A	V	L	I	F	Y	W	H	M	C	P
0	0.00984	0.07021	0.07600	0.00958	0.08120	0.00865	0.00742	0.08603	0.17800	0.05359	0.16273	0.10175	0.09585	0.00754	0.00475	0.00146	0.00372	0.03198	0.00395	0.00574
1	0.01154	0.07601	0.04519	0.03770	0.09512	0.05993	0.04782	0.13699	0.06726	0.08246	0.07085	0.06044	0.06023	0.06739	0.00580	0.00155	0.00456	0.00514	0.00345	0.06056
2	0.01105	0.05223	0.01483	0.14894	0.09390	0.14859	0.05997	0.03724	0.00931	0.01202	0.00735	0.01045	0.00639	0.00725	0.05348	0.00188	0.31383	0.00382	0.00217	0.00532
3	0.06785	0.00976	0.01081	0.00888	0.01172	0.01064	0.03272	0.34851	0.20123	0.06080	0.01586	0.01661	0.06915	0.00611	0.00442	0.00141	0.00407	0.03525	0.07767	0.00655
4	0.00806	0.00578	0.00719	0.00730	0.03088	0.00559	0.00522	0.01018	0.06926	0.05925	0.27712	0.16950	0.14863	0.07457	0.02958	0.00204	0.02416	0.05650	0.00443	0.00475
5	0.01011	0.00907	0.01162	0.12295	0.16249	0.04951	0.02988	0.01626	0.30811	0.01522	0.01459	0.03975	0.01249	0.03755	0.00531	0.00160	0.00450	0.08754	0.05552	0.00593

[dist]
# distance from previous block
# <min> <max>
0	14

[block]
# block no. 5 follows, 58 sequences, length 79
# corresponding to MSA columns:
# 383-461
name=unknown_F
#
# <colnr> <probs for GDERKNQSTAVLIFYWHMCP>
#	G	D	E	R	K	N	Q	S	T	A	V	L	I	F	Y	W	H	M	C	P
0	0.03341	0.21590	0.03190	0.01044	0.02515	0.40751	0.03280	0.05480	0.07100	0.02715	0.00811	0.00899	0.00660	0.00447	0.00381	0.00115	0.00631	0.00309	0.00256	0.04486
1	0.66667	0.00904	0.00871	0.00729	0.01021	0.01008	0.06454	0.07160	0.02680	0.01973	0.00768	0.03405	0.00623	0.00453	0.00323	0.00138	0.00384	0.00314	0.00294	0.03829
2	0.19491	0.00938	0.01222	0.38108	0.06774	0.03447	0.02599	0.12662	0.01086	0.06492	0.00859	0.01074	0.00636	0.00453	0.00409	0.00140	0.00515	0.00365	0.00277	0.02451
3	0.00685	0.00490	0.00661	0.00646	0.00703	0.00516	0.02081	0.00776	0.00747	0.02295	0.03202	0.07766	0.01599	0.39320	0.28113	0.00469	0.02455	0.05556	0.00286	0.01636
4	0.00844	0.00793	0.01326	0.78828	0.02968	0.00993	0.01216	0.01134	0.00896	0.01155	0.02567	0.01233	0.00676	0.00468	0.00481	0.00150	0.03163	0.00406	0.00205	0.00495
5	0.00676	0.00484	0.00630	0.00617	0.00680	0.00513	0.00439	0.03200	0.00833	0.01150	0.12986	0.06381	0.05308	0.28761	0.30322	0.03770	0.01947	0.00633	0.00306	0.00363
6	0.00834	0.00417	0.00417	0.00417	0.00521	0.00417	0.00313	0.01042	0.00938	0.01668	0.01459	0.01668	0.01147	0.00521	0.00313	0.00104	0.00208	0.00417	0.86763	0.00417
7	0.01209	0.03757	0.01432	0.22939	0.03003	0.10962	0.11251	0.16527	0.13264	0.03949	0.04593	0.03091	0.00978	0.00523	0.00455	0.00141	0.00551	0.00452	0.00320	0.00603
8	0.01102	0.01073	0.06409	0.01839	0.41478	0.01035	0.02294	0.06740	0.21682	0.02832	0.03334	0.01489	0.05646	0.00521	0.00454	0.00140	0.00467	0.00467	0.00318	0.00682
9	0.00834	0.00417	0.00417	0.00417	0.00521	0.00417	0.00313	0.01042	0.00938	0.01668	0.01459	0.01668	0.01147	0.00521	0.00313	0.00104	0.00208	0.00417	0.86763	0.00417
10	0.02376	0.01187	0.08714	0.05308	0.19357	0.09856	0.06057	0.13108	0.01176	0.06011	0.02428	0.07533	0.03960	0.00613	0.00540	0.00147	0.06783	0.03939	0.00304	0.00603
11	0.03889	0.00497	0.00600	0.00569	0.00683	0.00490	0.00428	0.02052	0.03630	0.01728	0.54231	0.06298	0.04310	0.02071	0.01875	0.00151	0.01337	0.00720	0.14009	0.00433
12	0.00777	0.00401	0.00589	0.00582	0.00593	0.00396	0.00389	0.00600	0.00594	0.00798	0.00796	0.01394	0.00799	0.03974	0.01725	0.82034	0.00388	0.00393	0.00198	0.02578
13	0.01107	0.01063	0.01816	0.02746	0.81489	0.01063	0.01373	0.01373	0.01019	0.01461	0.00841	0.01107	0.00709	0.00399	0.00443	0.00133	0.00531	0.00399	0.00221	0.00709
14	0.00928	0.00795	0.00928	0.00663	0.01060	0.00596	0.00530	0.01126	0.00928	0.01458	0.00795	0.00928	0.00663	0.00331	0.00331	0.00066	0.00331	0.00265	0.00265	0.87014
15	0.01196	0.84548	0.02344	0.00765	0.01148	0.01770	0.00765	0.01339	0.00909	0.01052	0.00622	0.00718	0.00574	0.00383	0.00287	0.00096	0.00478	0.00239	0.00191	0.00574
16	0.00845	0.00795	0.01342	0.83204	0.03081	0.00994	0.01242	0.01143	0.00894	0.01143	0.00795	0.01193	0.00596	0.00447	0.00447	0.00149	0.00596	0.00398	0.00199	0.00497
17	0.01076	0.00665	0.00698	0.00617	0.00798	0.00709	0.00483	0.16209	0.12761	0.04474	0.01449	0.01551	0.01104	0.00538	0.00363	0.00118	0.00289	0.00428	0.55135	0.00535
18	0.00979	0.00979	0.01370	0.01174	0.01174	0.01370	0.00979	0.01077	0.00685	0.01077	0.00587	0.00979	0.00587	0.00783	0.01468	0.00196	0.83461	0.00391	0.00196	0.00489
19	0.00979	0.00979	0.01370	0.01174	0.01174	0.01370	0.00979	0.01077	0.00685	0.01077	0.00587	0.00979	0.00587	0.00783	0.01468	0.00196	0.83461	0.00391	0.00196	0.00489
20	0.00834	0.00417	0.00417	0.00417	0.00521	0.00417	0.00313	0.01042	0.00938	0.01668	0.01459	0.01668	0.01147	0.00521	0.00313	0.00104	0.00208	0.00417	0.86763	0.00417
21	0.01682	0.01247	0.01357	0.01083	0.03877	0.01377	0.00866	0.77554	0.02069	0.02777	0.01067	0.01075	0.00759	0.00533	0.00447	0.00134	0.00493	0.00403	0.00440	0.00759
22	0.03095	0.01087	0.01215	0.03390	0.05019	0.04117	0.00808	0.36861	0.17043	0.20632	0.01337	0.01282	0.00939	0.00541	0.00445	0.00138	0.00454	0.00426	0.00445	0.00727
23	0.00917	0.00513	0.00531	0.00499	0.00630	0.00532	0.00383	0.08715	0.02870	0.01761	0.01421	0.01613	0.01113	0.00629	0.03354	0.00131	0.00276	0.00420	0.73237	0.00456
24	0.17381	0.13058	0.04192	0.02794	0.11322	0.36463	0.03811	0.01528	0.01051	0.01328	0.00699	0.00849	0.00580	0.00438	0.00404	0.00124	0.02898	0.00302	0.00229	0.00550
25	0.01008	0.00945	0.03687	0.27577	0.37744	0.00969	0.02747	0.03724	0.02682	0.03975	0.04756	0.01453	0.05799	0.00496	0.00455	0.00141	0.00517	0.00455	0.00260	0.00609
26	0.00834	0.00417	0.00417	0.00417	0.00521	0.00417	0.00313	0.01042	0.00938	0.01668	0.01459	0.01668	0.01147	0.00521	0.00313	0.00104	0.00208	0.00417	0.86763	0.00417
27	0.00604	0.00473	0.00569	0.00545	0.00660	0.00439	0.01651	0.00736	0.01009	0.01319	0.24706	0.03490	0.39856	0.10132	0.07659	0.01675	0.01597	0.00804	0.01693	0.00383
28	0.00545	0.00389	0.00519	0.00623	0.00649	0.00363	0.00415	0.00623	0.00856	0.01142	0.02465	0.83987	0.02959	0.01401	0.00571	0.00182	0.00260	0.01272	0.00415	0.00363
29	0.01017	0.00971	0.01653	0.30317	0.54620	0.01039	0.01328	0.01294	0.00976	0.01352	0.00826	0.01136	0.00670	0.00415	0.00444	0.00138	0.00554	0.00398	0.00214	0.00636
30	0.00724	0.00529	0.00751	0.06410	0.01052	0.00542	0.00735	0.00926	0.01004	0.01305	0.02228	0.06057	0.02412	0.04241	0.00666	0.00210	0.00423	0.68983	0.00392	0.00412
31	0.01196	0.84548	0.02344	0.00765	0.01148	0.01770	0.00765	0.01339	0.00909	0.01052	0.00622	0.00718	0.00574	0.00383	0.00287	0.00096	0.00478	0.00239	0.00191	0.00574
32	0.00979	0.00979	0.01370	0.01174	0.01174	0.01370	0.00979	0.01077	0.00685	0.01077	0.00587	0.00979	0.00587	0.00783	0.01468	0.00196	0.83461	0.00391	0.00196	0.00489
33	0.00925	0.00900	0.01268	0.01103	0.01116	0.01243	0.00913	0.01033	0.00690	0.01071	0.00683	0.01101	0.00670	0.01186	0.14160	0.00278	0.70577	0.00405	0.00203	0.00475
34	0.00834	0.00417	0.00417	0.00417	0.00521	0.00417	0.00313	0.01042	0.00938	0.01668	0.01459	0.01668	0.01147	0.00521	0.00313	0.00104	0.00208	0.00417	0.86763	0.00417
35	0.00916	0.00782	0.00915	0.00659	0.01045	0.00590	0.00526	0.01116	0.00940	0.01470	0.03849	0.01019	0.00798	0.00353	0.00339	0.00069	0.00327	0.00286	0.00274	0.83727
36	0.00777	0.00389	0.00583	0.00583	0.00583	0.00389	0.00389	0.00583	0.00583	0.00777	0.00777	0.01360	0.00777	0.01554	0.01748	0.86985	0.00389	0.00389	0.00194	0.00194
37	0.00646	0.00435	0.00495	0.00497	0.00503	0.00435	0.00284	0.00655	0.00663	0.00883	0.01474	0.04400	0.02951	0.78801	0.04779	0.00433	0.00451	0.00661	0.00275	0.00279
38	0.03637	0.00853	0.01069	0.00819	0.01169	0.00790	0.00674	0.14960	0.03125	0.57280	0.01531	0.01376	0.00998	0.00527	0.00434	0.00131	0.00393	0.00421	0.00499	0.09314
39	0.09526	0.02629	0.14572	0.00854	0.01172	0.00959	0.00790	0.12819	0.24540	0.06438	0.05447	0.01687	0.07608	0.00600	0.00429	0.00141	0.00401	0.01609	0.07161	0.00619
40	0.00883	0.00442	0.00453	0.00442	0.00559	0.00442	0.00334	0.01115	0.02777	0.04621	0.01479	0.01662	0.01150	0.00524	0.00321	0.00107	0.00218	0.00420	0.81613	0.00436
41	0.00574	0.00469	0.00508	0.00496	0.00638	0.00411	0.00373	0.00746	0.03341	0.01387	0.25394	0.03967	0.58007	0.01058	0.00526	0.00148	0.00226	0.00895	0.00438	0.00399
42	0.87439	0.00865	0.00657	0.00588	0.00865	0.01003	0.00484	0.01315	0.00761	0.02007	0.00623	0.00727	0.00484	0.00415	0.00277	0.00138	0.00346	0.00242	0.00277	0.00484
43	0.00659	0.00463	0.00565	0.00559	0.00574	0.00492	0.00354	0.00694	0.00668	0.00912	0.01360	0.04257	0.01520	0.64729	0.16665	0.00471	0.03866	0.00622	0.00265	0.00305
44	0.02125	0.02798	0.02476	0.24591	0.17525	0.14878	0.01004	0.02274	0.00945	0.02194	0.00867	0.01280	0.00760	0.08502	0.07561	0.00217	0.08851	0.00403	0.00227	0.00523
45	0.01671	0.02132	0.01268	0.01152	0.01383	0.82483	0.00864	0.01786	0.01268	0.01095	0.00691	0.00807	0.00576	0.00461	0.00403	0.00115	0.00807	0.00288	0.00230	0.00519
46	0.00964	0.01014	0.01895	0.01453	0.01689	0.01124	0.39942	0.01209	0.00885	0.01262	0.02180	0.02764	0.00798	0.00892	0.10297	0.00233	0.30150	0.00492	0.00225	0.00532
47	0.01082	0.01037	0.01770	0.10580	0.73854	0.01056	0.01360	0.01350	0.01006	0.01430	0.00837	0.01115	0.00698	0.00403	0.00443	0.00134	0.00538	0.00398	0.00219	0.00688
48	0.00684	0.00513	0.00608	0.00610	0.00656	0.03104	0.00414	0.02058	0.00745	0.00999	0.01468	0.10826	0.02829	0.42737	0.29311	0.00485	0.00686	0.00645	0.00279	0.00342
49	0.00651	0.00434	0.00488	0.00488	0.00488	0.00434	0.00271	0.00651	0.00651	0.00867	0.01409	0.02927	0.01626	0.84279	0.02277	0.00434	0.00434	0.00651	0.00271	0.00271
50	0.00616	0.00463	0.00531	0.00520	0.00652	0.00406	0.00391	0.00764	0.01096	0.03776	0.29553	0.06904	0.46290	0.02604	0.00563	0.00156	0.00238	0.03633	0.00442	0.00402
51	0.01033	0.01165	0.02447	0.01774	0.02180	0.02382	0.70978	0.01378	0.01033	0.01397	0.00979	0.05953	0.00805	0.00453	0.00565	0.00154	0.03943	0.00562	0.00236	0.00584
52	0.00740	0.02248	0.00594	0.00542	0.00577	0.02304	0.00332	0.04936	0.00759	0.00999	0.02770	0.02727	0.01574	0.73606	0.03221	0.00403	0.00453	0.00621	0.00281	0.00313
53	0.00545	0.00391	0.00518	0.00619	0.00648	0.00364	0.00414	0.00623	0.00860	0.01143	0.02512	0.82205	0.04711	0.01395	0.00570	0.00181	0.00259	0.01264	0.00415	0.00364
54	0.02391	0.00530	0.00596	0.00594	0.00719	0.02109	0.00450	0.03010	0.03228	0.04193	0.15783	0.17000	0.25632	0.02218	0.00580	0.03353	0.00285	0.08351	0.08559	0.00419
55	0.00681	0.00539	0.00758	0.00742	0.00831	0.03153	0.01915	0.00834	0.00758	0.01066	0.03742	0.03068	0.01213	0.03054	0.72362	0.03030	0.01109	0.00495	0.00249	0.00401
56	0.04475	0.00773	0.00837	0.00734	0.00945	0.03261	0.00573	0.11273	0.19927	0.11336	0.23328	0.05281	0.08924	0.00733	0.00467	0.00142	0.00326	0.00613	0.05481	0.00571
57	0.03000	0.00896	0.02705	0.00872	0.01118	0.00952	0.03018	0.10313	0.43607	0.06944	0.13598	0.06552	0.01739	0.00688	0.00489	0.01498	0.00362	0.00570	0.00443	0.00637
58	0.00823	0.00554	0.00651	0.00612	0.00763	0.00526	0.00461	0.04593	0.07394	0.10027	0.21569	0.14693	0.27160	0.05676	0.00617	0.00168	0.00282	0.02522	0.00445	0.00465
59	0.00655	0.00494	0.00707	0.00701	0.00762	0.00572	0.00528	0.00782	0.00711	0.01016	0.01248	0.04934	0.01242	0.16278	0.62400	0.00627	0.05181	0.00532	0.00249	0.00382
60	0.06996	0.00884	0.00986	0.00794	0.01075	0.00922	0.00644	0.33466	0.02970	0.23097	0.01377	0.04714	0.01016	0.00567	0.00414	0.00132	0.00382	0.00445	0.18464	0.00654
61	0.14420	0.00632	0.01855	0.00607	0.00748	0.01903	0.00449	0.05237	0.03223	0.05914	0.04843	0.11635	0.16779	0.20878	0.02205	0.06886	0.00367	0.00657	0.00347	0.00414
62	0.00736	0.00505	0.00616	0.00614	0.00688	0.01974	0.00431	0.03362	0.02051	0.04052	0.13841	0.22209	0.07508	0.19180	0.09154	0.10052	0.00420	0.01878	0.00357	0.00373
63	0.05010	0.03002	0.00657	0.00578	0.00733	0.00531	0.00442	0.02651	0.02672	0.10625	0.22394	0.15538	0.19944	0.00891	0.00474	0.00143	0.00264	0.00759	0.12232	0.00461
64	0.00762	0.00496	0.00583	0.00591	0.00659	0.00494	0.00398	0.04099	0.05205	0.04971	0.01879	0.30627	0.03568	0.32847	0.01180	0.00264	0.00343	0.01807	0.08841	0.00388
65	0.08667	0.00527	0.00588	0.00576	0.00701	0.00510	0.00417	0.03686	0.01976	0.06891	0.08287	0.23225	0.23372	0.11694	0.01912	0.02035	0.00309	0.00819	0.03391	0.00416
66	0.00847	0.00531	0.00658	0.00620	0.00753	0.00502	0.00463	0.05991	0.01095	0.11424	0.22127	0.17250	0.17920	0.07511	0.04069	0.03905	0.00333	0.03131	0.00426	0.00444
67	0.01481	0.02640	0.01202	0.00951	0.01264	0.02420	0.00772	0.45787	0.25746	0.06863	0.02778	0.01366	0.02246	0.00571	0.00447	0.00139	0.00435	0.00447	0.01724	0.00721
68	0.38581	0.00879	0.00847	0.00723	0.00983	0.00972	0.00579	0.20809	0.06757	0.07714	0.01173	0.07745	0.02133	0.03499	0.00443	0.00151	0.00373	0.00431	0.04641	0.00566
69	0.00990	0.00721	0.02241	0.02089	0.09752	0.00724	0.00659	0.09025	0.07835	0.09785	0.06142	0.05801	0.13936	0.06624	0.09655	0.07150	0.03048	0.01694	0.01616	0.00514
70	0.00875	0.09003	0.14185	0.01053	0.03913	0.00849	0.17020	0.01134	0.01024	0.03961	0.16834	0.06360	0.11915	0.02333	0.02333	0.00161	0.03235	0.00603	0.02687	0.00522
71	0.00587	0.00414	0.00531	0.00601	0.00651	0.00384	0.00412	0.00679	0.00902	0.02517	0.08762	0.60611	0.10498	0.07046	0.00681	0.00193	0.00271	0.03475	0.00414	0.00371
72	0.03102	0.00466	0.00652	0.00661	0.00725	0.00508	0.00490	0.00754	0.00773	0.01110	0.08440	0.15437	0.02790	0.05403	0.42806	0.12625	0.01973	0.00631	0.00289	0.00365
73	0.02483	0.09305	0.01376	0.08002	0.12239	0.09929	0.07972	0.07623	0.04477	0.03996	0.08073	0.08440	0.03922	0.01992	0.02917	0.01443	0.04438	0.00519	0.00304	0.00551
74	0.00718	0.00431	0.00566	0.00562	0.00566	0.00443	0.00359	0.00633	0.00632	0.00846	0.01163	0.04715	0.02601	0.37396	0.01909	0.41975	0.03458	0.00540	0.00238	0.00247
75	0.00667	0.00443	0.00507	0.00510	0.00544	0.00429	0.00311	0.00698	0.00741	0.03526	0.01934	0.10865	0.12307	0.61347	0.03040	0.00367	0.00399	0.00740	0.00313	0.00312
76	0.03471	0.03885	0.03557	0.15151	0.11392	0.05709	0.00872	0.04961	0.07441	0.11165	0.06153	0.04691	0.02479	0.03915	0.04939	0.00188	0.04931	0.04212	0.00324	0.00563
77	0.05657	0.18629	0.10747	0.03808	0.02702	0.16338	0.07137	0.10024	0.08715	0.04528	0.00963	0.04201	0.00788	0.00503	0.00442	0.00131	0.03418	0.00386	0.00282	0.00600
78	0.13699	0.04265	0.28109	0.02483	0.08557	0.04055	0.10804	0.04803	0.02148	0.04416	0.01099	0.01258	0.05838	0.00489	0.00443	0.00139	0.02329	0.01444	0.00259	0.03362

[dist]
# distance from previous block
# <min> <max>
2	12

[block]
# block no. 6 follows, 58 sequences, length 49
# corresponding to MSA columns:
# 475-523
name=unknown_G
#
# <colnr> <probs for GDERKNQSTAVLIFYWHMCP>
#	G	D	E	R	K	N	Q	S	T	A	V	L	I	F	Y	W	H	M	C	P
0	0.02962	0.19533	0.14373	0.08154	0.03773	0.06611	0.05522	0.05737	0.06972	0.04710	0.07136	0.03016	0.01024	0.00609	0.02918	0.00152	0.05524	0.00412	0.00277	0.00583
1	0.06957	0.04715	0.48521	0.03779	0.03519	0.02014	0.09997	0.02710	0.02486	0.03169	0.00850	0.02245	0.00645	0.00465	0.00494	0.00145	0.06073	0.00371	0.00222	0.00623
2	0.00709	0.02301	0.00680	0.00653	0.00741	0.00543	0.00478	0.00905	0.06586	0.03961	0.07921	0.20829	0.05517	0.15955	0.28509	0.00396	0.00619	0.01948	0.00340	0.00409
3	0.00556	0.00431	0.00490	0.00528	0.00617	0.00384	0.00370	0.00649	0.00925	0.01160	0.04816	0.31388	0.41445	0.10956	0.00750	0.00196	0.00267	0.03308	0.00400	0.00362
4	0.01539	0.17386	0.01546	0.01085	0.04850	0.20297	0.02085	0.39808	0.01583	0.01959	0.00878	0.00943	0.00676	0.00475	0.00404	0.00121	0.00564	0.00343	0.00329	0.03129
5	0.02100	0.00425	0.00521	0.00580	0.00639	0.00397	0.00400	0.00673	0.00898	0.01195	0.08840	0.48864	0.16517	0.11445	0.00766	0.00204	0.00280	0.04492	0.00401	0.00363
6	0.01354	0.01502	0.01281	0.06273	0.02754	0.39758	0.03754	0.09882	0.03439	0.01352	0.02486	0.02171	0.00785	0.00646	0.03542	0.00156	0.12696	0.01482	0.00265	0.04422
7	0.00589	0.00411	0.00547	0.00601	0.00650	0.00387	0.00416	0.00675	0.00922	0.01248	0.19441	0.51334	0.06985	0.01372	0.03823	0.08499	0.00296	0.01040	0.00404	0.00362
8	0.00592	0.00427	0.00560	0.00609	0.00674	0.00399	0.00437	0.00728	0.01018	0.01385	0.30198	0.43909	0.06689	0.02902	0.00593	0.00173	0.00258	0.07623	0.00439	0.00387
9	0.02852	0.00558	0.00674	0.00619	0.00737	0.00547	0.02377	0.05839	0.03456	0.07426	0.15270	0.10324	0.11239	0.29644	0.01108	0.00246	0.00349	0.02147	0.04167	0.00420
10	0.00621	0.00440	0.00572	0.00605	0.00678	0.00412	0.00428	0.00787	0.03081	0.02885	0.34571	0.45579	0.05333	0.01161	0.00547	0.00163	0.00244	0.01041	0.00450	0.00404
11	0.03227	0.00466	0.00603	0.00589	0.00642	0.00463	0.00401	0.00834	0.02885	0.07579	0.02592	0.08026	0.01334	0.23841	0.01519	0.38036	0.00381	0.03241	0.03026	0.00314
12	0.00640	0.00450	0.00545	0.00549	0.00657	0.00403	0.00399	0.00778	0.01062	0.04916	0.29432	0.24629	0.28666	0.02897	0.00571	0.00161	0.00241	0.00949	0.01653	0.00404
13	0.00564	0.00408	0.00524	0.00591	0.00638	0.00378	0.00401	0.00661	0.00922	0.01234	0.15113	0.59601	0.09543	0.06387	0.00665	0.00188	0.00260	0.01133	0.00419	0.00368
14	0.10900	0.01068	0.01175	0.00914	0.01254	0.01139	0.00753	0.50082	0.01724	0.22949	0.01231	0.02794	0.00864	0.00545	0.00432	0.00137	0.00443	0.00415	0.00456	0.00724
15	0.03184	0.00479	0.00586	0.00594	0.00684	0.00456	0.00420	0.00871	0.03640	0.06589	0.22306	0.31380	0.09507	0.14828	0.00819	0.00206	0.00290	0.02336	0.00417	0.00406
16	0.04789	0.00639	0.00780	0.00673	0.00891	0.00606	0.00529	0.01478	0.11240	0.28980	0.27579	0.04607	0.13800	0.00776	0.00483	0.00144	0.00296	0.00656	0.00486	0.00568
17	0.00778	0.00516	0.00608	0.00578	0.00685	0.00494	0.00415	0.02933	0.04082	0.07561	0.20020	0.03253	0.18136	0.30705	0.01149	0.00252	0.00335	0.06701	0.00394	0.00405
18	0.13879	0.00831	0.00894	0.00754	0.00979	0.00890	0.00580	0.21893	0.12234	0.13682	0.04027	0.04317	0.01250	0.20830	0.00873	0.00212	0.00404	0.00502	0.00397	0.00571
19	0.02441	0.00465	0.00512	0.00517	0.00640	0.00418	0.00378	0.00737	0.02994	0.01339	0.19463	0.16387	0.47271	0.03704	0.00583	0.00162	0.00241	0.00933	0.00424	0.00391
20	0.01769	0.00996	0.01163	0.00905	0.01244	0.01025	0.00743	0.37828	0.08231	0.37397	0.01447	0.01332	0.00971	0.00550	0.00446	0.00137	0.00426	0.00432	0.02209	0.00750
21	0.00647	0.00480	0.00613	0.00639	0.00735	0.00462	0.00485	0.00879	0.06058	0.01496	0.35097	0.25760	0.09098	0.01102	0.00551	0.00165	0.00270	0.14598	0.00449	0.00419
22	0.22677	0.00811	0.00836	0.00730	0.00955	0.00881	0.00566	0.13819	0.17519	0.10021	0.05540	0.07957	0.03862	0.11148	0.00653	0.00181	0.00368	0.00524	0.00394	0.00560
23	0.03273	0.00540	0.00655	0.00599	0.00750	0.00507	0.00445	0.01177	0.03797	0.20639	0.17616	0.13176	0.10010	0.12927	0.00732	0.00185	0.00300	0.00699	0.11494	0.00480
24	0.00651	0.00434	0.00488	0.00488	0.00488	0.00434	0.00271	0.00651	0.00651	0.00867	0.01409	0.02927	0.01626	0.84279	0.02277	0.00434	0.00434	0.00651	0.00271	0.00271
25	0.04881	0.03398	0.01041	0.00853	0.01125	0.02625	0.00682	0.15513	0.36013	0.16310	0.01662	0.04401	0.03362	0.00615	0.00442	0.00143	0.00383	0.01650	0.04230	0.00672
26	0.33694	0.00785	0.00799	0.00691	0.00940	0.00835	0.00556	0.11094	0.05072	0.17213	0.04242	0.06879	0.04634	0.00641	0.00429	0.02287	0.00351	0.02952	0.05352	0.00554
27	0.00647	0.00458	0.00566	0.00567	0.00595	0.00481	0.00371	0.00698	0.00697	0.00945	0.01534	0.05740	0.05108	0.55217	0.20919	0.00469	0.02561	0.01833	0.00276	0.00317
28	0.01430	0.01152	0.01241	0.01008	0.01313	0.04788	0.03808	0.45391	0.25942	0.02307	0.01357	0.05927	0.01058	0.00598	0.00458	0.00142	0.00461	0.00483	0.00430	0.00706
29	0.02091	0.00451	0.00523	0.00537	0.00649	0.00404	0.00397	0.00720	0.01055	0.01387	0.26601	0.20301	0.38104	0.01115	0.00536	0.00156	0.00238	0.03910	0.00436	0.00391
30	0.00709	0.00539	0.00736	0.00723	0.00808	0.02595	0.00555	0.03464	0.00768	0.01077	0.01164	0.01732	0.01092	0.06178	0.69761	0.05898	0.01087	0.00473	0.00245	0.00397
31	0.00779	0.00760	0.02989	0.01072	0.01262	0.02995	0.25549	0.00977	0.00946	0.01251	0.01805	0.36519	0.01977	0.06291	0.00665	0.00189	0.00474	0.12713	0.00336	0.00451
32	0.00626	0.00454	0.00571	0.00578	0.00669	0.00427	0.00419	0.00830	0.04048	0.01557	0.46004	0.26434	0.09843	0.01043	0.00528	0.00152	0.00231	0.00924	0.04249	0.00412
33	0.02326	0.00619	0.00692	0.00675	0.00800	0.00654	0.00489	0.06045	0.21107	0.03108	0.01982	0.27145	0.05674	0.15455	0.00796	0.00205	0.00328	0.02208	0.09217	0.00476
34	0.02575	0.01067	0.01517	0.20646	0.32440	0.10026	0.06873	0.03912	0.01056	0.06219	0.01045	0.02820	0.03572	0.00484	0.00468	0.00139	0.02256	0.00432	0.01849	0.00604
35	0.01671	0.02132	0.01268	0.01152	0.01383	0.82483	0.00864	0.01786	0.01268	0.01095	0.00691	0.00807	0.00576	0.00461	0.00403	0.00115	0.00807	0.00288	0.00230	0.00519
36	0.00953	0.01062	0.07950	0.12680	0.16030	0.00975	0.29672	0.01338	0.07301	0.01387	0.01158	0.09010	0.01022	0.00650	0.03482	0.00173	0.00611	0.03701	0.00262	0.00583
37	0.01133	0.00971	0.01023	0.00914	0.01171	0.01122	0.00713	0.05065	0.77959	0.01904	0.01795	0.01648	0.01345	0.00604	0.00455	0.00151	0.00359	0.00502	0.00455	0.00710
38	0.01101	0.00949	0.01002	0.00902	0.01151	0.01096	0.00701	0.02341	0.78802	0.01869	0.03700	0.01709	0.01433	0.00614	0.00457	0.00151	0.00351	0.00513	0.00456	0.00701
39	0.04390	0.00539	0.00507	0.00502	0.00654	0.03853	0.00376	0.00728	0.01022	0.01263	0.07719	0.08022	0.66737	0.01077	0.00514	0.00150	0.00257	0.00896	0.00405	0.00390
40	0.00897	0.02314	0.81962	0.01275	0.01936	0.01039	0.01653	0.01417	0.00944	0.01417	0.00803	0.00944	0.00567	0.00425	0.00425	0.00142	0.00661	0.00331	0.00189	0.00661
41	0.00922	0.00681	0.00849	0.02713	0.00969	0.03072	0.03830	0.11071	0.03814	0.05227	0.02703	0.12269	0.01790	0.22794	0.05270	0.00268	0.00475	0.20466	0.00362	0.00454
42	0.00794	0.00737	0.01270	0.01065	0.01235	0.02280	0.21514	0.00998	0.00838	0.01164	0.01204	0.06917	0.01149	0.03976	0.41797	0.00450	0.07566	0.04335	0.00253	0.00458
43	0.09009	0.12334	0.43957	0.04722	0.05226	0.02433	0.01233	0.02677	0.02442	0.06694	0.00994	0.02165	0.03324	0.00469	0.00403	0.00136	0.00556	0.00361	0.00243	0.00622
44	0.01082	0.00853	0.02433	0.07480	0.03403	0.04024	0.06874	0.18097	0.02680	0.06069	0.02705	0.07607	0.02198	0.08535	0.06624	0.10529	0.01982	0.05987	0.00328	0.00509
45	0.04226	0.01111	0.03292	0.27413	0.08871	0.10080	0.09609	0.13524	0.08196	0.01580	0.03361	0.01357	0.03217	0.00509	0.00452	0.00142	0.00562	0.01625	0.00289	0.00585
46	0.00993	0.00974	0.05580	0.33520	0.07237	0.08900	0.03704	0.06419	0.02747	0.01243	0.00860	0.01207	0.00701	0.00819	0.04898	0.17261	0.00594	0.00393	0.01468	0.00482
47	0.03691	0.02630	0.02119	0.00878	0.02407	0.11595	0.05725	0.04055	0.00917	0.01211	0.02832	0.08089	0.06174	0.02964	0.39570	0.01949	0.01936	0.00534	0.00273	0.00450
48	0.02429	0.00914	0.01327	0.38729	0.16474	0.07642	0.04329	0.02682	0.00944	0.01233	0.00916	0.01371	0.00776	0.03069	0.11116	0.01925	0.00666	0.02713	0.00226	0.00519

[dist]
# distance from previous block
# <min> <max>
5	22

[block]
# block no. 7 follows, 58 sequences, length 9
# corresponding to MSA columns:
# 553-561
name=unknown_H
#
# <colnr> <probs for GDERKNQSTAVLIFYWHMCP>
#	G	D	E	R	K	N	Q	S	T	A	V	L	I	F	Y	W	H	M	C	P
0	0.05328	0.06947	0.00930	0.02578	0.03792	0.05683	0.02904	0.02802	0.04801	0.01356	0.14752	0.22842	0.05963	0.09735	0.00723	0.00183	0.04255	0.03624	0.00353	0.00451
1	0.34714	0.09433	0.09200	0.02305	0.12002	0.02274	0.00793	0.03214	0.07226	0.04650	0.02934	0.02657	0.04058	0.00492	0.00367	0.00134	0.00422	0.00369	0.00291	0.02465
2	0.01614	0.01977	0.01281	0.01146	0.01366	0.70295	0.00873	0.06852	0.01273	0.01206	0.00708	0.00839	0.00589	0.00493	0.00496	0.00123	0.07789	0.00304	0.00242	0.00532
3	0.00703	0.00498	0.00589	0.02975	0.00768	0.00438	0.00436	0.00845	0.01053	0.07959	0.16248	0.13831	0.43656	0.01031	0.00519	0.00150	0.00262	0.03387	0.00426	0.04222
4	0.00648	0.00445	0.00543	0.00543	0.00563	0.00464	0.00340	0.00686	0.00667	0.00909	0.01359	0.02646	0.01504	0.64811	0.21578	0.00502	0.00618	0.00609	0.00263	0.00302
5	0.01209	0.68050	0.10687	0.00856	0.01254	0.09308	0.00869	0.01390	0.00947	0.01095	0.00648	0.00750	0.00573	0.00395	0.00313	0.00102	0.00529	0.00253	0.00195	0.00578
6	0.00548	0.00395	0.00519	0.00612	0.00648	0.00367	0.00412	0.00634	0.00882	0.01174	0.06041	0.76700	0.06678	0.01367	0.00567	0.00178	0.00256	0.01236	0.00419	0.00367
7	0.78291	0.09741	0.00836	0.00607	0.00895	0.01085	0.00514	0.01318	0.00777	0.01906	0.00623	0.00726	0.00494	0.00412	0.00278	0.00134	0.00360	0.00242	0.00268	0.00494
8	0.01293	0.00908	0.01077	0.02840	0.05123	0.00984	0.00720	0.40808	0.02724	0.05740	0.03192	0.02780	0.02359	0.04327	0.09456	0.11952	0.00527	0.00456	0.02147	0.00588

[dist]
# distance from previous block
# <min> <max>
1	2

[block]
# block no. 8 follows, 58 sequences, length 21
# corresponding to MSA columns:
# 564-584
name=unknown_I
#
# <colnr> <probs for GDERKNQSTAVLIFYWHMCP>
#	G	D	E	R	K	N	Q	S	T	A	V	L	I	F	Y	W	H	M	C	P
0	0.03027	0.01312	0.19180	0.15667	0.08077	0.09977	0.04613	0.04853	0.03410	0.17667	0.01197	0.05238	0.02744	0.00528	0.00446	0.00141	0.00551	0.00442	0.00310	0.00619
1	0.01671	0.02132	0.01268	0.01152	0.01383	0.82483	0.00864	0.01786	0.01268	0.01095	0.00691	0.00807	0.00576	0.00461	0.00403	0.00115	0.00807	0.00288	0.00230	0.00519
2	0.00735	0.00401	0.00567	0.00576	0.00583	0.00398	0.00381	0.00612	0.00640	0.00855	0.02814	0.07541	0.01196	0.15340	0.01696	0.62171	0.00384	0.02644	0.00235	0.00230
3	0.01033	0.02216	0.09828	0.19152	0.21260	0.05429	0.11820	0.01367	0.04541	0.04460	0.02740	0.01393	0.03017	0.00483	0.00446	0.00139	0.00545	0.01841	0.07702	0.00588
4	0.03740	0.09061	0.18069	0.00971	0.01338	0.01041	0.05784	0.19226	0.07955	0.11141	0.04626	0.05388	0.01072	0.00610	0.02123	0.00148	0.00485	0.00453	0.06134	0.00636
5	0.00659	0.00503	0.00612	0.00581	0.00705	0.00479	0.00436	0.00952	0.08853	0.01685	0.58593	0.06102	0.16276	0.00937	0.00522	0.00145	0.00229	0.00817	0.00474	0.00440
6	0.00703	0.00501	0.00696	0.00796	0.00889	0.00499	0.00680	0.00892	0.01003	0.01307	0.02347	0.11830	0.02578	0.03820	0.00665	0.00211	0.00399	0.69370	0.00408	0.00403
7	0.87439	0.00865	0.00657	0.00588	0.00865	0.01003	0.00484	0.01315	0.00761	0.02007	0.00623	0.00727	0.00484	0.00415	0.00277	0.00138	0.00346	0.00242	0.00277	0.00484
8	0.01092	0.12718	0.14875	0.03198	0.01421	0.08834	0.08225	0.03141	0.14881	0.03212	0.01038	0.01212	0.00830	0.00656	0.05356	0.00165	0.04966	0.01714	0.02695	0.09773
9	0.07300	0.01161	0.01221	0.07041	0.03199	0.06547	0.00836	0.39878	0.19874	0.03468	0.01157	0.01183	0.00855	0.00540	0.00474	0.00141	0.03643	0.00408	0.00392	0.00683
10	0.00731	0.00406	0.00578	0.00591	0.00614	0.00398	0.00403	0.00629	0.00676	0.00912	0.02649	0.13753	0.03134	0.03676	0.03031	0.60933	0.00376	0.02814	0.01810	0.01885
11	0.00795	0.00543	0.00758	0.06729	0.07213	0.00547	0.00578	0.02356	0.00898	0.05774	0.04531	0.13748	0.13799	0.06182	0.11015	0.14399	0.00464	0.05068	0.04192	0.00411
12	0.03332	0.06946	0.49257	0.01204	0.03002	0.01083	0.06600	0.06040	0.07113	0.02898	0.00953	0.01144	0.00725	0.00589	0.03908	0.00166	0.02050	0.02107	0.00243	0.00639
13	0.00776	0.00419	0.00656	0.00633	0.00651	0.00415	0.03330	0.00616	0.00614	0.00819	0.00864	0.05390	0.00880	0.01503	0.01646	0.79533	0.00396	0.00437	0.00206	0.00218
