[name]
unknown

[dist]
# distance from previous block
# <min> <max>
0	129

[block]
# block no. 0 follows, 74 sequences, length 17
# corresponding to MSA columns:
# 199-215
name=unknown_A
#
# <colnr> <probs for GDERKNQSTAVLIFYWHMCP>
#	G	D	E	R	K	N	Q	S	T	A	V	L	I	F	Y	W	H	M	C	P
0	0.07801	0.00850	0.01282	0.08046	0.50859	0.05876	0.05118	0.01105	0.00829	0.03075	0.00811	0.04550	0.00719	0.00452	0.02018	0.00125	0.00448	0.04069	0.00207	0.01759
1	0.00795	0.00704	0.00781	0.00566	0.00890	0.03917	0.00451	0.00957	0.00781	0.01197	0.00656	0.00766	0.00547	0.00279	0.00277	0.00057	0.00291	0.00221	0.00219	0.85648
2	0.00487	0.00354	0.00406	0.00442	0.00520	0.00319	0.00319	0.00586	0.00791	0.01049	0.04629	0.35098	0.36222	0.00957	0.00431	0.00132	0.00203	0.04520	0.12220	0.00315
3	0.00508	0.00379	0.00473	0.00449	0.00544	0.00343	0.00337	0.00668	0.01011	0.01394	0.68682	0.02929	0.19324	0.00794	0.00438	0.00118	0.00178	0.00693	0.00396	0.00343
4	0.00651	0.00326	0.00465	0.00465	0.00477	0.00326	0.00314	0.00535	0.00523	0.00744	0.00721	0.01163	0.00686	0.01175	0.01291	0.77267	0.00302	0.00326	0.12060	0.00186
5	0.00470	0.00375	0.00405	0.00399	0.00499	0.00327	0.00289	0.00568	0.00848	0.01066	0.20171	0.03253	0.56535	0.12421	0.00633	0.00155	0.00208	0.00727	0.00342	0.00309
6	0.00992	0.87178	0.01945	0.00635	0.00953	0.01469	0.00635	0.01111	0.00754	0.00873	0.00516	0.00595	0.00476	0.00318	0.00238	0.00079	0.00397	0.00198	0.00159	0.00476
7	0.00660	0.00343	0.00357	0.00369	0.00447	0.00340	0.00271	0.00818	0.00769	0.01325	0.01323	0.12810	0.01153	0.00530	0.00288	0.00095	0.00179	0.00441	0.77142	0.00340
8	0.00744	0.01920	0.85032	0.01058	0.01607	0.00862	0.01371	0.01176	0.00784	0.01176	0.00666	0.00784	0.00470	0.00353	0.00353	0.00118	0.00549	0.00274	0.00157	0.00549
9	0.00642	0.00477	0.00630	0.00693	0.00795	0.00494	0.00597	0.00930	0.11984	0.01170	0.01904	0.03812	0.02002	0.00956	0.00495	0.00165	0.00335	0.71198	0.00347	0.00375
10	0.00923	0.00797	0.00839	0.00755	0.00965	0.00923	0.00588	0.01972	0.83969	0.01553	0.01511	0.01385	0.01133	0.00504	0.00378	0.00126	0.00294	0.00420	0.00378	0.00588
11	0.89577	0.00718	0.00546	0.00488	0.00718	0.00833	0.00402	0.01091	0.00632	0.01665	0.00517	0.00603	0.00402	0.00345	0.00230	0.00115	0.00287	0.00201	0.00230	0.00402
12	0.00452	0.00323	0.00431	0.00517	0.00538	0.00301	0.00345	0.00517	0.00711	0.00948	0.02046	0.86713	0.02455	0.01163	0.00474	0.00151	0.00215	0.01055	0.00345	0.00301
13	0.01049	0.74951	0.01817	0.00681	0.00981	0.13494	0.00647	0.01165	0.00797	0.00878	0.00524	0.00606	0.00477	0.00327	0.00252	0.00082	0.00436	0.00204	0.00163	0.00470
14	0.00677	0.00590	0.00772	0.00685	0.00735	0.00718	0.00537	0.02641	0.02615	0.01075	0.21754	0.03350	0.07568	0.15066	0.01007	0.00177	0.36999	0.00494	0.00261	0.02278
15	0.00778	0.00720	0.03915	0.01044	0.19132	0.04339	0.06972	0.02867	0.08725	0.03891	0.09312	0.08601	0.06202	0.12714	0.06632	0.00188	0.02767	0.00496	0.00266	0.00439
16	0.09274	0.01248	0.02640	0.02600	0.23128	0.35859	0.05351	0.05180	0.06543	0.01198	0.01971	0.00847	0.00602	0.00381	0.00359	0.00108	0.01706	0.00297	0.00216	0.00493

[dist]
# distance from previous block
# <min> <max>
0	1

[block]
# block no. 1 follows, 74 sequences, length 19
# corresponding to MSA columns:
# 217-235
name=unknown_B
#
# <colnr> <probs for GDERKNQSTAVLIFYWHMCP>
#	G	D	E	R	K	N	Q	S	T	A	V	L	I	F	Y	W	H	M	C	P
0	0.00992	0.87178	0.01945	0.00635	0.00953	0.01469	0.00635	0.01111	0.00754	0.00873	0.00516	0.00595	0.00476	0.00318	0.00238	0.00079	0.00397	0.00198	0.00159	0.00476
1	0.00882	0.05829	0.03073	0.16529	0.14041	0.12457	0.05402	0.02075	0.01839	0.01051	0.06805	0.01005	0.00748	0.00494	0.01520	0.00130	0.24076	0.00341	0.01253	0.00450
2	0.00439	0.00376	0.00376	0.00376	0.00501	0.00313	0.00282	0.00533	0.00846	0.01003	0.03760	0.03572	0.84489	0.00940	0.00439	0.00125	0.00188	0.00783	0.00345	0.00313
3	0.00453	0.00373	0.00401	0.00418	0.00526	0.00320	0.00313	0.00550	0.00833	0.01014	0.05236	0.14622	0.66167	0.00971	0.00448	0.00132	0.00202	0.06361	0.00346	0.00315
4	0.00752	0.01868	0.80324	0.01087	0.01625	0.00866	0.06027	0.01176	0.00789	0.01176	0.00671	0.00796	0.00475	0.00350	0.00358	0.00118	0.00553	0.00284	0.00158	0.00546
5	0.00464	0.00377	0.00411	0.00402	0.00517	0.00324	0.00302	0.00581	0.00905	0.01143	0.27083	0.03341	0.61079	0.00888	0.00438	0.00123	0.00184	0.00751	0.00363	0.00324
6	0.00795	0.00413	0.00430	0.00400	0.00512	0.00417	0.00307	0.07167	0.00866	0.05587	0.01199	0.01341	0.00926	0.00435	0.00274	0.00090	0.00198	0.00346	0.77918	0.00382
7	0.00742	0.00364	0.00389	0.00381	0.00477	0.00357	0.00286	0.00905	0.00793	0.07234	0.01292	0.07842	0.01063	0.00490	0.00284	0.00093	0.00186	0.00402	0.76058	0.00363
8	0.00460	0.00364	0.00418	0.00440	0.00527	0.00325	0.00318	0.00554	0.00805	0.01016	0.09964	0.25916	0.47161	0.03331	0.05320	0.00165	0.00247	0.02021	0.00339	0.00312
9	0.00468	0.00378	0.00419	0.00424	0.00534	0.00329	0.00322	0.00583	0.00880	0.01103	0.19350	0.07632	0.58262	0.00922	0.00446	0.00128	0.00199	0.06941	0.00357	0.00322
10	0.00923	0.00797	0.00839	0.00755	0.00965	0.00923	0.00588	0.01972	0.83969	0.01553	0.01511	0.01385	0.01133	0.00504	0.00378	0.00126	0.00294	0.00420	0.00378	0.00588
11	0.01011	0.83041	0.01902	0.00651	0.00962	0.05538	0.00639	0.01129	0.00769	0.00875	0.00519	0.00599	0.00476	0.00321	0.00243	0.00080	0.00410	0.00200	0.00160	0.00474
12	0.56938	0.03032	0.09266	0.07220	0.07437	0.00856	0.03282	0.03049	0.00724	0.04393	0.00606	0.00717	0.00460	0.00351	0.00279	0.00115	0.00358	0.00245	0.00222	0.00450
13	0.01072	0.19606	0.04199	0.00925	0.03182	0.34608	0.06530	0.01206	0.00851	0.00967	0.00613	0.00771	0.00526	0.00443	0.01534	0.00113	0.15911	0.00273	0.06231	0.00442
14	0.00528	0.00378	0.00486	0.00546	0.00589	0.00368	0.00380	0.06179	0.00785	0.01045	0.01941	0.74251	0.02285	0.03277	0.00505	0.00154	0.00239	0.05396	0.00343	0.00324
15	0.02320	0.13668	0.08154	0.02446	0.06127	0.47411	0.02831	0.02220	0.02265	0.02236	0.00718	0.06582	0.00639	0.00422	0.00337	0.00102	0.00553	0.00309	0.00203	0.00456
16	0.00550	0.00459	0.00562	0.00604	0.06316	0.02273	0.01354	0.00693	0.02294	0.01170	0.26916	0.19267	0.29806	0.00835	0.00431	0.00124	0.00230	0.01741	0.00343	0.04032
17	0.00520	0.00394	0.00466	0.00449	0.00561	0.00342	0.00333	0.00646	0.00903	0.02789	0.34142	0.15418	0.33951	0.00849	0.00431	0.00121	0.00195	0.00735	0.00363	0.06391
18	0.03804	0.54916	0.11410	0.00755	0.03945	0.01182	0.03044	0.01064	0.00755	0.00986	0.00661	0.06526	0.00620	0.00383	0.00297	0.00092	0.01898	0.00281	0.00180	0.07199

[dist]
# distance from previous block
# <min> <max>
1	8

[block]
# block no. 2 follows, 74 sequences, length 36
# corresponding to MSA columns:
# 244-279
name=unknown_C
#
# <colnr> <probs for GDERKNQSTAVLIFYWHMCP>
#	G	D	E	R	K	N	Q	S	T	A	V	L	I	F	Y	W	H	M	C	P
0	0.58055	0.00707	0.02814	0.00528	0.00739	0.00768	0.00443	0.08703	0.00776	0.01609	0.02831	0.00956	0.05041	0.00461	0.01979	0.00123	0.02344	0.00281	0.10427	0.00414
1	0.00547	0.00413	0.00593	0.00584	0.00636	0.00482	0.00442	0.00654	0.00585	0.00839	0.00997	0.01588	0.00976	0.16858	0.66918	0.00534	0.05417	0.00418	0.00201	0.00317
2	0.00768	0.09884	0.77271	0.01018	0.01545	0.00919	0.01303	0.01170	0.00781	0.01147	0.00652	0.00766	0.00471	0.00349	0.00342	0.00114	0.00534	0.00267	0.00157	0.00542
3	0.01352	0.00982	0.02847	0.05723	0.01198	0.03456	0.00707	0.56762	0.08094	0.13570	0.00993	0.00979	0.00695	0.00444	0.00371	0.00113	0.00402	0.00342	0.00362	0.00608
4	0.00713	0.00622	0.00641	0.00591	0.00721	0.08455	0.00449	0.01117	0.23464	0.01452	0.54193	0.02201	0.02579	0.00655	0.00412	0.00117	0.00253	0.00563	0.00380	0.00422
5	0.00470	0.00372	0.00423	0.00420	0.00523	0.00325	0.00311	0.00590	0.00905	0.01167	0.31668	0.10830	0.48885	0.00897	0.00442	0.00125	0.00186	0.00769	0.00367	0.00325
6	0.00886	0.00746	0.01003	0.00919	0.05358	0.03348	0.00714	0.05814	0.00718	0.08833	0.00733	0.01018	0.00646	0.02121	0.19019	0.00245	0.46888	0.00346	0.00213	0.00433
7	0.00655	0.00413	0.00554	0.00522	0.00624	0.00418	0.03311	0.00804	0.00768	0.06112	0.09370	0.01914	0.09053	0.04702	0.27367	0.00273	0.00475	0.04791	0.27515	0.00356
8	0.06941	0.20829	0.02735	0.00631	0.00923	0.00874	0.00547	0.16268	0.03813	0.01409	0.08515	0.00949	0.00832	0.00376	0.00301	0.00085	0.00326	0.00285	0.00256	0.33107
9	0.00939	0.05978	0.04286	0.04154	0.43226	0.04115	0.06858	0.01950	0.05267	0.05612	0.00804	0.03393	0.00665	0.00367	0.00356	0.00105	0.00425	0.00340	0.00217	0.10944
10	0.01019	0.08482	0.34788	0.03219	0.11440	0.09811	0.02773	0.16042	0.01006	0.05702	0.00774	0.00864	0.01676	0.00380	0.00351	0.00110	0.00494	0.00299	0.00222	0.00547
11	0.00747	0.08737	0.05404	0.09728	0.16323	0.00684	0.00669	0.01014	0.08325	0.04968	0.27838	0.02702	0.10240	0.00564	0.00387	0.00115	0.00316	0.00488	0.00298	0.00452
12	0.00497	0.00358	0.00477	0.00557	0.00603	0.00341	0.00415	0.00594	0.00758	0.00995	0.02095	0.55918	0.06695	0.02807	0.00512	0.00160	0.00255	0.25311	0.00341	0.00313
13	0.02155	0.58450	0.03028	0.00656	0.00935	0.03599	0.02655	0.04792	0.00817	0.07843	0.00775	0.00936	0.03025	0.08448	0.00425	0.00114	0.00396	0.00276	0.00207	0.00467
14	0.15910	0.02117	0.02122	0.02147	0.19360	0.08656	0.09388	0.08425	0.02514	0.15316	0.00943	0.08923	0.00783	0.00452	0.00367	0.00117	0.01292	0.00386	0.00273	0.00511
15	0.00598	0.00427	0.00598	0.00684	0.00769	0.00427	0.00598	0.00769	0.00854	0.01111	0.01965	0.04187	0.02136	0.01025	0.00513	0.00171	0.00342	0.82141	0.00342	0.00342
16	0.17117	0.35741	0.01320	0.00741	0.00992	0.34222	0.00627	0.03576	0.00877	0.01071	0.00549	0.00634	0.00468	0.00351	0.00278	0.00093	0.00484	0.00219	0.00190	0.00449
17	0.00854	0.09935	0.61727	0.00996	0.01481	0.00885	0.06218	0.01213	0.00809	0.08068	0.00723	0.00818	0.00517	0.00353	0.00346	0.00112	0.00509	0.00283	0.00186	0.03969
18	0.00645	0.00322	0.00484	0.00484	0.00484	0.00322	0.00322	0.00484	0.00484	0.00645	0.00645	0.01128	0.00645	0.01289	0.01451	0.89201	0.00322	0.00322	0.00161	0.00161
19	0.00676	0.00349	0.00360	0.00357	0.00444	0.00346	0.00268	0.00850	0.00804	0.01394	0.08985	0.01514	0.01190	0.00463	0.00276	0.00089	0.00173	0.00376	0.80739	0.00346
20	0.00612	0.00643	0.08571	0.02180	0.03261	0.00533	0.06903	0.00913	0.12502	0.01242	0.24438	0.09500	0.25791	0.00718	0.00422	0.00124	0.00282	0.00630	0.00329	0.00407
21	0.00932	0.10873	0.31752	0.05640	0.11271	0.11222	0.06075	0.06653	0.08497	0.01210	0.00760	0.02140	0.00594	0.00380	0.00351	0.00111	0.00498	0.00310	0.00204	0.00526
22	0.00844	0.00839	0.01304	0.01050	0.01192	0.01009	0.21363	0.01204	0.19945	0.01113	0.00816	0.01053	0.00688	0.03771	0.00854	0.00152	0.41735	0.00383	0.00221	0.00465
23	0.00812	0.00812	0.01137	0.00975	0.00975	0.01137	0.00812	0.00893	0.00568	0.00893	0.00487	0.00812	0.00487	0.00650	0.01218	0.00162	0.86276	0.00325	0.00162	0.00406
24	0.63192	0.00767	0.00646	0.00575	0.00801	0.02339	0.00463	0.04068	0.21265	0.01647	0.00776	0.00807	0.00592	0.00388	0.00273	0.00117	0.00299	0.00260	0.00270	0.00456
25	0.01075	0.15811	0.07934	0.02811	0.24536	0.03113	0.10081	0.14379	0.01832	0.10952	0.00818	0.01822	0.00634	0.01146	0.00366	0.00110	0.00442	0.00329	0.01258	0.00552
26	0.01347	0.00999	0.01072	0.00836	0.01117	0.01106	0.00685	0.75587	0.06430	0.02241	0.00970	0.04167	0.00729	0.00476	0.00376	0.00114	0.00395	0.00366	0.00371	0.00616
27	0.89577	0.00718	0.00546	0.00488	0.00718	0.00833	0.00402	0.01091	0.00632	0.01665	0.00517	0.00603	0.00402	0.00345	0.00230	0.00115	0.00287	0.00201	0.00230	0.00402
28	0.00452	0.00323	0.00431	0.00517	0.00538	0.00301	0.00345	0.00517	0.00711	0.00948	0.02046	0.86713	0.02455	0.01163	0.00474	0.00151	0.00215	0.01055	0.00345	0.00301
29	0.00770	0.00639	0.00696	0.00646	0.00808	0.00705	0.00495	0.02962	0.51430	0.01407	0.11735	0.09809	0.11771	0.00674	0.00430	0.02348	0.00263	0.01557	0.00368	0.00486
30	0.01077	0.14256	0.14011	0.01086	0.09065	0.03048	0.15626	0.02309	0.00855	0.21159	0.00827	0.00924	0.00611	0.00409	0.00483	0.00118	0.13035	0.00328	0.00242	0.00530
31	0.00870	0.00950	0.09269	0.14238	0.62967	0.00873	0.03203	0.01116	0.00825	0.01170	0.00691	0.00918	0.00563	0.00338	0.00368	0.00113	0.00463	0.00328	0.00179	0.00557
32	0.00577	0.00379	0.00458	0.00434	0.00532	0.00349	0.00327	0.00739	0.00966	0.03565	0.53692	0.02560	0.14365	0.00709	0.00399	0.00112	0.00180	0.00612	0.18693	0.00351
33	0.00475	0.00361	0.00479	0.02387	0.03733	0.00338	0.00380	0.00558	0.00748	0.00983	0.04859	0.66213	0.14977	0.01068	0.00461	0.00144	0.00224	0.00959	0.00337	0.00318
34	0.01218	0.12270	0.20278	0.00966	0.07619	0.11406	0.03943	0.11115	0.01015	0.25281	0.00897	0.00914	0.00632	0.00390	0.00348	0.00108	0.00455	0.00306	0.00277	0.00559
35	0.01270	0.01044	0.01001	0.00809	0.01050	0.14721	0.00653	0.50808	0.02514	0.05722	0.01129	0.01138	0.08460	0.00494	0.00415	0.00113	0.05114	0.00363	0.02636	0.00549

[dist]
# distance from previous block
# <min> <max>
0	1

[block]
# block no. 3 follows, 74 sequences, length 18
# corresponding to MSA columns:
# 281-298
name=unknown_D
#
# <colnr> <probs for GDERKNQSTAVLIFYWHMCP>
#	G	D	E	R	K	N	Q	S	T	A	V	L	I	F	Y	W	H	M	C	P
0	0.00981	0.16441	0.16019	0.00907	0.04166	0.05596	0.06926	0.08573	0.26514	0.04650	0.01908	0.02694	0.00793	0.00422	0.00350	0.00111	0.00415	0.00346	0.00268	0.01919
1	0.00959	0.00850	0.01316	0.11498	0.43896	0.05133	0.08379	0.05766	0.00915	0.07446	0.02606	0.01115	0.04252	0.00391	0.00374	0.00113	0.00438	0.00366	0.03656	0.00531
2	0.00979	0.00866	0.02804	0.00861	0.06088	0.02504	0.00648	0.12296	0.61352	0.01603	0.02842	0.01276	0.01037	0.00479	0.00373	0.00120	0.00328	0.00396	0.00353	0.02793
3	0.00670	0.00506	0.00689	0.07090	0.08984	0.00520	0.00535	0.00936	0.14290	0.05658	0.03104	0.47349	0.01808	0.00853	0.00433	0.00138	0.00282	0.04187	0.00326	0.01641
4	0.02038	0.05747	0.30240	0.06536	0.04641	0.00890	0.05211	0.17735	0.03776	0.12957	0.00845	0.00909	0.00602	0.00383	0.00354	0.00111	0.00448	0.00311	0.00257	0.06010
5	0.00887	0.09221	0.12201	0.05400	0.16784	0.00935	0.33127	0.05437	0.04126	0.02224	0.02565	0.02824	0.01774	0.00376	0.00386	0.00117	0.00503	0.00386	0.00209	0.00518
6	0.04323	0.00394	0.00492	0.00463	0.00559	0.00369	0.00349	0.00708	0.01022	0.01469	0.76445	0.02724	0.07802	0.00751	0.00429	0.00117	0.00181	0.00657	0.00397	0.00350
7	0.00815	0.09026	0.54925	0.01144	0.01623	0.00941	0.21981	0.03146	0.00828	0.01181	0.00680	0.00825	0.00498	0.00342	0.00365	0.00116	0.00552	0.00311	0.00170	0.00532
8	0.00993	0.20269	0.16651	0.06433	0.01327	0.04907	0.13061	0.13023	0.04506	0.07336	0.00969	0.02755	0.05333	0.00418	0.00353	0.00110	0.00454	0.00350	0.00241	0.00512
9	0.00758	0.01804	0.75776	0.02983	0.06304	0.00865	0.04067	0.01169	0.00789	0.01173	0.00671	0.00803	0.00480	0.00350	0.00357	0.00118	0.00544	0.00284	0.00159	0.00546
10	0.00452	0.00326	0.00428	0.00510	0.00536	0.00302	0.00341	0.00518	0.00718	0.00950	0.02135	0.82392	0.06718	0.01151	0.00472	0.00149	0.00214	0.01041	0.00345	0.00302
11	0.00515	0.00402	0.00578	0.00626	0.02852	0.00391	0.04691	0.00643	0.04269	0.00982	0.01875	0.64362	0.05042	0.03509	0.07213	0.00187	0.00310	0.00901	0.00319	0.00332
12	0.01134	0.14326	0.23232	0.04019	0.05981	0.07907	0.05890	0.10356	0.00975	0.20210	0.00846	0.00895	0.00605	0.00385	0.00359	0.00110	0.01662	0.00305	0.00256	0.00548
13	0.00553	0.00423	0.00608	0.00596	0.00647	0.00499	0.00454	0.00661	0.00586	0.00842	0.00983	0.01557	0.00959	0.15452	0.66376	0.00528	0.07341	0.00414	0.00200	0.00321
14	0.00469	0.00382	0.00417	0.00430	0.00533	0.00338	0.00314	0.00601	0.04135	0.01056	0.10455	0.21489	0.56162	0.00955	0.00444	0.00130	0.00197	0.00818	0.00352	0.00325
15	0.00915	0.01818	0.02693	0.13932	0.37879	0.01988	0.16057	0.07163	0.03684	0.03480	0.06071	0.01075	0.00780	0.00379	0.00384	0.00116	0.00459	0.00373	0.00223	0.00532
16	0.00865	0.05733	0.04828	0.17414	0.44822	0.00902	0.12188	0.02179	0.02690	0.01150	0.00719	0.00959	0.00585	0.01562	0.01744	0.00125	0.00482	0.00341	0.00186	0.00527
17	0.00562	0.00487	0.05329	0.01867	0.00705	0.00483	0.00491	0.00667	0.00598	0.00851	0.00994	0.05907	0.00978	0.11188	0.55510	0.08597	0.03834	0.00430	0.00202	0.00319

[dist]
# distance from previous block
# <min> <max>
3	6

[block]
# block no. 4 follows, 74 sequences, length 52
# corresponding to MSA columns:
# 305-356
name=unknown_E
#
# <colnr> <probs for GDERKNQSTAVLIFYWHMCP>
#	G	D	E	R	K	N	Q	S	T	A	V	L	I	F	Y	W	H	M	C	P
0	0.18530	0.01060	0.09680	0.34428	0.08151	0.19123	0.00879	0.01130	0.00797	0.01126	0.00614	0.00815	0.00477	0.00366	0.00343	0.00115	0.01461	0.00279	0.00184	0.00442
1	0.00806	0.01643	0.02057	0.11244	0.27287	0.00735	0.01575	0.03066	0.17532	0.03410	0.18805	0.01630	0.05799	0.00514	0.00391	0.00119	0.00345	0.02255	0.00291	0.00496
2	0.68340	0.00715	0.00633	0.00538	0.00782	0.00790	0.00444	0.04819	0.00765	0.18164	0.00721	0.00746	0.00514	0.00372	0.00264	0.00115	0.00298	0.00241	0.00281	0.00457
3	0.00486	0.00366	0.00451	0.00460	0.00542	0.00331	0.00337	0.00613	0.00909	0.01218	0.40774	0.23232	0.25001	0.00912	0.00449	0.00129	0.00193	0.02897	0.00374	0.00328
4	0.00464	0.00334	0.00443	0.00527	0.00557	0.00313	0.00364	0.00539	0.00727	0.00963	0.02092	0.77122	0.04945	0.01144	0.00476	0.00152	0.00225	0.07964	0.00344	0.00305
5	0.04417	0.00626	0.00821	0.00651	0.00910	0.00565	0.00529	0.06409	0.01052	0.68681	0.01460	0.10040	0.01044	0.00527	0.00379	0.00118	0.00310	0.00436	0.00435	0.00590
6	0.89577	0.00718	0.00546	0.00488	0.00718	0.00833	0.00402	0.01091	0.00632	0.01665	0.00517	0.00603	0.00402	0.00345	0.00230	0.00115	0.00287	0.00201	0.00230	0.00402
7	0.01388	0.01733	0.01055	0.00951	0.01148	0.81344	0.00717	0.05486	0.01086	0.00978	0.00589	0.00680	0.00486	0.00386	0.00336	0.00096	0.00657	0.00244	0.00200	0.00440
8	0.01365	0.01017	0.01088	0.00845	0.01133	0.01129	0.00694	0.75639	0.09584	0.02264	0.00950	0.00938	0.00679	0.00451	0.00372	0.00113	0.00398	0.00342	0.00372	0.00627
9	0.00505	0.00379	0.00468	0.00446	0.00542	0.00342	0.00334	0.00661	0.01003	0.01375	0.65629	0.02959	0.22388	0.00801	0.00438	0.00119	0.00178	0.00697	0.00394	0.00342
10	0.00874	0.00836	0.01135	0.00962	0.00993	0.01138	0.00801	0.09409	0.00690	0.01043	0.00529	0.00820	0.00502	0.00629	0.01131	0.00157	0.77413	0.00326	0.00184	0.00429
11	0.00607	0.00447	0.00653	0.00682	0.00775	0.00442	0.05128	0.00768	0.00831	0.01102	0.05904	0.03668	0.01998	0.09823	0.00639	0.00182	0.00346	0.62504	0.03161	0.00339
12	0.00992	0.87178	0.01945	0.00635	0.00953	0.01469	0.00635	0.01111	0.00754	0.00873	0.00516	0.00595	0.00476	0.00318	0.00238	0.00079	0.00397	0.00198	0.00159	0.00476
13	0.00765	0.00725	0.01229	0.61360	0.26758	0.00842	0.01063	0.01005	0.00773	0.01026	0.00671	0.00969	0.00522	0.00359	0.00370	0.00120	0.00479	0.00330	0.00170	0.00464
14	0.00654	0.00547	0.05439	0.00576	0.00679	0.01751	0.01746	0.09197	0.00830	0.04094	0.05801	0.39621	0.06914	0.19507	0.00752	0.00184	0.00299	0.00742	0.00313	0.00353
15	0.00540	0.00360	0.00405	0.00405	0.00405	0.00360	0.00225	0.00540	0.00540	0.00720	0.01170	0.02429	0.01349	0.86955	0.01889	0.00360	0.00360	0.00540	0.00225	0.00225
16	0.00558	0.00399	0.00550	0.00623	0.00695	0.00391	0.00515	0.00705	0.00842	0.01113	0.10496	0.22755	0.02349	0.01029	0.00496	0.00161	0.00296	0.55345	0.00349	0.00334
17	0.00656	0.00555	0.00605	0.05553	0.00804	0.10097	0.00506	0.00780	0.00830	0.03132	0.06531	0.31686	0.07192	0.00957	0.02370	0.00154	0.00337	0.25176	0.01732	0.00348
18	0.00819	0.00916	0.09946	0.36272	0.38311	0.02747	0.01100	0.01066	0.00793	0.01085	0.00670	0.00925	0.00532	0.00360	0.00391	0.00118	0.02948	0.00322	0.00173	0.00503
19	0.00804	0.21078	0.52506	0.00922	0.01355	0.00970	0.03316	0.03739	0.00791	0.01112	0.00675	0.00820	0.00527	0.00598	0.09116	0.00158	0.00558	0.00276	0.00169	0.00511
20	0.00544	0.00375	0.00470	0.00507	0.00537	0.00374	0.00357	0.00607	0.00658	0.00871	0.01525	0.14928	0.01729	0.47555	0.03132	0.00280	0.00348	0.24655	0.00276	0.00273
21	0.00774	0.02241	0.00791	0.00551	0.00881	0.00513	0.00443	0.00938	0.00769	0.01203	0.00657	0.00767	0.00548	0.00276	0.00274	0.00055	0.00277	0.00220	0.00219	0.87602
22	0.00934	0.00958	0.09001	0.14505	0.53714	0.03127	0.02800	0.02908	0.01621	0.05796	0.00741	0.00935	0.00584	0.00351	0.00368	0.00113	0.00460	0.00328	0.00200	0.00555
23	0.00540	0.00384	0.00474	0.00457	0.00541	0.00355	0.00331	0.00683	0.02187	0.03197	0.51227	0.09553	0.16077	0.11614	0.00620	0.00151	0.00209	0.00693	0.00371	0.00335
24	0.00612	0.02651	0.00563	0.00492	0.00632	0.00490	0.00380	0.09247	0.07109	0.01281	0.20849	0.06350	0.45413	0.00808	0.00432	0.00122	0.01155	0.00677	0.00357	0.00379
25	0.01024	0.39591	0.23826	0.00875	0.03637	0.07832	0.03254	0.11036	0.00921	0.03918	0.00649	0.00730	0.00514	0.00352	0.00306	0.00098	0.00465	0.00255	0.00198	0.00520
26	0.00682	0.00622	0.00872	0.00789	0.00809	0.00821	0.00632	0.00770	0.00588	0.00879	0.00828	0.09959	0.00865	0.07231	0.23199	0.00288	0.49173	0.00434	0.00195	0.00363
27	0.00456	0.00326	0.00436	0.00522	0.00545	0.00305	0.00352	0.00524	0.00715	0.00952	0.02044	0.84339	0.02446	0.01159	0.00475	0.00151	0.00219	0.03388	0.00344	0.00303
28	0.00844	0.00743	0.00921	0.00797	0.00860	0.02403	0.00632	0.12144	0.08031	0.01110	0.00823	0.01318	0.00799	0.21322	0.01162	0.00199	0.43422	0.01832	0.00228	0.00408
29	0.00569	0.00454	0.00670	0.00648	0.00705	0.00556	0.00511	0.00694	0.00593	0.00866	0.00925	0.01370	0.00868	0.02493	0.74012	0.00537	0.12605	0.00388	0.00194	0.00342
30	0.00723	0.00683	0.01154	0.77415	0.11029	0.00831	0.01042	0.00968	0.00753	0.00976	0.00664	0.00982	0.00504	0.00367	0.00371	0.00122	0.00489	0.00330	0.00167	0.00430
31	0.00511	0.00447	0.00493	0.00489	0.00592	0.04327	0.02860	0.00615	0.00847	0.01052	0.13577	0.25720	0.45261	0.00931	0.00443	0.00130	0.00230	0.00806	0.00341	0.00326
32	0.00459	0.00372	0.00408	0.00414	0.00520	0.00321	0.00307	0.00566	0.00869	0.01089	0.18557	0.12803	0.58792	0.00933	0.00444	0.00127	0.00191	0.02152	0.00357	0.00319
33	0.00992	0.87178	0.01945	0.00635	0.00953	0.01469	0.00635	0.01111	0.00754	0.00873	0.00516	0.00595	0.00476	0.00318	0.00238	0.00079	0.00397	0.00198	0.00159	0.00476
34	0.00525	0.00379	0.00496	0.00467	0.00555	0.00350	0.00350	0.00700	0.01051	0.01488	0.84444	0.02773	0.03502	0.00759	0.00438	0.00117	0.00175	0.00671	0.00409	0.00350
35	0.01361	0.01015	0.01086	0.00844	0.01132	0.01128	0.00693	0.74997	0.10232	0.02258	0.00955	0.00942	0.00683	0.00452	0.00372	0.00113	0.00397	0.00343	0.00372	0.00627
36	0.10369	0.00910	0.00956	0.00776	0.01038	0.01016	0.00629	0.45132	0.27635	0.06056	0.01077	0.01036	0.00781	0.00454	0.00359	0.00117	0.00355	0.00349	0.00363	0.00594
37	0.00454	0.00364	0.00391	0.00407	0.00498	0.00317	0.00288	0.00533	0.00789	0.00968	0.04360	0.19137	0.58359	0.10716	0.00610	0.00157	0.00212	0.00805	0.00332	0.00302
38	0.00713	0.00520	0.00717	0.01663	0.08651	0.00530	0.00616	0.06532	0.03704	0.03941	0.01686	0.11826	0.01775	0.03926	0.02439	0.00171	0.00357	0.49513	0.00325	0.00395
39	0.00744	0.01920	0.85032	0.01058	0.01607	0.00862	0.01371	0.01176	0.00784	0.01176	0.00666	0.00784	0.00470	0.00353	0.00353	0.00118	0.00549	0.00274	0.00157	0.00549
40	0.00538	0.00380	0.00469	0.00465	0.00541	0.00352	0.00334	0.00665	0.01956	0.03282	0.39959	0.16346	0.15879	0.14182	0.00668	0.00163	0.00222	0.02915	0.00359	0.00327
41	0.27105	0.00705	0.00772	0.00751	0.09446	0.00751	0.00539	0.19278	0.00997	0.13263	0.00938	0.01051	0.00707	0.00418	0.00309	0.00109	0.00310	0.02349	0.19712	0.00490
42	0.00849	0.00651	0.01032	0.27734	0.20569	0.01563	0.03039	0.01026	0.00776	0.12411	0.00932	0.03997	0.00801	0.09089	0.10488	0.01183	0.01426	0.01756	0.00229	0.00450
43	0.00701	0.00660	0.01113	0.86063	0.02556	0.00825	0.01031	0.00948	0.00742	0.00948	0.00660	0.00990	0.00495	0.00371	0.00371	0.00124	0.00495	0.00330	0.00165	0.00412
44	0.00798	0.00748	0.01011	0.03072	0.00951	0.00996	0.00721	0.02791	0.09235	0.01019	0.06219	0.01086	0.00799	0.04302	0.01075	0.03010	0.61180	0.00367	0.00208	0.00411
45	0.01349	0.01579	0.01086	0.01072	0.09748	0.69201	0.00750	0.01461	0.01023	0.07022	0.00650	0.00740	0.00522	0.00387	0.00355	0.00100	0.02025	0.00260	0.00209	0.00461
46	0.00813	0.00698	0.00778	0.00586	0.00882	0.03452	0.00464	0.03510	0.06165	0.02116	0.00755	0.00887	0.00628	0.02424	0.04490	0.00097	0.00331	0.00255	0.00235	0.70432
47	0.02653	0.11473	0.21729	0.03531	0.14920	0.02821	0.06534	0.03661	0.06296	0.11140	0.00873	0.02411	0.00687	0.00397	0.00351	0.00110	0.00434	0.02831	0.00236	0.06914
48	0.00476	0.00343	0.00453	0.00526	0.00565	0.00322	0.00373	0.00562	0.00756	0.01004	0.07483	0.65190	0.06865	0.02143	0.00492	0.00152	0.00229	0.11407	0.00347	0.00310
49	0.00898	0.00640	0.01518	0.03511	0.03090	0.03044	0.04215	0.05315	0.01674	0.16739	0.02317	0.12585	0.04292	0.04940	0.00635	0.00152	0.14520	0.19173	0.00309	0.00432
50	0.01056	0.04853	0.06402	0.06546	0.25241	0.07261	0.01782	0.20149	0.01075	0.09034	0.01144	0.01275	0.09305	0.00459	0.00372	0.00113	0.00421	0.02708	0.00270	0.00535
51	0.05897	0.00568	0.00754	0.03542	0.09985	0.03240	0.05799	0.03101	0.01852	0.03997	0.19200	0.13254	0.11185	0.03237	0.01614	0.01101	0.00307	0.02545	0.08425	0.00396

[dist]
# distance from previous block
# <min> <max>
0	2

[block]
# block no. 5 follows, 74 sequences, length 27
# corresponding to MSA columns:
# 359-385
name=unknown_F
#
# <colnr> <probs for GDERKNQSTAVLIFYWHMCP>
#	G	D	E	R	K	N	Q	S	T	A	V	L	I	F	Y	W	H	M	C	P
0	0.02728	0.01833	0.04982	0.21729	0.30237	0.02328	0.02028	0.06322	0.00853	0.05282	0.00756	0.00971	0.00602	0.00596	0.08872	0.00157	0.00494	0.00322	0.00209	0.08699
1	0.00906	0.00864	0.01446	0.02135	0.77711	0.00850	0.01081	0.01122	0.00839	0.01212	0.00695	0.00906	0.00585	0.00326	0.00360	0.00106	0.00427	0.00322	0.00187	0.07920
2	0.00796	0.02326	0.09363	0.11566	0.34285	0.02041	0.04466	0.02805	0.05459	0.01215	0.11085	0.02444	0.08305	0.00469	0.00396	0.00117	0.01708	0.00421	0.00236	0.00497
3	0.26224	0.03001	0.01661	0.00800	0.05870	0.03382	0.05465	0.18556	0.06535	0.09828	0.00909	0.03590	0.00720	0.00624	0.07381	0.00155	0.00415	0.01355	0.03036	0.00495
4	0.01440	0.10673	0.02576	0.00732	0.01015	0.06375	0.02605	0.13171	0.03735	0.49456	0.01203	0.03573	0.00833	0.00453	0.00359	0.00111	0.00370	0.00360	0.00377	0.00585
5	0.00812	0.00812	0.01137	0.00975	0.00975	0.01137	0.00812	0.00893	0.00568	0.00893	0.00487	0.00812	0.00487	0.00650	0.01218	0.00162	0.86276	0.00325	0.00162	0.00406
6	0.00926	0.00820	0.00879	0.09300	0.01134	0.03602	0.00639	0.03586	0.71261	0.01489	0.01383	0.01312	0.01038	0.00485	0.00376	0.00124	0.00328	0.00403	0.00350	0.00566
7	0.01656	0.00646	0.00870	0.00667	0.00955	0.00567	0.00551	0.04747	0.01087	0.81924	0.01444	0.01250	0.00908	0.00459	0.00373	0.00115	0.00319	0.00372	0.00456	0.00632
8	0.00833	0.00792	0.01345	0.30700	0.54182	0.00850	0.01082	0.01060	0.00803	0.01112	0.00694	0.00959	0.00567	0.00419	0.02966	0.00130	0.00476	0.00332	0.00178	0.00520
9	0.01394	0.06301	0.03145	0.00880	0.04649	0.03155	0.02686	0.49808	0.01425	0.21342	0.00977	0.00955	0.00677	0.00429	0.00364	0.00110	0.00403	0.00333	0.00357	0.00610
10	0.00992	0.87178	0.01945	0.00635	0.00953	0.01469	0.00635	0.01111	0.00754	0.00873	0.00516	0.00595	0.00476	0.00318	0.00238	0.00079	0.00397	0.00198	0.00159	0.00476
11	0.00447	0.00376	0.00388	0.00385	0.00507	0.00317	0.00289	0.00549	0.00867	0.01051	0.11833	0.03492	0.76386	0.00922	0.00439	0.00124	0.00187	0.00772	0.00351	0.00317
12	0.00588	0.00502	0.04319	0.00654	0.03251	0.00447	0.02566	0.08879	0.00830	0.01114	0.01832	0.66677	0.03903	0.01002	0.00454	0.00143	0.00268	0.01882	0.00330	0.00360
13	0.00779	0.12527	0.67672	0.05324	0.04261	0.00937	0.01254	0.01155	0.00780	0.01127	0.00648	0.00775	0.00476	0.00348	0.00340	0.00113	0.00523	0.00269	0.00158	0.00534
14	0.01411	0.01040	0.01114	0.00854	0.01151	0.01151	0.00706	0.83402	0.01745	0.02339	0.00891	0.00891	0.00631	0.00446	0.00371	0.00111	0.00408	0.00334	0.00371	0.00631
15	0.00440	0.00370	0.00382	0.00393	0.00506	0.00312	0.00289	0.00531	0.00830	0.00996	0.03558	0.13384	0.74808	0.00966	0.00443	0.00128	0.00191	0.00815	0.00345	0.00312
16	0.03898	0.03581	0.15020	0.09478	0.03677	0.13990	0.11982	0.02235	0.00930	0.28471	0.00944	0.02621	0.00674	0.00403	0.00366	0.00114	0.00473	0.00342	0.00275	0.00528
17	0.00804	0.06137	0.10849	0.01251	0.01578	0.00862	0.52263	0.01084	0.00862	0.01180	0.09198	0.04062	0.00981	0.00434	0.00441	0.00125	0.02641	0.04559	0.00217	0.00473
18	0.00590	0.00366	0.00493	0.00550	0.00606	0.00340	0.00394	0.00675	0.00762	0.09366	0.01978	0.68721	0.02265	0.01077	0.00468	0.00149	0.00240	0.10264	0.00356	0.00339
19	0.00870	0.00872	0.05532	0.23242	0.45287	0.00853	0.09925	0.02167	0.00842	0.03679	0.02711	0.00993	0.00636	0.00356	0.00377	0.00116	0.00469	0.00349	0.00194	0.00528
20	0.00696	0.00479	0.00547	0.00537	0.00565	0.08862	0.00370	0.00610	0.00559	0.00704	0.00725	0.01235	0.00723	0.08848	0.11412	0.61956	0.00441	0.00342	0.00174	0.00214
21	0.00530	0.00386	0.00547	0.00550	0.00599	0.00435	0.00405	0.00630	0.00587	0.00832	0.01070	0.04586	0.01077	0.22032	0.63415	0.00527	0.00822	0.00453	0.00210	0.00306
22	0.00754	0.00767	0.04700	0.34793	0.15556	0.01884	0.13002	0.01019	0.03956	0.01071	0.02756	0.01300	0.00773	0.00646	0.07992	0.01521	0.00525	0.06333	0.00201	0.00449
23	0.06230	0.36009	0.10599	0.00915	0.07700	0.05066	0.08697	0.01172	0.06241	0.03272	0.00710	0.00843	0.00589	0.00593	0.08837	0.00150	0.01414	0.00283	0.00195	0.00485
24	0.01002	0.01094	0.00989	0.00878	0.00973	0.32042	0.00692	0.01145	0.05104	0.02570	0.04672	0.00999	0.00734	0.04105	0.06511	0.00170	0.35371	0.00329	0.00207	0.00414
25	0.00536	0.00388	0.00562	0.00559	0.00618	0.00435	0.00422	0.00646	0.00631	0.00900	0.09344	0.01669	0.01213	0.10784	0.64640	0.04865	0.00817	0.00435	0.00221	0.00314
26	0.00489	0.00340	0.00426	0.00481	0.00496	0.00327	0.00308	0.00533	0.00652	0.00869	0.01722	0.53308	0.02040	0.32635	0.00994	0.00228	0.00272	0.03305	0.00301	0.00275

[dist]
# distance from previous block
# <min> <max>
0	106

# created by:
# /st0/software/busco_prod/Augustus/scripts/msa2prfl.pl ./align_prep/31512.fa
