[name]
unknown

[dist]
# distance from previous block
# <min> <max>
6	155

[block]
# block no. 0 follows, 68 sequences, length 13
# corresponding to MSA columns:
# 165-177
name=unknown_A
#
# <colnr> <probs for GDERKNQSTAVLIFYWHMCP>
#	G	D	E	R	K	N	Q	S	T	A	V	L	I	F	Y	W	H	M	C	P
0	0.02013	0.07908	0.08605	0.04914	0.13977	0.00870	0.09074	0.10622	0.04961	0.09294	0.04200	0.07189	0.02259	0.02663	0.03818	0.00148	0.01446	0.00434	0.00281	0.05326
1	0.01012	0.02702	0.20631	0.03424	0.11402	0.07502	0.05644	0.10109	0.03894	0.07175	0.04177	0.05848	0.00900	0.00477	0.00405	0.00119	0.01723	0.02337	0.00266	0.10254
2	0.02779	0.04248	0.05124	0.09270	0.18283	0.06684	0.05191	0.11450	0.05474	0.04364	0.03801	0.04678	0.04154	0.00504	0.01706	0.00123	0.00444	0.00399	0.00268	0.11055
3	0.08158	0.03689	0.03203	0.02249	0.19610	0.03722	0.12187	0.04014	0.12982	0.02922	0.01103	0.08620	0.03304	0.00507	0.00435	0.00125	0.04296	0.01491	0.00267	0.07116
4	0.00894	0.00764	0.00916	0.04860	0.09641	0.08198	0.03441	0.03746	0.03582	0.06451	0.14171	0.05508	0.05140	0.04732	0.02788	0.00134	0.00384	0.00452	0.00295	0.23902
5	0.00684	0.00512	0.00654	0.00680	0.06809	0.00531	0.00428	0.05699	0.00713	0.00988	0.01130	0.04431	0.01204	0.48922	0.16399	0.00360	0.03107	0.00506	0.00243	0.06001
6	0.16464	0.07447	0.04903	0.04663	0.16656	0.12474	0.05108	0.07850	0.03459	0.04668	0.04072	0.00958	0.00708	0.00436	0.00445	0.00122	0.08473	0.00327	0.00244	0.00524
7	0.00741	0.00637	0.06817	0.00758	0.06945	0.00581	0.00555	0.07839	0.00794	0.04398	0.01240	0.03833	0.04731	0.28250	0.29737	0.00382	0.00629	0.00486	0.00254	0.00395
8	0.76898	0.00759	0.00609	0.00539	0.00770	0.00873	0.00435	0.06099	0.00740	0.01748	0.00629	0.00809	0.00520	0.06788	0.00387	0.00142	0.00320	0.00251	0.00254	0.00430
9	0.04623	0.02468	0.09722	0.06973	0.11514	0.15489	0.07901	0.14279	0.06888	0.04680	0.06182	0.04279	0.00912	0.00467	0.00393	0.00121	0.00487	0.00392	0.00276	0.01955
10	0.02943	0.00520	0.00586	0.00581	0.00624	0.05599	0.00405	0.00710	0.00657	0.00896	0.01224	0.13359	0.01335	0.37675	0.26095	0.00393	0.05275	0.00565	0.00244	0.00314
11	0.23493	0.00873	0.02428	0.00801	0.04356	0.00890	0.02093	0.25827	0.01134	0.10793	0.02360	0.00946	0.00684	0.00491	0.02694	0.00126	0.03225	0.00313	0.00312	0.16160
12	0.34951	0.00814	0.00962	0.00825	0.04305	0.03810	0.11501	0.11154	0.00986	0.04812	0.15347	0.04042	0.01177	0.00487	0.00359	0.00122	0.00370	0.00400	0.00301	0.03275

[dist]
# distance from previous block
# <min> <max>
0	6

[block]
# block no. 1 follows, 68 sequences, length 6
# corresponding to MSA columns:
# 184-189
name=unknown_B
#
# <colnr> <probs for GDERKNQSTAVLIFYWHMCP>
#	G	D	E	R	K	N	Q	S	T	A	V	L	I	F	Y	W	H	M	C	P
0	0.00512	0.00384	0.00538	0.09603	0.00806	0.00382	0.00447	0.00601	0.00763	0.01012	0.02027	0.76736	0.02398	0.01152	0.00494	0.00158	0.00262	0.01044	0.00348	0.00335
1	0.00920	0.03153	0.04253	0.03413	0.32291	0.02729	0.05059	0.04499	0.04718	0.03979	0.01051	0.12973	0.02458	0.00633	0.02769	0.00148	0.13706	0.00476	0.00246	0.00528
2	0.03873	0.05777	0.20906	0.03473	0.11572	0.12541	0.05419	0.02825	0.05578	0.01282	0.11370	0.07991	0.03032	0.00522	0.00395	0.00122	0.00463	0.00441	0.00255	0.02164
3	0.05681	0.06249	0.12975	0.02235	0.02837	0.11442	0.00662	0.02429	0.02771	0.01221	0.04748	0.02881	0.08728	0.05276	0.00464	0.01666	0.00401	0.00372	0.00246	0.26715
4	0.05764	0.17293	0.18739	0.03919	0.13209	0.08208	0.03198	0.05614	0.07503	0.04845	0.03003	0.03696	0.00764	0.00429	0.00359	0.00115	0.00467	0.00343	0.00240	0.02292
5	0.05973	0.07963	0.13452	0.03888	0.14172	0.07520	0.00837	0.12471	0.05357	0.05937	0.00996	0.04673	0.03087	0.04254	0.01812	0.00137	0.01905	0.00377	0.00263	0.04926

[dist]
# distance from previous block
# <min> <max>
1	8

[block]
# block no. 2 follows, 68 sequences, length 28
# corresponding to MSA columns:
# 200-227
name=unknown_C
#
# <colnr> <probs for GDERKNQSTAVLIFYWHMCP>
#	G	D	E	R	K	N	Q	S	T	A	V	L	I	F	Y	W	H	M	C	P
0	0.05714	0.03366	0.08609	0.02063	0.08216	0.05344	0.05049	0.14655	0.07142	0.11774	0.03140	0.08284	0.02737	0.00541	0.00464	0.00127	0.06948	0.01232	0.00307	0.04290
1	0.14581	0.03442	0.05363	0.12300	0.12752	0.13081	0.02046	0.17200	0.03202	0.07408	0.00867	0.04500	0.00691	0.00446	0.00368	0.00121	0.00466	0.00352	0.00273	0.00541
2	0.04821	0.00467	0.00580	0.00582	0.00683	0.00453	0.01871	0.03874	0.04888	0.06492	0.13181	0.46823	0.11789	0.00987	0.00468	0.00145	0.00251	0.00874	0.00379	0.00390
3	0.00590	0.00536	0.05724	0.00565	0.01887	0.00434	0.00449	0.02783	0.02734	0.02760	0.27326	0.17953	0.31188	0.00948	0.02184	0.00145	0.00258	0.00775	0.00374	0.00386
4	0.05707	0.12582	0.13830	0.01152	0.12846	0.07747	0.06829	0.21740	0.05500	0.07086	0.00851	0.00925	0.00638	0.00409	0.00369	0.00116	0.00481	0.00328	0.00273	0.00590
5	0.00997	0.00966	0.01573	0.08310	0.62518	0.03609	0.07164	0.04741	0.02303	0.01320	0.00765	0.00989	0.00626	0.00364	0.00396	0.00119	0.00490	0.00358	0.00208	0.02185
6	0.00479	0.00399	0.00418	0.00420	0.00544	0.00338	0.00312	0.00587	0.00919	0.01122	0.12227	0.08041	0.70839	0.00996	0.00470	0.00134	0.00201	0.00840	0.00375	0.00338
7	0.01118	0.15806	0.03806	0.00889	0.04585	0.05679	0.00716	0.13205	0.38669	0.05191	0.02513	0.01171	0.00934	0.00483	0.00406	0.00122	0.03409	0.00373	0.00331	0.00594
8	0.01215	0.26764	0.10452	0.00945	0.03305	0.14001	0.04275	0.25250	0.07514	0.01515	0.00794	0.00855	0.00618	0.00410	0.00349	0.00109	0.00493	0.00303	0.00262	0.00572
9	0.00580	0.00383	0.00435	0.00435	0.00435	0.00383	0.00243	0.00575	0.00575	0.00766	0.01232	0.02551	0.01418	0.83430	0.02003	0.03125	0.00383	0.00569	0.00238	0.00238
10	0.01058	0.31188	0.22853	0.02438	0.11489	0.11088	0.00967	0.04640	0.00911	0.04380	0.00692	0.00814	0.00558	0.00437	0.02088	0.00119	0.03257	0.00280	0.00200	0.00544
11	0.01106	0.03650	0.22178	0.01236	0.01642	0.00999	0.32688	0.16367	0.01092	0.11022	0.00879	0.01004	0.00629	0.00401	0.00445	0.00128	0.03304	0.00385	0.00261	0.00586
12	0.00483	0.00345	0.00460	0.00552	0.00575	0.00322	0.00368	0.00552	0.00759	0.01012	0.02185	0.85807	0.02622	0.01242	0.00506	0.00161	0.00230	0.01127	0.00368	0.00322
13	0.00913	0.00870	0.01478	0.21687	0.62336	0.00910	0.01166	0.01150	0.00873	0.01221	0.00777	0.03424	0.00662	0.00389	0.00397	0.00122	0.00478	0.00375	0.00196	0.00575
14	0.00480	0.00379	0.00433	0.00468	0.00555	0.00332	0.00333	0.00573	0.00859	0.01080	0.08200	0.36667	0.46063	0.01088	0.00484	0.00144	0.00212	0.00946	0.00372	0.00332
15	0.00742	0.03138	0.02299	0.00672	0.00737	0.03330	0.00467	0.00774	0.00858	0.01148	0.06562	0.48654	0.02285	0.21092	0.03192	0.00248	0.00377	0.02641	0.00374	0.00410
16	0.00846	0.00749	0.03625	0.00609	0.00968	0.00543	0.00506	0.01031	0.00831	0.03392	0.00727	0.00836	0.00594	0.00301	0.00299	0.00063	0.00305	0.00241	0.00239	0.83297
17	0.03587	0.11839	0.23610	0.00882	0.02093	0.04245	0.03598	0.09408	0.16950	0.03003	0.07863	0.02396	0.03147	0.00475	0.00375	0.00118	0.00428	0.00382	0.00282	0.05321
18	0.00566	0.00416	0.00531	0.00500	0.00599	0.00387	0.00376	0.00770	0.03116	0.01558	0.76222	0.02981	0.08853	0.00816	0.00466	0.00126	0.00191	0.00718	0.00431	0.00378
19	0.00793	0.00703	0.01178	0.81522	0.02658	0.00868	0.01079	0.01052	0.00807	0.04538	0.00741	0.01070	0.00548	0.00400	0.00397	0.00132	0.00520	0.00354	0.00190	0.00450
20	0.01153	0.17605	0.18714	0.02611	0.03658	0.13931	0.04056	0.09465	0.09297	0.10437	0.03597	0.01000	0.00761	0.00430	0.00377	0.00115	0.01633	0.00330	0.00267	0.00562
21	0.04126	0.00698	0.00913	0.00765	0.04072	0.00657	0.00597	0.09632	0.02304	0.56303	0.11166	0.01467	0.01247	0.00579	0.02332	0.00135	0.01517	0.00426	0.00445	0.00619
22	0.00639	0.00448	0.00573	0.00600	0.00700	0.00428	0.00475	0.04210	0.00963	0.04248	0.17723	0.23129	0.15048	0.01014	0.00499	0.00154	0.00276	0.28111	0.00386	0.00376
23	0.00681	0.00648	0.04402	0.03144	0.16084	0.00582	0.05696	0.03378	0.01830	0.01243	0.11990	0.10629	0.26601	0.00862	0.03680	0.00155	0.00361	0.07284	0.00316	0.00435
24	0.06133	0.06612	0.19582	0.02504	0.25963	0.08456	0.11164	0.06564	0.04705	0.03470	0.00784	0.00927	0.00605	0.00381	0.00379	0.00119	0.00518	0.00334	0.00222	0.00575
25	0.00752	0.03700	0.32563	0.04107	0.03113	0.01841	0.04813	0.03448	0.00932	0.03377	0.12167	0.05806	0.18007	0.00626	0.00421	0.00129	0.00418	0.03020	0.00277	0.00482
26	0.00526	0.00406	0.00436	0.00437	0.00562	0.00345	0.00324	0.00630	0.00909	0.04273	0.08562	0.13200	0.66002	0.01000	0.00470	0.00136	0.00209	0.00846	0.00377	0.00349
27	0.01088	0.00837	0.02326	0.10337	0.34791	0.00849	0.00903	0.14811	0.02527	0.13018	0.02590	0.06943	0.00918	0.03796	0.02384	0.00146	0.00440	0.00431	0.00291	0.00575

[dist]
# distance from previous block
# <min> <max>
4	33

[block]
# block no. 3 follows, 68 sequences, length 19
# corresponding to MSA columns:
# 261-279
name=unknown_D
#
# <colnr> <probs for GDERKNQSTAVLIFYWHMCP>
#	G	D	E	R	K	N	Q	S	T	A	V	L	I	F	Y	W	H	M	C	P
0	0.00908	0.15102	0.14683	0.00892	0.05500	0.06110	0.02945	0.10100	0.05142	0.01318	0.09227	0.04866	0.10669	0.00642	0.03144	0.00137	0.05798	0.00445	0.00271	0.02101
1	0.00529	0.00437	0.00501	0.00533	0.03795	0.00388	0.00371	0.00677	0.03542	0.01167	0.14408	0.15092	0.52988	0.00953	0.00464	0.00134	0.00220	0.00815	0.00369	0.02617
2	0.00907	0.00857	0.02830	0.22039	0.41514	0.01942	0.03001	0.02423	0.06428	0.03181	0.05125	0.01270	0.04716	0.00440	0.00415	0.00125	0.01600	0.00402	0.00235	0.00550
3	0.00822	0.00705	0.00822	0.00587	0.00940	0.00529	0.00470	0.00998	0.00822	0.01292	0.00705	0.00822	0.00587	0.00294	0.00294	0.00059	0.00294	0.00235	0.00235	0.88490
4	0.01228	0.00966	0.01029	0.00852	0.01117	0.01089	0.00683	0.41170	0.41381	0.02053	0.01305	0.03257	0.00983	0.00525	0.00403	0.00128	0.00372	0.00420	0.00399	0.00643
5	0.00905	0.00772	0.03136	0.00623	0.00967	0.03351	0.00513	0.01085	0.00863	0.07139	0.02884	0.00911	0.00691	0.00327	0.00310	0.00068	0.00316	0.00261	0.00255	0.74622
6	0.00490	0.00403	0.00432	0.00424	0.00549	0.00344	0.00318	0.00611	0.00955	0.01192	0.22585	0.03616	0.64787	0.00959	0.00468	0.00132	0.00198	0.00809	0.00384	0.00344
7	0.00936	0.01070	0.02340	0.01671	0.02072	0.01003	0.82152	0.01270	0.00936	0.01270	0.00802	0.01070	0.00602	0.00334	0.00468	0.00134	0.00668	0.00468	0.00201	0.00535
8	0.00775	0.00545	0.00641	0.00619	0.03493	0.00529	0.00454	0.01117	0.17797	0.11344	0.23651	0.04931	0.30979	0.00781	0.00445	0.00130	0.00247	0.00665	0.00402	0.00456
9	0.02844	0.00690	0.03658	0.00701	0.00944	0.00616	0.02713	0.07632	0.07061	0.40367	0.06098	0.13982	0.09616	0.00661	0.00424	0.00130	0.00323	0.00561	0.00421	0.00558
10	0.01473	0.00704	0.00883	0.00706	0.00971	0.00675	0.00573	0.10708	0.11711	0.52036	0.10340	0.01502	0.01277	0.00529	0.00402	0.00123	0.00323	0.00434	0.04008	0.00624
11	0.00531	0.00427	0.00455	0.00448	0.00581	0.00375	0.00339	0.00688	0.04423	0.02667	0.13480	0.04881	0.65236	0.00958	0.00467	0.00134	0.00211	0.02961	0.00380	0.00359
12	0.00901	0.00891	0.01606	0.14279	0.44128	0.00923	0.18326	0.01144	0.00858	0.01200	0.00769	0.01076	0.00641	0.02765	0.04515	0.00158	0.04692	0.00387	0.00195	0.00548
13	0.00905	0.00872	0.02331	0.10541	0.40099	0.04222	0.04821	0.04710	0.06404	0.01305	0.04835	0.02520	0.10529	0.00494	0.00429	0.00124	0.02406	0.00443	0.01468	0.00541
14	0.00527	0.00411	0.00482	0.00518	0.00613	0.00378	0.00391	0.00671	0.03719	0.01117	0.07204	0.25775	0.39257	0.02712	0.00520	0.00154	0.00244	0.14592	0.00370	0.00347
15	0.06636	0.01205	0.01135	0.00934	0.01195	0.26961	0.07640	0.25579	0.03378	0.13149	0.01007	0.04503	0.00800	0.00495	0.00392	0.00120	0.00507	0.03488	0.00322	0.00553
16	0.07000	0.02062	0.03812	0.13524	0.32328	0.03954	0.16436	0.07669	0.00968	0.06097	0.00790	0.00985	0.00609	0.00382	0.00407	0.00124	0.01698	0.00361	0.00229	0.00565
17	0.00998	0.01947	0.01066	0.04476	0.14944	0.06313	0.00748	0.12204	0.25247	0.01469	0.01191	0.04527	0.03708	0.00608	0.03509	0.00142	0.06431	0.01304	0.00301	0.08866
18	0.00634	0.00541	0.00825	0.35459	0.04339	0.00589	0.00705	0.00797	0.00786	0.01044	0.01459	0.40032	0.03319	0.00789	0.00441	0.00140	0.00365	0.00710	0.00273	0.06752

[dist]
# distance from previous block
# <min> <max>
2	36

[block]
# block no. 4 follows, 68 sequences, length 34
# corresponding to MSA columns:
# 316-349
name=unknown_E
#
# <colnr> <probs for GDERKNQSTAVLIFYWHMCP>
#	G	D	E	R	K	N	Q	S	T	A	V	L	I	F	Y	W	H	M	C	P
0	0.04100	0.03790	0.09719	0.03131	0.20518	0.12680	0.07030	0.02381	0.00916	0.03007	0.02334	0.00942	0.01484	0.00366	0.00356	0.00100	0.00463	0.00311	0.00222	0.26150
1	0.00941	0.04185	0.10313	0.06466	0.40887	0.04525	0.09180	0.03726	0.00910	0.02695	0.00940	0.05018	0.03129	0.04800	0.00483	0.00135	0.00489	0.00411	0.00218	0.00552
2	0.00565	0.00425	0.00559	0.01934	0.00684	0.00423	0.02135	0.00753	0.09177	0.01084	0.01991	0.64064	0.02280	0.06623	0.00588	0.00171	0.00266	0.03707	0.02214	0.00357
3	0.00981	0.01019	0.01808	0.08697	0.35650	0.04814	0.32643	0.03996	0.00939	0.01276	0.00757	0.01004	0.00602	0.00369	0.00454	0.00127	0.03704	0.00393	0.00203	0.00563
4	0.00681	0.00535	0.00626	0.00571	0.00713	0.00533	0.00436	0.05002	0.15468	0.01521	0.44360	0.05801	0.15609	0.00768	0.00457	0.00127	0.01260	0.00660	0.00403	0.04470
5	0.00710	0.00613	0.00743	0.03282	0.00761	0.04741	0.00511	0.00784	0.01696	0.00873	0.00976	0.01801	0.01040	0.41452	0.14791	0.00342	0.23872	0.00465	0.00216	0.00333
6	0.01045	0.00702	0.00805	0.00722	0.00928	0.00748	0.00566	0.01714	0.45210	0.19202	0.05466	0.08630	0.06471	0.00658	0.00426	0.00136	0.00303	0.05283	0.00416	0.00568
7	0.00496	0.00387	0.00452	0.00476	0.00567	0.00342	0.00346	0.00607	0.00904	0.01160	0.19286	0.28358	0.40809	0.01040	0.00482	0.00142	0.00212	0.03213	0.00382	0.00340
8	0.01772	0.00687	0.00928	0.00711	0.01018	0.00600	0.00587	0.04127	0.01155	0.81644	0.01547	0.01339	0.00973	0.00490	0.00399	0.00123	0.00340	0.00398	0.00488	0.00675
9	0.05776	0.00679	0.00905	0.00697	0.01001	0.00597	0.00576	0.01897	0.01114	0.80100	0.01518	0.01317	0.00956	0.00485	0.00392	0.00123	0.00336	0.00390	0.00479	0.00664
10	0.00820	0.09779	0.76496	0.01089	0.01652	0.00980	0.01393	0.01249	0.00834	0.01226	0.00697	0.00819	0.00503	0.00373	0.00365	0.00122	0.00571	0.00286	0.00168	0.00579
11	0.00986	0.00852	0.00897	0.00807	0.01031	0.00986	0.00628	0.02107	0.82876	0.01659	0.01614	0.01479	0.01210	0.00538	0.00403	0.00134	0.00314	0.00448	0.00403	0.00628
12	0.88866	0.00767	0.00583	0.00521	0.00767	0.00889	0.00429	0.01166	0.00675	0.01779	0.00552	0.00644	0.00429	0.00368	0.00245	0.00123	0.00307	0.00215	0.00245	0.00429
13	0.01489	0.01101	0.01180	0.00909	0.01223	0.01221	0.00749	0.79448	0.04716	0.02469	0.00975	0.00970	0.00693	0.00478	0.00397	0.00120	0.00432	0.00360	0.00397	0.00673
14	0.88866	0.00767	0.00583	0.00521	0.00767	0.00889	0.00429	0.01166	0.00675	0.01779	0.00552	0.00644	0.00429	0.00368	0.00245	0.00123	0.00307	0.00215	0.00245	0.00429
15	0.00981	0.00942	0.01609	0.02434	0.83592	0.00942	0.01217	0.01217	0.00903	0.01295	0.00746	0.00981	0.00628	0.00353	0.00393	0.00118	0.00471	0.00353	0.00196	0.00628
16	0.00986	0.00852	0.00897	0.00807	0.01031	0.00986	0.00628	0.02107	0.82876	0.01659	0.01614	0.01479	0.01210	0.00538	0.00403	0.00134	0.00314	0.00448	0.00403	0.00628
17	0.00643	0.00385	0.00543	0.00576	0.00618	0.00378	0.00435	0.00622	0.00693	0.00905	0.02650	0.06715	0.07965	0.01244	0.01080	0.47944	0.00331	0.25753	0.00262	0.00256
18	0.01746	0.00727	0.00953	0.00730	0.01038	0.00661	0.00603	0.11599	0.01223	0.74076	0.01491	0.01302	0.00945	0.00489	0.00398	0.00122	0.00349	0.00394	0.00479	0.00675
19	0.00567	0.00424	0.00632	0.00632	0.00701	0.00493	0.00489	0.00705	0.00636	0.00917	0.01067	0.01583	0.01002	0.05000	0.82483	0.00631	0.01045	0.00429	0.00213	0.00351
20	0.00508	0.00365	0.00477	0.00553	0.00590	0.00345	0.00381	0.00608	0.02138	0.01065	0.06683	0.70300	0.04932	0.03255	0.00538	0.00164	0.00238	0.05195	0.01335	0.00331
21	0.01299	0.00641	0.00801	0.00665	0.00899	0.00603	0.00533	0.08162	0.08360	0.44462	0.06247	0.06497	0.12146	0.03116	0.00470	0.00137	0.00314	0.03645	0.00437	0.00566
22	0.00914	0.00775	0.00868	0.00636	0.00975	0.02428	0.00510	0.10506	0.02105	0.01436	0.02138	0.00880	0.00658	0.00330	0.00312	0.00069	0.00318	0.00261	0.00259	0.73624
23	0.00499	0.00359	0.00476	0.00555	0.00592	0.00336	0.00385	0.00586	0.00801	0.01068	0.07976	0.70984	0.05785	0.01192	0.00505	0.00159	0.00236	0.06804	0.00373	0.00329
24	0.00538	0.00377	0.00476	0.00523	0.00569	0.00354	0.00359	0.00619	0.00794	0.02303	0.10995	0.45815	0.10646	0.17351	0.00788	0.00198	0.00263	0.06358	0.00353	0.00322
25	0.01166	0.43038	0.03076	0.00841	0.01132	0.06392	0.03646	0.22618	0.02438	0.01382	0.00711	0.02015	0.00599	0.00432	0.00418	0.00108	0.08911	0.00294	0.00240	0.00544
26	0.02331	0.00694	0.01064	0.05184	0.30564	0.03332	0.03688	0.00956	0.00771	0.01092	0.00940	0.01410	0.00864	0.08632	0.32970	0.00342	0.00698	0.01938	0.02071	0.00458
27	0.00489	0.00349	0.00466	0.00558	0.00584	0.00327	0.00378	0.00562	0.00765	0.01018	0.02182	0.82930	0.02610	0.01237	0.00508	0.00162	0.00235	0.03950	0.00368	0.00324
28	0.00934	0.00877	0.01393	0.05840	0.61405	0.02553	0.01061	0.03510	0.03802	0.01289	0.01006	0.04276	0.03800	0.00531	0.03055	0.00140	0.00468	0.03252	0.00227	0.00578
29	0.00814	0.01309	0.34293	0.38573	0.02142	0.03325	0.07285	0.02182	0.01771	0.01154	0.00760	0.00992	0.01471	0.00399	0.00409	0.00129	0.01958	0.00341	0.00183	0.00510
30	0.04467	0.20574	0.19021	0.00917	0.01234	0.04860	0.14611	0.02528	0.02586	0.02084	0.07804	0.04173	0.00985	0.06381	0.04602	0.00160	0.00504	0.00397	0.01626	0.00485
31	0.00864	0.20437	0.42175	0.03736	0.08443	0.02305	0.02398	0.01172	0.00826	0.01152	0.02172	0.02428	0.00637	0.00519	0.04248	0.00140	0.03542	0.00314	0.00184	0.02308
32	0.00727	0.01588	0.03269	0.00747	0.04339	0.01678	0.05285	0.05779	0.03149	0.05160	0.05771	0.27914	0.14359	0.04847	0.04127	0.00175	0.00354	0.08634	0.01686	0.00413
33	0.02048	0.04894	0.38506	0.03617	0.03247	0.07840	0.05911	0.03915	0.06452	0.16206	0.00942	0.02176	0.00681	0.00425	0.00393	0.00123	0.01441	0.00343	0.00258	0.00580

[dist]
# distance from previous block
# <min> <max>
1	15

[block]
# block no. 5 follows, 68 sequences, length 27
# corresponding to MSA columns:
# 365-391
name=unknown_F
#
# <colnr> <probs for GDERKNQSTAVLIFYWHMCP>
#	G	D	E	R	K	N	Q	S	T	A	V	L	I	F	Y	W	H	M	C	P
0	0.01136	0.26482	0.08733	0.03049	0.15014	0.12149	0.04704	0.08713	0.07478	0.05788	0.00796	0.00891	0.00630	0.00400	0.00372	0.00111	0.02448	0.00309	0.00237	0.00560
1	0.03758	0.00830	0.01246	0.06304	0.45546	0.02913	0.00933	0.05517	0.02564	0.07486	0.03237	0.09977	0.00970	0.01996	0.03018	0.00145	0.02297	0.00449	0.00259	0.00555
2	0.05024	0.00918	0.06372	0.00836	0.01156	0.05843	0.08121	0.07669	0.01063	0.38362	0.02249	0.01109	0.00797	0.00434	0.00405	0.00113	0.03023	0.00353	0.00354	0.15801
3	0.10809	0.00619	0.00822	0.00746	0.04113	0.00607	0.09005	0.04199	0.05651	0.10586	0.05996	0.06751	0.26727	0.03486	0.03050	0.00157	0.00346	0.05542	0.00341	0.00447
4	0.00495	0.00400	0.00439	0.00435	0.00553	0.00345	0.00324	0.00617	0.00958	0.01211	0.25655	0.07004	0.58256	0.00961	0.00470	0.00133	0.00198	0.00816	0.00387	0.00345
5	0.00804	0.00779	0.01289	0.69237	0.12590	0.03000	0.04611	0.01064	0.00821	0.01058	0.00712	0.01040	0.00543	0.00389	0.00398	0.00130	0.00532	0.00355	0.00180	0.00468
6	0.01545	0.01069	0.01150	0.00886	0.01199	0.03296	0.00730	0.68869	0.01742	0.13914	0.01029	0.01002	0.00713	0.00476	0.00396	0.00119	0.00430	0.00360	0.00405	0.00669
7	0.00564	0.00408	0.00507	0.00488	0.00592	0.00368	0.00366	0.00722	0.01046	0.03269	0.56637	0.08151	0.22161	0.00880	0.00470	0.00130	0.00200	0.02257	0.00416	0.00368
8	0.00486	0.00402	0.00426	0.00420	0.00546	0.00342	0.00315	0.00602	0.00944	0.01168	0.18787	0.03657	0.68601	0.00968	0.00468	0.00132	0.00198	0.00815	0.00381	0.00342
9	0.00498	0.00357	0.00472	0.00555	0.00587	0.00334	0.00380	0.00578	0.00783	0.01043	0.05606	0.73573	0.04538	0.03088	0.00540	0.00165	0.00239	0.05972	0.00368	0.00325
10	0.00532	0.00383	0.00504	0.00519	0.00586	0.00354	0.00372	0.00674	0.00985	0.01372	0.52738	0.34229	0.03319	0.00973	0.00482	0.00138	0.00203	0.00872	0.00411	0.00354
11	0.00822	0.00705	0.00822	0.00587	0.00940	0.00529	0.00470	0.00998	0.00822	0.01292	0.00705	0.00822	0.00587	0.00294	0.00294	0.00059	0.00294	0.00235	0.00235	0.88490
12	0.01018	0.00868	0.00914	0.00813	0.01043	0.01001	0.00635	0.07010	0.77921	0.01710	0.01573	0.01447	0.01178	0.00534	0.00403	0.00134	0.00321	0.00443	0.00403	0.00630
13	0.00923	0.00920	0.01222	0.01038	0.01089	0.07489	0.05793	0.01028	0.00691	0.03511	0.00664	0.04836	0.00645	0.00712	0.02667	0.00172	0.65576	0.00387	0.00197	0.00443
14	0.00805	0.04035	0.80278	0.01131	0.01707	0.00938	0.03208	0.01254	0.00839	0.01248	0.00710	0.00837	0.00505	0.00375	0.00376	0.00125	0.00584	0.00295	0.00168	0.00583
15	0.00483	0.00345	0.00460	0.00552	0.00575	0.00322	0.00368	0.00552	0.00759	0.01012	0.02185	0.85807	0.02622	0.01242	0.00506	0.00161	0.00230	0.01127	0.00368	0.00322
16	0.00606	0.00423	0.00539	0.00507	0.00614	0.00389	0.00383	0.00797	0.02569	0.04742	0.67187	0.04852	0.11952	0.00828	0.00466	0.00128	0.00201	0.02005	0.00428	0.00385
17	0.00969	0.34845	0.29554	0.00941	0.01327	0.03666	0.05876	0.05618	0.02720	0.01166	0.00682	0.00814	0.00553	0.00473	0.03004	0.00128	0.06652	0.00286	0.00191	0.00536
18	0.00936	0.01070	0.02340	0.01671	0.02072	0.01003	0.82152	0.01270	0.00936	0.01270	0.00802	0.01070	0.00602	0.00334	0.00468	0.00134	0.00668	0.00468	0.00201	0.00535
19	0.00552	0.00401	0.00520	0.00498	0.00589	0.00369	0.00370	0.00728	0.01090	0.01530	0.74708	0.08069	0.07396	0.00846	0.00470	0.00127	0.00190	0.00748	0.00429	0.00369
20	0.00625	0.00460	0.00655	0.00639	0.00716	0.00530	0.00495	0.03022	0.00691	0.02378	0.01163	0.04178	0.02986	0.05953	0.67521	0.00546	0.04274	0.00455	0.02347	0.00366
21	0.03834	0.16015	0.19383	0.05200	0.06716	0.06914	0.09209	0.09050	0.09978	0.02450	0.03401	0.01136	0.00795	0.00439	0.00376	0.00120	0.00487	0.03701	0.00247	0.00547
22	0.00940	0.00842	0.03027	0.00823	0.01051	0.00910	0.05011	0.05391	0.61565	0.01632	0.09330	0.03629	0.02933	0.00572	0.00416	0.00133	0.00329	0.00490	0.00388	0.00587
23	0.00613	0.00409	0.00523	0.00531	0.00618	0.00377	0.00384	0.00762	0.02856	0.07000	0.33639	0.36802	0.12020	0.00980	0.00477	0.00141	0.00220	0.00870	0.00404	0.00375
24	0.01055	0.03056	0.16317	0.04069	0.20273	0.05709	0.11215	0.13499	0.02910	0.07144	0.01029	0.02962	0.04037	0.01879	0.00444	0.00129	0.01762	0.01683	0.00260	0.00569
25	0.02211	0.09913	0.01356	0.20817	0.19139	0.08122	0.05837	0.10922	0.02831	0.05460	0.00835	0.02620	0.00669	0.00478	0.02461	0.00131	0.01480	0.00355	0.02236	0.02127
26	0.03905	0.00666	0.00770	0.00672	0.00865	0.02259	0.00530	0.13731	0.11248	0.20214	0.20433	0.11543	0.05832	0.00705	0.00433	0.00132	0.00304	0.04831	0.00413	0.00515

[dist]
# distance from previous block
# <min> <max>
0	31

[block]
# block no. 6 follows, 68 sequences, length 13
# corresponding to MSA columns:
# 423-435
name=unknown_G
#
# <colnr> <probs for GDERKNQSTAVLIFYWHMCP>
#	G	D	E	R	K	N	Q	S	T	A	V	L	I	F	Y	W	H	M	C	P
0	0.04607	0.12400	0.14804	0.03702	0.13471	0.08841	0.04190	0.06868	0.03174	0.05487	0.02516	0.00964	0.00679	0.00549	0.04720	0.00143	0.07098	0.00324	0.00231	0.05231
1	0.05096	0.11430	0.02728	0.03589	0.13574	0.05017	0.00730	0.12689	0.15701	0.07322	0.03183	0.07453	0.00966	0.00567	0.02682	0.00132	0.01281	0.00408	0.00302	0.05150
2	0.00584	0.00392	0.00508	0.00564	0.00622	0.00367	0.00395	0.02864	0.00835	0.05304	0.04842	0.68454	0.07746	0.01149	0.00495	0.00156	0.00242	0.03751	0.00377	0.00354
3	0.39324	0.07280	0.02812	0.03528	0.10069	0.18833	0.03604	0.05868	0.00887	0.01459	0.00625	0.00751	0.00501	0.00387	0.00337	0.00117	0.02641	0.00265	0.00227	0.00485
4	0.00515	0.00377	0.00483	0.00556	0.00599	0.00359	0.00385	0.00632	0.03846	0.01058	0.04474	0.67693	0.08094	0.03771	0.00547	0.00165	0.00242	0.05501	0.00367	0.00336
5	0.01233	0.01193	0.01248	0.02500	0.14228	0.22869	0.02660	0.19333	0.03900	0.05178	0.00770	0.00915	0.00616	0.00490	0.00606	0.00129	0.20995	0.00335	0.00258	0.00545
6	0.00965	0.00639	0.00731	0.00635	0.00829	0.00648	0.00500	0.11259	0.19381	0.14304	0.18647	0.02181	0.15032	0.02288	0.00451	0.00131	0.00283	0.03124	0.05510	0.02461
7	0.00705	0.00464	0.00619	0.00655	0.05292	0.00469	0.00446	0.00815	0.00791	0.07262	0.14183	0.05018	0.01755	0.30425	0.12989	0.00294	0.02235	0.10418	0.04805	0.00360
8	0.05007	0.00874	0.01423	0.12115	0.60636	0.00898	0.01091	0.03284	0.00910	0.05512	0.00833	0.04158	0.00701	0.00402	0.00391	0.00122	0.00454	0.00378	0.00223	0.00589
9	0.00628	0.00351	0.00499	0.00520	0.00527	0.00347	0.00344	0.00536	0.00580	0.00776	0.01090	0.20375	0.01204	0.09503	0.03720	0.57670	0.00343	0.00545	0.00224	0.00218
10	0.21214	0.38306	0.01408	0.02420	0.01044	0.08646	0.00644	0.12524	0.08101	0.01411	0.00708	0.00771	0.00575	0.00389	0.00297	0.00105	0.00417	0.00260	0.00242	0.00518
11	0.02613	0.00888	0.01180	0.04707	0.03435	0.05434	0.13997	0.18586	0.10758	0.11670	0.03062	0.04658	0.05649	0.00604	0.01834	0.00141	0.04583	0.05325	0.00331	0.00544
12	0.39173	0.14822	0.08070	0.02039	0.01035	0.13877	0.00657	0.05509	0.04139	0.03824	0.00676	0.00763	0.00531	0.00428	0.01470	0.00122	0.01885	0.00256	0.00239	0.00487

[dist]
# distance from previous block
# <min> <max>
0	1

[block]
# block no. 7 follows, 68 sequences, length 10
# corresponding to MSA columns:
# 437-446
name=unknown_H
#
# <colnr> <probs for GDERKNQSTAVLIFYWHMCP>
#	G	D	E	R	K	N	Q	S	T	A	V	L	I	F	Y	W	H	M	C	P
0	0.01039	0.20253	0.09418	0.00782	0.01062	0.01040	0.00707	0.20229	0.19768	0.03532	0.09543	0.07074	0.01228	0.00548	0.00382	0.00120	0.00377	0.02014	0.00328	0.00557
1	0.03838	0.03569	0.01061	0.00873	0.05449	0.11060	0.00665	0.26179	0.10038	0.09857	0.00945	0.00969	0.00706	0.00416	0.00358	0.00103	0.00409	0.00319	0.00321	0.22866
2	0.00701	0.00578	0.00817	0.06651	0.00944	0.00641	0.02803	0.00832	0.00696	0.02672	0.01052	0.03889	0.03846	0.11834	0.31729	0.00345	0.14983	0.00430	0.00226	0.14329
3	0.08906	0.04405	0.06936	0.07316	0.14685	0.09398	0.09067	0.08929	0.05206	0.01401	0.06500	0.01280	0.07316	0.00461	0.00382	0.00117	0.00448	0.00392	0.00259	0.06597
4	0.07612	0.24788	0.17989	0.06755	0.10586	0.03768	0.03321	0.05230	0.02626	0.01294	0.10352	0.01121	0.00945	0.00434	0.00353	0.00114	0.00447	0.01517	0.00231	0.00519
5	0.00614	0.00391	0.00481	0.00503	0.00548	0.00368	0.00329	0.00670	0.00744	0.06797	0.06086	0.37168	0.08007	0.34208	0.01083	0.00242	0.00293	0.00819	0.00330	0.00319
6	0.00659	0.06516	0.00687	0.00643	0.05285	0.00529	0.00438	0.02288	0.03736	0.03274	0.07865	0.21466	0.14924	0.20609	0.06227	0.00226	0.00353	0.03592	0.00315	0.00370
7	0.11224	0.19445	0.27441	0.06132	0.07650	0.06766	0.03954	0.05032	0.00899	0.04428	0.00742	0.00929	0.00589	0.00398	0.00347	0.00116	0.00496	0.02665	0.00212	0.00536
8	0.02674	0.02372	0.01171	0.09432	0.09396	0.05761	0.10241	0.04979	0.01005	0.29904	0.02888	0.04366	0.06700	0.00564	0.01961	0.00137	0.05130	0.00441	0.00329	0.00549
9	0.02872	0.00422	0.00538	0.06476	0.00728	0.00418	0.00406	0.00717	0.00801	0.04734	0.11018	0.31328	0.12635	0.14735	0.06082	0.00212	0.00325	0.00765	0.04438	0.00347

[dist]
# distance from previous block
# <min> <max>
1	29

[block]
# block no. 8 follows, 68 sequences, length 14
# corresponding to MSA columns:
# 476-489
name=unknown_I
#
# <colnr> <probs for GDERKNQSTAVLIFYWHMCP>
#	G	D	E	R	K	N	Q	S	T	A	V	L	I	F	Y	W	H	M	C	P
0	0.20853	0.04762	0.02860	0.02786	0.17579	0.17545	0.02744	0.11096	0.04875	0.06931	0.01947	0.00908	0.00648	0.00415	0.00372	0.00118	0.02449	0.00311	0.00263	0.00539
1	0.11143	0.00819	0.04457	0.53955	0.07508	0.00896	0.06758	0.02868	0.03075	0.01207	0.00727	0.00998	0.00551	0.00388	0.00380	0.00128	0.00496	0.00341	0.00200	0.03107
2	0.00524	0.00431	0.00465	0.00458	0.00584	0.00388	0.00342	0.00711	0.06714	0.01209	0.19099	0.08256	0.57515	0.00948	0.00466	0.00134	0.00208	0.00803	0.00384	0.00362
3	0.01060	0.86304	0.02078	0.00678	0.01018	0.01569	0.00678	0.01187	0.00806	0.00933	0.00551	0.00636	0.00509	0.00339	0.00254	0.00085	0.00424	0.00212	0.00170	0.00509
4	0.00508	0.00403	0.00457	0.00454	0.00569	0.00353	0.00343	0.00640	0.00973	0.01248	0.30492	0.06274	0.50335	0.00951	0.00473	0.00134	0.00205	0.04447	0.00391	0.00349
5	0.00514	0.00366	0.00489	0.00577	0.00610	0.00348	0.00408	0.00599	0.00777	0.01030	0.02127	0.68112	0.02509	0.05211	0.00584	0.00175	0.00260	0.14618	0.00362	0.00325
6	0.00536	0.00404	0.00495	0.00472	0.00577	0.00363	0.00354	0.00699	0.01062	0.01448	0.61612	0.03196	0.25601	0.00864	0.00468	0.00127	0.00191	0.00750	0.00418	0.00363
7	0.01047	0.00810	0.00871	0.00775	0.01000	0.00917	0.00605	0.02029	0.71055	0.09259	0.01593	0.01467	0.01179	0.00530	0.00396	0.00131	0.00309	0.00440	0.04967	0.00619
8	0.00986	0.00852	0.00897	0.00807	0.01031	0.00986	0.00628	0.02107	0.82876	0.01659	0.01614	0.01479	0.01210	0.00538	0.00403	0.00134	0.00314	0.00448	0.00403	0.00628
9	0.00822	0.00705	0.00822	0.00587	0.00940	0.00529	0.00470	0.00998	0.00822	0.01292	0.00705	0.00822	0.00587	0.00294	0.00294	0.00059	0.00294	0.00235	0.00235	0.88490
10	0.43299	0.00857	0.05054	0.00648	0.00914	0.03729	0.00554	0.10450	0.03208	0.15195	0.06821	0.01122	0.04070	0.00462	0.00328	0.00121	0.00342	0.00333	0.00320	0.02173
11	0.00970	0.00925	0.01553	0.02303	0.77726	0.00913	0.01164	0.01201	0.00897	0.01295	0.00743	0.00970	0.00625	0.00349	0.00386	0.00114	0.00458	0.00345	0.00199	0.06865
12	0.00499	0.00375	0.00444	0.00487	0.00549	0.00341	0.00335	0.00577	0.00803	0.01030	0.06517	0.40916	0.29631	0.12858	0.00702	0.00182	0.00243	0.02841	0.00354	0.00318
13	0.00815	0.02506	0.02565	0.03009	0.02936	0.08243	0.09867	0.04297	0.05984	0.04650	0.04818	0.38673	0.01714	0.00831	0.00497	0.00143	0.04376	0.03320	0.00319	0.00435

[dist]
# distance from previous block
# <min> <max>
0	1

[block]
# block no. 9 follows, 68 sequences, length 6
# corresponding to MSA columns:
# 491-496
name=unknown_J
#
# <colnr> <probs for GDERKNQSTAVLIFYWHMCP>
#	G	D	E	R	K	N	Q	S	T	A	V	L	I	F	Y	W	H	M	C	P
0	0.10118	0.01074	0.01074	0.04373	0.07070	0.12708	0.00733	0.32613	0.16357	0.08426	0.01010	0.01023	0.00741	0.00456	0.00377	0.00121	0.00438	0.00348	0.00340	0.00598
1	0.00527	0.00387	0.00483	0.00537	0.00587	0.00368	0.00372	0.00649	0.03967	0.01074	0.09133	0.52262	0.11479	0.10928	0.00671	0.00181	0.00252	0.05450	0.00360	0.00333
2	0.05556	0.04373	0.07457	0.00771	0.04616	0.00779	0.02545	0.17648	0.08219	0.07278	0.01299	0.01727	0.06863	0.28121	0.00912	0.00207	0.00397	0.00457	0.00302	0.00474
3	0.03549	0.03280	0.01375	0.07928	0.40884	0.12371	0.01000	0.07070	0.05675	0.01299	0.00751	0.00945	0.00619	0.00426	0.00495	0.00124	0.11092	0.00337	0.00220	0.00561
4	0.00581	0.04157	0.00707	0.06610	0.00847	0.00491	0.04704	0.00719	0.00856	0.01120	0.13139	0.21589	0.27568	0.01114	0.09864	0.00190	0.00364	0.00733	0.00323	0.04325
5	0.00896	0.09797	0.05444	0.31922	0.03301	0.08841	0.02782	0.03222	0.09632	0.01164	0.04051	0.01148	0.02870	0.00531	0.03198	0.00138	0.04927	0.00360	0.00228	0.05547

[dist]
# distance from previous block
# <min> <max>
0	5

[block]
# block no. 10 follows, 68 sequences, length 62
# corresponding to MSA columns:
# 503-521,523-565
name=unknown_K
#
# <colnr> <probs for GDERKNQSTAVLIFYWHMCP>
#	G	D	E	R	K	N	Q	S	T	A	V	L	I	F	Y	W	H	M	C	P
0	0.00884	0.00693	0.00852	0.00643	0.00952	0.00562	0.03054	0.04537	0.02424	0.06913	0.00964	0.10664	0.00864	0.00430	0.00337	0.00081	0.00308	0.00365	0.00277	0.64195
1	0.00838	0.20730	0.15024	0.07451	0.09659	0.00923	0.08344	0.03114	0.00795	0.01062	0.00855	0.04026	0.00808	0.16774	0.04062	0.03988	0.00495	0.00392	0.00203	0.00458
2	0.05239	0.00813	0.01192	0.39166	0.13023	0.04474	0.04825	0.07200	0.00912	0.03917	0.02591	0.02279	0.00755	0.00561	0.03727	0.00151	0.04556	0.03905	0.00229	0.00486
3	0.00547	0.00403	0.00493	0.00516	0.00586	0.00384	0.00366	0.00635	0.00816	0.03199	0.09391	0.36018	0.26963	0.09937	0.03782	0.00190	0.03358	0.01727	0.00351	0.00337
4	0.00519	0.00362	0.00448	0.00502	0.00519	0.00347	0.00317	0.00562	0.00692	0.00919	0.01869	0.51404	0.04227	0.34172	0.01092	0.00247	0.00289	0.00906	0.00318	0.00291
5	0.06994	0.01147	0.04775	0.01135	0.12240	0.13825	0.06032	0.29429	0.07886	0.07422	0.00920	0.00990	0.00687	0.00516	0.03020	0.00136	0.01601	0.00348	0.00306	0.00590
6	0.11105	0.04680	0.02319	0.07320	0.02977	0.11783	0.17772	0.13091	0.00975	0.01352	0.00813	0.03269	0.00705	0.05306	0.04409	0.00166	0.09609	0.01627	0.00238	0.00484
7	0.00644	0.00470	0.00565	0.00534	0.00649	0.00464	0.00402	0.00961	0.13534	0.02494	0.53774	0.06814	0.08665	0.00773	0.00444	0.00126	0.00211	0.00674	0.07391	0.00411
8	0.04358	0.06639	0.11487	0.22995	0.25732	0.04331	0.05977	0.09149	0.03220	0.01327	0.00753	0.00953	0.00586	0.00385	0.00381	0.00121	0.00504	0.00337	0.00214	0.00552
9	0.00640	0.00477	0.00611	0.00632	0.04164	0.01435	0.00415	0.03638	0.00667	0.00917	0.01125	0.02023	0.01182	0.45698	0.32392	0.00449	0.02489	0.00494	0.00232	0.00321
10	0.00765	0.00413	0.00483	0.00465	0.00578	0.00388	0.00351	0.00925	0.00923	0.10801	0.17747	0.11964	0.09618	0.00690	0.00379	0.00116	0.00213	0.02208	0.40577	0.00396
11	0.00631	0.00435	0.00550	0.00510	0.00624	0.00403	0.00386	0.00841	0.04067	0.05889	0.67519	0.02915	0.12106	0.00805	0.00462	0.00126	0.00201	0.00703	0.00431	0.00395
12	0.00549	0.00395	0.00501	0.00514	0.00598	0.00361	0.00378	0.00688	0.00971	0.02804	0.40994	0.26613	0.16885	0.00975	0.00482	0.00140	0.00214	0.05178	0.00403	0.00358
13	0.01060	0.86304	0.02078	0.00678	0.01018	0.01569	0.00678	0.01187	0.00806	0.00933	0.00551	0.00636	0.00509	0.00339	0.00254	0.00085	0.00424	0.00212	0.00170	0.00509
14	0.00795	0.02051	0.84011	0.01130	0.01716	0.00921	0.01465	0.01256	0.00837	0.01256	0.00712	0.00837	0.00502	0.00377	0.00377	0.00126	0.00586	0.00293	0.00167	0.00586
15	0.01779	0.00675	0.00920	0.00705	0.01012	0.00583	0.00583	0.01932	0.01135	0.83867	0.01564	0.01350	0.00981	0.00491	0.00399	0.00123	0.00337	0.00399	0.00491	0.00675
16	0.01060	0.86304	0.02078	0.00678	0.01018	0.01569	0.00678	0.01187	0.00806	0.00933	0.00551	0.00636	0.00509	0.00339	0.00254	0.00085	0.00424	0.00212	0.00170	0.00509
17	0.01009	0.00863	0.00909	0.00811	0.01040	0.00997	0.00633	0.05556	0.79390	0.01695	0.01585	0.01457	0.01187	0.00535	0.00403	0.00134	0.00319	0.00444	0.00403	0.00630
18	0.00483	0.00345	0.00460	0.00552	0.00575	0.00322	0.00368	0.00552	0.00759	0.01012	0.02185	0.85807	0.02622	0.01242	0.00506	0.00161	0.00230	0.01127	0.00368	0.00322
19	0.00606	0.00429	0.00581	0.00659	0.00727	0.00425	0.00539	0.00744	0.00840	0.01099	0.01989	0.16817	0.02212	0.13506	0.00756	0.00209	0.00347	0.56830	0.00347	0.00340
20	0.01075	0.83484	0.02048	0.00686	0.01025	0.01558	0.00681	0.03871	0.00841	0.00985	0.00564	0.00646	0.00514	0.00344	0.00259	0.00086	0.00424	0.00217	0.00177	0.00514
21	0.03521	0.07546	0.10045	0.15536	0.23335	0.02972	0.13949	0.02326	0.00879	0.04446	0.00744	0.00947	0.00583	0.00375	0.00414	0.00118	0.03659	0.00339	0.00207	0.08060
22	0.01471	0.01093	0.01170	0.00905	0.01216	0.01213	0.00745	0.76707	0.07486	0.02441	0.00998	0.00989	0.00711	0.00480	0.00397	0.00120	0.00428	0.00363	0.00397	0.00671
23	0.00652	0.00357	0.00489	0.00489	0.00489	0.00357	0.00310	0.00536	0.00536	0.00715	0.00871	0.01658	0.00934	0.28967	0.01702	0.59770	0.00357	0.00420	0.00194	0.00194
24	0.00573	0.00515	0.04747	0.00608	0.04212	0.00427	0.00450	0.02804	0.00944	0.01257	0.26886	0.21315	0.26760	0.04870	0.00540	0.00148	0.00251	0.01953	0.00366	0.00374
25	0.00956	0.17231	0.34768	0.01164	0.10881	0.07645	0.08193	0.01246	0.00883	0.03864	0.03477	0.00920	0.00658	0.00397	0.00382	0.01594	0.00521	0.00313	0.00200	0.04706
26	0.00997	0.50949	0.19691	0.00809	0.01164	0.05501	0.00846	0.03882	0.02468	0.01081	0.00766	0.02563	0.02712	0.00418	0.00347	0.00104	0.03544	0.01446	0.00195	0.00518
27	0.01008	0.00863	0.00909	0.00811	0.01039	0.00996	0.00633	0.05492	0.79455	0.01694	0.01586	0.01457	0.01188	0.00535	0.00403	0.00134	0.00319	0.00444	0.00403	0.00630
28	0.00849	0.00767	0.01071	0.04018	0.05207	0.04168	0.08882	0.03662	0.12839	0.02615	0.02571	0.03552	0.00955	0.01203	0.22458	0.00272	0.19240	0.03167	0.02038	0.00467
29	0.06699	0.12827	0.06344	0.02057	0.12397	0.04385	0.02039	0.14749	0.04339	0.18144	0.00934	0.01004	0.00697	0.01883	0.00440	0.00121	0.05280	0.00332	0.01210	0.04120
30	0.00955	0.00560	0.00677	0.00589	0.00763	0.00540	0.00460	0.08297	0.07885	0.20359	0.31086	0.06171	0.12329	0.00705	0.00429	0.00125	0.00257	0.00600	0.06731	0.00482
31	0.00514	0.00391	0.00440	0.00462	0.00560	0.00340	0.00331	0.00608	0.00866	0.03205	0.07060	0.29292	0.50025	0.03405	0.00521	0.00149	0.00218	0.00903	0.00371	0.00339
32	0.03272	0.04607	0.03023	0.15237	0.34888	0.04726	0.07641	0.06973	0.04063	0.04307	0.00972	0.03828	0.03849	0.00436	0.00395	0.00122	0.00472	0.00396	0.00238	0.00555
33	0.04154	0.00871	0.01154	0.20119	0.19867	0.06511	0.00888	0.09416	0.05901	0.03034	0.00897	0.05610	0.00773	0.00621	0.04430	0.00156	0.12179	0.01397	0.01514	0.00510
34	0.00596	0.00420	0.00542	0.00588	0.00654	0.00406	0.00450	0.00708	0.00799	0.01074	0.04812	0.20761	0.03690	0.21835	0.00875	0.00216	0.00323	0.34029	0.03104	0.04118
35	0.00949	0.00880	0.01142	0.05770	0.09202	0.05352	0.09568	0.07080	0.09281	0.01375	0.00822	0.00949	0.00654	0.00361	0.00367	0.00093	0.01826	0.00312	0.00250	0.43767
36	0.05595	0.04946	0.01215	0.12384	0.16748	0.36957	0.00855	0.09133	0.01064	0.02389	0.02846	0.00911	0.00647	0.00463	0.02105	0.00123	0.00573	0.00310	0.00228	0.00508
37	0.00653	0.00424	0.00523	0.00547	0.00632	0.00404	0.00391	0.00835	0.07152	0.07739	0.09968	0.48693	0.10728	0.00993	0.00462	0.00144	0.00234	0.00880	0.08215	0.00384
38	0.01101	0.01249	0.07689	0.09384	0.15719	0.27345	0.02532	0.11425	0.02373	0.01288	0.03962	0.08039	0.00870	0.00531	0.01477	0.00128	0.03730	0.00401	0.00246	0.00511
39	0.00982	0.34270	0.02786	0.04903	0.01159	0.04561	0.02865	0.02645	0.07103	0.01044	0.00647	0.00834	0.00574	0.00500	0.00692	0.00128	0.33322	0.00301	0.00196	0.00489
40	0.00494	0.00354	0.00470	0.00550	0.00583	0.00331	0.00375	0.00577	0.00798	0.01068	0.09263	0.74843	0.04216	0.01196	0.00503	0.00158	0.00229	0.03290	0.00374	0.00328
41	0.00513	0.00396	0.00470	0.00472	0.00571	0.00352	0.00349	0.00647	0.00975	0.01285	0.37421	0.16028	0.35633	0.00960	0.00475	0.00135	0.00203	0.02367	0.00397	0.00350
42	0.00558	0.00381	0.00451	0.00477	0.00491	0.00374	0.00295	0.00586	0.00645	0.00855	0.01565	0.21200	0.03364	0.60215	0.01559	0.00317	0.00345	0.05775	0.00279	0.00268
43	0.00740	0.00403	0.00447	0.00428	0.00532	0.00395	0.00324	0.00948	0.03015	0.04752	0.22824	0.01862	0.01734	0.00556	0.00335	0.00103	0.00195	0.00464	0.59555	0.00389
44	0.01483	0.01099	0.01176	0.00907	0.01220	0.01218	0.00748	0.78549	0.05625	0.02460	0.00983	0.00976	0.00699	0.00479	0.00397	0.00120	0.00431	0.00361	0.00397	0.00672
45	0.01779	0.00675	0.00920	0.00705	0.01012	0.00583	0.00583	0.01932	0.01135	0.83867	0.01564	0.01350	0.00981	0.00491	0.00399	0.00123	0.00337	0.00399	0.00491	0.00675
46	0.01002	0.00860	0.00905	0.00810	0.01037	0.00994	0.00631	0.04526	0.80431	0.01684	0.01594	0.01463	0.01194	0.00536	0.00403	0.00134	0.00317	0.00446	0.00403	0.00629
47	0.00479	0.00401	0.00421	0.00425	0.00550	0.00342	0.00319	0.00585	0.00902	0.01093	0.07814	0.07636	0.72209	0.01049	0.02257	0.00146	0.00223	0.02442	0.00368	0.00337
48	0.00887	0.00760	0.00856	0.00621	0.00967	0.02402	0.00497	0.07009	0.00906	0.01374	0.00721	0.00829	0.00592	0.00310	0.00303	0.00064	0.00313	0.00244	0.00246	0.80098
49	0.01144	0.01084	0.01311	0.08714	0.30922	0.17132	0.04639	0.16285	0.01120	0.04142	0.02461	0.01207	0.00782	0.02630	0.00441	0.00127	0.00508	0.04535	0.00258	0.00557
50	0.00873	0.11119	0.50651	0.10749	0.01691	0.00991	0.05886	0.04392	0.04415	0.02498	0.02656	0.00942	0.00630	0.00395	0.00375	0.00122	0.00536	0.00321	0.00201	0.00559
51	0.00574	0.00385	0.00443	0.00445	0.00449	0.00388	0.00256	0.00582	0.00584	0.00782	0.01265	0.04720	0.01451	0.79888	0.05910	0.00391	0.00413	0.00584	0.00242	0.00248
52	0.01204	0.11616	0.13821	0.04319	0.04094	0.41148	0.06433	0.05432	0.01026	0.01130	0.02314	0.00833	0.00593	0.00411	0.00402	0.00112	0.04108	0.00296	0.00206	0.00502
53	0.00996	0.02001	0.01488	0.11907	0.58992	0.05245	0.02633	0.05524	0.02564	0.01320	0.03043	0.01037	0.00708	0.00383	0.00393	0.00119	0.00481	0.00361	0.00215	0.00589
54	0.01007	0.00786	0.00882	0.00832	0.05134	0.00867	0.00616	0.04419	0.57414	0.08979	0.06073	0.01706	0.08377	0.00577	0.00411	0.00132	0.00311	0.00484	0.00399	0.00595
55	0.00538	0.00405	0.00508	0.00563	0.00640	0.00380	0.00427	0.00681	0.03055	0.01135	0.09340	0.36937	0.21838	0.01094	0.00502	0.00156	0.00255	0.20824	0.00374	0.00348
56	0.04488	0.11201	0.09442	0.04223	0.13881	0.09706	0.08786	0.10548	0.12574	0.05846	0.02721	0.02020	0.00795	0.00438	0.00380	0.00120	0.00473	0.01523	0.00270	0.00564
57	0.03229	0.00888	0.02780	0.28589	0.37319	0.00950	0.04569	0.07136	0.03531	0.02702	0.00777	0.01014	0.00611	0.00398	0.00429	0.00126	0.03824	0.00357	0.00216	0.00555
