[name]
unknown

[dist]
# distance from previous block
# <min> <max>
2	41

[block]
# block no. 0 follows, 69 sequences, length 138
# corresponding to MSA columns:
# 42-179
name=unknown_A
#
# <colnr> <probs for GDERKNQSTAVLIFYWHMCP>
#	G	D	E	R	K	N	Q	S	T	A	V	L	I	F	Y	W	H	M	C	P
0	0.02388	0.72349	0.01894	0.06080	0.01128	0.08732	0.00701	0.01197	0.00821	0.00943	0.00560	0.00662	0.00503	0.00345	0.00269	0.00089	0.00449	0.00222	0.00172	0.00493
1	0.00730	0.00665	0.00934	0.00836	0.00860	0.00883	0.00673	0.00825	0.00607	0.00914	0.00765	0.01256	0.00761	0.10095	0.28918	0.00344	0.48969	0.00392	0.00191	0.00383
2	0.00946	0.40536	0.31894	0.03795	0.09821	0.03848	0.01887	0.01209	0.00829	0.01083	0.00632	0.00757	0.00514	0.00354	0.00320	0.00104	0.00497	0.00262	0.00171	0.00540
3	0.00628	0.00417	0.00547	0.00506	0.00611	0.00382	0.00382	0.00811	0.01110	0.06572	0.78597	0.02832	0.03534	0.00782	0.00458	0.00123	0.00194	0.00690	0.00435	0.00388
4	0.01099	0.03928	0.22713	0.01999	0.03886	0.09553	0.04218	0.16528	0.17578	0.07386	0.01011	0.01121	0.00771	0.05892	0.00485	0.00137	0.00475	0.00361	0.00288	0.00571
5	0.00478	0.00341	0.00455	0.00546	0.00569	0.00318	0.00364	0.00546	0.00751	0.01001	0.02161	0.85966	0.02593	0.01228	0.00500	0.00159	0.00227	0.01114	0.00364	0.00318
6	0.00552	0.05874	0.00575	0.00469	0.00592	0.00431	0.00362	0.00702	0.01010	0.01342	0.48940	0.03094	0.32962	0.00842	0.00449	0.00124	0.00205	0.00721	0.00390	0.00364
7	0.01222	0.34956	0.10169	0.00899	0.01196	0.41985	0.02186	0.01373	0.00955	0.00979	0.00596	0.00695	0.00505	0.00373	0.00317	0.00097	0.00580	0.00243	0.00185	0.00488
8	0.02507	0.76955	0.07225	0.00707	0.01053	0.04159	0.00719	0.01190	0.00806	0.00958	0.00557	0.00644	0.00501	0.00340	0.00262	0.00088	0.00437	0.00216	0.00170	0.00505
9	0.01448	0.01537	0.01147	0.02812	0.03033	0.50018	0.00770	0.31622	0.01371	0.01529	0.00735	0.00807	0.00568	0.00427	0.00369	0.00108	0.00595	0.00294	0.00272	0.00537
10	0.00574	0.00427	0.00555	0.00622	0.00717	0.00408	0.00521	0.00723	0.00885	0.01127	0.02565	0.12291	0.22914	0.01074	0.00518	0.00166	0.00307	0.52896	0.00362	0.00349
11	0.00897	0.01002	0.02149	0.04338	0.04271	0.00954	0.72222	0.01211	0.00901	0.01226	0.00805	0.01085	0.00618	0.00499	0.05815	0.00163	0.00676	0.00453	0.00198	0.00517
12	0.00891	0.01692	0.57825	0.01219	0.01732	0.00913	0.21155	0.02324	0.00883	0.06528	0.00782	0.00918	0.00553	0.00371	0.00396	0.00126	0.00582	0.00339	0.00197	0.00574
13	0.00570	0.00384	0.00446	0.00459	0.00468	0.00382	0.00277	0.00588	0.00608	0.00809	0.01360	0.07773	0.01564	0.74111	0.01786	0.00350	0.00369	0.07188	0.00255	0.00253
14	0.00759	0.00649	0.00876	0.00785	0.00829	0.00828	0.00624	0.05996	0.00695	0.01020	0.00866	0.01431	0.00856	0.15537	0.24494	0.00328	0.38218	0.02141	0.02680	0.00387
15	0.00534	0.00400	0.00495	0.00472	0.00573	0.00361	0.00354	0.00700	0.01061	0.01457	0.65639	0.03119	0.21702	0.00845	0.00463	0.00125	0.00188	0.00736	0.00416	0.00361
16	0.00795	0.00749	0.01091	0.06884	0.32014	0.04401	0.05959	0.01024	0.04977	0.01192	0.01715	0.05844	0.22197	0.00635	0.02145	0.00134	0.01637	0.00519	0.05603	0.00482
17	0.00563	0.00377	0.00430	0.00436	0.00438	0.00376	0.00247	0.00568	0.00583	0.00778	0.01302	0.08615	0.01510	0.80057	0.01887	0.00364	0.00369	0.00610	0.00247	0.00243
18	0.00854	0.05271	0.12122	0.03130	0.16912	0.04734	0.01787	0.01030	0.00750	0.01070	0.00799	0.06737	0.01706	0.01635	0.04393	0.00163	0.32368	0.00391	0.02140	0.02007
19	0.88991	0.00758	0.00576	0.00516	0.00758	0.00879	0.00425	0.01152	0.00667	0.01759	0.00546	0.00637	0.00425	0.00364	0.00243	0.00121	0.00303	0.00212	0.00243	0.00425
20	0.00813	0.00697	0.00813	0.00581	0.00929	0.00523	0.00465	0.00987	0.00813	0.01277	0.00697	0.00813	0.00581	0.00290	0.00290	0.00058	0.00290	0.00232	0.00232	0.88619
21	0.02473	0.03080	0.09550	0.04987	0.46251	0.00938	0.05454	0.07876	0.06136	0.01384	0.00795	0.00966	0.00634	0.00369	0.00378	0.00114	0.00459	0.00341	0.00223	0.07590
22	0.06921	0.56481	0.18821	0.00775	0.01149	0.04071	0.00821	0.05069	0.00854	0.01119	0.00599	0.00688	0.00504	0.00354	0.00286	0.00097	0.00454	0.00235	0.00184	0.00520
23	0.01020	0.00865	0.00912	0.00807	0.01037	0.00996	0.00631	0.09155	0.75923	0.01713	0.01538	0.01417	0.01150	0.00526	0.00398	0.00132	0.00321	0.00435	0.00398	0.00625
24	0.00824	0.00685	0.00803	0.00582	0.00919	0.00517	0.00464	0.00994	0.00818	0.03160	0.00764	0.03605	0.00655	0.00325	0.00300	0.00063	0.00289	0.00265	0.00242	0.83726
25	0.00561	0.00415	0.00605	0.00605	0.00667	0.00477	0.00459	0.00684	0.00623	0.00892	0.01073	0.01666	0.01035	0.13133	0.74551	0.00599	0.00968	0.00438	0.00213	0.00336
26	0.00907	0.01746	0.64627	0.01115	0.03100	0.00884	0.06639	0.03349	0.02219	0.09065	0.02221	0.00942	0.00620	0.00392	0.00383	0.00124	0.00545	0.00323	0.00212	0.00584
27	0.56943	0.02521	0.00833	0.03615	0.09513	0.13084	0.00596	0.02148	0.02507	0.03315	0.00627	0.00733	0.00493	0.00379	0.00299	0.00118	0.01326	0.00249	0.00237	0.00463
28	0.88991	0.00758	0.00576	0.00516	0.00758	0.00879	0.00425	0.01152	0.00667	0.01759	0.00546	0.00637	0.00425	0.00364	0.00243	0.00121	0.00303	0.00212	0.00243	0.00425
29	0.00638	0.00512	0.01695	0.00652	0.04550	0.00500	0.00469	0.02329	0.12149	0.01399	0.39686	0.14377	0.08370	0.01866	0.05826	0.00166	0.00293	0.02710	0.01403	0.00410
30	0.00681	0.00340	0.00511	0.00511	0.00511	0.00340	0.00340	0.00511	0.00511	0.00681	0.00681	0.01192	0.00681	0.01362	0.01532	0.88594	0.00340	0.00340	0.00170	0.00170
31	0.00862	0.00821	0.01396	0.41339	0.45688	0.00903	0.01149	0.01108	0.00842	0.01150	0.00718	0.01005	0.00575	0.00369	0.00390	0.00123	0.00492	0.00349	0.00185	0.00534
32	0.00490	0.00375	0.00449	0.00479	0.00558	0.00335	0.00341	0.00596	0.00885	0.01152	0.21302	0.36643	0.32894	0.01044	0.00478	0.00141	0.00207	0.00916	0.00379	0.00335
33	0.00864	0.00878	0.01188	0.24155	0.01500	0.06419	0.00915	0.00999	0.00683	0.00960	0.00570	0.00900	0.00516	0.00587	0.00982	0.00156	0.56783	0.00339	0.00174	0.00432
34	0.00550	0.00397	0.00520	0.00497	0.00585	0.00367	0.00370	0.00727	0.01087	0.01536	0.78391	0.08211	0.03629	0.00829	0.00465	0.00126	0.00188	0.00735	0.00427	0.00367
35	0.00786	0.02028	0.84191	0.01117	0.01697	0.00910	0.01448	0.01242	0.00828	0.01242	0.00704	0.00828	0.00497	0.00372	0.00372	0.00124	0.00579	0.00290	0.00166	0.00579
36	0.00482	0.00346	0.00458	0.00539	0.00569	0.00322	0.00363	0.00559	0.00776	0.01038	0.07376	0.79005	0.04318	0.01196	0.00497	0.00156	0.00224	0.01083	0.00368	0.00322
37	0.00856	0.00722	0.00836	0.00601	0.00947	0.00567	0.00482	0.06170	0.00878	0.01353	0.00712	0.00821	0.00586	0.00302	0.00297	0.00062	0.00299	0.00240	0.00242	0.83024
38	0.01074	0.72929	0.06940	0.00732	0.01069	0.09775	0.00727	0.01217	0.00830	0.00945	0.00561	0.00649	0.00503	0.00344	0.00269	0.00088	0.00458	0.00219	0.00171	0.00503
39	0.01084	0.03351	0.10071	0.01374	0.01727	0.26227	0.46813	0.02364	0.00980	0.01173	0.00724	0.00918	0.00557	0.00359	0.00415	0.00121	0.00658	0.00375	0.00198	0.00513
40	0.00560	0.00419	0.00626	0.00626	0.00694	0.00488	0.00485	0.00697	0.00629	0.00907	0.01054	0.01561	0.00989	0.04641	0.82980	0.00625	0.01036	0.00423	0.00211	0.00348
41	0.00813	0.00697	0.00813	0.00581	0.00929	0.00523	0.00465	0.00987	0.00813	0.01277	0.00697	0.00813	0.00581	0.00290	0.00290	0.00058	0.00290	0.00232	0.00232	0.88619
42	0.00537	0.00409	0.00558	0.00561	0.00638	0.00441	0.00425	0.00654	0.00687	0.00935	0.01739	0.05628	0.18872	0.08586	0.56927	0.00485	0.00783	0.00548	0.00252	0.00336
43	0.00970	0.00931	0.01591	0.02406	0.83777	0.00931	0.01203	0.01203	0.00893	0.01281	0.00737	0.00970	0.00621	0.00349	0.00388	0.00116	0.00466	0.00349	0.00194	0.00621
44	0.01465	0.01080	0.01159	0.00893	0.01200	0.01194	0.00736	0.80460	0.01816	0.02435	0.00971	0.03027	0.00714	0.00489	0.00395	0.00119	0.00426	0.00372	0.00391	0.00658
45	0.00813	0.00697	0.00813	0.00581	0.00929	0.00523	0.00465	0.00987	0.00813	0.01277	0.00697	0.00813	0.00581	0.00290	0.00290	0.00058	0.00290	0.00232	0.00232	0.88619
46	0.01465	0.01080	0.01159	0.00893	0.01200	0.01194	0.00736	0.80460	0.01816	0.02435	0.00971	0.03027	0.00714	0.00489	0.00395	0.00119	0.00426	0.00372	0.00391	0.00658
47	0.00469	0.00397	0.00405	0.00403	0.00533	0.00333	0.00302	0.00574	0.00907	0.01092	0.09035	0.03719	0.78534	0.00981	0.00463	0.00132	0.00198	0.00820	0.00368	0.00333
48	0.88991	0.00758	0.00576	0.00516	0.00758	0.00879	0.00425	0.01152	0.00667	0.01759	0.00546	0.00637	0.00425	0.00364	0.00243	0.00121	0.00303	0.00212	0.00243	0.00425
49	0.00570	0.00380	0.00428	0.00428	0.00428	0.00380	0.00238	0.00570	0.00570	0.00760	0.01235	0.02566	0.01425	0.86222	0.01995	0.00380	0.00380	0.00570	0.00238	0.00238
50	0.00788	0.03495	0.05988	0.00752	0.00960	0.00651	0.10311	0.01182	0.17432	0.06712	0.37201	0.02204	0.06624	0.00650	0.00436	0.00127	0.00315	0.03330	0.00370	0.00473
51	0.01435	0.01787	0.01099	0.00994	0.01200	0.77511	0.00749	0.03599	0.06098	0.01038	0.00674	0.00759	0.00551	0.00413	0.00357	0.00103	0.00676	0.00267	0.00219	0.00470
52	0.00944	0.00901	0.01518	0.11993	0.71426	0.00926	0.01169	0.01211	0.03777	0.01261	0.00763	0.00996	0.00630	0.00361	0.00389	0.00119	0.00467	0.00353	0.00199	0.00599
53	0.00466	0.00397	0.00402	0.00405	0.00535	0.00333	0.00304	0.00566	0.00891	0.01060	0.03912	0.05109	0.80992	0.00998	0.00465	0.00134	0.00202	0.02134	0.00364	0.00331
54	0.00564	0.00399	0.00524	0.00524	0.00559	0.00430	0.00359	0.00634	0.00613	0.00852	0.03198	0.03087	0.01289	0.44580	0.40181	0.00487	0.00683	0.00511	0.00231	0.00294
55	0.00858	0.00858	0.01201	0.01029	0.01029	0.01201	0.00858	0.00943	0.00600	0.00943	0.00515	0.00858	0.00515	0.00686	0.01287	0.00172	0.85505	0.00343	0.00172	0.00429
56	0.00813	0.00697	0.00813	0.00581	0.00929	0.00523	0.00465	0.00987	0.00813	0.01277	0.00697	0.00813	0.00581	0.00290	0.00290	0.00058	0.00290	0.00232	0.00232	0.88619
57	0.01464	0.01868	0.01111	0.01010	0.01212	0.84648	0.00757	0.01565	0.01111	0.00959	0.00606	0.00707	0.00505	0.00404	0.00353	0.00101	0.00707	0.00252	0.00202	0.00454
58	0.00463	0.00397	0.00397	0.00397	0.00530	0.00331	0.00298	0.00563	0.00894	0.01059	0.03971	0.03773	0.83618	0.00993	0.00463	0.00132	0.00199	0.00827	0.00364	0.00331
59	0.01048	0.86458	0.02054	0.00671	0.01006	0.01551	0.00671	0.01174	0.00797	0.00922	0.00545	0.00629	0.00503	0.00335	0.00252	0.00084	0.00419	0.00210	0.00168	0.00503
60	0.00877	0.01469	0.52641	0.00907	0.01335	0.00757	0.01064	0.03787	0.00902	0.12066	0.04959	0.01416	0.09590	0.05937	0.00493	0.00141	0.00472	0.00399	0.00252	0.00536
61	0.14209	0.00929	0.06214	0.00784	0.01048	0.07923	0.02931	0.10758	0.10995	0.27476	0.03252	0.05686	0.00964	0.00517	0.00408	0.00126	0.03165	0.01698	0.00356	0.00559
62	0.01490	0.01098	0.01177	0.00902	0.01216	0.01216	0.00745	0.82470	0.01843	0.02471	0.00941	0.00941	0.00667	0.00471	0.00392	0.00118	0.00431	0.00353	0.00392	0.00667
63	0.88991	0.00758	0.00576	0.00516	0.00758	0.00879	0.00425	0.01152	0.00667	0.01759	0.00546	0.00637	0.00425	0.00364	0.00243	0.00121	0.00303	0.00212	0.00243	0.00425
64	0.01451	0.01058	0.01139	0.00885	0.01189	0.01170	0.00727	0.71958	0.09548	0.05289	0.01025	0.01005	0.00728	0.00477	0.00393	0.00119	0.00416	0.00363	0.00396	0.00662
65	0.00520	0.00399	0.00476	0.00457	0.00564	0.00355	0.00343	0.00673	0.01028	0.01378	0.53505	0.03247	0.33885	0.00874	0.00463	0.00127	0.00190	0.00754	0.00406	0.00355
66	0.00731	0.00365	0.00365	0.00365	0.00457	0.00365	0.00274	0.00913	0.00822	0.01462	0.01279	0.01462	0.01005	0.00457	0.00274	0.00091	0.00183	0.00365	0.88399	0.00365
67	0.00478	0.00341	0.00455	0.00546	0.00569	0.00318	0.00364	0.00546	0.00751	0.01001	0.02161	0.85966	0.02593	0.01228	0.00500	0.00159	0.00227	0.01114	0.00364	0.00318
68	0.01048	0.86458	0.02054	0.00671	0.01006	0.01551	0.00671	0.01174	0.00797	0.00922	0.00545	0.00629	0.00503	0.00335	0.00252	0.00084	0.00419	0.00210	0.00168	0.00503
69	0.00555	0.00401	0.00524	0.00493	0.00586	0.00370	0.00370	0.00740	0.01110	0.01572	0.83570	0.02928	0.03699	0.00801	0.00462	0.00123	0.00185	0.00709	0.00432	0.00370
70	0.00464	0.00394	0.00401	0.00407	0.00532	0.00330	0.00302	0.00562	0.00884	0.01055	0.03856	0.09001	0.78463	0.01008	0.00466	0.00134	0.00200	0.00846	0.00364	0.00330
71	0.01464	0.01868	0.01111	0.01010	0.01212	0.84648	0.00757	0.01565	0.01111	0.00959	0.00606	0.00707	0.00505	0.00404	0.00353	0.00101	0.00707	0.00252	0.00202	0.00454
72	0.01139	0.01073	0.01884	0.01369	0.01734	0.01076	0.51529	0.31931	0.01272	0.01715	0.00849	0.01014	0.00622	0.00383	0.00436	0.00127	0.00574	0.00421	0.00272	0.00581
73	0.01005	0.00830	0.00911	0.06169	0.01129	0.00955	0.00651	0.03428	0.72696	0.05337	0.01525	0.01421	0.01134	0.00520	0.00398	0.00132	0.00327	0.00433	0.00388	0.00612
74	0.00681	0.00340	0.00511	0.00511	0.00511	0.00340	0.00340	0.00511	0.00511	0.00681	0.00681	0.01192	0.00681	0.01362	0.01532	0.88594	0.00340	0.00340	0.00170	0.00170
75	0.01440	0.01069	0.01146	0.00889	0.01192	0.01185	0.00731	0.75960	0.06992	0.02393	0.01004	0.02423	0.00733	0.00487	0.00394	0.00119	0.00420	0.00372	0.00392	0.00658
76	0.00813	0.00697	0.00813	0.00581	0.00929	0.00523	0.00465	0.00987	0.00813	0.01277	0.00697	0.00813	0.00581	0.00290	0.00290	0.00058	0.00290	0.00232	0.00232	0.88619
77	0.00583	0.00417	0.00576	0.00667	0.00736	0.00410	0.00548	0.00729	0.00855	0.01119	0.02102	0.30035	0.02362	0.01129	0.00529	0.00174	0.00319	0.56003	0.00362	0.00348
78	0.00566	0.00395	0.00504	0.00504	0.00531	0.00422	0.00333	0.00619	0.00593	0.00817	0.01165	0.02178	0.01257	0.54766	0.33222	0.00474	0.00633	0.00513	0.00227	0.00280
79	0.29251	0.53780	0.01509	0.00629	0.00927	0.01301	0.00589	0.01222	0.05743	0.01234	0.00609	0.00682	0.00520	0.00356	0.00258	0.00099	0.00375	0.00225	0.00206	0.00485
80	0.00497	0.00368	0.00469	0.00541	0.00596	0.00340	0.00389	0.00587	0.00801	0.01037	0.02511	0.57813	0.18777	0.01160	0.00499	0.00157	0.00241	0.12525	0.00364	0.00327
81	0.00578	0.00450	0.00576	0.00684	0.08582	0.00434	0.00424	0.00728	0.05772	0.01076	0.06370	0.36113	0.18063	0.15573	0.00725	0.00183	0.00273	0.00813	0.02225	0.00358
82	0.01401	0.07188	0.01176	0.00990	0.01188	0.74303	0.00758	0.01503	0.01060	0.00956	0.00597	0.00711	0.00505	0.00417	0.00404	0.00104	0.05830	0.00255	0.00198	0.00456
83	0.00467	0.00397	0.00402	0.00401	0.00532	0.00332	0.00300	0.00569	0.00901	0.01077	0.06796	0.03743	0.80782	0.00986	0.00463	0.00132	0.00198	0.00823	0.00366	0.00332
84	0.00557	0.00387	0.00457	0.00448	0.00486	0.00373	0.00285	0.00624	0.00766	0.01042	0.27800	0.03819	0.07348	0.52400	0.01389	0.00279	0.00304	0.00638	0.00309	0.00287
85	0.00810	0.09827	0.76604	0.01076	0.01633	0.00970	0.01377	0.01235	0.00825	0.01212	0.00689	0.00809	0.00497	0.00369	0.00361	0.00120	0.00565	0.00282	0.00166	0.00572
86	0.00917	0.00842	0.00738	0.00690	0.00802	0.22147	0.00506	0.01125	0.16977	0.01080	0.13010	0.01433	0.03073	0.00862	0.00826	0.33536	0.00403	0.00403	0.00266	0.00365
87	0.00593	0.00407	0.00505	0.00539	0.00573	0.00407	0.00386	0.00662	0.00696	0.00916	0.01553	0.03267	0.01739	0.54064	0.01446	0.00305	0.00373	0.31001	0.00284	0.00284
88	0.00472	0.00362	0.00433	0.00490	0.00554	0.00323	0.00339	0.00552	0.00804	0.01023	0.02838	0.55221	0.32901	0.01140	0.00487	0.00149	0.00217	0.01007	0.00364	0.00323
89	0.00813	0.00697	0.00813	0.00581	0.00929	0.00523	0.00465	0.00987	0.00813	0.01277	0.00697	0.00813	0.00581	0.00290	0.00290	0.00058	0.00290	0.00232	0.00232	0.88619
90	0.34171	0.00893	0.01371	0.01063	0.01299	0.01003	0.30453	0.01136	0.00744	0.01366	0.00628	0.00847	0.00510	0.00435	0.00591	0.00138	0.22342	0.00337	0.00208	0.00464
91	0.00478	0.00341	0.00455	0.00546	0.00569	0.00318	0.00364	0.00546	0.00751	0.01001	0.02161	0.85966	0.02593	0.01228	0.00500	0.00159	0.00227	0.01114	0.00364	0.00318
92	0.00478	0.00341	0.00455	0.00546	0.00569	0.00318	0.00364	0.00546	0.00751	0.01001	0.02161	0.85966	0.02593	0.01228	0.00500	0.00159	0.00227	0.01114	0.00364	0.00318
93	0.02328	0.03665	0.01298	0.31538	0.32865	0.05673	0.01008	0.05677	0.02936	0.01229	0.00809	0.01040	0.02042	0.00402	0.00401	0.00121	0.02614	0.00348	0.03482	0.00522
94	0.00646	0.01027	0.32192	0.00814	0.01077	0.00649	0.00852	0.00905	0.00705	0.01035	0.00919	0.01271	0.00797	0.01970	0.52829	0.00439	0.00872	0.00371	0.00193	0.00437
95	0.03196	0.00691	0.00830	0.00606	0.00942	0.00544	0.00490	0.01206	0.00881	0.20542	0.00891	0.00930	0.00668	0.00337	0.00313	0.00074	0.00301	0.00269	0.00291	0.65998
96	0.01464	0.01868	0.01111	0.01010	0.01212	0.84648	0.00757	0.01565	0.01111	0.00959	0.00606	0.00707	0.00505	0.00404	0.00353	0.00101	0.00707	0.00252	0.00202	0.00454
97	0.28792	0.00707	0.00768	0.00595	0.00897	0.00651	0.00485	0.01315	0.00860	0.26177	0.00904	0.00914	0.00648	0.00372	0.00306	0.00097	0.00307	0.00274	0.00311	0.34620
98	0.01495	0.02975	0.01145	0.00863	0.01171	0.01121	0.00714	0.65413	0.05485	0.14011	0.01049	0.01014	0.00731	0.00472	0.00390	0.00118	0.00412	0.00360	0.00401	0.00661
99	0.01048	0.86458	0.02054	0.00671	0.01006	0.01551	0.00671	0.01174	0.00797	0.00922	0.00545	0.00629	0.00503	0.00335	0.00252	0.00084	0.00419	0.00210	0.00168	0.00503
100	0.00813	0.00697	0.00813	0.00581	0.00929	0.00523	0.00465	0.00987	0.00813	0.01277	0.00697	0.00813	0.00581	0.00290	0.00290	0.00058	0.00290	0.00232	0.00232	0.88619
101	0.00478	0.00341	0.00455	0.00546	0.00569	0.00318	0.00364	0.00546	0.00751	0.01001	0.02161	0.85966	0.02593	0.01228	0.00500	0.00159	0.00227	0.01114	0.00364	0.00318
102	0.01464	0.01868	0.01111	0.01010	0.01212	0.84648	0.00757	0.01565	0.01111	0.00959	0.00606	0.00707	0.00505	0.00404	0.00353	0.00101	0.00707	0.00252	0.00202	0.00454
103	0.23443	0.01169	0.00908	0.00799	0.01030	0.27254	0.00625	0.12600	0.23930	0.01566	0.00925	0.00946	0.00709	0.00440	0.00342	0.00117	0.00447	0.00311	0.01920	0.00520
104	0.03104	0.20213	0.55676	0.00975	0.01457	0.02834	0.01173	0.01269	0.00838	0.06441	0.00713	0.00810	0.00527	0.00378	0.00361	0.00116	0.02091	0.00277	0.00189	0.00559
105	0.01759	0.00667	0.00910	0.00698	0.01001	0.00576	0.00576	0.01911	0.01122	0.84048	0.01547	0.01334	0.00970	0.00485	0.00394	0.00121	0.00334	0.00394	0.00485	0.00667
106	0.01582	0.00892	0.01043	0.00804	0.01107	0.00916	0.00662	0.45474	0.01503	0.37862	0.01234	0.03198	0.00846	0.00496	0.00396	0.00120	0.00384	0.00390	0.00432	0.00658
107	0.09681	0.01030	0.00966	0.06190	0.01159	0.16565	0.00673	0.14511	0.29106	0.10961	0.02542	0.01130	0.00869	0.00476	0.00395	0.00123	0.02364	0.00362	0.00337	0.00563
108	0.00480	0.00343	0.00458	0.00549	0.00573	0.00321	0.00369	0.00551	0.00753	0.01004	0.02159	0.84488	0.02587	0.01226	0.00501	0.00160	0.00230	0.02566	0.00364	0.00319
109	0.00715	0.00676	0.02913	0.01069	0.06418	0.00646	0.24584	0.00927	0.00830	0.01126	0.01355	0.08083	0.01364	0.04234	0.17540	0.00258	0.00591	0.25987	0.00264	0.00422
110	0.00821	0.00656	0.00705	0.00719	0.02586	0.07623	0.00522	0.05157	0.18618	0.06510	0.01772	0.43295	0.01851	0.00895	0.00455	0.00145	0.00317	0.06546	0.00363	0.00444
111	0.00991	0.00913	0.01395	0.28459	0.39052	0.06610	0.04812	0.03479	0.00909	0.06459	0.00770	0.01000	0.00602	0.00386	0.00412	0.00122	0.02522	0.00350	0.00212	0.00546
112	0.01123	0.61975	0.07480	0.00772	0.01099	0.16822	0.00743	0.04196	0.00895	0.01007	0.00581	0.00668	0.00509	0.00355	0.00284	0.00091	0.00484	0.00228	0.00182	0.00505
113	0.00886	0.01305	0.30059	0.04328	0.34014	0.03637	0.05228	0.01185	0.00860	0.01234	0.00769	0.00949	0.02004	0.00373	0.00399	0.00116	0.02607	0.00327	0.00190	0.09530
114	0.01097	0.11483	0.14737	0.01471	0.30986	0.06282	0.06993	0.03183	0.03666	0.13128	0.01763	0.00983	0.00681	0.00386	0.00373	0.00115	0.00478	0.00337	0.00243	0.01613
115	0.02275	0.00747	0.08017	0.05501	0.19173	0.00649	0.02235	0.04190	0.02970	0.12105	0.02268	0.28099	0.02449	0.00726	0.00436	0.00138	0.00368	0.06851	0.00313	0.00489
116	0.00560	0.00420	0.00630	0.00630	0.00700	0.00490	0.00490	0.00700	0.00630	0.00910	0.01050	0.01540	0.00980	0.02940	0.84669	0.00630	0.01050	0.00420	0.00210	0.00350
117	0.00900	0.05843	0.40796	0.00936	0.01303	0.16852	0.01003	0.01275	0.09108	0.01199	0.05211	0.06778	0.05043	0.00506	0.00395	0.00122	0.01587	0.00398	0.00233	0.00513
118	0.00912	0.08246	0.45088	0.09204	0.05220	0.02366	0.14009	0.05238	0.00904	0.04116	0.00745	0.00896	0.00545	0.00373	0.00381	0.00122	0.00556	0.00325	0.00196	0.00559
119	0.00941	0.00879	0.01375	0.07784	0.56263	0.00927	0.01043	0.01353	0.17998	0.01331	0.02270	0.01157	0.00805	0.00417	0.00416	0.00123	0.02536	0.01547	0.00241	0.00595
120	0.00523	0.00399	0.00480	0.00460	0.00566	0.00356	0.00345	0.00678	0.01034	0.01393	0.55816	0.03223	0.31564	0.00868	0.00463	0.00126	0.00190	0.00750	0.00408	0.00356
121	0.00927	0.00915	0.01497	0.22530	0.53697	0.04190	0.05472	0.01162	0.00867	0.01188	0.00718	0.00979	0.00588	0.00372	0.00421	0.00122	0.03257	0.00351	0.00189	0.00558
122	0.00891	0.08616	0.42069	0.04628	0.12391	0.00985	0.08513	0.05938	0.05879	0.01294	0.00794	0.00981	0.00615	0.01644	0.00418	0.00126	0.01972	0.01476	0.00204	0.00565
123	0.00563	0.00418	0.00614	0.00616	0.00681	0.00480	0.00474	0.00693	0.00632	0.00905	0.01090	0.01692	0.01047	0.09455	0.76074	0.00599	0.00980	0.02430	0.00216	0.00341
124	0.00526	0.00400	0.00484	0.00463	0.00568	0.00358	0.00347	0.00684	0.01042	0.01411	0.58568	0.03194	0.28801	0.00862	0.00463	0.00126	0.00189	0.00746	0.00410	0.00358
125	0.01005	0.22364	0.06659	0.08451	0.14813	0.06569	0.14005	0.01247	0.03445	0.07754	0.06136	0.01127	0.03011	0.00415	0.00369	0.00113	0.00470	0.00365	0.01156	0.00524
126	0.00917	0.01014	0.08228	0.13730	0.49801	0.02114	0.14900	0.01186	0.00884	0.01234	0.01827	0.01006	0.00632	0.00361	0.00400	0.00122	0.00515	0.00367	0.00193	0.00570
127	0.00560	0.00419	0.00623	0.00623	0.00691	0.00486	0.00482	0.00696	0.00628	0.00905	0.01056	0.01574	0.00995	0.05658	0.81971	0.00622	0.01028	0.00425	0.00211	0.00346
128	0.01759	0.00667	0.00910	0.00698	0.01001	0.00576	0.00576	0.01911	0.01122	0.84048	0.01547	0.01334	0.00970	0.00485	0.00394	0.00121	0.00334	0.00394	0.00485	0.00667
129	0.01188	0.04582	0.01171	0.01061	0.11081	0.11105	0.03449	0.28996	0.25778	0.01728	0.01100	0.04245	0.00866	0.00484	0.00388	0.00120	0.00429	0.00394	0.01239	0.00594
130	0.02678	0.02294	0.16364	0.05199	0.13739	0.21566	0.02900	0.03129	0.00955	0.11208	0.01678	0.01949	0.00651	0.00408	0.00397	0.00111	0.03400	0.00318	0.00238	0.10816
131	0.00968	0.14941	0.24339	0.03680	0.05124	0.07651	0.02740	0.05607	0.08771	0.06077	0.06818	0.01247	0.06473	0.00464	0.00369	0.00114	0.00448	0.00370	0.00258	0.03541
132	0.01026	0.07835	0.01170	0.11999	0.20172	0.05499	0.02825	0.06027	0.05014	0.12941	0.05657	0.08918	0.01052	0.03678	0.00449	0.00128	0.00411	0.00439	0.00285	0.04476
133	0.01698	0.06364	0.03349	0.00626	0.00746	0.05338	0.00503	0.03311	0.01829	0.01091	0.11877	0.08314	0.06512	0.09758	0.32393	0.00342	0.00612	0.04687	0.00273	0.00376
134	0.02100	0.15326	0.13065	0.08659	0.08746	0.09874	0.04500	0.07224	0.05185	0.04263	0.02835	0.05718	0.06087	0.02458	0.00415	0.00125	0.00457	0.02207	0.00251	0.00505
135	0.04886	0.07666	0.05980	0.07871	0.05391	0.16376	0.13288	0.09249	0.05562	0.10392	0.03084	0.01159	0.03437	0.00450	0.00401	0.00120	0.02038	0.01854	0.00270	0.00527
136	0.15487	0.10454	0.13940	0.01990	0.06438	0.03016	0.10473	0.06265	0.03710	0.06238	0.01043	0.09308	0.01868	0.00526	0.00390	0.00127	0.01498	0.06463	0.00262	0.00503
137	0.06440	0.16959	0.07822	0.00746	0.06902	0.01750	0.01632	0.00902	0.01897	0.02326	0.01000	0.06346	0.01047	0.38059	0.01099	0.00232	0.03779	0.00451	0.00225	0.00387

[dist]
# distance from previous block
# <min> <max>
19	168

# created by:
# /st0/software/busco_prod/Augustus/scripts/msa2prfl.pl ./align_prep/31569.fa
