[name]
unknown

[dist]
# distance from previous block
# <min> <max>
0	40

[block]
# block no. 0 follows, 73 sequences, length 59
# corresponding to MSA columns:
# 41-99
name=unknown_A
#
# <colnr> <probs for GDERKNQSTAVLIFYWHMCP>
#	G	D	E	R	K	N	Q	S	T	A	V	L	I	F	Y	W	H	M	C	P
0	0.00644	0.00468	0.00627	0.00693	0.00790	0.00477	0.00596	0.03867	0.04906	0.01182	0.01928	0.07991	0.02070	0.00996	0.00504	0.00167	0.00339	0.71040	0.00348	0.00366
1	0.01402	0.01036	0.01113	0.00852	0.01153	0.01139	0.00703	0.80129	0.01727	0.02322	0.00892	0.00896	0.00635	0.00444	0.00372	0.00110	0.00408	0.00333	0.00370	0.03965
2	0.00459	0.00328	0.00439	0.00524	0.00547	0.00308	0.00351	0.00525	0.00716	0.00956	0.02048	0.84957	0.02452	0.01206	0.02087	0.00161	0.00233	0.01054	0.00345	0.00305
3	0.00593	0.00456	0.00584	0.00539	0.00638	0.01655	0.01778	0.01900	0.03657	0.02377	0.62575	0.05700	0.06920	0.00858	0.04614	0.00145	0.03619	0.00645	0.00379	0.00370
4	0.01005	0.01038	0.01266	0.06342	0.26596	0.18389	0.05666	0.04299	0.05835	0.02368	0.00730	0.02877	0.00624	0.00459	0.00576	0.00125	0.20757	0.00343	0.00208	0.00498
5	0.00503	0.00338	0.00452	0.00528	0.00560	0.00314	0.00356	0.00572	0.00732	0.04108	0.02046	0.83362	0.02423	0.01149	0.00475	0.00151	0.00221	0.01041	0.00353	0.00317
6	0.19343	0.00768	0.00876	0.00686	0.00967	0.00777	0.00566	0.23832	0.01174	0.45545	0.01129	0.01040	0.00744	0.00437	0.00347	0.00115	0.00339	0.00331	0.00393	0.00591
7	0.01112	0.03774	0.01152	0.06573	0.03578	0.46718	0.06426	0.01240	0.00889	0.00941	0.00629	0.00831	0.00542	0.00671	0.09233	0.00164	0.14616	0.00294	0.00186	0.00430
8	0.00617	0.00459	0.00548	0.00537	0.00626	0.00470	0.00389	0.00908	0.17056	0.02538	0.26964	0.16517	0.06437	0.17014	0.04141	0.00194	0.00285	0.03581	0.00348	0.00370
9	0.02257	0.00366	0.00372	0.00364	0.00460	0.00365	0.00274	0.00908	0.00792	0.04322	0.01220	0.01393	0.00955	0.01415	0.00284	0.00092	0.00184	0.00350	0.83265	0.00359
10	0.01579	0.00718	0.00904	0.00697	0.00980	0.00680	0.00574	0.20104	0.01216	0.62303	0.01338	0.01198	0.00865	0.00460	0.00371	0.00114	0.00334	0.00367	0.04574	0.00625
11	0.00821	0.00821	0.01149	0.00985	0.00985	0.01149	0.00821	0.00903	0.00575	0.00903	0.00492	0.00821	0.00492	0.00657	0.01231	0.00164	0.86128	0.00328	0.00164	0.00410
12	0.00471	0.00350	0.00442	0.00505	0.00558	0.00321	0.00359	0.00558	0.00776	0.01008	0.05894	0.57222	0.20376	0.01096	0.00473	0.00147	0.00222	0.08558	0.00351	0.00313
13	0.00898	0.00977	0.02012	0.01792	0.26003	0.00932	0.59231	0.01187	0.00876	0.01209	0.00743	0.00988	0.00577	0.00322	0.00422	0.00122	0.00578	0.00411	0.00189	0.00532
14	0.01401	0.01788	0.01063	0.00967	0.01160	0.85309	0.00725	0.01498	0.01063	0.00918	0.00580	0.00677	0.00483	0.00387	0.00338	0.00097	0.00677	0.00242	0.00193	0.00435
15	0.00733	0.00410	0.00446	0.00418	0.00524	0.00409	0.00319	0.06292	0.00919	0.03417	0.19509	0.01672	0.01508	0.00511	0.00312	0.00096	0.00194	0.00422	0.61511	0.00376
16	0.01106	0.00814	0.00890	0.00751	0.00968	0.02515	0.00597	0.32445	0.26070	0.09044	0.07275	0.10979	0.01247	0.00584	0.00409	0.00123	0.01776	0.01476	0.00377	0.00555
17	0.00897	0.00953	0.01058	0.44168	0.03370	0.23492	0.02876	0.01128	0.04108	0.01006	0.00866	0.01383	0.00758	0.00474	0.00387	0.00124	0.00520	0.11799	0.00208	0.00424
18	0.00882	0.00539	0.00656	0.03900	0.00781	0.04579	0.00456	0.01075	0.03420	0.22427	0.53694	0.02204	0.02545	0.00649	0.00417	0.00117	0.00253	0.00561	0.00405	0.00439
19	0.04220	0.00845	0.01131	0.42498	0.14738	0.08539	0.00925	0.04244	0.08614	0.02785	0.00751	0.00970	0.00583	0.00408	0.00434	0.00123	0.07180	0.00329	0.00208	0.00474
20	0.00691	0.00571	0.00631	0.03832	0.02893	0.07039	0.00472	0.02554	0.07958	0.04818	0.14558	0.27940	0.15983	0.02113	0.00475	0.00136	0.02273	0.04340	0.00338	0.00385
21	0.06844	0.00772	0.00865	0.00671	0.00959	0.01980	0.00543	0.19445	0.09617	0.20970	0.03378	0.01031	0.00796	0.00403	0.00336	0.00096	0.00323	0.00317	0.00334	0.30320
22	0.00600	0.00486	0.00645	0.03204	0.10211	0.00490	0.00503	0.01837	0.11992	0.01103	0.01983	0.47799	0.11541	0.00924	0.00447	0.00141	0.00268	0.05107	0.00329	0.00388
23	0.01047	0.00767	0.00840	0.00738	0.00961	0.00854	0.00579	0.01930	0.67860	0.15494	0.01576	0.01434	0.03188	0.00513	0.00383	0.00125	0.00298	0.00425	0.00395	0.00594
24	0.01442	0.00934	0.01095	0.00930	0.07634	0.00992	0.00709	0.55743	0.01508	0.22434	0.01022	0.00994	0.00704	0.00447	0.00387	0.00114	0.01552	0.00347	0.00379	0.00632
25	0.00473	0.00377	0.00424	0.00422	0.00527	0.00328	0.00313	0.00593	0.00912	0.01171	0.30119	0.09889	0.51311	0.00908	0.00446	0.00126	0.00188	0.00776	0.00370	0.00328
26	0.00801	0.00692	0.00844	0.00605	0.00939	0.00537	0.03699	0.03338	0.00811	0.01255	0.00677	0.00791	0.00559	0.00284	0.00287	0.00060	0.00296	0.00234	0.00225	0.83065
27	0.00543	0.00406	0.00577	0.00582	0.00632	0.00462	0.00436	0.00648	0.00611	0.00864	0.01139	0.09449	0.01166	0.15980	0.58613	0.00495	0.04013	0.02845	0.00221	0.00318
28	0.01105	0.01045	0.00935	0.00821	0.01042	0.18314	0.00639	0.14333	0.54225	0.01557	0.01236	0.01175	0.00931	0.00475	0.00372	0.00119	0.00393	0.00373	0.00342	0.00568
29	0.03026	0.00832	0.05386	0.42429	0.37732	0.00862	0.02274	0.01060	0.00796	0.01106	0.00682	0.00950	0.00538	0.00355	0.00370	0.00119	0.00476	0.00329	0.00176	0.00501
30	0.02130	0.00461	0.00658	0.00655	0.00739	0.00456	0.07677	0.03069	0.07859	0.01093	0.01842	0.63327	0.02093	0.01000	0.00462	0.00147	0.00275	0.05361	0.00336	0.00361
31	0.01000	0.01097	0.01224	0.01030	0.01127	0.22830	0.08376	0.04308	0.00776	0.00992	0.00556	0.00804	0.00503	0.00548	0.00895	0.00141	0.52860	0.00317	0.00182	0.00434
32	0.00457	0.00329	0.00433	0.00517	0.00543	0.00305	0.00346	0.00523	0.00724	0.00960	0.02136	0.83321	0.05687	0.01167	0.00477	0.00151	0.00217	0.01056	0.00348	0.00305
33	0.04466	0.01105	0.04999	0.01343	0.04726	0.13886	0.51574	0.02182	0.00911	0.05257	0.00856	0.02194	0.02987	0.00373	0.00417	0.00121	0.01491	0.00405	0.00213	0.00495
34	0.00574	0.00396	0.00469	0.00452	0.00535	0.00367	0.00319	0.00692	0.02461	0.05128	0.30711	0.06938	0.22714	0.24506	0.00845	0.00190	0.00245	0.01788	0.00344	0.00326
35	0.01523	0.00647	0.00842	0.00658	0.00927	0.00587	0.00539	0.07988	0.03476	0.67317	0.04492	0.01401	0.04282	0.00494	0.00379	0.00116	0.00311	0.00402	0.03011	0.00606
36	0.00608	0.00416	0.00563	0.00576	0.00653	0.00431	0.00433	0.02632	0.02961	0.05707	0.06835	0.29269	0.04444	0.04088	0.32482	0.00323	0.00536	0.06386	0.00301	0.00354
37	0.30622	0.01117	0.01939	0.00929	0.07489	0.27985	0.06435	0.02219	0.02050	0.06356	0.01792	0.00790	0.00553	0.00400	0.00395	0.00115	0.07854	0.00276	0.00227	0.00458
38	0.00457	0.00326	0.00435	0.00522	0.00544	0.00305	0.00348	0.00522	0.00718	0.00958	0.02068	0.86570	0.02481	0.01175	0.00479	0.00152	0.00218	0.01067	0.00348	0.00305
39	0.00544	0.00412	0.00610	0.00614	0.00678	0.00479	0.00480	0.00674	0.00621	0.00889	0.01093	0.05996	0.01064	0.02579	0.74315	0.00546	0.03441	0.04415	0.00215	0.00336
40	0.00887	0.00875	0.01413	0.16213	0.51792	0.05301	0.08112	0.01121	0.01668	0.01158	0.00804	0.01195	0.00697	0.00398	0.00388	0.00119	0.00474	0.06659	0.00198	0.00529
41	0.00909	0.01432	0.31442	0.01168	0.01497	0.14922	0.22453	0.01182	0.00814	0.01086	0.00641	0.00836	0.00505	0.00416	0.00564	0.00127	0.19016	0.00325	0.00174	0.00491
42	0.89465	0.00726	0.00551	0.00493	0.00726	0.00842	0.00406	0.01103	0.00638	0.01683	0.00522	0.00609	0.00406	0.00348	0.00232	0.00116	0.00290	0.00203	0.00232	0.00406
43	0.00590	0.00375	0.00427	0.00419	0.00431	0.00371	0.00240	0.00596	0.00566	0.04027	0.01194	0.02409	0.01347	0.83423	0.01849	0.00354	0.00362	0.00539	0.00237	0.00243
44	0.00450	0.00363	0.00400	0.00427	0.00520	0.00314	0.00307	0.00538	0.00817	0.01008	0.05269	0.29567	0.56677	0.01016	0.00454	0.00135	0.00198	0.00875	0.00350	0.00314
45	0.04234	0.02517	0.01112	0.00884	0.03497	0.03531	0.00707	0.69003	0.07202	0.02190	0.00910	0.00914	0.00656	0.00444	0.00368	0.00113	0.00409	0.00334	0.00357	0.00618
46	0.13706	0.00955	0.01003	0.00795	0.01063	0.01915	0.00653	0.56228	0.07548	0.06701	0.00920	0.01857	0.00672	0.00457	0.00390	0.00117	0.03749	0.00334	0.00350	0.00588
47	0.00472	0.00366	0.00430	0.00446	0.00532	0.00324	0.00322	0.00581	0.00873	0.01133	0.25557	0.27232	0.38460	0.00964	0.00453	0.00132	0.00194	0.00839	0.00366	0.00324
48	0.00907	0.01016	0.03179	0.01533	0.03499	0.00955	0.74436	0.04440	0.03728	0.01260	0.00788	0.01016	0.00591	0.00329	0.00436	0.00126	0.00608	0.00434	0.00203	0.00517
49	0.00784	0.00741	0.01252	0.50157	0.34239	0.00835	0.01057	0.01016	0.00789	0.01062	0.00737	0.04333	0.00614	0.00391	0.00378	0.00121	0.00468	0.00363	0.00181	0.00481
50	0.89465	0.00726	0.00551	0.00493	0.00726	0.00842	0.00406	0.01103	0.00638	0.01683	0.00522	0.00609	0.00406	0.00348	0.00232	0.00116	0.00290	0.00203	0.00232	0.00406
51	0.01385	0.09466	0.01208	0.00842	0.01144	0.01195	0.00706	0.75189	0.01666	0.02219	0.00864	0.00871	0.00623	0.00438	0.00362	0.00109	0.00412	0.00324	0.00354	0.00623
52	0.00844	0.00715	0.00780	0.04055	0.02077	0.03534	0.01429	0.03403	0.48576	0.03818	0.07370	0.08550	0.12009	0.00620	0.00400	0.00127	0.00298	0.00526	0.00360	0.00508
53	0.01012	0.02271	0.04501	0.02340	0.25492	0.12130	0.04364	0.07784	0.08747	0.08988	0.07379	0.04827	0.01019	0.02264	0.03607	0.00139	0.00448	0.01895	0.00273	0.00519
54	0.80188	0.00732	0.00614	0.03899	0.03232	0.00845	0.00459	0.03148	0.00679	0.01655	0.00551	0.00651	0.00428	0.00352	0.00246	0.00116	0.00305	0.00217	0.01266	0.00417
55	0.00778	0.00667	0.00778	0.00556	0.00889	0.00500	0.00445	0.00945	0.00778	0.01223	0.00667	0.00778	0.00556	0.00278	0.00278	0.00056	0.00278	0.00222	0.00222	0.89108
56	0.01003	0.87041	0.01966	0.00642	0.00963	0.01485	0.00642	0.01123	0.00762	0.00883	0.00522	0.00602	0.00481	0.00321	0.00241	0.00080	0.00401	0.00201	0.00160	0.00481
57	0.00770	0.04811	0.07967	0.00842	0.07668	0.00613	0.08893	0.02573	0.06292	0.09116	0.15316	0.23592	0.07698	0.00693	0.00416	0.00126	0.00325	0.00622	0.00317	0.01349
58	0.00843	0.08438	0.18100	0.00915	0.10640	0.02278	0.00763	0.06491	0.16327	0.03343	0.17204	0.02265	0.04686	0.00543	0.01983	0.00123	0.00375	0.00417	0.00287	0.03979

[dist]
# distance from previous block
# <min> <max>
0	2

[block]
# block no. 1 follows, 73 sequences, length 23
# corresponding to MSA columns:
# 102-124
name=unknown_B
#
# <colnr> <probs for GDERKNQSTAVLIFYWHMCP>
#	G	D	E	R	K	N	Q	S	T	A	V	L	I	F	Y	W	H	M	C	P
0	0.00874	0.00665	0.03497	0.00608	0.00862	0.02323	0.01354	0.02025	0.03017	0.13873	0.01891	0.02101	0.03382	0.06686	0.12901	0.00176	0.00416	0.00337	0.00267	0.42746
1	0.00670	0.00548	0.02608	0.00567	0.00709	0.00535	0.00446	0.02753	0.22770	0.02660	0.51698	0.02386	0.08767	0.00692	0.00422	0.00121	0.00225	0.00599	0.00394	0.00429
2	0.00829	0.17269	0.56359	0.00956	0.01430	0.00953	0.04262	0.01192	0.02898	0.02894	0.00687	0.00790	0.00513	0.00349	0.00334	0.00107	0.00497	0.00271	0.00177	0.07233
3	0.00668	0.00449	0.00566	0.00516	0.00636	0.00431	0.00394	0.00933	0.09795	0.08476	0.66232	0.02550	0.05439	0.00720	0.00431	0.00119	0.00202	0.00630	0.00412	0.00402
4	0.00933	0.00806	0.00848	0.00764	0.00976	0.00933	0.00594	0.01994	0.83797	0.01569	0.01527	0.01400	0.01145	0.00509	0.00382	0.00127	0.00297	0.00424	0.00382	0.00594
5	0.00792	0.00781	0.08052	0.00627	0.00939	0.00586	0.00544	0.04965	0.00802	0.01226	0.00707	0.00897	0.00604	0.05495	0.01703	0.00095	0.04215	0.00259	0.00222	0.66491
6	0.00992	0.65519	0.07040	0.00878	0.08287	0.01350	0.05669	0.04632	0.00822	0.01013	0.00577	0.00679	0.00503	0.00330	0.00277	0.00089	0.00429	0.00237	0.00173	0.00504
7	0.01401	0.01788	0.01063	0.00967	0.01160	0.85309	0.00725	0.01498	0.01063	0.00918	0.00580	0.00677	0.00483	0.00387	0.00338	0.00097	0.00677	0.00242	0.00193	0.00435
8	0.00455	0.00376	0.00400	0.00404	0.00517	0.00320	0.00299	0.00558	0.00868	0.01068	0.13430	0.10680	0.67435	0.00947	0.00446	0.00128	0.00191	0.00802	0.00356	0.00320
9	0.01415	0.00933	0.01058	0.00920	0.08283	0.05638	0.00689	0.41667	0.03859	0.26349	0.01045	0.01011	0.00723	0.00435	0.00370	0.00111	0.00394	0.00341	0.00369	0.04391
10	0.01023	0.11970	0.01038	0.00764	0.01005	0.01042	0.00620	0.15180	0.59656	0.01611	0.01295	0.01215	0.00977	0.00475	0.00363	0.00119	0.00329	0.00381	0.00352	0.00587
11	0.00728	0.00686	0.01160	0.78690	0.09659	0.00839	0.01051	0.00975	0.00759	0.00982	0.00670	0.00994	0.00508	0.00372	0.00375	0.00124	0.00495	0.00333	0.00168	0.00432
12	0.00739	0.00698	0.01180	0.74398	0.13862	0.00842	0.01057	0.00985	0.00765	0.00995	0.00672	0.00990	0.00513	0.00369	0.00375	0.00123	0.00493	0.00334	0.00169	0.00441
13	0.00456	0.00332	0.00429	0.00507	0.00540	0.00306	0.00341	0.00524	0.00733	0.00964	0.02259	0.77404	0.11524	0.01151	0.00475	0.00150	0.00215	0.01036	0.00348	0.00306
14	0.00652	0.00326	0.00489	0.00489	0.00489	0.00326	0.00326	0.00489	0.00489	0.00652	0.00652	0.01140	0.00652	0.01303	0.01466	0.89084	0.00326	0.00326	0.00163	0.00163
15	0.00474	0.00352	0.00443	0.00489	0.00547	0.00321	0.00345	0.00571	0.00820	0.01086	0.19251	0.50635	0.18689	0.01043	0.00466	0.00141	0.00208	0.03437	0.00361	0.00318
16	0.66620	0.11799	0.03038	0.00565	0.00814	0.04707	0.00488	0.01178	0.05619	0.01527	0.00589	0.00663	0.00465	0.00356	0.00250	0.00111	0.00329	0.00220	0.00228	0.00432
17	0.00467	0.00334	0.00447	0.00534	0.00560	0.00313	0.00365	0.00540	0.00728	0.00969	0.02062	0.81037	0.02460	0.01166	0.00482	0.00154	0.00226	0.06502	0.00348	0.00307
18	0.00929	0.00891	0.01523	0.02303	0.84475	0.00891	0.01151	0.01151	0.00854	0.01226	0.00706	0.00929	0.00594	0.00334	0.00371	0.00111	0.00446	0.00334	0.00186	0.00594
19	0.00536	0.00402	0.00603	0.00603	0.00670	0.00469	0.00469	0.00670	0.00603	0.00871	0.01005	0.01474	0.00938	0.02814	0.85328	0.00603	0.01005	0.00402	0.00201	0.00335
20	0.00745	0.03548	0.01150	0.65851	0.07784	0.02681	0.00984	0.00968	0.00747	0.00966	0.00684	0.02148	0.00549	0.00493	0.03669	0.00143	0.05952	0.00339	0.00172	0.00426
21	0.05876	0.12041	0.22502	0.01013	0.02912	0.37406	0.09109	0.02962	0.00927	0.01087	0.00620	0.00736	0.00491	0.00362	0.00337	0.00105	0.00577	0.00267	0.00186	0.00484
22	0.10153	0.08826	0.01039	0.00832	0.01042	0.51882	0.00645	0.05966	0.06367	0.04305	0.00713	0.00836	0.00589	0.04786	0.00405	0.00114	0.00545	0.00272	0.00229	0.00455

[dist]
# distance from previous block
# <min> <max>
0	1

[block]
# block no. 2 follows, 73 sequences, length 30
# corresponding to MSA columns:
# 126-155
name=unknown_C
#
# <colnr> <probs for GDERKNQSTAVLIFYWHMCP>
#	G	D	E	R	K	N	Q	S	T	A	V	L	I	F	Y	W	H	M	C	P
0	0.00879	0.02989	0.06564	0.13641	0.36727	0.04958	0.20228	0.01124	0.00843	0.01142	0.00766	0.03093	0.00649	0.00386	0.00406	0.00120	0.02068	0.02710	0.00190	0.00518
1	0.00997	0.00797	0.00896	0.00660	0.00982	0.00724	0.00535	0.28763	0.01111	0.01609	0.00746	0.00819	0.00584	0.00336	0.00311	0.00075	0.00323	0.00261	0.00274	0.59197
2	0.00662	0.00432	0.00551	0.00499	0.00616	0.00401	0.00381	0.04095	0.01079	0.08755	0.69008	0.02641	0.07943	0.00739	0.00434	0.00118	0.00200	0.00645	0.00412	0.00388
3	0.00470	0.00359	0.00423	0.00468	0.00534	0.00324	0.00331	0.00549	0.00768	0.00972	0.02676	0.40342	0.34994	0.08530	0.00592	0.00162	0.00228	0.06635	0.00338	0.00306
4	0.02921	0.00954	0.01082	0.15814	0.07896	0.07916	0.00773	0.41972	0.03881	0.01728	0.04389	0.01016	0.00742	0.00547	0.04158	0.00137	0.02892	0.00346	0.00294	0.00541
5	0.01078	0.17092	0.05883	0.01388	0.30813	0.11397	0.05189	0.14650	0.05727	0.02210	0.00744	0.00860	0.00594	0.00369	0.00347	0.00106	0.00466	0.00307	0.00226	0.00555
6	0.00623	0.00381	0.00459	0.00482	0.00553	0.00367	0.00358	0.00737	0.00774	0.04703	0.05151	0.17155	0.08591	0.17330	0.00696	0.00175	0.00261	0.17202	0.23674	0.00327
7	0.01790	0.00872	0.04724	0.20266	0.08470	0.01907	0.14688	0.19775	0.02091	0.01386	0.04555	0.08375	0.00861	0.00491	0.00471	0.00126	0.07982	0.00427	0.00249	0.00492
8	0.00503	0.00369	0.00486	0.00546	0.00602	0.00337	0.00388	0.00590	0.00741	0.01001	0.01936	0.69169	0.02275	0.01080	0.00466	0.00146	0.00238	0.10751	0.00337	0.08040
9	0.00487	0.00442	0.04069	0.00458	0.00577	0.00351	0.00363	0.00619	0.00902	0.01173	0.29583	0.13686	0.44154	0.00893	0.00444	0.00127	0.00205	0.00767	0.00361	0.00338
10	0.01369	0.01013	0.01088	0.00846	0.01132	0.01121	0.00694	0.76833	0.04925	0.02279	0.00971	0.04256	0.00730	0.00481	0.00380	0.00115	0.00401	0.00370	0.00375	0.00623
11	0.00873	0.00829	0.01350	0.01954	0.67001	0.00847	0.01016	0.01119	0.05022	0.01213	0.02588	0.01216	0.07961	0.00422	0.00425	0.00116	0.04894	0.00385	0.00213	0.00556
12	0.00778	0.00667	0.00778	0.00556	0.00889	0.00500	0.00445	0.00945	0.00778	0.01223	0.00667	0.00778	0.00556	0.00278	0.00278	0.00056	0.00278	0.00222	0.00222	0.89108
13	0.10689	0.01204	0.01027	0.00878	0.03436	0.26170	0.00680	0.42579	0.04587	0.01773	0.00792	0.00836	0.00594	0.00419	0.00346	0.00108	0.00469	0.00298	0.02571	0.00543
14	0.00688	0.00583	0.00915	0.30714	0.13653	0.00640	0.02399	0.03315	0.00805	0.02032	0.04788	0.29079	0.01345	0.00668	0.00428	0.00131	0.02094	0.01893	0.03420	0.00411
15	0.00787	0.00739	0.01203	0.47615	0.27355	0.00816	0.00995	0.01014	0.00782	0.01072	0.00675	0.00946	0.00536	0.00357	0.00381	0.00113	0.02377	0.00319	0.00180	0.11738
16	0.00532	0.00401	0.00487	0.00522	0.04157	0.00362	0.00362	0.00655	0.00887	0.02585	0.26527	0.13148	0.36601	0.04329	0.00498	0.00136	0.00214	0.03440	0.03813	0.00342
17	0.00864	0.06051	0.05782	0.06199	0.09350	0.13511	0.03444	0.05207	0.06557	0.01091	0.04563	0.01393	0.03827	0.13223	0.08604	0.00199	0.07783	0.01688	0.00230	0.00432
18	0.00576	0.00363	0.00480	0.00533	0.00586	0.00339	0.00376	0.00666	0.00777	0.07232	0.07268	0.63106	0.02320	0.03006	0.00495	0.00151	0.00234	0.06997	0.04160	0.00336
19	0.04377	0.10499	0.02916	0.00969	0.09701	0.15654	0.02821	0.15610	0.26497	0.01452	0.00941	0.00969	0.00727	0.00413	0.00347	0.00108	0.00422	0.00323	0.00280	0.04972
20	0.00831	0.03881	0.04069	0.00774	0.05379	0.02782	0.01375	0.04890	0.06047	0.09302	0.10819	0.16526	0.02818	0.01552	0.06357	0.00160	0.12034	0.01879	0.01073	0.07450
21	0.03393	0.10453	0.25138	0.02460	0.08497	0.05893	0.06655	0.05150	0.08714	0.01258	0.05756	0.00986	0.00765	0.00439	0.02071	0.00117	0.01708	0.00321	0.00222	0.10005
22	0.04657	0.24887	0.41290	0.00992	0.01418	0.01028	0.14891	0.01142	0.00790	0.01119	0.00696	0.04199	0.00570	0.00372	0.00339	0.00111	0.00501	0.00313	0.00175	0.00510
23	0.00486	0.00356	0.00461	0.00518	0.00571	0.00330	0.00373	0.00587	0.00811	0.01078	0.16329	0.52167	0.12416	0.01061	0.00473	0.00146	0.00223	0.10933	0.00359	0.00320
24	0.00888	0.00878	0.05800	0.18314	0.54015	0.00851	0.03052	0.02982	0.00860	0.03565	0.02758	0.02914	0.00693	0.00379	0.00377	0.00116	0.00451	0.00360	0.00202	0.00546
25	0.01095	0.14169	0.04782	0.04918	0.24633	0.06337	0.08076	0.03453	0.02919	0.18807	0.00948	0.04516	0.00761	0.00424	0.00365	0.00113	0.00434	0.02449	0.00260	0.00542
26	0.00471	0.00337	0.00442	0.00509	0.00539	0.00319	0.00342	0.00542	0.00725	0.00971	0.06977	0.69075	0.04942	0.07780	0.03978	0.00184	0.00257	0.00968	0.00337	0.00303
27	0.01210	0.00544	0.00694	0.00569	0.00777	0.00497	0.01688	0.04990	0.00990	0.44540	0.03919	0.03572	0.07881	0.00549	0.01424	0.00116	0.00280	0.00428	0.24820	0.00511
28	0.02360	0.01012	0.05692	0.00916	0.06303	0.05332	0.00729	0.47119	0.07571	0.08384	0.02718	0.03459	0.02257	0.00489	0.00398	0.00117	0.02357	0.01860	0.00342	0.00583
29	0.78278	0.00861	0.00616	0.00553	0.00781	0.11572	0.00447	0.01153	0.00692	0.01586	0.00530	0.00618	0.00416	0.00353	0.00246	0.00114	0.00339	0.00208	0.00227	0.00410

[dist]
# distance from previous block
# <min> <max>
0	5

[block]
# block no. 3 follows, 73 sequences, length 20
# corresponding to MSA columns:
# 161-180
name=unknown_D
#
# <colnr> <probs for GDERKNQSTAVLIFYWHMCP>
#	G	D	E	R	K	N	Q	S	T	A	V	L	I	F	Y	W	H	M	C	P
0	0.00727	0.00649	0.00936	0.11121	0.21145	0.03393	0.03467	0.02301	0.03535	0.01128	0.07204	0.17534	0.02996	0.04573	0.06507	0.00165	0.00410	0.03518	0.00256	0.08436
1	0.00990	0.00856	0.02417	0.07910	0.18261	0.06109	0.03098	0.16568	0.08189	0.04610	0.05072	0.01081	0.01669	0.00471	0.00440	0.06432	0.00396	0.00344	0.00265	0.14820
2	0.00571	0.00426	0.00525	0.00502	0.00587	0.00425	0.00371	0.00788	0.07938	0.01333	0.50263	0.10103	0.08862	0.08052	0.00585	0.00144	0.03276	0.00662	0.04232	0.00358
3	0.03926	0.00793	0.07092	0.66798	0.08960	0.00854	0.01040	0.04215	0.00797	0.01077	0.00674	0.00962	0.00508	0.00372	0.00368	0.00123	0.00489	0.00325	0.00178	0.00449
4	0.04265	0.00821	0.02621	0.05205	0.11696	0.17709	0.04791	0.00939	0.02103	0.01005	0.02598	0.15068	0.05305	0.16959	0.06026	0.00197	0.00463	0.01603	0.00240	0.00387
5	0.00497	0.00405	0.00443	0.00441	0.00555	0.00367	0.00328	0.00673	0.06778	0.01143	0.19228	0.12573	0.53412	0.00908	0.00443	0.00128	0.00198	0.00774	0.00363	0.00342
6	0.01005	0.09117	0.06788	0.02896	0.43674	0.05152	0.05526	0.07932	0.02133	0.04909	0.00741	0.00891	0.00591	0.00350	0.00355	0.00106	0.00449	0.00315	0.00215	0.06855
7	0.00865	0.00684	0.00867	0.00623	0.00955	0.00530	0.05098	0.01038	0.00810	0.08668	0.00745	0.00836	0.00590	0.00297	0.00296	0.00065	0.00301	0.00248	0.00242	0.76242
8	0.00496	0.00379	0.00496	0.00527	0.00599	0.00338	0.01913	0.00582	0.00754	0.01010	0.04574	0.64494	0.12100	0.01036	0.00454	0.00139	0.00227	0.00931	0.00335	0.08614
9	0.00946	0.10796	0.01875	0.01463	0.14873	0.00938	0.49476	0.01201	0.00876	0.07506	0.00852	0.03210	0.00691	0.00376	0.00407	0.00120	0.00532	0.03130	0.00216	0.00517
10	0.00780	0.00638	0.00750	0.00552	0.00861	0.00485	0.00438	0.00938	0.00787	0.03975	0.00864	0.05740	0.03110	0.00354	0.00297	0.00065	0.00273	0.00292	0.00241	0.78558
11	0.65181	0.00728	0.00656	0.00554	0.00803	0.00800	0.00457	0.06468	0.00803	0.19417	0.00750	0.00770	0.00532	0.00379	0.00272	0.00116	0.00304	0.00249	0.00291	0.00470
12	0.00770	0.07992	0.78976	0.01039	0.01577	0.00915	0.01333	0.01184	0.00790	0.01166	0.00662	0.00779	0.00476	0.00354	0.00348	0.00116	0.00544	0.00272	0.00159	0.00549
13	0.00633	0.00411	0.00499	0.00510	0.00596	0.00395	0.00373	0.06328	0.00883	0.05017	0.13208	0.40462	0.09911	0.00891	0.00425	0.00131	0.00225	0.03955	0.14787	0.00359
14	0.00496	0.00378	0.00461	0.00487	0.00574	0.00343	0.00370	0.00618	0.00879	0.01145	0.23652	0.21734	0.31887	0.00967	0.00464	0.00138	0.00219	0.14495	0.00364	0.00328
15	0.00510	0.00350	0.00426	0.00465	0.00477	0.00341	0.00289	0.00543	0.00628	0.00836	0.01578	0.37854	0.01857	0.48259	0.01267	0.00269	0.00302	0.03202	0.00282	0.00263
16	0.00489	0.00373	0.00449	0.00449	0.00540	0.00333	0.00330	0.00620	0.00936	0.01249	0.43564	0.16545	0.30971	0.00895	0.00449	0.00126	0.00188	0.00780	0.00381	0.00333
17	0.00806	0.00889	0.07979	0.46536	0.23611	0.03677	0.05332	0.01055	0.00790	0.01055	0.00672	0.00947	0.00525	0.00373	0.00412	0.00122	0.04236	0.00332	0.00173	0.00479
18	0.00948	0.03167	0.08456	0.00761	0.00980	0.06460	0.00652	0.09135	0.32453	0.05152	0.04364	0.03823	0.05320	0.00529	0.00451	0.00121	0.08417	0.00410	0.04925	0.03477
19	0.12277	0.12981	0.11548	0.01872	0.16220	0.07996	0.02718	0.02907	0.02130	0.05636	0.00997	0.02507	0.08142	0.00421	0.00341	0.00105	0.01276	0.00333	0.00228	0.09366

[dist]
# distance from previous block
# <min> <max>
0	24

[block]
# block no. 4 follows, 73 sequences, length 18
# corresponding to MSA columns:
# 205-222
name=unknown_E
#
# <colnr> <probs for GDERKNQSTAVLIFYWHMCP>
#	G	D	E	R	K	N	Q	S	T	A	V	L	I	F	Y	W	H	M	C	P
0	0.16345	0.09815	0.03266	0.02345	0.22741	0.26933	0.00766	0.02182	0.01775	0.01160	0.01970	0.00857	0.00597	0.03500	0.01996	0.00125	0.02669	0.00283	0.00202	0.00472
1	0.07733	0.13517	0.34690	0.01003	0.05625	0.03901	0.09420	0.03734	0.06596	0.05742	0.02083	0.00946	0.02635	0.00386	0.00346	0.00113	0.00470	0.00315	0.00217	0.00527
2	0.00489	0.00370	0.00451	0.00456	0.00541	0.00332	0.00332	0.00618	0.00928	0.01243	0.42956	0.20866	0.27234	0.00908	0.00451	0.00128	0.00190	0.00795	0.00380	0.00332
3	0.00515	0.00382	0.00495	0.00537	0.00608	0.00367	0.00412	0.00633	0.00805	0.01060	0.12503	0.25271	0.18045	0.05189	0.09777	0.00207	0.00333	0.22203	0.00334	0.00324
4	0.00902	0.34491	0.43049	0.00883	0.01305	0.06781	0.01015	0.01226	0.05159	0.01073	0.00654	0.00743	0.00513	0.00353	0.00312	0.00103	0.00490	0.00253	0.00173	0.00521
5	0.00540	0.00381	0.00450	0.00468	0.00565	0.00336	0.00345	0.00639	0.00843	0.06159	0.10015	0.30368	0.41296	0.00982	0.00455	0.00136	0.00214	0.05109	0.00361	0.00337
6	0.03442	0.02257	0.01300	0.08703	0.03212	0.30729	0.18984	0.01228	0.00883	0.05457	0.00830	0.00993	0.04934	0.00446	0.00519	0.00120	0.14957	0.00346	0.00208	0.00453
7	0.00802	0.14031	0.66266	0.01004	0.01502	0.00964	0.03314	0.01224	0.05375	0.01166	0.00701	0.00804	0.00516	0.00359	0.00343	0.00114	0.00520	0.00279	0.00172	0.00545
8	0.01683	0.00638	0.00871	0.00668	0.00958	0.00551	0.00551	0.01828	0.01074	0.84734	0.01480	0.01277	0.00929	0.00464	0.00377	0.00116	0.00319	0.00377	0.00464	0.00638
9	0.00867	0.00458	0.00572	0.00507	0.00665	0.00401	0.00393	0.01000	0.00970	0.27531	0.25641	0.08888	0.26799	0.00749	0.00420	0.00122	0.00229	0.00638	0.02722	0.00429
10	0.01189	0.03410	0.05773	0.06074	0.29242	0.02143	0.03548	0.10052	0.02945	0.27372	0.01013	0.02903	0.00748	0.01425	0.00392	0.00118	0.00411	0.00364	0.00298	0.00581
11	0.00834	0.00800	0.01332	0.28215	0.47169	0.02222	0.03542	0.01055	0.00809	0.01110	0.00753	0.03193	0.00643	0.00473	0.03423	0.00136	0.02067	0.01528	0.00187	0.00510
12	0.17054	0.08079	0.03695	0.10498	0.18549	0.18947	0.07250	0.01161	0.00814	0.01146	0.00634	0.00842	0.00531	0.02670	0.01656	0.00126	0.05399	0.00293	0.00191	0.00465
13	0.02216	0.00455	0.02037	0.04112	0.04839	0.00438	0.00461	0.00717	0.04509	0.01122	0.17366	0.40909	0.08768	0.02804	0.02478	0.00154	0.01657	0.04269	0.00332	0.00356
14	0.34053	0.16737	0.07814	0.00762	0.03597	0.06302	0.03762	0.13216	0.00897	0.03625	0.00664	0.02215	0.00532	0.00379	0.00306	0.00108	0.01521	0.00266	0.00236	0.03010
15	0.74838	0.00733	0.00610	0.02807	0.03542	0.02850	0.00452	0.01120	0.00679	0.04056	0.00599	0.00693	0.00461	0.00358	0.00249	0.00114	0.00305	0.00225	0.04893	0.00417
16	0.00762	0.01459	0.52924	0.01043	0.03267	0.00794	0.11035	0.03276	0.02883	0.01223	0.00920	0.06950	0.00780	0.00460	0.00381	0.00123	0.00494	0.05441	0.05274	0.00511
17	0.00752	0.00426	0.00550	0.00513	0.00635	0.00381	0.00386	0.00886	0.00959	0.19357	0.36692	0.21348	0.14001	0.00818	0.00437	0.00126	0.00219	0.00716	0.00401	0.00399

[dist]
# distance from previous block
# <min> <max>
5	8

# created by:
# /st0/software/busco_prod/Augustus/scripts/msa2prfl.pl ./align_prep/31628.fa
