[name]
unknown

[dist]
# distance from previous block
# <min> <max>
0	5

[block]
# block no. 0 follows, 67 sequences, length 31
# corresponding to MSA columns:
# 5-35
name=unknown_A
#
# <colnr> <probs for GDERKNQSTAVLIFYWHMCP>
#	G	D	E	R	K	N	Q	S	T	A	V	L	I	F	Y	W	H	M	C	P
0	0.37189	0.02906	0.02726	0.00746	0.01001	0.16251	0.00616	0.22306	0.01110	0.01743	0.00930	0.01112	0.04566	0.00478	0.00339	0.00122	0.00427	0.04639	0.00290	0.00502
1	0.00645	0.00482	0.00695	0.00692	0.00770	0.00543	0.00532	0.00769	0.00691	0.00999	0.01140	0.01663	0.01064	0.03026	0.83462	0.00652	0.01091	0.00451	0.00239	0.00395
2	0.00606	0.04506	0.00682	0.00615	0.00687	0.00531	0.00471	0.00712	0.00638	0.00899	0.01048	0.01631	0.01013	0.12378	0.65673	0.06005	0.00919	0.00432	0.00214	0.00341
3	0.01072	0.86147	0.02102	0.00686	0.01029	0.01587	0.00686	0.01201	0.00815	0.00944	0.00558	0.00643	0.00515	0.00343	0.00257	0.00086	0.00429	0.00214	0.00172	0.00515
4	0.00495	0.00385	0.00450	0.00480	0.00566	0.00340	0.00342	0.00598	0.00894	0.01145	0.16107	0.34977	0.39636	0.01076	0.00488	0.00144	0.00212	0.00939	0.00383	0.00340
5	0.01100	0.80895	0.02046	0.00701	0.01043	0.01566	0.00691	0.06196	0.00881	0.01041	0.00583	0.00663	0.00525	0.00352	0.00266	0.00088	0.00430	0.00224	0.00186	0.00525
6	0.01104	0.74341	0.12786	0.00793	0.01172	0.01532	0.00819	0.01258	0.00864	0.01054	0.00650	0.00767	0.00580	0.00394	0.00305	0.00104	0.00473	0.00249	0.00195	0.00560
7	0.00491	0.00408	0.00427	0.00426	0.00553	0.00347	0.00320	0.00602	0.00929	0.01134	0.12258	0.03757	0.70659	0.03090	0.00515	0.00142	0.00211	0.03012	0.00376	0.00341
8	0.00490	0.00356	0.00462	0.00544	0.00579	0.00328	0.00367	0.00566	0.00791	0.01046	0.04699	0.76475	0.09372	0.01224	0.00508	0.00160	0.00229	0.01104	0.00374	0.00328
9	0.01679	0.00736	0.00947	0.00739	0.01039	0.00685	0.00606	0.09422	0.08762	0.67181	0.02865	0.01366	0.01031	0.00505	0.00405	0.00125	0.00346	0.00409	0.00478	0.00673
10	0.01075	0.61997	0.15544	0.00786	0.01160	0.01415	0.00824	0.06227	0.00893	0.03878	0.00643	0.00727	0.00540	0.00372	0.00317	0.00098	0.02518	0.00247	0.00196	0.00542
11	0.25381	0.01016	0.00977	0.00785	0.01073	0.08713	0.00641	0.37071	0.01345	0.17853	0.00940	0.00933	0.00659	0.00448	0.00356	0.00121	0.00412	0.00320	0.00360	0.00594
12	0.00952	0.01150	0.20728	0.01104	0.01461	0.01769	0.25637	0.05281	0.14936	0.06967	0.10415	0.01416	0.03611	0.00479	0.00427	0.00130	0.00483	0.00454	0.02043	0.00557
13	0.00935	0.03708	0.16121	0.11594	0.57262	0.00961	0.01245	0.01213	0.00886	0.01259	0.00738	0.00965	0.00598	0.00366	0.00390	0.00121	0.00502	0.00342	0.00190	0.00602
14	0.00538	0.00393	0.00465	0.00471	0.00534	0.00364	0.00320	0.00630	0.00858	0.01142	0.27105	0.16667	0.21104	0.26532	0.00951	0.00213	0.00260	0.00778	0.00355	0.00320
15	0.00922	0.00749	0.00863	0.00639	0.00979	0.00623	0.00511	0.05560	0.09338	0.04449	0.00853	0.00927	0.00678	0.00340	0.00318	0.00073	0.00309	0.00273	0.00274	0.71322
16	0.08815	0.00496	0.00491	0.00463	0.00594	0.00527	0.00356	0.04412	0.10027	0.01588	0.03081	0.01430	0.01043	0.00476	0.00301	0.00103	0.00223	0.00376	0.64777	0.00421
17	0.00948	0.00881	0.01377	0.28482	0.39636	0.02114	0.02703	0.06547	0.08551	0.01336	0.02982	0.01112	0.00741	0.00409	0.00403	0.00126	0.00478	0.00377	0.00231	0.00567
18	0.00583	0.00389	0.00437	0.00437	0.00437	0.00389	0.00243	0.00583	0.00583	0.00778	0.01264	0.02624	0.01458	0.85906	0.02041	0.00389	0.00389	0.00583	0.00243	0.00243
19	0.01259	0.01600	0.08283	0.01199	0.03093	0.47605	0.19727	0.05005	0.03804	0.01175	0.00768	0.03182	0.00629	0.00422	0.00397	0.00116	0.00657	0.00349	0.00222	0.00508
20	0.00604	0.00464	0.00623	0.00597	0.00686	0.00481	0.02655	0.00721	0.00790	0.03198	0.08557	0.11337	0.23361	0.10300	0.25044	0.00315	0.06261	0.02414	0.01232	0.00359
21	0.01055	0.23651	0.13669	0.00835	0.01153	0.02686	0.00781	0.09952	0.35195	0.03044	0.01124	0.02098	0.00876	0.01705	0.00387	0.00123	0.00409	0.00362	0.00304	0.00590
22	0.00539	0.00407	0.00501	0.00488	0.00590	0.00369	0.00366	0.00695	0.01036	0.01403	0.52704	0.07833	0.25917	0.00962	0.02660	0.00145	0.00222	0.02389	0.00411	0.00364
23	0.00866	0.00790	0.04828	0.00689	0.03003	0.00596	0.00563	0.01055	0.00835	0.03844	0.00733	0.00855	0.00600	0.00326	0.00351	0.00071	0.03999	0.00253	0.00239	0.75505
24	0.71233	0.00915	0.00733	0.00672	0.02892	0.10888	0.03020	0.01219	0.00753	0.01654	0.00619	0.02777	0.00509	0.00398	0.00279	0.00123	0.00373	0.00256	0.00244	0.00444
25	0.00499	0.00361	0.00472	0.00541	0.00582	0.00334	0.00369	0.00589	0.00831	0.01113	0.14193	0.68479	0.07796	0.01178	0.00504	0.00156	0.00224	0.01061	0.00382	0.00334
26	0.88738	0.00776	0.00589	0.00527	0.00776	0.00900	0.00434	0.01179	0.00683	0.01799	0.00558	0.00651	0.00434	0.00372	0.00248	0.00124	0.00310	0.00217	0.00248	0.00434
27	0.00601	0.00449	0.00640	0.00629	0.00688	0.00525	0.00479	0.00723	0.00643	0.00936	0.01077	0.01674	0.01037	0.14185	0.64200	0.00556	0.06136	0.00444	0.04030	0.00348
28	0.00489	0.00349	0.00465	0.00558	0.00582	0.00326	0.00372	0.00558	0.00768	0.01024	0.02210	0.85644	0.02653	0.01256	0.00512	0.00163	0.00233	0.01140	0.00372	0.00326
29	0.00899	0.09148	0.56371	0.01054	0.01541	0.02986	0.06225	0.01268	0.00884	0.06797	0.00979	0.01181	0.04223	0.00446	0.00389	0.00126	0.00542	0.04164	0.00213	0.00564
30	0.57764	0.01165	0.00785	0.00705	0.00940	0.29018	0.00555	0.02774	0.00857	0.01537	0.00586	0.00681	0.00467	0.00388	0.00289	0.00117	0.00452	0.00234	0.00237	0.00449

[dist]
# distance from previous block
# <min> <max>
0	1

[block]
# block no. 1 follows, 67 sequences, length 29
# corresponding to MSA columns:
# 38-66
name=unknown_B
#
# <colnr> <probs for GDERKNQSTAVLIFYWHMCP>
#	G	D	E	R	K	N	Q	S	T	A	V	L	I	F	Y	W	H	M	C	P
0	0.01340	0.01614	0.02952	0.01138	0.04833	0.56311	0.07728	0.04474	0.04367	0.02284	0.00702	0.00832	0.00572	0.00441	0.00469	0.00116	0.08805	0.00304	0.00222	0.00497
1	0.00857	0.00846	0.09798	0.00660	0.01003	0.02279	0.00589	0.01074	0.02243	0.05724	0.03407	0.01274	0.06973	0.00417	0.00341	0.00084	0.00333	0.02804	0.00266	0.59027
2	0.66221	0.03556	0.00754	0.00625	0.00876	0.09128	0.00510	0.09980	0.00863	0.01756	0.00642	0.02417	0.00517	0.00405	0.00282	0.00121	0.00367	0.00255	0.00261	0.00464
3	0.03757	0.03742	0.05634	0.09428	0.46060	0.01943	0.04843	0.06554	0.02838	0.06341	0.00827	0.01011	0.00651	0.00393	0.00411	0.00122	0.02466	0.00355	0.02029	0.00595
4	0.01053	0.10240	0.05165	0.02186	0.11048	0.02439	0.05116	0.08630	0.00980	0.09521	0.00814	0.00911	0.00632	0.00356	0.00341	0.00091	0.00397	0.00295	0.00260	0.39525
5	0.00496	0.00403	0.00441	0.00451	0.00566	0.00348	0.00337	0.00610	0.00930	0.01156	0.14999	0.12527	0.59918	0.01018	0.00481	0.00139	0.00211	0.04241	0.00382	0.00344
6	0.03057	0.04808	0.07257	0.06976	0.25240	0.07796	0.07115	0.13541	0.07070	0.05510	0.00914	0.01046	0.02157	0.00436	0.00445	0.00124	0.05306	0.00363	0.00259	0.00582
7	0.01016	0.01119	0.15604	0.03006	0.49344	0.02277	0.05339	0.01284	0.00921	0.08357	0.00854	0.01022	0.01554	0.00377	0.00393	0.00118	0.00485	0.00353	0.00224	0.06352
8	0.15837	0.18264	0.01236	0.00865	0.01103	0.40816	0.00699	0.06702	0.04532	0.01240	0.00659	0.00752	0.00544	0.00417	0.00375	0.00109	0.04868	0.00263	0.00226	0.00490
9	0.01270	0.04659	0.06436	0.00828	0.01111	0.05065	0.00703	0.18833	0.31467	0.18843	0.02999	0.02977	0.01028	0.00514	0.00397	0.00126	0.00386	0.00412	0.01322	0.00624
10	0.00988	0.01021	0.04213	0.07862	0.66720	0.06163	0.02387	0.01225	0.00918	0.01263	0.00830	0.01053	0.02796	0.00382	0.00398	0.00120	0.00495	0.00364	0.00201	0.00601
11	0.00596	0.00393	0.00509	0.00545	0.00616	0.00359	0.00386	0.00703	0.00891	0.06802	0.19724	0.52054	0.11247	0.01083	0.00493	0.00150	0.00230	0.02459	0.00396	0.00364
12	0.00875	0.18004	0.58814	0.01028	0.01524	0.03839	0.02209	0.02123	0.00863	0.01203	0.00772	0.03522	0.00626	0.00421	0.00367	0.00121	0.00548	0.02397	0.00185	0.00560
13	0.00488	0.00351	0.00463	0.00553	0.00580	0.00326	0.00370	0.00559	0.00773	0.01026	0.02273	0.82888	0.05368	0.01248	0.00511	0.00162	0.00232	0.01130	0.00372	0.00326
14	0.00832	0.00713	0.00832	0.00594	0.00950	0.00535	0.00475	0.01010	0.00832	0.01307	0.00713	0.00832	0.00594	0.00297	0.00297	0.00059	0.00297	0.00238	0.00238	0.88357
15	0.00534	0.00391	0.00497	0.00551	0.00592	0.00382	0.00385	0.00609	0.00760	0.00999	0.02173	0.47030	0.12083	0.17251	0.03000	0.00217	0.02548	0.09339	0.00338	0.00320
16	0.00689	0.00354	0.00530	0.00530	0.00535	0.00358	0.00358	0.00535	0.00530	0.00712	0.00721	0.01242	0.00717	0.01499	0.06976	0.82600	0.00396	0.00354	0.00177	0.00186
17	0.00503	0.00363	0.00479	0.00567	0.00603	0.00340	0.00395	0.00586	0.00791	0.01044	0.02312	0.72969	0.07423	0.01228	0.00514	0.00163	0.00244	0.08773	0.00372	0.00331
18	0.05123	0.00656	0.00856	0.00675	0.00946	0.00592	0.00551	0.04974	0.01150	0.62920	0.13612	0.01565	0.01372	0.00538	0.00404	0.00124	0.00318	0.00441	0.02562	0.00620
19	0.05390	0.01296	0.25292	0.20378	0.07907	0.08116	0.03287	0.09401	0.04477	0.02282	0.00795	0.02529	0.00619	0.00441	0.00448	0.00130	0.06102	0.00346	0.00223	0.00539
20	0.00724	0.00591	0.04692	0.00568	0.00736	0.00512	0.00461	0.07563	0.06438	0.06750	0.20435	0.10046	0.34463	0.03580	0.00508	0.00142	0.00264	0.00715	0.00386	0.00426
21	0.00489	0.00349	0.00465	0.00558	0.00582	0.00326	0.00372	0.00558	0.00768	0.01024	0.02210	0.85644	0.02653	0.01256	0.00512	0.00163	0.00233	0.01140	0.00372	0.00326
22	0.01761	0.00745	0.00969	0.00743	0.01055	0.00682	0.00614	0.13240	0.01252	0.72249	0.01495	0.01308	0.00949	0.00494	0.00403	0.00124	0.00355	0.00397	0.00483	0.00682
23	0.00653	0.00531	0.00637	0.03419	0.00769	0.00552	0.00472	0.00907	0.10525	0.03421	0.23099	0.02909	0.36518	0.00846	0.00556	0.00139	0.09448	0.03822	0.00369	0.00408
24	0.00731	0.00510	0.00604	0.00545	0.00683	0.00495	0.02256	0.11367	0.01090	0.02896	0.28327	0.09159	0.20484	0.00767	0.00427	0.00124	0.00242	0.00656	0.18226	0.00413
25	0.25649	0.06757	0.15550	0.00745	0.01041	0.00846	0.03313	0.04504	0.05167	0.08430	0.00917	0.03267	0.00777	0.09708	0.00544	0.00149	0.02417	0.01896	0.00266	0.08055
26	0.18750	0.00585	0.01973	0.00545	0.00723	0.00565	0.00432	0.04919	0.04490	0.08803	0.17374	0.09397	0.28442	0.00764	0.00417	0.00132	0.00260	0.00630	0.00370	0.00429
27	0.06224	0.20672	0.05610	0.00844	0.01134	0.06811	0.04865	0.25030	0.06345	0.02427	0.02195	0.04074	0.04980	0.00502	0.00400	0.00117	0.03364	0.01561	0.00291	0.02552
28	0.05868	0.11966	0.25732	0.00930	0.01322	0.06335	0.05469	0.13589	0.02785	0.09371	0.00824	0.00896	0.00610	0.00402	0.00378	0.00113	0.02212	0.00307	0.00258	0.10634

[dist]
# distance from previous block
# <min> <max>
0	26

[block]
# block no. 2 follows, 67 sequences, length 32
# corresponding to MSA columns:
# 93-124
name=unknown_C
#
# <colnr> <probs for GDERKNQSTAVLIFYWHMCP>
#	G	D	E	R	K	N	Q	S	T	A	V	L	I	F	Y	W	H	M	C	P
0	0.04633	0.24204	0.09558	0.00884	0.01224	0.07164	0.10698	0.08867	0.02361	0.12549	0.03868	0.02395	0.00778	0.00418	0.00355	0.00108	0.00455	0.00337	0.00270	0.08873
1	0.00872	0.04150	0.08858	0.08123	0.07063	0.07576	0.05145	0.02899	0.14792	0.03683	0.06659	0.17932	0.04714	0.01495	0.00439	0.00133	0.00405	0.01243	0.00302	0.03517
2	0.02237	0.00918	0.01008	0.02547	0.01111	0.04102	0.00654	0.27354	0.15075	0.06233	0.00990	0.01040	0.00753	0.00528	0.02991	0.00126	0.06345	0.00340	0.00326	0.25323
3	0.00565	0.00383	0.00441	0.00455	0.00463	0.00378	0.00265	0.00579	0.00622	0.00825	0.01493	0.15584	0.04035	0.70247	0.01757	0.00346	0.00359	0.00678	0.00267	0.00259
4	0.00522	0.00395	0.00470	0.00476	0.00562	0.00356	0.00341	0.00643	0.00943	0.01248	0.33919	0.18982	0.30336	0.08250	0.00615	0.00159	0.00219	0.00833	0.00388	0.00343
5	0.00967	0.13428	0.40183	0.02522	0.08451	0.01051	0.04913	0.13190	0.04633	0.01421	0.00852	0.02761	0.00680	0.00434	0.00382	0.00123	0.00514	0.02684	0.00229	0.00584
6	0.00508	0.00364	0.00478	0.00553	0.00587	0.00341	0.00378	0.00591	0.00801	0.01071	0.09134	0.67772	0.04796	0.05717	0.00591	0.00172	0.00244	0.05202	0.00371	0.00328
7	0.00667	0.00642	0.09092	0.00672	0.01914	0.00498	0.01604	0.06401	0.00912	0.03458	0.03131	0.41215	0.16859	0.00961	0.00470	0.00145	0.00302	0.05853	0.00346	0.04857
8	0.00960	0.07275	0.08462	0.09378	0.01368	0.00874	0.12666	0.06087	0.16672	0.07707	0.02070	0.05739	0.06442	0.00508	0.00413	0.00122	0.01641	0.00444	0.00295	0.10876
9	0.00862	0.00712	0.00835	0.00598	0.00953	0.00536	0.00479	0.01040	0.00842	0.03913	0.00740	0.00848	0.00607	0.00303	0.00300	0.00061	0.00298	0.00243	0.00246	0.85584
10	0.00900	0.32864	0.39563	0.00917	0.02856	0.01127	0.01030	0.01238	0.04982	0.01163	0.00882	0.00965	0.04901	0.00404	0.00338	0.00109	0.00481	0.00301	0.00197	0.04779
11	0.00742	0.00506	0.02771	0.00568	0.00678	0.00461	0.00432	0.01831	0.02126	0.10922	0.01862	0.07448	0.14520	0.30643	0.10842	0.00287	0.00425	0.10339	0.00316	0.02281
12	0.00540	0.00390	0.00459	0.00488	0.00528	0.00375	0.00316	0.00613	0.02421	0.00953	0.03565	0.30806	0.16195	0.36639	0.03696	0.00266	0.00319	0.00812	0.00315	0.00302
13	0.04935	0.01171	0.01191	0.00980	0.03457	0.13574	0.02996	0.50059	0.03037	0.07299	0.00907	0.00949	0.00663	0.00477	0.00455	0.00123	0.06417	0.00347	0.00345	0.00617
14	0.01103	0.02800	0.04656	0.01088	0.10176	0.14865	0.11518	0.09204	0.03709	0.06019	0.00823	0.00941	0.00642	0.00425	0.02045	0.00111	0.00486	0.00320	0.00255	0.28813
15	0.00849	0.00796	0.01341	0.24185	0.41121	0.00839	0.05280	0.01108	0.03281	0.01243	0.07738	0.08442	0.01058	0.00489	0.00419	0.00129	0.00453	0.00464	0.00234	0.00532
16	0.00665	0.00433	0.00561	0.00519	0.00631	0.00400	0.00392	0.00835	0.01073	0.08522	0.62223	0.02846	0.10373	0.03677	0.04924	0.00163	0.00256	0.00688	0.00422	0.00395
17	0.00630	0.00507	0.00640	0.00643	0.01888	0.00495	0.03713	0.00909	0.13615	0.02220	0.06924	0.25462	0.27419	0.02389	0.00508	0.00152	0.00277	0.10836	0.00371	0.00402
18	0.01499	0.01890	0.01138	0.01030	0.01240	0.82069	0.00775	0.03758	0.01157	0.01023	0.00629	0.00730	0.00521	0.00415	0.00363	0.00104	0.00716	0.00261	0.00212	0.00471
19	0.01494	0.00611	0.00811	0.00651	0.00898	0.00534	0.00517	0.01623	0.01045	0.63771	0.01752	0.06118	0.06901	0.10644	0.00607	0.00158	0.00331	0.00494	0.00451	0.00588
20	0.00486	0.00400	0.00427	0.00437	0.00551	0.00347	0.00320	0.00583	0.00876	0.01066	0.04893	0.12908	0.65851	0.04629	0.04259	0.00171	0.00253	0.00848	0.00361	0.00335
21	0.00969	0.00995	0.05765	0.07296	0.74477	0.00948	0.01237	0.01221	0.00903	0.01291	0.00750	0.00990	0.00623	0.00361	0.00396	0.00120	0.00486	0.00354	0.00196	0.00622
22	0.05915	0.00895	0.01011	0.00807	0.01099	0.00946	0.00657	0.32333	0.19960	0.30100	0.01307	0.01206	0.00899	0.00495	0.00396	0.00125	0.00372	0.00389	0.00428	0.00659
23	0.09486	0.47565	0.01626	0.00772	0.01082	0.12943	0.00692	0.19168	0.01084	0.01380	0.00656	0.00726	0.00544	0.00386	0.00303	0.00099	0.00461	0.00253	0.00235	0.00537
24	0.05539	0.00751	0.00880	0.00651	0.00988	0.00638	0.00528	0.09522	0.01002	0.19821	0.00924	0.00955	0.00684	0.00364	0.00329	0.00083	0.00322	0.00286	0.00313	0.55419
25	0.00772	0.00615	0.03349	0.03050	0.05731	0.00586	0.00566	0.02347	0.17164	0.06826	0.15662	0.27490	0.05670	0.00825	0.00455	0.00140	0.00294	0.04764	0.00373	0.03321
26	0.02847	0.02433	0.01163	0.03737	0.08052	0.15054	0.00771	0.37426	0.09478	0.13486	0.01021	0.01028	0.00736	0.00461	0.00390	0.00119	0.00466	0.00354	0.00353	0.00623
27	0.00635	0.00419	0.00532	0.00538	0.00637	0.00374	0.00388	0.00751	0.00911	0.08257	0.21273	0.42396	0.14760	0.01003	0.00477	0.00141	0.00231	0.00889	0.00392	0.04997
28	0.01130	0.74729	0.01971	0.00733	0.01058	0.12797	0.00698	0.01255	0.00858	0.00949	0.00566	0.00654	0.00515	0.00353	0.00271	0.00088	0.00469	0.00220	0.00176	0.00508
29	0.00610	0.00389	0.00514	0.00557	0.00620	0.00357	0.00389	0.00709	0.00869	0.07940	0.16465	0.61489	0.05347	0.01109	0.00495	0.00152	0.00233	0.00997	0.00395	0.00365
30	0.01016	0.00949	0.01197	0.09815	0.03045	0.08005	0.00869	0.08016	0.00821	0.05461	0.00662	0.00934	0.00576	0.00655	0.02640	0.00166	0.54128	0.00349	0.00216	0.00478
31	0.01277	0.05273	0.01268	0.01018	0.07146	0.02131	0.09220	0.39924	0.04143	0.10355	0.04546	0.03462	0.04547	0.00505	0.00407	0.00121	0.00426	0.00424	0.00356	0.03450

[dist]
# distance from previous block
# <min> <max>
1	2

[block]
# block no. 3 follows, 67 sequences, length 24
# corresponding to MSA columns:
# 127-150
name=unknown_D
#
# <colnr> <probs for GDERKNQSTAVLIFYWHMCP>
#	G	D	E	R	K	N	Q	S	T	A	V	L	I	F	Y	W	H	M	C	P
0	0.06357	0.00902	0.02940	0.02261	0.01128	0.00864	0.02671	0.28623	0.07854	0.06834	0.00946	0.01034	0.00720	0.00417	0.00358	0.00101	0.00373	0.01858	0.00322	0.33437
1	0.00852	0.00862	0.01039	0.00912	0.00994	0.13123	0.05609	0.00977	0.00745	0.01002	0.04868	0.01252	0.00873	0.04341	0.27014	0.00314	0.34204	0.00396	0.00210	0.00414
2	0.00580	0.00403	0.00510	0.00510	0.00535	0.00428	0.00334	0.00630	0.00605	0.00831	0.01197	0.02257	0.01298	0.56846	0.30882	0.00478	0.00629	0.00529	0.00233	0.00283
3	0.00573	0.00436	0.00647	0.00637	0.00712	0.00490	0.02036	0.00706	0.00664	0.00939	0.01266	0.04826	0.05027	0.07887	0.70558	0.00577	0.00952	0.00486	0.00230	0.00352
4	0.01165	0.02643	0.07400	0.10944	0.20820	0.04194	0.00888	0.10753	0.11238	0.18083	0.04162	0.02899	0.02062	0.00476	0.00401	0.00125	0.00430	0.00403	0.00318	0.00596
5	0.00517	0.00378	0.00480	0.00545	0.00597	0.00352	0.00386	0.00607	0.00817	0.01070	0.06951	0.52549	0.15162	0.07119	0.00616	0.00175	0.00253	0.10729	0.00367	0.00330
6	0.04713	0.00584	0.00738	0.00620	0.00824	0.00552	0.00493	0.06084	0.02248	0.35435	0.21082	0.01966	0.09817	0.00847	0.07117	0.03003	0.00350	0.00514	0.02496	0.00516
7	0.00753	0.01257	0.36944	0.00885	0.01230	0.03023	0.05105	0.03689	0.06552	0.01312	0.10783	0.11730	0.13773	0.00645	0.00428	0.00133	0.00429	0.00550	0.00282	0.00498
8	0.00933	0.00902	0.01574	0.16446	0.60044	0.00926	0.07625	0.01182	0.00905	0.01270	0.03801	0.01087	0.00732	0.00380	0.00407	0.00123	0.00492	0.00380	0.00204	0.00586
9	0.00697	0.00348	0.00522	0.00522	0.00522	0.00348	0.00348	0.00522	0.00522	0.00697	0.00697	0.01219	0.00697	0.01393	0.01567	0.88332	0.00348	0.00348	0.00174	0.00174
10	0.14854	0.00591	0.00654	0.00567	0.00767	0.00578	0.00448	0.07797	0.01002	0.25098	0.03243	0.10085	0.17265	0.00654	0.00385	0.00125	0.00279	0.00531	0.14591	0.00486
11	0.01197	0.03094	0.04151	0.00885	0.04878	0.11458	0.00691	0.16248	0.15443	0.15692	0.02242	0.02216	0.00930	0.00918	0.13234	0.03919	0.00531	0.01388	0.00332	0.00554
12	0.00529	0.00381	0.00487	0.00556	0.00600	0.00360	0.00395	0.00612	0.00785	0.01026	0.02260	0.50241	0.11229	0.13523	0.00738	0.00197	0.00276	0.15130	0.00353	0.00323
13	0.00619	0.00433	0.00520	0.00509	0.00548	0.00451	0.00332	0.04607	0.00682	0.00919	0.01371	0.04858	0.05318	0.56850	0.19921	0.00413	0.00528	0.00568	0.00255	0.00297
14	0.12502	0.11607	0.05991	0.00902	0.02202	0.18877	0.03739	0.24865	0.06012	0.05207	0.00837	0.00902	0.00638	0.00519	0.03397	0.00134	0.00512	0.00313	0.00287	0.00558
15	0.01083	0.56679	0.10038	0.00808	0.01158	0.02825	0.04696	0.10610	0.00958	0.02527	0.00732	0.04903	0.00651	0.00411	0.00314	0.00101	0.00453	0.00301	0.00215	0.00536
16	0.01047	0.04472	0.11485	0.10990	0.20794	0.03696	0.00909	0.06431	0.06140	0.11557	0.06266	0.01145	0.00883	0.00426	0.00382	0.00114	0.00433	0.00361	0.00276	0.12194
17	0.03493	0.12418	0.41004	0.02218	0.16865	0.04304	0.03807	0.02677	0.02120	0.01261	0.00768	0.02598	0.00620	0.00402	0.00371	0.00120	0.00524	0.01535	0.00197	0.02697
18	0.00507	0.00437	0.04553	0.00580	0.00635	0.00358	0.00423	0.00599	0.00781	0.01047	0.04127	0.76092	0.04468	0.02675	0.00530	0.00164	0.00251	0.01072	0.00362	0.00339
19	0.04288	0.00643	0.00761	0.00647	0.00855	0.00628	0.00520	0.17869	0.01212	0.22969	0.19781	0.04802	0.16277	0.00718	0.00439	0.00131	0.00302	0.06223	0.00421	0.00513
20	0.05282	0.06304	0.35441	0.02671	0.10523	0.06726	0.05760	0.02763	0.08640	0.07972	0.00913	0.03683	0.00705	0.00431	0.00383	0.00124	0.00509	0.00355	0.00241	0.00575
21	0.00611	0.00519	0.00607	0.00589	0.00702	0.04285	0.03358	0.00812	0.06408	0.01270	0.26374	0.23668	0.24143	0.00938	0.00477	0.00140	0.00262	0.04074	0.00381	0.00381
22	0.02611	0.00470	0.00591	0.04678	0.00760	0.00454	0.00436	0.00925	0.05425	0.10257	0.30544	0.22189	0.12396	0.00847	0.00452	0.00135	0.00244	0.00740	0.05434	0.00412
23	0.00956	0.00786	0.00975	0.00895	0.04040	0.07529	0.07952	0.15730	0.03353	0.05257	0.10419	0.04164	0.04606	0.02996	0.05456	0.00179	0.01420	0.22470	0.00341	0.00477

[dist]
# distance from previous block
# <min> <max>
0	5

[block]
# block no. 4 follows, 67 sequences, length 18
# corresponding to MSA columns:
# 156-173
name=unknown_E
#
# <colnr> <probs for GDERKNQSTAVLIFYWHMCP>
#	G	D	E	R	K	N	Q	S	T	A	V	L	I	F	Y	W	H	M	C	P
0	0.04154	0.18282	0.21044	0.02871	0.11880	0.08973	0.06610	0.02677	0.04351	0.06381	0.01694	0.00970	0.00670	0.00600	0.07035	0.00157	0.00556	0.00325	0.00223	0.00546
1	0.00733	0.00492	0.00645	0.00692	0.00798	0.00494	0.00569	0.02383	0.07527	0.06447	0.02014	0.21372	0.02129	0.01018	0.00509	0.00167	0.00327	0.47198	0.04079	0.00407
2	0.00542	0.00386	0.00491	0.00549	0.00602	0.00363	0.00381	0.00664	0.03298	0.02298	0.10937	0.59790	0.09259	0.03927	0.00548	0.00162	0.00238	0.03433	0.01787	0.00346
3	0.00725	0.00648	0.01015	0.08082	0.30091	0.01766	0.03620	0.00893	0.00876	0.01191	0.09121	0.32537	0.06249	0.00772	0.00453	0.00138	0.00360	0.00710	0.00293	0.00460
4	0.00976	0.09309	0.38051	0.04939	0.05999	0.00953	0.13628	0.04423	0.02637	0.09667	0.00942	0.03720	0.02096	0.00428	0.00395	0.00125	0.00526	0.00375	0.00234	0.00574
5	0.00757	0.00713	0.01203	0.84942	0.02762	0.00891	0.01114	0.01025	0.00802	0.01025	0.00713	0.01069	0.00535	0.00401	0.00401	0.00134	0.00535	0.00356	0.00178	0.00446
6	0.08139	0.00846	0.00979	0.00765	0.01061	0.00861	0.00629	0.31881	0.04088	0.40362	0.01262	0.01172	0.00844	0.00482	0.00385	0.00122	0.00368	0.00374	0.04736	0.00647
7	0.04010	0.01623	0.01888	0.03656	0.01107	0.02502	0.18957	0.07371	0.03831	0.03129	0.06111	0.16572	0.06434	0.06867	0.01908	0.00161	0.01513	0.03194	0.08726	0.00443
8	0.00898	0.03263	0.60732	0.04164	0.05373	0.00894	0.02193	0.04122	0.00906	0.07359	0.00921	0.04008	0.02522	0.00437	0.00390	0.00127	0.00538	0.00355	0.00216	0.00582
9	0.00503	0.00420	0.00441	0.00445	0.00573	0.00367	0.00334	0.00647	0.03845	0.01133	0.08308	0.09171	0.68467	0.01006	0.00476	0.00138	0.00212	0.02785	0.00378	0.00351
10	0.01320	0.04197	0.01143	0.03175	0.01215	0.56484	0.03628	0.05337	0.01066	0.03738	0.00736	0.00924	0.00621	0.03679	0.08058	0.00168	0.03512	0.00307	0.00224	0.00468
11	0.03456	0.24039	0.01392	0.04546	0.03101	0.45925	0.00764	0.05521	0.01046	0.03675	0.00654	0.00757	0.00541	0.00405	0.00361	0.00104	0.02734	0.00264	0.00215	0.00498
12	0.00691	0.00599	0.00801	0.02587	0.00820	0.02443	0.00587	0.00784	0.00662	0.00938	0.01087	0.12284	0.01158	0.16869	0.24813	0.00343	0.28817	0.03120	0.00231	0.00364
13	0.06822	0.00791	0.00974	0.00751	0.01061	0.00760	0.00621	0.20588	0.01293	0.59969	0.01378	0.01230	0.00888	0.00486	0.00394	0.00123	0.00363	0.00383	0.00460	0.00668
14	0.04534	0.00974	0.01111	0.00887	0.01137	0.08212	0.08034	0.36154	0.02561	0.10778	0.02362	0.03005	0.01683	0.06112	0.05156	0.00169	0.03518	0.00408	0.02643	0.00562
15	0.01380	0.04178	0.01162	0.04060	0.03522	0.36290	0.00758	0.33662	0.01365	0.01598	0.00808	0.00956	0.00648	0.04716	0.03022	0.00142	0.00581	0.00326	0.00284	0.00543
16	0.07094	0.00692	0.00814	0.00752	0.04921	0.04117	0.03013	0.07037	0.07415	0.12829	0.18276	0.10485	0.10280	0.00667	0.00419	0.00125	0.00317	0.02026	0.00367	0.08355
17	0.01263	0.03349	0.01134	0.09526	0.04344	0.20451	0.02380	0.19912	0.12039	0.10088	0.01027	0.03667	0.00807	0.00488	0.00413	0.00121	0.02434	0.01812	0.00312	0.04432

[dist]
# distance from previous block
# <min> <max>
1	77

[block]
# block no. 5 follows, 67 sequences, length 32
# corresponding to MSA columns:
# 261-292
name=unknown_F
#
# <colnr> <probs for GDERKNQSTAVLIFYWHMCP>
#	G	D	E	R	K	N	Q	S	T	A	V	L	I	F	Y	W	H	M	C	P
0	0.04239	0.01415	0.09225	0.00935	0.01213	0.34501	0.02793	0.16709	0.10210	0.03131	0.05402	0.01055	0.00837	0.00459	0.00380	0.00114	0.00533	0.01143	0.00285	0.05421
1	0.10131	0.00971	0.00971	0.00806	0.01043	0.10519	0.02163	0.33063	0.06811	0.09970	0.06925	0.08358	0.01117	0.03664	0.00469	0.00135	0.01521	0.00447	0.00361	0.00555
2	0.05887	0.14797	0.18346	0.06164	0.02608	0.11293	0.00847	0.06967	0.12744	0.01361	0.04634	0.01086	0.00824	0.00439	0.00359	0.00113	0.00460	0.02137	0.00254	0.08681
3	0.00589	0.00411	0.00498	0.00485	0.00506	0.00405	0.02533	0.00611	0.00625	0.00827	0.01431	0.04514	0.05193	0.74673	0.01838	0.00358	0.00384	0.03604	0.00255	0.00262
4	0.03824	0.00424	0.00530	0.00567	0.00655	0.00397	0.01703	0.00697	0.01966	0.03235	0.04863	0.43646	0.23055	0.01086	0.00492	0.00155	0.00256	0.11723	0.00370	0.00357
5	0.00766	0.00721	0.03414	0.00909	0.01082	0.04548	0.20392	0.04569	0.00866	0.03250	0.01452	0.29140	0.02932	0.06593	0.13449	0.00238	0.01662	0.03309	0.00287	0.00420
6	0.01148	0.01041	0.01128	0.01092	0.11160	0.10249	0.03759	0.17693	0.43193	0.01700	0.01260	0.01286	0.00965	0.00497	0.00405	0.00128	0.00420	0.01906	0.00351	0.00617
7	0.00498	0.00356	0.00476	0.00569	0.00597	0.00334	0.00389	0.00575	0.00777	0.01034	0.02205	0.80805	0.02632	0.01248	0.00514	0.00164	0.00241	0.05886	0.00372	0.00328
8	0.01065	0.84007	0.04181	0.00698	0.01047	0.01570	0.00706	0.01203	0.00816	0.00952	0.00562	0.00649	0.00514	0.00344	0.00260	0.00087	0.00433	0.00217	0.00171	0.00517
9	0.00861	0.05070	0.75528	0.01112	0.01678	0.00975	0.01406	0.06478	0.00913	0.01339	0.00729	0.00847	0.00519	0.00386	0.00378	0.00125	0.00577	0.00298	0.00184	0.00596
10	0.00668	0.00451	0.00532	0.00521	0.00560	0.00466	0.00338	0.04071	0.05636	0.01975	0.01304	0.07039	0.01414	0.56567	0.06601	0.07483	0.00414	0.03392	0.00267	0.00301
11	0.00804	0.02074	0.83828	0.01143	0.01736	0.00931	0.01482	0.01270	0.00847	0.01270	0.00720	0.00847	0.00508	0.00381	0.00381	0.00127	0.00593	0.00296	0.00169	0.00593
12	0.00925	0.00876	0.01486	0.15226	0.65111	0.00903	0.01160	0.01159	0.00889	0.01250	0.00846	0.04918	0.00750	0.00422	0.00407	0.00125	0.00472	0.02282	0.00207	0.00585
13	0.05048	0.05388	0.06426	0.08546	0.30355	0.04681	0.12106	0.02516	0.04676	0.04930	0.03947	0.01403	0.04357	0.00540	0.01529	0.00150	0.00521	0.01997	0.00277	0.00605
14	0.00497	0.00367	0.00465	0.00532	0.00582	0.00336	0.00368	0.00585	0.00827	0.01086	0.09146	0.62473	0.16875	0.01175	0.00503	0.00156	0.00227	0.03089	0.00378	0.00333
15	0.00567	0.00407	0.00554	0.00564	0.00606	0.00443	0.00399	0.00653	0.00638	0.00889	0.01267	0.11411	0.01344	0.31110	0.46782	0.00503	0.00745	0.00562	0.00242	0.00315
16	0.00875	0.00832	0.01415	0.30335	0.47569	0.00892	0.02974	0.01117	0.00863	0.01187	0.00860	0.01138	0.03198	0.00519	0.04430	0.00150	0.00521	0.00378	0.00198	0.00546
17	0.00858	0.12411	0.05879	0.05266	0.11315	0.05495	0.04657	0.04035	0.06232	0.03291	0.11400	0.10889	0.12385	0.00651	0.00418	0.00127	0.00387	0.03525	0.00299	0.00481
18	0.01351	0.00931	0.01001	0.00817	0.01088	0.03295	0.00658	0.33974	0.27999	0.16822	0.01306	0.01238	0.00933	0.00502	0.00395	0.00124	0.00374	0.00397	0.06154	0.00641
19	0.01895	0.00911	0.01284	0.01051	0.01194	0.04857	0.14305	0.09486	0.05082	0.03105	0.00941	0.03566	0.03780	0.00771	0.06245	0.00185	0.39088	0.01528	0.00243	0.00485
20	0.00965	0.22488	0.41006	0.00969	0.02939	0.05645	0.01064	0.03406	0.05406	0.04321	0.04584	0.00989	0.01798	0.00424	0.00379	0.00117	0.02403	0.00318	0.00219	0.00559
21	0.03818	0.01096	0.01141	0.00889	0.01197	0.06022	0.00729	0.62763	0.03468	0.13271	0.01030	0.01006	0.00719	0.00478	0.00395	0.00120	0.00438	0.00359	0.00399	0.00662
22	0.03348	0.00722	0.00797	0.00787	0.04947	0.10222	0.00578	0.05288	0.04539	0.03301	0.02951	0.01383	0.00952	0.03952	0.36699	0.00354	0.06843	0.00396	0.11514	0.00429
23	0.00913	0.00916	0.03316	0.24179	0.51994	0.02817	0.03674	0.01157	0.00888	0.01215	0.00891	0.01136	0.04340	0.00400	0.00403	0.00124	0.00494	0.00379	0.00201	0.00564
24	0.01119	0.39793	0.14814	0.04937	0.01393	0.08033	0.07889	0.05549	0.00969	0.01224	0.00845	0.06088	0.00762	0.00506	0.00428	0.00130	0.04347	0.00366	0.00238	0.00569
25	0.02809	0.00581	0.00716	0.00707	0.00841	0.00609	0.00567	0.06398	0.14727	0.08501	0.05495	0.18392	0.01918	0.04428	0.00567	0.00167	0.02279	0.29465	0.00380	0.00452
26	0.00927	0.00925	0.03027	0.29632	0.52660	0.03535	0.01183	0.01175	0.00882	0.01205	0.00736	0.01007	0.00596	0.00374	0.00397	0.00124	0.00506	0.00353	0.00192	0.00566
27	0.01011	0.02219	0.03529	0.10058	0.28670	0.14598	0.08883	0.03334	0.06276	0.03455	0.01105	0.07514	0.05383	0.00498	0.00424	0.00126	0.01695	0.00442	0.00246	0.00536
28	0.00687	0.00355	0.00532	0.00532	0.00538	0.00360	0.00360	0.00538	0.00532	0.00715	0.00727	0.01247	0.00721	0.01521	0.08123	0.81385	0.00406	0.00355	0.00177	0.00189
29	0.01921	0.00471	0.00635	0.00644	0.00739	0.00457	0.03419	0.04594	0.01872	0.04277	0.07292	0.37355	0.08692	0.03263	0.00590	0.04357	0.00299	0.18386	0.00362	0.00374
30	0.00992	0.00817	0.01077	0.01061	0.13017	0.07164	0.08168	0.10295	0.02331	0.09490	0.13038	0.08570	0.04695	0.06975	0.02868	0.00165	0.07947	0.00523	0.00313	0.00495
31	0.03117	0.04792	0.13389	0.11983	0.15958	0.03786	0.10974	0.17722	0.03038	0.03775	0.00887	0.03345	0.00711	0.00482	0.01698	0.00134	0.01502	0.01882	0.00255	0.00569

[dist]
# distance from previous block
# <min> <max>
0	5

# created by:
# /st0/software/busco_prod/Augustus/scripts/msa2prfl.pl ./align_prep/31636.fa
