[name]
unknown

[dist]
# distance from previous block
# <min> <max>
1	565

[block]
# block no. 0 follows, 75 sequences, length 99
# corresponding to MSA columns:
# 643-741
name=unknown_A
#
# <colnr> <probs for GDERKNQSTAVLIFYWHMCP>
#	G	D	E	R	K	N	Q	S	T	A	V	L	I	F	Y	W	H	M	C	P
0	0.09669	0.16211	0.14008	0.00824	0.03223	0.04389	0.06502	0.12588	0.08927	0.03852	0.02091	0.05136	0.00736	0.02450	0.00377	0.00112	0.01542	0.00334	0.00245	0.06783
1	0.08547	0.19514	0.10589	0.00778	0.02029	0.09814	0.02922	0.08564	0.07533	0.09594	0.07531	0.01963	0.00860	0.00440	0.00383	0.00109	0.05733	0.01323	0.00258	0.01517
2	0.06214	0.24276	0.11681	0.00802	0.04500	0.02288	0.07398	0.05729	0.05331	0.06433	0.09109	0.02944	0.03469	0.02976	0.01441	0.00117	0.00389	0.00356	0.00246	0.04301
3	0.06121	0.10832	0.21645	0.00864	0.04649	0.06043	0.05458	0.08720	0.04436	0.05037	0.08673	0.03631	0.00940	0.00442	0.00348	0.00108	0.00409	0.03346	0.00247	0.08051
4	0.05053	0.10074	0.18725	0.02032	0.07922	0.03555	0.05087	0.09631	0.02880	0.06121	0.08061	0.06225	0.03251	0.00458	0.00363	0.00108	0.01682	0.00378	0.00251	0.08142
5	0.04892	0.12441	0.10295	0.03715	0.05620	0.03976	0.01885	0.17891	0.05874	0.05027	0.02762	0.03687	0.06270	0.00440	0.00346	0.00103	0.01318	0.00347	0.00263	0.12849
6	0.03041	0.17886	0.10147	0.01768	0.06185	0.04450	0.06880	0.11014	0.08014	0.05119	0.05160	0.02570	0.03004	0.00422	0.00371	0.00104	0.03792	0.00337	0.00248	0.09490
7	0.07194	0.21113	0.05040	0.03140	0.08975	0.03069	0.03499	0.25712	0.06759	0.05923	0.00778	0.00840	0.00596	0.00386	0.00345	0.00104	0.02535	0.00292	0.00261	0.03438
8	0.06172	0.02463	0.02068	0.00699	0.00947	0.08954	0.00571	0.19667	0.05637	0.08952	0.04272	0.02581	0.01824	0.00445	0.00383	0.00100	0.05007	0.03413	0.00290	0.25554
9	0.01586	0.00505	0.00679	0.02141	0.07781	0.00523	0.01435	0.05940	0.05808	0.05944	0.04080	0.17791	0.04243	0.15652	0.12873	0.04529	0.01126	0.06707	0.00283	0.00374
10	0.04861	0.05341	0.03669	0.05793	0.13005	0.18835	0.06028	0.04175	0.12314	0.09942	0.00836	0.00940	0.00648	0.00497	0.03481	0.00131	0.08444	0.00319	0.00242	0.00499
11	0.01319	0.05939	0.02227	0.00756	0.01041	0.00931	0.00635	0.44069	0.04478	0.21850	0.02267	0.00985	0.00733	0.00433	0.00375	0.00106	0.02644	0.00329	0.00355	0.08529
12	0.00523	0.00354	0.00402	0.00409	0.00415	0.00350	0.00234	0.00532	0.00559	0.00741	0.01323	0.09444	0.04479	0.76812	0.01701	0.00330	0.00338	0.00585	0.00237	0.00232
13	0.00537	0.00368	0.00461	0.00484	0.00546	0.00351	0.00339	0.00624	0.02168	0.04586	0.06030	0.35933	0.18721	0.13217	0.09452	0.03483	0.00316	0.01760	0.00311	0.00310
14	0.00553	0.00394	0.00542	0.00618	0.00685	0.00388	0.00509	0.00692	0.00809	0.01064	0.05708	0.22729	0.02215	0.04594	0.00552	0.00170	0.00303	0.56813	0.00337	0.00325
15	0.01517	0.00834	0.00982	0.00753	0.01042	0.00850	0.00622	0.44152	0.01401	0.42199	0.01155	0.01059	0.00762	0.00447	0.00368	0.00112	0.00360	0.00349	0.00409	0.00625
16	0.00532	0.00415	0.00458	0.00444	0.00548	0.00391	0.00322	0.00728	0.09606	0.02061	0.20509	0.06290	0.41557	0.13754	0.00643	0.00158	0.00222	0.00683	0.00342	0.00337
17	0.01352	0.00971	0.01054	0.00820	0.01100	0.01067	0.00675	0.72751	0.04882	0.06308	0.02020	0.02140	0.00744	0.00467	0.00372	0.00113	0.00389	0.01795	0.00372	0.00610
18	0.00592	0.00423	0.00592	0.00676	0.00761	0.00423	0.00592	0.00761	0.00845	0.01099	0.01945	0.04143	0.02114	0.01015	0.00507	0.00169	0.00338	0.82329	0.00338	0.00338
19	0.00452	0.00385	0.00390	0.00386	0.00512	0.00330	0.00290	0.00576	0.03445	0.01023	0.06013	0.03444	0.79672	0.00911	0.00432	0.00124	0.00189	0.00761	0.00344	0.00320
20	0.23545	0.00479	0.00491	0.00469	0.00604	0.00483	0.00360	0.02195	0.01748	0.04105	0.22796	0.12027	0.23567	0.01877	0.00400	0.00125	0.00226	0.02758	0.01385	0.00359
21	0.00571	0.00412	0.00517	0.00496	0.00589	0.00395	0.00373	0.01864	0.06069	0.02798	0.58735	0.08004	0.07334	0.04881	0.00502	0.00133	0.00207	0.05379	0.00383	0.00358
22	0.01396	0.01029	0.01102	0.00845	0.01139	0.01139	0.00698	0.83577	0.01727	0.02315	0.00882	0.00882	0.00625	0.00441	0.00367	0.00110	0.00404	0.00331	0.00367	0.00625
23	0.00737	0.01900	0.85189	0.01047	0.01590	0.00853	0.01357	0.01163	0.00775	0.01163	0.00659	0.00775	0.00465	0.00349	0.00349	0.00116	0.00543	0.00271	0.00155	0.00543
24	0.00438	0.00372	0.00377	0.00376	0.00498	0.00312	0.00282	0.00535	0.00846	0.01014	0.07351	0.03499	0.81008	0.00922	0.00434	0.00124	0.00185	0.00770	0.00344	0.00312
25	0.89687	0.00710	0.00540	0.00483	0.00710	0.00824	0.00398	0.01080	0.00625	0.01648	0.00511	0.00597	0.00398	0.00341	0.00227	0.00114	0.00284	0.00199	0.00227	0.00398
26	0.00982	0.87313	0.01925	0.00628	0.00943	0.01453	0.00628	0.01100	0.00746	0.00864	0.00511	0.00589	0.00471	0.00314	0.00236	0.00079	0.00393	0.00196	0.00157	0.00471
27	0.00909	0.00873	0.01491	0.02254	0.84801	0.00873	0.01127	0.01127	0.00836	0.01200	0.00691	0.00909	0.00582	0.00327	0.00364	0.00109	0.00436	0.00327	0.00182	0.00582
28	0.00914	0.00789	0.00830	0.00747	0.00955	0.00914	0.00581	0.01952	0.84138	0.01536	0.01495	0.01370	0.01121	0.00498	0.00374	0.00125	0.00291	0.00415	0.00374	0.00581
29	0.00534	0.00356	0.00401	0.00401	0.00401	0.00356	0.00223	0.00534	0.00534	0.00712	0.01157	0.02403	0.01335	0.87092	0.01869	0.00356	0.00356	0.00534	0.00223	0.00223
30	0.00447	0.00320	0.00426	0.00511	0.00533	0.00298	0.00341	0.00511	0.00703	0.00938	0.02024	0.86853	0.02429	0.01151	0.00469	0.00149	0.00213	0.01044	0.00341	0.00298
31	0.00447	0.00372	0.00392	0.00394	0.00509	0.00316	0.00295	0.00549	0.00854	0.01044	0.12234	0.06609	0.71105	0.00921	0.00437	0.00125	0.00189	0.02546	0.00348	0.00314
32	0.03545	0.00654	0.00862	0.00662	0.00946	0.00586	0.00547	0.07199	0.01087	0.77755	0.01391	0.01211	0.00879	0.00451	0.00366	0.00113	0.00318	0.00363	0.00444	0.00620
33	0.01648	0.00625	0.00852	0.00653	0.00938	0.00540	0.00540	0.01790	0.01051	0.85056	0.01449	0.01250	0.00909	0.00455	0.00369	0.00114	0.00313	0.00369	0.00455	0.00625
34	0.00446	0.00326	0.00420	0.00494	0.00528	0.00300	0.00333	0.00513	0.00720	0.00944	0.02232	0.76653	0.12495	0.01124	0.00465	0.00146	0.00210	0.01011	0.00341	0.00300
35	0.00592	0.00423	0.00592	0.00676	0.00761	0.00423	0.00592	0.00761	0.00845	0.01099	0.01945	0.04143	0.02114	0.01015	0.00507	0.00169	0.00338	0.82329	0.00338	0.00338
36	0.03967	0.00650	0.00858	0.00660	0.00943	0.00582	0.00545	0.06441	0.01078	0.78121	0.01392	0.01212	0.00879	0.00451	0.00365	0.00113	0.00317	0.00363	0.00444	0.00619
37	0.00622	0.00446	0.00611	0.00683	0.00775	0.00450	0.00596	0.03888	0.00879	0.01145	0.01904	0.04020	0.02057	0.00993	0.00502	0.00167	0.00341	0.79233	0.00339	0.00349
38	0.00765	0.00721	0.01214	0.60946	0.26186	0.00836	0.01047	0.02063	0.00777	0.01031	0.00667	0.00958	0.00518	0.00357	0.00366	0.00118	0.00473	0.00327	0.00171	0.00461
39	0.00930	0.00936	0.01043	0.00904	0.00972	0.15680	0.00735	0.07882	0.00752	0.02083	0.00601	0.00866	0.00549	0.00824	0.10807	0.00194	0.53317	0.00316	0.00191	0.00419
40	0.01065	0.03087	0.02009	0.00816	0.05468	0.10065	0.02901	0.26631	0.02734	0.03743	0.00767	0.00859	0.00599	0.00359	0.00324	0.00086	0.00382	0.01159	0.00267	0.36677
41	0.00720	0.00680	0.01128	0.72268	0.09726	0.00828	0.01003	0.00952	0.00736	0.00966	0.00648	0.00959	0.00499	0.00375	0.00406	0.00121	0.04717	0.00323	0.00166	0.02780
42	0.00577	0.00380	0.00496	0.00518	0.00570	0.00375	0.00372	0.02567	0.02192	0.02869	0.09217	0.28810	0.05880	0.12958	0.05774	0.15329	0.00313	0.10213	0.00295	0.00296
43	0.00561	0.00424	0.00508	0.00518	0.00603	0.00420	0.00373	0.00818	0.14790	0.02251	0.22902	0.36315	0.13000	0.04165	0.00491	0.00141	0.00219	0.00780	0.00359	0.00361
44	0.00515	0.00375	0.00484	0.00457	0.00546	0.00344	0.00343	0.00684	0.01028	0.01445	0.79940	0.02789	0.08150	0.00761	0.00433	0.00116	0.00174	0.00671	0.00401	0.00344
45	0.00531	0.00357	0.00403	0.00403	0.00408	0.00356	0.00228	0.00536	0.00545	0.00723	0.01234	0.02423	0.03931	0.82996	0.03219	0.00353	0.00361	0.00539	0.00226	0.00227
46	0.03302	0.00893	0.00963	0.00778	0.01030	0.00987	0.00628	0.52031	0.20985	0.06611	0.01118	0.06005	0.00865	0.01589	0.00391	0.00119	0.00358	0.00393	0.00367	0.00585
47	0.09729	0.00691	0.00860	0.00666	0.00946	0.00653	0.00550	0.13594	0.01110	0.65358	0.01280	0.01136	0.00821	0.00442	0.00356	0.00113	0.00323	0.00348	0.00421	0.00604
48	0.03940	0.00761	0.00927	0.00712	0.00998	0.00746	0.00589	0.28928	0.01264	0.55331	0.01235	0.01110	0.00801	0.00447	0.00365	0.00113	0.00342	0.00352	0.00420	0.00619
49	0.00928	0.00543	0.00636	0.00548	0.00686	0.00540	0.00402	0.13912	0.03962	0.20619	0.01502	0.03244	0.10928	0.35170	0.04574	0.00232	0.00355	0.00490	0.00319	0.00408
50	0.02361	0.00877	0.00982	0.00765	0.01042	0.00933	0.00628	0.52058	0.08000	0.23479	0.01125	0.01066	0.02110	0.00456	0.00366	0.00112	0.00362	0.00353	0.02318	0.00608
51	0.01464	0.00919	0.01034	0.00793	0.01084	0.00976	0.00655	0.61385	0.01544	0.24765	0.01036	0.00982	0.00702	0.00445	0.00368	0.00111	0.00379	0.00341	0.00391	0.00625
52	0.00447	0.00320	0.00426	0.00511	0.00533	0.00298	0.00341	0.00511	0.00703	0.00938	0.02024	0.86853	0.02429	0.01151	0.00469	0.00149	0.00213	0.01044	0.00341	0.00298
53	0.02689	0.00525	0.00679	0.00562	0.00751	0.00474	0.00439	0.01299	0.03260	0.46829	0.18988	0.02966	0.05915	0.12241	0.00588	0.00148	0.00280	0.00482	0.00399	0.00486
54	0.00467	0.00365	0.00421	0.00424	0.00517	0.00321	0.00310	0.00580	0.00877	0.01137	0.30323	0.15935	0.43153	0.02926	0.00473	0.00130	0.00190	0.00774	0.00359	0.00318
55	0.00592	0.00423	0.00592	0.00676	0.00761	0.00423	0.00592	0.00761	0.00845	0.01099	0.01945	0.04143	0.02114	0.01015	0.00507	0.00169	0.00338	0.82329	0.00338	0.00338
56	0.00914	0.00789	0.00830	0.00747	0.00955	0.00914	0.00581	0.01952	0.84138	0.01536	0.01495	0.01370	0.01121	0.00498	0.00374	0.00125	0.00291	0.00415	0.00374	0.00581
57	0.00515	0.00377	0.00450	0.00437	0.00539	0.00334	0.00326	0.00646	0.00931	0.03849	0.43063	0.10274	0.35227	0.00847	0.00435	0.00122	0.00186	0.00731	0.00376	0.00337
58	0.00447	0.00321	0.00424	0.00507	0.00532	0.00299	0.00339	0.00512	0.00707	0.00939	0.02077	0.84250	0.04998	0.01144	0.00468	0.00148	0.00212	0.01036	0.00341	0.00299
59	0.04643	0.00969	0.01046	0.00809	0.01093	0.01062	0.00666	0.72442	0.01611	0.08297	0.00939	0.03096	0.00683	0.00456	0.00365	0.00112	0.00388	0.00347	0.00368	0.00608
60	0.75860	0.00687	0.00570	0.00498	0.00727	0.00772	0.00410	0.01157	0.00682	0.11647	0.00649	0.00703	0.00479	0.00358	0.00245	0.00113	0.00283	0.00225	0.03513	0.00423
61	0.00509	0.00372	0.00437	0.00444	0.00537	0.00329	0.00325	0.00616	0.00856	0.04101	0.22901	0.21195	0.39190	0.03585	0.00486	0.00135	0.00203	0.03095	0.00357	0.00326
62	0.00604	0.00391	0.00492	0.00473	0.00570	0.00355	0.00352	0.00733	0.00917	0.09014	0.42648	0.13202	0.17615	0.07235	0.00541	0.00141	0.00213	0.03778	0.00374	0.00350
63	0.89687	0.00710	0.00540	0.00483	0.00710	0.00824	0.00398	0.01080	0.00625	0.01648	0.00511	0.00597	0.00398	0.00341	0.00227	0.00114	0.00284	0.00199	0.00227	0.00398
64	0.03395	0.00804	0.01204	0.14823	0.01315	0.02220	0.10081	0.00964	0.02849	0.00965	0.00576	0.00870	0.00513	0.00578	0.02244	0.00154	0.55524	0.00334	0.00172	0.00417
65	0.01203	0.00682	0.00806	0.00670	0.00904	0.00694	0.00536	0.07630	0.31925	0.37147	0.05662	0.01526	0.07893	0.00523	0.00379	0.00118	0.00294	0.00431	0.00407	0.00570
66	0.00511	0.00344	0.00423	0.00456	0.00476	0.00332	0.00287	0.00554	0.00652	0.01901	0.07053	0.39661	0.01948	0.41262	0.01117	0.00242	0.00278	0.00763	0.01469	0.00271
67	0.00766	0.00642	0.00730	0.00589	0.00834	0.00587	0.00461	0.03555	0.22420	0.01340	0.12396	0.04513	0.03320	0.00451	0.00335	0.00088	0.00263	0.00378	0.00296	0.46036
68	0.01193	0.00854	0.00994	0.00804	0.01055	0.02105	0.05038	0.34254	0.27405	0.14576	0.01196	0.04357	0.00895	0.00548	0.02874	0.00131	0.00379	0.00396	0.00365	0.00580
69	0.00474	0.00335	0.00423	0.00479	0.00506	0.00316	0.00316	0.00526	0.00682	0.00902	0.03724	0.56916	0.08193	0.19771	0.00791	0.02088	0.00246	0.02719	0.00313	0.00282
70	0.00455	0.00355	0.00410	0.00433	0.00514	0.00313	0.00309	0.00549	0.00816	0.01043	0.16121	0.30771	0.41971	0.03619	0.00489	0.00138	0.00198	0.00838	0.00348	0.00309
71	0.01058	0.00830	0.00920	0.00689	0.00996	0.00802	0.00561	0.38780	0.04259	0.01721	0.00788	0.00839	0.00602	0.00358	0.00319	0.00083	0.00333	0.00277	0.00292	0.45494
72	0.00803	0.01138	0.24305	0.07071	0.15220	0.00850	0.28344	0.01095	0.00804	0.01149	0.02711	0.00939	0.00601	0.00384	0.01491	0.00122	0.05404	0.00348	0.00182	0.07040
73	0.00796	0.00735	0.01165	0.50916	0.18691	0.00861	0.02340	0.05122	0.08287	0.01112	0.00747	0.00996	0.00580	0.00426	0.01861	0.00129	0.04232	0.00337	0.00197	0.00469
74	0.00530	0.00390	0.00519	0.00529	0.00593	0.00405	0.00389	0.00673	0.03786	0.01948	0.17150	0.23736	0.07383	0.08399	0.28961	0.00304	0.01635	0.02045	0.00295	0.00328
75	0.00885	0.00741	0.00788	0.00709	0.00908	0.00839	0.00553	0.04325	0.69368	0.02936	0.04786	0.01614	0.07418	0.00546	0.00382	0.00124	0.00283	0.01870	0.00373	0.00550
76	0.05434	0.00880	0.01518	0.06951	0.08196	0.00909	0.36994	0.13648	0.05511	0.05312	0.00860	0.03185	0.00683	0.00412	0.00448	0.00124	0.05871	0.02316	0.00242	0.00507
77	0.00559	0.00381	0.00446	0.00449	0.00481	0.00381	0.00284	0.00634	0.05169	0.02317	0.02486	0.13881	0.07855	0.53997	0.04718	0.04496	0.00340	0.00599	0.00258	0.00269
78	0.00735	0.00418	0.00545	0.00547	0.00644	0.00386	0.00404	0.03043	0.00841	0.18014	0.08218	0.46178	0.06966	0.03855	0.00492	0.00146	0.00249	0.07575	0.00365	0.00378
79	0.01648	0.00625	0.00852	0.00653	0.00938	0.00540	0.00540	0.01790	0.01051	0.85056	0.01449	0.01250	0.00909	0.00455	0.00369	0.00114	0.00313	0.00369	0.00455	0.00625
80	0.43472	0.00793	0.00783	0.00633	0.00893	0.00865	0.00522	0.27350	0.01062	0.19156	0.00823	0.00822	0.00576	0.00396	0.00301	0.00113	0.00328	0.00276	0.00319	0.00517
81	0.06467	0.00398	0.00439	0.00432	0.00541	0.00364	0.00321	0.00646	0.00855	0.03449	0.24547	0.11008	0.41726	0.04974	0.00492	0.00135	0.00206	0.02323	0.00348	0.00329
82	0.00452	0.00323	0.00431	0.00516	0.00540	0.00302	0.00348	0.00519	0.00707	0.00942	0.02022	0.84379	0.02420	0.01147	0.00470	0.00150	0.00217	0.03475	0.00341	0.00300
83	0.00534	0.00356	0.00401	0.00401	0.00401	0.00356	0.00223	0.00534	0.00534	0.00712	0.01157	0.02403	0.01335	0.87092	0.01869	0.00356	0.00356	0.00534	0.00223	0.00223
84	0.00480	0.00346	0.00432	0.00463	0.00508	0.00323	0.00313	0.00563	0.00772	0.01038	0.23006	0.40509	0.11740	0.16932	0.00715	0.00176	0.00226	0.00823	0.00335	0.00298
85	0.00521	0.00379	0.00471	0.00446	0.00544	0.00341	0.00335	0.00674	0.00992	0.02871	0.64404	0.03838	0.21245	0.00789	0.00433	0.00118	0.00179	0.00688	0.00391	0.00343
86	0.00534	0.00356	0.00401	0.00401	0.00401	0.00356	0.00223	0.00534	0.00534	0.00712	0.01157	0.02403	0.01335	0.87092	0.01869	0.00356	0.00356	0.00534	0.00223	0.00223
87	0.83775	0.00716	0.00568	0.00500	0.00731	0.00822	0.00412	0.03503	0.00673	0.04839	0.00558	0.00630	0.00424	0.00348	0.00237	0.00114	0.00289	0.00209	0.00240	0.00413
88	0.00576	0.00394	0.00521	0.00508	0.00587	0.00405	0.00377	0.00682	0.00701	0.05990	0.10511	0.03702	0.15828	0.16737	0.40388	0.00381	0.00594	0.00524	0.00267	0.00326
89	0.00957	0.00962	0.01394	0.07458	0.66783	0.10766	0.01054	0.02433	0.02529	0.01172	0.00693	0.00894	0.00575	0.00341	0.00360	0.00109	0.00463	0.00318	0.00188	0.00553
90	0.00450	0.00326	0.00426	0.00505	0.00535	0.00302	0.00342	0.00518	0.00716	0.00945	0.02149	0.78717	0.08535	0.01131	0.00467	0.00148	0.00214	0.02931	0.00341	0.00300
91	0.00699	0.00507	0.00593	0.00588	0.00699	0.00530	0.00433	0.01102	0.28543	0.06712	0.06732	0.35748	0.05295	0.05156	0.00495	0.00146	0.00253	0.03481	0.01873	0.00416
92	0.00729	0.00685	0.01043	0.22155	0.26569	0.04456	0.03841	0.00905	0.00783	0.01038	0.01159	0.19985	0.03569	0.00607	0.00435	0.00129	0.03648	0.07604	0.00230	0.00431
93	0.00742	0.03603	0.83529	0.01038	0.01577	0.00865	0.01342	0.01162	0.00775	0.01157	0.00656	0.00772	0.00465	0.00348	0.00347	0.00116	0.00540	0.00270	0.00155	0.00541
94	0.79487	0.00719	0.00588	0.00512	0.00746	0.00819	0.00422	0.05027	0.00706	0.07389	0.00593	0.00655	0.00443	0.00353	0.00244	0.00113	0.00292	0.00217	0.00249	0.00424
95	0.00498	0.00365	0.00470	0.00543	0.01890	0.00352	0.00362	0.01815	0.03869	0.00979	0.03150	0.67982	0.04637	0.08473	0.00582	0.00164	0.00236	0.02989	0.00331	0.00314
96	0.02019	0.01221	0.34401	0.00900	0.01267	0.00822	0.04508	0.12779	0.03188	0.27135	0.00944	0.00962	0.00646	0.00419	0.00427	0.00119	0.07069	0.00324	0.00285	0.00566
97	0.00613	0.00451	0.00604	0.00670	0.00766	0.00459	0.00577	0.00853	0.07838	0.01139	0.03425	0.03868	0.04478	0.00964	0.00493	0.00163	0.00327	0.71613	0.00342	0.00358
98	0.01131	0.15222	0.07224	0.00753	0.01076	0.01017	0.00672	0.44547	0.01269	0.01729	0.00751	0.00798	0.00569	0.00374	0.00322	0.00092	0.00381	0.00278	0.00282	0.21515

[dist]
# distance from previous block
# <min> <max>
0	1

[block]
# block no. 1 follows, 75 sequences, length 32
# corresponding to MSA columns:
# 743-774
name=unknown_B
#
# <colnr> <probs for GDERKNQSTAVLIFYWHMCP>
#	G	D	E	R	K	N	Q	S	T	A	V	L	I	F	Y	W	H	M	C	P
0	0.05463	0.45805	0.14574	0.00811	0.04317	0.16746	0.00761	0.03949	0.00842	0.01031	0.02386	0.00701	0.00541	0.00347	0.00284	0.00092	0.00458	0.00235	0.00180	0.00477
1	0.04498	0.00589	0.03035	0.00656	0.00854	0.00527	0.04086	0.03978	0.03540	0.35696	0.11490	0.16685	0.02676	0.00666	0.00407	0.00127	0.00300	0.09328	0.00381	0.00481
2	0.79590	0.02546	0.00620	0.00527	0.00748	0.03177	0.00435	0.03322	0.00666	0.01600	0.00522	0.00614	0.00411	0.00356	0.00272	0.00114	0.03641	0.00208	0.00226	0.00406
3	0.00511	0.00375	0.00479	0.00453	0.00543	0.00343	0.00340	0.00676	0.01019	0.01423	0.76189	0.02826	0.11916	0.00770	0.00433	0.00116	0.00175	0.00676	0.00398	0.00343
4	0.07103	0.22873	0.44319	0.01001	0.03656	0.05789	0.02955	0.02965	0.00881	0.03689	0.00755	0.00897	0.00596	0.00423	0.00366	0.00127	0.00521	0.00295	0.00218	0.00572
5	0.06123	0.15502	0.66771	0.00946	0.01433	0.00947	0.01183	0.01148	0.00762	0.01144	0.00626	0.00735	0.00462	0.00343	0.00323	0.00110	0.00503	0.00255	0.00160	0.00523
6	0.00737	0.01900	0.85189	0.01047	0.01590	0.00853	0.01357	0.01163	0.00775	0.01163	0.00659	0.00775	0.00465	0.00349	0.00349	0.00116	0.00543	0.00271	0.00155	0.00543
7	0.00505	0.00363	0.00491	0.00573	0.00623	0.00349	0.00439	0.00612	0.00765	0.01004	0.02050	0.50907	0.05107	0.01089	0.00483	0.00156	0.00262	0.33570	0.00340	0.00315
8	0.01441	0.00740	0.05234	0.00780	0.01054	0.00653	0.07446	0.01617	0.02129	0.64140	0.01253	0.01161	0.00817	0.00457	0.00459	0.00120	0.09161	0.00365	0.00386	0.00587
9	0.00737	0.01900	0.85189	0.01047	0.01590	0.00853	0.01357	0.01163	0.00775	0.01163	0.00659	0.00775	0.00465	0.00349	0.00349	0.00116	0.00543	0.00271	0.00155	0.00543
10	0.00520	0.00375	0.00491	0.00462	0.00549	0.00347	0.00347	0.00693	0.01040	0.01473	0.84608	0.02743	0.03465	0.00751	0.00433	0.00116	0.00173	0.00664	0.00404	0.00347
11	0.00741	0.01871	0.82880	0.01080	0.03886	0.00854	0.01351	0.01162	0.00777	0.01164	0.00660	0.00779	0.00468	0.00348	0.00349	0.00116	0.00540	0.00273	0.00156	0.00544
12	0.00825	0.03920	0.66826	0.01036	0.01516	0.02495	0.05701	0.05641	0.00836	0.03498	0.00685	0.00800	0.00492	0.00366	0.00385	0.00117	0.03862	0.00285	0.00177	0.00537
13	0.00750	0.06533	0.80673	0.01024	0.01555	0.00886	0.01317	0.01160	0.00774	0.01147	0.00651	0.00765	0.00466	0.00347	0.00343	0.00114	0.00535	0.00267	0.00155	0.00539
14	0.00440	0.00358	0.00390	0.00411	0.00507	0.00308	0.00297	0.00527	0.00807	0.00991	0.05479	0.25398	0.60843	0.00983	0.00443	0.00130	0.00193	0.00843	0.00343	0.00308
15	0.01267	0.00952	0.16157	0.01971	0.03407	0.04598	0.04772	0.09770	0.02266	0.41964	0.05249	0.04069	0.00929	0.00458	0.00373	0.00115	0.00390	0.00381	0.00348	0.00565
16	0.00997	0.00675	0.02359	0.00624	0.00811	0.05972	0.00501	0.15191	0.04166	0.21323	0.20058	0.08420	0.12207	0.01975	0.00424	0.00122	0.00301	0.03037	0.00373	0.00467
17	0.01094	0.02103	0.01200	0.03369	0.12637	0.10706	0.12605	0.25334	0.06160	0.07553	0.04610	0.03460	0.04758	0.00460	0.00397	0.00114	0.02229	0.00394	0.00289	0.00526
18	0.01121	0.37331	0.18445	0.01947	0.06522	0.08331	0.05196	0.06574	0.04451	0.05185	0.00800	0.00926	0.00652	0.00429	0.00360	0.00120	0.00494	0.00304	0.00240	0.00571
19	0.00500	0.00387	0.00518	0.00548	0.00625	0.00360	0.03603	0.00603	0.00770	0.00987	0.02355	0.36315	0.24041	0.06056	0.00550	0.00158	0.00261	0.20721	0.00327	0.00314
20	0.06034	0.03483	0.04889	0.00904	0.01115	0.69162	0.00712	0.02947	0.04228	0.01001	0.00616	0.00706	0.00504	0.00417	0.01675	0.00106	0.00617	0.00246	0.00200	0.00439
21	0.01007	0.02416	0.12929	0.03383	0.09504	0.13796	0.04662	0.16182	0.10093	0.03376	0.03187	0.01140	0.01939	0.00500	0.01716	0.00126	0.09190	0.04094	0.00253	0.00507
22	0.02393	0.08890	0.08430	0.10724	0.09102	0.10965	0.15074	0.15366	0.05158	0.01300	0.02690	0.03296	0.00679	0.00409	0.00397	0.00114	0.03939	0.00349	0.00228	0.00499
23	0.07620	0.02303	0.00801	0.00755	0.02498	0.11586	0.06001	0.09046	0.00901	0.02115	0.01421	0.24626	0.01511	0.00809	0.01816	0.00145	0.00381	0.24977	0.00297	0.00392
24	0.05960	0.19853	0.08146	0.04480	0.03593	0.23723	0.00735	0.10530	0.03671	0.01148	0.00714	0.06006	0.00631	0.00442	0.00408	0.00108	0.08864	0.00309	0.00213	0.00465
25	0.01007	0.39397	0.06417	0.04376	0.02788	0.09642	0.01411	0.09725	0.00903	0.05643	0.04163	0.05419	0.00772	0.00434	0.00348	0.00101	0.03976	0.01562	0.01442	0.00474
26	0.00701	0.00452	0.00583	0.02515	0.00707	0.00429	0.01682	0.04520	0.03452	0.12557	0.17946	0.28582	0.17024	0.00848	0.00435	0.00131	0.00246	0.06439	0.00364	0.00386
27	0.00737	0.01900	0.85189	0.01047	0.01590	0.00853	0.01357	0.01163	0.00775	0.01163	0.00659	0.00775	0.00465	0.00349	0.00349	0.00116	0.00543	0.00271	0.00155	0.00543
28	0.15137	0.03782	0.07839	0.00982	0.13032	0.08236	0.01584	0.27442	0.05622	0.08119	0.00860	0.04264	0.00672	0.00423	0.00341	0.00111	0.00404	0.00329	0.00284	0.00537
29	0.74622	0.00705	0.00579	0.00506	0.00735	0.02220	0.00415	0.01163	0.00688	0.11595	0.00648	0.00702	0.00479	0.00358	0.00247	0.00112	0.00290	0.00225	0.03285	0.00424
30	0.24795	0.01818	0.04375	0.04291	0.03473	0.03840	0.04102	0.10897	0.06089	0.08780	0.04468	0.04382	0.06929	0.00463	0.00347	0.00111	0.01827	0.00364	0.00280	0.08370
31	0.06600	0.04605	0.02570	0.02165	0.03814	0.01472	0.01417	0.18576	0.06034	0.08393	0.23373	0.03272	0.04018	0.00586	0.01875	0.00121	0.03307	0.02211	0.00328	0.05262

[dist]
# distance from previous block
# <min> <max>
4	51

[block]
# block no. 2 follows, 75 sequences, length 99
# corresponding to MSA columns:
# 828-926
name=unknown_C
#
# <colnr> <probs for GDERKNQSTAVLIFYWHMCP>
#	G	D	E	R	K	N	Q	S	T	A	V	L	I	F	Y	W	H	M	C	P
0	0.06808	0.12780	0.14372	0.04836	0.19504	0.06102	0.07743	0.06955	0.04726	0.03232	0.02073	0.00990	0.01724	0.02483	0.00404	0.00117	0.02895	0.01538	0.00214	0.00504
1	0.01870	0.00470	0.00543	0.00526	0.02091	0.02171	0.00376	0.02672	0.03654	0.10338	0.08249	0.07830	0.22426	0.19580	0.03901	0.04813	0.00307	0.04483	0.01682	0.02021
2	0.13699	0.00568	0.00674	0.00671	0.05077	0.00597	0.02638	0.07849	0.12061	0.03882	0.05931	0.23557	0.07487	0.06365	0.03387	0.02314	0.00310	0.01519	0.01010	0.00405
3	0.03541	0.08836	0.15152	0.00986	0.06098	0.16272	0.03275	0.09115	0.10541	0.04733	0.02295	0.07270	0.04756	0.00561	0.00449	0.00136	0.04728	0.00417	0.00290	0.00550
4	0.13280	0.00900	0.05925	0.04878	0.29579	0.02558	0.18425	0.05943	0.04030	0.01296	0.02475	0.03429	0.02098	0.00407	0.00395	0.01948	0.01353	0.00365	0.00216	0.00500
5	0.00567	0.00402	0.00478	0.00474	0.00554	0.00383	0.00337	0.03094	0.04334	0.03524	0.24535	0.22548	0.17965	0.16033	0.00686	0.00167	0.00234	0.01431	0.01922	0.00332
6	0.07827	0.00881	0.05324	0.04843	0.30334	0.03219	0.08265	0.11491	0.08849	0.02011	0.03186	0.02345	0.00804	0.00539	0.04649	0.00141	0.00448	0.04086	0.00244	0.00518
7	0.02001	0.21576	0.09065	0.03931	0.05441	0.38437	0.04079	0.04916	0.00940	0.02191	0.02355	0.02214	0.00588	0.00379	0.00323	0.00098	0.00531	0.00274	0.00196	0.00465
8	0.00554	0.00427	0.00563	0.04520	0.06228	0.01930	0.00436	0.02018	0.02335	0.02141	0.04529	0.62447	0.03248	0.06152	0.00532	0.00154	0.00261	0.00870	0.00317	0.00337
9	0.02712	0.00569	0.00715	0.00596	0.00797	0.00534	0.00470	0.07271	0.05498	0.43801	0.10140	0.10563	0.06227	0.05536	0.00471	0.00132	0.00284	0.00500	0.02678	0.00507
10	0.10505	0.00925	0.00960	0.00784	0.02181	0.07047	0.01763	0.45439	0.04771	0.12582	0.00950	0.01054	0.00715	0.04907	0.02184	0.00134	0.00406	0.01808	0.00335	0.00551
11	0.00640	0.00511	0.01826	0.02051	0.07489	0.02032	0.01351	0.04021	0.00699	0.02972	0.02146	0.22102	0.02492	0.28215	0.15035	0.00279	0.04962	0.00584	0.00252	0.00339
12	0.00495	0.00372	0.00458	0.00455	0.00539	0.00344	0.00337	0.00622	0.00881	0.01185	0.40597	0.09872	0.24824	0.07376	0.06293	0.00173	0.00255	0.04248	0.00352	0.00322
13	0.00542	0.00378	0.00449	0.00468	0.00497	0.00373	0.00298	0.04834	0.00684	0.00911	0.03897	0.35107	0.03992	0.44563	0.01170	0.00250	0.00293	0.00731	0.00284	0.00279
14	0.01334	0.02004	0.01083	0.00836	0.01115	0.02361	0.00687	0.71954	0.10066	0.02178	0.00930	0.00924	0.00669	0.00447	0.00378	0.00112	0.01613	0.00336	0.00360	0.00612
15	0.02186	0.00653	0.00760	0.00545	0.00869	0.00496	0.00437	0.00945	0.00765	0.02928	0.00667	0.00769	0.00549	0.00277	0.00273	0.00057	0.00273	0.00220	0.00223	0.86107
16	0.00629	0.00440	0.00534	0.01254	0.00636	0.00424	0.00385	0.01997	0.10464	0.07366	0.34665	0.20499	0.17663	0.00811	0.00428	0.00125	0.00214	0.00708	0.00377	0.00381
17	0.00628	0.00337	0.00472	0.00468	0.00473	0.00338	0.00305	0.01711	0.00508	0.00677	0.00745	0.01369	0.00777	0.18363	0.01506	0.70278	0.00328	0.00362	0.00175	0.00179
18	0.00492	0.00374	0.00441	0.00429	0.00528	0.00334	0.00319	0.00620	0.00915	0.02026	0.41626	0.06654	0.37676	0.03210	0.02601	0.00139	0.00207	0.00714	0.00365	0.00328
19	0.00884	0.00998	0.02112	0.01532	0.03142	0.02076	0.78802	0.02726	0.00882	0.01192	0.00740	0.00981	0.00557	0.00316	0.00437	0.00123	0.01387	0.00426	0.00189	0.00497
20	0.00552	0.00445	0.00495	0.00470	0.00594	0.00428	0.00356	0.00840	0.15286	0.01271	0.33592	0.02834	0.38651	0.00781	0.00421	0.00120	0.00199	0.00665	0.01627	0.00371
21	0.00534	0.00356	0.00401	0.00401	0.00401	0.00356	0.00223	0.00534	0.00534	0.00712	0.01157	0.02403	0.01335	0.87092	0.01869	0.00356	0.00356	0.00534	0.00223	0.00223
22	0.03748	0.00501	0.00593	0.00536	0.00676	0.00495	0.00415	0.07233	0.09336	0.10291	0.39940	0.07320	0.11881	0.00700	0.00408	0.00119	0.00229	0.02634	0.02530	0.00415
23	0.00592	0.00423	0.00592	0.00676	0.00761	0.00423	0.00592	0.00761	0.00845	0.01099	0.01945	0.04143	0.02114	0.01015	0.00507	0.00169	0.00338	0.82329	0.00338	0.00338
24	0.00715	0.00605	0.00649	0.00596	0.00747	0.02967	0.00457	0.01277	0.39545	0.01426	0.33537	0.02149	0.12538	0.00646	0.00403	0.00120	0.00243	0.00551	0.00376	0.00453
25	0.00534	0.00356	0.00401	0.00401	0.00401	0.00356	0.00223	0.00534	0.00534	0.00712	0.01157	0.02403	0.01335	0.87092	0.01869	0.00356	0.00356	0.00534	0.00223	0.00223
26	0.00454	0.00323	0.00426	0.00504	0.00526	0.00303	0.00334	0.00516	0.00701	0.00936	0.03695	0.80317	0.02389	0.06012	0.00547	0.00160	0.00220	0.01007	0.00336	0.00295
27	0.77067	0.00698	0.00585	0.00507	0.00743	0.00783	0.00418	0.01181	0.00686	0.13604	0.00646	0.00690	0.00471	0.00357	0.00248	0.00114	0.00288	0.00223	0.00260	0.00430
28	0.00737	0.01900	0.85189	0.01047	0.01590	0.00853	0.01357	0.01163	0.00775	0.01163	0.00659	0.00775	0.00465	0.00349	0.00349	0.00116	0.00543	0.00271	0.00155	0.00543
29	0.00570	0.00336	0.00444	0.00454	0.00469	0.00329	0.00295	0.00508	0.00556	0.00730	0.01227	0.10188	0.08622	0.25853	0.01357	0.45246	0.00308	0.02087	0.00215	0.00208
30	0.89687	0.00710	0.00540	0.00483	0.00710	0.00824	0.00398	0.01080	0.00625	0.01648	0.00511	0.00597	0.00398	0.00341	0.00227	0.00114	0.00284	0.00199	0.00227	0.00398
31	0.00982	0.87313	0.01925	0.00628	0.00943	0.01453	0.00628	0.01100	0.00746	0.00864	0.00511	0.00589	0.00471	0.00314	0.00236	0.00079	0.00393	0.00196	0.00157	0.00471
32	0.00694	0.00653	0.01102	0.86210	0.02530	0.00816	0.01020	0.00938	0.00734	0.00938	0.00653	0.00979	0.00490	0.00367	0.00367	0.00122	0.00490	0.00326	0.00163	0.00408
33	0.01396	0.01029	0.01102	0.00845	0.01139	0.01139	0.00698	0.83577	0.01727	0.02315	0.00882	0.00882	0.00625	0.00441	0.00367	0.00110	0.00404	0.00331	0.00367	0.00625
34	0.00867	0.00991	0.02167	0.01548	0.01920	0.00929	0.83467	0.01176	0.00867	0.01176	0.00743	0.00991	0.00557	0.00310	0.00433	0.00124	0.00619	0.00433	0.00186	0.00495
35	0.00438	0.00372	0.00377	0.00376	0.00498	0.00312	0.00282	0.00535	0.00846	0.01014	0.07338	0.03499	0.81022	0.00922	0.00434	0.00124	0.00185	0.00770	0.00344	0.00312
36	0.01447	0.00855	0.00984	0.00764	0.01047	0.00894	0.00628	0.45470	0.08937	0.33317	0.01150	0.01064	0.00776	0.00451	0.00369	0.00113	0.00359	0.00353	0.00401	0.00621
37	0.00805	0.00695	0.00727	0.00663	0.00851	0.00777	0.00513	0.01630	0.65311	0.01413	0.01998	0.01859	0.20000	0.00596	0.00387	0.00124	0.00267	0.00497	0.00366	0.00520
38	0.00445	0.00372	0.00387	0.00383	0.00502	0.00314	0.00287	0.00547	0.00862	0.01051	0.13559	0.03438	0.74777	0.00908	0.00434	0.00123	0.00184	0.00762	0.00349	0.00314
39	0.01530	0.00599	0.00813	0.00632	0.00897	0.00519	0.00519	0.01674	0.01047	0.76432	0.08680	0.01417	0.02519	0.00488	0.00376	0.00114	0.00298	0.00402	0.00448	0.00596
40	0.00576	0.00411	0.00574	0.00658	0.00736	0.00409	0.00564	0.00733	0.00830	0.01081	0.01953	0.13256	0.02148	0.01030	0.00503	0.00167	0.00324	0.73373	0.00338	0.00334
41	0.04524	0.00640	0.00850	0.00654	0.00936	0.00568	0.00540	0.04327	0.01058	0.79734	0.01401	0.01217	0.00883	0.00450	0.00365	0.00114	0.00314	0.00363	0.00444	0.00618
42	0.07997	0.00787	0.00919	0.00716	0.00995	0.00800	0.00589	0.31445	0.06094	0.44015	0.01177	0.01075	0.00780	0.00444	0.00358	0.00113	0.00342	0.00345	0.00401	0.00606
43	0.54546	0.15390	0.00893	0.00591	0.00837	0.03791	0.00503	0.12649	0.00825	0.04177	0.00594	0.00663	0.00462	0.00363	0.00280	0.00108	0.02415	0.00226	0.00239	0.00450
44	0.12102	0.01016	0.01022	0.03727	0.01129	0.09865	0.02122	0.52952	0.02595	0.08653	0.00848	0.00866	0.00605	0.00419	0.00348	0.00110	0.00414	0.00311	0.00329	0.00566
45	0.01065	0.44772	0.06183	0.00822	0.01095	0.24832	0.06243	0.01205	0.00831	0.02549	0.00573	0.00684	0.00493	0.00390	0.01508	0.00101	0.05778	0.00241	0.00174	0.00461
46	0.00531	0.00380	0.00541	0.00543	0.00590	0.00427	0.00400	0.00618	0.00575	0.00814	0.01023	0.03334	0.01022	0.20419	0.61918	0.05131	0.00802	0.00432	0.00203	0.00296
47	0.02483	0.02568	0.02815	0.00518	0.00553	0.00408	0.00377	0.00583	0.02999	0.00731	0.01881	0.02628	0.00711	0.01184	0.02538	0.74205	0.02102	0.00334	0.00174	0.00208
48	0.00686	0.03214	0.00668	0.00580	0.00687	0.02278	0.02129	0.04271	0.00728	0.05301	0.03286	0.09571	0.03461	0.23621	0.21411	0.00294	0.03090	0.06170	0.00255	0.08299
49	0.00572	0.00403	0.00513	0.00477	0.00578	0.00378	0.00361	0.00781	0.04998	0.04229	0.73682	0.02669	0.07477	0.00738	0.00428	0.00116	0.00184	0.00648	0.00401	0.00365
50	0.00451	0.00373	0.00384	0.00385	0.00505	0.00316	0.00291	0.00553	0.00846	0.01033	0.07901	0.03443	0.75222	0.00907	0.00431	0.00124	0.00189	0.03207	0.03124	0.00314
51	0.00654	0.00412	0.00507	0.00503	0.00573	0.00398	0.00351	0.04748	0.01460	0.08947	0.06740	0.28447	0.08674	0.27260	0.02654	0.02541	0.00295	0.04197	0.00313	0.00327
52	0.89687	0.00710	0.00540	0.00483	0.00710	0.00824	0.00398	0.01080	0.00625	0.01648	0.00511	0.00597	0.00398	0.00341	0.00227	0.00114	0.00284	0.00199	0.00227	0.00398
53	0.25610	0.00699	0.00796	0.00631	0.00900	0.00695	0.00521	0.11307	0.02484	0.51016	0.01127	0.01030	0.00740	0.00423	0.00330	0.00113	0.00315	0.00319	0.00381	0.00562
54	0.00561	0.00432	0.00482	0.00456	0.00576	0.00408	0.00345	0.05109	0.06382	0.01285	0.31491	0.05463	0.39103	0.00792	0.00417	0.00119	0.00200	0.00673	0.05347	0.00359
55	0.00545	0.00391	0.00466	0.00452	0.00559	0.00352	0.00339	0.00695	0.02932	0.05318	0.36837	0.11632	0.34901	0.00846	0.00434	0.00123	0.00195	0.02261	0.00374	0.00346
56	0.87533	0.00708	0.00547	0.00487	0.00716	0.00817	0.00401	0.01097	0.00635	0.03688	0.00534	0.00613	0.00410	0.00344	0.00231	0.00114	0.00285	0.00203	0.00233	0.00403
57	0.00804	0.00804	0.01125	0.00964	0.00964	0.01125	0.00804	0.00884	0.00562	0.00884	0.00482	0.00804	0.00482	0.00643	0.01205	0.00161	0.86420	0.00321	0.00161	0.00402
58	0.24714	0.00583	0.00663	0.00560	0.00767	0.00571	0.00445	0.02921	0.00879	0.39390	0.06578	0.10061	0.03372	0.04725	0.00418	0.00129	0.00284	0.00430	0.02030	0.00480
59	0.00493	0.00353	0.00410	0.00438	0.00502	0.00321	0.00300	0.00569	0.00748	0.02426	0.06690	0.34845	0.30077	0.14920	0.00670	0.00169	0.00225	0.00804	0.04741	0.00300
60	0.00685	0.00342	0.00342	0.00342	0.00428	0.00342	0.00257	0.00856	0.00770	0.01369	0.01198	0.01369	0.00941	0.00428	0.00257	0.00086	0.00171	0.00342	0.89131	0.00342
61	0.01015	0.00855	0.00887	0.00770	0.00994	0.02720	0.00606	0.17552	0.66647	0.01672	0.01358	0.01262	0.01013	0.00485	0.00372	0.00121	0.00320	0.00395	0.00369	0.00586
62	0.32030	0.00642	0.00695	0.00585	0.00810	0.00655	0.00472	0.06963	0.02930	0.35566	0.01141	0.09689	0.00894	0.01633	0.00349	0.00121	0.00296	0.01538	0.02495	0.00496
63	0.07679	0.00454	0.00542	0.00510	0.00643	0.00427	0.00388	0.00910	0.03552	0.18075	0.18687	0.20258	0.19053	0.03302	0.00455	0.00133	0.00237	0.03937	0.00365	0.00393
64	0.01648	0.00625	0.00852	0.00653	0.00938	0.00540	0.00540	0.01790	0.01051	0.85056	0.01449	0.01250	0.00909	0.00455	0.00369	0.00114	0.00313	0.00369	0.00455	0.00625
65	0.00540	0.00375	0.00465	0.00442	0.00532	0.00349	0.00332	0.00716	0.01828	0.01423	0.66265	0.02599	0.09122	0.00717	0.00408	0.00112	0.00175	0.00626	0.12628	0.00346
66	0.00469	0.00365	0.00412	0.00422	0.00520	0.00317	0.00308	0.00571	0.00848	0.02176	0.18262	0.21314	0.50838	0.00938	0.00441	0.00128	0.00191	0.00807	0.00354	0.00318
67	0.77971	0.00673	0.00538	0.00482	0.00690	0.00768	0.00388	0.01051	0.00643	0.04185	0.02847	0.00808	0.00565	0.06743	0.00358	0.00132	0.00287	0.00241	0.00239	0.00391
68	0.89687	0.00710	0.00540	0.00483	0.00710	0.00824	0.00398	0.01080	0.00625	0.01648	0.00511	0.00597	0.00398	0.00341	0.00227	0.00114	0.00284	0.00199	0.00227	0.00398
69	0.00839	0.00805	0.01396	0.08822	0.58514	0.00819	0.08515	0.01058	0.00833	0.01177	0.06898	0.01128	0.00819	0.00454	0.03064	0.00129	0.02219	0.01784	0.00200	0.00527
70	0.00494	0.00355	0.00480	0.00538	0.00578	0.00355	0.00390	0.00581	0.00691	0.00926	0.01768	0.46876	0.03912	0.10333	0.16478	0.00255	0.00391	0.13997	0.00301	0.00303
71	0.00453	0.00325	0.00431	0.00505	0.00533	0.00303	0.00340	0.00527	0.00733	0.00983	0.08915	0.78619	0.03740	0.01114	0.00465	0.00146	0.00209	0.01009	0.00346	0.00303
72	0.01635	0.00646	0.00865	0.00663	0.00948	0.00571	0.00548	0.06029	0.01086	0.80767	0.01420	0.01231	0.00894	0.00454	0.00369	0.00113	0.00317	0.00367	0.00450	0.00625
73	0.05159	0.00910	0.01043	0.01011	0.13065	0.04791	0.03404	0.24760	0.35809	0.04506	0.01093	0.01082	0.00816	0.00437	0.00364	0.00116	0.00372	0.00360	0.00326	0.00577
74	0.00837	0.00802	0.01347	0.26851	0.53870	0.00876	0.01070	0.01052	0.00784	0.01098	0.00663	0.00921	0.00547	0.00364	0.00432	0.00117	0.07350	0.00327	0.00175	0.00516
75	0.00438	0.00369	0.00379	0.00382	0.00500	0.00311	0.00284	0.00532	0.00837	0.01005	0.06282	0.07828	0.77730	0.00936	0.00436	0.00125	0.00187	0.00785	0.00343	0.00311
76	0.01348	0.01011	0.01124	0.00946	0.07295	0.01114	0.00727	0.75509	0.03677	0.02214	0.00883	0.00896	0.00634	0.00434	0.00367	0.00110	0.00404	0.00332	0.00354	0.00620
77	0.00550	0.00399	0.00539	0.00615	0.00693	0.00389	0.00515	0.00692	0.00820	0.01060	0.02150	0.18403	0.11081	0.01029	0.00493	0.00161	0.00300	0.59444	0.00339	0.00328
78	0.00732	0.00697	0.01196	0.70632	0.15058	0.00828	0.03737	0.00975	0.00754	0.00986	0.00662	0.00969	0.00506	0.00359	0.00369	0.00120	0.00486	0.00330	0.00167	0.00437
79	0.01019	0.00971	0.00931	0.00819	0.01031	0.16814	0.04387	0.02668	0.60222	0.03781	0.01285	0.01253	0.00977	0.00473	0.00370	0.00119	0.00378	0.01622	0.00332	0.00546
80	0.00499	0.00377	0.00462	0.00447	0.00545	0.00340	0.00340	0.00649	0.00972	0.01317	0.57444	0.03039	0.26459	0.00815	0.00437	0.00121	0.00185	0.04832	0.00383	0.00336
81	0.00912	0.00812	0.00820	0.00745	0.00942	0.05085	0.00575	0.01853	0.75690	0.01474	0.01476	0.05766	0.01157	0.00526	0.00377	0.00124	0.00305	0.00439	0.00363	0.00559
82	0.00453	0.00324	0.00426	0.00502	0.00527	0.00303	0.00335	0.00519	0.00710	0.00947	0.04734	0.78431	0.04434	0.04817	0.00527	0.00156	0.00217	0.01003	0.00338	0.00297
83	0.62195	0.00667	0.00579	0.00507	0.00722	0.00741	0.00413	0.05686	0.02056	0.07792	0.06753	0.01056	0.06890	0.00431	0.00278	0.00114	0.00276	0.00300	0.02126	0.00419
84	0.85784	0.00724	0.00565	0.00499	0.00729	0.00838	0.00411	0.04727	0.00674	0.01677	0.00528	0.00609	0.00408	0.00345	0.00233	0.00113	0.00289	0.00205	0.00233	0.00408
85	0.11463	0.00690	0.00851	0.00661	0.00940	0.00653	0.00546	0.12872	0.01096	0.64433	0.01267	0.01127	0.00813	0.00440	0.00353	0.00113	0.00322	0.00345	0.00417	0.00600
86	0.00667	0.00408	0.00490	0.00463	0.00554	0.00377	0.00326	0.01635	0.01525	0.12696	0.19150	0.11970	0.19442	0.27654	0.00874	0.00196	0.00260	0.00643	0.00334	0.00339
87	0.04029	0.00664	0.00799	0.00657	0.00875	0.00660	0.00521	0.22303	0.04085	0.37874	0.01359	0.16228	0.01117	0.04982	0.00456	0.00131	0.00317	0.00482	0.01927	0.00534
88	0.00534	0.00356	0.00401	0.00401	0.00401	0.00356	0.00223	0.00534	0.00534	0.00712	0.01157	0.02403	0.01335	0.87092	0.01869	0.00356	0.00356	0.00534	0.00223	0.00223
89	0.00511	0.00359	0.00417	0.00423	0.00451	0.00352	0.00264	0.00547	0.00617	0.00815	0.05217	0.10206	0.12906	0.57511	0.07616	0.00312	0.00358	0.00609	0.00256	0.00255
90	0.00495	0.00381	0.00436	0.00426	0.00530	0.00338	0.00316	0.00633	0.02385	0.02261	0.34976	0.07938	0.43706	0.02967	0.00469	0.00128	0.00190	0.00730	0.00365	0.00330
91	0.00534	0.00357	0.00407	0.00407	0.00409	0.00359	0.00230	0.00538	0.00536	0.00717	0.01152	0.02372	0.01322	0.84330	0.04613	0.00364	0.00377	0.00529	0.00222	0.00226
92	0.27286	0.00733	0.00812	0.00643	0.00913	0.00746	0.00531	0.18389	0.01066	0.43714	0.01059	0.00984	0.00701	0.00419	0.00327	0.00113	0.00323	0.00312	0.00370	0.00559
93	0.05858	0.00390	0.00428	0.00432	0.00525	0.00360	0.00312	0.00615	0.00789	0.02681	0.13238	0.14563	0.39813	0.14293	0.00651	0.00163	0.00229	0.04021	0.00326	0.00312
94	0.00550	0.00393	0.00508	0.00535	0.00605	0.00381	0.00401	0.02255	0.00835	0.03735	0.18837	0.39575	0.12825	0.00968	0.00483	0.00141	0.03223	0.13061	0.00351	0.00336
95	0.00525	0.00394	0.00590	0.00590	0.00656	0.00459	0.00459	0.00656	0.00590	0.00853	0.00984	0.01443	0.00918	0.02755	0.85637	0.00590	0.00984	0.00394	0.00197	0.00328
96	0.05198	0.00410	0.00459	0.00453	0.00531	0.00396	0.00311	0.00706	0.04444	0.05739	0.07702	0.15369	0.21680	0.32664	0.00953	0.00212	0.00271	0.01886	0.00304	0.00313
97	0.01863	0.00418	0.00612	0.04298	0.02444	0.00475	0.00475	0.00681	0.00644	0.00932	0.08093	0.02738	0.02727	0.02159	0.60445	0.05584	0.02298	0.00419	0.02365	0.00330
98	0.02104	0.22117	0.43245	0.00925	0.01339	0.03645	0.06427	0.07315	0.00864	0.04329	0.02415	0.00806	0.00563	0.00364	0.00345	0.00107	0.02100	0.00279	0.00192	0.00519

[dist]
# distance from previous block
# <min> <max>
0	23

# created by:
# /st0/software/busco_prod/Augustus/scripts/msa2prfl.pl ./align_prep/31650.fa
