[name]
unknown

[dist]
# distance from previous block
# <min> <max>
0	59

[block]
# block no. 0 follows, 66 sequences, length 13
# corresponding to MSA columns:
# 67-79
name=unknown_A
#
# <colnr> <probs for GDERKNQSTAVLIFYWHMCP>
#	G	D	E	R	K	N	Q	S	T	A	V	L	I	F	Y	W	H	M	C	P
0	0.00974	0.00755	0.00904	0.02510	0.03500	0.00656	0.00558	0.12616	0.00998	0.06239	0.00885	0.03589	0.00740	0.02657	0.03756	0.00112	0.00367	0.00319	0.00280	0.57584
1	0.01820	0.00690	0.00942	0.00722	0.01036	0.00596	0.00596	0.01977	0.01161	0.83492	0.01601	0.01381	0.01004	0.00502	0.00408	0.00126	0.00345	0.00408	0.00502	0.00690
2	0.00793	0.00737	0.01195	0.61292	0.12570	0.00845	0.01034	0.01044	0.00839	0.01119	0.02642	0.01158	0.02647	0.00413	0.00397	0.00125	0.00491	0.00368	0.00200	0.10092
3	0.00593	0.00473	0.00663	0.05044	0.04636	0.00445	0.03070	0.00755	0.00990	0.01354	0.40486	0.21374	0.14322	0.00882	0.00475	0.00136	0.00254	0.00786	0.00382	0.02880
4	0.00958	0.01094	0.02394	0.01710	0.02120	0.01026	0.81737	0.01300	0.00958	0.01300	0.00821	0.01094	0.00616	0.00342	0.00479	0.00137	0.00684	0.00479	0.00205	0.00547
5	0.00574	0.00434	0.00568	0.00588	0.04205	0.00399	0.00410	0.00747	0.01081	0.01499	0.62907	0.09260	0.14069	0.00868	0.00478	0.00131	0.00209	0.00765	0.00421	0.00385
6	0.01111	0.39027	0.05304	0.06128	0.16922	0.06923	0.03056	0.09640	0.00989	0.03026	0.00736	0.02756	0.00626	0.00398	0.00339	0.00106	0.00477	0.00308	0.00219	0.01909
7	0.00841	0.04039	0.36776	0.00837	0.01283	0.00738	0.00922	0.01142	0.00867	0.03566	0.02834	0.01053	0.04535	0.00391	0.00352	0.00098	0.00429	0.00311	0.00227	0.38762
8	0.05004	0.17494	0.16797	0.01036	0.09949	0.08290	0.00884	0.18576	0.03176	0.08172	0.02389	0.01077	0.04544	0.00451	0.00369	0.00116	0.00469	0.00344	0.00279	0.00583
9	0.02971	0.32047	0.14235	0.00837	0.01177	0.01184	0.03087	0.08783	0.20754	0.05312	0.01067	0.03550	0.02422	0.00464	0.00355	0.00116	0.00423	0.00359	0.00281	0.00576
10	0.00542	0.00391	0.00487	0.00520	0.00592	0.00359	0.00367	0.00645	0.00877	0.02894	0.17727	0.41116	0.22298	0.04599	0.04478	0.00182	0.00268	0.00930	0.00380	0.00348
11	0.00926	0.11254	0.07850	0.00833	0.03568	0.05506	0.06376	0.02434	0.05699	0.01291	0.01995	0.03519	0.00732	0.00380	0.00339	0.00088	0.00398	0.00314	0.00241	0.46254
12	0.03662	0.24786	0.08737	0.00955	0.05074	0.01247	0.03290	0.36347	0.03793	0.07062	0.00873	0.00913	0.00653	0.00429	0.00362	0.00114	0.00451	0.00323	0.00307	0.00620

[dist]
# distance from previous block
# <min> <max>
5	8

[block]
# block no. 1 follows, 66 sequences, length 15
# corresponding to MSA columns:
# 89-103
name=unknown_B
#
# <colnr> <probs for GDERKNQSTAVLIFYWHMCP>
#	G	D	E	R	K	N	Q	S	T	A	V	L	I	F	Y	W	H	M	C	P
0	0.66186	0.00899	0.00715	0.00628	0.00872	0.08075	0.00509	0.09921	0.00859	0.01774	0.00647	0.00758	0.00510	0.00559	0.05539	0.00156	0.00413	0.00252	0.00262	0.00464
1	0.00938	0.00890	0.03080	0.00915	0.01088	0.10019	0.10146	0.02857	0.12684	0.06082	0.02597	0.23460	0.01300	0.00714	0.00606	0.00142	0.16015	0.00587	0.00303	0.05578
2	0.00904	0.00761	0.01053	0.00859	0.01088	0.00786	0.14852	0.09393	0.27198	0.04122	0.22291	0.02054	0.11593	0.00634	0.00448	0.00133	0.00352	0.00569	0.00382	0.00530
3	0.00588	0.00400	0.00479	0.00479	0.00491	0.00413	0.00291	0.00613	0.00601	0.00813	0.01245	0.02472	0.01396	0.71506	0.16192	0.00438	0.00513	0.00563	0.00241	0.00266
4	0.01516	0.01934	0.01150	0.01045	0.01254	0.84113	0.00784	0.01620	0.01150	0.00993	0.00627	0.00732	0.00523	0.00418	0.00366	0.00105	0.00732	0.00261	0.00209	0.00470
5	0.00505	0.00408	0.00451	0.00459	0.00574	0.00353	0.00343	0.00624	0.00950	0.01191	0.18252	0.12624	0.56682	0.01021	0.00487	0.00140	0.00213	0.03983	0.00389	0.00350
6	0.00705	0.00352	0.00529	0.00529	0.00529	0.00352	0.00352	0.00529	0.00529	0.00705	0.00705	0.01233	0.00705	0.01409	0.01586	0.88196	0.00352	0.00352	0.00176	0.00176
7	0.00605	0.00441	0.00652	0.00645	0.00704	0.00513	0.00493	0.00707	0.00635	0.00911	0.01033	0.01575	0.00983	0.06407	0.68450	0.10087	0.04176	0.00430	0.00213	0.00340
8	0.01150	0.01167	0.00959	0.04063	0.01114	0.31602	0.00676	0.16896	0.09965	0.01386	0.01208	0.18373	0.01156	0.00789	0.05168	0.00158	0.00533	0.02836	0.00308	0.00493
9	0.01088	0.01137	0.01559	0.05201	0.63063	0.16266	0.03275	0.01308	0.00962	0.01253	0.00738	0.00959	0.00616	0.00373	0.00397	0.00119	0.00535	0.00346	0.00202	0.00601
10	0.00859	0.00497	0.00656	0.00603	0.00663	0.00519	0.00430	0.15528	0.00783	0.01046	0.00754	0.01185	0.00702	0.01239	0.01368	0.71952	0.00370	0.00355	0.00219	0.00271
11	0.06299	0.00954	0.01031	0.00836	0.01106	0.01045	0.00674	0.51463	0.11910	0.07678	0.01239	0.11730	0.01019	0.00589	0.00412	0.00130	0.00389	0.00471	0.00401	0.00624
12	0.36020	0.01045	0.05949	0.01060	0.05398	0.03444	0.20233	0.16107	0.01011	0.01718	0.00722	0.00862	0.00549	0.00403	0.00396	0.00129	0.03836	0.00327	0.00257	0.00532
13	0.61247	0.06374	0.00866	0.00745	0.05567	0.10368	0.00567	0.07732	0.00862	0.01703	0.00616	0.00712	0.00486	0.00387	0.00286	0.00120	0.00389	0.00244	0.00251	0.00480
14	0.12640	0.32380	0.07170	0.00809	0.01131	0.07229	0.05509	0.07973	0.02659	0.06541	0.00767	0.01894	0.00627	0.01404	0.01810	0.00119	0.01724	0.00295	0.00242	0.07074

[dist]
# distance from previous block
# <min> <max>
2	10

[block]
# block no. 2 follows, 66 sequences, length 21
# corresponding to MSA columns:
# 114-134
name=unknown_C
#
# <colnr> <probs for GDERKNQSTAVLIFYWHMCP>
#	G	D	E	R	K	N	Q	S	T	A	V	L	I	F	Y	W	H	M	C	P
0	0.00777	0.00688	0.01117	0.38831	0.04223	0.00778	0.09285	0.02812	0.06726	0.02321	0.02602	0.09006	0.02427	0.06773	0.09691	0.00212	0.00543	0.00492	0.00245	0.00451
1	0.00816	0.00646	0.02962	0.02265	0.03154	0.00653	0.02080	0.02916	0.22536	0.05559	0.08398	0.02111	0.03771	0.36114	0.02692	0.00252	0.01788	0.00533	0.00321	0.00435
2	0.00773	0.00684	0.01062	0.08960	0.29407	0.00725	0.00805	0.00975	0.00974	0.01384	0.36177	0.03681	0.02037	0.00625	0.00541	0.00132	0.09730	0.00538	0.00306	0.00484
3	0.01462	0.01172	0.01103	0.03784	0.01227	0.19247	0.00731	0.42031	0.04124	0.13617	0.01085	0.06660	0.00844	0.00526	0.00405	0.00122	0.00480	0.00404	0.00367	0.00608
4	0.00946	0.03746	0.04707	0.08395	0.27581	0.02300	0.00844	0.02368	0.00897	0.04120	0.00785	0.02193	0.00648	0.00361	0.00354	0.00095	0.00407	0.00313	0.00230	0.38710
5	0.07335	0.00503	0.00625	0.00603	0.00667	0.00575	0.00438	0.00817	0.05789	0.01000	0.01118	0.01869	0.01126	0.33557	0.36220	0.00451	0.06247	0.00473	0.00240	0.00347
6	0.00857	0.00758	0.01245	0.68213	0.11424	0.00903	0.01099	0.04122	0.00879	0.04093	0.00791	0.01138	0.00604	0.00419	0.00408	0.00134	0.00521	0.01698	0.00206	0.00488
7	0.00591	0.00387	0.00476	0.00509	0.00572	0.00370	0.00359	0.00743	0.02584	0.01315	0.23152	0.40464	0.02537	0.02416	0.00476	0.00142	0.00217	0.00832	0.21498	0.00360
8	0.01124	0.30462	0.13654	0.04116	0.02606	0.24081	0.03770	0.04784	0.00969	0.01122	0.02275	0.02525	0.02126	0.00437	0.00392	0.00111	0.04415	0.00311	0.00208	0.00513
9	0.00715	0.00566	0.00644	0.00540	0.00760	0.00479	0.00419	0.02665	0.04992	0.04010	0.15111	0.04926	0.30621	0.00696	0.00411	0.00109	0.00253	0.00585	0.00347	0.31152
10	0.01142	0.07073	0.16964	0.02467	0.19135	0.06568	0.03843	0.05561	0.04866	0.16996	0.02516	0.04528	0.02601	0.00468	0.00395	0.00121	0.00463	0.00396	0.00288	0.03609
11	0.00909	0.01820	0.02960	0.23155	0.15276	0.07425	0.05094	0.05993	0.08384	0.02478	0.03741	0.14646	0.02090	0.00615	0.01810	0.00141	0.00466	0.00509	0.00270	0.02218
12	0.01030	0.62541	0.01883	0.00796	0.01048	0.01505	0.00747	0.01149	0.00768	0.00961	0.00555	0.00716	0.00524	0.00447	0.00555	0.00112	0.23732	0.00255	0.00175	0.00499
13	0.01387	0.01139	0.10359	0.01003	0.01361	0.01057	0.10525	0.43507	0.06847	0.15201	0.01069	0.01074	0.00747	0.00461	0.00411	0.00125	0.00464	0.00382	0.00368	0.02512
14	0.88607	0.00785	0.00596	0.00534	0.00785	0.00910	0.00439	0.01193	0.00690	0.01820	0.00565	0.00659	0.00439	0.00377	0.00251	0.00126	0.00314	0.00220	0.00251	0.00439
15	0.00707	0.00578	0.02577	0.08330	0.05385	0.01572	0.00611	0.02644	0.04475	0.03948	0.07053	0.07458	0.05099	0.03285	0.43929	0.00408	0.00742	0.00510	0.00270	0.00419
16	0.01029	0.00881	0.00928	0.00830	0.01062	0.01018	0.00647	0.05066	0.79536	0.01729	0.01627	0.01494	0.01218	0.00548	0.00413	0.00137	0.00326	0.00455	0.00413	0.00644
17	0.00882	0.00872	0.02714	0.35628	0.32269	0.04085	0.04568	0.02222	0.02303	0.01191	0.00933	0.07352	0.02299	0.00466	0.00415	0.00131	0.00499	0.00431	0.00215	0.00525
18	0.40897	0.00744	0.00793	0.00642	0.00928	0.00754	0.00530	0.03580	0.00967	0.44730	0.01119	0.01046	0.00742	0.00445	0.00337	0.00125	0.00334	0.00322	0.00387	0.00577
19	0.03562	0.53457	0.03538	0.04927	0.07661	0.04465	0.01831	0.06670	0.02181	0.04806	0.02186	0.00825	0.00635	0.00383	0.00311	0.00100	0.00447	0.00274	0.00219	0.01522
20	0.04032	0.08318	0.02971	0.09210	0.42812	0.06430	0.02751	0.08294	0.02321	0.01359	0.00809	0.04035	0.00691	0.00421	0.00403	0.00120	0.02029	0.00367	0.00227	0.02400

[dist]
# distance from previous block
# <min> <max>
0	16

[block]
# block no. 3 follows, 66 sequences, length 28
# corresponding to MSA columns:
# 151-178
name=unknown_D
#
# <colnr> <probs for GDERKNQSTAVLIFYWHMCP>
#	G	D	E	R	K	N	Q	S	T	A	V	L	I	F	Y	W	H	M	C	P
0	0.16091	0.09264	0.05807	0.06826	0.02594	0.16230	0.11460	0.07514	0.09055	0.07066	0.00901	0.03884	0.00715	0.00444	0.00371	0.00123	0.00495	0.00358	0.00269	0.00532
1	0.02512	0.03961	0.02261	0.02352	0.07616	0.05557	0.02865	0.26498	0.05707	0.09307	0.06335	0.09008	0.05087	0.00668	0.00484	0.00150	0.01653	0.00518	0.01374	0.06084
2	0.00697	0.00551	0.00707	0.00641	0.02281	0.00551	0.02250	0.02089	0.03052	0.01039	0.02432	0.03014	0.03049	0.35157	0.17211	0.00325	0.05540	0.00475	0.00249	0.18691
3	0.00557	0.00409	0.00460	0.00459	0.00508	0.00395	0.00296	0.00605	0.00727	0.00936	0.05605	0.07033	0.26689	0.48702	0.02815	0.00292	0.02223	0.00697	0.00299	0.00292
4	0.00756	0.00378	0.00378	0.00378	0.00473	0.00378	0.00284	0.00945	0.00851	0.01513	0.01324	0.01513	0.01040	0.00473	0.00284	0.00095	0.00189	0.00378	0.87994	0.00378
5	0.00497	0.00359	0.00473	0.00557	0.00590	0.00335	0.00376	0.00574	0.00790	0.01049	0.03984	0.77401	0.07096	0.01288	0.02386	0.00173	0.00252	0.01112	0.00375	0.00332
6	0.00744	0.00539	0.00690	0.00680	0.00734	0.00568	0.00477	0.00789	0.00726	0.01026	0.01288	0.02183	0.01315	0.35800	0.47823	0.00553	0.02848	0.00540	0.00278	0.00397
7	0.00590	0.00393	0.00442	0.00442	0.00442	0.00393	0.00246	0.00590	0.00590	0.00787	0.01278	0.02655	0.01475	0.85742	0.02065	0.00393	0.00393	0.00590	0.00246	0.00246
8	0.05556	0.00807	0.00979	0.00762	0.01066	0.00789	0.00627	0.22261	0.04598	0.53581	0.01389	0.01254	0.00910	0.00494	0.00397	0.00124	0.00364	0.00390	0.02986	0.00668
9	0.00871	0.00832	0.01425	0.48241	0.36576	0.00931	0.03066	0.01130	0.00862	0.01164	0.00741	0.01049	0.00585	0.00386	0.00406	0.00129	0.00519	0.00364	0.00189	0.00534
10	0.88607	0.00785	0.00596	0.00534	0.00785	0.00910	0.00439	0.01193	0.00690	0.01820	0.00565	0.00659	0.00439	0.00377	0.00251	0.00126	0.00314	0.00220	0.00251	0.00439
11	0.00720	0.00446	0.00547	0.00579	0.00678	0.00449	0.00467	0.02238	0.03322	0.03236	0.01785	0.11955	0.03525	0.00947	0.04823	0.00169	0.00321	0.29645	0.33759	0.00390
12	0.00756	0.00378	0.00378	0.00378	0.00473	0.00378	0.00284	0.00945	0.00851	0.01513	0.01324	0.01513	0.01040	0.00473	0.00284	0.00095	0.00189	0.00378	0.87994	0.00378
13	0.01973	0.00490	0.00583	0.00551	0.00657	0.00536	0.00426	0.04204	0.05256	0.01365	0.05958	0.01576	0.01162	0.03237	0.24674	0.00272	0.04396	0.00418	0.40242	0.02022
14	0.00731	0.00676	0.00923	0.07508	0.11014	0.07929	0.07594	0.00881	0.00869	0.01116	0.01663	0.42042	0.01850	0.00916	0.00485	0.00153	0.00392	0.12535	0.00310	0.00415
15	0.88607	0.00785	0.00596	0.00534	0.00785	0.00910	0.00439	0.01193	0.00690	0.01820	0.00565	0.00659	0.00439	0.00377	0.00251	0.00126	0.00314	0.00220	0.00251	0.00439
16	0.01085	0.00965	0.01505	0.07644	0.55681	0.01000	0.02442	0.15318	0.01081	0.02774	0.00803	0.01003	0.00645	0.00396	0.00427	0.00122	0.02907	0.00360	0.00241	0.03602
17	0.01097	0.01148	0.03427	0.09434	0.53500	0.15226	0.02934	0.06001	0.01009	0.01313	0.00749	0.00961	0.00612	0.00383	0.00397	0.00120	0.00535	0.00346	0.00212	0.00596
18	0.00756	0.00378	0.00378	0.00378	0.00473	0.00378	0.00284	0.00945	0.00851	0.01513	0.01324	0.01513	0.01040	0.00473	0.00284	0.00095	0.00189	0.00378	0.87994	0.00378
19	0.00964	0.08406	0.33270	0.05893	0.09547	0.05928	0.05101	0.06700	0.07950	0.01340	0.00833	0.02457	0.00654	0.00422	0.00410	0.00122	0.03011	0.00340	0.00224	0.06430
20	0.00580	0.00432	0.00640	0.00640	0.00708	0.00501	0.00492	0.00717	0.00648	0.00933	0.01098	0.01655	0.01041	0.07787	0.79426	0.00637	0.01047	0.00444	0.00219	0.00356
21	0.00565	0.00405	0.00553	0.00652	0.03728	0.00396	0.00432	0.00648	0.00773	0.02462	0.01999	0.63581	0.02339	0.08914	0.04193	0.00205	0.01829	0.05629	0.00350	0.00346
22	0.00888	0.00888	0.01243	0.01065	0.01065	0.01243	0.00888	0.00976	0.00621	0.00976	0.00533	0.00888	0.00533	0.00710	0.01331	0.00178	0.84999	0.00355	0.00178	0.00444
23	0.00849	0.00842	0.01225	0.46107	0.02004	0.04537	0.01012	0.01036	0.00746	0.01009	0.00638	0.00986	0.00537	0.00534	0.00793	0.00152	0.36012	0.00354	0.00180	0.00449
24	0.00512	0.00385	0.00475	0.00511	0.00583	0.00347	0.00361	0.00624	0.00915	0.01211	0.24508	0.42335	0.23577	0.01090	0.00497	0.00148	0.00216	0.00964	0.00396	0.00347
25	0.00841	0.00721	0.00841	0.00601	0.00961	0.00541	0.00481	0.01022	0.00841	0.01322	0.00721	0.00841	0.00601	0.00300	0.00300	0.00060	0.00300	0.00240	0.00240	0.88222
26	0.02503	0.15215	0.16897	0.04695	0.06547	0.07564	0.03087	0.13016	0.13711	0.02594	0.03384	0.01148	0.03393	0.00458	0.00374	0.00119	0.00460	0.00362	0.03905	0.00566
27	0.02428	0.22506	0.28952	0.00948	0.04712	0.06409	0.00948	0.05320	0.05473	0.06516	0.00942	0.05502	0.02245	0.00454	0.00360	0.00115	0.00476	0.00350	0.00241	0.05101

[dist]
# distance from previous block
# <min> <max>
1	8

[block]
# block no. 4 follows, 66 sequences, length 41
# corresponding to MSA columns:
# 189-229
name=unknown_E
#
# <colnr> <probs for GDERKNQSTAVLIFYWHMCP>
#	G	D	E	R	K	N	Q	S	T	A	V	L	I	F	Y	W	H	M	C	P
0	0.03635	0.00640	0.00984	0.11563	0.14802	0.00673	0.08307	0.01728	0.00774	0.01078	0.04068	0.03229	0.06200	0.31520	0.05683	0.00256	0.03706	0.00511	0.00241	0.00404
1	0.01115	0.04015	0.01030	0.00868	0.06290	0.07994	0.00652	0.26279	0.07454	0.03207	0.07039	0.01433	0.07428	0.00513	0.00388	0.00109	0.00388	0.02516	0.00331	0.20948
2	0.02032	0.18293	0.09403	0.00819	0.01159	0.02418	0.07089	0.06916	0.00924	0.02265	0.02498	0.03700	0.00718	0.00408	0.00395	0.00097	0.05361	0.00319	0.00237	0.34949
3	0.00944	0.00747	0.00805	0.00724	0.00918	0.03348	0.00563	0.02991	0.46383	0.07220	0.23201	0.02039	0.05438	0.00648	0.00434	0.00134	0.00299	0.02190	0.00419	0.00554
4	0.00687	0.00623	0.01079	0.06729	0.05612	0.00607	0.19981	0.00904	0.02975	0.01250	0.16864	0.28080	0.06152	0.00858	0.02249	0.00156	0.00393	0.04051	0.00323	0.00428
5	0.01085	0.85986	0.02126	0.00694	0.01041	0.01605	0.00694	0.01215	0.00824	0.00955	0.00564	0.00651	0.00521	0.00347	0.00260	0.00087	0.00434	0.00217	0.00174	0.00521
6	0.00756	0.00378	0.00378	0.00378	0.00473	0.00378	0.00284	0.00945	0.00851	0.01513	0.01324	0.01513	0.01040	0.00473	0.00284	0.00095	0.00189	0.00378	0.87994	0.00378
7	0.00590	0.00393	0.00442	0.00442	0.00442	0.00393	0.00246	0.00590	0.00590	0.00787	0.01278	0.02655	0.01475	0.85742	0.02065	0.00393	0.00393	0.00590	0.00246	0.00246
8	0.88607	0.00785	0.00596	0.00534	0.00785	0.00910	0.00439	0.01193	0.00690	0.01820	0.00565	0.00659	0.00439	0.00377	0.00251	0.00126	0.00314	0.00220	0.00251	0.00439
9	0.00766	0.00721	0.01217	0.84767	0.02794	0.00901	0.01127	0.01037	0.00811	0.01037	0.00721	0.01082	0.00541	0.00406	0.00406	0.00135	0.00541	0.00361	0.00180	0.00451
10	0.00944	0.34450	0.50049	0.00967	0.01462	0.01189	0.01165	0.01276	0.00852	0.03265	0.00687	0.00791	0.00529	0.00374	0.00338	0.00112	0.00529	0.00271	0.00181	0.00571
11	0.00986	0.00945	0.01613	0.08884	0.76961	0.00959	0.01236	0.01229	0.00915	0.01303	0.00760	0.01010	0.00635	0.00365	0.00402	0.00122	0.00487	0.00361	0.00199	0.00628
12	0.00815	0.00612	0.00723	0.02319	0.00780	0.00694	0.00481	0.01169	0.23849	0.05592	0.01295	0.01982	0.01235	0.42138	0.04326	0.00285	0.10490	0.00505	0.00297	0.00414
13	0.08297	0.00845	0.00966	0.00766	0.01051	0.02956	0.00624	0.25173	0.04251	0.42019	0.01309	0.01337	0.00921	0.05200	0.00489	0.00140	0.00385	0.02212	0.00427	0.00632
14	0.04632	0.40172	0.16459	0.00847	0.01203	0.07261	0.03502	0.06186	0.00938	0.09148	0.00756	0.00875	0.00611	0.03405	0.00409	0.00118	0.02417	0.00288	0.00228	0.00544
15	0.00635	0.05144	0.00745	0.00660	0.00743	0.02195	0.00516	0.00767	0.00666	0.00934	0.01046	0.01577	0.00995	0.08396	0.69887	0.00579	0.03503	0.00428	0.00216	0.00367
16	0.00841	0.00831	0.01273	0.70102	0.10189	0.06421	0.02509	0.01099	0.00847	0.01065	0.00721	0.01051	0.00550	0.00401	0.00404	0.00132	0.00550	0.00356	0.00185	0.00472
17	0.01059	0.69743	0.14890	0.00775	0.01161	0.01489	0.00823	0.04146	0.00869	0.01064	0.00605	0.00695	0.00526	0.00358	0.00285	0.00095	0.00460	0.00235	0.00182	0.00539
18	0.01085	0.85986	0.02126	0.00694	0.01041	0.01605	0.00694	0.01215	0.00824	0.00955	0.00564	0.00651	0.00521	0.00347	0.00260	0.00087	0.00434	0.00217	0.00174	0.00521
19	0.00673	0.00489	0.00668	0.00751	0.00852	0.00497	0.00653	0.00912	0.05385	0.01241	0.02121	0.04409	0.02275	0.01090	0.00552	0.00184	0.00371	0.76112	0.00376	0.00388
20	0.48390	0.15503	0.01014	0.05243	0.01032	0.03024	0.00587	0.11899	0.04536	0.04494	0.00712	0.00787	0.00549	0.00401	0.00297	0.00119	0.00376	0.00264	0.00269	0.00505
21	0.88607	0.00785	0.00596	0.00534	0.00785	0.00910	0.00439	0.01193	0.00690	0.01820	0.00565	0.00659	0.00439	0.00377	0.00251	0.00126	0.00314	0.00220	0.00251	0.00439
22	0.00622	0.00429	0.00536	0.00501	0.00617	0.00386	0.00379	0.00793	0.01102	0.05983	0.61847	0.03126	0.20451	0.00854	0.00475	0.00129	0.00203	0.00742	0.00435	0.00391
23	0.88607	0.00785	0.00596	0.00534	0.00785	0.00910	0.00439	0.01193	0.00690	0.01820	0.00565	0.00659	0.00439	0.00377	0.00251	0.00126	0.00314	0.00220	0.00251	0.00439
24	0.01439	0.01098	0.01132	0.00901	0.01190	0.06125	0.00730	0.63467	0.07299	0.04714	0.01107	0.06948	0.00867	0.00543	0.00412	0.00125	0.00437	0.00422	0.00395	0.00648
25	0.00570	0.00387	0.00447	0.00464	0.00471	0.00381	0.00271	0.00585	0.00632	0.00839	0.01520	0.17434	0.03750	0.68561	0.01749	0.00346	0.00360	0.00697	0.00272	0.00263
26	0.03141	0.01224	0.01211	0.27395	0.07964	0.32013	0.04456	0.08250	0.01051	0.02501	0.00826	0.05021	0.00701	0.00467	0.00399	0.00124	0.00580	0.01952	0.00233	0.00494
27	0.00937	0.00907	0.01431	0.24089	0.48432	0.03420	0.01129	0.01210	0.04560	0.01227	0.00844	0.01094	0.02394	0.00421	0.00466	0.00129	0.06163	0.00373	0.00207	0.00567
28	0.02382	0.00723	0.01103	0.06147	0.15751	0.00729	0.10586	0.04029	0.04235	0.02578	0.18878	0.03595	0.12994	0.00617	0.00495	0.00129	0.05914	0.01713	0.00306	0.07095
29	0.01516	0.01934	0.01150	0.01045	0.01254	0.84113	0.00784	0.01620	0.01150	0.00993	0.00627	0.00732	0.00523	0.00418	0.00366	0.00105	0.00732	0.00261	0.00209	0.00470
30	0.00861	0.03295	0.01255	0.53771	0.19693	0.00889	0.01046	0.02543	0.00866	0.02869	0.00803	0.01095	0.00619	0.00404	0.00389	0.00126	0.00488	0.00359	0.08131	0.00497
31	0.01003	0.00859	0.00909	0.00816	0.01042	0.00990	0.00635	0.03691	0.77762	0.01712	0.04749	0.01561	0.01327	0.00560	0.00415	0.00137	0.00319	0.00467	0.00414	0.00633
32	0.00495	0.00359	0.00468	0.00552	0.00586	0.00331	0.00372	0.00570	0.00795	0.01051	0.03869	0.77810	0.08757	0.01245	0.00514	0.00162	0.00232	0.01123	0.00378	0.00331
33	0.00581	0.00431	0.00632	0.00632	0.00698	0.00496	0.00482	0.00712	0.00646	0.00927	0.01105	0.01695	0.01058	0.10922	0.76315	0.00627	0.01021	0.00449	0.00220	0.00351
34	0.00544	0.00411	0.00502	0.00484	0.00589	0.00369	0.00361	0.00706	0.01071	0.01454	0.57573	0.06265	0.26380	0.00902	0.00480	0.00132	0.00197	0.00784	0.00424	0.00369
35	0.67042	0.00869	0.03178	0.00625	0.00901	0.00941	0.00531	0.13247	0.00909	0.07570	0.00702	0.00762	0.00518	0.00402	0.00289	0.00125	0.00344	0.00257	0.00289	0.00499
36	0.65362	0.00805	0.00797	0.17089	0.03662	0.02444	0.02342	0.01174	0.00735	0.01626	0.00608	0.00763	0.00471	0.00382	0.00293	0.00127	0.00379	0.00258	0.00234	0.00451
37	0.00567	0.00407	0.00466	0.00483	0.00584	0.00356	0.00345	0.00659	0.00878	0.05575	0.05856	0.30259	0.45203	0.05752	0.00576	0.00159	0.00233	0.00910	0.00379	0.00353
38	0.03889	0.04492	0.02732	0.05253	0.01250	0.09007	0.09167	0.08102	0.16844	0.04089	0.02192	0.06018	0.02191	0.00611	0.01792	0.00148	0.20991	0.00431	0.00281	0.00521
39	0.27524	0.00742	0.03129	0.00683	0.01886	0.02439	0.02252	0.08036	0.05613	0.03778	0.17446	0.04062	0.06395	0.00631	0.00393	0.00132	0.00327	0.09496	0.00338	0.04699
40	0.06498	0.08202	0.01098	0.09972	0.06025	0.07920	0.00721	0.09060	0.06831	0.27086	0.01237	0.02450	0.02168	0.00518	0.00394	0.00126	0.00419	0.06482	0.00347	0.02448

[dist]
# distance from previous block
# <min> <max>
1	10

[block]
# block no. 5 follows, 66 sequences, length 52
# corresponding to MSA columns:
# 242-293
name=unknown_F
#
# <colnr> <probs for GDERKNQSTAVLIFYWHMCP>
#	G	D	E	R	K	N	Q	S	T	A	V	L	I	F	Y	W	H	M	C	P
0	0.03912	0.11072	0.01697	0.03310	0.03429	0.24886	0.29509	0.05920	0.02020	0.04813	0.00761	0.00923	0.00596	0.00405	0.00448	0.00122	0.05065	0.00356	0.00229	0.00529
1	0.02477	0.00466	0.00513	0.00510	0.00637	0.00440	0.00385	0.00813	0.09874	0.01278	0.18678	0.12508	0.44511	0.00954	0.00475	0.00140	0.00229	0.04335	0.00391	0.00385
2	0.00876	0.09557	0.64422	0.01144	0.01680	0.01010	0.08184	0.01306	0.02576	0.02859	0.00754	0.00883	0.00548	0.00390	0.00401	0.00126	0.02196	0.00314	0.00186	0.00588
3	0.03252	0.08185	0.16624	0.01007	0.03023	0.19497	0.05328	0.19225	0.04560	0.06961	0.00946	0.03133	0.00760	0.00522	0.01857	0.00131	0.00539	0.03602	0.00282	0.00567
4	0.00677	0.00599	0.00915	0.40512	0.03696	0.00674	0.02483	0.00925	0.05456	0.01130	0.06549	0.20823	0.12517	0.00719	0.00448	0.00142	0.00394	0.00639	0.00282	0.00422
5	0.00507	0.00388	0.00466	0.00497	0.00578	0.00346	0.00353	0.00617	0.00915	0.01193	0.21447	0.37205	0.31860	0.01082	0.00495	0.00146	0.00215	0.00950	0.00393	0.00346
6	0.01059	0.00914	0.01137	0.28731	0.11077	0.09553	0.00884	0.08974	0.12958	0.08398	0.06528	0.01249	0.00938	0.00529	0.02017	0.00139	0.03693	0.00396	0.00287	0.00539
7	0.02711	0.00734	0.01101	0.15790	0.29647	0.02333	0.02339	0.02535	0.02555	0.03381	0.02717	0.01550	0.00956	0.23352	0.06427	0.00232	0.00500	0.00436	0.00233	0.00472
8	0.01080	0.01104	0.04397	0.03291	0.05356	0.21965	0.02791	0.05035	0.04433	0.06617	0.08259	0.05897	0.01138	0.00626	0.00639	0.00140	0.20515	0.05949	0.00277	0.00489
9	0.00589	0.00394	0.00446	0.00445	0.00449	0.00393	0.00251	0.00597	0.00612	0.00820	0.04539	0.02670	0.01569	0.82353	0.02002	0.00383	0.00385	0.00596	0.00254	0.00251
10	0.23701	0.01022	0.07703	0.05623	0.04567	0.04554	0.09848	0.20014	0.02402	0.08234	0.00957	0.04744	0.00771	0.00483	0.00382	0.00130	0.00448	0.03566	0.00301	0.00548
11	0.00880	0.01635	0.49941	0.07788	0.22522	0.02721	0.04474	0.01258	0.00880	0.01272	0.00738	0.00917	0.00555	0.00378	0.00392	0.00125	0.00565	0.00325	0.00183	0.02450
12	0.00571	0.00372	0.00472	0.00509	0.00520	0.00364	0.00320	0.00573	0.00655	0.00875	0.01560	0.35137	0.01818	0.37062	0.02928	0.14604	0.00337	0.00771	0.00286	0.00270
13	0.88607	0.00785	0.00596	0.00534	0.00785	0.00910	0.00439	0.01193	0.00690	0.01820	0.00565	0.00659	0.00439	0.00377	0.00251	0.00126	0.00314	0.00220	0.00251	0.00439
14	0.01097	0.18478	0.21769	0.01109	0.11878	0.04376	0.03329	0.09896	0.04714	0.08569	0.00874	0.01947	0.00682	0.00413	0.00365	0.00113	0.00474	0.01147	0.00254	0.08518
15	0.00504	0.00400	0.00454	0.00466	0.00570	0.00349	0.00340	0.00621	0.00945	0.01205	0.21873	0.20975	0.47795	0.01033	0.00487	0.00141	0.00209	0.00891	0.00393	0.00349
16	0.00951	0.30790	0.40895	0.00901	0.01343	0.01102	0.01043	0.02948	0.00909	0.05665	0.07434	0.01054	0.02483	0.00429	0.00353	0.00114	0.00484	0.00325	0.00221	0.00556
17	0.00959	0.00891	0.01404	0.35362	0.35932	0.02701	0.03109	0.08997	0.01920	0.01315	0.00784	0.01051	0.00620	0.00467	0.02681	0.00141	0.00527	0.00365	0.00216	0.00556
18	0.00553	0.00448	0.00497	0.00495	0.00621	0.00411	0.00375	0.00761	0.07528	0.01257	0.20037	0.09196	0.49811	0.00970	0.00481	0.00140	0.00224	0.05426	0.00394	0.00376
19	0.00865	0.00890	0.02865	0.64516	0.11815	0.08525	0.01112	0.01118	0.00852	0.01069	0.00714	0.01033	0.00550	0.00407	0.00418	0.00131	0.02107	0.00350	0.00185	0.00477
20	0.00585	0.00424	0.00572	0.00553	0.00642	0.00427	0.00418	0.00744	0.00927	0.02371	0.42429	0.02549	0.09200	0.05371	0.30588	0.00328	0.00525	0.00626	0.00350	0.00370
21	0.00515	0.00389	0.00476	0.00504	0.00582	0.00350	0.00359	0.00632	0.00934	0.01235	0.27694	0.36708	0.26018	0.01065	0.00495	0.00145	0.00213	0.00939	0.00398	0.00350
22	0.01013	0.02349	0.25382	0.02822	0.14032	0.07971	0.04697	0.04504	0.02208	0.07668	0.00829	0.01025	0.00655	0.02308	0.06043	0.00168	0.11206	0.00347	0.00228	0.04545
23	0.13851	0.16628	0.05854	0.00862	0.01162	0.22686	0.02140	0.17761	0.04524	0.09697	0.00825	0.00866	0.00623	0.00424	0.00348	0.00113	0.00497	0.00297	0.00284	0.00557
24	0.00981	0.00941	0.01606	0.10334	0.75544	0.00958	0.01234	0.01225	0.00913	0.01298	0.00759	0.01012	0.00633	0.00366	0.00402	0.00122	0.00488	0.00361	0.00199	0.00624
25	0.17332	0.01456	0.01083	0.04502	0.03012	0.47252	0.02743	0.08469	0.01089	0.04326	0.00723	0.00879	0.00584	0.00439	0.00386	0.00117	0.02885	0.01982	0.00246	0.00494
26	0.00716	0.00399	0.00414	0.00406	0.00510	0.00390	0.00306	0.02295	0.00910	0.01492	0.10416	0.01960	0.11425	0.00579	0.00331	0.00104	0.00196	0.00475	0.66295	0.00380
27	0.08095	0.00689	0.00903	0.00701	0.01001	0.00614	0.00575	0.01882	0.01111	0.75308	0.01517	0.01363	0.00976	0.02810	0.00442	0.00133	0.00344	0.00399	0.00477	0.00660
28	0.00590	0.00393	0.00442	0.00442	0.00442	0.00393	0.00246	0.00590	0.00590	0.00787	0.01278	0.02655	0.01475	0.85742	0.02065	0.00393	0.00393	0.00590	0.00246	0.00246
29	0.00547	0.00414	0.00505	0.00482	0.00590	0.00371	0.00362	0.00714	0.01085	0.01476	0.60581	0.03279	0.26338	0.00886	0.00479	0.00130	0.00195	0.00769	0.00427	0.00371
30	0.01036	0.00916	0.01193	0.04280	0.28629	0.01008	0.00870	0.07367	0.46753	0.01610	0.01275	0.01291	0.00977	0.00478	0.00408	0.00131	0.00391	0.00416	0.00333	0.00639
31	0.00587	0.00418	0.00560	0.00572	0.00615	0.00450	0.00409	0.00674	0.00658	0.00907	0.01308	0.05647	0.01390	0.36437	0.39726	0.00485	0.00705	0.07888	0.00250	0.00315
32	0.00924	0.00937	0.06258	0.26379	0.49490	0.00922	0.01177	0.01203	0.02534	0.02592	0.03197	0.01094	0.00717	0.00396	0.00404	0.00126	0.00492	0.00371	0.00209	0.00577
33	0.00904	0.04102	0.00919	0.05467	0.01011	0.14073	0.00633	0.05356	0.13423	0.01173	0.01302	0.21408	0.02661	0.06703	0.04467	0.01348	0.13747	0.00571	0.00288	0.00445
34	0.00883	0.01688	0.52600	0.01290	0.01805	0.00949	0.25759	0.02296	0.02021	0.02906	0.00815	0.02422	0.00605	0.00392	0.00416	0.00131	0.00604	0.00373	0.00199	0.01847
35	0.01250	0.00839	0.00869	0.02365	0.00984	0.09999	0.00587	0.19249	0.06132	0.22027	0.04512	0.06790	0.04009	0.03031	0.03579	0.00150	0.00406	0.01617	0.11061	0.00544
36	0.01248	0.03779	0.13751	0.02817	0.01471	0.35429	0.15911	0.10021	0.01113	0.04041	0.00777	0.00908	0.00596	0.00415	0.00408	0.00118	0.02218	0.00331	0.04118	0.00531
37	0.01814	0.00700	0.00947	0.00726	0.01040	0.00611	0.00600	0.03691	0.01177	0.81755	0.01587	0.01372	0.00998	0.00502	0.00408	0.00125	0.00347	0.00407	0.00500	0.00690
38	0.00897	0.01520	0.36865	0.01475	0.01966	0.00990	0.47694	0.01293	0.00915	0.01293	0.00781	0.00993	0.00572	0.00360	0.00439	0.00133	0.00648	0.00403	0.00191	0.00569
39	0.00590	0.00393	0.00442	0.00442	0.00442	0.00393	0.00246	0.00590	0.00590	0.00787	0.01278	0.02655	0.01475	0.85742	0.02065	0.00393	0.00393	0.00590	0.00246	0.00246
40	0.01731	0.00696	0.00930	0.00722	0.01024	0.00619	0.00593	0.03598	0.04607	0.75091	0.04838	0.01444	0.01120	0.00517	0.00411	0.00126	0.00340	0.00422	0.00494	0.00676
41	0.00986	0.00946	0.01614	0.08673	0.77168	0.00959	0.01236	0.01229	0.00915	0.01304	0.00760	0.01010	0.00635	0.00365	0.00402	0.00122	0.00486	0.00361	0.00199	0.00628
42	0.00814	0.02099	0.83640	0.01156	0.01756	0.00942	0.01499	0.01285	0.00857	0.01285	0.00728	0.00857	0.00514	0.00385	0.00385	0.00128	0.00600	0.00300	0.00171	0.00600
43	0.01659	0.00686	0.00906	0.00707	0.00996	0.00616	0.00579	0.06052	0.02811	0.68605	0.07653	0.01490	0.01205	0.00526	0.00409	0.00125	0.00333	0.00430	0.03557	0.00655
44	0.00642	0.00460	0.00639	0.00728	0.00820	0.00457	0.00630	0.00823	0.00931	0.01212	0.03681	0.07762	0.04106	0.01119	0.00555	0.00184	0.00361	0.74142	0.00375	0.00371
45	0.04982	0.09444	0.01288	0.00925	0.01206	0.08258	0.11237	0.23335	0.03915	0.16470	0.01117	0.02363	0.02391	0.00661	0.05825	0.00159	0.02339	0.03178	0.00331	0.00574
46	0.14310	0.01306	0.01015	0.04597	0.02793	0.40010	0.00719	0.02523	0.00955	0.04171	0.00716	0.00870	0.00585	0.00469	0.00509	0.00122	0.14905	0.00295	0.08664	0.00466
47	0.00959	0.01090	0.02363	0.01692	0.02098	0.01026	0.80056	0.01317	0.02647	0.01308	0.00838	0.01103	0.00629	0.00346	0.00477	0.00137	0.00676	0.00478	0.00210	0.00549
48	0.02896	0.00975	0.01035	0.00851	0.01120	0.01095	0.00684	0.43865	0.33243	0.02129	0.01272	0.02900	0.00956	0.00525	0.00402	0.00128	0.00379	0.00415	0.04486	0.00645
49	0.00497	0.00356	0.00473	0.00565	0.00593	0.00332	0.00381	0.00571	0.00783	0.01040	0.02272	0.82281	0.04275	0.01263	0.00518	0.00165	0.00237	0.02690	0.00377	0.00331
50	0.03917	0.23573	0.01104	0.02283	0.00895	0.02572	0.05403	0.00902	0.02533	0.01091	0.04350	0.33516	0.06671	0.00945	0.05401	0.00165	0.02225	0.01749	0.00289	0.00418
51	0.16614	0.02199	0.14545	0.00769	0.03014	0.08712	0.02088	0.02398	0.04877	0.02299	0.02853	0.07882	0.22091	0.00638	0.00420	0.00128	0.02824	0.00506	0.00286	0.04855

[dist]
# distance from previous block
# <min> <max>
0	30

[block]
# block no. 6 follows, 66 sequences, length 19
# corresponding to MSA columns:
# 324-342
name=unknown_G
#
# <colnr> <probs for GDERKNQSTAVLIFYWHMCP>
#	G	D	E	R	K	N	Q	S	T	A	V	L	I	F	Y	W	H	M	C	P
0	0.24410	0.03563	0.05928	0.01115	0.15957	0.26739	0.00779	0.03054	0.05309	0.01395	0.04817	0.02505	0.00791	0.00447	0.00355	0.00119	0.00491	0.01471	0.00248	0.00508
1	0.00929	0.10128	0.46919	0.00986	0.01429	0.01001	0.01115	0.05412	0.19008	0.03375	0.01024	0.05176	0.00803	0.00470	0.00387	0.00128	0.00489	0.00375	0.00255	0.00594
2	0.30958	0.00580	0.00576	0.00528	0.00701	0.00605	0.00413	0.01024	0.05850	0.05212	0.31694	0.02157	0.15039	0.00666	0.00389	0.00128	0.00250	0.00538	0.02265	0.00425
3	0.00493	0.00359	0.00464	0.00548	0.00584	0.00331	0.00369	0.00567	0.00793	0.01042	0.02442	0.76536	0.11492	0.01244	0.00514	0.00162	0.00232	0.01121	0.00377	0.00331
4	0.00994	0.08262	0.01018	0.00848	0.02015	0.24371	0.02094	0.07216	0.02721	0.01150	0.01331	0.23389	0.05283	0.02428	0.02336	0.00152	0.10487	0.03183	0.00280	0.00442
5	0.00548	0.00411	0.00500	0.00482	0.00587	0.00369	0.00360	0.00710	0.01066	0.01453	0.56209	0.06525	0.25794	0.00895	0.00477	0.00131	0.00197	0.00778	0.02139	0.00369
6	0.00875	0.00832	0.01413	0.47268	0.39445	0.00930	0.01181	0.01132	0.00863	0.01168	0.00740	0.01046	0.00587	0.00386	0.00404	0.00129	0.00514	0.00361	0.00190	0.00538
7	0.00705	0.00352	0.00529	0.00529	0.00529	0.00352	0.00352	0.00529	0.00529	0.00705	0.00705	0.01233	0.00705	0.01409	0.01586	0.88196	0.00352	0.00352	0.00176	0.00176
8	0.01798	0.00727	0.00964	0.00739	0.01054	0.00650	0.00611	0.08491	0.01222	0.76892	0.01550	0.01348	0.00979	0.00501	0.00408	0.00125	0.00353	0.00405	0.00494	0.00690
9	0.01278	0.01468	0.01169	0.11322	0.05445	0.47602	0.00843	0.05604	0.10342	0.01173	0.00770	0.00905	0.00622	0.00463	0.00480	0.00121	0.09339	0.00316	0.00235	0.00504
10	0.00889	0.25777	0.40304	0.01041	0.01492	0.01087	0.12460	0.01208	0.00862	0.01186	0.02410	0.05826	0.00725	0.00427	0.00370	0.00118	0.00527	0.00358	0.00196	0.02737
11	0.01152	0.73548	0.01993	0.00729	0.01073	0.01554	0.00705	0.13036	0.00983	0.01189	0.00624	0.00698	0.00545	0.00368	0.00282	0.00092	0.00436	0.00239	0.00208	0.00545
12	0.00869	0.00780	0.01029	0.03381	0.05471	0.00693	0.05482	0.01113	0.05610	0.01304	0.00767	0.00916	0.00633	0.00360	0.00417	0.00085	0.07800	0.00288	0.00239	0.62763
13	0.01328	0.29201	0.01583	0.00980	0.01261	0.43072	0.07882	0.08066	0.01089	0.01136	0.00652	0.00757	0.00544	0.00394	0.00345	0.00103	0.00607	0.00275	0.00213	0.00512
14	0.00888	0.00812	0.00852	0.00639	0.00968	0.07900	0.00505	0.01081	0.02472	0.01319	0.05689	0.00977	0.00801	0.00348	0.00319	0.00070	0.00332	0.00276	0.00253	0.73501
15	0.06361	0.03304	0.23696	0.07335	0.06127	0.04835	0.01853	0.01356	0.03221	0.18648	0.03183	0.03805	0.01822	0.00507	0.00520	0.00134	0.12082	0.00382	0.00275	0.00554
16	0.01613	0.00721	0.01044	0.00799	0.01101	0.00645	0.07729	0.05504	0.01177	0.64739	0.09223	0.01493	0.01223	0.00518	0.00421	0.00127	0.00365	0.00443	0.00466	0.00649
17	0.00939	0.01007	0.01738	0.15078	0.19294	0.08239	0.36125	0.01203	0.00936	0.01221	0.02393	0.06087	0.02934	0.00444	0.00443	0.00132	0.00575	0.00469	0.00219	0.00524
18	0.00975	0.00874	0.04207	0.23922	0.32214	0.00897	0.06504	0.01209	0.00896	0.09826	0.03261	0.02461	0.02545	0.00460	0.00496	0.00133	0.07925	0.00405	0.00238	0.00552

[dist]
# distance from previous block
# <min> <max>
0	10

[block]
# block no. 7 follows, 66 sequences, length 29
# corresponding to MSA columns:
# 353-357,362-385
name=unknown_H
#
# <colnr> <probs for GDERKNQSTAVLIFYWHMCP>
#	G	D	E	R	K	N	Q	S	T	A	V	L	I	F	Y	W	H	M	C	P
0	0.00847	0.02446	0.04729	0.41191	0.07492	0.00908	0.16553	0.02653	0.00866	0.02261	0.00866	0.06071	0.00735	0.00469	0.00471	0.00135	0.05028	0.02119	0.00212	0.03946
1	0.00930	0.01606	0.50846	0.05620	0.09850	0.04624	0.01227	0.01313	0.03270	0.08356	0.01028	0.03565	0.04036	0.00462	0.00400	0.00129	0.00531	0.01400	0.00229	0.00578
2	0.00918	0.03331	0.18076	0.08451	0.36182	0.00927	0.15138	0.01209	0.00902	0.02798	0.00920	0.05158	0.02111	0.00435	0.00418	0.00129	0.00523	0.01585	0.00213	0.00576
3	0.00850	0.01325	0.32986	0.30618	0.09574	0.02250	0.08166	0.01187	0.00856	0.02389	0.00796	0.01027	0.01909	0.00413	0.00442	0.00133	0.04001	0.00355	0.00189	0.00536
4	0.00905	0.06084	0.27802	0.14785	0.11690	0.02468	0.12765	0.01231	0.02329	0.05513	0.04426	0.01215	0.04504	0.00484	0.01961	0.00137	0.00537	0.00392	0.00225	0.00546
5	0.00856	0.00877	0.08933	0.02333	0.03623	0.01862	0.21588	0.05306	0.04807	0.05225	0.03276	0.21997	0.04403	0.00722	0.00521	0.00147	0.05354	0.07383	0.00302	0.00486
6	0.00955	0.09302	0.40531	0.04275	0.16334	0.05162	0.04441	0.01356	0.07036	0.03444	0.00805	0.00940	0.00611	0.00402	0.00408	0.00124	0.02750	0.00327	0.00208	0.00588
7	0.00890	0.03899	0.27421	0.07694	0.14037	0.02501	0.17867	0.03294	0.00930	0.03101	0.02781	0.06365	0.03929	0.00489	0.00425	0.00132	0.00530	0.02940	0.00230	0.00546
8	0.00900	0.01434	0.36559	0.03915	0.01448	0.10540	0.08521	0.01255	0.05915	0.04354	0.03173	0.11364	0.04075	0.00564	0.00446	0.00134	0.02824	0.01807	0.00249	0.00525
9	0.01474	0.00826	0.01007	0.00858	0.04413	0.00838	0.00668	0.21544	0.16507	0.38652	0.04650	0.01475	0.01117	0.00538	0.00417	0.00129	0.00366	0.03423	0.00443	0.00655
10	0.00620	0.00488	0.03855	0.00632	0.00730	0.00417	0.02741	0.00748	0.00867	0.05335	0.10697	0.45781	0.08733	0.03688	0.02350	0.00175	0.00302	0.11098	0.00370	0.00375
11	0.01094	0.13289	0.23069	0.03641	0.14732	0.17102	0.11131	0.05335	0.00985	0.03066	0.00730	0.00882	0.00571	0.00392	0.00401	0.00119	0.02371	0.00322	0.00207	0.00563
12	0.00906	0.00622	0.00744	0.00714	0.03058	0.00639	0.00534	0.01396	0.28864	0.13740	0.18096	0.12672	0.10136	0.00764	0.00453	0.00140	0.00284	0.05307	0.00417	0.00513
13	0.00785	0.00474	0.00635	0.00628	0.00756	0.00443	0.00513	0.00960	0.01041	0.13891	0.32005	0.06514	0.07703	0.00919	0.00500	0.00152	0.00286	0.30953	0.00420	0.00422
14	0.00906	0.00904	0.07758	0.07467	0.36496	0.02973	0.02068	0.02511	0.06783	0.04577	0.10152	0.11076	0.03452	0.00563	0.00426	0.00130	0.00420	0.00510	0.00280	0.00550
15	0.02284	0.05392	0.07238	0.12873	0.17959	0.14105	0.16301	0.04081	0.04170	0.03358	0.00826	0.03420	0.00674	0.00435	0.00456	0.00127	0.05152	0.00382	0.00224	0.00542
16	0.00541	0.00392	0.00503	0.00572	0.00619	0.00372	0.00395	0.03781	0.00844	0.01119	0.04449	0.72771	0.07802	0.01209	0.00511	0.00161	0.00244	0.02990	0.00380	0.00347
17	0.00541	0.00396	0.00497	0.00553	0.00606	0.00372	0.00380	0.03635	0.00863	0.01142	0.09104	0.63577	0.12163	0.03455	0.00548	0.00163	0.00240	0.01039	0.00380	0.00347
18	0.03600	0.05739	0.19424	0.03247	0.10778	0.15200	0.11662	0.05916	0.02433	0.11269	0.00849	0.00953	0.00630	0.00398	0.00385	0.00117	0.00538	0.00335	0.00250	0.06276
19	0.03039	0.09667	0.08485	0.05955	0.34136	0.11468	0.05936	0.06809	0.03111	0.03442	0.00794	0.01857	0.00642	0.00396	0.00383	0.00117	0.00513	0.00343	0.00227	0.02681
20	0.05604	0.06746	0.10900	0.00962	0.04877	0.05897	0.06266	0.07375	0.05268	0.02422	0.05422	0.08700	0.03558	0.03952	0.02090	0.00158	0.14230	0.04813	0.00271	0.00489
21	0.04280	0.13459	0.14490	0.04399	0.10210	0.09131	0.06491	0.09609	0.06824	0.06429	0.02071	0.02303	0.00788	0.02520	0.01551	0.00134	0.00497	0.02303	0.00261	0.02252
22	0.04766	0.05461	0.09934	0.09158	0.10127	0.08462	0.11990	0.06399	0.04546	0.08845	0.05430	0.03281	0.00946	0.00482	0.00416	0.00126	0.01658	0.03390	0.02814	0.01770
23	0.03364	0.06704	0.07823	0.04441	0.22784	0.11908	0.04178	0.06759	0.05648	0.06660	0.02420	0.06479	0.04086	0.00488	0.00394	0.00120	0.00467	0.00414	0.00268	0.04596
24	0.01103	0.03436	0.11204	0.06368	0.19548	0.15698	0.07726	0.05183	0.01010	0.09286	0.03115	0.03416	0.02858	0.00510	0.01968	0.00131	0.01621	0.01427	0.00256	0.04137
25	0.02388	0.04870	0.09410	0.09687	0.10301	0.09790	0.12317	0.06964	0.05567	0.04727	0.03452	0.09787	0.03066	0.00517	0.00411	0.00125	0.00482	0.00458	0.00268	0.05413
26	0.03631	0.05956	0.09734	0.04955	0.11211	0.07765	0.12546	0.07734	0.05254	0.03750	0.04548	0.04989	0.05008	0.00598	0.03829	0.00145	0.02245	0.00430	0.00264	0.05408
27	0.03353	0.04658	0.09197	0.06363	0.18182	0.00834	0.05405	0.05956	0.06225	0.09749	0.04324	0.08582	0.01876	0.00599	0.02681	0.00140	0.01826	0.02764	0.00288	0.06999
28	0.07220	0.05092	0.08399	0.09283	0.14176	0.07115	0.04822	0.08245	0.03425	0.09967	0.07382	0.07042	0.01061	0.00517	0.00415	0.00127	0.01832	0.01529	0.00289	0.02063

[dist]
# distance from previous block
# <min> <max>
5	297

# created by:
# /st0/software/busco_prod/Augustus/scripts/msa2prfl.pl ./align_prep/31662.fa
