[name]
unknown

[dist]
# distance from previous block
# <min> <max>
0	68

[block]
# block no. 0 follows, 66 sequences, length 9
# corresponding to MSA columns:
# 81-89
name=unknown_A
#
# <colnr> <probs for GDERKNQSTAVLIFYWHMCP>
#	G	D	E	R	K	N	Q	S	T	A	V	L	I	F	Y	W	H	M	C	P
0	0.05252	0.00877	0.04822	0.14630	0.28035	0.02404	0.02262	0.01404	0.08175	0.17840	0.01039	0.01219	0.00791	0.00591	0.05382	0.00158	0.00485	0.02068	0.00284	0.02283
1	0.00765	0.00685	0.01048	0.40223	0.13035	0.00741	0.00861	0.01011	0.03202	0.01193	0.10182	0.03699	0.05525	0.03804	0.00471	0.00133	0.00423	0.00446	0.00246	0.12308
2	0.02590	0.15754	0.01416	0.08431	0.08212	0.27928	0.06763	0.11409	0.03427	0.02615	0.02163	0.00906	0.00650	0.00408	0.00366	0.00109	0.00545	0.00314	0.00241	0.05753
3	0.00580	0.00401	0.00471	0.00469	0.00493	0.00402	0.00289	0.00616	0.00654	0.00877	0.06319	0.02642	0.07315	0.65061	0.11437	0.00390	0.00449	0.00599	0.00264	0.00274
4	0.00580	0.00435	0.00652	0.00652	0.00724	0.00507	0.00507	0.00724	0.00652	0.00942	0.01087	0.01594	0.01014	0.03043	0.84134	0.00652	0.01087	0.00435	0.00217	0.00362
5	0.03514	0.13769	0.23615	0.35343	0.01992	0.04973	0.03500	0.03296	0.02432	0.01179	0.00718	0.00929	0.00547	0.00392	0.00372	0.00123	0.00536	0.00317	0.00193	0.02260
6	0.01041	0.40760	0.22791	0.00968	0.04492	0.05417	0.05934	0.03689	0.02411	0.03050	0.00698	0.00802	0.00564	0.00370	0.00330	0.00104	0.00497	0.00277	0.00201	0.05606
7	0.00905	0.23017	0.19123	0.00725	0.01026	0.04508	0.00730	0.01122	0.00941	0.07576	0.16338	0.04536	0.08377	0.00558	0.00375	0.00114	0.00384	0.00447	0.06403	0.02795
8	0.01066	0.38983	0.12129	0.02120	0.04316	0.02653	0.02599	0.08862	0.05625	0.05607	0.09101	0.01072	0.00946	0.00435	0.00344	0.00107	0.00431	0.00333	0.00258	0.03013

[dist]
# distance from previous block
# <min> <max>
0	8

[block]
# block no. 1 follows, 66 sequences, length 7
# corresponding to MSA columns:
# 98-104
name=unknown_B
#
# <colnr> <probs for GDERKNQSTAVLIFYWHMCP>
#	G	D	E	R	K	N	Q	S	T	A	V	L	I	F	Y	W	H	M	C	P
0	0.03928	0.00795	0.00999	0.00854	0.08004	0.02320	0.04087	0.06980	0.00975	0.08568	0.06074	0.01055	0.00845	0.00385	0.00365	0.00088	0.02011	0.00318	0.00282	0.51068
1	0.06849	0.00993	0.18562	0.00918	0.01221	0.00730	0.15334	0.06643	0.00995	0.10335	0.10638	0.10051	0.09072	0.03001	0.00481	0.00142	0.00426	0.02793	0.00314	0.00504
2	0.04712	0.15959	0.10694	0.00827	0.01172	0.07770	0.04978	0.07901	0.08823	0.07073	0.03210	0.00982	0.00753	0.00402	0.00348	0.00102	0.00428	0.00313	0.00271	0.23282
3	0.45841	0.01111	0.06129	0.00841	0.01125	0.05890	0.00690	0.12755	0.07876	0.06118	0.06342	0.01280	0.01005	0.00587	0.00420	0.00164	0.00444	0.00384	0.00376	0.00624
4	0.00889	0.00809	0.06581	0.00722	0.00931	0.03435	0.00600	0.05463	0.33371	0.05321	0.12604	0.06971	0.13173	0.02406	0.00469	0.00141	0.00324	0.03197	0.02071	0.00522
5	0.03963	0.04657	0.05550	0.00597	0.00807	0.00601	0.00504	0.05718	0.06697	0.01496	0.34025	0.02348	0.18078	0.00691	0.00421	0.00119	0.00273	0.00581	0.00364	0.12510
6	0.03677	0.00671	0.04639	0.02333	0.00886	0.00631	0.02640	0.09255	0.13887	0.01453	0.15983	0.24624	0.09612	0.03599	0.00503	0.00146	0.00305	0.00701	0.00365	0.04090

[dist]
# distance from previous block
# <min> <max>
9	42

[block]
# block no. 2 follows, 66 sequences, length 25
# corresponding to MSA columns:
# 148-172
name=unknown_C
#
# <colnr> <probs for GDERKNQSTAVLIFYWHMCP>
#	G	D	E	R	K	N	Q	S	T	A	V	L	I	F	Y	W	H	M	C	P
0	0.00623	0.00563	0.05522	0.00555	0.00722	0.00449	0.02851	0.00818	0.04481	0.04944	0.21728	0.05743	0.44819	0.03734	0.00522	0.00143	0.00259	0.00747	0.00378	0.00398
1	0.01364	0.01152	0.06107	0.03584	0.03873	0.03958	0.00822	0.57434	0.09867	0.02183	0.01019	0.02873	0.00763	0.00501	0.00429	0.00126	0.02544	0.00384	0.00366	0.00649
2	0.00610	0.03134	0.00644	0.00560	0.00679	0.03064	0.03097	0.00778	0.01066	0.01441	0.55641	0.09197	0.16859	0.00852	0.00471	0.00130	0.00238	0.00747	0.00406	0.00384
3	0.00883	0.00853	0.03101	0.63905	0.03900	0.03007	0.06194	0.08843	0.03101	0.01226	0.00775	0.01069	0.00579	0.00412	0.00409	0.00133	0.00540	0.00367	0.00210	0.00492
4	0.01225	0.03658	0.01039	0.00860	0.03609	0.04550	0.00670	0.37515	0.20412	0.04120	0.04010	0.01325	0.03697	0.00608	0.03309	0.00141	0.00411	0.00411	0.07827	0.00603
5	0.00888	0.02500	0.05806	0.00672	0.00994	0.00669	0.00568	0.04745	0.12715	0.02978	0.05558	0.01193	0.02657	0.02952	0.00394	0.00095	0.00326	0.00335	0.00287	0.53668
6	0.09216	0.08474	0.09408	0.00957	0.06932	0.04095	0.02416	0.25850	0.08772	0.03142	0.04644	0.01035	0.00811	0.00443	0.00381	0.00115	0.01643	0.00342	0.00303	0.11021
7	0.02023	0.00622	0.00754	0.00671	0.00815	0.03823	0.02493	0.07132	0.05460	0.07992	0.03000	0.07959	0.01178	0.16226	0.24570	0.05186	0.00578	0.00485	0.00288	0.08745
8	0.00561	0.00415	0.00524	0.00589	0.00643	0.00406	0.00412	0.01956	0.06955	0.01133	0.04591	0.65922	0.05999	0.02969	0.00541	0.00166	0.00253	0.05225	0.00379	0.00361
9	0.00883	0.01384	0.38926	0.01049	0.03998	0.03329	0.07647	0.04760	0.08428	0.04921	0.06318	0.12178	0.02270	0.00568	0.00424	0.00134	0.00482	0.01480	0.00272	0.00549
10	0.04628	0.10570	0.05448	0.07204	0.09856	0.13970	0.04847	0.23943	0.03172	0.06661	0.00907	0.00991	0.02262	0.00432	0.00378	0.00116	0.00495	0.00339	0.00284	0.03496
11	0.02792	0.00663	0.00782	0.03561	0.06478	0.07241	0.02925	0.03207	0.03444	0.08820	0.03538	0.06351	0.03570	0.32284	0.10812	0.01837	0.00494	0.00521	0.00282	0.00401
12	0.00580	0.00412	0.00458	0.00457	0.00511	0.00393	0.00294	0.02491	0.00763	0.01000	0.06352	0.10063	0.22984	0.46821	0.01331	0.00276	0.00314	0.00703	0.03496	0.00301
13	0.05844	0.01138	0.06153	0.10043	0.36032	0.12501	0.04884	0.08655	0.03339	0.01376	0.00769	0.00966	0.00618	0.00446	0.01631	0.00132	0.04329	0.00346	0.00225	0.00573
14	0.03757	0.00965	0.03706	0.03004	0.10887	0.05352	0.01837	0.28470	0.10833	0.05506	0.10076	0.05057	0.02392	0.00573	0.00447	0.00130	0.03033	0.03047	0.00351	0.00577
15	0.03383	0.00614	0.01957	0.04305	0.00928	0.00581	0.01650	0.04225	0.08658	0.26125	0.14815	0.08651	0.11076	0.00767	0.00547	0.08476	0.00314	0.02041	0.00394	0.00492
16	0.03031	0.00767	0.01199	0.79577	0.02687	0.03927	0.01097	0.01062	0.00820	0.01055	0.00714	0.01058	0.00538	0.00405	0.00400	0.00134	0.00542	0.00353	0.00183	0.00451
17	0.03277	0.05063	0.29185	0.02289	0.07793	0.06665	0.03072	0.05702	0.10704	0.01336	0.03194	0.13868	0.01068	0.02306	0.02572	0.00149	0.00487	0.00474	0.00262	0.00533
18	0.01041	0.01027	0.06942	0.06197	0.07250	0.11354	0.08885	0.15012	0.08705	0.03366	0.02079	0.03833	0.02117	0.10793	0.02463	0.05559	0.02168	0.00431	0.00276	0.00503
19	0.00751	0.00493	0.00606	0.00596	0.00703	0.00481	0.00432	0.05095	0.08377	0.09782	0.16517	0.39502	0.07854	0.06146	0.00576	0.00161	0.00265	0.00843	0.00399	0.00419
20	0.02358	0.00959	0.04770	0.00773	0.00980	0.16568	0.01781	0.09869	0.07516	0.14086	0.12455	0.06318	0.06478	0.05081	0.05144	0.00169	0.02128	0.00496	0.01570	0.00501
21	0.15247	0.08270	0.08423	0.02867	0.11532	0.11282	0.06610	0.13872	0.02950	0.08022	0.00888	0.04022	0.00713	0.01765	0.00395	0.00125	0.00473	0.00356	0.01635	0.00553
22	0.05795	0.00717	0.00944	0.08042	0.06715	0.02390	0.04843	0.04127	0.18715	0.09715	0.10566	0.04201	0.01312	0.03604	0.15026	0.00230	0.00500	0.00471	0.01578	0.00509
23	0.00677	0.00445	0.00573	0.00567	0.00650	0.00447	0.00411	0.00832	0.05888	0.06544	0.14552	0.18872	0.08683	0.11444	0.18302	0.07267	0.00444	0.00671	0.02364	0.00368
24	0.02327	0.22646	0.14198	0.02293	0.05769	0.14608	0.08940	0.04036	0.07405	0.05490	0.02498	0.02282	0.01832	0.00441	0.00403	0.00117	0.03586	0.00345	0.00240	0.00545

[dist]
# distance from previous block
# <min> <max>
0	1

[block]
# block no. 3 follows, 66 sequences, length 21
# corresponding to MSA columns:
# 174-194
name=unknown_D
#
# <colnr> <probs for GDERKNQSTAVLIFYWHMCP>
#	G	D	E	R	K	N	Q	S	T	A	V	L	I	F	Y	W	H	M	C	P
0	0.02494	0.04663	0.02762	0.08701	0.12686	0.07256	0.08158	0.16255	0.03473	0.11132	0.01103	0.10200	0.00938	0.01722	0.03040	0.00146	0.00474	0.00455	0.03791	0.00550
1	0.05480	0.00627	0.00735	0.00648	0.00833	0.00632	0.00500	0.06891	0.16856	0.20470	0.19750	0.12433	0.07000	0.04659	0.00511	0.00146	0.00292	0.00607	0.00418	0.00513
2	0.02211	0.03342	0.21626	0.04904	0.07380	0.09369	0.10862	0.09805	0.07045	0.06142	0.00990	0.05145	0.00798	0.02465	0.01741	0.00140	0.00518	0.00401	0.04561	0.00555
3	0.05882	0.12796	0.06334	0.01037	0.04814	0.20667	0.08424	0.15302	0.04424	0.05957	0.00806	0.00920	0.00632	0.01598	0.00456	0.00121	0.06205	0.00325	0.00261	0.03038
4	0.00927	0.00774	0.01129	0.01434	0.34605	0.03109	0.02031	0.06153	0.07487	0.03413	0.01055	0.04604	0.02555	0.02199	0.13798	0.11361	0.00530	0.00425	0.01904	0.00508
5	0.00626	0.00440	0.00545	0.00551	0.00647	0.00420	0.00404	0.02936	0.02875	0.05135	0.18117	0.29194	0.20748	0.04582	0.08987	0.00206	0.00328	0.02503	0.00377	0.00378
6	0.01105	0.38697	0.11543	0.00850	0.01161	0.20239	0.02313	0.05697	0.00961	0.01109	0.00903	0.00999	0.06554	0.00538	0.03610	0.00127	0.02566	0.00309	0.00211	0.00508
7	0.01041	0.15156	0.27928	0.04939	0.08489	0.06943	0.13817	0.09237	0.03132	0.02958	0.00774	0.00914	0.00590	0.00396	0.00401	0.00121	0.02037	0.00334	0.00219	0.00576
8	0.10808	0.00746	0.01020	0.01190	0.24437	0.02245	0.02879	0.05641	0.03242	0.13073	0.16771	0.09073	0.04367	0.00603	0.00418	0.00130	0.00359	0.02129	0.00338	0.00531
9	0.03255	0.00875	0.01006	0.00935	0.07861	0.02966	0.00682	0.33034	0.13508	0.05750	0.02480	0.01333	0.00942	0.06985	0.16284	0.00243	0.00542	0.00410	0.00340	0.00569
10	0.05447	0.03316	0.08238	0.06383	0.04409	0.09276	0.04151	0.21287	0.14692	0.08418	0.04284	0.01189	0.00888	0.00493	0.00441	0.00128	0.04379	0.01677	0.00322	0.00584
11	0.02720	0.00926	0.03187	0.12751	0.39112	0.00927	0.12925	0.05109	0.06682	0.04757	0.04050	0.02335	0.01814	0.00428	0.00417	0.00128	0.00482	0.00414	0.00250	0.00585
12	0.00582	0.00432	0.00636	0.00637	0.00707	0.00495	0.00492	0.00722	0.00677	0.00970	0.04613	0.01788	0.01193	0.07319	0.74036	0.00604	0.00993	0.02514	0.00233	0.00357
13	0.00742	0.00699	0.00743	0.00717	0.00798	0.13455	0.00546	0.00858	0.00745	0.00956	0.01221	0.07181	0.05560	0.08322	0.47216	0.00443	0.08706	0.00483	0.00234	0.00375
14	0.01146	0.13937	0.16560	0.04759	0.15230	0.10013	0.06491	0.05707	0.04794	0.12059	0.00879	0.00987	0.00666	0.00478	0.02452	0.00133	0.02539	0.00338	0.00252	0.00580
15	0.03430	0.00824	0.02288	0.05906	0.18352	0.00893	0.00810	0.04833	0.19977	0.13656	0.03674	0.01372	0.02572	0.00711	0.06486	0.00173	0.11499	0.01659	0.00315	0.00571
16	0.00814	0.02099	0.83640	0.01156	0.01756	0.00942	0.01499	0.01285	0.00857	0.01285	0.00728	0.00857	0.00514	0.00385	0.00385	0.00128	0.00600	0.00300	0.00171	0.00600
17	0.00898	0.00904	0.04483	0.51700	0.12971	0.03812	0.08022	0.07568	0.00949	0.01243	0.03099	0.01099	0.00665	0.00413	0.00411	0.00131	0.00537	0.00376	0.00211	0.00508
18	0.03408	0.03179	0.04519	0.12673	0.25827	0.05271	0.07399	0.12499	0.01005	0.03403	0.00836	0.03454	0.00705	0.03357	0.02228	0.00150	0.08910	0.00388	0.00239	0.00550
19	0.00548	0.00405	0.00499	0.00498	0.00582	0.00371	0.00361	0.00685	0.00987	0.01339	0.45060	0.14828	0.19228	0.09740	0.00651	0.00164	0.00227	0.03077	0.00400	0.00353
20	0.01071	0.00854	0.00918	0.00814	0.01045	0.00969	0.00638	0.07166	0.68016	0.06651	0.01609	0.01587	0.01226	0.02734	0.00458	0.00144	0.00334	0.02721	0.00412	0.00630

[dist]
# distance from previous block
# <min> <max>
0	1

[block]
# block no. 4 follows, 66 sequences, length 7
# corresponding to MSA columns:
# 196-202
name=unknown_E
#
# <colnr> <probs for GDERKNQSTAVLIFYWHMCP>
#	G	D	E	R	K	N	Q	S	T	A	V	L	I	F	Y	W	H	M	C	P
0	0.04709	0.10268	0.01312	0.12468	0.06213	0.09009	0.03118	0.36023	0.09846	0.01802	0.00900	0.00980	0.00678	0.00445	0.00383	0.00120	0.00475	0.00346	0.00308	0.00597
1	0.12994	0.00832	0.00926	0.03389	0.01090	0.00948	0.03508	0.04881	0.53356	0.04598	0.01372	0.01350	0.01038	0.00709	0.07059	0.00176	0.00406	0.00416	0.00364	0.00586
2	0.00579	0.00410	0.00502	0.00511	0.00603	0.00371	0.00373	0.00702	0.00949	0.04289	0.28485	0.23032	0.25977	0.06408	0.00591	0.00159	0.00234	0.05067	0.00395	0.00361
3	0.03522	0.07785	0.01135	0.00861	0.03072	0.12311	0.00686	0.25137	0.04176	0.32145	0.01184	0.04288	0.00858	0.00499	0.00390	0.00120	0.00432	0.00385	0.00387	0.00624
4	0.06164	0.10669	0.18974	0.00901	0.03853	0.09256	0.04346	0.12118	0.01031	0.05391	0.00909	0.04185	0.00729	0.00440	0.00355	0.00112	0.00451	0.00344	0.12253	0.07521
5	0.00504	0.00365	0.00477	0.00548	0.00588	0.00338	0.00373	0.00593	0.00836	0.01120	0.13391	0.69380	0.07591	0.01196	0.00510	0.00158	0.00228	0.01078	0.00386	0.00338
6	0.00832	0.00791	0.01177	0.06538	0.14157	0.01017	0.00877	0.00968	0.00688	0.01028	0.00701	0.01071	0.00655	0.01140	0.19042	0.00268	0.48026	0.00374	0.00190	0.00458

[dist]
# distance from previous block
# <min> <max>
0	1

[block]
# block no. 5 follows, 66 sequences, length 27
# corresponding to MSA columns:
# 204-230
name=unknown_F
#
# <colnr> <probs for GDERKNQSTAVLIFYWHMCP>
#	G	D	E	R	K	N	Q	S	T	A	V	L	I	F	Y	W	H	M	C	P
0	0.01211	0.47231	0.05440	0.00811	0.01120	0.19355	0.00741	0.08316	0.00996	0.05091	0.00702	0.00798	0.00589	0.00546	0.05366	0.00132	0.00542	0.00266	0.00220	0.00527
1	0.00923	0.02540	0.01254	0.15801	0.31436	0.00829	0.00900	0.04433	0.00903	0.01308	0.00738	0.00945	0.00606	0.00361	0.00389	0.00102	0.02876	0.00313	0.00219	0.33121
2	0.02686	0.07941	0.08540	0.34407	0.14126	0.02438	0.02652	0.14352	0.02664	0.01380	0.00767	0.00983	0.00591	0.00414	0.00413	0.00125	0.02854	0.00342	0.00227	0.02097
3	0.00844	0.02059	0.80250	0.01147	0.01735	0.00955	0.01469	0.04598	0.00900	0.01337	0.00738	0.00861	0.00521	0.00390	0.00386	0.00128	0.00593	0.00302	0.00181	0.00603
4	0.00925	0.37283	0.24741	0.03766	0.05602	0.01162	0.06030	0.02698	0.00872	0.01141	0.00915	0.05903	0.03157	0.00468	0.00358	0.00116	0.00482	0.03645	0.00207	0.00529
5	0.00516	0.00374	0.00483	0.00558	0.00595	0.00354	0.00376	0.00620	0.02979	0.01079	0.06713	0.72232	0.05882	0.04465	0.00571	0.00170	0.00240	0.01078	0.00376	0.00338
6	0.00537	0.00387	0.00488	0.00544	0.00586	0.00368	0.00367	0.02481	0.00814	0.01083	0.07758	0.59007	0.08942	0.12057	0.02421	0.00198	0.00273	0.00996	0.00362	0.00333
7	0.00901	0.00748	0.00902	0.00720	0.05481	0.00591	0.00536	0.03952	0.00893	0.03562	0.00756	0.00869	0.00617	0.00316	0.00313	0.00067	0.00317	0.00256	0.00251	0.77952
8	0.44436	0.06029	0.00929	0.00756	0.01004	0.31247	0.00602	0.05691	0.00946	0.04208	0.00644	0.00726	0.00506	0.00400	0.00307	0.00115	0.00481	0.00249	0.00248	0.00477
9	0.13935	0.00696	0.00754	0.00661	0.00835	0.00739	0.00503	0.23666	0.03425	0.08922	0.01391	0.16315	0.03641	0.18425	0.02546	0.00200	0.00371	0.02155	0.00348	0.00473
10	0.04045	0.00586	0.00706	0.00644	0.00805	0.00586	0.03363	0.04667	0.16537	0.10969	0.05965	0.21300	0.20498	0.03310	0.00526	0.02317	0.00291	0.00704	0.01721	0.00459
11	0.00703	0.00483	0.00691	0.00663	0.00761	0.00545	0.00517	0.04731	0.00742	0.06068	0.01119	0.01584	0.01012	0.05368	0.72365	0.00586	0.00988	0.00435	0.00245	0.00395
12	0.00666	0.00537	0.00583	0.00539	0.00694	0.00524	0.00413	0.07233	0.13173	0.01436	0.23809	0.03095	0.44046	0.00863	0.00464	0.00133	0.00238	0.00727	0.00402	0.00425
13	0.06978	0.00488	0.00599	0.00581	0.00710	0.00461	0.00430	0.00992	0.04109	0.17982	0.15199	0.38012	0.10014	0.00929	0.00463	0.00144	0.00257	0.00813	0.00406	0.00433
14	0.00644	0.00471	0.00569	0.00530	0.00656	0.00447	0.00402	0.00915	0.09486	0.04440	0.55788	0.02992	0.19456	0.00829	0.00469	0.00130	0.00213	0.00719	0.00431	0.00412
15	0.17056	0.00761	0.00914	0.00714	0.01018	0.00731	0.00590	0.11461	0.01168	0.59373	0.01343	0.01205	0.00867	0.00478	0.00380	0.00125	0.00352	0.00370	0.00446	0.00646
16	0.18334	0.00685	0.00755	0.00650	0.00856	0.00719	0.00505	0.05675	0.16470	0.23633	0.04049	0.01584	0.02990	0.15005	0.06181	0.00208	0.00388	0.00432	0.00364	0.00517
17	0.00568	0.00404	0.00546	0.00635	0.00686	0.00392	0.00486	0.00683	0.00832	0.01096	0.02140	0.46182	0.02462	0.06378	0.00631	0.00188	0.00304	0.34678	0.00367	0.00343
18	0.03168	0.00907	0.01007	0.00814	0.01084	0.00977	0.00653	0.37409	0.20941	0.18804	0.01303	0.02941	0.00975	0.06490	0.00523	0.00146	0.00385	0.00425	0.00412	0.00635
19	0.86110	0.00782	0.00606	0.00539	0.00792	0.00901	0.00444	0.01215	0.00704	0.04171	0.00595	0.00680	0.00456	0.00380	0.00256	0.00126	0.00315	0.00225	0.00258	0.00447
20	0.02772	0.01137	0.01124	0.00939	0.03201	0.11680	0.00739	0.52215	0.10051	0.04512	0.02351	0.04125	0.00878	0.00525	0.00407	0.00124	0.00453	0.01764	0.00376	0.00629
21	0.00509	0.00412	0.00452	0.00442	0.00566	0.00355	0.00332	0.00640	0.00995	0.01263	0.28986	0.03629	0.58065	0.00965	0.00479	0.00134	0.00201	0.00818	0.00399	0.00355
22	0.00753	0.00433	0.00568	0.00585	0.00671	0.00400	0.00423	0.00850	0.00864	0.15204	0.07061	0.45172	0.05389	0.11180	0.00684	0.00184	0.00282	0.08521	0.00387	0.00389
23	0.04660	0.00763	0.00895	0.00744	0.01000	0.00785	0.00594	0.07308	0.31221	0.36469	0.07110	0.01528	0.01257	0.03221	0.00461	0.00138	0.00333	0.00445	0.00441	0.00628
24	0.00808	0.00753	0.01254	0.75459	0.09600	0.00917	0.01127	0.03273	0.00851	0.01103	0.00732	0.01072	0.00554	0.00404	0.00405	0.00134	0.00533	0.00361	0.00188	0.00474
25	0.02948	0.01180	0.01314	0.32635	0.08397	0.27416	0.09603	0.02306	0.04613	0.01150	0.00747	0.00965	0.00584	0.00402	0.00393	0.00121	0.00587	0.00338	0.00211	0.04089
26	0.00885	0.00789	0.01235	0.63325	0.10062	0.00938	0.01068	0.11894	0.00968	0.01268	0.00804	0.03538	0.00633	0.00438	0.00409	0.00133	0.00514	0.00385	0.00218	0.00497

[dist]
# distance from previous block
# <min> <max>
0	1

[block]
# block no. 6 follows, 66 sequences, length 38
# corresponding to MSA columns:
# 232-237,239-270
name=unknown_G
#
# <colnr> <probs for GDERKNQSTAVLIFYWHMCP>
#	G	D	E	R	K	N	Q	S	T	A	V	L	I	F	Y	W	H	M	C	P
0	0.22708	0.01528	0.01003	0.00896	0.01121	0.53424	0.00688	0.05014	0.03701	0.01295	0.00661	0.00756	0.00535	0.00418	0.00358	0.00112	0.02269	0.00263	0.00235	0.03013
1	0.03076	0.00420	0.00461	0.00456	0.00563	0.00377	0.00330	0.00639	0.00888	0.01153	0.17084	0.06532	0.46980	0.11409	0.00726	0.04829	0.00242	0.01930	0.00357	0.01547
2	0.02398	0.00411	0.00511	0.00537	0.00606	0.00382	0.00372	0.00705	0.00833	0.05801	0.12249	0.43697	0.10265	0.14713	0.00743	0.00190	0.00265	0.02791	0.00366	0.02165
3	0.00993	0.00500	0.00660	0.00611	0.00753	0.00460	0.00458	0.02044	0.00937	0.29777	0.07836	0.28768	0.06172	0.09496	0.05964	0.00201	0.00346	0.03163	0.00402	0.00459
4	0.00825	0.00782	0.01324	0.64306	0.22792	0.00917	0.01156	0.01088	0.00839	0.01108	0.00732	0.01062	0.00566	0.00395	0.00405	0.00132	0.00526	0.00361	0.00185	0.00498
5	0.07677	0.00555	0.00656	0.00594	0.00750	0.00543	0.00452	0.04618	0.05463	0.19684	0.13707	0.10917	0.11353	0.14225	0.02690	0.00190	0.00322	0.04770	0.00384	0.00451
6	0.04640	0.00670	0.00743	0.00672	0.00855	0.00711	0.00517	0.04837	0.33824	0.08258	0.13585	0.08934	0.08047	0.05410	0.00518	0.00148	0.00295	0.02337	0.01946	0.03051
7	0.01075	0.00585	0.00736	0.00655	0.00826	0.00570	0.00507	0.04479	0.10589	0.28352	0.11649	0.09670	0.03227	0.13401	0.04171	0.00198	0.00356	0.08050	0.00406	0.00499
8	0.00841	0.00721	0.00841	0.00601	0.00961	0.00541	0.00481	0.01022	0.00841	0.01322	0.00721	0.00841	0.00601	0.00300	0.00300	0.00060	0.00300	0.00240	0.00240	0.88222
9	0.00582	0.00429	0.00528	0.00552	0.00639	0.00407	0.00401	0.00777	0.07084	0.02782	0.23052	0.38210	0.17771	0.01039	0.00492	0.00148	0.00233	0.04097	0.00399	0.00378
10	0.02636	0.00487	0.00604	0.00548	0.00705	0.00434	0.00421	0.01015	0.01024	0.22622	0.26689	0.11710	0.23927	0.02979	0.00502	0.00142	0.00251	0.02436	0.00424	0.00444
11	0.00564	0.00391	0.00478	0.00528	0.00559	0.00382	0.00344	0.00672	0.04355	0.01035	0.03458	0.50557	0.02183	0.25746	0.00947	0.00225	0.00281	0.00900	0.06072	0.00323
12	0.77381	0.00814	0.00667	0.00578	0.00838	0.00931	0.00476	0.08756	0.00821	0.04800	0.00640	0.00714	0.00483	0.00391	0.00271	0.00125	0.00327	0.00240	0.00274	0.00472
13	0.00807	0.00557	0.00662	0.00634	0.00767	0.00562	0.00472	0.09451	0.13395	0.08518	0.14185	0.36866	0.09639	0.00925	0.00471	0.00145	0.00271	0.00811	0.00406	0.00455
14	0.13845	0.00634	0.00736	0.00639	0.00843	0.00631	0.00503	0.08026	0.05770	0.28686	0.09293	0.15430	0.02506	0.02789	0.00447	0.00139	0.00305	0.02136	0.06122	0.00520
15	0.03129	0.00665	0.00780	0.00639	0.00870	0.00657	0.00515	0.14418	0.06162	0.34562	0.03435	0.01394	0.01039	0.00499	0.00365	0.00115	0.00304	0.00399	0.29483	0.00571
16	0.00598	0.00400	0.00457	0.00456	0.00462	0.00406	0.00265	0.00612	0.00606	0.00827	0.01286	0.04350	0.01460	0.77489	0.03866	0.00380	0.01568	0.00587	0.03669	0.00258
17	0.02849	0.00943	0.01315	0.12834	0.31137	0.01006	0.00959	0.29557	0.01263	0.09746	0.00921	0.01055	0.00690	0.00518	0.03291	0.00142	0.00482	0.00367	0.00301	0.00624
18	0.00566	0.00422	0.00599	0.00606	0.00674	0.00468	0.00457	0.00691	0.00689	0.00964	0.03365	0.08900	0.07301	0.09518	0.62223	0.00540	0.00872	0.00546	0.00250	0.00349
19	0.00768	0.00492	0.00582	0.00542	0.00629	0.00492	0.00371	0.00984	0.11603	0.09796	0.21134	0.04427	0.01992	0.43019	0.01253	0.00262	0.00326	0.00602	0.00346	0.00380
20	0.00514	0.00367	0.00486	0.00573	0.00606	0.00346	0.00396	0.00593	0.00788	0.01044	0.02232	0.71819	0.04615	0.05005	0.00590	0.00176	0.00255	0.08894	0.00371	0.00330
21	0.00841	0.00721	0.00841	0.00601	0.00961	0.00541	0.00481	0.01022	0.00841	0.01322	0.00721	0.00841	0.00601	0.00300	0.00300	0.00060	0.00300	0.00240	0.00240	0.88222
22	0.06632	0.00994	0.05020	0.03178	0.09610	0.05904	0.17376	0.11636	0.15108	0.01555	0.09358	0.01337	0.02300	0.00554	0.02605	0.00143	0.03324	0.00432	0.02385	0.00548
23	0.01009	0.00872	0.00917	0.00826	0.01055	0.01009	0.00642	0.02156	0.82478	0.01697	0.01651	0.01514	0.01238	0.00550	0.00413	0.00138	0.00321	0.00459	0.00413	0.00642
24	0.00712	0.00453	0.00534	0.00506	0.00548	0.00461	0.00320	0.05091	0.00698	0.05496	0.01249	0.02364	0.01347	0.66895	0.09441	0.02314	0.00457	0.00548	0.00265	0.00304
25	0.08631	0.05895	0.15374	0.09514	0.05155	0.12898	0.04303	0.19364	0.02552	0.09699	0.00850	0.00940	0.00623	0.00430	0.00396	0.00122	0.02073	0.00329	0.00277	0.00575
26	0.01495	0.01870	0.01141	0.01033	0.01246	0.78662	0.00778	0.03495	0.04630	0.01059	0.00679	0.00771	0.00557	0.00425	0.00369	0.00106	0.00708	0.00272	0.00222	0.00483
27	0.00962	0.00799	0.00861	0.00768	0.00979	0.00897	0.00600	0.09181	0.57563	0.01730	0.14119	0.01858	0.05088	0.00619	0.00428	0.00136	0.00309	0.02098	0.00415	0.00589
28	0.05602	0.00679	0.00913	0.05621	0.18715	0.00704	0.00681	0.02228	0.13752	0.09359	0.03522	0.03900	0.05871	0.16508	0.00734	0.00186	0.00379	0.09836	0.00317	0.00491
29	0.28713	0.14474	0.05333	0.07048	0.05131	0.05986	0.01792	0.10136	0.00919	0.02989	0.02028	0.04504	0.00708	0.03412	0.00447	0.00132	0.05169	0.00334	0.00250	0.00495
30	0.00542	0.00377	0.00470	0.00517	0.00541	0.00363	0.00335	0.00590	0.00720	0.00958	0.04230	0.43362	0.05597	0.32123	0.03265	0.02474	0.00318	0.02598	0.00322	0.00299
31	0.00774	0.00463	0.00572	0.00569	0.00681	0.00437	0.00416	0.00960	0.06874	0.14225	0.09410	0.36949	0.12829	0.04042	0.00524	0.00153	0.00256	0.02408	0.07042	0.00417
32	0.00737	0.04913	0.02373	0.00732	0.01941	0.00695	0.00563	0.00747	0.00615	0.00868	0.00815	0.03290	0.00818	0.08022	0.18353	0.31773	0.21829	0.00400	0.00195	0.00323
33	0.04226	0.22973	0.07934	0.07538	0.25819	0.11065	0.03915	0.06363	0.00976	0.04538	0.00732	0.00879	0.00589	0.00383	0.00358	0.00113	0.00507	0.00309	0.00218	0.00567
34	0.00630	0.00456	0.02195	0.00639	0.04156	0.00406	0.00444	0.00729	0.00845	0.06383	0.09660	0.42325	0.16055	0.02422	0.05949	0.04793	0.00314	0.00870	0.00357	0.00371
35	0.00814	0.02099	0.83640	0.01156	0.01756	0.00942	0.01499	0.01285	0.00857	0.01285	0.00728	0.00857	0.00514	0.00385	0.00385	0.00128	0.00600	0.00300	0.00171	0.00600
36	0.01012	0.01160	0.11920	0.06019	0.32053	0.04407	0.22050	0.06451	0.00978	0.02607	0.00805	0.01064	0.00643	0.00407	0.00473	0.00130	0.05191	0.01829	0.00217	0.00584
37	0.03640	0.08353	0.16770	0.10991	0.21942	0.07900	0.10653	0.06918	0.02593	0.01332	0.02819	0.00990	0.00671	0.00404	0.00411	0.00123	0.02358	0.00351	0.00218	0.00563

[dist]
# distance from previous block
# <min> <max>
1	3

[block]
# block no. 7 follows, 66 sequences, length 26
# corresponding to MSA columns:
# 275-300
name=unknown_H
#
# <colnr> <probs for GDERKNQSTAVLIFYWHMCP>
#	G	D	E	R	K	N	Q	S	T	A	V	L	I	F	Y	W	H	M	C	P
0	0.00851	0.04064	0.00892	0.00605	0.00965	0.00583	0.00489	0.01029	0.00841	0.01308	0.00715	0.00834	0.00598	0.00302	0.00299	0.00061	0.00306	0.00239	0.00238	0.84784
1	0.02486	0.06066	0.15829	0.08394	0.13004	0.07725	0.14416	0.06969	0.01001	0.09906	0.03635	0.02878	0.00783	0.00489	0.01985	0.00136	0.03097	0.00387	0.00252	0.00560
2	0.00630	0.00408	0.00498	0.00503	0.00565	0.00382	0.00338	0.00708	0.00823	0.06554	0.17214	0.25063	0.12026	0.31242	0.01050	0.00233	0.00287	0.00788	0.00351	0.00335
3	0.01255	0.00622	0.00805	0.00676	0.00887	0.00599	0.00537	0.01539	0.12010	0.41402	0.20927	0.05074	0.01751	0.00689	0.01849	0.02531	0.03176	0.00518	0.02592	0.00561
4	0.01178	0.04753	0.17434	0.04638	0.13613	0.05160	0.12278	0.12713	0.04622	0.14892	0.02610	0.01081	0.00753	0.00432	0.00422	0.00126	0.02030	0.00375	0.00286	0.00605
5	0.06317	0.00981	0.02985	0.12362	0.23945	0.05104	0.15118	0.06415	0.09009	0.06503	0.00904	0.01100	0.00704	0.02510	0.00488	0.00136	0.04211	0.00385	0.00254	0.00567
6	0.00952	0.01077	0.02296	0.01655	0.02030	0.01044	0.74838	0.01272	0.00929	0.01272	0.00796	0.01077	0.00609	0.00373	0.00552	0.00140	0.07879	0.00468	0.00203	0.00538
7	0.02061	0.32447	0.13127	0.05792	0.05492	0.01079	0.03996	0.02319	0.03654	0.04745	0.09594	0.06872	0.02872	0.00515	0.00403	0.00118	0.03738	0.00411	0.00250	0.00514
8	0.01098	0.07047	0.10183	0.10221	0.10657	0.05868	0.03857	0.06110	0.04655	0.17356	0.06603	0.04897	0.01088	0.03881	0.02327	0.00149	0.00462	0.02690	0.00305	0.00547
9	0.00912	0.00511	0.00643	0.00601	0.00743	0.00478	0.00448	0.02550	0.06897	0.22700	0.14848	0.30433	0.10614	0.05007	0.00544	0.00154	0.00272	0.00770	0.00417	0.00459
10	0.00672	0.00544	0.02761	0.00700	0.05637	0.02834	0.00505	0.00819	0.00894	0.04305	0.25805	0.06467	0.12178	0.05788	0.23121	0.03185	0.00505	0.02565	0.00325	0.00391
11	0.03712	0.12764	0.10988	0.04339	0.09613	0.22042	0.08116	0.05182	0.04070	0.07312	0.03837	0.01055	0.01768	0.01982	0.00420	0.00122	0.01545	0.00347	0.00248	0.00539
12	0.05991	0.02405	0.05734	0.04787	0.32296	0.06796	0.07820	0.14232	0.04881	0.05954	0.00870	0.01041	0.00681	0.02504	0.00456	0.00131	0.02200	0.00364	0.00261	0.00596
13	0.02813	0.00631	0.00745	0.00644	0.00851	0.00627	0.00509	0.04396	0.19257	0.27262	0.13824	0.04649	0.10025	0.00645	0.00417	0.00129	0.00286	0.01940	0.09807	0.00543
14	0.05945	0.11685	0.17481	0.09689	0.21174	0.05736	0.03361	0.03395	0.00923	0.03376	0.06811	0.02359	0.00868	0.00452	0.00420	0.00124	0.03875	0.01555	0.00229	0.00542
15	0.12811	0.09510	0.13556	0.06799	0.13593	0.07421	0.03973	0.06449	0.09948	0.01393	0.02399	0.02614	0.02334	0.00508	0.01580	0.02288	0.01683	0.00358	0.00247	0.00535
16	0.08504	0.00528	0.00598	0.00606	0.00708	0.02849	0.00440	0.02156	0.05496	0.09859	0.04525	0.40644	0.03472	0.10621	0.00660	0.01222	0.00302	0.06051	0.00361	0.00398
17	0.00847	0.00597	0.03930	0.00656	0.02877	0.00523	0.00514	0.06327	0.02836	0.14202	0.33306	0.09151	0.14220	0.00875	0.04021	0.00154	0.00307	0.02149	0.00404	0.02104
18	0.07174	0.06209	0.02344	0.05059	0.20091	0.12774	0.07667	0.02925	0.05435	0.05653	0.02275	0.01164	0.03745	0.00456	0.00431	0.00121	0.05452	0.00371	0.10128	0.00526
19	0.04504	0.11278	0.04543	0.03598	0.17209	0.07064	0.09683	0.14447	0.05870	0.05547	0.04327	0.01127	0.00825	0.03946	0.00498	0.00133	0.04189	0.00375	0.00271	0.00564
20	0.03080	0.00707	0.00775	0.00688	0.00888	0.00758	0.00536	0.08309	0.37539	0.07575	0.17647	0.03661	0.14773	0.00681	0.00433	0.00134	0.00288	0.00571	0.00415	0.00541
21	0.02165	0.03473	0.31864	0.04869	0.04240	0.00740	0.00909	0.03897	0.02871	0.09598	0.19737	0.01782	0.11012	0.00578	0.00417	0.00128	0.00409	0.00481	0.00307	0.00524
22	0.01161	0.10699	0.08119	0.02393	0.14973	0.05633	0.06276	0.15159	0.08909	0.10113	0.01004	0.01200	0.00794	0.00566	0.03488	0.00145	0.04609	0.03877	0.00290	0.00588
23	0.06971	0.00781	0.02077	0.00866	0.06641	0.02021	0.01894	0.15234	0.16617	0.13275	0.05391	0.09221	0.01258	0.05929	0.08512	0.00198	0.00436	0.01780	0.00358	0.00543
24	0.02508	0.00736	0.00856	0.00745	0.00957	0.00791	0.00590	0.13925	0.28106	0.16916	0.05039	0.04810	0.04248	0.02489	0.12920	0.00216	0.00449	0.02744	0.00391	0.00565
25	0.04908	0.08676	0.28478	0.02879	0.07437	0.06429	0.06507	0.04870	0.03168	0.04250	0.09734	0.01207	0.02610	0.00519	0.01943	0.00135	0.05083	0.00379	0.00246	0.00541

[dist]
# distance from previous block
# <min> <max>
1	8

[block]
# block no. 8 follows, 66 sequences, length 17
# corresponding to MSA columns:
# 309-325
name=unknown_I
#
# <colnr> <probs for GDERKNQSTAVLIFYWHMCP>
#	G	D	E	R	K	N	Q	S	T	A	V	L	I	F	Y	W	H	M	C	P
0	0.00617	0.00445	0.00526	0.00508	0.00625	0.00410	0.00377	0.00811	0.05760	0.05204	0.35040	0.12598	0.30688	0.03907	0.00532	0.00145	0.00223	0.00788	0.00408	0.00388
1	0.07320	0.05681	0.19866	0.02391	0.04928	0.06144	0.09543	0.21349	0.06869	0.01610	0.01890	0.03852	0.00737	0.00471	0.00448	0.00128	0.05550	0.00375	0.00271	0.00574
2	0.14734	0.09839	0.03765	0.13489	0.11509	0.09362	0.00823	0.15297	0.07486	0.05218	0.00841	0.00961	0.00648	0.00497	0.02701	0.00136	0.01551	0.00325	0.00269	0.00551
3	0.22290	0.03070	0.00977	0.02688	0.07614	0.00854	0.03837	0.15641	0.04970	0.10005	0.01093	0.03848	0.03581	0.03946	0.04740	0.00159	0.00414	0.01764	0.00310	0.08198
4	0.03262	0.00463	0.00569	0.00551	0.00647	0.00457	0.00400	0.02297	0.04786	0.06820	0.27439	0.18497	0.06260	0.13071	0.07583	0.02088	0.00331	0.00699	0.03394	0.00385
5	0.03335	0.07308	0.14653	0.04068	0.09966	0.03755	0.07787	0.14235	0.03706	0.08561	0.00875	0.01026	0.00673	0.00593	0.03942	0.03695	0.08554	0.00354	0.02357	0.00557
6	0.02784	0.05285	0.03722	0.04884	0.32652	0.04597	0.02223	0.21221	0.10265	0.04386	0.00938	0.01046	0.00722	0.00426	0.00390	0.00121	0.00456	0.00361	0.02901	0.00620
7	0.02106	0.00663	0.00735	0.00684	0.00841	0.03518	0.00517	0.10110	0.19087	0.10455	0.10352	0.29254	0.05694	0.02398	0.00485	0.00146	0.00307	0.01760	0.00399	0.00490
8	0.03324	0.00902	0.01394	0.23295	0.24691	0.06195	0.12848	0.01276	0.06152	0.06485	0.02868	0.01247	0.00797	0.00469	0.00457	0.03167	0.00504	0.03152	0.00242	0.00534
9	0.04590	0.08750	0.04322	0.14548	0.25158	0.06121	0.08973	0.03064	0.03779	0.04335	0.00793	0.02433	0.00651	0.00441	0.00498	0.00129	0.10282	0.00364	0.00221	0.00546
10	0.02857	0.00682	0.00877	0.01860	0.08756	0.02187	0.02192	0.13834	0.06115	0.07700	0.08589	0.08177	0.01377	0.10673	0.19704	0.00280	0.00541	0.02798	0.00320	0.00479
11	0.00519	0.00403	0.00451	0.00455	0.00549	0.00358	0.00322	0.00621	0.00904	0.01155	0.20347	0.12733	0.44292	0.14222	0.00731	0.00178	0.00235	0.00822	0.00371	0.00335
12	0.06499	0.00848	0.01309	0.08795	0.37039	0.00842	0.04634	0.05278	0.01000	0.21402	0.01046	0.03077	0.01972	0.00434	0.00398	0.00123	0.00434	0.00390	0.00294	0.04186
13	0.05001	0.19439	0.19076	0.03204	0.16873	0.09434	0.07177	0.02961	0.09275	0.02702	0.00804	0.00921	0.00632	0.00394	0.00365	0.00117	0.00512	0.00321	0.00223	0.00571
14	0.00716	0.00458	0.00616	0.00588	0.00658	0.00475	0.00435	0.03362	0.00787	0.04953	0.12912	0.06226	0.11560	0.04302	0.13317	0.30257	0.05477	0.02290	0.00285	0.00325
15	0.04508	0.00891	0.04742	0.00810	0.01051	0.00944	0.00663	0.07255	0.59367	0.04023	0.01634	0.04066	0.03831	0.00590	0.00416	0.00138	0.00339	0.03733	0.00393	0.00607
16	0.75765	0.00909	0.00701	0.00676	0.04674	0.09280	0.00512	0.01238	0.00748	0.01714	0.00580	0.00682	0.00457	0.00380	0.00270	0.00123	0.00364	0.00230	0.00245	0.00452

[dist]
# distance from previous block
# <min> <max>
0	18

# created by:
# /st0/software/busco_prod/Augustus/scripts/msa2prfl.pl ./align_prep/31692.fa
