[name]
unknown

[dist]
# distance from previous block
# <min> <max>
2	55

[block]
# block no. 0 follows, 70 sequences, length 8
# corresponding to MSA columns:
# 67-74
name=unknown_A
#
# <colnr> <probs for GDERKNQSTAVLIFYWHMCP>
#	G	D	E	R	K	N	Q	S	T	A	V	L	I	F	Y	W	H	M	C	P
0	0.01042	0.00756	0.00882	0.02529	0.07842	0.05228	0.00615	0.15516	0.10805	0.14085	0.09039	0.11200	0.05098	0.00649	0.01713	0.00132	0.03439	0.02088	0.03656	0.03687
1	0.00988	0.00797	0.00861	0.02520	0.08095	0.14012	0.01881	0.05954	0.04824	0.12909	0.06951	0.17234	0.02735	0.03272	0.04092	0.02486	0.00411	0.03041	0.00314	0.06624
2	0.14082	0.10856	0.13732	0.00709	0.00966	0.02307	0.03004	0.03250	0.03680	0.13441	0.01122	0.14865	0.01034	0.06941	0.00500	0.01631	0.00374	0.02116	0.01684	0.03707
3	0.00828	0.00780	0.01282	0.50470	0.30507	0.00890	0.01081	0.01140	0.07047	0.01133	0.00770	0.01039	0.00601	0.00384	0.00387	0.00125	0.00482	0.00352	0.00196	0.00508
4	0.03495	0.00999	0.20381	0.03739	0.01232	0.02402	0.11678	0.06063	0.03732	0.14583	0.01107	0.09829	0.00951	0.07732	0.10126	0.00204	0.00521	0.00454	0.00274	0.00496
5	0.00624	0.00426	0.00665	0.00614	0.00677	0.00441	0.06588	0.00643	0.00625	0.00857	0.04818	0.01630	0.04261	0.12204	0.29221	0.34195	0.00587	0.00436	0.00211	0.00278
6	0.00973	0.00834	0.01399	0.24540	0.54151	0.00871	0.01100	0.01203	0.00876	0.09153	0.00795	0.01014	0.00621	0.00370	0.00385	0.00119	0.00463	0.00349	0.00214	0.00569
7	0.00673	0.00645	0.03967	0.00664	0.00772	0.06420	0.02787	0.03023	0.00821	0.02839	0.02076	0.30232	0.23764	0.03251	0.04552	0.00171	0.11935	0.00730	0.00304	0.00375

[dist]
# distance from previous block
# <min> <max>
0	16

[block]
# block no. 1 follows, 70 sequences, length 6
# corresponding to MSA columns:
# 92-97
name=unknown_B
#
# <colnr> <probs for GDERKNQSTAVLIFYWHMCP>
#	G	D	E	R	K	N	Q	S	T	A	V	L	I	F	Y	W	H	M	C	P
0	0.00994	0.02655	0.02675	0.05857	0.03331	0.03325	0.02109	0.15773	0.31667	0.05377	0.10797	0.07026	0.01333	0.00558	0.00396	0.00124	0.00346	0.00469	0.04645	0.00542
1	0.00794	0.00752	0.01274	0.63023	0.24611	0.00877	0.01107	0.01044	0.00804	0.01065	0.00700	0.01014	0.00543	0.00376	0.00387	0.00125	0.00502	0.00345	0.00178	0.00480
2	0.09783	0.00872	0.01374	0.15989	0.13250	0.06050	0.23595	0.05008	0.00872	0.03673	0.00795	0.01050	0.00634	0.00786	0.14379	0.00206	0.00613	0.00370	0.00215	0.00486
3	0.00796	0.00605	0.04549	0.00660	0.00836	0.00532	0.06116	0.04557	0.07468	0.12337	0.35562	0.12855	0.10057	0.00736	0.00441	0.00128	0.00279	0.00650	0.00387	0.00447
4	0.04601	0.00751	0.01109	0.04364	0.26211	0.00722	0.04006	0.03173	0.04275	0.29268	0.01168	0.01257	0.03678	0.04092	0.02477	0.00138	0.00400	0.00381	0.00314	0.07613
5	0.00946	0.00904	0.02870	0.04955	0.30825	0.04349	0.12133	0.04468	0.03814	0.04013	0.02398	0.01097	0.03915	0.00399	0.00417	0.00110	0.04135	0.00363	0.00233	0.17657

[dist]
# distance from previous block
# <min> <max>
0	7

[block]
# block no. 2 follows, 70 sequences, length 10
# corresponding to MSA columns:
# 105-114
name=unknown_C
#
# <colnr> <probs for GDERKNQSTAVLIFYWHMCP>
#	G	D	E	R	K	N	Q	S	T	A	V	L	I	F	Y	W	H	M	C	P
0	0.00875	0.03400	0.07695	0.09390	0.22126	0.02681	0.13616	0.03949	0.11307	0.01284	0.04579	0.05632	0.04025	0.00467	0.00415	0.00121	0.02089	0.00430	0.00247	0.05673
1	0.00894	0.00949	0.07314	0.04800	0.04177	0.09301	0.03582	0.01310	0.20941	0.01294	0.05657	0.02822	0.00920	0.00442	0.00413	0.00105	0.05526	0.00356	0.00267	0.28930
2	0.00813	0.13598	0.20958	0.01988	0.05352	0.02340	0.08633	0.03267	0.05115	0.02256	0.15430	0.04344	0.08500	0.00530	0.00405	0.00118	0.02102	0.00450	0.00263	0.03537
3	0.00562	0.00419	0.00580	0.00571	0.00649	0.00439	0.00425	0.00684	0.00699	0.00996	0.10593	0.12645	0.01501	0.11553	0.48868	0.00437	0.00707	0.00539	0.00257	0.06875
4	0.00944	0.01114	0.13020	0.05703	0.29313	0.08136	0.19478	0.01226	0.02808	0.03825	0.07426	0.01115	0.00842	0.00405	0.00427	0.00122	0.02949	0.00386	0.00221	0.00541
5	0.04111	0.00595	0.06490	0.00562	0.00753	0.00477	0.00477	0.01017	0.03776	0.17428	0.35746	0.02449	0.20964	0.00708	0.00424	0.00122	0.00253	0.00599	0.00390	0.02659
6	0.89114	0.00750	0.00570	0.00510	0.00750	0.00870	0.00420	0.01140	0.00660	0.01739	0.00540	0.00630	0.00420	0.00360	0.00240	0.00120	0.00300	0.00210	0.00240	0.00420
7	0.02865	0.50887	0.04089	0.00957	0.04772	0.01280	0.18254	0.03940	0.04478	0.01111	0.00780	0.00887	0.03433	0.00368	0.00321	0.00101	0.00458	0.00305	0.00199	0.00513
8	0.00902	0.04371	0.21713	0.02367	0.05138	0.03000	0.03241	0.08048	0.08152	0.07064	0.11819	0.06143	0.04371	0.00512	0.00384	0.00115	0.00393	0.00431	0.00289	0.11545
9	0.00839	0.00705	0.01111	0.26028	0.28960	0.00757	0.00894	0.01035	0.00850	0.07698	0.01385	0.03549	0.14135	0.00549	0.00460	0.00130	0.05415	0.04767	0.00247	0.00486

[dist]
# distance from previous block
# <min> <max>
7	12

[block]
# block no. 3 follows, 70 sequences, length 8
# corresponding to MSA columns:
# 129-136
name=unknown_D
#
# <colnr> <probs for GDERKNQSTAVLIFYWHMCP>
#	G	D	E	R	K	N	Q	S	T	A	V	L	I	F	Y	W	H	M	C	P
0	0.00938	0.05959	0.04574	0.05694	0.33322	0.00853	0.08128	0.07652	0.00931	0.02907	0.00859	0.03146	0.02749	0.00383	0.00365	0.00104	0.00425	0.00351	0.00227	0.20432
1	0.09560	0.03136	0.11463	0.03490	0.13158	0.00809	0.11298	0.02539	0.09627	0.09634	0.04644	0.11137	0.01024	0.00514	0.00419	0.00126	0.03258	0.00451	0.00276	0.03438
2	0.00617	0.00449	0.00560	0.00543	0.00602	0.00482	0.00383	0.00769	0.07095	0.02764	0.06881	0.05425	0.07323	0.36174	0.24480	0.00369	0.03936	0.00548	0.00269	0.00330
3	0.00804	0.00689	0.00804	0.00574	0.00919	0.00517	0.00459	0.00976	0.00804	0.01263	0.00689	0.00804	0.00574	0.00287	0.00287	0.00057	0.00287	0.00230	0.00230	0.88745
4	0.00945	0.37334	0.15904	0.02692	0.06189	0.04197	0.04079	0.01148	0.00848	0.04862	0.05195	0.03799	0.02532	0.00413	0.00326	0.00100	0.00429	0.00323	0.00214	0.08468
5	0.00554	0.00415	0.00623	0.00623	0.00692	0.00485	0.00485	0.00692	0.00623	0.00900	0.01038	0.01523	0.00969	0.02908	0.84839	0.00623	0.01038	0.00415	0.00208	0.00346
6	0.00892	0.04909	0.12022	0.03572	0.35894	0.00838	0.03148	0.04358	0.00873	0.02870	0.00864	0.09245	0.00779	0.00444	0.00407	0.00113	0.03607	0.00391	0.00222	0.14552
7	0.00562	0.00407	0.00598	0.00598	0.00656	0.00466	0.00453	0.00669	0.00611	0.00873	0.01034	0.01596	0.00992	0.10511	0.72257	0.05826	0.00936	0.00424	0.00208	0.00325

[dist]
# distance from previous block
# <min> <max>
0	1

[block]
# block no. 4 follows, 70 sequences, length 26
# corresponding to MSA columns:
# 138-161,163,164
name=unknown_E
#
# <colnr> <probs for GDERKNQSTAVLIFYWHMCP>
#	G	D	E	R	K	N	Q	S	T	A	V	L	I	F	Y	W	H	M	C	P
0	0.00809	0.08959	0.70790	0.01111	0.05488	0.00941	0.01324	0.01212	0.00818	0.01204	0.00684	0.00808	0.00500	0.00361	0.00356	0.00117	0.00545	0.00281	0.00167	0.03523
1	0.01322	0.00896	0.01007	0.00796	0.01076	0.00952	0.00648	0.44911	0.13192	0.15787	0.02354	0.01125	0.00842	0.00616	0.05517	0.00145	0.00416	0.00368	0.00381	0.07649
2	0.00896	0.00782	0.00926	0.10270	0.04519	0.08423	0.03344	0.08451	0.11713	0.03920	0.03054	0.12185	0.01232	0.05003	0.00548	0.00144	0.05633	0.10968	0.00295	0.07692
3	0.00553	0.00414	0.00484	0.00479	0.00551	0.00407	0.00333	0.00691	0.05770	0.01028	0.13512	0.06800	0.24449	0.29316	0.11995	0.01568	0.00374	0.00649	0.00308	0.00319
4	0.00564	0.00386	0.00469	0.00473	0.00489	0.00399	0.00298	0.00598	0.00588	0.00796	0.01219	0.02414	0.01357	0.67035	0.17810	0.00416	0.00502	0.03691	0.00234	0.00261
5	0.00961	0.00905	0.01525	0.02178	0.72031	0.00908	0.04574	0.01247	0.06093	0.02587	0.02714	0.01044	0.00725	0.00368	0.00389	0.00117	0.00451	0.00365	0.00215	0.00605
6	0.00856	0.00975	0.07876	0.32697	0.09090	0.00931	0.37341	0.03300	0.00877	0.01182	0.00742	0.01014	0.00559	0.00358	0.00417	0.00128	0.00575	0.00391	0.00190	0.00504
7	0.05800	0.01032	0.01427	0.01065	0.01393	0.01086	0.23242	0.51177	0.01470	0.07049	0.00907	0.00971	0.00646	0.00423	0.00400	0.00121	0.00477	0.00374	0.00333	0.00610
8	0.01419	0.09147	0.01177	0.00961	0.01177	0.73847	0.00738	0.03647	0.01091	0.02534	0.00620	0.00710	0.00512	0.00397	0.00343	0.00099	0.00660	0.00251	0.00207	0.00463
9	0.00854	0.00811	0.01304	0.46874	0.29480	0.02216	0.02166	0.03364	0.03734	0.01145	0.00733	0.01008	0.00577	0.00391	0.00421	0.00125	0.03748	0.00348	0.00193	0.00506
10	0.79351	0.00740	0.00607	0.00530	0.00777	0.00836	0.00437	0.01223	0.00710	0.10956	0.00650	0.00707	0.00480	0.00373	0.00257	0.00120	0.00303	0.00230	0.00267	0.00447
11	0.00472	0.00337	0.00450	0.00540	0.00562	0.00315	0.00360	0.00540	0.00742	0.00990	0.02137	0.86122	0.02564	0.01215	0.00495	0.00157	0.00225	0.01102	0.00360	0.00315
12	0.00551	0.00404	0.00577	0.00582	0.00636	0.00455	0.00432	0.00660	0.00620	0.00879	0.01138	0.06848	0.01145	0.17734	0.64889	0.00551	0.00870	0.00484	0.00222	0.00324
13	0.81509	0.00749	0.00610	0.00538	0.00772	0.00868	0.00444	0.01167	0.00679	0.05633	0.00586	0.00671	0.00449	0.00378	0.00287	0.00122	0.03636	0.00224	0.00249	0.00431
14	0.81664	0.00742	0.00598	0.00525	0.00770	0.00844	0.00433	0.01204	0.00698	0.08773	0.00624	0.00689	0.00466	0.00370	0.00253	0.00120	0.00302	0.00225	0.00260	0.00440
15	0.00926	0.00741	0.01123	0.08582	0.06103	0.00762	0.15819	0.21505	0.01074	0.05520	0.02391	0.27736	0.01310	0.03950	0.00496	0.00143	0.00406	0.00619	0.00312	0.00483
16	0.00688	0.00597	0.00986	0.00796	0.00933	0.00587	0.22955	0.00884	0.06762	0.01055	0.11517	0.02068	0.01439	0.43641	0.03230	0.00264	0.00439	0.00539	0.00259	0.00361
17	0.00612	0.00528	0.00736	0.25190	0.04701	0.00532	0.00595	0.00778	0.00856	0.01127	0.13190	0.12111	0.26259	0.00706	0.00420	0.00123	0.00312	0.00612	0.00293	0.10319
18	0.06794	0.00920	0.01504	0.11580	0.18528	0.05992	0.28392	0.04712	0.02982	0.01251	0.01698	0.01076	0.00671	0.02467	0.08116	0.00175	0.02040	0.00386	0.00213	0.00502
19	0.00855	0.00705	0.00817	0.11559	0.04263	0.05002	0.00580	0.14559	0.12025	0.01253	0.03567	0.01657	0.01071	0.29453	0.09256	0.00257	0.01981	0.00444	0.00272	0.00426
20	0.54979	0.00787	0.00720	0.00614	0.00843	0.00897	0.00501	0.18353	0.03450	0.01837	0.10013	0.00980	0.00861	0.00447	0.00335	0.00121	0.03192	0.00306	0.00295	0.00470
21	0.01104	0.01342	0.10543	0.05436	0.22541	0.34154	0.00926	0.01283	0.00919	0.03572	0.00713	0.00929	0.00598	0.03412	0.04786	0.00149	0.06584	0.00313	0.00200	0.00497
22	0.01063	0.01059	0.01311	0.12651	0.14242	0.16051	0.13325	0.12612	0.15829	0.01376	0.00912	0.01076	0.00714	0.00507	0.03254	0.00138	0.01781	0.01306	0.00257	0.00537
23	0.00658	0.00686	0.12781	0.03133	0.00817	0.00519	0.00540	0.06929	0.00928	0.01296	0.11639	0.02280	0.30224	0.00896	0.08360	0.00166	0.00353	0.00554	0.16837	0.00404
24	0.01431	0.00976	0.01073	0.00833	0.01130	0.01053	0.00684	0.61059	0.07530	0.14242	0.01161	0.01116	0.03525	0.00486	0.00389	0.00118	0.00394	0.00375	0.00398	0.02025
25	0.07383	0.03980	0.71379	0.01057	0.03050	0.00902	0.01300	0.01244	0.00818	0.04431	0.00713	0.00821	0.00506	0.00371	0.00357	0.00121	0.00537	0.00284	0.00182	0.00564

[dist]
# distance from previous block
# <min> <max>
2	5

[block]
# block no. 5 follows, 70 sequences, length 77
# corresponding to MSA columns:
# 171-247
name=unknown_F
#
# <colnr> <probs for GDERKNQSTAVLIFYWHMCP>
#	G	D	E	R	K	N	Q	S	T	A	V	L	I	F	Y	W	H	M	C	P
0	0.04478	0.01381	0.01052	0.00960	0.03817	0.48610	0.02951	0.01553	0.13238	0.09040	0.02673	0.01005	0.02534	0.00455	0.00409	0.00113	0.04648	0.00325	0.00263	0.00494
1	0.00950	0.00912	0.01557	0.05807	0.80603	0.00919	0.01185	0.01182	0.00878	0.01255	0.00728	0.00963	0.00610	0.00347	0.00384	0.00116	0.00463	0.00345	0.00191	0.00607
2	0.02288	0.01080	0.00982	0.00887	0.03743	0.19679	0.00672	0.16559	0.38758	0.02778	0.04862	0.01239	0.02052	0.00499	0.00402	0.00121	0.02109	0.00388	0.00339	0.00565
3	0.02964	0.00634	0.00917	0.47391	0.03622	0.03809	0.00799	0.02362	0.00803	0.01058	0.02774	0.26778	0.01201	0.00644	0.00414	0.00134	0.00415	0.00571	0.00243	0.02469
4	0.00709	0.00656	0.01081	0.71516	0.04755	0.00794	0.00980	0.00952	0.00810	0.01048	0.07655	0.01328	0.05240	0.00451	0.00397	0.00128	0.00471	0.00399	0.00204	0.00425
5	0.00999	0.00733	0.00979	0.16450	0.12146	0.01761	0.00727	0.08166	0.18034	0.14038	0.15044	0.01511	0.01312	0.04005	0.00483	0.00135	0.02177	0.00439	0.00331	0.00528
6	0.00730	0.00537	0.00817	0.10369	0.00935	0.00643	0.03370	0.00700	0.00576	0.00800	0.00659	0.01128	0.00640	0.04601	0.01306	0.48661	0.22723	0.00352	0.00173	0.00280
7	0.00744	0.00623	0.00928	0.09510	0.24789	0.00645	0.00722	0.07929	0.02062	0.01223	0.03188	0.38333	0.01604	0.00788	0.00451	0.00139	0.01239	0.04338	0.00295	0.00450
8	0.00766	0.00648	0.00763	0.00568	0.00875	0.00494	0.00447	0.00930	0.00811	0.01252	0.04170	0.08011	0.00865	0.00385	0.00311	0.00068	0.00278	0.00322	0.00249	0.77788
9	0.01417	0.01796	0.01103	0.01000	0.01189	0.80475	0.00754	0.01516	0.01072	0.00948	0.00595	0.00707	0.00500	0.00414	0.00397	0.00103	0.05112	0.00254	0.00198	0.00448
10	0.00660	0.00437	0.00540	0.03748	0.00687	0.00394	0.00390	0.00810	0.01006	0.10952	0.40967	0.02955	0.33369	0.00812	0.00447	0.00125	0.00218	0.00695	0.00398	0.00388
11	0.00697	0.00657	0.00934	0.04204	0.00999	0.04374	0.14767	0.00940	0.07339	0.01252	0.26359	0.05177	0.19617	0.02767	0.00555	0.00137	0.07887	0.00608	0.00319	0.00411
12	0.00877	0.00794	0.01178	0.25047	0.33137	0.03350	0.00925	0.08504	0.03058	0.01276	0.07021	0.01347	0.07308	0.00496	0.00441	0.03659	0.00431	0.00407	0.00239	0.00504
13	0.01110	0.00854	0.01326	0.01772	0.53163	0.00862	0.00971	0.03482	0.10365	0.17025	0.02626	0.01118	0.00804	0.00411	0.00408	0.00119	0.02319	0.00371	0.00279	0.00615
14	0.15408	0.04048	0.01240	0.04316	0.35774	0.04253	0.00872	0.18618	0.07969	0.02686	0.00810	0.00926	0.00633	0.00393	0.00356	0.00116	0.00422	0.00324	0.00261	0.00576
15	0.00471	0.00342	0.00445	0.00528	0.00559	0.00316	0.00354	0.00541	0.00754	0.00994	0.02286	0.79260	0.09330	0.01195	0.00492	0.00155	0.00223	0.01078	0.00360	0.00316
16	0.00661	0.00359	0.00531	0.00524	0.00545	0.00363	0.00361	0.00547	0.00531	0.00724	0.00725	0.01214	0.00711	0.01530	0.13107	0.73526	0.00433	0.00344	0.00176	0.03087
17	0.01474	0.01086	0.01163	0.00892	0.01202	0.01202	0.00737	0.82664	0.01823	0.02443	0.00931	0.00931	0.00659	0.00465	0.00388	0.00116	0.00427	0.00349	0.00388	0.00659
18	0.00821	0.01837	0.74819	0.01046	0.01577	0.00851	0.01323	0.01239	0.00851	0.06110	0.05356	0.00963	0.00694	0.00398	0.00375	0.00123	0.00537	0.00316	0.00197	0.00567
19	0.02071	0.00756	0.00833	0.00715	0.00945	0.00813	0.00566	0.11310	0.43805	0.16782	0.03583	0.01719	0.13227	0.00581	0.00402	0.00127	0.00306	0.00478	0.00403	0.00578
20	0.00478	0.00342	0.00457	0.00547	0.00572	0.00320	0.00370	0.00550	0.00748	0.00996	0.02134	0.82973	0.02551	0.01209	0.00496	0.00158	0.00230	0.04193	0.00360	0.00317
21	0.14432	0.17512	0.06263	0.04637	0.02261	0.35552	0.10341	0.02029	0.00925	0.01865	0.00623	0.00747	0.00505	0.00370	0.00331	0.00106	0.00556	0.00270	0.00200	0.00475
22	0.00891	0.01750	0.02591	0.40293	0.40035	0.00893	0.01105	0.02671	0.00858	0.04161	0.00741	0.01000	0.00580	0.00372	0.00384	0.00122	0.00482	0.00344	0.00196	0.00531
23	0.02909	0.07236	0.01208	0.06313	0.20365	0.10065	0.04865	0.13553	0.05709	0.03628	0.04303	0.07874	0.00953	0.02566	0.00441	0.00125	0.02333	0.01579	0.01532	0.02443
24	0.00501	0.00394	0.00460	0.00454	0.00549	0.00351	0.01602	0.00602	0.00865	0.01106	0.19688	0.13674	0.44133	0.13081	0.00678	0.00167	0.00230	0.00788	0.00353	0.00324
25	0.01083	0.02937	0.04540	0.17382	0.17618	0.08044	0.02722	0.22082	0.03687	0.03514	0.00792	0.00938	0.00608	0.00404	0.00404	0.00114	0.03550	0.00328	0.00254	0.08999
26	0.00583	0.00445	0.00516	0.00524	0.00627	0.00430	0.00387	0.00831	0.12305	0.02455	0.17853	0.25555	0.27112	0.02579	0.00487	0.00142	0.00229	0.04300	0.02263	0.00376
27	0.01748	0.00869	0.01380	0.28100	0.47217	0.03934	0.02829	0.01176	0.05038	0.01184	0.00760	0.01007	0.00613	0.00419	0.02014	0.00130	0.00493	0.00349	0.00197	0.00542
28	0.00585	0.00423	0.00548	0.00564	0.00654	0.00408	0.00437	0.00790	0.05493	0.02412	0.39284	0.19522	0.07027	0.00930	0.00478	0.00143	0.00241	0.19301	0.00393	0.00369
29	0.01057	0.00782	0.00866	0.00743	0.00962	0.00859	0.00586	0.17980	0.43403	0.09376	0.16284	0.02714	0.01522	0.00567	0.00405	0.00126	0.00310	0.00472	0.00406	0.00578
30	0.03360	0.00712	0.00848	0.00725	0.00966	0.00728	0.00587	0.03575	0.33446	0.34399	0.02805	0.01700	0.01202	0.00561	0.00402	0.00129	0.00322	0.09643	0.00415	0.03474
31	0.00906	0.07514	0.01384	0.32386	0.37295	0.00963	0.01040	0.04885	0.07583	0.01220	0.00778	0.00999	0.00618	0.00380	0.00376	0.00119	0.00463	0.00342	0.00208	0.00540
32	0.00572	0.00399	0.00521	0.00491	0.00581	0.00369	0.00365	0.00744	0.01067	0.03261	0.76442	0.05282	0.03482	0.04095	0.00515	0.00133	0.00195	0.00701	0.00419	0.00366
33	0.00486	0.00350	0.00478	0.00551	0.00582	0.00342	0.00379	0.00567	0.00732	0.00989	0.03789	0.71495	0.02348	0.01461	0.13229	0.00227	0.00347	0.00989	0.00338	0.00321
34	0.00841	0.00788	0.01320	0.54580	0.25600	0.00900	0.04041	0.05208	0.00864	0.01152	0.00716	0.01008	0.00554	0.00377	0.00389	0.00125	0.00501	0.00349	0.00190	0.00498
35	0.00970	0.07517	0.00967	0.00779	0.01007	0.01009	0.00618	0.01990	0.76830	0.01566	0.01497	0.01382	0.01130	0.00511	0.00383	0.00128	0.00315	0.00420	0.00377	0.00605
36	0.00473	0.00394	0.00415	0.00418	0.00541	0.00335	0.00316	0.00581	0.00900	0.01096	0.11099	0.05942	0.71105	0.00974	0.00462	0.00133	0.00202	0.03918	0.00366	0.00332
37	0.03045	0.05812	0.02329	0.03666	0.01224	0.05673	0.10017	0.22001	0.35698	0.01664	0.01229	0.01222	0.03717	0.00475	0.00387	0.00123	0.00411	0.00398	0.00331	0.00578
38	0.00915	0.00873	0.01485	0.12909	0.70895	0.00894	0.01149	0.01143	0.00864	0.01222	0.00770	0.03726	0.00665	0.00379	0.00388	0.00118	0.00460	0.00370	0.00195	0.00581
39	0.00809	0.07286	0.77428	0.01073	0.01625	0.00947	0.01369	0.02966	0.00838	0.01234	0.00691	0.00809	0.00495	0.00368	0.00361	0.00120	0.00560	0.00283	0.00169	0.00570
40	0.89114	0.00750	0.00570	0.00510	0.00750	0.00870	0.00420	0.01140	0.00660	0.01739	0.00540	0.00630	0.00420	0.00360	0.00240	0.00120	0.00300	0.00210	0.00240	0.00420
41	0.89114	0.00750	0.00570	0.00510	0.00750	0.00870	0.00420	0.01140	0.00660	0.01739	0.00540	0.00630	0.00420	0.00360	0.00240	0.00120	0.00300	0.00210	0.00240	0.00420
42	0.00474	0.00358	0.00438	0.00494	0.00552	0.00322	0.00341	0.00558	0.00809	0.01047	0.08525	0.56304	0.26141	0.01117	0.00482	0.00147	0.00214	0.00991	0.00365	0.00322
43	0.01036	0.86609	0.02032	0.00663	0.00995	0.01534	0.00663	0.01161	0.00788	0.00912	0.00539	0.00622	0.00498	0.00332	0.00249	0.00083	0.00415	0.00207	0.00166	0.00498
44	0.01275	0.01460	0.01344	0.04147	0.06507	0.49978	0.16658	0.04372	0.01052	0.05084	0.00737	0.00923	0.00594	0.00408	0.00396	0.00112	0.01974	0.02268	0.00221	0.00488
45	0.00554	0.00415	0.00623	0.00623	0.00692	0.00485	0.00485	0.00692	0.00623	0.00900	0.01038	0.01523	0.00969	0.02908	0.84839	0.00623	0.01038	0.00415	0.00208	0.00346
46	0.00473	0.00341	0.00449	0.00533	0.00561	0.00316	0.00358	0.00544	0.00754	0.01003	0.03776	0.81536	0.05524	0.01198	0.00493	0.00156	0.00223	0.01084	0.00361	0.00316
47	0.00703	0.00577	0.00645	0.00635	0.00766	0.00621	0.00470	0.01258	0.39117	0.01318	0.06154	0.32561	0.11915	0.00845	0.00442	0.00140	0.00257	0.00739	0.00379	0.00458
48	0.00960	0.00921	0.01574	0.02380	0.83957	0.00921	0.01190	0.01190	0.00883	0.01267	0.00729	0.00960	0.00614	0.00345	0.00384	0.00115	0.00461	0.00345	0.00192	0.00614
49	0.01063	0.50583	0.19067	0.00808	0.01178	0.05432	0.00838	0.12733	0.02946	0.01213	0.00655	0.00730	0.00536	0.00366	0.00302	0.00098	0.00461	0.00252	0.00204	0.00537
50	0.00980	0.00905	0.01382	0.01922	0.59879	0.00943	0.01027	0.04542	0.21670	0.01401	0.00951	0.01081	0.00759	0.00396	0.00387	0.00119	0.00421	0.00369	0.00250	0.00616
51	0.01213	0.00896	0.01021	0.01986	0.01111	0.00888	0.01851	0.42278	0.03188	0.07765	0.00892	0.00926	0.00658	0.00398	0.00352	0.00095	0.00370	0.00311	0.00330	0.33471
52	0.06314	0.00695	0.00891	0.00704	0.00977	0.00658	0.00577	0.06346	0.05656	0.64838	0.01428	0.04021	0.00962	0.00506	0.00417	0.00123	0.03418	0.00402	0.00442	0.00624
53	0.00732	0.00689	0.01163	0.85444	0.02670	0.00861	0.01077	0.00991	0.00775	0.00991	0.00689	0.01034	0.00517	0.00388	0.00388	0.00129	0.00517	0.00345	0.00172	0.00431
54	0.00492	0.00437	0.02716	0.00446	0.00575	0.00354	0.00351	0.00620	0.00926	0.01169	0.21940	0.06143	0.58819	0.00931	0.00458	0.00131	0.00208	0.02572	0.00370	0.00343
55	0.00960	0.00921	0.01574	0.02380	0.83957	0.00921	0.01190	0.01190	0.00883	0.01267	0.00729	0.00960	0.00614	0.00345	0.00384	0.00115	0.00461	0.00345	0.00192	0.00614
56	0.02810	0.01630	0.57756	0.00998	0.01459	0.00919	0.01167	0.01472	0.25238	0.01356	0.00954	0.01000	0.00695	0.00415	0.00373	0.00125	0.00488	0.00330	0.00234	0.00582
57	0.00507	0.00365	0.00488	0.00573	0.00616	0.00346	0.00418	0.00602	0.00784	0.01032	0.02199	0.63366	0.06217	0.01171	0.00503	0.00161	0.00254	0.19714	0.00359	0.00325
58	0.89114	0.00750	0.00570	0.00510	0.00750	0.00870	0.00420	0.01140	0.00660	0.01739	0.00540	0.00630	0.00420	0.00360	0.00240	0.00120	0.00300	0.00210	0.00240	0.00420
59	0.00698	0.00579	0.00703	0.00602	0.02910	0.00461	0.00441	0.00840	0.00797	0.01187	0.03878	0.24218	0.03092	0.01714	0.00378	0.00094	0.00270	0.00503	0.00274	0.56361
60	0.00881	0.00728	0.00986	0.01211	0.27577	0.00770	0.00712	0.01371	0.30736	0.04845	0.03386	0.07669	0.01205	0.14284	0.00655	0.00167	0.00360	0.01628	0.00305	0.00523
61	0.82097	0.00743	0.00596	0.00524	0.00769	0.00846	0.00432	0.01200	0.00696	0.08364	0.00619	0.00685	0.00463	0.00370	0.00252	0.00120	0.00302	0.00224	0.00259	0.00439
62	0.00673	0.00337	0.00505	0.00505	0.00505	0.00337	0.00337	0.00505	0.00505	0.00673	0.00673	0.01178	0.00673	0.01347	0.01515	0.88721	0.00337	0.00337	0.00168	0.00168
63	0.00909	0.01056	0.12360	0.25995	0.35485	0.05701	0.08922	0.01177	0.00863	0.02808	0.00727	0.00963	0.00568	0.00365	0.00388	0.00121	0.00521	0.00344	0.00189	0.00539
64	0.00478	0.00343	0.00455	0.00543	0.00571	0.00320	0.00368	0.00550	0.00752	0.00998	0.02179	0.80874	0.04620	0.01203	0.00495	0.00158	0.00229	0.04186	0.00360	0.00317
65	0.00763	0.00720	0.01218	0.74290	0.13585	0.00869	0.01092	0.01017	0.00790	0.01028	0.00694	0.01024	0.00530	0.00382	0.00387	0.00127	0.00509	0.00345	0.00175	0.00455
66	0.00588	0.00426	0.00601	0.00593	0.00655	0.00494	0.00454	0.00716	0.00638	0.00950	0.01056	0.01578	0.00992	0.10447	0.63335	0.00517	0.04912	0.00420	0.10288	0.00341
67	0.00873	0.22041	0.11912	0.16104	0.11375	0.04198	0.06546	0.02857	0.02492	0.02207	0.02745	0.13169	0.00911	0.00496	0.00371	0.00118	0.00451	0.00427	0.00220	0.00488
68	0.00513	0.00386	0.00474	0.00471	0.00562	0.00347	0.00346	0.00654	0.00983	0.01329	0.49513	0.16683	0.24497	0.00911	0.00464	0.00130	0.00193	0.00797	0.00398	0.00347
69	0.00513	0.00372	0.00508	0.00605	0.02460	0.00353	0.00421	0.00611	0.00797	0.01067	0.08452	0.64691	0.02553	0.01139	0.00496	0.00157	0.00248	0.13862	0.00361	0.00332
70	0.01002	0.00978	0.01486	0.05733	0.46711	0.07170	0.12227	0.09129	0.03857	0.01346	0.01676	0.01141	0.03687	0.00405	0.00398	0.00119	0.00485	0.01651	0.00229	0.00568
71	0.02215	0.00961	0.12392	0.15022	0.25969	0.00826	0.08449	0.02695	0.03997	0.18700	0.00954	0.02404	0.00711	0.00466	0.02429	0.00134	0.00477	0.00372	0.00260	0.00567
72	0.00819	0.00781	0.01455	0.19036	0.19623	0.00788	0.27251	0.01052	0.00854	0.03638	0.01094	0.15876	0.02088	0.00536	0.00434	0.00133	0.00483	0.03342	0.00235	0.00483
73	0.01001	0.10101	0.49487	0.01008	0.03695	0.06852	0.01794	0.03946	0.00901	0.12536	0.00812	0.00900	0.00587	0.00497	0.04115	0.00139	0.00546	0.00301	0.00220	0.00562
74	0.00817	0.03639	0.05148	0.06787	0.15273	0.01844	0.18164	0.03978	0.03399	0.03758	0.01269	0.18854	0.05044	0.05102	0.03271	0.00159	0.01407	0.00558	0.01062	0.00469
75	0.02058	0.05602	0.07300	0.07937	0.14726	0.11461	0.10909	0.02638	0.00913	0.07764	0.03549	0.09124	0.09300	0.00617	0.03160	0.00139	0.00474	0.01588	0.00257	0.00484
76	0.00973	0.04669	0.40573	0.01170	0.11798	0.03617	0.06180	0.06710	0.00937	0.10697	0.00931	0.06886	0.00753	0.00453	0.00386	0.00123	0.00496	0.01846	0.00239	0.00562

[dist]
# distance from previous block
# <min> <max>
13	31

[block]
# block no. 6 follows, 70 sequences, length 22
# corresponding to MSA columns:
# 283-304
name=unknown_G
#
# <colnr> <probs for GDERKNQSTAVLIFYWHMCP>
#	G	D	E	R	K	N	Q	S	T	A	V	L	I	F	Y	W	H	M	C	P
0	0.06904	0.23661	0.10360	0.01085	0.14413	0.07301	0.05897	0.10360	0.07522	0.02199	0.06108	0.00983	0.00797	0.00406	0.00345	0.00110	0.00444	0.00325	0.00242	0.00538
1	0.32701	0.00875	0.07508	0.00774	0.03762	0.01699	0.06872	0.06410	0.07796	0.02313	0.03445	0.04905	0.00765	0.00419	0.00325	0.00111	0.00358	0.00331	0.00263	0.18368
2	0.05036	0.00546	0.00793	0.06691	0.10117	0.00585	0.02774	0.00822	0.00810	0.03331	0.14757	0.24162	0.04823	0.02367	0.09347	0.00194	0.08223	0.03926	0.00296	0.00398
3	0.03155	0.07976	0.03621	0.17542	0.39943	0.04216	0.07416	0.03451	0.04748	0.01224	0.00760	0.01982	0.00622	0.00380	0.00385	0.00118	0.01364	0.00348	0.00204	0.00546
4	0.00508	0.00378	0.00438	0.00450	0.00515	0.00346	0.00305	0.00590	0.00809	0.01055	0.18728	0.19783	0.28737	0.24597	0.00884	0.00202	0.00249	0.00782	0.00339	0.00307
5	0.04961	0.00714	0.00876	0.00960	0.14959	0.00784	0.00634	0.02799	0.33511	0.01386	0.07270	0.04380	0.14541	0.01905	0.03079	0.00149	0.05754	0.00505	0.00326	0.00507
6	0.00829	0.00461	0.00605	0.00568	0.02745	0.00429	0.00423	0.00995	0.01001	0.19070	0.40701	0.03901	0.07205	0.00854	0.06964	0.00157	0.00289	0.00575	0.11799	0.00429
7	0.60797	0.00775	0.00708	0.00657	0.04934	0.00856	0.00498	0.05058	0.09405	0.01680	0.00694	0.00767	0.00539	0.00373	0.00276	0.00113	0.00313	0.00249	0.00259	0.11048
8	0.00874	0.00834	0.01419	0.33722	0.53285	0.00899	0.01147	0.01115	0.00842	0.01162	0.00714	0.00987	0.00577	0.00361	0.00385	0.00120	0.00482	0.00345	0.00184	0.00545
9	0.03227	0.10581	0.09961	0.44543	0.03050	0.11701	0.02243	0.01198	0.03727	0.05167	0.00732	0.00939	0.00555	0.00388	0.00363	0.00119	0.00514	0.00315	0.00200	0.00477
10	0.00930	0.00914	0.07835	0.11820	0.45076	0.00852	0.04434	0.03232	0.04944	0.05676	0.00860	0.01141	0.00710	0.07111	0.02690	0.00153	0.00477	0.00371	0.00222	0.00552
11	0.00476	0.00348	0.00449	0.00525	0.00564	0.00321	0.00358	0.00553	0.00772	0.01016	0.04532	0.72147	0.12323	0.01172	0.00490	0.00154	0.00223	0.02897	0.00362	0.00319
12	0.00566	0.00385	0.00493	0.00544	0.00604	0.00361	0.00385	0.00678	0.02813	0.05160	0.06671	0.56796	0.10457	0.05103	0.00554	0.00162	0.00245	0.07315	0.00364	0.00343
13	0.03306	0.06538	0.04830	0.03090	0.27078	0.09092	0.13325	0.08186	0.01832	0.09898	0.00818	0.00984	0.00640	0.01673	0.02519	0.00134	0.04914	0.00349	0.00240	0.00553
14	0.00845	0.01036	0.22421	0.03175	0.02219	0.04028	0.03640	0.09947	0.02200	0.05056	0.01148	0.16135	0.03043	0.04618	0.09916	0.00199	0.09149	0.00496	0.00258	0.00471
15	0.00471	0.00342	0.00445	0.00528	0.00559	0.00316	0.00355	0.00541	0.00753	0.00994	0.02276	0.79731	0.08866	0.01197	0.00492	0.00155	0.00223	0.01080	0.00360	0.00316
16	0.00584	0.00426	0.00583	0.00576	0.00615	0.00482	0.00420	0.00659	0.00608	0.00853	0.01103	0.01959	0.01143	0.32090	0.43050	0.04072	0.05991	0.04260	0.00220	0.00305
17	0.00932	0.04732	0.15046	0.00865	0.05287	0.04200	0.04062	0.01171	0.02913	0.08463	0.02399	0.00917	0.00661	0.00373	0.00401	0.00094	0.06676	0.00291	0.00237	0.40280
18	0.00743	0.00509	0.01894	0.04981	0.02156	0.00486	0.04331	0.00880	0.01911	0.13505	0.10577	0.37270	0.06249	0.05964	0.03459	0.00172	0.03417	0.00754	0.00343	0.00401
19	0.00770	0.01324	0.46143	0.00909	0.01291	0.00705	0.05851	0.01101	0.00921	0.06687	0.24408	0.04429	0.01523	0.00533	0.00407	0.00125	0.00436	0.01662	0.00270	0.00505
20	0.00915	0.00899	0.01522	0.05346	0.36393	0.04203	0.22754	0.04441	0.00907	0.01252	0.01695	0.03240	0.02752	0.02136	0.03113	0.00142	0.02771	0.00412	0.04580	0.00527
21	0.02727	0.00622	0.01746	0.20910	0.07452	0.03522	0.03819	0.00910	0.04680	0.02859	0.02647	0.20746	0.12033	0.01621	0.07832	0.00181	0.00431	0.04576	0.00277	0.00410

[dist]
# distance from previous block
# <min> <max>
0	8

[block]
# block no. 7 follows, 70 sequences, length 26
# corresponding to MSA columns:
# 313-338
name=unknown_H
#
# <colnr> <probs for GDERKNQSTAVLIFYWHMCP>
#	G	D	E	R	K	N	Q	S	T	A	V	L	I	F	Y	W	H	M	C	P
0	0.02349	0.16403	0.08432	0.00902	0.08205	0.08261	0.03618	0.03047	0.05940	0.05211	0.02401	0.04442	0.00764	0.02505	0.00409	0.00106	0.03543	0.00330	0.00238	0.22891
1	0.00513	0.00399	0.00504	0.00528	0.00608	0.00367	0.02460	0.01909	0.00823	0.01054	0.05041	0.40406	0.30779	0.05259	0.02152	0.00167	0.00259	0.06093	0.00349	0.00331
2	0.01196	0.07797	0.03433	0.03416	0.08694	0.12303	0.00760	0.23413	0.25640	0.05804	0.01037	0.01049	0.00780	0.00454	0.00394	0.00118	0.02459	0.00351	0.00316	0.00586
3	0.03362	0.07836	0.03980	0.08005	0.00902	0.00664	0.00547	0.02045	0.00678	0.02225	0.00973	0.04704	0.02625	0.18352	0.18358	0.10145	0.08358	0.00417	0.00215	0.05611
4	0.08137	0.04450	0.05615	0.11821	0.34981	0.05019	0.00923	0.05540	0.02208	0.10510	0.00881	0.01045	0.02349	0.02160	0.00416	0.01474	0.00441	0.00340	0.00241	0.01450
5	0.02978	0.07866	0.16504	0.03299	0.18984	0.06548	0.16190	0.05965	0.02183	0.06111	0.02914	0.01038	0.00702	0.03900	0.00473	0.00129	0.03093	0.00357	0.00225	0.00539
6	0.00548	0.00376	0.00438	0.00446	0.00461	0.00375	0.00268	0.00571	0.00604	0.00802	0.01457	0.10000	0.06582	0.67304	0.07881	0.00359	0.00400	0.00617	0.00252	0.00256
7	0.02346	0.03670	0.04204	0.03328	0.00900	0.13525	0.03296	0.00939	0.03323	0.04202	0.08187	0.27681	0.12944	0.00804	0.00481	0.00135	0.05272	0.04055	0.00307	0.00400
8	0.01007	0.21713	0.18212	0.10612	0.08097	0.06778	0.04246	0.10718	0.02301	0.04409	0.03008	0.01772	0.02134	0.00422	0.00372	0.00113	0.01989	0.01339	0.00228	0.00528
9	0.03260	0.06933	0.12157	0.09714	0.18546	0.06171	0.07599	0.03322	0.08725	0.05084	0.02130	0.08187	0.00930	0.00499	0.00393	0.00125	0.00454	0.05003	0.00250	0.00520
10	0.00760	0.00697	0.00840	0.05742	0.00945	0.08255	0.00635	0.02458	0.04095	0.01004	0.02461	0.01656	0.01010	0.08615	0.28941	0.00327	0.21812	0.09131	0.00229	0.00389
11	0.06735	0.01929	0.11716	0.10368	0.12686	0.02024	0.07403	0.10799	0.06186	0.16728	0.02517	0.04760	0.00826	0.00527	0.02969	0.00138	0.00454	0.00391	0.00290	0.00553
12	0.11653	0.11772	0.02445	0.02047	0.13047	0.12577	0.07154	0.09889	0.02910	0.01284	0.03780	0.00978	0.00710	0.00656	0.05972	0.08055	0.04046	0.00326	0.00228	0.00474
13	0.00809	0.00556	0.00733	0.03661	0.07874	0.01838	0.00534	0.05224	0.06848	0.10006	0.06274	0.25781	0.01528	0.05904	0.09905	0.06584	0.02015	0.00614	0.02894	0.00418
14	0.03267	0.08355	0.03893	0.00899	0.02178	0.01029	0.09517	0.34736	0.13351	0.04592	0.00942	0.00976	0.00701	0.00415	0.00365	0.00109	0.00411	0.00340	0.00316	0.13608
15	0.01804	0.00527	0.00653	0.00588	0.00735	0.00512	0.02243	0.06261	0.07825	0.13182	0.21726	0.11479	0.17496	0.07161	0.03167	0.00164	0.00295	0.03374	0.00379	0.00428
16	0.07463	0.06013	0.24820	0.03784	0.08531	0.04421	0.05236	0.04101	0.00893	0.06074	0.07137	0.01939	0.02791	0.00427	0.00386	0.00112	0.02982	0.00346	0.00237	0.12308
17	0.01900	0.17525	0.38609	0.01102	0.06800	0.02559	0.13143	0.01155	0.00836	0.02195	0.00917	0.06646	0.04084	0.00437	0.00371	0.00118	0.00505	0.00377	0.00197	0.00524
18	0.00562	0.00459	0.00596	0.00556	0.00679	0.00420	0.05848	0.04020	0.00925	0.01189	0.16728	0.16728	0.39945	0.04413	0.00527	0.00146	0.00255	0.05292	0.00356	0.00356
19	0.00559	0.00390	0.00479	0.00490	0.00559	0.00366	0.00345	0.00683	0.02406	0.03036	0.27991	0.25798	0.13880	0.15687	0.00723	0.00177	0.00240	0.02913	0.02940	0.00335
20	0.01111	0.06456	0.14078	0.01020	0.08025	0.09859	0.06521	0.18225	0.08779	0.08977	0.00949	0.01109	0.00744	0.06322	0.05965	0.00166	0.00513	0.00358	0.00277	0.00547
21	0.00991	0.03797	0.08123	0.13875	0.35344	0.00894	0.03901	0.04636	0.10545	0.09204	0.00954	0.03268	0.00759	0.00424	0.00388	0.00122	0.00444	0.01505	0.00252	0.00572
22	0.00490	0.00348	0.00453	0.00526	0.00560	0.00325	0.00357	0.00570	0.00771	0.01038	0.07610	0.70348	0.05891	0.03907	0.00534	0.00160	0.00228	0.02876	0.02690	0.00318
23	0.00962	0.13121	0.33078	0.04472	0.05081	0.03478	0.05019	0.03264	0.00862	0.10170	0.03004	0.03463	0.00707	0.00452	0.00479	0.00123	0.11167	0.00343	0.00222	0.00532
24	0.04969	0.06683	0.15029	0.05166	0.21965	0.04908	0.15335	0.07036	0.02187	0.06371	0.00767	0.00926	0.00590	0.00391	0.00436	0.00121	0.06006	0.00340	0.00221	0.00553
25	0.00656	0.00506	0.00685	0.03332	0.02321	0.02696	0.00512	0.00765	0.00675	0.04313	0.01186	0.15952	0.01214	0.12138	0.42141	0.00409	0.09365	0.00534	0.00243	0.00358

[dist]
# distance from previous block
# <min> <max>
0	1

[block]
# block no. 8 follows, 70 sequences, length 8
# corresponding to MSA columns:
# 340-347
name=unknown_I
#
# <colnr> <probs for GDERKNQSTAVLIFYWHMCP>
#	G	D	E	R	K	N	Q	S	T	A	V	L	I	F	Y	W	H	M	C	P
0	0.00622	0.00491	0.00585	0.02660	0.00655	0.03509	0.00407	0.00721	0.03261	0.00949	0.10069	0.04657	0.08880	0.31690	0.18371	0.05063	0.06296	0.00539	0.00259	0.00316
1	0.04634	0.68533	0.05177	0.00710	0.01040	0.05422	0.00695	0.08007	0.00885	0.01088	0.00581	0.00660	0.00508	0.00349	0.00270	0.00090	0.00431	0.00224	0.00189	0.00509
2	0.00520	0.00377	0.00452	0.00488	0.00537	0.00355	0.00336	0.00590	0.00749	0.00972	0.06240	0.28519	0.19243	0.28593	0.00967	0.00223	0.00280	0.09936	0.00323	0.00299
3	0.05855	0.11926	0.06206	0.02680	0.11638	0.11523	0.00796	0.28583	0.08959	0.06856	0.00874	0.00919	0.00656	0.00419	0.00357	0.00112	0.00450	0.00318	0.00293	0.00581
4	0.09671	0.06919	0.14634	0.01029	0.09280	0.09810	0.06620	0.14411	0.10701	0.03968	0.00959	0.01021	0.03805	0.00420	0.00360	0.00114	0.00452	0.00336	0.00264	0.05227
5	0.00564	0.00423	0.00537	0.00544	0.02368	0.00386	0.02213	0.00684	0.00877	0.04289	0.17719	0.17046	0.36361	0.04987	0.06162	0.00179	0.00290	0.03665	0.00354	0.00353
6	0.01011	0.00789	0.04312	0.03544	0.07107	0.02478	0.00646	0.15095	0.17962	0.12339	0.17557	0.03558	0.07392	0.00586	0.00428	0.00124	0.02353	0.00487	0.01701	0.00532
7	0.06188	0.00521	0.00682	0.00659	0.04144	0.00510	0.03130	0.00937	0.05061	0.10334	0.27822	0.17230	0.13620	0.00812	0.01985	0.00139	0.03150	0.00663	0.00365	0.02047

[dist]
# distance from previous block
# <min> <max>
0	170

# created by:
# /st0/software/busco_prod/Augustus/scripts/msa2prfl.pl ./align_prep/31701.fa
