[name]
unknown

[dist]
# distance from previous block
# <min> <max>
0	91

[block]
# block no. 0 follows, 58 sequences, length 11
# corresponding to MSA columns:
# 117-127
name=unknown_A
#
# <colnr> <probs for GDERKNQSTAVLIFYWHMCP>
#	G	D	E	R	K	N	Q	S	T	A	V	L	I	F	Y	W	H	M	C	P
0	0.05375	0.01118	0.06045	0.11116	0.12930	0.07826	0.02980	0.07478	0.14797	0.10762	0.01089	0.01200	0.00822	0.00513	0.00532	0.00142	0.08769	0.00400	0.02039	0.04066
1	0.00991	0.00897	0.03057	0.06253	0.12325	0.02068	0.10004	0.08383	0.18286	0.02521	0.10367	0.11837	0.04566	0.00690	0.00484	0.00148	0.00433	0.02775	0.01628	0.02287
2	0.09097	0.03705	0.04040	0.03005	0.16118	0.02095	0.02551	0.16784	0.08014	0.07109	0.04312	0.07233	0.01095	0.03385	0.00553	0.02591	0.02252	0.00471	0.00338	0.05252
3	0.00953	0.00656	0.00799	0.00794	0.00936	0.03163	0.00641	0.01266	0.12189	0.12223	0.05621	0.15082	0.04227	0.04305	0.00657	0.00187	0.04118	0.31268	0.00420	0.00494
4	0.00990	0.00864	0.01038	0.20537	0.01565	0.01006	0.00802	0.01902	0.53021	0.01646	0.04833	0.04590	0.04017	0.00626	0.00463	0.00152	0.00399	0.00533	0.00393	0.00623
5	0.00691	0.06817	0.00641	0.00521	0.00554	0.00542	0.00324	0.00711	0.00674	0.00890	0.01339	0.02698	0.01520	0.73651	0.06353	0.00423	0.00477	0.00610	0.00263	0.00301
6	0.00928	0.15951	0.58755	0.01121	0.01670	0.01113	0.01370	0.01370	0.02923	0.01360	0.03921	0.01063	0.00760	0.00609	0.05102	0.00167	0.00636	0.00346	0.00211	0.00623
7	0.65374	0.07219	0.00851	0.00653	0.00939	0.01054	0.00543	0.01497	0.10499	0.06634	0.00836	0.00887	0.00635	0.00444	0.00309	0.00137	0.00359	0.00286	0.00308	0.00535
8	0.01501	0.01644	0.01223	0.11079	0.03996	0.53164	0.00876	0.03878	0.01202	0.09041	0.00937	0.01072	0.02410	0.00654	0.05271	0.00159	0.00733	0.00349	0.00269	0.00542
9	0.01135	0.00881	0.01037	0.00948	0.04978	0.00976	0.00716	0.25090	0.20874	0.03256	0.02616	0.03382	0.04780	0.01261	0.19721	0.00277	0.02765	0.00492	0.01802	0.03014
10	0.03019	0.02466	0.13059	0.04554	0.18965	0.07857	0.04145	0.13039	0.05647	0.03334	0.01300	0.08591	0.05503	0.00677	0.02781	0.00159	0.02512	0.01482	0.00302	0.00609

[dist]
# distance from previous block
# <min> <max>
2	6

[block]
# block no. 1 follows, 58 sequences, length 10
# corresponding to MSA columns:
# 135-144
name=unknown_B
#
# <colnr> <probs for GDERKNQSTAVLIFYWHMCP>
#	G	D	E	R	K	N	Q	S	T	A	V	L	I	F	Y	W	H	M	C	P
0	0.01194	0.17777	0.13065	0.02512	0.06209	0.02832	0.00824	0.04880	0.01033	0.15372	0.02555	0.01245	0.00871	0.08278	0.00559	0.00141	0.00460	0.00366	0.00298	0.19529
1	0.01058	0.07172	0.55857	0.01372	0.09262	0.08163	0.04462	0.01474	0.00996	0.04942	0.00832	0.00969	0.00610	0.00427	0.00421	0.00136	0.00641	0.00340	0.00213	0.00650
2	0.00940	0.05639	0.46619	0.01095	0.01588	0.00926	0.07298	0.02937	0.01036	0.05429	0.11292	0.01497	0.06085	0.00529	0.00442	0.00136	0.00540	0.00444	0.00272	0.05254
3	0.01021	0.13459	0.01572	0.48343	0.11704	0.08751	0.03773	0.01310	0.03630	0.01196	0.00803	0.01092	0.00633	0.00436	0.00422	0.00136	0.00588	0.00372	0.00213	0.00546
4	0.00637	0.00476	0.00594	0.00654	0.00757	0.00450	0.00528	0.00782	0.00976	0.01235	0.02994	0.11297	0.28262	0.08986	0.00740	0.00207	0.00340	0.39300	0.00400	0.00383
5	0.03141	0.13467	0.13129	0.07379	0.10299	0.03310	0.03607	0.07811	0.05815	0.24598	0.01160	0.01234	0.00838	0.00486	0.00422	0.00134	0.00500	0.01660	0.00342	0.00667
6	0.05992	0.08953	0.01484	0.17317	0.17987	0.12889	0.04497	0.06216	0.11778	0.01449	0.00941	0.02524	0.00765	0.00489	0.00475	0.00138	0.04850	0.00394	0.00266	0.00596
7	0.00599	0.00454	0.00556	0.00539	0.00653	0.00411	0.00403	0.00773	0.01155	0.01565	0.52265	0.07194	0.26678	0.01090	0.03524	0.00167	0.00254	0.00857	0.00457	0.00406
8	0.00651	0.00434	0.00488	0.00488	0.00488	0.00434	0.00271	0.00651	0.00651	0.00867	0.01409	0.02927	0.01626	0.84279	0.02277	0.00434	0.00434	0.00651	0.00271	0.00271
9	0.87439	0.00865	0.00657	0.00588	0.00865	0.01003	0.00484	0.01315	0.00761	0.02007	0.00623	0.00727	0.00484	0.00415	0.00277	0.00138	0.00346	0.00242	0.00277	0.00484

[dist]
# distance from previous block
# <min> <max>
1	2

[block]
# block no. 2 follows, 58 sequences, length 12
# corresponding to MSA columns:
# 147-149,158-166
name=unknown_C
#
# <colnr> <probs for GDERKNQSTAVLIFYWHMCP>
#	G	D	E	R	K	N	Q	S	T	A	V	L	I	F	Y	W	H	M	C	P
0	0.05483	0.10830	0.01403	0.53141	0.02383	0.04156	0.01067	0.05296	0.05929	0.01303	0.00831	0.01112	0.00643	0.00468	0.00463	0.00142	0.04212	0.00373	0.00232	0.00533
1	0.05219	0.00687	0.00736	0.00739	0.04374	0.04829	0.00520	0.08718	0.01069	0.01438	0.04592	0.29319	0.23924	0.00957	0.00488	0.00146	0.00326	0.00820	0.00378	0.10722
2	0.01117	0.04818	0.11261	0.09581	0.56615	0.01060	0.01324	0.01405	0.01010	0.06299	0.00879	0.01104	0.00700	0.00415	0.00435	0.00134	0.00541	0.00387	0.00234	0.00681
3	0.57305	0.01155	0.03206	0.10527	0.01264	0.17498	0.00685	0.01393	0.00885	0.01703	0.00662	0.00804	0.00519	0.00429	0.00327	0.00135	0.00478	0.00272	0.00256	0.00498
4	0.04938	0.10045	0.38182	0.01676	0.27344	0.01137	0.04178	0.04825	0.01011	0.01483	0.00804	0.00979	0.00622	0.00415	0.00415	0.00134	0.00583	0.00349	0.00216	0.00662
5	0.05996	0.05728	0.04715	0.02331	0.01162	0.00902	0.00682	0.19957	0.04711	0.09899	0.09231	0.01428	0.04655	0.00522	0.00405	0.00115	0.00388	0.00414	0.00367	0.26391
6	0.00915	0.05077	0.01217	0.28756	0.11264	0.00861	0.00885	0.01216	0.06367	0.01333	0.01001	0.07983	0.00880	0.00489	0.00410	0.00119	0.00447	0.00424	0.00259	0.30097
7	0.01025	0.01117	0.07551	0.12465	0.34340	0.05258	0.08407	0.01349	0.05716	0.01372	0.02216	0.05034	0.00924	0.00537	0.00553	0.00148	0.07894	0.03239	0.00248	0.00608
8	0.01536	0.01069	0.01223	0.08231	0.01448	0.01160	0.00817	0.44877	0.14607	0.14177	0.01259	0.01241	0.00891	0.00533	0.00443	0.00136	0.00454	0.00419	0.00433	0.05046
9	0.01569	0.01188	0.01269	0.01003	0.01337	0.01326	0.00819	0.62689	0.19625	0.02608	0.01240	0.01207	0.00896	0.00553	0.00449	0.00138	0.00461	0.00426	0.00449	0.00749
10	0.01355	0.01200	0.08479	0.27439	0.01980	0.01230	0.01047	0.47720	0.01612	0.02157	0.00960	0.01101	0.00691	0.00498	0.00445	0.00140	0.00541	0.00395	0.00345	0.00667
11	0.00802	0.00732	0.01189	0.66102	0.02606	0.00882	0.01101	0.01073	0.00922	0.01172	0.01313	0.01925	0.07976	0.00602	0.00475	0.00156	0.00542	0.09712	0.00243	0.00476

[dist]
# distance from previous block
# <min> <max>
0	6

[block]
# block no. 3 follows, 58 sequences, length 52
# corresponding to MSA columns:
# 173-224
name=unknown_D
#
# <colnr> <probs for GDERKNQSTAVLIFYWHMCP>
#	G	D	E	R	K	N	Q	S	T	A	V	L	I	F	Y	W	H	M	C	P
0	0.18018	0.07492	0.23881	0.01142	0.08268	0.03812	0.10783	0.01270	0.00959	0.02640	0.02874	0.02659	0.13311	0.00548	0.00420	0.00139	0.00505	0.00455	0.00265	0.00560
1	0.03147	0.01000	0.03098	0.00869	0.01209	0.00975	0.02094	0.29829	0.12636	0.04662	0.01274	0.01394	0.03879	0.00579	0.02053	0.00131	0.00426	0.03172	0.00375	0.27198
2	0.00913	0.00863	0.01466	0.52195	0.27163	0.00982	0.02694	0.01190	0.00934	0.01247	0.00905	0.05814	0.00765	0.00484	0.00454	0.00146	0.00560	0.00449	0.00218	0.00557
3	0.00914	0.08443	0.02868	0.01187	0.19171	0.08926	0.00773	0.01147	0.03493	0.01461	0.27738	0.08006	0.04372	0.00797	0.01995	0.00152	0.00421	0.07267	0.00351	0.00518
4	0.00529	0.00453	0.00453	0.00453	0.00604	0.00378	0.00340	0.00642	0.01020	0.01208	0.04532	0.04305	0.81307	0.01133	0.00529	0.00151	0.00227	0.00944	0.00415	0.00378
5	0.13353	0.00772	0.00975	0.00786	0.02434	0.00712	0.00633	0.03431	0.01205	0.64319	0.01568	0.01408	0.01013	0.00531	0.00420	0.00137	0.00372	0.00419	0.04807	0.00706
6	0.87439	0.00865	0.00657	0.00588	0.00865	0.01003	0.00484	0.01315	0.00761	0.02007	0.00623	0.00727	0.00484	0.00415	0.00277	0.00138	0.00346	0.00242	0.00277	0.00484
7	0.00598	0.00453	0.00552	0.00534	0.00649	0.00406	0.00398	0.00774	0.01174	0.01592	0.55078	0.07641	0.26511	0.01002	0.00530	0.00146	0.00218	0.00871	0.00466	0.00406
8	0.01177	0.02554	0.04623	0.01124	0.08589	0.10458	0.05141	0.14978	0.19357	0.04045	0.03742	0.10563	0.02572	0.00708	0.02269	0.00155	0.00488	0.03110	0.00363	0.03983
9	0.00633	0.00457	0.00598	0.00563	0.00668	0.00422	0.00422	0.00844	0.01266	0.01794	0.81253	0.03341	0.04221	0.00914	0.00528	0.00141	0.00211	0.00809	0.00492	0.00422
10	0.00909	0.00775	0.00907	0.00661	0.01040	0.00585	0.00524	0.01101	0.00924	0.01442	0.00878	0.05068	0.00777	0.00385	0.00343	0.00072	0.00328	0.00315	0.00273	0.82694
11	0.04744	0.13950	0.14622	0.01246	0.14056	0.01116	0.03003	0.13582	0.01156	0.14549	0.01037	0.02692	0.00811	0.00620	0.03824	0.00159	0.04780	0.01741	0.00309	0.02004
12	0.00976	0.00937	0.01617	0.42201	0.39770	0.01032	0.04517	0.01262	0.00959	0.01304	0.00821	0.01153	0.00652	0.00422	0.00448	0.00142	0.00572	0.00403	0.00211	0.00600
13	0.00928	0.00795	0.00928	0.00663	0.01060	0.00596	0.00530	0.01126	0.00928	0.01458	0.00795	0.00928	0.00663	0.00331	0.00331	0.00066	0.00331	0.00265	0.00265	0.87014
14	0.03271	0.03387	0.00968	0.03878	0.04530	0.01939	0.05308	0.06874	0.07969	0.02745	0.09591	0.04793	0.28458	0.00751	0.00478	0.00135	0.01462	0.00635	0.00365	0.12461
15	0.00944	0.02119	0.70874	0.01242	0.01867	0.01000	0.04504	0.01425	0.00959	0.04225	0.00840	0.00973	0.00596	0.00422	0.00424	0.00137	0.00633	0.00338	0.00208	0.06271
16	0.00928	0.00795	0.00928	0.00663	0.01060	0.00596	0.00530	0.01126	0.00928	0.01458	0.00795	0.00928	0.00663	0.00331	0.00331	0.00066	0.00331	0.00265	0.00265	0.87014
17	0.01207	0.82632	0.02319	0.00774	0.01154	0.03647	0.00768	0.01350	0.00917	0.01053	0.00624	0.00720	0.00574	0.00385	0.00290	0.00096	0.00486	0.00240	0.00192	0.00573
18	0.01647	0.06241	0.01321	0.01133	0.01371	0.78460	0.00859	0.01764	0.01250	0.01093	0.00688	0.00802	0.00576	0.00457	0.00398	0.00114	0.00790	0.00286	0.00229	0.00521
19	0.00834	0.00417	0.00417	0.00417	0.00521	0.00417	0.00313	0.01042	0.00938	0.01668	0.01459	0.01668	0.01147	0.00521	0.00313	0.00104	0.00208	0.00417	0.86763	0.00417
20	0.00834	0.00417	0.00417	0.00417	0.00521	0.00417	0.00313	0.01042	0.00938	0.01668	0.01459	0.01668	0.01147	0.00521	0.00313	0.00104	0.00208	0.00417	0.86763	0.00417
21	0.03717	0.00527	0.00719	0.00816	0.00925	0.00532	0.00713	0.00940	0.01020	0.01362	0.02308	0.04897	0.02502	0.01207	0.00606	0.00204	0.00410	0.75775	0.00407	0.00414
22	0.01700	0.01253	0.01342	0.01029	0.01387	0.01387	0.00850	0.79997	0.02103	0.02819	0.01074	0.01074	0.00761	0.00537	0.00447	0.00134	0.00492	0.00403	0.00447	0.00761
23	0.87439	0.00865	0.00657	0.00588	0.00865	0.01003	0.00484	0.01315	0.00761	0.02007	0.00623	0.00727	0.00484	0.00415	0.00277	0.00138	0.00346	0.00242	0.00277	0.00484
24	0.00834	0.00417	0.00417	0.00417	0.00521	0.00417	0.00313	0.01042	0.00938	0.01668	0.01459	0.01668	0.01147	0.00521	0.00313	0.00104	0.00208	0.00417	0.86763	0.00417
25	0.00695	0.00495	0.00602	0.02555	0.00745	0.00451	0.00434	0.00898	0.03141	0.06314	0.45749	0.03477	0.30876	0.00951	0.00520	0.00145	0.00239	0.00817	0.00461	0.00436
26	0.01620	0.02041	0.01294	0.01162	0.01393	0.75715	0.02764	0.01780	0.03979	0.01129	0.00733	0.00850	0.00606	0.00472	0.00435	0.00119	0.02840	0.00304	0.00237	0.00526
27	0.00834	0.00417	0.00417	0.00417	0.00521	0.00417	0.00313	0.01042	0.00938	0.01668	0.01459	0.01668	0.01147	0.00521	0.00313	0.00104	0.00208	0.00417	0.86763	0.00417
28	0.00633	0.00457	0.00598	0.00563	0.00668	0.00422	0.00422	0.00844	0.01266	0.01794	0.81253	0.03341	0.04221	0.00914	0.00528	0.00141	0.00211	0.00809	0.00492	0.00422
29	0.00777	0.00389	0.00583	0.00583	0.00583	0.00389	0.00389	0.00583	0.00583	0.00777	0.00777	0.01360	0.00777	0.01554	0.01748	0.86985	0.00389	0.00389	0.00194	0.00194
30	0.00885	0.04998	0.70235	0.01190	0.01781	0.01012	0.01493	0.01378	0.03276	0.01397	0.01006	0.05900	0.02508	0.00502	0.00432	0.00143	0.00613	0.00401	0.00215	0.00636
31	0.00613	0.00489	0.00693	0.00711	0.00806	0.00457	0.06046	0.00764	0.02863	0.01217	0.02725	0.51136	0.17758	0.01238	0.00563	0.00176	0.00309	0.10637	0.00403	0.00397
32	0.00644	0.00460	0.00622	0.00622	0.00668	0.00506	0.00438	0.00736	0.00690	0.00966	0.01287	0.02251	0.01332	0.37468	0.48686	0.00599	0.00876	0.00551	0.00253	0.00345
33	0.04923	0.07666	0.04146	0.03455	0.04713	0.58883	0.03082	0.05703	0.01228	0.01253	0.00722	0.00850	0.00590	0.00451	0.00400	0.00119	0.00726	0.00304	0.00238	0.00548
34	0.01057	0.46423	0.39256	0.01002	0.01513	0.01431	0.01177	0.01375	0.00925	0.01221	0.00706	0.00823	0.00571	0.00402	0.00351	0.00117	0.00563	0.00282	0.00190	0.00614
35	0.01189	0.82505	0.04323	0.00778	0.01168	0.01752	0.00787	0.01341	0.00910	0.01061	0.00626	0.00723	0.00574	0.00384	0.00290	0.00097	0.00483	0.00241	0.00191	0.00576
36	0.00575	0.00424	0.00535	0.00585	0.00654	0.00389	0.00414	0.00694	0.00981	0.01305	0.21074	0.44659	0.16826	0.04097	0.00615	0.00177	0.00256	0.04935	0.00428	0.00379
37	0.00986	0.01034	0.05886	0.33646	0.33301	0.01052	0.09635	0.01326	0.04219	0.01340	0.00862	0.01162	0.00678	0.00434	0.00478	0.00144	0.02576	0.00413	0.00220	0.00608
38	0.01018	0.35668	0.28496	0.02192	0.01416	0.03796	0.03354	0.01285	0.00895	0.01176	0.00783	0.01040	0.00679	0.05736	0.06523	0.00185	0.04659	0.00332	0.00201	0.00566
39	0.00777	0.00389	0.00583	0.00583	0.00583	0.00389	0.00389	0.00583	0.00583	0.00777	0.00777	0.01360	0.00777	0.01554	0.01748	0.86985	0.00389	0.00389	0.00194	0.00194
40	0.01201	0.03526	0.01623	0.18750	0.39042	0.22388	0.04405	0.01435	0.01057	0.01288	0.00789	0.01040	0.00646	0.00424	0.00433	0.00131	0.00624	0.00370	0.00219	0.00607
41	0.02837	0.15595	0.11507	0.09123	0.06668	0.03948	0.09456	0.09055	0.08796	0.04303	0.01063	0.08132	0.00911	0.00554	0.00500	0.00141	0.06071	0.00456	0.00283	0.00600
42	0.00976	0.00933	0.01618	0.15659	0.44674	0.00956	0.10391	0.01256	0.02502	0.01373	0.01161	0.08789	0.02748	0.00555	0.00476	0.00146	0.00528	0.04398	0.00254	0.00608
43	0.00893	0.00827	0.01299	0.68409	0.04466	0.01014	0.01160	0.01344	0.13561	0.01265	0.00959	0.01266	0.00721	0.00472	0.00448	0.00149	0.00556	0.00415	0.00240	0.00535
44	0.01114	0.02370	0.05519	0.11428	0.53686	0.09396	0.01267	0.01383	0.02254	0.01361	0.00830	0.01105	0.00693	0.01735	0.00507	0.00140	0.03958	0.00387	0.00221	0.00645
45	0.00852	0.01355	0.32610	0.02627	0.11962	0.00848	0.10589	0.02876	0.00975	0.01371	0.01424	0.22430	0.03795	0.00720	0.00488	0.00154	0.00525	0.03557	0.00277	0.00566
46	0.02007	0.00761	0.01038	0.00796	0.01142	0.00657	0.00657	0.02180	0.01280	0.81799	0.01765	0.01523	0.01107	0.00554	0.00450	0.00138	0.00381	0.00450	0.00554	0.00761
47	0.01686	0.00718	0.00944	0.00747	0.01042	0.00642	0.00608	0.06084	0.01300	0.59621	0.13601	0.01886	0.04829	0.00629	0.00460	0.00138	0.00349	0.00520	0.03512	0.00683
48	0.01141	0.05391	0.27101	0.01499	0.18522	0.07007	0.08936	0.03528	0.02099	0.09384	0.01105	0.03563	0.03928	0.00506	0.00490	0.00140	0.04330	0.00427	0.00265	0.00637
49	0.01312	0.02514	0.02769	0.16519	0.34196	0.08235	0.03061	0.04533	0.01111	0.18467	0.01048	0.02492	0.00794	0.00467	0.00443	0.00136	0.00536	0.00413	0.00299	0.00655
50	0.00549	0.00419	0.00507	0.00574	0.00649	0.00377	0.00406	0.00647	0.00925	0.01177	0.03198	0.51023	0.30932	0.01296	0.00559	0.00172	0.00256	0.05549	0.00415	0.00371
51	0.04642	0.00982	0.01255	0.07144	0.25288	0.09678	0.03724	0.07706	0.02760	0.06408	0.14744	0.01890	0.06615	0.00611	0.00465	0.00140	0.00470	0.04561	0.00334	0.00583

[dist]
# distance from previous block
# <min> <max>
4	14

[block]
# block no. 4 follows, 58 sequences, length 27
# corresponding to MSA columns:
# 250-253,255-268,271-279
name=unknown_E
#
# <colnr> <probs for GDERKNQSTAVLIFYWHMCP>
#	G	D	E	R	K	N	Q	S	T	A	V	L	I	F	Y	W	H	M	C	P
0	0.00799	0.00724	0.01097	0.18642	0.17306	0.00746	0.05124	0.01095	0.06836	0.01398	0.14871	0.04103	0.23991	0.00732	0.00490	0.00146	0.00402	0.00650	0.00336	0.00512
1	0.00777	0.00389	0.00583	0.00583	0.00583	0.00389	0.00389	0.00583	0.00583	0.00777	0.00777	0.01360	0.00777	0.01554	0.01748	0.86985	0.00389	0.00389	0.00194	0.00194
2	0.00928	0.00795	0.00928	0.00663	0.01060	0.00596	0.00530	0.01126	0.00928	0.01458	0.00795	0.00928	0.00663	0.00331	0.00331	0.00066	0.00331	0.00265	0.00265	0.87014
3	0.01232	0.03288	0.22947	0.04945	0.06353	0.00872	0.00981	0.08211	0.02566	0.23056	0.06554	0.08413	0.03276	0.00612	0.00483	0.00143	0.02873	0.00504	0.00362	0.02329
4	0.05665	0.53588	0.01914	0.02429	0.01237	0.24290	0.00793	0.01453	0.00996	0.01115	0.00644	0.00758	0.00571	0.00418	0.00352	0.00107	0.02653	0.00260	0.00207	0.00550
5	0.00679	0.00424	0.00509	0.00509	0.00509	0.00424	0.00297	0.00635	0.00635	0.00847	0.01268	0.02577	0.01436	0.65779	0.02159	0.19790	0.00424	0.00592	0.00254	0.00254
6	0.01236	0.33914	0.03976	0.00997	0.01243	0.20286	0.02082	0.04417	0.00977	0.01153	0.00682	0.00878	0.00611	0.00641	0.04286	0.00157	0.21396	0.00313	0.00214	0.00542
7	0.01070	0.00791	0.00942	0.00680	0.01071	0.00604	0.00547	0.01265	0.00974	0.12033	0.00923	0.01006	0.00721	0.00361	0.00347	0.00076	0.00338	0.00289	0.00303	0.75660
8	0.00928	0.00795	0.00928	0.00663	0.01060	0.00596	0.00530	0.01126	0.00928	0.01458	0.00795	0.00928	0.00663	0.00331	0.00331	0.00066	0.00331	0.00265	0.00265	0.87014
9	0.00608	0.00457	0.00577	0.00603	0.00698	0.00404	0.00422	0.00722	0.00936	0.01280	0.14206	0.53339	0.09228	0.02681	0.00562	0.00163	0.00262	0.01036	0.00405	0.11411
10	0.04958	0.04630	0.03148	0.09951	0.31726	0.05797	0.06017	0.04552	0.04721	0.12806	0.02075	0.01173	0.00801	0.00458	0.00458	0.00135	0.02657	0.00399	0.00291	0.03249
11	0.00934	0.04238	0.03449	0.00886	0.05515	0.02861	0.00660	0.03527	0.00913	0.10919	0.02852	0.22692	0.01537	0.07679	0.20498	0.00315	0.09056	0.00662	0.00326	0.00482
12	0.00544	0.00392	0.00517	0.00617	0.00647	0.00364	0.00413	0.00624	0.00862	0.01144	0.02539	0.81156	0.05743	0.01392	0.00569	0.00181	0.00258	0.01260	0.00415	0.00364
13	0.05213	0.27623	0.16328	0.02574	0.11448	0.06204	0.00993	0.07217	0.01033	0.03371	0.00768	0.00903	0.00623	0.00429	0.00417	0.00118	0.04413	0.00309	0.00237	0.09776
14	0.00853	0.04969	0.04620	0.14528	0.07621	0.00736	0.00785	0.04389	0.03053	0.04574	0.01898	0.20201	0.09156	0.03526	0.00560	0.00169	0.00416	0.15381	0.00342	0.02224
15	0.02501	0.03074	0.25583	0.07180	0.30968	0.01049	0.08635	0.04863	0.01038	0.04724	0.01004	0.01190	0.03637	0.00455	0.00464	0.00140	0.02196	0.00407	0.00241	0.00652
16	0.01520	0.01885	0.01187	0.01084	0.01284	0.69684	0.00812	0.01631	0.01177	0.01077	0.00766	0.01002	0.00676	0.05655	0.06120	0.00178	0.03211	0.00326	0.00233	0.00495
17	0.00643	0.00484	0.00593	0.00585	0.00694	0.00461	0.00433	0.04615	0.01097	0.01475	0.32919	0.19231	0.22660	0.02771	0.09066	0.00216	0.00345	0.00877	0.00426	0.00411
18	0.00936	0.00808	0.00971	0.00764	0.04996	0.00619	0.00571	0.01138	0.00932	0.01458	0.00797	0.00936	0.00665	0.00335	0.00337	0.00070	0.00341	0.00272	0.00263	0.82791
19	0.04044	0.08108	0.18855	0.05228	0.07747	0.03669	0.04545	0.03100	0.06464	0.03387	0.06907	0.10598	0.02196	0.00587	0.00433	0.00133	0.00470	0.01303	0.00294	0.11933
20	0.05527	0.04055	0.23572	0.01161	0.06012	0.03446	0.03040	0.36275	0.04510	0.02076	0.03838	0.02591	0.00863	0.00513	0.00434	0.00137	0.00529	0.00404	0.00337	0.00679
21	0.00647	0.00439	0.00607	0.00657	0.00714	0.00413	0.02413	0.00741	0.00882	0.05101	0.05108	0.64979	0.02703	0.07711	0.02551	0.00209	0.00314	0.03021	0.00405	0.00386
22	0.01235	0.00957	0.02868	0.20010	0.28892	0.00974	0.08392	0.04818	0.01074	0.18526	0.01066	0.02701	0.00806	0.00521	0.01624	0.00151	0.04002	0.00437	0.00299	0.00645
23	0.06455	0.06438	0.08218	0.02650	0.18736	0.08447	0.05183	0.09928	0.11730	0.05514	0.04434	0.02865	0.00958	0.00523	0.00498	0.00140	0.05922	0.00422	0.00306	0.00631
24	0.01193	0.02563	0.09323	0.01467	0.20872	0.06004	0.11678	0.04773	0.06617	0.14249	0.02987	0.08470	0.04101	0.02046	0.00500	0.00148	0.00509	0.01544	0.00330	0.00627
25	0.04411	0.07026	0.01581	0.05904	0.44771	0.03053	0.01095	0.10088	0.03183	0.07560	0.00936	0.01108	0.00740	0.00490	0.02053	0.00140	0.00514	0.00381	0.00278	0.04685
26	0.03237	0.10597	0.05829	0.05185	0.06459	0.02706	0.04890	0.07812	0.04185	0.06219	0.05249	0.12505	0.18685	0.02422	0.00502	0.00150	0.00412	0.02079	0.00347	0.00529

[dist]
# distance from previous block
# <min> <max>
1	67

[block]
# block no. 5 follows, 58 sequences, length 25
# corresponding to MSA columns:
# 350-374
name=unknown_F
#
# <colnr> <probs for GDERKNQSTAVLIFYWHMCP>
#	G	D	E	R	K	N	Q	S	T	A	V	L	I	F	Y	W	H	M	C	P
0	0.01160	0.33048	0.11586	0.02376	0.04782	0.08386	0.04814	0.04676	0.04936	0.05362	0.01183	0.02628	0.07517	0.00500	0.00386	0.00119	0.00504	0.00388	0.00266	0.05384
1	0.04252	0.24682	0.42712	0.01040	0.01521	0.01221	0.01199	0.01416	0.04283	0.04264	0.04227	0.01029	0.00775	0.00466	0.00446	0.00132	0.05149	0.00337	0.00230	0.00616
2	0.33322	0.03014	0.07772	0.03711	0.04268	0.00981	0.05119	0.09562	0.04980	0.09861	0.03378	0.01066	0.00785	0.00456	0.00373	0.00131	0.00427	0.00347	0.00319	0.10129
3	0.00806	0.00505	0.00754	0.02888	0.07533	0.00514	0.00528	0.00724	0.00673	0.00921	0.00935	0.01424	0.03687	0.01411	0.05600	0.62118	0.03273	0.00408	0.00211	0.05088
4	0.23552	0.18030	0.09759	0.03973	0.03622	0.05872	0.08701	0.06371	0.00995	0.04024	0.03523	0.01017	0.00741	0.00577	0.03862	0.00157	0.04057	0.00344	0.00260	0.00562
5	0.05550	0.29980	0.17673	0.01031	0.03728	0.22680	0.00962	0.05518	0.01062	0.01293	0.00800	0.05077	0.00704	0.00480	0.00389	0.00121	0.01808	0.00339	0.00231	0.00574
6	0.00635	0.00471	0.00601	0.00607	0.00721	0.00437	0.00481	0.00827	0.01160	0.01569	0.46949	0.03951	0.18425	0.01036	0.00550	0.00159	0.00264	0.20287	0.00458	0.00411
7	0.00928	0.00795	0.00928	0.00663	0.01060	0.00596	0.00530	0.01126	0.00928	0.01458	0.00795	0.00928	0.00663	0.00331	0.00331	0.00066	0.00331	0.00265	0.00265	0.87014
8	0.00635	0.00471	0.00596	0.00591	0.00692	0.00445	0.00437	0.00867	0.05319	0.01613	0.53780	0.19443	0.09504	0.01019	0.00535	0.00152	0.00234	0.02777	0.00467	0.00422
9	0.18312	0.00768	0.00897	0.00771	0.00962	0.00845	0.02944	0.14345	0.03718	0.10213	0.01168	0.02960	0.01028	0.16997	0.17848	0.00319	0.04605	0.00460	0.00329	0.00512
10	0.00552	0.00436	0.00482	0.00508	0.00609	0.00384	0.00359	0.00648	0.00944	0.01172	0.05746	0.24093	0.49432	0.10483	0.00736	0.00191	0.00260	0.02199	0.00401	0.00364
11	0.01047	0.00991	0.01697	0.35398	0.30664	0.01074	0.12565	0.08494	0.01073	0.01451	0.00853	0.01153	0.00663	0.00428	0.00457	0.00142	0.00586	0.00417	0.00234	0.00612
12	0.01051	0.00565	0.00742	0.00644	0.00825	0.00516	0.00501	0.01291	0.04234	0.25107	0.55128	0.02749	0.03207	0.00798	0.00502	0.00140	0.00266	0.00693	0.00509	0.00532
13	0.00642	0.00430	0.00491	0.00499	0.00501	0.00428	0.00283	0.00648	0.00668	0.00891	0.01499	0.09768	0.01739	0.77285	0.02133	0.00412	0.00419	0.00703	0.00283	0.00279
14	0.01763	0.00774	0.01004	0.00797	0.01110	0.00716	0.00649	0.04058	0.11761	0.62383	0.08600	0.01687	0.01401	0.00591	0.00457	0.00140	0.00365	0.00487	0.00533	0.00725
15	0.01070	0.11228	0.54618	0.01232	0.01785	0.10084	0.06589	0.05808	0.01048	0.01420	0.00792	0.00929	0.00587	0.00427	0.00415	0.00134	0.00654	0.00333	0.00211	0.00638
16	0.00707	0.00489	0.00585	0.00600	0.00656	0.00492	0.00401	0.00888	0.08832	0.03408	0.08036	0.25760	0.02212	0.39453	0.01341	0.00292	0.00357	0.04756	0.00363	0.00374
17	0.00905	0.02257	0.77907	0.01306	0.01957	0.01044	0.05650	0.01417	0.00950	0.01417	0.00808	0.00958	0.00572	0.00423	0.00430	0.00142	0.00666	0.00341	0.00191	0.00658
18	0.04608	0.01068	0.01602	0.18829	0.51668	0.05577	0.01240	0.06361	0.01069	0.02544	0.00842	0.01096	0.00678	0.00423	0.00435	0.00136	0.00548	0.00387	0.00238	0.00650
19	0.01056	0.01023	0.01699	0.15228	0.59360	0.02747	0.04244	0.01335	0.02045	0.01395	0.00902	0.02693	0.00771	0.00449	0.00465	0.00139	0.01631	0.01936	0.00228	0.00652
20	0.00829	0.00751	0.01153	0.04068	0.30348	0.02768	0.04693	0.01015	0.00976	0.01307	0.03125	0.28210	0.09945	0.00881	0.00513	0.00158	0.00417	0.07999	0.00325	0.00516
21	0.01109	0.01043	0.03039	0.10844	0.60246	0.02110	0.01267	0.02517	0.03999	0.04340	0.00986	0.01215	0.02578	0.00445	0.00467	0.00137	0.02323	0.00414	0.00246	0.00673
22	0.01201	0.02464	0.09411	0.06225	0.09285	0.05905	0.10290	0.11362	0.01175	0.15262	0.02855	0.16276	0.02988	0.00671	0.00489	0.00147	0.01501	0.01546	0.00349	0.00599
23	0.01072	0.01023	0.05508	0.15185	0.46248	0.00977	0.08268	0.01347	0.01010	0.06946	0.01061	0.04904	0.02231	0.00486	0.00461	0.00141	0.00538	0.01699	0.00255	0.00641
24	0.02891	0.01000	0.01604	0.17961	0.35651	0.01122	0.06271	0.05331	0.02813	0.03153	0.00836	0.01117	0.00682	0.00499	0.00650	0.00150	0.17009	0.00406	0.00237	0.00616

[dist]
# distance from previous block
# <min> <max>
0	50

# created by:
# /st0/software/busco_prod/Augustus/scripts/msa2prfl.pl ./align_prep/31700.fa
