[name]
unknown

[dist]
# distance from previous block
# <min> <max>
0	39

[block]
# block no. 0 follows, 62 sequences, length 23
# corresponding to MSA columns:
# 251-271,282,283
name=unknown_A
#
# <colnr> <probs for GDERKNQSTAVLIFYWHMCP>
#	G	D	E	R	K	N	Q	S	T	A	V	L	I	F	Y	W	H	M	C	P
0	0.03183	0.06631	0.03278	0.01075	0.08612	0.04936	0.00834	0.45559	0.02709	0.05261	0.01153	0.01544	0.00956	0.00577	0.00433	0.00135	0.00469	0.11645	0.00370	0.00641
1	0.01092	0.02836	0.01523	0.23262	0.35306	0.03355	0.05154	0.13864	0.06661	0.01522	0.00882	0.01095	0.00689	0.00426	0.00424	0.00131	0.00521	0.00387	0.00254	0.00617
2	0.00963	0.00961	0.01467	0.44319	0.31392	0.07376	0.03321	0.01220	0.00921	0.01199	0.00763	0.01073	0.00606	0.00415	0.00443	0.00135	0.02306	0.00374	0.00200	0.00549
3	0.00847	0.00735	0.00891	0.00711	0.03479	0.00615	0.00544	0.01025	0.00892	0.01359	0.05895	0.01264	0.06790	0.00441	0.00431	0.00085	0.07107	0.00344	0.00269	0.66276
4	0.01090	0.00963	0.01600	0.09418	0.64710	0.00988	0.01216	0.01359	0.03121	0.07302	0.00878	0.01099	0.00705	0.00411	0.00455	0.00131	0.03280	0.00385	0.00237	0.00653
5	0.00618	0.00417	0.00486	0.00486	0.00493	0.00424	0.00285	0.00633	0.00625	0.00841	0.01321	0.02674	0.01499	0.76916	0.10230	0.00439	0.00485	0.00603	0.00255	0.00270
6	0.00964	0.00954	0.09586	0.04959	0.05711	0.10301	0.00740	0.06661	0.06194	0.08239	0.01641	0.33767	0.04305	0.00831	0.00497	0.00148	0.02949	0.00712	0.00341	0.00501
7	0.00606	0.00404	0.00516	0.00565	0.00603	0.00384	0.00377	0.00679	0.00815	0.03803	0.09081	0.49193	0.02500	0.24196	0.00982	0.00235	0.00298	0.04054	0.00368	0.00341
8	0.01199	0.16725	0.11138	0.02471	0.05331	0.11984	0.03275	0.15317	0.08846	0.05347	0.00934	0.01067	0.00741	0.01745	0.07731	0.00177	0.04754	0.00356	0.00277	0.00585
9	0.00541	0.00384	0.00495	0.00571	0.00601	0.00362	0.00380	0.00612	0.00806	0.01071	0.04492	0.64716	0.05295	0.14224	0.00792	0.00208	0.00274	0.03464	0.00376	0.00335
10	0.01163	0.01203	0.14319	0.05830	0.12982	0.04726	0.10434	0.18828	0.09196	0.07185	0.07684	0.01321	0.02187	0.00494	0.00437	0.00133	0.00502	0.00432	0.00319	0.00623
11	0.00526	0.00431	0.00456	0.00450	0.00578	0.00369	0.00332	0.00643	0.00987	0.01221	0.16864	0.03866	0.64581	0.06091	0.00603	0.00158	0.00225	0.00860	0.00399	0.00360
12	0.01202	0.03200	0.01313	0.01181	0.08298	0.29633	0.09721	0.07723	0.10267	0.01370	0.06986	0.01335	0.05235	0.01415	0.00544	0.00134	0.09198	0.00422	0.00282	0.00539
13	0.00922	0.20233	0.61853	0.01132	0.01695	0.01143	0.04796	0.01332	0.00896	0.01273	0.00730	0.00862	0.00545	0.00394	0.00380	0.00126	0.00595	0.00304	0.00182	0.00608
14	0.00521	0.00377	0.00493	0.00585	0.00620	0.00350	0.00396	0.00600	0.00829	0.01094	0.02477	0.77578	0.08229	0.01312	0.00541	0.00171	0.00248	0.02835	0.00395	0.00348
15	0.01122	0.00822	0.00959	0.00809	0.01045	0.00875	0.03325	0.21627	0.26493	0.09335	0.14914	0.07231	0.08205	0.00685	0.00457	0.00139	0.00347	0.00580	0.00433	0.00596
16	0.01570	0.01992	0.01224	0.01150	0.04194	0.80415	0.00839	0.01685	0.01197	0.01054	0.00663	0.00777	0.00553	0.00436	0.00385	0.00110	0.00758	0.00278	0.00219	0.00500
17	0.00541	0.00433	0.00484	0.00471	0.00598	0.00375	0.00353	0.00684	0.01060	0.01363	0.34121	0.03744	0.52276	0.00998	0.00502	0.00140	0.00210	0.00849	0.00423	0.00375
18	0.00882	0.00756	0.00882	0.00630	0.01008	0.00567	0.00504	0.01071	0.00882	0.01387	0.00756	0.00882	0.00630	0.00315	0.00315	0.00063	0.00315	0.00252	0.00252	0.87647
19	0.00941	0.01074	0.06243	0.01635	0.09748	0.00998	0.50933	0.01243	0.00950	0.01311	0.01016	0.06512	0.00900	0.00517	0.00579	0.00151	0.08180	0.06286	0.00234	0.00549
20	0.00981	0.00756	0.00850	0.00724	0.00925	0.00786	0.00562	0.26173	0.08688	0.01750	0.12172	0.13038	0.11567	0.06908	0.00610	0.00154	0.03177	0.00620	0.00386	0.09173
21	0.02761	0.07305	0.01244	0.00947	0.02452	0.09921	0.00763	0.42875	0.11014	0.05917	0.05913	0.01178	0.00961	0.00529	0.00457	0.00128	0.04219	0.00394	0.00378	0.00645
22	0.81702	0.06995	0.00743	0.00572	0.00843	0.01008	0.00480	0.01252	0.00734	0.01843	0.00592	0.00691	0.00467	0.00393	0.00264	0.00129	0.00338	0.00230	0.00257	0.00467

[dist]
# distance from previous block
# <min> <max>
0	1

[block]
# block no. 1 follows, 62 sequences, length 12
# corresponding to MSA columns:
# 285-296
name=unknown_B
#
# <colnr> <probs for GDERKNQSTAVLIFYWHMCP>
#	G	D	E	R	K	N	Q	S	T	A	V	L	I	F	Y	W	H	M	C	P
0	0.01009	0.00870	0.05476	0.04204	0.04565	0.04670	0.00727	0.16794	0.07360	0.05777	0.06646	0.01561	0.01148	0.05523	0.27197	0.00325	0.03887	0.01426	0.00311	0.00523
1	0.00910	0.00481	0.00512	0.00473	0.00605	0.00482	0.00364	0.07268	0.01020	0.06513	0.07075	0.01646	0.01266	0.00525	0.00330	0.00106	0.00229	0.00424	0.69328	0.00442
2	0.00659	0.00482	0.00647	0.00634	0.00706	0.00535	0.00467	0.02240	0.05549	0.01071	0.07028	0.02010	0.01385	0.21776	0.49494	0.03348	0.00819	0.00514	0.00267	0.00370
3	0.00626	0.00449	0.00538	0.00520	0.00639	0.00408	0.00388	0.00809	0.03213	0.04327	0.42056	0.11511	0.28560	0.00952	0.00496	0.00140	0.00219	0.00824	0.02923	0.00401
4	0.00940	0.09352	0.14463	0.12736	0.38171	0.00993	0.04215	0.01222	0.00962	0.01342	0.10592	0.01263	0.01028	0.00446	0.00417	0.00128	0.00500	0.00406	0.00231	0.00591
5	0.00689	0.00425	0.00577	0.00579	0.00628	0.00421	0.00407	0.04064	0.00799	0.01078	0.13384	0.18211	0.06806	0.01416	0.07013	0.41907	0.00370	0.00634	0.00295	0.00297
6	0.00992	0.00956	0.01329	0.10611	0.01460	0.07000	0.15588	0.08316	0.10676	0.01312	0.00985	0.03240	0.00864	0.09410	0.06071	0.00212	0.19756	0.00454	0.00260	0.00507
7	0.00628	0.00434	0.00508	0.00516	0.00625	0.00383	0.00372	0.00736	0.00953	0.07041	0.13336	0.26790	0.38944	0.06010	0.00606	0.00166	0.00245	0.00921	0.00406	0.00381
8	0.05127	0.00954	0.01387	0.20039	0.26591	0.01030	0.04773	0.19733	0.05988	0.06384	0.00984	0.03405	0.00769	0.00466	0.00424	0.00134	0.00487	0.00411	0.00295	0.00620
9	0.01271	0.52280	0.05407	0.00913	0.03482	0.22185	0.00811	0.07111	0.01037	0.01158	0.00652	0.00748	0.00563	0.00396	0.00322	0.00101	0.00544	0.00258	0.00210	0.00553
10	0.34582	0.04617	0.01062	0.00889	0.04536	0.04298	0.00698	0.22842	0.06426	0.03469	0.00811	0.00905	0.00628	0.00489	0.00489	0.00136	0.11934	0.00319	0.00305	0.00566
11	0.04815	0.00872	0.01116	0.14155	0.13921	0.03827	0.00832	0.03217	0.22439	0.12160	0.01295	0.06783	0.02503	0.00565	0.00496	0.00140	0.06585	0.00462	0.00330	0.03489

[dist]
# distance from previous block
# <min> <max>
0	132

[block]
# block no. 2 follows, 62 sequences, length 26
# corresponding to MSA columns:
# 456-479,481,482
name=unknown_C
#
# <colnr> <probs for GDERKNQSTAVLIFYWHMCP>
#	G	D	E	R	K	N	Q	S	T	A	V	L	I	F	Y	W	H	M	C	P
0	0.13934	0.01083	0.01128	0.03933	0.04510	0.13914	0.04280	0.16868	0.06337	0.06628	0.06248	0.01128	0.00896	0.00504	0.00497	0.00129	0.09310	0.00371	0.00312	0.07989
1	0.01130	0.09175	0.01654	0.02860	0.01509	0.12080	0.28053	0.09822	0.05380	0.04314	0.02967	0.05358	0.03917	0.00528	0.00526	0.00136	0.07944	0.00469	0.01628	0.00549
2	0.02730	0.00818	0.00904	0.00824	0.04963	0.03953	0.00608	0.27651	0.03455	0.05562	0.12758	0.04484	0.14868	0.08676	0.03742	0.00181	0.02347	0.00568	0.00380	0.00528
3	0.01078	0.01053	0.03778	0.26598	0.22346	0.06334	0.05690	0.14712	0.01084	0.01446	0.00797	0.01052	0.00630	0.00505	0.01906	0.00147	0.09651	0.00379	0.00238	0.00575
4	0.51068	0.06788	0.00877	0.00736	0.04920	0.00967	0.00567	0.05208	0.05678	0.05213	0.09096	0.01086	0.00942	0.00477	0.00364	0.00131	0.03482	0.00331	0.01560	0.00507
5	0.00980	0.00889	0.04459	0.15686	0.04331	0.02655	0.03785	0.09706	0.20260	0.04473	0.07199	0.04657	0.09309	0.00610	0.00489	0.00138	0.04660	0.00508	0.00337	0.04868
6	0.01091	0.00930	0.00980	0.00872	0.01119	0.01073	0.00681	0.06812	0.77019	0.01832	0.01691	0.01555	0.01266	0.00573	0.00433	0.00143	0.00344	0.00475	0.00433	0.00676
7	0.05067	0.04712	0.07564	0.01005	0.05514	0.02893	0.06583	0.24656	0.01242	0.08275	0.00917	0.02157	0.00703	0.00442	0.00424	0.00114	0.03585	0.00351	0.00311	0.23487
8	0.00962	0.00871	0.01303	0.19916	0.28698	0.02302	0.00999	0.03446	0.01952	0.03161	0.02732	0.04449	0.00850	0.00511	0.00552	0.00133	0.11986	0.02464	0.00242	0.12469
9	0.00912	0.00726	0.03971	0.06028	0.15715	0.04042	0.00697	0.01121	0.01075	0.11596	0.32835	0.02185	0.07772	0.00778	0.04254	0.00156	0.00382	0.00571	0.04679	0.00504
10	0.00887	0.00821	0.03475	0.04835	0.22564	0.00804	0.02353	0.02923	0.02100	0.02400	0.04451	0.13912	0.01186	0.02986	0.00612	0.00140	0.12129	0.02462	0.00271	0.18692
11	0.00544	0.00428	0.00491	0.00485	0.00602	0.00375	0.00360	0.00687	0.01053	0.01369	0.35567	0.09627	0.44871	0.01013	0.00505	0.00142	0.00212	0.00869	0.00425	0.00375
12	0.00934	0.01091	0.12606	0.10442	0.33937	0.01980	0.02753	0.01186	0.01858	0.01254	0.02343	0.06442	0.00822	0.00545	0.00654	0.00146	0.19786	0.00432	0.00218	0.00568
13	0.01366	0.11983	0.03487	0.02947	0.01277	0.48510	0.00836	0.03008	0.01056	0.04016	0.00703	0.00861	0.00593	0.00594	0.03977	0.00146	0.13608	0.00302	0.00223	0.00507
14	0.00896	0.00875	0.01017	0.00902	0.00928	0.09830	0.00701	0.00965	0.00702	0.00964	0.00827	0.01501	0.00875	0.26301	0.04455	0.00264	0.46943	0.00439	0.00213	0.00403
15	0.00942	0.00898	0.01527	0.38750	0.47119	0.00982	0.01251	0.01209	0.00916	0.01256	0.00781	0.01089	0.00627	0.00400	0.00423	0.00133	0.00533	0.00379	0.00201	0.00585
16	0.01221	0.00539	0.00673	0.00571	0.00766	0.00492	0.00452	0.01406	0.01084	0.35238	0.16108	0.01817	0.01604	0.00576	0.00388	0.00119	0.00267	0.00477	0.35668	0.00533
17	0.02438	0.02540	0.03203	0.14678	0.09733	0.08740	0.14433	0.04975	0.09711	0.02768	0.11003	0.03259	0.02833	0.00603	0.02690	0.00151	0.03902	0.00472	0.00287	0.01580
18	0.00687	0.00387	0.00518	0.00518	0.00525	0.00383	0.00330	0.00579	0.00597	0.00788	0.01118	0.01932	0.05044	0.29494	0.01774	0.54033	0.00376	0.00479	0.00220	0.00218
19	0.09541	0.08589	0.01257	0.01091	0.06002	0.60786	0.00801	0.01615	0.01120	0.04530	0.00697	0.00798	0.00568	0.00429	0.00368	0.00112	0.00669	0.00279	0.00233	0.00515
20	0.00703	0.03782	0.02980	0.00738	0.00832	0.04085	0.00592	0.00843	0.00717	0.00997	0.01113	0.03747	0.01923	0.08220	0.58222	0.00538	0.08880	0.00464	0.00229	0.00396
21	0.01109	0.03598	0.18925	0.06886	0.13939	0.10949	0.06779	0.11643	0.12589	0.02494	0.04078	0.01222	0.02939	0.00476	0.00423	0.00131	0.00532	0.00401	0.00280	0.00607
22	0.03936	0.00636	0.05443	0.02377	0.00834	0.03620	0.00542	0.00920	0.08788	0.01263	0.10072	0.44752	0.03843	0.03482	0.02756	0.00181	0.00339	0.05434	0.00369	0.00414
23	0.01130	0.09997	0.21046	0.04326	0.15941	0.05452	0.07397	0.15562	0.04640	0.02624	0.00847	0.00985	0.00651	0.00432	0.00440	0.00127	0.03679	0.00353	0.00253	0.04120
24	0.02960	0.06321	0.01066	0.03210	0.18758	0.04029	0.03681	0.02286	0.02367	0.06434	0.01340	0.01647	0.06838	0.04811	0.03919	0.00157	0.00419	0.03673	0.20328	0.05755
25	0.01044	0.01041	0.02789	0.04887	0.01129	0.19669	0.00637	0.06211	0.01050	0.03014	0.05752	0.05020	0.07595	0.00523	0.00412	0.00105	0.02656	0.00409	0.02772	0.33288

[dist]
# distance from previous block
# <min> <max>
5	12

[block]
# block no. 3 follows, 62 sequences, length 20
# corresponding to MSA columns:
# 505-524
name=unknown_D
#
# <colnr> <probs for GDERKNQSTAVLIFYWHMCP>
#	G	D	E	R	K	N	Q	S	T	A	V	L	I	F	Y	W	H	M	C	P
0	0.03609	0.07523	0.01616	0.13692	0.52496	0.01090	0.01161	0.09011	0.01029	0.01448	0.00787	0.01019	0.00645	0.00407	0.00432	0.00128	0.02689	0.00363	0.00227	0.00629
1	0.12809	0.18174	0.09895	0.00888	0.01174	0.25435	0.00783	0.05384	0.10186	0.01335	0.00835	0.00986	0.00693	0.04053	0.04086	0.00155	0.02033	0.00316	0.00249	0.00531
2	0.14054	0.06785	0.01361	0.19260	0.29767	0.16651	0.00992	0.01302	0.00945	0.01303	0.00829	0.01033	0.03148	0.00424	0.00384	0.00125	0.00530	0.00343	0.00219	0.00546
3	0.00873	0.02037	0.00955	0.07239	0.09563	0.11478	0.03988	0.02169	0.01990	0.04174	0.13980	0.18384	0.07474	0.00874	0.02249	0.00158	0.00426	0.11189	0.00339	0.00460
4	0.00584	0.00405	0.00507	0.00560	0.00627	0.00369	0.00389	0.00674	0.00878	0.04474	0.06587	0.54906	0.19601	0.05028	0.00603	0.00174	0.00253	0.02619	0.00398	0.00364
5	0.13292	0.02851	0.07506	0.01098	0.08414	0.05267	0.09270	0.15803	0.02007	0.09729	0.04918	0.05468	0.00972	0.00541	0.00492	0.00137	0.07372	0.01486	0.02803	0.00573
6	0.04940	0.20292	0.18865	0.04518	0.06586	0.14307	0.00955	0.10074	0.01061	0.04056	0.00757	0.00870	0.00595	0.00412	0.00377	0.00114	0.01809	0.00298	0.00238	0.08877
7	0.01084	0.01042	0.01668	0.06347	0.72337	0.03846	0.01262	0.04755	0.01016	0.01420	0.00803	0.01046	0.00667	0.00389	0.00420	0.00127	0.00516	0.00376	0.00219	0.00660
8	0.00762	0.04128	0.07331	0.02039	0.06287	0.01870	0.00631	0.04337	0.02296	0.01202	0.09773	0.03617	0.12600	0.06894	0.17609	0.11650	0.02514	0.02483	0.00283	0.01693
9	0.00532	0.00385	0.00504	0.00583	0.00626	0.00357	0.00401	0.00626	0.00871	0.01162	0.10860	0.68553	0.07717	0.01263	0.00538	0.00168	0.00245	0.03852	0.00403	0.00354
10	0.00724	0.00615	0.02675	0.02164	0.03119	0.02484	0.00549	0.05060	0.03944	0.01463	0.30355	0.13770	0.13874	0.00937	0.02113	0.00157	0.05060	0.06964	0.03540	0.00433
11	0.00556	0.00401	0.00511	0.00580	0.00626	0.00377	0.00406	0.00644	0.00841	0.01105	0.05414	0.50893	0.11449	0.12915	0.00769	0.00204	0.00284	0.11305	0.00378	0.00343
12	0.00954	0.18668	0.23076	0.13799	0.12993	0.01098	0.03410	0.04183	0.07571	0.01301	0.00958	0.04501	0.02063	0.00549	0.03001	0.00145	0.00533	0.00388	0.00231	0.00576
13	0.00600	0.00433	0.00539	0.00520	0.00617	0.00400	0.00386	0.00770	0.01100	0.01529	0.58158	0.03282	0.14408	0.08422	0.00647	0.00161	0.00229	0.03997	0.03419	0.00382
14	0.00617	0.00454	0.00620	0.00620	0.00679	0.00499	0.00459	0.00728	0.00718	0.00999	0.04968	0.02307	0.05235	0.25029	0.47599	0.00524	0.02552	0.04781	0.00263	0.00349
15	0.00751	0.00528	0.00657	0.00623	0.00702	0.00566	0.00448	0.06926	0.04704	0.03166	0.06483	0.05210	0.03833	0.32147	0.23503	0.04534	0.02597	0.01949	0.00297	0.00377
16	0.03382	0.08134	0.44489	0.01020	0.04328	0.00898	0.02261	0.04452	0.01005	0.01449	0.16733	0.01584	0.06247	0.00546	0.00420	0.00132	0.00485	0.01610	0.00266	0.00558
17	0.03169	0.01750	0.00850	0.00729	0.00863	0.05722	0.04302	0.09268	0.08225	0.02884	0.06824	0.03261	0.04824	0.31941	0.06503	0.00274	0.05550	0.00535	0.00307	0.02219
18	0.00915	0.09723	0.10841	0.06583	0.05873	0.06393	0.07786	0.04328	0.05813	0.03445	0.03024	0.22831	0.04683	0.00710	0.00447	0.00139	0.00447	0.02673	0.00300	0.03046
19	0.07299	0.18558	0.25028	0.01102	0.08431	0.11699	0.01014	0.09824	0.01039	0.02622	0.02495	0.00969	0.01753	0.00512	0.02465	0.00137	0.03916	0.00323	0.00236	0.00577

[dist]
# distance from previous block
# <min> <max>
0	159

[block]
# block no. 4 follows, 62 sequences, length 21
# corresponding to MSA columns:
# 692-712
name=unknown_E
#
# <colnr> <probs for GDERKNQSTAVLIFYWHMCP>
#	G	D	E	R	K	N	Q	S	T	A	V	L	I	F	Y	W	H	M	C	P
0	0.26598	0.04713	0.09299	0.11537	0.09716	0.08630	0.12473	0.02364	0.02072	0.01447	0.00801	0.00984	0.02431	0.00433	0.00428	0.00134	0.04840	0.00344	0.00230	0.00528
1	0.02046	0.00879	0.01396	0.14061	0.45030	0.00912	0.03104	0.02759	0.08502	0.02462	0.02918	0.06350	0.05172	0.00512	0.00435	0.00134	0.00459	0.00474	0.00264	0.02132
2	0.00761	0.00745	0.06807	0.00696	0.00872	0.03118	0.00581	0.06461	0.12673	0.01435	0.15015	0.15984	0.24111	0.00899	0.00521	0.00148	0.03486	0.04838	0.00385	0.00464
3	0.00721	0.00885	0.17199	0.02584	0.03309	0.02160	0.03929	0.00938	0.02781	0.02727	0.02635	0.40491	0.01760	0.03412	0.06781	0.00202	0.03960	0.00777	0.00308	0.02441
4	0.00526	0.00378	0.00501	0.00597	0.00629	0.00353	0.00407	0.00607	0.00827	0.01097	0.02394	0.78682	0.04945	0.01318	0.00544	0.00173	0.00253	0.05024	0.00395	0.00348
5	0.88052	0.00823	0.00625	0.00560	0.00823	0.00955	0.00461	0.01251	0.00724	0.01909	0.00592	0.00691	0.00461	0.00395	0.00263	0.00132	0.00329	0.00230	0.00263	0.00461
6	0.01032	0.00952	0.04136	0.21943	0.17489	0.05660	0.00932	0.11814	0.12096	0.03535	0.08142	0.04725	0.03212	0.00543	0.00434	0.00135	0.00460	0.00466	0.01722	0.00570
7	0.00570	0.00421	0.00532	0.00532	0.00623	0.00383	0.00389	0.00730	0.01087	0.01492	0.53658	0.20749	0.15261	0.00999	0.00511	0.00144	0.00213	0.00882	0.00442	0.00383
8	0.01060	0.07451	0.34260	0.01135	0.06170	0.01061	0.04920	0.12392	0.17255	0.04414	0.02860	0.01211	0.02961	0.00479	0.00415	0.00133	0.00504	0.00393	0.00292	0.00636
9	0.00570	0.00457	0.00514	0.00524	0.00640	0.00421	0.00383	0.00777	0.07661	0.01286	0.17470	0.22831	0.42803	0.01060	0.00506	0.00149	0.00230	0.00914	0.00411	0.00390
10	0.01487	0.20859	0.01437	0.01013	0.01265	0.64874	0.00801	0.01603	0.01129	0.01032	0.00643	0.00748	0.00548	0.00422	0.00359	0.00105	0.00697	0.00264	0.00211	0.00505
11	0.00533	0.00395	0.00499	0.00560	0.00620	0.00361	0.00391	0.00635	0.00905	0.01194	0.14337	0.55493	0.17697	0.01213	0.00531	0.00162	0.00239	0.03471	0.00406	0.00358
12	0.01533	0.00923	0.01037	0.00842	0.01134	0.04157	0.00679	0.20261	0.23828	0.34782	0.05132	0.01440	0.01159	0.00549	0.00430	0.00134	0.00388	0.00442	0.00462	0.00686
13	0.00913	0.10283	0.65640	0.01192	0.01754	0.03444	0.05960	0.01342	0.00903	0.01296	0.00743	0.00888	0.00547	0.00408	0.00425	0.00132	0.03020	0.00317	0.00183	0.00609
14	0.00610	0.00447	0.00638	0.00638	0.00699	0.00507	0.00475	0.00731	0.00670	0.00954	0.01181	0.01902	0.01164	0.20118	0.66569	0.00628	0.00989	0.00490	0.00234	0.00355
15	0.00627	0.00432	0.00524	0.00526	0.00633	0.00386	0.00385	0.00763	0.01020	0.05918	0.29740	0.24597	0.28427	0.01027	0.00503	0.00146	0.00226	0.00896	0.02831	0.00391
16	0.05997	0.07764	0.01394	0.11050	0.07728	0.47073	0.06445	0.01485	0.01053	0.01139	0.00681	0.00857	0.00562	0.00434	0.00435	0.00121	0.04749	0.00309	0.00213	0.00511
17	0.03002	0.11219	0.19147	0.06854	0.06640	0.04099	0.05429	0.01070	0.00840	0.01152	0.02712	0.03227	0.03080	0.21797	0.02877	0.00209	0.00511	0.00439	0.00229	0.05467
18	0.02979	0.19813	0.22861	0.04968	0.09041	0.13553	0.06054	0.06187	0.02658	0.01299	0.00737	0.00892	0.00589	0.00429	0.00447	0.00125	0.06258	0.00320	0.00214	0.00576
19	0.13154	0.04778	0.37699	0.01109	0.01570	0.00971	0.15630	0.03388	0.02463	0.05410	0.00843	0.01023	0.00637	0.03737	0.00464	0.00141	0.00546	0.00352	0.00233	0.05854
20	0.01009	0.04362	0.07947	0.04302	0.06793	0.05792	0.04920	0.06551	0.17559	0.01477	0.01160	0.01384	0.03320	0.00492	0.00423	0.00118	0.02308	0.04982	0.00293	0.24808

[dist]
# distance from previous block
# <min> <max>
0	16

[block]
# block no. 5 follows, 62 sequences, length 29
# corresponding to MSA columns:
# 729-757
name=unknown_F
#
# <colnr> <probs for GDERKNQSTAVLIFYWHMCP>
#	G	D	E	R	K	N	Q	S	T	A	V	L	I	F	Y	W	H	M	C	P
0	0.04653	0.01071	0.05243	0.00963	0.04963	0.07668	0.00755	0.10258	0.43848	0.02532	0.01411	0.01408	0.03315	0.00543	0.00446	0.00135	0.03059	0.01360	0.00365	0.06005
1	0.01328	0.05516	0.01177	0.04361	0.03648	0.27128	0.00778	0.19244	0.10389	0.06235	0.01100	0.07549	0.00939	0.00630	0.02248	0.00143	0.04300	0.02402	0.00320	0.00568
2	0.00893	0.00848	0.01438	0.54766	0.31487	0.00969	0.01226	0.01166	0.00893	0.01196	0.00772	0.01105	0.00606	0.00409	0.00424	0.00136	0.00545	0.00378	0.00197	0.00545
3	0.00613	0.00446	0.00611	0.00612	0.00658	0.00497	0.00438	0.00707	0.00668	0.00938	0.01266	0.06864	0.01320	0.31116	0.48949	0.00550	0.02607	0.00554	0.00247	0.00338
4	0.00518	0.00370	0.00494	0.00592	0.00617	0.00346	0.00395	0.00592	0.00815	0.01086	0.02345	0.84768	0.02814	0.01333	0.00543	0.00173	0.00247	0.01210	0.00395	0.00346
5	0.00526	0.00375	0.00502	0.00601	0.00628	0.00352	0.00407	0.00605	0.00822	0.01094	0.02341	0.81357	0.02799	0.01326	0.00545	0.00174	0.00253	0.04550	0.00395	0.00348
6	0.01100	0.03358	0.07528	0.04084	0.22208	0.08379	0.35528	0.04766	0.01031	0.03213	0.00824	0.01054	0.00641	0.00402	0.00488	0.00135	0.04023	0.00416	0.00225	0.00598
7	0.01145	0.27621	0.10770	0.05454	0.21231	0.17669	0.04865	0.01361	0.00960	0.01165	0.00695	0.00867	0.00583	0.00404	0.00405	0.00117	0.03609	0.00309	0.00198	0.00571
8	0.01637	0.01161	0.01258	0.00965	0.01304	0.01274	0.00797	0.75825	0.01950	0.07902	0.01064	0.01049	0.00745	0.00512	0.00426	0.00128	0.00461	0.00386	0.00432	0.00724
9	0.01053	0.01011	0.01727	0.02612	0.82392	0.01011	0.01306	0.01306	0.00969	0.01390	0.00800	0.01053	0.00674	0.00379	0.00421	0.00126	0.00505	0.00379	0.00211	0.00674
10	0.00600	0.00459	0.00554	0.00526	0.00644	0.00424	0.00395	0.00829	0.05287	0.01567	0.57992	0.03332	0.23996	0.00908	0.00499	0.00137	0.00212	0.00788	0.00448	0.00405
11	0.01589	0.02028	0.01206	0.01096	0.01315	0.83338	0.00822	0.01699	0.01206	0.01041	0.00658	0.00767	0.00548	0.00438	0.00384	0.00110	0.00767	0.00274	0.00219	0.00493
12	0.05612	0.01090	0.01168	0.00913	0.01230	0.01199	0.00749	0.64325	0.05937	0.07148	0.01111	0.02447	0.00808	0.00523	0.00416	0.00129	0.00435	0.00398	0.03674	0.00690
13	0.00598	0.00462	0.00490	0.00478	0.00626	0.00402	0.00360	0.00756	0.04260	0.05030	0.08482	0.07643	0.66849	0.01032	0.00498	0.00144	0.00228	0.00866	0.00407	0.00391
14	0.00549	0.00388	0.00489	0.00561	0.00613	0.00360	0.00390	0.00648	0.00866	0.01173	0.06616	0.61033	0.12411	0.01205	0.00518	0.00162	0.00242	0.04016	0.07403	0.00356
15	0.03607	0.01310	0.01235	0.02810	0.15263	0.25674	0.00855	0.23860	0.11391	0.05524	0.00990	0.01054	0.00752	0.00470	0.00405	0.00124	0.00532	0.00361	0.03163	0.00618
16	0.00549	0.00403	0.00512	0.00562	0.00626	0.00371	0.00398	0.00662	0.00932	0.01243	0.21309	0.46323	0.14659	0.04049	0.00586	0.00169	0.00246	0.05633	0.00407	0.00360
17	0.03100	0.01145	0.05857	0.02217	0.06663	0.06488	0.00821	0.29969	0.30181	0.05604	0.02748	0.01256	0.00972	0.00519	0.00422	0.00133	0.00441	0.00413	0.00385	0.00667
18	0.00542	0.00423	0.00481	0.00504	0.00607	0.00377	0.00366	0.00671	0.02101	0.01223	0.14005	0.25083	0.44061	0.02731	0.00543	0.00156	0.00232	0.03253	0.02276	0.00366
19	0.20055	0.05746	0.01448	0.05496	0.07254	0.07659	0.24175	0.02243	0.00901	0.04374	0.00878	0.03069	0.00757	0.09016	0.03321	0.00180	0.02266	0.00413	0.00245	0.00505
20	0.00587	0.00419	0.00550	0.00630	0.00695	0.00399	0.00480	0.00714	0.00904	0.01202	0.06198	0.44240	0.09829	0.01203	0.00542	0.00173	0.00287	0.26654	0.03928	0.00367
21	0.01043	0.04586	0.15149	0.10081	0.22524	0.05762	0.11302	0.06524	0.09186	0.02537	0.02360	0.03842	0.00822	0.00465	0.00445	0.00134	0.01966	0.00417	0.00254	0.00602
22	0.00727	0.01042	0.23243	0.00959	0.01213	0.00726	0.10622	0.00960	0.00860	0.01208	0.03138	0.34047	0.05753	0.00843	0.00587	0.00155	0.09878	0.00732	0.00288	0.03018
23	0.00666	0.04448	0.00625	0.00578	0.00685	0.01476	0.00421	0.00833	0.05753	0.05102	0.09579	0.40305	0.23066	0.03753	0.00554	0.00161	0.00267	0.00934	0.00394	0.00400
24	0.00986	0.08611	0.07070	0.31353	0.08436	0.03650	0.00954	0.09214	0.01001	0.01359	0.00769	0.00982	0.00603	0.00395	0.00380	0.00113	0.00488	0.00325	0.00231	0.23082
25	0.50404	0.04747	0.08588	0.00713	0.01007	0.00984	0.00644	0.08173	0.02520	0.06285	0.03146	0.02262	0.00698	0.00460	0.00375	0.00131	0.04696	0.00307	0.00288	0.03571
26	0.04085	0.21301	0.02928	0.00960	0.04769	0.14747	0.00778	0.23618	0.07544	0.04753	0.00923	0.00985	0.01564	0.00516	0.02061	0.00128	0.03022	0.00332	0.00299	0.04687
27	0.00835	0.00707	0.05048	0.00845	0.05769	0.03051	0.03216	0.04090	0.05880	0.06022	0.01283	0.05797	0.01232	0.22824	0.28716	0.00392	0.00680	0.02891	0.00282	0.00440
28	0.02656	0.36109	0.13719	0.05274	0.04003	0.05696	0.02615	0.11486	0.05132	0.03402	0.00806	0.00915	0.00646	0.00520	0.03546	0.00135	0.00525	0.00309	0.00243	0.02262

[dist]
# distance from previous block
# <min> <max>
19	319

[block]
# block no. 6 follows, 62 sequences, length 23
# corresponding to MSA columns:
# 1130-1152
name=unknown_G
#
# <colnr> <probs for GDERKNQSTAVLIFYWHMCP>
#	G	D	E	R	K	N	Q	S	T	A	V	L	I	F	Y	W	H	M	C	P
0	0.06171	0.05903	0.05357	0.07072	0.09551	0.00994	0.06467	0.17178	0.11330	0.04839	0.01426	0.02875	0.10516	0.00559	0.00454	0.00133	0.03239	0.01583	0.00321	0.04032
1	0.01287	0.02150	0.01101	0.03371	0.02266	0.08305	0.03861	0.28535	0.04290	0.12992	0.02194	0.07842	0.06123	0.02774	0.00503	0.00139	0.02376	0.03351	0.00374	0.06167
2	0.03341	0.12701	0.00938	0.00665	0.00867	0.04486	0.00535	0.03844	0.10657	0.07778	0.12096	0.09643	0.21215	0.01887	0.00492	0.00136	0.03392	0.00612	0.00363	0.04353
3	0.01005	0.00796	0.03814	0.00739	0.00934	0.07778	0.03250	0.07483	0.04524	0.14541	0.07625	0.10126	0.20950	0.07661	0.00636	0.00165	0.02709	0.04399	0.00379	0.00487
4	0.10535	0.04422	0.00972	0.00907	0.06692	0.07404	0.00688	0.14152	0.08292	0.07309	0.04890	0.04577	0.06894	0.00721	0.00450	0.00146	0.00407	0.19644	0.00365	0.00532
5	0.10684	0.32190	0.04456	0.00855	0.02073	0.20395	0.00740	0.11983	0.03911	0.01412	0.04279	0.01012	0.03468	0.00459	0.00347	0.00112	0.00500	0.00318	0.00260	0.00545
6	0.00964	0.07586	0.10025	0.00813	0.01213	0.03791	0.06177	0.04532	0.00950	0.01393	0.00759	0.00888	0.00616	0.00344	0.00342	0.00083	0.00411	0.00280	0.00242	0.58591
7	0.00750	0.00542	0.00624	0.00598	0.00731	0.00527	0.00444	0.09532	0.06166	0.05044	0.14486	0.24703	0.26264	0.05726	0.00592	0.00164	0.00277	0.01990	0.00410	0.00432
8	0.00631	0.00507	0.00663	0.00763	0.09518	0.00477	0.00496	0.00833	0.04626	0.01397	0.31536	0.17934	0.25099	0.00953	0.00500	0.00145	0.00257	0.02841	0.00403	0.00421
9	0.03637	0.12137	0.15574	0.01018	0.04028	0.18313	0.00903	0.17634	0.14730	0.02762	0.00944	0.00991	0.00720	0.00454	0.00386	0.00121	0.00524	0.00336	0.00292	0.04498
10	0.04951	0.09174	0.01380	0.06154	0.21870	0.04028	0.05874	0.17794	0.07085	0.01638	0.00975	0.02228	0.00782	0.00552	0.03316	0.00144	0.01338	0.00386	0.09739	0.00591
11	0.00559	0.00571	0.09432	0.00654	0.00743	0.00418	0.00517	0.00676	0.00815	0.01103	0.02130	0.72073	0.02512	0.04899	0.00599	0.00179	0.00296	0.01087	0.00366	0.00373
12	0.00620	0.00487	0.00699	0.00684	0.00762	0.00565	0.00535	0.00765	0.00729	0.01032	0.04264	0.01917	0.09361	0.02719	0.66130	0.00574	0.07015	0.00506	0.00250	0.00385
13	0.01093	0.03546	0.07585	0.16364	0.08574	0.15938	0.18842	0.06089	0.02894	0.03403	0.00885	0.01142	0.00702	0.03374	0.04163	0.00163	0.00623	0.00394	0.03684	0.00541
14	0.01015	0.00987	0.01612	0.20414	0.62396	0.03610	0.01263	0.01270	0.00951	0.01313	0.00786	0.01062	0.00647	0.00391	0.00421	0.00129	0.00527	0.00376	0.00206	0.00624
15	0.00925	0.00954	0.09807	0.00845	0.01114	0.00888	0.04250	0.05726	0.44497	0.01631	0.06777	0.02055	0.17380	0.00662	0.00450	0.00142	0.00360	0.00559	0.00390	0.00588
16	0.00595	0.00405	0.00495	0.00523	0.00546	0.00404	0.00332	0.00647	0.00711	0.00976	0.03830	0.26652	0.01916	0.46051	0.09951	0.00349	0.00424	0.00769	0.04118	0.00306
17	0.01097	0.05059	0.26954	0.04868	0.05714	0.01000	0.28764	0.01484	0.04583	0.13783	0.00972	0.01108	0.00697	0.00417	0.00451	0.00136	0.01629	0.00407	0.00258	0.00616
18	0.00870	0.00632	0.00772	0.09694	0.01026	0.00656	0.00561	0.17900	0.01143	0.05126	0.11716	0.15777	0.17033	0.10129	0.03573	0.00192	0.00374	0.01994	0.00373	0.00459
19	0.10743	0.01047	0.01048	0.00834	0.01150	0.06775	0.00672	0.32641	0.14389	0.04570	0.01022	0.01040	0.00764	0.00458	0.00380	0.00114	0.00413	0.00345	0.00357	0.21235
20	0.00725	0.00379	0.00568	0.00568	0.00577	0.00387	0.00387	0.00577	0.00568	0.00766	0.00783	0.01334	0.00774	0.01664	0.10532	0.78183	0.00453	0.00379	0.00189	0.00206
21	0.01053	0.57094	0.01888	0.00845	0.03025	0.05013	0.07633	0.01193	0.00863	0.01028	0.00790	0.01184	0.00769	0.12562	0.00584	0.00147	0.00485	0.03134	0.00206	0.00502
22	0.00883	0.00810	0.01023	0.06472	0.09721	0.05490	0.04152	0.01080	0.00943	0.01357	0.09722	0.07776	0.01166	0.00479	0.00384	0.00098	0.00378	0.00418	0.00275	0.47373

[dist]
# distance from previous block
# <min> <max>
0	4

[block]
# block no. 7 follows, 62 sequences, length 15
# corresponding to MSA columns:
# 1160-1164,1166-1175
name=unknown_H
#
# <colnr> <probs for GDERKNQSTAVLIFYWHMCP>
#	G	D	E	R	K	N	Q	S	T	A	V	L	I	F	Y	W	H	M	C	P
0	0.01057	0.03726	0.01244	0.30987	0.08019	0.06374	0.03236	0.12798	0.05148	0.04973	0.03782	0.04485	0.00894	0.02675	0.00494	0.00139	0.02969	0.00422	0.00278	0.06299
1	0.00785	0.08301	0.00891	0.00658	0.00888	0.00626	0.01827	0.04151	0.00894	0.01268	0.01421	0.28509	0.04079	0.00903	0.06636	0.00155	0.00377	0.00610	0.00302	0.36720
2	0.24676	0.00890	0.04847	0.00770	0.00956	0.12674	0.05501	0.01044	0.00853	0.01334	0.01309	0.31147	0.01392	0.00970	0.07374	0.00189	0.00469	0.00630	0.00294	0.02678
3	0.06316	0.11668	0.49675	0.01264	0.07540	0.04098	0.09277	0.01363	0.02585	0.01344	0.00761	0.00906	0.00572	0.00397	0.00391	0.00129	0.00589	0.00324	0.00198	0.00602
4	0.00591	0.00417	0.00544	0.00565	0.00600	0.00432	0.00382	0.00666	0.00721	0.00991	0.06497	0.22052	0.01856	0.35244	0.26106	0.00420	0.00579	0.00720	0.00295	0.00324
5	0.01281	0.08985	0.01198	0.00893	0.01185	0.09438	0.00723	0.26823	0.34421	0.01886	0.01215	0.01186	0.00918	0.00501	0.00401	0.00124	0.00431	0.00387	0.00371	0.07632
6	0.00951	0.00724	0.00859	0.00630	0.00980	0.00556	0.00504	0.01136	0.00936	0.09076	0.05962	0.01173	0.03320	0.00392	0.00343	0.00076	0.00310	0.00320	0.00296	0.71456
7	0.03843	0.05277	0.26056	0.11729	0.14091	0.08141	0.07024	0.05778	0.02854	0.05017	0.00920	0.05725	0.00749	0.00468	0.00415	0.00133	0.00554	0.00399	0.00242	0.00586
8	0.00943	0.03642	0.43645	0.01500	0.18114	0.01001	0.11154	0.04575	0.03369	0.01429	0.04050	0.01161	0.00790	0.00438	0.00426	0.00134	0.00573	0.02210	0.00224	0.00620
9	0.00798	0.00432	0.00444	0.00430	0.00541	0.00431	0.00326	0.04105	0.00960	0.01615	0.06863	0.01795	0.05333	0.00550	0.00326	0.00105	0.00210	0.00446	0.73880	0.00408
10	0.00559	0.00433	0.00509	0.00490	0.00609	0.00383	0.00367	0.00719	0.01102	0.01464	0.48227	0.03578	0.38106	0.00960	0.00502	0.00138	0.00207	0.00826	0.00436	0.00383
11	0.01063	0.26596	0.36915	0.01076	0.03622	0.10572	0.04536	0.02941	0.00957	0.03374	0.00799	0.04264	0.00660	0.00437	0.00374	0.00120	0.00568	0.00335	0.00210	0.00581
12	0.01169	0.74302	0.02102	0.00773	0.01113	0.05589	0.00745	0.04414	0.00916	0.01070	0.00610	0.00711	0.00554	0.00390	0.00333	0.00098	0.04129	0.00242	0.00194	0.00547
13	0.00503	0.00431	0.00431	0.00431	0.00575	0.00359	0.00323	0.00611	0.00970	0.01149	0.04310	0.04095	0.82219	0.01078	0.00503	0.00144	0.00216	0.00898	0.00395	0.00359
14	0.00591	0.00406	0.00473	0.00498	0.00528	0.00392	0.00313	0.00638	0.00736	0.00984	0.03464	0.22535	0.10627	0.48517	0.01445	0.00302	0.00338	0.02865	0.04046	0.00302

[dist]
# distance from previous block
# <min> <max>
4	6

[block]
# block no. 8 follows, 62 sequences, length 7
# corresponding to MSA columns:
# 1182-1188
name=unknown_I
#
# <colnr> <probs for GDERKNQSTAVLIFYWHMCP>
#	G	D	E	R	K	N	Q	S	T	A	V	L	I	F	Y	W	H	M	C	P
0	0.40536	0.08053	0.07998	0.00804	0.06324	0.00940	0.00660	0.01299	0.06933	0.01618	0.00745	0.00845	0.00592	0.00387	0.00312	0.00113	0.00374	0.00271	0.00256	0.20939
1	0.00736	0.00440	0.00589	0.00576	0.00621	0.00456	0.00403	0.05072	0.00735	0.01028	0.05162	0.05890	0.01195	0.12569	0.14604	0.41826	0.00477	0.00482	0.06848	0.00291
2	0.25482	0.00927	0.01092	0.15481	0.14201	0.06349	0.00812	0.07983	0.01041	0.21311	0.00957	0.01041	0.00684	0.00442	0.00378	0.00131	0.00447	0.00343	0.00316	0.00584
3	0.00916	0.07679	0.11357	0.06354	0.25040	0.00918	0.06580	0.01225	0.07013	0.01305	0.01156	0.01486	0.04968	0.00631	0.02784	0.04589	0.03273	0.04763	0.07419	0.00545
4	0.08193	0.03592	0.11826	0.01118	0.08240	0.39891	0.00884	0.01518	0.04576	0.05767	0.00912	0.03633	0.00773	0.00595	0.03560	0.00146	0.00627	0.03362	0.00255	0.00533
5	0.03775	0.04648	0.19313	0.00923	0.05234	0.00747	0.03465	0.07372	0.01000	0.04262	0.08948	0.19069	0.01617	0.05285	0.00546	0.00157	0.00416	0.07980	0.00317	0.04925
6	0.01108	0.13566	0.12047	0.03259	0.34565	0.07405	0.04219	0.09261	0.01051	0.01406	0.00801	0.02364	0.00665	0.00431	0.00418	0.01712	0.00524	0.00354	0.00229	0.04616

[dist]
# distance from previous block
# <min> <max>
26	275

[block]
# block no. 9 follows, 62 sequences, length 10
# corresponding to MSA columns:
# 1500-1509
name=unknown_J
#
# <colnr> <probs for GDERKNQSTAVLIFYWHMCP>
#	G	D	E	R	K	N	Q	S	T	A	V	L	I	F	Y	W	H	M	C	P
0	0.03483	0.17459	0.10079	0.17330	0.11089	0.07956	0.00950	0.11017	0.03449	0.01407	0.02941	0.02885	0.00754	0.00445	0.00382	0.00119	0.00500	0.00353	0.00247	0.07154
1	0.08137	0.50642	0.07101	0.00820	0.01155	0.15113	0.00773	0.04699	0.02920	0.01192	0.00679	0.00783	0.00583	0.00493	0.03241	0.00124	0.00530	0.00262	0.00213	0.00541
2	0.00828	0.03923	0.00784	0.04260	0.00896	0.06051	0.00540	0.02289	0.05629	0.07081	0.03947	0.35727	0.03268	0.07654	0.05980	0.00205	0.03922	0.02535	0.00344	0.04138
3	0.00922	0.00879	0.01473	0.29738	0.43796	0.00939	0.03882	0.01204	0.03262	0.01279	0.01105	0.01351	0.07410	0.00458	0.00433	0.00134	0.00505	0.00429	0.00225	0.00577
4	0.05245	0.01205	0.01218	0.00959	0.01280	0.06451	0.00783	0.65878	0.08682	0.02469	0.01041	0.01040	0.00750	0.00507	0.00417	0.00128	0.00470	0.00378	0.00406	0.00694
5	0.00739	0.00370	0.00554	0.00554	0.00554	0.00370	0.00370	0.00554	0.00554	0.00739	0.00739	0.01293	0.00739	0.01478	0.01663	0.87620	0.00370	0.00370	0.00185	0.00185
6	0.01147	0.01027	0.01237	0.07145	0.12725	0.06720	0.04206	0.17737	0.28549	0.01699	0.02733	0.01284	0.00956	0.00658	0.04771	0.00166	0.05864	0.00424	0.00333	0.00619
7	0.00556	0.00439	0.00506	0.00495	0.00619	0.00382	0.00367	0.00698	0.01036	0.01357	0.32561	0.12277	0.41721	0.00998	0.00499	0.00140	0.00217	0.00858	0.00416	0.03856
8	0.10991	0.03143	0.03375	0.05899	0.05642	0.16117	0.00777	0.16723	0.06174	0.07073	0.04256	0.01177	0.03679	0.00512	0.00473	0.00128	0.07219	0.00374	0.00309	0.05959
9	0.05444	0.09785	0.05202	0.04298	0.11709	0.06264	0.07703	0.08434	0.04702	0.02573	0.04251	0.03202	0.00859	0.00647	0.03667	0.03399	0.12936	0.00396	0.00257	0.04273

[dist]
# distance from previous block
# <min> <max>
0	229

# created by:
# /st0/software/busco_prod/Augustus/scripts/msa2prfl.pl ./align_prep/31728.fa
