[name]
unknown

[dist]
# distance from previous block
# <min> <max>
0	83

[block]
# block no. 0 follows, 68 sequences, length 19
# corresponding to MSA columns:
# 92-110
name=unknown_A
#
# <colnr> <probs for GDERKNQSTAVLIFYWHMCP>
#	G	D	E	R	K	N	Q	S	T	A	V	L	I	F	Y	W	H	M	C	P
0	0.00531	0.00395	0.00512	0.02263	0.00658	0.00387	0.00409	0.00687	0.06551	0.01085	0.04957	0.70503	0.04497	0.01150	0.00496	0.00157	0.00244	0.03798	0.00369	0.00349
1	0.01025	0.00843	0.00899	0.00798	0.01025	0.00963	0.00623	0.06196	0.72945	0.04533	0.04505	0.01501	0.01265	0.00543	0.00405	0.00133	0.00316	0.00451	0.00407	0.00623
2	0.00485	0.00351	0.00459	0.00542	0.00573	0.00325	0.00364	0.00560	0.00781	0.01037	0.05287	0.78060	0.07285	0.01213	0.00503	0.00158	0.00227	0.01095	0.00371	0.00325
3	0.00913	0.00961	0.03733	0.16136	0.22373	0.02804	0.33499	0.04353	0.02078	0.01267	0.02102	0.06275	0.00774	0.00424	0.00431	0.00130	0.00546	0.00450	0.00219	0.00533
4	0.02947	0.03014	0.02574	0.28698	0.14145	0.00868	0.08111	0.05199	0.02368	0.02330	0.00763	0.00989	0.00601	0.00390	0.00423	0.00115	0.05380	0.00336	0.03464	0.17283
5	0.01025	0.00872	0.01356	0.02935	0.04132	0.00819	0.23089	0.11060	0.00994	0.08384	0.00823	0.00965	0.00631	0.00376	0.00440	0.00104	0.06405	0.00342	0.00260	0.34990
6	0.04351	0.02912	0.01137	0.08599	0.01300	0.02747	0.03265	0.48905	0.13019	0.03009	0.04037	0.01133	0.00853	0.02408	0.00430	0.00128	0.00424	0.00381	0.00356	0.00604
7	0.04424	0.01284	0.01037	0.00886	0.01115	0.36663	0.00693	0.18283	0.03177	0.15226	0.00943	0.04880	0.00746	0.00531	0.01824	0.00125	0.04840	0.00351	0.00305	0.02667
8	0.04807	0.00597	0.00730	0.00646	0.00801	0.00633	0.00503	0.16496	0.00965	0.11437	0.02872	0.04509	0.05004	0.10191	0.33099	0.00347	0.00621	0.00459	0.03216	0.02067
9	0.00696	0.00560	0.00650	0.00589	0.00730	0.02193	0.01841	0.07812	0.09165	0.01463	0.35910	0.10118	0.19351	0.02367	0.00490	0.00133	0.01388	0.00684	0.00387	0.03474
10	0.05976	0.00837	0.01134	0.04196	0.11144	0.04762	0.05273	0.07432	0.00894	0.13241	0.03455	0.03808	0.00828	0.00803	0.09454	0.00192	0.25405	0.00396	0.00265	0.00504
11	0.01417	0.01017	0.01095	0.00855	0.01146	0.01119	0.00701	0.68417	0.05791	0.04983	0.01052	0.02667	0.00772	0.00493	0.00391	0.00119	0.00405	0.00379	0.06535	0.00644
12	0.00654	0.00402	0.00445	0.00439	0.00544	0.00377	0.00327	0.00826	0.02613	0.03928	0.18174	0.09980	0.21462	0.00734	0.00388	0.00117	0.00201	0.00621	0.37397	0.00373
13	0.02187	0.00530	0.02532	0.00572	0.01644	0.00485	0.00439	0.02200	0.09003	0.06244	0.25593	0.14458	0.27948	0.00847	0.00465	0.00133	0.01595	0.00724	0.00384	0.02014
14	0.88866	0.00767	0.00583	0.00521	0.00767	0.00889	0.00429	0.01166	0.00675	0.01779	0.00552	0.00644	0.00429	0.00368	0.00245	0.00123	0.00307	0.00215	0.00245	0.00429
15	0.01078	0.07121	0.01567	0.05710	0.01485	0.18060	0.26182	0.06703	0.00942	0.03745	0.00728	0.00948	0.00591	0.00574	0.04744	0.00156	0.18593	0.00363	0.00215	0.00496
16	0.00577	0.00384	0.00432	0.00432	0.00432	0.00384	0.00240	0.00577	0.00577	0.00769	0.01249	0.02595	0.01441	0.86066	0.02018	0.00384	0.00384	0.00577	0.00240	0.00240
17	0.00871	0.00705	0.03627	0.00688	0.00864	0.00710	0.00552	0.16759	0.18424	0.04277	0.18054	0.13611	0.09201	0.03486	0.04017	0.00162	0.02518	0.00607	0.00376	0.00488
18	0.43344	0.18263	0.03824	0.00664	0.03310	0.05566	0.00556	0.02089	0.00781	0.01428	0.00819	0.03892	0.04740	0.00422	0.00289	0.00109	0.00360	0.00291	0.00235	0.09019

[dist]
# distance from previous block
# <min> <max>
2	29

[block]
# block no. 1 follows, 68 sequences, length 16
# corresponding to MSA columns:
# 140-155
name=unknown_B
#
# <colnr> <probs for GDERKNQSTAVLIFYWHMCP>
#	G	D	E	R	K	N	Q	S	T	A	V	L	I	F	Y	W	H	M	C	P
0	0.01092	0.10577	0.06904	0.06139	0.06619	0.01015	0.18437	0.14249	0.10045	0.07398	0.04531	0.02590	0.00898	0.00519	0.02058	0.00139	0.02477	0.00411	0.00295	0.03608
1	0.00820	0.01021	0.12622	0.01258	0.01573	0.02782	0.44934	0.02631	0.00885	0.01203	0.01098	0.18669	0.01043	0.01958	0.05459	0.00171	0.00582	0.00573	0.00236	0.00483
2	0.00832	0.03518	0.34664	0.01281	0.01713	0.00908	0.37677	0.01180	0.00867	0.01214	0.00948	0.01180	0.04772	0.03767	0.03575	0.00157	0.00609	0.00413	0.00197	0.00527
3	0.00491	0.00370	0.00451	0.00498	0.00561	0.00334	0.00346	0.00581	0.00839	0.01091	0.12335	0.49634	0.26227	0.03651	0.00536	0.00155	0.00221	0.00978	0.00372	0.00329
4	0.00642	0.00403	0.00477	0.00461	0.00564	0.00372	0.00343	0.00799	0.00970	0.05211	0.36816	0.09232	0.16096	0.02717	0.00454	0.00127	0.00204	0.00662	0.23077	0.00373
5	0.00643	0.00453	0.00573	0.05104	0.00766	0.00440	0.00447	0.00839	0.07341	0.06866	0.12585	0.37006	0.18582	0.00979	0.00475	0.00146	0.00257	0.05732	0.00377	0.00388
6	0.01491	0.00660	0.00871	0.04920	0.01038	0.00603	0.00578	0.05829	0.03069	0.60427	0.06063	0.01664	0.09843	0.00558	0.00410	0.00125	0.00329	0.00459	0.00452	0.00610
7	0.01123	0.00923	0.00986	0.06015	0.01167	0.03861	0.00684	0.27511	0.41079	0.01816	0.01300	0.04609	0.01007	0.00534	0.00418	0.00129	0.02205	0.00429	0.03605	0.00599
8	0.11797	0.01231	0.19902	0.00963	0.01313	0.05518	0.10124	0.22486	0.04634	0.02756	0.02502	0.00953	0.00669	0.00462	0.01736	0.00128	0.03868	0.00334	0.00270	0.08355
9	0.05611	0.02857	0.01015	0.00844	0.01096	0.10484	0.00670	0.24722	0.44787	0.01810	0.01237	0.01183	0.00925	0.00493	0.00385	0.00125	0.00396	0.00384	0.00366	0.00609
10	0.02813	0.00823	0.02910	0.03395	0.01038	0.02193	0.02663	0.12669	0.12161	0.02482	0.05095	0.01251	0.02668	0.01967	0.04902	0.04558	0.30457	0.00398	0.05081	0.00476
11	0.00491	0.00372	0.00454	0.00507	0.00573	0.00335	0.00358	0.00583	0.00840	0.01084	0.09275	0.50210	0.28248	0.01127	0.00493	0.00150	0.00222	0.03974	0.00373	0.00332
12	0.00785	0.05613	0.46099	0.06132	0.01555	0.00877	0.10856	0.01173	0.05111	0.01221	0.02996	0.06328	0.06898	0.00494	0.00419	0.00129	0.02146	0.00423	0.00218	0.00527
13	0.00499	0.00361	0.00468	0.00529	0.00572	0.00334	0.00362	0.00590	0.00832	0.01117	0.17282	0.63022	0.08234	0.03157	0.00532	0.00158	0.00224	0.01019	0.00378	0.00331
14	0.00577	0.00398	0.00573	0.00583	0.00631	0.00435	0.00428	0.00648	0.00645	0.00906	0.04309	0.11855	0.01286	0.10047	0.50063	0.14798	0.00749	0.00522	0.00236	0.00311
15	0.00970	0.25537	0.04900	0.18274	0.19662	0.04136	0.06419	0.06153	0.02830	0.01182	0.00798	0.00984	0.02477	0.00484	0.03491	0.00132	0.00506	0.00330	0.00206	0.00528

[dist]
# distance from previous block
# <min> <max>
0	2

[block]
# block no. 2 follows, 68 sequences, length 8
# corresponding to MSA columns:
# 158-165
name=unknown_C
#
# <colnr> <probs for GDERKNQSTAVLIFYWHMCP>
#	G	D	E	R	K	N	Q	S	T	A	V	L	I	F	Y	W	H	M	C	P
0	0.00843	0.00704	0.04317	0.03053	0.12813	0.00671	0.00642	0.07965	0.07981	0.06064	0.20733	0.11846	0.03536	0.06869	0.00581	0.00146	0.04288	0.00560	0.00332	0.06058
1	0.04662	0.06304	0.25953	0.00943	0.03026	0.07695	0.00920	0.22999	0.02679	0.11118	0.01032	0.01070	0.04949	0.00467	0.00419	0.00122	0.04428	0.00347	0.00288	0.00580
2	0.07435	0.07182	0.16267	0.00914	0.03002	0.07133	0.03225	0.07220	0.37092	0.03143	0.01116	0.01111	0.00839	0.00453	0.00372	0.00123	0.00423	0.00359	0.00305	0.02287
3	0.69407	0.00803	0.00764	0.05176	0.10213	0.00914	0.00572	0.05779	0.00774	0.01726	0.00605	0.00721	0.00471	0.00374	0.00278	0.00122	0.00344	0.00246	0.00245	0.00466
4	0.02835	0.04119	0.06598	0.12469	0.28697	0.05631	0.04487	0.07817	0.07232	0.05772	0.06882	0.02496	0.00914	0.00447	0.00409	0.00123	0.01864	0.00389	0.00260	0.00558
5	0.00530	0.00389	0.00519	0.06684	0.00718	0.00384	0.00409	0.00616	0.00766	0.01017	0.07116	0.52791	0.05653	0.15860	0.00758	0.00195	0.00281	0.04655	0.00336	0.00322
6	0.02255	0.05059	0.12983	0.14851	0.09024	0.07912	0.07822	0.07087	0.03044	0.02859	0.11427	0.01387	0.03581	0.00620	0.04852	0.00152	0.02395	0.01936	0.00254	0.00500
7	0.00870	0.00778	0.01173	0.17208	0.30776	0.03309	0.03703	0.03114	0.03322	0.03003	0.04024	0.11428	0.01008	0.00575	0.02903	0.00136	0.00440	0.00457	0.03078	0.08696

[dist]
# distance from previous block
# <min> <max>
8	10

[block]
# block no. 3 follows, 68 sequences, length 10
# corresponding to MSA columns:
# 179-188
name=unknown_D
#
# <colnr> <probs for GDERKNQSTAVLIFYWHMCP>
#	G	D	E	R	K	N	Q	S	T	A	V	L	I	F	Y	W	H	M	C	P
0	0.00882	0.00801	0.00824	0.02944	0.05600	0.09151	0.00585	0.09330	0.24280	0.01462	0.15170	0.02109	0.21635	0.00668	0.00448	0.00128	0.02587	0.00548	0.00356	0.00492
1	0.00486	0.00396	0.00430	0.00435	0.00550	0.00340	0.00321	0.00598	0.00926	0.01154	0.17498	0.12492	0.61001	0.00996	0.00472	0.00135	0.00202	0.00847	0.00380	0.00340
2	0.00955	0.00921	0.01165	0.19722	0.06286	0.12262	0.11140	0.01398	0.22377	0.04359	0.01241	0.08360	0.03820	0.00539	0.00433	0.00132	0.01996	0.02102	0.00282	0.00509
3	0.03822	0.02360	0.01187	0.02807	0.08368	0.12883	0.07410	0.22079	0.10924	0.18554	0.01091	0.01166	0.00804	0.00464	0.00393	0.00121	0.00455	0.02488	0.02028	0.00594
4	0.00574	0.00411	0.00494	0.00517	0.00621	0.00374	0.00401	0.00706	0.00919	0.03646	0.15232	0.16783	0.34327	0.00988	0.00479	0.00145	0.00241	0.17682	0.05103	0.00357
5	0.04332	0.17514	0.17690	0.04319	0.08770	0.01010	0.08739	0.07512	0.04203	0.15072	0.00956	0.02845	0.01866	0.00434	0.00398	0.00120	0.03035	0.00355	0.00265	0.00568
6	0.01186	0.00898	0.01151	0.05394	0.24031	0.03982	0.00812	0.22404	0.09412	0.13294	0.07315	0.01304	0.03613	0.00481	0.00400	0.00120	0.00404	0.00406	0.00335	0.03060
7	0.00520	0.00379	0.00451	0.00475	0.00533	0.00352	0.00321	0.00586	0.00782	0.01016	0.10881	0.27739	0.25689	0.21555	0.03212	0.03772	0.00282	0.00817	0.00332	0.00306
8	0.00844	0.02674	0.01112	0.33092	0.10777	0.04185	0.03303	0.04036	0.05520	0.01196	0.05774	0.01276	0.04149	0.02009	0.00499	0.03036	0.04568	0.00387	0.01992	0.09572
9	0.00742	0.03394	0.00699	0.03303	0.02309	0.03415	0.00471	0.03082	0.06861	0.05675	0.15350	0.17887	0.19265	0.03490	0.00481	0.00134	0.00286	0.02305	0.00348	0.10502

[dist]
# distance from previous block
# <min> <max>
2	16

[block]
# block no. 4 follows, 68 sequences, length 20
# corresponding to MSA columns:
# 205-224
name=unknown_E
#
# <colnr> <probs for GDERKNQSTAVLIFYWHMCP>
#	G	D	E	R	K	N	Q	S	T	A	V	L	I	F	Y	W	H	M	C	P
0	0.00855	0.00823	0.02426	0.10387	0.24081	0.05063	0.08446	0.02405	0.04469	0.01204	0.03702	0.06405	0.02208	0.02518	0.08693	0.00182	0.07699	0.00438	0.05177	0.02821
1	0.01184	0.41928	0.03724	0.00790	0.01086	0.05767	0.00715	0.17766	0.09155	0.06609	0.00817	0.00869	0.00652	0.00472	0.01991	0.00117	0.05245	0.00293	0.00262	0.00557
2	0.02412	0.00509	0.00627	0.00600	0.00665	0.02121	0.00443	0.02037	0.00767	0.04602	0.09882	0.15915	0.05099	0.19229	0.15614	0.00279	0.11481	0.00598	0.06760	0.00359
3	0.00547	0.00375	0.00477	0.00529	0.00590	0.00341	0.00367	0.00635	0.00833	0.04856	0.09480	0.60675	0.16565	0.01130	0.00491	0.00151	0.00226	0.01008	0.00380	0.00345
4	0.00805	0.00466	0.00589	0.00537	0.00675	0.00422	0.00409	0.02692	0.01056	0.17828	0.41215	0.12483	0.15432	0.00812	0.00452	0.00129	0.00230	0.00704	0.02637	0.00428
5	0.00513	0.00387	0.00475	0.00509	0.00587	0.00352	0.00372	0.00629	0.00900	0.01181	0.22519	0.32907	0.26417	0.02629	0.00518	0.00150	0.00226	0.08006	0.00382	0.00341
6	0.04191	0.00696	0.00764	0.00703	0.00882	0.00767	0.00542	0.04599	0.46613	0.04168	0.14955	0.12817	0.03529	0.00686	0.00425	0.00136	0.00286	0.02312	0.00399	0.00530
7	0.12419	0.00984	0.01026	0.00820	0.01104	0.01095	0.00669	0.52938	0.15718	0.04601	0.01046	0.01035	0.00757	0.00473	0.00375	0.00121	0.00387	0.00357	0.03451	0.00625
8	0.01043	0.78869	0.05831	0.00741	0.01094	0.01515	0.04143	0.01194	0.00813	0.00962	0.00569	0.00663	0.00512	0.00341	0.00269	0.00089	0.00442	0.00226	0.00171	0.00513
9	0.01556	0.01083	0.01136	0.00882	0.01189	0.06793	0.00723	0.61959	0.01679	0.17387	0.01042	0.01009	0.00720	0.00474	0.00394	0.00119	0.00437	0.00358	0.00401	0.00660
10	0.88866	0.00767	0.00583	0.00521	0.00767	0.00889	0.00429	0.01166	0.00675	0.01779	0.00552	0.00644	0.00429	0.00368	0.00245	0.00123	0.00307	0.00215	0.00245	0.00429
11	0.01281	0.03736	0.01166	0.06865	0.10563	0.55363	0.00812	0.01450	0.03917	0.02677	0.02783	0.00896	0.00657	0.00513	0.03331	0.00128	0.02859	0.00301	0.00219	0.00482
12	0.00504	0.00368	0.00465	0.00526	0.00574	0.00341	0.00364	0.00589	0.00807	0.01062	0.09451	0.55582	0.14534	0.07639	0.00615	0.00172	0.00241	0.05477	0.00364	0.00325
13	0.01113	0.00853	0.00928	0.00780	0.01017	0.00943	0.00621	0.29741	0.36818	0.04715	0.14154	0.01590	0.03809	0.00571	0.00413	0.00127	0.00334	0.00468	0.00408	0.00598
14	0.00752	0.00566	0.00628	0.00623	0.00732	0.00494	0.00436	0.00802	0.01061	0.01411	0.27559	0.16110	0.36199	0.09612	0.00725	0.00202	0.00304	0.00877	0.00449	0.00459
15	0.00768	0.00486	0.00575	0.00578	0.00677	0.03345	0.00417	0.02205	0.03458	0.13316	0.08384	0.45361	0.08663	0.00981	0.00507	0.03936	0.00266	0.00828	0.04854	0.00395
16	0.02462	0.02551	0.24838	0.12186	0.16236	0.02067	0.16729	0.04706	0.06939	0.02376	0.02800	0.01038	0.00690	0.00401	0.00420	0.00127	0.02290	0.00369	0.00220	0.00559
17	0.00572	0.00402	0.00501	0.00512	0.00545	0.00417	0.00345	0.00634	0.00663	0.00911	0.02903	0.14320	0.05424	0.43305	0.18046	0.00363	0.02521	0.03388	0.03935	0.00296
18	0.01059	0.28003	0.07658	0.00852	0.05853	0.13588	0.00714	0.05527	0.03699	0.07796	0.09724	0.02927	0.05830	0.00583	0.03309	0.00128	0.01598	0.00381	0.00267	0.00506
19	0.01902	0.04160	0.08776	0.09711	0.05578	0.09066	0.01697	0.05954	0.02860	0.05439	0.04878	0.15160	0.02055	0.02183	0.07723	0.00175	0.05073	0.01621	0.00271	0.05719

[dist]
# distance from previous block
# <min> <max>
6	15

[block]
# block no. 5 follows, 68 sequences, length 16
# corresponding to MSA columns:
# 243-258
name=unknown_F
#
# <colnr> <probs for GDERKNQSTAVLIFYWHMCP>
#	G	D	E	R	K	N	Q	S	T	A	V	L	I	F	Y	W	H	M	C	P
0	0.00732	0.00537	0.00703	0.03123	0.03363	0.00560	0.02475	0.07886	0.00899	0.04125	0.14848	0.12991	0.08516	0.21401	0.03751	0.00214	0.06100	0.03271	0.04120	0.00385
1	0.01100	0.01278	0.01239	0.01044	0.01259	0.40730	0.20009	0.02763	0.01011	0.01105	0.01137	0.13804	0.04782	0.00573	0.00417	0.00123	0.00573	0.03742	0.02862	0.00449
2	0.00771	0.01525	0.51513	0.01104	0.01540	0.00846	0.13732	0.01135	0.00825	0.01195	0.00936	0.01225	0.03396	0.00777	0.11627	0.00199	0.03095	0.03842	0.00194	0.00525
3	0.03746	0.00733	0.00893	0.10257	0.01169	0.00653	0.02137	0.02646	0.10468	0.01337	0.00872	0.00981	0.02131	0.00353	0.00325	0.00082	0.00331	0.00290	0.00253	0.60342
4	0.00588	0.00441	0.00575	0.00592	0.00635	0.00474	0.00437	0.00672	0.00706	0.00951	0.01675	0.16335	0.07880	0.28479	0.15409	0.00317	0.07791	0.15441	0.00283	0.00320
5	0.14270	0.10522	0.01003	0.00729	0.00961	0.00956	0.01446	0.14668	0.22630	0.10364	0.01092	0.01152	0.00839	0.02233	0.06581	0.02058	0.03472	0.00358	0.04126	0.00541
6	0.00959	0.00969	0.01411	0.30518	0.46591	0.10430	0.01126	0.01189	0.00890	0.01162	0.00717	0.00977	0.00581	0.00374	0.00390	0.00121	0.00518	0.00342	0.00190	0.00545
7	0.01392	0.01213	0.01096	0.00905	0.01174	0.20336	0.00721	0.41990	0.20280	0.05256	0.01051	0.01035	0.00772	0.00475	0.00389	0.00119	0.00468	0.00356	0.00358	0.00614
8	0.71555	0.00745	0.00640	0.00563	0.00795	0.00847	0.02050	0.03679	0.03389	0.01766	0.10033	0.00953	0.00842	0.00427	0.00285	0.00123	0.00304	0.00289	0.00276	0.00439
9	0.00609	0.00609	0.10054	0.00609	0.00757	0.00452	0.03013	0.01696	0.01821	0.02172	0.12178	0.20222	0.25502	0.02924	0.00653	0.12552	0.00299	0.03200	0.00320	0.00359
10	0.08278	0.00839	0.01155	0.53271	0.11477	0.06649	0.00983	0.05415	0.04206	0.01211	0.00769	0.02673	0.00607	0.00417	0.00383	0.00128	0.00497	0.00354	0.00211	0.00480
11	0.00793	0.00739	0.01187	0.69415	0.08504	0.00897	0.01056	0.01153	0.10145	0.01107	0.00811	0.01100	0.00613	0.00409	0.00397	0.00131	0.00500	0.00363	0.00204	0.00476
12	0.00745	0.00580	0.00638	0.00622	0.00729	0.04693	0.00454	0.05538	0.16267	0.02798	0.11689	0.29198	0.08416	0.03226	0.02423	0.10212	0.00311	0.00708	0.00350	0.00401
13	0.02633	0.00859	0.00918	0.00773	0.00989	0.05958	0.00613	0.37082	0.06053	0.08849	0.05660	0.10912	0.02284	0.02102	0.12245	0.00201	0.00483	0.00483	0.00361	0.00543
14	0.00840	0.00704	0.00860	0.00620	0.00963	0.00539	0.02992	0.01021	0.00845	0.03407	0.03932	0.00926	0.00720	0.00320	0.00308	0.00065	0.00302	0.00265	0.00248	0.80123
15	0.43831	0.00752	0.00898	0.00873	0.10319	0.00799	0.10089	0.04119	0.00823	0.01517	0.01351	0.04027	0.16892	0.00524	0.00361	0.00127	0.01561	0.00418	0.00267	0.00452

[dist]
# distance from previous block
# <min> <max>
2	6

[block]
# block no. 6 follows, 68 sequences, length 22
# corresponding to MSA columns:
# 265-286
name=unknown_G
#
# <colnr> <probs for GDERKNQSTAVLIFYWHMCP>
#	G	D	E	R	K	N	Q	S	T	A	V	L	I	F	Y	W	H	M	C	P
0	0.07462	0.03945	0.00920	0.02940	0.02742	0.00695	0.01674	0.07221	0.06362	0.08681	0.00926	0.05590	0.00767	0.00405	0.00332	0.00089	0.00327	0.00328	0.00283	0.48310
1	0.00970	0.05043	0.05079	0.07650	0.18951	0.11848	0.26029	0.02219	0.00903	0.01171	0.00817	0.03747	0.00709	0.00507	0.02557	0.00142	0.07672	0.03266	0.00207	0.00515
2	0.37470	0.03389	0.01011	0.00909	0.08303	0.14465	0.02824	0.21431	0.01090	0.04676	0.00721	0.00798	0.00547	0.00403	0.00326	0.00117	0.00433	0.00282	0.00278	0.00526
3	0.00818	0.00751	0.01238	0.68986	0.02474	0.00899	0.06424	0.08172	0.00895	0.01161	0.00788	0.04224	0.00625	0.00431	0.00405	0.00132	0.00519	0.00389	0.00204	0.00463
4	0.01161	0.00589	0.00675	0.00569	0.00762	0.00587	0.00453	0.12246	0.06373	0.25632	0.01347	0.01370	0.00973	0.00477	0.00337	0.00108	0.00271	0.00381	0.45171	0.00516
5	0.00649	0.00428	0.00497	0.00484	0.00607	0.00380	0.00360	0.00776	0.01977	0.10015	0.14479	0.15842	0.41372	0.04894	0.00533	0.00147	0.00231	0.02640	0.03313	0.00376
6	0.00596	0.00432	0.00547	0.00596	0.00664	0.00428	0.00454	0.00771	0.05986	0.01121	0.07440	0.24564	0.07161	0.16311	0.00778	0.00202	0.00306	0.29706	0.01590	0.00347
7	0.00555	0.00405	0.00496	0.00515	0.00597	0.00375	0.00368	0.00710	0.04346	0.03073	0.26256	0.36012	0.20569	0.03203	0.00519	0.00148	0.00221	0.00885	0.00389	0.00359
8	0.14717	0.06578	0.01040	0.00766	0.01051	0.01024	0.00634	0.38365	0.10396	0.15859	0.01057	0.01034	0.00753	0.00459	0.00360	0.00118	0.00374	0.00343	0.04464	0.00607
9	0.06808	0.00747	0.00924	0.00723	0.01002	0.00722	0.00590	0.19402	0.01213	0.53786	0.01292	0.01208	0.00855	0.00558	0.00491	0.07905	0.00358	0.00374	0.00427	0.00616
10	0.08355	0.00495	0.00635	0.00603	0.00730	0.00480	0.05824	0.00807	0.05350	0.01280	0.19304	0.22235	0.22626	0.01832	0.00478	0.00144	0.00268	0.07815	0.00361	0.00379
11	0.00793	0.08456	0.67329	0.01063	0.01574	0.00922	0.04184	0.01189	0.00831	0.01209	0.00832	0.08316	0.00693	0.00448	0.00382	0.00126	0.00545	0.00366	0.00186	0.00555
12	0.00941	0.00878	0.01430	0.28081	0.40678	0.00949	0.05869	0.06616	0.08156	0.01317	0.00826	0.01052	0.00650	0.00390	0.00399	0.00125	0.00485	0.00368	0.00222	0.00567
13	0.02138	0.04924	0.02378	0.01158	0.10674	0.44041	0.07942	0.04294	0.08172	0.01144	0.00786	0.00988	0.00665	0.06578	0.00511	0.00132	0.02421	0.00329	0.00228	0.00495
14	0.03710	0.00915	0.01499	0.11920	0.68775	0.02287	0.01155	0.01186	0.00886	0.01268	0.00791	0.01026	0.02084	0.00371	0.00389	0.00120	0.00472	0.00356	0.00199	0.00592
15	0.00540	0.00401	0.00501	0.00556	0.00612	0.00390	0.00391	0.00690	0.06228	0.01066	0.04404	0.52374	0.11440	0.08861	0.03268	0.00192	0.00282	0.07105	0.00356	0.00342
16	0.00648	0.00407	0.00473	0.00470	0.00567	0.00388	0.00354	0.02545	0.00947	0.02556	0.25969	0.11363	0.12674	0.01850	0.00425	0.00125	0.00213	0.05342	0.32317	0.00370
17	0.00588	0.00432	0.00584	0.00575	0.00639	0.00474	0.00422	0.00746	0.04514	0.01007	0.12236	0.02002	0.01485	0.23301	0.48671	0.00482	0.00740	0.00503	0.00258	0.00341
18	0.00738	0.00654	0.00892	0.03749	0.14407	0.03736	0.04958	0.01005	0.09859	0.01277	0.16354	0.25004	0.04402	0.00739	0.00439	0.00131	0.00331	0.02798	0.00323	0.08205
19	0.00670	0.00459	0.00554	0.00551	0.00655	0.00441	0.00403	0.00893	0.10153	0.07813	0.19321	0.27746	0.17407	0.07581	0.00590	0.00161	0.00250	0.03573	0.00386	0.00393
20	0.03524	0.21634	0.11456	0.03906	0.02791	0.28172	0.06425	0.09155	0.04978	0.02188	0.00740	0.01970	0.00600	0.00406	0.00350	0.00109	0.00548	0.00301	0.00225	0.00523
21	0.01785	0.00643	0.00921	0.18517	0.04736	0.00698	0.03934	0.09020	0.05453	0.07846	0.03683	0.01511	0.02722	0.08788	0.11133	0.12128	0.01578	0.02479	0.00267	0.02156

[dist]
# distance from previous block
# <min> <max>
0	19

[block]
# block no. 7 follows, 68 sequences, length 10
# corresponding to MSA columns:
# 310-319
name=unknown_H
#
# <colnr> <probs for GDERKNQSTAVLIFYWHMCP>
#	G	D	E	R	K	N	Q	S	T	A	V	L	I	F	Y	W	H	M	C	P
0	0.02206	0.01124	0.17748	0.07701	0.05640	0.05733	0.11717	0.13167	0.08367	0.01456	0.07300	0.03146	0.01885	0.01977	0.00467	0.00133	0.03481	0.02712	0.03515	0.00527
1	0.00525	0.02834	0.00512	0.00504	0.00583	0.00382	0.00364	0.00631	0.00875	0.01146	0.20468	0.34711	0.24591	0.05991	0.00570	0.00157	0.00233	0.04215	0.00370	0.00339
2	0.05116	0.01063	0.01205	0.05837	0.01326	0.04088	0.05869	0.61718	0.01615	0.03557	0.00954	0.02698	0.00717	0.00482	0.00398	0.00122	0.00454	0.01798	0.00359	0.00621
3	0.01438	0.05559	0.01196	0.00874	0.01183	0.01182	0.00725	0.70966	0.01724	0.04397	0.00979	0.03660	0.00733	0.00488	0.00390	0.00117	0.00422	0.00371	0.00381	0.03215
4	0.00879	0.00738	0.00853	0.00614	0.00964	0.00587	0.00493	0.07747	0.00909	0.01392	0.00725	0.00833	0.00594	0.00309	0.00302	0.00064	0.00305	0.00245	0.00248	0.81197
5	0.00485	0.00362	0.00452	0.00515	0.00567	0.00328	0.00353	0.00569	0.00816	0.01065	0.08107	0.61814	0.20803	0.01160	0.00495	0.00152	0.00221	0.01034	0.00373	0.00328
6	0.00815	0.08848	0.60571	0.01068	0.01559	0.00936	0.07971	0.01221	0.03209	0.01223	0.03259	0.01025	0.00684	0.05378	0.00473	0.00138	0.00548	0.00335	0.00190	0.00550
7	0.01056	0.00592	0.00737	0.00642	0.00814	0.03150	0.02591	0.04024	0.03088	0.30221	0.06524	0.13137	0.10987	0.12798	0.04785	0.00193	0.00365	0.03441	0.00382	0.00472
8	0.01138	0.01074	0.01091	0.02112	0.01140	0.21072	0.08215	0.23431	0.03766	0.03766	0.05360	0.05796	0.07278	0.02885	0.03999	0.00153	0.06466	0.00450	0.00303	0.00503
9	0.01022	0.01016	0.08029	0.23264	0.16048	0.08879	0.00926	0.15985	0.05233	0.03996	0.07906	0.01242	0.02520	0.01719	0.00422	0.00127	0.00470	0.00389	0.00270	0.00536

[dist]
# distance from previous block
# <min> <max>
0	7

[block]
# block no. 8 follows, 68 sequences, length 13
# corresponding to MSA columns:
# 327-339
name=unknown_I
#
# <colnr> <probs for GDERKNQSTAVLIFYWHMCP>
#	G	D	E	R	K	N	Q	S	T	A	V	L	I	F	Y	W	H	M	C	P
0	0.09715	0.08253	0.03229	0.08776	0.11416	0.31245	0.05245	0.02835	0.00927	0.01151	0.00659	0.00867	0.00556	0.00427	0.00460	0.00118	0.10004	0.01494	0.00204	0.02419
1	0.02608	0.00632	0.00767	0.10019	0.02115	0.02068	0.00578	0.11386	0.11048	0.01374	0.12406	0.12209	0.05529	0.08987	0.05509	0.00190	0.02947	0.07132	0.02058	0.00436
2	0.00532	0.00394	0.00468	0.00498	0.00574	0.00363	0.00351	0.02860	0.00880	0.01161	0.14063	0.40745	0.26774	0.04315	0.00535	0.00152	0.00225	0.00910	0.03859	0.00342
3	0.00889	0.00694	0.00745	0.00683	0.00867	0.00770	0.00531	0.03058	0.51534	0.03321	0.07299	0.03450	0.06814	0.00606	0.00399	0.00129	0.00280	0.03220	0.14177	0.00538
4	0.00534	0.00400	0.00538	0.00569	0.00629	0.00382	0.02726	0.00629	0.00785	0.01037	0.06646	0.41413	0.13263	0.12933	0.07262	0.00225	0.00336	0.09028	0.00337	0.00328
5	0.06973	0.18983	0.06637	0.00974	0.07703	0.02619	0.07863	0.18630	0.07635	0.09032	0.01047	0.02086	0.04146	0.01922	0.01962	0.00130	0.00443	0.00365	0.00289	0.00563
6	0.03701	0.00599	0.02828	0.00655	0.00796	0.00595	0.00522	0.06149	0.19524	0.01386	0.11195	0.24157	0.10814	0.00883	0.00462	0.00147	0.00289	0.14484	0.00376	0.00439
7	0.00792	0.00558	0.03154	0.00585	0.02459	0.00520	0.00453	0.01133	0.14988	0.08841	0.26616	0.02190	0.12549	0.00649	0.00398	0.00119	0.00242	0.00549	0.22754	0.00450
8	0.16973	0.04051	0.00878	0.00674	0.00931	0.04223	0.00551	0.14701	0.01140	0.32473	0.12896	0.01364	0.02402	0.00506	0.00369	0.00118	0.00339	0.00394	0.02651	0.02367
9	0.00602	0.00366	0.00440	0.00487	0.00547	0.00354	0.00350	0.00733	0.00821	0.01249	0.06794	0.40944	0.02016	0.00889	0.00414	0.00132	0.00218	0.06258	0.36036	0.00347
10	0.01040	0.58988	0.10173	0.00747	0.01084	0.06114	0.00743	0.02749	0.03255	0.02588	0.00664	0.00765	0.00571	0.00506	0.05069	0.00123	0.00484	0.00249	0.00193	0.03893
11	0.00883	0.00738	0.00769	0.00686	0.00853	0.07474	0.00535	0.14177	0.18910	0.01679	0.41537	0.02215	0.02364	0.00680	0.00438	0.00127	0.00307	0.04744	0.00400	0.00483
12	0.30641	0.05841	0.05312	0.04422	0.04502	0.09955	0.04678	0.05812	0.00910	0.12941	0.02597	0.06541	0.00801	0.02978	0.00392	0.00129	0.00413	0.00362	0.00280	0.00494

[dist]
# distance from previous block
# <min> <max>
0	17

[block]
# block no. 9 follows, 68 sequences, length 11
# corresponding to MSA columns:
# 357-367
name=unknown_J
#
# <colnr> <probs for GDERKNQSTAVLIFYWHMCP>
#	G	D	E	R	K	N	Q	S	T	A	V	L	I	F	Y	W	H	M	C	P
0	0.01407	0.01907	0.10108	0.01033	0.01279	0.75417	0.00842	0.01548	0.01093	0.01001	0.00624	0.00728	0.00510	0.00405	0.00360	0.00105	0.00701	0.00259	0.00200	0.00473
1	0.00848	0.09983	0.00958	0.00597	0.00948	0.00641	0.00492	0.01019	0.00820	0.01253	0.00688	0.00802	0.00579	0.00299	0.00289	0.00062	0.00308	0.00232	0.00228	0.78953
2	0.00725	0.00553	0.00726	0.00737	0.05706	0.00586	0.02509	0.03621	0.07318	0.02858	0.15271	0.17523	0.09962	0.01964	0.00549	0.00140	0.09489	0.05455	0.13889	0.00419
3	0.00613	0.00441	0.00514	0.00510	0.00540	0.02210	0.00330	0.00686	0.03883	0.00860	0.03109	0.03997	0.01363	0.56003	0.18798	0.04557	0.00518	0.00537	0.00244	0.00285
4	0.05667	0.00626	0.00814	0.00649	0.00908	0.00562	0.00528	0.01655	0.03036	0.60870	0.13888	0.01626	0.03373	0.00546	0.00400	0.00123	0.00304	0.00449	0.03379	0.00598
5	0.01513	0.00868	0.01010	0.00791	0.01082	0.00896	0.00648	0.37535	0.09394	0.34821	0.04014	0.01243	0.00960	0.00499	0.00397	0.00121	0.00370	0.00395	0.02792	0.00652
6	0.00478	0.00365	0.00440	0.00500	0.00561	0.00326	0.00345	0.00558	0.00809	0.01032	0.02816	0.57548	0.30474	0.01160	0.00493	0.00152	0.00220	0.01027	0.00368	0.00326
7	0.00804	0.01992	0.79109	0.01163	0.01737	0.00926	0.06309	0.01257	0.00843	0.01257	0.00717	0.00851	0.00508	0.00374	0.00382	0.00126	0.00591	0.00303	0.00169	0.00583
8	0.02230	0.00445	0.02376	0.00498	0.00602	0.00397	0.00382	0.00716	0.02772	0.01178	0.10107	0.19884	0.29783	0.06005	0.03416	0.00168	0.00268	0.06305	0.12116	0.00352
9	0.01069	0.48228	0.14374	0.02782	0.01218	0.12381	0.02773	0.04966	0.04820	0.01105	0.00700	0.02689	0.00600	0.00392	0.00315	0.00101	0.00487	0.00278	0.00201	0.00522
10	0.02898	0.03564	0.00862	0.00755	0.02768	0.05731	0.02519	0.08804	0.14724	0.02288	0.01185	0.09144	0.01069	0.03196	0.23988	0.00270	0.01601	0.01859	0.05174	0.07599

[dist]
# distance from previous block
# <min> <max>
1	20

[block]
# block no. 10 follows, 68 sequences, length 20
# corresponding to MSA columns:
# 388-407
name=unknown_K
#
# <colnr> <probs for GDERKNQSTAVLIFYWHMCP>
#	G	D	E	R	K	N	Q	S	T	A	V	L	I	F	Y	W	H	M	C	P
0	0.00750	0.00638	0.00936	0.11281	0.20749	0.00682	0.00718	0.02040	0.08036	0.01189	0.05136	0.15518	0.02687	0.04998	0.12268	0.00213	0.03617	0.00533	0.03762	0.04251
1	0.00779	0.00660	0.00919	0.03274	0.07518	0.02275	0.05526	0.06480	0.06679	0.02588	0.02230	0.20028	0.04201	0.06267	0.15340	0.00246	0.11728	0.02545	0.00282	0.00434
2	0.00487	0.00351	0.00458	0.00539	0.00568	0.00326	0.00360	0.00558	0.00769	0.01020	0.04133	0.76569	0.06854	0.04282	0.00558	0.00167	0.00233	0.01083	0.00365	0.00321
3	0.01043	0.00959	0.00937	0.01757	0.01016	0.21103	0.07531	0.07672	0.11572	0.08096	0.11986	0.01793	0.13223	0.05420	0.00501	0.00135	0.00422	0.00486	0.03871	0.00477
4	0.00568	0.00398	0.00514	0.00519	0.00548	0.00425	0.00347	0.00627	0.00610	0.00841	0.01225	0.06568	0.01328	0.49149	0.34152	0.00471	0.00641	0.00546	0.00236	0.00289
5	0.00621	0.00463	0.00661	0.00649	0.00733	0.00531	0.00504	0.05876	0.00723	0.01027	0.01128	0.06965	0.01077	0.02703	0.73726	0.00574	0.00969	0.00466	0.00234	0.00372
6	0.00730	0.01163	0.35586	0.00879	0.01188	0.00698	0.02836	0.02571	0.04778	0.01274	0.10559	0.03647	0.02644	0.06194	0.00562	0.00159	0.01894	0.21887	0.00278	0.00473
7	0.00508	0.00360	0.00463	0.00534	0.00561	0.00341	0.00356	0.00574	0.00745	0.00990	0.03684	0.63204	0.04589	0.16399	0.00777	0.00201	0.00262	0.04794	0.00346	0.00311
8	0.01046	0.81871	0.06389	0.00702	0.01054	0.01535	0.00720	0.01191	0.00807	0.00950	0.00560	0.00647	0.00508	0.00341	0.00261	0.00087	0.00433	0.00216	0.00169	0.00513
9	0.00623	0.00522	0.00891	0.06240	0.01021	0.00501	0.16620	0.00762	0.00815	0.03095	0.03457	0.58520	0.03355	0.00977	0.00487	0.00152	0.00337	0.00916	0.00327	0.00382
10	0.65995	0.01008	0.00729	0.00645	0.00887	0.17104	0.00517	0.06765	0.00843	0.01671	0.00591	0.00679	0.00462	0.00383	0.00277	0.00118	0.00395	0.00232	0.00248	0.00452
11	0.00498	0.00356	0.00477	0.00569	0.00599	0.00335	0.00394	0.00578	0.00774	0.01029	0.02177	0.78042	0.02590	0.01228	0.00510	0.00163	0.00243	0.08745	0.00368	0.00326
12	0.01388	0.01740	0.01217	0.06434	0.03220	0.71901	0.06059	0.01519	0.01086	0.01000	0.00634	0.00766	0.00520	0.00402	0.00368	0.00106	0.00695	0.00277	0.00202	0.00467
13	0.00882	0.00811	0.01111	0.00953	0.01016	0.01059	0.02807	0.09747	0.03492	0.01163	0.02326	0.04959	0.00778	0.00961	0.11220	0.00220	0.55410	0.00407	0.00225	0.00453
14	0.00525	0.00400	0.00486	0.00497	0.00593	0.00361	0.00374	0.00664	0.00971	0.01285	0.35998	0.16365	0.30265	0.00971	0.00482	0.00139	0.00216	0.08659	0.00396	0.00352
15	0.00665	0.00448	0.00557	0.00533	0.00651	0.00415	0.00406	0.02855	0.02628	0.07885	0.42029	0.13530	0.19058	0.00883	0.00469	0.00135	0.00227	0.05819	0.00412	0.00395
16	0.00896	0.00833	0.01396	0.14151	0.45043	0.00861	0.08049	0.06230	0.00929	0.01286	0.02084	0.13465	0.00947	0.00507	0.00429	0.00128	0.01505	0.00482	0.00235	0.00544
17	0.00864	0.00811	0.01335	0.20428	0.33691	0.00872	0.08300	0.03453	0.06181	0.01241	0.02422	0.09516	0.02326	0.00512	0.00467	0.00132	0.05099	0.01587	0.00236	0.00525
18	0.01139	0.00971	0.03257	0.06630	0.23916	0.10639	0.07643	0.10804	0.01026	0.13921	0.00967	0.02728	0.01631	0.02605	0.05279	0.03518	0.02124	0.00386	0.00270	0.00546
19	0.01180	0.13063	0.16976	0.00914	0.01269	0.02557	0.04654	0.36812	0.06424	0.03163	0.03861	0.01022	0.00771	0.01858	0.00402	0.00119	0.00454	0.00347	0.00304	0.03850

[dist]
# distance from previous block
# <min> <max>
5	10

[block]
# block no. 11 follows, 68 sequences, length 12
# corresponding to MSA columns:
# 418-429
name=unknown_L
#
# <colnr> <probs for GDERKNQSTAVLIFYWHMCP>
#	G	D	E	R	K	N	Q	S	T	A	V	L	I	F	Y	W	H	M	C	P
0	0.02822	0.22423	0.04597	0.03774	0.05103	0.06264	0.04822	0.31764	0.07878	0.02777	0.00837	0.00905	0.00644	0.00429	0.00389	0.00114	0.03268	0.00322	0.00285	0.00583
1	0.01381	0.00800	0.03587	0.00736	0.01016	0.00749	0.00615	0.24317	0.03628	0.37271	0.07795	0.01488	0.05618	0.02031	0.02990	0.00140	0.00374	0.00430	0.00416	0.04619
2	0.02800	0.04163	0.01105	0.00947	0.01158	0.57890	0.00729	0.08743	0.08032	0.03039	0.00764	0.00843	0.00611	0.00439	0.00399	0.00109	0.04277	0.00290	0.03168	0.00495
3	0.00596	0.00435	0.00544	0.00544	0.00569	0.00473	0.00366	0.00679	0.03217	0.00894	0.01336	0.16532	0.01482	0.46174	0.16061	0.00361	0.06726	0.00619	0.02089	0.00303
4	0.00495	0.00370	0.00462	0.00517	0.00577	0.00337	0.00364	0.00591	0.00845	0.01105	0.12818	0.53064	0.21680	0.01127	0.00494	0.00151	0.00223	0.04071	0.00377	0.00333
5	0.00569	0.00417	0.00503	0.00529	0.00621	0.00390	0.00400	0.00722	0.03623	0.02521	0.14600	0.22219	0.27040	0.06277	0.00579	0.00162	0.00252	0.15364	0.02860	0.00354
6	0.04992	0.04550	0.02661	0.00770	0.01098	0.00794	0.06064	0.15855	0.03426	0.18021	0.00936	0.00972	0.00687	0.00391	0.00368	0.00097	0.02244	0.00313	0.00313	0.35448
7	0.00522	0.00377	0.00474	0.00508	0.00576	0.00346	0.00363	0.00641	0.00904	0.01230	0.27951	0.40535	0.15687	0.01028	0.00478	0.00143	0.00214	0.03167	0.04513	0.00344
8	0.00805	0.00686	0.00804	0.00585	0.00921	0.00518	0.00465	0.00976	0.00819	0.01278	0.00780	0.05169	0.00691	0.00342	0.00304	0.00064	0.00290	0.00281	0.00242	0.83980
9	0.34929	0.14666	0.03345	0.03341	0.01026	0.22228	0.00617	0.03307	0.03461	0.04267	0.00781	0.00856	0.03198	0.00410	0.00306	0.00112	0.00443	0.00271	0.01966	0.00471
10	0.20513	0.05674	0.00743	0.00623	0.00764	0.00681	0.00484	0.02209	0.00774	0.07294	0.01388	0.33017	0.04110	0.02914	0.00541	0.00143	0.10549	0.00622	0.00302	0.06655
11	0.02748	0.02840	0.11197	0.00771	0.02825	0.09296	0.02812	0.11528	0.01944	0.10731	0.06842	0.07078	0.23364	0.00693	0.01729	0.00132	0.00391	0.00539	0.00328	0.02212

[dist]
# distance from previous block
# <min> <max>
0	25

[block]
# block no. 12 follows, 68 sequences, length 16
# corresponding to MSA columns:
# 455-470
name=unknown_M
#
# <colnr> <probs for GDERKNQSTAVLIFYWHMCP>
#	G	D	E	R	K	N	Q	S	T	A	V	L	I	F	Y	W	H	M	C	P
0	0.26285	0.00830	0.00856	0.02255	0.00993	0.00848	0.00552	0.25927	0.01110	0.04739	0.00794	0.00864	0.00601	0.00387	0.00316	0.00101	0.00342	0.00281	0.04299	0.27621
1	0.50853	0.00602	0.00524	0.00491	0.00636	0.00674	0.00361	0.00926	0.00645	0.01374	0.00867	0.03175	0.00862	0.30175	0.03860	0.00232	0.00356	0.00371	0.02659	0.00357
2	0.00621	0.00415	0.00542	0.00523	0.00619	0.00383	0.00393	0.00784	0.01047	0.06056	0.59922	0.12668	0.06305	0.03096	0.00513	0.00139	0.00216	0.04958	0.00420	0.00379
3	0.00490	0.00365	0.00452	0.00508	0.00562	0.00332	0.00348	0.00575	0.00819	0.01070	0.09924	0.56226	0.21547	0.04151	0.00547	0.00159	0.00225	0.01003	0.00370	0.00327
4	0.00613	0.00467	0.00527	0.00526	0.00623	0.04189	0.00388	0.00751	0.00981	0.03924	0.37790	0.21999	0.18871	0.00918	0.00466	0.00135	0.00234	0.03292	0.02939	0.00367
5	0.32872	0.00600	0.00575	0.00507	0.00694	0.00639	0.00403	0.06126	0.00876	0.12371	0.02988	0.01197	0.00856	0.03160	0.00349	0.00119	0.00271	0.00331	0.34620	0.00446
6	0.16022	0.04566	0.00734	0.00600	0.00761	0.03409	0.00458	0.15712	0.04297	0.04739	0.01109	0.06908	0.01023	0.20606	0.04816	0.00204	0.00383	0.00434	0.12787	0.00433
7	0.01041	0.24790	0.20685	0.01190	0.15046	0.07020	0.06219	0.04904	0.10444	0.03846	0.00814	0.00908	0.00637	0.00389	0.00355	0.00113	0.00491	0.00314	0.00225	0.00571
8	0.19850	0.08715	0.01116	0.00918	0.04475	0.39022	0.00699	0.15594	0.03747	0.01441	0.00692	0.00770	0.00549	0.00408	0.00335	0.00110	0.00532	0.00271	0.00250	0.00507
9	0.00727	0.00520	0.00726	0.06171	0.03487	0.00576	0.00548	0.04570	0.02014	0.04778	0.01282	0.05320	0.05919	0.09819	0.29853	0.11396	0.05888	0.05778	0.00255	0.00371
10	0.00500	0.00388	0.00438	0.00463	0.00559	0.00341	0.00338	0.00607	0.00886	0.01131	0.11780	0.25531	0.47112	0.01028	0.00473	0.00140	0.00212	0.03744	0.03990	0.00338
11	0.00762	0.00641	0.00963	0.06226	0.01085	0.00645	0.15573	0.10147	0.05750	0.01295	0.04286	0.17217	0.15384	0.06494	0.00595	0.02991	0.00373	0.05691	0.03458	0.00425
12	0.00532	0.00400	0.00539	0.00555	0.00626	0.00414	0.00411	0.00649	0.00753	0.01022	0.09617	0.19519	0.16216	0.06128	0.40296	0.00389	0.00622	0.00678	0.00295	0.00340
13	0.00897	0.12259	0.07233	0.16654	0.30516	0.00917	0.03622	0.01114	0.00855	0.05071	0.02543	0.05024	0.04717	0.01576	0.03022	0.00141	0.02689	0.00406	0.00222	0.00523
14	0.03075	0.37722	0.01512	0.06312	0.10462	0.11152	0.00750	0.02713	0.02438	0.01063	0.00691	0.00899	0.00614	0.03792	0.03755	0.00138	0.08575	0.00291	0.03557	0.00487
15	0.02844	0.00613	0.05954	0.00711	0.03766	0.00509	0.00554	0.03689	0.02428	0.07959	0.01660	0.38662	0.01775	0.01899	0.00465	0.00142	0.00309	0.12077	0.01617	0.12366

[dist]
# distance from previous block
# <min> <max>
2	7

[block]
# block no. 13 follows, 68 sequences, length 10
# corresponding to MSA columns:
# 483-492
name=unknown_N
#
# <colnr> <probs for GDERKNQSTAVLIFYWHMCP>
#	G	D	E	R	K	N	Q	S	T	A	V	L	I	F	Y	W	H	M	C	P
0	0.03334	0.08691	0.03619	0.12677	0.09600	0.16177	0.02081	0.20373	0.09993	0.02686	0.02314	0.01037	0.02299	0.00438	0.00374	0.00115	0.00479	0.00343	0.00275	0.03094
1	0.00611	0.00494	0.00652	0.00683	0.05126	0.00503	0.02008	0.00741	0.02267	0.02825	0.10868	0.29681	0.27355	0.00942	0.00568	0.00144	0.10464	0.00798	0.02891	0.00379
2	0.00909	0.00868	0.07083	0.04661	0.23591	0.03059	0.04136	0.13260	0.03429	0.02391	0.02257	0.09510	0.00988	0.04593	0.15041	0.00225	0.00548	0.00458	0.02480	0.00512
3	0.00578	0.00393	0.00483	0.00495	0.00580	0.00357	0.00356	0.00699	0.00920	0.04806	0.27961	0.30808	0.20536	0.03494	0.00513	0.00145	0.00217	0.00843	0.05460	0.00357
4	0.00937	0.06872	0.06868	0.00970	0.07002	0.06307	0.12886	0.06520	0.00943	0.01325	0.03021	0.02311	0.00736	0.00378	0.00353	0.00094	0.00424	0.01789	0.01590	0.38673
5	0.00492	0.00377	0.00442	0.00488	0.00558	0.00339	0.00342	0.00574	0.00811	0.01025	0.02865	0.41219	0.36045	0.08071	0.00616	0.00169	0.00237	0.04651	0.00358	0.00323
6	0.00803	0.00684	0.00802	0.00585	0.00919	0.00517	0.00464	0.00973	0.00819	0.01276	0.00789	0.05636	0.00703	0.00347	0.00306	0.00065	0.00290	0.00285	0.00242	0.83495
7	0.03267	0.00814	0.01124	0.26222	0.13022	0.03583	0.03919	0.07672	0.13782	0.06121	0.07488	0.02460	0.03914	0.00500	0.00446	0.00130	0.04309	0.00424	0.00283	0.00521
8	0.00793	0.05679	0.03308	0.58551	0.02158	0.02779	0.00942	0.04242	0.02337	0.01123	0.03548	0.03624	0.04553	0.00464	0.00391	0.00126	0.00473	0.00397	0.02767	0.01744
9	0.04704	0.11732	0.13673	0.04273	0.19312	0.08504	0.03710	0.09409	0.05227	0.04951	0.01049	0.01137	0.06990	0.00438	0.00370	0.00115	0.00463	0.00357	0.00249	0.03338

[dist]
# distance from previous block
# <min> <max>
2	12

[block]
# block no. 14 follows, 68 sequences, length 12
# corresponding to MSA columns:
# 505-516
name=unknown_O
#
# <colnr> <probs for GDERKNQSTAVLIFYWHMCP>
#	G	D	E	R	K	N	Q	S	T	A	V	L	I	F	Y	W	H	M	C	P
0	0.00769	0.00641	0.00784	0.02321	0.06859	0.03577	0.01648	0.03088	0.16577	0.03246	0.15035	0.06758	0.11772	0.06574	0.12494	0.00220	0.03871	0.01743	0.00325	0.01696
1	0.00477	0.00400	0.00415	0.00416	0.00542	0.00338	0.00310	0.00584	0.00916	0.01113	0.10698	0.07068	0.73372	0.00997	0.00470	0.00134	0.00201	0.00838	0.00374	0.00338
2	0.00607	0.00488	0.00552	0.00521	0.00654	0.00475	0.00395	0.00938	0.16394	0.01413	0.38958	0.02996	0.32454	0.00830	0.00456	0.00130	0.00216	0.00710	0.00405	0.00407
3	0.01370	0.02758	0.00956	0.00769	0.01015	0.13819	0.00616	0.23548	0.09369	0.24186	0.01198	0.02824	0.00875	0.00538	0.02131	0.00126	0.00414	0.00377	0.12533	0.00577
4	0.41825	0.00744	0.00770	0.00663	0.00851	0.00862	0.00538	0.08573	0.00825	0.11483	0.00806	0.00995	0.00650	0.05271	0.07106	0.00184	0.14078	0.00312	0.03000	0.00464
5	0.00793	0.03670	0.03003	0.00625	0.01791	0.00577	0.01661	0.03000	0.09988	0.09177	0.39068	0.02271	0.07559	0.05433	0.01989	0.00147	0.02501	0.00575	0.05725	0.00444
6	0.00660	0.00501	0.00586	0.00560	0.00683	0.00499	0.00425	0.05977	0.12069	0.01465	0.35698	0.13872	0.17192	0.00843	0.00456	0.00133	0.00235	0.03924	0.03808	0.00412
7	0.00883	0.00911	0.01482	0.01180	0.01297	0.01131	0.21413	0.01036	0.00700	0.01049	0.00600	0.00917	0.00544	0.00585	0.01046	0.00158	0.60184	0.00373	0.00183	0.04327
8	0.00931	0.00873	0.02833	0.09682	0.48118	0.00883	0.03156	0.03470	0.12665	0.02564	0.03528	0.01321	0.05775	0.01967	0.00432	0.00128	0.00432	0.00413	0.00252	0.00577
9	0.00517	0.00374	0.00495	0.00576	0.00624	0.00353	0.00419	0.00616	0.00815	0.01074	0.05304	0.59878	0.08614	0.01178	0.00510	0.00162	0.00254	0.17532	0.00370	0.00334
10	0.01021	0.00967	0.01539	0.06782	0.72295	0.05093	0.01167	0.01248	0.00916	0.04074	0.00765	0.00985	0.00629	0.00363	0.00391	0.00118	0.00482	0.00350	0.00206	0.00611
11	0.09480	0.05714	0.01371	0.05997	0.37063	0.26812	0.03068	0.03747	0.00968	0.01242	0.00682	0.00854	0.00562	0.00376	0.00363	0.00113	0.00536	0.00305	0.00207	0.00540

[dist]
# distance from previous block
# <min> <max>
0	5

[block]
# block no. 15 follows, 68 sequences, length 22
# corresponding to MSA columns:
# 522-543
name=unknown_P
#
# <colnr> <probs for GDERKNQSTAVLIFYWHMCP>
#	G	D	E	R	K	N	Q	S	T	A	V	L	I	F	Y	W	H	M	C	P
0	0.15824	0.14277	0.17804	0.00932	0.04171	0.08879	0.04489	0.14706	0.07608	0.06536	0.00820	0.00880	0.00615	0.00406	0.00346	0.00116	0.00465	0.00303	0.00263	0.00559
1	0.00570	0.00384	0.00447	0.00453	0.00458	0.00387	0.00264	0.00583	0.00592	0.00793	0.01296	0.07690	0.01487	0.75653	0.07040	0.00386	0.00417	0.00601	0.00246	0.00252
2	0.00568	0.00381	0.00435	0.00443	0.00445	0.00379	0.00251	0.00574	0.00593	0.00790	0.01332	0.09917	0.01545	0.78602	0.01885	0.00365	0.00371	0.00625	0.00251	0.00247
3	0.00567	0.00409	0.00471	0.00463	0.00567	0.00366	0.00341	0.00686	0.00926	0.03903	0.26164	0.06557	0.38614	0.11529	0.00659	0.00164	0.00232	0.04348	0.02685	0.00347
4	0.00488	0.00351	0.00455	0.00537	0.00564	0.00327	0.00357	0.00555	0.00756	0.01000	0.02226	0.76233	0.06900	0.06488	0.00598	0.00173	0.00238	0.01077	0.00360	0.00318
