[name]
unknown

[dist]
# distance from previous block
# <min> <max>
0	67

[block]
# block no. 0 follows, 60 sequences, length 15
# corresponding to MSA columns:
# 83-97
name=unknown_A
#
# <colnr> <probs for GDERKNQSTAVLIFYWHMCP>
#	G	D	E	R	K	N	Q	S	T	A	V	L	I	F	Y	W	H	M	C	P
0	0.00994	0.07600	0.08554	0.02309	0.03178	0.00813	0.04662	0.05106	0.07148	0.11548	0.09764	0.11593	0.08371	0.00810	0.03917	0.00163	0.04688	0.02180	0.00351	0.06250
1	0.01115	0.12575	0.07032	0.02176	0.02964	0.07136	0.00701	0.11922	0.02973	0.09739	0.10500	0.12754	0.01441	0.02966	0.00470	0.00133	0.00413	0.00519	0.03068	0.09403
2	0.02299	0.04803	0.05152	0.00792	0.02150	0.02929	0.01547	0.12830	0.05465	0.17061	0.08608	0.12767	0.04726	0.03679	0.00585	0.05604	0.00383	0.00560	0.00381	0.07680
3	0.06654	0.03030	0.05660	0.06208	0.04300	0.00906	0.02885	0.18510	0.08732	0.10992	0.05432	0.08430	0.02943	0.05735	0.02643	0.00169	0.01686	0.00506	0.00360	0.04218
4	0.08583	0.10225	0.02848	0.00847	0.02793	0.05965	0.06496	0.13512	0.02850	0.10854	0.04969	0.04781	0.17713	0.03282	0.00485	0.00141	0.00415	0.00529	0.00352	0.02359
5	0.02828	0.00691	0.02624	0.03012	0.00910	0.06680	0.01775	0.03787	0.03918	0.07333	0.14792	0.37624	0.05518	0.00996	0.01827	0.00160	0.00349	0.00836	0.00390	0.03950
6	0.00977	0.11115	0.05825	0.03527	0.03184	0.06156	0.00688	0.02504	0.06534	0.07435	0.07333	0.08133	0.01295	0.07206	0.12065	0.00231	0.05676	0.00490	0.03572	0.06054
7	0.00951	0.06115	0.03530	0.00852	0.06138	0.06574	0.02126	0.06001	0.09941	0.05336	0.10590	0.03656	0.23840	0.02476	0.00508	0.00138	0.02302	0.00585	0.00356	0.07986
8	0.18105	0.10832	0.12106	0.04262	0.02817	0.08975	0.04610	0.10117	0.08430	0.02909	0.03877	0.04388	0.03556	0.00526	0.00419	0.00134	0.02681	0.00403	0.00292	0.00563
9	0.15486	0.20807	0.10246	0.01000	0.03925	0.04106	0.09144	0.12297	0.03550	0.04949	0.02161	0.04347	0.00783	0.00475	0.00400	0.00126	0.02236	0.00372	0.00279	0.03310
10	0.03081	0.28305	0.18681	0.01066	0.06033	0.08877	0.00986	0.18102	0.02880	0.04024	0.00813	0.00902	0.00635	0.00445	0.00409	0.00121	0.03437	0.00316	0.00262	0.00622
11	0.00680	0.00595	0.02616	0.03597	0.00874	0.03596	0.03207	0.05128	0.00983	0.01273	0.06916	0.47431	0.15556	0.01119	0.00528	0.00163	0.00322	0.04622	0.00385	0.00408
12	0.00538	0.00440	0.00474	0.00471	0.00604	0.00377	0.00351	0.00668	0.01040	0.01298	0.20934	0.06895	0.62258	0.01068	0.00517	0.00146	0.00219	0.00904	0.00421	0.00377
13	0.00813	0.00407	0.00407	0.00407	0.00508	0.00407	0.00305	0.01016	0.00915	0.01626	0.01423	0.01626	0.01118	0.00508	0.00305	0.00102	0.00203	0.00407	0.87093	0.00407
14	0.03024	0.07338	0.03439	0.02847	0.01242	0.27934	0.02536	0.09673	0.01162	0.04541	0.04285	0.01119	0.03833	0.00459	0.00383	0.00105	0.00521	0.00342	0.00282	0.24934

[dist]
# distance from previous block
# <min> <max>
1	7

[block]
# block no. 1 follows, 60 sequences, length 47
# corresponding to MSA columns:
# 107-153
name=unknown_B
#
# <colnr> <probs for GDERKNQSTAVLIFYWHMCP>
#	G	D	E	R	K	N	Q	S	T	A	V	L	I	F	Y	W	H	M	C	P
0	0.03701	0.17445	0.09848	0.03357	0.10545	0.07041	0.04381	0.05310	0.06815	0.07555	0.09552	0.08024	0.01244	0.00569	0.00444	0.00132	0.02693	0.00467	0.00303	0.00574
1	0.05433	0.20769	0.19349	0.03278	0.02429	0.16266	0.05676	0.03554	0.07070	0.01307	0.01057	0.02933	0.05728	0.00498	0.00420	0.00127	0.02920	0.00378	0.00245	0.00561
2	0.00813	0.00407	0.00407	0.00407	0.00508	0.00407	0.00305	0.01016	0.00915	0.01626	0.01423	0.01626	0.01118	0.00508	0.00305	0.00102	0.00203	0.00407	0.87093	0.00407
3	0.00645	0.00499	0.00743	0.00730	0.00803	0.00597	0.00572	0.00797	0.00699	0.01015	0.01129	0.01663	0.01056	0.03106	0.77571	0.00667	0.06620	0.00462	0.00231	0.00395
4	0.01103	0.00915	0.01042	0.00784	0.01179	0.00699	0.00605	0.01239	0.01031	0.01604	0.00974	0.01178	0.00833	0.00457	0.00411	0.00103	0.00393	0.00326	0.00326	0.84798
5	0.00980	0.00921	0.03899	0.11509	0.50403	0.00892	0.03046	0.01221	0.00979	0.04704	0.02626	0.08747	0.07074	0.00550	0.00453	0.00138	0.00477	0.00514	0.00261	0.00606
6	0.02293	0.07095	0.11336	0.00690	0.00899	0.04220	0.00614	0.03710	0.03002	0.01417	0.24070	0.17237	0.20014	0.00875	0.00478	0.00142	0.00335	0.00744	0.00372	0.00456
7	0.00634	0.00423	0.00476	0.00476	0.00476	0.00423	0.00264	0.00634	0.00634	0.00846	0.01374	0.02854	0.01586	0.84672	0.02220	0.00423	0.00423	0.00634	0.00264	0.00264
8	0.00834	0.01657	0.51476	0.01188	0.06098	0.00875	0.06746	0.01251	0.02095	0.01458	0.17485	0.01556	0.04319	0.00535	0.00447	0.00139	0.00534	0.00459	0.00261	0.00586
9	0.01070	0.00770	0.00921	0.00666	0.01046	0.00591	0.00536	0.01259	0.00958	0.14111	0.00924	0.00995	0.00714	0.00357	0.00341	0.00076	0.00331	0.00287	0.00303	0.73744
10	0.01134	0.08198	0.08983	0.06261	0.06602	0.01151	0.05604	0.14818	0.37095	0.01757	0.01300	0.03093	0.01001	0.00526	0.00431	0.00139	0.00453	0.00443	0.00352	0.00657
11	0.01258	0.14378	0.11663	0.02571	0.09592	0.17404	0.00932	0.12943	0.09794	0.04663	0.00936	0.01074	0.00747	0.02708	0.02760	0.01183	0.04159	0.00357	0.00278	0.00599
12	0.02694	0.19156	0.41946	0.01059	0.01514	0.03078	0.06871	0.01271	0.00907	0.01275	0.02803	0.01137	0.02656	0.03230	0.05211	0.00171	0.02489	0.00361	0.01601	0.00570
13	0.00758	0.00379	0.00568	0.00568	0.00568	0.00379	0.00379	0.00568	0.00568	0.00758	0.00758	0.01326	0.00758	0.01515	0.01705	0.87311	0.00379	0.00379	0.00189	0.00189
14	0.01038	0.01124	0.02295	0.04262	0.22669	0.01082	0.56073	0.01396	0.02928	0.01407	0.00885	0.01162	0.00683	0.00380	0.00490	0.00143	0.00666	0.00478	0.00224	0.00614
15	0.00828	0.01267	0.31117	0.00906	0.01281	0.01782	0.03628	0.01268	0.10976	0.01511	0.20910	0.02813	0.07042	0.00597	0.00442	0.00130	0.00429	0.00506	0.00318	0.12246
16	0.00557	0.00443	0.00499	0.00485	0.00614	0.00386	0.00364	0.00706	0.01091	0.01409	0.35678	0.03817	0.50371	0.01018	0.00515	0.00143	0.00215	0.00867	0.00435	0.00386
17	0.00903	0.00849	0.01456	0.34093	0.35079	0.00918	0.05517	0.01150	0.00920	0.01251	0.00998	0.11284	0.00915	0.00547	0.00478	0.01840	0.00520	0.00499	0.00230	0.00553
18	0.00931	0.01348	0.31927	0.04113	0.01444	0.00780	0.00970	0.03057	0.00944	0.03253	0.00806	0.00937	0.00620	0.00372	0.00367	0.00099	0.00460	0.00295	0.00238	0.47040
19	0.47353	0.06416	0.10546	0.00756	0.02759	0.00948	0.00669	0.04282	0.00867	0.05974	0.00967	0.12851	0.00885	0.00563	0.00376	0.00140	0.02433	0.00414	0.00291	0.00511
20	0.01029	0.01176	0.02574	0.01838	0.02279	0.01103	0.80368	0.01397	0.01029	0.01397	0.00882	0.01176	0.00662	0.00368	0.00515	0.00147	0.00735	0.00515	0.00221	0.00588
21	0.00895	0.14278	0.09889	0.12768	0.01559	0.01009	0.14665	0.03487	0.00979	0.01302	0.08809	0.01894	0.09673	0.00631	0.00557	0.00145	0.09154	0.07523	0.00271	0.00511
22	0.00528	0.00424	0.00471	0.00498	0.00606	0.00368	0.00359	0.00636	0.00967	0.01203	0.09772	0.27169	0.53145	0.01163	0.00527	0.00155	0.00229	0.01002	0.00411	0.00368
23	0.00894	0.00765	0.00890	0.00644	0.01019	0.00582	0.00514	0.01104	0.02291	0.01429	0.02365	0.01032	0.02490	0.00355	0.00333	0.00069	0.00319	0.00287	0.00269	0.82351
24	0.19932	0.00856	0.01001	0.00861	0.05405	0.00784	0.00647	0.02851	0.02478	0.34667	0.02883	0.01294	0.00956	0.00512	0.00412	0.00133	0.00388	0.00382	0.00414	0.23146
25	0.87753	0.00843	0.00641	0.00574	0.00843	0.00978	0.00472	0.01282	0.00742	0.01957	0.00607	0.00709	0.00472	0.00405	0.00270	0.00135	0.00337	0.00236	0.00270	0.00472
26	0.00580	0.00416	0.00541	0.00625	0.00664	0.00398	0.00423	0.04087	0.00888	0.01185	0.02345	0.80758	0.02791	0.01330	0.00551	0.00175	0.00263	0.01203	0.00406	0.00371
27	0.01085	0.44013	0.04009	0.00943	0.01159	0.04520	0.00861	0.01215	0.00807	0.01047	0.00599	0.00817	0.00565	0.00543	0.00776	0.00137	0.35887	0.00300	0.00190	0.00525
28	0.00576	0.00442	0.00522	0.00506	0.00621	0.00394	0.00375	0.00735	0.01111	0.01480	0.46934	0.05546	0.34231	0.03905	0.00575	0.00152	0.00220	0.00845	0.00442	0.00388
29	0.00862	0.00800	0.01324	0.77903	0.05718	0.00985	0.01202	0.03889	0.00917	0.01182	0.00786	0.01156	0.00591	0.00437	0.00436	0.00144	0.00576	0.00388	0.00203	0.00501
30	0.00604	0.00447	0.00578	0.00646	0.00732	0.00421	0.00508	0.00748	0.00971	0.01261	0.10132	0.29337	0.18821	0.01206	0.00562	0.00177	0.00301	0.31759	0.00411	0.00381
31	0.01509	0.23772	0.01515	0.01018	0.01288	0.57329	0.00817	0.05769	0.01187	0.01145	0.00676	0.00777	0.00571	0.00433	0.00366	0.00108	0.00686	0.00274	0.00226	0.00532
32	0.00581	0.00420	0.00537	0.00605	0.00663	0.00397	0.00438	0.00675	0.00869	0.01131	0.03647	0.43067	0.15245	0.09846	0.02362	0.02435	0.00314	0.16032	0.00382	0.00354
33	0.01054	0.24225	0.46567	0.01150	0.03800	0.04785	0.04660	0.05153	0.00991	0.02733	0.00765	0.00887	0.00581	0.00410	0.00384	0.00125	0.00591	0.00312	0.00207	0.00621
34	0.01160	0.01061	0.01092	0.01071	0.08230	0.08389	0.00767	0.05868	0.63296	0.01766	0.01559	0.01477	0.01179	0.00558	0.00438	0.00142	0.00406	0.00460	0.00404	0.00676
35	0.59865	0.00798	0.00722	0.00699	0.03066	0.02065	0.00539	0.03139	0.00809	0.01739	0.00966	0.13551	0.00943	0.00609	0.00408	0.00147	0.05420	0.03756	0.00293	0.00465
36	0.02858	0.00872	0.14286	0.02213	0.02879	0.00654	0.09387	0.03565	0.03656	0.03273	0.11209	0.35499	0.06060	0.00901	0.00500	0.00155	0.00389	0.00814	0.00352	0.00480
37	0.00978	0.00970	0.03085	0.32646	0.46071	0.01015	0.06404	0.01260	0.00949	0.01307	0.00807	0.01114	0.00646	0.00405	0.00438	0.00137	0.00558	0.00395	0.00207	0.00607
38	0.00886	0.02139	0.75651	0.01229	0.01839	0.01001	0.03362	0.03373	0.00949	0.01407	0.00848	0.03839	0.00641	0.00449	0.00422	0.00140	0.00629	0.00360	0.00199	0.00636
39	0.01957	0.00742	0.01012	0.00776	0.01113	0.00641	0.00641	0.02126	0.01248	0.82254	0.01721	0.01484	0.01080	0.00540	0.00439	0.00135	0.00371	0.00439	0.00540	0.00742
40	0.01059	0.01016	0.01734	0.09038	0.75748	0.01031	0.01329	0.01321	0.00984	0.01400	0.00817	0.01086	0.00682	0.00392	0.00432	0.00131	0.00523	0.00389	0.00214	0.00675
41	0.00535	0.00387	0.00500	0.00586	0.00626	0.00357	0.00395	0.00609	0.00848	0.01113	0.02609	0.72678	0.12412	0.01338	0.00579	0.02244	0.00252	0.01181	0.00400	0.00352
42	0.10426	0.02842	0.00879	0.04301	0.04855	0.07310	0.00633	0.06712	0.02302	0.05132	0.06969	0.19911	0.06469	0.00809	0.00481	0.00146	0.02269	0.10236	0.00350	0.06966
43	0.02604	0.34746	0.18865	0.00906	0.01312	0.05458	0.00916	0.14422	0.02161	0.07031	0.00864	0.02916	0.00693	0.00447	0.00362	0.00115	0.00500	0.00324	0.00267	0.05091
44	0.06179	0.06128	0.13354	0.03069	0.09697	0.06957	0.00850	0.09187	0.03346	0.05600	0.02503	0.06551	0.01899	0.00491	0.00392	0.00116	0.00452	0.00396	0.00288	0.22543
45	0.05146	0.12866	0.20772	0.01056	0.05140	0.11902	0.03330	0.12710	0.02240	0.09391	0.02601	0.01085	0.02185	0.00528	0.02422	0.00137	0.00547	0.00354	0.00286	0.05302
46	0.06257	0.14041	0.18869	0.01056	0.04137	0.03435	0.04908	0.10224	0.04468	0.07737	0.08124	0.01576	0.03471	0.00593	0.00456	0.00148	0.00506	0.03513	0.00342	0.06139

[dist]
# distance from previous block
# <min> <max>
5	265

[block]
# block no. 2 follows, 60 sequences, length 9
# corresponding to MSA columns:
# 442-450
name=unknown_C
#
# <colnr> <probs for GDERKNQSTAVLIFYWHMCP>
#	G	D	E	R	K	N	Q	S	T	A	V	L	I	F	Y	W	H	M	C	P
0	0.01122	0.16630	0.42140	0.01063	0.01532	0.11534	0.01181	0.06242	0.03339	0.05753	0.00852	0.00962	0.00644	0.00572	0.04486	0.00154	0.00624	0.00324	0.00234	0.00612
1	0.03942	0.05049	0.00630	0.00542	0.00601	0.00526	0.00357	0.00784	0.00732	0.05012	0.04672	0.10957	0.01665	0.54954	0.07491	0.00363	0.00446	0.00645	0.00295	0.00336
2	0.03736	0.17846	0.05331	0.01002	0.06421	0.02584	0.02239	0.30283	0.09419	0.03748	0.07580	0.05711	0.01136	0.00554	0.00413	0.00129	0.00443	0.00442	0.00353	0.00630
3	0.04696	0.08309	0.10763	0.01114	0.06057	0.09674	0.06306	0.25480	0.03460	0.11708	0.02792	0.01086	0.00792	0.00482	0.00445	0.00129	0.03106	0.00375	0.00332	0.02895
4	0.01491	0.11867	0.09144	0.00911	0.01262	0.00977	0.05656	0.17006	0.01262	0.34642	0.01359	0.01356	0.03867	0.02628	0.03046	0.00156	0.01901	0.00419	0.00393	0.00659
5	0.00665	0.00461	0.00555	0.00563	0.00620	0.00453	0.00384	0.04600	0.00913	0.01248	0.18000	0.21720	0.04390	0.34200	0.01194	0.00262	0.00328	0.05492	0.03598	0.00354
6	0.01138	0.10754	0.21881	0.06938	0.15155	0.05956	0.06711	0.06292	0.02725	0.09434	0.04214	0.03039	0.00866	0.00478	0.00446	0.00133	0.02555	0.00400	0.00269	0.00616
7	0.03885	0.01500	0.28721	0.01407	0.14135	0.04084	0.03532	0.04450	0.08881	0.04910	0.02584	0.01560	0.02174	0.04008	0.09548	0.00246	0.02875	0.00471	0.00331	0.00698
8	0.00611	0.00443	0.00530	0.00538	0.00651	0.00394	0.00399	0.00747	0.01038	0.04372	0.25755	0.21485	0.35663	0.01085	0.00525	0.00153	0.00238	0.04550	0.00431	0.00393

[dist]
# distance from previous block
# <min> <max>
4	17

[block]
# block no. 3 follows, 60 sequences, length 28
# corresponding to MSA columns:
# 468-495
name=unknown_D
#
# <colnr> <probs for GDERKNQSTAVLIFYWHMCP>
#	G	D	E	R	K	N	Q	S	T	A	V	L	I	F	Y	W	H	M	C	P
0	0.00990	0.07423	0.10659	0.20309	0.06729	0.04293	0.07470	0.02688	0.09039	0.06447	0.08865	0.05565	0.01248	0.02978	0.00498	0.00148	0.00495	0.03313	0.00295	0.00550
1	0.00636	0.00427	0.00538	0.00580	0.00658	0.00388	0.00409	0.00739	0.00932	0.06229	0.11377	0.49034	0.18145	0.04649	0.00607	0.00175	0.00260	0.03416	0.00416	0.00385
2	0.00895	0.10410	0.32379	0.01002	0.04915	0.01809	0.01012	0.03722	0.05348	0.02503	0.04447	0.06591	0.11056	0.02069	0.00507	0.00143	0.04249	0.02976	0.00276	0.03689
3	0.03439	0.11000	0.09381	0.09805	0.07053	0.03061	0.04847	0.11159	0.12587	0.11995	0.01289	0.06456	0.03851	0.00561	0.00441	0.01215	0.00467	0.00457	0.00329	0.00607
4	0.01403	0.00956	0.01230	0.01170	0.12608	0.07699	0.06121	0.09066	0.05348	0.29669	0.04124	0.04678	0.05753	0.00595	0.00533	0.00140	0.07397	0.00488	0.00387	0.00632
5	0.00571	0.00394	0.00520	0.00606	0.00639	0.00369	0.00409	0.00649	0.00841	0.02643	0.03660	0.74065	0.02778	0.06679	0.00662	0.00192	0.00269	0.03296	0.00400	0.00358
6	0.01104	0.50291	0.24945	0.00987	0.03580	0.03239	0.02923	0.04222	0.02895	0.01229	0.00715	0.00821	0.00589	0.00398	0.00340	0.00111	0.00529	0.00283	0.00204	0.00597
7	0.01189	0.18442	0.09457	0.02999	0.01296	0.08828	0.03682	0.08724	0.21676	0.03881	0.07602	0.01551	0.03756	0.04341	0.00519	0.00154	0.00486	0.00454	0.00346	0.00620
8	0.00534	0.00394	0.00501	0.00577	0.00627	0.00360	0.00393	0.00624	0.00886	0.01165	0.07828	0.66249	0.15677	0.01294	0.00547	0.00170	0.00245	0.01159	0.00410	0.00360
9	0.00888	0.03592	0.12775	0.00806	0.01054	0.03775	0.02809	0.08670	0.07251	0.04596	0.10890	0.10927	0.18590	0.00836	0.00488	0.00150	0.00390	0.10632	0.00373	0.00508
10	0.00977	0.32291	0.48877	0.01042	0.01556	0.01267	0.01248	0.01330	0.00909	0.01252	0.02720	0.00899	0.00644	0.00421	0.00397	0.00123	0.02949	0.00303	0.00193	0.00603
11	0.00619	0.00443	0.00568	0.00603	0.00621	0.00461	0.00405	0.00666	0.00738	0.00996	0.01764	0.36932	0.02054	0.33897	0.04812	0.03538	0.05874	0.04364	0.00320	0.00325
12	0.05883	0.01030	0.01160	0.00898	0.01232	0.01086	0.00740	0.49008	0.03130	0.27175	0.03371	0.01234	0.00932	0.00534	0.00431	0.00133	0.00430	0.00411	0.00461	0.00719
13	0.01032	0.00984	0.01333	0.01129	0.01168	0.01338	0.00940	0.09861	0.00821	0.01238	0.00625	0.00965	0.00591	0.00737	0.01321	0.00184	0.74625	0.00383	0.00218	0.00506
14	0.03793	0.67292	0.11476	0.00819	0.01215	0.04029	0.00844	0.04178	0.00938	0.01159	0.00645	0.00741	0.00563	0.00387	0.00304	0.00102	0.00493	0.00251	0.00199	0.00572
15	0.00639	0.00498	0.00632	0.02424	0.00770	0.00506	0.00473	0.04290	0.00879	0.01165	0.02333	0.12763	0.26876	0.05882	0.34194	0.00386	0.00644	0.00702	0.00320	0.03624
16	0.01047	0.20893	0.25970	0.04042	0.31604	0.04144	0.01250	0.01343	0.00942	0.01286	0.00745	0.00932	0.00608	0.00408	0.00420	0.00125	0.03087	0.00329	0.00199	0.00627
17	0.00820	0.06186	0.00967	0.00833	0.03730	0.00821	0.01541	0.00907	0.00732	0.04021	0.01189	0.07074	0.03099	0.28324	0.13808	0.00330	0.24420	0.00538	0.00254	0.00409
18	0.87753	0.00843	0.00641	0.00574	0.00843	0.00978	0.00472	0.01282	0.00742	0.01957	0.00607	0.00709	0.00472	0.00405	0.00270	0.00135	0.00337	0.00236	0.00270	0.00472
19	0.00753	0.00663	0.07417	0.00668	0.00826	0.00562	0.00557	0.06015	0.02418	0.04307	0.30387	0.06755	0.08776	0.10501	0.15768	0.00275	0.00475	0.02061	0.00374	0.00442
20	0.01077	0.10112	0.04542	0.06729	0.46840	0.01067	0.04074	0.02685	0.08235	0.04318	0.01004	0.05610	0.00856	0.00469	0.00426	0.00132	0.00493	0.00431	0.00257	0.00644
21	0.00557	0.00442	0.00490	0.00520	0.00627	0.00398	0.00374	0.00711	0.04531	0.01211	0.05243	0.31490	0.47053	0.01149	0.00520	0.00156	0.00237	0.00993	0.02919	0.00380
22	0.01018	0.00730	0.00816	0.00719	0.00932	0.00753	0.00569	0.16368	0.19013	0.09245	0.12597	0.05335	0.23845	0.00815	0.00484	0.00146	0.00322	0.05301	0.00441	0.00552
23	0.01224	0.04125	0.04390	0.07710	0.08725	0.05081	0.13974	0.21527	0.11218	0.06188	0.06129	0.03210	0.01037	0.00525	0.00478	0.00138	0.02901	0.00457	0.00335	0.00627
24	0.01146	0.12315	0.01362	0.03558	0.05063	0.17041	0.02743	0.06110	0.01943	0.03210	0.03687	0.01085	0.00789	0.02133	0.05227	0.00170	0.23206	0.00362	0.00246	0.08604
25	0.03765	0.13001	0.35022	0.02128	0.08419	0.01007	0.03474	0.02885	0.03719	0.05179	0.04058	0.01307	0.04453	0.00483	0.00405	0.00128	0.00508	0.02622	0.00254	0.07181
26	0.00872	0.06763	0.03457	0.00896	0.02843	0.05015	0.13813	0.03918	0.01778	0.02076	0.09274	0.05861	0.01491	0.28312	0.04670	0.00253	0.00503	0.03043	0.00288	0.04874
27	0.06234	0.04226	0.05111	0.03319	0.01804	0.01656	0.01739	0.06702	0.04730	0.08143	0.08168	0.09965	0.08914	0.08123	0.02499	0.00169	0.00389	0.03378	0.00345	0.14388

[dist]
# distance from previous block
# <min> <max>
8	24

[block]
# block no. 4 follows, 60 sequences, length 29
# corresponding to MSA columns:
# 524-552
name=unknown_E
#
# <colnr> <probs for GDERKNQSTAVLIFYWHMCP>
#	G	D	E	R	K	N	Q	S	T	A	V	L	I	F	Y	W	H	M	C	P
0	0.02098	0.11475	0.19413	0.03588	0.08842	0.02956	0.07562	0.04099	0.12456	0.10709	0.03301	0.04400	0.02216	0.00503	0.00420	0.00131	0.00489	0.00427	0.00302	0.04613
1	0.01180	0.09448	0.06024	0.04369	0.11200	0.05745	0.07145	0.16754	0.08360	0.05861	0.06394	0.02643	0.01056	0.00607	0.01892	0.02311	0.04223	0.02508	0.00316	0.01963
2	0.02463	0.10191	0.02605	0.00881	0.03283	0.08559	0.06008	0.09478	0.04902	0.02654	0.10822	0.18316	0.06195	0.03390	0.05943	0.00186	0.02659	0.00632	0.00335	0.00497
3	0.01171	0.14045	0.06624	0.02327	0.01203	0.06688	0.00724	0.15483	0.05341	0.05836	0.03001	0.02556	0.02307	0.00456	0.00374	0.00104	0.00429	0.00351	0.00306	0.30676
4	0.02377	0.11274	0.05326	0.00745	0.01874	0.05769	0.00607	0.04704	0.06679	0.02313	0.12060	0.20215	0.07014	0.05396	0.00560	0.00151	0.01680	0.02451	0.00341	0.08465
5	0.01167	0.07139	0.15545	0.04189	0.12976	0.06562	0.09569	0.18493	0.08907	0.01663	0.02172	0.02473	0.00843	0.00497	0.00460	0.00135	0.02762	0.02465	0.00290	0.01693
6	0.00638	0.00494	0.00576	0.00570	0.00689	0.00469	0.00420	0.03854	0.06890	0.01458	0.29095	0.22648	0.28500	0.01037	0.00517	0.00150	0.00242	0.00902	0.00434	0.00417
7	0.02321	0.00998	0.05188	0.30480	0.29118	0.01019	0.11590	0.02508	0.04978	0.01354	0.02008	0.01160	0.00717	0.00433	0.00469	0.00140	0.02881	0.00408	0.00227	0.02003
8	0.00922	0.11480	0.61331	0.01141	0.01693	0.01047	0.04089	0.02699	0.00950	0.02878	0.02345	0.04216	0.02394	0.00471	0.00413	0.00135	0.00588	0.00378	0.00215	0.00616
9	0.00826	0.00679	0.01005	0.01282	0.24317	0.00672	0.02096	0.01098	0.08572	0.03477	0.03099	0.29276	0.05577	0.00900	0.00505	0.00158	0.00373	0.13070	0.00351	0.02669
10	0.06296	0.02031	0.00915	0.00742	0.00994	0.00822	0.00599	0.20517	0.09944	0.21577	0.11117	0.01821	0.08819	0.00765	0.04722	0.00163	0.00390	0.00504	0.06661	0.00602
11	0.00980	0.00646	0.00806	0.00741	0.00903	0.00685	0.00574	0.10467	0.12969	0.12454	0.06547	0.15371	0.03181	0.04209	0.24434	0.00319	0.00581	0.03236	0.00383	0.00515
12	0.03955	0.00883	0.01295	0.62429	0.02570	0.05076	0.04043	0.05923	0.03726	0.03140	0.00907	0.01201	0.02109	0.00458	0.00433	0.00142	0.00563	0.00397	0.00234	0.00515
13	0.00643	0.00476	0.00555	0.00558	0.00684	0.00438	0.00428	0.00836	0.04652	0.03668	0.20626	0.10048	0.37198	0.03501	0.00570	0.00161	0.00260	0.11574	0.02720	0.00404
14	0.00567	0.00437	0.00517	0.00561	0.00658	0.00395	0.00422	0.00685	0.00950	0.01198	0.07112	0.24519	0.38709	0.05329	0.00627	0.00178	0.00273	0.16094	0.00401	0.00368
15	0.28152	0.00816	0.00838	0.00726	0.00983	0.00882	0.00579	0.06563	0.24356	0.17814	0.04679	0.05519	0.05155	0.00594	0.00400	0.00141	0.00340	0.00466	0.00406	0.00593
16	0.10362	0.00992	0.01180	0.00912	0.01245	0.01028	0.04689	0.39240	0.01556	0.30005	0.01266	0.03544	0.00888	0.00533	0.00428	0.00135	0.00434	0.00423	0.00444	0.00696
17	0.01272	0.00849	0.00909	0.00751	0.00989	0.00918	0.00607	0.40227	0.05631	0.04555	0.01298	0.01460	0.00994	0.00547	0.00392	0.00123	0.00359	0.03330	0.34193	0.00596
18	0.00567	0.00423	0.00548	0.00617	0.00658	0.00414	0.00424	0.00678	0.02828	0.01156	0.06346	0.68022	0.07586	0.03658	0.00629	0.00180	0.03367	0.01131	0.00398	0.00368
19	0.00852	0.00791	0.01308	0.80768	0.02947	0.00982	0.01198	0.03859	0.00913	0.01171	0.00785	0.01159	0.00587	0.00439	0.00436	0.00145	0.00578	0.00388	0.00202	0.00493
20	0.01595	0.02022	0.01241	0.01125	0.01338	0.78846	0.00848	0.01707	0.01208	0.01067	0.00669	0.00795	0.00562	0.00465	0.00445	0.00116	0.04936	0.00286	0.00223	0.00504
21	0.01629	0.02079	0.01236	0.01124	0.01348	0.82921	0.00843	0.01742	0.01236	0.01067	0.00674	0.00787	0.00562	0.00449	0.00393	0.00112	0.00787	0.00281	0.00225	0.00506
22	0.04213	0.04847	0.03620	0.00696	0.01069	0.00668	0.02684	0.01134	0.00912	0.03780	0.00945	0.03387	0.03102	0.00392	0.00343	0.00081	0.00348	0.00318	0.00269	0.67192
23	0.03769	0.09070	0.22558	0.02944	0.04538	0.00858	0.00883	0.02722	0.00935	0.02712	0.02913	0.04135	0.02271	0.00444	0.00392	0.00106	0.02152	0.00350	0.00249	0.35997
24	0.01737	0.00743	0.00977	0.00764	0.01068	0.00672	0.00625	0.09002	0.01319	0.63501	0.13174	0.01700	0.01486	0.00589	0.00449	0.00135	0.00357	0.00485	0.00522	0.00695
25	0.00673	0.00558	0.00782	0.02965	0.05750	0.00529	0.06203	0.01975	0.03988	0.01425	0.26552	0.16939	0.25818	0.00929	0.00506	0.00147	0.00294	0.00823	0.02709	0.00435
26	0.01120	0.13598	0.28170	0.04007	0.02595	0.05346	0.09116	0.07550	0.10505	0.07160	0.01031	0.04642	0.00812	0.00491	0.00436	0.00134	0.01988	0.00404	0.00276	0.00619
27	0.01139	0.01178	0.01056	0.01076	0.08877	0.30060	0.00756	0.03251	0.03990	0.03775	0.03487	0.03766	0.02580	0.06470	0.15283	0.00255	0.07719	0.04516	0.00273	0.00490
28	0.00662	0.00464	0.00556	0.00544	0.00650	0.00429	0.00392	0.00832	0.04006	0.05304	0.31871	0.15990	0.23535	0.11918	0.00737	0.00184	0.00259	0.00845	0.00422	0.00399

[dist]
# distance from previous block
# <min> <max>
3	13

[block]
# block no. 5 follows, 60 sequences, length 10
# corresponding to MSA columns:
# 566-575
name=unknown_F
#
# <colnr> <probs for GDERKNQSTAVLIFYWHMCP>
#	G	D	E	R	K	N	Q	S	T	A	V	L	I	F	Y	W	H	M	C	P
0	0.00741	0.00599	0.00605	0.00595	0.00652	0.07271	0.00392	0.02791	0.04117	0.01072	0.07371	0.13486	0.03835	0.47672	0.06670	0.00336	0.00455	0.00682	0.00309	0.00347
1	0.00731	0.00563	0.00690	0.00719	0.05626	0.00543	0.00502	0.01045	0.12568	0.04186	0.28979	0.10228	0.24071	0.02519	0.00533	0.00151	0.00272	0.03511	0.00423	0.02141
2	0.04454	0.20061	0.03057	0.03214	0.05000	0.02501	0.11478	0.11064	0.08703	0.02731	0.03175	0.01272	0.00891	0.03954	0.00547	0.00139	0.06447	0.02886	0.00282	0.08143
3	0.02242	0.07846	0.17365	0.01258	0.12920	0.09877	0.05068	0.11035	0.06218	0.04172	0.02518	0.03840	0.00868	0.02019	0.04625	0.00167	0.05073	0.00408	0.01884	0.00596
4	0.00599	0.00461	0.00569	0.00643	0.03245	0.00434	0.00440	0.00756	0.05266	0.01201	0.06588	0.40216	0.25361	0.04505	0.00634	0.02606	0.00274	0.05424	0.00393	0.00384
5	0.00642	0.00450	0.00560	0.00607	0.03130	0.00444	0.00387	0.00734	0.02406	0.01104	0.10477	0.19031	0.06103	0.37793	0.05023	0.03125	0.00379	0.03367	0.03899	0.00339
6	0.06915	0.07685	0.18047	0.05155	0.08399	0.07850	0.08312	0.10410	0.05611	0.08903	0.03475	0.01133	0.00814	0.00556	0.03112	0.00152	0.02192	0.00382	0.00286	0.00610
7	0.04028	0.03597	0.16365	0.02505	0.13926	0.05076	0.14586	0.03273	0.06544	0.08238	0.05576	0.01405	0.03486	0.00555	0.00535	0.04165	0.03232	0.02039	0.00283	0.00585
8	0.00591	0.00416	0.00524	0.00580	0.00649	0.00382	0.00407	0.00687	0.00896	0.03866	0.06138	0.53021	0.20120	0.03556	0.03392	0.00193	0.00288	0.03516	0.00403	0.00373
9	0.02845	0.14561	0.10110	0.02360	0.04593	0.08319	0.07775	0.16482	0.03710	0.11715	0.01002	0.02975	0.00785	0.00494	0.00455	0.00128	0.04400	0.01646	0.00308	0.05334

[dist]
# distance from previous block
# <min> <max>
0	14

[block]
# block no. 6 follows, 60 sequences, length 19
# corresponding to MSA columns:
# 590-608
name=unknown_G
#
# <colnr> <probs for GDERKNQSTAVLIFYWHMCP>
#	G	D	E	R	K	N	Q	S	T	A	V	L	I	F	Y	W	H	M	C	P
0	0.01241	0.17062	0.07267	0.04544	0.11866	0.08675	0.04366	0.16321	0.04030	0.07078	0.04828	0.02258	0.00896	0.00515	0.01670	0.00130	0.00510	0.00382	0.00298	0.06064
1	0.03609	0.25639	0.01551	0.01045	0.07753	0.15294	0.06382	0.06158	0.05769	0.06563	0.03064	0.03211	0.02276	0.00486	0.00385	0.00117	0.00499	0.02215	0.00281	0.07700
2	0.02216	0.00723	0.00869	0.02415	0.09871	0.02595	0.00623	0.01174	0.11019	0.04511	0.25159	0.14568	0.16544	0.03634	0.00598	0.00176	0.00352	0.00777	0.00439	0.01736
3	0.00559	0.00467	0.03266	0.00580	0.00659	0.00392	0.00423	0.00670	0.00915	0.01211	0.14262	0.48883	0.18293	0.06523	0.00644	0.00180	0.00264	0.01042	0.00399	0.00369
4	0.00881	0.00769	0.01211	0.07369	0.06264	0.02968	0.18394	0.05585	0.02346	0.04399	0.17137	0.13504	0.10499	0.00751	0.00496	0.00147	0.00428	0.03965	0.02389	0.00498
5	0.03703	0.01113	0.01634	0.07159	0.56415	0.06515	0.03372	0.12017	0.01138	0.01575	0.00834	0.01053	0.00675	0.00414	0.00428	0.00130	0.00535	0.00381	0.00247	0.00664
6	0.00871	0.00801	0.01308	0.78929	0.02910	0.00991	0.01190	0.05625	0.00939	0.01207	0.00791	0.01156	0.00591	0.00441	0.00436	0.00145	0.00576	0.00388	0.00208	0.00499
7	0.00725	0.00507	0.00687	0.04509	0.04712	0.00509	0.00521	0.00863	0.00883	0.07256	0.06687	0.12767	0.19809	0.09680	0.23916	0.00332	0.00557	0.02839	0.01825	0.00416
8	0.00585	0.00413	0.00533	0.00596	0.00660	0.00380	0.00423	0.00692	0.00927	0.03088	0.12216	0.56058	0.13665	0.01243	0.00547	0.00169	0.00256	0.06758	0.00417	0.00375
9	0.28508	0.01101	0.00986	0.00828	0.01092	0.11757	0.00661	0.32617	0.03007	0.02011	0.00904	0.01073	0.00721	0.05195	0.07566	0.00195	0.00529	0.00350	0.00330	0.00570
10	0.00751	0.00493	0.00567	0.00536	0.00695	0.00432	0.00409	0.00911	0.03023	0.12565	0.15500	0.09749	0.49051	0.01003	0.00508	0.00147	0.00249	0.02541	0.00436	0.00434
11	0.00540	0.00398	0.00501	0.00569	0.00622	0.00364	0.00388	0.00631	0.00894	0.01175	0.10030	0.60205	0.16941	0.03833	0.00597	0.00176	0.00248	0.01123	0.00407	0.00359
12	0.10116	0.18192	0.04911	0.01147	0.01465	0.06847	0.22211	0.08547	0.02531	0.05739	0.00840	0.02421	0.00679	0.00479	0.00543	0.00137	0.11981	0.00384	0.00257	0.00572
13	0.03883	0.01236	0.14639	0.00994	0.01345	0.07066	0.03307	0.15699	0.01373	0.29638	0.10562	0.03244	0.03561	0.00653	0.00495	0.00158	0.00496	0.00504	0.00446	0.00702
14	0.00618	0.00454	0.00569	0.00609	0.00687	0.00430	0.00439	0.04926	0.01011	0.01348	0.18327	0.48241	0.13128	0.01183	0.00540	0.00164	0.00262	0.06254	0.00421	0.00391
15	0.00940	0.00586	0.00704	0.00652	0.00817	0.00562	0.00494	0.06922	0.07971	0.15660	0.11097	0.24733	0.16664	0.03938	0.00557	0.00160	0.00298	0.02941	0.01708	0.02596
16	0.07558	0.03190	0.07648	0.01102	0.05888	0.06554	0.11788	0.14758	0.04839	0.02795	0.03848	0.04640	0.01997	0.00753	0.07153	0.00179	0.04991	0.01549	0.00297	0.08474
17	0.05797	0.10865	0.05824	0.04944	0.11613	0.15580	0.05850	0.09048	0.12996	0.01462	0.00993	0.01155	0.02306	0.03326	0.00537	0.00142	0.06324	0.00382	0.00273	0.00583
18	0.05530	0.04268	0.08081	0.02326	0.10005	0.05366	0.03971	0.14419	0.05544	0.13199	0.04839	0.01328	0.00972	0.00516	0.00470	0.00130	0.04798	0.03410	0.00333	0.10495

[dist]
# distance from previous block
# <min> <max>
4	19

[block]
# block no. 7 follows, 60 sequences, length 7
# corresponding to MSA columns:
# 640-646
name=unknown_H
#
# <colnr> <probs for GDERKNQSTAVLIFYWHMCP>
#	G	D	E	R	K	N	Q	S	T	A	V	L	I	F	Y	W	H	M	C	P
0	0.03967	0.06677	0.10776	0.02470	0.05434	0.02807	0.00694	0.01036	0.07405	0.01279	0.04739	0.22373	0.13460	0.04996	0.02483	0.00178	0.00398	0.08030	0.00333	0.00465
1	0.08275	0.22059	0.10958	0.00986	0.03734	0.06095	0.07201	0.12349	0.06168	0.07235	0.02863	0.06577	0.02659	0.00524	0.00397	0.00128	0.00482	0.00420	0.00300	0.00591
2	0.01061	0.09113	0.03079	0.02757	0.11752	0.05903	0.03572	0.09336	0.16871	0.05239	0.10699	0.01901	0.12921	0.03289	0.00499	0.00143	0.00416	0.00523	0.00353	0.00574
3	0.00538	0.00388	0.00499	0.00584	0.00617	0.00361	0.00388	0.00611	0.00832	0.01098	0.02478	0.71931	0.08824	0.07800	0.00682	0.00194	0.00264	0.01169	0.00394	0.00348
4	0.00816	0.02598	0.04395	0.07004	0.03141	0.03286	0.05891	0.06530	0.03712	0.03104	0.08075	0.21429	0.17950	0.00920	0.00551	0.03949	0.00381	0.05456	0.00355	0.00459
5	0.03986	0.08467	0.04411	0.08596	0.15182	0.06724	0.06553	0.06660	0.04455	0.06773	0.02859	0.07082	0.03485	0.04410	0.00580	0.00153	0.05738	0.03039	0.00290	0.00557
6	0.00795	0.03290	0.00767	0.00677	0.00826	0.03015	0.02468	0.03786	0.09916	0.05261	0.16761	0.19159	0.21760	0.02612	0.02437	0.00168	0.02148	0.03294	0.00402	0.00457

[dist]
# distance from previous block
# <min> <max>
5	7

[block]
# block no. 8 follows, 60 sequences, length 19
# corresponding to MSA columns:
# 659-677
name=unknown_I
#
# <colnr> <probs for GDERKNQSTAVLIFYWHMCP>
#	G	D	E	R	K	N	Q	S	T	A	V	L	I	F	Y	W	H	M	C	P
0	0.01069	0.06885	0.08265	0.03856	0.18777	0.03648	0.08362	0.09370	0.04670	0.04236	0.02226	0.07508	0.03224	0.00517	0.00439	0.00125	0.01800	0.00452	0.00285	0.14286
1	0.01236	0.18043	0.08029	0.01329	0.06479	0.03985	0.27111	0.13110	0.01155	0.08849	0.02194	0.01075	0.00733	0.00441	0.00474	0.00132	0.04332	0.00402	0.00275	0.00619
2	0.01102	0.00748	0.00836	0.00719	0.00939	0.02149	0.00566	0.18613	0.11325	0.14484	0.12432	0.07188	0.22115	0.00886	0.03726	0.00164	0.00364	0.00648	0.00438	0.00557
3	0.01029	0.01018	0.01750	0.09707	0.53079	0.03333	0.13705	0.01297	0.00982	0.01359	0.00896	0.01274	0.00762	0.00553	0.04150	0.00162	0.00590	0.03508	0.00223	0.00626
4	0.05595	0.02255	0.05925	0.08275	0.01124	0.02061	0.04752	0.02242	0.10603	0.03495	0.04371	0.14573	0.26558	0.02679	0.00512	0.00154	0.00364	0.02199	0.00353	0.01911
5	0.00927	0.00928	0.04154	0.48625	0.34466	0.00997	0.01275	0.01213	0.00922	0.01247	0.00793	0.01122	0.00624	0.00416	0.00434	0.00139	0.00558	0.00386	0.00202	0.00572
6	0.03538	0.00526	0.00641	0.00586	0.00752	0.00484	0.00453	0.02415	0.01088	0.18556	0.23065	0.10725	0.23756	0.00992	0.04180	0.00168	0.00305	0.02252	0.05049	0.00470
7	0.04162	0.00494	0.00619	0.00644	0.00742	0.00481	0.00473	0.05173	0.00975	0.07473	0.08155	0.49210	0.07542	0.01252	0.04694	0.00193	0.00329	0.06559	0.00408	0.00420
8	0.02539	0.04599	0.34089	0.01164	0.01572	0.17253	0.09981	0.04989	0.06622	0.01387	0.02385	0.06480	0.00845	0.00516	0.00467	0.00137	0.03729	0.00417	0.00247	0.00583
9	0.00561	0.00446	0.00504	0.00530	0.00636	0.00403	0.00384	0.00716	0.04295	0.01227	0.09860	0.27552	0.44339	0.03432	0.00574	0.00164	0.00245	0.03346	0.00409	0.00379
10	0.02198	0.00445	0.00532	0.00548	0.00638	0.00406	0.00383	0.00762	0.00926	0.06878	0.12615	0.33513	0.23948	0.13253	0.00768	0.00196	0.00273	0.00936	0.00401	0.00381
11	0.01306	0.07218	0.30836	0.01075	0.01519	0.01196	0.02531	0.34876	0.04009	0.07040	0.00969	0.01023	0.00694	0.00482	0.00452	0.00134	0.03273	0.00364	0.00323	0.00681
12	0.01096	0.49134	0.01897	0.06386	0.11959	0.04295	0.03450	0.02803	0.03712	0.01167	0.00876	0.05831	0.02142	0.00476	0.00387	0.00115	0.03126	0.00362	0.00224	0.00561
13	0.00673	0.01933	0.00634	0.02891	0.00755	0.00502	0.00464	0.06260	0.00923	0.01242	0.05890	0.42318	0.05933	0.13189	0.06600	0.00239	0.00374	0.05669	0.03123	0.00386
14	0.06035	0.03733	0.08111	0.04795	0.05690	0.05637	0.06117	0.03707	0.02550	0.01214	0.01463	0.07836	0.09198	0.24253	0.06210	0.00255	0.01917	0.00560	0.00274	0.00445
15	0.04105	0.05063	0.01058	0.00916	0.04142	0.05715	0.05847	0.10837	0.06056	0.07679	0.06060	0.26990	0.04343	0.00830	0.00541	0.00151	0.06046	0.02737	0.00365	0.00517
16	0.01131	0.08434	0.05227	0.05026	0.03746	0.11017	0.02899	0.06212	0.04715	0.11785	0.04752	0.10419	0.03671	0.05374	0.01760	0.01614	0.09577	0.00511	0.00316	0.01812
17	0.08761	0.11846	0.11956	0.03067	0.03256	0.05786	0.02099	0.07067	0.04566	0.01441	0.04538	0.04276	0.05265	0.00672	0.04156	0.02532	0.03134	0.00405	0.00274	0.14903
18	0.06809	0.10603	0.11427	0.03349	0.06074	0.15593	0.04541	0.04732	0.02081	0.05896	0.05917	0.04255	0.03686	0.01822	0.00479	0.00136	0.03515	0.04535	0.00284	0.04265

[dist]
# distance from previous block
# <min> <max>
1	50

[block]
# block no. 9 follows, 60 sequences, length 17
# corresponding to MSA columns:
# 728-744
name=unknown_J
#
# <colnr> <probs for GDERKNQSTAVLIFYWHMCP>
#	G	D	E	R	K	N	Q	S	T	A	V	L	I	F	Y	W	H	M	C	P
0	0.01143	0.20405	0.09223	0.01071	0.09932	0.04272	0.03836	0.09485	0.03031	0.07945	0.04793	0.04280	0.02536	0.00541	0.01597	0.00128	0.03524	0.00400	0.00289	0.11569
1	0.01088	0.09351	0.13081	0.04297	0.01242	0.14451	0.00791	0.04052	0.05246	0.07176	0.07566	0.05581	0.03365	0.02996	0.00462	0.00129	0.00471	0.02402	0.00301	0.15952
2	0.01015	0.17805	0.06063	0.00821	0.03156	0.06777	0.02515	0.05685	0.03082	0.08524	0.14617	0.17748	0.06043	0.00726	0.00439	0.00132	0.00395	0.00611	0.00347	0.03498
3	0.05176	0.03829	0.11578	0.04440	0.10442	0.01031	0.28873	0.12190	0.01118	0.01582	0.06335	0.05632	0.01006	0.00575	0.02734	0.00156	0.01959	0.00487	0.00273	0.00586
4	0.03459	0.04322	0.10858	0.08643	0.24123	0.04989	0.11284	0.07295	0.02114	0.08487	0.02422	0.03927	0.00885	0.03169	0.00496	0.00145	0.00535	0.01964	0.00275	0.00608
5	0.00701	0.00451	0.00635	0.00660	0.03413	0.00463	0.00444	0.00685	0.00750	0.01024	0.13358	0.08072	0.06283	0.09392	0.08792	0.39841	0.03893	0.00569	0.00274	0.00300
6	0.01232	0.00799	0.00915	0.00755	0.00987	0.00824	0.00595	0.28654	0.06384	0.14625	0.12657	0.01985	0.06080	0.11425	0.02498	0.00183	0.00393	0.02258	0.03402	0.03349
7	0.02514	0.09620	0.06698	0.06144	0.13679	0.27537	0.06341	0.06320	0.01114	0.03095	0.03750	0.04038	0.04056	0.00511	0.00444	0.00128	0.02790	0.00406	0.00257	0.00557
8	0.00813	0.02444	0.28869	0.04951	0.03030	0.01840	0.00908	0.01131	0.05844	0.03863	0.05755	0.11842	0.03398	0.15152	0.06244	0.00230	0.00520	0.02384	0.00284	0.00498
9	0.00674	0.00454	0.00557	0.00574	0.00652	0.00435	0.00398	0.00797	0.03637	0.06379	0.04691	0.33113	0.17405	0.19628	0.08327	0.00267	0.00376	0.00885	0.00371	0.00379
10	0.02678	0.01073	0.04665	0.04294	0.03846	0.01002	0.43765	0.08481	0.05281	0.13746	0.03245	0.01285	0.00865	0.00443	0.00474	0.00141	0.00586	0.00476	0.03036	0.00619
11	0.03327	0.11195	0.12230	0.09772	0.08407	0.09323	0.05716	0.09837	0.12190	0.04999	0.01050	0.04024	0.00855	0.00513	0.00446	0.00135	0.02679	0.02413	0.00288	0.00600
12	0.06760	0.00804	0.02434	0.03608	0.07043	0.00828	0.05160	0.16648	0.06575	0.05926	0.03358	0.10619	0.03355	0.08724	0.02970	0.03681	0.02093	0.08542	0.00348	0.00523
13	0.00543	0.00410	0.00489	0.00536	0.00606	0.00370	0.00369	0.00634	0.00903	0.01165	0.09809	0.43745	0.28614	0.08880	0.00692	0.00186	0.00254	0.01041	0.00399	0.00355
14	0.03444	0.00914	0.01499	0.06107	0.03758	0.00905	0.26744	0.12929	0.02577	0.10571	0.10463	0.05554	0.04343	0.00562	0.00491	0.00139	0.02324	0.00533	0.00339	0.05803
15	0.09650	0.24107	0.07841	0.02197	0.05871	0.10498	0.07892	0.10711	0.03096	0.06051	0.02153	0.03496	0.01961	0.00487	0.00387	0.00125	0.00511	0.02108	0.00278	0.00581
16	0.11448	0.10085	0.09142	0.01157	0.10758	0.12954	0.06730	0.09828	0.06431	0.03123	0.03092	0.01056	0.00779	0.00553	0.03686	0.00145	0.00541	0.00353	0.00274	0.07864

[dist]
# distance from previous block
# <min> <max>
1	4

[block]
# block no. 10 follows, 60 sequences, length 17
# corresponding to MSA columns:
# 755-771
name=unknown_K
#
# <colnr> <probs for GDERKNQSTAVLIFYWHMCP>
#	G	D	E	R	K	N	Q	S	T	A	V	L	I	F	Y	W	H	M	C	P
0	0.01272	0.43208	0.01699	0.00839	0.01150	0.08681	0.00742	0.17966	0.05994	0.03945	0.01004	0.05524	0.02874	0.00514	0.00391	0.00116	0.02836	0.00370	0.00286	0.00588
1	0.02974	0.16349	0.45907	0.01084	0.01577	0.07815	0.03892	0.04140	0.00993	0.03425	0.00927	0.01119	0.02868	0.00459	0.00398	0.00129	0.00583	0.03004	0.00224	0.02132
2	0.00968	0.12721	0.06753	0.00888	0.07445	0.05314	0.00673	0.04332	0.00922	0.07660	0.01345	0.15231	0.03310	0.17342	0.04477	0.01512	0.02626	0.01480	0.00294	0.04709
3	0.04150	0.04966	0.05029	0.01201	0.04869	0.08048	0.19135	0.01254	0.05942	0.01295	0.06612	0.01420	0.05454	0.00810	0.07610	0.00196	0.20770	0.00461	0.00255	0.00521
4	0.02977	0.00667	0.00762	0.03581	0.05485	0.05179	0.00543	0.03519	0.08338	0.06849	0.17552	0.14635	0.07266	0.17722	0.00833	0.00202	0.00361	0.02702	0.00374	0.00454
5	0.00967	0.03859	0.06558	0.35405	0.21083	0.02991	0.08992	0.05742	0.01009	0.01347	0.04127	0.04228	0.00848	0.00472	0.00443	0.00139	0.00554	0.00436	0.00235	0.00563
6	0.01112	0.02906	0.13900	0.04920	0.24918	0.05772	0.06401	0.08676	0.11267	0.05272	0.01149	0.06061	0.02317	0.01528	0.00460	0.00139	0.00512	0.00453	0.00290	0.01946
7	0.00639	0.00449	0.00572	0.00581	0.00638	0.00454	0.00406	0.00730	0.00810	0.03007	0.10209	0.18104	0.09884	0.29251	0.17814	0.00358	0.02181	0.03230	0.00330	0.00352
8	0.00609	0.00418	0.00494	0.00513	0.00529	0.00415	0.00311	0.00638	0.00691	0.00920	0.01679	0.18278	0.05034	0.60402	0.06917	0.00383	0.00429	0.00750	0.00295	0.00293
9	0.01239	0.15262	0.08370	0.04590	0.12549	0.19591	0.05715	0.10257	0.10902	0.01440	0.00915	0.01086	0.00740	0.00472	0.00442	0.00128	0.03441	0.01996	0.00265	0.00601
10	0.05123	0.04724	0.04237	0.07696	0.10090	0.05882	0.03945	0.18418	0.16735	0.06445	0.01129	0.02645	0.00869	0.00515	0.00463	0.00136	0.04352	0.00411	0.05565	0.00623
11	0.00576	0.00400	0.00524	0.00606	0.00653	0.00370	0.00418	0.00666	0.00875	0.03244	0.04582	0.70895	0.08754	0.01307	0.00551	0.00174	0.00259	0.04368	0.00410	0.00369
12	0.03631	0.00642	0.00824	0.00755	0.03827	0.00644	0.02131	0.10795	0.01190	0.12467	0.30908	0.02375	0.11341	0.01878	0.10238	0.00207	0.02378	0.00612	0.02652	0.00504
13	0.01188	0.06944	0.22882	0.03688	0.10558	0.11981	0.05843	0.05365	0.04748	0.11442	0.01008	0.03163	0.00799	0.04066	0.02032	0.00156	0.02859	0.00397	0.00274	0.00604
14	0.00554	0.00415	0.00507	0.00565	0.00633	0.00382	0.00400	0.00649	0.00886	0.01141	0.05108	0.44080	0.25356	0.08292	0.02287	0.00200	0.00287	0.07510	0.00392	0.00357
15	0.01018	0.00987	0.01595	0.09551	0.50037	0.01122	0.01209	0.01230	0.00883	0.01282	0.00740	0.01049	0.00645	0.00508	0.00738	0.00150	0.26057	0.00386	0.00206	0.00607
16	0.01141	0.04622	0.10619	0.06931	0.18858	0.07972	0.12839	0.14610	0.08842	0.01585	0.01030	0.06121	0.00854	0.00530	0.01396	0.00143	0.00558	0.00447	0.00281	0.00621

[dist]
# distance from previous block
# <min> <max>
1	25

[block]
# block no. 11 follows, 60 sequences, length 21
# corresponding to MSA columns:
# 797-817
name=unknown_L
#
# <colnr> <probs for GDERKNQSTAVLIFYWHMCP>
#	G	D	E	R	K	N	Q	S	T	A	V	L	I	F	Y	W	H	M	C	P
0	0.05341	0.01369	0.09445	0.04151	0.24928	0.15196	0.01066	0.11134	0.10033	0.03605	0.01007	0.01172	0.00802	0.00526	0.00512	0.00148	0.05518	0.00394	0.00306	0.03348
1	0.04316	0.19767	0.06184	0.01989	0.04273	0.03911	0.02953	0.18643	0.04815	0.08113	0.01106	0.09156	0.00968	0.03565	0.04297	0.00165	0.02645	0.00445	0.00315	0.02374
2	0.00613	0.00436	0.00553	0.00620	0.03403	0.00407	0.00413	0.00730	0.00931	0.02334	0.17047	0.38930	0.14981	0.08017	0.01940	0.00186	0.00275	0.00944	0.06861	0.00381
3	0.01051	0.05227	0.01635	0.04869	0.54586	0.03271	0.04181	0.01329	0.04267	0.01378	0.00957	0.01170	0.03473	0.00431	0.00456	0.00127	0.03394	0.00395	0.00232	0.07572
4	0.03128	0.00667	0.03518	0.00633	0.00876	0.00548	0.00515	0.01124	0.05546	0.11972	0.16845	0.08061	0.19214	0.00736	0.00445	0.00125	0.00295	0.02052	0.00389	0.23313
5	0.06134	0.36366	0.01741	0.00985	0.04726	0.06758	0.04460	0.27286	0.04802	0.01713	0.00828	0.00898	0.00659	0.00439	0.00362	0.00116	0.00494	0.00320	0.00289	0.00624
6	0.03091	0.10069	0.05330	0.02553	0.14662	0.06843	0.04341	0.28965	0.08358	0.01850	0.00938	0.01030	0.00722	0.00458	0.00423	0.00124	0.01861	0.00364	0.00313	0.07707
7	0.05585	0.14952	0.17503	0.07633	0.07020	0.11599	0.06533	0.15523	0.02902	0.04427	0.00840	0.00963	0.00640	0.00441	0.00412	0.00128	0.01684	0.00342	0.00263	0.00611
8	0.00630	0.00422	0.00483	0.00486	0.00489	0.00424	0.00277	0.00637	0.00643	0.00860	0.01406	0.05752	0.01619	0.79520	0.04302	0.00421	0.00437	0.00652	0.00269	0.00271
9	0.00603	0.00467	0.00651	0.04489	0.00842	0.00452	0.03254	0.00758	0.03114	0.01220	0.08464	0.51800	0.10569	0.01186	0.00545	0.00171	0.00298	0.10333	0.00395	0.00389
