[name]
unknown

[dist]
# distance from previous block
# <min> <max>
0	51

[block]
# block no. 0 follows, 71 sequences, length 9
# corresponding to MSA columns:
# 53-61
name=unknown_A
#
# <colnr> <probs for GDERKNQSTAVLIFYWHMCP>
#	G	D	E	R	K	N	Q	S	T	A	V	L	I	F	Y	W	H	M	C	P
0	0.03182	0.00726	0.00797	0.03378	0.03521	0.06039	0.00548	0.10451	0.13133	0.11368	0.09782	0.05418	0.09326	0.03765	0.02759	0.00138	0.00350	0.02940	0.00335	0.12044
1	0.02394	0.00870	0.01014	0.04659	0.01123	0.12273	0.11793	0.10862	0.09758	0.07556	0.08779	0.04107	0.08336	0.02405	0.00423	0.00119	0.00402	0.00444	0.02298	0.10386
2	0.02329	0.00742	0.00937	0.07561	0.04084	0.04514	0.06300	0.17781	0.03901	0.10845	0.06171	0.15250	0.02283	0.04495	0.00492	0.01756	0.00373	0.01695	0.01769	0.06723
3	0.00927	0.00626	0.00757	0.04335	0.03579	0.02447	0.00537	0.07264	0.11874	0.16205	0.16872	0.08715	0.08172	0.03360	0.00463	0.00132	0.00305	0.06322	0.00366	0.06743
4	0.00807	0.00699	0.01123	0.69348	0.05435	0.00830	0.00989	0.04705	0.00842	0.04772	0.03003	0.01069	0.00627	0.00396	0.00381	0.00123	0.00479	0.00348	0.00203	0.03819
5	0.03080	0.00809	0.00932	0.00775	0.00985	0.06065	0.07066	0.21303	0.14013	0.05562	0.04315	0.05647	0.01097	0.07611	0.02138	0.00149	0.01546	0.04764	0.06213	0.05930
6	0.03587	0.00410	0.00459	0.00458	0.00487	0.00414	0.00281	0.04218	0.00652	0.00895	0.01390	0.14865	0.04065	0.64446	0.01560	0.00312	0.00344	0.00623	0.00261	0.00272
7	0.01189	0.00888	0.01000	0.00811	0.01028	0.03107	0.00660	0.40275	0.06043	0.09211	0.02548	0.02735	0.05295	0.02904	0.00574	0.00132	0.14276	0.02518	0.00339	0.04466
8	0.03795	0.00789	0.00888	0.02746	0.02859	0.03796	0.02754	0.22865	0.18798	0.06915	0.10715	0.01644	0.08581	0.03671	0.02909	0.00144	0.00367	0.02036	0.00351	0.03377

[dist]
# distance from previous block
# <min> <max>
6	26

[block]
# block no. 1 follows, 71 sequences, length 18
# corresponding to MSA columns:
# 93-110
name=unknown_B
#
# <colnr> <probs for GDERKNQSTAVLIFYWHMCP>
#	G	D	E	R	K	N	Q	S	T	A	V	L	I	F	Y	W	H	M	C	P
0	0.01044	0.09503	0.12912	0.09835	0.18352	0.11927	0.10198	0.05206	0.03045	0.08536	0.00863	0.00993	0.02811	0.00400	0.00395	0.00116	0.02764	0.00339	0.00226	0.00534
1	0.00537	0.00369	0.00478	0.00508	0.00569	0.00340	0.00356	0.00645	0.00869	0.03915	0.30292	0.46742	0.07823	0.04061	0.00523	0.00149	0.00215	0.00894	0.00378	0.00338
2	0.07026	0.00820	0.01004	0.07927	0.14244	0.07837	0.01695	0.11389	0.02147	0.13598	0.13764	0.06157	0.01206	0.00537	0.00474	0.00124	0.08812	0.00431	0.00304	0.00504
3	0.01020	0.15155	0.26778	0.03170	0.03270	0.04332	0.19079	0.07726	0.05859	0.08767	0.00824	0.00922	0.00607	0.00377	0.00370	0.00116	0.00511	0.00332	0.00231	0.00553
4	0.00671	0.00528	0.00607	0.02215	0.02918	0.01878	0.00434	0.08010	0.07315	0.02887	0.32922	0.07585	0.28977	0.00789	0.00438	0.00125	0.00243	0.00675	0.00377	0.00405
5	0.00478	0.00348	0.00450	0.00512	0.00555	0.00320	0.00351	0.00565	0.00802	0.01072	0.15100	0.65314	0.10490	0.01114	0.00480	0.00148	0.00213	0.01001	0.00366	0.00320
6	0.02001	0.07950	0.11201	0.02983	0.32159	0.05831	0.08399	0.09488	0.06674	0.01335	0.02840	0.02906	0.03697	0.00421	0.00378	0.00116	0.00461	0.00374	0.00234	0.00552
7	0.08159	0.04661	0.04221	0.00993	0.07765	0.05232	0.05733	0.44514	0.01382	0.12266	0.00899	0.00926	0.00642	0.00424	0.00368	0.00115	0.00435	0.00333	0.00330	0.00602
8	0.00769	0.01983	0.84538	0.01093	0.01659	0.00890	0.01417	0.01214	0.00810	0.01214	0.00688	0.00810	0.00486	0.00364	0.00364	0.00121	0.00567	0.00283	0.00162	0.00567
9	0.00592	0.00466	0.00627	0.00647	0.04200	0.00453	0.03783	0.02943	0.02678	0.03030	0.08536	0.35449	0.24963	0.02499	0.04217	0.00165	0.03241	0.00807	0.00336	0.00367
10	0.01038	0.10201	0.18043	0.01409	0.25571	0.04841	0.12299	0.06208	0.03932	0.09570	0.00848	0.01015	0.00656	0.00388	0.00376	0.00116	0.00487	0.02200	0.00234	0.00568
11	0.03878	0.00461	0.02308	0.00551	0.00622	0.00457	0.00414	0.00656	0.00770	0.01072	0.14891	0.29487	0.16271	0.10011	0.08222	0.00208	0.08333	0.00742	0.00314	0.00335
12	0.00866	0.01672	0.64671	0.00995	0.01476	0.00838	0.01208	0.07174	0.00911	0.07505	0.04319	0.05029	0.00762	0.00437	0.00377	0.00122	0.00506	0.00351	0.00222	0.00559
13	0.00940	0.02774	0.13610	0.02661	0.16857	0.11849	0.05416	0.04523	0.12723	0.04970	0.03937	0.12905	0.02762	0.00545	0.00398	0.00123	0.00437	0.01784	0.00272	0.00514
14	0.04257	0.06334	0.33484	0.01012	0.06425	0.04866	0.02796	0.15434	0.06269	0.14135	0.00894	0.00934	0.00636	0.00404	0.00363	0.00117	0.00470	0.00318	0.00269	0.00583
15	0.02930	0.15869	0.14329	0.00799	0.01081	0.12934	0.07884	0.04273	0.02807	0.06375	0.08453	0.02949	0.16692	0.00537	0.00375	0.00114	0.00423	0.00438	0.00267	0.00470
16	0.00987	0.15827	0.08682	0.00739	0.01025	0.00837	0.03917	0.10289	0.02838	0.11693	0.01030	0.09975	0.02545	0.02357	0.00427	0.00110	0.04599	0.00391	0.00275	0.21457
17	0.01071	0.02584	0.10960	0.00909	0.06543	0.25251	0.01851	0.10545	0.05141	0.05994	0.05579	0.01293	0.02665	0.13682	0.00612	0.00149	0.00480	0.00372	0.00261	0.04057

[dist]
# distance from previous block
# <min> <max>
8	24

[block]
# block no. 2 follows, 71 sequences, length 7
# corresponding to MSA columns:
# 135-141
name=unknown_C
#
# <colnr> <probs for GDERKNQSTAVLIFYWHMCP>
#	G	D	E	R	K	N	Q	S	T	A	V	L	I	F	Y	W	H	M	C	P
0	0.01059	0.02772	0.03496	0.00859	0.03556	0.09344	0.03399	0.26982	0.10398	0.03705	0.00997	0.03058	0.00846	0.10196	0.12368	0.00217	0.05563	0.00393	0.00290	0.00504
1	0.51537	0.03552	0.02792	0.02704	0.08610	0.14644	0.02425	0.07444	0.00847	0.01540	0.00602	0.00709	0.00474	0.00368	0.00290	0.00114	0.00407	0.00247	0.00231	0.00464
2	0.00546	0.00375	0.00435	0.00437	0.00455	0.00374	0.00264	0.00572	0.00608	0.00811	0.04425	0.05592	0.06935	0.68515	0.07812	0.00357	0.00395	0.00588	0.00250	0.00254
3	0.01004	0.03072	0.23394	0.01397	0.24968	0.02520	0.09212	0.15630	0.05806	0.04126	0.04526	0.01028	0.00753	0.00402	0.00384	0.00118	0.00476	0.00356	0.00248	0.00580
4	0.00663	0.04346	0.03651	0.00522	0.00680	0.00470	0.00422	0.00857	0.05720	0.08198	0.23719	0.12600	0.31800	0.00806	0.00429	0.00124	0.00238	0.00687	0.00365	0.03704
5	0.00640	0.00485	0.02570	0.00585	0.04252	0.00425	0.00431	0.03165	0.01042	0.06118	0.54097	0.04951	0.18221	0.00774	0.00442	0.00123	0.00221	0.00673	0.00394	0.00394
6	0.01027	0.11454	0.27896	0.01006	0.07492	0.11553	0.02528	0.09308	0.04116	0.07554	0.02767	0.04621	0.00747	0.00469	0.01589	0.00120	0.01803	0.00342	0.00241	0.03366

[dist]
# distance from previous block
# <min> <max>
0	1

[block]
# block no. 3 follows, 71 sequences, length 12
# corresponding to MSA columns:
# 143-154
name=unknown_D
#
# <colnr> <probs for GDERKNQSTAVLIFYWHMCP>
#	G	D	E	R	K	N	Q	S	T	A	V	L	I	F	Y	W	H	M	C	P
0	0.01092	0.04935	0.02738	0.02198	0.17172	0.02948	0.03943	0.25484	0.22364	0.03156	0.05726	0.01153	0.00928	0.00449	0.00379	0.00116	0.00395	0.00377	0.00317	0.04130
1	0.08716	0.05574	0.14933	0.00865	0.07250	0.10579	0.02595	0.02205	0.02440	0.06985	0.00943	0.01015	0.06011	0.00389	0.00331	0.00096	0.00407	0.00304	0.00237	0.28126
2	0.58061	0.08928	0.07655	0.00672	0.02799	0.10217	0.00581	0.02747	0.00751	0.01497	0.00578	0.00682	0.00460	0.00427	0.02524	0.00126	0.00398	0.00229	0.00221	0.00445
3	0.01041	0.03278	0.05115	0.05614	0.29601	0.06659	0.09803	0.12387	0.05906	0.05866	0.05960	0.01086	0.00822	0.00424	0.00431	0.00119	0.04706	0.00371	0.00255	0.00557
4	0.01280	0.09886	0.01060	0.00800	0.01031	0.33107	0.00637	0.15911	0.03930	0.13706	0.09596	0.01219	0.05233	0.00486	0.00366	0.00108	0.00469	0.00362	0.00306	0.00508
5	0.02012	0.02654	0.12193	0.03248	0.00966	0.20874	0.00650	0.02483	0.01877	0.01069	0.03513	0.28078	0.05577	0.04202	0.00483	0.00142	0.00417	0.08885	0.00278	0.00400
6	0.05968	0.00641	0.00829	0.00733	0.04334	0.00633	0.02587	0.10375	0.04272	0.29947	0.20496	0.08820	0.04600	0.00616	0.00435	0.00124	0.03162	0.00517	0.00393	0.00517
7	0.00842	0.01490	0.45608	0.01241	0.07538	0.00965	0.14723	0.03595	0.02963	0.01214	0.00702	0.00881	0.00536	0.00417	0.00539	0.00130	0.15562	0.00330	0.00183	0.00539
8	0.00474	0.00358	0.00440	0.00498	0.00559	0.00324	0.00351	0.00561	0.00798	0.01027	0.05811	0.53822	0.26902	0.01108	0.00479	0.00148	0.00220	0.05442	0.00358	0.00319
9	0.00689	0.00625	0.04730	0.06338	0.09681	0.00574	0.03048	0.03278	0.09280	0.02734	0.33624	0.04008	0.16799	0.02348	0.00457	0.00129	0.00292	0.00592	0.00342	0.00434
10	0.00929	0.00894	0.01430	0.22033	0.59190	0.03833	0.01120	0.03799	0.00885	0.01215	0.00714	0.00956	0.00582	0.00357	0.00379	0.00117	0.00476	0.00338	0.00192	0.00560
11	0.00961	0.03289	0.21399	0.04932	0.27541	0.03250	0.06830	0.07523	0.16383	0.02784	0.00893	0.01003	0.00681	0.00393	0.00379	0.00119	0.00470	0.00348	0.00239	0.00580

[dist]
# distance from previous block
# <min> <max>
1	3

[block]
# block no. 4 follows, 71 sequences, length 24
# corresponding to MSA columns:
# 158-181
name=unknown_E
#
# <colnr> <probs for GDERKNQSTAVLIFYWHMCP>
#	G	D	E	R	K	N	Q	S	T	A	V	L	I	F	Y	W	H	M	C	P
0	0.10608	0.21354	0.11046	0.03597	0.05094	0.14720	0.02842	0.12256	0.06424	0.05678	0.00755	0.00825	0.00583	0.00386	0.00327	0.00106	0.00461	0.00282	0.00241	0.02415
1	0.43372	0.18848	0.04047	0.00702	0.03255	0.11318	0.00588	0.04347	0.06632	0.01438	0.02035	0.00751	0.00565	0.00378	0.00281	0.00109	0.00386	0.00248	0.00233	0.00467
2	0.00824	0.06548	0.66747	0.01066	0.01565	0.03737	0.04676	0.01264	0.05750	0.01205	0.00728	0.00842	0.00532	0.00378	0.00384	0.00120	0.02605	0.00295	0.00178	0.00555
3	0.00805	0.05703	0.09797	0.00769	0.05020	0.03951	0.00629	0.03036	0.28991	0.02278	0.18580	0.03942	0.13696	0.00614	0.00401	0.00123	0.00320	0.00515	0.00337	0.00492
4	0.00506	0.00406	0.00455	0.00454	0.00564	0.00367	0.00336	0.00676	0.05494	0.01191	0.24399	0.14259	0.47662	0.00928	0.00454	0.00131	0.00201	0.00795	0.00375	0.00348
5	0.00833	0.00881	0.03831	0.22582	0.03197	0.07046	0.02020	0.00994	0.02001	0.00973	0.00682	0.05990	0.00639	0.00585	0.00851	0.00148	0.45752	0.00377	0.00186	0.00429
6	0.00520	0.00388	0.00483	0.00466	0.00560	0.00351	0.00347	0.00676	0.01021	0.01400	0.62474	0.08016	0.20189	0.00848	0.00455	0.00125	0.00186	0.00741	0.00404	0.00351
7	0.00630	0.00489	0.00590	0.00631	0.05552	0.03870	0.00400	0.02561	0.00661	0.00887	0.02638	0.05588	0.01256	0.46409	0.25816	0.00397	0.00572	0.00510	0.00233	0.00311
8	0.00553	0.00374	0.00428	0.00424	0.00439	0.00369	0.00249	0.00576	0.00626	0.00842	0.10574	0.02585	0.04168	0.74287	0.01737	0.00336	0.00345	0.00581	0.00257	0.00250
9	0.01076	0.66983	0.01764	0.00683	0.00989	0.04259	0.00647	0.10244	0.00930	0.03207	0.05583	0.00803	0.00708	0.00376	0.00281	0.00089	0.00405	0.00256	0.00213	0.00504
10	0.00540	0.00412	0.00505	0.00472	0.00588	0.00363	0.00354	0.00695	0.00995	0.01372	0.54762	0.07505	0.21080	0.00807	0.00441	0.00119	0.00195	0.00702	0.00388	0.07708
11	0.06141	0.22135	0.06802	0.03561	0.01179	0.08376	0.07229	0.12445	0.01031	0.22970	0.00938	0.03992	0.00710	0.00427	0.00347	0.00110	0.00434	0.00336	0.00291	0.00545
12	0.00923	0.17537	0.23945	0.07075	0.04437	0.01027	0.29641	0.01215	0.00845	0.05753	0.00729	0.00899	0.00553	0.00360	0.00406	0.00118	0.03476	0.00341	0.00193	0.00526
13	0.00571	0.00397	0.00494	0.00474	0.00573	0.00359	0.00351	0.00716	0.00992	0.05102	0.53299	0.10236	0.20312	0.03795	0.00504	0.00134	0.00200	0.00734	0.00398	0.00358
14	0.01168	0.00772	0.00833	0.00708	0.00935	0.05759	0.00563	0.10013	0.29109	0.25907	0.07539	0.01712	0.10374	0.00573	0.00400	0.00124	0.00326	0.02225	0.00400	0.00561
15	0.01216	0.19251	0.06199	0.00978	0.01247	0.44502	0.10988	0.06219	0.01009	0.01065	0.00649	0.00800	0.00544	0.03275	0.00396	0.00111	0.00593	0.00282	0.00200	0.00476
16	0.03484	0.00657	0.02664	0.00615	0.00761	0.08476	0.00475	0.06540	0.03895	0.06784	0.09826	0.25810	0.12540	0.03382	0.05517	0.00164	0.00352	0.02414	0.00330	0.05314
17	0.03876	0.04048	0.02378	0.06721	0.01124	0.00749	0.02573	0.12161	0.10309	0.11325	0.00904	0.00954	0.00680	0.00370	0.00331	0.00091	0.00344	0.00298	0.00288	0.40476
18	0.06075	0.04561	0.08498	0.00662	0.00842	0.02756	0.00568	0.05174	0.03559	0.07029	0.05496	0.09870	0.01180	0.09928	0.19168	0.00255	0.03380	0.03029	0.01367	0.06602
19	0.04554	0.18200	0.24359	0.02250	0.01176	0.06041	0.04921	0.05436	0.00908	0.06270	0.07279	0.06127	0.05949	0.00482	0.00357	0.00112	0.00428	0.00389	0.00246	0.04516
20	0.01054	0.07643	0.13054	0.01881	0.04271	0.06833	0.02518	0.11134	0.06240	0.15532	0.02338	0.09070	0.03030	0.05584	0.00466	0.00129	0.00402	0.00421	0.00298	0.08102
21	0.00999	0.09875	0.10506	0.03155	0.08500	0.05057	0.05675	0.04751	0.02164	0.14960	0.02739	0.07363	0.00923	0.08343	0.00510	0.00133	0.00408	0.01125	0.00270	0.12542
22	0.04962	0.08261	0.15241	0.00865	0.01159	0.06798	0.12514	0.03560	0.02410	0.07537	0.07584	0.03249	0.02509	0.00696	0.08166	0.00161	0.00493	0.04790	0.00256	0.08791
23	0.10119	0.02163	0.20495	0.00702	0.00953	0.03730	0.00677	0.01052	0.01663	0.12207	0.06839	0.15187	0.04107	0.06981	0.00507	0.00145	0.00367	0.07072	0.00294	0.04741

[dist]
# distance from previous block
# <min> <max>
11	37

[block]
# block no. 5 follows, 71 sequences, length 12
# corresponding to MSA columns:
# 220-231
name=unknown_F
#
# <colnr> <probs for GDERKNQSTAVLIFYWHMCP>
#	G	D	E	R	K	N	Q	S	T	A	V	L	I	F	Y	W	H	M	C	P
0	0.09367	0.01088	0.10560	0.00778	0.01016	0.17395	0.00667	0.19636	0.07687	0.05397	0.03780	0.07897	0.03980	0.07232	0.00498	0.00139	0.00430	0.01667	0.00298	0.00490
1	0.00631	0.00498	0.00623	0.00632	0.04691	0.01940	0.02657	0.00762	0.05384	0.00955	0.01410	0.12471	0.05635	0.40006	0.07977	0.00277	0.00402	0.04592	0.00262	0.08194
2	0.01183	0.00605	0.00750	0.00623	0.00844	0.00564	0.00499	0.09303	0.04660	0.37073	0.05845	0.08510	0.06660	0.01632	0.00409	0.00121	0.00295	0.04503	0.08655	0.07264
3	0.01183	0.15999	0.02860	0.05226	0.07669	0.39851	0.00747	0.07681	0.01017	0.01130	0.02459	0.00795	0.00593	0.00379	0.00332	0.00096	0.00533	0.00268	0.00212	0.10972
4	0.00591	0.00413	0.00515	0.00495	0.00593	0.00385	0.00366	0.00776	0.04484	0.05000	0.52559	0.13278	0.13971	0.04225	0.00511	0.00136	0.00207	0.00729	0.00398	0.00368
5	0.01203	0.03701	0.01270	0.10256	0.19831	0.44430	0.04036	0.05993	0.02287	0.01117	0.00668	0.00822	0.00544	0.00387	0.00376	0.00108	0.01974	0.00295	0.00205	0.00497
6	0.00586	0.00400	0.00496	0.00470	0.00565	0.00364	0.00344	0.00725	0.00973	0.05607	0.52477	0.06095	0.17801	0.10667	0.00623	0.00152	0.00214	0.00698	0.00388	0.00353
7	0.00666	0.00415	0.00542	0.00515	0.00616	0.00383	0.00385	0.00812	0.00976	0.10877	0.49631	0.14129	0.06842	0.05404	0.04115	0.00161	0.00254	0.02504	0.00395	0.00379
8	0.00495	0.00387	0.00448	0.00439	0.00545	0.00340	0.00327	0.00628	0.00962	0.01260	0.40133	0.08010	0.42857	0.00899	0.00455	0.00127	0.00190	0.00773	0.00386	0.00340
9	0.00816	0.05362	0.29622	0.00780	0.01093	0.00766	0.00809	0.08517	0.13282	0.03993	0.20629	0.02932	0.08672	0.00561	0.00395	0.00121	0.00371	0.00464	0.00306	0.00506
10	0.01027	0.09109	0.01452	0.12371	0.49163	0.18139	0.01025	0.01222	0.00895	0.01121	0.00672	0.00874	0.00561	0.00357	0.00361	0.00110	0.00506	0.00309	0.00187	0.00540
11	0.01033	0.09546	0.07335	0.01319	0.27892	0.10005	0.05180	0.07471	0.00954	0.05403	0.02157	0.00900	0.00637	0.00358	0.00348	0.00099	0.00446	0.00305	0.00227	0.18384

[dist]
# distance from previous block
# <min> <max>
1	6

[block]
# block no. 6 follows, 71 sequences, length 9
# corresponding to MSA columns:
# 238-246
name=unknown_G
#
# <colnr> <probs for GDERKNQSTAVLIFYWHMCP>
#	G	D	E	R	K	N	Q	S	T	A	V	L	I	F	Y	W	H	M	C	P
0	0.13524	0.00454	0.00508	0.00512	0.00612	0.00455	0.00372	0.00797	0.05816	0.03392	0.22905	0.30786	0.11567	0.05944	0.00517	0.00149	0.00236	0.00739	0.00353	0.00363
1	0.11437	0.00846	0.00882	0.00734	0.00940	0.09032	0.02358	0.20612	0.05290	0.19183	0.01080	0.05448	0.00884	0.11100	0.00612	0.00152	0.05452	0.00398	0.03053	0.00507
2	0.00608	0.00390	0.00474	0.00475	0.00517	0.00379	0.00311	0.00660	0.00688	0.05836	0.07662	0.14623	0.06384	0.50180	0.05824	0.00299	0.00358	0.03750	0.00289	0.00294
3	0.13175	0.29166	0.22806	0.00805	0.01150	0.12252	0.00822	0.09018	0.00924	0.01278	0.04878	0.00821	0.00655	0.00386	0.00312	0.00105	0.00462	0.00270	0.00212	0.00503
4	0.00491	0.00364	0.00450	0.00503	0.00568	0.00333	0.00362	0.00590	0.00819	0.01073	0.10018	0.46792	0.24005	0.01069	0.00474	0.00146	0.00223	0.08686	0.02709	0.00324
5	0.00744	0.06994	0.05739	0.00704	0.00840	0.09658	0.04905	0.03259	0.00827	0.02900	0.04894	0.34402	0.03615	0.09856	0.02020	0.00168	0.03471	0.04332	0.00289	0.00383
6	0.03877	0.00433	0.00559	0.00571	0.00670	0.00415	0.00436	0.00797	0.00815	0.10237	0.07539	0.29978	0.08358	0.05710	0.09300	0.00206	0.00350	0.16415	0.00343	0.02991
7	0.08428	0.12256	0.04525	0.09275	0.03063	0.23045	0.17122	0.10307	0.00996	0.01248	0.00862	0.00988	0.05438	0.00407	0.00361	0.00112	0.00527	0.00336	0.00222	0.00485
8	0.02947	0.00744	0.00771	0.00718	0.03968	0.08377	0.00526	0.19382	0.04730	0.05252	0.06897	0.18053	0.11465	0.05884	0.00502	0.00137	0.00339	0.02383	0.00333	0.06592

[dist]
# distance from previous block
# <min> <max>
0	1

[block]
# block no. 7 follows, 71 sequences, length 21
# corresponding to MSA columns:
# 248-268
name=unknown_H
#
# <colnr> <probs for GDERKNQSTAVLIFYWHMCP>
#	G	D	E	R	K	N	Q	S	T	A	V	L	I	F	Y	W	H	M	C	P
0	0.02989	0.17258	0.55586	0.00956	0.01427	0.03228	0.01141	0.03500	0.05405	0.01218	0.00708	0.00803	0.00531	0.00367	0.00339	0.00112	0.00507	0.00274	0.00186	0.03466
1	0.33011	0.06134	0.13595	0.01785	0.01058	0.07636	0.02037	0.14522	0.00955	0.05744	0.03820	0.00867	0.00648	0.00469	0.02815	0.00127	0.00423	0.00284	0.00258	0.03811
2	0.05841	0.08008	0.08588	0.02893	0.01190	0.04353	0.05287	0.32278	0.08685	0.09943	0.03902	0.03038	0.00820	0.00465	0.00397	0.00118	0.02940	0.00365	0.00319	0.00569
3	0.00576	0.00397	0.00456	0.00452	0.00475	0.00399	0.00275	0.02299	0.02546	0.00873	0.06602	0.07957	0.03193	0.68028	0.03656	0.00332	0.00361	0.00595	0.00261	0.00267
4	0.00754	0.00535	0.00655	0.00616	0.00734	0.00560	0.00476	0.15313	0.03237	0.04038	0.09937	0.10566	0.08052	0.13034	0.18386	0.00270	0.00464	0.11651	0.00323	0.00399
5	0.00552	0.00414	0.00483	0.00459	0.00576	0.00373	0.00347	0.00730	0.04085	0.03548	0.44778	0.03118	0.37442	0.00845	0.00449	0.00125	0.00195	0.00724	0.00394	0.00363
6	0.01044	0.42667	0.20743	0.00892	0.01264	0.10158	0.07527	0.09490	0.00933	0.01157	0.00634	0.00733	0.00514	0.00356	0.00314	0.00100	0.00496	0.00262	0.00192	0.00522
7	0.14536	0.00889	0.00914	0.00749	0.00972	0.07538	0.03281	0.35048	0.03223	0.07038	0.00938	0.01170	0.00764	0.12388	0.07360	0.00190	0.00461	0.00359	0.01673	0.00507
8	0.00598	0.00404	0.00497	0.00472	0.00575	0.00364	0.00349	0.00736	0.00976	0.06977	0.47875	0.08026	0.22874	0.06902	0.00556	0.00143	0.00210	0.00715	0.00392	0.00360
9	0.01063	0.00986	0.00888	0.03291	0.01041	0.19068	0.00620	0.06644	0.43443	0.05835	0.04342	0.05046	0.04972	0.00543	0.00389	0.00122	0.00389	0.00438	0.00344	0.00537
10	0.00838	0.00727	0.00822	0.00665	0.00889	0.07526	0.02477	0.01034	0.05353	0.04782	0.05498	0.01184	0.00889	0.06797	0.11804	0.00177	0.06239	0.00334	0.00248	0.41715
11	0.00656	0.00563	0.00946	0.00884	0.07554	0.00582	0.16038	0.00788	0.00671	0.00934	0.01007	0.01702	0.00999	0.30627	0.32476	0.00393	0.02146	0.00462	0.00210	0.00361
12	0.01115	0.11595	0.10193	0.01096	0.16033	0.06914	0.04955	0.09212	0.03435	0.15294	0.03814	0.00997	0.00750	0.00396	0.00364	0.00105	0.01279	0.00326	0.00270	0.11856
13	0.03344	0.35880	0.01458	0.00823	0.02137	0.23249	0.00695	0.21460	0.05280	0.01345	0.00699	0.00756	0.00566	0.00389	0.00315	0.00098	0.00479	0.00264	0.00240	0.00525
14	0.05581	0.02709	0.02611	0.00705	0.04980	0.00612	0.00542	0.08083	0.03148	0.29807	0.21612	0.04703	0.06415	0.00574	0.00391	0.00116	0.00296	0.00481	0.00384	0.06250
15	0.01106	0.09045	0.17364	0.03871	0.18810	0.04950	0.03911	0.14496	0.08696	0.11485	0.02035	0.00994	0.00706	0.00406	0.00369	0.00115	0.00454	0.00337	0.00269	0.00581
16	0.01003	0.08897	0.13391	0.00916	0.09173	0.00748	0.04330	0.05777	0.06370	0.20099	0.03350	0.18513	0.04577	0.00603	0.00397	0.00124	0.00370	0.00521	0.00318	0.00522
17	0.01323	0.00555	0.00734	0.00605	0.00804	0.00494	0.00464	0.01428	0.00933	0.56430	0.01494	0.09435	0.01203	0.21396	0.00775	0.00183	0.00328	0.00492	0.00405	0.00519
18	0.00515	0.00407	0.00531	0.00561	0.00634	0.00385	0.03442	0.00671	0.06686	0.01045	0.02401	0.59423	0.19716	0.01071	0.00473	0.00147	0.00238	0.00959	0.00352	0.00343
19	0.01267	0.16272	0.04638	0.02691	0.07765	0.13417	0.00750	0.28049	0.06624	0.11351	0.00958	0.00980	0.02705	0.00431	0.00355	0.00109	0.00445	0.00325	0.00299	0.00571
20	0.00906	0.14132	0.38989	0.05342	0.04951	0.08185	0.09526	0.03764	0.00873	0.02875	0.00821	0.00953	0.03656	0.00459	0.02859	0.00129	0.00545	0.00319	0.00192	0.00523

[dist]
# distance from previous block
# <min> <max>
1	6

[block]
# block no. 8 follows, 71 sequences, length 64
# corresponding to MSA columns:
# 275-338
name=unknown_I
#
# <colnr> <probs for GDERKNQSTAVLIFYWHMCP>
#	G	D	E	R	K	N	Q	S	T	A	V	L	I	F	Y	W	H	M	C	P
0	0.00923	0.10306	0.43378	0.00906	0.01314	0.04193	0.02822	0.03839	0.06542	0.08933	0.06576	0.01105	0.02254	0.02149	0.00395	0.00120	0.00467	0.00340	0.00240	0.03197
1	0.00824	0.03705	0.00858	0.00694	0.00837	0.06903	0.10821	0.00961	0.02224	0.11415	0.13759	0.06395	0.05049	0.24947	0.07949	0.00234	0.00436	0.01306	0.00295	0.00390
2	0.00922	0.00881	0.07079	0.03934	0.32203	0.03529	0.06074	0.07201	0.05615	0.06571	0.08608	0.09394	0.05251	0.00525	0.00404	0.00122	0.00406	0.00476	0.00276	0.00530
3	0.05082	0.15693	0.01330	0.51958	0.15004	0.00971	0.00970	0.01065	0.00787	0.02743	0.00672	0.00926	0.00527	0.00368	0.00352	0.00117	0.00471	0.00312	0.00182	0.00470
4	0.00905	0.20285	0.28961	0.10200	0.23290	0.02487	0.04648	0.01185	0.00830	0.02820	0.00681	0.00843	0.00536	0.00353	0.00348	0.00111	0.00498	0.00296	0.00179	0.00544
5	0.00712	0.00537	0.00559	0.00564	0.00645	0.08025	0.00390	0.00817	0.03875	0.08306	0.01756	0.42131	0.06363	0.19939	0.00780	0.00190	0.00310	0.00767	0.00322	0.03011
6	0.03615	0.00835	0.07878	0.04940	0.12270	0.05497	0.01982	0.05662	0.09327	0.13974	0.15573	0.08248	0.04788	0.00562	0.00397	0.00121	0.00360	0.00481	0.00324	0.03165
7	0.00548	0.00411	0.00616	0.00616	0.00685	0.00479	0.00479	0.00685	0.00616	0.00890	0.01027	0.01506	0.00959	0.02876	0.85006	0.00616	0.01027	0.00411	0.00205	0.00342
8	0.03787	0.00993	0.08795	0.05868	0.01382	0.03807	0.20242	0.12011	0.02307	0.07088	0.00797	0.03516	0.00647	0.00522	0.00668	0.03434	0.23025	0.00381	0.00236	0.00495
9	0.89233	0.00741	0.00564	0.00504	0.00741	0.00860	0.00415	0.01127	0.00653	0.01720	0.00534	0.00623	0.00415	0.00356	0.00237	0.00119	0.00297	0.00208	0.00237	0.00415
10	0.00795	0.00681	0.00795	0.00568	0.00909	0.00511	0.00454	0.00965	0.00795	0.01249	0.00681	0.00795	0.00568	0.00284	0.00284	0.00057	0.00284	0.00227	0.00227	0.88869
11	0.00924	0.00779	0.05449	0.10004	0.10799	0.00664	0.08098	0.02759	0.00861	0.12692	0.00908	0.05470	0.00742	0.00525	0.04853	0.00126	0.00420	0.00355	0.00253	0.33319
12	0.00552	0.00373	0.00420	0.00420	0.00428	0.00371	0.00240	0.00559	0.00576	0.00762	0.01353	0.02557	0.05964	0.80306	0.03334	0.00363	0.00373	0.00569	0.00239	0.00239
13	0.06871	0.01057	0.08214	0.00860	0.01165	0.04383	0.03774	0.44840	0.06392	0.10726	0.00960	0.00988	0.00692	0.00568	0.04868	0.00142	0.00458	0.00342	0.00338	0.02363
14	0.01289	0.09772	0.06121	0.00939	0.01174	0.59923	0.02288	0.05757	0.02809	0.01069	0.03300	0.02452	0.00656	0.00420	0.00348	0.00102	0.00609	0.00289	0.00216	0.00467
15	0.00467	0.00334	0.00445	0.00534	0.00556	0.00311	0.00356	0.00534	0.00734	0.00979	0.02113	0.86275	0.02536	0.01201	0.00489	0.00156	0.00222	0.01090	0.00356	0.00311
16	0.02756	0.71878	0.03779	0.00674	0.01002	0.01387	0.00663	0.04142	0.00844	0.08942	0.00644	0.00696	0.00540	0.00348	0.00267	0.00088	0.00404	0.00229	0.00203	0.00513
17	0.00801	0.05772	0.68493	0.01027	0.01521	0.03430	0.01263	0.02093	0.00816	0.01187	0.00725	0.03857	0.00565	0.00403	0.00394	0.00120	0.03710	0.00308	0.00175	0.03340
18	0.02859	0.10836	0.29731	0.04198	0.06665	0.08697	0.04012	0.24481	0.01121	0.02797	0.00743	0.00838	0.00553	0.00390	0.00358	0.00113	0.00504	0.00301	0.00238	0.00565
19	0.00478	0.00343	0.00455	0.00533	0.00565	0.00320	0.00364	0.00558	0.00769	0.01028	0.08326	0.75112	0.04514	0.01159	0.00487	0.00153	0.00223	0.03933	0.00361	0.00317
20	0.00885	0.00999	0.02165	0.01553	0.01925	0.00936	0.78174	0.01200	0.00915	0.01245	0.05386	0.01136	0.00750	0.00349	0.00452	0.00129	0.00621	0.00466	0.00207	0.00509
21	0.00980	0.11388	0.29822	0.05428	0.01347	0.00926	0.03838	0.05494	0.09433	0.06638	0.05822	0.06995	0.04589	0.03164	0.00491	0.00149	0.02177	0.00454	0.00296	0.00568
22	0.10053	0.02495	0.10694	0.00796	0.01111	0.02274	0.00718	0.31947	0.04263	0.27113	0.01087	0.01127	0.00769	0.00463	0.00370	0.00119	0.00395	0.03242	0.00363	0.00600
23	0.00506	0.00366	0.00445	0.00476	0.00521	0.00346	0.00319	0.00576	0.00745	0.00983	0.11340	0.33396	0.16363	0.25980	0.04047	0.00228	0.00289	0.02455	0.00322	0.00298
24	0.00811	0.06305	0.51515	0.01052	0.01484	0.05094	0.11607	0.02817	0.00835	0.01169	0.00815	0.06849	0.00680	0.00602	0.06553	0.00157	0.00581	0.00366	0.00189	0.00518
25	0.04785	0.08740	0.06761	0.01021	0.06864	0.18983	0.13932	0.10511	0.03861	0.04913	0.08760	0.04017	0.04249	0.00472	0.00380	0.00115	0.00475	0.00400	0.00265	0.00500
26	0.00545	0.00406	0.00598	0.00602	0.00664	0.00467	0.00460	0.00672	0.00617	0.00885	0.01077	0.04599	0.01041	0.07760	0.77072	0.00585	0.00959	0.00444	0.00212	0.00335
27	0.00471	0.00340	0.00447	0.00531	0.00561	0.00316	0.00360	0.00542	0.00746	0.00987	0.02205	0.79457	0.06853	0.01185	0.00489	0.00155	0.00225	0.03461	0.00356	0.00313
28	0.00878	0.03267	0.31671	0.06534	0.01393	0.07621	0.09451	0.04255	0.04622	0.05693	0.10568	0.05373	0.01065	0.00539	0.02147	0.00134	0.02201	0.01839	0.00248	0.00503
29	0.01373	0.04211	0.11325	0.00919	0.03698	0.06223	0.00797	0.48900	0.02745	0.14570	0.00952	0.00949	0.00668	0.00439	0.00374	0.00114	0.00440	0.00334	0.00345	0.00621
30	0.00771	0.00723	0.01159	0.53305	0.21757	0.02775	0.00994	0.00997	0.00807	0.01067	0.03880	0.05821	0.00782	0.01776	0.00413	0.00128	0.00467	0.00397	0.01524	0.00457
31	0.83205	0.00769	0.00593	0.02320	0.00795	0.03516	0.00440	0.01130	0.00668	0.01667	0.00547	0.00647	0.00428	0.00397	0.01563	0.00126	0.00325	0.00215	0.00234	0.00415
32	0.00479	0.00380	0.00430	0.00438	0.00539	0.00332	0.00321	0.00593	0.00905	0.01157	0.24454	0.17488	0.49207	0.00961	0.00459	0.00132	0.00196	0.00827	0.00373	0.00332
33	0.02555	0.41168	0.01483	0.00801	0.01063	0.34008	0.00681	0.02625	0.10362	0.01032	0.00680	0.00743	0.00572	0.00379	0.00303	0.00095	0.00506	0.00250	0.00207	0.00488
34	0.07082	0.14510	0.29764	0.00872	0.01240	0.07868	0.03400	0.05463	0.11414	0.08000	0.04177	0.00970	0.00746	0.00408	0.00346	0.00113	0.00454	0.00314	0.00249	0.02611
35	0.02414	0.16853	0.48373	0.01061	0.02577	0.01020	0.11849	0.03710	0.05239	0.02375	0.00734	0.00846	0.00548	0.00365	0.00355	0.00115	0.00521	0.00302	0.00191	0.00551
36	0.00483	0.00345	0.00449	0.00526	0.00554	0.00324	0.00355	0.00550	0.00730	0.00967	0.02091	0.71312	0.05441	0.09137	0.00626	0.00176	0.00242	0.05041	0.00344	0.00307
37	0.13582	0.00625	0.00755	0.00629	0.00857	0.00599	0.00504	0.06428	0.02954	0.45244	0.04159	0.10676	0.05574	0.02127	0.01799	0.00137	0.00317	0.02096	0.00402	0.00536
38	0.01807	0.19531	0.27630	0.02366	0.01254	0.02327	0.03881	0.14367	0.05164	0.02774	0.00892	0.09887	0.00778	0.00487	0.00409	0.00119	0.05183	0.00380	0.00239	0.00525
39	0.00566	0.00402	0.00504	0.00491	0.00507	0.00413	0.02406	0.00592	0.00587	0.00792	0.01244	0.09800	0.01418	0.68322	0.07568	0.00357	0.02945	0.00585	0.00239	0.00260
40	0.00459	0.00381	0.00402	0.00413	0.00526	0.00324	0.00303	0.00555	0.00863	0.01049	0.07001	0.15227	0.69189	0.00995	0.00458	0.00133	0.00198	0.00844	0.00359	0.00324
41	0.09218	0.00651	0.06419	0.00600	0.00783	0.00578	0.02130	0.06050	0.09488	0.04011	0.19952	0.09056	0.12954	0.06564	0.01810	0.00146	0.00297	0.00553	0.03617	0.05121
42	0.12423	0.08558	0.12830	0.00781	0.01092	0.08729	0.00718	0.15174	0.05816	0.26060	0.00990	0.00980	0.00697	0.00496	0.02893	0.00129	0.00434	0.00317	0.00319	0.00565
43	0.00535	0.00400	0.00562	0.00566	0.00631	0.00443	0.00425	0.00649	0.00641	0.00892	0.01393	0.05797	0.09632	0.12321	0.62710	0.00516	0.00828	0.00501	0.00231	0.00326
44	0.09337	0.00975	0.01056	0.00816	0.01115	0.01057	0.00674	0.62312	0.01585	0.15763	0.00983	0.00957	0.00679	0.00453	0.00371	0.00116	0.00395	0.00340	0.00385	0.00631
45	0.05405	0.09418	0.39996	0.00922	0.04339	0.00902	0.00974	0.07031	0.11807	0.02732	0.02533	0.02948	0.06701	0.00508	0.02061	0.00129	0.00453	0.00365	0.00242	0.00535
46	0.00658	0.00500	0.00619	0.00580	0.00640	0.01854	0.00423	0.00816	0.07615	0.02516	0.21309	0.02822	0.03029	0.26377	0.12540	0.05961	0.10596	0.00521	0.00283	0.00341
47	0.00887	0.00837	0.01416	0.04746	0.69995	0.00839	0.02327	0.01093	0.00844	0.01197	0.00844	0.07000	0.00781	0.04982	0.00472	0.00131	0.00439	0.00407	0.00203	0.00560
48	0.00769	0.01983	0.84538	0.01093	0.01659	0.00890	0.01417	0.01214	0.00810	0.01214	0.00688	0.00810	0.00486	0.00364	0.00364	0.00121	0.00567	0.00283	0.00162	0.00567
49	0.05652	0.01811	0.21284	0.00989	0.01278	0.60409	0.00888	0.01434	0.00998	0.01044	0.00613	0.00717	0.00488	0.00386	0.00345	0.00105	0.00642	0.00254	0.00191	0.00473
50	0.02048	0.06270	0.10945	0.06935	0.09552	0.20200	0.16331	0.04522	0.10010	0.03951	0.04234	0.01013	0.00745	0.00405	0.00386	0.00116	0.01234	0.00351	0.00235	0.00518
51	0.00881	0.03195	0.56928	0.01089	0.07242	0.00871	0.01191	0.09450	0.00929	0.05222	0.00879	0.04228	0.00707	0.00448	0.00380	0.00124	0.00505	0.04953	0.00219	0.00559
52	0.00548	0.00411	0.00616	0.00616	0.00685	0.00479	0.00479	0.00685	0.00616	0.00890	0.01027	0.01506	0.00959	0.02876	0.85006	0.00616	0.01027	0.00411	0.00205	0.00342
53	0.00572	0.00492	0.00690	0.24344	0.05567	0.00507	0.00574	0.00730	0.00863	0.01108	0.15806	0.12030	0.33742	0.00769	0.00434	0.00130	0.00298	0.00666	0.00306	0.00372
54	0.06497	0.12099	0.01236	0.05692	0.08809	0.21713	0.04623	0.18257	0.09624	0.03293	0.00881	0.02820	0.01962	0.00430	0.00355	0.00111	0.00475	0.00333	0.00264	0.00526
55	0.00676	0.00365	0.00526	0.00522	0.00539	0.00371	0.00357	0.03573	0.00570	0.00764	0.00794	0.06994	0.00809	0.01373	0.05825	0.74793	0.00366	0.00389	0.00190	0.00204
56	0.00467	0.00335	0.00444	0.00531	0.00555	0.00312	0.00354	0.00534	0.00737	0.00980	0.02153	0.84442	0.04343	0.01196	0.00489	0.00155	0.00222	0.01084	0.00356	0.00312
57	0.07607	0.12764	0.17766	0.01164	0.16825	0.11010	0.03130	0.18250	0.01063	0.05854	0.00745	0.00837	0.00567	0.00383	0.00347	0.00111	0.00479	0.00297	0.00241	0.00560
58	0.02024	0.13325	0.03213	0.01316	0.25797	0.24054	0.01777	0.15518	0.05198	0.03138	0.00751	0.00853	0.00598	0.00387	0.00352	0.00107	0.00501	0.00301	0.00238	0.00551
59	0.00522	0.00383	0.00499	0.00553	0.00622	0.00360	0.00423	0.00646	0.00861	0.01137	0.17250	0.35672	0.14312	0.01051	0.00489	0.00152	0.00248	0.24118	0.00367	0.00334
60	0.02980	0.01771	0.11133	0.07315	0.32166	0.07232	0.09630	0.09170	0.04156	0.06073	0.02180	0.01048	0.02616	0.00397	0.00383	0.00118	0.00480	0.00358	0.00237	0.00560
61	0.04205	0.08292	0.02396	0.02727	0.42878	0.07540	0.07229	0.13450	0.05137	0.01401	0.00764	0.00915	0.00612	0.00371	0.00367	0.00113	0.00468	0.00331	0.00229	0.00575
62	0.00551	0.00376	0.00431	0.00430	0.00444	0.00374	0.00254	0.00572	0.00605	0.00808	0.05733	0.02541	0.05762	0.73529	0.05782	0.00358	0.00384	0.00571	0.00248	0.00249
63	0.00541	0.00379	0.00453	0.00473	0.00499	0.00375	0.00299	0.00616	0.03269	0.00917	0.08875	0.25855	0.03547	0.48174	0.03829	0.00284	0.00327	0.00715	0.00290	0.00283

[dist]
# distance from previous block
# <min> <max>
0	6

# created by:
# /st0/software/busco_prod/Augustus/scripts/msa2prfl.pl ./align_prep/31879.fa
