[name]
unknown

[dist]
# distance from previous block
# <min> <max>
29	174

[block]
# block no. 0 follows, 66 sequences, length 17
# corresponding to MSA columns:
# 218-234
name=unknown_A
#
# <colnr> <probs for GDERKNQSTAVLIFYWHMCP>
#	G	D	E	R	K	N	Q	S	T	A	V	L	I	F	Y	W	H	M	C	P
0	0.05550	0.11283	0.04103	0.00980	0.08495	0.14519	0.06046	0.08411	0.09270	0.05392	0.09105	0.02511	0.06906	0.01605	0.00413	0.00123	0.00441	0.01775	0.00298	0.02775
1	0.03506	0.12778	0.07206	0.02438	0.05262	0.05988	0.03918	0.03816	0.11077	0.03961	0.05299	0.06305	0.10811	0.00589	0.00448	0.00124	0.05177	0.03020	0.00290	0.07987
2	0.06636	0.13491	0.10426	0.00812	0.04703	0.05308	0.03893	0.03526	0.02468	0.08035	0.05862	0.12640	0.13599	0.01889	0.01803	0.00137	0.00396	0.00528	0.00298	0.03550
3	0.04608	0.06334	0.11370	0.02540	0.06960	0.05581	0.02523	0.03897	0.04553	0.04674	0.09700	0.11024	0.07897	0.00595	0.00429	0.00121	0.03239	0.00493	0.00291	0.13171
4	0.01062	0.19148	0.14887	0.03888	0.03614	0.15139	0.00821	0.11653	0.06196	0.01324	0.01067	0.06424	0.05713	0.00495	0.00369	0.00113	0.00475	0.00382	0.00255	0.06974
5	0.05011	0.25739	0.09875	0.02995	0.06675	0.05816	0.01826	0.10647	0.08649	0.07953	0.07282	0.01198	0.02695	0.00468	0.00363	0.00115	0.00431	0.01419	0.00285	0.00557
6	0.02574	0.02821	0.10249	0.02549	0.12996	0.03492	0.05543	0.06071	0.02559	0.06312	0.06351	0.06272	0.05734	0.02801	0.00435	0.00119	0.00403	0.00433	0.00280	0.22007
7	0.02626	0.05184	0.05963	0.00838	0.08822	0.04947	0.01668	0.00840	0.02199	0.01154	0.08170	0.46961	0.04062	0.00982	0.02178	0.00156	0.00344	0.02172	0.00325	0.00411
8	0.00890	0.13705	0.12970	0.03955	0.04270	0.00764	0.02502	0.02379	0.00830	0.10529	0.01146	0.10527	0.01095	0.16760	0.08638	0.00223	0.00483	0.02479	0.00265	0.05592
9	0.02391	0.15398	0.27468	0.02790	0.09780	0.02801	0.09646	0.06467	0.03351	0.08530	0.00872	0.00973	0.01685	0.00398	0.00374	0.00117	0.00503	0.00332	0.00238	0.05886
10	0.01023	0.06766	0.17242	0.01317	0.03190	0.02727	0.38247	0.04827	0.05339	0.07454	0.00948	0.03471	0.00743	0.00433	0.00457	0.00132	0.02905	0.01966	0.00246	0.00565
11	0.00577	0.00397	0.00488	0.00498	0.00516	0.00409	0.00313	0.00614	0.00624	0.00846	0.01351	0.12034	0.01523	0.59482	0.18239	0.00418	0.00513	0.00624	0.00255	0.00279
12	0.04082	0.01101	0.08055	0.04163	0.28449	0.05759	0.13416	0.13386	0.05709	0.08336	0.00988	0.01109	0.02725	0.00423	0.00409	0.00125	0.00500	0.00386	0.00273	0.00605
13	0.03757	0.11463	0.07663	0.04220	0.11319	0.05789	0.03931	0.22485	0.04452	0.09326	0.00895	0.02064	0.00688	0.00453	0.00443	0.00121	0.06276	0.00348	0.00290	0.04015
14	0.00576	0.00434	0.00523	0.00505	0.00613	0.00399	0.00376	0.03776	0.01073	0.01447	0.48760	0.12551	0.25625	0.00922	0.00480	0.00134	0.00210	0.00801	0.00418	0.00377
15	0.00565	0.00388	0.00461	0.00488	0.00506	0.00379	0.00304	0.00600	0.00680	0.00903	0.03941	0.23348	0.04710	0.55455	0.01510	0.00310	0.00341	0.04536	0.00294	0.00280
16	0.01267	0.14063	0.09042	0.04367	0.10557	0.08582	0.12457	0.10408	0.01075	0.19661	0.00925	0.01004	0.00675	0.00424	0.00424	0.00121	0.03719	0.00352	0.00284	0.00592

[dist]
# distance from previous block
# <min> <max>
0	3

[block]
# block no. 1 follows, 66 sequences, length 12
# corresponding to MSA columns:
# 238-249
name=unknown_B
#
# <colnr> <probs for GDERKNQSTAVLIFYWHMCP>
#	G	D	E	R	K	N	Q	S	T	A	V	L	I	F	Y	W	H	M	C	P
0	0.00984	0.00930	0.01468	0.24703	0.51583	0.04717	0.01157	0.01217	0.00898	0.03818	0.00762	0.01020	0.00616	0.00395	0.00440	0.00126	0.04028	0.00358	0.00204	0.00576
1	0.00589	0.00388	0.00449	0.00455	0.00457	0.00387	0.00260	0.00585	0.00600	0.00800	0.01316	0.08379	0.01521	0.75577	0.01933	0.04806	0.00380	0.00617	0.00251	0.00248
2	0.05454	0.04606	0.15031	0.06717	0.04926	0.10754	0.24140	0.04976	0.05788	0.04381	0.03559	0.01063	0.00736	0.00468	0.01868	0.00137	0.04232	0.00381	0.00239	0.00542
3	0.09175	0.00803	0.02598	0.00797	0.06205	0.05881	0.02812	0.06592	0.05975	0.07389	0.07363	0.05346	0.13335	0.00570	0.00389	0.00113	0.00348	0.01993	0.00319	0.21997
4	0.04708	0.07029	0.05365	0.04731	0.05745	0.02202	0.09767	0.17263	0.03024	0.06200	0.05906	0.02827	0.02869	0.00469	0.00386	0.00113	0.00420	0.02450	0.00297	0.18230
5	0.01055	0.10263	0.16735	0.03540	0.06088	0.12812	0.10585	0.04514	0.05635	0.07045	0.02659	0.06587	0.02034	0.00494	0.00448	0.00124	0.05220	0.00406	0.00254	0.03503
6	0.00980	0.03228	0.22000	0.06599	0.04100	0.09958	0.07239	0.03221	0.09717	0.07206	0.05171	0.03921	0.05915	0.01714	0.00444	0.00128	0.01951	0.00423	0.00273	0.05809
7	0.04357	0.06771	0.18071	0.04419	0.10700	0.06874	0.02823	0.09746	0.06143	0.04869	0.06320	0.01312	0.07375	0.00480	0.00386	0.00118	0.00446	0.00390	0.00275	0.08124
8	0.02671	0.12524	0.19671	0.01055	0.09192	0.06126	0.04784	0.09673	0.10145	0.04055	0.02303	0.02809	0.03586	0.00496	0.01814	0.00126	0.00474	0.00368	0.00264	0.07866
9	0.09774	0.11778	0.09514	0.02491	0.09110	0.11009	0.06833	0.11423	0.07378	0.01466	0.05853	0.03148	0.02063	0.00475	0.00378	0.00119	0.00463	0.02342	0.00270	0.04114
10	0.04709	0.06677	0.16116	0.04088	0.07285	0.08787	0.05075	0.10255	0.03891	0.07266	0.04007	0.06215	0.00892	0.02210	0.00451	0.00126	0.03261	0.00395	0.00271	0.08023
11	0.07029	0.12807	0.13574	0.02423	0.10346	0.06432	0.06025	0.05597	0.05404	0.01331	0.06012	0.07731	0.03696	0.00563	0.01334	0.00130	0.03362	0.02396	0.00259	0.03549

[dist]
# distance from previous block
# <min> <max>
3	58

[block]
# block no. 2 follows, 66 sequences, length 26
# corresponding to MSA columns:
# 330-355
name=unknown_C
#
# <colnr> <probs for GDERKNQSTAVLIFYWHMCP>
#	G	D	E	R	K	N	Q	S	T	A	V	L	I	F	Y	W	H	M	C	P
0	0.02222	0.18046	0.20305	0.04542	0.04262	0.06536	0.10194	0.09961	0.04597	0.03592	0.04382	0.05210	0.00849	0.00457	0.00382	0.00119	0.00494	0.00381	0.00250	0.03218
1	0.04433	0.13582	0.18280	0.01000	0.03371	0.04963	0.13359	0.07221	0.08493	0.03816	0.03479	0.02893	0.05160	0.01738	0.01422	0.00130	0.00482	0.00396	0.00261	0.05520
2	0.06044	0.06651	0.28227	0.02196	0.06104	0.05267	0.07643	0.11356	0.02656	0.05391	0.04280	0.03316	0.02821	0.00462	0.00389	0.00122	0.00489	0.01316	0.00260	0.05008
3	0.04933	0.04310	0.16275	0.08316	0.12847	0.03308	0.10085	0.05008	0.11488	0.04632	0.06563	0.01162	0.00900	0.00432	0.00393	0.00121	0.00466	0.00379	0.00265	0.08118
4	0.02111	0.04735	0.13949	0.02533	0.14356	0.05995	0.10109	0.05181	0.02550	0.08655	0.01003	0.02425	0.04588	0.00460	0.00478	0.00121	0.08348	0.00377	0.00252	0.11776
5	0.00666	0.00678	0.10908	0.00699	0.00872	0.00506	0.05043	0.00873	0.04905	0.05160	0.04624	0.39568	0.15530	0.02348	0.00502	0.00151	0.00317	0.03428	0.00346	0.02874
6	0.03201	0.01025	0.01111	0.02684	0.01207	0.01097	0.00709	0.61232	0.03996	0.02249	0.01054	0.01070	0.03627	0.00476	0.00390	0.00114	0.00412	0.00364	0.00372	0.13609
7	0.01004	0.00890	0.02494	0.08764	0.49216	0.02461	0.01021	0.04843	0.02294	0.06424	0.02220	0.06177	0.00867	0.04038	0.00511	0.00137	0.03474	0.00423	0.00247	0.02493
8	0.05140	0.00875	0.04710	0.47697	0.20833	0.02880	0.01071	0.04599	0.00899	0.01242	0.03112	0.01070	0.00661	0.00406	0.00394	0.00127	0.00502	0.00356	0.00208	0.03218
9	0.01029	0.01032	0.04835	0.05318	0.35028	0.00965	0.31920	0.05179	0.00986	0.05355	0.00832	0.01047	0.00642	0.00367	0.00428	0.00126	0.00551	0.00402	0.00227	0.03731
10	0.00751	0.00599	0.00928	0.07633	0.15755	0.00598	0.06233	0.03213	0.00873	0.05301	0.04176	0.37171	0.05817	0.07003	0.00598	0.00164	0.01673	0.00761	0.00314	0.00437
11	0.00814	0.00768	0.01295	0.62501	0.16950	0.00900	0.03441	0.01101	0.03008	0.01134	0.03697	0.01149	0.00697	0.00415	0.00410	0.00132	0.00516	0.00380	0.00200	0.00490
12	0.00887	0.00857	0.01344	0.17473	0.46367	0.04337	0.03062	0.01099	0.00891	0.01203	0.01139	0.10075	0.06686	0.00522	0.00440	0.00130	0.02243	0.00478	0.00228	0.00539
13	0.00824	0.02896	0.01017	0.14015	0.05422	0.00680	0.09240	0.02125	0.04135	0.09294	0.05897	0.22197	0.08287	0.00822	0.02710	0.00158	0.03947	0.05558	0.00319	0.00458
14	0.01231	0.01361	0.10763	0.00995	0.02773	0.30800	0.05090	0.10682	0.08007	0.08201	0.00941	0.01084	0.00738	0.00766	0.10747	0.00183	0.00635	0.01485	0.00273	0.03244
15	0.04205	0.00936	0.01543	0.08617	0.66357	0.00950	0.02773	0.03737	0.00935	0.01359	0.00759	0.00992	0.00627	0.00366	0.00394	0.00120	0.00476	0.00354	0.00209	0.04294
16	0.00666	0.00548	0.00642	0.00549	0.00766	0.00446	0.00432	0.00822	0.00914	0.01276	0.13214	0.06073	0.24783	0.00710	0.00413	0.00109	0.00263	0.09136	0.00328	0.37910
17	0.01258	0.00925	0.01043	0.00827	0.02985	0.00926	0.00655	0.36901	0.10826	0.09016	0.01018	0.01028	0.00750	0.00431	0.00372	0.00103	0.00375	0.00338	0.00355	0.29868
18	0.00500	0.00365	0.00472	0.00555	0.00595	0.00337	0.00381	0.00579	0.00802	0.01051	0.02458	0.72016	0.12352	0.01235	0.00515	0.00162	0.00238	0.04678	0.00376	0.00333
19	0.03416	0.00777	0.00949	0.00755	0.01031	0.00767	0.00614	0.22435	0.05537	0.45059	0.06984	0.04913	0.01186	0.00628	0.02895	0.00143	0.00376	0.00450	0.00450	0.00637
20	0.02182	0.13329	0.32768	0.01951	0.06864	0.00975	0.05579	0.05513	0.06180	0.02866	0.06658	0.02471	0.05016	0.00556	0.02824	0.00140	0.02940	0.00393	0.00245	0.00551
21	0.00494	0.00353	0.00471	0.00565	0.00588	0.00330	0.00377	0.00565	0.00777	0.01036	0.02236	0.85477	0.02683	0.01271	0.00518	0.00165	0.00235	0.01153	0.00377	0.00330
22	0.00996	0.00956	0.01633	0.05212	0.80550	0.00962	0.01241	0.01238	0.00920	0.01316	0.00762	0.01007	0.00639	0.00363	0.00402	0.00121	0.00484	0.00361	0.00200	0.00636
23	0.04366	0.00871	0.01052	0.02194	0.06420	0.00898	0.00700	0.29047	0.10492	0.33463	0.02327	0.01333	0.02144	0.00513	0.00407	0.00127	0.00384	0.02185	0.00421	0.00654
24	0.04101	0.00898	0.10066	0.01773	0.02705	0.00820	0.03140	0.26175	0.04308	0.02832	0.06635	0.10519	0.05940	0.05680	0.08143	0.00196	0.01631	0.03595	0.00331	0.00513
25	0.01057	0.00704	0.00820	0.00698	0.00905	0.00732	0.00551	0.16049	0.21565	0.14968	0.33159	0.02030	0.03712	0.00649	0.00438	0.00129	0.00295	0.00548	0.00438	0.00552

[dist]
# distance from previous block
# <min> <max>
0	1

[block]
# block no. 3 follows, 66 sequences, length 46
# corresponding to MSA columns:
# 357-402
name=unknown_D
#
# <colnr> <probs for GDERKNQSTAVLIFYWHMCP>
#	G	D	E	R	K	N	Q	S	T	A	V	L	I	F	Y	W	H	M	C	P
0	0.04939	0.04580	0.01119	0.03742	0.17354	0.06285	0.00744	0.11658	0.02780	0.11408	0.03831	0.04081	0.05486	0.00500	0.00440	0.00116	0.05622	0.00398	0.00298	0.14619
1	0.00842	0.00795	0.01031	0.21359	0.09609	0.09507	0.02023	0.04195	0.00816	0.01067	0.00870	0.01316	0.00786	0.09370	0.25616	0.00313	0.09442	0.00396	0.00212	0.00436
2	0.00872	0.00739	0.00858	0.00615	0.00974	0.00572	0.00493	0.04557	0.00888	0.01376	0.00732	0.00847	0.00605	0.00309	0.00305	0.00063	0.00307	0.00246	0.00248	0.84394
3	0.00914	0.08772	0.46623	0.01277	0.04723	0.02459	0.21354	0.04391	0.00922	0.01295	0.00768	0.02125	0.00585	0.00401	0.00417	0.01262	0.00590	0.00355	0.00194	0.00573
4	0.00666	0.00506	0.00649	0.00667	0.02796	0.04082	0.03697	0.00792	0.00928	0.05590	0.22125	0.44531	0.07161	0.00998	0.00487	0.00147	0.00276	0.02096	0.01420	0.00387
5	0.00532	0.00411	0.00486	0.00472	0.00582	0.00364	0.00352	0.00682	0.01041	0.01386	0.47450	0.06968	0.35950	0.00929	0.00481	0.00133	0.00199	0.00802	0.00415	0.00364
6	0.00890	0.08519	0.57501	0.01230	0.01762	0.01005	0.18902	0.01299	0.00883	0.03197	0.00756	0.00904	0.00548	0.00376	0.00396	0.00127	0.00599	0.00335	0.00187	0.00584
7	0.00727	0.04117	0.00613	0.00549	0.00585	0.00419	0.00387	0.00608	0.00594	0.02048	0.00907	0.04408	0.02710	0.01298	0.01373	0.72017	0.00348	0.03867	0.00203	0.02224
8	0.00730	0.00545	0.00731	0.00686	0.00772	0.02097	0.01936	0.02297	0.02591	0.05705	0.01255	0.01885	0.04112	0.17214	0.43970	0.00453	0.08453	0.03927	0.00255	0.00385
9	0.01085	0.85986	0.02126	0.00694	0.01041	0.01605	0.00694	0.01215	0.00824	0.00955	0.00564	0.00651	0.00521	0.00347	0.00260	0.00087	0.00434	0.00217	0.00174	0.00521
10	0.00992	0.00529	0.00694	0.03951	0.02892	0.00503	0.01925	0.02007	0.02629	0.22602	0.26098	0.01949	0.03699	0.00595	0.00394	0.00118	0.00266	0.00506	0.27173	0.00480
11	0.01119	0.74977	0.01989	0.00730	0.01060	0.08732	0.00700	0.01291	0.04423	0.00990	0.00617	0.00696	0.00552	0.00362	0.00276	0.00091	0.00455	0.00231	0.00187	0.00522
12	0.03258	0.00815	0.01012	0.00777	0.01093	0.00784	0.00642	0.23983	0.01359	0.59757	0.01410	0.01256	0.00908	0.00496	0.00405	0.00124	0.00373	0.00393	0.00471	0.00686
13	0.00980	0.02464	0.05394	0.04622	0.06982	0.01917	0.10248	0.02997	0.06397	0.09175	0.02695	0.03407	0.00835	0.00443	0.00443	0.00109	0.06179	0.02001	0.00272	0.32439
14	0.01034	0.55463	0.05599	0.00743	0.01033	0.09346	0.00701	0.03120	0.00846	0.01001	0.00672	0.00841	0.00606	0.00805	0.12807	0.03879	0.00565	0.00267	0.00189	0.00486
15	0.00841	0.00721	0.00841	0.00601	0.00961	0.00541	0.00481	0.01022	0.00841	0.01322	0.00721	0.00841	0.00601	0.00300	0.00300	0.00060	0.00300	0.00240	0.00240	0.88222
16	0.01643	0.00581	0.02912	0.14687	0.03385	0.01875	0.00602	0.00865	0.03753	0.02079	0.10827	0.08547	0.01462	0.17393	0.23259	0.01180	0.02710	0.01589	0.00266	0.00386
17	0.00549	0.00397	0.00503	0.00566	0.00604	0.00388	0.00385	0.00676	0.05119	0.01052	0.03982	0.58715	0.03294	0.15342	0.01985	0.00209	0.00285	0.05255	0.00356	0.00336
18	0.00717	0.00590	0.00620	0.00646	0.00715	0.10624	0.01510	0.00804	0.00850	0.05374	0.05116	0.58903	0.02212	0.04766	0.00571	0.00162	0.02115	0.00920	0.02416	0.00371
19	0.00962	0.00526	0.00670	0.00580	0.00754	0.00481	0.00453	0.02771	0.04195	0.25497	0.44517	0.02561	0.12888	0.00742	0.00454	0.00128	0.00248	0.00636	0.00452	0.00483
20	0.02789	0.02858	0.03401	0.02565	0.10101	0.03427	0.05873	0.15603	0.03963	0.15322	0.01023	0.01233	0.00811	0.05033	0.15462	0.00236	0.09061	0.00393	0.00298	0.00548
21	0.00496	0.00393	0.00449	0.00488	0.00581	0.00346	0.00354	0.00594	0.00875	0.01089	0.04522	0.33813	0.47719	0.01119	0.00498	0.00150	0.00226	0.05571	0.00378	0.00340
22	0.01004	0.00964	0.01647	0.02490	0.83211	0.00964	0.01245	0.01245	0.00924	0.01325	0.00763	0.01004	0.00643	0.00361	0.00402	0.00120	0.00482	0.00361	0.00201	0.00643
23	0.03159	0.00965	0.00992	0.00825	0.01081	0.04093	0.00659	0.37067	0.31196	0.03713	0.01269	0.02720	0.00955	0.00518	0.00394	0.00125	0.00377	0.00409	0.08861	0.00622
24	0.01088	0.00914	0.01308	0.01082	0.04171	0.05648	0.21356	0.21980	0.04088	0.07699	0.01254	0.19700	0.01154	0.00736	0.04202	0.00160	0.02024	0.00571	0.00325	0.00539
25	0.00918	0.00830	0.01261	0.03408	0.39622	0.00848	0.00909	0.01100	0.00837	0.03090	0.00829	0.05267	0.00758	0.04009	0.00608	0.00130	0.14399	0.00383	0.00223	0.20571
26	0.01488	0.01889	0.01152	0.04103	0.01310	0.81074	0.00796	0.01599	0.01137	0.00995	0.00631	0.00744	0.00523	0.00418	0.00367	0.00106	0.00725	0.00265	0.00208	0.00470
27	0.00934	0.00584	0.00689	0.00606	0.00780	0.02352	0.00476	0.05603	0.06128	0.19447	0.31727	0.02603	0.20132	0.00793	0.01581	0.00138	0.01445	0.03078	0.00425	0.00477
28	0.00575	0.00420	0.00513	0.00486	0.00599	0.00376	0.00366	0.00739	0.01083	0.03338	0.57924	0.03250	0.27078	0.00880	0.00477	0.00130	0.00199	0.00762	0.00427	0.00378
29	0.04621	0.07160	0.05410	0.00904	0.04209	0.02749	0.13484	0.04985	0.00914	0.01362	0.00731	0.00870	0.00590	0.00332	0.00338	0.00087	0.00411	0.00289	0.00233	0.50320
30	0.00557	0.00414	0.00519	0.00493	0.00596	0.00376	0.00370	0.00733	0.01109	0.01533	0.69039	0.03185	0.17845	0.00864	0.00479	0.00129	0.00194	0.00755	0.00434	0.00376
31	0.00841	0.00721	0.00841	0.00601	0.00961	0.00541	0.00481	0.01022	0.00841	0.01322	0.00721	0.00841	0.00601	0.00300	0.00300	0.00060	0.00300	0.00240	0.00240	0.88222
32	0.05570	0.06715	0.07189	0.06550	0.03674	0.04616	0.04274	0.28090	0.02334	0.11527	0.04536	0.02677	0.04165	0.01778	0.00417	0.00124	0.00435	0.00396	0.00329	0.04605
33	0.00970	0.01008	0.01232	0.01060	0.01090	0.10425	0.00874	0.02574	0.00704	0.01008	0.00551	0.00872	0.00534	0.00674	0.01207	0.00168	0.74067	0.00345	0.00185	0.00451
34	0.00705	0.00352	0.00529	0.00529	0.00529	0.00352	0.00352	0.00529	0.00529	0.00705	0.00705	0.01233	0.00705	0.01409	0.01586	0.88196	0.00352	0.00352	0.00176	0.00176
35	0.04942	0.01068	0.01839	0.01434	0.07146	0.01078	0.44697	0.25375	0.04079	0.01712	0.00899	0.01097	0.00678	0.00406	0.00441	0.00131	0.00566	0.01541	0.00276	0.00592
36	0.01171	0.00867	0.01120	0.00908	0.01152	0.03237	0.11665	0.31141	0.05347	0.11083	0.02559	0.12866	0.02461	0.04792	0.01674	0.00156	0.00434	0.06445	0.00368	0.00554
37	0.01029	0.00942	0.01598	0.05922	0.76211	0.00945	0.01212	0.01268	0.00929	0.04884	0.00798	0.01024	0.00654	0.00369	0.00402	0.00121	0.00479	0.00363	0.00213	0.00637
38	0.04087	0.00801	0.01296	0.57171	0.21564	0.00938	0.01110	0.04261	0.00872	0.01192	0.00731	0.01039	0.00567	0.00404	0.00419	0.00132	0.02359	0.00356	0.00197	0.00505
39	0.18757	0.28098	0.34552	0.00866	0.01290	0.02364	0.00970	0.04753	0.02724	0.01350	0.00674	0.00770	0.00525	0.00380	0.00320	0.00114	0.00479	0.00263	0.00204	0.00545
40	0.00581	0.00431	0.00631	0.00631	0.00696	0.00496	0.00481	0.00711	0.00646	0.00926	0.01106	0.01700	0.01060	0.11305	0.75935	0.00626	0.01017	0.00450	0.00220	0.00351
41	0.00494	0.00353	0.00471	0.00565	0.00588	0.00330	0.00377	0.00565	0.00777	0.01036	0.02236	0.85477	0.02683	0.01271	0.00518	0.00165	0.00235	0.01153	0.00377	0.00330
42	0.03700	0.01057	0.01146	0.00896	0.01204	0.01159	0.00740	0.67421	0.05308	0.07904	0.01087	0.01174	0.00800	0.00516	0.00409	0.00126	0.00428	0.03850	0.00407	0.00668
43	0.45194	0.00958	0.00889	0.00727	0.01007	0.02550	0.00597	0.38295	0.01260	0.02128	0.00788	0.02538	0.00602	0.00446	0.00330	0.00124	0.00381	0.00306	0.00324	0.00553
44	0.00871	0.00828	0.01406	0.48549	0.38193	0.00929	0.01179	0.01128	0.00861	0.01164	0.00740	0.01048	0.00586	0.00386	0.00404	0.00129	0.00515	0.00361	0.00189	0.00535
45	0.01101	0.00906	0.01273	0.41087	0.13641	0.01035	0.01005	0.30468	0.01232	0.03101	0.00835	0.01037	0.00618	0.00431	0.00405	0.00128	0.00495	0.00363	0.00271	0.00569

[dist]
# distance from previous block
# <min> <max>
0	1

[block]
# block no. 4 follows, 66 sequences, length 25
# corresponding to MSA columns:
# 404-428
name=unknown_E
#
# <colnr> <probs for GDERKNQSTAVLIFYWHMCP>
#	G	D	E	R	K	N	Q	S	T	A	V	L	I	F	Y	W	H	M	C	P
0	0.44764	0.00652	0.00601	0.02696	0.00782	0.03051	0.00454	0.02538	0.00811	0.01527	0.10672	0.21674	0.01490	0.03053	0.00415	0.00145	0.00305	0.03657	0.00309	0.00404
1	0.00590	0.00447	0.00538	0.00558	0.00648	0.00433	0.00414	0.02788	0.05595	0.01213	0.14657	0.25770	0.22305	0.08331	0.04026	0.00192	0.00296	0.10460	0.00372	0.00367
2	0.06149	0.09686	0.53204	0.01037	0.03426	0.02301	0.01189	0.02749	0.03932	0.11404	0.00848	0.00918	0.00603	0.00403	0.00370	0.00124	0.00522	0.00308	0.00231	0.00596
3	0.00932	0.00888	0.01510	0.21991	0.61640	0.00930	0.01191	0.01175	0.00893	0.01248	0.00797	0.03532	0.00679	0.00399	0.00406	0.00125	0.00489	0.00385	0.00201	0.00588
4	0.00887	0.00760	0.01153	0.12813	0.24756	0.00722	0.04461	0.02889	0.00898	0.04544	0.01019	0.11862	0.00946	0.00497	0.00395	0.00113	0.00402	0.03098	0.00255	0.27530
5	0.03134	0.00775	0.00850	0.00629	0.00969	0.04397	0.00500	0.02255	0.00879	0.04794	0.00788	0.02792	0.00659	0.00341	0.00313	0.00070	0.00323	0.00271	0.00256	0.75004
6	0.00589	0.00398	0.00466	0.00466	0.00474	0.00406	0.00275	0.00605	0.00597	0.00804	0.01257	0.02536	0.01423	0.76464	0.11272	0.00422	0.00471	0.00573	0.00243	0.00259
7	0.00885	0.07348	0.41803	0.07443	0.05034	0.01013	0.26672	0.01281	0.02353	0.01258	0.00764	0.00951	0.00566	0.00373	0.00409	0.00129	0.00601	0.00360	0.00188	0.00569
8	0.00494	0.00353	0.00471	0.00565	0.00588	0.00330	0.00377	0.00565	0.00777	0.01036	0.02236	0.85477	0.02683	0.01271	0.00518	0.00165	0.00235	0.01153	0.00377	0.00330
9	0.00841	0.00721	0.00841	0.00601	0.00961	0.00541	0.00481	0.01022	0.00841	0.01322	0.00721	0.00841	0.00601	0.00300	0.00300	0.00060	0.00300	0.00240	0.00240	0.88222
10	0.01032	0.30817	0.12589	0.03123	0.32101	0.01199	0.02320	0.06616	0.00937	0.01261	0.00698	0.00856	0.00581	0.00373	0.00365	0.00110	0.01858	0.00302	0.00201	0.02659
11	0.00547	0.00402	0.00470	0.00475	0.00534	0.00388	0.00318	0.00616	0.00751	0.00977	0.07809	0.09318	0.26009	0.37180	0.12176	0.00315	0.00403	0.00702	0.00305	0.00306
12	0.00488	0.00412	0.00424	0.00431	0.00563	0.00348	0.00326	0.00594	0.00921	0.01100	0.03968	0.06204	0.77104	0.01039	0.00484	0.00140	0.00214	0.04522	0.00377	0.00344
13	0.00947	0.00862	0.02735	0.28577	0.31586	0.00898	0.08820	0.04600	0.03735	0.05491	0.00945	0.07282	0.00796	0.00460	0.00420	0.00131	0.00490	0.00436	0.00238	0.00552
14	0.01073	0.33029	0.13385	0.01117	0.03450	0.02966	0.24514	0.02453	0.00922	0.08649	0.00816	0.02064	0.00656	0.00398	0.00384	0.00116	0.01539	0.01693	0.00223	0.00553
15	0.01009	0.00872	0.00917	0.00826	0.01055	0.01009	0.00642	0.02156	0.82478	0.01697	0.01651	0.01514	0.01238	0.00550	0.00413	0.00138	0.00321	0.00459	0.00413	0.00642
16	0.55366	0.16510	0.01008	0.00726	0.04554	0.12382	0.00574	0.02662	0.00809	0.01540	0.00589	0.00688	0.00479	0.00378	0.00278	0.00115	0.00402	0.00234	0.00232	0.00472
17	0.00482	0.00411	0.00415	0.00414	0.00550	0.00344	0.00310	0.00588	0.00931	0.01112	0.06454	0.03879	0.80693	0.01022	0.00479	0.00137	0.00205	0.00853	0.00379	0.00344
18	0.03042	0.01324	0.34839	0.01050	0.01443	0.00853	0.13270	0.07501	0.06751	0.07971	0.01222	0.07520	0.03297	0.00554	0.00429	0.00138	0.00496	0.07461	0.00278	0.00558
19	0.00942	0.19383	0.45111	0.01096	0.01575	0.01095	0.12704	0.04796	0.04493	0.02576	0.00826	0.00939	0.01910	0.00395	0.00377	0.00121	0.00548	0.00329	0.00206	0.00579
20	0.00644	0.00460	0.00643	0.00733	0.00823	0.00459	0.00634	0.00826	0.00932	0.01216	0.04193	0.08254	0.02389	0.01120	0.00556	0.00184	0.00363	0.74823	0.00376	0.00372
21	0.00766	0.00721	0.01217	0.84767	0.02794	0.00901	0.01127	0.01037	0.00811	0.01037	0.00721	0.01082	0.00541	0.00406	0.00406	0.00135	0.00541	0.00361	0.00180	0.00451
22	0.01256	0.19310	0.07490	0.01109	0.05019	0.29972	0.11794	0.14275	0.01137	0.01321	0.01879	0.00859	0.00614	0.00410	0.00386	0.00112	0.01969	0.00314	0.00232	0.00542
23	0.03855	0.00857	0.00866	0.00765	0.00974	0.06537	0.00598	0.09263	0.41867	0.03934	0.08335	0.01736	0.10375	0.00678	0.02931	0.00147	0.03096	0.00485	0.00377	0.02322
24	0.06850	0.18373	0.01034	0.00709	0.00899	0.03081	0.02193	0.07272	0.14602	0.02346	0.05195	0.25072	0.02937	0.00751	0.00415	0.00135	0.00344	0.06987	0.00331	0.00475

[dist]
# distance from previous block
# <min> <max>
0	15

[block]
# block no. 5 follows, 66 sequences, length 35
# corresponding to MSA columns:
# 444-478
name=unknown_F
#
# <colnr> <probs for GDERKNQSTAVLIFYWHMCP>
#	G	D	E	R	K	N	Q	S	T	A	V	L	I	F	Y	W	H	M	C	P
0	0.02908	0.21322	0.40822	0.00975	0.01409	0.09091	0.02110	0.02653	0.04373	0.05237	0.00781	0.02083	0.00607	0.00413	0.00379	0.00118	0.02577	0.00304	0.00212	0.01626
1	0.01143	0.02079	0.07897	0.10087	0.22987	0.04423	0.04409	0.22920	0.04658	0.07002	0.02384	0.06346	0.00857	0.00485	0.00411	0.00127	0.00470	0.00420	0.00296	0.00598
2	0.01243	0.01022	0.01105	0.03056	0.06475	0.04040	0.00752	0.35287	0.38749	0.01991	0.01253	0.01218	0.00929	0.00504	0.00407	0.00129	0.00404	0.00404	0.00383	0.00651
3	0.00502	0.00359	0.00479	0.00570	0.00598	0.00336	0.00387	0.00579	0.00790	0.01055	0.03933	0.80780	0.02695	0.01256	0.00519	0.00165	0.00240	0.04048	0.00378	0.00332
4	0.00974	0.00935	0.01596	0.12573	0.70016	0.00958	0.02955	0.01238	0.02444	0.01296	0.00776	0.01025	0.00641	0.00370	0.00404	0.00123	0.00491	0.00366	0.00202	0.00617
5	0.00918	0.05626	0.30607	0.01536	0.09100	0.01020	0.42686	0.01285	0.00913	0.01280	0.00771	0.00982	0.00578	0.00359	0.00429	0.00130	0.00624	0.00393	0.00191	0.00573
6	0.00914	0.05136	0.06691	0.18254	0.06246	0.04434	0.14761	0.07325	0.07447	0.03509	0.02555	0.09067	0.08046	0.00571	0.00431	0.00134	0.00472	0.03224	0.00276	0.00508
7	0.01208	0.00888	0.01354	0.01061	0.01357	0.00898	0.23411	0.16149	0.16819	0.18450	0.01355	0.01703	0.01071	0.00551	0.00450	0.00139	0.00458	0.11718	0.00366	0.00596
8	0.00766	0.00721	0.01217	0.84767	0.02794	0.00901	0.01127	0.01037	0.00811	0.01037	0.00721	0.01082	0.00541	0.00406	0.00406	0.00135	0.00541	0.00361	0.00180	0.00451
9	0.01315	0.13017	0.30413	0.00918	0.01339	0.02496	0.02947	0.07708	0.01059	0.33268	0.01064	0.01044	0.00721	0.00433	0.00380	0.00121	0.00471	0.00339	0.00320	0.00627
10	0.00873	0.00820	0.01376	0.54483	0.27285	0.00937	0.03065	0.04169	0.00891	0.01189	0.00746	0.01054	0.00579	0.00394	0.00406	0.00130	0.00523	0.00364	0.00196	0.00521
11	0.00570	0.00426	0.00530	0.00505	0.00611	0.00392	0.00381	0.00769	0.03071	0.01530	0.66038	0.03171	0.17455	0.00862	0.00478	0.00130	0.00200	0.02068	0.00432	0.00382
12	0.00938	0.01056	0.02274	0.10172	0.02189	0.01013	0.73524	0.01273	0.00943	0.01273	0.00811	0.01093	0.00608	0.00348	0.00471	0.00137	0.00669	0.00467	0.00203	0.00537
13	0.00823	0.00700	0.00820	0.00595	0.00937	0.00530	0.00474	0.01004	0.00863	0.01343	0.06479	0.00995	0.00827	0.00337	0.00313	0.00065	0.00293	0.00275	0.00255	0.82075
14	0.00993	0.00953	0.01627	0.06259	0.79527	0.00961	0.01240	0.01236	0.00919	0.01312	0.00761	0.01008	0.00638	0.00364	0.00402	0.00121	0.00485	0.00361	0.00200	0.00634
15	0.00657	0.00484	0.00627	0.00686	0.00774	0.00491	0.00546	0.03966	0.08129	0.01250	0.03975	0.34899	0.02342	0.01096	0.00523	0.00170	0.00315	0.38296	0.00381	0.00393
16	0.76430	0.03180	0.00712	0.00630	0.02792	0.08329	0.00496	0.01232	0.00740	0.01712	0.00575	0.00674	0.00454	0.00379	0.00265	0.00123	0.00358	0.00227	0.00244	0.00449
17	0.01050	0.00916	0.01364	0.19393	0.21710	0.00992	0.09622	0.17940	0.14559	0.02713	0.04897	0.01210	0.00883	0.00450	0.00417	0.00129	0.00467	0.00409	0.00290	0.00589
18	0.00499	0.00357	0.00471	0.00560	0.00587	0.00334	0.00375	0.00570	0.00778	0.01033	0.02254	0.80134	0.04587	0.03532	0.00559	0.00171	0.00241	0.02257	0.00373	0.00328
19	0.01085	0.85986	0.02126	0.00694	0.01041	0.01605	0.00694	0.01215	0.00824	0.00955	0.00564	0.00651	0.00521	0.00347	0.00260	0.00087	0.00434	0.00217	0.00174	0.00521
20	0.00509	0.00397	0.00467	0.00515	0.00603	0.00355	0.00382	0.00611	0.00870	0.01089	0.03132	0.34855	0.41567	0.01132	0.00505	0.00154	0.00240	0.11898	0.00376	0.00342
21	0.01085	0.85986	0.02126	0.00694	0.01041	0.01605	0.00694	0.01215	0.00824	0.00955	0.00564	0.00651	0.00521	0.00347	0.00260	0.00087	0.00434	0.00217	0.00174	0.00521
22	0.00578	0.00426	0.00618	0.00622	0.00683	0.00486	0.00469	0.00701	0.00649	0.00925	0.01155	0.04908	0.01137	0.13578	0.70445	0.00600	0.00966	0.00482	0.00227	0.00346
23	0.02645	0.01162	0.11591	0.12805	0.24882	0.08547	0.20567	0.03513	0.00960	0.03023	0.04003	0.01071	0.00724	0.00403	0.00436	0.00128	0.02379	0.00386	0.00218	0.00557
24	0.00991	0.00968	0.01569	0.13647	0.69148	0.04106	0.01212	0.01231	0.00917	0.01274	0.00752	0.01004	0.00624	0.00370	0.00401	0.00122	0.00499	0.00358	0.00198	0.00610
25	0.00513	0.00369	0.00484	0.00571	0.00600	0.00351	0.00385	0.00609	0.02711	0.01048	0.02191	0.79200	0.02605	0.03842	0.00564	0.00172	0.00245	0.02832	0.00373	0.00335
26	0.00759	0.00698	0.00995	0.00892	0.00923	0.00935	0.00728	0.00871	0.00634	0.00962	0.00765	0.01183	0.00734	0.01687	0.36002	0.00376	0.49864	0.00388	0.00194	0.00410
27	0.01122	0.60057	0.06260	0.05060	0.01248	0.10818	0.04688	0.02905	0.00898	0.02809	0.00631	0.00736	0.00540	0.00366	0.00303	0.00097	0.00492	0.00253	0.00191	0.00524
28	0.01449	0.00634	0.00828	0.00667	0.00925	0.00567	0.00539	0.01672	0.06632	0.57729	0.13577	0.01886	0.09841	0.00606	0.00426	0.00128	0.00307	0.00504	0.00475	0.00607
29	0.00587	0.00394	0.00442	0.00442	0.00446	0.00392	0.00248	0.00590	0.00600	0.00796	0.01360	0.02691	0.03834	0.83292	0.02019	0.00386	0.00388	0.00598	0.00250	0.00249
30	0.00624	0.00426	0.00484	0.00475	0.00493	0.00436	0.00282	0.02606	0.02773	0.00861	0.01271	0.02530	0.01426	0.77222	0.06171	0.00393	0.00428	0.00573	0.00253	0.00273
31	0.00985	0.00966	0.03087	0.05814	0.70407	0.00976	0.01198	0.01270	0.04954	0.01315	0.00794	0.01025	0.00660	0.00389	0.00445	0.00125	0.04390	0.00365	0.00209	0.00624
32	0.00634	0.00536	0.00600	0.00623	0.02164	0.05453	0.00427	0.00718	0.01828	0.00978	0.01922	0.28347	0.15036	0.23986	0.07756	0.00257	0.07346	0.00752	0.00299	0.00339
33	0.43868	0.00943	0.01514	0.01134	0.01466	0.00969	0.41936	0.01247	0.00827	0.01555	0.00696	0.00881	0.00529	0.00359	0.00367	0.00131	0.00503	0.00352	0.00228	0.00494
34	0.01115	0.00869	0.03612	0.13208	0.13732	0.00898	0.01870	0.10750	0.26469	0.14264	0.05922	0.01411	0.03046	0.00506	0.00414	0.00130	0.00398	0.00432	0.00351	0.00603

[dist]
# distance from previous block
# <min> <max>
2	5

[block]
# block no. 6 follows, 66 sequences, length 17
# corresponding to MSA columns:
# 484-500
name=unknown_G
#
# <colnr> <probs for GDERKNQSTAVLIFYWHMCP>
#	G	D	E	R	K	N	Q	S	T	A	V	L	I	F	Y	W	H	M	C	P
0	0.00811	0.02339	0.05425	0.26452	0.10377	0.03362	0.00837	0.05373	0.01842	0.01205	0.02867	0.09618	0.06997	0.02064	0.05252	0.00163	0.03279	0.03079	0.00251	0.08405
1	0.00568	0.00421	0.00560	0.00632	0.00684	0.00420	0.00473	0.00708	0.03423	0.01123	0.05109	0.54433	0.04176	0.01169	0.00551	0.00168	0.03203	0.21449	0.00373	0.00357
2	0.00613	0.00443	0.00552	0.00591	0.00645	0.00446	0.00407	0.06932	0.03796	0.01137	0.01911	0.59048	0.02203	0.13091	0.05976	0.00223	0.00330	0.00943	0.00352	0.00359
3	0.16181	0.00875	0.03729	0.06443	0.16629	0.00842	0.04313	0.09784	0.03395	0.06640	0.00857	0.02992	0.00683	0.00410	0.00375	0.00111	0.02061	0.00336	0.01442	0.21902
4	0.00583	0.00408	0.00521	0.00522	0.00551	0.00432	0.00346	0.00643	0.00635	0.00876	0.03973	0.04266	0.01419	0.51551	0.31082	0.00471	0.00629	0.00553	0.00246	0.00294
5	0.88607	0.00785	0.00596	0.00534	0.00785	0.00910	0.00439	0.01193	0.00690	0.01820	0.00565	0.00659	0.00439	0.00377	0.00251	0.00126	0.00314	0.00220	0.00251	0.00439
6	0.00991	0.55818	0.29225	0.00875	0.01308	0.01369	0.03145	0.01240	0.00839	0.01074	0.00625	0.00731	0.00521	0.00360	0.00308	0.00102	0.00496	0.00252	0.00174	0.00548
7	0.00548	0.00448	0.02148	0.00606	0.00693	0.00395	0.04032	0.00679	0.00906	0.01217	0.22438	0.45024	0.12535	0.01065	0.00502	0.00152	0.00256	0.05614	0.00382	0.00362
8	0.00582	0.00426	0.00610	0.00610	0.00669	0.00485	0.00455	0.00698	0.00640	0.00911	0.01125	0.01804	0.01106	0.19442	0.67859	0.00601	0.00949	0.00465	0.00223	0.00339
9	0.00642	0.00661	0.11083	0.00685	0.00819	0.00568	0.00589	0.00853	0.05711	0.00996	0.01097	0.01669	0.01035	0.16982	0.51188	0.03536	0.00831	0.00444	0.00227	0.00383
10	0.00814	0.02099	0.83640	0.01156	0.01756	0.00942	0.01499	0.01285	0.00857	0.01285	0.00728	0.00857	0.00514	0.00385	0.00385	0.00128	0.00600	0.00300	0.00171	0.00600
11	0.49651	0.01174	0.00851	0.02551	0.02630	0.27876	0.00607	0.03707	0.03543	0.01526	0.00639	0.00740	0.00508	0.00406	0.00326	0.00120	0.02181	0.00254	0.00243	0.00468
12	0.00832	0.00776	0.01273	0.50350	0.25674	0.00888	0.01081	0.01134	0.05880	0.01160	0.00891	0.06668	0.00755	0.00459	0.00412	0.00133	0.00490	0.00419	0.00214	0.00510
13	0.03340	0.04738	0.37227	0.01104	0.03069	0.30527	0.02659	0.04132	0.02222	0.01215	0.00696	0.00823	0.00538	0.00420	0.00431	0.00121	0.05702	0.00294	0.00200	0.00541
14	0.00945	0.03422	0.00877	0.00853	0.05732	0.14222	0.00609	0.12579	0.06141	0.03272	0.01527	0.34657	0.01617	0.03550	0.00525	0.00150	0.02439	0.06090	0.00333	0.00459
15	0.00987	0.17901	0.22143	0.01900	0.01255	0.09055	0.05862	0.04734	0.04163	0.05036	0.05567	0.02560	0.04818	0.03240	0.02184	0.00141	0.06367	0.00387	0.01180	0.00519
16	0.01003	0.33541	0.25244	0.01023	0.07100	0.02936	0.05343	0.03984	0.06596	0.02799	0.00779	0.00918	0.00632	0.03215	0.00400	0.00119	0.00490	0.00305	0.00213	0.03362

[dist]
# distance from previous block
# <min> <max>
0	16

[block]
# block no. 7 follows, 66 sequences, length 22
# corresponding to MSA columns:
# 517-538
name=unknown_H
#
# <colnr> <probs for GDERKNQSTAVLIFYWHMCP>
#	G	D	E	R	K	N	Q	S	T	A	V	L	I	F	Y	W	H	M	C	P
0	0.00872	0.12025	0.09539	0.03897	0.14767	0.04344	0.03101	0.05882	0.00951	0.02354	0.01436	0.11964	0.05986	0.00755	0.02470	0.00151	0.00447	0.18289	0.00280	0.00488
1	0.00830	0.02867	0.11541	0.06820	0.06928	0.00679	0.00707	0.03887	0.08626	0.08596	0.17430	0.09023	0.14340	0.00781	0.03689	0.00153	0.01694	0.00581	0.00338	0.00489
2	0.01123	0.02791	0.05808	0.17965	0.20513	0.04682	0.00926	0.15142	0.04713	0.11796	0.01031	0.03669	0.00835	0.04201	0.00480	0.00139	0.00466	0.02861	0.00290	0.00571
3	0.01022	0.10043	0.12904	0.08175	0.22254	0.05843	0.04935	0.06876	0.02627	0.04243	0.01837	0.03885	0.00719	0.00473	0.00523	0.00129	0.12354	0.00373	0.00228	0.00557
4	0.00664	0.00541	0.00789	0.00998	0.19842	0.00545	0.00594	0.00797	0.00798	0.01085	0.05833	0.09181	0.13045	0.17510	0.20048	0.00306	0.00522	0.06221	0.00277	0.00402
5	0.03578	0.00815	0.02771	0.43499	0.28934	0.00887	0.03020	0.01116	0.02504	0.01207	0.04438	0.02507	0.02138	0.00434	0.00407	0.00130	0.00489	0.00397	0.00212	0.00516
6	0.00817	0.00693	0.00814	0.00593	0.00929	0.00527	0.00472	0.00998	0.00869	0.01350	0.08143	0.01039	0.00892	0.00348	0.00317	0.00066	0.00291	0.00285	0.00259	0.80298
7	0.88607	0.00785	0.00596	0.00534	0.00785	0.00910	0.00439	0.01193	0.00690	0.01820	0.00565	0.00659	0.00439	0.00377	0.00251	0.00126	0.00314	0.00220	0.00251	0.00439
8	0.00773	0.00724	0.03090	0.14109	0.31241	0.00722	0.00851	0.01004	0.02742	0.01305	0.21116	0.03368	0.10368	0.01934	0.02732	0.00147	0.02474	0.00525	0.00284	0.00493
9	0.00507	0.00390	0.00468	0.00502	0.00584	0.00350	0.00360	0.00614	0.00896	0.01159	0.16447	0.36658	0.33763	0.01144	0.02548	0.00160	0.00240	0.02479	0.00384	0.00345
10	0.05036	0.01122	0.01193	0.00917	0.01239	0.01244	0.00758	0.78621	0.01859	0.02527	0.00958	0.00961	0.00680	0.00483	0.00400	0.00122	0.00441	0.00359	0.00400	0.00680
11	0.01120	0.08454	0.08197	0.04723	0.26202	0.03807	0.05661	0.11543	0.01060	0.12174	0.02445	0.08212	0.00893	0.00483	0.00401	0.00122	0.00456	0.00424	0.00282	0.03341
12	0.05257	0.09247	0.33380	0.13673	0.07834	0.02597	0.03441	0.05263	0.05768	0.03911	0.00795	0.00940	0.00597	0.00411	0.00410	0.00125	0.03567	0.00323	0.00219	0.02240
13	0.00507	0.00364	0.00484	0.00575	0.00608	0.00341	0.00397	0.00588	0.00794	0.01052	0.02283	0.76607	0.04974	0.01252	0.00520	0.00166	0.00246	0.07534	0.00376	0.00333
14	0.00760	0.00703	0.01163	0.71436	0.05672	0.00859	0.01052	0.01036	0.02807	0.01070	0.02183	0.04673	0.00724	0.00550	0.03561	0.00155	0.00535	0.00405	0.00201	0.00453
15	0.01051	0.02916	0.18094	0.02172	0.12546	0.05777	0.05443	0.09157	0.12081	0.09075	0.03367	0.02474	0.05977	0.00554	0.01597	0.00138	0.04770	0.01943	0.00293	0.00574
16	0.01614	0.00660	0.00871	0.00685	0.00972	0.00578	0.00560	0.01800	0.04066	0.69690	0.01933	0.01718	0.11814	0.00573	0.00418	0.00127	0.00326	0.00469	0.00482	0.00643
17	0.00529	0.00382	0.00506	0.00587	0.00636	0.00360	0.00427	0.00630	0.00836	0.01105	0.06449	0.59980	0.08083	0.01203	0.00522	0.00165	0.00258	0.16621	0.00380	0.00342
18	0.62921	0.02072	0.02254	0.02218	0.02683	0.14756	0.03724	0.02972	0.00814	0.01634	0.00604	0.00713	0.00474	0.00384	0.00291	0.00122	0.00414	0.00247	0.00241	0.00462
19	0.00531	0.00398	0.00502	0.00568	0.00640	0.00368	0.00427	0.00642	0.00862	0.01108	0.04398	0.42447	0.23643	0.01161	0.00517	0.00162	0.00261	0.20641	0.00377	0.00345
20	0.05027	0.00909	0.02499	0.00905	0.03721	0.06180	0.11533	0.09960	0.03538	0.07543	0.03418	0.01137	0.03666	0.00499	0.02821	0.00119	0.03484	0.00357	0.00282	0.32401
21	0.05814	0.14202	0.38578	0.01003	0.04377	0.03179	0.02753	0.04821	0.04611	0.03891	0.00834	0.00931	0.02156	0.00406	0.00381	0.00116	0.02547	0.00308	0.00221	0.08871

[dist]
# distance from previous block
# <min> <max>
1	10

[block]
# block no. 8 follows, 66 sequences, length 9
# corresponding to MSA columns:
# 549-557
name=unknown_I
#
# <colnr> <probs for GDERKNQSTAVLIFYWHMCP>
#	G	D	E	R	K	N	Q	S	T	A	V	L	I	F	Y	W	H	M	C	P
0	0.00785	0.00548	0.00690	0.00675	0.04093	0.00487	0.00479	0.00979	0.06332	0.10409	0.03663	0.36022	0.08807	0.00832	0.00438	0.00129	0.00278	0.02371	0.00355	0.21629
1	0.00806	0.00680	0.00804	0.00606	0.00928	0.00521	0.00483	0.00978	0.00842	0.01295	0.00910	0.07211	0.00848	0.00417	0.00331	0.00075	0.00300	0.04746	0.00258	0.76962
2	0.00977	0.00708	0.00842	0.00619	0.00954	0.00559	0.00497	0.03721	0.00934	0.12757	0.04135	0.01104	0.03459	0.00378	0.00331	0.00076	0.00304	0.00307	0.00294	0.67043
3	0.00705	0.00352	0.00529	0.00529	0.00529	0.00352	0.00352	0.00529	0.00529	0.00705	0.00705	0.01233	0.00705	0.01409	0.01586	0.88196	0.00352	0.00352	0.00176	0.00176
4	0.00644	0.00418	0.00467	0.00464	0.00567	0.00401	0.00346	0.03531	0.00931	0.01371	0.14790	0.12595	0.22219	0.00910	0.05107	0.00151	0.00258	0.00651	0.33806	0.00374
5	0.02611	0.06763	0.02623	0.01070	0.12928	0.03351	0.07490	0.07874	0.08616	0.08583	0.04419	0.07656	0.06445	0.00740	0.04461	0.00159	0.03587	0.08315	0.00313	0.01992
6	0.00872	0.00855	0.03744	0.05414	0.42169	0.03506	0.05136	0.01113	0.03510	0.02544	0.03137	0.07524	0.13980	0.00585	0.00434	0.00131	0.00428	0.04117	0.00264	0.00536
7	0.04605	0.00454	0.00601	0.00665	0.00743	0.00457	0.00547	0.00776	0.00834	0.01129	0.01877	0.07619	0.03987	0.09505	0.00810	0.10369	0.00360	0.53991	0.00333	0.00338
8	0.02510	0.04885	0.01524	0.08071	0.24523	0.11907	0.16329	0.07136	0.02292	0.06153	0.02446	0.02590	0.02201	0.00445	0.00460	0.00126	0.05201	0.00396	0.00246	0.00557

[dist]
# distance from previous block
# <min> <max>
0	16

[block]
# block no. 9 follows, 66 sequences, length 20
# corresponding to MSA columns:
# 574-593
name=unknown_J
#
# <colnr> <probs for GDERKNQSTAVLIFYWHMCP>
#	G	D	E	R	K	N	Q	S	T	A	V	L	I	F	Y	W	H	M	C	P
0	0.01006	0.12995	0.23806	0.08871	0.12877	0.07882	0.08188	0.03915	0.04518	0.04974	0.00949	0.01172	0.02964	0.00441	0.00392	0.00124	0.00525	0.03613	0.00230	0.00558
1	0.00589	0.00450	0.00532	0.00555	0.00644	0.00439	0.00402	0.01988	0.07794	0.02037	0.05396	0.34319	0.26626	0.07241	0.04401	0.00191	0.01179	0.04482	0.00365	0.00370
2	0.77840	0.00824	0.02320	0.00572	0.00834	0.02415	0.00481	0.01269	0.00742	0.08744	0.00658	0.00726	0.00490	0.00388	0.00269	0.00125	0.00330	0.00238	0.00270	0.00465
3	0.00852	0.00710	0.01014	0.01229	0.26615	0.00666	0.00744	0.01110	0.07365	0.03946	0.01297	0.15592	0.01277	0.00627	0.00419	0.00123	0.00360	0.12143	0.00292	0.23620
4	0.00841	0.00721	0.00841	0.00601	0.00961	0.00541	0.00481	0.01022	0.00841	0.01322	0.00721	0.00841	0.00601	0.00300	0.00300	0.00060	0.00300	0.00240	0.00240	0.88222
5	0.08334	0.00747	0.00859	0.00676	0.03971	0.00613	0.00515	0.02666	0.02831	0.01398	0.00737	0.00851	0.00606	0.00319	0.00305	0.00071	0.00312	0.00251	0.00247	0.73692
6	0.07463	0.02208	0.01127	0.00861	0.01175	0.02333	0.00711	0.56698	0.03383	0.18337	0.01073	0.01036	0.00742	0.00481	0.00393	0.00122	0.00419	0.00362	0.00408	0.00666
7	0.00662	0.00493	0.00693	0.00669	0.00761	0.00567	0.00521	0.07624	0.00757	0.01074	0.01083	0.01575	0.01002	0.05501	0.74353	0.00599	0.01010	0.00434	0.00234	0.00386
8	0.00915	0.00799	0.04419	0.04273	0.05705	0.00644	0.02863	0.05980	0.00906	0.05042	0.00829	0.01055	0.00696	0.07604	0.00480	0.00107	0.00363	0.00306	0.00254	0.56761
9	0.17580	0.22603	0.03012	0.00763	0.00983	0.16102	0.00651	0.04272	0.02279	0.01214	0.00732	0.00927	0.00636	0.00968	0.17920	0.00226	0.06857	0.00295	0.01513	0.00466
10	0.00615	0.00559	0.07630	0.00679	0.00787	0.00458	0.00583	0.00775	0.00833	0.01135	0.01879	0.28624	0.02070	0.06798	0.06327	0.00215	0.00390	0.34172	0.05102	0.00370
11	0.00933	0.03038	0.03276	0.09642	0.31893	0.08593	0.01676	0.04475	0.00946	0.02492	0.04617	0.08304	0.10017	0.00576	0.00496	0.00131	0.07640	0.00483	0.00253	0.00519
12	0.00558	0.00425	0.00483	0.00483	0.00600	0.00379	0.00361	0.00705	0.02984	0.03267	0.20693	0.13120	0.47255	0.02871	0.00519	0.00146	0.00223	0.04171	0.00393	0.00365
13	0.01254	0.07119	0.01055	0.00750	0.01061	0.13005	0.02722	0.07822	0.01057	0.21747	0.01990	0.01015	0.00748	0.00400	0.00349	0.00094	0.00401	0.00311	0.03529	0.33575
14	0.59508	0.05834	0.06474	0.00597	0.00859	0.00899	0.00531	0.03652	0.04285	0.01714	0.04434	0.00899	0.00696	0.00415	0.00286	0.00121	0.00329	0.00277	0.07728	0.00464
15	0.05895	0.04532	0.04073	0.00555	0.00682	0.02418	0.00435	0.02360	0.00900	0.01235	0.20207	0.21463	0.20258	0.10060	0.02985	0.00179	0.00305	0.00741	0.00345	0.00373
16	0.09088	0.20746	0.01350	0.00967	0.04582	0.41486	0.04384	0.01440	0.05870	0.01118	0.00716	0.00877	0.00614	0.04646	0.00426	0.00121	0.00572	0.00290	0.00218	0.00489
17	0.00919	0.04252	0.02321	0.00810	0.08415	0.07672	0.00566	0.01027	0.04423	0.10076	0.05261	0.06658	0.07766	0.00922	0.02952	0.25391	0.00390	0.03650	0.02147	0.04381
18	0.07771	0.22006	0.13652	0.01731	0.02759	0.04747	0.00739	0.03526	0.02639	0.01252	0.06236	0.01338	0.11412	0.00511	0.00433	0.00114	0.07599	0.00375	0.00245	0.10915
19	0.04701	0.06698	0.00748	0.00602	0.00768	0.00638	0.00481	0.07506	0.05464	0.02192	0.03828	0.04534	0.26299	0.01470	0.26598	0.00290	0.00538	0.01549	0.00307	0.04789

[dist]
# distance from previous block
# <min> <max>
9	47

[block]
# block no. 10 follows, 66 sequences, length 22
# corresponding to MSA columns:
# 643-664
name=unknown_K
#
