[name]
unknown

[dist]
# distance from previous block
# <min> <max>
12	69

[block]
# block no. 0 follows, 72 sequences, length 91
# corresponding to MSA columns:
# 77-167
name=unknown_A
#
# <colnr> <probs for GDERKNQSTAVLIFYWHMCP>
#	G	D	E	R	K	N	Q	S	T	A	V	L	I	F	Y	W	H	M	C	P
0	0.01378	0.01022	0.01101	0.00857	0.01146	0.01135	0.00704	0.75135	0.06487	0.02285	0.00951	0.00962	0.00687	0.00552	0.03678	0.00134	0.00434	0.00349	0.00373	0.00630
1	0.01702	0.00645	0.00880	0.00675	0.00968	0.00557	0.00557	0.01848	0.01085	0.84568	0.01496	0.01291	0.00939	0.00469	0.00381	0.00117	0.00323	0.00381	0.00469	0.00645
2	0.01465	0.01024	0.01115	0.00855	0.01157	0.01120	0.00706	0.75636	0.01720	0.09885	0.00964	0.00945	0.00672	0.00457	0.00380	0.00114	0.00409	0.00345	0.00388	0.00645
3	0.01681	0.00679	0.00901	0.00691	0.00985	0.00607	0.00571	0.08378	0.01142	0.77959	0.01449	0.01260	0.00915	0.00468	0.00381	0.00117	0.00330	0.00378	0.00462	0.00645
4	0.00716	0.00674	0.01138	0.85760	0.02612	0.00843	0.01053	0.00969	0.00758	0.00969	0.00674	0.01011	0.00506	0.00379	0.00379	0.00126	0.00506	0.00337	0.00169	0.00421
5	0.86915	0.00731	0.00566	0.00504	0.00740	0.00843	0.00415	0.01135	0.00658	0.04004	0.00555	0.00635	0.00425	0.00355	0.00239	0.00117	0.00294	0.00210	0.00241	0.00417
6	0.01471	0.00975	0.01077	0.00827	0.01125	0.01052	0.00683	0.67264	0.01642	0.16596	0.01019	0.00987	0.00703	0.00457	0.00377	0.00114	0.00396	0.00349	0.02247	0.00639
7	0.00542	0.00406	0.00610	0.00610	0.00677	0.00474	0.00474	0.00677	0.00610	0.00880	0.01016	0.01490	0.00948	0.02844	0.85169	0.00610	0.01016	0.00406	0.00203	0.00339
8	0.00466	0.00334	0.00443	0.00529	0.00556	0.00312	0.00358	0.00536	0.00734	0.00974	0.02135	0.81936	0.04675	0.01178	0.00484	0.00154	0.00223	0.03312	0.00352	0.00310
9	0.00716	0.00674	0.01138	0.85760	0.02612	0.00843	0.01053	0.00969	0.00758	0.00969	0.00674	0.01011	0.00506	0.00379	0.00379	0.00126	0.00506	0.00337	0.00169	0.00421
10	0.00598	0.00426	0.00543	0.00504	0.00608	0.00406	0.00381	0.00841	0.07143	0.03738	0.75835	0.02688	0.03330	0.00748	0.00441	0.00120	0.00192	0.00659	0.00417	0.00383
11	0.01442	0.01062	0.01138	0.00873	0.01176	0.01176	0.00721	0.83041	0.01783	0.02390	0.00911	0.00911	0.00645	0.00455	0.00379	0.00114	0.00417	0.00341	0.00379	0.00645
12	0.00550	0.00374	0.00444	0.00444	0.00455	0.00384	0.00268	0.00571	0.00561	0.00758	0.01167	0.02328	0.01312	0.73660	0.14851	0.00405	0.00468	0.00529	0.00226	0.00247
13	0.00939	0.00901	0.01539	0.02328	0.84306	0.00901	0.01164	0.01164	0.00864	0.01239	0.00713	0.00939	0.00601	0.00338	0.00375	0.00113	0.00451	0.00338	0.00188	0.00601
14	0.01417	0.01808	0.01075	0.00977	0.01172	0.85149	0.00733	0.01514	0.01075	0.00928	0.00586	0.00684	0.00489	0.00391	0.00342	0.00098	0.00684	0.00244	0.00195	0.00440
15	0.00964	0.00825	0.00869	0.00776	0.00994	0.00953	0.00605	0.05314	0.80289	0.01619	0.01518	0.01394	0.01137	0.00512	0.00386	0.00128	0.00305	0.00425	0.00386	0.00602
16	0.00726	0.00691	0.01164	0.72721	0.02391	0.00860	0.04200	0.00964	0.00744	0.00971	0.00675	0.01014	0.00523	0.00485	0.03387	0.00146	0.07403	0.00343	0.00170	0.00421
17	0.00797	0.01911	0.81445	0.01065	0.01615	0.00868	0.01368	0.01226	0.00812	0.04444	0.00712	0.00820	0.00498	0.00365	0.00361	0.00120	0.00551	0.00284	0.00172	0.00564
18	0.00929	0.00800	0.00845	0.00762	0.00972	0.00923	0.00592	0.01970	0.80763	0.01584	0.04402	0.01464	0.01242	0.00524	0.00388	0.00128	0.00296	0.00438	0.00387	0.00592
19	0.01663	0.00637	0.00868	0.00668	0.00955	0.00551	0.00551	0.01810	0.01085	0.81794	0.04256	0.01342	0.01027	0.00480	0.00384	0.00117	0.00318	0.00392	0.00468	0.00636
20	0.03940	0.00956	0.02020	0.01456	0.01810	0.00901	0.72196	0.01181	0.00904	0.02506	0.07473	0.01159	0.00817	0.00360	0.00439	0.00127	0.00586	0.00457	0.00216	0.00498
21	0.01702	0.00645	0.00880	0.00675	0.00968	0.00557	0.00557	0.01848	0.01085	0.84568	0.01496	0.01291	0.00939	0.00469	0.00381	0.00117	0.00323	0.00381	0.00469	0.00645
22	0.00473	0.00385	0.00419	0.00410	0.00528	0.00331	0.00308	0.00592	0.00923	0.01164	0.26409	0.03420	0.61498	0.00908	0.00448	0.00126	0.00188	0.00768	0.00371	0.00331
23	0.01346	0.01459	0.01146	0.04033	0.10446	0.49400	0.00788	0.24257	0.01238	0.01373	0.00694	0.00787	0.00545	0.00403	0.00357	0.00105	0.00577	0.00285	0.00245	0.00514
24	0.89350	0.00733	0.00557	0.00499	0.00733	0.00851	0.00411	0.01115	0.00645	0.01702	0.00528	0.00616	0.00411	0.00352	0.00235	0.00117	0.00293	0.00205	0.00235	0.00411
25	0.00654	0.00334	0.00498	0.00504	0.00508	0.00334	0.00342	0.00507	0.00514	0.00685	0.00740	0.02605	0.00754	0.01304	0.01425	0.83680	0.00329	0.03933	0.00176	0.00175
26	0.07222	0.07379	0.20877	0.04510	0.17380	0.29500	0.03140	0.01274	0.00893	0.01122	0.00636	0.00775	0.00508	0.00361	0.00341	0.00107	0.00544	0.00274	0.00186	0.02973
27	0.00488	0.00355	0.00462	0.00536	0.00570	0.00339	0.00363	0.00605	0.04403	0.01027	0.06800	0.77849	0.02511	0.01135	0.00478	0.00151	0.00221	0.01027	0.00357	0.00324
28	0.00865	0.11422	0.34009	0.01177	0.09797	0.00975	0.15463	0.01349	0.17648	0.01246	0.00874	0.02021	0.00673	0.00388	0.00370	0.00118	0.00488	0.00346	0.00217	0.00552
29	0.00895	0.00854	0.01447	0.18855	0.66496	0.00890	0.01131	0.01142	0.02430	0.01192	0.00721	0.00962	0.00593	0.00349	0.00376	0.00116	0.00459	0.00339	0.00188	0.00565
30	0.01702	0.00645	0.00880	0.00675	0.00968	0.00557	0.00557	0.01848	0.01085	0.84568	0.01496	0.01291	0.00939	0.00469	0.00381	0.00117	0.00323	0.00381	0.00469	0.00645
31	0.00826	0.00894	0.01854	0.01485	0.10394	0.00846	0.59887	0.01096	0.00864	0.01173	0.01028	0.08995	0.04457	0.00528	0.03739	0.00147	0.00576	0.00508	0.00214	0.00487
32	0.01015	0.00898	0.01612	0.01917	0.52419	0.00879	0.20575	0.01269	0.02579	0.10823	0.00831	0.01008	0.00644	0.00356	0.00404	0.00118	0.01476	0.00371	0.00225	0.00582
33	0.00542	0.00406	0.00610	0.00610	0.00677	0.00474	0.00474	0.00677	0.00610	0.00880	0.01016	0.01490	0.00948	0.02844	0.85169	0.00610	0.01016	0.00406	0.00203	0.00339
34	0.00462	0.00330	0.00440	0.00528	0.00550	0.00308	0.00352	0.00528	0.00726	0.00968	0.02090	0.86424	0.02508	0.01188	0.00484	0.00154	0.00220	0.01078	0.00352	0.00308
35	0.03210	0.43517	0.30216	0.00855	0.03430	0.01192	0.00915	0.06320	0.01977	0.04264	0.00659	0.00739	0.00522	0.00354	0.00302	0.00100	0.00453	0.00251	0.00192	0.00531
36	0.00998	0.05514	0.02063	0.01438	0.01808	0.00940	0.68753	0.01286	0.00911	0.11144	0.00842	0.01033	0.00614	0.00338	0.00429	0.00124	0.00589	0.00427	0.00223	0.00526
37	0.00537	0.00388	0.00507	0.00477	0.00567	0.00358	0.00358	0.00716	0.01074	0.01521	0.84106	0.02833	0.03578	0.00775	0.00447	0.00119	0.00179	0.00686	0.00417	0.00358
38	0.00613	0.00424	0.00533	0.00571	0.00637	0.00417	0.00401	0.06070	0.06003	0.04802	0.04138	0.69545	0.02262	0.01056	0.00466	0.00147	0.00241	0.00948	0.00363	0.00365
39	0.00954	0.57600	0.23502	0.00866	0.05891	0.03534	0.00877	0.01164	0.00792	0.00993	0.00579	0.00679	0.00492	0.00336	0.00284	0.00094	0.00456	0.00232	0.00164	0.00511
40	0.00843	0.00838	0.01207	0.01155	0.10937	0.01131	0.00870	0.00943	0.00615	0.00952	0.00524	0.00843	0.00510	0.00625	0.01141	0.00160	0.75771	0.00333	0.00169	0.00437
41	0.00891	0.02425	0.14928	0.01751	0.29938	0.00935	0.41067	0.01194	0.00868	0.01216	0.00732	0.00953	0.00568	0.00332	0.00406	0.00121	0.00559	0.00380	0.00185	0.00549
42	0.00716	0.00674	0.01138	0.85760	0.02612	0.00843	0.01053	0.00969	0.00758	0.00969	0.00674	0.01011	0.00506	0.00379	0.00379	0.00126	0.00506	0.00337	0.00169	0.00421
43	0.01654	0.00635	0.00865	0.00667	0.00952	0.00549	0.00549	0.01802	0.01085	0.81187	0.04859	0.01354	0.01046	0.00482	0.00384	0.00117	0.00317	0.00394	0.00467	0.00634
44	0.00448	0.00384	0.00384	0.00384	0.00512	0.00320	0.00288	0.00544	0.00864	0.01025	0.03842	0.03650	0.84152	0.00960	0.00448	0.00128	0.00192	0.00800	0.00352	0.00320
45	0.00786	0.00674	0.00786	0.00562	0.00899	0.00506	0.00449	0.00955	0.00786	0.01236	0.00674	0.00786	0.00562	0.00281	0.00281	0.00056	0.00281	0.00225	0.00225	0.88990
46	0.00553	0.00369	0.00418	0.00420	0.00423	0.00369	0.00239	0.00557	0.00559	0.00745	0.01214	0.02525	0.01398	0.84632	0.01897	0.00363	0.00367	0.02486	0.00233	0.00233
47	0.00709	0.00662	0.01114	0.82004	0.02527	0.00826	0.01028	0.00956	0.00752	0.00965	0.00689	0.01032	0.00525	0.00488	0.04120	0.00148	0.00528	0.00340	0.00170	0.00418
48	0.02630	0.00692	0.01155	0.77801	0.08578	0.00847	0.01048	0.00986	0.00764	0.01005	0.00674	0.00997	0.00511	0.00376	0.00376	0.00125	0.00497	0.00334	0.00171	0.00434
49	0.00582	0.00430	0.00543	0.00524	0.00538	0.00484	0.00352	0.00621	0.00567	0.00787	0.01075	0.02077	0.01184	0.58739	0.19540	0.00395	0.10576	0.00495	0.00217	0.00275
50	0.01466	0.01605	0.01041	0.00924	0.01137	0.70415	0.00702	0.01573	0.01077	0.15496	0.00745	0.00790	0.00567	0.00405	0.00349	0.00101	0.00621	0.00268	0.00243	0.00476
51	0.28995	0.00937	0.00973	0.00821	0.04319	0.01062	0.00648	0.48639	0.01310	0.02031	0.00755	0.00814	0.00560	0.00432	0.00391	0.00118	0.06029	0.00298	0.00312	0.00554
52	0.01442	0.01062	0.01138	0.00873	0.01176	0.01176	0.00721	0.83041	0.01783	0.02390	0.00911	0.00911	0.00645	0.00455	0.00379	0.00114	0.00417	0.00341	0.00379	0.00645
53	0.00464	0.00396	0.00401	0.00401	0.00530	0.00338	0.00304	0.00585	0.02836	0.01041	0.03742	0.03612	0.80164	0.00952	0.00449	0.00129	0.00199	0.02777	0.00353	0.00328
54	0.89350	0.00733	0.00557	0.00499	0.00733	0.00851	0.00411	0.01115	0.00645	0.01702	0.00528	0.00616	0.00411	0.00352	0.00235	0.00117	0.00293	0.00205	0.00235	0.00411
55	0.00716	0.00674	0.01138	0.85760	0.02612	0.00843	0.01053	0.00969	0.00758	0.00969	0.00674	0.01011	0.00506	0.00379	0.00379	0.00126	0.00506	0.00337	0.00169	0.00421
56	0.00993	0.00804	0.00859	0.00765	0.00985	0.00918	0.00598	0.02004	0.78253	0.06983	0.01541	0.01407	0.01143	0.00512	0.00386	0.00128	0.00302	0.00426	0.00391	0.00603
57	0.19659	0.00697	0.00830	0.00655	0.00934	0.00672	0.00540	0.07041	0.04038	0.59134	0.01261	0.01132	0.00819	0.00446	0.00351	0.00118	0.00322	0.00344	0.00412	0.00596
58	0.00895	0.01023	0.02238	0.01598	0.01982	0.00959	0.82928	0.01215	0.00895	0.01215	0.00767	0.01023	0.00575	0.00320	0.00448	0.00128	0.00639	0.00448	0.00192	0.00512
59	0.87618	0.00732	0.00564	0.00502	0.00738	0.00845	0.00414	0.01129	0.00654	0.03340	0.00547	0.00629	0.00421	0.00354	0.00238	0.00117	0.00294	0.00209	0.00239	0.00415
60	0.00939	0.00901	0.01539	0.02328	0.84306	0.00901	0.01164	0.01164	0.00864	0.01239	0.00713	0.00939	0.00601	0.00338	0.00375	0.00113	0.00451	0.00338	0.00188	0.00601
61	0.00761	0.01962	0.84707	0.01081	0.01641	0.00881	0.01401	0.01201	0.00801	0.01201	0.00681	0.00801	0.00480	0.00360	0.00360	0.00120	0.00560	0.00280	0.00160	0.00560
62	0.00559	0.00365	0.00419	0.00419	0.00419	0.00365	0.00236	0.00548	0.00548	0.00730	0.01160	0.02395	0.01332	0.81076	0.01901	0.06176	0.00365	0.00537	0.00226	0.00226
63	0.86143	0.03862	0.00609	0.00504	0.00742	0.00874	0.00419	0.01116	0.00650	0.01672	0.00528	0.00616	0.00413	0.00351	0.00235	0.00116	0.00297	0.00205	0.00232	0.00413
64	0.00548	0.00400	0.00517	0.00486	0.00579	0.00375	0.00365	0.00753	0.03448	0.01523	0.81731	0.02792	0.03509	0.00768	0.00446	0.00120	0.00182	0.00678	0.00417	0.00365
65	0.00921	0.03282	0.00962	0.00807	0.01029	0.00930	0.05986	0.01869	0.71471	0.01539	0.05808	0.01441	0.01228	0.00510	0.00389	0.00127	0.00319	0.00437	0.00368	0.00578
66	0.00939	0.00901	0.01539	0.02328	0.84306	0.00901	0.01164	0.01164	0.00864	0.01239	0.00713	0.00939	0.00601	0.00338	0.00375	0.00113	0.00451	0.00338	0.00188	0.00601
67	0.05270	0.00649	0.00867	0.00668	0.00959	0.00569	0.00551	0.01818	0.01068	0.81195	0.01457	0.01263	0.00917	0.00465	0.00375	0.00117	0.00322	0.00374	0.00460	0.00636
68	0.00716	0.00674	0.01138	0.85760	0.02612	0.00843	0.01053	0.00969	0.00758	0.00969	0.00674	0.01011	0.00506	0.00379	0.00379	0.00126	0.00506	0.00337	0.00169	0.00421
69	0.00659	0.00329	0.00494	0.00494	0.00494	0.00329	0.00329	0.00494	0.00494	0.00659	0.00659	0.01153	0.00659	0.01318	0.01482	0.88966	0.00329	0.00329	0.00165	0.00165
70	0.00786	0.00674	0.00786	0.00562	0.00899	0.00506	0.00449	0.00955	0.00786	0.01236	0.00674	0.00786	0.00562	0.00281	0.00281	0.00056	0.00281	0.00225	0.00225	0.88990
71	0.01188	0.00703	0.07638	0.00696	0.02655	0.00576	0.00586	0.01472	0.10186	0.42815	0.25302	0.01703	0.01682	0.00551	0.00399	0.00119	0.00301	0.00465	0.00414	0.00549
72	0.00939	0.00901	0.01539	0.02328	0.84306	0.00901	0.01164	0.01164	0.00864	0.01239	0.00713	0.00939	0.00601	0.00338	0.00375	0.00113	0.00451	0.00338	0.00188	0.00601
73	0.01442	0.01062	0.01138	0.00873	0.01176	0.01176	0.00721	0.83041	0.01783	0.02390	0.00911	0.00911	0.00645	0.00455	0.00379	0.00114	0.00417	0.00341	0.00379	0.00645
74	0.00530	0.00387	0.00498	0.00470	0.00563	0.00355	0.00353	0.00703	0.01058	0.01484	0.78070	0.02894	0.09637	0.00789	0.00447	0.00120	0.00180	0.00694	0.00413	0.00355
75	0.01017	0.01112	0.03189	0.05504	0.51818	0.19753	0.07557	0.01223	0.00904	0.01148	0.00721	0.02985	0.00614	0.00371	0.00376	0.00112	0.00517	0.00343	0.00192	0.00542
76	0.00572	0.00408	0.00493	0.00480	0.00487	0.00441	0.00303	0.00593	0.00560	0.00765	0.01121	0.02248	0.01264	0.71124	0.10572	0.00377	0.07195	0.00519	0.00222	0.00256
77	0.00503	0.00384	0.00462	0.00448	0.00547	0.00342	0.00334	0.00647	0.00984	0.01323	0.52420	0.07427	0.31082	0.00860	0.00450	0.00124	0.00186	0.00745	0.00392	0.00342
78	0.00907	0.00960	0.01915	0.01649	0.19467	0.00925	0.55601	0.04176	0.04131	0.01266	0.00850	0.04784	0.00691	0.00374	0.00429	0.00125	0.00559	0.00447	0.00212	0.00530
79	0.26844	0.50973	0.05639	0.00654	0.00961	0.03312	0.01519	0.04469	0.00785	0.01209	0.00555	0.00639	0.00472	0.00341	0.00257	0.00096	0.00390	0.00217	0.00193	0.00474
80	0.00462	0.00330	0.00440	0.00528	0.00550	0.00308	0.00352	0.00528	0.00726	0.00968	0.02090	0.86424	0.02508	0.01188	0.00484	0.00154	0.00220	0.01078	0.00352	0.00308
81	0.00463	0.00335	0.00438	0.00516	0.00548	0.00310	0.00348	0.00534	0.00745	0.00986	0.04228	0.78422	0.08405	0.01162	0.00481	0.00151	0.00217	0.01049	0.00354	0.00310
82	0.00881	0.00919	0.02703	0.11306	0.25398	0.02694	0.34164	0.01231	0.09343	0.01243	0.05608	0.01132	0.00804	0.00380	0.00409	0.00122	0.00509	0.00409	0.00220	0.00526
83	0.01417	0.01808	0.01075	0.00977	0.01172	0.85149	0.00733	0.01514	0.01075	0.00928	0.00586	0.00684	0.00489	0.00391	0.00342	0.00098	0.00684	0.00244	0.00195	0.00440
84	0.03879	0.00648	0.00872	0.00670	0.00962	0.00565	0.00554	0.01830	0.01075	0.82510	0.01472	0.01274	0.00926	0.00466	0.00378	0.00117	0.00322	0.00377	0.00464	0.00640
85	0.01183	0.01084	0.21483	0.04171	0.03274	0.00778	0.24990	0.02337	0.00952	0.34309	0.01033	0.01072	0.00696	0.00393	0.00396	0.00121	0.00483	0.00374	0.00295	0.00577
86	0.01606	0.00798	0.00975	0.00747	0.01044	0.00784	0.00617	0.31635	0.01341	0.54420	0.01281	0.01151	0.00831	0.00464	0.00381	0.00116	0.00357	0.00367	0.00436	0.00645
87	0.01417	0.01808	0.01075	0.00977	0.01172	0.85149	0.00733	0.01514	0.01075	0.00928	0.00586	0.00684	0.00489	0.00391	0.00342	0.00098	0.00684	0.00244	0.00195	0.00440
88	0.01702	0.00645	0.00880	0.00675	0.00968	0.00557	0.00557	0.01848	0.01085	0.84568	0.01496	0.01291	0.00939	0.00469	0.00381	0.00117	0.00323	0.00381	0.00469	0.00645
89	0.00833	0.26246	0.61057	0.00957	0.01450	0.01058	0.01186	0.01182	0.00792	0.01113	0.00637	0.00746	0.00482	0.00350	0.00327	0.00109	0.00516	0.00258	0.00161	0.00539
90	0.01503	0.00681	0.00872	0.00687	0.00956	0.00639	0.00561	0.09762	0.09187	0.61321	0.08485	0.01397	0.01156	0.00498	0.00387	0.00118	0.00318	0.00408	0.00448	0.00616

[dist]
# distance from previous block
# <min> <max>
0	3

[block]
# block no. 1 follows, 72 sequences, length 54
# corresponding to MSA columns:
# 171-224
name=unknown_B
#
# <colnr> <probs for GDERKNQSTAVLIFYWHMCP>
#	G	D	E	R	K	N	Q	S	T	A	V	L	I	F	Y	W	H	M	C	P
0	0.01003	0.74869	0.07022	0.00690	0.01015	0.05427	0.00694	0.01143	0.00782	0.00913	0.00555	0.00651	0.00501	0.00409	0.02912	0.00101	0.00448	0.00216	0.00165	0.00484
1	0.04142	0.00663	0.00798	0.00690	0.02674	0.00666	0.00534	0.12548	0.15878	0.29771	0.17958	0.05827	0.05014	0.00586	0.00398	0.00121	0.00294	0.00490	0.00407	0.00541
2	0.01095	0.07100	0.12736	0.00837	0.01135	0.02748	0.00752	0.25188	0.38921	0.03753	0.01149	0.01109	0.00849	0.00459	0.00369	0.00119	0.00386	0.00362	0.00335	0.00597
3	0.00988	0.00899	0.01476	0.03242	0.73969	0.00909	0.01106	0.06253	0.02715	0.03655	0.00765	0.00958	0.00624	0.00353	0.00376	0.00113	0.00442	0.00341	0.00212	0.00602
4	0.00462	0.00330	0.00440	0.00528	0.00550	0.00308	0.00352	0.00528	0.00726	0.00968	0.02090	0.86424	0.02508	0.01188	0.00484	0.00154	0.00220	0.01078	0.00352	0.00308
5	0.00638	0.00511	0.00728	0.00857	0.15795	0.00528	0.00532	0.02360	0.03545	0.01125	0.19141	0.01977	0.07725	0.14367	0.28155	0.00316	0.00538	0.00505	0.00271	0.00387
6	0.00490	0.00386	0.00442	0.00428	0.00538	0.00338	0.00321	0.00625	0.00962	0.01257	0.41478	0.03267	0.46371	0.00874	0.00448	0.00124	0.00186	0.00747	0.00383	0.00338
7	0.01414	0.01049	0.01123	0.00867	0.01166	0.01163	0.00714	0.78590	0.06279	0.02346	0.00945	0.00938	0.00673	0.00459	0.00380	0.00115	0.00411	0.00346	0.00380	0.00643
8	0.00841	0.00848	0.01160	0.00995	0.00999	0.02714	0.00828	0.00924	0.00590	0.00913	0.00499	0.00827	0.00498	0.00659	0.01228	0.00165	0.84401	0.00330	0.00166	0.00415
9	0.00448	0.00384	0.00384	0.00384	0.00512	0.00320	0.00288	0.00544	0.00864	0.01025	0.03842	0.03650	0.84152	0.00960	0.00448	0.00128	0.00192	0.00800	0.00352	0.00320
10	0.00895	0.01023	0.02238	0.01598	0.01982	0.00959	0.82928	0.01215	0.00895	0.01215	0.00767	0.01023	0.00575	0.00320	0.00448	0.00128	0.00639	0.00448	0.00192	0.00512
11	0.00537	0.00388	0.00507	0.00477	0.00567	0.00358	0.00358	0.00716	0.01074	0.01521	0.84106	0.02833	0.03578	0.00775	0.00447	0.00119	0.00179	0.00686	0.00417	0.00358
12	0.01417	0.01808	0.01075	0.00977	0.01172	0.85149	0.00733	0.01514	0.01075	0.00928	0.00586	0.00684	0.00489	0.00391	0.00342	0.00098	0.00684	0.00244	0.00195	0.00440
13	0.00886	0.00971	0.01976	0.04463	0.11951	0.00974	0.59548	0.01161	0.00846	0.01170	0.00723	0.00987	0.00566	0.00368	0.00539	0.00131	0.11628	0.00415	0.00187	0.00507
14	0.01696	0.00655	0.00886	0.00679	0.00973	0.00572	0.00561	0.03699	0.01101	0.82695	0.01483	0.01282	0.00932	0.00469	0.00381	0.00117	0.00325	0.00380	0.00467	0.00645
15	0.00786	0.00674	0.00786	0.00562	0.00899	0.00506	0.00449	0.00955	0.00786	0.01236	0.00674	0.00786	0.00562	0.00281	0.00281	0.00056	0.00281	0.00225	0.00225	0.88990
16	0.00960	0.00948	0.01498	0.04956	0.76649	0.05970	0.01134	0.01179	0.00873	0.01212	0.00704	0.00926	0.00591	0.00342	0.00374	0.00112	0.00466	0.00332	0.00188	0.00585
17	0.00857	0.00950	0.01959	0.01431	0.01762	0.02955	0.69072	0.01140	0.00886	0.01189	0.03553	0.04830	0.00836	0.03204	0.00497	0.00137	0.00589	0.03460	0.00213	0.00481
18	0.00720	0.00679	0.01138	0.82920	0.02558	0.00853	0.01046	0.00967	0.00752	0.00967	0.00668	0.01005	0.00505	0.00389	0.00408	0.00128	0.03370	0.00337	0.00168	0.00421
19	0.00716	0.00674	0.01138	0.85760	0.02612	0.00843	0.01053	0.00969	0.00758	0.00969	0.00674	0.01011	0.00506	0.00379	0.00379	0.00126	0.00506	0.00337	0.00169	0.00421
20	0.00716	0.00674	0.01138	0.85760	0.02612	0.00843	0.01053	0.00969	0.00758	0.00969	0.00674	0.01011	0.00506	0.00379	0.00379	0.00126	0.00506	0.00337	0.00169	0.00421
21	0.00943	0.00815	0.00858	0.00772	0.00986	0.00943	0.00600	0.02015	0.83621	0.01586	0.01544	0.01415	0.01158	0.00515	0.00386	0.00129	0.00300	0.00429	0.00386	0.00600
22	0.00546	0.00388	0.00519	0.00519	0.00555	0.00425	0.00361	0.00619	0.00583	0.00813	0.01099	0.01951	0.01148	0.41785	0.46501	0.00497	0.00715	0.00474	0.00216	0.00288
23	0.00716	0.00674	0.01138	0.85760	0.02612	0.00843	0.01053	0.00969	0.00758	0.00969	0.00674	0.01011	0.00506	0.00379	0.00379	0.00126	0.00506	0.00337	0.00169	0.00421
24	0.01702	0.00645	0.00880	0.00675	0.00968	0.00557	0.00557	0.01848	0.01085	0.84568	0.01496	0.01291	0.00939	0.00469	0.00381	0.00117	0.00323	0.00381	0.00469	0.00645
25	0.00830	0.00830	0.01162	0.00996	0.00996	0.01162	0.00830	0.00913	0.00581	0.00913	0.00498	0.00830	0.00498	0.00664	0.01245	0.00166	0.85977	0.00332	0.00166	0.00415
26	0.89350	0.00733	0.00557	0.00499	0.00733	0.00851	0.00411	0.01115	0.00645	0.01702	0.00528	0.00616	0.00411	0.00352	0.00235	0.00117	0.00293	0.00205	0.00235	0.00411
27	0.00732	0.00682	0.01138	0.83944	0.02581	0.00850	0.01046	0.02725	0.00780	0.00999	0.00679	0.01009	0.00509	0.00381	0.00379	0.00126	0.00504	0.00337	0.00173	0.00426
28	0.00556	0.00454	0.00470	0.00441	0.00584	0.00411	0.00337	0.09077	0.00973	0.01197	0.08633	0.03315	0.70412	0.00897	0.00441	0.00126	0.00215	0.00746	0.00359	0.00356
29	0.01417	0.01808	0.01075	0.00977	0.01172	0.85149	0.00733	0.01514	0.01075	0.00928	0.00586	0.00684	0.00489	0.00391	0.00342	0.00098	0.00684	0.00244	0.00195	0.00440
30	0.01346	0.00755	0.01158	0.01377	0.36528	0.00702	0.00813	0.01527	0.00981	0.46303	0.01135	0.01124	0.00782	0.00407	0.00376	0.00113	0.00376	0.00358	0.00341	0.03496
31	0.00542	0.00406	0.00610	0.00610	0.00677	0.00474	0.00474	0.00677	0.00610	0.00880	0.01016	0.01490	0.00948	0.02844	0.85169	0.00610	0.01016	0.00406	0.00203	0.00339
32	0.00854	0.04267	0.34497	0.01270	0.01692	0.04455	0.39054	0.02421	0.00866	0.01191	0.00790	0.05416	0.00635	0.00387	0.00403	0.00123	0.00577	0.00397	0.00190	0.00518
33	0.01442	0.01062	0.01138	0.00873	0.01176	0.01176	0.00721	0.83041	0.01783	0.02390	0.00911	0.00911	0.00645	0.00455	0.00379	0.00114	0.00417	0.00341	0.00379	0.00645
34	0.01308	0.00991	0.01123	0.00875	0.01153	0.01097	0.04602	0.64984	0.08907	0.02151	0.00978	0.01045	0.00726	0.02191	0.00434	0.00122	0.02524	0.01334	0.02846	0.00609
35	0.00792	0.00679	0.00789	0.00569	0.00902	0.00520	0.00454	0.00990	0.03562	0.01248	0.00703	0.00807	0.00582	0.00289	0.00284	0.00059	0.00282	0.00232	0.00230	0.86028
36	0.01258	0.00885	0.00942	0.00743	0.00992	0.00970	0.00607	0.62478	0.01536	0.02146	0.00992	0.01037	0.00727	0.00452	0.00351	0.00107	0.00357	0.00344	0.22505	0.00572
37	0.00830	0.00830	0.01162	0.00996	0.00996	0.01162	0.00830	0.00913	0.00581	0.00913	0.00498	0.00830	0.00498	0.00664	0.01245	0.00166	0.85977	0.00332	0.00166	0.00415
38	0.00452	0.00385	0.00389	0.00391	0.00518	0.00323	0.00295	0.00550	0.00865	0.01027	0.03801	0.03664	0.82327	0.00962	0.00450	0.00129	0.00196	0.02602	0.00352	0.00321
39	0.00761	0.01962	0.84707	0.01081	0.01641	0.00881	0.01401	0.01201	0.00801	0.01201	0.00681	0.00801	0.00480	0.00360	0.00360	0.00120	0.00560	0.00280	0.00160	0.00560
40	0.00467	0.00339	0.00442	0.00518	0.00553	0.00314	0.00353	0.00543	0.00755	0.01000	0.05866	0.75025	0.08581	0.01150	0.00481	0.00151	0.00219	0.02578	0.00355	0.00312
41	0.00555	0.00451	0.00520	0.00493	0.00606	0.00440	0.00376	0.00780	0.09287	0.01261	0.34039	0.02963	0.38158	0.02547	0.00510	0.00132	0.04303	0.01843	0.00369	0.00366
42	0.00485	0.00348	0.00460	0.00513	0.00555	0.00323	0.00354	0.00585	0.00832	0.01136	0.27047	0.60988	0.02834	0.01063	0.00473	0.00143	0.00208	0.00959	0.00372	0.00323
43	0.00975	0.00830	0.00875	0.00778	0.00998	0.00958	0.00608	0.07174	0.78411	0.01638	0.01503	0.01383	0.01125	0.00511	0.00385	0.00128	0.00308	0.00423	0.00385	0.00603
44	0.00761	0.01962	0.84707	0.01081	0.01641	0.00881	0.01401	0.01201	0.00801	0.01201	0.00681	0.00801	0.00480	0.00360	0.00360	0.00120	0.00560	0.00280	0.00160	0.00560
45	0.00862	0.01257	0.32856	0.11659	0.29868	0.00851	0.06017	0.01171	0.00833	0.04420	0.00727	0.00904	0.00553	0.00352	0.00369	0.00115	0.00494	0.00317	0.00189	0.06187
46	0.05794	0.29796	0.44495	0.00912	0.01351	0.03124	0.04451	0.01205	0.00802	0.03938	0.00651	0.00750	0.00498	0.00351	0.00319	0.00107	0.00493	0.00260	0.00178	0.00526
47	0.00791	0.10913	0.73886	0.01048	0.01579	0.00948	0.03378	0.01194	0.00800	0.01169	0.00667	0.00786	0.00483	0.00356	0.00350	0.00116	0.00546	0.00276	0.00161	0.00551
48	0.01291	0.00984	0.16068	0.00772	0.01078	0.08366	0.01822	0.02720	0.07397	0.43287	0.08137	0.01358	0.04012	0.00486	0.00383	0.00118	0.00386	0.00395	0.00368	0.00571
49	0.00516	0.00387	0.00479	0.00456	0.00554	0.00349	0.00342	0.00676	0.01025	0.01406	0.65585	0.03021	0.22171	0.00818	0.00448	0.00121	0.00182	0.00712	0.00402	0.00349
50	0.00979	0.01496	0.53377	0.01009	0.05074	0.00794	0.02086	0.04182	0.00901	0.17930	0.02639	0.00954	0.00656	0.00388	0.00364	0.00115	0.00479	0.00312	0.00241	0.06025
51	0.00939	0.00901	0.01539	0.02328	0.84306	0.00901	0.01164	0.01164	0.00864	0.01239	0.00713	0.00939	0.00601	0.00338	0.00375	0.00113	0.00451	0.00338	0.00188	0.00601
52	0.03426	0.00658	0.00877	0.00675	0.00967	0.00580	0.00557	0.03477	0.02184	0.78854	0.01453	0.01264	0.00919	0.00464	0.00377	0.00116	0.00323	0.00375	0.00458	0.01995
53	0.01099	0.08721	0.08140	0.00986	0.15259	0.00805	0.00728	0.07684	0.12530	0.21656	0.08021	0.01246	0.02691	0.00448	0.00364	0.00110	0.00358	0.00373	0.00320	0.08461

[dist]
# distance from previous block
# <min> <max>
0	1

[block]
# block no. 2 follows, 72 sequences, length 8
# corresponding to MSA columns:
# 226-233
name=unknown_C
#
# <colnr> <probs for GDERKNQSTAVLIFYWHMCP>
#	G	D	E	R	K	N	Q	S	T	A	V	L	I	F	Y	W	H	M	C	P
0	0.01022	0.05887	0.20214	0.01453	0.30966	0.11272	0.04871	0.06503	0.06690	0.04865	0.00786	0.00906	0.00608	0.00372	0.00364	0.00112	0.00489	0.00318	0.00220	0.02083
1	0.00950	0.00833	0.01242	0.07447	0.46943	0.02540	0.00913	0.08331	0.02876	0.04291	0.08229	0.01110	0.00882	0.00393	0.00371	0.00108	0.00403	0.00357	0.00243	0.11539
2	0.04749	0.00658	0.00967	0.01042	0.19420	0.00640	0.05885	0.06234	0.02965	0.15579	0.23136	0.08686	0.01674	0.00585	0.00407	0.00121	0.00329	0.03812	0.00337	0.02773
3	0.02603	0.00563	0.00810	0.00675	0.00853	0.00532	0.10659	0.03909	0.06179	0.13099	0.35656	0.09506	0.09646	0.00679	0.00426	0.00123	0.00282	0.00608	0.00373	0.02819
4	0.00779	0.00661	0.01063	0.55084	0.07706	0.00793	0.00917	0.00982	0.00766	0.06690	0.00891	0.11608	0.00790	0.00512	0.00479	0.00132	0.09068	0.00432	0.00213	0.00434
5	0.00533	0.00401	0.00499	0.00549	0.00602	0.00403	0.00380	0.00726	0.11002	0.01026	0.01974	0.59934	0.06285	0.07029	0.06587	0.00196	0.00295	0.00900	0.00337	0.00342
6	0.01269	0.01448	0.11440	0.00927	0.01203	0.36312	0.00792	0.26142	0.14048	0.01505	0.00844	0.00880	0.00638	0.00426	0.00362	0.00110	0.00529	0.00307	0.00276	0.00541
7	0.01402	0.00958	0.01017	0.00807	0.01082	0.06232	0.00656	0.46068	0.12223	0.20760	0.04072	0.01117	0.00873	0.00474	0.00381	0.00116	0.00389	0.00368	0.00390	0.00616

[dist]
# distance from previous block
# <min> <max>
0	16

# created by:
# /st0/software/busco_prod/Augustus/scripts/msa2prfl.pl ./align_prep/31926.fa
