[name]
unknown

[dist]
# distance from previous block
# <min> <max>
0	69

[block]
# block no. 0 follows, 74 sequences, length 93
# corresponding to MSA columns:
# 70-162
name=unknown_A
#
# <colnr> <probs for GDERKNQSTAVLIFYWHMCP>
#	G	D	E	R	K	N	Q	S	T	A	V	L	I	F	Y	W	H	M	C	P
0	0.00721	0.00625	0.00999	0.01368	0.37608	0.00618	0.02319	0.00902	0.00837	0.01135	0.01492	0.10579	0.05952	0.00716	0.00440	0.00139	0.00370	0.32463	0.00270	0.00447
1	0.00469	0.00339	0.00446	0.00525	0.00554	0.00322	0.00356	0.00565	0.02948	0.00982	0.04368	0.80643	0.02444	0.01131	0.00471	0.00149	0.00218	0.02411	0.00347	0.00311
2	0.00530	0.00356	0.00410	0.00419	0.00424	0.00353	0.00242	0.00542	0.00573	0.00766	0.03493	0.11886	0.01531	0.75034	0.01692	0.00330	0.00339	0.00601	0.00243	0.00237
3	0.02398	0.00960	0.00971	0.00866	0.02659	0.14703	0.06421	0.01772	0.59452	0.01399	0.01259	0.01222	0.00959	0.00526	0.02647	0.00133	0.00400	0.00386	0.00323	0.00546
4	0.77113	0.00838	0.01895	0.00548	0.00780	0.09230	0.00452	0.01150	0.00687	0.03807	0.00550	0.00630	0.00424	0.00352	0.00246	0.00113	0.00330	0.00210	0.00231	0.00413
5	0.03450	0.03309	0.04722	0.03152	0.03561	0.05122	0.09282	0.18881	0.00963	0.11079	0.00739	0.00889	0.00576	0.00490	0.00679	0.00131	0.31890	0.00331	0.00248	0.00505
6	0.82396	0.00689	0.00531	0.00478	0.00699	0.00792	0.00392	0.01055	0.00647	0.01622	0.00710	0.00784	0.04950	0.00379	0.00242	0.00115	0.00279	0.00236	0.02609	0.00396
7	0.00827	0.01717	0.68081	0.01006	0.01495	0.00896	0.01225	0.09131	0.09687	0.01327	0.00777	0.00858	0.00556	0.00378	0.00357	0.00118	0.00508	0.00295	0.00201	0.00561
8	0.01111	0.35437	0.06028	0.00822	0.01135	0.01161	0.09273	0.23829	0.07142	0.07229	0.01847	0.01967	0.00669	0.00394	0.00327	0.00102	0.00414	0.00310	0.00262	0.00540
9	0.00495	0.00367	0.00392	0.00392	0.00447	0.00339	0.00250	0.00537	0.00674	0.00844	0.02308	0.02931	0.37882	0.49159	0.01252	0.00257	0.00284	0.00647	0.00278	0.00264
10	0.01352	0.09162	0.01129	0.00928	0.01131	0.78194	0.00710	0.01450	0.01026	0.00905	0.00569	0.00663	0.00478	0.00377	0.00326	0.00094	0.00646	0.00236	0.00188	0.00434
11	0.00510	0.00372	0.00437	0.00424	0.00491	0.00345	0.00291	0.00606	0.00828	0.01111	0.36948	0.02843	0.21796	0.30339	0.00935	0.00202	0.00241	0.00653	0.00331	0.00299
12	0.89577	0.00718	0.00546	0.00488	0.00718	0.00833	0.00402	0.01091	0.00632	0.01665	0.00517	0.00603	0.00402	0.00345	0.00230	0.00115	0.00287	0.00201	0.00230	0.00402
13	0.00826	0.03257	0.29848	0.06519	0.29265	0.03836	0.04212	0.01091	0.00795	0.02394	0.00777	0.06881	0.00671	0.00469	0.01766	0.01184	0.05145	0.00361	0.00188	0.00514
14	0.00540	0.00361	0.00408	0.00408	0.00409	0.00362	0.00229	0.00542	0.00541	0.00722	0.01166	0.02412	0.01342	0.85448	0.03386	0.00364	0.00371	0.00537	0.00224	0.00227
15	0.00452	0.00323	0.00431	0.00517	0.00538	0.00301	0.00345	0.00517	0.00711	0.00948	0.02046	0.86713	0.02455	0.01163	0.00474	0.00151	0.00215	0.01055	0.00345	0.00301
16	0.00836	0.01205	0.36674	0.00860	0.01191	0.00782	0.01880	0.15667	0.10116	0.02738	0.03050	0.14609	0.01093	0.00577	0.00394	0.00127	0.00416	0.07004	0.00274	0.00509
17	0.01010	0.00877	0.01151	0.15285	0.21156	0.03174	0.03085	0.19458	0.25695	0.02443	0.00979	0.01061	0.00742	0.00421	0.00386	0.00118	0.01758	0.00359	0.00282	0.00559
18	0.00884	0.00740	0.00825	0.00727	0.00927	0.00828	0.02828	0.05505	0.62313	0.02886	0.11496	0.01628	0.05678	0.00548	0.00389	0.00124	0.00289	0.00464	0.00375	0.00545
19	0.01398	0.01033	0.01106	0.00851	0.01146	0.01145	0.00702	0.81176	0.03993	0.02318	0.00908	0.00905	0.00645	0.00447	0.00371	0.00112	0.00405	0.00337	0.00371	0.00630
20	0.00770	0.00660	0.00770	0.00550	0.00880	0.00495	0.00440	0.00935	0.00770	0.01210	0.00660	0.00770	0.00550	0.00275	0.00275	0.00055	0.00275	0.00220	0.00220	0.89224
21	0.00529	0.00396	0.00593	0.00595	0.00660	0.00461	0.00462	0.00660	0.00599	0.00863	0.01016	0.03184	0.00959	0.02751	0.83763	0.00588	0.00978	0.00411	0.00202	0.00331
22	0.00608	0.00425	0.00577	0.00645	0.00724	0.00424	0.00542	0.00774	0.02751	0.02617	0.01879	0.10771	0.02045	0.08866	0.00630	0.00184	0.00331	0.64532	0.00334	0.00339
23	0.00645	0.00322	0.00484	0.00484	0.00484	0.00322	0.00322	0.00484	0.00484	0.00645	0.00645	0.01128	0.00645	0.01289	0.01451	0.89201	0.00322	0.00322	0.00161	0.00161
24	0.01652	0.00653	0.00874	0.00670	0.00958	0.00577	0.00554	0.06030	0.01098	0.80626	0.01435	0.01244	0.00904	0.00459	0.00373	0.00115	0.00321	0.00371	0.00455	0.00632
25	0.01292	0.01497	0.00984	0.00880	0.01072	0.63320	0.00667	0.11716	0.03581	0.01148	0.02267	0.03173	0.00656	0.00425	0.00342	0.00100	0.00574	0.00293	0.05563	0.00450
26	0.00467	0.00338	0.00443	0.00523	0.00555	0.00319	0.00358	0.00555	0.02257	0.00968	0.02091	0.78795	0.05229	0.01137	0.00472	0.00150	0.00221	0.04467	0.00345	0.00309
27	0.89577	0.00718	0.00546	0.00488	0.00718	0.00833	0.00402	0.01091	0.00632	0.01665	0.00517	0.00603	0.00402	0.00345	0.00230	0.00115	0.00287	0.00201	0.00230	0.00402
28	0.00439	0.00376	0.00376	0.00376	0.00501	0.00313	0.00282	0.00533	0.00846	0.01003	0.03760	0.03572	0.84489	0.00940	0.00439	0.00125	0.00188	0.00783	0.00345	0.00313
29	0.12533	0.00640	0.00796	0.00630	0.00890	0.00599	0.00516	0.05024	0.03075	0.61586	0.06974	0.01274	0.01024	0.00465	0.00357	0.00115	0.00303	0.00371	0.02252	0.00577
30	0.01011	0.00627	0.00740	0.00654	0.00823	0.00643	0.00515	0.28220	0.01127	0.15549	0.01463	0.25464	0.01405	0.03651	0.00459	0.00136	0.00312	0.09542	0.07189	0.00471
31	0.00692	0.00346	0.00346	0.00346	0.00432	0.00346	0.00259	0.00865	0.00778	0.01384	0.01211	0.01384	0.00951	0.00432	0.00259	0.00086	0.00173	0.00346	0.89016	0.00346
32	0.00476	0.00383	0.00394	0.00388	0.00516	0.00321	0.00292	0.00575	0.00860	0.03335	0.06933	0.03476	0.78937	0.00920	0.00437	0.00125	0.00191	0.00768	0.00350	0.00324
33	0.85274	0.00729	0.00568	0.00504	0.00735	0.00844	0.00414	0.03451	0.02351	0.01682	0.00548	0.00627	0.00423	0.00351	0.00237	0.00115	0.00291	0.00209	0.00237	0.00412
34	0.00480	0.00335	0.00425	0.00486	0.00502	0.00321	0.00313	0.00527	0.00662	0.00883	0.01786	0.60653	0.02124	0.26507	0.00892	0.00213	0.00260	0.02043	0.00309	0.00279
35	0.01411	0.01040	0.01114	0.00854	0.01151	0.01151	0.00706	0.83402	0.01745	0.02339	0.00891	0.00891	0.00631	0.00446	0.00371	0.00111	0.00408	0.00334	0.00371	0.00631
36	0.00521	0.00379	0.00491	0.00463	0.00552	0.00349	0.00347	0.00693	0.01041	0.01466	0.80700	0.02810	0.07260	0.00767	0.00438	0.00117	0.00176	0.00676	0.00406	0.00349
37	0.00548	0.00389	0.00475	0.00449	0.00551	0.00354	0.00337	0.00712	0.02048	0.03659	0.57777	0.02842	0.22157	0.02166	0.00452	0.00122	0.00186	0.00672	0.03753	0.00350
38	0.89577	0.00718	0.00546	0.00488	0.00718	0.00833	0.00402	0.01091	0.00632	0.01665	0.00517	0.00603	0.00402	0.00345	0.00230	0.00115	0.00287	0.00201	0.00230	0.00402
39	0.01661	0.00639	0.00866	0.00664	0.00951	0.00557	0.00549	0.03345	0.01075	0.83342	0.01454	0.01256	0.00913	0.00459	0.00373	0.00115	0.00318	0.00373	0.00458	0.00632
40	0.01665	0.00632	0.00861	0.00660	0.00948	0.00546	0.00546	0.01809	0.01062	0.84897	0.01464	0.01263	0.00919	0.00459	0.00373	0.00115	0.00316	0.00373	0.00459	0.00632
41	0.00645	0.00322	0.00484	0.00484	0.00484	0.00322	0.00322	0.00484	0.00484	0.00645	0.00645	0.01128	0.00645	0.01289	0.01451	0.89201	0.00322	0.00322	0.00161	0.00161
42	0.89577	0.00718	0.00546	0.00488	0.00718	0.00833	0.00402	0.01091	0.00632	0.01665	0.00517	0.00603	0.00402	0.00345	0.00230	0.00115	0.00287	0.00201	0.00230	0.00402
43	0.00439	0.00376	0.00376	0.00376	0.00501	0.00313	0.00282	0.00533	0.00846	0.01003	0.03760	0.03572	0.84489	0.00940	0.00439	0.00125	0.00188	0.00783	0.00345	0.00313
44	0.00538	0.00359	0.00405	0.00407	0.00407	0.00359	0.00227	0.00539	0.00543	0.00724	0.01186	0.04048	0.01371	0.85307	0.01862	0.00356	0.00357	0.00550	0.00227	0.00226
45	0.00455	0.00377	0.00398	0.00393	0.00511	0.00320	0.00295	0.00563	0.00884	0.01092	0.18539	0.03426	0.69655	0.00907	0.00439	0.00124	0.00186	0.00763	0.00356	0.00320
46	0.00937	0.00804	0.00847	0.00758	0.00970	0.00930	0.00591	0.04218	0.81702	0.01574	0.01494	0.01371	0.01119	0.00502	0.00378	0.00125	0.00297	0.00417	0.00378	0.00589
47	0.89577	0.00718	0.00546	0.00488	0.00718	0.00833	0.00402	0.01091	0.00632	0.01665	0.00517	0.00603	0.00402	0.00345	0.00230	0.00115	0.00287	0.00201	0.00230	0.00402
48	0.01353	0.00936	0.01026	0.00806	0.01085	0.01021	0.00660	0.58080	0.14882	0.13247	0.02374	0.01050	0.00795	0.00462	0.00374	0.00114	0.00374	0.00358	0.00385	0.00620
49	0.01358	0.01013	0.01084	0.00843	0.01131	0.01126	0.00693	0.74516	0.10718	0.02253	0.00959	0.00945	0.00686	0.00452	0.00372	0.00113	0.00396	0.00344	0.00372	0.00626
50	0.00456	0.00380	0.00401	0.00405	0.00525	0.00324	0.00310	0.00561	0.00860	0.01042	0.08793	0.03568	0.73046	0.00935	0.00444	0.00128	0.00199	0.06956	0.00349	0.00318
51	0.00446	0.00357	0.00399	0.00430	0.00516	0.00310	0.00306	0.00531	0.00801	0.00994	0.05010	0.33974	0.52590	0.01017	0.00452	0.00134	0.00198	0.00880	0.00346	0.00310
52	0.89577	0.00718	0.00546	0.00488	0.00718	0.00833	0.00402	0.01091	0.00632	0.01665	0.00517	0.00603	0.00402	0.00345	0.00230	0.00115	0.00287	0.00201	0.00230	0.00402
53	0.06109	0.00643	0.00850	0.00655	0.00939	0.00570	0.00541	0.03109	0.01052	0.79334	0.01407	0.01224	0.00888	0.00453	0.00366	0.00115	0.00316	0.00364	0.00446	0.00620
54	0.89577	0.00718	0.00546	0.00488	0.00718	0.00833	0.00402	0.01091	0.00632	0.01665	0.00517	0.00603	0.00402	0.00345	0.00230	0.00115	0.00287	0.00201	0.00230	0.00402
55	0.00525	0.00379	0.00496	0.00467	0.00555	0.00350	0.00350	0.00700	0.01051	0.01488	0.84444	0.02773	0.03502	0.00759	0.00438	0.00117	0.00175	0.00671	0.00409	0.00350
56	0.00834	0.00780	0.01324	0.39152	0.47261	0.00852	0.01083	0.01065	0.00803	0.02326	0.00693	0.00955	0.00552	0.00350	0.00369	0.00116	0.00463	0.00331	0.00180	0.00511
57	0.01518	0.00631	0.00851	0.00662	0.00930	0.00564	0.01820	0.04027	0.03987	0.70550	0.07106	0.01359	0.01090	0.00478	0.00376	0.00115	0.00309	0.00395	0.02630	0.00602
58	0.00770	0.00660	0.00770	0.00550	0.00880	0.00495	0.00440	0.00935	0.00770	0.01210	0.00660	0.00770	0.00550	0.00275	0.00275	0.00055	0.00275	0.00220	0.00220	0.89224
59	0.00701	0.00660	0.01113	0.86063	0.02556	0.00825	0.01031	0.00948	0.00742	0.00948	0.00660	0.00990	0.00495	0.00371	0.00371	0.00124	0.00495	0.00330	0.00165	0.00412
60	0.00439	0.00376	0.00376	0.00376	0.00501	0.00313	0.00282	0.00533	0.00846	0.01003	0.03760	0.03572	0.84489	0.00940	0.00439	0.00125	0.00188	0.00783	0.00345	0.00313
61	0.00905	0.00784	0.00846	0.05066	0.01039	0.00909	0.00605	0.01899	0.78511	0.01514	0.01501	0.01398	0.02351	0.00503	0.00378	0.00126	0.00302	0.00421	0.00366	0.00575
62	0.00923	0.00797	0.00839	0.00755	0.00965	0.00923	0.00588	0.01972	0.83969	0.01553	0.01511	0.01385	0.01133	0.00504	0.00378	0.00126	0.00294	0.00420	0.00378	0.00588
63	0.00919	0.00882	0.01507	0.02278	0.84640	0.00882	0.01139	0.01139	0.00845	0.01213	0.00698	0.00919	0.00588	0.00331	0.00367	0.00110	0.00441	0.00331	0.00184	0.00588
64	0.01387	0.01769	0.01052	0.00956	0.01148	0.85465	0.00717	0.01482	0.01052	0.00908	0.00574	0.00669	0.00478	0.00383	0.00335	0.00096	0.00669	0.00239	0.00191	0.00430
65	0.00452	0.00323	0.00431	0.00517	0.00538	0.00301	0.00345	0.00517	0.00711	0.00948	0.02046	0.86713	0.02455	0.01163	0.00474	0.00151	0.00215	0.01055	0.00345	0.00301
66	0.00439	0.00376	0.00376	0.00376	0.00501	0.00313	0.00282	0.00533	0.00846	0.01003	0.03760	0.03572	0.84489	0.00940	0.00439	0.00125	0.00188	0.00783	0.00345	0.00313
67	0.01411	0.01040	0.01114	0.00854	0.01151	0.01151	0.00706	0.83402	0.01745	0.02339	0.00891	0.00891	0.00631	0.00446	0.00371	0.00111	0.00408	0.00334	0.00371	0.00631
68	0.00439	0.00376	0.00376	0.00376	0.00501	0.00313	0.00282	0.00533	0.00846	0.01003	0.03760	0.03572	0.84489	0.00940	0.00439	0.00125	0.00188	0.00783	0.00345	0.00313
69	0.00439	0.00376	0.00376	0.00376	0.00501	0.00313	0.00282	0.00533	0.00846	0.01003	0.03760	0.03572	0.84489	0.00940	0.00439	0.00125	0.00188	0.00783	0.00345	0.00313
70	0.00540	0.00360	0.00405	0.00405	0.00405	0.00360	0.00225	0.00540	0.00540	0.00720	0.01170	0.02429	0.01349	0.86955	0.01889	0.00360	0.00360	0.00540	0.00225	0.00225
71	0.00692	0.00346	0.00346	0.00346	0.00432	0.00346	0.00259	0.00865	0.00778	0.01384	0.01211	0.01384	0.00951	0.00432	0.00259	0.00086	0.00173	0.00346	0.89016	0.00346
72	0.00744	0.01920	0.85032	0.01058	0.01607	0.00862	0.01371	0.01176	0.00784	0.01176	0.00666	0.00784	0.00470	0.00353	0.00353	0.00118	0.00549	0.00274	0.00157	0.00549
73	0.00525	0.00379	0.00496	0.00467	0.00555	0.00350	0.00350	0.00700	0.01051	0.01488	0.84444	0.02773	0.03502	0.00759	0.00438	0.00117	0.00175	0.00671	0.00409	0.00350
74	0.00525	0.00379	0.00496	0.00467	0.00555	0.00350	0.00350	0.00700	0.01051	0.01488	0.84444	0.02773	0.03502	0.00759	0.00438	0.00117	0.00175	0.00671	0.00409	0.00350
75	0.01665	0.00632	0.00861	0.00660	0.00948	0.00546	0.00546	0.01809	0.01062	0.84897	0.01464	0.01263	0.00919	0.00459	0.00373	0.00115	0.00316	0.00373	0.00459	0.00632
76	0.00439	0.00376	0.00376	0.00376	0.00501	0.00313	0.00282	0.00533	0.00846	0.01003	0.03760	0.03572	0.84489	0.00940	0.00439	0.00125	0.00188	0.00783	0.00345	0.00313
77	0.00530	0.00398	0.00597	0.00597	0.00663	0.00464	0.00464	0.00663	0.00597	0.00862	0.00994	0.01458	0.00928	0.02784	0.85484	0.00597	0.00994	0.00398	0.00199	0.00331
78	0.89577	0.00718	0.00546	0.00488	0.00718	0.00833	0.00402	0.01091	0.00632	0.01665	0.00517	0.00603	0.00402	0.00345	0.00230	0.00115	0.00287	0.00201	0.00230	0.00402
79	0.00456	0.00326	0.00434	0.00514	0.00539	0.00304	0.00345	0.00526	0.00728	0.00975	0.06215	0.82466	0.02508	0.01142	0.00472	0.00149	0.00213	0.01036	0.00348	0.00304
80	0.00439	0.00376	0.00376	0.00376	0.00501	0.00313	0.00282	0.00533	0.00846	0.01003	0.03760	0.03572	0.84489	0.00940	0.00439	0.00125	0.00188	0.00783	0.00345	0.00313
81	0.00592	0.00439	0.00578	0.00643	0.00741	0.00436	0.00552	0.00796	0.05082	0.01118	0.02200	0.03956	0.13931	0.00987	0.00495	0.00162	0.00317	0.66281	0.00344	0.00350
82	0.01620	0.00704	0.00906	0.00695	0.00984	0.00653	0.00574	0.16330	0.01184	0.70204	0.01362	0.01197	0.00868	0.00457	0.00373	0.00114	0.00332	0.00366	0.00444	0.00632
83	0.00439	0.00376	0.00376	0.00376	0.00501	0.00313	0.00282	0.00533	0.00846	0.01003	0.03760	0.03572	0.84489	0.00940	0.00439	0.00125	0.00188	0.00783	0.00345	0.00313
84	0.00524	0.00379	0.00494	0.00465	0.00553	0.00349	0.00349	0.00697	0.01047	0.01479	0.82800	0.02789	0.05153	0.00763	0.00438	0.00117	0.00175	0.00674	0.00407	0.00349
85	0.00540	0.00361	0.00410	0.00410	0.00411	0.00362	0.00231	0.00543	0.00541	0.00723	0.01165	0.02405	0.01339	0.84879	0.03951	0.00366	0.00376	0.00536	0.00224	0.00228
86	0.01399	0.01034	0.01107	0.00852	0.01147	0.01145	0.00703	0.81394	0.03773	0.02320	0.00906	0.00903	0.00644	0.00447	0.00371	0.00112	0.00406	0.00336	0.00371	0.00630
87	0.01471	0.00943	0.01054	0.00808	0.01103	0.01007	0.00668	0.64053	0.01583	0.21917	0.01027	0.00979	0.00699	0.00449	0.00372	0.00112	0.00386	0.00343	0.00392	0.00631
88	0.00919	0.00882	0.01507	0.02278	0.84640	0.00882	0.01139	0.01139	0.00845	0.01213	0.00698	0.00919	0.00588	0.00331	0.00367	0.00110	0.00441	0.00331	0.00184	0.00588
89	0.00489	0.00343	0.00448	0.00505	0.00550	0.00316	0.00349	0.00575	0.00780	0.02745	0.14556	0.65730	0.08020	0.01071	0.00464	0.00143	0.00211	0.02030	0.00357	0.00317
90	0.05786	0.00797	0.00855	0.00746	0.00967	0.01952	0.01803	0.06490	0.63474	0.08473	0.03594	0.01327	0.01094	0.00490	0.00371	0.00123	0.00308	0.00404	0.00372	0.00574
91	0.01000	0.00754	0.00787	0.00668	0.00854	0.08163	0.00523	0.24485	0.08408	0.09702	0.29069	0.06973	0.01779	0.02355	0.00426	0.00119	0.00318	0.00496	0.00368	0.02754
92	0.01032	0.00500	0.00663	0.00556	0.00734	0.00448	0.00440	0.02588	0.01065	0.37509	0.46144	0.02099	0.03389	0.00627	0.00409	0.00116	0.00240	0.00538	0.00429	0.00476

[dist]
# distance from previous block
# <min> <max>
0	3

[block]
# block no. 1 follows, 74 sequences, length 83
# corresponding to MSA columns:
# 166-248
name=unknown_B
#
# <colnr> <probs for GDERKNQSTAVLIFYWHMCP>
#	G	D	E	R	K	N	Q	S	T	A	V	L	I	F	Y	W	H	M	C	P
0	0.01025	0.18545	0.32298	0.00892	0.04821	0.02091	0.00906	0.09513	0.05847	0.14589	0.02161	0.01875	0.01670	0.00401	0.00339	0.00108	0.00431	0.00311	0.00251	0.01925
1	0.02930	0.05776	0.05580	0.00836	0.01098	0.10232	0.05886	0.16579	0.34240	0.09230	0.02093	0.02072	0.00869	0.00452	0.00365	0.00116	0.00396	0.00367	0.00325	0.00559
2	0.00483	0.00354	0.00460	0.00532	0.00579	0.00334	0.00384	0.00585	0.01971	0.00999	0.03720	0.61594	0.10915	0.01100	0.00475	0.00150	0.00234	0.14471	0.00346	0.00314
3	0.00547	0.00376	0.00493	0.00498	0.00532	0.00399	0.00339	0.00609	0.00589	0.02269	0.01192	0.10492	0.01282	0.42727	0.35578	0.00430	0.00601	0.00531	0.00230	0.00283
4	0.01191	0.02116	0.01003	0.00811	0.01067	0.03820	0.00653	0.44012	0.37653	0.01929	0.01147	0.01096	0.00844	0.00467	0.00371	0.00117	0.00367	0.00367	0.00365	0.00603
5	0.00898	0.00856	0.01425	0.03155	0.73902	0.00861	0.01070	0.01121	0.01876	0.01207	0.02121	0.00945	0.00638	0.00349	0.00393	0.00110	0.03346	0.00332	0.00191	0.05206
6	0.05151	0.01418	0.39311	0.00941	0.01351	0.00990	0.02685	0.39088	0.01227	0.03184	0.00779	0.00838	0.00551	0.00396	0.00358	0.00115	0.00470	0.00304	0.00265	0.00580
7	0.01387	0.01769	0.01052	0.00956	0.01148	0.85465	0.00717	0.01482	0.01052	0.00908	0.00574	0.00669	0.00478	0.00383	0.00335	0.00096	0.00669	0.00239	0.00191	0.00430
8	0.00480	0.00350	0.00486	0.00557	0.00594	0.00335	0.01643	0.00565	0.00725	0.00967	0.01964	0.71056	0.02312	0.01213	0.04674	0.00175	0.00276	0.10981	0.00335	0.00311
9	0.00531	0.00395	0.00582	0.00582	0.00644	0.00456	0.00446	0.00654	0.00592	0.00851	0.01007	0.01531	0.00959	0.09071	0.79240	0.00579	0.00947	0.00408	0.00201	0.00323
10	0.00923	0.00797	0.00839	0.00755	0.00965	0.00923	0.00588	0.01972	0.83969	0.01553	0.01511	0.01385	0.01133	0.00504	0.00378	0.00126	0.00294	0.00420	0.00378	0.00588
11	0.89577	0.00718	0.00546	0.00488	0.00718	0.00833	0.00402	0.01091	0.00632	0.01665	0.00517	0.00603	0.00402	0.00345	0.00230	0.00115	0.00287	0.00201	0.00230	0.00402
12	0.00531	0.00393	0.00575	0.00575	0.00634	0.00452	0.00437	0.00649	0.00590	0.00846	0.01014	0.01569	0.00976	0.12349	0.75984	0.00570	0.00922	0.00414	0.00202	0.00319
13	0.01477	0.00933	0.01048	0.00803	0.01098	0.00993	0.00664	0.62098	0.01567	0.23895	0.01041	0.00988	0.00706	0.00449	0.00372	0.00112	0.00384	0.00344	0.00394	0.00631
14	0.00452	0.00328	0.00428	0.00506	0.00536	0.00303	0.00340	0.00521	0.00726	0.00960	0.03456	0.79546	0.08247	0.01141	0.00471	0.00148	0.00213	0.01030	0.00346	0.00303
15	0.00540	0.00360	0.00405	0.00405	0.00405	0.00360	0.00225	0.00540	0.00540	0.00720	0.01170	0.02429	0.01349	0.86955	0.01889	0.00360	0.00360	0.00540	0.00225	0.00225
16	0.00645	0.00322	0.00484	0.00484	0.00484	0.00322	0.00322	0.00484	0.00484	0.00645	0.00645	0.01128	0.00645	0.01289	0.01451	0.89201	0.00322	0.00322	0.00161	0.00161
17	0.07492	0.00637	0.00840	0.00649	0.00932	0.00565	0.00536	0.01761	0.01034	0.79380	0.01402	0.01220	0.00885	0.00452	0.00364	0.00115	0.00314	0.00362	0.00444	0.00616
18	0.89577	0.00718	0.00546	0.00488	0.00718	0.00833	0.00402	0.01091	0.00632	0.01665	0.00517	0.00603	0.00402	0.00345	0.00230	0.00115	0.00287	0.00201	0.00230	0.00402
19	0.00465	0.00355	0.00429	0.00482	0.00543	0.00325	0.00337	0.00568	0.02991	0.00991	0.03624	0.55401	0.28320	0.01067	0.00460	0.00142	0.00211	0.02628	0.00346	0.00314
20	0.00938	0.00794	0.00840	0.00753	0.00965	0.00916	0.00587	0.01969	0.82309	0.03221	0.01510	0.01382	0.01129	0.00503	0.00378	0.00126	0.00294	0.00419	0.00379	0.00588
21	0.00522	0.00379	0.00492	0.00464	0.00553	0.00349	0.00348	0.00695	0.01044	0.01472	0.81671	0.02800	0.06286	0.00765	0.00438	0.00117	0.00176	0.00675	0.00406	0.00349
22	0.89577	0.00718	0.00546	0.00488	0.00718	0.00833	0.00402	0.01091	0.00632	0.01665	0.00517	0.00603	0.00402	0.00345	0.00230	0.00115	0.00287	0.00201	0.00230	0.00402
23	0.02239	0.00390	0.00489	0.00491	0.00578	0.00359	0.00359	0.00712	0.00876	0.07959	0.31457	0.27866	0.14922	0.05359	0.00518	0.00143	0.00219	0.04348	0.00368	0.00347
24	0.02944	0.00906	0.00976	0.00762	0.01027	0.00989	0.00626	0.63662	0.02880	0.07724	0.00977	0.00987	0.00699	0.00444	0.00353	0.00108	0.00366	0.00337	0.12645	0.00587
25	0.01387	0.01769	0.01052	0.00956	0.01148	0.85465	0.00717	0.01482	0.01052	0.00908	0.00574	0.00669	0.00478	0.00383	0.00335	0.00096	0.00669	0.00239	0.00191	0.00430
26	0.00462	0.00330	0.00442	0.00529	0.00555	0.00310	0.00362	0.00535	0.00721	0.00959	0.02040	0.80933	0.02433	0.01153	0.00476	0.00152	0.00224	0.06734	0.00344	0.00304
27	0.00448	0.00372	0.00392	0.00397	0.00510	0.00316	0.00294	0.00547	0.00853	0.01044	0.11253	0.10859	0.69551	0.00943	0.00442	0.00127	0.00189	0.00797	0.00351	0.00316
28	0.00692	0.00346	0.00346	0.00346	0.00432	0.00346	0.00259	0.00865	0.00778	0.01384	0.01211	0.01384	0.00951	0.00432	0.00259	0.00086	0.00173	0.00346	0.89016	0.00346
29	0.89577	0.00718	0.00546	0.00488	0.00718	0.00833	0.00402	0.01091	0.00632	0.01665	0.00517	0.00603	0.00402	0.00345	0.00230	0.00115	0.00287	0.00201	0.00230	0.00402
30	0.00496	0.00374	0.00459	0.00447	0.00539	0.00336	0.00331	0.00640	0.00968	0.01314	0.56029	0.09860	0.25167	0.00841	0.00441	0.00122	0.00182	0.00733	0.00386	0.00336
31	0.01536	0.00692	0.00873	0.00677	0.00951	0.00653	0.00557	0.16976	0.02889	0.62056	0.01341	0.01205	0.00872	0.00456	0.00365	0.00112	0.00323	0.00365	0.06491	0.00611
32	0.00525	0.00379	0.00496	0.00467	0.00555	0.00350	0.00350	0.00700	0.01051	0.01488	0.84444	0.02773	0.03502	0.00759	0.00438	0.00117	0.00175	0.00671	0.00409	0.00350
33	0.89577	0.00718	0.00546	0.00488	0.00718	0.00833	0.00402	0.01091	0.00632	0.01665	0.00517	0.00603	0.00402	0.00345	0.00230	0.00115	0.00287	0.00201	0.00230	0.00402
34	0.00459	0.00377	0.00405	0.00398	0.00514	0.00322	0.00298	0.00573	0.00895	0.01119	0.23128	0.03380	0.65048	0.00897	0.00438	0.00123	0.00185	0.00756	0.00360	0.00322
35	0.00923	0.00797	0.00839	0.00755	0.00965	0.00923	0.00588	0.01972	0.83969	0.01553	0.01511	0.01385	0.01133	0.00504	0.00378	0.00126	0.00294	0.00420	0.00378	0.00588
36	0.89577	0.00718	0.00546	0.00488	0.00718	0.00833	0.00402	0.01091	0.00632	0.01665	0.00517	0.00603	0.00402	0.00345	0.00230	0.00115	0.00287	0.00201	0.00230	0.00402
37	0.01536	0.00839	0.00990	0.00759	0.01051	0.00854	0.00627	0.43363	0.01410	0.42852	0.01172	0.01074	0.00772	0.00452	0.00372	0.00113	0.00363	0.00353	0.00415	0.00631
38	0.00961	0.00877	0.00857	0.00772	0.00980	0.07811	0.00598	0.01932	0.77214	0.01500	0.01434	0.01327	0.01080	0.00494	0.00374	0.00123	0.00324	0.00405	0.00363	0.00575
39	0.01635	0.00625	0.00852	0.00655	0.00937	0.00540	0.00540	0.01779	0.01062	0.82662	0.03688	0.01304	0.00988	0.00467	0.00375	0.00115	0.00312	0.00381	0.00458	0.00624
40	0.01665	0.00632	0.00861	0.00660	0.00948	0.00546	0.00546	0.01809	0.01062	0.84897	0.01464	0.01263	0.00919	0.00459	0.00373	0.00115	0.00316	0.00373	0.00459	0.00632
41	0.00474	0.00377	0.00424	0.00413	0.00523	0.00328	0.00310	0.00600	0.00929	0.01199	0.36286	0.03250	0.51841	0.00867	0.00438	0.00122	0.00183	0.00738	0.00370	0.00328
42	0.01453	0.00938	0.01045	0.00802	0.01093	0.01004	0.00662	0.64096	0.01579	0.20307	0.01022	0.00981	0.00700	0.00448	0.00370	0.00112	0.00384	0.00343	0.02035	0.00626
43	0.00992	0.87178	0.01945	0.00635	0.00953	0.01469	0.00635	0.01111	0.00754	0.00873	0.00516	0.00595	0.00476	0.00318	0.00238	0.00079	0.00397	0.00198	0.00159	0.00476
44	0.01665	0.00632	0.00861	0.00660	0.00948	0.00546	0.00546	0.01809	0.01062	0.84897	0.01464	0.01263	0.00919	0.00459	0.00373	0.00115	0.00316	0.00373	0.00459	0.00632
45	0.01608	0.00663	0.00912	0.00770	0.06248	0.00590	0.00589	0.04887	0.01075	0.76447	0.01394	0.01227	0.00887	0.00451	0.00373	0.00114	0.00327	0.00369	0.00439	0.00629
46	0.01023	0.80611	0.01876	0.00660	0.00968	0.07927	0.00641	0.01140	0.00777	0.00876	0.00520	0.00601	0.00476	0.00323	0.00246	0.00081	0.00418	0.00202	0.00161	0.00473
47	0.01354	0.00987	0.01069	0.00820	0.01116	0.01069	0.00675	0.71321	0.04179	0.05211	0.00912	0.00910	0.00651	0.00434	0.00364	0.00107	0.00391	0.00329	0.00363	0.07740
48	0.05155	0.00875	0.00993	0.00767	0.01055	0.00917	0.00633	0.48617	0.04076	0.31392	0.01097	0.01026	0.00739	0.00448	0.00366	0.00113	0.00367	0.00345	0.00397	0.00620
49	0.00452	0.00323	0.00431	0.00517	0.00538	0.00301	0.00345	0.00517	0.00711	0.00948	0.02046	0.86713	0.02455	0.01163	0.00474	0.00151	0.00215	0.01055	0.00345	0.00301
50	0.00540	0.00360	0.00405	0.00405	0.00405	0.00360	0.00225	0.00540	0.00540	0.00720	0.01170	0.02429	0.01349	0.86955	0.01889	0.00360	0.00360	0.00540	0.00225	0.00225
51	0.00525	0.00379	0.00496	0.00467	0.00555	0.00350	0.00350	0.00700	0.01051	0.01488	0.84444	0.02773	0.03502	0.00759	0.00438	0.00117	0.00175	0.00671	0.00409	0.00350
52	0.00919	0.00882	0.01507	0.02278	0.84640	0.00882	0.01139	0.01139	0.00845	0.01213	0.00698	0.00919	0.00588	0.00331	0.00367	0.00110	0.00441	0.00331	0.00184	0.00588
53	0.00439	0.00376	0.00376	0.00376	0.00501	0.00313	0.00282	0.00533	0.00846	0.01003	0.03760	0.03572	0.84489	0.00940	0.00439	0.00125	0.00188	0.00783	0.00345	0.00313
54	0.00452	0.00323	0.00431	0.00517	0.00538	0.00301	0.00345	0.00517	0.00711	0.00948	0.02046	0.86713	0.02455	0.01163	0.00474	0.00151	0.00215	0.01055	0.00345	0.00301
55	0.00525	0.00379	0.00496	0.00467	0.00555	0.00350	0.00350	0.00700	0.01051	0.01488	0.84444	0.02773	0.03502	0.00759	0.00438	0.00117	0.00175	0.00671	0.00409	0.00350
56	0.00465	0.00377	0.00413	0.00404	0.00518	0.00325	0.00303	0.00584	0.00909	0.01151	0.28448	0.03328	0.59708	0.00885	0.00438	0.00123	0.00184	0.00749	0.00364	0.00325
57	0.00744	0.01920	0.85032	0.01058	0.01607	0.00862	0.01371	0.01176	0.00784	0.01176	0.00666	0.00784	0.00470	0.00353	0.00353	0.00118	0.00549	0.00274	0.00157	0.00549
58	0.00439	0.00376	0.00376	0.00376	0.00501	0.00313	0.00282	0.00533	0.00846	0.01003	0.03760	0.03572	0.84489	0.00940	0.00439	0.00125	0.00188	0.00783	0.00345	0.00313
59	0.00540	0.00360	0.00405	0.00405	0.00405	0.00360	0.00225	0.00540	0.00540	0.00720	0.01170	0.02429	0.01349	0.86955	0.01889	0.00360	0.00360	0.00540	0.00225	0.00225
60	0.87503	0.00716	0.00553	0.00492	0.00723	0.00826	0.00405	0.01108	0.00642	0.03629	0.00539	0.00619	0.00414	0.00347	0.00233	0.00115	0.00288	0.00205	0.00235	0.00407
61	0.01411	0.01040	0.01114	0.00854	0.01151	0.01151	0.00706	0.83402	0.01745	0.02339	0.00891	0.00891	0.00631	0.00446	0.00371	0.00111	0.00408	0.00334	0.00371	0.00631
62	0.00498	0.00377	0.00459	0.00443	0.00539	0.00338	0.00330	0.00646	0.00980	0.01330	0.58456	0.05887	0.26709	0.00825	0.00439	0.00120	0.00180	0.00717	0.00388	0.00338
63	0.00452	0.00323	0.00431	0.00517	0.00538	0.00301	0.00345	0.00517	0.00711	0.00948	0.02046	0.86713	0.02455	0.01163	0.00474	0.00151	0.00215	0.01055	0.00345	0.00301
64	0.89577	0.00718	0.00546	0.00488	0.00718	0.00833	0.00402	0.01091	0.00632	0.01665	0.00517	0.00603	0.00402	0.00345	0.00230	0.00115	0.00287	0.00201	0.00230	0.00402
65	0.00452	0.00323	0.00431	0.00517	0.00538	0.00301	0.00345	0.00517	0.00711	0.00948	0.02046	0.86713	0.02455	0.01163	0.00474	0.00151	0.00215	0.01055	0.00345	0.00301
66	0.00500	0.00343	0.00417	0.00456	0.00465	0.00333	0.00279	0.00529	0.00617	0.00823	0.01567	0.40676	0.01851	0.48024	0.01247	0.00265	0.00294	0.00774	0.00279	0.00260
67	0.89577	0.00718	0.00546	0.00488	0.00718	0.00833	0.00402	0.01091	0.00632	0.01665	0.00517	0.00603	0.00402	0.00345	0.00230	0.00115	0.00287	0.00201	0.00230	0.00402
68	0.00452	0.00323	0.00431	0.00517	0.00538	0.00301	0.00345	0.00517	0.00711	0.00948	0.02046	0.86713	0.02455	0.01163	0.00474	0.00151	0.00215	0.01055	0.00345	0.00301
69	0.00439	0.00376	0.00376	0.00376	0.00501	0.00313	0.00282	0.00533	0.00846	0.01003	0.03760	0.03572	0.84489	0.00940	0.00439	0.00125	0.00188	0.00783	0.00345	0.00313
70	0.00522	0.00379	0.00492	0.00464	0.00553	0.00349	0.00348	0.00694	0.01043	0.01471	0.81461	0.02802	0.06496	0.00766	0.00438	0.00117	0.00176	0.00675	0.00406	0.00349
71	0.89577	0.00718	0.00546	0.00488	0.00718	0.00833	0.00402	0.01091	0.00632	0.01665	0.00517	0.00603	0.00402	0.00345	0.00230	0.00115	0.00287	0.00201	0.00230	0.00402
72	0.00452	0.00323	0.00431	0.00517	0.00538	0.00301	0.00345	0.00517	0.00711	0.00948	0.02046	0.86713	0.02455	0.01163	0.00474	0.00151	0.00215	0.01055	0.00345	0.00301
73	0.00462	0.00330	0.00442	0.00529	0.00555	0.00310	0.00362	0.00535	0.00721	0.00959	0.02040	0.80909	0.02433	0.01153	0.00477	0.00152	0.00224	0.06758	0.00344	0.00304
74	0.00598	0.00427	0.00598	0.00684	0.00769	0.00427	0.00598	0.00769	0.00854	0.01111	0.01965	0.04187	0.02136	0.01025	0.00513	0.00171	0.00342	0.82141	0.00342	0.00342
75	0.07882	0.00670	0.00834	0.00664	0.00931	0.00638	0.00542	0.03945	0.14197	0.61623	0.03195	0.01258	0.00964	0.00464	0.00365	0.00117	0.00310	0.00374	0.00426	0.00602
76	0.71416	0.00748	0.02087	0.00544	0.00785	0.00825	0.00455	0.04273	0.05938	0.09035	0.00679	0.00724	0.00503	0.00369	0.00259	0.00115	0.00299	0.00236	0.00263	0.00445
77	0.00928	0.00882	0.01489	0.03663	0.81009	0.00888	0.01126	0.03340	0.00868	0.01238	0.00703	0.00919	0.00588	0.00334	0.00368	0.00111	0.00441	0.00331	0.00188	0.00586
78	0.01629	0.00640	0.00860	0.00665	0.00948	0.00564	0.00548	0.01817	0.05170	0.80768	0.01467	0.01269	0.00929	0.00462	0.00373	0.00115	0.00315	0.00376	0.00455	0.00630
79	0.05734	0.02630	0.05606	0.00797	0.01059	0.00676	0.14605	0.07627	0.03776	0.23759	0.15965	0.03542	0.01275	0.00561	0.03099	0.00129	0.00379	0.01704	0.00329	0.06746
80	0.00796	0.19667	0.67737	0.00970	0.01470	0.00988	0.01218	0.01162	0.00778	0.01113	0.00635	0.00744	0.00471	0.00345	0.00329	0.00110	0.00517	0.00259	0.00157	0.00534
81	0.00530	0.00361	0.00402	0.00402	0.00414	0.00355	0.00230	0.00539	0.00569	0.00747	0.01416	0.02538	0.09243	0.78788	0.01752	0.00338	0.00344	0.00563	0.00236	0.00233
82	0.01032	0.00957	0.02691	0.01546	0.27983	0.00956	0.29317	0.21358	0.02067	0.03631	0.00810	0.02343	0.00631	0.00380	0.00415	0.00118	0.02580	0.00382	0.00242	0.00560

[dist]
# distance from previous block
# <min> <max>
0	0

# created by:
# /st0/software/busco_prod/Augustus/scripts/msa2prfl.pl ./align_prep/32004.fa
