[name]
unknown

[dist]
# distance from previous block
# <min> <max>
0	61

[block]
# block no. 0 follows, 71 sequences, length 29
# corresponding to MSA columns:
# 61-89
name=unknown_A
#
# <colnr> <probs for GDERKNQSTAVLIFYWHMCP>
#	G	D	E	R	K	N	Q	S	T	A	V	L	I	F	Y	W	H	M	C	P
0	0.01069	0.05278	0.01064	0.12006	0.03516	0.05238	0.01999	0.35368	0.03491	0.01651	0.01169	0.01865	0.01059	0.00602	0.00416	0.00132	0.00429	0.22813	0.00318	0.00516
1	0.01407	0.04606	0.01162	0.03165	0.01206	0.08745	0.00724	0.65289	0.01619	0.04575	0.00879	0.00898	0.00634	0.00442	0.00372	0.00111	0.00442	0.00328	0.00350	0.03046
2	0.00467	0.00334	0.00445	0.00534	0.00556	0.00311	0.00356	0.00534	0.00734	0.00979	0.02113	0.86275	0.02536	0.01201	0.00489	0.00156	0.00222	0.01090	0.00356	0.00311
3	0.00739	0.02777	0.00526	0.08159	0.00717	0.01952	0.00394	0.03111	0.00832	0.01354	0.01244	0.05948	0.01054	0.00508	0.00307	0.00101	0.00242	0.04561	0.65097	0.00374
4	0.00715	0.02719	0.04410	0.01081	0.19451	0.03001	0.06319	0.00974	0.10565	0.01139	0.01530	0.42189	0.02745	0.00787	0.00435	0.00136	0.00345	0.00719	0.00295	0.00445
5	0.00922	0.01142	0.12380	0.01185	0.05691	0.12545	0.31017	0.04177	0.11332	0.01249	0.01299	0.01391	0.12963	0.00465	0.00412	0.00123	0.00514	0.00443	0.00245	0.00506
6	0.00724	0.00681	0.01150	0.85604	0.02641	0.00852	0.01065	0.00980	0.00767	0.00980	0.00681	0.01022	0.00511	0.00383	0.00383	0.00128	0.00511	0.00341	0.00170	0.00426
7	0.00466	0.00338	0.00440	0.00521	0.00553	0.00312	0.00350	0.00535	0.00746	0.00984	0.02266	0.79151	0.09561	0.01181	0.00486	0.00153	0.00220	0.01066	0.00356	0.00312
8	0.00890	0.01004	0.02178	0.01569	0.01942	0.00942	0.78520	0.01206	0.00904	0.01224	0.00840	0.01203	0.00665	0.00361	0.00456	0.00132	0.00631	0.04621	0.00202	0.00509
9	0.00796	0.01796	0.68290	0.01196	0.01727	0.00906	0.17477	0.01217	0.00828	0.01217	0.00705	0.00854	0.00505	0.00356	0.00382	0.00123	0.00582	0.00317	0.00168	0.00557
10	0.00769	0.01983	0.84538	0.01093	0.01659	0.00890	0.01417	0.01214	0.00810	0.01214	0.00688	0.00810	0.00486	0.00364	0.00364	0.00121	0.00567	0.00283	0.00162	0.00567
11	0.00724	0.00681	0.01150	0.85604	0.02641	0.00852	0.01065	0.00980	0.00767	0.00980	0.00681	0.01022	0.00511	0.00383	0.00383	0.00128	0.00511	0.00341	0.00170	0.00426
12	0.00949	0.00911	0.01556	0.02353	0.84133	0.00911	0.01177	0.01177	0.00873	0.01253	0.00721	0.00949	0.00607	0.00342	0.00380	0.00114	0.00456	0.00342	0.00190	0.00607
13	0.00960	0.03385	0.01836	0.03057	0.30921	0.06742	0.40520	0.01266	0.05143	0.01223	0.00776	0.00989	0.00611	0.00346	0.00409	0.00120	0.00556	0.00390	0.00202	0.00547
14	0.00666	0.00333	0.00500	0.00500	0.00500	0.00333	0.00333	0.00500	0.00500	0.00666	0.00666	0.01166	0.00666	0.01332	0.01499	0.88844	0.00333	0.00333	0.00167	0.00167
15	0.00724	0.00681	0.01150	0.85604	0.02641	0.00852	0.01065	0.00980	0.00767	0.00980	0.00681	0.01022	0.00511	0.00383	0.00383	0.00128	0.00511	0.00341	0.00170	0.00426
16	0.00938	0.00900	0.01537	0.06294	0.80276	0.00908	0.01171	0.01167	0.00868	0.01240	0.00719	0.00952	0.00603	0.00344	0.00380	0.00115	0.00458	0.00342	0.00189	0.00599
17	0.01056	0.70427	0.05596	0.00705	0.01037	0.01432	0.00696	0.09811	0.04218	0.01104	0.00622	0.00689	0.00536	0.00351	0.00272	0.00089	0.00414	0.00233	0.00196	0.00517
18	0.00839	0.00839	0.01174	0.01007	0.01007	0.01174	0.00839	0.00923	0.00587	0.00923	0.00503	0.00839	0.00503	0.00671	0.01258	0.00168	0.85823	0.00336	0.00168	0.00419
19	0.00795	0.00681	0.00795	0.00568	0.00909	0.00511	0.00454	0.00965	0.00795	0.01249	0.00681	0.00795	0.00568	0.00284	0.00284	0.00057	0.00284	0.00227	0.00227	0.88869
20	0.00557	0.00375	0.00434	0.00434	0.00440	0.00380	0.00252	0.00568	0.00562	0.00755	0.01194	0.02429	0.01359	0.79814	0.08615	0.00391	0.00424	0.00546	0.00230	0.00241
21	0.86733	0.00751	0.00580	0.00515	0.00754	0.00870	0.00424	0.03455	0.00685	0.01740	0.00545	0.00631	0.00422	0.00359	0.00241	0.00119	0.00300	0.00212	0.00241	0.00422
22	0.00558	0.00372	0.00418	0.00418	0.00418	0.00372	0.00232	0.00558	0.00558	0.00743	0.01208	0.02509	0.01394	0.86525	0.01952	0.00372	0.00372	0.00558	0.00232	0.00232
23	0.00583	0.00401	0.00523	0.00517	0.00552	0.00432	0.00353	0.02529	0.00606	0.00837	0.01085	0.01956	0.01142	0.43516	0.36135	0.07214	0.00640	0.00475	0.00220	0.00282
24	0.01720	0.00653	0.00890	0.00682	0.00979	0.00564	0.00564	0.01869	0.01097	0.84399	0.01513	0.01305	0.00949	0.00475	0.00386	0.00119	0.00326	0.00386	0.00475	0.00653
25	0.00923	0.00884	0.01509	0.12018	0.74673	0.00904	0.01164	0.01154	0.00861	0.01221	0.00717	0.00957	0.00596	0.00346	0.00380	0.00115	0.00462	0.00342	0.00188	0.00586
26	0.00795	0.00681	0.00795	0.00568	0.00909	0.00511	0.00454	0.00965	0.00795	0.01249	0.00681	0.00795	0.00568	0.00284	0.00284	0.00057	0.00284	0.00227	0.00227	0.88869
27	0.01973	0.00855	0.02273	0.03334	0.09518	0.11621	0.02899	0.04264	0.25544	0.06846	0.12715	0.04038	0.04714	0.00559	0.00397	0.00122	0.00368	0.03658	0.03794	0.00507
28	0.00932	0.00893	0.01525	0.08816	0.77808	0.00906	0.01168	0.01161	0.00865	0.01231	0.00718	0.00955	0.00600	0.00345	0.00380	0.00115	0.00460	0.00342	0.00188	0.00593

[dist]
# distance from previous block
# <min> <max>
4	5

[block]
# block no. 1 follows, 71 sequences, length 19
# corresponding to MSA columns:
# 95-113
name=unknown_B
#
# <colnr> <probs for GDERKNQSTAVLIFYWHMCP>
#	G	D	E	R	K	N	Q	S	T	A	V	L	I	F	Y	W	H	M	C	P
0	0.00507	0.00363	0.00495	0.00579	0.00619	0.00351	0.00425	0.00604	0.00764	0.01015	0.02040	0.62511	0.02379	0.01250	0.04671	0.00183	0.00293	0.20281	0.00348	0.00323
1	0.01211	0.48054	0.01589	0.00807	0.01076	0.39553	0.00695	0.01323	0.00919	0.00919	0.00560	0.00650	0.00493	0.00359	0.00291	0.00090	0.00538	0.00224	0.00179	0.00470
2	0.00471	0.00339	0.00448	0.00533	0.00561	0.00316	0.00361	0.00542	0.00744	0.00986	0.02181	0.80706	0.05756	0.01188	0.00489	0.00155	0.00225	0.03331	0.00356	0.00313
3	0.00861	0.00871	0.01533	0.08115	0.08591	0.02536	0.36142	0.01263	0.15570	0.01226	0.01021	0.02834	0.00860	0.00587	0.04654	0.00158	0.05458	0.06977	0.00241	0.00501
4	0.00989	0.01019	0.02935	0.05712	0.28324	0.14623	0.07403	0.07671	0.04979	0.01246	0.04939	0.03360	0.00822	0.02192	0.02027	0.00136	0.10500	0.00381	0.00230	0.00513
5	0.00666	0.00333	0.00500	0.00500	0.00500	0.00333	0.00333	0.00500	0.00500	0.00666	0.00666	0.01166	0.00666	0.01332	0.01499	0.88844	0.00333	0.00333	0.00167	0.00167
6	0.00873	0.06324	0.30891	0.02234	0.02407	0.04315	0.04987	0.07059	0.20204	0.01399	0.12571	0.01308	0.02815	0.00475	0.00383	0.00120	0.00431	0.00395	0.00275	0.00535
7	0.01573	0.00616	0.00832	0.00650	0.00919	0.00537	0.00532	0.01726	0.01082	0.73439	0.08328	0.01440	0.01172	0.00499	0.00385	0.00117	0.00307	0.00410	0.04823	0.00614
8	0.84816	0.00739	0.00593	0.04752	0.00836	0.00860	0.00448	0.01120	0.00658	0.01683	0.00541	0.00643	0.00420	0.00357	0.00245	0.00119	0.00307	0.00214	0.00234	0.00416
9	0.00460	0.00389	0.00397	0.00395	0.00522	0.00326	0.00296	0.00563	0.00889	0.01072	0.09704	0.03630	0.78135	0.00957	0.00453	0.00129	0.00193	0.00801	0.00361	0.00326
10	0.00795	0.00681	0.00795	0.00568	0.00909	0.00511	0.00454	0.00965	0.00795	0.01249	0.00681	0.00795	0.00568	0.00284	0.00284	0.00057	0.00284	0.00227	0.00227	0.88869
11	0.89233	0.00741	0.00564	0.00504	0.00741	0.00860	0.00415	0.01127	0.00653	0.01720	0.00534	0.00623	0.00415	0.00356	0.00237	0.00119	0.00297	0.00208	0.00237	0.00415
12	0.00920	0.00881	0.01503	0.13251	0.73465	0.00903	0.01162	0.01151	0.00859	0.01217	0.00716	0.00959	0.00595	0.00347	0.00380	0.00116	0.00463	0.00342	0.00187	0.00584
13	0.01011	0.11519	0.22820	0.01100	0.12738	0.00890	0.08806	0.07667	0.00934	0.11249	0.00798	0.00892	0.00597	0.00358	0.00350	0.00103	0.00447	0.00305	0.00236	0.17179
14	0.49056	0.08643	0.00945	0.00723	0.00964	0.23588	0.04569	0.03964	0.00830	0.01423	0.00574	0.00674	0.00461	0.00371	0.00300	0.00111	0.01902	0.00237	0.00222	0.00443
15	0.00978	0.00836	0.00881	0.00785	0.01006	0.00965	0.00613	0.05992	0.79446	0.01644	0.01529	0.01406	0.01145	0.00517	0.00390	0.00129	0.00309	0.00429	0.00390	0.00609
16	0.00545	0.00446	0.00572	0.00587	0.02661	0.01568	0.04481	0.00649	0.00820	0.02430	0.02656	0.38409	0.35521	0.00985	0.00461	0.00139	0.00252	0.03244	0.00339	0.03236
17	0.00661	0.00335	0.00496	0.00496	0.00496	0.00335	0.00328	0.00502	0.00502	0.00670	0.00693	0.01231	0.00702	0.05499	0.01521	0.84517	0.00335	0.00344	0.00170	0.00170
18	0.05824	0.03803	0.35594	0.02306	0.11564	0.00862	0.05875	0.04937	0.00915	0.20386	0.00878	0.00947	0.00617	0.00398	0.00398	0.00120	0.03425	0.00323	0.00253	0.00575

[dist]
# distance from previous block
# <min> <max>
0	2

[block]
# block no. 2 follows, 71 sequences, length 76
# corresponding to MSA columns:
# 116-191
name=unknown_C
#
# <colnr> <probs for GDERKNQSTAVLIFYWHMCP>
#	G	D	E	R	K	N	Q	S	T	A	V	L	I	F	Y	W	H	M	C	P
0	0.37604	0.19802	0.07703	0.00724	0.00993	0.24266	0.00643	0.01247	0.00812	0.01276	0.00562	0.00658	0.00460	0.00366	0.00293	0.00106	0.01603	0.00226	0.00203	0.00452
1	0.38041	0.00689	0.00754	0.00608	0.00880	0.00687	0.00502	0.01561	0.00913	0.50085	0.01106	0.01022	0.00728	0.00425	0.00324	0.00119	0.00314	0.00312	0.00376	0.00554
2	0.00641	0.00496	0.00594	0.00566	0.00680	0.00507	0.00424	0.02045	0.20997	0.01471	0.49086	0.15082	0.04332	0.00782	0.00442	0.00128	0.00220	0.00688	0.00403	0.00417
3	0.00550	0.00403	0.00576	0.00576	0.00630	0.00457	0.00429	0.00659	0.00604	0.00860	0.01064	0.01710	0.01047	0.19882	0.68121	0.00567	0.00894	0.00441	0.00211	0.00320
4	0.00800	0.00688	0.00817	0.00620	0.03332	0.00523	0.00475	0.00972	0.00797	0.01249	0.00683	0.00800	0.00569	0.00286	0.00287	0.00058	0.00289	0.00230	0.00226	0.86299
5	0.00488	0.00377	0.00446	0.00463	0.00552	0.00335	0.00339	0.00603	0.00898	0.01168	0.26191	0.25029	0.37197	0.00981	0.00465	0.00135	0.00203	0.03424	0.00375	0.00332
6	0.00954	0.00816	0.00938	0.02204	0.06838	0.00920	0.02185	0.08286	0.61838	0.01604	0.05289	0.04114	0.01226	0.00531	0.00396	0.00128	0.00325	0.00452	0.00369	0.00585
7	0.00460	0.00379	0.00405	0.00419	0.00527	0.00324	0.00306	0.00556	0.00861	0.01052	0.07765	0.18045	0.65572	0.01001	0.00459	0.00134	0.00198	0.00852	0.00359	0.00324
8	0.00950	0.02678	0.36822	0.00945	0.01327	0.01949	0.04214	0.14829	0.21879	0.03389	0.01078	0.03630	0.02468	0.00492	0.01536	0.00130	0.00461	0.00375	0.00275	0.00573
9	0.00554	0.00385	0.00487	0.00487	0.00510	0.00409	0.00318	0.00601	0.00578	0.00794	0.01146	0.02163	0.01244	0.57664	0.30607	0.00456	0.00598	0.00507	0.00223	0.00270
10	0.00850	0.00717	0.00824	0.00602	0.00933	0.00583	0.00482	0.06795	0.05348	0.01351	0.00746	0.00838	0.00607	0.00309	0.00297	0.00065	0.00295	0.00247	0.00247	0.77865
11	0.01019	0.37659	0.25973	0.00925	0.03910	0.07822	0.05683	0.03110	0.00866	0.06194	0.00677	0.00768	0.00533	0.00355	0.00318	0.00101	0.00485	0.00265	0.00195	0.03144
12	0.00895	0.43708	0.43918	0.00878	0.01327	0.01199	0.01042	0.01182	0.00795	0.01061	0.00612	0.00714	0.00489	0.00346	0.00306	0.00102	0.00490	0.00245	0.00163	0.00530
13	0.00548	0.00409	0.00605	0.00605	0.00670	0.00473	0.00465	0.00678	0.00613	0.00882	0.01037	0.01562	0.00983	0.07563	0.80352	0.00603	0.00990	0.00419	0.00207	0.00336
14	0.00795	0.00681	0.00795	0.00568	0.00909	0.00511	0.00454	0.00965	0.00795	0.01249	0.00681	0.00795	0.00568	0.00284	0.00284	0.00057	0.00284	0.00227	0.00227	0.88869
15	0.01409	0.00994	0.01136	0.00879	0.01178	0.01079	0.04209	0.60761	0.10730	0.12031	0.01056	0.01028	0.00742	0.00463	0.00387	0.00118	0.00407	0.00364	0.00387	0.00641
16	0.00930	0.00892	0.01522	0.09322	0.77312	0.00906	0.01167	0.01160	0.00864	0.01230	0.00718	0.00955	0.00599	0.00345	0.00380	0.00115	0.00460	0.00342	0.00188	0.00592
17	0.00824	0.00681	0.00798	0.00571	0.00911	0.00513	0.00458	0.00994	0.00805	0.03858	0.00708	0.00811	0.00580	0.00290	0.00287	0.00059	0.00285	0.00232	0.00235	0.86102
18	0.00795	0.00681	0.00795	0.00568	0.00909	0.00511	0.00454	0.00965	0.00795	0.01249	0.00681	0.00795	0.00568	0.00284	0.00284	0.00057	0.00284	0.00227	0.00227	0.88869
19	0.00956	0.00874	0.01478	0.09135	0.72739	0.00883	0.01129	0.01181	0.00874	0.04705	0.00796	0.01009	0.01791	0.00360	0.00381	0.00115	0.00451	0.00350	0.00202	0.00590
20	0.00563	0.00385	0.00471	0.00449	0.00544	0.00357	0.00337	0.00734	0.01011	0.01462	0.60169	0.02702	0.12216	0.00745	0.00420	0.00116	0.00182	0.00647	0.16133	0.00357
21	0.00889	0.00848	0.01452	0.13700	0.53480	0.00882	0.07885	0.02641	0.00867	0.01211	0.00831	0.01260	0.00730	0.00426	0.00436	0.00125	0.04041	0.07545	0.00205	0.00545
22	0.00552	0.00369	0.00420	0.00426	0.00427	0.00368	0.00240	0.00556	0.00569	0.00759	0.01268	0.08017	0.01469	0.80915	0.01855	0.00358	0.00362	0.00593	0.00240	0.00238
23	0.00849	0.09951	0.03450	0.03124	0.00995	0.00656	0.00531	0.01053	0.03394	0.03635	0.00718	0.00818	0.00586	0.00307	0.00292	0.00068	0.00315	0.00241	0.00229	0.68790
24	0.02766	0.00784	0.03671	0.00856	0.04662	0.01791	0.08296	0.05498	0.02403	0.54950	0.01251	0.01166	0.00825	0.00430	0.00378	0.00113	0.00374	0.00366	0.00390	0.09031
25	0.62917	0.07301	0.00798	0.00655	0.03313	0.13943	0.00514	0.02352	0.00764	0.03730	0.00580	0.00665	0.00456	0.00364	0.00265	0.00113	0.00373	0.00224	0.00233	0.00441
26	0.00558	0.00372	0.00418	0.00418	0.00418	0.00372	0.00232	0.00558	0.00558	0.00743	0.01208	0.02509	0.01394	0.86525	0.01952	0.00372	0.00372	0.00558	0.00232	0.00232
27	0.00554	0.00405	0.00602	0.00602	0.00665	0.00467	0.00462	0.00670	0.00608	0.00873	0.01015	0.01528	0.00960	0.06068	0.77417	0.05192	0.00965	0.00413	0.00204	0.00329
28	0.00839	0.00839	0.01174	0.01007	0.01007	0.01174	0.00839	0.00923	0.00587	0.00923	0.00503	0.00839	0.00503	0.00671	0.01258	0.00168	0.85823	0.00336	0.00168	0.00419
29	0.00795	0.00681	0.00795	0.00568	0.00909	0.00511	0.00454	0.00965	0.00795	0.01249	0.00681	0.00795	0.00568	0.00284	0.00284	0.00057	0.00284	0.00227	0.00227	0.88869
30	0.01432	0.01827	0.01087	0.00988	0.01185	0.84986	0.00741	0.01531	0.01087	0.00938	0.00593	0.00691	0.00494	0.00395	0.00346	0.00099	0.00691	0.00247	0.00198	0.00444
31	0.00518	0.00391	0.00478	0.00456	0.00558	0.00351	0.00342	0.00676	0.01027	0.01399	0.61875	0.03092	0.25760	0.00835	0.00452	0.00123	0.00185	0.00725	0.00404	0.00351
32	0.00548	0.00411	0.00616	0.00616	0.00685	0.00479	0.00479	0.00685	0.00616	0.00890	0.01027	0.01506	0.00959	0.02876	0.85006	0.00616	0.01027	0.00411	0.00205	0.00342
33	0.00795	0.00681	0.00795	0.00568	0.00909	0.00511	0.00454	0.00965	0.00795	0.01249	0.00681	0.00795	0.00568	0.00284	0.00284	0.00057	0.00284	0.00227	0.00227	0.88869
34	0.01458	0.01074	0.01151	0.00882	0.01189	0.01189	0.00729	0.82855	0.01803	0.02416	0.00921	0.00921	0.00652	0.00460	0.00384	0.00115	0.00422	0.00345	0.00384	0.00652
35	0.89233	0.00741	0.00564	0.00504	0.00741	0.00860	0.00415	0.01127	0.00653	0.01720	0.00534	0.00623	0.00415	0.00356	0.00237	0.00119	0.00297	0.00208	0.00237	0.00415
36	0.00953	0.00833	0.00938	0.00943	0.09576	0.00949	0.00666	0.01949	0.74921	0.01568	0.01474	0.01381	0.01112	0.00502	0.00389	0.00128	0.00319	0.00424	0.00369	0.00607
37	0.00512	0.00391	0.00470	0.00450	0.00554	0.00349	0.00338	0.00664	0.01013	0.01366	0.56558	0.03147	0.31098	0.00848	0.00453	0.00124	0.00185	0.00733	0.00399	0.00349
38	0.00715	0.00357	0.00357	0.00357	0.00447	0.00357	0.00268	0.00893	0.00804	0.01429	0.01251	0.01429	0.00983	0.00447	0.00268	0.00089	0.00179	0.00357	0.88654	0.00357
39	0.00467	0.00334	0.00445	0.00534	0.00556	0.00311	0.00356	0.00534	0.00734	0.00979	0.02113	0.86275	0.02536	0.01201	0.00489	0.00156	0.00222	0.01090	0.00356	0.00311
40	0.01439	0.04745	0.01187	0.00873	0.01180	0.01203	0.00726	0.79354	0.01759	0.02352	0.00904	0.00907	0.00645	0.00455	0.00378	0.00114	0.00421	0.00339	0.00374	0.00645
41	0.00454	0.00385	0.00392	0.00398	0.00521	0.00323	0.00296	0.00549	0.00864	0.01032	0.03762	0.09375	0.78372	0.00987	0.00456	0.00131	0.00196	0.00829	0.00356	0.00323
42	0.00470	0.00336	0.00448	0.00532	0.00557	0.00314	0.00356	0.00542	0.00749	0.01002	0.05536	0.82785	0.02581	0.01184	0.00488	0.00154	0.00221	0.01073	0.00359	0.00314
43	0.01432	0.01827	0.01087	0.00988	0.01185	0.84986	0.00741	0.01531	0.01087	0.00938	0.00593	0.00691	0.00494	0.00395	0.00346	0.00099	0.00691	0.00247	0.00198	0.00444
44	0.00796	0.10815	0.75940	0.01047	0.01589	0.00956	0.01337	0.01207	0.00806	0.01182	0.00672	0.00789	0.00486	0.00361	0.00352	0.00117	0.00550	0.00275	0.00162	0.00559
45	0.09888	0.34017	0.26507	0.00814	0.01196	0.01172	0.00869	0.14197	0.04485	0.02591	0.00700	0.00768	0.00544	0.00373	0.00311	0.00105	0.00442	0.00264	0.00220	0.00540
46	0.00884	0.01185	0.15533	0.01545	0.03433	0.00956	0.68136	0.01225	0.00889	0.01226	0.00761	0.00996	0.00567	0.00330	0.00437	0.00128	0.00630	0.00423	0.00189	0.00527
47	0.05907	0.72208	0.01813	0.00659	0.00979	0.01398	0.00639	0.04618	0.00838	0.07090	0.00621	0.00679	0.00528	0.00346	0.00261	0.00088	0.00398	0.00224	0.00200	0.00506
48	0.00666	0.00333	0.00500	0.00500	0.00500	0.00333	0.00333	0.00500	0.00500	0.00666	0.00666	0.01166	0.00666	0.01332	0.01499	0.88844	0.00333	0.00333	0.00167	0.00167
49	0.00794	0.00753	0.01277	0.59661	0.28035	0.00870	0.01100	0.01041	0.00800	0.01065	0.00694	0.00999	0.00541	0.00370	0.00382	0.00123	0.00494	0.00341	0.00176	0.00482
50	0.00795	0.00681	0.00795	0.00568	0.00909	0.00511	0.00454	0.00965	0.00795	0.01249	0.00681	0.00795	0.00568	0.00284	0.00284	0.00057	0.00284	0.00227	0.00227	0.88869
51	0.05722	0.00732	0.00918	0.00710	0.01004	0.00694	0.00586	0.15400	0.03663	0.64346	0.01369	0.01213	0.00881	0.00468	0.00378	0.00118	0.00340	0.00372	0.00446	0.00640
52	0.00461	0.00386	0.00397	0.00403	0.00521	0.00327	0.00298	0.00554	0.00853	0.01022	0.03642	0.08014	0.74658	0.04650	0.00521	0.00142	0.00206	0.02273	0.00351	0.00320
53	0.01017	0.00890	0.00918	0.04349	0.01094	0.04880	0.00645	0.10126	0.67914	0.01629	0.01414	0.01328	0.01059	0.00503	0.00387	0.00127	0.00342	0.00412	0.00371	0.00596
54	0.00478	0.00347	0.00453	0.00526	0.00565	0.00322	0.00363	0.00560	0.00777	0.01030	0.07890	0.69864	0.09410	0.01147	0.00486	0.00152	0.00223	0.04730	0.00360	0.00318
55	0.00956	0.00898	0.01455	0.05681	0.69510	0.00922	0.01099	0.03861	0.09358	0.01314	0.00812	0.01001	0.00662	0.00365	0.00381	0.00116	0.00441	0.00351	0.00216	0.00601
56	0.00886	0.01169	0.14398	0.01517	0.01927	0.00958	0.68619	0.01247	0.02992	0.01236	0.00783	0.01011	0.00583	0.00334	0.00438	0.00128	0.00626	0.00427	0.00194	0.00527
57	0.00456	0.00384	0.00395	0.00403	0.00522	0.00323	0.00298	0.00552	0.00865	0.01039	0.05036	0.10932	0.75510	0.00988	0.00456	0.00132	0.00196	0.00832	0.00357	0.00323
58	0.00656	0.00395	0.00511	0.00505	0.00594	0.00365	0.00370	0.00796	0.00942	0.09649	0.39948	0.29442	0.02704	0.00849	0.00437	0.00128	0.00209	0.00752	0.10374	0.00374
59	0.00491	0.00362	0.00504	0.00572	0.00612	0.00340	0.02474	0.00574	0.00755	0.01001	0.02118	0.75015	0.04545	0.01161	0.00491	0.00156	0.00244	0.07914	0.00352	0.00321
60	0.89233	0.00741	0.00564	0.00504	0.00741	0.00860	0.00415	0.01127	0.00653	0.01720	0.00534	0.00623	0.00415	0.00356	0.00237	0.00119	0.00297	0.00208	0.00237	0.00415
61	0.00490	0.00387	0.00441	0.00432	0.00542	0.00338	0.00322	0.00619	0.00953	0.01234	0.35859	0.06898	0.48313	0.00906	0.00454	0.00127	0.00190	0.00775	0.00382	0.00338
62	0.00905	0.01034	0.02262	0.01616	0.02004	0.00970	0.82741	0.01228	0.00905	0.01228	0.00776	0.01034	0.00582	0.00323	0.00452	0.00129	0.00646	0.00452	0.00194	0.00517
63	0.00920	0.26008	0.53171	0.00941	0.01412	0.03504	0.01127	0.02293	0.00837	0.05497	0.00687	0.00778	0.00514	0.00362	0.00331	0.00109	0.00511	0.00266	0.00183	0.00547
64	0.00467	0.00334	0.00445	0.00534	0.00556	0.00311	0.00356	0.00534	0.00734	0.00979	0.02113	0.86275	0.02536	0.01201	0.00489	0.00156	0.00222	0.01090	0.00356	0.00311
65	0.00570	0.00408	0.00520	0.00604	0.00637	0.00374	0.00407	0.00615	0.00800	0.01075	0.02183	0.82590	0.02585	0.01246	0.00529	0.00173	0.00260	0.03675	0.00385	0.00363
66	0.01106	0.60955	0.01710	0.00738	0.01028	0.19324	0.00670	0.01309	0.08185	0.00972	0.00637	0.00704	0.00553	0.00359	0.00280	0.00090	0.00461	0.00234	0.00191	0.00492
67	0.01224	0.09450	0.03376	0.00857	0.01117	0.20497	0.00703	0.27177	0.28589	0.01627	0.01013	0.01004	0.00768	0.00450	0.00363	0.00113	0.00448	0.00337	0.00316	0.00571
68	0.00795	0.00681	0.00795	0.00568	0.00909	0.00511	0.00454	0.00965	0.00795	0.01249	0.00681	0.00795	0.00568	0.00284	0.00284	0.00057	0.00284	0.00227	0.00227	0.88869
69	0.01432	0.01827	0.01087	0.00988	0.01185	0.84986	0.00741	0.01531	0.01087	0.00938	0.00593	0.00691	0.00494	0.00395	0.00346	0.00099	0.00691	0.00247	0.00198	0.00444
70	0.00784	0.01845	0.00801	0.00594	0.02153	0.00532	0.00464	0.00976	0.03275	0.01240	0.00872	0.02888	0.04088	0.00342	0.00300	0.00065	0.00284	0.00279	0.00239	0.77981
71	0.01089	0.32133	0.10949	0.04483	0.05815	0.29637	0.00819	0.01248	0.00879	0.00976	0.00635	0.03399	0.00564	0.00406	0.00374	0.00103	0.05554	0.00277	0.00183	0.00478
72	0.01458	0.01074	0.01151	0.00882	0.01189	0.01189	0.00729	0.82855	0.01803	0.02416	0.00921	0.00921	0.00652	0.00460	0.00384	0.00115	0.00422	0.00345	0.00384	0.00652
73	0.00795	0.00681	0.00795	0.00568	0.00909	0.00511	0.00454	0.00965	0.00795	0.01249	0.00681	0.00795	0.00568	0.00284	0.00284	0.00057	0.00284	0.00227	0.00227	0.88869
74	0.01720	0.00653	0.00890	0.00682	0.00979	0.00564	0.00564	0.01869	0.01097	0.84399	0.01513	0.01305	0.00949	0.00475	0.00386	0.00119	0.00326	0.00386	0.00475	0.00653
75	0.03576	0.01027	0.02164	0.01551	0.01931	0.00976	0.76760	0.04722	0.00936	0.01294	0.00775	0.01017	0.00580	0.00330	0.00443	0.00128	0.00626	0.00441	0.00203	0.00520

[dist]
# distance from previous block
# <min> <max>
0	1

[block]
# block no. 3 follows, 71 sequences, length 25
# corresponding to MSA columns:
# 193-217
name=unknown_D
#
# <colnr> <probs for GDERKNQSTAVLIFYWHMCP>
#	G	D	E	R	K	N	Q	S	T	A	V	L	I	F	Y	W	H	M	C	P
0	0.00947	0.17655	0.01075	0.00667	0.03321	0.03434	0.00539	0.01141	0.04042	0.08005	0.00753	0.00827	0.00606	0.00323	0.00294	0.00073	0.00331	0.00248	0.00239	0.55481
1	0.01694	0.00695	0.00916	0.00702	0.01000	0.00626	0.00580	0.09978	0.01168	0.76189	0.01453	0.01267	0.00919	0.00473	0.00385	0.00118	0.00336	0.00382	0.00465	0.00652
2	0.00613	0.00365	0.00538	0.00538	0.00563	0.00391	0.00381	0.00574	0.00548	0.00757	0.00843	0.01395	0.00831	0.08306	0.33118	0.48837	0.00598	0.00379	0.00186	0.00238
3	0.00849	0.00821	0.01205	0.51498	0.19180	0.07536	0.01014	0.01071	0.00819	0.02776	0.03340	0.01033	0.00637	0.00410	0.00441	0.00125	0.06243	0.00345	0.00191	0.00467
4	0.01480	0.03133	0.00930	0.00716	0.00963	0.00675	0.00593	0.03713	0.04219	0.61517	0.01441	0.03446	0.02829	0.00537	0.00486	0.00126	0.09761	0.02421	0.00418	0.00597
5	0.00555	0.00381	0.00465	0.00465	0.00481	0.00397	0.00290	0.00588	0.00571	0.00778	0.01165	0.02273	0.01291	0.66827	0.21509	0.00429	0.00526	0.00523	0.00226	0.00258
6	0.08019	0.00844	0.01078	0.03092	0.09532	0.02993	0.09210	0.26871	0.08137	0.04336	0.08901	0.03304	0.04916	0.00541	0.00401	0.00125	0.00393	0.06452	0.00326	0.00529
7	0.00967	0.00977	0.03515	0.11725	0.51906	0.06914	0.03338	0.04407	0.06695	0.01253	0.00766	0.00966	0.00621	0.00381	0.00416	0.00118	0.03918	0.00343	0.00208	0.00565
8	0.01190	0.39409	0.01510	0.05668	0.01172	0.32273	0.00724	0.08625	0.00977	0.01057	0.00597	0.00703	0.00509	0.00381	0.00342	0.00097	0.03842	0.00246	0.00197	0.00482
9	0.00804	0.00742	0.01193	0.26248	0.38249	0.00767	0.00947	0.01019	0.00836	0.01161	0.03690	0.03666	0.04166	0.00440	0.00384	0.00116	0.00420	0.03655	0.00214	0.11282
10	0.01127	0.09534	0.14344	0.01064	0.13115	0.04221	0.07708	0.04106	0.05602	0.23793	0.05193	0.01206	0.03963	0.00438	0.00375	0.00114	0.00421	0.00373	0.00297	0.03004
11	0.00935	0.03104	0.31728	0.00961	0.05555	0.05275	0.02949	0.02772	0.17613	0.10342	0.04337	0.09276	0.01033	0.00516	0.00390	0.00125	0.00433	0.01831	0.00282	0.00542
12	0.00548	0.00411	0.00616	0.00616	0.00685	0.00479	0.00479	0.00685	0.00616	0.00890	0.01027	0.01506	0.00959	0.02876	0.85006	0.00616	0.01027	0.00411	0.00205	0.00342
13	0.00840	0.09364	0.49723	0.01158	0.12389	0.05363	0.02623	0.01207	0.04035	0.01211	0.06438	0.01021	0.02173	0.00404	0.00365	0.00116	0.00503	0.00328	0.00198	0.00541
14	0.00899	0.01004	0.09610	0.16638	0.52253	0.04144	0.05130	0.01151	0.00858	0.01185	0.00745	0.01037	0.00618	0.00372	0.00385	0.00119	0.00492	0.02616	0.00189	0.00554
15	0.01009	0.00955	0.02600	0.08315	0.55406	0.10045	0.01035	0.01218	0.00904	0.07023	0.00881	0.01198	0.01729	0.00414	0.00387	0.00118	0.00468	0.05516	0.00221	0.00559
16	0.00537	0.00392	0.00505	0.00477	0.00570	0.00359	0.00358	0.00713	0.01073	0.01507	0.79131	0.02914	0.08437	0.00795	0.00452	0.00121	0.00182	0.00700	0.00418	0.00359
17	0.00849	0.00679	0.03298	0.16838	0.24877	0.00654	0.00773	0.02587	0.00892	0.12428	0.04439	0.11024	0.17851	0.00608	0.00410	0.00125	0.00363	0.00535	0.00288	0.00481
18	0.00928	0.06697	0.49145	0.01005	0.04920	0.06643	0.01087	0.04347	0.03915	0.08591	0.00944	0.07084	0.02122	0.00453	0.00371	0.00120	0.00493	0.00363	0.00227	0.00545
19	0.00895	0.01102	0.08144	0.01579	0.01979	0.00964	0.76927	0.01227	0.00898	0.01227	0.00769	0.01018	0.00575	0.00326	0.00446	0.00129	0.00641	0.00440	0.00192	0.00521
20	0.01439	0.00669	0.00867	0.00709	0.02582	0.00625	0.00562	0.10827	0.05049	0.55496	0.15442	0.01525	0.01373	0.00525	0.00397	0.00119	0.00314	0.00435	0.00446	0.00600
21	0.00893	0.00863	0.01388	0.06797	0.64249	0.04089	0.02531	0.01099	0.00858	0.01190	0.00891	0.11707	0.00840	0.00454	0.00394	0.00120	0.00442	0.00434	0.00210	0.00552
22	0.00872	0.00885	0.04996	0.22885	0.43130	0.00881	0.11118	0.01116	0.00838	0.02658	0.00778	0.04263	0.00653	0.00396	0.00418	0.00123	0.02881	0.00382	0.00195	0.00533
23	0.00548	0.00409	0.00605	0.00605	0.00669	0.00473	0.00465	0.00677	0.00613	0.00882	0.01038	0.01565	0.00984	0.07743	0.80173	0.00602	0.00989	0.00419	0.00207	0.00336
24	0.02827	0.00730	0.00959	0.00802	0.02925	0.00722	0.06351	0.10104	0.16863	0.33235	0.03086	0.01634	0.06007	0.00542	0.00410	0.00124	0.01267	0.06832	0.00387	0.04192

[dist]
# distance from previous block
# <min> <max>
0	4

# created by:
# /st0/software/busco_prod/Augustus/scripts/msa2prfl.pl ./align_prep/32025.fa
