[name]
unknown

[dist]
# distance from previous block
# <min> <max>
0	44

[block]
# block no. 0 follows, 61 sequences, length 9
# corresponding to MSA columns:
# 44-52
name=unknown_A
#
# <colnr> <probs for GDERKNQSTAVLIFYWHMCP>
#	G	D	E	R	K	N	Q	S	T	A	V	L	I	F	Y	W	H	M	C	P
0	0.00992	0.06244	0.09875	0.09062	0.01428	0.02648	0.09637	0.13115	0.03141	0.04386	0.01593	0.02387	0.07994	0.00705	0.00477	0.00150	0.00480	0.22723	0.00325	0.02637
1	0.06278	0.03012	0.14768	0.03035	0.02740	0.10819	0.03520	0.33840	0.08084	0.03342	0.05600	0.01144	0.00899	0.00498	0.00417	0.00130	0.00511	0.00386	0.00339	0.00636
2	0.00569	0.00463	0.00501	0.00513	0.00632	0.00424	0.00372	0.00761	0.07669	0.01206	0.06167	0.20905	0.51761	0.05344	0.00597	0.00165	0.00245	0.00922	0.00399	0.00384
3	0.01137	0.04858	0.01180	0.01063	0.07453	0.10268	0.04508	0.09984	0.42673	0.01657	0.01451	0.09454	0.01205	0.00601	0.00438	0.00139	0.00432	0.00507	0.00370	0.00624
4	0.00542	0.00431	0.00486	0.00485	0.00605	0.00375	0.00359	0.00677	0.01040	0.01332	0.28155	0.11914	0.49973	0.01052	0.00513	0.00145	0.00217	0.00900	0.00423	0.00375
5	0.04503	0.00998	0.01164	0.01026	0.04053	0.04989	0.04208	0.15320	0.26900	0.01638	0.01288	0.01405	0.05250	0.03488	0.00740	0.00160	0.21508	0.00447	0.00331	0.00585
6	0.00697	0.00564	0.00681	0.00719	0.07513	0.00537	0.00493	0.08557	0.01115	0.01451	0.21056	0.03187	0.43457	0.01091	0.06786	0.00182	0.00336	0.00751	0.00391	0.00438
7	0.01006	0.01100	0.09574	0.15482	0.61671	0.01011	0.01328	0.01291	0.00955	0.01354	0.00799	0.01064	0.00652	0.00394	0.00425	0.00131	0.00534	0.00377	0.00207	0.00645
8	0.01541	0.01082	0.01237	0.00962	0.01281	0.01169	0.03880	0.62068	0.01793	0.09684	0.01170	0.01333	0.00880	0.02547	0.00480	0.00140	0.00460	0.04403	0.03204	0.00688

[dist]
# distance from previous block
# <min> <max>
0	1

[block]
# block no. 1 follows, 61 sequences, length 11
# corresponding to MSA columns:
# 54-64
name=unknown_B
#
# <colnr> <probs for GDERKNQSTAVLIFYWHMCP>
#	G	D	E	R	K	N	Q	S	T	A	V	L	I	F	Y	W	H	M	C	P
0	0.70425	0.00820	0.00697	0.00605	0.00871	0.00923	0.00496	0.05602	0.00876	0.08912	0.05752	0.00940	0.00755	0.00447	0.00305	0.00133	0.00336	0.00293	0.00311	0.00500
1	0.03191	0.40556	0.06526	0.01217	0.01618	0.05124	0.33470	0.01350	0.00947	0.01206	0.00723	0.00899	0.00592	0.00373	0.00383	0.00118	0.00590	0.00351	0.00202	0.00564
2	0.04054	0.04041	0.01511	0.01554	0.24327	0.27871	0.10803	0.02826	0.06393	0.06822	0.02294	0.01055	0.00750	0.00448	0.00451	0.00127	0.03450	0.00372	0.00261	0.00591
3	0.01103	0.01169	0.05357	0.04743	0.65389	0.09129	0.01260	0.01390	0.03785	0.01375	0.00826	0.01052	0.00682	0.00399	0.00422	0.00128	0.00540	0.00374	0.00220	0.00656
4	0.00697	0.00470	0.00686	0.00670	0.00705	0.00540	0.00496	0.00703	0.00638	0.00900	0.00979	0.03444	0.00967	0.06583	0.37580	0.34129	0.08841	0.00446	0.00215	0.00309
5	0.01034	0.20164	0.43186	0.01144	0.01640	0.05517	0.09680	0.05481	0.05751	0.01367	0.00811	0.00929	0.00614	0.00413	0.00392	0.00127	0.00589	0.00331	0.00216	0.00613
6	0.00595	0.00435	0.00551	0.00541	0.00635	0.00401	0.00400	0.00763	0.01109	0.01530	0.57073	0.10444	0.13221	0.06157	0.00620	0.00160	0.00231	0.04306	0.00442	0.00387
7	0.01305	0.01211	0.10011	0.03857	0.03385	0.05232	0.02423	0.30731	0.28311	0.05791	0.01292	0.01275	0.02143	0.00524	0.00432	0.00136	0.00463	0.00420	0.00382	0.00675
8	0.00620	0.00460	0.00542	0.00518	0.00637	0.00420	0.00383	0.00809	0.04012	0.03238	0.42708	0.05095	0.31244	0.06666	0.00620	0.00159	0.00233	0.00805	0.00432	0.00397
9	0.01243	0.30303	0.12060	0.00846	0.01221	0.06167	0.00808	0.11740	0.04679	0.11268	0.03673	0.01017	0.00803	0.00438	0.00360	0.00109	0.00460	0.00323	0.00291	0.12191
10	0.03054	0.00840	0.00971	0.03190	0.01123	0.02811	0.02668	0.10731	0.10241	0.04402	0.04370	0.06711	0.01022	0.00482	0.00382	0.00101	0.00362	0.00400	0.00322	0.45817

[dist]
# distance from previous block
# <min> <max>
0	3

[block]
# block no. 2 follows, 61 sequences, length 64
# corresponding to MSA columns:
# 68-80,83-133
name=unknown_C
#
# <colnr> <probs for GDERKNQSTAVLIFYWHMCP>
#	G	D	E	R	K	N	Q	S	T	A	V	L	I	F	Y	W	H	M	C	P
0	0.02638	0.03829	0.14059	0.01032	0.03033	0.01191	0.02529	0.43727	0.14718	0.07191	0.01125	0.01123	0.00807	0.00500	0.00423	0.00133	0.00475	0.00391	0.00381	0.00696
1	0.02369	0.03916	0.01008	0.00811	0.02196	0.03120	0.03033	0.25036	0.04225	0.16931	0.04376	0.06792	0.18796	0.00717	0.00456	0.00138	0.00381	0.03702	0.01419	0.00580
2	0.01144	0.00952	0.01033	0.00943	0.03857	0.01082	0.00714	0.15705	0.61336	0.01914	0.01626	0.05274	0.01263	0.00601	0.00442	0.00144	0.00365	0.00500	0.00428	0.00675
3	0.00565	0.00439	0.00513	0.00495	0.00616	0.00387	0.00371	0.00726	0.01113	0.01475	0.47207	0.03633	0.38962	0.00975	0.00509	0.00140	0.00210	0.00837	0.00441	0.00387
4	0.09202	0.03508	0.07679	0.02998	0.02308	0.00768	0.00687	0.11865	0.02735	0.27540	0.01559	0.22229	0.02390	0.00752	0.01661	0.00151	0.00390	0.00598	0.00400	0.00580
5	0.02251	0.18596	0.36570	0.01192	0.01675	0.02389	0.18106	0.01463	0.06549	0.05959	0.00876	0.00994	0.00652	0.00411	0.00405	0.00129	0.00582	0.00357	0.00230	0.00612
6	0.00552	0.00387	0.00494	0.00567	0.00587	0.00368	0.00366	0.00611	0.00784	0.01048	0.03805	0.62692	0.02558	0.21940	0.00954	0.00234	0.00290	0.01068	0.00367	0.00329
7	0.01066	0.01023	0.01748	0.02644	0.82174	0.01023	0.01322	0.01322	0.00981	0.01407	0.00810	0.01066	0.00682	0.00384	0.00426	0.00128	0.00512	0.00384	0.00213	0.00682
8	0.03087	0.08957	0.42574	0.02524	0.09596	0.04176	0.05633	0.03322	0.08603	0.04923	0.02094	0.01041	0.00716	0.00433	0.00407	0.00132	0.00561	0.00354	0.00240	0.00626
9	0.00993	0.00987	0.16953	0.02570	0.15254	0.00728	0.03561	0.01259	0.03609	0.16237	0.04550	0.18421	0.09869	0.00718	0.00484	0.00145	0.02135	0.00627	0.00339	0.00561
10	0.00524	0.00431	0.00461	0.00467	0.00594	0.00368	0.00345	0.00642	0.00997	0.01231	0.14314	0.12213	0.63742	0.01090	0.00513	0.00147	0.00219	0.00924	0.00410	0.00368
11	0.01716	0.01021	0.09643	0.00912	0.02860	0.02352	0.00796	0.18002	0.01343	0.52843	0.01406	0.01288	0.00916	0.00517	0.00450	0.00133	0.02228	0.00407	0.00456	0.00712
12	0.10028	0.04708	0.25343	0.01275	0.16940	0.02729	0.02246	0.04688	0.06688	0.16288	0.01057	0.01114	0.01951	0.00449	0.00400	0.00130	0.00488	0.00364	0.00295	0.02818
13	0.00916	0.04308	0.14159	0.01279	0.20753	0.00766	0.06830	0.01172	0.01045	0.08528	0.23000	0.06948	0.07193	0.00639	0.00459	0.00136	0.00414	0.00574	0.00329	0.00551
14	0.01566	0.01110	0.01182	0.00931	0.01243	0.04026	0.00759	0.60122	0.04994	0.11124	0.01202	0.05519	0.00907	0.00563	0.00433	0.00131	0.00449	0.00437	0.02609	0.00694
15	0.12619	0.22556	0.32529	0.00990	0.01435	0.03293	0.03243	0.14512	0.01069	0.01563	0.00746	0.00852	0.00572	0.00421	0.00380	0.00124	0.01955	0.00302	0.00237	0.00601
16	0.00545	0.00447	0.00482	0.00471	0.00608	0.00389	0.00354	0.00700	0.02691	0.01315	0.23325	0.03866	0.61242	0.01029	0.00507	0.00143	0.00217	0.00869	0.00419	0.00381
17	0.00995	0.00830	0.03640	0.00681	0.01067	0.00623	0.00567	0.04333	0.00963	0.07185	0.00843	0.00940	0.00669	0.00345	0.00335	0.00074	0.00339	0.00275	0.00279	0.75018
18	0.01592	0.00762	0.02606	0.00794	0.03090	0.00658	0.00639	0.06798	0.01238	0.55175	0.12828	0.01613	0.01409	0.00556	0.00433	0.00127	0.00355	0.00460	0.00479	0.08388
19	0.06749	0.27554	0.28791	0.00925	0.01361	0.02881	0.00993	0.06953	0.06190	0.09791	0.00882	0.00936	0.00662	0.00425	0.00361	0.00119	0.00497	0.00310	0.00261	0.03357
20	0.01316	0.01383	0.01263	0.32247	0.01949	0.34314	0.00966	0.18739	0.01261	0.01434	0.00784	0.00973	0.00601	0.00455	0.00414	0.00127	0.00634	0.00341	0.00256	0.00542
21	0.01017	0.01162	0.02542	0.01816	0.02251	0.01089	0.80610	0.01380	0.01017	0.01380	0.00871	0.01162	0.00654	0.00363	0.00508	0.00145	0.00726	0.00508	0.00218	0.00581
22	0.00821	0.00773	0.01305	0.81442	0.05293	0.00959	0.01200	0.01107	0.00865	0.01110	0.00767	0.01146	0.00577	0.00429	0.00431	0.00143	0.00572	0.00383	0.00192	0.00484
23	0.00528	0.00377	0.00503	0.00598	0.00625	0.00352	0.00400	0.00607	0.00839	0.01122	0.05185	0.81706	0.02892	0.01333	0.00548	0.00174	0.00248	0.01209	0.00402	0.00352
24	0.00512	0.00436	0.00440	0.00439	0.00583	0.00365	0.00329	0.00623	0.00988	0.01178	0.06328	0.04122	0.80026	0.01086	0.00509	0.00145	0.00218	0.00906	0.00402	0.00365
25	0.00617	0.00454	0.00657	0.00657	0.00721	0.00519	0.00494	0.00746	0.00682	0.00974	0.01186	0.01872	0.01155	0.16284	0.70208	0.00648	0.01036	0.00488	0.00236	0.00365
26	0.01637	0.01207	0.01293	0.00991	0.01336	0.01336	0.00819	0.80738	0.02025	0.02715	0.01034	0.01034	0.00733	0.00517	0.00431	0.00129	0.00474	0.00388	0.00431	0.00733
27	0.87904	0.00833	0.00633	0.00566	0.00833	0.00966	0.00467	0.01266	0.00733	0.01933	0.00600	0.00700	0.00467	0.00400	0.00267	0.00133	0.00333	0.00233	0.00267	0.00467
28	0.01023	0.00980	0.01671	0.16449	0.68706	0.01012	0.01301	0.01284	0.00961	0.01355	0.00803	0.01080	0.00664	0.00392	0.00427	0.00131	0.00522	0.00384	0.00210	0.00648
29	0.00593	0.00445	0.00519	0.00496	0.00625	0.00391	0.00374	0.00749	0.01105	0.03368	0.42634	0.03624	0.41576	0.00974	0.00507	0.00140	0.00214	0.00834	0.00440	0.00394
30	0.00525	0.00375	0.00500	0.00600	0.00625	0.00350	0.00400	0.00600	0.00825	0.01100	0.02374	0.84580	0.02849	0.01350	0.00550	0.00175	0.00250	0.01225	0.00400	0.00350
31	0.01061	0.01019	0.01740	0.04150	0.80706	0.01022	0.01320	0.01318	0.00979	0.01402	0.00809	0.01068	0.00680	0.00385	0.00427	0.00128	0.00513	0.00384	0.00213	0.00679
32	0.01152	0.85121	0.02257	0.00737	0.01106	0.01704	0.00737	0.01290	0.00875	0.01013	0.00599	0.00691	0.00553	0.00369	0.00276	0.00092	0.00461	0.00230	0.00184	0.00553
33	0.06891	0.33371	0.04841	0.00865	0.02819	0.09883	0.02126	0.02701	0.10969	0.11069	0.00929	0.00980	0.00730	0.00503	0.02437	0.00127	0.01641	0.00315	0.00278	0.06523
34	0.00976	0.14394	0.35612	0.01376	0.01878	0.01139	0.33259	0.02572	0.00963	0.01334	0.00814	0.02252	0.00628	0.00400	0.00431	0.00134	0.00637	0.00396	0.00204	0.00599
35	0.01098	0.00947	0.00978	0.00871	0.01119	0.03470	0.00678	0.03298	0.72930	0.03179	0.02920	0.01576	0.01303	0.00575	0.00434	0.00142	0.00353	0.00476	0.00429	0.03223
36	0.00618	0.00432	0.00552	0.00552	0.00646	0.00393	0.00402	0.00774	0.01082	0.04197	0.47823	0.25533	0.13334	0.01023	0.00517	0.00147	0.00223	0.00905	0.00447	0.00397
37	0.01211	0.08537	0.45770	0.01075	0.01577	0.02978	0.02850	0.11420	0.02103	0.16971	0.00980	0.01024	0.00681	0.00445	0.00408	0.00131	0.00552	0.00347	0.00285	0.00656
38	0.01373	0.01027	0.02343	0.00879	0.01154	0.01104	0.00710	0.54577	0.08863	0.03957	0.04334	0.03012	0.01080	0.12776	0.00692	0.00174	0.00439	0.00462	0.00406	0.00638
39	0.00615	0.00462	0.00692	0.00692	0.00769	0.00538	0.00538	0.00769	0.00692	0.01000	0.01154	0.01692	0.01077	0.03231	0.83154	0.00692	0.01154	0.00462	0.00231	0.00385
40	0.01106	0.01104	0.01691	0.02468	0.72836	0.07648	0.01269	0.01344	0.00989	0.01366	0.00790	0.01039	0.00668	0.00402	0.00458	0.00129	0.03447	0.00375	0.00213	0.00660
41	0.00535	0.00436	0.00473	0.00467	0.00598	0.00374	0.00349	0.00668	0.01039	0.01306	0.24134	0.05575	0.60459	0.01043	0.00510	0.00144	0.00215	0.00882	0.00419	0.00374
42	0.01011	0.02342	0.04560	0.01778	0.17209	0.01002	0.50784	0.01338	0.02235	0.04008	0.02743	0.07020	0.00905	0.00458	0.00486	0.00142	0.00617	0.00528	0.00247	0.00588
43	0.01301	0.46010	0.04618	0.00898	0.01238	0.17407	0.02522	0.14119	0.05790	0.01359	0.00760	0.00833	0.00628	0.00421	0.00342	0.00108	0.00529	0.00289	0.00246	0.00582
44	0.71983	0.10167	0.02111	0.00618	0.00904	0.01064	0.00531	0.04281	0.02437	0.01849	0.00642	0.00733	0.00504	0.00405	0.00280	0.00129	0.00357	0.00245	0.00266	0.00493
45	0.00967	0.00987	0.01298	0.01119	0.01131	0.05404	0.00926	0.01062	0.00691	0.01039	0.00607	0.02623	0.00611	0.00750	0.01345	0.00184	0.78201	0.00389	0.00194	0.00470
46	0.01434	0.00994	0.01095	0.00896	0.01191	0.01089	0.00720	0.33001	0.35186	0.16014	0.01456	0.01378	0.01048	0.01901	0.00463	0.00142	0.00399	0.00441	0.00449	0.00704
47	0.00536	0.00435	0.00476	0.00470	0.00600	0.00375	0.00351	0.00669	0.01039	0.01311	0.24877	0.06741	0.58527	0.01044	0.00510	0.00144	0.00215	0.00886	0.00420	0.00375
48	0.00942	0.00942	0.01319	0.01131	0.01131	0.01319	0.00942	0.01037	0.00660	0.01037	0.00565	0.00942	0.00565	0.00754	0.01414	0.00188	0.84073	0.00377	0.00188	0.00471
49	0.00556	0.00397	0.00536	0.00636	0.00675	0.00377	0.00455	0.00654	0.00856	0.01135	0.02357	0.69738	0.02780	0.01320	0.00558	0.00179	0.00277	0.15756	0.00399	0.00359
50	0.00604	0.00440	0.00567	0.00536	0.00640	0.00404	0.00402	0.00801	0.01205	0.01693	0.77242	0.03274	0.08791	0.00893	0.00508	0.00136	0.00204	0.00787	0.00470	0.00404
51	0.01037	0.00994	0.01696	0.11915	0.73129	0.01016	0.01308	0.01297	0.00967	0.01372	0.00805	0.01076	0.00670	0.00389	0.00427	0.00130	0.00519	0.00384	0.00211	0.00659
52	0.18828	0.01122	0.01155	0.00902	0.01231	0.01247	0.00745	0.63216	0.01751	0.04275	0.00962	0.00977	0.00687	0.00494	0.00398	0.00130	0.00444	0.00358	0.00400	0.00680
53	0.34150	0.00811	0.00925	0.00735	0.01045	0.00812	0.03364	0.06441	0.01075	0.41136	0.02245	0.01148	0.00833	0.00474	0.00371	0.00131	0.00369	0.00357	0.00407	0.03171
54	0.35014	0.01863	0.00882	0.02007	0.03929	0.03572	0.00591	0.02603	0.03689	0.27950	0.03454	0.02782	0.00876	0.00477	0.00359	0.00127	0.00366	0.00356	0.00363	0.08740
55	0.05834	0.00939	0.01168	0.03792	0.19218	0.07592	0.00803	0.03710	0.02398	0.28219	0.02146	0.01157	0.00828	0.00455	0.00433	0.00119	0.03368	0.00366	0.00342	0.17113
56	0.03811	0.00976	0.01344	0.06457	0.33466	0.02895	0.00955	0.16764	0.01201	0.12833	0.02297	0.01113	0.00779	0.00434	0.00409	0.00121	0.00457	0.00373	0.00310	0.13005
57	0.13473	0.07453	0.01333	0.01184	0.14803	0.01054	0.07164	0.16317	0.13064	0.13300	0.02459	0.01154	0.00853	0.00465	0.00399	0.00128	0.00434	0.00385	0.00344	0.04232
58	0.09329	0.02360	0.01108	0.02246	0.01215	0.13058	0.00715	0.27769	0.10436	0.19131	0.01132	0.01109	0.00807	0.00488	0.00400	0.00124	0.00457	0.00366	0.00387	0.07364
59	0.13504	0.04606	0.03228	0.00924	0.02843	0.08113	0.04784	0.17195	0.13786	0.19847	0.01149	0.01132	0.00823	0.00477	0.00396	0.00127	0.00444	0.00372	0.00371	0.05880
60	0.09795	0.01035	0.01036	0.00835	0.01141	0.09679	0.00671	0.24383	0.10563	0.18556	0.01174	0.03771	0.00876	0.00505	0.00398	0.00122	0.00424	0.00388	0.00386	0.14262
61	0.09221	0.03095	0.01090	0.00865	0.03768	0.03366	0.00682	0.23135	0.06626	0.27383	0.01178	0.01139	0.00825	0.00472	0.00393	0.00119	0.00402	0.00365	0.00399	0.15475
62	0.16001	0.02047	0.02796	0.00877	0.02317	0.04754	0.03611	0.18244	0.15772	0.19434	0.01204	0.02727	0.00881	0.00499	0.00397	0.00129	0.00414	0.00391	0.00384	0.07119
63	0.06945	0.00979	0.03578	0.02971	0.01214	0.03352	0.00720	0.22992	0.15062	0.30028	0.03241	0.01299	0.00991	0.00519	0.00418	0.00131	0.00409	0.00409	0.00431	0.04312

[dist]
# distance from previous block
# <min> <max>
2	23

[block]
# block no. 3 follows, 61 sequences, length 17
# corresponding to MSA columns:
# 157-173
name=unknown_D
#
# <colnr> <probs for GDERKNQSTAVLIFYWHMCP>
#	G	D	E	R	K	N	Q	S	T	A	V	L	I	F	Y	W	H	M	C	P
0	0.11651	0.01019	0.03849	0.00964	0.01303	0.03588	0.12875	0.16796	0.12941	0.14172	0.02704	0.01173	0.00865	0.00463	0.00407	0.00125	0.00446	0.00391	0.00355	0.13915
1	0.08290	0.01027	0.01174	0.02752	0.03052	0.07889	0.06686	0.19356	0.16524	0.22100	0.03297	0.01267	0.00962	0.00505	0.00421	0.00132	0.00446	0.00411	0.00397	0.03312
2	0.07873	0.01047	0.03184	0.00893	0.01213	0.09775	0.04375	0.17207	0.08741	0.33765	0.02829	0.01244	0.00932	0.00501	0.00415	0.00129	0.00445	0.00397	0.00414	0.04622
3	0.11010	0.04125	0.04696	0.00926	0.01254	0.16463	0.05107	0.20405	0.07969	0.07700	0.00944	0.00994	0.00708	0.00445	0.00384	0.00117	0.00490	0.00337	0.00320	0.15608
4	0.08698	0.01067	0.01190	0.02724	0.01296	0.08954	0.07651	0.22425	0.14534	0.14929	0.01135	0.01142	0.00821	0.00474	0.00408	0.00125	0.00457	0.00382	0.00369	0.11217
5	0.11973	0.03770	0.03477	0.00901	0.01200	0.18054	0.03287	0.13539	0.14651	0.17884	0.02972	0.01157	0.00886	0.00490	0.00398	0.00127	0.00476	0.00373	0.00362	0.04022
6	0.06328	0.03006	0.05134	0.00905	0.01233	0.07192	0.06456	0.18420	0.14619	0.10799	0.03128	0.01274	0.03827	0.00493	0.00406	0.00122	0.00438	0.00399	0.00355	0.15466
7	0.10896	0.01071	0.01099	0.00879	0.01192	0.10540	0.02856	0.24390	0.10938	0.22064	0.01167	0.01135	0.00825	0.00485	0.00401	0.00125	0.00444	0.00372	0.00393	0.08730
8	0.05554	0.00579	0.00719	0.00623	0.00810	0.00544	0.00488	0.04103	0.03366	0.23570	0.43978	0.04300	0.08085	0.00765	0.00472	0.00136	0.00270	0.00653	0.00470	0.00513
9	0.03593	0.00813	0.00928	0.00682	0.01050	0.00678	0.00548	0.08214	0.04611	0.04408	0.00862	0.00952	0.00687	0.00358	0.00337	0.00078	0.00336	0.00283	0.00289	0.70293
10	0.01469	0.01113	0.01212	0.00947	0.01277	0.05692	0.03661	0.45003	0.13043	0.09856	0.01140	0.01130	0.00823	0.00494	0.00419	0.00124	0.00452	0.00388	0.00401	0.11356
11	0.06077	0.01854	0.01184	0.01059	0.01295	0.67162	0.00804	0.08905	0.05431	0.01290	0.00752	0.00839	0.00606	0.00456	0.00389	0.00116	0.00704	0.00296	0.00254	0.00528
12	0.00557	0.00435	0.00502	0.00542	0.00645	0.00391	0.00410	0.00669	0.00929	0.01154	0.03356	0.20258	0.45163	0.06661	0.00645	0.00180	0.00273	0.16481	0.00390	0.00361
13	0.01739	0.00962	0.04512	0.00866	0.01210	0.00905	0.00737	0.27843	0.06328	0.48066	0.01446	0.01310	0.00950	0.00526	0.00432	0.00133	0.00412	0.00417	0.00479	0.00726
14	0.01605	0.00870	0.01037	0.00838	0.01144	0.00887	0.00678	0.14542	0.27553	0.43554	0.01612	0.01444	0.01095	0.00547	0.00434	0.00137	0.00375	0.00444	0.00486	0.00716
15	0.87904	0.00833	0.00633	0.00566	0.00833	0.00966	0.00467	0.01266	0.00733	0.01933	0.00600	0.00700	0.00467	0.00400	0.00267	0.00133	0.00333	0.00233	0.00267	0.00467
16	0.01039	0.01134	0.05052	0.05909	0.02092	0.01056	0.61262	0.04454	0.06098	0.03660	0.01041	0.01264	0.02897	0.00412	0.00491	0.00144	0.00658	0.00498	0.00251	0.00588

[dist]
# distance from previous block
# <min> <max>
0	1

[block]
# block no. 4 follows, 61 sequences, length 17
# corresponding to MSA columns:
# 175-191
name=unknown_E
#
# <colnr> <probs for GDERKNQSTAVLIFYWHMCP>
#	G	D	E	R	K	N	Q	S	T	A	V	L	I	F	Y	W	H	M	C	P
0	0.72062	0.00931	0.00730	0.00636	0.00910	0.06326	0.00519	0.06208	0.00865	0.04647	0.00672	0.00756	0.00513	0.00413	0.00291	0.00130	0.00372	0.00253	0.00283	0.02484
1	0.37032	0.00897	0.00918	0.00739	0.01047	0.00952	0.00608	0.21314	0.02998	0.25133	0.01054	0.01029	0.00729	0.00469	0.00361	0.00130	0.00378	0.00335	0.00387	0.03490
2	0.05514	0.00486	0.00531	0.00511	0.00547	0.00503	0.00312	0.05131	0.00712	0.01006	0.01291	0.02568	0.01444	0.73017	0.04436	0.00394	0.00438	0.00586	0.00270	0.00302
3	0.01609	0.02053	0.01221	0.01110	0.01332	0.83132	0.00832	0.01720	0.01221	0.01054	0.00666	0.00777	0.00555	0.00444	0.00388	0.00111	0.00777	0.00277	0.00222	0.00499
4	0.00878	0.00746	0.00870	0.00629	0.00990	0.00565	0.00497	0.01059	0.00878	0.01372	0.00799	0.01001	0.00690	0.05031	0.00423	0.00084	0.00325	0.00276	0.00256	0.82633
5	0.00525	0.00375	0.00500	0.00600	0.00625	0.00350	0.00400	0.00600	0.00825	0.01100	0.02374	0.84580	0.02849	0.01350	0.00550	0.00175	0.00250	0.01225	0.00400	0.00350
6	0.01871	0.00864	0.01056	0.00817	0.01147	0.04165	0.00671	0.14809	0.01361	0.66193	0.01549	0.01368	0.00991	0.00527	0.00431	0.00132	0.00401	0.00419	0.00504	0.00723
7	0.16622	0.70090	0.01968	0.00707	0.01057	0.01573	0.00689	0.01286	0.00850	0.01177	0.00599	0.00693	0.00537	0.00374	0.00275	0.00099	0.00438	0.00231	0.00199	0.00537
8	0.00524	0.00379	0.00495	0.00588	0.00622	0.00351	0.00395	0.00601	0.00836	0.01104	0.02512	0.79016	0.08324	0.01332	0.00547	0.00173	0.00248	0.01203	0.00400	0.00351
9	0.01071	0.00925	0.00974	0.00877	0.01120	0.01071	0.00682	0.02289	0.81396	0.01802	0.01753	0.01607	0.01315	0.00584	0.00438	0.00146	0.00341	0.00487	0.00438	0.00682
10	0.57088	0.04868	0.00913	0.00706	0.01002	0.01115	0.00588	0.25940	0.01141	0.02133	0.00735	0.00803	0.00553	0.00435	0.00318	0.00130	0.00383	0.00281	0.00314	0.00553
11	0.01933	0.00733	0.01000	0.00766	0.01100	0.00633	0.00633	0.02099	0.01233	0.82473	0.01699	0.01466	0.01066	0.00533	0.00433	0.00133	0.00367	0.00433	0.00533	0.00733
12	0.00813	0.00766	0.01292	0.83826	0.02967	0.00957	0.01196	0.01101	0.00861	0.01101	0.00766	0.01148	0.00574	0.00431	0.00431	0.00144	0.00574	0.00383	0.00191	0.00479
13	0.00616	0.00458	0.00677	0.00677	0.00748	0.00530	0.00519	0.00759	0.00688	0.00989	0.01168	0.01770	0.01111	0.08877	0.77554	0.00673	0.01103	0.00473	0.00233	0.00376
14	0.01933	0.00733	0.01000	0.00766	0.01100	0.00633	0.00633	0.02099	0.01233	0.82473	0.01699	0.01466	0.01066	0.00533	0.00433	0.00133	0.00367	0.00433	0.00533	0.00733
15	0.87904	0.00833	0.00633	0.00566	0.00833	0.00966	0.00467	0.01266	0.00733	0.01933	0.00600	0.00700	0.00467	0.00400	0.00267	0.00133	0.00333	0.00233	0.00267	0.00467
16	0.00637	0.00448	0.00637	0.00651	0.00716	0.00491	0.00484	0.00758	0.00728	0.03082	0.01437	0.16444	0.01488	0.13552	0.53775	0.00538	0.00859	0.02627	0.00276	0.00371

[dist]
# distance from previous block
# <min> <max>
1	2

[block]
# block no. 5 follows, 61 sequences, length 8
# corresponding to MSA columns:
# 194-201
name=unknown_F
#
# <colnr> <probs for GDERKNQSTAVLIFYWHMCP>
#	G	D	E	R	K	N	Q	S	T	A	V	L	I	F	Y	W	H	M	C	P
0	0.01185	0.01290	0.01669	0.01259	0.01619	0.22072	0.32721	0.07602	0.01116	0.01407	0.00803	0.00982	0.00630	0.00384	0.00422	0.00114	0.00612	0.00373	0.00245	0.23495
1	0.00592	0.00417	0.00546	0.00625	0.00664	0.00404	0.00450	0.00685	0.00828	0.01095	0.02132	0.45512	0.02475	0.19129	0.00913	0.00233	0.00325	0.22263	0.00369	0.00344
2	0.01052	0.00860	0.00978	0.00713	0.01088	0.00737	0.00576	0.18084	0.01135	0.01683	0.00823	0.00923	0.00658	0.00361	0.00343	0.00078	0.00352	0.00284	0.00293	0.68979
3	0.01414	0.01120	0.01168	0.00908	0.01244	0.04958	0.00738	0.51249	0.10654	0.02255	0.01040	0.01056	0.00769	0.00479	0.00406	0.00116	0.00440	0.00366	0.00385	0.19232
4	0.01429	0.00867	0.04696	0.01026	0.01349	0.00761	0.17760	0.04024	0.04500	0.41726	0.01569	0.01970	0.01206	0.00609	0.00477	0.00148	0.00462	0.14367	0.00420	0.00635
5	0.01379	0.36471	0.06913	0.00926	0.01273	0.18924	0.00837	0.25614	0.01302	0.01564	0.00757	0.00828	0.00608	0.00433	0.00356	0.00110	0.00544	0.00294	0.00267	0.00602
6	0.00841	0.00662	0.00923	0.00839	0.01025	0.00655	0.09571	0.11285	0.04044	0.03411	0.02431	0.08650	0.20963	0.00959	0.00531	0.00166	0.00389	0.31802	0.00387	0.00468
7	0.00587	0.00401	0.00482	0.00521	0.00530	0.00391	0.00315	0.00616	0.00704	0.00938	0.01754	0.34705	0.02066	0.52293	0.01552	0.00323	0.00352	0.00860	0.00315	0.00296

[dist]
# distance from previous block
# <min> <max>
0	6

[block]
# block no. 6 follows, 61 sequences, length 7
# corresponding to MSA columns:
# 208-214
name=unknown_G
#
# <colnr> <probs for GDERKNQSTAVLIFYWHMCP>
#	G	D	E	R	K	N	Q	S	T	A	V	L	I	F	Y	W	H	M	C	P
0	0.87904	0.00833	0.00633	0.00566	0.00833	0.00966	0.00467	0.01266	0.00733	0.01933	0.00600	0.00700	0.00467	0.00400	0.00267	0.00133	0.00333	0.00233	0.00267	0.00467
1	0.00753	0.00601	0.00710	0.00589	0.00806	0.00490	0.00427	0.00874	0.00815	0.01204	0.01240	0.18613	0.01318	0.20967	0.00819	0.00172	0.00329	0.00545	0.00286	0.48441
2	0.22222	0.47445	0.01666	0.00748	0.01087	0.01450	0.00688	0.17665	0.01078	0.01586	0.00689	0.00764	0.00569	0.00407	0.00306	0.00110	0.00433	0.00264	0.00255	0.00569
3	0.49331	0.01060	0.00843	0.00727	0.01000	0.17827	0.00582	0.01561	0.00954	0.21220	0.00879	0.00901	0.00630	0.00441	0.00332	0.00129	0.00433	0.00291	0.00322	0.00538
4	0.49209	0.21186	0.01101	0.00649	0.00954	0.01076	0.00566	0.01444	0.00870	0.18316	0.00826	0.00856	0.00611	0.00420	0.00303	0.00123	0.00371	0.00274	0.00302	0.00542
5	0.22070	0.00754	0.00820	0.00755	0.00965	0.00806	0.00626	0.20527	0.01182	0.07461	0.01601	0.10400	0.03908	0.00801	0.00457	0.00157	0.00378	0.25432	0.00384	0.00514
6	0.27696	0.01011	0.00859	0.00811	0.01009	0.19366	0.02757	0.01348	0.10387	0.01471	0.01270	0.05586	0.01223	0.03872	0.00486	0.00158	0.00460	0.19445	0.00312	0.00472

[dist]
# distance from previous block
# <min> <max>
2	9

[block]
# block no. 7 follows, 61 sequences, length 38
# corresponding to MSA columns:
# 224-261
name=unknown_H
#
# <colnr> <probs for GDERKNQSTAVLIFYWHMCP>
#	G	D	E	R	K	N	Q	S	T	A	V	L	I	F	Y	W	H	M	C	P
0	0.05576	0.30452	0.01582	0.00935	0.01241	0.30960	0.02873	0.14758	0.03196	0.01397	0.00736	0.00820	0.00603	0.00426	0.00354	0.00109	0.00571	0.00288	0.00252	0.02868
1	0.01079	0.04110	0.17754	0.01101	0.01530	0.03089	0.19922	0.07654	0.05022	0.06676	0.00914	0.01034	0.00686	0.00395	0.00405	0.00114	0.00513	0.00361	0.00269	0.27372
2	0.01096	0.39327	0.33840	0.01002	0.01465	0.08252	0.03194	0.05031	0.00975	0.01244	0.00701	0.00813	0.00561	0.00398	0.00352	0.00114	0.00564	0.00284	0.00199	0.00590
3	0.01035	0.18871	0.22978	0.01402	0.01871	0.01206	0.39990	0.05092	0.01007	0.01363	0.00797	0.00993	0.00609	0.00383	0.00431	0.00131	0.00636	0.00396	0.00212	0.00597
4	0.00607	0.00444	0.00584	0.00651	0.00734	0.00423	0.00515	0.00755	0.00965	0.01264	0.12494	0.27848	0.13786	0.02386	0.00582	0.00179	0.00305	0.34695	0.00406	0.00378
5	0.00902	0.01017	0.17199	0.00819	0.01052	0.07698	0.00744	0.08386	0.03430	0.06658	0.01876	0.35541	0.08143	0.00903	0.00484	0.00152	0.00407	0.03742	0.00353	0.00493
6	0.08557	0.05663	0.11352	0.20263	0.01850	0.02786	0.13791	0.23196	0.01203	0.01687	0.00854	0.02483	0.00656	0.00462	0.00453	0.00137	0.03363	0.00388	0.00271	0.00585
7	0.00736	0.00515	0.00700	0.00777	0.00891	0.00513	0.00674	0.00963	0.03746	0.03777	0.02349	0.04609	0.06371	0.01144	0.00580	0.00192	0.00385	0.70261	0.00402	0.00415
8	0.00625	0.00448	0.00614	0.00711	0.00783	0.00437	0.00573	0.00775	0.00928	0.01214	0.02368	0.35106	0.04601	0.01248	0.00576	0.00188	0.00336	0.47691	0.00398	0.00378
9	0.01198	0.15435	0.33189	0.01029	0.01469	0.05626	0.01087	0.28368	0.01296	0.01736	0.00908	0.05091	0.00726	0.00488	0.00401	0.00127	0.00540	0.00371	0.00280	0.00634
10	0.01590	0.03399	0.01316	0.01098	0.01366	0.55571	0.05077	0.18616	0.01376	0.05448	0.00805	0.00885	0.00623	0.00458	0.00404	0.00117	0.00683	0.00320	0.00281	0.00566
11	0.00893	0.00766	0.00893	0.00638	0.01021	0.00574	0.00510	0.01085	0.00893	0.01404	0.00766	0.00893	0.00638	0.00319	0.00319	0.00064	0.00319	0.00255	0.00255	0.87495
12	0.11857	0.00556	0.00678	0.00676	0.00827	0.00550	0.02419	0.00979	0.03633	0.05474	0.13208	0.07368	0.18046	0.00963	0.00507	0.00164	0.00324	0.30948	0.00395	0.00429
13	0.00635	0.00434	0.00522	0.00533	0.00564	0.00429	0.00352	0.00696	0.00770	0.01036	0.12915	0.03209	0.02069	0.59279	0.01693	0.00342	0.00384	0.13522	0.00313	0.00304
14	0.01007	0.01142	0.02480	0.05867	0.02287	0.01083	0.76687	0.01366	0.01009	0.01366	0.00866	0.01161	0.00650	0.00366	0.00505	0.00145	0.00719	0.00502	0.00217	0.00576
15	0.01197	0.01677	0.39352	0.01207	0.01699	0.01148	0.11409	0.33579	0.01376	0.01914	0.00892	0.00992	0.00635	0.00447	0.00431	0.00135	0.00582	0.00371	0.00288	0.00668
16	0.04154	0.01163	0.02137	0.01549	0.01954	0.01152	0.56199	0.22931	0.01281	0.01761	0.00906	0.01111	0.00669	0.00406	0.00479	0.00140	0.00644	0.00466	0.00277	0.00618
17	0.00670	0.00482	0.00664	0.00756	0.00851	0.00476	0.00647	0.00854	0.00983	0.01279	0.04458	0.11789	0.05515	0.01192	0.00586	0.00193	0.00372	0.67443	0.00399	0.00392
18	0.01416	0.01755	0.05339	0.13776	0.01664	0.56150	0.05831	0.06742	0.01190	0.01205	0.00723	0.00881	0.00575	0.00440	0.00406	0.00121	0.00716	0.00317	0.00229	0.00523
19	0.01322	0.01523	0.36883	0.01117	0.01593	0.02779	0.09674	0.11829	0.01170	0.26210	0.01097	0.01119	0.00740	0.00457	0.00430	0.00135	0.00546	0.00382	0.00326	0.00669
20	0.00674	0.00482	0.00671	0.00767	0.00858	0.00478	0.00656	0.00859	0.00979	0.01279	0.04151	0.13374	0.02556	0.01200	0.00588	0.00194	0.00376	0.69068	0.00399	0.00392
21	0.00535	0.00382	0.00509	0.00607	0.00635	0.00358	0.00412	0.00615	0.00829	0.01104	0.02351	0.79088	0.02807	0.02882	0.00582	0.00181	0.00260	0.05115	0.00397	0.00351
22	0.03737	0.01097	0.01310	0.07505	0.01467	0.02978	0.07495	0.54683	0.01677	0.06266	0.01103	0.06709	0.00862	0.00550	0.00440	0.00135	0.00485	0.00450	0.00388	0.00662
23	0.01507	0.20566	0.01452	0.01027	0.01281	0.64985	0.00811	0.01624	0.01144	0.01045	0.00651	0.00758	0.00554	0.00427	0.00363	0.00107	0.00706	0.00267	0.00214	0.00511
24	0.00893	0.00766	0.00893	0.00638	0.01021	0.00574	0.00510	0.01085	0.00893	0.01404	0.00766	0.00893	0.00638	0.00319	0.00319	0.00064	0.00319	0.00255	0.00255	0.87495
25	0.01053	0.01209	0.04950	0.05831	0.02198	0.03912	0.67413	0.05297	0.01062	0.01420	0.00864	0.01134	0.00647	0.00378	0.00493	0.00143	0.00705	0.00482	0.00226	0.00582
26	0.00686	0.00492	0.00682	0.00772	0.00872	0.00488	0.00671	0.00882	0.01004	0.01310	0.06579	0.04756	0.04291	0.01171	0.00588	0.00194	0.00382	0.73383	0.00401	0.00396
27	0.00546	0.00407	0.00508	0.00552	0.00625	0.00370	0.00391	0.00663	0.00962	0.01275	0.22720	0.44540	0.21012	0.01171	0.00531	0.00159	0.00234	0.02548	0.00418	0.00368
28	0.01121	0.76209	0.10898	0.00790	0.01187	0.01629	0.00829	0.01298	0.00879	0.01051	0.00618	0.00714	0.00552	0.00373	0.00291	0.00097	0.00480	0.00240	0.00184	0.00562
29	0.00634	0.00441	0.00562	0.00577	0.00613	0.00461	0.00400	0.00704	0.00699	0.00948	0.01445	0.02836	0.01578	0.50724	0.23129	0.00456	0.00607	0.12598	0.00274	0.00314
30	0.00620	0.00447	0.00602	0.00687	0.00763	0.00432	0.00550	0.00768	0.00941	0.01233	0.06576	0.31370	0.07908	0.02568	0.00595	0.00187	0.00326	0.42649	0.00400	0.00377
31	0.00585	0.00452	0.00466	0.00454	0.00609	0.00378	0.00344	0.00697	0.00995	0.05504	0.04221	0.04002	0.77679	0.01061	0.00505	0.00145	0.00226	0.00884	0.00407	0.00383
32	0.01238	0.05694	0.08808	0.01443	0.01823	0.25793	0.41656	0.01515	0.01074	0.05591	0.00832	0.01017	0.00632	0.00401	0.00448	0.00131	0.00701	0.00405	0.00231	0.00568
33	0.01205	0.01150	0.02097	0.01524	0.01922	0.01138	0.53660	0.25020	0.01316	0.03073	0.00969	0.03094	0.00735	0.00435	0.00485	0.00141	0.00634	0.00488	0.00291	0.00623
34	0.01587	0.01703	0.01251	0.01069	0.01323	0.50538	0.00833	0.29357	0.01475	0.01635	0.00790	0.00875	0.00618	0.00484	0.00453	0.00121	0.04694	0.00321	0.00294	0.00580
35	0.00893	0.00766	0.00893	0.00638	0.01021	0.00574	0.00510	0.01085	0.00893	0.01404	0.00766	0.00893	0.00638	0.00319	0.00319	0.00064	0.00319	0.00255	0.00255	0.87495
36	0.01015	0.01149	0.02355	0.01705	0.02096	0.03580	0.70386	0.01348	0.01009	0.01362	0.03866	0.01214	0.00772	0.00408	0.00559	0.00146	0.05733	0.00503	0.00226	0.00565
37	0.00529	0.00376	0.00499	0.00595	0.00619	0.00352	0.00395	0.00601	0.00817	0.01090	0.02336	0.81535	0.02801	0.04460	0.00611	0.00184	0.00256	0.01202	0.00395	0.00347

[dist]
# distance from previous block
# <min> <max>
0	3

[block]
# block no. 8 follows, 61 sequences, length 9
# corresponding to MSA columns:
# 265,270-277
name=unknown_I
#
# <colnr> <probs for GDERKNQSTAVLIFYWHMCP>
#	G	D	E	R	K	N	Q	S	T	A	V	L	I	F	Y	W	H	M	C	P
0	0.87904	0.00833	0.00633	0.00566	0.00833	0.00966	0.00467	0.01266	0.00733	0.01933	0.00600	0.00700	0.00467	0.00400	0.00267	0.00133	0.00333	0.00233	0.00267	0.00467
1	0.00893	0.00766	0.00893	0.00638	0.01021	0.00574	0.00510	0.01085	0.00893	0.01404	0.00766	0.00893	0.00638	0.00319	0.00319	0.00064	0.00319	0.00255	0.00255	0.87495
2	0.01070	0.01147	0.08009	0.08011	0.02076	0.01026	0.54550	0.05901	0.01061	0.07041	0.00966	0.01264	0.00730	0.00483	0.02504	0.00157	0.00670	0.02494	0.00252	0.00587
3	0.04274	0.00654	0.00857	0.00688	0.00955	0.00578	0.00554	0.01696	0.01175	0.57547	0.15215	0.01982	0.07669	0.03528	0.00507	0.00144	0.00329	0.00527	0.00496	0.00626
4	0.00813	0.00766	0.01292	0.83826	0.02967	0.00957	0.01196	0.01101	0.00861	0.01101	0.00766	0.01148	0.00574	0.00431	0.00431	0.00144	0.00574	0.00383	0.00191	0.00479
5	0.01109	0.05064	0.24653	0.01396	0.01859	0.01069	0.37412	0.07473	0.05720	0.08526	0.00967	0.01113	0.00699	0.00415	0.00454	0.00138	0.00617	0.00426	0.00263	0.00626
6	0.00650	0.00467	0.00641	0.00731	0.00818	0.00458	0.00610	0.00821	0.00967	0.01265	0.05637	0.20744	0.05460	0.01206	0.00579	0.00189	0.00353	0.57616	0.00401	0.00386
7	0.00551	0.00396	0.00513	0.00596	0.00635	0.00373	0.00412	0.00635	0.00835	0.01099	0.02417	0.62203	0.08657	0.09335	0.00709	0.00199	0.00279	0.09422	0.00386	0.00347
8	0.01034	0.01134	0.02357	0.05082	0.02183	0.01092	0.69948	0.04269	0.05627	0.01440	0.00923	0.01182	0.00691	0.00384	0.00498	0.00145	0.00689	0.00498	0.00237	0.00588

[dist]
# distance from previous block
# <min> <max>
0	1

[block]
# block no. 9 follows, 61 sequences, length 24
# corresponding to MSA columns:
# 279-302
name=unknown_J
#
# <colnr> <probs for GDERKNQSTAVLIFYWHMCP>
#	G	D	E	R	K	N	Q	S	T	A	V	L	I	F	Y	W	H	M	C	P
0	0.00934	0.15060	0.08529	0.00708	0.01111	0.00803	0.00646	0.01144	0.00892	0.01335	0.00738	0.00861	0.00615	0.00335	0.00320	0.00075	0.00372	0.00257	0.00237	0.65028
1	0.00709	0.00559	0.00859	0.00807	0.00917	0.00563	0.10518	0.00888	0.03235	0.01138	0.01680	0.06741	0.01787	0.25992	0.11399	0.00316	0.00531	0.30663	0.00315	0.00385
2	0.00627	0.00421	0.00482	0.00482	0.00492	0.00419	0.00281	0.00646	0.00677	0.00909	0.07078	0.02894	0.01764	0.77001	0.02037	0.00393	0.00402	0.02444	0.00279	0.00274
3	0.00824	0.00776	0.01311	0.80452	0.06259	0.00960	0.01202	0.01110	0.00866	0.01113	0.00767	0.01145	0.00579	0.00429	0.00430	0.00143	0.00572	0.00383	0.00192	0.00487
4	0.01103	0.03954	0.09421	0.01616	0.02033	0.14371	0.58269	0.01431	0.01036	0.01315	0.00821	0.01063	0.00625	0.00380	0.00473	0.00137	0.00718	0.00446	0.00214	0.00572
5	0.00694	0.00496	0.00694	0.00793	0.00892	0.00496	0.00694	0.00892	0.00992	0.01289	0.02281	0.04859	0.02479	0.01190	0.00595	0.00198	0.00397	0.79275	0.00397	0.00397
6	0.00607	0.00438	0.00586	0.00676	0.00743	0.00422	0.00529	0.00740	0.00907	0.01185	0.02431	0.38800	0.07987	0.04040	0.00623	0.00192	0.00323	0.38008	0.00394	0.00370
7	0.01243	0.00985	0.01052	0.00894	0.01164	0.01111	0.00709	0.26904	0.50781	0.03909	0.01588	0.03989	0.02513	0.00594	0.00440	0.00141	0.00379	0.00484	0.00436	0.00684
8	0.01578	0.07635	0.01290	0.01085	0.01316	0.77661	0.00826	0.01691	0.01197	0.01051	0.00661	0.00771	0.00555	0.00439	0.00381	0.00110	0.00756	0.00274	0.00219	0.00503
9	0.00893	0.00766	0.00893	0.00638	0.01021	0.00574	0.00510	0.01085	0.00893	0.01404	0.00766	0.00893	0.00638	0.00319	0.00319	0.00064	0.00319	0.00255	0.00255	0.87495
10	0.01000	0.21138	0.31471	0.04310	0.01850	0.01188	0.29082	0.01355	0.00943	0.02608	0.00782	0.00965	0.00595	0.00386	0.00414	0.00129	0.00620	0.00369	0.00201	0.00593
11	0.00857	0.00577	0.00757	0.00792	0.00931	0.00586	0.00673	0.02975	0.10342	0.08260	0.04464	0.06478	0.02242	0.01045	0.00555	0.00183	0.00379	0.57023	0.00416	0.00465
12	0.00606	0.00459	0.00577	0.00637	0.00744	0.00429	0.00521	0.00758	0.00974	0.01234	0.05290	0.14309	0.30433	0.01166	0.00557	0.00175	0.00311	0.40039	0.00400	0.00380
13	0.00813	0.00766	0.01292	0.83826	0.02967	0.00957	0.01196	0.01101	0.00861	0.01101	0.00766	0.01148	0.00574	0.00431	0.00431	0.00144	0.00574	0.00383	0.00191	0.00479
14	0.05725	0.01192	0.04808	0.01390	0.01768	0.04311	0.41544	0.24310	0.03041	0.01786	0.00985	0.01277	0.00768	0.00462	0.00468	0.00141	0.00606	0.04512	0.00295	0.00610
15	0.01064	0.00742	0.00903	0.00846	0.01039	0.00779	0.00719	0.27689	0.01360	0.05550	0.05605	0.03343	0.01904	0.00919	0.00528	0.00169	0.00412	0.45483	0.00418	0.00525
16	0.00805	0.00589	0.00790	0.04902	0.01044	0.00612	0.00733	0.09831	0.01101	0.01439	0.02067	0.04249	0.02190	0.01077	0.00569	0.00188	0.00414	0.66571	0.00390	0.00438
17	0.01071	0.06161	0.19691	0.06362	0.02006	0.07017	0.42157	0.07669	0.01071	0.01422	0.00827	0.01042	0.00619	0.00395	0.00454	0.00137	0.00666	0.00418	0.00224	0.00592
18	0.00656	0.00462	0.00616	0.00693	0.00759	0.00458	0.00555	0.00792	0.00885	0.01159	0.02080	0.15060	0.02318	0.20536	0.00958	0.00246	0.00382	0.50662	0.00366	0.00359
19	0.15580	0.00997	0.01496	0.05875	0.01573	0.02814	0.26729	0.13809	0.06127	0.16050	0.01094	0.01272	0.00809	0.00472	0.00435	0.00140	0.00515	0.03277	0.00333	0.00604
20	0.05397	0.02134	0.01311	0.41891	0.02141	0.14143	0.06440	0.10681	0.01062	0.01357	0.00845	0.01216	0.00682	0.00480	0.00455	0.00138	0.03111	0.04163	0.00241	0.02110
21	0.13442	0.04809	0.00970	0.03577	0.01096	0.03415	0.03534	0.08569	0.01093	0.16922	0.02697	0.04803	0.01513	0.00773	0.00470	0.00157	0.00415	0.30846	0.00379	0.00520
22	0.10723	0.00643	0.00816	0.00786	0.00932	0.03481	0.06078	0.02626	0.00954	0.05648	0.04890	0.06376	0.01888	0.13430	0.00765	0.00209	0.00415	0.38563	0.00354	0.00424
23	0.56911	0.02764	0.00908	0.00748	0.01022	0.11160	0.05584	0.03694	0.00908	0.08102	0.02575	0.00949	0.00667	0.00443	0.00327	0.00132	0.00421	0.01891	0.00289	0.00506

[dist]
# distance from previous block
# <min> <max>
1	21

[block]
# block no. 10 follows, 61 sequences, length 21
# corresponding to MSA columns:
# 325-345
name=unknown_K
#
# <colnr> <probs for GDERKNQSTAVLIFYWHMCP>
#	G	D	E	R	K	N	Q	S	T	A	V	L	I	F	Y	W	H	M	C	P
0	0.22372	0.12653	0.04378	0.00834	0.01172	0.04125	0.06990	0.05403	0.04267	0.26357	0.01046	0.01047	0.00742	0.00443	0.00367	0.00123	0.00427	0.00340	0.00342	0.06572
1	0.09127	0.05271	0.01077	0.00805	0.01118	0.07127	0.02049	0.07874	0.10168	0.39624	0.03170	0.01275	0.00975	0.00497	0.00401	0.00125	0.00404	0.00390	0.00419	0.08105
2	0.05832	0.03118	0.01253	0.00980	0.01287	0.18045	0.05145	0.37709	0.06226	0.08734	0.01013	0.01075	0.00755	0.02718	0.00457	0.00132	0.00518	0.00371	0.00360	0.04272
3	0.05373	0.06846	0.01158	0.00831	0.01160	0.03257	0.00690	0.27817	0.04430	0.35922	0.01327	0.01240	0.02333	0.00509	0.00408	0.00125	0.00412	0.00392	0.00434	0.05336
4	0.00626	0.00418	0.00470	0.00470	0.00470	0.00418	0.00261	0.00626	0.00626	0.00835	0.01357	0.02819	0.01566	0.84862	0.02192	0.00418	0.00418	0.00626	0.00261	0.00261
5	0.00928	0.00765	0.00897	0.00642	0.01023	0.00576	0.00514	0.01118	0.00904	0.04089	0.00797	0.00912	0.00652	0.00326	0.00323	0.00066	0.00321	0.00261	0.00264	0.84621
6	0.01847	0.00831	0.04082	0.00804	0.01147	0.00713	0.00685	0.08148	0.03412	0.71131	0.01615	0.01416	0.01028	0.00529	0.00432	0.00133	0.00384	0.00427	0.00510	0.00728
7	0.00893	0.00766	0.00893	0.00638	0.01021	0.00574	0.00510	0.01085	0.00893	0.01404	0.00766	0.00893	0.00638	0.00319	0.00319	0.00064	0.00319	0.00255	0.00255	0.87495
8	0.87904	0.00833	0.00633	0.00566	0.00833	0.00966	0.00467	0.01266	0.00733	0.01933	0.00600	0.00700	0.00467	0.00400	0.00267	0.00133	0.00333	0.00233	0.00267	0.00467
9	0.10789	0.04687	0.08673	0.03967	0.01255	0.06897	0.00772	0.17153	0.08035	0.25942	0.02985	0.03026	0.00927	0.00512	0.00405	0.00130	0.00441	0.00396	0.00383	0.02626
10	0.03768	0.09286	0.02657	0.00895	0.01192	0.26115	0.00727	0.08158	0.14824	0.17191	0.01086	0.01077	0.00804	0.00468	0.00388	0.00117	0.00504	0.00345	0.00337	0.10061
11	0.08062	0.10655	0.04777	0.00794	0.01136	0.06130	0.00680	0.11374	0.12885	0.11505	0.01020	0.01040	0.00769	0.00433	0.00364	0.00107	0.00408	0.00327	0.00325	0.27208
12	0.05322	0.05426	0.02612	0.00906	0.01201	0.05812	0.06147	0.06612	0.40045	0.11137	0.01427	0.01372	0.02632	0.00518	0.00415	0.00132	0.00411	0.00427	0.00381	0.07066
13	0.03915	0.09317	0.09857	0.00892	0.01190	0.07388	0.04977	0.09628	0.18342	0.11849	0.10525	0.04979	0.02942	0.01744	0.00451	0.00137	0.00434	0.00478	0.00363	0.00592
14	0.15957	0.11452	0.15371	0.00896	0.01254	0.07838	0.02248	0.09861	0.15056	0.12514	0.01037	0.01050	0.00761	0.00461	0.00377	0.00127	0.00465	0.00344	0.00320	0.02610
15	0.19904	0.04050	0.06452	0.02507	0.01208	0.09728	0.02102	0.16267	0.16756	0.09975	0.03061	0.01123	0.00859	0.00484	0.00385	0.00129	0.00443	0.00363	0.00346	0.03855
16	0.12060	0.06701	0.05410	0.00874	0.01192	0.12568	0.00740	0.20103	0.16572	0.10584	0.01073	0.01072	0.00792	0.00474	0.00385	0.00123	0.00456	0.00352	0.00349	0.08118
17	0.04428	0.09322	0.12685	0.04161	0.01434	0.13065	0.05869	0.20848	0.11420	0.11050	0.01035	0.01069	0.00755	0.00471	0.00407	0.00128	0.00525	0.00367	0.00327	0.00633
18	0.04493	0.06849	0.09008	0.00976	0.01314	0.07118	0.06771	0.16368	0.25110	0.13799	0.01232	0.01209	0.00895	0.00494	0.00415	0.00132	0.00466	0.00399	0.00367	0.02587
19	0.11256	0.11980	0.02880	0.02945	0.01251	0.10490	0.04660	0.14799	0.18625	0.07121	0.01041	0.01069	0.00787	0.00461	0.00382	0.00122	0.00458	0.00353	0.00326	0.08995
20	0.05383	0.09555	0.05961	0.02225	0.01268	0.13963	0.02916	0.14419	0.16584	0.18292	0.01153	0.01135	0.00835	0.00482	0.00400	0.00125	0.00478	0.00370	0.00357	0.04099

[dist]
# distance from previous block
# <min> <max>
2	27

[block]
# block no. 11 follows, 61 sequences, length 6
# corresponding to MSA columns:
# 373-378
name=unknown_L
#
# <colnr> <probs for GDERKNQSTAVLIFYWHMCP>
#	G	D	E	R	K	N	Q	S	T	A	V	L	I	F	Y	W	H	M	C	P
0	0.08809	0.01278	0.05348	0.00985	0.01301	0.19801	0.06612	0.17671	0.13706	0.14814	0.01095	0.01102	0.00794	0.00478	0.00408	0.00127	0.00513	0.00372	0.00351	0.04433
