[name]
unknown

[dist]
# distance from previous block
# <min> <max>
3	122

[block]
# block no. 0 follows, 65 sequences, length 13
# corresponding to MSA columns:
# 156-168
name=unknown_A
#
# <colnr> <probs for GDERKNQSTAVLIFYWHMCP>
#	G	D	E	R	K	N	Q	S	T	A	V	L	I	F	Y	W	H	M	C	P
0	0.14294	0.28208	0.21001	0.00919	0.03236	0.04266	0.03522	0.10807	0.00967	0.01412	0.01849	0.00824	0.00589	0.00406	0.00374	0.00115	0.04006	0.00285	0.00224	0.02695
1	0.02526	0.14314	0.18457	0.00909	0.01256	0.01046	0.04275	0.24705	0.03171	0.09563	0.00969	0.02174	0.00748	0.00846	0.13023	0.00202	0.00572	0.00363	0.00294	0.00586
2	0.06766	0.21426	0.17701	0.13605	0.03010	0.01184	0.03733	0.22567	0.02186	0.01571	0.02144	0.00927	0.00640	0.00418	0.00365	0.00119	0.00488	0.00322	0.00253	0.00574
3	0.01124	0.49363	0.06356	0.01058	0.13520	0.08070	0.00842	0.07714	0.00965	0.01193	0.01918	0.00805	0.00612	0.00390	0.00348	0.00102	0.02936	0.00275	0.00207	0.02203
4	0.05044	0.61624	0.07380	0.00806	0.01150	0.13984	0.02773	0.01297	0.00883	0.01042	0.00598	0.00696	0.00525	0.00366	0.00293	0.00096	0.00497	0.00239	0.00185	0.00521
5	0.12554	0.16126	0.36273	0.00888	0.01290	0.00993	0.00985	0.05375	0.00882	0.06573	0.00810	0.00957	0.00629	0.00802	0.12993	0.00202	0.00589	0.00309	0.00225	0.00546
6	0.13864	0.00463	0.00549	0.00602	0.00681	0.00475	0.00453	0.00750	0.00788	0.01182	0.01851	0.36807	0.03666	0.10233	0.05547	0.00219	0.00352	0.20825	0.00337	0.00355
7	0.08275	0.06973	0.06433	0.02613	0.13029	0.02168	0.01934	0.32596	0.01256	0.05958	0.00943	0.01212	0.00778	0.13316	0.00640	0.00163	0.00451	0.00379	0.00307	0.00575
8	0.06798	0.01017	0.03582	0.04132	0.20077	0.03080	0.00855	0.22898	0.25605	0.06056	0.01124	0.01152	0.00839	0.00469	0.00400	0.00128	0.00423	0.00385	0.00340	0.00640
9	0.13814	0.00449	0.00487	0.00525	0.00626	0.00435	0.00383	0.00692	0.00837	0.01210	0.04363	0.40517	0.28059	0.01053	0.00472	0.00152	0.00247	0.04960	0.00363	0.00358
10	0.01435	0.01102	0.01273	0.01174	0.13622	0.01208	0.00842	0.63141	0.08192	0.02329	0.01008	0.01034	0.00735	0.00479	0.00411	0.00124	0.00447	0.00377	0.00380	0.00687
11	0.00589	0.00402	0.00482	0.00488	0.00500	0.00411	0.00297	0.00616	0.00619	0.00836	0.01326	0.07809	0.01500	0.67702	0.14373	0.00423	0.00494	0.00610	0.00253	0.00272
12	0.75148	0.08117	0.00771	0.00579	0.00844	0.02627	0.00486	0.03430	0.00763	0.03403	0.00605	0.00691	0.00472	0.00385	0.00265	0.00123	0.00341	0.00231	0.00256	0.00464

[dist]
# distance from previous block
# <min> <max>
0	3

[block]
# block no. 1 follows, 65 sequences, length 10
# corresponding to MSA columns:
# 172-181
name=unknown_B
#
# <colnr> <probs for GDERKNQSTAVLIFYWHMCP>
#	G	D	E	R	K	N	Q	S	T	A	V	L	I	F	Y	W	H	M	C	P
0	0.01656	0.01025	0.01074	0.00852	0.01155	0.11379	0.00691	0.29515	0.06344	0.40052	0.01279	0.01180	0.00859	0.00495	0.00407	0.00124	0.00433	0.00382	0.00431	0.00667
1	0.00499	0.00363	0.00470	0.00556	0.00591	0.00335	0.00374	0.00573	0.00801	0.01054	0.02451	0.77220	0.10679	0.01262	0.00520	0.00164	0.00235	0.01137	0.00381	0.00335
2	0.01202	0.01267	0.01378	0.13404	0.34803	0.27285	0.01026	0.09681	0.03642	0.01334	0.00773	0.00953	0.00621	0.00409	0.00396	0.00120	0.00567	0.00337	0.00231	0.00573
3	0.01141	0.04702	0.01412	0.08374	0.29184	0.07661	0.06214	0.13644	0.06008	0.05430	0.00875	0.01015	0.00681	0.00402	0.00391	0.00115	0.00479	0.00352	0.00266	0.11656
4	0.01737	0.00734	0.01043	0.00956	0.11395	0.00650	0.00686	0.01907	0.01145	0.72952	0.01512	0.01349	0.00970	0.00490	0.00412	0.00126	0.00367	0.00407	0.00470	0.00692
5	0.01058	0.11735	0.14453	0.01510	0.12040	0.04211	0.38908	0.04405	0.00987	0.05546	0.00816	0.01000	0.00618	0.00373	0.00422	0.00126	0.00597	0.00393	0.00221	0.00581
6	0.01246	0.13904	0.08285	0.05175	0.12772	0.18375	0.06195	0.07433	0.05310	0.12829	0.03962	0.01057	0.00796	0.00435	0.00386	0.00118	0.00518	0.00351	0.00276	0.00576
7	0.01014	0.06985	0.03683	0.04904	0.26559	0.03687	0.11086	0.11359	0.04229	0.03233	0.04136	0.03684	0.06143	0.00538	0.00429	0.00131	0.00467	0.06889	0.00280	0.00563
8	0.00542	0.00392	0.00500	0.00564	0.00612	0.00374	0.00400	0.00628	0.00795	0.01041	0.02296	0.45884	0.12843	0.14359	0.04317	0.00223	0.00317	0.13226	0.00353	0.00330
9	0.00937	0.20025	0.14845	0.06684	0.05016	0.03167	0.09908	0.05641	0.00906	0.01218	0.04313	0.04506	0.00873	0.00626	0.03990	0.00154	0.13117	0.03336	0.00224	0.00514

[dist]
# distance from previous block
# <min> <max>
3	78

[block]
# block no. 2 follows, 65 sequences, length 6
# corresponding to MSA columns:
# 276-281
name=unknown_C
#
# <colnr> <probs for GDERKNQSTAVLIFYWHMCP>
#	G	D	E	R	K	N	Q	S	T	A	V	L	I	F	Y	W	H	M	C	P
0	0.07901	0.06131	0.11143	0.00869	0.01198	0.01113	0.00785	0.51065	0.01514	0.02094	0.01205	0.04932	0.07170	0.00542	0.00398	0.00125	0.00431	0.00416	0.00352	0.00614
1	0.08758	0.38800	0.10695	0.00868	0.01235	0.01351	0.05041	0.25939	0.01170	0.01595	0.00730	0.00806	0.00577	0.00401	0.00333	0.00109	0.00464	0.00289	0.00256	0.00582
2	0.12026	0.16433	0.19058	0.00907	0.01265	0.02853	0.00880	0.21713	0.01183	0.07664	0.03313	0.01149	0.00817	0.00508	0.00428	0.00134	0.03623	0.02914	0.00309	0.02824
3	0.04998	0.24689	0.22229	0.01069	0.08054	0.05523	0.07529	0.06212	0.00952	0.03662	0.00728	0.00846	0.00574	0.00374	0.00349	0.00108	0.00498	0.00294	0.00217	0.11093
4	0.26619	0.09060	0.19852	0.00738	0.01102	0.00877	0.00741	0.05261	0.00891	0.04835	0.03922	0.01004	0.03567	0.00415	0.00328	0.00110	0.00392	0.00303	0.00256	0.19729
5	0.43469	0.06411	0.16736	0.03550	0.01200	0.00944	0.06378	0.01360	0.03721	0.11629	0.00794	0.00870	0.00579	0.00401	0.00327	0.00127	0.00418	0.00293	0.00265	0.00527

[dist]
# distance from previous block
# <min> <max>
6	28

[block]
# block no. 3 follows, 65 sequences, length 20
# corresponding to MSA columns:
# 310-323,325-330
name=unknown_D
#
# <colnr> <probs for GDERKNQSTAVLIFYWHMCP>
#	G	D	E	R	K	N	Q	S	T	A	V	L	I	F	Y	W	H	M	C	P
0	0.09171	0.03211	0.02516	0.04371	0.27771	0.10773	0.11100	0.12182	0.05542	0.01499	0.00871	0.01037	0.01916	0.01472	0.00424	0.00125	0.01411	0.00363	0.00252	0.03992
1	0.03068	0.00939	0.01451	0.09850	0.55046	0.02968	0.01098	0.04917	0.03636	0.06045	0.02405	0.01127	0.00756	0.00418	0.00427	0.00126	0.02370	0.01415	0.00243	0.01694
2	0.07418	0.00953	0.01523	0.08337	0.61413	0.00993	0.02657	0.05939	0.02210	0.01425	0.00776	0.01001	0.00636	0.00389	0.00421	0.00125	0.02587	0.00359	0.00220	0.00617
3	0.04320	0.00857	0.01398	0.31480	0.44172	0.00926	0.01125	0.01227	0.03298	0.04519	0.00870	0.01113	0.02107	0.00406	0.00404	0.00128	0.00487	0.00374	0.00219	0.00570
4	0.10322	0.01160	0.01181	0.07215	0.07867	0.17314	0.00831	0.27083	0.01200	0.01628	0.00766	0.02289	0.00624	0.00512	0.00584	0.00134	0.18125	0.00344	0.00273	0.00549
5	0.01087	0.01030	0.01606	0.02315	0.72165	0.04196	0.01197	0.08848	0.01037	0.01445	0.00787	0.01002	0.00650	0.00380	0.00405	0.00121	0.00494	0.00362	0.00223	0.00648
6	0.00898	0.00898	0.01257	0.01078	0.01078	0.01257	0.00898	0.00988	0.00629	0.00988	0.00539	0.00898	0.00539	0.00718	0.01347	0.00180	0.84823	0.00359	0.00180	0.00449
7	0.01798	0.00718	0.00972	0.03261	0.01111	0.00640	0.00627	0.05236	0.01195	0.77516	0.01567	0.01371	0.00989	0.00504	0.00413	0.00127	0.00359	0.00410	0.00494	0.00691
8	0.00851	0.00730	0.00851	0.00608	0.00973	0.00547	0.00486	0.01034	0.00851	0.01338	0.00730	0.00851	0.00608	0.00304	0.00304	0.00061	0.00304	0.00243	0.00243	0.88083
9	0.01286	0.00871	0.01068	0.05586	0.09678	0.00927	0.00739	0.21120	0.25331	0.20230	0.05674	0.01432	0.03119	0.00529	0.00418	0.00130	0.00380	0.00439	0.00402	0.00641
10	0.00816	0.01936	0.71829	0.01169	0.01730	0.00923	0.07756	0.01260	0.00884	0.01301	0.02687	0.01060	0.03976	0.00423	0.00403	0.00131	0.00588	0.00350	0.00191	0.00587
11	0.01247	0.01063	0.04815	0.01216	0.03953	0.02113	0.26615	0.25293	0.06779	0.12273	0.03459	0.01163	0.00825	0.00470	0.00505	0.00134	0.06715	0.00425	0.00325	0.00613
12	0.01560	0.01150	0.01232	0.00944	0.01273	0.01273	0.00780	0.81645	0.01930	0.02587	0.00986	0.00986	0.00698	0.00493	0.00411	0.00123	0.00452	0.00370	0.00411	0.00698
13	0.01453	0.00955	0.01062	0.00836	0.01125	0.01017	0.00679	0.52172	0.05748	0.17593	0.01389	0.03252	0.06252	0.03932	0.00486	0.00138	0.00403	0.00442	0.00420	0.00647
14	0.00982	0.00934	0.01589	0.04470	0.75592	0.00943	0.01208	0.01220	0.00914	0.01308	0.00793	0.01057	0.00672	0.00545	0.05886	0.00158	0.00529	0.00371	0.00204	0.00627
15	0.00939	0.00891	0.01479	0.28669	0.51981	0.00958	0.01181	0.01253	0.06233	0.01272	0.00817	0.01075	0.00657	0.00393	0.00408	0.00128	0.00496	0.00372	0.00211	0.00588
16	0.00886	0.00775	0.01133	0.28850	0.16961	0.00750	0.00852	0.01110	0.00866	0.03695	0.00764	0.00979	0.00608	0.00357	0.00362	0.00099	0.00421	0.00312	0.00223	0.39997
17	0.00696	0.00461	0.00596	0.00539	0.00670	0.00413	0.00409	0.00881	0.01128	0.08200	0.66847	0.04842	0.05418	0.00793	0.00468	0.00126	0.00215	0.00697	0.00439	0.06162
18	0.03690	0.01006	0.01150	0.08747	0.02878	0.01082	0.00761	0.51488	0.01512	0.02092	0.00879	0.00958	0.00652	0.00452	0.00423	0.00115	0.03780	0.00340	0.00339	0.17656
19	0.00873	0.00798	0.01296	0.34709	0.34814	0.00876	0.01051	0.02679	0.04229	0.01259	0.07775	0.01309	0.00942	0.03730	0.00499	0.01518	0.00473	0.00410	0.00230	0.00529

[dist]
# distance from previous block
# <min> <max>
0	2

[block]
# block no. 4 follows, 65 sequences, length 9
# corresponding to MSA columns:
# 333-341
name=unknown_E
#
# <colnr> <probs for GDERKNQSTAVLIFYWHMCP>
#	G	D	E	R	K	N	Q	S	T	A	V	L	I	F	Y	W	H	M	C	P
0	0.00524	0.00419	0.00471	0.00466	0.00585	0.00370	0.00351	0.00654	0.00977	0.01243	0.24968	0.03613	0.53322	0.03406	0.03763	0.00165	0.00250	0.03708	0.00390	0.00357
1	0.00775	0.00730	0.01231	0.84587	0.02827	0.00912	0.01140	0.01049	0.00821	0.01049	0.00730	0.01094	0.00547	0.00410	0.00410	0.00137	0.00547	0.00365	0.00182	0.00456
2	0.11411	0.14665	0.18274	0.02781	0.14645	0.12110	0.13778	0.01321	0.00913	0.02964	0.00716	0.00870	0.00564	0.00377	0.00367	0.00118	0.00543	0.00316	0.00208	0.03058
3	0.00534	0.00446	0.00480	0.00461	0.00611	0.00370	0.00344	0.00646	0.00916	0.01148	0.06394	0.13403	0.60525	0.00975	0.00468	0.00132	0.00222	0.00824	0.00367	0.10732
4	0.03388	0.02842	0.03188	0.03036	0.01113	0.00709	0.02217	0.10946	0.01022	0.12296	0.00872	0.00942	0.00663	0.00363	0.00338	0.00085	0.00354	0.00290	0.00293	0.55044
5	0.67638	0.11079	0.00832	0.00582	0.00855	0.00968	0.00495	0.01303	0.00771	0.11377	0.00695	0.00752	0.00522	0.00392	0.00274	0.00122	0.00336	0.00244	0.00275	0.00485
6	0.00548	0.00576	0.10304	0.00630	0.00736	0.00414	0.00514	0.00683	0.00846	0.01152	0.11902	0.62473	0.05431	0.01117	0.00502	0.00157	0.00275	0.01003	0.00365	0.00373
7	0.00922	0.08850	0.22402	0.01010	0.08619	0.05143	0.00890	0.05060	0.14601	0.01414	0.11799	0.06253	0.01244	0.00532	0.00422	0.00123	0.02522	0.00435	0.00285	0.07475
8	0.02811	0.08185	0.03342	0.00837	0.01094	0.11257	0.01877	0.22718	0.21360	0.04189	0.04982	0.03584	0.07063	0.00620	0.01863	0.00136	0.00432	0.02725	0.00353	0.00571

[dist]
# distance from previous block
# <min> <max>
0	16

[block]
# block no. 5 follows, 65 sequences, length 16
# corresponding to MSA columns:
# 358-361,364-375
name=unknown_F
#
# <colnr> <probs for GDERKNQSTAVLIFYWHMCP>
#	G	D	E	R	K	N	Q	S	T	A	V	L	I	F	Y	W	H	M	C	P
0	0.06134	0.04790	0.14078	0.02439	0.12711	0.03942	0.05967	0.29297	0.06292	0.01779	0.00878	0.00977	0.00664	0.00474	0.01960	0.00130	0.00494	0.00346	0.00289	0.06359
1	0.07185	0.01339	0.05620	0.01104	0.08532	0.26238	0.03678	0.19028	0.18183	0.03637	0.00972	0.01014	0.00737	0.00456	0.00390	0.00122	0.00521	0.00349	0.00305	0.00589
2	0.00598	0.00472	0.00653	0.03738	0.08666	0.00451	0.00508	0.00736	0.02841	0.01141	0.05343	0.57091	0.07324	0.01058	0.00491	0.00152	0.00279	0.02986	0.00353	0.05119
3	0.00651	0.00527	0.00770	0.00727	0.00802	0.00623	0.02729	0.00827	0.03985	0.01015	0.03985	0.03885	0.01140	0.07543	0.57916	0.00517	0.11263	0.00472	0.00237	0.00386
4	0.06332	0.01133	0.10738	0.06029	0.07962	0.05106	0.30984	0.02467	0.12718	0.01378	0.00992	0.01151	0.03109	0.00423	0.00448	0.00131	0.02957	0.00411	0.00244	0.05285
5	0.01097	0.85821	0.02151	0.00702	0.01054	0.01624	0.00702	0.01229	0.00834	0.00966	0.00571	0.00658	0.00527	0.00351	0.00263	0.00088	0.00439	0.00219	0.00176	0.00527
6	0.00506	0.00424	0.00444	0.00436	0.00574	0.00356	0.00326	0.00620	0.00952	0.01168	0.11943	0.05836	0.70417	0.01004	0.00481	0.00136	0.00210	0.00843	0.00384	0.02939
7	0.00775	0.00730	0.01231	0.84587	0.02827	0.00912	0.01140	0.01049	0.00821	0.01049	0.00730	0.01094	0.00547	0.00410	0.00410	0.00137	0.00547	0.00365	0.00182	0.00456
8	0.00597	0.00398	0.00448	0.00448	0.00448	0.00398	0.00249	0.00597	0.00597	0.00796	0.01293	0.02686	0.01492	0.85574	0.02089	0.00398	0.00398	0.00597	0.00249	0.00249
9	0.01140	0.72236	0.03683	0.00753	0.01094	0.08387	0.00728	0.03810	0.03077	0.01047	0.00622	0.00703	0.00552	0.00368	0.00284	0.00093	0.00465	0.00236	0.00192	0.00533
10	0.01182	0.00862	0.01298	0.05584	0.40286	0.00833	0.00932	0.04043	0.05720	0.19825	0.01013	0.01108	0.00757	0.00405	0.00393	0.00115	0.00420	0.00363	0.00296	0.14564
11	0.01623	0.00891	0.01055	0.00819	0.01128	0.00906	0.00673	0.36348	0.05852	0.40626	0.04773	0.01297	0.01012	0.00518	0.00415	0.00126	0.00386	0.00411	0.00459	0.00683
12	0.00658	0.00506	0.00645	0.02258	0.00772	0.00550	0.00494	0.00959	0.15411	0.01137	0.03437	0.17607	0.04532	0.13273	0.27320	0.00351	0.00569	0.08807	0.00315	0.00398
13	0.85050	0.00790	0.00617	0.00547	0.00804	0.00908	0.00451	0.01238	0.00717	0.05061	0.00613	0.00696	0.00467	0.00386	0.00260	0.00127	0.00319	0.00230	0.00264	0.00455
14	0.04918	0.04111	0.06409	0.12779	0.53205	0.00968	0.01140	0.02622	0.02699	0.04651	0.00830	0.02392	0.00678	0.00400	0.00396	0.00125	0.00479	0.00367	0.00223	0.00606
15	0.01471	0.02465	0.04076	0.00752	0.01067	0.00753	0.00639	0.19340	0.01276	0.42384	0.07055	0.01425	0.04287	0.00517	0.00404	0.00118	0.00362	0.00416	0.00428	0.10763

[dist]
# distance from previous block
# <min> <max>
0	2

[block]
# block no. 6 follows, 65 sequences, length 31
# corresponding to MSA columns:
# 378-408
name=unknown_G
#
# <colnr> <probs for GDERKNQSTAVLIFYWHMCP>
#	G	D	E	R	K	N	Q	S	T	A	V	L	I	F	Y	W	H	M	C	P
0	0.01202	0.65863	0.01918	0.00784	0.01105	0.19426	0.00724	0.03037	0.00929	0.01009	0.00593	0.00683	0.00531	0.00370	0.00290	0.00092	0.00504	0.00232	0.00188	0.00519
1	0.00641	0.00645	0.10141	0.00679	0.00807	0.00515	0.01544	0.04028	0.04385	0.01146	0.03375	0.40219	0.04921	0.08476	0.10476	0.03492	0.00420	0.03378	0.00321	0.00390
2	0.07787	0.09515	0.13255	0.05250	0.01391	0.12678	0.08208	0.15303	0.05404	0.14690	0.00983	0.01031	0.01820	0.00442	0.00384	0.00122	0.00504	0.00349	0.00299	0.00585
3	0.01987	0.02556	0.13457	0.12436	0.33126	0.02737	0.05070	0.06926	0.01000	0.01388	0.08719	0.01340	0.04983	0.00511	0.01910	0.00136	0.00492	0.00418	0.00244	0.00564
4	0.00783	0.00533	0.00610	0.00556	0.00723	0.00505	0.00428	0.01096	0.14659	0.12352	0.25037	0.02960	0.36502	0.00832	0.00464	0.00135	0.00243	0.00704	0.00424	0.00456
5	0.00775	0.00730	0.01231	0.84587	0.02827	0.00912	0.01140	0.01049	0.00821	0.01049	0.00730	0.01094	0.00547	0.00410	0.00410	0.00137	0.00547	0.00365	0.00182	0.00456
6	0.01007	0.03821	0.06643	0.17004	0.48999	0.04582	0.05932	0.04759	0.00962	0.01312	0.00763	0.01001	0.00615	0.00382	0.00405	0.00124	0.00526	0.00360	0.00206	0.00597
7	0.01150	0.21668	0.01427	0.30105	0.01756	0.33360	0.00895	0.01320	0.00953	0.01010	0.00650	0.00848	0.00535	0.00408	0.00380	0.00114	0.02458	0.00291	0.00192	0.00481
8	0.00586	0.00440	0.00660	0.00660	0.00733	0.00513	0.00513	0.00733	0.00660	0.00953	0.01100	0.01613	0.01026	0.03079	0.83947	0.00660	0.01100	0.00440	0.00220	0.00367
9	0.05194	0.00880	0.01364	0.06209	0.27926	0.00864	0.09244	0.09133	0.01106	0.32255	0.01105	0.01155	0.00774	0.00432	0.00411	0.00127	0.00449	0.00390	0.00339	0.00643
10	0.00597	0.00398	0.00448	0.00448	0.00448	0.00398	0.00249	0.00597	0.00597	0.00796	0.01293	0.02686	0.01492	0.85574	0.02089	0.00398	0.00398	0.00597	0.00249	0.00249
11	0.00500	0.00357	0.00476	0.00572	0.00595	0.00333	0.00381	0.00572	0.00786	0.01048	0.02262	0.85306	0.02715	0.01286	0.00524	0.00167	0.00238	0.01167	0.00381	0.00333
12	0.01126	0.80421	0.02087	0.00725	0.01067	0.06924	0.00708	0.01256	0.00855	0.00968	0.00575	0.00664	0.00527	0.00356	0.00270	0.00089	0.00458	0.00222	0.00178	0.00524
13	0.03592	0.19670	0.59036	0.01053	0.01577	0.02999	0.02748	0.01302	0.00868	0.02606	0.00711	0.00827	0.00529	0.00383	0.00361	0.00121	0.00563	0.00287	0.00183	0.00582
14	0.00584	0.00437	0.00655	0.00657	0.00729	0.00508	0.00509	0.00728	0.00663	0.00956	0.01132	0.03959	0.01074	0.03028	0.81608	0.00646	0.01075	0.00460	0.00224	0.00366
15	0.00775	0.00730	0.01231	0.84587	0.02827	0.00912	0.01140	0.01049	0.00821	0.01049	0.00730	0.01094	0.00547	0.00410	0.00410	0.00137	0.00547	0.00365	0.00182	0.00456
16	0.00969	0.01391	0.26559	0.04081	0.10928	0.03427	0.38012	0.01342	0.02808	0.03885	0.00826	0.01029	0.00615	0.00382	0.00452	0.00133	0.01969	0.00402	0.00210	0.00580
17	0.01141	0.08954	0.05551	0.04749	0.33120	0.11742	0.14608	0.12630	0.01093	0.01422	0.00773	0.00955	0.00616	0.00389	0.00402	0.00121	0.00553	0.00357	0.00230	0.00598
18	0.00823	0.02123	0.83447	0.01170	0.01777	0.00953	0.01517	0.01300	0.00867	0.01300	0.00737	0.00867	0.00520	0.00390	0.00390	0.00130	0.00607	0.00303	0.00173	0.00607
19	0.00501	0.00411	0.00442	0.00450	0.00571	0.00352	0.00334	0.00613	0.00944	0.01163	0.12376	0.12387	0.64295	0.01046	0.00491	0.00142	0.00213	0.02531	0.00389	0.00350
20	0.04674	0.08895	0.14879	0.04907	0.16518	0.13730	0.06448	0.10807	0.02449	0.09908	0.00845	0.00955	0.00636	0.00418	0.00405	0.00122	0.02221	0.00336	0.00258	0.00589
21	0.00981	0.12547	0.45246	0.01170	0.01650	0.07733	0.14814	0.04858	0.04806	0.01312	0.00778	0.00907	0.00581	0.00393	0.00390	0.00124	0.00590	0.00331	0.00204	0.00583
22	0.00575	0.00415	0.00559	0.00645	0.00710	0.00399	0.00505	0.00705	0.00876	0.01147	0.03939	0.41379	0.07787	0.01191	0.00540	0.00174	0.00299	0.37417	0.00381	0.00356
23	0.01050	0.04359	0.28349	0.08237	0.05251	0.10742	0.20629	0.10896	0.04003	0.01407	0.00806	0.00967	0.00602	0.00401	0.00412	0.00128	0.00599	0.00361	0.00225	0.00578
24	0.10934	0.04612	0.01293	0.05761	0.15729	0.01009	0.07526	0.24102	0.06148	0.15071	0.01084	0.01134	0.02851	0.00456	0.00395	0.00126	0.00437	0.00381	0.00333	0.00617
25	0.00653	0.00514	0.00699	0.01902	0.03293	0.00501	0.04009	0.04623	0.03811	0.01310	0.15363	0.26309	0.16591	0.00994	0.00504	0.00154	0.00300	0.17687	0.00379	0.00403
26	0.00500	0.00359	0.00475	0.00567	0.00594	0.00334	0.00379	0.00572	0.00790	0.01049	0.02313	0.83144	0.04844	0.01279	0.00523	0.00166	0.00237	0.01159	0.00381	0.00334
27	0.05075	0.00991	0.01528	0.07603	0.47319	0.05577	0.07965	0.02384	0.00931	0.06977	0.00796	0.01012	0.00639	0.00418	0.00499	0.00130	0.08968	0.00366	0.00226	0.00593
28	0.01145	0.63129	0.04045	0.00887	0.06419	0.10093	0.00775	0.01289	0.00877	0.03516	0.00625	0.00729	0.00550	0.00381	0.00339	0.00098	0.04130	0.00248	0.00191	0.00533
29	0.00953	0.10825	0.01441	0.29461	0.25738	0.04209	0.02624	0.02862	0.03361	0.01207	0.00747	0.00985	0.00606	0.00398	0.00422	0.00120	0.04144	0.00337	0.00207	0.09352
30	0.00994	0.00987	0.04013	0.04814	0.65887	0.03072	0.01165	0.02577	0.00955	0.01348	0.03315	0.01175	0.00791	0.00407	0.00408	0.00122	0.00479	0.02862	0.00220	0.04409

[dist]
# distance from previous block
# <min> <max>
2	22

[block]
# block no. 7 follows, 65 sequences, length 36
# corresponding to MSA columns:
# 431-466
name=unknown_H
#
# <colnr> <probs for GDERKNQSTAVLIFYWHMCP>
#	G	D	E	R	K	N	Q	S	T	A	V	L	I	F	Y	W	H	M	C	P
0	0.04533	0.04167	0.08870	0.29210	0.07840	0.04565	0.02739	0.02837	0.01769	0.01134	0.00794	0.01135	0.00669	0.03222	0.14643	0.02081	0.08752	0.00365	0.00203	0.00470
1	0.00901	0.12659	0.58412	0.01113	0.01628	0.06416	0.07159	0.01285	0.00892	0.01231	0.00855	0.00975	0.03885	0.00410	0.00383	0.00124	0.00584	0.00326	0.00187	0.00573
2	0.00795	0.00697	0.01120	0.28565	0.22579	0.00746	0.03185	0.01012	0.00922	0.03458	0.15275	0.04611	0.09521	0.02514	0.01603	0.00146	0.01976	0.00518	0.00272	0.00482
3	0.02419	0.13319	0.33087	0.04093	0.01613	0.10473	0.14141	0.09195	0.02802	0.03955	0.00787	0.00910	0.00588	0.00399	0.00387	0.00122	0.00576	0.00331	0.00224	0.00577
4	0.01012	0.30414	0.33420	0.02895	0.06845	0.05707	0.06305	0.02867	0.03511	0.02411	0.00730	0.00850	0.00573	0.00384	0.00355	0.00115	0.00537	0.00298	0.00198	0.00573
5	0.00607	0.00440	0.00556	0.00604	0.00698	0.00419	0.00471	0.00767	0.03417	0.03454	0.05426	0.27677	0.23119	0.01194	0.04202	0.00185	0.00316	0.25692	0.00380	0.00374
6	0.00900	0.06236	0.40997	0.07445	0.15472	0.01010	0.19588	0.01275	0.00896	0.01274	0.00754	0.00951	0.00567	0.00375	0.00409	0.00129	0.00593	0.00355	0.00187	0.00587
7	0.03068	0.03762	0.09688	0.05664	0.01203	0.01942	0.14562	0.01923	0.04141	0.04877	0.01255	0.18704	0.01237	0.10892	0.13680	0.00252	0.01853	0.00579	0.00269	0.00449
8	0.00950	0.04831	0.07830	0.19390	0.17567	0.05157	0.29510	0.01283	0.04880	0.01245	0.00892	0.01121	0.02639	0.00398	0.00428	0.00130	0.00577	0.00408	0.00212	0.00550
9	0.00608	0.00413	0.00518	0.00552	0.00636	0.00377	0.00398	0.00730	0.02072	0.06341	0.13604	0.45460	0.20699	0.01103	0.00503	0.00153	0.00240	0.04819	0.00399	0.00373
10	0.00919	0.00941	0.01758	0.16760	0.18354	0.00967	0.35518	0.01282	0.08105	0.01293	0.02196	0.01303	0.03176	0.00437	0.00481	0.00137	0.03479	0.02115	0.00232	0.00548
11	0.01443	0.01121	0.01379	0.05770	0.01469	0.01223	0.10814	0.67127	0.01748	0.02342	0.00952	0.01007	0.00680	0.00470	0.00420	0.00126	0.00487	0.00384	0.00373	0.00666
12	0.00665	0.00489	0.00622	0.00680	0.00766	0.00497	0.00524	0.02400	0.12248	0.02334	0.02118	0.43616	0.02332	0.01108	0.00520	0.00169	0.00303	0.27818	0.00387	0.00404
13	0.00973	0.00998	0.04774	0.14292	0.52125	0.00975	0.13097	0.02970	0.02191	0.01324	0.00810	0.01091	0.00659	0.00386	0.00420	0.00128	0.00526	0.01447	0.00210	0.00603
14	0.01528	0.01125	0.01208	0.00933	0.01252	0.01244	0.00768	0.79133	0.01895	0.02539	0.01025	0.03598	0.00761	0.00517	0.00414	0.00125	0.00445	0.00394	0.00410	0.00687
15	0.00836	0.00792	0.01341	0.63877	0.23063	0.00928	0.01170	0.01102	0.00850	0.01123	0.00740	0.01075	0.00573	0.00399	0.00409	0.00133	0.00532	0.00365	0.00188	0.00505
16	0.00539	0.00405	0.00582	0.00634	0.00688	0.00380	0.03989	0.00640	0.00829	0.01104	0.05702	0.68524	0.04433	0.01205	0.00524	0.00165	0.00269	0.08661	0.00376	0.00350
17	0.01006	0.38906	0.11318	0.04403	0.07743	0.01280	0.27449	0.01261	0.00889	0.01150	0.00696	0.00873	0.00568	0.00357	0.00367	0.00114	0.00549	0.00333	0.00188	0.00551
18	0.01205	0.00959	0.01021	0.00866	0.01130	0.01088	0.00688	0.26385	0.55811	0.03979	0.01461	0.01362	0.01078	0.00536	0.00415	0.00134	0.00364	0.00434	0.00418	0.00666
19	0.00536	0.00388	0.00505	0.00560	0.00615	0.00362	0.00399	0.00647	0.00891	0.01196	0.20703	0.49697	0.08856	0.04340	0.00575	0.00167	0.00245	0.08577	0.00392	0.00348
20	0.00992	0.01060	0.05129	0.08707	0.52262	0.03240	0.20004	0.01268	0.00937	0.01301	0.00777	0.01030	0.00627	0.00367	0.00423	0.00127	0.00552	0.00388	0.00202	0.00606
21	0.01406	0.07854	0.01231	0.01094	0.06768	0.65398	0.00792	0.03063	0.01138	0.01096	0.05897	0.00906	0.00754	0.00442	0.00373	0.00107	0.00661	0.00301	0.00228	0.00490
22	0.00823	0.00771	0.01287	0.58824	0.19381	0.00911	0.01125	0.01078	0.00845	0.01119	0.00823	0.01296	0.00684	0.00459	0.00456	0.00139	0.03817	0.05471	0.00199	0.00491
23	0.01072	0.77928	0.09817	0.00746	0.01122	0.01561	0.00779	0.01236	0.00837	0.00997	0.00586	0.00678	0.00526	0.00355	0.00275	0.00092	0.00455	0.00227	0.00175	0.00534
24	0.00535	0.00383	0.00497	0.00577	0.00609	0.00368	0.00392	0.00636	0.02998	0.01051	0.02138	0.69125	0.02523	0.10174	0.00689	0.00192	0.00266	0.06142	0.00368	0.00336
25	0.00935	0.07568	0.63288	0.04528	0.01722	0.02733	0.04443	0.02978	0.00912	0.06047	0.00783	0.00902	0.00558	0.00396	0.00387	0.00127	0.00581	0.00314	0.00200	0.00598
26	0.01066	0.04056	0.04673	0.21932	0.09468	0.15919	0.12931	0.04604	0.08294	0.04603	0.01002	0.01167	0.04285	0.00456	0.00448	0.00129	0.03800	0.00390	0.00245	0.00533
27	0.01029	0.03213	0.11141	0.01858	0.38131	0.06586	0.19867	0.04278	0.03173	0.01338	0.00808	0.01990	0.00656	0.00401	0.00454	0.00128	0.03746	0.00388	0.00215	0.00599
28	0.00518	0.00417	0.00461	0.00450	0.00575	0.00361	0.00338	0.00653	0.01013	0.01293	0.31102	0.03647	0.55788	0.00971	0.00485	0.00135	0.00203	0.00824	0.00405	0.00361
29	0.00541	0.00406	0.00529	0.04238	0.00695	0.00381	0.00407	0.00673	0.00952	0.01285	0.33219	0.38820	0.14248	0.01042	0.00498	0.00147	0.00231	0.00927	0.00399	0.00361
30	0.03822	0.05844	0.01520	0.08926	0.45941	0.04373	0.05226	0.08571	0.01026	0.07223	0.00868	0.03291	0.00708	0.00417	0.00400	0.00123	0.00486	0.00380	0.00247	0.00607
31	0.03401	0.43742	0.25826	0.01049	0.09000	0.05685	0.02693	0.02280	0.00883	0.01152	0.00652	0.00771	0.00538	0.00370	0.00326	0.00107	0.00511	0.00268	0.00185	0.00560
32	0.00659	0.00541	0.00776	0.00734	0.00783	0.00673	0.00575	0.00778	0.00646	0.00945	0.00990	0.01557	0.00961	0.10883	0.56664	0.00523	0.20287	0.00437	0.00214	0.00374
33	0.00905	0.01391	0.33974	0.08870	0.40284	0.00945	0.01316	0.01256	0.02387	0.01299	0.00811	0.03266	0.00657	0.00408	0.00404	0.00128	0.00530	0.00365	0.00198	0.00608
34	0.04643	0.03992	0.08340	0.12470	0.25205	0.10537	0.11306	0.05028	0.03355	0.09928	0.00865	0.01021	0.00654	0.00404	0.00402	0.00125	0.00531	0.00361	0.00248	0.00583
35	0.01927	0.06070	0.33277	0.02426	0.19968	0.06371	0.14793	0.03527	0.04327	0.01327	0.00806	0.01899	0.00627	0.00397	0.00403	0.00126	0.00570	0.00359	0.00208	0.00593

[dist]
# distance from previous block
# <min> <max>
1	11

[block]
# block no. 8 follows, 65 sequences, length 48
# corresponding to MSA columns:
# 478-525
name=unknown_I
#
# <colnr> <probs for GDERKNQSTAVLIFYWHMCP>
#	G	D	E	R	K	N	Q	S	T	A	V	L	I	F	Y	W	H	M	C	P
0	0.19060	0.01183	0.01060	0.01035	0.09107	0.25692	0.04409	0.04929	0.20706	0.02608	0.01014	0.05674	0.00838	0.00490	0.00378	0.00126	0.00481	0.00381	0.00291	0.00537
1	0.00950	0.00909	0.01202	0.10882	0.30326	0.07678	0.00864	0.01159	0.00909	0.01279	0.01702	0.01040	0.00687	0.00373	0.00366	0.00099	0.00434	0.02154	0.00225	0.36761
2	0.00610	0.00594	0.08701	0.00644	0.00745	0.00520	0.00528	0.00740	0.00675	0.00950	0.01248	0.06457	0.03143	0.26734	0.44053	0.00485	0.02061	0.00521	0.00236	0.00355
3	0.00706	0.00593	0.00795	0.00728	0.00745	0.00743	0.00548	0.00772	0.00623	0.00902	0.00970	0.01785	0.01035	0.35831	0.19906	0.00375	0.31903	0.00474	0.00217	0.00349
4	0.00505	0.00363	0.00479	0.00563	0.00595	0.00337	0.00379	0.00585	0.00815	0.01088	0.07388	0.77281	0.05604	0.01249	0.00520	0.00163	0.00234	0.01130	0.00385	0.00337
5	0.01034	0.01009	0.01649	0.02469	0.80188	0.03842	0.01244	0.01273	0.00943	0.01329	0.00767	0.01006	0.00646	0.00368	0.00405	0.00121	0.00496	0.00362	0.00203	0.00644
6	0.00978	0.06797	0.07986	0.31422	0.31595	0.10344	0.02749	0.01229	0.00908	0.01170	0.00726	0.00979	0.00581	0.00389	0.00394	0.00124	0.00548	0.00342	0.00193	0.00548
7	0.08789	0.01103	0.01165	0.00903	0.01223	0.01223	0.00745	0.71065	0.04093	0.04147	0.00983	0.00983	0.00699	0.00486	0.00398	0.00124	0.00435	0.00361	0.00400	0.00676
8	0.00957	0.42895	0.43845	0.00942	0.01424	0.01280	0.01120	0.01265	0.00851	0.01137	0.00656	0.00765	0.00523	0.00371	0.00328	0.00109	0.00525	0.00262	0.00174	0.00568
9	0.00988	0.01012	0.01923	0.06001	0.49677	0.00995	0.30684	0.01270	0.00942	0.01318	0.00792	0.01053	0.00635	0.00361	0.00435	0.00129	0.00565	0.00409	0.00204	0.00606
10	0.00797	0.00752	0.01271	0.77059	0.10183	0.00918	0.01151	0.01068	0.00831	0.01076	0.00733	0.01087	0.00557	0.00406	0.00410	0.00135	0.00542	0.00365	0.00184	0.00474
11	0.01016	0.00975	0.01666	0.02520	0.83013	0.00975	0.01260	0.01260	0.00935	0.01341	0.00772	0.01016	0.00650	0.00366	0.00406	0.00122	0.00488	0.00366	0.00203	0.00650
12	0.00536	0.00394	0.00504	0.00546	0.00616	0.00363	0.00396	0.00659	0.00936	0.01253	0.26961	0.41444	0.15140	0.01101	0.00510	0.00153	0.00232	0.07499	0.00402	0.00355
13	0.00529	0.00412	0.00483	0.00491	0.00597	0.00366	0.00367	0.00664	0.00991	0.01286	0.29965	0.15059	0.40681	0.01013	0.00495	0.00142	0.00217	0.05479	0.00405	0.00360
14	0.00925	0.01026	0.01968	0.01465	0.01795	0.06233	0.60361	0.01226	0.02826	0.01258	0.01086	0.15741	0.00995	0.00519	0.00482	0.00141	0.00608	0.00589	0.00243	0.00513
15	0.00969	0.00885	0.01357	0.01887	0.54761	0.00902	0.01009	0.05669	0.11857	0.01457	0.06372	0.01485	0.08599	0.00491	0.00420	0.00126	0.00419	0.00449	0.00275	0.00608
16	0.01143	0.00849	0.15208	0.00860	0.05763	0.00628	0.00731	0.01270	0.00873	0.30428	0.02459	0.03206	0.00900	0.00941	0.06973	0.23090	0.03474	0.00399	0.00309	0.00497
17	0.00998	0.00968	0.01687	0.07625	0.72802	0.00975	0.06387	0.01250	0.00930	0.01321	0.00773	0.01027	0.00642	0.00367	0.00412	0.00124	0.00504	0.00373	0.00202	0.00632
18	0.00596	0.00401	0.00462	0.00462	0.00466	0.00406	0.00266	0.00606	0.00601	0.00806	0.01281	0.02616	0.01462	0.80172	0.07450	0.00415	0.00444	0.00587	0.00247	0.00256
19	0.00986	0.40161	0.29762	0.01207	0.15589	0.01266	0.03360	0.01261	0.00866	0.01155	0.00670	0.00804	0.00549	0.00367	0.00338	0.00110	0.00512	0.00281	0.00181	0.00576
20	0.09110	0.01126	0.01103	0.00936	0.01113	0.16720	0.00755	0.22297	0.09013	0.01592	0.05267	0.01050	0.00821	0.00564	0.00683	0.00140	0.26522	0.00363	0.00291	0.00535
21	0.00658	0.00470	0.00657	0.00752	0.00845	0.00469	0.00655	0.00844	0.00941	0.01224	0.02175	0.06478	0.02370	0.01137	0.00566	0.00188	0.00375	0.78440	0.00378	0.00377
22	0.04085	0.01009	0.01570	0.08030	0.69857	0.05788	0.01196	0.01265	0.00932	0.01319	0.00754	0.00993	0.00629	0.00373	0.00399	0.00122	0.00500	0.00355	0.00204	0.00619
23	0.14101	0.00859	0.01063	0.01046	0.15597	0.01726	0.00714	0.14786	0.03663	0.29186	0.01084	0.01079	0.00763	0.00435	0.00373	0.00117	0.00384	0.00347	0.00359	0.12319
24	0.02288	0.01009	0.01500	0.05486	0.51959	0.03370	0.03909	0.15388	0.05836	0.01569	0.01999	0.01061	0.00726	0.00408	0.00407	0.00123	0.00480	0.00375	0.00256	0.01851
25	0.00961	0.06639	0.11316	0.01603	0.02035	0.01066	0.67552	0.01308	0.00949	0.01291	0.00804	0.01052	0.00605	0.00351	0.00460	0.00134	0.00666	0.00448	0.00202	0.00558
26	0.00749	0.00690	0.01129	0.65188	0.07097	0.00822	0.01011	0.01001	0.00872	0.01135	0.09978	0.01489	0.06184	0.00495	0.00423	0.00135	0.00483	0.00438	0.00226	0.00453
27	0.00944	0.15138	0.61738	0.01085	0.01608	0.10184	0.01310	0.01326	0.00894	0.01215	0.00700	0.00820	0.00522	0.00388	0.00368	0.00121	0.00595	0.00286	0.00178	0.00580
28	0.00974	0.00933	0.01591	0.16662	0.69195	0.00964	0.01239	0.01223	0.00915	0.01291	0.00765	0.01029	0.00632	0.00373	0.00407	0.00124	0.00498	0.00366	0.00200	0.00617
29	0.00911	0.00495	0.00655	0.00580	0.00732	0.00449	0.00447	0.01101	0.02217	0.22910	0.55870	0.07388	0.03026	0.00775	0.00467	0.00131	0.00239	0.00677	0.00462	0.00469
30	0.00610	0.00446	0.00596	0.00673	0.00764	0.00432	0.00563	0.00770	0.00926	0.01195	0.04540	0.16362	0.14094	0.01135	0.00547	0.00177	0.00328	0.55095	0.00381	0.00367
31	0.00881	0.08702	0.74126	0.01118	0.01694	0.00994	0.01420	0.01319	0.00875	0.04138	0.00754	0.00869	0.00538	0.00391	0.00381	0.00127	0.00584	0.00301	0.00185	0.00604
32	0.00775	0.00730	0.01231	0.84587	0.02827	0.00912	0.01140	0.01049	0.00821	0.01049	0.00730	0.01094	0.00547	0.00410	0.00410	0.00137	0.00547	0.00365	0.00182	0.00456
33	0.00987	0.00946	0.01614	0.12326	0.73432	0.00968	0.01245	0.01235	0.00921	0.01306	0.00767	0.01025	0.00638	0.00371	0.00407	0.00124	0.00495	0.00366	0.00201	0.00627
34	0.00781	0.00735	0.01242	0.82636	0.04734	0.00913	0.01143	0.01054	0.00824	0.01056	0.00731	0.01093	0.00550	0.00409	0.00410	0.00136	0.00546	0.00365	0.00183	0.00461
35	0.01016	0.00975	0.01666	0.02520	0.83013	0.00975	0.01260	0.01260	0.00935	0.01341	0.00772	0.01016	0.00650	0.00366	0.00406	0.00122	0.00488	0.00366	0.00203	0.00650
36	0.00923	0.00881	0.01499	0.34100	0.52157	0.00951	0.01214	0.01179	0.00891	0.01229	0.00756	0.01046	0.00611	0.00383	0.00408	0.00128	0.00511	0.00365	0.00195	0.00575
37	0.00884	0.00907	0.01332	0.47467	0.13324	0.10010	0.09485	0.01126	0.00898	0.01116	0.01028	0.02804	0.06943	0.00463	0.00421	0.00132	0.00544	0.00420	0.00210	0.00484
38	0.00657	0.00466	0.00613	0.06902	0.00844	0.00473	0.00482	0.00877	0.10463	0.05693	0.02042	0.64420	0.02285	0.01091	0.00497	0.00159	0.00278	0.00982	0.00378	0.00400
39	0.78929	0.00808	0.00657	0.00573	0.00834	0.00923	0.00472	0.05715	0.00793	0.06321	0.00652	0.00724	0.00490	0.00394	0.00271	0.00127	0.00327	0.00241	0.00277	0.00472
40	0.00984	0.00954	0.01658	0.12313	0.68701	0.00971	0.05908	0.01238	0.00923	0.01304	0.00770	0.01031	0.00636	0.00370	0.00411	0.00125	0.00507	0.00373	0.00201	0.00621
41	0.00823	0.02123	0.83447	0.01170	0.01777	0.00953	0.01517	0.01300	0.00867	0.01300	0.00737	0.00867	0.00520	0.00390	0.00390	0.00130	0.00607	0.00303	0.00173	0.00607
42	0.00648	0.00481	0.00647	0.09878	0.06049	0.00507	0.00468	0.00722	0.00679	0.00909	0.01262	0.02496	0.01377	0.57020	0.07848	0.00353	0.00471	0.07620	0.00248	0.00318
43	0.00918	0.00876	0.01490	0.35740	0.50554	0.00950	0.01211	0.01174	0.00889	0.01223	0.00755	0.01048	0.00609	0.00384	0.00408	0.00128	0.00512	0.00365	0.00195	0.00572
44	0.00979	0.06675	0.17562	0.01476	0.06545	0.02096	0.45725	0.04691	0.00977	0.03204	0.00893	0.05611	0.00724	0.00418	0.00444	0.00133	0.00606	0.00454	0.00224	0.00564
45	0.00573	0.00399	0.00509	0.00570	0.00602	0.00390	0.00399	0.00646	0.00755	0.00999	0.01889	0.36344	0.02188	0.31893	0.01103	0.00256	0.00329	0.19512	0.00332	0.00313
46	0.00897	0.04700	0.58719	0.01019	0.01526	0.00907	0.01222	0.06250	0.00922	0.03679	0.00806	0.00997	0.00617	0.05839	0.00487	0.00138	0.00537	0.00320	0.00210	0.10211
47	0.03794	0.09875	0.00746	0.00547	0.00627	0.00625	0.02636	0.05893	0.00722	0.00980	0.01156	0.02239	0.01274	0.65372	0.01672	0.00329	0.00411	0.00525	0.00250	0.00324

[dist]
# distance from previous block
# <min> <max>
0	18

# created by:
# /st0/software/busco_prod/Augustus/scripts/msa2prfl.pl ./align_prep/32134.fa
