[name]
unknown

[dist]
# distance from previous block
# <min> <max>
52	255

[block]
# block no. 0 follows, 65 sequences, length 9
# corresponding to MSA columns:
# 421-429
name=unknown_A
#
# <colnr> <probs for GDERKNQSTAVLIFYWHMCP>
#	G	D	E	R	K	N	Q	S	T	A	V	L	I	F	Y	W	H	M	C	P
0	0.15144	0.01167	0.01152	0.00973	0.03197	0.16958	0.07203	0.25688	0.17945	0.05071	0.01001	0.01027	0.00745	0.00461	0.00385	0.00125	0.00476	0.00356	0.00332	0.00593
1	0.53442	0.00998	0.00887	0.00746	0.01015	0.11870	0.05497	0.09038	0.04759	0.07261	0.00757	0.00824	0.00567	0.00412	0.00317	0.00125	0.00411	0.00282	0.00285	0.00506
2	0.70874	0.00972	0.00722	0.00637	0.00890	0.11871	0.00514	0.06961	0.00847	0.01784	0.00609	0.00699	0.00474	0.00394	0.00280	0.00124	0.00383	0.00238	0.00260	0.00467
3	0.06444	0.00394	0.00491	0.00572	0.00619	0.00380	0.00396	0.00628	0.00793	0.01112	0.02214	0.72839	0.05510	0.01209	0.00506	0.00164	0.00249	0.04763	0.00372	0.00343
4	0.00590	0.00395	0.00450	0.00457	0.00459	0.00393	0.00259	0.00595	0.00611	0.00815	0.01365	0.08817	0.01583	0.79320	0.01973	0.00381	0.00386	0.00639	0.00259	0.00255
5	0.77030	0.00947	0.00677	0.00608	0.00856	0.11846	0.00490	0.01264	0.00760	0.01732	0.00580	0.00676	0.00456	0.00387	0.00269	0.00124	0.00373	0.00228	0.00248	0.00449
6	0.07561	0.01070	0.01187	0.04206	0.02966	0.13790	0.08568	0.21935	0.02731	0.19061	0.00986	0.01021	0.00706	0.00434	0.00387	0.00116	0.00471	0.00348	0.00335	0.12122
7	0.04072	0.04512	0.01333	0.01491	0.30686	0.21729	0.00916	0.12496	0.10460	0.07003	0.00913	0.01003	0.00709	0.00429	0.00389	0.00119	0.00510	0.00345	0.00279	0.00605
8	0.03231	0.01053	0.00993	0.00798	0.01088	0.19360	0.03379	0.09246	0.08999	0.02904	0.02802	0.01093	0.00799	0.03130	0.00413	0.00105	0.00434	0.01629	0.00281	0.38263

[dist]
# distance from previous block
# <min> <max>
61	156

[block]
# block no. 1 follows, 65 sequences, length 102
# corresponding to MSA columns:
# 661-762
name=unknown_B
#
# <colnr> <probs for GDERKNQSTAVLIFYWHMCP>
#	G	D	E	R	K	N	Q	S	T	A	V	L	I	F	Y	W	H	M	C	P
0	0.00661	0.00538	0.00695	0.00636	0.00801	0.00468	0.03523	0.00840	0.05246	0.01197	0.02657	0.46545	0.04523	0.00879	0.00444	0.00128	0.00280	0.00788	0.00333	0.28817
1	0.04801	0.01042	0.01431	0.01085	0.01404	0.14501	0.28607	0.01359	0.02753	0.11219	0.07344	0.01170	0.00913	0.00418	0.00417	0.00114	0.01434	0.00395	0.00278	0.19314
2	0.00503	0.00397	0.00454	0.00481	0.00576	0.00348	0.00345	0.00609	0.00917	0.01162	0.14321	0.30662	0.45583	0.01093	0.00498	0.00147	0.00216	0.00948	0.00391	0.00348
3	0.01085	0.01004	0.00958	0.00861	0.01093	0.10193	0.00667	0.03229	0.72183	0.01650	0.01547	0.01436	0.01165	0.00541	0.00412	0.00135	0.00373	0.00441	0.00395	0.00631
4	0.04255	0.00755	0.00899	0.00681	0.01007	0.00656	0.00550	0.10044	0.02765	0.25702	0.01101	0.04700	0.00838	0.00435	0.00358	0.00096	0.00331	0.00351	0.00350	0.44126
5	0.00648	0.00473	0.00630	0.00706	0.00792	0.00476	0.00581	0.00868	0.06284	0.01203	0.02135	0.20177	0.03177	0.05318	0.00623	0.00191	0.00346	0.54616	0.00375	0.00380
6	0.01021	0.00882	0.00928	0.00835	0.01067	0.01021	0.00650	0.02181	0.82272	0.01717	0.01671	0.01532	0.01253	0.00557	0.00418	0.00139	0.00325	0.00464	0.00418	0.00650
7	0.00836	0.00786	0.01298	0.63854	0.18284	0.00931	0.01135	0.01155	0.05521	0.01144	0.00792	0.01104	0.00608	0.00410	0.00410	0.00134	0.00523	0.00371	0.00200	0.00505
8	0.00556	0.00440	0.00518	0.00495	0.00605	0.00408	0.00372	0.00714	0.01963	0.01370	0.42951	0.03343	0.37675	0.03126	0.00556	0.00142	0.03212	0.00775	0.00406	0.00371
9	0.25690	0.00907	0.00977	0.00864	0.06461	0.00978	0.00655	0.33516	0.03622	0.13893	0.05136	0.01171	0.03426	0.00492	0.00373	0.00126	0.00378	0.00371	0.00369	0.00596
10	0.01037	0.67308	0.20133	0.00806	0.01213	0.01476	0.00882	0.01245	0.00841	0.01040	0.00607	0.00705	0.00525	0.00360	0.00291	0.00097	0.00476	0.00238	0.00175	0.00544
11	0.00500	0.00357	0.00476	0.00572	0.00595	0.00333	0.00381	0.00572	0.00786	0.01048	0.02262	0.85306	0.02715	0.01286	0.00524	0.00167	0.00238	0.01167	0.00381	0.00333
12	0.00865	0.00738	0.00859	0.00615	0.00979	0.00562	0.00492	0.02625	0.00872	0.01362	0.00735	0.00854	0.00610	0.00308	0.00306	0.00062	0.00307	0.00246	0.00247	0.86358
13	0.00854	0.05408	0.23428	0.00776	0.01172	0.00725	0.01683	0.01162	0.05298	0.03396	0.03026	0.01215	0.07682	0.00424	0.00356	0.00096	0.00389	0.00342	0.00253	0.42315
14	0.02348	0.02621	0.10181	0.01243	0.01611	0.08019	0.35756	0.03902	0.01009	0.14951	0.00941	0.01127	0.00701	0.00416	0.00462	0.00127	0.03730	0.02116	0.00267	0.08472
15	0.00580	0.00417	0.00507	0.00519	0.00607	0.00390	0.00375	0.00684	0.00856	0.04014	0.10969	0.20491	0.30889	0.11923	0.12095	0.00248	0.00369	0.03361	0.00354	0.00352
16	0.00910	0.00911	0.01690	0.33130	0.30291	0.00961	0.22677	0.01192	0.00900	0.01226	0.00778	0.01076	0.00609	0.00379	0.00427	0.00132	0.00561	0.00397	0.01204	0.00548
17	0.01082	0.01203	0.04348	0.07043	0.24034	0.15483	0.31071	0.02256	0.04661	0.02645	0.00839	0.01923	0.00664	0.00394	0.00431	0.00128	0.00603	0.00404	0.00223	0.00568
18	0.00823	0.02123	0.83447	0.01170	0.01777	0.00953	0.01517	0.01300	0.00867	0.01300	0.00737	0.00867	0.00520	0.00390	0.00390	0.00130	0.00607	0.00303	0.00173	0.00607
19	0.00494	0.00395	0.00441	0.00474	0.00571	0.00343	0.00339	0.00589	0.00890	0.01105	0.06067	0.32536	0.52076	0.01120	0.00499	0.00148	0.00218	0.00968	0.00383	0.00343
20	0.00874	0.01796	0.58714	0.01394	0.09767	0.00972	0.15833	0.01322	0.03051	0.01318	0.00782	0.00942	0.00571	0.00384	0.00409	0.00131	0.00603	0.00346	0.00189	0.00603
21	0.01003	0.05808	0.12911	0.01398	0.02666	0.04495	0.48213	0.01306	0.00958	0.07168	0.00990	0.06748	0.00824	0.00455	0.00454	0.00136	0.00602	0.03077	0.00240	0.00547
22	0.00527	0.00376	0.00479	0.00546	0.00580	0.00354	0.00367	0.00599	0.00789	0.01047	0.06211	0.58643	0.07521	0.15511	0.00786	0.00203	0.00267	0.04507	0.00362	0.00325
23	0.01161	0.69409	0.04516	0.00775	0.01112	0.15156	0.00743	0.01299	0.00889	0.00983	0.00586	0.00678	0.00527	0.00364	0.00285	0.00092	0.00494	0.00229	0.00181	0.00521
24	0.01055	0.04788	0.05569	0.04803	0.21898	0.04109	0.33348	0.08181	0.05123	0.02805	0.00863	0.01791	0.00676	0.00402	0.00456	0.00130	0.02767	0.00413	0.00237	0.00587
25	0.00611	0.00456	0.00655	0.00650	0.00719	0.00524	0.00496	0.02530	0.00687	0.00980	0.01156	0.05317	0.01127	0.10497	0.69506	0.00594	0.02416	0.00483	0.00233	0.00363
26	0.00497	0.00412	0.00432	0.00435	0.00560	0.00350	0.00322	0.00604	0.00938	0.01144	0.10631	0.09240	0.69193	0.02764	0.00520	0.00145	0.00213	0.00870	0.00384	0.00347
27	0.01156	0.01357	0.09895	0.02953	0.02988	0.16989	0.38590	0.14109	0.05182	0.01470	0.00847	0.01013	0.00637	0.00400	0.00436	0.00129	0.00631	0.00401	0.00247	0.00571
28	0.00984	0.04590	0.01276	0.24827	0.09284	0.03488	0.07599	0.05527	0.33684	0.01438	0.01147	0.02506	0.00886	0.00475	0.00413	0.00133	0.00456	0.00418	0.00296	0.00574
29	0.00969	0.01107	0.02422	0.01730	0.02145	0.01038	0.81522	0.01315	0.00969	0.01315	0.00830	0.01107	0.00623	0.00346	0.00484	0.00138	0.00692	0.00484	0.00208	0.00554
30	0.00643	0.00518	0.00689	0.00648	0.00717	0.00570	0.00505	0.00792	0.00968	0.01365	0.45544	0.09451	0.06785	0.04559	0.00744	0.00159	0.17968	0.06617	0.00371	0.00387
31	0.03897	0.03242	0.01337	0.05240	0.04907	0.02615	0.22594	0.10641	0.03583	0.11977	0.02235	0.18079	0.01256	0.00642	0.00454	0.00141	0.00457	0.05852	0.00324	0.00528
32	0.00545	0.00454	0.00483	0.00485	0.00617	0.00412	0.00364	0.00748	0.08146	0.01192	0.08311	0.11547	0.60625	0.01012	0.00486	0.00142	0.00226	0.03442	0.00388	0.00376
33	0.01578	0.00896	0.01046	0.00814	0.01113	0.00925	0.00669	0.42196	0.01515	0.33796	0.01259	0.01206	0.00858	0.00610	0.04029	0.00146	0.00424	0.00390	0.05865	0.00664
34	0.00920	0.05506	0.27944	0.01179	0.05501	0.00993	0.15908	0.02976	0.16337	0.02322	0.00968	0.01154	0.00761	0.03395	0.06069	0.00178	0.06687	0.00392	0.00242	0.00567
35	0.02314	0.01000	0.05443	0.03922	0.01371	0.02040	0.16307	0.09609	0.17979	0.01399	0.00951	0.02921	0.00781	0.00641	0.03370	0.00167	0.28559	0.00420	0.00266	0.00540
36	0.00498	0.00364	0.00469	0.00554	0.00591	0.00335	0.00373	0.00574	0.00803	0.01055	0.02482	0.75876	0.12003	0.01257	0.00519	0.00163	0.00235	0.01132	0.00381	0.00335
37	0.01085	0.02046	0.03009	0.04620	0.42059	0.12919	0.07810	0.01391	0.08216	0.05365	0.01059	0.01268	0.04307	0.00448	0.00415	0.00126	0.00509	0.02510	0.00250	0.00590
38	0.06197	0.04864	0.04702	0.00893	0.04687	0.08708	0.00721	0.16486	0.06621	0.40064	0.01235	0.01156	0.00837	0.00475	0.00392	0.00123	0.00423	0.00368	0.00400	0.00647
39	0.04778	0.50522	0.16937	0.05043	0.01353	0.07653	0.06288	0.01269	0.00868	0.01095	0.00631	0.00755	0.00530	0.00368	0.00317	0.00104	0.00510	0.00263	0.00184	0.00532
40	0.00863	0.02375	0.13613	0.01102	0.09412	0.02684	0.11080	0.04823	0.10648	0.02635	0.01327	0.13656	0.01262	0.02545	0.08218	0.00197	0.01483	0.10279	0.01288	0.00510
41	0.02555	0.15682	0.20136	0.00985	0.03669	0.04096	0.06058	0.14852	0.04322	0.15327	0.02382	0.01046	0.01503	0.00441	0.00397	0.00119	0.01964	0.00347	0.00295	0.03824
42	0.00968	0.17426	0.27694	0.06826	0.18598	0.04661	0.02899	0.03877	0.02677	0.02567	0.00914	0.01061	0.04173	0.00512	0.03345	0.00139	0.00539	0.00344	0.00212	0.00569
43	0.00901	0.00905	0.01298	0.01101	0.01115	0.01250	0.03744	0.00999	0.00641	0.00999	0.00549	0.00905	0.00542	0.00705	0.01317	0.00178	0.81853	0.00364	0.00181	0.00453
44	0.00992	0.16562	0.01292	0.02926	0.16731	0.06639	0.03304	0.07547	0.09334	0.03190	0.02337	0.12052	0.07232	0.00620	0.00451	0.00130	0.04080	0.03766	0.00289	0.00527
45	0.02397	0.04891	0.56511	0.02822	0.01643	0.07143	0.04614	0.04714	0.06373	0.01342	0.00791	0.00911	0.00582	0.00415	0.00418	0.00129	0.03190	0.00320	0.00206	0.00588
46	0.00513	0.00367	0.00490	0.00578	0.00609	0.00343	0.00395	0.00597	0.00815	0.01091	0.06884	0.76576	0.02764	0.01253	0.00524	0.00166	0.00243	0.05070	0.00385	0.00339
47	0.00500	0.00414	0.00439	0.00438	0.00565	0.00352	0.00326	0.00616	0.00962	0.01186	0.15728	0.07834	0.67179	0.01022	0.00487	0.00139	0.00207	0.00863	0.00392	0.00352
48	0.02891	0.23573	0.16693	0.04355	0.11520	0.09109	0.06884	0.04545	0.10545	0.02161	0.02274	0.01011	0.01888	0.00419	0.00369	0.00117	0.00504	0.00338	0.00235	0.00568
49	0.01508	0.01124	0.01202	0.00934	0.01253	0.01248	0.00767	0.73877	0.09783	0.02502	0.01053	0.01039	0.00752	0.00499	0.00411	0.00125	0.00439	0.00379	0.00411	0.00693
50	0.00509	0.00415	0.00450	0.00445	0.00570	0.00356	0.00332	0.00634	0.00987	0.01239	0.23350	0.05854	0.61435	0.00997	0.00486	0.00137	0.00205	0.00844	0.00398	0.00356
51	0.00858	0.02947	0.00885	0.00610	0.00975	0.00575	0.00492	0.01039	0.00851	0.01328	0.00725	0.00846	0.00606	0.00305	0.00303	0.00062	0.00308	0.00243	0.00241	0.85802
52	0.00865	0.00824	0.01217	0.54397	0.15042	0.05916	0.01038	0.03204	0.02340	0.01175	0.06211	0.01253	0.00833	0.03462	0.00472	0.00141	0.00514	0.00394	0.00218	0.00486
53	0.01097	0.85821	0.02151	0.00702	0.01054	0.01624	0.00702	0.01229	0.00834	0.00966	0.00571	0.00658	0.00527	0.00351	0.00263	0.00088	0.00439	0.00219	0.00176	0.00527
54	0.00602	0.00450	0.00503	0.00488	0.00621	0.00402	0.00366	0.00780	0.05183	0.05332	0.20697	0.10209	0.50950	0.00965	0.00481	0.00138	0.00220	0.00821	0.00405	0.00387
55	0.01295	0.03796	0.07975	0.01437	0.22753	0.23104	0.07087	0.15349	0.04182	0.07810	0.00867	0.00971	0.00661	0.00421	0.00399	0.00120	0.00556	0.00347	0.00270	0.00601
56	0.00585	0.00421	0.00577	0.00581	0.00628	0.00462	0.00415	0.00682	0.00663	0.00931	0.04122	0.06173	0.01364	0.30020	0.49940	0.00530	0.00794	0.00538	0.00246	0.00327
57	0.00500	0.00359	0.00475	0.00568	0.00594	0.00334	0.00379	0.00572	0.00789	0.01049	0.02305	0.83466	0.04527	0.01280	0.00523	0.00166	0.00237	0.01160	0.00381	0.00334
58	0.00984	0.01089	0.11039	0.01124	0.01397	0.05843	0.23086	0.15561	0.03733	0.01453	0.02867	0.15705	0.01091	0.00668	0.02253	0.00153	0.09671	0.01476	0.00282	0.00525
59	0.01215	0.01290	0.01238	0.01407	0.25133	0.31231	0.00883	0.05075	0.16316	0.02762	0.01050	0.01139	0.04289	0.00477	0.00446	0.00123	0.04721	0.00370	0.00268	0.00566
60	0.00973	0.00914	0.01231	0.04846	0.39567	0.06859	0.00917	0.04579	0.16610	0.01390	0.03532	0.11012	0.03774	0.01431	0.00442	0.00133	0.00428	0.00499	0.00286	0.00574
61	0.00723	0.00695	0.06612	0.00822	0.00959	0.00677	0.07700	0.01999	0.00808	0.04032	0.06015	0.17943	0.08512	0.01461	0.24096	0.00296	0.15332	0.00614	0.00280	0.00423
62	0.01125	0.00858	0.00943	0.00855	0.05044	0.04471	0.00630	0.36161	0.05815	0.04352	0.04376	0.11552	0.04358	0.11543	0.04635	0.00191	0.00435	0.01758	0.00362	0.00537
63	0.01171	0.00977	0.06438	0.00849	0.01101	0.05001	0.01635	0.33121	0.10144	0.07815	0.03954	0.13443	0.03918	0.00713	0.01797	0.00145	0.01575	0.05253	0.00379	0.00574
64	0.00995	0.00721	0.00803	0.00714	0.00924	0.00772	0.00556	0.01721	0.47277	0.13052	0.14268	0.02083	0.13029	0.00660	0.00436	0.00136	0.00292	0.00555	0.00430	0.00575
65	0.01218	0.01334	0.01326	0.01453	0.24464	0.33861	0.05519	0.06199	0.08597	0.01312	0.04903	0.01114	0.00843	0.00465	0.00446	0.00122	0.04330	0.01690	0.00253	0.00552
66	0.00954	0.01263	0.14310	0.05687	0.02059	0.04604	0.60768	0.01301	0.00952	0.01281	0.00828	0.02509	0.00636	0.00375	0.00462	0.00136	0.00666	0.00454	0.00204	0.00550
67	0.06160	0.00874	0.01004	0.00797	0.01092	0.03057	0.00650	0.26078	0.07673	0.42233	0.01358	0.03545	0.00942	0.00566	0.01923	0.00137	0.00398	0.00411	0.00442	0.00659
68	0.00499	0.00361	0.00473	0.00562	0.00593	0.00334	0.00377	0.00573	0.00795	0.01051	0.02375	0.80468	0.07480	0.01271	0.00522	0.00165	0.00236	0.01149	0.00381	0.00334
69	0.01115	0.04713	0.03953	0.05873	0.18289	0.11661	0.06586	0.10367	0.04418	0.09175	0.05168	0.09081	0.01882	0.00559	0.00449	0.00130	0.02866	0.02864	0.00298	0.00554
70	0.03313	0.01021	0.03431	0.01109	0.04887	0.13350	0.23450	0.10683	0.01010	0.03826	0.01045	0.05175	0.00975	0.19411	0.00821	0.00192	0.01943	0.03613	0.00265	0.00480
71	0.01126	0.80265	0.02086	0.00726	0.01068	0.07077	0.00708	0.01256	0.00856	0.00968	0.00575	0.00664	0.00527	0.00356	0.00270	0.00089	0.00459	0.00222	0.00178	0.00523
72	0.00768	0.04773	0.00742	0.00710	0.04306	0.00595	0.00493	0.10756	0.05342	0.04197	0.03698	0.47369	0.05256	0.08263	0.00614	0.00171	0.00305	0.00852	0.00363	0.00426
73	0.02665	0.02747	0.02894	0.10363	0.32230	0.19347	0.01047	0.12680	0.04498	0.02699	0.03632	0.01240	0.00886	0.00526	0.00461	0.00148	0.00574	0.00403	0.00304	0.00658
74	0.00895	0.00840	0.01384	0.13190	0.29588	0.02698	0.14971	0.03205	0.02021	0.01246	0.02348	0.01538	0.03152	0.12282	0.00674	0.00168	0.01981	0.03275	0.04034	0.00510
75	0.00605	0.00447	0.00533	0.00557	0.00654	0.00423	0.00403	0.00813	0.08824	0.03894	0.12926	0.39261	0.24893	0.01061	0.00495	0.00151	0.00240	0.03034	0.00398	0.00388
76	0.02154	0.06637	0.08250	0.07352	0.02836	0.18124	0.11650	0.05660	0.11901	0.06437	0.02398	0.08636	0.01912	0.00547	0.00418	0.00130	0.00511	0.03627	0.00287	0.00532
77	0.08042	0.10553	0.08173	0.01081	0.09401	0.14311	0.04339	0.22383	0.02605	0.10562	0.00896	0.01976	0.00685	0.01434	0.00413	0.00123	0.01792	0.00342	0.00297	0.00591
78	0.00530	0.00403	0.00463	0.00497	0.00570	0.00367	0.00343	0.01939	0.00843	0.01068	0.03790	0.35573	0.35277	0.14408	0.00752	0.00191	0.00256	0.02034	0.00362	0.00333
79	0.00975	0.00934	0.01593	0.16399	0.69452	0.00965	0.01240	0.01224	0.00915	0.01292	0.00765	0.01029	0.00633	0.00373	0.00407	0.00124	0.00498	0.00366	0.00200	0.00617
80	0.01238	0.07314	0.23333	0.01090	0.07559	0.12333	0.01973	0.21024	0.07532	0.08785	0.00943	0.00995	0.00692	0.00440	0.00387	0.00121	0.00511	0.00340	0.02776	0.00613
81	0.00838	0.05203	0.05759	0.01092	0.17409	0.06211	0.03354	0.04355	0.04295	0.02605	0.08299	0.22167	0.10523	0.00766	0.00452	0.00138	0.00383	0.05352	0.00316	0.00482
82	0.00983	0.00959	0.00828	0.00752	0.00938	0.19429	0.00575	0.04953	0.29835	0.01487	0.18876	0.02004	0.13426	0.00652	0.00428	0.00128	0.00376	0.00530	0.02332	0.00507
83	0.01035	0.41940	0.05235	0.04982	0.03304	0.16275	0.00732	0.01210	0.03545	0.01041	0.00947	0.16179	0.00954	0.00547	0.00352	0.00112	0.00468	0.00423	0.00228	0.00490
84	0.03847	0.08534	0.44684	0.01174	0.04289	0.03088	0.13200	0.04814	0.00950	0.07127	0.00892	0.01006	0.02765	0.00414	0.00405	0.00127	0.01526	0.00348	0.00223	0.00587
85	0.01136	0.06790	0.02738	0.00787	0.00998	0.23749	0.00624	0.12112	0.06404	0.08966	0.05242	0.15589	0.11800	0.00687	0.00422	0.00127	0.00437	0.00554	0.00337	0.00499
86	0.00731	0.00532	0.00610	0.00587	0.00705	0.00537	0.00430	0.02625	0.17594	0.05357	0.14079	0.13804	0.17389	0.18260	0.00805	0.00196	0.00293	0.04668	0.00379	0.00419
87	0.05489	0.05919	0.22811	0.04645	0.04293	0.18378	0.05554	0.05306	0.05443	0.09825	0.00968	0.04259	0.02042	0.00472	0.00417	0.00126	0.02865	0.00369	0.00260	0.00556
88	0.01103	0.65301	0.06037	0.00808	0.01152	0.08504	0.04730	0.01303	0.04401	0.01033	0.00657	0.00768	0.00578	0.01741	0.00326	0.00101	0.00480	0.00257	0.00192	0.00529
89	0.04108	0.00678	0.00748	0.00652	0.00835	0.00710	0.00506	0.21701	0.11303	0.06986	0.01794	0.07560	0.16569	0.00784	0.00579	0.12348	0.00319	0.00528	0.10811	0.00481
90	0.03239	0.01453	0.31341	0.04133	0.01620	0.10763	0.21316	0.04103	0.02016	0.02788	0.12183	0.01242	0.01036	0.00453	0.00423	0.00129	0.00564	0.00412	0.00245	0.00543
91	0.01032	0.01262	0.12560	0.01149	0.11315	0.22337	0.05232	0.03010	0.13080	0.01283	0.03058	0.08768	0.04575	0.00577	0.00465	0.00131	0.04693	0.02695	0.02253	0.00524
92	0.00683	0.00494	0.00629	0.01988	0.10781	0.00469	0.00435	0.00774	0.00815	0.05133	0.06191	0.04602	0.26057	0.34835	0.01108	0.00239	0.00330	0.00649	0.03419	0.00367
93	0.00977	0.03452	0.00926	0.00774	0.00952	0.00720	0.05924	0.18691	0.03742	0.09062	0.07352	0.12535	0.01660	0.12922	0.02572	0.00194	0.00401	0.16299	0.00364	0.00480
94	0.00765	0.04931	0.01088	0.00847	0.01053	0.03636	0.18810	0.04476	0.06827	0.01294	0.09858	0.14898	0.26583	0.00784	0.00478	0.00139	0.01292	0.01461	0.00334	0.00447
95	0.00639	0.00480	0.00644	0.03357	0.09575	0.00448	0.00499	0.00758	0.00884	0.05205	0.05213	0.35074	0.27444	0.03257	0.00532	0.00156	0.00280	0.04798	0.00361	0.00395
96	0.00513	0.00384	0.00460	0.00506	0.00567	0.00349	0.00345	0.00595	0.00836	0.01081	0.08667	0.45093	0.26716	0.11087	0.00693	0.00183	0.00245	0.00978	0.00371	0.00331
97	0.00932	0.00994	0.01455	0.01211	0.05874	0.14301	0.31902	0.03978	0.00970	0.01214	0.02790	0.07575	0.10765	0.03509	0.09490	0.00198	0.01575	0.00535	0.00255	0.00477
98	0.03247	0.00984	0.01847	0.06184	0.01790	0.05024	0.53081	0.04029	0.00958	0.01287	0.01041	0.14616	0.00950	0.00534	0.00496	0.02035	0.00587	0.00563	0.00242	0.00503
99	0.00617	0.00544	0.00779	0.00744	0.00848	0.04068	0.11681	0.00738	0.00855	0.01100	0.02226	0.55581	0.12348	0.01079	0.00509	0.00158	0.00326	0.05077	0.00349	0.00374
100	0.00872	0.00681	0.00762	0.03685	0.00914	0.04265	0.00555	0.23523	0.02005	0.01530	0.05825	0.41557	0.05572	0.00944	0.00479	0.00149	0.00337	0.05510	0.00379	0.00456
101	0.01080	0.03673	0.00949	0.00803	0.01039	0.05896	0.00631	0.05456	0.58567	0.06803	0.01771	0.01648	0.08717	0.00581	0.00415	0.00134	0.00350	0.00474	0.00400	0.00612

[dist]
# distance from previous block
# <min> <max>
6	107

[block]
# block no. 2 follows, 65 sequences, length 42
# corresponding to MSA columns:
# 875-916
name=unknown_C
#
# <colnr> <probs for GDERKNQSTAVLIFYWHMCP>
#	G	D	E	R	K	N	Q	S	T	A	V	L	I	F	Y	W	H	M	C	P
0	0.01347	0.01121	0.01088	0.00882	0.01156	0.11935	0.00705	0.48114	0.12565	0.02085	0.07991	0.01240	0.01037	0.02575	0.00449	0.00128	0.00443	0.00400	0.00378	0.04362
1	0.00928	0.09412	0.07450	0.00826	0.05600	0.07718	0.02243	0.02647	0.06699	0.09510	0.05562	0.12237	0.07675	0.11736	0.07072	0.00205	0.00458	0.01244	0.00306	0.00471
2	0.00958	0.16088	0.25755	0.01046	0.01435	0.01053	0.16384	0.11447	0.04239	0.01409	0.04252	0.01330	0.09484	0.00490	0.00430	0.00126	0.02851	0.00416	0.00253	0.00556
3	0.00504	0.00364	0.00470	0.00554	0.00585	0.00338	0.00369	0.00574	0.00787	0.01039	0.02347	0.75175	0.08368	0.05683	0.00603	0.00177	0.00244	0.01116	0.00374	0.00330
4	0.01150	0.21334	0.15816	0.00957	0.01247	0.34730	0.02410	0.01334	0.00965	0.01063	0.00803	0.05378	0.00737	0.00572	0.03139	0.00134	0.03829	0.03695	0.00211	0.00496
5	0.00971	0.02473	0.18235	0.08443	0.31876	0.03062	0.07815	0.05899	0.04075	0.01375	0.01977	0.01042	0.00687	0.01561	0.00422	0.00124	0.00509	0.00359	0.00224	0.08872
6	0.00586	0.00407	0.00513	0.00521	0.00544	0.00426	0.00338	0.00635	0.00632	0.00864	0.01319	0.09401	0.01459	0.54103	0.26066	0.00455	0.00591	0.00599	0.00251	0.00291
7	0.00601	0.00410	0.00497	0.00505	0.00524	0.00421	0.00323	0.00639	0.00636	0.00856	0.01340	0.02693	0.01498	0.66231	0.14022	0.00419	0.00500	0.07353	0.00255	0.00277
8	0.00851	0.00845	0.04622	0.00947	0.01177	0.07619	0.21989	0.02646	0.00999	0.05561	0.11821	0.05670	0.19514	0.02885	0.00538	0.00147	0.02516	0.08875	0.00319	0.00456
9	0.01061	0.12685	0.09848	0.03679	0.33729	0.07771	0.02792	0.04697	0.04781	0.04197	0.00848	0.03131	0.00709	0.00522	0.03154	0.00140	0.05080	0.00363	0.00230	0.00583
10	0.01032	0.00967	0.01610	0.11992	0.63227	0.00996	0.04590	0.08079	0.01007	0.01412	0.00788	0.01026	0.00641	0.00381	0.00411	0.00124	0.00500	0.00371	0.00219	0.00627
11	0.00589	0.00425	0.00494	0.00499	0.00618	0.00377	0.00373	0.00705	0.00931	0.05952	0.11578	0.18662	0.47708	0.01144	0.04862	0.00171	0.00273	0.03879	0.00387	0.00371
12	0.00924	0.08280	0.17252	0.01429	0.22408	0.05284	0.12788	0.01177	0.00908	0.02501	0.01175	0.04829	0.07715	0.00535	0.00486	0.00133	0.06282	0.05120	0.00232	0.00541
13	0.00901	0.06361	0.10565	0.01350	0.26365	0.05670	0.01993	0.04127	0.03989	0.01253	0.03301	0.12067	0.05982	0.03261	0.02683	0.00156	0.07450	0.01750	0.00257	0.00522
14	0.00590	0.00429	0.00590	0.00605	0.00662	0.00466	0.00450	0.00700	0.00691	0.00954	0.01429	0.05824	0.04484	0.23165	0.47946	0.00503	0.00777	0.09142	0.00257	0.00336
15	0.00975	0.00939	0.04097	0.11281	0.38087	0.02675	0.11083	0.01238	0.02979	0.05547	0.02938	0.01152	0.00768	0.00648	0.07488	0.00176	0.06736	0.00397	0.00228	0.00568
16	0.03187	0.10629	0.16371	0.01118	0.05051	0.16414	0.11646	0.13554	0.03091	0.06682	0.01710	0.03710	0.00724	0.00459	0.00431	0.00124	0.03900	0.00368	0.00262	0.00568
17	0.00961	0.04274	0.01292	0.10036	0.39082	0.09363	0.00953	0.03040	0.05236	0.01304	0.07595	0.06135	0.04266	0.00538	0.00421	0.00128	0.00455	0.04113	0.00261	0.00546
18	0.00593	0.00448	0.00534	0.00563	0.00651	0.00427	0.00405	0.07491	0.00933	0.01208	0.04143	0.48536	0.25925	0.01194	0.03233	0.00171	0.00278	0.02518	0.00380	0.00371
19	0.01195	0.31530	0.16800	0.03540	0.01357	0.19809	0.05082	0.04880	0.04389	0.06715	0.00769	0.00853	0.00602	0.00401	0.00350	0.00110	0.00544	0.00293	0.00228	0.00553
20	0.00950	0.15043	0.28945	0.04424	0.14729	0.03249	0.08540	0.06012	0.03615	0.01306	0.01012	0.02661	0.05759	0.00480	0.01449	0.00130	0.00526	0.00380	0.00222	0.00569
21	0.00584	0.00444	0.00652	0.00661	0.00723	0.00512	0.00506	0.00716	0.00680	0.00970	0.01275	0.15829	0.01294	0.02680	0.66490	0.00557	0.04256	0.00560	0.00246	0.00364
22	0.06129	0.01172	0.21018	0.02160	0.06499	0.08739	0.04290	0.05769	0.04730	0.07683	0.02255	0.01517	0.04349	0.15100	0.00727	0.00177	0.03706	0.02348	0.01124	0.00508
23	0.08983	0.07663	0.12401	0.16970	0.02645	0.02684	0.04767	0.12257	0.03674	0.07806	0.01136	0.09121	0.04086	0.00621	0.03307	0.00149	0.00477	0.00442	0.00282	0.00529
24	0.00668	0.00464	0.00566	0.00551	0.00670	0.00434	0.00415	0.00889	0.07041	0.07012	0.36078	0.17218	0.21256	0.00930	0.00485	0.00141	0.00233	0.04118	0.00422	0.00409
25	0.00505	0.00374	0.00471	0.00537	0.00589	0.00341	0.00368	0.00593	0.00849	0.01114	0.09929	0.62182	0.18253	0.01198	0.00513	0.00158	0.00228	0.01071	0.00387	0.00341
26	0.03850	0.01254	0.08463	0.05599	0.06431	0.12730	0.18789	0.26480	0.03550	0.07481	0.00906	0.01010	0.00662	0.00429	0.00415	0.00126	0.00551	0.00375	0.00295	0.00603
27	0.00989	0.31930	0.42298	0.00985	0.01432	0.06428	0.01125	0.03330	0.00887	0.01177	0.00666	0.00789	0.00529	0.00400	0.00400	0.00116	0.05497	0.00276	0.00183	0.00563
28	0.03056	0.00468	0.00518	0.00505	0.00635	0.00429	0.00377	0.05540	0.01004	0.03485	0.16306	0.18824	0.45392	0.00988	0.00479	0.00141	0.00233	0.00843	0.00394	0.00384
29	0.00935	0.13600	0.61577	0.01141	0.04436	0.08955	0.01327	0.01321	0.00893	0.01227	0.00705	0.00831	0.00526	0.00387	0.00371	0.00122	0.00592	0.00290	0.00178	0.00585
30	0.02303	0.04460	0.08340	0.04462	0.02482	0.22620	0.02926	0.20183	0.03827	0.05534	0.04592	0.12033	0.02213	0.00586	0.00414	0.00127	0.00497	0.01554	0.00311	0.00536
31	0.01447	0.00756	0.00914	0.00729	0.00999	0.00740	0.00592	0.21026	0.06233	0.40882	0.09985	0.01683	0.07686	0.00582	0.00421	0.00127	0.00340	0.00474	0.03762	0.00624
32	0.00606	0.00426	0.00528	0.00524	0.00629	0.00387	0.00395	0.00753	0.01019	0.04811	0.39123	0.13688	0.24084	0.03731	0.00546	0.00150	0.00232	0.07576	0.00414	0.00378
33	0.03685	0.08261	0.06403	0.02052	0.03233	0.36766	0.02438	0.14044	0.05675	0.06673	0.00853	0.01819	0.00672	0.00553	0.03689	0.00137	0.01906	0.00325	0.00270	0.00545
34	0.53955	0.18344	0.04181	0.02992	0.01001	0.03216	0.00600	0.09173	0.00870	0.01672	0.00625	0.00718	0.00494	0.00388	0.00284	0.00118	0.00384	0.00244	0.00247	0.00494
35	0.00505	0.00381	0.00469	0.00533	0.00596	0.00345	0.00374	0.00594	0.00845	0.01086	0.04330	0.55540	0.26683	0.01197	0.00514	0.00159	0.00235	0.04891	0.00382	0.00340
36	0.01006	0.24013	0.46941	0.01040	0.01507	0.13558	0.02741	0.01328	0.00901	0.01163	0.00677	0.00798	0.00525	0.00389	0.00371	0.00116	0.01903	0.00280	0.00180	0.00563
37	0.02084	0.05303	0.02625	0.21851	0.28169	0.11957	0.03245	0.06820	0.03206	0.06127	0.00843	0.01032	0.00655	0.00410	0.00392	0.00122	0.00512	0.00352	0.03732	0.00563
38	0.02410	0.30383	0.02644	0.00933	0.03166	0.08131	0.11794	0.15668	0.01100	0.01400	0.07568	0.06587	0.03097	0.00577	0.02716	0.00130	0.00483	0.00418	0.00269	0.00527
39	0.05547	0.00675	0.00715	0.00656	0.00825	0.03794	0.00516	0.16059	0.07198	0.07150	0.05091	0.14427	0.08068	0.00734	0.00420	0.00134	0.00317	0.09316	0.17879	0.00479
40	0.00902	0.00748	0.00709	0.00641	0.00776	0.11985	0.00462	0.06432	0.09118	0.05848	0.11606	0.05149	0.07631	0.29826	0.00997	0.00218	0.00388	0.01233	0.00327	0.05004
41	0.26882	0.09706	0.17450	0.03593	0.01244	0.18205	0.00822	0.09241	0.04414	0.02276	0.00722	0.00813	0.00556	0.00408	0.00336	0.00119	0.00495	0.00278	0.00244	0.02196

[dist]
# distance from previous block
# <min> <max>
0	50

[block]
# block no. 3 follows, 65 sequences, length 34
# corresponding to MSA columns:
# 970-1003
name=unknown_D
#
# <colnr> <probs for GDERKNQSTAVLIFYWHMCP>
#	G	D	E	R	K	N	Q	S	T	A	V	L	I	F	Y	W	H	M	C	P
0	0.25197	0.05425	0.00893	0.00721	0.00928	0.06079	0.05458	0.05466	0.10716	0.05257	0.06591	0.09883	0.05772	0.00669	0.00474	0.06506	0.00366	0.02820	0.00315	0.00466
1	0.00941	0.04016	0.01118	0.03147	0.27643	0.10248	0.00776	0.02453	0.08275	0.01249	0.04644	0.03531	0.02695	0.12747	0.02271	0.00170	0.01877	0.02311	0.02768	0.07120
2	0.28520	0.00993	0.01003	0.00865	0.01110	0.08270	0.04762	0.05688	0.21310	0.10353	0.03305	0.01318	0.02036	0.00676	0.04225	0.00175	0.04028	0.00403	0.00363	0.00596
3	0.50977	0.05120	0.00849	0.00694	0.00937	0.15841	0.00557	0.11456	0.00951	0.01684	0.00763	0.07113	0.00667	0.00470	0.00316	0.00124	0.00410	0.00320	0.00272	0.00478
4	0.00634	0.00423	0.00531	0.00556	0.00650	0.00377	0.00401	0.00726	0.00866	0.07308	0.05641	0.46017	0.20652	0.01104	0.00537	0.03396	0.00253	0.04950	0.00379	0.04600
5	0.04664	0.08904	0.06613	0.00999	0.01256	0.29222	0.14928	0.02711	0.00978	0.05034	0.02367	0.01271	0.04933	0.09621	0.02216	0.00160	0.03014	0.00389	0.00240	0.00480
6	0.03275	0.05268	0.00996	0.00797	0.01023	0.10180	0.04506	0.11327	0.02519	0.25818	0.01586	0.18187	0.04501	0.00707	0.00438	0.00136	0.00402	0.07415	0.00382	0.00537
7	0.00509	0.00407	0.00456	0.00464	0.00574	0.00354	0.00340	0.00628	0.00963	0.01221	0.21644	0.16873	0.52054	0.01034	0.00491	0.00141	0.00210	0.00887	0.00397	0.00354
8	0.00684	0.00452	0.00569	0.00546	0.00672	0.00409	0.00428	0.00852	0.01077	0.08851	0.44923	0.03353	0.22439	0.00900	0.00490	0.00140	0.00238	0.12145	0.00429	0.00404
9	0.02997	0.09434	0.07521	0.02155	0.01427	0.06769	0.17178	0.28460	0.07426	0.06050	0.01861	0.01028	0.00725	0.00434	0.00400	0.00121	0.00504	0.00371	0.00307	0.04834
10	0.00969	0.00764	0.00844	0.00750	0.00955	0.00846	0.00584	0.06784	0.51578	0.05201	0.23845	0.01912	0.01926	0.00628	0.00435	0.00135	0.00298	0.00532	0.00430	0.00583
11	0.00529	0.00392	0.00494	0.00522	0.00595	0.00357	0.00371	0.00654	0.00959	0.01292	0.34042	0.38799	0.17348	0.01068	0.00502	0.00147	0.00215	0.00948	0.00409	0.00357
12	0.00843	0.00818	0.01273	0.07856	0.27741	0.03582	0.11844	0.01103	0.05882	0.01249	0.04359	0.09224	0.15440	0.00627	0.00497	0.00137	0.05041	0.01699	0.00272	0.00511
13	0.01064	0.12273	0.50105	0.01051	0.01534	0.09281	0.01202	0.12556	0.02245	0.03865	0.00781	0.00871	0.00572	0.00409	0.00376	0.00121	0.00566	0.00304	0.00224	0.00600
14	0.00863	0.01792	0.58198	0.01295	0.01810	0.00996	0.20272	0.01280	0.00873	0.01280	0.00744	0.00926	0.00546	0.00404	0.00484	0.00136	0.06987	0.00350	0.00182	0.00582
15	0.00593	0.00415	0.00535	0.00535	0.00566	0.00446	0.00358	0.00653	0.00623	0.00861	0.01213	0.02242	0.01300	0.51476	0.35924	0.00506	0.00688	0.00532	0.00237	0.00297
16	0.05034	0.01201	0.14722	0.05882	0.15381	0.09442	0.14300	0.06525	0.02864	0.12232	0.00938	0.03031	0.00721	0.00528	0.03233	0.00147	0.02590	0.00388	0.00264	0.00577
17	0.00580	0.00386	0.00515	0.00574	0.00626	0.00362	0.00397	0.00673	0.00841	0.05297	0.10208	0.66509	0.04956	0.01282	0.04541	0.00184	0.00280	0.01043	0.00387	0.00359
18	0.00588	0.00402	0.00485	0.00492	0.00506	0.00412	0.00302	0.00618	0.00622	0.00841	0.01335	0.08749	0.01508	0.65579	0.15495	0.00424	0.00502	0.00614	0.00254	0.00275
19	0.00626	0.00448	0.00618	0.00697	0.00781	0.00440	0.00583	0.00798	0.00948	0.01254	0.12531	0.16852	0.02610	0.01120	0.00550	0.00178	0.00333	0.57873	0.00388	0.00372
20	0.04760	0.29704	0.35509	0.01031	0.06920	0.01172	0.01064	0.06761	0.00949	0.07494	0.00760	0.00847	0.00577	0.00391	0.00346	0.00115	0.00501	0.00289	0.00221	0.00589
21	0.00612	0.00471	0.00572	0.00617	0.00701	0.00474	0.00449	0.00899	0.15420	0.01224	0.06859	0.49720	0.10734	0.01091	0.00503	0.00159	0.00261	0.08445	0.00391	0.00399
22	0.08095	0.00729	0.00863	0.00690	0.00958	0.00716	0.00562	0.14965	0.04961	0.44370	0.01384	0.01305	0.00938	0.00492	0.00377	0.00121	0.00333	0.00388	0.17137	0.00617
23	0.01109	0.08738	0.44757	0.01099	0.01545	0.24805	0.03495	0.07460	0.01032	0.01286	0.00715	0.00830	0.00539	0.00403	0.00378	0.00119	0.00622	0.00296	0.00203	0.00568
24	0.00977	0.01026	0.08209	0.35801	0.02834	0.08962	0.02510	0.07103	0.19510	0.02985	0.01149	0.01283	0.04922	0.00481	0.00412	0.00133	0.00494	0.00402	0.00272	0.00536
25	0.01510	0.00415	0.00512	0.00539	0.00624	0.00384	0.00402	0.00689	0.00949	0.01269	0.27503	0.23172	0.21615	0.05835	0.00595	0.00165	0.00248	0.12825	0.00394	0.00356
26	0.01842	0.00699	0.00953	0.00730	0.01048	0.00603	0.00603	0.02000	0.01175	0.83298	0.01619	0.01397	0.01016	0.00508	0.00413	0.00127	0.00349	0.00413	0.00508	0.00699
27	0.01882	0.09419	0.49227	0.01234	0.01739	0.01020	0.22053	0.02834	0.00921	0.01318	0.04017	0.00997	0.00683	0.00395	0.00405	0.00128	0.00591	0.00360	0.00199	0.00577
28	0.00561	0.00427	0.00512	0.00550	0.00629	0.00402	0.00388	0.03379	0.04341	0.01197	0.09875	0.50526	0.23443	0.01125	0.00502	0.00153	0.00237	0.00995	0.00390	0.00367
29	0.00894	0.00893	0.01256	0.03721	0.01133	0.01246	0.00906	0.00990	0.00635	0.00990	0.00545	0.00904	0.00539	0.00709	0.01317	0.00178	0.82155	0.00359	0.00180	0.00449
30	0.03560	0.07567	0.01814	0.02784	0.01621	0.14600	0.38498	0.03164	0.00927	0.01204	0.00727	0.00975	0.00593	0.00527	0.03402	0.00154	0.16774	0.00391	0.00207	0.00511
31	0.00937	0.04929	0.27904	0.08582	0.23252	0.04360	0.09550	0.05101	0.00955	0.01307	0.01011	0.01176	0.06795	0.00440	0.00424	0.00128	0.01976	0.00385	0.00215	0.00573
32	0.00591	0.00437	0.00538	0.00513	0.00621	0.00408	0.00386	0.00810	0.04576	0.01544	0.61226	0.04413	0.16256	0.00856	0.00476	0.00131	0.00205	0.01789	0.03835	0.00391
33	0.01077	0.02768	0.05413	0.08158	0.47105	0.11225	0.01094	0.04701	0.11826	0.01369	0.00875	0.01041	0.00701	0.00408	0.00400	0.00123	0.00505	0.00361	0.00238	0.00611

[dist]
# distance from previous block
# <min> <max>
0	17

# created by:
# /st0/software/busco_prod/Augustus/scripts/msa2prfl.pl ./align_prep/32146.fa
