[name]
unknown

[dist]
# distance from previous block
# <min> <max>
0	130

[block]
# block no. 0 follows, 62 sequences, length 24
# corresponding to MSA columns:
# 191-214
name=unknown_A
#
# <colnr> <probs for GDERKNQSTAVLIFYWHMCP>
#	G	D	E	R	K	N	Q	S	T	A	V	L	I	F	Y	W	H	M	C	P
0	0.07569	0.00987	0.01102	0.00883	0.01170	0.03471	0.02760	0.38079	0.03097	0.07872	0.01116	0.03873	0.00918	0.00564	0.00471	0.00129	0.05169	0.06981	0.00367	0.13422
1	0.01213	0.01219	0.03191	0.06783	0.01313	0.30262	0.05654	0.06668	0.03099	0.08751	0.04901	0.05988	0.03004	0.00638	0.00448	0.00136	0.00543	0.12737	0.00315	0.03137
2	0.06635	0.24903	0.01258	0.04701	0.01053	0.07661	0.03748	0.03525	0.04646	0.06388	0.02237	0.06019	0.01059	0.19189	0.00764	0.00183	0.00447	0.02211	0.00272	0.03101
3	0.00807	0.04596	0.00771	0.04648	0.00895	0.03031	0.00518	0.00922	0.00878	0.09614	0.01768	0.50170	0.01944	0.00959	0.00499	0.00145	0.02866	0.00841	0.00355	0.13772
4	0.05671	0.04947	0.09904	0.00816	0.01153	0.03642	0.03107	0.01701	0.01112	0.48192	0.07580	0.01491	0.01165	0.00527	0.00416	0.00128	0.00405	0.02817	0.00418	0.04807
5	0.00962	0.08228	0.24662	0.18777	0.04934	0.01016	0.12094	0.05116	0.04852	0.03706	0.04939	0.01140	0.00805	0.00442	0.00438	0.00131	0.02411	0.00385	0.00240	0.04721
6	0.00964	0.01062	0.04181	0.05607	0.10349	0.00969	0.53078	0.01281	0.00972	0.01348	0.00898	0.02383	0.00726	0.00399	0.00467	0.00133	0.00619	0.02885	0.00225	0.11454
7	0.00793	0.00657	0.00930	0.27709	0.01508	0.04659	0.00766	0.00979	0.00785	0.04944	0.01004	0.01453	0.00875	0.04542	0.43073	0.00428	0.03812	0.00423	0.00229	0.00431
8	0.00984	0.16590	0.32847	0.18293	0.14319	0.01133	0.01241	0.07392	0.00978	0.01341	0.00757	0.00941	0.00581	0.00406	0.00389	0.00126	0.00554	0.00327	0.00206	0.00596
9	0.00902	0.04804	0.01205	0.27220	0.03766	0.00868	0.09200	0.09633	0.06109	0.02629	0.01376	0.08789	0.04924	0.07204	0.00593	0.00167	0.00473	0.09350	0.00293	0.00494
10	0.00914	0.46865	0.09367	0.00726	0.01038	0.01170	0.03149	0.01097	0.00945	0.01184	0.14445	0.01691	0.14751	0.00569	0.00368	0.00113	0.00399	0.00444	0.00265	0.00500
11	0.01028	0.00786	0.01164	0.27844	0.15368	0.00847	0.02231	0.08682	0.06433	0.11165	0.09994	0.02567	0.05341	0.00571	0.00448	0.00139	0.00442	0.04071	0.00324	0.00557
12	0.01084	0.31308	0.05452	0.15913	0.14949	0.02571	0.07171	0.03122	0.06471	0.04968	0.00822	0.00981	0.00657	0.00414	0.00398	0.00121	0.02451	0.00339	0.00230	0.00578
13	0.07224	0.01034	0.04024	0.13186	0.30475	0.04754	0.12298	0.06750	0.01056	0.13713	0.00928	0.01092	0.00691	0.00418	0.00421	0.00132	0.00523	0.00387	0.00273	0.00618
14	0.00507	0.00416	0.00446	0.00470	0.00585	0.00356	0.00341	0.00606	0.00932	0.01134	0.03834	0.23667	0.62955	0.01140	0.00513	0.00151	0.00223	0.00974	0.00395	0.00356
15	0.00684	0.00646	0.00635	0.00669	0.04633	0.08621	0.00472	0.00852	0.04656	0.01199	0.06806	0.11336	0.50639	0.00970	0.00511	0.00145	0.02169	0.03583	0.00369	0.00406
16	0.02546	0.04764	0.08096	0.14313	0.17695	0.09046	0.08218	0.08774	0.03226	0.11488	0.00925	0.01087	0.00698	0.00532	0.03086	0.00149	0.04113	0.00377	0.00270	0.00596
17	0.01115	0.31259	0.05293	0.00780	0.01061	0.01180	0.00704	0.24087	0.01152	0.01536	0.00917	0.01128	0.00775	0.04176	0.16312	0.00230	0.00577	0.00348	0.06824	0.00547
18	0.00745	0.00392	0.00414	0.00431	0.00517	0.00388	0.00315	0.00922	0.00879	0.01499	0.01556	0.16139	0.01392	0.00642	0.00340	0.00112	0.00207	0.00539	0.72185	0.00388
19	0.00614	0.00430	0.00554	0.00554	0.00585	0.00461	0.00369	0.00676	0.00645	0.00891	0.01259	0.02331	0.01350	0.51710	0.35233	0.00523	0.00709	0.00552	0.00246	0.00308
20	0.03083	0.01144	0.02928	0.05253	0.03278	0.05120	0.04976	0.52836	0.06021	0.05274	0.01091	0.05112	0.00838	0.00532	0.00430	0.00132	0.00480	0.00426	0.00382	0.00663
21	0.02389	0.01233	0.13902	0.03916	0.50547	0.05640	0.05138	0.02531	0.02625	0.03059	0.00821	0.01026	0.00658	0.00399	0.00431	0.00128	0.01842	0.00367	0.00222	0.03126
22	0.00816	0.03488	0.03200	0.09594	0.04454	0.01785	0.05401	0.03819	0.10012	0.01343	0.14154	0.05880	0.05179	0.08603	0.08653	0.00214	0.03711	0.02899	0.00311	0.06483
23	0.06910	0.31780	0.04761	0.00678	0.00943	0.01886	0.00611	0.03285	0.10396	0.01284	0.04318	0.05529	0.22553	0.00652	0.00401	0.00123	0.01752	0.00507	0.00299	0.01332

[dist]
# distance from previous block
# <min> <max>
1	7

[block]
# block no. 1 follows, 62 sequences, length 26
# corresponding to MSA columns:
# 223-248
name=unknown_B
#
# <colnr> <probs for GDERKNQSTAVLIFYWHMCP>
#	G	D	E	R	K	N	Q	S	T	A	V	L	I	F	Y	W	H	M	C	P
0	0.41359	0.01019	0.01046	0.09371	0.06936	0.10629	0.05993	0.06185	0.05671	0.01650	0.00748	0.00886	0.00583	0.00422	0.00367	0.00129	0.02268	0.00307	0.00261	0.04169
1	0.04041	0.00856	0.04964	0.09579	0.02094	0.05804	0.06649	0.08989	0.04855	0.05777	0.20541	0.05387	0.04153	0.02701	0.04860	0.00172	0.04402	0.00536	0.03139	0.00499
2	0.00853	0.00692	0.00972	0.05681	0.09724	0.00654	0.03677	0.01053	0.03231	0.05771	0.06097	0.23177	0.01446	0.00678	0.00492	0.00125	0.05924	0.00589	0.00309	0.28856
3	0.00901	0.03039	0.23982	0.00824	0.01143	0.00740	0.00822	0.06743	0.02950	0.07796	0.12430	0.13055	0.07293	0.00672	0.00472	0.00132	0.03526	0.01324	0.00326	0.11830
4	0.01031	0.03616	0.27579	0.01096	0.07924	0.17005	0.00999	0.04268	0.05471	0.03682	0.06307	0.01523	0.12157	0.00565	0.00473	0.00132	0.04912	0.00436	0.00271	0.00553
5	0.01354	0.02108	0.07631	0.02818	0.07286	0.10858	0.06316	0.33601	0.11934	0.06730	0.04326	0.01178	0.00902	0.00495	0.00427	0.00130	0.00503	0.00402	0.00354	0.00649
6	0.00608	0.00454	0.00672	0.00672	0.00744	0.00526	0.00518	0.00752	0.00680	0.00979	0.01150	0.01730	0.01089	0.07466	0.79120	0.00670	0.01102	0.00464	0.00230	0.00374
7	0.00687	0.00661	0.00911	0.00789	0.02289	0.05282	0.15020	0.00855	0.00994	0.01246	0.13786	0.07088	0.41134	0.02308	0.04866	0.00174	0.00394	0.00752	0.00348	0.00416
8	0.03910	0.00907	0.00981	0.00850	0.01112	0.01016	0.00671	0.08524	0.61608	0.13047	0.01632	0.01495	0.01193	0.00559	0.00426	0.00141	0.00351	0.00458	0.00440	0.00678
9	0.00914	0.00906	0.01271	0.01094	0.01098	0.01263	0.00910	0.01010	0.00653	0.01022	0.00589	0.00970	0.00585	0.00872	0.05677	0.00212	0.79926	0.00377	0.00188	0.00461
10	0.00680	0.00450	0.00572	0.00542	0.00659	0.00407	0.00406	0.00850	0.01130	0.07835	0.55756	0.11436	0.15819	0.00922	0.00500	0.00139	0.00220	0.00808	0.00454	0.00414
11	0.08406	0.02791	0.01209	0.58590	0.02358	0.03360	0.01020	0.08477	0.00964	0.03100	0.00886	0.01159	0.03106	0.00459	0.00431	0.00138	0.02439	0.00376	0.00232	0.00499
12	0.00529	0.00431	0.00468	0.00461	0.00591	0.00370	0.00345	0.00660	0.01028	0.01293	0.24539	0.05500	0.60243	0.01029	0.00503	0.00142	0.00212	0.00871	0.00414	0.00370
13	0.00735	0.00617	0.00823	0.07939	0.05385	0.00598	0.06079	0.07064	0.03623	0.03193	0.06346	0.09152	0.45057	0.00872	0.00485	0.00143	0.00325	0.00752	0.00365	0.00448
14	0.00853	0.02201	0.82841	0.01213	0.01842	0.00988	0.01572	0.01348	0.00898	0.01348	0.00764	0.00898	0.00539	0.00404	0.00404	0.00135	0.00629	0.00314	0.00180	0.00629
15	0.01050	0.50365	0.01606	0.00703	0.00963	0.03638	0.00632	0.01175	0.00839	0.07312	0.00868	0.01174	0.00799	0.10575	0.16420	0.00245	0.00583	0.00333	0.00227	0.00494
16	0.02914	0.01090	0.01361	0.01037	0.01379	0.01158	0.11166	0.51994	0.07107	0.14664	0.01142	0.01136	0.00799	0.00496	0.00434	0.00132	0.00473	0.00410	0.00412	0.00697
17	0.02369	0.00914	0.01376	0.23897	0.20239	0.01007	0.05960	0.17465	0.01131	0.08233	0.00975	0.05489	0.00791	0.00543	0.01585	0.00146	0.06573	0.00433	0.00284	0.00588
18	0.00798	0.00607	0.00726	0.00671	0.00767	0.02948	0.00497	0.12742	0.00915	0.01249	0.07437	0.01991	0.01364	0.27832	0.34925	0.00445	0.02890	0.00513	0.00284	0.00401
19	0.01072	0.00992	0.01029	0.00779	0.01129	0.11444	0.03292	0.10820	0.03330	0.01508	0.00806	0.00913	0.00650	0.00364	0.00347	0.00082	0.00406	0.00286	0.00273	0.60479
20	0.01503	0.01258	0.07620	0.01024	0.01374	0.06374	0.05441	0.54850	0.04014	0.08571	0.01044	0.01069	0.00744	0.00558	0.02443	0.00142	0.00518	0.00386	0.00385	0.00683
21	0.01362	0.03113	0.02811	0.03651	0.01310	0.04792	0.05495	0.40389	0.03742	0.10067	0.02438	0.07628	0.00965	0.00593	0.00532	0.00138	0.08677	0.01302	0.00371	0.00626
22	0.00836	0.00755	0.01142	0.38444	0.13429	0.00779	0.00912	0.01068	0.00883	0.01237	0.02865	0.07579	0.00860	0.00466	0.00402	0.00118	0.00448	0.00414	0.00234	0.27128
23	0.00937	0.00855	0.00907	0.00666	0.01032	0.06984	0.00529	0.01120	0.00907	0.01360	0.00749	0.00873	0.00624	0.00325	0.00320	0.00067	0.00350	0.00254	0.00250	0.80891
24	0.02366	0.00769	0.00902	0.00661	0.01016	0.00621	0.00531	0.03142	0.02015	0.06094	0.02082	0.00962	0.00714	0.00358	0.00359	0.00075	0.02695	0.00280	0.00276	0.74086
25	0.03784	0.05159	0.02864	0.02649	0.01141	0.00810	0.03464	0.11671	0.09025	0.24185	0.04409	0.05016	0.02783	0.00526	0.00403	0.00118	0.00375	0.01175	0.00380	0.20061

[dist]
# distance from previous block
# <min> <max>
0	7

[block]
# block no. 2 follows, 62 sequences, length 13
# corresponding to MSA columns:
# 258-270
name=unknown_C
#
# <colnr> <probs for GDERKNQSTAVLIFYWHMCP>
#	G	D	E	R	K	N	Q	S	T	A	V	L	I	F	Y	W	H	M	C	P
0	0.28740	0.03808	0.13130	0.00914	0.05608	0.00989	0.02703	0.12954	0.11280	0.09103	0.01169	0.01192	0.05726	0.00487	0.00374	0.00133	0.00414	0.00370	0.00321	0.00585
1	0.01355	0.04124	0.01176	0.00985	0.01221	0.41394	0.03332	0.13119	0.07600	0.03719	0.00987	0.06198	0.00853	0.00644	0.03950	0.00145	0.02270	0.01900	0.00289	0.04737
2	0.00958	0.00866	0.01363	0.01883	0.52628	0.00849	0.01004	0.05001	0.01040	0.01480	0.13617	0.01523	0.04984	0.00560	0.02550	0.00137	0.00442	0.00455	0.00274	0.08385
3	0.01053	0.01011	0.01727	0.02612	0.82392	0.01011	0.01306	0.01306	0.00969	0.01390	0.00800	0.01053	0.00674	0.00379	0.00421	0.00126	0.00505	0.00379	0.00211	0.00674
4	0.01152	0.07524	0.07965	0.01744	0.38708	0.14667	0.04193	0.07010	0.01060	0.01390	0.00772	0.00949	0.00631	0.00391	0.00394	0.00115	0.00539	0.00336	0.00228	0.10231
5	0.00804	0.00756	0.01276	0.84023	0.02931	0.00945	0.01182	0.01087	0.00851	0.01087	0.00756	0.01134	0.00567	0.00425	0.00425	0.00142	0.00567	0.00378	0.00189	0.00473
6	0.00610	0.00449	0.00526	0.00508	0.00624	0.00409	0.00376	0.00793	0.03626	0.03027	0.39873	0.07286	0.31561	0.04947	0.00573	0.00152	0.00226	0.00802	0.03239	0.00392
7	0.00603	0.00398	0.00518	0.00588	0.00642	0.00364	0.00403	0.00685	0.00854	0.06120	0.02482	0.72335	0.09891	0.01260	0.00532	0.00168	0.00251	0.01133	0.00403	0.00370
8	0.00675	0.00477	0.00543	0.00514	0.00661	0.00426	0.00389	0.00863	0.04874	0.08167	0.24964	0.06968	0.46990	0.00962	0.00495	0.00141	0.00231	0.00817	0.00428	0.00416
9	0.00547	0.00409	0.00510	0.00548	0.00626	0.00372	0.00395	0.00670	0.00968	0.01283	0.25024	0.38889	0.21887	0.01136	0.00524	0.00156	0.00234	0.05040	0.00415	0.00367
10	0.07740	0.00873	0.00950	0.00758	0.01029	0.00925	0.00618	0.39736	0.01476	0.17581	0.01209	0.01223	0.00861	0.00502	0.00382	0.00121	0.00369	0.00384	0.22642	0.00621
11	0.01090	0.00762	0.00917	0.00863	0.06942	0.00791	0.00624	0.21121	0.12564	0.10212	0.26095	0.02095	0.04855	0.04902	0.00540	0.00148	0.00341	0.02186	0.02390	0.00564
12	0.00979	0.00922	0.01437	0.16864	0.46327	0.05036	0.03437	0.02549	0.00962	0.02651	0.01041	0.12344	0.00976	0.00538	0.00442	0.00137	0.00496	0.02041	0.00244	0.00578

[dist]
# distance from previous block
# <min> <max>
1	6

[block]
# block no. 3 follows, 62 sequences, length 15
# corresponding to MSA columns:
# 277-291
name=unknown_D
#
# <colnr> <probs for GDERKNQSTAVLIFYWHMCP>
#	G	D	E	R	K	N	Q	S	T	A	V	L	I	F	Y	W	H	M	C	P
0	0.15633	0.08693	0.01176	0.00870	0.02830	0.02520	0.02066	0.37242	0.05838	0.05214	0.01024	0.06169	0.00826	0.00511	0.00384	0.00124	0.00417	0.00392	0.00353	0.07720
1	0.51935	0.04016	0.00955	0.00998	0.15409	0.05841	0.00671	0.04277	0.02083	0.04412	0.00798	0.02737	0.00669	0.00452	0.00330	0.00131	0.00398	0.03092	0.00273	0.00521
2	0.15410	0.02357	0.06403	0.36583	0.06208	0.00949	0.05912	0.03665	0.07217	0.06232	0.00943	0.04681	0.00745	0.00471	0.00405	0.00139	0.00489	0.00402	0.00258	0.00531
3	0.00702	0.00498	0.00643	0.00645	0.02278	0.00464	0.00499	0.00913	0.03317	0.05312	0.39749	0.04650	0.14059	0.00922	0.00508	0.00148	0.00272	0.19773	0.00426	0.04223
4	0.00801	0.00783	0.01462	0.14440	0.01656	0.00796	0.31884	0.02384	0.00912	0.01220	0.01417	0.23168	0.04046	0.02827	0.03129	0.00178	0.03982	0.04172	0.00275	0.00468
5	0.00530	0.00393	0.00492	0.00559	0.00615	0.00360	0.00388	0.00623	0.00875	0.01143	0.08356	0.56925	0.19285	0.03661	0.00580	0.00172	0.00247	0.04049	0.00396	0.00352
6	0.00957	0.01008	0.01735	0.01359	0.01512	0.01222	0.29480	0.01145	0.00778	0.01145	0.00667	0.01008	0.00590	0.00607	0.01077	0.00171	0.54420	0.00419	0.00197	0.00504
7	0.01053	0.01011	0.01727	0.02612	0.82392	0.01011	0.01306	0.01306	0.00969	0.01390	0.00800	0.01053	0.00674	0.00379	0.00421	0.00126	0.00505	0.00379	0.00211	0.00674
8	0.43392	0.00772	0.00813	0.00662	0.00959	0.00784	0.00546	0.01677	0.00980	0.43788	0.01156	0.01084	0.00768	0.00463	0.00349	0.00132	0.00346	0.00333	0.00400	0.00597
9	0.00888	0.00842	0.01428	0.56575	0.29721	0.00967	0.01224	0.01161	0.00891	0.01189	0.00771	0.01107	0.00603	0.00410	0.00424	0.00137	0.00546	0.00378	0.00196	0.00541
10	0.00782	0.01573	0.51920	0.01085	0.04180	0.00821	0.03920	0.01135	0.00843	0.01230	0.01016	0.08915	0.00921	0.09562	0.10035	0.00229	0.00628	0.00453	0.00215	0.00536
11	0.01513	0.01845	0.01184	0.01067	0.01275	0.70136	0.00807	0.07091	0.01217	0.01156	0.00753	0.04512	0.00661	0.00498	0.00441	0.00117	0.04658	0.00328	0.00240	0.00501
12	0.01283	0.19358	0.14557	0.02860	0.01387	0.05331	0.04446	0.28697	0.03877	0.06014	0.00893	0.00954	0.00668	0.00437	0.00382	0.00117	0.00497	0.00333	0.00300	0.07608
13	0.01294	0.34466	0.09065	0.00931	0.01261	0.26524	0.02544	0.07304	0.05732	0.04153	0.02569	0.00898	0.00699	0.00430	0.00355	0.00110	0.00558	0.00301	0.00245	0.00562
14	0.52737	0.00884	0.01019	0.08108	0.24430	0.00983	0.00776	0.04096	0.00850	0.01719	0.00681	0.00844	0.00540	0.00397	0.00328	0.00131	0.00405	0.00291	0.00248	0.00532

[dist]
# distance from previous block
# <min> <max>
0	1

[block]
# block no. 4 follows, 62 sequences, length 20
# corresponding to MSA columns:
# 293-312
name=unknown_E
#
# <colnr> <probs for GDERKNQSTAVLIFYWHMCP>
#	G	D	E	R	K	N	Q	S	T	A	V	L	I	F	Y	W	H	M	C	P
0	0.02988	0.00900	0.01012	0.03372	0.01141	0.00984	0.02055	0.36029	0.19337	0.02055	0.13117	0.04992	0.06804	0.00656	0.00450	0.00138	0.00378	0.02576	0.00415	0.00603
1	0.00597	0.00424	0.00502	0.00500	0.00542	0.00424	0.00323	0.00651	0.00715	0.00948	0.05464	0.02825	0.15001	0.52890	0.16062	0.00403	0.00498	0.00644	0.00285	0.00303
2	0.01004	0.01148	0.02511	0.01793	0.02224	0.01076	0.80846	0.01363	0.01004	0.01363	0.00861	0.01148	0.00646	0.00359	0.00502	0.00143	0.00717	0.00502	0.00215	0.00574
3	0.00508	0.00429	0.00439	0.00440	0.00579	0.00361	0.00329	0.00619	0.00976	0.01173	0.07780	0.06350	0.76418	0.01075	0.00504	0.00144	0.00216	0.00901	0.00398	0.00361
4	0.88052	0.00823	0.00625	0.00560	0.00823	0.00955	0.00461	0.01251	0.00724	0.01909	0.00592	0.00691	0.00461	0.00395	0.00263	0.00132	0.00329	0.00230	0.00263	0.00461
5	0.00815	0.00768	0.01298	0.80128	0.06733	0.00948	0.01188	0.01098	0.00856	0.01102	0.00758	0.01131	0.00572	0.00423	0.00425	0.00141	0.00564	0.00378	0.00190	0.00482
6	0.01122	0.04205	0.01045	0.00873	0.01129	0.01111	0.00690	0.10758	0.69870	0.01848	0.01611	0.01491	0.01207	0.00562	0.00426	0.00140	0.00356	0.00461	0.00422	0.00674
7	0.00739	0.00370	0.00554	0.00554	0.00554	0.00370	0.00370	0.00554	0.00554	0.00739	0.00739	0.01293	0.00739	0.01478	0.01663	0.87620	0.00370	0.00370	0.00185	0.00185
8	0.03411	0.49791	0.06016	0.00833	0.02240	0.07982	0.02022	0.07965	0.02194	0.04494	0.00831	0.06414	0.00747	0.00458	0.00335	0.00107	0.00468	0.00333	0.00242	0.03116
9	0.00548	0.00392	0.00508	0.00589	0.00626	0.00370	0.00407	0.00629	0.00820	0.01081	0.02341	0.61265	0.07603	0.11022	0.00734	0.00201	0.00280	0.09862	0.00379	0.00341
10	0.01148	0.28888	0.07546	0.05476	0.25839	0.08533	0.03052	0.08819	0.03211	0.01337	0.00770	0.00938	0.00639	0.01620	0.00396	0.00120	0.00520	0.00325	0.00226	0.00599
11	0.00913	0.13970	0.69372	0.01138	0.01722	0.01095	0.01433	0.03318	0.00921	0.01332	0.00746	0.00871	0.00545	0.00401	0.00386	0.00128	0.00600	0.00304	0.00186	0.00619
12	0.00530	0.00373	0.00497	0.00586	0.00614	0.00348	0.00393	0.00597	0.00818	0.01090	0.04536	0.77210	0.04509	0.01321	0.00588	0.03856	0.00250	0.01155	0.00388	0.00341
13	0.00993	0.00874	0.04965	0.03344	0.17982	0.00860	0.02167	0.10546	0.21724	0.04714	0.11989	0.10413	0.03651	0.00695	0.01894	0.00149	0.00399	0.01694	0.00363	0.00585
14	0.01180	0.00840	0.01183	0.13786	0.08421	0.00885	0.08005	0.20026	0.06234	0.13268	0.01281	0.07804	0.01047	0.00569	0.00435	0.00136	0.00436	0.03875	0.10005	0.00585
15	0.00527	0.00423	0.00471	0.00479	0.00595	0.00366	0.00351	0.00650	0.00998	0.01262	0.21120	0.16247	0.52873	0.01071	0.00509	0.00146	0.00217	0.00917	0.00411	0.00366
16	0.00914	0.03953	0.51500	0.07479	0.03285	0.00974	0.01261	0.04578	0.11241	0.02928	0.03043	0.01231	0.04809	0.00478	0.00415	0.00135	0.00538	0.00384	0.00247	0.00608
17	0.00947	0.00900	0.01203	0.45404	0.13553	0.11024	0.01009	0.02507	0.00944	0.04156	0.01088	0.10896	0.03494	0.00552	0.00436	0.00139	0.00525	0.00481	0.00243	0.00499
18	0.01106	0.49572	0.08587	0.00768	0.01095	0.05376	0.00743	0.01311	0.03219	0.07018	0.08768	0.02461	0.00999	0.00465	0.00356	0.00107	0.02101	0.00337	0.02830	0.02782
19	0.18958	0.05892	0.02308	0.02521	0.04405	0.00849	0.00603	0.08599	0.14669	0.01619	0.06853	0.14408	0.03551	0.00623	0.00394	0.00129	0.00342	0.00510	0.00334	0.12433

[dist]
# distance from previous block
# <min> <max>
0	2

[block]
# block no. 5 follows, 62 sequences, length 23
# corresponding to MSA columns:
# 316-338
name=unknown_F
#
# <colnr> <probs for GDERKNQSTAVLIFYWHMCP>
#	G	D	E	R	K	N	Q	S	T	A	V	L	I	F	Y	W	H	M	C	P
0	0.01193	0.06038	0.07360	0.02588	0.03045	0.13645	0.02205	0.09148	0.01098	0.12361	0.06296	0.02098	0.00939	0.02450	0.00460	0.00116	0.03312	0.00363	0.00302	0.24984
1	0.01095	0.25482	0.25576	0.03534	0.01402	0.03682	0.03252	0.05237	0.15195	0.06763	0.02734	0.01072	0.00807	0.00448	0.00377	0.00122	0.00491	0.00347	0.01781	0.00604
2	0.77173	0.00848	0.00695	0.00602	0.00875	0.00969	0.00496	0.07757	0.00850	0.05595	0.00676	0.00752	0.00509	0.00410	0.00284	0.00131	0.00342	0.00252	0.00288	0.00494
3	0.00596	0.00420	0.00487	0.00503	0.00543	0.00404	0.00328	0.00648	0.00756	0.00985	0.05646	0.10248	0.15649	0.51803	0.01518	0.00313	0.00353	0.08182	0.00315	0.00302
4	0.00653	0.00533	0.00613	0.00596	0.00730	0.02002	0.02316	0.02223	0.08582	0.02188	0.14305	0.16772	0.37507	0.02812	0.00540	0.00156	0.00274	0.06386	0.00400	0.00410
5	0.00717	0.00437	0.00576	0.00619	0.00694	0.00412	0.00454	0.00828	0.00893	0.09472	0.06794	0.45835	0.02444	0.08986	0.00678	0.00190	0.00295	0.15001	0.04289	0.00390
6	0.01011	0.02941	0.04627	0.03733	0.01215	0.03094	0.07910	0.13399	0.24446	0.02473	0.09689	0.06258	0.06936	0.02201	0.00567	0.00148	0.07897	0.00537	0.00356	0.00563
7	0.00583	0.00422	0.00549	0.00628	0.00688	0.00402	0.00473	0.00695	0.00870	0.01133	0.02438	0.40896	0.11385	0.09086	0.00706	0.00200	0.00308	0.27801	0.00381	0.00355
8	0.48860	0.01269	0.00873	0.00782	0.01031	0.30641	0.00613	0.03279	0.05287	0.02932	0.00705	0.00787	0.00553	0.00425	0.00322	0.00124	0.00491	0.00266	0.00265	0.00494
9	0.01053	0.01011	0.01727	0.02612	0.82392	0.01011	0.01306	0.01306	0.00969	0.01390	0.00800	0.01053	0.00674	0.00379	0.00421	0.00126	0.00505	0.00379	0.00211	0.00674
10	0.01095	0.29405	0.03958	0.12903	0.13307	0.04151	0.01664	0.10566	0.07228	0.01383	0.02336	0.01041	0.02098	0.00430	0.00367	0.00114	0.00471	0.00338	0.00250	0.06895
11	0.00608	0.00456	0.00684	0.00684	0.00760	0.00532	0.00532	0.00760	0.00684	0.00988	0.01140	0.01672	0.01064	0.03191	0.83360	0.00684	0.01140	0.00456	0.00228	0.00380
12	0.00609	0.00450	0.00655	0.00655	0.00721	0.00516	0.00496	0.00741	0.00675	0.00966	0.01166	0.01819	0.01128	0.14025	0.72614	0.00648	0.01043	0.00477	0.00232	0.00364
13	0.00739	0.00370	0.00554	0.00554	0.00554	0.00370	0.00370	0.00554	0.00554	0.00739	0.00739	0.01293	0.00739	0.01478	0.01663	0.87620	0.00370	0.00370	0.00185	0.00185
14	0.00990	0.01581	0.40246	0.07215	0.19934	0.03258	0.04351	0.10006	0.01043	0.01467	0.00884	0.03670	0.00711	0.00458	0.00424	0.00135	0.00569	0.02210	0.00228	0.00618
15	0.01004	0.00797	0.00859	0.00768	0.00975	0.00887	0.00597	0.13383	0.44499	0.01791	0.08243	0.07267	0.05681	0.00722	0.02434	0.00152	0.00339	0.00551	0.08461	0.00588
16	0.10342	0.11140	0.09253	0.00977	0.01265	0.37089	0.02561	0.08251	0.01096	0.03433	0.00733	0.00856	0.00591	0.00545	0.03613	0.00139	0.04334	0.00297	0.00241	0.03244
17	0.04996	0.01472	0.29323	0.01021	0.01439	0.01139	0.01033	0.37926	0.12265	0.02034	0.01012	0.01054	0.00733	0.00529	0.02003	0.00143	0.00513	0.00367	0.00331	0.00666
18	0.22147	0.00974	0.06940	0.00743	0.01058	0.06485	0.00638	0.07925	0.02361	0.22754	0.01028	0.01126	0.00767	0.06030	0.00477	0.00136	0.00404	0.00338	0.00336	0.17334
19	0.06759	0.07115	0.03008	0.10368	0.35023	0.00916	0.00955	0.01267	0.04543	0.05735	0.02568	0.03304	0.00921	0.03736	0.00472	0.00137	0.00446	0.04422	0.00260	0.08046
20	0.01010	0.10724	0.62957	0.01115	0.01675	0.01061	0.01365	0.07279	0.00998	0.06791	0.00825	0.00921	0.00587	0.00416	0.00394	0.00129	0.00581	0.00318	0.00221	0.00633
21	0.00863	0.00835	0.01326	0.71316	0.12147	0.04133	0.01182	0.01136	0.00878	0.01121	0.00758	0.01111	0.00579	0.00421	0.00423	0.00139	0.00568	0.00374	0.00193	0.00497
22	0.00842	0.00674	0.00872	0.07452	0.02227	0.00712	0.05040	0.03480	0.24857	0.04623	0.07785	0.14716	0.12617	0.06767	0.00598	0.00168	0.00352	0.05342	0.00379	0.00498

[dist]
# distance from previous block
# <min> <max>
0	1

[block]
# block no. 6 follows, 62 sequences, length 14
# corresponding to MSA columns:
# 340-353
name=unknown_G
#
# <colnr> <probs for GDERKNQSTAVLIFYWHMCP>
#	G	D	E	R	K	N	Q	S	T	A	V	L	I	F	Y	W	H	M	C	P
0	0.00779	0.00618	0.00931	0.06498	0.22295	0.00604	0.00696	0.00996	0.01115	0.04520	0.50869	0.02444	0.04510	0.00704	0.00473	0.00133	0.00311	0.00632	0.00383	0.00489
1	0.00635	0.00407	0.00476	0.00476	0.00476	0.00407	0.00273	0.00610	0.00610	0.00813	0.01260	0.02584	0.01438	0.73810	0.02098	0.12138	0.00407	0.00585	0.00248	0.00248
2	0.00709	0.00463	0.00530	0.00514	0.00642	0.00428	0.00390	0.03692	0.01036	0.05819	0.19387	0.12141	0.29621	0.00894	0.00460	0.00136	0.00236	0.03792	0.18701	0.00408
3	0.05201	0.00977	0.01409	0.21249	0.31949	0.04215	0.03905	0.05923	0.13125	0.01439	0.00915	0.01119	0.00723	0.00452	0.00477	0.00137	0.05551	0.00387	0.00253	0.00596
4	0.01257	0.00947	0.01069	0.00889	0.01123	0.01070	0.00716	0.39084	0.18268	0.04881	0.01247	0.01507	0.01011	0.06783	0.07410	0.00205	0.07323	0.04213	0.00382	0.00615
5	0.00621	0.00409	0.00528	0.00575	0.00641	0.00374	0.00399	0.00719	0.00904	0.06458	0.13055	0.57730	0.11389	0.03373	0.00568	0.00168	0.00249	0.01052	0.00410	0.00377
6	0.00815	0.00543	0.00640	0.00598	0.00743	0.00530	0.00452	0.05517	0.10150	0.09042	0.27389	0.16477	0.16494	0.00868	0.00473	0.00140	0.00256	0.00750	0.07659	0.00463
7	0.01121	0.03744	0.04185	0.14651	0.24187	0.12427	0.14776	0.10006	0.04583	0.01430	0.02781	0.01101	0.00740	0.00444	0.00449	0.01581	0.00569	0.00393	0.00246	0.00585
8	0.00868	0.04884	0.03510	0.00662	0.00836	0.05922	0.00541	0.03335	0.02742	0.10031	0.07631	0.05791	0.34130	0.04956	0.03588	0.00174	0.07251	0.02340	0.00357	0.00450
9	0.00630	0.00480	0.00725	0.00689	0.00766	0.00532	0.04433	0.00758	0.00685	0.00970	0.01171	0.01896	0.01152	0.21438	0.61034	0.00596	0.00956	0.00495	0.00234	0.00362
10	0.21044	0.00728	0.03760	0.06881	0.04232	0.00714	0.04494	0.04539	0.00960	0.05053	0.01875	0.03694	0.15846	0.00769	0.00454	0.00154	0.00387	0.23618	0.00332	0.00464
11	0.07988	0.08295	0.14986	0.06714	0.24518	0.05712	0.13126	0.01294	0.00935	0.03060	0.00930	0.01187	0.03412	0.00449	0.00444	0.00133	0.03332	0.02685	0.00225	0.00576
12	0.00887	0.04498	0.01803	0.00706	0.00826	0.06350	0.00544	0.03678	0.03906	0.08057	0.04640	0.01884	0.01245	0.23724	0.28656	0.00392	0.05552	0.01945	0.00283	0.00424
13	0.00948	0.00745	0.00888	0.03056	0.05354	0.00816	0.00660	0.10230	0.30569	0.02695	0.03199	0.03932	0.01540	0.13778	0.02592	0.00206	0.00404	0.17480	0.00375	0.00532

[dist]
# distance from previous block
# <min> <max>
0	2

[block]
# block no. 7 follows, 62 sequences, length 25
# corresponding to MSA columns:
# 356-380
name=unknown_H
#
# <colnr> <probs for GDERKNQSTAVLIFYWHMCP>
#	G	D	E	R	K	N	Q	S	T	A	V	L	I	F	Y	W	H	M	C	P
0	0.68491	0.00946	0.01916	0.00762	0.05585	0.05356	0.00583	0.06848	0.00853	0.01852	0.00639	0.00750	0.00500	0.00416	0.00328	0.00132	0.03027	0.00258	0.00266	0.00496
1	0.02884	0.00959	0.05287	0.26970	0.29519	0.02749	0.01110	0.03004	0.00906	0.05036	0.00825	0.01162	0.00681	0.03598	0.00624	0.00151	0.12512	0.01243	0.00224	0.00557
2	0.00636	0.00508	0.00738	0.00685	0.00803	0.00514	0.06075	0.00860	0.05254	0.01322	0.28345	0.12924	0.10609	0.01634	0.26758	0.00315	0.00549	0.00705	0.00356	0.00410
3	0.00857	0.00729	0.00855	0.00628	0.00981	0.00552	0.00497	0.01038	0.00878	0.01366	0.00867	0.06749	0.00783	0.00386	0.00331	0.00071	0.00310	0.00319	0.00262	0.81542
4	0.00959	0.01279	0.24368	0.06976	0.08947	0.03380	0.13920	0.06879	0.07585	0.03536	0.05742	0.01537	0.10261	0.00531	0.00463	0.00137	0.02177	0.00468	0.00277	0.00575
5	0.00530	0.00382	0.00505	0.00599	0.00635	0.00357	0.00413	0.00615	0.00834	0.01103	0.02428	0.75159	0.06417	0.01310	0.00545	0.00173	0.00256	0.06994	0.00395	0.00350
6	0.00831	0.03952	0.03415	0.00798	0.05493	0.14844	0.00592	0.01039	0.05638	0.01281	0.18141	0.07255	0.28847	0.00807	0.00513	0.00137	0.04967	0.00658	0.00345	0.00447
7	0.51918	0.01281	0.00891	0.00795	0.01037	0.31706	0.01879	0.01413	0.00906	0.01551	0.00620	0.00734	0.00499	0.00421	0.00344	0.00125	0.02904	0.00255	0.00244	0.00475
8	0.00685	0.00393	0.00495	0.00499	0.00520	0.00392	0.00321	0.00651	0.00653	0.00928	0.01230	0.05248	0.03498	0.31857	0.03452	0.34769	0.00368	0.00515	0.13267	0.00259
9	0.01240	0.41646	0.07879	0.00864	0.01216	0.05177	0.00807	0.20648	0.13865	0.01557	0.00891	0.00927	0.00707	0.00439	0.00350	0.00112	0.00467	0.00314	0.00282	0.00613
10	0.00751	0.00547	0.00651	0.06453	0.00874	0.04871	0.00492	0.00866	0.00915	0.08859	0.07971	0.49214	0.08044	0.02803	0.00533	0.00158	0.00309	0.00917	0.00380	0.04392
11	0.07710	0.16539	0.13728	0.06878	0.02836	0.01146	0.13935	0.19011	0.01165	0.07222	0.00935	0.01177	0.00735	0.00463	0.00404	0.00130	0.00516	0.04590	0.00283	0.00597
12	0.05455	0.09142	0.19015	0.00856	0.01128	0.00799	0.06371	0.03716	0.03747	0.01274	0.01514	0.14083	0.07758	0.05081	0.10906	0.00225	0.00529	0.07640	0.00282	0.00479
13	0.04777	0.00542	0.00565	0.00563	0.00609	0.04900	0.00364	0.04554	0.00757	0.01024	0.01411	0.19839	0.01596	0.46638	0.01504	0.08694	0.00391	0.00673	0.00286	0.00314
14	0.09119	0.03073	0.01085	0.07646	0.09310	0.03276	0.02055	0.09117	0.06572	0.01389	0.01048	0.01552	0.00942	0.01214	0.20241	0.00276	0.12907	0.08403	0.00269	0.00504
15	0.00613	0.00546	0.04578	0.00766	0.06438	0.00449	0.00529	0.00736	0.00851	0.01169	0.03983	0.61680	0.03930	0.01101	0.00504	0.00156	0.00291	0.02204	0.00359	0.09118
16	0.05733	0.27972	0.08747	0.00804	0.01159	0.05084	0.03116	0.09554	0.01021	0.03014	0.00980	0.01175	0.04604	0.00452	0.00351	0.00105	0.00438	0.03994	0.00258	0.21438
17	0.03614	0.03310	0.20813	0.02175	0.02225	0.08113	0.00855	0.04612	0.04672	0.05972	0.04704	0.05183	0.00913	0.00485	0.00437	0.00115	0.04934	0.00375	0.00273	0.26221
18	0.15801	0.00810	0.02702	0.05034	0.08013	0.02774	0.06105	0.06355	0.09219	0.09677	0.04382	0.18890	0.03234	0.00684	0.00434	0.00143	0.00389	0.02827	0.00345	0.02184
19	0.03701	0.00929	0.01188	0.02764	0.04953	0.00950	0.07958	0.33259	0.03936	0.07145	0.04262	0.07488	0.01028	0.00644	0.03821	0.00146	0.00455	0.00455	0.00357	0.14560
20	0.01023	0.04416	0.09264	0.03264	0.07885	0.02670	0.05774	0.16610	0.02711	0.05415	0.05701	0.01344	0.00994	0.01271	0.24817	0.00289	0.00678	0.00415	0.00290	0.05170
21	0.05701	0.01021	0.03853	0.11999	0.23810	0.01746	0.11518	0.17180	0.04420	0.01618	0.01019	0.01191	0.04396	0.00464	0.00466	0.00132	0.04131	0.00407	0.00272	0.04655
22	0.01075	0.00837	0.03465	0.22180	0.13852	0.00862	0.00883	0.10040	0.06403	0.12761	0.01112	0.05116	0.00909	0.05210	0.06220	0.00186	0.02387	0.00439	0.00301	0.05762
23	0.01321	0.00944	0.04953	0.02471	0.01157	0.05143	0.02291	0.12519	0.11593	0.25615	0.03209	0.01383	0.01000	0.07566	0.00612	0.00150	0.05109	0.00413	0.00376	0.12173
24	0.13710	0.00872	0.02676	0.00861	0.04771	0.06370	0.03553	0.16395	0.05215	0.02275	0.12265	0.16735	0.04741	0.02195	0.00491	0.00143	0.02688	0.00585	0.00350	0.03108

[dist]
# distance from previous block
# <min> <max>
264	684

[block]
# block no. 8 follows, 62 sequences, length 20
# corresponding to MSA columns:
# 1489-1508
name=unknown_I
#
# <colnr> <probs for GDERKNQSTAVLIFYWHMCP>
#	G	D	E	R	K	N	Q	S	T	A	V	L	I	F	Y	W	H	M	C	P
0	0.02895	0.07914	0.18172	0.06571	0.10200	0.03403	0.08313	0.07045	0.05300	0.04580	0.08894	0.03288	0.04850	0.00529	0.00433	0.00934	0.00478	0.01331	0.00283	0.04585
1	0.06578	0.10150	0.11157	0.08300	0.01327	0.06780	0.07111	0.08012	0.06367	0.03860	0.08877	0.03575	0.03517	0.07326	0.01702	0.00157	0.00475	0.00445	0.00289	0.03994
2	0.03473	0.09363	0.13459	0.00765	0.01045	0.04490	0.03560	0.02744	0.05444	0.09002	0.11208	0.05943	0.19958	0.00769	0.03329	0.00150	0.00410	0.00561	0.00335	0.03992
3	0.02742	0.26670	0.12303	0.05605	0.15663	0.14905	0.00957	0.03731	0.04251	0.04179	0.02681	0.02953	0.00755	0.00442	0.00371	0.00117	0.00524	0.00339	0.00236	0.00574
4	0.04602	0.38065	0.04394	0.02766	0.05798	0.16158	0.00755	0.04666	0.02258	0.03553	0.00863	0.01065	0.02725	0.06482	0.04085	0.00154	0.00535	0.00322	0.00231	0.00524
5	0.02687	0.08977	0.21241	0.01040	0.01421	0.10324	0.12226	0.09699	0.02879	0.05962	0.02368	0.03651	0.00831	0.03504	0.00469	0.00133	0.00533	0.01911	0.00268	0.09875
6	0.02466	0.11889	0.25161	0.00842	0.01199	0.00860	0.00864	0.02962	0.06850	0.17844	0.10418	0.05313	0.04639	0.02431	0.00454	0.00137	0.00423	0.02155	0.00334	0.02759
7	0.00590	0.00409	0.00521	0.00568	0.00637	0.00374	0.00400	0.00697	0.00922	0.04206	0.16407	0.50647	0.15086	0.03055	0.00563	0.00166	0.00247	0.03725	0.00409	0.00371
8	0.00821	0.10884	0.25252	0.00827	0.01119	0.00781	0.00838	0.01150	0.07442	0.05052	0.13246	0.21952	0.01821	0.00768	0.00453	0.00144	0.00401	0.06216	0.00326	0.00508
9	0.06119	0.21196	0.49517	0.01063	0.01574	0.01141	0.05208	0.01384	0.03799	0.04159	0.00785	0.00893	0.00587	0.00403	0.00372	0.00125	0.00556	0.00309	0.00208	0.00602
10	0.00668	0.00523	0.00593	0.00593	0.00725	0.00512	0.00446	0.01000	0.16662	0.03084	0.12758	0.20699	0.33045	0.01004	0.00502	0.00152	0.00258	0.05929	0.00414	0.00433
11	0.00551	0.00388	0.00505	0.00581	0.00607	0.00373	0.00389	0.00620	0.00782	0.01043	0.02105	0.61257	0.02490	0.17972	0.03306	0.00237	0.00315	0.05785	0.00363	0.00332
12	0.01077	0.37752	0.21384	0.00958	0.03966	0.08210	0.00944	0.03401	0.11338	0.01255	0.00941	0.01090	0.02545	0.00454	0.00359	0.00117	0.00503	0.02895	0.00235	0.00577
13	0.04851	0.23841	0.47504	0.01008	0.01505	0.01153	0.01187	0.03361	0.03747	0.05393	0.00824	0.00959	0.00629	0.00422	0.00370	0.00124	0.00538	0.01759	0.00220	0.00604
14	0.00550	0.00435	0.00497	0.00510	0.00620	0.00390	0.00375	0.00707	0.03469	0.01285	0.21465	0.20989	0.43413	0.01071	0.00511	0.00149	0.00226	0.02549	0.00413	0.00376
15	0.18867	0.07879	0.02645	0.01010	0.02544	0.46868	0.04620	0.02945	0.01042	0.01268	0.00667	0.00804	0.00553	0.00499	0.02383	0.00132	0.04260	0.00286	0.00227	0.00500
16	0.00729	0.00376	0.00564	0.00564	0.00570	0.00382	0.00382	0.00570	0.00564	0.00758	0.00769	0.01322	0.00763	0.01606	0.07773	0.81119	0.00427	0.00376	0.00188	0.00199
17	0.04715	0.25076	0.13279	0.00959	0.03310	0.09837	0.00876	0.26988	0.04399	0.02800	0.00880	0.03471	0.00708	0.00467	0.00373	0.00119	0.00501	0.00342	0.00289	0.00611
18	0.08542	0.03264	0.00797	0.02443	0.00907	0.00693	0.00537	0.11835	0.06104	0.05413	0.15182	0.09110	0.12791	0.03230	0.00493	0.00143	0.00322	0.07557	0.00377	0.10260
19	0.03287	0.14501	0.08236	0.02890	0.09166	0.21230	0.00841	0.07345	0.07634	0.01324	0.03408	0.07871	0.02722	0.00642	0.03339	0.00146	0.04191	0.00421	0.00267	0.00539

[dist]
# distance from previous block
# <min> <max>
0	1

[block]
# block no. 9 follows, 62 sequences, length 30
# corresponding to MSA columns:
# 1510-1539
name=unknown_J
#
# <colnr> <probs for GDERKNQSTAVLIFYWHMCP>
#	G	D	E	R	K	N	Q	S	T	A	V	L	I	F	Y	W	H	M	C	P
0	0.03740	0.65825	0.05642	0.00817	0.03478	0.03534	0.00771	0.03866	0.03086	0.01142	0.00756	0.00910	0.01883	0.00413	0.00307	0.00102	0.00460	0.02506	0.00210	0.00552
1	0.06810	0.56023	0.01809	0.00773	0.01108	0.07424	0.00712	0.07804	0.07334	0.03518	0.00755	0.00814	0.00630	0.00403	0.00311	0.00103	0.00455	0.00270	0.00240	0.02706
2	0.03085	0.00886	0.01019	0.00824	0.01108	0.00919	0.00675	0.34150	0.08788	0.22487	0.07589	0.01653	0.01252	0.00591	0.00434	0.00133	0.00386	0.06764	0.02877	0.04382
3	0.01126	0.33145	0.18186	0.02286	0.14264	0.02437	0.05856	0.08124	0.03832	0.04832	0.01724	0.00941	0.00674	0.00409	0.00368	0.00117	0.00510	0.00325	0.00236	0.00609
4	0.01248	0.07402	0.10870	0.05679	0.03679	0.02748	0.02156	0.23437	0.19256	0.10879	0.04463	0.01315	0.02534	0.00560	0.01762	0.00140	0.00457	0.00416	0.00362	0.00640
5	0.00530	0.00387	0.00492	0.00564	0.00611	0.00357	0.00385	0.00615	0.00853	0.01122	0.07125	0.62764	0.14240	0.05305	0.00614	0.00178	0.00251	0.02866	0.00393	0.00348
6	0.00636	0.00743	0.12853	0.02180	0.04071	0.00539	0.02024	0.00869	0.04854	0.01251	0.08811	0.27140	0.27548	0.00965	0.00495	0.00151	0.00324	0.03758	0.00357	0.00433
7	0.01050	0.04164	0.18526	0.03309	0.33242	0.07551	0.03882	0.03085	0.03633	0.05434	0.00959	0.05830	0.00811	0.00620	0.05036	0.00162	0.01445	0.00414	0.00243	0.00605
8	0.02537	0.03460	0.01608	0.12575	0.57407	0.05113	0.03146	0.02502	0.00978	0.01356	0.03406	0.01101	0.00753	0.00411	0.00433	0.00128	0.01866	0.00382	0.00220	0.00618
9	0.00527	0.00386	0.00482	0.00552	0.00596	0.00355	0.00370	0.00603	0.00832	0.01087	0.04383	0.61555	0.16438	0.08889	0.00683	0.00189	0.00255	0.01092	0.00384	0.00341
10	0.01118	0.09296	0.09286	0.08051	0.02568	0.13734	0.03190	0.13893	0.11811	0.02333	0.02870	0.08332	0.02158	0.00592	0.00493	0.00136	0.06516	0.02767	0.00298	0.00556
11	0.02344	0.01058	0.03372	0.08410	0.22177	0.15216	0.00891	0.09314	0.04239	0.05591	0.08647	0.07670	0.02359	0.00622	0.01507	0.00141	0.02093	0.03491	0.00304	0.00556
12	0.00955	0.01470	0.34656	0.05896	0.32435	0.02802	0.06299	0.01302	0.00938	0.02536	0.00865	0.03774	0.00698	0.00429	0.00419	0.00132	0.00558	0.00387	0.02832	0.00617
13	0.00609	0.00477	0.00579	0.00637	0.00692	0.02729	0.00455	0.02900	0.00890	0.01169	0.05433	0.62178	0.08359	0.01215	0.00568	0.00168	0.03580	0.06606	0.00385	0.00371
14	0.01457	0.03661	0.05251	0.03669	0.01287	0.15998	0.06440	0.10159	0.05736	0.31524	0.01358	0.07924	0.02476	0.00560	0.00430	0.00132	0.00483	0.00461	0.00380	0.00613
15	0.02989	0.14982	0.27115	0.04269	0.14105	0.09589	0.06049	0.04860	0.03604	0.02904	0.03276	0.02798	0.00764	0.00442	0.00396	0.00125	0.00550	0.00362	0.00232	0.00590
16	0.00899	0.00666	0.00748	0.00695	0.00876	0.00698	0.00533	0.04064	0.33136	0.08597	0.08981	0.15430	0.18953	0.00838	0.00475	0.00148	0.00294	0.03010	0.00429	0.00530
17	0.03862	0.03896	0.36405	0.03223	0.21611	0.02534	0.08336	0.07756	0.02126	0.05048	0.00843	0.00992	0.00628	0.00410	0.00412	0.00131	0.00564	0.00355	0.00233	0.00634
18	0.00839	0.00848	0.06031	0.06336	0.01186	0.07365	0.07700	0.06235	0.00858	0.01158	0.00992	0.01439	0.00891	0.06599	0.43257	0.00435	0.06721	0.00430	0.00232	0.00449
19	0.02259	0.06397	0.12007	0.04411	0.07618	0.06015	0.15386	0.12979	0.06252	0.03497	0.02512	0.05084	0.08355	0.00560	0.00468	0.00137	0.02955	0.02247	0.00292	0.00569
20	0.00966	0.00920	0.00871	0.05515	0.04991	0.18703	0.00619	0.07258	0.08662	0.01212	0.01307	0.14795	0.01325	0.21570	0.07508	0.00249	0.00532	0.02259	0.00295	0.00444
21	0.01125	0.01141	0.00883	0.00800	0.00988	0.32383	0.00608	0.05744	0.07696	0.05737	0.17972	0.04240	0.15981	0.00734	0.01975	0.00138	0.00474	0.00545	0.00351	0.00485
22	0.01129	0.01200	0.06725	0.07223	0.32127	0.14284	0.11641	0.03702	0.03874	0.05290	0.02490	0.01197	0.02383	0.02716	0.00494	0.00138	0.02142	0.00404	0.00248	0.00592
23	0.06035	0.06713	0.21570	0.04323	0.07879	0.16462	0.06689	0.13685	0.04241	0.04774	0.00841	0.00956	0.00635	0.00441	0.00428	0.00128	0.03004	0.00341	0.00259	0.00598
24	0.00530	0.00387	0.00501	0.00580	0.00626	0.00358	0.00401	0.00621	0.00864	0.01141	0.07459	0.66714	0.11894	0.01268	0.00538	0.00168	0.00248	0.04951	0.00399	0.00353
25	0.00736	0.00540	0.00642	0.02197	0.00789	0.01610	0.00482	0.02550	0.11128	0.05919	0.22979	0.24171	0.16658	0.00973	0.00502	0.00151	0.00275	0.06837	0.00420	0.00440
26	0.05302	0.15613	0.04638	0.01087	0.11084	0.04552	0.02287	0.20458	0.14412	0.06004	0.01077	0.04818	0.00881	0.02867	0.00474	0.00136	0.02970	0.00405	0.00321	0.00613
27	0.00587	0.00419	0.00530	0.00580	0.00647	0.00387	0.00405	0.02192	0.00902	0.02717	0.10519	0.57015	0.12286	0.03959	0.00580	0.00170	0.00256	0.03347	0.00398	0.02102
28	0.02913	0.24485	0.08750	0.02028	0.04134	0.04285	0.05518	0.14994	0.05083	0.03531	0.06744	0.01084	0.00899	0.00441	0.00370	0.00110	0.00454	0.00348	0.00282	0.13547
29	0.05131	0.11960	0.02391	0.02910	0.24954	0.04750	0.01690	0.05095	0.10017	0.01336	0.01163	0.10772	0.01122	0.11555	0.00641	0.00169	0.00442	0.03092	0.00277	0.00535

[dist]
# distance from previous block
# <min> <max>
2	9

[block]
# block no. 10 follows, 62 sequences, length 78
# corresponding to MSA columns:
# 1549-1626
name=unknown_K
#
# <colnr> <probs for GDERKNQSTAVLIFYWHMCP>
#	G	D	E	R	K	N	Q	S	T	A	V	L	I	F	Y	W	H	M	C	P
0	0.03431	0.10173	0.13960	0.01119	0.04429	0.07885	0.11774	0.20320	0.11246	0.08001	0.01036	0.02972	0.00788	0.00473	0.00413	0.00129	0.00518	0.00394	0.00313	0.00628
1	0.00658	0.00480	0.00617	0.02024	0.02088	0.00482	0.00461	0.04767	0.04125	0.02700	0.08421	0.44136	0.08275	0.07555	0.10910	0.00243	0.00390	0.00902	0.00369	0.00395
2	0.06164	0.06163	0.09649	0.01994	0.10377	0.11874	0.01894	0.18496	0.06829	0.10219	0.03391	0.04574	0.02934	0.00516	0.00407	0.00126	0.00477	0.00410	0.00325	0.03182
3	0.03803	0.03578	0.05412	0.02293	0.05428	0.16689	0.21477	0.08710	0.04334	0.04507	0.04678	0.05098	0.00919	0.00473	0.00423	0.00124	0.00546	0.00428	0.00279	0.10801
4	0.00959	0.17914	0.05860	0.00893	0.06964	0.04429	0.00704	0.09297	0.04363	0.03728	0.01193	0.08223	0.03304	0.04896	0.23420	0.00290	0.00634	0.00461	0.01962	0.00504
5	0.02887	0.00836	0.10074	0.02540	0.08522	0.01779	0.04140	0.04037	0.09838	0.03500	0.19259	0.10590	0.15514	0.00765	0.00470	0.00142	0.00360	0.03884	0.00361	0.00500
6	0.05391	0.14803	0.07284	0.03606	0.05668	0.02307	0.05739	0.15763	0.07897	0.10820	0.01202	0.02367	0.02423	0.01902	0.00470	0.00139	0.02817	0.08490	0.00323	0.00588
7	0.01064	0.04156	0.10760	0.07114	0.16166	0.13131	0.05912	0.05138	0.14988	0.03055	0.08476	0.04812	0.02312	0.00530	0.00430	0.00132	0.00498	0.00455	0.00295	0.00577
8	0.02979	0.00712	0.00826	0.00690	0.00913	0.00712	0.00549	0.21693	0.04569	0.17850	0.26109	0.03497	0.15654	0.00730	0.00461	0.00134	0.00313	0.00608	0.00450	0.00552
9	0.00903	0.07028	0.02379	0.00924	0.10344	0.04087	0.01956	0.11361	0.04963	0.03415	0.03976	0.18777	0.17615	0.06719	0.00594	0.00160	0.01617	0.02352	0.00342	0.00488
10	0.10041	0.18851	0.11021	0.04273	0.12016	0.07458	0.06595	0.08656	0.03422	0.06853	0.00932	0.02297	0.02313	0.00457	0.00402	0.00125	0.02279	0.01165	0.00262	0.00581
11	0.02367	0.06066	0.54227	0.01161	0.03227	0.02312	0.05999	0.06188	0.01014	0.11149	0.01869	0.01001	0.00662	0.00426	0.00407	0.00132	0.00574	0.00344	0.00244	0.00632
12	0.00752	0.00452	0.00505	0.00488	0.00599	0.00455	0.00371	0.04965	0.00976	0.01537	0.13466	0.03940	0.09201	0.00938	0.10004	0.00179	0.00324	0.00523	0.49915	0.00407
13	0.01041	0.32900	0.32813	0.01111	0.03550	0.03037	0.09778	0.05682	0.00957	0.01276	0.00715	0.00854	0.00568	0.00403	0.00404	0.00120	0.03692	0.00309	0.00200	0.00589
14	0.01179	0.01254	0.03020	0.07980	0.27787	0.25875	0.02538	0.04412	0.01066	0.03732	0.04074	0.01332	0.03145	0.00514	0.00492	0.00132	0.06250	0.04410	0.00251	0.00556
15	0.00549	0.00415	0.00512	0.00573	0.00651	0.00380	0.00424	0.00660	0.00904	0.01157	0.05628	0.40236	0.27788	0.02725	0.00567	0.00171	0.00265	0.15644	0.00394	0.00359
16	0.03286	0.37957	0.05652	0.00875	0.01182	0.14404	0.05966	0.07214	0.05595	0.01260	0.02526	0.05801	0.04085	0.02018	0.00395	0.00120	0.00495	0.00383	0.00252	0.00535
17	0.04343	0.00893	0.04002	0.05741	0.10695	0.00795	0.06268	0.03053	0.04320	0.05095	0.00838	0.00990	0.00668	0.00392	0.00434	0.00102	0.06107	0.00321	0.00259	0.44684
