[name]
unknown

[dist]
# distance from previous block
# <min> <max>
0	42

[block]
# block no. 0 follows, 70 sequences, length 33
# corresponding to MSA columns:
# 43-75
name=unknown_A
#
# <colnr> <probs for GDERKNQSTAVLIFYWHMCP>
#	G	D	E	R	K	N	Q	S	T	A	V	L	I	F	Y	W	H	M	C	P
0	0.00868	0.00735	0.01081	0.15116	0.23133	0.00774	0.03908	0.13917	0.04754	0.02306	0.10551	0.10268	0.06875	0.00589	0.00419	0.00127	0.00386	0.03398	0.00293	0.00501
1	0.00942	0.03221	0.01315	0.35083	0.31008	0.09195	0.01031	0.05375	0.03996	0.01179	0.00730	0.00967	0.00581	0.00392	0.00409	0.00121	0.03401	0.00335	0.00201	0.00518
2	0.00943	0.01082	0.02016	0.03759	0.03087	0.09557	0.65441	0.01228	0.00923	0.01191	0.00906	0.01132	0.04514	0.00373	0.00458	0.00128	0.02110	0.00446	0.00203	0.00503
3	0.00916	0.37121	0.35325	0.00947	0.03548	0.01176	0.04859	0.01285	0.09276	0.01138	0.00726	0.00815	0.00573	0.00367	0.00326	0.00107	0.00480	0.00279	0.00191	0.00544
4	0.00552	0.00410	0.00606	0.00609	0.00673	0.00473	0.00466	0.00680	0.00624	0.00895	0.01087	0.04538	0.01050	0.07549	0.77223	0.00593	0.00973	0.00448	0.00215	0.00339
5	0.00493	0.00422	0.00482	0.09135	0.00749	0.00385	0.00382	0.00613	0.00884	0.01076	0.09189	0.05452	0.67560	0.00913	0.00452	0.00131	0.00229	0.00768	0.00345	0.00340
6	0.03332	0.00632	0.00838	0.00661	0.00922	0.00566	0.00535	0.02955	0.02018	0.68468	0.03511	0.01429	0.01044	0.06164	0.03666	0.00155	0.00354	0.00406	0.01740	0.00603
7	0.00894	0.00863	0.01399	0.29231	0.52271	0.03207	0.01114	0.01127	0.00851	0.01168	0.00711	0.00971	0.00578	0.00358	0.00381	0.00117	0.00479	0.00338	0.00187	0.03754
8	0.00585	0.00581	0.09096	0.00526	0.00696	0.00425	0.00458	0.00774	0.02709	0.04134	0.33064	0.04875	0.37633	0.00816	0.00443	0.00126	0.00239	0.00695	0.00368	0.01756
9	0.00820	0.00782	0.01160	0.56570	0.13463	0.06116	0.00997	0.04375	0.00838	0.01076	0.00735	0.01048	0.00581	0.00644	0.09055	0.00176	0.00570	0.00346	0.00189	0.00458
10	0.00554	0.00414	0.00614	0.00614	0.00680	0.00480	0.00473	0.00687	0.00620	0.00893	0.01047	0.01568	0.00989	0.06627	0.81147	0.00612	0.01009	0.00422	0.00209	0.00341
11	0.01044	0.02426	0.14403	0.09689	0.03680	0.02654	0.23608	0.09988	0.07557	0.01484	0.01418	0.07321	0.08714	0.01998	0.00519	0.00165	0.00540	0.01883	0.00315	0.00594
12	0.01448	0.01848	0.01099	0.00999	0.01199	0.84819	0.00749	0.01548	0.01099	0.00949	0.00599	0.00699	0.00499	0.00400	0.00350	0.00100	0.00699	0.00250	0.00200	0.00449
13	0.01183	0.33195	0.10444	0.04515	0.01224	0.29634	0.00797	0.06595	0.02903	0.03917	0.00666	0.00754	0.00541	0.00385	0.00335	0.00101	0.01841	0.00259	0.00208	0.00504
14	0.00472	0.00337	0.00450	0.00540	0.00562	0.00315	0.00360	0.00540	0.00742	0.00990	0.02137	0.86122	0.02564	0.01215	0.00495	0.00157	0.00225	0.01102	0.00360	0.00315
15	0.00804	0.00689	0.00804	0.00574	0.00919	0.00517	0.00459	0.00976	0.00804	0.01263	0.00689	0.00804	0.00574	0.00287	0.00287	0.00057	0.00287	0.00230	0.00230	0.88745
16	0.00964	0.00672	0.03089	0.00607	0.00906	0.00513	0.00497	0.01129	0.00875	0.19342	0.04041	0.09752	0.00972	0.00445	0.00339	0.00085	0.00294	0.00373	0.00303	0.54799
17	0.00820	0.00704	0.00811	0.00596	0.00928	0.00563	0.00475	0.01087	0.09269	0.01300	0.00780	0.00870	0.00637	0.00312	0.00298	0.00065	0.00289	0.00251	0.00247	0.79697
18	0.00814	0.09485	0.03016	0.00694	0.03136	0.00638	0.03499	0.02297	0.03932	0.05116	0.01117	0.22130	0.01105	0.00549	0.00356	0.00098	0.00315	0.00475	0.00272	0.40958
19	0.02835	0.00391	0.00466	0.00510	0.00573	0.00379	0.00358	0.04294	0.00821	0.01176	0.04132	0.56650	0.07908	0.00992	0.00439	0.00140	0.00225	0.00880	0.16488	0.00344
20	0.02411	0.00882	0.00871	0.00673	0.00977	0.14499	0.00533	0.01249	0.02776	0.14994	0.00829	0.00885	0.00637	0.00349	0.00328	0.00079	0.01398	0.00265	0.00269	0.55095
21	0.00848	0.00688	0.00808	0.00580	0.00922	0.00519	0.00465	0.01019	0.00818	0.05189	0.00729	0.00828	0.00592	0.00296	0.00292	0.00060	0.00289	0.00237	0.00242	0.84577
22	0.01000	0.00926	0.01498	0.03445	0.73396	0.02653	0.01126	0.02359	0.04563	0.04115	0.00794	0.00989	0.00648	0.00361	0.00384	0.00116	0.00455	0.00349	0.00213	0.00610
23	0.00519	0.00371	0.00469	0.00528	0.00564	0.00355	0.00356	0.02661	0.00753	0.00996	0.02046	0.61026	0.07235	0.15280	0.01864	0.00198	0.00269	0.03859	0.00338	0.00313
24	0.00489	0.00370	0.00472	0.03399	0.00633	0.00345	0.00376	0.00585	0.00815	0.01065	0.10868	0.54210	0.20891	0.01087	0.00480	0.00147	0.00227	0.02852	0.00360	0.00328
25	0.01097	0.05481	0.05490	0.05273	0.37754	0.20751	0.05725	0.01340	0.04396	0.06219	0.02348	0.00961	0.00672	0.00384	0.00375	0.00113	0.00514	0.00333	0.00221	0.00552
26	0.00692	0.04580	0.00728	0.00631	0.00754	0.00604	0.00499	0.06214	0.07578	0.02496	0.03213	0.01714	0.06723	0.05543	0.51659	0.00435	0.00757	0.02513	0.00258	0.02409
27	0.00996	0.06813	0.06968	0.03009	0.06520	0.21663	0.07937	0.04818	0.04762	0.02248	0.05296	0.01253	0.09286	0.00452	0.00366	0.00104	0.00460	0.00369	0.00248	0.16433
28	0.06193	0.04483	0.12544	0.00718	0.00960	0.05126	0.00645	0.12524	0.12276	0.06834	0.12292	0.05022	0.09528	0.03864	0.05152	0.00159	0.00399	0.00471	0.00321	0.00490
29	0.01058	0.07981	0.02453	0.02794	0.03076	0.12722	0.00654	0.13199	0.28897	0.03485	0.01164	0.03827	0.02830	0.03088	0.02597	0.00135	0.01907	0.00386	0.00307	0.07439
30	0.00929	0.13096	0.19711	0.00846	0.04904	0.02899	0.02034	0.09496	0.03323	0.04174	0.00977	0.04473	0.04980	0.00423	0.00343	0.00099	0.00402	0.00338	0.00245	0.26308
31	0.02569	0.15308	0.16410	0.04195	0.09437	0.08474	0.09106	0.08935	0.01894	0.10476	0.00825	0.00919	0.01433	0.00386	0.00366	0.00109	0.01473	0.00315	0.00241	0.07131
32	0.04186	0.01274	0.36200	0.01189	0.17913	0.00813	0.02230	0.05335	0.05826	0.04888	0.06311	0.04498	0.06696	0.00484	0.00388	0.00123	0.00443	0.00409	0.00249	0.00545

[dist]
# distance from previous block
# <min> <max>
1	26

[block]
# block no. 1 follows, 70 sequences, length 12
# corresponding to MSA columns:
# 102-113
name=unknown_B
#
# <colnr> <probs for GDERKNQSTAVLIFYWHMCP>
#	G	D	E	R	K	N	Q	S	T	A	V	L	I	F	Y	W	H	M	C	P
0	0.06827	0.19905	0.17218	0.02993	0.06850	0.09688	0.00806	0.08170	0.07796	0.01288	0.04896	0.10077	0.00945	0.00495	0.00355	0.00115	0.00433	0.00391	0.00247	0.00506
1	0.11106	0.05170	0.04851	0.00835	0.01127	0.10667	0.00707	0.48399	0.01431	0.07804	0.00902	0.03681	0.00683	0.00461	0.00363	0.00115	0.00436	0.00340	0.00335	0.00586
2	0.02940	0.03725	0.10428	0.00806	0.01128	0.06411	0.05295	0.26010	0.01163	0.06866	0.01037	0.01087	0.05789	0.00426	0.00355	0.00102	0.00406	0.00339	0.04509	0.21177
3	0.01128	0.01060	0.04934	0.03525	0.14284	0.07794	0.19543	0.23114	0.05637	0.05821	0.00879	0.01018	0.00668	0.00549	0.05038	0.00149	0.03650	0.00373	0.00270	0.00566
4	0.00553	0.00452	0.00579	0.00598	0.00648	0.03035	0.03686	0.00630	0.00753	0.00988	0.04007	0.56956	0.09043	0.10548	0.00693	0.00176	0.05088	0.00913	0.00325	0.00327
5	0.00555	0.00415	0.00505	0.00533	0.00615	0.00391	0.00391	0.05667	0.00908	0.01191	0.14521	0.41763	0.22189	0.01038	0.00477	0.00145	0.00235	0.07739	0.00371	0.00350
6	0.01297	0.03128	0.01057	0.00837	0.01109	0.04277	0.00677	0.41716	0.31472	0.08473	0.01192	0.01133	0.00864	0.00483	0.00385	0.00121	0.00385	0.00378	0.00385	0.00631
7	0.01329	0.11264	0.01165	0.00807	0.01097	0.03062	0.00671	0.47368	0.09426	0.10896	0.01041	0.04401	0.00792	0.00477	0.00371	0.00113	0.00395	0.00368	0.00359	0.04599
8	0.00496	0.00354	0.00472	0.00544	0.00577	0.00337	0.00376	0.00580	0.00770	0.01035	0.09153	0.66620	0.02523	0.05205	0.03840	0.00184	0.00268	0.05994	0.00354	0.00319
9	0.00621	0.00451	0.00632	0.00584	0.00656	0.00460	0.05454	0.02327	0.00707	0.03198	0.07613	0.07322	0.04760	0.37432	0.25705	0.00378	0.00555	0.00559	0.00262	0.00324
10	0.10327	0.00731	0.00970	0.42322	0.01773	0.02514	0.00812	0.06807	0.11585	0.06564	0.04480	0.01372	0.02647	0.00482	0.00385	0.00129	0.00422	0.04936	0.00268	0.00475
11	0.00922	0.00883	0.01506	0.16146	0.70485	0.00911	0.01171	0.01157	0.00865	0.01221	0.00723	0.00972	0.00598	0.00352	0.00384	0.00117	0.00470	0.00345	0.00189	0.00584

[dist]
# distance from previous block
# <min> <max>
8	13

[block]
# block no. 2 follows, 70 sequences, length 21
# corresponding to MSA columns:
# 128-148
name=unknown_C
#
# <colnr> <probs for GDERKNQSTAVLIFYWHMCP>
#	G	D	E	R	K	N	Q	S	T	A	V	L	I	F	Y	W	H	M	C	P
0	0.00947	0.36391	0.25595	0.00868	0.01234	0.06552	0.07116	0.04941	0.00867	0.01114	0.00787	0.00951	0.03158	0.04804	0.00408	0.00118	0.00482	0.00301	0.02865	0.00503
1	0.00597	0.07101	0.00634	0.00572	0.00644	0.02098	0.00413	0.04748	0.00805	0.01057	0.04321	0.58121	0.04631	0.04743	0.07433	0.00194	0.00330	0.00879	0.00328	0.00350
2	0.78356	0.00773	0.00631	0.00548	0.00796	0.00884	0.00452	0.07711	0.00772	0.05316	0.00613	0.00683	0.00462	0.00373	0.00258	0.00120	0.00311	0.00229	0.00262	0.00449
3	0.00593	0.00437	0.00633	0.00698	0.00779	0.00429	0.03287	0.00747	0.00853	0.01117	0.02033	0.26254	0.02266	0.01085	0.00522	0.00171	0.00331	0.57061	0.00352	0.00351
4	0.05093	0.07775	0.08544	0.03339	0.03678	0.13358	0.00667	0.06387	0.00916	0.03391	0.00696	0.00800	0.00557	0.00339	0.00314	0.00084	0.00408	0.00254	0.00228	0.43173
5	0.00501	0.00366	0.00475	0.00537	0.00590	0.00340	0.00386	0.00602	0.00828	0.01099	0.14221	0.54646	0.11878	0.01109	0.00490	0.00152	0.00232	0.10851	0.00369	0.00329
6	0.01218	0.49199	0.01620	0.00811	0.01085	0.38293	0.00701	0.01332	0.00925	0.00928	0.00566	0.00656	0.00498	0.00362	0.00293	0.00090	0.00540	0.00226	0.00181	0.00476
7	0.00515	0.00385	0.00496	0.00537	0.00607	0.00349	0.00376	0.00606	0.00773	0.01047	0.05833	0.62045	0.08451	0.01160	0.04388	0.00166	0.00267	0.02382	0.00343	0.09276
8	0.00587	0.00456	0.00534	0.00555	0.00653	0.00449	0.00415	0.02610	0.11823	0.01170	0.07712	0.28873	0.25124	0.05211	0.00545	0.00157	0.00256	0.12135	0.00363	0.00371
9	0.02358	0.04271	0.08611	0.08554	0.16498	0.18441	0.16211	0.01351	0.05582	0.09021	0.00855	0.03339	0.00677	0.00412	0.00404	0.00119	0.02169	0.00365	0.00233	0.00528
10	0.00833	0.00791	0.00688	0.02736	0.02925	0.21195	0.00498	0.02304	0.00947	0.05974	0.09564	0.17018	0.26179	0.03568	0.00480	0.00135	0.00361	0.03091	0.00321	0.00392
11	0.00852	0.00729	0.02200	0.08921	0.01115	0.00624	0.00568	0.03361	0.05275	0.04012	0.02238	0.00920	0.00667	0.00346	0.00350	0.00079	0.03500	0.00274	0.00246	0.63723
12	0.66730	0.08708	0.02446	0.00584	0.00821	0.01958	0.00499	0.03089	0.00715	0.03054	0.00618	0.03305	0.00516	0.00407	0.00318	0.00120	0.05183	0.00253	0.00239	0.00437
13	0.00669	0.00425	0.00542	0.00561	0.03532	0.00398	0.00379	0.00774	0.00847	0.09272	0.21928	0.17852	0.11225	0.21662	0.02388	0.00200	0.00283	0.02688	0.04018	0.00357
14	0.00518	0.03416	0.00496	0.00497	0.00538	0.00377	0.00332	0.00578	0.00726	0.00955	0.05468	0.49638	0.10284	0.23326	0.00866	0.00208	0.00266	0.00885	0.00323	0.00304
15	0.01138	0.44237	0.13009	0.00820	0.01147	0.20809	0.00787	0.05222	0.04803	0.03813	0.00675	0.00743	0.00552	0.00373	0.00307	0.00097	0.00496	0.00252	0.00205	0.00515
16	0.08686	0.02004	0.12738	0.06612	0.06762	0.13814	0.11287	0.03872	0.02889	0.03547	0.03769	0.06769	0.00817	0.00550	0.03014	0.00138	0.07961	0.00388	0.00232	0.04152
17	0.18217	0.10252	0.09717	0.02269	0.03819	0.10973	0.10624	0.11305	0.06070	0.04555	0.00844	0.02464	0.00685	0.00428	0.00351	0.00117	0.00457	0.03616	0.00255	0.02982
18	0.04270	0.36809	0.02771	0.01068	0.15690	0.14793	0.02767	0.07706	0.02725	0.05493	0.00722	0.00852	0.00600	0.00382	0.00322	0.00102	0.00466	0.01711	0.00221	0.00530
19	0.00932	0.07819	0.15599	0.03507	0.05777	0.02307	0.03501	0.10212	0.18011	0.05191	0.04808	0.05100	0.07163	0.00529	0.00388	0.00120	0.00393	0.02836	0.00298	0.05510
20	0.01937	0.05482	0.02690	0.08174	0.25562	0.05430	0.00826	0.16161	0.05598	0.09423	0.03671	0.04806	0.00865	0.02523	0.00416	0.00121	0.00418	0.00384	0.00282	0.05229

[dist]
# distance from previous block
# <min> <max>
3	52

[block]
# block no. 3 follows, 70 sequences, length 18
# corresponding to MSA columns:
# 201-218
name=unknown_D
#
# <colnr> <probs for GDERKNQSTAVLIFYWHMCP>
#	G	D	E	R	K	N	Q	S	T	A	V	L	I	F	Y	W	H	M	C	P
0	0.00738	0.01472	0.03341	0.00556	0.00725	0.01443	0.00451	0.02563	0.02688	0.10022	0.30914	0.02513	0.23363	0.03436	0.00500	0.00128	0.02975	0.02636	0.00364	0.09172
1	0.00959	0.06032	0.08120	0.03517	0.30032	0.06715	0.06907	0.01285	0.10500	0.04409	0.04512	0.01099	0.02144	0.00402	0.00381	0.00111	0.01289	0.00356	0.00240	0.10992
2	0.00473	0.00343	0.00448	0.00529	0.00560	0.00317	0.00356	0.00545	0.00760	0.01007	0.04134	0.78565	0.08155	0.01189	0.00491	0.00155	0.00222	0.01073	0.00361	0.00317
3	0.00934	0.11967	0.10131	0.01019	0.02869	0.04078	0.05260	0.01084	0.00716	0.05296	0.01574	0.00872	0.00572	0.00557	0.00896	0.00145	0.51042	0.00327	0.00190	0.00471
4	0.00908	0.00798	0.06103	0.00711	0.02736	0.00590	0.04392	0.02828	0.00860	0.08663	0.00775	0.00868	0.00607	0.00316	0.00313	0.00073	0.00332	0.00263	0.00249	0.67614
5	0.01021	0.20518	0.17798	0.05375	0.29927	0.07374	0.01026	0.05520	0.00912	0.04284	0.00704	0.00849	0.00564	0.00371	0.00366	0.00110	0.02223	0.00297	0.00201	0.00559
6	0.01036	0.86609	0.02032	0.00663	0.00995	0.01534	0.00663	0.01161	0.00788	0.00912	0.00539	0.00622	0.00498	0.00332	0.00249	0.00083	0.00415	0.00207	0.00166	0.00498
7	0.00806	0.00774	0.01358	0.55782	0.13425	0.00879	0.13053	0.03904	0.00846	0.01116	0.00770	0.04160	0.00621	0.00406	0.00401	0.00128	0.00515	0.00389	0.00193	0.00473
8	0.00847	0.03783	0.06481	0.00590	0.00774	0.00499	0.00501	0.01031	0.03208	0.20648	0.23180	0.13996	0.18210	0.00772	0.00434	0.00129	0.00272	0.03814	0.00385	0.00446
9	0.00474	0.00341	0.00447	0.00530	0.00557	0.00317	0.00354	0.00541	0.00743	0.00986	0.02189	0.80283	0.06046	0.03524	0.00534	0.00162	0.00228	0.01075	0.00356	0.00313
10	0.00478	0.00341	0.00456	0.00546	0.00571	0.00320	0.00369	0.00549	0.00748	0.00996	0.02134	0.83161	0.02552	0.01209	0.00496	0.00158	0.00230	0.04009	0.00360	0.00316
11	0.04540	0.00660	0.01041	0.57247	0.09093	0.00777	0.00914	0.00980	0.02855	0.01125	0.09754	0.03499	0.04994	0.00479	0.00395	0.00128	0.00439	0.00421	0.00223	0.00435
12	0.01034	0.73555	0.10974	0.00719	0.01074	0.03151	0.00747	0.01194	0.00805	0.02960	0.00581	0.00662	0.00508	0.00341	0.00267	0.00089	0.00436	0.00221	0.00174	0.00509
13	0.00978	0.00655	0.00797	0.00594	0.00904	0.00513	0.00475	0.01141	0.00877	0.18940	0.04001	0.05116	0.00866	0.00392	0.00325	0.00078	0.00289	0.00323	0.00297	0.62440
14	0.33116	0.00889	0.01025	0.16362	0.07015	0.05351	0.06254	0.15832	0.04955	0.04657	0.00757	0.00877	0.00566	0.00395	0.00337	0.00121	0.00420	0.00305	0.00262	0.00505
15	0.08107	0.00567	0.00678	0.02777	0.07049	0.00565	0.00498	0.09914	0.02545	0.04830	0.22104	0.06321	0.26234	0.00751	0.00427	0.00129	0.00274	0.05448	0.00357	0.00426
16	0.18469	0.25553	0.04666	0.06581	0.05598	0.01071	0.00675	0.11314	0.10802	0.01402	0.00804	0.02619	0.00671	0.03572	0.00374	0.00118	0.00385	0.00306	0.00247	0.04774
17	0.08811	0.04971	0.01150	0.20542	0.23831	0.06106	0.01852	0.05379	0.04596	0.05992	0.01042	0.06939	0.04927	0.00510	0.01629	0.00129	0.00437	0.00405	0.00247	0.00504

[dist]
# distance from previous block
# <min> <max>
1	36

[block]
# block no. 4 follows, 70 sequences, length 24
# corresponding to MSA columns:
# 255-278
name=unknown_E
#
# <colnr> <probs for GDERKNQSTAVLIFYWHMCP>
#	G	D	E	R	K	N	Q	S	T	A	V	L	I	F	Y	W	H	M	C	P
0	0.02628	0.00882	0.01111	0.05573	0.23911	0.06732	0.03589	0.06219	0.27216	0.06527	0.01364	0.01443	0.08264	0.00497	0.00396	0.00124	0.00399	0.02260	0.00305	0.00560
1	0.01124	0.35850	0.07314	0.00931	0.09175	0.08002	0.00767	0.17938	0.01045	0.04650	0.00825	0.00918	0.03449	0.01947	0.00379	0.00107	0.02708	0.00298	0.00239	0.02334
2	0.02885	0.06880	0.21706	0.00902	0.01217	0.00788	0.12489	0.07061	0.04736	0.10182	0.02460	0.08650	0.08491	0.00592	0.00413	0.00130	0.00428	0.09197	0.00289	0.00505
3	0.03165	0.07128	0.01085	0.00755	0.01076	0.03806	0.02296	0.35762	0.01256	0.04850	0.00808	0.00861	0.00613	0.00380	0.00336	0.00091	0.00379	0.00290	0.00300	0.34763
4	0.16038	0.02872	0.04027	0.01430	0.34723	0.07012	0.04692	0.07434	0.00929	0.04101	0.00767	0.00986	0.00631	0.00384	0.00352	0.00112	0.00434	0.03084	0.00233	0.09758
5	0.00655	0.00420	0.00552	0.00506	0.00616	0.00384	0.00384	0.00835	0.01098	0.08934	0.76413	0.02755	0.03417	0.00765	0.00451	0.00122	0.00196	0.00673	0.00432	0.00392
6	0.03090	0.00939	0.01000	0.00828	0.02167	0.03055	0.00653	0.42634	0.24640	0.08865	0.01165	0.01210	0.00876	0.06488	0.00497	0.00139	0.00386	0.00387	0.00376	0.00606
7	0.00564	0.00376	0.00423	0.00423	0.00423	0.00376	0.00235	0.00564	0.00564	0.00752	0.01222	0.02537	0.01409	0.86375	0.01973	0.00376	0.00376	0.00564	0.00235	0.00235
8	0.00472	0.00337	0.00450	0.00540	0.00562	0.00315	0.00360	0.00540	0.00742	0.00990	0.02137	0.86122	0.02564	0.01215	0.00495	0.00157	0.00225	0.01102	0.00360	0.00315
9	0.00723	0.00667	0.01115	0.77881	0.02503	0.00824	0.01036	0.00974	0.00786	0.01006	0.00811	0.01332	0.00670	0.00449	0.00401	0.00134	0.00503	0.07575	0.00189	0.00424
10	0.00732	0.00689	0.01163	0.85444	0.02670	0.00861	0.01077	0.00991	0.00775	0.00991	0.00689	0.01034	0.00517	0.00388	0.00388	0.00129	0.00517	0.00345	0.00172	0.00431
11	0.00953	0.00823	0.00872	0.00774	0.01002	0.00933	0.00603	0.01984	0.77489	0.01597	0.01516	0.01401	0.01141	0.00509	0.00387	0.00126	0.00305	0.00424	0.00383	0.06778
12	0.00802	0.01833	0.69589	0.01200	0.01741	0.00915	0.16036	0.01230	0.00836	0.01230	0.00712	0.00859	0.00509	0.00361	0.00384	0.00124	0.00587	0.00317	0.00170	0.00564
13	0.00554	0.00415	0.00623	0.00623	0.00692	0.00485	0.00485	0.00692	0.00623	0.00900	0.01038	0.01523	0.00969	0.02908	0.84839	0.00623	0.01038	0.00415	0.00208	0.00346
14	0.00609	0.00476	0.00536	0.00502	0.00635	0.00452	0.00384	0.08023	0.04929	0.01377	0.31318	0.05544	0.40056	0.00857	0.00452	0.00128	0.00222	0.02729	0.00387	0.00384
15	0.06918	0.00950	0.01033	0.00811	0.01101	0.01029	0.00665	0.53744	0.09917	0.15855	0.01152	0.01104	0.02964	0.00481	0.00381	0.00119	0.00384	0.00369	0.00394	0.00631
16	0.01216	0.13278	0.14113	0.08424	0.01348	0.05622	0.00844	0.35247	0.07557	0.07311	0.00890	0.00932	0.00649	0.00427	0.00364	0.00114	0.00455	0.00323	0.00299	0.00588
17	0.07223	0.10999	0.06909	0.09442	0.06477	0.02020	0.02435	0.18217	0.16837	0.06367	0.04199	0.01183	0.00876	0.03411	0.00421	0.00128	0.00405	0.01604	0.00298	0.00547
18	0.00884	0.05085	0.06954	0.10870	0.13007	0.03954	0.07865	0.07022	0.05327	0.05086	0.03951	0.05059	0.13349	0.00546	0.00422	0.00122	0.02543	0.02609	0.00271	0.05073
19	0.05131	0.00753	0.00934	0.00858	0.06775	0.03614	0.04523	0.11163	0.13558	0.22546	0.08056	0.08319	0.03345	0.00588	0.00407	0.00126	0.00351	0.05552	0.00370	0.03032
20	0.06675	0.00958	0.03824	0.04214	0.02792	0.12143	0.02801	0.17151	0.09757	0.15873	0.02494	0.03203	0.07860	0.00497	0.00376	0.00115	0.00402	0.00396	0.00328	0.08140
21	0.04656	0.01002	0.01212	0.03074	0.26555	0.13728	0.04298	0.11048	0.05305	0.13017	0.01994	0.01097	0.03666	0.00445	0.00436	0.00119	0.05824	0.00361	0.00277	0.01888
22	0.06707	0.06563	0.01071	0.07463	0.06611	0.11874	0.05079	0.13491	0.04357	0.06799	0.02304	0.08351	0.01818	0.05700	0.00491	0.00134	0.02039	0.03323	0.00280	0.05549
23	0.11482	0.12182	0.05383	0.03892	0.06431	0.08826	0.08864	0.18014	0.05567	0.07715	0.02328	0.02452	0.00706	0.00424	0.00373	0.00115	0.02123	0.00337	0.00274	0.02511

[dist]
# distance from previous block
# <min> <max>
5	67

[block]
# block no. 5 follows, 70 sequences, length 22
# corresponding to MSA columns:
# 346-367
name=unknown_F
#
# <colnr> <probs for GDERKNQSTAVLIFYWHMCP>
#	G	D	E	R	K	N	Q	S	T	A	V	L	I	F	Y	W	H	M	C	P
0	0.00968	0.21318	0.13852	0.01083	0.14076	0.03709	0.06172	0.10706	0.05684	0.02550	0.05833	0.07414	0.00933	0.00463	0.00364	0.00112	0.00432	0.00389	0.00249	0.03693
1	0.01988	0.20045	0.20535	0.03329	0.19301	0.02353	0.03767	0.05071	0.02780	0.10541	0.03445	0.02717	0.00742	0.00410	0.00366	0.00113	0.01367	0.00336	0.00237	0.00558
2	0.02187	0.29497	0.27315	0.02554	0.03360	0.05833	0.05299	0.02786	0.00850	0.03560	0.00869	0.10477	0.00798	0.00474	0.00351	0.00114	0.00469	0.02491	0.00211	0.00504
3	0.00931	0.08628	0.41242	0.03917	0.06770	0.06382	0.08343	0.07691	0.03488	0.02244	0.03536	0.00936	0.00657	0.00401	0.00401	0.00120	0.03232	0.00325	0.00209	0.00550
4	0.00890	0.08982	0.00978	0.10108	0.05769	0.07626	0.02449	0.03683	0.08134	0.08011	0.09066	0.07933	0.11070	0.04974	0.00550	0.01970	0.04962	0.02102	0.00294	0.00449
5	0.00659	0.02196	0.00632	0.00617	0.00693	0.05457	0.01570	0.00808	0.05970	0.04113	0.06428	0.47883	0.07249	0.06540	0.00608	0.00161	0.05179	0.02534	0.00336	0.00366
6	0.01153	0.41712	0.03173	0.00794	0.01077	0.20623	0.00696	0.08852	0.16167	0.01197	0.00783	0.00824	0.00639	0.00396	0.00314	0.00100	0.00465	0.00274	0.00236	0.00524
7	0.06507	0.00697	0.00814	0.00616	0.00920	0.00596	0.00495	0.07373	0.02388	0.17396	0.03991	0.03934	0.00839	0.00397	0.00327	0.00085	0.00301	0.00320	0.00305	0.51699
8	0.01165	0.08278	0.21686	0.06121	0.05777	0.06706	0.02495	0.20521	0.02467	0.13800	0.01707	0.00952	0.00658	0.00421	0.00398	0.00116	0.03338	0.00325	0.00277	0.02791
9	0.01150	0.02765	0.12754	0.03287	0.03399	0.01006	0.24366	0.25156	0.04963	0.10914	0.00911	0.01009	0.00658	0.00422	0.00454	0.00125	0.05415	0.00377	0.00286	0.00583
10	0.00717	0.00733	0.01393	0.08127	0.01434	0.00696	0.40442	0.00939	0.00880	0.01153	0.07642	0.05049	0.22449	0.05916	0.00547	0.00146	0.00457	0.00589	0.00261	0.00428
11	0.00578	0.00398	0.00514	0.00536	0.00606	0.00375	0.00381	0.02424	0.02613	0.04303	0.31619	0.47538	0.04639	0.01000	0.00472	0.00141	0.00219	0.00895	0.00390	0.00360
12	0.02274	0.01131	0.20632	0.17566	0.19048	0.02594	0.09101	0.05271	0.05893	0.06084	0.00836	0.02453	0.00645	0.00413	0.00429	0.00125	0.04378	0.00360	0.00223	0.00545
13	0.01102	0.00763	0.01118	0.24072	0.21885	0.02090	0.00857	0.07773	0.04134	0.22578	0.01138	0.07215	0.02583	0.00484	0.00396	0.00124	0.00415	0.00423	0.00300	0.00550
14	0.00520	0.00395	0.00479	0.00458	0.00562	0.00354	0.00343	0.00676	0.01030	0.01395	0.58639	0.03159	0.28871	0.00852	0.00458	0.00125	0.00187	0.00738	0.00406	0.00354
15	0.00801	0.06923	0.74421	0.01112	0.01659	0.00943	0.06430	0.01225	0.00823	0.01210	0.00692	0.00821	0.00498	0.00364	0.00367	0.00121	0.00569	0.00292	0.00166	0.00565
16	0.08678	0.10590	0.12720	0.05600	0.08433	0.16170	0.05542	0.18404	0.03610	0.04042	0.02220	0.00891	0.00632	0.00402	0.00356	0.00113	0.00494	0.00311	0.00250	0.00541
17	0.03709	0.00840	0.00907	0.00818	0.02373	0.00952	0.00641	0.16955	0.55794	0.01726	0.01460	0.01615	0.01159	0.00562	0.00403	0.00133	0.00337	0.08645	0.00381	0.00590
18	0.00564	0.00376	0.00423	0.00423	0.00423	0.00376	0.00235	0.00564	0.00564	0.00752	0.01222	0.02537	0.01409	0.86375	0.01973	0.00376	0.00376	0.00564	0.00235	0.00235
19	0.00990	0.37106	0.20006	0.00898	0.01258	0.07347	0.09225	0.03101	0.10062	0.02244	0.03804	0.00906	0.00708	0.00388	0.00333	0.00106	0.00474	0.00303	0.00215	0.00527
20	0.01131	0.00989	0.05178	0.03429	0.07844	0.12234	0.02979	0.17516	0.06731	0.12050	0.06283	0.02641	0.02682	0.04184	0.00539	0.00132	0.08513	0.00397	0.02254	0.02295
21	0.01083	0.00701	0.03638	0.02038	0.00909	0.04888	0.00560	0.06581	0.07792	0.28108	0.09626	0.10065	0.10221	0.00677	0.00420	0.00128	0.00325	0.07985	0.01923	0.02331

[dist]
# distance from previous block
# <min> <max>
1	11

[block]
# block no. 6 follows, 70 sequences, length 6
# corresponding to MSA columns:
# 379-384
name=unknown_G
#
# <colnr> <probs for GDERKNQSTAVLIFYWHMCP>
#	G	D	E	R	K	N	Q	S	T	A	V	L	I	F	Y	W	H	M	C	P
0	0.06164	0.00959	0.01273	0.03846	0.44208	0.07960	0.00935	0.10929	0.08269	0.04279	0.00885	0.04529	0.00737	0.00433	0.00404	0.00120	0.02873	0.00371	0.00252	0.00573
1	0.00492	0.00357	0.00449	0.00500	0.00548	0.00331	0.00342	0.00559	0.00764	0.01000	0.06923	0.52022	0.19118	0.06861	0.03569	0.04329	0.00260	0.00926	0.00341	0.00309
2	0.00891	0.00844	0.01423	0.16565	0.44586	0.00882	0.09628	0.05516	0.00920	0.01273	0.05784	0.01217	0.04574	0.00426	0.00435	0.00123	0.03753	0.00400	0.00220	0.00540
3	0.00848	0.00848	0.01187	0.01018	0.01018	0.01187	0.00848	0.00933	0.00594	0.00933	0.00509	0.00848	0.00509	0.00679	0.01272	0.00170	0.85666	0.00339	0.00170	0.00424
4	0.00804	0.00689	0.00804	0.00574	0.00919	0.00517	0.00459	0.00976	0.00804	0.01263	0.00689	0.00804	0.00574	0.00287	0.00287	0.00057	0.00287	0.00230	0.00230	0.88745
5	0.03081	0.00650	0.00820	0.13151	0.11996	0.03544	0.00624	0.04361	0.12167	0.01313	0.20067	0.06725	0.13753	0.05459	0.00504	0.00140	0.00331	0.00555	0.00316	0.00442

[dist]
# distance from previous block
# <min> <max>
0	1

[block]
# block no. 7 follows, 70 sequences, length 33
# corresponding to MSA columns:
# 386-418
name=unknown_H
#
# <colnr> <probs for GDERKNQSTAVLIFYWHMCP>
#	G	D	E	R	K	N	Q	S	T	A	V	L	I	F	Y	W	H	M	C	P
0	0.00942	0.00871	0.01444	0.11371	0.65497	0.00880	0.01100	0.01189	0.02699	0.03167	0.00759	0.00976	0.00621	0.00353	0.00378	0.00113	0.00448	0.00340	0.00203	0.06647
1	0.04004	0.01127	0.01279	0.02393	0.19021	0.21739	0.04763	0.05278	0.00862	0.01127	0.00616	0.00844	0.00538	0.00496	0.00724	0.00134	0.34051	0.00320	0.00196	0.00488
2	0.00508	0.00359	0.00467	0.00521	0.00570	0.00331	0.00360	0.00603	0.00832	0.02468	0.19276	0.61564	0.08502	0.01098	0.00483	0.00148	0.00216	0.00987	0.00376	0.00332
3	0.00898	0.00853	0.01357	0.09512	0.45719	0.00932	0.04073	0.01222	0.11466	0.01252	0.05395	0.01123	0.00830	0.00446	0.00525	0.00128	0.13110	0.00380	0.00226	0.00552
4	0.01587	0.00647	0.00871	0.00675	0.00965	0.00555	0.00556	0.01740	0.01076	0.71908	0.04033	0.01427	0.01054	0.00493	0.00388	0.00117	0.00323	0.03092	0.00453	0.08042
5	0.00692	0.00590	0.00913	0.01076	0.23514	0.00569	0.05142	0.00922	0.03587	0.01445	0.51477	0.02243	0.04963	0.00642	0.00435	0.00121	0.00289	0.00585	0.00347	0.00449
6	0.01959	0.05624	0.15030	0.06987	0.46958	0.05811	0.01098	0.03207	0.00903	0.05716	0.00781	0.02814	0.00636	0.00384	0.00374	0.00116	0.00479	0.00341	0.00210	0.00575
7	0.01034	0.00664	0.00805	0.01924	0.03662	0.00680	0.00550	0.11078	0.21240	0.19796	0.28001	0.01910	0.05759	0.00608	0.00415	0.00123	0.00289	0.00515	0.00411	0.00533
8	0.00644	0.00349	0.00507	0.00510	0.00518	0.00355	0.00342	0.00531	0.00531	0.00715	0.00813	0.04056	0.00838	0.10049	0.10068	0.67991	0.00409	0.00392	0.00185	0.00198
9	0.01110	0.08496	0.05031	0.00869	0.05807	0.17149	0.00688	0.14043	0.02357	0.05181	0.00745	0.00833	0.00590	0.00377	0.00368	0.00092	0.03895	0.00275	0.00250	0.31846
10	0.00500	0.00356	0.00455	0.00518	0.00549	0.00336	0.00349	0.00569	0.00744	0.00987	0.05988	0.58182	0.06886	0.16320	0.00756	0.00194	0.00255	0.05409	0.00341	0.00306
11	0.00486	0.00353	0.00475	0.00575	0.02307	0.00332	0.00376	0.00557	0.00741	0.00990	0.02095	0.79623	0.03750	0.02957	0.02235	0.00170	0.00249	0.01057	0.00351	0.00320
12	0.00804	0.00689	0.00804	0.00574	0.00919	0.00517	0.00459	0.00976	0.00804	0.01263	0.00689	0.00804	0.00574	0.00287	0.00287	0.00057	0.00287	0.00230	0.00230	0.88745
13	0.01059	0.81921	0.01980	0.00682	0.01006	0.06140	0.00668	0.01182	0.00805	0.00914	0.00542	0.00626	0.00498	0.00335	0.00254	0.00084	0.00430	0.00210	0.00168	0.00495
14	0.00934	0.00732	0.00797	0.00708	0.00908	0.00809	0.00551	0.06175	0.54200	0.06610	0.13220	0.01809	0.07662	0.02567	0.00444	0.00134	0.00291	0.00499	0.00398	0.00554
15	0.01359	0.00995	0.01199	0.01019	0.07500	0.09288	0.09480	0.34368	0.02480	0.20490	0.06980	0.01159	0.00923	0.00462	0.00397	0.00118	0.00440	0.00386	0.00357	0.00599
16	0.01068	0.00732	0.00959	0.08819	0.01182	0.00768	0.05163	0.22305	0.08162	0.14748	0.01543	0.02212	0.05791	0.00663	0.00440	0.00139	0.00389	0.24036	0.00362	0.00520
17	0.00584	0.00414	0.00563	0.00642	0.00706	0.00409	0.00521	0.00718	0.00821	0.01075	0.01974	0.22000	0.02207	0.11106	0.00695	0.00197	0.00330	0.54360	0.00343	0.00333
18	0.01036	0.86609	0.02032	0.00663	0.00995	0.01534	0.00663	0.01161	0.00788	0.00912	0.00539	0.00622	0.00498	0.00332	0.00249	0.00083	0.00415	0.00207	0.00166	0.00498
19	0.00887	0.01026	0.07517	0.01240	0.01543	0.07535	0.45106	0.04640	0.06302	0.01244	0.01112	0.16948	0.01981	0.00528	0.00442	0.00132	0.00534	0.00548	0.00248	0.00491
20	0.02517	0.01042	0.05649	0.01147	0.19242	0.15349	0.00778	0.10268	0.20799	0.02848	0.12754	0.01382	0.02523	0.00498	0.00391	0.00119	0.00418	0.01427	0.00305	0.00543
21	0.00557	0.00393	0.00516	0.00518	0.00550	0.00425	0.00353	0.00623	0.00595	0.00825	0.01156	0.03812	0.01231	0.46113	0.40152	0.00485	0.00678	0.00507	0.00225	0.00288
22	0.00630	0.00466	0.00541	0.00546	0.00606	0.02207	0.00385	0.04839	0.00775	0.02885	0.01870	0.26965	0.13144	0.29301	0.03572	0.00238	0.03799	0.06596	0.00307	0.00327
23	0.01130	0.02814	0.00960	0.00789	0.01022	0.08304	0.03155	0.17591	0.30508	0.12340	0.01587	0.03366	0.10602	0.00567	0.00414	0.00125	0.01741	0.02056	0.00367	0.00561
24	0.00511	0.00379	0.00478	0.00504	0.00579	0.00347	0.00369	0.00637	0.00919	0.01234	0.34400	0.31700	0.18588	0.00994	0.00476	0.00140	0.00213	0.06804	0.00386	0.00340
25	0.00910	0.00884	0.01441	0.26164	0.58002	0.03576	0.01143	0.01144	0.00859	0.01177	0.00714	0.00972	0.00583	0.00359	0.00384	0.00119	0.00484	0.00342	0.00187	0.00556
26	0.00573	0.00401	0.00490	0.00512	0.00554	0.00387	0.00350	0.00631	0.00677	0.00907	0.01530	0.18141	0.01743	0.48549	0.01315	0.00278	0.00339	0.17172	0.00283	0.05169
27	0.04328	0.00591	0.00672	0.00636	0.02521	0.04268	0.00481	0.06064	0.05868	0.11860	0.30022	0.10527	0.12242	0.00756	0.00446	0.00130	0.01417	0.06349	0.00384	0.00437
28	0.74776	0.00809	0.00667	0.00582	0.00813	0.02862	0.00478	0.08044	0.00765	0.01736	0.00573	0.00669	0.00447	0.00387	0.00312	0.00122	0.05040	0.00230	0.00248	0.00441
29	0.01473	0.01116	0.01161	0.00896	0.01202	0.04514	0.00737	0.79452	0.01794	0.02384	0.00918	0.00922	0.00653	0.00463	0.00386	0.00116	0.00437	0.00345	0.00380	0.00651
30	0.01715	0.00700	0.00924	0.00709	0.01009	0.00629	0.00585	0.09430	0.01176	0.76591	0.01474	0.01283	0.00932	0.00478	0.00390	0.00120	0.00339	0.00386	0.00471	0.00660
31	0.02711	0.00850	0.00942	0.00775	0.02011	0.05457	0.00614	0.34560	0.02390	0.27272	0.08408	0.09904	0.01200	0.00569	0.00401	0.00121	0.00367	0.00462	0.00402	0.00582
32	0.05499	0.00539	0.05156	0.00568	0.00693	0.00467	0.00448	0.05815	0.03537	0.02958	0.03854	0.42453	0.22029	0.01762	0.00467	0.00145	0.00262	0.02623	0.00348	0.00378

[dist]
# distance from previous block
# <min> <max>
4	41

[block]
# block no. 8 follows, 70 sequences, length 13
# corresponding to MSA columns:
# 460-472
name=unknown_I
#
# <colnr> <probs for GDERKNQSTAVLIFYWHMCP>
#	G	D	E	R	K	N	Q	S	T	A	V	L	I	F	Y	W	H	M	C	P
0	0.00853	0.08535	0.05199	0.03049	0.08397	0.05022	0.03961	0.02381	0.02905	0.07492	0.05947	0.20574	0.02787	0.00689	0.03635	0.00133	0.00384	0.00518	0.00281	0.17259
1	0.01166	0.09509	0.06282	0.11467	0.09366	0.01800	0.06348	0.13106	0.03281	0.23616	0.01222	0.04158	0.06003	0.00478	0.00385	0.00119	0.00417	0.00405	0.00313	0.00559
2	0.00514	0.00381	0.00522	0.00574	0.00625	0.00362	0.02415	0.00607	0.00774	0.01023	0.04586	0.55758	0.08649	0.06389	0.03609	0.00187	0.00289	0.12068	0.00344	0.00325
3	0.01013	0.04261	0.18343	0.06571	0.05459	0.08611	0.01913	0.18213	0.02212	0.07225	0.04595	0.15579	0.01070	0.00570	0.00419	0.00125	0.02546	0.00470	0.00287	0.00519
4	0.01023	0.00840	0.00892	0.00779	0.01004	0.00958	0.00612	0.15527	0.63158	0.01751	0.05343	0.01428	0.01206	0.00526	0.00393	0.00127	0.00317	0.00433	0.03079	0.00602
5	0.04975	0.04978	0.01034	0.00761	0.01058	0.00881	0.00631	0.30803	0.06809	0.42141	0.01231	0.01128	0.00823	0.00466	0.00377	0.00118	0.00366	0.00363	0.00417	0.00639
6	0.00484	0.00373	0.00444	0.00478	0.00558	0.00333	0.00344	0.00587	0.00863	0.01110	0.15958	0.36088	0.35894	0.01047	0.00475	0.00142	0.00211	0.03909	0.00371	0.00330
7	0.00554	0.00379	0.00461	0.00469	0.00483	0.00390	0.00291	0.00585	0.00590	0.00799	0.01270	0.09785	0.01434	0.63926	0.16615	0.00401	0.00481	0.00585	0.00241	0.00262
8	0.00839	0.00819	0.01288	0.55203	0.28076	0.05060	0.01096	0.01081	0.00825	0.01075	0.00697	0.00994	0.00546	0.00375	0.00385	0.00123	0.00508	0.00340	0.00180	0.00489
9	0.00894	0.00850	0.04196	0.00748	0.04028	0.04821	0.03504	0.06293	0.04053	0.01335	0.00739	0.00846	0.00598	0.00320	0.00314	0.00073	0.00348	0.00261	0.00239	0.65540
10	0.00534	0.00419	0.00494	0.00494	0.00605	0.00389	0.00382	0.00713	0.04533	0.01236	0.28322	0.05452	0.39183	0.01013	0.04540	0.00158	0.00258	0.10544	0.00375	0.00356
11	0.00930	0.01349	0.31763	0.07132	0.04470	0.06870	0.07138	0.07622	0.22948	0.01385	0.01062	0.01125	0.03587	0.00439	0.00387	0.00124	0.00485	0.00367	0.00256	0.00561
12	0.00746	0.00551	0.00642	0.00616	0.00730	0.00567	0.00455	0.19692	0.05252	0.01407	0.09607	0.40485	0.08264	0.06246	0.00552	0.00155	0.00283	0.02971	0.00367	0.00412

[dist]
# distance from previous block
# <min> <max>
2	6

[block]
# block no. 9 follows, 70 sequences, length 10
# corresponding to MSA columns:
# 480-489
name=unknown_J
#
# <colnr> <probs for GDERKNQSTAVLIFYWHMCP>
#	G	D	E	R	K	N	Q	S	T	A	V	L	I	F	Y	W	H	M	C	P
0	0.20520	0.26235	0.12655	0.00758	0.01080	0.04576	0.06077	0.01231	0.06698	0.03966	0.03004	0.00933	0.03188	0.00393	0.00311	0.00106	0.00406	0.00293	0.00230	0.07341
1	0.00887	0.08336	0.62071	0.01163	0.08230	0.10356	0.01278	0.01255	0.00853	0.01176	0.00676	0.00802	0.00502	0.00367	0.00358	0.00117	0.00566	0.00281	0.00170	0.00557
2	0.00662	0.00338	0.00491	0.00498	0.00506	0.00337	0.00334	0.00534	0.00543	0.00748	0.00818	0.07263	0.00830	0.01277	0.01358	0.76404	0.00318	0.00393	0.06155	0.00192
3	0.00538	0.00404	0.00507	0.00525	0.00621	0.00372	0.00413	0.00688	0.00960	0.01274	0.35131	0.09955	0.24559	0.00947	0.00481	0.00142	0.00235	0.21515	0.00386	0.00349
4	0.07214	0.01044	0.01102	0.00859	0.01157	0.01162	0.00706	0.71017	0.08081	0.02333	0.00955	0.00951	0.00684	0.00463	0.00379	0.00118	0.00409	0.00347	0.00379	0.00640
5	0.00590	0.00415	0.00558	0.06302	0.00751	0.00418	0.00450	0.02477	0.00778	0.03024	0.04135	0.42433	0.02063	0.16054	0.03587	0.00210	0.00327	0.14767	0.00325	0.00334
6	0.00550	0.00399	0.00556	0.00563	0.00611	0.00443	0.00409	0.00646	0.00617	0.00868	0.01172	0.08355	0.01210	0.24920	0.56312	0.00521	0.00800	0.00508	0.00227	0.00314
7	0.00978	0.00938	0.05723	0.01028	0.04295	0.06115	0.16668	0.08840	0.20110	0.06007	0.06866	0.05843	0.01160	0.00559	0.00494	0.00133	0.07625	0.05788	0.00307	0.00525
8	0.00878	0.02452	0.00763	0.00661	0.00856	0.00696	0.00516	0.01462	0.39297	0.09542	0.11365	0.09305	0.09487	0.00649	0.00408	0.00126	0.00279	0.02952	0.00381	0.07924
9	0.03397	0.32253	0.13033	0.04430	0.08303	0.10723	0.02567	0.02862	0.09676	0.06761	0.00833	0.00903	0.01917	0.00392	0.00329	0.00106	0.00459	0.00295	0.00227	0.00532

[dist]
# distance from previous block
# <min> <max>
5	18

[block]
# block no. 10 follows, 70 sequences, length 11
# corresponding to MSA columns:
# 508-518
name=unknown_K
#
# <colnr> <probs for GDERKNQSTAVLIFYWHMCP>
#	G	D	E	R	K	N	Q	S	T	A	V	L	I	F	Y	W	H	M	C	P
0	0.02463	0.07722	0.12997	0.05711	0.13192	0.05559	0.02558	0.10293	0.05801	0.07195	0.04751	0.05230	0.13820	0.00542	0.00389	0.00120	0.00406	0.00451	0.00283	0.00514
1	0.00496	0.00362	0.00470	0.00528	0.00574	0.00343	0.00369	0.00584	0.00778	0.01036	0.09691	0.55011	0.11221	0.05560	0.07259	0.00200	0.00296	0.04553	0.00348	0.00321
2	0.03728	0.03408	0.11378	0.08716	0.23468	0.08750	0.00888	0.06518	0.02502	0.03966	0.02328	0.09666	0.03745	0.00637	0.04813	0.00149	0.04166	0.00426	0.00241	0.00506
3	0.03475	0.03942	0.23195	0.18551	0.15042	0.15539	0.05396	0.02580	0.02518	0.03497	0.00750	0.02458	0.00589	0.00394	0.00373	0.00119	0.00536	0.00328	0.00201	0.00519
4	0.01010	0.05275	0.19625	0.06700	0.26912	0.13102	0.03267	0.07092	0.04652	0.03247	0.00833	0.05044	0.00690	0.00422	0.00378	0.00117	0.00503	0.00357	0.00223	0.00551
5	0.00541	0.00426	0.00615	0.04783	0.02656	0.00410	0.04750	0.00648	0.00788	0.01040	0.06797	0.48102	0.11570	0.08570	0.00612	0.00169	0.00284	0.06571	0.00331	0.00339
6	0.03507	0.17505	0.39154	0.03631	0.05642	0.10885	0.03851	0.03620	0.02402	0.01174	0.00669	0.00800	0.00520	0.00384	0.00390	0.00115	0.04751	0.00283	0.00184	0.00532
7	0.01097	0.15163	0.06417	0.05869	0.13143	0.01101	0.13992	0.26662	0.03022	0.02985	0.00887	0.01001	0.03105	0.00418	0.00407	0.00117	0.03430	0.00355	0.00261	0.00567
8	0.03754	0.00871	0.04345	0.00973	0.07928	0.06819	0.11509	0.05978	0.22243	0.06142	0.10111	0.09922	0.05239	0.00573	0.00410	0.00126	0.00385	0.00508	0.00324	0.01841
9	0.03408	0.04810	0.12036	0.02405	0.12346	0.04390	0.00706	0.03598	0.09265	0.06745	0.01856	0.10879	0.22100	0.00660	0.00407	0.00127	0.00359	0.03124	0.00300	0.00478
10	0.06301	0.32866	0.19275	0.08248	0.07244	0.01099	0.03709	0.02777	0.03288	0.01164	0.00663	0.00790	0.00537	0.00350	0.00314	0.00101	0.00445	0.00267	0.00192	0.10370

[dist]
# distance from previous block
# <min> <max>
1	14

[block]
# block no. 11 follows, 70 sequences, length 20
# corresponding to MSA columns:
# 551-570
name=unknown_L
#
# <colnr> <probs for GDERKNQSTAVLIFYWHMCP>
#	G	D	E	R	K	N	Q	S	T	A	V	L	I	F	Y	W	H	M	C	P
0	0.04156	0.21009	0.21611	0.00864	0.02309	0.11469	0.03444	0.02253	0.00851	0.03361	0.02925	0.01893	0.06297	0.00539	0.03500	0.00130	0.07283	0.00331	0.00212	0.05564
1	0.03310	0.28598	0.10599	0.03084	0.01155	0.06112	0.05026	0.08186	0.09476	0.04522	0.07420	0.01020	0.00863	0.00412	0.00335	0.00103	0.00418	0.00320	0.00253	0.08788
2	0.05404	0.17290	0.05755	0.03646	0.03871	0.09764	0.01804	0.10568	0.00957	0.06594	0.01230	0.14022	0.08288	0.00572	0.00400	0.00116	0.03576	0.00454	0.00271	0.05420
3	0.01003	0.10970	0.24609	0.10916	0.21720	0.10573	0.01071	0.07191	0.01791	0.03473	0.00719	0.00871	0.00558	0.00384	0.00383	0.00115	0.02593	0.00305	0.00203	0.00550
4	0.00901	0.02724	0.07824	0.04368	0.05731	0.03387	0.02289	0.09134	0.15663	0.06013	0.21734	0.01650	0.05774	0.00561	0.00451	0.00121	0.05305	0.00462	0.00327	0.05582
5	0.00589	0.00427	0.00579	0.00566	0.00628	0.00469	0.00416	0.03628	0.00706	0.00993	0.10647	0.01921	0.01382	0.24022	0.50735	0.00483	0.00747	0.00484	0.00247	0.00331
6	0.02499	0.02500	0.03795	0.14692	0.32625	0.03975	0.02161	0.03530	0.03696	0.01263	0.11231	0.05915	0.06684	0.00521	0.00400	0.00122	0.00407	0.02029	0.00254	0.01700
7	0.00558	0.00385	0.00477	0.00480	0.00499	0.00403	0.00305	0.00597	0.00585	0.00799	0.01204	0.05092	0.01332	0.61415	0.23847	0.00434	0.00546	0.00543	0.00232	0.00267
8	0.00990	0.05969	0.03444	0.08488	0.49291	0.08542	0.02356	0.01303	0.10031	0.02784	0.00842	0.02764	0.00696	0.00394	0.00378	0.00116	0.00465	0.00356	0.00220	0.00570
9	0.00766	0.00718	0.01112	0.31864	0.13210	0.00892	0.00894	0.00930	0.00711	0.00993	0.00786	0.07146	0.00745	0.05545	0.04480	0.00178	0.27994	0.00413	0.00193	0.00431
10	0.00629	0.00548	0.02568	0.02764	0.07315	0.00530	0.03479	0.02582	0.03567	0.01212	0.21313	0.19340	0.16043	0.06327	0.00601	0.00153	0.05294	0.05014	0.00330	0.00389
11	0.02973	0.02850	0.01367	0.42093	0.29442	0.06022	0.05750	0.01111	0.00832	0.01109	0.00692	0.00966	0.00549	0.00375	0.00400	0.00122	0.02324	0.00339	0.00183	0.00499
12	0.01110	0.58321	0.09651	0.00785	0.01109	0.21351	0.00757	0.01260	0.00865	0.00951	0.00568	0.00659	0.00497	0.00351	0.00284	0.00091	0.00498	0.00225	0.00174	0.00493
13	0.00609	0.00484	0.00583	0.00577	0.00630	0.05298	0.00415	0.00698	0.00630	0.00852	0.01075	0.01820	0.01091	0.31071	0.51876	0.00509	0.00794	0.00456	0.00216	0.00314
14	0.01074	0.70233	0.05554	0.00709	0.01034	0.09115	0.00694	0.01210	0.00831	0.03721	0.00660	0.00730	0.02359	0.00359	0.00273	0.00089	0.00440	0.00234	0.00184	0.00498
15	0.08556	0.00493	0.00675	0.00697	0.00817	0.00490	0.05308	0.00808	0.00859	0.01189	0.02063	0.10914	0.11261	0.00966	0.00492	0.00163	0.00339	0.53206	0.00338	0.00365
16	0.00954	0.11578	0.03346	0.02195	0.29988	0.08938	0.10382	0.03740	0.04799	0.01192	0.02501	0.03497	0.04084	0.02247	0.00480	0.00126	0.06452	0.02756	0.00225	0.00519
17	0.00738	0.00672	0.04143	0.04006	0.01021	0.02379	0.15936	0.00917	0.03721	0.04482	0.05304	0.06175	0.01178	0.25584	0.16170	0.00292	0.06146	0.00501	0.00245	0.00389
18	0.00840	0.05583	0.01264	0.06013	0.11641	0.02969	0.18131	0.04111	0.07610	0.02747	0.09832	0.03908	0.12066	0.00616	0.02238	0.00139	0.07044	0.02497	0.00273	0.00478
19	0.07543	0.00868	0.08511	0.19776	0.05813	0.00783	0.12347	0.04045	0.05331	0.10647	0.00946	0.05043	0.00759	0.00434	0.00379	0.00118	0.00435	0.02352	0.00257	0.13612

[dist]
# distance from previous block
# <min> <max>
2	13

[block]
# block no. 12 follows, 70 sequences, length 7
# corresponding to MSA columns:
# 584-590
name=unknown_M
#
# <colnr> <probs for GDERKNQSTAVLIFYWHMCP>
#	G	D	E	R	K	N	Q	S	T	A	V	L	I	F	Y	W	H	M	C	P
0	0.03659	0.05187	0.12191	0.04124	0.03706	0.12860	0.05641	0.07492	0.02788	0.06061	0.02271	0.09268	0.01829	0.02953	0.01483	0.00125	0.02859	0.00397	0.00254	0.14850
1	0.00694	0.07199	0.00750	0.03246	0.00768	0.04343	0.03067	0.04420	0.05448	0.01047	0.03573	0.17541	0.13840	0.24322	0.03758	0.00216	0.02199	0.02921	0.00288	0.00363
