[name]
unknown

[dist]
# distance from previous block
# <min> <max>
0	24

[block]
# block no. 0 follows, 67 sequences, length 17
# corresponding to MSA columns:
# 26-42
name=unknown_A
#
# <colnr> <probs for GDERKNQSTAVLIFYWHMCP>
#	G	D	E	R	K	N	Q	S	T	A	V	L	I	F	Y	W	H	M	C	P
0	0.02178	0.00793	0.00942	0.00822	0.03142	0.02243	0.02352	0.26669	0.05136	0.06274	0.05280	0.11362	0.09891	0.03072	0.03243	0.00158	0.10813	0.01611	0.00343	0.03674
1	0.06836	0.13398	0.11895	0.02716	0.01336	0.05933	0.14162	0.18260	0.03010	0.07991	0.03331	0.04962	0.00813	0.00456	0.00382	0.00119	0.00475	0.00384	0.00282	0.03259
2	0.01008	0.14540	0.20321	0.06967	0.18149	0.02605	0.06075	0.11759	0.06000	0.01377	0.00813	0.01008	0.00649	0.00425	0.00428	0.00123	0.04878	0.02070	0.00228	0.00575
3	0.00636	0.00386	0.00568	0.00568	0.00599	0.00416	0.00406	0.00609	0.00578	0.00801	0.00895	0.01466	0.00878	0.07868	0.36654	0.45159	0.00659	0.00399	0.00196	0.00257
4	0.01179	0.01085	0.01363	0.08765	0.30067	0.13439	0.05617	0.15240	0.09723	0.06100	0.00903	0.01030	0.00695	0.00426	0.00421	0.00123	0.02599	0.00362	0.00271	0.00594
5	0.00612	0.00456	0.00566	0.00607	0.02940	0.00443	0.00417	0.06154	0.03724	0.01272	0.17854	0.43715	0.12145	0.04972	0.00553	0.00157	0.00251	0.00888	0.01896	0.00378
6	0.04939	0.01054	0.01073	0.03337	0.01194	0.07366	0.00710	0.46372	0.18394	0.07370	0.01176	0.01150	0.03033	0.00498	0.00396	0.00124	0.00421	0.00382	0.00381	0.00630
7	0.00675	0.00603	0.06434	0.03821	0.00855	0.00514	0.00557	0.06781	0.01000	0.01373	0.27856	0.17026	0.04119	0.06166	0.00571	0.00157	0.00309	0.16296	0.00360	0.04525
8	0.02831	0.00629	0.00825	0.00697	0.00874	0.02451	0.06250	0.05887	0.04091	0.13531	0.35765	0.08635	0.06390	0.00703	0.00483	0.00128	0.04248	0.00605	0.00389	0.04589
9	0.15274	0.00938	0.00968	0.00790	0.01056	0.02604	0.00645	0.43767	0.10938	0.06072	0.04899	0.01272	0.00951	0.00515	0.00383	0.00125	0.00382	0.04135	0.03691	0.00592
10	0.84229	0.00794	0.00621	0.00548	0.00800	0.00917	0.00451	0.05361	0.00745	0.01837	0.00579	0.00668	0.00447	0.00378	0.00256	0.00124	0.00317	0.00225	0.00256	0.00447
11	0.88738	0.00776	0.00589	0.00527	0.00776	0.00900	0.00434	0.01179	0.00683	0.01799	0.00558	0.00651	0.00434	0.00372	0.00248	0.00124	0.00310	0.00217	0.00248	0.00434
12	0.00917	0.00873	0.01400	0.24976	0.36269	0.03216	0.08272	0.05877	0.02128	0.01304	0.06153	0.01281	0.04687	0.00439	0.00413	0.00126	0.00482	0.00413	0.00232	0.00542
13	0.00694	0.00542	0.00657	0.00562	0.00761	0.00442	0.00418	0.00829	0.00842	0.02742	0.11491	0.26204	0.03070	0.06016	0.00496	0.00121	0.00270	0.00598	0.00310	0.42935
14	0.00823	0.00582	0.00729	0.03649	0.00874	0.00551	0.02126	0.08121	0.05834	0.09423	0.18427	0.19084	0.12823	0.00760	0.00437	0.00126	0.00285	0.01680	0.00373	0.13293
15	0.06837	0.05152	0.08979	0.04722	0.00993	0.04592	0.02988	0.05419	0.02079	0.03388	0.03053	0.18741	0.06925	0.11229	0.03072	0.00173	0.01648	0.00556	0.00282	0.09175
16	0.00826	0.00716	0.00835	0.06541	0.05227	0.07555	0.01703	0.04859	0.00895	0.03249	0.08958	0.17653	0.02503	0.11061	0.00655	0.00151	0.05028	0.00544	0.00287	0.20755

[dist]
# distance from previous block
# <min> <max>
1	17

[block]
# block no. 1 follows, 67 sequences, length 35
# corresponding to MSA columns:
# 67-101
name=unknown_B
#
# <colnr> <probs for GDERKNQSTAVLIFYWHMCP>
#	G	D	E	R	K	N	Q	S	T	A	V	L	I	F	Y	W	H	M	C	P
0	0.03820	0.00995	0.01115	0.00886	0.01173	0.08446	0.07295	0.24813	0.18371	0.12617	0.02917	0.01134	0.00863	0.00464	0.00408	0.00117	0.02133	0.00374	0.00353	0.11707
1	0.00735	0.00480	0.00614	0.09571	0.00868	0.00473	0.00466	0.01982	0.03584	0.09672	0.23627	0.13622	0.17521	0.00821	0.02123	0.00140	0.00275	0.00665	0.12348	0.00413
2	0.00586	0.00418	0.00507	0.00535	0.00580	0.00412	0.00357	0.05546	0.00790	0.01050	0.03680	0.42917	0.07716	0.28010	0.04808	0.00251	0.00330	0.00855	0.00328	0.00325
3	0.01252	0.00928	0.01006	0.00828	0.01083	0.01027	0.00663	0.43351	0.26725	0.05673	0.02193	0.04832	0.01046	0.04306	0.00482	0.00140	0.00380	0.01763	0.01701	0.00620
4	0.03112	0.04311	0.01992	0.03419	0.08377	0.09371	0.10654	0.03845	0.08695	0.17372	0.00998	0.04099	0.00786	0.00494	0.00541	0.00128	0.14092	0.00389	0.00289	0.07039
5	0.01119	0.77217	0.02004	0.00716	0.01052	0.05028	0.00695	0.06357	0.00896	0.01046	0.00586	0.00667	0.00525	0.00355	0.00271	0.00089	0.00442	0.00226	0.00188	0.00523
6	0.44419	0.00901	0.05520	0.07608	0.08538	0.03294	0.11954	0.02919	0.00807	0.01524	0.00776	0.06917	0.00667	0.00438	0.00338	0.00128	0.00416	0.00354	0.02008	0.00474
7	0.00947	0.01993	0.04389	0.26761	0.23775	0.00934	0.02750	0.08863	0.07166	0.04206	0.00948	0.07456	0.00804	0.00495	0.00475	0.00133	0.06693	0.00423	0.00248	0.00541
8	0.04477	0.01869	0.00951	0.04521	0.01010	0.14695	0.04014	0.01778	0.03142	0.03311	0.00886	0.01314	0.00817	0.12396	0.22723	0.00303	0.18877	0.00390	0.02111	0.00415
9	0.00768	0.02743	0.00727	0.00646	0.00770	0.02548	0.01579	0.11021	0.04041	0.03084	0.12094	0.09771	0.07026	0.11896	0.23010	0.00302	0.00530	0.05368	0.01668	0.00410
10	0.00551	0.00413	0.00446	0.00440	0.00559	0.00356	0.00321	0.00648	0.00896	0.04719	0.09015	0.09340	0.60279	0.09467	0.00630	0.00162	0.00229	0.00813	0.00370	0.00346
11	0.00712	0.00492	0.00605	0.00552	0.00685	0.00473	0.00423	0.04069	0.07719	0.07094	0.58127	0.02802	0.12116	0.00788	0.00461	0.00128	0.00223	0.01671	0.00432	0.00427
12	0.00793	0.00560	0.00674	0.00578	0.00776	0.00479	0.00433	0.02286	0.03881	0.09104	0.08367	0.22772	0.06205	0.06953	0.00520	0.00130	0.00279	0.00593	0.01432	0.33184
13	0.00665	0.00476	0.00539	0.00532	0.00580	0.00493	0.00342	0.05623	0.09527	0.01029	0.01476	0.19147	0.01627	0.54538	0.01459	0.00300	0.00353	0.00668	0.00296	0.00328
14	0.01421	0.01356	0.01125	0.01048	0.08332	0.38663	0.00756	0.15875	0.07647	0.13119	0.00915	0.00948	0.00684	0.00435	0.00377	0.00111	0.00539	0.00320	0.00299	0.06029
15	0.01217	0.06414	0.01141	0.01932	0.01124	0.38305	0.00741	0.13475	0.01065	0.01206	0.00791	0.06468	0.00727	0.02416	0.04637	0.00155	0.17107	0.00364	0.00240	0.00476
16	0.01032	0.01103	0.08761	0.01460	0.02900	0.00989	0.54818	0.06144	0.00986	0.08387	0.00884	0.01133	0.00666	0.00406	0.00518	0.00136	0.06832	0.02051	0.00238	0.00556
17	0.00484	0.00379	0.00436	0.00480	0.00560	0.00334	0.00337	0.00571	0.00845	0.01060	0.04436	0.42160	0.43095	0.02259	0.00513	0.00152	0.00219	0.00979	0.00372	0.00332
18	0.00889	0.00834	0.01372	0.37213	0.41713	0.00920	0.01120	0.01204	0.06879	0.01220	0.00811	0.01071	0.00643	0.00392	0.00397	0.00126	0.00484	0.00364	0.01797	0.00550
19	0.00533	0.00405	0.00490	0.00475	0.00579	0.00363	0.00354	0.00687	0.01043	0.01406	0.53047	0.07737	0.29605	0.00907	0.00475	0.00131	0.00196	0.00787	0.00415	0.00363
20	0.00575	0.00427	0.00627	0.00629	0.00695	0.00491	0.00482	0.00707	0.00645	0.00924	0.01113	0.01728	0.01069	0.10055	0.75512	0.00613	0.01001	0.02140	0.00221	0.00348
21	0.01141	0.00924	0.00963	0.00800	0.00995	0.10270	0.04156	0.37302	0.01277	0.03399	0.01131	0.09622	0.01062	0.22243	0.02737	0.00203	0.00462	0.00489	0.00325	0.00498
22	0.00549	0.00434	0.00491	0.00513	0.00593	0.02280	0.00362	0.00684	0.03598	0.01166	0.19894	0.33359	0.25427	0.08031	0.00612	0.00164	0.00242	0.00880	0.00374	0.00347
23	0.01182	0.10721	0.21942	0.00986	0.02072	0.05616	0.06832	0.23376	0.10327	0.09042	0.00993	0.03444	0.00751	0.00457	0.00387	0.00122	0.00482	0.00368	0.00299	0.00603
24	0.01081	0.00974	0.00949	0.00843	0.01075	0.08417	0.00657	0.07963	0.69492	0.01678	0.01493	0.01388	0.01121	0.00528	0.00403	0.00132	0.00363	0.00429	0.00390	0.00623
25	0.00843	0.00784	0.01304	0.65761	0.12961	0.00926	0.04333	0.06175	0.00890	0.01166	0.00738	0.01053	0.00560	0.00398	0.00403	0.00131	0.00527	0.00361	0.00196	0.00489
26	0.00874	0.00958	0.01917	0.05783	0.05229	0.02659	0.58137	0.01154	0.00920	0.01224	0.01187	0.07533	0.08095	0.00477	0.00481	0.00137	0.01966	0.00538	0.00229	0.00503
27	0.06105	0.00449	0.00470	0.00438	0.00564	0.00451	0.00337	0.03796	0.00915	0.07603	0.08142	0.01543	0.01209	0.00494	0.00308	0.00101	0.00215	0.00396	0.66054	0.00411
28	0.00550	0.00418	0.00491	0.00469	0.00586	0.00373	0.00353	0.00714	0.02181	0.02499	0.46877	0.03325	0.37916	0.00896	0.00472	0.00130	0.00199	0.00769	0.00412	0.00369
29	0.00959	0.00827	0.01387	0.37791	0.41806	0.00896	0.01127	0.01203	0.00885	0.08099	0.00806	0.01057	0.00622	0.00388	0.00399	0.00126	0.00490	0.00361	0.00215	0.00558
30	0.01097	0.00961	0.00984	0.04252	0.04747	0.08672	0.00689	0.14846	0.47566	0.02940	0.03308	0.01430	0.04483	0.00532	0.00404	0.00129	0.00382	0.00433	0.01549	0.00598
31	0.00515	0.00389	0.00445	0.00465	0.00549	0.00348	0.00328	0.00616	0.00878	0.01142	0.16293	0.25455	0.37516	0.08979	0.00623	0.00163	0.00226	0.00862	0.03874	0.00334
32	0.00971	0.14627	0.04761	0.06775	0.40390	0.02272	0.00987	0.03505	0.00882	0.01228	0.00709	0.00928	0.00604	0.01766	0.00455	0.00116	0.06685	0.00318	0.00202	0.11820
33	0.00606	0.00493	0.03434	0.00549	0.00625	0.00458	0.00401	0.03818	0.02437	0.01065	0.07634	0.20786	0.12096	0.30261	0.10584	0.00285	0.01772	0.00704	0.01655	0.00338
34	0.04947	0.29783	0.05076	0.00761	0.01063	0.08706	0.00679	0.16290	0.02306	0.13971	0.01044	0.05956	0.03644	0.00480	0.00347	0.00109	0.00421	0.00359	0.00295	0.03763

[dist]
# distance from previous block
# <min> <max>
2	18

[block]
# block no. 2 follows, 67 sequences, length 7
# corresponding to MSA columns:
# 120-126
name=unknown_C
#
# <colnr> <probs for GDERKNQSTAVLIFYWHMCP>
#	G	D	E	R	K	N	Q	S	T	A	V	L	I	F	Y	W	H	M	C	P
0	0.06371	0.15618	0.05890	0.00889	0.03346	0.09977	0.08539	0.15154	0.02802	0.02795	0.02587	0.06153	0.09032	0.03759	0.02440	0.00143	0.02112	0.01616	0.00277	0.00501
1	0.00725	0.00476	0.00577	0.00547	0.00680	0.00444	0.00415	0.00953	0.08267	0.11561	0.30734	0.14550	0.24325	0.00878	0.00467	0.00136	0.00235	0.03194	0.00415	0.00421
2	0.00888	0.00600	0.00760	0.00763	0.08104	0.00593	0.00533	0.10998	0.06127	0.10806	0.35123	0.05528	0.09327	0.00703	0.00437	0.00127	0.00277	0.02193	0.05630	0.00482
3	0.08718	0.34139	0.01535	0.05056	0.06141	0.03043	0.03603	0.04371	0.00846	0.08343	0.00698	0.00848	0.00581	0.00502	0.02350	0.00131	0.18067	0.00296	0.00221	0.00513
4	0.00631	0.00447	0.00526	0.00532	0.00641	0.00416	0.00392	0.02909	0.04716	0.05994	0.11217	0.28747	0.31880	0.04349	0.00542	0.00154	0.00246	0.04896	0.00384	0.00379
5	0.00982	0.02511	0.04718	0.04789	0.16968	0.00724	0.00725	0.07927	0.03379	0.14173	0.11319	0.06598	0.02550	0.05497	0.05312	0.02255	0.03713	0.02370	0.02980	0.00509
6	0.00585	0.00445	0.00634	0.08091	0.00855	0.00430	0.03941	0.00691	0.00791	0.03173	0.02054	0.53147	0.10661	0.06633	0.02673	0.00178	0.00312	0.00906	0.00334	0.03467

[dist]
# distance from previous block
# <min> <max>
2	20

[block]
# block no. 3 follows, 67 sequences, length 9
# corresponding to MSA columns:
# 147-155
name=unknown_D
#
# <colnr> <probs for GDERKNQSTAVLIFYWHMCP>
#	G	D	E	R	K	N	Q	S	T	A	V	L	I	F	Y	W	H	M	C	P
0	0.09468	0.10940	0.17575	0.02739	0.02347	0.07008	0.02676	0.10245	0.08485	0.04802	0.02865	0.01157	0.00803	0.00496	0.01931	0.00125	0.00455	0.04526	0.00268	0.11089
1	0.01210	0.18790	0.05861	0.05052	0.07538	0.27678	0.00810	0.15550	0.01094	0.01289	0.00733	0.00919	0.00617	0.05037	0.00485	0.00125	0.04345	0.00306	0.02045	0.00518
2	0.00795	0.06177	0.06800	0.05686	0.11044	0.03077	0.11462	0.02785	0.03318	0.01167	0.01503	0.17692	0.11544	0.02668	0.00555	0.00143	0.08519	0.02249	0.02352	0.00462
3	0.00546	0.00397	0.00469	0.00483	0.00573	0.00354	0.00344	0.00651	0.00899	0.03687	0.19523	0.27760	0.34463	0.07263	0.00598	0.00160	0.00227	0.00876	0.00381	0.00347
4	0.00804	0.00620	0.00777	0.03872	0.02875	0.00691	0.00559	0.09569	0.17892	0.01300	0.07617	0.10231	0.07018	0.01150	0.12209	0.15501	0.06047	0.00528	0.00308	0.00430
5	0.00605	0.00406	0.00498	0.00502	0.00593	0.00367	0.00361	0.00723	0.00931	0.06370	0.27911	0.27451	0.21878	0.06603	0.00579	0.00156	0.00228	0.00838	0.02638	0.00363
6	0.00680	0.00422	0.00515	0.00500	0.00557	0.00409	0.00334	0.00744	0.00751	0.08331	0.12029	0.07211	0.06560	0.49414	0.06403	0.00312	0.00380	0.03821	0.00309	0.00322
7	0.00953	0.02669	0.00981	0.04957	0.10481	0.00892	0.00682	0.14262	0.32231	0.01517	0.01347	0.11800	0.01192	0.08224	0.03534	0.00175	0.02715	0.00511	0.00335	0.00543
8	0.07407	0.03770	0.01154	0.05528	0.07291	0.16822	0.00766	0.33995	0.06282	0.05772	0.02793	0.00988	0.00731	0.00458	0.00404	0.00119	0.02793	0.00340	0.00316	0.02271

[dist]
# distance from previous block
# <min> <max>
0	5

[block]
# block no. 4 follows, 67 sequences, length 12
# corresponding to MSA columns:
# 161-172
name=unknown_E
#
# <colnr> <probs for GDERKNQSTAVLIFYWHMCP>
#	G	D	E	R	K	N	Q	S	T	A	V	L	I	F	Y	W	H	M	C	P
0	0.67820	0.00850	0.00703	0.00613	0.00853	0.05981	0.02339	0.05278	0.03380	0.03339	0.00680	0.00827	0.00546	0.04948	0.00372	0.00137	0.00355	0.00263	0.00262	0.00452
1	0.02258	0.04398	0.20734	0.03669	0.09923	0.07519	0.06679	0.09112	0.09072	0.02632	0.00893	0.04578	0.00738	0.00592	0.03925	0.00153	0.11954	0.00382	0.00242	0.00547
2	0.00608	0.00445	0.00566	0.00581	0.03213	0.00423	0.00416	0.00752	0.00977	0.04036	0.37234	0.16615	0.22266	0.00901	0.00505	0.00136	0.03872	0.02290	0.03783	0.00380
3	0.00692	0.05940	0.00764	0.00672	0.03359	0.00567	0.03602	0.05546	0.05419	0.02460	0.21258	0.26805	0.12539	0.06191	0.00559	0.00153	0.00287	0.02418	0.00361	0.00408
4	0.00726	0.03229	0.00710	0.05929	0.00848	0.00595	0.00494	0.07504	0.07730	0.02786	0.26302	0.04327	0.21852	0.00897	0.04396	0.03948	0.03000	0.01709	0.02598	0.00419
5	0.00525	0.00400	0.00478	0.00499	0.00580	0.00366	0.00354	0.00664	0.03273	0.01205	0.24416	0.31922	0.27471	0.05281	0.00563	0.00155	0.00222	0.00891	0.00385	0.00349
6	0.06924	0.09755	0.01273	0.01130	0.09644	0.60602	0.02706	0.01491	0.01050	0.01071	0.00628	0.00747	0.00526	0.00396	0.00351	0.00105	0.00643	0.00267	0.00205	0.00487
7	0.00621	0.00383	0.00538	0.00544	0.00588	0.00397	0.00390	0.00632	0.00664	0.00931	0.06402	0.09283	0.05333	0.03559	0.26717	0.35495	0.00534	0.00501	0.06206	0.00281
8	0.00935	0.00990	0.04877	0.15499	0.44183	0.09455	0.04186	0.01162	0.00902	0.01201	0.03125	0.06421	0.00830	0.00549	0.03845	0.00145	0.00525	0.00412	0.00213	0.00543
9	0.28781	0.22221	0.23262	0.00798	0.01174	0.01136	0.00832	0.15033	0.00965	0.01572	0.00670	0.00755	0.00516	0.00386	0.00312	0.00115	0.00437	0.00262	0.00234	0.00539
10	0.01008	0.01016	0.01489	0.06398	0.54574	0.11508	0.07175	0.01206	0.00903	0.01196	0.00758	0.01051	0.00651	0.04100	0.00531	0.04803	0.00515	0.00363	0.00199	0.00555
11	0.03347	0.00619	0.00730	0.00675	0.00810	0.02343	0.02745	0.18642	0.02963	0.01512	0.17423	0.29915	0.05004	0.05383	0.00548	0.00155	0.00313	0.06066	0.00374	0.00432

[dist]
# distance from previous block
# <min> <max>
41	117

[block]
# block no. 5 follows, 67 sequences, length 29
# corresponding to MSA columns:
# 310-338
name=unknown_F
#
# <colnr> <probs for GDERKNQSTAVLIFYWHMCP>
#	G	D	E	R	K	N	Q	S	T	A	V	L	I	F	Y	W	H	M	C	P
0	0.03340	0.00696	0.03237	0.00696	0.00864	0.02218	0.01632	0.15189	0.11713	0.03491	0.15145	0.24968	0.04268	0.02481	0.04242	0.00163	0.01563	0.00662	0.00365	0.03067
1	0.01007	0.04007	0.16260	0.02624	0.07977	0.03993	0.06592	0.11952	0.18508	0.05402	0.09204	0.03865	0.02832	0.00527	0.00434	0.00129	0.02528	0.01281	0.00312	0.00567
2	0.00894	0.01024	0.16270	0.05474	0.04814	0.07379	0.03750	0.07182	0.05581	0.04297	0.09940	0.14979	0.01331	0.02570	0.00499	0.00134	0.04884	0.00514	0.02260	0.06224
3	0.00671	0.02834	0.05534	0.04098	0.00894	0.00567	0.04382	0.06797	0.04510	0.01249	0.06820	0.28486	0.20637	0.00993	0.04463	0.00166	0.00346	0.03664	0.02479	0.00411
4	0.03988	0.00793	0.06207	0.08225	0.11747	0.00773	0.02740	0.10453	0.03331	0.09144	0.05601	0.08630	0.02757	0.13707	0.03090	0.00188	0.07355	0.00491	0.00291	0.00487
5	0.01032	0.04707	0.16047	0.02414	0.04080	0.04044	0.03444	0.20683	0.20666	0.01641	0.06898	0.01376	0.04634	0.03418	0.00455	0.00132	0.00425	0.00416	0.00318	0.03170
6	0.00624	0.05524	0.03467	0.03571	0.00720	0.00499	0.00437	0.00760	0.02402	0.02604	0.22761	0.10720	0.17691	0.16633	0.06681	0.03211	0.00346	0.00661	0.00326	0.00360
7	0.01041	0.11831	0.21942	0.04496	0.16273	0.08808	0.05661	0.08326	0.05253	0.03121	0.00783	0.00914	0.00609	0.00397	0.00399	0.00116	0.03046	0.00320	0.00225	0.06439
8	0.05665	0.06888	0.04649	0.00946	0.01162	0.45101	0.00768	0.07154	0.03463	0.02402	0.03144	0.00862	0.00653	0.00465	0.00491	0.00116	0.12510	0.00297	0.00232	0.03032
9	0.00743	0.00519	0.00619	0.00555	0.00698	0.00503	0.00427	0.08892	0.05643	0.06168	0.50924	0.02726	0.16210	0.00777	0.00454	0.00127	0.00232	0.00667	0.02685	0.00433
10	0.00747	0.03503	0.00787	0.06171	0.00933	0.00620	0.03857	0.09246	0.09158	0.03102	0.10236	0.22836	0.20803	0.00879	0.02524	0.00148	0.00321	0.00711	0.00354	0.03065
11	0.02781	0.00676	0.00759	0.01893	0.07611	0.10598	0.02075	0.02058	0.00868	0.04078	0.04189	0.41227	0.06927	0.04316	0.00569	0.00156	0.04467	0.04030	0.00322	0.00401
12	0.00915	0.00687	0.00809	0.00704	0.00840	0.00770	0.00540	0.26755	0.04140	0.01439	0.01226	0.02919	0.05224	0.21655	0.20982	0.02340	0.06844	0.00470	0.00295	0.00445
13	0.03660	0.00906	0.03383	0.00801	0.01092	0.06010	0.02176	0.16224	0.14853	0.41041	0.01344	0.01242	0.00912	0.00486	0.00393	0.00123	0.00386	0.00387	0.03944	0.00637
14	0.00675	0.00478	0.00600	0.00632	0.04513	0.02466	0.00426	0.02174	0.04897	0.01101	0.18212	0.10978	0.14219	0.02490	0.00897	0.32591	0.00298	0.01730	0.00301	0.00322
15	0.01525	0.01123	0.01204	0.00923	0.01244	0.01244	0.00762	0.82067	0.01886	0.02528	0.00963	0.00963	0.00682	0.00481	0.00401	0.00120	0.00441	0.00361	0.00401	0.00682
16	0.01065	0.03992	0.01046	0.03882	0.09182	0.11630	0.01552	0.20093	0.03234	0.04643	0.03909	0.13624	0.04815	0.03155	0.00506	0.00131	0.05253	0.00492	0.00307	0.07488
17	0.03468	0.24157	0.01395	0.00941	0.02919	0.46976	0.02272	0.05297	0.01054	0.04603	0.00679	0.00776	0.00560	0.00471	0.02720	0.00117	0.00609	0.00268	0.00220	0.00499
18	0.14061	0.18295	0.08188	0.06907	0.13609	0.08437	0.00794	0.07965	0.02815	0.02330	0.00804	0.04535	0.00685	0.00493	0.01314	0.03296	0.00448	0.00332	0.04182	0.00509
19	0.01029	0.01162	0.12530	0.09425	0.18541	0.10684	0.07862	0.11226	0.08759	0.02369	0.00960	0.07819	0.00815	0.00493	0.00452	0.00129	0.04515	0.00420	0.00255	0.00555
20	0.00874	0.00775	0.01090	0.02705	0.21649	0.05690	0.05569	0.02560	0.04165	0.04112	0.02400	0.04321	0.02724	0.10570	0.15728	0.00254	0.10517	0.01564	0.02261	0.00471
21	0.00549	0.00382	0.00475	0.00521	0.00580	0.00351	0.00358	0.00631	0.00817	0.03873	0.07775	0.50326	0.18421	0.10471	0.00667	0.00179	0.00248	0.02674	0.00367	0.00336
22	0.02603	0.00628	0.00795	0.00647	0.00887	0.00582	0.00521	0.06143	0.04961	0.48932	0.12036	0.04194	0.05048	0.00580	0.00404	0.00123	0.00301	0.00480	0.09554	0.00580
23	0.00628	0.00431	0.00522	0.00520	0.00574	0.00429	0.00354	0.03597	0.00803	0.03091	0.13560	0.19602	0.07813	0.36163	0.04207	0.00263	0.02040	0.02653	0.02424	0.00327
24	0.00701	0.00513	0.03576	0.00608	0.00721	0.00453	0.00470	0.06170	0.00949	0.08218	0.14604	0.43568	0.08981	0.01077	0.03453	0.00166	0.00296	0.04693	0.00382	0.00402
25	0.01021	0.00872	0.00981	0.02128	0.04963	0.07508	0.04139	0.17046	0.24394	0.03022	0.06736	0.03609	0.03893	0.04357	0.06118	0.00176	0.02359	0.04038	0.02108	0.00534
26	0.01110	0.02677	0.06430	0.08256	0.25613	0.09752	0.08446	0.10874	0.07086	0.08262	0.00980	0.05517	0.00801	0.01892	0.00433	0.00129	0.00491	0.00408	0.00270	0.00575
27	0.07876	0.21651	0.04600	0.04011	0.18244	0.09344	0.02632	0.10809	0.03617	0.01360	0.03841	0.03942	0.03217	0.00455	0.00371	0.00114	0.01642	0.00359	0.00246	0.01671
28	0.05120	0.07072	0.07220	0.01060	0.07609	0.15711	0.08179	0.06198	0.02931	0.07307	0.03664	0.02147	0.02121	0.03087	0.03010	0.00149	0.14310	0.00371	0.00250	0.02482

[dist]
# distance from previous block
# <min> <max>
16	86

[block]
# block no. 6 follows, 67 sequences, length 14
# corresponding to MSA columns:
# 448-461
name=unknown_G
#
# <colnr> <probs for GDERKNQSTAVLIFYWHMCP>
#	G	D	E	R	K	N	Q	S	T	A	V	L	I	F	Y	W	H	M	C	P
0	0.05431	0.03197	0.01075	0.00913	0.05883	0.11494	0.05405	0.17269	0.07425	0.08739	0.08445	0.01314	0.04964	0.00566	0.02803	0.00130	0.02865	0.00397	0.00319	0.11367
1	0.01073	0.01090	0.01065	0.12297	0.04385	0.28022	0.05897	0.07687	0.04238	0.03995	0.00982	0.01283	0.03096	0.09195	0.13733	0.00227	0.00641	0.00385	0.00245	0.00463
2	0.06005	0.04394	0.01162	0.09658	0.16234	0.08058	0.00798	0.19861	0.06902	0.13953	0.01040	0.06085	0.00824	0.00481	0.00388	0.00121	0.00434	0.00394	0.00316	0.02893
3	0.01047	0.00904	0.01213	0.24264	0.10050	0.04384	0.03648	0.16036	0.10316	0.05243	0.00892	0.01072	0.00689	0.00554	0.03212	0.00149	0.12647	0.00369	0.00266	0.03045
4	0.00884	0.04403	0.00899	0.04123	0.02783	0.03799	0.03637	0.06689	0.04518	0.06428	0.01100	0.02832	0.03298	0.17672	0.12921	0.03123	0.01797	0.00416	0.00265	0.18414
5	0.04014	0.00503	0.00590	0.00530	0.00685	0.00467	0.00408	0.03550	0.04358	0.08261	0.40773	0.04489	0.23174	0.00783	0.00445	0.00125	0.00230	0.00668	0.00405	0.05541
6	0.01121	0.00894	0.00964	0.00827	0.01056	0.02576	0.00660	0.23350	0.43496	0.04518	0.07817	0.01559	0.01278	0.00576	0.00453	0.00134	0.03781	0.03936	0.00397	0.00606
7	0.01363	0.00927	0.01017	0.00839	0.03203	0.03615	0.00661	0.46356	0.04930	0.14573	0.09683	0.01298	0.01099	0.00515	0.00397	0.00119	0.00382	0.00407	0.08002	0.00614
8	0.00559	0.00416	0.00534	0.00592	0.00678	0.00391	0.00471	0.00696	0.00905	0.01170	0.10726	0.23806	0.22027	0.01093	0.00516	0.00162	0.00278	0.34250	0.00378	0.00352
9	0.01750	0.00707	0.00939	0.00726	0.01033	0.00633	0.00598	0.04819	0.05166	0.76774	0.01563	0.01357	0.00993	0.00498	0.00403	0.00125	0.00344	0.00404	0.00489	0.00680
10	0.00522	0.00397	0.00480	0.00483	0.00577	0.00355	0.00353	0.00659	0.00992	0.01324	0.41634	0.19154	0.29678	0.00968	0.00481	0.00136	0.00202	0.00845	0.00405	0.00355
11	0.03896	0.29931	0.01465	0.00817	0.01139	0.03693	0.00713	0.43161	0.01403	0.08853	0.00857	0.00873	0.00640	0.00431	0.00347	0.00109	0.00433	0.00308	0.00321	0.00612
12	0.03158	0.13362	0.11090	0.02593	0.01286	0.54758	0.00848	0.04584	0.01060	0.01088	0.00635	0.00745	0.00521	0.00407	0.00370	0.00107	0.02428	0.00264	0.00205	0.00494
13	0.01162	0.28783	0.07756	0.01012	0.08104	0.08209	0.06031	0.16691	0.04250	0.06211	0.03116	0.01083	0.00782	0.00476	0.01552	0.00120	0.00479	0.03355	0.00266	0.00563

[dist]
# distance from previous block
# <min> <max>
0	3

[block]
# block no. 7 follows, 67 sequences, length 17
# corresponding to MSA columns:
# 465-481
name=unknown_H
#
# <colnr> <probs for GDERKNQSTAVLIFYWHMCP>
#	G	D	E	R	K	N	Q	S	T	A	V	L	I	F	Y	W	H	M	C	P
0	0.26458	0.04046	0.03646	0.02634	0.02770	0.01937	0.03932	0.19098	0.07137	0.08451	0.00987	0.02423	0.02193	0.00452	0.00346	0.00118	0.00377	0.01562	0.03247	0.08185
1	0.00802	0.00707	0.01137	0.03278	0.02157	0.01942	0.23602	0.03769	0.08269	0.04893	0.08323	0.14014	0.17732	0.00721	0.00464	0.00139	0.00394	0.05286	0.01909	0.00461
2	0.00593	0.00399	0.00505	0.00524	0.00608	0.00361	0.00375	0.00710	0.00930	0.06446	0.27009	0.40268	0.17707	0.01032	0.00486	0.00144	0.00221	0.00914	0.00401	0.00367
3	0.01799	0.00683	0.00931	0.00714	0.01024	0.00589	0.00589	0.01954	0.01148	0.83682	0.01582	0.01365	0.00993	0.00496	0.00403	0.00124	0.00341	0.00403	0.00496	0.00683
4	0.00543	0.00392	0.00490	0.00520	0.00596	0.00357	0.00375	0.00658	0.00909	0.02792	0.24166	0.37145	0.20699	0.03296	0.00534	0.00153	0.00228	0.05407	0.00390	0.00350
5	0.83233	0.00770	0.00611	0.00539	0.00791	0.00880	0.00444	0.01228	0.00712	0.06985	0.00623	0.00697	0.00470	0.00380	0.00258	0.00124	0.00312	0.00229	0.00264	0.00450
6	0.00950	0.00744	0.00796	0.00704	0.00857	0.02557	0.00522	0.13868	0.33385	0.03442	0.01333	0.01777	0.01178	0.30730	0.02867	0.00234	0.02755	0.00476	0.00336	0.00490
7	0.02558	0.00861	0.01006	0.07310	0.02995	0.06735	0.01967	0.17277	0.08821	0.30671	0.05454	0.03766	0.02102	0.02051	0.00454	0.00129	0.02300	0.00425	0.00384	0.02734
8	0.01373	0.01021	0.01100	0.00882	0.01143	0.04724	0.00718	0.49656	0.10621	0.10085	0.01174	0.03041	0.03555	0.00543	0.00491	0.00128	0.08334	0.00404	0.00380	0.00625
9	0.88738	0.00776	0.00589	0.00527	0.00776	0.00900	0.00434	0.01179	0.00683	0.01799	0.00558	0.00651	0.00434	0.00372	0.00248	0.00124	0.00310	0.00217	0.00248	0.00434
10	0.00763	0.00533	0.00649	0.00561	0.00733	0.00487	0.00434	0.04498	0.05584	0.08196	0.48729	0.02452	0.10344	0.00704	0.00435	0.00117	0.00237	0.00607	0.00405	0.13533
11	0.00481	0.00407	0.00416	0.00413	0.00546	0.00341	0.00310	0.00589	0.00930	0.01122	0.09876	0.03796	0.77404	0.01001	0.00474	0.00135	0.00202	0.00838	0.00377	0.00341
12	0.01000	0.07714	0.04850	0.01077	0.03013	0.16271	0.19891	0.04688	0.08342	0.01228	0.03161	0.04846	0.03328	0.00667	0.05824	0.00161	0.10320	0.00425	0.02696	0.00496
13	0.00514	0.00383	0.00480	0.00519	0.00588	0.00349	0.00371	0.00628	0.00906	0.01204	0.24734	0.42149	0.20201	0.01079	0.00495	0.00148	0.00220	0.04298	0.00391	0.00345
14	0.00531	0.00404	0.00490	0.00504	0.00588	0.00379	0.00362	0.00671	0.03037	0.01189	0.23756	0.25444	0.26904	0.06601	0.07101	0.00196	0.00290	0.00835	0.00371	0.00349
15	0.00888	0.03300	0.05407	0.04439	0.01002	0.18288	0.00642	0.05273	0.04314	0.02416	0.01006	0.04155	0.00919	0.07796	0.37930	0.00372	0.00777	0.00409	0.00238	0.00426
16	0.15669	0.09742	0.05439	0.00646	0.00866	0.02236	0.00546	0.08383	0.02722	0.02499	0.09128	0.19996	0.07032	0.00665	0.00398	0.00122	0.01806	0.00544	0.00308	0.11253

[dist]
# distance from previous block
# <min> <max>
1	26

[block]
# block no. 8 follows, 67 sequences, length 39
# corresponding to MSA columns:
# 508-546
name=unknown_I
#
# <colnr> <probs for GDERKNQSTAVLIFYWHMCP>
#	G	D	E	R	K	N	Q	S	T	A	V	L	I	F	Y	W	H	M	C	P
0	0.03210	0.02247	0.01193	0.00951	0.04368	0.04638	0.13404	0.15915	0.12164	0.04568	0.05874	0.01169	0.00915	0.02350	0.00434	0.00115	0.01844	0.00376	0.00302	0.23963
1	0.03421	0.00966	0.04012	0.02806	0.01422	0.02833	0.28334	0.12465	0.14506	0.01486	0.01194	0.02718	0.06746	0.01556	0.00476	0.00129	0.04003	0.00443	0.00282	0.10201
2	0.02652	0.00738	0.01210	0.73293	0.07563	0.00909	0.01088	0.01062	0.02562	0.01071	0.00725	0.01058	0.00553	0.00411	0.00430	0.00134	0.03537	0.00355	0.00186	0.00461
3	0.00792	0.00522	0.00638	0.00626	0.00742	0.02234	0.01404	0.04154	0.07838	0.12954	0.08033	0.46836	0.08213	0.01009	0.01888	0.00155	0.00288	0.00856	0.00391	0.00428
4	0.00501	0.00356	0.00472	0.00559	0.00584	0.00335	0.00377	0.00572	0.00764	0.01018	0.02154	0.77485	0.02571	0.05976	0.00599	0.00176	0.00247	0.04564	0.00365	0.00323
5	0.00968	0.00928	0.01583	0.11134	0.74925	0.00946	0.01219	0.01209	0.00901	0.01280	0.00750	0.01001	0.00625	0.00362	0.00397	0.00121	0.00483	0.00357	0.00196	0.00615
6	0.00697	0.00348	0.00522	0.00522	0.00522	0.00348	0.00348	0.00522	0.00522	0.00697	0.00697	0.01219	0.00697	0.01393	0.01567	0.88332	0.00348	0.00348	0.00174	0.00174
7	0.00877	0.00877	0.01228	0.01053	0.01053	0.01228	0.00877	0.00965	0.00614	0.00965	0.00526	0.00877	0.00526	0.00702	0.01316	0.00175	0.85172	0.00351	0.00175	0.00439
8	0.02317	0.00431	0.00446	0.00457	0.00575	0.01457	0.00341	0.00623	0.00893	0.01105	0.06544	0.10868	0.61501	0.04859	0.00547	0.00151	0.00233	0.05943	0.00364	0.00340
9	0.05292	0.67723	0.12622	0.00808	0.04358	0.01443	0.00799	0.01210	0.00816	0.01042	0.00586	0.00684	0.00515	0.00350	0.00278	0.00094	0.00446	0.00231	0.00176	0.00526
10	0.05252	0.00970	0.03255	0.03133	0.02842	0.00948	0.22274	0.24994	0.03843	0.18625	0.01011	0.01069	0.00715	0.00426	0.00421	0.00122	0.01901	0.00385	0.00331	0.07484
11	0.00631	0.00431	0.00563	0.00517	0.00629	0.00393	0.00391	0.00819	0.01127	0.05317	0.76992	0.02856	0.03561	0.00789	0.00465	0.00124	0.00199	0.00696	0.00438	0.03063
12	0.00831	0.00776	0.01057	0.09497	0.25057	0.07319	0.02777	0.03893	0.04127	0.01212	0.04853	0.30157	0.01465	0.00722	0.00481	0.00138	0.04239	0.00641	0.00282	0.00476
13	0.03546	0.04761	0.01079	0.00799	0.01100	0.00966	0.00662	0.39281	0.06879	0.31406	0.01215	0.01142	0.00830	0.00482	0.00388	0.00120	0.00383	0.00373	0.03934	0.00653
14	0.00508	0.00365	0.00485	0.00564	0.00601	0.00342	0.00392	0.00600	0.00820	0.01099	0.10637	0.69511	0.04211	0.01196	0.00510	0.00160	0.00238	0.07047	0.00379	0.00335
15	0.04732	0.00899	0.06788	0.01738	0.02515	0.01693	0.11298	0.17804	0.09041	0.18347	0.02559	0.01324	0.00920	0.02574	0.00440	0.00130	0.01209	0.02247	0.13176	0.00567
16	0.00583	0.00389	0.00437	0.00437	0.00437	0.00389	0.00243	0.00583	0.00583	0.00778	0.01264	0.02624	0.01458	0.85906	0.02041	0.00389	0.00389	0.00583	0.00243	0.00243
17	0.01341	0.01254	0.04683	0.00922	0.01197	0.20524	0.00756	0.33087	0.24239	0.05053	0.01078	0.01066	0.00798	0.00482	0.00406	0.00122	0.01672	0.00362	0.00348	0.00611
18	0.01028	0.05514	0.04308	0.02999	0.02919	0.03483	0.10800	0.12531	0.02515	0.09597	0.06197	0.07112	0.03077	0.00572	0.00541	0.00128	0.12634	0.03609	0.00297	0.10139
19	0.04583	0.72588	0.01928	0.00717	0.01045	0.07926	0.00686	0.04743	0.00881	0.01049	0.00580	0.00664	0.00519	0.00356	0.00271	0.00090	0.00447	0.00224	0.00187	0.00515
20	0.28376	0.16947	0.05588	0.00851	0.01144	0.18135	0.07244	0.11312	0.00987	0.03239	0.00671	0.00769	0.00529	0.00396	0.00344	0.00114	0.02330	0.00275	0.00240	0.00508
21	0.01227	0.04265	0.01210	0.05756	0.04435	0.18787	0.07472	0.17596	0.22007	0.07004	0.02813	0.01234	0.00899	0.00484	0.00401	0.00124	0.00481	0.02905	0.00322	0.00574
22	0.00573	0.00430	0.00645	0.00645	0.00716	0.00501	0.00501	0.00716	0.00645	0.00931	0.01074	0.01576	0.01003	0.03008	0.84316	0.00645	0.01074	0.00430	0.00215	0.00358
23	0.00488	0.00351	0.00463	0.00553	0.00580	0.00326	0.00370	0.00559	0.00773	0.01026	0.02276	0.82730	0.05524	0.01248	0.00511	0.00162	0.00232	0.01130	0.00372	0.00326
24	0.00497	0.00371	0.00462	0.00521	0.00580	0.00337	0.00363	0.00588	0.00842	0.01100	0.10647	0.56356	0.21773	0.01153	0.00500	0.00153	0.00224	0.02818	0.00379	0.00335
25	0.01506	0.01114	0.01193	0.00919	0.01237	0.01235	0.00758	0.79230	0.04752	0.02497	0.00987	0.00982	0.00701	0.00484	0.00401	0.00121	0.00437	0.00364	0.00401	0.00680
26	0.86772	0.00783	0.00603	0.00536	0.00786	0.00907	0.00442	0.03002	0.00710	0.01816	0.00568	0.00659	0.00440	0.00375	0.00252	0.00124	0.00313	0.00220	0.00252	0.00440
27	0.88738	0.00776	0.00589	0.00527	0.00776	0.00900	0.00434	0.01179	0.00683	0.01799	0.00558	0.00651	0.00434	0.00372	0.00248	0.00124	0.00310	0.00217	0.00248	0.00434
28	0.00865	0.00629	0.00850	0.00864	0.08494	0.04156	0.05235	0.10333	0.00899	0.04588	0.04674	0.17173	0.02680	0.00976	0.00834	0.30117	0.00376	0.05590	0.00283	0.00383
29	0.00804	0.02074	0.83828	0.01143	0.01736	0.00931	0.01482	0.01270	0.00847	0.01270	0.00720	0.00847	0.00508	0.00381	0.00381	0.00127	0.00593	0.00296	0.00169	0.00593
30	0.00951	0.00911	0.01553	0.16925	0.69263	0.00942	0.01210	0.01195	0.00894	0.01260	0.00747	0.01006	0.00618	0.00365	0.00398	0.00122	0.00487	0.00357	0.00195	0.00602
31	0.00568	0.00410	0.00536	0.00505	0.00599	0.00378	0.00378	0.00757	0.01135	0.01608	0.83192	0.02996	0.03784	0.00820	0.00473	0.00126	0.00189	0.00725	0.00441	0.00378
32	0.00496	0.00357	0.00472	0.00555	0.00587	0.00332	0.00377	0.00576	0.00796	0.01062	0.06674	0.76494	0.05341	0.01221	0.00510	0.00161	0.00233	0.03049	0.00376	0.00330
33	0.00851	0.00593	0.00703	0.00607	0.00765	0.00597	0.00474	0.20813	0.01296	0.04730	0.53070	0.03427	0.05208	0.00721	0.00445	0.00124	0.00258	0.00618	0.04239	0.00462
34	0.00572	0.00390	0.00451	0.00457	0.00469	0.00390	0.00271	0.00590	0.00613	0.00816	0.01435	0.07616	0.05205	0.71519	0.07276	0.00380	0.00416	0.00619	0.00255	0.00260
35	0.00697	0.00348	0.00522	0.00522	0.00522	0.00348	0.00348	0.00522	0.00522	0.00697	0.00697	0.01219	0.00697	0.01393	0.01567	0.88332	0.00348	0.00348	0.00174	0.00174
36	0.01043	0.01179	0.02013	0.01492	0.01820	0.12924	0.57732	0.04802	0.00977	0.01259	0.00759	0.01003	0.00589	0.00396	0.00549	0.00135	0.10172	0.00424	0.00209	0.00525
37	0.00487	0.00354	0.00460	0.00546	0.00578	0.00327	0.00367	0.00560	0.00780	0.01029	0.02364	0.78877	0.09321	0.01237	0.00509	0.00161	0.00230	0.01116	0.00372	0.00327
38	0.01093	0.17980	0.27123	0.00959	0.04844	0.02514	0.00942	0.21764	0.03756	0.06051	0.03013	0.03623	0.03690	0.00470	0.00374	0.00118	0.00462	0.00365	0.00276	0.00584

[dist]
# distance from previous block
# <min> <max>
0	1

[block]
# block no. 9 follows, 67 sequences, length 20
# corresponding to MSA columns:
# 548-550,552-568
name=unknown_J
#
# <colnr> <probs for GDERKNQSTAVLIFYWHMCP>
#	G	D	E	R	K	N	Q	S	T	A	V	L	I	F	Y	W	H	M	C	P
0	0.01058	0.00904	0.00932	0.00825	0.01054	0.03584	0.00644	0.12567	0.65633	0.01737	0.01540	0.05383	0.01198	0.00565	0.00411	0.00134	0.00342	0.00468	0.00399	0.00621
1	0.06951	0.23624	0.16115	0.00953	0.01274	0.39664	0.03724	0.01400	0.00965	0.01087	0.00624	0.00733	0.00512	0.00384	0.00335	0.00105	0.00595	0.00259	0.00194	0.00501
2	0.00922	0.00883	0.01136	0.13009	0.30104	0.11596	0.00890	0.05247	0.03545	0.01238	0.01194	0.16429	0.01187	0.00633	0.00433	0.00135	0.00453	0.10198	0.00265	0.00502
3	0.00971	0.01011	0.01888	0.01497	0.08171	0.02288	0.51793	0.04795	0.12496	0.01380	0.00985	0.01287	0.00783	0.00421	0.00468	0.00134	0.02107	0.04516	0.00249	0.02758
4	0.00941	0.01067	0.02282	0.01643	0.02018	0.01030	0.75907	0.01261	0.00922	0.01261	0.00790	0.01067	0.00602	0.00365	0.00536	0.00138	0.06972	0.00464	0.00201	0.00533
5	0.00579	0.00387	0.00439	0.00443	0.00444	0.00386	0.00248	0.00582	0.00591	0.00788	0.01304	0.06146	0.01509	0.82315	0.01976	0.00379	0.00382	0.00607	0.00248	0.00247
6	0.00489	0.00349	0.00465	0.00558	0.00582	0.00326	0.00372	0.00558	0.00768	0.01024	0.02210	0.85644	0.02653	0.01256	0.00512	0.00163	0.00233	0.01140	0.00372	0.00326
7	0.00832	0.00713	0.00832	0.00594	0.00950	0.00535	0.00475	0.01010	0.00832	0.01307	0.00713	0.00832	0.00594	0.00297	0.00297	0.00059	0.00297	0.00238	0.00238	0.88357
8	0.00757	0.00713	0.01203	0.84942	0.02762	0.00891	0.01114	0.01025	0.00802	0.01025	0.00713	0.01069	0.00535	0.00401	0.00401	0.00134	0.00535	0.00356	0.00178	0.00446
9	0.00489	0.00349	0.00465	0.00558	0.00582	0.00326	0.00372	0.00558	0.00768	0.01024	0.02210	0.85644	0.02653	0.01256	0.00512	0.00163	0.00233	0.01140	0.00372	0.00326
10	0.08459	0.03587	0.01102	0.00942	0.01178	0.60122	0.00725	0.10601	0.01162	0.03172	0.00679	0.00763	0.00544	0.00412	0.00352	0.00105	0.00621	0.00268	0.00239	0.04966
11	0.84290	0.05108	0.00666	0.00535	0.00788	0.00935	0.00447	0.01180	0.00689	0.01756	0.00558	0.00651	0.00438	0.00371	0.00249	0.00122	0.00316	0.00217	0.00244	0.00438
12	0.00801	0.12709	0.03971	0.00593	0.00806	0.00674	0.00503	0.04683	0.07044	0.05555	0.29191	0.02182	0.16544	0.00654	0.00403	0.00115	0.00280	0.00544	0.03458	0.09290
13	0.00502	0.00409	0.00445	0.00440	0.00564	0.00352	0.00332	0.00628	0.00971	0.01220	0.24151	0.03656	0.60993	0.00968	0.00476	0.00134	0.00204	0.02817	0.00390	0.00349
14	0.00761	0.13966	0.10876	0.00674	0.00889	0.02233	0.00612	0.05739	0.07545	0.01336	0.20989	0.13979	0.13305	0.00748	0.00427	0.00130	0.00327	0.04677	0.00335	0.00452
15	0.02627	0.34339	0.07738	0.06846	0.16416	0.11794	0.00876	0.07514	0.02599	0.02814	0.00714	0.00837	0.00584	0.00382	0.00333	0.00106	0.00484	0.00285	0.02167	0.00546
16	0.00615	0.00422	0.00441	0.00426	0.00558	0.00376	0.00322	0.02249	0.00937	0.04241	0.08437	0.03078	0.53329	0.00839	0.00423	0.00124	0.00208	0.00697	0.21910	0.00369
17	0.01047	0.10773	0.06592	0.00928	0.01188	0.07506	0.12227	0.16695	0.11667	0.02947	0.06017	0.06193	0.02518	0.03182	0.00506	0.00134	0.05559	0.00444	0.03349	0.00530
18	0.00757	0.00581	0.00638	0.00573	0.00729	0.03120	0.00436	0.11278	0.02896	0.04292	0.26865	0.12035	0.23726	0.03452	0.00497	0.00135	0.00269	0.00687	0.00383	0.06649
19	0.02162	0.32754	0.03889	0.00696	0.00944	0.09166	0.01704	0.06041	0.00967	0.04187	0.10831	0.11683	0.08724	0.00592	0.00366	0.00111	0.00384	0.00472	0.00279	0.04047

[dist]
# distance from previous block
# <min> <max>
1	11

[block]
# block no. 10 follows, 67 sequences, length 7
# corresponding to MSA columns:
# 580-586
name=unknown_K
#
# <colnr> <probs for GDERKNQSTAVLIFYWHMCP>
#	G	D	E	R	K	N	Q	S	T	A	V	L	I	F	Y	W	H	M	C	P
0	0.05408	0.27440	0.24034	0.02924	0.15532	0.03781	0.02882	0.06251	0.05884	0.01291	0.00737	0.00852	0.00586	0.00381	0.00344	0.00113	0.00487	0.00295	0.00210	0.00568
1	0.00563	0.00406	0.00547	0.00575	0.00616	0.00432	0.00410	0.00659	0.00712	0.01003	0.04804	0.33976	0.01798	0.14565	0.28535	0.00352	0.03739	0.00731	0.05244	0.00333
2	0.00550	0.00417	0.00573	0.00578	0.00654	0.00448	0.00437	0.00675	0.00721	0.00989	0.05693	0.08075	0.15777	0.07150	0.54816	0.00481	0.00779	0.00577	0.00266	0.00347
3	0.10989	0.01171	0.10302	0.00873	0.01179	0.09349	0.00769	0.36584	0.11026	0.07239	0.02822	0.01157	0.00831	0.00490	0.00386	0.00124	0.00443	0.03322	0.00346	0.00599
4	0.00533	0.00397	0.00500	0.00546	0.00613	0.00374	0.00390	0.00683	0.04199	0.01194	0.19836	0.48299	0.14257	0.01091	0.00496	0.00151	0.00230	0.05467	0.00388	0.00354
5	0.06923	0.00750	0.02662	0.02368	0.03362	0.02309	0.02386	0.13265	0.15081	0.11543	0.06109	0.11396	0.08955	0.00742	0.02012	0.00147	0.00361	0.08740	0.00370	0.00516
6	0.00532	0.00384	0.00488	0.00555	0.00606	0.00365	0.00388	0.00664	0.04035	0.01121	0.07619	0.63407	0.08305	0.01141	0.00495	0.00156	0.00236	0.05021	0.04135	0.00347

[dist]
# distance from previous block
# <min> <max>
1	15

[block]
# block no. 11 follows, 67 sequences, length 28
# corresponding to MSA columns:
# 602-629
name=unknown_L
#
# <colnr> <probs for GDERKNQSTAVLIFYWHMCP>
#	G	D	E	R	K	N	Q	S	T	A	V	L	I	F	Y	W	H	M	C	P
0	0.04346	0.45010	0.01607	0.00797	0.01079	0.14951	0.04042	0.07004	0.03369	0.03123	0.00882	0.03286	0.04722	0.00448	0.00361	0.00105	0.03815	0.00317	0.00228	0.00507
1	0.03012	0.01940	0.00891	0.01778	0.07583	0.00681	0.04783	0.02658	0.01878	0.01084	0.04457	0.06004	0.05099	0.07055	0.38400	0.00384	0.11180	0.00484	0.00241	0.00408
2	0.00887	0.05927	0.40164	0.01385	0.01874	0.01005	0.40410	0.01274	0.00893	0.01260	0.00756	0.00950	0.00557	0.00358	0.00419	0.00129	0.00625	0.00378	0.00186	0.00564
3	0.00520	0.00394	0.00481	0.00508	0.00585	0.00369	0.00367	0.00623	0.00842	0.01094	0.12806	0.26639	0.29703	0.09099	0.09618	0.00223	0.00329	0.05116	0.00352	0.00335
4	0.00525	0.00392	0.00492	0.00551	0.00612	0.00368	0.00390	0.00661	0.04032	0.01131	0.10908	0.55614	0.15342	0.01136	0.00501	0.00155	0.00236	0.06226	0.00381	0.00348
5	0.00562	0.00419	0.00520	0.00532	0.00611	0.00400	0.00381	0.00759	0.06722	0.01319	0.37482	0.31756	0.11191	0.04794	0.00553	0.00152	0.00224	0.00857	0.00399	0.00368
6	0.00495	0.00368	0.00463	0.00528	0.00581	0.00336	0.00366	0.00583	0.00827	0.01081	0.08247	0.61093	0.19143	0.01173	0.00503	0.00155	0.00227	0.03120	0.00377	0.00333
7	0.06230	0.04061	0.01158	0.00951	0.03317	0.26114	0.00741	0.45207	0.01486	0.01875	0.00873	0.04547	0.00698	0.00481	0.00381	0.00116	0.00510	0.00351	0.00320	0.00581
8	0.05160	0.00782	0.00933	0.00744	0.01017	0.00783	0.00600	0.20585	0.10620	0.44283	0.01395	0.03468	0.00996	0.06138	0.00508	0.00143	0.00361	0.00422	0.00434	0.00629
9	0.00855	0.00604	0.00695	0.00623	0.00794	0.00614	0.00481	0.07541	0.21802	0.09898	0.28900	0.07342	0.16711	0.00751	0.00446	0.00132	0.00262	0.00641	0.00419	0.00488
10	0.01060	0.82371	0.05772	0.00707	0.01061	0.01557	0.00722	0.01204	0.00816	0.00958	0.00565	0.00652	0.00514	0.00345	0.00263	0.00088	0.00436	0.00218	0.00171	0.00518
11	0.00493	0.00351	0.00464	0.00553	0.00576	0.00328	0.00367	0.00559	0.00760	0.01013	0.02170	0.82115	0.02602	0.04854	0.00577	0.00172	0.00239	0.01116	0.00367	0.00322
12	0.00890	0.00823	0.03250	0.00885	0.05380	0.08218	0.06954	0.04557	0.20046	0.04691	0.14368	0.13865	0.08657	0.00701	0.00465	0.00135	0.02569	0.02705	0.00349	0.00493
13	0.01462	0.01089	0.01170	0.00900	0.01219	0.01195	0.00741	0.73880	0.05882	0.02422	0.00984	0.00983	0.00705	0.00475	0.00396	0.00118	0.00428	0.00359	0.00393	0.05199
14	0.00821	0.00778	0.01260	0.58860	0.21171	0.02424	0.01089	0.02015	0.00853	0.01117	0.02039	0.02804	0.02232	0.00427	0.00404	0.00130	0.00506	0.00385	0.00198	0.00487
15	0.00493	0.00362	0.00463	0.00534	0.00578	0.00332	0.00364	0.00577	0.00817	0.01079	0.08973	0.68020	0.13558	0.01189	0.00504	0.00156	0.00225	0.01067	0.00378	0.00332
16	0.01390	0.05708	0.01283	0.00944	0.01248	0.07270	0.10739	0.36784	0.07838	0.16760	0.03914	0.01135	0.00863	0.00470	0.00401	0.00121	0.00450	0.00387	0.01674	0.00620
17	0.00538	0.00407	0.00482	0.00463	0.00573	0.00363	0.00347	0.00694	0.01042	0.01405	0.50483	0.03275	0.33871	0.00883	0.00467	0.00129	0.00194	0.00760	0.03261	0.00363
18	0.02820	0.01405	0.01077	0.00917	0.01163	0.41486	0.00716	0.25441	0.05833	0.09127	0.02419	0.00965	0.00726	0.00457	0.00377	0.00112	0.00546	0.00325	0.03532	0.00553
19	0.53816	0.00844	0.00761	0.00645	0.00910	0.00948	0.00525	0.15128	0.13747	0.01869	0.00807	0.00850	0.00612	0.00412	0.00303	0.00121	0.00333	0.00280	0.00299	0.06791
