[name]
unknown

[dist]
# distance from previous block
# <min> <max>
0	68

[block]
# block no. 0 follows, 66 sequences, length 7
# corresponding to MSA columns:
# 91-97
name=unknown_A
#
# <colnr> <probs for GDERKNQSTAVLIFYWHMCP>
#	G	D	E	R	K	N	Q	S	T	A	V	L	I	F	Y	W	H	M	C	P
0	0.07959	0.15039	0.19023	0.00797	0.01102	0.04435	0.03391	0.02451	0.04173	0.04832	0.05049	0.01431	0.03429	0.10403	0.00588	0.00149	0.02827	0.03849	0.00253	0.08820
1	0.03715	0.06552	0.16018	0.03360	0.08386	0.02069	0.06091	0.08677	0.04716	0.09052	0.09099	0.03830	0.01079	0.04182	0.02227	0.00145	0.03281	0.00415	0.00286	0.06823
2	0.04054	0.05092	0.05111	0.08457	0.21303	0.05366	0.00855	0.12932	0.10195	0.07018	0.00988	0.03770	0.00802	0.03149	0.02301	0.00139	0.00454	0.00380	0.00283	0.07351
3	0.03203	0.04484	0.04099	0.02962	0.27238	0.03998	0.03377	0.05858	0.07766	0.01387	0.07715	0.05023	0.07809	0.03212	0.00459	0.00133	0.00399	0.03148	0.05022	0.02705
4	0.18455	0.06319	0.03480	0.03352	0.01081	0.00822	0.07036	0.11051	0.03784	0.01547	0.02414	0.03192	0.05261	0.00442	0.00342	0.00105	0.00363	0.00354	0.04950	0.25650
5	0.10445	0.00562	0.00698	0.00673	0.02741	0.02423	0.02612	0.03386	0.01946	0.01102	0.03390	0.05756	0.01119	0.19305	0.28524	0.09253	0.02196	0.00465	0.00245	0.03159
6	0.09112	0.03754	0.03683	0.00854	0.03194	0.04687	0.03218	0.13663	0.26799	0.04827	0.05213	0.05928	0.03178	0.03026	0.00486	0.00141	0.03265	0.04075	0.00347	0.00550

[dist]
# distance from previous block
# <min> <max>
0	1

[block]
# block no. 1 follows, 66 sequences, length 26
# corresponding to MSA columns:
# 99-124
name=unknown_B
#
# <colnr> <probs for GDERKNQSTAVLIFYWHMCP>
#	G	D	E	R	K	N	Q	S	T	A	V	L	I	F	Y	W	H	M	C	P
0	0.04827	0.04279	0.33342	0.01093	0.06100	0.05686	0.06581	0.10825	0.05806	0.03877	0.01758	0.03123	0.00724	0.01437	0.02953	0.00143	0.02617	0.00360	0.00246	0.04225
1	0.02377	0.01780	0.57173	0.01087	0.01568	0.07304	0.04397	0.08181	0.01734	0.02203	0.01694	0.02946	0.01447	0.01511	0.01201	0.00136	0.01357	0.01115	0.00215	0.00573
2	0.00904	0.03354	0.07387	0.07408	0.05999	0.05232	0.04687	0.06477	0.03981	0.05776	0.09239	0.08570	0.04450	0.05943	0.05587	0.00181	0.11557	0.00497	0.00283	0.02487
3	0.02166	0.11843	0.26319	0.16318	0.09870	0.05886	0.06437	0.01273	0.03999	0.05514	0.00949	0.03217	0.03608	0.00439	0.00387	0.00124	0.00519	0.00369	0.00221	0.00544
4	0.01014	0.28097	0.18445	0.18812	0.01633	0.03758	0.05631	0.07318	0.02826	0.04784	0.03548	0.00970	0.00692	0.00408	0.00361	0.00116	0.00501	0.00324	0.00224	0.00540
5	0.00493	0.00408	0.00434	0.00444	0.00567	0.00349	0.00333	0.00601	0.00924	0.01124	0.08143	0.11435	0.68000	0.01043	0.00486	0.00141	0.00214	0.04136	0.00380	0.00345
6	0.01008	0.01057	0.04625	0.15411	0.11412	0.01028	0.45215	0.12495	0.01059	0.01434	0.00816	0.01057	0.00613	0.00376	0.00445	0.00132	0.00601	0.00424	0.00227	0.00564
7	0.04056	0.04301	0.02807	0.00864	0.03499	0.07380	0.02582	0.07896	0.29083	0.17104	0.04294	0.04833	0.01120	0.00711	0.06121	0.00165	0.01797	0.00439	0.00365	0.00582
8	0.01085	0.02518	0.05362	0.08105	0.47161	0.03498	0.03702	0.03007	0.00963	0.13008	0.00981	0.07057	0.00820	0.00454	0.00409	0.00125	0.00468	0.00420	0.00258	0.00601
9	0.00494	0.00353	0.00471	0.00565	0.00588	0.00330	0.00377	0.00565	0.00777	0.01036	0.02236	0.85477	0.02683	0.01271	0.00518	0.00165	0.00235	0.01153	0.00377	0.00330
10	0.01171	0.45626	0.09719	0.00921	0.04457	0.21576	0.02180	0.05494	0.00961	0.01093	0.00633	0.00746	0.00541	0.00406	0.00353	0.02622	0.00527	0.00258	0.00196	0.00520
11	0.00959	0.00935	0.01628	0.15009	0.60702	0.00971	0.08036	0.01207	0.00897	0.01265	0.00752	0.01019	0.00620	0.00381	0.00446	0.00126	0.03881	0.00371	0.00197	0.00597
12	0.00990	0.00913	0.01352	0.04714	0.30684	0.08021	0.12867	0.05146	0.02730	0.04990	0.10456	0.01386	0.02855	0.00681	0.07516	0.00168	0.00527	0.00435	0.03026	0.00542
13	0.00494	0.00353	0.00471	0.00565	0.00588	0.00330	0.00377	0.00565	0.00777	0.01036	0.02236	0.85477	0.02683	0.01271	0.00518	0.00165	0.00235	0.01153	0.00377	0.00330
14	0.81167	0.00779	0.00617	0.00539	0.00800	0.00879	0.00443	0.01178	0.00703	0.01778	0.00578	0.00675	0.00453	0.00370	0.00255	0.00120	0.00313	0.00221	0.00250	0.07881
15	0.00855	0.00742	0.00910	0.00761	0.07934	0.00577	0.00546	0.01041	0.00848	0.01322	0.00725	0.00855	0.00604	0.00306	0.00309	0.00065	0.00316	0.00251	0.00237	0.80797
16	0.00793	0.01956	0.76595	0.01102	0.01658	0.00895	0.01404	0.01241	0.00881	0.01314	0.07702	0.01041	0.00795	0.00423	0.00393	0.00128	0.00565	0.00337	0.00195	0.00581
17	0.00582	0.00425	0.00604	0.00604	0.00660	0.00481	0.00447	0.00694	0.00638	0.00906	0.01131	0.01837	0.01120	0.21983	0.65338	0.00593	0.00928	0.00470	0.00224	0.00336
18	0.00524	0.00413	0.00473	0.00458	0.00575	0.00361	0.00343	0.00668	0.01030	0.01346	0.41187	0.03494	0.45813	0.00934	0.00479	0.00133	0.00199	0.00799	0.00410	0.00361
19	0.01532	0.01093	0.01180	0.00907	0.01224	0.01201	0.00748	0.75718	0.01841	0.06309	0.01014	0.01009	0.00715	0.00487	0.00402	0.00121	0.00434	0.00368	0.03016	0.00681
20	0.00933	0.00822	0.01173	0.01534	0.39552	0.02657	0.00858	0.07387	0.11948	0.01342	0.01087	0.01424	0.02708	0.11595	0.11611	0.00227	0.00520	0.00423	0.01654	0.00544
21	0.00766	0.00721	0.01217	0.84767	0.02794	0.00901	0.01127	0.01037	0.00811	0.01037	0.00721	0.01082	0.00541	0.00406	0.00406	0.00135	0.00541	0.00361	0.00180	0.00451
22	0.00905	0.02065	0.03562	0.00716	0.05466	0.00578	0.00549	0.02876	0.02278	0.10927	0.14509	0.01596	0.09738	0.00500	0.00372	0.00095	0.00304	0.00418	0.00319	0.42226
23	0.72594	0.00838	0.00687	0.00594	0.00854	0.03420	0.00487	0.07361	0.00833	0.08261	0.00679	0.00742	0.00505	0.00396	0.00279	0.00125	0.00339	0.00247	0.00281	0.00479
24	0.23240	0.00728	0.00858	0.00691	0.00920	0.00737	0.06460	0.07924	0.02082	0.07546	0.00913	0.01288	0.00805	0.18825	0.03115	0.00187	0.03633	0.00364	0.00275	0.19410
25	0.77749	0.00840	0.00663	0.00584	0.00832	0.04133	0.00479	0.03885	0.00761	0.04255	0.00611	0.00699	0.00470	0.00393	0.00290	0.00126	0.02278	0.00235	0.00260	0.00456

[dist]
# distance from previous block
# <min> <max>
1	2

[block]
# block no. 2 follows, 66 sequences, length 38
# corresponding to MSA columns:
# 127-164
name=unknown_C
#
# <colnr> <probs for GDERKNQSTAVLIFYWHMCP>
#	G	D	E	R	K	N	Q	S	T	A	V	L	I	F	Y	W	H	M	C	P
0	0.01037	0.00929	0.01354	0.37521	0.21557	0.04244	0.04565	0.16910	0.04072	0.02672	0.00828	0.01049	0.00629	0.00415	0.00407	0.00128	0.00511	0.00367	0.00245	0.00559
1	0.00612	0.00425	0.00547	0.00510	0.00617	0.00387	0.00385	0.00796	0.01131	0.04588	0.73770	0.03039	0.09992	0.00833	0.00476	0.00128	0.00198	0.00731	0.00443	0.00391
2	0.01434	0.00920	0.01201	0.00923	0.01221	0.03875	0.10555	0.26321	0.01293	0.31202	0.01192	0.01192	0.02356	0.00577	0.03532	0.00143	0.05249	0.00394	0.00378	0.06041
3	0.00580	0.00435	0.00652	0.00652	0.00724	0.00507	0.00507	0.00724	0.00652	0.00942	0.01087	0.01594	0.01014	0.03043	0.84134	0.00652	0.01087	0.00435	0.00217	0.00362
4	0.00487	0.00390	0.00435	0.00468	0.00564	0.00339	0.00334	0.00580	0.00877	0.01086	0.05164	0.33115	0.52518	0.01110	0.00493	0.00147	0.00216	0.00960	0.00378	0.00339
5	0.00856	0.02043	0.78871	0.01143	0.01727	0.00961	0.01457	0.05946	0.00917	0.01358	0.00742	0.00863	0.00524	0.00391	0.00387	0.00128	0.00591	0.00304	0.00185	0.00605
6	0.88607	0.00785	0.00596	0.00534	0.00785	0.00910	0.00439	0.01193	0.00690	0.01820	0.00565	0.00659	0.00439	0.00377	0.00251	0.00126	0.00314	0.00220	0.00251	0.00439
7	0.00720	0.00383	0.00549	0.00544	0.00557	0.00391	0.00367	0.00624	0.05271	0.00764	0.00771	0.01278	0.00751	0.03044	0.01527	0.81348	0.00351	0.00363	0.00191	0.00205
8	0.00961	0.00914	0.01526	0.17475	0.63718	0.00955	0.01189	0.01260	0.05621	0.01294	0.00807	0.01048	0.00658	0.00381	0.00403	0.00124	0.00483	0.00367	0.00209	0.00607
9	0.01655	0.00654	0.00887	0.00692	0.00978	0.00568	0.00567	0.01815	0.01155	0.72758	0.10658	0.01615	0.02985	0.00549	0.00417	0.00126	0.00325	0.00453	0.00493	0.00649
10	0.00488	0.00394	0.00429	0.00455	0.00556	0.00341	0.00325	0.00578	0.00872	0.01068	0.03487	0.26648	0.57743	0.04060	0.00546	0.00154	0.00220	0.00930	0.00372	0.00335
11	0.01474	0.01819	0.01126	0.01014	0.01225	0.75521	0.00765	0.06223	0.01194	0.01112	0.04384	0.00850	0.00682	0.00441	0.00373	0.00107	0.00691	0.00289	0.00231	0.00479
12	0.00494	0.00355	0.00469	0.00559	0.00587	0.00330	0.00374	0.00566	0.00782	0.01038	0.02304	0.82504	0.05612	0.01262	0.00516	0.00164	0.00234	0.01143	0.00377	0.00330
13	0.01820	0.00690	0.00942	0.00722	0.01036	0.00596	0.00596	0.01977	0.01161	0.83492	0.01601	0.01381	0.01004	0.00502	0.00408	0.00126	0.00345	0.00408	0.00502	0.00690
14	0.01516	0.01934	0.01150	0.01045	0.01254	0.84113	0.00784	0.01620	0.01150	0.00993	0.00627	0.00732	0.00523	0.00418	0.00366	0.00105	0.00732	0.00261	0.00209	0.00470
15	0.00905	0.06110	0.37375	0.04399	0.03609	0.01022	0.32122	0.01269	0.00884	0.02415	0.00756	0.00957	0.00565	0.00387	0.00471	0.00132	0.05498	0.00372	0.00190	0.00563
16	0.00551	0.00439	0.00471	0.00456	0.00593	0.00386	0.00344	0.00720	0.04673	0.03029	0.19213	0.03572	0.62206	0.00956	0.00475	0.00135	0.00211	0.00805	0.00395	0.00372
17	0.00590	0.00393	0.00442	0.00442	0.00442	0.00393	0.00246	0.00590	0.00590	0.00787	0.01278	0.02655	0.01475	0.85742	0.02065	0.00393	0.00393	0.00590	0.00246	0.00246
18	0.88607	0.00785	0.00596	0.00534	0.00785	0.00910	0.00439	0.01193	0.00690	0.01820	0.00565	0.00659	0.00439	0.00377	0.00251	0.00126	0.00314	0.00220	0.00251	0.00439
19	0.00606	0.00428	0.00526	0.00508	0.00553	0.00433	0.00330	0.00656	0.00624	0.00866	0.01188	0.02249	0.01292	0.58221	0.22985	0.00435	0.00564	0.00524	0.00238	0.06773
20	0.01476	0.05894	0.01189	0.01018	0.01237	0.75748	0.00774	0.02871	0.04214	0.01042	0.00668	0.00761	0.00552	0.00421	0.00363	0.00105	0.00697	0.00268	0.00218	0.00483
21	0.85443	0.00826	0.00616	0.00552	0.00802	0.03934	0.00452	0.01208	0.00707	0.01790	0.00567	0.00662	0.00442	0.00378	0.00255	0.00125	0.00329	0.00221	0.00250	0.00441
22	0.00705	0.00352	0.00529	0.00529	0.00529	0.00352	0.00352	0.00529	0.00529	0.00705	0.00705	0.01233	0.00705	0.01409	0.01586	0.88196	0.00352	0.00352	0.00176	0.00176
23	0.01295	0.01131	0.01103	0.08681	0.02570	0.17453	0.00757	0.40896	0.01400	0.01807	0.00894	0.01041	0.00694	0.02734	0.03487	0.00146	0.05404	0.00353	0.07593	0.00561
24	0.01335	0.01034	0.01101	0.00892	0.01179	0.01162	0.00721	0.50942	0.33160	0.02223	0.01237	0.01183	0.00903	0.00512	0.00409	0.00128	0.00398	0.00402	0.00409	0.00671
25	0.00876	0.06032	0.69786	0.01165	0.01726	0.00969	0.08227	0.01308	0.00875	0.04266	0.00760	0.00886	0.00541	0.00384	0.00388	0.00127	0.00589	0.00315	0.00186	0.00595
26	0.00526	0.00402	0.00483	0.00487	0.00583	0.00359	0.00356	0.00664	0.01000	0.01330	0.40313	0.19280	0.30781	0.00983	0.00486	0.00138	0.00205	0.00857	0.00409	0.00359
27	0.00818	0.00753	0.01215	0.16901	0.43384	0.00772	0.00958	0.01035	0.00931	0.01271	0.11273	0.01815	0.13690	0.00551	0.00428	0.00129	0.00412	0.02883	0.00259	0.00522
28	0.09987	0.06815	0.04390	0.00994	0.04115	0.15544	0.04985	0.39530	0.06633	0.01896	0.00866	0.00917	0.00648	0.00443	0.00377	0.00119	0.00493	0.00332	0.00315	0.00601
29	0.00686	0.00500	0.00575	0.00547	0.00665	0.00505	0.00410	0.04485	0.12086	0.01438	0.27478	0.07274	0.15068	0.07167	0.04687	0.00174	0.00288	0.02373	0.13185	0.00410
30	0.00953	0.01025	0.07489	0.01105	0.04427	0.05859	0.19614	0.02760	0.32807	0.01425	0.04456	0.02377	0.04253	0.02800	0.00526	0.00144	0.05019	0.02098	0.00308	0.00556
31	0.00548	0.00472	0.03544	0.00505	0.00628	0.00387	0.00399	0.00714	0.01045	0.01410	0.49973	0.07664	0.29421	0.00901	0.00478	0.00133	0.00213	0.00780	0.00410	0.00375
32	0.01085	0.85986	0.02126	0.00694	0.01041	0.01605	0.00694	0.01215	0.00824	0.00955	0.00564	0.00651	0.00521	0.00347	0.00260	0.00087	0.00434	0.00217	0.00174	0.00521
33	0.00585	0.00413	0.00542	0.00542	0.00576	0.00447	0.00370	0.00654	0.00619	0.00860	0.01188	0.02153	0.01257	0.46597	0.40911	0.00516	0.00722	0.00516	0.00232	0.00301
34	0.00581	0.00412	0.00510	0.00545	0.00616	0.00396	0.00396	0.00748	0.04589	0.01248	0.19849	0.34885	0.09926	0.06250	0.00579	0.00163	0.00247	0.09139	0.08562	0.00360
35	0.01032	0.72964	0.10936	0.00736	0.01099	0.01478	0.00768	0.01202	0.00843	0.01021	0.04321	0.00781	0.00670	0.00373	0.00284	0.00093	0.00441	0.00249	0.00186	0.00523
36	0.02632	0.05801	0.39893	0.00984	0.01402	0.00969	0.03872	0.05661	0.23495	0.05205	0.05282	0.01174	0.00919	0.00461	0.00394	0.00129	0.00471	0.00375	0.00282	0.00600
37	0.00946	0.04742	0.01321	0.28065	0.11792	0.03933	0.05617	0.09508	0.03900	0.01274	0.03868	0.03900	0.00790	0.00516	0.00599	0.00138	0.17950	0.00401	0.00233	0.00508

[dist]
# distance from previous block
# <min> <max>
1	3

[block]
# block no. 3 follows, 66 sequences, length 33
# corresponding to MSA columns:
# 168-183,185-201
name=unknown_D
#
# <colnr> <probs for GDERKNQSTAVLIFYWHMCP>
#	G	D	E	R	K	N	Q	S	T	A	V	L	I	F	Y	W	H	M	C	P
0	0.75615	0.00879	0.00735	0.00711	0.05831	0.06486	0.02238	0.01227	0.00741	0.01724	0.00587	0.00694	0.00461	0.00378	0.00273	0.00124	0.00360	0.00237	0.00244	0.00456
1	0.00931	0.00827	0.01391	0.43697	0.38208	0.00912	0.01149	0.01182	0.00881	0.05810	0.00789	0.01064	0.00612	0.00392	0.00404	0.00128	0.00504	0.00364	0.00207	0.00549
2	0.00604	0.00427	0.00503	0.00495	0.00543	0.00430	0.00329	0.00690	0.03855	0.00990	0.09349	0.05401	0.14669	0.42189	0.06213	0.06652	0.02517	0.00621	0.03220	0.00303
3	0.01370	0.07713	0.01159	0.00852	0.01132	0.09677	0.00699	0.51715	0.07664	0.02083	0.00999	0.01029	0.00742	0.00472	0.00376	0.00115	0.00435	0.00352	0.10804	0.00613
4	0.00525	0.00398	0.00487	0.00517	0.00602	0.00360	0.00381	0.00649	0.00938	0.01231	0.24774	0.30282	0.28400	0.01061	0.00499	0.00148	0.00226	0.07775	0.00395	0.00352
5	0.85265	0.00798	0.00620	0.00549	0.00803	0.00924	0.00452	0.04290	0.00737	0.01849	0.00581	0.00671	0.00449	0.00381	0.00257	0.00125	0.00319	0.00225	0.00257	0.00449
6	0.00604	0.00378	0.00440	0.00470	0.00543	0.00357	0.00335	0.00741	0.00875	0.01310	0.14000	0.32892	0.10604	0.00877	0.00419	0.00130	0.00208	0.00766	0.33694	0.00357
7	0.01320	0.01013	0.01091	0.00883	0.01164	0.01136	0.00716	0.52498	0.26550	0.02195	0.01189	0.01177	0.00878	0.00661	0.05473	0.00159	0.00447	0.00398	0.00397	0.00655
8	0.01202	0.00575	0.00745	0.00630	0.00838	0.00525	0.00507	0.04162	0.02411	0.39394	0.25612	0.02229	0.06608	0.00670	0.00435	0.00129	0.00287	0.06132	0.06372	0.00536
9	0.00543	0.00431	0.00490	0.00472	0.00594	0.00387	0.00355	0.00728	0.04284	0.01359	0.39504	0.03416	0.44136	0.00919	0.00476	0.00133	0.00204	0.00785	0.00410	0.00373
10	0.00584	0.00420	0.00532	0.00504	0.00610	0.00382	0.00381	0.00761	0.01110	0.03040	0.67654	0.03167	0.15939	0.00860	0.00479	0.00130	0.00200	0.02428	0.00435	0.00382
11	0.00766	0.00721	0.01217	0.84767	0.02794	0.00901	0.01127	0.01037	0.00811	0.01037	0.00721	0.01082	0.00541	0.00406	0.00406	0.00135	0.00541	0.00361	0.00180	0.00451
12	0.00552	0.00411	0.00513	0.00493	0.00594	0.00373	0.00368	0.00721	0.01088	0.01496	0.63881	0.06824	0.19412	0.00888	0.00480	0.00131	0.00196	0.00776	0.00430	0.00373
13	0.01017	0.00870	0.00935	0.00827	0.01045	0.01008	0.00650	0.08615	0.66423	0.01692	0.01661	0.01560	0.05579	0.00581	0.00471	0.00139	0.05448	0.00466	0.00396	0.00618
14	0.00494	0.00362	0.00465	0.00544	0.00584	0.00332	0.00368	0.00571	0.00803	0.01056	0.04152	0.73466	0.12851	0.01231	0.00512	0.00160	0.00231	0.01107	0.00378	0.00332
15	0.02281	0.04532	0.02548	0.12353	0.44302	0.00966	0.01034	0.06872	0.09189	0.10539	0.00943	0.01083	0.00723	0.00410	0.00396	0.00123	0.00453	0.00368	0.00266	0.00618
16	0.01159	0.71685	0.01962	0.00751	0.01078	0.13366	0.00709	0.03468	0.00900	0.01004	0.00584	0.00671	0.00526	0.00361	0.00279	0.00090	0.00477	0.00227	0.00185	0.00518
17	0.88607	0.00785	0.00596	0.00534	0.00785	0.00910	0.00439	0.01193	0.00690	0.01820	0.00565	0.00659	0.00439	0.00377	0.00251	0.00126	0.00314	0.00220	0.00251	0.00439
18	0.01108	0.00890	0.00951	0.00832	0.01076	0.01014	0.00654	0.10658	0.69658	0.06030	0.01576	0.01449	0.01168	0.00541	0.00412	0.00135	0.00336	0.00446	0.00417	0.00650
19	0.00590	0.00426	0.00573	0.00569	0.00608	0.00472	0.00401	0.00671	0.00624	0.00875	0.01159	0.02043	0.01206	0.39154	0.46553	0.00529	0.02503	0.00501	0.00229	0.00313
20	0.00824	0.00800	0.01229	0.45103	0.01975	0.01063	0.01013	0.01008	0.00721	0.01008	0.00632	0.00990	0.00537	0.00550	0.00844	0.00155	0.40563	0.00358	0.00179	0.00447
21	0.00814	0.02099	0.83640	0.01156	0.01756	0.00942	0.01499	0.01285	0.00857	0.01285	0.00728	0.00857	0.00514	0.00385	0.00385	0.00128	0.00600	0.00300	0.00171	0.00600
22	0.01085	0.85986	0.02126	0.00694	0.01041	0.01605	0.00694	0.01215	0.00824	0.00955	0.00564	0.00651	0.00521	0.00347	0.00260	0.00087	0.00434	0.00217	0.00174	0.00521
23	0.00541	0.00436	0.00467	0.00459	0.00574	0.00395	0.00333	0.00705	0.05843	0.01168	0.15218	0.05538	0.53491	0.12227	0.00687	0.00170	0.00236	0.00786	0.00372	0.00353
24	0.88607	0.00785	0.00596	0.00534	0.00785	0.00910	0.00439	0.01193	0.00690	0.01820	0.00565	0.00659	0.00439	0.00377	0.00251	0.00126	0.00314	0.00220	0.00251	0.00439
25	0.00645	0.00473	0.00665	0.00648	0.00733	0.00542	0.00501	0.05634	0.00732	0.01054	0.01099	0.01608	0.01019	0.07022	0.71649	0.00585	0.00978	0.00436	0.03600	0.00377
26	0.88607	0.00785	0.00596	0.00534	0.00785	0.00910	0.00439	0.01193	0.00690	0.01820	0.00565	0.00659	0.00439	0.00377	0.00251	0.00126	0.00314	0.00220	0.00251	0.00439
27	0.01044	0.00884	0.00930	0.00812	0.00990	0.07082	0.00635	0.17604	0.29592	0.02600	0.01241	0.01433	0.02056	0.09183	0.10914	0.00223	0.09256	0.00427	0.02559	0.00535
28	0.00614	0.00450	0.00527	0.00497	0.00623	0.00408	0.00375	0.04130	0.01071	0.04189	0.40505	0.07015	0.36287	0.00906	0.00475	0.00133	0.00215	0.00777	0.00415	0.00387
29	0.00914	0.27327	0.56860	0.01014	0.01527	0.03421	0.01237	0.01273	0.00855	0.01177	0.00676	0.00791	0.00516	0.00375	0.00347	0.00115	0.00553	0.00274	0.00173	0.00572
30	0.01516	0.01934	0.01150	0.01045	0.01254	0.84113	0.00784	0.01620	0.01150	0.00993	0.00627	0.00732	0.00523	0.00418	0.00366	0.00105	0.00732	0.00261	0.00209	0.00470
31	0.02633	0.03184	0.28544	0.00798	0.01153	0.00740	0.00837	0.07895	0.01035	0.25327	0.03909	0.01227	0.00897	0.00461	0.00369	0.00119	0.00401	0.00365	0.19534	0.00573
32	0.00885	0.00840	0.01348	0.46903	0.31621	0.02610	0.01117	0.02467	0.00879	0.01182	0.00739	0.01030	0.00583	0.00385	0.00397	0.00125	0.00507	0.00352	0.00196	0.05834

[dist]
# distance from previous block
# <min> <max>
0	1

[block]
# block no. 4 follows, 66 sequences, length 67
# corresponding to MSA columns:
# 203-269
name=unknown_E
#
# <colnr> <probs for GDERKNQSTAVLIFYWHMCP>
#	G	D	E	R	K	N	Q	S	T	A	V	L	I	F	Y	W	H	M	C	P
0	0.00963	0.00922	0.01573	0.16704	0.69318	0.00953	0.01225	0.01209	0.00904	0.01276	0.00756	0.01018	0.00625	0.00369	0.00402	0.00123	0.00492	0.00361	0.00197	0.00609
1	0.07325	0.04732	0.01002	0.00743	0.01034	0.00809	0.00615	0.20977	0.01233	0.42814	0.01296	0.01242	0.02279	0.00706	0.07693	0.00166	0.00432	0.00380	0.00410	0.04112
2	0.06001	0.00656	0.00913	0.00816	0.01018	0.00648	0.07892	0.08266	0.03702	0.18089	0.04177	0.04290	0.03462	0.00794	0.00479	0.00155	0.00385	0.36618	0.00383	0.01258
3	0.01820	0.00690	0.00942	0.00722	0.01036	0.00596	0.00596	0.01977	0.01161	0.83492	0.01601	0.01381	0.01004	0.00502	0.00408	0.00126	0.00345	0.00408	0.00502	0.00690
4	0.00575	0.00390	0.00460	0.00475	0.00483	0.00391	0.00282	0.00595	0.00622	0.00834	0.01411	0.15142	0.01629	0.67611	0.07115	0.00375	0.00414	0.00665	0.00264	0.00266
5	0.00918	0.13705	0.64580	0.01076	0.01610	0.04905	0.01319	0.05108	0.00915	0.01286	0.00712	0.00828	0.00524	0.00386	0.00368	0.00121	0.00575	0.00290	0.00184	0.00587
6	0.00963	0.00936	0.01530	0.21865	0.61764	0.03453	0.01203	0.01207	0.00904	0.01247	0.00749	0.01014	0.00615	0.00374	0.00402	0.00123	0.00503	0.00358	0.00196	0.00592
7	0.01194	0.00531	0.00629	0.00533	0.00721	0.00501	0.00424	0.05085	0.01017	0.32441	0.01412	0.01438	0.01010	0.00484	0.00336	0.00107	0.00260	0.00389	0.50978	0.00510
8	0.00984	0.00943	0.01610	0.09533	0.76327	0.00959	0.01235	0.01227	0.00914	0.01301	0.00760	0.01011	0.00634	0.00365	0.00402	0.00122	0.00487	0.00361	0.00199	0.00626
9	0.01004	0.00964	0.01647	0.02490	0.83211	0.00964	0.01245	0.01245	0.00924	0.01325	0.00763	0.01004	0.00643	0.00361	0.00402	0.00120	0.00482	0.00361	0.00201	0.00643
10	0.00983	0.01827	0.61506	0.01091	0.01612	0.01015	0.01297	0.18944	0.05145	0.01583	0.00828	0.00915	0.00588	0.00416	0.00391	0.00127	0.00552	0.00322	0.00235	0.00621
11	0.01820	0.00690	0.00942	0.00722	0.01036	0.00596	0.00596	0.01977	0.01161	0.83492	0.01601	0.01381	0.01004	0.00502	0.00408	0.00126	0.00345	0.00408	0.00502	0.00690
12	0.00645	0.00471	0.00576	0.00566	0.00661	0.00469	0.00418	0.00901	0.11025	0.02833	0.33573	0.11624	0.08543	0.15106	0.03561	0.00201	0.00296	0.07761	0.00383	0.00388
13	0.01009	0.00872	0.00917	0.00826	0.01055	0.01009	0.00642	0.02156	0.82478	0.01697	0.01651	0.01514	0.01238	0.00550	0.00413	0.00138	0.00321	0.00459	0.00413	0.00642
14	0.01085	0.85986	0.02126	0.00694	0.01041	0.01605	0.00694	0.01215	0.00824	0.00955	0.00564	0.00651	0.00521	0.00347	0.00260	0.00087	0.00434	0.00217	0.00174	0.00521
15	0.44146	0.00736	0.00773	0.00630	0.00913	0.00749	0.00520	0.01595	0.00932	0.43661	0.01096	0.01029	0.00729	0.00441	0.00331	0.00126	0.00330	0.00316	0.00380	0.00568
16	0.00546	0.00405	0.00509	0.00564	0.00626	0.00386	0.00403	0.00694	0.04716	0.01147	0.11367	0.49602	0.13209	0.05056	0.00579	0.00169	0.00252	0.09037	0.00380	0.00353
17	0.01004	0.00964	0.01647	0.02490	0.83211	0.00964	0.01245	0.01245	0.00924	0.01325	0.00763	0.01004	0.00643	0.00361	0.00402	0.00120	0.00482	0.00361	0.00201	0.00643
18	0.00766	0.00721	0.01217	0.84767	0.02794	0.00901	0.01127	0.01037	0.00811	0.01037	0.00721	0.01082	0.00541	0.00406	0.00406	0.00135	0.00541	0.00361	0.00180	0.00451
19	0.01362	0.00672	0.00799	0.00648	0.00884	0.00660	0.00524	0.16666	0.04163	0.36554	0.03211	0.01389	0.01028	0.00499	0.00369	0.00115	0.00309	0.00399	0.29170	0.00579
20	0.00508	0.00363	0.00484	0.00576	0.00605	0.00341	0.00395	0.00586	0.00785	0.01044	0.02211	0.77666	0.02633	0.02916	0.00551	0.00171	0.00249	0.07208	0.00374	0.00331
21	0.00766	0.00721	0.01217	0.84767	0.02794	0.00901	0.01127	0.01037	0.00811	0.01037	0.00721	0.01082	0.00541	0.00406	0.00406	0.00135	0.00541	0.00361	0.00180	0.00451
22	0.12976	0.00712	0.02495	0.00769	0.04187	0.03690	0.12282	0.05104	0.00933	0.07548	0.01090	0.01237	0.00831	0.00435	0.00332	0.00111	0.00342	0.00366	0.44091	0.00467
23	0.00589	0.00397	0.00459	0.00459	0.00465	0.00402	0.00266	0.00601	0.00595	0.00799	0.01263	0.02572	0.01439	0.79242	0.08515	0.00414	0.00448	0.00578	0.00244	0.00255
24	0.88607	0.00785	0.00596	0.00534	0.00785	0.00910	0.00439	0.01193	0.00690	0.01820	0.00565	0.00659	0.00439	0.00377	0.00251	0.00126	0.00314	0.00220	0.00251	0.00439
25	0.01459	0.01836	0.01139	0.01025	0.01233	0.76935	0.00774	0.01567	0.01114	0.01008	0.00628	0.00743	0.00527	0.00424	0.00401	0.00105	0.04071	0.00264	0.00209	0.04537
26	0.04812	0.00676	0.00838	0.00683	0.00919	0.00649	0.00548	0.15286	0.01249	0.38855	0.24962	0.05661	0.01820	0.00625	0.00427	0.00127	0.00312	0.00522	0.00454	0.00575
27	0.00516	0.00369	0.00494	0.00582	0.00617	0.00347	0.00407	0.00605	0.00812	0.01083	0.06053	0.72675	0.02699	0.01234	0.00521	0.00165	0.00248	0.09855	0.00380	0.00337
28	0.88607	0.00785	0.00596	0.00534	0.00785	0.00910	0.00439	0.01193	0.00690	0.01820	0.00565	0.00659	0.00439	0.00377	0.00251	0.00126	0.00314	0.00220	0.00251	0.00439
29	0.01516	0.01934	0.01150	0.01045	0.01254	0.84113	0.00784	0.01620	0.01150	0.00993	0.00627	0.00732	0.00523	0.00418	0.00366	0.00105	0.00732	0.00261	0.00209	0.00470
30	0.00756	0.00378	0.00378	0.00378	0.00473	0.00378	0.00284	0.00945	0.00851	0.01513	0.01324	0.01513	0.01040	0.00473	0.00284	0.00095	0.00189	0.00378	0.87994	0.00378
31	0.00504	0.00360	0.00477	0.00564	0.00591	0.00337	0.00380	0.00580	0.00789	0.01054	0.05148	0.77842	0.02679	0.03795	0.00564	0.00171	0.00242	0.03216	0.00375	0.00330
32	0.00594	0.00456	0.00680	0.00672	0.00741	0.00542	0.00525	0.00736	0.00651	0.00943	0.01060	0.01560	0.00991	0.02932	0.80210	0.00630	0.05063	0.00431	0.00215	0.00366
33	0.01095	0.80393	0.04265	0.00721	0.01069	0.04877	0.00719	0.01233	0.00838	0.00965	0.00571	0.00660	0.00521	0.00351	0.00268	0.00089	0.00450	0.00221	0.00175	0.00521
34	0.01088	0.01096	0.01533	0.06777	0.63329	0.12766	0.01151	0.05023	0.00995	0.01319	0.00751	0.00968	0.00622	0.00378	0.00397	0.00119	0.00519	0.00347	0.00210	0.00610
35	0.05562	0.22411	0.15262	0.00875	0.01218	0.06658	0.02405	0.12970	0.20555	0.06778	0.00986	0.00999	0.00744	0.00438	0.00359	0.00118	0.00450	0.00330	0.00291	0.00591
36	0.00560	0.00409	0.00511	0.00515	0.00568	0.00420	0.00355	0.00634	0.00686	0.00913	0.01815	0.06346	0.17470	0.36305	0.30287	0.00422	0.00591	0.00614	0.00268	0.00309
37	0.00576	0.00444	0.00562	0.04569	0.00751	0.00444	0.00444	0.00796	0.10167	0.01175	0.09437	0.53948	0.10760	0.01079	0.00494	0.00155	0.00257	0.03185	0.00378	0.00378
38	0.01360	0.00930	0.01251	0.13367	0.12527	0.03133	0.05779	0.27888	0.01297	0.23403	0.01076	0.02762	0.00774	0.00463	0.00409	0.00125	0.00453	0.00393	0.00350	0.02260
39	0.00968	0.04386	0.01714	0.12017	0.45629	0.00985	0.18696	0.04144	0.00937	0.01297	0.00786	0.01046	0.00639	0.00494	0.04381	0.00150	0.00559	0.00385	0.00206	0.00582
40	0.00528	0.00416	0.00483	0.00507	0.00613	0.00373	0.00386	0.00665	0.02086	0.01186	0.14576	0.18439	0.44569	0.01050	0.00497	0.00148	0.00235	0.12500	0.00387	0.00355
41	0.01135	0.26248	0.02769	0.03431	0.10171	0.05712	0.10328	0.21480	0.03959	0.01506	0.03234	0.04975	0.00820	0.00456	0.00374	0.00115	0.00469	0.00379	0.01874	0.00565
42	0.05688	0.04439	0.01532	0.05980	0.58379	0.05377	0.03255	0.03583	0.05425	0.01360	0.00792	0.00990	0.00649	0.00380	0.00389	0.00121	0.00483	0.00351	0.00219	0.00608
43	0.00569	0.00411	0.00542	0.00550	0.00634	0.00384	0.00417	0.00736	0.01048	0.01453	0.55665	0.17490	0.05637	0.00951	0.00497	0.00142	0.00225	0.11854	0.00422	0.00371
44	0.01022	0.00961	0.02990	0.09085	0.60196	0.00967	0.02420	0.06469	0.03946	0.02803	0.00815	0.01026	0.00659	0.00388	0.00418	0.00122	0.02053	0.00363	0.00225	0.03072
45	0.00887	0.00739	0.03560	0.02401	0.13759	0.04021	0.03844	0.06168	0.04342	0.06714	0.01340	0.10588	0.05032	0.20942	0.03325	0.00203	0.00417	0.00525	0.04919	0.06273
46	0.01051	0.20924	0.07871	0.00841	0.02601	0.08586	0.08658	0.01235	0.00921	0.11623	0.01175	0.01271	0.09325	0.03469	0.00418	0.00113	0.00435	0.00366	0.00260	0.18858
47	0.00962	0.00843	0.01048	0.00845	0.04904	0.05030	0.08021	0.02685	0.09245	0.05152	0.03195	0.01024	0.00777	0.00366	0.00348	0.00086	0.00370	0.00315	0.00272	0.54511
48	0.04947	0.00646	0.00797	0.01694	0.05442	0.00593	0.02130	0.03144	0.06869	0.03310	0.05538	0.06039	0.12768	0.04174	0.07722	0.00164	0.00379	0.01602	0.00298	0.31743
49	0.01006	0.38109	0.20939	0.04849	0.02707	0.04558	0.02026	0.01347	0.10288	0.04172	0.04140	0.01021	0.02400	0.00424	0.00342	0.00111	0.00464	0.00319	0.00230	0.00548
50	0.00588	0.00428	0.00566	0.00554	0.00598	0.00424	0.03620	0.00645	0.00673	0.00906	0.01519	0.18566	0.04079	0.49047	0.11985	0.00352	0.00454	0.02786	0.00273	0.01937
51	0.03499	0.52658	0.13161	0.00883	0.04451	0.03198	0.04007	0.03447	0.05713	0.02302	0.02872	0.00845	0.00667	0.00386	0.00315	0.00103	0.00458	0.00280	0.00211	0.00545
52	0.00933	0.03624	0.49778	0.01114	0.05974	0.00893	0.04397	0.01307	0.03179	0.08525	0.00829	0.00960	0.00613	0.01428	0.00463	0.01347	0.04579	0.00323	0.00219	0.09515
53	0.19304	0.22371	0.07602	0.00843	0.01143	0.16141	0.04001	0.07543	0.09181	0.04956	0.00783	0.00850	0.00614	0.00416	0.00357	0.00115	0.02704	0.00290	0.00253	0.00532
54	0.01295	0.25773	0.06249	0.01045	0.04397	0.39822	0.06627	0.08103	0.01081	0.01163	0.00663	0.00772	0.00547	0.00394	0.00350	0.00105	0.00603	0.00279	0.00212	0.00522
55	0.00514	0.00367	0.00468	0.00535	0.00564	0.00348	0.00353	0.00576	0.00749	0.00992	0.02152	0.61982	0.07934	0.16521	0.03762	0.00221	0.00292	0.01006	0.00347	0.00317
56	0.00673	0.00555	0.00760	0.00770	0.04083	0.00648	0.00573	0.00780	0.00726	0.01007	0.03081	0.04586	0.08373	0.19213	0.19025	0.00319	0.20529	0.13669	0.00262	0.00368
57	0.00774	0.04164	0.01235	0.78979	0.02661	0.00915	0.01088	0.01036	0.00821	0.01050	0.03043	0.01119	0.00633	0.00415	0.00402	0.00133	0.00527	0.00365	0.00188	0.00452
58	0.03534	0.19980	0.06062	0.05360	0.04927	0.00948	0.00713	0.05025	0.00908	0.13469	0.01724	0.01120	0.04032	0.02967	0.02495	0.00130	0.08518	0.00336	0.00264	0.17488
59	0.01104	0.04495	0.02524	0.02014	0.04398	0.04837	0.00641	0.14171	0.10857	0.10048	0.01054	0.04470	0.00855	0.00455	0.00366	0.00102	0.00373	0.02492	0.00316	0.34427
60	0.02680	0.31799	0.17367	0.00825	0.01131	0.04465	0.02605	0.04696	0.06922	0.01192	0.01114	0.12716	0.04658	0.00565	0.00412	0.00121	0.04491	0.01485	0.00245	0.00509
61	0.00747	0.01024	0.22966	0.02518	0.04875	0.05187	0.00777	0.00988	0.03652	0.02239	0.04817	0.12636	0.13675	0.10478	0.03475	0.00181	0.04332	0.01513	0.00272	0.03647
62	0.03359	0.00660	0.05925	0.00705	0.03209	0.01906	0.03762	0.01004	0.06369	0.07724	0.25249	0.11985	0.15125	0.02226	0.02994	0.00151	0.00324	0.01999	0.00364	0.04960
63	0.01218	0.06364	0.13616	0.03516	0.10842	0.11188	0.02803	0.23167	0.02974	0.08847	0.01030	0.01091	0.04471	0.00453	0.00397	0.00117	0.01328	0.00357	0.00292	0.05928
64	0.02577	0.01091	0.23275	0.23119	0.09076	0.00810	0.06521	0.03425	0.00906	0.04164	0.02636	0.04510	0.10293	0.00518	0.00415	0.00131	0.00479	0.02016	0.00241	0.03798
65	0.00864	0.04200	0.21114	0.11352	0.06071	0.06207	0.00879	0.05455	0.05243	0.02525	0.03318	0.08827	0.08344	0.03047	0.01162	0.00138	0.00451	0.03089	0.00265	0.07451
66	0.01033	0.14594	0.01166	0.14601	0.04423	0.00975	0.00720	0.19341	0.09314	0.05536	0.02702	0.06644	0.04588	0.06232	0.00524	0.00144	0.01837	0.03286	0.00308	0.02033

[dist]
# distance from previous block
# <min> <max>
18	157

[block]
# block no. 5 follows, 66 sequences, length 17
# corresponding to MSA columns:
# 487-503
name=unknown_F
#
# <colnr> <probs for GDERKNQSTAVLIFYWHMCP>
#	G	D	E	R	K	N	Q	S	T	A	V	L	I	F	Y	W	H	M	C	P
0	0.01048	0.00968	0.09022	0.07593	0.03723	0.08553	0.04104	0.08361	0.09326	0.13005	0.09588	0.02562	0.10356	0.00576	0.00441	0.00127	0.02492	0.02329	0.00331	0.05495
1	0.02278	0.05621	0.04770	0.08002	0.13449	0.13210	0.05339	0.07472	0.05733	0.01353	0.02351	0.04435	0.00792	0.00437	0.00381	0.00109	0.01311	0.00363	0.05380	0.17211
2	0.04139	0.02136	0.03621	0.06923	0.04583	0.02205	0.01764	0.15386	0.06520	0.15933	0.06816	0.03489	0.02065	0.00730	0.07361	0.00165	0.01569	0.02655	0.00337	0.11603
3	0.04298	0.02332	0.07353	0.02406	0.13611	0.06074	0.03672	0.04081	0.07697	0.11144	0.08347	0.07144	0.03164	0.02100	0.00447	0.00126	0.01915	0.01601	0.00307	0.12183
4	0.01086	0.02221	0.03418	0.04686	0.11339	0.12935	0.01521	0.08872	0.07121	0.10568	0.04326	0.04157	0.04893	0.09053	0.00579	0.00145	0.01948	0.00430	0.00301	0.10403
5	0.03599	0.10981	0.09821	0.04697	0.16956	0.06601	0.05414	0.02506	0.07036	0.05161	0.09584	0.05536	0.06972	0.00540	0.00427	0.00125	0.02787	0.00455	0.00275	0.00526
6	0.03363	0.05304	0.08181	0.04728	0.07213	0.04915	0.11122	0.14800	0.05854	0.07379	0.06751	0.04755	0.03141	0.00583	0.02746	0.00141	0.04456	0.00434	0.00297	0.03837
7	0.00921	0.24889	0.07378	0.03664	0.10220	0.07325	0.05208	0.01097	0.00866	0.02966	0.01220	0.03421	0.11354	0.03801	0.06561	0.00161	0.01715	0.00405	0.00230	0.06598
8	0.05977	0.15858	0.19877	0.00928	0.01291	0.06941	0.08918	0.07450	0.03635	0.06982	0.03215	0.01090	0.02983	0.00438	0.00393	0.00115	0.02738	0.01518	0.00254	0.09399
9	0.04285	0.26186	0.12779	0.07370	0.04236	0.03035	0.04134	0.01260	0.00903	0.15367	0.05036	0.07197	0.02135	0.02441	0.00423	0.00125	0.01890	0.00403	0.00269	0.00526
10	0.03418	0.32014	0.24076	0.02902	0.07576	0.05670	0.00954	0.01289	0.03173	0.05952	0.00874	0.01192	0.00749	0.00454	0.00356	0.00117	0.00484	0.07979	0.00224	0.00544
11	0.00892	0.23111	0.18730	0.00766	0.01034	0.09293	0.00744	0.01083	0.00879	0.04153	0.05234	0.21294	0.01306	0.02868	0.00429	0.00130	0.00421	0.01966	0.05199	0.00468
12	0.02453	0.05238	0.05324	0.00604	0.00713	0.00574	0.00470	0.05467	0.00816	0.02659	0.01833	0.30536	0.12202	0.23526	0.00934	0.00212	0.05015	0.00742	0.00310	0.00371
13	0.05944	0.66405	0.11444	0.00731	0.01084	0.01414	0.00755	0.01184	0.00818	0.01046	0.00681	0.05636	0.00642	0.00407	0.00289	0.00098	0.00435	0.00282	0.00190	0.00514
14	0.01048	0.64900	0.06824	0.03424	0.01126	0.03359	0.00738	0.04195	0.04122	0.01075	0.00838	0.00908	0.05200	0.00404	0.00299	0.00097	0.00437	0.00279	0.00204	0.00523
15	0.01366	0.08251	0.06030	0.00878	0.01193	0.01151	0.00760	0.59048	0.01626	0.05180	0.04286	0.06391	0.00928	0.00533	0.00402	0.00122	0.00427	0.00415	0.00376	0.00635
16	0.00640	0.00498	0.00585	0.00629	0.03632	0.03776	0.00409	0.00700	0.00699	0.00920	0.01486	0.15407	0.03600	0.45982	0.08745	0.00326	0.03541	0.07838	0.00273	0.00314

[dist]
# distance from previous block
# <min> <max>
18	232

[block]
# block no. 6 follows, 66 sequences, length 23
# corresponding to MSA columns:
# 750-772
name=unknown_G
#
# <colnr> <probs for GDERKNQSTAVLIFYWHMCP>
#	G	D	E	R	K	N	Q	S	T	A	V	L	I	F	Y	W	H	M	C	P
0	0.05425	0.04052	0.08443	0.05407	0.03182	0.12926	0.03972	0.04612	0.10985	0.10146	0.05101	0.09042	0.01093	0.00590	0.01882	0.00133	0.01850	0.02379	0.00303	0.08476
1	0.01076	0.02663	0.13290	0.02733	0.02630	0.07390	0.08241	0.11933	0.10327	0.11772	0.06145	0.11493	0.02690	0.00572	0.00418	0.00127	0.00436	0.00491	0.00327	0.05245
2	0.05454	0.00979	0.11036	0.00872	0.04125	0.05301	0.05822	0.07505	0.07288	0.09016	0.07742	0.03457	0.02669	0.00497	0.00407	0.01842	0.00399	0.01749	0.00301	0.23539
3	0.05686	0.05387	0.15987	0.00899	0.05401	0.09630	0.00790	0.08969	0.04252	0.15214	0.04424	0.02274	0.05252	0.00494	0.00383	0.00117	0.00431	0.02781	0.00307	0.11324
4	0.11927	0.07021	0.05238	0.04036	0.06902	0.09949	0.07005	0.05307	0.03911	0.05133	0.06142	0.02494	0.08398	0.00500	0.00393	0.00117	0.01826	0.01523	0.00277	0.11902
5	0.03022	0.05000	0.09492	0.02951	0.01892	0.13709	0.03191	0.09071	0.05652	0.06194	0.06455	0.03805	0.14498	0.00558	0.00395	0.00116	0.00419	0.00450	0.00303	0.12831
6	0.01063	0.07836	0.03399	0.00780	0.01055	0.18392	0.02922	0.08777	0.04686	0.04277	0.04771	0.04479	0.05557	0.02484	0.00417	0.00108	0.01369	0.00381	0.00280	0.26967
7	0.04856	0.10711	0.15610	0.00930	0.05095	0.05100	0.03502	0.08419	0.07245	0.16879	0.05207	0.02770	0.02903	0.00484	0.00413	0.00120	0.03304	0.00382	0.00308	0.05762
8	0.02407	0.02857	0.03497	0.00883	0.07176	0.00692	0.08334	0.06030	0.04076	0.06745	0.03648	0.05461	0.06144	0.04433	0.00460	0.00118	0.00370	0.02939	0.00290	0.33441
9	0.04210	0.00621	0.00671	0.00588	0.00760	0.05542	0.00453	0.04731	0.03547	0.06459	0.44658	0.03425	0.10485	0.00702	0.00432	0.00119	0.00269	0.00596	0.00392	0.11342
10	0.07934	0.00739	0.02006	0.00893	0.09688	0.00749	0.00630	0.04915	0.23140	0.21016	0.06678	0.09582	0.01372	0.06065	0.00521	0.00151	0.00342	0.02635	0.00382	0.00560
11	0.00590	0.00393	0.00444	0.00444	0.00449	0.00390	0.00252	0.00588	0.00600	0.00795	0.01362	0.02652	0.04430	0.79750	0.01991	0.03398	0.00385	0.00592	0.00248	0.00247
12	0.00605	0.00440	0.00548	0.00518	0.00605	0.00425	0.00374	0.00822	0.06261	0.01476	0.62674	0.02864	0.03227	0.16509	0.00768	0.00177	0.00237	0.00690	0.00407	0.00374
13	0.01319	0.01041	0.01136	0.01020	0.07978	0.05597	0.00759	0.37788	0.24976	0.07219	0.01152	0.01139	0.00848	0.00495	0.00434	0.00126	0.03243	0.00385	0.00374	0.02971
14	0.04669	0.00741	0.00956	0.00739	0.01049	0.00682	0.00609	0.09553	0.03603	0.70666	0.01508	0.01322	0.00962	0.00498	0.00403	0.00126	0.00353	0.00399	0.00482	0.00681
15	0.03589	0.00884	0.01425	0.29871	0.46686	0.00960	0.01137	0.05851	0.03283	0.01325	0.00781	0.01033	0.00622	0.00389	0.00399	0.00126	0.00490	0.00360	0.00213	0.00575
16	0.08099	0.00837	0.01028	0.03974	0.10176	0.05821	0.03460	0.13211	0.04132	0.27809	0.10218	0.07088	0.01249	0.00551	0.00410	0.00127	0.00389	0.00462	0.00378	0.00578
17	0.01762	0.00678	0.00923	0.00712	0.01016	0.00586	0.00586	0.01921	0.01161	0.79685	0.05386	0.01458	0.01136	0.00517	0.00411	0.00126	0.00338	0.00423	0.00500	0.00676
18	0.00961	0.17378	0.15600	0.05822	0.03396	0.05766	0.00791	0.02260	0.12724	0.06042	0.03343	0.07977	0.04627	0.00514	0.00374	0.00115	0.00418	0.00415	0.00274	0.11204
19	0.01101	0.18197	0.09294	0.00900	0.04313	0.08975	0.03519	0.14140	0.07526	0.08350	0.03922	0.15751	0.01142	0.00587	0.00396	0.00123	0.00432	0.00484	0.00307	0.00542
20	0.00518	0.00383	0.00488	0.00527	0.00591	0.00352	0.00371	0.00633	0.00910	0.01223	0.27096	0.45854	0.15266	0.01143	0.02541	0.00161	0.00238	0.00963	0.00394	0.00349
21	0.00943	0.01052	0.01992	0.06598	0.03352	0.07230	0.59428	0.01236	0.00955	0.01242	0.01020	0.03611	0.03191	0.00448	0.00471	0.00138	0.00629	0.05724	0.00225	0.00514
22	0.06685	0.04354	0.06298	0.01306	0.15450	0.19981	0.14278	0.10136	0.05537	0.04187	0.00890	0.05306	0.00738	0.00457	0.00421	0.00124	0.02653	0.00388	0.00257	0.00553

[dist]
# distance from previous block
# <min> <max>
2	10

[block]
# block no. 7 follows, 66 sequences, length 18
# corresponding to MSA columns:
# 783-800
name=unknown_H
#
# <colnr> <probs for GDERKNQSTAVLIFYWHMCP>
#	G	D	E	R	K	N	Q	S	T	A	V	L	I	F	Y	W	H	M	C	P
0	0.03413	0.02547	0.08108	0.01011	0.03224	0.03323	0.15595	0.14678	0.08579	0.10483	0.00981	0.02829	0.00749	0.00433	0.00420	0.00115	0.03214	0.00374	0.00298	0.19628
1	0.04966	0.06805	0.13687	0.04855	0.06316	0.22321	0.11250	0.05610	0.03234	0.03271	0.02388	0.03083	0.00705	0.00420	0.00379	0.00114	0.00542	0.00345	0.00236	0.09474
2	0.08666	0.12884	0.18077	0.00854	0.02605	0.06741	0.04851	0.08574	0.07201	0.02348	0.06494	0.03270	0.14699	0.00556	0.00388	0.00123	0.00426	0.00446	0.00283	0.00514
3	0.04634	0.02020	0.02563	0.00928	0.09785	0.07850	0.02209	0.08084	0.02496	0.10208	0.05312	0.12508	0.06177	0.00619	0.00455	0.00123	0.04792	0.03839	0.00315	0.15084
4	0.00909	0.00784	0.04786	0.03085	0.22454	0.00723	0.09518	0.02640	0.04855	0.09625	0.15587	0.03625	0.07682	0.00654	0.01452	0.00142	0.01412	0.09222	0.00322	0.00523
5	0.00587	0.00406	0.00508	0.00508	0.00530	0.00429	0.00327	0.00632	0.00609	0.00835	0.01219	0.02325	0.01332	0.60043	0.27568	0.00474	0.00609	0.00542	0.00237	0.00282
6	0.01187	0.65936	0.01893	0.00778	0.01092	0.21287	0.00716	0.01312	0.00902	0.00964	0.00579	0.00670	0.00521	0.00364	0.00285	0.00091	0.00505	0.00228	0.00182	0.00509
7	0.00847	0.00683	0.00833	0.00665	0.00916	0.00619	0.00532	0.01065	0.05516	0.05497	0.08454	0.05377	0.03337	0.00523	0.00475	0.00100	0.10139	0.03977	0.00291	0.50152
8	0.01115	0.01039	0.01525	0.04617	0.45900	0.06005	0.07712	0.14046	0.05219	0.02829	0.00838	0.01019	0.00667	0.00416	0.00459	0.00126	0.05235	0.00371	0.00248	0.00615
9	0.00653	0.00520	0.00551	0.00542	0.00584	0.06688	0.00359	0.00709	0.00684	0.00891	0.05379	0.02302	0.03605	0.52369	0.22082	0.00415	0.00575	0.00541	0.00250	0.00301
10	0.00867	0.00863	0.01356	0.04389	0.05584	0.06470	0.28567	0.04759	0.07135	0.01389	0.18912	0.05114	0.10507	0.00594	0.00468	0.00133	0.01532	0.00568	0.00306	0.00489
11	0.05588	0.00910	0.01027	0.00794	0.01110	0.00926	0.00650	0.36761	0.08171	0.23814	0.01136	0.01090	0.00793	0.00460	0.00382	0.00114	0.00379	0.00357	0.00397	0.15138
12	0.00988	0.07451	0.01377	0.06170	0.04055	0.02651	0.17799	0.07566	0.04615	0.03326	0.00804	0.00953	0.00636	0.00372	0.00405	0.00101	0.03982	0.00329	0.00247	0.36172
13	0.03352	0.01186	0.02584	0.00963	0.01247	0.11691	0.04391	0.53649	0.05678	0.02082	0.00976	0.04500	0.00760	0.00514	0.00449	0.00126	0.04490	0.00390	0.00353	0.00619
14	0.04196	0.00422	0.00464	0.00483	0.00597	0.00380	0.00364	0.00648	0.00915	0.01183	0.11860	0.17341	0.50515	0.01028	0.00483	0.00145	0.00229	0.08017	0.00379	0.00351
15	0.05350	0.00967	0.03829	0.40918	0.29261	0.08607	0.03036	0.01181	0.00879	0.01182	0.00721	0.00996	0.00569	0.00389	0.00394	0.00127	0.00533	0.00346	0.00194	0.00523
16	0.00879	0.00824	0.01290	0.34372	0.22424	0.00990	0.01034	0.04609	0.00832	0.01153	0.00747	0.02953	0.00650	0.03285	0.00697	0.00151	0.22025	0.00385	0.00201	0.00498
17	0.01141	0.00923	0.01001	0.00881	0.02813	0.01043	0.00687	0.25805	0.51090	0.01923	0.03523	0.01516	0.01177	0.00560	0.00419	0.00134	0.00361	0.03961	0.00405	0.00638

[dist]
# distance from previous block
# <min> <max>
1	4

[block]
# block no. 8 follows, 66 sequences, length 16
# corresponding to MSA columns:
# 805-820
name=unknown_I
#
# <colnr> <probs for GDERKNQSTAVLIFYWHMCP>
#	G	D	E	R	K	N	Q	S	T	A	V	L	I	F	Y	W	H	M	C	P
0	0.00913	0.00874	0.01499	0.01122	0.01407	0.00857	0.31748	0.01130	0.00851	0.04503	0.00848	0.06067	0.00734	0.00465	0.00592	0.00122	0.17353	0.00416	0.00233	0.28265
1	0.01251	0.01117	0.01090	0.00992	0.06097	0.13343	0.00740	0.27010	0.40308	0.01840	0.01234	0.01198	0.00925	0.00500	0.00403	0.00127	0.00431	0.00394	0.00368	0.00632
