[name]
unknown

[dist]
# distance from previous block
# <min> <max>
2	420

[block]
# block no. 0 follows, 67 sequences, length 15
# corresponding to MSA columns:
# 439-453
name=unknown_A
#
# <colnr> <probs for GDERKNQSTAVLIFYWHMCP>
#	G	D	E	R	K	N	Q	S	T	A	V	L	I	F	Y	W	H	M	C	P
0	0.03393	0.01591	0.02204	0.04164	0.03052	0.06339	0.08659	0.06906	0.06079	0.05515	0.09802	0.25722	0.04123	0.00726	0.00446	0.00132	0.01381	0.01843	0.00328	0.07596
1	0.03955	0.00772	0.00868	0.05625	0.03843	0.08823	0.03142	0.11636	0.02163	0.03088	0.09642	0.15591	0.05982	0.06140	0.00571	0.00146	0.04692	0.03673	0.01751	0.07898
2	0.02344	0.00717	0.01840	0.02763	0.00933	0.05165	0.05729	0.10279	0.09383	0.04777	0.12607	0.14367	0.03346	0.13964	0.01796	0.02179	0.01989	0.00577	0.00328	0.04917
3	0.06307	0.00636	0.00766	0.08536	0.02899	0.04868	0.02956	0.03831	0.03695	0.06052	0.05711	0.21794	0.08439	0.06825	0.03877	0.03617	0.00376	0.00610	0.00307	0.07899
4	0.06318	0.03957	0.01047	0.06509	0.03533	0.06157	0.07953	0.13611	0.14159	0.03584	0.10688	0.02704	0.04621	0.06346	0.00514	0.00142	0.00401	0.02179	0.01472	0.04106
5	0.03985	0.00848	0.01124	0.00930	0.04120	0.06632	0.16499	0.12895	0.05226	0.09989	0.02176	0.03751	0.04845	0.13117	0.00643	0.00159	0.00435	0.00453	0.05452	0.06721
6	0.00900	0.00696	0.00839	0.05190	0.07267	0.01860	0.00607	0.17934	0.10135	0.02859	0.14189	0.09124	0.08159	0.03488	0.01425	0.00145	0.01310	0.05612	0.06430	0.01832
7	0.00739	0.00686	0.01138	0.72880	0.04855	0.00837	0.01035	0.00991	0.00816	0.01053	0.03873	0.01266	0.03891	0.00541	0.03687	0.00153	0.00529	0.00392	0.00197	0.00441
8	0.08573	0.00956	0.01156	0.05394	0.02362	0.10907	0.12743	0.18602	0.01089	0.07036	0.03096	0.02350	0.00814	0.04997	0.05456	0.00168	0.06552	0.00388	0.04301	0.03057
9	0.00639	0.00490	0.00659	0.00610	0.00742	0.00462	0.05553	0.03942	0.02198	0.03954	0.21840	0.16186	0.27940	0.01071	0.06573	0.00177	0.00324	0.05880	0.00372	0.00391
10	0.11024	0.00998	0.01078	0.00858	0.01130	0.02480	0.01902	0.54581	0.02877	0.06670	0.01027	0.07341	0.00818	0.00538	0.00440	0.00127	0.04725	0.00407	0.00370	0.00609
11	0.00679	0.00529	0.00640	0.01892	0.02186	0.02209	0.01731	0.08741	0.00921	0.03033	0.02303	0.30669	0.24910	0.04540	0.10393	0.00213	0.01519	0.02164	0.00340	0.00389
12	0.00506	0.00365	0.00483	0.00571	0.00608	0.00342	0.00400	0.00590	0.00793	0.01047	0.02295	0.72307	0.06716	0.01227	0.00515	0.00164	0.00247	0.10123	0.00372	0.00331
13	0.59323	0.03142	0.00791	0.00639	0.00902	0.02871	0.00527	0.20200	0.01003	0.03480	0.03437	0.00818	0.00619	0.00415	0.00297	0.00122	0.00350	0.00272	0.00292	0.00498
14	0.03508	0.01086	0.05444	0.09852	0.06359	0.16968	0.09085	0.07498	0.12208	0.05672	0.00982	0.01237	0.00796	0.03619	0.04687	0.00163	0.05101	0.03057	0.02159	0.00518

[dist]
# distance from previous block
# <min> <max>
0	5

[block]
# block no. 1 follows, 67 sequences, length 21
# corresponding to MSA columns:
# 459-479
name=unknown_B
#
# <colnr> <probs for GDERKNQSTAVLIFYWHMCP>
#	G	D	E	R	K	N	Q	S	T	A	V	L	I	F	Y	W	H	M	C	P
0	0.00543	0.00407	0.00510	0.00572	0.00626	0.00397	0.00395	0.00728	0.08948	0.01128	0.07282	0.67660	0.06997	0.01145	0.00497	0.00156	0.00237	0.01030	0.00380	0.00360
1	0.05936	0.00974	0.05652	0.04405	0.32788	0.02907	0.08742	0.05294	0.04568	0.15095	0.01919	0.01069	0.00726	0.00433	0.00475	0.00128	0.07654	0.00371	0.00269	0.00593
2	0.00807	0.02689	0.00802	0.00584	0.00892	0.00528	0.00463	0.00968	0.00839	0.03504	0.01090	0.09467	0.05938	0.00444	0.00331	0.00077	0.00289	0.00369	0.00265	0.69653
3	0.02224	0.00898	0.01036	0.00959	0.09220	0.05042	0.00695	0.31905	0.04437	0.13471	0.05607	0.01376	0.02262	0.06313	0.05762	0.00174	0.04335	0.01543	0.00349	0.02391
4	0.02380	0.13245	0.36999	0.00987	0.03863	0.03568	0.04855	0.03369	0.00875	0.02979	0.02216	0.01894	0.00658	0.00553	0.05585	0.00144	0.02048	0.00315	0.00208	0.13259
5	0.57219	0.03406	0.05311	0.00754	0.07311	0.09022	0.00582	0.01170	0.00781	0.01556	0.00937	0.01015	0.08703	0.00439	0.00301	0.00122	0.00372	0.00299	0.00246	0.00454
6	0.01512	0.01080	0.01113	0.00879	0.01171	0.09343	0.00716	0.54645	0.01602	0.16828	0.01047	0.01049	0.00741	0.00634	0.05607	0.00152	0.00491	0.00363	0.00387	0.00640
7	0.00859	0.00762	0.01036	0.00944	0.05796	0.00838	0.09975	0.03663	0.33813	0.01468	0.15931	0.06934	0.03948	0.03120	0.00573	0.00146	0.08784	0.00543	0.00347	0.00521
8	0.01026	0.00992	0.02469	0.06185	0.49416	0.08496	0.05584	0.03813	0.02185	0.04105	0.03793	0.01148	0.00792	0.04824	0.00517	0.00136	0.03338	0.00382	0.00228	0.00571
9	0.13109	0.01155	0.01091	0.08596	0.04002	0.22930	0.04659	0.15239	0.16730	0.04093	0.00926	0.00998	0.00704	0.00487	0.01960	0.00130	0.00501	0.00337	0.00291	0.02063
10	0.00772	0.06877	0.00952	0.00758	0.00896	0.08969	0.08613	0.03592	0.00830	0.01085	0.10083	0.03453	0.02731	0.12574	0.34305	0.00365	0.02024	0.00473	0.00250	0.00397
11	0.00979	0.00964	0.01642	0.09118	0.65303	0.02710	0.09230	0.01245	0.02536	0.01285	0.00771	0.01012	0.00634	0.00364	0.00404	0.00122	0.00503	0.00369	0.00202	0.00607
12	0.00786	0.00742	0.01255	0.74866	0.12613	0.00899	0.01128	0.01050	0.00816	0.01060	0.00718	0.01060	0.00547	0.00396	0.00400	0.00132	0.00528	0.00357	0.00181	0.00469
13	0.00532	0.00382	0.00504	0.00529	0.00591	0.00354	0.00376	0.00667	0.00968	0.01343	0.46413	0.40532	0.03270	0.01018	0.00491	0.00143	0.00209	0.00914	0.00410	0.00354
14	0.88738	0.00776	0.00589	0.00527	0.00776	0.00900	0.00434	0.01179	0.00683	0.01799	0.00558	0.00651	0.00434	0.00372	0.00248	0.00124	0.00310	0.00217	0.00248	0.00434
15	0.00757	0.00713	0.01203	0.84942	0.02762	0.00891	0.01114	0.01025	0.00802	0.01025	0.00713	0.01069	0.00535	0.00401	0.00401	0.00134	0.00535	0.00356	0.00178	0.00446
16	0.88738	0.00776	0.00589	0.00527	0.00776	0.00900	0.00434	0.01179	0.00683	0.01799	0.00558	0.00651	0.00434	0.00372	0.00248	0.00124	0.00310	0.00217	0.00248	0.00434
17	0.00940	0.00706	0.00927	0.00680	0.01008	0.00561	0.06405	0.01128	0.00911	0.12057	0.09039	0.01135	0.00964	0.00378	0.00341	0.00080	0.00320	0.00325	0.00289	0.61806
18	0.25220	0.00950	0.01131	0.00873	0.01183	0.01013	0.10438	0.36960	0.01322	0.15716	0.00938	0.00960	0.00658	0.00437	0.00369	0.00124	0.00417	0.00343	0.00352	0.00598
19	0.01525	0.01123	0.01204	0.00923	0.01244	0.01244	0.00762	0.82067	0.01886	0.02528	0.00963	0.00963	0.00682	0.00481	0.00401	0.00120	0.00441	0.00361	0.00401	0.00682
20	0.72836	0.02317	0.00737	0.00707	0.06518	0.06482	0.00524	0.02404	0.01944	0.01705	0.00598	0.00697	0.00470	0.00378	0.00271	0.00122	0.00353	0.00235	0.00245	0.00458

[dist]
# distance from previous block
# <min> <max>
0	1

[block]
# block no. 2 follows, 67 sequences, length 39
# corresponding to MSA columns:
# 481-519
name=unknown_C
#
# <colnr> <probs for GDERKNQSTAVLIFYWHMCP>
#	G	D	E	R	K	N	Q	S	T	A	V	L	I	F	Y	W	H	M	C	P
0	0.88738	0.00776	0.00589	0.00527	0.00776	0.00900	0.00434	0.01179	0.00683	0.01799	0.00558	0.00651	0.00434	0.00372	0.00248	0.00124	0.00310	0.00217	0.00248	0.00434
1	0.05563	0.00944	0.01574	0.02361	0.79100	0.00950	0.01189	0.01228	0.00901	0.01336	0.00744	0.00975	0.00625	0.00358	0.00389	0.00119	0.00468	0.00350	0.00201	0.00625
2	0.00997	0.00866	0.00944	0.00902	0.05332	0.00995	0.00666	0.02084	0.78421	0.01659	0.01587	0.01470	0.01194	0.00534	0.00408	0.00135	0.00326	0.00448	0.00397	0.00635
3	0.01552	0.01080	0.01177	0.00902	0.01222	0.01179	0.00745	0.74193	0.01813	0.10503	0.01024	0.01002	0.00713	0.00483	0.00401	0.00121	0.00431	0.00365	0.00411	0.00682
4	0.61583	0.00803	0.00796	0.03163	0.11668	0.00900	0.00587	0.02465	0.06985	0.06739	0.00738	0.00820	0.00561	0.00393	0.00296	0.00125	0.00343	0.00271	0.00269	0.00495
5	0.00757	0.00713	0.01203	0.84942	0.02762	0.00891	0.01114	0.01025	0.00802	0.01025	0.00713	0.01069	0.00535	0.00401	0.00401	0.00134	0.00535	0.00356	0.00178	0.00446
6	0.88738	0.00776	0.00589	0.00527	0.00776	0.00900	0.00434	0.01179	0.00683	0.01799	0.00558	0.00651	0.00434	0.00372	0.00248	0.00124	0.00310	0.00217	0.00248	0.00434
7	0.00947	0.01068	0.02283	0.01641	0.02030	0.01019	0.76813	0.01308	0.03965	0.01291	0.00834	0.01092	0.00629	0.00355	0.00493	0.00136	0.02875	0.00469	0.00210	0.00542
8	0.00993	0.00953	0.01628	0.02462	0.83404	0.00953	0.01231	0.01231	0.00913	0.01310	0.00754	0.00993	0.00635	0.00357	0.00397	0.00119	0.00476	0.00357	0.00199	0.00635
9	0.88738	0.00776	0.00589	0.00527	0.00776	0.00900	0.00434	0.01179	0.00683	0.01799	0.00558	0.00651	0.00434	0.00372	0.00248	0.00124	0.00310	0.00217	0.00248	0.00434
10	0.00947	0.01082	0.02366	0.01690	0.02096	0.01014	0.81947	0.01285	0.00947	0.01285	0.00811	0.01082	0.00609	0.00338	0.00473	0.00135	0.00676	0.00473	0.00203	0.00541
11	0.00993	0.00953	0.01628	0.02462	0.83404	0.00953	0.01231	0.01231	0.00913	0.01310	0.00754	0.00993	0.00635	0.00357	0.00397	0.00119	0.00476	0.00357	0.00199	0.00635
12	0.01763	0.00740	0.00966	0.00741	0.01053	0.00675	0.00612	0.12421	0.01244	0.73079	0.01501	0.01312	0.00952	0.00494	0.00403	0.00124	0.00354	0.00398	0.00484	0.00682
13	0.00757	0.00713	0.01203	0.84942	0.02762	0.00891	0.01114	0.01025	0.00802	0.01025	0.00713	0.01069	0.00535	0.00401	0.00401	0.00134	0.00535	0.00356	0.00178	0.00446
14	0.62810	0.01061	0.15234	0.00689	0.00996	0.03253	0.00660	0.06841	0.00806	0.01715	0.00616	0.00715	0.00469	0.00390	0.00310	0.00125	0.02342	0.00245	0.00242	0.00480
15	0.01240	0.01064	0.01354	0.01570	0.35691	0.06648	0.00954	0.33070	0.04291	0.03403	0.00869	0.00991	0.00674	0.00473	0.01593	0.00129	0.04707	0.00357	0.00291	0.00630
16	0.00595	0.00419	0.00525	0.00493	0.00603	0.00378	0.00372	0.00765	0.01092	0.04543	0.64411	0.03107	0.19505	0.00847	0.00471	0.00128	0.00198	0.00737	0.00430	0.00382
17	0.00920	0.00859	0.01233	0.03108	0.35441	0.03059	0.03646	0.01128	0.00878	0.01293	0.00731	0.00909	0.00608	0.00329	0.00349	0.00090	0.00402	0.00299	0.00218	0.44501
18	0.00919	0.03599	0.00907	0.09732	0.03025	0.02616	0.00605	0.18496	0.01038	0.02224	0.03329	0.14598	0.04290	0.03264	0.00535	0.04820	0.03201	0.00486	0.03547	0.18769
19	0.12178	0.00406	0.00523	0.00523	0.00557	0.00420	0.00358	0.00613	0.00566	0.00871	0.00825	0.08194	0.00853	0.04378	0.01325	0.66244	0.00335	0.00405	0.00203	0.00223
20	0.00581	0.00392	0.00458	0.00470	0.00480	0.00392	0.00285	0.00601	0.00619	0.00826	0.01378	0.08229	0.01581	0.72599	0.03986	0.00367	0.00395	0.05842	0.00259	0.00260
21	0.00898	0.01950	0.73033	0.01114	0.01671	0.00972	0.01388	0.11826	0.00982	0.01434	0.00751	0.00862	0.00531	0.00394	0.00384	0.00126	0.00573	0.00305	0.00200	0.00604
22	0.88738	0.00776	0.00589	0.00527	0.00776	0.00900	0.00434	0.01179	0.00683	0.01799	0.00558	0.00651	0.00434	0.00372	0.00248	0.00124	0.00310	0.00217	0.00248	0.00434
23	0.77260	0.00789	0.00673	0.00596	0.00812	0.00943	0.00492	0.01151	0.00674	0.01690	0.00554	0.00681	0.00446	0.00415	0.00388	0.00131	0.11397	0.00235	0.00239	0.00435
24	0.00947	0.01082	0.02366	0.01690	0.02096	0.01014	0.81947	0.01285	0.00947	0.01285	0.00811	0.01082	0.00609	0.00338	0.00473	0.00135	0.00676	0.00473	0.00203	0.00541
25	0.00991	0.00890	0.01098	0.00930	0.01180	0.01000	0.11258	0.02021	0.72001	0.01626	0.01525	0.01442	0.01144	0.00517	0.00417	0.00136	0.00364	0.00456	0.00381	0.00623
26	0.00822	0.00713	0.00880	0.11614	0.01187	0.00581	0.00559	0.01012	0.00828	0.01270	0.00713	0.00863	0.00586	0.00311	0.00311	0.00069	0.00328	0.00253	0.00230	0.76872
27	0.00539	0.00402	0.00484	0.00494	0.00582	0.00380	0.00365	0.00608	0.00781	0.00986	0.02659	0.07647	0.42490	0.07383	0.16532	0.11776	0.00410	0.04860	0.00308	0.00315
28	0.00623	0.00460	0.00637	0.00627	0.00696	0.00525	0.00471	0.00805	0.07401	0.00963	0.02109	0.01684	0.01083	0.13339	0.58079	0.07370	0.02093	0.00448	0.00233	0.00353
29	0.00911	0.00862	0.01466	0.07355	0.65659	0.00869	0.02977	0.01131	0.00888	0.01254	0.00943	0.12059	0.00892	0.00477	0.00414	0.00126	0.00453	0.00462	0.00220	0.00581
30	0.00622	0.00529	0.00844	0.28619	0.05676	0.00572	0.03847	0.00776	0.00794	0.01049	0.01585	0.49953	0.01767	0.00891	0.00468	0.00150	0.00363	0.00814	0.00292	0.00390
31	0.00576	0.00394	0.00475	0.00486	0.00501	0.00401	0.00303	0.00608	0.00620	0.00835	0.01351	0.09442	0.01531	0.64749	0.12605	0.00396	0.00465	0.03738	0.00255	0.00270
32	0.00829	0.00713	0.00845	0.03528	0.01013	0.00547	0.00497	0.01010	0.00831	0.01297	0.00713	0.00840	0.00592	0.00301	0.00301	0.00062	0.00305	0.00242	0.00236	0.85299
33	0.00849	0.00786	0.01268	0.01849	0.57463	0.00773	0.00970	0.01049	0.00904	0.01240	0.01530	0.01913	0.16684	0.03186	0.00477	0.00136	0.00412	0.07721	0.00249	0.00542
34	0.00570	0.00474	0.00598	0.13601	0.00940	0.00475	0.00481	0.00771	0.06328	0.01160	0.12329	0.19669	0.36631	0.00976	0.03047	0.00155	0.00293	0.00776	0.00348	0.00378
35	0.77344	0.00821	0.00670	0.00579	0.00837	0.00945	0.00477	0.11747	0.00840	0.01895	0.00611	0.00692	0.00467	0.00387	0.00268	0.00124	0.00327	0.00236	0.00268	0.00467
36	0.00569	0.00391	0.00433	0.00433	0.00451	0.00382	0.00251	0.00582	0.00626	0.00818	0.01629	0.02786	0.12143	0.74815	0.01837	0.00356	0.00365	0.00618	0.00260	0.00255
37	0.00914	0.00831	0.01132	0.12248	0.27613	0.03024	0.00842	0.03811	0.20181	0.01346	0.01161	0.01312	0.05315	0.02341	0.04642	0.00150	0.00442	0.00397	0.00268	0.12030
38	0.01099	0.01225	0.01227	0.39773	0.05328	0.33546	0.03951	0.04158	0.03829	0.01105	0.00723	0.00942	0.00564	0.00409	0.00388	0.00121	0.00600	0.00326	0.00207	0.00479

[dist]
# distance from previous block
# <min> <max>
4	7

[block]
# block no. 3 follows, 67 sequences, length 19
# corresponding to MSA columns:
# 527-545
name=unknown_D
#
# <colnr> <probs for GDERKNQSTAVLIFYWHMCP>
#	G	D	E	R	K	N	Q	S	T	A	V	L	I	F	Y	W	H	M	C	P
0	0.01127	0.05362	0.03721	0.03519	0.10459	0.28471	0.07213	0.02881	0.05640	0.05193	0.09729	0.01193	0.01957	0.01446	0.00519	0.00126	0.10305	0.00380	0.00255	0.00504
1	0.06297	0.06271	0.51011	0.01013	0.03589	0.00911	0.02434	0.04170	0.04899	0.01355	0.05582	0.01030	0.00770	0.00548	0.04741	0.00149	0.00535	0.00331	0.00217	0.04147
2	0.00511	0.00376	0.00479	0.00521	0.00582	0.00344	0.00365	0.00622	0.00902	0.01213	0.27566	0.48871	0.13994	0.01088	0.00495	0.00148	0.00215	0.00971	0.00394	0.00344
3	0.01360	0.01547	0.01198	0.03413	0.13463	0.52454	0.00832	0.11751	0.04238	0.01268	0.00728	0.00836	0.00586	0.00413	0.00372	0.00108	0.00612	0.00295	0.00238	0.04288
4	0.00494	0.00353	0.00470	0.00555	0.00583	0.00329	0.00373	0.00571	0.00791	0.01060	0.07239	0.80512	0.02723	0.01229	0.00509	0.00161	0.00230	0.01114	0.00377	0.00329
5	0.03165	0.21637	0.22026	0.00897	0.04010	0.02060	0.03477	0.13818	0.02251	0.03604	0.04502	0.03106	0.05736	0.04328	0.00458	0.00129	0.01999	0.00383	0.01880	0.00532
6	0.00851	0.06090	0.01366	0.53692	0.24962	0.00955	0.01102	0.01134	0.03886	0.01123	0.00749	0.01037	0.00587	0.00391	0.00391	0.00127	0.00504	0.00351	0.00192	0.00510
7	0.00483	0.00404	0.00421	0.00423	0.00549	0.00342	0.00315	0.00591	0.00927	0.01128	0.11168	0.08038	0.71815	0.01010	0.00476	0.00136	0.00203	0.00851	0.00379	0.00342
8	0.00909	0.00879	0.01748	0.01367	0.05140	0.00832	0.50356	0.01206	0.02855	0.06220	0.05327	0.01846	0.04647	0.00573	0.02091	0.00151	0.00556	0.12518	0.00269	0.00510
9	0.02476	0.18395	0.14332	0.04690	0.13179	0.00935	0.04441	0.01029	0.02552	0.01046	0.00734	0.02604	0.00652	0.00743	0.03859	0.20175	0.07180	0.00338	0.00190	0.00451
10	0.00638	0.00466	0.00501	0.00500	0.00517	0.04759	0.00309	0.00640	0.00618	0.00802	0.01192	0.05514	0.01337	0.62301	0.08843	0.09561	0.00454	0.00550	0.00237	0.00260
11	0.00696	0.00573	0.00810	0.00760	0.02396	0.00693	0.01582	0.00752	0.00671	0.00942	0.03054	0.01644	0.13838	0.01456	0.21488	0.19341	0.28273	0.00458	0.00223	0.00350
12	0.01049	0.23863	0.05614	0.20090	0.08250	0.22044	0.05722	0.01241	0.00913	0.01050	0.00751	0.03271	0.00660	0.00430	0.00365	0.00115	0.00546	0.03336	0.00199	0.00491
13	0.01161	0.06583	0.06363	0.06523	0.20072	0.19107	0.10982	0.06702	0.05843	0.07706	0.00880	0.02110	0.00696	0.00424	0.00403	0.00120	0.01508	0.01151	0.01105	0.00560
14	0.79606	0.00894	0.00647	0.00580	0.00824	0.09630	0.00470	0.01223	0.00730	0.01714	0.00565	0.00659	0.00443	0.00377	0.00260	0.00122	0.00353	0.00221	0.00244	0.00438
15	0.00766	0.00709	0.01181	0.61598	0.15396	0.00835	0.01039	0.01003	0.00809	0.01061	0.00865	0.08206	0.00762	0.03575	0.00469	0.00143	0.00495	0.00431	0.00200	0.00458
16	0.00484	0.00366	0.00448	0.00513	0.00570	0.00330	0.00352	0.00563	0.00811	0.01041	0.02759	0.61439	0.26503	0.01185	0.00501	0.00155	0.00224	0.01053	0.00372	0.00330
17	0.03138	0.19169	0.04415	0.00931	0.04620	0.25857	0.05579	0.03455	0.01784	0.01162	0.02054	0.01827	0.00644	0.01486	0.00390	0.00102	0.03340	0.00292	0.00217	0.19537
18	0.04045	0.02469	0.00602	0.00586	0.00689	0.03552	0.00422	0.00843	0.00842	0.12542	0.02051	0.55353	0.08465	0.02585	0.00495	0.00151	0.00276	0.00891	0.00368	0.02772

[dist]
# distance from previous block
# <min> <max>
0	9

[block]
# block no. 4 follows, 67 sequences, length 16
# corresponding to MSA columns:
# 555-570
name=unknown_E
#
# <colnr> <probs for GDERKNQSTAVLIFYWHMCP>
#	G	D	E	R	K	N	Q	S	T	A	V	L	I	F	Y	W	H	M	C	P
0	0.43703	0.09589	0.00939	0.00685	0.00945	0.06369	0.00567	0.23284	0.01073	0.01820	0.03554	0.04372	0.00722	0.00454	0.00317	0.00120	0.00377	0.00315	0.00291	0.00506
1	0.04038	0.08473	0.38106	0.01503	0.27989	0.04756	0.02631	0.05589	0.00930	0.01329	0.00722	0.00875	0.00559	0.00376	0.00373	0.00120	0.00531	0.00311	0.00196	0.00593
2	0.00787	0.00652	0.00742	0.00641	0.00852	0.00640	0.00494	0.01304	0.30483	0.01496	0.23306	0.06914	0.04880	0.00611	0.00404	0.00114	0.00268	0.00523	0.00367	0.24521
3	0.00485	0.00362	0.00452	0.00525	0.00573	0.00329	0.00357	0.00562	0.00800	0.01037	0.02621	0.67497	0.20534	0.01203	0.00503	0.00157	0.00226	0.01075	0.00372	0.00329
4	0.09270	0.27975	0.01286	0.00770	0.01037	0.08022	0.00649	0.04710	0.39354	0.01431	0.01083	0.01064	0.00847	0.00451	0.00341	0.00116	0.00390	0.00336	0.00301	0.00566
5	0.00591	0.00441	0.00571	0.00625	0.00728	0.00421	0.00525	0.00752	0.00935	0.01201	0.10193	0.04139	0.24396	0.01096	0.02273	0.00175	0.00322	0.49880	0.00374	0.00362
6	0.04280	0.02450	0.01398	0.27624	0.42993	0.02992	0.02416	0.02980	0.00906	0.05353	0.00785	0.01019	0.00617	0.00384	0.00389	0.00123	0.00484	0.00351	0.01897	0.00559
7	0.02285	0.08877	0.10066	0.02299	0.31909	0.00895	0.00918	0.01190	0.05984	0.04954	0.16087	0.02432	0.02467	0.00511	0.00472	0.00125	0.07290	0.00428	0.00267	0.00545
8	0.00609	0.00440	0.00588	0.00664	0.00748	0.00430	0.00555	0.00760	0.00883	0.01140	0.02275	0.11883	0.10899	0.07351	0.00651	0.00192	0.00340	0.58878	0.00361	0.00353
9	0.00848	0.00757	0.01216	0.17389	0.40597	0.00800	0.00944	0.04414	0.00905	0.01261	0.10041	0.01412	0.01070	0.06999	0.09467	0.00199	0.00511	0.00423	0.00235	0.00514
10	0.00906	0.35254	0.16559	0.13165	0.10316	0.01140	0.06844	0.01137	0.00835	0.01086	0.00803	0.08743	0.00736	0.00445	0.00355	0.00115	0.00479	0.00370	0.00196	0.00516
11	0.00898	0.00563	0.00645	0.00581	0.00732	0.00571	0.00447	0.17776	0.01080	0.08806	0.06028	0.16285	0.12084	0.02345	0.06352	0.00165	0.00330	0.00593	0.23271	0.00449
12	0.76466	0.00767	0.00675	0.12302	0.01053	0.00898	0.00529	0.01157	0.00699	0.01691	0.00580	0.00710	0.00448	0.00376	0.00269	0.00125	0.00342	0.00237	0.00238	0.00436
13	0.00633	0.00400	0.00513	0.00553	0.00631	0.00362	0.00393	0.00725	0.00849	0.09862	0.04790	0.57398	0.16421	0.01116	0.00494	0.00154	0.00243	0.03706	0.00387	0.00369
14	0.00565	0.00407	0.00490	0.00491	0.00583	0.00375	0.00359	0.02360	0.00992	0.01368	0.37959	0.21357	0.21210	0.00921	0.00462	0.00133	0.00207	0.00805	0.08592	0.00364
15	0.10426	0.00891	0.00951	0.06996	0.01179	0.01026	0.00673	0.17142	0.52564	0.01804	0.01323	0.01273	0.00986	0.00503	0.00389	0.00132	0.00356	0.00404	0.00373	0.00608

[dist]
# distance from previous block
# <min> <max>
3	6

[block]
# block no. 5 follows, 67 sequences, length 9
# corresponding to MSA columns:
# 579-587
name=unknown_F
#
# <colnr> <probs for GDERKNQSTAVLIFYWHMCP>
#	G	D	E	R	K	N	Q	S	T	A	V	L	I	F	Y	W	H	M	C	P
0	0.88738	0.00776	0.00589	0.00527	0.00776	0.00900	0.00434	0.01179	0.00683	0.01799	0.00558	0.00651	0.00434	0.00372	0.00248	0.00124	0.00310	0.00217	0.00248	0.00434
1	0.00604	0.00422	0.00522	0.00490	0.00605	0.00379	0.00370	0.00769	0.01079	0.05504	0.59012	0.03136	0.23904	0.00854	0.00470	0.00128	0.00200	0.00740	0.00427	0.00383
2	0.01055	0.00894	0.01437	0.02023	0.62796	0.00895	0.01065	0.05822	0.03663	0.08131	0.07431	0.01197	0.00937	0.00419	0.00404	0.00121	0.00435	0.00394	0.00260	0.00621
3	0.00484	0.00397	0.00426	0.00439	0.00553	0.00340	0.00322	0.00587	0.00907	0.01114	0.09869	0.17442	0.63650	0.01041	0.00480	0.00139	0.00207	0.00886	0.00378	0.00340
4	0.00527	0.00388	0.00497	0.00563	0.00607	0.00377	0.00385	0.00663	0.05375	0.01068	0.04690	0.66529	0.06813	0.04602	0.04721	0.00192	0.00282	0.01016	0.00364	0.00344
5	0.47518	0.00780	0.00810	0.00745	0.06284	0.00828	0.00560	0.05712	0.04226	0.27570	0.00958	0.00949	0.00668	0.00423	0.00321	0.00124	0.00338	0.00302	0.00338	0.00547
6	0.09470	0.20836	0.03199	0.10769	0.09374	0.19378	0.00777	0.05910	0.06587	0.02683	0.00825	0.05100	0.00715	0.02303	0.00385	0.00120	0.00484	0.00339	0.00237	0.00507
7	0.63345	0.00799	0.00771	0.07446	0.07245	0.00912	0.00579	0.04214	0.06122	0.04360	0.00704	0.00800	0.00536	0.00393	0.00293	0.00125	0.00347	0.00266	0.00263	0.00481
8	0.06396	0.05430	0.06745	0.01562	0.37898	0.04003	0.04396	0.04896	0.07265	0.09271	0.03244	0.01078	0.00784	0.00408	0.00380	0.00118	0.00442	0.00359	0.02670	0.02653

[dist]
# distance from previous block
# <min> <max>
4	13

[block]
# block no. 6 follows, 67 sequences, length 29
# corresponding to MSA columns:
# 602-630
name=unknown_G
#
# <colnr> <probs for GDERKNQSTAVLIFYWHMCP>
#	G	D	E	R	K	N	Q	S	T	A	V	L	I	F	Y	W	H	M	C	P
0	0.00500	0.00378	0.00460	0.00502	0.00572	0.00341	0.00353	0.00594	0.00861	0.01118	0.14055	0.44488	0.29201	0.01148	0.01913	0.01613	0.00233	0.00961	0.00376	0.00335
1	0.01138	0.03656	0.01275	0.03789	0.26588	0.23230	0.02465	0.09320	0.05455	0.02501	0.07837	0.01102	0.00900	0.00452	0.00437	0.00117	0.04994	0.00361	0.00256	0.04125
2	0.00505	0.00403	0.00441	0.00438	0.00548	0.00351	0.00319	0.00617	0.00930	0.01174	0.21804	0.07103	0.54608	0.08251	0.00610	0.00156	0.00217	0.00809	0.00377	0.00339
3	0.00857	0.01937	0.73472	0.01108	0.01660	0.00953	0.01383	0.05667	0.06746	0.01367	0.00798	0.00899	0.00569	0.00398	0.00384	0.00127	0.00565	0.00311	0.00199	0.00601
4	0.01734	0.00756	0.00972	0.00749	0.01058	0.00702	0.00617	0.14345	0.03591	0.68792	0.01488	0.01307	0.00951	0.00495	0.00403	0.00124	0.00356	0.00398	0.00479	0.00681
5	0.01255	0.00984	0.01000	0.00825	0.01081	0.05163	0.00661	0.41991	0.27942	0.02046	0.01206	0.01191	0.00893	0.00497	0.00386	0.00121	0.00383	0.00388	0.11370	0.00617
6	0.00941	0.00858	0.01469	0.30460	0.48058	0.00912	0.04343	0.01189	0.00887	0.04796	0.00796	0.01083	0.00637	0.00387	0.00404	0.00126	0.00497	0.01385	0.00207	0.00566
7	0.05137	0.00709	0.00912	0.00708	0.01007	0.00644	0.00583	0.08710	0.01180	0.69067	0.01622	0.01436	0.05358	0.00518	0.00401	0.00124	0.00341	0.00416	0.00472	0.00654
8	0.01374	0.01049	0.01119	0.00892	0.01186	0.01174	0.00726	0.59273	0.24924	0.02285	0.01154	0.01115	0.00837	0.00499	0.00403	0.00125	0.00406	0.00387	0.00403	0.00669
9	0.06049	0.08723	0.06717	0.06557	0.06986	0.03466	0.08201	0.07651	0.06777	0.11355	0.01371	0.10909	0.08370	0.01836	0.00424	0.00129	0.00411	0.00485	0.00301	0.03283
10	0.09416	0.08151	0.08205	0.05914	0.09232	0.08067	0.04797	0.09603	0.00966	0.05024	0.00795	0.00924	0.01966	0.00406	0.00412	0.00109	0.06066	0.00309	0.00242	0.19396
11	0.01732	0.00668	0.00909	0.00702	0.01001	0.00578	0.00578	0.01889	0.01147	0.79188	0.06051	0.01454	0.01146	0.00514	0.00407	0.00124	0.00333	0.00421	0.00493	0.00666
12	0.00501	0.00419	0.00462	0.03990	0.00655	0.00370	0.00364	0.00616	0.00914	0.01111	0.07841	0.08121	0.67095	0.00997	0.00477	0.00139	0.00227	0.04988	0.00368	0.00346
13	0.01077	0.01217	0.19156	0.12843	0.24801	0.07486	0.10772	0.02959	0.01881	0.12653	0.00866	0.01018	0.00639	0.00394	0.00402	0.00124	0.00531	0.00358	0.00238	0.00583
14	0.01511	0.00711	0.00989	0.05308	0.03082	0.00664	0.04100	0.03539	0.08298	0.58177	0.03900	0.01478	0.04299	0.00515	0.00410	0.00126	0.00358	0.00433	0.01471	0.00632
15	0.00482	0.00403	0.00420	0.00423	0.00549	0.00341	0.00315	0.00588	0.00922	0.01120	0.10042	0.08822	0.72166	0.01015	0.00476	0.00136	0.00204	0.00855	0.00378	0.00341
16	0.00828	0.01890	0.71027	0.04452	0.03786	0.02534	0.01380	0.03517	0.00878	0.01281	0.00788	0.04424	0.00608	0.00421	0.00388	0.00128	0.00571	0.00337	0.00186	0.00577
17	0.03681	0.01934	0.09208	0.11124	0.27477	0.08346	0.04694	0.09687	0.01030	0.09506	0.00948	0.01289	0.00775	0.00463	0.00413	0.00127	0.01242	0.07227	0.00260	0.00568
18	0.01349	0.00857	0.00895	0.00759	0.00986	0.14048	0.01823	0.07035	0.08372	0.36882	0.06637	0.14224	0.01341	0.00620	0.00417	0.00127	0.00383	0.00515	0.02168	0.00561
19	0.74344	0.00974	0.06589	0.00618	0.00887	0.08654	0.00541	0.01225	0.00736	0.01686	0.00576	0.00672	0.00447	0.00377	0.00268	0.00122	0.00369	0.00227	0.00239	0.00448
20	0.51124	0.00834	0.00830	0.01582	0.02219	0.03992	0.03758	0.09218	0.00850	0.03988	0.01828	0.00964	0.00637	0.02245	0.05026	0.00163	0.07819	0.02195	0.00263	0.00465
21	0.02842	0.03729	0.22003	0.01245	0.13641	0.02123	0.07938	0.26868	0.12563	0.01728	0.00927	0.01004	0.00689	0.00427	0.00395	0.00124	0.00488	0.00358	0.00285	0.00622
22	0.00572	0.00396	0.00464	0.00464	0.00485	0.00400	0.00284	0.00601	0.00620	0.00825	0.01477	0.02584	0.08398	0.67075	0.13382	0.00403	0.00469	0.00584	0.00250	0.00267
23	0.00904	0.00771	0.00822	0.00745	0.00949	0.00870	0.00577	0.01841	0.66353	0.01619	0.11167	0.01870	0.08540	0.00616	0.00421	0.00135	0.00293	0.00518	0.00409	0.00580
24	0.01694	0.00915	0.01027	0.00801	0.01106	0.07947	0.00655	0.25111	0.01360	0.53112	0.01321	0.01194	0.00862	0.00485	0.00399	0.00121	0.00403	0.00379	0.00444	0.00664
25	0.00793	0.00708	0.01176	0.43273	0.14519	0.00799	0.05282	0.01032	0.00902	0.03317	0.19157	0.01488	0.01291	0.00500	0.00459	0.00131	0.04008	0.00446	0.00249	0.00471
26	0.00580	0.00434	0.00633	0.00630	0.00692	0.00503	0.00480	0.00706	0.00637	0.00915	0.01084	0.01679	0.01044	0.12238	0.73433	0.00606	0.02696	0.00445	0.00217	0.00347
27	0.00617	0.00466	0.00620	0.02629	0.00664	0.00536	0.00429	0.00685	0.00614	0.00861	0.01099	0.02009	0.01165	0.44044	0.31954	0.00452	0.10124	0.00496	0.00224	0.00312
28	0.04088	0.01179	0.01071	0.00896	0.01160	0.17514	0.00711	0.36678	0.28977	0.01913	0.01109	0.01086	0.00825	0.00486	0.00391	0.00122	0.00451	0.00367	0.00360	0.00616

[dist]
# distance from previous block
# <min> <max>
1	2

[block]
# block no. 7 follows, 67 sequences, length 52
# corresponding to MSA columns:
# 633-684
name=unknown_H
#
# <colnr> <probs for GDERKNQSTAVLIFYWHMCP>
#	G	D	E	R	K	N	Q	S	T	A	V	L	I	F	Y	W	H	M	C	P
0	0.00528	0.00379	0.00495	0.00566	0.00608	0.00359	0.00392	0.02362	0.00829	0.01108	0.08493	0.69083	0.04656	0.02928	0.00539	0.00164	0.00244	0.05552	0.00375	0.00339
1	0.66957	0.00873	0.00713	0.00616	0.00867	0.05066	0.00503	0.14189	0.00900	0.01852	0.00651	0.00740	0.00501	0.00451	0.02106	0.00133	0.00366	0.00250	0.01793	0.00473
2	0.00508	0.00364	0.00492	0.00564	0.00594	0.00357	0.00384	0.00585	0.00737	0.00993	0.01971	0.67108	0.02317	0.06959	0.13781	0.00253	0.00375	0.00993	0.00339	0.00326
3	0.00894	0.01838	0.01371	0.46742	0.28118	0.00941	0.03772	0.06664	0.02197	0.01236	0.00781	0.02278	0.00621	0.00405	0.00402	0.00128	0.00505	0.00372	0.00207	0.00527
4	0.01612	0.00667	0.00879	0.00689	0.00975	0.00592	0.00564	0.03549	0.04335	0.69213	0.03984	0.01625	0.08327	0.00552	0.00412	0.00126	0.00326	0.00452	0.00478	0.00642
5	0.00836	0.00891	0.05873	0.01001	0.01036	0.01118	0.00853	0.00940	0.00637	0.00979	0.00679	0.06625	0.00704	0.04040	0.01237	0.00180	0.71336	0.00410	0.00191	0.00432
6	0.00590	0.00478	0.00627	0.00637	0.00684	0.00523	0.00469	0.00725	0.03836	0.01141	0.15722	0.47378	0.08196	0.01039	0.00644	0.00156	0.15558	0.00881	0.00350	0.00367
7	0.01495	0.06042	0.01258	0.04109	0.01313	0.23626	0.00801	0.27467	0.04904	0.08564	0.04296	0.01322	0.00981	0.02737	0.03102	0.00175	0.06381	0.00413	0.00370	0.00643
8	0.00830	0.00791	0.05581	0.00625	0.00995	0.00557	0.00533	0.01025	0.00832	0.01305	0.00713	0.00832	0.00589	0.00302	0.00302	0.00063	0.00314	0.00241	0.00234	0.83335
9	0.06903	0.14480	0.22809	0.04109	0.07728	0.10420	0.09940	0.05887	0.02701	0.01287	0.03151	0.02166	0.00681	0.00427	0.00426	0.00122	0.05677	0.00336	0.00215	0.00534
10	0.00836	0.00552	0.00867	0.15928	0.10773	0.00586	0.02034	0.03090	0.00729	0.07230	0.00855	0.03128	0.00756	0.01140	0.09305	0.40758	0.00474	0.00384	0.00218	0.00358
11	0.00608	0.00426	0.00494	0.00492	0.00518	0.00442	0.00304	0.00712	0.06843	0.00874	0.01328	0.07192	0.01466	0.66866	0.09476	0.00380	0.00438	0.00591	0.00260	0.00288
12	0.00500	0.00364	0.00470	0.00539	0.00579	0.00341	0.00367	0.00580	0.00790	0.01046	0.06342	0.64876	0.11096	0.05335	0.03670	0.00187	0.00268	0.01957	0.00364	0.00327
13	0.00819	0.06017	0.26394	0.06957	0.08010	0.02656	0.08881	0.03462	0.00866	0.02847	0.01133	0.22923	0.01120	0.02213	0.00488	0.00141	0.03785	0.00548	0.00244	0.00496
14	0.01002	0.01032	0.03803	0.16545	0.52600	0.08346	0.03516	0.03031	0.03905	0.01269	0.00772	0.00998	0.00625	0.00379	0.00397	0.00122	0.00511	0.00354	0.00207	0.00584
15	0.00795	0.00720	0.01153	0.38018	0.23168	0.00820	0.00955	0.01083	0.06896	0.01118	0.00885	0.01255	0.00744	0.05612	0.14876	0.00232	0.00588	0.00389	0.00211	0.00483
16	0.81932	0.01939	0.00637	0.00550	0.00801	0.03222	0.00453	0.01220	0.00714	0.04787	0.00598	0.00680	0.00458	0.00378	0.00257	0.00123	0.00324	0.00225	0.00255	0.00445
17	0.00682	0.00596	0.00964	0.46300	0.01834	0.00734	0.00844	0.00891	0.00729	0.00983	0.00862	0.01281	0.00735	0.01529	0.36442	0.00354	0.03252	0.00388	0.00194	0.00408
18	0.00513	0.00387	0.00476	0.00504	0.00583	0.00350	0.00363	0.00632	0.00927	0.01225	0.27511	0.34627	0.25967	0.01050	0.00490	0.00144	0.00215	0.03296	0.00393	0.00347
19	0.00832	0.00713	0.00832	0.00594	0.00950	0.00535	0.00475	0.01010	0.00832	0.01307	0.00713	0.00832	0.00594	0.00297	0.00297	0.00059	0.00297	0.00238	0.00238	0.88357
20	0.00516	0.00389	0.00527	0.00654	0.05318	0.00363	0.00416	0.00598	0.00789	0.01045	0.02288	0.73718	0.09515	0.01184	0.00502	0.00158	0.00244	0.01070	0.00362	0.00345
21	0.00896	0.01042	0.10378	0.10660	0.01804	0.00877	0.41641	0.04428	0.00929	0.01306	0.00823	0.03113	0.00650	0.00373	0.00415	0.00119	0.00547	0.00406	0.02139	0.17453
22	0.05539	0.00734	0.00933	0.00714	0.01028	0.00664	0.00589	0.09903	0.01170	0.63633	0.01387	0.01240	0.00897	0.00469	0.00386	0.00117	0.00346	0.00374	0.00450	0.09427
23	0.00791	0.00750	0.01253	0.70630	0.11963	0.00917	0.01114	0.01045	0.00804	0.01054	0.00707	0.01049	0.00546	0.00413	0.00453	0.00134	0.05371	0.00356	0.00180	0.00467
24	0.00832	0.00713	0.00832	0.00594	0.00950	0.00535	0.00475	0.01010	0.00832	0.01307	0.00713	0.00832	0.00594	0.00297	0.00297	0.00059	0.00297	0.00238	0.00238	0.88357
25	0.00747	0.00622	0.00670	0.00628	0.00795	0.00658	0.00481	0.03481	0.36796	0.01442	0.11961	0.08533	0.28716	0.00791	0.00447	0.00137	0.00263	0.01954	0.00397	0.00482
26	0.01128	0.04028	0.01357	0.15316	0.30055	0.02352	0.02199	0.07469	0.00962	0.15788	0.00863	0.01034	0.00660	0.00456	0.00546	0.00131	0.14464	0.00359	0.00259	0.00575
27	0.00814	0.00783	0.01364	0.63778	0.17605	0.00911	0.06898	0.01081	0.00833	0.01096	0.00728	0.01056	0.00558	0.00388	0.00405	0.00131	0.00534	0.00365	0.00184	0.00487
28	0.00887	0.00845	0.01437	0.39456	0.47234	0.00925	0.01178	0.01138	0.00863	0.01182	0.00736	0.01027	0.00590	0.00377	0.00399	0.00126	0.00503	0.00357	0.00189	0.00550
29	0.01051	0.72470	0.01930	0.00724	0.01032	0.04547	0.01607	0.01204	0.02952	0.00971	0.00648	0.03227	0.00607	0.00438	0.01774	0.00104	0.03762	0.00262	0.00186	0.00505
30	0.00487	0.00407	0.00424	0.00419	0.00549	0.00344	0.00315	0.00600	0.00944	0.01154	0.14643	0.03744	0.72617	0.00990	0.00474	0.00134	0.00201	0.00830	0.00382	0.00344
31	0.02782	0.18230	0.30411	0.01923	0.07682	0.02867	0.06087	0.03273	0.00892	0.04377	0.05716	0.08095	0.00922	0.00491	0.00423	0.00123	0.04545	0.00399	0.00229	0.00533
32	0.00595	0.00432	0.00598	0.00592	0.00649	0.00485	0.00434	0.02340	0.00653	0.00921	0.01125	0.01858	0.01124	0.26248	0.59485	0.00562	0.00869	0.00471	0.00227	0.00332
33	0.00573	0.00430	0.00645	0.00645	0.00716	0.00501	0.00501	0.00716	0.00645	0.00931	0.01074	0.01576	0.01003	0.03008	0.84316	0.00645	0.01074	0.00430	0.00215	0.00358
34	0.02957	0.01047	0.01136	0.07287	0.01310	0.03209	0.00766	0.63050	0.05720	0.02234	0.01031	0.01195	0.00786	0.00510	0.00405	0.00125	0.00440	0.04958	0.01202	0.00631
35	0.01286	0.30398	0.01503	0.05011	0.06056	0.36236	0.00785	0.11273	0.01887	0.01186	0.00663	0.00765	0.00551	0.00395	0.00335	0.00102	0.00561	0.00268	0.00219	0.00519
36	0.00874	0.01901	0.17716	0.00760	0.02032	0.00655	0.01425	0.04607	0.00913	0.05309	0.04849	0.01224	0.01797	0.00485	0.02692	0.00108	0.00392	0.04597	0.00260	0.47404
37	0.02083	0.13490	0.43619	0.00992	0.02717	0.03675	0.01094	0.11834	0.01015	0.10696	0.00867	0.03626	0.00657	0.00435	0.00382	0.00121	0.01531	0.00332	0.00246	0.00588
38	0.01052	0.01089	0.01438	0.16500	0.49039	0.16357	0.01102	0.03024	0.00944	0.01212	0.00718	0.00951	0.00592	0.00392	0.00428	0.00121	0.03939	0.00339	0.00200	0.00564
39	0.03162	0.00744	0.01164	0.74315	0.03819	0.03002	0.01054	0.02773	0.00831	0.01081	0.00768	0.04167	0.00614	0.00433	0.00400	0.00133	0.00519	0.00379	0.00193	0.00449
40	0.86828	0.00783	0.00603	0.00536	0.00786	0.00907	0.00442	0.02951	0.00709	0.01815	0.00567	0.00658	0.00440	0.00375	0.00252	0.00124	0.00313	0.00220	0.00252	0.00440
41	0.00573	0.00430	0.00645	0.00645	0.00716	0.00501	0.00501	0.00716	0.00645	0.00931	0.01074	0.01576	0.01003	0.03008	0.84316	0.00645	0.01074	0.00430	0.00215	0.00358
42	0.00496	0.00355	0.00477	0.00567	0.00594	0.00336	0.00385	0.00572	0.00767	0.01025	0.02164	0.80077	0.02578	0.01321	0.03794	0.00182	0.00269	0.03345	0.00366	0.00328
43	0.00738	0.01862	0.02103	0.00639	0.00794	0.01294	0.05038	0.05431	0.04463	0.07072	0.28937	0.14855	0.19411	0.00905	0.03495	0.00152	0.01291	0.00710	0.00381	0.00427
44	0.09260	0.13787	0.06781	0.01664	0.45845	0.01972	0.00989	0.01168	0.00878	0.01292	0.04738	0.01206	0.00844	0.00502	0.02869	0.00135	0.00462	0.04834	0.00219	0.00558
45	0.00984	0.17896	0.41115	0.00986	0.01417	0.02821	0.04596	0.11195	0.00983	0.04383	0.03083	0.00951	0.00674	0.00557	0.05185	0.00148	0.01918	0.00320	0.00223	0.00565
46	0.01065	0.07397	0.13154	0.13077	0.09904	0.25795	0.06006	0.02869	0.01912	0.01174	0.03000	0.00925	0.00648	0.00392	0.00370	0.00109	0.00552	0.00313	0.00210	0.11129
47	0.01097	0.17971	0.02579	0.05634	0.01150	0.07491	0.00722	0.18360	0.03483	0.05530	0.03138	0.03111	0.00789	0.00706	0.07558	0.00163	0.13089	0.00352	0.00268	0.06810
48	0.00796	0.01641	0.03264	0.00670	0.03161	0.00582	0.01136	0.07557	0.01752	0.03389	0.07789	0.09869	0.16094	0.00677	0.02900	0.00120	0.01901	0.00504	0.00306	0.35893
49	0.00696	0.00615	0.04379	0.00939	0.15103	0.00568	0.00603	0.04729	0.04024	0.01152	0.01506	0.35742	0.01643	0.12341	0.09648	0.00229	0.00419	0.01704	0.00297	0.03662
50	0.02910	0.00581	0.00773	0.00742	0.02241	0.04066	0.07272	0.04847	0.02212	0.04430	0.01730	0.35056	0.07157	0.03530	0.15170	0.02072	0.00470	0.04028	0.00317	0.00398
51	0.00940	0.18051	0.06446	0.01224	0.16012	0.01914	0.17855	0.01273	0.10596	0.04556	0.07229	0.03295	0.07903	0.00490	0.00400	0.00121	0.00445	0.00447	0.00265	0.00538

[dist]
# distance from previous block
# <min> <max>
3	31

[block]
# block no. 8 follows, 67 sequences, length 12
# corresponding to MSA columns:
# 716-727
name=unknown_I
#
# <colnr> <probs for GDERKNQSTAVLIFYWHMCP>
#	G	D	E	R	K	N	Q	S	T	A	V	L	I	F	Y	W	H	M	C	P
0	0.00988	0.00860	0.02523	0.12066	0.32742	0.00880	0.04905	0.10552	0.10125	0.05049	0.10402	0.03932	0.01129	0.00484	0.00414	0.00126	0.00425	0.00440	0.00289	0.01670
1	0.05863	0.00861	0.01302	0.17617	0.39197	0.02278	0.02608	0.05604	0.05491	0.05918	0.07424	0.01191	0.00907	0.00433	0.00410	0.00125	0.01563	0.00387	0.00256	0.00565
2	0.02645	0.03087	0.04095	0.15265	0.16762	0.10445	0.03475	0.06955	0.04599	0.12287	0.06161	0.05258	0.02741	0.00507	0.00440	0.00126	0.03907	0.00423	0.00285	0.00537
3	0.02547	0.02663	0.05140	0.02982	0.09092	0.00724	0.00657	0.07885	0.12632	0.15002	0.27868	0.03328	0.01835	0.01726	0.00457	0.00129	0.01906	0.00504	0.00375	0.02548
4	0.00961	0.00911	0.03117	0.15084	0.50487	0.00931	0.01077	0.05962	0.09376	0.01386	0.04430	0.01136	0.00816	0.00410	0.00400	0.00123	0.00454	0.00380	0.00239	0.02322
5	0.00947	0.00887	0.01398	0.04350	0.53916	0.02959	0.04887	0.04481	0.05461	0.01320	0.03607	0.05763	0.00928	0.05515	0.01728	0.00147	0.00465	0.00434	0.00238	0.00571
6	0.04248	0.01099	0.05686	0.00989	0.07219	0.05472	0.00773	0.39366	0.20456	0.01964	0.01038	0.01049	0.00771	0.00459	0.00386	0.00119	0.00422	0.00358	0.00346	0.07781
7	0.16184	0.00904	0.09945	0.00772	0.03207	0.00769	0.00666	0.11687	0.05780	0.23694	0.01180	0.04098	0.03590	0.00518	0.01835	0.00126	0.00376	0.00372	0.00340	0.13958
8	0.00521	0.00364	0.00486	0.00564	0.00594	0.00345	0.00389	0.00591	0.00774	0.01034	0.05373	0.66101	0.02505	0.06148	0.00653	0.04371	0.00258	0.08252	0.00358	0.00320
9	0.00952	0.09488	0.46707	0.01139	0.09060	0.00961	0.02784	0.07649	0.03011	0.06501	0.00882	0.04587	0.00694	0.00520	0.03223	0.00141	0.00534	0.00355	0.00228	0.00583
10	0.04009	0.05838	0.11037	0.05097	0.09131	0.00810	0.03494	0.14401	0.05564	0.06022	0.04093	0.19653	0.07852	0.00663	0.00420	0.00132	0.00385	0.00570	0.00315	0.00514
11	0.00823	0.00973	0.09578	0.05317	0.04339	0.00831	0.45405	0.02893	0.00909	0.01236	0.01207	0.19942	0.03490	0.00573	0.00466	0.00140	0.00537	0.00604	0.00245	0.00494

[dist]
# distance from previous block
# <min> <max>
11	36

# created by:
# /st0/software/busco_prod/Augustus/scripts/msa2prfl.pl ./align_prep/32270.fa
