[name]
unknown

[dist]
# distance from previous block
# <min> <max>
2	22

[block]
# block no. 0 follows, 45 sequences, length 7
# corresponding to MSA columns:
# 34-40
name=unknown_A
#
# <colnr> <probs for GDERKNQSTAVLIFYWHMCP>
#	G	D	E	R	K	N	Q	S	T	A	V	L	I	F	Y	W	H	M	C	P
0	0.04246	0.00744	0.01000	0.13962	0.06661	0.00776	0.00737	0.04801	0.01110	0.09066	0.05637	0.14882	0.03570	0.28960	0.01327	0.00300	0.00502	0.00787	0.00395	0.00532
1	0.01754	0.10002	0.01642	0.12033	0.01844	0.05247	0.01038	0.39771	0.06149	0.08622	0.01367	0.01602	0.01049	0.00659	0.00526	0.00164	0.00599	0.04668	0.00458	0.00803
2	0.01120	0.01155	0.01149	0.09667	0.05772	0.20089	0.00877	0.01272	0.01139	0.01366	0.01825	0.37104	0.02019	0.01231	0.03806	0.00218	0.08362	0.00921	0.00368	0.00539
3	0.10176	0.01058	0.01690	0.48638	0.25335	0.01218	0.01439	0.01475	0.01100	0.01597	0.00948	0.01340	0.00741	0.00515	0.00513	0.00172	0.00660	0.00457	0.00257	0.00670
4	0.01303	0.01281	0.02282	0.07425	0.63455	0.01282	0.11729	0.01642	0.01220	0.01728	0.01017	0.01351	0.00838	0.00478	0.00546	0.00163	0.00678	0.00499	0.00265	0.00819
5	0.04656	0.01264	0.01479	0.07573	0.01714	0.01371	0.00986	0.42711	0.04220	0.22642	0.01461	0.01444	0.01007	0.00652	0.00587	0.00168	0.04185	0.00494	0.00526	0.00860
6	0.07774	0.01040	0.01626	0.49943	0.19384	0.01204	0.01386	0.05006	0.01169	0.01637	0.01147	0.01508	0.03843	0.00559	0.00523	0.00173	0.00651	0.00489	0.00277	0.00660

[dist]
# distance from previous block
# <min> <max>
1	2

[block]
# block no. 1 follows, 45 sequences, length 6
# corresponding to MSA columns:
# 51,55-59
name=unknown_B
#
# <colnr> <probs for GDERKNQSTAVLIFYWHMCP>
#	G	D	E	R	K	N	Q	S	T	A	V	L	I	F	Y	W	H	M	C	P
0	0.01458	0.01526	0.01239	0.01071	0.01365	0.30577	0.00826	0.08095	0.06073	0.01729	0.09539	0.01588	0.01367	0.01086	0.11530	0.00235	0.00763	0.00469	0.00361	0.19103
1	0.10179	0.00529	0.00709	0.00700	0.00737	0.00547	0.00479	0.00796	0.00723	0.01095	0.00912	0.01548	0.00894	0.01714	0.01904	0.75111	0.00461	0.00447	0.00244	0.00271
2	0.05531	0.01247	0.02041	0.11485	0.36497	0.04466	0.16313	0.04671	0.01247	0.01749	0.01194	0.08861	0.01066	0.00605	0.00555	0.00171	0.00670	0.00594	0.00301	0.00735
3	0.09099	0.01423	0.01790	0.09544	0.09059	0.15109	0.15743	0.06601	0.05027	0.01741	0.01105	0.05635	0.00948	0.00642	0.00692	0.00174	0.11145	0.00525	0.00315	0.03686
4	0.10328	0.01169	0.01353	0.03341	0.01494	0.07742	0.07858	0.17403	0.05463	0.15736	0.06405	0.11046	0.04286	0.00777	0.00544	0.00169	0.00534	0.00653	0.00474	0.03224
5	0.04513	0.04587	0.04373	0.04262	0.07316	0.07457	0.11142	0.26996	0.05220	0.08804	0.01346	0.06237	0.01071	0.00639	0.00535	0.00163	0.00628	0.00544	0.00421	0.03746

[dist]
# distance from previous block
# <min> <max>
18	75

[block]
# block no. 2 follows, 45 sequences, length 7
# corresponding to MSA columns:
# 152-156,159,160
name=unknown_C
#
# <colnr> <probs for GDERKNQSTAVLIFYWHMCP>
#	G	D	E	R	K	N	Q	S	T	A	V	L	I	F	Y	W	H	M	C	P
0	0.05174	0.14363	0.05422	0.01630	0.14681	0.22545	0.07892	0.07327	0.07388	0.06993	0.01103	0.01224	0.00859	0.00540	0.00491	0.00152	0.00707	0.00429	0.00334	0.00746
1	0.04779	0.07161	0.01226	0.01029	0.04563	0.04213	0.00778	0.15052	0.06079	0.04500	0.14467	0.07462	0.01974	0.03508	0.16618	0.00315	0.00672	0.02232	0.00430	0.02941
2	0.05149	0.01015	0.01117	0.00974	0.01238	0.03861	0.00755	0.25218	0.05111	0.11064	0.01930	0.27722	0.01863	0.01153	0.04781	0.00214	0.00516	0.00824	0.00496	0.04997
3	0.15623	0.01561	0.15945	0.01627	0.06530	0.03847	0.24842	0.04589	0.05274	0.06305	0.01142	0.03255	0.00887	0.00571	0.00606	0.00176	0.05658	0.00512	0.00324	0.00726
4	0.00701	0.00507	0.00689	0.00748	0.00815	0.00495	0.00530	0.00854	0.01130	0.01556	0.22419	0.47041	0.03574	0.01927	0.14045	0.00315	0.00488	0.01217	0.00487	0.00462
5	0.01271	0.01048	0.01198	0.00870	0.01339	0.00878	0.00702	0.14097	0.01354	0.02028	0.01011	0.01143	0.00815	0.00440	0.00421	0.00093	0.00431	0.00346	0.00355	0.70159
6	0.09501	0.18155	0.07264	0.01389	0.10324	0.12435	0.03603	0.04081	0.24450	0.01843	0.01272	0.01333	0.00999	0.00569	0.00473	0.00156	0.00603	0.00441	0.00357	0.00752

[dist]
# distance from previous block
# <min> <max>
3	13

[block]
# block no. 3 follows, 45 sequences, length 16
# corresponding to MSA columns:
# 181-196
name=unknown_D
#
# <colnr> <probs for GDERKNQSTAVLIFYWHMCP>
#	G	D	E	R	K	N	Q	S	T	A	V	L	I	F	Y	W	H	M	C	P
0	0.08445	0.01098	0.01243	0.01133	0.06380	0.08790	0.03659	0.10733	0.04973	0.19095	0.26051	0.02263	0.02324	0.00759	0.00550	0.00164	0.00483	0.00635	0.00512	0.00711
1	0.24494	0.04283	0.01317	0.01143	0.06273	0.16143	0.00859	0.12736	0.01459	0.21192	0.01388	0.01390	0.03913	0.00603	0.00468	0.00158	0.00572	0.00437	0.00433	0.00737
2	0.01389	0.01271	0.01632	0.24669	0.09837	0.06339	0.05887	0.13640	0.25674	0.02024	0.01408	0.01553	0.01061	0.00605	0.00542	0.00173	0.00623	0.00521	0.00391	0.00762
3	0.01465	0.01252	0.01858	0.08059	0.31179	0.01314	0.07654	0.25988	0.01634	0.02227	0.01337	0.05570	0.01158	0.00670	0.00566	0.00173	0.00624	0.06097	0.00382	0.00794
4	0.01184	0.01178	0.01504	0.01447	0.06425	0.13586	0.11701	0.01428	0.01222	0.01536	0.01820	0.03522	0.01867	0.01037	0.00827	0.00213	0.12860	0.35686	0.00373	0.00585
5	0.01543	0.01699	0.02186	0.01820	0.07811	0.23124	0.31149	0.07133	0.14512	0.01814	0.01213	0.01390	0.00932	0.00544	0.00562	0.00166	0.00798	0.00526	0.00338	0.00740
6	0.01014	0.00954	0.01610	0.79845	0.03697	0.01193	0.01491	0.01371	0.01073	0.01371	0.00954	0.01431	0.00716	0.00537	0.00537	0.00179	0.00716	0.00477	0.00239	0.00596
7	0.01014	0.00954	0.01610	0.79845	0.03697	0.01193	0.01491	0.01371	0.01073	0.01371	0.00954	0.01431	0.00716	0.00537	0.00537	0.00179	0.00716	0.00477	0.00239	0.00596
8	0.00781	0.00564	0.00741	0.00821	0.00896	0.00562	0.00596	0.05660	0.01134	0.01518	0.02685	0.58347	0.03102	0.01823	0.08467	0.00282	0.00465	0.10600	0.00479	0.00478
9	0.02041	0.01504	0.01611	0.01235	0.01665	0.01665	0.01020	0.75997	0.02524	0.03383	0.01289	0.01289	0.00913	0.00644	0.00537	0.00161	0.00591	0.00483	0.00537	0.00913
10	0.00681	0.00542	0.00588	0.00578	0.00724	0.00474	0.00419	0.00825	0.01231	0.01552	0.20886	0.04692	0.51558	0.11822	0.00911	0.00223	0.00301	0.01051	0.00496	0.00448
11	0.01162	0.01163	0.01686	0.01428	0.01459	0.01590	0.04817	0.01299	0.00846	0.01311	0.00754	0.01227	0.00736	0.01044	0.04909	0.00258	0.73001	0.00482	0.00239	0.00589
12	0.01834	0.01268	0.01475	0.01189	0.01541	0.14983	0.10153	0.03963	0.09939	0.33809	0.07507	0.01818	0.01464	0.00870	0.05498	0.00209	0.00650	0.00558	0.00500	0.00772
13	0.01794	0.01170	0.01379	0.01078	0.01479	0.01177	0.02599	0.33085	0.07374	0.20074	0.01608	0.04774	0.01227	0.00681	0.00530	0.00156	0.00506	0.03335	0.00519	0.15455
14	0.07962	0.01340	0.01454	0.01486	0.16386	0.17400	0.00995	0.02253	0.01427	0.41610	0.01532	0.01481	0.01048	0.00593	0.00512	0.00159	0.00597	0.00469	0.00481	0.00816
15	0.01247	0.01017	0.01266	0.08942	0.01507	0.06916	0.02293	0.07885	0.04189	0.08279	0.03019	0.03819	0.01339	0.03717	0.22797	0.00388	0.15046	0.05358	0.00363	0.00612

[dist]
# distance from previous block
# <min> <max>
25	111

[block]
# block no. 4 follows, 45 sequences, length 100
# corresponding to MSA columns:
# 350-449
name=unknown_E
#
# <colnr> <probs for GDERKNQSTAVLIFYWHMCP>
#	G	D	E	R	K	N	Q	S	T	A	V	L	I	F	Y	W	H	M	C	P
0	0.03947	0.00789	0.04469	0.09165	0.01316	0.02275	0.03104	0.02283	0.02485	0.03868	0.06649	0.48362	0.02679	0.01242	0.00617	0.00194	0.00424	0.01113	0.00444	0.04572
1	0.01687	0.02975	0.11459	0.10015	0.10383	0.04803	0.01234	0.34805	0.03952	0.08876	0.01296	0.01487	0.00967	0.00621	0.00534	0.00166	0.00633	0.02857	0.00427	0.00824
2	0.06190	0.36435	0.09951	0.01199	0.03587	0.15258	0.04333	0.08929	0.02673	0.01660	0.00893	0.01020	0.00736	0.00503	0.00428	0.00135	0.00663	0.00355	0.00286	0.04764
3	0.02739	0.02921	0.09709	0.08618	0.12104	0.03748	0.01050	0.05944	0.04569	0.01815	0.01025	0.01209	0.00817	0.00471	0.00456	0.00123	0.00539	0.00386	0.00314	0.41442
4	0.02850	0.09666	0.18334	0.06295	0.12086	0.04982	0.08128	0.09194	0.02800	0.04146	0.01061	0.01331	0.00849	0.04230	0.00664	0.00174	0.04612	0.00451	0.00305	0.07842
5	0.00925	0.11577	0.05416	0.00731	0.00866	0.00804	0.00554	0.01062	0.03681	0.02787	0.04091	0.11364	0.01957	0.49861	0.01869	0.00382	0.00507	0.00768	0.00349	0.00450
6	0.01587	0.13916	0.07333	0.01554	0.08636	0.29364	0.11235	0.06167	0.08815	0.01647	0.01078	0.02640	0.00881	0.00555	0.00500	0.00151	0.00760	0.00446	0.00311	0.02422
7	0.01703	0.00799	0.01002	0.00821	0.01141	0.00708	0.00660	0.04255	0.03598	0.44667	0.07972	0.03004	0.25527	0.00912	0.00576	0.00171	0.00389	0.00754	0.00600	0.00741
8	0.01244	0.01536	0.18702	0.02440	0.46599	0.03503	0.01528	0.01608	0.01246	0.03796	0.09109	0.03795	0.01339	0.00591	0.00540	0.00164	0.00628	0.00539	0.00309	0.00785
9	0.01408	0.13266	0.10455	0.09487	0.11413	0.04888	0.17693	0.06901	0.06861	0.07425	0.02643	0.03013	0.01012	0.00562	0.00530	0.00163	0.00681	0.00514	0.00335	0.00751
10	0.00927	0.00797	0.03241	0.03640	0.15534	0.00770	0.03124	0.01113	0.02909	0.01354	0.04281	0.02881	0.03693	0.39561	0.10358	0.00417	0.00651	0.03910	0.00330	0.00506
11	0.00702	0.00541	0.00634	0.00621	0.00760	0.00480	0.00458	0.00886	0.01337	0.01768	0.39923	0.09218	0.35088	0.04325	0.00718	0.00191	0.00275	0.01065	0.00536	0.00473
12	0.01278	0.01096	0.01401	0.04743	0.06084	0.03257	0.02405	0.11223	0.12134	0.04213	0.01396	0.08299	0.01287	0.09329	0.03652	0.00253	0.26307	0.00619	0.00370	0.00655
13	0.04037	0.13999	0.22548	0.03196	0.15231	0.05935	0.01349	0.06738	0.11744	0.04373	0.01140	0.01271	0.00881	0.00566	0.00554	0.00162	0.04748	0.00433	0.00320	0.00776
14	0.03723	0.07410	0.21148	0.07740	0.16121	0.12614	0.01341	0.02838	0.08651	0.06267	0.01280	0.01430	0.03297	0.00682	0.03049	0.00184	0.00703	0.00459	0.00318	0.00744
15	0.00653	0.00469	0.00621	0.00742	0.00777	0.00436	0.00496	0.00748	0.01033	0.01372	0.03025	0.78769	0.05523	0.01673	0.00684	0.00217	0.00310	0.01516	0.00498	0.00436
16	0.43331	0.03433	0.01202	0.11428	0.01592	0.03837	0.00845	0.18785	0.03305	0.06247	0.01008	0.01122	0.00747	0.00552	0.00428	0.00165	0.00520	0.00382	0.00384	0.00688
17	0.01619	0.25291	0.10099	0.01339	0.01756	0.31173	0.09236	0.05745	0.04674	0.01531	0.00928	0.01072	0.00756	0.00530	0.00491	0.00144	0.02251	0.00386	0.00282	0.00695
18	0.25142	0.01003	0.01227	0.01140	0.09309	0.00980	0.00828	0.04282	0.01359	0.47060	0.01599	0.01495	0.01060	0.00598	0.00481	0.00165	0.00468	0.00463	0.00527	0.00815
19	0.04315	0.09837	0.01577	0.01148	0.01527	0.06554	0.00942	0.37328	0.26444	0.02627	0.01477	0.01443	0.01101	0.00642	0.00510	0.00162	0.00554	0.00488	0.00485	0.00840
20	0.02351	0.00901	0.01227	0.00945	0.01350	0.00779	0.00779	0.02560	0.01536	0.75504	0.04751	0.01903	0.01459	0.00680	0.00543	0.00166	0.00450	0.00555	0.00662	0.00899
21	0.05635	0.00744	0.00909	0.00895	0.03440	0.00735	0.00658	0.03019	0.11628	0.14658	0.16804	0.22162	0.10517	0.01104	0.00603	0.00187	0.00367	0.04778	0.00535	0.00621
22	0.01252	0.19700	0.48821	0.01322	0.01966	0.01387	0.03101	0.01770	0.04421	0.07000	0.03725	0.01267	0.00925	0.00538	0.00484	0.00158	0.00689	0.00417	0.00285	0.00770
23	0.00648	0.00544	0.00563	0.00558	0.00733	0.00459	0.00419	0.00797	0.01256	0.01527	0.13292	0.05040	0.69667	0.01331	0.00634	0.00180	0.00270	0.01115	0.00509	0.00459
24	0.01466	0.75274	0.05285	0.00941	0.01409	0.02036	0.00949	0.01655	0.01112	0.04655	0.00814	0.00913	0.00717	0.00470	0.00359	0.00119	0.00576	0.00302	0.00249	0.00702
25	0.01390	0.34188	0.02451	0.08710	0.11255	0.05476	0.16540	0.03739	0.01205	0.03669	0.00992	0.03572	0.00849	0.00536	0.00520	0.00151	0.03316	0.00459	0.00275	0.00706
26	0.00788	0.00550	0.00676	0.00670	0.00691	0.00583	0.00426	0.00834	0.00800	0.01094	0.01608	0.03134	0.01781	0.61542	0.20061	0.00591	0.02765	0.00726	0.00314	0.00367
27	0.01213	0.00952	0.01133	0.01029	0.01248	0.01106	0.00808	0.03417	0.39641	0.06572	0.01807	0.01975	0.01446	0.03117	0.25623	0.00407	0.06770	0.00583	0.00444	0.00709
28	0.01706	0.01398	0.01865	0.02026	0.29566	0.01490	0.04526	0.41377	0.06198	0.02649	0.01228	0.01351	0.00927	0.00580	0.00540	0.00163	0.00612	0.00495	0.00427	0.00878
29	0.04373	0.04047	0.09936	0.01171	0.01519	0.24688	0.00999	0.17559	0.13177	0.02024	0.06150	0.04825	0.03723	0.02755	0.00578	0.00170	0.00651	0.00540	0.00405	0.00711
30	0.00654	0.00467	0.00623	0.00747	0.00779	0.00436	0.00498	0.00747	0.01028	0.01370	0.02959	0.80785	0.03550	0.01682	0.00685	0.00218	0.00311	0.01526	0.00498	0.00436
31	0.01425	0.01423	0.01289	0.01245	0.06529	0.25292	0.02388	0.07273	0.12563	0.04013	0.18665	0.09518	0.02141	0.00824	0.00595	0.00167	0.02885	0.00672	0.00437	0.00658
32	0.07232	0.30160	0.06110	0.01680	0.22347	0.05088	0.03515	0.04178	0.05285	0.01656	0.01089	0.01344	0.02342	0.00557	0.00500	0.00151	0.03249	0.02495	0.00290	0.00732
33	0.00908	0.00862	0.01607	0.01421	0.05890	0.00810	0.27146	0.01143	0.01130	0.01518	0.02267	0.45801	0.04829	0.01169	0.00656	0.00200	0.00538	0.01138	0.00405	0.00562
34	0.01792	0.01329	0.01668	0.09630	0.21015	0.05732	0.01177	0.31350	0.01802	0.15472	0.02885	0.01444	0.01022	0.00599	0.00535	0.00162	0.00607	0.00493	0.00447	0.00840
35	0.01348	0.07116	0.04927	0.01127	0.01430	0.06558	0.12185	0.01632	0.05072	0.18229	0.02174	0.23449	0.06738	0.02346	0.00624	0.00187	0.00535	0.03214	0.00451	0.00655
36	0.01064	0.06572	0.29216	0.06851	0.01766	0.01057	0.04425	0.06123	0.03220	0.03263	0.09273	0.14337	0.05202	0.00967	0.04110	0.00207	0.00624	0.00698	0.00361	0.00666
37	0.00708	0.00539	0.00650	0.00638	0.00774	0.00482	0.00473	0.00907	0.01375	0.01844	0.46395	0.11508	0.29276	0.01240	0.00638	0.00178	0.00265	0.01077	0.00551	0.00482
38	0.01333	0.06414	0.13909	0.01585	0.04038	0.01370	0.25487	0.07155	0.25828	0.03414	0.01522	0.01612	0.02623	0.00587	0.00557	0.00173	0.00662	0.00561	0.00381	0.00788
39	0.01159	0.20956	0.23156	0.23658	0.09316	0.01408	0.02702	0.01572	0.03582	0.01530	0.03249	0.01399	0.03041	0.00549	0.00490	0.00159	0.00664	0.00448	0.00263	0.00700
40	0.01223	0.33847	0.42834	0.04778	0.04189	0.01593	0.01530	0.01647	0.01116	0.01514	0.00878	0.01044	0.00690	0.00490	0.00446	0.00148	0.00698	0.00359	0.00229	0.00745
41	0.00797	0.00571	0.00661	0.00648	0.00816	0.00503	0.00497	0.00971	0.01297	0.06232	0.22264	0.06905	0.44329	0.03510	0.00698	0.00194	0.00307	0.07780	0.00526	0.00493
42	0.01333	0.01302	0.02197	0.04865	0.71368	0.02833	0.04890	0.01655	0.01227	0.01735	0.01008	0.01329	0.00843	0.00480	0.00535	0.00160	0.00658	0.00482	0.00266	0.00835
43	0.01313	0.19229	0.21552	0.07185	0.01861	0.06174	0.06331	0.10518	0.02698	0.03202	0.02521	0.07152	0.01148	0.02262	0.02070	0.00182	0.00674	0.02901	0.00323	0.00703
44	0.01924	0.02381	0.01573	0.04253	0.07064	0.68480	0.01095	0.04316	0.01515	0.01409	0.00861	0.01019	0.00710	0.00550	0.00491	0.00142	0.00925	0.00364	0.00282	0.00646
45	0.00652	0.00541	0.00572	0.00577	0.00743	0.00460	0.00432	0.00799	0.01240	0.01516	0.12184	0.09661	0.64647	0.01356	0.00639	0.00184	0.00277	0.02554	0.00507	0.00458
46	0.01900	0.10367	0.01637	0.01296	0.01605	0.57923	0.01008	0.10905	0.03142	0.01573	0.00923	0.01052	0.00757	0.00664	0.02860	0.00162	0.00886	0.00369	0.00309	0.00664
47	0.01256	0.06442	0.11478	0.10674	0.30402	0.01342	0.20471	0.01743	0.07657	0.01709	0.01102	0.01375	0.00864	0.00502	0.00545	0.00167	0.00711	0.00507	0.00281	0.00774
48	0.02026	0.01936	0.01574	0.01296	0.01663	0.33363	0.01027	0.45718	0.02113	0.02535	0.01101	0.01157	0.00822	0.00607	0.00515	0.00152	0.00745	0.00427	0.00430	0.00794
49	0.00973	0.00930	0.01792	0.01421	0.01694	0.00944	0.31468	0.01260	0.01024	0.01428	0.01308	0.01919	0.01161	0.07017	0.42468	0.00563	0.01166	0.00611	0.00283	0.00571
50	0.01549	0.01536	0.01828	0.09011	0.38478	0.19717	0.01354	0.05805	0.04739	0.05626	0.01073	0.01299	0.00858	0.00552	0.00578	0.00161	0.04301	0.00456	0.00312	0.00769
51	0.01440	0.02476	0.38444	0.01535	0.02083	0.30659	0.09823	0.01847	0.01286	0.01542	0.00941	0.01137	0.00720	0.00631	0.02990	0.00181	0.00892	0.00409	0.00252	0.00711
52	0.00653	0.00542	0.00571	0.00569	0.00738	0.00460	0.00425	0.00803	0.01258	0.01545	0.15414	0.07518	0.64989	0.01334	0.00636	0.00181	0.00271	0.01123	0.00511	0.00460
53	0.00709	0.00509	0.00684	0.00804	0.00864	0.00484	0.00592	0.00844	0.01088	0.01435	0.03003	0.58904	0.05676	0.01620	0.00698	0.00225	0.00358	0.20555	0.00497	0.00452
54	0.01293	0.03566	0.14019	0.03232	0.02114	0.04444	0.31534	0.01927	0.16593	0.06135	0.04095	0.03224	0.04045	0.00614	0.00577	0.00175	0.00698	0.00609	0.00365	0.00740
55	0.00709	0.00513	0.00670	0.00703	0.00789	0.00474	0.00500	0.00888	0.01294	0.01786	0.42363	0.37744	0.06839	0.01363	0.00656	0.00191	0.00279	0.01220	0.00547	0.00474
56	0.01716	0.01966	0.01385	0.01261	0.01543	0.47125	0.00961	0.02381	0.30105	0.01676	0.01405	0.01515	0.01124	0.00648	0.00515	0.00158	0.00747	0.02679	0.00386	0.00705
57	0.01500	0.13818	0.01863	0.08655	0.25306	0.20618	0.01211	0.04277	0.05134	0.03754	0.01198	0.01497	0.02955	0.00595	0.00535	0.00156	0.02717	0.03179	0.00309	0.00720
58	0.07101	0.58966	0.06344	0.00999	0.01441	0.12164	0.00962	0.01714	0.01153	0.03860	0.00813	0.00921	0.00702	0.00484	0.00377	0.00126	0.00623	0.00309	0.00257	0.00686
59	0.00654	0.00467	0.00623	0.00747	0.00779	0.00436	0.00498	0.00747	0.01028	0.01370	0.02959	0.80785	0.03550	0.01682	0.00685	0.00218	0.00311	0.01526	0.00498	0.00436
60	0.06426	0.07913	0.06342	0.06185	0.26059	0.10318	0.06502	0.10942	0.01357	0.04377	0.01018	0.01250	0.00813	0.00644	0.02799	0.00182	0.05365	0.00448	0.00311	0.00753
61	0.01126	0.09346	0.17334	0.00995	0.01356	0.01068	0.00958	0.13128	0.07977	0.02054	0.23747	0.07765	0.09231	0.00870	0.00559	0.00168	0.00472	0.00726	0.00451	0.00669
62	0.01921	0.01001	0.01217	0.01003	0.01364	0.01005	0.00806	0.02667	0.32400	0.44839	0.04323	0.01962	0.01564	0.00703	0.00545	0.00173	0.00438	0.00580	0.00614	0.00876
63	0.01536	0.01336	0.02087	0.01624	0.04387	0.01374	0.29298	0.32589	0.04702	0.02455	0.05496	0.01838	0.01273	0.00647	0.00589	0.00175	0.00674	0.05188	0.01953	0.00781
64	0.01277	0.07336	0.26143	0.03931	0.04225	0.04913	0.04509	0.06135	0.12771	0.06907	0.05969	0.06842	0.05312	0.00710	0.00538	0.00170	0.00604	0.00593	0.00381	0.00736
65	0.01090	0.02680	0.72880	0.01583	0.02358	0.01255	0.07360	0.01701	0.01143	0.01701	0.00972	0.01156	0.00690	0.00506	0.00519	0.00171	0.00801	0.00414	0.00230	0.00788
66	0.00654	0.00467	0.00623	0.00747	0.00779	0.00436	0.00498	0.00747	0.01028	0.01370	0.02959	0.80785	0.03550	0.01682	0.00685	0.00218	0.00311	0.01526	0.00498	0.00436
67	0.01082	0.04680	0.01528	0.08478	0.34024	0.01001	0.01136	0.03710	0.01203	0.01638	0.04548	0.18449	0.04403	0.03704	0.00660	0.00193	0.00528	0.08013	0.00363	0.00659
68	0.01268	0.04209	0.11791	0.06964	0.04005	0.11385	0.23697	0.04242	0.05544	0.01676	0.05640	0.08622	0.01305	0.00685	0.00658	0.00177	0.06508	0.00621	0.00324	0.00678
69	0.00682	0.00487	0.00654	0.00771	0.00817	0.00459	0.00540	0.00800	0.01072	0.01430	0.06150	0.69151	0.03564	0.01634	0.00689	0.00219	0.00329	0.09604	0.00502	0.00446
70	0.01014	0.00954	0.01610	0.79845	0.03697	0.01193	0.01491	0.01371	0.01073	0.01371	0.00954	0.01431	0.00716	0.00537	0.00537	0.00179	0.00716	0.00477	0.00239	0.00596
71	0.08737	0.02710	0.02833	0.01047	0.04911	0.03331	0.00802	0.20496	0.09319	0.03905	0.18684	0.05463	0.11599	0.00861	0.00587	0.00171	0.02676	0.00699	0.00486	0.00683
72	0.03303	0.01572	0.01602	0.01578	0.13499	0.20134	0.05162	0.21030	0.17194	0.02153	0.01404	0.06464	0.01156	0.00667	0.00536	0.00164	0.00651	0.00546	0.00412	0.00772
73	0.01093	0.00817	0.00905	0.00819	0.01052	0.00840	0.00630	0.03975	0.27929	0.07944	0.19016	0.03383	0.25112	0.03263	0.00652	0.00187	0.00353	0.00837	0.00544	0.00650
74	0.03658	0.03991	0.04216	0.06402	0.43401	0.07662	0.08905	0.06307	0.01318	0.01809	0.04871	0.01413	0.01024	0.00536	0.00555	0.00162	0.02202	0.00494	0.00298	0.00773
75	0.04102	0.26311	0.39027	0.01380	0.02004	0.01501	0.11026	0.01720	0.01152	0.05717	0.00968	0.01120	0.00732	0.00495	0.00471	0.00154	0.00710	0.00398	0.00260	0.00752
76	0.00666	0.00476	0.00636	0.00757	0.00795	0.00446	0.00516	0.00770	0.01047	0.01397	0.04390	0.75756	0.03558	0.01661	0.00687	0.00218	0.00319	0.04965	0.00500	0.00440
77	0.03330	0.01177	0.04060	0.01481	0.09849	0.09547	0.15379	0.02965	0.05066	0.03712	0.01337	0.01888	0.01173	0.06925	0.27001	0.00425	0.00964	0.02777	0.00318	0.00626
78	0.14066	0.09388	0.37857	0.01374	0.06580	0.01285	0.03998	0.05891	0.03757	0.01912	0.06437	0.02988	0.01097	0.00580	0.00488	0.00165	0.00637	0.00460	0.00307	0.00733
79	0.00749	0.00565	0.00696	0.00672	0.00815	0.00519	0.00512	0.01001	0.03064	0.01955	0.54303	0.04363	0.22055	0.01175	0.00638	0.00177	0.00276	0.05402	0.00562	0.00501
80	0.00776	0.00566	0.00747	0.00846	0.00941	0.00552	0.00665	0.00988	0.03445	0.01524	0.05148	0.34399	0.08933	0.03552	0.00754	0.00234	0.00399	0.34560	0.00496	0.00476
81	0.15080	0.30355	0.12367	0.04618	0.04116	0.07973	0.04174	0.03217	0.02731	0.09398	0.00993	0.01103	0.00770	0.00514	0.00431	0.00147	0.00618	0.00372	0.00309	0.00713
82	0.01182	0.15033	0.27883	0.03560	0.02139	0.03955	0.24569	0.01591	0.01147	0.01552	0.01072	0.03556	0.00888	0.02930	0.06433	0.00226	0.00823	0.00508	0.00258	0.00698
83	0.00770	0.00514	0.00588	0.00603	0.00610	0.00510	0.00347	0.00787	0.00818	0.01101	0.01846	0.12845	0.02133	0.69790	0.02434	0.00475	0.00489	0.00865	0.02132	0.00342
84	0.01197	0.03484	0.10122	0.10109	0.21365	0.01120	0.02596	0.04859	0.13693	0.04492	0.09274	0.06496	0.02888	0.02553	0.03238	0.00202	0.00583	0.00623	0.00382	0.00724
85	0.03066	0.12665	0.22438	0.01265	0.04913	0.01306	0.03293	0.08527	0.17993	0.06638	0.05601	0.04273	0.02797	0.00676	0.00520	0.00167	0.00571	0.02128	0.00397	0.00766
86	0.01381	0.00807	0.01007	0.00930	0.01177	0.00789	0.00766	0.09644	0.06635	0.21852	0.05064	0.08373	0.12466	0.01110	0.00632	0.00199	0.00442	0.25511	0.00551	0.00665
87	0.02408	0.00914	0.01246	0.00955	0.01370	0.00789	0.00789	0.02616	0.01536	0.78158	0.02118	0.01827	0.01329	0.00664	0.00540	0.00166	0.00457	0.00540	0.00664	0.00914
88	0.01163	0.07589	0.54224	0.05882	0.06594	0.01307	0.10758	0.01695	0.01157	0.03316	0.00991	0.01195	0.00722	0.00503	0.00517	0.00167	0.00772	0.00430	0.00245	0.00773
89	0.01232	0.01177	0.01900	0.36074	0.41694	0.03241	0.01545	0.03798	0.01205	0.01628	0.00990	0.01362	0.00790	0.00510	0.00533	0.00167	0.00678	0.00475	0.00263	0.00737
90	0.01042	0.00983	0.01661	0.72936	0.10384	0.01200	0.01505	0.01396	0.01087	0.01406	0.00959	0.01422	0.00728	0.00531	0.00536	0.00177	0.00709	0.00477	0.00241	0.00619
91	0.00655	0.00480	0.00615	0.00717	0.00772	0.00441	0.00486	0.00760	0.01071	0.01408	0.05809	0.67757	0.13825	0.01618	0.00676	0.00211	0.00304	0.01453	0.00501	0.00441
92	0.01318	0.12680	0.20508	0.01641	0.04866	0.01341	0.27643	0.06038	0.03420	0.06575	0.01271	0.06703	0.01050	0.00600	0.00552	0.00170	0.00716	0.01841	0.00322	0.00744
93	0.00815	0.00551	0.00706	0.00778	0.00852	0.00529	0.00540	0.03790	0.02744	0.04977	0.02816	0.64654	0.04608	0.05728	0.00778	0.00229	0.00347	0.03579	0.00499	0.00481
94	0.01109	0.06486	0.66011	0.03067	0.02322	0.01305	0.07473	0.01683	0.01134	0.01666	0.00957	0.01150	0.00692	0.00512	0.00536	0.00170	0.02311	0.00412	0.00231	0.00775
95	0.01226	0.02960	0.08293	0.14126	0.14675	0.05980	0.09014	0.03025	0.03295	0.05967	0.01335	0.08745	0.01220	0.10190	0.02429	0.00231	0.05696	0.00613	0.00321	0.00656
96	0.05248	0.07164	0.27726	0.01626	0.06364	0.01279	0.21074	0.05133	0.01264	0.11274	0.01165	0.02830	0.00871	0.00544	0.00558	0.00168	0.02428	0.00495	0.00322	0.02466
97	0.04256	0.02772	0.06792	0.03338	0.01554	0.03148	0.09804	0.05816	0.03689	0.13323	0.04114	0.07673	0.06565	0.00727	0.00572	0.00158	0.03170	0.03072	0.00411	0.19048
98	0.01357	0.05537	0.12136	0.01407	0.05988	0.05834	0.15726	0.06356	0.03644	0.09207	0.01365	0.07496	0.01172	0.04766	0.00645	0.00175	0.00629	0.02009	0.00359	0.14191
99	0.06920	0.04944	0.07081	0.10522	0.05638	0.09536	0.15494	0.09313	0.05819	0.04234	0.01196	0.03117	0.00975	0.00713	0.03119	0.00191	0.03770	0.02732	0.00336	0.04352

[dist]
# distance from previous block
# <min> <max>
8	34

[block]
# block no. 5 follows, 45 sequences, length 8
# corresponding to MSA columns:
# 494-501
name=unknown_F
#
# <colnr> <probs for GDERKNQSTAVLIFYWHMCP>
#	G	D	E	R	K	N	Q	S	T	A	V	L	I	F	Y	W	H	M	C	P
0	0.10024	0.02875	0.01335	0.06847	0.09976	0.11178	0.00929	0.11171	0.13891	0.05787	0.09690	0.04229	0.03227	0.00685	0.00515	0.00160	0.00536	0.00554	0.00423	0.05968
1	0.01369	0.01301	0.01873	0.07487	0.25429	0.08660	0.13699	0.05123	0.03399	0.04725	0.01153	0.01516	0.00949	0.02390	0.00578	0.00159	0.00653	0.02794	0.00320	0.16422
2	0.08709	0.01372	0.11624	0.26088	0.18508	0.04266	0.11505	0.01596	0.01165	0.04562	0.02891	0.01400	0.00885	0.00611	0.02449	0.00187	0.00714	0.00483	0.00283	0.00699
3	0.01109	0.01242	0.10096	0.49773	0.24430	0.01222	0.01588	0.01485	0.01122	0.01515	0.00971	0.01370	0.00750	0.00517	0.00532	0.00172	0.00702	0.00469	0.00245	0.00689
4	0.01312	0.64730	0.10200	0.00940	0.01402	0.01854	0.00971	0.01526	0.01109	0.01327	0.01277	0.01356	0.09028	0.00562	0.00393	0.00128	0.00563	0.00390	0.00258	0.00674
5	0.01136	0.01139	0.01641	0.66482	0.08751	0.09058	0.01456	0.01469	0.01129	0.01393	0.00945	0.01377	0.00723	0.00534	0.00531	0.00173	0.00736	0.00464	0.00244	0.00617
6	0.01672	0.01303	0.01393	0.01150	0.01506	0.01463	0.00922	0.41338	0.33711	0.02801	0.01752	0.05686	0.01354	0.00733	0.00548	0.00173	0.00506	0.00589	0.00539	0.00862
7	0.02041	0.01504	0.01611	0.01235	0.01665	0.01665	0.01020	0.75997	0.02524	0.03383	0.01289	0.01289	0.00913	0.00644	0.00537	0.00161	0.00591	0.00483	0.00537	0.00913

[dist]
# distance from previous block
# <min> <max>
0	11

[block]
# block no. 6 follows, 45 sequences, length 15
# corresponding to MSA columns:
# 513-527
name=unknown_G
#
# <colnr> <probs for GDERKNQSTAVLIFYWHMCP>
#	G	D	E	R	K	N	Q	S	T	A	V	L	I	F	Y	W	H	M	C	P
0	0.00660	0.00476	0.00627	0.00746	0.00787	0.00443	0.00507	0.00761	0.01043	0.01382	0.03064	0.74948	0.06805	0.01661	0.00685	0.00217	0.00316	0.03936	0.00498	0.00439
1	0.01494	0.03841	0.01808	0.02667	0.01780	0.05896	0.20537	0.19136	0.11915	0.07907	0.09747	0.05044	0.01627	0.00715	0.00578	0.00173	0.00613	0.03324	0.00451	0.00747
2	0.01559	0.01585	0.15288	0.01571	0.12535	0.04412	0.05049	0.22737	0.16646	0.07758	0.01465	0.04510	0.01125	0.00642	0.00542	0.00169	0.00611	0.00538	0.00429	0.00831
3	0.00681	0.00487	0.00654	0.00779	0.00822	0.00460	0.00546	0.00795	0.01055	0.01401	0.02944	0.71127	0.03491	0.01656	0.00692	0.00222	0.00335	0.10915	0.00498	0.00444
4	0.00831	0.00703	0.06034	0.00695	0.00785	0.00602	0.00504	0.02585	0.00949	0.01316	0.09862	0.05307	0.02160	0.54997	0.07114	0.00450	0.00556	0.00765	0.03375	0.00410
5	0.01294	0.09912	0.02163	0.14342	0.58571	0.01355	0.01545	0.01602	0.01186	0.01644	0.00973	0.01293	0.00813	0.00485	0.00512	0.00157	0.00642	0.00457	0.00258	0.00795
6	0.04394	0.01652	0.06836	0.01396	0.06112	0.21162	0.01106	0.11412	0.11615	0.05888	0.02691	0.01337	0.00979	0.00691	0.00818	0.00177	0.20191	0.00462	0.00361	0.00719
7	0.00739	0.00548	0.00688	0.00653	0.00789	0.00497	0.00490	0.00972	0.01469	0.02034	0.65330	0.04205	0.17312	0.01142	0.00633	0.00171	0.00256	0.00998	0.00575	0.00497
8	0.01167	0.22700	0.59226	0.01375	0.02084	0.01469	0.01714	0.01677	0.01123	0.01589	0.00908	0.01064	0.00682	0.00497	0.00468	0.00156	0.00738	0.00369	0.00227	0.00767
9	0.84927	0.01038	0.00789	0.00706	0.01038	0.01204	0.00581	0.01578	0.00914	0.02408	0.00747	0.00872	0.00581	0.00498	0.00332	0.00166	0.00415	0.00291	0.00332	0.00581
10	0.02207	0.01034	0.01291	0.00998	0.01402	0.00982	0.00821	0.20415	0.01758	0.55085	0.02124	0.01905	0.06015	0.00703	0.00545	0.00166	0.00478	0.00563	0.00623	0.00884
11	0.01492	0.01419	0.02476	0.03871	0.10530	0.01452	0.39639	0.23740	0.01606	0.02185	0.01113	0.01372	0.00839	0.00541	0.00654	0.00176	0.05204	0.00559	0.00347	0.00783
12	0.01402	0.01414	0.02108	0.03088	0.69542	0.09691	0.01581	0.01701	0.01255	0.01706	0.00990	0.01290	0.00833	0.00486	0.00526	0.00157	0.00673	0.00464	0.00267	0.00826
13	0.00789	0.00572	0.00736	0.00730	0.00778	0.00608	0.00506	0.00895	0.00965	0.01338	0.15189	0.09078	0.02469	0.37965	0.17809	0.00481	0.05017	0.03279	0.00378	0.00418
14	0.00659	0.00535	0.00584	0.00592	0.00745	0.00460	0.00436	0.00810	0.01251	0.01564	0.17817	0.14360	0.55606	0.01353	0.00640	0.00184	0.00274	0.01153	0.00515	0.00460

[dist]
# distance from previous block
# <min> <max>
1	44

[block]
# block no. 7 follows, 45 sequences, length 43
# corresponding to MSA columns:
# 572-614
name=unknown_H
#
# <colnr> <probs for GDERKNQSTAVLIFYWHMCP>
#	G	D	E	R	K	N	Q	S	T	A	V	L	I	F	Y	W	H	M	C	P
0	0.06504	0.03100	0.01113	0.01168	0.10434	0.05042	0.00789	0.03024	0.08888	0.08675	0.07634	0.23842	0.09366	0.01048	0.00623	0.00186	0.03077	0.04405	0.00459	0.00623
1	0.01260	0.01147	0.01381	0.01219	0.09848	0.06220	0.04626	0.06986	0.02842	0.01871	0.05105	0.01330	0.01050	0.00482	0.00456	0.00110	0.00496	0.00407	0.00343	0.52821
2	0.63026	0.01320	0.05051	0.00855	0.01194	0.12155	0.00724	0.01663	0.01034	0.04408	0.00897	0.04023	0.00739	0.00557	0.00383	0.00164	0.00511	0.00359	0.00335	0.00603
3	0.01014	0.00954	0.01610	0.79845	0.03697	0.01193	0.01491	0.01371	0.01073	0.01371	0.00954	0.01431	0.00716	0.00537	0.00537	0.00179	0.00716	0.00477	0.00239	0.00596
4	0.01142	0.01128	0.01593	0.04393	0.01469	0.01565	0.01154	0.01274	0.00834	0.01292	0.00761	0.01244	0.00746	0.01121	0.06649	0.00273	0.72067	0.00477	0.00238	0.00581
5	0.00670	0.00533	0.00602	0.00610	0.00754	0.00464	0.00448	0.00831	0.01271	0.01622	0.24018	0.16757	0.46840	0.01341	0.00642	0.00184	0.00273	0.01152	0.00523	0.00464
6	0.00670	0.00489	0.00631	0.00714	0.00777	0.00450	0.00490	0.00795	0.01133	0.01513	0.16017	0.59635	0.11612	0.01547	0.00671	0.00206	0.00297	0.01389	0.00514	0.00450
7	0.05103	0.00681	0.00856	0.00848	0.01026	0.00659	0.00654	0.01438	0.07625	0.17813	0.06079	0.33072	0.06566	0.01252	0.00631	0.00203	0.00384	0.13985	0.00533	0.00593
8	0.01173	0.04144	0.58378	0.01792	0.12446	0.04910	0.06341	0.01713	0.01171	0.01681	0.00966	0.01165	0.00712	0.00503	0.00516	0.00167	0.00783	0.00417	0.00237	0.00787
9	0.02006	0.01489	0.01563	0.01217	0.01632	0.04310	0.00998	0.64906	0.07690	0.06632	0.01374	0.01352	0.00975	0.00648	0.00536	0.00162	0.00586	0.00490	0.00534	0.00898
10	0.34993	0.07302	0.01360	0.01142	0.06233	0.17764	0.00864	0.14882	0.01406	0.08098	0.00983	0.01068	0.00746	0.00544	0.00430	0.00155	0.00592	0.00367	0.00371	0.00699
11	0.01389	0.39588	0.02169	0.26638	0.02180	0.14999	0.01132	0.01614	0.01152	0.01308	0.00827	0.01073	0.00698	0.00514	0.00469	0.00143	0.02859	0.00364	0.00241	0.00645
12	0.00915	0.00466	0.00694	0.00702	0.00704	0.00464	0.00468	0.00702	0.00720	0.00960	0.01062	0.06688	0.01100	0.01853	0.02008	0.79006	0.00456	0.00534	0.00250	0.00246
13	0.01019	0.00775	0.01065	0.00984	0.01123	0.00858	0.03910	0.01338	0.09193	0.06433	0.09476	0.08029	0.05016	0.10933	0.13331	0.00347	0.12486	0.12708	0.00420	0.00556
14	0.03688	0.02722	0.75939	0.01504	0.02283	0.01245	0.01940	0.01696	0.01126	0.01722	0.00957	0.01125	0.00677	0.00510	0.00504	0.00170	0.00782	0.00393	0.00230	0.00787
15	0.00684	0.00519	0.00632	0.00671	0.00779	0.00467	0.00484	0.00840	0.01232	0.01617	0.24030	0.32952	0.27761	0.01412	0.00657	0.00194	0.00289	0.03794	0.00523	0.00463
16	0.02005	0.02558	0.01521	0.01383	0.01659	0.78980	0.01037	0.02143	0.01521	0.01314	0.00830	0.00968	0.00691	0.00553	0.00484	0.00138	0.00968	0.00346	0.00277	0.00622
17	0.01146	0.00691	0.00838	0.00741	0.00971	0.00630	0.00574	0.01460	0.07852	0.18686	0.29785	0.05197	0.24433	0.01034	0.00599	0.00171	0.00324	0.00881	0.00566	0.03421
18	0.28927	0.01128	0.01119	0.00940	0.01295	0.05966	0.00758	0.04563	0.18008	0.29664	0.01581	0.01485	0.01102	0.00617	0.00470	0.00168	0.00472	0.00460	0.00502	0.00773
19	0.01422	0.01336	0.01254	0.01130	0.01430	0.11455	0.00874	0.02760	0.67003	0.02124	0.02008	0.01868	0.01515	0.00705	0.00538	0.00176	0.00496	0.00573	0.00511	0.00820
20	0.04715	0.00532	0.00747	0.00789	0.00845	0.00520	0.02833	0.00820	0.00934	0.01300	0.02133	0.44904	0.02452	0.01637	0.01129	0.27543	0.00395	0.04985	0.00397	0.00389
21	0.01292	0.01238	0.02112	0.12282	0.69088	0.01266	0.01629	0.01615	0.01205	0.01709	0.01003	0.01341	0.00834	0.00485	0.00532	0.00162	0.00647	0.00478	0.00263	0.00820
22	0.01197	0.00941	0.01106	0.00828	0.01246	0.00774	0.00656	0.05702	0.02794	0.05648	0.01129	0.01370	0.00944	0.04985	0.05563	0.00164	0.00485	0.00386	0.00351	0.63731
23	0.01021	0.00827	0.00881	0.00880	0.01017	0.05745	0.00637	0.12286	0.07952	0.01734	0.02524	0.46867	0.05732	0.06326	0.00765	0.00219	0.00422	0.03133	0.00483	0.00551
24	0.01302	0.01454	0.04712	0.08540	0.22326	0.09311	0.30212	0.01643	0.01204	0.01599	0.01008	0.01363	0.00814	0.00687	0.04331	0.00207	0.07786	0.00526	0.00264	0.00715
25	0.02995	0.01231	0.01293	0.01152	0.05539	0.15202	0.03726	0.04510	0.06370	0.19385	0.07658	0.03526	0.05562	0.00708	0.00529	0.00153	0.00543	0.03990	0.00451	0.15477
26	0.04308	0.00754	0.00875	0.00782	0.00991	0.00757	0.00605	0.07644	0.12075	0.06731	0.44227	0.03391	0.12758	0.00991	0.00596	0.00171	0.00326	0.00847	0.00563	0.00609
27	0.01211	0.01181	0.01776	0.13917	0.08058	0.01505	0.07031	0.04343	0.05062	0.01507	0.00900	0.01297	0.00785	0.00778	0.01270	0.00210	0.47761	0.00492	0.00269	0.00647
28	0.00664	0.00508	0.00592	0.00650	0.00744	0.00456	0.00451	0.00772	0.01098	0.01390	0.05196	0.39079	0.34241	0.09242	0.00863	0.00232	0.00317	0.02589	0.00483	0.00435
29	0.00772	0.00531	0.00634	0.00633	0.00659	0.00543	0.00391	0.00815	0.00827	0.01115	0.03378	0.03349	0.04842	0.63263	0.15574	0.00558	0.00661	0.00763	0.00331	0.00360
30	0.00667	0.00529	0.00601	0.00627	0.00762	0.00463	0.00459	0.00816	0.01227	0.01554	0.16902	0.22891	0.45638	0.01395	0.00649	0.00190	0.00285	0.03371	0.00514	0.00459
31	0.00660	0.00470	0.00621	0.00740	0.00770	0.00440	0.00490	0.00749	0.01016	0.01355	0.02900	0.77184	0.03476	0.05385	0.00781	0.00232	0.00321	0.01491	0.00490	0.00431
32	0.02006	0.02521	0.01524	0.01378	0.01660	0.76271	0.01037	0.04731	0.01556	0.01386	0.00846	0.00979	0.00699	0.00556	0.00486	0.00139	0.00955	0.00351	0.00286	0.00632
33	0.01435	0.81458	0.02813	0.00918	0.01378	0.02124	0.00918	0.01607	0.01091	0.01263	0.00746	0.00861	0.00689	0.00459	0.00344	0.00115	0.00574	0.00287	0.00230	0.00689
34	0.01001	0.00629	0.00811	0.00842	0.00973	0.00614	0.00642	0.03532	0.05290	0.10099	0.06726	0.37904	0.02956	0.03998	0.00723	0.00219	0.00387	0.18354	0.03758	0.00542
35	0.00677	0.00538	0.00609	0.00614	0.00761	0.00470	0.00456	0.00843	0.01284	0.01641	0.25316	0.13702	0.46982	0.01326	0.00642	0.00183	0.00276	0.02688	0.00524	0.00467
36	0.00683	0.00493	0.00653	0.00771	0.00823	0.00463	0.00545	0.00800	0.01068	0.01408	0.03075	0.66147	0.07446	0.01636	0.00690	0.00220	0.00335	0.11801	0.00498	0.00445
37	0.00695	0.00548	0.00628	0.00612	0.00768	0.00481	0.00462	0.00885	0.01355	0.01764	0.37205	0.04676	0.43809	0.01247	0.00636	0.00177	0.00269	0.02766	0.00539	0.00478
38	0.02276	0.00897	0.01212	0.00941	0.01335	0.00786	0.00773	0.02522	0.03585	0.71334	0.06839	0.01968	0.01571	0.00693	0.00546	0.00167	0.00443	0.00569	0.00657	0.00886
39	0.08691	0.04776	0.01277	0.06021	0.01466	0.01128	0.02189	0.10488	0.22551	0.19204	0.09132	0.02134	0.05168	0.00740	0.00535	0.00172	0.00463	0.02590	0.00514	0.00761
40	0.06481	0.01161	0.01775	0.24826	0.40773	0.03315	0.01401	0.03165	0.01187	0.01717	0.01004	0.01333	0.00809	0.00503	0.00506	0.00159	0.00626	0.00455	0.03499	0.05305
41	0.01546	0.01564	0.01790	0.09070	0.36733	0.21647	0.01322	0.05364	0.07992	0.04455	0.01112	0.01314	0.00885	0.00538	0.00518	0.00156	0.00699	0.00454	0.00319	0.02523
42	0.01383	0.01360	0.06743	0.12646	0.13811	0.03597	0.13193	0.15730	0.05416	0.03425	0.01177	0.03791	0.00941	0.00593	0.00616	0.00166	0.05632	0.00519	0.00345	0.08916

[dist]
# distance from previous block
# <min> <max>
0	26

[block]
# block no. 8 follows, 45 sequences, length 22
# corresponding to MSA columns:
# 671-692
name=unknown_I
#
# <colnr> <probs for GDERKNQSTAVLIFYWHMCP>
#	G	D	E	R	K	N	Q	S	T	A	V	L	I	F	Y	W	H	M	C	P
0	0.07391	0.01396	0.02276	0.04884	0.16256	0.06683	0.34073	0.08256	0.06880	0.01934	0.03867	0.01469	0.01014	0.00531	0.00564	0.00171	0.00732	0.00552	0.00329	0.00743
1	0.10155	0.01559	0.01532	0.01520	0.12365	0.21114	0.01072	0.15251	0.06579	0.03188	0.01040	0.01234	0.00844	0.00766	0.03502	0.00196	0.16589	0.00438	0.00345	0.00712
2	0.01159	0.18028	0.38515	0.19269	0.09700	0.01413	0.01626	0.01602	0.01120	0.01543	0.00922	0.01165	0.00706	0.00503	0.00485	0.00160	0.00717	0.00401	0.00234	0.00733
3	0.00672	0.00479	0.00637	0.00743	0.00776	0.00459	0.00497	0.00765	0.00997	0.01336	0.02754	0.69280	0.03272	0.08037	0.06303	0.00286	0.00406	0.01402	0.00470	0.00430
4	0.01027	0.00926	0.01550	0.01230	0.01535	0.00883	0.24812	0.01466	0.10398	0.04607	0.20303	0.03237	0.20499	0.00910	0.00625	0.00181	0.00507	0.04226	0.00459	0.00619
5	0.01636	0.00735	0.00991	0.00835	0.01106	0.00650	0.00658	0.01845	0.01468	0.43074	0.27578	0.12350	0.02861	0.00936	0.00589	0.00173	0.00370	0.00807	0.00619	0.00717
6	0.01447	0.05840	0.01221	0.00989	0.02938	0.12559	0.00767	0.22113	0.03261	0.05608	0.14429	0.02355	0.12841	0.00796	0.00529	0.00156	0.00495	0.00634	0.10350	0.00672
7	0.01175	0.01251	0.02424	0.05600	0.04989	0.01331	0.43165	0.01505	0.01108	0.01551	0.01068	0.03657	0.00906	0.00914	0.07590	0.00252	0.19981	0.00601	0.00269	0.00661
8	0.01029	0.00567	0.00580	0.00561	0.00691	0.00580	0.00413	0.04041	0.04258	0.01956	0.01745	0.02142	0.01433	0.09553	0.00649	0.00173	0.00300	0.00535	0.68281	0.00511
9	0.01083	0.00720	0.00930	0.00871	0.00986	0.00788	0.00665	0.09696	0.01159	0.05557	0.04639	0.17175	0.03937	0.01574	0.09791	0.17577	0.09931	0.03467	0.08946	0.00509
10	0.01276	0.04782	0.01261	0.00912	0.01314	0.03851	0.00733	0.06989	0.07717	0.04319	0.01156	0.03024	0.00967	0.02365	0.00557	0.00122	0.04628	0.00407	0.00359	0.53260
11	0.00653	0.00471	0.00619	0.00737	0.00776	0.00437	0.00494	0.00749	0.01038	0.01374	0.03088	0.76832	0.07419	0.01665	0.00682	0.00216	0.00309	0.01505	0.00498	0.00437
12	0.04409	0.01177	0.01649	0.35625	0.16078	0.07619	0.04734	0.03065	0.05805	0.03705	0.01284	0.02919	0.04236	0.00617	0.00600	0.00175	0.04808	0.00523	0.00304	0.00670
13	0.01368	0.32975	0.23047	0.01334	0.01861	0.08666	0.12499	0.01763	0.04679	0.03628	0.01022	0.03049	0.00837	0.00528	0.00469	0.00149	0.00703	0.00426	0.00273	0.00724
14	0.00849	0.00657	0.00788	0.00753	0.00908	0.00656	0.00563	0.01320	0.16179	0.02016	0.47507	0.12412	0.11079	0.01116	0.00622	0.00178	0.00295	0.00978	0.00563	0.00561
15	0.03181	0.03222	0.06474	0.01343	0.08734	0.10089	0.02526	0.16821	0.24544	0.04244	0.08921	0.03113	0.03023	0.00699	0.00539	0.00167	0.00556	0.00572	0.00455	0.00775
16	0.04000	0.00570	0.00685	0.00683	0.00826	0.00525	0.00511	0.01019	0.01294	0.05889	0.31147	0.20480	0.21610	0.01240	0.00624	0.00184	0.00298	0.04376	0.03538	0.00503
17	0.01483	0.06961	0.10877	0.01299	0.01708	0.08975	0.11945	0.15513	0.14153	0.07078	0.07985	0.01916	0.02949	0.00685	0.00551	0.00169	0.00621	0.03953	0.00426	0.00753
18	0.04177	0.01427	0.17844	0.04897	0.12548	0.01080	0.16069	0.01588	0.07105	0.01774	0.06436	0.08734	0.01377	0.00643	0.00544	0.00164	0.00614	0.00602	0.00332	0.12045
19	0.01028	0.08700	0.21431	0.01430	0.06672	0.01083	0.18408	0.01391	0.01214	0.01640	0.09405	0.02415	0.18495	0.00862	0.03321	0.00194	0.00642	0.00674	0.00338	0.00656
20	0.07431	0.06718	0.07604	0.05985	0.13032	0.05766	0.07684	0.11827	0.06447	0.04587	0.02783	0.01327	0.00944	0.00560	0.00561	0.00156	0.04715	0.00454	0.00346	0.11073
21	0.07776	0.07664	0.11255	0.03947	0.09800	0.07081	0.02516	0.03429	0.04031	0.05720	0.05933	0.01709	0.05997	0.03818	0.00572	0.00159	0.00552	0.00491	0.00348	0.17204

[dist]
# distance from previous block
# <min> <max>
9	51

[block]
# block no. 9 follows, 45 sequences, length 31
# corresponding to MSA columns:
# 746-776
name=unknown_J
#
# <colnr> <probs for GDERKNQSTAVLIFYWHMCP>
#	G	D	E	R	K	N	Q	S	T	A	V	L	I	F	Y	W	H	M	C	P
0	0.03638	0.01418	0.03506	0.18166	0.14834	0.07218	0.01224	0.32558	0.08047	0.02372	0.01191	0.01347	0.00891	0.00587	0.00527	0.00165	0.00640	0.00474	0.00397	0.00798
1	0.06887	0.01239	0.01266	0.05160	0.01442	0.18961	0.07500	0.03393	0.06024	0.01555	0.01861	0.21819	0.06693	0.02743	0.00752	0.02233	0.06859	0.02670	0.00375	0.00569
2	0.04883	0.01389	0.01938	0.07537	0.07017	0.04508	0.16879	0.28432	0.03234	0.02239	0.01073	0.01301	0.00828	0.00632	0.00776	0.00180	0.15530	0.00501	0.00366	0.00758
3	0.01142	0.00714	0.00870	0.00799	0.00973	0.00764	0.00618	0.10010	0.05418	0.07967	0.03829	0.04787	0.01531	0.06201	0.27787	0.00417	0.00744	0.00597	0.24251	0.00582
4	0.00696	0.00503	0.00659	0.00721	0.00794	0.00466	0.00508	0.00851	0.01212	0.01651	0.28868	0.48960	0.07141	0.01460	0.00667	0.00200	0.00295	0.03356	0.00530	0.00463
