[name]
unknown

[dist]
# distance from previous block
# <min> <max>
0	11

[block]
# block no. 0 follows, 70 sequences, length 52
# corresponding to MSA columns:
# 11-62
name=unknown_A
#
# <colnr> <probs for GDERKNQSTAVLIFYWHMCP>
#	G	D	E	R	K	N	Q	S	T	A	V	L	I	F	Y	W	H	M	C	P
0	0.22565	0.00716	0.02070	0.02770	0.03520	0.00737	0.07818	0.09441	0.05327	0.04164	0.05768	0.08860	0.05457	0.00587	0.00403	0.00128	0.02765	0.08031	0.03850	0.05023
1	0.00478	0.00391	0.00418	0.00415	0.00532	0.00335	0.00308	0.00588	0.00910	0.01130	0.18202	0.05772	0.65098	0.03092	0.00497	0.00136	0.00199	0.00798	0.00369	0.00332
2	0.00924	0.00782	0.00835	0.00751	0.00956	0.00891	0.00584	0.05502	0.68005	0.01604	0.06586	0.02820	0.04956	0.00622	0.02281	0.00142	0.00315	0.00476	0.00390	0.00578
3	0.00522	0.00402	0.00478	0.00458	0.00566	0.00361	0.00344	0.00688	0.02354	0.01368	0.52943	0.03181	0.33209	0.00858	0.00457	0.00125	0.00190	0.00740	0.00402	0.00356
4	0.00518	0.00388	0.00426	0.00419	0.00525	0.00344	0.00308	0.00641	0.00909	0.01204	0.24588	0.04738	0.46525	0.06565	0.00539	0.00141	0.00204	0.00726	0.09958	0.00335
5	0.89114	0.00750	0.00570	0.00510	0.00750	0.00870	0.00420	0.01140	0.00660	0.01739	0.00540	0.00630	0.00420	0.00360	0.00240	0.00120	0.00300	0.00210	0.00240	0.00420
6	0.01474	0.01086	0.01163	0.00892	0.01202	0.01202	0.00737	0.82664	0.01823	0.02443	0.00931	0.00931	0.00659	0.00465	0.00388	0.00116	0.00427	0.00349	0.00388	0.00659
7	0.00474	0.00340	0.00451	0.00539	0.00565	0.00317	0.00363	0.00544	0.00748	0.00994	0.02177	0.82894	0.04441	0.01207	0.00495	0.00157	0.00226	0.02391	0.00360	0.00316
8	0.01448	0.01848	0.01099	0.00999	0.01199	0.84819	0.00749	0.01548	0.01099	0.00949	0.00599	0.00699	0.00499	0.00400	0.00350	0.00100	0.00699	0.00250	0.00200	0.00449
9	0.00578	0.00449	0.00686	0.00676	0.01992	0.00515	0.02833	0.00713	0.00631	0.00907	0.01025	0.01546	0.00969	0.07773	0.74212	0.00576	0.02938	0.00423	0.00208	0.00350
10	0.01036	0.86609	0.02032	0.00663	0.00995	0.01534	0.00663	0.01161	0.00788	0.00912	0.00539	0.00622	0.00498	0.00332	0.00249	0.00083	0.00415	0.00207	0.00166	0.00498
11	0.00483	0.00355	0.00452	0.00523	0.00567	0.00329	0.00362	0.00560	0.00765	0.00999	0.02370	0.64226	0.15513	0.04013	0.02043	0.00170	0.00247	0.05354	0.00353	0.00317
12	0.00602	0.02664	0.00592	0.00522	0.00632	0.00454	0.00398	0.00872	0.09107	0.01545	0.73586	0.02696	0.03335	0.00755	0.00446	0.00122	0.00201	0.00663	0.00417	0.00393
13	0.00984	0.00836	0.00884	0.00787	0.01008	0.00962	0.00614	0.06977	0.75918	0.01670	0.03871	0.01456	0.01221	0.00530	0.00396	0.00130	0.00311	0.00440	0.00395	0.00609
14	0.00594	0.00444	0.00592	0.00579	0.00633	0.00503	0.00425	0.00736	0.04539	0.00923	0.02710	0.01844	0.02610	0.26942	0.46789	0.00471	0.05131	0.00467	0.02737	0.00331
15	0.00928	0.00765	0.00821	0.00744	0.00946	0.00863	0.00578	0.04779	0.64953	0.03741	0.03461	0.07202	0.05862	0.00608	0.00408	0.00133	0.00299	0.01946	0.00392	0.00571
16	0.06006	0.22943	0.06265	0.01106	0.16372	0.18095	0.01986	0.13579	0.01025	0.01310	0.03054	0.00863	0.00648	0.00470	0.03131	0.00121	0.00501	0.00293	0.00226	0.02008
17	0.00811	0.00731	0.01198	0.40040	0.27759	0.00812	0.02057	0.02912	0.00866	0.02719	0.08065	0.05402	0.02332	0.00469	0.00418	0.00126	0.02152	0.00423	0.00224	0.00486
18	0.00560	0.00408	0.00485	0.00472	0.00571	0.00370	0.00345	0.02374	0.00963	0.03353	0.38300	0.13003	0.29416	0.06953	0.00566	0.00147	0.00215	0.00762	0.00384	0.00351
19	0.00804	0.00689	0.00804	0.00574	0.00919	0.00517	0.00459	0.00976	0.00804	0.01263	0.00689	0.00804	0.00574	0.00287	0.00287	0.00057	0.00287	0.00230	0.00230	0.88745
20	0.08924	0.16241	0.20921	0.01994	0.04641	0.10670	0.12537	0.10602	0.00979	0.04011	0.03654	0.00913	0.00661	0.01196	0.00369	0.00115	0.00501	0.00317	0.00227	0.00527
21	0.19417	0.00719	0.02238	0.02800	0.01010	0.00668	0.02460	0.04687	0.01002	0.49834	0.02777	0.01197	0.00861	0.00451	0.00357	0.00117	0.00338	0.01966	0.00387	0.06713
22	0.80559	0.00857	0.00621	0.00558	0.00794	0.09062	0.00452	0.01179	0.00703	0.01662	0.00546	0.00637	0.00428	0.00364	0.00251	0.00118	0.00339	0.00214	0.00236	0.00423
23	0.00784	0.01957	0.80271	0.01131	0.01695	0.00904	0.05480	0.01228	0.00823	0.01228	0.00700	0.00830	0.00496	0.00366	0.00373	0.00123	0.00577	0.00295	0.00165	0.00570
24	0.00964	0.00833	0.00877	0.00789	0.01008	0.00964	0.00614	0.02060	0.83257	0.01622	0.01578	0.01446	0.01183	0.00526	0.00394	0.00131	0.00307	0.00438	0.00394	0.00614
25	0.00623	0.00497	0.00561	0.00560	0.02542	0.03129	0.00396	0.06055	0.00862	0.01117	0.12582	0.05566	0.26875	0.20407	0.14161	0.00263	0.00411	0.02737	0.00309	0.00347
26	0.04640	0.00813	0.02865	0.18511	0.04617	0.01866	0.21384	0.07412	0.04019	0.06642	0.03057	0.06864	0.06333	0.02050	0.00494	0.00136	0.05379	0.02173	0.00262	0.00481
27	0.18829	0.00737	0.00862	0.00677	0.00961	0.00723	0.00558	0.14554	0.01126	0.52674	0.01232	0.01126	0.00807	0.00453	0.00357	0.00119	0.00335	0.00347	0.02918	0.00604
28	0.05477	0.18410	0.08103	0.02168	0.05508	0.37851	0.03388	0.02220	0.06418	0.01110	0.03140	0.00916	0.02895	0.00412	0.00341	0.00105	0.00539	0.00297	0.00217	0.00486
29	0.04644	0.05393	0.01140	0.05604	0.06751	0.10843	0.00744	0.38236	0.03444	0.05270	0.00906	0.03178	0.01474	0.00504	0.01333	0.00124	0.07428	0.00353	0.02072	0.00560
30	0.00562	0.00378	0.00432	0.00429	0.00438	0.00375	0.00248	0.00580	0.00616	0.00830	0.09275	0.02572	0.01629	0.78024	0.01825	0.00351	0.00357	0.00577	0.00254	0.00248
31	0.00845	0.03649	0.72302	0.01110	0.01650	0.00901	0.07065	0.01264	0.00841	0.05761	0.00744	0.00858	0.00524	0.00371	0.00373	0.00122	0.00562	0.00302	0.00183	0.00573
32	0.00956	0.00892	0.02385	0.03217	0.01059	0.08719	0.02383	0.03611	0.54966	0.01457	0.01338	0.01356	0.01034	0.00732	0.08626	0.00174	0.00432	0.01166	0.03257	0.02240
33	0.00899	0.00933	0.01159	0.01000	0.01020	0.09327	0.00822	0.00983	0.00642	0.00930	0.00536	0.00878	0.00532	0.02904	0.01201	0.00168	0.75133	0.00336	0.00174	0.00422
34	0.03931	0.00528	0.00637	0.00593	0.00727	0.01786	0.00453	0.02019	0.05280	0.16687	0.12017	0.23122	0.09435	0.02867	0.04266	0.00160	0.04158	0.03455	0.04435	0.03443
35	0.89114	0.00750	0.00570	0.00510	0.00750	0.00870	0.00420	0.01140	0.00660	0.01739	0.00540	0.00630	0.00420	0.00360	0.00240	0.00120	0.00300	0.00210	0.00240	0.00420
36	0.89114	0.00750	0.00570	0.00510	0.00750	0.00870	0.00420	0.01140	0.00660	0.01739	0.00540	0.00630	0.00420	0.00360	0.00240	0.00120	0.00300	0.00210	0.00240	0.00420
37	0.00960	0.00921	0.01574	0.02380	0.83957	0.00921	0.01190	0.01190	0.00883	0.01267	0.00729	0.00960	0.00614	0.00345	0.00384	0.00115	0.00461	0.00345	0.00192	0.00614
38	0.89114	0.00750	0.00570	0.00510	0.00750	0.00870	0.00420	0.01140	0.00660	0.01739	0.00540	0.00630	0.00420	0.00360	0.00240	0.00120	0.00300	0.00210	0.00240	0.00420
39	0.00621	0.00386	0.00498	0.00541	0.00591	0.00363	0.00367	0.02098	0.00770	0.08591	0.01920	0.64003	0.02202	0.13273	0.00692	0.00184	0.00259	0.00939	0.01362	0.00342
40	0.01432	0.01821	0.01090	0.00992	0.01189	0.83267	0.00744	0.01532	0.01090	0.00948	0.00607	0.00714	0.00508	0.00446	0.01904	0.00110	0.00705	0.00253	0.00200	0.00448
41	0.03392	0.01332	0.27427	0.01440	0.01883	0.00953	0.55311	0.01235	0.00878	0.01252	0.00750	0.00964	0.00554	0.00340	0.00424	0.00128	0.00619	0.00398	0.00187	0.00535
42	0.01381	0.00675	0.00821	0.00670	0.00918	0.00662	0.00540	0.06314	0.19910	0.47163	0.01464	0.01347	0.01000	0.00485	0.00371	0.00118	0.00306	0.00394	0.14863	0.00600
43	0.00545	0.00430	0.00492	0.04299	0.00664	0.01833	0.00372	0.00667	0.00918	0.03303	0.22607	0.16224	0.44399	0.00923	0.00457	0.00132	0.00224	0.00792	0.00368	0.00350
44	0.05907	0.00748	0.00936	0.00721	0.01020	0.00709	0.00595	0.17752	0.01228	0.64144	0.01364	0.01210	0.00874	0.00471	0.00382	0.00119	0.00347	0.00373	0.00450	0.00648
45	0.00731	0.00473	0.00562	0.00533	0.00662	0.00451	0.00400	0.01850	0.10602	0.11603	0.23067	0.19042	0.20864	0.00822	0.00436	0.00130	0.00230	0.00711	0.06415	0.00415
46	0.07660	0.00841	0.00997	0.10440	0.01240	0.02600	0.00678	0.28439	0.03888	0.37503	0.01148	0.01101	0.00769	0.00456	0.00378	0.00120	0.00388	0.00357	0.00389	0.00611
47	0.00888	0.00856	0.01417	0.32138	0.53151	0.02580	0.01140	0.01126	0.00849	0.01161	0.00712	0.00981	0.00577	0.00362	0.00384	0.00120	0.00486	0.00343	0.00185	0.00545
48	0.00586	0.00425	0.00534	0.00584	0.00641	0.00421	0.00409	0.08597	0.02917	0.01151	0.02003	0.73929	0.02336	0.01121	0.00483	0.00153	0.00249	0.02740	0.00363	0.00357
49	0.00903	0.00729	0.00983	0.08259	0.16569	0.00771	0.02782	0.23202	0.05235	0.01498	0.02437	0.25146	0.05276	0.00685	0.00423	0.00131	0.00363	0.01930	0.02179	0.00498
50	0.02800	0.10234	0.04642	0.01929	0.07218	0.07499	0.04266	0.18500	0.02661	0.11543	0.00854	0.01762	0.00653	0.00392	0.00354	0.00099	0.01236	0.00309	0.00281	0.22770
51	0.01835	0.10184	0.04861	0.04731	0.12386	0.09388	0.01897	0.05556	0.04314	0.05624	0.02747	0.00958	0.00697	0.02336	0.00397	0.00101	0.02707	0.00301	0.00240	0.28739

[dist]
# distance from previous block
# <min> <max>
0	19

[block]
# block no. 1 follows, 70 sequences, length 11
# corresponding to MSA columns:
# 82-92
name=unknown_B
#
# <colnr> <probs for GDERKNQSTAVLIFYWHMCP>
#	G	D	E	R	K	N	Q	S	T	A	V	L	I	F	Y	W	H	M	C	P
0	0.05963	0.00609	0.03776	0.02881	0.00782	0.02668	0.00485	0.05723	0.08157	0.03003	0.25140	0.05745	0.11272	0.08042	0.10812	0.00206	0.01527	0.00558	0.02244	0.00406
1	0.03721	0.06680	0.08783	0.01222	0.19536	0.10591	0.06803	0.15776	0.05254	0.03892	0.02828	0.02197	0.03657	0.00438	0.00394	0.00115	0.02456	0.00362	0.01609	0.03688
2	0.00553	0.00419	0.00512	0.00494	0.00596	0.00394	0.00368	0.00770	0.06431	0.01416	0.56459	0.09933	0.18512	0.00846	0.00456	0.00127	0.00197	0.00740	0.00406	0.00371
3	0.00831	0.00834	0.05718	0.56188	0.17739	0.00885	0.05974	0.03314	0.00842	0.02948	0.00728	0.01013	0.00552	0.00379	0.00390	0.00126	0.00511	0.00350	0.00190	0.00489
4	0.00595	0.00436	0.00583	0.00659	0.00745	0.00430	0.00551	0.00777	0.03451	0.01136	0.02218	0.17832	0.09474	0.01070	0.00517	0.00169	0.00319	0.58323	0.00359	0.00355
5	0.00518	0.00385	0.00456	0.00452	0.00544	0.00348	0.00330	0.00631	0.00911	0.01208	0.33603	0.10071	0.34542	0.05258	0.02365	0.04567	0.00227	0.00741	0.02515	0.00330
6	0.89114	0.00750	0.00570	0.00510	0.00750	0.00870	0.00420	0.01140	0.00660	0.01739	0.00540	0.00630	0.00420	0.00360	0.00240	0.00120	0.00300	0.00210	0.00240	0.00420
7	0.01137	0.01117	0.01086	0.05881	0.15891	0.28276	0.00779	0.08897	0.00994	0.05389	0.00808	0.02446	0.00663	0.00461	0.00488	0.00117	0.12730	0.00331	0.12019	0.00490
8	0.00525	0.00390	0.00489	0.00476	0.00568	0.00354	0.00353	0.00682	0.01025	0.01409	0.61562	0.11245	0.17755	0.00868	0.00461	0.00127	0.00189	0.00761	0.00408	0.00354
9	0.81791	0.00742	0.00597	0.00525	0.00770	0.00845	0.00432	0.01202	0.00697	0.08652	0.00623	0.00688	0.00465	0.00370	0.00252	0.00120	0.00302	0.00225	0.00260	0.00440
10	0.03679	0.33804	0.04046	0.02703	0.07545	0.17925	0.05030	0.07419	0.07838	0.05493	0.00754	0.00828	0.00603	0.00383	0.00326	0.00103	0.00479	0.00284	0.00230	0.00527

[dist]
# distance from previous block
# <min> <max>
1	2

[block]
# block no. 2 follows, 70 sequences, length 23
# corresponding to MSA columns:
# 95-117
name=unknown_C
#
# <colnr> <probs for GDERKNQSTAVLIFYWHMCP>
#	G	D	E	R	K	N	Q	S	T	A	V	L	I	F	Y	W	H	M	C	P
0	0.02499	0.00920	0.02293	0.00809	0.01087	0.04527	0.03252	0.36544	0.09612	0.17345	0.02814	0.03473	0.03872	0.00511	0.00391	0.00118	0.00386	0.02486	0.00373	0.06685
1	0.00584	0.00414	0.00454	0.00450	0.00463	0.02411	0.00266	0.00603	0.00608	0.00806	0.05579	0.02462	0.01485	0.75665	0.05925	0.00368	0.00406	0.00556	0.00243	0.00252
2	0.79660	0.00740	0.00605	0.00529	0.00776	0.00837	0.00436	0.01221	0.00708	0.10664	0.00647	0.00704	0.00478	0.00373	0.00256	0.00120	0.00303	0.00229	0.00266	0.00446
3	0.04105	0.13418	0.06839	0.02793	0.26726	0.08435	0.04850	0.05797	0.07017	0.06583	0.02386	0.01278	0.02106	0.00516	0.00453	0.00141	0.03071	0.02580	0.00289	0.00618
4	0.00848	0.07380	0.42597	0.01195	0.05674	0.00925	0.20646	0.02658	0.02114	0.02444	0.00805	0.03402	0.00651	0.05114	0.00489	0.00137	0.01825	0.00369	0.00195	0.00533
5	0.00505	0.00364	0.00466	0.00532	0.00572	0.00341	0.00368	0.00579	0.00746	0.00984	0.02121	0.58256	0.08629	0.12784	0.00695	0.00186	0.00259	0.09709	0.00341	0.01565
6	0.00660	0.00605	0.03130	0.04050	0.28615	0.00560	0.00684	0.00817	0.00853	0.01164	0.11595	0.31772	0.12364	0.00791	0.00441	0.00134	0.00315	0.00716	0.00300	0.00434
7	0.10522	0.18755	0.11358	0.06105	0.09258	0.04969	0.16987	0.05381	0.00907	0.09653	0.00755	0.00880	0.00574	0.00374	0.00368	0.00115	0.01963	0.00318	0.00227	0.00531
8	0.07361	0.00712	0.09397	0.00678	0.03114	0.04196	0.00562	0.00998	0.04466	0.10117	0.08117	0.09444	0.12121	0.04731	0.17104	0.00234	0.00469	0.01774	0.03981	0.00425
9	0.03445	0.00372	0.00484	0.00551	0.00598	0.00351	0.00381	0.00640	0.00772	0.05158	0.04171	0.74279	0.02432	0.01135	0.00482	0.00154	0.00236	0.03659	0.00364	0.00338
10	0.02000	0.00943	0.12658	0.11236	0.15934	0.02960	0.07890	0.07573	0.07296	0.05190	0.12332	0.04249	0.07021	0.00517	0.00406	0.00124	0.00419	0.00459	0.00280	0.00514
11	0.01044	0.25904	0.09988	0.06043	0.12646	0.07589	0.06798	0.09725	0.05609	0.04693	0.02248	0.03336	0.00715	0.00445	0.01519	0.00117	0.00473	0.00336	0.00234	0.00536
12	0.01220	0.02164	0.06164	0.05530	0.01195	0.34671	0.01866	0.13307	0.02520	0.09140	0.05165	0.01067	0.00805	0.03493	0.04333	0.00146	0.05030	0.00339	0.01352	0.00492
13	0.37503	0.07517	0.05897	0.05822	0.12561	0.18400	0.00723	0.03032	0.03075	0.01387	0.00633	0.00752	0.00505	0.00373	0.00307	0.00113	0.00445	0.00258	0.00218	0.00479
14	0.00536	0.00400	0.00499	0.00482	0.00577	0.00368	0.00358	0.00714	0.02779	0.01423	0.61639	0.09529	0.17550	0.00853	0.00459	0.00126	0.00191	0.00747	0.00409	0.00360
15	0.04639	0.43143	0.05178	0.00874	0.04435	0.20512	0.04610	0.05645	0.00925	0.02196	0.00668	0.03146	0.00584	0.00386	0.00309	0.00098	0.00487	0.00276	0.01395	0.00496
16	0.00761	0.00588	0.00670	0.00614	0.00767	0.00623	0.00476	0.05199	0.30069	0.02778	0.34682	0.02287	0.08984	0.00738	0.02419	0.00138	0.00268	0.03215	0.04256	0.00468
17	0.02767	0.17579	0.22650	0.03781	0.05892	0.04122	0.02447	0.23509	0.08550	0.02370	0.00825	0.00896	0.00623	0.00404	0.00352	0.00113	0.00462	0.00310	0.01777	0.00572
18	0.01809	0.07783	0.01068	0.02243	0.05058	0.12631	0.05994	0.05516	0.04759	0.02338	0.01021	0.14463	0.00997	0.01945	0.15889	0.01198	0.13397	0.01210	0.00244	0.00438
19	0.00521	0.00391	0.00482	0.00468	0.00564	0.00352	0.00348	0.00674	0.01018	0.01387	0.57864	0.09112	0.23656	0.00870	0.00460	0.00127	0.00189	0.00759	0.00405	0.00352
20	0.13982	0.03464	0.10951	0.06239	0.28582	0.02603	0.05699	0.04590	0.04450	0.07073	0.00917	0.04265	0.02688	0.00431	0.00388	0.00122	0.02410	0.00367	0.00241	0.00540
21	0.00858	0.00802	0.07106	0.04666	0.13950	0.02998	0.01839	0.03296	0.21869	0.06289	0.20464	0.03234	0.08029	0.00628	0.02139	0.00135	0.00356	0.00500	0.00333	0.00510
22	0.00590	0.02747	0.03702	0.00553	0.00661	0.02303	0.00431	0.03585	0.00902	0.01197	0.22610	0.28972	0.20725	0.02981	0.02355	0.00152	0.03062	0.00778	0.01331	0.00363

[dist]
# distance from previous block
# <min> <max>
3	14

[block]
# block no. 3 follows, 70 sequences, length 9
# corresponding to MSA columns:
# 133-141
name=unknown_D
#
# <colnr> <probs for GDERKNQSTAVLIFYWHMCP>
#	G	D	E	R	K	N	Q	S	T	A	V	L	I	F	Y	W	H	M	C	P
0	0.01159	0.00930	0.00986	0.00828	0.01082	0.01055	0.00661	0.32931	0.52068	0.01936	0.01330	0.01249	0.00983	0.00503	0.00392	0.00126	0.00353	0.00404	0.00392	0.00631
1	0.83566	0.00746	0.00585	0.00514	0.00760	0.00848	0.00422	0.01129	0.00669	0.01709	0.00549	0.00641	0.00430	0.00355	0.00243	0.00116	0.00299	0.00211	0.00239	0.05969
2	0.00785	0.00585	0.00679	0.00622	0.00765	0.00580	0.00470	0.05934	0.17128	0.03811	0.49581	0.05125	0.10702	0.00790	0.00472	0.00139	0.00256	0.00665	0.00435	0.00475
3	0.01739	0.00660	0.00900	0.00690	0.00990	0.00570	0.00570	0.01889	0.01110	0.84226	0.01529	0.01320	0.00960	0.00480	0.00390	0.00120	0.00330	0.00390	0.00480	0.00660
4	0.00857	0.00735	0.00753	0.00674	0.00842	0.07235	0.00520	0.09104	0.31275	0.01602	0.36834	0.02031	0.04645	0.00639	0.00419	0.00123	0.00292	0.00540	0.00392	0.00490
5	0.00458	0.00393	0.00393	0.00393	0.00524	0.00327	0.00295	0.00556	0.00884	0.01047	0.03927	0.03731	0.83800	0.00982	0.00458	0.00131	0.00196	0.00818	0.00360	0.00327
6	0.00499	0.00377	0.00454	0.00498	0.00561	0.00348	0.00347	0.00610	0.03019	0.01055	0.09216	0.45799	0.24867	0.07592	0.00593	0.00164	0.00231	0.03090	0.00357	0.00326
7	0.00540	0.00393	0.00508	0.00485	0.00575	0.00361	0.00362	0.00713	0.01070	0.01501	0.75715	0.06713	0.07964	0.00822	0.00459	0.00124	0.00186	0.00726	0.00420	0.00361
8	0.00808	0.08968	0.72201	0.01103	0.01644	0.00958	0.06634	0.01223	0.00822	0.01202	0.00688	0.00817	0.00498	0.00363	0.00364	0.00120	0.00565	0.00291	0.00166	0.00563

[dist]
# distance from previous block
# <min> <max>
2	5

[block]
# block no. 4 follows, 70 sequences, length 24
# corresponding to MSA columns:
# 147-170
name=unknown_E
#
# <colnr> <probs for GDERKNQSTAVLIFYWHMCP>
#	G	D	E	R	K	N	Q	S	T	A	V	L	I	F	Y	W	H	M	C	P
0	0.76106	0.00738	0.00617	0.00547	0.00763	0.00864	0.00450	0.01132	0.00673	0.03710	0.00594	0.00700	0.00466	0.00392	0.00326	0.00123	0.06967	0.00231	0.04177	0.00424
1	0.00899	0.03131	0.42882	0.01291	0.01765	0.00954	0.34388	0.05691	0.00919	0.03252	0.00761	0.00925	0.00551	0.00359	0.00404	0.00125	0.00589	0.00360	0.00197	0.00558
2	0.01448	0.01848	0.01099	0.00999	0.01199	0.84819	0.00749	0.01548	0.01099	0.00949	0.00599	0.00699	0.00499	0.00400	0.00350	0.00100	0.00699	0.00250	0.00200	0.00449
3	0.00732	0.00674	0.01127	0.81650	0.02571	0.00839	0.01041	0.00987	0.00777	0.01011	0.00715	0.01052	0.00538	0.00390	0.00382	0.00127	0.00502	0.00345	0.04112	0.00428
4	0.00458	0.00393	0.00393	0.00393	0.00524	0.00327	0.00295	0.00556	0.00884	0.01047	0.03927	0.03731	0.83800	0.00982	0.00458	0.00131	0.00196	0.00818	0.00360	0.00327
5	0.00499	0.00367	0.00473	0.00539	0.00594	0.00340	0.00390	0.00597	0.00815	0.01069	0.08928	0.54751	0.14952	0.01124	0.00492	0.00154	0.00237	0.12988	0.00365	0.00327
6	0.00504	0.00390	0.00439	0.00434	0.00539	0.00345	0.00320	0.00628	0.00927	0.01211	0.29506	0.07433	0.46247	0.04187	0.01689	0.00144	0.00211	0.00762	0.03747	0.00337
7	0.00898	0.00707	0.00781	0.00692	0.00863	0.02372	0.00536	0.11941	0.33015	0.04748	0.12963	0.01809	0.07631	0.07538	0.09054	0.00197	0.02904	0.00491	0.00357	0.00500
8	0.02787	0.01010	0.16581	0.00813	0.02605	0.00747	0.02417	0.15707	0.01071	0.24076	0.00962	0.00974	0.00677	0.00389	0.00352	0.00101	0.00388	0.00311	0.00312	0.27719
9	0.89114	0.00750	0.00570	0.00510	0.00750	0.00870	0.00420	0.01140	0.00660	0.01739	0.00540	0.00630	0.00420	0.00360	0.00240	0.00120	0.00300	0.00210	0.00240	0.00420
10	0.01700	0.00682	0.00909	0.00701	0.00998	0.00608	0.00578	0.04902	0.04261	0.78040	0.01509	0.01310	0.00957	0.00481	0.00390	0.00120	0.00333	0.00390	0.00473	0.00658
11	0.01448	0.01848	0.01099	0.00999	0.01199	0.84819	0.00749	0.01548	0.01099	0.00949	0.00599	0.00699	0.00499	0.00400	0.00350	0.00100	0.00699	0.00250	0.00200	0.00449
12	0.59629	0.07829	0.00861	0.00736	0.07344	0.04112	0.01808	0.04872	0.00791	0.06433	0.00664	0.00788	0.00523	0.00382	0.00280	0.00117	0.00351	0.01760	0.00251	0.00468
13	0.01788	0.06974	0.14959	0.02188	0.23749	0.05960	0.07167	0.02154	0.03250	0.01148	0.00841	0.06114	0.00757	0.03587	0.06749	0.00170	0.09837	0.00388	0.01718	0.00503
14	0.00817	0.00633	0.00715	0.00676	0.00814	0.00694	0.00503	0.09571	0.35815	0.02593	0.01620	0.28851	0.01566	0.07088	0.03072	0.03170	0.00320	0.00648	0.00359	0.00472
15	0.00850	0.04455	0.05567	0.03734	0.27965	0.02947	0.00795	0.05622	0.10400	0.01390	0.21320	0.02548	0.04924	0.00541	0.00424	0.00121	0.02624	0.01497	0.01766	0.00511
16	0.00612	0.00517	0.03421	0.00557	0.00693	0.00446	0.00424	0.00726	0.00701	0.01005	0.03150	0.15891	0.03663	0.20857	0.22577	0.00299	0.00496	0.00531	0.00253	0.23180
17	0.02068	0.26093	0.08434	0.01696	0.01116	0.06481	0.00727	0.18966	0.22174	0.04296	0.02390	0.02246	0.00807	0.00444	0.00346	0.00111	0.00411	0.00336	0.00293	0.00564
18	0.01024	0.24319	0.18644	0.03039	0.06586	0.10497	0.01770	0.09453	0.01826	0.02740	0.00713	0.01711	0.00579	0.00409	0.01224	0.00107	0.02944	0.00284	0.01180	0.10950
19	0.04673	0.13032	0.22426	0.00991	0.08002	0.06681	0.04867	0.09173	0.05023	0.07047	0.05722	0.06356	0.00904	0.00462	0.00366	0.00115	0.00446	0.00377	0.00258	0.03079
20	0.02765	0.11958	0.30575	0.06410	0.03206	0.05519	0.15359	0.03565	0.05072	0.02713	0.00898	0.01035	0.04098	0.00498	0.03596	0.00138	0.01520	0.00347	0.00208	0.00522
21	0.00528	0.03328	0.02953	0.00574	0.00634	0.00412	0.00427	0.00623	0.00729	0.00983	0.03282	0.56358	0.02103	0.06469	0.14766	0.00246	0.00392	0.04547	0.00316	0.00332
22	0.02345	0.14406	0.29226	0.01056	0.09239	0.09104	0.04706	0.07436	0.02262	0.05436	0.05876	0.02851	0.00834	0.00436	0.00365	0.00115	0.00482	0.01971	0.01321	0.00535
23	0.00939	0.02531	0.15540	0.08639	0.14240	0.04236	0.08360	0.08598	0.10730	0.05749	0.03770	0.10298	0.00979	0.00531	0.00434	0.02741	0.00445	0.00446	0.00268	0.00526

[dist]
# distance from previous block
# <min> <max>
3	247

[block]
# block no. 5 follows, 70 sequences, length 13
# corresponding to MSA columns:
# 418-430
name=unknown_F
#
# <colnr> <probs for GDERKNQSTAVLIFYWHMCP>
#	G	D	E	R	K	N	Q	S	T	A	V	L	I	F	Y	W	H	M	C	P
0	0.03921	0.17685	0.28294	0.02437	0.01365	0.06802	0.10296	0.06072	0.02536	0.02357	0.00706	0.00873	0.00563	0.01697	0.03263	0.00140	0.09969	0.00309	0.00199	0.00515
1	0.00561	0.00394	0.00513	0.00523	0.00559	0.00415	0.00364	0.00635	0.00648	0.00889	0.05626	0.06037	0.01507	0.43178	0.28895	0.00417	0.00575	0.07719	0.00252	0.00293
2	0.00530	0.00388	0.00493	0.00482	0.00566	0.00355	0.00353	0.00683	0.01014	0.01404	0.62297	0.13330	0.12402	0.03350	0.00506	0.00135	0.00195	0.00760	0.00405	0.00351
3	0.00514	0.00393	0.00472	0.00461	0.00564	0.00351	0.00346	0.00660	0.00996	0.01331	0.48365	0.07287	0.32997	0.00890	0.00461	0.00128	0.00194	0.02843	0.00397	0.00349
4	0.00504	0.00360	0.00435	0.00478	0.00509	0.00339	0.00308	0.00555	0.00708	0.00929	0.04183	0.44011	0.12815	0.30885	0.01005	0.00229	0.00273	0.00867	0.00318	0.00290
5	0.00915	0.01046	0.02288	0.01634	0.02026	0.00980	0.82549	0.01242	0.00915	0.01242	0.00784	0.01046	0.00588	0.00327	0.00458	0.00131	0.00654	0.00458	0.00196	0.00523
6	0.01289	0.01591	0.01225	0.01061	0.01243	0.61775	0.08382	0.01407	0.00990	0.00973	0.00600	0.00759	0.00509	0.00444	0.00528	0.00115	0.16177	0.00285	0.00194	0.00452
7	0.00778	0.02005	0.84367	0.01105	0.01678	0.00900	0.01432	0.01228	0.00818	0.01228	0.00696	0.00818	0.00491	0.00368	0.00368	0.00123	0.00573	0.00286	0.00164	0.00573
8	0.00531	0.00452	0.00577	0.00536	0.00664	0.00425	0.05488	0.00684	0.04039	0.01035	0.02876	0.05451	0.52301	0.06364	0.16575	0.00240	0.00401	0.00698	0.00315	0.00348
9	0.00843	0.00712	0.00825	0.00593	0.00935	0.00557	0.00476	0.05798	0.00864	0.01333	0.00703	0.00811	0.00579	0.00298	0.00293	0.00061	0.00295	0.00237	0.00239	0.83546
10	0.10052	0.44151	0.01419	0.00694	0.00943	0.14331	0.00612	0.01174	0.02851	0.03430	0.03771	0.05087	0.05130	0.00464	0.00350	0.00103	0.04429	0.00324	0.00222	0.00464
11	0.00888	0.04850	0.04937	0.00676	0.00971	0.00734	0.00564	0.01384	0.29438	0.03967	0.01041	0.01111	0.00827	0.04143	0.00403	0.00103	0.00319	0.00323	0.00289	0.43031
12	0.00712	0.03214	0.00659	0.01841	0.00722	0.00511	0.02439	0.05602	0.03397	0.06380	0.23332	0.12926	0.21281	0.03402	0.00490	0.00132	0.02144	0.00653	0.07521	0.02642

[dist]
# distance from previous block
# <min> <max>
0	1

[block]
# block no. 6 follows, 70 sequences, length 9
# corresponding to MSA columns:
# 432-440
name=unknown_G
#
# <colnr> <probs for GDERKNQSTAVLIFYWHMCP>
#	G	D	E	R	K	N	Q	S	T	A	V	L	I	F	Y	W	H	M	C	P
0	0.00722	0.00589	0.00641	0.00591	0.00728	0.03877	0.00456	0.09488	0.08852	0.02621	0.12528	0.08034	0.30934	0.01059	0.11019	0.00191	0.04302	0.00625	0.02331	0.00411
1	0.00579	0.00473	0.00635	0.06410	0.08548	0.00455	0.00538	0.00725	0.00877	0.01118	0.06694	0.10596	0.35161	0.00920	0.00473	0.00145	0.00292	0.24658	0.00334	0.00371
2	0.01142	0.05448	0.11524	0.09628	0.19931	0.12248	0.02680	0.07806	0.03993	0.14581	0.00855	0.00965	0.00640	0.00420	0.00436	0.00119	0.06441	0.00331	0.00254	0.00558
3	0.00626	0.00400	0.00548	0.00549	0.00586	0.00417	0.00395	0.00612	0.02942	0.00843	0.01409	0.11400	0.12968	0.01330	0.07833	0.47533	0.05422	0.03694	0.00235	0.00257
4	0.00558	0.00638	0.13923	0.00576	0.00736	0.00425	0.00511	0.00703	0.00827	0.03387	0.06280	0.34171	0.31440	0.03389	0.00499	0.00146	0.00276	0.00815	0.00331	0.00370
5	0.00974	0.07298	0.04161	0.07259	0.35719	0.05965	0.04730	0.04518	0.00907	0.06383	0.02447	0.06799	0.03846	0.00478	0.00453	0.00122	0.06765	0.00410	0.00234	0.00533
6	0.01210	0.03142	0.10327	0.02580	0.17009	0.08629	0.08591	0.13757	0.05538	0.19641	0.01042	0.02381	0.02227	0.00439	0.00401	0.00119	0.01712	0.00373	0.00298	0.00584
7	0.05271	0.01243	0.02102	0.00908	0.03847	0.39256	0.00691	0.06413	0.04817	0.03655	0.00939	0.01138	0.04509	0.00739	0.09260	0.00168	0.08104	0.02991	0.00242	0.03707
8	0.00926	0.06607	0.05010	0.33378	0.13212	0.04189	0.00903	0.04992	0.06689	0.07522	0.00924	0.01139	0.02668	0.02425	0.05266	0.00156	0.02904	0.00359	0.00232	0.00497

[dist]
# distance from previous block
# <min> <max>
2	11

[block]
# block no. 7 follows, 70 sequences, length 13
# corresponding to MSA columns:
# 452-464
name=unknown_H
#
# <colnr> <probs for GDERKNQSTAVLIFYWHMCP>
#	G	D	E	R	K	N	Q	S	T	A	V	L	I	F	Y	W	H	M	C	P
0	0.00699	0.00528	0.00690	0.00714	0.07341	0.00539	0.00489	0.04916	0.02391	0.05114	0.18729	0.12310	0.15339	0.09964	0.09461	0.00208	0.06722	0.00618	0.00321	0.02906
1	0.00943	0.01192	0.13616	0.04227	0.17033	0.20143	0.12901	0.01195	0.03295	0.01187	0.08947	0.03217	0.04307	0.02494	0.00432	0.00123	0.00506	0.00408	0.01561	0.02273
2	0.00518	0.00431	0.00483	0.00502	0.03330	0.00386	0.00356	0.00687	0.05055	0.01181	0.19323	0.05843	0.58708	0.00908	0.00453	0.00129	0.00209	0.00769	0.00369	0.00358
3	0.00862	0.00484	0.00610	0.00542	0.00689	0.00446	0.00418	0.02454	0.03390	0.21424	0.39829	0.02526	0.11861	0.06899	0.00545	0.00142	0.00248	0.03523	0.02673	0.00435
4	0.00557	0.00405	0.00583	0.00586	0.00641	0.00459	0.00437	0.00662	0.00613	0.00872	0.01086	0.03926	0.01073	0.16063	0.67051	0.03101	0.00891	0.00455	0.00215	0.00323
5	0.01448	0.01848	0.01099	0.00999	0.01199	0.84819	0.00749	0.01548	0.01099	0.00949	0.00599	0.00699	0.00499	0.00400	0.00350	0.00100	0.00699	0.00250	0.00200	0.00449
6	0.00804	0.00689	0.00804	0.00574	0.00919	0.00517	0.00459	0.00976	0.00804	0.01263	0.00689	0.00804	0.00574	0.00287	0.00287	0.00057	0.00287	0.00230	0.00230	0.88745
7	0.01474	0.01086	0.01163	0.00892	0.01202	0.01202	0.00737	0.82664	0.01823	0.02443	0.00931	0.00931	0.00659	0.00465	0.00388	0.00116	0.00427	0.00349	0.00388	0.00659
8	0.00804	0.00689	0.00804	0.00574	0.00919	0.00517	0.00459	0.00976	0.00804	0.01263	0.00689	0.00804	0.00574	0.00287	0.00287	0.00057	0.00287	0.00230	0.00230	0.88745
9	0.00558	0.00384	0.00464	0.00473	0.00502	0.00387	0.00308	0.00609	0.00653	0.00883	0.05908	0.07505	0.05973	0.54740	0.11889	0.00349	0.00424	0.05507	0.02209	0.00276
10	0.00942	0.03440	0.04629	0.04306	0.33491	0.12370	0.08498	0.02408	0.00890	0.01180	0.03318	0.04492	0.02030	0.00532	0.03945	0.00136	0.04825	0.00378	0.00213	0.07977
11	0.01109	0.08870	0.16276	0.02604	0.06546	0.03867	0.03051	0.09344	0.00980	0.17830	0.00866	0.00924	0.00635	0.00382	0.00367	0.00101	0.02386	0.00301	0.00270	0.23291
12	0.00712	0.05484	0.17164	0.05047	0.02086	0.02298	0.02174	0.03162	0.02788	0.04174	0.09532	0.21941	0.13798	0.03200	0.00467	0.00138	0.00349	0.02976	0.02080	0.00427

[dist]
# distance from previous block
# <min> <max>
0	7

[block]
# block no. 8 follows, 70 sequences, length 29
# corresponding to MSA columns:
# 472-500
name=unknown_I
#
# <colnr> <probs for GDERKNQSTAVLIFYWHMCP>
#	G	D	E	R	K	N	Q	S	T	A	V	L	I	F	Y	W	H	M	C	P
0	0.01058	0.15341	0.06364	0.00830	0.03740	0.09737	0.02724	0.12958	0.17439	0.04723	0.01007	0.01123	0.02426	0.06492	0.00462	0.00124	0.00414	0.00342	0.00278	0.12417
1	0.01024	0.05001	0.02638	0.08711	0.17075	0.05366	0.03644	0.11362	0.02461	0.11408	0.03596	0.12978	0.01010	0.00518	0.00395	0.00116	0.01234	0.00448	0.00287	0.10728
2	0.03830	0.13199	0.29796	0.03624	0.11100	0.04062	0.02694	0.10216	0.01795	0.06080	0.00924	0.02000	0.03937	0.04594	0.00438	0.00128	0.00472	0.00342	0.00231	0.00538
3	0.00866	0.16866	0.05047	0.02253	0.00913	0.00750	0.03688	0.05230	0.04469	0.10527	0.12149	0.07506	0.14610	0.04767	0.01474	0.00137	0.01612	0.02863	0.00313	0.03961
4	0.00578	0.00346	0.00487	0.00523	0.00543	0.00338	0.00356	0.00536	0.00628	0.00834	0.01440	0.33947	0.05607	0.01360	0.05685	0.44022	0.00326	0.01943	0.00257	0.00245
5	0.07064	0.03998	0.05939	0.03667	0.13597	0.09158	0.01786	0.22899	0.01102	0.06901	0.02133	0.08347	0.00813	0.00515	0.00481	0.00125	0.10266	0.00394	0.00279	0.00535
6	0.02061	0.04702	0.03627	0.03628	0.22023	0.12940	0.04895	0.05036	0.00905	0.04799	0.01091	0.19762	0.01077	0.01728	0.00473	0.00130	0.05569	0.02138	0.02934	0.00481
7	0.00587	0.00456	0.00515	0.00483	0.00609	0.00425	0.00365	0.07212	0.02643	0.01359	0.34481	0.06232	0.39952	0.02361	0.00479	0.00132	0.00216	0.00734	0.00387	0.00372
8	0.01066	0.69422	0.04019	0.00720	0.01036	0.05511	0.00695	0.05781	0.04211	0.01037	0.00609	0.00688	0.00535	0.00362	0.00301	0.00091	0.02984	0.00233	0.00189	0.00509
9	0.00517	0.00383	0.00489	0.00505	0.00573	0.00370	0.00364	0.00627	0.00821	0.01105	0.22673	0.23471	0.17915	0.10391	0.16043	0.00252	0.00376	0.02461	0.00336	0.00328
10	0.00476	0.00343	0.00449	0.00528	0.00559	0.00319	0.00355	0.00549	0.00760	0.01011	0.05527	0.77204	0.06536	0.02743	0.00519	0.00159	0.00225	0.01062	0.00360	0.00316
11	0.00504	0.00393	0.00457	0.00448	0.00556	0.00347	0.00336	0.00642	0.00978	0.01283	0.40952	0.06626	0.41874	0.00905	0.00461	0.00129	0.00194	0.02180	0.00391	0.00345
12	0.00547	0.00398	0.00517	0.00501	0.00592	0.00368	0.00381	0.00721	0.01058	0.01477	0.70333	0.05758	0.08089	0.00838	0.00464	0.00128	0.00198	0.06854	0.00415	0.00361
13	0.01448	0.01848	0.01099	0.00999	0.01199	0.84819	0.00749	0.01548	0.01099	0.00949	0.00599	0.00699	0.00499	0.00400	0.00350	0.00100	0.00699	0.00250	0.00200	0.00449
14	0.00831	0.01854	0.73808	0.01079	0.01614	0.00888	0.03468	0.04468	0.00878	0.03838	0.03250	0.00907	0.00611	0.00387	0.00375	0.00123	0.00550	0.00309	0.00191	0.00571
15	0.29702	0.00617	0.00598	0.00543	0.00715	0.00670	0.00431	0.04776	0.08661	0.01424	0.08125	0.02099	0.32865	0.00675	0.00435	0.00129	0.06290	0.00518	0.00317	0.00410
16	0.00778	0.02005	0.84367	0.01105	0.01678	0.00900	0.01432	0.01228	0.00818	0.01228	0.00696	0.00818	0.00491	0.00368	0.00368	0.00123	0.00573	0.00286	0.00164	0.00573
17	0.03775	0.00648	0.00855	0.00681	0.00949	0.00582	0.00555	0.05875	0.01094	0.68123	0.01544	0.09799	0.01114	0.00560	0.00399	0.00125	0.00324	0.01930	0.00455	0.00614
18	0.03448	0.00472	0.00602	0.00621	0.02548	0.00456	0.01300	0.04083	0.03344	0.11759	0.02834	0.43733	0.08405	0.08622	0.00595	0.00166	0.00280	0.05981	0.00358	0.00391
19	0.03610	0.20088	0.05613	0.01083	0.01393	0.06265	0.32425	0.04910	0.03413	0.03615	0.00977	0.07040	0.03321	0.00460	0.00406	0.00120	0.02105	0.02427	0.00232	0.00498
20	0.00525	0.00395	0.00461	0.00470	0.00563	0.00358	0.00342	0.02655	0.00926	0.01228	0.25725	0.25450	0.33362	0.00953	0.00457	0.00133	0.00205	0.00828	0.04619	0.00345
21	0.02997	0.00565	0.00712	0.00609	0.00800	0.00532	0.00478	0.06940	0.03440	0.34879	0.17659	0.10964	0.09988	0.02673	0.04806	0.00157	0.00320	0.00569	0.00411	0.00500
22	0.07277	0.01229	0.16344	0.05178	0.20314	0.09077	0.11638	0.08265	0.01019	0.05634	0.02559	0.01211	0.00788	0.00484	0.00460	0.00140	0.03909	0.03625	0.00264	0.00585
23	0.03437	0.07876	0.03551	0.00900	0.04309	0.11785	0.04021	0.20058	0.06183	0.07962	0.06701	0.02970	0.00923	0.01676	0.00513	0.00124	0.11843	0.00376	0.04271	0.00522
24	0.03084	0.05627	0.03140	0.00538	0.00659	0.00476	0.00417	0.00804	0.02479	0.08486	0.13622	0.28063	0.17414	0.10682	0.00616	0.00163	0.00269	0.02742	0.00345	0.00374
25	0.07594	0.02718	0.01920	0.00628	0.00732	0.07684	0.00477	0.03416	0.02869	0.03310	0.01517	0.23705	0.08931	0.12621	0.13176	0.00241	0.06468	0.01338	0.00282	0.00374
26	0.12892	0.06364	0.01912	0.00823	0.05876	0.09090	0.02110	0.14454	0.07768	0.02492	0.04123	0.03525	0.03866	0.02964	0.00438	0.00117	0.04689	0.00358	0.00276	0.15863
27	0.10624	0.08382	0.17754	0.02869	0.05867	0.13290	0.04168	0.09007	0.00967	0.04825	0.07447	0.02906	0.03520	0.03064	0.00421	0.00123	0.01577	0.00363	0.00251	0.02575
28	0.04009	0.18386	0.20041	0.03634	0.05059	0.06729	0.02456	0.12079	0.06292	0.04574	0.03325	0.00921	0.00689	0.00403	0.00365	0.00108	0.02508	0.00305	0.00242	0.07876

[dist]
# distance from previous block
# <min> <max>
6	35

[block]
# block no. 9 follows, 70 sequences, length 7
# corresponding to MSA columns:
# 543-549
name=unknown_J
#
# <colnr> <probs for GDERKNQSTAVLIFYWHMCP>
#	G	D	E	R	K	N	Q	S	T	A	V	L	I	F	Y	W	H	M	C	P
0	0.01261	0.00656	0.03356	0.00644	0.00874	0.00591	0.00534	0.10712	0.03908	0.40638	0.07150	0.07025	0.03763	0.00569	0.00386	0.00119	0.00303	0.02214	0.14748	0.00548
1	0.06645	0.05425	0.11970	0.03423	0.10735	0.07823	0.09719	0.13465	0.09095	0.04395	0.02897	0.03364	0.04399	0.02428	0.00496	0.00153	0.02206	0.00436	0.00317	0.00608
2	0.00856	0.05794	0.18536	0.07737	0.18635	0.02375	0.06208	0.02497	0.04379	0.05488	0.05261	0.07412	0.04002	0.03613	0.04050	0.00153	0.01817	0.00438	0.00242	0.00506
3	0.00552	0.00368	0.00474	0.00522	0.00568	0.00346	0.00354	0.00625	0.00757	0.05025	0.05617	0.57420	0.08350	0.12676	0.04267	0.00201	0.00281	0.00927	0.00345	0.00325
4	0.03092	0.03492	0.01456	0.09151	0.12950	0.02974	0.29314	0.01144	0.04048	0.05239	0.06926	0.03315	0.04072	0.03516	0.01875	0.00142	0.02655	0.01924	0.00246	0.02469
5	0.04456	0.09766	0.11091	0.04930	0.14256	0.02573	0.05897	0.16874	0.09556	0.04296	0.02410	0.05235	0.00823	0.00599	0.05416	0.00149	0.00473	0.00384	0.00269	0.00548
6	0.00898	0.03608	0.05384	0.07566	0.09941	0.04507	0.04976	0.05771	0.05926	0.03411	0.07082	0.18523	0.03866	0.02989	0.03494	0.00171	0.03691	0.05133	0.00315	0.02748

[dist]
# distance from previous block
# <min> <max>
3	9

[block]
# block no. 10 follows, 70 sequences, length 17
# corresponding to MSA columns:
# 559-575
name=unknown_K
#
# <colnr> <probs for GDERKNQSTAVLIFYWHMCP>
#	G	D	E	R	K	N	Q	S	T	A	V	L	I	F	Y	W	H	M	C	P
0	0.18824	0.00953	0.02352	0.04143	0.04754	0.08775	0.05329	0.20085	0.04095	0.16897	0.00901	0.00937	0.00648	0.00407	0.00349	0.00112	0.00411	0.00316	0.00311	0.09402
1	0.02290	0.00755	0.03591	0.00680	0.00891	0.04686	0.00550	0.06708	0.26908	0.18406	0.09559	0.05773	0.10433	0.01790	0.00421	0.00128	0.00313	0.00502	0.05091	0.00526
2	0.00578	0.00409	0.00512	0.00495	0.00594	0.00376	0.00368	0.00755	0.03237	0.04458	0.53857	0.14657	0.16517	0.00864	0.00458	0.00129	0.00200	0.00758	0.00407	0.00370
3	0.00524	0.00401	0.00449	0.00433	0.00555	0.00347	0.00326	0.00652	0.00961	0.03535	0.30568	0.03384	0.54678	0.00905	0.00456	0.00128	0.00196	0.00767	0.00386	0.00349
4	0.00516	0.00419	0.00461	0.00452	0.00575	0.00377	0.00342	0.00695	0.05721	0.01212	0.24130	0.05283	0.54399	0.00915	0.00457	0.00131	0.00204	0.02977	0.00379	0.00354
5	0.00964	0.00833	0.00877	0.00789	0.01008	0.00964	0.00614	0.02060	0.83257	0.01622	0.01578	0.01446	0.01183	0.00526	0.00394	0.00131	0.00307	0.00438	0.00394	0.00614
6	0.00509	0.00362	0.00486	0.00571	0.00607	0.00345	0.00410	0.00596	0.00766	0.01015	0.02078	0.65092	0.02442	0.05044	0.00570	0.00172	0.00260	0.18003	0.00354	0.00320
7	0.89114	0.00750	0.00570	0.00510	0.00750	0.00870	0.00420	0.01140	0.00660	0.01739	0.00540	0.00630	0.00420	0.00360	0.00240	0.00120	0.00300	0.00210	0.00240	0.00420
8	0.17649	0.01126	0.17084	0.00841	0.02529	0.00974	0.00780	0.38651	0.01277	0.05239	0.04934	0.00960	0.00738	0.00432	0.00354	0.00116	0.00408	0.00324	0.00311	0.05274
9	0.00932	0.03526	0.04766	0.07757	0.42289	0.05266	0.06469	0.01153	0.01799	0.04858	0.04081	0.04564	0.01958	0.01461	0.02478	0.00136	0.05351	0.00399	0.00222	0.00536
10	0.84723	0.00747	0.00599	0.04729	0.00845	0.00869	0.00452	0.01132	0.00666	0.01702	0.00547	0.00650	0.00425	0.00361	0.00247	0.00120	0.00311	0.00217	0.00237	0.00420
11	0.01063	0.00679	0.00787	0.04853	0.00931	0.00711	0.00538	0.27294	0.04949	0.12928	0.13004	0.04828	0.05244	0.00607	0.01910	0.00125	0.00321	0.00463	0.18254	0.00509
12	0.00513	0.00386	0.00462	0.00484	0.00566	0.00353	0.00351	0.00644	0.02432	0.01177	0.23950	0.28763	0.28099	0.03877	0.00518	0.00146	0.00216	0.04244	0.02482	0.00338
13	0.00619	0.00433	0.00571	0.00554	0.00617	0.00469	0.00400	0.03910	0.00681	0.02959	0.02770	0.01958	0.04371	0.31627	0.45813	0.00476	0.00718	0.00485	0.00241	0.00327
14	0.01050	0.00740	0.00859	0.00792	0.05776	0.03985	0.02271	0.18349	0.14421	0.12647	0.10148	0.06901	0.04035	0.00667	0.04011	0.00141	0.00359	0.00473	0.11853	0.00522
15	0.05627	0.01094	0.07413	0.00823	0.01107	0.09625	0.00702	0.41865	0.10078	0.04676	0.01139	0.01185	0.05905	0.03810	0.00439	0.00126	0.00423	0.00372	0.00335	0.03256
16	0.05382	0.04819	0.03932	0.04072	0.35107	0.06667	0.01737	0.02333	0.03362	0.03888	0.00966	0.02733	0.03958	0.00631	0.06318	0.00155	0.05769	0.03789	0.00228	0.04154

[dist]
# distance from previous block
# <min> <max>
0	16

[block]
# block no. 11 follows, 70 sequences, length 10
# corresponding to MSA columns:
# 592-601
name=unknown_L
#
# <colnr> <probs for GDERKNQSTAVLIFYWHMCP>
#	G	D	E	R	K	N	Q	S	T	A	V	L	I	F	Y	W	H	M	C	P
0	0.04455	0.11090	0.29216	0.02536	0.13749	0.07318	0.02434	0.04381	0.09747	0.02621	0.02097	0.02912	0.02325	0.00422	0.00359	0.00116	0.00468	0.00340	0.01641	0.01772
1	0.06012	0.00621	0.00727	0.01872	0.00833	0.03289	0.02411	0.06650	0.03801	0.13174	0.26521	0.04605	0.11519	0.00714	0.03751	0.00135	0.00315	0.00522	0.00358	0.12170
2	0.19225	0.00842	0.05176	0.03068	0.09601	0.00831	0.14163	0.07792	0.09165	0.05759	0.02258	0.04691	0.06235	0.03676	0.02979	0.00151	0.03196	0.00421	0.00274	0.00496
3	0.00606	0.00469	0.00628	0.00600	0.00628	0.00552	0.00435	0.00675	0.00592	0.00841	0.01032	0.01856	0.01087	0.39052	0.34932	0.00441	0.14584	0.00468	0.00213	0.00310
4	0.00678	0.00565	0.04825	0.00662	0.02072	0.00494	0.04910	0.00915	0.07700	0.06477	0.24570	0.16212	0.12890	0.05466	0.03190	0.00164	0.00311	0.07135	0.00356	0.00406
5	0.03602	0.03063	0.08121	0.01012	0.14688	0.06937	0.03538	0.06984	0.00926	0.05577	0.00781	0.02996	0.00638	0.00362	0.00336	0.00091	0.00397	0.00300	0.00241	0.39411
6	0.01589	0.00804	0.00982	0.00750	0.01056	0.00778	0.00618	0.28837	0.01328	0.51458	0.01274	0.01156	0.00834	0.00462	0.00382	0.00115	0.00359	0.00366	0.00433	0.06418
7	0.00831	0.00747	0.07463	0.05239	0.06574	0.04214	0.02232	0.08984	0.03360	0.06177	0.14485	0.06656	0.10183	0.06307	0.03038	0.00156	0.01496	0.03973	0.07439	0.00446
8	0.00995	0.00998	0.07868	0.05533	0.43704	0.00946	0.08761	0.09684	0.02528	0.04031	0.00774	0.00963	0.00615	0.00391	0.00456	0.00120	0.07079	0.00350	0.00223	0.03981
9	0.07587	0.05522	0.00642	0.00535	0.00664	0.04187	0.00411	0.00862	0.00983	0.06797	0.46638	0.13334	0.08858	0.00764	0.00424	0.00124	0.00244	0.00655	0.00377	0.00391

[dist]
# distance from previous block
# <min> <max>
0	2

[block]
# block no. 12 follows, 70 sequences, length 25
# corresponding to MSA columns:
# 604-628
name=unknown_M
#
# <colnr> <probs for GDERKNQSTAVLIFYWHMCP>
#	G	D	E	R	K	N	Q	S	T	A	V	L	I	F	Y	W	H	M	C	P
0	0.02442	0.18550	0.12415	0.00968	0.11741	0.03551	0.02639	0.10166	0.04569	0.09273	0.08388	0.01261	0.06487	0.00460	0.00360	0.00109	0.00400	0.00372	0.00276	0.05571
1	0.01046	0.03706	0.04242	0.03797	0.31827	0.15329	0.06753	0.07272	0.06319	0.01280	0.00756	0.00916	0.00612	0.00390	0.00424	0.00112	0.05601	0.00326	0.00221	0.09072
2	0.00568	0.00437	0.00536	0.00483	0.00617	0.00380	0.00366	0.00735	0.01019	0.01425	0.58075	0.02751	0.17348	0.00755	0.00434	0.00114	0.00200	0.00656	0.00387	0.12715
3	0.00528	0.00406	0.00500	0.00497	0.02367	0.00365	0.00360	0.00684	0.01022	0.01382	0.55712	0.03128	0.29938	0.00845	0.00456	0.00125	0.00193	0.00732	0.00400	0.00359
4	0.01036	0.86609	0.02032	0.00663	0.00995	0.01534	0.00663	0.01161	0.00788	0.00912	0.00539	0.00622	0.00498	0.00332	0.00249	0.00083	0.00415	0.00207	0.00166	0.00498
5	0.01036	0.00868	0.00917	0.00803	0.01035	0.00998	0.00631	0.13399	0.71801	0.01737	0.01487	0.01374	0.01110	0.00517	0.00394	0.00129	0.00324	0.00426	0.00394	0.00620
6	0.00964	0.00833	0.00877	0.00789	0.01008	0.00964	0.00614	0.02060	0.83257	0.01622	0.01578	0.01446	0.01183	0.00526	0.00394	0.00131	0.00307	0.00438	0.00394	0.00614
7	0.75787	0.00736	0.00620	0.00537	0.00786	0.00824	0.00443	0.01254	0.00728	0.14321	0.00691	0.00735	0.00502	0.00378	0.00263	0.00120	0.00304	0.00237	0.00277	0.00456
