[name]
unknown

[dist]
# distance from previous block
# <min> <max>
0	9

[block]
# block no. 0 follows, 58 sequences, length 8
# corresponding to MSA columns:
# 87-94
name=unknown_A
#
# <colnr> <probs for GDERKNQSTAVLIFYWHMCP>
#	G	D	E	R	K	N	Q	S	T	A	V	L	I	F	Y	W	H	M	C	P
0	0.00714	0.00494	0.00630	0.00668	0.00758	0.00480	0.00494	0.02770	0.05826	0.04996	0.13587	0.43780	0.06608	0.03443	0.00601	0.00180	0.00296	0.12817	0.00431	0.00426
1	0.02944	0.16206	0.11055	0.01110	0.04613	0.19930	0.08587	0.05626	0.01105	0.09832	0.02345	0.07007	0.00910	0.02279	0.00488	0.00136	0.03041	0.00424	0.00282	0.02081
2	0.04867	0.12731	0.04679	0.03293	0.01531	0.03247	0.22840	0.07538	0.09345	0.10861	0.01205	0.02752	0.03988	0.02253	0.00559	0.00148	0.06790	0.00459	0.00310	0.00604
3	0.00628	0.00446	0.00576	0.04111	0.00702	0.00458	0.00405	0.00700	0.00765	0.01038	0.06694	0.24235	0.02022	0.40772	0.14130	0.00380	0.00499	0.00788	0.00315	0.00335
4	0.00579	0.00413	0.00507	0.00561	0.00597	0.00389	0.00365	0.00645	0.00834	0.01101	0.06502	0.47161	0.10968	0.26005	0.01072	0.00251	0.00305	0.01028	0.00376	0.00340
5	0.14273	0.05907	0.03181	0.06633	0.06226	0.10264	0.14129	0.11132	0.04491	0.07109	0.03193	0.03716	0.00920	0.01840	0.00490	0.00145	0.03008	0.02454	0.00306	0.00583
6	0.06113	0.14055	0.17810	0.04477	0.05730	0.02932	0.23367	0.10115	0.01101	0.04666	0.00890	0.02771	0.00697	0.00453	0.00462	0.00138	0.02942	0.00407	0.00256	0.00618
7	0.00570	0.00430	0.00521	0.00549	0.00634	0.00387	0.00389	0.00693	0.01015	0.01338	0.25629	0.33606	0.26829	0.04555	0.00615	0.00171	0.00243	0.01015	0.00432	0.00381

[dist]
# distance from previous block
# <min> <max>
2	15

[block]
# block no. 1 follows, 58 sequences, length 11
# corresponding to MSA columns:
# 110-120
name=unknown_B
#
# <colnr> <probs for GDERKNQSTAVLIFYWHMCP>
#	G	D	E	R	K	N	Q	S	T	A	V	L	I	F	Y	W	H	M	C	P
0	0.37047	0.05779	0.03256	0.02940	0.08382	0.05285	0.08439	0.04842	0.06700	0.01705	0.02724	0.03307	0.00813	0.00499	0.00421	0.00141	0.03858	0.01899	0.00284	0.01680
1	0.00919	0.13799	0.01037	0.00843	0.03995	0.15825	0.00612	0.02436	0.00942	0.01136	0.01560	0.37855	0.01745	0.05840	0.07551	0.00213	0.02172	0.00761	0.00312	0.00445
2	0.01081	0.02327	0.04554	0.00848	0.04931	0.00760	0.00648	0.14809	0.03647	0.12777	0.09580	0.10485	0.04437	0.10283	0.09120	0.00234	0.02661	0.00593	0.05685	0.00539
3	0.09227	0.07516	0.16599	0.05296	0.06828	0.16529	0.00967	0.10759	0.07369	0.05401	0.01025	0.01124	0.02841	0.00588	0.03528	0.00153	0.00577	0.00364	0.00287	0.03024
4	0.00784	0.00563	0.00727	0.00686	0.00802	0.03422	0.05666	0.00932	0.00998	0.06579	0.16384	0.32700	0.08185	0.04463	0.00591	0.00164	0.01738	0.00858	0.13330	0.00428
5	0.00567	0.00404	0.00518	0.00601	0.00632	0.00381	0.00401	0.00640	0.00841	0.01111	0.02414	0.64283	0.07026	0.14001	0.00830	0.00219	0.00290	0.04096	0.00393	0.00352
6	0.01394	0.08864	0.03660	0.04684	0.01351	0.12491	0.00820	0.35879	0.15213	0.02008	0.01220	0.04746	0.02378	0.00565	0.00431	0.00134	0.00498	0.00435	0.02577	0.00653
7	0.00639	0.00479	0.00578	0.00573	0.00700	0.00420	0.00422	0.00777	0.01019	0.02898	0.21570	0.26027	0.25401	0.03360	0.00572	0.00159	0.00260	0.04753	0.00417	0.08975
8	0.01404	0.26055	0.01605	0.01024	0.01296	0.39397	0.03849	0.08012	0.01169	0.01242	0.00860	0.03427	0.02814	0.00507	0.00450	0.00120	0.05632	0.00346	0.00245	0.00548
9	0.00709	0.00583	0.00654	0.00625	0.00768	0.03873	0.00442	0.00819	0.00897	0.01223	0.05200	0.39804	0.07755	0.10830	0.00697	0.00174	0.00318	0.00847	0.00354	0.23430
10	0.01138	0.05216	0.13590	0.03163	0.07923	0.08157	0.15461	0.11236	0.10401	0.04049	0.03221	0.07303	0.01082	0.01984	0.01766	0.00157	0.00562	0.02672	0.00309	0.00610

[dist]
# distance from previous block
# <min> <max>
1	5

[block]
# block no. 2 follows, 58 sequences, length 11
# corresponding to MSA columns:
# 126-136
name=unknown_C
#
# <colnr> <probs for GDERKNQSTAVLIFYWHMCP>
#	G	D	E	R	K	N	Q	S	T	A	V	L	I	F	Y	W	H	M	C	P
0	0.02958	0.03260	0.03780	0.06618	0.03943	0.03627	0.12776	0.06362	0.03454	0.05493	0.03352	0.02509	0.00902	0.01581	0.02596	0.00136	0.02720	0.02058	0.00290	0.31585
1	0.00893	0.03247	0.04386	0.12211	0.03088	0.06045	0.08475	0.01086	0.02206	0.04456	0.05198	0.15979	0.01436	0.06627	0.09904	0.03359	0.06899	0.03746	0.00291	0.00469
2	0.00579	0.00463	0.00516	0.00513	0.00639	0.00411	0.00378	0.00746	0.03404	0.01371	0.24898	0.11375	0.48699	0.03292	0.00577	0.00159	0.00235	0.00917	0.00434	0.00395
3	0.03878	0.00689	0.00893	0.04659	0.01075	0.00633	0.00600	0.05558	0.01211	0.38823	0.18036	0.09205	0.04325	0.00693	0.00464	0.00137	0.00341	0.00586	0.00470	0.07723
4	0.01251	0.01080	0.08682	0.08404	0.11724	0.04674	0.06388	0.12889	0.07337	0.15535	0.07089	0.01715	0.03055	0.00582	0.00467	0.00143	0.00490	0.06004	0.00364	0.02128
5	0.00559	0.00409	0.00521	0.00598	0.00648	0.00378	0.00411	0.00652	0.00902	0.01187	0.07358	0.61476	0.14060	0.04687	0.00633	0.00186	0.00265	0.04286	0.00414	0.00367
6	0.01131	0.01309	0.02161	0.01614	0.01982	0.17027	0.55708	0.01433	0.01061	0.01323	0.00895	0.01188	0.00707	0.00719	0.09455	0.00206	0.00813	0.00476	0.00229	0.00564
7	0.03849	0.01420	0.03891	0.02706	0.14185	0.29619	0.10864	0.08277	0.04691	0.05265	0.05328	0.04040	0.00966	0.00510	0.00442	0.00131	0.00606	0.00427	0.00293	0.02491
8	0.02735	0.12493	0.21991	0.00971	0.01320	0.04257	0.07264	0.07795	0.01064	0.06902	0.03854	0.12169	0.07872	0.02190	0.03802	0.00169	0.01740	0.00545	0.00303	0.00561
9	0.10681	0.00597	0.00655	0.00647	0.00788	0.02753	0.00472	0.04667	0.00973	0.05638	0.04426	0.46222	0.09916	0.01040	0.00493	0.00156	0.00304	0.00906	0.00392	0.08276
10	0.01033	0.01016	0.01544	0.08217	0.01621	0.08940	0.28678	0.07186	0.02920	0.02792	0.04184	0.04907	0.06882	0.06190	0.04582	0.00193	0.05113	0.00547	0.02928	0.00527

[dist]
# distance from previous block
# <min> <max>
10	29

[block]
# block no. 3 follows, 58 sequences, length 47
# corresponding to MSA columns:
# 171-195,197-218
name=unknown_D
#
# <colnr> <probs for GDERKNQSTAVLIFYWHMCP>
#	G	D	E	R	K	N	Q	S	T	A	V	L	I	F	Y	W	H	M	C	P
0	0.15746	0.15518	0.05481	0.04530	0.09141	0.22049	0.03428	0.01509	0.02309	0.08330	0.03413	0.01148	0.00821	0.00479	0.00388	0.00127	0.00546	0.03046	0.00274	0.01717
1	0.35314	0.13142	0.01138	0.05044	0.03163	0.23931	0.00689	0.02275	0.00974	0.01499	0.00902	0.01007	0.05399	0.00466	0.00346	0.00124	0.00506	0.00311	0.00256	0.03514
2	0.06751	0.22467	0.14050	0.12342	0.09589	0.11338	0.01011	0.08799	0.01075	0.02712	0.00852	0.04773	0.00721	0.00476	0.00391	0.00127	0.00549	0.00364	0.00247	0.01365
3	0.03544	0.03371	0.00677	0.00611	0.00659	0.00505	0.00430	0.04321	0.00706	0.00964	0.01033	0.05514	0.04237	0.01459	0.03876	0.66744	0.00406	0.00449	0.00230	0.00265
4	0.05731	0.04982	0.00996	0.00799	0.01058	0.03305	0.00634	0.03108	0.29268	0.07346	0.01500	0.11191	0.02597	0.00639	0.00469	0.00133	0.03828	0.02249	0.00373	0.19792
5	0.09643	0.00890	0.01168	0.34191	0.01938	0.03345	0.00906	0.11702	0.01172	0.27093	0.01120	0.01220	0.00770	0.00487	0.00428	0.00140	0.00491	0.00394	0.00354	0.02547
6	0.00645	0.00435	0.00510	0.00527	0.00538	0.00434	0.00320	0.00668	0.00698	0.00929	0.01578	0.11207	0.01819	0.69318	0.02955	0.00396	0.00424	0.06013	0.00295	0.00291
7	0.01408	0.04932	0.22872	0.01241	0.04322	0.52400	0.02854	0.01657	0.02084	0.01209	0.00742	0.00870	0.00590	0.00446	0.00410	0.00123	0.00741	0.00309	0.00220	0.00569
8	0.00985	0.01160	0.13166	0.03410	0.01316	0.11513	0.08525	0.08658	0.07207	0.01497	0.06463	0.06099	0.16141	0.00745	0.00489	0.00149	0.00489	0.09473	0.00340	0.02175
9	0.00652	0.00449	0.00585	0.00635	0.00699	0.00430	0.00460	0.00783	0.01963	0.03425	0.15436	0.39452	0.04568	0.12608	0.02278	0.00221	0.00322	0.14239	0.00409	0.00385
10	0.00605	0.00448	0.00549	0.00548	0.00655	0.00406	0.00409	0.00772	0.01126	0.01532	0.44814	0.14479	0.23752	0.01036	0.00530	0.00150	0.00230	0.04103	0.03454	0.00402
11	0.00844	0.00730	0.06723	0.00849	0.05309	0.00628	0.03276	0.03424	0.07947	0.07265	0.25118	0.21502	0.09215	0.00890	0.00521	0.00152	0.01659	0.00782	0.02665	0.00503
12	0.02899	0.01223	0.01310	0.01060	0.03971	0.04331	0.00842	0.64456	0.04059	0.09626	0.01127	0.01116	0.00795	0.00531	0.00444	0.00134	0.00490	0.00403	0.00439	0.00745
13	0.00640	0.00455	0.00604	0.00609	0.00650	0.00493	0.00421	0.00723	0.00693	0.00964	0.01348	0.05726	0.01429	0.40479	0.42202	0.00565	0.00808	0.00591	0.00261	0.00339
14	0.00553	0.00406	0.00519	0.00595	0.00648	0.00373	0.00409	0.00650	0.00920	0.01213	0.09917	0.64084	0.14435	0.01316	0.00561	0.00174	0.00252	0.02181	0.00422	0.00371
15	0.02316	0.01014	0.01501	0.17007	0.26164	0.08643	0.12673	0.01273	0.03496	0.01347	0.04735	0.04197	0.09337	0.00563	0.00507	0.00144	0.03744	0.00510	0.00264	0.00565
16	0.00624	0.00432	0.00563	0.00597	0.00636	0.00447	0.00407	0.00710	0.00756	0.01057	0.01695	0.29051	0.01881	0.27760	0.25732	0.00417	0.00593	0.00788	0.05505	0.00349
17	0.02271	0.00560	0.00636	0.00573	0.00727	0.00556	0.00442	0.10352	0.01202	0.07474	0.26890	0.04779	0.05464	0.00701	0.00423	0.00127	0.00259	0.00588	0.35495	0.00481
18	0.01040	0.01054	0.02498	0.52308	0.12425	0.12623	0.05373	0.01308	0.00984	0.03741	0.00846	0.02314	0.00661	0.00456	0.00446	0.00142	0.00616	0.00402	0.00222	0.00541
19	0.01200	0.52553	0.08117	0.01006	0.01393	0.08619	0.12124	0.05254	0.01021	0.01228	0.00762	0.03458	0.00673	0.00432	0.00359	0.00113	0.00554	0.00332	0.00219	0.00582
20	0.00612	0.00436	0.00552	0.00568	0.00632	0.00410	0.00396	0.00738	0.01007	0.01380	0.36767	0.25037	0.06884	0.18482	0.00908	0.00216	0.00279	0.03904	0.00419	0.00372
21	0.01491	0.32782	0.03419	0.00996	0.01297	0.47224	0.00836	0.01628	0.01127	0.04453	0.00713	0.00806	0.00597	0.00435	0.00362	0.00109	0.00663	0.00278	0.00228	0.00552
22	0.00957	0.00812	0.00943	0.00676	0.01072	0.00626	0.00542	0.04099	0.00972	0.01509	0.00806	0.00933	0.00666	0.00339	0.00336	0.00069	0.00337	0.00270	0.00272	0.83763
23	0.00831	0.00491	0.00689	0.02493	0.00749	0.00520	0.00478	0.07862	0.00761	0.01027	0.00937	0.04509	0.00909	0.01724	0.14703	0.59823	0.00530	0.00438	0.00233	0.00292
24	0.01604	0.07664	0.01379	0.00989	0.01332	0.01366	0.00822	0.69988	0.01949	0.02600	0.01108	0.05136	0.00855	0.00568	0.00441	0.00134	0.00480	0.00433	0.00426	0.00727
25	0.00807	0.00629	0.03766	0.00761	0.04187	0.00564	0.00561	0.04795	0.07627	0.07540	0.12211	0.35485	0.15485	0.01043	0.00524	0.00161	0.00306	0.02648	0.00423	0.00477
26	0.00761	0.00490	0.00677	0.04479	0.00827	0.00489	0.01570	0.05757	0.00876	0.03662	0.03039	0.40357	0.04070	0.01321	0.02014	0.27729	0.00352	0.00833	0.00338	0.00359
27	0.01197	0.07780	0.35483	0.03576	0.07420	0.10741	0.10476	0.04980	0.02347	0.09725	0.00916	0.01038	0.00670	0.00444	0.00440	0.00136	0.01366	0.00367	0.00254	0.00644
28	0.01661	0.01268	0.01312	0.01022	0.01366	0.04925	0.00838	0.71985	0.05691	0.02685	0.01097	0.01097	0.00785	0.00537	0.00444	0.00134	0.00496	0.00403	0.01511	0.00743
29	0.00910	0.00664	0.00756	0.00671	0.00810	0.00701	0.00502	0.19273	0.01156	0.02609	0.08793	0.06543	0.17418	0.22255	0.05633	0.00252	0.04904	0.00656	0.05038	0.00457
30	0.01159	0.74117	0.02192	0.00848	0.05079	0.01640	0.00766	0.01304	0.00904	0.01077	0.00673	0.00841	0.00630	0.04076	0.00384	0.00111	0.00474	0.00266	0.00199	0.03261
31	0.00602	0.00436	0.00565	0.00641	0.00690	0.00420	0.00442	0.04131	0.00913	0.01216	0.02427	0.71986	0.06058	0.01446	0.04605	0.00205	0.00317	0.02107	0.00408	0.00384
32	0.00597	0.00459	0.00570	0.00588	0.00693	0.00437	0.00449	0.00739	0.00975	0.01272	0.16262	0.12470	0.31991	0.04284	0.16356	0.00278	0.00444	0.10359	0.00389	0.00388
33	0.03300	0.00683	0.06910	0.00634	0.00784	0.00584	0.00504	0.05188	0.06317	0.03106	0.08476	0.09626	0.19148	0.29137	0.02473	0.00256	0.00380	0.01716	0.00356	0.00421
34	0.04219	0.10138	0.11064	0.03210	0.19191	0.11716	0.05435	0.06087	0.14000	0.07171	0.01034	0.01135	0.00795	0.00527	0.02254	0.00146	0.00558	0.00384	0.00292	0.00645
35	0.00661	0.00482	0.00642	0.00640	0.00705	0.00523	0.00464	0.00822	0.03804	0.01150	0.11682	0.09680	0.01811	0.22565	0.38385	0.00481	0.02049	0.00634	0.02440	0.00381
36	0.00702	0.00478	0.00632	0.00630	0.00704	0.00498	0.00452	0.02218	0.00813	0.04822	0.04667	0.15339	0.06739	0.23591	0.35161	0.00465	0.00702	0.00689	0.00315	0.00383
37	0.01339	0.04621	0.10194	0.01337	0.04028	0.23575	0.22635	0.08971	0.11119	0.06298	0.01004	0.01112	0.00754	0.00460	0.00450	0.00135	0.00646	0.00407	0.00291	0.00625
38	0.02515	0.44463	0.04741	0.00847	0.01191	0.14372	0.00775	0.07826	0.01111	0.11711	0.00876	0.00932	0.00692	0.00440	0.00346	0.00110	0.00508	0.00302	0.05643	0.00597
39	0.00598	0.00503	0.03263	0.00688	0.00761	0.00442	0.02644	0.00757	0.04572	0.01206	0.03862	0.72377	0.04037	0.01291	0.00558	0.00177	0.00289	0.01171	0.00406	0.00397
40	0.05783	0.01106	0.01237	0.00993	0.01292	0.09516	0.09817	0.28151	0.12928	0.09435	0.02389	0.02887	0.07698	0.00584	0.00449	0.00138	0.00476	0.00482	0.04000	0.00639
41	0.01073	0.01110	0.00918	0.00883	0.03391	0.26594	0.00647	0.04303	0.13750	0.01480	0.20601	0.08886	0.11548	0.00765	0.00477	0.00140	0.00452	0.02097	0.00377	0.00508
42	0.01375	0.00624	0.00767	0.00648	0.00864	0.00585	0.00509	0.06875	0.01147	0.36977	0.01657	0.09170	0.01293	0.04748	0.00503	0.00145	0.00320	0.00520	0.30695	0.00580
43	0.00607	0.00422	0.00521	0.00563	0.00587	0.00413	0.00361	0.00660	0.00773	0.01034	0.04434	0.35016	0.04062	0.40753	0.05419	0.00326	0.00390	0.02993	0.00341	0.00325
44	0.03451	0.01091	0.03307	0.00862	0.01052	0.21796	0.00671	0.10743	0.08263	0.05195	0.04206	0.27631	0.04457	0.00857	0.00484	0.00151	0.00461	0.04432	0.00373	0.00517
45	0.01560	0.05335	0.01357	0.01170	0.04353	0.58222	0.02811	0.10729	0.01303	0.01336	0.00748	0.00865	0.00610	0.00460	0.00424	0.00117	0.02280	0.00310	0.00255	0.05754
46	0.01191	0.24451	0.06197	0.03769	0.14695	0.07719	0.03828	0.07791	0.03199	0.06091	0.01040	0.04784	0.02964	0.00542	0.01950	0.00131	0.00514	0.00395	0.00274	0.08477

[dist]
# distance from previous block
# <min> <max>
1	8

[block]
# block no. 4 follows, 58 sequences, length 28
# corresponding to MSA columns:
# 227-254
name=unknown_E
#
# <colnr> <probs for GDERKNQSTAVLIFYWHMCP>
#	G	D	E	R	K	N	Q	S	T	A	V	L	I	F	Y	W	H	M	C	P
0	0.33397	0.00825	0.02836	0.00662	0.00884	0.05719	0.00537	0.05897	0.02110	0.05598	0.08459	0.07784	0.14935	0.00801	0.03601	0.00165	0.00384	0.01694	0.03225	0.00485
1	0.03660	0.16474	0.12351	0.01130	0.11453	0.07882	0.02474	0.02961	0.03080	0.05416	0.07942	0.01309	0.01050	0.02297	0.09849	0.02183	0.04191	0.00398	0.00268	0.03630
2	0.03124	0.00906	0.02722	0.01101	0.10838	0.07869	0.07017	0.08186	0.03065	0.04017	0.04120	0.15059	0.04664	0.00983	0.09267	0.00202	0.02846	0.02144	0.04834	0.07034
3	0.00658	0.00450	0.00576	0.00639	0.00701	0.00427	0.00444	0.04247	0.00936	0.04194	0.02465	0.68038	0.07324	0.03690	0.00609	0.00184	0.00282	0.03324	0.00418	0.00395
4	0.00886	0.00692	0.00836	0.00776	0.02741	0.00721	0.02824	0.11979	0.17156	0.01722	0.23095	0.12287	0.10960	0.04166	0.03325	0.00178	0.00350	0.00712	0.04076	0.00519
5	0.08260	0.05484	0.03714	0.04146	0.03427	0.01877	0.05397	0.04085	0.06559	0.01430	0.01104	0.05909	0.03005	0.01934	0.11128	0.01494	0.03703	0.00425	0.00279	0.26640
6	0.00667	0.00525	0.00622	0.00663	0.00749	0.01733	0.00471	0.00960	0.14062	0.01330	0.10590	0.51947	0.08479	0.01258	0.03564	0.00189	0.00310	0.01030	0.00421	0.00431
7	0.00694	0.00479	0.00629	0.00617	0.00693	0.00467	0.02080	0.00830	0.02478	0.04267	0.22822	0.17866	0.04851	0.27082	0.08160	0.00293	0.00405	0.04529	0.00378	0.00383
8	0.03228	0.00939	0.09715	0.06807	0.13937	0.00800	0.13746	0.01228	0.04474	0.06373	0.10171	0.07149	0.09501	0.03095	0.03902	0.00178	0.00497	0.01662	0.02050	0.00548
9	0.01136	0.17631	0.25008	0.06610	0.06581	0.07491	0.04322	0.10354	0.04424	0.02769	0.00925	0.05013	0.00766	0.00505	0.00465	0.00135	0.04602	0.00392	0.00255	0.00615
10	0.01060	0.00969	0.07163	0.00907	0.01151	0.02349	0.02607	0.18263	0.23749	0.01794	0.08039	0.06638	0.03851	0.00880	0.03747	0.03508	0.01865	0.10479	0.00395	0.00585
11	0.00965	0.00743	0.00829	0.00769	0.00967	0.00802	0.00596	0.01706	0.43387	0.06864	0.11212	0.07881	0.12294	0.02709	0.00533	0.00162	0.00323	0.06226	0.00451	0.00582
12	0.08978	0.08216	0.28370	0.07844	0.10164	0.08722	0.02586	0.03461	0.02369	0.06248	0.01106	0.01250	0.05914	0.02382	0.00455	0.00142	0.00554	0.00387	0.00256	0.00597
13	0.00691	0.00543	0.01927	0.00742	0.03838	0.00544	0.02167	0.02145	0.02312	0.01131	0.05445	0.15191	0.07456	0.22347	0.23637	0.04757	0.01935	0.02499	0.00306	0.00385
14	0.00702	0.00472	0.00580	0.00571	0.00698	0.00422	0.00430	0.00854	0.01101	0.08057	0.31190	0.17647	0.29067	0.01060	0.00534	0.00155	0.00250	0.05331	0.00454	0.00425
15	0.00623	0.00503	0.00597	0.00611	0.02091	0.00478	0.00451	0.00810	0.04310	0.01372	0.22526	0.12690	0.38717	0.02967	0.00611	0.00164	0.03493	0.06156	0.00420	0.00410
16	0.04351	0.00855	0.01032	0.04087	0.03950	0.02346	0.02695	0.04421	0.03126	0.05763	0.01957	0.01048	0.00756	0.00444	0.02089	0.00101	0.00396	0.00315	0.00290	0.59978
17	0.03920	0.00450	0.00576	0.02661	0.00761	0.00436	0.00484	0.00726	0.00908	0.01227	0.04082	0.52187	0.11428	0.02757	0.00590	0.00184	0.00298	0.15541	0.00403	0.00381
18	0.02786	0.00763	0.00952	0.00774	0.01052	0.00727	0.00626	0.14407	0.03189	0.45368	0.07719	0.07811	0.03287	0.00670	0.00460	0.00142	0.00363	0.02719	0.05521	0.00663
19	0.02719	0.00860	0.01240	0.12466	0.26491	0.02730	0.04069	0.02278	0.10794	0.04965	0.06525	0.01903	0.13455	0.03812	0.00548	0.00153	0.01883	0.00533	0.02001	0.00575
20	0.00964	0.01040	0.08568	0.18861	0.24557	0.00966	0.15352	0.04420	0.04286	0.01396	0.01106	0.11216	0.01002	0.03637	0.00541	0.00158	0.00551	0.00535	0.00259	0.00585
21	0.00627	0.00428	0.00546	0.00588	0.00658	0.00398	0.00411	0.00742	0.00954	0.03990	0.17280	0.47294	0.11914	0.05008	0.03764	0.00198	0.00293	0.01031	0.03486	0.00389
22	0.01217	0.80856	0.02296	0.00783	0.01159	0.05386	0.00770	0.01359	0.00925	0.01054	0.00625	0.00722	0.00574	0.00386	0.00292	0.00097	0.00493	0.00241	0.00193	0.00572
23	0.03632	0.01043	0.07405	0.11948	0.04508	0.08655	0.00828	0.16959	0.03027	0.08637	0.05879	0.06327	0.05351	0.06032	0.04999	0.00192	0.01527	0.02146	0.00342	0.00561
24	0.01128	0.01317	0.11474	0.01423	0.15845	0.17525	0.12534	0.03631	0.01078	0.04225	0.09546	0.04194	0.01178	0.06020	0.00655	0.00160	0.06750	0.00478	0.00275	0.00565
25	0.02750	0.03481	0.00872	0.02848	0.03069	0.04027	0.00632	0.03844	0.03710	0.01227	0.01591	0.30889	0.01717	0.03130	0.20095	0.00305	0.10058	0.04994	0.00320	0.00443
26	0.03990	0.00877	0.04491	0.09209	0.05027	0.12676	0.00746	0.01107	0.00977	0.05076	0.03968	0.18684	0.02651	0.02705	0.09806	0.00228	0.00548	0.14708	0.02058	0.00467
27	0.04051	0.03142	0.05946	0.02239	0.04587	0.00815	0.03668	0.11140	0.03180	0.08223	0.05650	0.16368	0.11058	0.01047	0.07969	0.00206	0.06940	0.02884	0.00359	0.00530

[dist]
# distance from previous block
# <min> <max>
1	16

[block]
# block no. 5 follows, 58 sequences, length 26
# corresponding to MSA columns:
# 271-296
name=unknown_F
#
# <colnr> <probs for GDERKNQSTAVLIFYWHMCP>
#	G	D	E	R	K	N	Q	S	T	A	V	L	I	F	Y	W	H	M	C	P
0	0.08308	0.02500	0.06533	0.01006	0.05730	0.07771	0.00789	0.04843	0.39956	0.01678	0.03716	0.01553	0.01186	0.01915	0.06926	0.00194	0.01827	0.02584	0.00362	0.00620
1	0.01095	0.02347	0.04199	0.21272	0.17024	0.16549	0.04467	0.04161	0.04210	0.01381	0.03692	0.01349	0.00903	0.00578	0.02767	0.00152	0.01654	0.02683	0.08961	0.00555
2	0.06945	0.09051	0.07143	0.12635	0.24913	0.06926	0.06835	0.05768	0.01028	0.02431	0.00930	0.04118	0.00800	0.00679	0.06145	0.00177	0.00598	0.02041	0.00247	0.00591
3	0.00953	0.00852	0.01000	0.03280	0.05943	0.10362	0.02034	0.03149	0.02344	0.03865	0.01106	0.01797	0.01074	0.20658	0.21226	0.00360	0.16028	0.03254	0.00262	0.00453
4	0.00927	0.00865	0.01394	0.01101	0.05205	0.00749	0.23860	0.01192	0.02644	0.01438	0.01164	0.07631	0.04004	0.00479	0.00422	0.00111	0.00449	0.00467	0.05462	0.40435
5	0.00767	0.00653	0.00982	0.46058	0.01957	0.00766	0.00835	0.00991	0.03972	0.01084	0.01242	0.04794	0.04164	0.27542	0.02219	0.00250	0.00517	0.00536	0.00249	0.00422
6	0.00680	0.00533	0.00622	0.00681	0.00749	0.03258	0.00476	0.03953	0.07298	0.01292	0.05258	0.67133	0.02706	0.01251	0.00550	0.00174	0.00295	0.02260	0.00416	0.00415
7	0.01318	0.01164	0.09216	0.00996	0.01327	0.02373	0.04113	0.28853	0.27692	0.07834	0.03985	0.01598	0.03651	0.00596	0.00461	0.00145	0.00451	0.03119	0.00419	0.00689
8	0.00855	0.00855	0.03998	0.00972	0.01086	0.05722	0.09684	0.00994	0.00779	0.01076	0.01052	0.01666	0.02629	0.17879	0.23526	0.01987	0.24088	0.00485	0.00232	0.00435
9	0.00637	0.00485	0.00594	0.00621	0.00719	0.00468	0.00457	0.00884	0.08861	0.01422	0.24722	0.33658	0.16404	0.01129	0.00544	0.00164	0.00262	0.07107	0.00440	0.00420
10	0.01691	0.01068	0.01253	0.01066	0.06729	0.01125	0.00815	0.44231	0.09606	0.25681	0.01334	0.01266	0.00918	0.00539	0.00449	0.00137	0.00449	0.00426	0.00464	0.00752
11	0.06841	0.01136	0.06003	0.01001	0.04125	0.01159	0.00820	0.42333	0.16862	0.04901	0.04868	0.01459	0.04146	0.00582	0.00446	0.00140	0.00441	0.01630	0.00418	0.00690
12	0.00740	0.00562	0.00612	0.00581	0.00732	0.03611	0.00435	0.00923	0.03797	0.06861	0.25279	0.14431	0.34373	0.00993	0.00514	0.00147	0.00268	0.00850	0.00435	0.03856
13	0.00544	0.00410	0.00503	0.00572	0.00637	0.00370	0.00394	0.00637	0.00919	0.01185	0.05987	0.57994	0.25620	0.01306	0.00557	0.00171	0.00248	0.01160	0.00418	0.00370
14	0.01040	0.00796	0.00947	0.00848	0.01036	0.00849	0.03442	0.27942	0.12970	0.01830	0.01841	0.40747	0.01896	0.00954	0.00510	0.00160	0.00370	0.00837	0.00425	0.00558
15	0.01136	0.01039	0.01669	0.17085	0.57060	0.01092	0.01282	0.11384	0.01135	0.01577	0.00863	0.01118	0.00695	0.00425	0.00444	0.00136	0.00538	0.00399	0.00246	0.00677
16	0.00778	0.00513	0.00639	0.00630	0.00755	0.00484	0.00472	0.05534	0.01097	0.08876	0.20318	0.29701	0.18558	0.01186	0.04142	0.00184	0.00316	0.04933	0.00439	0.00444
17	0.00643	0.00432	0.00497	0.00509	0.00515	0.00430	0.00297	0.00656	0.00679	0.00905	0.01529	0.10024	0.01770	0.74659	0.02080	0.00405	0.00418	0.02980	0.00288	0.00283
18	0.01573	0.01942	0.01295	0.01154	0.01397	0.68500	0.04320	0.01846	0.11412	0.01209	0.00845	0.00935	0.00682	0.00476	0.00415	0.00121	0.00746	0.00326	0.00259	0.00547
19	0.07370	0.01436	0.01263	0.01132	0.06116	0.26563	0.00850	0.33781	0.08156	0.01948	0.00952	0.01028	0.00731	0.00569	0.02064	0.00144	0.04555	0.00365	0.00339	0.00639
20	0.00584	0.00476	0.00520	0.00527	0.00657	0.00429	0.00388	0.00779	0.06275	0.01317	0.13978	0.18036	0.52205	0.01117	0.00531	0.00155	0.00239	0.00955	0.00428	0.00403
21	0.00909	0.00851	0.01414	0.42764	0.31875	0.00944	0.01181	0.01178	0.00973	0.01309	0.06497	0.01493	0.05726	0.00502	0.00456	0.00143	0.00524	0.00459	0.00240	0.00563
22	0.10961	0.00973	0.01026	0.02372	0.02483	0.05342	0.00682	0.23290	0.05384	0.09452	0.01324	0.01523	0.05710	0.00553	0.00414	0.00124	0.00417	0.05685	0.00369	0.21916
23	0.01051	0.10942	0.13075	0.11463	0.02598	0.03512	0.14859	0.11913	0.04866	0.01487	0.01093	0.11245	0.00979	0.02156	0.01471	0.00154	0.03068	0.00503	0.00279	0.03287
24	0.00846	0.00758	0.03847	0.19994	0.11269	0.00761	0.00834	0.03030	0.04782	0.02704	0.09239	0.09729	0.05112	0.07064	0.04528	0.00197	0.02949	0.05861	0.00311	0.06187
25	0.14941	0.22281	0.11617	0.01001	0.06662	0.09702	0.00862	0.10146	0.05855	0.01545	0.01046	0.01233	0.04281	0.00611	0.03550	0.00151	0.00527	0.03133	0.00275	0.00582

[dist]
# distance from previous block
# <min> <max>
1	28

[block]
# block no. 6 follows, 58 sequences, length 36
# corresponding to MSA columns:
# 325-360
name=unknown_G
#
# <colnr> <probs for GDERKNQSTAVLIFYWHMCP>
#	G	D	E	R	K	N	Q	S	T	A	V	L	I	F	Y	W	H	M	C	P
0	0.07875	0.10058	0.05368	0.06529	0.04751	0.10902	0.05478	0.10832	0.03396	0.07804	0.04143	0.06011	0.05518	0.02515	0.02182	0.00152	0.00506	0.01715	0.00318	0.03947
1	0.01087	0.05721	0.01864	0.09249	0.64905	0.01102	0.06866	0.01356	0.01005	0.01410	0.00830	0.01099	0.00690	0.00400	0.00440	0.00133	0.00550	0.00399	0.00218	0.00676
2	0.00993	0.01087	0.06386	0.05595	0.21050	0.00994	0.35414	0.04462	0.01047	0.01423	0.01334	0.01608	0.10244	0.04536	0.00592	0.00160	0.01702	0.00528	0.00255	0.00589
3	0.01213	0.03113	0.06207	0.05027	0.11122	0.09714	0.16569	0.19247	0.07572	0.02459	0.02818	0.08017	0.01013	0.00551	0.00461	0.00140	0.00550	0.00496	0.03089	0.00621
4	0.00577	0.00458	0.00514	0.00521	0.00640	0.00407	0.00380	0.01702	0.02092	0.01334	0.19261	0.19132	0.47440	0.02792	0.00570	0.00160	0.00239	0.00961	0.00429	0.00391
5	0.00565	0.00428	0.00523	0.00588	0.00660	0.00394	0.00414	0.00687	0.02602	0.01197	0.04780	0.52643	0.24938	0.02563	0.00584	0.00177	0.00262	0.05203	0.00415	0.00377
6	0.00642	0.00462	0.00585	0.00643	0.00704	0.00447	0.00456	0.05112	0.00956	0.01270	0.06563	0.54836	0.06836	0.08949	0.00722	0.00201	0.00301	0.09520	0.00407	0.00386
7	0.00720	0.00596	0.02553	0.00701	0.00765	0.03191	0.00523	0.02101	0.00751	0.01031	0.01305	0.10976	0.01374	0.25845	0.34767	0.04658	0.06912	0.00594	0.00264	0.00371
8	0.00614	0.00481	0.00562	0.00582	0.00690	0.00453	0.00423	0.00845	0.08448	0.01374	0.19828	0.30700	0.29878	0.01130	0.00537	0.00160	0.00249	0.02198	0.00435	0.00414
9	0.19592	0.00806	0.00899	0.00735	0.01005	0.00822	0.00596	0.18391	0.01336	0.26155	0.20561	0.01784	0.04207	0.00626	0.00434	0.00138	0.00352	0.00498	0.00453	0.00609
10	0.01207	0.01328	0.00927	0.00849	0.01047	0.41150	0.00641	0.02724	0.04129	0.04038	0.10224	0.02148	0.23952	0.00710	0.00453	0.00130	0.00527	0.00548	0.02783	0.00485
11	0.01117	0.01074	0.01599	0.12005	0.47255	0.07462	0.05136	0.03127	0.05946	0.03237	0.01000	0.05792	0.00858	0.00490	0.00470	0.00139	0.01941	0.00453	0.00257	0.00642
12	0.00585	0.00431	0.00553	0.00640	0.00684	0.00416	0.00435	0.00747	0.06491	0.01195	0.02458	0.76711	0.04290	0.01340	0.00562	0.00179	0.00266	0.01212	0.00418	0.00388
13	0.01172	0.01138	0.00792	0.00749	0.00906	0.34632	0.00568	0.01342	0.01087	0.01413	0.02780	0.01531	0.01050	0.00544	0.00372	0.00115	0.00469	0.04738	0.44141	0.00459
14	0.01246	0.01363	0.01446	0.10615	0.12849	0.31091	0.11629	0.07494	0.01151	0.01335	0.00954	0.04709	0.00835	0.00778	0.08113	0.00190	0.00715	0.02681	0.00256	0.00552
15	0.00694	0.00538	0.00593	0.00572	0.00724	0.00512	0.00430	0.01012	0.13876	0.03678	0.18927	0.10736	0.41877	0.00998	0.00513	0.00150	0.00251	0.00849	0.02620	0.00450
16	0.00639	0.00479	0.00719	0.00719	0.00799	0.00559	0.00559	0.00799	0.00719	0.01038	0.01198	0.01757	0.01118	0.03355	0.82507	0.00719	0.01198	0.00479	0.00240	0.00399
17	0.00674	0.00484	0.00544	0.00552	0.00580	0.02290	0.00354	0.00714	0.00726	0.00949	0.01628	0.03075	0.05599	0.64045	0.07840	0.00411	0.00485	0.08455	0.00289	0.00305
18	0.00999	0.00926	0.01382	0.17672	0.19496	0.06645	0.10596	0.01285	0.05848	0.05049	0.01250	0.12255	0.02771	0.02325	0.06214	0.00194	0.03711	0.00552	0.00279	0.00553
19	0.00537	0.00443	0.00472	0.00493	0.00620	0.00378	0.00363	0.00646	0.00990	0.01200	0.04101	0.18823	0.65064	0.01184	0.00539	0.00158	0.00237	0.02961	0.00415	0.00376
20	0.19337	0.27319	0.08965	0.03345	0.06224	0.16959	0.02436	0.06087	0.01028	0.01436	0.00731	0.02128	0.00614	0.00440	0.00364	0.00122	0.01355	0.00305	0.00238	0.00566
21	0.01546	0.01359	0.01473	0.01237	0.05937	0.17223	0.09343	0.40653	0.03198	0.06220	0.00984	0.01066	0.00731	0.00517	0.00519	0.00137	0.06430	0.00397	0.00356	0.00673
22	0.00955	0.00788	0.00918	0.00685	0.01044	0.00633	0.00543	0.05416	0.02927	0.02597	0.02645	0.06872	0.00927	0.00440	0.00363	0.00083	0.00334	0.00363	0.00299	0.71168
23	0.00972	0.00783	0.01191	0.01145	0.09531	0.00781	0.13559	0.13890	0.03423	0.04852	0.03646	0.28037	0.05336	0.00890	0.00525	0.00162	0.00429	0.09933	0.00378	0.00537
24	0.00929	0.00669	0.00821	0.06567	0.01040	0.00701	0.00601	0.22806	0.01218	0.03853	0.01941	0.52763	0.02128	0.01070	0.00524	0.00165	0.00351	0.00945	0.00413	0.00494
25	0.00867	0.00458	0.00463	0.00447	0.00565	0.00463	0.00339	0.04839	0.00997	0.01710	0.01528	0.01714	0.03406	0.00539	0.00325	0.00107	0.00223	0.00431	0.80145	0.00432
26	0.01563	0.01187	0.01298	0.13051	0.01600	0.18267	0.06407	0.19547	0.01366	0.25330	0.01150	0.01209	0.00811	0.00637	0.04402	0.00163	0.00594	0.00404	0.00371	0.00642
27	0.01611	0.07890	0.01331	0.01113	0.01356	0.72864	0.00850	0.01783	0.05073	0.01129	0.00741	0.00842	0.00614	0.00462	0.00398	0.00116	0.00762	0.00295	0.00239	0.00532
28	0.00559	0.00454	0.00495	0.00485	0.00623	0.00391	0.00364	0.00701	0.01091	0.01379	0.26882	0.04024	0.58850	0.01069	0.00528	0.00148	0.00222	0.00905	0.00438	0.00391
29	0.00645	0.00431	0.00490	0.00495	0.00497	0.00430	0.00279	0.00649	0.00662	0.00883	0.01469	0.07462	0.01701	0.79643	0.02181	0.00420	0.00424	0.00685	0.00279	0.00276
30	0.01427	0.01150	0.01389	0.02418	0.25712	0.06911	0.00964	0.34823	0.05966	0.07868	0.01208	0.03883	0.03149	0.00538	0.00450	0.00136	0.00497	0.00446	0.00367	0.00698
31	0.01671	0.02132	0.01268	0.01152	0.01383	0.82483	0.00864	0.01786	0.01268	0.01095	0.00691	0.00807	0.00576	0.00461	0.00403	0.00115	0.00807	0.00288	0.00230	0.00519
32	0.00634	0.00469	0.00581	0.00620	0.00715	0.00442	0.00484	0.00775	0.00989	0.01280	0.14111	0.09075	0.23841	0.14680	0.00848	0.00217	0.00328	0.29132	0.00402	0.00378
33	0.03173	0.01493	0.01488	0.06888	0.26707	0.34291	0.03814	0.08960	0.01193	0.01411	0.00784	0.00974	0.00640	0.00458	0.00477	0.00130	0.04825	0.00353	0.00246	0.01694
34	0.01052	0.01058	0.00950	0.00814	0.01063	0.19378	0.00627	0.01398	0.14949	0.01410	0.07057	0.06733	0.08388	0.00611	0.00471	0.00119	0.04431	0.00481	0.00326	0.28684
35	0.01096	0.00737	0.01137	0.01477	0.32003	0.00701	0.00838	0.01269	0.01021	0.19712	0.01744	0.30542	0.04178	0.00811	0.00492	0.00152	0.00391	0.00736	0.00372	0.00588

[dist]
# distance from previous block
# <min> <max>
5	15

[block]
# block no. 7 follows, 58 sequences, length 39
# corresponding to MSA columns:
# 376-414
name=unknown_H
#
# <colnr> <probs for GDERKNQSTAVLIFYWHMCP>
#	G	D	E	R	K	N	Q	S	T	A	V	L	I	F	Y	W	H	M	C	P
0	0.01028	0.04178	0.07419	0.08558	0.05172	0.06007	0.22466	0.08122	0.05172	0.03222	0.01422	0.05436	0.09042	0.03654	0.06913	0.00199	0.00612	0.00534	0.00289	0.00558
1	0.00621	0.00455	0.00593	0.00598	0.00661	0.00477	0.00425	0.00722	0.00769	0.01044	0.04754	0.07636	0.12869	0.27820	0.38021	0.00496	0.00730	0.00659	0.00294	0.00355
2	0.01150	0.02950	0.01175	0.00912	0.03961	0.07008	0.03876	0.15555	0.04634	0.01676	0.00879	0.00991	0.00703	0.00406	0.00401	0.00095	0.02401	0.00320	0.00297	0.50609
3	0.01685	0.00688	0.01029	0.06757	0.26729	0.00675	0.00807	0.00989	0.00994	0.01353	0.08715	0.14898	0.15290	0.02736	0.00543	0.00159	0.00387	0.11144	0.00334	0.04088
4	0.01394	0.03623	0.02544	0.07215	0.13772	0.12999	0.02692	0.26010	0.03786	0.09822	0.01196	0.04924	0.03634	0.00561	0.00486	0.00138	0.03768	0.00447	0.00345	0.00645
5	0.01015	0.04522	0.34592	0.01483	0.04660	0.04608	0.31149	0.04268	0.01039	0.01431	0.00950	0.06446	0.00778	0.00474	0.00469	0.00144	0.00660	0.00467	0.00230	0.00616
6	0.00902	0.00939	0.01886	0.13063	0.05455	0.00917	0.45282	0.01193	0.00999	0.01344	0.04050	0.17648	0.02952	0.00624	0.00521	0.00156	0.00595	0.00669	0.00273	0.00535
7	0.00569	0.00445	0.00516	0.00524	0.00638	0.00392	0.00386	0.00710	0.01073	0.01391	0.29310	0.17623	0.41304	0.01109	0.00537	0.00154	0.00230	0.02258	0.00441	0.00390
8	0.01026	0.01655	0.36162	0.06114	0.01972	0.04608	0.26008	0.05427	0.06975	0.01479	0.00939	0.01160	0.00708	0.03156	0.00521	0.00154	0.00654	0.00422	0.00239	0.00623
9	0.00640	0.00474	0.00692	0.00692	0.00762	0.00544	0.00525	0.00781	0.00711	0.01018	0.01223	0.01895	0.01178	0.12864	0.73079	0.00685	0.01108	0.00499	0.00243	0.00384
10	0.00860	0.00812	0.01364	0.77616	0.06685	0.01006	0.01242	0.01152	0.00896	0.01156	0.00793	0.01184	0.00601	0.00453	0.00470	0.00149	0.02458	0.00397	0.00200	0.00507
11	0.00647	0.00459	0.00614	0.00614	0.00666	0.00502	0.00435	0.00746	0.00707	0.00997	0.01367	0.02264	0.03226	0.34271	0.47088	0.00576	0.00849	0.00554	0.03066	0.00350
12	0.00610	0.00471	0.00695	0.00701	0.00783	0.00470	0.04924	0.00728	0.00845	0.01138	0.03972	0.40741	0.11196	0.01899	0.25442	0.03169	0.00571	0.00913	0.00346	0.00385
13	0.00560	0.00404	0.00534	0.00627	0.00667	0.00377	0.00434	0.00655	0.00893	0.01186	0.05846	0.71546	0.06389	0.01358	0.00571	0.00180	0.00267	0.06719	0.00418	0.00370
14	0.71728	0.00880	0.00748	0.00642	0.00933	0.00990	0.00529	0.06823	0.00913	0.11232	0.00785	0.00842	0.00575	0.00440	0.00308	0.00138	0.00360	0.00277	0.00320	0.00535
15	0.00988	0.00956	0.01556	0.44126	0.38783	0.03400	0.01291	0.01267	0.00962	0.01287	0.00813	0.01142	0.00647	0.00425	0.00444	0.00141	0.00573	0.00395	0.00210	0.00594
16	0.00701	0.00485	0.00653	0.00639	0.00692	0.00534	0.00455	0.00793	0.00709	0.03761	0.01288	0.02214	0.01314	0.36907	0.43873	0.00565	0.03249	0.00547	0.00262	0.00361
17	0.00708	0.00569	0.00799	0.00773	0.00854	0.02169	0.00607	0.02341	0.00752	0.01077	0.01132	0.01658	0.01054	0.03020	0.72255	0.00650	0.08458	0.00466	0.00240	0.00416
18	0.00699	0.00445	0.00576	0.00625	0.00684	0.00420	0.00439	0.00782	0.00876	0.06844	0.03678	0.44905	0.05808	0.18028	0.00936	0.02168	0.00323	0.10995	0.00392	0.00377
19	0.00702	0.00520	0.00635	0.00637	0.00734	0.00522	0.00467	0.03055	0.03692	0.04713	0.07472	0.33745	0.25095	0.05598	0.03359	0.00198	0.06210	0.01831	0.00399	0.00417
20	0.01295	0.01472	0.01810	0.06122	0.25019	0.29872	0.22759	0.03745	0.01141	0.01346	0.00810	0.01032	0.00649	0.00421	0.00453	0.00132	0.00692	0.00395	0.00231	0.00603
21	0.03352	0.05348	0.01357	0.01081	0.01315	0.28840	0.06383	0.18625	0.01257	0.04589	0.00873	0.01071	0.00715	0.02327	0.08544	0.00198	0.12895	0.00373	0.00286	0.00568
22	0.01150	0.07381	0.05294	0.25530	0.04912	0.19749	0.22589	0.03238	0.01057	0.01267	0.00810	0.01093	0.00639	0.00441	0.00468	0.00138	0.02261	0.01207	0.00221	0.00556
23	0.00601	0.00439	0.00544	0.00571	0.00638	0.00419	0.00402	0.00707	0.00915	0.01215	0.16750	0.24229	0.17245	0.20293	0.07431	0.00270	0.00369	0.06217	0.00382	0.00362
24	0.00881	0.00683	0.00809	0.00768	0.02688	0.00709	0.00582	0.15892	0.09073	0.01689	0.17630	0.15348	0.15466	0.01063	0.05214	0.00186	0.02194	0.06514	0.00418	0.02193
25	0.01253	0.24382	0.03792	0.02742	0.07437	0.32069	0.03407	0.01458	0.04073	0.01210	0.05765	0.05818	0.03737	0.00539	0.00403	0.00122	0.00582	0.00411	0.00258	0.00543
26	0.03387	0.00893	0.01112	0.00854	0.01202	0.00856	0.00705	0.22673	0.01488	0.59621	0.01563	0.01391	0.01005	0.00547	0.00446	0.00137	0.00409	0.00434	0.00521	0.00756
27	0.00666	0.00476	0.00622	0.04918	0.00735	0.00518	0.00427	0.00728	0.00683	0.00936	0.01282	0.02404	0.01377	0.51524	0.26854	0.02468	0.02227	0.00574	0.00254	0.00325
28	0.03466	0.08816	0.03243	0.06661	0.01315	0.07293	0.07407	0.01293	0.05413	0.06655	0.14129	0.03310	0.01337	0.00744	0.03572	0.00173	0.23874	0.00477	0.00296	0.00527
29	0.01041	0.01126	0.05396	0.01466	0.01697	0.01232	0.34229	0.01277	0.00872	0.03874	0.00769	0.01091	0.00642	0.00589	0.00993	0.00173	0.42312	0.00448	0.00220	0.00554
30	0.00575	0.00404	0.00508	0.00580	0.00602	0.00384	0.00372	0.00631	0.00802	0.01065	0.02221	0.58583	0.04771	0.25087	0.01057	0.00253	0.00308	0.01085	0.00374	0.00337
31	0.01241	0.06800	0.05504	0.05256	0.05028	0.32499	0.05656	0.07992	0.02832	0.01314	0.01041	0.10072	0.00966	0.00834	0.07729	0.00186	0.02265	0.01977	0.00270	0.00537
32	0.01037	0.00779	0.06538	0.05587	0.02511	0.03027	0.03494	0.08428	0.04976	0.07835	0.00958	0.01303	0.00804	0.01073	0.01155	0.47493	0.00452	0.00400	0.01743	0.00408
33	0.01319	0.00638	0.00738	0.00621	0.00835	0.00623	0.00495	0.11126	0.02381	0.27394	0.01515	0.01548	0.01090	0.00535	0.00375	0.00120	0.00300	0.00427	0.47347	0.00573
34	0.00633	0.00435	0.00566	0.00591	0.00620	0.00451	0.00394	0.00685	0.00717	0.00977	0.01567	0.20337	0.01752	0.38397	0.23346	0.05205	0.00598	0.02113	0.00293	0.00324
35	0.02561	0.07896	0.10920	0.05669	0.03313	0.18787	0.09818	0.07462	0.05065	0.05973	0.02568	0.08647	0.01055	0.00633	0.01556	0.00149	0.02774	0.04287	0.00296	0.00571
36	0.04119	0.03550	0.02024	0.04955	0.05666	0.24056	0.04352	0.05894	0.02618	0.01315	0.01223	0.14971	0.01232	0.00744	0.00611	0.00154	0.12208	0.09505	0.00292	0.00510
37	0.00776	0.00457	0.00545	0.00566	0.00657	0.00439	0.00406	0.02087	0.02481	0.06672	0.06656	0.36089	0.05061	0.04490	0.00542	0.00159	0.00262	0.02208	0.29024	0.00421
38	0.01056	0.00850	0.00904	0.00782	0.00987	0.09705	0.00613	0.06088	0.03978	0.09208	0.06794	0.09054	0.05694	0.00980	0.09788	0.00196	0.08180	0.01917	0.05310	0.17916

[dist]
# distance from previous block
# <min> <max>
2	19

[block]
# block no. 8 follows, 58 sequences, length 27
# corresponding to MSA columns:
# 434-460
name=unknown_I
#
# <colnr> <probs for GDERKNQSTAVLIFYWHMCP>
#	G	D	E	R	K	N	Q	S	T	A	V	L	I	F	Y	W	H	M	C	P
0	0.03160	0.01004	0.02922	0.11783	0.06660	0.07263	0.12046	0.11692	0.06958	0.02845	0.10706	0.05713	0.04718	0.00613	0.00501	0.00142	0.03243	0.02295	0.00328	0.05406
1	0.03507	0.01009	0.01277	0.24498	0.15129	0.08233	0.00994	0.12574	0.06255	0.06472	0.01111	0.03454	0.00929	0.00563	0.00488	0.00145	0.03461	0.06573	0.00305	0.03024
2	0.01531	0.01895	0.01170	0.01067	0.01276	0.70377	0.00800	0.01647	0.01209	0.01121	0.00935	0.01080	0.04659	0.02627	0.00480	0.00127	0.02854	0.00339	0.04308	0.00500
3	0.03625	0.00624	0.03650	0.02341	0.06453	0.00564	0.03793	0.00898	0.02583	0.02283	0.11953	0.25714	0.19003	0.02737	0.00580	0.00170	0.01604	0.10602	0.00383	0.00442
4	0.00973	0.01022	0.07095	0.16410	0.07432	0.06379	0.09686	0.07113	0.11945	0.01488	0.07098	0.10416	0.08524	0.00664	0.00493	0.00148	0.01651	0.00586	0.00321	0.00555
5	0.00916	0.00791	0.01273	0.41165	0.12578	0.00878	0.05587	0.01240	0.06449	0.05618	0.06242	0.06621	0.07569	0.00595	0.00471	0.00148	0.00495	0.00538	0.00288	0.00537
6	0.00570	0.00469	0.00505	0.00510	0.00644	0.00415	0.00377	0.00743	0.04770	0.01295	0.12621	0.15125	0.58139	0.01121	0.00531	0.00154	0.00235	0.00954	0.00426	0.00396
7	0.00562	0.00400	0.00531	0.00624	0.00656	0.00377	0.00424	0.00648	0.00873	0.01166	0.05758	0.72894	0.02931	0.05269	0.00652	0.00193	0.00273	0.04994	0.00412	0.00364
8	0.01043	0.01083	0.04956	0.25242	0.39476	0.06670	0.02956	0.02396	0.05072	0.01367	0.00973	0.04111	0.01748	0.00474	0.00449	0.00140	0.00557	0.00434	0.00238	0.00615
9	0.00731	0.02655	0.02098	0.00772	0.00866	0.04119	0.03097	0.00866	0.00766	0.01050	0.01307	0.08403	0.03055	0.14297	0.46905	0.00514	0.07280	0.00556	0.00256	0.00404
10	0.00566	0.00399	0.00531	0.00622	0.00653	0.00377	0.00422	0.00637	0.00844	0.01123	0.02372	0.71389	0.04547	0.04086	0.02655	0.03931	0.00298	0.03796	0.00397	0.00356
11	0.00569	0.00439	0.00520	0.00534	0.00638	0.00390	0.00387	0.00708	0.01065	0.01396	0.30818	0.23729	0.34951	0.01123	0.00539	0.00155	0.00229	0.00978	0.00442	0.00390
12	0.00927	0.00758	0.00895	0.00658	0.01023	0.00579	0.00523	0.01122	0.00959	0.03816	0.06352	0.03758	0.00991	0.00412	0.00356	0.00077	0.00322	0.00340	0.00294	0.75840
13	0.01097	0.00640	0.00769	0.00676	0.00874	0.00625	0.00533	0.08254	0.09127	0.19718	0.23820	0.06025	0.10348	0.00781	0.00476	0.00142	0.00301	0.04301	0.10947	0.00548
14	0.57517	0.00996	0.00860	0.00723	0.01017	0.04364	0.00592	0.20506	0.01134	0.05555	0.00803	0.00870	0.00597	0.00455	0.00332	0.00136	0.00399	0.00296	0.02287	0.00563
15	0.00553	0.00432	0.00505	0.00555	0.00650	0.00384	0.00403	0.00662	0.00960	0.01207	0.05585	0.37269	0.40643	0.01246	0.00553	0.00168	0.00254	0.07178	0.00417	0.00376
16	0.00683	0.00465	0.00579	0.00607	0.00712	0.00425	0.00451	0.00830	0.02318	0.06859	0.14430	0.34843	0.24292	0.01168	0.00548	0.00167	0.00270	0.09503	0.00436	0.00414
17	0.00658	0.00496	0.00559	0.00585	0.00681	0.02493	0.00419	0.00786	0.02561	0.03899	0.09850	0.30889	0.28346	0.10122	0.00729	0.00193	0.00292	0.05643	0.00407	0.00390
18	0.81056	0.03309	0.00737	0.00613	0.00897	0.01043	0.00509	0.04878	0.00826	0.02016	0.00643	0.00742	0.00500	0.00420	0.00285	0.00137	0.00356	0.00249	0.00282	0.00500
19	0.01028	0.00972	0.01639	0.10758	0.64970	0.00992	0.01262	0.01286	0.01005	0.01420	0.04209	0.01323	0.03206	0.00551	0.03358	0.00156	0.00540	0.00434	0.00236	0.00655
20	0.04295	0.00682	0.00833	0.08438	0.09028	0.03726	0.00649	0.01092	0.09253	0.01421	0.12941	0.13808	0.14219	0.03830	0.00553	0.00162	0.00360	0.08245	0.03928	0.02537
21	0.00980	0.00815	0.00907	0.00692	0.01036	0.04077	0.00547	0.01210	0.04193	0.05305	0.03758	0.04202	0.02271	0.01601	0.00396	0.00091	0.00349	0.01943	0.00304	0.65322
22	0.01299	0.05695	0.01308	0.10942	0.09049	0.26618	0.02499	0.13417	0.07189	0.02542	0.00991	0.02332	0.00846	0.08000	0.00609	0.00158	0.01948	0.01644	0.00287	0.02629
23	0.00777	0.00646	0.00717	0.06039	0.04459	0.06425	0.00503	0.00895	0.03855	0.01081	0.02622	0.10071	0.08677	0.37865	0.01336	0.04217	0.00427	0.04307	0.00300	0.04781
24	0.07704	0.08975	0.11678	0.03333	0.03518	0.18553	0.18508	0.02445	0.03716	0.03265	0.01052	0.03605	0.04511	0.00549	0.01443	0.00930	0.04135	0.00424	0.00254	0.01401
