[name]
unknown

[dist]
# distance from previous block
# <min> <max>
0	20

[block]
# block no. 0 follows, 69 sequences, length 85
# corresponding to MSA columns:
# 126-210
name=unknown_A
#
# <colnr> <probs for GDERKNQSTAVLIFYWHMCP>
#	G	D	E	R	K	N	Q	S	T	A	V	L	I	F	Y	W	H	M	C	P
0	0.00812	0.00592	0.00770	0.07283	0.01013	0.00588	0.00630	0.11235	0.01028	0.04608	0.09323	0.02932	0.01763	0.00787	0.00461	0.00143	0.00354	0.42099	0.00343	0.13235
1	0.02336	0.00745	0.01203	0.40468	0.28400	0.00829	0.00994	0.01054	0.02945	0.01148	0.03352	0.06518	0.00808	0.00484	0.01569	0.00132	0.02135	0.00405	0.00211	0.04265
2	0.00571	0.00397	0.00491	0.00493	0.00587	0.00356	0.00360	0.00698	0.00952	0.05504	0.35350	0.26484	0.24391	0.00956	0.00470	0.00136	0.00208	0.00839	0.00397	0.00360
3	0.20169	0.05214	0.04953	0.00780	0.01067	0.06383	0.00662	0.31524	0.13334	0.05863	0.00945	0.02635	0.00717	0.00450	0.00349	0.00117	0.00396	0.00332	0.00325	0.03784
4	0.01014	0.00851	0.04678	0.00793	0.03720	0.00730	0.04873	0.18320	0.03527	0.06944	0.04178	0.01065	0.02724	0.00393	0.00349	0.00090	0.00355	0.00326	0.00293	0.44779
5	0.00895	0.23610	0.51244	0.01014	0.03097	0.02542	0.03726	0.03011	0.01972	0.02168	0.00730	0.03000	0.00577	0.00389	0.00349	0.00114	0.00522	0.00301	0.00185	0.00554
6	0.00920	0.00932	0.08654	0.00920	0.04124	0.00917	0.06572	0.04356	0.53576	0.01545	0.06555	0.01516	0.04712	0.00534	0.00427	0.00131	0.02225	0.00455	0.00351	0.00580
7	0.00691	0.00499	0.00573	0.00541	0.00649	0.00498	0.00395	0.13025	0.02260	0.01340	0.15906	0.19915	0.15788	0.14093	0.03751	0.00186	0.00298	0.00690	0.07205	0.01697
8	0.01048	0.01075	0.05841	0.06873	0.41705	0.14402	0.00991	0.04770	0.04044	0.05293	0.03301	0.03353	0.02421	0.00439	0.00413	0.00119	0.02737	0.00377	0.00237	0.00558
9	0.00836	0.00844	0.05585	0.50308	0.19931	0.02020	0.03375	0.02406	0.04645	0.02275	0.00812	0.03797	0.00651	0.00416	0.00395	0.00128	0.00496	0.00377	0.00203	0.00498
10	0.00478	0.00341	0.00455	0.00546	0.00569	0.00318	0.00364	0.00546	0.00751	0.01001	0.02161	0.85966	0.02593	0.01228	0.00500	0.00159	0.00227	0.01114	0.00364	0.00318
11	0.00925	0.01058	0.02313	0.01652	0.02049	0.00991	0.82353	0.01256	0.00925	0.01256	0.00793	0.01058	0.00595	0.00330	0.00463	0.00132	0.00661	0.00463	0.00198	0.00529
12	0.01267	0.01172	0.01214	0.04454	0.20431	0.22911	0.01842	0.24856	0.03723	0.06624	0.00877	0.03302	0.00702	0.01764	0.00437	0.00121	0.03098	0.00356	0.00282	0.00565
13	0.01089	0.60890	0.06003	0.00802	0.01130	0.12778	0.05200	0.02532	0.04513	0.01018	0.00628	0.00715	0.00541	0.00357	0.00292	0.00094	0.00475	0.00246	0.00188	0.00509
14	0.02318	0.00727	0.00902	0.00667	0.00998	0.00604	0.03975	0.02858	0.07010	0.15185	0.00913	0.00959	0.00692	0.00347	0.00324	0.00079	0.00318	0.00287	0.00289	0.60548
15	0.03078	0.08085	0.06950	0.00889	0.01213	0.01127	0.04080	0.53457	0.05397	0.08288	0.00962	0.00999	0.00700	0.02473	0.00418	0.00123	0.00433	0.00351	0.00351	0.00625
16	0.00997	0.00733	0.00652	0.00609	0.02538	0.13850	0.00454	0.12709	0.01026	0.05081	0.01151	0.03828	0.00916	0.00473	0.00318	0.00101	0.00315	0.00369	0.53441	0.00440
17	0.00485	0.00398	0.00427	0.00420	0.00543	0.00340	0.00315	0.00605	0.00945	0.01181	0.22834	0.03573	0.64680	0.00948	0.00463	0.00130	0.00195	0.00799	0.00380	0.00340
18	0.00740	0.00697	0.01176	0.85280	0.02700	0.00871	0.01089	0.01002	0.00784	0.01002	0.00697	0.01045	0.00523	0.00392	0.00392	0.00131	0.00523	0.00348	0.00174	0.00436
19	0.01464	0.01868	0.01111	0.01010	0.01212	0.84648	0.00757	0.01565	0.01111	0.00959	0.00606	0.00707	0.00505	0.00404	0.00353	0.00101	0.00707	0.00252	0.00202	0.00454
20	0.00465	0.00397	0.00399	0.00399	0.00531	0.00332	0.00299	0.00566	0.00897	0.01068	0.05411	0.03758	0.82172	0.00989	0.00463	0.00132	0.00198	0.00825	0.00365	0.00332
21	0.00731	0.00365	0.00365	0.00365	0.00457	0.00365	0.00274	0.00913	0.00822	0.01462	0.01279	0.01462	0.01005	0.00457	0.00274	0.00091	0.00183	0.00365	0.88399	0.00365
22	0.00463	0.00397	0.00397	0.00397	0.00530	0.00331	0.00298	0.00563	0.00894	0.01059	0.03971	0.03773	0.83618	0.00993	0.00463	0.00132	0.00199	0.00827	0.00364	0.00331
23	0.00502	0.00359	0.00478	0.00543	0.00584	0.00336	0.00378	0.00601	0.00835	0.01132	0.19684	0.64086	0.02815	0.01129	0.00494	0.00153	0.00225	0.04955	0.00378	0.00332
24	0.01759	0.00667	0.00910	0.00698	0.01001	0.00576	0.00576	0.01911	0.01122	0.84048	0.01547	0.01334	0.00970	0.00485	0.00394	0.00121	0.00334	0.00394	0.00485	0.00667
25	0.00858	0.00858	0.01201	0.01029	0.01029	0.01201	0.00858	0.00943	0.00600	0.00943	0.00515	0.00858	0.00515	0.00686	0.01287	0.00172	0.85505	0.00343	0.00172	0.00429
26	0.00555	0.00401	0.00524	0.00493	0.00586	0.00370	0.00370	0.00740	0.01110	0.01572	0.83570	0.02928	0.03699	0.00801	0.00462	0.00123	0.00185	0.00709	0.00432	0.00370
27	0.01048	0.86458	0.02054	0.00671	0.01006	0.01551	0.00671	0.01174	0.00797	0.00922	0.00545	0.00629	0.00503	0.00335	0.00252	0.00084	0.00419	0.00210	0.00168	0.00503
28	0.00858	0.00858	0.01201	0.01029	0.01029	0.01201	0.00858	0.00943	0.00600	0.00943	0.00515	0.00858	0.00515	0.00686	0.01287	0.00172	0.85505	0.00343	0.00172	0.00429
29	0.88991	0.00758	0.00576	0.00516	0.00758	0.00879	0.00425	0.01152	0.00667	0.01759	0.00546	0.00637	0.00425	0.00364	0.00243	0.00121	0.00303	0.00212	0.00243	0.00425
30	0.00970	0.00931	0.01591	0.02406	0.83777	0.00931	0.01203	0.01203	0.00893	0.01281	0.00737	0.00970	0.00621	0.00349	0.00388	0.00116	0.00466	0.00349	0.00194	0.00621
31	0.00975	0.00842	0.00886	0.00798	0.01019	0.00975	0.00621	0.02083	0.83069	0.01640	0.01596	0.01463	0.01197	0.00532	0.00399	0.00133	0.00310	0.00443	0.00399	0.00621
32	0.01444	0.01075	0.01150	0.00893	0.01198	0.01194	0.00734	0.75183	0.09206	0.02395	0.01001	0.00988	0.00715	0.00476	0.00393	0.00119	0.00420	0.00361	0.00393	0.00663
33	0.00478	0.00341	0.00455	0.00546	0.00569	0.00318	0.00364	0.00546	0.00751	0.01001	0.02161	0.85966	0.02593	0.01228	0.00500	0.00159	0.00227	0.01114	0.00364	0.00318
34	0.01496	0.01089	0.01171	0.00898	0.01211	0.01203	0.00742	0.80856	0.01829	0.04105	0.00953	0.00949	0.00673	0.00471	0.00392	0.00118	0.00429	0.00354	0.00394	0.00667
35	0.01048	0.86458	0.02054	0.00671	0.01006	0.01551	0.00671	0.01174	0.00797	0.00922	0.00545	0.00629	0.00503	0.00335	0.00252	0.00084	0.00419	0.00210	0.00168	0.00503
36	0.01438	0.01048	0.01121	0.00865	0.01164	0.01157	0.00713	0.76871	0.01773	0.02401	0.00964	0.00977	0.00690	0.00470	0.00384	0.00116	0.00414	0.00354	0.06433	0.00646
37	0.00478	0.00341	0.00455	0.00546	0.00569	0.00318	0.00364	0.00546	0.00751	0.01001	0.02161	0.85966	0.02593	0.01228	0.00500	0.00159	0.00227	0.01114	0.00364	0.00318
38	0.00478	0.00341	0.00455	0.00546	0.00569	0.00318	0.00364	0.00546	0.00751	0.01001	0.02161	0.85966	0.02593	0.01228	0.00500	0.00159	0.00227	0.01114	0.00364	0.00318
39	0.01759	0.00667	0.00910	0.00698	0.01001	0.00576	0.00576	0.01911	0.01122	0.84048	0.01547	0.01334	0.00970	0.00485	0.00394	0.00121	0.00334	0.00394	0.00485	0.00667
40	0.01343	0.01025	0.01094	0.00872	0.01160	0.01147	0.00710	0.59535	0.25017	0.02234	0.01128	0.01090	0.00818	0.00488	0.00394	0.00122	0.00397	0.00379	0.00394	0.00654
41	0.01464	0.01868	0.01111	0.01010	0.01212	0.84648	0.00757	0.01565	0.01111	0.00959	0.00606	0.00707	0.00505	0.00404	0.00353	0.00101	0.00707	0.00252	0.00202	0.00454
42	0.88991	0.00758	0.00576	0.00516	0.00758	0.00879	0.00425	0.01152	0.00667	0.01759	0.00546	0.00637	0.00425	0.00364	0.00243	0.00121	0.00303	0.00212	0.00243	0.00425
43	0.00463	0.00397	0.00397	0.00397	0.00530	0.00331	0.00298	0.00563	0.00894	0.01059	0.03971	0.03773	0.83618	0.00993	0.00463	0.00132	0.00199	0.00827	0.00364	0.00331
44	0.00467	0.00397	0.00402	0.00401	0.00532	0.00332	0.00301	0.00569	0.00902	0.01079	0.07004	0.03741	0.80573	0.00986	0.00463	0.00132	0.00198	0.00823	0.00367	0.00332
45	0.01490	0.01098	0.01177	0.00902	0.01216	0.01216	0.00745	0.82470	0.01843	0.02471	0.00941	0.00941	0.00667	0.00471	0.00392	0.00118	0.00431	0.00353	0.00392	0.00667
46	0.00928	0.01032	0.02151	0.01557	0.01925	0.00996	0.72521	0.01320	0.08271	0.01281	0.00856	0.01088	0.00646	0.00359	0.00482	0.00133	0.03246	0.00457	0.00215	0.00534
47	0.00862	0.00862	0.01267	0.57999	0.21452	0.08808	0.01084	0.01102	0.00840	0.01063	0.00698	0.00996	0.00544	0.00383	0.00387	0.00125	0.00527	0.00340	0.00181	0.00481
48	0.00559	0.00411	0.00589	0.00657	0.00721	0.00397	0.02981	0.00684	0.00823	0.01084	0.02082	0.47589	0.02384	0.01137	0.00517	0.00168	0.00299	0.36217	0.00358	0.00344
49	0.01759	0.00667	0.00910	0.00698	0.01001	0.00576	0.00576	0.01911	0.01122	0.84048	0.01547	0.01334	0.00970	0.00485	0.00394	0.00121	0.00334	0.00394	0.00485	0.00667
50	0.88991	0.00758	0.00576	0.00516	0.00758	0.00879	0.00425	0.01152	0.00667	0.01759	0.00546	0.00637	0.00425	0.00364	0.00243	0.00121	0.00303	0.00212	0.00243	0.00425
51	0.00954	0.00915	0.01561	0.08363	0.77949	0.00927	0.01195	0.01189	0.00885	0.01261	0.00735	0.00976	0.00614	0.00352	0.00388	0.00117	0.00470	0.00349	0.00193	0.00608
52	0.00541	0.00407	0.00502	0.00483	0.00583	0.00372	0.00360	0.00722	0.02888	0.01434	0.60464	0.07748	0.20325	0.00860	0.00463	0.00127	0.00193	0.00751	0.00413	0.00364
53	0.00740	0.00697	0.01176	0.85280	0.02700	0.00871	0.01089	0.01002	0.00784	0.01002	0.00697	0.01045	0.00523	0.00392	0.00392	0.00131	0.00523	0.00348	0.00174	0.00436
54	0.00563	0.00407	0.00564	0.00564	0.00611	0.00454	0.00407	0.00657	0.00610	0.00861	0.01111	0.01877	0.01126	0.30312	0.57497	0.00548	0.00830	0.00469	0.00219	0.00313
55	0.00478	0.00341	0.00455	0.00546	0.00569	0.00318	0.00364	0.00546	0.00751	0.01001	0.02161	0.85966	0.02593	0.01228	0.00500	0.00159	0.00227	0.01114	0.00364	0.00318
56	0.01048	0.86458	0.02054	0.00671	0.01006	0.01551	0.00671	0.01174	0.00797	0.00922	0.00545	0.00629	0.00503	0.00335	0.00252	0.00084	0.00419	0.00210	0.00168	0.00503
57	0.01525	0.01043	0.01143	0.00876	0.01188	0.01134	0.00724	0.72196	0.01751	0.12874	0.01018	0.00991	0.00705	0.00472	0.00392	0.00118	0.00419	0.00358	0.00404	0.00667
58	0.00740	0.00697	0.01176	0.85280	0.02700	0.00871	0.01089	0.01002	0.00784	0.01002	0.00697	0.01045	0.00523	0.00392	0.00392	0.00131	0.00523	0.00348	0.00174	0.00436
59	0.00809	0.01201	0.31345	0.00831	0.01267	0.00688	0.05009	0.01094	0.00824	0.01263	0.00704	0.00831	0.00551	0.00322	0.00329	0.00086	0.00415	0.00265	0.00206	0.51959
60	0.01048	0.86458	0.02054	0.00671	0.01006	0.01551	0.00671	0.01174	0.00797	0.00922	0.00545	0.00629	0.00503	0.00335	0.00252	0.00084	0.00419	0.00210	0.00168	0.00503
61	0.00786	0.02028	0.84191	0.01117	0.01697	0.00910	0.01448	0.01242	0.00828	0.01242	0.00704	0.00828	0.00497	0.00372	0.00372	0.00124	0.00579	0.00290	0.00166	0.00579
62	0.00925	0.01058	0.02313	0.01652	0.02049	0.00991	0.82353	0.01256	0.00925	0.01256	0.00793	0.01058	0.00595	0.00330	0.00463	0.00132	0.00661	0.00463	0.00198	0.00529
63	0.00581	0.00448	0.02676	0.00584	0.00659	0.00404	0.00430	0.02633	0.04880	0.03625	0.03192	0.63864	0.08026	0.01102	0.00485	0.00154	0.00253	0.05275	0.00366	0.00363
64	0.00740	0.00697	0.01176	0.85280	0.02700	0.00871	0.01089	0.01002	0.00784	0.01002	0.00697	0.01045	0.00523	0.00392	0.00392	0.00131	0.00523	0.00348	0.00174	0.00436
65	0.88991	0.00758	0.00576	0.00516	0.00758	0.00879	0.00425	0.01152	0.00667	0.01759	0.00546	0.00637	0.00425	0.00364	0.00243	0.00121	0.00303	0.00212	0.00243	0.00425
66	0.00463	0.00397	0.00397	0.00397	0.00530	0.00331	0.00298	0.00563	0.00894	0.01059	0.03971	0.03773	0.83618	0.00993	0.00463	0.00132	0.00199	0.00827	0.00364	0.00331
67	0.00975	0.00842	0.00886	0.00798	0.01019	0.00975	0.00621	0.02083	0.83069	0.01640	0.01596	0.01463	0.01197	0.00532	0.00399	0.00133	0.00310	0.00443	0.00399	0.00621
68	0.00632	0.00451	0.00632	0.00722	0.00812	0.00451	0.00632	0.00812	0.00902	0.01173	0.02076	0.04422	0.02256	0.01083	0.00541	0.00180	0.00361	0.81138	0.00361	0.00361
69	0.00786	0.02028	0.84191	0.01117	0.01697	0.00910	0.01448	0.01242	0.00828	0.01242	0.00704	0.00828	0.00497	0.00372	0.00372	0.00124	0.00579	0.00290	0.00166	0.00579
70	0.01520	0.01051	0.01147	0.00880	0.01192	0.01146	0.00727	0.73627	0.01764	0.11425	0.01008	0.00984	0.00700	0.00472	0.00392	0.00118	0.00421	0.00357	0.00402	0.00667
71	0.01490	0.01098	0.01177	0.00902	0.01216	0.01216	0.00745	0.82470	0.01843	0.02471	0.00941	0.00941	0.00667	0.00471	0.00392	0.00118	0.00431	0.00353	0.00392	0.00667
72	0.01753	0.00677	0.00916	0.00702	0.01006	0.00591	0.00580	0.03812	0.01139	0.82123	0.01532	0.01325	0.00963	0.00485	0.00394	0.00121	0.00336	0.00393	0.00483	0.00667
73	0.00472	0.00398	0.00410	0.00407	0.00535	0.00335	0.00305	0.00580	0.00915	0.01110	0.11932	0.03688	0.75625	0.00974	0.00463	0.00131	0.00197	0.00816	0.00371	0.00335
74	0.01490	0.01098	0.01177	0.00902	0.01216	0.01216	0.00745	0.82470	0.01843	0.02471	0.00941	0.00941	0.00667	0.00471	0.00392	0.00118	0.00431	0.00353	0.00392	0.00667
75	0.00478	0.00341	0.00455	0.00546	0.00569	0.00318	0.00364	0.00546	0.00751	0.01001	0.02161	0.85966	0.02593	0.01228	0.00500	0.00159	0.00227	0.01114	0.00364	0.00318
76	0.00568	0.00429	0.00632	0.00627	0.00691	0.00501	0.00483	0.00698	0.00625	0.00901	0.01048	0.01588	0.00997	0.08220	0.77217	0.00602	0.03188	0.00428	0.00211	0.00345
77	0.00570	0.00380	0.00428	0.00428	0.00428	0.00380	0.00238	0.00570	0.00570	0.00760	0.01235	0.02566	0.01425	0.86222	0.01995	0.00380	0.00380	0.00570	0.00238	0.00238
78	0.00809	0.00767	0.01300	0.60570	0.26874	0.00889	0.01123	0.01062	0.00816	0.01085	0.00709	0.01023	0.00552	0.00379	0.00391	0.00126	0.00506	0.00349	0.00180	0.00491
79	0.00605	0.00454	0.00561	0.00524	0.00634	0.00439	0.00395	0.02681	0.08397	0.01552	0.67289	0.04258	0.09125	0.00791	0.00456	0.00125	0.00203	0.00693	0.00422	0.00395
80	0.00579	0.00404	0.00533	0.00606	0.01921	0.00384	0.00434	0.02497	0.00832	0.03616	0.04562	0.55181	0.07631	0.03315	0.00536	0.00163	0.00264	0.15827	0.00364	0.00350
81	0.00859	0.00826	0.01296	0.32796	0.14905	0.01021	0.04617	0.03896	0.02581	0.01102	0.00669	0.00971	0.00558	0.00496	0.00721	0.00143	0.31520	0.00354	0.00190	0.00479
82	0.00882	0.00842	0.01388	0.25396	0.52584	0.02165	0.01105	0.01110	0.00858	0.01184	0.02187	0.04103	0.00735	0.00418	0.00415	0.00124	0.02248	0.01511	0.00201	0.00544
83	0.00983	0.03243	0.01754	0.01568	0.20710	0.10052	0.39796	0.02466	0.00950	0.02872	0.04596	0.04803	0.00826	0.00408	0.00422	0.00122	0.00552	0.00437	0.00224	0.03215
84	0.02007	0.09316	0.48341	0.01098	0.05599	0.04704	0.06709	0.04147	0.00879	0.02683	0.00754	0.03433	0.00593	0.00399	0.00385	0.00117	0.02304	0.00321	0.00196	0.06013

[dist]
# distance from previous block
# <min> <max>
2	27

[block]
# block no. 1 follows, 69 sequences, length 109
# corresponding to MSA columns:
# 238-346
name=unknown_B
#
# <colnr> <probs for GDERKNQSTAVLIFYWHMCP>
#	G	D	E	R	K	N	Q	S	T	A	V	L	I	F	Y	W	H	M	C	P
0	0.00801	0.00667	0.00748	0.00596	0.00855	0.02988	0.00471	0.05137	0.04632	0.02555	0.13032	0.02585	0.09560	0.00545	0.01753	0.00099	0.00301	0.03382	0.00299	0.48997
1	0.00693	0.06829	0.22124	0.00869	0.04755	0.00680	0.06271	0.02202	0.05320	0.01168	0.04559	0.36185	0.05205	0.00772	0.00433	0.00137	0.00375	0.00687	0.00286	0.00450
2	0.00769	0.00495	0.00609	0.00543	0.00695	0.00462	0.00418	0.01030	0.09449	0.13473	0.48277	0.02595	0.14913	0.00738	0.00440	0.00123	0.00225	0.00636	0.00419	0.03693
3	0.01260	0.03418	0.03423	0.02513	0.26896	0.40928	0.00909	0.09031	0.03480	0.02458	0.00722	0.00850	0.00583	0.00399	0.00379	0.00110	0.01577	0.00302	0.00225	0.00538
4	0.00841	0.05136	0.75590	0.01094	0.01639	0.06545	0.01373	0.01261	0.00846	0.01211	0.00691	0.00812	0.00497	0.00373	0.00367	0.00121	0.00582	0.00284	0.00168	0.00568
5	0.00862	0.00868	0.01111	0.00965	0.00983	0.06696	0.00789	0.00947	0.00635	0.00931	0.00600	0.00997	0.00600	0.06091	0.06606	0.00209	0.69162	0.00356	0.00180	0.00414
6	0.00483	0.00345	0.00452	0.00534	0.00558	0.00323	0.00354	0.00548	0.00742	0.00986	0.02142	0.78428	0.04438	0.06917	0.00600	0.00173	0.00237	0.01071	0.00355	0.00313
7	0.00469	0.00397	0.00405	0.00403	0.00533	0.00333	0.00302	0.00574	0.00907	0.01091	0.08990	0.03720	0.78579	0.00981	0.00463	0.00132	0.00198	0.00820	0.00368	0.00333
8	0.01464	0.01868	0.01111	0.01010	0.01212	0.84648	0.00757	0.01565	0.01111	0.00959	0.00606	0.00707	0.00505	0.00404	0.00353	0.00101	0.00707	0.00252	0.00202	0.00454
9	0.00478	0.00341	0.00455	0.00546	0.00569	0.00318	0.00364	0.00546	0.00751	0.01001	0.02161	0.85966	0.02593	0.01228	0.00500	0.00159	0.00227	0.01114	0.00364	0.00318
10	0.00467	0.00397	0.00402	0.00401	0.00532	0.00332	0.00301	0.00569	0.00902	0.01078	0.06912	0.03742	0.80665	0.00986	0.00463	0.00132	0.00198	0.00823	0.00367	0.00332
11	0.01048	0.86458	0.02054	0.00671	0.01006	0.01551	0.00671	0.01174	0.00797	0.00922	0.00545	0.00629	0.00503	0.00335	0.00252	0.00084	0.00419	0.00210	0.00168	0.00503
12	0.01490	0.01098	0.01177	0.00902	0.01216	0.01216	0.00745	0.82470	0.01843	0.02471	0.00941	0.00941	0.00667	0.00471	0.00392	0.00118	0.00431	0.00353	0.00392	0.00667
13	0.00813	0.00697	0.00813	0.00581	0.00929	0.00523	0.00465	0.00987	0.00813	0.01277	0.00697	0.00813	0.00581	0.00290	0.00290	0.00058	0.00290	0.00232	0.00232	0.88619
14	0.88991	0.00758	0.00576	0.00516	0.00758	0.00879	0.00425	0.01152	0.00667	0.01759	0.00546	0.00637	0.00425	0.00364	0.00243	0.00121	0.00303	0.00212	0.00243	0.00425
15	0.00858	0.00858	0.01201	0.01029	0.01029	0.01201	0.00858	0.00943	0.00600	0.00943	0.00515	0.00858	0.00515	0.00686	0.01287	0.00172	0.85505	0.00343	0.00172	0.00429
16	0.00467	0.00397	0.00402	0.00401	0.00532	0.00332	0.00300	0.00569	0.00901	0.01077	0.06799	0.03743	0.80778	0.00986	0.00463	0.00132	0.00198	0.00823	0.00366	0.00332
17	0.01048	0.86458	0.02054	0.00671	0.01006	0.01551	0.00671	0.01174	0.00797	0.00922	0.00545	0.00629	0.00503	0.00335	0.00252	0.00084	0.00419	0.00210	0.00168	0.00503
18	0.00570	0.00380	0.00428	0.00428	0.00428	0.00380	0.00238	0.00570	0.00570	0.00760	0.01235	0.02566	0.01425	0.86222	0.01995	0.00380	0.00380	0.00570	0.00238	0.00238
19	0.01494	0.01092	0.01173	0.00899	0.01213	0.01206	0.00743	0.81272	0.01833	0.03683	0.00950	0.00947	0.00671	0.00471	0.00392	0.00118	0.00430	0.00354	0.00394	0.00667
20	0.03041	0.01086	0.01162	0.00892	0.01205	0.01201	0.00737	0.79908	0.01812	0.03596	0.00943	0.00941	0.00667	0.00469	0.00390	0.00118	0.00428	0.00351	0.00391	0.00662
21	0.00786	0.02028	0.84191	0.01117	0.01697	0.00910	0.01448	0.01242	0.00828	0.01242	0.00704	0.00828	0.00497	0.00372	0.00372	0.00124	0.00579	0.00290	0.00166	0.00579
22	0.00555	0.00401	0.00524	0.00493	0.00586	0.00370	0.00370	0.00740	0.01110	0.01572	0.83570	0.02928	0.03699	0.00801	0.00462	0.00123	0.00185	0.00709	0.00432	0.00370
23	0.01490	0.01098	0.01177	0.00902	0.01216	0.01216	0.00745	0.82470	0.01843	0.02471	0.00941	0.00941	0.00667	0.00471	0.00392	0.00118	0.00431	0.00353	0.00392	0.00667
24	0.01293	0.00779	0.00903	0.00759	0.01014	0.00823	0.00605	0.05928	0.46137	0.33258	0.03098	0.01416	0.01131	0.00516	0.00398	0.00128	0.00323	0.00425	0.00432	0.00636
25	0.01729	0.00716	0.00940	0.00721	0.01025	0.00648	0.00595	0.10995	0.01203	0.74848	0.01478	0.01290	0.00936	0.00484	0.00394	0.00121	0.00345	0.00390	0.00475	0.00667
26	0.01499	0.01083	0.01167	0.00895	0.01208	0.01194	0.00739	0.79706	0.01819	0.05269	0.00962	0.00955	0.00677	0.00471	0.00392	0.00118	0.00428	0.00354	0.00395	0.00667
27	0.00747	0.00704	0.01188	0.82787	0.05139	0.00873	0.01092	0.01008	0.00787	0.01010	0.00698	0.01043	0.00526	0.00391	0.00392	0.00130	0.00521	0.00348	0.00175	0.00441
28	0.00478	0.00341	0.00455	0.00546	0.00569	0.00318	0.00364	0.00546	0.00751	0.01001	0.02161	0.85966	0.02593	0.01228	0.00500	0.00159	0.00227	0.01114	0.00364	0.00318
29	0.00731	0.00365	0.00365	0.00365	0.00457	0.00365	0.00274	0.00913	0.00822	0.01462	0.01279	0.01462	0.01005	0.00457	0.00274	0.00091	0.00183	0.00365	0.88399	0.00365
30	0.01048	0.86458	0.02054	0.00671	0.01006	0.01551	0.00671	0.01174	0.00797	0.00922	0.00545	0.00629	0.00503	0.00335	0.00252	0.00084	0.00419	0.00210	0.00168	0.00503
31	0.88991	0.00758	0.00576	0.00516	0.00758	0.00879	0.00425	0.01152	0.00667	0.01759	0.00546	0.00637	0.00425	0.00364	0.00243	0.00121	0.00303	0.00212	0.00243	0.00425
32	0.01759	0.00667	0.00910	0.00698	0.01001	0.00576	0.00576	0.01911	0.01122	0.84048	0.01547	0.01334	0.00970	0.00485	0.00394	0.00121	0.00334	0.00394	0.00485	0.00667
33	0.00544	0.00398	0.00511	0.00488	0.00581	0.00364	0.00364	0.00717	0.01076	0.01506	0.73582	0.06858	0.09872	0.00836	0.00464	0.00126	0.00188	0.00737	0.00423	0.00364
34	0.00555	0.00401	0.00524	0.00493	0.00586	0.00370	0.00370	0.00740	0.01110	0.01572	0.83570	0.02928	0.03699	0.00801	0.00462	0.00123	0.00185	0.00709	0.00432	0.00370
35	0.00478	0.00341	0.00455	0.00546	0.00569	0.00318	0.00364	0.00546	0.00751	0.01001	0.02161	0.85966	0.02593	0.01228	0.00500	0.00159	0.00227	0.01114	0.00364	0.00318
36	0.00554	0.00400	0.00523	0.00494	0.00585	0.00369	0.00370	0.00737	0.01104	0.01564	0.82356	0.04166	0.03683	0.00808	0.00463	0.00124	0.00186	0.00715	0.00431	0.00369
37	0.01048	0.86458	0.02054	0.00671	0.01006	0.01551	0.00671	0.01174	0.00797	0.00922	0.00545	0.00629	0.00503	0.00335	0.00252	0.00084	0.00419	0.00210	0.00168	0.00503
38	0.00761	0.00463	0.00602	0.00537	0.00667	0.00429	0.00413	0.03713	0.01137	0.13550	0.68854	0.02629	0.03200	0.00744	0.00450	0.00123	0.00215	0.00651	0.00438	0.00423
39	0.00555	0.00401	0.00524	0.00493	0.00586	0.00370	0.00370	0.00740	0.01110	0.01572	0.83570	0.02928	0.03699	0.00801	0.00462	0.00123	0.00185	0.00709	0.00432	0.00370
40	0.00786	0.02028	0.84191	0.01117	0.01697	0.00910	0.01448	0.01242	0.00828	0.01242	0.00704	0.00828	0.00497	0.00372	0.00372	0.00124	0.00579	0.00290	0.00166	0.00579
41	0.88991	0.00758	0.00576	0.00516	0.00758	0.00879	0.00425	0.01152	0.00667	0.01759	0.00546	0.00637	0.00425	0.00364	0.00243	0.00121	0.00303	0.00212	0.00243	0.00425
42	0.00555	0.00401	0.00524	0.00493	0.00586	0.00370	0.00370	0.00740	0.01110	0.01572	0.83570	0.02928	0.03699	0.00801	0.00462	0.00123	0.00185	0.00709	0.00432	0.00370
43	0.00757	0.00391	0.00393	0.00384	0.00483	0.00395	0.00290	0.03711	0.00857	0.01496	0.01267	0.01444	0.00993	0.00457	0.00278	0.00092	0.00191	0.00365	0.85380	0.00376
44	0.01490	0.01098	0.01177	0.00902	0.01216	0.01216	0.00745	0.82470	0.01843	0.02471	0.00941	0.00941	0.00667	0.00471	0.00392	0.00118	0.00431	0.00353	0.00392	0.00667
45	0.00925	0.01058	0.02313	0.01652	0.02049	0.00991	0.82353	0.01256	0.00925	0.01256	0.00793	0.01058	0.00595	0.00330	0.00463	0.00132	0.00661	0.00463	0.00198	0.00529
46	0.00975	0.00842	0.00886	0.00798	0.01019	0.00975	0.00621	0.02083	0.83069	0.01640	0.01596	0.01463	0.01197	0.00532	0.00399	0.00133	0.00310	0.00443	0.00399	0.00621
47	0.00519	0.00399	0.00474	0.00455	0.00564	0.00355	0.00342	0.00670	0.01025	0.01371	0.52308	0.03260	0.35086	0.00877	0.00463	0.00127	0.00190	0.00755	0.00405	0.00355
48	0.02785	0.01110	0.00948	0.00850	0.01070	0.22191	0.00656	0.04790	0.57848	0.01499	0.01302	0.01237	0.00988	0.00494	0.00384	0.00124	0.00415	0.00387	0.00346	0.00576
49	0.00555	0.00401	0.00524	0.00493	0.00586	0.00370	0.00370	0.00740	0.01110	0.01572	0.83570	0.02928	0.03699	0.00801	0.00462	0.00123	0.00185	0.00709	0.00432	0.00370
50	0.00478	0.00341	0.00455	0.00546	0.00569	0.00318	0.00364	0.00546	0.00751	0.01001	0.02161	0.85966	0.02593	0.01228	0.00500	0.00159	0.00227	0.01114	0.00364	0.00318
51	0.00740	0.00697	0.01176	0.85280	0.02700	0.00871	0.01089	0.01002	0.00784	0.01002	0.00697	0.01045	0.00523	0.00392	0.00392	0.00131	0.00523	0.00348	0.00174	0.00436
52	0.00925	0.01058	0.02313	0.01652	0.02049	0.00991	0.82353	0.01256	0.00925	0.01256	0.00793	0.01058	0.00595	0.00330	0.00463	0.00132	0.00661	0.00463	0.00198	0.00529
53	0.00894	0.00435	0.00477	0.00438	0.00568	0.00425	0.00338	0.02344	0.03012	0.13647	0.04245	0.01487	0.01095	0.00475	0.00303	0.00098	0.00212	0.00384	0.68700	0.00421
54	0.00677	0.00343	0.00514	0.00514	0.00516	0.00345	0.00345	0.00516	0.00514	0.00688	0.00692	0.01202	0.00690	0.01408	0.03959	0.86026	0.00361	0.00343	0.00171	0.00175
55	0.00739	0.00608	0.00660	0.00612	0.00769	0.02137	0.00475	0.06408	0.25994	0.01470	0.24332	0.03916	0.23567	0.00766	0.00443	0.00132	0.00264	0.05860	0.00392	0.00455
56	0.02577	0.37661	0.47910	0.00917	0.01387	0.01180	0.01101	0.01211	0.00811	0.01117	0.00634	0.00740	0.00498	0.00357	0.00319	0.00107	0.00506	0.00254	0.00168	0.00544
57	0.02428	0.02393	0.01492	0.06073	0.56891	0.14221	0.04084	0.03040	0.00931	0.01234	0.00709	0.00921	0.00590	0.00372	0.00407	0.00116	0.02993	0.00334	0.00199	0.00573
58	0.00477	0.00343	0.00453	0.00541	0.00567	0.00319	0.00362	0.00546	0.00755	0.01003	0.02223	0.83147	0.05372	0.01220	0.00499	0.00158	0.00226	0.01105	0.00364	0.00319
59	0.00959	0.00920	0.01571	0.06547	0.79726	0.00928	0.01197	0.01193	0.00887	0.01267	0.00735	0.00974	0.00616	0.00351	0.00388	0.00117	0.00469	0.00349	0.00193	0.00612
60	0.00841	0.00690	0.00811	0.00584	0.00926	0.00521	0.00467	0.01013	0.00823	0.04214	0.00750	0.02169	0.00626	0.00312	0.00297	0.00062	0.00291	0.00252	0.00243	0.84107
61	0.00510	0.00394	0.00453	0.00461	0.00566	0.00346	0.00342	0.00629	0.00926	0.02180	0.22928	0.17044	0.46816	0.00982	0.00471	0.00136	0.00208	0.03883	0.00382	0.00344
62	0.00477	0.00343	0.00453	0.00542	0.00568	0.00319	0.00362	0.00546	0.00754	0.01002	0.02207	0.83848	0.04682	0.01222	0.00499	0.00159	0.00227	0.01107	0.00364	0.00319
63	0.00555	0.00401	0.00524	0.00493	0.00586	0.00370	0.00370	0.00740	0.01110	0.01572	0.83570	0.02928	0.03699	0.00801	0.00462	0.00123	0.00185	0.00709	0.00432	0.00370
64	0.00478	0.00358	0.00444	0.00506	0.00560	0.00324	0.00348	0.00559	0.00804	0.01043	0.06483	0.61371	0.23002	0.01149	0.00489	0.00151	0.00218	0.01023	0.00367	0.00324
65	0.01464	0.01868	0.01111	0.01010	0.01212	0.84648	0.00757	0.01565	0.01111	0.00959	0.00606	0.00707	0.00505	0.00404	0.00353	0.00101	0.00707	0.00252	0.00202	0.00454
66	0.00970	0.00931	0.01591	0.02406	0.83777	0.00931	0.01203	0.01203	0.00893	0.01281	0.00737	0.00970	0.00621	0.00349	0.00388	0.00116	0.00466	0.00349	0.00194	0.00621
67	0.00484	0.00400	0.00427	0.00440	0.00562	0.00344	0.00338	0.00592	0.00892	0.01078	0.05168	0.07439	0.69947	0.01009	0.00473	0.00138	0.00217	0.09353	0.00365	0.00334
68	0.01048	0.86458	0.02054	0.00671	0.01006	0.01551	0.00671	0.01174	0.00797	0.00922	0.00545	0.00629	0.00503	0.00335	0.00252	0.00084	0.00419	0.00210	0.00168	0.00503
69	0.00740	0.00697	0.01176	0.85280	0.02700	0.00871	0.01089	0.01002	0.00784	0.01002	0.00697	0.01045	0.00523	0.00392	0.00392	0.00131	0.00523	0.00348	0.00174	0.00436
70	0.00481	0.00344	0.00459	0.00548	0.00573	0.00321	0.00368	0.00553	0.00759	0.01013	0.03459	0.83284	0.02605	0.01219	0.00500	0.00159	0.00229	0.02440	0.00365	0.00320
71	0.00480	0.00398	0.00421	0.00415	0.00540	0.00338	0.00311	0.00595	0.00934	0.01154	0.18716	0.03616	0.68814	0.00957	0.00463	0.00131	0.00196	0.00805	0.00377	0.00338
72	0.00937	0.00844	0.03927	0.00776	0.00994	0.02131	0.00628	0.04496	0.61665	0.02639	0.07601	0.01691	0.05218	0.00580	0.00424	0.00133	0.01795	0.02562	0.00384	0.00577
73	0.00786	0.02028	0.84191	0.01117	0.01697	0.00910	0.01448	0.01242	0.00828	0.01242	0.00704	0.00828	0.00497	0.00372	0.00372	0.00124	0.00579	0.00290	0.00166	0.00579
74	0.00528	0.00341	0.00469	0.00537	0.00554	0.00324	0.00358	0.00537	0.00691	0.00922	0.01795	0.65031	0.02121	0.01261	0.00755	0.21998	0.00255	0.00923	0.00316	0.00282
75	0.00915	0.00966	0.01914	0.13368	0.29667	0.00955	0.43882	0.01203	0.00895	0.01229	0.00761	0.01026	0.00594	0.00345	0.00428	0.00127	0.00576	0.00409	0.00194	0.00547
76	0.00509	0.00360	0.00476	0.00557	0.00587	0.00343	0.00387	0.00585	0.00752	0.00999	0.02050	0.65893	0.02422	0.10279	0.00666	0.00186	0.00262	0.12020	0.00350	0.00316
77	0.01150	0.02555	0.01004	0.00828	0.01081	0.01061	0.00661	0.30211	0.51832	0.01908	0.01355	0.02504	0.01018	0.00517	0.00395	0.00127	0.00354	0.00417	0.00392	0.00630
78	0.00945	0.00738	0.00858	0.00622	0.00964	0.00600	0.00502	0.09775	0.00943	0.06630	0.00777	0.00860	0.00614	0.00322	0.00308	0.00068	0.00308	0.00255	0.00265	0.73644
79	0.02916	0.00846	0.08455	0.01062	0.01319	0.00725	0.32709	0.05461	0.02195	0.04301	0.01352	0.26307	0.02340	0.03172	0.00502	0.00148	0.00457	0.04986	0.00282	0.00463
80	0.00786	0.02028	0.84191	0.01117	0.01697	0.00910	0.01448	0.01242	0.00828	0.01242	0.00704	0.00828	0.00497	0.00372	0.00372	0.00124	0.00579	0.00290	0.00166	0.00579
81	0.01725	0.00675	0.00909	0.00702	0.01002	0.00593	0.00578	0.01918	0.04663	0.80487	0.01549	0.01340	0.00980	0.00487	0.00394	0.00122	0.00333	0.00396	0.00481	0.00665
82	0.00563	0.00417	0.00613	0.00613	0.00679	0.00481	0.00471	0.00696	0.00630	0.00910	0.01065	0.01601	0.01008	0.07973	0.78236	0.00606	0.00995	0.00428	0.01670	0.00343
83	0.00756	0.03674	0.03813	0.00895	0.02165	0.04429	0.20120	0.01060	0.11604	0.02118	0.10184	0.21442	0.10990	0.01990	0.00471	0.00139	0.00384	0.03010	0.00312	0.00444
84	0.00858	0.00858	0.01201	0.01029	0.01029	0.01201	0.00858	0.00943	0.00600	0.00943	0.00515	0.00858	0.00515	0.00686	0.01287	0.00172	0.85505	0.00343	0.00172	0.00429
85	0.00495	0.00365	0.00467	0.00540	0.00592	0.00337	0.00385	0.00584	0.00799	0.01040	0.03691	0.60504	0.16704	0.01163	0.00498	0.00157	0.00238	0.10749	0.00365	0.00327
86	0.01343	0.01227	0.01230	0.01030	0.04300	0.20451	0.07203	0.43379	0.09971	0.01846	0.00906	0.00958	0.00678	0.00482	0.01483	0.00124	0.02130	0.00348	0.00320	0.00592
87	0.00897	0.00856	0.01458	0.28959	0.57799	0.00912	0.01167	0.01139	0.00858	0.01191	0.00724	0.00994	0.00589	0.00363	0.00389	0.00121	0.00484	0.00349	0.00188	0.00562
88	0.00532	0.00412	0.00487	0.00481	0.00584	0.00378	0.00355	0.00715	0.04869	0.01317	0.40569	0.14323	0.31715	0.00914	0.00465	0.00132	0.00201	0.00793	0.00397	0.00361
89	0.00467	0.00396	0.00403	0.00404	0.00532	0.00332	0.00302	0.00568	0.00896	0.01073	0.06391	0.06146	0.78770	0.00994	0.00464	0.00133	0.00199	0.00832	0.00366	0.00332
90	0.00786	0.02028	0.84191	0.01117	0.01697	0.00910	0.01448	0.01242	0.00828	0.01242	0.00704	0.00828	0.00497	0.00372	0.00372	0.00124	0.00579	0.00290	0.00166	0.00579
91	0.04217	0.01108	0.03382	0.01540	0.04273	0.07680	0.66132	0.01283	0.02484	0.01257	0.00804	0.01075	0.00621	0.00356	0.00442	0.00130	0.00632	0.01856	0.00206	0.00521
92	0.00575	0.00405	0.00531	0.00497	0.00593	0.00373	0.00373	0.00760	0.01110	0.02968	0.82182	0.02901	0.03653	0.00796	0.00461	0.00123	0.00187	0.00704	0.00432	0.00375
93	0.01464	0.01868	0.01111	0.01010	0.01212	0.84648	0.00757	0.01565	0.01111	0.00959	0.00606	0.00707	0.00505	0.00404	0.00353	0.00101	0.00707	0.00252	0.00202	0.00454
94	0.01383	0.00977	0.01072	0.00834	0.01118	0.01061	0.00684	0.66326	0.01698	0.07693	0.11969	0.01231	0.01090	0.00516	0.00402	0.00119	0.00392	0.00403	0.00404	0.00627
95	0.00537	0.00400	0.00500	0.00475	0.00575	0.00362	0.00356	0.00706	0.01068	0.01474	0.68284	0.03091	0.19047	0.00838	0.00463	0.00125	0.00188	0.00732	0.00419	0.00362
96	0.00506	0.00417	0.00451	0.00467	0.00584	0.00373	0.00351	0.00661	0.05307	0.01090	0.03417	0.16375	0.60375	0.01011	0.00472	0.00140	0.00222	0.07068	0.00366	0.00347
97	0.82202	0.00762	0.00609	0.00535	0.00783	0.00872	0.00441	0.03288	0.00721	0.06054	0.00608	0.00681	0.00459	0.00373	0.00254	0.00121	0.00308	0.00225	0.00259	0.00443
98	0.04707	0.01078	0.01145	0.00884	0.01193	0.01196	0.00729	0.76957	0.04334	0.02419	0.00947	0.00946	0.00674	0.00469	0.00387	0.00118	0.00423	0.00351	0.00387	0.00656
99	0.00570	0.00380	0.00428	0.00428	0.00428	0.00380	0.00238	0.00570	0.00570	0.00760	0.01235	0.02566	0.01425	0.86222	0.01995	0.00380	0.00380	0.00570	0.00238	0.00238
100	0.00567	0.00392	0.00486	0.00486	0.00507	0.00412	0.00311	0.00608	0.00588	0.00804	0.01182	0.02268	0.01296	0.62055	0.25986	0.00453	0.00575	0.00527	0.00230	0.00270
101	0.01558	0.00876	0.01039	0.00816	0.01105	0.10234	0.06088	0.09841	0.06240	0.53396	0.02582	0.01273	0.02126	0.00479	0.00396	0.00120	0.00402	0.00393	0.00417	0.00621
102	0.73715	0.00849	0.00678	0.00587	0.00838	0.04395	0.00481	0.11996	0.00842	0.01821	0.00601	0.00680	0.00460	0.00380	0.00267	0.00120	0.00337	0.00233	0.00261	0.00458
103	0.00915	0.26382	0.41023	0.01089	0.01548	0.04206	0.17217	0.01237	0.00848	0.01141	0.00672	0.00811	0.00518	0.00355	0.00354	0.00113	0.00554	0.00299	0.00174	0.00543
104	0.00746	0.00705	0.01198	0.82869	0.03852	0.00874	0.02280	0.01008	0.00788	0.01009	0.00699	0.01044	0.00525	0.00390	0.00393	0.00130	0.00524	0.00350	0.00175	0.00440
105	0.00793	0.00590	0.00949	0.00853	0.01016	0.00571	0.15371	0.05273	0.00952	0.08365	0.04286	0.19079	0.02927	0.00881	0.00495	0.00157	0.00383	0.36285	0.00347	0.00426
106	0.00760	0.00928	0.21650	0.00911	0.01168	0.00620	0.16382	0.00980	0.00832	0.08687	0.01455	0.38522	0.01509	0.03095	0.00492	0.00148	0.00412	0.00704	0.00290	0.00453
107	0.01073	0.57578	0.09687	0.00862	0.01222	0.04194	0.12021	0.01259	0.00852	0.07060	0.00669	0.00761	0.00549	0.00351	0.00306	0.00098	0.00471	0.00267	0.00196	0.00524
108	0.01035	0.78465	0.08445	0.00711	0.01063	0.02884	0.00733	0.01186	0.00804	0.00948	0.00558	0.00646	0.00503	0.00339	0.00263	0.00087	0.00437	0.00217	0.00168	0.00508

[dist]
# distance from previous block
# <min> <max>
3	19

[block]
# block no. 2 follows, 69 sequences, length 64
# corresponding to MSA columns:
# 366-429
name=unknown_C
#
# <colnr> <probs for GDERKNQSTAVLIFYWHMCP>
#	G	D	E	R	K	N	Q	S	T	A	V	L	I	F	Y	W	H	M	C	P
0	0.00871	0.09073	0.52464	0.01145	0.07856	0.02470	0.05220	0.01260	0.04578	0.03974	0.00828	0.04900	0.00659	0.00425	0.00398	0.00123	0.02650	0.00346	0.00201	0.00560
1	0.00644	0.00424	0.00519	0.00503	0.00542	0.00441	0.00328	0.02285	0.02137	0.04401	0.01206	0.02220	0.01282	0.59747	0.21301	0.00418	0.00535	0.00521	0.00248	0.00298
2	0.00621	0.00507	0.02894	0.00582	0.03205	0.00454	0.00439	0.00873	0.08063	0.03634	0.49213	0.02800	0.21461	0.00841	0.02556	0.00139	0.00244	0.00675	0.00395	0.00403
3	0.00800	0.10403	0.71323	0.01046	0.01572	0.00951	0.01317	0.01205	0.00814	0.01191	0.00707	0.00847	0.00524	0.00511	0.05034	0.00148	0.00589	0.00289	0.00168	0.00559
4	0.01006	0.06907	0.05913	0.07699	0.54161	0.04685	0.02491	0.07704	0.00958	0.01310	0.00751	0.00989	0.00624	0.00380	0.00391	0.00117	0.01419	0.01700	0.00208	0.00586
5	0.01130	0.70636	0.01890	0.00716	0.01045	0.03279	0.00685	0.14522	0.00975	0.01177	0.00611	0.00682	0.00530	0.00359	0.00277	0.00090	0.00427	0.00234	0.00205	0.00529
6	0.01048	0.86458	0.02054	0.00671	0.01006	0.01551	0.00671	0.01174	0.00797	0.00922	0.00545	0.00629	0.00503	0.00335	0.00252	0.00084	0.00419	0.00210	0.00168	0.00503
7	0.01182	0.04477	0.20614	0.01189	0.15268	0.01051	0.02127	0.36399	0.05729	0.05432	0.00915	0.02261	0.00684	0.00436	0.00385	0.00120	0.00461	0.00352	0.00299	0.00623
8	0.03635	0.65594	0.13171	0.00755	0.01104	0.05305	0.00780	0.01193	0.00805	0.00993	0.00569	0.00668	0.00500	0.00356	0.00307	0.00094	0.03266	0.00227	0.00171	0.00506
9	0.00471	0.00367	0.00429	0.00478	0.00551	0.00324	0.00334	0.00553	0.00816	0.01027	0.02985	0.48565	0.39462	0.01121	0.00484	0.00147	0.00214	0.00984	0.00364	0.00324
10	0.00560	0.00420	0.00630	0.00630	0.00700	0.00490	0.00490	0.00700	0.00630	0.00910	0.01050	0.01540	0.00980	0.02940	0.84669	0.00630	0.01050	0.00420	0.00210	0.00350
11	0.00570	0.00380	0.00428	0.00428	0.00428	0.00380	0.00238	0.00570	0.00570	0.00760	0.01235	0.02566	0.01425	0.86222	0.01995	0.00380	0.00380	0.00570	0.00238	0.00238
12	0.01211	0.18562	0.03119	0.02589	0.04986	0.13082	0.00734	0.18087	0.12815	0.09974	0.03509	0.01075	0.00820	0.00469	0.00420	0.00116	0.05859	0.01718	0.00297	0.00558
13	0.00813	0.00697	0.00813	0.00581	0.00929	0.00523	0.00465	0.00987	0.00813	0.01277	0.00697	0.00813	0.00581	0.00290	0.00290	0.00058	0.00290	0.00232	0.00232	0.88619
14	0.00963	0.03323	0.49215	0.00962	0.02196	0.01763	0.01091	0.06519	0.05885	0.12704	0.02094	0.01303	0.05395	0.00477	0.00390	0.00126	0.00480	0.04282	0.00262	0.00570
15	0.01021	0.09345	0.01496	0.05099	0.44516	0.12433	0.06387	0.03344	0.04808	0.01219	0.00817	0.05197	0.00714	0.00416	0.00392	0.00116	0.01535	0.00373	0.00215	0.00557
16	0.01442	0.01829	0.01111	0.01030	0.02650	0.81799	0.00763	0.01547	0.01104	0.00969	0.00632	0.00773	0.00536	0.00414	0.00357	0.00103	0.00697	0.01584	0.00204	0.00456
17	0.01448	0.01841	0.01112	0.02959	0.01246	0.82710	0.00765	0.01552	0.01103	0.00960	0.00608	0.00715	0.00505	0.00404	0.00354	0.00102	0.00703	0.00255	0.00201	0.00454
18	0.00552	0.00401	0.00520	0.00490	0.00584	0.00369	0.00368	0.00735	0.01103	0.01557	0.81271	0.02953	0.06008	0.00807	0.00462	0.00124	0.00185	0.00712	0.00430	0.00369
19	0.00480	0.00398	0.00421	0.00415	0.00540	0.00338	0.00311	0.00596	0.00934	0.01154	0.18770	0.03616	0.68760	0.00957	0.00463	0.00131	0.00196	0.00805	0.00377	0.00338
20	0.00570	0.00380	0.00428	0.00428	0.00428	0.00380	0.00238	0.00570	0.00570	0.00760	0.01235	0.02566	0.01425	0.86222	0.01995	0.00380	0.00380	0.00570	0.00238	0.00238
21	0.03143	0.00700	0.00922	0.00710	0.01011	0.00629	0.00586	0.07269	0.02286	0.76150	0.01491	0.01299	0.00944	0.00483	0.00392	0.00121	0.00339	0.00389	0.00474	0.00663
22	0.01490	0.01098	0.01177	0.00902	0.01216	0.01216	0.00745	0.82470	0.01843	0.02471	0.00941	0.00941	0.00667	0.00471	0.00392	0.00118	0.00431	0.00353	0.00392	0.00667
23	0.01747	0.00686	0.00922	0.00707	0.01010	0.00604	0.00584	0.05469	0.01154	0.80445	0.01520	0.01317	0.00957	0.00485	0.00394	0.00121	0.00338	0.00392	0.00481	0.00667
24	0.00566	0.00423	0.00491	0.00474	0.00597	0.00381	0.00363	0.00729	0.03102	0.04174	0.32495	0.03275	0.43462	0.00962	0.03239	0.00147	0.00236	0.04130	0.00388	0.00366
25	0.01048	0.86458	0.02054	0.00671	0.01006	0.01551	0.00671	0.01174	0.00797	0.00922	0.00545	0.00629	0.00503	0.00335	0.00252	0.00084	0.00419	0.00210	0.00168	0.00503
26	0.85127	0.00773	0.00603	0.00533	0.00778	0.00894	0.00439	0.04744	0.00719	0.01790	0.00563	0.00650	0.00435	0.00369	0.00249	0.00121	0.00309	0.00218	0.00249	0.00435
27	0.00681	0.00340	0.00511	0.00511	0.00511	0.00340	0.00340	0.00511	0.00511	0.00681	0.00681	0.01192	0.00681	0.01362	0.01532	0.88594	0.00340	0.00340	0.00170	0.00170
28	0.69349	0.00738	0.00651	0.00557	0.00813	0.00811	0.00459	0.01323	0.00770	0.20288	0.00771	0.00794	0.00547	0.00391	0.00277	0.00121	0.00310	0.00253	0.00297	0.00479
29	0.00570	0.00380	0.00428	0.00428	0.00428	0.00380	0.00238	0.00570	0.00570	0.00760	0.01235	0.02566	0.01425	0.86222	0.01995	0.00380	0.00380	0.00570	0.00238	0.00238
30	0.01418	0.01540	0.01105	0.00956	0.01192	0.52037	0.00739	0.24376	0.10276	0.01459	0.00808	0.00855	0.00626	0.00437	0.00369	0.00109	0.00586	0.00302	0.00277	0.00532
31	0.00482	0.00398	0.00423	0.00416	0.00541	0.00339	0.00312	0.00598	0.00937	0.01162	0.20005	0.03603	0.67520	0.00954	0.00463	0.00131	0.00196	0.00804	0.00378	0.00339
32	0.40515	0.01044	0.00937	0.00813	0.03594	0.16006	0.03902	0.19010	0.01052	0.07491	0.00729	0.00795	0.00544	0.00406	0.00334	0.00118	0.01640	0.00279	0.00281	0.00510
33	0.00907	0.00962	0.01865	0.04173	0.01767	0.00949	0.57463	0.01393	0.18985	0.01320	0.01068	0.04085	0.02236	0.00419	0.00448	0.00133	0.00556	0.00483	0.00250	0.00535
34	0.00538	0.00380	0.00442	0.00467	0.00500	0.00364	0.00301	0.00581	0.00684	0.00888	0.01941	0.19722	0.15537	0.48777	0.01334	0.00280	0.00317	0.06374	0.00293	0.00278
35	0.01689	0.00689	0.00914	0.00706	0.01001	0.00618	0.00581	0.07066	0.02571	0.74687	0.04188	0.01363	0.01044	0.00495	0.00396	0.00121	0.00335	0.00403	0.00476	0.00657
36	0.05089	0.00849	0.03872	0.14136	0.48762	0.00842	0.01012	0.03794	0.00916	0.05036	0.07289	0.04883	0.00938	0.00441	0.00392	0.00122	0.00430	0.00405	0.00238	0.00554
37	0.00527	0.00386	0.00422	0.00425	0.00476	0.00362	0.00270	0.00569	0.00697	0.00883	0.02274	0.06238	0.31705	0.49845	0.03067	0.00285	0.00321	0.00683	0.00288	0.00277
38	0.00564	0.00418	0.00613	0.00618	0.00683	0.00479	0.00476	0.00695	0.00638	0.00910	0.01115	0.01765	0.01079	0.09756	0.73734	0.00588	0.00961	0.04347	0.00220	0.00341
39	0.05082	0.01598	0.54677	0.01010	0.01470	0.00892	0.03948	0.12900	0.00977	0.05399	0.00892	0.07789	0.00714	0.00460	0.00384	0.00126	0.00507	0.00373	0.00234	0.00566
40	0.01125	0.00991	0.05652	0.09730	0.22352	0.04422	0.18055	0.10709	0.04100	0.14588	0.02632	0.01090	0.00739	0.00409	0.00417	0.00123	0.01628	0.00384	0.00273	0.00579
41	0.00952	0.00910	0.01550	0.03540	0.80022	0.00912	0.01175	0.01180	0.00887	0.01268	0.00781	0.03616	0.00681	0.00377	0.00392	0.00118	0.00459	0.00373	0.00199	0.00609
42	0.00484	0.00346	0.00464	0.00553	0.00578	0.00327	0.00374	0.00557	0.00750	0.01002	0.02124	0.81454	0.02535	0.01278	0.03120	0.00174	0.00256	0.02944	0.00359	0.00320
43	0.85099	0.00763	0.00604	0.00538	0.00770	0.00894	0.00444	0.01143	0.00664	0.01723	0.00544	0.00647	0.00429	0.00378	0.00289	0.00124	0.04066	0.00218	0.00239	0.00425
44	0.01018	0.00523	0.00672	0.00614	0.00765	0.00491	0.00483	0.02367	0.02916	0.30087	0.03532	0.02663	0.07434	0.22659	0.00850	0.00204	0.00341	0.21561	0.00376	0.00445
45	0.01181	0.01147	0.01407	0.01803	0.49516	0.16885	0.01015	0.19571	0.01148	0.01488	0.00758	0.00914	0.00609	0.00387	0.00382	0.00114	0.00504	0.00332	0.00240	0.00600
