[name]
unknown

[dist]
# distance from previous block
# <min> <max>
0	108

[block]
# block no. 0 follows, 72 sequences, length 14
# corresponding to MSA columns:
# 109-122
name=unknown_A
#
# <colnr> <probs for GDERKNQSTAVLIFYWHMCP>
#	G	D	E	R	K	N	Q	S	T	A	V	L	I	F	Y	W	H	M	C	P
0	0.00626	0.00454	0.00544	0.00505	0.00623	0.00430	0.00378	0.03053	0.06656	0.04339	0.40307	0.05879	0.17913	0.08796	0.02287	0.00154	0.00245	0.02146	0.00370	0.04296
1	0.00536	0.00373	0.00464	0.00483	0.00555	0.00343	0.00345	0.00645	0.00853	0.03632	0.25460	0.33225	0.17757	0.06669	0.01961	0.00158	0.00231	0.02671	0.03307	0.00332
2	0.00861	0.00479	0.00601	0.00553	0.00690	0.00447	0.00419	0.04614	0.03589	0.21911	0.17256	0.22671	0.12127	0.04205	0.00509	0.01880	0.00256	0.02872	0.03636	0.00424
3	0.10808	0.00518	0.00591	0.00527	0.00697	0.00489	0.00408	0.04264	0.02485	0.18484	0.15755	0.13931	0.21354	0.00716	0.00398	0.00122	0.00247	0.00601	0.03112	0.04494
4	0.27224	0.00612	0.00597	0.00530	0.00707	0.02980	0.00417	0.04231	0.06302	0.13953	0.05572	0.02468	0.00965	0.03725	0.03480	0.00137	0.00303	0.00353	0.25004	0.00438
5	0.10184	0.00457	0.00530	0.00497	0.00607	0.00442	0.00360	0.00866	0.02325	0.13320	0.23160	0.13868	0.10232	0.20609	0.00762	0.00182	0.00265	0.00620	0.00346	0.00369
6	0.04942	0.00533	0.00638	0.00582	0.00731	0.00524	0.00440	0.05558	0.10583	0.20271	0.15496	0.23714	0.08129	0.05470	0.00503	0.00143	0.00266	0.00648	0.00383	0.00447
7	0.00791	0.00590	0.00682	0.00657	0.03830	0.00603	0.00478	0.14930	0.14394	0.05395	0.11977	0.19349	0.21225	0.02756	0.00462	0.00134	0.00272	0.00662	0.00367	0.00447
8	0.00766	0.00680	0.01148	0.72476	0.06665	0.00816	0.03016	0.01008	0.00780	0.04691	0.00767	0.04175	0.00605	0.00409	0.00385	0.00126	0.00487	0.00369	0.00190	0.00439
9	0.00535	0.00382	0.00474	0.00504	0.00547	0.00380	0.00342	0.02092	0.02687	0.00974	0.05496	0.37624	0.07382	0.25219	0.10313	0.00259	0.00353	0.01986	0.02143	0.00307
10	0.09480	0.00518	0.00623	0.00567	0.00715	0.00504	0.00429	0.03743	0.05580	0.23274	0.15370	0.23465	0.05221	0.05657	0.00527	0.02630	0.00269	0.00621	0.00373	0.00435
11	0.03659	0.00442	0.00553	0.00527	0.00648	0.00405	0.00391	0.00865	0.02846	0.13892	0.29034	0.29633	0.09937	0.00837	0.00433	0.00128	0.00227	0.00735	0.00382	0.04425
12	0.00919	0.00713	0.00797	0.04414	0.00927	0.03830	0.00525	0.20084	0.03823	0.05067	0.01164	0.04328	0.05449	0.15430	0.04474	0.00172	0.02051	0.03475	0.00288	0.22068
13	0.00854	0.00588	0.00729	0.00648	0.00798	0.02228	0.03013	0.06936	0.10561	0.11790	0.05437	0.22227	0.03059	0.03620	0.04743	0.06395	0.02993	0.01414	0.03465	0.08503

[dist]
# distance from previous block
# <min> <max>
7	12

[block]
# block no. 1 follows, 72 sequences, length 27
# corresponding to MSA columns:
# 135-161
name=unknown_B
#
# <colnr> <probs for GDERKNQSTAVLIFYWHMCP>
#	G	D	E	R	K	N	Q	S	T	A	V	L	I	F	Y	W	H	M	C	P
0	0.03831	0.01951	0.01014	0.00907	0.08075	0.01897	0.15676	0.06396	0.08410	0.07654	0.10481	0.12159	0.15354	0.03884	0.00475	0.00135	0.00353	0.00576	0.00316	0.00457
1	0.00555	0.00410	0.00619	0.00623	0.00696	0.00379	0.07816	0.00649	0.00765	0.04689	0.02042	0.70330	0.06818	0.01065	0.00474	0.00149	0.00261	0.00975	0.00343	0.00342
2	0.06387	0.39824	0.05727	0.00772	0.01067	0.01102	0.08769	0.09357	0.00894	0.09705	0.00810	0.04633	0.00684	0.00621	0.07978	0.00148	0.00469	0.00320	0.00235	0.00499
3	0.05796	0.07631	0.02439	0.05198	0.13831	0.11803	0.08589	0.16960	0.06293	0.07437	0.02981	0.02851	0.04570	0.00449	0.00380	0.00115	0.01504	0.00372	0.00274	0.00528
4	0.01124	0.08649	0.01066	0.02351	0.01047	0.04029	0.02755	0.33928	0.15392	0.06221	0.02817	0.04167	0.06748	0.03460	0.00471	0.00127	0.04353	0.00416	0.00333	0.00543
5	0.00576	0.00422	0.00524	0.00478	0.00598	0.00379	0.00363	0.02104	0.01034	0.02996	0.63099	0.02765	0.15895	0.00761	0.00434	0.00116	0.00194	0.00662	0.00395	0.06205
6	0.00721	0.01417	0.54164	0.00943	0.01338	0.00717	0.05526	0.01041	0.00796	0.04159	0.01100	0.24212	0.01056	0.00588	0.00400	0.00130	0.00463	0.00511	0.00225	0.00492
7	0.00523	0.00372	0.00431	0.00446	0.00480	0.00358	0.00282	0.00585	0.02202	0.00905	0.08369	0.20747	0.13722	0.47484	0.01259	0.00263	0.00294	0.00709	0.00292	0.00277
8	0.01391	0.01077	0.01071	0.00848	0.01125	0.10676	0.00689	0.60429	0.05762	0.07775	0.04623	0.01021	0.00803	0.00466	0.00379	0.00113	0.00425	0.00353	0.00367	0.00607
9	0.00975	0.00820	0.00868	0.00773	0.00992	0.00943	0.00604	0.04760	0.79183	0.03285	0.01521	0.01395	0.01136	0.00512	0.00386	0.00128	0.00305	0.00425	0.00387	0.00603
10	0.00778	0.00653	0.00763	0.00567	0.00870	0.00510	0.00446	0.03736	0.00811	0.01244	0.00809	0.07862	0.00741	0.02085	0.00334	0.00072	0.00282	0.00305	0.00241	0.76892
11	0.00531	0.00407	0.00479	0.00489	0.00583	0.00380	0.00370	0.00688	0.04458	0.01143	0.21212	0.08769	0.33214	0.10899	0.00633	0.00164	0.00243	0.14650	0.00354	0.00335
12	0.01043	0.08725	0.00985	0.00772	0.00996	0.15488	0.00613	0.10807	0.45267	0.01450	0.01424	0.01362	0.08421	0.00510	0.00370	0.00117	0.00379	0.00400	0.00329	0.00542
13	0.01442	0.01062	0.01138	0.00873	0.01176	0.01176	0.00721	0.83041	0.01783	0.02390	0.00911	0.00911	0.00645	0.00455	0.00379	0.00114	0.00417	0.00341	0.00379	0.00645
14	0.00558	0.00401	0.00538	0.00532	0.00566	0.00446	0.00374	0.00625	0.00580	0.00812	0.01071	0.01902	0.01118	0.40046	0.43480	0.02487	0.03496	0.00467	0.00213	0.00289
15	0.00887	0.00811	0.01363	0.32659	0.44235	0.00869	0.04035	0.02587	0.02423	0.03897	0.00745	0.00986	0.00587	0.00361	0.00378	0.00118	0.00467	0.00343	0.00198	0.02048
16	0.01280	0.00942	0.01140	0.04988	0.01242	0.01027	0.07089	0.52005	0.11588	0.08880	0.01033	0.02121	0.00755	0.00545	0.03459	0.00136	0.00436	0.00375	0.00356	0.00603
17	0.00461	0.00335	0.00435	0.00514	0.00546	0.00309	0.00346	0.00530	0.00739	0.00974	0.02258	0.78495	0.10329	0.01166	0.00481	0.00152	0.00217	0.01052	0.00352	0.00309
18	0.00837	0.00882	0.03493	0.07330	0.24549	0.04711	0.29754	0.01937	0.00852	0.01152	0.00979	0.16450	0.00929	0.00525	0.01280	0.00132	0.02075	0.00506	0.01140	0.00487
19	0.00761	0.01962	0.84707	0.01081	0.01641	0.00881	0.01401	0.01201	0.00801	0.01201	0.00681	0.00801	0.00480	0.00360	0.00360	0.00120	0.00560	0.00280	0.00160	0.00560
20	0.44719	0.00750	0.04329	0.00591	0.00849	0.00743	0.00507	0.07283	0.00881	0.26647	0.00918	0.00921	0.00640	0.00403	0.00298	0.00115	0.00312	0.00285	0.08310	0.00500
21	0.00543	0.00397	0.00469	0.00468	0.00535	0.00379	0.00327	0.00618	0.00780	0.03166	0.14712	0.17740	0.29434	0.22576	0.00878	0.01578	0.04037	0.00731	0.00323	0.00311
22	0.00552	0.00393	0.00504	0.00504	0.00528	0.00423	0.00337	0.00605	0.00595	0.00821	0.03106	0.07981	0.01345	0.49871	0.27472	0.00415	0.03498	0.00539	0.00232	0.00278
23	0.00500	0.00360	0.00482	0.00537	0.00574	0.00360	0.00377	0.00581	0.00694	0.00933	0.01805	0.49284	0.04785	0.12754	0.18111	0.00276	0.00411	0.06563	0.00305	0.00307
24	0.02682	0.00460	0.00657	0.00634	0.00726	0.00460	0.06680	0.00794	0.06510	0.05454	0.01703	0.43518	0.05198	0.06552	0.14688	0.01442	0.00407	0.00761	0.00311	0.00363
25	0.01867	0.04885	0.10278	0.09654	0.10007	0.15800	0.15212	0.08675	0.03233	0.01203	0.00782	0.03549	0.00663	0.01743	0.00489	0.00126	0.08877	0.02248	0.00215	0.00493
26	0.03009	0.01026	0.00987	0.04747	0.05034	0.27248	0.03217	0.04110	0.00847	0.01022	0.01013	0.07724	0.07234	0.04662	0.05626	0.00167	0.21278	0.00414	0.00221	0.00415

[dist]
# distance from previous block
# <min> <max>
0	18

[block]
# block no. 2 follows, 72 sequences, length 19
# corresponding to MSA columns:
# 184-202
name=unknown_C
#
# <colnr> <probs for GDERKNQSTAVLIFYWHMCP>
#	G	D	E	R	K	N	Q	S	T	A	V	L	I	F	Y	W	H	M	C	P
0	0.77592	0.00802	0.00631	0.03904	0.00843	0.06234	0.00469	0.01128	0.00675	0.01600	0.00537	0.00642	0.00422	0.00365	0.00278	0.00118	0.02902	0.00217	0.00228	0.00413
1	0.58940	0.03290	0.04524	0.00638	0.00876	0.04631	0.00548	0.08920	0.03615	0.03187	0.00624	0.00712	0.00484	0.00396	0.00348	0.00120	0.07203	0.00244	0.00245	0.00454
2	0.00644	0.00565	0.00573	0.00542	0.00658	0.08636	0.00406	0.00885	0.09430	0.01352	0.48933	0.07331	0.17060	0.00767	0.00433	0.00122	0.00245	0.00659	0.00378	0.00381
3	0.00687	0.00580	0.00581	0.00553	0.00658	0.11465	0.00412	0.00828	0.00985	0.04672	0.47837	0.09554	0.10019	0.04461	0.03292	0.00148	0.00294	0.02246	0.00363	0.00366
4	0.00910	0.00925	0.01111	0.00959	0.01002	0.10136	0.00785	0.04352	0.03955	0.00996	0.00591	0.00891	0.00558	0.02573	0.02817	0.00169	0.66319	0.00333	0.00189	0.00429
5	0.00862	0.00863	0.01360	0.01090	0.01218	0.01055	0.20842	0.03917	0.08308	0.01099	0.00773	0.01040	0.02727	0.02377	0.00935	0.00155	0.50332	0.00386	0.00206	0.00457
6	0.01013	0.00747	0.00936	0.00715	0.01009	0.00678	0.05654	0.19248	0.02041	0.10707	0.02752	0.04567	0.00863	0.00435	0.00351	0.00093	0.00337	0.04877	0.00302	0.42674
7	0.00771	0.00659	0.00768	0.00555	0.00879	0.00497	0.00442	0.00937	0.00796	0.01237	0.02806	0.00920	0.03060	0.00313	0.00290	0.00060	0.00276	0.00253	0.00233	0.84251
8	0.00465	0.00341	0.00434	0.00507	0.00546	0.00314	0.00345	0.00536	0.00747	0.00975	0.02340	0.70022	0.15131	0.03068	0.00512	0.00155	0.00222	0.02683	0.00349	0.00309
9	0.00473	0.00342	0.00451	0.00521	0.00553	0.00325	0.00354	0.00548	0.00731	0.00978	0.05309	0.70148	0.06118	0.04447	0.06599	0.00192	0.00280	0.00982	0.00339	0.00310
10	0.00495	0.00370	0.00460	0.00472	0.00550	0.00335	0.00341	0.00621	0.00923	0.01245	0.41683	0.28012	0.21225	0.00940	0.00459	0.00132	0.00194	0.00829	0.00383	0.00335
11	0.02820	0.00665	0.00839	0.00766	0.05565	0.00684	0.02114	0.13996	0.10623	0.21700	0.04222	0.06780	0.11877	0.02198	0.03899	0.05869	0.04055	0.00481	0.00348	0.00498
12	0.00592	0.00377	0.00472	0.00499	0.00557	0.00350	0.00341	0.00663	0.00756	0.07932	0.06373	0.43538	0.12059	0.20511	0.00799	0.00195	0.00260	0.03065	0.00337	0.00324
13	0.00567	0.00380	0.00488	0.00528	0.00572	0.00369	0.00376	0.00645	0.00729	0.03607	0.05794	0.31668	0.03605	0.28805	0.02756	0.00234	0.00313	0.17944	0.00316	0.00305
14	0.02230	0.02163	0.01145	0.02148	0.08370	0.16973	0.04033	0.38720	0.06320	0.09604	0.02685	0.02220	0.00750	0.00446	0.00375	0.00113	0.00456	0.00351	0.00323	0.00576
15	0.02385	0.00543	0.00677	0.01633	0.03957	0.03718	0.03269	0.05311	0.01757	0.05235	0.12437	0.25863	0.09404	0.10621	0.02471	0.03795	0.02496	0.02487	0.00315	0.01626
16	0.00492	0.00366	0.00426	0.00445	0.00505	0.00335	0.00301	0.00568	0.00778	0.01010	0.14984	0.25745	0.28181	0.23158	0.00841	0.00196	0.00243	0.00794	0.00331	0.00299
17	0.09005	0.11727	0.03129	0.00938	0.06026	0.18764	0.09744	0.10180	0.04707	0.01289	0.00728	0.00873	0.00594	0.00474	0.03814	0.00121	0.01732	0.01185	0.00228	0.14740
18	0.07952	0.05449	0.13203	0.06316	0.05920	0.12630	0.01749	0.16427	0.03132	0.04741	0.05561	0.01072	0.02357	0.02457	0.00405	0.00117	0.02236	0.00334	0.03598	0.04345

[dist]
# distance from previous block
# <min> <max>
0	20

[block]
# block no. 3 follows, 72 sequences, length 22
# corresponding to MSA columns:
# 223-244
name=unknown_D
#
# <colnr> <probs for GDERKNQSTAVLIFYWHMCP>
#	G	D	E	R	K	N	Q	S	T	A	V	L	I	F	Y	W	H	M	C	P
0	0.00687	0.08559	0.00769	0.02512	0.00745	0.00668	0.00477	0.04330	0.08583	0.01121	0.13155	0.05824	0.14512	0.15508	0.07533	0.00207	0.10891	0.02217	0.01318	0.00381
1	0.03727	0.08158	0.02878	0.02170	0.01081	0.29176	0.04170	0.14596	0.07504	0.04849	0.00839	0.01032	0.00697	0.08412	0.05268	0.00158	0.01517	0.00324	0.00253	0.03192
2	0.05101	0.00411	0.00508	0.00532	0.00606	0.00412	0.00386	0.00720	0.05116	0.02378	0.16256	0.36214	0.09001	0.05976	0.10957	0.00211	0.00332	0.04202	0.00336	0.00345
3	0.00532	0.00367	0.00461	0.00497	0.00559	0.00338	0.00350	0.00627	0.00813	0.03902	0.15729	0.44236	0.16036	0.07611	0.00577	0.00159	0.00229	0.04597	0.02053	0.00326
4	0.00552	0.00390	0.00547	0.00547	0.00591	0.00435	0.00396	0.00630	0.00586	0.00825	0.01042	0.01745	0.01049	0.26190	0.56274	0.06466	0.00789	0.00442	0.00208	0.00297
5	0.03880	0.00651	0.00771	0.00632	0.00862	0.00636	0.00504	0.09821	0.13998	0.37937	0.03451	0.01569	0.08968	0.05026	0.00455	0.00129	0.00303	0.00429	0.06956	0.03021
6	0.03869	0.00441	0.00522	0.00505	0.00621	0.00417	0.00374	0.02001	0.04382	0.12659	0.15176	0.26448	0.17604	0.03243	0.00460	0.00135	0.00231	0.00706	0.09817	0.00388
7	0.00719	0.00467	0.00561	0.00540	0.00662	0.01640	0.00414	0.00908	0.06146	0.12753	0.24446	0.14218	0.19195	0.04493	0.00508	0.00143	0.00250	0.10170	0.01375	0.00393
8	0.01001	0.82458	0.06313	0.00672	0.01008	0.01468	0.00688	0.01139	0.00772	0.00908	0.00535	0.00618	0.00486	0.00326	0.00249	0.00083	0.00414	0.00207	0.00162	0.00491
9	0.08310	0.00524	0.00597	0.00555	0.00699	0.00524	0.00425	0.09260	0.05340	0.12255	0.11694	0.23974	0.11107	0.00753	0.00402	0.00127	0.00254	0.02756	0.10021	0.00424
10	0.07887	0.00465	0.00538	0.00539	0.00639	0.00468	0.00397	0.05181	0.05184	0.04017	0.08257	0.31003	0.15207	0.07384	0.05938	0.01415	0.00306	0.04479	0.00333	0.00363
11	0.00652	0.00493	0.00536	0.00499	0.00651	0.00467	0.00388	0.06481	0.09748	0.05633	0.11590	0.03044	0.52869	0.00837	0.00437	0.00128	0.00232	0.04549	0.00371	0.00395
12	0.06118	0.00596	0.00753	0.00628	0.00852	0.00558	0.00503	0.02587	0.08025	0.49898	0.07449	0.10225	0.03516	0.00589	0.00390	0.00123	0.00292	0.02655	0.03696	0.00546
13	0.00569	0.00406	0.00539	0.00548	0.00610	0.00431	0.00405	0.01971	0.02742	0.00975	0.04095	0.19108	0.09783	0.07502	0.31014	0.09159	0.02459	0.02876	0.04487	0.00320
14	0.00861	0.00798	0.01399	0.06609	0.14469	0.03884	0.30505	0.01100	0.03150	0.06537	0.01968	0.06221	0.00906	0.05605	0.11244	0.00201	0.00566	0.03271	0.00234	0.00471
15	0.00477	0.00344	0.00428	0.00490	0.00521	0.00320	0.00322	0.00534	0.00712	0.00933	0.02145	0.61051	0.12374	0.16603	0.00741	0.00189	0.00243	0.00949	0.00330	0.00295
16	0.00666	0.00453	0.00538	0.00518	0.00648	0.00426	0.00403	0.03283	0.05043	0.09271	0.15526	0.10040	0.35235	0.00964	0.04874	0.00157	0.00277	0.09320	0.01972	0.00385
17	0.00936	0.02964	0.03266	0.06586	0.14729	0.06019	0.14992	0.08492	0.00941	0.06978	0.06866	0.04702	0.03115	0.04989	0.00522	0.00133	0.05619	0.01154	0.06517	0.00480
18	0.00553	0.00411	0.00484	0.00507	0.00608	0.00380	0.00385	0.00710	0.05269	0.03898	0.06238	0.24129	0.37777	0.02830	0.00496	0.00147	0.00239	0.14234	0.00358	0.00348
19	0.03928	0.08697	0.01014	0.00781	0.01012	0.29705	0.00622	0.10295	0.10083	0.18814	0.04495	0.02355	0.04334	0.00481	0.00361	0.00110	0.00448	0.01638	0.00312	0.00514
20	0.03252	0.04554	0.05441	0.24476	0.27045	0.07239	0.04497	0.05750	0.00896	0.03511	0.02429	0.04544	0.02898	0.00431	0.00377	0.00118	0.00463	0.01359	0.00218	0.00501
21	0.00798	0.00600	0.00770	0.05279	0.06063	0.04690	0.03767	0.06132	0.02413	0.05527	0.06472	0.08587	0.08093	0.05612	0.03297	0.18553	0.02484	0.01419	0.05097	0.04348

[dist]
# distance from previous block
# <min> <max>
0	46

[block]
# block no. 4 follows, 72 sequences, length 39
# corresponding to MSA columns:
# 291-329
name=unknown_E
#
# <colnr> <probs for GDERKNQSTAVLIFYWHMCP>
#	G	D	E	R	K	N	Q	S	T	A	V	L	I	F	Y	W	H	M	C	P
0	0.01078	0.18925	0.02835	0.04064	0.02492	0.13125	0.00651	0.16561	0.06967	0.05538	0.03212	0.06113	0.00815	0.00449	0.00354	0.00101	0.01964	0.00343	0.00985	0.13429
1	0.01955	0.08508	0.03319	0.02205	0.05859	0.06104	0.02170	0.03121	0.01758	0.05022	0.00926	0.02988	0.03938	0.06148	0.09558	0.32733	0.00448	0.00368	0.00213	0.02658
2	0.00595	0.00484	0.00613	0.03140	0.04239	0.01726	0.02270	0.00822	0.09619	0.01984	0.22318	0.26494	0.19735	0.01961	0.01220	0.00140	0.00258	0.01652	0.00352	0.00379
3	0.00606	0.00510	0.00634	0.00665	0.09106	0.00449	0.00448	0.00773	0.03034	0.01189	0.16891	0.04229	0.34300	0.01623	0.02606	0.00127	0.00266	0.03464	0.00316	0.18764
4	0.31213	0.00634	0.00685	0.00574	0.00797	0.00641	0.00460	0.05077	0.00895	0.34020	0.03879	0.03833	0.05965	0.05796	0.02673	0.00147	0.00321	0.00386	0.01515	0.00490
5	0.02933	0.00529	0.00668	0.00632	0.03204	0.00505	0.00468	0.08966	0.00959	0.24502	0.06120	0.23443	0.09528	0.00782	0.00479	0.05533	0.00280	0.03885	0.06138	0.00445
6	0.00567	0.00382	0.00462	0.00479	0.00532	0.00360	0.00323	0.02084	0.00746	0.03986	0.08130	0.30552	0.15757	0.27041	0.00956	0.04333	0.00272	0.02420	0.00316	0.00302
7	0.00543	0.00403	0.00595	0.00595	0.00658	0.00466	0.00456	0.00668	0.00605	0.00870	0.01029	0.01563	0.00980	0.09001	0.79055	0.00592	0.00968	0.00417	0.00205	0.00331
8	0.00773	0.00433	0.00559	0.00555	0.00657	0.00404	0.00409	0.01977	0.02814	0.18096	0.10455	0.41090	0.04347	0.04889	0.00512	0.00149	0.00253	0.05905	0.05329	0.00395
9	0.00619	0.00386	0.00466	0.00472	0.00519	0.00366	0.00308	0.00667	0.00695	0.07999	0.04721	0.23982	0.08665	0.45046	0.01216	0.00258	0.00304	0.02711	0.00302	0.00300
10	0.01417	0.01808	0.01075	0.00977	0.01172	0.85149	0.00733	0.01514	0.01075	0.00928	0.00586	0.00684	0.00489	0.00391	0.00342	0.00098	0.00684	0.00244	0.00195	0.00440
11	0.00786	0.00674	0.00786	0.00562	0.00899	0.00506	0.00449	0.00955	0.00786	0.01236	0.00674	0.00786	0.00562	0.00281	0.00281	0.00056	0.00281	0.00225	0.00225	0.88990
12	0.00477	0.00343	0.00438	0.00507	0.00538	0.00321	0.00340	0.00541	0.00723	0.00951	0.02140	0.65827	0.09845	0.11522	0.00657	0.00178	0.00240	0.03773	0.00337	0.00301
13	0.03235	0.00643	0.00709	0.00628	0.00804	0.02371	0.00493	0.15402	0.16064	0.09730	0.19233	0.08951	0.13629	0.00690	0.00414	0.00125	0.00283	0.04227	0.01895	0.00473
14	0.00485	0.00361	0.00444	0.00481	0.00541	0.00334	0.00336	0.00574	0.00793	0.01040	0.14140	0.40021	0.23218	0.09238	0.04024	0.00182	0.00256	0.02875	0.00344	0.00313
15	0.00535	0.00362	0.00473	0.00537	0.00583	0.00340	0.00370	0.00636	0.02947	0.04840	0.03799	0.73958	0.05711	0.01118	0.00475	0.00150	0.00227	0.02246	0.00360	0.00333
16	0.05551	0.01016	0.01000	0.00821	0.01080	0.09244	0.00659	0.42234	0.25334	0.06410	0.01090	0.02081	0.00806	0.00471	0.00372	0.00117	0.00396	0.00362	0.00361	0.00597
17	0.03149	0.00909	0.00726	0.00679	0.00824	0.25266	0.00510	0.07893	0.12540	0.01266	0.01276	0.16356	0.03318	0.03652	0.00420	0.00123	0.00382	0.01697	0.18587	0.00425
18	0.00559	0.00429	0.00514	0.00519	0.00591	0.03416	0.01833	0.00648	0.00825	0.02244	0.22505	0.31612	0.16091	0.08204	0.02987	0.05315	0.00272	0.00777	0.00336	0.00322
19	0.04582	0.00877	0.00992	0.00789	0.01062	0.00930	0.00654	0.51311	0.01469	0.21611	0.01164	0.02661	0.00890	0.00526	0.00391	0.00122	0.00381	0.08594	0.00392	0.00601
20	0.02435	0.00804	0.01357	0.23326	0.31142	0.00905	0.10316	0.01031	0.00773	0.01096	0.00750	0.06234	0.00668	0.00462	0.00556	0.00131	0.16944	0.00392	0.00190	0.00487
21	0.01372	0.01035	0.01092	0.00854	0.01142	0.02556	0.00700	0.71075	0.11069	0.02258	0.00983	0.00972	0.00706	0.00461	0.00378	0.00115	0.00405	0.00350	0.01845	0.00632
22	0.01031	0.00923	0.04379	0.00854	0.01111	0.00988	0.05665	0.17932	0.59089	0.01707	0.01337	0.01267	0.00994	0.00485	0.00387	0.00125	0.00354	0.00407	0.00364	0.00602
23	0.00675	0.00496	0.00584	0.00559	0.00672	0.02161	0.01535	0.02092	0.11518	0.06138	0.19413	0.16097	0.16132	0.09594	0.04359	0.00176	0.00297	0.05054	0.02061	0.00385
24	0.00593	0.00466	0.00508	0.00488	0.00606	0.03441	0.00364	0.02244	0.02818	0.03381	0.29350	0.15578	0.32353	0.00849	0.00436	0.00124	0.00222	0.00729	0.02212	0.03238
25	0.00537	0.00378	0.00425	0.00429	0.00458	0.00368	0.00262	0.00588	0.02480	0.00847	0.05007	0.09599	0.13628	0.61707	0.01500	0.00300	0.00321	0.00634	0.00269	0.00263
26	0.01124	0.00978	0.00934	0.00799	0.01029	0.13963	0.01589	0.19701	0.39076	0.05941	0.04115	0.02173	0.04355	0.00507	0.00382	0.00119	0.00381	0.00405	0.00354	0.02076
27	0.01177	0.01391	0.01119	0.00970	0.01151	0.53815	0.10354	0.03411	0.00961	0.00977	0.00706	0.03891	0.00629	0.02229	0.05425	0.05831	0.05017	0.00325	0.00203	0.00420
28	0.02953	0.00411	0.00517	0.00524	0.00593	0.00396	0.00366	0.00771	0.02917	0.10786	0.09096	0.34848	0.03428	0.21056	0.02937	0.03770	0.00295	0.03664	0.00330	0.00341
29	0.00923	0.00495	0.00599	0.00534	0.00655	0.00475	0.00384	0.06657	0.02551	0.23394	0.04489	0.12611	0.04901	0.32453	0.00964	0.00213	0.00312	0.00557	0.06430	0.00404
30	0.00472	0.00382	0.00421	0.00439	0.00540	0.00335	0.00321	0.00589	0.02469	0.01068	0.10268	0.22492	0.55285	0.00990	0.00457	0.00134	0.00203	0.02451	0.00358	0.00327
31	0.00749	0.00554	0.00624	0.00566	0.00718	0.00556	0.00440	0.15945	0.08774	0.03801	0.21762	0.09815	0.26501	0.00777	0.00429	0.00126	0.00253	0.04293	0.02891	0.00425
32	0.02714	0.00912	0.15908	0.00743	0.01000	0.02021	0.00687	0.13232	0.17067	0.12113	0.03398	0.07523	0.07101	0.00648	0.02387	0.01182	0.00371	0.05727	0.04753	0.00513
33	0.05847	0.00772	0.00896	0.00731	0.00983	0.00799	0.00599	0.29280	0.10097	0.30766	0.02750	0.04118	0.01037	0.00540	0.00388	0.00123	0.00345	0.07312	0.02034	0.00582
34	0.00510	0.00372	0.00458	0.00497	0.00558	0.00346	0.00347	0.00625	0.03096	0.02154	0.14402	0.46596	0.18516	0.07189	0.00572	0.00158	0.00226	0.02697	0.00355	0.00326
35	0.03095	0.02387	0.00787	0.00748	0.04430	0.09894	0.02572	0.02768	0.02165	0.09058	0.06557	0.19792	0.02846	0.02594	0.24023	0.00266	0.04787	0.00543	0.00281	0.00407
36	0.00925	0.00778	0.05293	0.00898	0.01115	0.01994	0.20665	0.08872	0.04543	0.11348	0.01060	0.05215	0.00892	0.08278	0.12909	0.00215	0.05478	0.00434	0.08623	0.00466
37	0.02798	0.00515	0.00644	0.00565	0.00740	0.00472	0.00439	0.04256	0.02414	0.34225	0.10943	0.19808	0.13788	0.00723	0.00410	0.00125	0.00260	0.00618	0.05784	0.00471
38	0.00601	0.00478	0.00671	0.00662	0.02906	0.00464	0.06815	0.02296	0.07525	0.01225	0.19387	0.32759	0.11131	0.00875	0.00450	0.00136	0.00264	0.06538	0.04440	0.00378

[dist]
# distance from previous block
# <min> <max>
0	11

[block]
# block no. 5 follows, 72 sequences, length 35
# corresponding to MSA columns:
# 341-375
name=unknown_F
#
# <colnr> <probs for GDERKNQSTAVLIFYWHMCP>
#	G	D	E	R	K	N	Q	S	T	A	V	L	I	F	Y	W	H	M	C	P
0	0.00925	0.06241	0.04693	0.05178	0.15294	0.08013	0.16884	0.07439	0.06026	0.02628	0.03620	0.06754	0.00869	0.02268	0.05885	0.00157	0.05980	0.00416	0.00236	0.00494
1	0.28636	0.04349	0.04921	0.10252	0.12219	0.12787	0.05101	0.03859	0.02199	0.03822	0.00757	0.02994	0.01973	0.00446	0.01722	0.00125	0.02834	0.00311	0.00224	0.00469
2	0.02887	0.04616	0.04380	0.11011	0.06448	0.45001	0.03981	0.03943	0.00958	0.01051	0.00696	0.03616	0.00594	0.00461	0.01760	0.00117	0.04612	0.00309	0.03105	0.00453
3	0.00749	0.00502	0.00587	0.00541	0.00665	0.02558	0.00401	0.03526	0.04752	0.11331	0.16212	0.13246	0.13473	0.12658	0.08620	0.02268	0.00343	0.00599	0.01619	0.05351
4	0.00752	0.01753	0.01795	0.02402	0.02218	0.00533	0.00468	0.08565	0.05218	0.07382	0.15947	0.15969	0.08770	0.05625	0.10968	0.02083	0.00368	0.00581	0.03228	0.05373
5	0.04822	0.00556	0.00761	0.16960	0.08276	0.00607	0.00605	0.01823	0.08885	0.02603	0.05938	0.29887	0.07142	0.01581	0.00484	0.01454	0.04220	0.00641	0.02351	0.00405
6	0.04733	0.00830	0.00951	0.00746	0.01017	0.00867	0.00610	0.40976	0.04490	0.30450	0.01145	0.01124	0.00796	0.02396	0.03271	0.00137	0.00385	0.00361	0.04112	0.00603
7	0.09383	0.00609	0.00728	0.00628	0.00834	0.00596	0.00512	0.11115	0.03567	0.30406	0.12190	0.04537	0.10295	0.00654	0.00407	0.00128	0.00299	0.12219	0.00394	0.00498
8	0.00612	0.00429	0.00526	0.00507	0.00622	0.00394	0.01519	0.00771	0.03883	0.07185	0.23794	0.08871	0.32108	0.07359	0.00564	0.00150	0.00241	0.09736	0.00367	0.00362
9	0.03451	0.00652	0.00788	0.00661	0.00849	0.00662	0.02221	0.23724	0.01092	0.22977	0.01293	0.11104	0.01126	0.12888	0.02676	0.01600	0.00356	0.03844	0.07547	0.00488
10	0.00513	0.00371	0.00446	0.00486	0.00563	0.00333	0.00349	0.00602	0.00806	0.03836	0.04724	0.42238	0.33666	0.03088	0.00503	0.00148	0.00224	0.06424	0.00355	0.00326
11	0.10418	0.00715	0.00876	0.00684	0.00965	0.00687	0.00563	0.14615	0.02894	0.58731	0.04017	0.01216	0.00930	0.00466	0.00369	0.00117	0.00330	0.00368	0.00428	0.00611
12	0.00650	0.00436	0.00521	0.00506	0.00620	0.00407	0.00378	0.00836	0.07232	0.09608	0.20993	0.17886	0.27408	0.06402	0.00542	0.00147	0.00234	0.04446	0.00373	0.00376
13	0.04569	0.00728	0.00907	0.00703	0.00990	0.00693	0.00579	0.17453	0.03595	0.61789	0.01347	0.01201	0.00871	0.00463	0.00374	0.00116	0.00336	0.00369	0.02285	0.00630
14	0.22857	0.00862	0.00895	0.00728	0.00994	0.00946	0.00593	0.32793	0.18425	0.15585	0.01045	0.01006	0.00743	0.00445	0.00346	0.00118	0.00347	0.00333	0.00360	0.00579
15	0.00627	0.00498	0.00669	0.00646	0.00726	0.03022	0.00506	0.04787	0.00683	0.00967	0.00979	0.01407	0.00900	0.02518	0.73370	0.00542	0.04692	0.00394	0.01707	0.00360
16	0.00493	0.00364	0.00456	0.00521	0.00561	0.00347	0.00351	0.00611	0.05200	0.00991	0.02154	0.68812	0.09546	0.06974	0.00574	0.00165	0.00232	0.00983	0.00346	0.00320
17	0.01385	0.09544	0.01184	0.00838	0.01131	0.06615	0.00697	0.59494	0.06532	0.07429	0.00928	0.00921	0.00669	0.00443	0.00364	0.00111	0.00420	0.00329	0.00352	0.00613
18	0.01996	0.00399	0.00505	0.00508	0.00583	0.00391	0.00363	0.00630	0.00716	0.00991	0.09224	0.23604	0.12073	0.16824	0.23146	0.00299	0.00455	0.00663	0.00286	0.06344
19	0.00738	0.00663	0.00743	0.02287	0.00829	0.11083	0.00550	0.05291	0.05190	0.01006	0.00956	0.01333	0.00864	0.03880	0.57943	0.00457	0.05200	0.00382	0.00220	0.00385
20	0.01068	0.00876	0.00931	0.00723	0.01008	0.09867	0.02337	0.16800	0.04231	0.09487	0.00849	0.02312	0.00667	0.00431	0.01985	0.00098	0.03274	0.00298	0.00280	0.42477
21	0.02803	0.00409	0.00504	0.00506	0.00596	0.00384	0.00366	0.01611	0.02667	0.08608	0.09269	0.31106	0.22622	0.02324	0.03495	0.11040	0.00267	0.00745	0.00337	0.00341
22	0.06798	0.00440	0.00566	0.00565	0.00644	0.00473	0.00417	0.02517	0.02622	0.05019	0.03069	0.22438	0.01406	0.13283	0.37566	0.00375	0.00602	0.00581	0.00271	0.00349
23	0.00479	0.00339	0.00448	0.00525	0.00552	0.00319	0.00356	0.00540	0.00719	0.00954	0.02040	0.72737	0.05118	0.04781	0.02307	0.03086	0.00250	0.03810	0.00338	0.00303
24	0.00634	0.00427	0.00521	0.00513	0.00617	0.00395	0.00381	0.05114	0.00939	0.07777	0.23995	0.28992	0.22554	0.02105	0.00473	0.00137	0.00227	0.03451	0.00378	0.00369
25	0.00557	0.00425	0.00498	0.00466	0.00593	0.00366	0.00343	0.00675	0.00868	0.02676	0.23781	0.13849	0.30636	0.07725	0.00547	0.00138	0.00224	0.01870	0.00343	0.13421
26	0.00799	0.00658	0.00763	0.00561	0.00871	0.00516	0.00447	0.04399	0.00842	0.02511	0.02539	0.02464	0.04846	0.00353	0.00301	0.00067	0.00278	0.00287	0.01943	0.74555
27	0.00564	0.00389	0.00473	0.00491	0.00568	0.00363	0.00353	0.02421	0.00841	0.03937	0.15638	0.32571	0.20022	0.08687	0.02125	0.00166	0.00247	0.04770	0.05037	0.00335
28	0.03564	0.00438	0.00527	0.00540	0.00629	0.00425	0.00390	0.05149	0.03544	0.07619	0.04834	0.46405	0.11244	0.05856	0.00529	0.00153	0.00251	0.03777	0.03759	0.00367
29	0.11206	0.00849	0.00847	0.00764	0.04319	0.13349	0.00573	0.13045	0.05859	0.23713	0.01147	0.04776	0.02615	0.05030	0.08263	0.00174	0.00447	0.00385	0.02132	0.00507
30	0.00577	0.00420	0.00524	0.00537	0.00608	0.00420	0.00389	0.03279	0.03594	0.02841	0.10016	0.31733	0.14366	0.12431	0.10140	0.00224	0.02148	0.05088	0.00326	0.00340
31	0.02391	0.00483	0.00553	0.00524	0.00640	0.01852	0.00385	0.04015	0.05407	0.12446	0.08627	0.20309	0.17432	0.10395	0.03070	0.02383	0.00285	0.00648	0.07770	0.00386
32	0.04108	0.00696	0.01729	0.04475	0.06978	0.05060	0.04620	0.05152	0.02877	0.03294	0.05608	0.10423	0.04403	0.02363	0.18934	0.00233	0.10603	0.00461	0.00252	0.07732
33	0.06035	0.04995	0.03686	0.08186	0.16766	0.03704	0.08141	0.11442	0.09844	0.06246	0.05182	0.04121	0.03633	0.02173	0.03276	0.00140	0.00431	0.01212	0.00274	0.00513
34	0.06564	0.06573	0.09194	0.02780	0.03407	0.13407	0.01401	0.11194	0.11150	0.05874	0.05256	0.05356	0.05828	0.02006	0.03223	0.02351	0.02420	0.01252	0.00281	0.00481

[dist]
# distance from previous block
# <min> <max>
6	43

[block]
# block no. 6 follows, 72 sequences, length 6
# corresponding to MSA columns:
# 421-426
name=unknown_G
#
# <colnr> <probs for GDERKNQSTAVLIFYWHMCP>
#	G	D	E	R	K	N	Q	S	T	A	V	L	I	F	Y	W	H	M	C	P
0	0.00760	0.00531	0.00649	0.00662	0.06399	0.00523	0.00457	0.07656	0.08426	0.09129	0.13068	0.13892	0.22091	0.07639	0.03638	0.00163	0.00296	0.00634	0.02969	0.00420
1	0.00770	0.00537	0.00613	0.00565	0.00668	0.00569	0.00405	0.10792	0.14160	0.04806	0.04616	0.07729	0.03247	0.35572	0.07359	0.00259	0.00379	0.02255	0.04311	0.00386
2	0.00697	0.00462	0.00540	0.00515	0.00631	0.00442	0.00379	0.05255	0.06625	0.09591	0.14561	0.21500	0.24287	0.09287	0.00581	0.00153	0.00246	0.00715	0.03148	0.00385
3	0.06133	0.00551	0.00646	0.00583	0.00742	0.00548	0.00450	0.11351	0.04657	0.17739	0.07975	0.19287	0.14424	0.03622	0.04883	0.00161	0.00314	0.02490	0.03002	0.00443
4	0.02807	0.00704	0.00779	0.00674	0.00870	0.02345	0.00533	0.15304	0.25943	0.12175	0.11241	0.01662	0.03492	0.03543	0.05119	0.00155	0.00348	0.03956	0.06088	0.02258
5	0.00646	0.00503	0.02428	0.00575	0.00683	0.00476	0.02863	0.09125	0.04761	0.01232	0.08748	0.33606	0.12770	0.06795	0.00558	0.02023	0.00268	0.02810	0.08759	0.00370

[dist]
# distance from previous block
# <min> <max>
16	21

[block]
# block no. 7 follows, 72 sequences, length 11
# corresponding to MSA columns:
# 448-458
name=unknown_H
#
# <colnr> <probs for GDERKNQSTAVLIFYWHMCP>
#	G	D	E	R	K	N	Q	S	T	A	V	L	I	F	Y	W	H	M	C	P
0	0.00840	0.00712	0.00713	0.00646	0.00798	0.09965	0.02529	0.02832	0.29391	0.01405	0.16534	0.01609	0.01457	0.02935	0.05185	0.00147	0.00344	0.00439	0.21065	0.00454
1	0.00534	0.00401	0.00574	0.00574	0.00642	0.00452	0.00438	0.00655	0.00628	0.00882	0.01287	0.01763	0.08572	0.09118	0.71039	0.00547	0.00891	0.00453	0.00219	0.00329
2	0.35013	0.00587	0.02478	0.03417	0.04897	0.00610	0.00464	0.00878	0.02434	0.02422	0.02200	0.16303	0.02447	0.09062	0.00643	0.11682	0.00313	0.03535	0.00255	0.00359
3	0.00972	0.00812	0.06419	0.00767	0.02096	0.02840	0.03589	0.14091	0.23251	0.10609	0.17347	0.01810	0.06217	0.00582	0.00406	0.00123	0.00335	0.05473	0.00364	0.01895
4	0.00678	0.05216	0.00698	0.00619	0.03160	0.05290	0.02448	0.06568	0.02480	0.01232	0.18098	0.15791	0.24911	0.00865	0.03487	0.00142	0.00304	0.03520	0.04108	0.00385
5	0.00613	0.00418	0.00508	0.00512	0.00612	0.00386	0.00381	0.04201	0.00900	0.06982	0.15680	0.29474	0.26750	0.03678	0.00505	0.00145	0.00236	0.07293	0.00368	0.00358
6	0.00894	0.00765	0.00819	0.04719	0.04393	0.07821	0.00591	0.15941	0.23248	0.01393	0.01411	0.23225	0.01364	0.05614	0.01757	0.00152	0.00366	0.04726	0.00328	0.00474
7	0.03217	0.00415	0.00464	0.00452	0.00478	0.00426	0.00275	0.05025	0.00630	0.00868	0.01195	0.06095	0.01348	0.73066	0.04262	0.00344	0.00381	0.00549	0.00243	0.00264
8	0.04872	0.07516	0.11866	0.05855	0.22125	0.03374	0.03877	0.17626	0.06403	0.06967	0.00866	0.03528	0.00683	0.00420	0.00384	0.00116	0.02356	0.00348	0.00258	0.00560
9	0.00930	0.06647	0.13153	0.03059	0.52164	0.04004	0.01076	0.02991	0.05531	0.01226	0.00804	0.00972	0.02420	0.00379	0.00392	0.00114	0.03037	0.00333	0.00200	0.00568
10	0.00624	0.00568	0.00674	0.00615	0.00748	0.06799	0.07910	0.03688	0.00888	0.01111	0.09235	0.24557	0.33013	0.03000	0.00481	0.00137	0.00295	0.02717	0.00326	0.02613

[dist]
# distance from previous block
# <min> <max>
0	1

[block]
# block no. 8 follows, 72 sequences, length 42
# corresponding to MSA columns:
# 460-501
name=unknown_I
#
# <colnr> <probs for GDERKNQSTAVLIFYWHMCP>
#	G	D	E	R	K	N	Q	S	T	A	V	L	I	F	Y	W	H	M	C	P
0	0.00913	0.00687	0.00883	0.03445	0.03858	0.02762	0.07339	0.06441	0.22169	0.11914	0.03600	0.01792	0.09883	0.12644	0.07578	0.00198	0.00415	0.02682	0.00321	0.00477
1	0.00786	0.00674	0.00786	0.00562	0.00899	0.00506	0.00449	0.00955	0.00786	0.01236	0.00674	0.00786	0.00562	0.00281	0.00281	0.00056	0.00281	0.00225	0.00225	0.88990
2	0.01417	0.01808	0.01075	0.00977	0.01172	0.85149	0.00733	0.01514	0.01075	0.00928	0.00586	0.00684	0.00489	0.00391	0.00342	0.00098	0.00684	0.00244	0.00195	0.00440
3	0.00480	0.00358	0.00450	0.00508	0.00566	0.00328	0.00364	0.00572	0.00800	0.01042	0.09034	0.52637	0.21247	0.01089	0.00477	0.00147	0.00223	0.09003	0.00357	0.00319
4	0.89350	0.00733	0.00557	0.00499	0.00733	0.00851	0.00411	0.01115	0.00645	0.01702	0.00528	0.00616	0.00411	0.00352	0.00235	0.00117	0.00293	0.00205	0.00235	0.00411
5	0.00464	0.00335	0.00439	0.00518	0.00548	0.00311	0.00349	0.00536	0.00747	0.00992	0.05241	0.78483	0.07316	0.01160	0.00481	0.00151	0.00217	0.01047	0.00354	0.00311
6	0.00659	0.00329	0.00494	0.00494	0.00494	0.00329	0.00329	0.00494	0.00494	0.00659	0.00659	0.01153	0.00659	0.01318	0.01482	0.88966	0.00329	0.00329	0.00165	0.00165
7	0.00659	0.00329	0.00494	0.00494	0.00494	0.00329	0.00329	0.00494	0.00494	0.00659	0.00659	0.01153	0.00659	0.01318	0.01482	0.88966	0.00329	0.00329	0.00165	0.00165
8	0.00542	0.00406	0.00610	0.00610	0.00677	0.00474	0.00474	0.00677	0.00610	0.00880	0.01016	0.01490	0.00948	0.02844	0.85169	0.00610	0.01016	0.00406	0.00203	0.00339
9	0.00529	0.00366	0.00424	0.00436	0.00455	0.00360	0.00265	0.00554	0.00608	0.00802	0.01563	0.13889	0.09530	0.62507	0.05867	0.00328	0.00364	0.00639	0.00257	0.00255
10	0.00552	0.00368	0.00414	0.00414	0.00414	0.00368	0.00230	0.00552	0.00552	0.00735	0.01195	0.02482	0.01379	0.86672	0.01930	0.00368	0.00368	0.00552	0.00230	0.00230
11	0.00701	0.00575	0.00618	0.00575	0.00738	0.00599	0.00444	0.01228	0.36300	0.03042	0.13134	0.02554	0.34655	0.00738	0.00422	0.00128	0.00243	0.02476	0.00377	0.00452
12	0.00761	0.01962	0.84707	0.01081	0.01641	0.00881	0.01401	0.01201	0.00801	0.01201	0.00681	0.00801	0.00480	0.00360	0.00360	0.00120	0.00560	0.00280	0.00160	0.00560
13	0.00577	0.00421	0.00566	0.00642	0.00730	0.00410	0.00546	0.00732	0.00860	0.01107	0.02266	0.10733	0.13431	0.01047	0.00510	0.00167	0.00317	0.64246	0.00350	0.00342
14	0.00552	0.00368	0.00414	0.00414	0.00414	0.00368	0.00230	0.00552	0.00552	0.00735	0.01195	0.02482	0.01379	0.86672	0.01930	0.00368	0.00368	0.00552	0.00230	0.00230
15	0.00927	0.28727	0.37871	0.00991	0.03487	0.01083	0.09366	0.04782	0.02949	0.04265	0.00722	0.00851	0.00559	0.00366	0.00337	0.00109	0.00492	0.01385	0.00194	0.00538
16	0.00713	0.00734	0.13062	0.00614	0.00756	0.04296	0.00521	0.03943	0.02707	0.03414	0.02086	0.02159	0.01237	0.46521	0.02905	0.00265	0.00415	0.09760	0.00249	0.03642
17	0.00550	0.00373	0.00440	0.00440	0.00449	0.00382	0.00262	0.00568	0.00559	0.00755	0.01171	0.02349	0.01321	0.75458	0.13065	0.00400	0.00454	0.00532	0.00226	0.00244
18	0.00774	0.00717	0.00782	0.14449	0.01099	0.08783	0.02317	0.08366	0.13046	0.01235	0.05737	0.04665	0.31216	0.00679	0.00436	0.00126	0.02694	0.02144	0.00309	0.00427
19	0.00899	0.05733	0.00914	0.00673	0.02988	0.10777	0.00522	0.04660	0.00865	0.01223	0.00706	0.03161	0.00608	0.00331	0.00298	0.00069	0.00345	0.00258	0.00227	0.64743
20	0.00543	0.00364	0.00416	0.00424	0.00426	0.00362	0.00241	0.00549	0.00567	0.00756	0.01276	0.10040	0.01481	0.78975	0.01800	0.00348	0.00354	0.00599	0.00241	0.00237
21	0.00547	0.00384	0.00497	0.00497	0.00526	0.00413	0.00334	0.00605	0.00576	0.00797	0.01119	0.02060	0.01196	0.51059	0.37293	0.00470	0.00643	0.00490	0.00218	0.00276
22	0.00768	0.00698	0.01030	0.02733	0.38485	0.01896	0.00774	0.01036	0.09943	0.01225	0.10850	0.14637	0.10044	0.00616	0.00440	0.00125	0.03388	0.00548	0.00277	0.00487
23	0.34431	0.00679	0.00695	0.00594	0.00807	0.00722	0.00477	0.13448	0.02657	0.18174	0.05450	0.03601	0.04673	0.06473	0.02393	0.00149	0.00329	0.03449	0.00327	0.00471
24	0.00552	0.00401	0.00509	0.00493	0.00588	0.00373	0.00374	0.00737	0.03105	0.02436	0.62486	0.07739	0.12256	0.00825	0.00452	0.00126	0.00198	0.05589	0.00402	0.00360
25	0.00551	0.00369	0.00418	0.00418	0.00420	0.00370	0.00235	0.00554	0.00553	0.00739	0.01191	0.02459	0.01369	0.84726	0.03862	0.00373	0.00383	0.00548	0.00229	0.00232
26	0.03587	0.01683	0.01181	0.01025	0.01243	0.72461	0.09046	0.03449	0.01063	0.01012	0.00611	0.00722	0.00499	0.00384	0.00351	0.00102	0.00663	0.00266	0.00200	0.00451
27	0.04839	0.00371	0.00437	0.00484	0.00553	0.00345	0.00342	0.00586	0.00787	0.01067	0.07691	0.50282	0.25247	0.01040	0.00456	0.00142	0.00215	0.02721	0.02073	0.00321
28	0.00561	0.00413	0.00550	0.00541	0.00575	0.00462	0.00382	0.00633	0.00597	0.00836	0.02818	0.03405	0.02239	0.39137	0.39545	0.00453	0.05849	0.00487	0.00221	0.00295
29	0.03591	0.00767	0.00785	0.00683	0.00856	0.08244	0.00534	0.23155	0.08436	0.06259	0.16702	0.12817	0.05957	0.00644	0.00433	0.00122	0.03916	0.00525	0.05099	0.00475
30	0.05097	0.00410	0.00491	0.00474	0.00547	0.00400	0.00330	0.00711	0.00774	0.06220	0.23539	0.07330	0.09776	0.31751	0.06812	0.02867	0.00329	0.01512	0.00311	0.00319
31	0.03488	0.00653	0.00720	0.00603	0.00804	0.00658	0.00480	0.28671	0.01221	0.11271	0.14100	0.03958	0.28927	0.00684	0.00409	0.00120	0.00285	0.00561	0.01910	0.00476
32	0.00560	0.00374	0.00442	0.00444	0.00467	0.00380	0.00280	0.00604	0.00610	0.00849	0.03629	0.03490	0.03099	0.61415	0.12673	0.00358	0.00427	0.02347	0.07289	0.00263
33	0.00572	0.00444	0.00500	0.00466	0.00601	0.00404	0.00354	0.02363	0.06566	0.03043	0.31855	0.02999	0.43519	0.00819	0.00435	0.00122	0.00205	0.00695	0.00376	0.03662
34	0.00624	0.00438	0.00520	0.00504	0.00623	0.00403	0.00372	0.00814	0.07579	0.07572	0.19705	0.25080	0.27316	0.02111	0.00461	0.00133	0.00222	0.00759	0.00370	0.04395
35	0.04108	0.00678	0.00782	0.00567	0.00896	0.00529	0.00454	0.01008	0.02504	0.03642	0.00710	0.00808	0.00579	0.00294	0.00284	0.00062	0.00283	0.00233	0.00235	0.81343
36	0.00509	0.00375	0.00435	0.00458	0.00512	0.00353	0.00309	0.00591	0.02379	0.00951	0.06382	0.25180	0.24673	0.30596	0.00971	0.00219	0.00268	0.04231	0.00314	0.00294
37	0.01096	0.00806	0.00882	0.00756	0.00982	0.00897	0.00595	0.15702	0.53613	0.12087	0.01402	0.01368	0.01050	0.04796	0.02094	0.00146	0.00340	0.00414	0.00384	0.00590
38	0.00481	0.00369	0.00436	0.00471	0.00547	0.00335	0.00336	0.00578	0.02019	0.01018	0.06835	0.36505	0.37478	0.03058	0.02420	0.02694	0.00236	0.03523	0.00344	0.00316
39	0.00751	0.00721	0.01166	0.77360	0.08621	0.03060	0.01053	0.00998	0.00774	0.00988	0.00675	0.00997	0.00512	0.00376	0.00378	0.00125	0.00506	0.00335	0.00171	0.00435
40	0.00542	0.00374	0.00434	0.00448	0.00463	0.00373	0.00270	0.00588	0.02773	0.00812	0.01432	0.18203	0.03580	0.64302	0.03567	0.00321	0.00349	0.00650	0.00259	0.00259
41	0.01787	0.00842	0.05157	0.07911	0.06770	0.10252	0.03937	0.06794	0.01922	0.01083	0.00897	0.01307	0.02842	0.15658	0.10934	0.01869	0.12506	0.00379	0.02453	0.04701

[dist]
# distance from previous block
# <min> <max>
0	16

[block]
# block no. 9 follows, 72 sequences, length 32
# corresponding to MSA columns:
# 518-541,549-556
name=unknown_J
#
# <colnr> <probs for GDERKNQSTAVLIFYWHMCP>
#	G	D	E	R	K	N	Q	S	T	A	V	L	I	F	Y	W	H	M	C	P
0	0.09252	0.00697	0.00809	0.00716	0.05649	0.00655	0.00525	0.15358	0.03281	0.05169	0.01038	0.17355	0.00973	0.00511	0.00346	0.00099	0.00306	0.00427	0.00291	0.36542
1	0.00522	0.00375	0.00452	0.00488	0.00533	0.00360	0.00333	0.00612	0.02769	0.00959	0.05621	0.32143	0.13638	0.29514	0.00957	0.00221	0.00277	0.08688	0.01238	0.00298
2	0.00573	0.00421	0.00604	0.00577	0.00643	0.00423	0.05797	0.00661	0.00681	0.02408	0.04521	0.19166	0.05980	0.28695	0.22609	0.01292	0.00501	0.02589	0.01545	0.00313
3	0.03161	0.00704	0.00866	0.00682	0.00948	0.02592	0.00557	0.12388	0.03464	0.58690	0.08262	0.01350	0.01107	0.00490	0.00380	0.00116	0.00326	0.00396	0.02921	0.00603
4	0.00625	0.00425	0.00490	0.00471	0.00551	0.00405	0.00325	0.05300	0.00822	0.05390	0.13171	0.11559	0.22694	0.33725	0.01013	0.00221	0.00282	0.01885	0.00322	0.00325
5	0.00613	0.00431	0.00528	0.00506	0.00599	0.00421	0.00373	0.02589	0.08436	0.02341	0.31388	0.05974	0.19817	0.03374	0.02379	0.17274	0.00256	0.02025	0.00338	0.00339
6	0.00536	0.00389	0.00476	0.00517	0.00591	0.00366	0.00373	0.00686	0.05486	0.02941	0.08971	0.47432	0.20075	0.01024	0.00463	0.00143	0.00225	0.06461	0.02502	0.00343
7	0.03075	0.00521	0.00565	0.00517	0.00655	0.00533	0.00397	0.16016	0.03796	0.02574	0.09137	0.12434	0.16739	0.00728	0.02649	0.00128	0.00261	0.00554	0.28309	0.00409
8	0.00534	0.00384	0.00484	0.00507	0.00564	0.00377	0.00358	0.00612	0.00751	0.02932	0.08680	0.37791	0.18891	0.10783	0.07505	0.02255	0.03823	0.00802	0.01649	0.00318
9	0.49443	0.00660	0.00602	0.00543	0.00743	0.00730	0.00431	0.04384	0.09649	0.07077	0.04648	0.08492	0.06012	0.01256	0.00326	0.00123	0.00280	0.00387	0.03779	0.00435
10	0.00598	0.00338	0.00464	0.00480	0.00496	0.00329	0.00318	0.00520	0.00577	0.00769	0.01228	0.16602	0.07512	0.09942	0.01240	0.55063	0.00299	0.00522	0.02488	0.00214
11	0.00530	0.00492	0.04487	0.00521	0.00644	0.00419	0.00417	0.00724	0.07477	0.01104	0.08314	0.22909	0.41696	0.00938	0.00466	0.00137	0.01718	0.06301	0.00347	0.00357
12	0.01159	0.00982	0.00891	0.00766	0.00986	0.18653	0.00600	0.17263	0.27133	0.11525	0.06546	0.01433	0.08318	0.00526	0.00383	0.00117	0.00388	0.00415	0.01378	0.00538
13	0.00510	0.00359	0.00435	0.00477	0.00504	0.00344	0.00312	0.00558	0.00674	0.00885	0.01863	0.36586	0.09676	0.38069	0.01108	0.00245	0.00290	0.06527	0.00299	0.00278
14	0.03214	0.00726	0.00779	0.00683	0.00866	0.00803	0.00522	0.16190	0.40024	0.05120	0.01475	0.03360	0.05605	0.17118	0.00685	0.00172	0.00328	0.01467	0.00351	0.00510
