[name]
unknown

[dist]
# distance from previous block
# <min> <max>
0	36

[block]
# block no. 0 follows, 73 sequences, length 25
# corresponding to MSA columns:
# 38-62
name=unknown_A
#
# <colnr> <probs for GDERKNQSTAVLIFYWHMCP>
#	G	D	E	R	K	N	Q	S	T	A	V	L	I	F	Y	W	H	M	C	P
0	0.01001	0.00891	0.00875	0.00787	0.00993	0.09479	0.00623	0.11457	0.55918	0.01545	0.01410	0.01599	0.01136	0.00551	0.00393	0.00128	0.00355	0.09947	0.00358	0.00554
1	0.77359	0.00730	0.00618	0.00549	0.00752	0.00868	0.00453	0.01069	0.00635	0.01579	0.00582	0.00692	0.02037	0.00396	0.00353	0.00122	0.10346	0.00229	0.00226	0.00405
2	0.00495	0.00366	0.00475	0.00526	0.00585	0.00328	0.00360	0.00572	0.00725	0.00989	0.01904	0.76518	0.02256	0.01070	0.00455	0.00141	0.00225	0.00968	0.00334	0.10710
3	0.00739	0.00629	0.00725	0.00536	0.00835	0.00484	0.00426	0.02389	0.00813	0.01221	0.02950	0.01207	0.11927	0.00383	0.00306	0.00068	0.00266	0.00311	0.00246	0.73539
4	0.03416	0.04941	0.26584	0.03034	0.07312	0.10721	0.01665	0.09197	0.03620	0.10623	0.02741	0.00941	0.01530	0.00388	0.00346	0.00106	0.00451	0.00304	0.00245	0.11836
5	0.23776	0.04216	0.02198	0.00869	0.10733	0.20115	0.00620	0.06310	0.00878	0.01330	0.00624	0.00730	0.00506	0.00341	0.00297	0.00093	0.00409	0.00242	0.00220	0.25492
6	0.00634	0.00337	0.00506	0.00506	0.00516	0.00347	0.00347	0.00516	0.00506	0.00684	0.00704	0.01190	0.00694	0.01528	0.13931	0.75933	0.00427	0.00337	0.00169	0.00188
7	0.00946	0.00863	0.10289	0.00775	0.02062	0.00797	0.02683	0.04955	0.45518	0.10757	0.07225	0.01555	0.07818	0.00530	0.00387	0.00123	0.00325	0.00444	0.01396	0.00553
8	0.00504	0.00410	0.00512	0.10445	0.00771	0.00388	0.00402	0.00640	0.00896	0.01159	0.29057	0.11152	0.40613	0.00846	0.00439	0.00126	0.00225	0.00729	0.00348	0.00339
9	0.00894	0.00728	0.01213	0.43809	0.25279	0.00804	0.03561	0.01115	0.00820	0.11821	0.00834	0.04191	0.00657	0.00409	0.00398	0.00122	0.02262	0.00370	0.00218	0.00494
10	0.00576	0.00461	0.00626	0.00655	0.06038	0.00480	0.02009	0.00700	0.02496	0.01016	0.14338	0.09053	0.15275	0.20386	0.17380	0.00275	0.06101	0.01517	0.00277	0.00339
11	0.01284	0.00961	0.01066	0.00840	0.01095	0.01081	0.00691	0.68448	0.01554	0.02099	0.00888	0.00963	0.00664	0.00740	0.10382	0.00173	0.05796	0.00345	0.00342	0.00588
12	0.00891	0.00890	0.06498	0.35640	0.33658	0.00903	0.03211	0.11516	0.00925	0.01260	0.00714	0.00948	0.00554	0.00366	0.00374	0.00118	0.00475	0.00334	0.00201	0.00524
13	0.01165	0.01007	0.06273	0.01012	0.10892	0.01038	0.00767	0.41943	0.28439	0.01898	0.01069	0.01061	0.00789	0.00450	0.00376	0.00118	0.00388	0.00362	0.00342	0.00613
14	0.00844	0.00827	0.01274	0.11403	0.29589	0.01024	0.00959	0.00994	0.00690	0.01019	0.00586	0.00879	0.00528	0.00514	0.00838	0.00142	0.46914	0.00331	0.00172	0.00474
15	0.06719	0.06258	0.01281	0.04491	0.22332	0.29142	0.05507	0.17425	0.01082	0.01344	0.00681	0.00807	0.00542	0.00375	0.00349	0.00107	0.00517	0.00294	0.00227	0.00520
16	0.00860	0.00716	0.02617	0.43447	0.11840	0.00769	0.07420	0.03103	0.03338	0.10883	0.00989	0.09428	0.02025	0.00468	0.00391	0.00125	0.00443	0.00428	0.00238	0.00472
17	0.00800	0.03897	0.52778	0.00938	0.01396	0.00801	0.04567	0.01134	0.00792	0.03510	0.00687	0.00807	0.00513	0.00348	0.00371	0.00104	0.03657	0.00273	0.00184	0.22443
18	0.00536	0.00402	0.00603	0.00603	0.00670	0.00469	0.00469	0.00670	0.00603	0.00871	0.01005	0.01474	0.00938	0.02814	0.85328	0.00603	0.01005	0.00402	0.00201	0.00335
19	0.00543	0.00375	0.00466	0.00466	0.00486	0.00395	0.00299	0.00582	0.00563	0.00770	0.01130	0.02165	0.01238	0.62016	0.26536	0.00434	0.00553	0.00503	0.00220	0.00259
20	0.00539	0.00385	0.00489	0.00494	0.00517	0.00407	0.00328	0.00591	0.00613	0.00842	0.05621	0.15135	0.01523	0.47262	0.20113	0.00364	0.03660	0.00593	0.00247	0.00277
21	0.01302	0.03039	0.01951	0.00987	0.03436	0.71377	0.01883	0.01410	0.01005	0.00940	0.00606	0.00731	0.00510	0.00465	0.02754	0.00115	0.04908	0.00258	0.01887	0.00437
22	0.00930	0.03337	0.03869	0.01083	0.16120	0.03406	0.12505	0.06529	0.05252	0.05465	0.02682	0.02452	0.00713	0.00360	0.00346	0.00093	0.00392	0.00327	0.00243	0.33895
23	0.01003	0.07372	0.37969	0.00944	0.03482	0.00876	0.04729	0.12131	0.06406	0.13755	0.05802	0.01074	0.01938	0.00422	0.00366	0.00116	0.00447	0.00344	0.00267	0.00559
24	0.00989	0.03325	0.00899	0.00766	0.00987	0.02750	0.00602	0.05659	0.73581	0.03893	0.01448	0.01335	0.01083	0.00497	0.00376	0.00124	0.00314	0.00409	0.00373	0.00590

[dist]
# distance from previous block
# <min> <max>
0	3

[block]
# block no. 1 follows, 73 sequences, length 21
# corresponding to MSA columns:
# 66-86
name=unknown_B
#
# <colnr> <probs for GDERKNQSTAVLIFYWHMCP>
#	G	D	E	R	K	N	Q	S	T	A	V	L	I	F	Y	W	H	M	C	P
0	0.04223	0.00973	0.02995	0.06955	0.45985	0.07849	0.08666	0.09424	0.02331	0.01303	0.00745	0.00967	0.00609	0.00426	0.02294	0.00126	0.01907	0.01465	0.00211	0.00546
1	0.00845	0.03205	0.46792	0.07740	0.08622	0.02037	0.17067	0.02081	0.00831	0.04142	0.00715	0.00876	0.00524	0.00360	0.00395	0.00120	0.02611	0.00322	0.00181	0.00535
2	0.01402	0.01007	0.01090	0.00843	0.01132	0.01106	0.00693	0.76791	0.01697	0.05782	0.00968	0.04030	0.00717	0.00477	0.00379	0.00114	0.00402	0.00366	0.00378	0.00626
3	0.01005	0.00886	0.01356	0.01030	0.01309	0.00912	0.29835	0.28223	0.12999	0.01653	0.10281	0.01371	0.04726	0.02119	0.00440	0.00126	0.00437	0.00449	0.00311	0.00531
4	0.00652	0.00326	0.00489	0.00489	0.00489	0.00326	0.00326	0.00489	0.00489	0.00652	0.00652	0.01140	0.00652	0.01303	0.01466	0.89084	0.00326	0.00326	0.00163	0.00163
5	0.00857	0.14434	0.55346	0.00953	0.01391	0.11068	0.01117	0.01198	0.02421	0.01118	0.03469	0.00851	0.00608	0.00451	0.03074	0.00126	0.00543	0.00282	0.00177	0.00516
6	0.00961	0.00850	0.14658	0.00660	0.00996	0.00570	0.00617	0.02826	0.00874	0.19469	0.03529	0.03107	0.02401	0.00388	0.00327	0.00087	0.00327	0.00316	0.02065	0.44974
7	0.00778	0.00667	0.00778	0.00556	0.00889	0.00500	0.00445	0.00945	0.00778	0.01223	0.00667	0.00778	0.00556	0.00278	0.00278	0.00056	0.00278	0.00222	0.00222	0.89108
8	0.00890	0.03453	0.34745	0.00945	0.08301	0.00750	0.00903	0.05871	0.04139	0.12097	0.00945	0.03066	0.00771	0.09659	0.09954	0.00196	0.00509	0.00361	0.00240	0.02206
9	0.73641	0.03240	0.03183	0.00555	0.00796	0.03800	0.00470	0.01196	0.07792	0.01609	0.00615	0.00685	0.00477	0.00363	0.00253	0.00115	0.00315	0.00226	0.00239	0.00430
10	0.01013	0.00838	0.00889	0.00772	0.00997	0.00957	0.00608	0.17452	0.65198	0.01719	0.04349	0.01354	0.01134	0.00507	0.00383	0.00124	0.00315	0.00417	0.00382	0.00594
11	0.01078	0.70904	0.01795	0.00703	0.01000	0.17351	0.00658	0.01194	0.00819	0.00889	0.00533	0.00616	0.00482	0.00333	0.00259	0.00083	0.00453	0.00208	0.00167	0.00473
12	0.02643	0.00955	0.15363	0.02386	0.10616	0.04072	0.02824	0.08692	0.09689	0.03188	0.11777	0.09047	0.04830	0.00573	0.00502	0.00127	0.11495	0.00461	0.00275	0.00484
13	0.02430	0.23066	0.28849	0.00973	0.09225	0.00973	0.02884	0.05245	0.03371	0.14356	0.04589	0.00950	0.00728	0.00389	0.00337	0.00108	0.00434	0.00307	0.00240	0.00546
14	0.00915	0.00770	0.03011	0.01421	0.30896	0.00713	0.19326	0.01123	0.00892	0.13460	0.07223	0.11086	0.05123	0.00518	0.00411	0.00123	0.00412	0.01793	0.00272	0.00512
15	0.00478	0.00345	0.00445	0.00514	0.00549	0.00323	0.00347	0.01927	0.00753	0.00999	0.05130	0.74244	0.08013	0.03379	0.00511	0.00154	0.00221	0.01008	0.00348	0.00311
16	0.04142	0.05019	0.08556	0.04554	0.38714	0.09041	0.05226	0.05060	0.03234	0.06484	0.00811	0.01860	0.01858	0.00390	0.00393	0.00114	0.03446	0.00335	0.00219	0.00544
17	0.01085	0.04499	0.11820	0.05073	0.10811	0.04977	0.13369	0.17063	0.05384	0.12974	0.02808	0.04382	0.00783	0.00435	0.00394	0.00117	0.01806	0.00380	0.00278	0.01562
18	0.00557	0.00429	0.00627	0.00616	0.00673	0.00509	0.00476	0.00677	0.00597	0.00863	0.00982	0.01500	0.00938	0.08812	0.73333	0.00555	0.06919	0.00407	0.00200	0.00332
19	0.00507	0.00386	0.00480	0.00540	0.00593	0.01688	0.00394	0.00600	0.00781	0.01017	0.06663	0.51776	0.13942	0.02867	0.00517	0.00154	0.01456	0.14977	0.00344	0.00318
20	0.02829	0.01758	0.08956	0.05977	0.09818	0.04490	0.01708	0.12302	0.02822	0.27174	0.05080	0.04048	0.10353	0.00516	0.00383	0.00117	0.00374	0.00427	0.00332	0.00535

[dist]
# distance from previous block
# <min> <max>
0	31

[block]
# block no. 2 follows, 73 sequences, length 25
# corresponding to MSA columns:
# 118-142
name=unknown_C
#
# <colnr> <probs for GDERKNQSTAVLIFYWHMCP>
#	G	D	E	R	K	N	Q	S	T	A	V	L	I	F	Y	W	H	M	C	P
0	0.02452	0.06317	0.11157	0.03246	0.07250	0.16451	0.05676	0.06189	0.00845	0.03212	0.01482	0.00840	0.00557	0.00465	0.00634	0.00124	0.28301	0.00306	0.01205	0.03290
1	0.04697	0.20329	0.01077	0.01852	0.00950	0.02199	0.01867	0.02230	0.00789	0.01173	0.00631	0.00738	0.00532	0.00297	0.00274	0.00068	0.00324	0.00224	0.00209	0.59541
2	0.20895	0.02647	0.07394	0.00682	0.04680	0.00645	0.01889	0.06695	0.03794	0.03615	0.11917	0.15230	0.02864	0.11581	0.00567	0.00156	0.00320	0.03727	0.00291	0.00410
3	0.00927	0.00833	0.02771	0.25430	0.40167	0.00852	0.10369	0.01196	0.03954	0.08650	0.00801	0.01005	0.00614	0.00362	0.00381	0.00118	0.00467	0.00353	0.00213	0.00538
4	0.00507	0.00383	0.00468	0.00446	0.00545	0.00344	0.00335	0.00661	0.01004	0.01367	0.61800	0.03028	0.26103	0.00818	0.00443	0.00120	0.00181	0.00710	0.00395	0.00344
5	0.00748	0.00689	0.01150	0.77206	0.03607	0.00849	0.02724	0.02611	0.00774	0.02310	0.00681	0.00996	0.00512	0.00385	0.00404	0.00126	0.03286	0.00336	0.00176	0.00429
6	0.00976	0.00465	0.00572	0.00496	0.00654	0.00432	0.00389	0.01166	0.03283	0.28398	0.22823	0.01760	0.03058	0.00542	0.00353	0.00106	0.00226	0.00453	0.33395	0.00451
7	0.00978	0.00758	0.00916	0.11560	0.07293	0.05259	0.01745	0.26575	0.03389	0.06933	0.01255	0.27804	0.01219	0.00670	0.00423	0.01484	0.00371	0.00567	0.00317	0.00481
8	0.00823	0.00826	0.01177	0.01001	0.01011	0.01144	0.02999	0.00911	0.00583	0.00911	0.00500	0.00826	0.00495	0.00648	0.01210	0.00163	0.83865	0.00331	0.00165	0.00413
9	0.00456	0.00347	0.00417	0.00470	0.00528	0.00311	0.00324	0.00532	0.00765	0.00980	0.04054	0.54841	0.30004	0.03497	0.00506	0.00149	0.00212	0.00953	0.00346	0.00307
10	0.00457	0.00326	0.00435	0.00522	0.00544	0.00305	0.00348	0.00522	0.00718	0.00958	0.02068	0.86570	0.02481	0.01175	0.00479	0.00152	0.00218	0.01067	0.00348	0.00305
11	0.00497	0.00385	0.00433	0.00434	0.00540	0.00339	0.00320	0.00627	0.02476	0.02353	0.22498	0.15453	0.49315	0.00918	0.00444	0.00128	0.00195	0.00786	0.01527	0.00334
12	0.00929	0.00891	0.01523	0.02303	0.84475	0.00891	0.01151	0.01151	0.00854	0.01226	0.00706	0.00929	0.00594	0.00334	0.00371	0.00111	0.00446	0.00334	0.00186	0.00594
13	0.00902	0.00934	0.01126	0.00970	0.01004	0.11259	0.00798	0.03401	0.00669	0.00947	0.00527	0.00821	0.00506	0.00667	0.03009	0.00164	0.71383	0.00320	0.00175	0.00418
14	0.01051	0.02871	0.04314	0.15198	0.38204	0.14310	0.01958	0.08564	0.00966	0.06644	0.01944	0.00936	0.00622	0.00375	0.00366	0.00112	0.00481	0.00324	0.00221	0.00539
15	0.16709	0.36699	0.06857	0.00833	0.01123	0.07625	0.12472	0.01195	0.05236	0.01131	0.00622	0.00738	0.00517	0.00366	0.00360	0.00105	0.06480	0.00265	0.00192	0.00474
16	0.01402	0.01033	0.01109	0.00852	0.01147	0.01141	0.00703	0.80955	0.01745	0.02341	0.03193	0.00953	0.00718	0.00459	0.00377	0.00113	0.00406	0.00347	0.00376	0.00630
17	0.00721	0.00679	0.01147	0.81320	0.07083	0.00837	0.01048	0.00969	0.00756	0.00973	0.00669	0.00996	0.00505	0.00373	0.00375	0.00124	0.00497	0.00333	0.00168	0.00427
18	0.00835	0.00853	0.01169	0.62978	0.13214	0.12653	0.01012	0.01060	0.00808	0.00988	0.00660	0.00946	0.00510	0.00371	0.00369	0.00119	0.00518	0.00321	0.00173	0.00443
19	0.00803	0.00666	0.00781	0.00559	0.00891	0.00502	0.00447	0.00969	0.00786	0.03522	0.00689	0.00792	0.00566	0.00283	0.00281	0.00057	0.00279	0.00227	0.00229	0.86673
20	0.01245	0.00755	0.01030	0.05891	0.16980	0.00770	0.00719	0.21757	0.01125	0.30791	0.03111	0.01163	0.00833	0.00737	0.11178	0.00177	0.00461	0.00367	0.00337	0.00572
21	0.01350	0.01010	0.01126	0.09913	0.01315	0.01128	0.00748	0.74470	0.01656	0.02215	0.00876	0.00911	0.00623	0.00442	0.00375	0.00114	0.00422	0.00337	0.00353	0.00614
22	0.00743	0.00555	0.00789	0.06697	0.00841	0.00686	0.00565	0.02747	0.03563	0.00834	0.00636	0.01024	0.00604	0.00967	0.01243	0.46937	0.29770	0.00331	0.00177	0.00293
23	0.00790	0.00748	0.01244	0.35245	0.43075	0.00807	0.01016	0.01010	0.00813	0.01097	0.01020	0.01242	0.09466	0.00416	0.00381	0.00118	0.00440	0.00383	0.00195	0.00494
24	0.01119	0.02586	0.17088	0.00903	0.02631	0.07408	0.04057	0.35755	0.10714	0.03583	0.01005	0.02338	0.02753	0.00518	0.02879	0.00129	0.00455	0.00356	0.03161	0.00562

[dist]
# distance from previous block
# <min> <max>
1	9

[block]
# block no. 3 follows, 73 sequences, length 21
# corresponding to MSA columns:
# 152-172
name=unknown_D
#
# <colnr> <probs for GDERKNQSTAVLIFYWHMCP>
#	G	D	E	R	K	N	Q	S	T	A	V	L	I	F	Y	W	H	M	C	P
0	0.19197	0.01875	0.08906	0.07368	0.06153	0.17402	0.03378	0.02851	0.06302	0.01228	0.00677	0.00828	0.00547	0.00481	0.03279	0.00130	0.10389	0.00283	0.00211	0.08513
1	0.00448	0.00380	0.00386	0.00385	0.00509	0.00319	0.00289	0.00547	0.00866	0.01039	0.07910	0.03569	0.80197	0.00941	0.00443	0.00126	0.00189	0.00786	0.00352	0.00319
2	0.00932	0.00816	0.02262	0.00761	0.00976	0.00915	0.00602	0.05546	0.74996	0.01583	0.03374	0.03304	0.01196	0.00525	0.00385	0.00127	0.00302	0.00438	0.00378	0.00583
3	0.00574	0.00498	0.00709	0.33935	0.01352	0.00544	0.00613	0.00767	0.04510	0.01012	0.03501	0.23825	0.25210	0.00760	0.00423	0.00133	0.00323	0.00664	0.00280	0.00366
4	0.01161	0.06082	0.01042	0.00795	0.01059	0.01058	0.00647	0.39604	0.37826	0.01885	0.01146	0.01098	0.00849	0.00462	0.00367	0.00115	0.00356	0.00364	0.00360	0.03724
5	0.00847	0.00943	0.10542	0.25781	0.52269	0.00873	0.01146	0.01101	0.00818	0.01146	0.00691	0.00934	0.00555	0.00348	0.00371	0.00116	0.00473	0.00328	0.00177	0.00540
6	0.00890	0.31254	0.44268	0.00913	0.01344	0.01075	0.04700	0.01181	0.00791	0.04886	0.00655	0.00759	0.00504	0.00356	0.00349	0.00106	0.03361	0.00263	0.00176	0.02166
7	0.00869	0.12525	0.58996	0.01016	0.01491	0.05030	0.05932	0.03322	0.03141	0.03293	0.00704	0.00807	0.00516	0.00360	0.00348	0.00113	0.00529	0.00284	0.00182	0.00542
8	0.01662	0.00672	0.00891	0.00683	0.00974	0.00601	0.00565	0.08424	0.01130	0.78060	0.01433	0.01246	0.00905	0.00463	0.00377	0.00116	0.00327	0.00374	0.00457	0.00638
9	0.00655	0.00544	0.00671	0.06116	0.04105	0.00513	0.02759	0.00774	0.03854	0.01178	0.10249	0.14045	0.45538	0.03807	0.00560	0.00158	0.02949	0.00754	0.00360	0.00412
10	0.00989	0.07128	0.25335	0.03387	0.18811	0.00872	0.13143	0.04275	0.03687	0.14053	0.03091	0.02016	0.00719	0.00390	0.00373	0.00116	0.00467	0.00352	0.00241	0.00556
11	0.00680	0.01094	0.33376	0.01008	0.13334	0.00664	0.03419	0.02095	0.02884	0.01147	0.01682	0.12342	0.21431	0.00623	0.00403	0.00126	0.00396	0.02584	0.00247	0.00466
12	0.00534	0.00369	0.00473	0.00532	0.00585	0.00347	0.00372	0.02086	0.02209	0.04174	0.02175	0.68933	0.10055	0.01097	0.00470	0.00148	0.00229	0.04526	0.00354	0.00331
13	0.00924	0.01034	0.15639	0.09781	0.37055	0.00873	0.07011	0.10470	0.03204	0.03806	0.00904	0.03545	0.03243	0.00406	0.00381	0.00117	0.00457	0.00372	0.00225	0.00553
14	0.14385	0.04673	0.04265	0.04507	0.22096	0.06854	0.11807	0.05085	0.06769	0.09100	0.06193	0.01042	0.00804	0.00397	0.00358	0.00115	0.00427	0.00347	0.00254	0.00520
15	0.00576	0.00461	0.00628	0.00611	0.00658	0.00538	0.00466	0.00662	0.00647	0.00907	0.01463	0.16610	0.12219	0.06836	0.31578	0.04303	0.17387	0.00560	0.02564	0.00328
16	0.00826	0.00914	0.11985	0.14840	0.08539	0.00783	0.29610	0.01079	0.00837	0.07050	0.02628	0.10315	0.03964	0.00488	0.00441	0.00128	0.03274	0.01592	0.00230	0.00478
17	0.01028	0.12620	0.20460	0.03935	0.14885	0.02462	0.10159	0.07522	0.03874	0.13722	0.00879	0.03839	0.00680	0.00406	0.00378	0.00114	0.01896	0.00349	0.00244	0.00548
18	0.00825	0.00850	0.05880	0.42461	0.24176	0.00871	0.11244	0.02432	0.04360	0.02206	0.00740	0.00990	0.00568	0.00364	0.00382	0.00121	0.00493	0.00349	0.00191	0.00497
19	0.00455	0.00369	0.00412	0.00433	0.00529	0.00326	0.00315	0.00548	0.00809	0.01002	0.05189	0.23497	0.56607	0.01132	0.06473	0.00166	0.00254	0.00828	0.00340	0.00316
20	0.00744	0.06645	0.12082	0.11483	0.13205	0.02375	0.03311	0.00984	0.05139	0.03717	0.04800	0.24213	0.01363	0.00660	0.00408	0.00130	0.00381	0.07651	0.00264	0.00445

[dist]
# distance from previous block
# <min> <max>
2	18

[block]
# block no. 4 follows, 73 sequences, length 17
# corresponding to MSA columns:
# 191-207
name=unknown_E
#
# <colnr> <probs for GDERKNQSTAVLIFYWHMCP>
#	G	D	E	R	K	N	Q	S	T	A	V	L	I	F	Y	W	H	M	C	P
0	0.00968	0.00893	0.03358	0.06233	0.29349	0.03689	0.03251	0.15317	0.20055	0.01449	0.01035	0.08215	0.00873	0.00467	0.00381	0.00118	0.00401	0.00412	0.00276	0.03259
1	0.00501	0.00349	0.00419	0.00456	0.00473	0.00336	0.00283	0.00535	0.00639	0.00844	0.01724	0.38596	0.06964	0.44791	0.01206	0.00258	0.00290	0.00784	0.00287	0.00266
2	0.18737	0.07798	0.31200	0.00930	0.06048	0.03364	0.02830	0.13315	0.00940	0.07891	0.00767	0.00904	0.00579	0.00393	0.00334	0.00115	0.00444	0.02643	0.00238	0.00530
3	0.00967	0.24278	0.33426	0.01105	0.11351	0.01048	0.07992	0.08107	0.00899	0.06435	0.00714	0.00816	0.00541	0.00356	0.00338	0.00108	0.00481	0.00289	0.00202	0.00548
4	0.00475	0.00349	0.00447	0.00500	0.00547	0.00329	0.00347	0.00556	0.00747	0.00986	0.07577	0.54340	0.15286	0.06345	0.07008	0.00193	0.00283	0.03041	0.00334	0.00309
5	0.01639	0.00629	0.00857	0.00660	0.00943	0.00544	0.00544	0.01786	0.01073	0.81571	0.04627	0.01335	0.01028	0.00476	0.00380	0.00116	0.00314	0.00389	0.00462	0.00628
6	0.00902	0.00872	0.08430	0.08641	0.24660	0.01879	0.08803	0.09105	0.03431	0.06141	0.05928	0.03502	0.00956	0.07062	0.01897	0.00148	0.03455	0.03438	0.00249	0.00502
7	0.00904	0.07586	0.30752	0.02349	0.05349	0.00943	0.00913	0.07330	0.31554	0.02745	0.01022	0.01083	0.00778	0.03216	0.00424	0.00127	0.01756	0.00345	0.00266	0.00558
8	0.00792	0.03836	0.40131	0.31738	0.08214	0.05225	0.01179	0.01112	0.00791	0.01080	0.00661	0.00867	0.00494	0.00367	0.00376	0.00119	0.02057	0.00299	0.00165	0.00497
9	0.01426	0.01051	0.01126	0.00863	0.01163	0.01163	0.00713	0.83224	0.01764	0.02364	0.00901	0.00901	0.00638	0.00450	0.00375	0.00113	0.00413	0.00338	0.00375	0.00638
10	0.01003	0.87041	0.01966	0.00642	0.00963	0.01485	0.00642	0.01123	0.00762	0.00883	0.00522	0.00602	0.00481	0.00321	0.00241	0.00080	0.00401	0.00201	0.00160	0.00481
11	0.00722	0.06671	0.00468	0.00371	0.00475	0.00432	0.00290	0.00892	0.00785	0.01361	0.01173	0.01341	0.00927	0.00429	0.00261	0.00087	0.00191	0.00339	0.82427	0.00359
12	0.06438	0.01057	0.01091	0.00846	0.01138	0.03941	0.00696	0.75832	0.01677	0.02278	0.00869	0.00877	0.00620	0.00442	0.00366	0.00112	0.00415	0.00327	0.00361	0.00618
13	0.01426	0.01051	0.01126	0.00863	0.01163	0.01163	0.00713	0.83224	0.01764	0.02364	0.00901	0.00901	0.00638	0.00450	0.00375	0.00113	0.00413	0.00338	0.00375	0.00638
14	0.07615	0.00665	0.00865	0.00750	0.00825	0.00822	0.00598	0.04014	0.00691	0.12356	0.00845	0.02598	0.00785	0.16701	0.09152	0.00231	0.39460	0.00385	0.00236	0.00407
15	0.03600	0.03692	0.03171	0.08219	0.40661	0.00889	0.00910	0.14430	0.05602	0.09266	0.02626	0.03670	0.00764	0.00414	0.00370	0.00115	0.00408	0.00364	0.00262	0.00567
16	0.00858	0.00835	0.01297	0.42215	0.20234	0.05185	0.08798	0.05451	0.03435	0.01137	0.01925	0.00993	0.00598	0.00390	0.00426	0.00122	0.05078	0.00347	0.00196	0.00481

[dist]
# distance from previous block
# <min> <max>
0	1

[block]
# block no. 5 follows, 73 sequences, length 28
# corresponding to MSA columns:
# 209-236
name=unknown_F
#
# <colnr> <probs for GDERKNQSTAVLIFYWHMCP>
#	G	D	E	R	K	N	Q	S	T	A	V	L	I	F	Y	W	H	M	C	P
0	0.55891	0.00853	0.00766	0.03834	0.03860	0.10074	0.00558	0.01156	0.00713	0.06231	0.00591	0.00711	0.00467	0.00403	0.00403	0.00121	0.12465	0.00244	0.00228	0.00430
1	0.89465	0.00726	0.00551	0.00493	0.00726	0.00842	0.00406	0.01103	0.00638	0.01683	0.00522	0.00609	0.00406	0.00348	0.00232	0.00116	0.00290	0.00203	0.00232	0.00406
2	0.00996	0.84699	0.04247	0.00654	0.00981	0.01468	0.00662	0.01125	0.00763	0.00891	0.00526	0.00607	0.00481	0.00322	0.00244	0.00081	0.00405	0.00203	0.00160	0.00483
3	0.00457	0.00328	0.00434	0.00518	0.00543	0.00305	0.00346	0.00523	0.00722	0.00959	0.02117	0.84217	0.04802	0.01169	0.00478	0.00152	0.00217	0.01059	0.00348	0.00305
4	0.89465	0.00726	0.00551	0.00493	0.00726	0.00842	0.00406	0.01103	0.00638	0.01683	0.00522	0.00609	0.00406	0.00348	0.00232	0.00116	0.00290	0.00203	0.00232	0.00406
5	0.00594	0.00418	0.01347	0.00481	0.00534	0.00410	0.00328	0.01521	0.02669	0.02587	0.04699	0.05181	0.10561	0.42775	0.11116	0.10300	0.01755	0.00535	0.00251	0.01938
6	0.00565	0.00362	0.00402	0.00402	0.00413	0.00362	0.00232	0.00587	0.00576	0.00812	0.01187	0.02322	0.01313	0.75945	0.01702	0.00329	0.00340	0.00521	0.11385	0.00243
7	0.53154	0.00803	0.04726	0.08029	0.08107	0.00834	0.00609	0.06380	0.01906	0.11324	0.00707	0.00786	0.00519	0.00372	0.00290	0.00117	0.00345	0.00261	0.00257	0.00474
8	0.00804	0.00738	0.01183	0.32904	0.34681	0.00809	0.00955	0.03330	0.00830	0.02322	0.01086	0.01290	0.11096	0.00448	0.00424	0.00120	0.04778	0.00391	0.00208	0.01604
9	0.78908	0.00732	0.00644	0.05601	0.05908	0.00844	0.00489	0.01097	0.00658	0.01613	0.00542	0.00652	0.00423	0.00349	0.00249	0.00116	0.00312	0.00219	0.00226	0.00418
10	0.00841	0.09267	0.41816	0.01170	0.05363	0.00929	0.21538	0.01240	0.07053	0.02698	0.00812	0.01023	0.00628	0.00382	0.00377	0.00120	0.00523	0.03488	0.00197	0.00534
11	0.00705	0.00603	0.00662	0.00726	0.00825	0.11113	0.00620	0.00868	0.00889	0.01097	0.01809	0.03785	0.01948	0.00955	0.00496	0.00163	0.00387	0.71667	0.00326	0.00357
12	0.00836	0.00924	0.01958	0.01423	0.01749	0.00879	0.69777	0.01122	0.00883	0.01207	0.07947	0.04606	0.00898	0.00402	0.00472	0.00128	0.03611	0.00484	0.00214	0.00482
13	0.00828	0.00680	0.00824	0.00660	0.05472	0.00531	0.00490	0.01011	0.02162	0.04840	0.00718	0.00818	0.00584	0.00293	0.00289	0.00062	0.00289	0.00238	0.00233	0.78976
14	0.02219	0.01067	0.15657	0.00828	0.02454	0.02513	0.00755	0.34269	0.02615	0.16811	0.00921	0.00929	0.00650	0.00402	0.00353	0.00104	0.00399	0.00312	0.00318	0.16427
15	0.00546	0.00364	0.00409	0.00409	0.00409	0.00364	0.00227	0.00546	0.00546	0.00727	0.01182	0.02455	0.01364	0.86815	0.01910	0.00364	0.00364	0.00546	0.00227	0.00227
16	0.00752	0.01941	0.84871	0.01069	0.01624	0.00871	0.01386	0.01188	0.00792	0.01188	0.00673	0.00792	0.00475	0.00356	0.00356	0.00119	0.00554	0.00277	0.00158	0.00554
17	0.00939	0.08199	0.20413	0.06655	0.32734	0.04670	0.04758	0.08798	0.05563	0.01280	0.00789	0.00933	0.01865	0.00372	0.00361	0.00113	0.00473	0.00324	0.00208	0.00554
18	0.01345	0.00673	0.04662	0.00659	0.00917	0.00574	0.00557	0.03183	0.08569	0.55844	0.15200	0.01570	0.03469	0.00526	0.00389	0.00118	0.00303	0.00437	0.00430	0.00575
19	0.02882	0.00668	0.00868	0.00676	0.00953	0.00612	0.00555	0.07884	0.05268	0.69563	0.04992	0.01311	0.01022	0.00477	0.00378	0.00116	0.00319	0.00387	0.00448	0.00621
20	0.00564	0.00365	0.00418	0.00418	0.00435	0.00371	0.00253	0.00598	0.00581	0.00824	0.01172	0.02238	0.01277	0.68699	0.08898	0.00350	0.00395	0.00509	0.11383	0.00252
21	0.09975	0.04906	0.01076	0.00841	0.04309	0.06560	0.05456	0.21859	0.01160	0.37086	0.01049	0.01010	0.00713	0.00427	0.00372	0.00113	0.01816	0.00335	0.00355	0.00582
22	0.00463	0.00331	0.00443	0.00530	0.00554	0.00310	0.00359	0.00533	0.00725	0.00965	0.02064	0.83023	0.02468	0.01169	0.00481	0.00153	0.00223	0.04551	0.00348	0.00306
23	0.00941	0.03374	0.07634	0.02615	0.21732	0.12200	0.21225	0.01161	0.01589	0.02305	0.00713	0.03053	0.00600	0.00408	0.00506	0.00119	0.13369	0.00353	0.00194	0.05910
24	0.00593	0.00473	0.00558	0.00494	0.00635	0.02300	0.00376	0.00774	0.02400	0.01395	0.58292	0.02446	0.10655	0.00684	0.00410	0.00107	0.00210	0.00594	0.00367	0.16238
25	0.78040	0.04043	0.00653	0.00540	0.00775	0.06892	0.00444	0.02842	0.00697	0.01613	0.00534	0.00620	0.00419	0.00352	0.00243	0.00113	0.00324	0.00209	0.00230	0.00416
26	0.03001	0.10708	0.56434	0.01085	0.01567	0.00937	0.15617	0.01205	0.00812	0.04230	0.00698	0.00824	0.00507	0.00349	0.00357	0.00116	0.00537	0.00300	0.00177	0.00538
27	0.00493	0.00385	0.00449	0.00453	0.00552	0.00347	0.00340	0.00628	0.02075	0.01163	0.27878	0.11513	0.41360	0.03031	0.02114	0.00145	0.00220	0.06160	0.00363	0.00331

[dist]
# distance from previous block
# <min> <max>
0	1

[block]
# block no. 6 follows, 73 sequences, length 17
# corresponding to MSA columns:
# 238-254
name=unknown_G
#
# <colnr> <probs for GDERKNQSTAVLIFYWHMCP>
#	G	D	E	R	K	N	Q	S	T	A	V	L	I	F	Y	W	H	M	C	P
0	0.01426	0.01051	0.01126	0.00863	0.01163	0.01163	0.00713	0.83224	0.01764	0.02364	0.00901	0.00901	0.00638	0.00450	0.00375	0.00113	0.00413	0.00338	0.00375	0.00638
1	0.15919	0.44271	0.08896	0.02368	0.03121	0.07433	0.02071	0.03106	0.03164	0.03587	0.00620	0.00702	0.00510	0.00346	0.00278	0.00096	0.00415	0.00236	0.00198	0.02663
2	0.00527	0.00431	0.00482	0.00446	0.00590	0.00369	0.00336	0.00676	0.03183	0.01170	0.21884	0.07604	0.46448	0.00810	0.00419	0.00116	0.00204	0.00688	0.00346	0.13270
3	0.00556	0.00388	0.00485	0.00458	0.00547	0.00356	0.00335	0.00699	0.00972	0.03822	0.61184	0.02820	0.13750	0.11258	0.00619	0.00149	0.00206	0.00668	0.00383	0.00342
4	0.00789	0.05879	0.69484	0.01174	0.10539	0.00905	0.01303	0.01204	0.03157	0.01188	0.00694	0.00815	0.00507	0.00357	0.00353	0.00116	0.00528	0.00284	0.00168	0.00556
5	0.01150	0.00914	0.00971	0.00807	0.01058	0.01035	0.00646	0.37764	0.47672	0.01920	0.01251	0.01180	0.00922	0.00483	0.00379	0.00121	0.00348	0.00386	0.00379	0.00613
6	0.06821	0.53267	0.05729	0.03524	0.01045	0.07238	0.00669	0.05096	0.00863	0.08883	0.03353	0.00779	0.00625	0.00365	0.00283	0.00093	0.00410	0.00250	0.00214	0.00493
7	0.01426	0.01051	0.01126	0.00863	0.01163	0.01163	0.00713	0.83224	0.01764	0.02364	0.00901	0.00901	0.00638	0.00450	0.00375	0.00113	0.00413	0.00338	0.00375	0.00638
8	0.89465	0.00726	0.00551	0.00493	0.00726	0.00842	0.00406	0.01103	0.00638	0.01683	0.00522	0.00609	0.00406	0.00348	0.00232	0.00116	0.00290	0.00203	0.00232	0.00406
9	0.00513	0.00372	0.00469	0.00464	0.00537	0.00345	0.00333	0.00639	0.00917	0.01260	0.50992	0.14539	0.13495	0.09509	0.02252	0.01724	0.00222	0.00723	0.00369	0.00326
10	0.00821	0.00821	0.01149	0.00985	0.00985	0.01149	0.00821	0.00903	0.00575	0.00903	0.00492	0.00821	0.00492	0.00657	0.01231	0.00164	0.86128	0.00328	0.00164	0.00410
11	0.00455	0.00349	0.00417	0.00467	0.00531	0.00311	0.00325	0.00535	0.00783	0.00999	0.05832	0.52073	0.33427	0.01075	0.00464	0.00141	0.00206	0.00948	0.00351	0.00311
12	0.00459	0.00375	0.00405	0.00409	0.00519	0.00321	0.00302	0.00564	0.00874	0.01086	0.16443	0.11777	0.63275	0.00944	0.00447	0.00128	0.00191	0.00801	0.00359	0.00321
13	0.00808	0.00999	0.17760	0.01523	0.33719	0.00783	0.16020	0.01026	0.00785	0.01114	0.00819	0.08520	0.00738	0.00535	0.00542	0.10953	0.02270	0.00407	0.00192	0.00488
14	0.00709	0.00667	0.01125	0.85913	0.02584	0.00834	0.01042	0.00959	0.00750	0.00959	0.00667	0.01000	0.00500	0.00375	0.00375	0.00125	0.00500	0.00333	0.00167	0.00417
15	0.00671	0.00561	0.02174	0.00585	0.00727	0.00566	0.00457	0.01157	0.30325	0.01467	0.44318	0.04471	0.08184	0.00696	0.00422	0.00124	0.00231	0.02036	0.00390	0.00439
16	0.34407	0.00701	0.00809	0.00758	0.08720	0.00708	0.00553	0.03118	0.02538	0.40685	0.02848	0.01023	0.00757	0.00416	0.00324	0.00116	0.00319	0.00315	0.00347	0.00540

[dist]
# distance from previous block
# <min> <max>
0	0

# created by:
# /st0/software/busco_prod/Augustus/scripts/msa2prfl.pl ./align_prep/32549.fa
