[name]
unknown

[dist]
# distance from previous block
# <min> <max>
0	530

[block]
# block no. 0 follows, 56 sequences, length 25
# corresponding to MSA columns:
# 537-548,551-563
name=unknown_A
#
# <colnr> <probs for GDERKNQSTAVLIFYWHMCP>
#	G	D	E	R	K	N	Q	S	T	A	V	L	I	F	Y	W	H	M	C	P
0	0.05091	0.00755	0.03412	0.07244	0.08764	0.00759	0.00838	0.03000	0.12253	0.01555	0.08222	0.03428	0.02058	0.00925	0.00546	0.00180	0.00430	0.39633	0.00388	0.00521
1	0.06235	0.00797	0.01026	0.13029	0.04219	0.03595	0.03322	0.08572	0.03407	0.01649	0.26964	0.07326	0.04281	0.00839	0.03478	0.00172	0.07762	0.00613	0.00365	0.02349
2	0.01421	0.01117	0.01181	0.01023	0.03557	0.05236	0.00792	0.30863	0.35252	0.07098	0.03509	0.01464	0.01161	0.00688	0.03363	0.00166	0.00473	0.00469	0.00445	0.00722
3	0.04841	0.00871	0.03350	0.00835	0.01165	0.00792	0.00694	0.07979	0.09891	0.56639	0.01671	0.01587	0.01132	0.05705	0.00571	0.00162	0.00407	0.00466	0.00510	0.00731
4	0.00631	0.00463	0.00592	0.00572	0.00678	0.00423	0.00424	0.00826	0.01237	0.01723	0.66352	0.10742	0.11613	0.01005	0.00546	0.00149	0.00223	0.00886	0.00491	0.00423
5	0.00565	0.00445	0.00512	0.00549	0.00654	0.00392	0.00397	0.00682	0.01013	0.01280	0.11261	0.31739	0.43807	0.01240	0.00561	0.00167	0.00249	0.03666	0.00434	0.00388
6	0.00618	0.00431	0.00509	0.00547	0.00571	0.00414	0.00337	0.00657	0.00777	0.01022	0.02122	0.31956	0.09264	0.46948	0.01549	0.00327	0.00362	0.00923	0.00344	0.00322
7	0.00785	0.00611	0.00676	0.00627	0.00774	0.04388	0.00475	0.02820	0.06132	0.04584	0.51381	0.04544	0.18592	0.00926	0.00527	0.00146	0.00272	0.00797	0.00475	0.00467
8	0.01060	0.04810	0.41572	0.02903	0.09061	0.04501	0.17945	0.04950	0.01049	0.01473	0.00837	0.01039	0.00630	0.00452	0.00522	0.00147	0.05786	0.00392	0.00219	0.00652
9	0.05788	0.07669	0.01653	0.15385	0.31481	0.19566	0.05149	0.03731	0.01087	0.01388	0.00796	0.01031	0.00652	0.00443	0.00452	0.00135	0.02380	0.00369	0.00233	0.00615
10	0.01956	0.00796	0.01047	0.00809	0.01149	0.00715	0.00666	0.07998	0.01355	0.70122	0.01737	0.01538	0.01112	0.00565	0.00452	0.00139	0.00388	0.00456	0.06242	0.00758
11	0.01339	0.01062	0.01101	0.00950	0.01231	0.04797	0.00748	0.15953	0.54251	0.08824	0.01691	0.03449	0.01270	0.00618	0.00466	0.00150	0.00410	0.00504	0.00463	0.00724
12	0.00940	0.00800	0.00928	0.00701	0.01066	0.00643	0.00552	0.01236	0.08311	0.01511	0.01045	0.07341	0.00927	0.00450	0.00371	0.00085	0.00337	0.00374	0.00302	0.72083
13	0.07388	0.09384	0.11485	0.01025	0.01398	0.15874	0.04735	0.12486	0.07079	0.22991	0.01157	0.01150	0.00820	0.00500	0.00426	0.00135	0.00547	0.00382	0.00366	0.00673
14	0.01308	0.01050	0.01117	0.00959	0.01246	0.01194	0.00759	0.20256	0.59874	0.04410	0.01690	0.01567	0.01250	0.00605	0.00465	0.00151	0.00397	0.00493	0.00468	0.00741
15	0.00550	0.00448	0.00487	0.00514	0.00634	0.00385	0.00371	0.00660	0.01011	0.01241	0.06480	0.24831	0.58336	0.01227	0.00554	0.00163	0.00241	0.01051	0.00429	0.00385
16	0.01053	0.00887	0.00947	0.00858	0.01091	0.00998	0.00664	0.05951	0.59525	0.01855	0.06580	0.07024	0.09100	0.00738	0.00485	0.00156	0.00344	0.00621	0.00463	0.00659
17	0.02989	0.07069	0.23702	0.01378	0.01845	0.02399	0.29324	0.03487	0.14262	0.07345	0.01096	0.01214	0.00803	0.00459	0.00469	0.00146	0.00618	0.00444	0.00289	0.00663
18	0.00653	0.00440	0.00508	0.00520	0.00526	0.00436	0.00301	0.00669	0.00710	0.00950	0.03581	0.13225	0.01909	0.71331	0.02070	0.00405	0.00417	0.00753	0.00303	0.00294
19	0.01018	0.01046	0.03324	0.01618	0.19057	0.01247	0.09989	0.01203	0.00830	0.01239	0.00743	0.01112	0.00676	0.00833	0.06405	0.00215	0.48244	0.00424	0.00213	0.00563
20	0.01227	0.84142	0.02406	0.00786	0.01178	0.01817	0.00786	0.01375	0.00933	0.01080	0.00638	0.00736	0.00589	0.00393	0.00295	0.00098	0.00491	0.00245	0.00196	0.00589
21	0.00965	0.00835	0.06674	0.08997	0.01441	0.00723	0.16133	0.01236	0.03349	0.12677	0.11533	0.15456	0.11260	0.00845	0.01579	0.00167	0.00459	0.04758	0.00379	0.00535
22	0.00565	0.00421	0.00528	0.00606	0.00667	0.00384	0.00420	0.00662	0.00936	0.01217	0.05631	0.60701	0.20173	0.01355	0.00577	0.00179	0.00263	0.03908	0.00429	0.00380
23	0.01718	0.01075	0.01216	0.00953	0.01288	0.01137	0.00784	0.52225	0.01826	0.22223	0.01385	0.04349	0.01023	0.00609	0.00465	0.00142	0.00455	0.02879	0.03505	0.00743
24	0.01582	0.03685	0.01298	0.01169	0.02954	0.63607	0.00874	0.01887	0.13587	0.01254	0.00889	0.00976	0.00721	0.00504	0.00454	0.00127	0.03261	0.00335	0.00270	0.00567

[dist]
# distance from previous block
# <min> <max>
4	5

[block]
# block no. 1 follows, 56 sequences, length 21
# corresponding to MSA columns:
# 570-590
name=unknown_B
#
# <colnr> <probs for GDERKNQSTAVLIFYWHMCP>
#	G	D	E	R	K	N	Q	S	T	A	V	L	I	F	Y	W	H	M	C	P
0	0.00840	0.00730	0.02819	0.02575	0.04005	0.03399	0.02805	0.05202	0.10150	0.03200	0.15900	0.15667	0.21116	0.04362	0.00597	0.00168	0.00353	0.04007	0.00411	0.01694
1	0.10099	0.00889	0.05188	0.08465	0.23868	0.03682	0.03259	0.02517	0.00968	0.01413	0.01482	0.33098	0.01577	0.00820	0.00488	0.00158	0.00445	0.00736	0.00312	0.00535
2	0.40342	0.10543	0.27321	0.00882	0.01318	0.01127	0.00943	0.05512	0.00941	0.01768	0.00734	0.00848	0.00560	0.00428	0.00347	0.00134	0.00483	0.00288	0.00254	0.05229
3	0.01238	0.01198	0.02683	0.09711	0.28515	0.11797	0.01035	0.13093	0.06666	0.01652	0.00933	0.01100	0.00741	0.00445	0.00429	0.00124	0.00533	0.00374	0.00285	0.17446
4	0.00797	0.00399	0.00598	0.00598	0.00598	0.00399	0.00399	0.00598	0.00598	0.00797	0.00797	0.01396	0.00797	0.01595	0.01794	0.86643	0.00399	0.00399	0.00199	0.00199
5	0.07677	0.03169	0.05705	0.01083	0.01445	0.13702	0.03679	0.53496	0.01803	0.02398	0.00979	0.01025	0.00714	0.00515	0.00438	0.00135	0.00563	0.00381	0.00385	0.00708
6	0.00645	0.00443	0.00518	0.00528	0.00553	0.00431	0.00322	0.00689	0.00795	0.01066	0.11814	0.14227	0.05861	0.58146	0.01784	0.00358	0.00382	0.00790	0.00334	0.00316
7	0.01129	0.13488	0.50777	0.01185	0.01735	0.06111	0.03069	0.07037	0.05434	0.04555	0.00908	0.01007	0.00666	0.00455	0.00422	0.00137	0.00623	0.00348	0.00246	0.00670
8	0.00630	0.00431	0.00518	0.00552	0.00567	0.00420	0.00337	0.00669	0.00775	0.01039	0.06356	0.30056	0.02280	0.51460	0.01646	0.00341	0.00372	0.00891	0.00341	0.00319
9	0.05700	0.01006	0.01668	0.24281	0.55667	0.01068	0.01324	0.01342	0.00997	0.01442	0.00839	0.01139	0.00684	0.00423	0.00447	0.00141	0.00553	0.00400	0.00224	0.00656
10	0.00836	0.00693	0.00731	0.00669	0.00882	0.00698	0.00515	0.01414	0.31380	0.03501	0.05156	0.03088	0.41954	0.00889	0.00500	0.00150	0.00292	0.00741	0.00439	0.05473
11	0.00664	0.00459	0.00571	0.00571	0.00596	0.00484	0.00366	0.00713	0.00689	0.00943	0.01382	0.02646	0.01514	0.59870	0.26119	0.00532	0.00679	0.00615	0.00269	0.00317
12	0.00877	0.00811	0.01352	0.53465	0.19191	0.00937	0.01175	0.01142	0.00939	0.01242	0.01086	0.13684	0.01004	0.00597	0.00477	0.00155	0.00546	0.00544	0.00243	0.00535
13	0.01420	0.01378	0.01128	0.01012	0.03136	0.34228	0.03393	0.11914	0.07062	0.07723	0.01339	0.05279	0.04872	0.03548	0.00505	0.00142	0.00568	0.00461	0.10322	0.00571
14	0.01433	0.01603	0.01310	0.05810	0.01487	0.44327	0.07282	0.09287	0.09315	0.02526	0.01182	0.07638	0.03623	0.00589	0.00455	0.00136	0.00662	0.00461	0.00305	0.00568
15	0.00875	0.00773	0.00992	0.01031	0.13065	0.04310	0.04794	0.01137	0.06259	0.03193	0.17755	0.04274	0.21912	0.03567	0.00547	0.00145	0.00369	0.00652	0.00370	0.13981
16	0.00969	0.00840	0.01293	0.01588	0.31360	0.00888	0.04097	0.07559	0.03219	0.01405	0.01174	0.01650	0.02916	0.11562	0.24286	0.00352	0.03520	0.00487	0.00269	0.00565
17	0.04469	0.06168	0.01305	0.01045	0.02355	0.26494	0.00821	0.30437	0.10024	0.04950	0.01077	0.03128	0.00854	0.02559	0.00501	0.00142	0.02262	0.00402	0.00360	0.00648
18	0.00854	0.00713	0.02864	0.05094	0.14699	0.00675	0.00706	0.03741	0.07275	0.05017	0.07540	0.22364	0.18243	0.02889	0.02880	0.00178	0.00386	0.00788	0.00379	0.02715
19	0.01076	0.07195	0.05843	0.02889	0.03995	0.00811	0.06156	0.03520	0.01036	0.07590	0.03759	0.02145	0.00866	0.00416	0.00386	0.00097	0.00418	0.00352	0.00294	0.51155
20	0.04111	0.05571	0.07739	0.02590	0.01347	0.06170	0.07512	0.15845	0.02956	0.06706	0.02071	0.11121	0.01071	0.00581	0.00437	0.00127	0.00475	0.01534	0.00336	0.21700

[dist]
# distance from previous block
# <min> <max>
0	21

[block]
# block no. 2 follows, 56 sequences, length 14
# corresponding to MSA columns:
# 618-626,631-635
name=unknown_C
#
# <colnr> <probs for GDERKNQSTAVLIFYWHMCP>
#	G	D	E	R	K	N	Q	S	T	A	V	L	I	F	Y	W	H	M	C	P
0	0.01202	0.14659	0.15156	0.07237	0.03358	0.03991	0.05029	0.15555	0.04505	0.05786	0.02775	0.01289	0.03520	0.03506	0.00490	0.00139	0.00519	0.00403	0.00305	0.10578
1	0.04599	0.05989	0.02929	0.00992	0.01314	0.17562	0.00812	0.36423	0.11311	0.02111	0.05106	0.01195	0.00968	0.00534	0.00431	0.00130	0.00525	0.00398	0.00379	0.06293
2	0.05977	0.01152	0.01662	0.16137	0.42538	0.08493	0.06624	0.06757	0.03492	0.01546	0.00880	0.01124	0.00704	0.00439	0.00449	0.00140	0.00580	0.00402	0.00251	0.00655
3	0.00622	0.00441	0.00574	0.00609	0.00653	0.00445	0.00415	0.00705	0.00819	0.01112	0.07544	0.31122	0.05956	0.24997	0.19710	0.02170	0.00534	0.00872	0.00344	0.00356
4	0.00632	0.00450	0.00608	0.00709	0.00764	0.00435	0.00536	0.00757	0.00935	0.01233	0.02438	0.50240	0.02820	0.05572	0.00693	0.00209	0.00334	0.29833	0.00417	0.00387
5	0.00729	0.00586	0.00838	0.00798	0.00860	0.00718	0.00625	0.00872	0.00751	0.01103	0.03901	0.01791	0.01192	0.08669	0.55677	0.00576	0.17015	0.00497	0.02384	0.00419
6	0.01399	0.08331	0.01278	0.00963	0.01269	0.05482	0.00781	0.29864	0.36832	0.03927	0.04078	0.01418	0.01159	0.00579	0.00449	0.00142	0.00445	0.00455	0.00432	0.00715
7	0.00583	0.00428	0.00529	0.00585	0.00654	0.00389	0.00408	0.00670	0.00945	0.01227	0.09920	0.46479	0.24263	0.03106	0.00680	0.05238	0.00268	0.02840	0.00417	0.00371
8	0.01439	0.01141	0.01319	0.01066	0.01378	0.07685	0.09256	0.24499	0.27936	0.11827	0.04007	0.01453	0.01135	0.00653	0.02926	0.00163	0.00511	0.00475	0.00428	0.00703
9	0.00724	0.00547	0.00651	0.00607	0.00735	0.00490	0.00415	0.00858	0.03608	0.01218	0.06043	0.26225	0.01957	0.30518	0.01141	0.00245	0.00350	0.00758	0.00340	0.22569
10	0.04184	0.08372	0.01388	0.00995	0.01341	0.02696	0.02135	0.49016	0.12684	0.04320	0.01135	0.01143	0.00836	0.00533	0.00457	0.00134	0.02216	0.00402	0.00411	0.05603
11	0.00921	0.00868	0.01128	0.02725	0.01132	0.07137	0.03566	0.03875	0.00836	0.01167	0.00940	0.01383	0.00868	0.01988	0.39193	0.00442	0.30678	0.00442	0.00235	0.00475
12	0.00806	0.05429	0.05274	0.11544	0.02747	0.00883	0.03215	0.00962	0.00854	0.01168	0.01561	0.26501	0.05560	0.06407	0.02381	0.00203	0.21129	0.02621	0.00293	0.00462
13	0.06849	0.24276	0.06338	0.02982	0.05376	0.13983	0.03242	0.04429	0.01044	0.01395	0.01894	0.00928	0.00678	0.00427	0.00402	0.00110	0.03221	0.00307	0.00245	0.21875

[dist]
# distance from previous block
# <min> <max>
0	7

[block]
# block no. 3 follows, 56 sequences, length 7
# corresponding to MSA columns:
# 643-649
name=unknown_D
#
# <colnr> <probs for GDERKNQSTAVLIFYWHMCP>
#	G	D	E	R	K	N	Q	S	T	A	V	L	I	F	Y	W	H	M	C	P
0	0.04984	0.00912	0.00968	0.00846	0.01099	0.01013	0.00671	0.16831	0.40792	0.04774	0.03945	0.01894	0.05998	0.00656	0.00456	0.00148	0.00367	0.03672	0.09317	0.00658
1	0.00601	0.00463	0.00542	0.00529	0.00649	0.00412	0.00390	0.00760	0.01147	0.01516	0.41582	0.07242	0.36799	0.04583	0.00620	0.00164	0.00235	0.00903	0.00459	0.00405
2	0.01083	0.00818	0.00902	0.00808	0.01023	0.00885	0.00624	0.15284	0.32665	0.05390	0.09111	0.15686	0.08845	0.00817	0.00493	0.00154	0.00343	0.00694	0.03764	0.00612
3	0.00565	0.00445	0.00512	0.00552	0.00656	0.00392	0.00399	0.00680	0.01007	0.01268	0.09633	0.32457	0.44012	0.01248	0.00562	0.00168	0.00251	0.04374	0.00432	0.00387
4	0.00809	0.00739	0.01088	0.09012	0.24438	0.00738	0.03023	0.01049	0.03908	0.01397	0.10562	0.02765	0.34491	0.00801	0.00536	0.00150	0.02934	0.00693	0.00344	0.00525
5	0.01623	0.11965	0.01473	0.01227	0.06242	0.62738	0.00906	0.06246	0.01291	0.01244	0.00733	0.00852	0.00610	0.00464	0.00405	0.00118	0.00751	0.00303	0.00244	0.00565
6	0.16522	0.01277	0.01519	0.06443	0.32881	0.17801	0.06295	0.04307	0.01066	0.01528	0.00786	0.01006	0.00644	0.00456	0.00486	0.00140	0.05616	0.00366	0.00245	0.00615

[dist]
# distance from previous block
# <min> <max>
9	119

[block]
# block no. 4 follows, 56 sequences, length 6
# corresponding to MSA columns:
# 772-777
name=unknown_E
#
# <colnr> <probs for GDERKNQSTAVLIFYWHMCP>
#	G	D	E	R	K	N	Q	S	T	A	V	L	I	F	Y	W	H	M	C	P
0	0.12093	0.11376	0.01194	0.00908	0.01034	0.01010	0.05545	0.01020	0.00832	0.01274	0.01350	0.31682	0.01499	0.00912	0.00790	0.00172	0.25834	0.00707	0.00297	0.00472
1	0.11741	0.00715	0.00720	0.00683	0.00844	0.05024	0.00510	0.07190	0.07722	0.04557	0.11487	0.21817	0.15923	0.06476	0.02386	0.00188	0.00360	0.00776	0.00405	0.00478
2	0.05523	0.08415	0.10794	0.03234	0.03692	0.00944	0.05175	0.05193	0.00997	0.08985	0.01558	0.15619	0.07461	0.05113	0.00719	0.00174	0.12265	0.03276	0.00323	0.00540
3	0.06981	0.07563	0.03003	0.05533	0.08170	0.29639	0.06717	0.11761	0.01240	0.04515	0.00927	0.04125	0.00767	0.00514	0.00457	0.00133	0.03166	0.00392	0.03807	0.00589
4	0.63766	0.03976	0.00824	0.00683	0.00959	0.05457	0.00557	0.04727	0.06675	0.01984	0.06050	0.01013	0.00837	0.00481	0.00329	0.00140	0.00384	0.00316	0.00314	0.00527
5	0.01260	0.06928	0.07158	0.00689	0.00948	0.00750	0.00610	0.10219	0.01189	0.20228	0.04112	0.01537	0.01141	0.00540	0.00384	0.00122	0.00344	0.00427	0.40833	0.00581

[dist]
# distance from previous block
# <min> <max>
2	8

[block]
# block no. 5 follows, 56 sequences, length 35
# corresponding to MSA columns:
# 786-795,800-824
name=unknown_F
#
# <colnr> <probs for GDERKNQSTAVLIFYWHMCP>
#	G	D	E	R	K	N	Q	S	T	A	V	L	I	F	Y	W	H	M	C	P
0	0.57192	0.02277	0.00914	0.03264	0.01098	0.05354	0.04498	0.03920	0.06277	0.05027	0.00892	0.00996	0.02198	0.00511	0.00400	0.03609	0.00417	0.00323	0.00304	0.00529
1	0.06909	0.00767	0.00829	0.00765	0.00935	0.02033	0.00567	0.13119	0.20947	0.05233	0.04154	0.24092	0.01801	0.14787	0.00801	0.00207	0.00375	0.00727	0.00413	0.00538
2	0.01272	0.01178	0.01052	0.00926	0.03283	0.21407	0.00698	0.14422	0.07028	0.04571	0.02660	0.06171	0.04447	0.03234	0.00493	0.00133	0.00490	0.02824	0.04169	0.19541
3	0.04537	0.41311	0.35930	0.01013	0.01510	0.03527	0.01163	0.01407	0.00956	0.01289	0.00773	0.00973	0.00644	0.00441	0.00368	0.00124	0.00572	0.02638	0.00207	0.00617
4	0.01321	0.01161	0.01219	0.03078	0.03208	0.10985	0.03243	0.28126	0.06038	0.01945	0.02550	0.02717	0.00862	0.00484	0.00418	0.00114	0.00480	0.00384	0.00347	0.31319
5	0.00640	0.00443	0.00523	0.00541	0.00577	0.00428	0.00344	0.00677	0.00789	0.01035	0.05245	0.15669	0.13588	0.46619	0.04189	0.05091	0.00399	0.02554	0.00330	0.00318
6	0.03113	0.71710	0.10294	0.00846	0.01260	0.04031	0.00874	0.01395	0.00944	0.01141	0.00659	0.00763	0.00586	0.00400	0.00312	0.00104	0.00517	0.00256	0.00199	0.00594
7	0.01098	0.00984	0.01105	0.03513	0.05112	0.11328	0.04656	0.14494	0.04538	0.02596	0.04719	0.05520	0.04860	0.16734	0.06809	0.00250	0.08726	0.02115	0.00325	0.00519
8	0.00599	0.00445	0.00531	0.00573	0.00646	0.00410	0.00402	0.00696	0.00934	0.01204	0.08780	0.30845	0.26021	0.17834	0.00925	0.00228	0.00302	0.07857	0.00402	0.00367
9	0.00636	0.00445	0.00549	0.00590	0.00679	0.00399	0.00417	0.00749	0.01002	0.04992	0.13477	0.46865	0.25002	0.01254	0.00562	0.00170	0.00256	0.01108	0.00443	0.00404
10	0.10691	0.04414	0.01258	0.00994	0.01285	0.09893	0.09455	0.11734	0.21462	0.10911	0.06260	0.03701	0.02326	0.00602	0.00455	0.00146	0.00474	0.02907	0.00395	0.00635
11	0.04864	0.01278	0.01476	0.01246	0.05515	0.14098	0.14357	0.26947	0.13754	0.04933	0.01210	0.06105	0.00966	0.00563	0.00468	0.00144	0.00559	0.00481	0.00369	0.00666
12	0.01089	0.01043	0.01779	0.16745	0.67441	0.01078	0.01386	0.01368	0.01023	0.01443	0.00855	0.01152	0.00707	0.00418	0.00455	0.00139	0.00557	0.00409	0.00223	0.00689
13	0.00578	0.00412	0.00548	0.00650	0.00682	0.00388	0.00445	0.00665	0.00885	0.01177	0.02481	0.74228	0.02952	0.04605	0.00657	0.00198	0.00286	0.07369	0.00420	0.00373
14	0.01389	0.01269	0.04521	0.01466	0.01883	0.01253	0.37889	0.34300	0.05179	0.04533	0.01069	0.01204	0.00774	0.00474	0.00498	0.00147	0.00627	0.00478	0.00347	0.00699
15	0.04874	0.01669	0.01318	0.01095	0.01402	0.36921	0.00865	0.42389	0.01730	0.02083	0.00912	0.00968	0.00687	0.00512	0.00433	0.00129	0.00642	0.00355	0.00355	0.00661
16	0.00634	0.00512	0.00583	0.00650	0.00730	0.03410	0.00470	0.00772	0.03036	0.01230	0.02941	0.50139	0.21447	0.01295	0.00572	0.00179	0.00300	0.10282	0.00420	0.00397
17	0.00797	0.00399	0.00598	0.00598	0.00598	0.00399	0.00399	0.00598	0.00598	0.00797	0.00797	0.01396	0.00797	0.01595	0.01794	0.86643	0.00399	0.00399	0.00199	0.00199
18	0.01283	0.02999	0.02706	0.00943	0.01211	0.09778	0.00754	0.11259	0.45275	0.07516	0.03720	0.06314	0.01382	0.00653	0.00468	0.00150	0.00433	0.02044	0.00435	0.00678
19	0.00909	0.00947	0.01815	0.01400	0.01695	0.03305	0.45527	0.01176	0.01028	0.01373	0.03918	0.27881	0.01608	0.00767	0.00550	0.00163	0.00577	0.02794	0.00309	0.02256
20	0.00941	0.00891	0.01511	0.60819	0.24527	0.01039	0.01312	0.01238	0.00953	0.01263	0.00829	0.01200	0.00644	0.00445	0.00458	0.00148	0.00594	0.00408	0.00210	0.00570
21	0.01084	0.01238	0.02709	0.01935	0.02399	0.01161	0.79334	0.01471	0.01084	0.01471	0.00929	0.01238	0.00697	0.00387	0.00542	0.00155	0.00774	0.00542	0.00232	0.00619
22	0.04059	0.00974	0.01001	0.00873	0.01114	0.05487	0.00686	0.24325	0.25491	0.03571	0.09512	0.11338	0.06007	0.00758	0.00485	0.00152	0.00400	0.02696	0.00444	0.00629
23	0.00569	0.00475	0.00498	0.00503	0.00646	0.00412	0.00373	0.00725	0.03541	0.01288	0.08541	0.12166	0.66347	0.01161	0.00544	0.00158	0.00239	0.00981	0.00432	0.00399
24	0.01044	0.00992	0.01683	0.24834	0.56539	0.01047	0.01336	0.01324	0.01019	0.01422	0.03781	0.01245	0.00828	0.00442	0.00459	0.00141	0.00552	0.00424	0.00231	0.00656
25	0.87108	0.00888	0.00675	0.00604	0.00888	0.01030	0.00497	0.01350	0.00781	0.02060	0.00639	0.00746	0.00497	0.00426	0.00284	0.00142	0.00355	0.00249	0.00284	0.00497
26	0.01143	0.43832	0.28451	0.01112	0.04448	0.04020	0.05023	0.03488	0.02291	0.01301	0.00757	0.00881	0.00615	0.00418	0.00370	0.00121	0.00578	0.00308	0.00211	0.00631
27	0.39557	0.00983	0.00830	0.00728	0.00964	0.11903	0.00562	0.06747	0.01008	0.13176	0.01059	0.04594	0.00918	0.14375	0.00693	0.00191	0.00446	0.00409	0.00335	0.00521
28	0.87108	0.00888	0.00675	0.00604	0.00888	0.01030	0.00497	0.01350	0.00781	0.02060	0.00639	0.00746	0.00497	0.00426	0.00284	0.00142	0.00355	0.00249	0.00284	0.00497
29	0.01184	0.01531	0.19196	0.02565	0.01682	0.16394	0.19172	0.12457	0.03710	0.01573	0.03858	0.03444	0.00926	0.00821	0.09217	0.00206	0.00725	0.00455	0.00280	0.00605
30	0.16495	0.00883	0.00885	0.00772	0.01027	0.00969	0.00612	0.16722	0.28945	0.01962	0.04261	0.02142	0.21054	0.00717	0.00454	0.00149	0.00353	0.00571	0.00424	0.00604
31	0.00652	0.00476	0.00676	0.00683	0.00745	0.00534	0.00504	0.00777	0.00733	0.01037	0.01363	0.07642	0.01383	0.19592	0.60330	0.00641	0.01005	0.00583	0.00265	0.00381
32	0.00860	0.01377	0.31858	0.01335	0.12504	0.00875	0.09109	0.01190	0.00995	0.01402	0.06237	0.09470	0.10992	0.00787	0.03524	0.00176	0.03863	0.02591	0.00279	0.00577
33	0.00790	0.00621	0.00708	0.00713	0.00844	0.00649	0.00521	0.04357	0.24577	0.01508	0.04766	0.41022	0.12348	0.01083	0.00531	0.00168	0.00297	0.00952	0.03045	0.00500
34	0.01239	0.03100	0.21295	0.07914	0.03406	0.11192	0.01069	0.12828	0.15781	0.06405	0.01210	0.03005	0.00961	0.00572	0.00484	0.00147	0.02715	0.04537	0.00329	0.01811

[dist]
# distance from previous block
# <min> <max>
0	30

[block]
# block no. 6 follows, 56 sequences, length 27
# corresponding to MSA columns:
# 855-866,868-882
name=unknown_G
#
# <colnr> <probs for GDERKNQSTAVLIFYWHMCP>
#	G	D	E	R	K	N	Q	S	T	A	V	L	I	F	Y	W	H	M	C	P
0	0.07508	0.12396	0.18656	0.07622	0.11988	0.21965	0.01092	0.04142	0.03349	0.03212	0.02142	0.01063	0.02032	0.00470	0.00411	0.00132	0.00611	0.00352	0.00251	0.00608
1	0.00652	0.00460	0.00568	0.00616	0.00662	0.00450	0.00412	0.02563	0.03445	0.01239	0.08850	0.48123	0.02638	0.22248	0.01014	0.00245	0.00318	0.02429	0.02691	0.00377
2	0.00854	0.00692	0.00844	0.06031	0.07286	0.00726	0.00629	0.04783	0.20973	0.01606	0.12692	0.14153	0.18731	0.00859	0.00497	0.00152	0.00328	0.00741	0.06891	0.00532
3	0.00578	0.00461	0.00519	0.00516	0.00645	0.00401	0.00382	0.00724	0.01113	0.01427	0.28895	0.10838	0.49650	0.01114	0.00546	0.00154	0.00230	0.00953	0.00452	0.00401
4	0.00905	0.00854	0.01445	0.71603	0.14027	0.01030	0.01294	0.01206	0.00936	0.01219	0.00823	0.01212	0.00628	0.00452	0.00458	0.00151	0.00603	0.00408	0.00207	0.00540
5	0.01312	0.00788	0.00916	0.00792	0.01045	0.00815	0.00624	0.01980	0.35853	0.26596	0.08944	0.04068	0.06561	0.00682	0.00469	0.00148	0.00337	0.00570	0.06836	0.00666
6	0.01295	0.00898	0.00940	0.00787	0.01043	0.05834	0.00626	0.22658	0.08838	0.16071	0.11050	0.02296	0.20192	0.00743	0.00480	0.00142	0.00381	0.00603	0.04509	0.00612
7	0.01715	0.02188	0.01301	0.01183	0.01419	0.82022	0.00887	0.01833	0.01301	0.01124	0.00710	0.00828	0.00591	0.00473	0.00414	0.00118	0.00828	0.00296	0.00237	0.00532
8	0.00718	0.00456	0.00576	0.00579	0.00675	0.00425	0.00421	0.00890	0.01117	0.05171	0.39649	0.26287	0.05210	0.01006	0.00515	0.00151	0.00239	0.00889	0.14598	0.00429
9	0.00721	0.00492	0.00552	0.00539	0.00562	0.00500	0.00319	0.04244	0.02305	0.01011	0.01479	0.05875	0.01674	0.75434	0.02151	0.00416	0.00440	0.00677	0.00296	0.00313
10	0.01179	0.00841	0.00960	0.00850	0.01053	0.00892	0.00656	0.38654	0.01512	0.04369	0.01819	0.39531	0.01885	0.00981	0.00522	0.00162	0.00389	0.02716	0.00446	0.00583
11	0.01099	0.00932	0.01286	0.01085	0.01203	0.01165	0.04549	0.14484	0.01010	0.05081	0.00946	0.03938	0.00850	0.01274	0.17153	0.00291	0.42367	0.00461	0.00280	0.00545
12	0.53507	0.00957	0.00852	0.00746	0.01031	0.01103	0.00602	0.09640	0.23905	0.02105	0.01042	0.01062	0.00788	0.00496	0.00355	0.00146	0.00373	0.00344	0.00355	0.00593
13	0.41648	0.01165	0.00912	0.00805	0.01068	0.17840	0.00635	0.11840	0.06061	0.03233	0.03640	0.04939	0.03404	0.00554	0.00379	0.00140	0.00462	0.00392	0.00332	0.00550
14	0.00668	0.00445	0.00501	0.00501	0.00501	0.00445	0.00278	0.00668	0.00668	0.00890	0.01447	0.03004	0.01669	0.83866	0.02337	0.00445	0.00445	0.00668	0.00278	0.00278
15	0.01092	0.01055	0.01826	0.15199	0.65387	0.01083	0.04879	0.01375	0.01027	0.01448	0.00859	0.01154	0.00708	0.00416	0.00459	0.00140	0.00566	0.00415	0.00224	0.00689
16	0.78140	0.00971	0.00732	0.00651	0.00934	0.06433	0.00530	0.01416	0.00836	0.05034	0.00689	0.00783	0.00528	0.00435	0.00300	0.00140	0.00388	0.00260	0.00292	0.00510
17	0.00599	0.00418	0.00529	0.00602	0.00623	0.00401	0.00390	0.00658	0.00818	0.01090	0.02186	0.55601	0.02593	0.27401	0.01139	0.00269	0.00328	0.03630	0.00379	0.00345
18	0.00631	0.00426	0.00553	0.00628	0.00686	0.00390	0.00430	0.00722	0.00927	0.04968	0.04672	0.69583	0.10957	0.01357	0.00575	0.00180	0.00267	0.01219	0.00435	0.00395
19	0.00557	0.00457	0.00491	0.00500	0.00634	0.00391	0.00369	0.00681	0.01055	0.01302	0.13295	0.14362	0.61972	0.01171	0.00548	0.00158	0.00235	0.00995	0.00436	0.00391
20	0.00939	0.01997	0.58764	0.01409	0.02000	0.01046	0.18689	0.01414	0.00995	0.01446	0.00957	0.03747	0.00757	0.00486	0.00471	0.00151	0.00678	0.03189	0.00218	0.00647
21	0.00572	0.00443	0.00508	0.00548	0.00650	0.00392	0.00395	0.00688	0.01001	0.01274	0.08745	0.32762	0.42680	0.01233	0.00555	0.00166	0.00250	0.03818	0.02934	0.00388
22	0.01033	0.08605	0.60356	0.01235	0.01821	0.05157	0.03453	0.05178	0.05032	0.01497	0.00925	0.01042	0.01745	0.00458	0.00431	0.00141	0.00643	0.00356	0.00227	0.00666
23	0.06347	0.03089	0.03273	0.00809	0.00982	0.05926	0.00662	0.11794	0.02943	0.03647	0.09424	0.06239	0.04874	0.02880	0.09296	0.00217	0.12018	0.02200	0.12866	0.00515
24	0.01099	0.10669	0.11361	0.01060	0.06460	0.08759	0.01985	0.07525	0.06782	0.05184	0.01440	0.12898	0.06411	0.00864	0.05606	0.00182	0.07421	0.00546	0.00314	0.03433
25	0.08483	0.29323	0.13878	0.03369	0.01413	0.10036	0.04297	0.08663	0.03203	0.01481	0.04541	0.01025	0.00804	0.00482	0.00446	0.00128	0.05292	0.00343	0.00258	0.02536
26	0.06719	0.13414	0.05201	0.02247	0.09856	0.11856	0.03063	0.18220	0.04833	0.06738	0.01102	0.05018	0.02211	0.01751	0.00486	0.00139	0.03312	0.00423	0.01549	0.01861

[dist]
# distance from previous block
# <min> <max>
1	40

[block]
# block no. 7 follows, 56 sequences, length 23
# corresponding to MSA columns:
# 925-937,975-984
name=unknown_H
#
# <colnr> <probs for GDERKNQSTAVLIFYWHMCP>
#	G	D	E	R	K	N	Q	S	T	A	V	L	I	F	Y	W	H	M	C	P
0	0.08133	0.06618	0.02917	0.23763	0.07035	0.04661	0.02133	0.15666	0.01156	0.02931	0.03419	0.04391	0.00924	0.05781	0.00612	0.00161	0.05132	0.00440	0.00291	0.03838
1	0.00882	0.00644	0.00863	0.02671	0.08985	0.00624	0.01926	0.04037	0.04160	0.08945	0.26901	0.11867	0.20190	0.00897	0.00546	0.00151	0.02563	0.00775	0.00430	0.01943
2	0.02940	0.09136	0.21776	0.01192	0.03183	0.09762	0.12611	0.06371	0.07744	0.11228	0.05313	0.01418	0.01033	0.00528	0.00455	0.00142	0.00576	0.03634	0.00317	0.00642
3	0.02901	0.04173	0.04421	0.12838	0.22387	0.07274	0.00978	0.02690	0.08988	0.03624	0.06976	0.05978	0.06552	0.00628	0.00509	0.00146	0.04031	0.02301	0.00308	0.02297
4	0.00591	0.00461	0.00503	0.00509	0.00617	0.00410	0.00362	0.00694	0.00983	0.01230	0.11901	0.07601	0.48348	0.19426	0.00945	0.00222	0.00287	0.04139	0.00402	0.00369
5	0.01072	0.06472	0.14498	0.25285	0.16738	0.03111	0.07566	0.05671	0.03557	0.03898	0.03957	0.01247	0.00845	0.00471	0.00448	0.00141	0.00571	0.00417	0.03417	0.00616
6	0.06653	0.10200	0.08238	0.09497	0.07964	0.14148	0.05001	0.11041	0.07980	0.05897	0.01040	0.01155	0.02612	0.00501	0.00469	0.00137	0.03983	0.00386	0.00296	0.02801
7	0.00621	0.00471	0.00607	0.00648	0.00717	0.00467	0.00476	0.00740	0.00947	0.01259	0.12164	0.36879	0.16716	0.06258	0.06675	0.00234	0.04303	0.09021	0.00403	0.00391
8	0.00635	0.00483	0.00615	0.04334	0.00826	0.00470	0.00493	0.02347	0.04191	0.01302	0.07521	0.51439	0.16234	0.01255	0.00566	0.00176	0.00292	0.05987	0.00423	0.00411
9	0.01289	0.08229	0.21837	0.02643	0.17038	0.11488	0.04890	0.08642	0.04066	0.10212	0.01058	0.01170	0.02196	0.00554	0.02580	0.00152	0.00608	0.00392	0.00288	0.00667
10	0.10736	0.12695	0.23445	0.03565	0.23124	0.02762	0.02188	0.03028	0.02822	0.01499	0.03054	0.05213	0.00864	0.00503	0.00445	0.00139	0.02635	0.00408	0.00247	0.00628
11	0.00621	0.00474	0.00616	0.00641	0.00743	0.00477	0.00495	0.00768	0.00916	0.01211	0.05631	0.13571	0.26637	0.02069	0.31934	0.00389	0.00642	0.09950	0.01814	0.00401
12	0.24015	0.11590	0.02702	0.05922	0.14235	0.14453	0.03850	0.11702	0.02634	0.01696	0.00840	0.02909	0.00692	0.00472	0.00390	0.00134	0.00534	0.00355	0.00278	0.00598
13	0.00709	0.00508	0.00572	0.00553	0.00676	0.00471	0.00399	0.03230	0.02927	0.04550	0.15804	0.08730	0.36439	0.18079	0.00904	0.00214	0.00298	0.02577	0.01948	0.00409
14	0.08075	0.01048	0.05548	0.04597	0.17839	0.04717	0.00848	0.03065	0.05230	0.02998	0.00887	0.01035	0.00711	0.00402	0.00384	0.00106	0.00443	0.00329	0.00275	0.41463
15	0.04500	0.26993	0.16552	0.02784	0.07147	0.03276	0.09586	0.01408	0.05406	0.02814	0.07468	0.03289	0.01034	0.00508	0.00452	0.00133	0.03655	0.00412	0.00261	0.02320
16	0.42288	0.00863	0.00846	0.00796	0.00996	0.00906	0.00595	0.01272	0.00992	0.03647	0.08668	0.03856	0.03530	0.09571	0.18694	0.00350	0.00626	0.00531	0.00392	0.00579
17	0.01442	0.06463	0.01866	0.14545	0.41269	0.11716	0.04341	0.06111	0.01268	0.01680	0.01082	0.01414	0.00914	0.00594	0.00545	0.00178	0.00668	0.00465	0.00323	0.03115
18	0.00888	0.03223	0.00809	0.00788	0.00909	0.00628	0.00566	0.00994	0.04355	0.01589	0.17553	0.36381	0.21592	0.01330	0.00657	0.00212	0.00360	0.06110	0.00512	0.00544
19	0.01481	0.00999	0.00998	0.00867	0.01094	0.04925	0.00661	0.27483	0.01545	0.04791	0.01557	0.01770	0.01228	0.00698	0.00486	0.00165	0.00438	0.00496	0.47626	0.00693
20	0.05881	0.03582	0.01315	0.05031	0.06501	0.01075	0.07159	0.15794	0.11307	0.03979	0.01509	0.03945	0.01290	0.09076	0.07180	0.00260	0.00588	0.00559	0.13268	0.00700
21	0.06424	0.36375	0.20461	0.01041	0.04407	0.11639	0.01013	0.02857	0.01018	0.05711	0.00804	0.02334	0.00664	0.00459	0.00403	0.00124	0.03100	0.00318	0.00237	0.00610
22	0.00930	0.00809	0.03438	0.07138	0.05325	0.03505	0.01912	0.11336	0.05704	0.01758	0.31966	0.07553	0.05262	0.01756	0.00537	0.00149	0.01914	0.02110	0.03669	0.03229

[dist]
# distance from previous block
# <min> <max>
1	17

[block]
# block no. 8 follows, 56 sequences, length 18
# corresponding to MSA columns:
# 1008-1025
name=unknown_I
#
# <colnr> <probs for GDERKNQSTAVLIFYWHMCP>
#	G	D	E	R	K	N	Q	S	T	A	V	L	I	F	Y	W	H	M	C	P
0	0.07780	0.16015	0.04798	0.05487	0.09935	0.06675	0.09141	0.17717	0.06489	0.03650	0.01032	0.05921	0.00861	0.00528	0.00448	0.00138	0.02011	0.00433	0.00308	0.00635
1	0.12468	0.01192	0.10112	0.07484	0.24331	0.08146	0.02507	0.07937	0.02222	0.05487	0.02855	0.05181	0.00958	0.02682	0.01461	0.00157	0.00533	0.01857	0.01814	0.00614
2	0.01090	0.08157	0.02951	0.04786	0.05042	0.06414	0.01606	0.10897	0.02627	0.06724	0.01440	0.24244	0.01422	0.00774	0.01436	0.00143	0.00435	0.01649	0.02387	0.15776
3	0.01340	0.42700	0.07549	0.00987	0.01340	0.18144	0.03197	0.11034	0.01164	0.01369	0.02710	0.00911	0.00709	0.00466	0.00423	0.00118	0.04681	0.00314	0.00246	0.00600
4	0.00915	0.00738	0.03088	0.05391	0.12948	0.00744	0.03050	0.05847	0.02492	0.06026	0.04700	0.04544	0.04080	0.14835	0.27092	0.00386	0.01767	0.00551	0.00303	0.00505
5	0.00683	0.00516	0.01738	0.00688	0.00777	0.00507	0.00514	0.00822	0.02271	0.03652	0.02191	0.40173	0.10222	0.01797	0.21373	0.01842	0.03643	0.02029	0.01611	0.02951
6	0.28333	0.00789	0.00774	0.00658	0.00891	0.00848	0.00520	0.17202	0.01148	0.08852	0.01153	0.01390	0.00919	0.09288	0.00563	0.00162	0.00360	0.00393	0.23352	0.02405
7	0.01297	0.68061	0.02178	0.00852	0.01215	0.13912	0.00798	0.01491	0.04506	0.01124	0.00704	0.00794	0.00626	0.00415	0.00320	0.00104	0.00536	0.00265	0.00214	0.00587
8	0.00568	0.00406	0.00540	0.00634	0.00668	0.00378	0.00427	0.00660	0.00917	0.01233	0.09629	0.76295	0.03154	0.01393	0.00582	0.00183	0.00262	0.01262	0.00433	0.00378
9	0.03767	0.00662	0.00820	0.00672	0.00931	0.00603	0.00541	0.03806	0.01202	0.45475	0.04628	0.01876	0.07978	0.00618	0.00427	0.00133	0.00324	0.00501	0.24404	0.00630
10	0.00947	0.00702	0.01037	0.00961	0.04567	0.03710	0.10702	0.01083	0.00904	0.11270	0.01523	0.20238	0.01533	0.15534	0.17147	0.03106	0.03551	0.00691	0.00327	0.00468
11	0.01079	0.01224	0.02629	0.01890	0.02326	0.01176	0.74553	0.01448	0.01060	0.01448	0.00909	0.01224	0.00691	0.00412	0.00601	0.00158	0.05794	0.00533	0.00230	0.00612
12	0.00647	0.00484	0.00719	0.00729	0.00806	0.00556	0.00560	0.00803	0.00751	0.01075	0.01348	0.09224	0.01319	0.03261	0.74653	0.00688	0.01142	0.00566	0.00262	0.00407
13	0.01068	0.00731	0.00837	0.00724	0.00931	0.00744	0.00567	0.19789	0.08584	0.08894	0.27889	0.07497	0.13593	0.00826	0.00499	0.00146	0.00319	0.00698	0.05102	0.00562
14	0.01093	0.08938	0.21517	0.15689	0.25969	0.04211	0.09274	0.05343	0.01064	0.01448	0.00838	0.01071	0.00654	0.00430	0.00444	0.00139	0.00617	0.00386	0.00225	0.00650
15	0.01137	0.00614	0.00770	0.00662	0.00873	0.00560	0.00520	0.03341	0.04874	0.27539	0.34919	0.02876	0.17751	0.00837	0.00510	0.00146	0.00290	0.00713	0.00508	0.00560
16	0.00569	0.00404	0.00530	0.00627	0.00651	0.00379	0.00413	0.00642	0.00860	0.01147	0.02435	0.76510	0.02917	0.08658	0.00739	0.00209	0.00282	0.01249	0.00413	0.00365
17	0.08632	0.10395	0.29114	0.03489	0.01778	0.18217	0.16166	0.04451	0.01084	0.01448	0.00795	0.00960	0.00608	0.00434	0.00425	0.00136	0.00672	0.00356	0.00229	0.00611

[dist]
# distance from previous block
# <min> <max>
0	3

# created by:
# /st0/software/busco_prod/Augustus/scripts/msa2prfl.pl ./align_prep/32607.fa
