[name]
unknown

[dist]
# distance from previous block
# <min> <max>
0	108

[block]
# block no. 0 follows, 59 sequences, length 7
# corresponding to MSA columns:
# 339-345
name=unknown_A
#
# <colnr> <probs for GDERKNQSTAVLIFYWHMCP>
#	G	D	E	R	K	N	Q	S	T	A	V	L	I	F	Y	W	H	M	C	P
0	0.01112	0.01056	0.01563	0.04605	0.01582	0.08944	0.27638	0.10206	0.05374	0.04693	0.06632	0.03789	0.01145	0.00679	0.04032	0.00167	0.05163	0.05195	0.00307	0.06118
1	0.08502	0.05225	0.08829	0.01165	0.01460	0.27609	0.13303	0.06706	0.05305	0.05123	0.00835	0.00978	0.00655	0.00492	0.00555	0.00138	0.11931	0.00359	0.00261	0.00570
2	0.00717	0.00546	0.00640	0.00645	0.00756	0.02598	0.00468	0.04649	0.03647	0.03089	0.11412	0.41997	0.10759	0.03598	0.04337	0.00190	0.00334	0.03066	0.00398	0.06150
3	0.00853	0.00746	0.00840	0.00684	0.00931	0.03268	0.00534	0.04333	0.00951	0.01343	0.01679	0.09111	0.16934	0.04493	0.00597	0.00126	0.08858	0.00520	0.00304	0.42895
4	0.56560	0.00917	0.00897	0.10544	0.09599	0.04790	0.00685	0.04165	0.00892	0.01801	0.05033	0.00966	0.00727	0.00445	0.00335	0.00136	0.00409	0.00311	0.00274	0.00511
5	0.06949	0.06434	0.11775	0.00926	0.01209	0.09501	0.00827	0.15641	0.08464	0.09782	0.04454	0.08384	0.01096	0.00738	0.04318	0.00168	0.07942	0.00463	0.00338	0.00591
6	0.28447	0.01347	0.01029	0.00892	0.01164	0.28996	0.00702	0.14097	0.11031	0.06973	0.00927	0.00964	0.00699	0.00477	0.00375	0.00130	0.00523	0.00325	0.00324	0.00578

[dist]
# distance from previous block
# <min> <max>
0	2

[block]
# block no. 1 follows, 59 sequences, length 38
# corresponding to MSA columns:
# 348-365,373-388,391-394
name=unknown_B
#
# <colnr> <probs for GDERKNQSTAVLIFYWHMCP>
#	G	D	E	R	K	N	Q	S	T	A	V	L	I	F	Y	W	H	M	C	P
0	0.01204	0.01056	0.01272	0.01176	0.07535	0.10310	0.02241	0.07653	0.05062	0.10658	0.01823	0.01295	0.03124	0.00744	0.03384	0.00179	0.38292	0.02144	0.00289	0.00561
1	0.02878	0.00843	0.01367	0.20088	0.08422	0.00850	0.16094	0.01206	0.03834	0.03119	0.02755	0.03459	0.05323	0.00551	0.00491	0.00136	0.03648	0.06836	0.00274	0.17828
2	0.87598	0.00854	0.00649	0.00581	0.00854	0.00991	0.00478	0.01298	0.00752	0.01982	0.00615	0.00717	0.00478	0.00410	0.00273	0.00137	0.00342	0.00239	0.00273	0.00478
3	0.00803	0.00548	0.00670	0.00580	0.00771	0.00473	0.00447	0.01002	0.02356	0.09919	0.42258	0.02861	0.18831	0.00804	0.00478	0.00128	0.00252	0.00690	0.00437	0.15692
4	0.08161	0.35634	0.11419	0.00969	0.05302	0.08231	0.00869	0.08343	0.09426	0.03995	0.00856	0.00923	0.00683	0.00433	0.00354	0.00116	0.00495	0.00308	0.00263	0.03219
5	0.02762	0.35991	0.09862	0.00818	0.01149	0.01134	0.04733	0.04124	0.00988	0.01319	0.09024	0.09864	0.03131	0.00583	0.00389	0.00119	0.00430	0.02988	0.00274	0.10319
6	0.00731	0.00563	0.00830	0.03716	0.03690	0.00549	0.06438	0.00941	0.05217	0.03899	0.05797	0.38883	0.04925	0.03721	0.00596	0.00179	0.00355	0.16188	0.00384	0.02398
7	0.01109	0.13689	0.15028	0.04161	0.09259	0.01161	0.05293	0.09638	0.26261	0.03013	0.01170	0.01267	0.00906	0.00633	0.04589	0.00165	0.00523	0.01175	0.00312	0.00646
8	0.00834	0.00785	0.01325	0.83417	0.03042	0.00981	0.01227	0.01128	0.00883	0.01128	0.00785	0.01178	0.00589	0.00442	0.00442	0.00147	0.00589	0.00393	0.00196	0.00491
9	0.00601	0.00468	0.00554	0.00589	0.00705	0.00430	0.00462	0.00766	0.02754	0.01285	0.11148	0.13784	0.39426	0.02972	0.00587	0.00173	0.00283	0.22210	0.00414	0.00390
10	0.00909	0.02776	0.08911	0.07060	0.31219	0.00869	0.08465	0.04245	0.01058	0.01444	0.10567	0.03952	0.15420	0.00612	0.00468	0.00139	0.00464	0.00558	0.00291	0.00573
11	0.00685	0.00488	0.00675	0.00773	0.00860	0.00484	0.00652	0.00862	0.00978	0.01276	0.02315	0.15953	0.02558	0.04515	0.00668	0.00209	0.00387	0.64867	0.00402	0.00395
12	0.08286	0.00922	0.01097	0.00848	0.01188	0.00916	0.00700	0.28228	0.01498	0.49516	0.01430	0.01296	0.00933	0.00531	0.00431	0.00135	0.00410	0.00413	0.00491	0.00731
13	0.00589	0.00421	0.00527	0.00582	0.00608	0.00411	0.00383	0.00650	0.00797	0.01060	0.03769	0.47389	0.06057	0.28667	0.01136	0.00260	0.02203	0.03795	0.00360	0.00335
14	0.00922	0.01075	0.14113	0.05044	0.27927	0.03460	0.08549	0.01185	0.00986	0.03217	0.03674	0.16026	0.04204	0.00683	0.00483	0.00150	0.00498	0.06953	0.00284	0.00566
15	0.01648	0.01207	0.01293	0.00994	0.01339	0.01335	0.00820	0.77398	0.02035	0.02743	0.01074	0.01081	0.00765	0.00530	0.00437	0.00131	0.00476	0.00398	0.03556	0.00739
16	0.73716	0.04432	0.01873	0.00652	0.00931	0.08329	0.00543	0.01360	0.02181	0.01852	0.00644	0.00743	0.00506	0.00416	0.00290	0.00133	0.00392	0.00249	0.00268	0.00491
17	0.00541	0.00424	0.00490	0.00524	0.00621	0.00373	0.00374	0.00652	0.00977	0.01242	0.13538	0.34261	0.42030	0.01191	0.00538	0.00159	0.00234	0.01037	0.00420	0.00373
18	0.03864	0.24151	0.10722	0.00904	0.04038	0.02859	0.03356	0.05322	0.01782	0.07482	0.00913	0.03178	0.00764	0.00440	0.00365	0.00106	0.00448	0.02247	0.00270	0.26792
19	0.01215	0.20763	0.30287	0.01024	0.01482	0.02302	0.01082	0.24795	0.07210	0.01757	0.00904	0.00970	0.00680	0.00454	0.00394	0.00125	0.00531	0.00337	0.00285	0.03404
20	0.00886	0.02285	0.82190	0.01259	0.01912	0.01026	0.01632	0.01399	0.00932	0.01399	0.00793	0.00932	0.00559	0.00420	0.00420	0.00140	0.00653	0.00326	0.00186	0.00653
21	0.00597	0.00465	0.00544	0.00523	0.00649	0.00420	0.00393	0.00797	0.03669	0.01530	0.46580	0.04749	0.35503	0.00988	0.00520	0.00144	0.00220	0.00850	0.00453	0.00407
22	0.01143	0.12815	0.16287	0.04739	0.30701	0.07833	0.02714	0.04952	0.05719	0.03965	0.02874	0.01088	0.00777	0.00445	0.00434	0.00130	0.02124	0.00371	0.00249	0.00640
23	0.00752	0.00450	0.00695	0.00662	0.00693	0.00475	0.03300	0.00665	0.00624	0.00854	0.00874	0.01469	0.00860	0.05462	0.17349	0.60744	0.03191	0.00417	0.00205	0.00258
24	0.03520	0.00807	0.01022	0.00804	0.01117	0.00769	0.00659	0.15145	0.03095	0.56132	0.03699	0.01544	0.03080	0.00739	0.05603	0.00173	0.00436	0.00456	0.00497	0.00704
25	0.00543	0.00388	0.00516	0.00612	0.00642	0.00362	0.00410	0.00626	0.00866	0.01160	0.06438	0.80094	0.02984	0.01359	0.00562	0.00177	0.00254	0.01232	0.00414	0.00362
26	0.05488	0.05407	0.01414	0.04810	0.25447	0.10694	0.00966	0.24102	0.08326	0.04729	0.01025	0.01210	0.00811	0.00493	0.00426	0.00133	0.00512	0.03027	0.00322	0.00659
27	0.01154	0.00974	0.01282	0.05073	0.25101	0.01070	0.00929	0.15280	0.29624	0.03198	0.01314	0.05498	0.01063	0.00652	0.03158	0.00162	0.02970	0.00479	0.00354	0.00666
28	0.00624	0.00439	0.00578	0.00624	0.00689	0.00454	0.00450	0.00786	0.03721	0.01189	0.01957	0.41637	0.04802	0.01849	0.26684	0.00336	0.00547	0.00860	0.11384	0.00390
29	0.00847	0.00582	0.00706	0.00691	0.00823	0.00590	0.00510	0.04849	0.16334	0.08910	0.13064	0.38766	0.06414	0.01107	0.03495	0.00180	0.00321	0.00888	0.00436	0.00489
30	0.01072	0.00885	0.06085	0.13529	0.05822	0.00844	0.12112	0.04538	0.06304	0.14795	0.10288	0.03098	0.01313	0.08894	0.04413	0.00199	0.04410	0.00512	0.00331	0.00557
31	0.00777	0.00608	0.00776	0.00746	0.00861	0.05182	0.03422	0.00959	0.03464	0.05232	0.04362	0.11524	0.06561	0.07958	0.38401	0.00431	0.00760	0.07237	0.00314	0.00424
32	0.01634	0.01215	0.01300	0.01007	0.01352	0.01348	0.00829	0.74167	0.08234	0.02710	0.01118	0.01106	0.00798	0.00536	0.00442	0.00134	0.00475	0.00406	0.00442	0.00747
33	0.04494	0.01121	0.00905	0.00903	0.06010	0.29175	0.00640	0.03215	0.02852	0.01381	0.12000	0.03320	0.11029	0.03688	0.00526	0.00140	0.03375	0.01850	0.12902	0.00474
34	0.01179	0.07065	0.04238	0.01612	0.25208	0.15186	0.10315	0.05063	0.10959	0.01430	0.03823	0.01155	0.00855	0.00492	0.00542	0.00137	0.09459	0.00404	0.00263	0.00613
35	0.01542	0.01156	0.07426	0.00952	0.01317	0.12836	0.06483	0.09163	0.03087	0.34413	0.01219	0.01190	0.00840	0.00471	0.00420	0.00122	0.00487	0.00382	0.00386	0.16110
36	0.00985	0.00825	0.00923	0.00702	0.01045	0.03858	0.00557	0.04307	0.04364	0.04107	0.02251	0.03680	0.00852	0.00570	0.05005	0.00117	0.00398	0.00336	0.00292	0.64826
37	0.05222	0.03811	0.06349	0.00943	0.07196	0.02093	0.06022	0.04205	0.00892	0.03248	0.01405	0.07782	0.06673	0.06872	0.31508	0.00372	0.00725	0.00531	0.03680	0.00473

[dist]
# distance from previous block
# <min> <max>
4	7

[block]
# block no. 2 follows, 59 sequences, length 12
# corresponding to MSA columns:
# 448-459
name=unknown_C
#
# <colnr> <probs for GDERKNQSTAVLIFYWHMCP>
#	G	D	E	R	K	N	Q	S	T	A	V	L	I	F	Y	W	H	M	C	P
0	0.01182	0.07662	0.01076	0.00918	0.02450	0.34555	0.00696	0.03822	0.03600	0.03015	0.04014	0.12113	0.03610	0.02901	0.08227	0.00194	0.02731	0.03903	0.02846	0.00486
1	0.01030	0.00915	0.05518	0.10274	0.07053	0.00800	0.00775	0.06870	0.06766	0.06127	0.01007	0.05007	0.00832	0.00462	0.00426	0.00108	0.03219	0.00378	0.00294	0.42140
2	0.00842	0.22327	0.07370	0.00718	0.00892	0.03827	0.00616	0.00951	0.00780	0.01011	0.01106	0.08671	0.01153	0.22854	0.17079	0.05492	0.03158	0.00497	0.00239	0.00418
3	0.00556	0.00403	0.00523	0.00604	0.00649	0.00375	0.00417	0.00651	0.00893	0.01184	0.08510	0.64556	0.09562	0.03772	0.00609	0.00182	0.00263	0.05514	0.00411	0.00364
4	0.20061	0.00544	0.00596	0.00597	0.00736	0.00537	0.00440	0.00935	0.00923	0.08365	0.10194	0.38821	0.11727	0.00991	0.00474	0.00156	0.00278	0.00852	0.00396	0.02377
5	0.02318	0.16666	0.07950	0.02955	0.03859	0.08556	0.02077	0.03899	0.00946	0.01304	0.02357	0.00999	0.00709	0.02892	0.00585	0.00123	0.13789	0.00322	0.00235	0.27457
6	0.00842	0.01218	0.27853	0.00911	0.01221	0.04457	0.02455	0.02815	0.03634	0.03694	0.03330	0.23038	0.10814	0.00848	0.02244	0.00161	0.04726	0.00664	0.00309	0.04764
7	0.00573	0.00405	0.00497	0.00555	0.00582	0.00384	0.00354	0.00626	0.00788	0.01039	0.02238	0.49452	0.08852	0.30229	0.01145	0.00263	0.00313	0.01016	0.00361	0.00328
8	0.00973	0.00836	0.00909	0.00989	0.11908	0.09184	0.00667	0.07805	0.09234	0.05844	0.04759	0.08848	0.27339	0.00841	0.00491	0.00148	0.00386	0.07937	0.00381	0.00521
9	0.05064	0.01053	0.01443	0.10538	0.31639	0.08287	0.06320	0.04407	0.08811	0.06003	0.00969	0.01147	0.00761	0.00531	0.03246	0.00149	0.00540	0.00389	0.00273	0.08428
10	0.00681	0.00540	0.00646	0.00649	0.00698	0.04081	0.00461	0.00765	0.00748	0.01000	0.01550	0.14192	0.04673	0.31615	0.28671	0.00443	0.04895	0.03057	0.00282	0.00353
11	0.00582	0.00426	0.00498	0.00519	0.00581	0.00394	0.00346	0.00664	0.00886	0.01160	0.15252	0.24140	0.23178	0.28126	0.01091	0.00246	0.00296	0.00900	0.00376	0.00342

[dist]
# distance from previous block
# <min> <max>
5	35

[block]
# block no. 3 follows, 59 sequences, length 46
# corresponding to MSA columns:
# 502-529,532-549
name=unknown_D
#
# <colnr> <probs for GDERKNQSTAVLIFYWHMCP>
#	G	D	E	R	K	N	Q	S	T	A	V	L	I	F	Y	W	H	M	C	P
0	0.01060	0.10956	0.09721	0.01112	0.10735	0.07752	0.05950	0.03136	0.07412	0.08346	0.08835	0.04240	0.11437	0.00654	0.00469	0.00139	0.01686	0.05467	0.00330	0.00564
1	0.04191	0.00448	0.00535	0.00592	0.00674	0.00422	0.00435	0.00709	0.00908	0.01208	0.04681	0.37012	0.23582	0.07984	0.00685	0.00193	0.00290	0.14690	0.00394	0.00370
2	0.02996	0.06329	0.09295	0.01335	0.01711	0.14587	0.32532	0.07857	0.08456	0.06234	0.01023	0.03818	0.00800	0.00468	0.00456	0.00138	0.00626	0.00449	0.00283	0.00606
3	0.00889	0.00765	0.01135	0.13014	0.11134	0.03666	0.09212	0.01147	0.06126	0.04498	0.06219	0.15009	0.02734	0.09876	0.00722	0.00185	0.03650	0.07530	0.01998	0.00491
4	0.32541	0.00985	0.01009	0.00899	0.05871	0.01090	0.00684	0.31776	0.06979	0.07043	0.01004	0.01045	0.00737	0.00484	0.00373	0.00133	0.00402	0.00351	0.05970	0.00624
5	0.00620	0.00455	0.00587	0.00629	0.00702	0.00431	0.01893	0.04574	0.00958	0.01282	0.07131	0.60202	0.12015	0.01228	0.00540	0.00168	0.00270	0.02180	0.03743	0.00390
6	0.01321	0.39189	0.07976	0.00944	0.01275	0.31432	0.00850	0.02707	0.06849	0.01169	0.00811	0.00892	0.02003	0.00440	0.00355	0.00111	0.00593	0.00294	0.00229	0.00562
7	0.04684	0.00904	0.01028	0.00825	0.01119	0.00943	0.00670	0.29019	0.13354	0.27637	0.05202	0.01442	0.01139	0.00557	0.00428	0.00134	0.00383	0.00442	0.09407	0.00683
8	0.00822	0.00490	0.00624	0.00623	0.00737	0.00451	0.00456	0.02780	0.01015	0.14315	0.13192	0.38316	0.13388	0.06055	0.00632	0.00178	0.00288	0.04766	0.00434	0.00438
9	0.00540	0.00394	0.00509	0.00594	0.00637	0.00363	0.00402	0.00627	0.00882	0.01165	0.06387	0.71547	0.11664	0.01332	0.00557	0.00174	0.00250	0.01198	0.00414	0.00363
10	0.00834	0.00621	0.00681	0.00614	0.00799	0.00604	0.00475	0.12482	0.08482	0.05671	0.15866	0.07182	0.42123	0.00935	0.00502	0.00146	0.00280	0.00785	0.00437	0.00483
11	0.00537	0.00395	0.00504	0.00589	0.00634	0.00362	0.00399	0.00622	0.00876	0.01148	0.04100	0.71024	0.14518	0.01336	0.00557	0.00174	0.00251	0.01200	0.00411	0.00362
12	0.00834	0.00785	0.01325	0.83417	0.03042	0.00981	0.01227	0.01128	0.00883	0.01128	0.00785	0.01178	0.00589	0.00442	0.00442	0.00147	0.00589	0.00393	0.00196	0.00491
13	0.01650	0.02105	0.01252	0.01138	0.01365	0.82705	0.00853	0.01764	0.01252	0.01081	0.00683	0.00796	0.00569	0.00455	0.00398	0.00114	0.00796	0.00284	0.00228	0.00512
14	0.00797	0.00518	0.00652	0.00675	0.00779	0.00501	0.00495	0.07172	0.03243	0.09067	0.02387	0.54588	0.08430	0.01180	0.00540	0.00170	0.00299	0.07636	0.00426	0.00442
15	0.01528	0.00747	0.00930	0.00745	0.01020	0.00708	0.00604	0.14830	0.02833	0.43966	0.15918	0.01903	0.05782	0.00636	0.00453	0.00135	0.00346	0.00524	0.05741	0.00651
16	0.01042	0.01191	0.02606	0.01862	0.02308	0.01117	0.80119	0.01415	0.01042	0.01415	0.00894	0.01191	0.00670	0.00372	0.00521	0.00149	0.00745	0.00521	0.00223	0.00596
17	0.01171	0.79096	0.02213	0.00756	0.01121	0.04213	0.00743	0.01311	0.00912	0.01046	0.00757	0.00841	0.03525	0.00407	0.00296	0.00097	0.00473	0.00263	0.00198	0.00558
18	0.00927	0.00691	0.00805	0.00736	0.00923	0.00707	0.02136	0.10882	0.20340	0.06788	0.04899	0.23663	0.19126	0.00918	0.00498	0.00154	0.00321	0.02670	0.00428	0.02389
19	0.01115	0.40301	0.20113	0.00907	0.01304	0.02418	0.00941	0.08455	0.02930	0.02504	0.03891	0.01017	0.02291	0.00464	0.00420	0.00117	0.05309	0.00326	0.00242	0.04935
20	0.01624	0.01732	0.01260	0.01078	0.01342	0.50182	0.00838	0.29378	0.01521	0.01694	0.00831	0.00914	0.00647	0.00490	0.00436	0.00122	0.02617	0.00330	0.02371	0.00593
21	0.01144	0.00888	0.01362	0.01059	0.01354	0.00887	0.23123	0.10985	0.16555	0.12463	0.11095	0.01867	0.08864	0.00599	0.00475	0.00142	0.00444	0.00557	0.05535	0.00602
22	0.04178	0.01133	0.02247	0.01632	0.02043	0.01089	0.61874	0.09448	0.01148	0.05716	0.01004	0.01335	0.00771	0.00434	0.00504	0.00148	0.00671	0.03744	0.00272	0.00608
23	0.00673	0.00450	0.00571	0.00556	0.00648	0.00422	0.00404	0.00775	0.03238	0.02927	0.31939	0.07336	0.21589	0.01189	0.02896	0.22628	0.00292	0.00725	0.00382	0.00359
24	0.00548	0.00398	0.00519	0.00604	0.00648	0.00369	0.00415	0.00640	0.00889	0.01177	0.07136	0.69754	0.09773	0.01327	0.00559	0.00175	0.00256	0.04033	0.00414	0.00365
25	0.01513	0.00886	0.01034	0.00818	0.01107	0.00903	0.00666	0.35878	0.01591	0.27315	0.14908	0.01738	0.05015	0.00623	0.00454	0.00134	0.00382	0.00504	0.03864	0.00665
26	0.00975	0.00870	0.01468	0.04580	0.08782	0.02249	0.26001	0.03740	0.09973	0.05893	0.02671	0.20591	0.01508	0.00736	0.00511	0.00157	0.00496	0.07912	0.00335	0.00550
27	0.01165	0.33644	0.01490	0.02427	0.01116	0.20454	0.00708	0.05206	0.01073	0.02819	0.07271	0.03537	0.11056	0.00641	0.02078	0.00131	0.03964	0.00429	0.00274	0.00518
28	0.03431	0.02288	0.11463	0.03943	0.12432	0.06714	0.02399	0.06674	0.04647	0.12166	0.02294	0.04303	0.02361	0.06601	0.02511	0.00162	0.00490	0.01763	0.00312	0.13045
29	0.01120	0.03193	0.14750	0.10914	0.07952	0.05240	0.04989	0.13155	0.10909	0.05980	0.03256	0.04768	0.03663	0.01670	0.00463	0.00139	0.00498	0.00454	0.00315	0.06571
30	0.00639	0.00445	0.00531	0.00550	0.00629	0.00412	0.00377	0.00754	0.02629	0.04541	0.12453	0.31280	0.22479	0.19167	0.00905	0.00218	0.00286	0.00935	0.00395	0.00373
31	0.01033	0.00991	0.01701	0.21209	0.62130	0.01035	0.02856	0.01305	0.00978	0.01370	0.00821	0.01114	0.00674	0.00404	0.00440	0.00135	0.00544	0.00396	0.00214	0.00650
32	0.04518	0.17147	0.21686	0.01484	0.22342	0.03779	0.06115	0.09828	0.01075	0.01501	0.00828	0.02693	0.00675	0.00431	0.00400	0.00126	0.00544	0.00359	0.00238	0.04232
33	0.00790	0.02671	0.00783	0.00676	0.00771	0.06309	0.03505	0.04263	0.00887	0.01134	0.07383	0.02646	0.17381	0.38065	0.02974	0.00283	0.08161	0.00634	0.00305	0.00379
34	0.00692	0.00461	0.00557	0.00579	0.00690	0.00414	0.00420	0.00825	0.02687	0.09014	0.06695	0.39972	0.31161	0.01164	0.00534	0.00162	0.00259	0.02872	0.00427	0.00413
35	0.00673	0.00454	0.00580	0.00623	0.00704	0.00428	0.00443	0.00840	0.05008	0.06367	0.13559	0.54342	0.09732	0.01196	0.00542	0.00168	0.00263	0.03234	0.00431	0.00411
36	0.01030	0.08061	0.16845	0.00983	0.08179	0.02536	0.00819	0.08253	0.06734	0.08290	0.05977	0.05568	0.01272	0.19341	0.02825	0.00214	0.00481	0.00500	0.01549	0.00544
37	0.00764	0.00516	0.00625	0.00573	0.00714	0.00478	0.00436	0.05100	0.01194	0.07844	0.45605	0.03289	0.22396	0.05880	0.00616	0.00160	0.00258	0.02658	0.00455	0.00441
38	0.00569	0.00409	0.00537	0.00621	0.00663	0.00386	0.00427	0.02021	0.00902	0.01204	0.07187	0.72841	0.05087	0.01327	0.00560	0.00176	0.00262	0.04036	0.00415	0.00371
39	0.02706	0.08148	0.11715	0.06258	0.23154	0.07859	0.13878	0.01439	0.06708	0.04715	0.01099	0.02522	0.03812	0.00488	0.00455	0.00137	0.01746	0.02293	0.00258	0.00609
40	0.00930	0.00906	0.01973	0.01110	0.15876	0.14850	0.00705	0.01052	0.02625	0.01130	0.01595	0.07135	0.12247	0.15061	0.00973	0.09256	0.06244	0.05613	0.00279	0.00440
41	0.04043	0.02064	0.00867	0.03173	0.08225	0.02076	0.03862	0.02137	0.00877	0.09234	0.01500	0.21485	0.01524	0.17998	0.13104	0.00288	0.00512	0.00663	0.05917	0.00449
42	0.01147	0.05581	0.14022	0.01008	0.03215	0.17018	0.06242	0.08492	0.07674	0.06455	0.10481	0.05367	0.06953	0.02062	0.00476	0.00139	0.00506	0.00502	0.02095	0.00565
43	0.04534	0.10736	0.05115	0.05121	0.05730	0.13472	0.02683	0.10280	0.04557	0.08521	0.01346	0.12459	0.05191	0.00646	0.00480	0.00138	0.04505	0.01648	0.02279	0.00558
44	0.00804	0.00557	0.00643	0.00614	0.00706	0.03417	0.00440	0.05500	0.01985	0.04535	0.09387	0.12832	0.18890	0.10087	0.01062	0.24833	0.02329	0.00681	0.00336	0.00363
45	0.01124	0.03331	0.00986	0.00874	0.03858	0.20559	0.04338	0.05253	0.01055	0.09554	0.03843	0.08101	0.10103	0.17342	0.00829	0.00192	0.02619	0.00560	0.05003	0.00477

[dist]
# distance from previous block
# <min> <max>
1	34

[block]
# block no. 4 follows, 59 sequences, length 27
# corresponding to MSA columns:
# 586-612
name=unknown_E
#
# <colnr> <probs for GDERKNQSTAVLIFYWHMCP>
#	G	D	E	R	K	N	Q	S	T	A	V	L	I	F	Y	W	H	M	C	P
0	0.04456	0.10097	0.07538	0.07598	0.11030	0.04318	0.09620	0.13045	0.03316	0.02912	0.02249	0.01186	0.01807	0.04577	0.00536	0.00140	0.03463	0.00389	0.00273	0.11451
1	0.01089	0.01164	0.04898	0.00864	0.01009	0.28365	0.00670	0.02830	0.00957	0.04640	0.01199	0.10172	0.02535	0.20127	0.10086	0.00269	0.07889	0.00520	0.00273	0.00445
2	0.01203	0.04776	0.09042	0.03982	0.03919	0.10114	0.02987	0.13303	0.05936	0.11561	0.04707	0.02558	0.01084	0.12548	0.05531	0.00212	0.05194	0.00453	0.00324	0.00564
3	0.01274	0.23662	0.14371	0.00996	0.01360	0.13835	0.03252	0.17106	0.03019	0.03341	0.00848	0.02526	0.00688	0.00474	0.00443	0.00121	0.05269	0.00339	0.00270	0.06807
4	0.00900	0.00816	0.04028	0.05728	0.01378	0.00776	0.23370	0.05948	0.04488	0.04964	0.03394	0.14790	0.02576	0.14428	0.10136	0.00260	0.00583	0.00639	0.00306	0.00492
5	0.00800	0.00505	0.00598	0.00566	0.00629	0.00503	0.00370	0.06277	0.00854	0.06873	0.07263	0.09890	0.03145	0.53337	0.03881	0.02741	0.00413	0.00670	0.00327	0.00358
6	0.01265	0.01245	0.01378	0.13167	0.21574	0.24678	0.05472	0.06608	0.01158	0.07350	0.03743	0.01390	0.03599	0.00512	0.00442	0.00133	0.00581	0.03374	0.01750	0.00580
7	0.00886	0.02285	0.82190	0.01259	0.01912	0.01026	0.01632	0.01399	0.00932	0.01399	0.00793	0.00932	0.00559	0.00420	0.00420	0.00140	0.00653	0.00326	0.00186	0.00653
8	0.03614	0.00602	0.00733	0.00702	0.00847	0.00599	0.00522	0.12122	0.03790	0.14396	0.02112	0.47227	0.06012	0.01124	0.03248	0.00180	0.00343	0.00906	0.00428	0.00494
9	0.00572	0.00426	0.00508	0.00562	0.00631	0.00396	0.00386	0.00699	0.03602	0.01180	0.04811	0.49496	0.23431	0.07747	0.00672	0.00187	0.00262	0.01060	0.03005	0.00370
10	0.02458	0.01071	0.01225	0.17753	0.09000	0.15914	0.00931	0.02522	0.03275	0.01198	0.00986	0.04969	0.03270	0.03422	0.00802	0.00163	0.25489	0.02415	0.00241	0.02896
11	0.00684	0.00552	0.00812	0.00782	0.00848	0.00680	0.00618	0.00832	0.00704	0.01031	0.01087	0.01612	0.01020	0.02907	0.69762	0.00627	0.14342	0.00459	0.00230	0.00409
12	0.00938	0.00681	0.00786	0.00730	0.00899	0.00712	0.00552	0.11089	0.22544	0.06935	0.15509	0.27304	0.07670	0.00914	0.00500	0.00154	0.00307	0.00795	0.00446	0.00535
13	0.00556	0.00418	0.00517	0.00566	0.00642	0.00379	0.00402	0.00671	0.00970	0.01271	0.17488	0.44720	0.24467	0.01217	0.00546	0.00165	0.00244	0.03962	0.00424	0.00375
14	0.01181	0.84744	0.02314	0.00756	0.01134	0.01748	0.00756	0.01323	0.00897	0.01039	0.00614	0.00708	0.00567	0.00378	0.00283	0.00094	0.00472	0.00236	0.00189	0.00567
15	0.00562	0.00435	0.00516	0.00567	0.00649	0.00400	0.00398	0.00711	0.04481	0.01218	0.07591	0.48751	0.29650	0.01231	0.00542	0.00165	0.00247	0.01086	0.00416	0.00382
16	0.00651	0.00453	0.00588	0.00643	0.00733	0.00423	0.00495	0.00790	0.00989	0.04298	0.12839	0.34588	0.15966	0.01200	0.00560	0.00174	0.00293	0.23496	0.00424	0.00397
17	0.00944	0.18595	0.66390	0.01159	0.01758	0.01169	0.01459	0.01384	0.00926	0.01328	0.00757	0.00888	0.00561	0.00411	0.00393	0.00131	0.00617	0.00309	0.00187	0.00636
18	0.03517	0.00856	0.00976	0.00762	0.01096	0.04726	0.00613	0.03688	0.10368	0.35430	0.01428	0.01353	0.03644	0.00491	0.00402	0.00114	0.00374	0.00393	0.00411	0.29357
19	0.00545	0.00424	0.00497	0.00536	0.00629	0.00376	0.00384	0.00657	0.00972	0.01239	0.12849	0.36007	0.39008	0.01201	0.00541	0.00161	0.00239	0.02941	0.00419	0.00373
20	0.01497	0.01147	0.01223	0.00979	0.01300	0.01285	0.00795	0.55809	0.26815	0.02490	0.01292	0.01245	0.00938	0.00552	0.00444	0.00138	0.00443	0.00430	0.00444	0.00735
21	0.01318	0.00898	0.00950	0.00771	0.01021	0.00979	0.00623	0.45994	0.04341	0.02298	0.01237	0.01314	0.00924	0.00526	0.00389	0.00121	0.00370	0.00407	0.34905	0.00614
22	0.00633	0.00464	0.00666	0.00666	0.00729	0.00528	0.00497	0.00760	0.00697	0.00993	0.01223	0.01959	0.01201	0.19036	0.67137	0.00655	0.01037	0.00506	0.00243	0.00370
23	0.00585	0.00451	0.00577	0.00597	0.00690	0.00453	0.00448	0.00709	0.00846	0.01105	0.02592	0.14209	0.29876	0.06771	0.33387	0.00395	0.00632	0.04969	0.00333	0.00375
24	0.01381	0.00785	0.00879	0.00727	0.00987	0.05320	0.00581	0.10553	0.04826	0.36234	0.09327	0.02308	0.22733	0.00725	0.00469	0.00139	0.00356	0.00593	0.00471	0.00605
25	0.01057	0.19124	0.04820	0.00764	0.01126	0.12245	0.00662	0.01245	0.00978	0.01320	0.05319	0.00991	0.00819	0.00393	0.00343	0.00086	0.00431	0.00293	0.00251	0.47733
26	0.01729	0.01174	0.01065	0.00888	0.01177	0.26117	0.00701	0.01975	0.08291	0.45874	0.01553	0.01432	0.04902	0.00551	0.00434	0.00131	0.00496	0.00423	0.00432	0.00654

[dist]
# distance from previous block
# <min> <max>
0	1

[block]
# block no. 5 follows, 59 sequences, length 39
# corresponding to MSA columns:
# 614,624-637,641-664
name=unknown_F
#
# <colnr> <probs for GDERKNQSTAVLIFYWHMCP>
#	G	D	E	R	K	N	Q	S	T	A	V	L	I	F	Y	W	H	M	C	P
0	0.01022	0.00963	0.01613	0.11074	0.59099	0.00981	0.03943	0.03827	0.01020	0.01421	0.01122	0.05687	0.05279	0.00495	0.00452	0.00137	0.00507	0.00473	0.00244	0.00639
1	0.02470	0.43009	0.01802	0.00952	0.01249	0.32258	0.02825	0.01515	0.03914	0.01107	0.00688	0.00801	0.00598	0.00435	0.00398	0.00111	0.04827	0.00279	0.00215	0.00546
2	0.01198	0.81733	0.02276	0.00770	0.01142	0.04697	0.00759	0.01339	0.00910	0.01041	0.00617	0.00712	0.00567	0.00381	0.00288	0.00095	0.00484	0.00238	0.00190	0.00565
3	0.00934	0.00827	0.03934	0.00798	0.02265	0.00657	0.05380	0.03475	0.02298	0.04241	0.04343	0.09330	0.01057	0.00534	0.01698	0.00106	0.01549	0.00421	0.00297	0.55855
4	0.00575	0.00418	0.00546	0.00610	0.00659	0.00408	0.00429	0.00668	0.00830	0.01101	0.02329	0.48184	0.10599	0.11559	0.12910	0.00286	0.00421	0.06741	0.00367	0.00358
5	0.00641	0.00431	0.00494	0.00492	0.00500	0.00430	0.00283	0.00657	0.00681	0.00916	0.06214	0.02887	0.01748	0.77506	0.04064	0.00417	0.00433	0.00648	0.00280	0.00280
6	0.01193	0.01235	0.01427	0.01239	0.05406	0.26426	0.19848	0.01373	0.01054	0.07946	0.01299	0.16166	0.04547	0.00664	0.00563	0.00146	0.08079	0.00572	0.00290	0.00525
7	0.01189	0.01103	0.01356	0.03840	0.04795	0.12297	0.15355	0.15782	0.14350	0.04220	0.01441	0.08522	0.06561	0.00619	0.00511	0.00144	0.04386	0.00533	0.02406	0.00590
8	0.00551	0.00398	0.00524	0.00620	0.00659	0.00371	0.00429	0.00640	0.00869	0.01147	0.02550	0.73192	0.07630	0.01355	0.00565	0.00179	0.00266	0.07283	0.00410	0.00363
9	0.00594	0.00438	0.00547	0.00596	0.00673	0.00411	0.00431	0.00755	0.03634	0.01319	0.18174	0.43386	0.16153	0.01181	0.00541	0.00165	0.00256	0.07506	0.02851	0.00389
10	0.02877	0.04122	0.03713	0.05088	0.04434	0.12328	0.05161	0.20666	0.05711	0.06483	0.04168	0.05900	0.02785	0.09977	0.03094	0.00186	0.01921	0.00487	0.00335	0.00566
11	0.00715	0.00500	0.00582	0.00575	0.00703	0.00465	0.00421	0.00932	0.08085	0.07756	0.14796	0.23965	0.32803	0.04911	0.00600	0.00167	0.00262	0.00904	0.00429	0.00430
12	0.00807	0.00561	0.00677	0.00681	0.00774	0.00566	0.00482	0.15742	0.01067	0.03700	0.02036	0.56842	0.02309	0.10668	0.00729	0.00198	0.00323	0.01000	0.00404	0.00434
13	0.02812	0.03578	0.01154	0.06469	0.10258	0.10835	0.04918	0.09052	0.13952	0.04493	0.05119	0.11997	0.05490	0.00739	0.02282	0.00156	0.00471	0.03667	0.01997	0.00560
14	0.04092	0.06635	0.02473	0.00955	0.06736	0.06833	0.07415	0.01124	0.04890	0.03833	0.13602	0.07044	0.12311	0.05619	0.07783	0.00958	0.06303	0.00591	0.00320	0.00483
15	0.01241	0.01022	0.01037	0.00901	0.01160	0.06549	0.00707	0.13630	0.53654	0.06760	0.07151	0.01610	0.01389	0.00597	0.00450	0.00143	0.00391	0.00487	0.00442	0.00678
16	0.01219	0.02877	0.06181	0.08864	0.25927	0.15432	0.03693	0.13258	0.06883	0.01562	0.03403	0.01129	0.00811	0.00476	0.00478	0.00133	0.04432	0.00389	0.00274	0.02579
17	0.04293	0.76736	0.07068	0.00780	0.01170	0.01677	0.00798	0.01326	0.00894	0.01095	0.00625	0.00722	0.00563	0.00382	0.00291	0.00099	0.00478	0.00242	0.00192	0.00569
18	0.00968	0.00922	0.01567	0.41609	0.43801	0.01017	0.01293	0.01246	0.00947	0.01291	0.00809	0.01134	0.00646	0.00417	0.00439	0.00139	0.00556	0.00393	0.00208	0.00599
19	0.01131	0.02895	0.01023	0.00890	0.01068	0.19899	0.00701	0.15446	0.03371	0.03573	0.01042	0.01335	0.00891	0.01835	0.39346	0.00403	0.03947	0.00407	0.00283	0.00511
20	0.00690	0.00533	0.00717	0.00704	0.00820	0.00522	0.04357	0.02975	0.06415	0.01443	0.21754	0.27917	0.11494	0.01056	0.00544	0.00163	0.01065	0.13554	0.02846	0.00430
21	0.00662	0.00487	0.00574	0.00560	0.00655	0.00464	0.00397	0.06052	0.01060	0.01420	0.29841	0.17952	0.19047	0.17818	0.00871	0.00206	0.00283	0.00851	0.00410	0.00390
22	0.00586	0.00485	0.00519	0.00514	0.00658	0.00436	0.00389	0.00796	0.06802	0.01325	0.15111	0.06319	0.59501	0.01062	0.00521	0.00151	0.00238	0.03760	0.00424	0.00403
23	0.06483	0.01223	0.01126	0.00939	0.01217	0.15411	0.00747	0.37004	0.18568	0.02134	0.09522	0.01353	0.01187	0.00564	0.00434	0.00134	0.00474	0.00432	0.00401	0.00647
24	0.00800	0.00605	0.00656	0.00609	0.00787	0.00589	0.00465	0.07590	0.13974	0.05942	0.08372	0.11000	0.44993	0.00966	0.00503	0.00149	0.00276	0.00814	0.00432	0.00479
25	0.00548	0.00398	0.00519	0.00606	0.00649	0.00369	0.00416	0.00639	0.00885	0.01171	0.06281	0.70655	0.09427	0.01333	0.00560	0.00176	0.00257	0.04335	0.00413	0.00365
26	0.00968	0.00933	0.01463	0.47839	0.29806	0.03965	0.01225	0.01303	0.05762	0.01278	0.00858	0.01163	0.00672	0.00435	0.00439	0.00141	0.00560	0.00395	0.00220	0.00576
27	0.01249	0.00838	0.00891	0.00732	0.00971	0.00896	0.00589	0.39265	0.03665	0.04662	0.01582	0.01621	0.09044	0.00586	0.00402	0.00124	0.00352	0.00461	0.31481	0.00590
28	0.00548	0.00402	0.00516	0.00595	0.00646	0.00370	0.00411	0.00643	0.00901	0.01186	0.07923	0.64987	0.13810	0.01310	0.00557	0.00173	0.00254	0.03988	0.00415	0.00366
29	0.03718	0.01131	0.01285	0.01009	0.01323	0.01260	0.03725	0.57677	0.09446	0.04925	0.01119	0.01157	0.00819	0.00680	0.04647	0.00167	0.04385	0.00413	0.00412	0.00703
30	0.00897	0.00872	0.01338	0.44005	0.02140	0.01159	0.01102	0.01097	0.00784	0.01097	0.00687	0.01076	0.00584	0.00600	0.00924	0.00169	0.40395	0.00390	0.00195	0.00487
31	0.00552	0.00396	0.00535	0.00631	0.00663	0.00379	0.00434	0.00641	0.00844	0.01130	0.02346	0.74959	0.02781	0.01506	0.06088	0.00216	0.00326	0.04813	0.00398	0.00363
32	0.00580	0.00414	0.00561	0.00663	0.00707	0.00395	0.00483	0.00688	0.00887	0.01174	0.02411	0.65031	0.02829	0.01344	0.00575	0.00185	0.00293	0.20001	0.00409	0.00370
33	0.00611	0.00450	0.00562	0.00549	0.00632	0.00438	0.00393	0.00743	0.00956	0.01303	0.32684	0.03068	0.17107	0.21142	0.17122	0.00322	0.00455	0.00722	0.00372	0.00369
34	0.06685	0.00802	0.00957	0.27973	0.03519	0.06490	0.00780	0.01267	0.15815	0.01378	0.07248	0.10483	0.13453	0.00701	0.00459	0.00147	0.00424	0.00594	0.00326	0.00498
35	0.06352	0.01058	0.01240	0.12052	0.09989	0.03681	0.00870	0.42980	0.04162	0.02068	0.00954	0.01102	0.00724	0.00608	0.00572	0.09747	0.00489	0.00386	0.00342	0.00624
36	0.10233	0.19491	0.05481	0.04120	0.22781	0.06656	0.00964	0.09153	0.03422	0.04407	0.02353	0.01005	0.00724	0.00463	0.00464	0.00129	0.06938	0.00345	0.00260	0.00610
37	0.01379	0.09091	0.03793	0.05470	0.19563	0.05662	0.00893	0.10233	0.04398	0.22999	0.01166	0.04506	0.00892	0.00497	0.00419	0.00127	0.00464	0.00412	0.00347	0.07689
38	0.05948	0.22467	0.06569	0.01078	0.08603	0.15074	0.00857	0.09702	0.16383	0.07709	0.01015	0.01049	0.00782	0.00467	0.00385	0.00124	0.00507	0.00347	0.00305	0.00629

[dist]
# distance from previous block
# <min> <max>
0	44

[block]
# block no. 6 follows, 59 sequences, length 22
# corresponding to MSA columns:
# 726-747
name=unknown_G
#
# <colnr> <probs for GDERKNQSTAVLIFYWHMCP>
#	G	D	E	R	K	N	Q	S	T	A	V	L	I	F	Y	W	H	M	C	P
0	0.07406	0.03992	0.22558	0.01103	0.03275	0.29032	0.05114	0.03033	0.01050	0.01341	0.00825	0.02386	0.01803	0.00452	0.00420	0.00121	0.02645	0.00334	0.00233	0.12880
1	0.01486	0.13461	0.01365	0.00981	0.01250	0.30456	0.00791	0.27353	0.01397	0.04792	0.00889	0.01044	0.00721	0.04580	0.04005	0.00161	0.04025	0.00350	0.00306	0.00590
2	0.05533	0.00613	0.00751	0.00621	0.00858	0.00565	0.00499	0.01629	0.01105	0.44091	0.03760	0.01572	0.01164	0.00537	0.00384	0.00123	0.00302	0.00431	0.34865	0.00594
3	0.04704	0.00668	0.00809	0.00665	0.00923	0.00605	0.00534	0.07123	0.01214	0.38293	0.10786	0.02444	0.25678	0.00745	0.00466	0.00139	0.00318	0.00613	0.00474	0.02801
4	0.01155	0.71316	0.06839	0.00795	0.01169	0.04134	0.00795	0.01359	0.03756	0.01117	0.03634	0.00853	0.00726	0.00410	0.00309	0.00101	0.00479	0.00273	0.00210	0.00569
5	0.01572	0.06229	0.01222	0.00989	0.01232	0.40192	0.00776	0.08963	0.01240	0.19571	0.01073	0.06998	0.00875	0.00568	0.00494	0.00130	0.06565	0.00406	0.00328	0.00578
6	0.00539	0.00419	0.00486	0.00529	0.00617	0.00371	0.00372	0.00638	0.00941	0.01192	0.08382	0.39452	0.39695	0.03531	0.00588	0.00170	0.00243	0.01058	0.00411	0.00366
7	0.01185	0.29411	0.04239	0.01016	0.03084	0.04483	0.07371	0.10678	0.21077	0.01513	0.01002	0.01072	0.00799	0.00485	0.00473	0.00127	0.07313	0.00366	0.00291	0.04014
8	0.02860	0.38316	0.19190	0.00973	0.02324	0.06451	0.05499	0.04835	0.00987	0.01289	0.00785	0.00903	0.02093	0.00414	0.00371	0.00111	0.01946	0.00302	0.00218	0.10131
9	0.02393	0.11297	0.31503	0.04789	0.08269	0.07248	0.06216	0.08985	0.02867	0.04637	0.03481	0.04574	0.00851	0.00489	0.00422	0.00134	0.00566	0.00402	0.00260	0.00617
10	0.00849	0.00754	0.01046	0.00901	0.01032	0.00856	0.08554	0.04884	0.11940	0.01398	0.13198	0.12346	0.10940	0.06865	0.00877	0.00182	0.21887	0.00665	0.00343	0.00483
11	0.00574	0.00411	0.00539	0.00623	0.00662	0.00390	0.00422	0.02848	0.00899	0.01203	0.06051	0.78130	0.02918	0.01338	0.00558	0.00176	0.00260	0.01211	0.00414	0.00372
12	0.01180	0.28199	0.20288	0.01022	0.01397	0.15406	0.04239	0.07662	0.06231	0.01340	0.00884	0.05247	0.00758	0.00495	0.00429	0.00126	0.03899	0.00366	0.00245	0.00587
13	0.00974	0.00947	0.02127	0.10399	0.14404	0.05471	0.15643	0.03043	0.09168	0.02791	0.06099	0.10774	0.05843	0.00674	0.01397	0.00156	0.08670	0.00574	0.00298	0.00550
14	0.00655	0.00495	0.00547	0.00522	0.00666	0.00450	0.00390	0.00867	0.06812	0.04600	0.22511	0.03637	0.48840	0.06301	0.00623	0.00164	0.00248	0.00831	0.00428	0.00415
15	0.00807	0.00580	0.00693	0.00640	0.00784	0.00581	0.00486	0.08134	0.10843	0.04053	0.45187	0.12795	0.07277	0.00877	0.00499	0.00144	0.00262	0.00764	0.04114	0.00481
16	0.09745	0.01252	0.03709	0.12691	0.01527	0.14885	0.02032	0.36841	0.01468	0.03209	0.00924	0.01076	0.00703	0.03152	0.00496	0.00142	0.02456	0.00371	0.02709	0.00611
17	0.00813	0.00667	0.00833	0.00803	0.03349	0.05655	0.04671	0.01055	0.09235	0.02685	0.01300	0.03946	0.01245	0.24621	0.33234	0.00442	0.00744	0.00527	0.03752	0.00426
18	0.00545	0.00392	0.00519	0.00618	0.00651	0.00365	0.00420	0.00628	0.00858	0.01138	0.02493	0.78399	0.05311	0.01369	0.00564	0.00179	0.00262	0.04518	0.00410	0.00361
19	0.00692	0.00489	0.00664	0.00683	0.00772	0.00463	0.03576	0.04014	0.00952	0.04970	0.03819	0.53330	0.10143	0.05202	0.00632	0.00185	0.00309	0.08297	0.00405	0.00405
20	0.00561	0.00428	0.00509	0.00531	0.00623	0.00383	0.00378	0.00684	0.01008	0.01319	0.25280	0.28581	0.31916	0.04994	0.00614	0.00168	0.00239	0.00981	0.00425	0.00376
21	0.07058	0.13903	0.12970	0.00963	0.04473	0.11859	0.00847	0.05628	0.10052	0.19240	0.01102	0.01114	0.00805	0.00470	0.00389	0.00124	0.00483	0.00354	0.03877	0.04287

[dist]
# distance from previous block
# <min> <max>
0	11

[block]
# block no. 7 follows, 59 sequences, length 17
# corresponding to MSA columns:
# 759-775
name=unknown_H
#
# <colnr> <probs for GDERKNQSTAVLIFYWHMCP>
#	G	D	E	R	K	N	Q	S	T	A	V	L	I	F	Y	W	H	M	C	P
0	0.01187	0.69811	0.02085	0.00791	0.01136	0.08228	0.00751	0.01380	0.04698	0.01080	0.00704	0.00812	0.00631	0.00543	0.04473	0.00130	0.00529	0.00265	0.00207	0.00560
1	0.07225	0.25171	0.06900	0.00918	0.01258	0.21224	0.00811	0.16940	0.04996	0.02648	0.00861	0.00928	0.01661	0.00450	0.00367	0.00114	0.00537	0.00312	0.00278	0.06398
2	0.00952	0.16754	0.62708	0.01267	0.07121	0.01155	0.01459	0.01382	0.00931	0.01338	0.00764	0.00904	0.00570	0.00410	0.00397	0.00131	0.00612	0.00315	0.00189	0.00641
3	0.00547	0.00398	0.00518	0.00607	0.00650	0.00369	0.00417	0.00637	0.00880	0.01161	0.04822	0.70579	0.10400	0.01337	0.00561	0.00177	0.00259	0.04905	0.00412	0.00364
4	0.01040	0.00946	0.00820	0.00744	0.00944	0.17767	0.00572	0.07709	0.12161	0.06721	0.09735	0.04917	0.31009	0.00813	0.00477	0.00141	0.00395	0.02188	0.00396	0.00506
5	0.00839	0.00727	0.00780	0.00749	0.00864	0.07874	0.00572	0.02627	0.10126	0.03330	0.09207	0.17646	0.14798	0.06428	0.05358	0.00209	0.09920	0.07129	0.00365	0.00451
6	0.01713	0.00808	0.01034	0.00823	0.01124	0.00785	0.00672	0.07297	0.13335	0.56839	0.05746	0.01564	0.01244	0.00582	0.00494	0.00141	0.04114	0.00465	0.00506	0.00714
7	0.01291	0.00852	0.00978	0.00798	0.01053	0.00887	0.00641	0.33015	0.07878	0.14621	0.26567	0.02040	0.06068	0.00685	0.00472	0.00137	0.00358	0.00566	0.00471	0.00623
8	0.00546	0.00393	0.00513	0.00598	0.00635	0.00365	0.00402	0.00631	0.00874	0.01165	0.07643	0.72349	0.07081	0.03794	0.00609	0.00183	0.00257	0.01191	0.00411	0.00361
9	0.01152	0.56169	0.11306	0.00896	0.01278	0.05264	0.04918	0.06484	0.00999	0.01222	0.00800	0.06211	0.00736	0.00461	0.00345	0.00111	0.00509	0.00340	0.00223	0.00574
10	0.00636	0.00426	0.00484	0.00490	0.00491	0.00424	0.00276	0.00641	0.00654	0.00872	0.01454	0.07725	0.01684	0.79537	0.02148	0.00413	0.00418	0.00679	0.00276	0.00273
11	0.00546	0.00394	0.00510	0.00595	0.00631	0.00366	0.00399	0.00627	0.00865	0.01148	0.06076	0.71436	0.08183	0.05191	0.00637	0.00187	0.00260	0.01185	0.00407	0.00358
12	0.00869	0.00795	0.01181	0.03617	0.32786	0.04573	0.00900	0.01066	0.00868	0.01204	0.01143	0.01518	0.04480	0.01797	0.38745	0.00402	0.02847	0.00449	0.00235	0.00524
13	0.01018	0.01098	0.02299	0.01687	0.02082	0.01041	0.66379	0.03998	0.01074	0.01448	0.01101	0.01715	0.00934	0.00496	0.00531	0.00156	0.00689	0.11425	0.00256	0.00575
14	0.00632	0.00469	0.00689	0.00689	0.00760	0.00541	0.00526	0.00775	0.00704	0.01010	0.01202	0.01841	0.01150	0.10784	0.75320	0.00684	0.01114	0.00489	0.00239	0.00383
15	0.00610	0.00443	0.00527	0.00569	0.00653	0.00416	0.00404	0.02608	0.02898	0.01302	0.09147	0.45409	0.22219	0.01159	0.00522	0.00160	0.00250	0.02075	0.08238	0.00390
16	0.02807	0.00668	0.00709	0.00701	0.00804	0.06085	0.00499	0.10491	0.05946	0.02959	0.01818	0.42107	0.01999	0.15082	0.05020	0.00234	0.00407	0.00858	0.00371	0.00435

[dist]
# distance from previous block
# <min> <max>
2	46

[block]
# block no. 8 follows, 59 sequences, length 7
# corresponding to MSA columns:
# 822-828
name=unknown_I
#
# <colnr> <probs for GDERKNQSTAVLIFYWHMCP>
#	G	D	E	R	K	N	Q	S	T	A	V	L	I	F	Y	W	H	M	C	P
0	0.00927	0.00935	0.01316	0.74081	0.02852	0.10254	0.01184	0.01201	0.00925	0.01123	0.00773	0.01134	0.00587	0.00443	0.00437	0.00143	0.00612	0.00380	0.00200	0.00493
1	0.00617	0.00481	0.00547	0.00561	0.00678	0.00441	0.00414	0.05711	0.01046	0.01329	0.10215	0.28984	0.41827	0.01150	0.00534	0.00159	0.00257	0.04235	0.00419	0.00398
2	0.01246	0.02877	0.03365	0.13985	0.07459	0.04101	0.02536	0.13508	0.14193	0.15334	0.05860	0.04629	0.01143	0.00563	0.00469	0.00139	0.02659	0.00467	0.02704	0.02762
3	0.04064	0.03317	0.05787	0.04253	0.27697	0.07645	0.00950	0.01551	0.16653	0.08871	0.01347	0.04052	0.05497	0.02103	0.02694	0.00159	0.01968	0.00461	0.00311	0.00619
4	0.00546	0.00391	0.00520	0.00609	0.00642	0.00364	0.00411	0.00635	0.00883	0.01187	0.09729	0.76726	0.03036	0.01339	0.00560	0.00176	0.00252	0.01213	0.00417	0.00364
5	0.00576	0.00417	0.00519	0.00573	0.00626	0.00390	0.00394	0.00667	0.00888	0.01172	0.11365	0.43837	0.13918	0.16400	0.00863	0.00217	0.00287	0.06144	0.00392	0.00354
6	0.01210	0.07118	0.04237	0.05215	0.20200	0.15132	0.21421	0.09324	0.01118	0.01428	0.00802	0.01024	0.00645	0.00451	0.00541	0.00137	0.08759	0.00395	0.00237	0.00605

[dist]
# distance from previous block
# <min> <max>
0	3

[block]
# block no. 9 follows, 59 sequences, length 21
# corresponding to MSA columns:
# 835-855
name=unknown_J
#
# <colnr> <probs for GDERKNQSTAVLIFYWHMCP>
#	G	D	E	R	K	N	Q	S	T	A	V	L	I	F	Y	W	H	M	C	P
0	0.03107	0.18779	0.02616	0.00986	0.01308	0.15563	0.02234	0.36869	0.06826	0.03424	0.00932	0.00979	0.00712	0.00492	0.00433	0.00125	0.03279	0.00350	0.00335	0.00649
1	0.00991	0.05937	0.13400	0.08764	0.21059	0.05039	0.02261	0.04999	0.02486	0.01396	0.03579	0.03230	0.04221	0.02124	0.02966	0.00150	0.02426	0.01743	0.00256	0.12974
2	0.02614	0.02697	0.22802	0.03889	0.11391	0.05432	0.11118	0.08475	0.05820	0.10112	0.01121	0.05113	0.02379	0.00522	0.00494	0.00142	0.04515	0.00444	0.00291	0.00629
3	0.02353	0.01039	0.01214	0.54410	0.02370	0.17701	0.01039	0.02810	0.02903	0.01201	0.01022	0.01292	0.05268	0.00490	0.00431	0.00139	0.00587	0.00402	0.02832	0.00496
4	0.00870	0.00660	0.00779	0.03281	0.05209	0.04642	0.00549	0.09753	0.00942	0.03724	0.01433	0.14033	0.01487	0.29316	0.15714	0.00343	0.00564	0.03564	0.02715	0.00424
5	0.01215	0.05323	0.05310	0.01082	0.07104	0.09894	0.05302	0.14936	0.03857	0.10968	0.01301	0.16045	0.01199	0.03011	0.00599	0.00154	0.08209	0.01983	0.01932	0.00575
6	0.00731	0.00625	0.00735	0.00676	0.00852	0.00627	0.04190	0.01200	0.24709	0.01460	0.12496	0.10877	0.37245	0.00929	0.00504	0.00151	0.00287	0.00800	0.00422	0.00484
7	0.00549	0.00398	0.00507	0.00583	0.00624	0.00369	0.00391	0.00630	0.00867	0.01145	0.06582	0.64976	0.11255	0.08065	0.00694	0.00194	0.00264	0.01148	0.00402	0.00356
8	0.03067	0.00895	0.07840	0.03550	0.10225	0.00819	0.03002	0.12275	0.10332	0.05177	0.10983	0.09570	0.06463	0.00815	0.02349	0.00165	0.00427	0.11113	0.00374	0.00561
9	0.02782	0.00986	0.01361	0.04064	0.31485	0.01025	0.00971	0.14767	0.17312	0.18778	0.01251	0.01282	0.00915	0.00492	0.00439	0.00137	0.00451	0.00424	0.00372	0.00709
10	0.00821	0.00750	0.04128	0.00945	0.01168	0.00682	0.19630	0.02444	0.06097	0.03946	0.21691	0.06910	0.10681	0.03288	0.07001	0.00201	0.00472	0.05677	0.02981	0.00488
11	0.00537	0.00387	0.00510	0.00607	0.00639	0.00359	0.00407	0.00616	0.00853	0.01130	0.02528	0.80537	0.06514	0.01372	0.00562	0.00178	0.00255	0.01241	0.00410	0.00359
12	0.00902	0.00771	0.00901	0.00653	0.01032	0.00580	0.00519	0.01094	0.00913	0.01428	0.00844	0.03916	0.00736	0.00365	0.00336	0.00070	0.00325	0.00297	0.00267	0.84050
13	0.00953	0.00946	0.04136	0.19492	0.23673	0.07252	0.05510	0.03581	0.01017	0.02808	0.05996	0.12238	0.06582	0.03256	0.00523	0.00152	0.00497	0.00570	0.00281	0.00538
