[name]
unknown

[dist]
# distance from previous block
# <min> <max>
0	23

[block]
# block no. 0 follows, 60 sequences, length 20
# corresponding to MSA columns:
# 23-42
name=unknown_A
#
# <colnr> <probs for GDERKNQSTAVLIFYWHMCP>
#	G	D	E	R	K	N	Q	S	T	A	V	L	I	F	Y	W	H	M	C	P
0	0.00845	0.00609	0.00793	0.00833	0.00970	0.00629	0.00722	0.12749	0.01160	0.01520	0.02121	0.04343	0.02247	0.01103	0.00578	0.00190	0.00413	0.67315	0.00407	0.00452
1	0.01580	0.01167	0.01253	0.00981	0.01314	0.01295	0.00804	0.66892	0.13804	0.04610	0.01172	0.01144	0.00838	0.00534	0.00437	0.00134	0.00457	0.00409	0.00440	0.00734
2	0.01265	0.01159	0.01014	0.00910	0.01135	0.21776	0.00697	0.10049	0.34736	0.07570	0.01509	0.13659	0.01287	0.00660	0.00447	0.00140	0.00460	0.00536	0.00389	0.00603
3	0.13932	0.01114	0.02236	0.03664	0.03942	0.01080	0.64703	0.01372	0.00982	0.01474	0.00837	0.01104	0.00632	0.00375	0.00474	0.00145	0.00667	0.00467	0.00227	0.00571
4	0.01534	0.01155	0.01309	0.13299	0.01598	0.01295	0.00886	0.68684	0.01875	0.02505	0.01007	0.01064	0.00718	0.00511	0.00436	0.00133	0.00495	0.00392	0.00400	0.00703
5	0.74788	0.00781	0.00616	0.00559	0.00789	0.00896	0.00441	0.01186	0.00726	0.01791	0.00721	0.01028	0.00638	0.12945	0.00560	0.00178	0.00350	0.00295	0.00269	0.00441
6	0.00533	0.00439	0.00447	0.00447	0.00572	0.00376	0.00321	0.00627	0.00941	0.01129	0.03965	0.03997	0.69841	0.13541	0.00769	0.00188	0.00251	0.00878	0.00384	0.00353
7	0.01031	0.00853	0.00929	0.00865	0.03708	0.02404	0.00646	0.09114	0.47529	0.03061	0.13776	0.04431	0.06845	0.02209	0.00493	0.00149	0.00342	0.00572	0.00432	0.00613
8	0.03551	0.00740	0.00941	0.00728	0.01050	0.00641	0.00592	0.04401	0.02441	0.50989	0.05165	0.03345	0.03814	0.00543	0.00418	0.00121	0.00348	0.00444	0.00458	0.19270
9	0.01484	0.13884	0.07419	0.01006	0.01362	0.10245	0.02696	0.50664	0.01654	0.02140	0.00948	0.02816	0.00727	0.00500	0.00411	0.00125	0.00524	0.00373	0.00352	0.00669
10	0.01103	0.03808	0.19196	0.03082	0.23183	0.01050	0.18404	0.10361	0.03063	0.04546	0.02048	0.01101	0.00730	0.00419	0.00437	0.00131	0.00562	0.00399	0.00258	0.06120
11	0.05054	0.06561	0.43852	0.01203	0.04182	0.02502	0.08342	0.08685	0.01061	0.10596	0.00896	0.01000	0.00641	0.00442	0.00445	0.00136	0.03154	0.00353	0.00256	0.00640
12	0.00554	0.00396	0.00523	0.00590	0.00633	0.00369	0.00403	0.00657	0.00921	0.01251	0.20494	0.63679	0.03131	0.03482	0.00591	0.00175	0.00247	0.01121	0.00418	0.00365
13	0.00652	0.00505	0.00569	0.00601	0.00692	0.03152	0.00427	0.03760	0.02192	0.02938	0.09673	0.48589	0.22285	0.01169	0.00529	0.00161	0.00271	0.01030	0.00410	0.00396
14	0.05019	0.38256	0.19249	0.00937	0.01334	0.08078	0.03680	0.09343	0.01053	0.03430	0.02625	0.00907	0.00682	0.00429	0.00369	0.00116	0.01776	0.00306	0.01827	0.00586
15	0.01303	0.01150	0.13375	0.05112	0.05082	0.02504	0.04162	0.27282	0.04353	0.14991	0.06060	0.04009	0.02200	0.03856	0.00538	0.00149	0.02403	0.00463	0.00370	0.00637
16	0.00631	0.00428	0.00508	0.00516	0.00564	0.00411	0.00334	0.00697	0.00812	0.02777	0.12124	0.17341	0.12055	0.42657	0.04092	0.00305	0.00359	0.00781	0.02279	0.00329
17	0.07079	0.01084	0.01420	0.05261	0.40450	0.09927	0.01045	0.07819	0.02870	0.07564	0.02389	0.03022	0.00809	0.00485	0.00498	0.00136	0.06842	0.00399	0.00274	0.00626
18	0.04739	0.19170	0.06749	0.01115	0.06330	0.19300	0.05711	0.17352	0.05721	0.04195	0.00875	0.02026	0.00698	0.00470	0.00430	0.00124	0.03762	0.00348	0.00281	0.00604
19	0.01937	0.04530	0.00815	0.02242	0.03481	0.04704	0.00537	0.07293	0.02690	0.02731	0.02926	0.21961	0.03438	0.17539	0.17508	0.00310	0.00547	0.00663	0.00314	0.03834

[dist]
# distance from previous block
# <min> <max>
1	10

[block]
# block no. 1 follows, 60 sequences, length 11
# corresponding to MSA columns:
# 53-63
name=unknown_B
#
# <colnr> <probs for GDERKNQSTAVLIFYWHMCP>
#	G	D	E	R	K	N	Q	S	T	A	V	L	I	F	Y	W	H	M	C	P
0	0.06981	0.02739	0.05249	0.18742	0.05438	0.05974	0.02593	0.10996	0.04402	0.13768	0.06306	0.04633	0.02477	0.02604	0.00469	0.00140	0.00464	0.00448	0.00330	0.05247
1	0.01104	0.00670	0.00779	0.00656	0.00884	0.00639	0.00520	0.12321	0.06874	0.20569	0.16324	0.02491	0.24372	0.00751	0.00461	0.00134	0.00302	0.00623	0.04970	0.04554
2	0.00554	0.00419	0.00501	0.00530	0.00612	0.00377	0.00372	0.00666	0.00967	0.01265	0.21574	0.33138	0.29118	0.07074	0.00651	0.00175	0.00243	0.00986	0.00413	0.00366
3	0.00708	0.00537	0.00636	0.00612	0.00745	0.00533	0.00458	0.01072	0.16479	0.03547	0.35571	0.15426	0.17821	0.01001	0.02712	0.00162	0.00273	0.00808	0.00442	0.00456
4	0.10470	0.00644	0.00757	0.00641	0.00880	0.00596	0.00510	0.05030	0.01126	0.35746	0.06805	0.08086	0.25387	0.00770	0.00456	0.00142	0.00310	0.00634	0.00453	0.00557
5	0.05784	0.01174	0.14464	0.09262	0.34899	0.01019	0.06268	0.03492	0.12158	0.03283	0.00971	0.01150	0.00756	0.00515	0.02820	0.00153	0.00539	0.00396	0.00257	0.00640
6	0.00525	0.00439	0.00457	0.00459	0.00597	0.00371	0.00342	0.00642	0.01007	0.01225	0.11038	0.08062	0.71143	0.01099	0.00517	0.00148	0.00221	0.00925	0.00412	0.00371
7	0.01344	0.12261	0.08602	0.02539	0.01341	0.06687	0.03302	0.39519	0.01495	0.03736	0.04124	0.01176	0.03168	0.00588	0.02821	0.00141	0.01843	0.00389	0.00341	0.04583
8	0.03216	0.23513	0.09084	0.01033	0.03680	0.13897	0.07707	0.13351	0.04485	0.06165	0.00884	0.02202	0.00702	0.00442	0.00382	0.00116	0.00530	0.00342	0.00276	0.07994
9	0.01102	0.40293	0.22546	0.03379	0.01374	0.04956	0.00970	0.07646	0.06265	0.01354	0.05669	0.01017	0.00838	0.00446	0.00361	0.00116	0.00507	0.00326	0.00242	0.00591
10	0.01379	0.04433	0.04936	0.01080	0.05328	0.15701	0.04608	0.37075	0.03865	0.03535	0.05191	0.05126	0.01015	0.02901	0.01733	0.00147	0.00533	0.00441	0.00352	0.00623

[dist]
# distance from previous block
# <min> <max>
7	28

[block]
# block no. 2 follows, 60 sequences, length 9
# corresponding to MSA columns:
# 100-108
name=unknown_C
#
# <colnr> <probs for GDERKNQSTAVLIFYWHMCP>
#	G	D	E	R	K	N	Q	S	T	A	V	L	I	F	Y	W	H	M	C	P
0	0.02400	0.02889	0.05387	0.00943	0.08579	0.00724	0.04335	0.01220	0.19159	0.01410	0.10420	0.24508	0.05187	0.05595	0.02212	0.00174	0.00373	0.00718	0.00359	0.03407
1	0.03028	0.05299	0.09263	0.00812	0.02827	0.03156	0.00670	0.14025	0.02609	0.04210	0.01380	0.14937	0.03240	0.16128	0.12272	0.00270	0.02586	0.00576	0.02225	0.00487
2	0.01270	0.12297	0.10336	0.04925	0.05949	0.04942	0.04120	0.22145	0.07720	0.07728	0.00987	0.01069	0.00743	0.00473	0.00451	0.00126	0.04546	0.00365	0.02812	0.06995
3	0.03371	0.25335	0.01410	0.00834	0.01127	0.08509	0.02533	0.21545	0.06260	0.07242	0.08826	0.02987	0.07120	0.00566	0.00401	0.00123	0.00441	0.00437	0.00345	0.00588
4	0.00648	0.00460	0.00564	0.00577	0.00635	0.00454	0.00395	0.00770	0.04191	0.03053	0.14410	0.30070	0.11240	0.23838	0.01055	0.02905	0.03138	0.00865	0.00369	0.00362
5	0.02847	0.21924	0.21470	0.01115	0.08833	0.05000	0.02949	0.10529	0.05768	0.07617	0.02696	0.02593	0.02185	0.00472	0.00392	0.00124	0.00505	0.00370	0.00279	0.02332
6	0.03609	0.11103	0.27051	0.04016	0.06452	0.01061	0.12941	0.07665	0.03673	0.06863	0.01032	0.08557	0.00864	0.00519	0.00455	0.00138	0.02682	0.00448	0.00267	0.00604
7	0.00591	0.00404	0.00515	0.00581	0.00639	0.00371	0.00400	0.00686	0.00894	0.03818	0.06988	0.63709	0.13032	0.01247	0.00536	0.00167	0.00248	0.01116	0.03685	0.00374
8	0.01106	0.01097	0.06521	0.08888	0.11741	0.11559	0.12206	0.04054	0.05058	0.08976	0.06868	0.04974	0.03425	0.00677	0.04143	0.00165	0.05935	0.00480	0.00295	0.01832

[dist]
# distance from previous block
# <min> <max>
4	10

[block]
# block no. 3 follows, 60 sequences, length 11
# corresponding to MSA columns:
# 120-130
name=unknown_D
#
# <colnr> <probs for GDERKNQSTAVLIFYWHMCP>
#	G	D	E	R	K	N	Q	S	T	A	V	L	I	F	Y	W	H	M	C	P
0	0.03707	0.08125	0.04699	0.02268	0.05240	0.06371	0.00727	0.13138	0.11777	0.06276	0.03982	0.01228	0.02673	0.00587	0.03872	0.00136	0.00453	0.00372	0.00321	0.24048
1	0.02773	0.07990	0.28180	0.03847	0.07341	0.06162	0.08551	0.07436	0.06892	0.01463	0.05365	0.01153	0.00861	0.00571	0.03078	0.00155	0.06947	0.00389	0.00251	0.00596
2	0.00972	0.00751	0.00870	0.00640	0.00992	0.00596	0.00511	0.04322	0.00967	0.05144	0.00901	0.01016	0.00722	0.00361	0.00331	0.00075	0.00318	0.00288	0.09926	0.70298
3	0.06310	0.00678	0.00902	0.02112	0.05820	0.00682	0.05882	0.11770	0.01099	0.11476	0.06968	0.20777	0.02758	0.03609	0.02675	0.00164	0.00374	0.00640	0.14793	0.00510
4	0.00624	0.00464	0.00683	0.00683	0.00755	0.00536	0.00523	0.00767	0.00696	0.00999	0.01184	0.01803	0.01129	0.09667	0.76601	0.00679	0.01110	0.00480	0.00236	0.00380
5	0.00686	0.00475	0.00544	0.00528	0.00664	0.00423	0.00391	0.00843	0.03530	0.08416	0.17001	0.14868	0.43783	0.05133	0.00596	0.00162	0.00250	0.00873	0.00424	0.00412
6	0.00613	0.00449	0.00509	0.00510	0.00586	0.00421	0.00348	0.02502	0.00888	0.01145	0.11937	0.09488	0.29226	0.33039	0.01198	0.02233	0.00315	0.03897	0.00356	0.00338
7	0.00574	0.00436	0.00507	0.00508	0.00612	0.00400	0.00370	0.00702	0.00976	0.01284	0.22320	0.11178	0.37737	0.08757	0.08053	0.00220	0.00323	0.00832	0.03839	0.00371
8	0.01053	0.00948	0.01390	0.29702	0.23326	0.03596	0.02685	0.09716	0.01041	0.03351	0.00831	0.01088	0.00657	0.00493	0.01933	0.00141	0.06321	0.00374	0.00244	0.11109
9	0.05612	0.16192	0.09039	0.05727	0.02758	0.10039	0.03610	0.02338	0.04079	0.05564	0.02330	0.05795	0.04119	0.00787	0.07864	0.00179	0.06671	0.00418	0.00264	0.06615
10	0.15002	0.16371	0.10600	0.00930	0.03088	0.14827	0.02177	0.11237	0.01078	0.05322	0.00840	0.03138	0.00696	0.02343	0.01671	0.00136	0.02975	0.00335	0.00269	0.06967

[dist]
# distance from previous block
# <min> <max>
1	17

[block]
# block no. 4 follows, 60 sequences, length 34
# corresponding to MSA columns:
# 148-181
name=unknown_E
#
# <colnr> <probs for GDERKNQSTAVLIFYWHMCP>
#	G	D	E	R	K	N	Q	S	T	A	V	L	I	F	Y	W	H	M	C	P
0	0.13063	0.10772	0.05376	0.03103	0.15525	0.06131	0.10963	0.07686	0.03331	0.01515	0.05723	0.08002	0.02127	0.02096	0.00457	0.00139	0.01313	0.00464	0.01660	0.00555
1	0.02405	0.00577	0.00840	0.02532	0.07180	0.00633	0.03028	0.02507	0.00810	0.01141	0.03853	0.08904	0.07461	0.10205	0.36387	0.02745	0.05990	0.02114	0.00273	0.00414
2	0.02111	0.07795	0.02457	0.00772	0.00964	0.02684	0.04622	0.02598	0.11015	0.07895	0.16045	0.02168	0.14692	0.03622	0.12060	0.00227	0.06851	0.00569	0.00353	0.00498
3	0.00629	0.00421	0.00477	0.00482	0.00483	0.00420	0.00271	0.00633	0.00644	0.00858	0.01423	0.06691	0.01647	0.80752	0.02142	0.00411	0.00415	0.00663	0.00271	0.00269
4	0.00582	0.00446	0.00510	0.00497	0.00625	0.00389	0.00372	0.00729	0.01085	0.02845	0.34531	0.07540	0.46243	0.01023	0.00516	0.00145	0.00219	0.00875	0.00437	0.00391
5	0.01649	0.01217	0.01271	0.00989	0.01327	0.05052	0.00811	0.68134	0.05684	0.07758	0.01108	0.01091	0.00783	0.00524	0.00435	0.00131	0.00481	0.00395	0.00434	0.00728
6	0.00634	0.00443	0.00593	0.00593	0.00632	0.00482	0.00410	0.00704	0.00665	0.00925	0.01243	0.02213	0.01300	0.40098	0.42606	0.04560	0.00794	0.00539	0.00245	0.00323
7	0.00663	0.00525	0.00607	0.00577	0.00717	0.00509	0.00440	0.01004	0.14025	0.01568	0.42155	0.03340	0.28061	0.00920	0.00506	0.00144	0.00239	0.03108	0.00448	0.00442
8	0.00922	0.00785	0.00914	0.00654	0.01041	0.00599	0.00524	0.02929	0.00931	0.01452	0.00781	0.00908	0.00648	0.00328	0.00326	0.00066	0.00327	0.00261	0.00262	0.85342
9	0.01120	0.71908	0.14910	0.00825	0.01240	0.01613	0.00883	0.01318	0.00892	0.01082	0.00634	0.00734	0.00559	0.00380	0.00301	0.00100	0.00494	0.00247	0.00186	0.00573
10	0.03725	0.04462	0.06839	0.02712	0.01126	0.10207	0.02186	0.15335	0.07030	0.05322	0.07955	0.06968	0.02571	0.01000	0.12608	0.00216	0.01576	0.00484	0.06160	0.01519
11	0.01798	0.00912	0.04275	0.00843	0.01188	0.00829	0.00718	0.20177	0.03791	0.56825	0.01524	0.01368	0.00989	0.00532	0.00435	0.00134	0.00403	0.00424	0.02103	0.00731
12	0.01055	0.00873	0.01093	0.04124	0.07969	0.02369	0.02052	0.06232	0.03564	0.06521	0.00873	0.01003	0.00696	0.00402	0.00437	0.00096	0.06218	0.00315	0.00281	0.53830
13	0.00583	0.00442	0.00537	0.00519	0.00632	0.00396	0.00387	0.00755	0.01147	0.01553	0.55390	0.06622	0.27496	0.00974	0.00516	0.00142	0.00212	0.00846	0.00455	0.00396
14	0.00877	0.00829	0.01404	0.66854	0.19359	0.00983	0.01238	0.01161	0.00897	0.01179	0.00785	0.01146	0.00604	0.00426	0.00435	0.00142	0.00568	0.00388	0.00198	0.00527
15	0.02825	0.11511	0.08602	0.01066	0.01404	0.04966	0.14466	0.26136	0.01312	0.09066	0.01117	0.09982	0.00941	0.00625	0.02440	0.00149	0.01971	0.00476	0.00330	0.00614
16	0.01055	0.01011	0.01726	0.10365	0.74453	0.01030	0.01326	0.01317	0.00982	0.01395	0.00816	0.01087	0.00680	0.00393	0.00432	0.00131	0.00524	0.00389	0.00214	0.00671
17	0.00705	0.00511	0.00700	0.00791	0.00897	0.00511	0.00688	0.00928	0.03026	0.01313	0.02379	0.04808	0.05603	0.01185	0.00595	0.00197	0.00393	0.73958	0.00403	0.00408
18	0.00529	0.00388	0.00498	0.00586	0.00627	0.00356	0.00395	0.00610	0.00856	0.01122	0.02665	0.74009	0.13095	0.01333	0.00551	0.00173	0.00249	0.01199	0.00405	0.00356
19	0.00624	0.00464	0.00684	0.00684	0.00756	0.00536	0.00524	0.00768	0.00696	0.01000	0.01184	0.01798	0.01127	0.09328	0.76937	0.00680	0.01113	0.00480	0.00236	0.00380
20	0.01957	0.00742	0.01012	0.00776	0.01113	0.00641	0.00641	0.02126	0.01248	0.82254	0.01721	0.01484	0.01080	0.00540	0.00439	0.00135	0.00371	0.00439	0.00540	0.00742
21	0.01658	0.01222	0.01309	0.01003	0.01353	0.01353	0.00829	0.80497	0.02051	0.02749	0.01047	0.01047	0.00742	0.00524	0.00436	0.00131	0.00480	0.00393	0.00436	0.00742
22	0.01253	0.00992	0.01060	0.00908	0.01182	0.01124	0.00719	0.19800	0.59786	0.05732	0.01610	0.01491	0.01188	0.00574	0.00442	0.00144	0.00377	0.00468	0.00447	0.00704
23	0.01076	0.01028	0.01755	0.08468	0.70755	0.01043	0.04428	0.03614	0.01016	0.01440	0.00826	0.01088	0.00683	0.00395	0.00435	0.00131	0.00530	0.00394	0.00221	0.00673
24	0.01511	0.01872	0.01156	0.01054	0.01269	0.71413	0.00791	0.04140	0.01228	0.01130	0.00995	0.04936	0.05609	0.00535	0.00410	0.00118	0.00717	0.00368	0.00251	0.00498
25	0.01225	0.01043	0.01027	0.00907	0.01163	0.08682	0.00708	0.05992	0.64259	0.07515	0.01634	0.01511	0.01214	0.00572	0.00438	0.00143	0.00395	0.00465	0.00430	0.00679
26	0.00544	0.00399	0.00502	0.00568	0.00618	0.00367	0.00386	0.00635	0.00890	0.01175	0.11074	0.58453	0.15105	0.06334	0.00647	0.00183	0.00253	0.01106	0.00404	0.00357
27	0.00686	0.00549	0.00826	0.00755	0.00894	0.00508	0.11348	0.03170	0.00989	0.03742	0.09869	0.39733	0.20637	0.01071	0.00532	0.00161	0.00322	0.03397	0.00392	0.00419
28	0.00951	0.00923	0.01422	0.56048	0.10360	0.05078	0.07326	0.03622	0.07526	0.01271	0.00873	0.01172	0.00664	0.00442	0.00440	0.00142	0.00575	0.00401	0.00227	0.00538
29	0.01123	0.05238	0.14450	0.01558	0.02004	0.05434	0.51209	0.09341	0.01123	0.02919	0.00875	0.01088	0.00651	0.00398	0.00473	0.00140	0.00680	0.00447	0.00241	0.00609
30	0.00539	0.00412	0.00495	0.00540	0.00620	0.00368	0.00380	0.00647	0.00952	0.01233	0.15146	0.43797	0.30897	0.01202	0.00536	0.00161	0.00235	0.01059	0.00416	0.00368
31	0.81730	0.00870	0.00688	0.00604	0.00879	0.01005	0.00497	0.06824	0.00834	0.02012	0.00638	0.00732	0.00491	0.00413	0.00282	0.00135	0.00347	0.00247	0.00282	0.00491
32	0.14450	0.01076	0.01062	0.00878	0.01162	0.07420	0.00704	0.36942	0.13603	0.09599	0.01234	0.07826	0.00981	0.00580	0.00419	0.00137	0.00433	0.00448	0.00403	0.00644
33	0.07905	0.04681	0.13452	0.01096	0.02952	0.43713	0.00936	0.16188	0.01277	0.01497	0.00753	0.00854	0.00590	0.00456	0.00409	0.00122	0.01981	0.00307	0.00259	0.00573

[dist]
# distance from previous block
# <min> <max>
4	7

[block]
# block no. 5 follows, 60 sequences, length 18
# corresponding to MSA columns:
# 190-207
name=unknown_F
#
# <colnr> <probs for GDERKNQSTAVLIFYWHMCP>
#	G	D	E	R	K	N	Q	S	T	A	V	L	I	F	Y	W	H	M	C	P
0	0.00716	0.00495	0.00601	0.00600	0.00698	0.00474	0.00425	0.03473	0.04533	0.05641	0.08686	0.32833	0.13147	0.16471	0.04228	0.00227	0.00337	0.02350	0.00383	0.03682
1	0.00861	0.00584	0.03012	0.00708	0.00815	0.00554	0.00549	0.04532	0.00931	0.12182	0.01883	0.32311	0.02026	0.17017	0.00908	0.00220	0.05243	0.14855	0.00378	0.00431
2	0.00696	0.00437	0.00551	0.00563	0.00638	0.00408	0.00395	0.00747	0.00852	0.06726	0.07409	0.23446	0.19486	0.14779	0.03496	0.14246	0.00333	0.04085	0.00356	0.00350
3	0.01291	0.01139	0.01096	0.00944	0.01213	0.10539	0.00742	0.21801	0.52213	0.01969	0.01467	0.01386	0.01096	0.00558	0.00436	0.00140	0.00429	0.00444	0.00417	0.00682
4	0.01032	0.21724	0.41985	0.01003	0.01471	0.01141	0.01144	0.10728	0.01059	0.03304	0.03494	0.06171	0.00861	0.00497	0.00395	0.00128	0.00527	0.00386	0.02345	0.00607
5	0.00954	0.00614	0.00782	0.00697	0.03079	0.00514	0.00510	0.01106	0.00980	0.16374	0.09348	0.25844	0.03636	0.02231	0.00472	0.00128	0.00305	0.00657	0.00377	0.31393
6	0.03924	0.29447	0.22796	0.04744	0.04140	0.03908	0.05510	0.07345	0.03225	0.03896	0.00850	0.03121	0.00703	0.02474	0.00441	0.00131	0.02166	0.00350	0.00238	0.00589
7	0.00927	0.15426	0.66810	0.01185	0.01779	0.01130	0.04238	0.01370	0.00919	0.01325	0.00758	0.00894	0.00557	0.00406	0.00396	0.00131	0.00619	0.00315	0.00186	0.00629
8	0.00550	0.00405	0.00493	0.00546	0.00600	0.00372	0.00367	0.00630	0.00866	0.01130	0.08160	0.48505	0.20093	0.14225	0.00803	0.00206	0.00269	0.01044	0.00388	0.00347
9	0.03878	0.09363	0.04008	0.02899	0.01237	0.02927	0.04849	0.24355	0.16856	0.08702	0.10270	0.06225	0.01342	0.00594	0.00435	0.00135	0.00423	0.00490	0.00389	0.00623
10	0.01047	0.18647	0.14790	0.03190	0.03708	0.02586	0.03482	0.05342	0.02293	0.08812	0.01102	0.06163	0.02968	0.02420	0.10048	0.00197	0.04224	0.00420	0.00271	0.08289
11	0.02289	0.13625	0.18936	0.04066	0.08544	0.03389	0.04756	0.06624	0.02206	0.06936	0.04854	0.10228	0.01133	0.07309	0.00598	0.00159	0.03023	0.00487	0.00282	0.00557
12	0.14215	0.00981	0.03277	0.00907	0.04087	0.12298	0.03308	0.09789	0.03132	0.02907	0.03990	0.14815	0.02771	0.05505	0.05421	0.00191	0.07940	0.00532	0.00307	0.03628
13	0.00890	0.02882	0.07853	0.00789	0.03103	0.12833	0.00608	0.02615	0.00790	0.00989	0.00974	0.06005	0.00970	0.12138	0.11682	0.33279	0.00570	0.00448	0.00227	0.00355
14	0.03595	0.03894	0.11862	0.05135	0.15603	0.08838	0.03908	0.11230	0.08474	0.06879	0.04478	0.05888	0.05488	0.02240	0.00472	0.00141	0.00489	0.00475	0.00314	0.00597
15	0.02869	0.11893	0.07922	0.05398	0.14182	0.06109	0.03433	0.16135	0.05352	0.07657	0.03556	0.02636	0.00879	0.02688	0.00543	0.00141	0.07297	0.00402	0.00299	0.00611
16	0.05731	0.16793	0.07087	0.00844	0.02508	0.02280	0.03343	0.14296	0.06027	0.11007	0.05809	0.06845	0.07116	0.02932	0.01859	0.00146	0.00427	0.00484	0.02021	0.02446
17	0.02373	0.09511	0.05583	0.03040	0.04948	0.05558	0.03414	0.06609	0.09684	0.14622	0.15038	0.07758	0.06473	0.01702	0.00469	0.00140	0.00404	0.01733	0.00376	0.00563

[dist]
# distance from previous block
# <min> <max>
1	20

[block]
# block no. 6 follows, 60 sequences, length 16
# corresponding to MSA columns:
# 228-243
name=unknown_G
#
# <colnr> <probs for GDERKNQSTAVLIFYWHMCP>
#	G	D	E	R	K	N	Q	S	T	A	V	L	I	F	Y	W	H	M	C	P
0	0.01236	0.07466	0.01168	0.00906	0.01188	0.01202	0.00730	0.22078	0.54918	0.01998	0.01501	0.01409	0.01122	0.00558	0.00429	0.00139	0.00389	0.00448	0.00422	0.00693
1	0.01064	0.06663	0.52306	0.02547	0.04411	0.03340	0.03722	0.05023	0.03984	0.08481	0.00897	0.01004	0.00646	0.00446	0.00452	0.00137	0.03651	0.00347	0.00240	0.00641
2	0.01365	0.28331	0.12862	0.01057	0.06242	0.01343	0.02879	0.30956	0.01365	0.08295	0.00905	0.00958	0.00679	0.00449	0.00385	0.00120	0.00498	0.00338	0.00311	0.00663
3	0.00862	0.02121	0.76131	0.01209	0.01812	0.00974	0.01542	0.01345	0.00927	0.01375	0.00900	0.01228	0.00703	0.00475	0.00429	0.00143	0.00626	0.06372	0.00201	0.00626
4	0.00935	0.01151	0.17269	0.17793	0.24947	0.00927	0.13882	0.01240	0.00955	0.03751	0.01136	0.08749	0.04274	0.00523	0.00458	0.00142	0.00549	0.00497	0.00241	0.00582
5	0.01047	0.02692	0.13550	0.00841	0.01130	0.03557	0.02090	0.16274	0.08534	0.08279	0.07149	0.02293	0.22305	0.00728	0.00494	0.00143	0.02776	0.05180	0.00376	0.00562
6	0.03592	0.01964	0.05315	0.02499	0.07873	0.06453	0.03714	0.08253	0.01036	0.03068	0.06917	0.42374	0.02011	0.00939	0.00495	0.00155	0.00387	0.02122	0.00356	0.00475
7	0.01003	0.02174	0.04299	0.07342	0.08025	0.06685	0.23969	0.02269	0.03254	0.07533	0.01496	0.14010	0.08101	0.02067	0.00554	0.00153	0.04155	0.02081	0.00297	0.00533
8	0.02376	0.10035	0.24572	0.03628	0.16529	0.05742	0.10346	0.08392	0.03880	0.03084	0.02596	0.01148	0.00774	0.00532	0.02911	0.00149	0.00587	0.01851	0.00249	0.00618
9	0.00585	0.00490	0.00653	0.00602	0.00742	0.00434	0.06516	0.00736	0.01038	0.01339	0.24690	0.15425	0.43083	0.01029	0.00521	0.00149	0.00261	0.00900	0.00411	0.00395
10	0.01380	0.19615	0.04675	0.04350	0.16750	0.24526	0.02635	0.12551	0.01199	0.07181	0.00826	0.00937	0.00651	0.00434	0.00390	0.00119	0.00579	0.00328	0.00264	0.00609
11	0.01203	0.08415	0.22288	0.07450	0.11408	0.14332	0.06345	0.10398	0.02643	0.06426	0.00910	0.03327	0.00715	0.00467	0.00434	0.00131	0.01858	0.00379	0.00260	0.00612
12	0.00876	0.03018	0.06162	0.01432	0.10079	0.00876	0.36694	0.01159	0.02629	0.01322	0.03957	0.20008	0.03634	0.02118	0.00552	0.00157	0.02200	0.02318	0.00281	0.00528
13	0.01019	0.03769	0.24968	0.01454	0.01905	0.01079	0.40287	0.08832	0.02617	0.01494	0.00962	0.06002	0.00778	0.00468	0.00493	0.00144	0.02403	0.00480	0.00244	0.00604
14	0.03053	0.02293	0.02535	0.14334	0.04559	0.08351	0.13909	0.03829	0.08384	0.06512	0.01240	0.13832	0.01144	0.05597	0.02269	0.00176	0.05420	0.01743	0.00296	0.00522
15	0.00940	0.11025	0.03914	0.07060	0.02827	0.02405	0.02358	0.15030	0.03412	0.02661	0.01605	0.24854	0.05489	0.03381	0.07279	0.00200	0.00473	0.04252	0.00334	0.00501

[dist]
# distance from previous block
# <min> <max>
1	15

[block]
# block no. 7 follows, 60 sequences, length 6
# corresponding to MSA columns:
# 259-264
name=unknown_H
#
# <colnr> <probs for GDERKNQSTAVLIFYWHMCP>
#	G	D	E	R	K	N	Q	S	T	A	V	L	I	F	Y	W	H	M	C	P
0	0.13060	0.01011	0.01236	0.24936	0.18511	0.09522	0.00956	0.05750	0.07862	0.07243	0.00919	0.01087	0.00699	0.00443	0.00403	0.00132	0.00502	0.00362	0.00275	0.05093
1	0.08995	0.00797	0.01243	0.35712	0.10160	0.00890	0.06483	0.01196	0.00919	0.07959	0.05212	0.07670	0.00995	0.00544	0.00498	0.00144	0.05801	0.00468	0.00267	0.04046
2	0.01039	0.01085	0.10187	0.10023	0.25500	0.00950	0.13405	0.09511	0.01099	0.03579	0.07525	0.01269	0.00962	0.00512	0.02353	0.00142	0.00533	0.00424	0.00269	0.09632
3	0.00779	0.00593	0.00754	0.00750	0.00836	0.00646	0.00565	0.13694	0.01017	0.01379	0.01883	0.49267	0.02119	0.01311	0.07408	0.00216	0.09084	0.06887	0.00373	0.00437
4	0.00995	0.00581	0.00752	0.00646	0.00813	0.00555	0.00503	0.01155	0.01100	0.22078	0.35579	0.02543	0.10735	0.07268	0.00695	0.00160	0.07413	0.00637	0.00434	0.05360
5	0.10416	0.04618	0.01187	0.00922	0.01217	0.18303	0.03000	0.32432	0.04705	0.03768	0.07809	0.01158	0.00978	0.00504	0.00404	0.00123	0.00493	0.00379	0.00351	0.07234

[dist]
# distance from previous block
# <min> <max>
3	25

[block]
# block no. 8 follows, 60 sequences, length 7
# corresponding to MSA columns:
# 290-296
name=unknown_I
#
# <colnr> <probs for GDERKNQSTAVLIFYWHMCP>
#	G	D	E	R	K	N	Q	S	T	A	V	L	I	F	Y	W	H	M	C	P
0	0.00556	0.00475	0.03950	0.00599	0.00671	0.00392	0.00437	0.00659	0.00876	0.01161	0.07998	0.59108	0.13897	0.06274	0.00642	0.00183	0.00272	0.01089	0.00392	0.00367
1	0.08909	0.00854	0.00933	0.00830	0.01029	0.07359	0.05055	0.15401	0.10646	0.06251	0.01702	0.22515	0.05252	0.04526	0.00549	0.00164	0.00406	0.06719	0.00379	0.00522
2	0.00632	0.00432	0.00522	0.00533	0.00551	0.00442	0.00336	0.00669	0.00674	0.00908	0.01447	0.06479	0.01629	0.64545	0.13413	0.00438	0.00519	0.05264	0.00274	0.00294
3	0.01164	0.09770	0.04251	0.07323	0.38191	0.12152	0.06700	0.03138	0.02782	0.03794	0.00829	0.01021	0.00670	0.00406	0.00410	0.00123	0.00551	0.00360	0.00234	0.06131
4	0.00577	0.00431	0.00512	0.00523	0.00607	0.00393	0.00370	0.00696	0.00980	0.01294	0.27946	0.17640	0.26876	0.15582	0.00821	0.00199	0.00263	0.03521	0.00404	0.00363
5	0.03221	0.28529	0.05153	0.00994	0.05834	0.09335	0.03376	0.09819	0.08322	0.09635	0.05163	0.01171	0.02563	0.00497	0.00434	0.00123	0.04561	0.00371	0.00300	0.00598
6	0.03470	0.15109	0.11091	0.00857	0.01199	0.04605	0.00787	0.22531	0.04814	0.05201	0.05883	0.04448	0.03352	0.00545	0.00403	0.00121	0.00441	0.02615	0.00331	0.12195

[dist]
# distance from previous block
# <min> <max>
7	24

[block]
# block no. 9 follows, 60 sequences, length 10
# corresponding to MSA columns:
# 322-331
name=unknown_J
#
# <colnr> <probs for GDERKNQSTAVLIFYWHMCP>
#	G	D	E	R	K	N	Q	S	T	A	V	L	I	F	Y	W	H	M	C	P
0	0.05162	0.06162	0.10867	0.02833	0.11981	0.18541	0.05564	0.10596	0.06105	0.02978	0.04627	0.03072	0.02130	0.00570	0.02768	0.00143	0.00560	0.00399	0.00282	0.04660
1	0.20594	0.02341	0.03972	0.06817	0.06789	0.21766	0.03099	0.05327	0.02971	0.05877	0.00864	0.01097	0.00711	0.05074	0.07723	0.00196	0.03642	0.00351	0.00265	0.00523
2	0.01273	0.07667	0.07974	0.03586	0.09808	0.31768	0.00905	0.09060	0.10760	0.01410	0.04296	0.03639	0.02443	0.00526	0.00445	0.00128	0.03061	0.00396	0.00281	0.00573
3	0.00633	0.00420	0.00554	0.00596	0.00653	0.00397	0.00412	0.00738	0.00913	0.05176	0.18715	0.51619	0.02839	0.08957	0.05053	0.00217	0.00313	0.01011	0.00405	0.00379
4	0.00607	0.00440	0.00534	0.00538	0.00642	0.00399	0.00393	0.00741	0.01017	0.03939	0.28330	0.21515	0.30115	0.03669	0.04937	0.00188	0.00284	0.00902	0.00420	0.00389
5	0.01116	0.00945	0.00993	0.00876	0.02847	0.09808	0.03373	0.20222	0.15647	0.04526	0.15188	0.03511	0.13271	0.00762	0.02280	0.00152	0.00421	0.03095	0.00403	0.00566
6	0.00722	0.00441	0.00526	0.00536	0.00589	0.00423	0.00352	0.00785	0.00786	0.07175	0.01849	0.21272	0.06247	0.44041	0.01382	0.00294	0.00350	0.04464	0.07419	0.00345
7	0.09416	0.02551	0.12680	0.04827	0.13064	0.23972	0.04165	0.05726	0.03495	0.03018	0.07066	0.01243	0.03365	0.00575	0.02891	0.00146	0.00582	0.00391	0.00269	0.00560
8	0.00523	0.00442	0.00452	0.00449	0.00593	0.00371	0.00337	0.00640	0.01011	0.01218	0.09844	0.04131	0.76324	0.01090	0.00515	0.00147	0.00220	0.00911	0.00410	0.00371
9	0.03789	0.50100	0.09618	0.00840	0.01184	0.13969	0.00806	0.03404	0.03077	0.01170	0.00893	0.05307	0.03297	0.00475	0.00341	0.00110	0.00507	0.00335	0.00226	0.00548

[dist]
# distance from previous block
# <min> <max>
1	3

[block]
# block no. 10 follows, 60 sequences, length 9
# corresponding to MSA columns:
# 335-343
name=unknown_K
#
# <colnr> <probs for GDERKNQSTAVLIFYWHMCP>
#	G	D	E	R	K	N	Q	S	T	A	V	L	I	F	Y	W	H	M	C	P
0	0.00851	0.02126	0.76738	0.01199	0.01801	0.00967	0.01528	0.01328	0.00915	0.01363	0.00895	0.06704	0.00714	0.00480	0.00424	0.00141	0.00617	0.00386	0.00199	0.00624
1	0.04973	0.02935	0.13327	0.02887	0.06131	0.03243	0.20711	0.06228	0.12793	0.01568	0.12239	0.06579	0.01348	0.00567	0.00483	0.00143	0.02442	0.00520	0.00309	0.00575
2	0.00565	0.00432	0.00516	0.00530	0.00630	0.00388	0.00389	0.00701	0.01031	0.01352	0.29798	0.20726	0.33031	0.03600	0.00579	0.00161	0.00237	0.04529	0.00426	0.00378
3	0.01007	0.03644	0.19681	0.01506	0.23160	0.03810	0.11430	0.05094	0.03881	0.03857	0.10925	0.01526	0.04666	0.03300	0.00507	0.00144	0.00516	0.00467	0.00279	0.00598
4	0.00568	0.00427	0.00548	0.00620	0.03051	0.00393	0.00415	0.00682	0.00949	0.01264	0.20287	0.45573	0.17625	0.04754	0.00607	0.00172	0.00252	0.01029	0.00410	0.00376
5	0.01056	0.00803	0.02318	0.06848	0.08711	0.00820	0.02802	0.14885	0.11565	0.10083	0.10429	0.10940	0.10542	0.00786	0.02417	0.00158	0.01950	0.01928	0.00389	0.00568
6	0.07407	0.17531	0.07615	0.01136	0.08813	0.16813	0.03966	0.21229	0.04222	0.06018	0.00876	0.00950	0.00671	0.00449	0.00388	0.00122	0.00541	0.00335	0.00294	0.00623
7	0.01112	0.01118	0.11964	0.03916	0.24531	0.01012	0.02626	0.15613	0.11110	0.05127	0.04204	0.03611	0.06149	0.00560	0.00503	0.00140	0.05280	0.00469	0.00318	0.00636
8	0.03706	0.09271	0.07446	0.02511	0.11738	0.02651	0.02909	0.12914	0.12983	0.10280	0.03561	0.09530	0.05678	0.02312	0.00471	0.00142	0.00430	0.00515	0.00350	0.00604

[dist]
# distance from previous block
# <min> <max>
2	3

[block]
# block no. 11 follows, 60 sequences, length 6
# corresponding to MSA columns:
# 347,351-355
name=unknown_L
#
# <colnr> <probs for GDERKNQSTAVLIFYWHMCP>
#	G	D	E	R	K	N	Q	S	T	A	V	L	I	F	Y	W	H	M	C	P
0	0.08906	0.04797	0.14378	0.02837	0.09320	0.05333	0.05614	0.19566	0.07290	0.06719	0.01026	0.03049	0.00792	0.00560	0.02783	0.00147	0.00515	0.00391	0.03000	0.02977
1	0.01018	0.05008	0.00958	0.00788	0.04854	0.00713	0.00594	0.06825	0.05846	0.11557	0.15787	0.06159	0.07248	0.00633	0.00451	0.00119	0.02412	0.02719	0.00371	0.25941
2	0.05881	0.12275	0.10149	0.04413	0.10527	0.09716	0.05434	0.21733	0.06441	0.07913	0.00952	0.01030	0.00712	0.00456	0.00405	0.00128	0.00526	0.00361	0.00308	0.00641
3	0.06696	0.17538	0.27154	0.01139	0.04526	0.05605	0.08298	0.11780	0.03565	0.05282	0.00843	0.00953	0.00639	0.00442	0.00432	0.00130	0.03766	0.00340	0.00255	0.00619
4	0.00540	0.00400	0.00505	0.00569	0.00627	0.00364	0.00392	0.00640	0.00918	0.01210	0.13411	0.58800	0.17518	0.01255	0.00543	0.00166	0.00241	0.01121	0.00415	0.00364
5	0.02478	0.00732	0.04139	0.00839	0.05996	0.00651	0.04731	0.05669	0.03126	0.03327	0.19757	0.07634	0.19152	0.00795	0.02076	0.00143	0.03564	0.00634	0.00360	0.14196

[dist]
# distance from previous block
# <min> <max>
1	10

[block]
# block no. 12 follows, 60 sequences, length 10
# corresponding to MSA columns:
# 366-375
name=unknown_M
#
# <colnr> <probs for GDERKNQSTAVLIFYWHMCP>
#	G	D	E	R	K	N	Q	S	T	A	V	L	I	F	Y	W	H	M	C	P
0	0.01167	0.06187	0.06054	0.05904	0.05972	0.08457	0.00819	0.19235	0.10379	0.03876	0.03003	0.06110	0.03085	0.02945	0.00545	0.00140	0.06489	0.00446	0.00322	0.08865
1	0.04204	0.04297	0.04718	0.07922	0.01340	0.04771	0.05811	0.22248	0.11292	0.03899	0.05322	0.03986	0.08332	0.03292	0.00491	0.00141	0.00445	0.00484	0.00349	0.06657
2	0.04699	0.15433	0.20173	0.00967	0.03338	0.09282	0.00918	0.10549	0.05920	0.05511	0.03110	0.03418	0.03012	0.00500	0.00423	0.00123	0.03182	0.00375	0.00282	0.08785
3	0.06985	0.01169	0.08250	0.05264	0.04658	0.04129	0.07475	0.22477	0.03020	0.01659	0.00812	0.01023	0.00653	0.00631	0.02878	0.00168	0.27511	0.00383	0.00273	0.00584
4	0.00876	0.00751	0.00871	0.00631	0.01001	0.00566	0.00503	0.01064	0.00911	0.01404	0.01038	0.01142	0.06507	0.00379	0.00337	0.00071	0.00316	0.00306	0.00269	0.81055
5	0.01303	0.01081	0.01366	0.06051	0.03787	0.06024	0.13277	0.32210	0.13288	0.06208	0.01346	0.06543	0.04340	0.00574	0.00458	0.00139	0.00495	0.00497	0.00372	0.00639
6	0.00625	0.00459	0.00660	0.00660	0.00724	0.00523	0.00494	0.00753	0.00689	0.00982	0.01206	0.01920	0.01180	0.18019	0.68319	0.00651	0.01033	0.00498	0.00239	0.00367
7	0.01354	0.01176	0.01063	0.00908	0.01153	0.20183	0.00715	0.19418	0.20432	0.10346	0.04367	0.01540	0.08266	0.00601	0.00485	0.00135	0.04659	0.00457	0.02133	0.00609
8	0.00542	0.00419	0.00481	0.00513	0.00600	0.00373	0.00359	0.00640	0.00932	0.01185	0.11331	0.31739	0.39459	0.08567	0.00680	0.00181	0.00248	0.00992	0.00400	0.00359
9	0.00619	0.00451	0.00633	0.00635	0.00697	0.00496	0.00467	0.00744	0.00746	0.01055	0.08971	0.06980	0.01585	0.19344	0.53930	0.00560	0.00872	0.00577	0.00273	0.00364

[dist]
# distance from previous block
# <min> <max>
4	12

[block]
# block no. 13 follows, 60 sequences, length 32
# corresponding to MSA columns:
# 388-419
name=unknown_N
#
# <colnr> <probs for GDERKNQSTAVLIFYWHMCP>
#	G	D	E	R	K	N	Q	S	T	A	V	L	I	F	Y	W	H	M	C	P
0	0.01104	0.06733	0.01482	0.10163	0.41691	0.07327	0.01056	0.07611	0.01066	0.04170	0.01057	0.11597	0.00978	0.00547	0.00437	0.00135	0.00499	0.01473	0.00267	0.00606
1	0.00720	0.01621	0.00692	0.00696	0.02174	0.05223	0.00497	0.03119	0.05448	0.01249	0.11991	0.28279	0.05595	0.08184	0.20613	0.00307	0.00529	0.00770	0.01881	0.00411
2	0.01089	0.00623	0.00825	0.00725	0.00885	0.00651	0.00565	0.05370	0.04615	0.23895	0.09837	0.01879	0.01435	0.12270	0.28511	0.00366	0.05074	0.00507	0.00367	0.00511
3	0.00634	0.00423	0.00476	0.00476	0.00476	0.00423	0.00264	0.00634	0.00634	0.00846	0.01374	0.02854	0.01586	0.84672	0.02220	0.00423	0.00423	0.00634	0.00264	0.00264
4	0.00519	0.00442	0.00447	0.00446	0.00591	0.00370	0.00334	0.00633	0.01002	0.01198	0.07098	0.04165	0.79082	0.01097	0.00515	0.00147	0.00220	0.00916	0.00408	0.00370
5	0.00612	0.00455	0.00671	0.00684	0.00754	0.00519	0.00521	0.00754	0.00716	0.01021	0.01326	0.11971	0.01324	0.04972	0.70828	0.00629	0.01037	0.00567	0.00256	0.00382
6	0.01450	0.01060	0.01145	0.00927	0.01229	0.01174	0.00749	0.46593	0.27166	0.07670	0.01359	0.02769	0.01002	0.00561	0.00437	0.00137	0.00418	0.00443	0.03002	0.00709
7	0.00813	0.00407	0.00407	0.00407	0.00508	0.00407	0.00305	0.01016	0.00915	0.01626	0.01423	0.01626	0.01118	0.00508	0.00305	0.00102	0.00203	0.00407	0.87093	0.00407
8	0.00904	0.00775	0.00904	0.00646	0.01034	0.00581	0.00517	0.01098	0.00904	0.01421	0.00775	0.00904	0.00646	0.00323	0.00323	0.00065	0.00323	0.00258	0.00258	0.87339
9	0.06238	0.01178	0.01252	0.00962	0.01309	0.01292	0.00794	0.72130	0.01921	0.02637	0.01009	0.01022	0.00722	0.00507	0.00421	0.00128	0.00464	0.00377	0.00418	0.05217
10	0.80762	0.00872	0.00677	0.00600	0.00872	0.03232	0.00492	0.01340	0.00783	0.06241	0.00669	0.00752	0.00507	0.00413	0.00282	0.00134	0.00352	0.00248	0.00283	0.00488
11	0.01600	0.01166	0.01247	0.00962	0.01295	0.01288	0.00793	0.75038	0.01973	0.02672	0.01073	0.01087	0.00768	0.00523	0.00427	0.00129	0.00461	0.00394	0.06389	0.00719
12	0.01177	0.01030	0.01672	0.04456	0.67859	0.01041	0.01248	0.08716	0.01103	0.06167	0.00892	0.01102	0.00715	0.00411	0.00433	0.00130	0.00508	0.00392	0.00254	0.00693
13	0.00600	0.00445	0.00559	0.00530	0.00641	0.00404	0.00398	0.00789	0.01193	0.01651	0.68420	0.03420	0.17478	0.00928	0.00515	0.00139	0.00208	0.00811	0.00467	0.00404
14	0.01048	0.01004	0.01714	0.12613	0.72261	0.01028	0.01323	0.01311	0.00978	0.01387	0.00815	0.01090	0.00677	0.00394	0.00432	0.00131	0.00526	0.00388	0.00213	0.00666
15	0.00987	0.24810	0.51016	0.01079	0.01590	0.01229	0.01282	0.04766	0.00945	0.01320	0.00765	0.02415	0.00607	0.00444	0.00436	0.00129	0.05047	0.00321	0.00200	0.00611
16	0.00824	0.00775	0.01308	0.83624	0.03004	0.00969	0.01211	0.01114	0.00872	0.01114	0.00775	0.01163	0.00581	0.00436	0.00436	0.00145	0.00581	0.00388	0.00194	0.00484
17	0.00695	0.00499	0.00691	0.00788	0.00890	0.00496	0.00687	0.00892	0.01004	0.01300	0.02401	0.04888	0.05954	0.01200	0.00599	0.00198	0.00394	0.75623	0.00402	0.00400
18	0.00568	0.00425	0.00528	0.00561	0.00646	0.00388	0.00409	0.00700	0.01004	0.01330	0.26541	0.32400	0.23061	0.02521	0.00565	0.00164	0.00245	0.07141	0.00425	0.00377
19	0.00623	0.00467	0.00701	0.00701	0.00779	0.00545	0.00545	0.00779	0.00701	0.01012	0.01168	0.01713	0.01090	0.03271	0.82944	0.00701	0.01168	0.00467	0.00234	0.00389
20	0.01957	0.00742	0.01012	0.00776	0.01113	0.00641	0.00641	0.02126	0.01248	0.82254	0.01721	0.01484	0.01080	0.00540	0.00439	0.00135	0.00371	0.00439	0.00540	0.00742
21	0.01744	0.01058	0.01205	0.00926	0.01269	0.01113	0.00764	0.53109	0.03481	0.28816	0.01284	0.01203	0.00865	0.00530	0.00437	0.00133	0.00441	0.00410	0.00470	0.00741
22	0.01520	0.01737	0.01158	0.01029	0.01257	0.58957	0.00780	0.13076	0.05600	0.01371	0.00856	0.01001	0.00701	0.04045	0.00475	0.00130	0.00673	0.00330	0.04773	0.00534
23	0.01023	0.00978	0.01668	0.20590	0.64481	0.01021	0.01310	0.01289	0.00966	0.01356	0.00810	0.01098	0.00667	0.00399	0.00433	0.00133	0.00532	0.00388	0.00211	0.00645
24	0.01203	0.01115	0.01537	0.07992	0.04308	0.11669	0.24151	0.17884	0.05461	0.05804	0.03393	0.11221	0.01080	0.00573	0.00471	0.00141	0.00557	0.00534	0.00321	0.00585
25	0.64097	0.00873	0.00779	0.00657	0.00947	0.00971	0.00541	0.10973	0.00978	0.14467	0.00833	0.00869	0.00599	0.00440	0.00316	0.00134	0.00360	0.00286	0.00332	0.00547
26	0.00596	0.00411	0.00491	0.00523	0.00550	0.00395	0.00328	0.00648	0.00775	0.01043	0.08235	0.30677	0.06375	0.43433	0.01387	0.00295	0.00332	0.00862	0.02328	0.00315
27	0.00597	0.00461	0.00553	0.00544	0.00675	0.00403	0.02344	0.00727	0.01009	0.03797	0.14522	0.18049	0.49552	0.01089	0.00523	0.00153	0.00249	0.03947	0.00415	0.00390
28	0.01434	0.01418	0.02335	0.01289	0.15088	0.35047	0.02074	0.11336	0.03459	0.11289	0.01141	0.04271	0.04498	0.00534	0.00455	0.00128	0.02894	0.00410	0.00307	0.00591
29	0.01019	0.01082	0.05498	0.02277	0.01262	0.09310	0.06896	0.07228	0.02372	0.01231	0.00788	0.01129	0.00705	0.02506	0.14126	0.00256	0.41184	0.00400	0.00228	0.00504
30	0.00690	0.00425	0.00558	0.00610	0.00673	0.00391	0.00419	0.00777	0.00884	0.09679	0.04818	0.65328	0.05231	0.06515	0.00647	0.00186	0.00274	0.01093	0.00413	0.00392
31	0.01122	0.01197	0.07023	0.05114	0.45401	0.09752	0.07416	0.05453	0.03458	0.02502	0.00978	0.03207	0.02602	0.00451	0.00437	0.00131	0.00548	0.00417	0.00247	0.02544

[dist]
# distance from previous block
# <min> <max>
0	23

[block]
# block no. 14 follows, 60 sequences, length 23
# corresponding to MSA columns:
# 443-465
name=unknown_O
#
# <colnr> <probs for GDERKNQSTAVLIFYWHMCP>
#	G	D	E	R	K	N	Q	S	T	A	V	L	I	F	Y	W	H	M	C	P
0	0.03378	0.00493	0.00637	0.00681	0.03867	0.01400	0.02713	0.00752	0.00955	0.01300	0.20855	0.35042	0.16200	0.06176	0.00643	0.01554	0.00285	0.02288	0.00391	0.00388
1	0.01110	0.13365	0.16458	0.02380	0.08525	0.06210	0.06343	0.08624	0.12192	0.05292	0.06825	0.02363	0.04001	0.00524	0.00446	0.00131	0.02566	0.00429	0.00301	0.01915
2	0.00580	0.00426	0.00505	0.00532	0.00598	0.00396	0.00368	0.00669	0.00883	0.01149	0.12758	0.23504	0.23656	0.25075	0.01020	0.00236	0.00298	0.06630	0.00374	0.00343
3	0.01122	0.24888	0.08195	0.00951	0.05086	0.01091	0.06834	0.08411	0.08684	0.09549	0.07062	0.02747	0.01151	0.11654	0.00641	0.00164	0.00456	0.00439	0.00308	0.00569
4	0.01101	0.10870	0.06151	0.11350	0.41898	0.04751	0.02399	0.08082	0.03212	0.01444	0.02044	0.03140	0.00775	0.00445	0.00418	0.00129	0.00523	0.00394	0.00242	0.00631
5	0.00857	0.00735	0.02393	0.04229	0.00966	0.05865	0.00588	0.06230	0.13069	0.03877	0.24478	0.04940	0.19255	0.00850	0.00495	0.00148	0.00338	0.09789	0.00412	0.00486
6	0.00659	0.00494	0.00560	0.00553	0.00654	0.00470	0.00394	0.07466	0.01001	0.01295	0.11808	0.19808	0.30166	0.19415	0.00893	0.00213	0.00297	0.03088	0.00385	0.00380
7	0.00886	0.05302	0.79461	0.01225	0.01859	0.01039	0.01580	0.01378	0.00920	0.01368	0.00776	0.00913	0.00553	0.00413	0.00409	0.00136	0.00638	0.00319	0.00184	0.00641
8	0.00799	0.00539	0.00625	0.00572	0.00740	0.00501	0.00440	0.01079	0.10433	0.11704	0.30081	0.03235	0.35776	0.00901	0.00497	0.00142	0.00249	0.00765	0.00452	0.00468
9	0.77739	0.00887	0.00719	0.00624	0.00903	0.01022	0.00514	0.10496	0.00894	0.02049	0.00658	0.00748	0.00504	0.00419	0.00289	0.00134	0.00354	0.00254	0.00289	0.00504
10	0.01131	0.69332	0.15219	0.00837	0.01250	0.03795	0.00889	0.01330	0.00901	0.01085	0.00637	0.00738	0.00559	0.00382	0.00305	0.00101	0.00504	0.00249	0.00187	0.00572
11	0.04752	0.00706	0.00830	0.00679	0.00936	0.00637	0.00525	0.09279	0.03056	0.15021	0.05660	0.15191	0.02986	0.06962	0.00550	0.00139	0.00336	0.00539	0.00368	0.30847
12	0.01101	0.40752	0.24650	0.00921	0.01346	0.02578	0.02205	0.11708	0.01075	0.01393	0.03792	0.01083	0.04778	0.00461	0.00364	0.00116	0.00506	0.00339	0.00241	0.00592
13	0.00978	0.06607	0.68734	0.01203	0.01784	0.10578	0.01476	0.01419	0.00956	0.01326	0.00761	0.00893	0.00554	0.00416	0.00405	0.00133	0.00652	0.00313	0.00189	0.00624
14	0.00537	0.00404	0.00497	0.00555	0.00623	0.00365	0.00385	0.00638	0.00925	0.01205	0.12187	0.52791	0.24829	0.01239	0.00540	0.00164	0.00239	0.01099	0.00414	0.00365
15	0.00994	0.18998	0.51049	0.01087	0.01601	0.01190	0.01277	0.04833	0.10289	0.01410	0.00868	0.00964	0.00653	0.00440	0.00416	0.00131	0.02612	0.00328	0.00226	0.00632
16	0.00678	0.00721	0.10182	0.04304	0.03826	0.00585	0.00646	0.00955	0.09093	0.01301	0.11167	0.40681	0.09172	0.02165	0.00552	0.00163	0.02106	0.00885	0.00370	0.00449
17	0.03013	0.04760	0.01447	0.01087	0.02369	0.04579	0.10057	0.55455	0.05305	0.03527	0.01065	0.03439	0.00805	0.00520	0.00438	0.00133	0.00505	0.00422	0.00387	0.00688
18	0.00948	0.07219	0.21027	0.02659	0.08923	0.00861	0.05559	0.08682	0.02291	0.05931	0.04014	0.24595	0.02844	0.00733	0.00464	0.00146	0.00453	0.01779	0.00316	0.00555
19	0.00569	0.00412	0.00513	0.00578	0.00626	0.00387	0.00400	0.00650	0.00840	0.01093	0.02503	0.46504	0.14875	0.17804	0.00885	0.00224	0.00299	0.10117	0.00377	0.00344
20	0.06001	0.11190	0.18432	0.00983	0.03141	0.02155	0.04315	0.20268	0.06336	0.04248	0.01269	0.14391	0.02614	0.00628	0.00431	0.00139	0.00467	0.02074	0.00324	0.00595
21	0.05344	0.05386	0.07300	0.00981	0.07713	0.07106	0.03758	0.11981	0.03414	0.07852	0.03888	0.04667	0.12177	0.00627	0.01643	0.00135	0.02523	0.00476	0.02173	0.10858
22	0.02207	0.09358	0.12343	0.01199	0.13955	0.03522	0.04572	0.16942	0.06573	0.09854	0.02394	0.01468	0.10216	0.00535	0.00425	0.00130	0.00468	0.00441	0.00328	0.03070

[dist]
# distance from previous block
# <min> <max>
3	31

[block]
