[name]
unknown

[dist]
# distance from previous block
# <min> <max>
0	47

[block]
# block no. 0 follows, 71 sequences, length 13
# corresponding to MSA columns:
# 47-59
name=unknown_A
#
# <colnr> <probs for GDERKNQSTAVLIFYWHMCP>
#	G	D	E	R	K	N	Q	S	T	A	V	L	I	F	Y	W	H	M	C	P
0	0.29923	0.02438	0.00956	0.02236	0.01045	0.03315	0.02928	0.33561	0.06133	0.07337	0.00865	0.00967	0.00653	0.00446	0.00368	0.00120	0.03245	0.02607	0.00316	0.00540
1	0.06386	0.00465	0.02235	0.00490	0.00623	0.00406	0.00379	0.00707	0.00904	0.01282	0.33487	0.13717	0.24999	0.00883	0.03415	0.00139	0.00245	0.00686	0.00353	0.08198
2	0.00466	0.00337	0.00442	0.00525	0.00554	0.00312	0.00352	0.00535	0.00742	0.00982	0.02216	0.81494	0.07251	0.01188	0.00487	0.00154	0.00221	0.01074	0.00356	0.00312
3	0.03758	0.18219	0.10156	0.00917	0.05076	0.11995	0.02572	0.15147	0.16653	0.01393	0.00845	0.00909	0.00663	0.00455	0.01703	0.00118	0.04455	0.00308	0.00256	0.04403
4	0.00979	0.01248	0.11922	0.12132	0.08719	0.21603	0.20063	0.01202	0.00863	0.01071	0.00685	0.02557	0.00567	0.00428	0.00530	0.00126	0.14285	0.00351	0.00186	0.00482
5	0.00727	0.00466	0.00595	0.00536	0.00660	0.00442	0.00410	0.07046	0.01119	0.10000	0.64204	0.07713	0.03055	0.00754	0.00443	0.00122	0.00216	0.00660	0.00420	0.00410
6	0.01025	0.86756	0.02009	0.00656	0.00984	0.01517	0.00656	0.01148	0.00779	0.00902	0.00533	0.00615	0.00492	0.00328	0.00246	0.00082	0.00410	0.00205	0.00164	0.00492
7	0.89233	0.00741	0.00564	0.00504	0.00741	0.00860	0.00415	0.01127	0.00653	0.01720	0.00534	0.00623	0.00415	0.00356	0.00237	0.00119	0.00297	0.00208	0.00237	0.00415
8	0.01392	0.01025	0.01104	0.00859	0.01147	0.01131	0.00704	0.77424	0.01732	0.02322	0.00999	0.06551	0.00776	0.00509	0.00391	0.00118	0.00409	0.00394	0.00382	0.00630
9	0.01494	0.00705	0.00866	0.00677	0.00943	0.00680	0.00555	0.21093	0.01219	0.51308	0.01328	0.01233	0.00883	0.00467	0.00366	0.00113	0.00325	0.00371	0.14768	0.00604
10	0.00868	0.02641	0.25638	0.11424	0.11392	0.00904	0.13594	0.08922	0.07124	0.01330	0.05444	0.02898	0.02181	0.00439	0.00424	0.00124	0.03501	0.00389	0.00231	0.00531
11	0.00512	0.00360	0.00475	0.00514	0.00553	0.00353	0.00353	0.00579	0.00722	0.00974	0.10221	0.42399	0.07343	0.12900	0.13889	0.06067	0.00369	0.00804	0.00310	0.00302
12	0.00928	0.03031	0.15061	0.01001	0.07697	0.00881	0.09480	0.17004	0.18587	0.01506	0.05624	0.05461	0.05405	0.01647	0.00449	0.01439	0.01987	0.00444	0.01834	0.00535

[dist]
# distance from previous block
# <min> <max>
2	26

[block]
# block no. 1 follows, 71 sequences, length 13
# corresponding to MSA columns:
# 86-98
name=unknown_B
#
# <colnr> <probs for GDERKNQSTAVLIFYWHMCP>
#	G	D	E	R	K	N	Q	S	T	A	V	L	I	F	Y	W	H	M	C	P
0	0.00963	0.00774	0.00832	0.00740	0.00949	0.00869	0.00577	0.08294	0.61875	0.05220	0.05305	0.04972	0.05779	0.00577	0.00400	0.00129	0.00299	0.00483	0.00391	0.00574
1	0.04565	0.00920	0.01310	0.06745	0.49918	0.04099	0.00973	0.12930	0.07778	0.02974	0.00919	0.01060	0.03299	0.00401	0.00377	0.00116	0.00433	0.00356	0.00246	0.00581
2	0.00608	0.00412	0.00517	0.00493	0.00596	0.00380	0.00368	0.00791	0.03421	0.06194	0.55561	0.11638	0.13344	0.00816	0.00445	0.00125	0.00199	0.00715	0.03001	0.00375
3	0.00473	0.00411	0.02122	0.00443	0.00555	0.00338	0.00336	0.00576	0.00852	0.01054	0.08024	0.19311	0.58731	0.02769	0.00491	0.00140	0.00213	0.02481	0.00353	0.00327
4	0.00819	0.00515	0.00559	0.00511	0.00648	0.00540	0.00394	0.06621	0.17387	0.04624	0.15775	0.01642	0.01458	0.00522	0.00337	0.00106	0.00226	0.00432	0.46445	0.00439
5	0.11102	0.01007	0.01067	0.00826	0.01125	0.01108	0.00682	0.68017	0.01625	0.08289	0.00921	0.00916	0.00648	0.00450	0.00368	0.00116	0.00401	0.00333	0.00374	0.00626
6	0.00531	0.00391	0.00497	0.00470	0.00566	0.00357	0.00353	0.00702	0.01059	0.01474	0.73783	0.02969	0.13805	0.00808	0.00452	0.00122	0.00183	0.00708	0.00414	0.00357
7	0.01209	0.00992	0.00981	0.00827	0.01076	0.09273	0.00656	0.27799	0.44229	0.06850	0.01258	0.01187	0.00925	0.00486	0.00383	0.00121	0.00381	0.00384	0.00374	0.00608
8	0.89233	0.00741	0.00564	0.00504	0.00741	0.00860	0.00415	0.01127	0.00653	0.01720	0.00534	0.00623	0.00415	0.00356	0.00237	0.00119	0.00297	0.00208	0.00237	0.00415
9	0.00795	0.00681	0.00795	0.00568	0.00909	0.00511	0.00454	0.00965	0.00795	0.01249	0.00681	0.00795	0.00568	0.00284	0.00284	0.00057	0.00284	0.00227	0.00227	0.88869
10	0.00480	0.00397	0.00423	0.00432	0.00549	0.00346	0.00323	0.00608	0.03108	0.01077	0.07812	0.12029	0.65844	0.00976	0.00458	0.00134	0.00206	0.04106	0.00360	0.00333
11	0.00769	0.01983	0.84538	0.01093	0.01659	0.00890	0.01417	0.01214	0.00810	0.01214	0.00688	0.00810	0.00486	0.00364	0.00364	0.00121	0.00567	0.00283	0.00162	0.00567
12	0.00924	0.00697	0.00817	0.00606	0.00918	0.00578	0.00486	0.08743	0.02794	0.08757	0.07060	0.01022	0.00853	0.00360	0.00317	0.00074	0.00293	0.00292	0.00282	0.64126

[dist]
# distance from previous block
# <min> <max>
0	1

[block]
# block no. 2 follows, 71 sequences, length 22
# corresponding to MSA columns:
# 100-121
name=unknown_C
#
# <colnr> <probs for GDERKNQSTAVLIFYWHMCP>
#	G	D	E	R	K	N	Q	S	T	A	V	L	I	F	Y	W	H	M	C	P
0	0.00906	0.00868	0.01479	0.18111	0.68709	0.00900	0.01156	0.01139	0.00853	0.01201	0.00714	0.00963	0.00589	0.00350	0.00380	0.00117	0.00466	0.00341	0.00186	0.00573
1	0.01066	0.00680	0.01002	0.09431	0.01196	0.00631	0.11794	0.03796	0.04702	0.28188	0.04431	0.03550	0.12445	0.00512	0.00392	0.00114	0.00358	0.00452	0.00337	0.14924
2	0.00742	0.00700	0.01183	0.78893	0.09209	0.00857	0.01074	0.00996	0.00775	0.01002	0.00685	0.01016	0.00519	0.00380	0.00383	0.00127	0.00507	0.00341	0.00172	0.00441
3	0.00993	0.06865	0.01852	0.01333	0.01634	0.14312	0.50178	0.01293	0.06395	0.01153	0.00754	0.00958	0.00593	0.00385	0.00502	0.00125	0.09582	0.00390	0.00203	0.00500
4	0.00782	0.07530	0.72233	0.07958	0.01694	0.00929	0.01337	0.01191	0.00804	0.01174	0.00677	0.00814	0.00488	0.00363	0.00358	0.00119	0.00552	0.00283	0.00163	0.00550
5	0.00538	0.00504	0.06132	0.00599	0.00698	0.00407	0.03122	0.03493	0.00813	0.01076	0.03965	0.59342	0.14438	0.01045	0.00471	0.00147	0.00263	0.02256	0.00340	0.00351
6	0.00823	0.00698	0.00810	0.00581	0.00921	0.00540	0.00466	0.04441	0.00838	0.01299	0.00692	0.00800	0.00571	0.00291	0.00288	0.00059	0.00290	0.00232	0.00234	0.85125
7	0.01014	0.00934	0.01076	0.00907	0.01138	0.10713	0.12757	0.04638	0.48311	0.05079	0.01351	0.08183	0.01087	0.00528	0.00402	0.00127	0.00398	0.00463	0.00339	0.00554
8	0.00838	0.00820	0.03082	0.12749	0.05832	0.00827	0.33398	0.02178	0.05260	0.04800	0.01068	0.15851	0.00985	0.00551	0.00511	0.00137	0.08160	0.02236	0.00244	0.00475
9	0.01295	0.00636	0.00799	0.00666	0.00887	0.00604	0.00530	0.16170	0.01124	0.43769	0.01642	0.20007	0.04794	0.00664	0.00411	0.00127	0.00312	0.02291	0.02725	0.00550
10	0.01377	0.00823	0.01034	0.00817	0.01073	0.03751	0.06092	0.21391	0.07629	0.37218	0.01196	0.01209	0.00845	0.03707	0.05054	0.00157	0.05279	0.00384	0.00377	0.00587
11	0.00472	0.00346	0.00441	0.00509	0.00549	0.00318	0.00345	0.00549	0.00772	0.01018	0.07779	0.67937	0.13221	0.03166	0.00517	0.00155	0.00220	0.01014	0.00357	0.00315
12	0.00843	0.13468	0.68569	0.01021	0.01541	0.00993	0.01274	0.05844	0.00862	0.01240	0.00680	0.00789	0.00496	0.00365	0.00349	0.00116	0.00537	0.00276	0.00175	0.00561
13	0.00484	0.00377	0.00440	0.00450	0.00544	0.00333	0.00328	0.00601	0.00909	0.01180	0.28574	0.21684	0.40799	0.00963	0.00461	0.00132	0.00196	0.00835	0.00377	0.00333
14	0.00732	0.00671	0.00610	0.00561	0.00702	0.12354	0.00423	0.08349	0.04332	0.01283	0.23291	0.03685	0.35158	0.05539	0.00513	0.00135	0.00296	0.00632	0.00348	0.00387
15	0.00501	0.00388	0.00454	0.00441	0.00545	0.00344	0.00328	0.00638	0.00969	0.01281	0.44314	0.05860	0.38795	0.02849	0.00488	0.00131	0.00192	0.00754	0.00387	0.00340
16	0.00734	0.00684	0.01141	0.67440	0.12347	0.00817	0.01021	0.00975	0.00784	0.01018	0.00854	0.01234	0.03522	0.00484	0.02477	0.00140	0.00500	0.03200	0.00187	0.00440
17	0.00858	0.00680	0.00802	0.00576	0.00913	0.00515	0.00462	0.01027	0.00816	0.06911	0.00738	0.00830	0.00594	0.00297	0.00291	0.00061	0.00287	0.00238	0.00244	0.82862
18	0.03128	0.06106	0.06095	0.00735	0.01017	0.00805	0.00642	0.22178	0.01197	0.39266	0.06422	0.01210	0.00962	0.00478	0.00401	0.00116	0.03344	0.00371	0.04935	0.00591
19	0.00758	0.00639	0.02767	0.07100	0.10362	0.00640	0.01462	0.05076	0.10456	0.05443	0.18679	0.04213	0.21804	0.02901	0.00514	0.00134	0.05713	0.00564	0.00327	0.00448
20	0.86114	0.00753	0.00584	0.00518	0.00757	0.00872	0.00426	0.04032	0.00693	0.01745	0.00548	0.00633	0.00424	0.00360	0.00242	0.00119	0.00301	0.00213	0.00242	0.00424
21	0.00586	0.00465	0.00649	0.00585	0.00712	0.00425	0.05873	0.00778	0.03575	0.01354	0.46897	0.17691	0.07310	0.00793	0.00444	0.00124	0.00238	0.02804	0.00371	0.08326

[dist]
# distance from previous block
# <min> <max>
0	1

[block]
# block no. 3 follows, 71 sequences, length 18
# corresponding to MSA columns:
# 123-140
name=unknown_D
#
# <colnr> <probs for GDERKNQSTAVLIFYWHMCP>
#	G	D	E	R	K	N	Q	S	T	A	V	L	I	F	Y	W	H	M	C	P
0	0.04555	0.00809	0.00964	0.00717	0.01039	0.00750	0.03923	0.25147	0.01132	0.13160	0.00865	0.00906	0.00640	0.00367	0.00332	0.00088	0.00346	0.00292	0.00306	0.43662
1	0.01192	0.02450	0.00987	0.00815	0.01057	0.10218	0.00648	0.31721	0.35669	0.03937	0.01204	0.03439	0.00918	0.00496	0.00379	0.00119	0.00386	0.00390	0.03388	0.00588
2	0.00935	0.00827	0.00844	0.00756	0.00972	0.03779	0.00587	0.01893	0.72678	0.01535	0.01630	0.01513	0.05967	0.00533	0.00388	0.00126	0.00310	0.00441	0.00375	0.03909
3	0.00738	0.00695	0.01175	0.80553	0.07584	0.00855	0.01072	0.00992	0.00773	0.00996	0.00684	0.01018	0.00517	0.00381	0.00383	0.00127	0.00508	0.00341	0.00172	0.00437
4	0.00769	0.01983	0.84538	0.01093	0.01659	0.00890	0.01417	0.01214	0.00810	0.01214	0.00688	0.00810	0.00486	0.00364	0.00364	0.00121	0.00567	0.00283	0.00162	0.00567
5	0.00982	0.00881	0.01267	0.01706	0.51060	0.05792	0.00934	0.03226	0.10288	0.06132	0.08919	0.01247	0.02729	0.00440	0.00411	0.00118	0.02648	0.00393	0.00259	0.00567
6	0.00587	0.00504	0.02789	0.00581	0.00644	0.06017	0.00419	0.00696	0.02517	0.02385	0.07161	0.59601	0.02217	0.06994	0.03738	0.00180	0.00306	0.01992	0.00333	0.00339
7	0.00582	0.00428	0.00536	0.00604	0.00664	0.00398	0.00437	0.00677	0.02464	0.01114	0.04140	0.55900	0.12504	0.01162	0.00520	0.00168	0.00271	0.16682	0.00381	0.00367
8	0.00810	0.01709	0.61542	0.01252	0.05363	0.00910	0.18620	0.01234	0.02704	0.01228	0.00728	0.00877	0.00527	0.00358	0.00384	0.00123	0.00573	0.00325	0.00175	0.00559
9	0.01021	0.65065	0.03249	0.00753	0.01058	0.05721	0.05094	0.02910	0.04956	0.00994	0.00625	0.00725	0.00548	0.00430	0.02809	0.00108	0.03009	0.00246	0.00185	0.00495
10	0.00875	0.00830	0.01447	0.09442	0.56746	0.00836	0.10095	0.01101	0.00853	0.01216	0.00857	0.07246	0.00759	0.00412	0.00390	0.00118	0.00448	0.00410	0.05374	0.00545
11	0.00501	0.00381	0.00466	0.00519	0.00581	0.00358	0.00364	0.00644	0.05626	0.01066	0.07401	0.56260	0.19988	0.01083	0.00475	0.00147	0.00222	0.03220	0.00362	0.00336
12	0.03466	0.00793	0.05557	0.50422	0.07787	0.05082	0.00939	0.02337	0.00804	0.05486	0.00787	0.02166	0.00622	0.00717	0.11283	0.00187	0.00564	0.00350	0.00201	0.00450
13	0.18229	0.00870	0.00998	0.00887	0.07552	0.02605	0.04387	0.31488	0.06227	0.13089	0.04203	0.03561	0.00848	0.00463	0.00361	0.00118	0.00374	0.00368	0.02812	0.00560
14	0.00603	0.00413	0.00503	0.00483	0.00590	0.00381	0.00361	0.00786	0.04176	0.05719	0.45095	0.12620	0.20027	0.00826	0.00440	0.00125	0.00201	0.00718	0.05562	0.00372
15	0.00478	0.00348	0.00443	0.00506	0.00545	0.00321	0.00342	0.00555	0.00773	0.01024	0.09818	0.64169	0.12125	0.05947	0.00564	0.00162	0.00224	0.00990	0.00355	0.00313
16	0.05138	0.03447	0.01316	0.05986	0.03347	0.04198	0.22337	0.14217	0.22157	0.03558	0.01074	0.04269	0.00861	0.00463	0.00397	0.00124	0.00445	0.03188	0.00293	0.03184
17	0.04525	0.02033	0.00991	0.03254	0.01093	0.05468	0.03734	0.26536	0.04258	0.06761	0.00887	0.04220	0.00705	0.00409	0.00344	0.00095	0.00373	0.00327	0.00297	0.33690

[dist]
# distance from previous block
# <min> <max>
0	1

[block]
# block no. 4 follows, 71 sequences, length 23
# corresponding to MSA columns:
# 142-164
name=unknown_E
#
# <colnr> <probs for GDERKNQSTAVLIFYWHMCP>
#	G	D	E	R	K	N	Q	S	T	A	V	L	I	F	Y	W	H	M	C	P
0	0.00590	0.00440	0.00530	0.00524	0.00632	0.00425	0.00399	0.00840	0.10279	0.02625	0.35665	0.13797	0.20008	0.00861	0.00452	0.00133	0.00222	0.08570	0.02629	0.00378
1	0.00466	0.00381	0.00411	0.00421	0.00530	0.00327	0.00309	0.00569	0.00879	0.01088	0.13239	0.15411	0.62675	0.00982	0.00458	0.00132	0.00197	0.00835	0.00364	0.00327
2	0.00944	0.02353	0.06012	0.00659	0.00849	0.17760	0.00542	0.02827	0.04285	0.13916	0.16964	0.09077	0.18046	0.00667	0.00405	0.00119	0.00352	0.00549	0.03231	0.00442
3	0.04206	0.00744	0.01003	0.41770	0.07982	0.05429	0.00845	0.04151	0.11038	0.02456	0.02191	0.07175	0.02227	0.00514	0.00393	0.00129	0.00433	0.05379	0.01475	0.00459
4	0.00725	0.02948	0.10230	0.00747	0.00878	0.06760	0.01852	0.02029	0.03724	0.00965	0.00927	0.02597	0.00885	0.15681	0.34271	0.00364	0.13419	0.00403	0.00209	0.00388
5	0.00731	0.00735	0.05221	0.02465	0.24586	0.00664	0.16759	0.02100	0.00835	0.01152	0.01360	0.33352	0.02606	0.00703	0.00439	0.00135	0.00398	0.03543	0.01760	0.00457
6	0.00603	0.00494	0.00690	0.00667	0.00726	0.02293	0.00521	0.00726	0.00623	0.00893	0.00979	0.03316	0.00938	0.05235	0.67569	0.00528	0.12228	0.00417	0.00204	0.00350
7	0.00795	0.00681	0.00795	0.00568	0.00909	0.00511	0.00454	0.00965	0.00795	0.01249	0.00681	0.00795	0.00568	0.00284	0.00284	0.00057	0.00284	0.00227	0.00227	0.88869
8	0.00739	0.00683	0.01129	0.80406	0.02533	0.00846	0.01033	0.03516	0.00798	0.01024	0.00732	0.03584	0.00576	0.00410	0.00387	0.00128	0.00500	0.00363	0.00183	0.00430
9	0.00932	0.01039	0.05231	0.02899	0.09490	0.00961	0.61810	0.06708	0.02498	0.01311	0.00819	0.01094	0.00633	0.00357	0.00437	0.00128	0.00595	0.02313	0.00212	0.00533
10	0.00541	0.00478	0.05633	0.00585	0.00657	0.00401	0.00439	0.03989	0.02855	0.01062	0.01939	0.73168	0.02268	0.03389	0.00514	0.00157	0.00258	0.00979	0.00343	0.00346
11	0.00587	0.00393	0.00418	0.00410	0.00530	0.00346	0.00306	0.00706	0.00868	0.05709	0.06924	0.07015	0.51630	0.02572	0.00441	0.00126	0.00202	0.00690	0.19778	0.00349
12	0.00907	0.01019	0.02198	0.01576	0.01954	0.00959	0.79147	0.02947	0.00920	0.01248	0.00809	0.02946	0.00627	0.00346	0.00452	0.00130	0.00632	0.00465	0.00202	0.00515
13	0.00476	0.00388	0.00420	0.00415	0.00532	0.00333	0.00310	0.00593	0.00923	0.01159	0.23639	0.05264	0.62353	0.00930	0.00454	0.00128	0.00192	0.00787	0.00372	0.00333
14	0.00787	0.00627	0.00681	0.00617	0.00752	0.04945	0.00477	0.03601	0.22165	0.03571	0.37718	0.02010	0.03604	0.00636	0.00455	0.00121	0.05483	0.00526	0.10775	0.00447
15	0.00674	0.00429	0.00521	0.00498	0.00591	0.00408	0.00358	0.04159	0.01882	0.07920	0.30007	0.17324	0.10068	0.15812	0.00698	0.00169	0.00246	0.00683	0.07191	0.00364
16	0.00901	0.01022	0.02196	0.01579	0.01943	0.00982	0.77735	0.01210	0.00886	0.01210	0.00759	0.01022	0.00577	0.00344	0.00502	0.00132	0.05852	0.00445	0.00192	0.00511
17	0.00531	0.00392	0.00440	0.00427	0.00520	0.00351	0.00302	0.00628	0.00860	0.03073	0.24067	0.03141	0.41685	0.20984	0.00803	0.00184	0.00236	0.00710	0.00347	0.00320
18	0.00477	0.00343	0.00445	0.00525	0.00560	0.00318	0.00359	0.00552	0.00752	0.00999	0.02235	0.74909	0.08992	0.01163	0.00484	0.00153	0.00224	0.04110	0.02087	0.00315
19	0.00943	0.04771	0.37404	0.01054	0.09614	0.06975	0.02201	0.11783	0.02471	0.05131	0.06121	0.01225	0.07725	0.00459	0.00378	0.00117	0.00470	0.00370	0.00247	0.00541
20	0.01263	0.00977	0.01051	0.00942	0.07602	0.10846	0.02591	0.27645	0.18579	0.14971	0.04416	0.02519	0.00931	0.00474	0.00383	0.00116	0.00404	0.00383	0.00354	0.03555
21	0.45252	0.14793	0.08264	0.00621	0.00907	0.02367	0.00571	0.07131	0.00820	0.01525	0.05858	0.00819	0.00669	0.00381	0.00280	0.00107	0.00346	0.00257	0.00240	0.08790
22	0.08123	0.01527	0.52051	0.00968	0.01388	0.05020	0.06073	0.02611	0.02154	0.01239	0.02869	0.04231	0.00717	0.04904	0.02594	0.00146	0.00522	0.00346	0.00200	0.02316

[dist]
# distance from previous block
# <min> <max>
0	18

[block]
# block no. 5 follows, 71 sequences, length 37
# corresponding to MSA columns:
# 184-220
name=unknown_F
#
# <colnr> <probs for GDERKNQSTAVLIFYWHMCP>
#	G	D	E	R	K	N	Q	S	T	A	V	L	I	F	Y	W	H	M	C	P
0	0.03842	0.10347	0.23440	0.02353	0.06259	0.05403	0.08908	0.03439	0.00859	0.01877	0.07991	0.09867	0.01090	0.03823	0.01290	0.00136	0.03331	0.02942	0.02334	0.00470
1	0.00698	0.00546	0.00661	0.00618	0.00690	0.02998	0.00458	0.08648	0.02985	0.01035	0.03603	0.01790	0.01131	0.30131	0.34244	0.00403	0.07156	0.01610	0.00242	0.00352
2	0.01152	0.02361	0.04093	0.00819	0.01064	0.14573	0.00665	0.22263	0.34250	0.04986	0.03125	0.02385	0.00956	0.03130	0.00426	0.00126	0.00406	0.00385	0.00341	0.02495
3	0.03096	0.00668	0.01614	0.00717	0.00875	0.05930	0.09021	0.07106	0.03919	0.06019	0.19525	0.12501	0.06533	0.00685	0.00455	0.00127	0.04315	0.06282	0.10185	0.00426
4	0.00857	0.00843	0.01016	0.12193	0.26968	0.13987	0.00786	0.02877	0.03470	0.01134	0.01384	0.09451	0.11958	0.02057	0.01885	0.00136	0.00433	0.05573	0.02533	0.00461
5	0.00830	0.18236	0.62423	0.01073	0.04360	0.01015	0.04608	0.01201	0.00810	0.01156	0.00663	0.00786	0.00495	0.00355	0.00346	0.00114	0.00536	0.00277	0.00165	0.00552
6	0.00508	0.00354	0.00464	0.00533	0.00567	0.00335	0.00360	0.00596	0.02071	0.02375	0.06510	0.72382	0.02471	0.06443	0.00575	0.00167	0.00235	0.02381	0.00354	0.00320
7	0.01363	0.01121	0.01007	0.00834	0.01075	0.24314	0.00662	0.30463	0.06431	0.16800	0.07233	0.01150	0.02371	0.00488	0.00405	0.00114	0.02900	0.00365	0.00345	0.00557
8	0.11131	0.03365	0.00836	0.00651	0.00893	0.03520	0.00530	0.13585	0.05926	0.36139	0.06912	0.01262	0.01018	0.00472	0.00352	0.00113	0.00321	0.00370	0.12050	0.00552
9	0.02266	0.00472	0.00550	0.00483	0.00645	0.00440	0.00378	0.03019	0.00924	0.26475	0.03084	0.05247	0.11499	0.00558	0.00342	0.00108	0.00234	0.00457	0.42371	0.00448
10	0.00502	0.00387	0.00424	0.00427	0.00533	0.00336	0.00310	0.00600	0.00865	0.02943	0.13339	0.13767	0.56151	0.07005	0.00562	0.00149	0.00212	0.00803	0.00358	0.00328
11	0.01407	0.01791	0.01069	0.00973	0.01168	0.82840	0.00729	0.01506	0.01081	0.00941	0.00676	0.00767	0.02610	0.00410	0.00348	0.00100	0.00679	0.00261	0.00202	0.00441
12	0.09057	0.00730	0.00846	0.00669	0.00928	0.00733	0.00548	0.24715	0.01210	0.39852	0.01215	0.01157	0.00824	0.00456	0.00352	0.00113	0.00326	0.00354	0.15333	0.00582
13	0.01111	0.00608	0.00716	0.00605	0.00805	0.00604	0.00480	0.11056	0.12907	0.27802	0.11502	0.03979	0.06667	0.00563	0.00377	0.00116	0.00275	0.00466	0.18844	0.00519
14	0.00585	0.00420	0.00544	0.00537	0.00595	0.00453	0.00384	0.02468	0.03639	0.00971	0.06871	0.06228	0.02835	0.29544	0.38759	0.00425	0.00633	0.00517	0.03270	0.00323
15	0.00494	0.00352	0.00444	0.00498	0.00527	0.00336	0.00328	0.00553	0.00708	0.00941	0.04543	0.54355	0.07871	0.21486	0.04530	0.00224	0.00290	0.00902	0.00322	0.00296
16	0.03950	0.00704	0.00912	0.00701	0.00997	0.00645	0.00579	0.11368	0.01169	0.72627	0.01418	0.01242	0.00900	0.00470	0.00382	0.00118	0.00337	0.00376	0.00458	0.00646
17	0.00466	0.00337	0.00441	0.00525	0.00554	0.00312	0.00352	0.00535	0.00743	0.00982	0.02222	0.81216	0.07525	0.01187	0.00487	0.00154	0.00221	0.01073	0.00356	0.00312
18	0.00518	0.00388	0.00438	0.00438	0.00548	0.00338	0.00324	0.00632	0.00904	0.03645	0.20767	0.15402	0.50496	0.00938	0.00452	0.00130	0.00199	0.00802	0.02300	0.00341
19	0.01082	0.75064	0.01884	0.00699	0.01012	0.10686	0.00667	0.03434	0.00841	0.00948	0.00550	0.00632	0.00497	0.00339	0.00261	0.00085	0.00441	0.00213	0.00174	0.00491
20	0.01654	0.00759	0.00956	0.00733	0.01032	0.00722	0.00605	0.22414	0.01276	0.63601	0.01362	0.01207	0.00874	0.00471	0.00385	0.00118	0.00351	0.00375	0.00451	0.00652
21	0.44567	0.05820	0.00897	0.03637	0.02972	0.24675	0.02089	0.01310	0.00838	0.09140	0.00656	0.00735	0.00503	0.00377	0.00295	0.00111	0.00435	0.00247	0.00240	0.00457
22	0.00499	0.00403	0.00446	0.00439	0.00555	0.00357	0.00329	0.00654	0.03749	0.01199	0.26803	0.06898	0.53430	0.00913	0.00453	0.00129	0.00197	0.01827	0.00376	0.00344
23	0.16760	0.00741	0.02125	0.00652	0.00943	0.00685	0.00540	0.12031	0.01028	0.38315	0.01071	0.01060	0.00745	0.03057	0.00386	0.00113	0.00330	0.00320	0.00358	0.18739
24	0.00490	0.00353	0.00469	0.00551	0.00589	0.00332	0.00391	0.00577	0.00770	0.01018	0.03958	0.68393	0.06537	0.01160	0.00493	0.00157	0.00239	0.12846	0.00357	0.00319
25	0.00932	0.00944	0.01124	0.04403	0.22488	0.18236	0.06801	0.05500	0.03709	0.01132	0.00953	0.10689	0.00903	0.05441	0.11914	0.00201	0.03493	0.00438	0.00231	0.00467
26	0.08537	0.02095	0.05515	0.00779	0.01046	0.06691	0.00660	0.40525	0.02636	0.12701	0.02955	0.01067	0.00776	0.02585	0.04927	0.01392	0.00438	0.00346	0.03771	0.00559
27	0.01134	0.00827	0.00910	0.00757	0.00978	0.00897	0.00613	0.51938	0.03944	0.01956	0.04224	0.10128	0.03538	0.02206	0.00435	0.00130	0.00360	0.08676	0.05808	0.00540
28	0.02265	0.00419	0.00491	0.00466	0.00519	0.00416	0.00302	0.02245	0.00688	0.08938	0.06027	0.04421	0.01430	0.58201	0.05557	0.00311	0.00371	0.00532	0.06092	0.00307
29	0.01121	0.00617	0.00757	0.00645	0.00839	0.00610	0.00508	0.14086	0.07635	0.30214	0.10648	0.11124	0.05255	0.04832	0.05257	0.00164	0.00344	0.02039	0.02790	0.00513
30	0.10855	0.00867	0.00970	0.00756	0.01043	0.00908	0.00623	0.43331	0.01400	0.30414	0.01105	0.02080	0.00760	0.00463	0.00367	0.00117	0.00367	0.00354	0.02604	0.00615
31	0.00784	0.00701	0.04441	0.00678	0.02790	0.04723	0.01587	0.07863	0.18117	0.02787	0.36121	0.03098	0.10964	0.00659	0.00417	0.00121	0.00285	0.00562	0.02845	0.00457
32	0.00993	0.01790	0.00768	0.00634	0.00823	0.01794	0.00499	0.27162	0.02983	0.07415	0.07614	0.10867	0.02605	0.04212	0.02872	0.00136	0.01278	0.00468	0.17376	0.07710
33	0.00621	0.00433	0.00540	0.00519	0.00623	0.00405	0.02888	0.03985	0.00890	0.04642	0.15917	0.20815	0.23931	0.08860	0.00580	0.00153	0.00249	0.04292	0.09302	0.00356
34	0.09345	0.00700	0.00823	0.00658	0.00912	0.00689	0.00536	0.18105	0.03777	0.41733	0.06669	0.01443	0.06867	0.00515	0.00374	0.00117	0.00315	0.00410	0.05438	0.00571
35	0.00546	0.00398	0.00447	0.00433	0.00552	0.00346	0.00325	0.00671	0.00936	0.04829	0.26668	0.06380	0.50668	0.00882	0.00444	0.00126	0.00197	0.00749	0.04054	0.00350
36	0.00976	0.09322	0.02954	0.03131	0.04257	0.16625	0.00633	0.12025	0.09666	0.03519	0.05530	0.14270	0.05361	0.00667	0.02292	0.00131	0.00415	0.04671	0.00297	0.03257

[dist]
# distance from previous block
# <min> <max>
2	9

[block]
# block no. 6 follows, 71 sequences, length 10
# corresponding to MSA columns:
# 231-240
name=unknown_G
#
# <colnr> <probs for GDERKNQSTAVLIFYWHMCP>
#	G	D	E	R	K	N	Q	S	T	A	V	L	I	F	Y	W	H	M	C	P
0	0.00956	0.03307	0.22896	0.07100	0.13027	0.13157	0.09560	0.05229	0.02768	0.04063	0.00975	0.02128	0.05739	0.00435	0.00406	0.00118	0.03326	0.00363	0.03932	0.00514
1	0.00622	0.00566	0.00571	0.00612	0.03451	0.10440	0.00424	0.00722	0.00835	0.01046	0.09431	0.31798	0.23845	0.03341	0.06779	0.00176	0.01664	0.00760	0.02572	0.00348
2	0.00576	0.00477	0.00574	0.01985	0.02913	0.00459	0.02379	0.03431	0.05327	0.01168	0.13041	0.09879	0.46352	0.05071	0.00542	0.00142	0.02847	0.00719	0.01751	0.00367
3	0.00754	0.01532	0.02859	0.00709	0.05708	0.02240	0.02106	0.04469	0.14629	0.05820	0.19298	0.09486	0.20011	0.03030	0.02244	0.00142	0.00301	0.01606	0.00350	0.02704
4	0.05643	0.19172	0.07134	0.04293	0.01177	0.38431	0.00741	0.04715	0.05616	0.01106	0.00666	0.00766	0.00546	0.00425	0.01693	0.00109	0.01978	0.00260	0.00209	0.05318
5	0.00763	0.00656	0.00810	0.00595	0.00901	0.00509	0.03890	0.00931	0.00810	0.01238	0.05936	0.01099	0.03553	0.03875	0.00375	0.00079	0.00293	0.00298	0.00242	0.73146
6	0.02613	0.09070	0.08246	0.00856	0.03552	0.08123	0.00719	0.21258	0.26856	0.06464	0.02596	0.01069	0.00834	0.00444	0.00361	0.00113	0.00400	0.00346	0.00319	0.05763
7	0.10930	0.08057	0.02975	0.03551	0.09096	0.05184	0.07730	0.06904	0.03738	0.09463	0.06538	0.13135	0.02381	0.01422	0.00414	0.01563	0.00381	0.02930	0.00288	0.03319
8	0.01021	0.12440	0.17635	0.03991	0.10245	0.12410	0.04240	0.06868	0.05957	0.07523	0.00915	0.08242	0.00779	0.00502	0.01669	0.00124	0.02999	0.00377	0.00243	0.01820
9	0.00935	0.19335	0.21121	0.03984	0.04144	0.03018	0.27479	0.01208	0.00871	0.06949	0.03673	0.02333	0.02452	0.00392	0.00377	0.00116	0.00514	0.00369	0.00213	0.00518

[dist]
# distance from previous block
# <min> <max>
3	15

[block]
# block no. 7 follows, 71 sequences, length 13
# corresponding to MSA columns:
# 262-274
name=unknown_H
#
# <colnr> <probs for GDERKNQSTAVLIFYWHMCP>
#	G	D	E	R	K	N	Q	S	T	A	V	L	I	F	Y	W	H	M	C	P
0	0.02875	0.00863	0.00969	0.00769	0.01017	0.00935	0.00625	0.48333	0.03552	0.16083	0.01110	0.01176	0.02383	0.04838	0.03670	0.00149	0.03880	0.00374	0.05818	0.00580
1	0.00928	0.10671	0.11761	0.06417	0.20803	0.04248	0.08391	0.06656	0.09158	0.03690	0.03467	0.05223	0.05992	0.00468	0.00382	0.00118	0.00438	0.00411	0.00249	0.00529
2	0.01458	0.01074	0.01151	0.00882	0.01189	0.01189	0.00729	0.82855	0.01803	0.02416	0.00921	0.00921	0.00652	0.00460	0.00384	0.00115	0.00422	0.00345	0.00384	0.00652
3	0.00833	0.00722	0.00786	0.00704	0.00832	0.06994	0.00548	0.05892	0.20711	0.03586	0.23575	0.06043	0.08185	0.03368	0.00613	0.00139	0.15146	0.00532	0.00338	0.00452
4	0.00846	0.00817	0.01121	0.00960	0.00974	0.01119	0.00792	0.04463	0.00638	0.00975	0.00570	0.00958	0.00572	0.06619	0.01268	0.00180	0.76178	0.00351	0.00182	0.00417
5	0.00711	0.00507	0.00610	0.00574	0.00698	0.00512	0.00433	0.02647	0.16473	0.07768	0.32062	0.18672	0.12903	0.00806	0.00463	0.00131	0.02520	0.00696	0.00391	0.00423
6	0.02055	0.00530	0.00621	0.00612	0.00718	0.00489	0.00440	0.02053	0.03710	0.05617	0.28405	0.25141	0.14797	0.04665	0.02074	0.00178	0.00293	0.02260	0.04899	0.00444
7	0.01114	0.00515	0.00649	0.00545	0.00728	0.00474	0.00432	0.04180	0.01037	0.36024	0.23414	0.01742	0.01660	0.00549	0.00370	0.00111	0.00249	0.00458	0.25256	0.00492
8	0.00528	0.00373	0.00480	0.00509	0.00540	0.00382	0.00344	0.00590	0.00645	0.00871	0.01537	0.26401	0.04145	0.35987	0.21440	0.00354	0.00481	0.03834	0.00270	0.00289
9	0.03726	0.09085	0.25082	0.01076	0.06588	0.05476	0.12106	0.19435	0.02541	0.03343	0.00839	0.02248	0.00672	0.03488	0.00430	0.00127	0.00495	0.02455	0.00243	0.00545
10	0.00505	0.00391	0.00448	0.00456	0.00549	0.00352	0.00329	0.02515	0.00890	0.01145	0.20338	0.23011	0.40866	0.05779	0.00544	0.00147	0.00213	0.00826	0.00364	0.00331
11	0.14401	0.02649	0.17217	0.08111	0.12297	0.00789	0.05262	0.04670	0.03577	0.06251	0.10404	0.01389	0.08961	0.00485	0.00388	0.00121	0.01868	0.00403	0.00263	0.00494
12	0.01154	0.26466	0.13184	0.00926	0.03340	0.21159	0.04912	0.10396	0.08521	0.05356	0.00771	0.00833	0.00601	0.00389	0.00336	0.00105	0.00500	0.00287	0.00234	0.00532

[dist]
# distance from previous block
# <min> <max>
1	7

[block]
# block no. 8 follows, 71 sequences, length 20
# corresponding to MSA columns:
# 283-302
name=unknown_I
#
# <colnr> <probs for GDERKNQSTAVLIFYWHMCP>
#	G	D	E	R	K	N	Q	S	T	A	V	L	I	F	Y	W	H	M	C	P
0	0.01037	0.02732	0.00771	0.03449	0.00876	0.03569	0.00506	0.09355	0.02612	0.24823	0.24203	0.01951	0.10717	0.00604	0.00399	0.00115	0.00296	0.02442	0.03006	0.06534
1	0.02652	0.16517	0.10866	0.03086	0.08459	0.13118	0.03521	0.15997	0.08238	0.04902	0.00893	0.02324	0.02110	0.03306	0.00426	0.00120	0.02343	0.00336	0.00255	0.00531
2	0.03030	0.02812	0.12496	0.06675	0.21267	0.30857	0.00942	0.07861	0.06117	0.01229	0.00724	0.00855	0.00574	0.00395	0.00383	0.00112	0.02628	0.00301	0.00215	0.00525
3	0.00480	0.00359	0.00446	0.00489	0.00551	0.00325	0.00342	0.00578	0.00842	0.01112	0.20091	0.49258	0.21611	0.01058	0.00473	0.00142	0.00207	0.00940	0.00370	0.00325
4	0.00474	0.00344	0.00449	0.00523	0.00560	0.00319	0.00357	0.00553	0.00771	0.01023	0.07380	0.72271	0.09272	0.01153	0.00485	0.00152	0.00221	0.03016	0.00360	0.00317
5	0.00501	0.00357	0.00475	0.00539	0.00568	0.00351	0.00371	0.00575	0.00702	0.00943	0.01828	0.57016	0.02133	0.14223	0.11920	0.00251	0.00360	0.06263	0.00317	0.00306
6	0.00734	0.00483	0.00578	0.00564	0.00671	0.00478	0.00419	0.13064	0.00971	0.06279	0.10254	0.37519	0.08415	0.04003	0.00493	0.00144	0.00259	0.04728	0.09552	0.00393
7	0.00898	0.43831	0.40799	0.00874	0.01303	0.01210	0.01020	0.01171	0.00787	0.01050	0.00605	0.00714	0.00489	0.00357	0.00338	0.00104	0.03516	0.00246	0.00163	0.00525
8	0.07586	0.01051	0.01110	0.00856	0.01158	0.01166	0.00707	0.77149	0.01722	0.02368	0.00894	0.00900	0.00636	0.00453	0.00373	0.00115	0.00413	0.00336	0.00373	0.00636
9	0.00917	0.05005	0.02855	0.00942	0.07513	0.16328	0.09061	0.06080	0.07478	0.03349	0.04644	0.14084	0.06379	0.03075	0.07555	0.00171	0.03334	0.00504	0.00272	0.00455
10	0.89233	0.00741	0.00564	0.00504	0.00741	0.00860	0.00415	0.01127	0.00653	0.01720	0.00534	0.00623	0.00415	0.00356	0.00237	0.00119	0.00297	0.00208	0.00237	0.00415
11	0.01058	0.22646	0.15705	0.00903	0.05511	0.02739	0.02053	0.19778	0.13262	0.04759	0.00981	0.03833	0.02316	0.00498	0.02221	0.00123	0.00436	0.00349	0.00273	0.00557
12	0.00572	0.00391	0.00437	0.00433	0.00446	0.00395	0.00250	0.00621	0.04113	0.00788	0.01292	0.02494	0.03522	0.80630	0.01846	0.00355	0.00364	0.00559	0.00242	0.00251
13	0.01064	0.12614	0.07424	0.00959	0.07958	0.11378	0.00758	0.12239	0.34501	0.01452	0.02237	0.01078	0.00843	0.00454	0.00392	0.00117	0.03324	0.00350	0.00294	0.00565
14	0.00842	0.14121	0.57240	0.01135	0.04009	0.00998	0.12591	0.02625	0.00837	0.01193	0.00683	0.00818	0.00506	0.00354	0.00360	0.00116	0.00549	0.00298	0.00171	0.00552
15	0.02468	0.19331	0.16474	0.02424	0.12120	0.06622	0.09314	0.12951	0.04065	0.02991	0.00780	0.02648	0.00632	0.01779	0.00377	0.00113	0.00474	0.00325	0.00227	0.03887
16	0.00855	0.09013	0.26539	0.01092	0.01468	0.00934	0.26430	0.03419	0.14760	0.01286	0.04044	0.02820	0.04717	0.00437	0.00396	0.00123	0.00491	0.00411	0.00238	0.00530
17	0.00492	0.00356	0.00457	0.00519	0.00561	0.00332	0.00360	0.00575	0.00777	0.01031	0.10158	0.57562	0.09750	0.08328	0.00609	0.00170	0.00238	0.07058	0.00352	0.00314
18	0.00576	0.00425	0.00484	0.00495	0.00534	0.02453	0.00327	0.02786	0.00709	0.00934	0.06398	0.21376	0.07129	0.43835	0.07041	0.00290	0.00369	0.03263	0.00284	0.00291
19	0.04191	0.10456	0.07308	0.03585	0.24322	0.12487	0.11094	0.05402	0.06044	0.06050	0.00810	0.02679	0.00652	0.00400	0.00392	0.00115	0.02901	0.00342	0.00229	0.00540

[dist]
# distance from previous block
# <min> <max>
0	1

[block]
# block no. 9 follows, 71 sequences, length 14
# corresponding to MSA columns:
# 304-317
name=unknown_J
#
# <colnr> <probs for GDERKNQSTAVLIFYWHMCP>
#	G	D	E	R	K	N	Q	S	T	A	V	L	I	F	Y	W	H	M	C	P
0	0.03398	0.00430	0.00530	0.00503	0.00619	0.00399	0.00384	0.00815	0.02560	0.08297	0.49042	0.08750	0.17442	0.00815	0.00445	0.00127	0.00212	0.04450	0.00400	0.00382
1	0.00475	0.00351	0.00445	0.00511	0.00559	0.00322	0.00355	0.00557	0.00785	0.01025	0.06675	0.62997	0.17986	0.01130	0.00482	0.00150	0.00220	0.04296	0.00359	0.00318
2	0.03414	0.21312	0.28141	0.02742	0.01349	0.04203	0.08186	0.09615	0.03497	0.08552	0.00766	0.00855	0.00574	0.00393	0.00391	0.00114	0.04826	0.00300	0.00226	0.00543
3	0.00947	0.00807	0.04307	0.07683	0.17530	0.05232	0.09230	0.04986	0.05399	0.12791	0.03303	0.12089	0.05991	0.02603	0.03627	0.00150	0.00435	0.02102	0.00289	0.00498
4	0.30450	0.00738	0.00775	0.00632	0.00888	0.00769	0.00517	0.16329	0.04646	0.29747	0.01219	0.01168	0.05879	0.00464	0.00336	0.00118	0.00318	0.00347	0.04121	0.00539
5	0.03947	0.01166	0.30430	0.00913	0.03827	0.00781	0.05762	0.12734	0.03257	0.14202	0.10075	0.01371	0.05308	0.03985	0.00451	0.00131	0.00425	0.00404	0.00294	0.00538
6	0.06070	0.06857	0.14150	0.03296	0.22662	0.03178	0.08431	0.06216	0.06632	0.05636	0.02032	0.02573	0.04580	0.01475	0.01716	0.00130	0.01601	0.01990	0.00244	0.00533
7	0.02402	0.11117	0.24389	0.02085	0.05696	0.06339	0.02960	0.08727	0.03554	0.13101	0.01077	0.02612	0.06316	0.00547	0.03368	0.00135	0.04422	0.00361	0.00258	0.00532
8	0.00761	0.00442	0.00497	0.00463	0.00590	0.00430	0.00354	0.01009	0.08715	0.09692	0.18541	0.03743	0.13301	0.00615	0.00359	0.00110	0.00209	0.00515	0.39250	0.00406
9	0.05735	0.01275	0.38582	0.02234	0.01261	0.05943	0.06882	0.01047	0.02181	0.01208	0.08713	0.15487	0.03737	0.00582	0.00412	0.00128	0.01783	0.02099	0.00241	0.00470
10	0.02093	0.03036	0.18598	0.05126	0.22477	0.06257	0.02870	0.08340	0.04731	0.07624	0.03502	0.07102	0.01851	0.01906	0.00433	0.00125	0.02738	0.00402	0.00252	0.00537
11	0.00678	0.00726	0.07594	0.00690	0.02050	0.09379	0.02588	0.00888	0.06756	0.01149	0.15447	0.26581	0.13103	0.03428	0.00510	0.00142	0.02639	0.04942	0.00321	0.00390
12	0.05278	0.00863	0.00919	0.00796	0.00905	0.13950	0.00631	0.05104	0.00830	0.12841	0.05544	0.01234	0.00883	0.11051	0.04725	0.00186	0.31411	0.00374	0.02038	0.00437
13	0.02290	0.03660	0.06193	0.03605	0.19002	0.09491	0.19433	0.02921	0.12745	0.02903	0.01063	0.09246	0.03083	0.00482	0.00417	0.00124	0.02132	0.00446	0.00248	0.00518

[dist]
# distance from previous block
# <min> <max>
0	1

[block]
# block no. 10 follows, 71 sequences, length 16
# corresponding to MSA columns:
# 319-334
name=unknown_K
#
# <colnr> <probs for GDERKNQSTAVLIFYWHMCP>
#	G	D	E	R	K	N	Q	S	T	A	V	L	I	F	Y	W	H	M	C	P
0	0.02492	0.12288	0.19088	0.02132	0.10421	0.10688	0.05159	0.03174	0.06719	0.01174	0.05442	0.03866	0.04801	0.04448	0.04477	0.00150	0.01401	0.00388	0.01207	0.00485
1	0.00592	0.00494	0.00746	0.00674	0.00784	0.00475	0.12386	0.00728	0.02895	0.01040	0.06082	0.21194	0.20033	0.14652	0.00767	0.03525	0.02359	0.09925	0.00305	0.00343
2	0.00746	0.00700	0.01159	0.77400	0.06940	0.00860	0.01051	0.01037	0.04416	0.01022	0.00722	0.01036	0.00545	0.00387	0.00383	0.00127	0.00499	0.00345	0.00181	0.00444
3	0.05345	0.02947	0.10375	0.04464	0.32341	0.06683	0.08819	0.12100	0.02080	0.02482	0.00737	0.00899	0.00581	0.00379	0.00406	0.00115	0.04016	0.00327	0.00222	0.04682
4	0.00771	0.00512	0.00619	0.04074	0.00768	0.00513	0.00445	0.03238	0.13038	0.11545	0.18339	0.08662	0.16686	0.08754	0.03270	0.00166	0.00293	0.03455	0.04432	0.00420
5	0.00519	0.00391	0.00441	0.00439	0.00551	0.00339	0.00325	0.00633	0.00912	0.03983	0.21974	0.14180	0.52064	0.00941	0.00455	0.00130	0.00199	0.00805	0.00375	0.00342
6	0.04301	0.01219	0.25816	0.01292	0.17391	0.03514	0.14119	0.05297	0.09510	0.08127	0.00925	0.04084	0.00720	0.00446	0.01440	0.00128	0.00491	0.00376	0.00244	0.00560
7	0.02015	0.17055	0.20263	0.02868	0.14574	0.10231	0.04705	0.09834	0.05347	0.04635	0.00752	0.00862	0.00585	0.00392	0.00390	0.00113	0.04308	0.00303	0.00221	0.00547
8	0.04651	0.00932	0.01411	0.07367	0.51445	0.04839	0.05586	0.07747	0.02230	0.02830	0.00763	0.02350	0.00631	0.00393	0.00427	0.00119	0.05145	0.00352	0.00217	0.00564
9	0.00500	0.00387	0.00451	0.00441	0.00542	0.00343	0.00326	0.00632	0.00956	0.01261	0.41777	0.06976	0.39012	0.04076	0.00510	0.00135	0.00196	0.00757	0.00383	0.00338
10	0.02293	0.04853	0.19695	0.02246	0.19506	0.05767	0.11168	0.12227	0.03920	0.08626	0.02730	0.01069	0.03337	0.00411	0.00381	0.00117	0.00478	0.00359	0.00252	0.00564
11	0.02184	0.07792	0.11913	0.08692	0.19507	0.14908	0.10591	0.09193	0.00974	0.04127	0.00723	0.00876	0.00563	0.00374	0.00382	0.00112	0.02140	0.00316	0.00215	0.04418
12	0.04711	0.59653	0.08131	0.04455	0.01130	0.04742	0.00734	0.10511	0.00905	0.01138	0.00598	0.00686	0.00508	0.00352	0.00281	0.00093	0.00435	0.00235	0.00194	0.00508
13	0.00552	0.00423	0.00491	0.00505	0.00551	0.03075	0.00343	0.00616	0.00665	0.00871	0.01670	0.18463	0.12398	0.34606	0.22715	0.00352	0.00498	0.00646	0.00264	0.00295
14	0.00573	0.03674	0.00553	0.03987	0.00670	0.00426	0.00381	0.00723	0.02674	0.04122	0.27561	0.07556	0.41166	0.02629	0.00473	0.00132	0.00226	0.01749	0.00363	0.00361
15	0.00675	0.00420	0.00618	0.06135	0.02592	0.00426	0.02326	0.03304	0.00650	0.00860	0.04676	0.04722	0.07013	0.04136	0.01175	0.57361	0.00338	0.02111	0.00214	0.00249

[dist]
# distance from previous block
# <min> <max>
0	8

# created by:
# /st0/software/busco_prod/Augustus/scripts/msa2prfl.pl ./align_prep/32785.fa
