[name]
unknown

[dist]
# distance from previous block
# <min> <max>
0	39

[block]
# block no. 0 follows, 69 sequences, length 75
# corresponding to MSA columns:
# 39-113
name=unknown_A
#
# <colnr> <probs for GDERKNQSTAVLIFYWHMCP>
#	G	D	E	R	K	N	Q	S	T	A	V	L	I	F	Y	W	H	M	C	P
0	0.01336	0.00986	0.01070	0.00852	0.01123	0.01084	0.00693	0.68821	0.03577	0.02244	0.01130	0.11384	0.00949	0.00578	0.00409	0.00124	0.00402	0.02232	0.00388	0.00616
1	0.00613	0.00525	0.02515	0.00607	0.00743	0.00488	0.05487	0.00876	0.07926	0.01454	0.55502	0.02672	0.13501	0.00812	0.02431	0.00139	0.02255	0.00662	0.00388	0.00401
2	0.05886	0.00427	0.00468	0.00470	0.00500	0.00440	0.00287	0.00696	0.05697	0.00902	0.01324	0.12111	0.01487	0.65861	0.01617	0.00324	0.00353	0.00604	0.00263	0.00282
3	0.00476	0.00349	0.00447	0.00526	0.00563	0.00320	0.00355	0.00548	0.00770	0.01008	0.02401	0.75081	0.13323	0.01197	0.00495	0.00156	0.00224	0.01076	0.00364	0.00320
4	0.00802	0.00689	0.00809	0.00591	0.00918	0.00539	0.00473	0.00983	0.01801	0.01261	0.00788	0.00907	0.02541	0.00378	0.02183	0.00076	0.02354	0.00256	0.00235	0.81416
5	0.00928	0.03133	0.11357	0.01052	0.01169	0.11030	0.03876	0.01070	0.00705	0.00993	0.00559	0.00838	0.00514	0.00593	0.01011	0.00154	0.60060	0.00327	0.00175	0.00456
6	0.00478	0.00341	0.00455	0.00546	0.00569	0.00318	0.00364	0.00546	0.00751	0.01001	0.02161	0.85966	0.02593	0.01228	0.00500	0.00159	0.00227	0.01114	0.00364	0.00318
7	0.00878	0.00968	0.06376	0.27458	0.11408	0.07586	0.02658	0.01067	0.00758	0.01035	0.00627	0.00919	0.00531	0.00497	0.00731	0.00140	0.33317	0.00335	0.00179	0.02533
8	0.01160	0.00934	0.00990	0.00835	0.01090	0.01061	0.00665	0.30909	0.53941	0.01938	0.01361	0.01276	0.01007	0.00510	0.00396	0.00127	0.00354	0.00411	0.00396	0.00637
9	0.82547	0.00751	0.00601	0.00529	0.00776	0.00857	0.00436	0.01208	0.00701	0.07838	0.00620	0.00688	0.00465	0.00373	0.00254	0.00121	0.00306	0.00226	0.00261	0.00442
10	0.00681	0.00340	0.00511	0.00511	0.00511	0.00340	0.00340	0.00511	0.00511	0.00681	0.00681	0.01192	0.00681	0.01362	0.01532	0.88594	0.00340	0.00340	0.00170	0.00170
11	0.00858	0.00858	0.01201	0.01029	0.01029	0.01201	0.00858	0.00943	0.00600	0.00943	0.00515	0.00858	0.00515	0.00686	0.01287	0.00172	0.85505	0.00343	0.00172	0.00429
12	0.00544	0.00400	0.00509	0.00482	0.00579	0.00365	0.00361	0.00718	0.01083	0.01510	0.73877	0.03031	0.13431	0.00825	0.00463	0.00124	0.00187	0.00723	0.00423	0.00365
13	0.01048	0.86458	0.02054	0.00671	0.01006	0.01551	0.00671	0.01174	0.00797	0.00922	0.00545	0.00629	0.00503	0.00335	0.00252	0.00084	0.00419	0.00210	0.00168	0.00503
14	0.00925	0.01058	0.02313	0.01652	0.02049	0.00991	0.82353	0.01256	0.00925	0.01256	0.00793	0.01058	0.00595	0.00330	0.00463	0.00132	0.00661	0.00463	0.00198	0.00529
15	0.01755	0.00673	0.00914	0.00700	0.01004	0.00586	0.00579	0.03084	0.01133	0.82860	0.01538	0.01329	0.00966	0.00485	0.00394	0.00121	0.00335	0.00394	0.00484	0.00667
16	0.00463	0.00397	0.00397	0.00397	0.00530	0.00331	0.00298	0.00563	0.00894	0.01059	0.03971	0.03773	0.83618	0.00993	0.00463	0.00132	0.00199	0.00827	0.00364	0.00331
17	0.00508	0.00364	0.00482	0.00525	0.00575	0.00338	0.00366	0.00621	0.00890	0.01223	0.33781	0.53713	0.03023	0.01062	0.00486	0.00145	0.00211	0.00957	0.00390	0.00338
18	0.01171	0.00912	0.01032	0.00850	0.01096	0.01027	0.02633	0.38973	0.30014	0.03281	0.01178	0.01204	0.00889	0.00795	0.10683	0.00187	0.02713	0.00396	0.00363	0.00602
19	0.00825	0.14538	0.72021	0.01051	0.01594	0.01005	0.01333	0.01232	0.00823	0.01194	0.00680	0.00798	0.00498	0.00367	0.00355	0.00118	0.00556	0.00278	0.00166	0.00568
20	0.00986	0.43954	0.19766	0.00993	0.06434	0.03520	0.08714	0.02394	0.07722	0.01128	0.00710	0.00811	0.00578	0.00364	0.00324	0.00104	0.00479	0.00283	0.00195	0.00540
21	0.00956	0.32508	0.40021	0.00958	0.03900	0.01173	0.01051	0.07917	0.05833	0.01251	0.00720	0.00807	0.00559	0.00376	0.00332	0.00109	0.00489	0.00277	0.00200	0.00563
22	0.00751	0.00708	0.01195	0.81362	0.06533	0.00874	0.01094	0.01011	0.00789	0.01015	0.00699	0.01042	0.00527	0.00390	0.00392	0.00130	0.00520	0.00348	0.00175	0.00444
23	0.00484	0.00349	0.00459	0.00534	0.00568	0.00324	0.00362	0.00564	0.00790	0.01056	0.09708	0.74701	0.06291	0.01179	0.00495	0.00155	0.00222	0.01065	0.00370	0.00324
24	0.00701	0.00433	0.00571	0.00518	0.00636	0.00395	0.00395	0.00882	0.01111	0.11616	0.73581	0.02734	0.03367	0.00763	0.00454	0.00123	0.00203	0.00671	0.00438	0.00406
25	0.00552	0.00404	0.00492	0.00470	0.00577	0.00361	0.00353	0.00707	0.01035	0.03226	0.55554	0.05340	0.27760	0.00864	0.00462	0.00127	0.00193	0.00749	0.00411	0.00363
26	0.00484	0.00395	0.00428	0.00427	0.00544	0.00339	0.00317	0.00600	0.00931	0.01166	0.20960	0.08574	0.61539	0.00966	0.00465	0.00132	0.00197	0.00819	0.00379	0.00339
27	0.00740	0.00697	0.01176	0.85280	0.02700	0.00871	0.01089	0.01002	0.00784	0.01002	0.00697	0.01045	0.00523	0.00392	0.00392	0.00131	0.00523	0.00348	0.00174	0.00436
28	0.00570	0.00380	0.00428	0.00428	0.00428	0.00380	0.00238	0.00570	0.00570	0.00760	0.01235	0.02566	0.01425	0.86222	0.01995	0.00380	0.00380	0.00570	0.00238	0.00238
29	0.88991	0.00758	0.00576	0.00516	0.00758	0.00879	0.00425	0.01152	0.00667	0.01759	0.00546	0.00637	0.00425	0.00364	0.00243	0.00121	0.00303	0.00212	0.00243	0.00425
30	0.00820	0.03325	0.01176	0.58171	0.07326	0.02745	0.00985	0.03360	0.04207	0.02177	0.01626	0.02626	0.02563	0.00452	0.00458	0.00131	0.06811	0.00375	0.00205	0.00461
31	0.00954	0.45513	0.18989	0.00818	0.04147	0.01174	0.00813	0.01205	0.04450	0.02115	0.00671	0.00761	0.00556	0.00346	0.00297	0.00092	0.00426	0.00248	0.00194	0.16232
32	0.05555	0.04166	0.11427	0.00845	0.01081	0.08162	0.04827	0.18267	0.07358	0.04082	0.02412	0.01065	0.00739	0.00825	0.08223	0.14405	0.05471	0.00348	0.00261	0.00480
33	0.01101	0.45123	0.18423	0.00903	0.06132	0.06479	0.00859	0.05145	0.02727	0.08734	0.00726	0.00792	0.00575	0.00373	0.00314	0.00101	0.00463	0.00266	0.00216	0.00548
34	0.00850	0.00765	0.01892	0.20682	0.31761	0.00794	0.00888	0.02604	0.10517	0.02455	0.01055	0.07844	0.02707	0.05771	0.00492	0.00137	0.00415	0.00435	0.00244	0.07692
35	0.00952	0.24500	0.28503	0.00981	0.02595	0.02078	0.11243	0.06120	0.05987	0.02638	0.01900	0.01783	0.00647	0.00382	0.00350	0.00109	0.00482	0.00315	0.00216	0.08219
36	0.00726	0.00366	0.00370	0.00369	0.00461	0.00366	0.00277	0.00908	0.00831	0.01465	0.03750	0.01506	0.01086	0.00467	0.00280	0.00092	0.00183	0.00376	0.85757	0.00366
37	0.00691	0.00546	0.02595	0.02508	0.10950	0.00519	0.00698	0.00877	0.00899	0.03174	0.03802	0.08335	0.03898	0.00950	0.00507	0.00165	0.00366	0.57782	0.00338	0.00403
38	0.00525	0.00458	0.02428	0.03183	0.03291	0.00402	0.03996	0.00637	0.00820	0.01059	0.04699	0.47083	0.27890	0.01032	0.00476	0.00146	0.00260	0.00920	0.00343	0.00352
39	0.00631	0.00462	0.00621	0.00697	0.00795	0.00463	0.00600	0.00845	0.04585	0.01182	0.02203	0.05858	0.08543	0.01054	0.00528	0.00174	0.00343	0.69683	0.00363	0.00369
40	0.01048	0.86458	0.02054	0.00671	0.01006	0.01551	0.00671	0.01174	0.00797	0.00922	0.00545	0.00629	0.00503	0.00335	0.00252	0.00084	0.00419	0.00210	0.00168	0.00503
41	0.00823	0.13850	0.72690	0.01055	0.01600	0.01000	0.01340	0.01232	0.00823	0.01197	0.00681	0.00800	0.00498	0.00367	0.00356	0.00119	0.00557	0.00278	0.00166	0.00569
42	0.00541	0.00418	0.00535	0.00562	0.00644	0.00399	0.01521	0.00672	0.01915	0.01136	0.14150	0.28981	0.24470	0.03178	0.00551	0.00156	0.02616	0.16847	0.00363	0.00345
43	0.00479	0.00342	0.00454	0.00544	0.00566	0.00320	0.00362	0.00546	0.00747	0.00996	0.02143	0.84393	0.02571	0.02832	0.00529	0.00163	0.00230	0.01104	0.00362	0.00317
44	0.00693	0.00535	0.00737	0.00819	0.10791	0.02399	0.00536	0.03750	0.00714	0.02815	0.01052	0.01663	0.01017	0.21694	0.48496	0.00468	0.00778	0.00439	0.00227	0.00378
45	0.12952	0.01092	0.03334	0.05063	0.05557	0.06417	0.03110	0.52830	0.01477	0.03181	0.00843	0.00898	0.00613	0.00436	0.00371	0.00118	0.00447	0.00330	0.00329	0.00601
46	0.00518	0.00399	0.00439	0.00439	0.00557	0.00343	0.00325	0.00628	0.00915	0.03621	0.15623	0.13582	0.59277	0.00978	0.00466	0.00134	0.00204	0.00832	0.00378	0.00345
47	0.01561	0.00805	0.01130	0.00857	0.01167	0.00768	0.10568	0.19207	0.02891	0.53208	0.01336	0.02734	0.00893	0.00477	0.00404	0.00123	0.00392	0.00408	0.00426	0.00643
48	0.02845	0.05340	0.61240	0.00953	0.01417	0.00842	0.01158	0.01147	0.01870	0.02046	0.00850	0.01104	0.02455	0.10839	0.00561	0.00151	0.00515	0.00331	0.00190	0.04146
49	0.00929	0.00911	0.03170	0.08235	0.72764	0.00900	0.01164	0.01161	0.00877	0.01248	0.00795	0.04610	0.00696	0.00390	0.00393	0.00119	0.00462	0.00381	0.00199	0.00594
50	0.00528	0.00393	0.00491	0.00481	0.00573	0.00356	0.00355	0.00682	0.01024	0.01403	0.58152	0.13205	0.19131	0.00891	0.00467	0.00129	0.00193	0.00781	0.00410	0.00356
51	0.00881	0.00787	0.01211	0.27249	0.34213	0.00845	0.00957	0.11090	0.00989	0.01331	0.05516	0.01434	0.10866	0.00480	0.00403	0.00123	0.00432	0.00427	0.00246	0.00521
52	0.01346	0.01665	0.01224	0.08332	0.04075	0.67190	0.06962	0.02688	0.01073	0.01018	0.00637	0.00774	0.00519	0.00397	0.00367	0.00107	0.00676	0.00281	0.00202	0.00467
53	0.00578	0.00389	0.00452	0.00463	0.00474	0.00389	0.00286	0.00600	0.00611	0.00810	0.01338	0.02792	0.01526	0.75854	0.01818	0.00356	0.00378	0.10382	0.00253	0.00253
54	0.03380	0.00645	0.00868	0.00675	0.00958	0.00563	0.00554	0.01788	0.01112	0.74849	0.09051	0.01467	0.01210	0.00512	0.00397	0.00121	0.00319	0.00420	0.00475	0.00635
55	0.01242	0.00609	0.00783	0.00643	0.00864	0.00571	0.00515	0.05733	0.08363	0.42791	0.31083	0.01900	0.01958	0.00603	0.00419	0.00123	0.00283	0.00510	0.00453	0.00556
56	0.00509	0.00404	0.00453	0.00457	0.00575	0.00355	0.00354	0.00639	0.00941	0.01193	0.21126	0.03621	0.54543	0.00951	0.00469	0.00135	0.00215	0.10572	0.02145	0.00344
57	0.00560	0.00420	0.00630	0.00630	0.00700	0.00490	0.00490	0.00700	0.00630	0.00910	0.01050	0.01540	0.00980	0.02940	0.84669	0.00630	0.01050	0.00420	0.00210	0.00350
58	0.00525	0.00383	0.00482	0.00532	0.00576	0.00368	0.00360	0.00658	0.05183	0.01084	0.12976	0.56984	0.05681	0.11475	0.00670	0.00179	0.00244	0.00947	0.00359	0.00332
59	0.00681	0.00375	0.00410	0.00401	0.00493	0.00367	0.00301	0.00864	0.00903	0.01493	0.24503	0.01876	0.01765	0.00554	0.00327	0.00100	0.00183	0.00462	0.63573	0.00367
60	0.01120	0.71874	0.01892	0.00729	0.01042	0.15878	0.00686	0.01241	0.00851	0.00929	0.00556	0.00642	0.00503	0.00347	0.00269	0.00087	0.00469	0.00217	0.00174	0.00495
61	0.00506	0.00428	0.00441	0.00442	0.00572	0.00382	0.00329	0.00684	0.07490	0.01101	0.03628	0.10519	0.70155	0.00976	0.00461	0.00135	0.00210	0.00821	0.00367	0.00353
62	0.01022	0.62001	0.07796	0.00767	0.01901	0.03844	0.02415	0.01318	0.12594	0.01067	0.01650	0.00803	0.00641	0.00374	0.00293	0.00096	0.00427	0.00262	0.00206	0.00524
63	0.00838	0.01432	0.41626	0.07504	0.24135	0.00896	0.10185	0.01199	0.01941	0.01248	0.03248	0.02503	0.00686	0.00393	0.00393	0.00124	0.00532	0.00359	0.00192	0.00564
64	0.00555	0.00401	0.00524	0.00493	0.00586	0.00370	0.00370	0.00740	0.01110	0.01572	0.83570	0.02928	0.03699	0.00801	0.00462	0.00123	0.00185	0.00709	0.00432	0.00370
65	0.00881	0.11178	0.01044	0.00735	0.06140	0.00717	0.01421	0.03853	0.03536	0.01287	0.00720	0.00829	0.00597	0.00314	0.00301	0.00070	0.00326	0.00250	0.00233	0.65569
66	0.01054	0.83597	0.03536	0.00679	0.01019	0.01525	0.00684	0.01186	0.00802	0.02207	0.00563	0.00643	0.00510	0.00338	0.00256	0.00085	0.00421	0.00214	0.00173	0.00507
67	0.00569	0.00385	0.00452	0.00452	0.00461	0.00393	0.00268	0.00586	0.00577	0.00778	0.01213	0.02441	0.01371	0.76080	0.12063	0.00411	0.00462	0.00552	0.00234	0.00251
68	0.01456	0.03686	0.01131	0.01003	0.01208	0.82863	0.00756	0.01557	0.01104	0.00959	0.00605	0.00705	0.00505	0.00403	0.00351	0.00101	0.00701	0.00252	0.00201	0.00456
69	0.00879	0.19691	0.44957	0.01064	0.01524	0.01052	0.14060	0.02945	0.05255	0.01217	0.00837	0.00948	0.03099	0.00387	0.00366	0.00117	0.00529	0.00326	0.00194	0.00552
70	0.00607	0.00443	0.00597	0.00674	0.00771	0.00434	0.00583	0.00775	0.00901	0.01156	0.02355	0.04327	0.14242	0.01070	0.00530	0.00173	0.00337	0.69307	0.00361	0.00357
71	0.00560	0.00420	0.00630	0.00630	0.00700	0.00490	0.00490	0.00700	0.00630	0.00910	0.01050	0.01540	0.00980	0.02940	0.84669	0.00630	0.01050	0.00420	0.00210	0.00350
72	0.00840	0.13561	0.70775	0.01054	0.01590	0.03208	0.01324	0.01241	0.00831	0.01190	0.00679	0.00797	0.00498	0.00368	0.00355	0.00118	0.00561	0.00278	0.00167	0.00566
73	0.00489	0.00347	0.00451	0.00529	0.00551	0.00326	0.00347	0.00549	0.00731	0.00972	0.02079	0.74394	0.03847	0.11575	0.00682	0.00186	0.00246	0.01043	0.00349	0.00309
74	0.13028	0.16272	0.01859	0.00717	0.00897	0.02686	0.05529	0.01024	0.07350	0.01121	0.01868	0.01200	0.00821	0.02724	0.38605	0.00351	0.02945	0.00356	0.00223	0.00426

[dist]
# distance from previous block
# <min> <max>
0	4

[block]
# block no. 1 follows, 69 sequences, length 31
# corresponding to MSA columns:
# 118-148
name=unknown_B
#
# <colnr> <probs for GDERKNQSTAVLIFYWHMCP>
#	G	D	E	R	K	N	Q	S	T	A	V	L	I	F	Y	W	H	M	C	P
0	0.01007	0.73053	0.15095	0.00742	0.01116	0.01449	0.00794	0.01185	0.00802	0.00973	0.00570	0.00660	0.00502	0.00341	0.00271	0.00090	0.00445	0.00222	0.00167	0.00515
1	0.00871	0.05582	0.04201	0.00635	0.00983	0.05118	0.00535	0.02327	0.00845	0.01258	0.00688	0.00800	0.00570	0.00305	0.00296	0.00065	0.00334	0.00236	0.00227	0.74123
2	0.00619	0.00420	0.00551	0.00596	0.00670	0.00420	0.00481	0.00768	0.00843	0.01171	0.10969	0.04628	0.02049	0.14357	0.06264	0.00223	0.00364	0.42547	0.11718	0.00342
3	0.01038	0.00787	0.00846	0.00750	0.00969	0.00886	0.00586	0.04068	0.65418	0.09300	0.01543	0.01437	0.01143	0.00519	0.00386	0.00127	0.00303	0.00429	0.08863	0.00602
4	0.00515	0.00388	0.00477	0.00479	0.00568	0.00349	0.00350	0.00654	0.00981	0.01323	0.46402	0.20112	0.24091	0.00938	0.00470	0.00133	0.00197	0.00822	0.00400	0.00349
5	0.00625	0.00449	0.00622	0.00709	0.00801	0.00446	0.00618	0.00802	0.00902	0.01169	0.02152	0.04396	0.05511	0.01079	0.00538	0.00179	0.00354	0.77925	0.00361	0.00360
6	0.00570	0.00380	0.00428	0.00428	0.00428	0.00380	0.00238	0.00570	0.00570	0.00760	0.01235	0.02566	0.01425	0.86222	0.01995	0.00380	0.00380	0.00570	0.00238	0.00238
7	0.00570	0.00380	0.00428	0.00428	0.00428	0.00380	0.00238	0.00570	0.00570	0.00760	0.01235	0.02566	0.01425	0.86222	0.01995	0.00380	0.00380	0.00570	0.00238	0.00238
8	0.00591	0.00426	0.00615	0.00607	0.00656	0.00491	0.00455	0.00671	0.00606	0.00863	0.01003	0.01600	0.00979	0.13754	0.59149	0.11658	0.04928	0.00426	0.00207	0.00316
9	0.02353	0.00805	0.01404	0.58161	0.12905	0.02206	0.14423	0.01081	0.00824	0.01092	0.00714	0.01025	0.00545	0.00376	0.00400	0.00128	0.00537	0.00363	0.00182	0.00475
10	0.01464	0.01868	0.01111	0.01010	0.01212	0.84648	0.00757	0.01565	0.01111	0.00959	0.00606	0.00707	0.00505	0.00404	0.00353	0.00101	0.00707	0.00252	0.00202	0.00454
11	0.00958	0.00919	0.01570	0.06719	0.79558	0.00928	0.01197	0.01193	0.00887	0.01266	0.00735	0.00974	0.00616	0.00352	0.00388	0.00117	0.00469	0.00349	0.00193	0.00611
12	0.00858	0.00858	0.01201	0.01029	0.01029	0.01201	0.00858	0.00943	0.00600	0.00943	0.00515	0.00858	0.00515	0.00686	0.01287	0.00172	0.85505	0.00343	0.00172	0.00429
13	0.00604	0.00442	0.00593	0.00668	0.00765	0.00431	0.00576	0.00771	0.00901	0.01154	0.02391	0.04314	0.15773	0.01068	0.00529	0.00173	0.00334	0.67796	0.00362	0.00356
14	0.00615	0.00444	0.00623	0.03010	0.00829	0.00445	0.00605	0.00786	0.00890	0.01165	0.05087	0.13173	0.02299	0.01069	0.00530	0.00175	0.00344	0.67193	0.00359	0.00359
15	0.00714	0.00369	0.00380	0.00378	0.00469	0.00366	0.00283	0.00897	0.00850	0.01472	0.09110	0.01601	0.01261	0.00490	0.00292	0.00094	0.00183	0.00398	0.80027	0.00366
16	0.01048	0.86458	0.02054	0.00671	0.01006	0.01551	0.00671	0.01174	0.00797	0.00922	0.00545	0.00629	0.00503	0.00335	0.00252	0.00084	0.00419	0.00210	0.00168	0.00503
17	0.00570	0.00380	0.00428	0.00428	0.00428	0.00380	0.00238	0.00570	0.00570	0.00760	0.01235	0.02566	0.01425	0.86222	0.01995	0.00380	0.00380	0.00570	0.00238	0.00238
18	0.82319	0.07261	0.00688	0.00527	0.00777	0.00930	0.00443	0.01154	0.00677	0.01695	0.00546	0.00636	0.00431	0.00362	0.00243	0.00118	0.00312	0.00212	0.00237	0.00431
19	0.00975	0.00842	0.00886	0.00798	0.01019	0.00975	0.00621	0.02083	0.83069	0.01640	0.01596	0.01463	0.01197	0.00532	0.00399	0.00133	0.00310	0.00443	0.00399	0.00621
20	0.88991	0.00758	0.00576	0.00516	0.00758	0.00879	0.00425	0.01152	0.00667	0.01759	0.00546	0.00637	0.00425	0.00364	0.00243	0.00121	0.00303	0.00212	0.00243	0.00425
21	0.01373	0.15369	0.04361	0.00960	0.01197	0.68269	0.00769	0.01491	0.01050	0.00964	0.00600	0.00699	0.00504	0.00392	0.00338	0.00099	0.00656	0.00247	0.00195	0.00467
22	0.01464	0.01868	0.01111	0.01010	0.01212	0.84648	0.00757	0.01565	0.01111	0.00959	0.00606	0.00707	0.00505	0.00404	0.00353	0.00101	0.00707	0.00252	0.00202	0.00454
23	0.01464	0.01868	0.01111	0.01010	0.01212	0.84648	0.00757	0.01565	0.01111	0.00959	0.00606	0.00707	0.00505	0.00404	0.00353	0.00101	0.00707	0.00252	0.00202	0.00454
24	0.00970	0.00931	0.01591	0.02406	0.83777	0.00931	0.01203	0.01203	0.00893	0.01281	0.00737	0.00970	0.00621	0.00349	0.00388	0.00116	0.00466	0.00349	0.00194	0.00621
25	0.00543	0.00388	0.00530	0.00621	0.00672	0.00375	0.00478	0.00659	0.00815	0.01074	0.02125	0.51317	0.02450	0.01167	0.00518	0.00168	0.00284	0.35117	0.00363	0.00337
26	0.01417	0.07588	0.01166	0.00979	0.01190	0.75730	0.00746	0.01559	0.04283	0.00983	0.00640	0.00731	0.00532	0.00404	0.00348	0.00101	0.00672	0.00257	0.00207	0.00464
27	0.00579	0.00377	0.00434	0.00434	0.00434	0.00377	0.00246	0.00565	0.00565	0.00754	0.01191	0.02457	0.01366	0.79513	0.01959	0.07354	0.00377	0.00552	0.00232	0.00232
28	0.00754	0.00580	0.00649	0.01835	0.00765	0.06542	0.00472	0.02092	0.06256	0.06988	0.36075	0.17366	0.03534	0.00796	0.00447	0.00130	0.00280	0.08117	0.00380	0.05943
29	0.00505	0.00395	0.00460	0.00460	0.00565	0.00346	0.00338	0.00630	0.00940	0.01229	0.30762	0.17928	0.40121	0.00953	0.00466	0.00132	0.00201	0.00824	0.00384	0.02360
30	0.05851	0.39361	0.13742	0.00828	0.03116	0.07520	0.02035	0.05461	0.03797	0.01143	0.00700	0.00837	0.00592	0.00669	0.10081	0.00163	0.01984	0.00275	0.00201	0.01644

[dist]
# distance from previous block
# <min> <max>
0	1

[block]
# block no. 2 follows, 69 sequences, length 30
# corresponding to MSA columns:
# 150-179
name=unknown_C
#
# <colnr> <probs for GDERKNQSTAVLIFYWHMCP>
#	G	D	E	R	K	N	Q	S	T	A	V	L	I	F	Y	W	H	M	C	P
0	0.01111	0.68323	0.03991	0.00737	0.01059	0.11922	0.00704	0.04780	0.02463	0.01016	0.00594	0.00673	0.00524	0.00355	0.00276	0.00089	0.00458	0.00228	0.00186	0.00508
1	0.00948	0.02749	0.11320	0.04068	0.66259	0.00930	0.01185	0.02515	0.00893	0.01282	0.00731	0.00942	0.00601	0.00353	0.00380	0.00115	0.00473	0.00335	0.00194	0.03727
2	0.00921	0.01084	0.04567	0.01638	0.02039	0.00989	0.80126	0.01255	0.00923	0.01255	0.00791	0.01051	0.00592	0.00332	0.00460	0.00132	0.00659	0.00458	0.00197	0.00530
3	0.00806	0.08462	0.77931	0.01083	0.01644	0.00959	0.01389	0.01236	0.00825	0.01217	0.00691	0.00813	0.00497	0.00370	0.00363	0.00121	0.00567	0.00284	0.00166	0.00574
4	0.00560	0.00396	0.00531	0.00607	0.00657	0.00386	0.00465	0.00670	0.00799	0.01053	0.03316	0.37162	0.02302	0.12764	0.00722	0.00198	0.00307	0.36430	0.00346	0.00327
5	0.00467	0.00396	0.00404	0.00404	0.00533	0.00332	0.00302	0.00570	0.00900	0.01080	0.07311	0.05281	0.78709	0.00989	0.00464	0.00133	0.00199	0.00828	0.00367	0.00332
6	0.01048	0.86458	0.02054	0.00671	0.01006	0.01551	0.00671	0.01174	0.00797	0.00922	0.00545	0.00629	0.00503	0.00335	0.00252	0.00084	0.00419	0.00210	0.00168	0.00503
7	0.00469	0.00397	0.00405	0.00403	0.00533	0.00333	0.00302	0.00573	0.00907	0.01090	0.08845	0.03721	0.78725	0.00981	0.00463	0.00132	0.00198	0.00820	0.00368	0.00333
8	0.00484	0.00381	0.00438	0.00465	0.00556	0.00335	0.00336	0.00587	0.00878	0.01113	0.14227	0.29562	0.45264	0.01043	0.00477	0.00141	0.00210	0.02795	0.00373	0.00333
9	0.00786	0.02028	0.84191	0.01117	0.01697	0.00910	0.01448	0.01242	0.00828	0.01242	0.00704	0.00828	0.00497	0.00372	0.00372	0.00124	0.00579	0.00290	0.00166	0.00579
10	0.00907	0.00738	0.00800	0.00722	0.00917	0.00830	0.00560	0.01786	0.62828	0.03547	0.16557	0.01727	0.01641	0.00577	0.00405	0.00129	0.00283	0.00487	0.03993	0.00565
11	0.00492	0.00398	0.00438	0.00428	0.00547	0.00343	0.00321	0.00619	0.00962	0.01222	0.29302	0.03504	0.58185	0.00932	0.00463	0.00129	0.00194	0.00790	0.00386	0.00343
12	0.00564	0.00406	0.00558	0.00558	0.00604	0.00451	0.00401	0.00654	0.00609	0.00857	0.01116	0.01903	0.01138	0.32412	0.55412	0.00542	0.00813	0.00473	0.00220	0.00310
13	0.00772	0.00729	0.01233	0.73962	0.13773	0.00879	0.01104	0.01029	0.00799	0.01040	0.00702	0.01035	0.00536	0.00386	0.00391	0.00129	0.00515	0.00349	0.00177	0.00461
14	0.74673	0.00785	0.00647	0.00566	0.00814	0.00901	0.00464	0.06789	0.06386	0.04001	0.00671	0.00733	0.00508	0.00386	0.00268	0.00122	0.00313	0.00243	0.00270	0.00461
15	0.01598	0.00630	0.00835	0.00655	0.00927	0.00558	0.00536	0.01779	0.03199	0.70640	0.01511	0.01355	0.00981	0.00483	0.00378	0.00118	0.00312	0.00392	0.12489	0.00625
16	0.00774	0.00705	0.01102	0.62863	0.05269	0.00851	0.00972	0.04125	0.06451	0.01132	0.03292	0.01323	0.05116	0.00466	0.00422	0.00132	0.02451	0.01880	0.00219	0.00455
17	0.00933	0.00894	0.01525	0.15727	0.70745	0.00922	0.01185	0.01171	0.00875	0.01236	0.00731	0.00982	0.00605	0.00356	0.00389	0.00119	0.00475	0.00349	0.00191	0.00591
18	0.60505	0.01120	0.00750	0.00676	0.00906	0.28143	0.00533	0.01287	0.00812	0.01499	0.00565	0.00660	0.00451	0.00377	0.00279	0.00115	0.00435	0.00225	0.00229	0.00434
19	0.00903	0.00860	0.01460	0.19631	0.63619	0.00895	0.01147	0.01136	0.00864	0.01212	0.00784	0.04291	0.00677	0.00392	0.00393	0.00121	0.00468	0.00379	0.00197	0.00571
20	0.76914	0.00709	0.00569	0.00512	0.00735	0.00810	0.00417	0.01096	0.00728	0.01733	0.11884	0.00950	0.00872	0.00424	0.00273	0.00122	0.00287	0.00280	0.00268	0.00417
21	0.00643	0.00453	0.00562	0.00594	0.00665	0.00447	0.00419	0.11764	0.00911	0.02986	0.02024	0.70600	0.04205	0.01103	0.00482	0.00152	0.00257	0.00988	0.00370	0.00374
22	0.00611	0.00403	0.00513	0.00481	0.00579	0.00375	0.00362	0.00795	0.01071	0.03764	0.70137	0.02685	0.03258	0.00746	0.00435	0.00119	0.00189	0.00654	0.12446	0.00377
23	0.00625	0.00513	0.01874	0.12101	0.00923	0.02272	0.00502	0.00831	0.03134	0.02968	0.49824	0.04973	0.13770	0.00765	0.00450	0.00128	0.00263	0.03322	0.00374	0.00389
24	0.01503	0.01077	0.01164	0.00892	0.01205	0.01185	0.00737	0.78582	0.01808	0.06408	0.00970	0.00960	0.00681	0.00471	0.00392	0.00118	0.00427	0.00355	0.00397	0.00667
25	0.00813	0.00697	0.00813	0.00581	0.00929	0.00523	0.00465	0.00987	0.00813	0.01277	0.00697	0.00813	0.00581	0.00290	0.00290	0.00058	0.00290	0.00232	0.00232	0.88619
26	0.00758	0.00680	0.01066	0.07269	0.29721	0.00760	0.00814	0.00941	0.01788	0.01095	0.05139	0.01382	0.03836	0.02954	0.28160	0.00299	0.12247	0.00412	0.00216	0.00462
27	0.04451	0.62479	0.04804	0.00752	0.01080	0.01389	0.04824	0.02802	0.12054	0.01110	0.00714	0.00778	0.00602	0.00367	0.00289	0.00097	0.00418	0.00260	0.00208	0.00523
28	0.00582	0.00447	0.00677	0.03292	0.03983	0.00515	0.00527	0.00724	0.00643	0.00922	0.01034	0.01539	0.00968	0.05711	0.75874	0.00586	0.00987	0.00420	0.00209	0.00359
29	0.01417	0.01285	0.01131	0.00925	0.01185	0.25687	0.00740	0.51419	0.03164	0.01903	0.00847	0.00904	0.00637	0.00555	0.03686	0.00135	0.03147	0.00328	0.00323	0.00584

[dist]
# distance from previous block
# <min> <max>
0	31

# created by:
# /st0/software/busco_prod/Augustus/scripts/msa2prfl.pl ./align_prep/32812.fa
