[name]
unknown

[dist]
# distance from previous block
# <min> <max>
0	46

[block]
# block no. 0 follows, 55 sequences, length 18
# corresponding to MSA columns:
# 49-66
name=unknown_A
#
# <colnr> <probs for GDERKNQSTAVLIFYWHMCP>
#	G	D	E	R	K	N	Q	S	T	A	V	L	I	F	Y	W	H	M	C	P
0	0.04429	0.09089	0.01257	0.00864	0.01218	0.00967	0.05227	0.13995	0.08784	0.03211	0.02992	0.01256	0.00927	0.00664	0.05837	0.00151	0.00475	0.01704	0.00328	0.36626
1	0.07062	0.04198	0.13913	0.07244	0.28093	0.01181	0.05551	0.08017	0.10678	0.01752	0.01067	0.01268	0.00847	0.00520	0.00497	0.00157	0.02007	0.00428	0.00307	0.05212
2	0.02323	0.03581	0.02069	0.02241	0.06331	0.00828	0.02021	0.06679	0.14193	0.02698	0.07963	0.15072	0.10032	0.10407	0.04219	0.00228	0.01464	0.02134	0.02701	0.02815
3	0.01178	0.00614	0.00799	0.00691	0.00894	0.00564	0.00539	0.01441	0.06069	0.29311	0.42943	0.06036	0.05316	0.00829	0.00518	0.00148	0.00292	0.00717	0.00526	0.00576
4	0.00647	0.00478	0.00633	0.00620	0.00714	0.00480	0.00461	0.00812	0.01027	0.01426	0.35808	0.05390	0.12001	0.09409	0.27589	0.00376	0.00584	0.00744	0.00392	0.00410
5	0.00965	0.00827	0.00965	0.00689	0.01102	0.00620	0.00551	0.01171	0.00965	0.01516	0.00827	0.00965	0.00689	0.00345	0.00345	0.00069	0.00345	0.00276	0.00276	0.86494
6	0.86937	0.00900	0.00684	0.00612	0.00900	0.01044	0.00504	0.01368	0.00792	0.02087	0.00648	0.00756	0.00504	0.00432	0.00288	0.00144	0.00360	0.00252	0.00288	0.00504
7	0.01063	0.14229	0.02362	0.01623	0.04392	0.01196	0.51815	0.01376	0.01033	0.01379	0.01005	0.02910	0.00852	0.00701	0.06858	0.00197	0.02382	0.03792	0.00242	0.00594
8	0.00670	0.00486	0.00653	0.00676	0.00773	0.00473	0.00496	0.00801	0.00898	0.03042	0.05479	0.39454	0.07573	0.01919	0.25140	0.00344	0.00574	0.02964	0.00371	0.07213
9	0.00556	0.00448	0.00495	0.00533	0.00645	0.00388	0.00381	0.00661	0.01001	0.01233	0.03961	0.32076	0.53446	0.01276	0.00565	0.00168	0.00248	0.01101	0.00432	0.00388
10	0.01078	0.00649	0.02616	0.00679	0.02402	0.00617	0.00531	0.03944	0.09979	0.13591	0.08062	0.03711	0.04529	0.00664	0.00420	0.00133	0.00300	0.04313	0.41239	0.00542
11	0.01059	0.00848	0.00991	0.00715	0.01123	0.00664	0.00574	0.05048	0.01043	0.05498	0.00891	0.01003	0.00717	0.00366	0.00357	0.00076	0.00355	0.00292	0.00300	0.78081
12	0.01113	0.02745	0.19085	0.01032	0.03238	0.00922	0.05727	0.04745	0.21651	0.11802	0.05478	0.07801	0.07460	0.04399	0.00570	0.00166	0.00461	0.00582	0.00385	0.00638
13	0.00699	0.00538	0.00752	0.02707	0.02456	0.00609	0.00554	0.00822	0.00784	0.01102	0.05306	0.07934	0.03387	0.22096	0.41410	0.00526	0.07020	0.00617	0.00282	0.00397
14	0.04547	0.22613	0.20515	0.03190	0.19828	0.04900	0.05608	0.05880	0.01061	0.01456	0.00851	0.01026	0.01795	0.00458	0.00463	0.00135	0.04436	0.00360	0.00232	0.00648
15	0.08582	0.00727	0.04708	0.00777	0.02938	0.00663	0.00596	0.05909	0.08250	0.05033	0.13887	0.32746	0.07152	0.00971	0.00509	0.00159	0.00329	0.00844	0.00419	0.04800
16	0.06747	0.09188	0.22828	0.03788	0.08538	0.00994	0.02550	0.02637	0.04715	0.05481	0.09564	0.06161	0.03299	0.04203	0.00583	0.00158	0.04598	0.00497	0.00303	0.03169
17	0.04935	0.07667	0.21328	0.01373	0.11651	0.13615	0.08154	0.06587	0.03483	0.05232	0.01062	0.01188	0.04097	0.00499	0.00484	0.00139	0.04108	0.00397	0.00272	0.03728

[dist]
# distance from previous block
# <min> <max>
1	19

[block]
# block no. 1 follows, 55 sequences, length 19
# corresponding to MSA columns:
# 86-104
name=unknown_B
#
# <colnr> <probs for GDERKNQSTAVLIFYWHMCP>
#	G	D	E	R	K	N	Q	S	T	A	V	L	I	F	Y	W	H	M	C	P
0	0.00879	0.00841	0.08976	0.02729	0.03941	0.00699	0.07415	0.04298	0.07410	0.04244	0.20366	0.09929	0.12305	0.02947	0.00552	0.00159	0.00382	0.02304	0.09100	0.00525
1	0.00798	0.00628	0.00752	0.04513	0.02603	0.00557	0.00534	0.00936	0.01201	0.01624	0.33035	0.08382	0.29746	0.03191	0.00625	0.00176	0.00319	0.00861	0.00468	0.09052
2	0.00752	0.00676	0.04331	0.05053	0.04775	0.00651	0.00631	0.02786	0.04949	0.01344	0.08640	0.05558	0.22315	0.07636	0.20092	0.00318	0.04011	0.00674	0.04343	0.00463
3	0.01013	0.01049	0.05064	0.27180	0.31863	0.04169	0.04876	0.01314	0.02831	0.01381	0.03522	0.04140	0.02483	0.00547	0.00528	0.00152	0.04400	0.02632	0.00251	0.00606
4	0.00671	0.00474	0.00626	0.00626	0.00667	0.00515	0.00430	0.00753	0.00712	0.00990	0.01358	0.02445	0.01431	0.44134	0.41528	0.00597	0.00843	0.00589	0.00266	0.00348
5	0.00746	0.00741	0.05378	0.00739	0.00907	0.02700	0.04102	0.02560	0.04207	0.01370	0.13461	0.09419	0.33571	0.08324	0.02693	0.00200	0.07251	0.00800	0.00381	0.00452
6	0.01302	0.01004	0.07698	0.00807	0.01189	0.03023	0.00703	0.09103	0.03349	0.18972	0.01167	0.01207	0.00857	0.00454	0.00395	0.00106	0.00403	0.00360	0.08544	0.39357
7	0.82273	0.00922	0.00723	0.00637	0.00929	0.01065	0.00525	0.05630	0.00868	0.02134	0.00673	0.00776	0.00520	0.00439	0.00298	0.00144	0.00368	0.00261	0.00298	0.00520
8	0.01199	0.03996	0.01450	0.06280	0.21512	0.08845	0.05223	0.06375	0.04843	0.05635	0.01032	0.05617	0.00877	0.00516	0.00504	0.00130	0.05563	0.00432	0.00293	0.19680
9	0.86937	0.00900	0.00684	0.00612	0.00900	0.01044	0.00504	0.01368	0.00792	0.02087	0.00648	0.00756	0.00504	0.00432	0.00288	0.00144	0.00360	0.00252	0.00288	0.00504
10	0.01259	0.00867	0.00973	0.00843	0.01096	0.00938	0.00664	0.08988	0.41786	0.14712	0.14911	0.01946	0.01801	0.00663	0.00474	0.00149	0.00350	0.00553	0.06348	0.00680
11	0.01090	0.00870	0.03521	0.08451	0.16231	0.00871	0.02711	0.03998	0.08906	0.12491	0.11176	0.02238	0.13229	0.00722	0.00587	0.00156	0.07303	0.04468	0.00378	0.00602
12	0.00690	0.01918	0.06506	0.00850	0.05266	0.00569	0.04775	0.00886	0.02809	0.01332	0.09554	0.32650	0.22292	0.03252	0.02059	0.00185	0.00362	0.03202	0.00391	0.00453
13	0.01089	0.15710	0.07983	0.05604	0.01585	0.05465	0.19560	0.09695	0.04990	0.01539	0.06202	0.08755	0.06752	0.00638	0.00478	0.00146	0.00545	0.02367	0.00313	0.00585
14	0.01320	0.15766	0.09623	0.01300	0.08446	0.20592	0.10107	0.10050	0.05438	0.01506	0.00881	0.01025	0.00706	0.00520	0.02062	0.00140	0.02572	0.00364	0.00266	0.07314
15	0.00642	0.00494	0.00647	0.00648	0.00731	0.00521	0.00481	0.00768	0.00861	0.01161	0.07347	0.10392	0.20350	0.12974	0.36435	0.00458	0.03633	0.00733	0.00329	0.00394
16	0.01158	0.06831	0.27290	0.05499	0.11454	0.08323	0.04433	0.09077	0.13095	0.01618	0.01137	0.01242	0.03406	0.00500	0.00447	0.00140	0.00583	0.00409	0.00285	0.03075
17	0.00791	0.03742	0.00790	0.00713	0.01959	0.02430	0.00535	0.03954	0.01092	0.03667	0.27179	0.12901	0.14442	0.06450	0.10681	0.00248	0.05031	0.02540	0.00402	0.00451
18	0.16463	0.14614	0.13367	0.01074	0.04110	0.23622	0.04292	0.03549	0.02797	0.01484	0.00775	0.00901	0.00623	0.00437	0.00381	0.00123	0.00591	0.00310	0.00250	0.10237

[dist]
# distance from previous block
# <min> <max>
0	17

[block]
# block no. 2 follows, 55 sequences, length 23
# corresponding to MSA columns:
# 122-144
name=unknown_C
#
# <colnr> <probs for GDERKNQSTAVLIFYWHMCP>
#	G	D	E	R	K	N	Q	S	T	A	V	L	I	F	Y	W	H	M	C	P
0	0.01209	0.03620	0.06268	0.04525	0.15206	0.05811	0.10320	0.15837	0.12511	0.03165	0.07825	0.03418	0.01252	0.00633	0.02016	0.00157	0.00540	0.03045	0.00347	0.02295
1	0.03342	0.00635	0.00750	0.00715	0.00857	0.02983	0.02806	0.03506	0.02345	0.02665	0.13534	0.14325	0.30861	0.01127	0.02601	0.00182	0.05674	0.10230	0.00411	0.00449
2	0.01160	0.08178	0.06417	0.06659	0.12571	0.11319	0.08431	0.06454	0.03511	0.01500	0.00978	0.02763	0.02297	0.00456	0.00421	0.00118	0.00539	0.00387	0.00270	0.25571
3	0.01169	0.00613	0.00781	0.00671	0.00884	0.00555	0.00527	0.01415	0.05368	0.29565	0.37000	0.02877	0.14973	0.00838	0.00517	0.00148	0.00292	0.00716	0.00520	0.00571
4	0.00560	0.00454	0.00497	0.00523	0.00644	0.00391	0.00378	0.00673	0.01029	0.01269	0.07907	0.25149	0.56425	0.01240	0.00561	0.00165	0.00244	0.01064	0.00436	0.00391
5	0.01125	0.00851	0.00940	0.03257	0.01095	0.02764	0.00650	0.15475	0.25698	0.06209	0.26158	0.02233	0.05418	0.00724	0.00488	0.00147	0.00354	0.00607	0.05192	0.00615
6	0.02006	0.00922	0.01161	0.00890	0.01253	0.00878	0.00735	0.21927	0.01550	0.61102	0.01652	0.01464	0.01059	0.00571	0.00467	0.00143	0.00426	0.00455	0.00548	0.00792
7	0.01240	0.01041	0.01099	0.00964	0.01241	0.01196	0.00756	0.12888	0.69357	0.02080	0.01788	0.01652	0.01335	0.00621	0.00472	0.00155	0.00388	0.00511	0.00472	0.00744
8	0.00655	0.00523	0.00717	0.06885	0.07259	0.00503	0.00561	0.00810	0.01044	0.01392	0.21537	0.35355	0.18768	0.01121	0.00554	0.00166	0.00300	0.00997	0.00418	0.00435
9	0.00654	0.00511	0.00718	0.08461	0.05777	0.00501	0.00568	0.00807	0.01029	0.01389	0.22573	0.43323	0.09634	0.01146	0.00558	0.00169	0.00304	0.01029	0.00419	0.00430
10	0.86937	0.00900	0.00684	0.00612	0.00900	0.01044	0.00504	0.01368	0.00792	0.02087	0.00648	0.00756	0.00504	0.00432	0.00288	0.00144	0.00360	0.00252	0.00288	0.00504
11	0.01094	0.08226	0.09350	0.11355	0.16110	0.06490	0.06107	0.07176	0.09290	0.01490	0.02578	0.01337	0.00913	0.02931	0.11799	0.00231	0.00665	0.00430	0.00275	0.02152
12	0.00731	0.00548	0.00708	0.00651	0.00796	0.00515	0.02732	0.01014	0.07342	0.03739	0.51452	0.09891	0.14282	0.00960	0.00540	0.00151	0.00261	0.00845	0.00480	0.02362
13	0.01047	0.02800	0.06272	0.07432	0.28617	0.03652	0.05944	0.08163	0.01134	0.01568	0.08969	0.04722	0.03904	0.00813	0.06955	0.00192	0.03171	0.00515	0.03523	0.00608
14	0.00701	0.00510	0.00601	0.01928	0.00726	0.00482	0.00427	0.03202	0.02613	0.03035	0.24920	0.12559	0.25592	0.16543	0.00887	0.00212	0.00300	0.02559	0.01791	0.00414
15	0.01019	0.04709	0.26386	0.06285	0.08186	0.02594	0.13201	0.04208	0.12461	0.01548	0.06472	0.02897	0.01110	0.03736	0.03015	0.00178	0.00599	0.00478	0.00287	0.00630
16	0.01006	0.04361	0.50729	0.01364	0.09735	0.01032	0.04192	0.05018	0.01051	0.03065	0.01044	0.05705	0.02385	0.00509	0.00448	0.00142	0.00600	0.00424	0.00245	0.06945
17	0.00808	0.06041	0.13270	0.05111	0.02795	0.01972	0.04945	0.02579	0.03484	0.01427	0.13630	0.09722	0.20175	0.01074	0.08154	0.00206	0.00491	0.00688	0.02923	0.00506
18	0.01039	0.08940	0.20711	0.01085	0.07211	0.03878	0.02296	0.05816	0.10344	0.04434	0.12673	0.09187	0.03197	0.02586	0.00509	0.00149	0.00473	0.00552	0.00340	0.04579
19	0.04433	0.06982	0.04831	0.02940	0.17503	0.10341	0.03612	0.06423	0.02791	0.09882	0.03532	0.04000	0.04313	0.00544	0.00437	0.00130	0.00498	0.02077	0.01547	0.13185
20	0.01172	0.14594	0.12985	0.02473	0.07610	0.07951	0.03667	0.06919	0.10066	0.04279	0.02796	0.04359	0.02341	0.00534	0.00427	0.00128	0.00508	0.02216	0.00306	0.14670
21	0.01158	0.12136	0.22579	0.02972	0.11789	0.03938	0.03725	0.09958	0.06858	0.05663	0.03776	0.06718	0.02521	0.00577	0.00453	0.00142	0.00533	0.01968	0.00309	0.02228
22	0.02446	0.11899	0.12333	0.01162	0.11051	0.05726	0.03797	0.08264	0.08155	0.02814	0.13468	0.08163	0.05542	0.00656	0.00463	0.00141	0.00470	0.00553	0.00341	0.02556

[dist]
# distance from previous block
# <min> <max>
0	41

[block]
# block no. 3 follows, 55 sequences, length 17
# corresponding to MSA columns:
# 186-202
name=unknown_D
#
# <colnr> <probs for GDERKNQSTAVLIFYWHMCP>
#	G	D	E	R	K	N	Q	S	T	A	V	L	I	F	Y	W	H	M	C	P
0	0.07522	0.17443	0.09103	0.01110	0.07048	0.10849	0.04738	0.13531	0.01264	0.09844	0.08456	0.01394	0.01123	0.02051	0.00463	0.00140	0.00528	0.02434	0.00331	0.00629
1	0.07962	0.10532	0.16042	0.03094	0.11840	0.08590	0.07294	0.13113	0.05065	0.01691	0.03394	0.04073	0.02226	0.00520	0.00437	0.00138	0.00557	0.00428	0.00293	0.02712
2	0.13538	0.27425	0.08097	0.03647	0.10058	0.03093	0.04656	0.10370	0.07529	0.02816	0.00896	0.01019	0.00716	0.00536	0.02462	0.00147	0.01735	0.00349	0.00278	0.00635
3	0.01010	0.03571	0.10073	0.38532	0.08678	0.07008	0.01129	0.04106	0.04160	0.02497	0.01110	0.06590	0.02814	0.01891	0.01899	0.00162	0.00584	0.00472	0.00259	0.03454
4	0.02641	0.02403	0.07175	0.02481	0.12468	0.06858	0.07636	0.04852	0.11143	0.03123	0.08228	0.08259	0.12486	0.00745	0.02053	0.00156	0.00479	0.00601	0.00348	0.05866
5	0.00795	0.00953	0.13303	0.00808	0.01058	0.03847	0.03874	0.01172	0.11804	0.01512	0.19370	0.07390	0.28677	0.00889	0.00541	0.00155	0.02189	0.00753	0.00397	0.00512
6	0.01030	0.01007	0.03618	0.18063	0.46953	0.01007	0.03973	0.04026	0.01068	0.01464	0.01339	0.03979	0.09364	0.00543	0.00478	0.00146	0.00534	0.00506	0.00261	0.00643
7	0.01130	0.03046	0.11005	0.05159	0.11567	0.09270	0.05218	0.10598	0.13251	0.01610	0.06783	0.01616	0.02499	0.09048	0.03562	0.00198	0.03033	0.00484	0.00319	0.00607
8	0.00693	0.00526	0.00705	0.00738	0.03545	0.00559	0.00524	0.00817	0.00855	0.01164	0.08065	0.02910	0.11863	0.24394	0.29204	0.00448	0.04035	0.08246	0.00317	0.00394
9	0.00866	0.00736	0.03776	0.05829	0.13013	0.00682	0.02192	0.03764	0.05650	0.05338	0.16257	0.16822	0.16937	0.02630	0.00565	0.00164	0.00371	0.03485	0.00398	0.00524
10	0.00635	0.00472	0.00591	0.00566	0.00682	0.00428	0.00423	0.00832	0.01256	0.01731	0.63999	0.06240	0.18404	0.01009	0.00550	0.00150	0.00224	0.00883	0.00495	0.00428
11	0.01566	0.01335	0.01293	0.03923	0.01421	0.13970	0.00858	0.48466	0.09995	0.02329	0.03257	0.01330	0.04022	0.00593	0.00502	0.00142	0.03440	0.00443	0.00412	0.00702
12	0.00652	0.00475	0.00613	0.00579	0.00691	0.00436	0.00434	0.00865	0.01302	0.01830	0.76020	0.03534	0.08895	0.00965	0.00549	0.00147	0.00220	0.00850	0.00507	0.00436
13	0.06087	0.00664	0.00786	0.00771	0.04115	0.00668	0.00562	0.10477	0.06232	0.04613	0.29505	0.13113	0.13934	0.02428	0.00555	0.00161	0.00314	0.04052	0.00452	0.00511
14	0.02478	0.15104	0.01478	0.00997	0.03990	0.07982	0.07692	0.05395	0.02969	0.04284	0.00889	0.02351	0.00740	0.00444	0.00449	0.00108	0.05106	0.00347	0.00278	0.36918
15	0.08626	0.02649	0.03107	0.07135	0.21185	0.11994	0.03539	0.08036	0.02429	0.03186	0.02588	0.01492	0.03712	0.06684	0.02251	0.00178	0.05513	0.02385	0.00286	0.03024
16	0.07000	0.06733	0.10976	0.04615	0.09252	0.22155	0.00973	0.11956	0.06800	0.05441	0.01016	0.03985	0.00822	0.00594	0.02564	0.00150	0.00605	0.00395	0.00304	0.03662

[dist]
# distance from previous block
# <min> <max>
1	24

[block]
# block no. 4 follows, 55 sequences, length 24
# corresponding to MSA columns:
# 242-265
name=unknown_E
#
# <colnr> <probs for GDERKNQSTAVLIFYWHMCP>
#	G	D	E	R	K	N	Q	S	T	A	V	L	I	F	Y	W	H	M	C	P
0	0.04702	0.20388	0.02955	0.03567	0.12503	0.19768	0.00878	0.06664	0.05093	0.06197	0.07795	0.04003	0.01112	0.00538	0.00418	0.00129	0.00540	0.00416	0.00306	0.02029
1	0.03982	0.10317	0.12599	0.01071	0.05440	0.17374	0.00909	0.10800	0.08028	0.09004	0.03760	0.03111	0.05738	0.00736	0.04974	0.00171	0.00586	0.00444	0.00333	0.00624
2	0.04678	0.30435	0.06209	0.01060	0.06562	0.11820	0.04621	0.08347	0.01153	0.07035	0.03063	0.07110	0.04928	0.00568	0.00412	0.00129	0.00523	0.00445	0.00298	0.00603
3	0.03038	0.00683	0.02371	0.00751	0.03836	0.00677	0.00523	0.09691	0.07859	0.03091	0.04153	0.05802	0.09156	0.39674	0.01380	0.00296	0.00420	0.05792	0.00358	0.00448
4	0.04953	0.01058	0.01306	0.01013	0.01366	0.03064	0.07789	0.28217	0.09239	0.30594	0.02630	0.01421	0.02256	0.00561	0.00467	0.00143	0.00471	0.00461	0.00469	0.02523
5	0.01314	0.03059	0.06442	0.00977	0.01248	0.34115	0.00798	0.11109	0.12517	0.01537	0.03655	0.01856	0.18104	0.00669	0.00463	0.00138	0.00571	0.00508	0.00345	0.00575
6	0.01637	0.01896	0.01274	0.01132	0.01366	0.61423	0.00866	0.07905	0.01330	0.04835	0.01019	0.01113	0.05177	0.00554	0.00512	0.00131	0.06627	0.00363	0.00281	0.00560
7	0.00610	0.00438	0.00571	0.00663	0.00703	0.00417	0.00448	0.03503	0.00938	0.01251	0.02511	0.80357	0.02994	0.01425	0.00589	0.00187	0.00279	0.01290	0.00433	0.00393
8	0.00965	0.00827	0.00965	0.00689	0.01102	0.00620	0.00551	0.01171	0.00965	0.01516	0.00827	0.00965	0.00689	0.00345	0.00345	0.00069	0.00345	0.00276	0.00276	0.86494
9	0.01066	0.01041	0.01850	0.20998	0.44987	0.01090	0.13825	0.01361	0.01021	0.01432	0.00886	0.01203	0.00715	0.00440	0.00508	0.00146	0.03381	0.00436	0.02964	0.00651
10	0.00933	0.02406	0.81240	0.01326	0.02014	0.01080	0.01719	0.01473	0.00982	0.01473	0.00835	0.00982	0.00589	0.00442	0.00442	0.00147	0.00688	0.00344	0.00196	0.00688
11	0.70324	0.02998	0.00833	0.00717	0.00999	0.14975	0.00578	0.01453	0.00886	0.01901	0.00660	0.00770	0.00522	0.00439	0.00311	0.00139	0.00446	0.00260	0.00278	0.00512
12	0.01295	0.75792	0.02332	0.00827	0.01218	0.04360	0.00805	0.06621	0.01040	0.01219	0.00681	0.00774	0.00610	0.00411	0.00314	0.00103	0.00509	0.00262	0.00218	0.00608
13	0.00593	0.00557	0.04040	0.00537	0.00705	0.00434	0.00434	0.00755	0.01120	0.01417	0.23299	0.04076	0.58213	0.01090	0.00545	0.00154	0.00251	0.00919	0.00442	0.00417
14	0.00652	0.00475	0.00613	0.00578	0.00691	0.00436	0.00434	0.00865	0.01301	0.01828	0.75871	0.03536	0.09044	0.00965	0.00549	0.00147	0.00220	0.00850	0.00507	0.00436
15	0.00566	0.00407	0.00538	0.00642	0.00673	0.00378	0.00429	0.00648	0.00896	0.01190	0.02635	0.80751	0.05627	0.01448	0.00592	0.00188	0.00269	0.01311	0.00432	0.00378
16	0.04403	0.00687	0.00836	0.00714	0.00942	0.00671	0.00564	0.03098	0.13181	0.28626	0.28111	0.02220	0.02252	0.00700	0.00472	0.00142	0.00312	0.00589	0.10870	0.00611
17	0.00939	0.00888	0.01504	0.65023	0.20244	0.01049	0.01322	0.01241	0.00959	0.01261	0.00837	0.01221	0.00646	0.00454	0.00464	0.00151	0.00605	0.00414	0.00212	0.00565
18	0.00609	0.00474	0.00553	0.00533	0.00665	0.00418	0.00400	0.00782	0.01199	0.01587	0.45808	0.03934	0.39259	0.01055	0.00549	0.00151	0.00227	0.00906	0.00475	0.00418
19	0.01154	0.00974	0.01039	0.00936	0.01193	0.01114	0.00737	0.07358	0.67448	0.01955	0.01956	0.02002	0.03573	0.00685	0.00486	0.00160	0.00378	0.05672	0.00469	0.00710
20	0.00964	0.00928	0.01613	0.56521	0.23239	0.01062	0.06513	0.01271	0.00975	0.01295	0.00847	0.01218	0.00656	0.00447	0.00470	0.00151	0.00614	0.00423	0.00215	0.00581
21	0.00555	0.00452	0.00491	0.00523	0.00642	0.00388	0.00376	0.00662	0.01011	0.01237	0.04085	0.27521	0.57921	0.01260	0.00563	0.00166	0.00246	0.01081	0.00432	0.00388
22	0.01621	0.01519	0.01305	0.02768	0.01432	0.26471	0.00868	0.38460	0.17056	0.02143	0.01138	0.01153	0.00850	0.00546	0.00453	0.00137	0.00588	0.00402	0.00391	0.00696
23	0.01012	0.00862	0.01192	0.01061	0.04735	0.03734	0.13126	0.15573	0.03039	0.02747	0.01792	0.35545	0.04434	0.00902	0.00523	0.00157	0.00439	0.00822	0.00380	0.07923

[dist]
# distance from previous block
# <min> <max>
0	1

[block]
# block no. 5 follows, 55 sequences, length 13
# corresponding to MSA columns:
# 267-279
name=unknown_F
#
# <colnr> <probs for GDERKNQSTAVLIFYWHMCP>
#	G	D	E	R	K	N	Q	S	T	A	V	L	I	F	Y	W	H	M	C	P
0	0.01093	0.01129	0.01988	0.14553	0.20830	0.06144	0.34251	0.01397	0.01079	0.03552	0.01264	0.01506	0.08034	0.00491	0.00505	0.00149	0.00646	0.00518	0.00257	0.00613
1	0.01052	0.01124	0.02107	0.28163	0.11508	0.04511	0.40013	0.01389	0.01048	0.01379	0.00920	0.01306	0.00719	0.00441	0.00508	0.00154	0.00699	0.02132	0.00230	0.00596
2	0.01836	0.00738	0.00989	0.00777	0.01098	0.00638	0.00635	0.02014	0.01307	0.67588	0.08800	0.01989	0.08109	0.00659	0.00482	0.00145	0.00367	0.00543	0.00558	0.00728
3	0.01166	0.01216	0.00951	0.00880	0.01044	0.30674	0.00650	0.04672	0.10877	0.01262	0.01464	0.01866	0.08211	0.16162	0.13752	0.03176	0.00692	0.00498	0.00304	0.00484
4	0.00758	0.00457	0.00550	0.00545	0.00647	0.00433	0.00402	0.00953	0.01121	0.03737	0.36482	0.15635	0.02903	0.00870	0.00471	0.00139	0.00231	0.00757	0.32472	0.00436
5	0.00952	0.07497	0.76320	0.01293	0.01962	0.01128	0.01661	0.01468	0.00980	0.01450	0.00823	0.00967	0.00590	0.00439	0.00433	0.00144	0.00676	0.00338	0.00197	0.00682
6	0.00561	0.00472	0.00487	0.00483	0.00635	0.00397	0.00362	0.00689	0.01087	0.01319	0.12500	0.04374	0.72733	0.01155	0.00550	0.00156	0.00234	0.00967	0.00440	0.00397
7	0.00568	0.00414	0.00535	0.00626	0.00670	0.00381	0.00423	0.00657	0.00923	0.01217	0.05258	0.72103	0.11691	0.01411	0.00588	0.00184	0.00265	0.01270	0.00434	0.00381
8	0.01819	0.00831	0.01045	0.00822	0.01144	0.00787	0.00672	0.13967	0.04874	0.54493	0.04871	0.01609	0.01243	0.00587	0.00457	0.00140	0.00388	0.00475	0.09038	0.00739
9	0.00654	0.00481	0.00644	0.00677	0.03219	0.00448	0.00477	0.00841	0.01198	0.01671	0.55949	0.21536	0.05752	0.01065	0.00559	0.00158	0.00249	0.03507	0.00480	0.00433
10	0.00951	0.06943	0.67271	0.01227	0.01835	0.01083	0.01533	0.03242	0.00992	0.01466	0.00876	0.01048	0.00649	0.00651	0.05930	0.00184	0.00698	0.00353	0.02410	0.00660
11	0.27397	0.03230	0.01213	0.04296	0.01372	0.29898	0.05706	0.07608	0.10665	0.03177	0.00907	0.00997	0.00702	0.00483	0.00398	0.00137	0.00584	0.00344	0.00303	0.00582
12	0.04680	0.01123	0.03335	0.11253	0.22746	0.04464	0.03625	0.13943	0.13947	0.02919	0.01059	0.01239	0.00832	0.00638	0.03554	0.00173	0.09069	0.00428	0.00310	0.00662

[dist]
# distance from previous block
# <min> <max>
0	18

[block]
# block no. 6 follows, 55 sequences, length 17
# corresponding to MSA columns:
# 298-314
name=unknown_G
#
# <colnr> <probs for GDERKNQSTAVLIFYWHMCP>
#	G	D	E	R	K	N	Q	S	T	A	V	L	I	F	Y	W	H	M	C	P
0	0.01421	0.01493	0.01128	0.02529	0.01283	0.40713	0.00756	0.01715	0.10501	0.07610	0.08101	0.01328	0.02427	0.00533	0.00430	0.00120	0.00588	0.00396	0.00327	0.16601
1	0.00784	0.00588	0.00677	0.00623	0.00778	0.00571	0.00475	0.10082	0.04601	0.01785	0.39428	0.07773	0.24402	0.00964	0.00529	0.00150	0.00267	0.00826	0.04221	0.00477
2	0.03880	0.00739	0.00863	0.00734	0.00983	0.00676	0.00561	0.13687	0.01159	0.04418	0.05001	0.30521	0.01729	0.00814	0.00464	0.00132	0.00342	0.00703	0.00383	0.32209
3	0.01183	0.01030	0.05847	0.01148	0.13593	0.04041	0.00819	0.21894	0.03863	0.06496	0.10749	0.03689	0.16751	0.00698	0.00482	0.00140	0.00428	0.00581	0.00396	0.06169
4	0.01225	0.79113	0.07094	0.00827	0.01242	0.01796	0.00851	0.01398	0.00947	0.01117	0.00658	0.00760	0.00597	0.00401	0.00307	0.00102	0.00509	0.00254	0.00199	0.00602
5	0.13878	0.01159	0.01211	0.00955	0.01280	0.01288	0.00779	0.59890	0.01833	0.02607	0.01077	0.01219	0.00823	0.06109	0.03658	0.00184	0.00514	0.00415	0.00420	0.00702
6	0.86937	0.00900	0.00684	0.00612	0.00900	0.01044	0.00504	0.01368	0.00792	0.02087	0.00648	0.00756	0.00504	0.00432	0.00288	0.00144	0.00360	0.00252	0.00288	0.00504
7	0.00676	0.00537	0.02922	0.00606	0.00739	0.00460	0.00473	0.00882	0.02650	0.03096	0.41892	0.15177	0.20436	0.01044	0.00545	0.00156	0.00257	0.03559	0.03454	0.00439
8	0.81288	0.00908	0.00720	0.00634	0.00927	0.01043	0.00522	0.03805	0.00854	0.04921	0.00704	0.00796	0.00536	0.00441	0.00300	0.00144	0.00366	0.00265	0.00304	0.00523
9	0.01703	0.01231	0.01294	0.01023	0.01359	0.06290	0.00834	0.52751	0.09081	0.13245	0.03662	0.01289	0.00991	0.00580	0.00490	0.00142	0.02379	0.00440	0.00462	0.00753
10	0.01622	0.02013	0.01333	0.01319	0.08801	0.68810	0.00923	0.01793	0.03717	0.01203	0.00915	0.01028	0.03536	0.00503	0.00430	0.00124	0.00776	0.00342	0.00253	0.00559
11	0.86937	0.00900	0.00684	0.00612	0.00900	0.01044	0.00504	0.01368	0.00792	0.02087	0.00648	0.00756	0.00504	0.00432	0.00288	0.00144	0.00360	0.00252	0.00288	0.00504
12	0.01511	0.02524	0.09347	0.01038	0.01371	0.11134	0.00901	0.28687	0.14613	0.13174	0.01292	0.02705	0.00972	0.00689	0.03395	0.00167	0.03789	0.01583	0.00404	0.00701
13	0.46743	0.00936	0.00787	0.00704	0.00944	0.06885	0.00552	0.07660	0.07568	0.01901	0.07473	0.03613	0.04672	0.07171	0.00533	0.00169	0.00396	0.00433	0.00342	0.00518
14	0.01294	0.00926	0.09656	0.00853	0.02699	0.00747	0.00733	0.08734	0.07379	0.27503	0.14403	0.05733	0.12881	0.00735	0.00491	0.00146	0.00382	0.00615	0.00462	0.03627
15	0.01000	0.00885	0.01127	0.00949	0.01121	0.03291	0.06362	0.12855	0.06535	0.01664	0.18307	0.05023	0.14274	0.00823	0.00776	0.00162	0.21535	0.00636	0.00375	0.02299
16	0.01626	0.03010	0.01095	0.02698	0.04039	0.00820	0.00697	0.15331	0.01372	0.42691	0.08144	0.01822	0.03769	0.07138	0.03435	0.00187	0.00444	0.00514	0.00482	0.00685

[dist]
# distance from previous block
# <min> <max>
4	10

[block]
# block no. 7 follows, 55 sequences, length 6
# corresponding to MSA columns:
# 326-331
name=unknown_H
#
# <colnr> <probs for GDERKNQSTAVLIFYWHMCP>
#	G	D	E	R	K	N	Q	S	T	A	V	L	I	F	Y	W	H	M	C	P
0	0.06926	0.01032	0.01205	0.00986	0.01230	0.08562	0.05322	0.12342	0.01208	0.21659	0.01470	0.06157	0.07273	0.00682	0.00685	0.00154	0.17645	0.00505	0.00379	0.04575
1	0.03541	0.00878	0.00910	0.00829	0.01023	0.10996	0.02395	0.08619	0.07901	0.15451	0.04998	0.31673	0.06985	0.00935	0.00513	0.00159	0.00405	0.00803	0.00434	0.00552
2	0.07358	0.01013	0.01117	0.00985	0.03731	0.01150	0.00753	0.29062	0.25022	0.02069	0.01367	0.01678	0.01134	0.11940	0.00797	0.00195	0.06398	0.03178	0.00402	0.00650
3	0.01189	0.01076	0.00944	0.00840	0.00999	0.19551	0.00614	0.20595	0.01220	0.01497	0.01234	0.05676	0.01222	0.31257	0.09792	0.00316	0.00632	0.00536	0.00322	0.00488
4	0.01275	0.01014	0.01269	0.01026	0.01280	0.01124	0.07166	0.40256	0.01540	0.02076	0.01559	0.07333	0.09785	0.01060	0.10460	0.00227	0.09973	0.00563	0.00384	0.00627
5	0.08088	0.00863	0.01103	0.00931	0.01157	0.07942	0.14287	0.01280	0.08334	0.04628	0.23932	0.05670	0.12852	0.00798	0.00514	0.00154	0.00424	0.06124	0.00400	0.00517

[dist]
# distance from previous block
# <min> <max>
0	10

[block]
# block no. 8 follows, 55 sequences, length 87
# corresponding to MSA columns:
# 342-428
name=unknown_I
#
# <colnr> <probs for GDERKNQSTAVLIFYWHMCP>
#	G	D	E	R	K	N	Q	S	T	A	V	L	I	F	Y	W	H	M	C	P
0	0.09784	0.01258	0.01328	0.01052	0.01369	0.08900	0.04695	0.46330	0.01699	0.06841	0.01197	0.01241	0.04520	0.00581	0.00536	0.00145	0.07007	0.00427	0.00400	0.00691
1	0.01363	0.01036	0.01899	0.01604	0.12840	0.00982	0.35125	0.05192	0.01200	0.23148	0.05326	0.03227	0.01090	0.01812	0.00556	0.00155	0.01883	0.00534	0.00356	0.00672
2	0.04133	0.00848	0.01315	0.01024	0.01326	0.00808	0.19769	0.05116	0.08328	0.22427	0.16185	0.02226	0.13037	0.00685	0.00508	0.00150	0.00438	0.00625	0.00436	0.00616
3	0.01412	0.01040	0.01155	0.04768	0.01329	0.01102	0.00762	0.40629	0.12672	0.07642	0.01722	0.01684	0.11788	0.00628	0.00466	0.00138	0.00434	0.00499	0.00437	0.09696
4	0.07421	0.01060	0.01154	0.00943	0.01225	0.02628	0.00762	0.48597	0.01685	0.05820	0.02791	0.08124	0.01094	0.01047	0.11903	0.00230	0.01926	0.00502	0.00417	0.00668
5	0.01256	0.77306	0.05163	0.00833	0.01234	0.05484	0.00833	0.01417	0.00964	0.01110	0.00657	0.00759	0.00597	0.00403	0.00309	0.00102	0.00520	0.00254	0.00201	0.00598
6	0.00585	0.00428	0.00547	0.00614	0.00669	0.00397	0.00421	0.00690	0.00962	0.01281	0.14174	0.56590	0.12695	0.04729	0.02742	0.00204	0.00291	0.01163	0.00433	0.00386
7	0.84747	0.00910	0.00702	0.00624	0.00914	0.01054	0.00514	0.03369	0.00828	0.02109	0.00660	0.00765	0.00511	0.00435	0.00292	0.00144	0.00364	0.00256	0.00292	0.00511
8	0.00945	0.05544	0.78207	0.01306	0.01982	0.01110	0.01683	0.01470	0.00981	0.01459	0.00828	0.00973	0.00590	0.00440	0.00436	0.00145	0.00680	0.00340	0.00197	0.00684
9	0.01317	0.01235	0.01219	0.01240	0.12386	0.17289	0.00850	0.02104	0.43018	0.06557	0.01441	0.01413	0.01095	0.00548	0.00452	0.00141	0.00489	0.00445	0.00386	0.06378
10	0.00675	0.00458	0.00544	0.00544	0.00556	0.00471	0.00327	0.00700	0.00687	0.00929	0.01433	0.02860	0.01611	0.71504	0.14405	0.00496	0.00571	0.00650	0.00277	0.00302
11	0.00995	0.01159	0.12774	0.39323	0.34022	0.01069	0.01406	0.01324	0.00989	0.01361	0.00847	0.01169	0.00662	0.00442	0.00460	0.00147	0.00603	0.00404	0.00215	0.00629
12	0.71354	0.00880	0.00756	0.00651	0.00953	0.00978	0.00537	0.01533	0.00891	0.16592	0.00866	0.00908	0.00623	0.00458	0.00321	0.00144	0.00366	0.00292	0.00341	0.00557
13	0.00601	0.00480	0.00540	0.00537	0.00671	0.00425	0.00401	0.00776	0.02975	0.01452	0.27158	0.10758	0.48142	0.01122	0.00553	0.00157	0.00240	0.02140	0.00457	0.00414
14	0.00553	0.00458	0.00485	0.00508	0.00638	0.00390	0.00370	0.00664	0.01025	0.01242	0.04270	0.20744	0.64579	0.01236	0.00559	0.00164	0.00243	0.01052	0.00432	0.00390
15	0.01071	0.01060	0.01385	0.64542	0.02814	0.12375	0.01204	0.07603	0.01086	0.01323	0.00835	0.01174	0.00631	0.00475	0.00459	0.00149	0.00642	0.00398	0.00232	0.00542
16	0.10374	0.01128	0.01204	0.00947	0.01287	0.01224	0.00777	0.54128	0.04052	0.11362	0.01434	0.02563	0.06216	0.00604	0.00455	0.00143	0.00457	0.00461	0.00457	0.00728
17	0.01173	0.01280	0.02332	0.08508	0.13331	0.07752	0.51630	0.05336	0.01151	0.01513	0.00913	0.01198	0.00699	0.00417	0.00515	0.00150	0.00730	0.00492	0.00244	0.00635
18	0.01244	0.83930	0.02438	0.00796	0.01194	0.01841	0.00796	0.01393	0.00945	0.01095	0.00647	0.00746	0.00597	0.00398	0.00299	0.00100	0.00498	0.00249	0.00199	0.00597
19	0.00637	0.00475	0.00592	0.00563	0.00682	0.00430	0.00422	0.00836	0.01266	0.01746	0.65556	0.03673	0.19411	0.00996	0.00549	0.00148	0.00223	0.00869	0.00496	0.00430
20	0.00889	0.00847	0.01459	0.78722	0.03168	0.01040	0.04970	0.01203	0.00938	0.01203	0.00832	0.01241	0.00624	0.00462	0.00469	0.00155	0.00628	0.00420	0.00208	0.00522
21	0.01832	0.04889	0.01338	0.00978	0.01343	0.01153	0.02369	0.43878	0.01766	0.32178	0.01385	0.02589	0.00953	0.00569	0.00462	0.00141	0.00469	0.00446	0.00490	0.00773
22	0.01148	0.00983	0.01043	0.00945	0.01202	0.01133	0.00739	0.03594	0.75082	0.01936	0.01908	0.01887	0.01468	0.00660	0.00481	0.00160	0.00373	0.04064	0.00471	0.00723
23	0.01145	0.35625	0.40682	0.01096	0.01619	0.09901	0.01256	0.01481	0.01003	0.01284	0.00746	0.00871	0.00594	0.00428	0.00381	0.00125	0.00626	0.00300	0.00202	0.00635
24	0.00891	0.00840	0.01418	0.78874	0.06764	0.01037	0.01298	0.01200	0.00936	0.01204	0.00829	0.01236	0.00626	0.00463	0.00465	0.00154	0.00617	0.00413	0.00208	0.00527
25	0.01244	0.83930	0.02438	0.00796	0.01194	0.01841	0.00796	0.01393	0.00945	0.01095	0.00647	0.00746	0.00597	0.00398	0.00299	0.00100	0.00498	0.00249	0.00199	0.00597
26	0.01232	0.01071	0.01629	0.23890	0.35942	0.01159	0.03367	0.19066	0.03655	0.03047	0.00965	0.01195	0.00744	0.00469	0.00466	0.00144	0.00560	0.00423	0.00290	0.00688
27	0.00648	0.00471	0.00610	0.00584	0.00691	0.00433	0.00435	0.00854	0.01278	0.01795	0.72167	0.08734	0.07566	0.00994	0.00552	0.00150	0.00223	0.00879	0.00503	0.00433
28	0.01162	0.01195	0.01727	0.05449	0.50543	0.12333	0.08475	0.01420	0.01116	0.01474	0.07784	0.01397	0.02866	0.00487	0.00473	0.00139	0.00581	0.00461	0.00260	0.00657
29	0.00600	0.00476	0.00546	0.00565	0.00695	0.00421	0.00435	0.00747	0.01092	0.01376	0.17234	0.11219	0.48878	0.01179	0.00568	0.00167	0.00265	0.12686	0.00445	0.00405
30	0.06985	0.00747	0.00739	0.00685	0.00888	0.08124	0.00541	0.01226	0.04075	0.15437	0.08665	0.04239	0.34901	0.00934	0.00514	0.00157	0.00356	0.09844	0.00436	0.00505
31	0.01096	0.40236	0.36917	0.01183	0.05377	0.01440	0.05106	0.01435	0.00974	0.01300	0.00754	0.00894	0.00606	0.00418	0.00381	0.00125	0.00597	0.00313	0.00201	0.00645
32	0.01194	0.00771	0.00803	0.00684	0.00875	0.02169	0.00528	0.27553	0.01360	0.04192	0.01370	0.01689	0.01115	0.12186	0.00664	0.00168	0.00365	0.00461	0.41307	0.00545
33	0.00676	0.00455	0.00526	0.00526	0.00532	0.00461	0.00305	0.00688	0.00682	0.00915	0.01449	0.02953	0.01651	0.77599	0.08364	0.00473	0.00511	0.00663	0.00279	0.00292
34	0.01038	0.01002	0.01777	0.26404	0.41187	0.01053	0.12203	0.01336	0.01025	0.01416	0.00957	0.01393	0.00797	0.00469	0.00480	0.00149	0.00592	0.03978	0.02109	0.00635
35	0.00930	0.00797	0.00918	0.00677	0.01058	0.00617	0.00538	0.01170	0.03978	0.01506	0.01264	0.01352	0.08863	0.00440	0.00370	0.00081	0.00334	0.00357	0.00299	0.74450
36	0.85105	0.00928	0.00697	0.00624	0.00911	0.02779	0.00512	0.01378	0.00803	0.02067	0.00649	0.00758	0.00506	0.00433	0.00291	0.00143	0.00370	0.00253	0.00287	0.00505
37	0.01244	0.83930	0.02438	0.00796	0.01194	0.01841	0.00796	0.01393	0.00945	0.01095	0.00647	0.00746	0.00597	0.00398	0.00299	0.00100	0.00498	0.00249	0.00199	0.00597
38	0.00562	0.00470	0.00489	0.00488	0.00637	0.00397	0.00365	0.00690	0.01085	0.01322	0.12941	0.06086	0.70555	0.01159	0.00551	0.00157	0.00235	0.00974	0.00441	0.00397
39	0.00645	0.00472	0.00606	0.00579	0.00689	0.00432	0.00432	0.00850	0.01276	0.01783	0.70567	0.07335	0.10608	0.00994	0.00551	0.00149	0.00223	0.00876	0.00502	0.00432
40	0.00903	0.00852	0.01440	0.75315	0.10229	0.01040	0.01304	0.01210	0.00942	0.01219	0.00831	0.01232	0.00631	0.00461	0.00465	0.00154	0.00614	0.00414	0.00209	0.00537
41	0.01862	0.00748	0.00978	0.00768	0.01084	0.00668	0.00628	0.04871	0.01301	0.64344	0.01754	0.01593	0.01146	0.00569	0.00443	0.00138	0.00369	0.00460	0.15549	0.00729
42	0.01000	0.01070	0.05863	0.02866	0.14616	0.00961	0.38378	0.02820	0.01103	0.02763	0.06669	0.08378	0.06271	0.00622	0.00534	0.00158	0.00597	0.04437	0.00298	0.00595
43	0.00630	0.00474	0.00583	0.00556	0.00678	0.00427	0.00417	0.00823	0.01250	0.01708	0.60883	0.03734	0.24108	0.01010	0.00549	0.00149	0.00224	0.00878	0.00491	0.00427
44	0.00561	0.00429	0.00515	0.00584	0.00658	0.00383	0.00404	0.00655	0.00952	0.01213	0.03341	0.54835	0.31087	0.01357	0.00578	0.00177	0.00258	0.01199	0.00432	0.00383
45	0.01768	0.01303	0.01396	0.01070	0.01443	0.01443	0.00884	0.79197	0.02187	0.02932	0.01117	0.01117	0.00791	0.00558	0.00465	0.00140	0.00512	0.00419	0.00465	0.00791
46	0.00564	0.00414	0.00530	0.00623	0.00668	0.00380	0.00421	0.00651	0.00914	0.01197	0.02865	0.72302	0.13928	0.01418	0.00588	0.00184	0.00265	0.01275	0.00432	0.00380
47	0.86937	0.00900	0.00684	0.00612	0.00900	0.01044	0.00504	0.01368	0.00792	0.02087	0.00648	0.00756	0.00504	0.00432	0.00288	0.00144	0.00360	0.00252	0.00288	0.00504
48	0.01244	0.83930	0.02438	0.00796	0.01194	0.01841	0.00796	0.01393	0.00945	0.01095	0.00647	0.00746	0.00597	0.00398	0.00299	0.00100	0.00498	0.00249	0.00199	0.00597
49	0.75042	0.00904	0.00751	0.00651	0.00950	0.01022	0.00537	0.04420	0.00900	0.10175	0.00787	0.00854	0.00581	0.00451	0.00313	0.00144	0.00369	0.00280	0.00324	0.00544
50	0.01553	0.01367	0.01370	0.01110	0.01433	0.16199	0.06267	0.37955	0.20173	0.03923	0.03093	0.01286	0.00990	0.00559	0.00467	0.00142	0.00548	0.00442	0.00413	0.00712
51	0.01566	0.01932	0.01208	0.01102	0.01301	0.67824	0.00816	0.01669	0.01209	0.01105	0.00820	0.01154	0.00753	0.12137	0.00728	0.00169	0.03405	0.00356	0.00244	0.00502
52	0.00665	0.00498	0.00748	0.00748	0.00831	0.00582	0.00582	0.00831	0.00748	0.01080	0.01246	0.01828	0.01163	0.03489	0.81807	0.00748	0.01246	0.00498	0.00249	0.00415
53	0.00723	0.00576	0.00819	0.00797	0.00879	0.01843	0.00625	0.01903	0.00772	0.01108	0.01185	0.01738	0.01105	0.03190	0.73044	0.00686	0.07838	0.00487	0.00248	0.00430
54	0.00596	0.00416	0.00550	0.00649	0.00687	0.00392	0.00447	0.00695	0.00917	0.01245	0.04510	0.72345	0.02992	0.01388	0.00582	0.00185	0.00276	0.06059	0.04684	0.00385
55	0.01495	0.01167	0.01242	0.01015	0.01339	0.01315	0.00818	0.44902	0.36927	0.02491	0.01464	0.01394	0.01072	0.00591	0.00469	0.00148	0.00448	0.00467	0.00469	0.00767
56	0.01157	0.00999	0.01052	0.00947	0.01210	0.01157	0.00736	0.02472	0.79908	0.01946	0.01893	0.01736	0.01420	0.00631	0.00473	0.00158	0.00368	0.00526	0.00473	0.00736
57	0.01851	0.00775	0.01038	0.00842	0.01162	0.00698	0.00699	0.03483	0.04918	0.64869	0.01913	0.02095	0.01371	0.00677	0.00493	0.00154	0.00401	0.11274	0.00548	0.00738
58	0.04338	0.00886	0.01439	0.55880	0.14493	0.01020	0.02910	0.02778	0.01012	0.09459	0.00938	0.01242	0.00692	0.00468	0.00460	0.00151	0.00579	0.00416	0.00256	0.00585
59	0.01676	0.12471	0.01459	0.01148	0.01408	0.71752	0.00886	0.01799	0.01272	0.01133	0.00710	0.00827	0.00599	0.00469	0.00404	0.00117	0.00796	0.00293	0.00235	0.00547
60	0.01230	0.75326	0.07700	0.00861	0.01276	0.03370	0.02294	0.01409	0.00958	0.01128	0.00666	0.00773	0.00599	0.00402	0.00315	0.00104	0.00522	0.00262	0.00200	0.00602
61	0.00567	0.00405	0.00540	0.00648	0.00675	0.00378	0.00432	0.00648	0.00891	0.01188	0.02564	0.83347	0.03077	0.01457	0.00594	0.00189	0.00270	0.01323	0.00432	0.00378
62	0.86937	0.00900	0.00684	0.00612	0.00900	0.01044	0.00504	0.01368	0.00792	0.02087	0.00648	0.00756	0.00504	0.00432	0.00288	0.00144	0.00360	0.00252	0.00288	0.00504
63	0.00658	0.00476	0.00622	0.00585	0.00695	0.00439	0.00439	0.00878	0.01317	0.01866	0.80503	0.03475	0.04390	0.00951	0.00549	0.00146	0.00219	0.00841	0.00512	0.00439
64	0.00640	0.00475	0.00596	0.00566	0.00684	0.00431	0.00424	0.00842	0.01273	0.01762	0.67640	0.03645	0.17317	0.00990	0.00549	0.00148	0.00222	0.00865	0.00499	0.00431
65	0.00661	0.00445	0.00516	0.00532	0.00537	0.00443	0.00309	0.00675	0.00708	0.00946	0.01619	0.14485	0.01880	0.70471	0.03549	0.00419	0.00440	0.00766	0.00303	0.00298
66	0.01957	0.00821	0.01076	0.00844	0.01191	0.00750	0.00691	0.02296	0.12335	0.69990	0.01843	0.01605	0.01189	0.00584	0.00469	0.00146	0.00392	0.00476	0.00561	0.00784
67	0.01045	0.00997	0.01697	0.33841	0.50592	0.01077	0.01375	0.01335	0.01009	0.01391	0.00856	0.01186	0.00692	0.00434	0.00462	0.00145	0.00579	0.00414	0.00221	0.00651
68	0.01895	0.01100	0.01271	0.00974	0.01342	0.01142	0.00805	0.48685	0.01848	0.33923	0.01402	0.01302	0.00934	0.00565	0.00466	0.00141	0.00466	0.00438	0.00509	0.00791
69	0.03272	0.04137	0.20178	0.02019	0.01370	0.14493	0.01808	0.12926	0.01204	0.07683	0.04019	0.03114	0.00988	0.05963	0.02110	0.00173	0.06798	0.00430	0.06719	0.00597
70	0.27012	0.05397	0.01160	0.02187	0.01268	0.43381	0.00761	0.02971	0.01155	0.09600	0.00817	0.00896	0.00631	0.00472	0.00381	0.00129	0.00627	0.00304	0.00290	0.00561
71	0.86937	0.00900	0.00684	0.00612	0.00900	0.01044	0.00504	0.01368	0.00792	0.02087	0.00648	0.00756	0.00504	0.00432	0.00288	0.00144	0.00360	0.00252	0.00288	0.00504
72	0.01829	0.00788	0.01029	0.00809	0.01133	0.00713	0.00661	0.07018	0.04185	0.62103	0.09924	0.01862	0.04489	0.00638	0.00479	0.00145	0.00378	0.00524	0.00553	0.00739
73	0.80330	0.00957	0.00725	0.00646	0.00934	0.04739	0.00528	0.01419	0.00833	0.04552	0.00689	0.00786	0.00529	0.00439	0.00300	0.00143	0.00383	0.00261	0.00295	0.00515
74	0.39040	0.09182	0.20733	0.03083	0.01366	0.15276	0.00926	0.03027	0.00976	0.01672	0.00720	0.00845	0.00559	0.00443	0.00358	0.00137	0.00547	0.00290	0.00250	0.00570
75	0.00684	0.00487	0.00713	0.02379	0.00857	0.00458	0.04832	0.00797	0.00932	0.04989	0.02425	0.66905	0.04280	0.02634	0.00612	0.00189	0.00321	0.04671	0.00421	0.00415
76	0.00737	0.00527	0.00735	0.00843	0.00944	0.00525	0.00728	0.00942	0.01059	0.01378	0.02470	0.10537	0.02704	0.01297	0.00639	0.00212	0.00418	0.72450	0.00429	0.00425
77	0.00690	0.00503	0.00744	0.00737	0.00829	0.00574	0.00574	0.00858	0.00786	0.02719	0.04142	0.01939	0.03007	0.03290	0.75522	0.00701	0.01171	0.00521	0.00269	0.00423
78	0.01704	0.00804	0.01040	0.00780	0.01159	0.00662	0.00639	0.01894	0.01206	0.53942	0.01491	0.01372	0.00994	0.00497	0.00426	0.00118	0.00378	0.00402	0.00473	0.30017
79	0.00606	0.00477	0.00551	0.00567	0.00682	0.00432	0.00412	0.00789	0.04416	0.01413	0.22197	0.25657	0.37768	0.01177	0.00558	0.00163	0.00247	0.01022	0.00453	0.00414
80	0.01244	0.83930	0.02438	0.00796	0.01194	0.01841	0.00796	0.01393	0.00945	0.01095	0.00647	0.00746	0.00597	0.00398	0.00299	0.00100	0.00498	0.00249	0.00199	0.00597
81	0.00808	0.00404	0.00606	0.00606	0.00606	0.00404	0.00404	0.00606	0.00606	0.00808	0.00808	0.01414	0.00808	0.01616	0.01818	0.86465	0.00404	0.00404	0.00202	0.00202
82	0.01116	0.01430	0.12696	0.01741	0.04835	0.06885	0.51791	0.01555	0.06515	0.01480	0.00994	0.02665	0.00773	0.00453	0.00545	0.00154	0.02982	0.00508	0.00249	0.00633
83	0.01239	0.01181	0.01111	0.01000	0.01243	0.13497	0.00779	0.03627	0.60432	0.01783	0.01647	0.01637	0.01272	0.00632	0.00524	0.00155	0.04744	0.02386	0.00422	0.00688
84	0.00766	0.00521	0.00705	0.00798	0.00905	0.00521	0.00690	0.00981	0.01058	0.01440	0.02331	0.04756	0.02469	0.01181	0.00598	0.00199	0.00399	0.66808	0.12444	0.00429
85	0.00697	0.00510	0.00595	0.00571	0.00696	0.00475	0.00419	0.00911	0.05714	0.03890	0.34182	0.05215	0.29127	0.12594	0.00800	0.00195	0.00276	0.02256	0.00450	0.00428
86	0.15100	0.21418	0.01234	0.00721	0.01015	0.01054	0.00621	0.10470	0.01165	0.18885	0.04162	0.01296	0.00999	0.00560	0.01670	0.00135	0.00399	0.00381	0.18113	0.00604

[dist]
# distance from previous block
# <min> <max>
0	2

[block]
# block no. 9 follows, 55 sequences, length 13
# corresponding to MSA columns:
# 431-443
name=unknown_J
#
# <colnr> <probs for GDERKNQSTAVLIFYWHMCP>
#	G	D	E	R	K	N	Q	S	T	A	V	L	I	F	Y	W	H	M	C	P
0	0.06766	0.01040	0.01081	0.00944	0.01226	0.01194	0.00744	0.14225	0.62845	0.02107	0.01694	0.01577	0.01264	0.00607	0.00460	0.00154	0.00390	0.00492	0.00460	0.00730
1	0.86937	0.00900	0.00684	0.00612	0.00900	0.01044	0.00504	0.01368	0.00792	0.02087	0.00648	0.00756	0.00504	0.00432	0.00288	0.00144	0.00360	0.00252	0.00288	0.00504
2	0.01002	0.02576	0.06392	0.00717	0.00923	0.03186	0.00594	0.03721	0.04445	0.14879	0.29525	0.09322	0.11424	0.08392	0.00682	0.00177	0.00350	0.00728	0.00446	0.00521
3	0.00961	0.00871	0.09039	0.00843	0.01095	0.00739	0.03951	0.03009	0.18876	0.09271	0.14320	0.07369	0.17574	0.00870	0.00524	0.00161	0.00376	0.09149	0.00435	0.00566
4	0.00933	0.02406	0.81240	0.01326	0.02014	0.01080	0.01719	0.01473	0.00982	0.01473	0.00835	0.00982	0.00589	0.00442	0.00442	0.00147	0.00688	0.00344	0.00196	0.00688
5	0.01137	0.01080	0.04015	0.06740	0.38100	0.05657	0.05326	0.04239	0.07431	0.05124	0.01230	0.12491	0.01111	0.00592	0.00478	0.00146	0.00520	0.00544	0.00302	0.03737
