[name]
unknown

[dist]
# distance from previous block
# <min> <max>
0	7

[block]
# block no. 0 follows, 69 sequences, length 45
# corresponding to MSA columns:
# 7-51
name=unknown_A
#
# <colnr> <probs for GDERKNQSTAVLIFYWHMCP>
#	G	D	E	R	K	N	Q	S	T	A	V	L	I	F	Y	W	H	M	C	P
0	0.01028	0.04898	0.18420	0.00863	0.01161	0.03769	0.00808	0.13772	0.32625	0.05872	0.02696	0.04946	0.01035	0.00534	0.00417	0.00129	0.02469	0.03651	0.00329	0.00578
1	0.00964	0.00900	0.01487	0.17434	0.63352	0.00940	0.01151	0.06701	0.00938	0.01311	0.00744	0.00982	0.00606	0.00365	0.00389	0.00119	0.00474	0.00349	0.00204	0.00590
2	0.01061	0.00851	0.00886	0.00772	0.00995	0.07037	0.02243	0.06064	0.49545	0.11291	0.05759	0.01646	0.08979	0.00566	0.00405	0.00128	0.00339	0.00468	0.00388	0.00575
3	0.00870	0.00907	0.00947	0.00845	0.00988	0.24259	0.09807	0.02671	0.00830	0.00996	0.00978	0.07150	0.00926	0.04985	0.40606	0.00372	0.00814	0.00430	0.00222	0.00400
4	0.00949	0.00931	0.01643	0.06813	0.67407	0.00943	0.10743	0.01191	0.00882	0.01253	0.00736	0.00982	0.00610	0.00359	0.00422	0.00121	0.02867	0.00362	0.00193	0.00595
5	0.01060	0.84050	0.02027	0.00680	0.01012	0.03917	0.00673	0.01185	0.00806	0.00923	0.00547	0.00631	0.00503	0.00337	0.00254	0.00084	0.00427	0.00211	0.00169	0.00502
6	0.01045	0.00517	0.00633	0.00537	0.00743	0.00443	0.00426	0.01173	0.01009	0.37984	0.08128	0.02633	0.41623	0.00755	0.00433	0.00127	0.00258	0.00627	0.00422	0.00483
7	0.00570	0.00380	0.00428	0.00428	0.00428	0.00380	0.00238	0.00570	0.00570	0.00760	0.01235	0.02566	0.01425	0.86222	0.01995	0.00380	0.00380	0.00570	0.00238	0.00238
8	0.01331	0.00838	0.00926	0.00776	0.01035	0.04439	0.00618	0.07729	0.42624	0.32972	0.01488	0.01344	0.01043	0.00504	0.00395	0.00126	0.00345	0.00410	0.00423	0.00634
9	0.00478	0.00341	0.00455	0.00546	0.00569	0.00318	0.00364	0.00546	0.00751	0.01001	0.02161	0.85966	0.02593	0.01228	0.00500	0.00159	0.00227	0.01114	0.00364	0.00318
10	0.00584	0.00404	0.00466	0.00457	0.00457	0.00421	0.00268	0.00589	0.00572	0.00769	0.01199	0.02481	0.01380	0.81976	0.01960	0.00370	0.04606	0.00559	0.00234	0.00247
11	0.01048	0.86458	0.02054	0.00671	0.01006	0.01551	0.00671	0.01174	0.00797	0.00922	0.00545	0.00629	0.00503	0.00335	0.00252	0.00084	0.00419	0.00210	0.00168	0.00503
12	0.00950	0.00910	0.01554	0.09863	0.76482	0.00926	0.01193	0.01185	0.00883	0.01256	0.00734	0.00977	0.00612	0.00353	0.00388	0.00118	0.00471	0.00349	0.00192	0.00604
13	0.00976	0.00941	0.01688	0.07773	0.57390	0.00941	0.18001	0.03484	0.00923	0.02943	0.00768	0.01000	0.00617	0.00354	0.00404	0.00121	0.00506	0.00374	0.00205	0.00592
14	0.53837	0.00882	0.00737	0.00630	0.00884	0.11978	0.00510	0.01412	0.00849	0.23795	0.00823	0.00834	0.00582	0.00402	0.00298	0.00119	0.00365	0.00267	0.00302	0.00494
15	0.01005	0.01106	0.10238	0.05320	0.16645	0.06386	0.16519	0.07823	0.27902	0.01448	0.01031	0.01117	0.00783	0.00423	0.00403	0.00125	0.00480	0.00389	0.00274	0.00583
16	0.85210	0.04443	0.00640	0.00522	0.00769	0.00908	0.00435	0.01153	0.00673	0.01723	0.00546	0.00637	0.00428	0.00363	0.00243	0.00120	0.00308	0.00212	0.00239	0.00428
17	0.01153	0.00886	0.01304	0.07495	0.38835	0.00916	0.02694	0.17483	0.07178	0.13275	0.02580	0.01128	0.00790	0.02024	0.00424	0.00125	0.00430	0.00377	0.00294	0.00609
18	0.00486	0.00398	0.00428	0.00421	0.00543	0.00340	0.00315	0.00606	0.00946	0.01184	0.23398	0.03567	0.64113	0.00946	0.00463	0.00130	0.00195	0.00798	0.00381	0.00340
19	0.03884	0.00915	0.01003	0.00764	0.01081	0.00924	0.00623	0.43487	0.06420	0.05199	0.00908	0.00935	0.00674	0.00409	0.00353	0.00098	0.00367	0.00314	0.00336	0.31305
20	0.00978	0.00792	0.01185	0.01427	0.35544	0.02320	0.05421	0.06153	0.04285	0.10342	0.12488	0.03904	0.07024	0.00508	0.00406	0.00118	0.00384	0.00460	0.00298	0.05963
21	0.05774	0.10553	0.36999	0.01037	0.01468	0.00972	0.14755	0.06540	0.04441	0.03455	0.01852	0.00909	0.00612	0.00381	0.00379	0.00116	0.01795	0.00321	0.00217	0.07423
22	0.01067	0.02210	0.01380	0.01148	0.07004	0.04529	0.22130	0.17356	0.02132	0.09119	0.02702	0.12297	0.00964	0.00563	0.00559	0.00135	0.13404	0.00487	0.00288	0.00527
23	0.00503	0.00356	0.00462	0.00521	0.00552	0.00336	0.00347	0.00581	0.00784	0.01061	0.15423	0.60591	0.02611	0.13097	0.00704	0.00184	0.00242	0.00971	0.00357	0.00316
24	0.83741	0.00753	0.00596	0.00527	0.00773	0.00861	0.00434	0.01198	0.00695	0.06712	0.00606	0.00679	0.00457	0.00371	0.00252	0.00121	0.00305	0.00223	0.00257	0.00439
25	0.01069	0.82259	0.02008	0.00688	0.01016	0.05676	0.00675	0.01193	0.00812	0.00924	0.00548	0.00633	0.00503	0.00339	0.00257	0.00085	0.00434	0.00212	0.00169	0.00501
26	0.00523	0.00383	0.00543	0.00588	0.00635	0.00406	0.00428	0.00627	0.00692	0.00955	0.01601	0.41517	0.01779	0.03853	0.41328	0.00393	0.00632	0.02499	0.00287	0.00333
27	0.00478	0.00341	0.00455	0.00546	0.00569	0.00318	0.00364	0.00546	0.00751	0.01001	0.02161	0.85966	0.02593	0.01228	0.00500	0.00159	0.00227	0.01114	0.00364	0.00318
28	0.00740	0.00697	0.01176	0.85280	0.02700	0.00871	0.01089	0.01002	0.00784	0.01002	0.00697	0.01045	0.00523	0.00392	0.00392	0.00131	0.00523	0.00348	0.00174	0.00436
29	0.01735	0.00705	0.00933	0.00716	0.01020	0.00633	0.00591	0.09029	0.01186	0.76840	0.01493	0.01300	0.00944	0.00484	0.00394	0.00121	0.00342	0.00391	0.00477	0.00667
30	0.00516	0.00397	0.00449	0.00436	0.00549	0.00349	0.00327	0.00656	0.00981	0.01296	0.37273	0.03296	0.45682	0.00884	0.00453	0.00126	0.00192	0.00753	0.05037	0.00349
31	0.88991	0.00758	0.00576	0.00516	0.00758	0.00879	0.00425	0.01152	0.00667	0.01759	0.00546	0.00637	0.00425	0.00364	0.00243	0.00121	0.00303	0.00212	0.00243	0.00425
32	0.00742	0.00731	0.01442	0.01115	0.01339	0.00727	0.40919	0.00962	0.00770	0.01066	0.00942	0.01405	0.00834	0.10010	0.34759	0.00359	0.00791	0.00456	0.00207	0.00427
33	0.01464	0.01868	0.01111	0.01010	0.01212	0.84648	0.00757	0.01565	0.01111	0.00959	0.00606	0.00707	0.00505	0.00404	0.00353	0.00101	0.00707	0.00252	0.00202	0.00454
34	0.00813	0.00697	0.00813	0.00581	0.00929	0.00523	0.00465	0.00987	0.00813	0.01277	0.00697	0.00813	0.00581	0.00290	0.00290	0.00058	0.00290	0.00232	0.00232	0.88619
35	0.01035	0.00872	0.00920	0.00810	0.01042	0.01003	0.00635	0.11505	0.73548	0.01737	0.01519	0.01402	0.01135	0.00525	0.00398	0.00131	0.00324	0.00433	0.00398	0.00626
36	0.00930	0.01125	0.06545	0.00788	0.00928	0.37171	0.00611	0.01039	0.00913	0.00999	0.01381	0.42848	0.01536	0.00809	0.00427	0.00131	0.00461	0.00681	0.00279	0.00396
37	0.04561	0.00829	0.02761	0.01049	0.06901	0.00752	0.19685	0.06434	0.01082	0.49929	0.01230	0.01188	0.00814	0.00433	0.00404	0.00123	0.00428	0.00396	0.00379	0.00622
38	0.00735	0.01339	0.42256	0.01075	0.01457	0.00766	0.19515	0.01052	0.00822	0.01169	0.01098	0.21681	0.01062	0.03587	0.00481	0.00144	0.00505	0.00540	0.00224	0.00492
39	0.00540	0.00434	0.00486	0.00473	0.00593	0.00399	0.00354	0.00754	0.08095	0.01280	0.30637	0.07807	0.44924	0.00901	0.00459	0.00131	0.00205	0.00770	0.00390	0.00369
40	0.01085	0.03756	0.21539	0.03047	0.09064	0.03773	0.17142	0.20558	0.04117	0.06142	0.00873	0.02554	0.00661	0.00425	0.00429	0.00124	0.03499	0.00371	0.00260	0.00581
41	0.00964	0.29936	0.37332	0.01011	0.01451	0.04270	0.10869	0.06523	0.02040	0.01212	0.00686	0.00801	0.00532	0.00365	0.00344	0.00111	0.00527	0.00289	0.00190	0.00549
42	0.00479	0.00368	0.00439	0.00485	0.00555	0.00328	0.00339	0.00569	0.00836	0.01073	0.09923	0.47399	0.33598	0.01101	0.00483	0.00146	0.00213	0.00970	0.00370	0.00328
43	0.13848	0.00860	0.09488	0.00998	0.03491	0.00741	0.25824	0.02732	0.04404	0.03074	0.05872	0.18181	0.07586	0.00611	0.00421	0.00134	0.00420	0.00572	0.00279	0.00465
44	0.06534	0.06790	0.12761	0.03192	0.06010	0.03942	0.06398	0.23249	0.05222	0.19422	0.01020	0.01038	0.01784	0.00434	0.00376	0.00119	0.00443	0.00349	0.00320	0.00597

[dist]
# distance from previous block
# <min> <max>
2	8

[block]
# block no. 1 follows, 69 sequences, length 16
# corresponding to MSA columns:
# 60-75
name=unknown_B
#
# <colnr> <probs for GDERKNQSTAVLIFYWHMCP>
#	G	D	E	R	K	N	Q	S	T	A	V	L	I	F	Y	W	H	M	C	P
0	0.08387	0.34903	0.10317	0.00848	0.04093	0.08052	0.00767	0.18689	0.04184	0.03110	0.00723	0.00787	0.00573	0.00386	0.00317	0.00103	0.00445	0.00271	0.00242	0.02801
1	0.01087	0.11804	0.29714	0.03955	0.01479	0.02608	0.12534	0.11344	0.07322	0.13030	0.00911	0.00975	0.00654	0.00403	0.00378	0.00120	0.00498	0.00340	0.00262	0.00582
2	0.00514	0.00361	0.00463	0.00514	0.00537	0.00351	0.00336	0.00574	0.00709	0.00955	0.06118	0.51470	0.02200	0.26136	0.06675	0.00254	0.00326	0.00887	0.00320	0.00300
3	0.01151	0.28287	0.01344	0.00792	0.01074	0.03793	0.00674	0.23305	0.32523	0.01612	0.01054	0.01034	0.00812	0.00449	0.00349	0.00112	0.00390	0.00339	0.00317	0.00590
4	0.00526	0.00368	0.00472	0.00514	0.00535	0.00368	0.00335	0.00579	0.00663	0.00895	0.01637	0.41152	0.01899	0.33882	0.14063	0.00316	0.00413	0.00800	0.00292	0.00292
5	0.02497	0.40365	0.29906	0.00871	0.01279	0.05923	0.02780	0.04358	0.02211	0.02806	0.00665	0.00757	0.00531	0.00362	0.00315	0.00102	0.00487	0.00259	0.00192	0.03335
6	0.01021	0.18448	0.19566	0.00937	0.01288	0.02819	0.09828	0.04087	0.29667	0.06852	0.01055	0.01070	0.00791	0.00427	0.00369	0.00119	0.00444	0.00354	0.00280	0.00579
7	0.00548	0.00421	0.00493	0.00499	0.00578	0.00416	0.00352	0.00704	0.06850	0.01020	0.05676	0.15577	0.28850	0.21310	0.14676	0.00276	0.00393	0.00711	0.00314	0.00333
8	0.07009	0.03126	0.08531	0.00952	0.05738	0.10872	0.08453	0.10136	0.10373	0.06112	0.12680	0.06686	0.01275	0.00552	0.00429	0.00126	0.03054	0.03079	0.00306	0.00511
9	0.07173	0.01205	0.15948	0.01327	0.21847	0.08662	0.06631	0.16368	0.05089	0.07634	0.00868	0.02282	0.00664	0.00420	0.00399	0.00121	0.02167	0.00349	0.00264	0.00582
10	0.00495	0.00378	0.00457	0.00491	0.00570	0.00339	0.00354	0.00603	0.00880	0.01144	0.19039	0.36380	0.31567	0.01053	0.00482	0.00144	0.00215	0.04698	0.00377	0.00335
11	0.00574	0.00554	0.08119	0.00522	0.00678	0.00409	0.00447	0.00747	0.00992	0.03726	0.41221	0.05658	0.33220	0.00838	0.00454	0.00128	0.00232	0.00719	0.00381	0.00381
12	0.02376	0.09997	0.13099	0.01228	0.14607	0.26680	0.07843	0.10125	0.05828	0.01288	0.00782	0.02971	0.00638	0.00412	0.00370	0.00113	0.00547	0.00330	0.00228	0.00539
13	0.02485	0.06410	0.11531	0.37380	0.11449	0.03055	0.03492	0.10178	0.03483	0.02601	0.02109	0.02658	0.00665	0.00416	0.00382	0.00123	0.00491	0.00356	0.00222	0.00514
14	0.01063	0.01316	0.09957	0.00886	0.01132	0.33504	0.00755	0.01222	0.00887	0.01078	0.00642	0.00806	0.00544	0.00505	0.03435	0.00122	0.15495	0.00272	0.00202	0.26175
15	0.14175	0.20930	0.14584	0.08530	0.06388	0.09082	0.10489	0.02890	0.00864	0.04381	0.00743	0.00876	0.02150	0.00385	0.00356	0.00114	0.02042	0.00302	0.00208	0.00508

[dist]
# distance from previous block
# <min> <max>
0	3

[block]
# block no. 2 follows, 69 sequences, length 74
# corresponding to MSA columns:
# 79-152
name=unknown_C
#
# <colnr> <probs for GDERKNQSTAVLIFYWHMCP>
#	G	D	E	R	K	N	Q	S	T	A	V	L	I	F	Y	W	H	M	C	P
0	0.43528	0.13303	0.19022	0.00796	0.01137	0.03206	0.08694	0.01207	0.02469	0.01446	0.00672	0.00778	0.01564	0.00371	0.00302	0.00117	0.00424	0.00267	0.00215	0.00483
1	0.01034	0.02818	0.00853	0.00779	0.08124	0.00618	0.04002	0.09020	0.00888	0.22756	0.01207	0.01829	0.01102	0.41940	0.01167	0.00245	0.00394	0.00470	0.00310	0.00445
2	0.00967	0.00875	0.01206	0.06857	0.35895	0.00954	0.00897	0.02972	0.41965	0.01462	0.01167	0.01221	0.00903	0.00445	0.00394	0.00126	0.00391	0.00396	0.00298	0.00610
3	0.00959	0.00800	0.00993	0.00822	0.02583	0.00810	0.08105	0.09945	0.34022	0.04532	0.01467	0.01481	0.08991	0.00500	0.00387	0.00114	0.00344	0.01753	0.00336	0.21057
4	0.00843	0.02651	0.05268	0.02362	0.04943	0.11970	0.14516	0.03930	0.04268	0.02687	0.01402	0.32703	0.03771	0.00712	0.00431	0.00130	0.00419	0.00646	0.00285	0.06062
5	0.67613	0.00757	0.00719	0.00726	0.08897	0.00839	0.00521	0.01247	0.00747	0.12309	0.00702	0.00775	0.00524	0.00423	0.01739	0.00130	0.00336	0.00253	0.00269	0.00474
6	0.00910	0.02305	0.16126	0.06686	0.28232	0.00884	0.09015	0.11738	0.02493	0.01379	0.03368	0.12063	0.00950	0.00505	0.00420	0.00127	0.01547	0.00460	0.00246	0.00548
7	0.00735	0.00563	0.00685	0.00566	0.00778	0.00483	0.00440	0.02347	0.04508	0.04203	0.33891	0.06049	0.01997	0.00645	0.02747	0.00113	0.00272	0.01448	0.00338	0.37192
8	0.04252	0.11221	0.58460	0.01185	0.09597	0.03617	0.03950	0.01237	0.00837	0.01221	0.00683	0.00816	0.00510	0.00365	0.00358	0.00118	0.00547	0.00288	0.00174	0.00563
9	0.01035	0.82133	0.06262	0.00694	0.01042	0.01518	0.00711	0.01177	0.00798	0.00939	0.00553	0.00639	0.00503	0.00337	0.00258	0.00086	0.00427	0.00214	0.00168	0.00507
10	0.00565	0.00399	0.00526	0.00526	0.00559	0.00433	0.00360	0.00633	0.00599	0.00833	0.01146	0.02069	0.01210	0.45931	0.41992	0.00501	0.00704	0.00498	0.00224	0.00292
11	0.00526	0.00431	0.00469	0.00458	0.00586	0.00389	0.00348	0.00719	0.06688	0.01223	0.22360	0.03435	0.56476	0.00919	0.00461	0.00132	0.00209	0.03427	0.00382	0.00361
12	0.00930	0.00891	0.01519	0.16857	0.69640	0.00921	0.01183	0.01168	0.00874	0.01232	0.00730	0.00983	0.00604	0.00357	0.00389	0.00119	0.00476	0.00349	0.00191	0.00589
13	0.33377	0.00700	0.00789	0.00632	0.00913	0.00686	0.00521	0.01636	0.00957	0.54222	0.01184	0.01082	0.00773	0.00441	0.00339	0.00121	0.00323	0.00328	0.00397	0.00579
14	0.00570	0.00380	0.00428	0.00428	0.00428	0.00380	0.00238	0.00570	0.00570	0.00760	0.01235	0.02566	0.01425	0.86222	0.01995	0.00380	0.00380	0.00570	0.00238	0.00238
15	0.00986	0.01132	0.06462	0.07513	0.04413	0.01020	0.69290	0.01291	0.00961	0.01314	0.00860	0.01151	0.00662	0.00392	0.00485	0.00146	0.00666	0.00468	0.00223	0.00569
16	0.00539	0.00400	0.00502	0.00476	0.00576	0.00363	0.00357	0.00709	0.01072	0.01482	0.69578	0.03077	0.17747	0.00835	0.00463	0.00125	0.00187	0.00730	0.00420	0.00363
17	0.00570	0.00380	0.00428	0.00428	0.00428	0.00380	0.00238	0.00570	0.00570	0.00760	0.01235	0.02566	0.01425	0.86222	0.01995	0.00380	0.00380	0.00570	0.00238	0.00238
18	0.01048	0.86458	0.02054	0.00671	0.01006	0.01551	0.00671	0.01174	0.00797	0.00922	0.00545	0.00629	0.00503	0.00335	0.00252	0.00084	0.00419	0.00210	0.00168	0.00503
19	0.00971	0.00923	0.01522	0.02249	0.75694	0.00936	0.01146	0.01289	0.08918	0.01316	0.00821	0.01018	0.00677	0.00367	0.00389	0.00118	0.00451	0.00358	0.00214	0.00621
20	0.01077	0.22018	0.37403	0.00966	0.01370	0.23898	0.01033	0.04449	0.00942	0.02527	0.00663	0.00760	0.00515	0.00378	0.00340	0.00108	0.00566	0.00265	0.00190	0.00532
21	0.13838	0.01162	0.01176	0.01014	0.03278	0.29800	0.16413	0.06938	0.00974	0.01258	0.00926	0.13610	0.00882	0.00541	0.00432	0.00125	0.04411	0.02514	0.00247	0.00460
22	0.00995	0.00885	0.02791	0.00887	0.05019	0.00983	0.00673	0.05856	0.73415	0.01653	0.01503	0.01400	0.01128	0.00517	0.00397	0.00131	0.00330	0.00431	0.00384	0.00622
23	0.88991	0.00758	0.00576	0.00516	0.00758	0.00879	0.00425	0.01152	0.00667	0.01759	0.00546	0.00637	0.00425	0.00364	0.00243	0.00121	0.00303	0.00212	0.00243	0.00425
24	0.00779	0.00705	0.02675	0.01511	0.43542	0.00695	0.00820	0.00941	0.00769	0.01085	0.00990	0.03523	0.00975	0.20869	0.15094	0.00269	0.00538	0.03537	0.00217	0.00468
25	0.00501	0.00399	0.00449	0.00436	0.00552	0.00347	0.00327	0.00635	0.00982	0.01268	0.36404	0.03429	0.51055	0.00915	0.00463	0.00129	0.00193	0.00779	0.00392	0.00347
26	0.40357	0.00869	0.00847	0.00695	0.00966	0.00965	0.00569	0.28198	0.10045	0.11594	0.00907	0.00908	0.00652	0.00432	0.00327	0.00121	0.00350	0.00305	0.00337	0.00554
27	0.00560	0.00412	0.00529	0.00493	0.00597	0.00374	0.00370	0.00738	0.01080	0.01524	0.74677	0.04403	0.07397	0.00797	0.00456	0.00122	0.00191	0.00702	0.00418	0.04160
28	0.88991	0.00758	0.00576	0.00516	0.00758	0.00879	0.00425	0.01152	0.00667	0.01759	0.00546	0.00637	0.00425	0.00364	0.00243	0.00121	0.00303	0.00212	0.00243	0.00425
29	0.00927	0.47314	0.40135	0.00878	0.01326	0.01254	0.01031	0.01205	0.00811	0.01070	0.00619	0.00721	0.00500	0.00353	0.00308	0.00103	0.00493	0.00247	0.00167	0.00538
30	0.00478	0.00360	0.00444	0.00509	0.00564	0.00325	0.00352	0.00559	0.00797	0.01028	0.03733	0.60825	0.24530	0.01156	0.00491	0.00152	0.00222	0.02788	0.00365	0.00323
31	0.00810	0.00768	0.01301	0.60302	0.27136	0.00889	0.01123	0.01062	0.00817	0.01086	0.00709	0.01023	0.00552	0.00379	0.00391	0.00126	0.00505	0.00349	0.00180	0.00491
32	0.00560	0.00420	0.00630	0.00630	0.00700	0.00490	0.00490	0.00700	0.00630	0.00910	0.01050	0.01540	0.00980	0.02940	0.84669	0.00630	0.01050	0.00420	0.00210	0.00350
33	0.00547	0.00420	0.00516	0.00561	0.00667	0.00389	0.00461	0.00687	0.00900	0.01130	0.06058	0.07580	0.38559	0.01038	0.00502	0.00156	0.00276	0.38840	0.00365	0.00346
34	0.00478	0.00341	0.00455	0.00546	0.00569	0.00318	0.00364	0.00546	0.00751	0.01001	0.02161	0.85966	0.02593	0.01228	0.00500	0.00159	0.00227	0.01114	0.00364	0.00318
35	0.00975	0.00842	0.00886	0.00798	0.01019	0.00975	0.00621	0.02083	0.83069	0.01640	0.01596	0.01463	0.01197	0.00532	0.00399	0.00133	0.00310	0.00443	0.00399	0.00621
36	0.37632	0.00974	0.00920	0.00743	0.01022	0.03501	0.00610	0.44727	0.03142	0.02114	0.00783	0.00820	0.00574	0.00426	0.00329	0.00119	0.00384	0.00294	0.00325	0.00559
37	0.00478	0.00361	0.00442	0.00500	0.00558	0.00325	0.00345	0.00562	0.00812	0.01050	0.07358	0.57569	0.25948	0.01136	0.00488	0.00149	0.00217	0.01009	0.00368	0.00325
38	0.88991	0.00758	0.00576	0.00516	0.00758	0.00879	0.00425	0.01152	0.00667	0.01759	0.00546	0.00637	0.00425	0.00364	0.00243	0.00121	0.00303	0.00212	0.00243	0.00425
39	0.00793	0.04200	0.82078	0.01106	0.01679	0.00927	0.01428	0.01240	0.00827	0.01233	0.00699	0.00823	0.00497	0.00372	0.00369	0.00123	0.00575	0.00288	0.00166	0.00577
40	0.00924	0.00891	0.01539	0.18303	0.65053	0.00922	0.04302	0.01166	0.00873	0.01226	0.00732	0.00988	0.00601	0.00357	0.00392	0.00120	0.00484	0.00353	0.00190	0.00582
41	0.00481	0.00344	0.00459	0.00550	0.00574	0.00321	0.00370	0.00552	0.00754	0.01005	0.02159	0.84176	0.02586	0.01225	0.00501	0.00160	0.00230	0.02871	0.00364	0.00319
42	0.01275	0.01038	0.01052	0.00861	0.01133	0.06338	0.00691	0.44642	0.32748	0.02028	0.01163	0.01122	0.00856	0.00485	0.00390	0.00121	0.00399	0.00378	0.00379	0.02899
43	0.03003	0.57130	0.15197	0.00781	0.01132	0.10377	0.00798	0.03266	0.00854	0.01036	0.00602	0.00703	0.00518	0.00426	0.02652	0.00109	0.00492	0.00237	0.00180	0.00508
44	0.02837	0.13805	0.34182	0.00932	0.01346	0.03971	0.02453	0.20703	0.01113	0.12763	0.00864	0.01852	0.00627	0.00416	0.00363	0.00116	0.00484	0.00317	0.00269	0.00590
45	0.00786	0.02028	0.84191	0.01117	0.01697	0.00910	0.01448	0.01242	0.00828	0.01242	0.00704	0.00828	0.00497	0.00372	0.00372	0.00124	0.00579	0.00290	0.00166	0.00579
46	0.00561	0.00398	0.00511	0.00484	0.00568	0.00371	0.00355	0.00730	0.01053	0.01496	0.73779	0.02853	0.03416	0.08463	0.00595	0.00145	0.00202	0.00687	0.02976	0.00358
47	0.01066	0.78761	0.04388	0.00705	0.01039	0.06679	0.00699	0.01200	0.00817	0.00934	0.00553	0.00640	0.00503	0.00341	0.00261	0.00086	0.00442	0.00215	0.00170	0.00502
48	0.00790	0.03298	0.82956	0.01111	0.01686	0.00920	0.01437	0.01241	0.00827	0.01237	0.00701	0.00825	0.00497	0.00372	0.00371	0.00124	0.00577	0.00288	0.00166	0.00578
49	0.00479	0.00349	0.00452	0.00530	0.00565	0.00321	0.00358	0.00554	0.00776	0.01025	0.05028	0.75195	0.10543	0.01191	0.00496	0.00155	0.00223	0.01073	0.00366	0.00321
50	0.00491	0.00355	0.00467	0.00552	0.00589	0.00332	0.00384	0.00572	0.00775	0.01021	0.02279	0.72611	0.08204	0.01198	0.00502	0.00159	0.00238	0.08584	0.00364	0.00323
51	0.00965	0.00926	0.01582	0.04311	0.81914	0.00930	0.01201	0.01199	0.00890	0.01274	0.00736	0.00972	0.00619	0.00350	0.00388	0.00117	0.00467	0.00349	0.00194	0.00617
52	0.83071	0.00833	0.00612	0.00549	0.00789	0.06546	0.00447	0.01180	0.00697	0.01705	0.00550	0.00642	0.00430	0.00367	0.00250	0.00120	0.00331	0.00215	0.00240	0.00427
53	0.00549	0.00400	0.00516	0.00487	0.00582	0.00367	0.00365	0.00728	0.01095	0.01538	0.78323	0.02984	0.08967	0.00814	0.00462	0.00124	0.00186	0.00717	0.00427	0.00367
54	0.01149	0.01746	0.32696	0.01049	0.01413	0.35447	0.04172	0.08639	0.07689	0.01267	0.00760	0.00848	0.00576	0.00405	0.00372	0.00115	0.00600	0.00299	0.00221	0.00537
55	0.00605	0.00431	0.00535	0.00496	0.00609	0.00397	0.00376	0.03444	0.01097	0.03914	0.64562	0.02964	0.17464	0.00815	0.00458	0.00125	0.00200	0.00709	0.00420	0.00382
56	0.01042	0.45052	0.01506	0.00738	0.01024	0.01286	0.00654	0.06245	0.35919	0.01317	0.01016	0.01002	0.00808	0.00427	0.00322	0.00107	0.00374	0.00317	0.00279	0.00563
57	0.03159	0.17356	0.06965	0.07366	0.08838	0.02122	0.06178	0.28305	0.01984	0.11905	0.00870	0.00935	0.00639	0.00410	0.00364	0.00113	0.00450	0.00328	0.00292	0.01422
58	0.01059	0.63238	0.14444	0.00780	0.01137	0.11636	0.00800	0.01232	0.00840	0.00975	0.00577	0.00669	0.00502	0.00349	0.00282	0.00092	0.00479	0.00227	0.00172	0.00509
59	0.77886	0.00822	0.00718	0.02554	0.00901	0.04438	0.05446	0.01173	0.00704	0.01677	0.00567	0.00675	0.00441	0.00364	0.00264	0.00121	0.00347	0.00232	0.00237	0.00432
60	0.24307	0.01187	0.01986	0.00877	0.03636	0.33625	0.04376	0.06389	0.02477	0.01326	0.00907	0.09061	0.00850	0.00526	0.00363	0.00122	0.00492	0.06785	0.00255	0.00453
61	0.00524	0.00400	0.00482	0.00461	0.00567	0.00357	0.00346	0.00681	0.01038	0.01402	0.57130	0.03209	0.30245	0.00865	0.00463	0.00126	0.00189	0.00748	0.00409	0.00357
62	0.01140	0.67770	0.01846	0.00746	0.01052	0.19910	0.00690	0.01260	0.00866	0.00931	0.00558	0.00646	0.00504	0.00351	0.00274	0.00088	0.00483	0.00219	0.00175	0.00492
63	0.00560	0.00420	0.00630	0.00630	0.00700	0.00490	0.00490	0.00700	0.00630	0.00910	0.01050	0.01540	0.00980	0.02940	0.84669	0.00630	0.01050	0.00420	0.00210	0.00350
64	0.00858	0.00833	0.09160	0.15124	0.22190	0.00756	0.00857	0.06802	0.06547	0.04936	0.26025	0.01611	0.01585	0.00523	0.00411	0.00123	0.00382	0.00461	0.00300	0.00515
65	0.00872	0.05550	0.45737	0.03028	0.34656	0.00948	0.01307	0.01219	0.00852	0.01238	0.00710	0.00879	0.00547	0.00362	0.00373	0.00119	0.00525	0.00311	0.00177	0.00590
66	0.00570	0.00380	0.00428	0.00428	0.00428	0.00380	0.00238	0.00570	0.00570	0.00760	0.01235	0.02566	0.01425	0.86222	0.01995	0.00380	0.00380	0.00570	0.00238	0.00238
67	0.00519	0.00401	0.00474	0.00459	0.00568	0.00356	0.00347	0.00668	0.01015	0.01349	0.48483	0.03317	0.36785	0.00888	0.00465	0.00129	0.00195	0.02827	0.00402	0.00354
68	0.00895	0.02830	0.33252	0.03961	0.47371	0.00934	0.02749	0.01213	0.00864	0.01252	0.00721	0.00913	0.00568	0.00359	0.00381	0.00119	0.00513	0.00326	0.00182	0.00597
69	0.01171	0.36859	0.09603	0.00808	0.01139	0.01259	0.00769	0.31398	0.03690	0.03093	0.00855	0.01044	0.00704	0.00446	0.00341	0.00109	0.00431	0.05437	0.00276	0.00569
70	0.00485	0.00398	0.00427	0.00419	0.00543	0.00340	0.00315	0.00604	0.00944	0.01178	0.22411	0.03577	0.65104	0.00949	0.00463	0.00130	0.00195	0.00800	0.00380	0.00340
71	0.00477	0.00342	0.00454	0.00543	0.00568	0.00319	0.00363	0.00546	0.00754	0.01002	0.02198	0.84262	0.04273	0.01223	0.00500	0.00159	0.00227	0.01109	0.00364	0.00319
72	0.01161	0.13062	0.03862	0.31885	0.04425	0.00976	0.00859	0.16916	0.02552	0.19160	0.00923	0.01026	0.00658	0.00420	0.00372	0.00119	0.00446	0.00339	0.00286	0.00553
73	0.01006	0.01176	0.02082	0.04312	0.01935	0.14487	0.66501	0.01297	0.00951	0.01200	0.00760	0.01001	0.00578	0.00344	0.00443	0.00127	0.00664	0.00425	0.00198	0.00514

[dist]
# distance from previous block
# <min> <max>
0	0

# created by:
# /st0/software/busco_prod/Augustus/scripts/msa2prfl.pl ./align_prep/32853.fa
