[name]
unknown

[dist]
# distance from previous block
# <min> <max>
0	90

[block]
# block no. 0 follows, 71 sequences, length 32
# corresponding to MSA columns:
# 104-135
name=unknown_A
#
# <colnr> <probs for GDERKNQSTAVLIFYWHMCP>
#	G	D	E	R	K	N	Q	S	T	A	V	L	I	F	Y	W	H	M	C	P
0	0.05139	0.00495	0.00637	0.00576	0.00708	0.00468	0.04352	0.03236	0.02463	0.10827	0.11208	0.21602	0.11557	0.10891	0.00646	0.04032	0.00284	0.01887	0.03827	0.05166
1	0.06996	0.06244	0.04631	0.03324	0.02077	0.03283	0.09514	0.12986	0.04249	0.11915	0.08459	0.06008	0.06023	0.00581	0.02188	0.00130	0.05000	0.00439	0.03088	0.02865
2	0.03767	0.04939	0.02453	0.04682	0.03655	0.01769	0.04470	0.06000	0.08103	0.02061	0.03277	0.13362	0.10428	0.03027	0.07762	0.00163	0.01298	0.00498	0.01287	0.17000
3	0.04244	0.00608	0.00714	0.00615	0.00802	0.00620	0.00484	0.07158	0.19951	0.20288	0.31326	0.01856	0.01930	0.00590	0.00396	0.00120	0.00263	0.00497	0.07032	0.00506
4	0.05577	0.08024	0.06960	0.00676	0.02299	0.04830	0.01713	0.06326	0.04204	0.04430	0.06257	0.18807	0.06583	0.11595	0.00675	0.04707	0.03196	0.00551	0.02184	0.00405
5	0.19297	0.00808	0.06160	0.00710	0.01014	0.00721	0.01945	0.10739	0.01065	0.51902	0.01184	0.01088	0.00773	0.00440	0.00355	0.00119	0.00351	0.00340	0.00392	0.00597
6	0.00659	0.00409	0.00508	0.00477	0.00553	0.00386	0.00331	0.00757	0.00843	0.09495	0.33542	0.04781	0.07446	0.34200	0.03783	0.00236	0.00299	0.00618	0.00341	0.00336
7	0.00967	0.11658	0.01381	0.01540	0.41407	0.00960	0.03896	0.03148	0.20428	0.03836	0.06183	0.01155	0.00927	0.00416	0.00373	0.00115	0.00399	0.00374	0.00262	0.00576
8	0.01004	0.34121	0.19911	0.05426	0.05435	0.01120	0.05709	0.09819	0.00918	0.06452	0.00728	0.00844	0.00573	0.00489	0.04534	0.00130	0.00491	0.00288	0.00213	0.01797
9	0.06491	0.03806	0.07048	0.00755	0.04953	0.00660	0.00604	0.03178	0.05915	0.01071	0.00958	0.01327	0.00859	0.04654	0.53137	0.00437	0.03142	0.00379	0.00218	0.00407
10	0.00559	0.05846	0.00653	0.00599	0.00671	0.00438	0.04476	0.00668	0.02117	0.02497	0.07335	0.68247	0.02331	0.01051	0.00466	0.00146	0.00256	0.00953	0.00343	0.00347
11	0.00520	0.00357	0.00428	0.00463	0.00475	0.00347	0.00282	0.00548	0.00634	0.00842	0.01621	0.35587	0.03568	0.51072	0.01343	0.00281	0.00309	0.00773	0.00284	0.00265
12	0.00968	0.00878	0.01488	0.09442	0.72981	0.00889	0.01137	0.01194	0.00875	0.05360	0.00757	0.00973	0.00616	0.00352	0.00380	0.00115	0.00454	0.00344	0.00202	0.00594
13	0.01089	0.04146	0.01182	0.02726	0.24615	0.09317	0.00813	0.16272	0.32726	0.01549	0.01059	0.01092	0.00814	0.00437	0.00376	0.00118	0.00414	0.00363	0.00301	0.00592
14	0.00715	0.00357	0.00357	0.00357	0.00447	0.00357	0.00268	0.00893	0.00804	0.01429	0.01251	0.01429	0.00983	0.00447	0.00268	0.00089	0.00179	0.00357	0.88654	0.00357
15	0.03417	0.25104	0.20892	0.01973	0.01227	0.08488	0.02115	0.15548	0.01045	0.15528	0.00815	0.00851	0.00596	0.00392	0.00335	0.00107	0.00462	0.00288	0.00260	0.00558
16	0.00904	0.02527	0.22796	0.01369	0.01778	0.05277	0.50118	0.01306	0.07676	0.01236	0.00805	0.00987	0.00600	0.00354	0.00417	0.00125	0.00597	0.00394	0.00202	0.00533
17	0.01439	0.01096	0.01112	0.06225	0.01255	0.11825	0.00732	0.57685	0.01562	0.11836	0.00934	0.00943	0.00658	0.00449	0.00379	0.00114	0.00451	0.00337	0.00357	0.00611
18	0.78365	0.00768	0.00623	0.00539	0.00786	0.00875	0.00444	0.08115	0.00756	0.01762	0.00573	0.00655	0.00441	0.00362	0.00252	0.00116	0.00307	0.00220	0.00249	0.03793
19	0.00650	0.00413	0.00475	0.00456	0.00490	0.00412	0.00278	0.00722	0.04735	0.06110	0.05231	0.02397	0.01462	0.72683	0.01703	0.00332	0.00356	0.00547	0.00265	0.00284
20	0.00715	0.00357	0.00357	0.00357	0.00447	0.00357	0.00268	0.00893	0.00804	0.01429	0.01251	0.01429	0.00983	0.00447	0.00268	0.00089	0.00179	0.00357	0.88654	0.00357
21	0.00968	0.01000	0.01260	0.03114	0.09569	0.14784	0.09901	0.04651	0.02251	0.02134	0.03730	0.03838	0.00727	0.00555	0.00791	0.00140	0.39535	0.00376	0.00211	0.00464
22	0.00724	0.00681	0.01150	0.85604	0.02641	0.00852	0.01065	0.00980	0.00767	0.00980	0.00681	0.01022	0.00511	0.00383	0.00383	0.00128	0.00511	0.00341	0.00170	0.00426
23	0.01415	0.01798	0.01089	0.00988	0.01180	0.82524	0.00744	0.01513	0.01072	0.00938	0.00590	0.00696	0.00494	0.00403	0.00373	0.00101	0.03192	0.00250	0.00197	0.00444
24	0.00726	0.00674	0.01123	0.71241	0.08638	0.00814	0.01021	0.00969	0.00785	0.01013	0.00871	0.01309	0.03255	0.00441	0.00394	0.00130	0.00487	0.05487	0.00189	0.00432
25	0.00788	0.05063	0.05185	0.00877	0.00957	0.00957	0.03430	0.00904	0.00670	0.02894	0.03742	0.03610	0.04938	0.06566	0.05957	0.00195	0.51006	0.01643	0.00208	0.00411
26	0.00546	0.00401	0.00576	0.00579	0.00634	0.00454	0.00433	0.00657	0.00612	0.00869	0.01105	0.05425	0.01101	0.16779	0.67387	0.00555	0.00882	0.00465	0.00217	0.00323
27	0.07109	0.00717	0.03348	0.08010	0.01124	0.00650	0.00624	0.06841	0.01068	0.61694	0.01309	0.01202	0.00846	0.00454	0.00372	0.00118	0.00349	0.00364	0.03196	0.00606
28	0.04149	0.13979	0.09409	0.09028	0.12800	0.13383	0.06523	0.10590	0.05302	0.05033	0.02365	0.02311	0.00680	0.00412	0.00378	0.00113	0.02453	0.00330	0.00237	0.00525
29	0.02622	0.01474	0.22410	0.02438	0.05437	0.27590	0.15725	0.07520	0.01984	0.04978	0.00768	0.02834	0.00600	0.00403	0.00390	0.00116	0.01637	0.00335	0.00220	0.00519
30	0.00562	0.00443	0.00491	0.00502	0.03203	0.01801	0.00363	0.00685	0.00930	0.04657	0.19876	0.03305	0.57378	0.00885	0.00448	0.00128	0.00219	0.03398	0.00366	0.00357
31	0.02884	0.05297	0.10262	0.03419	0.09878	0.00789	0.12894	0.10690	0.02059	0.18196	0.03074	0.12177	0.02326	0.03013	0.00445	0.00131	0.00416	0.01221	0.00302	0.00527

[dist]
# distance from previous block
# <min> <max>
1	10

[block]
# block no. 1 follows, 71 sequences, length 6
# corresponding to MSA columns:
# 146-151
name=unknown_B
#
# <colnr> <probs for GDERKNQSTAVLIFYWHMCP>
#	G	D	E	R	K	N	Q	S	T	A	V	L	I	F	Y	W	H	M	C	P
0	0.01135	0.00942	0.03073	0.02421	0.01052	0.07790	0.00624	0.38957	0.03598	0.03627	0.03463	0.04994	0.04054	0.02097	0.00396	0.00110	0.00383	0.00383	0.03424	0.17477
1	0.00766	0.00647	0.00869	0.10735	0.04232	0.02699	0.03053	0.00932	0.00775	0.04228	0.04941	0.01237	0.03310	0.02730	0.19637	0.00218	0.05612	0.00353	0.00232	0.32795
2	0.00548	0.00411	0.00616	0.00616	0.00685	0.00479	0.00479	0.00685	0.00616	0.00890	0.01027	0.01506	0.00959	0.02876	0.85006	0.00616	0.01027	0.00411	0.00205	0.00342
3	0.01147	0.00946	0.07184	0.02951	0.05416	0.03618	0.02547	0.31745	0.09317	0.11141	0.02673	0.03599	0.03577	0.08198	0.00566	0.00144	0.03937	0.00413	0.00329	0.00551
4	0.00491	0.00384	0.00446	0.00454	0.00554	0.00340	0.00338	0.00614	0.00921	0.01189	0.28452	0.15016	0.43581	0.00949	0.00462	0.00133	0.00202	0.04762	0.00376	0.00335
5	0.01022	0.54533	0.07813	0.00755	0.02763	0.04077	0.02722	0.04631	0.03078	0.05953	0.03515	0.03469	0.03414	0.00414	0.00305	0.00097	0.00411	0.00306	0.00220	0.00503

[dist]
# distance from previous block
# <min> <max>
7	24

[block]
# block no. 2 follows, 71 sequences, length 13
# corresponding to MSA columns:
# 178-190
name=unknown_C
#
# <colnr> <probs for GDERKNQSTAVLIFYWHMCP>
#	G	D	E	R	K	N	Q	S	T	A	V	L	I	F	Y	W	H	M	C	P
0	0.00958	0.02738	0.05510	0.00806	0.04830	0.05692	0.00634	0.14746	0.22248	0.05982	0.17253	0.04800	0.07591	0.00595	0.00436	0.00123	0.03708	0.00486	0.00349	0.00516
1	0.00568	0.00383	0.00461	0.00472	0.00550	0.00348	0.00332	0.00664	0.00837	0.05703	0.18099	0.29587	0.23771	0.12615	0.00658	0.00167	0.00232	0.00803	0.03414	0.00334
2	0.02056	0.02822	0.05711	0.06510	0.09016	0.05041	0.08668	0.14514	0.19999	0.04007	0.04756	0.02387	0.01955	0.00587	0.03846	0.01603	0.05303	0.00397	0.00288	0.00533
3	0.53376	0.00691	0.00676	0.00566	0.00816	0.00728	0.00465	0.01367	0.00834	0.30947	0.05497	0.00988	0.00781	0.00422	0.00302	0.00119	0.00301	0.00297	0.00331	0.00496
4	0.00954	0.08079	0.02556	0.02437	0.04497	0.19512	0.03453	0.07597	0.17299	0.01247	0.05206	0.06061	0.13213	0.03730	0.02370	0.00138	0.00428	0.00464	0.00289	0.00469
5	0.00508	0.00389	0.00433	0.00434	0.00546	0.00336	0.00321	0.00617	0.00898	0.03542	0.17737	0.15205	0.55765	0.00956	0.00456	0.00131	0.00200	0.00816	0.00371	0.00338
6	0.00618	0.00582	0.04111	0.00668	0.03564	0.03369	0.03438	0.00833	0.07714	0.01173	0.19963	0.21737	0.17703	0.04968	0.05149	0.00171	0.02825	0.00700	0.00329	0.00383
7	0.00949	0.00911	0.01556	0.02353	0.84133	0.00911	0.01177	0.01177	0.00873	0.01253	0.00721	0.00949	0.00607	0.00342	0.00380	0.00114	0.00456	0.00342	0.00190	0.00607
8	0.00962	0.03228	0.08828	0.10062	0.11404	0.02331	0.08909	0.17078	0.16930	0.01495	0.06839	0.01285	0.03187	0.00477	0.00430	0.00124	0.03896	0.01711	0.00284	0.00542
9	0.00537	0.00411	0.00502	0.00514	0.00588	0.00397	0.00370	0.02605	0.03110	0.01176	0.23605	0.35344	0.20813	0.04647	0.00555	0.00149	0.03130	0.00840	0.00363	0.00344
10	0.06549	0.00929	0.03583	0.00838	0.07604	0.12102	0.02483	0.07626	0.02058	0.05673	0.00781	0.00944	0.00636	0.01640	0.00349	0.00091	0.00387	0.02237	0.00249	0.43243
11	0.04469	0.21891	0.02927	0.11001	0.06714	0.09797	0.06557	0.11908	0.04747	0.05418	0.00823	0.05004	0.00687	0.00434	0.00381	0.00112	0.03703	0.00342	0.01429	0.01658
12	0.20811	0.05905	0.03705	0.00696	0.00930	0.08750	0.03633	0.09426	0.04788	0.09718	0.05970	0.09448	0.06326	0.00534	0.00368	0.00116	0.01727	0.00421	0.00299	0.06431

[dist]
# distance from previous block
# <min> <max>
0	19

[block]
# block no. 3 follows, 71 sequences, length 12
# corresponding to MSA columns:
# 211-222
name=unknown_D
#
# <colnr> <probs for GDERKNQSTAVLIFYWHMCP>
#	G	D	E	R	K	N	Q	S	T	A	V	L	I	F	Y	W	H	M	C	P
0	0.00869	0.03556	0.08575	0.03499	0.12515	0.03159	0.06691	0.08541	0.11689	0.03526	0.04683	0.05684	0.06753	0.04209	0.08220	0.00177	0.03558	0.00447	0.00271	0.03379
1	0.00593	0.00434	0.00562	0.05524	0.03477	0.00404	0.00419	0.00745	0.00973	0.05353	0.43017	0.08880	0.26551	0.00815	0.00445	0.00126	0.00223	0.00708	0.00378	0.00373
2	0.01830	0.07768	0.17924	0.08606	0.06132	0.02445	0.07271	0.09194	0.11219	0.05659	0.05230	0.02478	0.06278	0.00470	0.00379	0.00117	0.00424	0.01320	0.00268	0.04988
3	0.00489	0.00346	0.00453	0.00520	0.00541	0.00334	0.00343	0.00549	0.00695	0.00931	0.01877	0.65503	0.02222	0.16246	0.06848	0.00227	0.00307	0.00948	0.00323	0.00300
4	0.02592	0.03549	0.00845	0.00599	0.00917	0.03073	0.00483	0.05459	0.00863	0.04053	0.00812	0.00907	0.02977	0.00391	0.02424	0.00081	0.00325	0.00260	0.00244	0.69145
5	0.00540	0.00366	0.00433	0.00453	0.00468	0.00359	0.00278	0.00562	0.00626	0.00830	0.03261	0.19581	0.04820	0.59256	0.01508	0.02473	0.00329	0.03333	0.00268	0.00257
6	0.00919	0.07361	0.14368	0.03472	0.08434	0.06144	0.06499	0.05023	0.20016	0.03448	0.01078	0.07216	0.02070	0.05484	0.00537	0.00139	0.06598	0.00419	0.00262	0.00513
7	0.00487	0.00371	0.00438	0.00465	0.00540	0.00334	0.00330	0.00583	0.00837	0.01082	0.16911	0.31111	0.33144	0.08454	0.00598	0.00159	0.00221	0.03260	0.00357	0.00319
8	0.03385	0.26453	0.04652	0.02970	0.02318	0.06157	0.03102	0.33365	0.07210	0.01618	0.02208	0.00981	0.00710	0.00431	0.00344	0.00108	0.00431	0.02719	0.00282	0.00556
9	0.00511	0.00378	0.00453	0.00464	0.00531	0.00351	0.00325	0.00607	0.00827	0.01095	0.24503	0.18512	0.23703	0.19919	0.03527	0.00203	0.00267	0.03168	0.00342	0.00313
10	0.00576	0.00435	0.00572	0.00629	0.03904	0.00420	0.01866	0.06534	0.00848	0.01127	0.06822	0.56152	0.10721	0.05357	0.00545	0.00157	0.00258	0.02378	0.00346	0.00352
11	0.03563	0.13839	0.28422	0.01231	0.16033	0.08032	0.09652	0.03590	0.04137	0.04833	0.02693	0.00911	0.00642	0.00376	0.00358	0.00113	0.00501	0.00317	0.00211	0.00546

[dist]
# distance from previous block
# <min> <max>
1	8

[block]
# block no. 4 follows, 71 sequences, length 12
# corresponding to MSA columns:
# 231-242
name=unknown_E
#
# <colnr> <probs for GDERKNQSTAVLIFYWHMCP>
#	G	D	E	R	K	N	Q	S	T	A	V	L	I	F	Y	W	H	M	C	P
0	0.03963	0.03599	0.01119	0.01011	0.10072	0.21250	0.03486	0.29511	0.05467	0.06251	0.01098	0.02356	0.06905	0.00508	0.01597	0.00121	0.00471	0.00370	0.00301	0.00544
1	0.00577	0.00391	0.00474	0.00467	0.00546	0.00358	0.00328	0.00679	0.00867	0.05579	0.30514	0.16386	0.20513	0.19689	0.00784	0.00183	0.00240	0.00737	0.00358	0.00332
2	0.00734	0.00696	0.01152	0.78047	0.02495	0.00881	0.01045	0.00975	0.00751	0.00975	0.00666	0.01006	0.00510	0.00409	0.00461	0.00131	0.08131	0.00340	0.00170	0.00425
3	0.00530	0.00366	0.00428	0.00445	0.00465	0.00355	0.00272	0.00564	0.00655	0.00871	0.07473	0.20171	0.07812	0.56315	0.01429	0.00291	0.00314	0.00697	0.00281	0.00265
4	0.00867	0.00802	0.01235	0.20944	0.26593	0.00870	0.08038	0.03275	0.22824	0.01312	0.05006	0.03257	0.02368	0.00452	0.00397	0.00124	0.00421	0.00418	0.00261	0.00535
5	0.00514	0.00388	0.00445	0.00457	0.00561	0.00340	0.00340	0.00624	0.00885	0.03487	0.15555	0.19955	0.48920	0.00979	0.00462	0.00135	0.00210	0.05035	0.00369	0.00338
6	0.01050	0.68360	0.07669	0.00725	0.01054	0.08565	0.00717	0.03212	0.03816	0.00989	0.00596	0.00672	0.00520	0.00346	0.00271	0.00089	0.00441	0.00226	0.00180	0.00501
7	0.00787	0.07941	0.78738	0.01062	0.01612	0.00934	0.01363	0.01210	0.00807	0.01192	0.00677	0.00796	0.00486	0.00362	0.00356	0.00119	0.00556	0.00278	0.00162	0.00561
8	0.00951	0.10806	0.09615	0.02180	0.13506	0.14264	0.09258	0.03431	0.00908	0.05152	0.02182	0.11335	0.05101	0.00529	0.00396	0.00117	0.01576	0.03586	0.00244	0.04863
9	0.03496	0.02827	0.05242	0.49549	0.03398	0.05767	0.05961	0.01039	0.02774	0.03018	0.00965	0.08167	0.03971	0.00509	0.01632	0.00134	0.00485	0.00417	0.00211	0.00439
10	0.00972	0.11217	0.08553	0.26651	0.03449	0.08800	0.05149	0.11190	0.08613	0.02426	0.00788	0.00944	0.00606	0.00435	0.01792	0.00122	0.01590	0.00320	0.00228	0.06154
11	0.07238	0.04293	0.07164	0.00962	0.11052	0.13502	0.03667	0.06841	0.04584	0.05849	0.06346	0.05638	0.05664	0.01496	0.00425	0.00118	0.03891	0.02422	0.00269	0.08579

[dist]
# distance from previous block
# <min> <max>
1	13

[block]
# block no. 5 follows, 71 sequences, length 8
# corresponding to MSA columns:
# 256-263
name=unknown_F
#
# <colnr> <probs for GDERKNQSTAVLIFYWHMCP>
#	G	D	E	R	K	N	Q	S	T	A	V	L	I	F	Y	W	H	M	C	P
0	0.05820	0.01806	0.00804	0.02731	0.10852	0.05528	0.02241	0.03872	0.02361	0.04039	0.13894	0.22188	0.07101	0.03398	0.03196	0.00154	0.04534	0.03669	0.00306	0.01506
1	0.00520	0.00384	0.00483	0.00518	0.00582	0.00362	0.00366	0.03684	0.00861	0.01150	0.18646	0.51463	0.14497	0.01113	0.03345	0.00159	0.00245	0.00919	0.00365	0.00337
2	0.01262	0.04108	0.01161	0.04319	0.04996	0.43476	0.05866	0.11599	0.09546	0.04970	0.00902	0.02522	0.02712	0.00439	0.00369	0.00110	0.00551	0.00333	0.00257	0.00504
3	0.03243	0.00790	0.01050	0.02297	0.16169	0.00808	0.05018	0.15721	0.12387	0.06787	0.02289	0.03998	0.02101	0.03732	0.01633	0.00128	0.03411	0.00388	0.03182	0.14866
4	0.00913	0.02985	0.10178	0.22760	0.12623	0.13576	0.08041	0.06118	0.00909	0.01165	0.03451	0.02548	0.02935	0.00543	0.04202	0.00142	0.04073	0.00367	0.01994	0.00479
5	0.00724	0.00681	0.01150	0.85604	0.02641	0.00852	0.01065	0.00980	0.00767	0.00980	0.00681	0.01022	0.00511	0.00383	0.00383	0.00128	0.00511	0.00341	0.00170	0.00426
6	0.00573	0.00427	0.00591	0.00586	0.00650	0.00485	0.00438	0.00737	0.05340	0.00902	0.01093	0.01701	0.01057	0.19349	0.63678	0.00540	0.00856	0.00441	0.00221	0.00336
7	0.03664	0.12744	0.01208	0.07152	0.03771	0.48658	0.00747	0.10444	0.03181	0.04025	0.00686	0.00777	0.00547	0.00396	0.00340	0.00103	0.00571	0.00271	0.00227	0.00488

[dist]
# distance from previous block
# <min> <max>
5	6

[block]
# block no. 6 follows, 71 sequences, length 7
# corresponding to MSA columns:
# 270-276
name=unknown_G
#
# <colnr> <probs for GDERKNQSTAVLIFYWHMCP>
#	G	D	E	R	K	N	Q	S	T	A	V	L	I	F	Y	W	H	M	C	P
0	0.00564	0.03716	0.00497	0.00460	0.00485	0.00410	0.00290	0.00596	0.00633	0.00842	0.05493	0.14878	0.01674	0.62589	0.01533	0.00308	0.00341	0.04164	0.00263	0.00266
1	0.03505	0.20763	0.05270	0.04265	0.07590	0.04419	0.05328	0.04005	0.06037	0.11488	0.04429	0.02924	0.03606	0.00482	0.00449	0.00116	0.09430	0.02294	0.00259	0.03340
2	0.18609	0.13594	0.04207	0.00924	0.08880	0.11864	0.05034	0.10570	0.03430	0.05532	0.00781	0.00867	0.02222	0.00392	0.00352	0.00107	0.03163	0.00290	0.00244	0.08938
3	0.08514	0.15195	0.13924	0.00987	0.07941	0.05789	0.07823	0.11584	0.02519	0.01321	0.02533	0.04360	0.00696	0.00454	0.00439	0.02414	0.06480	0.00335	0.00227	0.06466
4	0.02443	0.03489	0.07382	0.00777	0.04048	0.07230	0.02741	0.04788	0.04260	0.17063	0.11934	0.09603	0.03693	0.03412	0.03149	0.00141	0.04060	0.00468	0.00315	0.09003
5	0.00984	0.04028	0.04661	0.04782	0.08305	0.11254	0.06240	0.07048	0.09307	0.08237	0.05003	0.06672	0.05557	0.00567	0.02514	0.00127	0.03753	0.00422	0.00280	0.10259
6	0.00884	0.04559	0.03843	0.03447	0.08629	0.05028	0.03176	0.10164	0.02794	0.07396	0.07633	0.17655	0.04153	0.02868	0.04617	0.01815	0.00390	0.00521	0.00296	0.10130

[dist]
# distance from previous block
# <min> <max>
11	54

[block]
# block no. 7 follows, 71 sequences, length 42
# corresponding to MSA columns:
# 335-341,343-377
name=unknown_H
#
# <colnr> <probs for GDERKNQSTAVLIFYWHMCP>
#	G	D	E	R	K	N	Q	S	T	A	V	L	I	F	Y	W	H	M	C	P
0	0.06116	0.15411	0.14740	0.02645	0.07947	0.12144	0.10922	0.10815	0.01985	0.05517	0.00765	0.03256	0.00616	0.00414	0.00403	0.00115	0.05109	0.00328	0.00228	0.00524
1	0.00676	0.00612	0.01838	0.01987	0.03489	0.07519	0.01564	0.02450	0.03863	0.01068	0.12002	0.10427	0.11425	0.13613	0.19262	0.00272	0.05029	0.02258	0.00279	0.00368
2	0.01024	0.01047	0.12634	0.08476	0.32569	0.00945	0.04263	0.17437	0.10864	0.04020	0.00888	0.01011	0.00675	0.00398	0.00381	0.00119	0.00449	0.00351	0.01860	0.00589
3	0.00866	0.00476	0.00604	0.00544	0.00695	0.00430	0.00419	0.02090	0.03025	0.24393	0.31120	0.14122	0.16925	0.00783	0.00438	0.00127	0.00238	0.01851	0.00413	0.00438
4	0.00784	0.02813	0.29780	0.06295	0.08356	0.01757	0.03241	0.04495	0.05371	0.03683	0.14475	0.06431	0.08561	0.00552	0.00412	0.00124	0.01641	0.00468	0.00267	0.00494
5	0.00484	0.00368	0.00443	0.00477	0.00550	0.00331	0.00340	0.00584	0.00845	0.01099	0.17828	0.37662	0.29951	0.03913	0.00521	0.00148	0.00215	0.03553	0.00364	0.00324
6	0.00941	0.10952	0.03526	0.00961	0.02322	0.07168	0.20016	0.12719	0.04744	0.02167	0.02304	0.06262	0.00890	0.10847	0.07048	0.00188	0.05800	0.00429	0.00246	0.00468
7	0.00687	0.00488	0.00654	0.00647	0.02369	0.00493	0.03334	0.03331	0.07895	0.05905	0.05602	0.26749	0.01721	0.18848	0.11345	0.00249	0.00402	0.07036	0.00314	0.01934
8	0.03391	0.10378	0.04330	0.01211	0.20527	0.14534	0.05022	0.09817	0.04724	0.04968	0.00814	0.01966	0.00672	0.00712	0.10743	0.00175	0.04930	0.00335	0.00234	0.00518
9	0.00928	0.05816	0.02042	0.05365	0.09581	0.02255	0.03644	0.12051	0.04705	0.01368	0.00759	0.00898	0.00616	0.01970	0.00366	0.00090	0.01385	0.00286	0.00242	0.45634
10	0.00543	0.00372	0.00429	0.00436	0.00455	0.00364	0.00263	0.00572	0.00640	0.00851	0.07993	0.09548	0.06966	0.65788	0.01592	0.00315	0.00333	0.02014	0.00267	0.00257
11	0.00865	0.00882	0.05014	0.12681	0.40314	0.00863	0.13373	0.03533	0.03311	0.01231	0.02995	0.07594	0.00847	0.00451	0.00431	0.00125	0.03188	0.01551	0.00219	0.00531
12	0.00505	0.00378	0.00441	0.00469	0.00554	0.00336	0.00338	0.00599	0.00832	0.02784	0.09170	0.31111	0.40177	0.05571	0.00547	0.00153	0.00223	0.05129	0.00357	0.00326
13	0.00955	0.09536	0.13265	0.07612	0.15844	0.04245	0.02481	0.09277	0.12121	0.04932	0.09915	0.01244	0.03138	0.00465	0.00406	0.00118	0.03262	0.00383	0.00269	0.00534
14	0.00522	0.00390	0.00459	0.00453	0.00531	0.00361	0.00319	0.00646	0.02368	0.01167	0.33695	0.09840	0.25635	0.19896	0.01893	0.00188	0.00244	0.00720	0.00353	0.00322
15	0.00649	0.00500	0.00716	0.03568	0.09347	0.01295	0.01963	0.03160	0.00710	0.02260	0.01182	0.13131	0.01208	0.19167	0.36445	0.00386	0.00647	0.01647	0.01656	0.00364
16	0.00678	0.00585	0.00844	0.15081	0.03335	0.03419	0.02871	0.02522	0.00706	0.00972	0.03327	0.03864	0.00920	0.03876	0.43187	0.03225	0.09588	0.00413	0.00209	0.00377
17	0.05657	0.13743	0.02436	0.04668	0.24591	0.17156	0.10291	0.01229	0.00867	0.04655	0.00704	0.00921	0.00590	0.01645	0.00457	0.00119	0.08064	0.01497	0.00203	0.00507
18	0.39781	0.16099	0.10958	0.00770	0.03837	0.15130	0.00678	0.06613	0.00850	0.01416	0.00594	0.00686	0.00472	0.00365	0.00287	0.00109	0.00428	0.00236	0.00217	0.00474
19	0.00942	0.05032	0.25464	0.02867	0.25664	0.05423	0.05108	0.05084	0.06077	0.04737	0.06103	0.01078	0.01728	0.00416	0.00400	0.00118	0.02619	0.00354	0.00230	0.00554
20	0.00686	0.03861	0.13779	0.00700	0.03022	0.00574	0.00599	0.05271	0.05081	0.02226	0.05959	0.37812	0.05966	0.00780	0.00416	0.00127	0.00309	0.00683	0.00306	0.11843
21	0.00819	0.00823	0.03136	0.03970	0.03235	0.01865	0.40269	0.04063	0.02242	0.03216	0.22519	0.03591	0.04889	0.00516	0.00465	0.00127	0.02985	0.00523	0.00278	0.00470
22	0.00555	0.00386	0.00494	0.00521	0.00597	0.00357	0.00386	0.00674	0.00880	0.04144	0.25288	0.32830	0.14969	0.04487	0.00535	0.00152	0.00234	0.11797	0.00373	0.00342
23	0.00772	0.00589	0.00687	0.03914	0.00831	0.00616	0.00488	0.10181	0.21010	0.04056	0.34305	0.05059	0.13619	0.00702	0.00427	0.00126	0.00260	0.01510	0.00390	0.00458
24	0.00496	0.00376	0.00453	0.00469	0.00550	0.00339	0.00339	0.00612	0.00895	0.01181	0.30412	0.25412	0.29154	0.04693	0.00530	0.00145	0.00209	0.03033	0.00373	0.00330
25	0.01432	0.01827	0.01087	0.00988	0.01185	0.84986	0.00741	0.01531	0.01087	0.00938	0.00593	0.00691	0.00494	0.00395	0.00346	0.00099	0.00691	0.00247	0.00198	0.00444
26	0.01014	0.51178	0.23585	0.00832	0.02837	0.03021	0.00872	0.06456	0.00870	0.04035	0.00638	0.00722	0.00519	0.00358	0.00310	0.00098	0.01689	0.00246	0.00190	0.00528
27	0.00831	0.09198	0.02311	0.52635	0.11659	0.05489	0.08597	0.01068	0.00808	0.01025	0.00683	0.00965	0.00535	0.00420	0.02144	0.00130	0.00529	0.00334	0.00176	0.00463
28	0.09499	0.05322	0.01239	0.01009	0.03817	0.29178	0.14394	0.14556	0.01071	0.03691	0.00861	0.05181	0.00751	0.00474	0.00394	0.00118	0.02225	0.05481	0.00254	0.00488
29	0.00511	0.00355	0.00446	0.00497	0.00514	0.00346	0.00320	0.00558	0.00666	0.00889	0.01716	0.47291	0.02019	0.35099	0.03834	0.00257	0.00313	0.03785	0.00302	0.00283
30	0.00486	0.00345	0.00445	0.00518	0.00543	0.00326	0.00345	0.00547	0.00718	0.00951	0.02033	0.68021	0.05033	0.14011	0.00709	0.00188	0.00249	0.03895	0.00337	0.00301
31	0.01432	0.01827	0.01087	0.00988	0.01185	0.84986	0.00741	0.01531	0.01087	0.00938	0.00593	0.00691	0.00494	0.00395	0.00346	0.00099	0.00691	0.00247	0.00198	0.00444
32	0.00516	0.00383	0.00465	0.00488	0.00559	0.00359	0.00355	0.00611	0.00805	0.01047	0.14251	0.17750	0.27489	0.15547	0.05615	0.01966	0.00298	0.10849	0.00332	0.00313
33	0.00777	0.04490	0.82098	0.01080	0.01640	0.00909	0.01394	0.01212	0.00809	0.01205	0.00683	0.00804	0.00486	0.00363	0.00361	0.00120	0.00562	0.00281	0.00162	0.00564
34	0.00843	0.00850	0.01243	0.01041	0.01074	0.01148	0.06508	0.00945	0.00613	0.00950	0.00525	0.00852	0.00510	0.00640	0.01185	0.00163	0.78369	0.00342	0.00171	0.02030
35	0.00631	0.00459	0.00720	0.05972	0.02073	0.00491	0.06140	0.00692	0.00640	0.02137	0.01081	0.14257	0.01111	0.11883	0.27293	0.20567	0.02811	0.00508	0.00222	0.00312
36	0.00731	0.00689	0.01163	0.82882	0.05305	0.00854	0.01068	0.00986	0.00770	0.00989	0.00683	0.01020	0.00514	0.00382	0.00383	0.00127	0.00509	0.00341	0.00171	0.00432
37	0.01018	0.00848	0.02298	0.02315	0.13843	0.03901	0.03418	0.14540	0.20406	0.07225	0.04074	0.07821	0.01014	0.00488	0.00379	0.00113	0.00367	0.00418	0.00315	0.15200
38	0.03651	0.01010	0.20732	0.10563	0.23591	0.00751	0.07383	0.01017	0.00823	0.01175	0.01206	0.09710	0.10313	0.00505	0.00391	0.00121	0.00434	0.00453	0.00221	0.05951
39	0.00921	0.14497	0.37844	0.03051	0.03914	0.04072	0.04933	0.08097	0.03037	0.02597	0.00742	0.02131	0.00577	0.00374	0.00345	0.00107	0.00482	0.00297	0.00207	0.11773
40	0.00979	0.21865	0.31837	0.01861	0.01313	0.05593	0.05395	0.07409	0.06635	0.05809	0.00831	0.04466	0.00667	0.00419	0.00365	0.00113	0.02024	0.00327	0.00225	0.01867
41	0.04013	0.04760	0.04690	0.01008	0.01237	0.63872	0.06997	0.02682	0.02587	0.01029	0.00627	0.00740	0.00513	0.00397	0.00379	0.00105	0.03432	0.00269	0.00201	0.00461

[dist]
# distance from previous block
# <min> <max>
3	14

[block]
# block no. 8 follows, 71 sequences, length 8
# corresponding to MSA columns:
# 392-399
name=unknown_I
#
# <colnr> <probs for GDERKNQSTAVLIFYWHMCP>
#	G	D	E	R	K	N	Q	S	T	A	V	L	I	F	Y	W	H	M	C	P
0	0.00907	0.14298	0.10968	0.00736	0.02744	0.02105	0.02194	0.07667	0.02299	0.04022	0.02265	0.05764	0.00743	0.00390	0.00322	0.00086	0.00361	0.00313	0.00242	0.41574
1	0.00756	0.04925	0.46012	0.00907	0.01271	0.00746	0.04461	0.01047	0.00774	0.04743	0.00949	0.07241	0.00840	0.04025	0.12399	0.03647	0.00567	0.04003	0.00208	0.00478
2	0.00750	0.01784	0.72475	0.01072	0.01581	0.00843	0.05861	0.01155	0.00808	0.01194	0.00820	0.08416	0.00673	0.00436	0.00380	0.00125	0.00541	0.00364	0.00181	0.00541
3	0.00916	0.08385	0.03728	0.00688	0.00895	0.00810	0.00566	0.26813	0.12160	0.01572	0.08041	0.20725	0.09827	0.00695	0.00406	0.00124	0.00320	0.00583	0.00348	0.02396
4	0.00998	0.26973	0.05164	0.00773	0.02891	0.04731	0.03824	0.05636	0.17072	0.08091	0.08476	0.01328	0.05165	0.00476	0.00351	0.00108	0.00374	0.02162	0.00288	0.05117
5	0.00657	0.06119	0.03725	0.00708	0.08042	0.00594	0.00477	0.00784	0.04567	0.00900	0.01137	0.01917	0.03637	0.44597	0.16455	0.00337	0.04308	0.00471	0.00225	0.00343
6	0.12056	0.39444	0.01438	0.03548	0.01089	0.31013	0.00673	0.04856	0.00917	0.01085	0.00576	0.00670	0.00491	0.00363	0.00291	0.00095	0.00500	0.00231	0.00195	0.00471
7	0.00923	0.10176	0.00891	0.00770	0.04814	0.00660	0.00622	0.07172	0.02778	0.15050	0.01612	0.08698	0.01591	0.00788	0.00445	0.00145	0.00351	0.39964	0.02094	0.00455

[dist]
# distance from previous block
# <min> <max>
6	7

[block]
# block no. 9 follows, 71 sequences, length 20
# corresponding to MSA columns:
# 407-409,420-436
name=unknown_J
#
# <colnr> <probs for GDERKNQSTAVLIFYWHMCP>
#	G	D	E	R	K	N	Q	S	T	A	V	L	I	F	Y	W	H	M	C	P
0	0.11486	0.00974	0.01046	0.00832	0.02519	0.01065	0.00673	0.62094	0.01562	0.10561	0.00940	0.00937	0.00662	0.00447	0.00364	0.00115	0.00393	0.00334	0.02378	0.00618
1	0.03022	0.00874	0.01379	0.15676	0.48195	0.01976	0.04643	0.09087	0.02095	0.02475	0.00767	0.01021	0.00629	0.03724	0.00465	0.00129	0.02723	0.00353	0.00215	0.00552
2	0.02102	0.19424	0.10085	0.01066	0.14786	0.10866	0.01664	0.10297	0.08380	0.07545	0.00843	0.01884	0.00677	0.02448	0.01697	0.00122	0.02668	0.00318	0.00247	0.02881
3	0.01045	0.82675	0.01965	0.00672	0.00994	0.05528	0.00660	0.01167	0.00794	0.00904	0.00536	0.00619	0.00492	0.00331	0.00251	0.00083	0.00424	0.00207	0.00166	0.00490
4	0.01105	0.03386	0.04044	0.05367	0.13387	0.01041	0.03301	0.29222	0.30069	0.01739	0.01072	0.01098	0.00804	0.00453	0.00400	0.00122	0.02093	0.00372	0.00323	0.00602
5	0.00573	0.00463	0.00661	0.00862	0.16236	0.00440	0.00520	0.00687	0.00805	0.01069	0.04887	0.44793	0.15619	0.02662	0.00494	0.00148	0.00275	0.08106	0.00324	0.00373
6	0.00833	0.00710	0.00858	0.03110	0.05822	0.00587	0.00526	0.05595	0.02739	0.01302	0.00775	0.00909	0.01839	0.02024	0.00336	0.00074	0.00309	0.00264	0.00238	0.71149
7	0.00573	0.00432	0.00593	0.10929	0.05992	0.00445	0.00446	0.00646	0.00672	0.00896	0.01445	0.30794	0.01649	0.39213	0.01125	0.00247	0.00343	0.02985	0.00268	0.00310
8	0.89233	0.00741	0.00564	0.00504	0.00741	0.00860	0.00415	0.01127	0.00653	0.01720	0.00534	0.00623	0.00415	0.00356	0.00237	0.00119	0.00297	0.00208	0.00237	0.00415
9	0.00795	0.00681	0.00795	0.00568	0.00909	0.00511	0.00454	0.00965	0.00795	0.01249	0.00681	0.00795	0.00568	0.00284	0.00284	0.00057	0.00284	0.00227	0.00227	0.88869
10	0.00769	0.01983	0.84538	0.01093	0.01659	0.00890	0.01417	0.01214	0.00810	0.01214	0.00688	0.00810	0.00486	0.00364	0.00364	0.00121	0.00567	0.00283	0.00162	0.00567
11	0.01483	0.01034	0.01126	0.00863	0.01169	0.01129	0.00713	0.75122	0.01735	0.10245	0.00977	0.00957	0.00680	0.00462	0.00384	0.00115	0.00413	0.00349	0.00392	0.00652
12	0.00547	0.00397	0.00494	0.00470	0.00574	0.00359	0.00356	0.00708	0.01032	0.03051	0.61807	0.03060	0.22095	0.00828	0.00453	0.00124	0.00191	0.02689	0.00406	0.00359
13	0.21449	0.00684	0.00823	0.00648	0.00931	0.00648	0.00535	0.03933	0.01017	0.63495	0.01276	0.01141	0.00821	0.00447	0.00352	0.00119	0.00322	0.00344	0.00419	0.00599
14	0.00536	0.00362	0.00478	0.00542	0.00591	0.00336	0.00381	0.00623	0.00790	0.04586	0.07231	0.67064	0.06811	0.01122	0.00484	0.00152	0.00232	0.06983	0.00365	0.00333
15	0.01025	0.86756	0.02009	0.00656	0.00984	0.01517	0.00656	0.01148	0.00779	0.00902	0.00533	0.00615	0.00492	0.00328	0.00246	0.00082	0.00410	0.00205	0.00164	0.00492
16	0.00595	0.00391	0.00457	0.00442	0.00493	0.00371	0.00285	0.00653	0.00737	0.04969	0.18532	0.04156	0.13027	0.51761	0.01341	0.00272	0.00304	0.00621	0.00302	0.00293
17	0.01080	0.03938	0.03234	0.04110	0.06338	0.09147	0.00707	0.15350	0.43538	0.03730	0.03940	0.01227	0.00991	0.00478	0.00380	0.00121	0.00386	0.00387	0.00339	0.00580
18	0.00536	0.00364	0.00433	0.00460	0.00469	0.00358	0.00280	0.00560	0.00617	0.00821	0.01480	0.24955	0.01729	0.60571	0.01508	0.00307	0.00331	0.03694	0.00270	0.00258
19	0.00838	0.00794	0.02914	0.02158	0.18481	0.07131	0.00702	0.06407	0.00918	0.02414	0.13788	0.05890	0.10306	0.01728	0.01673	0.00132	0.13783	0.01534	0.00271	0.08138

[dist]
# distance from previous block
# <min> <max>
0	1

[block]
# block no. 10 follows, 71 sequences, length 14
# corresponding to MSA columns:
# 438-451
name=unknown_K
#
# <colnr> <probs for GDERKNQSTAVLIFYWHMCP>
#	G	D	E	R	K	N	Q	S	T	A	V	L	I	F	Y	W	H	M	C	P
0	0.45729	0.09623	0.05652	0.00832	0.04306	0.17818	0.08758	0.01227	0.00795	0.01387	0.00585	0.00700	0.00467	0.00358	0.00294	0.00112	0.00443	0.00249	0.00212	0.00455
1	0.00621	0.00435	0.00529	0.00510	0.00589	0.00439	0.00366	0.04980	0.00769	0.03756	0.07209	0.02495	0.18370	0.32115	0.21135	0.00333	0.00479	0.04256	0.00285	0.00327
2	0.01028	0.09424	0.09634	0.04734	0.17989	0.11540	0.10060	0.10674	0.12520	0.01322	0.00847	0.02762	0.00683	0.00422	0.00417	0.00118	0.04694	0.00352	0.00238	0.00544
3	0.01163	0.07914	0.01158	0.00933	0.01081	0.37349	0.00746	0.04054	0.07143	0.03782	0.00680	0.00832	0.00576	0.00537	0.02056	0.00133	0.28886	0.00298	0.00215	0.00464
4	0.00605	0.00397	0.00522	0.00504	0.00592	0.00365	0.00371	0.00757	0.01005	0.06812	0.60575	0.19007	0.03178	0.02959	0.00492	0.00133	0.00203	0.00747	0.00408	0.00368
5	0.00550	0.00402	0.00572	0.00572	0.00625	0.00455	0.00424	0.00656	0.00603	0.00857	0.01068	0.01732	0.01057	0.21745	0.66271	0.00561	0.00879	0.00444	0.00211	0.00318
6	0.89233	0.00741	0.00564	0.00504	0.00741	0.00860	0.00415	0.01127	0.00653	0.01720	0.00534	0.00623	0.00415	0.00356	0.00237	0.00119	0.00297	0.00208	0.00237	0.00415
7	0.00460	0.00381	0.00403	0.00413	0.00526	0.00324	0.00304	0.00558	0.00867	0.01056	0.08101	0.14583	0.68721	0.00991	0.00458	0.00132	0.00197	0.00840	0.00360	0.00324
8	0.00877	0.00679	0.00804	0.00578	0.00915	0.00516	0.00464	0.01046	0.00822	0.08657	0.00756	0.00841	0.00602	0.00301	0.00293	0.00062	0.00288	0.00241	0.00249	0.81010
9	0.00769	0.01983	0.84538	0.01093	0.01659	0.00890	0.01417	0.01214	0.00810	0.01214	0.00688	0.00810	0.00486	0.00364	0.00364	0.00121	0.00567	0.00283	0.00162	0.00567
10	0.00839	0.00839	0.01174	0.01007	0.01007	0.01174	0.00839	0.00923	0.00587	0.00923	0.00503	0.00839	0.00503	0.00671	0.01258	0.00168	0.85823	0.00336	0.00168	0.00419
11	0.01543	0.00703	0.00900	0.00694	0.00985	0.00638	0.00568	0.13352	0.01155	0.61210	0.01370	0.04538	0.00931	0.00482	0.00379	0.00114	0.00332	0.00392	0.00433	0.09280
12	0.04045	0.66681	0.05209	0.00758	0.04150	0.02911	0.00703	0.06351	0.04216	0.01081	0.00614	0.00690	0.00531	0.00348	0.00272	0.00090	0.00416	0.00232	0.00191	0.00511
13	0.04613	0.03573	0.01122	0.04223	0.02498	0.01085	0.02155	0.57291	0.06555	0.04450	0.00997	0.01162	0.00766	0.00491	0.00402	0.00121	0.02071	0.05469	0.00353	0.00600

[dist]
# distance from previous block
# <min> <max>
5	22

[block]
# block no. 11 follows, 71 sequences, length 31
# corresponding to MSA columns:
# 475-505
name=unknown_L
#
# <colnr> <probs for GDERKNQSTAVLIFYWHMCP>
#	G	D	E	R	K	N	Q	S	T	A	V	L	I	F	Y	W	H	M	C	P
0	0.00813	0.23099	0.51466	0.00925	0.01359	0.00981	0.03080	0.01112	0.00780	0.01087	0.00732	0.05730	0.00620	0.00465	0.00417	0.05840	0.00494	0.00318	0.00175	0.00506
1	0.00785	0.00673	0.00783	0.00562	0.00897	0.00505	0.00449	0.00953	0.00797	0.01243	0.00779	0.00883	0.03104	0.00305	0.00289	0.00059	0.00281	0.00245	0.00231	0.86177
2	0.00548	0.00411	0.00616	0.00616	0.00685	0.00479	0.00479	0.00685	0.00616	0.00890	0.01027	0.01506	0.00959	0.02876	0.85006	0.00616	0.01027	0.00411	0.00205	0.00342
3	0.00728	0.00686	0.01151	0.82954	0.02590	0.00862	0.01058	0.00978	0.00761	0.00978	0.00676	0.01016	0.00511	0.00392	0.00411	0.00129	0.03184	0.00341	0.00170	0.00426
4	0.00474	0.00338	0.00452	0.00541	0.00567	0.00317	0.00367	0.00545	0.00741	0.00986	0.02110	0.82692	0.02522	0.01195	0.00491	0.00157	0.00228	0.04608	0.00356	0.00313
5	0.00553	0.00389	0.00506	0.00506	0.00536	0.00419	0.00342	0.00614	0.00584	0.00808	0.01128	0.02065	0.01201	0.49441	0.38772	0.00480	0.00662	0.00493	0.00220	0.00281
6	0.01434	0.01779	0.01091	0.00981	0.01186	0.79564	0.00740	0.06792	0.01133	0.01034	0.00614	0.00706	0.00504	0.00399	0.00348	0.00100	0.00674	0.00253	0.00210	0.00458
7	0.00708	0.00450	0.00580	0.00525	0.00648	0.00424	0.00401	0.00943	0.06415	0.11277	0.68919	0.02588	0.03146	0.00730	0.00440	0.00121	0.00206	0.00640	0.00426	0.00412
8	0.01025	0.86756	0.02009	0.00656	0.00984	0.01517	0.00656	0.01148	0.00779	0.00902	0.00533	0.00615	0.00492	0.00328	0.00246	0.00082	0.00410	0.00205	0.00164	0.00492
9	0.05690	0.00431	0.00466	0.00447	0.00572	0.00400	0.00339	0.00726	0.04947	0.01293	0.32422	0.03054	0.44273	0.00834	0.00433	0.00125	0.00200	0.00704	0.02284	0.00357
10	0.00572	0.00398	0.00463	0.00455	0.00456	0.00417	0.00270	0.00578	0.00563	0.00759	0.01187	0.04282	0.01368	0.79616	0.01878	0.00355	0.05349	0.00557	0.00231	0.00245
11	0.00835	0.01735	0.67089	0.06603	0.03995	0.00874	0.06154	0.01237	0.00831	0.06050	0.00742	0.00869	0.00523	0.00369	0.00372	0.00122	0.00551	0.00305	0.00183	0.00561
12	0.00561	0.00502	0.05508	0.00644	0.00741	0.00503	0.00534	0.00716	0.00627	0.00909	0.01007	0.01466	0.00931	0.02729	0.80072	0.00587	0.01000	0.00403	0.00203	0.00355
13	0.00953	0.09947	0.39745	0.00974	0.02526	0.17710	0.01023	0.03295	0.05787	0.01152	0.00717	0.00852	0.00564	0.01618	0.02735	0.00130	0.05523	0.00288	0.00194	0.04268
14	0.00698	0.00568	0.00643	0.00591	0.00752	0.00567	0.00447	0.03333	0.25745	0.01357	0.17440	0.19020	0.13831	0.00739	0.00416	0.00123	0.00249	0.00639	0.00362	0.12479
15	0.11667	0.33185	0.06061	0.00912	0.04652	0.20108	0.09027	0.01212	0.00838	0.01074	0.00616	0.00759	0.00525	0.00508	0.05362	0.00132	0.02437	0.00265	0.00187	0.00473
16	0.01447	0.00989	0.01086	0.00844	0.01140	0.01076	0.00693	0.63423	0.09495	0.14199	0.01067	0.01025	0.00745	0.00468	0.00384	0.00117	0.00397	0.00359	0.00397	0.00648
17	0.01973	0.00790	0.01123	0.27993	0.21834	0.03383	0.02300	0.02623	0.16707	0.02267	0.07593	0.01201	0.00923	0.00425	0.00380	0.00117	0.00415	0.00377	0.00251	0.07325
18	0.00703	0.00528	0.00730	0.00793	0.05661	0.00538	0.03104	0.03800	0.09719	0.03505	0.01782	0.22449	0.01884	0.03306	0.02781	0.00175	0.00353	0.37440	0.00340	0.00406
19	0.00903	0.00698	0.00820	0.00592	0.00928	0.00548	0.00476	0.04948	0.00868	0.08150	0.00761	0.00843	0.00603	0.00308	0.00297	0.00065	0.00294	0.00246	0.00255	0.77396
20	0.00672	0.00512	0.00655	0.00717	0.00822	0.01852	0.00612	0.00967	0.11950	0.01202	0.01946	0.05708	0.02048	0.00980	0.00507	0.00169	0.00349	0.67589	0.00356	0.00388
21	0.00548	0.00411	0.00616	0.00616	0.00685	0.00479	0.00479	0.00685	0.00616	0.00890	0.01027	0.01506	0.00959	0.02876	0.85006	0.00616	0.01027	0.00411	0.00205	0.00342
22	0.89233	0.00741	0.00564	0.00504	0.00741	0.00860	0.00415	0.01127	0.00653	0.01720	0.00534	0.00623	0.00415	0.00356	0.00237	0.00119	0.00297	0.00208	0.00237	0.00415
23	0.01517	0.00935	0.01020	0.00799	0.01086	0.06341	0.00653	0.41153	0.04926	0.33924	0.02920	0.01117	0.00842	0.00471	0.00384	0.00116	0.00392	0.00366	0.00408	0.00631
24	0.00459	0.00389	0.00397	0.00395	0.00522	0.00326	0.00296	0.00563	0.00889	0.01071	0.09543	0.03632	0.78297	0.00958	0.00453	0.00129	0.00193	0.00801	0.00361	0.00326
25	0.00795	0.00681	0.00795	0.00568	0.00909	0.00511	0.00454	0.00965	0.00795	0.01249	0.00681	0.00795	0.00568	0.00284	0.00284	0.00057	0.00284	0.00227	0.00227	0.88869
26	0.00529	0.00362	0.00428	0.00453	0.00464	0.00355	0.00273	0.00553	0.00617	0.00820	0.01531	0.25948	0.03963	0.58873	0.02945	0.00309	0.00337	0.00711	0.00270	0.00259
27	0.00564	0.00406	0.00553	0.00626	0.00698	0.00394	0.00510	0.00710	0.00866	0.01143	0.11385	0.25953	0.04841	0.01063	0.00508	0.00163	0.00294	0.48619	0.00362	0.00342
28	0.00568	0.00470	0.00639	0.00589	0.00711	0.00441	0.07722	0.00754	0.05722	0.01154	0.17350	0.11933	0.32034	0.09183	0.00606	0.00159	0.00275	0.08989	0.00343	0.00357
29	0.36359	0.00748	0.00786	0.00637	0.00901	0.00782	0.00523	0.14858	0.02367	0.33003	0.04740	0.01043	0.00812	0.00440	0.00329	0.00118	0.00323	0.00323	0.00362	0.00544
30	0.01017	0.00819	0.00891	0.02657	0.00962	0.08939	0.00618	0.17364	0.09808	0.09472	0.16387	0.05523	0.05532	0.00632	0.00557	0.00130	0.15142	0.02724	0.00336	0.00488

[dist]
# distance from previous block
# <min> <max>
0	10

[block]
# block no. 12 follows, 71 sequences, length 20
# corresponding to MSA columns:
# 516-535
name=unknown_M
#
# <colnr> <probs for GDERKNQSTAVLIFYWHMCP>
#	G	D	E	R	K	N	Q	S	T	A	V	L	I	F	Y	W	H	M	C	P
0	0.03365	0.01670	0.01943	0.00714	0.02821	0.00658	0.03310	0.16596	0.06006	0.15863	0.16333	0.10607	0.03473	0.08538	0.03467	0.00165	0.00349	0.03278	0.00362	0.00480
1	0.01473	0.00928	0.01046	0.00812	0.01105	0.00986	0.00668	0.53731	0.07062	0.24383	0.03083	0.01104	0.00837	0.00476	0.00386	0.00117	0.00383	0.00370	0.00409	0.00642
2	0.00944	0.00546	0.00675	0.00596	0.00766	0.00527	0.00468	0.05350	0.11148	0.23487	0.29143	0.08096	0.10163	0.00709	0.00427	0.00127	0.00259	0.04517	0.01576	0.00476
3	0.78720	0.00744	0.00611	0.00532	0.00777	0.00844	0.00438	0.03760	0.00728	0.09070	0.00633	0.00693	0.00470	0.00370	0.00255	0.00119	0.00303	0.00228	0.00263	0.00444
4	0.00509	0.00389	0.00468	0.00472	0.00563	0.00354	0.00345	0.00661	0.02950	0.01264	0.39575	0.21231	0.27966	0.00926	0.00459	0.00131	0.00197	0.00809	0.00387	0.00345
5	0.00554	0.00373	0.00430	0.00437	0.00442	0.00374	0.00255	0.00566	0.00576	0.00769	0.01266	0.06697	0.01456	0.77611	0.04508	0.00364	0.00385	0.02453	0.00240	0.00243
6	0.00666	0.00333	0.00500	0.00500	0.00500	0.00333	0.00333	0.00500	0.00500	0.00666	0.00666	0.01166	0.00666	0.01332	0.01499	0.88844	0.00333	0.00333	0.00167	0.00167
7	0.00702	0.00511	0.00564	0.00541	0.00661	0.05517	0.00412	0.02244	0.00983	0.09442	0.32455	0.14693	0.22172	0.00849	0.00449	0.00130	0.00252	0.06656	0.00383	0.00383
8	0.01434	0.01790	0.01090	0.00983	0.01186	0.80807	0.00740	0.05587	0.01122	0.01012	0.00609	0.00703	0.00502	0.00398	0.00348	0.00100	0.00678	0.00252	0.00207	0.00455
9	0.12517	0.00841	0.00950	0.00734	0.01031	0.00857	0.00605	0.35403	0.01310	0.33108	0.01075	0.01018	0.00727	0.00438	0.00358	0.00112	0.00359	0.00333	0.00387	0.07836
10	0.01702	0.00682	0.00908	0.00696	0.00993	0.00607	0.00575	0.07463	0.01146	0.78736	0.01472	0.01278	0.00929	0.00474	0.00385	0.00118	0.00333	0.00383	0.00468	0.00652
11	0.01015	0.83419	0.05257	0.00673	0.01011	0.01492	0.00686	0.01151	0.00780	0.00914	0.00539	0.00623	0.00492	0.00329	0.00251	0.00084	0.00416	0.00208	0.00164	0.00495
12	0.00979	0.00836	0.00881	0.00785	0.01007	0.00965	0.00613	0.06030	0.79408	0.01644	0.01529	0.01405	0.01145	0.00517	0.00390	0.00129	0.00309	0.00429	0.00390	0.00609
13	0.00638	0.03361	0.00584	0.00538	0.00574	0.01851	0.00383	0.00609	0.00571	0.00767	0.00884	0.01527	0.00895	0.15980	0.25867	0.41950	0.00551	0.02030	0.00193	0.00248
14	0.00496	0.00390	0.00448	0.00433	0.00544	0.00342	0.00325	0.00633	0.00975	0.01275	0.42013	0.03297	0.45700	0.00882	0.00453	0.00125	0.00188	0.00754	0.00387	0.00342
15	0.01055	0.80699	0.01946	0.00676	0.00999	0.04563	0.00662	0.03972	0.00826	0.00955	0.00549	0.00628	0.00498	0.00335	0.00254	0.00084	0.00421	0.00211	0.00173	0.00496
16	0.00472	0.00386	0.00416	0.00416	0.00531	0.00330	0.00309	0.00583	0.00906	0.01130	0.19442	0.08911	0.62935	0.00949	0.00455	0.00129	0.00193	0.00805	0.00369	0.00330
17	0.01021	0.08119	0.08736	0.04953	0.19249	0.16629	0.03494	0.07276	0.06002	0.02155	0.00852	0.03510	0.02939	0.00466	0.00498	0.00121	0.12894	0.00352	0.00222	0.00513
18	0.00755	0.00674	0.01112	0.08102	0.41176	0.00717	0.00862	0.00946	0.00752	0.01072	0.00852	0.01199	0.00754	0.01456	0.37481	0.00335	0.00710	0.00372	0.00195	0.00477
19	0.05791	0.12856	0.09016	0.00938	0.06632	0.13882	0.03912	0.13336	0.11222	0.08203	0.02451	0.01043	0.01919	0.00434	0.00371	0.00112	0.02170	0.01661	0.00274	0.03776

[dist]
# distance from previous block
# <min> <max>
1	25

