[name]
unknown

[dist]
# distance from previous block
# <min> <max>
0	36

[block]
# block no. 0 follows, 70 sequences, length 19
# corresponding to MSA columns:
# 36-54
name=unknown_A
#
# <colnr> <probs for GDERKNQSTAVLIFYWHMCP>
#	G	D	E	R	K	N	Q	S	T	A	V	L	I	F	Y	W	H	M	C	P
0	0.00625	0.00446	0.00625	0.00714	0.00803	0.00446	0.00625	0.00803	0.00892	0.01160	0.02053	0.04373	0.02231	0.01071	0.00535	0.00178	0.00357	0.81348	0.00357	0.00357
1	0.00549	0.00407	0.00596	0.00602	0.00663	0.00465	0.00457	0.00672	0.00626	0.00895	0.01125	0.07206	0.01109	0.09181	0.72911	0.00573	0.00934	0.00472	0.00220	0.00336
2	0.79421	0.00728	0.00570	0.00512	0.00741	0.00840	0.00419	0.01165	0.04303	0.01715	0.00633	0.00719	0.00491	0.00373	0.00249	0.00119	0.00292	0.00230	0.06055	0.00425
3	0.01027	0.79187	0.04480	0.00682	0.01010	0.03892	0.00681	0.01162	0.00806	0.00941	0.02846	0.00693	0.00585	0.00347	0.00261	0.00086	0.00421	0.00225	0.00174	0.00495
4	0.00714	0.00556	0.00704	0.00676	0.00787	0.03064	0.05158	0.06597	0.08937	0.04805	0.03928	0.49100	0.07152	0.00948	0.00479	0.00146	0.01838	0.03654	0.00354	0.00405
5	0.15302	0.00695	0.00857	0.00670	0.00957	0.00652	0.00553	0.06760	0.01084	0.64625	0.03014	0.01220	0.00912	0.00467	0.00368	0.00120	0.00328	0.00366	0.00436	0.00616
6	0.03015	0.05840	0.01128	0.00953	0.02592	0.48640	0.03202	0.06517	0.07694	0.03712	0.00860	0.03967	0.02649	0.00474	0.00433	0.00113	0.07159	0.00332	0.00242	0.00480
7	0.00960	0.00921	0.01574	0.02380	0.83957	0.00921	0.01190	0.01190	0.00883	0.01267	0.00729	0.00960	0.00614	0.00345	0.00384	0.00115	0.00461	0.00345	0.00192	0.00614
8	0.00472	0.00337	0.00450	0.00540	0.00562	0.00315	0.00360	0.00540	0.00742	0.00990	0.02137	0.86122	0.02564	0.01215	0.00495	0.00157	0.00225	0.01102	0.00360	0.00315
9	0.00544	0.00402	0.00489	0.00478	0.00585	0.00361	0.00365	0.00694	0.01000	0.02881	0.46775	0.05792	0.30362	0.00884	0.00463	0.00130	0.00205	0.06835	0.00398	0.00356
10	0.00639	0.00528	0.00798	0.01943	0.00862	0.02870	0.12623	0.00759	0.00810	0.04572	0.05311	0.56100	0.05591	0.00969	0.00504	0.00148	0.03389	0.00884	0.00329	0.00372
11	0.00931	0.36697	0.46438	0.00903	0.01364	0.01144	0.01074	0.01233	0.00820	0.05177	0.00672	0.00762	0.00517	0.00359	0.00320	0.00106	0.00496	0.00259	0.00180	0.00546
12	0.06020	0.00719	0.00913	0.00708	0.01003	0.00671	0.00583	0.11211	0.03879	0.67937	0.01413	0.01244	0.00905	0.00474	0.00382	0.00120	0.00339	0.00378	0.00454	0.00646
13	0.00933	0.00895	0.01520	0.10761	0.73179	0.00923	0.01168	0.01162	0.00863	0.01228	0.00718	0.00964	0.00601	0.00360	0.00411	0.00118	0.03070	0.00345	0.00189	0.00590
14	0.00732	0.00689	0.01163	0.85444	0.02670	0.00861	0.01077	0.00991	0.00775	0.00991	0.00689	0.01034	0.00517	0.00388	0.00388	0.00129	0.00517	0.00345	0.00172	0.00431
15	0.01248	0.00837	0.00933	0.00773	0.01024	0.00907	0.00616	0.23814	0.38269	0.19961	0.01417	0.01363	0.02422	0.04043	0.00458	0.00135	0.00345	0.00415	0.00404	0.00616
16	0.01030	0.03074	0.05987	0.07486	0.06780	0.03049	0.26099	0.15037	0.06775	0.07425	0.04720	0.02694	0.03337	0.00457	0.00450	0.00126	0.04233	0.00425	0.00275	0.00540
17	0.02608	0.01262	0.01439	0.01153	0.02788	0.30959	0.26744	0.10063	0.04022	0.08199	0.00825	0.00982	0.00639	0.03238	0.00475	0.00126	0.03357	0.00359	0.00250	0.00513
18	0.00472	0.00337	0.00450	0.00540	0.00562	0.00315	0.00360	0.00540	0.00742	0.00990	0.02137	0.86122	0.02564	0.01215	0.00495	0.00157	0.00225	0.01102	0.00360	0.00315

[dist]
# distance from previous block
# <min> <max>
0	18

[block]
# block no. 1 follows, 70 sequences, length 30
# corresponding to MSA columns:
# 73-102
name=unknown_B
#
# <colnr> <probs for GDERKNQSTAVLIFYWHMCP>
#	G	D	E	R	K	N	Q	S	T	A	V	L	I	F	Y	W	H	M	C	P
0	0.01020	0.20784	0.18906	0.00846	0.01166	0.07827	0.03310	0.11486	0.07617	0.05812	0.01920	0.02818	0.00736	0.00676	0.08989	0.00162	0.01409	0.00331	0.00247	0.03937
1	0.10396	0.02125	0.11074	0.03824	0.10853	0.02748	0.13264	0.12976	0.07591	0.03611	0.05616	0.04271	0.00907	0.02045	0.00471	0.00131	0.05617	0.01689	0.00267	0.00524
2	0.00484	0.00358	0.00453	0.00516	0.00564	0.00331	0.00354	0.00581	0.02051	0.01054	0.09045	0.65211	0.15304	0.01133	0.00485	0.00150	0.00218	0.01015	0.00366	0.00326
3	0.03888	0.00763	0.00822	0.00612	0.00938	0.04922	0.00487	0.02181	0.05126	0.03294	0.00749	0.00840	0.00607	0.00315	0.00298	0.00068	0.00313	0.00246	0.00245	0.73285
4	0.00684	0.05005	0.05399	0.00649	0.00798	0.00521	0.02316	0.00887	0.05564	0.06054	0.07576	0.28839	0.10031	0.00896	0.00457	0.00143	0.00302	0.19500	0.00343	0.04035
5	0.00563	0.00422	0.00613	0.00608	0.00667	0.00490	0.00463	0.00682	0.00615	0.00882	0.01048	0.01634	0.01013	0.13425	0.72111	0.00580	0.03210	0.00432	0.00210	0.00334
6	0.00995	0.01083	0.06347	0.01293	0.01621	0.07801	0.46228	0.04856	0.00929	0.05529	0.00790	0.02109	0.00615	0.00393	0.00505	0.00124	0.09283	0.00398	0.00220	0.08880
7	0.03157	0.28255	0.19854	0.01026	0.11690	0.03903	0.00894	0.06330	0.08085	0.07612	0.00810	0.01964	0.00641	0.00406	0.00371	0.00111	0.03802	0.00303	0.00232	0.00553
8	0.02297	0.42077	0.40383	0.00877	0.01311	0.01208	0.01021	0.01207	0.02616	0.01089	0.00634	0.00737	0.00509	0.00361	0.00329	0.00105	0.02284	0.00252	0.00171	0.00533
9	0.00545	0.02208	0.00533	0.00565	0.00622	0.00397	0.00405	0.04177	0.00824	0.01091	0.05479	0.63920	0.06831	0.01151	0.02026	0.00162	0.00261	0.08106	0.00357	0.00341
10	0.00521	0.00395	0.00480	0.00459	0.00562	0.00354	0.00344	0.00678	0.01032	0.01400	0.59434	0.03150	0.28073	0.00850	0.00458	0.00125	0.00187	0.00737	0.00406	0.00354
11	0.00902	0.06295	0.04283	0.40477	0.16069	0.07385	0.13403	0.01146	0.00848	0.03199	0.00713	0.00968	0.00552	0.00375	0.00399	0.00122	0.01838	0.00345	0.00188	0.00492
12	0.12638	0.14635	0.01202	0.00887	0.04689	0.24836	0.03462	0.16496	0.01108	0.12110	0.02610	0.02182	0.00686	0.00423	0.00342	0.00109	0.00474	0.00309	0.00278	0.00525
13	0.00490	0.00403	0.00433	0.00423	0.00547	0.00350	0.00318	0.00629	0.02629	0.01180	0.22872	0.03485	0.63032	0.00927	0.00457	0.00129	0.00195	0.00783	0.00377	0.00342
14	0.00507	0.00374	0.00448	0.00467	0.00549	0.00337	0.00336	0.00626	0.00899	0.01209	0.27580	0.30054	0.27726	0.00966	0.00458	0.00134	0.00201	0.00846	0.05946	0.00337
15	0.00913	0.06138	0.03496	0.33092	0.34521	0.04818	0.05168	0.03969	0.02042	0.01171	0.00718	0.00961	0.00571	0.00369	0.00379	0.00119	0.00499	0.00338	0.00192	0.00527
16	0.00778	0.02005	0.84367	0.01105	0.01678	0.00900	0.01432	0.01228	0.00818	0.01228	0.00696	0.00818	0.00491	0.00368	0.00368	0.00123	0.00573	0.00286	0.00164	0.00573
17	0.00728	0.00631	0.00653	0.00609	0.00766	0.04221	0.00468	0.01243	0.33296	0.01407	0.24033	0.02500	0.24088	0.00730	0.00431	0.00129	0.00262	0.02965	0.00384	0.00456
18	0.05832	0.03103	0.04733	0.15890	0.07576	0.16776	0.05851	0.18307	0.07844	0.05873	0.01780	0.03145	0.00713	0.00437	0.00377	0.00119	0.00487	0.00355	0.00271	0.00532
19	0.00949	0.36896	0.11191	0.01011	0.01345	0.03047	0.24140	0.02713	0.00859	0.02067	0.04125	0.03802	0.00732	0.00408	0.00401	0.00111	0.05149	0.00352	0.00200	0.00502
20	0.00491	0.00369	0.00526	0.00581	0.00623	0.00344	0.03843	0.00570	0.00754	0.01002	0.02139	0.79768	0.05188	0.01169	0.00492	0.00155	0.00242	0.01065	0.00353	0.00324
21	0.10219	0.11101	0.05010	0.05852	0.18786	0.17331	0.15605	0.03046	0.00898	0.02803	0.00699	0.00877	0.00564	0.00474	0.03952	0.00135	0.01618	0.00318	0.00204	0.00508
22	0.01024	0.00904	0.01352	0.23733	0.37709	0.07903	0.05619	0.03038	0.00917	0.10463	0.00843	0.03288	0.00669	0.00401	0.00390	0.00120	0.00485	0.00369	0.00229	0.00545
23	0.01141	0.24399	0.07851	0.04665	0.08363	0.25879	0.10437	0.04061	0.04661	0.04042	0.00715	0.00828	0.00572	0.00376	0.00346	0.00106	0.00540	0.00294	0.00210	0.00515
24	0.01274	0.00630	0.00809	0.00693	0.02881	0.00594	0.00538	0.05486	0.10453	0.45502	0.12629	0.05607	0.07731	0.00657	0.02565	0.00137	0.00319	0.00500	0.00430	0.00565
25	0.00914	0.22080	0.38228	0.00982	0.02492	0.05833	0.07122	0.04596	0.06246	0.01210	0.02629	0.04492	0.00712	0.00417	0.00355	0.00114	0.00500	0.00335	0.00207	0.00535
26	0.02566	0.04146	0.05711	0.07966	0.02780	0.00617	0.03665	0.00886	0.04115	0.04529	0.02279	0.03509	0.07138	0.17340	0.27534	0.00332	0.01845	0.02410	0.00245	0.00390
27	0.00521	0.00389	0.00492	0.00551	0.00606	0.00377	0.00391	0.00669	0.05702	0.01061	0.05584	0.56088	0.11447	0.03460	0.04102	0.00179	0.00274	0.07415	0.00355	0.00339
28	0.05094	0.03925	0.03593	0.07718	0.20080	0.05590	0.07136	0.09802	0.10975	0.05222	0.02576	0.05949	0.01651	0.04017	0.00491	0.00135	0.04046	0.01207	0.00268	0.00526
29	0.00952	0.13054	0.39215	0.00946	0.01337	0.05617	0.02978	0.10860	0.06534	0.03523	0.00904	0.06149	0.00752	0.00469	0.00394	0.00121	0.02663	0.02753	0.00235	0.00544

[dist]
# distance from previous block
# <min> <max>
3	92

[block]
# block no. 2 follows, 70 sequences, length 42
# corresponding to MSA columns:
# 195-236
name=unknown_C
#
# <colnr> <probs for GDERKNQSTAVLIFYWHMCP>
#	G	D	E	R	K	N	Q	S	T	A	V	L	I	F	Y	W	H	M	C	P
0	0.04069	0.37220	0.07797	0.04514	0.04083	0.13055	0.04962	0.09508	0.01753	0.01172	0.00762	0.02058	0.02189	0.00500	0.03685	0.00124	0.00499	0.01341	0.00211	0.00500
1	0.00837	0.02304	0.01323	0.32498	0.39081	0.02903	0.03879	0.01064	0.00852	0.01137	0.02572	0.01253	0.07791	0.00425	0.00392	0.00121	0.00465	0.00392	0.00204	0.00508
2	0.00642	0.00463	0.00591	0.02416	0.00708	0.00435	0.02408	0.03041	0.04081	0.06232	0.36565	0.12024	0.24839	0.00841	0.00454	0.00130	0.00235	0.03115	0.00389	0.00389
3	0.01232	0.05897	0.01052	0.00986	0.12058	0.21250	0.00685	0.05257	0.12526	0.20870	0.04958	0.04904	0.01014	0.03088	0.00441	0.01100	0.00434	0.01393	0.00319	0.00536
4	0.00992	0.01023	0.04021	0.06908	0.21737	0.08144	0.30218	0.04406	0.02711	0.04878	0.00853	0.03399	0.00701	0.00424	0.00470	0.00127	0.05843	0.02390	0.00224	0.00532
5	0.02275	0.00374	0.00387	0.00388	0.00480	0.00372	0.00289	0.00902	0.00812	0.03562	0.01334	0.08716	0.01118	0.00516	0.00293	0.00097	0.00190	0.00423	0.77107	0.00366
6	0.01001	0.01041	0.05209	0.02457	0.01757	0.04212	0.56931	0.02646	0.00931	0.08760	0.00827	0.01019	0.00611	0.00355	0.00449	0.00123	0.02910	0.00410	0.00226	0.08126
7	0.00565	0.00564	0.07828	0.00662	0.00775	0.00481	0.04317	0.00724	0.02668	0.01012	0.02830	0.36068	0.07618	0.04954	0.25183	0.00295	0.02083	0.00724	0.00284	0.00363
8	0.00561	0.00378	0.00439	0.00444	0.00452	0.00379	0.00262	0.00578	0.00598	0.00802	0.03892	0.05852	0.01531	0.75327	0.04703	0.00363	0.00386	0.02557	0.00248	0.00249
9	0.00610	0.00432	0.00545	0.00507	0.00616	0.00407	0.00383	0.00841	0.06121	0.04412	0.70302	0.02810	0.08973	0.00778	0.00451	0.00123	0.00197	0.00682	0.00422	0.00389
10	0.00985	0.00781	0.00946	0.09393	0.01186	0.02915	0.05240	0.04528	0.45113	0.09960	0.01502	0.07454	0.03233	0.00569	0.00408	0.00132	0.00356	0.03340	0.01406	0.00552
11	0.00735	0.00687	0.01078	0.04185	0.01082	0.00806	0.13578	0.03134	0.00769	0.01075	0.02999	0.20964	0.05161	0.00841	0.03197	0.00169	0.31955	0.06924	0.00254	0.00408
12	0.00480	0.00345	0.00457	0.00543	0.00573	0.00322	0.00371	0.00554	0.00756	0.01001	0.02203	0.78654	0.05766	0.01198	0.00495	0.00157	0.00231	0.05217	0.00360	0.00318
13	0.01005	0.00614	0.00663	0.00566	0.00741	0.00644	0.00446	0.23109	0.06158	0.08686	0.01348	0.01452	0.05184	0.03504	0.01695	0.00123	0.00288	0.00396	0.42901	0.00476
14	0.00579	0.00425	0.00565	0.00635	0.00726	0.00411	0.00535	0.00733	0.00882	0.01134	0.04399	0.11948	0.16697	0.01062	0.00516	0.00167	0.00312	0.57568	0.00360	0.00348
15	0.03877	0.05559	0.26810	0.42181	0.02015	0.04259	0.01092	0.01125	0.01834	0.03123	0.00731	0.02586	0.00563	0.00405	0.00389	0.00125	0.02329	0.00328	0.00187	0.00484
16	0.00732	0.00689	0.01163	0.85444	0.02670	0.00861	0.01077	0.00991	0.00775	0.00991	0.00689	0.01034	0.00517	0.00388	0.00388	0.00129	0.00517	0.00345	0.00172	0.00431
17	0.01432	0.05188	0.01135	0.00986	0.01190	0.81536	0.00746	0.01533	0.01086	0.00947	0.00597	0.00696	0.00499	0.00397	0.00346	0.00099	0.00688	0.00248	0.00198	0.00451
18	0.00960	0.00921	0.01574	0.02380	0.83957	0.00921	0.01190	0.01190	0.00883	0.01267	0.00729	0.00960	0.00614	0.00345	0.00384	0.00115	0.00461	0.00345	0.00192	0.00614
19	0.00739	0.00702	0.01202	0.82515	0.02648	0.00865	0.03924	0.00999	0.00780	0.00999	0.00692	0.01034	0.00519	0.00385	0.00390	0.00129	0.00522	0.00348	0.00173	0.00434
20	0.02362	0.00378	0.00381	0.00374	0.00474	0.00375	0.00283	0.00925	0.00820	0.03702	0.01335	0.01493	0.03365	0.00466	0.00279	0.00093	0.00187	0.00372	0.81966	0.00370
21	0.00476	0.00340	0.00454	0.00544	0.00567	0.00318	0.00366	0.00545	0.00745	0.00993	0.02135	0.84371	0.02557	0.01211	0.00496	0.00158	0.00228	0.02821	0.00360	0.00316
22	0.00487	0.00351	0.00465	0.00550	0.00585	0.00329	0.00383	0.00567	0.00765	0.01010	0.02220	0.73591	0.06708	0.01188	0.00497	0.00158	0.00237	0.09230	0.00360	0.00320
23	0.11224	0.00674	0.00852	0.00670	0.00949	0.00622	0.00549	0.05980	0.01087	0.65719	0.04279	0.03597	0.01023	0.00497	0.00379	0.00121	0.00324	0.00398	0.00444	0.00614
24	0.00579	0.00452	0.00671	0.00656	0.00720	0.00544	0.00515	0.00713	0.00621	0.00903	0.00994	0.01466	0.00930	0.02720	0.77798	0.00585	0.08169	0.00409	0.00204	0.00353
25	0.02979	0.01412	0.35764	0.01335	0.01775	0.00945	0.41088	0.01234	0.00858	0.03318	0.00747	0.00939	0.00550	0.00367	0.00456	0.00129	0.05003	0.00374	0.00190	0.00539
26	0.00924	0.00912	0.01333	0.14380	0.53258	0.09101	0.01034	0.01128	0.00871	0.01159	0.00847	0.04133	0.00770	0.03815	0.00455	0.00131	0.00476	0.04536	0.00206	0.00532
27	0.00685	0.02341	0.00649	0.00623	0.00716	0.00503	0.02390	0.06178	0.08430	0.05435	0.04441	0.52219	0.02045	0.05323	0.03835	0.00177	0.00307	0.02961	0.00353	0.00392
28	0.00732	0.00689	0.01163	0.85444	0.02670	0.00861	0.01077	0.00991	0.00775	0.00991	0.00689	0.01034	0.00517	0.00388	0.00388	0.00129	0.00517	0.00345	0.00172	0.00431
29	0.01397	0.00754	0.00921	0.05918	0.01086	0.01562	0.00615	0.25148	0.03436	0.39563	0.02510	0.08514	0.01025	0.00537	0.00393	0.00121	0.00353	0.00439	0.05116	0.00593
30	0.02809	0.36793	0.25465	0.09065	0.05635	0.02205	0.02995	0.03190	0.03880	0.01121	0.00709	0.03246	0.00593	0.00386	0.00326	0.00107	0.00470	0.00295	0.00189	0.00520
31	0.00879	0.00768	0.01105	0.19760	0.28354	0.05893	0.01572	0.01095	0.03132	0.07033	0.03882	0.06482	0.07072	0.00617	0.02861	0.00142	0.02524	0.06085	0.00255	0.00490
32	0.00482	0.00365	0.00447	0.00507	0.00570	0.00330	0.00362	0.00570	0.00804	0.01030	0.03816	0.52151	0.28174	0.01123	0.00486	0.00150	0.00226	0.07720	0.00361	0.00323
33	0.02967	0.53272	0.10209	0.00778	0.02088	0.10420	0.02206	0.01855	0.02118	0.05133	0.02805	0.00870	0.01917	0.00387	0.00300	0.00097	0.00449	0.01422	0.00205	0.00503
34	0.01714	0.03017	0.33805	0.03773	0.03877	0.01939	0.13240	0.15464	0.07267	0.06989	0.00910	0.03114	0.00683	0.00465	0.01907	0.00132	0.00514	0.00365	0.00254	0.00571
35	0.00629	0.00413	0.00539	0.00555	0.00628	0.00390	0.01823	0.00719	0.00782	0.07447	0.04086	0.29376	0.12310	0.21489	0.02638	0.00216	0.00313	0.14976	0.00334	0.00337
36	0.01189	0.00606	0.00759	0.00624	0.00834	0.00575	0.00499	0.12987	0.02039	0.36091	0.28012	0.03670	0.03698	0.00605	0.00408	0.00119	0.00281	0.00508	0.05965	0.00531
37	0.00673	0.00337	0.00505	0.00505	0.00505	0.00337	0.00337	0.00505	0.00505	0.00673	0.00673	0.01178	0.00673	0.01347	0.01515	0.88721	0.00337	0.00337	0.00168	0.00168
38	0.02059	0.21343	0.15155	0.00883	0.06296	0.14109	0.00763	0.06774	0.00926	0.05794	0.01040	0.20105	0.01014	0.00568	0.00367	0.00116	0.00438	0.00460	0.01305	0.00486
39	0.09908	0.01579	0.05193	0.04555	0.04572	0.57572	0.04001	0.03827	0.01024	0.01115	0.00625	0.00746	0.00506	0.00392	0.00357	0.00107	0.01505	0.00267	0.00206	0.01943
40	0.00870	0.03167	0.00846	0.00770	0.03834	0.22434	0.03722	0.04089	0.07169	0.01197	0.15455	0.09815	0.18742	0.02618	0.01884	0.00136	0.01961	0.00563	0.00307	0.00421
41	0.23230	0.25703	0.27086	0.00811	0.01182	0.03911	0.03195	0.01270	0.07320	0.02087	0.00689	0.00772	0.00537	0.00369	0.00306	0.00111	0.00442	0.00261	0.00207	0.00511

[dist]
# distance from previous block
# <min> <max>
2	72

[block]
# block no. 3 follows, 70 sequences, length 21
# corresponding to MSA columns:
# 309-329
name=unknown_D
#
# <colnr> <probs for GDERKNQSTAVLIFYWHMCP>
#	G	D	E	R	K	N	Q	S	T	A	V	L	I	F	Y	W	H	M	C	P
0	0.09003	0.13783	0.01319	0.01139	0.10103	0.42160	0.00804	0.04507	0.01130	0.01343	0.04824	0.04916	0.00973	0.00585	0.00436	0.00145	0.00601	0.01354	0.00297	0.00579
1	0.03187	0.00372	0.00474	0.00548	0.00585	0.00361	0.00372	0.00623	0.04356	0.01027	0.02005	0.76382	0.02362	0.01164	0.00524	0.03730	0.00235	0.01015	0.00350	0.00325
2	0.01404	0.08629	0.01207	0.00904	0.01167	0.27525	0.00732	0.43446	0.02555	0.04097	0.00802	0.00846	0.00605	0.00443	0.00400	0.00111	0.03948	0.00308	0.00304	0.00569
3	0.08327	0.00784	0.01014	0.00878	0.00949	0.02136	0.00726	0.00980	0.01761	0.03369	0.00728	0.01206	0.00707	0.03619	0.01013	0.00161	0.56158	0.07270	0.00211	0.08004
4	0.01029	0.05592	0.07721	0.00928	0.01150	0.19829	0.10704	0.01189	0.00847	0.08403	0.00801	0.01098	0.00689	0.07787	0.04707	0.00164	0.15743	0.01757	0.00223	0.09640
5	0.00778	0.02005	0.84367	0.01105	0.01678	0.00900	0.01432	0.01228	0.00818	0.01228	0.00696	0.00818	0.00491	0.00368	0.00368	0.00123	0.00573	0.00286	0.00164	0.00573
6	0.00879	0.03473	0.09411	0.04310	0.04605	0.00907	0.56877	0.01179	0.00900	0.03361	0.03209	0.03762	0.04385	0.00406	0.00438	0.00128	0.00574	0.00467	0.00217	0.00511
7	0.00796	0.15083	0.60684	0.00988	0.01473	0.00949	0.03813	0.01161	0.00834	0.01186	0.04961	0.01036	0.04582	0.00411	0.00361	0.00117	0.00514	0.00325	0.00187	0.00538
8	0.00555	0.00411	0.00603	0.00603	0.00665	0.00473	0.00459	0.00679	0.00617	0.00885	0.01057	0.01627	0.01014	0.11427	0.76381	0.00598	0.00971	0.00431	0.00210	0.00335
9	0.00512	0.00361	0.00464	0.00521	0.00548	0.00352	0.00350	0.00574	0.00698	0.00930	0.01851	0.50242	0.04325	0.24159	0.07366	0.00252	0.00335	0.05548	0.00315	0.00299
10	0.00893	0.00936	0.07124	0.18788	0.59884	0.00895	0.01168	0.01142	0.00857	0.01206	0.00755	0.01058	0.00630	0.00375	0.00388	0.00120	0.00477	0.02547	0.00191	0.00568
11	0.04589	0.09548	0.28430	0.02254	0.15644	0.10225	0.07593	0.06222	0.00928	0.06443	0.00735	0.00863	0.00559	0.00386	0.00399	0.00117	0.03989	0.00309	0.00212	0.00552
12	0.00554	0.00415	0.00623	0.00623	0.00692	0.00485	0.00485	0.00692	0.00623	0.00900	0.01038	0.01523	0.00969	0.02908	0.84839	0.00623	0.01038	0.00415	0.00208	0.00346
13	0.06164	0.01016	0.03454	0.01079	0.05677	0.06816	0.19726	0.29698	0.04907	0.06977	0.02325	0.02253	0.03615	0.00470	0.00401	0.00123	0.00467	0.03168	0.01105	0.00560
14	0.02554	0.34004	0.17484	0.01061	0.04094	0.06855	0.18940	0.06783	0.00910	0.01178	0.00659	0.00795	0.00530	0.00359	0.00360	0.00108	0.02308	0.00297	0.00192	0.00526
15	0.00493	0.00402	0.03013	0.00537	0.00596	0.00342	0.00388	0.00593	0.00813	0.01093	0.15484	0.63510	0.09089	0.01102	0.00482	0.00149	0.00226	0.00990	0.00365	0.00332
16	0.00520	0.00388	0.00455	0.00471	0.00569	0.00343	0.00347	0.00631	0.00893	0.03277	0.18288	0.24988	0.41731	0.00998	0.00469	0.00138	0.00212	0.04564	0.00375	0.00341
17	0.01019	0.05311	0.03618	0.00722	0.00946	0.00814	0.00600	0.19555	0.23418	0.10322	0.08385	0.07826	0.08745	0.00643	0.00412	0.00128	0.00328	0.06296	0.00377	0.00536
18	0.08869	0.33881	0.30357	0.00895	0.03760	0.08916	0.00932	0.04904	0.00865	0.01181	0.00647	0.02014	0.00531	0.00373	0.00313	0.00105	0.00485	0.00263	0.00189	0.00520
19	0.00547	0.00397	0.00549	0.00580	0.00637	0.00417	0.00436	0.00661	0.00722	0.00990	0.07177	0.19808	0.03877	0.12638	0.35516	0.00378	0.00597	0.13460	0.00285	0.00328
20	0.00973	0.00936	0.01458	0.03718	0.69404	0.04869	0.01095	0.03868	0.02878	0.01308	0.05143	0.01062	0.00783	0.00381	0.00387	0.00115	0.00453	0.00362	0.00216	0.00591

[dist]
# distance from previous block
# <min> <max>
8	12

[block]
# block no. 4 follows, 70 sequences, length 57
# corresponding to MSA columns:
# 345-401
name=unknown_E
#
# <colnr> <probs for GDERKNQSTAVLIFYWHMCP>
#	G	D	E	R	K	N	Q	S	T	A	V	L	I	F	Y	W	H	M	C	P
0	0.09976	0.00993	0.01006	0.00822	0.01091	0.04477	0.00666	0.45365	0.24999	0.03563	0.01094	0.01103	0.00811	0.00480	0.00376	0.00121	0.00388	0.01691	0.00369	0.00609
1	0.77374	0.00705	0.00574	0.00522	0.00739	0.00816	0.00426	0.01081	0.00666	0.01643	0.02534	0.00780	0.00555	0.00648	0.09488	0.00175	0.00378	0.00244	0.00241	0.00411
2	0.10879	0.21530	0.02843	0.00787	0.01091	0.02304	0.00685	0.44599	0.06035	0.01874	0.00832	0.00889	0.00637	0.00427	0.00338	0.00109	0.00406	0.01316	0.00309	0.02109
3	0.00480	0.00344	0.00457	0.00545	0.00573	0.00322	0.00372	0.00554	0.00754	0.01000	0.02179	0.79842	0.04658	0.01201	0.00496	0.00158	0.00231	0.05158	0.00360	0.00317
4	0.00865	0.09441	0.34575	0.01016	0.04094	0.05026	0.08899	0.02322	0.16697	0.01273	0.04417	0.06912	0.01826	0.00475	0.00384	0.00122	0.00471	0.00405	0.00243	0.00536
5	0.00820	0.00699	0.00813	0.00582	0.00926	0.00533	0.00466	0.02951	0.00829	0.01292	0.00695	0.00807	0.00576	0.00291	0.00290	0.00059	0.00290	0.00233	0.00234	0.86616
6	0.00804	0.00689	0.00804	0.00574	0.00919	0.00517	0.00459	0.00976	0.00804	0.01263	0.00689	0.00804	0.00574	0.00287	0.00287	0.00057	0.00287	0.00230	0.00230	0.88745
7	0.01150	0.01043	0.03486	0.05902	0.22803	0.08368	0.00861	0.28476	0.17321	0.01681	0.00956	0.01031	0.00728	0.00437	0.00398	0.00119	0.02044	0.00355	0.02246	0.00594
8	0.01049	0.62574	0.14760	0.00773	0.01128	0.10209	0.00794	0.03021	0.00848	0.00999	0.00578	0.00668	0.00500	0.00348	0.00281	0.00092	0.00470	0.00227	0.00174	0.00508
9	0.00506	0.00381	0.00469	0.00476	0.00561	0.00343	0.00346	0.00639	0.00954	0.01283	0.42821	0.23607	0.24307	0.00946	0.00467	0.00133	0.00197	0.00830	0.00393	0.00343
10	0.00583	0.00411	0.00488	0.00476	0.00481	0.00438	0.00293	0.00597	0.00570	0.00774	0.01161	0.02357	0.01320	0.75218	0.07166	0.00377	0.06268	0.00539	0.00229	0.00255
11	0.00479	0.00402	0.00417	0.00416	0.00542	0.00346	0.00311	0.00608	0.03061	0.01098	0.09686	0.06959	0.72407	0.00965	0.00458	0.00131	0.00199	0.00811	0.00366	0.00337
12	0.01002	0.75455	0.12887	0.00722	0.01085	0.01450	0.00765	0.01170	0.00792	0.00954	0.00560	0.00648	0.00497	0.00337	0.00265	0.00088	0.00435	0.00218	0.00166	0.00507
13	0.00549	0.00396	0.00518	0.00488	0.00579	0.00366	0.00366	0.00732	0.01097	0.01555	0.83752	0.02896	0.03658	0.00793	0.00457	0.00122	0.00183	0.00701	0.00427	0.00366
14	0.00732	0.00689	0.01163	0.85444	0.02670	0.00861	0.01077	0.00991	0.00775	0.00991	0.00689	0.01034	0.00517	0.00388	0.00388	0.00129	0.00517	0.00345	0.00172	0.00431
15	0.00556	0.00395	0.00511	0.00482	0.00574	0.00366	0.00362	0.00739	0.01085	0.01550	0.80130	0.02832	0.03541	0.00778	0.00449	0.00121	0.00183	0.00686	0.04295	0.00366
16	0.00474	0.00344	0.00447	0.00525	0.00560	0.00318	0.00354	0.00548	0.00767	0.01015	0.05225	0.75890	0.09746	0.01179	0.00490	0.00154	0.00221	0.01063	0.00362	0.00318
17	0.00930	0.00907	0.01594	0.11456	0.67492	0.00920	0.08641	0.01173	0.00874	0.01234	0.00730	0.00976	0.00601	0.00348	0.00391	0.00118	0.00484	0.00356	0.00190	0.00586
18	0.01082	0.77488	0.01934	0.00696	0.01017	0.07691	0.00672	0.03899	0.00845	0.00966	0.00556	0.00638	0.00503	0.00341	0.00261	0.00085	0.00436	0.00215	0.00176	0.00499
19	0.30595	0.00669	0.00761	0.00614	0.00878	0.00653	0.00504	0.01551	0.00960	0.50469	0.07594	0.01214	0.00991	0.00464	0.00345	0.00120	0.00309	0.00354	0.00396	0.00557
20	0.89114	0.00750	0.00570	0.00510	0.00750	0.00870	0.00420	0.01140	0.00660	0.01739	0.00540	0.00630	0.00420	0.00360	0.00240	0.00120	0.00300	0.00210	0.00240	0.00420
21	0.00786	0.08556	0.65875	0.01045	0.01540	0.00904	0.04021	0.01177	0.00827	0.01196	0.00834	0.01199	0.00685	0.00441	0.00380	0.00126	0.00539	0.09142	0.00186	0.00542
22	0.00496	0.00394	0.00445	0.00432	0.00547	0.00343	0.00324	0.00629	0.00973	0.01259	0.37219	0.03383	0.50376	0.00903	0.00458	0.00127	0.00191	0.00769	0.00388	0.00343
23	0.00898	0.01023	0.04818	0.01472	0.01836	0.00946	0.66854	0.01304	0.09891	0.01284	0.02469	0.02336	0.00762	0.00383	0.00449	0.00132	0.00593	0.01796	0.00226	0.00526
24	0.00964	0.00833	0.00877	0.00789	0.01008	0.00964	0.00614	0.02060	0.83257	0.01622	0.01578	0.01446	0.01183	0.00526	0.00394	0.00131	0.00307	0.00438	0.00394	0.00614
25	0.00778	0.02005	0.84367	0.01105	0.01678	0.00900	0.01432	0.01228	0.00818	0.01228	0.00696	0.00818	0.00491	0.00368	0.00368	0.00123	0.00573	0.00286	0.00164	0.00573
26	0.00554	0.00415	0.00623	0.00623	0.00692	0.00485	0.00485	0.00692	0.00623	0.00900	0.01038	0.01523	0.00969	0.02908	0.84839	0.00623	0.01038	0.00415	0.00208	0.00346
27	0.89114	0.00750	0.00570	0.00510	0.00750	0.00870	0.00420	0.01140	0.00660	0.01739	0.00540	0.00630	0.00420	0.00360	0.00240	0.00120	0.00300	0.00210	0.00240	0.00420
28	0.00698	0.00495	0.00610	0.00548	0.00672	0.00483	0.00420	0.12026	0.01180	0.03485	0.65875	0.05549	0.04916	0.00760	0.00448	0.00123	0.00222	0.00662	0.00419	0.00410
29	0.00557	0.00375	0.00423	0.00426	0.00431	0.00372	0.00242	0.00563	0.00581	0.00771	0.01350	0.05581	0.04362	0.80300	0.01867	0.00359	0.00364	0.00592	0.00244	0.00241
30	0.01405	0.01761	0.01084	0.00984	0.01182	0.77610	0.00741	0.01575	0.06944	0.00997	0.00668	0.00755	0.00548	0.00413	0.00366	0.00103	0.01926	0.00264	0.00213	0.00461
31	0.00472	0.00337	0.00450	0.00540	0.00562	0.00315	0.00360	0.00540	0.00742	0.00990	0.02137	0.86122	0.02564	0.01215	0.00495	0.00157	0.00225	0.01102	0.00360	0.00315
32	0.00629	0.00585	0.03338	0.00544	0.00716	0.00548	0.00435	0.01055	0.26988	0.01234	0.03048	0.04171	0.53601	0.00821	0.00436	0.00131	0.00244	0.00684	0.00364	0.00426
33	0.00960	0.00921	0.01574	0.02380	0.83957	0.00921	0.01190	0.01190	0.00883	0.01267	0.00729	0.00960	0.00614	0.00345	0.00384	0.00115	0.00461	0.00345	0.00192	0.00614
34	0.05547	0.74556	0.01873	0.00686	0.01001	0.09059	0.00659	0.01195	0.00809	0.00957	0.00544	0.00629	0.00494	0.00339	0.00257	0.00086	0.00435	0.00211	0.00173	0.00489
35	0.01441	0.01069	0.01145	0.00885	0.01190	0.01187	0.00729	0.77439	0.07102	0.02390	0.00973	0.00964	0.00693	0.00469	0.00388	0.00117	0.00419	0.00355	0.00388	0.00656
36	0.00915	0.01046	0.02288	0.01634	0.02026	0.00980	0.82549	0.01242	0.00915	0.01242	0.00784	0.01046	0.00588	0.00327	0.00458	0.00131	0.00654	0.00458	0.00196	0.00523
37	0.00552	0.00379	0.00424	0.00424	0.00440	0.00373	0.00247	0.00566	0.00600	0.00787	0.01513	0.02644	0.10401	0.75133	0.03707	0.00355	0.00371	0.00588	0.00248	0.00248
38	0.00561	0.00387	0.00478	0.00478	0.00497	0.00406	0.00304	0.00599	0.00580	0.00793	0.01171	0.02256	0.01287	0.63249	0.24933	0.00444	0.00559	0.00523	0.00227	0.00266
39	0.00576	0.00406	0.00536	0.00516	0.00610	0.00378	0.00397	0.00757	0.01075	0.02797	0.73548	0.03033	0.03460	0.00818	0.00465	0.00128	0.00204	0.09507	0.00420	0.00369
40	0.00732	0.00689	0.01163	0.85444	0.02670	0.00861	0.01077	0.00991	0.00775	0.00991	0.00689	0.01034	0.00517	0.00388	0.00388	0.00129	0.00517	0.00345	0.00172	0.00431
41	0.00896	0.00948	0.01880	0.07524	0.25856	0.00942	0.45990	0.01171	0.00869	0.01203	0.00761	0.01032	0.00604	0.00467	0.04223	0.00150	0.04350	0.00410	0.00193	0.00531
42	0.04609	0.00940	0.01037	0.00806	0.01099	0.03144	0.00662	0.49931	0.02526	0.26499	0.04017	0.01105	0.00848	0.00477	0.00385	0.00117	0.00391	0.00367	0.00406	0.00635
43	0.01036	0.86609	0.02032	0.00663	0.00995	0.01534	0.00663	0.01161	0.00788	0.00912	0.00539	0.00622	0.00498	0.00332	0.00249	0.00083	0.00415	0.00207	0.00166	0.00498
44	0.00677	0.00425	0.00558	0.00508	0.00623	0.00387	0.00387	0.00855	0.01095	0.10579	0.73530	0.02737	0.04608	0.00761	0.00450	0.00122	0.00199	0.00669	0.00432	0.00397
45	0.00831	0.06885	0.69259	0.01120	0.01654	0.00937	0.09335	0.01242	0.00834	0.03367	0.00717	0.00842	0.00513	0.00365	0.00371	0.00121	0.00565	0.00301	0.00175	0.00566
46	0.00801	0.00725	0.01233	0.70759	0.05121	0.00863	0.06633	0.01086	0.03544	0.04422	0.00761	0.01057	0.00565	0.00390	0.00393	0.00129	0.00510	0.00357	0.00194	0.00458
47	0.00472	0.00337	0.00450	0.00540	0.00562	0.00315	0.00360	0.00540	0.00742	0.00990	0.02137	0.86122	0.02564	0.01215	0.00495	0.00157	0.00225	0.01102	0.00360	0.00315
48	0.00461	0.00385	0.00403	0.00415	0.00530	0.00326	0.00305	0.00556	0.00866	0.01046	0.04756	0.15460	0.71136	0.01012	0.00463	0.00135	0.00200	0.00857	0.00361	0.00326
49	0.00906	0.01027	0.02168	0.03621	0.03031	0.02508	0.75287	0.01217	0.00909	0.01222	0.00823	0.03866	0.00651	0.00359	0.00454	0.00131	0.00634	0.00471	0.00201	0.00514
50	0.00895	0.01095	0.07875	0.01572	0.01968	0.00959	0.75069	0.01225	0.00904	0.01235	0.00810	0.03013	0.00628	0.00350	0.00452	0.00131	0.00638	0.00461	0.00198	0.00521
51	0.89114	0.00750	0.00570	0.00510	0.00750	0.00870	0.00420	0.01140	0.00660	0.01739	0.00540	0.00630	0.00420	0.00360	0.00240	0.00120	0.00300	0.00210	0.00240	0.00420
52	0.00551	0.00411	0.00599	0.00599	0.00664	0.00470	0.00458	0.00677	0.00628	0.00893	0.01157	0.01685	0.03979	0.09615	0.75082	0.00585	0.00954	0.00442	0.00215	0.00336
53	0.00476	0.00343	0.00452	0.00532	0.00562	0.00318	0.00358	0.00551	0.00767	0.01023	0.06724	0.78598	0.05495	0.01183	0.00491	0.00155	0.00222	0.01070	0.00364	0.00318
54	0.00880	0.01240	0.21501	0.01584	0.12978	0.00939	0.50552	0.01220	0.00892	0.01249	0.02658	0.01023	0.00639	0.00350	0.00427	0.00127	0.00598	0.00408	0.00193	0.00543
55	0.00823	0.01113	0.23006	0.08182	0.41967	0.00828	0.03531	0.01096	0.00854	0.01201	0.01114	0.03969	0.09725	0.00452	0.00394	0.00122	0.00464	0.00409	0.00207	0.00545
56	0.00467	0.00372	0.00419	0.00456	0.00544	0.00325	0.00326	0.00555	0.00829	0.01027	0.03199	0.35567	0.50831	0.01073	0.00474	0.00142	0.00211	0.02499	0.00360	0.00323

[dist]
# distance from previous block
# <min> <max>
0	2

# created by:
# /st0/software/busco_prod/Augustus/scripts/msa2prfl.pl ./align_prep/32898.fa
