[name]
unknown

[dist]
# distance from previous block
# <min> <max>
6	79

[block]
# block no. 0 follows, 63 sequences, length 17
# corresponding to MSA columns:
# 112-128
name=unknown_A
#
# <colnr> <probs for GDERKNQSTAVLIFYWHMCP>
#	G	D	E	R	K	N	Q	S	T	A	V	L	I	F	Y	W	H	M	C	P
0	0.05357	0.03664	0.06800	0.00851	0.04277	0.05994	0.03021	0.12477	0.08142	0.09704	0.12790	0.02619	0.07592	0.04519	0.04013	0.02198	0.01882	0.00486	0.03085	0.00527
1	0.08066	0.09675	0.06018	0.20067	0.27497	0.02702	0.04977	0.04491	0.01873	0.02705	0.00855	0.01073	0.02134	0.01373	0.00408	0.00128	0.00493	0.00358	0.01954	0.03153
2	0.00764	0.05298	0.00822	0.00628	0.02833	0.00560	0.00478	0.00931	0.00930	0.01338	0.13570	0.07416	0.14359	0.00586	0.00384	0.00096	0.00286	0.00493	0.00308	0.47921
3	0.00830	0.00697	0.02377	0.10126	0.17430	0.00685	0.01712	0.06006	0.05458	0.04666	0.19495	0.07979	0.17591	0.00727	0.00464	0.00138	0.00352	0.02418	0.00351	0.00499
4	0.01096	0.03119	0.06470	0.03596	0.49750	0.00989	0.06227	0.10355	0.01068	0.05862	0.00968	0.03960	0.01964	0.00497	0.02124	0.00139	0.00508	0.00415	0.00256	0.00636
5	0.00537	0.00419	0.00479	0.00489	0.00592	0.00371	0.00357	0.00657	0.00970	0.01245	0.22833	0.15729	0.43519	0.06473	0.00611	0.00163	0.00232	0.03568	0.00399	0.00358
6	0.01421	0.00890	0.06783	0.02781	0.07027	0.02411	0.00734	0.14316	0.03598	0.37747	0.12892	0.01530	0.01331	0.00543	0.00425	0.00128	0.00386	0.00449	0.03973	0.00635
7	0.13232	0.00553	0.00545	0.00501	0.00634	0.00589	0.00374	0.09800	0.02886	0.01603	0.01220	0.01590	0.01034	0.15434	0.00632	0.00161	0.00284	0.00408	0.48102	0.00419
8	0.83422	0.00879	0.00649	0.00582	0.00840	0.05494	0.00475	0.01260	0.00742	0.01839	0.00589	0.00687	0.00460	0.00393	0.00267	0.00129	0.00349	0.00230	0.00258	0.00457
9	0.88196	0.00813	0.00618	0.00553	0.00813	0.00943	0.00455	0.01236	0.00715	0.01886	0.00585	0.00683	0.00455	0.00390	0.00260	0.00130	0.00325	0.00228	0.00260	0.00455
10	0.01542	0.01944	0.01178	0.01071	0.01288	0.79101	0.00804	0.01708	0.05530	0.01068	0.00707	0.00802	0.00581	0.00441	0.00382	0.00110	0.00735	0.00282	0.00228	0.00497
11	0.00887	0.00865	0.01200	0.01035	0.01035	0.01194	0.00849	0.00969	0.00640	0.00991	0.00634	0.01114	0.00656	0.09707	0.01460	0.00208	0.75532	0.00394	0.00191	0.00438
12	0.01135	0.00947	0.01001	0.00873	0.01127	0.01087	0.00687	0.14959	0.68975	0.01902	0.01598	0.01478	0.01192	0.00560	0.00427	0.00140	0.00354	0.00460	0.00427	0.00673
13	0.00642	0.00418	0.00530	0.00561	0.00635	0.00384	0.00394	0.00740	0.00894	0.07338	0.13537	0.44466	0.13520	0.10242	0.00692	0.00185	0.00265	0.03788	0.00395	0.00371
14	0.00548	0.00407	0.00513	0.00551	0.00629	0.00373	0.00402	0.00675	0.00965	0.01283	0.26392	0.36861	0.19892	0.01115	0.00520	0.00155	0.00236	0.07707	0.00411	0.00364
15	0.00523	0.00383	0.00511	0.03201	0.00680	0.00363	0.00411	0.00608	0.00827	0.01096	0.04876	0.75265	0.07178	0.01261	0.00529	0.00167	0.00251	0.01139	0.00386	0.00348
16	0.00652	0.04236	0.00705	0.03261	0.00808	0.00532	0.02331	0.02674	0.05879	0.01184	0.03862	0.44107	0.06629	0.06342	0.03433	0.00194	0.00338	0.10636	0.01805	0.00392

[dist]
# distance from previous block
# <min> <max>
2	5

[block]
# block no. 1 follows, 63 sequences, length 12
# corresponding to MSA columns:
# 136-147
name=unknown_B
#
# <colnr> <probs for GDERKNQSTAVLIFYWHMCP>
#	G	D	E	R	K	N	Q	S	T	A	V	L	I	F	Y	W	H	M	C	P
0	0.01070	0.11256	0.16522	0.03772	0.01299	0.03740	0.06058	0.17224	0.07482	0.05851	0.06259	0.05845	0.05368	0.00633	0.01662	0.03238	0.00468	0.01381	0.00312	0.00561
1	0.00650	0.00414	0.00535	0.00564	0.00642	0.00383	0.00401	0.00769	0.00930	0.07376	0.19561	0.47695	0.08870	0.01143	0.02827	0.00167	0.00262	0.00952	0.05470	0.00386
2	0.00627	0.00436	0.00610	0.00619	0.00684	0.00469	0.00460	0.00731	0.00725	0.02884	0.03472	0.11571	0.05180	0.13925	0.47022	0.05290	0.00770	0.03902	0.00273	0.00352
3	0.28279	0.00744	0.02355	0.00675	0.00905	0.00753	0.00552	0.11191	0.02739	0.19425	0.10799	0.06801	0.01355	0.03092	0.00491	0.03324	0.00343	0.05283	0.00375	0.00518
4	0.01354	0.00703	0.00820	0.00678	0.00917	0.00706	0.00544	0.12915	0.13579	0.32360	0.01480	0.01437	0.01044	0.00516	0.00381	0.00121	0.00315	0.00414	0.29113	0.00601
5	0.88196	0.00813	0.00618	0.00553	0.00813	0.00943	0.00455	0.01236	0.00715	0.01886	0.00585	0.00683	0.00455	0.00390	0.00260	0.00130	0.00325	0.00228	0.00260	0.00455
6	0.03780	0.49136	0.14368	0.00902	0.03731	0.04163	0.02069	0.11471	0.01019	0.02686	0.00739	0.02879	0.00628	0.00415	0.00329	0.00108	0.00483	0.00295	0.00226	0.00572
7	0.03932	0.02760	0.01001	0.00907	0.01093	0.52770	0.00681	0.04895	0.03120	0.01196	0.03320	0.13500	0.03893	0.00605	0.00404	0.00121	0.00580	0.00456	0.04297	0.00468
8	0.01112	0.09851	0.10715	0.11481	0.05921	0.02699	0.04212	0.18058	0.11523	0.04350	0.02110	0.01172	0.00809	0.00458	0.00397	0.00121	0.00465	0.02442	0.00296	0.11808
9	0.00841	0.00914	0.11746	0.05685	0.06203	0.05624	0.07814	0.03705	0.00889	0.03213	0.02388	0.14072	0.01286	0.11465	0.09970	0.00238	0.04458	0.06231	0.02797	0.00459
10	0.51701	0.03863	0.05900	0.02699	0.00953	0.04212	0.00587	0.04162	0.00853	0.01669	0.07139	0.06031	0.02910	0.00535	0.00367	0.00134	0.02903	0.02635	0.00282	0.00465
11	0.00960	0.01103	0.07911	0.09025	0.02015	0.00991	0.54705	0.06452	0.01041	0.01418	0.06268	0.04203	0.00923	0.00441	0.00479	0.00140	0.00623	0.00506	0.00244	0.00552

[dist]
# distance from previous block
# <min> <max>
3	16

[block]
# block no. 2 follows, 63 sequences, length 7
# corresponding to MSA columns:
# 167-173
name=unknown_C
#
# <colnr> <probs for GDERKNQSTAVLIFYWHMCP>
#	G	D	E	R	K	N	Q	S	T	A	V	L	I	F	Y	W	H	M	C	P
0	0.00833	0.02430	0.00868	0.00775	0.02558	0.04285	0.04956	0.06311	0.06448	0.04554	0.14997	0.15019	0.10367	0.01155	0.12538	0.02179	0.05350	0.00640	0.03284	0.00453
1	0.03064	0.04736	0.08517	0.06258	0.14618	0.03381	0.05193	0.06469	0.07241	0.05495	0.03105	0.06658	0.02399	0.05258	0.01916	0.00152	0.04426	0.00448	0.02701	0.07966
2	0.13022	0.06697	0.09238	0.02871	0.03938	0.10276	0.02992	0.07284	0.03644	0.03503	0.06740	0.01792	0.15430	0.03604	0.02512	0.00151	0.00439	0.02269	0.03107	0.00492
3	0.00761	0.00484	0.00620	0.00611	0.00624	0.00496	0.00400	0.00680	0.00657	0.00897	0.01147	0.05949	0.01244	0.36401	0.05952	0.36697	0.05293	0.00539	0.00254	0.00294
4	0.00910	0.00897	0.05785	0.10985	0.09893	0.03420	0.04147	0.05778	0.21501	0.01490	0.12699	0.01801	0.10444	0.00609	0.00498	0.00138	0.05601	0.00509	0.02352	0.00541
5	0.01002	0.05388	0.06920	0.11542	0.24174	0.00931	0.10771	0.03441	0.02450	0.04458	0.06010	0.04067	0.03656	0.05411	0.00577	0.00156	0.03040	0.00472	0.00275	0.05261
6	0.00566	0.00418	0.00506	0.00515	0.00614	0.00379	0.00384	0.00715	0.01024	0.01384	0.36262	0.17950	0.26665	0.00999	0.00498	0.00144	0.00221	0.05404	0.04977	0.00374

[dist]
# distance from previous block
# <min> <max>
2	12

[block]
# block no. 3 follows, 63 sequences, length 16
# corresponding to MSA columns:
# 186-201
name=unknown_D
#
# <colnr> <probs for GDERKNQSTAVLIFYWHMCP>
#	G	D	E	R	K	N	Q	S	T	A	V	L	I	F	Y	W	H	M	C	P
0	0.02255	0.05965	0.03479	0.10310	0.18572	0.07614	0.06778	0.03505	0.07223	0.01339	0.04127	0.07027	0.02118	0.00506	0.00443	0.00124	0.03791	0.00434	0.02984	0.11405
1	0.00699	0.00414	0.00536	0.00520	0.00579	0.00397	0.00359	0.00694	0.00760	0.04935	0.12361	0.02319	0.15352	0.17681	0.05654	0.33545	0.00362	0.00563	0.01973	0.00295
2	0.00954	0.00872	0.07391	0.04889	0.21804	0.00798	0.02012	0.08852	0.11028	0.06478	0.12800	0.11133	0.07885	0.00652	0.00450	0.00137	0.00389	0.00574	0.00342	0.00561
3	0.01149	0.52166	0.01789	0.03631	0.02499	0.07645	0.01839	0.10486	0.03191	0.01233	0.02719	0.02298	0.00734	0.02896	0.00422	0.00116	0.04104	0.00310	0.00231	0.00541
4	0.00655	0.00443	0.00525	0.00494	0.00623	0.00395	0.00374	0.00818	0.01083	0.06460	0.42983	0.03230	0.31532	0.00882	0.00475	0.00133	0.00213	0.00755	0.07528	0.00401
5	0.01606	0.00850	0.01020	0.00799	0.01099	0.00850	0.00654	0.29085	0.05607	0.42100	0.07614	0.01429	0.01167	0.00542	0.00423	0.00128	0.00375	0.00435	0.03538	0.00677
6	0.01157	0.00571	0.00653	0.00567	0.00754	0.00564	0.00447	0.04603	0.10002	0.24611	0.01476	0.01507	0.01076	0.00508	0.00350	0.00113	0.00267	0.00409	0.49839	0.00526
7	0.67427	0.00762	0.00619	0.00551	0.00787	0.00869	0.00449	0.06211	0.00824	0.01878	0.00750	0.00859	0.00581	0.00415	0.00276	0.00124	0.00311	0.00266	0.15583	0.00460
8	0.00720	0.00372	0.00558	0.00558	0.00564	0.00378	0.00378	0.00564	0.00558	0.00750	0.00762	0.01308	0.00756	0.01598	0.08309	0.80682	0.00427	0.00372	0.00186	0.00198
9	0.01050	0.23664	0.44860	0.01032	0.01520	0.02934	0.03170	0.06983	0.04390	0.05486	0.00814	0.00900	0.00607	0.00409	0.00371	0.00121	0.00545	0.00309	0.00225	0.00609
10	0.00851	0.00642	0.00739	0.00664	0.00751	0.02363	0.00484	0.14355	0.02813	0.01267	0.02958	0.01959	0.01214	0.38560	0.13163	0.00334	0.09632	0.00501	0.06351	0.00399
11	0.01316	0.01013	0.01083	0.00879	0.01163	0.01124	0.00710	0.48587	0.26019	0.02239	0.04951	0.01469	0.06369	0.00576	0.00431	0.00132	0.00396	0.00457	0.00423	0.00663
12	0.00638	0.00451	0.00551	0.00533	0.00632	0.00425	0.00386	0.00818	0.04339	0.04364	0.39859	0.10712	0.17432	0.12914	0.03910	0.00198	0.00282	0.00767	0.00405	0.00386
13	0.00670	0.00431	0.00539	0.00549	0.00638	0.00392	0.00391	0.00780	0.00936	0.08891	0.19619	0.33865	0.17675	0.10176	0.00684	0.00179	0.00260	0.02539	0.00403	0.00383
14	0.00696	0.00542	0.03287	0.00593	0.00740	0.00471	0.02080	0.00927	0.06758	0.06525	0.30389	0.13500	0.24727	0.00913	0.00503	0.01536	0.00258	0.02295	0.02836	0.00424
15	0.01150	0.21470	0.01257	0.00857	0.03209	0.18748	0.00677	0.07847	0.18954	0.03354	0.03188	0.09399	0.03719	0.00571	0.00388	0.00121	0.00446	0.00447	0.03654	0.00543

[dist]
# distance from previous block
# <min> <max>
1	13

[block]
# block no. 4 follows, 63 sequences, length 20
# corresponding to MSA columns:
# 218-237
name=unknown_E
#
# <colnr> <probs for GDERKNQSTAVLIFYWHMCP>
#	G	D	E	R	K	N	Q	S	T	A	V	L	I	F	Y	W	H	M	C	P
0	0.32723	0.16056	0.01178	0.03509	0.03192	0.17268	0.03423	0.03838	0.02701	0.04493	0.00870	0.00962	0.04478	0.00449	0.00366	0.00122	0.03307	0.00307	0.00254	0.00504
1	0.01852	0.03267	0.25172	0.07990	0.04788	0.05896	0.10668	0.01187	0.01859	0.04059	0.02490	0.03348	0.04850	0.05241	0.00679	0.03022	0.10836	0.02052	0.00232	0.00513
2	0.00563	0.00418	0.00524	0.00519	0.00614	0.00380	0.00381	0.00723	0.01082	0.01480	0.54287	0.16987	0.18544	0.00975	0.00503	0.00140	0.00209	0.00857	0.00437	0.00380
3	0.00638	0.00440	0.00630	0.03252	0.03411	0.00463	0.00468	0.00695	0.00719	0.00992	0.07738	0.14299	0.01548	0.14830	0.27623	0.18855	0.00595	0.02213	0.00266	0.00325
4	0.01184	0.00911	0.01167	0.00931	0.01204	0.00966	0.11017	0.28180	0.22041	0.07643	0.16000	0.01676	0.03985	0.00584	0.00448	0.00134	0.00398	0.00506	0.00409	0.00615
5	0.05493	0.00561	0.00723	0.21566	0.01203	0.00607	0.00575	0.02935	0.00894	0.10665	0.01223	0.02920	0.01005	0.10021	0.00558	0.00152	0.00347	0.01881	0.36228	0.00442
6	0.88196	0.00813	0.00618	0.00553	0.00813	0.00943	0.00455	0.01236	0.00715	0.01886	0.00585	0.00683	0.00455	0.00390	0.00260	0.00130	0.00325	0.00228	0.00260	0.00455
7	0.12244	0.00942	0.05403	0.07849	0.07193	0.07811	0.06541	0.05609	0.04509	0.07013	0.04801	0.05389	0.07469	0.04065	0.04265	0.00173	0.07460	0.00469	0.00290	0.00506
8	0.76097	0.00859	0.00824	0.00688	0.00967	0.00970	0.08199	0.04699	0.00796	0.01867	0.00629	0.00740	0.00484	0.00392	0.00290	0.00131	0.00368	0.00260	0.00263	0.00477
9	0.03088	0.04757	0.05118	0.00735	0.03926	0.07458	0.00568	0.06176	0.00953	0.02527	0.02370	0.21016	0.01342	0.04939	0.00482	0.00134	0.00357	0.02590	0.16075	0.15388
10	0.01008	0.00966	0.01429	0.06726	0.53983	0.06957	0.01078	0.03793	0.02333	0.01303	0.00867	0.01185	0.00750	0.04411	0.11210	0.00208	0.00595	0.00389	0.00222	0.00588
11	0.72412	0.00980	0.11263	0.00654	0.00950	0.00940	0.00613	0.01232	0.00744	0.01777	0.00658	0.00841	0.00529	0.00423	0.00311	0.00134	0.02079	0.02733	0.00252	0.00475
12	0.04594	0.03363	0.65138	0.01082	0.01598	0.00916	0.03536	0.01233	0.00847	0.01283	0.00820	0.01122	0.00661	0.11335	0.00618	0.00168	0.00580	0.00349	0.00192	0.00564
13	0.00568	0.00515	0.05719	0.00642	0.00718	0.00428	0.00482	0.00741	0.06155	0.01135	0.02179	0.74157	0.02540	0.01210	0.00521	0.00166	0.00274	0.01092	0.00379	0.00380
14	0.71493	0.00917	0.06194	0.00684	0.00983	0.00932	0.05617	0.01300	0.00775	0.06929	0.00681	0.00772	0.00509	0.00397	0.00294	0.00131	0.00371	0.00262	0.00268	0.00490
15	0.00703	0.00641	0.01018	0.18822	0.01397	0.02751	0.13728	0.00919	0.03921	0.01186	0.07184	0.40108	0.04136	0.00878	0.00493	0.00153	0.00400	0.00815	0.00319	0.00425
16	0.56117	0.00887	0.03904	0.00799	0.06194	0.00959	0.00623	0.03738	0.00784	0.01684	0.00663	0.02483	0.00554	0.00450	0.00435	0.00132	0.11198	0.00285	0.00251	0.07863
17	0.02339	0.06655	0.13291	0.04493	0.12352	0.05271	0.10338	0.12539	0.02499	0.03285	0.06514	0.09173	0.04881	0.00564	0.00448	0.00132	0.02171	0.00489	0.00286	0.02278
18	0.09275	0.07047	0.09583	0.00987	0.10593	0.04661	0.00767	0.05805	0.10720	0.07249	0.04912	0.04961	0.05517	0.00542	0.00416	0.00124	0.02338	0.02387	0.00307	0.11811
19	0.02100	0.02972	0.00930	0.06023	0.10720	0.09364	0.00663	0.01278	0.16323	0.04979	0.16119	0.08994	0.09431	0.02699	0.00499	0.00142	0.01810	0.01975	0.02479	0.00501

[dist]
# distance from previous block
# <min> <max>
6	25

[block]
# block no. 5 follows, 63 sequences, length 13
# corresponding to MSA columns:
# 275-287
name=unknown_F
#
# <colnr> <probs for GDERKNQSTAVLIFYWHMCP>
#	G	D	E	R	K	N	Q	S	T	A	V	L	I	F	Y	W	H	M	C	P
0	0.03347	0.05265	0.00989	0.06839	0.10764	0.02440	0.02026	0.08525	0.02154	0.09395	0.14938	0.08258	0.16009	0.00735	0.01652	0.00142	0.03441	0.00586	0.01992	0.00503
1	0.02748	0.07774	0.09244	0.05441	0.18568	0.04470	0.19184	0.09274	0.03869	0.10614	0.01017	0.02743	0.02237	0.00443	0.00422	0.00129	0.00529	0.00412	0.00275	0.00607
2	0.00654	0.00431	0.00536	0.00545	0.00643	0.00394	0.00403	0.00791	0.00986	0.06527	0.26552	0.25130	0.18584	0.04088	0.00557	0.00157	0.00245	0.06761	0.05628	0.00388
3	0.02323	0.00841	0.05071	0.05858	0.18269	0.00831	0.04474	0.03423	0.00921	0.02600	0.06524	0.03796	0.02458	0.13551	0.11793	0.00268	0.10476	0.02749	0.03252	0.00521
4	0.06802	0.00942	0.01049	0.00830	0.01131	0.01000	0.00679	0.39718	0.11008	0.24787	0.01271	0.01210	0.00881	0.00509	0.00404	0.00128	0.00392	0.00394	0.06195	0.00672
5	0.04274	0.00860	0.00920	0.00743	0.00994	0.00928	0.00602	0.42785	0.04650	0.08621	0.01193	0.01237	0.00873	0.00500	0.00374	0.00118	0.00357	0.00385	0.28990	0.00598
6	0.00570	0.00414	0.00505	0.00547	0.00608	0.00390	0.00390	0.00660	0.00840	0.01091	0.07840	0.26743	0.19118	0.23462	0.00958	0.00229	0.00303	0.14640	0.00359	0.00333
7	0.08487	0.04200	0.03861	0.01124	0.01384	0.13974	0.22420	0.07014	0.02453	0.05869	0.00861	0.01080	0.00693	0.00870	0.13215	0.00218	0.11119	0.00387	0.00249	0.00524
8	0.01168	0.01272	0.01194	0.01048	0.01159	0.28725	0.00835	0.05632	0.07633	0.01170	0.00776	0.04276	0.00707	0.00632	0.00881	0.00152	0.41632	0.00378	0.00236	0.00495
9	0.00919	0.00717	0.00751	0.00681	0.00853	0.03215	0.00522	0.06353	0.35884	0.01694	0.19884	0.01918	0.01804	0.04248	0.00487	0.00140	0.00297	0.00516	0.18588	0.00527
10	0.00628	0.00448	0.00552	0.00547	0.00655	0.00418	0.00410	0.00809	0.03650	0.04326	0.34441	0.15426	0.22605	0.02808	0.04618	0.00176	0.00279	0.05061	0.01749	0.00394
11	0.00614	0.00427	0.00534	0.00534	0.00634	0.00389	0.00398	0.00769	0.01048	0.04130	0.41790	0.18891	0.18852	0.00976	0.00498	0.00143	0.00225	0.04853	0.03906	0.00388
12	0.00738	0.00751	0.05667	0.12305	0.09012	0.00681	0.16895	0.00968	0.00962	0.01314	0.19204	0.20505	0.04895	0.00748	0.00485	0.00146	0.00419	0.03526	0.00314	0.00464

[dist]
# distance from previous block
# <min> <max>
1	10

[block]
# block no. 6 follows, 63 sequences, length 18
# corresponding to MSA columns:
# 298-315
name=unknown_G
#
# <colnr> <probs for GDERKNQSTAVLIFYWHMCP>
#	G	D	E	R	K	N	Q	S	T	A	V	L	I	F	Y	W	H	M	C	P
0	0.15837	0.22007	0.05336	0.03445	0.03914	0.24950	0.00771	0.04945	0.05602	0.03437	0.00739	0.00834	0.00597	0.00421	0.00365	0.00114	0.02687	0.00283	0.00241	0.03477
1	0.36311	0.04801	0.03766	0.02435	0.05695	0.16727	0.01616	0.09963	0.03886	0.01638	0.00769	0.00923	0.00617	0.00441	0.00363	0.00125	0.02626	0.01776	0.03574	0.01947
2	0.03328	0.06835	0.16863	0.07311	0.17014	0.02307	0.10886	0.05019	0.05585	0.01411	0.09573	0.03359	0.05318	0.00521	0.00443	0.00133	0.01990	0.01282	0.00265	0.00558
3	0.00562	0.00407	0.00508	0.00539	0.00606	0.00381	0.00377	0.00690	0.02326	0.01255	0.25086	0.38261	0.14094	0.06674	0.02162	0.01874	0.00256	0.00927	0.02656	0.00358
4	0.00613	0.00451	0.00633	0.00635	0.00696	0.00501	0.00478	0.00727	0.00719	0.01007	0.05989	0.05092	0.04180	0.15049	0.50890	0.03974	0.03212	0.04542	0.00260	0.00352
5	0.75164	0.00783	0.00646	0.00568	0.00827	0.00881	0.00466	0.01286	0.00782	0.09701	0.02956	0.00911	0.02807	0.00433	0.00288	0.00130	0.00322	0.00278	0.00294	0.00476
6	0.00729	0.00369	0.00534	0.00534	0.00540	0.00369	0.00356	0.00580	0.00573	0.00791	0.00797	0.01353	0.00784	0.04507	0.01568	0.78468	0.00355	0.00376	0.06219	0.00200
7	0.88196	0.00813	0.00618	0.00553	0.00813	0.00943	0.00455	0.01236	0.00715	0.01886	0.00585	0.00683	0.00455	0.00390	0.00260	0.00130	0.00325	0.00228	0.00260	0.00455
8	0.02909	0.03215	0.01159	0.00959	0.01217	0.40351	0.02060	0.20645	0.04721	0.09887	0.03030	0.01056	0.00790	0.03334	0.00454	0.00126	0.00576	0.00346	0.00314	0.02850
9	0.09847	0.01505	0.01026	0.00908	0.01133	0.50273	0.00696	0.10586	0.01195	0.06364	0.00841	0.00927	0.00654	0.00450	0.00364	0.00112	0.00585	0.00304	0.11720	0.00511
10	0.05360	0.00895	0.01193	0.42905	0.12353	0.06648	0.00991	0.03788	0.14906	0.01332	0.02501	0.01272	0.01938	0.00471	0.00415	0.00136	0.00498	0.01613	0.00255	0.00531
11	0.01045	0.00983	0.01638	0.10717	0.70305	0.01008	0.01252	0.05468	0.00999	0.01410	0.00798	0.01047	0.00658	0.00386	0.00417	0.00126	0.00504	0.00375	0.00217	0.00648
12	0.56201	0.00825	0.02905	0.00645	0.00881	0.03002	0.04218	0.04065	0.00819	0.01744	0.00809	0.03721	0.00663	0.00452	0.00332	0.00128	0.02864	0.00313	0.14950	0.00461
13	0.00966	0.01112	0.04503	0.05934	0.06399	0.01029	0.68227	0.01306	0.00974	0.01325	0.00884	0.03674	0.00698	0.00389	0.00487	0.00141	0.00674	0.00500	0.00216	0.00562
14	0.00554	0.00412	0.00555	0.00670	0.04757	0.00388	0.00433	0.00648	0.00846	0.01130	0.08286	0.62445	0.07967	0.05692	0.00612	0.00177	0.00264	0.03425	0.00379	0.00360
15	0.33947	0.00715	0.00782	0.02454	0.06502	0.03187	0.04497	0.02389	0.02097	0.03346	0.02812	0.14022	0.02063	0.11744	0.00603	0.00172	0.00365	0.01980	0.05886	0.00439
16	0.03656	0.12642	0.24957	0.01026	0.06594	0.07882	0.03078	0.04263	0.08261	0.04403	0.04290	0.08232	0.02238	0.00518	0.00395	0.00124	0.00478	0.00422	0.00268	0.06272
17	0.03767	0.04775	0.03449	0.02126	0.02719	0.00695	0.05404	0.02688	0.08290	0.04289	0.14077	0.07770	0.07059	0.03123	0.00472	0.00123	0.01642	0.00504	0.00322	0.26706

[dist]
# distance from previous block
# <min> <max>
0	18

[block]
# block no. 7 follows, 63 sequences, length 11
# corresponding to MSA columns:
# 334-344
name=unknown_H
#
# <colnr> <probs for GDERKNQSTAVLIFYWHMCP>
#	G	D	E	R	K	N	Q	S	T	A	V	L	I	F	Y	W	H	M	C	P
0	0.07666	0.03199	0.01391	0.21787	0.36549	0.00992	0.01047	0.09868	0.02759	0.06484	0.00854	0.01049	0.00661	0.00411	0.00399	0.00127	0.00477	0.00360	0.00254	0.03667
1	0.03825	0.00673	0.00906	0.02993	0.10410	0.00660	0.03704	0.07822	0.05019	0.16294	0.16785	0.07995	0.13933	0.03945	0.00515	0.00145	0.00337	0.00605	0.02915	0.00520
2	0.00599	0.00460	0.00559	0.02474	0.00690	0.00444	0.00418	0.02938	0.00988	0.01316	0.25724	0.16857	0.28860	0.04500	0.04156	0.00178	0.02558	0.03000	0.02900	0.00379
3	0.00898	0.13258	0.07153	0.00728	0.02355	0.02280	0.02303	0.03919	0.03280	0.03918	0.03899	0.01358	0.00911	0.02431	0.03000	0.40751	0.00422	0.02573	0.04190	0.00374
4	0.01056	0.01243	0.22774	0.06607	0.06532	0.02359	0.04025	0.18161	0.14901	0.04020	0.05331	0.04260	0.03532	0.00531	0.00425	0.00134	0.00467	0.00445	0.02594	0.00604
5	0.00834	0.00707	0.00831	0.00619	0.00955	0.00537	0.00487	0.01008	0.00865	0.01338	0.00914	0.09794	0.00852	0.00418	0.00335	0.00074	0.00304	0.00349	0.00264	0.78516
6	0.00896	0.00955	0.12057	0.13339	0.09759	0.00843	0.04941	0.04245	0.20871	0.03624	0.15411	0.01792	0.08299	0.00582	0.00442	0.00136	0.00413	0.00508	0.00330	0.00556
7	0.00812	0.00768	0.05256	0.08402	0.15747	0.02941	0.04480	0.01051	0.04975	0.04703	0.10855	0.21873	0.10509	0.00766	0.00498	0.00143	0.03333	0.00676	0.00322	0.01892
8	0.00547	0.00410	0.00509	0.00539	0.00622	0.00373	0.00393	0.00678	0.00983	0.01305	0.29415	0.31875	0.23410	0.01090	0.00516	0.00152	0.00230	0.06172	0.00414	0.00366
9	0.03852	0.11862	0.08100	0.03244	0.06057	0.03696	0.04500	0.10290	0.02572	0.01341	0.02906	0.04649	0.02639	0.04498	0.15251	0.01467	0.06587	0.00424	0.04274	0.01792
10	0.00820	0.04606	0.22162	0.00843	0.02858	0.02275	0.03683	0.03810	0.04573	0.03517	0.04750	0.11691	0.03532	0.24477	0.00926	0.00212	0.01658	0.00552	0.00277	0.02779

[dist]
# distance from previous block
# <min> <max>
1	14

[block]
# block no. 8 follows, 63 sequences, length 15
# corresponding to MSA columns:
# 369-383
name=unknown_I
#
# <colnr> <probs for GDERKNQSTAVLIFYWHMCP>
#	G	D	E	R	K	N	Q	S	T	A	V	L	I	F	Y	W	H	M	C	P
0	0.00928	0.10382	0.05483	0.07319	0.06369	0.02886	0.05373	0.07621	0.10918	0.04498	0.09251	0.09372	0.11027	0.02959	0.00486	0.00143	0.00402	0.03738	0.00328	0.00516
1	0.03400	0.14023	0.07158	0.06610	0.10151	0.06604	0.08946	0.06976	0.02951	0.05838	0.00974	0.05383	0.01707	0.02339	0.08902	0.00190	0.06646	0.00413	0.00253	0.00537
2	0.00695	0.00446	0.00553	0.00523	0.00606	0.00427	0.00367	0.00810	0.00907	0.06646	0.31142	0.02745	0.06723	0.31707	0.07292	0.00272	0.00360	0.01926	0.04060	0.01794
3	0.09424	0.10426	0.05717	0.02004	0.02361	0.03136	0.00666	0.11354	0.06542	0.18496	0.05113	0.01252	0.00973	0.00501	0.00420	0.00123	0.04916	0.00376	0.15634	0.00565
4	0.00634	0.00420	0.00542	0.00587	0.00666	0.00392	0.00438	0.00764	0.00933	0.04819	0.15371	0.40354	0.09934	0.01096	0.00511	0.00159	0.00260	0.14796	0.06944	0.00380
5	0.70904	0.00808	0.00672	0.00589	0.00847	0.00920	0.00482	0.05321	0.04379	0.06222	0.00754	0.00824	0.00568	0.00416	0.00286	0.00129	0.00327	0.00265	0.04798	0.00488
6	0.00898	0.00855	0.01442	0.48357	0.35134	0.00972	0.01209	0.01160	0.00881	0.01193	0.00758	0.01081	0.00603	0.00412	0.00451	0.00135	0.03342	0.00374	0.00195	0.00547
7	0.01153	0.51907	0.12674	0.00855	0.01214	0.13221	0.00842	0.04404	0.06162	0.01159	0.00742	0.00876	0.00635	0.00412	0.00325	0.00105	0.00508	0.02038	0.00214	0.00554
8	0.00688	0.04208	0.00655	0.09133	0.00785	0.00550	0.00406	0.03175	0.00716	0.00964	0.03527	0.02349	0.01388	0.60385	0.06210	0.00354	0.00453	0.00551	0.03183	0.00318
9	0.00974	0.00766	0.00817	0.00737	0.00934	0.03262	0.00570	0.09229	0.36073	0.06473	0.12156	0.09274	0.12536	0.02017	0.00482	0.00145	0.00321	0.02261	0.00419	0.00553
10	0.00901	0.00510	0.00632	0.00571	0.00718	0.00478	0.00435	0.05044	0.01091	0.17171	0.30343	0.10656	0.10971	0.04159	0.02891	0.00158	0.00283	0.00670	0.11861	0.00457
11	0.02378	0.00428	0.00498	0.00509	0.00589	0.00406	0.00355	0.00681	0.02353	0.01143	0.14290	0.18958	0.27867	0.18778	0.06542	0.02391	0.00328	0.00807	0.00354	0.00342
12	0.04539	0.00677	0.05752	0.00800	0.02947	0.00598	0.09604	0.04639	0.02402	0.01414	0.18703	0.16895	0.11650	0.01004	0.07164	0.00186	0.00402	0.04618	0.05565	0.00441
13	0.10780	0.21838	0.03654	0.01049	0.13218	0.07744	0.00770	0.11703	0.05416	0.04315	0.04049	0.06962	0.00931	0.00554	0.01958	0.00131	0.01911	0.00391	0.00281	0.02346
14	0.09708	0.10510	0.11293	0.10897	0.13357	0.03665	0.00877	0.03797	0.05191	0.08430	0.01047	0.02889	0.02995	0.02581	0.05181	0.00163	0.00495	0.02002	0.00266	0.04658

[dist]
# distance from previous block
# <min> <max>
1	10

[block]
# block no. 9 follows, 63 sequences, length 12
# corresponding to MSA columns:
# 394-405
name=unknown_J
#
# <colnr> <probs for GDERKNQSTAVLIFYWHMCP>
#	G	D	E	R	K	N	Q	S	T	A	V	L	I	F	Y	W	H	M	C	P
0	0.00644	0.00466	0.00564	0.00563	0.00674	0.00436	0.00411	0.00840	0.06552	0.04687	0.20616	0.27762	0.21711	0.04455	0.02760	0.00171	0.00272	0.02517	0.00400	0.03500
1	0.02666	0.03779	0.06705	0.06342	0.10022	0.02747	0.04010	0.05403	0.09423	0.02731	0.08920	0.07112	0.10864	0.00784	0.03940	0.00165	0.09171	0.04400	0.00308	0.00508
2	0.00823	0.00641	0.02845	0.00665	0.02666	0.04569	0.00501	0.02314	0.06395	0.10326	0.13818	0.15786	0.24221	0.06574	0.00608	0.00160	0.02367	0.02037	0.02241	0.00443
3	0.00832	0.00740	0.04503	0.09203	0.08060	0.01771	0.05412	0.08660	0.04791	0.02476	0.01421	0.20043	0.03097	0.12872	0.07002	0.02570	0.02218	0.03576	0.00298	0.00456
4	0.77082	0.04953	0.00734	0.00584	0.00855	0.00977	0.00488	0.04163	0.00789	0.05374	0.00647	0.00727	0.00494	0.00398	0.00273	0.00128	0.00338	0.00241	0.00273	0.00480
5	0.01235	0.03412	0.01382	0.06877	0.33861	0.17270	0.00979	0.09593	0.08688	0.06750	0.00917	0.01043	0.00716	0.00426	0.00402	0.00120	0.00515	0.00356	0.00272	0.05183
6	0.07802	0.16586	0.06837	0.00877	0.05846	0.04726	0.04132	0.04280	0.05410	0.03402	0.02671	0.16542	0.06795	0.03400	0.00473	0.00143	0.00406	0.07023	0.00300	0.02349
7	0.01204	0.07571	0.03180	0.10398	0.14259	0.05343	0.04189	0.10819	0.03995	0.15505	0.02554	0.01169	0.02675	0.00443	0.00394	0.00116	0.00450	0.00371	0.00306	0.15058
8	0.03596	0.03027	0.09580	0.00946	0.06804	0.02084	0.08292	0.03571	0.06777	0.03116	0.05001	0.15059	0.13581	0.07819	0.01944	0.00174	0.06113	0.00622	0.01419	0.00476
9	0.13340	0.12159	0.12582	0.03929	0.04871	0.03386	0.04166	0.06158	0.06374	0.02885	0.05257	0.02441	0.00987	0.05806	0.06899	0.00187	0.02199	0.03254	0.00268	0.02853
10	0.00817	0.03538	0.05954	0.00853	0.08163	0.02677	0.02760	0.08987	0.06733	0.01334	0.03965	0.07848	0.20551	0.14148	0.03683	0.00199	0.00403	0.04034	0.02892	0.00460
11	0.02812	0.07232	0.10712	0.01048	0.06583	0.03911	0.10578	0.08291	0.06677	0.04720	0.06764	0.05280	0.03898	0.00599	0.02690	0.00140	0.05763	0.00443	0.00288	0.11570

[dist]
# distance from previous block
# <min> <max>
1	21

[block]
# block no. 10 follows, 63 sequences, length 16
# corresponding to MSA columns:
# 439-454
name=unknown_K
#
# <colnr> <probs for GDERKNQSTAVLIFYWHMCP>
#	G	D	E	R	K	N	Q	S	T	A	V	L	I	F	Y	W	H	M	C	P
0	0.05389	0.09837	0.10224	0.04156	0.11786	0.07632	0.07042	0.16067	0.05968	0.01546	0.00986	0.05130	0.01969	0.00490	0.00417	0.00125	0.02105	0.01892	0.00274	0.06965
1	0.06314	0.02148	0.02048	0.01855	0.03053	0.09783	0.01919	0.06973	0.02234	0.08467	0.16551	0.04483	0.18886	0.00875	0.04570	0.05214	0.02072	0.00564	0.00347	0.01643
2	0.03899	0.03787	0.03599	0.02487	0.05148	0.04775	0.03696	0.07997	0.03627	0.03695	0.07225	0.23006	0.09271	0.10692	0.00703	0.00175	0.04760	0.00678	0.00328	0.00452
3	0.04186	0.09751	0.17254	0.05647	0.13179	0.02725	0.07301	0.12714	0.05104	0.01472	0.02513	0.02398	0.02111	0.05586	0.00552	0.00146	0.04539	0.00397	0.01858	0.00567
4	0.00639	0.00429	0.00527	0.00526	0.00615	0.00395	0.00379	0.00765	0.00968	0.05373	0.30523	0.18442	0.17280	0.13820	0.00746	0.00184	0.00257	0.04079	0.03681	0.00372
5	0.06459	0.05636	0.07776	0.18468	0.14776	0.03148	0.07169	0.03814	0.03226	0.06919	0.03936	0.05344	0.02760	0.00600	0.02944	0.01300	0.04498	0.00433	0.00259	0.00536
6	0.01408	0.00875	0.00965	0.00786	0.01053	0.02809	0.00634	0.27670	0.17600	0.23550	0.03241	0.01367	0.01045	0.00526	0.00403	0.00126	0.00366	0.00418	0.14518	0.00640
7	0.09193	0.00536	0.00685	0.00757	0.00876	0.00556	0.00655	0.00973	0.04877	0.01343	0.02041	0.04193	0.02173	0.01058	0.00542	0.00185	0.00378	0.68193	0.00377	0.00407
8	0.00730	0.00365	0.00548	0.00548	0.00548	0.00365	0.00365	0.00548	0.00548	0.00730	0.00730	0.01278	0.00730	0.01460	0.01643	0.87769	0.00365	0.00365	0.00183	0.00183
9	0.01408	0.01083	0.01154	0.00929	0.01231	0.01215	0.00753	0.53972	0.29517	0.02342	0.01251	0.01202	0.00911	0.00527	0.00423	0.00132	0.00418	0.00412	0.00423	0.00698
10	0.01534	0.01131	0.01210	0.00939	0.01260	0.01254	0.00772	0.73361	0.06817	0.02554	0.01066	0.01064	0.00763	0.00508	0.00416	0.00126	0.00445	0.00385	0.03695	0.00700
11	0.00584	0.00476	0.00519	0.00522	0.00632	0.02808	0.00382	0.02490	0.01018	0.01307	0.25617	0.21916	0.38140	0.01033	0.00500	0.00144	0.00237	0.00892	0.00406	0.00376
12	0.00939	0.00877	0.01204	0.01039	0.01070	0.01188	0.00858	0.01109	0.06116	0.04028	0.02935	0.04202	0.00794	0.00742	0.01226	0.00177	0.70372	0.00419	0.00228	0.00477
13	0.00661	0.00469	0.00574	0.00565	0.00661	0.00464	0.00410	0.03568	0.03942	0.03832	0.13751	0.17596	0.19535	0.13277	0.15346	0.02061	0.00425	0.00742	0.01741	0.00381
14	0.00718	0.00634	0.03810	0.01999	0.04309	0.03366	0.02779	0.05766	0.02349	0.01185	0.04780	0.36118	0.10006	0.11000	0.00792	0.06022	0.02842	0.00804	0.00330	0.00394
15	0.07921	0.12520	0.05318	0.00914	0.06232	0.06675	0.03462	0.11743	0.09163	0.03355	0.09566	0.10290	0.02485	0.01968	0.03419	0.00153	0.01912	0.00490	0.01886	0.00529

[dist]
# distance from previous block
# <min> <max>
1	40

[block]
# block no. 11 follows, 63 sequences, length 14
# corresponding to MSA columns:
# 495-508
name=unknown_L
#
# <colnr> <probs for GDERKNQSTAVLIFYWHMCP>
#	G	D	E	R	K	N	Q	S	T	A	V	L	I	F	Y	W	H	M	C	P
0	0.03570	0.05175	0.05314	0.12756	0.21220	0.03501	0.05353	0.08765	0.09396	0.01467	0.07207	0.01516	0.02881	0.00534	0.00473	0.00136	0.04494	0.05399	0.00280	0.00563
1	0.00551	0.00424	0.00491	0.02419	0.00629	0.00389	0.00364	0.00652	0.00898	0.01146	0.14261	0.15316	0.38350	0.17572	0.00827	0.00199	0.00270	0.04530	0.00369	0.00343
2	0.00804	0.00759	0.03488	0.08533	0.06998	0.02107	0.09782	0.05833	0.02871	0.01298	0.11028	0.13070	0.08067	0.05150	0.07356	0.00203	0.09642	0.02249	0.00298	0.00462
3	0.06415	0.00976	0.01040	0.00826	0.01083	0.01072	0.00657	0.57634	0.01605	0.02208	0.04180	0.01414	0.00985	0.17131	0.00751	0.00182	0.00434	0.00430	0.00380	0.00597
4	0.00761	0.00546	0.00696	0.02104	0.00789	0.00553	0.01533	0.00879	0.04783	0.02480	0.06760	0.10410	0.05742	0.26437	0.26147	0.03079	0.00619	0.03689	0.01580	0.00413
5	0.82777	0.00807	0.00640	0.00565	0.00829	0.00923	0.00465	0.01287	0.00746	0.06972	0.00653	0.00730	0.00492	0.00398	0.00270	0.00130	0.00327	0.00240	0.00276	0.00472
6	0.01311	0.01491	0.01173	0.06727	0.03035	0.47717	0.04322	0.08344	0.02883	0.01240	0.02018	0.01011	0.00702	0.04023	0.03978	0.00147	0.00653	0.00331	0.00245	0.08651
7	0.21448	0.10085	0.01122	0.00858	0.01121	0.39892	0.00683	0.01606	0.01050	0.17281	0.00826	0.00864	0.00619	0.00433	0.00349	0.00116	0.00548	0.00286	0.00282	0.00530
8	0.08229	0.01099	0.01196	0.09926	0.03520	0.11754	0.06479	0.33413	0.08218	0.01863	0.02545	0.06421	0.02409	0.00537	0.00418	0.00131	0.00485	0.00436	0.00335	0.00586
9	0.00866	0.00865	0.01308	0.01094	0.01178	0.03336	0.13887	0.01001	0.00734	0.01062	0.00870	0.09829	0.00882	0.04510	0.08336	0.00226	0.48859	0.00490	0.00218	0.00450
10	0.53513	0.03551	0.01973	0.00874	0.11729	0.02267	0.00619	0.03935	0.00841	0.04254	0.00812	0.01072	0.00676	0.00535	0.03055	0.00148	0.00393	0.04752	0.04506	0.00496
11	0.00992	0.01134	0.02481	0.01772	0.02197	0.01063	0.81077	0.01347	0.00992	0.01347	0.00850	0.01134	0.00638	0.00354	0.00496	0.00142	0.00709	0.00496	0.00213	0.00567
12	0.00723	0.14409	0.00944	0.02292	0.00857	0.03413	0.03622	0.00852	0.02188	0.01101	0.03315	0.41967	0.06149	0.04251	0.00589	0.00161	0.05212	0.05748	0.01804	0.00404
13	0.02190	0.03818	0.00722	0.00602	0.00743	0.00581	0.00446	0.07087	0.02233	0.15847	0.08349	0.10950	0.05079	0.25302	0.07641	0.00255	0.00404	0.00592	0.04925	0.02233

[dist]
# distance from previous block
# <min> <max>
5	18

[block]
# block no. 12 follows, 63 sequences, length 15
# corresponding to MSA columns:
# 527-541
name=unknown_M
#
# <colnr> <probs for GDERKNQSTAVLIFYWHMCP>
#	G	D	E	R	K	N	Q	S	T	A	V	L	I	F	Y	W	H	M	C	P
0	0.02965	0.02814	0.00652	0.00568	0.00723	0.00497	0.00435	0.00947	0.03169	0.10368	0.18751	0.10345	0.19885	0.08560	0.03929	0.00180	0.00313	0.05002	0.02103	0.07792
1	0.03323	0.06703	0.08394	0.04145	0.09044	0.00949	0.01838	0.09977	0.14441	0.07983	0.07127	0.07246	0.04686	0.03030	0.02182	0.00175	0.02054	0.02371	0.03715	0.00619
2	0.05027	0.11311	0.11102	0.08152	0.06485	0.03661	0.09319	0.06217	0.00969	0.09067	0.04893	0.04627	0.00965	0.06959	0.00597	0.00152	0.06076	0.00426	0.03465	0.00529
3	0.00634	0.00455	0.00599	0.00577	0.00642	0.00445	0.03957	0.00722	0.02962	0.01040	0.08081	0.10513	0.12432	0.34471	0.05064	0.09165	0.00384	0.05206	0.02330	0.00321
4	0.03142	0.03038	0.13884	0.00974	0.05957	0.06639	0.00832	0.25576	0.06044	0.13624	0.11202	0.01343	0.01163	0.00520	0.00412	0.00126	0.00440	0.00414	0.04053	0.00616
5	0.00925	0.00614	0.00709	0.00642	0.00825	0.00618	0.00497	0.01388	0.24846	0.13323	0.18057	0.07570	0.13385	0.00738	0.00445	0.00135	0.00274	0.02762	0.08922	0.03325
6	0.88196	0.00813	0.00618	0.00553	0.00813	0.00943	0.00455	0.01236	0.00715	0.01886	0.00585	0.00683	0.00455	0.00390	0.00260	0.00130	0.00325	0.00228	0.00260	0.00455
7	0.01552	0.01155	0.01236	0.00958	0.01286	0.01282	0.00788	0.74653	0.08600	0.02575	0.01067	0.01056	0.00762	0.00510	0.00421	0.00128	0.00452	0.00387	0.00421	0.00711
8	0.00843	0.02174	0.83048	0.01198	0.01819	0.00976	0.01553	0.01331	0.00888	0.01331	0.00754	0.00888	0.00533	0.00399	0.00399	0.00133	0.00621	0.00311	0.00178	0.00621
9	0.00920	0.00920	0.01288	0.01104	0.01104	0.01288	0.00920	0.01012	0.00644	0.01012	0.00552	0.00920	0.00552	0.00736	0.01380	0.00184	0.84457	0.00368	0.00184	0.00460
10	0.66115	0.00748	0.00640	0.00590	0.00815	0.00856	0.00481	0.01209	0.05455	0.01768	0.06545	0.01208	0.00904	0.00660	0.05773	0.00170	0.00373	0.04945	0.00289	0.00454
11	0.00530	0.00401	0.00492	0.00537	0.00614	0.00362	0.00385	0.00642	0.00927	0.01208	0.16873	0.42143	0.27011	0.01153	0.00520	0.00156	0.00234	0.05052	0.00403	0.00357
12	0.09508	0.00480	0.00577	0.00581	0.00690	0.00471	0.00436	0.00852	0.00907	0.07682	0.16886	0.22740	0.11993	0.08646	0.06963	0.00215	0.00346	0.09256	0.00376	0.00394
13	0.00757	0.00619	0.03415	0.01986	0.05766	0.00585	0.03740	0.05415	0.06316	0.03031	0.18299	0.24871	0.07565	0.00905	0.02566	0.00156	0.01820	0.02149	0.09587	0.00451
14	0.02316	0.02687	0.02518	0.00806	0.03768	0.02417	0.00619	0.20686	0.14102	0.09534	0.11667	0.12026	0.06571	0.02370	0.02671	0.00154	0.00371	0.00576	0.03590	0.00554

[dist]
# distance from previous block
# <min> <max>
1	10

[block]
# block no. 13 follows, 63 sequences, length 18
# corresponding to MSA columns:
# 552-569
name=unknown_N
#
# <colnr> <probs for GDERKNQSTAVLIFYWHMCP>
#	G	D	E	R	K	N	Q	S	T	A	V	L	I	F	Y	W	H	M	C	P
0	0.12815	0.03720	0.01193	0.02496	0.08218	0.32094	0.06581	0.04691	0.00992	0.01256	0.00816	0.01182	0.00732	0.06132	0.05518	0.00178	0.06866	0.03798	0.00236	0.00487
1	0.01042	0.02707	0.09910	0.08882	0.20229	0.02263	0.08276	0.10312	0.08937	0.06654	0.05144	0.02975	0.06241	0.00534	0.00452	0.00135	0.01811	0.02607	0.00300	0.00588
2	0.00578	0.00426	0.00541	0.00519	0.00619	0.00389	0.00387	0.00759	0.01142	0.01586	0.68527	0.07269	0.13879	0.00908	0.00498	0.00135	0.00202	0.00798	0.00450	0.00389
3	0.00818	0.00601	0.00824	0.02972	0.07448	0.00657	0.00602	0.10699	0.00915	0.03903	0.05221	0.08289	0.02583	0.09461	0.33538	0.03710	0.03749	0.01782	0.01791	0.00437
4	0.01422	0.00701	0.00831	0.00673	0.00920	0.00689	0.00544	0.16526	0.04783	0.36794	0.01442	0.01404	0.01003	0.00509	0.00379	0.00119	0.00322	0.00406	0.29930	0.00604
5	0.00730	0.00365	0.00548	0.00548	0.00548	0.00365	0.00365	0.00548	0.00548	0.00730	0.00730	0.01278	0.00730	0.01460	0.01643	0.87769	0.00365	0.00365	0.00183	0.00183
6	0.88196	0.00813	0.00618	0.00553	0.00813	0.00943	0.00455	0.01236	0.00715	0.01886	0.00585	0.00683	0.00455	0.00390	0.00260	0.00130	0.00325	0.00228	0.00260	0.00455
7	0.00730	0.00365	0.00548	0.00548	0.00548	0.00365	0.00365	0.00548	0.00548	0.00730	0.00730	0.01278	0.00730	0.01460	0.01643	0.87769	0.00365	0.00365	0.00183	0.00183
8	0.78018	0.00833	0.00679	0.00591	0.00859	0.00951	0.00487	0.06713	0.00825	0.05964	0.00667	0.00742	0.00502	0.00404	0.00279	0.00130	0.00336	0.00248	0.00284	0.00486
9	0.00843	0.02174	0.83048	0.01198	0.01819	0.00976	0.01553	0.01331	0.00888	0.01331	0.00754	0.00888	0.00533	0.00399	0.00399	0.00133	0.00621	0.00311	0.00178	0.00621
10	0.00920	0.00920	0.01288	0.01104	0.01104	0.01288	0.00920	0.01012	0.00644	0.01012	0.00552	0.00920	0.00552	0.00736	0.01380	0.00184	0.84457	0.00368	0.00184	0.00460
11	0.88196	0.00813	0.00618	0.00553	0.00813	0.00943	0.00455	0.01236	0.00715	0.01886	0.00585	0.00683	0.00455	0.00390	0.00260	0.00130	0.00325	0.00228	0.00260	0.00455
12	0.01570	0.02004	0.01191	0.01083	0.01300	0.83539	0.00812	0.01679	0.01191	0.01029	0.00650	0.00758	0.00541	0.00433	0.00379	0.00108	0.00758	0.00271	0.00217	0.00487
13	0.00784	0.00392	0.00392	0.00392	0.00490	0.00392	0.00294	0.00980	0.00882	0.01567	0.01371	0.01567	0.01077	0.00490	0.00294	0.00098	0.00196	0.00392	0.87560	0.00392
14	0.83918	0.00810	0.00630	0.00556	0.00822	0.00924	0.00457	0.01227	0.00723	0.01861	0.00593	0.00692	0.00463	0.00386	0.00263	0.00127	0.00325	0.00229	0.00260	0.04734
15	0.00987	0.05457	0.12258	0.07848	0.06686	0.02213	0.04263	0.09725	0.03865	0.06635	0.06911	0.01529	0.11010	0.00528	0.00434	0.00120	0.02734	0.00436	0.00298	0.16064
16	0.00923	0.02904	0.01056	0.06673	0.03731	0.03507	0.06930	0.10404	0.05556	0.04027	0.06548	0.16642	0.06219	0.04775	0.00635	0.00153	0.09761	0.01915	0.00319	0.07321
17	0.01189	0.06955	0.04074	0.04019	0.13673	0.12705	0.07247	0.07211	0.15463	0.10074	0.01109	0.01207	0.02221	0.01924	0.03776	0.00149	0.00516	0.00389	0.00300	0.05798

[dist]
# distance from previous block
# <min> <max>
3	43

[block]
# block no. 14 follows, 63 sequences, length 14
# corresponding to MSA columns:
# 617-630
name=unknown_O
#
# <colnr> <probs for GDERKNQSTAVLIFYWHMCP>
#	G	D	E	R	K	N	Q	S	T	A	V	L	I	F	Y	W	H	M	C	P
0	0.03691	0.07808	0.12318	0.05538	0.22200	0.08522	0.03444	0.03842	0.07906	0.02709	0.02025	0.01084	0.01880	0.00435	0.00420	0.00120	0.03458	0.00355	0.03599	0.08646
1	0.05468	0.00658	0.06134	0.04657	0.03280	0.00548	0.02107	0.02284	0.01057	0.06301	0.35064	0.02609	0.21606	0.00750	0.00455	0.00131	0.00293	0.00641	0.00380	0.05578
2	0.00746	0.00626	0.03246	0.03418	0.02650	0.00585	0.02393	0.02179	0.11438	0.03944	0.28226	0.08306	0.14303	0.00936	0.06375	0.00172	0.01370	0.00648	0.01743	0.06698
3	0.04375	0.08940	0.01030	0.13105	0.05244	0.03913	0.00696	0.08733	0.05017	0.10335	0.01353	0.17608	0.01301	0.04933	0.02791	0.02622	0.00430	0.06759	0.00321	0.00494
4	0.00557	0.00417	0.00487	0.00507	0.00609	0.00375	0.00379	0.00691	0.00974	0.01285	0.20626	0.19623	0.36945	0.01036	0.00497	0.00147	0.00229	0.07601	0.06646	0.00367
5	0.10956	0.00666	0.01922	0.00774	0.02105	0.02034	0.10222	0.02055	0.00800	0.11648	0.01206	0.01814	0.03200	0.29399	0.14840	0.02991	0.02188	0.00481	0.00279	0.00420
6	0.59188	0.00773	0.00702	0.00601	0.00864	0.00846	0.00492	0.03307	0.03187	0.18971	0.00910	0.00937	0.00653	0.00433	0.00305	0.00128	0.00326	0.00291	0.06566	0.00518
7	0.88196	0.00813	0.00618	0.00553	0.00813	0.00943	0.00455	0.01236	0.00715	0.01886	0.00585	0.00683	0.00455	0.00390	0.00260	0.00130	0.00325	0.00228	0.00260	0.00455
8	0.00782	0.00434	0.00464	0.00457	0.00560	0.00445	0.00344	0.03223	0.03608	0.01540	0.03555	0.06428	0.01248	0.00726	0.05795	0.00143	0.00272	0.00454	0.69116	0.00406
9	0.01870	0.00740	0.00991	0.00760	0.01086	0.00655	0.00628	0.06332	0.01245	0.78553	0.01623	0.01408	0.01023	0.00519	0.00423	0.00130	0.00363	0.00420	0.00515	0.00715
10	0.01152	0.00988	0.01008	0.00882	0.01134	0.04255	0.00692	0.14487	0.66331	0.01869	0.01561	0.01450	0.01166	0.00555	0.00425	0.00139	0.00369	0.00452	0.00419	0.00666
11	0.01316	0.01037	0.01103	0.00910	0.01196	0.01172	0.00731	0.40873	0.42765	0.02194	0.01368	0.01295	0.01005	0.00538	0.00424	0.00135	0.00396	0.00428	0.00424	0.00690
12	0.00713	0.00373	0.00548	0.00548	0.00553	0.00378	0.00366	0.00565	0.00560	0.00751	0.00800	0.01416	0.00812	0.08152	0.06531	0.75740	0.00413	0.00390	0.00191	0.00200
13	0.00535	0.00421	0.00489	0.00491	0.00602	0.00376	0.00364	0.00667	0.00993	0.01285	0.27505	0.13387	0.44239	0.01157	0.05418	0.00174	0.00266	0.00860	0.00403	0.00367

[dist]
# distance from previous block
# <min> <max>
0	14

# created by:
# /st0/software/busco_prod/Augustus/scripts/msa2prfl.pl ./align_prep/32986.fa
