[name]
unknown

[dist]
# distance from previous block
# <min> <max>
0	48

[block]
# block no. 0 follows, 74 sequences, length 20
# corresponding to MSA columns:
# 48-67
name=unknown_A
#
# <colnr> <probs for GDERKNQSTAVLIFYWHMCP>
#	G	D	E	R	K	N	Q	S	T	A	V	L	I	F	Y	W	H	M	C	P
0	0.04417	0.00557	0.00695	0.00684	0.08219	0.01826	0.00480	0.00868	0.00900	0.03524	0.33234	0.03456	0.04391	0.00574	0.00376	0.00102	0.00261	0.07208	0.00312	0.27915
1	0.00439	0.00376	0.00376	0.00376	0.00501	0.00313	0.00282	0.00533	0.00846	0.01003	0.03760	0.03572	0.84489	0.00940	0.00439	0.00125	0.00188	0.00783	0.00345	0.00313
2	0.01338	0.01628	0.01170	0.01007	0.01226	0.69522	0.08869	0.08835	0.01097	0.01065	0.00620	0.00722	0.00500	0.00381	0.00348	0.00100	0.00642	0.00267	0.00207	0.00455
3	0.00848	0.00956	0.02072	0.01494	0.01846	0.00896	0.77728	0.01144	0.00865	0.01173	0.00838	0.06750	0.00690	0.00370	0.00440	0.00127	0.00598	0.00479	0.00198	0.00487
4	0.00770	0.00660	0.00770	0.00550	0.00880	0.00495	0.00440	0.00935	0.00770	0.01210	0.00660	0.00770	0.00550	0.00275	0.00275	0.00055	0.00275	0.00220	0.00220	0.89224
5	0.03220	0.01084	0.01014	0.00831	0.01078	0.17023	0.00670	0.54422	0.01461	0.04071	0.00966	0.05980	0.00796	0.00506	0.00375	0.00114	0.00438	0.05062	0.00333	0.00553
6	0.43524	0.00971	0.00799	0.00683	0.00920	0.14274	0.00548	0.21112	0.11189	0.01695	0.00738	0.00779	0.00559	0.00394	0.00299	0.00112	0.00378	0.00266	0.00276	0.00485
7	0.00907	0.01003	0.02128	0.01524	0.01895	0.00951	0.78540	0.05919	0.00926	0.01255	0.00759	0.00995	0.00567	0.00321	0.00434	0.00124	0.00613	0.00432	0.00198	0.00508
8	0.00473	0.00410	0.00455	0.00506	0.06146	0.00352	0.00341	0.00578	0.00852	0.01030	0.05752	0.03372	0.76656	0.00894	0.00434	0.00124	0.00205	0.00750	0.00336	0.00333
9	0.00885	0.00848	0.01447	0.15072	0.72106	0.00873	0.01123	0.01110	0.00829	0.01172	0.00692	0.00930	0.00574	0.00337	0.00368	0.00112	0.00449	0.00331	0.00181	0.00561
10	0.00452	0.00323	0.00431	0.00517	0.00538	0.00301	0.00345	0.00517	0.00711	0.00948	0.02046	0.86713	0.02455	0.01163	0.00474	0.00151	0.00215	0.01055	0.00345	0.00301
11	0.00923	0.00797	0.00839	0.00755	0.00965	0.00923	0.00588	0.01972	0.83969	0.01553	0.01511	0.01385	0.01133	0.00504	0.00378	0.00126	0.00294	0.00420	0.00378	0.00588
12	0.01387	0.01769	0.01052	0.00956	0.01148	0.85465	0.00717	0.01482	0.01052	0.00908	0.00574	0.00669	0.00478	0.00383	0.00335	0.00096	0.00669	0.00239	0.00191	0.00430
13	0.00525	0.00379	0.00496	0.00467	0.00555	0.00350	0.00350	0.00700	0.01051	0.01488	0.84444	0.02773	0.03502	0.00759	0.00438	0.00117	0.00175	0.00671	0.00409	0.00350
14	0.01422	0.01023	0.01103	0.00846	0.01143	0.01126	0.00699	0.79980	0.01717	0.05801	0.00915	0.00907	0.00643	0.00446	0.00371	0.00112	0.00405	0.00336	0.00375	0.00631
15	0.00494	0.00385	0.00551	0.00574	0.00642	0.00363	0.05137	0.00594	0.00755	0.00993	0.04550	0.54234	0.14497	0.01166	0.06171	0.00176	0.00297	0.07772	0.00327	0.00322
16	0.00525	0.00379	0.00496	0.00467	0.00555	0.00350	0.00350	0.00700	0.01051	0.01488	0.84444	0.02773	0.03502	0.00759	0.00438	0.00117	0.00175	0.00671	0.00409	0.00350
17	0.00757	0.00717	0.01215	0.64364	0.23815	0.00840	0.01059	0.00998	0.00769	0.01017	0.00670	0.00971	0.00519	0.00361	0.00370	0.00120	0.00481	0.00330	0.00170	0.00458
18	0.00520	0.00377	0.00505	0.00583	0.00644	0.00362	0.00458	0.00637	0.00790	0.01029	0.02157	0.40739	0.09415	0.01079	0.00489	0.00158	0.00272	0.39123	0.00343	0.00321
19	0.00881	0.00843	0.01438	0.16856	0.70358	0.00872	0.01120	0.01106	0.00827	0.01167	0.00692	0.00931	0.00572	0.00338	0.00368	0.00113	0.00450	0.00331	0.00180	0.00557

[dist]
# distance from previous block
# <min> <max>
0	5

[block]
# block no. 1 follows, 74 sequences, length 58
# corresponding to MSA columns:
# 73-130
name=unknown_B
#
# <colnr> <probs for GDERKNQSTAVLIFYWHMCP>
#	G	D	E	R	K	N	Q	S	T	A	V	L	I	F	Y	W	H	M	C	P
0	0.11899	0.00844	0.01356	0.08665	0.67756	0.00871	0.01039	0.01118	0.00811	0.01248	0.00673	0.00885	0.00558	0.00336	0.00351	0.00112	0.00426	0.00315	0.00188	0.00551
1	0.58665	0.00898	0.06214	0.00808	0.11249	0.07625	0.01503	0.01185	0.00734	0.07287	0.00622	0.00709	0.00473	0.00354	0.00275	0.00113	0.00360	0.00239	0.00232	0.00454
2	0.00891	0.00854	0.01458	0.12743	0.74388	0.00875	0.01126	0.01115	0.00832	0.01180	0.00693	0.00928	0.00576	0.00336	0.00368	0.00112	0.00448	0.00331	0.00181	0.00566
3	0.00897	0.00880	0.01561	0.08573	0.68128	0.00885	0.11321	0.01131	0.00841	0.01190	0.00702	0.00934	0.00578	0.00332	0.00377	0.00113	0.00468	0.00344	0.00183	0.00564
4	0.00742	0.00722	0.01282	0.68182	0.09729	0.00844	0.11244	0.00995	0.00768	0.01002	0.00674	0.00985	0.00512	0.00360	0.00379	0.00123	0.00506	0.00343	0.00169	0.00439
5	0.00539	0.00362	0.00414	0.00414	0.00417	0.00365	0.00236	0.00546	0.00542	0.00726	0.01161	0.02383	0.01329	0.82949	0.05868	0.00371	0.00390	0.00533	0.00224	0.00230
6	0.00744	0.01920	0.85032	0.01058	0.01607	0.00862	0.01371	0.01176	0.00784	0.01176	0.00666	0.00784	0.00470	0.00353	0.00353	0.00118	0.00549	0.00274	0.00157	0.00549
7	0.00463	0.00374	0.00412	0.00409	0.00518	0.00323	0.00304	0.00578	0.00896	0.01134	0.26008	0.07684	0.57792	0.00902	0.00440	0.00124	0.00186	0.00767	0.00362	0.00323
8	0.01611	0.00620	0.00844	0.00651	0.00929	0.00536	0.00536	0.01756	0.01062	0.80927	0.05414	0.01335	0.01042	0.00474	0.00376	0.00115	0.00309	0.00387	0.00457	0.00618
9	0.00692	0.00346	0.00346	0.00346	0.00432	0.00346	0.00259	0.00865	0.00778	0.01384	0.01211	0.01384	0.00951	0.00432	0.00259	0.00086	0.00173	0.00346	0.89016	0.00346
10	0.00530	0.00398	0.00597	0.00597	0.00663	0.00464	0.00464	0.00663	0.00597	0.00862	0.00994	0.01458	0.00928	0.02784	0.85484	0.00597	0.00994	0.00398	0.00199	0.00331
11	0.00875	0.00977	0.02018	0.08603	0.09331	0.02581	0.67564	0.01170	0.00866	0.01166	0.00735	0.00986	0.00558	0.00321	0.00424	0.00123	0.00599	0.00416	0.00186	0.00500
12	0.01387	0.01769	0.01052	0.00956	0.01148	0.85465	0.00717	0.01482	0.01052	0.00908	0.00574	0.00669	0.00478	0.00383	0.00335	0.00096	0.00669	0.00239	0.00191	0.00430
13	0.00919	0.00882	0.01507	0.02278	0.84640	0.00882	0.01139	0.01139	0.00845	0.01213	0.00698	0.00919	0.00588	0.00331	0.00367	0.00110	0.00441	0.00331	0.00184	0.00588
14	0.00538	0.00385	0.00485	0.00457	0.00555	0.00349	0.00344	0.00699	0.01017	0.03386	0.69140	0.02869	0.16828	0.00782	0.00436	0.00118	0.00181	0.00683	0.00399	0.00351
15	0.00880	0.01001	0.02090	0.01509	0.01852	0.02479	0.75543	0.01172	0.00856	0.01161	0.00728	0.00981	0.00556	0.00340	0.00495	0.00127	0.07125	0.00426	0.00186	0.00492
16	0.00992	0.87178	0.01945	0.00635	0.00953	0.01469	0.00635	0.01111	0.00754	0.00873	0.00516	0.00595	0.00476	0.00318	0.00238	0.00079	0.00397	0.00198	0.00159	0.00476
17	0.00577	0.00363	0.00530	0.00530	0.00563	0.00396	0.00381	0.00578	0.00545	0.00760	0.00874	0.01434	0.00862	0.11502	0.42743	0.35884	0.00656	0.00383	0.00187	0.00252
18	0.00737	0.00733	0.03414	0.69892	0.14194	0.00837	0.03005	0.00987	0.00761	0.00998	0.00668	0.00974	0.00509	0.00363	0.00372	0.00122	0.00492	0.00331	0.00168	0.00443
19	0.01110	0.01049	0.03423	0.07220	0.29815	0.15112	0.02054	0.23380	0.03515	0.04102	0.00841	0.05164	0.00690	0.00424	0.00370	0.00112	0.00460	0.00356	0.00256	0.00546
20	0.71629	0.00769	0.00711	0.04216	0.11876	0.03373	0.00534	0.01103	0.00677	0.01554	0.00548	0.00662	0.00433	0.00345	0.00257	0.00114	0.00327	0.00224	0.00220	0.00428
21	0.00523	0.00390	0.00463	0.00441	0.00549	0.00349	0.00332	0.00679	0.02162	0.03110	0.50597	0.03026	0.34389	0.00818	0.00436	0.00120	0.00185	0.00704	0.00385	0.00346
22	0.00743	0.01887	0.82813	0.03306	0.01632	0.00861	0.01362	0.01169	0.00783	0.01169	0.00666	0.00789	0.00471	0.00353	0.00353	0.00118	0.00547	0.00276	0.00157	0.00545
23	0.00982	0.00991	0.01364	0.01916	0.63252	0.12227	0.01015	0.01287	0.11000	0.01213	0.00781	0.00942	0.00640	0.00359	0.00364	0.00110	0.00454	0.00329	0.00208	0.00567
24	0.01017	0.79869	0.03078	0.00664	0.00976	0.07441	0.00652	0.01139	0.00776	0.00880	0.00522	0.00603	0.00476	0.00323	0.00247	0.00081	0.00419	0.00202	0.00161	0.00474
25	0.00454	0.00340	0.00423	0.00483	0.00533	0.00308	0.00333	0.00533	0.00762	0.00989	0.06454	0.61604	0.22206	0.01088	0.00464	0.00143	0.00208	0.02019	0.00348	0.00307
26	0.00993	0.80877	0.05700	0.00661	0.00988	0.01432	0.00671	0.03430	0.00783	0.00928	0.00533	0.00612	0.00480	0.00323	0.00247	0.00082	0.00404	0.00206	0.00165	0.00484
27	0.00756	0.05970	0.81085	0.01038	0.01575	0.00891	0.01336	0.01172	0.00782	0.01161	0.00659	0.00775	0.00470	0.00351	0.00347	0.00116	0.00541	0.00271	0.00157	0.00545
28	0.00515	0.00379	0.00481	0.00456	0.00548	0.00346	0.00342	0.00680	0.01025	0.01428	0.74436	0.02872	0.13548	0.00781	0.00438	0.00118	0.00177	0.00685	0.00401	0.00346
29	0.00455	0.00325	0.00433	0.00515	0.00539	0.00303	0.00345	0.00523	0.00721	0.00965	0.04652	0.84058	0.02488	0.01150	0.00473	0.00150	0.00214	0.01043	0.00347	0.00303
30	0.00876	0.01001	0.02190	0.01564	0.01940	0.00939	0.83292	0.01189	0.00876	0.01189	0.00751	0.01001	0.00563	0.00313	0.00438	0.00125	0.00626	0.00438	0.00188	0.00501
31	0.00441	0.00376	0.00379	0.00378	0.00503	0.00314	0.00284	0.00537	0.00851	0.01014	0.05674	0.03553	0.82568	0.00936	0.00439	0.00125	0.00188	0.00781	0.00346	0.00314
32	0.00934	0.00991	0.03320	0.00787	0.00994	0.18974	0.00644	0.03655	0.00802	0.01086	0.00598	0.00765	0.00516	0.00416	0.00572	0.00099	0.25787	0.00260	0.00200	0.38599
33	0.00871	0.01112	0.12371	0.01445	0.01829	0.02132	0.67196	0.02331	0.03505	0.01208	0.00780	0.02024	0.00592	0.00337	0.00424	0.00124	0.00598	0.00420	0.00194	0.00508
34	0.00514	0.00379	0.00480	0.00455	0.00547	0.00345	0.00341	0.00678	0.01023	0.01423	0.73591	0.02880	0.14396	0.00783	0.00438	0.00118	0.00177	0.00686	0.00400	0.00345
35	0.00540	0.00360	0.00405	0.00405	0.00405	0.00360	0.00225	0.00540	0.00540	0.00720	0.01170	0.02429	0.01349	0.86955	0.01889	0.00360	0.00360	0.00540	0.00225	0.00225
36	0.00679	0.00609	0.00651	0.00630	0.00746	0.08072	0.02039	0.00984	0.17650	0.01166	0.13286	0.18726	0.15748	0.01697	0.03163	0.00150	0.03330	0.09951	0.00331	0.00392
37	0.01387	0.01769	0.01052	0.00956	0.01148	0.85465	0.00717	0.01482	0.01052	0.00908	0.00574	0.00669	0.00478	0.00383	0.00335	0.00096	0.00669	0.00239	0.00191	0.00430
38	0.00580	0.00391	0.00514	0.00476	0.00573	0.00360	0.00360	0.00753	0.01051	0.05459	0.80494	0.02701	0.03379	0.00745	0.00435	0.00117	0.00182	0.00657	0.00411	0.00364
39	0.03365	0.01094	0.01072	0.00841	0.01124	0.11556	0.00686	0.65344	0.01576	0.06047	0.00865	0.00872	0.00619	0.00432	0.00361	0.00108	0.00430	0.00318	0.00346	0.02944
40	0.00919	0.00882	0.01507	0.02278	0.84640	0.00882	0.01139	0.01139	0.00845	0.01213	0.00698	0.00919	0.00588	0.00331	0.00367	0.00110	0.00441	0.00331	0.00184	0.00588
41	0.89577	0.00718	0.00546	0.00488	0.00718	0.00833	0.00402	0.01091	0.00632	0.01665	0.00517	0.00603	0.00402	0.00345	0.00230	0.00115	0.00287	0.00201	0.00230	0.00402
42	0.00759	0.02884	0.06515	0.01135	0.01415	0.00742	0.47308	0.02042	0.00851	0.02649	0.04202	0.16909	0.08487	0.01785	0.00453	0.00131	0.00474	0.00573	0.00243	0.00445
43	0.01747	0.00448	0.00565	0.00507	0.00639	0.00417	0.00390	0.00943	0.05836	0.14853	0.58651	0.02491	0.09632	0.00706	0.00422	0.00118	0.00207	0.00613	0.00408	0.00407
44	0.01665	0.00632	0.00861	0.00660	0.00948	0.00546	0.00546	0.01809	0.01062	0.84897	0.01464	0.01263	0.00919	0.00459	0.00373	0.00115	0.00316	0.00373	0.00459	0.00632
45	0.01210	0.01124	0.01037	0.00819	0.01100	0.22963	0.03247	0.36615	0.01267	0.01617	0.00740	0.00803	0.00567	0.00378	0.00337	0.00092	0.00446	0.00281	0.00277	0.25081
46	0.05320	0.01223	0.01224	0.03279	0.28731	0.34872	0.04338	0.02797	0.05510	0.01118	0.00672	0.00825	0.00555	0.00390	0.00422	0.00111	0.07622	0.00297	0.00201	0.00494
47	0.01862	0.30108	0.37119	0.00843	0.01240	0.02729	0.00941	0.09127	0.05603	0.03293	0.03403	0.00837	0.00634	0.00375	0.00319	0.00104	0.00452	0.00277	0.00208	0.00526
48	0.00998	0.71152	0.06952	0.00662	0.00981	0.01324	0.00665	0.01172	0.03703	0.05701	0.03319	0.00743	0.00622	0.00349	0.00264	0.00087	0.00391	0.00236	0.00191	0.00489
49	0.00455	0.00326	0.00433	0.00517	0.00543	0.00305	0.00349	0.00523	0.00717	0.00952	0.02081	0.83067	0.04233	0.01155	0.00474	0.00151	0.00218	0.02854	0.00345	0.00303
50	0.00852	0.00809	0.02397	0.01436	0.30307	0.03314	0.20629	0.03403	0.04721	0.03983	0.05315	0.11906	0.02303	0.00527	0.00412	0.00124	0.00430	0.06386	0.00253	0.00495
51	0.02901	0.01031	0.15655	0.01571	0.43269	0.02626	0.02315	0.05580	0.03588	0.14632	0.00875	0.02820	0.00674	0.00386	0.00366	0.00114	0.00433	0.00344	0.00244	0.00576
52	0.03506	0.04721	0.00760	0.00577	0.00785	0.00639	0.00472	0.16139	0.01043	0.30916	0.01180	0.01189	0.00839	0.00471	0.01493	0.00109	0.01280	0.00343	0.33031	0.00506
53	0.00540	0.00360	0.00405	0.00405	0.00405	0.00360	0.00225	0.00540	0.00540	0.00720	0.01170	0.02429	0.01349	0.86955	0.01889	0.00360	0.00360	0.00540	0.00225	0.00225
54	0.55329	0.05627	0.04555	0.01526	0.00911	0.07296	0.04186	0.03712	0.00742	0.01478	0.00569	0.00667	0.00449	0.00340	0.00264	0.00105	0.00354	0.00225	0.00220	0.11444
55	0.00991	0.00855	0.01101	0.00988	0.07435	0.00947	0.10909	0.11653	0.52585	0.03623	0.01245	0.01220	0.00934	0.00464	0.00411	0.00124	0.03205	0.00401	0.00334	0.00577
56	0.00931	0.04265	0.00883	0.00776	0.03916	0.04124	0.00586	0.09956	0.48544	0.03007	0.05392	0.02907	0.01137	0.03740	0.07997	0.00171	0.00387	0.00417	0.00335	0.00530
57	0.01059	0.54508	0.04564	0.00747	0.02821	0.17183	0.00671	0.02097	0.05556	0.03665	0.00741	0.00797	0.03480	0.00370	0.00284	0.00090	0.00439	0.00252	0.00196	0.00480

[dist]
# distance from previous block
# <min> <max>
0	8

[block]
# block no. 2 follows, 74 sequences, length 58
# corresponding to MSA columns:
# 139-196
name=unknown_C
#
# <colnr> <probs for GDERKNQSTAVLIFYWHMCP>
#	G	D	E	R	K	N	Q	S	T	A	V	L	I	F	Y	W	H	M	C	P
0	0.00741	0.00693	0.01091	0.00966	0.07353	0.01558	0.21124	0.02455	0.16423	0.01280	0.18690	0.09691	0.09763	0.00611	0.00464	0.00127	0.04843	0.01375	0.00302	0.00450
1	0.01006	0.62945	0.13558	0.00738	0.01070	0.12065	0.00749	0.01181	0.02062	0.00931	0.00560	0.00643	0.00486	0.00334	0.00269	0.00088	0.00451	0.00218	0.00166	0.00482
2	0.00923	0.05612	0.25639	0.01273	0.26527	0.00846	0.00967	0.05069	0.11719	0.08665	0.03803	0.05599	0.00850	0.00435	0.00367	0.00116	0.00417	0.00373	0.00249	0.00553
3	0.00455	0.00377	0.00398	0.00393	0.00511	0.00320	0.00295	0.00563	0.00884	0.01092	0.18546	0.03426	0.69647	0.00907	0.00439	0.00124	0.00186	0.00763	0.00356	0.00320
4	0.00451	0.00375	0.00393	0.00391	0.00509	0.00318	0.00292	0.00555	0.00871	0.01067	0.14568	0.05048	0.72046	0.00920	0.00439	0.00125	0.00187	0.00773	0.00353	0.00318
5	0.00717	0.00609	0.01960	0.10783	0.26649	0.00600	0.04614	0.00889	0.02088	0.05214	0.01378	0.37331	0.02306	0.00718	0.00421	0.00132	0.00348	0.02535	0.00271	0.00436
6	0.00739	0.01863	0.81582	0.01046	0.01577	0.00847	0.02290	0.01157	0.00780	0.01165	0.00692	0.01836	0.00510	0.01880	0.00382	0.00122	0.00542	0.00290	0.00161	0.00539
7	0.00440	0.00376	0.00378	0.00378	0.00502	0.00314	0.00283	0.00536	0.00850	0.01012	0.05248	0.03557	0.82996	0.00937	0.00439	0.00125	0.00188	0.00781	0.00346	0.00314
8	0.00458	0.00329	0.00437	0.00521	0.00548	0.00307	0.00354	0.00528	0.00720	0.00956	0.02078	0.81389	0.04128	0.01152	0.00475	0.00151	0.00220	0.04601	0.00344	0.00303
9	0.01116	0.08025	0.05205	0.01089	0.13780	0.31318	0.04139	0.07006	0.09391	0.04785	0.00877	0.01974	0.01598	0.01760	0.00402	0.00114	0.02555	0.04133	0.00239	0.00494
10	0.00893	0.00852	0.01433	0.12290	0.71461	0.00877	0.01104	0.01149	0.04122	0.01194	0.00726	0.00946	0.00598	0.00342	0.00368	0.00112	0.00442	0.00334	0.00189	0.00567
11	0.89577	0.00718	0.00546	0.00488	0.00718	0.00833	0.00402	0.01091	0.00632	0.01665	0.00517	0.00603	0.00402	0.00345	0.00230	0.00115	0.00287	0.00201	0.00230	0.00402
12	0.00744	0.01920	0.85032	0.01058	0.01607	0.00862	0.01371	0.01176	0.00784	0.01176	0.00666	0.00784	0.00470	0.00353	0.00353	0.00118	0.00549	0.00274	0.00157	0.00549
13	0.00450	0.00366	0.00400	0.00425	0.00524	0.00317	0.00313	0.00541	0.00815	0.00996	0.03267	0.22979	0.61059	0.00996	0.00451	0.00134	0.00202	0.05107	0.00345	0.00312
14	0.00907	0.01036	0.02008	0.01450	0.01808	0.07286	0.71463	0.01194	0.00882	0.01169	0.00731	0.00961	0.00556	0.00316	0.00419	0.00118	0.00605	0.00408	0.00190	0.06491
15	0.00465	0.00332	0.00440	0.00507	0.00539	0.00310	0.00344	0.00546	0.00761	0.01028	0.14829	0.72334	0.02600	0.02467	0.00491	0.00149	0.00211	0.00987	0.00353	0.00308
16	0.20367	0.01117	0.00963	0.00795	0.01043	0.20047	0.00638	0.41095	0.05932	0.01800	0.00766	0.00805	0.00573	0.00417	0.00349	0.00110	0.02067	0.00289	0.00297	0.00530
17	0.07287	0.06243	0.64038	0.00977	0.01450	0.07289	0.01180	0.05279	0.00839	0.01233	0.00652	0.00757	0.00474	0.00357	0.00337	0.00113	0.00524	0.00265	0.00175	0.00529
18	0.00986	0.00907	0.01474	0.06530	0.72667	0.00898	0.01113	0.01163	0.00904	0.01288	0.00914	0.07552	0.00833	0.00473	0.00426	0.00135	0.00465	0.00423	0.00235	0.00615
19	0.00744	0.01920	0.85032	0.01058	0.01607	0.00862	0.01371	0.01176	0.00784	0.01176	0.00666	0.00784	0.00470	0.00353	0.00353	0.00118	0.00549	0.00274	0.00157	0.00549
20	0.00701	0.00660	0.01113	0.86063	0.02556	0.00825	0.01031	0.00948	0.00742	0.00948	0.00660	0.00990	0.00495	0.00371	0.00371	0.00124	0.00495	0.00330	0.00165	0.00412
21	0.01987	0.02959	0.08066	0.01280	0.01618	0.09405	0.49326	0.11504	0.00988	0.03603	0.02269	0.00958	0.00613	0.00363	0.00430	0.00120	0.03397	0.00384	0.00219	0.00510
22	0.00976	0.00592	0.00940	0.00779	0.00959	0.00568	0.14814	0.01127	0.01881	0.29833	0.02855	0.30355	0.04736	0.00712	0.00486	0.00133	0.06813	0.00634	0.00345	0.00462
23	0.00923	0.01006	0.03347	0.02799	0.17968	0.18884	0.22311	0.02620	0.00913	0.01129	0.01024	0.01753	0.00966	0.00525	0.00417	0.00128	0.00515	0.22079	0.00231	0.00463
24	0.01668	0.00609	0.00729	0.00705	0.02313	0.07994	0.06280	0.06361	0.02813	0.05773	0.01751	0.46240	0.08032	0.00873	0.00457	0.00137	0.02384	0.04176	0.00320	0.00386
25	0.03235	0.01365	0.15901	0.02068	0.09474	0.26191	0.18437	0.13602	0.02713	0.02454	0.00718	0.00842	0.00546	0.00369	0.00368	0.00111	0.00554	0.00316	0.00219	0.00516
26	0.00939	0.01012	0.01816	0.01794	0.34947	0.07296	0.43066	0.02323	0.00889	0.01193	0.00718	0.00942	0.00568	0.00327	0.00401	0.00117	0.00552	0.00379	0.00189	0.00532
27	0.00571	0.02262	0.00704	0.00799	0.15173	0.00468	0.03208	0.00708	0.00856	0.01122	0.17498	0.14646	0.34978	0.00852	0.02775	0.00138	0.00277	0.02270	0.00315	0.00377
28	0.01048	0.01206	0.01327	0.04074	0.01338	0.33231	0.22473	0.01314	0.10277	0.01069	0.02457	0.00967	0.00663	0.00440	0.00524	0.00121	0.15288	0.01514	0.00212	0.00459
29	0.01425	0.01449	0.00995	0.00876	0.01090	0.60839	0.00670	0.01586	0.05842	0.20474	0.00835	0.00849	0.00618	0.00407	0.00346	0.00102	0.00565	0.00281	0.00264	0.00486
30	0.00759	0.01827	0.78068	0.01033	0.01553	0.00867	0.01307	0.01241	0.07665	0.01207	0.00736	0.00833	0.00525	0.00365	0.00355	0.00118	0.00527	0.00286	0.00175	0.00552
31	0.00530	0.00403	0.00477	0.00496	0.00582	0.00382	0.00378	0.00680	0.04610	0.01065	0.13044	0.08303	0.30293	0.15848	0.00708	0.00178	0.00261	0.21110	0.00333	0.00322
32	0.00456	0.00330	0.00431	0.00504	0.00537	0.00305	0.00340	0.00529	0.00740	0.00983	0.07013	0.75748	0.08468	0.01123	0.00469	0.00147	0.00211	0.01013	0.00348	0.00305
33	0.01000	0.03945	0.05512	0.01047	0.01325	0.16215	0.25320	0.03824	0.35070	0.01308	0.01023	0.01072	0.00776	0.00410	0.00382	0.00118	0.00480	0.00376	0.00269	0.00529
34	0.00469	0.00443	0.04616	0.00467	0.00585	0.00346	0.00374	0.00577	0.00809	0.01005	0.03046	0.24467	0.53754	0.00973	0.00449	0.00135	0.00224	0.06602	0.00335	0.00324
35	0.00475	0.00377	0.00427	0.00414	0.00524	0.00329	0.00311	0.00603	0.00932	0.01207	0.37733	0.03236	0.50389	0.00864	0.00438	0.00122	0.00183	0.00736	0.00372	0.00329
36	0.01437	0.00955	0.01057	0.00814	0.01104	0.01030	0.00671	0.67669	0.01607	0.16635	0.01013	0.02590	0.00716	0.00462	0.00374	0.00113	0.00389	0.00355	0.00386	0.00625
37	0.01296	0.00831	0.00959	0.05014	0.01105	0.07169	0.03885	0.12526	0.25500	0.34199	0.01262	0.01183	0.00876	0.00454	0.00372	0.00117	0.00367	0.00372	0.01930	0.00582
38	0.00911	0.00874	0.01492	0.05416	0.81566	0.00880	0.01135	0.01132	0.00841	0.01203	0.00697	0.00921	0.00584	0.00332	0.00368	0.00111	0.00443	0.00331	0.00183	0.00581
39	0.00721	0.00391	0.00395	0.00385	0.00484	0.00402	0.00291	0.02232	0.07070	0.01411	0.01229	0.01376	0.00960	0.00438	0.00270	0.00090	0.00186	0.00351	0.80950	0.00369
40	0.00467	0.00376	0.00415	0.00407	0.00519	0.00325	0.00305	0.00586	0.00910	0.01157	0.29466	0.04400	0.57596	0.00885	0.00439	0.00123	0.00184	0.00751	0.00365	0.00325
41	0.01387	0.01769	0.01052	0.00956	0.01148	0.85465	0.00717	0.01482	0.01052	0.00908	0.00574	0.00669	0.00478	0.00383	0.00335	0.00096	0.00669	0.00239	0.00191	0.00430
42	0.00795	0.00675	0.00783	0.00562	0.00890	0.00521	0.00450	0.04198	0.00808	0.01254	0.00669	0.00775	0.00553	0.00282	0.00279	0.00057	0.00280	0.00224	0.00226	0.85719
43	0.00916	0.00899	0.01278	0.16430	0.46293	0.09197	0.02488	0.03884	0.06921	0.01210	0.05212	0.02072	0.00779	0.00392	0.00372	0.00113	0.00448	0.00357	0.00215	0.00526
44	0.01310	0.01152	0.01047	0.00857	0.01114	0.19513	0.00685	0.49605	0.17662	0.01873	0.00943	0.00939	0.00696	0.00443	0.00365	0.00111	0.00443	0.00330	0.00333	0.00579
45	0.00916	0.00893	0.01419	0.02103	0.75023	0.05055	0.01073	0.01123	0.00851	0.01185	0.00777	0.04209	0.00695	0.00384	0.00374	0.00113	0.00441	0.02611	0.00194	0.00563
46	0.00861	0.00819	0.01392	0.16941	0.66016	0.00851	0.01087	0.01082	0.00815	0.01149	0.00706	0.00958	0.00588	0.00460	0.04602	0.00137	0.00478	0.00334	0.00181	0.00544
47	0.00716	0.00660	0.01039	0.67634	0.02195	0.00754	0.00903	0.00945	0.00748	0.01005	0.00660	0.00942	0.00507	0.00350	0.00350	0.00109	0.00447	0.00306	0.00177	0.19552
48	0.00530	0.00398	0.00597	0.00597	0.00663	0.00464	0.00464	0.00663	0.00597	0.00862	0.00994	0.01458	0.00928	0.02784	0.85484	0.00597	0.00994	0.00398	0.00199	0.00331
49	0.00800	0.00683	0.00785	0.00579	0.00895	0.00556	0.00462	0.02808	0.09929	0.01271	0.00758	0.00840	0.00616	0.00304	0.00288	0.00064	0.00280	0.00244	0.00240	0.77599
50	0.00799	0.00641	0.00752	0.00564	0.00854	0.00521	0.00448	0.02712	0.06391	0.04601	0.11002	0.01078	0.00966	0.00360	0.00308	0.00071	0.00268	0.00297	0.00266	0.67101
51	0.01124	0.00897	0.00952	0.00796	0.01042	0.01017	0.00636	0.35421	0.50194	0.01876	0.01256	0.01182	0.00927	0.00480	0.00375	0.00120	0.00341	0.00385	0.00375	0.00605
52	0.00561	0.00415	0.00547	0.00613	0.00707	0.00401	0.00525	0.00714	0.00853	0.01086	0.02379	0.04045	0.21139	0.01006	0.00496	0.00160	0.00306	0.63368	0.00342	0.00335
53	0.00439	0.00375	0.00377	0.00380	0.00502	0.00313	0.00284	0.00532	0.00843	0.01001	0.03717	0.05659	0.82430	0.00946	0.00440	0.00126	0.00189	0.00790	0.00345	0.00313
54	0.00826	0.07087	0.18055	0.01020	0.01249	0.03769	0.17153	0.02099	0.00736	0.02751	0.00719	0.04489	0.00633	0.00713	0.08872	0.00178	0.28645	0.00364	0.00187	0.00455
55	0.00919	0.00882	0.01507	0.02278	0.84640	0.00882	0.01139	0.01139	0.00845	0.01213	0.00698	0.00919	0.00588	0.00331	0.00367	0.00110	0.00441	0.00331	0.00184	0.00588
56	0.01484	0.00615	0.00818	0.00651	0.00907	0.00552	0.00528	0.01695	0.07578	0.69673	0.04652	0.06917	0.01134	0.00520	0.00383	0.00118	0.00302	0.00433	0.00444	0.00596
57	0.00455	0.00325	0.00433	0.00515	0.00539	0.00303	0.00345	0.00523	0.00723	0.00967	0.04941	0.83763	0.02492	0.01149	0.00473	0.00150	0.00214	0.01042	0.00347	0.00303

[dist]
# distance from previous block
# <min> <max>
0	1

[block]
# block no. 3 follows, 74 sequences, length 9
# corresponding to MSA columns:
# 198-206
name=unknown_D
#
# <colnr> <probs for GDERKNQSTAVLIFYWHMCP>
#	G	D	E	R	K	N	Q	S	T	A	V	L	I	F	Y	W	H	M	C	P
0	0.04332	0.02363	0.01057	0.00949	0.07485	0.19376	0.09877	0.04932	0.18021	0.12691	0.06490	0.02914	0.03517	0.00488	0.00379	0.00116	0.00424	0.03783	0.00301	0.00504
1	0.00726	0.01628	0.65227	0.01050	0.01523	0.00808	0.11272	0.01103	0.00794	0.01154	0.00932	0.05879	0.05396	0.00428	0.00375	0.00121	0.00518	0.00368	0.00182	0.00515
2	0.00457	0.00331	0.00432	0.00503	0.00537	0.00306	0.00340	0.00532	0.00746	0.00993	0.08402	0.74196	0.08623	0.01116	0.00468	0.00146	0.00210	0.01006	0.00349	0.00306
3	0.12423	0.04699	0.01350	0.01825	0.60639	0.10567	0.00974	0.01171	0.00837	0.01222	0.00653	0.00835	0.00547	0.00338	0.00340	0.00108	0.00445	0.00298	0.00189	0.00541
4	0.00534	0.00364	0.00421	0.00419	0.00434	0.00364	0.00250	0.00557	0.00588	0.00788	0.06325	0.02442	0.05271	0.72524	0.06956	0.00349	0.00380	0.00550	0.00240	0.00243
5	0.03043	0.01237	0.01137	0.04605	0.14309	0.35899	0.00807	0.11030	0.02758	0.01155	0.00634	0.00794	0.00529	0.00444	0.00545	0.00117	0.19981	0.00291	0.00209	0.00476
6	0.00565	0.00435	0.00517	0.00496	0.00608	0.00399	0.00366	0.02537	0.04830	0.01173	0.23016	0.20444	0.18688	0.09116	0.00566	0.00145	0.00235	0.04870	0.00337	0.10658
7	0.00968	0.00939	0.00780	0.00699	0.00858	0.27591	0.00533	0.10458	0.08482	0.04148	0.32142	0.05789	0.03891	0.00595	0.00392	0.00112	0.00376	0.00485	0.00329	0.00435
8	0.03671	0.00668	0.00699	0.00588	0.00798	0.07043	0.00454	0.07586	0.03612	0.08157	0.10459	0.14861	0.09553	0.00581	0.00363	0.00101	0.00291	0.00486	0.00308	0.29724

[dist]
# distance from previous block
# <min> <max>
0	13

[block]
# block no. 4 follows, 74 sequences, length 35
# corresponding to MSA columns:
# 220-254
name=unknown_E
#
# <colnr> <probs for GDERKNQSTAVLIFYWHMCP>
#	G	D	E	R	K	N	Q	S	T	A	V	L	I	F	Y	W	H	M	C	P
0	0.05349	0.01273	0.00990	0.00886	0.03416	0.40616	0.00669	0.14403	0.17277	0.10158	0.00901	0.00910	0.00676	0.00421	0.00349	0.00107	0.00494	0.00304	0.00286	0.00517
1	0.00900	0.00878	0.01544	0.07998	0.71187	0.00883	0.08864	0.01131	0.00841	0.01192	0.00701	0.00931	0.00579	0.00332	0.00374	0.00113	0.00462	0.00341	0.00183	0.00568
2	0.00950	0.00753	0.00863	0.00649	0.00949	0.02660	0.02461	0.16112	0.05027	0.06462	0.03259	0.00987	0.02961	0.00363	0.00318	0.00079	0.00315	0.00293	0.00277	0.54261
3	0.04066	0.00662	0.00834	0.00665	0.00931	0.00623	0.00541	0.01758	0.17825	0.60201	0.03681	0.01291	0.01004	0.00466	0.00368	0.00115	0.00305	0.00380	0.00426	0.03856
4	0.00919	0.00882	0.01507	0.02278	0.84640	0.00882	0.01139	0.01139	0.00845	0.01213	0.00698	0.00919	0.00588	0.00331	0.00367	0.00110	0.00441	0.00331	0.00184	0.00588
5	0.02475	0.00515	0.00592	0.00560	0.00694	0.00514	0.01461	0.09412	0.12501	0.05724	0.05835	0.29399	0.27174	0.00846	0.00427	0.00131	0.00248	0.00730	0.00357	0.00403
6	0.00856	0.00946	0.01987	0.06260	0.09796	0.00912	0.66428	0.01143	0.00853	0.01164	0.00774	0.03598	0.00618	0.00352	0.00447	0.00125	0.02617	0.00438	0.00190	0.00496
7	0.01641	0.00670	0.00885	0.00679	0.00967	0.00603	0.00561	0.09489	0.01127	0.77126	0.01410	0.01228	0.00892	0.00458	0.00373	0.00115	0.00325	0.00370	0.00451	0.00632
8	0.00456	0.00326	0.00435	0.00522	0.00545	0.00305	0.00352	0.00524	0.00715	0.00952	0.02044	0.84396	0.02446	0.01159	0.00475	0.00151	0.00219	0.03332	0.00344	0.00303
9	0.00871	0.24759	0.54856	0.00935	0.01388	0.08988	0.01112	0.01187	0.00801	0.01069	0.00617	0.00722	0.00473	0.00346	0.00320	0.00105	0.00519	0.00251	0.00161	0.00518
10	0.04140	0.00628	0.00844	0.00651	0.00932	0.00549	0.00537	0.01763	0.01050	0.80601	0.03355	0.01279	0.00964	0.00463	0.00371	0.00115	0.00312	0.00375	0.00452	0.00619
11	0.00444	0.00376	0.00384	0.00389	0.00510	0.00317	0.00293	0.00540	0.00843	0.01005	0.03666	0.05523	0.80076	0.00948	0.00442	0.00127	0.00193	0.03267	0.00345	0.00314
12	0.00895	0.00858	0.01464	0.11269	0.75831	0.00876	0.01128	0.01119	0.00834	0.01184	0.00694	0.00926	0.00578	0.00335	0.00368	0.00112	0.00447	0.00331	0.00182	0.00569
13	0.00566	0.00411	0.00541	0.00574	0.00637	0.00378	0.02535	0.00658	0.02094	0.02774	0.13632	0.61051	0.09378	0.01071	0.00486	0.00153	0.00244	0.02090	0.00370	0.00357
14	0.00452	0.00323	0.00431	0.00517	0.00538	0.00301	0.00345	0.00517	0.00711	0.00948	0.02046	0.86713	0.02455	0.01163	0.00474	0.00151	0.00215	0.01055	0.00345	0.00301
15	0.00537	0.00420	0.00491	0.00466	0.00578	0.00395	0.00352	0.00773	0.09235	0.01338	0.50100	0.02893	0.29456	0.00792	0.00432	0.00120	0.00191	0.00682	0.00385	0.00362
16	0.01167	0.01294	0.33014	0.02440	0.06411	0.02553	0.04963	0.17899	0.02018	0.20282	0.02390	0.02116	0.00753	0.00449	0.00394	0.00126	0.00471	0.00357	0.00301	0.00602
17	0.00964	0.01006	0.10105	0.06224	0.56195	0.01914	0.02981	0.11239	0.02319	0.02407	0.00739	0.00916	0.00588	0.00354	0.00368	0.00112	0.00454	0.00329	0.00210	0.00577
18	0.00876	0.01001	0.02190	0.01564	0.01940	0.00939	0.83292	0.01189	0.00876	0.01189	0.00751	0.01001	0.00563	0.00313	0.00438	0.00125	0.00626	0.00438	0.00188	0.00501
19	0.00455	0.00369	0.00404	0.00412	0.00516	0.00318	0.00303	0.00559	0.00862	0.01078	0.17367	0.15243	0.58936	0.00941	0.00444	0.00127	0.00190	0.00803	0.00356	0.00318
20	0.00449	0.00376	0.00383	0.00384	0.00500	0.00319	0.00284	0.00540	0.00830	0.00995	0.04926	0.03495	0.76526	0.06436	0.00533	0.00141	0.00201	0.02036	0.00338	0.00309
21	0.00770	0.00660	0.00770	0.00550	0.00880	0.00495	0.00440	0.00935	0.00770	0.01210	0.00660	0.00770	0.00550	0.00275	0.00275	0.00055	0.00275	0.00220	0.00220	0.89224
22	0.00439	0.00375	0.00378	0.00380	0.00502	0.00313	0.00284	0.00532	0.00842	0.01001	0.03712	0.05928	0.82164	0.00946	0.00440	0.00126	0.00189	0.00791	0.00345	0.00313
23	0.01314	0.00648	0.00870	0.00796	0.08767	0.00609	0.00579	0.07451	0.06469	0.49924	0.16989	0.01496	0.01368	0.00506	0.00385	0.00115	0.00306	0.00426	0.00412	0.00572
24	0.00701	0.00660	0.01113	0.86063	0.02556	0.00825	0.01031	0.00948	0.00742	0.00948	0.00660	0.00990	0.00495	0.00371	0.00371	0.00124	0.00495	0.00330	0.00165	0.00412
25	0.01565	0.00618	0.00821	0.00637	0.00906	0.00546	0.00524	0.04371	0.01058	0.74354	0.01422	0.01263	0.00913	0.00456	0.00362	0.00112	0.00305	0.00369	0.08792	0.00605
26	0.00856	0.00854	0.01548	0.21525	0.41387	0.00889	0.20578	0.01126	0.03353	0.01148	0.00721	0.00966	0.00575	0.00349	0.00406	0.00119	0.02533	0.00359	0.00186	0.00522
27	0.00598	0.00427	0.00598	0.00684	0.00769	0.00427	0.00598	0.00769	0.00854	0.01111	0.01965	0.04187	0.02136	0.01025	0.00513	0.00171	0.00342	0.82141	0.00342	0.00342
28	0.00810	0.01967	0.02642	0.24390	0.49972	0.00816	0.02674	0.01026	0.00802	0.01109	0.00824	0.09749	0.00751	0.00427	0.00379	0.00118	0.00437	0.00404	0.00195	0.00508
29	0.00485	0.00374	0.00444	0.00435	0.00532	0.00332	0.00323	0.00620	0.00943	0.01253	0.45998	0.09850	0.35345	0.00863	0.00441	0.00123	0.00183	0.00746	0.00378	0.00332
30	0.00858	0.00825	0.01420	0.25081	0.59819	0.00868	0.03554	0.01089	0.00818	0.01140	0.00689	0.00940	0.00562	0.00341	0.00371	0.00114	0.00461	0.00334	0.00179	0.00538
31	0.00576	0.00409	0.00477	0.00457	0.00575	0.00369	0.00343	0.00742	0.04714	0.06940	0.31173	0.10488	0.39676	0.00845	0.00434	0.00124	0.00200	0.00724	0.00376	0.00359
32	0.00846	0.09025	0.02021	0.04245	0.00909	0.03281	0.00543	0.06960	0.30457	0.05231	0.12358	0.08433	0.12076	0.00615	0.00386	0.00120	0.00301	0.01375	0.00339	0.00478
33	0.04356	0.02214	0.00563	0.00587	0.03020	0.03903	0.00427	0.02027	0.02759	0.01108	0.10676	0.32576	0.18833	0.02114	0.00461	0.00141	0.00264	0.13294	0.00331	0.00347
34	0.01906	0.18841	0.06530	0.00871	0.05929	0.17070	0.03065	0.13038	0.08715	0.05027	0.02597	0.05945	0.00774	0.00431	0.00336	0.00102	0.00430	0.00336	0.00253	0.07804

[dist]
# distance from previous block
# <min> <max>
18	31

[block]
# block no. 5 follows, 74 sequences, length 20
# corresponding to MSA columns:
# 290-309
name=unknown_F
#
# <colnr> <probs for GDERKNQSTAVLIFYWHMCP>
#	G	D	E	R	K	N	Q	S	T	A	V	L	I	F	Y	W	H	M	C	P
0	0.04481	0.10018	0.07157	0.01183	0.19794	0.05619	0.08335	0.15300	0.13341	0.04014	0.00885	0.01034	0.00701	0.00403	0.00356	0.00111	0.00427	0.03010	0.00258	0.03574
1	0.02132	0.07628	0.15808	0.02891	0.05373	0.04692	0.07736	0.07442	0.08235	0.06521	0.06857	0.06608	0.04001	0.04697	0.00486	0.00130	0.04190	0.02283	0.00264	0.02027
2	0.00651	0.04223	0.00576	0.00509	0.00558	0.02463	0.00362	0.01677	0.02607	0.00800	0.04662	0.01510	0.07503	0.08617	0.10431	0.51614	0.00394	0.00396	0.00205	0.00242
3	0.00823	0.05900	0.54794	0.00919	0.01348	0.00872	0.01077	0.09913	0.08485	0.01334	0.05010	0.01061	0.02586	0.00419	0.00357	0.00116	0.00464	0.01409	0.02579	0.00534
4	0.00697	0.00417	0.00497	0.03799	0.02077	0.00403	0.00373	0.01835	0.02428	0.08576	0.09403	0.13315	0.16901	0.00700	0.01757	0.00120	0.00232	0.01521	0.34576	0.00374
5	0.00664	0.00539	0.01813	0.00552	0.00680	0.02045	0.00423	0.05518	0.16567	0.02644	0.30471	0.12258	0.16964	0.05494	0.00504	0.00137	0.00246	0.01717	0.00364	0.00400
6	0.44114	0.00634	0.00600	0.00518	0.00721	0.00684	0.00415	0.05766	0.03631	0.16725	0.00909	0.01021	0.00692	0.05838	0.00378	0.00125	0.00283	0.00295	0.16208	0.00442
7	0.00520	0.00393	0.00492	0.00550	0.03208	0.00374	0.00369	0.04209	0.00787	0.01032	0.05894	0.48107	0.19852	0.07441	0.04811	0.00178	0.00273	0.00854	0.00327	0.00326
8	0.00446	0.00376	0.00386	0.00383	0.00506	0.00316	0.00287	0.00546	0.00862	0.01041	0.10174	0.03509	0.78052	0.00926	0.00439	0.00125	0.00187	0.00774	0.00350	0.00316
9	0.00943	0.70340	0.18354	0.00719	0.01082	0.01349	0.00781	0.01124	0.00760	0.00933	0.00546	0.00633	0.00475	0.00324	0.00261	0.00087	0.00427	0.00213	0.00158	0.00491
10	0.00770	0.00660	0.00770	0.00550	0.00880	0.00495	0.00440	0.00935	0.00770	0.01210	0.00660	0.00770	0.00550	0.00275	0.00275	0.00055	0.00275	0.00220	0.00220	0.89224
11	0.13065	0.00780	0.14159	0.00628	0.00847	0.00628	0.00580	0.09884	0.06471	0.03449	0.32071	0.01932	0.09100	0.01749	0.00404	0.00122	0.00296	0.03068	0.00328	0.00437
12	0.01260	0.03911	0.01083	0.03713	0.04228	0.34792	0.04322	0.17827	0.03179	0.11857	0.00848	0.00989	0.00664	0.03572	0.02472	0.00128	0.01622	0.01652	0.01382	0.00497
13	0.00532	0.00393	0.00571	0.00571	0.00628	0.00450	0.00432	0.00646	0.00589	0.00843	0.01018	0.01588	0.00984	0.14008	0.74337	0.00565	0.00910	0.00417	0.00202	0.00317
14	0.00755	0.00715	0.01212	0.65125	0.23069	0.00839	0.01058	0.00996	0.00768	0.01014	0.00669	0.00972	0.00518	0.00361	0.00370	0.00120	0.00481	0.00330	0.00170	0.00456
15	0.00860	0.12353	0.34903	0.00896	0.04159	0.02765	0.03634	0.03188	0.09516	0.05643	0.09234	0.01074	0.00897	0.00459	0.02225	0.00119	0.00440	0.00332	0.00235	0.07068
16	0.00454	0.00349	0.00415	0.00456	0.00525	0.00311	0.00320	0.00540	0.00796	0.01020	0.10337	0.45781	0.35293	0.01037	0.00456	0.00137	0.00201	0.00911	0.00351	0.00311
17	0.03621	0.05458	0.02283	0.00598	0.02648	0.07026	0.00458	0.02262	0.02975	0.01344	0.51151	0.08449	0.02569	0.02167	0.00437	0.00123	0.00266	0.05438	0.00349	0.00379
18	0.02000	0.15890	0.31831	0.03620	0.05123	0.07022	0.00933	0.06068	0.17720	0.05031	0.00854	0.00904	0.00641	0.00389	0.00339	0.00111	0.00452	0.00300	0.00233	0.00540
19	0.00577	0.00427	0.00574	0.00674	0.07883	0.00418	0.00435	0.02489	0.01983	0.03263	0.06134	0.47625	0.09986	0.06845	0.04243	0.00174	0.01613	0.02938	0.01370	0.00350

[dist]
# distance from previous block
# <min> <max>
0	14

[block]
# block no. 6 follows, 74 sequences, length 10
# corresponding to MSA columns:
# 324-333
name=unknown_G
#
# <colnr> <probs for GDERKNQSTAVLIFYWHMCP>
#	G	D	E	R	K	N	Q	S	T	A	V	L	I	F	Y	W	H	M	C	P
0	0.59054	0.00738	0.00620	0.00540	0.00757	0.05467	0.00434	0.05001	0.00767	0.12212	0.00737	0.00847	0.00566	0.04729	0.00346	0.00124	0.00314	0.00258	0.06058	0.00431
1	0.01017	0.00789	0.00984	0.04238	0.12646	0.02417	0.03237	0.27383	0.11827	0.06173	0.04904	0.02949	0.03183	0.11503	0.00592	0.00150	0.01780	0.03406	0.00311	0.00511
2	0.00491	0.00367	0.00457	0.00466	0.00546	0.00333	0.00342	0.00621	0.00915	0.01234	0.43192	0.22968	0.21924	0.00907	0.00449	0.00129	0.00194	0.03760	0.00376	0.00330
3	0.00844	0.12476	0.47690	0.01134	0.01594	0.00974	0.23828	0.05024	0.00850	0.01195	0.00681	0.00825	0.00504	0.00342	0.00362	0.00115	0.00544	0.00313	0.00176	0.00530
4	0.00514	0.00370	0.00486	0.00475	0.00552	0.00342	0.00349	0.00671	0.00997	0.01402	0.71321	0.16141	0.03336	0.00823	0.00444	0.00122	0.00182	0.00732	0.00398	0.00342
5	0.00473	0.00342	0.00449	0.00511	0.00554	0.00318	0.00358	0.00565	0.00784	0.01051	0.15801	0.62546	0.07408	0.01074	0.00468	0.00145	0.00215	0.06268	0.00355	0.00313
6	0.01030	0.63164	0.11666	0.00724	0.01062	0.04245	0.00734	0.11604	0.00894	0.01097	0.00584	0.00658	0.00495	0.00340	0.00272	0.00089	0.00426	0.00226	0.00187	0.00503
7	0.00650	0.00466	0.00606	0.00649	0.00749	0.00475	0.00534	0.00928	0.12686	0.03913	0.08496	0.16829	0.02114	0.00933	0.00477	0.00155	0.00300	0.48301	0.00357	0.00380
8	0.01486	0.11685	0.01013	0.00677	0.00959	0.00733	0.00573	0.10914	0.02869	0.59322	0.03152	0.01238	0.00920	0.00460	0.00361	0.00111	0.00334	0.02189	0.00406	0.00598
9	0.00804	0.00443	0.00598	0.00531	0.00664	0.00412	0.00412	0.00966	0.00996	0.21770	0.53567	0.02237	0.02544	0.00943	0.11245	0.00177	0.00314	0.00564	0.00394	0.00417

[dist]
# distance from previous block
# <min> <max>
0	13

# created by:
# /st0/software/busco_prod/Augustus/scripts/msa2prfl.pl ./align_prep/33025.fa
