[name]
unknown

[dist]
# distance from previous block
# <min> <max>
0	61

[block]
# block no. 0 follows, 73 sequences, length 14
# corresponding to MSA columns:
# 67-80
name=unknown_A
#
# <colnr> <probs for GDERKNQSTAVLIFYWHMCP>
#	G	D	E	R	K	N	Q	S	T	A	V	L	I	F	Y	W	H	M	C	P
0	0.00598	0.00428	0.00596	0.00672	0.00759	0.00425	0.00583	0.00771	0.00881	0.01156	0.09122	0.04108	0.02279	0.01013	0.00512	0.00168	0.00331	0.74902	0.00351	0.00346
1	0.00465	0.00330	0.00433	0.00512	0.00532	0.00310	0.00338	0.00524	0.00703	0.00937	0.01989	0.79083	0.02382	0.08798	0.00606	0.00171	0.00231	0.01020	0.00338	0.00298
2	0.00775	0.09515	0.77492	0.01031	0.01565	0.00926	0.01320	0.01182	0.00789	0.01161	0.00660	0.00775	0.00476	0.00353	0.00346	0.00115	0.00541	0.00270	0.00159	0.00548
3	0.36736	0.00635	0.00673	0.00555	0.00795	0.00641	0.00455	0.01411	0.00861	0.40369	0.01062	0.01026	0.00724	0.00414	0.00304	0.00112	0.00288	0.00304	0.12127	0.00507
4	0.00912	0.00884	0.01533	0.02201	0.76797	0.00878	0.06296	0.01137	0.00856	0.01218	0.00800	0.01013	0.03058	0.00351	0.00378	0.00113	0.00450	0.00355	0.00191	0.00581
5	0.00518	0.00355	0.00415	0.00438	0.00449	0.00346	0.00261	0.00539	0.00603	0.00799	0.01520	0.24667	0.04953	0.60837	0.01474	0.00299	0.00318	0.00693	0.00264	0.00251
6	0.00961	0.28234	0.23360	0.00968	0.01342	0.02885	0.16328	0.06977	0.11114	0.03235	0.00780	0.00865	0.00600	0.00366	0.00341	0.00108	0.00476	0.00308	0.00216	0.00533
7	0.00857	0.19489	0.55255	0.01019	0.01495	0.00994	0.09985	0.01203	0.00808	0.04588	0.00684	0.00796	0.00505	0.00349	0.00343	0.00112	0.00521	0.00283	0.00175	0.00538
8	0.01510	0.00727	0.00911	0.00693	0.00991	0.00670	0.00570	0.18397	0.01176	0.56747	0.01253	0.01134	0.00820	0.00437	0.00364	0.00107	0.00333	0.00349	0.00414	0.12399
9	0.04285	0.00904	0.01056	0.00984	0.12141	0.00974	0.00706	0.45035	0.12931	0.10607	0.04369	0.01124	0.02230	0.00462	0.00375	0.00115	0.00374	0.00370	0.00356	0.00602
10	0.00493	0.00372	0.00514	0.00536	0.00592	0.00346	0.03764	0.00586	0.00785	0.01052	0.16612	0.54633	0.09601	0.07571	0.00577	0.00159	0.00236	0.00909	0.00344	0.00317
11	0.00516	0.00354	0.00431	0.00470	0.00483	0.00345	0.00297	0.00551	0.00631	0.00840	0.01569	0.34594	0.01839	0.48878	0.01278	0.00271	0.00307	0.05800	0.00281	0.00264
12	0.00899	0.00862	0.01470	0.13417	0.73588	0.00884	0.01137	0.01126	0.00840	0.01190	0.00701	0.00938	0.00582	0.00340	0.00372	0.00113	0.00453	0.00334	0.00183	0.00571
13	0.00944	0.00860	0.01378	0.21561	0.54350	0.00914	0.01068	0.12017	0.00951	0.01315	0.00723	0.00942	0.00578	0.00359	0.00373	0.00115	0.00454	0.00335	0.00206	0.00559

[dist]
# distance from previous block
# <min> <max>
0	3

[block]
# block no. 1 follows, 73 sequences, length 18
# corresponding to MSA columns:
# 84-101
name=unknown_B
#
# <colnr> <probs for GDERKNQSTAVLIFYWHMCP>
#	G	D	E	R	K	N	Q	S	T	A	V	L	I	F	Y	W	H	M	C	P
0	0.00468	0.00378	0.00416	0.00413	0.00523	0.00326	0.00307	0.00583	0.00904	0.01143	0.25518	0.08009	0.57870	0.00913	0.00445	0.00126	0.00188	0.00776	0.00366	0.00326
1	0.00487	0.00382	0.00441	0.00426	0.00534	0.00335	0.00319	0.00623	0.00958	0.01258	0.43917	0.03208	0.44053	0.00859	0.00443	0.00122	0.00184	0.00735	0.00381	0.00335
2	0.00909	0.55050	0.33132	0.00803	0.01211	0.01254	0.00922	0.01148	0.00774	0.00998	0.00579	0.00673	0.00479	0.00334	0.00284	0.00095	0.00459	0.00229	0.00160	0.00509
3	0.15988	0.00817	0.00920	0.00717	0.01002	0.00843	0.00592	0.34196	0.01278	0.38227	0.01092	0.01017	0.00727	0.00440	0.00353	0.00115	0.00352	0.00333	0.00391	0.00600
4	0.00507	0.00379	0.00429	0.00443	0.00513	0.00351	0.00314	0.00582	0.00751	0.00949	0.06755	0.06370	0.36122	0.31715	0.00980	0.00218	0.00274	0.11749	0.00308	0.00290
5	0.00938	0.00865	0.01406	0.18048	0.60340	0.00908	0.01086	0.09556	0.00928	0.01292	0.00718	0.00939	0.00581	0.00354	0.00373	0.00114	0.00453	0.00334	0.00202	0.00565
6	0.00967	0.74870	0.13822	0.00703	0.01057	0.01397	0.00748	0.01133	0.00767	0.00926	0.00543	0.00629	0.00481	0.00326	0.00257	0.00086	0.00423	0.00212	0.00160	0.00492
7	0.00881	0.00605	0.00680	0.00602	0.00738	0.00671	0.00480	0.22061	0.05013	0.01552	0.02372	0.07025	0.02687	0.00567	0.00433	0.00115	0.09096	0.05550	0.38436	0.00438
8	0.00517	0.00380	0.00485	0.00466	0.00554	0.00347	0.00347	0.00679	0.01019	0.01420	0.70819	0.08164	0.11782	0.00812	0.00445	0.00121	0.00181	0.00715	0.00402	0.00347
9	0.06510	0.00957	0.03850	0.01696	0.35042	0.00931	0.32226	0.05498	0.05338	0.01316	0.00763	0.00958	0.00599	0.00351	0.00408	0.00120	0.02309	0.00371	0.00209	0.00546
10	0.00638	0.07021	0.14735	0.00774	0.03913	0.02715	0.05661	0.02550	0.00784	0.01049	0.01530	0.51478	0.01719	0.00855	0.00430	0.00137	0.00340	0.02995	0.00284	0.00393
11	0.00630	0.00362	0.00393	0.00385	0.00477	0.00348	0.00289	0.00799	0.00867	0.01391	0.23724	0.01980	0.09385	0.00573	0.00327	0.00099	0.00177	0.00479	0.56968	0.00348
12	0.01401	0.01788	0.01063	0.00967	0.01160	0.85309	0.00725	0.01498	0.01063	0.00918	0.00580	0.00677	0.00483	0.00387	0.00338	0.00097	0.00677	0.00242	0.00193	0.00435
13	0.00536	0.00365	0.00407	0.00407	0.00418	0.00359	0.00233	0.00545	0.00574	0.00753	0.01419	0.02560	0.08872	0.79044	0.01777	0.00342	0.00348	0.00568	0.00238	0.00235
14	0.01089	0.07143	0.17843	0.00995	0.01282	0.42536	0.11230	0.01307	0.02405	0.01067	0.07218	0.00989	0.00778	0.00413	0.00361	0.00108	0.00576	0.01989	0.00207	0.00465
15	0.00674	0.00353	0.00364	0.00363	0.00441	0.00351	0.00264	0.00831	0.00777	0.01336	0.05842	0.01586	0.01147	0.09340	0.00442	0.00118	0.00194	0.00388	0.74853	0.00337
16	0.01172	0.03326	0.01080	0.01003	0.10628	0.15253	0.00719	0.27827	0.31864	0.01657	0.01046	0.01043	0.00790	0.00445	0.00367	0.00114	0.00418	0.00350	0.00320	0.00578
17	0.00764	0.03133	0.65754	0.09824	0.03202	0.00870	0.06073	0.01156	0.00793	0.01162	0.00675	0.00825	0.00488	0.00352	0.00359	0.00117	0.00540	0.00291	0.00164	0.03458

[dist]
# distance from previous block
# <min> <max>
0	1

[block]
# block no. 2 follows, 73 sequences, length 33
# corresponding to MSA columns:
# 103-135
name=unknown_C
#
# <colnr> <probs for GDERKNQSTAVLIFYWHMCP>
#	G	D	E	R	K	N	Q	S	T	A	V	L	I	F	Y	W	H	M	C	P
0	0.00978	0.16628	0.13352	0.01061	0.11206	0.06528	0.00873	0.11359	0.07312	0.01214	0.00686	0.00836	0.00568	0.00460	0.00593	0.00123	0.25202	0.00302	0.00210	0.00510
1	0.89465	0.00726	0.00551	0.00493	0.00726	0.00842	0.00406	0.01103	0.00638	0.01683	0.00522	0.00609	0.00406	0.00348	0.00232	0.00116	0.00290	0.00203	0.00232	0.00406
2	0.00450	0.00366	0.00398	0.00420	0.00518	0.00315	0.00303	0.00540	0.00826	0.01014	0.05840	0.24977	0.60724	0.01003	0.00453	0.00133	0.00197	0.00859	0.00350	0.00315
3	0.01108	0.03069	0.07423	0.00890	0.09953	0.03294	0.00681	0.10328	0.22774	0.22214	0.03242	0.01469	0.10865	0.00511	0.00381	0.00118	0.00350	0.00420	0.00349	0.00561
4	0.00944	0.00472	0.00636	0.00574	0.00725	0.00426	0.00451	0.01091	0.00991	0.31450	0.32540	0.15629	0.02281	0.00751	0.00433	0.00129	0.00253	0.09363	0.00414	0.00448
5	0.00886	0.01012	0.02214	0.01581	0.01961	0.00949	0.83112	0.01202	0.00886	0.01202	0.00759	0.01012	0.00569	0.00316	0.00443	0.00127	0.00633	0.00443	0.00190	0.00506
6	0.01670	0.00660	0.00884	0.00678	0.00968	0.00583	0.00560	0.06058	0.01110	0.80454	0.01450	0.01257	0.00914	0.00464	0.00377	0.00116	0.00324	0.00375	0.00460	0.00638
7	0.00511	0.00378	0.00480	0.00485	0.00570	0.00347	0.00365	0.00656	0.00953	0.01297	0.49632	0.16429	0.16941	0.00889	0.00456	0.00130	0.00202	0.08552	0.00385	0.00339
8	0.01003	0.87041	0.01966	0.00642	0.00963	0.01485	0.00642	0.01123	0.00762	0.00883	0.00522	0.00602	0.00481	0.00321	0.00241	0.00080	0.00401	0.00201	0.00160	0.00481
9	0.01071	0.64458	0.01754	0.00776	0.05338	0.05178	0.00680	0.12097	0.03623	0.01122	0.00617	0.00688	0.00530	0.00348	0.00274	0.00088	0.00414	0.00235	0.00199	0.00510
10	0.01426	0.01051	0.01126	0.00863	0.01163	0.01163	0.00713	0.83224	0.01764	0.02364	0.00901	0.00901	0.00638	0.00450	0.00375	0.00113	0.00413	0.00338	0.00375	0.00638
11	0.00740	0.00710	0.01132	0.62054	0.02135	0.00922	0.00980	0.00943	0.00701	0.00943	0.00618	0.00950	0.00498	0.00454	0.00616	0.00136	0.24556	0.00332	0.00166	0.00415
12	0.00509	0.00383	0.00471	0.00449	0.00547	0.00345	0.00337	0.00666	0.01011	0.01383	0.64293	0.03003	0.23599	0.00812	0.00443	0.00120	0.00180	0.00707	0.00397	0.00345
13	0.00733	0.00414	0.00547	0.00559	0.00646	0.00384	0.00400	0.03486	0.00840	0.17482	0.06186	0.62675	0.02171	0.00991	0.00454	0.00142	0.00242	0.00887	0.00375	0.00384
14	0.00467	0.00330	0.00433	0.00510	0.00530	0.00311	0.00335	0.00525	0.00700	0.00933	0.01973	0.77533	0.02361	0.10376	0.00633	0.00175	0.00233	0.01011	0.00335	0.00296
15	0.00561	0.00428	0.00521	0.00490	0.00597	0.00411	0.00369	0.00821	0.09920	0.01438	0.63388	0.02772	0.15327	0.00767	0.00436	0.00120	0.00192	0.00668	0.00400	0.00374
16	0.01309	0.00924	0.01006	0.00788	0.01047	0.01008	0.00637	0.63311	0.05336	0.07845	0.02676	0.01155	0.00818	0.09739	0.00542	0.00141	0.00391	0.00374	0.00367	0.00586
17	0.00472	0.00337	0.00445	0.00511	0.00542	0.00314	0.00345	0.00552	0.00765	0.01033	0.14641	0.70665	0.02603	0.04229	0.00525	0.00155	0.00217	0.00988	0.00354	0.00309
18	0.00785	0.00784	0.10843	0.00939	0.13540	0.00679	0.00683	0.15103	0.09871	0.01361	0.05523	0.35297	0.01548	0.00734	0.00418	0.00131	0.00332	0.00648	0.00312	0.00469
19	0.00472	0.00368	0.00429	0.00451	0.00538	0.00325	0.00329	0.00578	0.00861	0.01107	0.20444	0.26766	0.41200	0.00977	0.00456	0.00134	0.00200	0.03681	0.00362	0.00322
20	0.45485	0.06866	0.07658	0.00664	0.02106	0.03057	0.00579	0.10842	0.07665	0.02660	0.00704	0.00779	0.00545	0.00460	0.03378	0.00128	0.00372	0.00257	0.00250	0.05544
21	0.01009	0.00827	0.05033	0.00879	0.06658	0.03565	0.09048	0.11155	0.10914	0.14213	0.09804	0.03065	0.04281	0.00466	0.00374	0.00107	0.00362	0.00404	0.00314	0.17520
22	0.06453	0.24272	0.27585	0.00825	0.01190	0.01086	0.00863	0.14485	0.15665	0.02930	0.00826	0.00864	0.00626	0.00391	0.00326	0.00109	0.00424	0.00290	0.00244	0.00548
23	0.13396	0.00644	0.00749	0.00611	0.00830	0.00644	0.00491	0.14892	0.02536	0.36208	0.02190	0.01148	0.00821	0.00537	0.00459	0.09670	0.00309	0.00342	0.13015	0.00510
24	0.00557	0.00360	0.00418	0.00418	0.00418	0.00360	0.00238	0.00539	0.00539	0.00719	0.01125	0.02314	0.01287	0.77628	0.01862	0.09896	0.00360	0.00522	0.00220	0.00220
25	0.01067	0.03243	0.20433	0.01107	0.01461	0.10064	0.23354	0.22864	0.06474	0.02492	0.00803	0.00910	0.00594	0.00393	0.00408	0.00118	0.03077	0.00345	0.00246	0.00548
26	0.00863	0.14729	0.59114	0.00967	0.01439	0.02184	0.01160	0.07499	0.06378	0.01253	0.00723	0.00810	0.00533	0.00369	0.00342	0.00113	0.00505	0.00279	0.00191	0.00551
27	0.00538	0.00394	0.00562	0.00562	0.00614	0.00447	0.00417	0.00643	0.00591	0.00840	0.01043	0.01683	0.01029	0.20740	0.67526	0.00552	0.00868	0.00433	0.00207	0.00312
28	0.00709	0.00667	0.01125	0.85913	0.02584	0.00834	0.01042	0.00959	0.00750	0.00959	0.00667	0.01000	0.00500	0.00375	0.00375	0.00125	0.00500	0.00333	0.00167	0.00417
29	0.00767	0.00389	0.00401	0.00383	0.00487	0.00390	0.00292	0.04183	0.00837	0.04759	0.01221	0.01374	0.00947	0.00439	0.00271	0.00090	0.00190	0.00350	0.81857	0.00373
30	0.01003	0.87041	0.01966	0.00642	0.00963	0.01485	0.00642	0.01123	0.00762	0.00883	0.00522	0.00602	0.00481	0.00321	0.00241	0.00080	0.00401	0.00201	0.00160	0.00481
31	0.00763	0.09975	0.01235	0.62932	0.05574	0.00944	0.00976	0.00977	0.00734	0.00955	0.00631	0.00933	0.00501	0.00402	0.00465	0.00124	0.10963	0.00319	0.00167	0.00430
32	0.08702	0.15507	0.12484	0.00781	0.01090	0.24272	0.00709	0.08587	0.00947	0.05371	0.00669	0.00744	0.00526	0.00357	0.00309	0.00093	0.00461	0.00248	0.00222	0.17922

[dist]
# distance from previous block
# <min> <max>
0	1

[block]
# block no. 3 follows, 73 sequences, length 36
# corresponding to MSA columns:
# 137-172
name=unknown_D
#
# <colnr> <probs for GDERKNQSTAVLIFYWHMCP>
#	G	D	E	R	K	N	Q	S	T	A	V	L	I	F	Y	W	H	M	C	P
0	0.00534	0.00423	0.00486	0.00482	0.00589	0.00401	0.00358	0.00765	0.10654	0.01230	0.29264	0.16416	0.34166	0.00876	0.00443	0.00129	0.00205	0.01848	0.00373	0.00360
1	0.00879	0.00715	0.00781	0.00702	0.00893	0.00796	0.00543	0.04258	0.59534	0.03983	0.12649	0.07445	0.01521	0.00580	0.00393	0.00125	0.00279	0.00493	0.00381	0.03051
2	0.00459	0.00333	0.00434	0.00509	0.00542	0.00308	0.00344	0.00531	0.00743	0.00984	0.05551	0.76781	0.08814	0.01141	0.00475	0.00149	0.00214	0.01030	0.00351	0.00308
3	0.89465	0.00726	0.00551	0.00493	0.00726	0.00842	0.00406	0.01103	0.00638	0.01683	0.00522	0.00609	0.00406	0.00348	0.00232	0.00116	0.00290	0.00203	0.00232	0.00406
4	0.00510	0.00377	0.00453	0.00461	0.00553	0.00339	0.00344	0.00638	0.00909	0.02083	0.33412	0.17854	0.31098	0.00905	0.00448	0.00129	0.00201	0.05802	0.03148	0.00335
5	0.04313	0.48683	0.04672	0.00776	0.03825	0.19800	0.00677	0.01155	0.00810	0.00942	0.00603	0.00739	0.00536	0.00631	0.10277	0.00149	0.00536	0.00241	0.00176	0.00458
6	0.00467	0.00337	0.00443	0.00515	0.00550	0.00313	0.00353	0.00548	0.00761	0.01016	0.09878	0.72261	0.06714	0.01122	0.00475	0.00148	0.00216	0.03216	0.00354	0.00311
7	0.07884	0.06567	0.26829	0.00872	0.02283	0.12331	0.00857	0.13683	0.10076	0.11177	0.03325	0.00951	0.00714	0.00413	0.00348	0.00113	0.00452	0.00311	0.00270	0.00544
8	0.01405	0.01035	0.01091	0.00849	0.01139	0.03751	0.00696	0.70651	0.07381	0.06707	0.00965	0.00949	0.00684	0.00453	0.00375	0.00113	0.00408	0.00343	0.00375	0.00629
9	0.00480	0.00336	0.00429	0.00494	0.00510	0.00320	0.00317	0.00528	0.00674	0.00899	0.01842	0.65141	0.02197	0.22992	0.00843	0.00206	0.00255	0.00934	0.00317	0.00285
10	0.07871	0.00884	0.00928	0.00755	0.01004	0.05928	0.00611	0.40344	0.06396	0.18271	0.03950	0.07057	0.00969	0.00523	0.00377	0.00118	0.00371	0.02708	0.00370	0.00565
11	0.00929	0.00887	0.01489	0.02225	0.80249	0.00894	0.01123	0.01194	0.05052	0.01243	0.00747	0.00952	0.00622	0.00343	0.00372	0.00112	0.00438	0.00339	0.00196	0.00594
12	0.00462	0.00375	0.00410	0.00416	0.00524	0.00323	0.00308	0.00568	0.00873	0.01089	0.16745	0.13243	0.60304	0.00948	0.00448	0.00129	0.00193	0.01961	0.00359	0.00322
13	0.00454	0.00340	0.00422	0.00487	0.00535	0.00308	0.00332	0.00526	0.00752	0.00972	0.02500	0.65880	0.22893	0.01119	0.00470	0.00146	0.00211	0.00998	0.00348	0.00308
14	0.04133	0.00796	0.01329	0.35442	0.48838	0.00867	0.01080	0.01073	0.00805	0.01137	0.00683	0.00945	0.00550	0.00351	0.00368	0.00117	0.00462	0.00329	0.00180	0.00517
15	0.00921	0.00649	0.00705	0.00597	0.00760	0.06932	0.06685	0.15447	0.03189	0.03298	0.01097	0.01225	0.00843	0.00429	0.00307	0.00097	0.00295	0.00349	0.55742	0.00431
16	0.66799	0.00703	0.00634	0.00538	0.00786	0.00767	0.00444	0.01290	0.00751	0.23128	0.00770	0.00782	0.00541	0.00378	0.00270	0.00116	0.00298	0.00248	0.00292	0.00466
17	0.05304	0.01525	0.01042	0.00908	0.01130	0.63468	0.03032	0.04788	0.01049	0.07326	0.00669	0.00744	0.00527	0.00384	0.00337	0.00098	0.00593	0.00258	0.00225	0.06595
18	0.01347	0.10429	0.01147	0.00905	0.01125	0.61760	0.00704	0.09653	0.05216	0.03371	0.00678	0.00744	0.00544	0.00394	0.00335	0.00099	0.00593	0.00260	0.00225	0.00473
19	0.01067	0.19608	0.22081	0.03757	0.01248	0.16561	0.00858	0.17644	0.08882	0.01330	0.00788	0.03144	0.00629	0.00410	0.00339	0.00107	0.00481	0.00304	0.00235	0.00526
20	0.01093	0.70962	0.01799	0.00675	0.00992	0.01400	0.00649	0.13142	0.00921	0.04516	0.00616	0.00673	0.00523	0.00346	0.00266	0.00086	0.00400	0.00228	0.00204	0.00511
21	0.00854	0.00706	0.00737	0.01733	0.00839	0.08860	0.00523	0.13370	0.15371	0.04128	0.06394	0.07595	0.07893	0.06264	0.19447	0.00245	0.00497	0.03798	0.00308	0.00438
22	0.00457	0.00326	0.00435	0.00522	0.00544	0.00305	0.00348	0.00522	0.00718	0.00958	0.02068	0.86570	0.02481	0.01175	0.00479	0.00152	0.00218	0.01067	0.00348	0.00305
23	0.01003	0.00803	0.00860	0.00760	0.00981	0.00915	0.00595	0.04875	0.75151	0.07352	0.01501	0.01373	0.01112	0.00504	0.00381	0.00126	0.00303	0.00418	0.00387	0.00599
24	0.00456	0.00329	0.00432	0.00515	0.00542	0.00305	0.00345	0.00523	0.00725	0.00961	0.02158	0.82263	0.06730	0.01164	0.00477	0.00151	0.00216	0.01052	0.00348	0.00305
25	0.00609	0.00535	0.03143	0.10024	0.00926	0.00513	0.03575	0.06428	0.02698	0.01160	0.11027	0.15636	0.25453	0.01041	0.10419	0.00187	0.00377	0.05563	0.00309	0.00376
26	0.01431	0.00608	0.00814	0.00646	0.00893	0.00549	0.00526	0.05712	0.01075	0.63201	0.12919	0.01483	0.01277	0.00668	0.06264	0.00150	0.00352	0.00419	0.00434	0.00578
27	0.03504	0.24611	0.53714	0.00907	0.01369	0.01010	0.01094	0.01217	0.00801	0.07541	0.00690	0.00773	0.00510	0.00355	0.00323	0.00108	0.00488	0.00262	0.00185	0.00537
28	0.01033	0.77332	0.03889	0.00681	0.00997	0.08993	0.00667	0.01159	0.00790	0.00893	0.00530	0.00613	0.00481	0.00328	0.00252	0.00083	0.00430	0.00206	0.00163	0.00479
29	0.01129	0.12058	0.04064	0.05351	0.11797	0.11197	0.04135	0.26970	0.15943	0.01545	0.00886	0.00966	0.00684	0.00415	0.00358	0.00111	0.00444	0.01111	0.00277	0.00558
30	0.06443	0.06643	0.00859	0.00573	0.00894	0.00597	0.00471	0.01089	0.00809	0.12799	0.00760	0.00824	0.00593	0.00311	0.00286	0.00069	0.00293	0.00241	0.00252	0.65193
31	0.01043	0.75673	0.03716	0.00681	0.01000	0.05694	0.00667	0.06069	0.00838	0.00980	0.00551	0.00628	0.00491	0.00333	0.00256	0.00084	0.00419	0.00213	0.00175	0.00490
32	0.01153	0.01299	0.21029	0.00980	0.03059	0.12794	0.06529	0.31635	0.07619	0.05216	0.03498	0.00966	0.00714	0.00425	0.00382	0.00115	0.01402	0.00336	0.00285	0.00565
33	0.00487	0.00358	0.00458	0.00491	0.00554	0.00329	0.00351	0.00601	0.00867	0.01168	0.31859	0.41728	0.14309	0.00992	0.00462	0.00137	0.00204	0.03947	0.00371	0.00326
34	0.04926	0.00554	0.00613	0.03502	0.00767	0.05204	0.00477	0.09054	0.03008	0.01202	0.06002	0.37969	0.09030	0.01889	0.00470	0.00144	0.01410	0.13076	0.00331	0.00372
35	0.00587	0.00527	0.06346	0.00564	0.00683	0.00441	0.00448	0.00829	0.11259	0.03832	0.16008	0.39652	0.15564	0.00907	0.00443	0.00136	0.00243	0.00799	0.00354	0.00379

[dist]
# distance from previous block
# <min> <max>
1	6

[block]
# block no. 4 follows, 73 sequences, length 27
# corresponding to MSA columns:
# 179-205
name=unknown_E
#
# <colnr> <probs for GDERKNQSTAVLIFYWHMCP>
#	G	D	E	R	K	N	Q	S	T	A	V	L	I	F	Y	W	H	M	C	P
0	0.00539	0.00364	0.00422	0.00423	0.00436	0.00359	0.00250	0.00565	0.00620	0.00837	0.11578	0.07252	0.01698	0.71261	0.01646	0.00321	0.00332	0.00592	0.00257	0.00247
1	0.00784	0.12536	0.74549	0.01016	0.01542	0.00948	0.01294	0.01180	0.00788	0.01150	0.00654	0.00768	0.00476	0.00352	0.00342	0.00114	0.00535	0.00268	0.00159	0.00545
2	0.00938	0.60162	0.15136	0.11337	0.01276	0.03735	0.00814	0.01124	0.00774	0.00942	0.00566	0.00684	0.00483	0.00335	0.00279	0.00092	0.00446	0.00231	0.00162	0.00484
3	0.12051	0.00861	0.01046	0.01162	0.24687	0.02746	0.00733	0.14761	0.22929	0.04116	0.00949	0.00997	0.00727	0.00400	0.00347	0.00110	0.00364	0.00329	0.00287	0.10398
4	0.00906	0.01053	0.13416	0.02754	0.50877	0.04099	0.07306	0.04443	0.03265	0.01261	0.03646	0.01070	0.03438	0.00383	0.00379	0.00114	0.00462	0.00360	0.00208	0.00558
5	0.01019	0.00929	0.01419	0.13755	0.47619	0.07829	0.08615	0.04634	0.00917	0.08500	0.00771	0.00955	0.00601	0.00359	0.00376	0.00114	0.00477	0.00340	0.00216	0.00554
6	0.02902	0.42176	0.20939	0.01037	0.11603	0.02418	0.07674	0.05261	0.00843	0.01114	0.00619	0.00736	0.00508	0.00338	0.00308	0.00099	0.00463	0.00262	0.00178	0.00520
7	0.00789	0.11466	0.01309	0.58672	0.18664	0.00926	0.01014	0.01017	0.00772	0.01002	0.00656	0.00936	0.00517	0.00360	0.00358	0.00117	0.00477	0.00317	0.00170	0.00460
8	0.00612	0.00473	0.00532	0.00491	0.00625	0.00447	0.00381	0.11561	0.01047	0.01367	0.31083	0.03003	0.41426	0.00825	0.00438	0.00124	0.00223	0.04596	0.00374	0.00374
9	0.01380	0.00868	0.00994	0.00793	0.01062	0.00917	0.00659	0.52409	0.01476	0.22332	0.01186	0.01434	0.00911	0.00531	0.00395	0.00121	0.00381	0.11158	0.00393	0.00599
10	0.00752	0.01941	0.84871	0.01069	0.01624	0.00871	0.01386	0.01188	0.00792	0.01188	0.00673	0.00792	0.00475	0.00356	0.00356	0.00119	0.00554	0.00277	0.00158	0.00554
11	0.00538	0.00392	0.00552	0.00552	0.00602	0.00441	0.00406	0.00637	0.00588	0.00833	0.01051	0.01730	0.01049	0.24741	0.63553	0.00541	0.00838	0.00439	0.00208	0.00307
12	0.01332	0.01035	0.01082	0.01010	0.12121	0.14103	0.00719	0.41371	0.01365	0.14546	0.03345	0.01070	0.02592	0.02098	0.00402	0.00116	0.00431	0.00352	0.00333	0.00578
13	0.00464	0.00332	0.00444	0.00531	0.00556	0.00311	0.00361	0.00535	0.00726	0.00966	0.02064	0.82451	0.02465	0.01168	0.00481	0.00153	0.00224	0.05113	0.00348	0.00307
14	0.00920	0.00883	0.01508	0.05421	0.81421	0.00889	0.01147	0.01144	0.00850	0.01216	0.00704	0.00931	0.00591	0.00336	0.00372	0.00112	0.00448	0.00334	0.00185	0.00588
15	0.00457	0.00326	0.00435	0.00522	0.00544	0.00305	0.00348	0.00522	0.00718	0.00958	0.02068	0.86570	0.02481	0.01175	0.00479	0.00152	0.00218	0.01067	0.00348	0.00305
16	0.00626	0.00467	0.00608	0.00654	0.00757	0.00476	0.00551	0.00904	0.11212	0.01221	0.12904	0.05625	0.05524	0.00935	0.00487	0.00157	0.00308	0.55849	0.00359	0.00375
17	0.00961	0.58327	0.13300	0.00762	0.01066	0.05003	0.00770	0.01146	0.03109	0.00949	0.00570	0.00681	0.00501	0.00376	0.00388	0.00098	0.11105	0.00235	0.00168	0.00484
18	0.00449	0.00379	0.00386	0.00386	0.00506	0.00319	0.00287	0.00544	0.00851	0.01021	0.06344	0.04850	0.78019	0.03398	0.00486	0.00134	0.00195	0.00785	0.00347	0.00315
19	0.00966	0.66272	0.10923	0.00705	0.01037	0.01344	0.00717	0.01246	0.11764	0.01007	0.00671	0.00728	0.00569	0.00350	0.00272	0.00091	0.00404	0.00239	0.00190	0.00504
20	0.01329	0.00852	0.01161	0.00873	0.01181	0.02785	0.14595	0.24020	0.04381	0.32315	0.01078	0.01057	0.00739	0.00412	0.00375	0.00109	0.00401	0.00357	0.00354	0.11625
21	0.00879	0.46112	0.29833	0.00793	0.01163	0.01131	0.00888	0.01113	0.00790	0.02325	0.00770	0.01129	0.00695	0.00424	0.00317	0.00105	0.00445	0.10408	0.00188	0.00492
22	0.00650	0.00673	0.11070	0.00625	0.00727	0.03138	0.00525	0.02798	0.00698	0.00945	0.04266	0.04247	0.01338	0.42472	0.04386	0.00267	0.08143	0.12461	0.00242	0.00329
23	0.00503	0.00534	0.10959	0.00601	0.00693	0.00383	0.00494	0.00621	0.00737	0.00997	0.01889	0.70656	0.02211	0.01065	0.00466	0.00149	0.00268	0.06110	0.00324	0.00338
24	0.08927	0.08379	0.30157	0.05468	0.19143	0.03812	0.06953	0.02448	0.02461	0.07752	0.00740	0.00863	0.00554	0.00360	0.00348	0.00114	0.00476	0.00301	0.00206	0.00538
25	0.00468	0.00381	0.00414	0.00406	0.00522	0.00327	0.00304	0.00586	0.00913	0.01151	0.26396	0.03384	0.61641	0.00899	0.00443	0.00124	0.00186	0.00760	0.00367	0.00327
26	0.00901	0.40794	0.19639	0.00719	0.01094	0.01060	0.00751	0.04250	0.00812	0.01102	0.00610	0.00705	0.00507	0.00321	0.00282	0.00083	0.00400	0.00229	0.00186	0.25556

[dist]
# distance from previous block
# <min> <max>
0	1

[block]
# block no. 5 follows, 73 sequences, length 58
# corresponding to MSA columns:
# 207-264
name=unknown_F
#
# <colnr> <probs for GDERKNQSTAVLIFYWHMCP>
#	G	D	E	R	K	N	Q	S	T	A	V	L	I	F	Y	W	H	M	C	P
0	0.05360	0.44786	0.33676	0.00834	0.01241	0.01175	0.03970	0.01167	0.00780	0.03082	0.00612	0.00707	0.00489	0.00339	0.00295	0.00099	0.00461	0.00243	0.00172	0.00510
1	0.00611	0.00464	0.00587	0.00640	0.00732	0.00476	0.00514	0.00902	0.15070	0.01147	0.02020	0.27158	0.06115	0.00981	0.00480	0.00157	0.00293	0.40926	0.00353	0.00375
2	0.00891	0.15519	0.30885	0.01204	0.15828	0.00962	0.11019	0.01272	0.10134	0.04537	0.03671	0.00968	0.00707	0.00377	0.00357	0.00113	0.00468	0.00329	0.00213	0.00544
3	0.00678	0.00533	0.00677	0.00643	0.00724	0.04316	0.00496	0.06890	0.02708	0.00974	0.00931	0.01353	0.00859	0.04609	0.57262	0.10422	0.04980	0.00383	0.00213	0.00350
4	0.01028	0.54644	0.12857	0.00755	0.02737	0.01243	0.00741	0.03684	0.10131	0.07897	0.00748	0.00787	0.00598	0.00363	0.00290	0.00095	0.00405	0.00257	0.00217	0.00524
5	0.01940	0.00857	0.00865	0.00720	0.00946	0.10254	0.00573	0.23221	0.17819	0.19701	0.09047	0.01286	0.01092	0.00486	0.00367	0.00112	0.00351	0.00385	0.09431	0.00548
6	0.00876	0.04382	0.10259	0.00730	0.00962	0.01620	0.00638	0.12850	0.35621	0.01569	0.22403	0.01582	0.01572	0.00599	0.02547	0.00132	0.00337	0.00449	0.00348	0.00522
7	0.00469	0.00367	0.00425	0.00439	0.00530	0.00323	0.00318	0.00577	0.00873	0.01124	0.23708	0.24374	0.43215	0.00961	0.00452	0.00131	0.00194	0.00833	0.00365	0.00323
8	0.00964	0.01193	0.16574	0.00873	0.02179	0.20206	0.00774	0.04514	0.29731	0.01297	0.05130	0.03699	0.01045	0.00523	0.00414	0.00123	0.03615	0.06355	0.00284	0.00507
9	0.00585	0.00418	0.00583	0.00669	0.00747	0.00415	0.00571	0.00744	0.00845	0.01101	0.01997	0.14937	0.02201	0.01054	0.00513	0.00170	0.00329	0.71433	0.00346	0.00340
10	0.00888	0.00725	0.00832	0.00604	0.00932	0.00601	0.00487	0.13432	0.00931	0.02485	0.00713	0.00803	0.00573	0.00306	0.00294	0.00065	0.00299	0.00242	0.00249	0.74540
11	0.03383	0.00929	0.01015	0.00800	0.01076	0.01012	0.00654	0.56048	0.13210	0.12760	0.04462	0.01090	0.00860	0.00471	0.00376	0.00115	0.00372	0.00366	0.00386	0.00615
12	0.03198	0.04279	0.01034	0.00782	0.01034	0.02326	0.09808	0.15026	0.12329	0.28139	0.13283	0.01405	0.02289	0.00555	0.02673	0.00130	0.00372	0.00421	0.00369	0.00548
13	0.00824	0.16714	0.62839	0.00949	0.01429	0.00941	0.01172	0.01180	0.00811	0.04564	0.04724	0.00876	0.00643	0.00375	0.00341	0.00112	0.00500	0.00287	0.00184	0.00535
14	0.00531	0.00358	0.00413	0.00427	0.00431	0.00354	0.00247	0.00542	0.00573	0.00764	0.01324	0.15954	0.01543	0.73072	0.01680	0.00330	0.00340	0.00629	0.00247	0.00240
15	0.02619	0.00767	0.01136	0.00871	0.01135	0.00753	0.18604	0.15203	0.08757	0.31286	0.04032	0.01341	0.00952	0.10122	0.00563	0.00147	0.00401	0.00416	0.00350	0.00546
16	0.00868	0.00829	0.01413	0.25502	0.61753	0.00875	0.01121	0.01098	0.00825	0.01152	0.00695	0.00948	0.00568	0.00346	0.00372	0.00115	0.00461	0.00334	0.00180	0.00545
17	0.00579	0.00504	0.00509	0.00489	0.00624	0.03293	0.00369	0.00862	0.16050	0.01186	0.15637	0.06057	0.50795	0.00831	0.00430	0.00125	0.00225	0.00699	0.00359	0.00377
18	0.00782	0.00437	0.00560	0.00510	0.00638	0.00402	0.00394	0.00959	0.02447	0.17907	0.46577	0.06456	0.05572	0.00702	0.00413	0.00118	0.00216	0.03921	0.10580	0.00410
19	0.00721	0.00680	0.01148	0.81087	0.07311	0.00837	0.01048	0.00970	0.00756	0.00974	0.00669	0.00996	0.00506	0.00373	0.00375	0.00124	0.00497	0.00333	0.00168	0.00427
20	0.00994	0.84110	0.04821	0.00657	0.00986	0.01463	0.00668	0.01126	0.00763	0.00893	0.00527	0.00608	0.00481	0.00322	0.00245	0.00082	0.00406	0.00203	0.00160	0.00484
21	0.00484	0.00352	0.00458	0.00533	0.00578	0.00330	0.00383	0.00570	0.00755	0.00987	0.02225	0.60535	0.11569	0.03349	0.00519	0.00159	0.00241	0.15317	0.00345	0.00311
22	0.04204	0.01004	0.01202	0.01275	0.25063	0.08360	0.03545	0.35105	0.07414	0.01680	0.00845	0.00981	0.00665	0.03943	0.00456	0.00124	0.02939	0.00342	0.00282	0.00569
23	0.00948	0.00945	0.01385	0.01088	0.01343	0.12694	0.34891	0.04022	0.15043	0.05276	0.02836	0.10846	0.02561	0.00517	0.00419	0.00126	0.00484	0.03816	0.00274	0.00486
24	0.00473	0.00338	0.00436	0.00508	0.00536	0.00318	0.00341	0.00537	0.00711	0.00940	0.02050	0.68318	0.06741	0.11622	0.00653	0.00178	0.00239	0.04430	0.00333	0.00298
25	0.04062	0.01092	0.01141	0.00891	0.01189	0.03009	0.00726	0.76898	0.03195	0.02344	0.00951	0.00977	0.00692	0.00485	0.00396	0.00123	0.00433	0.00353	0.00386	0.00655
26	0.00864	0.39812	0.47977	0.00879	0.01330	0.01144	0.01055	0.01159	0.00779	0.01052	0.00606	0.00707	0.00478	0.00341	0.00305	0.00102	0.00486	0.00243	0.00159	0.00522
27	0.01328	0.00956	0.01030	0.00800	0.01080	0.01039	0.00657	0.70017	0.01629	0.06198	0.01254	0.01223	0.10033	0.00507	0.00383	0.00114	0.00383	0.00391	0.00377	0.00602
28	0.00491	0.00355	0.00456	0.00510	0.00556	0.00333	0.00360	0.00580	0.00778	0.01035	0.13525	0.49796	0.10209	0.09339	0.00613	0.00168	0.00238	0.10003	0.00345	0.00310
29	0.01905	0.01221	0.03535	0.04125	0.04599	0.36218	0.09504	0.03002	0.17900	0.02222	0.11053	0.01156	0.01014	0.00449	0.00375	0.00112	0.00501	0.00365	0.00263	0.00480
30	0.00461	0.00373	0.00408	0.00414	0.00519	0.00322	0.00304	0.00564	0.00866	0.01082	0.16663	0.14472	0.59090	0.02184	0.00469	0.00132	0.00194	0.00806	0.00357	0.00320
31	0.00757	0.06202	0.15930	0.00687	0.00909	0.00677	0.00641	0.10478	0.10467	0.02930	0.12707	0.14488	0.11430	0.02569	0.00442	0.00132	0.00329	0.07458	0.00317	0.00449
32	0.00531	0.00378	0.00461	0.00441	0.00526	0.00349	0.00322	0.00676	0.00951	0.01333	0.56193	0.02786	0.15765	0.10417	0.00594	0.00145	0.00200	0.00657	0.06942	0.00334
33	0.03003	0.18197	0.01087	0.00772	0.02788	0.03503	0.00615	0.01765	0.60943	0.01407	0.01256	0.01190	0.00963	0.00460	0.00348	0.00116	0.00332	0.00367	0.00324	0.00562
34	0.00929	0.00891	0.01523	0.02303	0.84475	0.00891	0.01151	0.01151	0.00854	0.01226	0.00706	0.00929	0.00594	0.00334	0.00371	0.00111	0.00446	0.00334	0.00186	0.00594
35	0.03856	0.53493	0.31803	0.00791	0.01193	0.01242	0.00902	0.01146	0.00769	0.01019	0.00576	0.00671	0.00477	0.00335	0.00282	0.00095	0.00453	0.00228	0.00162	0.00505
36	0.22925	0.00890	0.00932	0.00900	0.10329	0.04053	0.00645	0.22809	0.26723	0.04635	0.00988	0.00991	0.00737	0.00428	0.00340	0.00117	0.00357	0.00329	0.00317	0.00555
37	0.00509	0.00382	0.00446	0.00439	0.00543	0.00336	0.00326	0.00634	0.00926	0.03226	0.34977	0.12538	0.41583	0.00892	0.00445	0.00126	0.00191	0.00768	0.00376	0.00338
38	0.00859	0.00810	0.01355	0.17219	0.60985	0.00842	0.01056	0.01108	0.03271	0.01208	0.06963	0.01095	0.00813	0.00379	0.00378	0.00115	0.00431	0.00362	0.00205	0.00544
39	0.00533	0.00365	0.00409	0.00410	0.00426	0.00359	0.00239	0.00546	0.00584	0.00765	0.01487	0.03904	0.10675	0.74727	0.02821	0.00337	0.00350	0.00580	0.00242	0.00240
40	0.02746	0.00869	0.01972	0.00809	0.03172	0.04970	0.03795	0.37256	0.10259	0.06796	0.16914	0.02268	0.04382	0.00536	0.00392	0.00117	0.00361	0.01489	0.00361	0.00539
41	0.01273	0.00643	0.00768	0.00619	0.00844	0.00632	0.00501	0.19401	0.03579	0.37155	0.07472	0.01342	0.01074	0.00478	0.00353	0.00109	0.00292	0.00386	0.22533	0.00544
42	0.00941	0.21628	0.43436	0.01008	0.04786	0.03177	0.05300	0.10399	0.01722	0.03270	0.00694	0.00791	0.00522	0.00361	0.00337	0.00109	0.00497	0.00280	0.00196	0.00545
43	0.79596	0.00762	0.00616	0.00535	0.00775	0.00878	0.00441	0.10308	0.00765	0.01760	0.00565	0.00642	0.00432	0.00360	0.00248	0.00116	0.00304	0.00218	0.00248	0.00432
44	0.00943	0.52931	0.19615	0.00975	0.10523	0.01252	0.05359	0.02662	0.00804	0.01031	0.00595	0.00707	0.00500	0.00332	0.00294	0.00095	0.00452	0.00248	0.00168	0.00514
45	0.00662	0.00705	0.10003	0.00576	0.00762	0.03418	0.00498	0.07795	0.10440	0.01214	0.07170	0.06604	0.41437	0.06418	0.00515	0.00140	0.00291	0.00626	0.00324	0.00402
46	0.73042	0.00756	0.00640	0.00548	0.00792	0.00856	0.00452	0.10362	0.00797	0.07961	0.00636	0.00692	0.00471	0.00368	0.00259	0.00116	0.00306	0.00231	0.00266	0.00450
47	0.01251	0.04483	0.01148	0.00925	0.05166	0.02997	0.04943	0.44086	0.21946	0.07539	0.01056	0.01040	0.00768	0.00447	0.00374	0.00115	0.00396	0.00359	0.00351	0.00607
48	0.79625	0.00716	0.00587	0.00513	0.00752	0.00809	0.00423	0.01184	0.00687	0.10993	0.00630	0.00684	0.00465	0.00361	0.00248	0.00116	0.00293	0.00223	0.00258	0.00432
49	0.01315	0.10680	0.01246	0.00971	0.08895	0.02638	0.00742	0.62150	0.04380	0.02040	0.00856	0.00883	0.00631	0.00426	0.00359	0.00109	0.00415	0.00323	0.00331	0.00611
50	0.00540	0.00406	0.00514	0.00489	0.00586	0.00390	0.00370	0.00745	0.04987	0.01375	0.60849	0.02687	0.13261	0.01007	0.09955	0.00174	0.00277	0.00649	0.00380	0.00359
51	0.00514	0.00412	0.00497	0.00496	0.00580	0.00402	0.00368	0.00657	0.03622	0.01154	0.26559	0.23592	0.32031	0.00918	0.00504	0.00133	0.06082	0.00783	0.00356	0.00340
52	0.00485	0.00352	0.00449	0.00490	0.00540	0.00326	0.00340	0.00580	0.00813	0.01095	0.24134	0.48496	0.10391	0.07409	0.00573	0.00157	0.00218	0.02482	0.00357	0.00314
53	0.00905	0.00887	0.01532	0.04967	0.64545	0.00924	0.08809	0.01122	0.00822	0.01178	0.00685	0.00927	0.00577	0.00370	0.00475	0.00119	0.10070	0.00344	0.00183	0.00559
54	0.04176	0.00681	0.00780	0.00563	0.00891	0.00533	0.00451	0.03424	0.00802	0.01274	0.00668	0.00775	0.00552	0.00286	0.00279	0.00060	0.00282	0.00225	0.00227	0.83070
55	0.00736	0.00630	0.02602	0.09393	0.06531	0.03448	0.02077	0.08248	0.00760	0.01041	0.02445	0.01636	0.01717	0.33005	0.12298	0.00276	0.07848	0.00430	0.04514	0.00367
56	0.00877	0.00973	0.16494	0.00767	0.01028	0.02649	0.00703	0.12868	0.35280	0.01537	0.13625	0.01620	0.07418	0.00549	0.00391	0.00122	0.00345	0.01886	0.00337	0.00529
57	0.01103	0.63228	0.03447	0.00727	0.01028	0.16869	0.00678	0.07280	0.00893	0.01005	0.00564	0.00642	0.00493	0.00343	0.00271	0.00086	0.00456	0.00220	0.00182	0.00486

[dist]
# distance from previous block
# <min> <max>
2	4

[block]
# block no. 6 follows, 73 sequences, length 40
# corresponding to MSA columns:
# 269-308
name=unknown_G
#
# <colnr> <probs for GDERKNQSTAVLIFYWHMCP>
#	G	D	E	R	K	N	Q	S	T	A	V	L	I	F	Y	W	H	M	C	P
0	0.00948	0.12713	0.42712	0.02567	0.01442	0.04065	0.07989	0.15018	0.05057	0.02157	0.00757	0.01587	0.00567	0.00381	0.00354	0.00113	0.00503	0.00306	0.00215	0.00549
1	0.05469	0.06597	0.32730	0.02854	0.05478	0.25234	0.08032	0.03063	0.02228	0.01140	0.00702	0.03509	0.00567	0.00389	0.00351	0.00112	0.00549	0.00306	0.00191	0.00498
2	0.01359	0.01065	0.01085	0.03401	0.01175	0.07782	0.00705	0.68316	0.05029	0.02144	0.00904	0.00922	0.00653	0.00445	0.00369	0.00112	0.00424	0.00334	0.03170	0.00604
3	0.00523	0.00412	0.00475	0.00463	0.00572	0.00383	0.00345	0.00730	0.07767	0.01267	0.38229	0.09650	0.36103	0.00853	0.00441	0.00125	0.00195	0.00734	0.00379	0.00355
4	0.01018	0.01000	0.03780	0.13546	0.39405	0.09809	0.00968	0.13765	0.10486	0.01367	0.00810	0.00958	0.00635	0.00384	0.00370	0.00114	0.00459	0.00334	0.00234	0.00558
5	0.00499	0.00380	0.00462	0.00468	0.00561	0.00343	0.00354	0.00634	0.00930	0.01233	0.38837	0.13555	0.30651	0.00906	0.00455	0.00131	0.00203	0.08686	0.00377	0.00334
6	0.01080	0.07895	0.24066	0.00987	0.03693	0.16804	0.04950	0.11356	0.08751	0.07487	0.00800	0.00880	0.00603	0.00419	0.00438	0.00116	0.08599	0.00308	0.00238	0.00532
7	0.00497	0.00365	0.00473	0.00534	0.00593	0.00341	0.00398	0.00603	0.00810	0.01064	0.11399	0.46001	0.14955	0.01064	0.00478	0.00149	0.00238	0.19363	0.00355	0.00321
8	0.00995	0.20522	0.36029	0.00908	0.02492	0.09886	0.00962	0.14195	0.02756	0.02715	0.04638	0.00873	0.00671	0.00391	0.00337	0.00107	0.00482	0.00291	0.00219	0.00532
9	0.01054	0.03791	0.13603	0.02890	0.27976	0.11946	0.14146	0.05248	0.05134	0.09372	0.00813	0.00937	0.00616	0.00369	0.00374	0.00114	0.00500	0.00336	0.00228	0.00553
10	0.00854	0.00681	0.00794	0.00583	0.00904	0.00546	0.00466	0.02131	0.07384	0.06384	0.00788	0.00859	0.00626	0.00310	0.00293	0.00066	0.00284	0.00249	0.00252	0.75547
11	0.00521	0.00381	0.00477	0.00454	0.00539	0.00350	0.00333	0.00671	0.00986	0.01367	0.66046	0.02870	0.13498	0.09177	0.00586	0.00143	0.00197	0.00680	0.00387	0.00337
12	0.01061	0.43835	0.05139	0.00970	0.13275	0.12019	0.00755	0.11113	0.03099	0.01156	0.01504	0.03226	0.00622	0.00382	0.00306	0.00096	0.00441	0.00281	0.00208	0.00511
13	0.00500	0.00359	0.00470	0.00536	0.00576	0.00341	0.00372	0.02966	0.00790	0.01060	0.10042	0.71741	0.02514	0.01107	0.00474	0.00149	0.00226	0.05099	0.00355	0.00321
14	0.01114	0.00941	0.05205	0.03228	0.01120	0.00997	0.00687	0.30590	0.45806	0.04307	0.01237	0.01178	0.00908	0.00475	0.00378	0.00121	0.00357	0.00382	0.00365	0.00604
15	0.00530	0.00357	0.00414	0.00430	0.00433	0.00353	0.00249	0.00541	0.00577	0.00769	0.01341	0.17584	0.01565	0.71412	0.01652	0.00326	0.00337	0.00639	0.00249	0.00241
16	0.53963	0.00921	0.00725	0.00634	0.00867	0.14737	0.00507	0.06386	0.08917	0.08166	0.00729	0.00768	0.00547	0.00386	0.00285	0.00114	0.00364	0.00253	0.00268	0.00462
17	0.00984	0.00627	0.00740	0.00665	0.00831	0.00647	0.00508	0.19817	0.14258	0.17060	0.02629	0.36514	0.01572	0.00766	0.00420	0.00132	0.00293	0.00665	0.00382	0.00490
18	0.00916	0.00889	0.01513	0.02147	0.73152	0.00919	0.04283	0.01129	0.00828	0.01193	0.00687	0.00921	0.00583	0.00365	0.00458	0.00117	0.08804	0.00338	0.00184	0.00573
19	0.00536	0.00402	0.00603	0.00603	0.00670	0.00469	0.00469	0.00670	0.00603	0.00871	0.01005	0.01474	0.00938	0.02814	0.85328	0.00603	0.01005	0.00402	0.00201	0.00335
20	0.00467	0.00337	0.00437	0.00504	0.00538	0.00313	0.00340	0.00542	0.00754	0.01006	0.10163	0.69584	0.08040	0.04426	0.00528	0.00155	0.00217	0.00990	0.00350	0.00307
21	0.02009	0.00840	0.00751	0.00712	0.00840	0.22979	0.02282	0.10929	0.00960	0.06061	0.01450	0.45470	0.01570	0.00808	0.00419	0.00130	0.00379	0.00695	0.00312	0.00405
22	0.01065	0.61834	0.01677	0.00700	0.00980	0.11531	0.00643	0.09137	0.00881	0.01024	0.00597	0.00737	0.00541	0.04608	0.00374	0.00102	0.02665	0.00239	0.00189	0.00477
23	0.00492	0.00398	0.00414	0.00409	0.00512	0.00358	0.00291	0.00618	0.04882	0.01002	0.06358	0.03232	0.59928	0.18599	0.00742	0.00175	0.00231	0.00718	0.00328	0.00313
24	0.00677	0.00424	0.00487	0.00451	0.00584	0.00385	0.00345	0.00851	0.04130	0.11388	0.25437	0.02668	0.35358	0.00742	0.00404	0.00117	0.00204	0.00626	0.14341	0.00382
25	0.00924	0.00887	0.01515	0.03921	0.82890	0.00890	0.01149	0.01148	0.00852	0.01221	0.00705	0.00930	0.00592	0.00335	0.00371	0.00112	0.00447	0.00334	0.00185	0.00591
26	0.29864	0.00807	0.00804	0.00654	0.00917	0.08948	0.00533	0.07199	0.00981	0.44157	0.01044	0.00978	0.00697	0.00418	0.00327	0.00114	0.00351	0.00305	0.00357	0.00544
27	0.05638	0.00867	0.01009	0.00917	0.09169	0.00930	0.00675	0.32531	0.22841	0.19713	0.01151	0.01100	0.00817	0.00452	0.00370	0.00117	0.00360	0.00362	0.00371	0.00611
28	0.18936	0.00973	0.00924	0.00755	0.01015	0.10407	0.00609	0.34912	0.12057	0.11708	0.01798	0.00944	0.00704	0.00432	0.00342	0.00113	0.00387	0.00317	0.00335	0.02331
29	0.00455	0.00335	0.00427	0.00500	0.00538	0.00307	0.00338	0.00525	0.00740	0.00966	0.02337	0.73683	0.15195	0.01140	0.00473	0.00148	0.00213	0.01024	0.00348	0.00307
30	0.01474	0.01043	0.01070	0.00835	0.01123	0.09246	0.00683	0.59468	0.01562	0.18202	0.00982	0.00952	0.00679	0.00447	0.00372	0.00112	0.00420	0.00336	0.00375	0.00618
31	0.06340	0.10867	0.19474	0.00933	0.01262	0.23125	0.08410	0.16041	0.02611	0.01341	0.02315	0.00820	0.00587	0.00381	0.00342	0.00106	0.00512	0.00290	0.00226	0.04017
32	0.00978	0.00881	0.01260	0.11640	0.13763	0.06155	0.16700	0.10069	0.19220	0.05556	0.07201	0.01266	0.00966	0.00444	0.00395	0.00121	0.00438	0.02137	0.00282	0.00529
33	0.00501	0.00392	0.00456	0.00442	0.00551	0.00351	0.00335	0.00659	0.02707	0.01269	0.43111	0.03186	0.40637	0.00854	0.00444	0.00124	0.00190	0.03070	0.00381	0.00342
34	0.10688	0.00724	0.00770	0.00683	0.00864	0.00823	0.00533	0.08123	0.44904	0.02599	0.11840	0.01546	0.03797	0.05535	0.00506	0.00139	0.04633	0.00438	0.00349	0.00508
35	0.00451	0.00364	0.00402	0.00426	0.00520	0.00315	0.00307	0.00541	0.00823	0.01017	0.06610	0.28405	0.56489	0.01010	0.00454	0.00134	0.00198	0.00869	0.00351	0.00315
36	0.05368	0.00851	0.01423	0.14615	0.60704	0.00895	0.04245	0.01110	0.00815	0.01192	0.00682	0.00921	0.00565	0.00356	0.00410	0.00117	0.04671	0.00331	0.00184	0.00546
37	0.00503	0.00359	0.00472	0.00546	0.00586	0.00343	0.00396	0.00589	0.00741	0.00976	0.02027	0.53338	0.05864	0.10481	0.00643	0.00179	0.00264	0.21051	0.00334	0.00307
38	0.01334	0.00831	0.00937	0.00741	0.01008	0.00870	0.00605	0.42212	0.10333	0.24921	0.01418	0.01333	0.08936	0.00509	0.00381	0.00116	0.00348	0.00403	0.02170	0.00596
39	0.03445	0.42518	0.08869	0.00735	0.01064	0.03650	0.00703	0.20397	0.01034	0.08972	0.00720	0.00761	0.00560	0.00368	0.00299	0.00095	0.00409	0.00258	0.00244	0.04898

[dist]
# distance from previous block
# <min> <max>
0	1

[block]
# block no. 7 follows, 73 sequences, length 11
# corresponding to MSA columns:
# 310-320
name=unknown_H
#
# <colnr> <probs for GDERKNQSTAVLIFYWHMCP>
#	G	D	E	R	K	N	Q	S	T	A	V	L	I	F	Y	W	H	M	C	P
0	0.07430	0.17351	0.40058	0.03355	0.22426	0.00987	0.01107	0.01155	0.00790	0.01172	0.00642	0.00783	0.00502	0.00344	0.00330	0.00110	0.00478	0.00273	0.00171	0.00537
1	0.01090	0.00749	0.00852	0.00732	0.00946	0.04683	0.02575	0.07879	0.34195	0.21376	0.12982	0.01695	0.01419	0.00559	0.00398	0.00124	0.00324	0.06487	0.00389	0.00546
2	0.00778	0.00667	0.00778	0.00556	0.00889	0.00500	0.00445	0.00945	0.00778	0.01223	0.00667	0.00778	0.00556	0.00278	0.00278	0.00056	0.00278	0.00222	0.00222	0.89108
3	0.05431	0.00571	0.00734	0.00597	0.00834	0.00503	0.00481	0.01460	0.00986	0.59253	0.01891	0.08740	0.15651	0.00603	0.00391	0.00121	0.00287	0.00499	0.00424	0.00544
4	0.00514	0.00396	0.00593	0.00612	0.00676	0.00372	0.06521	0.00623	0.00789	0.01062	0.12347	0.61080	0.02440	0.01046	0.00476	0.00148	0.00257	0.09375	0.00344	0.00330
5	0.00528	0.00369	0.00416	0.00412	0.00443	0.00355	0.00252	0.00564	0.00657	0.00867	0.11808	0.02676	0.14428	0.62985	0.01503	0.00297	0.00314	0.00600	0.00269	0.00257
6	0.00831	0.01617	0.56644	0.01261	0.08295	0.00905	0.18066	0.05727	0.00870	0.01259	0.00706	0.00854	0.00513	0.00352	0.00376	0.00119	0.00554	0.00319	0.00179	0.00552
