[name]
unknown

[dist]
# distance from previous block
# <min> <max>
0	63

[block]
# block no. 0 follows, 67 sequences, length 31
# corresponding to MSA columns:
# 63-93
name=unknown_A
#
# <colnr> <probs for GDERKNQSTAVLIFYWHMCP>
#	G	D	E	R	K	N	Q	S	T	A	V	L	I	F	Y	W	H	M	C	P
0	0.03040	0.17884	0.24929	0.01399	0.25500	0.05389	0.03630	0.04427	0.02882	0.03015	0.00794	0.01013	0.00649	0.00404	0.00369	0.00118	0.00503	0.03268	0.00212	0.00576
1	0.02960	0.00867	0.01005	0.00795	0.01077	0.00897	0.00647	0.39241	0.05964	0.31156	0.04325	0.07017	0.01068	0.00554	0.00410	0.00126	0.00373	0.00446	0.00432	0.00640
2	0.01088	0.83047	0.02066	0.00699	0.01037	0.04630	0.00689	0.01216	0.00827	0.00945	0.00560	0.00646	0.00515	0.00346	0.00261	0.00086	0.00440	0.00216	0.00173	0.00513
3	0.00490	0.00407	0.00429	0.00424	0.00552	0.00346	0.00318	0.00607	0.00953	0.01175	0.17943	0.03708	0.69303	0.00981	0.00474	0.00134	0.00201	0.00825	0.00385	0.00346
4	0.00598	0.00429	0.00551	0.00566	0.00613	0.00452	0.00392	0.04019	0.02318	0.00990	0.01487	0.27380	0.01642	0.29242	0.27076	0.00384	0.00556	0.00693	0.00283	0.00330
5	0.36443	0.20756	0.01146	0.00720	0.02145	0.05897	0.02153	0.13929	0.00984	0.09505	0.00747	0.00803	0.00569	0.00398	0.00303	0.00113	0.00392	0.00270	0.02207	0.00521
6	0.00552	0.00404	0.00519	0.00522	0.00605	0.00376	0.00383	0.00723	0.02495	0.01422	0.54669	0.23128	0.08876	0.00941	0.00483	0.00137	0.00207	0.02772	0.00418	0.00367
7	0.01337	0.00920	0.09694	0.00862	0.02839	0.00797	0.05401	0.16435	0.10796	0.33097	0.04807	0.01310	0.01006	0.00486	0.00397	0.00123	0.00385	0.00405	0.08286	0.00617
8	0.00562	0.00414	0.00491	0.00483	0.00595	0.00371	0.00365	0.00703	0.00984	0.03445	0.33893	0.08612	0.37517	0.01009	0.03569	0.00153	0.00242	0.03997	0.02230	0.00365
9	0.01106	0.00817	0.00877	0.00745	0.00971	0.00902	0.00591	0.27187	0.33625	0.04547	0.05175	0.03204	0.03679	0.00552	0.00393	0.00124	0.00326	0.00449	0.14145	0.00583
10	0.02413	0.07643	0.01340	0.01334	0.22267	0.31592	0.04927	0.09307	0.05379	0.01303	0.02136	0.02482	0.01866	0.00429	0.00377	0.00112	0.00540	0.00342	0.00242	0.03971
11	0.02757	0.02547	0.01151	0.08395	0.24336	0.05670	0.02651	0.03241	0.01716	0.02663	0.00777	0.01012	0.00657	0.05294	0.00447	0.00111	0.00415	0.00315	0.00228	0.35616
12	0.00663	0.00452	0.00614	0.00592	0.00647	0.00502	0.00429	0.00751	0.00649	0.05660	0.01146	0.01920	0.01148	0.33754	0.44407	0.00495	0.05111	0.00482	0.00240	0.00338
13	0.01016	0.00871	0.00917	0.00820	0.01050	0.01006	0.00639	0.04881	0.79900	0.01707	0.01609	0.01478	0.01206	0.00542	0.00408	0.00135	0.00322	0.00450	0.00408	0.00636
14	0.00593	0.00424	0.00482	0.00460	0.00589	0.00368	0.00345	0.00721	0.00984	0.06713	0.27576	0.04986	0.50009	0.03334	0.00514	0.00140	0.00214	0.00779	0.00398	0.00370
15	0.01129	0.00927	0.00981	0.00843	0.01093	0.01059	0.00666	0.22006	0.62591	0.01889	0.01466	0.01364	0.01089	0.00529	0.00406	0.00132	0.00348	0.00430	0.00406	0.00647
16	0.02222	0.00472	0.00563	0.00511	0.00650	0.00451	0.00393	0.01064	0.05748	0.13785	0.37180	0.02237	0.06407	0.00656	0.00399	0.00117	0.00221	0.00558	0.25930	0.00436
17	0.09160	0.01093	0.01150	0.00888	0.01203	0.01214	0.00734	0.74985	0.01780	0.02464	0.00927	0.00936	0.00660	0.00472	0.00388	0.00121	0.00430	0.00348	0.00388	0.00660
18	0.51734	0.00887	0.00818	0.00673	0.00946	0.00999	0.00554	0.30425	0.01138	0.05036	0.00762	0.00812	0.00560	0.00419	0.00310	0.00122	0.00355	0.00280	0.02638	0.00531
19	0.01072	0.86147	0.02102	0.00686	0.01029	0.01587	0.00686	0.01201	0.00815	0.00944	0.00558	0.00643	0.00515	0.00343	0.00257	0.00086	0.00429	0.00214	0.00172	0.00515
20	0.88738	0.00776	0.00589	0.00527	0.00776	0.00900	0.00434	0.01179	0.00683	0.01799	0.00558	0.00651	0.00434	0.00372	0.00248	0.00124	0.00310	0.00217	0.00248	0.00434
21	0.00739	0.02815	0.00767	0.00682	0.00781	0.00664	0.00533	0.07708	0.05528	0.02266	0.02871	0.01566	0.01040	0.10597	0.49279	0.01513	0.07707	0.00433	0.02108	0.00404
22	0.00777	0.00437	0.00559	0.00559	0.00671	0.00389	0.00406	0.00878	0.00899	0.19173	0.06521	0.46478	0.18650	0.01019	0.00478	0.00147	0.00248	0.00898	0.00403	0.00409
23	0.01093	0.00995	0.01518	0.04668	0.67716	0.07192	0.01138	0.01315	0.00947	0.08371	0.00814	0.01007	0.00654	0.00375	0.00395	0.00119	0.00485	0.00354	0.00224	0.00621
24	0.00602	0.00398	0.00495	0.00524	0.00568	0.00383	0.00346	0.00688	0.02603	0.04985	0.07598	0.41446	0.04802	0.29713	0.02788	0.00243	0.00306	0.00848	0.00337	0.00327
25	0.00697	0.00348	0.00522	0.00522	0.00522	0.00348	0.00348	0.00522	0.00522	0.00697	0.00697	0.01219	0.00697	0.01393	0.01567	0.88332	0.00348	0.00348	0.00174	0.00174
26	0.01144	0.27711	0.01618	0.01326	0.26199	0.06751	0.04903	0.13852	0.01053	0.04747	0.00822	0.00953	0.02208	0.01601	0.00377	0.00111	0.00464	0.00323	0.00240	0.03597
27	0.01445	0.01826	0.01123	0.01022	0.01215	0.78550	0.00769	0.01547	0.01105	0.00982	0.00658	0.02970	0.00573	0.00448	0.00406	0.00108	0.04299	0.00285	0.00210	0.00460
28	0.01022	0.03935	0.01441	0.06220	0.52534	0.09942	0.01052	0.04449	0.03092	0.01263	0.00779	0.01009	0.00656	0.00597	0.07050	0.00161	0.03663	0.00350	0.00211	0.00576
29	0.04488	0.00684	0.00930	0.00980	0.12466	0.04893	0.09413	0.04885	0.03730	0.01258	0.05498	0.35053	0.10712	0.00821	0.00453	0.00139	0.00353	0.00742	0.00319	0.02181
30	0.00928	0.16424	0.06987	0.00859	0.05408	0.09709	0.02237	0.08439	0.09266	0.02318	0.01394	0.24487	0.04458	0.00748	0.02345	0.00141	0.00418	0.02654	0.00295	0.00485

[dist]
# distance from previous block
# <min> <max>
1	10

[block]
# block no. 1 follows, 67 sequences, length 21
# corresponding to MSA columns:
# 112-132
name=unknown_B
#
# <colnr> <probs for GDERKNQSTAVLIFYWHMCP>
#	G	D	E	R	K	N	Q	S	T	A	V	L	I	F	Y	W	H	M	C	P
0	0.00907	0.04343	0.00934	0.02823	0.02989	0.15019	0.00620	0.03966	0.02498	0.02838	0.02260	0.10253	0.03256	0.13616	0.08198	0.00215	0.18142	0.00470	0.00249	0.06404
1	0.00760	0.00532	0.02537	0.01593	0.00738	0.00503	0.00473	0.04679	0.01100	0.09079	0.56720	0.02481	0.02855	0.02069	0.01583	0.00138	0.04613	0.01670	0.05453	0.00426
2	0.03264	0.00758	0.02093	0.00955	0.06521	0.04671	0.15423	0.05386	0.04813	0.03899	0.14304	0.09992	0.13655	0.02159	0.05834	0.00171	0.04743	0.00589	0.00312	0.00460
3	0.02103	0.05158	0.11795	0.03663	0.13341	0.01065	0.00892	0.33687	0.09695	0.05789	0.03641	0.01085	0.00810	0.00509	0.01831	0.00133	0.03501	0.00368	0.00318	0.00617
4	0.00795	0.00934	0.13380	0.01366	0.24770	0.00774	0.11926	0.01031	0.00889	0.01259	0.11773	0.07952	0.06212	0.02816	0.01720	0.00148	0.06965	0.02767	0.02023	0.00500
5	0.00634	0.00500	0.00559	0.00548	0.00575	0.05051	0.02465	0.00666	0.00661	0.00858	0.01381	0.19086	0.01592	0.59068	0.01576	0.00314	0.03248	0.00666	0.00264	0.00286
6	0.00538	0.00405	0.00497	0.00482	0.00583	0.00365	0.00358	0.00697	0.01055	0.01434	0.57377	0.08104	0.24839	0.00898	0.00476	0.00131	0.00195	0.00782	0.00419	0.00365
7	0.01104	0.33750	0.01521	0.00913	0.03081	0.16320	0.00764	0.04322	0.09585	0.01102	0.00695	0.00832	0.00603	0.00479	0.00585	0.00120	0.23210	0.00293	0.00213	0.00507
8	0.01035	0.03024	0.02982	0.03423	0.54870	0.03056	0.04160	0.05086	0.00968	0.05196	0.02481	0.01019	0.00703	0.00374	0.00387	0.00113	0.00459	0.00352	0.00230	0.10082
9	0.00919	0.00679	0.00770	0.00696	0.00873	0.00724	0.00541	0.15056	0.26223	0.06442	0.12082	0.14772	0.09350	0.02732	0.01830	0.00152	0.00317	0.04931	0.00399	0.00511
10	0.88738	0.00776	0.00589	0.00527	0.00776	0.00900	0.00434	0.01179	0.00683	0.01799	0.00558	0.00651	0.00434	0.00372	0.00248	0.00124	0.00310	0.00217	0.00248	0.00434
11	0.00505	0.00376	0.00471	0.00514	0.00578	0.00341	0.00360	0.00611	0.00888	0.01179	0.22444	0.48750	0.19316	0.01100	0.00495	0.00148	0.00216	0.00979	0.00389	0.00341
12	0.00871	0.00869	0.01227	0.05214	0.01138	0.01212	0.00889	0.00968	0.00624	0.00968	0.00536	0.00887	0.00527	0.00687	0.01271	0.00173	0.80974	0.00351	0.00176	0.00439
13	0.00946	0.00882	0.01216	0.01033	0.01061	0.01204	0.00860	0.05026	0.00698	0.04280	0.00589	0.00901	0.00552	0.00683	0.01235	0.00171	0.77649	0.00354	0.00199	0.00460
14	0.00644	0.00445	0.00554	0.00524	0.00637	0.00417	0.00393	0.00867	0.05886	0.05863	0.56008	0.09685	0.13084	0.00839	0.00465	0.00130	0.00210	0.00734	0.02215	0.00400
15	0.01315	0.31931	0.06676	0.00795	0.01114	0.03342	0.00730	0.18793	0.03408	0.21133	0.03150	0.00996	0.00773	0.00446	0.00384	0.00111	0.03677	0.00323	0.00313	0.00591
16	0.00936	0.00588	0.00692	0.00617	0.00774	0.01849	0.00469	0.04963	0.14666	0.17496	0.24165	0.07725	0.06530	0.09874	0.03830	0.00177	0.00319	0.00589	0.03267	0.00475
17	0.00559	0.00389	0.00498	0.00519	0.00550	0.00398	0.00346	0.00608	0.00656	0.00885	0.01556	0.21172	0.06037	0.37252	0.22254	0.04573	0.00514	0.00674	0.00269	0.00293
18	0.00815	0.03092	0.48988	0.01085	0.01476	0.00962	0.06463	0.01180	0.03472	0.01201	0.03061	0.01002	0.00672	0.00662	0.07050	0.00177	0.17572	0.00345	0.00192	0.00534
19	0.01206	0.12111	0.03497	0.00884	0.02865	0.18598	0.00711	0.23396	0.14686	0.02963	0.03645	0.01149	0.00870	0.05611	0.03724	0.00153	0.02718	0.00362	0.00301	0.00549
20	0.00769	0.04686	0.00772	0.00714	0.06235	0.04839	0.00511	0.02850	0.08787	0.04309	0.34116	0.03306	0.17942	0.02126	0.00479	0.00130	0.01615	0.02739	0.00370	0.02705

[dist]
# distance from previous block
# <min> <max>
0	8

[block]
# block no. 2 follows, 67 sequences, length 22
# corresponding to MSA columns:
# 141-162
name=unknown_C
#
# <colnr> <probs for GDERKNQSTAVLIFYWHMCP>
#	G	D	E	R	K	N	Q	S	T	A	V	L	I	F	Y	W	H	M	C	P
0	0.04877	0.05867	0.22505	0.09088	0.24238	0.06295	0.01065	0.04112	0.09120	0.01329	0.01958	0.00980	0.00671	0.00406	0.00397	0.00121	0.02516	0.00332	0.00223	0.03901
1	0.00566	0.00428	0.00531	0.00532	0.00623	0.00409	0.00400	0.00738	0.03570	0.01312	0.37732	0.13092	0.20117	0.05993	0.02596	0.00167	0.01615	0.08827	0.00389	0.00363
2	0.02141	0.01725	0.00567	0.00548	0.00646	0.01587	0.00398	0.02391	0.10745	0.02689	0.14056	0.27368	0.07050	0.08498	0.02408	0.00167	0.00275	0.00711	0.15638	0.00392
3	0.00497	0.00378	0.00448	0.00490	0.00557	0.00340	0.00338	0.00582	0.00834	0.01071	0.09227	0.42978	0.31549	0.08039	0.00620	0.00169	0.00231	0.00956	0.00367	0.00328
4	0.00565	0.00415	0.00488	0.00480	0.00588	0.00373	0.00354	0.01912	0.00990	0.03173	0.33622	0.15336	0.35125	0.02297	0.00497	0.00139	0.00212	0.00812	0.02258	0.00364
5	0.16602	0.00778	0.00916	0.00720	0.01018	0.00766	0.00593	0.14822	0.04735	0.52936	0.01309	0.01183	0.00857	0.00475	0.00377	0.00124	0.00351	0.00367	0.00435	0.00638
6	0.00837	0.00567	0.00615	0.00567	0.00692	0.00607	0.00413	0.03824	0.26001	0.04825	0.06371	0.01876	0.01362	0.24110	0.00827	0.00192	0.00297	0.00478	0.25099	0.00441
7	0.06830	0.00511	0.00632	0.00556	0.00718	0.00477	0.00433	0.01089	0.03429	0.20734	0.49666	0.02485	0.09405	0.00722	0.00440	0.00127	0.00238	0.00618	0.00435	0.00457
8	0.02848	0.00884	0.00953	0.00761	0.01023	0.02581	0.00618	0.43341	0.06675	0.16027	0.01170	0.01167	0.00835	0.00482	0.00373	0.00116	0.00366	0.00372	0.18801	0.00606
9	0.00583	0.00389	0.00437	0.00437	0.00437	0.00389	0.00243	0.00583	0.00583	0.00778	0.01264	0.02624	0.01458	0.85906	0.02041	0.00389	0.00389	0.00583	0.00243	0.00243
10	0.01393	0.23113	0.01395	0.00857	0.01164	0.11562	0.00727	0.42115	0.05833	0.06759	0.00889	0.00904	0.00666	0.00442	0.00360	0.00110	0.00460	0.00318	0.00324	0.00609
11	0.88738	0.00776	0.00589	0.00527	0.00776	0.00900	0.00434	0.01179	0.00683	0.01799	0.00558	0.00651	0.00434	0.00372	0.00248	0.00124	0.00310	0.00217	0.00248	0.00434
12	0.01020	0.05302	0.20441	0.05595	0.12992	0.02255	0.08384	0.19898	0.04788	0.02987	0.01103	0.03967	0.05826	0.00555	0.02993	0.00141	0.00502	0.00410	0.00268	0.00573
13	0.00564	0.00420	0.00473	0.00484	0.00589	0.00383	0.00353	0.01865	0.03425	0.02654	0.10484	0.23606	0.41893	0.03512	0.00515	0.00147	0.00226	0.02376	0.05669	0.00359
14	0.00712	0.00566	0.00764	0.03213	0.05729	0.00628	0.01652	0.06140	0.02256	0.01146	0.13679	0.02010	0.04213	0.26959	0.18787	0.00321	0.10056	0.00516	0.00272	0.00383
15	0.00547	0.00388	0.00444	0.00462	0.00497	0.00370	0.00292	0.00589	0.00706	0.00916	0.04568	0.17241	0.17770	0.49937	0.01385	0.00287	0.00319	0.02700	0.00300	0.00283
16	0.00687	0.00645	0.06576	0.04706	0.12095	0.00616	0.00665	0.03322	0.00736	0.01040	0.01059	0.06175	0.01027	0.13249	0.42193	0.02094	0.02021	0.00462	0.00225	0.00406
17	0.00945	0.00972	0.08470	0.08891	0.13205	0.02219	0.19654	0.16153	0.01037	0.01414	0.02341	0.02714	0.02159	0.03494	0.14298	0.00221	0.00617	0.00425	0.00247	0.00526
18	0.00576	0.00424	0.00538	0.00531	0.00606	0.00429	0.00387	0.02301	0.00822	0.01115	0.20012	0.05368	0.15578	0.21191	0.25613	0.00344	0.00511	0.03004	0.00312	0.00339
19	0.00960	0.30712	0.04543	0.02206	0.00994	0.12862	0.00636	0.03620	0.11496	0.01226	0.14086	0.04587	0.09427	0.00561	0.00368	0.00112	0.00398	0.00438	0.00283	0.00484
20	0.06988	0.07469	0.02269	0.03201	0.01035	0.19980	0.04666	0.06640	0.07153	0.01258	0.05091	0.11660	0.06047	0.06376	0.01378	0.00146	0.01868	0.02476	0.00282	0.04017
21	0.04509	0.28325	0.16462	0.01116	0.13060	0.06767	0.06099	0.02435	0.08101	0.04267	0.00827	0.03503	0.00684	0.00410	0.00349	0.00112	0.00475	0.00329	0.00226	0.01944

[dist]
# distance from previous block
# <min> <max>
8	39

[block]
# block no. 3 follows, 67 sequences, length 13
# corresponding to MSA columns:
# 206-218
name=unknown_D
#
# <colnr> <probs for GDERKNQSTAVLIFYWHMCP>
#	G	D	E	R	K	N	Q	S	T	A	V	L	I	F	Y	W	H	M	C	P
0	0.00906	0.00919	0.10430	0.01251	0.25827	0.04349	0.00817	0.06404	0.06121	0.04477	0.03942	0.13044	0.01187	0.12258	0.00635	0.00162	0.00416	0.01451	0.00276	0.05126
1	0.06576	0.00948	0.02792	0.06090	0.38308	0.07882	0.07041	0.04661	0.02821	0.03660	0.05343	0.05558	0.04133	0.00487	0.00407	0.00125	0.00458	0.01908	0.00254	0.00548
2	0.04931	0.05654	0.07867	0.07514	0.17770	0.09173	0.00885	0.13840	0.06999	0.05621	0.00961	0.01116	0.03488	0.03198	0.00530	0.00134	0.09142	0.00362	0.00263	0.00552
3	0.02784	0.04989	0.01152	0.00999	0.08709	0.14028	0.00732	0.37547	0.07651	0.07169	0.01001	0.03001	0.00795	0.05900	0.00492	0.00135	0.00460	0.00376	0.00333	0.01749
4	0.00805	0.00609	0.00624	0.00583	0.00665	0.08050	0.00409	0.08062	0.00807	0.03883	0.01153	0.01922	0.01146	0.41154	0.19426	0.00357	0.00551	0.00474	0.08963	0.00355
5	0.00683	0.00357	0.00536	0.00536	0.00544	0.00366	0.00366	0.00544	0.00536	0.00723	0.00739	0.01259	0.00731	0.01575	0.10870	0.78474	0.00430	0.00357	0.00179	0.00195
6	0.03600	0.00700	0.00813	0.00674	0.00902	0.03000	0.00537	0.13898	0.05607	0.36248	0.08188	0.08211	0.01299	0.00575	0.00394	0.00122	0.00320	0.00472	0.13873	0.00566
7	0.00747	0.00610	0.00671	0.00556	0.00780	0.03135	0.00429	0.04018	0.00945	0.02710	0.13745	0.09036	0.19021	0.00632	0.00386	0.00101	0.00270	0.00531	0.04263	0.37414
8	0.16587	0.03587	0.03817	0.04148	0.32534	0.03671	0.05560	0.01183	0.00883	0.06593	0.04377	0.04449	0.03913	0.00497	0.01685	0.00130	0.00425	0.00398	0.05035	0.00528
9	0.00611	0.00375	0.00464	0.00469	0.00470	0.00374	0.00281	0.00564	0.00575	0.00767	0.01147	0.06588	0.01298	0.56692	0.01822	0.26134	0.00369	0.00544	0.00230	0.00227
10	0.02194	0.04551	0.00731	0.00643	0.00719	0.00609	0.00491	0.03030	0.00755	0.03680	0.06985	0.17049	0.01486	0.14185	0.28081	0.00344	0.10613	0.01659	0.01823	0.00374
11	0.00960	0.00879	0.01326	0.08773	0.45175	0.04071	0.03839	0.03181	0.03865	0.04171	0.04763	0.01303	0.06731	0.00439	0.00399	0.00117	0.00437	0.00403	0.00247	0.08921
12	0.07203	0.41992	0.01579	0.00864	0.06281	0.02700	0.00718	0.22216	0.04984	0.04107	0.00809	0.00937	0.00666	0.00422	0.00326	0.00107	0.00422	0.02837	0.00266	0.00566

[dist]
# distance from previous block
# <min> <max>
0	9

[block]
# block no. 4 follows, 67 sequences, length 23
# corresponding to MSA columns:
# 228-250
name=unknown_E
#
# <colnr> <probs for GDERKNQSTAVLIFYWHMCP>
#	G	D	E	R	K	N	Q	S	T	A	V	L	I	F	Y	W	H	M	C	P
0	0.11296	0.06210	0.04440	0.00853	0.05215	0.05850	0.02228	0.26651	0.04534	0.08178	0.06603	0.03079	0.10587	0.00557	0.00391	0.00123	0.00392	0.01924	0.00340	0.00547
1	0.02773	0.05078	0.07251	0.01262	0.24601	0.01799	0.07932	0.01114	0.04677	0.03841	0.21266	0.05701	0.04830	0.00555	0.00426	0.00123	0.01393	0.00500	0.00292	0.04584
2	0.01114	0.00975	0.01384	0.01150	0.06401	0.08187	0.24344	0.16057	0.08681	0.07950	0.03086	0.05905	0.00981	0.00502	0.00424	0.00126	0.00480	0.04019	0.03688	0.04544
3	0.01005	0.31688	0.01487	0.00884	0.01041	0.11847	0.00765	0.01110	0.00769	0.00966	0.00738	0.00933	0.04940	0.00553	0.00769	0.00132	0.39405	0.00317	0.00189	0.00464
4	0.00791	0.00703	0.01076	0.18315	0.27913	0.01867	0.00848	0.02758	0.03886	0.01177	0.05665	0.02687	0.04326	0.05423	0.19464	0.00258	0.00584	0.01542	0.00238	0.00478
5	0.00545	0.00376	0.00462	0.00503	0.00518	0.00369	0.00317	0.00585	0.00671	0.00897	0.01671	0.36951	0.01958	0.45531	0.04426	0.00299	0.00349	0.02987	0.00299	0.00285
6	0.04116	0.00522	0.00633	0.00564	0.00730	0.00484	0.00435	0.04270	0.02809	0.22289	0.24955	0.12520	0.20847	0.02400	0.00477	0.00137	0.00257	0.00680	0.00418	0.00457
7	0.02543	0.00591	0.00740	0.00635	0.00838	0.00557	0.00498	0.03239	0.10124	0.37399	0.15246	0.13181	0.06633	0.00685	0.00425	0.00130	0.00284	0.00583	0.05132	0.00538
8	0.01062	0.00907	0.00921	0.00820	0.01050	0.05310	0.00639	0.03907	0.71833	0.05094	0.02899	0.01463	0.01207	0.00538	0.00406	0.00133	0.00340	0.00444	0.00402	0.00625
9	0.00955	0.20499	0.05640	0.02352	0.17761	0.01069	0.12715	0.01405	0.21170	0.01292	0.01039	0.04310	0.00877	0.00465	0.00402	0.00123	0.02035	0.02897	0.02434	0.00559
10	0.01003	0.00606	0.00737	0.00638	0.00822	0.01834	0.00506	0.06604	0.08684	0.22285	0.35724	0.02346	0.07738	0.00702	0.00457	0.00129	0.01563	0.05027	0.00429	0.02166
11	0.03609	0.12647	0.04824	0.01284	0.21625	0.18800	0.03476	0.12232	0.10654	0.01421	0.03434	0.01003	0.00764	0.00423	0.00370	0.00114	0.00491	0.00338	0.01924	0.00565
12	0.80305	0.00804	0.00661	0.00609	0.03119	0.00925	0.00479	0.06726	0.00771	0.01836	0.00592	0.00682	0.00457	0.00379	0.00263	0.00124	0.00324	0.00231	0.00257	0.00457
13	0.07010	0.04554	0.03690	0.01046	0.12438	0.14353	0.00753	0.18921	0.12037	0.11021	0.06464	0.02522	0.00965	0.00479	0.00384	0.00119	0.00437	0.00378	0.00326	0.02102
14	0.01032	0.00771	0.00848	0.00753	0.00968	0.00853	0.00587	0.04841	0.56752	0.10790	0.08622	0.05160	0.03082	0.00597	0.00416	0.00133	0.00305	0.00502	0.02390	0.00595
15	0.00889	0.00890	0.11047	0.04161	0.12243	0.04681	0.06297	0.06121	0.02713	0.08579	0.05219	0.07327	0.15373	0.01776	0.10682	0.00195	0.00496	0.00524	0.00294	0.00494
16	0.00582	0.00436	0.00530	0.00502	0.00612	0.00402	0.00377	0.04108	0.01095	0.01492	0.56881	0.07708	0.22032	0.00875	0.00472	0.00130	0.00205	0.00761	0.00420	0.00379
17	0.00655	0.00454	0.00604	0.00599	0.00634	0.02991	0.00431	0.00656	0.00614	0.00836	0.00997	0.07271	0.01019	0.11566	0.32467	0.32957	0.04297	0.00457	0.00212	0.00281
18	0.01079	0.17757	0.07521	0.11963	0.12460	0.18113	0.00873	0.05503	0.05723	0.03427	0.00820	0.03803	0.00696	0.01966	0.01894	0.00130	0.03715	0.00341	0.00228	0.01989
19	0.00522	0.00367	0.00460	0.00513	0.00538	0.00349	0.00332	0.00581	0.00744	0.00995	0.07933	0.52128	0.04918	0.26573	0.00966	0.00227	0.00275	0.00934	0.00339	0.00305
20	0.01028	0.08403	0.08063	0.00982	0.05994	0.18318	0.03301	0.03784	0.16956	0.03020	0.04993	0.05874	0.03252	0.00599	0.01404	0.00135	0.08823	0.04276	0.00281	0.00513
21	0.03360	0.00473	0.00554	0.00518	0.00652	0.00441	0.00388	0.01684	0.03342	0.03006	0.21804	0.09544	0.26672	0.07049	0.09817	0.00201	0.00333	0.00670	0.00349	0.09144
22	0.03335	0.05189	0.16866	0.00877	0.04183	0.05923	0.05692	0.04872	0.12186	0.02343	0.05652	0.06144	0.01137	0.17627	0.02647	0.00188	0.00453	0.00456	0.00270	0.03959

[dist]
# distance from previous block
# <min> <max>
10	62

[block]
# block no. 5 follows, 67 sequences, length 13
# corresponding to MSA columns:
# 333-345
name=unknown_F
#
# <colnr> <probs for GDERKNQSTAVLIFYWHMCP>
#	G	D	E	R	K	N	Q	S	T	A	V	L	I	F	Y	W	H	M	C	P
0	0.05261	0.01098	0.01148	0.01064	0.09248	0.19535	0.07847	0.12542	0.16470	0.04058	0.03277	0.04122	0.03368	0.00495	0.00420	0.00121	0.02933	0.00403	0.00299	0.06291
1	0.02486	0.08887	0.23497	0.00917	0.03612	0.08645	0.00871	0.15442	0.08264	0.08192	0.03508	0.02918	0.03268	0.03603	0.00440	0.00128	0.00460	0.00375	0.00287	0.04200
2	0.05380	0.03875	0.01026	0.03791	0.05716	0.03456	0.00653	0.16818	0.19387	0.07318	0.01013	0.01041	0.00767	0.00417	0.00357	0.00104	0.00369	0.00331	0.00318	0.27864
3	0.06213	0.00964	0.01031	0.02805	0.08109	0.09938	0.02749	0.25837	0.11218	0.03075	0.10126	0.02956	0.02814	0.00507	0.00390	0.00117	0.00404	0.00412	0.02313	0.08023
4	0.00579	0.00390	0.00450	0.00452	0.00459	0.00390	0.00262	0.00594	0.00614	0.00825	0.04587	0.05446	0.01576	0.76541	0.04942	0.00380	0.00401	0.00602	0.00254	0.00256
5	0.07228	0.00682	0.00847	0.00646	0.00957	0.00579	0.00527	0.01532	0.01006	0.48056	0.01391	0.01299	0.05627	0.00457	0.00364	0.00105	0.00318	0.00366	0.00393	0.27621
6	0.01040	0.01028	0.00887	0.00817	0.01014	0.20301	0.00625	0.01766	0.50355	0.01426	0.01561	0.07400	0.05266	0.00597	0.00408	0.00130	0.00398	0.02075	0.02359	0.00548
7	0.01253	0.00737	0.00816	0.00663	0.00889	0.00771	0.00536	0.32903	0.03474	0.17139	0.01232	0.01263	0.00891	0.00480	0.00354	0.00111	0.00319	0.00376	0.35234	0.00559
8	0.00528	0.00386	0.00485	0.00514	0.00588	0.00354	0.00371	0.00654	0.00932	0.01261	0.30803	0.35896	0.17569	0.01030	0.00486	0.00144	0.00217	0.04405	0.03026	0.00350
9	0.06945	0.48701	0.01563	0.00690	0.01005	0.01217	0.00635	0.07349	0.02559	0.21014	0.00885	0.00892	0.00671	0.00401	0.00306	0.00101	0.00389	0.00282	0.03836	0.00559
10	0.00708	0.00462	0.00562	0.00530	0.00657	0.00426	0.00406	0.04109	0.01042	0.09247	0.35265	0.08487	0.22950	0.03828	0.00520	0.00143	0.00240	0.06527	0.03490	0.00401
11	0.03356	0.11072	0.01235	0.00864	0.01162	0.08566	0.00718	0.55170	0.05248	0.03593	0.00932	0.00951	0.00687	0.00459	0.00373	0.00115	0.00444	0.00337	0.04097	0.00622
12	0.02958	0.01017	0.03959	0.03359	0.04637	0.10028	0.04235	0.26734	0.02742	0.04185	0.04677	0.02659	0.05184	0.00520	0.01541	0.00120	0.03702	0.00385	0.00306	0.17051

[dist]
# distance from previous block
# <min> <max>
0	3

[block]
# block no. 6 follows, 67 sequences, length 27
# corresponding to MSA columns:
# 349-375
name=unknown_G
#
# <colnr> <probs for GDERKNQSTAVLIFYWHMCP>
#	G	D	E	R	K	N	Q	S	T	A	V	L	I	F	Y	W	H	M	C	P
0	0.26801	0.05795	0.01115	0.01098	0.16168	0.24477	0.01589	0.09928	0.01016	0.05554	0.00745	0.02680	0.00604	0.00416	0.00340	0.00116	0.00481	0.00302	0.00254	0.00522
1	0.00702	0.00597	0.00832	0.05718	0.16909	0.03833	0.02652	0.00861	0.02233	0.03024	0.10100	0.37730	0.09339	0.00878	0.00466	0.00143	0.00328	0.02903	0.00327	0.00424
2	0.00581	0.00402	0.00473	0.00486	0.00585	0.00362	0.00360	0.00709	0.00924	0.04017	0.18960	0.22722	0.31885	0.00958	0.00462	0.00137	0.00219	0.04936	0.10463	0.00361
3	0.01559	0.00675	0.00884	0.00703	0.00979	0.00618	0.00572	0.01844	0.11610	0.64020	0.10675	0.01563	0.01333	0.00539	0.00412	0.00126	0.00321	0.00446	0.00479	0.00643
4	0.00718	0.00580	0.00661	0.00626	0.00769	0.00611	0.00476	0.01251	0.32701	0.01506	0.32227	0.10935	0.11604	0.00787	0.00454	0.00136	0.00250	0.02828	0.00412	0.00468
5	0.88738	0.00776	0.00589	0.00527	0.00776	0.00900	0.00434	0.01179	0.00683	0.01799	0.00558	0.00651	0.00434	0.00372	0.00248	0.00124	0.00310	0.00217	0.00248	0.00434
6	0.00620	0.00478	0.00645	0.00622	0.00653	0.00561	0.00452	0.00697	0.00619	0.00878	0.01097	0.04063	0.01154	0.35323	0.37277	0.00461	0.13354	0.00497	0.00224	0.00324
7	0.01155	0.01081	0.04709	0.01144	0.02759	0.10824	0.27672	0.14911	0.09002	0.10681	0.01277	0.01438	0.07034	0.00495	0.00433	0.00129	0.00515	0.03874	0.00308	0.00561
8	0.01388	0.14121	0.01263	0.00947	0.01189	0.54112	0.00746	0.10852	0.09446	0.01224	0.00753	0.00817	0.00607	0.00424	0.00356	0.00106	0.00606	0.00283	0.00244	0.00514
9	0.79893	0.00811	0.00652	0.00567	0.00823	0.00935	0.00468	0.09383	0.00805	0.01873	0.00599	0.00683	0.00459	0.00383	0.00264	0.00124	0.00324	0.00232	0.00264	0.00459
10	0.01208	0.28138	0.05080	0.00867	0.02007	0.13088	0.00751	0.20285	0.10497	0.04200	0.00883	0.03827	0.00727	0.00472	0.00416	0.00114	0.06266	0.00335	0.00276	0.00559
11	0.00623	0.00434	0.00556	0.00517	0.00626	0.00404	0.00391	0.00836	0.03701	0.04725	0.73248	0.02932	0.07855	0.00809	0.00468	0.00127	0.00200	0.00711	0.00439	0.00396
12	0.00648	0.00481	0.00640	0.00610	0.00710	0.00486	0.02470	0.04870	0.03783	0.03053	0.29583	0.22767	0.07743	0.03474	0.14981	0.00233	0.01983	0.00732	0.00363	0.00392
13	0.00525	0.00390	0.00493	0.00524	0.00599	0.00357	0.00382	0.00652	0.00938	0.01256	0.31397	0.34798	0.18296	0.01045	0.00494	0.00146	0.00222	0.06742	0.00397	0.00350
14	0.00921	0.00676	0.00780	0.00702	0.00848	0.03589	0.00541	0.21996	0.04738	0.05026	0.01248	0.12258	0.01167	0.09499	0.30945	0.00340	0.00630	0.00510	0.03126	0.00458
15	0.01093	0.31294	0.10266	0.01102	0.01459	0.12351	0.24616	0.07307	0.02990	0.01218	0.00713	0.00853	0.00572	0.00377	0.00382	0.00112	0.02224	0.00324	0.00208	0.00538
16	0.00575	0.00408	0.00503	0.00547	0.00596	0.00394	0.00369	0.03460	0.03105	0.02198	0.04849	0.56003	0.07942	0.16171	0.00771	0.00197	0.00268	0.00951	0.00355	0.00340
17	0.01011	0.09741	0.16411	0.06618	0.09826	0.00996	0.06059	0.15899	0.07398	0.04315	0.02522	0.02212	0.00821	0.09119	0.00607	0.00152	0.05096	0.00388	0.00263	0.00548
18	0.02948	0.00966	0.01042	0.00887	0.01128	0.07985	0.06330	0.13892	0.48816	0.03107	0.02565	0.03182	0.01081	0.00615	0.03488	0.00150	0.00419	0.00437	0.00367	0.00597
19	0.00602	0.00435	0.00594	0.00631	0.00695	0.00420	0.03137	0.05937	0.00861	0.02558	0.02067	0.71916	0.02411	0.01155	0.00504	0.00160	0.00270	0.04913	0.00371	0.00364
20	0.00858	0.00802	0.01292	0.36903	0.35288	0.00888	0.01058	0.01189	0.09155	0.01209	0.00999	0.03861	0.03880	0.00448	0.00406	0.00129	0.00467	0.00410	0.00223	0.00534
21	0.00886	0.00725	0.01015	0.02922	0.01110	0.00637	0.11672	0.04754	0.05916	0.06372	0.04763	0.12886	0.01092	0.00498	0.00380	0.00101	0.00352	0.00450	0.00293	0.43177
22	0.00599	0.00488	0.01970	0.00550	0.00665	0.00448	0.00418	0.05540	0.05338	0.01289	0.18347	0.27675	0.29432	0.01013	0.01652	0.00149	0.00254	0.03406	0.00384	0.00384
23	0.00610	0.00473	0.00626	0.00616	0.00670	0.02564	0.00456	0.00713	0.00639	0.00894	0.01091	0.01800	0.01090	0.24420	0.57547	0.00546	0.04228	0.00462	0.00220	0.00334
24	0.01208	0.01299	0.04089	0.00928	0.01172	0.30709	0.02827	0.10293	0.37217	0.01486	0.03023	0.01189	0.01795	0.00491	0.00394	0.00122	0.00491	0.00379	0.00322	0.00566
25	0.00566	0.00390	0.00434	0.00437	0.00455	0.00380	0.00255	0.00581	0.00632	0.00825	0.01653	0.05445	0.11992	0.72297	0.01791	0.00349	0.00360	0.00635	0.00264	0.00258
26	0.03756	0.01315	0.29551	0.10074	0.02760	0.03791	0.04019	0.11588	0.06033	0.01368	0.00788	0.00970	0.00612	0.00600	0.05024	0.00162	0.15245	0.00340	0.00225	0.01778

[dist]
# distance from previous block
# <min> <max>
2	19

[block]
# block no. 7 follows, 67 sequences, length 11
# corresponding to MSA columns:
# 395-405
name=unknown_H
#
# <colnr> <probs for GDERKNQSTAVLIFYWHMCP>
#	G	D	E	R	K	N	Q	S	T	A	V	L	I	F	Y	W	H	M	C	P
0	0.03602	0.00930	0.00997	0.02344	0.01096	0.03821	0.00653	0.46059	0.06782	0.05795	0.05204	0.11935	0.01115	0.00581	0.00406	0.00122	0.00386	0.00470	0.00377	0.07323
1	0.04943	0.01109	0.01135	0.03301	0.09677	0.14851	0.00769	0.39117	0.03124	0.09881	0.00945	0.01014	0.00702	0.00647	0.06823	0.00159	0.00525	0.00349	0.00331	0.00599
2	0.00935	0.00736	0.00810	0.00690	0.00926	0.00752	0.00546	0.11694	0.31457	0.05007	0.07618	0.01926	0.15334	0.00611	0.00408	0.00121	0.00304	0.03408	0.00375	0.16342
3	0.00647	0.00486	0.00584	0.00507	0.00676	0.00412	0.00389	0.00816	0.01011	0.03406	0.43787	0.02562	0.18164	0.00715	0.00424	0.00111	0.00221	0.00614	0.03409	0.21057
4	0.00757	0.00713	0.01203	0.84942	0.02762	0.00891	0.01114	0.01025	0.00802	0.01025	0.00713	0.01069	0.00535	0.00401	0.00401	0.00134	0.00535	0.00356	0.00178	0.00446
5	0.01072	0.12153	0.02507	0.00774	0.05233	0.09716	0.00600	0.17358	0.01173	0.07374	0.20209	0.01497	0.01448	0.00525	0.00372	0.00111	0.00361	0.00420	0.16590	0.00505
6	0.00816	0.00560	0.00679	0.00680	0.00779	0.00498	0.00480	0.00891	0.01105	0.05848	0.39603	0.35300	0.08706	0.01112	0.00573	0.00180	0.00294	0.00935	0.00478	0.00484
7	0.01024	0.00914	0.05530	0.13102	0.49304	0.00869	0.02803	0.01292	0.03734	0.11495	0.01055	0.01212	0.05023	0.00422	0.00404	0.00124	0.00458	0.00391	0.00248	0.00596
8	0.00571	0.00392	0.00442	0.00439	0.00461	0.00383	0.00260	0.00596	0.00660	0.00873	0.07835	0.02780	0.10075	0.70622	0.01759	0.00343	0.00354	0.00621	0.00272	0.00263
9	0.01497	0.01152	0.01255	0.00963	0.01283	0.04438	0.04519	0.75224	0.01813	0.02410	0.00943	0.00959	0.00672	0.00472	0.00403	0.00120	0.00463	0.00362	0.00385	0.00667
10	0.00905	0.00853	0.00908	0.00691	0.00992	0.09120	0.00552	0.01065	0.00838	0.01235	0.00682	0.00826	0.00578	0.00355	0.00420	0.00077	0.10077	0.00253	0.00227	0.69347

[dist]
# distance from previous block
# <min> <max>
1	5

[block]
# block no. 8 follows, 67 sequences, length 38
# corresponding to MSA columns:
# 412-433,436-451
name=unknown_I
#
# <colnr> <probs for GDERKNQSTAVLIFYWHMCP>
#	G	D	E	R	K	N	Q	S	T	A	V	L	I	F	Y	W	H	M	C	P
0	0.69721	0.02454	0.00692	0.00574	0.00831	0.00900	0.00475	0.08051	0.00830	0.08562	0.00701	0.00763	0.00522	0.00394	0.00275	0.00122	0.00322	0.00250	0.03087	0.00475
1	0.08183	0.01071	0.07440	0.03904	0.17847	0.05897	0.00851	0.16560	0.30857	0.01678	0.01085	0.01119	0.00822	0.00456	0.00387	0.00126	0.00424	0.00371	0.00314	0.00608
2	0.00502	0.00361	0.00465	0.00536	0.00573	0.00335	0.00362	0.00573	0.00785	0.01037	0.05870	0.66576	0.10301	0.06191	0.00617	0.01837	0.00241	0.02153	0.00364	0.00322
3	0.00494	0.00353	0.00471	0.00564	0.00590	0.00330	0.00381	0.00567	0.00773	0.01029	0.02208	0.83053	0.02642	0.01252	0.00513	0.00164	0.00237	0.03681	0.00372	0.00327
4	0.01733	0.00703	0.00935	0.00720	0.01023	0.00627	0.00593	0.07519	0.01199	0.74833	0.04686	0.01400	0.01079	0.00508	0.00406	0.00124	0.00342	0.00413	0.00488	0.00671
5	0.00621	0.00426	0.00530	0.00494	0.00612	0.00382	0.00374	0.00788	0.01084	0.06488	0.59765	0.03098	0.22144	0.00846	0.00469	0.00128	0.00202	0.00734	0.00429	0.00388
6	0.05149	0.00760	0.00963	0.00742	0.01051	0.00712	0.00612	0.15414	0.01254	0.66818	0.01438	0.01269	0.00919	0.00489	0.00397	0.00123	0.00357	0.00389	0.00471	0.00673
7	0.01037	0.01069	0.01145	0.32150	0.01726	0.21553	0.00894	0.10557	0.00973	0.01178	0.00814	0.04256	0.02487	0.00522	0.00584	0.00134	0.17853	0.00373	0.00222	0.00469
8	0.01072	0.86147	0.02102	0.00686	0.01029	0.01587	0.00686	0.01201	0.00815	0.00944	0.00558	0.00643	0.00515	0.00343	0.00257	0.00086	0.00429	0.00214	0.00172	0.00515
9	0.01361	0.01167	0.01065	0.00888	0.01135	0.19979	0.00706	0.48055	0.01513	0.03996	0.01090	0.09979	0.00947	0.01996	0.00438	0.00128	0.00477	0.04153	0.00352	0.00574
10	0.60700	0.00929	0.04288	0.00837	0.01133	0.03194	0.19038	0.01242	0.02851	0.01636	0.00651	0.00781	0.00499	0.00370	0.00312	0.00126	0.00416	0.00286	0.00238	0.00471
11	0.01436	0.00976	0.01065	0.00824	0.01129	0.02552	0.00676	0.54750	0.01594	0.15975	0.01298	0.01255	0.07509	0.00514	0.00400	0.00118	0.00400	0.00398	0.00400	0.06731
12	0.00952	0.00669	0.00776	0.00698	0.00827	0.07482	0.00537	0.08056	0.00865	0.14797	0.01116	0.01553	0.00984	0.15437	0.38920	0.00404	0.04786	0.00426	0.00280	0.00434
13	0.88738	0.00776	0.00589	0.00527	0.00776	0.00900	0.00434	0.01179	0.00683	0.01799	0.00558	0.00651	0.00434	0.00372	0.00248	0.00124	0.00310	0.00217	0.00248	0.00434
14	0.01049	0.00797	0.00817	0.04598	0.00975	0.05098	0.00568	0.23690	0.21155	0.01767	0.03588	0.01406	0.03633	0.00511	0.00366	0.00116	0.00333	0.00408	0.28596	0.00530
15	0.00518	0.00410	0.00467	0.00459	0.00577	0.00359	0.00349	0.00657	0.00999	0.01289	0.34149	0.03561	0.49183	0.00945	0.00477	0.00134	0.00206	0.04507	0.00399	0.00355
16	0.01164	0.00895	0.00969	0.00825	0.01073	0.01008	0.00654	0.23116	0.51815	0.07001	0.01425	0.01368	0.01062	0.01958	0.03667	0.00155	0.00382	0.00427	0.00402	0.00633
17	0.00488	0.00351	0.00464	0.00554	0.00581	0.00326	0.00370	0.00559	0.00772	0.01025	0.02262	0.83376	0.04887	0.01250	0.00511	0.00162	0.00232	0.01132	0.00372	0.00326
18	0.00573	0.00428	0.00635	0.00633	0.00704	0.00493	0.00490	0.00715	0.00666	0.00959	0.04890	0.01665	0.01142	0.04762	0.78583	0.00615	0.01018	0.00447	0.00226	0.00356
19	0.00994	0.61595	0.25968	0.00820	0.01236	0.01395	0.00919	0.01221	0.00824	0.01039	0.00605	0.00703	0.00513	0.00354	0.00293	0.00098	0.00477	0.00238	0.00171	0.00537
20	0.00762	0.00621	0.00701	0.00648	0.00807	0.00665	0.00499	0.01383	0.39043	0.01587	0.36632	0.02409	0.09084	0.00715	0.00445	0.00133	0.00255	0.02700	0.00418	0.00494
21	0.00905	0.10352	0.32076	0.01630	0.34297	0.00987	0.07216	0.01220	0.00889	0.01263	0.03908	0.01020	0.01697	0.00389	0.00386	0.00120	0.00515	0.00348	0.00197	0.00586
22	0.00625	0.00478	0.00648	0.00632	0.00696	0.00553	0.00472	0.00815	0.07370	0.00959	0.01136	0.01773	0.01101	0.21576	0.54538	0.00521	0.05050	0.00463	0.00235	0.00359
23	0.86792	0.00767	0.00585	0.00524	0.00769	0.00888	0.00431	0.01173	0.00686	0.01793	0.00575	0.00670	0.00447	0.00374	0.00249	0.00123	0.00308	0.00221	0.02192	0.00433
24	0.00832	0.10627	0.75514	0.01097	0.01664	0.00998	0.01401	0.01263	0.00843	0.01237	0.00703	0.00826	0.00509	0.00377	0.00368	0.00123	0.00576	0.00288	0.00170	0.00585
25	0.00946	0.02120	0.00977	0.21979	0.02772	0.19934	0.00747	0.02039	0.09278	0.03258	0.02374	0.05372	0.03045	0.05562	0.09270	0.00197	0.04485	0.03574	0.00253	0.01817
26	0.00610	0.00424	0.00496	0.00477	0.00602	0.00371	0.00358	0.00743	0.00995	0.07688	0.30566	0.10551	0.42792	0.00930	0.00471	0.00134	0.00212	0.00797	0.00406	0.00378
27	0.88738	0.00776	0.00589	0.00527	0.00776	0.00900	0.00434	0.01179	0.00683	0.01799	0.00558	0.00651	0.00434	0.00372	0.00248	0.00124	0.00310	0.00217	0.00248	0.00434
28	0.02240	0.14954	0.01283	0.00902	0.01172	0.22664	0.03075	0.29192	0.13136	0.01630	0.00946	0.01087	0.00760	0.01647	0.00398	0.00119	0.00496	0.03427	0.00304	0.00567
29	0.00518	0.00367	0.00483	0.00546	0.00571	0.00360	0.00364	0.00583	0.00716	0.00964	0.01882	0.58863	0.02211	0.17766	0.11582	0.00268	0.00371	0.00942	0.00327	0.00314
30	0.01087	0.00866	0.00936	0.00812	0.01045	0.00983	0.00641	0.13920	0.59400	0.06078	0.02940	0.01510	0.04377	0.00560	0.00437	0.00134	0.02792	0.00454	0.00404	0.00623
31	0.01807	0.00700	0.00760	0.00698	0.02364	0.08753	0.02584	0.04087	0.11856	0.08810	0.35632	0.02431	0.12359	0.00716	0.00445	0.00129	0.00311	0.04704	0.00393	0.00463
32	0.01041	0.00836	0.00938	0.00702	0.01033	0.07476	0.03485	0.05634	0.00956	0.11453	0.00860	0.02627	0.00684	0.00362	0.00332	0.00079	0.00358	0.00293	0.00277	0.60574
33	0.01192	0.00984	0.01013	0.00860	0.01116	0.04098	0.00684	0.29659	0.50584	0.01938	0.01372	0.01331	0.01028	0.00527	0.00406	0.00130	0.00376	0.01663	0.00398	0.00641
34	0.00907	0.03136	0.01217	0.01016	0.01045	0.04471	0.00845	0.02811	0.00680	0.01005	0.00669	0.00975	0.03532	0.00688	0.01200	0.00168	0.74642	0.00362	0.00189	0.00444
35	0.04050	0.01083	0.01137	0.00892	0.01194	0.02476	0.00730	0.67938	0.11081	0.02368	0.01028	0.01020	0.00740	0.00484	0.00395	0.00122	0.00423	0.00366	0.01813	0.00661
36	0.04798	0.01025	0.01020	0.00865	0.03248	0.13787	0.00674	0.23846	0.15216	0.26334	0.01301	0.01231	0.03828	0.00498	0.00394	0.00122	0.00421	0.00386	0.00389	0.00617
37	0.01114	0.03645	0.01645	0.01522	0.20233	0.17142	0.26030	0.09668	0.04836	0.01341	0.00820	0.02879	0.00671	0.00427	0.00475	0.00126	0.06246	0.00392	0.00234	0.00554

[dist]
# distance from previous block
# <min> <max>
0	9

[block]
# block no. 9 follows, 67 sequences, length 57
# corresponding to MSA columns:
# 472-528
name=unknown_J
#
# <colnr> <probs for GDERKNQSTAVLIFYWHMCP>
#	G	D	E	R	K	N	Q	S	T	A	V	L	I	F	Y	W	H	M	C	P
0	0.09424	0.06122	0.01064	0.00847	0.03789	0.04542	0.00666	0.35697	0.15254	0.03357	0.09867	0.01278	0.02783	0.00515	0.00400	0.00122	0.01718	0.00398	0.00359	0.01800
1	0.05044	0.00478	0.00520	0.00504	0.00638	0.00454	0.00384	0.03871	0.05939	0.01332	0.21830	0.10255	0.42707	0.00912	0.00462	0.00136	0.00230	0.03535	0.00385	0.00384
2	0.53425	0.00905	0.01727	0.00645	0.00891	0.12047	0.01583	0.01326	0.01742	0.14068	0.05000	0.01005	0.03318	0.00441	0.00312	0.00122	0.00369	0.00303	0.00294	0.00476
3	0.37298	0.00975	0.04424	0.00722	0.00988	0.08203	0.00603	0.14937	0.13381	0.07344	0.03854	0.02254	0.00800	0.00457	0.00337	0.00123	0.00378	0.00329	0.00316	0.02277
4	0.00651	0.00473	0.00524	0.00511	0.00547	0.03433	0.00327	0.00730	0.03791	0.02324	0.05019	0.02356	0.01449	0.62116	0.13770	0.00389	0.00488	0.00548	0.00258	0.00297
5	0.01652	0.00715	0.00926	0.00732	0.01027	0.00664	0.00598	0.01987	0.16100	0.68643	0.01591	0.01389	0.01035	0.00505	0.00404	0.00126	0.00337	0.00412	0.00480	0.00674
6	0.00877	0.00877	0.01228	0.01053	0.01053	0.01228	0.00877	0.00965	0.00614	0.00965	0.00526	0.00877	0.00526	0.00702	0.01316	0.00175	0.85172	0.00351	0.00175	0.00439
7	0.03255	0.24726	0.13325	0.00998	0.03833	0.16803	0.07338	0.15982	0.03517	0.01378	0.00800	0.01004	0.00661	0.00430	0.00361	0.00113	0.00522	0.04165	0.00241	0.00547
8	0.60819	0.00836	0.00810	0.04134	0.09066	0.01928	0.00589	0.09997	0.00874	0.06756	0.00691	0.00780	0.00520	0.00392	0.00296	0.00123	0.00357	0.00264	0.00272	0.00497
9	0.00758	0.00415	0.00579	0.00558	0.00586	0.00427	0.00384	0.05530	0.03751	0.00845	0.00749	0.01214	0.00716	0.01305	0.01452	0.79603	0.00353	0.00353	0.00197	0.00223
10	0.00597	0.00397	0.00456	0.00444	0.00547	0.00367	0.00332	0.00762	0.00989	0.01439	0.38839	0.04405	0.21808	0.00772	0.00418	0.00120	0.00193	0.00659	0.26091	0.00367
11	0.00591	0.00416	0.00512	0.00553	0.00590	0.00416	0.00383	0.00703	0.04554	0.00977	0.01720	0.25071	0.01950	0.40960	0.01235	0.00272	0.00340	0.18134	0.00313	0.00311
12	0.36471	0.05539	0.06623	0.00775	0.01081	0.05876	0.03215	0.24130	0.01124	0.10507	0.00803	0.00845	0.00583	0.00417	0.00331	0.00120	0.00412	0.00293	0.00304	0.00551
13	0.00560	0.00442	0.00523	0.00555	0.00636	0.03001	0.01606	0.00663	0.00875	0.02365	0.11386	0.45558	0.24111	0.01086	0.00493	0.00150	0.00251	0.05017	0.00374	0.00350
14	0.01342	0.33039	0.01503	0.00807	0.01129	0.01316	0.00711	0.45572	0.01418	0.05498	0.00849	0.00877	0.00644	0.00430	0.00343	0.00107	0.00424	0.00308	0.03073	0.00609
15	0.00583	0.00389	0.00437	0.00437	0.00437	0.00389	0.00243	0.00583	0.00583	0.00778	0.01264	0.02624	0.01458	0.85906	0.02041	0.00389	0.00389	0.00583	0.00243	0.00243
16	0.01423	0.16970	0.01311	0.00968	0.01202	0.67299	0.00759	0.03652	0.01099	0.01016	0.00618	0.00715	0.00521	0.00403	0.00344	0.00101	0.00663	0.00253	0.00205	0.00480
17	0.03127	0.06373	0.38693	0.01063	0.01502	0.03122	0.10055	0.21593	0.01985	0.01572	0.00838	0.03922	0.00649	0.00430	0.00388	0.00122	0.00526	0.00355	0.00246	0.03440
18	0.02562	0.15966	0.16274	0.00900	0.01235	0.01149	0.02877	0.20216	0.29567	0.01648	0.01061	0.01068	0.00800	0.00461	0.00396	0.00123	0.02424	0.00356	0.00309	0.00607
19	0.75247	0.11920	0.00801	0.00557	0.00820	0.00997	0.00475	0.03088	0.00728	0.01705	0.00568	0.00658	0.00451	0.00371	0.00253	0.00119	0.00329	0.00220	0.00242	0.00451
20	0.00989	0.09861	0.47565	0.01170	0.09536	0.03672	0.01195	0.13210	0.06496	0.01446	0.00801	0.00898	0.00595	0.00402	0.00375	0.00121	0.00529	0.00313	0.00224	0.00601
21	0.00643	0.00510	0.00610	0.00631	0.02714	0.03164	0.00425	0.01795	0.04271	0.00988	0.03945	0.22396	0.04157	0.32611	0.13691	0.00313	0.05845	0.00669	0.00283	0.00339
22	0.00495	0.00356	0.00456	0.00535	0.00574	0.00329	0.00362	0.00572	0.00787	0.01045	0.02393	0.73677	0.11782	0.01204	0.00500	0.00158	0.00228	0.01083	0.03136	0.00329
23	0.02611	0.00604	0.00793	0.00637	0.00883	0.00534	0.00516	0.02624	0.01121	0.56113	0.18257	0.01842	0.06690	0.00591	0.00414	0.00124	0.00296	0.00492	0.04275	0.00583
24	0.01351	0.01037	0.01106	0.00888	0.01178	0.01163	0.00720	0.55723	0.28512	0.02247	0.01183	0.01139	0.00861	0.00502	0.00403	0.00126	0.00400	0.00392	0.00403	0.00666
25	0.20930	0.00566	0.00583	0.00508	0.00696	0.00577	0.00405	0.04497	0.00918	0.20409	0.01187	0.01253	0.00872	0.00453	0.00306	0.00108	0.00260	0.00345	0.44655	0.00471
26	0.86041	0.00773	0.00600	0.00533	0.00783	0.00890	0.00439	0.01203	0.00697	0.04340	0.00590	0.00674	0.00452	0.00376	0.00253	0.00124	0.00311	0.00223	0.00256	0.00442
27	0.00565	0.00397	0.00535	0.00560	0.00596	0.00419	0.00392	0.00636	0.00659	0.00905	0.01413	0.20846	0.01551	0.27993	0.33278	0.04244	0.00615	0.03824	0.00263	0.00308
28	0.01072	0.86147	0.02102	0.00686	0.01029	0.01587	0.00686	0.01201	0.00815	0.00944	0.00558	0.00643	0.00515	0.00343	0.00257	0.00086	0.00429	0.00214	0.00172	0.00515
29	0.34400	0.06413	0.01124	0.03067	0.15782	0.09506	0.03942	0.12671	0.00995	0.07573	0.00745	0.00842	0.00568	0.00396	0.00332	0.00119	0.00430	0.00293	0.00266	0.00536
30	0.00889	0.00752	0.01168	0.02802	0.48671	0.00759	0.00879	0.02114	0.05169	0.01404	0.09113	0.03157	0.01107	0.00459	0.00382	0.00116	0.00371	0.00419	0.19724	0.00543
