[name]
unknown

[dist]
# distance from previous block
# <min> <max>
0	77

[block]
# block no. 0 follows, 68 sequences, length 8
# corresponding to MSA columns:
# 77-84
name=unknown_A
#
# <colnr> <probs for GDERKNQSTAVLIFYWHMCP>
#	G	D	E	R	K	N	Q	S	T	A	V	L	I	F	Y	W	H	M	C	P
0	0.01193	0.00868	0.00984	0.00764	0.01069	0.00856	0.00629	0.39457	0.01346	0.07541	0.01027	0.01303	0.00833	0.00478	0.00376	0.00105	0.00372	0.08770	0.00343	0.31686
1	0.00679	0.00704	0.08773	0.00739	0.00887	0.05303	0.08001	0.00849	0.00759	0.01062	0.05090	0.11884	0.01263	0.10780	0.33605	0.00355	0.00669	0.00518	0.07695	0.00385
2	0.00566	0.00425	0.00637	0.00637	0.00708	0.00496	0.00496	0.00708	0.00637	0.00920	0.01062	0.01558	0.00991	0.02974	0.84494	0.00637	0.01062	0.00425	0.00212	0.00354
3	0.00557	0.00376	0.00438	0.00457	0.00462	0.00372	0.00266	0.00572	0.00614	0.00819	0.01441	0.19677	0.01684	0.68652	0.01708	0.00339	0.00353	0.00690	0.00266	0.00257
4	0.01463	0.00724	0.00899	0.00726	0.00995	0.00706	0.00587	0.07275	0.21049	0.51336	0.08576	0.01493	0.01254	0.00529	0.00406	0.00125	0.00325	0.00435	0.00459	0.00637
5	0.00485	0.00399	0.00429	0.00443	0.00560	0.00343	0.00333	0.00592	0.00900	0.01098	0.07732	0.12371	0.65939	0.01025	0.00477	0.00139	0.00213	0.05812	0.00371	0.00337
6	0.00481	0.00394	0.00424	0.00434	0.00548	0.00337	0.00319	0.00586	0.00907	0.01120	0.12473	0.15725	0.62842	0.01018	0.00474	0.00137	0.00204	0.00866	0.00376	0.00337
7	0.66627	0.04876	0.00763	0.00605	0.00845	0.00946	0.00505	0.06049	0.00779	0.07374	0.00643	0.00728	0.00493	0.00407	0.00347	0.00125	0.06915	0.00246	0.00262	0.00465

[dist]
# distance from previous block
# <min> <max>
0	1

[block]
# block no. 1 follows, 68 sequences, length 13
# corresponding to MSA columns:
# 86-98
name=unknown_B
#
# <colnr> <probs for GDERKNQSTAVLIFYWHMCP>
#	G	D	E	R	K	N	Q	S	T	A	V	L	I	F	Y	W	H	M	C	P
0	0.01039	0.05907	0.02432	0.03320	0.13273	0.04944	0.00755	0.07735	0.32474	0.05079	0.01138	0.01179	0.01851	0.00532	0.02370	0.00134	0.06895	0.00375	0.00306	0.08263
1	0.03686	0.03580	0.03732	0.18592	0.26671	0.04394	0.06122	0.02758	0.19589	0.01315	0.00952	0.02153	0.00762	0.00436	0.00416	0.00127	0.02596	0.01317	0.00247	0.00555
2	0.01089	0.80552	0.02013	0.00702	0.01032	0.07219	0.00684	0.01214	0.00827	0.00935	0.00555	0.00641	0.00509	0.00344	0.00261	0.00086	0.00444	0.00215	0.00172	0.00505
3	0.02958	0.01557	0.06771	0.05809	0.06623	0.50654	0.00835	0.08932	0.06969	0.01217	0.00750	0.00863	0.00598	0.00502	0.03168	0.00128	0.00629	0.00298	0.00233	0.00506
4	0.00946	0.00696	0.00824	0.00607	0.00934	0.00552	0.00484	0.01158	0.04760	0.12143	0.00881	0.00989	0.00701	0.03558	0.00378	0.00083	0.00304	0.00279	0.00277	0.69445
5	0.00489	0.00381	0.00444	0.00474	0.00559	0.00336	0.00338	0.00592	0.00885	0.01133	0.16169	0.34295	0.40367	0.01062	0.00482	0.00143	0.00210	0.00926	0.00379	0.00336
6	0.00566	0.00425	0.00637	0.00637	0.00708	0.00496	0.00496	0.00708	0.00637	0.00920	0.01062	0.01558	0.00991	0.02974	0.84494	0.00637	0.01062	0.00425	0.00212	0.00354
7	0.00837	0.04455	0.74762	0.01094	0.01646	0.00954	0.01377	0.04089	0.04787	0.01308	0.00758	0.00866	0.00542	0.00387	0.00375	0.00125	0.00563	0.00300	0.00187	0.00589
8	0.01071	0.00592	0.00774	0.00687	0.00869	0.00572	0.02888	0.03864	0.13483	0.30330	0.05703	0.27947	0.03657	0.02075	0.00470	0.00143	0.00304	0.03642	0.00414	0.00513
9	0.00827	0.07438	0.57695	0.01041	0.03681	0.00899	0.02821	0.03864	0.00843	0.02587	0.00792	0.01027	0.00628	0.06642	0.07381	0.00183	0.00589	0.00327	0.00191	0.00542
10	0.00540	0.00383	0.00436	0.00455	0.00488	0.00365	0.00285	0.00577	0.00684	0.00884	0.02001	0.17541	0.18437	0.51616	0.01398	0.00289	0.00319	0.02733	0.00292	0.00277
11	0.36914	0.00808	0.00805	0.00728	0.03971	0.00892	0.00558	0.12257	0.21482	0.08217	0.01138	0.02667	0.04227	0.00474	0.00338	0.00124	0.00328	0.00355	0.00330	0.03386
12	0.02474	0.05085	0.03842	0.05416	0.01207	0.08874	0.02762	0.27780	0.23630	0.03835	0.01196	0.04199	0.01935	0.02478	0.00434	0.00132	0.00426	0.03383	0.00339	0.00573

[dist]
# distance from previous block
# <min> <max>
0	47

[block]
# block no. 2 follows, 68 sequences, length 26
# corresponding to MSA columns:
# 146-171
name=unknown_C
#
# <colnr> <probs for GDERKNQSTAVLIFYWHMCP>
#	G	D	E	R	K	N	Q	S	T	A	V	L	I	F	Y	W	H	M	C	P
0	0.01014	0.04820	0.01153	0.01770	0.03407	0.09147	0.14022	0.02557	0.05215	0.11664	0.02441	0.02800	0.09746	0.00459	0.00377	0.00103	0.00408	0.00401	0.00285	0.28213
1	0.01080	0.14479	0.28203	0.01031	0.06999	0.05771	0.02144	0.13591	0.03171	0.07382	0.00797	0.00884	0.00601	0.00407	0.00403	0.00113	0.04663	0.00304	0.00243	0.07735
2	0.00597	0.00475	0.00614	0.00612	0.00723	0.00457	0.03902	0.02718	0.07583	0.01217	0.11217	0.29103	0.24227	0.00994	0.00486	0.00149	0.00270	0.13904	0.00371	0.00380
3	0.00973	0.03257	0.01531	0.11900	0.64652	0.02787	0.02562	0.01202	0.00895	0.03198	0.00788	0.03050	0.00667	0.00384	0.00393	0.00120	0.00476	0.00369	0.00205	0.00591
4	0.00858	0.20835	0.63451	0.01044	0.01570	0.01068	0.03529	0.01241	0.00833	0.01184	0.00678	0.00799	0.00506	0.00367	0.00352	0.00117	0.00552	0.00280	0.00169	0.00567
5	0.00489	0.00354	0.00459	0.00540	0.00574	0.00329	0.00366	0.00562	0.00769	0.01014	0.02307	0.73927	0.09396	0.04020	0.00554	0.00167	0.00236	0.03252	0.00364	0.00322
6	0.00987	0.01022	0.00869	0.02994	0.02814	0.32516	0.03750	0.01133	0.03166	0.04164	0.01283	0.23321	0.03225	0.02926	0.08525	0.00180	0.00531	0.00552	0.05621	0.00419
7	0.00858	0.00736	0.00957	0.00685	0.01040	0.00571	0.07561	0.01047	0.00841	0.03544	0.00737	0.00858	0.00599	0.00303	0.00312	0.00067	0.00327	0.00260	0.00239	0.78459
8	0.00576	0.00387	0.00446	0.00446	0.00451	0.00392	0.00257	0.00585	0.00581	0.00779	0.01237	0.02525	0.01411	0.80452	0.07590	0.00401	0.00430	0.00566	0.00238	0.00248
9	0.00481	0.00403	0.00419	0.00417	0.00547	0.00341	0.00315	0.00592	0.00926	0.01125	0.11928	0.03742	0.73956	0.00986	0.00470	0.00134	0.00202	0.02301	0.00375	0.00339
10	0.00899	0.00523	0.00659	0.00609	0.00751	0.00501	0.00459	0.07461	0.05305	0.19829	0.22825	0.31621	0.05214	0.00858	0.00457	0.00137	0.00263	0.00752	0.00417	0.00458
11	0.01121	0.01290	0.01177	0.01033	0.01117	0.35638	0.00826	0.01214	0.00821	0.00961	0.00559	0.00804	0.00516	0.00576	0.00911	0.00144	0.50352	0.00309	0.00186	0.00444
12	0.01622	0.00926	0.01075	0.00825	0.01137	0.00955	0.00681	0.48196	0.01555	0.37010	0.01212	0.01121	0.00805	0.00482	0.00398	0.00121	0.00394	0.00375	0.00437	0.00674
13	0.01689	0.01062	0.01188	0.00938	0.01254	0.01097	0.00754	0.53155	0.05663	0.26433	0.01300	0.01286	0.00922	0.00575	0.00458	0.00147	0.00448	0.00420	0.00469	0.00741
14	0.00480	0.00355	0.00450	0.00525	0.00568	0.00324	0.00356	0.00555	0.00785	0.01023	0.02511	0.71207	0.17012	0.01200	0.00499	0.00156	0.00225	0.01075	0.00368	0.00324
15	0.01060	0.86304	0.02078	0.00678	0.01018	0.01569	0.00678	0.01187	0.00806	0.00933	0.00551	0.00636	0.00509	0.00339	0.00254	0.00085	0.00424	0.00212	0.00170	0.00509
16	0.00494	0.00390	0.00447	0.00468	0.00566	0.00343	0.00343	0.00604	0.00905	0.01148	0.16828	0.24184	0.46789	0.01035	0.00481	0.00141	0.00212	0.03904	0.00380	0.00339
17	0.00512	0.00401	0.00465	0.00469	0.00577	0.00355	0.00354	0.00643	0.00962	0.01242	0.29561	0.11052	0.44640	0.00969	0.00477	0.00137	0.00210	0.06235	0.00390	0.00348
18	0.00831	0.15246	0.63789	0.01055	0.01570	0.01005	0.04426	0.01218	0.00826	0.01189	0.00707	0.00850	0.00531	0.00497	0.04502	0.00145	0.00587	0.00293	0.00171	0.00560
19	0.01094	0.58661	0.06112	0.00776	0.01097	0.09017	0.03780	0.03361	0.00874	0.05089	0.00670	0.00776	0.00572	0.00536	0.05980	0.00130	0.00508	0.00257	0.00199	0.00511
20	0.00717	0.00567	0.00748	0.00688	0.00818	0.04603	0.08616	0.02008	0.04008	0.07060	0.14615	0.36248	0.13661	0.00916	0.00472	0.00142	0.00305	0.03041	0.00364	0.00403
21	0.00985	0.01014	0.02125	0.01597	0.05954	0.00955	0.68457	0.01316	0.02847	0.06655	0.00908	0.01198	0.00693	0.00373	0.00461	0.00134	0.00620	0.02933	0.00229	0.00545
22	0.00759	0.00447	0.00640	0.00619	0.02552	0.00457	0.02439	0.07540	0.00659	0.00884	0.00774	0.01306	0.00758	0.08785	0.03363	0.66817	0.00383	0.00371	0.00200	0.00245
23	0.05415	0.01039	0.02448	0.05569	0.16708	0.06851	0.26345	0.12207	0.13529	0.04506	0.00932	0.01061	0.00703	0.00404	0.00409	0.00126	0.00513	0.00391	0.00268	0.00575
24	0.02197	0.00982	0.00978	0.06590	0.05211	0.14945	0.01401	0.09488	0.35217	0.04748	0.05113	0.02938	0.02308	0.02607	0.00439	0.00132	0.00413	0.01997	0.00336	0.01961
25	0.03289	0.05614	0.03064	0.01020	0.01276	0.40351	0.11353	0.12297	0.06266	0.01302	0.01946	0.02426	0.00674	0.00438	0.00409	0.00113	0.03672	0.00332	0.00247	0.03912

[dist]
# distance from previous block
# <min> <max>
0	72

[block]
# block no. 3 follows, 68 sequences, length 12
# corresponding to MSA columns:
# 256-267
name=unknown_D
#
# <colnr> <probs for GDERKNQSTAVLIFYWHMCP>
#	G	D	E	R	K	N	Q	S	T	A	V	L	I	F	Y	W	H	M	C	P
0	0.02495	0.04303	0.01465	0.05629	0.06379	0.17298	0.19426	0.16795	0.05950	0.04208	0.07067	0.02432	0.02275	0.00547	0.00460	0.00144	0.00553	0.01654	0.00324	0.00597
1	0.00666	0.00500	0.00529	0.00547	0.00617	0.05413	0.00395	0.02926	0.00822	0.01144	0.01827	0.31269	0.09237	0.12010	0.00666	0.00169	0.03395	0.06351	0.21167	0.00349
2	0.00712	0.00621	0.00702	0.00672	0.00747	0.09548	0.00506	0.03167	0.00712	0.00945	0.01013	0.01605	0.00987	0.18279	0.52305	0.00489	0.05985	0.00429	0.00220	0.00358
3	0.00522	0.00375	0.00476	0.00545	0.00573	0.00363	0.00359	0.00629	0.04562	0.01003	0.02007	0.68372	0.02365	0.14969	0.00747	0.00196	0.00259	0.01006	0.00349	0.00323
4	0.46730	0.00839	0.01017	0.03729	0.32615	0.00913	0.00762	0.04816	0.00823	0.01597	0.00665	0.00818	0.00532	0.00370	0.00314	0.00120	0.00379	0.00282	0.02163	0.00516
5	0.01065	0.01010	0.01153	0.04838	0.30832	0.17474	0.00844	0.04338	0.13622	0.05460	0.05291	0.05658	0.02626	0.00493	0.00395	0.00120	0.00447	0.00420	0.03368	0.00547
6	0.00508	0.00397	0.00466	0.00468	0.00570	0.00356	0.00346	0.00636	0.00943	0.01230	0.30406	0.13831	0.41334	0.01086	0.05469	0.00164	0.00251	0.00809	0.00382	0.00348
7	0.01060	0.86304	0.02078	0.00678	0.01018	0.01569	0.00678	0.01187	0.00806	0.00933	0.00551	0.00636	0.00509	0.00339	0.00254	0.00085	0.00424	0.00212	0.00170	0.00509
8	0.01205	0.01323	0.10258	0.01054	0.03919	0.25079	0.05698	0.18493	0.01099	0.05046	0.00769	0.00966	0.00626	0.04975	0.00654	0.00141	0.17586	0.00339	0.00249	0.00522
9	0.00575	0.00393	0.00474	0.00474	0.00488	0.00407	0.00291	0.00603	0.00589	0.00799	0.01212	0.02387	0.01351	0.69389	0.18571	0.00435	0.00520	0.00546	0.00235	0.00263
10	0.00693	0.07936	0.03883	0.00680	0.00800	0.07550	0.00556	0.00835	0.00696	0.00930	0.00978	0.01437	0.00916	0.06806	0.62882	0.00513	0.00926	0.00396	0.00208	0.00379
11	0.62082	0.00982	0.00791	0.00679	0.00932	0.14149	0.03384	0.08166	0.00869	0.03973	0.00633	0.00716	0.00485	0.00386	0.00288	0.00120	0.00396	0.00247	0.00257	0.00466

[dist]
# distance from previous block
# <min> <max>
0	2

[block]
# block no. 4 follows, 68 sequences, length 20
# corresponding to MSA columns:
# 270-289
name=unknown_E
#
# <colnr> <probs for GDERKNQSTAVLIFYWHMCP>
#	G	D	E	R	K	N	Q	S	T	A	V	L	I	F	Y	W	H	M	C	P
0	0.00550	0.00419	0.00570	0.00600	0.00650	0.00451	0.00437	0.00674	0.02805	0.00998	0.03407	0.40076	0.06032	0.05517	0.30020	0.00335	0.05039	0.00775	0.00300	0.00345
1	0.01047	0.00747	0.00979	0.02067	0.04372	0.04669	0.08293	0.15136	0.01081	0.16299	0.04064	0.21885	0.03102	0.00757	0.03177	0.00146	0.00400	0.03941	0.00348	0.07491
2	0.00502	0.00401	0.00449	0.00442	0.00557	0.00348	0.00330	0.00632	0.00975	0.01252	0.32041	0.06830	0.51949	0.00945	0.00470	0.00132	0.00197	0.00806	0.00392	0.00348
3	0.01274	0.04015	0.01089	0.00871	0.01129	0.12858	0.00699	0.39430	0.25053	0.01880	0.01089	0.01101	0.00822	0.00649	0.06081	0.00155	0.00482	0.00369	0.00351	0.00603
4	0.13174	0.00722	0.00858	0.00677	0.00956	0.00698	0.00556	0.13953	0.01155	0.51671	0.01401	0.01289	0.03686	0.00488	0.00371	0.00120	0.00332	0.00381	0.06905	0.00608
5	0.00570	0.00412	0.00570	0.00570	0.00618	0.00459	0.00412	0.00665	0.00617	0.00871	0.01123	0.01896	0.01138	0.30122	0.57547	0.00555	0.00841	0.00474	0.00222	0.00317
6	0.00523	0.00396	0.00484	0.00507	0.00589	0.00364	0.00366	0.00671	0.03283	0.01240	0.29468	0.33461	0.23544	0.01016	0.00482	0.00142	0.00214	0.02507	0.00392	0.00352
7	0.01017	0.00853	0.00905	0.00804	0.01028	0.00976	0.00627	0.11194	0.68934	0.01718	0.01571	0.06214	0.01229	0.00571	0.00408	0.00134	0.00323	0.00476	0.00401	0.00616
8	0.00859	0.00696	0.01220	0.00960	0.01185	0.00683	0.26110	0.03732	0.00834	0.09550	0.01011	0.01370	0.00854	0.07063	0.34350	0.00345	0.00736	0.00428	0.00247	0.07769
9	0.65192	0.00893	0.00720	0.00625	0.00873	0.06945	0.00507	0.13804	0.02625	0.01813	0.00677	0.02606	0.00538	0.00411	0.00286	0.00122	0.00355	0.00265	0.00272	0.00471
10	0.16970	0.04969	0.01151	0.00959	0.01194	0.57577	0.06261	0.04405	0.01045	0.01189	0.00625	0.00732	0.00508	0.00396	0.00342	0.00108	0.00617	0.00265	0.00217	0.00469
11	0.00596	0.00472	0.00550	0.00573	0.01926	0.00453	0.00444	0.00848	0.10321	0.01244	0.12962	0.05847	0.38649	0.00929	0.00474	0.00144	0.00256	0.19950	0.02976	0.00386
12	0.00961	0.00917	0.01561	0.05800	0.77586	0.00924	0.01193	0.01196	0.00899	0.01280	0.00788	0.01097	0.00677	0.00379	0.00398	0.00120	0.00470	0.02943	0.00201	0.00612
13	0.00562	0.00381	0.00434	0.00444	0.00452	0.00376	0.00257	0.00574	0.00610	0.00808	0.01463	0.11809	0.04838	0.73334	0.01790	0.00350	0.00360	0.00648	0.00259	0.00253
14	0.00538	0.00403	0.00505	0.00527	0.00618	0.00370	0.00405	0.00680	0.00960	0.01273	0.32437	0.18293	0.24140	0.00993	0.00490	0.00145	0.00233	0.16243	0.00393	0.00353
15	0.00540	0.00395	0.00518	0.00589	0.00656	0.00374	0.00453	0.00660	0.00855	0.01115	0.07144	0.40840	0.14266	0.01132	0.00513	0.00162	0.00270	0.28806	0.00371	0.00342
16	0.00601	0.00413	0.00471	0.00483	0.00575	0.00390	0.00351	0.04937	0.00917	0.01285	0.12741	0.30218	0.23429	0.00908	0.00434	0.00132	0.00217	0.00787	0.20349	0.00361
17	0.00883	0.00805	0.01087	0.00934	0.01007	0.01044	0.02528	0.09211	0.07861	0.01167	0.00779	0.01102	0.00705	0.03469	0.15542	0.00250	0.50565	0.00379	0.00225	0.00458
18	0.18666	0.25154	0.14858	0.00852	0.01181	0.13092	0.06130	0.08528	0.03014	0.01336	0.00688	0.00823	0.00561	0.03133	0.00375	0.00119	0.00482	0.00280	0.00220	0.00509
19	0.04615	0.02215	0.00993	0.00904	0.06274	0.18506	0.00666	0.20456	0.15827	0.09785	0.04799	0.06371	0.01027	0.00522	0.00385	0.00120	0.00423	0.00413	0.05145	0.00554

[dist]
# distance from previous block
# <min> <max>
1	35

[block]
# block no. 5 follows, 68 sequences, length 28
# corresponding to MSA columns:
# 325-352
name=unknown_F
#
# <colnr> <probs for GDERKNQSTAVLIFYWHMCP>
#	G	D	E	R	K	N	Q	S	T	A	V	L	I	F	Y	W	H	M	C	P
0	0.01135	0.38899	0.11216	0.00905	0.04405	0.20657	0.01832	0.05606	0.00954	0.03564	0.02700	0.00829	0.00634	0.00484	0.03374	0.00121	0.01685	0.00276	0.00209	0.00515
1	0.00957	0.47613	0.24627	0.00821	0.01190	0.06619	0.00882	0.01177	0.00816	0.01024	0.00658	0.00802	0.00562	0.00655	0.09928	0.00160	0.00561	0.00262	0.00176	0.00509
2	0.11763	0.06602	0.17761	0.00859	0.01147	0.27093	0.00788	0.06805	0.05263	0.03360	0.02847	0.07592	0.01698	0.00503	0.00383	0.01749	0.00499	0.00363	0.00251	0.02674
3	0.02652	0.00975	0.01112	0.00891	0.01152	0.10601	0.09144	0.31806	0.03405	0.11962	0.09487	0.01448	0.02211	0.00623	0.03725	0.00142	0.00464	0.04771	0.00353	0.03076
4	0.00546	0.00423	0.00479	0.00480	0.00587	0.00391	0.00355	0.00731	0.06119	0.01239	0.23059	0.14184	0.39177	0.03971	0.00518	0.00144	0.00219	0.02909	0.04111	0.00360
5	0.00863	0.00886	0.04720	0.40396	0.36715	0.00918	0.07542	0.01129	0.00852	0.01162	0.00730	0.01017	0.00575	0.00373	0.00400	0.00126	0.00518	0.00359	0.00186	0.00533
6	0.01038	0.00972	0.01592	0.01343	0.10883	0.03935	0.34173	0.18861	0.03140	0.03122	0.04278	0.08583	0.02378	0.00500	0.00467	0.00131	0.03287	0.00491	0.00280	0.00546
7	0.00577	0.00384	0.00432	0.00432	0.00432	0.00384	0.00240	0.00577	0.00577	0.00769	0.01249	0.02595	0.01441	0.86066	0.02018	0.00384	0.00384	0.00577	0.00240	0.00240
8	0.00576	0.00399	0.00510	0.00512	0.00543	0.00425	0.00343	0.00639	0.00613	0.00858	0.01199	0.03960	0.01278	0.49055	0.33764	0.00467	0.00635	0.00522	0.03411	0.00291
9	0.03122	0.00764	0.01302	0.04361	0.02219	0.01872	0.31403	0.02348	0.10352	0.01270	0.06365	0.09544	0.09866	0.03935	0.03726	0.00167	0.00473	0.06163	0.00287	0.00461
10	0.02142	0.14686	0.58895	0.01026	0.01513	0.10557	0.01224	0.01264	0.00861	0.01176	0.00711	0.02928	0.00557	0.00396	0.00357	0.00118	0.00563	0.00296	0.00178	0.00551
11	0.00659	0.00444	0.00555	0.00517	0.00636	0.00410	0.00391	0.00868	0.04785	0.07968	0.58036	0.06346	0.15226	0.00820	0.00461	0.00128	0.00208	0.00715	0.00426	0.00401
12	0.00977	0.01064	0.01058	0.00944	0.01019	0.25151	0.00754	0.01081	0.00763	0.00951	0.00669	0.00979	0.00624	0.01125	0.19780	0.00257	0.41850	0.00338	0.00191	0.00423
13	0.00892	0.32861	0.54050	0.00965	0.01461	0.01158	0.01177	0.01231	0.00826	0.01138	0.00653	0.00764	0.00505	0.00363	0.00332	0.00111	0.00527	0.00263	0.00168	0.00558
14	0.00498	0.00368	0.00510	0.00578	0.00617	0.00345	0.02382	0.00577	0.00769	0.01021	0.02194	0.77894	0.05454	0.01243	0.02154	0.00169	0.00258	0.02279	0.00361	0.00329
15	0.00567	0.00423	0.00630	0.00630	0.00698	0.00492	0.00486	0.00703	0.00635	0.00915	0.01069	0.01595	0.01007	0.05960	0.81530	0.00628	0.01038	0.00430	0.00213	0.00350
16	0.00571	0.00429	0.00515	0.00501	0.00609	0.00399	0.00372	0.00778	0.06235	0.02644	0.44520	0.13521	0.25637	0.00897	0.00468	0.00132	0.00207	0.00780	0.00408	0.00377
17	0.00980	0.00946	0.01629	0.02413	0.81369	0.00944	0.03424	0.01218	0.00904	0.01295	0.00747	0.00984	0.00627	0.00353	0.00395	0.00118	0.00476	0.00356	0.00196	0.00625
18	0.01048	0.00841	0.03089	0.00869	0.04007	0.03064	0.03558	0.02871	0.43788	0.11824	0.02622	0.01428	0.01901	0.00558	0.01340	0.00136	0.07039	0.01598	0.07843	0.00575
19	0.00517	0.00385	0.00509	0.00565	0.00619	0.00359	0.01831	0.02082	0.00820	0.01080	0.05451	0.66425	0.12532	0.01161	0.00499	0.00156	0.00241	0.04062	0.00368	0.00337
20	0.00575	0.00411	0.00566	0.00658	0.00721	0.00402	0.00529	0.00712	0.00850	0.01116	0.02134	0.37575	0.02420	0.01155	0.00531	0.00174	0.00310	0.48447	0.00366	0.00348
21	0.01475	0.03911	0.01161	0.00991	0.01221	0.66141	0.00761	0.17274	0.01260	0.01267	0.00677	0.00759	0.00543	0.00420	0.00362	0.00105	0.00653	0.00274	0.00241	0.00503
22	0.00822	0.00705	0.00822	0.00587	0.00940	0.00529	0.00470	0.00998	0.00822	0.01292	0.00705	0.00822	0.00587	0.00294	0.00294	0.00059	0.00294	0.00235	0.00235	0.88490
23	0.00577	0.00384	0.00432	0.00432	0.00432	0.00384	0.00240	0.00577	0.00577	0.00769	0.01249	0.02595	0.01441	0.86066	0.02018	0.00384	0.00384	0.00577	0.00240	0.00240
24	0.00633	0.00483	0.00677	0.00660	0.00752	0.00560	0.00515	0.03727	0.07152	0.01035	0.01102	0.01530	0.00997	0.02693	0.74879	0.00579	0.00981	0.00424	0.00234	0.00387
25	0.01262	0.04208	0.02780	0.03128	0.21166	0.16597	0.02129	0.20402	0.07636	0.10127	0.00918	0.01021	0.00704	0.02289	0.00455	0.00124	0.03829	0.00348	0.00290	0.00586
26	0.00786	0.00560	0.01965	0.00647	0.03673	0.02594	0.00479	0.06180	0.01068	0.10282	0.40640	0.12290	0.07931	0.04323	0.00519	0.00140	0.00271	0.03834	0.00395	0.01423
27	0.12490	0.09076	0.01159	0.03414	0.05291	0.55647	0.00743	0.02881	0.03825	0.01137	0.00649	0.00752	0.00533	0.00400	0.00339	0.00106	0.00601	0.00262	0.00215	0.00477

[dist]
# distance from previous block
# <min> <max>
0	13

[block]
# block no. 6 follows, 68 sequences, length 20
# corresponding to MSA columns:
# 366-385
name=unknown_G
#
# <colnr> <probs for GDERKNQSTAVLIFYWHMCP>
#	G	D	E	R	K	N	Q	S	T	A	V	L	I	F	Y	W	H	M	C	P
0	0.01031	0.53652	0.13863	0.01972	0.02957	0.01270	0.04455	0.01249	0.03034	0.07022	0.00787	0.03218	0.00681	0.00410	0.00317	0.00104	0.00445	0.02793	0.00212	0.00529
1	0.00983	0.00730	0.02429	0.00693	0.04226	0.00582	0.00534	0.03774	0.02548	0.14087	0.00966	0.01073	0.02633	0.03994	0.00398	0.00091	0.00320	0.00303	0.00284	0.59352
2	0.00470	0.00397	0.00406	0.00414	0.00539	0.00334	0.00307	0.00568	0.00892	0.01066	0.03871	0.10336	0.77005	0.01023	0.00472	0.00136	0.00203	0.00860	0.00368	0.00334
3	0.00980	0.00837	0.01039	0.11963	0.13010	0.03388	0.01959	0.11252	0.32173	0.03470	0.08636	0.03671	0.03883	0.00533	0.00409	0.00128	0.00379	0.00457	0.00336	0.01497
4	0.01452	0.03706	0.01185	0.00901	0.01201	0.08741	0.00739	0.68174	0.04002	0.02266	0.03089	0.00988	0.00750	0.00476	0.00391	0.00117	0.00451	0.00355	0.00374	0.00641
5	0.02331	0.00827	0.06480	0.02624	0.04687	0.00657	0.00615	0.08280	0.03650	0.06742	0.02973	0.03595	0.00777	0.00385	0.00336	0.00085	0.00338	0.00315	0.00273	0.54031
6	0.04232	0.15234	0.03127	0.00656	0.00868	0.00743	0.00552	0.07864	0.03968	0.19598	0.15204	0.17800	0.03535	0.00694	0.00408	0.00127	0.00317	0.04210	0.00367	0.00494
7	0.00577	0.00384	0.00432	0.00432	0.00432	0.00384	0.00240	0.00577	0.00577	0.00769	0.01249	0.02595	0.01441	0.86066	0.02018	0.00384	0.00384	0.00577	0.00240	0.00240
8	0.01082	0.82031	0.02033	0.00690	0.01028	0.01552	0.00682	0.05254	0.00859	0.01011	0.00571	0.00652	0.00517	0.00346	0.00262	0.00087	0.00425	0.00219	0.00181	0.00517
9	0.02223	0.00765	0.01002	0.05704	0.04054	0.01646	0.06599	0.24895	0.03921	0.11116	0.02184	0.10842	0.01134	0.02754	0.05545	0.01821	0.01673	0.06615	0.04989	0.00518
10	0.00877	0.00836	0.01421	0.39518	0.47323	0.00915	0.01165	0.01125	0.00853	0.01169	0.00727	0.01015	0.00583	0.00373	0.00394	0.00124	0.00497	0.00353	0.00187	0.00544
11	0.00539	0.00401	0.00501	0.00483	0.00580	0.00364	0.00360	0.00703	0.01060	0.01459	0.63666	0.07653	0.19022	0.00871	0.00470	0.00128	0.00192	0.00763	0.00420	0.00364
12	0.00859	0.00811	0.01359	0.41477	0.39020	0.00912	0.01120	0.01100	0.00834	0.01149	0.00729	0.01024	0.00585	0.00394	0.00437	0.00127	0.04748	0.00353	0.02439	0.00523
13	0.00987	0.00655	0.00902	0.07514	0.01090	0.02315	0.06979	0.08208	0.06604	0.18703	0.15996	0.15685	0.01803	0.00721	0.00450	0.00138	0.00352	0.10029	0.00379	0.00490
14	0.00492	0.00353	0.00456	0.00532	0.00562	0.00329	0.00354	0.00560	0.00762	0.01010	0.04234	0.72195	0.07237	0.08149	0.00627	0.00177	0.00240	0.01055	0.00359	0.00317
15	0.13130	0.00732	0.00893	0.00700	0.00991	0.00700	0.00576	0.11067	0.02957	0.59137	0.04093	0.01268	0.00971	0.00485	0.00381	0.00123	0.00339	0.00381	0.00444	0.00631
16	0.00924	0.11331	0.01521	0.28103	0.45514	0.02322	0.01102	0.01151	0.00855	0.01152	0.00703	0.00957	0.00579	0.00371	0.00391	0.00119	0.01835	0.00334	0.00186	0.00549
17	0.00894	0.00840	0.01416	0.14027	0.61884	0.00863	0.01108	0.01118	0.00876	0.01228	0.00913	0.07926	0.00844	0.00462	0.00409	0.00126	0.00455	0.03833	0.00214	0.00566
18	0.00580	0.00447	0.00661	0.00657	0.00720	0.00529	0.00510	0.00713	0.00644	0.00929	0.01104	0.07195	0.01072	0.02715	0.73647	0.00576	0.06258	0.00467	0.00220	0.00357
19	0.00489	0.00354	0.00452	0.00527	0.00559	0.00328	0.00351	0.00556	0.00759	0.00998	0.02292	0.70723	0.10622	0.08220	0.00627	0.00177	0.00240	0.01053	0.00358	0.00317

[dist]
# distance from previous block
# <min> <max>
0	21

# created by:
# /st0/software/busco_prod/Augustus/scripts/msa2prfl.pl ./align_prep/33122.fa
