[name]
unknown

[dist]
# distance from previous block
# <min> <max>
0	25

[block]
# block no. 0 follows, 64 sequences, length 10
# corresponding to MSA columns:
# 25-34
name=unknown_A
#
# <colnr> <probs for GDERKNQSTAVLIFYWHMCP>
#	G	D	E	R	K	N	Q	S	T	A	V	L	I	F	Y	W	H	M	C	P
0	0.27442	0.00555	0.00523	0.00507	0.00668	0.00566	0.00389	0.00875	0.04227	0.01393	0.07652	0.07989	0.36947	0.05268	0.00507	0.00153	0.00266	0.03336	0.00345	0.00391
1	0.01539	0.01178	0.01248	0.01055	0.06635	0.06917	0.00810	0.64493	0.04095	0.06332	0.01010	0.01018	0.00723	0.00488	0.00413	0.00124	0.00471	0.00371	0.00393	0.00686
2	0.00724	0.00568	0.00673	0.00621	0.00761	0.00588	0.00473	0.01220	0.25953	0.01688	0.57809	0.02627	0.03107	0.00762	0.00469	0.00134	0.00237	0.00665	0.00447	0.00473
3	0.04694	0.00594	0.00761	0.00633	0.00833	0.00540	0.00479	0.01459	0.00964	0.49119	0.01542	0.07562	0.01272	0.26567	0.00939	0.00215	0.00360	0.00520	0.00415	0.00532
4	0.00577	0.00393	0.00470	0.00503	0.00515	0.00386	0.00309	0.00606	0.00676	0.00900	0.01644	0.28040	0.01923	0.56388	0.01569	0.00323	0.00352	0.03846	0.00298	0.00283
5	0.00572	0.00403	0.00516	0.00526	0.00603	0.00373	0.00380	0.00726	0.01029	0.01450	0.49171	0.28160	0.06598	0.00971	0.00489	0.00140	0.00210	0.00863	0.06448	0.00373
6	0.01021	0.00625	0.00650	0.00561	0.00730	0.00663	0.00443	0.25615	0.01202	0.01876	0.01245	0.01380	0.00955	0.00488	0.00329	0.00105	0.00274	0.00383	0.60968	0.00485
7	0.00713	0.00567	0.00663	0.00688	0.00795	0.00606	0.00503	0.01205	0.31308	0.01324	0.02060	0.49529	0.02173	0.01016	0.00492	0.00159	0.00281	0.05058	0.00399	0.00460
8	0.61752	0.01164	0.00784	0.00707	0.00951	0.26297	0.00558	0.01355	0.00851	0.01604	0.00598	0.00698	0.00476	0.00399	0.00293	0.00122	0.00452	0.00238	0.00244	0.00460
9	0.01377	0.01716	0.01567	0.01279	0.01556	0.58406	0.25462	0.01558	0.01117	0.01113	0.00703	0.00863	0.00564	0.00404	0.00410	0.00117	0.00734	0.00336	0.00213	0.00506

[dist]
# distance from previous block
# <min> <max>
0	1

[block]
# block no. 1 follows, 64 sequences, length 23
# corresponding to MSA columns:
# 36-58
name=unknown_B
#
# <colnr> <probs for GDERKNQSTAVLIFYWHMCP>
#	G	D	E	R	K	N	Q	S	T	A	V	L	I	F	Y	W	H	M	C	P
0	0.00774	0.00387	0.00387	0.00387	0.00484	0.00387	0.00290	0.00968	0.00871	0.01549	0.01355	0.01549	0.01065	0.00484	0.00290	0.00097	0.00194	0.00387	0.87708	0.00387
1	0.00784	0.00738	0.01246	0.84404	0.02861	0.00923	0.01154	0.01061	0.00831	0.01061	0.00738	0.01107	0.00554	0.00415	0.00415	0.00138	0.00554	0.00369	0.00185	0.00461
2	0.01579	0.01163	0.01247	0.00956	0.01288	0.01288	0.00789	0.81426	0.01953	0.02618	0.00997	0.00997	0.00706	0.00499	0.00416	0.00125	0.00457	0.00374	0.00416	0.00706
3	0.00861	0.00738	0.00861	0.00615	0.00984	0.00554	0.00492	0.01046	0.00861	0.01354	0.00738	0.00861	0.00615	0.00308	0.00308	0.00062	0.00308	0.00246	0.00246	0.87941
4	0.00669	0.00478	0.00669	0.00765	0.00861	0.00478	0.00669	0.00861	0.00956	0.01243	0.02199	0.04685	0.02391	0.01147	0.00574	0.00191	0.00382	0.80015	0.00382	0.00382
5	0.01864	0.00707	0.00964	0.00739	0.01060	0.00611	0.00611	0.02024	0.01189	0.83099	0.01639	0.01414	0.01028	0.00514	0.00418	0.00129	0.00353	0.00418	0.00514	0.00707
6	0.00833	0.02149	0.83250	0.01184	0.01798	0.00965	0.01535	0.01315	0.00877	0.01315	0.00745	0.00877	0.00526	0.00395	0.00395	0.00132	0.00614	0.00307	0.00175	0.00614
7	0.01864	0.00707	0.00964	0.00739	0.01060	0.00611	0.00611	0.02024	0.01189	0.83099	0.01639	0.01414	0.01028	0.00514	0.00418	0.00129	0.00353	0.00418	0.00514	0.00707
8	0.00652	0.00485	0.00586	0.00561	0.00673	0.00433	0.00413	0.00800	0.01165	0.01604	0.62283	0.05453	0.21327	0.00955	0.00526	0.00149	0.00231	0.00812	0.00465	0.00426
9	0.00598	0.00400	0.00455	0.00460	0.00462	0.00399	0.00260	0.00603	0.00615	0.00821	0.01367	0.07603	0.01583	0.80417	0.02020	0.00389	0.00393	0.00638	0.00260	0.00257
10	0.01118	0.00919	0.01397	0.20351	0.38734	0.02926	0.02432	0.05012	0.09595	0.11914	0.00986	0.01144	0.00746	0.00426	0.00415	0.00129	0.00479	0.00386	0.00273	0.00616
11	0.00968	0.02389	0.06331	0.01221	0.07740	0.05223	0.04477	0.03641	0.00762	0.01111	0.00621	0.00945	0.00576	0.01959	0.01106	0.00169	0.59712	0.00363	0.00195	0.00492
12	0.00959	0.00811	0.03336	0.04404	0.19122	0.00811	0.05077	0.01435	0.23373	0.08978	0.11020	0.05390	0.08723	0.00617	0.00469	0.00137	0.02728	0.01695	0.00348	0.00566
13	0.00656	0.00462	0.00591	0.00549	0.00662	0.00437	0.00415	0.00909	0.05970	0.04342	0.75141	0.02955	0.03667	0.00821	0.00484	0.00131	0.00209	0.00724	0.00457	0.00418
14	0.01075	0.01170	0.10665	0.04356	0.52380	0.04128	0.05294	0.10322	0.01048	0.01460	0.00790	0.01000	0.00636	0.00402	0.00446	0.00127	0.03477	0.00366	0.00225	0.00634
15	0.00937	0.08877	0.34708	0.07402	0.08682	0.01018	0.18906	0.02376	0.05249	0.03269	0.02642	0.01095	0.02130	0.00415	0.00413	0.00130	0.00564	0.00382	0.00221	0.00584
16	0.02521	0.00938	0.05594	0.03004	0.17144	0.09520	0.08288	0.04889	0.00965	0.07290	0.01303	0.22317	0.01303	0.03145	0.00551	0.00151	0.04979	0.05298	0.00294	0.00507
17	0.63102	0.02323	0.00869	0.00848	0.08900	0.09937	0.02186	0.02975	0.00813	0.01691	0.00618	0.00739	0.00492	0.00399	0.00323	0.00127	0.02673	0.00256	0.00247	0.00483
18	0.00569	0.00431	0.00612	0.00710	0.04871	0.00441	0.00476	0.00677	0.00795	0.01092	0.07279	0.53802	0.02266	0.01627	0.19783	0.00279	0.02662	0.00919	0.00338	0.00368
19	0.02585	0.04709	0.26911	0.01077	0.01490	0.02562	0.12169	0.23605	0.02960	0.11785	0.01056	0.02176	0.02847	0.00468	0.00428	0.00130	0.01725	0.00390	0.00304	0.00624
20	0.01173	0.42172	0.06474	0.00887	0.02542	0.07282	0.02515	0.13914	0.01037	0.02921	0.00696	0.00805	0.00581	0.00422	0.00427	0.00108	0.08782	0.00282	0.00231	0.06749
21	0.00812	0.00741	0.01206	0.29807	0.13112	0.00845	0.07697	0.02951	0.02792	0.01172	0.04694	0.06332	0.01002	0.06781	0.10226	0.00221	0.08431	0.00472	0.00234	0.00472
22	0.00581	0.00406	0.00454	0.00455	0.00486	0.00392	0.00275	0.00613	0.00704	0.00920	0.06950	0.04744	0.15789	0.63605	0.01696	0.00335	0.00353	0.00673	0.00291	0.00280

[dist]
# distance from previous block
# <min> <max>
0	1

[block]
# block no. 2 follows, 64 sequences, length 60
# corresponding to MSA columns:
# 60-119
name=unknown_C
#
# <colnr> <probs for GDERKNQSTAVLIFYWHMCP>
#	G	D	E	R	K	N	Q	S	T	A	V	L	I	F	Y	W	H	M	C	P
0	0.00868	0.00900	0.05575	0.14366	0.35291	0.06324	0.00967	0.01096	0.01937	0.01255	0.08046	0.13436	0.04972	0.00654	0.02383	0.00146	0.00464	0.00535	0.00260	0.00524
1	0.00499	0.00421	0.00432	0.00429	0.00566	0.00354	0.00322	0.00612	0.00966	0.01167	0.10635	0.03924	0.76187	0.01035	0.00491	0.00139	0.00209	0.00866	0.00392	0.00354
2	0.01104	0.77212	0.07693	0.00746	0.01116	0.01570	0.00765	0.01276	0.02008	0.02473	0.00624	0.00707	0.00552	0.00364	0.00280	0.00093	0.00453	0.00235	0.00187	0.00543
3	0.01579	0.01163	0.01247	0.00956	0.01288	0.01288	0.00789	0.81426	0.01953	0.02618	0.00997	0.00997	0.00706	0.00499	0.00416	0.00125	0.00457	0.00374	0.00416	0.00706
4	0.00618	0.00404	0.00463	0.00463	0.00477	0.00410	0.00274	0.00646	0.00632	0.00882	0.01299	0.02537	0.01437	0.72011	0.07830	0.00395	0.00435	0.00574	0.07942	0.00272
5	0.85837	0.00801	0.00621	0.00552	0.00811	0.00923	0.00454	0.01244	0.00721	0.04211	0.00609	0.00696	0.00467	0.00389	0.00262	0.00129	0.00322	0.00230	0.00264	0.00457
6	0.01009	0.00872	0.00917	0.00827	0.01057	0.01003	0.00643	0.02137	0.78515	0.01711	0.01801	0.01657	0.04825	0.00585	0.00426	0.00141	0.00324	0.00487	0.00421	0.00644
7	0.23659	0.00912	0.00990	0.00787	0.01075	0.00983	0.00650	0.31916	0.01321	0.25855	0.01106	0.01082	0.02091	0.00497	0.00431	0.00130	0.05148	0.00357	0.00390	0.00621
8	0.47697	0.02093	0.00863	0.04123	0.01053	0.13073	0.00595	0.09477	0.00989	0.15371	0.00814	0.00859	0.00590	0.00426	0.00324	0.00125	0.00414	0.00284	0.00306	0.00525
9	0.00635	0.00412	0.00594	0.00594	0.00633	0.00451	0.00427	0.00657	0.00618	0.00863	0.01024	0.01695	0.01017	0.15982	0.45127	0.27554	0.00765	0.00445	0.00214	0.00293
10	0.00909	0.00909	0.01272	0.01091	0.01091	0.01272	0.00909	0.01000	0.00636	0.01000	0.00545	0.00909	0.00545	0.00727	0.01363	0.00182	0.84642	0.00364	0.00182	0.00454
11	0.00731	0.00601	0.02262	0.00786	0.08304	0.00550	0.04045	0.04143	0.05432	0.04702	0.32083	0.04482	0.28635	0.00808	0.00473	0.00135	0.00282	0.00703	0.00392	0.00453
12	0.86588	0.02504	0.00642	0.00550	0.00809	0.00946	0.00455	0.01221	0.00710	0.01846	0.00578	0.00675	0.00452	0.00385	0.00257	0.00128	0.00324	0.00225	0.00255	0.00452
13	0.02029	0.21995	0.51948	0.01058	0.01564	0.05917	0.03128	0.05524	0.00943	0.01293	0.00713	0.00829	0.00539	0.00391	0.00365	0.00120	0.00571	0.00291	0.00193	0.00589
14	0.03226	0.11556	0.05606	0.02877	0.03555	0.08629	0.00775	0.24010	0.21880	0.01716	0.01061	0.03070	0.00835	0.00495	0.00419	0.00123	0.03398	0.00375	0.01372	0.05023
15	0.00878	0.00748	0.00870	0.00623	0.00991	0.00571	0.00499	0.02923	0.00887	0.01383	0.00744	0.00865	0.00617	0.00312	0.00310	0.00063	0.00311	0.00249	0.00250	0.85904
16	0.01111	0.85652	0.02177	0.00711	0.01066	0.01644	0.00711	0.01244	0.00844	0.00977	0.00577	0.00666	0.00533	0.00355	0.00267	0.00089	0.00444	0.00222	0.00178	0.00533
17	0.01251	0.01037	0.02687	0.10070	0.03767	0.02185	0.02444	0.33662	0.04179	0.01852	0.01008	0.01243	0.00819	0.03331	0.06729	0.00194	0.10922	0.00406	0.00338	0.11876
18	0.00784	0.00738	0.01246	0.84404	0.02861	0.00923	0.01154	0.01061	0.00831	0.01061	0.00738	0.01107	0.00554	0.00415	0.00415	0.00138	0.00554	0.00369	0.00185	0.00461
19	0.01443	0.01096	0.01170	0.00928	0.01236	0.01224	0.00757	0.61650	0.21951	0.02398	0.01170	0.01135	0.00847	0.00515	0.00417	0.00129	0.00425	0.00398	0.00417	0.00694
20	0.01144	0.00727	0.04024	0.01859	0.00982	0.00663	0.02678	0.15665	0.02202	0.24797	0.27836	0.07988	0.06248	0.00695	0.00454	0.00133	0.00327	0.00594	0.00436	0.00549
21	0.02709	0.02930	0.08236	0.03356	0.11402	0.00983	0.08862	0.27200	0.01333	0.27105	0.01111	0.01123	0.00766	0.00457	0.00416	0.00127	0.00467	0.00387	0.00366	0.00664
22	0.00964	0.00818	0.00865	0.00784	0.01000	0.00930	0.00608	0.01980	0.69422	0.01689	0.06683	0.01793	0.06418	0.00608	0.00426	0.00139	0.00309	0.00509	0.03442	0.00613
23	0.00767	0.00386	0.00390	0.00392	0.00487	0.00386	0.00293	0.00958	0.00869	0.01536	0.01379	0.03717	0.01108	0.00505	0.00297	0.00099	0.00195	0.00408	0.85442	0.00386
24	0.00882	0.03326	0.04115	0.46536	0.27175	0.03840	0.01137	0.01135	0.00878	0.01157	0.00828	0.05639	0.00703	0.00448	0.00414	0.00133	0.00524	0.00404	0.00203	0.00523
25	0.01084	0.01061	0.06101	0.12275	0.49406	0.05353	0.05965	0.04467	0.00996	0.06916	0.00857	0.02135	0.00684	0.00406	0.00416	0.00127	0.00519	0.00382	0.00234	0.00617
26	0.01037	0.01125	0.01234	0.01074	0.01122	0.18904	0.00875	0.01133	0.00753	0.01002	0.00582	0.00895	0.00557	0.00732	0.03533	0.00180	0.64268	0.00345	0.00190	0.00458
27	0.62520	0.03832	0.00858	0.01907	0.07314	0.10275	0.00596	0.03132	0.00811	0.01675	0.00612	0.00732	0.00489	0.00403	0.00328	0.00126	0.03414	0.00251	0.00246	0.00479
28	0.00594	0.00438	0.00558	0.00525	0.00630	0.00408	0.00395	0.00813	0.03486	0.01633	0.75189	0.03116	0.08942	0.00854	0.00488	0.00132	0.00201	0.00751	0.00452	0.00397
29	0.00893	0.00791	0.02951	0.00725	0.04227	0.00614	0.00564	0.02554	0.02824	0.02433	0.00798	0.02063	0.00666	0.00344	0.00338	0.00073	0.01542	0.00277	0.00255	0.75069
30	0.00565	0.00425	0.00520	0.00503	0.00610	0.00384	0.00379	0.00730	0.01087	0.01472	0.54948	0.03413	0.25906	0.03113	0.00536	0.00143	0.00214	0.04248	0.00429	0.00376
31	0.01348	0.17741	0.01476	0.01154	0.09219	0.42414	0.04694	0.09498	0.01129	0.01228	0.00698	0.00826	0.00579	0.00426	0.00409	0.00112	0.04291	0.00297	0.01931	0.00532
32	0.00909	0.00909	0.01272	0.01091	0.01091	0.01272	0.00909	0.01000	0.00636	0.01000	0.00545	0.00909	0.00545	0.00727	0.01363	0.00182	0.84642	0.00364	0.00182	0.00454
33	0.00895	0.00845	0.04141	0.44664	0.15005	0.00942	0.01892	0.05737	0.00902	0.03214	0.02712	0.02374	0.00740	0.03562	0.01614	0.00156	0.09479	0.00399	0.00221	0.00506
34	0.21495	0.00753	0.00899	0.00707	0.01014	0.00719	0.00583	0.06035	0.01120	0.60393	0.01364	0.01224	0.00880	0.00484	0.00381	0.00128	0.00352	0.00372	0.00450	0.00648
35	0.00958	0.01062	0.02244	0.12494	0.07618	0.01030	0.65618	0.01292	0.00959	0.01297	0.00823	0.01113	0.00622	0.00360	0.00475	0.00139	0.00668	0.00467	0.00206	0.00554
36	0.04842	0.01068	0.02172	0.03757	0.09245	0.01030	0.62574	0.03197	0.00986	0.04245	0.00848	0.01096	0.00637	0.00371	0.00482	0.00138	0.02060	0.00457	0.00226	0.00568
37	0.00505	0.00416	0.00437	0.00442	0.00563	0.00355	0.00323	0.00609	0.00933	0.01139	0.09559	0.09934	0.66534	0.05684	0.00583	0.00156	0.00222	0.00875	0.00384	0.00347
38	0.04318	0.00997	0.06257	0.16151	0.30544	0.02644	0.01014	0.13834	0.09093	0.03492	0.00950	0.02074	0.00746	0.00517	0.02800	0.00144	0.00490	0.00382	0.02956	0.00598
39	0.09435	0.00897	0.05702	0.04539	0.07588	0.00797	0.00709	0.12483	0.05431	0.17675	0.01027	0.02991	0.00774	0.00434	0.00369	0.00109	0.00381	0.00348	0.00326	0.27984
40	0.02502	0.05588	0.04474	0.04143	0.23714	0.08832	0.03975	0.20705	0.01182	0.08522	0.00852	0.00987	0.00657	0.00458	0.00506	0.00128	0.09850	0.00355	0.00279	0.02292
41	0.00997	0.36100	0.02626	0.00910	0.01082	0.01384	0.01659	0.02101	0.03101	0.01044	0.00629	0.00871	0.00588	0.01981	0.00843	0.00143	0.41502	0.00313	0.01632	0.00494
42	0.00604	0.00404	0.00460	0.00460	0.00462	0.00406	0.00260	0.00608	0.00606	0.00810	0.01303	0.02685	0.01496	0.82873	0.04624	0.00411	0.00425	0.00599	0.00251	0.00255
43	0.01097	0.24176	0.11496	0.02811	0.11802	0.09925	0.05382	0.03842	0.08085	0.05360	0.00849	0.00988	0.00685	0.00615	0.06236	0.00158	0.05361	0.00334	0.00236	0.00563
44	0.00965	0.10938	0.30807	0.12080	0.20877	0.02196	0.03291	0.02901	0.03762	0.03233	0.00805	0.01008	0.00629	0.00418	0.00427	0.00128	0.03447	0.01288	0.00210	0.00590
45	0.00604	0.00404	0.00458	0.00458	0.00460	0.00405	0.00258	0.00607	0.00605	0.00809	0.01304	0.02693	0.01499	0.83521	0.03980	0.00409	0.00419	0.00600	0.00251	0.00254
46	0.01117	0.81815	0.03732	0.00729	0.01086	0.03797	0.00729	0.01256	0.00853	0.00985	0.00582	0.00673	0.00533	0.00358	0.00272	0.00090	0.00456	0.00225	0.00179	0.00533
47	0.00594	0.00442	0.00654	0.00654	0.00723	0.00512	0.00502	0.00733	0.00663	0.00954	0.01125	0.01702	0.01069	0.08442	0.78471	0.00650	0.01067	0.00455	0.00224	0.00363
48	0.00522	0.00418	0.00466	0.00462	0.00582	0.00362	0.00343	0.00652	0.01008	0.01285	0.28081	0.08700	0.53647	0.01005	0.00493	0.00139	0.00208	0.00857	0.00408	0.00362
49	0.00507	0.00406	0.00441	0.00463	0.00563	0.00353	0.00329	0.00598	0.00891	0.01098	0.05865	0.22446	0.55329	0.08039	0.00633	0.00168	0.00233	0.00920	0.00377	0.00341
50	0.30019	0.00614	0.00623	0.00538	0.00751	0.00630	0.00433	0.01348	0.00906	0.24538	0.01178	0.01222	0.00851	0.00460	0.00315	0.00116	0.00281	0.00342	0.34337	0.00498
51	0.00669	0.00478	0.00669	0.00765	0.00861	0.00478	0.00669	0.00861	0.00956	0.01243	0.02199	0.04685	0.02391	0.01147	0.00574	0.00191	0.00382	0.80015	0.00382	0.00382
52	0.01111	0.85652	0.02177	0.00711	0.01066	0.01644	0.00711	0.01244	0.00844	0.00977	0.00577	0.00666	0.00533	0.00355	0.00267	0.00089	0.00444	0.00222	0.00178	0.00533
53	0.00988	0.11201	0.46152	0.07421	0.01731	0.12383	0.08207	0.02891	0.00935	0.01237	0.00720	0.00878	0.00543	0.00403	0.00412	0.00126	0.02700	0.00315	0.00189	0.00568
54	0.05151	0.03177	0.06532	0.00909	0.01210	0.03208	0.01825	0.47977	0.01529	0.07044	0.01163	0.01560	0.00956	0.00665	0.03199	0.00152	0.00476	0.12274	0.00374	0.00617
55	0.01504	0.01902	0.01169	0.01060	0.01262	0.78466	0.00799	0.01612	0.01153	0.01029	0.02274	0.00803	0.00603	0.00450	0.00420	0.00111	0.04406	0.00281	0.00217	0.00479
56	0.00626	0.00499	0.00724	0.02126	0.15015	0.00484	0.00565	0.00753	0.00868	0.01174	0.09983	0.44065	0.07931	0.04498	0.03452	0.00183	0.00329	0.05975	0.00347	0.00402
57	0.06105	0.02733	0.09713	0.25397	0.06470	0.04368	0.03875	0.19119	0.01128	0.09541	0.00902	0.01074	0.00668	0.00627	0.06353	0.00168	0.00553	0.00363	0.00277	0.00566
58	0.01423	0.18965	0.04960	0.00982	0.01251	0.55334	0.00806	0.05020	0.03616	0.03024	0.00704	0.00789	0.00576	0.00421	0.00358	0.00107	0.00646	0.00274	0.00227	0.00518
59	0.00505	0.00366	0.00477	0.00567	0.00599	0.00338	0.00380	0.00580	0.00807	0.01065	0.02433	0.79060	0.08726	0.01283	0.00527	0.00167	0.00239	0.01158	0.00386	0.00338

[dist]
# distance from previous block
# <min> <max>
0	1

[block]
# block no. 3 follows, 64 sequences, length 6
# corresponding to MSA columns:
# 121-126
name=unknown_D
#
# <colnr> <probs for GDERKNQSTAVLIFYWHMCP>
#	G	D	E	R	K	N	Q	S	T	A	V	L	I	F	Y	W	H	M	C	P
0	0.00882	0.03329	0.17045	0.07400	0.29383	0.03038	0.09132	0.01148	0.00905	0.01249	0.01085	0.12197	0.01039	0.00576	0.00465	0.00140	0.02569	0.07633	0.00237	0.00547
1	0.00880	0.00793	0.01151	0.38699	0.07212	0.05114	0.03020	0.03515	0.00849	0.03397	0.00847	0.01216	0.00704	0.03974	0.12487	0.00224	0.11259	0.00388	0.03801	0.00468
2	0.00633	0.00499	0.00648	0.03014	0.06117	0.00483	0.00530	0.03014	0.03292	0.01250	0.09085	0.25056	0.24515	0.01032	0.00509	0.00157	0.00295	0.19096	0.00375	0.00400
3	0.06521	0.00951	0.03917	0.16062	0.38699	0.00952	0.14487	0.01249	0.00916	0.04670	0.00864	0.01211	0.00710	0.00428	0.00450	0.00134	0.02926	0.04050	0.00225	0.00577
4	0.00930	0.00796	0.00983	0.00860	0.10378	0.00654	0.00603	0.06666	0.00947	0.01442	0.00761	0.00890	0.00626	0.00328	0.00327	0.00073	0.00339	0.00269	0.00253	0.71873
5	0.01025	0.03297	0.06414	0.25402	0.32275	0.01006	0.06444	0.10558	0.02937	0.03246	0.00830	0.01051	0.00642	0.00404	0.00411	0.00127	0.00514	0.00371	0.00235	0.02811

[dist]
# distance from previous block
# <min> <max>
3	8

[block]
# block no. 4 follows, 64 sequences, length 11
# corresponding to MSA columns:
# 139-149
name=unknown_E
#
# <colnr> <probs for GDERKNQSTAVLIFYWHMCP>
#	G	D	E	R	K	N	Q	S	T	A	V	L	I	F	Y	W	H	M	C	P
0	0.06095	0.00809	0.00958	0.00761	0.01060	0.05005	0.00619	0.05597	0.08580	0.61605	0.03505	0.01377	0.01052	0.00515	0.00409	0.00128	0.00371	0.00411	0.00471	0.00670
1	0.00869	0.00929	0.07026	0.12170	0.27671	0.02525	0.13355	0.01158	0.03557	0.01355	0.16548	0.01645	0.05159	0.00526	0.00465	0.00133	0.02318	0.01786	0.00267	0.00537
2	0.00619	0.00432	0.00532	0.00511	0.00625	0.00386	0.00382	0.00776	0.01075	0.05681	0.48636	0.11567	0.25368	0.00934	0.00491	0.00137	0.00213	0.00812	0.00433	0.00391
3	0.04568	0.04969	0.10607	0.07445	0.04803	0.03354	0.00792	0.15616	0.01060	0.08344	0.03737	0.01499	0.00987	0.04726	0.11953	0.00218	0.04301	0.05755	0.04742	0.00523
4	0.00571	0.00434	0.00605	0.00696	0.03260	0.00415	0.02431	0.00704	0.02956	0.01124	0.02272	0.62262	0.06468	0.01195	0.00527	0.00168	0.00282	0.12887	0.00376	0.00369
5	0.00595	0.00404	0.00450	0.00450	0.00462	0.00399	0.00257	0.00603	0.00631	0.00831	0.01539	0.02820	0.07960	0.78697	0.01985	0.00382	0.00387	0.00626	0.00262	0.00260
6	0.88336	0.00803	0.00611	0.00546	0.00803	0.00932	0.00450	0.01221	0.00707	0.01864	0.00578	0.00675	0.00450	0.00386	0.00257	0.00129	0.00321	0.00225	0.00257	0.00450
7	0.01077	0.13508	0.23659	0.03492	0.11551	0.03237	0.02740	0.04276	0.00912	0.10365	0.00791	0.00944	0.00616	0.00473	0.00588	0.00133	0.18471	0.00333	0.00231	0.02604
8	0.00714	0.00417	0.00609	0.00595	0.00604	0.00455	0.00417	0.00605	0.00568	0.00778	0.00790	0.01366	0.00793	0.06642	0.11465	0.65226	0.07153	0.00386	0.00190	0.00229
9	0.01226	0.01419	0.01233	0.23794	0.09330	0.45441	0.03494	0.01405	0.01035	0.01105	0.00734	0.00936	0.00589	0.00420	0.00387	0.00117	0.00634	0.00320	0.05891	0.00489
10	0.03035	0.03354	0.17575	0.03277	0.06035	0.00999	0.00876	0.03218	0.46077	0.04728	0.01377	0.02687	0.02245	0.00524	0.00429	0.00137	0.02035	0.00428	0.00341	0.00624

[dist]
# distance from previous block
# <min> <max>
1	6

[block]
# block no. 5 follows, 64 sequences, length 37
# corresponding to MSA columns:
# 156-192
name=unknown_F
#
# <colnr> <probs for GDERKNQSTAVLIFYWHMCP>
#	G	D	E	R	K	N	Q	S	T	A	V	L	I	F	Y	W	H	M	C	P
0	0.30031	0.09096	0.02188	0.02079	0.04122	0.10439	0.03018	0.13961	0.01032	0.01634	0.00827	0.01127	0.00706	0.00459	0.00346	0.00119	0.00432	0.06931	0.00273	0.11180
1	0.04037	0.06297	0.09010	0.02628	0.38472	0.01128	0.03308	0.17951	0.05844	0.04355	0.01939	0.01194	0.00828	0.00493	0.00448	0.00145	0.00513	0.00402	0.00309	0.00698
2	0.00592	0.00407	0.00497	0.00510	0.00534	0.00408	0.00327	0.00644	0.00709	0.00961	0.09796	0.13227	0.01910	0.54556	0.09336	0.00360	0.00427	0.04214	0.00293	0.00294
3	0.06550	0.21205	0.05574	0.09987	0.06427	0.19561	0.08585	0.04869	0.00983	0.03389	0.00712	0.00863	0.00574	0.00399	0.00385	0.00113	0.02764	0.00304	0.00220	0.06536
4	0.01033	0.09795	0.10408	0.09773	0.33251	0.02201	0.02056	0.02844	0.19339	0.03765	0.00986	0.01108	0.00768	0.00426	0.00398	0.00126	0.00472	0.00372	0.00259	0.00619
5	0.00503	0.00421	0.00438	0.00434	0.00569	0.00356	0.00325	0.00620	0.00976	0.01191	0.14126	0.03884	0.72681	0.01026	0.00491	0.00139	0.00209	0.00861	0.00395	0.00356
6	0.00565	0.00424	0.00524	0.00499	0.00607	0.00382	0.00374	0.00740	0.01122	0.01538	0.64186	0.03313	0.22405	0.00897	0.00490	0.00133	0.00199	0.00781	0.00440	0.00382
7	0.04816	0.43468	0.24167	0.00856	0.01253	0.01257	0.02860	0.04812	0.00928	0.03554	0.05573	0.03195	0.00812	0.00433	0.00338	0.00111	0.00470	0.00321	0.00224	0.00551
8	0.01111	0.85652	0.02177	0.00711	0.01066	0.01644	0.00711	0.01244	0.00844	0.00977	0.00577	0.00666	0.00533	0.00355	0.00267	0.00089	0.00444	0.00222	0.00178	0.00533
9	0.00861	0.00738	0.00861	0.00615	0.00984	0.00554	0.00492	0.01046	0.00861	0.01354	0.00738	0.00861	0.00615	0.00308	0.00308	0.00062	0.00308	0.00246	0.00246	0.87941
10	0.00601	0.00440	0.00660	0.00660	0.00730	0.00510	0.00510	0.00730	0.00660	0.00950	0.01090	0.01611	0.01020	0.03020	0.79067	0.05649	0.01070	0.00440	0.00220	0.00360
11	0.00593	0.00445	0.00668	0.00668	0.00742	0.00519	0.00519	0.00742	0.00668	0.00964	0.01113	0.01632	0.01038	0.03115	0.83756	0.00668	0.01113	0.00445	0.00223	0.00371
12	0.84387	0.00820	0.00639	0.00565	0.00825	0.00948	0.00465	0.04872	0.00764	0.01898	0.00597	0.00689	0.00462	0.00391	0.00264	0.00128	0.00327	0.00232	0.00264	0.00462
13	0.77964	0.05721	0.00735	0.00588	0.00848	0.06117	0.00487	0.01249	0.00744	0.01760	0.00582	0.00679	0.00460	0.00386	0.00265	0.00125	0.00355	0.00227	0.00250	0.00457
14	0.00963	0.08941	0.02033	0.06001	0.07058	0.08072	0.05537	0.14089	0.05847	0.01452	0.07321	0.01969	0.23891	0.00629	0.00424	0.00124	0.00405	0.00522	0.00318	0.04403
15	0.02090	0.44788	0.11793	0.00980	0.04975	0.11821	0.05450	0.07519	0.02191	0.01211	0.00706	0.02110	0.00602	0.00405	0.00350	0.00108	0.01842	0.00293	0.00211	0.00554
16	0.77987	0.07037	0.00742	0.00567	0.00834	0.00970	0.00476	0.01259	0.00739	0.05497	0.00627	0.00708	0.00482	0.00389	0.00265	0.00126	0.00332	0.00233	0.00263	0.00468
17	0.00604	0.00403	0.00453	0.00453	0.00453	0.00403	0.00252	0.00604	0.00604	0.00805	0.01309	0.02718	0.01510	0.85402	0.02114	0.00403	0.00403	0.00604	0.00252	0.00252
18	0.00904	0.10067	0.61858	0.01224	0.03091	0.01035	0.11754	0.01325	0.00895	0.03005	0.00761	0.00902	0.00553	0.00387	0.00395	0.00128	0.00601	0.00326	0.00188	0.00602
19	0.00739	0.00642	0.02612	0.08460	0.01033	0.00727	0.00645	0.04542	0.08750	0.01180	0.06242	0.01717	0.06058	0.05517	0.37700	0.00390	0.11872	0.00475	0.00266	0.00433
20	0.01469	0.01724	0.01100	0.00991	0.01205	0.66603	0.00749	0.05199	0.06080	0.03163	0.00801	0.00886	0.00640	0.00446	0.00374	0.00110	0.00658	0.00297	0.07007	0.00500
21	0.00599	0.00413	0.00505	0.00505	0.00526	0.00430	0.00319	0.00638	0.00626	0.00851	0.01316	0.02475	0.02953	0.63471	0.22234	0.00463	0.00574	0.00570	0.00247	0.00283
22	0.01017	0.06367	0.13555	0.11789	0.32811	0.09003	0.16967	0.01301	0.00945	0.01254	0.00757	0.00985	0.00602	0.00380	0.00413	0.00126	0.00580	0.00366	0.00199	0.00584
23	0.00980	0.01120	0.02451	0.01751	0.02171	0.01050	0.81303	0.01331	0.00980	0.01331	0.00840	0.01120	0.00630	0.00350	0.00490	0.00140	0.00700	0.00490	0.00210	0.00560
24	0.00550	0.00412	0.00473	0.00478	0.00584	0.00367	0.00353	0.00687	0.00990	0.01320	0.28049	0.15124	0.38613	0.00979	0.00481	0.00139	0.00212	0.02141	0.07685	0.00365
25	0.01121	0.04669	0.01164	0.03499	0.05508	0.02305	0.07965	0.21947	0.24293	0.03451	0.06917	0.01378	0.01116	0.00526	0.00428	0.01602	0.00398	0.00432	0.10693	0.00589
26	0.00826	0.08353	0.01102	0.00878	0.00950	0.02405	0.00724	0.02880	0.00708	0.01020	0.00794	0.01198	0.00756	0.03037	0.33260	0.00363	0.39723	0.00385	0.00205	0.00432
27	0.00604	0.00403	0.00453	0.00453	0.00453	0.00403	0.00252	0.00604	0.00604	0.00805	0.01309	0.02718	0.01510	0.85402	0.02114	0.00403	0.00403	0.00604	0.00252	0.00252
28	0.01510	0.01113	0.01196	0.00934	0.01253	0.01233	0.00766	0.68098	0.13177	0.04733	0.01112	0.01086	0.00794	0.00508	0.00417	0.00127	0.00436	0.00389	0.00419	0.00700
29	0.00926	0.13328	0.50941	0.07452	0.13247	0.04648	0.01325	0.01296	0.00892	0.01243	0.00722	0.00881	0.00548	0.00389	0.00380	0.00124	0.00575	0.00307	0.00182	0.00592
30	0.08870	0.01416	0.29655	0.01217	0.01625	0.03517	0.23560	0.02536	0.04655	0.03542	0.13616	0.01465	0.01228	0.00538	0.00473	0.00153	0.00564	0.00466	0.00299	0.00606
31	0.00598	0.00400	0.00455	0.00461	0.00462	0.00399	0.00260	0.00602	0.00616	0.00821	0.01368	0.07702	0.01585	0.80316	0.02018	0.00389	0.00393	0.00639	0.00260	0.00257
32	0.00505	0.00365	0.00478	0.00569	0.00600	0.00338	0.00381	0.00579	0.00805	0.01064	0.02407	0.80174	0.07628	0.01286	0.00528	0.00167	0.00239	0.01162	0.00386	0.00338
33	0.01018	0.06367	0.19754	0.02923	0.48549	0.05135	0.03751	0.02414	0.00949	0.02292	0.00800	0.02736	0.00662	0.00401	0.00402	0.00124	0.00530	0.00364	0.00208	0.00621
34	0.01031	0.06140	0.01832	0.13918	0.25567	0.04126	0.29889	0.04801	0.01843	0.03202	0.00858	0.02506	0.00691	0.00406	0.00434	0.00131	0.00571	0.01253	0.00226	0.00575
35	0.00777	0.01802	0.66447	0.01063	0.01574	0.00851	0.02347	0.01189	0.00895	0.01308	0.06064	0.06999	0.05854	0.00524	0.00417	0.00135	0.00539	0.00431	0.00220	0.00565
36	0.00631	0.02498	0.00603	0.05632	0.00777	0.00443	0.00446	0.02085	0.00907	0.04837	0.12987	0.49632	0.12940	0.01066	0.00494	0.00152	0.00262	0.00947	0.02276	0.00382

[dist]
# distance from previous block
# <min> <max>
0	6

# created by:
# /st0/software/busco_prod/Augustus/scripts/msa2prfl.pl ./align_prep/33121.fa
