[name]
unknown

[dist]
# distance from previous block
# <min> <max>
3	98

[block]
# block no. 0 follows, 73 sequences, length 56
# corresponding to MSA columns:
# 109-164
name=unknown_A
#
# <colnr> <probs for GDERKNQSTAVLIFYWHMCP>
#	G	D	E	R	K	N	Q	S	T	A	V	L	I	F	Y	W	H	M	C	P
0	0.02633	0.00476	0.00540	0.00504	0.00618	0.04114	0.00380	0.00823	0.02511	0.07747	0.53408	0.08187	0.14110	0.01736	0.00446	0.00123	0.00221	0.00661	0.00387	0.00375
1	0.02427	0.07393	0.12272	0.10468	0.14303	0.14187	0.15439	0.01250	0.08757	0.02679	0.00766	0.00948	0.00607	0.01800	0.00445	0.03628	0.01601	0.00332	0.00204	0.00493
2	0.02328	0.00429	0.00531	0.00528	0.00619	0.00412	0.00388	0.05346	0.02309	0.05786	0.29198	0.32801	0.08686	0.04710	0.00512	0.00144	0.00233	0.04307	0.00370	0.00364
3	0.00530	0.00393	0.00528	0.02617	0.00642	0.00372	0.01509	0.00677	0.00933	0.01281	0.47982	0.18106	0.08694	0.03978	0.00509	0.00140	0.00226	0.10168	0.00373	0.00340
4	0.03645	0.25360	0.18373	0.00829	0.02148	0.02998	0.00807	0.31411	0.01149	0.03731	0.00733	0.00791	0.00557	0.00405	0.01186	0.00107	0.00438	0.00277	0.00254	0.04800
5	0.00883	0.01005	0.02176	0.01560	0.01926	0.00956	0.80199	0.01191	0.00875	0.01191	0.00750	0.01005	0.00567	0.00328	0.00471	0.00128	0.03659	0.00439	0.00189	0.00503
6	0.02770	0.28888	0.01355	0.00812	0.02249	0.12304	0.02923	0.23318	0.12173	0.05323	0.00865	0.00894	0.01829	0.00413	0.00347	0.00104	0.02324	0.00301	0.00271	0.00537
7	0.01114	0.15759	0.14212	0.00788	0.01093	0.02247	0.00737	0.30300	0.11386	0.08015	0.06451	0.01106	0.00889	0.03763	0.00413	0.00120	0.00398	0.00348	0.00307	0.00555
8	0.00459	0.00328	0.00434	0.00517	0.00540	0.00306	0.00344	0.00523	0.00718	0.00954	0.02087	0.82914	0.04270	0.03022	0.00509	0.00156	0.00220	0.01049	0.00346	0.00303
9	0.00752	0.01941	0.84871	0.01069	0.01624	0.00871	0.01386	0.01188	0.00792	0.01188	0.00673	0.00792	0.00475	0.00356	0.00356	0.00119	0.00554	0.00277	0.00158	0.00554
10	0.02060	0.01046	0.03525	0.13611	0.10094	0.15358	0.18894	0.06834	0.07777	0.05216	0.00779	0.00947	0.00603	0.00415	0.00488	0.00123	0.11157	0.00348	0.00225	0.00501
11	0.00973	0.05354	0.05565	0.09660	0.25608	0.03749	0.26247	0.12669	0.02686	0.01325	0.00744	0.00934	0.00578	0.00360	0.00400	0.00117	0.01920	0.00357	0.00213	0.00540
12	0.00462	0.00378	0.00408	0.00406	0.00520	0.00324	0.00302	0.00572	0.00890	0.01110	0.20070	0.07822	0.63583	0.00925	0.00445	0.00126	0.00189	0.00783	0.00362	0.00324
13	0.07066	0.01254	0.35080	0.00922	0.01305	0.00839	0.07761	0.03416	0.20564	0.16493	0.01024	0.01033	0.00723	0.00411	0.00365	0.00121	0.00436	0.00340	0.00280	0.00567
14	0.01182	0.02472	0.08978	0.05739	0.12752	0.23575	0.04892	0.16189	0.06061	0.09561	0.00856	0.00936	0.01572	0.00413	0.00393	0.00113	0.03199	0.00323	0.00259	0.00535
15	0.01065	0.19231	0.02921	0.08805	0.19769	0.24246	0.05758	0.04534	0.07084	0.01112	0.00716	0.00873	0.00589	0.00375	0.00342	0.00105	0.00504	0.01262	0.00205	0.00504
16	0.01522	0.00602	0.00816	0.00640	0.00902	0.00522	0.00523	0.01667	0.01059	0.73300	0.09028	0.03361	0.03253	0.00519	0.00387	0.00117	0.00301	0.00430	0.00454	0.00597
17	0.01192	0.17706	0.07545	0.01099	0.01408	0.25638	0.23224	0.04684	0.07362	0.05033	0.00835	0.00969	0.00662	0.00423	0.00392	0.00122	0.00572	0.00343	0.00246	0.00544
18	0.01005	0.04487	0.08359	0.06958	0.25543	0.07830	0.01697	0.13779	0.09125	0.05591	0.01679	0.06883	0.02097	0.00495	0.01631	0.00124	0.01533	0.00390	0.00260	0.00537
19	0.00956	0.00595	0.00722	0.00650	0.00797	0.06102	0.03468	0.03246	0.02654	0.25671	0.06248	0.27683	0.06210	0.05668	0.01678	0.00151	0.02337	0.04368	0.00358	0.00437
20	0.00575	0.00445	0.00513	0.00527	0.00629	0.00430	0.00396	0.06669	0.06213	0.01141	0.03484	0.30457	0.32628	0.03273	0.00495	0.00146	0.00246	0.11027	0.00350	0.00356
21	0.00935	0.18264	0.01049	0.02899	0.06706	0.19575	0.00605	0.05895	0.03243	0.03998	0.02238	0.20091	0.07416	0.00673	0.02210	0.00126	0.00415	0.02962	0.00264	0.00435
22	0.01997	0.01062	0.17247	0.05339	0.17892	0.03828	0.16793	0.08599	0.04222	0.06913	0.02921	0.04385	0.06197	0.00447	0.00391	0.00120	0.00463	0.00411	0.00247	0.00526
23	0.00868	0.00897	0.03006	0.17469	0.38857	0.00908	0.24738	0.01141	0.02779	0.01164	0.00724	0.00970	0.00577	0.00354	0.00427	0.00121	0.03919	0.00366	0.00187	0.00528
24	0.00909	0.19380	0.24755	0.02830	0.04897	0.00952	0.07410	0.09837	0.07235	0.04900	0.00963	0.12527	0.00851	0.00483	0.00361	0.00115	0.00431	0.00407	0.00242	0.00515
25	0.00714	0.01575	0.03621	0.01748	0.04236	0.02291	0.01506	0.05053	0.04298	0.08766	0.05972	0.32308	0.20096	0.02428	0.01941	0.00145	0.01846	0.00723	0.00333	0.00400
26	0.00810	0.06875	0.62980	0.01168	0.09974	0.01865	0.04330	0.03501	0.00829	0.01199	0.00709	0.02818	0.00543	0.00373	0.00357	0.00116	0.00527	0.00304	0.00174	0.00547
27	0.00756	0.00804	0.05226	0.02392	0.01218	0.05638	0.29549	0.04576	0.06364	0.01167	0.02929	0.30346	0.06004	0.00679	0.00437	0.00132	0.00423	0.00652	0.00276	0.00432
28	0.00850	0.34968	0.52696	0.00903	0.01367	0.01109	0.01097	0.01163	0.00781	0.01070	0.00614	0.00718	0.00478	0.00343	0.00312	0.00104	0.00495	0.00247	0.00159	0.00526
29	0.00783	0.01298	0.36018	0.06756	0.03589	0.02159	0.25780	0.01127	0.03516	0.01151	0.00890	0.08100	0.02199	0.00443	0.00437	0.00126	0.04518	0.00414	0.00196	0.00499
30	0.02102	0.05027	0.01450	0.11212	0.51895	0.03854	0.06284	0.06022	0.03055	0.04411	0.00751	0.00937	0.00600	0.00355	0.00368	0.00113	0.00457	0.00334	0.00210	0.00560
31	0.00698	0.00652	0.01095	0.82199	0.02495	0.00811	0.01012	0.00940	0.00749	0.00959	0.00728	0.04722	0.00586	0.00410	0.00380	0.00126	0.00488	0.00365	0.00175	0.00412
32	0.00461	0.00328	0.00434	0.00518	0.00539	0.00307	0.00343	0.00523	0.00711	0.00948	0.02032	0.83188	0.02436	0.04619	0.00536	0.00161	0.00224	0.01046	0.00343	0.00302
33	0.00895	0.11321	0.47848	0.03153	0.09904	0.00952	0.05945	0.07944	0.01886	0.04409	0.01913	0.00865	0.00576	0.00368	0.00354	0.00114	0.00500	0.00302	0.00199	0.00552
34	0.00821	0.00781	0.01328	0.43245	0.44374	0.00863	0.01098	0.01057	0.00803	0.01095	0.00687	0.00964	0.00548	0.00354	0.00373	0.00118	0.00472	0.00334	0.00176	0.00507
35	0.01267	0.00715	0.00860	0.00704	0.00940	0.00737	0.00569	0.19671	0.17298	0.34373	0.04935	0.01311	0.01023	0.00757	0.10296	0.00174	0.00405	0.00393	0.02999	0.00573
36	0.00870	0.00960	0.09806	0.05676	0.20387	0.08039	0.13240	0.03106	0.10762	0.03460	0.01261	0.09053	0.08489	0.00519	0.00400	0.00123	0.00439	0.02660	0.00252	0.00498
37	0.01136	0.13526	0.10043	0.01133	0.13335	0.31735	0.07800	0.04046	0.04150	0.05904	0.02135	0.00888	0.01773	0.00386	0.00348	0.00105	0.00529	0.00303	0.00218	0.00505
38	0.01209	0.09599	0.06358	0.01209	0.18901	0.06293	0.09686	0.04851	0.02290	0.23656	0.01158	0.10936	0.00967	0.00535	0.00416	0.00132	0.00449	0.00450	0.00318	0.00586
39	0.00525	0.00429	0.02110	0.04325	0.02140	0.00400	0.04307	0.00633	0.00742	0.01958	0.04213	0.58328	0.07311	0.01208	0.09313	0.00193	0.00340	0.00873	0.00315	0.00338
40	0.05631	0.14006	0.10989	0.02134	0.12561	0.16970	0.07127	0.08559	0.07946	0.04512	0.01733	0.02728	0.00665	0.00405	0.00367	0.00110	0.02485	0.00321	0.00233	0.00516
41	0.00866	0.02640	0.01208	0.11555	0.43121	0.05713	0.01922	0.04126	0.06021	0.01224	0.06981	0.06803	0.05257	0.00474	0.00385	0.00117	0.00409	0.00429	0.00238	0.00512
42	0.00652	0.00452	0.00548	0.00538	0.00623	0.00461	0.00389	0.04037	0.09615	0.04733	0.11204	0.26850	0.10513	0.10474	0.05442	0.05147	0.02198	0.00676	0.05089	0.00360
43	0.00762	0.00752	0.03634	0.14595	0.08437	0.04598	0.15841	0.03468	0.04254	0.02533	0.06097	0.19298	0.07055	0.00654	0.01767	0.00137	0.04864	0.00560	0.00259	0.00435
44	0.08676	0.04839	0.02619	0.05627	0.22535	0.05908	0.08656	0.14534	0.07425	0.03587	0.00824	0.02012	0.00668	0.03008	0.03409	0.00141	0.04420	0.00347	0.00244	0.00522
45	0.00858	0.00982	0.11596	0.20703	0.42247	0.00897	0.10394	0.02612	0.00834	0.01168	0.00695	0.00933	0.00553	0.00358	0.00410	0.00119	0.03587	0.00339	0.00181	0.00534
46	0.00647	0.00590	0.00934	0.16567	0.21097	0.00593	0.06357	0.00815	0.00823	0.01080	0.05416	0.16650	0.24397	0.00686	0.00421	0.00127	0.00345	0.01772	0.00268	0.00414
47	0.08154	0.07791	0.07568	0.22617	0.06409	0.08177	0.02862	0.10256	0.02978	0.08610	0.03433	0.02917	0.02934	0.01860	0.01778	0.00127	0.00446	0.00352	0.00247	0.00483
48	0.04509	0.00787	0.06476	0.05199	0.05645	0.02498	0.05992	0.15329	0.07312	0.09024	0.05786	0.15682	0.06072	0.00693	0.03392	0.00143	0.02583	0.02086	0.00311	0.00481
49	0.00463	0.00337	0.00438	0.00517	0.00552	0.00312	0.00355	0.00536	0.00738	0.00971	0.02226	0.74804	0.10123	0.01148	0.00477	0.00151	0.00221	0.04975	0.00348	0.00308
50	0.02400	0.01284	0.32247	0.11469	0.09452	0.06470	0.07632	0.07800	0.07022	0.01254	0.00873	0.04725	0.02060	0.01661	0.00412	0.00124	0.02025	0.00363	0.00215	0.00515
51	0.00905	0.08961	0.08527	0.40493	0.08632	0.05584	0.02521	0.08789	0.04852	0.03756	0.00760	0.02149	0.00589	0.00396	0.00373	0.00117	0.01570	0.00330	0.00210	0.00486
52	0.00881	0.00863	0.01407	0.26617	0.55403	0.04073	0.03126	0.01110	0.00833	0.01136	0.00691	0.00942	0.00562	0.00348	0.00373	0.00115	0.00475	0.00333	0.00181	0.00534
53	0.00590	0.00439	0.01908	0.04340	0.00685	0.02358	0.00406	0.00684	0.00782	0.06537	0.03456	0.48925	0.17945	0.03096	0.00497	0.01272	0.00254	0.02412	0.03075	0.00341
54	0.02493	0.02968	0.09165	0.10695	0.05627	0.28336	0.02332	0.11576	0.02633	0.07741	0.00781	0.00947	0.00617	0.03429	0.05972	0.00152	0.03504	0.00313	0.00235	0.00485
55	0.01177	0.16060	0.01283	0.02041	0.09485	0.32043	0.03722	0.08613	0.04148	0.06164	0.00768	0.02007	0.01820	0.00427	0.00425	0.00108	0.08684	0.00303	0.00228	0.00492

[dist]
# distance from previous block
# <min> <max>
0	2

[block]
# block no. 1 follows, 73 sequences, length 17
# corresponding to MSA columns:
# 167-183
name=unknown_B
#
# <colnr> <probs for GDERKNQSTAVLIFYWHMCP>
#	G	D	E	R	K	N	Q	S	T	A	V	L	I	F	Y	W	H	M	C	P
0	0.00975	0.00833	0.00840	0.00744	0.00952	0.04986	0.00580	0.12417	0.59394	0.01593	0.01498	0.03632	0.04682	0.00529	0.00378	0.00123	0.00318	0.00433	0.04531	0.00561
1	0.00809	0.00765	0.01274	0.47866	0.35852	0.00862	0.01065	0.01086	0.04697	0.01096	0.00723	0.00990	0.00569	0.00365	0.00374	0.00120	0.00468	0.00338	0.00185	0.00497
2	0.00559	0.00457	0.00468	0.00473	0.00597	0.00383	0.00342	0.00622	0.00911	0.01113	0.03686	0.11930	0.74946	0.01035	0.00492	0.00149	0.00233	0.00847	0.00383	0.00374
3	0.01392	0.01034	0.01107	0.00856	0.01151	0.01148	0.00705	0.77638	0.07405	0.02310	0.00944	0.00935	0.00673	0.00454	0.00376	0.00114	0.00405	0.00344	0.00376	0.00635
4	0.00828	0.06459	0.22874	0.00874	0.01176	0.00739	0.14861	0.06168	0.00967	0.08068	0.25663	0.02768	0.04514	0.00521	0.00411	0.00118	0.01762	0.00462	0.00287	0.00480
5	0.00800	0.00761	0.01291	0.51018	0.36762	0.00858	0.01088	0.01039	0.00794	0.01070	0.00683	0.00970	0.00539	0.00358	0.00374	0.00119	0.00477	0.00334	0.00175	0.00491
6	0.03786	0.04066	0.25001	0.05544	0.18085	0.04073	0.11224	0.02763	0.03870	0.15256	0.00869	0.01003	0.00642	0.00384	0.00370	0.00117	0.00476	0.01682	0.00238	0.00551
7	0.00949	0.01024	0.07214	0.12402	0.37235	0.10960	0.07506	0.03559	0.07210	0.02492	0.00802	0.02918	0.00654	0.00415	0.01475	0.00121	0.00488	0.00351	0.00212	0.02012
8	0.00558	0.00388	0.00473	0.00513	0.00578	0.01758	0.00359	0.00638	0.00762	0.06454	0.02256	0.55088	0.18536	0.03727	0.05886	0.00179	0.00281	0.00895	0.00340	0.00331
9	0.03135	0.02104	0.04680	0.29264	0.23859	0.02381	0.13372	0.02761	0.02725	0.01141	0.01026	0.02608	0.08463	0.00425	0.00385	0.00120	0.00464	0.00398	0.00206	0.00481
10	0.03849	0.27366	0.23060	0.02428	0.14628	0.03355	0.04641	0.03539	0.03744	0.05307	0.04226	0.00893	0.00678	0.00372	0.00329	0.00106	0.00447	0.00297	0.00208	0.00526
11	0.00822	0.09794	0.31985	0.08020	0.04572	0.00944	0.31369	0.01144	0.00829	0.01153	0.03831	0.00952	0.00632	0.00360	0.00397	0.00119	0.02034	0.00353	0.00181	0.00510
12	0.00461	0.00371	0.00402	0.00414	0.00518	0.00322	0.00304	0.00560	0.00837	0.01042	0.08253	0.16705	0.61407	0.01011	0.02822	0.00142	0.00216	0.00804	0.03089	0.00319
13	0.00987	0.12255	0.12546	0.06213	0.17724	0.03540	0.12409	0.06411	0.02577	0.10565	0.02387	0.02230	0.02245	0.03653	0.00446	0.00123	0.02568	0.00361	0.00236	0.00522
14	0.00899	0.12382	0.13460	0.03638	0.05051	0.06391	0.04226	0.05691	0.09411	0.03945	0.01998	0.02580	0.00711	0.00669	0.01993	0.20242	0.05724	0.00335	0.00219	0.00435
15	0.00482	0.00349	0.00434	0.00489	0.00536	0.00325	0.00338	0.00555	0.00738	0.00967	0.03401	0.51592	0.18385	0.09555	0.01869	0.01505	0.00246	0.05584	0.02349	0.00302
16	0.00854	0.08531	0.30882	0.05147	0.09936	0.06009	0.14593	0.02502	0.07094	0.01202	0.05728	0.02587	0.00809	0.00413	0.00375	0.00117	0.00494	0.02001	0.00211	0.00514

[dist]
# distance from previous block
# <min> <max>
0	1

[block]
# block no. 2 follows, 73 sequences, length 18
# corresponding to MSA columns:
# 185-202
name=unknown_C
#
# <colnr> <probs for GDERKNQSTAVLIFYWHMCP>
#	G	D	E	R	K	N	Q	S	T	A	V	L	I	F	Y	W	H	M	C	P
0	0.04308	0.10363	0.16880	0.00917	0.05094	0.29044	0.00793	0.03405	0.04401	0.01097	0.04049	0.06220	0.01678	0.01625	0.02970	0.00130	0.06003	0.00345	0.00216	0.00461
1	0.00842	0.25253	0.47679	0.01015	0.01459	0.01062	0.11828	0.01160	0.00787	0.01094	0.00635	0.00770	0.00490	0.00354	0.00373	0.00111	0.04125	0.00280	0.00163	0.00522
2	0.00479	0.00401	0.02889	0.00504	0.00578	0.00343	0.00375	0.00574	0.00766	0.00994	0.05247	0.45746	0.25703	0.04491	0.04874	0.00175	0.00271	0.04940	0.00333	0.00318
3	0.00983	0.01933	0.11410	0.10031	0.12662	0.08348	0.07078	0.05342	0.04295	0.13462	0.06206	0.02551	0.04050	0.00522	0.02845	0.00129	0.00448	0.02033	0.00268	0.05404
4	0.04789	0.05128	0.07031	0.02504	0.01068	0.00681	0.07567	0.04258	0.05260	0.06756	0.05025	0.00961	0.00750	0.00350	0.00320	0.00085	0.00343	0.00294	0.00251	0.46580
5	0.00670	0.00457	0.00622	0.05716	0.03708	0.00447	0.02431	0.02485	0.04217	0.08231	0.11869	0.40312	0.08252	0.00846	0.00428	0.00132	0.00258	0.00754	0.07781	0.00384
6	0.00741	0.00867	0.11215	0.11401	0.11759	0.04375	0.17652	0.02132	0.03106	0.01110	0.02566	0.18939	0.08464	0.03406	0.00463	0.00135	0.00433	0.00552	0.00242	0.00443
7	0.00971	0.05618	0.03203	0.15522	0.20433	0.06444	0.22024	0.04042	0.03003	0.08688	0.02651	0.01106	0.03791	0.00392	0.00386	0.00117	0.00486	0.00378	0.00230	0.00515
8	0.01054	0.77147	0.06429	0.00719	0.01051	0.01455	0.00709	0.01221	0.05069	0.01004	0.00653	0.00752	0.00582	0.00380	0.00286	0.00098	0.00428	0.00241	0.00196	0.00527
9	0.00486	0.00419	0.02907	0.00471	0.00577	0.00346	0.00366	0.00609	0.00874	0.01128	0.21969	0.20568	0.40949	0.00942	0.00453	0.00133	0.00213	0.05902	0.00358	0.00332
10	0.00989	0.11184	0.10204	0.11735	0.22246	0.08136	0.08986	0.04920	0.03113	0.08396	0.03459	0.02141	0.02050	0.00398	0.00365	0.00112	0.00465	0.00349	0.00228	0.00523
11	0.00990	0.57416	0.18471	0.00798	0.01168	0.01281	0.05954	0.05375	0.00838	0.03778	0.00618	0.00703	0.00508	0.00339	0.00288	0.00094	0.00444	0.00244	0.00183	0.00511
12	0.00450	0.00379	0.00390	0.00390	0.00511	0.00319	0.00291	0.00549	0.00865	0.01045	0.09094	0.05923	0.76626	0.00944	0.00444	0.00127	0.00190	0.00792	0.00353	0.00319
13	0.00871	0.00993	0.10605	0.16270	0.36202	0.03322	0.14289	0.02312	0.06544	0.01194	0.00799	0.03471	0.00651	0.00381	0.00385	0.00119	0.00486	0.00370	0.00201	0.00533
14	0.06932	0.07863	0.11915	0.06911	0.14290	0.06441	0.06850	0.09283	0.03286	0.20315	0.00901	0.01896	0.00659	0.00397	0.00356	0.00113	0.00440	0.00330	0.00272	0.00550
15	0.00709	0.00667	0.01125	0.85913	0.02584	0.00834	0.01042	0.00959	0.00750	0.00959	0.00667	0.01000	0.00500	0.00375	0.00375	0.00125	0.00500	0.00333	0.00167	0.00417
16	0.00465	0.00351	0.00431	0.00487	0.00548	0.00318	0.00345	0.00550	0.00783	0.01007	0.05908	0.53003	0.27382	0.01082	0.00469	0.00144	0.00215	0.05848	0.00351	0.00313
17	0.01001	0.06389	0.11094	0.11662	0.25435	0.06904	0.05565	0.04257	0.02218	0.11908	0.00845	0.03633	0.00673	0.00486	0.03173	0.00132	0.03516	0.00351	0.00230	0.00528

[dist]
# distance from previous block
# <min> <max>
1	28

[block]
# block no. 3 follows, 73 sequences, length 33
# corresponding to MSA columns:
# 231-263
name=unknown_D
#
# <colnr> <probs for GDERKNQSTAVLIFYWHMCP>
#	G	D	E	R	K	N	Q	S	T	A	V	L	I	F	Y	W	H	M	C	P
0	0.10092	0.20184	0.04396	0.01789	0.09701	0.04104	0.04413	0.16140	0.05389	0.07036	0.04668	0.04673	0.02670	0.00442	0.00338	0.00108	0.00387	0.00353	0.00270	0.02848
1	0.13809	0.07217	0.06520	0.00776	0.04867	0.01723	0.00640	0.19812	0.07973	0.11684	0.02134	0.02030	0.03581	0.00444	0.00354	0.00108	0.01849	0.02171	0.00300	0.12007
2	0.15303	0.11944	0.05331	0.00757	0.01024	0.05945	0.03764	0.22114	0.15167	0.04578	0.06153	0.03194	0.00885	0.00450	0.00341	0.00112	0.00378	0.00348	0.00300	0.01913
3	0.25168	0.08172	0.14451	0.02903	0.02946	0.03634	0.08703	0.05989	0.01922	0.11581	0.05212	0.03116	0.00757	0.00422	0.00364	0.00117	0.03469	0.00329	0.00255	0.00490
4	0.00789	0.00738	0.01274	0.53278	0.11661	0.00819	0.12224	0.01051	0.02360	0.03098	0.00742	0.01045	0.00575	0.00371	0.00379	0.00119	0.00485	0.01700	0.00190	0.07102
5	0.00665	0.00621	0.01064	0.12211	0.08947	0.01785	0.19367	0.00855	0.02805	0.01057	0.01404	0.40918	0.01516	0.00759	0.00453	0.00139	0.01374	0.03387	0.00270	0.00404
6	0.00896	0.01918	0.09941	0.00659	0.01001	0.00599	0.02015	0.03303	0.02466	0.10422	0.00817	0.00888	0.01671	0.00331	0.00320	0.00076	0.01543	0.00265	0.00249	0.60619
7	0.40806	0.14637	0.06340	0.00714	0.00980	0.17109	0.03361	0.05302	0.05440	0.01391	0.00625	0.00705	0.00495	0.00365	0.00284	0.00108	0.00416	0.00242	0.00223	0.00458
8	0.00752	0.01941	0.84871	0.01069	0.01624	0.00871	0.01386	0.01188	0.00792	0.01188	0.00673	0.00792	0.00475	0.00356	0.00356	0.00119	0.00554	0.00277	0.00158	0.00554
9	0.01236	0.00957	0.01019	0.00825	0.01091	0.01075	0.00667	0.51970	0.33327	0.02059	0.01142	0.01093	0.00833	0.00473	0.00378	0.00118	0.00368	0.00371	0.00378	0.00621
10	0.00776	0.06095	0.69804	0.05446	0.05813	0.00904	0.03717	0.01172	0.00794	0.01163	0.00669	0.00806	0.00486	0.00353	0.00355	0.00117	0.00541	0.00284	0.00161	0.00544
11	0.00827	0.02587	0.06933	0.34707	0.24279	0.02490	0.11739	0.01093	0.02954	0.01087	0.00694	0.00951	0.00548	0.00380	0.00445	0.00123	0.07150	0.00342	0.00180	0.00491
12	0.00901	0.52297	0.35814	0.00816	0.01233	0.01234	0.00946	0.01150	0.00774	0.01007	0.00584	0.00680	0.00479	0.00335	0.00288	0.00096	0.00464	0.00232	0.00160	0.00511
13	0.00542	0.00379	0.00484	0.00484	0.00510	0.00404	0.00321	0.00594	0.00568	0.00783	0.01114	0.02075	0.01199	0.54294	0.34205	0.00456	0.00612	0.00490	0.00217	0.00269
14	0.00479	0.00361	0.00525	0.00576	0.00616	0.00337	0.04534	0.00557	0.00727	0.00970	0.02002	0.82243	0.02385	0.01132	0.00477	0.00151	0.00239	0.01035	0.00340	0.00315
15	0.00479	0.00385	0.00428	0.00424	0.00533	0.00338	0.00315	0.00613	0.02346	0.01164	0.27357	0.09171	0.53314	0.00904	0.00445	0.00126	0.00190	0.00771	0.00368	0.00332
16	0.00709	0.00667	0.01125	0.85913	0.02584	0.00834	0.01042	0.00959	0.00750	0.00959	0.00667	0.01000	0.00500	0.00375	0.00375	0.00125	0.00500	0.00333	0.00167	0.00417
17	0.00854	0.00735	0.00773	0.00702	0.00899	0.00832	0.00544	0.01756	0.70051	0.01488	0.03657	0.01749	0.13174	0.00578	0.00392	0.00127	0.00279	0.00483	0.00378	0.00549
18	0.89465	0.00726	0.00551	0.00493	0.00726	0.00842	0.00406	0.01103	0.00638	0.01683	0.00522	0.00609	0.00406	0.00348	0.00232	0.00116	0.00290	0.00203	0.00232	0.00406
19	0.00906	0.00923	0.03339	0.06462	0.63688	0.00898	0.15910	0.01151	0.00853	0.01207	0.00713	0.00944	0.00582	0.00334	0.00384	0.00115	0.00484	0.00353	0.00185	0.00568
20	0.00513	0.00438	0.00508	0.00572	0.07356	0.00394	0.00380	0.00668	0.04834	0.01085	0.08497	0.09767	0.61876	0.00885	0.00437	0.00127	0.00217	0.00751	0.00341	0.00354
21	0.00933	0.00806	0.00848	0.00764	0.00976	0.00933	0.00594	0.01994	0.83797	0.01569	0.01527	0.01400	0.01145	0.00509	0.00382	0.00127	0.00297	0.00424	0.00382	0.00594
22	0.06006	0.00647	0.00841	0.00642	0.00936	0.00559	0.00528	0.01663	0.01009	0.68348	0.01313	0.01170	0.00848	0.00431	0.00355	0.00107	0.00312	0.00346	0.00417	0.13521
23	0.00546	0.00364	0.00409	0.00409	0.00409	0.00364	0.00227	0.00546	0.00546	0.00727	0.01182	0.02455	0.01364	0.86815	0.01910	0.00364	0.00364	0.00546	0.00227	0.00227
24	0.79169	0.00737	0.00602	0.00524	0.00763	0.00839	0.00432	0.05371	0.00725	0.07179	0.00605	0.00668	0.00453	0.00361	0.00249	0.00116	0.00298	0.00222	0.00255	0.00433
25	0.01273	0.01299	0.01033	0.00923	0.03487	0.38981	0.00699	0.19337	0.21473	0.04205	0.00913	0.00933	0.00697	0.00438	0.00382	0.00110	0.02682	0.00317	0.00287	0.00529
26	0.01004	0.00963	0.11744	0.06103	0.17523	0.03642	0.04627	0.12156	0.11927	0.10392	0.02077	0.02501	0.02423	0.01893	0.00427	0.00124	0.02179	0.04941	0.00281	0.03076
27	0.01200	0.01093	0.00949	0.04711	0.02535	0.28185	0.00648	0.20187	0.12486	0.09731	0.04416	0.05770	0.00936	0.04925	0.00452	0.00126	0.00455	0.00387	0.00306	0.00504
28	0.36607	0.03820	0.13628	0.00754	0.03511	0.03297	0.03015	0.03706	0.06086	0.15217	0.00904	0.01001	0.02422	0.00419	0.00331	0.00118	0.01751	0.02647	0.00272	0.00494
29	0.00582	0.00383	0.00436	0.00432	0.00451	0.00381	0.00255	0.00623	0.02958	0.03195	0.01306	0.07127	0.03186	0.75217	0.01710	0.00333	0.00349	0.00572	0.00248	0.00256
30	0.00853	0.00908	0.12497	0.01001	0.06082	0.00771	0.18764	0.09326	0.13207	0.04866	0.09060	0.05170	0.10782	0.00549	0.00427	0.00125	0.01973	0.02846	0.00293	0.00499
31	0.03260	0.03172	0.09391	0.08244	0.01064	0.00625	0.08018	0.06233	0.02578	0.03237	0.08563	0.18449	0.14629	0.00725	0.00438	0.00132	0.01954	0.08577	0.00297	0.00414
32	0.05667	0.33827	0.30902	0.03653	0.01235	0.01051	0.02738	0.02206	0.02025	0.06680	0.04619	0.00911	0.02243	0.00383	0.00316	0.00104	0.00437	0.00288	0.00206	0.00507

[dist]
# distance from previous block
# <min> <max>
29	156

[block]
# block no. 4 follows, 73 sequences, length 35
# corresponding to MSA columns:
# 464-498
name=unknown_E
#
# <colnr> <probs for GDERKNQSTAVLIFYWHMCP>
#	G	D	E	R	K	N	Q	S	T	A	V	L	I	F	Y	W	H	M	C	P
0	0.04543	0.12522	0.11481	0.09439	0.08748	0.00846	0.04359	0.10241	0.04998	0.05999	0.04676	0.09175	0.04968	0.00492	0.00362	0.00113	0.00386	0.00415	0.00261	0.05973
1	0.07034	0.05348	0.09337	0.04655	0.05439	0.06432	0.02676	0.07774	0.08741	0.06145	0.08487	0.07142	0.08708	0.06049	0.00469	0.00131	0.00368	0.00449	0.00285	0.04332
2	0.00966	0.07537	0.11412	0.04258	0.07788	0.04681	0.02124	0.11262	0.11266	0.10863	0.07706	0.05239	0.07442	0.02249	0.00411	0.00122	0.00378	0.02489	0.00302	0.01504
3	0.06037	0.07993	0.13047	0.08796	0.07833	0.03443	0.04072	0.07209	0.07772	0.04286	0.03751	0.05884	0.05749	0.04332	0.04318	0.00148	0.00426	0.00406	0.01899	0.02598
4	0.00926	0.11812	0.12069	0.05012	0.21613	0.05930	0.05347	0.04861	0.10142	0.04024	0.05018	0.04686	0.00888	0.00440	0.00365	0.00112	0.00427	0.02342	0.00242	0.03744
5	0.00994	0.08237	0.17666	0.00873	0.05723	0.05186	0.02346	0.14001	0.05447	0.09109	0.04824	0.04342	0.02263	0.00474	0.01242	0.00112	0.01804	0.01473	0.00272	0.13611
6	0.11152	0.06502	0.07314	0.02512	0.02500	0.00742	0.04747	0.12075	0.05469	0.15157	0.01405	0.07408	0.11144	0.07517	0.01507	0.00145	0.00362	0.01558	0.00306	0.00477
7	0.03391	0.06361	0.19253	0.24349	0.06639	0.03326	0.04896	0.06160	0.02172	0.07747	0.02155	0.00997	0.02152	0.00440	0.01550	0.00125	0.05540	0.00330	0.00218	0.02198
8	0.04179	0.08198	0.00937	0.00744	0.00937	0.36450	0.00576	0.02663	0.07420	0.13454	0.03960	0.01315	0.05996	0.09806	0.00519	0.00134	0.00468	0.01521	0.00273	0.00450
9	0.00702	0.00662	0.06370	0.03934	0.12229	0.01586	0.00595	0.00860	0.03511	0.02390	0.15153	0.12797	0.30953	0.02638	0.00496	0.00148	0.00315	0.03877	0.00343	0.00440
10	0.01003	0.87041	0.01966	0.00642	0.00963	0.01485	0.00642	0.01123	0.00762	0.00883	0.00522	0.00602	0.00481	0.00321	0.00241	0.00080	0.00401	0.00201	0.00160	0.00481
11	0.01003	0.87041	0.01966	0.00642	0.00963	0.01485	0.00642	0.01123	0.00762	0.00883	0.00522	0.00602	0.00481	0.00321	0.00241	0.00080	0.00401	0.00201	0.00160	0.00481
12	0.89465	0.00726	0.00551	0.00493	0.00726	0.00842	0.00406	0.01103	0.00638	0.01683	0.00522	0.00609	0.00406	0.00348	0.00232	0.00116	0.00290	0.00203	0.00232	0.00406
13	0.01036	0.64063	0.01674	0.00686	0.00965	0.16944	0.00632	0.01154	0.00837	0.00927	0.05202	0.00820	0.02992	0.00375	0.00276	0.00087	0.00434	0.00251	0.00186	0.00461
14	0.00752	0.03997	0.80136	0.01040	0.01574	0.00870	0.01335	0.01171	0.00800	0.01191	0.03329	0.00851	0.00573	0.00369	0.00356	0.00118	0.00539	0.00288	0.00167	0.00546
15	0.03584	0.00628	0.04331	0.03917	0.02467	0.01604	0.02380	0.13065	0.04020	0.05120	0.01440	0.32156	0.04065	0.05369	0.10342	0.01577	0.01353	0.00631	0.00302	0.01649
16	0.00806	0.00661	0.00741	0.01627	0.00803	0.06901	0.00524	0.05638	0.03304	0.02868	0.10860	0.07906	0.06138	0.16353	0.19801	0.00294	0.10003	0.04060	0.00301	0.00411
17	0.00536	0.00402	0.00603	0.00603	0.00670	0.00469	0.00469	0.00670	0.00603	0.00871	0.01005	0.01474	0.00938	0.02814	0.85328	0.00603	0.01005	0.00402	0.00201	0.00335
18	0.00889	0.01013	0.03365	0.07543	0.08529	0.04795	0.61735	0.01174	0.00868	0.01160	0.00749	0.02237	0.00587	0.00349	0.00452	0.00125	0.03322	0.00420	0.00189	0.00498
19	0.00904	0.06158	0.03375	0.19601	0.34129	0.02508	0.11042	0.04187	0.03800	0.04106	0.03046	0.02240	0.02454	0.00392	0.00378	0.00116	0.00458	0.00370	0.00215	0.00522
20	0.00709	0.00667	0.01125	0.85913	0.02584	0.00834	0.01042	0.00959	0.00750	0.00959	0.00667	0.01000	0.00500	0.00375	0.00375	0.00125	0.00500	0.00333	0.00167	0.00417
21	0.00461	0.00330	0.00441	0.00523	0.00548	0.00310	0.00351	0.00530	0.00723	0.00968	0.03922	0.82594	0.02468	0.01206	0.02533	0.00162	0.00236	0.01042	0.00346	0.00307
22	0.01051	0.03715	0.01341	0.15396	0.28649	0.13494	0.08857	0.06821	0.02047	0.08747	0.00786	0.02276	0.00622	0.00396	0.00410	0.00116	0.04184	0.00343	0.00226	0.00524
23	0.02630	0.06657	0.06605	0.10481	0.21332	0.09145	0.10047	0.07852	0.08649	0.09281	0.00841	0.00962	0.00639	0.00399	0.00394	0.01493	0.01481	0.00335	0.00242	0.00535
24	0.00652	0.00326	0.00489	0.00489	0.00489	0.00326	0.00326	0.00489	0.00489	0.00652	0.00652	0.01140	0.00652	0.01303	0.01466	0.89084	0.00326	0.00326	0.00163	0.00163
25	0.00600	0.00470	0.01627	0.00490	0.00615	0.00438	0.00376	0.03940	0.09158	0.02515	0.34303	0.05707	0.29853	0.04278	0.00486	0.00132	0.00218	0.00664	0.03755	0.00376
26	0.01041	0.00997	0.10055	0.15347	0.19731	0.06831	0.03235	0.14565	0.04745	0.10218	0.03218	0.01027	0.00713	0.00476	0.02564	0.00130	0.03966	0.00345	0.00256	0.00538
27	0.04474	0.03890	0.05976	0.18548	0.28269	0.04394	0.15167	0.01127	0.02370	0.03223	0.00833	0.02279	0.02076	0.00425	0.01284	0.00125	0.01882	0.02953	0.00203	0.00502
28	0.00709	0.00667	0.01125	0.85913	0.02584	0.00834	0.01042	0.00959	0.00750	0.00959	0.00667	0.01000	0.00500	0.00375	0.00375	0.00125	0.00500	0.00333	0.00167	0.00417
29	0.04811	0.00980	0.02815	0.03205	0.06754	0.04418	0.03572	0.51751	0.01434	0.08696	0.03968	0.02627	0.02314	0.00463	0.00376	0.00114	0.00410	0.00368	0.00341	0.00583
30	0.03841	0.03736	0.05822	0.08715	0.15210	0.00880	0.10424	0.20112	0.01084	0.18898	0.01936	0.02178	0.00715	0.00417	0.00391	0.00116	0.02229	0.00359	0.02377	0.00559
31	0.07706	0.07072	0.01718	0.05452	0.09611	0.05360	0.05855	0.02340	0.00788	0.03571	0.01349	0.33338	0.02855	0.05596	0.02232	0.00153	0.00367	0.03968	0.00272	0.00399
32	0.02930	0.00677	0.01111	0.81791	0.02504	0.00842	0.01018	0.02897	0.00771	0.01010	0.00669	0.00988	0.00501	0.00376	0.00372	0.00125	0.00493	0.00330	0.00173	0.00422
33	0.07272	0.02695	0.04216	0.08138	0.17370	0.02837	0.11396	0.05513	0.07655	0.13114	0.00999	0.06304	0.01845	0.00505	0.02507	0.00130	0.02834	0.00393	0.00265	0.04012
34	0.03126	0.04372	0.15836	0.06005	0.13047	0.10576	0.05159	0.04558	0.05515	0.04422	0.06831	0.02650	0.04561	0.02174	0.02413	0.00134	0.04802	0.02054	0.00240	0.01526

[dist]
# distance from previous block
# <min> <max>
0	20

[block]
# block no. 5 follows, 73 sequences, length 13
# corresponding to MSA columns:
# 519-531
name=unknown_F
#
# <colnr> <probs for GDERKNQSTAVLIFYWHMCP>
#	G	D	E	R	K	N	Q	S	T	A	V	L	I	F	Y	W	H	M	C	P
0	0.03243	0.24384	0.05549	0.00826	0.03327	0.18750	0.03200	0.04036	0.04489	0.05336	0.02705	0.00933	0.00685	0.02000	0.09020	0.01022	0.07210	0.00298	0.01360	0.01627
1	0.00940	0.15160	0.07022	0.02660	0.03897	0.05640	0.02936	0.11503	0.07941	0.01294	0.00757	0.00860	0.00610	0.00461	0.04072	0.00111	0.01731	0.00277	0.00234	0.31895
2	0.08365	0.31165	0.08092	0.01910	0.03305	0.03490	0.01589	0.09404	0.04582	0.10884	0.01029	0.02802	0.05976	0.00449	0.00333	0.00106	0.01421	0.02391	0.02208	0.00500
3	0.00829	0.02352	0.05258	0.04152	0.14682	0.00697	0.02470	0.12392	0.09749	0.04143	0.05260	0.18390	0.08147	0.00700	0.00505	0.07549	0.01431	0.00542	0.00294	0.00459
4	0.00822	0.08787	0.36424	0.00890	0.04719	0.02222	0.02152	0.03168	0.00814	0.01197	0.00661	0.00780	0.00517	0.00330	0.00334	0.00092	0.01900	0.00257	0.00190	0.33744
5	0.00752	0.01941	0.84871	0.01069	0.01624	0.00871	0.01386	0.01188	0.00792	0.01188	0.00673	0.00792	0.00475	0.00356	0.00356	0.00119	0.00554	0.00277	0.00158	0.00554
6	0.00673	0.00380	0.00551	0.00535	0.00552	0.00405	0.00375	0.03351	0.00548	0.00744	0.00691	0.01154	0.00675	0.01409	0.10426	0.72761	0.04051	0.00335	0.00174	0.00208
7	0.00649	0.00655	0.06191	0.16532	0.01195	0.01870	0.10622	0.00803	0.01798	0.00959	0.01197	0.26310	0.01279	0.16080	0.01837	0.01849	0.07859	0.01712	0.00239	0.00365
8	0.00853	0.00833	0.01262	0.13418	0.50098	0.07112	0.02903	0.01047	0.00836	0.01122	0.00931	0.13828	0.00898	0.00489	0.00391	0.00120	0.00438	0.02702	0.00213	0.00506
9	0.00890	0.04540	0.00912	0.00727	0.06681	0.02766	0.00538	0.03921	0.09327	0.04826	0.00791	0.00867	0.00632	0.00324	0.00302	0.00073	0.00313	0.00261	0.00248	0.61060
10	0.04778	0.07298	0.01178	0.00937	0.00984	0.06912	0.00783	0.00969	0.00625	0.00937	0.00502	0.00785	0.00487	0.00600	0.01053	0.00151	0.70130	0.00307	0.00169	0.00417
11	0.00783	0.00684	0.00850	0.00607	0.00943	0.00523	0.04596	0.00958	0.00783	0.01221	0.00671	0.00790	0.00556	0.00280	0.00286	0.00059	0.00296	0.00233	0.00221	0.84659
12	0.05443	0.11258	0.16313	0.00904	0.07311	0.08512	0.00772	0.06537	0.26524	0.02511	0.01038	0.03203	0.02208	0.02327	0.00395	0.00120	0.01729	0.00353	0.02015	0.00526

[dist]
# distance from previous block
# <min> <max>
0	1

[block]
# block no. 6 follows, 73 sequences, length 7
# corresponding to MSA columns:
# 533-539
name=unknown_G
#
# <colnr> <probs for GDERKNQSTAVLIFYWHMCP>
#	G	D	E	R	K	N	Q	S	T	A	V	L	I	F	Y	W	H	M	C	P
0	0.14039	0.00860	0.05250	0.00900	0.12164	0.02985	0.02346	0.10827	0.04448	0.07448	0.00770	0.00854	0.00594	0.00354	0.00333	0.00094	0.01914	0.00278	0.00255	0.33288
1	0.07395	0.63692	0.09022	0.00689	0.01018	0.01339	0.00693	0.06996	0.04246	0.01101	0.00603	0.00673	0.00514	0.00343	0.00266	0.00090	0.00403	0.00226	0.00190	0.00498
2	0.01397	0.00617	0.00844	0.00741	0.05184	0.00558	0.00570	0.05040	0.01052	0.59652	0.06410	0.06693	0.01255	0.00568	0.00399	0.00123	0.00318	0.07580	0.00426	0.00574
3	0.00901	0.00854	0.04604	0.06252	0.26278	0.06392	0.00780	0.16198	0.02618	0.01444	0.19853	0.01547	0.07883	0.00519	0.00409	0.00116	0.02124	0.00442	0.00286	0.00500
4	0.00466	0.00339	0.00424	0.00487	0.00522	0.00314	0.00324	0.00528	0.00719	0.00939	0.02229	0.63760	0.14963	0.11345	0.00644	0.00174	0.00231	0.00962	0.00334	0.00297
5	0.01173	0.23569	0.08410	0.00949	0.05621	0.40608	0.00780	0.06746	0.00965	0.01043	0.00607	0.00721	0.00509	0.00438	0.02346	0.00111	0.04481	0.00253	0.00192	0.00476
6	0.35555	0.24089	0.09318	0.00664	0.00953	0.06230	0.00622	0.05315	0.00792	0.04241	0.00601	0.00685	0.00480	0.00359	0.00301	0.00103	0.03172	0.00230	0.00216	0.06074

[dist]
# distance from previous block
# <min> <max>
0	2

[block]
# block no. 7 follows, 73 sequences, length 61
# corresponding to MSA columns:
# 542-602
name=unknown_H
#
# <colnr> <probs for GDERKNQSTAVLIFYWHMCP>
#	G	D	E	R	K	N	Q	S	T	A	V	L	I	F	Y	W	H	M	C	P
0	0.14900	0.28585	0.12205	0.04073	0.08724	0.07437	0.06001	0.04430	0.03769	0.02132	0.00746	0.02290	0.02489	0.00380	0.00312	0.00105	0.00435	0.00290	0.00206	0.00490
1	0.00542	0.00367	0.00434	0.00436	0.00445	0.00375	0.00260	0.00560	0.00557	0.00751	0.01184	0.04593	0.01342	0.74265	0.12052	0.00387	0.00438	0.00542	0.00227	0.00243
2	0.00857	0.00815	0.01386	0.27209	0.58399	0.00865	0.01108	0.01087	0.00823	0.01144	0.00719	0.01015	0.00597	0.00360	0.00375	0.00117	0.00460	0.01944	0.00183	0.00536
3	0.00464	0.00367	0.00419	0.00442	0.00532	0.00322	0.00321	0.00565	0.00847	0.01073	0.15162	0.27163	0.47004	0.00989	0.00455	0.00134	0.00200	0.02864	0.00358	0.00320
4	0.00791	0.00675	0.00785	0.00562	0.00895	0.00513	0.00450	0.02591	0.00798	0.01245	0.00672	0.00780	0.00557	0.00281	0.00280	0.00057	0.00281	0.00225	0.00225	0.87338
5	0.87620	0.00724	0.00558	0.00497	0.00730	0.00836	0.00409	0.01118	0.00648	0.03429	0.00543	0.00623	0.00417	0.00351	0.00235	0.00116	0.00291	0.00207	0.00237	0.00411
6	0.00921	0.59270	0.29020	0.00781	0.01179	0.01284	0.00885	0.01145	0.00772	0.00982	0.00571	0.00664	0.00479	0.00333	0.00278	0.00093	0.00451	0.00226	0.00160	0.00505
7	0.00448	0.00380	0.00386	0.00385	0.00510	0.00319	0.00289	0.00547	0.00866	0.01039	0.08021	0.03568	0.80086	0.00941	0.00443	0.00126	0.00189	0.00786	0.00352	0.00319
8	0.00561	0.00408	0.00547	0.00537	0.00569	0.00459	0.00380	0.00624	0.00572	0.00803	0.01041	0.01855	0.01089	0.39500	0.40968	0.03299	0.05834	0.00458	0.00209	0.00287
9	0.01015	0.04803	0.01000	0.00715	0.01026	0.03943	0.03454	0.24974	0.07017	0.01552	0.00790	0.00855	0.00616	0.00352	0.00320	0.00082	0.00351	0.00278	0.00273	0.46585
10	0.01095	0.00796	0.00969	0.00925	0.10352	0.00843	0.01846	0.42623	0.02940	0.07043	0.01256	0.25167	0.01182	0.00642	0.00405	0.00124	0.00356	0.00549	0.00349	0.00536
11	0.00457	0.00326	0.00435	0.00522	0.00544	0.00305	0.00348	0.00522	0.00718	0.00958	0.02068	0.86570	0.02481	0.01175	0.00479	0.00152	0.00218	0.01067	0.00348	0.00305
12	0.00544	0.00363	0.00410	0.00411	0.00412	0.00363	0.00229	0.00545	0.00549	0.00731	0.01197	0.03899	0.01383	0.85345	0.01885	0.00360	0.00361	0.00555	0.00229	0.00229
13	0.02677	0.41039	0.04999	0.00794	0.01077	0.31998	0.01812	0.04142	0.00918	0.03669	0.00601	0.00681	0.00504	0.00355	0.00294	0.00091	0.00503	0.00233	0.00193	0.03418
14	0.00536	0.00402	0.00603	0.00603	0.00670	0.00469	0.00469	0.00670	0.00603	0.00871	0.01005	0.01474	0.00938	0.02814	0.85328	0.00603	0.01005	0.00402	0.00201	0.00335
15	0.00886	0.01012	0.02214	0.01581	0.01961	0.00949	0.83112	0.01202	0.00886	0.01202	0.00759	0.01012	0.00569	0.00316	0.00443	0.00127	0.00633	0.00443	0.00190	0.00506
16	0.00908	0.00871	0.01486	0.10068	0.76869	0.00886	0.01141	0.01134	0.00845	0.01201	0.00702	0.00935	0.00586	0.00338	0.00372	0.00113	0.00451	0.00334	0.00184	0.00578
17	0.00933	0.00806	0.00848	0.00764	0.00976	0.00933	0.00594	0.01994	0.83797	0.01569	0.01527	0.01400	0.01145	0.00509	0.00382	0.00127	0.00297	0.00424	0.00382	0.00594
18	0.19562	0.00437	0.00406	0.00388	0.00511	0.00459	0.00300	0.00947	0.00763	0.03564	0.01081	0.01228	0.00843	0.00419	0.00259	0.00094	0.00203	0.00319	0.67848	0.00369
19	0.00529	0.00383	0.00498	0.00469	0.00559	0.00353	0.00352	0.00703	0.01056	0.01491	0.82073	0.02825	0.05752	0.00772	0.00443	0.00118	0.00177	0.00682	0.00411	0.00353
20	0.00880	0.01001	0.02179	0.04276	0.01981	0.00945	0.80489	0.01194	0.00881	0.01194	0.00756	0.01012	0.00567	0.00318	0.00441	0.00126	0.00628	0.00439	0.00189	0.00503
21	0.00652	0.00326	0.00489	0.00489	0.00489	0.00326	0.00326	0.00489	0.00489	0.00652	0.00652	0.01140	0.00652	0.01303	0.01466	0.89084	0.00326	0.00326	0.00163	0.00163
22	0.00457	0.00326	0.00435	0.00522	0.00544	0.00305	0.00348	0.00522	0.00718	0.00958	0.02068	0.86570	0.02481	0.01175	0.00479	0.00152	0.00218	0.01067	0.00348	0.00305
23	0.00634	0.00388	0.00560	0.00549	0.00589	0.00423	0.00401	0.03316	0.00588	0.00825	0.00820	0.01272	0.00776	0.01851	0.35419	0.46131	0.01711	0.00358	0.03130	0.00258
24	0.00752	0.01941	0.84871	0.01069	0.01624	0.00871	0.01386	0.01188	0.00792	0.01188	0.00673	0.00792	0.00475	0.00356	0.00356	0.00119	0.00554	0.00277	0.00158	0.00554
25	0.00457	0.00326	0.00435	0.00522	0.00544	0.00305	0.00348	0.00522	0.00718	0.00958	0.02068	0.86570	0.02481	0.01175	0.00479	0.00152	0.00218	0.01067	0.00348	0.00305
26	0.00728	0.00617	0.00779	0.00743	0.00811	0.05397	0.00574	0.00821	0.00684	0.00964	0.00989	0.01473	0.00935	0.05450	0.62341	0.00503	0.15152	0.00415	0.00227	0.00398
27	0.01067	0.01011	0.01637	0.01250	0.03808	0.06245	0.43319	0.22489	0.05565	0.03959	0.00900	0.04146	0.00700	0.00404	0.00410	0.00121	0.00524	0.00419	0.01488	0.00537
28	0.00884	0.01008	0.02191	0.01569	0.01940	0.00953	0.81356	0.01195	0.00879	0.01195	0.00753	0.01008	0.00568	0.00324	0.00460	0.00127	0.02457	0.00440	0.00189	0.00504
29	0.11059	0.01086	0.04937	0.07007	0.41715	0.17117	0.08424	0.01204	0.00860	0.01194	0.00659	0.00849	0.00537	0.00352	0.00365	0.00112	0.01505	0.00309	0.00190	0.00519
30	0.00848	0.00617	0.00684	0.02303	0.00794	0.00693	0.00486	0.05607	0.34545	0.03479	0.08896	0.01455	0.01217	0.00510	0.00398	0.00114	0.05582	0.00408	0.30888	0.00476
31	0.89465	0.00726	0.00551	0.00493	0.00726	0.00842	0.00406	0.01103	0.00638	0.01683	0.00522	0.00609	0.00406	0.00348	0.00232	0.00116	0.00290	0.00203	0.00232	0.00406
32	0.89465	0.00726	0.00551	0.00493	0.00726	0.00842	0.00406	0.01103	0.00638	0.01683	0.00522	0.00609	0.00406	0.00348	0.00232	0.00116	0.00290	0.00203	0.00232	0.00406
33	0.00446	0.00380	0.00383	0.00382	0.00508	0.00318	0.00287	0.00543	0.00860	0.01026	0.05833	0.03590	0.82282	0.00946	0.00443	0.00126	0.00190	0.00789	0.00350	0.00318
34	0.00456	0.00371	0.00404	0.00416	0.00520	0.00319	0.00304	0.00556	0.00857	0.01064	0.13341	0.17676	0.60476	0.00966	0.00449	0.00130	0.00193	0.00825	0.00356	0.00319
35	0.84000	0.00746	0.00587	0.00516	0.00753	0.00862	0.00425	0.06200	0.00708	0.01726	0.00546	0.00628	0.00421	0.00355	0.00241	0.00116	0.00298	0.00212	0.00241	0.00421
36	0.01003	0.87041	0.01966	0.00642	0.00963	0.01485	0.00642	0.01123	0.00762	0.00883	0.00522	0.00602	0.00481	0.00321	0.00241	0.00080	0.00401	0.00201	0.00160	0.00481
37	0.00752	0.01941	0.84871	0.01069	0.01624	0.00871	0.01386	0.01188	0.00792	0.01188	0.00673	0.00792	0.00475	0.00356	0.00356	0.00119	0.00554	0.00277	0.00158	0.00554
38	0.00605	0.00432	0.00605	0.00691	0.00777	0.00432	0.00605	0.00777	0.00864	0.01123	0.01986	0.04232	0.02159	0.01036	0.00518	0.00173	0.00345	0.81949	0.00345	0.00345
39	0.89465	0.00726	0.00551	0.00493	0.00726	0.00842	0.00406	0.01103	0.00638	0.01683	0.00522	0.00609	0.00406	0.00348	0.00232	0.00116	0.00290	0.00203	0.00232	0.00406
40	0.00457	0.00326	0.00435	0.00522	0.00544	0.00305	0.00348	0.00522	0.00718	0.00958	0.02068	0.86570	0.02481	0.01175	0.00479	0.00152	0.00218	0.01067	0.00348	0.00305
41	0.89465	0.00726	0.00551	0.00493	0.00726	0.00842	0.00406	0.01103	0.00638	0.01683	0.00522	0.00609	0.00406	0.00348	0.00232	0.00116	0.00290	0.00203	0.00232	0.00406
42	0.00929	0.00891	0.01523	0.02303	0.84475	0.00891	0.01151	0.01151	0.00854	0.01226	0.00706	0.00929	0.00594	0.00334	0.00371	0.00111	0.00446	0.00334	0.00186	0.00594
43	0.00933	0.00806	0.00848	0.00764	0.00976	0.00933	0.00594	0.01994	0.83797	0.01569	0.01527	0.01400	0.01145	0.00509	0.00382	0.00127	0.00297	0.00424	0.00382	0.00594
44	0.00452	0.00380	0.00392	0.00389	0.00512	0.00320	0.00292	0.00555	0.00875	0.01060	0.11450	0.03534	0.76644	0.00933	0.00443	0.00126	0.00189	0.00781	0.00355	0.00320
45	0.00886	0.01012	0.02214	0.01581	0.01961	0.00949	0.83112	0.01202	0.00886	0.01202	0.00759	0.01012	0.00569	0.00316	0.00443	0.00127	0.00633	0.00443	0.00190	0.00506
46	0.00481	0.00382	0.00433	0.00427	0.00536	0.00334	0.00322	0.00609	0.00930	0.01199	0.33738	0.04655	0.50243	0.00888	0.00446	0.00125	0.00191	0.03357	0.00372	0.00331
47	0.00500	0.00397	0.00415	0.00405	0.00535	0.00340	0.00305	0.00623	0.02528	0.03741	0.10442	0.03424	0.73218	0.00910	0.00440	0.00126	0.00195	0.00762	0.00358	0.00336
48	0.01580	0.00804	0.00973	0.00746	0.01040	0.00797	0.00616	0.34432	0.01350	0.51740	0.01248	0.01126	0.00812	0.00459	0.00376	0.00115	0.00357	0.00361	0.00429	0.00638
49	0.00545	0.00365	0.00417	0.00417	0.00420	0.00368	0.00237	0.00551	0.00548	0.00733	0.01175	0.02414	0.01346	0.83292	0.05409	0.00374	0.00391	0.00540	0.00226	0.00232
50	0.00458	0.00337	0.00430	0.00499	0.00539	0.00309	0.00339	0.00533	0.00754	0.00990	0.05844	0.70413	0.14934	0.01124	0.00472	0.00147	0.00212	0.01008	0.00351	0.00309
51	0.01683	0.00638	0.00871	0.00668	0.00958	0.00551	0.00551	0.01828	0.01074	0.84734	0.01480	0.01277	0.00929	0.00464	0.00377	0.00116	0.00319	0.00377	0.00464	0.00638
52	0.50726	0.00821	0.00769	0.00634	0.00891	0.00918	0.00521	0.26204	0.04930	0.09245	0.00770	0.00794	0.00558	0.00397	0.00296	0.00116	0.00330	0.00270	0.00303	0.00506
53	0.00457	0.00326	0.00435	0.00522	0.00544	0.00305	0.00348	0.00522	0.00718	0.00958	0.02068	0.86570	0.02481	0.01175	0.00479	0.00152	0.00218	0.01067	0.00348	0.00305
