[name]
unknown

[dist]
# distance from previous block
# <min> <max>
0	61

[block]
# block no. 0 follows, 67 sequences, length 19
# corresponding to MSA columns:
# 61-79
name=unknown_A
#
# <colnr> <probs for GDERKNQSTAVLIFYWHMCP>
#	G	D	E	R	K	N	Q	S	T	A	V	L	I	F	Y	W	H	M	C	P
0	0.10684	0.02306	0.01001	0.02378	0.05648	0.07005	0.00665	0.37496	0.02139	0.04955	0.03153	0.05941	0.08252	0.00560	0.00393	0.00122	0.00400	0.02323	0.00344	0.04234
1	0.01258	0.02757	0.08286	0.01341	0.22796	0.03094	0.03242	0.35886	0.04579	0.06773	0.00913	0.00992	0.00680	0.00435	0.00415	0.00120	0.02445	0.00355	0.00309	0.03325
2	0.01087	0.00791	0.02328	0.00697	0.00998	0.00716	0.00569	0.18790	0.07561	0.12832	0.06042	0.04962	0.03012	0.00477	0.00369	0.00099	0.00330	0.00389	0.00342	0.37610
3	0.00691	0.00456	0.00666	0.00637	0.00722	0.00471	0.03927	0.00800	0.00722	0.08951	0.01401	0.20372	0.01438	0.18274	0.38122	0.00416	0.00667	0.00616	0.00282	0.00368
4	0.01354	0.00682	0.00835	0.00671	0.00929	0.00648	0.00541	0.08646	0.11522	0.41658	0.07153	0.01436	0.01163	0.00503	0.00382	0.00116	0.00310	0.00411	0.13194	0.07847
5	0.00724	0.00425	0.00509	0.00496	0.00559	0.00417	0.00332	0.02045	0.00744	0.09246	0.02732	0.14475	0.03854	0.42334	0.07174	0.00292	0.00375	0.00614	0.12317	0.00337
6	0.00579	0.00407	0.00561	0.00569	0.00618	0.00444	0.00411	0.00671	0.00656	0.00932	0.03161	0.09942	0.01324	0.22189	0.48427	0.03926	0.00748	0.00536	0.03578	0.00322
7	0.01656	0.00671	0.00880	0.00685	0.00970	0.00602	0.00562	0.06572	0.01154	0.68953	0.01512	0.01357	0.00979	0.00492	0.00388	0.00120	0.00329	0.00397	0.11075	0.00645
8	0.00586	0.00395	0.00461	0.00467	0.00476	0.00399	0.00281	0.00605	0.00607	0.00811	0.01304	0.02678	0.01483	0.76270	0.06537	0.00391	0.00426	0.05316	0.00249	0.00257
9	0.00786	0.14149	0.19191	0.00806	0.01038	0.06356	0.02323	0.00973	0.00783	0.01051	0.05500	0.08283	0.01029	0.01308	0.24667	0.05493	0.05186	0.00424	0.00219	0.00436
10	0.01064	0.00887	0.02324	0.02023	0.01282	0.02808	0.20921	0.10044	0.27487	0.10513	0.11196	0.01527	0.03179	0.00517	0.00428	0.00130	0.00417	0.00476	0.02204	0.00571
11	0.00487	0.00355	0.00459	0.00543	0.00578	0.00327	0.00365	0.00560	0.00783	0.01030	0.02403	0.77147	0.11025	0.01231	0.00508	0.00160	0.00230	0.01110	0.00372	0.00327
12	0.00755	0.05060	0.05295	0.00741	0.02280	0.06603	0.02465	0.02807	0.00812	0.03443	0.07262	0.08249	0.03746	0.04213	0.39130	0.00373	0.03326	0.00488	0.02541	0.00410
13	0.01211	0.01043	0.03016	0.06241	0.09712	0.11294	0.06741	0.20602	0.09054	0.10698	0.01029	0.01973	0.01846	0.02191	0.00522	0.00133	0.08699	0.00386	0.03040	0.00569
14	0.00910	0.00873	0.05211	0.10438	0.22101	0.04037	0.03939	0.04495	0.00855	0.05122	0.01814	0.07127	0.00846	0.00919	0.13510	0.00216	0.16427	0.00427	0.00231	0.00502
15	0.00520	0.00365	0.00466	0.00532	0.00552	0.00350	0.00347	0.00576	0.00720	0.00960	0.01930	0.59217	0.02287	0.24251	0.02510	0.00234	0.00295	0.03247	0.00334	0.00305
16	0.04677	0.03319	0.02162	0.07518	0.12997	0.19797	0.00787	0.07563	0.04899	0.01204	0.00857	0.02631	0.00778	0.09050	0.05956	0.00187	0.12847	0.02059	0.00235	0.00478
17	0.12203	0.01016	0.05321	0.04164	0.14752	0.12241	0.01796	0.09860	0.03128	0.03657	0.01820	0.05418	0.01629	0.02157	0.00471	0.00126	0.06518	0.02199	0.01661	0.09864
18	0.06923	0.10462	0.08220	0.03495	0.06776	0.05815	0.04928	0.09383	0.07614	0.06139	0.10762	0.04910	0.03664	0.00520	0.00417	0.00120	0.03414	0.00423	0.00294	0.05722

[dist]
# distance from previous block
# <min> <max>
7	47

[block]
# block no. 1 follows, 67 sequences, length 14
# corresponding to MSA columns:
# 138-151
name=unknown_B
#
# <colnr> <probs for GDERKNQSTAVLIFYWHMCP>
#	G	D	E	R	K	N	Q	S	T	A	V	L	I	F	Y	W	H	M	C	P
0	0.02856	0.02259	0.15957	0.00831	0.03070	0.00717	0.05445	0.06477	0.08449	0.03528	0.07155	0.11676	0.07353	0.06124	0.07255	0.00186	0.02590	0.00525	0.00293	0.07255
1	0.00936	0.08373	0.07520	0.04657	0.08261	0.07745	0.04334	0.06143	0.09414	0.02559	0.02228	0.11107	0.02492	0.03553	0.00439	0.00121	0.00414	0.00437	0.00270	0.18997
2	0.04772	0.01314	0.26704	0.01037	0.03844	0.06238	0.09725	0.16051	0.06499	0.06100	0.03094	0.04451	0.02645	0.00468	0.00396	0.00123	0.00485	0.00393	0.00279	0.05379
3	0.01048	0.13000	0.05307	0.12090	0.28650	0.04994	0.00968	0.13998	0.02693	0.01379	0.00816	0.00984	0.02305	0.00420	0.00430	0.00118	0.05711	0.00336	0.00231	0.04521
4	0.01192	0.00757	0.00895	0.00805	0.05161	0.00792	0.00605	0.17695	0.22303	0.20632	0.09543	0.01542	0.03264	0.00616	0.02928	0.00139	0.00349	0.00446	0.09749	0.00586
5	0.01074	0.00846	0.00947	0.00703	0.01037	0.00780	0.00570	0.29685	0.01205	0.01745	0.00822	0.00901	0.00640	0.00368	0.00333	0.00082	0.00344	0.00286	0.03349	0.54281
6	0.00612	0.00441	0.00556	0.00634	0.00677	0.00402	0.00432	0.00666	0.00870	0.01170	0.06871	0.73664	0.05133	0.01274	0.00554	0.00180	0.00274	0.04790	0.00410	0.00389
7	0.00583	0.00389	0.00437	0.00437	0.00437	0.00389	0.00243	0.00583	0.00583	0.00778	0.01264	0.02624	0.01458	0.85906	0.02041	0.00389	0.00389	0.00583	0.00243	0.00243
8	0.00527	0.00408	0.00480	0.00462	0.00574	0.00361	0.00346	0.00678	0.01039	0.01380	0.48760	0.03372	0.38359	0.00905	0.00473	0.00130	0.00195	0.00778	0.00411	0.00361
9	0.00998	0.00862	0.00907	0.00816	0.01043	0.00998	0.00635	0.02131	0.82679	0.01678	0.01632	0.01496	0.01224	0.00544	0.00408	0.00136	0.00317	0.00453	0.00408	0.00635
10	0.00697	0.00348	0.00522	0.00522	0.00522	0.00348	0.00348	0.00522	0.00522	0.00697	0.00697	0.01219	0.00697	0.01393	0.01567	0.88332	0.00348	0.00348	0.00174	0.00174
11	0.01188	0.08042	0.07779	0.01483	0.26990	0.37426	0.04941	0.01374	0.00989	0.01119	0.00710	0.02869	0.00609	0.00411	0.00397	0.00113	0.02503	0.00323	0.00202	0.00532
12	0.00874	0.00880	0.04841	0.03431	0.52985	0.00828	0.04303	0.01152	0.05608	0.01297	0.04840	0.03276	0.12932	0.00504	0.00417	0.00125	0.00424	0.00468	0.00249	0.00565
13	0.02745	0.06353	0.03109	0.14591	0.21406	0.11139	0.03607	0.03790	0.00898	0.01159	0.01161	0.17274	0.04788	0.03165	0.00486	0.00137	0.02955	0.00514	0.00244	0.00479

[dist]
# distance from previous block
# <min> <max>
1	33

[block]
# block no. 2 follows, 67 sequences, length 11
# corresponding to MSA columns:
# 185-195
name=unknown_C
#
# <colnr> <probs for GDERKNQSTAVLIFYWHMCP>
#	G	D	E	R	K	N	Q	S	T	A	V	L	I	F	Y	W	H	M	C	P
0	0.01008	0.09261	0.13905	0.04922	0.01471	0.08637	0.22395	0.08397	0.02567	0.05534	0.05777	0.02844	0.05961	0.00493	0.00447	0.00127	0.03596	0.01875	0.00260	0.00524
1	0.00489	0.00349	0.00465	0.00558	0.00582	0.00326	0.00372	0.00558	0.00768	0.01024	0.02210	0.85644	0.02653	0.01256	0.00512	0.00163	0.00233	0.01140	0.00372	0.00326
2	0.00757	0.00713	0.01203	0.84942	0.02762	0.00891	0.01114	0.01025	0.00802	0.01025	0.00713	0.01069	0.00535	0.00401	0.00401	0.00134	0.00535	0.00356	0.00178	0.00446
3	0.88738	0.00776	0.00589	0.00527	0.00776	0.00900	0.00434	0.01179	0.00683	0.01799	0.00558	0.00651	0.00434	0.00372	0.00248	0.00124	0.00310	0.00217	0.00248	0.00434
4	0.00748	0.00374	0.00374	0.00374	0.00467	0.00374	0.00280	0.00934	0.00841	0.01495	0.01308	0.01495	0.01028	0.00467	0.00280	0.00093	0.00187	0.00374	0.88132	0.00374
5	0.00474	0.00406	0.00406	0.00406	0.00542	0.00339	0.00305	0.00576	0.00914	0.01083	0.04063	0.03860	0.83241	0.01016	0.00474	0.00135	0.00203	0.00846	0.00372	0.00339
6	0.88738	0.00776	0.00589	0.00527	0.00776	0.00900	0.00434	0.01179	0.00683	0.01799	0.00558	0.00651	0.00434	0.00372	0.00248	0.00124	0.00310	0.00217	0.00248	0.00434
7	0.01090	0.01056	0.00949	0.00856	0.01079	0.16448	0.00661	0.02033	0.67555	0.01549	0.01445	0.01353	0.01093	0.00520	0.00399	0.00130	0.00393	0.00417	0.00371	0.00603
8	0.00583	0.00389	0.00437	0.00437	0.00437	0.00389	0.00243	0.00583	0.00583	0.00778	0.01264	0.02624	0.01458	0.85906	0.02041	0.00389	0.00389	0.00583	0.00243	0.00243
9	0.10976	0.00903	0.01108	0.00866	0.01157	0.03920	0.08512	0.24921	0.04545	0.31938	0.01183	0.04309	0.00849	0.00496	0.00417	0.00126	0.02374	0.00401	0.00387	0.00613
10	0.01098	0.07865	0.08781	0.06435	0.31336	0.07444	0.00960	0.13116	0.01053	0.05190	0.00807	0.00950	0.00632	0.00388	0.00369	0.00110	0.00466	0.00324	0.03440	0.09236

[dist]
# distance from previous block
# <min> <max>
0	1

[block]
# block no. 3 follows, 67 sequences, length 30
# corresponding to MSA columns:
# 197-210,213-228
name=unknown_D
#
# <colnr> <probs for GDERKNQSTAVLIFYWHMCP>
#	G	D	E	R	K	N	Q	S	T	A	V	L	I	F	Y	W	H	M	C	P
0	0.01855	0.00552	0.03116	0.00722	0.02804	0.00499	0.06661	0.05138	0.02233	0.01209	0.05127	0.48229	0.08285	0.02579	0.00506	0.00152	0.00304	0.04727	0.01597	0.03705
1	0.00926	0.04736	0.08167	0.02130	0.08665	0.02668	0.02499	0.05011	0.01933	0.03313	0.00773	0.01934	0.00632	0.00346	0.00330	0.00082	0.00374	0.00284	0.00241	0.54954
2	0.00547	0.00409	0.00490	0.00517	0.00603	0.00377	0.00369	0.00702	0.04853	0.02680	0.17682	0.39709	0.27479	0.01054	0.00486	0.00146	0.00222	0.00927	0.00389	0.00361
3	0.00888	0.07054	0.46452	0.00954	0.02517	0.02436	0.01063	0.05039	0.01982	0.06746	0.04085	0.13033	0.00992	0.00531	0.00394	0.00125	0.00476	0.00437	0.00249	0.04548
4	0.01062	0.04673	0.15261	0.11226	0.14888	0.03237	0.08083	0.19204	0.02757	0.04697	0.00936	0.03165	0.02525	0.00448	0.00425	0.00124	0.03019	0.00379	0.00260	0.03631
5	0.76027	0.00780	0.02624	0.00552	0.00803	0.00854	0.00466	0.01214	0.00722	0.07137	0.00666	0.00751	0.00505	0.00438	0.01986	0.00134	0.00330	0.00241	0.03319	0.00451
6	0.00528	0.00418	0.00477	0.00478	0.00587	0.00376	0.00352	0.00695	0.04339	0.01266	0.28825	0.15915	0.42360	0.00971	0.00477	0.00137	0.00208	0.00836	0.00396	0.00362
7	0.01055	0.04206	0.26335	0.08632	0.22068	0.00937	0.06172	0.07205	0.02140	0.12627	0.00879	0.01012	0.00647	0.00452	0.01893	0.00134	0.02413	0.00350	0.00246	0.00597
8	0.00884	0.03022	0.18356	0.34357	0.24172	0.02557	0.04362	0.03151	0.03071	0.01214	0.00755	0.00996	0.00580	0.00387	0.00395	0.00127	0.00530	0.00347	0.00195	0.00544
9	0.00575	0.00421	0.00602	0.00602	0.00659	0.00478	0.00448	0.00689	0.00632	0.00899	0.01113	0.01792	0.01097	0.20133	0.67320	0.00592	0.00933	0.00461	0.00221	0.00334
10	0.01637	0.00885	0.01049	0.00811	0.01121	0.00898	0.00668	0.37098	0.05751	0.43786	0.01313	0.01196	0.00869	0.00492	0.00403	0.00123	0.00384	0.00387	0.00450	0.00680
11	0.00546	0.00415	0.02390	0.00566	0.00627	0.00363	0.00403	0.00654	0.02371	0.03568	0.04655	0.69727	0.09878	0.01165	0.00499	0.00157	0.00242	0.01047	0.00374	0.00351
12	0.00649	0.00541	0.00597	0.00557	0.00700	0.00548	0.00429	0.04567	0.15083	0.01313	0.14277	0.04811	0.45743	0.00933	0.03042	0.00152	0.04558	0.00709	0.00375	0.00416
13	0.01695	0.00849	0.01034	0.00793	0.01107	0.00837	0.00655	0.32255	0.01427	0.52987	0.01348	0.01213	0.00875	0.00491	0.00403	0.00123	0.00379	0.00387	0.00460	0.00682
14	0.01780	0.00714	0.00950	0.00728	0.01039	0.00635	0.00602	0.07585	0.01200	0.77978	0.01539	0.01337	0.00971	0.00495	0.00403	0.00124	0.00348	0.00400	0.00490	0.00682
15	0.00546	0.00390	0.00496	0.02973	0.00621	0.00384	0.00371	0.00629	0.02598	0.00968	0.01844	0.50582	0.02156	0.28561	0.01002	0.00235	0.00300	0.04706	0.00326	0.00312
16	0.00911	0.04721	0.38086	0.02846	0.01843	0.05165	0.36172	0.01279	0.00897	0.01238	0.00744	0.00939	0.00553	0.00370	0.00437	0.00129	0.02556	0.00370	0.00186	0.00555
17	0.01072	0.86147	0.02102	0.00686	0.01029	0.01587	0.00686	0.01201	0.00815	0.00944	0.00558	0.00643	0.00515	0.00343	0.00257	0.00086	0.00429	0.00214	0.00172	0.00515
18	0.01060	0.02942	0.01027	0.03884	0.01127	0.04151	0.00651	0.20536	0.16083	0.01601	0.00916	0.00989	0.00717	0.00434	0.00444	0.00104	0.08368	0.00322	0.00297	0.34347
19	0.00757	0.00713	0.01203	0.84942	0.02762	0.00891	0.01114	0.01025	0.00802	0.01025	0.00713	0.01069	0.00535	0.00401	0.00401	0.00134	0.00535	0.00356	0.00178	0.00446
20	0.00583	0.00389	0.00437	0.00437	0.00437	0.00389	0.00243	0.00583	0.00583	0.00778	0.01264	0.02624	0.01458	0.85906	0.02041	0.00389	0.00389	0.00583	0.00243	0.00243
21	0.01982	0.02871	0.05592	0.04264	0.01139	0.04697	0.00648	0.15364	0.02974	0.08183	0.00842	0.00938	0.00652	0.01491	0.00388	0.00095	0.02748	0.00294	0.00281	0.44559
22	0.00884	0.00716	0.00836	0.00604	0.00952	0.00554	0.00484	0.03516	0.00879	0.04810	0.00843	0.00936	0.02741	0.00330	0.00309	0.00066	0.00301	0.00264	0.00257	0.79716
23	0.00486	0.00408	0.00423	0.00424	0.00556	0.00346	0.00322	0.00597	0.00929	0.01123	0.09279	0.03825	0.75120	0.01006	0.00477	0.00137	0.00208	0.03616	0.00377	0.00342
24	0.10267	0.02753	0.05172	0.05821	0.11658	0.02255	0.09605	0.24042	0.15860	0.03750	0.02006	0.01144	0.02970	0.00456	0.00392	0.00126	0.00440	0.00385	0.00310	0.00590
25	0.00946	0.00929	0.12980	0.07134	0.19398	0.00771	0.03567	0.08291	0.04894	0.09345	0.06190	0.13881	0.01193	0.02038	0.02604	0.00146	0.00432	0.00502	0.00294	0.04465
26	0.04201	0.03237	0.09700	0.08700	0.27210	0.04221	0.00958	0.18565	0.01876	0.07662	0.00958	0.05391	0.01617	0.00517	0.02127	0.00135	0.01676	0.00391	0.00274	0.00583
27	0.00825	0.07800	0.75724	0.01109	0.01667	0.00985	0.01409	0.01256	0.00837	0.01238	0.00703	0.00834	0.00509	0.00388	0.00401	0.00126	0.03144	0.00292	0.00170	0.00583
28	0.00517	0.00378	0.00478	0.00535	0.00581	0.00355	0.00364	0.00627	0.02874	0.01101	0.12581	0.59286	0.09994	0.07593	0.00617	0.00172	0.00238	0.01001	0.00372	0.00335
29	0.01128	0.02036	0.07552	0.00972	0.10027	0.05699	0.02031	0.16085	0.03399	0.10753	0.02026	0.00979	0.00708	0.00398	0.00380	0.00099	0.02333	0.00317	0.00290	0.32787

[dist]
# distance from previous block
# <min> <max>
0	8

[block]
# block no. 4 follows, 67 sequences, length 17
# corresponding to MSA columns:
# 237-253
name=unknown_E
#
# <colnr> <probs for GDERKNQSTAVLIFYWHMCP>
#	G	D	E	R	K	N	Q	S	T	A	V	L	I	F	Y	W	H	M	C	P
0	0.01004	0.09171	0.09376	0.10156	0.17008	0.03800	0.04345	0.16714	0.04223	0.02653	0.01016	0.12419	0.00919	0.01590	0.01972	0.00139	0.02232	0.00454	0.00267	0.00544
1	0.00489	0.00349	0.00465	0.00558	0.00582	0.00326	0.00372	0.00558	0.00768	0.01024	0.02210	0.85644	0.02653	0.01256	0.00512	0.00163	0.00233	0.01140	0.00372	0.00326
2	0.01084	0.01221	0.17087	0.05753	0.27468	0.03809	0.06615	0.22224	0.04714	0.01595	0.00864	0.02723	0.00678	0.00429	0.00418	0.00125	0.01956	0.00372	0.00257	0.00608
3	0.00688	0.00386	0.00428	0.00417	0.00511	0.00375	0.00313	0.00876	0.00939	0.01533	0.28495	0.01993	0.01943	0.00584	0.00344	0.00104	0.00188	0.00490	0.59017	0.00375
4	0.09778	0.10016	0.01199	0.00948	0.07999	0.03469	0.00722	0.43849	0.06433	0.05030	0.00935	0.00976	0.00697	0.00488	0.01701	0.00125	0.00426	0.00337	0.04265	0.00609
5	0.00641	0.00405	0.00461	0.00445	0.00548	0.00386	0.00334	0.00841	0.02920	0.01498	0.37279	0.02442	0.12440	0.00691	0.00391	0.00114	0.00193	0.00587	0.37006	0.00378
6	0.01258	0.01320	0.01032	0.00916	0.01145	0.35246	0.00706	0.10249	0.40753	0.01480	0.01147	0.01123	0.00877	0.00484	0.00388	0.00121	0.00497	0.00364	0.00325	0.00570
7	0.00497	0.00381	0.00457	0.00501	0.00577	0.00341	0.00357	0.00597	0.00870	0.01119	0.12101	0.42521	0.33344	0.01111	0.00495	0.00149	0.00221	0.03645	0.00380	0.00338
8	0.00489	0.00349	0.00465	0.00558	0.00582	0.00326	0.00372	0.00558	0.00768	0.01024	0.02210	0.85644	0.02653	0.01256	0.00512	0.00163	0.00233	0.01140	0.00372	0.00326
9	0.03821	0.21538	0.03150	0.04546	0.09616	0.01139	0.11945	0.11091	0.03997	0.05954	0.00872	0.01062	0.02250	0.00518	0.02233	0.00136	0.13476	0.01871	0.00245	0.00540
10	0.01315	0.11768	0.05503	0.02670	0.04602	0.46455	0.03071	0.10414	0.03560	0.01206	0.00693	0.00806	0.00564	0.00426	0.00415	0.00111	0.05393	0.00289	0.00225	0.00514
11	0.00583	0.00389	0.00437	0.00437	0.00437	0.00389	0.00243	0.00583	0.00583	0.00778	0.01264	0.02624	0.01458	0.85906	0.02041	0.00389	0.00389	0.00583	0.00243	0.00243
12	0.00880	0.01319	0.32605	0.04026	0.19588	0.00920	0.06334	0.02567	0.15394	0.01373	0.06282	0.01208	0.02246	0.00453	0.00432	0.00129	0.03030	0.00390	0.00245	0.00580
13	0.00968	0.04038	0.05813	0.04022	0.09490	0.00853	0.00713	0.05840	0.30886	0.06548	0.04028	0.03673	0.07088	0.00530	0.00413	0.00121	0.02101	0.00439	0.00331	0.12106
14	0.06046	0.00457	0.00485	0.01947	0.00636	0.00409	0.00354	0.00757	0.00921	0.08190	0.08570	0.03259	0.60382	0.03441	0.00496	0.00140	0.00232	0.00736	0.02167	0.00376
15	0.00870	0.10554	0.03524	0.00872	0.08857	0.07789	0.00635	0.06694	0.03369	0.03429	0.01005	0.03001	0.00930	0.12624	0.33693	0.00358	0.00704	0.00408	0.00240	0.00444
16	0.02358	0.39540	0.08918	0.02231	0.08751	0.08049	0.02151	0.11868	0.04527	0.04658	0.00768	0.02037	0.00630	0.00400	0.00331	0.00105	0.00465	0.00296	0.00236	0.01681

[dist]
# distance from previous block
# <min> <max>
4	34

[block]
# block no. 5 follows, 67 sequences, length 13
# corresponding to MSA columns:
# 288-300
name=unknown_F
#
# <colnr> <probs for GDERKNQSTAVLIFYWHMCP>
#	G	D	E	R	K	N	Q	S	T	A	V	L	I	F	Y	W	H	M	C	P
0	0.00838	0.05983	0.34192	0.01053	0.08864	0.03726	0.02643	0.01301	0.16112	0.01320	0.07920	0.09089	0.04158	0.00548	0.00405	0.00129	0.00447	0.00462	0.00267	0.00543
1	0.00552	0.00562	0.07203	0.00598	0.00746	0.00429	0.04925	0.00709	0.00926	0.01219	0.21928	0.24234	0.32578	0.00943	0.00476	0.00140	0.00264	0.00829	0.00363	0.00376
2	0.76954	0.00937	0.05212	0.00602	0.00865	0.07543	0.00519	0.01218	0.00728	0.01705	0.00572	0.00668	0.00445	0.00376	0.00265	0.00123	0.00359	0.00225	0.00241	0.00445
3	0.00906	0.03781	0.05430	0.04888	0.27887	0.00814	0.00828	0.04687	0.16319	0.04794	0.13582	0.11725	0.01469	0.00586	0.00420	0.00129	0.00373	0.00520	0.00313	0.00548
4	0.01038	0.01145	0.01205	0.01048	0.01101	0.22706	0.00851	0.01130	0.00749	0.00969	0.00551	0.00838	0.00524	0.00627	0.01069	0.00157	0.63337	0.00327	0.00184	0.00445
5	0.88738	0.00776	0.00589	0.00527	0.00776	0.00900	0.00434	0.01179	0.00683	0.01799	0.00558	0.00651	0.00434	0.00372	0.00248	0.00124	0.00310	0.00217	0.00248	0.00434
6	0.00488	0.00390	0.00436	0.00459	0.00559	0.00339	0.00331	0.00589	0.00895	0.01119	0.11513	0.26954	0.52390	0.01064	0.00485	0.00142	0.00210	0.00917	0.00379	0.00339
7	0.00819	0.01337	0.36375	0.22766	0.20891	0.00891	0.03364	0.01156	0.00858	0.01206	0.00936	0.01131	0.05692	0.00419	0.00398	0.00128	0.00529	0.00365	0.00192	0.00548
8	0.00498	0.00383	0.00455	0.00488	0.00569	0.00341	0.00347	0.00603	0.00895	0.01158	0.18287	0.37753	0.34624	0.01079	0.00490	0.00145	0.00213	0.00946	0.00385	0.00341
9	0.02610	0.00919	0.01196	0.08088	0.20784	0.05584	0.03813	0.22059	0.04340	0.01551	0.05679	0.06479	0.02554	0.01712	0.03105	0.00149	0.08104	0.00442	0.00286	0.00544
10	0.00569	0.00387	0.00443	0.00452	0.00473	0.00380	0.00272	0.00600	0.00653	0.00877	0.03634	0.11496	0.08149	0.63114	0.03586	0.00334	0.00362	0.00656	0.03292	0.00270
11	0.00992	0.09024	0.09883	0.12605	0.12996	0.06991	0.05117	0.08863	0.15244	0.01347	0.01018	0.03184	0.03274	0.00483	0.00448	0.01443	0.04198	0.00385	0.00255	0.02249
12	0.04770	0.16141	0.03131	0.02309	0.07732	0.03166	0.00686	0.04227	0.00826	0.05583	0.03313	0.07717	0.04571	0.01130	0.19317	0.00245	0.13996	0.00431	0.00247	0.00463

[dist]
# distance from previous block
# <min> <max>
0	6

[block]
# block no. 6 follows, 67 sequences, length 32
# corresponding to MSA columns:
# 307-338
name=unknown_G
#
# <colnr> <probs for GDERKNQSTAVLIFYWHMCP>
#	G	D	E	R	K	N	Q	S	T	A	V	L	I	F	Y	W	H	M	C	P
0	0.00813	0.00732	0.02489	0.11389	0.09111	0.00788	0.03475	0.07747	0.11858	0.01333	0.09227	0.07815	0.11379	0.01859	0.04873	0.00166	0.10545	0.01524	0.00299	0.02578
1	0.00630	0.00480	0.00699	0.07972	0.04428	0.00540	0.00559	0.00776	0.00732	0.01051	0.03128	0.14310	0.01342	0.05276	0.38373	0.00380	0.04576	0.05878	0.08495	0.00374
2	0.07497	0.01016	0.01095	0.00869	0.01141	0.01136	0.00710	0.64842	0.01635	0.02260	0.01025	0.08605	0.00835	0.00555	0.00448	0.00127	0.04787	0.00421	0.00376	0.00620
3	0.29325	0.00777	0.00862	0.00685	0.00977	0.00784	0.00566	0.13442	0.01108	0.45833	0.01167	0.01080	0.00770	0.00455	0.00354	0.00124	0.00346	0.00338	0.00404	0.00604
4	0.00998	0.00862	0.00907	0.00816	0.01043	0.00998	0.00635	0.02131	0.82679	0.01678	0.01632	0.01496	0.01224	0.00544	0.00408	0.00136	0.00317	0.00453	0.00408	0.00635
5	0.00583	0.00391	0.00446	0.00446	0.00449	0.00394	0.00254	0.00589	0.00586	0.00784	0.01255	0.02579	0.01438	0.82327	0.05593	0.00400	0.00418	0.00577	0.00242	0.00248
6	0.00489	0.00349	0.00465	0.00558	0.00582	0.00326	0.00372	0.00558	0.00768	0.01024	0.02210	0.85644	0.02653	0.01256	0.00512	0.00163	0.00233	0.01140	0.00372	0.00326
7	0.00832	0.00713	0.00832	0.00594	0.00950	0.00535	0.00475	0.01010	0.00832	0.01307	0.00713	0.00832	0.00594	0.00297	0.00297	0.00059	0.00297	0.00238	0.00238	0.88357
8	0.01069	0.20224	0.37743	0.00956	0.01388	0.03332	0.01048	0.23513	0.01136	0.01537	0.02009	0.02826	0.00656	0.00428	0.00363	0.00116	0.00504	0.00321	0.00243	0.00587
9	0.00568	0.00410	0.00536	0.00505	0.00599	0.00378	0.00378	0.00757	0.01135	0.01608	0.83192	0.02996	0.03784	0.00820	0.00473	0.00126	0.00189	0.00725	0.00441	0.00378
10	0.01274	0.00581	0.00792	0.00709	0.00923	0.00526	0.00599	0.01438	0.01047	0.46656	0.01918	0.02751	0.05444	0.00766	0.00467	0.00149	0.00346	0.32635	0.00439	0.00540
11	0.00738	0.00872	0.16528	0.02060	0.03948	0.00610	0.02110	0.03848	0.04501	0.01426	0.28148	0.04145	0.08736	0.00593	0.00408	0.00113	0.00331	0.00509	0.00317	0.20056
12	0.00826	0.07123	0.75695	0.01137	0.01707	0.00974	0.04581	0.01266	0.00849	0.01251	0.00713	0.00844	0.00512	0.00377	0.00377	0.00125	0.00586	0.00298	0.00171	0.00586
13	0.00946	0.01186	0.09898	0.01566	0.01950	0.03800	0.65176	0.01268	0.00917	0.01248	0.00774	0.01031	0.00589	0.00374	0.00528	0.00137	0.07439	0.00440	0.00198	0.00535
14	0.40758	0.08862	0.23180	0.00837	0.01177	0.07847	0.04968	0.01233	0.00785	0.01441	0.00618	0.00744	0.00482	0.00392	0.00366	0.00123	0.05223	0.00262	0.00210	0.00492
15	0.00831	0.00457	0.00625	0.00623	0.00639	0.00438	0.00417	0.00642	0.00631	0.00854	0.00897	0.01548	0.00898	0.04271	0.01586	0.80873	0.00398	0.02881	0.00230	0.00259
16	0.01117	0.61702	0.01792	0.00743	0.01059	0.06059	0.00688	0.07200	0.14004	0.01177	0.00762	0.00807	0.00640	0.00389	0.00298	0.00097	0.00428	0.00266	0.00228	0.00543
17	0.00968	0.00902	0.01562	0.04047	0.58310	0.00902	0.10729	0.03064	0.00942	0.03490	0.05093	0.03947	0.00874	0.00462	0.01740	0.00132	0.01595	0.00419	0.00229	0.00591
18	0.00855	0.09201	0.27784	0.05774	0.12464	0.03854	0.08780	0.02093	0.04817	0.01214	0.02509	0.10729	0.03882	0.01465	0.00446	0.00131	0.02796	0.00452	0.00229	0.00525
19	0.00960	0.19083	0.34104	0.00938	0.01336	0.01047	0.04396	0.01482	0.22266	0.05227	0.00969	0.01025	0.00732	0.00463	0.00419	0.03929	0.00467	0.00335	0.00250	0.00572
20	0.01029	0.00855	0.00908	0.00812	0.01042	0.00982	0.00633	0.02124	0.79490	0.04886	0.01630	0.01491	0.01215	0.00542	0.00408	0.00136	0.00318	0.00451	0.00412	0.00637
21	0.00537	0.00376	0.00449	0.00484	0.00508	0.00360	0.00303	0.00580	0.00705	0.00931	0.05071	0.34480	0.09243	0.42718	0.01257	0.00270	0.00305	0.00825	0.00312	0.00288
22	0.00795	0.06875	0.20059	0.05067	0.06701	0.00754	0.07675	0.01811	0.02905	0.03842	0.05994	0.06562	0.06373	0.00929	0.10279	0.09324	0.01542	0.01806	0.00244	0.00462
23	0.01107	0.01217	0.01081	0.00958	0.01092	0.36967	0.03936	0.01227	0.00879	0.03865	0.00748	0.01006	0.00658	0.01116	0.21030	0.00255	0.21866	0.00337	0.00211	0.00443
24	0.00502	0.00350	0.00461	0.00549	0.00576	0.00328	0.00368	0.00578	0.00772	0.01048	0.02164	0.81297	0.02569	0.01216	0.00500	0.00159	0.00230	0.01101	0.04905	0.00328
25	0.00557	0.00400	0.00469	0.00486	0.00583	0.00353	0.00349	0.00660	0.00897	0.05103	0.13528	0.30973	0.40046	0.03063	0.00520	0.00149	0.00222	0.00901	0.00384	0.00354
26	0.02818	0.02426	0.22857	0.23984	0.15095	0.00835	0.03834	0.01184	0.00870	0.09130	0.01002	0.03307	0.02654	0.00561	0.03488	0.00150	0.00516	0.04525	0.00232	0.00529
27	0.00993	0.00953	0.01628	0.02462	0.83404	0.00953	0.01231	0.01231	0.00913	0.01310	0.00754	0.00993	0.00635	0.00357	0.00397	0.00119	0.00476	0.00357	0.00199	0.00635
28	0.06191	0.00728	0.00938	0.00723	0.01031	0.00665	0.00597	0.09261	0.01192	0.72079	0.01473	0.01292	0.00936	0.00489	0.00395	0.00124	0.00349	0.00390	0.00475	0.00670
29	0.60882	0.12969	0.02726	0.00582	0.00817	0.00936	0.00498	0.01101	0.00714	0.01546	0.00767	0.11233	0.00726	0.00487	0.00313	0.00125	0.02556	0.00337	0.00249	0.00436
30	0.08417	0.00579	0.01941	0.00599	0.00734	0.01584	0.00472	0.11336	0.00914	0.03200	0.08455	0.04825	0.01243	0.06517	0.28833	0.00311	0.00561	0.00449	0.18616	0.00415
31	0.04573	0.05618	0.02150	0.16566	0.04599	0.05329	0.00723	0.07003	0.04881	0.03263	0.01046	0.06573	0.00946	0.00850	0.05086	0.14901	0.00481	0.03556	0.00282	0.11575

[dist]
# distance from previous block
# <min> <max>
2	20

[block]
# block no. 7 follows, 67 sequences, length 27
# corresponding to MSA columns:
# 359-385
name=unknown_H
#
# <colnr> <probs for GDERKNQSTAVLIFYWHMCP>
#	G	D	E	R	K	N	Q	S	T	A	V	L	I	F	Y	W	H	M	C	P
0	0.00639	0.00538	0.03322	0.00719	0.06155	0.00497	0.00516	0.00745	0.00750	0.01043	0.04572	0.14524	0.11697	0.04525	0.22599	0.10765	0.03231	0.02197	0.00265	0.10702
1	0.01040	0.13896	0.26068	0.03105	0.18289	0.11304	0.08136	0.04397	0.02130	0.04475	0.00845	0.00972	0.02800	0.00399	0.00377	0.00117	0.00537	0.00333	0.00214	0.00567
2	0.00915	0.11149	0.24900	0.02992	0.14953	0.03678	0.06663	0.06091	0.01991	0.03272	0.05499	0.05587	0.04542	0.02063	0.00431	0.00130	0.00474	0.03889	0.00247	0.00536
3	0.23802	0.02235	0.03906	0.00665	0.00832	0.03384	0.00551	0.04066	0.00753	0.02524	0.00930	0.04605	0.00850	0.02849	0.36426	0.00351	0.04395	0.01423	0.01236	0.04216
4	0.00782	0.08323	0.02050	0.00665	0.05012	0.02218	0.00462	0.08985	0.02788	0.01083	0.03983	0.03821	0.10778	0.28585	0.01168	0.17805	0.00370	0.00503	0.00263	0.00355
5	0.00612	0.07493	0.01677	0.00565	0.02042	0.00484	0.00428	0.00735	0.00900	0.03377	0.19222	0.23248	0.25271	0.04675	0.02810	0.00163	0.00280	0.05284	0.00358	0.00374
6	0.00897	0.05441	0.35983	0.04430	0.22049	0.02680	0.10395	0.01257	0.03945	0.01246	0.00823	0.00996	0.02332	0.00408	0.00447	0.00127	0.05428	0.00350	0.00195	0.00573
7	0.00535	0.00388	0.00505	0.00520	0.00590	0.00358	0.00373	0.00677	0.00992	0.01373	0.50376	0.33033	0.06809	0.00987	0.00487	0.00140	0.00206	0.00881	0.00413	0.00358
8	0.00758	0.00738	0.07068	0.00648	0.00857	0.00673	0.00546	0.06905	0.28453	0.01447	0.10044	0.03739	0.35014	0.00756	0.00440	0.00133	0.00287	0.00631	0.00377	0.00485
9	0.00777	0.00718	0.01170	0.64662	0.10514	0.00858	0.01034	0.01082	0.05314	0.01140	0.08059	0.01255	0.00870	0.00441	0.00407	0.00132	0.00486	0.00394	0.00216	0.00469
10	0.00573	0.00430	0.00645	0.00645	0.00716	0.00501	0.00501	0.00716	0.00645	0.00931	0.01074	0.01576	0.01003	0.03008	0.84316	0.00645	0.01074	0.00430	0.00215	0.00358
11	0.00899	0.10740	0.45161	0.05889	0.10002	0.01026	0.13269	0.03850	0.03118	0.01279	0.00752	0.00908	0.00563	0.00377	0.00386	0.00123	0.00560	0.00330	0.00192	0.00577
12	0.76546	0.00824	0.00675	0.00583	0.00841	0.00948	0.00480	0.12487	0.00851	0.01901	0.00615	0.00695	0.00469	0.00388	0.00270	0.00124	0.00329	0.00237	0.00270	0.00469
13	0.00836	0.09391	0.03740	0.05423	0.03115	0.09542	0.00613	0.05558	0.07333	0.02618	0.10543	0.23027	0.08106	0.00820	0.02401	0.00146	0.01807	0.04218	0.00319	0.00445
14	0.00992	0.00956	0.03433	0.02331	0.77221	0.00926	0.01195	0.01229	0.00917	0.03221	0.00869	0.01082	0.03051	0.00380	0.00399	0.00120	0.00468	0.00371	0.00210	0.00627
15	0.06211	0.03025	0.03921	0.00846	0.01106	0.03948	0.02242	0.40609	0.08115	0.06110	0.03755	0.02337	0.00868	0.00613	0.04056	0.00146	0.05615	0.00382	0.05508	0.00585
16	0.13900	0.04760	0.15411	0.02916	0.10505	0.00977	0.08944	0.16562	0.03745	0.05967	0.00877	0.02394	0.00675	0.00438	0.00415	0.00125	0.04600	0.00352	0.05876	0.00560
17	0.00714	0.00436	0.00525	0.00525	0.00649	0.00386	0.00396	0.00827	0.00909	0.14037	0.04079	0.26926	0.35594	0.00982	0.00471	0.00143	0.00246	0.07225	0.04536	0.00393
18	0.07480	0.16168	0.02836	0.04365	0.01976	0.03006	0.00704	0.23211	0.27795	0.05682	0.02182	0.01101	0.00854	0.00466	0.00367	0.00120	0.00395	0.00358	0.00336	0.00598
19	0.00578	0.00416	0.00610	0.00616	0.00674	0.00471	0.00464	0.00683	0.00639	0.00909	0.01130	0.06999	0.01114	0.08181	0.67233	0.07325	0.00920	0.00479	0.00224	0.00334
20	0.02922	0.26420	0.15477	0.02617	0.11412	0.04573	0.04750	0.13436	0.01005	0.02336	0.00744	0.02718	0.00615	0.00413	0.00393	0.00112	0.04425	0.00315	0.00226	0.05092
21	0.04894	0.13083	0.51355	0.02106	0.01605	0.01022	0.11520	0.02339	0.03126	0.04240	0.00761	0.00881	0.00558	0.00380	0.00372	0.00123	0.00549	0.00314	0.00199	0.00572
22	0.00578	0.00406	0.00526	0.00525	0.00558	0.00434	0.00354	0.00645	0.00633	0.00877	0.04834	0.02214	0.01376	0.48353	0.35481	0.00481	0.00659	0.00527	0.00240	0.00296
23	0.00771	0.01890	0.15189	0.01096	0.15411	0.01753	0.07369	0.04743	0.01937	0.01327	0.13653	0.12893	0.11349	0.00683	0.00452	0.00134	0.01405	0.05217	0.02248	0.00481
24	0.01021	0.09653	0.13124	0.10151	0.21137	0.03115	0.01850	0.07073	0.11933	0.05604	0.01814	0.01049	0.00728	0.00442	0.00457	0.00125	0.07438	0.00352	0.02360	0.00572
25	0.04841	0.00570	0.01814	0.00831	0.09341	0.00534	0.06917	0.00894	0.03064	0.07183	0.08701	0.26099	0.18292	0.04975	0.03939	0.00172	0.00343	0.00732	0.00336	0.00422
26	0.00700	0.00579	0.00837	0.26734	0.04511	0.02457	0.01908	0.03425	0.00856	0.02369	0.03933	0.28710	0.05111	0.02055	0.03852	0.02224	0.00410	0.08636	0.00291	0.00401

[dist]
# distance from previous block
# <min> <max>
0	11

# created by:
# /st0/software/busco_prod/Augustus/scripts/msa2prfl.pl ./align_prep/33198.fa
