[name]
unknown

[dist]
# distance from previous block
# <min> <max>
0	26

[block]
# block no. 0 follows, 68 sequences, length 36
# corresponding to MSA columns:
# 26-32,34-62
name=unknown_A
#
# <colnr> <probs for GDERKNQSTAVLIFYWHMCP>
#	G	D	E	R	K	N	Q	S	T	A	V	L	I	F	Y	W	H	M	C	P
0	0.00584	0.00412	0.00531	0.00587	0.00645	0.00403	0.00452	0.00684	0.00788	0.01025	0.02024	0.16200	0.09429	0.24337	0.00957	0.02073	0.00335	0.37886	0.00328	0.00318
1	0.01481	0.01890	0.01124	0.01021	0.01226	0.84474	0.00766	0.01583	0.01124	0.00970	0.00613	0.00715	0.00511	0.00409	0.00358	0.00102	0.00715	0.00255	0.00204	0.00460
2	0.00601	0.00400	0.00490	0.00498	0.00573	0.00368	0.00346	0.00693	0.00848	0.06548	0.18602	0.28569	0.19089	0.18133	0.02258	0.00199	0.00268	0.00814	0.00361	0.00342
3	0.01483	0.01131	0.01170	0.00909	0.01215	0.05218	0.00746	0.76540	0.01804	0.02392	0.00963	0.02857	0.00710	0.00490	0.00397	0.00119	0.00445	0.00369	0.00387	0.00656
4	0.21301	0.00742	0.00873	0.00686	0.00980	0.00721	0.00567	0.10400	0.01110	0.56688	0.01271	0.01148	0.00824	0.00462	0.00364	0.00122	0.00341	0.00353	0.00426	0.00620
5	0.00928	0.00783	0.00829	0.00749	0.00960	0.00885	0.00582	0.01885	0.69430	0.03014	0.05089	0.01787	0.10148	0.00598	0.00413	0.00134	0.00297	0.00500	0.00402	0.00587
6	0.02857	0.00407	0.00520	0.03444	0.00674	0.00391	0.00398	0.00702	0.02316	0.05024	0.11252	0.54395	0.09063	0.05930	0.00568	0.00163	0.00251	0.00929	0.00365	0.00353
7	0.01426	0.01800	0.01110	0.01009	0.01201	0.78379	0.00761	0.01529	0.01087	0.00968	0.00625	0.00750	0.00528	0.00508	0.03286	0.00123	0.03988	0.00265	0.00203	0.00455
8	0.00881	0.00534	0.00648	0.00565	0.00726	0.00510	0.00438	0.08043	0.04993	0.16628	0.40070	0.02470	0.14004	0.03385	0.00486	0.00132	0.00250	0.00613	0.04166	0.00457
9	0.02658	0.00562	0.00641	0.00580	0.00701	0.00564	0.00415	0.16129	0.02140	0.03987	0.07427	0.20481	0.03711	0.28913	0.00950	0.00212	0.00326	0.00629	0.02137	0.06836
10	0.00814	0.00773	0.01299	0.60394	0.23672	0.00910	0.01122	0.01064	0.00814	0.01084	0.00708	0.01030	0.00554	0.00397	0.00430	0.00130	0.03782	0.00352	0.00181	0.00489
11	0.00488	0.00356	0.00460	0.00532	0.00572	0.00328	0.00362	0.00570	0.00805	0.01067	0.09238	0.70301	0.11098	0.01181	0.00499	0.00155	0.00223	0.01062	0.00374	0.00328
12	0.00582	0.00391	0.00485	0.00524	0.00581	0.00366	0.00356	0.00674	0.02511	0.05540	0.03839	0.50526	0.13743	0.16137	0.00760	0.00194	0.00262	0.01839	0.00354	0.00337
13	0.00641	0.00477	0.00661	0.00686	0.04939	0.00502	0.01928	0.02858	0.03915	0.02044	0.08552	0.11493	0.05214	0.18432	0.32257	0.03589	0.00601	0.00572	0.00275	0.00362
14	0.01364	0.07858	0.01326	0.01098	0.04059	0.61830	0.08920	0.04170	0.03760	0.01081	0.00675	0.00786	0.00552	0.00401	0.00365	0.00106	0.00659	0.00286	0.00214	0.00489
15	0.00994	0.00830	0.00954	0.00721	0.01068	0.00653	0.00559	0.01119	0.00925	0.01439	0.00869	0.01058	0.00745	0.00422	0.00403	0.00095	0.03203	0.00297	0.00290	0.83356
16	0.04805	0.01045	0.04537	0.11512	0.23679	0.05919	0.08448	0.25152	0.03265	0.03115	0.00831	0.00987	0.00636	0.00475	0.02480	0.00135	0.01777	0.00356	0.00265	0.00582
17	0.03562	0.00423	0.00494	0.00569	0.00610	0.03590	0.00388	0.00618	0.00769	0.01035	0.02068	0.75230	0.04011	0.01232	0.03231	0.00172	0.00278	0.01034	0.00352	0.00332
18	0.00784	0.00401	0.00436	0.00428	0.00529	0.00393	0.00319	0.02296	0.00863	0.07155	0.02752	0.11794	0.02364	0.01711	0.00344	0.00108	0.00208	0.00478	0.66247	0.00388
19	0.00581	0.00484	0.00715	0.02558	0.07372	0.00457	0.06448	0.00711	0.00844	0.01102	0.05599	0.35714	0.22094	0.02550	0.02619	0.00165	0.00316	0.08964	0.00334	0.00373
20	0.00822	0.00705	0.00822	0.00587	0.00940	0.00529	0.00470	0.00998	0.00822	0.01292	0.00705	0.00822	0.00587	0.00294	0.00294	0.00059	0.00294	0.00235	0.00235	0.88490
21	0.02530	0.03597	0.01416	0.03933	0.02391	0.02575	0.17253	0.10212	0.08763	0.04472	0.00783	0.00989	0.00638	0.00538	0.00802	0.00147	0.37832	0.00376	0.00240	0.00514
22	0.00603	0.00432	0.00576	0.00600	0.00683	0.00413	0.02506	0.00771	0.05583	0.04750	0.10163	0.48244	0.10951	0.01119	0.03113	0.00168	0.00282	0.08298	0.00373	0.00372
23	0.00954	0.00803	0.01966	0.07026	0.09643	0.02576	0.03775	0.07795	0.33421	0.05397	0.16426	0.01725	0.02921	0.00566	0.00420	0.00130	0.00358	0.03188	0.00359	0.00552
24	0.00554	0.00407	0.00501	0.00485	0.00584	0.00380	0.00362	0.00699	0.00958	0.02364	0.41317	0.04536	0.26554	0.05086	0.11014	0.00203	0.00312	0.00704	0.02624	0.00357
25	0.04017	0.02431	0.04497	0.01015	0.10831	0.04238	0.06669	0.19389	0.03828	0.10385	0.00883	0.00953	0.00662	0.00385	0.00360	0.00101	0.00411	0.00320	0.00292	0.28334
26	0.01250	0.06300	0.01100	0.00880	0.01131	0.21987	0.00698	0.22740	0.36450	0.01661	0.01128	0.01100	0.00854	0.00478	0.00381	0.00119	0.00453	0.00362	0.00338	0.00591
27	0.00577	0.00384	0.00432	0.00432	0.00432	0.00384	0.00240	0.00577	0.00577	0.00769	0.01249	0.02595	0.01441	0.86066	0.02018	0.00384	0.00384	0.00577	0.00240	0.00240
28	0.09301	0.23246	0.01341	0.00930	0.05106	0.38970	0.01611	0.05513	0.01027	0.08542	0.00702	0.00774	0.00560	0.00394	0.00329	0.00103	0.00543	0.00266	0.00234	0.00509
29	0.02034	0.18501	0.14472	0.03077	0.08698	0.05974	0.27990	0.07378	0.00948	0.01260	0.00712	0.00892	0.00562	0.00381	0.00437	0.00120	0.05474	0.00346	0.00202	0.00543
30	0.00487	0.00369	0.00450	0.00504	0.00568	0.00332	0.00352	0.00575	0.00832	0.01072	0.08083	0.52820	0.28310	0.01136	0.00492	0.00150	0.00221	0.02544	0.00373	0.00330
31	0.00900	0.00808	0.00905	0.02234	0.04707	0.06729	0.01728	0.02963	0.04027	0.02500	0.02895	0.00982	0.02442	0.00351	0.00323	0.00075	0.00342	0.00285	0.00251	0.64552
32	0.00561	0.00446	0.00493	0.00490	0.00593	0.01727	0.00356	0.03211	0.02679	0.01221	0.22738	0.18698	0.37087	0.07190	0.00583	0.00154	0.00234	0.00810	0.00375	0.00354
33	0.00833	0.00795	0.06898	0.00633	0.00984	0.00570	0.00545	0.02752	0.02309	0.02626	0.00881	0.03071	0.03238	0.00357	0.00316	0.00072	0.00315	0.00289	0.00248	0.72267
34	0.00521	0.00402	0.00480	0.00525	0.02633	0.00362	0.00349	0.00604	0.00807	0.01042	0.06942	0.33863	0.31184	0.14629	0.00722	0.00181	0.00250	0.00864	0.00343	0.03298
35	0.12981	0.02519	0.04133	0.04969	0.08047	0.07325	0.03587	0.09939	0.02844	0.09374	0.02782	0.07365	0.03425	0.01308	0.00414	0.00120	0.02898	0.02417	0.00288	0.13265

[dist]
# distance from previous block
# <min> <max>
0	17

[block]
# block no. 1 follows, 68 sequences, length 27
# corresponding to MSA columns:
# 80-106
name=unknown_B
#
# <colnr> <probs for GDERKNQSTAVLIFYWHMCP>
#	G	D	E	R	K	N	Q	S	T	A	V	L	I	F	Y	W	H	M	C	P
0	0.01876	0.10588	0.02669	0.02406	0.05527	0.03475	0.02100	0.08596	0.04521	0.08099	0.08173	0.02327	0.00961	0.00527	0.03351	0.00118	0.04472	0.00348	0.00280	0.29587
1	0.05171	0.05182	0.12060	0.01139	0.08455	0.14371	0.10046	0.17356	0.06578	0.03198	0.02063	0.01878	0.00688	0.00456	0.00482	0.00125	0.09591	0.00351	0.00258	0.00553
2	0.00475	0.00402	0.00410	0.00408	0.00539	0.00337	0.00306	0.00581	0.00918	0.01104	0.09108	0.03761	0.78320	0.00992	0.00469	0.00133	0.00200	0.00829	0.00373	0.00337
3	0.00953	0.00940	0.03136	0.09533	0.71933	0.00946	0.01199	0.01190	0.00881	0.01257	0.00733	0.00981	0.00613	0.00370	0.00426	0.00121	0.03637	0.00352	0.00193	0.00604
4	0.17063	0.00652	0.00810	0.00653	0.00915	0.00616	0.00534	0.01613	0.01011	0.56775	0.06921	0.01351	0.01072	0.00697	0.07374	0.00166	0.00382	0.00390	0.00420	0.00584
5	0.00523	0.00400	0.00480	0.00468	0.00571	0.00357	0.00348	0.00672	0.01022	0.01369	0.50117	0.08602	0.31817	0.00907	0.00470	0.00130	0.00195	0.00786	0.00408	0.00357
6	0.00553	0.00403	0.00520	0.00494	0.00588	0.00370	0.00369	0.00731	0.01098	0.01540	0.75896	0.05444	0.08837	0.00836	0.00469	0.00126	0.00189	0.00737	0.00430	0.00370
7	0.00493	0.00357	0.00463	0.00531	0.00571	0.00330	0.00361	0.00576	0.00808	0.01076	0.11397	0.68179	0.09231	0.02964	0.00531	0.00159	0.00226	0.01046	0.00373	0.00327
8	0.01060	0.86304	0.02078	0.00678	0.01018	0.01569	0.00678	0.01187	0.00806	0.00933	0.00551	0.00636	0.00509	0.00339	0.00254	0.00085	0.00424	0.00212	0.00170	0.00509
9	0.00981	0.00942	0.01609	0.02434	0.83592	0.00942	0.01217	0.01217	0.00903	0.01295	0.00746	0.00981	0.00628	0.00353	0.00393	0.00118	0.00471	0.00353	0.00196	0.00628
10	0.01060	0.86304	0.02078	0.00678	0.01018	0.01569	0.00678	0.01187	0.00806	0.00933	0.00551	0.00636	0.00509	0.00339	0.00254	0.00085	0.00424	0.00212	0.00170	0.00509
11	0.01481	0.01890	0.01124	0.01021	0.01226	0.84474	0.00766	0.01583	0.01124	0.00970	0.00613	0.00715	0.00511	0.00409	0.00358	0.00102	0.00715	0.00255	0.00204	0.00460
12	0.00739	0.00370	0.00370	0.00370	0.00462	0.00370	0.00277	0.00924	0.00831	0.01478	0.01293	0.01478	0.01016	0.00462	0.00277	0.00092	0.00185	0.00370	0.88267	0.00370
13	0.00559	0.00390	0.00435	0.00438	0.00467	0.00378	0.00267	0.00585	0.00650	0.00841	0.01793	0.02893	0.16601	0.67068	0.01675	0.00330	0.00350	0.03748	0.00269	0.00263
14	0.01735	0.00746	0.00964	0.00739	0.01047	0.00688	0.00611	0.14981	0.01253	0.70651	0.01465	0.01285	0.00932	0.00488	0.00398	0.00122	0.00353	0.00392	0.00475	0.00675
15	0.00881	0.00747	0.05460	0.01260	0.28269	0.00694	0.02310	0.05433	0.00885	0.08922	0.04961	0.04798	0.04125	0.09871	0.19339	0.00265	0.00557	0.00461	0.00266	0.00495
16	0.01035	0.29984	0.01350	0.00735	0.03192	0.03415	0.03757	0.01198	0.00866	0.10123	0.00748	0.00826	0.00603	0.00337	0.00303	0.00080	0.00375	0.00258	0.00237	0.40579
17	0.10568	0.06547	0.01227	0.04507	0.10638	0.06037	0.01838	0.01055	0.00705	0.01088	0.00595	0.00876	0.00546	0.00673	0.04971	0.00172	0.46984	0.00324	0.00188	0.00460
18	0.01089	0.43332	0.17292	0.00855	0.02561	0.01274	0.02226	0.11766	0.09831	0.05127	0.00802	0.00852	0.00630	0.00393	0.00325	0.00105	0.00445	0.00287	0.00239	0.00568
19	0.01201	0.51718	0.01675	0.00785	0.01080	0.19809	0.00698	0.13531	0.01035	0.01181	0.00683	0.03690	0.00608	0.00407	0.00308	0.00096	0.00483	0.00276	0.00219	0.00516
20	0.00968	0.01023	0.08596	0.11902	0.43119	0.03482	0.03022	0.08164	0.04121	0.01348	0.03085	0.01090	0.02289	0.00425	0.00452	0.00125	0.05620	0.00370	0.00225	0.00574
21	0.00544	0.00405	0.00507	0.00481	0.00582	0.00367	0.00361	0.00716	0.01083	0.01496	0.69028	0.03116	0.18154	0.00846	0.00468	0.00126	0.00190	0.00739	0.00424	0.00367
22	0.00661	0.00361	0.00535	0.00535	0.00548	0.00374	0.00367	0.00554	0.00541	0.00735	0.00783	0.01334	0.00779	0.05593	0.16784	0.68276	0.00478	0.00370	0.00183	0.00209
23	0.02040	0.00825	0.04732	0.00697	0.02241	0.02416	0.00575	0.06553	0.00891	0.03511	0.00744	0.00876	0.00609	0.01339	0.00392	0.00082	0.05670	0.00265	0.01543	0.63998
24	0.03447	0.11925	0.30642	0.00983	0.04393	0.00906	0.06415	0.06189	0.01995	0.23599	0.01021	0.05066	0.00763	0.00448	0.00378	0.00121	0.00463	0.00369	0.00286	0.00587
25	0.00566	0.00425	0.00637	0.00637	0.00708	0.00496	0.00496	0.00708	0.00637	0.00920	0.01062	0.01558	0.00991	0.02974	0.84494	0.00637	0.01062	0.00425	0.00212	0.00354
26	0.00961	0.03371	0.22095	0.03525	0.08767	0.03413	0.05635	0.09044	0.11999	0.07064	0.03160	0.10238	0.03927	0.00552	0.00449	0.00130	0.04375	0.00463	0.00285	0.00548

[dist]
# distance from previous block
# <min> <max>
0	8

[block]
# block no. 2 follows, 68 sequences, length 9
# corresponding to MSA columns:
# 116-124
name=unknown_C
#
# <colnr> <probs for GDERKNQSTAVLIFYWHMCP>
#	G	D	E	R	K	N	Q	S	T	A	V	L	I	F	Y	W	H	M	C	P
0	0.08412	0.03261	0.14162	0.17991	0.17323	0.02063	0.10067	0.09676	0.02875	0.03406	0.00871	0.04913	0.00717	0.00442	0.00392	0.00127	0.00487	0.02040	0.00236	0.00538
1	0.00489	0.00348	0.00458	0.00544	0.00566	0.00326	0.00360	0.00554	0.00747	0.00996	0.02124	0.80369	0.02545	0.06786	0.00605	0.00176	0.00240	0.01091	0.00360	0.00317
2	0.00828	0.00778	0.01311	0.14746	0.41149	0.00797	0.08063	0.01079	0.03988	0.01231	0.05760	0.12989	0.04476	0.00541	0.00423	0.00129	0.00431	0.00514	0.00246	0.00522
3	0.03814	0.08548	0.09333	0.06742	0.30628	0.05187	0.06802	0.08083	0.04096	0.04359	0.02168	0.03952	0.03470	0.00489	0.00420	0.00134	0.00494	0.00411	0.00268	0.00602
4	0.01091	0.00856	0.02819	0.02790	0.06640	0.06804	0.08937	0.04989	0.07343	0.19242	0.05289	0.04407	0.03234	0.01931	0.05502	0.00169	0.14220	0.02905	0.00311	0.00522
5	0.00568	0.00419	0.00607	0.00607	0.00668	0.00479	0.00459	0.00689	0.00628	0.00898	0.01089	0.01708	0.01057	0.15038	0.72520	0.00601	0.00964	0.00447	0.00216	0.00337
6	0.00922	0.00786	0.00969	0.00710	0.01040	0.00684	0.04607	0.11830	0.00954	0.01433	0.00732	0.00854	0.00596	0.00342	0.00373	0.00077	0.05116	0.00269	0.00251	0.67454
7	0.23522	0.13133	0.02692	0.03376	0.21631	0.08258	0.00743	0.01186	0.00840	0.04442	0.00801	0.05150	0.00712	0.00431	0.00334	0.00112	0.00410	0.03157	0.00234	0.08835
8	0.01149	0.12187	0.27117	0.08192	0.13531	0.06138	0.01024	0.04007	0.00960	0.20643	0.00898	0.00968	0.00643	0.00402	0.00370	0.00117	0.00488	0.00321	0.00258	0.00586

[dist]
# distance from previous block
# <min> <max>
0	2

[block]
# block no. 3 follows, 68 sequences, length 11
# corresponding to MSA columns:
# 127-137
name=unknown_D
#
# <colnr> <probs for GDERKNQSTAVLIFYWHMCP>
#	G	D	E	R	K	N	Q	S	T	A	V	L	I	F	Y	W	H	M	C	P
0	0.00494	0.00365	0.00464	0.00532	0.00583	0.00335	0.00371	0.00583	0.00817	0.01072	0.08226	0.61732	0.16424	0.01163	0.00499	0.00155	0.00229	0.05251	0.00373	0.00330
1	0.00490	0.00350	0.00466	0.00548	0.00577	0.00326	0.00369	0.00569	0.00790	0.01061	0.09099	0.78753	0.02718	0.01205	0.00503	0.00158	0.00226	0.01092	0.00374	0.00326
2	0.00477	0.00402	0.00414	0.00411	0.00541	0.00338	0.00308	0.00586	0.00925	0.01120	0.11557	0.03735	0.75861	0.00986	0.00469	0.00133	0.00200	0.00825	0.00375	0.00338
3	0.00561	0.00405	0.00530	0.00499	0.00592	0.00374	0.00374	0.00748	0.01122	0.01590	0.83383	0.02962	0.03741	0.00811	0.00468	0.00125	0.00187	0.00717	0.00436	0.00374
4	0.01507	0.01111	0.01190	0.00912	0.01230	0.01230	0.00754	0.82270	0.01864	0.02499	0.00952	0.00952	0.00674	0.00476	0.00397	0.00119	0.00436	0.00357	0.00397	0.00674
5	0.01481	0.01890	0.01124	0.01021	0.01226	0.84474	0.00766	0.01583	0.01124	0.00970	0.00613	0.00715	0.00511	0.00409	0.00358	0.00102	0.00715	0.00255	0.00204	0.00460
6	0.01346	0.01031	0.01099	0.00880	0.01168	0.01154	0.00715	0.57505	0.26892	0.02239	0.01156	0.01115	0.00840	0.00495	0.00399	0.00124	0.00398	0.00385	0.00399	0.00660
7	0.01641	0.00674	0.00900	0.00710	0.00996	0.00603	0.00587	0.04324	0.03912	0.71317	0.04044	0.01570	0.01138	0.00536	0.00409	0.00126	0.00337	0.05053	0.00476	0.00646
8	0.88866	0.00767	0.00583	0.00521	0.00767	0.00889	0.00429	0.01166	0.00675	0.01779	0.00552	0.00644	0.00429	0.00368	0.00245	0.00123	0.00307	0.00215	0.00245	0.00429
9	0.01220	0.00968	0.01028	0.00854	0.01120	0.01095	0.00684	0.38087	0.46515	0.02036	0.01317	0.01243	0.00970	0.00510	0.00400	0.00128	0.00369	0.00407	0.00400	0.00649
10	0.08550	0.11561	0.01203	0.05414	0.01231	0.32185	0.00731	0.25866	0.03131	0.05400	0.00775	0.00837	0.00592	0.00423	0.00353	0.00110	0.00526	0.00294	0.00278	0.00541

[dist]
# distance from previous block
# <min> <max>
2	6

[block]
# block no. 4 follows, 68 sequences, length 8
# corresponding to MSA columns:
# 145-152
name=unknown_E
#
# <colnr> <probs for GDERKNQSTAVLIFYWHMCP>
#	G	D	E	R	K	N	Q	S	T	A	V	L	I	F	Y	W	H	M	C	P
0	0.04779	0.00892	0.09281	0.05818	0.19146	0.03493	0.04159	0.08132	0.02535	0.13512	0.03368	0.15246	0.06739	0.00596	0.00414	0.00129	0.00404	0.00521	0.00305	0.00530
1	0.00944	0.04925	0.10734	0.04248	0.01870	0.07868	0.56806	0.01248	0.00922	0.01208	0.00828	0.04970	0.00672	0.00390	0.00439	0.00129	0.00628	0.00448	0.00203	0.00520
2	0.01483	0.00606	0.00822	0.00660	0.00911	0.00529	0.00533	0.01636	0.01108	0.64172	0.15724	0.07231	0.01567	0.00596	0.00418	0.00126	0.00304	0.00502	0.00473	0.00599
3	0.02314	0.07982	0.07425	0.05588	0.23674	0.02274	0.16168	0.03875	0.02990	0.06034	0.00949	0.03667	0.03853	0.00464	0.00511	0.00129	0.10929	0.00402	0.00231	0.00543
4	0.00827	0.00943	0.14542	0.04798	0.13975	0.02866	0.10812	0.02491	0.08062	0.04845	0.03594	0.11530	0.13280	0.03744	0.00488	0.00141	0.00422	0.01861	0.00282	0.00496
5	0.00507	0.00369	0.00473	0.00522	0.00568	0.00349	0.00357	0.00594	0.00796	0.01065	0.13129	0.51488	0.11156	0.10021	0.06490	0.00209	0.00295	0.00935	0.00353	0.00324
6	0.00823	0.01859	0.68035	0.01236	0.01786	0.00937	0.17249	0.01258	0.00856	0.01258	0.00729	0.00883	0.00522	0.00368	0.00395	0.00127	0.00602	0.00327	0.00174	0.00576
7	0.02529	0.05004	0.11159	0.13401	0.32802	0.02784	0.09080	0.07363	0.02559	0.05141	0.02462	0.02424	0.00711	0.00404	0.00393	0.00122	0.00491	0.00371	0.00231	0.00570

[dist]
# distance from previous block
# <min> <max>
0	8

[block]
# block no. 5 follows, 68 sequences, length 14
# corresponding to MSA columns:
# 166-179
name=unknown_F
#
# <colnr> <probs for GDERKNQSTAVLIFYWHMCP>
#	G	D	E	R	K	N	Q	S	T	A	V	L	I	F	Y	W	H	M	C	P
0	0.01227	0.09106	0.05645	0.08586	0.11474	0.21255	0.03559	0.18251	0.06717	0.06728	0.03128	0.00993	0.00730	0.00429	0.00377	0.00115	0.00509	0.00337	0.00274	0.00560
1	0.00951	0.00746	0.00821	0.00750	0.00943	0.00831	0.00578	0.06280	0.55096	0.06162	0.05106	0.15643	0.01529	0.00671	0.00425	0.00138	0.00304	0.02056	0.00403	0.00566
2	0.73067	0.00720	0.00603	0.00577	0.03535	0.00814	0.00444	0.01097	0.00735	0.01706	0.08111	0.01040	0.05414	0.00443	0.00283	0.00123	0.00296	0.00299	0.00268	0.00426
3	0.00570	0.00410	0.00514	0.00506	0.00600	0.00377	0.00372	0.00742	0.02978	0.03306	0.51203	0.19182	0.15932	0.00911	0.00472	0.00133	0.00204	0.00802	0.00413	0.00371
4	0.00992	0.00867	0.04206	0.07882	0.02648	0.04604	0.00649	0.10408	0.14023	0.05570	0.00947	0.01028	0.00730	0.00432	0.01550	0.00104	0.01476	0.00317	0.04426	0.37141
5	0.00548	0.00405	0.00511	0.00485	0.00584	0.00368	0.00364	0.00722	0.01091	0.01515	0.71856	0.03086	0.15316	0.00839	0.00468	0.00126	0.00189	0.00734	0.00427	0.00368
6	0.00496	0.00353	0.00467	0.00544	0.00571	0.00334	0.00364	0.00569	0.00763	0.01025	0.06486	0.73276	0.02556	0.06885	0.03134	0.00188	0.00263	0.01047	0.00359	0.00320
7	0.00787	0.00815	0.05871	0.58235	0.12369	0.00879	0.05473	0.01049	0.00810	0.01087	0.00763	0.03120	0.00609	0.00420	0.00429	0.00131	0.03432	0.00375	0.02874	0.00471
8	0.00867	0.00867	0.01214	0.01041	0.01041	0.01214	0.00867	0.00954	0.00607	0.00954	0.00520	0.00867	0.00520	0.00694	0.01301	0.00173	0.85340	0.00347	0.00173	0.00434
9	0.06279	0.05344	0.01315	0.03607	0.11549	0.11196	0.00844	0.30654	0.05534	0.11150	0.01132	0.01257	0.00882	0.00571	0.00463	0.00153	0.00515	0.00401	0.00391	0.06763
10	0.05526	0.00609	0.00697	0.00663	0.02349	0.00656	0.00500	0.02632	0.29488	0.03078	0.22180	0.03418	0.12571	0.01017	0.12634	0.00204	0.00380	0.00557	0.00368	0.00472
11	0.00981	0.00942	0.01609	0.02434	0.83592	0.00942	0.01217	0.01217	0.00903	0.01295	0.00746	0.00981	0.00628	0.00353	0.00393	0.00118	0.00471	0.00353	0.00196	0.00628
12	0.01023	0.01022	0.01569	0.02315	0.76682	0.07950	0.01179	0.01248	0.00921	0.01268	0.00735	0.00959	0.00618	0.00358	0.00390	0.00116	0.00492	0.00345	0.00197	0.00614
13	0.00832	0.00735	0.00949	0.00678	0.01035	0.00568	0.07322	0.01021	0.00832	0.01290	0.00713	0.00843	0.00588	0.00297	0.00308	0.00065	0.00325	0.00254	0.00232	0.81111

[dist]
# distance from previous block
# <min> <max>
0	2

[block]
# block no. 6 follows, 68 sequences, length 12
# corresponding to MSA columns:
# 182-193
name=unknown_G
#
# <colnr> <probs for GDERKNQSTAVLIFYWHMCP>
#	G	D	E	R	K	N	Q	S	T	A	V	L	I	F	Y	W	H	M	C	P
0	0.71926	0.13003	0.05007	0.00574	0.00850	0.00988	0.00517	0.01173	0.00702	0.01632	0.00560	0.00653	0.00444	0.00364	0.00253	0.00117	0.00338	0.00218	0.00231	0.00449
1	0.00714	0.00375	0.00392	0.00388	0.00480	0.00370	0.00291	0.00899	0.00873	0.01494	0.12974	0.01689	0.01404	0.00512	0.00304	0.00097	0.00185	0.00419	0.75769	0.00370
2	0.03893	0.00797	0.01212	0.08736	0.24896	0.02729	0.06515	0.00998	0.00768	0.01104	0.00968	0.05558	0.04937	0.06077	0.06463	0.00190	0.23042	0.00435	0.00212	0.00469
3	0.03628	0.19399	0.16551	0.00966	0.05510	0.13251	0.05140	0.05279	0.03019	0.03602	0.02593	0.01386	0.00878	0.00488	0.00373	0.00118	0.00484	0.11769	0.00243	0.05323
4	0.00926	0.11523	0.51072	0.13000	0.01713	0.02787	0.02844	0.03590	0.00886	0.06986	0.00758	0.00886	0.00547	0.00386	0.00369	0.00121	0.00542	0.00304	0.00200	0.00561
5	0.00492	0.00403	0.00450	0.00451	0.00567	0.00361	0.00339	0.00606	0.00882	0.01099	0.11392	0.06595	0.60662	0.01274	0.12426	0.00206	0.00323	0.00778	0.00353	0.00341
6	0.02192	0.00453	0.00627	0.02269	0.04296	0.00447	0.01998	0.00741	0.03428	0.01094	0.06520	0.27341	0.09426	0.03273	0.00683	0.12728	0.00308	0.21506	0.00325	0.00345
7	0.01142	0.23215	0.17879	0.03846	0.04982	0.15094	0.09287	0.05840	0.00967	0.09605	0.00757	0.00863	0.00581	0.00398	0.00394	0.00113	0.03963	0.00305	0.00225	0.00545
8	0.00622	0.00524	0.00764	0.00705	0.00782	0.00614	0.03956	0.00747	0.00679	0.00953	0.01388	0.01804	0.12652	0.07544	0.49015	0.00446	0.15731	0.00481	0.00229	0.00366
9	0.00562	0.00378	0.00437	0.00450	0.00454	0.00375	0.00260	0.00573	0.00604	0.00806	0.01391	0.15152	0.01620	0.73266	0.01790	0.00351	0.00361	0.00660	0.00260	0.00253
10	0.00878	0.00731	0.04200	0.03706	0.15153	0.00680	0.10073	0.06360	0.02874	0.10679	0.02810	0.07944	0.18145	0.00972	0.12767	0.00204	0.00488	0.00544	0.00301	0.00491
11	0.02940	0.06941	0.10299	0.08009	0.32388	0.04762	0.06716	0.03821	0.02022	0.02234	0.00961	0.13772	0.00900	0.00508	0.00415	0.00126	0.01965	0.00456	0.00230	0.00534

[dist]
# distance from previous block
# <min> <max>
3	7

[block]
# block no. 7 follows, 68 sequences, length 36
# corresponding to MSA columns:
# 202-237
name=unknown_H
#
# <colnr> <probs for GDERKNQSTAVLIFYWHMCP>
#	G	D	E	R	K	N	Q	S	T	A	V	L	I	F	Y	W	H	M	C	P
0	0.09636	0.08679	0.03819	0.03916	0.21623	0.12895	0.03519	0.18307	0.03255	0.03544	0.00789	0.02304	0.00635	0.00430	0.00414	0.00119	0.04969	0.00332	0.00255	0.00560
1	0.03022	0.00767	0.00853	0.00627	0.00966	0.03833	0.00503	0.04661	0.00903	0.08533	0.00783	0.00865	0.00619	0.00325	0.00309	0.00070	0.00320	0.00255	0.00263	0.71522
2	0.01199	0.03137	0.14212	0.06941	0.07572	0.13795	0.04967	0.28878	0.01219	0.03692	0.00782	0.00907	0.00593	0.00450	0.00487	0.00124	0.09876	0.00333	0.00265	0.00571
3	0.00892	0.01759	0.56606	0.01227	0.01727	0.04950	0.18501	0.04933	0.00912	0.01293	0.00731	0.00887	0.00532	0.00383	0.00423	0.00127	0.03030	0.00333	0.00187	0.00569
4	0.00508	0.00403	0.00456	0.00443	0.00560	0.00352	0.00332	0.00645	0.00997	0.01292	0.37864	0.03452	0.49446	0.00922	0.00468	0.00130	0.00195	0.00786	0.00397	0.00352
5	0.01531	0.00620	0.00833	0.00660	0.00925	0.00538	0.00537	0.01682	0.01107	0.67644	0.10030	0.04287	0.06611	0.00579	0.00414	0.00125	0.00310	0.00482	0.00474	0.00612
6	0.00549	0.00406	0.00514	0.00491	0.00591	0.00371	0.00372	0.00723	0.01081	0.01496	0.68353	0.03145	0.16077	0.00850	0.00470	0.00128	0.00195	0.03397	0.00423	0.00368
7	0.00526	0.00404	0.00481	0.00462	0.00571	0.00359	0.00347	0.00680	0.01040	0.01394	0.53363	0.03285	0.33884	0.00884	0.00468	0.00128	0.00192	0.00762	0.00411	0.00359
8	0.88866	0.00767	0.00583	0.00521	0.00767	0.00889	0.00429	0.01166	0.00675	0.01779	0.00552	0.00644	0.00429	0.00368	0.00245	0.00123	0.00307	0.00215	0.00245	0.00429
9	0.01060	0.86304	0.02078	0.00678	0.01018	0.01569	0.00678	0.01187	0.00806	0.00933	0.00551	0.00636	0.00509	0.00339	0.00254	0.00085	0.00424	0.00212	0.00170	0.00509
10	0.00749	0.00705	0.01189	0.85113	0.02731	0.00881	0.01101	0.01013	0.00793	0.01013	0.00705	0.01057	0.00529	0.00396	0.00396	0.00132	0.00529	0.00352	0.00176	0.00440
11	0.00486	0.00349	0.00461	0.00545	0.00575	0.00325	0.00366	0.00561	0.00780	0.01040	0.05916	0.79622	0.05072	0.01216	0.00503	0.00159	0.00227	0.01100	0.00371	0.00325
12	0.00559	0.00378	0.00442	0.00463	0.00469	0.00373	0.00274	0.00576	0.00620	0.00827	0.01457	0.19668	0.01699	0.67089	0.01681	0.00335	0.00352	0.02210	0.00269	0.00259
13	0.00986	0.00852	0.00897	0.00807	0.01031	0.00986	0.00628	0.02107	0.82876	0.01659	0.01614	0.01479	0.01210	0.00538	0.00403	0.00134	0.00314	0.00448	0.00403	0.00628
14	0.01060	0.86304	0.02078	0.00678	0.01018	0.01569	0.00678	0.01187	0.00806	0.00933	0.00551	0.00636	0.00509	0.00339	0.00254	0.00085	0.00424	0.00212	0.00170	0.00509
15	0.00538	0.00418	0.00498	0.00517	0.00630	0.00378	0.00414	0.00681	0.00954	0.01218	0.20826	0.03818	0.42669	0.00988	0.00491	0.00146	0.00245	0.23836	0.00382	0.00352
16	0.00623	0.00420	0.00543	0.00573	0.00654	0.00396	0.00429	0.02742	0.00914	0.05594	0.18735	0.38230	0.09425	0.03863	0.00544	0.00160	0.00259	0.15147	0.00384	0.00366
17	0.00634	0.00453	0.00633	0.00725	0.00814	0.00452	0.00631	0.00813	0.00908	0.01181	0.02102	0.06944	0.02292	0.01100	0.00546	0.00182	0.00361	0.78499	0.00365	0.00364
18	0.05713	0.00692	0.00913	0.00703	0.01008	0.00616	0.00581	0.04315	0.01136	0.77702	0.01500	0.01306	0.00947	0.00485	0.00392	0.00123	0.00339	0.00389	0.00477	0.00664
19	0.01440	0.01824	0.01127	0.05685	0.01309	0.79838	0.00785	0.01552	0.01105	0.00973	0.00618	0.00734	0.00512	0.00408	0.00360	0.00104	0.00705	0.00261	0.00203	0.00459
20	0.00680	0.00561	0.00850	0.03305	0.00990	0.00563	0.11052	0.02135	0.08800	0.01209	0.01962	0.22827	0.06797	0.00943	0.00502	0.00161	0.00363	0.35550	0.00343	0.00407
21	0.00667	0.00516	0.00647	0.00726	0.00823	0.04252	0.00625	0.00839	0.00918	0.01168	0.02108	0.06294	0.05353	0.01064	0.00535	0.00176	0.00371	0.72192	0.00358	0.00367
22	0.71969	0.00919	0.00720	0.00715	0.06498	0.11297	0.00525	0.01221	0.00746	0.01645	0.00573	0.00676	0.00453	0.00372	0.00269	0.00120	0.00369	0.00229	0.00237	0.00447
23	0.07456	0.00919	0.01033	0.00800	0.01101	0.00965	0.00660	0.47578	0.01509	0.29286	0.01139	0.01080	0.00771	0.00473	0.00383	0.00120	0.00387	0.00362	0.03333	0.00648
24	0.00661	0.00475	0.00688	0.02312	0.01992	0.00528	0.01362	0.00727	0.02213	0.00925	0.02973	0.05756	0.00990	0.03687	0.33681	0.26397	0.08082	0.00430	0.01812	0.04307
25	0.68698	0.00818	0.00703	0.00596	0.00858	0.00925	0.00491	0.14636	0.00896	0.05663	0.00668	0.00731	0.00498	0.00390	0.00278	0.00121	0.00329	0.00247	0.00282	0.02171
26	0.00542	0.00398	0.00475	0.00462	0.00558	0.00361	0.00340	0.00688	0.00995	0.01362	0.47457	0.06734	0.26366	0.05747	0.00547	0.00142	0.00204	0.00741	0.05528	0.00353
27	0.00677	0.00352	0.00528	0.00528	0.00534	0.00358	0.00358	0.00534	0.00528	0.00710	0.00723	0.01238	0.00717	0.01526	0.09269	0.80291	0.00411	0.00352	0.00176	0.00189
28	0.00504	0.00387	0.00462	0.00477	0.00566	0.00344	0.00345	0.00625	0.00937	0.01231	0.30448	0.26822	0.33409	0.01006	0.00479	0.00138	0.00204	0.00879	0.00391	0.00344
29	0.01091	0.01056	0.06546	0.17372	0.22429	0.04951	0.07193	0.24982	0.02999	0.01573	0.00814	0.00987	0.00623	0.00419	0.00431	0.00124	0.03766	0.00357	0.01713	0.00576
30	0.00980	0.37114	0.23531	0.01036	0.06359	0.07271	0.09825	0.01258	0.03593	0.01130	0.03981	0.00884	0.00677	0.00380	0.00339	0.00107	0.00504	0.00301	0.00195	0.00534
31	0.88866	0.00767	0.00583	0.00521	0.00767	0.00889	0.00429	0.01166	0.00675	0.01779	0.00552	0.00644	0.00429	0.00368	0.00245	0.00123	0.00307	0.00215	0.00245	0.00429
32	0.00561	0.00405	0.00530	0.00499	0.00592	0.00374	0.00374	0.00748	0.01122	0.01590	0.83383	0.02962	0.03741	0.00811	0.00468	0.00125	0.00187	0.00717	0.00436	0.00374
33	0.00788	0.01034	0.23529	0.06792	0.20275	0.00731	0.02935	0.02094	0.02285	0.03226	0.19164	0.03736	0.04318	0.02627	0.02338	0.00145	0.00435	0.02772	0.00269	0.00507
34	0.00726	0.01899	0.02813	0.05346	0.13401	0.00567	0.04246	0.00882	0.00835	0.03206	0.03214	0.28617	0.08794	0.00713	0.00430	0.01295	0.00329	0.00628	0.00287	0.21774
35	0.01369	0.01034	0.01160	0.00994	0.07466	0.02166	0.00759	0.61897	0.03221	0.03559	0.00972	0.01074	0.00730	0.00481	0.00414	0.00118	0.02412	0.02743	0.02052	0.05380

[dist]
# distance from previous block
# <min> <max>
0	1

[block]
# block no. 8 follows, 68 sequences, length 16
# corresponding to MSA columns:
# 239-254
name=unknown_I
#
# <colnr> <probs for GDERKNQSTAVLIFYWHMCP>
#	G	D	E	R	K	N	Q	S	T	A	V	L	I	F	Y	W	H	M	C	P
0	0.01234	0.05660	0.10639	0.02218	0.07281	0.30147	0.07432	0.17221	0.06525	0.02583	0.00816	0.02021	0.00641	0.00421	0.00378	0.00113	0.00555	0.00328	0.00255	0.03531
1	0.08836	0.03220	0.01222	0.01204	0.18181	0.16795	0.00817	0.38302	0.04614	0.01831	0.00828	0.00900	0.00630	0.00428	0.00372	0.00116	0.00480	0.00325	0.00301	0.00598
2	0.00714	0.00549	0.00653	0.00555	0.00768	0.00451	0.00428	0.02229	0.00889	0.04712	0.09869	0.17851	0.16069	0.00695	0.00399	0.00107	0.00262	0.03860	0.00323	0.38620
3	0.00550	0.00399	0.00459	0.00457	0.00529	0.00363	0.00306	0.00596	0.00744	0.00961	0.05955	0.14157	0.29081	0.29750	0.01087	0.08308	0.00284	0.00706	0.00303	0.05005
4	0.00836	0.00616	0.00721	0.00603	0.00797	0.00603	0.03224	0.14413	0.07609	0.01606	0.19548	0.01864	0.10597	0.00578	0.00379	0.00108	0.00272	0.00485	0.21530	0.13611
5	0.02419	0.00769	0.01225	0.21461	0.33598	0.01934	0.04206	0.01078	0.02810	0.02865	0.03784	0.06992	0.01004	0.05883	0.00546	0.00148	0.03289	0.05256	0.00235	0.00499
6	0.00521	0.00377	0.00454	0.00499	0.00543	0.00354	0.00337	0.00584	0.00744	0.00963	0.02255	0.37337	0.18343	0.27337	0.00968	0.00226	0.00283	0.07242	0.00328	0.00303
7	0.00795	0.02051	0.84011	0.01130	0.01716	0.00921	0.01465	0.01256	0.00837	0.01256	0.00712	0.00837	0.00502	0.00377	0.00377	0.00126	0.00586	0.00293	0.00167	0.00586
8	0.00846	0.00828	0.01474	0.43733	0.27647	0.00916	0.12824	0.01105	0.00840	0.01134	0.00736	0.01043	0.00580	0.00438	0.02308	0.00140	0.02339	0.00371	0.00187	0.00510
9	0.06160	0.05013	0.01109	0.11561	0.13836	0.05080	0.07803	0.05929	0.02583	0.06376	0.01142	0.09864	0.03177	0.03317	0.03149	0.05724	0.00446	0.05122	0.02143	0.00467
10	0.00531	0.00380	0.00480	0.00527	0.00574	0.00361	0.00359	0.00635	0.03827	0.01071	0.12088	0.51303	0.11020	0.08070	0.00689	0.06239	0.00245	0.00923	0.00354	0.00324
11	0.00593	0.00431	0.00621	0.00616	0.00680	0.00489	0.00467	0.00715	0.00662	0.02492	0.03942	0.06281	0.01212	0.11958	0.64224	0.00544	0.02999	0.00487	0.00236	0.00348
12	0.02588	0.17741	0.10199	0.07222	0.08956	0.16563	0.02608	0.18873	0.04011	0.02760	0.00754	0.00864	0.00591	0.00417	0.00398	0.00114	0.04236	0.00306	0.00244	0.00553
13	0.00753	0.00623	0.00926	0.11840	0.15426	0.02565	0.03315	0.00883	0.03101	0.01004	0.00952	0.05926	0.00915	0.10195	0.13785	0.16688	0.04792	0.01511	0.02151	0.02650
14	0.00541	0.00389	0.00524	0.00609	0.02732	0.00374	0.00419	0.00631	0.00789	0.01058	0.08626	0.50673	0.04006	0.09605	0.03786	0.02123	0.00300	0.12140	0.00346	0.00330
15	0.06143	0.00923	0.06472	0.05496	0.12511	0.07067	0.06660	0.10246	0.10842	0.04123	0.17457	0.01544	0.02564	0.05631	0.00501	0.00139	0.00412	0.00448	0.00307	0.00513

[dist]
# distance from previous block
# <min> <max>
0	23

# created by:
# /st0/software/busco_prod/Augustus/scripts/msa2prfl.pl ./align_prep/33197.fa
