[name]
unknown

[dist]
# distance from previous block
# <min> <max>
0	161

[block]
# block no. 0 follows, 59 sequences, length 14
# corresponding to MSA columns:
# 161-174
name=unknown_A
#
# <colnr> <probs for GDERKNQSTAVLIFYWHMCP>
#	G	D	E	R	K	N	Q	S	T	A	V	L	I	F	Y	W	H	M	C	P
0	0.05441	0.03454	0.14912	0.01110	0.04803	0.03757	0.13423	0.08969	0.05760	0.08710	0.12557	0.01720	0.01366	0.00570	0.00455	0.00139	0.00488	0.06679	0.00335	0.05350
1	0.01200	0.03272	0.14445	0.03158	0.04838	0.04921	0.09142	0.11263	0.09225	0.12648	0.04319	0.03709	0.03246	0.00533	0.00473	0.00134	0.03346	0.00447	0.00334	0.09348
2	0.03471	0.03899	0.06514	0.02692	0.04131	0.15687	0.04471	0.08351	0.03924	0.06856	0.12548	0.06406	0.07794	0.00615	0.00438	0.00127	0.00461	0.00507	0.00337	0.10769
3	0.02422	0.14981	0.22327	0.03641	0.14343	0.05392	0.09783	0.05020	0.03968	0.05249	0.05035	0.01176	0.02067	0.00457	0.00417	0.00129	0.00546	0.00389	0.00258	0.02400
4	0.01202	0.03464	0.15428	0.00962	0.01281	0.08605	0.04137	0.06761	0.16954	0.14509	0.06559	0.03804	0.04520	0.01895	0.00527	0.00144	0.05117	0.00474	0.00358	0.03300
5	0.00624	0.00459	0.00550	0.00551	0.00663	0.00417	0.00404	0.00802	0.03603	0.03644	0.33226	0.22203	0.29097	0.01065	0.00527	0.00152	0.00234	0.00929	0.00444	0.00407
6	0.01129	0.01180	0.12393	0.01636	0.30886	0.02323	0.03410	0.12673	0.14923	0.03757	0.04884	0.05066	0.01068	0.00532	0.00469	0.00140	0.02089	0.00465	0.00315	0.00663
7	0.00585	0.00425	0.00552	0.00572	0.00649	0.00392	0.00409	0.00737	0.01079	0.01487	0.46288	0.34595	0.08381	0.01102	0.00538	0.00155	0.00228	0.00983	0.00452	0.00392
8	0.01063	0.00970	0.03414	0.08416	0.13485	0.04976	0.04040	0.17302	0.14877	0.01693	0.06105	0.10410	0.09992	0.00675	0.00469	0.00144	0.00440	0.00582	0.00357	0.00590
9	0.00605	0.00455	0.00531	0.00516	0.00641	0.00402	0.00387	0.00759	0.01103	0.03097	0.37709	0.05964	0.39824	0.03424	0.00573	0.00155	0.00231	0.02785	0.00442	0.00397
10	0.01111	0.02323	0.03165	0.12082	0.42614	0.02489	0.06971	0.05459	0.06199	0.05514	0.03536	0.02927	0.00894	0.00472	0.00469	0.00138	0.02286	0.00437	0.00270	0.00644
11	0.07472	0.00436	0.00524	0.00586	0.00650	0.00418	0.00404	0.00693	0.00887	0.01256	0.10156	0.59264	0.10567	0.03811	0.00585	0.00177	0.00260	0.01079	0.00402	0.00372
12	0.03344	0.00788	0.00928	0.00742	0.04639	0.00626	0.00556	0.01144	0.03442	0.01456	0.00991	0.01101	0.04556	0.00379	0.00344	0.00077	0.00332	0.00307	0.00273	0.73975
13	0.09526	0.08821	0.09646	0.01087	0.06738	0.07813	0.05554	0.10468	0.04069	0.06892	0.03292	0.01135	0.00814	0.03708	0.00606	0.00145	0.11554	0.00374	0.00285	0.07473

[dist]
# distance from previous block
# <min> <max>
2	36

[block]
# block no. 1 follows, 59 sequences, length 23
# corresponding to MSA columns:
# 211-225,227-234
name=unknown_B
#
# <colnr> <probs for GDERKNQSTAVLIFYWHMCP>
#	G	D	E	R	K	N	Q	S	T	A	V	L	I	F	Y	W	H	M	C	P
0	0.01009	0.14458	0.25519	0.03356	0.11731	0.01054	0.01036	0.07175	0.07794	0.01461	0.02358	0.01200	0.01880	0.04181	0.02654	0.00151	0.00514	0.00371	0.02187	0.09910
1	0.00575	0.00440	0.00583	0.00602	0.00684	0.00402	0.02946	0.00696	0.00971	0.01289	0.21114	0.43633	0.18895	0.04295	0.00607	0.00172	0.00261	0.01038	0.00416	0.00379
2	0.01075	0.09706	0.21614	0.04823	0.08845	0.01105	0.07980	0.13949	0.14114	0.01666	0.06950	0.04094	0.01086	0.00525	0.00438	0.00137	0.00507	0.00449	0.00306	0.00632
3	0.00697	0.00494	0.00592	0.00601	0.00685	0.00488	0.00418	0.02232	0.08082	0.04243	0.09155	0.30387	0.13152	0.20566	0.05940	0.00257	0.00361	0.00869	0.00382	0.00399
4	0.01074	0.01244	0.13587	0.01295	0.08986	0.06442	0.17563	0.05810	0.08342	0.03036	0.00976	0.03882	0.00791	0.00467	0.00489	0.00128	0.05344	0.00413	0.00270	0.19861
5	0.00910	0.00618	0.00735	0.00677	0.00790	0.00645	0.00494	0.13711	0.02651	0.07125	0.08757	0.21002	0.05180	0.24338	0.01044	0.00232	0.05242	0.02138	0.03265	0.00447
6	0.07521	0.06025	0.01039	0.01952	0.01067	0.10652	0.00650	0.16317	0.12942	0.07972	0.09393	0.05859	0.01358	0.09894	0.00667	0.00168	0.03642	0.00491	0.00366	0.02022
7	0.00932	0.04027	0.03711	0.13856	0.30414	0.03436	0.02416	0.03005	0.04915	0.01360	0.07523	0.10702	0.01284	0.02684	0.07637	0.00196	0.00539	0.00531	0.00276	0.00558
8	0.01178	0.12643	0.19323	0.03217	0.01432	0.03710	0.04585	0.25634	0.06758	0.01785	0.06577	0.03175	0.01011	0.00654	0.04124	0.00160	0.02675	0.00420	0.00315	0.00624
9	0.06526	0.10514	0.22964	0.00980	0.01386	0.03771	0.00973	0.24471	0.10148	0.09452	0.03879	0.01144	0.00876	0.00497	0.00411	0.00133	0.00495	0.00378	0.00341	0.00663
10	0.01321	0.01250	0.01309	0.06749	0.19298	0.18501	0.00932	0.16084	0.22505	0.03763	0.01117	0.01183	0.00855	0.00492	0.00431	0.00132	0.00524	0.00397	0.00331	0.02824
11	0.00683	0.00484	0.00575	0.00551	0.00684	0.00438	0.00413	0.02483	0.02561	0.06022	0.35485	0.13396	0.32567	0.01009	0.00519	0.00148	0.00238	0.00871	0.00450	0.00424
12	0.11205	0.01175	0.04458	0.02740	0.01612	0.09297	0.28758	0.12801	0.03510	0.13923	0.01029	0.01181	0.00759	0.03248	0.00504	0.00147	0.00574	0.00425	0.00317	0.02337
13	0.03092	0.33253	0.05088	0.00886	0.01192	0.05712	0.04217	0.11055	0.10429	0.03470	0.03900	0.03840	0.05909	0.00552	0.00451	0.00127	0.05536	0.00414	0.00296	0.00581
14	0.00560	0.00430	0.00512	0.00531	0.00630	0.00383	0.00383	0.00693	0.01039	0.01361	0.28767	0.27131	0.33737	0.01126	0.00534	0.00155	0.00228	0.00983	0.00435	0.00383
15	0.00969	0.00799	0.01103	0.09498	0.24016	0.04356	0.00838	0.02646	0.06703	0.07214	0.04389	0.13319	0.05901	0.07594	0.03316	0.00189	0.01913	0.04376	0.00321	0.00537
16	0.01141	0.27284	0.13724	0.01161	0.01556	0.06681	0.20718	0.09327	0.05953	0.01414	0.00891	0.02464	0.00725	0.00576	0.04388	0.00154	0.00613	0.00385	0.00247	0.00598
17	0.00968	0.00637	0.00770	0.00694	0.00852	0.00661	0.00525	0.03469	0.19089	0.13610	0.22687	0.05449	0.04820	0.13674	0.08152	0.00239	0.02145	0.00627	0.00419	0.00513
18	0.00543	0.00394	0.00515	0.00609	0.00647	0.00366	0.00415	0.00628	0.00866	0.01140	0.02601	0.74523	0.09457	0.01355	0.00562	0.00178	0.00259	0.04171	0.00410	0.00362
19	0.12571	0.02797	0.03927	0.04157	0.04101	0.07430	0.11779	0.17252	0.06640	0.21784	0.01157	0.02584	0.00835	0.00496	0.00427	0.00137	0.00497	0.00413	0.00369	0.00647
20	0.00847	0.00564	0.00652	0.00614	0.00720	0.02400	0.00437	0.07181	0.01015	0.08961	0.16742	0.15594	0.08719	0.28174	0.03363	0.00256	0.00372	0.02589	0.00384	0.00415
21	0.01044	0.00897	0.05826	0.00789	0.01019	0.04737	0.00652	0.18444	0.09447	0.06841	0.11280	0.16566	0.13744	0.00809	0.00502	0.00145	0.02339	0.00675	0.00405	0.03838
22	0.01129	0.02681	0.09373	0.01001	0.04913	0.01935	0.07623	0.12849	0.05718	0.07569	0.04819	0.01178	0.00906	0.00493	0.01813	0.00121	0.01850	0.00374	0.00314	0.33340

[dist]
# distance from previous block
# <min> <max>
0	1

[block]
# block no. 2 follows, 59 sequences, length 10
# corresponding to MSA columns:
# 237-246
name=unknown_C
#
# <colnr> <probs for GDERKNQSTAVLIFYWHMCP>
#	G	D	E	R	K	N	Q	S	T	A	V	L	I	F	Y	W	H	M	C	P
0	0.01124	0.00866	0.00960	0.00873	0.02465	0.00955	0.00670	0.11402	0.47651	0.06416	0.04462	0.08950	0.01505	0.00677	0.00458	0.00147	0.00353	0.03493	0.03925	0.02647
1	0.01059	0.01117	0.03895	0.26479	0.30822	0.08286	0.12174	0.03361	0.01002	0.01323	0.00802	0.01093	0.00641	0.00438	0.00508	0.00141	0.05651	0.00399	0.00217	0.00593
2	0.02488	0.04204	0.04980	0.00969	0.01162	0.15373	0.10702	0.05653	0.00955	0.01269	0.00982	0.01400	0.00877	0.10611	0.17334	0.00284	0.10418	0.00424	0.09438	0.00479
3	0.00629	0.00501	0.00593	0.00638	0.00687	0.04100	0.00444	0.00717	0.00831	0.01093	0.04303	0.46679	0.07090	0.12550	0.14798	0.00297	0.02390	0.00946	0.00351	0.00365
4	0.01131	0.00962	0.01018	0.00897	0.01160	0.01097	0.00702	0.07700	0.72215	0.01896	0.01705	0.01577	0.01279	0.00583	0.00444	0.00145	0.00358	0.00483	0.00441	0.04206
5	0.01605	0.01790	0.01207	0.01062	0.01310	0.59277	0.00813	0.14945	0.04532	0.04071	0.00860	0.00937	0.00674	0.00479	0.00405	0.00119	0.00685	0.00323	0.04342	0.00563
6	0.00611	0.00445	0.00601	0.00616	0.00674	0.00473	0.00442	0.00719	0.00767	0.01056	0.06137	0.15725	0.07078	0.21243	0.40837	0.00489	0.00741	0.00689	0.00298	0.00359
7	0.07131	0.17066	0.12358	0.01078	0.06795	0.06267	0.04838	0.18997	0.05568	0.03222	0.02187	0.04574	0.00860	0.00702	0.06325	0.00171	0.00558	0.00400	0.00295	0.00608
8	0.00550	0.00401	0.00507	0.00578	0.00624	0.00370	0.00390	0.00635	0.00879	0.01159	0.08090	0.61727	0.13200	0.07853	0.00688	0.00192	0.00262	0.01133	0.00404	0.00357
9	0.00860	0.00684	0.03387	0.03144	0.11459	0.01709	0.00648	0.04162	0.03833	0.07093	0.14058	0.14513	0.04433	0.14012	0.12673	0.00272	0.01581	0.00658	0.00344	0.00476

[dist]
# distance from previous block
# <min> <max>
7	11

[block]
# block no. 3 follows, 59 sequences, length 11
# corresponding to MSA columns:
# 260-270
name=unknown_D
#
# <colnr> <probs for GDERKNQSTAVLIFYWHMCP>
#	G	D	E	R	K	N	Q	S	T	A	V	L	I	F	Y	W	H	M	C	P
0	0.12578	0.25318	0.29052	0.00964	0.01399	0.05703	0.03372	0.03712	0.00951	0.02785	0.00773	0.02801	0.00632	0.00435	0.00381	0.00122	0.02087	0.00315	0.00226	0.06393
1	0.00978	0.12176	0.22701	0.00897	0.01222	0.02561	0.03200	0.07306	0.05823	0.05803	0.03049	0.08247	0.07414	0.09737	0.00643	0.00173	0.00472	0.06743	0.00310	0.00543
2	0.01044	0.09021	0.25165	0.01026	0.03510	0.03429	0.06605	0.11246	0.04094	0.06062	0.10746	0.06023	0.07314	0.00603	0.00445	0.00137	0.00482	0.00507	0.01952	0.00588
3	0.01042	0.03440	0.00990	0.02588	0.01106	0.02309	0.02011	0.08985	0.37082	0.04176	0.03816	0.10975	0.07884	0.00680	0.00449	0.00138	0.00360	0.00574	0.00401	0.10994
4	0.00556	0.00407	0.00503	0.00565	0.00612	0.00381	0.00378	0.00630	0.00837	0.01091	0.02600	0.52364	0.17553	0.15061	0.04120	0.00236	0.00315	0.01062	0.00380	0.00348
5	0.15803	0.01246	0.16087	0.06325	0.08324	0.04899	0.02311	0.21676	0.01249	0.08749	0.03942	0.04031	0.00891	0.02035	0.00448	0.00142	0.00493	0.00407	0.00324	0.00617
6	0.05447	0.30599	0.33883	0.01051	0.01519	0.04628	0.06868	0.06147	0.00993	0.01359	0.00759	0.00924	0.00610	0.02954	0.00428	0.00132	0.00570	0.00317	0.00214	0.00599
7	0.00662	0.00527	0.03545	0.00585	0.00709	0.00440	0.00447	0.02743	0.01011	0.05072	0.16857	0.31056	0.28044	0.05474	0.00617	0.00171	0.00272	0.00946	0.00415	0.00408
8	0.00813	0.00530	0.00629	0.00600	0.00744	0.00497	0.00448	0.03841	0.06282	0.11214	0.18606	0.22778	0.25285	0.02688	0.00544	0.00157	0.00268	0.00858	0.02762	0.00458
9	0.22394	0.06336	0.13909	0.01025	0.06380	0.10532	0.00878	0.16148	0.08198	0.07009	0.00961	0.01071	0.00732	0.00479	0.00387	0.00133	0.00494	0.02006	0.00313	0.00615
10	0.08262	0.11523	0.14239	0.01072	0.03942	0.18781	0.04795	0.12717	0.04366	0.07496	0.00969	0.05445	0.00792	0.00514	0.00439	0.00132	0.03238	0.00389	0.00291	0.00598

[dist]
# distance from previous block
# <min> <max>
1	19

[block]
# block no. 4 follows, 59 sequences, length 30
# corresponding to MSA columns:
# 290-319
name=unknown_E
#
# <colnr> <probs for GDERKNQSTAVLIFYWHMCP>
#	G	D	E	R	K	N	Q	S	T	A	V	L	I	F	Y	W	H	M	C	P
0	0.01191	0.05086	0.16886	0.01157	0.07854	0.06380	0.05577	0.18404	0.12664	0.04991	0.05529	0.02364	0.02903	0.00540	0.00453	0.00136	0.01735	0.01644	0.01560	0.02947
1	0.00637	0.00431	0.00552	0.00592	0.00665	0.00399	0.00417	0.00745	0.00938	0.05313	0.14686	0.46898	0.13284	0.06644	0.03237	0.00200	0.00295	0.03267	0.00414	0.00386
2	0.01122	0.07549	0.07340	0.04356	0.26605	0.06947	0.05954	0.05444	0.18343	0.01484	0.01010	0.01161	0.00806	0.00542	0.02191	0.00151	0.07685	0.00401	0.00273	0.00637
3	0.00562	0.00410	0.00513	0.00571	0.00624	0.00379	0.00389	0.00654	0.00902	0.01193	0.12729	0.51233	0.14829	0.10497	0.00740	0.00198	0.00267	0.02547	0.00404	0.00359
4	0.02678	0.07699	0.13638	0.04185	0.04585	0.05634	0.17233	0.11619	0.03484	0.06974	0.12936	0.01484	0.03305	0.00532	0.00469	0.00137	0.02029	0.00469	0.00315	0.00595
5	0.00651	0.00433	0.00548	0.00588	0.00666	0.00395	0.00414	0.00755	0.00945	0.06520	0.12275	0.48558	0.16756	0.05460	0.00631	0.00180	0.00265	0.03149	0.00421	0.00391
6	0.01023	0.02737	0.15363	0.08372	0.39309	0.03330	0.05365	0.03268	0.02530	0.02888	0.07323	0.03570	0.01991	0.00488	0.00447	0.00136	0.00527	0.00448	0.00256	0.00628
7	0.00837	0.01020	0.21876	0.00847	0.01134	0.00660	0.03669	0.01064	0.00895	0.07059	0.02705	0.21047	0.03711	0.09606	0.05887	0.00207	0.02385	0.01688	0.00303	0.13399
8	0.01073	0.02390	0.01434	0.12244	0.45786	0.00921	0.01083	0.04931	0.01055	0.07980	0.02571	0.05363	0.06576	0.00549	0.00452	0.00138	0.00471	0.02788	0.01573	0.00621
9	0.01257	0.00780	0.00952	0.00708	0.01072	0.00633	0.00571	0.03711	0.02597	0.26134	0.01150	0.03360	0.00866	0.00434	0.00375	0.00094	0.00345	0.00353	0.00362	0.54247
10	0.00631	0.00473	0.00710	0.00710	0.00789	0.00552	0.00552	0.00789	0.00710	0.01025	0.01183	0.01735	0.01104	0.03312	0.82728	0.00710	0.01183	0.00473	0.00237	0.00394
11	0.01401	0.03903	0.01178	0.01015	0.01266	0.39505	0.00783	0.07579	0.35580	0.01531	0.01187	0.01179	0.00917	0.00520	0.00420	0.00130	0.00573	0.00384	0.00337	0.00611
12	0.03463	0.01028	0.19204	0.00883	0.01170	0.00753	0.03292	0.01440	0.16963	0.14297	0.04315	0.25819	0.01634	0.00852	0.02669	0.00168	0.00424	0.00677	0.00377	0.00570
13	0.02474	0.00849	0.01292	0.33167	0.22538	0.02387	0.01034	0.03634	0.01032	0.16114	0.02640	0.01442	0.05776	0.00591	0.03029	0.00158	0.00520	0.00441	0.00295	0.00588
14	0.04649	0.18003	0.20053	0.01020	0.02900	0.03887	0.03447	0.18252	0.10265	0.09890	0.01054	0.02904	0.00801	0.00488	0.00403	0.00130	0.00503	0.00378	0.00319	0.00653
15	0.03339	0.00625	0.00784	0.00662	0.00880	0.00575	0.00524	0.06625	0.01253	0.32190	0.31103	0.05068	0.12974	0.00775	0.00482	0.00140	0.00297	0.00656	0.00488	0.00560
16	0.00639	0.00554	0.03270	0.14735	0.01122	0.00554	0.00617	0.00796	0.00867	0.01173	0.10025	0.32262	0.07139	0.04842	0.17495	0.00286	0.02082	0.00810	0.00329	0.00403
17	0.00973	0.09901	0.28695	0.15453	0.23423	0.01100	0.07484	0.01315	0.00945	0.01320	0.00824	0.01115	0.00661	0.00437	0.00452	0.00138	0.02639	0.02306	0.00206	0.00615
18	0.00976	0.00995	0.01512	0.01249	0.01305	0.01323	0.11022	0.01108	0.00723	0.01108	0.00620	0.00995	0.00591	0.00722	0.01331	0.00188	0.73135	0.00404	0.00197	0.00497
19	0.00610	0.00464	0.00548	0.00558	0.00658	0.00432	0.00401	0.02858	0.03336	0.01381	0.25449	0.27287	0.27551	0.05655	0.00624	0.00170	0.00251	0.00947	0.00426	0.00395
20	0.00928	0.02545	0.00807	0.00760	0.03241	0.06194	0.00552	0.09096	0.08633	0.07241	0.15007	0.26993	0.13091	0.02190	0.00524	0.00154	0.00336	0.00799	0.00414	0.00493
21	0.03971	0.00959	0.01218	0.14877	0.20956	0.07122	0.00918	0.05067	0.16365	0.08214	0.07477	0.03137	0.04224	0.00563	0.00475	0.00141	0.02911	0.00473	0.00330	0.00603
22	0.00739	0.00505	0.00612	0.00593	0.00683	0.00496	0.00415	0.03393	0.06663	0.05117	0.28712	0.19563	0.04950	0.24405	0.01003	0.00229	0.00307	0.00802	0.00406	0.00408
23	0.00834	0.00785	0.01325	0.83417	0.03042	0.00981	0.01227	0.01128	0.00883	0.01128	0.00785	0.01178	0.00589	0.00442	0.00442	0.00147	0.00589	0.00393	0.00196	0.00491
24	0.01044	0.29178	0.38604	0.04199	0.01573	0.07447	0.02577	0.03253	0.00966	0.01257	0.00848	0.01013	0.02703	0.03065	0.00436	0.00133	0.00581	0.00327	0.00206	0.00590
25	0.00824	0.02723	0.00733	0.00658	0.00792	0.04320	0.00487	0.02842	0.14804	0.04384	0.13636	0.07843	0.14286	0.17727	0.11726	0.00275	0.00456	0.00664	0.00369	0.00451
26	0.00768	0.00517	0.00598	0.00566	0.00715	0.00475	0.00423	0.00990	0.07591	0.10699	0.19551	0.12123	0.36557	0.05679	0.00608	0.00165	0.00263	0.00831	0.00437	0.00445
27	0.78434	0.03324	0.00718	0.00599	0.00868	0.01006	0.00492	0.04285	0.00802	0.01941	0.00662	0.00814	0.00535	0.03643	0.00356	0.00146	0.00354	0.00261	0.00277	0.00483
28	0.00591	0.00413	0.00504	0.00556	0.00581	0.00397	0.00357	0.00641	0.00773	0.01021	0.02087	0.40609	0.06694	0.37723	0.01300	0.00288	0.00336	0.04459	0.00348	0.00322
29	0.01283	0.07840	0.06774	0.01065	0.05701	0.07878	0.02614	0.12960	0.11488	0.13732	0.05583	0.01367	0.03840	0.00588	0.00612	0.00143	0.15138	0.00432	0.00343	0.00618

[dist]
# distance from previous block
# <min> <max>
1	8

[block]
# block no. 5 follows, 59 sequences, length 7
# corresponding to MSA columns:
# 328-334
name=unknown_F
#
# <colnr> <probs for GDERKNQSTAVLIFYWHMCP>
#	G	D	E	R	K	N	Q	S	T	A	V	L	I	F	Y	W	H	M	C	P
0	0.01238	0.00835	0.00926	0.00821	0.03358	0.05714	0.00623	0.18874	0.04000	0.19209	0.03989	0.09976	0.14031	0.04079	0.05163	0.00182	0.00435	0.01894	0.00412	0.04240
1	0.01260	0.12449	0.10149	0.09061	0.04275	0.04646	0.05054	0.30448	0.06862	0.01820	0.01007	0.01246	0.00806	0.04420	0.00530	0.00148	0.02196	0.02677	0.00315	0.00629
2	0.01173	0.24580	0.18339	0.00933	0.01310	0.03761	0.04439	0.11549	0.06772	0.08896	0.01259	0.01354	0.07088	0.03792	0.02783	0.00154	0.00515	0.00404	0.00297	0.00603
3	0.00825	0.00714	0.03988	0.00655	0.00781	0.05200	0.00488	0.10952	0.00984	0.01292	0.07018	0.12279	0.09178	0.34689	0.06031	0.00290	0.00452	0.00667	0.00327	0.03191
4	0.58817	0.00859	0.00799	0.00668	0.00965	0.00934	0.00551	0.07848	0.00989	0.22513	0.00939	0.00946	0.00657	0.00455	0.00331	0.00136	0.00362	0.00304	0.00357	0.00570
5	0.00782	0.00637	0.04467	0.00647	0.00812	0.00561	0.00520	0.09357	0.03852	0.04535	0.37525	0.15431	0.17290	0.00931	0.00509	0.00147	0.00280	0.00806	0.00443	0.00468
6	0.01524	0.04426	0.01208	0.00932	0.01222	0.12014	0.04151	0.33880	0.01509	0.18725	0.01284	0.09103	0.01020	0.00591	0.00436	0.00133	0.00475	0.00474	0.06250	0.00645

[dist]
# distance from previous block
# <min> <max>
0	1

[block]
# block no. 6 follows, 59 sequences, length 16
# corresponding to MSA columns:
# 336-351
name=unknown_G
#
# <colnr> <probs for GDERKNQSTAVLIFYWHMCP>
#	G	D	E	R	K	N	Q	S	T	A	V	L	I	F	Y	W	H	M	C	P
0	0.44500	0.00957	0.00854	0.00749	0.01018	0.04371	0.00599	0.08554	0.26631	0.04227	0.02863	0.01129	0.00884	0.00498	0.00360	0.00140	0.00373	0.00357	0.00355	0.00581
1	0.37412	0.00736	0.00709	0.00629	0.00841	0.03052	0.00497	0.04068	0.01009	0.07951	0.23951	0.03867	0.04380	0.02087	0.02912	0.00158	0.01240	0.00486	0.00365	0.03649
2	0.04359	0.01174	0.01212	0.00952	0.01278	0.05948	0.00777	0.58199	0.04815	0.08660	0.04028	0.01234	0.02601	0.00548	0.00437	0.00132	0.00467	0.00416	0.00430	0.02333
3	0.01100	0.01074	0.01811	0.07318	0.51209	0.02397	0.15223	0.04484	0.08149	0.01500	0.00931	0.01159	0.00745	0.00417	0.00453	0.00137	0.00555	0.00424	0.00247	0.00667
4	0.00665	0.00440	0.00522	0.00521	0.00552	0.00437	0.00323	0.00702	0.00721	0.03263	0.04278	0.09072	0.05966	0.61339	0.09039	0.00401	0.00462	0.00689	0.00299	0.00310
5	0.03620	0.03869	0.03689	0.04358	0.02895	0.19059	0.07774	0.16153	0.02191	0.07423	0.01142	0.04031	0.03140	0.05594	0.03054	0.00162	0.00551	0.00430	0.05345	0.05521
6	0.08805	0.25758	0.20475	0.01008	0.02462	0.06643	0.05696	0.15061	0.01127	0.02754	0.00845	0.02951	0.00698	0.03396	0.00444	0.00135	0.00536	0.00350	0.00258	0.00598
7	0.00622	0.00433	0.00558	0.00627	0.00701	0.00401	0.00461	0.00735	0.00931	0.04148	0.04784	0.50515	0.16659	0.01264	0.00559	0.00176	0.00281	0.15343	0.00416	0.00386
8	0.10882	0.05582	0.09374	0.01092	0.09269	0.12982	0.06805	0.04295	0.01010	0.01472	0.00766	0.00911	0.00617	0.00385	0.00368	0.00105	0.00495	0.00305	0.00246	0.33039
9	0.00560	0.00393	0.00506	0.00588	0.00608	0.00373	0.00381	0.00621	0.00804	0.01072	0.02219	0.67433	0.02650	0.18510	0.00911	0.00231	0.00292	0.01129	0.00381	0.00340
10	0.08633	0.14631	0.13010	0.06031	0.07116	0.04363	0.03102	0.07376	0.15333	0.04008	0.01088	0.02483	0.00893	0.00635	0.03840	0.00161	0.02269	0.04137	0.00293	0.00599
11	0.01089	0.19610	0.29013	0.01066	0.05522	0.02750	0.03581	0.06953	0.01030	0.04705	0.00813	0.00926	0.00629	0.00400	0.00375	0.00112	0.00516	0.00311	0.00241	0.20361
12	0.00744	0.00585	0.00685	0.00709	0.06044	0.02277	0.00489	0.04947	0.03369	0.03990	0.30445	0.06536	0.33220	0.03315	0.00556	0.00152	0.00279	0.00787	0.00423	0.00449
13	0.01103	0.01037	0.04323	0.07702	0.39215	0.03146	0.05796	0.06531	0.06937	0.04822	0.05886	0.02643	0.00992	0.00478	0.00460	0.00133	0.01935	0.00436	0.00283	0.06141
14	0.01087	0.07756	0.28179	0.02533	0.05155	0.05016	0.06814	0.06330	0.05139	0.08867	0.07891	0.03883	0.03000	0.00523	0.00432	0.00132	0.00514	0.00439	0.00298	0.06012
15	0.04670	0.05990	0.05943	0.05475	0.22616	0.06045	0.08600	0.03770	0.05803	0.15599	0.02657	0.04217	0.00913	0.00493	0.00450	0.00134	0.02106	0.00430	0.00308	0.03780

[dist]
# distance from previous block
# <min> <max>
1	60

[block]
# block no. 7 follows, 59 sequences, length 11
# corresponding to MSA columns:
# 414-424
name=unknown_H
#
# <colnr> <probs for GDERKNQSTAVLIFYWHMCP>
#	G	D	E	R	K	N	Q	S	T	A	V	L	I	F	Y	W	H	M	C	P
0	0.01116	0.13816	0.22035	0.03191	0.11741	0.10070	0.08291	0.06623	0.06272	0.02420	0.05149	0.01135	0.00863	0.00507	0.01781	0.00139	0.01876	0.00381	0.00256	0.02339
1	0.00635	0.00526	0.02344	0.03102	0.00785	0.00476	0.00472	0.00858	0.06552	0.01386	0.25394	0.26534	0.19334	0.04304	0.00587	0.00164	0.00273	0.02590	0.00413	0.03268
2	0.03623	0.06134	0.05969	0.00971	0.01322	0.02630	0.00835	0.50597	0.15066	0.04535	0.01137	0.01126	0.00826	0.00518	0.00425	0.00132	0.00467	0.00393	0.00404	0.02889
3	0.01157	0.29535	0.20004	0.02641	0.06336	0.01225	0.04417	0.05337	0.07916	0.08269	0.00919	0.00998	0.00708	0.00426	0.00377	0.00118	0.00499	0.00332	0.00264	0.08523
4	0.01004	0.14994	0.58880	0.01155	0.01718	0.02908	0.04085	0.01420	0.00963	0.05509	0.02923	0.00995	0.00686	0.00431	0.00405	0.00132	0.00605	0.00336	0.00215	0.00633
5	0.00958	0.09346	0.63376	0.01211	0.01792	0.01094	0.05823	0.05935	0.01012	0.01460	0.03472	0.01013	0.00697	0.00436	0.00418	0.00136	0.00618	0.00349	0.00213	0.00640
6	0.01066	0.05834	0.06304	0.04016	0.51599	0.00952	0.01133	0.01311	0.01018	0.07467	0.07256	0.07911	0.01157	0.00525	0.00445	0.00135	0.00474	0.00485	0.00275	0.00639
7	0.03042	0.06263	0.03564	0.02603	0.06737	0.00935	0.09457	0.16332	0.05347	0.24012	0.03718	0.10543	0.02258	0.00672	0.02343	0.00153	0.00461	0.00529	0.00394	0.00637
8	0.02732	0.04025	0.15970	0.05619	0.22774	0.04596	0.14614	0.05932	0.02659	0.12194	0.02426	0.01153	0.00780	0.00439	0.00440	0.00135	0.00560	0.00405	0.00279	0.02267
9	0.00682	0.00483	0.00550	0.00548	0.00631	0.00463	0.00371	0.02507	0.05215	0.03961	0.06864	0.19171	0.23374	0.31871	0.01159	0.00257	0.00323	0.00830	0.00369	0.00373
10	0.04062	0.02873	0.04634	0.03271	0.04803	0.07975	0.07127	0.18957	0.08460	0.12798	0.06677	0.05547	0.04860	0.05301	0.00551	0.00154	0.00468	0.00507	0.00373	0.00602

[dist]
# distance from previous block
# <min> <max>
0	4

[block]
# block no. 8 follows, 59 sequences, length 7
# corresponding to MSA columns:
# 429-435
name=unknown_I
#
# <colnr> <probs for GDERKNQSTAVLIFYWHMCP>
#	G	D	E	R	K	N	Q	S	T	A	V	L	I	F	Y	W	H	M	C	P
0	0.01233	0.10106	0.19434	0.04882	0.13431	0.01094	0.14137	0.07381	0.03029	0.15737	0.00999	0.01115	0.00729	0.00455	0.00479	0.00137	0.04287	0.00395	0.00287	0.00653
1	0.05486	0.00701	0.03792	0.00679	0.00852	0.02163	0.00539	0.06122	0.11666	0.06771	0.14888	0.11824	0.15356	0.11472	0.00712	0.00186	0.00339	0.05574	0.00401	0.00478
2	0.04595	0.00553	0.00662	0.00598	0.00757	0.00531	0.00460	0.04419	0.04524	0.11332	0.44711	0.05520	0.12131	0.00826	0.00482	0.00139	0.00255	0.00707	0.06321	0.00478
3	0.03014	0.21779	0.06547	0.08012	0.19001	0.06470	0.05224	0.07935	0.01054	0.07580	0.00826	0.00990	0.00658	0.00458	0.00496	0.00130	0.08611	0.00351	0.00251	0.00612
4	0.06605	0.08784	0.21733	0.03453	0.05073	0.05546	0.13323	0.20821	0.05160	0.01756	0.03024	0.01075	0.00761	0.00458	0.00424	0.00134	0.00565	0.00384	0.00285	0.00636
5	0.00733	0.00497	0.00588	0.00575	0.00682	0.00472	0.00412	0.03370	0.03453	0.07091	0.12606	0.18545	0.23609	0.19540	0.03672	0.00234	0.00333	0.02788	0.00394	0.00404
6	0.02843	0.00663	0.05375	0.05055	0.00901	0.00607	0.00538	0.07683	0.06768	0.01334	0.04025	0.25271	0.13821	0.20106	0.00896	0.00218	0.00358	0.00783	0.02328	0.00428

[dist]
# distance from previous block
# <min> <max>
4	12

[block]
# block no. 9 follows, 59 sequences, length 23
# corresponding to MSA columns:
# 449-471
name=unknown_J
#
# <colnr> <probs for GDERKNQSTAVLIFYWHMCP>
#	G	D	E	R	K	N	Q	S	T	A	V	L	I	F	Y	W	H	M	C	P
0	0.09470	0.17832	0.13501	0.01015	0.05640	0.03248	0.05245	0.06995	0.09269	0.14698	0.04373	0.04837	0.00999	0.00516	0.00404	0.00132	0.00466	0.00416	0.00326	0.00620
1	0.03996	0.07740	0.02688	0.00899	0.07246	0.04982	0.00655	0.09340	0.05229	0.04511	0.12416	0.12844	0.08058	0.10022	0.00734	0.00176	0.06999	0.00616	0.00346	0.00503
2	0.02573	0.00652	0.03880	0.00698	0.00844	0.02201	0.00542	0.04088	0.02591	0.17810	0.01660	0.18759	0.01650	0.22784	0.11348	0.00298	0.00492	0.06302	0.00366	0.00463
3	0.07324	0.16087	0.06504	0.01107	0.10896	0.07778	0.03010	0.08433	0.09831	0.06853	0.01010	0.02425	0.00823	0.01960	0.08235	0.00185	0.02447	0.00379	0.00290	0.04423
4	0.04370	0.04497	0.02383	0.01213	0.14184	0.09703	0.00849	0.21276	0.25059	0.05371	0.03469	0.01285	0.01002	0.00595	0.02656	0.00150	0.00487	0.00418	0.00366	0.00665
5	0.09503	0.03153	0.12683	0.05692	0.06191	0.00773	0.04264	0.03715	0.03374	0.01516	0.13315	0.06374	0.11291	0.00620	0.00429	0.00129	0.00397	0.00525	0.00313	0.15746
6	0.05388	0.01165	0.04632	0.02731	0.04897	0.14562	0.04280	0.20643	0.09829	0.03522	0.01218	0.08789	0.02151	0.05007	0.02143	0.00163	0.02766	0.01413	0.00334	0.04365
7	0.08021	0.08542	0.01133	0.00945	0.06659	0.12343	0.00695	0.19313	0.06257	0.06161	0.01370	0.10497	0.05996	0.05621	0.00530	0.00149	0.00452	0.00500	0.00343	0.04473
8	0.00842	0.05779	0.01031	0.02800	0.17734	0.00735	0.02321	0.05441	0.05518	0.02839	0.12801	0.15730	0.19489	0.02082	0.02735	0.00164	0.00376	0.00714	0.00358	0.00508
9	0.00751	0.00508	0.00615	0.00585	0.00715	0.00472	0.00432	0.02899	0.04992	0.07163	0.25167	0.17038	0.23057	0.03324	0.00658	0.07261	0.00270	0.00809	0.00418	0.02868
10	0.01170	0.01051	0.01396	0.03504	0.23425	0.04264	0.07746	0.11891	0.31090	0.02753	0.01312	0.02888	0.02113	0.00519	0.00449	0.00139	0.00469	0.00461	0.00346	0.03016
11	0.00811	0.00681	0.00795	0.00626	0.00926	0.00536	0.00486	0.01003	0.02573	0.01388	0.04428	0.13016	0.10429	0.00592	0.00392	0.00095	0.00301	0.00502	0.00312	0.60107
12	0.01149	0.00628	0.00751	0.00609	0.00861	0.00547	0.00482	0.01375	0.03693	0.22960	0.06179	0.03142	0.01211	0.00513	0.00372	0.00106	0.00291	0.00421	0.29479	0.25228
13	0.00568	0.00420	0.00517	0.00552	0.00632	0.00381	0.00391	0.00696	0.01005	0.01348	0.26200	0.38992	0.21825	0.01154	0.00534	0.00158	0.00233	0.01019	0.02993	0.00381
14	0.00971	0.00992	0.04364	0.44180	0.35729	0.03712	0.01282	0.01254	0.00948	0.01267	0.00801	0.01121	0.00633	0.00421	0.00438	0.00139	0.00571	0.00387	0.00206	0.00584
15	0.06134	0.01147	0.01240	0.00969	0.01297	0.01268	0.00797	0.63516	0.05373	0.08243	0.01130	0.02603	0.00822	0.00550	0.00463	0.00136	0.02746	0.00412	0.00433	0.00720
16	0.00541	0.00390	0.00507	0.00598	0.00631	0.00363	0.00399	0.00617	0.00848	0.01120	0.02525	0.75510	0.08044	0.04858	0.00632	0.00188	0.00261	0.01209	0.00404	0.00356
17	0.04628	0.00981	0.01040	0.00884	0.01107	0.10895	0.03068	0.11565	0.16865	0.15461	0.04216	0.01572	0.04248	0.05087	0.08380	0.00210	0.07018	0.00463	0.01725	0.00586
18	0.00615	0.00432	0.00525	0.00555	0.00634	0.00395	0.00385	0.00711	0.00916	0.04313	0.10539	0.37083	0.24960	0.12039	0.03629	0.00216	0.00302	0.00981	0.00398	0.00373
19	0.04687	0.01209	0.01293	0.00994	0.01344	0.01334	0.00821	0.75073	0.02005	0.05213	0.01066	0.01062	0.00752	0.00527	0.00436	0.00133	0.00478	0.00394	0.00439	0.00742
20	0.06776	0.01063	0.01644	0.01233	0.01591	0.04174	0.30523	0.15804	0.01235	0.15797	0.01091	0.01312	0.00821	0.00482	0.00487	0.00138	0.03054	0.03887	0.00334	0.08553
21	0.00722	0.00450	0.00702	0.00673	0.00721	0.00478	0.03541	0.00691	0.00647	0.00893	0.00950	0.01535	0.00918	0.04824	0.32478	0.48142	0.00703	0.00431	0.00212	0.00287
22	0.01554	0.01685	0.01198	0.01042	0.01287	0.50921	0.00800	0.23084	0.03201	0.01563	0.00873	0.01025	0.00709	0.04273	0.02815	0.00150	0.00683	0.00344	0.02226	0.00565

[dist]
# distance from previous block
# <min> <max>
0	1

[block]
# block no. 10 follows, 59 sequences, length 50
# corresponding to MSA columns:
# 473-522
name=unknown_K
#
# <colnr> <probs for GDERKNQSTAVLIFYWHMCP>
#	G	D	E	R	K	N	Q	S	T	A	V	L	I	F	Y	W	H	M	C	P
0	0.00856	0.00534	0.00689	0.00606	0.00766	0.00487	0.00467	0.03498	0.01260	0.12618	0.63919	0.02860	0.03459	0.00813	0.00498	0.00134	0.00246	0.00710	0.00481	0.05098
1	0.01011	0.06645	0.01053	0.00710	0.01087	0.00774	0.00579	0.07676	0.07457	0.01554	0.00877	0.00972	0.00712	0.00369	0.00343	0.00080	0.00352	0.00290	0.00286	0.67172
2	0.01375	0.00855	0.01197	0.00922	0.01242	0.01906	0.11727	0.12179	0.02137	0.29866	0.05584	0.05598	0.01220	0.02471	0.00489	0.00136	0.00426	0.03458	0.00407	0.16805
3	0.00936	0.04437	0.03153	0.05642	0.03249	0.07925	0.03402	0.08429	0.03260	0.02594	0.01220	0.05870	0.01250	0.41241	0.02975	0.00290	0.02871	0.00547	0.00282	0.00429
4	0.00816	0.00805	0.03573	0.14247	0.01562	0.02783	0.21742	0.01031	0.00833	0.01130	0.01021	0.01565	0.00917	0.11185	0.30382	0.02929	0.02320	0.00480	0.00227	0.00454
5	0.01030	0.00964	0.01665	0.24735	0.50817	0.01009	0.06427	0.01303	0.00982	0.03592	0.00930	0.01206	0.02515	0.00426	0.00446	0.00137	0.00546	0.00415	0.00226	0.00629
6	0.01221	0.00886	0.00961	0.00831	0.01063	0.04007	0.00648	0.24895	0.19279	0.10939	0.06402	0.20231	0.03210	0.00767	0.00473	0.00146	0.00378	0.00647	0.00438	0.02578
7	0.01134	0.01035	0.01724	0.12519	0.58479	0.03263	0.06895	0.01398	0.01018	0.06968	0.00889	0.01131	0.00707	0.00410	0.00443	0.00134	0.00546	0.00403	0.00239	0.00665
8	0.87598	0.00854	0.00649	0.00581	0.00854	0.00991	0.00478	0.01298	0.00752	0.01982	0.00615	0.00717	0.00478	0.00410	0.00273	0.00137	0.00342	0.00239	0.00273	0.00478
9	0.01069	0.40932	0.01812	0.00967	0.01147	0.01541	0.00866	0.01187	0.00782	0.01052	0.00596	0.00843	0.00574	0.00585	0.00893	0.00146	0.43981	0.00315	0.00191	0.00523
10	0.00570	0.00424	0.00552	0.00636	0.00672	0.00415	0.00434	0.00691	0.03704	0.01153	0.02423	0.76221	0.05341	0.01329	0.00584	0.00178	0.02699	0.01193	0.00405	0.00375
11	0.00703	0.00436	0.00570	0.00618	0.00676	0.00410	0.00428	0.00788	0.00874	0.08486	0.05003	0.54017	0.02541	0.15936	0.00852	0.00220	0.00306	0.06353	0.00400	0.00384
12	0.00631	0.00473	0.00710	0.00710	0.00789	0.00552	0.00552	0.00789	0.00710	0.01025	0.01183	0.01735	0.01104	0.03312	0.82728	0.00710	0.01183	0.00473	0.00237	0.00394
13	0.00538	0.00395	0.00501	0.00585	0.00630	0.00362	0.00395	0.00619	0.00867	0.01133	0.02741	0.69770	0.15513	0.02967	0.00590	0.00179	0.00254	0.01192	0.00407	0.00359
14	0.01061	0.01035	0.01778	0.01405	0.04713	0.01071	0.37326	0.09545	0.17839	0.01611	0.04362	0.03850	0.02867	0.00613	0.02822	0.00166	0.06491	0.00530	0.00311	0.00605
15	0.00916	0.00518	0.00657	0.00614	0.00759	0.00470	0.00458	0.02968	0.01099	0.19500	0.24562	0.24784	0.15309	0.04581	0.00588	0.00163	0.00278	0.00847	0.00457	0.00471
16	0.00945	0.00869	0.01577	0.01252	0.04540	0.00834	0.35145	0.02557	0.08748	0.05333	0.27687	0.02061	0.05185	0.00610	0.00506	0.00144	0.00480	0.00617	0.00357	0.00551
17	0.01124	0.00961	0.01013	0.00904	0.01158	0.01110	0.00705	0.05705	0.77526	0.01888	0.01766	0.01622	0.01322	0.00596	0.00449	0.00149	0.00355	0.00495	0.00449	0.00701
18	0.00582	0.00441	0.00531	0.00612	0.00650	0.02773	0.00411	0.00650	0.00851	0.01107	0.02419	0.70281	0.07968	0.04594	0.00663	0.03289	0.00281	0.01150	0.00391	0.00355
19	0.00886	0.02285	0.82190	0.01259	0.01912	0.01026	0.01632	0.01399	0.00932	0.01399	0.00793	0.00932	0.00559	0.00420	0.00420	0.00140	0.00653	0.00326	0.00186	0.00653
20	0.49159	0.01211	0.00924	0.00806	0.01063	0.21616	0.00644	0.09457	0.01026	0.04640	0.00716	0.00815	0.00557	0.00459	0.00396	0.00134	0.05288	0.00283	0.00284	0.00525
21	0.00932	0.06669	0.74825	0.01223	0.01849	0.01078	0.01555	0.04397	0.00974	0.01432	0.00793	0.00925	0.00567	0.00422	0.00413	0.00137	0.00637	0.00324	0.00196	0.00652
22	0.01192	0.01020	0.01013	0.00886	0.01133	0.08184	0.00693	0.13494	0.49464	0.04212	0.10881	0.01720	0.02907	0.00619	0.00453	0.00142	0.00391	0.00506	0.00435	0.00653
23	0.00617	0.00429	0.00526	0.00545	0.00571	0.00431	0.00349	0.00668	0.00730	0.00982	0.04515	0.18325	0.04573	0.50303	0.13028	0.00397	0.00486	0.01907	0.00305	0.00314
24	0.01130	0.01186	0.01370	0.01161	0.01254	0.16448	0.05358	0.06428	0.00897	0.01195	0.00679	0.01009	0.00627	0.02343	0.03151	0.00189	0.54465	0.00383	0.00220	0.00506
25	0.00545	0.00447	0.00480	0.00475	0.00611	0.00382	0.00355	0.00676	0.01055	0.01315	0.20938	0.06227	0.62803	0.01080	0.00523	0.00148	0.00221	0.00912	0.00426	0.00382
26	0.01099	0.00949	0.00999	0.00899	0.01148	0.01099	0.00699	0.02347	0.80925	0.01848	0.01798	0.01648	0.01348	0.00599	0.00449	0.00150	0.00350	0.00499	0.00449	0.00699
27	0.12859	0.00748	0.00858	0.00697	0.00966	0.00741	0.00566	0.13047	0.02491	0.37019	0.03963	0.01429	0.01074	0.00531	0.00392	0.00128	0.00341	0.00415	0.21111	0.00623
28	0.01113	0.00969	0.01148	0.00979	0.01130	0.03258	0.00794	0.16475	0.19278	0.02789	0.08477	0.01510	0.04965	0.00704	0.00860	0.00162	0.33996	0.00476	0.00342	0.00577
29	0.00930	0.00679	0.00811	0.00688	0.00899	0.00651	0.01654	0.07338	0.12736	0.06905	0.20506	0.06820	0.04817	0.10424	0.02330	0.00172	0.00343	0.00583	0.01789	0.18925
30	0.06053	0.01160	0.01230	0.01005	0.03367	0.04141	0.00799	0.54091	0.11507	0.10373	0.01176	0.01150	0.00836	0.00528	0.00433	0.00135	0.00463	0.00402	0.00431	0.00721
31	0.87598	0.00854	0.00649	0.00581	0.00854	0.00991	0.00478	0.01298	0.00752	0.01982	0.00615	0.00717	0.00478	0.00410	0.00273	0.00137	0.00342	0.00239	0.00273	0.00478
32	0.00642	0.00428	0.00482	0.00482	0.00482	0.00428	0.00268	0.00642	0.00642	0.00856	0.01392	0.02890	0.01606	0.84478	0.02248	0.00428	0.00428	0.00642	0.00268	0.00268
33	0.00637	0.00449	0.00587	0.00587	0.00624	0.00485	0.00399	0.00710	0.00674	0.00934	0.01295	0.02356	0.01374	0.46936	0.39473	0.00558	0.00777	0.00564	0.00253	0.00326
34	0.00634	0.00454	0.00574	0.00548	0.00659	0.00412	0.00409	0.00820	0.01192	0.03348	0.64030	0.07814	0.15550	0.00954	0.00522	0.00143	0.00217	0.00836	0.00472	0.00414
35	0.01652	0.02046	0.01257	0.01130	0.01366	0.77217	0.00852	0.07060	0.01307	0.01196	0.00708	0.00814	0.00581	0.00460	0.00401	0.00115	0.00776	0.00292	0.00242	0.00528
36	0.04464	0.01151	0.01622	0.10735	0.53954	0.10374	0.02818	0.06975	0.01088	0.01484	0.00818	0.01053	0.00668	0.00415	0.00429	0.00132	0.00557	0.00378	0.00235	0.00650
37	0.01528	0.01112	0.01195	0.00937	0.01248	0.01223	0.00764	0.68300	0.01897	0.02567	0.01216	0.05294	0.02236	0.01844	0.00467	0.00138	0.00450	0.00454	0.06434	0.00695
38	0.01551	0.01251	0.01249	0.01002	0.01322	0.08418	0.00810	0.56604	0.18997	0.02433	0.01186	0.01164	0.00864	0.00539	0.00440	0.00135	0.00484	0.00410	0.00425	0.00719
39	0.01476	0.04402	0.04249	0.00934	0.01233	0.14818	0.00771	0.27660	0.15205	0.14853	0.06473	0.01367	0.01111	0.02854	0.00484	0.00140	0.00483	0.00428	0.00403	0.00656
40	0.02629	0.01079	0.01003	0.00862	0.01116	0.16513	0.00678	0.14930	0.20757	0.15746	0.07071	0.01800	0.10319	0.00674	0.01617	0.00145	0.00451	0.01580	0.00415	0.00614
41	0.01154	0.01198	0.01578	0.13366	0.51455	0.16507	0.01205	0.01423	0.03643	0.01336	0.00835	0.01080	0.00689	0.00477	0.02087	0.00142	0.00592	0.00378	0.00225	0.00629
42	0.00642	0.00428	0.00482	0.00482	0.00482	0.00428	0.00268	0.00642	0.00642	0.00856	0.01392	0.02890	0.01606	0.84478	0.02248	0.00428	0.00428	0.00642	0.00268	0.00268
43	0.01314	0.61254	0.02012	0.00864	0.01199	0.24760	0.00783	0.01448	0.00998	0.01051	0.00634	0.00733	0.00567	0.00400	0.00316	0.00100	0.00564	0.00250	0.00200	0.00551
44	0.11576	0.00805	0.00907	0.02677	0.01082	0.00670	0.00546	0.03315	0.00934	0.03175	0.00791	0.00914	0.00643	0.00350	0.00329	0.00079	0.00341	0.00270	0.00272	0.70324
45	0.01512	0.04051	0.04331	0.00965	0.01292	0.07518	0.02367	0.42190	0.11153	0.12444	0.01302	0.01305	0.03602	0.02163	0.01644	0.00147	0.00491	0.00425	0.00409	0.00686
46	0.00866	0.00684	0.03085	0.07511	0.01077	0.00573	0.00579	0.03196	0.00999	0.08387	0.04492	0.12577	0.19111	0.01656	0.00466	0.00128	0.00336	0.04170	0.00349	0.29757
47	0.01038	0.00979	0.01629	0.25385	0.53941	0.01052	0.01287	0.04287	0.01002	0.01393	0.00819	0.01112	0.00667	0.00424	0.00470	0.00138	0.03129	0.00393	0.00220	0.00636
48	0.00993	0.12960	0.19255	0.00889	0.01221	0.04784	0.02780	0.06075	0.11201	0.04039	0.12893	0.04165	0.09404	0.00628	0.00456	0.00134	0.02091	0.01474	0.00327	0.04231
49	0.07497	0.06315	0.12128	0.00942	0.02112	0.26220	0.01990	0.09310	0.01145	0.02949	0.07619	0.11553	0.03311	0.04397	0.00510	0.00146	0.00536	0.00498	0.00301	0.00523

[dist]
# distance from previous block
# <min> <max>
1	21

[block]
# block no. 11 follows, 59 sequences, length 28
# corresponding to MSA columns:
# 561-588
name=unknown_L
#
# <colnr> <probs for GDERKNQSTAVLIFYWHMCP>
#	G	D	E	R	K	N	Q	S	T	A	V	L	I	F	Y	W	H	M	C	P
0	0.00981	0.00902	0.02584	0.08191	0.29119	0.00913	0.03018	0.05147	0.16005	0.01548	0.07996	0.03515	0.06958	0.00573	0.00472	0.00137	0.02124	0.01681	0.00316	0.07821
1	0.01145	0.09094	0.06086	0.04091	0.16396	0.05326	0.00867	0.18363	0.02314	0.03359	0.00992	0.01396	0.00877	0.15986	0.02998	0.00202	0.06961	0.00420	0.02560	0.00568
2	0.00801	0.00700	0.00908	0.00852	0.03170	0.05137	0.03756	0.02553	0.02082	0.01208	0.13139	0.04113	0.01535	0.14182	0.28699	0.00382	0.13542	0.00538	0.00283	0.02418
3	0.01250	0.01052	0.01032	0.00889	0.01130	0.09851	0.00695	0.32934	0.20705	0.01975	0.03461	0.15546	0.06090	0.00727	0.00466	0.00144	0.00426	0.00596	0.00414	0.00616
4	0.00544	0.00387	0.00511	0.00607	0.00631	0.00363	0.00401	0.00617	0.00833	0.01111	0.02371	0.79268	0.02841	0.06415	0.00666	0.00194	0.00267	0.01218	0.00401	0.00353
5	0.00626	0.00474	0.00627	0.00636	0.00689	0.00513	0.00459	0.00723	0.00766	0.01045	0.03343	0.18456	0.10573	0.21761	0.30284	0.00425	0.06023	0.01914	0.00302	0.00361
6	0.01233	0.42032	0.16908	0.00970	0.01375	0.10013	0.04358	0.08443	0.05860	0.03852	0.00812	0.00893	0.00650	0.00426	0.00360	0.00115	0.00543	0.00307	0.00243	0.00608
7	0.00544	0.00389	0.00517	0.00611	0.00642	0.00362	0.00410	0.00629	0.00871	0.01167	0.07347	0.79163	0.02999	0.01354	0.00561	0.00177	0.00253	0.01227	0.00415	0.00362
8	0.00565	0.00417	0.00505	0.00545	0.00623	0.00378	0.00383	0.00680	0.00967	0.01285	0.18454	0.40772	0.24732	0.03448	0.00580	0.00167	0.00241	0.01026	0.03858	0.00374
9	0.05258	0.04741	0.03764	0.02898	0.07116	0.04191	0.00819	0.37217	0.05281	0.17629	0.01222	0.01217	0.02350	0.00517	0.00422	0.00132	0.00458	0.00401	0.03681	0.00687
10	0.04937	0.01098	0.03256	0.01312	0.11993	0.05845	0.14278	0.21263	0.07014	0.09167	0.01131	0.03789	0.00901	0.01708	0.01310	0.00151	0.05196	0.02243	0.02776	0.00632
11	0.00849	0.00759	0.01007	0.02753	0.01050	0.04284	0.06496	0.07743	0.02598	0.01326	0.06321	0.36004	0.03267	0.01009	0.02105	0.00178	0.20658	0.00794	0.00336	0.00461
12	0.01679	0.01237	0.01325	0.01016	0.01370	0.01370	0.00839	0.80251	0.02077	0.02783	0.01060	0.01060	0.00751	0.00530	0.00442	0.00133	0.00486	0.00398	0.00442	0.00751
13	0.01056	0.00927	0.01387	0.03412	0.42948	0.00858	0.00981	0.01329	0.04154	0.04686	0.00887	0.01066	0.00722	0.00383	0.00396	0.00107	0.00438	0.00349	0.00257	0.33654
14	0.01157	0.01048	0.01375	0.01772	0.40096	0.12396	0.02771	0.06054	0.01094	0.07561	0.01240	0.17485	0.01187	0.00633	0.00463	0.00141	0.00499	0.02125	0.00300	0.00605
15	0.00629	0.00423	0.00486	0.00499	0.00502	0.00419	0.00286	0.00639	0.00668	0.00891	0.01526	0.13376	0.01775	0.73761	0.02031	0.00396	0.00406	0.00721	0.00286	0.00279
16	0.04140	0.05500	0.05472	0.00881	0.03264	0.08435	0.01858	0.14138	0.08274	0.09338	0.13248	0.12834	0.03749	0.04324	0.00555	0.00153	0.02317	0.00584	0.00378	0.00556
17	0.03685	0.05768	0.15022	0.03238	0.16140	0.06110	0.16518	0.16659	0.02888	0.06837	0.00931	0.01067	0.00695	0.00437	0.00435	0.00133	0.00575	0.00392	0.00284	0.02185
18	0.00999	0.01029	0.04558	0.03495	0.01406	0.01191	0.13462	0.01505	0.24646	0.01371	0.01109	0.01296	0.02955	0.00644	0.00912	0.00169	0.37952	0.00454	0.00280	0.00569
19	0.00598	0.00457	0.00553	0.03119	0.00716	0.00422	0.00418	0.02011	0.01055	0.01395	0.28557	0.22048	0.30708	0.02300	0.00549	0.00156	0.00247	0.01918	0.02380	0.00393
20	0.04411	0.04809	0.16614	0.04521	0.15833	0.03256	0.07352	0.10776	0.06993	0.10819	0.06403	0.01376	0.03865	0.00508	0.00438	0.00136	0.00502	0.00435	0.00318	0.00637
21	0.03585	0.04255	0.11675	0.08540	0.17395	0.07761	0.11936	0.13782	0.02091	0.13245	0.00983	0.01106	0.00719	0.00449	0.00436	0.00135	0.00563	0.00393	0.00299	0.00651
22	0.01090	0.01225	0.00866	0.00848	0.00974	0.40116	0.00609	0.01178	0.01026	0.01078	0.01540	0.29658	0.04671	0.11006	0.00687	0.00177	0.00539	0.01984	0.00305	0.00423
23	0.05302	0.05540	0.38979	0.06748	0.08374	0.05629	0.01190	0.02932	0.04289	0.05713	0.01043	0.01224	0.03666	0.03830	0.03560	0.00169	0.00586	0.00380	0.00245	0.00599
