[name]
unknown

[dist]
# distance from previous block
# <min> <max>
3	36

[block]
# block no. 0 follows, 58 sequences, length 8
# corresponding to MSA columns:
# 37-44
name=unknown_A
#
# <colnr> <probs for GDERKNQSTAVLIFYWHMCP>
#	G	D	E	R	K	N	Q	S	T	A	V	L	I	F	Y	W	H	M	C	P
0	0.03854	0.06412	0.00872	0.00694	0.00895	0.00759	0.00541	0.14140	0.08653	0.05174	0.09672	0.20900	0.14963	0.02424	0.00505	0.00149	0.00326	0.00722	0.02676	0.05670
1	0.00951	0.00866	0.01418	0.01107	0.01363	0.04380	0.30363	0.03629	0.04388	0.05825	0.09133	0.09138	0.12264	0.10607	0.00720	0.00183	0.00499	0.00667	0.01994	0.00507
2	0.00706	0.00471	0.00554	0.00537	0.00673	0.00415	0.00401	0.00851	0.01086	0.08574	0.25591	0.14903	0.37724	0.01030	0.00518	0.00149	0.00240	0.00885	0.04267	0.00424
3	0.05528	0.00499	0.00606	0.00595	0.00707	0.00478	0.00431	0.00939	0.02618	0.09566	0.22928	0.25281	0.10349	0.10334	0.04214	0.00209	0.00320	0.00833	0.03138	0.00427
4	0.00562	0.00419	0.00511	0.00561	0.00627	0.00381	0.00385	0.00661	0.00939	0.01228	0.14027	0.45910	0.22745	0.08048	0.00694	0.00189	0.00259	0.01073	0.00414	0.00368
5	0.00720	0.00457	0.00570	0.00587	0.00639	0.00441	0.00391	0.02700	0.00852	0.05644	0.06797	0.32210	0.04861	0.31618	0.01263	0.06199	0.00345	0.02990	0.00361	0.00356
6	0.29700	0.00636	0.00602	0.00610	0.00743	0.04108	0.00448	0.00960	0.00899	0.01544	0.12969	0.33858	0.02066	0.03494	0.00498	0.00162	0.00308	0.00751	0.05226	0.00419
7	0.00881	0.19896	0.01143	0.02887	0.05436	0.03401	0.00613	0.03225	0.00925	0.02829	0.06184	0.23724	0.06476	0.13858	0.00807	0.00190	0.06067	0.00688	0.00313	0.00457

[dist]
# distance from previous block
# <min> <max>
3	8

[block]
# block no. 1 follows, 58 sequences, length 8
# corresponding to MSA columns:
# 53-60
name=unknown_B
#
# <colnr> <probs for GDERKNQSTAVLIFYWHMCP>
#	G	D	E	R	K	N	Q	S	T	A	V	L	I	F	Y	W	H	M	C	P
0	0.00828	0.00603	0.00789	0.07223	0.01006	0.00546	0.02086	0.03177	0.00891	0.04235	0.01640	0.14324	0.12354	0.04292	0.00802	0.18951	0.00358	0.00583	0.00304	0.25007
1	0.00680	0.00542	0.00636	0.00587	0.00756	0.00477	0.00442	0.00893	0.05222	0.01436	0.23859	0.13803	0.24225	0.03623	0.00552	0.00147	0.00268	0.03990	0.00404	0.17459
2	0.04037	0.00791	0.02993	0.04789	0.01138	0.02604	0.11114	0.01049	0.04127	0.02781	0.05419	0.05071	0.03848	0.24372	0.02524	0.03506	0.15796	0.00551	0.00277	0.03216
3	0.01220	0.01061	0.01491	0.25868	0.23278	0.03882	0.02899	0.22944	0.01268	0.03541	0.00888	0.01114	0.00684	0.00488	0.00531	0.00143	0.07383	0.00399	0.00283	0.00635
4	0.00864	0.00521	0.00659	0.00638	0.00740	0.00510	0.00457	0.04853	0.04756	0.10560	0.04913	0.25144	0.10721	0.09943	0.04828	0.17984	0.00373	0.00759	0.00369	0.00407
5	0.05401	0.00798	0.01068	0.26211	0.05591	0.06451	0.00864	0.01055	0.00820	0.01143	0.00927	0.01393	0.00826	0.05538	0.29461	0.00365	0.10981	0.00422	0.00224	0.00462
6	0.02783	0.00847	0.02771	0.07895	0.05167	0.07301	0.04989	0.02614	0.06759	0.01263	0.04150	0.06176	0.05064	0.01621	0.29600	0.00353	0.09365	0.00517	0.00276	0.00487
7	0.02292	0.02349	0.02733	0.10578	0.07588	0.02765	0.05286	0.03124	0.14617	0.07224	0.03801	0.07039	0.08744	0.05379	0.04786	0.07556	0.02736	0.00554	0.00327	0.00522

[dist]
# distance from previous block
# <min> <max>
10	36

[block]
# block no. 2 follows, 58 sequences, length 34
# corresponding to MSA columns:
# 97-130
name=unknown_C
#
# <colnr> <probs for GDERKNQSTAVLIFYWHMCP>
#	G	D	E	R	K	N	Q	S	T	A	V	L	I	F	Y	W	H	M	C	P
0	0.01042	0.06565	0.05518	0.18478	0.11426	0.08302	0.08035	0.03382	0.04741	0.05559	0.06976	0.04572	0.04285	0.00757	0.06271	0.00182	0.02588	0.00484	0.00284	0.00556
1	0.00789	0.00656	0.01869	0.19290	0.07156	0.02338	0.00710	0.03677	0.02608	0.03077	0.10283	0.27402	0.06287	0.06767	0.03316	0.00193	0.00419	0.00764	0.01942	0.00458
2	0.04959	0.03907	0.03955	0.04335	0.03767	0.03339	0.00639	0.05164	0.00931	0.05352	0.02799	0.14694	0.09366	0.11394	0.16803	0.00298	0.05077	0.02448	0.00316	0.00459
3	0.01038	0.00876	0.01254	0.25172	0.18210	0.04837	0.03433	0.05842	0.01950	0.05661	0.00978	0.01375	0.00822	0.09124	0.03610	0.04902	0.02077	0.00422	0.03097	0.05320
4	0.00911	0.03533	0.03601	0.00664	0.00802	0.00547	0.00524	0.00983	0.02519	0.12638	0.05254	0.06148	0.10305	0.04150	0.12228	0.28633	0.00479	0.03502	0.00319	0.02258
5	0.00934	0.00747	0.01170	0.04481	0.36134	0.00740	0.00886	0.02224	0.00970	0.07046	0.01594	0.26677	0.04161	0.05416	0.03224	0.00186	0.00444	0.02097	0.00320	0.00551
6	0.17731	0.01000	0.00877	0.08716	0.01135	0.19306	0.00628	0.05087	0.00942	0.02391	0.01010	0.04295	0.00962	0.19000	0.11880	0.00275	0.00613	0.00435	0.00269	0.03450
7	0.00809	0.00477	0.00709	0.04505	0.00789	0.00524	0.00503	0.00725	0.00646	0.03205	0.00865	0.01416	0.00829	0.03333	0.13145	0.59789	0.06831	0.00409	0.00213	0.00278
8	0.00944	0.00587	0.00718	0.00683	0.00832	0.00572	0.00513	0.07973	0.07026	0.14245	0.12012	0.33378	0.10330	0.02501	0.00549	0.00164	0.00305	0.03820	0.02351	0.00497
9	0.00614	0.00454	0.00573	0.00548	0.00658	0.00413	0.00409	0.00806	0.01216	0.01684	0.67103	0.06078	0.15854	0.00963	0.00529	0.00144	0.00215	0.00844	0.00478	0.00413
10	0.00924	0.00789	0.00919	0.00668	0.01050	0.00608	0.00533	0.01160	0.03753	0.01484	0.03674	0.01039	0.00813	0.00362	0.00343	0.00072	0.00328	0.00293	0.00280	0.80911
11	0.07438	0.00564	0.00640	0.00598	0.00758	0.00543	0.00453	0.04829	0.03907	0.10799	0.20125	0.16124	0.22749	0.02818	0.00528	0.00154	0.00276	0.00778	0.05450	0.00468
12	0.13961	0.00503	0.00535	0.00541	0.00605	0.00514	0.00354	0.00783	0.00744	0.02429	0.01659	0.15262	0.05854	0.49589	0.01519	0.00321	0.00381	0.03797	0.00312	0.00337
13	0.00639	0.00479	0.00719	0.00719	0.00799	0.00559	0.00559	0.00799	0.00719	0.01038	0.01198	0.01757	0.01118	0.03355	0.82507	0.00719	0.01198	0.00479	0.00240	0.00399
14	0.00879	0.00523	0.00641	0.00628	0.00750	0.00500	0.00458	0.02704	0.06256	0.13618	0.10267	0.32876	0.08401	0.08448	0.00662	0.00181	0.00295	0.02279	0.09174	0.00460
15	0.13475	0.00847	0.00926	0.00773	0.01036	0.00891	0.00622	0.21718	0.12131	0.17818	0.11319	0.01868	0.07402	0.02177	0.00475	0.00147	0.00366	0.02570	0.02822	0.00617
16	0.00588	0.00451	0.00536	0.00559	0.00653	0.00414	0.00399	0.00754	0.03998	0.01354	0.23962	0.31358	0.28107	0.04031	0.00601	0.00169	0.00246	0.00995	0.00432	0.00393
17	0.00681	0.00536	0.00642	0.00640	0.00726	0.03599	0.00470	0.00854	0.03687	0.01266	0.21769	0.10966	0.08051	0.15264	0.25341	0.00368	0.00584	0.03806	0.00353	0.00395
18	0.05626	0.00709	0.00773	0.00716	0.00893	0.00755	0.00543	0.11907	0.22768	0.03417	0.04715	0.20631	0.14294	0.02417	0.00563	0.03618	0.00323	0.00723	0.04084	0.00524
19	0.08529	0.00608	0.00712	0.01975	0.03933	0.03851	0.00516	0.00940	0.03869	0.01259	0.11759	0.04829	0.04138	0.19856	0.29279	0.00405	0.00663	0.00567	0.01902	0.00411
20	0.00788	0.00506	0.03386	0.00556	0.00676	0.00448	0.00447	0.00978	0.00968	0.04339	0.06375	0.17191	0.05028	0.00811	0.00426	0.00137	0.00265	0.09888	0.46360	0.00426
21	0.03565	0.00637	0.05233	0.00638	0.00780	0.00560	0.00499	0.03909	0.08283	0.02441	0.19742	0.20306	0.15596	0.14844	0.00804	0.00201	0.00317	0.00811	0.00397	0.00436
22	0.00976	0.00804	0.03010	0.02567	0.08628	0.02602	0.08836	0.03880	0.02713	0.09839	0.04490	0.07078	0.07838	0.11132	0.14009	0.00278	0.09925	0.00574	0.00314	0.00509
23	0.00786	0.00684	0.02233	0.00857	0.01005	0.04196	0.13408	0.00972	0.03045	0.04064	0.08856	0.35932	0.05957	0.07063	0.03868	0.00202	0.01804	0.00863	0.03761	0.00442
24	0.00674	0.00450	0.00555	0.00551	0.00579	0.00465	0.00351	0.00719	0.00696	0.02616	0.02992	0.04279	0.01579	0.60780	0.20418	0.00481	0.00598	0.00623	0.00277	0.00315
25	0.00651	0.00473	0.00605	0.02427	0.00676	0.00507	0.00415	0.00713	0.00715	0.00970	0.01586	0.09837	0.06517	0.44340	0.22210	0.02005	0.04085	0.00660	0.00279	0.00331
26	0.01184	0.05582	0.04229	0.05835	0.20940	0.08408	0.07362	0.12099	0.07707	0.06174	0.06964	0.04458	0.04863	0.00568	0.00457	0.00138	0.00503	0.01584	0.00325	0.00620
27	0.02800	0.16856	0.03300	0.07287	0.24027	0.05791	0.00958	0.03553	0.04283	0.01349	0.03910	0.01180	0.00860	0.00690	0.05714	0.01541	0.09859	0.00383	0.05085	0.00573
28	0.00851	0.00617	0.00720	0.00668	0.00829	0.00630	0.00508	0.03140	0.22220	0.06246	0.34845	0.11017	0.10928	0.00861	0.00499	0.00147	0.00272	0.00745	0.03744	0.00514
29	0.00824	0.00873	0.12642	0.02016	0.05004	0.04007	0.00739	0.00987	0.00840	0.04812	0.02871	0.11435	0.05421	0.11933	0.22490	0.05196	0.06606	0.00576	0.00277	0.00450
30	0.05197	0.02022	0.01014	0.04808	0.03963	0.03386	0.01458	0.06098	0.06292	0.02537	0.02320	0.04289	0.00899	0.03990	0.01662	0.00123	0.02228	0.00374	0.00294	0.47046
31	0.00898	0.00880	0.10404	0.04098	0.05386	0.02200	0.04850	0.03048	0.09230	0.06814	0.07483	0.14685	0.07972	0.04931	0.05125	0.00201	0.00465	0.09310	0.00358	0.01664
32	0.00607	0.00471	0.00586	0.00644	0.03324	0.00435	0.00452	0.02040	0.01018	0.01330	0.17446	0.30014	0.30136	0.01237	0.03656	0.00183	0.00296	0.05309	0.00417	0.00401
33	0.04227	0.04941	0.06324	0.11250	0.04411	0.06238	0.04833	0.06330	0.06040	0.05172	0.02367	0.08148	0.03755	0.02250	0.05422	0.02103	0.01516	0.00475	0.00297	0.13900

[dist]
# distance from previous block
# <min> <max>
5	18

[block]
# block no. 3 follows, 58 sequences, length 6
# corresponding to MSA columns:
# 149-154
name=unknown_D
#
# <colnr> <probs for GDERKNQSTAVLIFYWHMCP>
#	G	D	E	R	K	N	Q	S	T	A	V	L	I	F	Y	W	H	M	C	P
0	0.00741	0.02341	0.00702	0.00643	0.00757	0.00530	0.02439	0.03149	0.04249	0.04041	0.11907	0.23013	0.13490	0.10504	0.09332	0.05549	0.00406	0.00787	0.03056	0.02368
1	0.00702	0.00540	0.00649	0.00609	0.00761	0.00507	0.02468	0.04141	0.01062	0.05106	0.09490	0.10570	0.49806	0.01123	0.02924	0.00173	0.03607	0.04927	0.00410	0.00427
2	0.02883	0.00775	0.00861	0.00701	0.00981	0.03888	0.00546	0.03195	0.08282	0.07601	0.04404	0.07222	0.05766	0.04005	0.06693	0.00164	0.00414	0.00466	0.00334	0.40820
3	0.02877	0.00590	0.00690	0.00627	0.00792	0.00557	0.00469	0.05892	0.04801	0.10460	0.14215	0.13217	0.17781	0.14044	0.00774	0.00190	0.00319	0.03738	0.00408	0.07558
4	0.01105	0.00743	0.00856	0.00756	0.00965	0.00757	0.00589	0.18832	0.11981	0.12460	0.05790	0.16594	0.12819	0.05403	0.00593	0.00167	0.00355	0.05752	0.00438	0.03045
5	0.00673	0.00474	0.00575	0.00600	0.00710	0.00440	0.00446	0.00828	0.03509	0.05943	0.06852	0.29763	0.30284	0.04079	0.04457	0.00202	0.00321	0.09022	0.00415	0.00409

[dist]
# distance from previous block
# <min> <max>
0	1

[block]
# block no. 4 follows, 58 sequences, length 21
# corresponding to MSA columns:
# 156-176
name=unknown_E
#
# <colnr> <probs for GDERKNQSTAVLIFYWHMCP>
#	G	D	E	R	K	N	Q	S	T	A	V	L	I	F	Y	W	H	M	C	P
0	0.03144	0.00611	0.00742	0.00658	0.00847	0.00571	0.00504	0.05717	0.03503	0.23781	0.11834	0.14155	0.15850	0.09968	0.00688	0.00180	0.00326	0.03353	0.00442	0.03124
1	0.01110	0.00712	0.00857	0.00761	0.00955	0.02644	0.02796	0.11161	0.08220	0.18033	0.03582	0.29606	0.06904	0.04000	0.00558	0.00162	0.00353	0.00764	0.03430	0.03391
2	0.00964	0.00895	0.00858	0.00742	0.00979	0.12389	0.00567	0.05188	0.11518	0.01509	0.13034	0.12366	0.10101	0.00702	0.00443	0.00122	0.00373	0.00586	0.00362	0.26301
3	0.00782	0.00559	0.00680	0.00648	0.00775	0.02482	0.00474	0.02731	0.00912	0.06660	0.06958	0.23479	0.08210	0.12811	0.19609	0.00316	0.00528	0.00734	0.00349	0.10303
4	0.08140	0.00569	0.00672	0.00621	0.00773	0.00553	0.00466	0.05645	0.01094	0.13652	0.23221	0.17155	0.11529	0.07934	0.03503	0.00192	0.00328	0.00747	0.02737	0.00469
5	0.01274	0.02511	0.00996	0.00822	0.01052	0.00930	0.00639	0.26958	0.17149	0.13390	0.01556	0.12829	0.01365	0.13222	0.03058	0.00205	0.00428	0.00584	0.00423	0.00609
6	0.39318	0.00765	0.00712	0.00655	0.00853	0.00862	0.00498	0.02760	0.20020	0.01715	0.05523	0.06376	0.01259	0.16097	0.00724	0.00199	0.00354	0.00475	0.00341	0.00493
7	0.00740	0.00493	0.00591	0.00574	0.00692	0.00462	0.00418	0.02242	0.03193	0.07836	0.17301	0.17082	0.25935	0.10927	0.05593	0.01873	0.00334	0.00829	0.02467	0.00416
8	0.02246	0.00469	0.00629	0.00666	0.00751	0.00441	0.02051	0.00829	0.00921	0.08192	0.03862	0.52899	0.08337	0.04902	0.02275	0.00198	0.00321	0.09190	0.00412	0.00409
9	0.03447	0.00808	0.00932	0.00781	0.01042	0.00836	0.00623	0.11988	0.24557	0.27518	0.08265	0.03027	0.01419	0.00604	0.00437	0.00138	0.00347	0.00494	0.12079	0.00658
10	0.00897	0.00638	0.00772	0.00739	0.00900	0.00663	0.00597	0.02336	0.17381	0.08820	0.13730	0.05393	0.16386	0.00930	0.00573	0.00164	0.04807	0.20729	0.03039	0.00507
11	0.00733	0.00503	0.00607	0.02234	0.00698	0.00511	0.00408	0.00913	0.08001	0.04067	0.12930	0.09271	0.07061	0.37242	0.07715	0.03209	0.00422	0.00689	0.02406	0.00379
12	0.01150	0.00858	0.01015	0.00980	0.09183	0.00899	0.00696	0.22542	0.17870	0.07810	0.16471	0.02187	0.15001	0.00707	0.00477	0.00142	0.00364	0.00592	0.00437	0.00619
13	0.03605	0.26122	0.03651	0.08979	0.22760	0.09805	0.00987	0.10996	0.01120	0.01447	0.00845	0.01001	0.02166	0.00434	0.00385	0.00119	0.00529	0.00338	0.00245	0.04465
14	0.01010	0.00775	0.00926	0.00678	0.01053	0.00600	0.00543	0.01204	0.00948	0.08692	0.00904	0.01026	0.00727	0.00515	0.04776	0.00108	0.00383	0.00293	0.00290	0.74549
15	0.37248	0.04094	0.10300	0.02917	0.11610	0.02504	0.02172	0.01308	0.04094	0.03243	0.02965	0.05317	0.03646	0.00597	0.02354	0.00155	0.02111	0.01391	0.00282	0.01692
16	0.04522	0.05449	0.05715	0.05573	0.06376	0.06892	0.03300	0.10907	0.16914	0.01615	0.09546	0.01686	0.05357	0.05286	0.06145	0.00193	0.01553	0.00484	0.00336	0.02152
17	0.01072	0.00836	0.00878	0.00761	0.00977	0.05194	0.00597	0.21743	0.09358	0.05557	0.13146	0.09565	0.19387	0.00810	0.00504	0.00144	0.02079	0.01922	0.01871	0.03597
18	0.03508	0.00987	0.01153	0.11798	0.11914	0.09009	0.02683	0.07137	0.23888	0.01531	0.01466	0.08891	0.05253	0.02717	0.03267	0.00173	0.03179	0.00532	0.00333	0.00581
19	0.08211	0.10150	0.05152	0.01141	0.12242	0.09311	0.02135	0.07336	0.08849	0.13372	0.01151	0.03568	0.01964	0.00566	0.01695	0.00140	0.03249	0.01906	0.00325	0.07537
20	0.06431	0.00955	0.03897	0.05926	0.05002	0.03803	0.04993	0.18719	0.02775	0.09695	0.01209	0.05482	0.02934	0.02553	0.08400	0.02524	0.07308	0.00465	0.04268	0.02659

[dist]
# distance from previous block
# <min> <max>
1	14

[block]
# block no. 5 follows, 58 sequences, length 11
# corresponding to MSA columns:
# 196-206
name=unknown_F
#
# <colnr> <probs for GDERKNQSTAVLIFYWHMCP>
#	G	D	E	R	K	N	Q	S	T	A	V	L	I	F	Y	W	H	M	C	P
0	0.00976	0.03026	0.08826	0.12134	0.12418	0.00846	0.10931	0.02612	0.02288	0.07386	0.03981	0.10554	0.05786	0.02145	0.00519	0.00145	0.02836	0.00545	0.03823	0.08225
1	0.00720	0.03163	0.04662	0.00644	0.00737	0.03439	0.00484	0.00804	0.00736	0.00991	0.01317	0.05520	0.02863	0.38023	0.26479	0.04967	0.00677	0.00563	0.00258	0.02952
2	0.02849	0.02698	0.07528	0.12613	0.09557	0.00862	0.05463	0.02684	0.03070	0.09507	0.02947	0.02704	0.00838	0.00459	0.00462	0.00119	0.04823	0.00383	0.00284	0.30150
3	0.00909	0.04798	0.00892	0.00740	0.00889	0.08892	0.00567	0.04377	0.00874	0.02732	0.01089	0.01654	0.01034	0.18319	0.30171	0.00393	0.05527	0.00443	0.03787	0.11912
4	0.01333	0.60814	0.02034	0.00877	0.01216	0.25014	0.00794	0.01468	0.01012	0.01065	0.00642	0.00743	0.00575	0.00405	0.00321	0.00101	0.00573	0.00253	0.00203	0.00558
5	0.18339	0.05675	0.10875	0.05423	0.04147	0.23764	0.11586	0.03372	0.01016	0.01409	0.00791	0.00996	0.00639	0.00742	0.09219	0.00194	0.00688	0.00347	0.00237	0.00541
6	0.00593	0.00424	0.00520	0.00574	0.00653	0.00380	0.00401	0.00691	0.00938	0.03913	0.06446	0.53260	0.27035	0.01269	0.00552	0.00169	0.00251	0.01123	0.00423	0.00384
7	0.00545	0.00442	0.00486	0.00517	0.00635	0.00383	0.00382	0.00655	0.00981	0.01201	0.03903	0.23360	0.57692	0.01203	0.00544	0.00162	0.00246	0.05872	0.00415	0.00376
8	0.00648	0.00443	0.00537	0.00537	0.00554	0.00460	0.00332	0.00682	0.00665	0.00904	0.01365	0.02679	0.01519	0.67130	0.19279	0.00494	0.00596	0.00614	0.00264	0.00298
9	0.00758	0.00600	0.00778	0.00725	0.00768	0.00699	0.00532	0.02933	0.00741	0.01047	0.01226	0.05127	0.01318	0.38429	0.18002	0.00401	0.19129	0.03310	0.00263	0.03215
10	0.04027	0.16691	0.11181	0.05378	0.03771	0.03256	0.04046	0.06318	0.01034	0.06800	0.00843	0.00960	0.00660	0.00397	0.00367	0.00104	0.00463	0.00311	0.00266	0.33126

[dist]
# distance from previous block
# <min> <max>
0	15

[block]
# block no. 6 follows, 58 sequences, length 69
# corresponding to MSA columns:
# 226-294
name=unknown_G
#
# <colnr> <probs for GDERKNQSTAVLIFYWHMCP>
#	G	D	E	R	K	N	Q	S	T	A	V	L	I	F	Y	W	H	M	C	P
0	0.01025	0.00920	0.01030	0.06299	0.09843	0.10322	0.01835	0.06011	0.13918	0.04271	0.16868	0.05339	0.10473	0.00688	0.00486	0.00138	0.01949	0.01546	0.00369	0.06669
1	0.00938	0.06345	0.17571	0.03864	0.06268	0.04545	0.02039	0.05315	0.11352	0.01476	0.12175	0.05972	0.04716	0.04379	0.05633	0.00189	0.02747	0.01597	0.00315	0.02563
2	0.00834	0.00417	0.00417	0.00417	0.00521	0.00417	0.00313	0.01042	0.00938	0.01668	0.01459	0.01668	0.01147	0.00521	0.00313	0.00104	0.00208	0.00417	0.86763	0.00417
3	0.01201	0.01017	0.01373	0.34774	0.06752	0.04071	0.04305	0.26656	0.01313	0.03676	0.00961	0.03937	0.00753	0.00515	0.00490	0.00142	0.03847	0.00427	0.00301	0.03487
4	0.01202	0.01005	0.01062	0.00928	0.01197	0.01155	0.00730	0.14214	0.68697	0.02016	0.01707	0.01578	0.01273	0.00596	0.00454	0.00149	0.00375	0.00490	0.00454	0.00716
5	0.00834	0.00417	0.00417	0.00417	0.00521	0.00417	0.00313	0.01042	0.00938	0.01668	0.01459	0.01668	0.01147	0.00521	0.00313	0.00104	0.00208	0.00417	0.86763	0.00417
6	0.06296	0.02324	0.02493	0.14784	0.29036	0.09355	0.07278	0.03981	0.00982	0.01368	0.00794	0.02369	0.00673	0.00503	0.00624	0.00147	0.15778	0.00398	0.00228	0.00587
7	0.00736	0.00547	0.00697	0.00749	0.05471	0.00526	0.01951	0.02159	0.07797	0.05010	0.04859	0.32467	0.22518	0.10041	0.00737	0.01684	0.00313	0.00910	0.00394	0.00435
8	0.00905	0.00912	0.08172	0.00907	0.05279	0.03625	0.04991	0.02197	0.08879	0.03484	0.15927	0.06089	0.07921	0.03512	0.01803	0.00144	0.01450	0.00545	0.00341	0.22920
9	0.01091	0.01046	0.01786	0.07730	0.76631	0.01059	0.01365	0.01359	0.01011	0.01442	0.00839	0.01112	0.00702	0.00402	0.00443	0.00134	0.00535	0.00399	0.00220	0.00695
10	0.00845	0.00687	0.00820	0.00646	0.00942	0.00555	0.00506	0.01032	0.02030	0.02542	0.06113	0.04540	0.07881	0.02096	0.07122	0.02221	0.00389	0.01955	0.00303	0.56777
11	0.01850	0.00783	0.01033	0.00786	0.01139	0.00674	0.00647	0.04678	0.01260	0.68189	0.01609	0.01426	0.01035	0.00523	0.00434	0.00128	0.00378	0.00423	0.00511	0.12495
12	0.00845	0.00795	0.01342	0.83204	0.03081	0.00994	0.01242	0.01143	0.00894	0.01143	0.00795	0.01193	0.00596	0.00447	0.00447	0.00149	0.00596	0.00398	0.00199	0.00497
13	0.01683	0.01244	0.01332	0.01026	0.01380	0.01379	0.00846	0.77654	0.04475	0.02791	0.01097	0.01092	0.00779	0.00539	0.00448	0.00135	0.00488	0.00406	0.00448	0.00759
14	0.01081	0.01036	0.01768	0.10910	0.73532	0.01056	0.01360	0.01350	0.01006	0.01429	0.00837	0.01116	0.00697	0.00404	0.00443	0.00135	0.00538	0.00398	0.00219	0.00687
15	0.00979	0.00979	0.01370	0.01174	0.01174	0.01370	0.00979	0.01077	0.00685	0.01077	0.00587	0.00979	0.00587	0.00783	0.01468	0.00196	0.83461	0.00391	0.00196	0.00489
16	0.00849	0.04046	0.00500	0.00432	0.00548	0.00475	0.00332	0.01055	0.00937	0.01641	0.01423	0.01627	0.01122	0.00515	0.00312	0.00104	0.00220	0.00409	0.83028	0.00424
17	0.01585	0.01217	0.02728	0.07900	0.03075	0.06816	0.00873	0.52625	0.03226	0.10065	0.01083	0.01112	0.00770	0.00513	0.00439	0.00132	0.00506	0.00393	0.00405	0.04535
18	0.00806	0.00699	0.00746	0.00730	0.03696	0.05290	0.00530	0.06322	0.10042	0.01483	0.18626	0.05427	0.31798	0.04606	0.04217	0.00185	0.03198	0.00732	0.00399	0.00469
19	0.00846	0.00440	0.00443	0.00438	0.00549	0.00447	0.00330	0.01100	0.04378	0.01676	0.01475	0.01668	0.01156	0.00525	0.00319	0.00106	0.00215	0.00421	0.83039	0.00429
20	0.21205	0.15067	0.04090	0.05536	0.06025	0.36530	0.02970	0.01524	0.01042	0.01342	0.00688	0.00828	0.00566	0.00430	0.00364	0.00122	0.00614	0.00290	0.00231	0.00537
21	0.05120	0.01086	0.04056	0.16803	0.15659	0.05838	0.16460	0.05354	0.04835	0.03096	0.02353	0.01179	0.00764	0.00495	0.00588	0.00148	0.11885	0.00421	0.03277	0.00584
22	0.00834	0.00417	0.00417	0.00417	0.00521	0.00417	0.00313	0.01042	0.00938	0.01668	0.01459	0.01668	0.01147	0.00521	0.00313	0.00104	0.00208	0.00417	0.86763	0.00417
23	0.00668	0.00504	0.00597	0.00573	0.00701	0.00482	0.00431	0.00911	0.07494	0.03032	0.33524	0.03368	0.28994	0.07066	0.07585	0.00216	0.00335	0.02666	0.00426	0.00424
24	0.03126	0.00570	0.00790	0.00750	0.00889	0.00541	0.05775	0.05010	0.00995	0.06687	0.05445	0.46406	0.04971	0.01165	0.03529	0.00184	0.00361	0.06275	0.00397	0.06134
25	0.06116	0.00515	0.00692	0.02713	0.07069	0.00510	0.00547	0.00842	0.00952	0.02520	0.16104	0.41677	0.02613	0.02600	0.03339	0.00190	0.00335	0.08078	0.02164	0.00422
26	0.01094	0.00730	0.04968	0.00785	0.00971	0.01949	0.04615	0.03249	0.00965	0.22454	0.05363	0.04823	0.01407	0.21928	0.16379	0.00326	0.03246	0.02356	0.01893	0.00501
27	0.01196	0.84548	0.02344	0.00765	0.01148	0.01770	0.00765	0.01339	0.00909	0.01052	0.00622	0.00718	0.00574	0.00383	0.00287	0.00096	0.00478	0.00239	0.00191	0.00574
28	0.00979	0.00979	0.01370	0.01174	0.01174	0.01370	0.00979	0.01077	0.00685	0.01077	0.00587	0.00979	0.00587	0.00783	0.01468	0.00196	0.83461	0.00391	0.00196	0.00489
29	0.00952	0.00940	0.01320	0.01139	0.01145	0.01308	0.00946	0.01055	0.00688	0.01074	0.00634	0.01039	0.00628	0.00981	0.07715	0.00236	0.77120	0.00398	0.00199	0.00482
30	0.00834	0.00417	0.00417	0.00417	0.00521	0.00417	0.00313	0.01042	0.00938	0.01668	0.01459	0.01668	0.01147	0.00521	0.00313	0.00104	0.00208	0.00417	0.86763	0.00417
31	0.00616	0.00465	0.00543	0.00529	0.00661	0.00406	0.00393	0.00763	0.01088	0.03288	0.31123	0.14289	0.39105	0.01050	0.00525	0.00148	0.00233	0.00904	0.00440	0.03430
32	0.00771	0.00391	0.00578	0.00578	0.00578	0.00391	0.00383	0.00586	0.00586	0.00781	0.00806	0.01430	0.00815	0.05283	0.01772	0.83084	0.00391	0.00400	0.00198	0.00198
33	0.00759	0.00475	0.00591	0.00579	0.00701	0.00425	0.00424	0.00894	0.01066	0.11716	0.25994	0.26235	0.23212	0.04106	0.00594	0.00165	0.00259	0.00923	0.00450	0.00432
34	0.01671	0.02132	0.01268	0.01152	0.01383	0.82483	0.00864	0.01786	0.01268	0.01095	0.00691	0.00807	0.00576	0.00461	0.00403	0.00115	0.00807	0.00288	0.00230	0.00519
35	0.01614	0.01951	0.01208	0.01099	0.01326	0.72529	0.00830	0.01764	0.03146	0.03963	0.00829	0.00998	0.00688	0.00491	0.00409	0.00119	0.00749	0.02414	0.03349	0.00525
36	0.00869	0.05766	0.00565	0.00460	0.00589	0.00533	0.00358	0.01119	0.04376	0.01638	0.01422	0.01608	0.01120	0.00516	0.00317	0.00106	0.00232	0.00410	0.77559	0.00439
37	0.00574	0.00455	0.00517	0.00501	0.00632	0.00397	0.00376	0.00730	0.01128	0.01465	0.38125	0.03883	0.47554	0.01037	0.00528	0.00147	0.00220	0.00885	0.00449	0.00397
38	0.82395	0.00877	0.00691	0.00609	0.00890	0.01009	0.00502	0.04151	0.00821	0.03881	0.00665	0.00757	0.00509	0.00423	0.00287	0.00138	0.00352	0.00253	0.00289	0.00501
39	0.00802	0.03672	0.02532	0.08227	0.09103	0.00723	0.07679	0.00983	0.00867	0.03465	0.01423	0.19234	0.01448	0.02669	0.24446	0.02563	0.02914	0.06497	0.00288	0.00466
40	0.44060	0.02113	0.00898	0.03200	0.03926	0.09055	0.02756	0.04045	0.00872	0.01619	0.00816	0.01055	0.00686	0.01187	0.21697	0.00287	0.00646	0.00332	0.00262	0.00489
41	0.01647	0.02081	0.01256	0.01142	0.01373	0.78926	0.00857	0.01812	0.04740	0.01129	0.00741	0.00844	0.00611	0.00467	0.00406	0.00117	0.00787	0.00298	0.00240	0.00527
42	0.00655	0.00500	0.00764	0.00738	0.00823	0.00567	0.03305	0.00807	0.00724	0.01036	0.01208	0.01849	0.01151	0.10925	0.72032	0.00672	0.01110	0.00497	0.00242	0.00394
43	0.00903	0.00936	0.05407	0.30963	0.19533	0.00931	0.15057	0.01198	0.02202	0.01303	0.04027	0.06410	0.02192	0.04899	0.00570	0.00163	0.00558	0.01954	0.00247	0.00547
44	0.00709	0.00450	0.00674	0.00658	0.00702	0.00480	0.02330	0.00699	0.00662	0.00916	0.01057	0.03208	0.01054	0.12115	0.34419	0.38140	0.00728	0.00476	0.00227	0.00299
45	0.00651	0.00434	0.00488	0.00488	0.00488	0.00434	0.00271	0.00651	0.00651	0.00867	0.01409	0.02927	0.01626	0.84279	0.02277	0.00434	0.00434	0.00651	0.00271	0.00271
46	0.00635	0.03465	0.00679	0.00648	0.00732	0.00521	0.00490	0.00763	0.00832	0.01122	0.05814	0.18056	0.11478	0.10289	0.35846	0.00430	0.00692	0.06799	0.00321	0.00386
47	0.11382	0.00660	0.00724	0.00694	0.00845	0.03389	0.00521	0.08471	0.02083	0.10747	0.03791	0.33005	0.05712	0.05596	0.00635	0.03283	0.00348	0.05876	0.00395	0.01842
48	0.00648	0.00434	0.00504	0.00508	0.00514	0.00438	0.00295	0.00657	0.00661	0.00886	0.01424	0.05732	0.01629	0.75057	0.07006	0.01922	0.00472	0.00658	0.00273	0.00281
49	0.00557	0.00393	0.00516	0.00610	0.00644	0.00367	0.00410	0.00643	0.00873	0.01177	0.04308	0.77413	0.04716	0.01353	0.00560	0.00177	0.00256	0.01224	0.03437	0.00367
50	0.02641	0.00454	0.00552	0.00557	0.00647	0.00423	0.00395	0.00799	0.01015	0.04462	0.30202	0.25251	0.14498	0.11810	0.00748	0.00190	0.00265	0.00893	0.03804	0.00394
51	0.07214	0.06382	0.01159	0.00857	0.01162	0.01066	0.00711	0.38617	0.02808	0.19072	0.04650	0.03634	0.01118	0.00592	0.00433	0.00136	0.00418	0.03866	0.05434	0.00670
52	0.01553	0.01935	0.01207	0.01102	0.01319	0.71232	0.00831	0.01718	0.04625	0.01137	0.00940	0.02413	0.03737	0.00529	0.00442	0.00123	0.02723	0.01667	0.00252	0.00516
53	0.03696	0.03414	0.00655	0.00577	0.00726	0.00579	0.00441	0.05013	0.08071	0.01588	0.21537	0.12124	0.22336	0.00872	0.00466	0.00140	0.00261	0.00738	0.16312	0.00453
54	0.00903	0.00785	0.00711	0.00695	0.00803	0.15383	0.00493	0.02153	0.05729	0.04198	0.04614	0.23049	0.12669	0.13738	0.00910	0.10030	0.00407	0.00736	0.01591	0.00404
55	0.03897	0.02634	0.00734	0.00686	0.00829	0.00638	0.00534	0.09737	0.07788	0.01551	0.13365	0.20701	0.14531	0.04601	0.00595	0.00174	0.00323	0.14392	0.01829	0.00462
56	0.00665	0.00494	0.00621	0.00688	0.00757	0.00499	0.00501	0.00918	0.11410	0.01251	0.02258	0.49459	0.02542	0.09343	0.00731	0.00207	0.00319	0.16521	0.00406	0.00410
57	0.06831	0.00849	0.00891	0.00769	0.00990	0.03328	0.00601	0.23354	0.14381	0.06463	0.10852	0.06659	0.08801	0.05023	0.00576	0.01938	0.00372	0.01608	0.05147	0.00570
58	0.00681	0.00518	0.00730	0.00724	0.00808	0.01917	0.00559	0.00857	0.03516	0.01052	0.01185	0.01714	0.01097	0.03098	0.73210	0.06111	0.01111	0.00471	0.00244	0.00399
59	0.61227	0.00851	0.00776	0.00655	0.00949	0.00930	0.00540	0.05637	0.00956	0.20472	0.00929	0.00950	0.00658	0.00456	0.00327	0.00137	0.00359	0.00303	0.02327	0.00561
60	0.23014	0.02723	0.00807	0.00682	0.00873	0.00824	0.00519	0.15574	0.03646	0.08891	0.01293	0.08326	0.01229	0.24782	0.00943	0.00228	0.00398	0.03157	0.01598	0.00495
61	0.02462	0.00503	0.00650	0.00692	0.03460	0.00500	0.00490	0.00839	0.02734	0.04604	0.08677	0.24757	0.21179	0.02921	0.17920	0.02924	0.01835	0.02071	0.00369	0.00414
62	0.00718	0.00582	0.00890	0.36338	0.01713	0.00648	0.00776	0.00904	0.00917	0.03362	0.06497	0.36847	0.06217	0.00922	0.00509	0.00162	0.00404	0.00826	0.00330	0.00436
63	0.00945	0.00685	0.00715	0.00686	0.00824	0.06296	0.00515	0.12598	0.03001	0.05054	0.07671	0.31044	0.04670	0.00910	0.00474	0.00147	0.00329	0.03633	0.19328	0.00476
64	0.09807	0.00561	0.00702	0.00658	0.00787	0.00565	0.01633	0.03197	0.00885	0.11758	0.04401	0.17200	0.05368	0.14355	0.15620	0.07885	0.00505	0.01769	0.00344	0.02001
65	0.02822	0.00797	0.02361	0.01023	0.08185	0.00813	0.06318	0.11841	0.07976	0.08604	0.02488	0.12601	0.01285	0.09983	0.07884	0.07476	0.04405	0.00571	0.00337	0.02231
66	0.02713	0.00663	0.03188	0.00800	0.04380	0.00589	0.04678	0.04051	0.02368	0.14582	0.15439	0.14513	0.19881	0.05736	0.00611	0.00169	0.00342	0.04384	0.00416	0.00497
67	0.00806	0.00587	0.00808	0.04159	0.01896	0.00588	0.04408	0.05794	0.05606	0.05600	0.11981	0.32711	0.05927	0.05295	0.03298	0.01414	0.00374	0.07892	0.00400	0.00456
68	0.04217	0.00756	0.01057	0.14893	0.08298	0.02370	0.05872	0.05857	0.03414	0.02435	0.04648	0.11323	0.10125	0.05430	0.05802	0.01910	0.03107	0.01853	0.01848	0.04785

[dist]
# distance from previous block
# <min> <max>
0	46

[block]
# block no. 7 follows, 58 sequences, length 60
# corresponding to MSA columns:
# 381-440
name=unknown_H
#
# <colnr> <probs for GDERKNQSTAVLIFYWHMCP>
#	G	D	E	R	K	N	Q	S	T	A	V	L	I	F	Y	W	H	M	C	P
0	0.10431	0.07088	0.02482	0.02328	0.05270	0.06595	0.03186	0.12475	0.16733	0.03487	0.07795	0.06311	0.03224	0.04317	0.00558	0.03303	0.00428	0.00492	0.00351	0.03145
1	0.06663	0.09353	0.08248	0.03915	0.05040	0.09333	0.02262	0.05493	0.07186	0.06071	0.11778	0.03573	0.01354	0.08204	0.05667	0.00195	0.01633	0.00468	0.00316	0.03247
2	0.08968	0.16111	0.06621	0.03001	0.03816	0.02289	0.00740	0.11885	0.03027	0.11091	0.04931	0.05621	0.04950	0.03698	0.06119	0.02922	0.02859	0.00462	0.00327	0.00560
3	0.01302	0.03788	0.08598	0.01073	0.05894	0.27158	0.00857	0.14108	0.05343	0.03134	0.02551	0.02932	0.04531	0.00539	0.00452	0.00125	0.03107	0.01468	0.02483	0.10560
4	0.01110	0.01244	0.12662	0.26199	0.27664	0.08042	0.01238	0.06115	0.04712	0.03954	0.00893	0.01119	0.00688	0.00452	0.00458	0.00140	0.02058	0.00386	0.00245	0.00623
5	0.05330	0.06169	0.02525	0.04861	0.03986	0.08011	0.02947	0.14693	0.01265	0.10981	0.16418	0.02057	0.14839	0.01963	0.00501	0.00142	0.01824	0.00551	0.00381	0.00555
6	0.00992	0.00787	0.06562	0.00759	0.00964	0.00719	0.00627	0.04650	0.17990	0.13393	0.11318	0.14611	0.13210	0.06566	0.00662	0.00173	0.04360	0.00698	0.00418	0.00542
7	0.27229	0.00616	0.00672	0.00662	0.00805	0.00647	0.02690	0.03445	0.02535	0.03078	0.02933	0.37374	0.04678	0.06679	0.00588	0.00181	0.00328	0.04065	0.00363	0.00432
8	0.00937	0.00651	0.00722	0.00643	0.00843	0.00641	0.00500	0.09097	0.14489	0.10669	0.14193	0.04565	0.35275	0.00871	0.00492	0.00145	0.00290	0.00728	0.03726	0.00522
9	0.00571	0.00409	0.00521	0.00594	0.00632	0.00384	0.00399	0.00651	0.00862	0.01142	0.06251	0.58740	0.08344	0.14404	0.00836	0.00218	0.00288	0.04004	0.00396	0.00354
10	0.05985	0.03570	0.00765	0.00679	0.00813	0.03161	0.00502	0.10091	0.07301	0.04199	0.05206	0.23346	0.01807	0.19128	0.02310	0.00223	0.00381	0.03525	0.06551	0.00458
11	0.00681	0.00483	0.00558	0.00570	0.00685	0.00447	0.00416	0.01967	0.04611	0.04944	0.03126	0.25100	0.37242	0.06192	0.00696	0.04375	0.00282	0.04911	0.02314	0.00400
12	0.00576	0.00423	0.00543	0.00625	0.00672	0.00403	0.00426	0.00719	0.04743	0.01211	0.06154	0.72152	0.07028	0.01327	0.00561	0.00177	0.00260	0.01196	0.00421	0.00383
13	0.00974	0.00587	0.00653	0.00611	0.00763	0.00606	0.00469	0.08805	0.10594	0.07090	0.05980	0.13321	0.01603	0.00705	0.00410	0.00131	0.00279	0.03327	0.42590	0.00500
14	0.29365	0.00749	0.00756	0.00688	0.00892	0.00814	0.00534	0.09704	0.11507	0.06602	0.08544	0.14941	0.03213	0.05538	0.00529	0.00165	0.00341	0.02605	0.01997	0.00517
15	0.00918	0.00598	0.00672	0.00624	0.00780	0.00598	0.00471	0.12204	0.06133	0.06640	0.07474	0.20505	0.14268	0.03032	0.00507	0.00149	0.00290	0.00726	0.21925	0.01486
16	0.00650	0.00447	0.00524	0.00542	0.00564	0.00445	0.00338	0.00714	0.02670	0.00996	0.04196	0.14202	0.03199	0.61243	0.01802	0.00363	0.00396	0.06087	0.00314	0.00310
17	0.05895	0.07322	0.01006	0.00749	0.00999	0.00865	0.00599	0.15992	0.09123	0.24115	0.04441	0.07077	0.05012	0.09445	0.00627	0.00168	0.00380	0.00528	0.05057	0.00601
18	0.00734	0.00535	0.00645	0.00582	0.00759	0.00456	0.00440	0.00894	0.01055	0.05456	0.26410	0.13843	0.20705	0.03174	0.00536	0.00142	0.00267	0.03009	0.01457	0.18901
19	0.00602	0.00450	0.00526	0.00542	0.00657	0.00397	0.00400	0.00733	0.01040	0.03422	0.19761	0.22826	0.41198	0.01140	0.00540	0.00158	0.00244	0.04535	0.00435	0.00395
20	0.00913	0.00562	0.00684	0.00642	0.00789	0.00552	0.00483	0.02687	0.11932	0.12724	0.27941	0.20321	0.04717	0.00876	0.00486	0.00146	0.00270	0.00763	0.12013	0.00499
21	0.08633	0.02359	0.00800	0.00673	0.00896	0.00706	0.00531	0.09984	0.08650	0.18554	0.07701	0.07398	0.24229	0.03139	0.00517	0.00153	0.00325	0.01677	0.02529	0.00546
22	0.04510	0.00572	0.00704	0.00646	0.00797	0.00554	0.00491	0.06682	0.02444	0.14176	0.22047	0.12672	0.12739	0.03220	0.02895	0.10388	0.00334	0.03247	0.00419	0.00462
23	0.00650	0.00435	0.00495	0.00495	0.00497	0.00437	0.00280	0.00655	0.00653	0.00872	0.01403	0.02892	0.01611	0.81867	0.04668	0.00442	0.00456	0.00645	0.00270	0.00275
24	0.01106	0.00877	0.00947	0.00851	0.01078	0.00984	0.00657	0.10690	0.53541	0.04512	0.01860	0.12123	0.03274	0.02224	0.00499	0.00157	0.00353	0.00599	0.03021	0.00648
25	0.11485	0.00570	0.00719	0.00679	0.00806	0.00615	0.00519	0.02633	0.00847	0.10939	0.03545	0.09601	0.03626	0.08866	0.34704	0.04391	0.02795	0.00550	0.01671	0.00440
26	0.00718	0.00773	0.11165	0.00858	0.01032	0.00604	0.08580	0.00946	0.04086	0.01253	0.06485	0.28420	0.02047	0.11620	0.06329	0.01969	0.00471	0.11869	0.00339	0.00437
27	0.01042	0.01148	0.03453	0.01479	0.01732	0.04928	0.38190	0.01346	0.05141	0.01315	0.03215	0.01185	0.00779	0.00564	0.00874	0.00166	0.32182	0.00468	0.00234	0.00557
28	0.00680	0.00485	0.00593	0.00611	0.00693	0.00472	0.00432	0.04395	0.03102	0.02925	0.12237	0.35256	0.13119	0.15373	0.04370	0.00235	0.00341	0.03889	0.00398	0.00396
29	0.04954	0.03310	0.05297	0.19671	0.05552	0.02990	0.03539	0.02681	0.00975	0.11029	0.06670	0.07009	0.05136	0.00966	0.09119	0.04800	0.02374	0.02064	0.01353	0.00510
30	0.00715	0.00576	0.00700	0.00711	0.00797	0.04622	0.01941	0.04964	0.00907	0.01194	0.01928	0.35410	0.06269	0.08456	0.24584	0.00352	0.00601	0.04527	0.00341	0.00403
31	0.00602	0.00454	0.00540	0.00539	0.00657	0.00404	0.00403	0.00756	0.01107	0.02527	0.36056	0.13242	0.35704	0.01070	0.00536	0.00152	0.00234	0.04166	0.00449	0.00401
32	0.00968	0.00858	0.01178	0.16659	0.10629	0.08402	0.05412	0.04080	0.00933	0.05102	0.01026	0.01421	0.00878	0.03512	0.33909	0.00383	0.03456	0.00436	0.00250	0.00507
33	0.00954	0.21860	0.09309	0.00846	0.01096	0.02404	0.04653	0.03508	0.04631	0.06320	0.01605	0.32199	0.01683	0.00853	0.00467	0.00150	0.00419	0.06191	0.00335	0.00517
34	0.87439	0.00865	0.00657	0.00588	0.00865	0.01003	0.00484	0.01315	0.00761	0.02007	0.00623	0.00727	0.00484	0.00415	0.00277	0.00138	0.00346	0.00242	0.00277	0.00484
35	0.00719	0.00513	0.00708	0.00773	0.03661	0.00498	0.00607	0.00918	0.01099	0.03426	0.29618	0.05446	0.06942	0.01179	0.04530	0.00201	0.00372	0.37932	0.00428	0.00431
36	0.01133	0.00971	0.01023	0.00915	0.01171	0.01122	0.00713	0.05119	0.77905	0.01905	0.01794	0.01648	0.01344	0.00604	0.00455	0.00151	0.00359	0.00502	0.00455	0.00710
37	0.01145	0.00992	0.01019	0.00913	0.01161	0.03727	0.00709	0.07738	0.68721	0.01878	0.01763	0.05579	0.01374	0.00636	0.00459	0.00151	0.00374	0.00528	0.00445	0.00689
38	0.06206	0.01941	0.01237	0.01103	0.01350	0.67424	0.00839	0.10156	0.03333	0.01347	0.00757	0.00853	0.00611	0.00470	0.00403	0.00119	0.00737	0.00303	0.00262	0.00547
39	0.00897	0.02314	0.81962	0.01275	0.01936	0.01039	0.01653	0.01417	0.00944	0.01417	0.00803	0.00944	0.00567	0.00425	0.00425	0.00142	0.00661	0.00331	0.00189	0.00661
40	0.01094	0.01065	0.10508	0.01314	0.12919	0.00951	0.12642	0.09190	0.13364	0.08330	0.01450	0.12890	0.03341	0.00692	0.01656	0.00159	0.04502	0.01994	0.01323	0.00617
41	0.04870	0.48047	0.06717	0.00846	0.01211	0.04806	0.00807	0.10365	0.04193	0.09159	0.00924	0.01089	0.00765	0.00472	0.00355	0.00117	0.00482	0.03883	0.00281	0.00610
42	0.01095	0.01051	0.01794	0.06434	0.77894	0.01060	0.01367	0.01362	0.01013	0.01447	0.00839	0.01111	0.00703	0.00401	0.00443	0.00134	0.00534	0.00399	0.00220	0.00699
43	0.00777	0.00389	0.00583	0.00583	0.00583	0.00389	0.00389	0.00583	0.00583	0.00777	0.00777	0.01360	0.00777	0.01554	0.01748	0.86985	0.00389	0.00389	0.00194	0.00194
44	0.12999	0.06177	0.14578	0.00951	0.03431	0.03069	0.06956	0.07665	0.00963	0.03626	0.01139	0.10704	0.01070	0.08882	0.15592	0.00275	0.00623	0.00502	0.00280	0.00517
45	0.00892	0.09951	0.16421	0.00802	0.01066	0.00806	0.00755	0.01267	0.12648	0.06724	0.12203	0.11849	0.07162	0.06244	0.06735	0.00207	0.00459	0.02932	0.00351	0.00527
46	0.00566	0.00452	0.00506	0.00498	0.00628	0.00393	0.00371	0.00712	0.01100	0.01410	0.31245	0.06952	0.51456	0.01067	0.00530	0.00149	0.00222	0.00909	0.00442	0.00393
47	0.01023	0.05071	0.19120	0.03393	0.05524	0.05151	0.17859	0.01287	0.00879	0.01246	0.00725	0.01011	0.00607	0.00560	0.00865	0.00162	0.34350	0.00396	0.00204	0.00567
48	0.01088	0.20527	0.17238	0.00983	0.02737	0.02674	0.01870	0.03040	0.00916	0.09322	0.00934	0.03261	0.00788	0.00892	0.09851	0.02942	0.16502	0.00384	0.03496	0.00557
49	0.04908	0.00511	0.00632	0.00667	0.00753	0.01928	0.00493	0.00853	0.00897	0.06461	0.04639	0.40614	0.06853	0.06115	0.11066	0.00258	0.01834	0.09728	0.00382	0.00408
50	0.00621	0.00461	0.00579	0.00607	0.00712	0.00426	0.00474	0.00788	0.01083	0.01442	0.29969	0.14925	0.22841	0.01109	0.00553	0.00165	0.00272	0.20554	0.02018	0.00400
51	0.05176	0.06395	0.03958	0.29454	0.04962	0.09609	0.07222	0.10857	0.02108	0.10629	0.02706	0.01162	0.00765	0.00479	0.00458	0.00139	0.02653	0.00394	0.00288	0.00587
52	0.02974	0.20687	0.20962	0.01013	0.03257	0.08551	0.04062	0.03303	0.03361	0.05031	0.01183	0.15454	0.02472	0.00659	0.01337	0.00144	0.04209	0.00504	0.00273	0.00564
53	0.59583	0.06332	0.07237	0.04036	0.10083	0.02248	0.00733	0.02715	0.00850	0.01808	0.00677	0.00810	0.00532	0.00416	0.00319	0.00135	0.00418	0.00276	0.00258	0.00535
54	0.01095	0.03539	0.06584	0.06755	0.17037	0.09470	0.04630	0.07090	0.04776	0.06998	0.06001	0.08213	0.06152	0.00709	0.02280	0.00156	0.00503	0.05018	0.02421	0.00575
55	0.00562	0.00401	0.00526	0.00612	0.00654	0.00374	0.00419	0.00657	0.00900	0.01209	0.08317	0.70594	0.06523	0.01331	0.00562	0.00176	0.00258	0.03415	0.02139	0.00371
56	0.00703	0.04536	0.00729	0.00637	0.00739	0.00551	0.00486	0.00850	0.00916	0.03656	0.25572	0.03931	0.05595	0.10213	0.36318	0.02525	0.00686	0.00616	0.00336	0.00406
57	0.02712	0.01036	0.09303	0.17482	0.19179	0.02562	0.13576	0.01239	0.03253	0.01368	0.07154	0.01566	0.04293	0.00753	0.06946	0.00192	0.04207	0.02362	0.00256	0.00561
58	0.00900	0.15454	0.01054	0.02200	0.02871	0.00854	0.00593	0.08558	0.06475	0.02964	0.09240	0.08331	0.08319	0.09250	0.19496	0.00297	0.00566	0.00576	0.01517	0.00488
59	0.07490	0.08517	0.10369	0.02154	0.05220	0.09878	0.06769	0.10002	0.02636	0.03180	0.08576	0.04018	0.04166	0.00713	0.04275	0.00163	0.03461	0.03264	0.00304	0.04846

[dist]
# distance from previous block
# <min> <max>
11	46

[block]
# block no. 8 follows, 58 sequences, length 6
# corresponding to MSA columns:
# 496-501
name=unknown_I
#
# <colnr> <probs for GDERKNQSTAVLIFYWHMCP>
#	G	D	E	R	K	N	Q	S	T	A	V	L	I	F	Y	W	H	M	C	P
0	0.00706	0.00643	0.03350	0.07042	0.00985	0.02919	0.00586	0.00983	0.08836	0.01300	0.11969	0.08843	0.23497	0.03204	0.18841	0.00286	0.00530	0.04683	0.00357	0.00441
1	0.01366	0.01105	0.01215	0.08611	0.07265	0.09697	0.00849	0.37132	0.04310	0.06060	0.01139	0.05331	0.00920	0.00946	0.11777	0.00217	0.00613	0.00450	0.00361	0.00636
2	0.00796	0.00709	0.00713	0.00721	0.00851	0.08656	0.00533	0.01138	0.16712	0.01355	0.07301	0.35586	0.12895	0.01041	0.00519	0.00161	0.00338	0.06481	0.00405	0.03091
3	0.01381	0.07304	0.05037	0.09382	0.08211	0.30883	0.06642	0.09553	0.07352	0.05423	0.00905	0.01034	0.00702	0.00478	0.00465	0.00131	0.03878	0.00364	0.00276	0.00598
4	0.02623	0.21687	0.09430	0.00937	0.01270	0.18174	0.05724	0.03672	0.01060	0.08556	0.02315	0.04952	0.02187	0.04163	0.00477	0.00132	0.00534	0.01648	0.00277	0.10182
5	0.00891	0.05475	0.19429	0.09652	0.01482	0.02853	0.07450	0.01235	0.06636	0.04678	0.01194	0.09507	0.01060	0.01403	0.24698	0.00315	0.00741	0.00503	0.00266	0.00532

[dist]
# distance from previous block
# <min> <max>
10	21

[block]
# block no. 9 follows, 58 sequences, length 14
# corresponding to MSA columns:
# 524-537
name=unknown_J
#
# <colnr> <probs for GDERKNQSTAVLIFYWHMCP>
#	G	D	E	R	K	N	Q	S	T	A	V	L	I	F	Y	W	H	M	C	P
0	0.00779	0.00742	0.04787	0.07789	0.14324	0.00671	0.02337	0.01070	0.06759	0.01455	0.19570	0.07009	0.19210	0.00798	0.00495	0.00146	0.00364	0.06050	0.00362	0.05282
1	0.00722	0.00692	0.04925	0.02054	0.00890	0.03414	0.03474	0.02554	0.06567	0.01551	0.36973	0.06521	0.26141	0.00902	0.00512	0.00146	0.00304	0.00779	0.00423	0.00457
2	0.01137	0.04282	0.09333	0.07404	0.15981	0.04320	0.04172	0.17316	0.14851	0.01695	0.01234	0.11578	0.01077	0.00607	0.00486	0.00145	0.02909	0.00515	0.00325	0.00632
3	0.04054	0.25281	0.01443	0.00967	0.06659	0.06888	0.00764	0.20170	0.01283	0.01682	0.12937	0.04079	0.01435	0.00628	0.00444	0.00132	0.02064	0.08180	0.00334	0.00575
4	0.00996	0.01048	0.19481	0.00921	0.03039	0.00749	0.02977	0.01242	0.03092	0.13112	0.10902	0.03818	0.07164	0.00825	0.03768	0.08634	0.07774	0.00496	0.00321	0.09639
5	0.02474	0.15407	0.10454	0.05941	0.09208	0.12807	0.03662	0.10532	0.06883	0.09439	0.01029	0.01136	0.02006	0.00607	0.04003	0.00156	0.02967	0.00376	0.00292	0.00621
6	0.01107	0.36486	0.28833	0.03404	0.01555	0.01339	0.06442	0.05740	0.02678	0.03481	0.00831	0.01005	0.00668	0.00434	0.00379	0.00123	0.00552	0.02094	0.00229	0.02619
