[name]
unknown

[dist]
# distance from previous block
# <min> <max>
0	6

[block]
# block no. 0 follows, 73 sequences, length 149
# corresponding to MSA columns:
# 6-154
name=unknown_A
#
# <colnr> <probs for GDERKNQSTAVLIFYWHMCP>
#	G	D	E	R	K	N	Q	S	T	A	V	L	I	F	Y	W	H	M	C	P
0	0.01063	0.13450	0.05876	0.00833	0.01070	0.24834	0.01989	0.06935	0.28365	0.01266	0.01061	0.01304	0.00888	0.00487	0.00363	0.00115	0.00452	0.08865	0.00277	0.00506
1	0.00756	0.01916	0.82703	0.01083	0.01633	0.00873	0.03530	0.01188	0.00795	0.01188	0.00676	0.00798	0.00478	0.00355	0.00359	0.00119	0.00557	0.00282	0.00159	0.00553
2	0.00720	0.00690	0.01198	0.80278	0.02542	0.00841	0.06526	0.00975	0.00759	0.00975	0.00673	0.01001	0.00505	0.00371	0.00380	0.00125	0.00509	0.00341	0.00168	0.00423
3	0.00933	0.00806	0.00848	0.00764	0.00976	0.00933	0.00594	0.01994	0.83797	0.01569	0.01527	0.01400	0.01145	0.00509	0.00382	0.00127	0.00297	0.00424	0.00382	0.00594
4	0.00546	0.00364	0.00409	0.00409	0.00409	0.00364	0.00227	0.00546	0.00546	0.00727	0.01182	0.02455	0.01364	0.86815	0.01910	0.00364	0.00364	0.00546	0.00227	0.00227
5	0.00443	0.00380	0.00380	0.00380	0.00507	0.00317	0.00285	0.00538	0.00855	0.01014	0.03801	0.03611	0.84322	0.00950	0.00443	0.00127	0.00190	0.00792	0.00348	0.00317
6	0.01646	0.00631	0.00861	0.00668	0.00951	0.00547	0.00553	0.01792	0.01066	0.81808	0.01498	0.01380	0.00972	0.00484	0.00382	0.00118	0.00320	0.03232	0.00460	0.00628
7	0.00473	0.00381	0.00422	0.00412	0.00525	0.00329	0.00309	0.00596	0.00926	0.01181	0.31332	0.03334	0.56686	0.00888	0.00443	0.00124	0.00186	0.00753	0.00370	0.00329
8	0.00929	0.00891	0.01523	0.02303	0.84475	0.00891	0.01151	0.01151	0.00854	0.01226	0.00706	0.00929	0.00594	0.00334	0.00371	0.00111	0.00446	0.00334	0.00186	0.00594
9	0.00778	0.00667	0.00778	0.00556	0.00889	0.00500	0.00445	0.00945	0.00778	0.01223	0.00667	0.00778	0.00556	0.00278	0.00278	0.00056	0.00278	0.00222	0.00222	0.89108
10	0.01003	0.87041	0.01966	0.00642	0.00963	0.01485	0.00642	0.01123	0.00762	0.00883	0.00522	0.00602	0.00481	0.00321	0.00241	0.00080	0.00401	0.00201	0.00160	0.00481
11	0.87461	0.00724	0.00559	0.00497	0.00731	0.00835	0.00410	0.01119	0.00648	0.03579	0.00544	0.00625	0.00418	0.00351	0.00235	0.00116	0.00291	0.00207	0.00237	0.00412
12	0.00531	0.00383	0.00501	0.00472	0.00560	0.00354	0.00354	0.00708	0.01062	0.01504	0.84277	0.02802	0.03540	0.00767	0.00442	0.00118	0.00177	0.00678	0.00413	0.00354
13	0.00908	0.01001	0.02176	0.01555	0.01932	0.00937	0.80763	0.01220	0.00891	0.03579	0.00780	0.01020	0.00579	0.00320	0.00441	0.00126	0.00624	0.00441	0.00198	0.00510
14	0.00709	0.00667	0.01125	0.85913	0.02584	0.00834	0.01042	0.00959	0.00750	0.00959	0.00667	0.01000	0.00500	0.00375	0.00375	0.00125	0.00500	0.00333	0.00167	0.00417
15	0.80522	0.00751	0.00605	0.00528	0.00766	0.00864	0.00435	0.08038	0.00741	0.03180	0.00571	0.00646	0.00435	0.00359	0.00247	0.00116	0.00301	0.00218	0.00248	0.00430
16	0.00455	0.00334	0.00428	0.00504	0.00539	0.00306	0.00340	0.00525	0.00736	0.00965	0.02298	0.75557	0.13346	0.01145	0.00474	0.00149	0.00214	0.01030	0.00348	0.00306
17	0.00526	0.00422	0.00464	0.00447	0.00561	0.00392	0.00331	0.00732	0.09068	0.01190	0.27071	0.03062	0.45663	0.07750	0.00555	0.00143	0.00211	0.00702	0.00361	0.00348
18	0.06868	0.00959	0.01006	0.00794	0.01062	0.06362	0.00650	0.46860	0.03020	0.11474	0.00910	0.00972	0.00671	0.00449	0.00407	0.00111	0.05418	0.01985	0.00336	0.09687
19	0.01013	0.01075	0.11673	0.01415	0.28276	0.06081	0.13167	0.13850	0.01002	0.04593	0.00756	0.00895	0.00583	0.00352	0.00365	0.00106	0.00466	0.00323	0.00229	0.13779
20	0.00449	0.00380	0.00387	0.00386	0.00510	0.00319	0.00289	0.00548	0.00867	0.01043	0.08574	0.03563	0.79531	0.00939	0.00443	0.00126	0.00189	0.00785	0.00352	0.00319
21	0.00456	0.00344	0.00423	0.00485	0.00538	0.00311	0.00335	0.00532	0.00761	0.00977	0.02568	0.60882	0.26157	0.01107	0.00469	0.00145	0.00212	0.02640	0.00348	0.00309
22	0.29136	0.00850	0.02807	0.06313	0.01086	0.02561	0.01910	0.24826	0.02250	0.21945	0.00895	0.00907	0.00623	0.00416	0.00345	0.00116	0.01849	0.00304	0.00323	0.00538
23	0.00727	0.00686	0.01159	0.78865	0.09488	0.00838	0.01051	0.00975	0.00759	0.00981	0.00670	0.00994	0.00508	0.00372	0.00375	0.00124	0.00496	0.00333	0.00168	0.00432
24	0.00546	0.00364	0.00409	0.00409	0.00409	0.00364	0.00227	0.00546	0.00546	0.00727	0.01182	0.02455	0.01364	0.86815	0.01910	0.00364	0.00364	0.00546	0.00227	0.00227
25	0.00765	0.01821	0.76288	0.01068	0.01589	0.00860	0.05294	0.02586	0.00803	0.01190	0.00688	0.00837	0.00500	0.01635	0.00408	0.02124	0.00548	0.00291	0.00165	0.00540
26	0.01121	0.14502	0.09888	0.01148	0.10100	0.28775	0.14971	0.05752	0.05466	0.03763	0.00721	0.00831	0.00567	0.00368	0.00352	0.00106	0.00544	0.00303	0.00212	0.00509
27	0.00773	0.00733	0.01242	0.61410	0.26584	0.00851	0.01074	0.01015	0.00781	0.01037	0.00678	0.00979	0.00528	0.00363	0.00374	0.00121	0.00484	0.00334	0.00172	0.00469
28	0.89465	0.00726	0.00551	0.00493	0.00726	0.00842	0.00406	0.01103	0.00638	0.01683	0.00522	0.00609	0.00406	0.00348	0.00232	0.00116	0.00290	0.00203	0.00232	0.00406
29	0.00540	0.00385	0.00519	0.00519	0.00557	0.00423	0.00364	0.00616	0.00578	0.00809	0.01082	0.01901	0.01123	0.39335	0.49060	0.00499	0.00726	0.00464	0.00212	0.00288
30	0.00927	0.00895	0.01545	0.02280	0.81887	0.00893	0.03722	0.01153	0.00855	0.01225	0.00707	0.00931	0.00593	0.00334	0.00374	0.00112	0.00452	0.00338	0.00186	0.00592
31	0.00457	0.00326	0.00435	0.00522	0.00544	0.00305	0.00348	0.00522	0.00718	0.00958	0.02068	0.86570	0.02481	0.01175	0.00479	0.00152	0.00218	0.01067	0.00348	0.00305
32	0.00602	0.00431	0.00546	0.00503	0.00609	0.00413	0.00381	0.02927	0.05929	0.03304	0.75520	0.02639	0.03269	0.00737	0.00436	0.00118	0.00193	0.00648	0.00411	0.00381
33	0.63331	0.00700	0.00646	0.00545	0.00795	0.00755	0.00450	0.01319	0.00768	0.26409	0.00808	0.00808	0.00562	0.00383	0.00275	0.00116	0.00299	0.00255	0.00301	0.00475
34	0.00453	0.00379	0.00395	0.00401	0.00519	0.00321	0.00301	0.00552	0.00857	0.01033	0.06818	0.07822	0.74405	0.00957	0.00448	0.00129	0.00196	0.03346	0.00351	0.00318
35	0.00929	0.00891	0.01523	0.02303	0.84475	0.00891	0.01151	0.01151	0.00854	0.01226	0.00706	0.00929	0.00594	0.00334	0.00371	0.00111	0.00446	0.00334	0.00186	0.00594
36	0.00472	0.00340	0.00451	0.00532	0.00565	0.00318	0.00370	0.00551	0.00745	0.00987	0.03709	0.73450	0.06011	0.01144	0.00480	0.00153	0.00228	0.08834	0.00349	0.00310
37	0.00648	0.00465	0.00555	0.00523	0.00643	0.00458	0.00396	0.00960	0.15620	0.05406	0.44661	0.09151	0.13183	0.00753	0.00426	0.00123	0.00212	0.01652	0.03764	0.00401
38	0.00954	0.01051	0.03046	0.02310	0.07328	0.19343	0.26790	0.01325	0.17003	0.01196	0.06153	0.04144	0.00950	0.01961	0.00459	0.01367	0.02287	0.01602	0.00248	0.00483
39	0.01139	0.00656	0.00815	0.00600	0.00916	0.00521	0.00487	0.01297	0.00896	0.34542	0.00991	0.00977	0.00705	0.00352	0.00318	0.00080	0.00294	0.00284	0.00319	0.53811
40	0.03888	0.09878	0.01073	0.00823	0.02490	0.09437	0.01527	0.22432	0.41226	0.01629	0.01116	0.01082	0.00843	0.00452	0.00357	0.00115	0.00381	0.00353	0.00328	0.00571
41	0.00766	0.06192	0.58453	0.01134	0.08910	0.00856	0.06759	0.01121	0.00796	0.01157	0.00791	0.08040	0.00663	0.00417	0.00366	0.00118	0.00508	0.00355	0.00180	0.02417
42	0.02416	0.09739	0.20933	0.00977	0.06515	0.10664	0.04669	0.18422	0.02410	0.16092	0.00854	0.00894	0.00614	0.00392	0.00352	0.00109	0.00464	0.00307	0.00271	0.02907
43	0.00469	0.00342	0.00458	0.00537	0.00558	0.00331	0.00363	0.00534	0.00714	0.00956	0.02018	0.83881	0.02419	0.01159	0.00502	0.00153	0.02912	0.01043	0.00342	0.00308
44	0.00457	0.00326	0.00435	0.00522	0.00544	0.00305	0.00348	0.00522	0.00718	0.00958	0.02068	0.86570	0.02481	0.01175	0.00479	0.00152	0.00218	0.01067	0.00348	0.00305
45	0.00878	0.04056	0.09012	0.37208	0.17986	0.04019	0.00977	0.02397	0.12143	0.04827	0.00820	0.01002	0.00624	0.00393	0.00384	0.00120	0.02100	0.00334	0.00216	0.00504
46	0.00857	0.02365	0.39435	0.01321	0.12453	0.04113	0.22360	0.01285	0.09807	0.01224	0.00787	0.00926	0.00588	0.00360	0.00381	0.00119	0.00536	0.00341	0.00196	0.00546
47	0.00821	0.00821	0.01149	0.00985	0.00985	0.01149	0.00821	0.00903	0.00575	0.00903	0.00492	0.00821	0.00492	0.00657	0.01231	0.00164	0.86128	0.00328	0.00164	0.00410
48	0.00536	0.00402	0.00603	0.00603	0.00670	0.00469	0.00469	0.00670	0.00603	0.00871	0.01005	0.01474	0.00938	0.02814	0.85328	0.00603	0.01005	0.00402	0.00201	0.00335
49	0.01307	0.07522	0.17807	0.00740	0.01067	0.00716	0.00717	0.07822	0.01015	0.46994	0.01320	0.01256	0.05675	0.01653	0.02569	0.00130	0.00391	0.00368	0.00356	0.00577
50	0.00875	0.43649	0.44238	0.00860	0.01300	0.01172	0.01021	0.01156	0.00778	0.01038	0.00599	0.00699	0.00478	0.00339	0.00300	0.00100	0.00479	0.00240	0.00159	0.00519
51	0.00643	0.00579	0.00799	0.00758	0.00769	0.00735	0.00589	0.00716	0.00645	0.00930	0.01265	0.42847	0.01467	0.00911	0.00862	0.00158	0.44023	0.00690	0.00254	0.00359
52	0.00766	0.00690	0.01233	0.01047	0.08177	0.00660	0.29746	0.01059	0.07053	0.04865	0.36692	0.01858	0.03378	0.00543	0.00429	0.00121	0.00376	0.00537	0.00314	0.00457
53	0.20541	0.18831	0.19653	0.00781	0.01116	0.04980	0.00773	0.21355	0.06152	0.01534	0.00713	0.00772	0.00543	0.00381	0.00311	0.00108	0.00420	0.00268	0.00244	0.00524
54	0.00923	0.00886	0.01512	0.04496	0.82326	0.00890	0.01149	0.01146	0.00852	0.01219	0.00705	0.00930	0.00592	0.00335	0.00372	0.00112	0.00447	0.00334	0.00185	0.00590
55	0.00829	0.00697	0.00805	0.00580	0.00911	0.00552	0.00466	0.07376	0.00855	0.01312	0.00685	0.00788	0.00562	0.00291	0.00285	0.00060	0.00288	0.00231	0.00234	0.82193
56	0.00546	0.00364	0.00409	0.00409	0.00409	0.00364	0.00227	0.00546	0.00546	0.00727	0.01182	0.02455	0.01364	0.86815	0.01910	0.00364	0.00364	0.00546	0.00227	0.00227
57	0.00545	0.00366	0.00422	0.00422	0.00426	0.00370	0.00243	0.00554	0.00549	0.00737	0.01171	0.02392	0.01337	0.81428	0.07259	0.00379	0.00405	0.00536	0.00226	0.00234
58	0.02385	0.00667	0.00778	0.00560	0.00890	0.00509	0.00449	0.00990	0.00790	0.05234	0.00703	0.00799	0.00571	0.00288	0.00282	0.00060	0.00280	0.00229	0.00234	0.83304
59	0.08287	0.03150	0.01286	0.01516	0.41244	0.01003	0.00893	0.33491	0.01192	0.01703	0.00762	0.00881	0.00593	0.00380	0.00357	0.00110	0.00416	0.00320	0.00264	0.02154
60	0.00511	0.00370	0.00493	0.00570	0.00626	0.00353	0.00436	0.00619	0.00789	0.01032	0.03714	0.48244	0.09284	0.01099	0.00489	0.00157	0.00261	0.30284	0.00348	0.00321
61	0.00585	0.00436	0.02430	0.00546	0.00625	0.00396	0.00400	0.04417	0.03681	0.04233	0.14387	0.56351	0.06043	0.00986	0.00452	0.00140	0.00232	0.00881	0.02422	0.00357
62	0.02397	0.00973	0.01152	0.01023	0.11108	0.02977	0.03318	0.53064	0.03580	0.15134	0.00969	0.00971	0.00683	0.00433	0.00375	0.00113	0.00411	0.00345	0.00355	0.00620
63	0.00558	0.00417	0.00575	0.00564	0.00605	0.00480	0.00412	0.00644	0.00582	0.00825	0.01029	0.01755	0.01049	0.30533	0.52000	0.00494	0.06519	0.00445	0.00207	0.00304
64	0.00605	0.00432	0.00605	0.00691	0.00777	0.00432	0.00605	0.00777	0.00864	0.01123	0.01986	0.04232	0.02159	0.01036	0.00518	0.00173	0.00345	0.81949	0.00345	0.00345
65	0.00740	0.00584	0.00752	0.08437	0.03345	0.00630	0.02008	0.09162	0.18726	0.01291	0.01603	0.27001	0.01626	0.00795	0.00437	0.00141	0.00321	0.18859	0.03111	0.00432
66	0.01426	0.01051	0.01126	0.00863	0.01163	0.01163	0.00713	0.83224	0.01764	0.02364	0.00901	0.00901	0.00638	0.00450	0.00375	0.00113	0.00413	0.00338	0.00375	0.00638
67	0.89465	0.00726	0.00551	0.00493	0.00726	0.00842	0.00406	0.01103	0.00638	0.01683	0.00522	0.00609	0.00406	0.00348	0.00232	0.00116	0.00290	0.00203	0.00232	0.00406
68	0.00778	0.00667	0.00778	0.00556	0.00889	0.00500	0.00445	0.00945	0.00778	0.01223	0.00667	0.00778	0.00556	0.00278	0.00278	0.00056	0.00278	0.00222	0.00222	0.89108
69	0.00488	0.00382	0.00442	0.00427	0.00534	0.00336	0.00320	0.00624	0.00960	0.01262	0.44588	0.03201	0.43379	0.00857	0.00443	0.00122	0.00183	0.00734	0.00381	0.00336
70	0.00514	0.00346	0.00454	0.00509	0.00553	0.00322	0.00351	0.00606	0.00792	0.03273	0.16567	0.65464	0.02556	0.01049	0.00459	0.00142	0.00211	0.00946	0.04561	0.00324
71	0.01683	0.00638	0.00871	0.00668	0.00958	0.00551	0.00551	0.01828	0.01074	0.84734	0.01480	0.01277	0.00929	0.00464	0.00377	0.00116	0.00319	0.00377	0.00464	0.00638
72	0.00859	0.00722	0.00793	0.00747	0.00931	0.00820	0.00596	0.01719	0.65107	0.01469	0.01631	0.02038	0.01374	0.00628	0.00413	0.00138	0.00308	0.18796	0.00374	0.00538
73	0.00555	0.00379	0.00480	0.00455	0.00543	0.00353	0.00341	0.00732	0.01023	0.01489	0.72461	0.02603	0.03173	0.00720	0.00417	0.00114	0.00177	0.00632	0.13001	0.00353
74	0.00652	0.00326	0.00489	0.00489	0.00489	0.00326	0.00326	0.00489	0.00489	0.00652	0.00652	0.01140	0.00652	0.01303	0.01466	0.89084	0.00326	0.00326	0.00163	0.00163
75	0.00752	0.01941	0.84871	0.01069	0.01624	0.00871	0.01386	0.01188	0.00792	0.01188	0.00673	0.00792	0.00475	0.00356	0.00356	0.00119	0.00554	0.00277	0.00158	0.00554
76	0.89465	0.00726	0.00551	0.00493	0.00726	0.00842	0.00406	0.01103	0.00638	0.01683	0.00522	0.00609	0.00406	0.00348	0.00232	0.00116	0.00290	0.00203	0.00232	0.00406
77	0.00960	0.00933	0.01502	0.02204	0.78003	0.04244	0.02102	0.03319	0.00887	0.01243	0.00706	0.00919	0.00591	0.00339	0.00371	0.00111	0.00456	0.00332	0.00191	0.00588
78	0.00995	0.84372	0.04566	0.00655	0.00984	0.01465	0.00665	0.01125	0.00763	0.00892	0.00526	0.00608	0.00481	0.00322	0.00244	0.00081	0.00406	0.00203	0.00160	0.00484
79	0.00636	0.00407	0.00535	0.00490	0.00597	0.00372	0.00372	0.00810	0.01063	0.09093	0.76728	0.02663	0.03302	0.00739	0.00437	0.00118	0.00190	0.00651	0.00418	0.00380
80	0.00527	0.00383	0.00496	0.00468	0.00558	0.00352	0.00351	0.00701	0.01053	0.01483	0.80813	0.02837	0.07017	0.00775	0.00443	0.00118	0.00178	0.00683	0.00410	0.00352
81	0.00937	0.00890	0.01448	0.09328	0.68924	0.03992	0.02734	0.01154	0.00857	0.03376	0.00745	0.02576	0.00627	0.00359	0.00374	0.00113	0.00455	0.00348	0.00195	0.00567
82	0.00889	0.00995	0.02100	0.01513	0.01879	0.00947	0.76222	0.01268	0.07809	0.01232	0.00823	0.01044	0.00617	0.00332	0.00438	0.00127	0.00604	0.00441	0.00206	0.00513
83	0.89465	0.00726	0.00551	0.00493	0.00726	0.00842	0.00406	0.01103	0.00638	0.01683	0.00522	0.00609	0.00406	0.00348	0.00232	0.00116	0.00290	0.00203	0.00232	0.00406
84	0.00709	0.00667	0.01125	0.85913	0.02584	0.00834	0.01042	0.00959	0.00750	0.00959	0.00667	0.01000	0.00500	0.00375	0.00375	0.00125	0.00500	0.00333	0.00167	0.00417
85	0.01205	0.00671	0.00885	0.02268	0.11563	0.02089	0.00605	0.05625	0.09863	0.38916	0.19339	0.01577	0.02659	0.00522	0.00391	0.00117	0.00314	0.00443	0.00393	0.00554
86	0.00465	0.00375	0.00417	0.00442	0.00543	0.00327	0.00332	0.00564	0.00835	0.01027	0.05386	0.19906	0.57725	0.00998	0.00458	0.00136	0.00211	0.09184	0.00350	0.00318
87	0.00457	0.00326	0.00435	0.00522	0.00544	0.00305	0.00348	0.00522	0.00718	0.00958	0.02068	0.86570	0.02481	0.01175	0.00479	0.00152	0.00218	0.01067	0.00348	0.00305
88	0.89465	0.00726	0.00551	0.00493	0.00726	0.00842	0.00406	0.01103	0.00638	0.01683	0.00522	0.00609	0.00406	0.00348	0.00232	0.00116	0.00290	0.00203	0.00232	0.00406
89	0.01668	0.00644	0.00884	0.00701	0.02664	0.00558	0.00564	0.01815	0.01069	0.83028	0.01464	0.01270	0.00922	0.00462	0.00377	0.00116	0.00322	0.00376	0.00459	0.00638
90	0.00933	0.00806	0.00848	0.00764	0.00976	0.00933	0.00594	0.01994	0.83797	0.01569	0.01527	0.01400	0.01145	0.00509	0.00382	0.00127	0.00297	0.00424	0.00382	0.00594
91	0.01401	0.01788	0.01063	0.00967	0.01160	0.85309	0.00725	0.01498	0.01063	0.00918	0.00580	0.00677	0.00483	0.00387	0.00338	0.00097	0.00677	0.00242	0.00193	0.00435
92	0.00778	0.00667	0.00778	0.00556	0.00889	0.00500	0.00445	0.00945	0.00778	0.01223	0.00667	0.00778	0.00556	0.00278	0.00278	0.00056	0.00278	0.00222	0.00222	0.89108
93	0.00548	0.00395	0.00534	0.00592	0.01935	0.00381	0.02309	0.02808	0.03922	0.02713	0.01934	0.74093	0.02242	0.01067	0.00463	0.00147	0.00240	0.00967	0.02368	0.00341
94	0.01258	0.09447	0.01470	0.01080	0.02937	0.28752	0.25725	0.04546	0.01005	0.18915	0.00835	0.00913	0.00612	0.00377	0.00371	0.00109	0.00546	0.00333	0.00254	0.00515
95	0.01458	0.01009	0.01093	0.00840	0.01137	0.02287	0.00693	0.71754	0.01667	0.12770	0.00970	0.00945	0.00673	0.00451	0.00375	0.00113	0.00405	0.00341	0.00384	0.00635
96	0.04813	0.09935	0.00986	0.00672	0.00953	0.00666	0.02230	0.02489	0.01011	0.66190	0.01348	0.05113	0.00923	0.00474	0.00363	0.00114	0.00330	0.00385	0.00411	0.00595
97	0.00747	0.00633	0.00745	0.00556	0.00857	0.00482	0.00440	0.00905	0.00775	0.01198	0.00816	0.08091	0.00755	0.00371	0.00300	0.00066	0.00274	0.02196	0.00236	0.79555
98	0.89465	0.00726	0.00551	0.00493	0.00726	0.00842	0.00406	0.01103	0.00638	0.01683	0.00522	0.00609	0.00406	0.00348	0.00232	0.00116	0.00290	0.00203	0.00232	0.00406
99	0.00933	0.00806	0.00848	0.00764	0.00976	0.00933	0.00594	0.01994	0.83797	0.01569	0.01527	0.01400	0.01145	0.00509	0.00382	0.00127	0.00297	0.00424	0.00382	0.00594
100	0.00445	0.00380	0.00382	0.00382	0.00508	0.00317	0.00286	0.00542	0.00859	0.01023	0.05298	0.03596	0.82820	0.00947	0.00443	0.00127	0.00190	0.00790	0.00350	0.00317
101	0.00709	0.00667	0.01125	0.85913	0.02584	0.00834	0.01042	0.00959	0.00750	0.00959	0.00667	0.01000	0.00500	0.00375	0.00375	0.00125	0.00500	0.00333	0.00167	0.00417
102	0.86960	0.00718	0.00552	0.00494	0.00723	0.00830	0.00405	0.01101	0.00642	0.02583	0.00544	0.00649	0.00429	0.01844	0.00263	0.00120	0.00292	0.00211	0.00235	0.00406
103	0.01003	0.87041	0.01966	0.00642	0.00963	0.01485	0.00642	0.01123	0.00762	0.00883	0.00522	0.00602	0.00481	0.00321	0.00241	0.00080	0.00401	0.00201	0.00160	0.00481
104	0.00544	0.00371	0.00444	0.00444	0.00456	0.00383	0.00271	0.00568	0.00556	0.00753	0.01150	0.02279	0.01288	0.71772	0.16848	0.00407	0.00479	0.00520	0.00223	0.00247
105	0.28935	0.00666	0.00772	0.00613	0.00886	0.00642	0.00506	0.01603	0.00939	0.58951	0.01183	0.01070	0.00767	0.00428	0.00332	0.00116	0.00310	0.00323	0.00392	0.00566
106	0.00456	0.00375	0.00402	0.00408	0.00518	0.00320	0.00301	0.00558	0.00866	0.01070	0.13923	0.12788	0.64811	0.00952	0.00447	0.00128	0.00191	0.00808	0.00357	0.00320
107	0.00991	0.83040	0.05864	0.00662	0.00994	0.01456	0.00677	0.01126	0.00764	0.00897	0.00529	0.00611	0.00481	0.00323	0.00246	0.00082	0.00408	0.00204	0.00160	0.00485
108	0.00568	0.00410	0.00557	0.00622	0.00699	0.00403	0.00512	0.00735	0.02406	0.01151	0.13755	0.20258	0.03821	0.01014	0.00496	0.00159	0.00293	0.51440	0.00356	0.00343
109	0.89465	0.00726	0.00551	0.00493	0.00726	0.00842	0.00406	0.01103	0.00638	0.01683	0.00522	0.00609	0.00406	0.00348	0.00232	0.00116	0.00290	0.00203	0.00232	0.00406
110	0.00709	0.00667	0.01125	0.85913	0.02584	0.00834	0.01042	0.00959	0.00750	0.00959	0.00667	0.01000	0.00500	0.00375	0.00375	0.00125	0.00500	0.00333	0.00167	0.00417
111	0.01401	0.01788	0.01063	0.00967	0.01160	0.85309	0.00725	0.01498	0.01063	0.00918	0.00580	0.00677	0.00483	0.00387	0.00338	0.00097	0.00677	0.00242	0.00193	0.00435
112	0.00522	0.00383	0.00489	0.00463	0.00555	0.00350	0.00347	0.00691	0.01041	0.01454	0.76002	0.02886	0.11846	0.00786	0.00443	0.00119	0.00178	0.00690	0.00406	0.00350
113	0.00739	0.00375	0.00393	0.00378	0.00485	0.00361	0.00287	0.00902	0.00819	0.07398	0.02585	0.01666	0.10727	0.00503	0.00294	0.00094	0.00187	0.00407	0.71033	0.00367
114	0.00821	0.00821	0.01149	0.00985	0.00985	0.01149	0.00821	0.00903	0.00575	0.00903	0.00492	0.00821	0.00492	0.00657	0.01231	0.00164	0.86128	0.00328	0.00164	0.00410
115	0.89465	0.00726	0.00551	0.00493	0.00726	0.00842	0.00406	0.01103	0.00638	0.01683	0.00522	0.00609	0.00406	0.00348	0.00232	0.00116	0.00290	0.00203	0.00232	0.00406
116	0.01426	0.01051	0.01126	0.00863	0.01163	0.01163	0.00713	0.83224	0.01764	0.02364	0.00901	0.00901	0.00638	0.00450	0.00375	0.00113	0.00413	0.00338	0.00375	0.00638
117	0.01003	0.87041	0.01966	0.00642	0.00963	0.01485	0.00642	0.01123	0.00762	0.00883	0.00522	0.00602	0.00481	0.00321	0.00241	0.00080	0.00401	0.00201	0.00160	0.00481
118	0.01426	0.01051	0.01126	0.00863	0.01163	0.01163	0.00713	0.83224	0.01764	0.02364	0.00901	0.00901	0.00638	0.00450	0.00375	0.00113	0.00413	0.00338	0.00375	0.00638
119	0.00531	0.00383	0.00501	0.00472	0.00560	0.00354	0.00354	0.00708	0.01062	0.01504	0.84277	0.02802	0.03540	0.00767	0.00442	0.00118	0.00177	0.00678	0.00413	0.00354
120	0.00812	0.02939	0.77465	0.01032	0.01564	0.00854	0.01312	0.01222	0.00809	0.06228	0.00720	0.00819	0.00504	0.00361	0.00355	0.00117	0.00534	0.00281	0.00178	0.01893
121	0.01411	0.01082	0.01115	0.00866	0.01158	0.05555	0.00710	0.76637	0.04066	0.02266	0.00902	0.00903	0.00644	0.00449	0.00374	0.00112	0.00423	0.00335	0.00366	0.00626
122	0.01683	0.00638	0.00871	0.00668	0.00958	0.00551	0.00551	0.01828	0.01074	0.84734	0.01480	0.01277	0.00929	0.00464	0.00377	0.00116	0.00319	0.00377	0.00464	0.00638
123	0.01012	0.02823	0.28316	0.01310	0.14756	0.26968	0.15275	0.01297	0.02670	0.01117	0.00680	0.00826	0.00527	0.00358	0.00367	0.00112	0.00581	0.00306	0.00184	0.00515
124	0.00823	0.00789	0.01314	0.43975	0.41538	0.01876	0.01087	0.01056	0.00801	0.01085	0.00682	0.00960	0.00545	0.00359	0.00384	0.00119	0.01596	0.00333	0.00176	0.00501
125	0.00752	0.01941	0.84871	0.01069	0.01624	0.00871	0.01386	0.01188	0.00792	0.01188	0.00673	0.00792	0.00475	0.00356	0.00356	0.00119	0.00554	0.00277	0.00158	0.00554
126	0.00445	0.00376	0.00385	0.00392	0.00510	0.00316	0.00290	0.00537	0.00844	0.01009	0.03655	0.10604	0.77423	0.00969	0.00446	0.00129	0.00192	0.00815	0.00348	0.00316
127	0.27069	0.10341	0.01063	0.00954	0.14466	0.16839	0.00665	0.09405	0.00943	0.13898	0.00744	0.00802	0.00561	0.00378	0.00312	0.00107	0.00417	0.00271	0.00258	0.00508
128	0.00455	0.00334	0.00427	0.00502	0.00539	0.00306	0.00339	0.00525	0.00738	0.00966	0.02315	0.74749	0.14143	0.01143	0.00474	0.00149	0.00214	0.01027	0.00348	0.00306
129	0.00652	0.00326	0.00489	0.00489	0.00489	0.00326	0.00326	0.00489	0.00489	0.00652	0.00652	0.01140	0.00652	0.01303	0.01466	0.89084	0.00326	0.00326	0.00163	0.00163
130	0.00546	0.00364	0.00409	0.00409	0.00409	0.00364	0.00227	0.00546	0.00546	0.00727	0.01182	0.02455	0.01364	0.86815	0.01910	0.00364	0.00364	0.00546	0.00227	0.00227
131	0.00980	0.00930	0.01503	0.02125	0.72630	0.02882	0.03966	0.08080	0.00937	0.01314	0.00721	0.00923	0.00595	0.00345	0.00373	0.00112	0.00455	0.00336	0.00202	0.00591
132	0.00937	0.05841	0.07164	0.01538	0.44684	0.02814	0.00913	0.02252	0.04186	0.04919	0.00751	0.00894	0.00606	0.00338	0.00341	0.00098	0.00406	0.00300	0.00214	0.20805
133	0.03082	0.09068	0.71987	0.01014	0.01524	0.04687	0.01269	0.01194	0.00798	0.01163	0.00652	0.00766	0.00474	0.00355	0.00343	0.00115	0.00540	0.00267	0.00162	0.00539
134	0.00756	0.03266	0.83579	0.01063	0.01613	0.00881	0.01375	0.01187	0.00792	0.01183	0.00671	0.00789	0.00475	0.00356	0.00355	0.00118	0.00552	0.00276	0.00158	0.00553
135	0.00460	0.00336	0.00434	0.00504	0.00541	0.00309	0.00342	0.00536	0.00756	0.01000	0.07670	0.72126	0.11356	0.01124	0.00473	0.00147	0.00212	0.01011	0.00353	0.00309
136	0.00656	0.00433	0.00541	0.00500	0.00612	0.01492	0.00381	0.00830	0.02114	0.09595	0.63227	0.02709	0.09624	0.02505	0.00466	0.00125	0.00209	0.03195	0.00404	0.00380
137	0.01063	0.36858	0.18299	0.02587	0.01236	0.08210	0.04838	0.18722	0.02673	0.01294	0.00672	0.00754	0.00532	0.00366	0.00316	0.00100	0.00468	0.00268	0.00215	0.00528
138	0.00579	0.00374	0.00561	0.00561	0.00603	0.00416	0.00416	0.00603	0.00561	0.00790	0.00875	0.01351	0.00832	0.02257	0.54437	0.33196	0.00755	0.00374	0.00187	0.00272
139	0.00931	0.00993	0.10983	0.01745	0.51839	0.00894	0.02268	0.03251	0.18105	0.02703	0.00890	0.01015	0.00701	0.00377	0.00372	0.00115	0.00425	0.00347	0.00233	0.01814
140	0.00915	0.00729	0.00914	0.00841	0.09743	0.00690	0.02231	0.21030	0.01024	0.03390	0.01041	0.15695	0.01988	0.00510	0.00376	0.00099	0.02073	0.01335	0.00284	0.35090
141	0.01308	0.08286	0.03800	0.00781	0.01034	0.20364	0.01623	0.09317	0.12807	0.28807	0.02508	0.01135	0.02594	0.02179	0.00403	0.00116	0.01715	0.00348	0.00330	0.00544
142	0.02041	0.03048	0.06203	0.01022	0.01265	0.05272	0.32348	0.02274	0.02553	0.05537	0.01316	0.21542	0.03360	0.00637	0.00435	0.00134	0.00451	0.09851	0.00268	0.00443
143	0.00837	0.02506	0.07818	0.03327	0.00867	0.01772	0.02604	0.03997	0.06649	0.14856	0.01386	0.16035	0.04700	0.20987	0.05431	0.00210	0.03764	0.01542	0.00295	0.00416
144	0.19367	0.02596	0.00997	0.00952	0.14440	0.02149	0.00664	0.25475	0.04045	0.20558	0.00996	0.01000	0.02609	0.00421	0.00342	0.00113	0.00364	0.00326	0.00325	0.02263
145	0.00652	0.00326	0.00489	0.00489	0.00489	0.00326	0.00326	0.00489	0.00489	0.00652	0.00652	0.01140	0.00652	0.01303	0.01466	0.89084	0.00326	0.00326	0.00163	0.00163
146	0.00451	0.00373	0.00396	0.00406	0.00516	0.00317	0.00299	0.00547	0.00849	0.01037	0.08779	0.15433	0.67361	0.00971	0.00448	0.00130	0.00193	0.00824	0.00353	0.00317
147	0.00536	0.00402	0.00603	0.00603	0.00670	0.00469	0.00469	0.00670	0.00603	0.00871	0.01005	0.01474	0.00938	0.02814	0.85328	0.00603	0.01005	0.00402	0.00201	0.00335
148	0.00752	0.01941	0.84871	0.01069	0.01624	0.00871	0.01386	0.01188	0.00792	0.01188	0.00673	0.00792	0.00475	0.00356	0.00356	0.00119	0.00554	0.00277	0.00158	0.00554

[dist]
# distance from previous block
# <min> <max>
0	0

# created by:
# /st0/software/busco_prod/Augustus/scripts/msa2prfl.pl ./align_prep/33224.fa
