[name]
unknown

[dist]
# distance from previous block
# <min> <max>
0	43

[block]
# block no. 0 follows, 66 sequences, length 13
# corresponding to MSA columns:
# 108-120
name=unknown_A
#
# <colnr> <probs for GDERKNQSTAVLIFYWHMCP>
#	G	D	E	R	K	N	Q	S	T	A	V	L	I	F	Y	W	H	M	C	P
0	0.01558	0.00772	0.01012	0.00784	0.01088	0.00723	0.03785	0.15072	0.04384	0.52328	0.04570	0.01429	0.01067	0.00512	0.00410	0.00123	0.00366	0.02795	0.00447	0.06774
1	0.00543	0.00409	0.00485	0.00469	0.00576	0.00363	0.00349	0.00670	0.01009	0.01334	0.43295	0.03281	0.37708	0.00955	0.00556	0.06281	0.00209	0.00760	0.00398	0.00351
2	0.05705	0.00947	0.01513	0.02071	0.61852	0.00960	0.03402	0.07295	0.00999	0.08320	0.00835	0.01015	0.00663	0.00390	0.00417	0.00123	0.02256	0.00361	0.00244	0.00633
3	0.88607	0.00785	0.00596	0.00534	0.00785	0.00910	0.00439	0.01193	0.00690	0.01820	0.00565	0.00659	0.00439	0.00377	0.00251	0.00126	0.00314	0.00220	0.00251	0.00439
4	0.00554	0.00419	0.00530	0.00553	0.00643	0.00368	0.00388	0.00659	0.00844	0.01157	0.12432	0.56875	0.08136	0.01056	0.00478	0.00143	0.00237	0.00945	0.00366	0.13219
5	0.82153	0.00778	0.00622	0.00548	0.00803	0.00887	0.00451	0.01251	0.00725	0.07894	0.00642	0.00713	0.00481	0.00386	0.00263	0.00126	0.00316	0.00234	0.00270	0.00458
6	0.01070	0.01260	0.17311	0.01585	0.18929	0.07115	0.32852	0.01374	0.00972	0.10446	0.02558	0.01075	0.00705	0.00388	0.00429	0.00128	0.00581	0.00401	0.00236	0.00584
7	0.00673	0.00519	0.00598	0.00557	0.00703	0.00483	0.00420	0.10788	0.01054	0.01402	0.19876	0.21636	0.28206	0.00907	0.00464	0.00133	0.00251	0.02366	0.00383	0.08581
8	0.01045	0.73691	0.14073	0.00762	0.01146	0.01508	0.00812	0.01225	0.00829	0.01003	0.00588	0.00681	0.00520	0.00353	0.00279	0.00093	0.00458	0.00229	0.00173	0.00532
9	0.00974	0.00943	0.01802	0.13670	0.05953	0.00904	0.45441	0.01296	0.04118	0.06754	0.00873	0.01086	0.00654	0.00365	0.00431	0.00124	0.00560	0.00415	0.00234	0.13401
10	0.00984	0.03513	0.06805	0.01476	0.26809	0.03304	0.15261	0.01428	0.18160	0.05484	0.08349	0.01408	0.04225	0.00474	0.00421	0.00128	0.00454	0.00446	0.00287	0.00582
11	0.00579	0.00432	0.00636	0.00631	0.00707	0.00489	0.00489	0.00731	0.00725	0.01042	0.13092	0.01804	0.01427	0.02718	0.71873	0.00575	0.00956	0.00479	0.00251	0.00365
12	0.01190	0.66001	0.01905	0.00761	0.01092	0.08964	0.00714	0.13070	0.01012	0.01193	0.00630	0.00705	0.00546	0.00374	0.00291	0.00093	0.00462	0.00243	0.00211	0.00541

[dist]
# distance from previous block
# <min> <max>
0	1

[block]
# block no. 1 follows, 66 sequences, length 57
# corresponding to MSA columns:
# 122-178
name=unknown_B
#
# <colnr> <probs for GDERKNQSTAVLIFYWHMCP>
#	G	D	E	R	K	N	Q	S	T	A	V	L	I	F	Y	W	H	M	C	P
0	0.01495	0.01126	0.01212	0.01011	0.05873	0.04521	0.00784	0.66580	0.05954	0.05809	0.01010	0.01011	0.00722	0.00481	0.00404	0.00122	0.00449	0.00368	0.00391	0.00676
1	0.11996	0.12521	0.05945	0.02452	0.27560	0.15552	0.01861	0.10980	0.01036	0.03915	0.00733	0.00867	0.00586	0.00398	0.00375	0.00116	0.01993	0.00307	0.00236	0.00569
2	0.00506	0.00369	0.00472	0.00537	0.00580	0.00342	0.00365	0.00588	0.00815	0.01079	0.09247	0.62961	0.12459	0.05346	0.02158	0.00179	0.00252	0.01041	0.00373	0.00332
3	0.00859	0.00816	0.01385	0.52656	0.34179	0.00926	0.01173	0.01118	0.00855	0.01149	0.00738	0.01051	0.00581	0.00388	0.00404	0.00129	0.00518	0.00361	0.00188	0.00526
4	0.00528	0.00413	0.00478	0.00462	0.00578	0.00363	0.00346	0.00676	0.01039	0.01367	0.44367	0.03459	0.42620	0.00926	0.00479	0.00132	0.00198	0.00794	0.00412	0.00363
5	0.73831	0.00755	0.00634	0.00556	0.00806	0.00847	0.00455	0.01274	0.00756	0.12244	0.00751	0.02765	0.00575	0.00415	0.00278	0.00126	0.00314	0.00269	0.01883	0.00468
6	0.00480	0.00411	0.00411	0.00411	0.00548	0.00343	0.00308	0.00582	0.00925	0.01096	0.04110	0.03905	0.83046	0.01028	0.00480	0.00137	0.00206	0.00856	0.00377	0.00343
7	0.00522	0.00399	0.00479	0.00489	0.00582	0.00356	0.00355	0.00654	0.00982	0.01300	0.36180	0.23065	0.31160	0.01004	0.00488	0.00140	0.00207	0.00877	0.00406	0.00356
8	0.00882	0.00879	0.01231	0.01057	0.01058	0.01228	0.00880	0.00971	0.00622	0.00976	0.00544	0.00902	0.00542	0.00756	0.02971	0.00187	0.83338	0.00357	0.00178	0.00442
9	0.01820	0.00690	0.00942	0.00722	0.01036	0.00596	0.00596	0.01977	0.01161	0.83492	0.01601	0.01381	0.01004	0.00502	0.00408	0.00126	0.00345	0.00408	0.00502	0.00690
10	0.00766	0.00721	0.01217	0.84767	0.02794	0.00901	0.01127	0.01037	0.00811	0.01037	0.00721	0.01082	0.00541	0.00406	0.00406	0.00135	0.00541	0.00361	0.00180	0.00451
11	0.00705	0.00352	0.00529	0.00529	0.00529	0.00352	0.00352	0.00529	0.00529	0.00705	0.00705	0.01233	0.00705	0.01409	0.01586	0.88196	0.00352	0.00352	0.00176	0.00176
12	0.01516	0.01934	0.01150	0.01045	0.01254	0.84113	0.00784	0.01620	0.01150	0.00993	0.00627	0.00732	0.00523	0.00418	0.00366	0.00105	0.00732	0.00261	0.00209	0.00470
13	0.01118	0.07655	0.06865	0.19990	0.29093	0.03427	0.01024	0.09543	0.04318	0.11747	0.00895	0.01041	0.00673	0.00412	0.00391	0.00123	0.00479	0.00353	0.00260	0.00593
14	0.00971	0.01074	0.13444	0.01433	0.25110	0.02695	0.11568	0.09240	0.09907	0.02717	0.13924	0.01412	0.01218	0.00482	0.00423	0.00127	0.00458	0.01511	0.00287	0.01998
15	0.00509	0.00412	0.00453	0.00442	0.00566	0.00355	0.00332	0.00640	0.00995	0.01264	0.29052	0.03628	0.57999	0.00965	0.00479	0.00134	0.00201	0.00818	0.00399	0.00355
16	0.00480	0.00411	0.00411	0.00411	0.00548	0.00343	0.00308	0.00582	0.00925	0.01096	0.04110	0.03905	0.83046	0.01028	0.00480	0.00137	0.00206	0.00856	0.00377	0.00343
17	0.01127	0.60691	0.08692	0.00901	0.07568	0.02737	0.00809	0.08520	0.00948	0.03790	0.00664	0.00749	0.00560	0.00370	0.00301	0.00098	0.00454	0.00255	0.00207	0.00557
18	0.01748	0.00822	0.00979	0.00762	0.01070	0.06732	0.00623	0.09198	0.01220	0.68002	0.01450	0.01283	0.00930	0.00489	0.00402	0.00122	0.00381	0.00389	0.00465	0.02932
19	0.00494	0.00353	0.00471	0.00565	0.00588	0.00330	0.00377	0.00565	0.00777	0.01036	0.02236	0.85477	0.02683	0.01271	0.00518	0.00165	0.00235	0.01153	0.00377	0.00330
20	0.00569	0.00412	0.00536	0.00511	0.00604	0.00379	0.00381	0.00752	0.01126	0.01588	0.77590	0.07057	0.05257	0.00855	0.00480	0.00130	0.00194	0.00756	0.00442	0.00379
21	0.01188	0.16889	0.12709	0.01310	0.22496	0.11210	0.03135	0.04362	0.05214	0.14075	0.00928	0.03141	0.00728	0.00428	0.00376	0.00117	0.00488	0.00350	0.00263	0.00592
22	0.88607	0.00785	0.00596	0.00534	0.00785	0.00910	0.00439	0.01193	0.00690	0.01820	0.00565	0.00659	0.00439	0.00377	0.00251	0.00126	0.00314	0.00220	0.00251	0.00439
23	0.01665	0.00678	0.00890	0.00697	0.00985	0.00610	0.00571	0.03853	0.05103	0.69153	0.01559	0.01391	0.01012	0.00501	0.00395	0.00123	0.00331	0.00406	0.09420	0.00656
24	0.00550	0.00454	0.00549	0.00590	0.05659	0.00413	0.00405	0.00688	0.00975	0.01259	0.26984	0.05153	0.49155	0.00981	0.02720	0.00148	0.01788	0.00776	0.00379	0.00375
25	0.04594	0.13995	0.14224	0.01524	0.33035	0.05060	0.03619	0.09374	0.01013	0.05208	0.02519	0.02549	0.00716	0.00412	0.00377	0.00118	0.00484	0.00349	0.00238	0.00594
26	0.00914	0.00851	0.01399	0.42794	0.37941	0.00949	0.01151	0.05084	0.02685	0.01252	0.00772	0.01052	0.00608	0.00393	0.00404	0.00128	0.00506	0.00363	0.00205	0.00551
27	0.00549	0.00392	0.00534	0.00628	0.00675	0.00377	0.00472	0.00660	0.00831	0.01097	0.02206	0.57679	0.02564	0.01219	0.00532	0.00172	0.00283	0.28411	0.00376	0.00345
28	0.00873	0.00788	0.02975	0.03125	0.33976	0.00760	0.10791	0.02729	0.05321	0.03660	0.02574	0.22349	0.01269	0.00621	0.00434	0.00134	0.00411	0.00587	0.06095	0.00528
29	0.07578	0.02903	0.30224	0.02310	0.01404	0.01037	0.02024	0.33902	0.01307	0.12075	0.00923	0.00958	0.00643	0.00439	0.00386	0.00125	0.00483	0.00336	0.00314	0.00631
30	0.00562	0.00381	0.00492	0.00555	0.00586	0.00365	0.00376	0.00628	0.00753	0.02711	0.01974	0.55024	0.02311	0.22390	0.00907	0.00223	0.00291	0.08803	0.00346	0.00320
31	0.76041	0.00903	0.00700	0.00678	0.04839	0.08848	0.00511	0.01236	0.00746	0.01717	0.00580	0.00683	0.00457	0.00380	0.00269	0.00123	0.00362	0.00231	0.00245	0.00452
32	0.00574	0.00415	0.00542	0.00510	0.00606	0.00383	0.00383	0.00766	0.01148	0.01627	0.82997	0.03031	0.03828	0.00829	0.00479	0.00128	0.00191	0.00734	0.00447	0.00383
33	0.00939	0.00945	0.04288	0.04546	0.57737	0.01935	0.06794	0.01218	0.04477	0.01310	0.03032	0.07900	0.00904	0.00456	0.00417	0.00126	0.00468	0.00442	0.00230	0.01836
34	0.00850	0.09951	0.63292	0.06185	0.06771	0.00993	0.01353	0.01253	0.00854	0.01242	0.00714	0.00859	0.00527	0.00379	0.00373	0.00122	0.00564	0.00298	0.00176	0.03246
35	0.00930	0.06103	0.57982	0.03366	0.07455	0.03411	0.03990	0.06576	0.00939	0.02600	0.00747	0.00883	0.00547	0.00397	0.00406	0.00126	0.02438	0.00314	0.00197	0.00593
36	0.01485	0.08040	0.01224	0.01015	0.01239	0.74768	0.00777	0.04806	0.01156	0.01053	0.00636	0.00735	0.00529	0.00416	0.00360	0.00104	0.00698	0.00262	0.00214	0.00483
37	0.00480	0.00411	0.00411	0.00411	0.00548	0.00343	0.00308	0.00582	0.00925	0.01096	0.04110	0.03905	0.83046	0.01028	0.00480	0.00137	0.00206	0.00856	0.00377	0.00343
38	0.00586	0.00532	0.03856	0.00530	0.00663	0.00472	0.00419	0.00798	0.07564	0.01229	0.20858	0.03084	0.41310	0.10079	0.03163	0.00179	0.03221	0.00716	0.00361	0.00380
39	0.00538	0.00410	0.00494	0.00483	0.00589	0.00367	0.00361	0.00690	0.01044	0.01398	0.49145	0.08572	0.31286	0.00931	0.00483	0.00134	0.00202	0.02091	0.00417	0.00365
40	0.00833	0.01947	0.73632	0.01130	0.01690	0.00933	0.03854	0.04068	0.02220	0.01329	0.00890	0.01001	0.03842	0.00416	0.00393	0.00129	0.00577	0.00332	0.00193	0.00592
41	0.01288	0.00995	0.01063	0.00875	0.01153	0.01119	0.00703	0.40687	0.41425	0.04223	0.01323	0.01249	0.00967	0.00519	0.00409	0.00130	0.00382	0.00412	0.00412	0.00667
42	0.00577	0.00413	0.00529	0.00500	0.00598	0.00381	0.00375	0.00764	0.01126	0.01597	0.75949	0.03010	0.07454	0.00824	0.00471	0.00127	0.00192	0.00725	0.04007	0.00381
43	0.00841	0.00721	0.00841	0.00601	0.00961	0.00541	0.00481	0.01022	0.00841	0.01322	0.00721	0.00841	0.00601	0.00300	0.00300	0.00060	0.00300	0.00240	0.00240	0.88222
44	0.88607	0.00785	0.00596	0.00534	0.00785	0.00910	0.00439	0.01193	0.00690	0.01820	0.00565	0.00659	0.00439	0.00377	0.00251	0.00126	0.00314	0.00220	0.00251	0.00439
45	0.01546	0.01089	0.01184	0.00911	0.01230	0.01192	0.00751	0.74330	0.01831	0.08776	0.01044	0.02424	0.00748	0.00501	0.00408	0.00123	0.00435	0.00382	0.00413	0.00684
46	0.00586	0.00409	0.00522	0.00522	0.00549	0.00436	0.00344	0.00641	0.00613	0.00845	0.01206	0.02255	0.01301	0.54545	0.33024	0.00491	0.00655	0.00531	0.00235	0.00290
47	0.00814	0.02099	0.83640	0.01156	0.01756	0.00942	0.01499	0.01285	0.00857	0.01285	0.00728	0.00857	0.00514	0.00385	0.00385	0.00128	0.00600	0.00300	0.00171	0.00600
48	0.00496	0.00357	0.00470	0.00557	0.00587	0.00331	0.00374	0.00571	0.00792	0.01053	0.04305	0.80172	0.05932	0.01250	0.00515	0.00163	0.00233	0.01131	0.00378	0.00331
49	0.00841	0.00721	0.00841	0.00601	0.00961	0.00541	0.00481	0.01022	0.00841	0.01322	0.00721	0.00841	0.00601	0.00300	0.00300	0.00060	0.00300	0.00240	0.00240	0.88222
50	0.00604	0.00414	0.00568	0.00574	0.00616	0.00449	0.00406	0.00677	0.02434	0.00889	0.01188	0.08909	0.01234	0.24365	0.40789	0.14118	0.00701	0.00524	0.00236	0.00306
51	0.57897	0.00738	0.00692	0.00585	0.00850	0.00787	0.00481	0.01402	0.00845	0.26651	0.01053	0.01037	0.04629	0.00446	0.00310	0.00126	0.00318	0.00308	0.00334	0.00511
52	0.01195	0.00849	0.00940	0.00791	0.01036	0.00928	0.00629	0.22753	0.38765	0.12669	0.11506	0.01543	0.01380	0.00560	0.00415	0.00130	0.00338	0.00460	0.02490	0.00623
53	0.00953	0.01894	0.05552	0.10379	0.48427	0.00968	0.11675	0.02969	0.03026	0.01310	0.02914	0.02373	0.00746	0.00415	0.00459	0.00128	0.04614	0.00396	0.00215	0.00587
54	0.04712	0.00702	0.01108	0.33284	0.15214	0.00771	0.05003	0.03486	0.02593	0.03426	0.05620	0.18173	0.01238	0.00614	0.00432	0.00138	0.00432	0.02312	0.00267	0.00475
55	0.00587	0.00414	0.00513	0.00554	0.00590	0.00413	0.00381	0.00694	0.04000	0.00993	0.03099	0.28982	0.02026	0.38159	0.02662	0.00275	0.00346	0.14679	0.00319	0.00315
56	0.02882	0.00521	0.00645	0.00589	0.00724	0.00507	0.01617	0.06279	0.03302	0.12313	0.22600	0.13163	0.12635	0.10428	0.06197	0.00198	0.00334	0.01662	0.02977	0.00426

[dist]
# distance from previous block
# <min> <max>
0	33

[block]
# block no. 2 follows, 66 sequences, length 61
# corresponding to MSA columns:
# 212-223,225-273
name=unknown_C
#
# <colnr> <probs for GDERKNQSTAVLIFYWHMCP>
#	G	D	E	R	K	N	Q	S	T	A	V	L	I	F	Y	W	H	M	C	P
0	0.04524	0.01114	0.18153	0.02670	0.15667	0.03468	0.08345	0.02375	0.08079	0.02394	0.08664	0.03542	0.01010	0.00566	0.02652	0.00145	0.11025	0.00412	0.00250	0.04945
1	0.02580	0.00950	0.06664	0.06745	0.12413	0.06287	0.03969	0.01114	0.00856	0.01256	0.00733	0.02311	0.00619	0.00381	0.00421	0.00096	0.06948	0.00304	0.00220	0.45133
2	0.00523	0.00375	0.00489	0.00545	0.00581	0.00360	0.00369	0.00606	0.00787	0.01062	0.11222	0.54776	0.05137	0.12907	0.08065	0.00234	0.00326	0.00956	0.00353	0.00327
3	0.01093	0.84316	0.02107	0.00701	0.01046	0.03245	0.00696	0.01223	0.00831	0.00955	0.00565	0.00652	0.00521	0.00349	0.00262	0.00087	0.00440	0.00218	0.00174	0.00520
4	0.01293	0.00574	0.00773	0.00632	0.00854	0.00506	0.00506	0.01465	0.01156	0.48865	0.36029	0.02079	0.02199	0.00641	0.00438	0.00126	0.00280	0.00546	0.00479	0.00560
5	0.00549	0.00412	0.00508	0.00487	0.00591	0.00372	0.00364	0.00716	0.01085	0.01483	0.61754	0.05016	0.23395	0.00888	0.00480	0.00131	0.00196	0.00773	0.00428	0.00372
6	0.00481	0.00410	0.00414	0.00416	0.00550	0.00343	0.00311	0.00585	0.00925	0.01104	0.05391	0.05549	0.80087	0.01029	0.00480	0.00137	0.00206	0.00860	0.00378	0.00343
7	0.01002	0.00754	0.00884	0.00642	0.00994	0.00608	0.00517	0.08036	0.00965	0.09847	0.00833	0.00908	0.00650	0.00337	0.00320	0.00072	0.00318	0.00268	0.00281	0.71764
8	0.00482	0.00411	0.00414	0.00413	0.00549	0.00343	0.00310	0.00587	0.00930	0.01109	0.06015	0.03883	0.81133	0.01023	0.00479	0.00137	0.00205	0.00853	0.00378	0.00343
9	0.88607	0.00785	0.00596	0.00534	0.00785	0.00910	0.00439	0.01193	0.00690	0.01820	0.00565	0.00659	0.00439	0.00377	0.00251	0.00126	0.00314	0.00220	0.00251	0.00439
10	0.00622	0.00443	0.00553	0.00520	0.00625	0.00426	0.00392	0.00880	0.06813	0.01621	0.69677	0.02783	0.03386	0.00777	0.00456	0.00125	0.00200	0.00681	0.08619	0.00401
11	0.00494	0.00353	0.00471	0.00565	0.00588	0.00330	0.00377	0.00565	0.00777	0.01036	0.02236	0.85477	0.02683	0.01271	0.00518	0.00165	0.00235	0.01153	0.00377	0.00330
12	0.00480	0.00411	0.00411	0.00411	0.00548	0.00343	0.00308	0.00582	0.00925	0.01096	0.04110	0.03905	0.83046	0.01028	0.00480	0.00137	0.00206	0.00856	0.00377	0.00343
13	0.01004	0.00964	0.01647	0.02490	0.83211	0.00964	0.01245	0.01245	0.00924	0.01325	0.00763	0.01004	0.00643	0.00361	0.00402	0.00120	0.00482	0.00361	0.00201	0.00643
14	0.88607	0.00785	0.00596	0.00534	0.00785	0.00910	0.00439	0.01193	0.00690	0.01820	0.00565	0.00659	0.00439	0.00377	0.00251	0.00126	0.00314	0.00220	0.00251	0.00439
15	0.01462	0.05711	0.05844	0.00928	0.01265	0.01246	0.00802	0.71895	0.01775	0.02379	0.00957	0.02166	0.00700	0.00485	0.00399	0.00121	0.00451	0.00365	0.00380	0.00671
16	0.01038	0.00886	0.00933	0.00831	0.01066	0.01022	0.00649	0.06413	0.78174	0.01743	0.01615	0.01485	0.01209	0.00547	0.00412	0.00137	0.00328	0.00454	0.00412	0.00645
17	0.00651	0.00465	0.00650	0.00738	0.00832	0.00464	0.00644	0.00838	0.00942	0.01230	0.05164	0.04519	0.02391	0.01110	0.00557	0.00185	0.00367	0.77506	0.00376	0.00374
18	0.00888	0.00888	0.01243	0.01065	0.01065	0.01243	0.00888	0.00976	0.00621	0.00976	0.00533	0.00888	0.00533	0.00710	0.01331	0.00178	0.84999	0.00355	0.00178	0.00444
19	0.00590	0.00393	0.00442	0.00442	0.00442	0.00393	0.00246	0.00590	0.00590	0.00787	0.01278	0.02655	0.01475	0.85742	0.02065	0.00393	0.00393	0.00590	0.00246	0.00246
20	0.00814	0.02099	0.83640	0.01156	0.01756	0.00942	0.01499	0.01285	0.00857	0.01285	0.00728	0.00857	0.00514	0.00385	0.00385	0.00128	0.00600	0.00300	0.00171	0.00600
21	0.00580	0.00435	0.00652	0.00652	0.00724	0.00507	0.00507	0.00724	0.00652	0.00942	0.01087	0.01594	0.01014	0.03043	0.84134	0.00652	0.01087	0.00435	0.00217	0.00362
22	0.00480	0.00411	0.00411	0.00411	0.00548	0.00343	0.00308	0.00582	0.00925	0.01096	0.04110	0.03905	0.83046	0.01028	0.00480	0.00137	0.00206	0.00856	0.00377	0.00343
23	0.01233	0.00730	0.00801	0.00653	0.00873	0.00765	0.00527	0.33655	0.01323	0.14265	0.01225	0.01276	0.00894	0.00483	0.00352	0.00110	0.00316	0.00377	0.39592	0.00551
24	0.01000	0.59859	0.27514	0.00838	0.01264	0.01399	0.00945	0.01237	0.00834	0.01057	0.00615	0.00715	0.00519	0.00359	0.00299	0.00100	0.00485	0.00243	0.00173	0.00545
25	0.01619	0.01014	0.01142	0.00875	0.01197	0.01076	0.00723	0.59848	0.01702	0.24857	0.01147	0.01086	0.00777	0.00491	0.00406	0.00123	0.00419	0.00377	0.00432	0.00690
26	0.00749	0.00598	0.00693	0.00637	0.00787	0.00635	0.00487	0.01325	0.33859	0.01655	0.50280	0.02420	0.02787	0.00717	0.00452	0.00132	0.00244	0.00623	0.00433	0.00487
27	0.01122	0.00927	0.00981	0.00848	0.01098	0.01062	0.00669	0.18990	0.65460	0.01879	0.01508	0.01400	0.01123	0.00537	0.00411	0.00134	0.00348	0.00439	0.00411	0.00652
28	0.00965	0.00991	0.01399	0.08369	0.12425	0.07619	0.09990	0.02206	0.05137	0.01125	0.00685	0.00965	0.00596	0.00562	0.00896	0.00153	0.44848	0.00369	0.00202	0.00499
29	0.09016	0.00875	0.05164	0.00930	0.01272	0.00769	0.16126	0.07460	0.01121	0.51094	0.01277	0.01210	0.00836	0.00454	0.00407	0.00128	0.00427	0.00397	0.00401	0.00637
30	0.00492	0.00364	0.00460	0.00536	0.00581	0.00332	0.00364	0.00568	0.00804	0.01047	0.02587	0.70212	0.17721	0.01225	0.00511	0.00160	0.00230	0.01098	0.00377	0.00332
31	0.00654	0.00467	0.00654	0.00747	0.00841	0.00467	0.00654	0.00841	0.00934	0.01214	0.02148	0.04576	0.02335	0.01121	0.00560	0.00187	0.00374	0.80480	0.00374	0.00374
32	0.04076	0.03432	0.04171	0.15434	0.27402	0.19166	0.08299	0.04866	0.02266	0.05928	0.00789	0.00968	0.00614	0.00397	0.00393	0.00121	0.00550	0.00344	0.00229	0.00558
33	0.00523	0.00379	0.00488	0.00559	0.00602	0.00355	0.00381	0.02486	0.00836	0.01110	0.07084	0.72818	0.08450	0.01209	0.00510	0.00160	0.00236	0.01089	0.00381	0.00342
34	0.01119	0.01300	0.02041	0.01515	0.01872	0.21243	0.58551	0.04857	0.01045	0.01279	0.00780	0.01001	0.00596	0.00367	0.00448	0.00128	0.00685	0.00421	0.00215	0.00535
35	0.00793	0.10777	0.20178	0.03356	0.02661	0.04900	0.00706	0.04419	0.00809	0.01071	0.01147	0.10150	0.03034	0.31455	0.00995	0.00221	0.00449	0.00498	0.00238	0.02143
36	0.00990	0.11493	0.21588	0.03219	0.32161	0.01024	0.07476	0.05933	0.03921	0.03256	0.00859	0.01050	0.01751	0.03034	0.00440	0.00129	0.00504	0.00357	0.00221	0.00594
37	0.00637	0.00519	0.03655	0.00585	0.00702	0.00459	0.00455	0.03220	0.05129	0.04219	0.19523	0.32518	0.20944	0.00987	0.00498	0.00146	0.01698	0.03321	0.00387	0.00397
38	0.20652	0.15550	0.04031	0.05263	0.06985	0.30020	0.01775	0.02882	0.00923	0.01239	0.00622	0.00764	0.00518	0.00414	0.00402	0.00116	0.06874	0.00270	0.00210	0.00491
39	0.00668	0.00581	0.00800	0.03358	0.20714	0.00566	0.00618	0.00884	0.06474	0.01195	0.04083	0.13881	0.35703	0.00911	0.02969	0.00155	0.00330	0.05342	0.00327	0.00440
40	0.00841	0.00721	0.00841	0.00601	0.00961	0.00541	0.00481	0.01022	0.00841	0.01322	0.00721	0.00841	0.00601	0.00300	0.00300	0.00060	0.00300	0.00240	0.00240	0.88222
41	0.00558	0.00412	0.00521	0.00498	0.00597	0.00375	0.00372	0.00733	0.01104	0.01531	0.68955	0.05711	0.15383	0.00872	0.00480	0.00130	0.00195	0.00765	0.00434	0.00375
42	0.00480	0.00411	0.00411	0.00411	0.00548	0.00343	0.00308	0.00582	0.00925	0.01096	0.04110	0.03905	0.83046	0.01028	0.00480	0.00137	0.00206	0.00856	0.00377	0.00343
43	0.00589	0.00396	0.00458	0.00458	0.00463	0.00402	0.00265	0.00600	0.00594	0.00798	0.01265	0.02579	0.01442	0.79797	0.07964	0.00412	0.00443	0.00579	0.00244	0.00254
44	0.88607	0.00785	0.00596	0.00534	0.00785	0.00910	0.00439	0.01193	0.00690	0.01820	0.00565	0.00659	0.00439	0.00377	0.00251	0.00126	0.00314	0.00220	0.00251	0.00439
45	0.00527	0.00383	0.00496	0.00531	0.00593	0.00353	0.00374	0.00650	0.00943	0.01287	0.36152	0.45231	0.08834	0.01069	0.00499	0.00147	0.00215	0.00957	0.00406	0.00353
46	0.00494	0.00353	0.00471	0.00565	0.00588	0.00330	0.00377	0.00565	0.00777	0.01036	0.02236	0.85477	0.02683	0.01271	0.00518	0.00165	0.00235	0.01153	0.00377	0.00330
47	0.01037	0.00865	0.00918	0.00822	0.01054	0.00995	0.00641	0.02150	0.79696	0.04495	0.01650	0.01509	0.01230	0.00549	0.00413	0.00137	0.00322	0.00457	0.00416	0.00644
48	0.00750	0.00379	0.00384	0.00383	0.00478	0.00378	0.00287	0.00939	0.00862	0.01517	0.04301	0.01568	0.01142	0.00486	0.00291	0.00096	0.00189	0.00391	0.84802	0.00378
49	0.00512	0.00367	0.00490	0.00583	0.00616	0.00345	0.00407	0.00596	0.00797	0.01057	0.02262	0.74794	0.04176	0.01249	0.00522	0.00167	0.00250	0.10098	0.00376	0.00335
50	0.01054	0.00894	0.00943	0.00835	0.01072	0.01030	0.00653	0.08918	0.75642	0.01770	0.01594	0.01468	0.01192	0.00545	0.00412	0.00136	0.00332	0.00451	0.00412	0.00646
51	0.00864	0.19192	0.65744	0.01053	0.01592	0.01068	0.01318	0.01260	0.00849	0.01214	0.00717	0.02097	0.00548	0.00391	0.00362	0.00121	0.00560	0.00296	0.00175	0.00579
52	0.00855	0.04075	0.68989	0.01165	0.04376	0.00934	0.03554	0.01273	0.00863	0.04075	0.00810	0.04037	0.00619	0.00426	0.00410	0.00130	0.02288	0.00341	0.00192	0.00587
53	0.00958	0.01094	0.02394	0.01710	0.02120	0.01026	0.81737	0.01300	0.00958	0.01300	0.00821	0.01094	0.00616	0.00342	0.00479	0.00137	0.00684	0.00479	0.00205	0.00547
54	0.01820	0.00690	0.00942	0.00722	0.01036	0.00596	0.00596	0.01977	0.01161	0.83492	0.01601	0.01381	0.01004	0.00502	0.00408	0.00126	0.00345	0.00408	0.00502	0.00690
55	0.00638	0.00909	0.24224	0.04425	0.01083	0.00577	0.03265	0.00866	0.02412	0.01128	0.01629	0.43112	0.01791	0.05448	0.00558	0.00166	0.00386	0.06661	0.00298	0.00423
56	0.01547	0.00773	0.04137	0.00859	0.03405	0.00657	0.07749	0.03326	0.02762	0.60395	0.04528	0.03071	0.03806	0.00525	0.00420	0.00128	0.00377	0.00450	0.00443	0.00642
57	0.00766	0.00721	0.01217	0.84767	0.02794	0.00901	0.01127	0.01037	0.00811	0.01037	0.00721	0.01082	0.00541	0.00406	0.00406	0.00135	0.00541	0.00361	0.00180	0.00451
58	0.01806	0.00713	0.00955	0.00732	0.01047	0.00629	0.00605	0.05974	0.01199	0.79443	0.01569	0.01361	0.00989	0.00501	0.00408	0.00125	0.00350	0.00406	0.00497	0.00690
59	0.88607	0.00785	0.00596	0.00534	0.00785	0.00910	0.00439	0.01193	0.00690	0.01820	0.00565	0.00659	0.00439	0.00377	0.00251	0.00126	0.00314	0.00220	0.00251	0.00439
60	0.00496	0.00377	0.00458	0.00511	0.00577	0.00338	0.00355	0.00588	0.00857	0.01107	0.09859	0.52000	0.28705	0.01154	0.00502	0.00153	0.00222	0.01021	0.00383	0.00338

[dist]
# distance from previous block
# <min> <max>
1	5

[block]
# block no. 3 follows, 66 sequences, length 19
# corresponding to MSA columns:
# 279-297
name=unknown_D
#
# <colnr> <probs for GDERKNQSTAVLIFYWHMCP>
#	G	D	E	R	K	N	Q	S	T	A	V	L	I	F	Y	W	H	M	C	P
0	0.18118	0.00553	0.00671	0.00739	0.02506	0.00580	0.00618	0.02861	0.00904	0.01364	0.01780	0.06094	0.01896	0.00947	0.00491	0.00171	0.00362	0.58602	0.00347	0.00398
1	0.00888	0.00888	0.01243	0.01065	0.01065	0.01243	0.00888	0.00976	0.00621	0.00976	0.00533	0.00888	0.00533	0.00710	0.01331	0.00178	0.84999	0.00355	0.00178	0.00444
2	0.01516	0.01934	0.01150	0.01045	0.01254	0.84113	0.00784	0.01620	0.01150	0.00993	0.00627	0.00732	0.00523	0.00418	0.00366	0.00105	0.00732	0.00261	0.00209	0.00470
3	0.00888	0.00888	0.01243	0.01065	0.01065	0.01243	0.00888	0.00976	0.00621	0.00976	0.00533	0.00888	0.00533	0.00710	0.01331	0.00178	0.84999	0.00355	0.00178	0.00444
4	0.88607	0.00785	0.00596	0.00534	0.00785	0.00910	0.00439	0.01193	0.00690	0.01820	0.00565	0.00659	0.00439	0.00377	0.00251	0.00126	0.00314	0.00220	0.00251	0.00439
5	0.00820	0.01850	0.70263	0.01066	0.01594	0.00876	0.01330	0.03506	0.00893	0.03106	0.01036	0.05280	0.05665	0.00474	0.00399	0.00131	0.00547	0.00381	0.00208	0.00575
6	0.01085	0.85986	0.02126	0.00694	0.01041	0.01605	0.00694	0.01215	0.00824	0.00955	0.00564	0.00651	0.00521	0.00347	0.00260	0.00087	0.00434	0.00217	0.00174	0.00521
7	0.00698	0.00355	0.00524	0.00524	0.00524	0.00355	0.00347	0.00532	0.00532	0.00709	0.00736	0.01311	0.00747	0.06023	0.01612	0.83393	0.00355	0.00365	0.00180	0.00180
8	0.83321	0.00779	0.00617	0.00545	0.00800	0.00891	0.00449	0.01240	0.00719	0.06795	0.00628	0.00703	0.00474	0.00384	0.00261	0.00126	0.00316	0.00231	0.00266	0.00455
9	0.01747	0.00799	0.05092	0.00761	0.01090	0.00670	0.00656	0.08709	0.01209	0.72534	0.01504	0.01320	0.00953	0.00495	0.00407	0.00125	0.00366	0.00399	0.00477	0.00686
10	0.01642	0.00643	0.00861	0.00675	0.00954	0.00562	0.00552	0.01804	0.01128	0.70493	0.06025	0.01485	0.01162	0.00517	0.00399	0.00122	0.00321	0.00423	0.09592	0.00641
11	0.01820	0.00690	0.00942	0.00722	0.01036	0.00596	0.00596	0.01977	0.01161	0.83492	0.01601	0.01381	0.01004	0.00502	0.00408	0.00126	0.00345	0.00408	0.00502	0.00690
12	0.00571	0.00415	0.00538	0.00507	0.00604	0.00381	0.00380	0.00759	0.01140	0.01608	0.80165	0.03062	0.06672	0.00837	0.00479	0.00128	0.00192	0.00738	0.00444	0.00381
13	0.00814	0.02099	0.83640	0.01156	0.01756	0.00942	0.01499	0.01285	0.00857	0.01285	0.00728	0.00857	0.00514	0.00385	0.00385	0.00128	0.00600	0.00300	0.00171	0.00600
14	0.00654	0.00467	0.00654	0.00747	0.00841	0.00467	0.00654	0.00841	0.00934	0.01214	0.02148	0.04576	0.02335	0.01121	0.00560	0.00187	0.00374	0.80480	0.00374	0.00374
15	0.12489	0.00712	0.00879	0.00690	0.00980	0.00664	0.00566	0.07517	0.01140	0.58106	0.06695	0.01355	0.01083	0.00500	0.00387	0.00123	0.00334	0.00397	0.02087	0.03296
16	0.00833	0.00565	0.00660	0.00604	0.00758	0.00570	0.00462	0.05406	0.18155	0.09636	0.28822	0.11740	0.12015	0.00767	0.00444	0.00132	0.00254	0.00660	0.07046	0.00473
17	0.01004	0.00964	0.01647	0.02490	0.83211	0.00964	0.01245	0.01245	0.00924	0.01325	0.00763	0.01004	0.00643	0.00361	0.00402	0.00120	0.00482	0.00361	0.00201	0.00643
18	0.00666	0.00477	0.00603	0.02199	0.00634	0.00510	0.01826	0.04704	0.00689	0.00937	0.03472	0.02232	0.01326	0.57080	0.12172	0.04856	0.04534	0.00533	0.00247	0.00302

[dist]
# distance from previous block
# <min> <max>
0	350

# created by:
# /st0/software/busco_prod/Augustus/scripts/msa2prfl.pl ./align_prep/33343.fa
