[name]
unknown

[dist]
# distance from previous block
# <min> <max>
0	64

[block]
# block no. 0 follows, 69 sequences, length 11
# corresponding to MSA columns:
# 68-78
name=unknown_A
#
# <colnr> <probs for GDERKNQSTAVLIFYWHMCP>
#	G	D	E	R	K	N	Q	S	T	A	V	L	I	F	Y	W	H	M	C	P
0	0.01494	0.00722	0.00914	0.00721	0.01002	0.00688	0.00589	0.11908	0.09655	0.53808	0.01386	0.01282	0.00933	0.00665	0.06857	0.00157	0.00396	0.00386	0.00428	0.06008
1	0.10371	0.09601	0.01183	0.58362	0.02135	0.00930	0.00928	0.01104	0.00793	0.07448	0.00725	0.00975	0.00544	0.00399	0.00388	0.00125	0.03004	0.00323	0.00205	0.00459
2	0.09940	0.00958	0.17785	0.00923	0.08623	0.00759	0.04671	0.03999	0.16912	0.01508	0.25020	0.01672	0.04509	0.00548	0.00400	0.00125	0.00359	0.00468	0.00315	0.00506
3	0.63599	0.10027	0.00962	0.07157	0.01068	0.00963	0.08999	0.01154	0.00717	0.01558	0.00583	0.00711	0.00458	0.00360	0.00278	0.00119	0.00370	0.00248	0.00225	0.00445
4	0.00740	0.00697	0.01176	0.85280	0.02700	0.00871	0.01089	0.01002	0.00784	0.01002	0.00697	0.01045	0.00523	0.00392	0.00392	0.00131	0.00523	0.00348	0.00174	0.00436
5	0.01011	0.09517	0.46854	0.01118	0.06958	0.00989	0.05379	0.12071	0.02768	0.08489	0.00819	0.00903	0.00589	0.00391	0.00372	0.00119	0.00515	0.00316	0.00232	0.00592
6	0.01168	0.01318	0.03475	0.01036	0.07895	0.37587	0.00760	0.03989	0.26461	0.01255	0.01042	0.02599	0.02136	0.00494	0.00434	0.00121	0.05417	0.02018	0.00274	0.00522
7	0.00983	0.01145	0.02184	0.01583	0.01959	0.10013	0.73553	0.01289	0.00945	0.01224	0.00773	0.01020	0.00585	0.00338	0.00451	0.00129	0.00666	0.00440	0.00199	0.00521
8	0.00574	0.00444	0.00643	0.15530	0.03380	0.00459	0.00530	0.00722	0.00864	0.01182	0.24068	0.38232	0.02380	0.00955	0.02517	0.00154	0.00299	0.04146	0.02555	0.00366
9	0.00564	0.00406	0.00558	0.00558	0.00603	0.00451	0.00400	0.00654	0.00609	0.00856	0.01116	0.01907	0.01139	0.32756	0.55071	0.00541	0.00810	0.00474	0.00220	0.00310
10	0.04246	0.01099	0.00943	0.00792	0.01031	0.22670	0.00626	0.32250	0.05534	0.06717	0.01552	0.01520	0.18211	0.00564	0.00393	0.00118	0.00437	0.00430	0.00338	0.00530

[dist]
# distance from previous block
# <min> <max>
0	2

[block]
# block no. 1 follows, 69 sequences, length 14
# corresponding to MSA columns:
# 81-94
name=unknown_B
#
# <colnr> <probs for GDERKNQSTAVLIFYWHMCP>
#	G	D	E	R	K	N	Q	S	T	A	V	L	I	F	Y	W	H	M	C	P
0	0.01097	0.10620	0.03890	0.00984	0.09129	0.08099	0.00741	0.14201	0.43757	0.01582	0.01181	0.01157	0.00900	0.00467	0.00376	0.00121	0.00398	0.00373	0.00328	0.00599
1	0.73109	0.05638	0.00718	0.00574	0.00810	0.04646	0.00476	0.03142	0.00720	0.01648	0.00570	0.00676	0.00455	0.00441	0.02391	0.00132	0.02955	0.00227	0.00237	0.00435
2	0.01513	0.00757	0.05531	0.00725	0.01005	0.03206	0.00619	0.04504	0.01066	0.62220	0.01428	0.05052	0.00992	0.00747	0.08587	0.00172	0.00427	0.00417	0.00423	0.00609
3	0.00740	0.00697	0.01176	0.85280	0.02700	0.00871	0.01089	0.01002	0.00784	0.01002	0.00697	0.01045	0.00523	0.00392	0.00392	0.00131	0.00523	0.00348	0.00174	0.00436
4	0.00506	0.00386	0.00469	0.00505	0.00589	0.00349	0.00375	0.00622	0.00888	0.01149	0.17796	0.30681	0.31933	0.01046	0.00485	0.00146	0.00226	0.11134	0.00376	0.00338
5	0.00549	0.00400	0.00515	0.00487	0.00582	0.00367	0.00365	0.00728	0.01095	0.01537	0.78181	0.02986	0.09110	0.00814	0.00462	0.00124	0.00186	0.00717	0.00427	0.00367
6	0.06607	0.00714	0.00917	0.00707	0.01008	0.00655	0.00584	0.09645	0.01166	0.71576	0.01432	0.01257	0.00911	0.00477	0.00386	0.00121	0.00341	0.00380	0.00463	0.00654
7	0.88991	0.00758	0.00576	0.00516	0.00758	0.00879	0.00425	0.01152	0.00667	0.01759	0.00546	0.00637	0.00425	0.00364	0.00243	0.00121	0.00303	0.00212	0.00243	0.00425
8	0.07419	0.00468	0.00470	0.00443	0.00570	0.00489	0.00340	0.03663	0.07903	0.03770	0.03159	0.01414	0.01029	0.00465	0.00294	0.00100	0.00215	0.00369	0.67011	0.00410
9	0.00516	0.00399	0.00463	0.00451	0.00557	0.00355	0.00336	0.00651	0.00976	0.01283	0.40732	0.03328	0.39952	0.05708	0.00551	0.00143	0.00206	0.02660	0.00388	0.00344
10	0.00814	0.00468	0.00535	0.00464	0.00630	0.00416	0.00359	0.00986	0.00903	0.10810	0.13628	0.01738	0.08173	0.00525	0.00334	0.00097	0.00221	0.00434	0.42001	0.16464
11	0.00488	0.00359	0.00459	0.00528	0.00576	0.00330	0.00368	0.00575	0.00804	0.01056	0.07809	0.63829	0.15051	0.01157	0.00494	0.00154	0.00227	0.05042	0.00368	0.00326
12	0.01266	0.29904	0.03602	0.00867	0.01139	0.36794	0.00733	0.11442	0.08578	0.01203	0.00720	0.00782	0.00587	0.00400	0.00329	0.00101	0.00537	0.00269	0.00231	0.00515
13	0.05941	0.13679	0.30156	0.02076	0.08571	0.03907	0.05884	0.09536	0.02048	0.04765	0.00830	0.05650	0.00679	0.00425	0.00361	0.00116	0.00478	0.00346	0.00230	0.04324

[dist]
# distance from previous block
# <min> <max>
0	1

[block]
# block no. 2 follows, 69 sequences, length 11
# corresponding to MSA columns:
# 96-106
name=unknown_C
#
# <colnr> <probs for GDERKNQSTAVLIFYWHMCP>
#	G	D	E	R	K	N	Q	S	T	A	V	L	I	F	Y	W	H	M	C	P
0	0.05140	0.00860	0.01282	0.16016	0.40394	0.00944	0.00983	0.07049	0.12662	0.01362	0.00887	0.03585	0.00733	0.00440	0.00445	0.00126	0.05910	0.00379	0.00240	0.00562
1	0.03057	0.22640	0.08719	0.07859	0.17474	0.01123	0.07765	0.08287	0.14901	0.01329	0.00841	0.00956	0.00665	0.00399	0.00378	0.00116	0.02364	0.00331	0.00236	0.00560
2	0.00968	0.00968	0.03424	0.08170	0.53198	0.02564	0.11137	0.05902	0.00927	0.01295	0.00761	0.02401	0.00635	0.00393	0.00452	0.00123	0.05525	0.00373	0.00206	0.00578
3	0.00530	0.00393	0.00494	0.00483	0.00574	0.00357	0.00357	0.00686	0.01029	0.01415	0.60039	0.13330	0.17090	0.00887	0.00467	0.00129	0.00193	0.00779	0.00412	0.00357
4	0.00503	0.00373	0.00474	0.00536	0.00597	0.00344	0.00389	0.00603	0.00831	0.01084	0.09092	0.50547	0.19448	0.01124	0.00496	0.00154	0.00237	0.12469	0.00369	0.00331
5	0.00583	0.00417	0.00575	0.00659	0.00730	0.00408	0.00541	0.00731	0.00868	0.01142	0.05981	0.28285	0.02424	0.01112	0.00526	0.00172	0.00313	0.53821	0.00365	0.00349
6	0.00487	0.00390	0.00436	0.00441	0.00548	0.00338	0.00324	0.00602	0.00925	0.01173	0.22634	0.15329	0.53030	0.00981	0.00468	0.00134	0.00199	0.00840	0.00380	0.00338
7	0.05371	0.00996	0.01293	0.01077	0.06031	0.02784	0.16056	0.36166	0.19451	0.01870	0.01066	0.04226	0.00825	0.00473	0.00403	0.00125	0.00442	0.00413	0.00334	0.00599
8	0.01321	0.00987	0.01100	0.00870	0.01131	0.01111	0.00715	0.66084	0.01598	0.02160	0.00932	0.01022	0.00703	0.00836	0.12499	0.00194	0.05413	0.00362	0.00353	0.00608
9	0.13874	0.00963	0.04965	0.02307	0.01136	0.00985	0.02508	0.40434	0.09602	0.12664	0.01115	0.02824	0.02433	0.00491	0.00379	0.00123	0.00392	0.01845	0.00363	0.00597
10	0.03045	0.07418	0.01203	0.05193	0.22183	0.07455	0.00787	0.07370	0.02424	0.35265	0.03073	0.01123	0.00825	0.00433	0.00377	0.00116	0.00415	0.00357	0.00335	0.00602

[dist]
# distance from previous block
# <min> <max>
0	4

[block]
# block no. 3 follows, 69 sequences, length 15
# corresponding to MSA columns:
# 111-125
name=unknown_D
#
# <colnr> <probs for GDERKNQSTAVLIFYWHMCP>
#	G	D	E	R	K	N	Q	S	T	A	V	L	I	F	Y	W	H	M	C	P
0	0.09540	0.00977	0.02544	0.05088	0.42580	0.06855	0.04496	0.10513	0.02133	0.01432	0.02031	0.01002	0.02295	0.00388	0.00371	0.00114	0.00452	0.00342	0.00233	0.06613
1	0.12871	0.27613	0.05484	0.02758	0.13222	0.13036	0.02017	0.04617	0.02149	0.01193	0.00626	0.00770	0.00531	0.00407	0.00435	0.00113	0.11179	0.00273	0.00200	0.00505
2	0.00894	0.00905	0.01317	0.36799	0.25491	0.09261	0.04703	0.01106	0.00826	0.01074	0.00701	0.01021	0.00582	0.03343	0.00548	0.00137	0.10269	0.00351	0.00186	0.00487
3	0.00657	0.00353	0.00517	0.00517	0.00525	0.00361	0.00348	0.00538	0.00530	0.00715	0.00774	0.01358	0.00784	0.09368	0.11106	0.70374	0.00425	0.00371	0.00181	0.00197
4	0.00552	0.00452	0.00549	0.00515	0.00613	0.00449	0.00396	0.00690	0.00962	0.01289	0.41324	0.03038	0.36190	0.00867	0.00557	0.00133	0.09972	0.00716	0.00374	0.00361
5	0.00549	0.00401	0.00486	0.00524	0.00581	0.00382	0.00360	0.04859	0.00823	0.01082	0.06191	0.50423	0.14941	0.14036	0.00715	0.00185	0.00257	0.02525	0.00349	0.00330
6	0.00813	0.00697	0.00813	0.00581	0.00929	0.00523	0.00465	0.00987	0.00813	0.01277	0.00697	0.00813	0.00581	0.00290	0.00290	0.00058	0.00290	0.00232	0.00232	0.88619
7	0.00957	0.00918	0.01567	0.07336	0.78954	0.00928	0.01196	0.01191	0.00886	0.01264	0.00735	0.00975	0.00615	0.00352	0.00388	0.00117	0.00469	0.00349	0.00193	0.00610
8	0.88991	0.00758	0.00576	0.00516	0.00758	0.00879	0.00425	0.01152	0.00667	0.01759	0.00546	0.00637	0.00425	0.00364	0.00243	0.00121	0.00303	0.00212	0.00243	0.00425
9	0.88991	0.00758	0.00576	0.00516	0.00758	0.00879	0.00425	0.01152	0.00667	0.01759	0.00546	0.00637	0.00425	0.00364	0.00243	0.00121	0.00303	0.00212	0.00243	0.00425
10	0.00661	0.00549	0.00570	0.00532	0.00646	0.07871	0.00400	0.00807	0.01025	0.04160	0.48219	0.02833	0.23755	0.03598	0.00521	0.00133	0.02287	0.00675	0.00383	0.00375
11	0.00805	0.08023	0.78359	0.01086	0.01648	0.00956	0.01393	0.01237	0.00825	0.01219	0.00692	0.00814	0.00497	0.00370	0.00364	0.00121	0.00568	0.00284	0.00166	0.00574
12	0.00831	0.02041	0.00835	0.00904	0.12739	0.05795	0.00598	0.05966	0.16435	0.03987	0.04301	0.19481	0.11560	0.00927	0.08035	0.00176	0.00396	0.02089	0.02433	0.00470
13	0.01125	0.75101	0.01914	0.00694	0.01019	0.06655	0.00669	0.01251	0.00839	0.06827	0.00620	0.00684	0.00536	0.00350	0.00268	0.00088	0.00431	0.00225	0.00192	0.00512
14	0.00786	0.02028	0.84191	0.01117	0.01697	0.00910	0.01448	0.01242	0.00828	0.01242	0.00704	0.00828	0.00497	0.00372	0.00372	0.00124	0.00579	0.00290	0.00166	0.00579

[dist]
# distance from previous block
# <min> <max>
1	23

[block]
# block no. 4 follows, 69 sequences, length 34
# corresponding to MSA columns:
# 149-182
name=unknown_E
#
# <colnr> <probs for GDERKNQSTAVLIFYWHMCP>
#	G	D	E	R	K	N	Q	S	T	A	V	L	I	F	Y	W	H	M	C	P
0	0.00598	0.00529	0.05932	0.00555	0.00651	0.00467	0.00427	0.01674	0.00662	0.00917	0.01307	0.02064	0.07334	0.39226	0.30277	0.00409	0.00606	0.00496	0.00234	0.05633
1	0.05409	0.00995	0.17841	0.08013	0.14055	0.01734	0.03030	0.10601	0.00989	0.07116	0.06876	0.09098	0.02166	0.00579	0.00424	0.00132	0.01597	0.08550	0.00283	0.00515
2	0.00878	0.07810	0.21773	0.02154	0.09172	0.03285	0.04326	0.05827	0.11339	0.04133	0.09511	0.06669	0.07483	0.00552	0.00410	0.00124	0.01586	0.01253	0.01193	0.00520
3	0.05118	0.00864	0.00949	0.00790	0.01052	0.00945	0.00633	0.21832	0.42011	0.19369	0.01378	0.01271	0.00984	0.00500	0.00389	0.00126	0.00345	0.00400	0.00409	0.00633
4	0.05574	0.00671	0.00895	0.00690	0.00990	0.00589	0.00570	0.01877	0.01102	0.80450	0.01503	0.01304	0.00947	0.00480	0.00388	0.00121	0.00332	0.00386	0.00475	0.00657
5	0.00641	0.00563	0.03315	0.08433	0.06948	0.00522	0.04585	0.02279	0.01836	0.02098	0.17905	0.19957	0.15910	0.00845	0.00465	0.00141	0.00316	0.12503	0.00335	0.00401
6	0.00740	0.00697	0.01176	0.85280	0.02700	0.00871	0.01089	0.01002	0.00784	0.01002	0.00697	0.01045	0.00523	0.00392	0.00392	0.00131	0.00523	0.00348	0.00174	0.00436
7	0.00786	0.02028	0.84191	0.01117	0.01697	0.00910	0.01448	0.01242	0.00828	0.01242	0.00704	0.00828	0.00497	0.00372	0.00372	0.00124	0.00579	0.00290	0.00166	0.00579
8	0.01003	0.00825	0.00881	0.00783	0.01005	0.00941	0.00612	0.05481	0.72595	0.04473	0.05747	0.01511	0.01294	0.00541	0.00402	0.00131	0.00310	0.00451	0.00403	0.00611
9	0.00681	0.00340	0.00511	0.00511	0.00511	0.00340	0.00340	0.00511	0.00511	0.00681	0.00681	0.01192	0.00681	0.01362	0.01532	0.88594	0.00340	0.00340	0.00170	0.00170
10	0.00786	0.02028	0.84191	0.01117	0.01697	0.00910	0.01448	0.01242	0.00828	0.01242	0.00704	0.00828	0.00497	0.00372	0.00372	0.00124	0.00579	0.00290	0.00166	0.00579
11	0.00786	0.02028	0.84191	0.01117	0.01697	0.00910	0.01448	0.01242	0.00828	0.01242	0.00704	0.00828	0.00497	0.00372	0.00372	0.00124	0.00579	0.00290	0.00166	0.00579
12	0.04706	0.00698	0.00916	0.00704	0.01006	0.00628	0.00582	0.07069	0.01153	0.76002	0.01474	0.01285	0.00932	0.00480	0.00389	0.00121	0.00339	0.00385	0.00471	0.00659
13	0.88991	0.00758	0.00576	0.00516	0.00758	0.00879	0.00425	0.01152	0.00667	0.01759	0.00546	0.00637	0.00425	0.00364	0.00243	0.00121	0.00303	0.00212	0.00243	0.00425
14	0.00898	0.00463	0.00579	0.00510	0.00662	0.00419	0.00396	0.01065	0.01030	0.23122	0.36536	0.02290	0.10714	0.00666	0.00405	0.00117	0.00225	0.00567	0.18894	0.00443
15	0.00724	0.05215	0.15678	0.00842	0.08432	0.00695	0.00691	0.01122	0.18551	0.01282	0.12813	0.13144	0.15312	0.03186	0.00465	0.00137	0.00333	0.00589	0.00316	0.00474
16	0.84490	0.00738	0.00565	0.00508	0.00743	0.00853	0.00417	0.01140	0.00675	0.01744	0.00583	0.00679	0.00454	0.00369	0.00244	0.00120	0.00297	0.00220	0.04739	0.00422
17	0.00893	0.11084	0.14554	0.12597	0.17452	0.03315	0.05206	0.03813	0.09635	0.02482	0.04051	0.02699	0.07436	0.00474	0.00408	0.00122	0.02612	0.00401	0.00241	0.00526
18	0.00473	0.00396	0.00411	0.00410	0.00536	0.00335	0.00306	0.00580	0.00912	0.01108	0.11772	0.05526	0.73934	0.00979	0.00464	0.00132	0.00198	0.00822	0.00371	0.00335
19	0.00756	0.00623	0.03340	0.00627	0.00788	0.00607	0.00500	0.09179	0.20024	0.02948	0.32841	0.10930	0.11830	0.00760	0.00443	0.00131	0.00264	0.02553	0.00396	0.00459
20	0.05478	0.02229	0.03262	0.11575	0.47678	0.02773	0.04893	0.05397	0.00917	0.05311	0.00791	0.02862	0.00650	0.00402	0.00423	0.00122	0.04086	0.00361	0.00221	0.00568
21	0.02051	0.06617	0.18791	0.02448	0.37654	0.03319	0.01053	0.07695	0.00931	0.03655	0.00778	0.00962	0.00625	0.00602	0.08019	0.00161	0.00533	0.00327	0.00214	0.03566
22	0.00476	0.00346	0.00450	0.00534	0.00565	0.00319	0.00358	0.00547	0.00762	0.01006	0.02311	0.79141	0.09321	0.01209	0.00497	0.00157	0.00225	0.01091	0.00364	0.00319
23	0.55446	0.01917	0.03139	0.00664	0.05370	0.00798	0.00518	0.01127	0.02231	0.01574	0.00650	0.00802	0.00531	0.00364	0.00275	0.00107	0.00320	0.02007	0.00240	0.21921
24	0.00685	0.00543	0.00727	0.00654	0.02299	0.00532	0.04627	0.03211	0.07511	0.02887	0.45876	0.04288	0.09934	0.02027	0.00503	0.00129	0.03982	0.02640	0.00375	0.06570
25	0.00585	0.00429	0.00528	0.00504	0.00612	0.00411	0.00379	0.00768	0.04486	0.03748	0.37945	0.02815	0.25436	0.05356	0.14027	0.00220	0.00347	0.00668	0.00368	0.00369
26	0.00786	0.06607	0.32218	0.01067	0.10893	0.00798	0.03950	0.01046	0.00793	0.03885	0.01001	0.13286	0.00940	0.03334	0.10699	0.00197	0.05013	0.01330	0.00220	0.01937
27	0.03936	0.72095	0.01856	0.00737	0.04545	0.01406	0.00669	0.01131	0.00781	0.00965	0.00599	0.00727	0.00549	0.00573	0.07918	0.00136	0.00475	0.00235	0.00175	0.00492
28	0.00869	0.00692	0.03525	0.00837	0.04174	0.00712	0.02005	0.10994	0.04695	0.06146	0.02564	0.05751	0.02203	0.02733	0.04561	0.00176	0.12042	0.27699	0.04169	0.03452
29	0.00783	0.06353	0.01206	0.71137	0.02405	0.03015	0.01016	0.01022	0.00786	0.01008	0.00696	0.01015	0.00537	0.00403	0.00416	0.00127	0.04180	0.00337	0.03119	0.00438
30	0.14387	0.03449	0.00822	0.00638	0.02404	0.00695	0.00492	0.13198	0.00914	0.01443	0.00845	0.05348	0.00769	0.09685	0.02014	0.00129	0.00341	0.00334	0.00262	0.41831
31	0.00969	0.00956	0.06715	0.04450	0.10239	0.07081	0.05440	0.09191	0.03710	0.03473	0.02309	0.02033	0.00694	0.00370	0.00348	0.00092	0.00405	0.00312	0.00250	0.40965
32	0.02915	0.00928	0.01419	0.03108	0.58287	0.06419	0.05265	0.02308	0.00919	0.03866	0.04731	0.01175	0.02332	0.04101	0.00461	0.00129	0.00463	0.00383	0.00224	0.00567
33	0.04821	0.10796	0.18696	0.01002	0.12062	0.08789	0.00832	0.02303	0.02062	0.14653	0.04736	0.01335	0.08908	0.03347	0.00462	0.00127	0.03895	0.00384	0.00268	0.00523

[dist]
# distance from previous block
# <min> <max>
0	36

[block]
# block no. 5 follows, 69 sequences, length 25
# corresponding to MSA columns:
# 219-243
name=unknown_F
#
# <colnr> <probs for GDERKNQSTAVLIFYWHMCP>
#	G	D	E	R	K	N	Q	S	T	A	V	L	I	F	Y	W	H	M	C	P
0	0.00893	0.02649	0.03992	0.03863	0.10882	0.03820	0.07605	0.02104	0.04189	0.06925	0.10623	0.03675	0.02750	0.01902	0.00700	0.04380	0.20667	0.04398	0.00263	0.03721
1	0.00759	0.00578	0.00695	0.00606	0.03594	0.00501	0.00442	0.00918	0.03727	0.06510	0.07652	0.01889	0.19332	0.09807	0.00611	0.03189	0.02795	0.00464	0.00294	0.35637
2	0.00826	0.00680	0.00829	0.03536	0.03411	0.00535	0.00505	0.00998	0.00821	0.04114	0.00822	0.06330	0.00723	0.00363	0.00314	0.00071	0.00301	0.00302	0.00246	0.74274
3	0.00785	0.00772	0.04047	0.45294	0.26222	0.00817	0.01029	0.01026	0.00837	0.01137	0.06131	0.05892	0.00873	0.00449	0.00398	0.00125	0.00463	0.00409	0.00209	0.03084
4	0.01325	0.00999	0.01044	0.00839	0.01109	0.03933	0.00679	0.55574	0.16485	0.04275	0.01126	0.04012	0.00851	0.00505	0.00389	0.00120	0.00395	0.00394	0.05323	0.00622
5	0.00752	0.01852	0.75169	0.01040	0.01571	0.00848	0.01325	0.01168	0.00835	0.01222	0.01055	0.01145	0.09446	0.00439	0.00382	0.00125	0.00538	0.00348	0.00187	0.00553
6	0.00587	0.00558	0.09462	0.00524	0.00592	0.00441	0.00394	0.00650	0.00614	0.00838	0.01225	0.07681	0.01370	0.65732	0.07453	0.00356	0.00438	0.00565	0.00236	0.00287
7	0.00818	0.00799	0.01125	0.00976	0.00985	0.01106	0.00809	0.00911	0.00604	0.00939	0.00586	0.00949	0.00577	0.00987	0.12425	0.00233	0.74223	0.00353	0.00177	0.00418
8	0.00561	0.00383	0.00450	0.00454	0.00467	0.00387	0.00273	0.00583	0.00596	0.00798	0.01349	0.06604	0.04066	0.70339	0.10774	0.00388	0.00439	0.00589	0.00245	0.00257
9	0.00564	0.00405	0.00555	0.00555	0.00599	0.00449	0.00397	0.00652	0.00608	0.00855	0.01119	0.01919	0.01145	0.33739	0.54095	0.00538	0.00802	0.00476	0.00220	0.00308
10	0.00807	0.03179	0.66824	0.01124	0.01640	0.02911	0.09897	0.01217	0.00862	0.01252	0.06047	0.00981	0.00714	0.00396	0.00385	0.00124	0.00563	0.00333	0.00187	0.00556
11	0.00589	0.00421	0.00573	0.00655	0.00725	0.00414	0.00537	0.00730	0.00847	0.01105	0.02094	0.22368	0.04581	0.06598	0.00624	0.00187	0.00328	0.55927	0.00354	0.00343
12	0.00853	0.02030	0.18982	0.02557	0.19686	0.04512	0.08672	0.06183	0.01990	0.02961	0.07523	0.07785	0.12497	0.00565	0.00415	0.00126	0.00436	0.01452	0.00265	0.00511
13	0.00610	0.00457	0.00531	0.00508	0.00613	0.03405	0.00379	0.00764	0.01036	0.04565	0.55366	0.11269	0.17321	0.00851	0.00460	0.00128	0.00216	0.00742	0.00407	0.00372
14	0.03134	0.17210	0.29544	0.06155	0.08402	0.02209	0.02933	0.02694	0.06460	0.03205	0.05254	0.04089	0.06164	0.00471	0.00368	0.00118	0.00449	0.00384	0.00233	0.00524
15	0.00985	0.01428	0.33909	0.03364	0.16763	0.05797	0.09976	0.15111	0.02751	0.01438	0.00883	0.02023	0.02954	0.00414	0.00393	0.00122	0.00527	0.00358	0.00228	0.00576
16	0.00525	0.00472	0.05570	0.00582	0.00662	0.00383	0.00450	0.00661	0.02422	0.01112	0.11862	0.58297	0.07767	0.01087	0.00487	0.00152	0.00253	0.06546	0.00360	0.00350
17	0.02156	0.08272	0.13021	0.01943	0.02504	0.00817	0.00706	0.17995	0.01105	0.20642	0.04687	0.03425	0.03724	0.00518	0.01383	0.00120	0.02133	0.00386	0.09439	0.05022
18	0.01035	0.32419	0.15301	0.00891	0.03616	0.04853	0.05818	0.06603	0.10938	0.05685	0.00947	0.01027	0.03533	0.00416	0.00341	0.00107	0.00444	0.01354	0.00243	0.04427
19	0.00838	0.09213	0.31149	0.01134	0.15431	0.02875	0.02586	0.03675	0.05704	0.01313	0.14795	0.02648	0.04781	0.00494	0.00401	0.00120	0.01652	0.00413	0.00249	0.00528
20	0.00632	0.00369	0.00540	0.00540	0.00561	0.00391	0.00377	0.00575	0.00554	0.00760	0.00851	0.01437	0.00848	0.10313	0.27419	0.52458	0.00565	0.00388	0.00189	0.00233
21	0.00813	0.00697	0.00813	0.00581	0.00929	0.00523	0.00465	0.00987	0.00813	0.01277	0.00697	0.00813	0.00581	0.00290	0.00290	0.00058	0.00290	0.00232	0.00232	0.88619
22	0.00807	0.08579	0.77818	0.01083	0.01643	0.00960	0.01388	0.01236	0.00825	0.01217	0.00691	0.00812	0.00497	0.00370	0.00363	0.00121	0.00567	0.00283	0.00166	0.00573
23	0.12988	0.00846	0.01016	0.02905	0.11739	0.01903	0.02927	0.32020	0.01250	0.08515	0.06117	0.03424	0.01011	0.00517	0.00384	0.00123	0.00383	0.06106	0.05274	0.00551
24	0.04568	0.06364	0.07379	0.04180	0.15474	0.14008	0.03092	0.10397	0.00960	0.06287	0.00731	0.00892	0.00586	0.00474	0.01389	0.00128	0.17397	0.00317	0.01322	0.04054

[dist]
# distance from previous block
# <min> <max>
0	2

[block]
# block no. 6 follows, 69 sequences, length 14
# corresponding to MSA columns:
# 246,249-261
name=unknown_G
#
# <colnr> <probs for GDERKNQSTAVLIFYWHMCP>
#	G	D	E	R	K	N	Q	S	T	A	V	L	I	F	Y	W	H	M	C	P
0	0.02316	0.06802	0.10466	0.05638	0.16306	0.10014	0.07854	0.03634	0.04038	0.05016	0.02856	0.02740	0.12500	0.00497	0.00416	0.00118	0.03106	0.00417	0.00250	0.05017
1	0.00762	0.00739	0.01308	0.75540	0.02624	0.00885	0.10553	0.01031	0.00800	0.01031	0.00708	0.01047	0.00531	0.00385	0.00400	0.00131	0.00539	0.00362	0.00177	0.00446
2	0.04972	0.00891	0.01506	0.18864	0.50301	0.00941	0.09056	0.03559	0.00882	0.01267	0.00724	0.00974	0.00587	0.00372	0.00421	0.00123	0.03449	0.00354	0.00198	0.00560
3	0.00644	0.00343	0.00497	0.00510	0.00513	0.00340	0.00337	0.00520	0.00549	0.00732	0.00929	0.13287	0.01004	0.07304	0.01419	0.69881	0.00327	0.00466	0.00202	0.00196
4	0.00692	0.00404	0.00485	0.00480	0.00538	0.00393	0.00325	0.00773	0.00744	0.08215	0.07919	0.12065	0.01654	0.40328	0.03770	0.00259	0.00328	0.04498	0.15803	0.00327
5	0.08580	0.06859	0.10760	0.00911	0.04621	0.09298	0.00768	0.20882	0.28049	0.01662	0.01020	0.01027	0.00769	0.00445	0.00363	0.00118	0.00422	0.00341	0.00309	0.02796
6	0.00596	0.00410	0.00581	0.00590	0.00651	0.00446	0.00436	0.00704	0.00666	0.04405	0.01309	0.17867	0.01349	0.13707	0.53858	0.00485	0.00772	0.00572	0.00255	0.00342
7	0.02502	0.13140	0.18620	0.02985	0.11314	0.03187	0.14301	0.15056	0.01974	0.07436	0.03043	0.00974	0.00686	0.00405	0.00401	0.00118	0.02692	0.00346	0.00249	0.00569
8	0.00901	0.14835	0.50851	0.01115	0.01602	0.01010	0.15615	0.01287	0.03099	0.05007	0.00758	0.00878	0.00556	0.00369	0.00371	0.00119	0.00550	0.00317	0.00193	0.00564
9	0.01668	0.00641	0.00862	0.00668	0.00953	0.00558	0.00549	0.01822	0.01096	0.76748	0.01523	0.01346	0.00973	0.00483	0.00384	0.00119	0.00320	0.00392	0.08257	0.00641
10	0.00767	0.00692	0.01096	0.07979	0.39162	0.00714	0.00842	0.00957	0.00887	0.01236	0.16221	0.06829	0.09020	0.00704	0.04338	0.00151	0.05069	0.02584	0.00265	0.00486
11	0.00893	0.06983	0.17494	0.08462	0.10243	0.00928	0.09061	0.05617	0.05846	0.02908	0.00801	0.01072	0.00661	0.00627	0.02945	0.10447	0.12172	0.02136	0.00213	0.00491
12	0.00953	0.04704	0.35645	0.01089	0.01447	0.10992	0.12749	0.03192	0.00875	0.05186	0.00811	0.06339	0.00676	0.00478	0.00523	0.00130	0.13106	0.00375	0.00209	0.00522
13	0.00476	0.00348	0.00448	0.00529	0.00564	0.00320	0.00356	0.00548	0.00767	0.01008	0.02372	0.76394	0.12030	0.01201	0.00496	0.00156	0.00224	0.01081	0.00364	0.00320

[dist]
# distance from previous block
# <min> <max>
1	3

[block]
# block no. 7 follows, 69 sequences, length 16
# corresponding to MSA columns:
# 265-280
name=unknown_H
#
# <colnr> <probs for GDERKNQSTAVLIFYWHMCP>
#	G	D	E	R	K	N	Q	S	T	A	V	L	I	F	Y	W	H	M	C	P
0	0.13962	0.06052	0.02704	0.04860	0.39920	0.11390	0.04821	0.07534	0.00945	0.01362	0.00693	0.00869	0.00565	0.00375	0.00378	0.00116	0.02375	0.00314	0.00214	0.00552
1	0.00740	0.00697	0.01176	0.85280	0.02700	0.00871	0.01089	0.01002	0.00784	0.01002	0.00697	0.01045	0.00523	0.00392	0.00392	0.00131	0.00523	0.00348	0.00174	0.00436
2	0.00755	0.00617	0.00805	0.00629	0.00881	0.00510	0.05226	0.00902	0.00777	0.03100	0.01004	0.08105	0.02845	0.08143	0.09443	0.02078	0.00395	0.00387	0.00247	0.53152
3	0.00911	0.01781	0.67125	0.01039	0.01565	0.00884	0.01275	0.07023	0.00921	0.07611	0.00784	0.00873	0.00550	0.00383	0.00371	0.00120	0.00533	0.00299	0.00210	0.05743
4	0.00602	0.00419	0.00628	0.00641	0.00711	0.00388	0.06597	0.00696	0.00790	0.06895	0.02014	0.73540	0.02327	0.01108	0.00490	0.00154	0.00268	0.01014	0.00360	0.00359
5	0.00837	0.00490	0.00603	0.00555	0.00682	0.00460	0.00409	0.07218	0.00976	0.17608	0.18874	0.21959	0.13338	0.13360	0.00677	0.00170	0.00274	0.00710	0.00386	0.00415
6	0.00939	0.15752	0.30604	0.02726	0.19700	0.01014	0.03367	0.05933	0.07940	0.03051	0.02796	0.02936	0.00733	0.00412	0.00367	0.00117	0.00474	0.00343	0.00224	0.00571
7	0.01597	0.00626	0.00849	0.00671	0.00941	0.00545	0.00546	0.01744	0.01085	0.73019	0.04061	0.07952	0.01179	0.00552	0.00401	0.00124	0.00317	0.00459	0.02708	0.00623
8	0.00497	0.00358	0.00471	0.00528	0.00572	0.00332	0.00363	0.00596	0.00847	0.01148	0.22941	0.62204	0.05463	0.01112	0.00490	0.00149	0.00216	0.01002	0.00381	0.00332
9	0.04636	0.13877	0.23103	0.00944	0.03434	0.20907	0.04736	0.01268	0.03375	0.05972	0.00946	0.13305	0.00861	0.00508	0.00370	0.00118	0.00502	0.00407	0.00235	0.00499
10	0.00933	0.06835	0.11784	0.23706	0.12970	0.00878	0.04807	0.08653	0.00924	0.08159	0.00951	0.03575	0.02170	0.02027	0.06967	0.00168	0.01719	0.02022	0.00239	0.00513
11	0.01282	0.00950	0.01030	0.00819	0.01083	0.01043	0.00665	0.60992	0.08753	0.02220	0.11384	0.03656	0.01155	0.00538	0.00402	0.00120	0.00378	0.00427	0.02494	0.00608
12	0.03891	0.10524	0.01112	0.05358	0.01132	0.03218	0.00672	0.42160	0.01387	0.09395	0.07427	0.03658	0.01031	0.00523	0.00383	0.00118	0.00394	0.04227	0.02823	0.00567
13	0.00570	0.00435	0.00481	0.00482	0.00593	0.00401	0.00355	0.06947	0.00941	0.01216	0.09221	0.25751	0.44108	0.00970	0.00457	0.00135	0.00223	0.00833	0.05522	0.00359
14	0.00766	0.09845	0.02701	0.06294	0.07355	0.05210	0.02592	0.01625	0.01979	0.04715	0.26114	0.14661	0.09663	0.00701	0.00418	0.00124	0.00322	0.01285	0.03202	0.00428
15	0.00987	0.01011	0.07295	0.18589	0.45453	0.03315	0.03043	0.11344	0.00986	0.01355	0.00745	0.00964	0.00592	0.00383	0.00408	0.00121	0.02276	0.00345	0.00213	0.00576

[dist]
# distance from previous block
# <min> <max>
0	214

# created by:
# /st0/software/busco_prod/Augustus/scripts/msa2prfl.pl ./align_prep/33349.fa
