[name]
unknown

[dist]
# distance from previous block
# <min> <max>
0	20

[block]
# block no. 0 follows, 74 sequences, length 98
# corresponding to MSA columns:
# 20-117
name=unknown_A
#
# <colnr> <probs for GDERKNQSTAVLIFYWHMCP>
#	G	D	E	R	K	N	Q	S	T	A	V	L	I	F	Y	W	H	M	C	P
0	0.00893	0.00818	0.01323	0.34715	0.40369	0.00894	0.03135	0.11115	0.00916	0.01247	0.00708	0.00945	0.00556	0.00360	0.00371	0.00116	0.00463	0.00334	0.00199	0.00523
1	0.05083	0.05309	0.01107	0.00847	0.01108	0.20554	0.06694	0.28304	0.03613	0.18707	0.00956	0.04424	0.00722	0.00444	0.00360	0.00110	0.00449	0.00347	0.00317	0.00543
2	0.00567	0.00448	0.00583	0.00579	0.00640	0.03926	0.00435	0.00676	0.00606	0.00840	0.01006	0.01587	0.00980	0.16674	0.68107	0.00537	0.00876	0.00415	0.00203	0.00318
3	0.00980	0.76515	0.01851	0.00732	0.05070	0.01406	0.00664	0.01141	0.04158	0.00918	0.00565	0.00651	0.00509	0.00337	0.00283	0.00086	0.03261	0.00218	0.00169	0.00484
4	0.01013	0.00746	0.00869	0.00841	0.07619	0.04202	0.00631	0.30955	0.01181	0.08332	0.01495	0.06827	0.08752	0.00773	0.04602	0.00152	0.00396	0.19789	0.00337	0.00489
5	0.00542	0.00435	0.00482	0.00484	0.00600	0.00410	0.00367	0.04141	0.07949	0.01138	0.08511	0.17518	0.47624	0.00915	0.00443	0.00132	0.00223	0.07381	0.00353	0.00353
6	0.00579	0.00432	0.00608	0.07564	0.00858	0.00441	0.00568	0.00745	0.00846	0.01112	0.11086	0.07120	0.07055	0.01045	0.05397	0.00182	0.00359	0.53334	0.00327	0.00344
7	0.00899	0.00861	0.01460	0.02200	0.81196	0.00859	0.01104	0.01114	0.00845	0.01204	0.00824	0.01027	0.04022	0.00356	0.00370	0.00111	0.00431	0.00349	0.00190	0.00577
8	0.00462	0.00354	0.00430	0.00479	0.00546	0.00322	0.00344	0.00549	0.00771	0.00982	0.03571	0.45318	0.33076	0.01132	0.03942	0.00161	0.00246	0.06667	0.00339	0.00311
9	0.00452	0.00323	0.00431	0.00517	0.00538	0.00301	0.00345	0.00517	0.00711	0.00948	0.02046	0.86713	0.02455	0.01163	0.00474	0.00151	0.00215	0.01055	0.00345	0.00301
10	0.00458	0.00327	0.00438	0.00524	0.00548	0.00307	0.00355	0.00527	0.00717	0.00954	0.02042	0.83269	0.02442	0.01157	0.00475	0.00152	0.00221	0.04439	0.00344	0.00303
11	0.00486	0.00374	0.00445	0.00436	0.00533	0.00332	0.00324	0.00622	0.00946	0.01260	0.47103	0.09431	0.34648	0.00859	0.00441	0.00123	0.00183	0.00744	0.00379	0.00332
12	0.85929	0.00704	0.00539	0.00484	0.00709	0.00811	0.00397	0.01068	0.00640	0.01638	0.00650	0.00725	0.03844	0.00369	0.00238	0.00115	0.00283	0.00225	0.00234	0.00398
13	0.00985	0.81225	0.01865	0.00643	0.00946	0.03789	0.00630	0.01104	0.00756	0.00874	0.00537	0.00633	0.00495	0.00420	0.03730	0.00101	0.00429	0.00208	0.00161	0.00469
14	0.01371	0.01013	0.01084	0.00834	0.01124	0.01117	0.00688	0.80010	0.01708	0.02285	0.01009	0.01001	0.04064	0.00466	0.00374	0.00112	0.00399	0.00353	0.00370	0.00618
15	0.89577	0.00718	0.00546	0.00488	0.00718	0.00833	0.00402	0.01091	0.00632	0.01665	0.00517	0.00603	0.00402	0.00345	0.00230	0.00115	0.00287	0.00201	0.00230	0.00402
16	0.00525	0.00379	0.00496	0.00467	0.00555	0.00350	0.00350	0.00700	0.01051	0.01488	0.84444	0.02773	0.03502	0.00759	0.00438	0.00117	0.00175	0.00671	0.00409	0.00350
17	0.89577	0.00718	0.00546	0.00488	0.00718	0.00833	0.00402	0.01091	0.00632	0.01665	0.00517	0.00603	0.00402	0.00345	0.00230	0.00115	0.00287	0.00201	0.00230	0.00402
18	0.00919	0.00882	0.01507	0.02278	0.84640	0.00882	0.01139	0.01139	0.00845	0.01213	0.00698	0.00919	0.00588	0.00331	0.00367	0.00110	0.00441	0.00331	0.00184	0.00588
19	0.01411	0.01040	0.01114	0.00854	0.01151	0.01151	0.00706	0.83402	0.01745	0.02339	0.00891	0.00891	0.00631	0.00446	0.00371	0.00111	0.00408	0.00334	0.00371	0.00631
20	0.00726	0.00379	0.00383	0.00370	0.00467	0.00384	0.00281	0.04814	0.00825	0.01430	0.01196	0.01360	0.00936	0.00433	0.00265	0.00088	0.00184	0.00345	0.84774	0.00360
21	0.00452	0.00325	0.00429	0.00513	0.00537	0.00302	0.00343	0.00517	0.00715	0.00949	0.02095	0.84305	0.04831	0.01156	0.00473	0.00150	0.00215	0.01047	0.00345	0.00302
22	0.00452	0.00323	0.00431	0.00517	0.00538	0.00301	0.00345	0.00517	0.00711	0.00948	0.02046	0.86713	0.02455	0.01163	0.00474	0.00151	0.00215	0.01055	0.00345	0.00301
23	0.00480	0.00345	0.00456	0.00498	0.00545	0.00320	0.00347	0.00588	0.00842	0.01156	0.33809	0.54356	0.02859	0.01007	0.00460	0.00138	0.00200	0.00907	0.00369	0.00320
24	0.00701	0.00660	0.01113	0.86063	0.02556	0.00825	0.01031	0.00948	0.00742	0.00948	0.00660	0.00990	0.00495	0.00371	0.00371	0.00124	0.00495	0.00330	0.00165	0.00412
25	0.00540	0.00360	0.00405	0.00405	0.00405	0.00360	0.00225	0.00540	0.00540	0.00720	0.01170	0.02429	0.01349	0.86955	0.01889	0.00360	0.00360	0.00540	0.00225	0.00225
26	0.00564	0.00400	0.00509	0.00478	0.00571	0.00384	0.00361	0.02070	0.03349	0.01465	0.70172	0.02530	0.03064	0.00821	0.04604	0.00138	0.00222	0.00620	0.07316	0.00360
27	0.00843	0.33468	0.50359	0.00925	0.01380	0.01090	0.04942	0.01152	0.00777	0.01064	0.00614	0.00724	0.00477	0.00338	0.00314	0.00104	0.00496	0.00254	0.00159	0.00520
28	0.00987	0.81679	0.05906	0.00661	0.00987	0.02836	0.00672	0.01121	0.00761	0.00888	0.00524	0.00606	0.00476	0.00320	0.00245	0.00081	0.00409	0.00203	0.00159	0.00479
29	0.00994	0.01042	0.05352	0.02793	0.60616	0.10439	0.03622	0.06916	0.02396	0.01258	0.00712	0.00894	0.00581	0.00348	0.00366	0.00110	0.00473	0.00323	0.00200	0.00567
30	0.00540	0.00360	0.00405	0.00405	0.00405	0.00360	0.00225	0.00540	0.00540	0.00720	0.01170	0.02429	0.01349	0.86955	0.01889	0.00360	0.00360	0.00540	0.00225	0.00225
31	0.01277	0.01349	0.01029	0.00915	0.02955	0.43638	0.00694	0.21735	0.20066	0.01414	0.00868	0.00892	0.00667	0.00424	0.00354	0.00107	0.00515	0.00306	0.00278	0.00519
32	0.00774	0.00669	0.00801	0.00574	0.00903	0.00510	0.02200	0.00953	0.01815	0.01213	0.00672	0.00782	0.00557	0.00279	0.00280	0.00057	0.00283	0.00227	0.00221	0.86230
33	0.01387	0.01028	0.01100	0.00849	0.01142	0.01140	0.00700	0.79320	0.05867	0.02300	0.00922	0.00916	0.00656	0.00448	0.00372	0.00112	0.00403	0.00338	0.00372	0.00629
34	0.00540	0.00360	0.00405	0.00405	0.00405	0.00360	0.00225	0.00540	0.00540	0.00720	0.01170	0.02429	0.01349	0.86955	0.01889	0.00360	0.00360	0.00540	0.00225	0.00225
35	0.00449	0.00385	0.00386	0.00384	0.00512	0.00327	0.00289	0.00565	0.02686	0.01015	0.03710	0.03524	0.82644	0.00930	0.00437	0.00125	0.00190	0.00775	0.00345	0.00319
36	0.00963	0.00805	0.00853	0.00758	0.00974	0.00926	0.00592	0.05789	0.78276	0.03435	0.01481	0.01359	0.01105	0.00500	0.00377	0.00125	0.00300	0.00415	0.00379	0.00591
37	0.00923	0.00797	0.00839	0.00755	0.00965	0.00923	0.00588	0.01972	0.83969	0.01553	0.01511	0.01385	0.01133	0.00504	0.00378	0.00126	0.00294	0.00420	0.00378	0.00588
38	0.00439	0.00376	0.00376	0.00376	0.00501	0.00313	0.00282	0.00533	0.00846	0.01003	0.03760	0.03572	0.84489	0.00940	0.00439	0.00125	0.00188	0.00783	0.00345	0.00313
39	0.89577	0.00718	0.00546	0.00488	0.00718	0.00833	0.00402	0.01091	0.00632	0.01665	0.00517	0.00603	0.00402	0.00345	0.00230	0.00115	0.00287	0.00201	0.00230	0.00402
40	0.00439	0.00376	0.00376	0.00376	0.00501	0.00313	0.00282	0.00533	0.00846	0.01003	0.03760	0.03572	0.84489	0.00940	0.00439	0.00125	0.00188	0.00783	0.00345	0.00313
41	0.00992	0.87178	0.01945	0.00635	0.00953	0.01469	0.00635	0.01111	0.00754	0.00873	0.00516	0.00595	0.00476	0.00318	0.00238	0.00079	0.00397	0.00198	0.00159	0.00476
42	0.00540	0.00360	0.00405	0.00405	0.00405	0.00360	0.00225	0.00540	0.00540	0.00720	0.01170	0.02429	0.01349	0.86955	0.01889	0.00360	0.00360	0.00540	0.00225	0.00225
43	0.00919	0.00882	0.01507	0.02278	0.84640	0.00882	0.01139	0.01139	0.00845	0.01213	0.00698	0.00919	0.00588	0.00331	0.00367	0.00110	0.00441	0.00331	0.00184	0.00588
44	0.00443	0.00376	0.00382	0.00380	0.00504	0.00315	0.00285	0.00541	0.00856	0.01027	0.07729	0.03533	0.80506	0.00931	0.00439	0.00125	0.00187	0.00778	0.00348	0.00315
45	0.00822	0.00783	0.01332	0.39499	0.48175	0.00856	0.01091	0.01054	0.00799	0.01095	0.00681	0.00950	0.00547	0.00349	0.00369	0.00116	0.00465	0.00330	0.00175	0.00510
46	0.00919	0.00778	0.00856	0.00815	0.05061	0.00886	0.00602	0.01867	0.74241	0.03213	0.05438	0.01426	0.01215	0.00506	0.00380	0.00124	0.00296	0.00426	0.00371	0.00577
47	0.00527	0.00386	0.00444	0.00430	0.00543	0.00336	0.00322	0.00650	0.00919	0.05104	0.31687	0.08656	0.46917	0.00869	0.00438	0.00124	0.00191	0.00743	0.00372	0.00340
48	0.00884	0.38589	0.42755	0.00857	0.01282	0.05274	0.00996	0.01156	0.00784	0.01033	0.00597	0.00697	0.00475	0.00337	0.00300	0.00098	0.00482	0.00238	0.00161	0.03005
49	0.00618	0.00486	0.00519	0.00484	0.00622	0.00462	0.00367	0.15243	0.00987	0.01242	0.05566	0.14732	0.53792	0.02604	0.00461	0.00131	0.00234	0.00733	0.00349	0.00368
50	0.04500	0.22773	0.01342	0.01067	0.13613	0.47384	0.02121	0.01319	0.00928	0.00978	0.00579	0.00691	0.00493	0.00356	0.00313	0.00095	0.00553	0.00245	0.00183	0.00465
51	0.80152	0.06843	0.00662	0.00515	0.00750	0.03937	0.00430	0.01107	0.00656	0.01582	0.00519	0.00605	0.00410	0.00344	0.00234	0.00112	0.00309	0.00202	0.00223	0.00408
52	0.00899	0.00844	0.01410	0.04115	0.59255	0.00851	0.08500	0.02241	0.08618	0.02654	0.02204	0.01135	0.04811	0.00386	0.00380	0.00114	0.00427	0.00377	0.00220	0.00560
53	0.00860	0.00814	0.01345	0.22115	0.57007	0.00851	0.01053	0.01123	0.04716	0.01165	0.00725	0.00950	0.00589	0.00346	0.00364	0.00111	0.00439	0.00329	0.00190	0.04906
54	0.00530	0.00394	0.00444	0.00424	0.00545	0.00343	0.00320	0.00664	0.01898	0.05104	0.30078	0.03176	0.53040	0.00853	0.00435	0.00122	0.00191	0.00723	0.00371	0.00344
55	0.00919	0.00882	0.01507	0.02278	0.84640	0.00882	0.01139	0.01139	0.00845	0.01213	0.00698	0.00919	0.00588	0.00331	0.00367	0.00110	0.00441	0.00331	0.00184	0.00588
56	0.00463	0.00329	0.00437	0.00519	0.00542	0.00310	0.00350	0.00529	0.00709	0.00944	0.02001	0.79119	0.02389	0.05182	0.00542	0.00161	0.00228	0.04607	0.00339	0.00300
57	0.00876	0.01001	0.02190	0.01564	0.01940	0.00939	0.83292	0.01189	0.00876	0.01189	0.00751	0.01001	0.00563	0.00313	0.00438	0.00125	0.00626	0.00438	0.00188	0.00501
58	0.00483	0.00357	0.00452	0.00472	0.00540	0.00326	0.00337	0.00603	0.00887	0.01202	0.39733	0.35258	0.16095	0.00944	0.00452	0.00131	0.00193	0.00837	0.00374	0.00326
59	0.00645	0.00322	0.00484	0.00484	0.00484	0.00322	0.00322	0.00484	0.00484	0.00645	0.00645	0.01128	0.00645	0.01289	0.01451	0.89201	0.00322	0.00322	0.00161	0.00161
60	0.00992	0.87178	0.01945	0.00635	0.00953	0.01469	0.00635	0.01111	0.00754	0.00873	0.00516	0.00595	0.00476	0.00318	0.00238	0.00079	0.00397	0.00198	0.00159	0.00476
61	0.00923	0.00797	0.00839	0.00755	0.00965	0.00923	0.00588	0.01972	0.83969	0.01553	0.01511	0.01385	0.01133	0.00504	0.00378	0.00126	0.00294	0.00420	0.00378	0.00588
62	0.01665	0.00632	0.00861	0.00660	0.00948	0.00546	0.00546	0.01809	0.01062	0.84897	0.01464	0.01263	0.00919	0.00459	0.00373	0.00115	0.00316	0.00373	0.00459	0.00632
63	0.89577	0.00718	0.00546	0.00488	0.00718	0.00833	0.00402	0.01091	0.00632	0.01665	0.00517	0.00603	0.00402	0.00345	0.00230	0.00115	0.00287	0.00201	0.00230	0.00402
64	0.00876	0.01001	0.02190	0.01564	0.01940	0.00939	0.83292	0.01189	0.00876	0.01189	0.00751	0.01001	0.00563	0.00313	0.00438	0.00125	0.00626	0.00438	0.00188	0.00501
65	0.00744	0.01920	0.85032	0.01058	0.01607	0.00862	0.01371	0.01176	0.00784	0.01176	0.00666	0.00784	0.00470	0.00353	0.00353	0.00118	0.00549	0.00274	0.00157	0.00549
66	0.00701	0.00660	0.01113	0.86063	0.02556	0.00825	0.01031	0.00948	0.00742	0.00948	0.00660	0.00990	0.00495	0.00371	0.00371	0.00124	0.00495	0.00330	0.00165	0.00412
67	0.00540	0.00360	0.00405	0.00405	0.00405	0.00360	0.00225	0.00540	0.00540	0.00720	0.01170	0.02429	0.01349	0.86955	0.01889	0.00360	0.00360	0.00540	0.00225	0.00225
68	0.00725	0.00684	0.01157	0.76747	0.11684	0.00831	0.01043	0.00970	0.00754	0.00978	0.00664	0.00982	0.00505	0.00367	0.00371	0.00122	0.00489	0.00330	0.00167	0.00432
69	0.00923	0.00797	0.00839	0.00755	0.00965	0.00923	0.00588	0.01972	0.83969	0.01553	0.01511	0.01385	0.01133	0.00504	0.00378	0.00126	0.00294	0.00420	0.00378	0.00588
70	0.00443	0.00376	0.00382	0.00380	0.00504	0.00315	0.00285	0.00541	0.00856	0.01027	0.07729	0.03533	0.80506	0.00931	0.00439	0.00125	0.00187	0.00778	0.00348	0.00315
71	0.00923	0.00797	0.00839	0.00755	0.00965	0.00923	0.00588	0.01972	0.83969	0.01553	0.01511	0.01385	0.01133	0.00504	0.00378	0.00126	0.00294	0.00420	0.00378	0.00588
72	0.00894	0.00770	0.00812	0.00736	0.00939	0.00884	0.00573	0.01879	0.78306	0.01518	0.01626	0.01547	0.05065	0.00535	0.00383	0.00127	0.00290	0.02171	0.00375	0.00569
73	0.01638	0.00676	0.00889	0.00682	0.00970	0.00612	0.00563	0.10743	0.01137	0.75857	0.01402	0.01223	0.00887	0.00458	0.00373	0.00114	0.00326	0.00369	0.00450	0.00632
74	0.00530	0.00398	0.00597	0.00597	0.00663	0.00464	0.00464	0.00663	0.00597	0.00862	0.00994	0.01458	0.00928	0.02784	0.85484	0.00597	0.00994	0.00398	0.00199	0.00331
75	0.00530	0.00398	0.00597	0.00597	0.00663	0.00464	0.00464	0.00663	0.00597	0.00862	0.00994	0.01458	0.00928	0.02784	0.85484	0.00597	0.00994	0.00398	0.00199	0.00331
76	0.00701	0.00660	0.01113	0.86063	0.02556	0.00825	0.01031	0.00948	0.00742	0.00948	0.00660	0.00990	0.00495	0.00371	0.00371	0.00124	0.00495	0.00330	0.00165	0.00412
77	0.82962	0.00762	0.00586	0.00518	0.00750	0.03227	0.00425	0.04963	0.00696	0.01676	0.00536	0.00618	0.00415	0.00350	0.00239	0.00114	0.00304	0.00208	0.00235	0.00414
78	0.01665	0.00632	0.00861	0.00660	0.00948	0.00546	0.00546	0.01809	0.01062	0.84897	0.01464	0.01263	0.00919	0.00459	0.00373	0.00115	0.00316	0.00373	0.00459	0.00632
79	0.00674	0.07501	0.00735	0.01748	0.00822	0.00545	0.00608	0.02671	0.02599	0.02538	0.01790	0.03675	0.01906	0.00926	0.00480	0.00160	0.00348	0.69576	0.00328	0.00370
80	0.85253	0.00714	0.00561	0.00497	0.00729	0.00819	0.00409	0.01126	0.00653	0.05759	0.00563	0.00635	0.00427	0.00350	0.00237	0.00115	0.00289	0.00209	0.00241	0.00413
81	0.00450	0.00376	0.00387	0.00385	0.00501	0.00319	0.00285	0.00547	0.00848	0.01029	0.10192	0.03454	0.74010	0.04961	0.00507	0.00136	0.00195	0.00763	0.00344	0.00312
82	0.00467	0.00368	0.00421	0.00427	0.00523	0.00322	0.00313	0.00580	0.00883	0.01137	0.27378	0.17584	0.46429	0.00925	0.00444	0.00127	0.00189	0.00797	0.00364	0.00322
83	0.00451	0.00334	0.00421	0.00489	0.00532	0.00304	0.00333	0.00523	0.00742	0.00966	0.03613	0.69588	0.18121	0.01114	0.00467	0.00145	0.00210	0.00998	0.00346	0.00304
84	0.00526	0.00398	0.00487	0.00461	0.00563	0.00369	0.00347	0.00725	0.04897	0.01388	0.63433	0.02877	0.20576	0.00785	0.00435	0.00119	0.00183	0.00683	0.00394	0.00354
85	0.00530	0.00398	0.00597	0.00597	0.00663	0.00464	0.00464	0.00663	0.00597	0.00862	0.00994	0.01458	0.00928	0.02784	0.85484	0.00597	0.00994	0.00398	0.00199	0.00331
86	0.00992	0.87178	0.01945	0.00635	0.00953	0.01469	0.00635	0.01111	0.00754	0.00873	0.00516	0.00595	0.00476	0.00318	0.00238	0.00079	0.00397	0.00198	0.00159	0.00476
87	0.00532	0.00386	0.00501	0.00471	0.00561	0.00359	0.00354	0.00720	0.02333	0.01489	0.83161	0.02751	0.03466	0.00755	0.00437	0.00117	0.00177	0.00667	0.00408	0.00354
88	0.02735	0.00688	0.00744	0.00677	0.00857	0.00778	0.01974	0.01648	0.60023	0.01483	0.01453	0.04776	0.01150	0.00522	0.00361	0.00120	0.00275	0.02416	0.16800	0.00520
89	0.00992	0.87178	0.01945	0.00635	0.00953	0.01469	0.00635	0.01111	0.00754	0.00873	0.00516	0.00595	0.00476	0.00318	0.00238	0.00079	0.00397	0.00198	0.00159	0.00476
90	0.01840	0.01652	0.63005	0.03416	0.01544	0.00885	0.04641	0.11964	0.00925	0.05620	0.00738	0.00835	0.00518	0.00369	0.00359	0.00117	0.00517	0.00295	0.00203	0.00556
91	0.00864	0.00886	0.01205	0.48223	0.25459	0.13657	0.01003	0.01079	0.00823	0.01025	0.01949	0.00949	0.00565	0.00367	0.00366	0.00116	0.00501	0.00322	0.00178	0.00464
92	0.01154	0.00912	0.00969	0.00802	0.01053	0.01031	0.00643	0.40465	0.45101	0.01925	0.01218	0.01151	0.00896	0.00476	0.00375	0.00119	0.00348	0.00379	0.00375	0.00608
93	0.00535	0.00359	0.00410	0.00414	0.00417	0.00359	0.00236	0.00541	0.00549	0.00734	0.01208	0.06441	0.01393	0.81027	0.03633	0.00355	0.00367	0.00561	0.00230	0.00231
94	0.00988	0.06368	0.41844	0.00970	0.02181	0.09671	0.07265	0.05037	0.03387	0.12400	0.00820	0.00945	0.00609	0.04520	0.00437	0.00125	0.01368	0.00313	0.00223	0.00528
95	0.01319	0.10928	0.01163	0.04454	0.01186	0.57316	0.00719	0.16414	0.01133	0.01168	0.00629	0.00715	0.00507	0.00386	0.00332	0.00098	0.00585	0.00256	0.00220	0.00471
96	0.00588	0.00405	0.00481	0.00449	0.00571	0.00360	0.00341	0.00740	0.02245	0.08063	0.42875	0.02961	0.36932	0.00806	0.00432	0.00120	0.00194	0.00690	0.00386	0.00361
97	0.00805	0.02778	0.19836	0.31523	0.28199	0.01767	0.05495	0.01079	0.00790	0.01092	0.00670	0.00907	0.00522	0.00357	0.00388	0.00118	0.02680	0.00320	0.00170	0.00504

[dist]
# distance from previous block
# <min> <max>
0	1

[block]
# block no. 1 follows, 74 sequences, length 7
# corresponding to MSA columns:
# 119-125
name=unknown_B
#
# <colnr> <probs for GDERKNQSTAVLIFYWHMCP>
#	G	D	E	R	K	N	Q	S	T	A	V	L	I	F	Y	W	H	M	C	P
0	0.01055	0.01174	0.01319	0.01128	0.06587	0.30995	0.24242	0.05190	0.12692	0.01228	0.09790	0.01117	0.00934	0.00420	0.00385	0.00112	0.00524	0.00378	0.00248	0.00483
1	0.00645	0.00322	0.00484	0.00484	0.00484	0.00322	0.00322	0.00484	0.00484	0.00645	0.00645	0.01128	0.00645	0.01289	0.01451	0.89201	0.00322	0.00322	0.00161	0.00161
2	0.00535	0.00380	0.00508	0.00508	0.00544	0.00416	0.00353	0.00606	0.00570	0.00796	0.01075	0.01907	0.01123	0.41702	0.46832	0.00487	0.00701	0.00463	0.00211	0.00282
3	0.01083	0.01124	0.07384	0.01325	0.11362	0.12102	0.34789	0.14256	0.04251	0.07394	0.00818	0.00949	0.00607	0.00366	0.00393	0.00116	0.00535	0.00366	0.00241	0.00538
4	0.00995	0.05702	0.00912	0.00757	0.00967	0.09945	0.00595	0.01796	0.61775	0.05807	0.01326	0.01262	0.01004	0.00596	0.04760	0.00144	0.00377	0.00384	0.00341	0.00554
5	0.00502	0.00375	0.00466	0.00451	0.00542	0.00339	0.00335	0.00652	0.00983	0.01347	0.61471	0.08933	0.20583	0.00826	0.00441	0.00121	0.00181	0.00722	0.00390	0.00339
6	0.01073	0.01249	0.07337	0.01037	0.05863	0.32499	0.10117	0.07072	0.15102	0.01207	0.00935	0.01249	0.00794	0.00473	0.00411	0.00118	0.03623	0.09109	0.00247	0.00486

[dist]
# distance from previous block
# <min> <max>
0	1

[block]
# block no. 2 follows, 74 sequences, length 17
# corresponding to MSA columns:
# 127-143
name=unknown_C
#
# <colnr> <probs for GDERKNQSTAVLIFYWHMCP>
#	G	D	E	R	K	N	Q	S	T	A	V	L	I	F	Y	W	H	M	C	P
0	0.00852	0.00885	0.01068	0.00931	0.00962	0.11426	0.00763	0.00941	0.00631	0.00892	0.00553	0.00864	0.00534	0.00847	0.10199	0.00201	0.66558	0.00322	0.00170	0.00401
1	0.01665	0.00632	0.00861	0.00660	0.00948	0.00546	0.00546	0.01809	0.01062	0.84897	0.01464	0.01263	0.00919	0.00459	0.00373	0.00115	0.00316	0.00373	0.00459	0.00632
2	0.01230	0.01341	0.01036	0.03613	0.09361	0.49304	0.00722	0.12487	0.03963	0.04117	0.00832	0.08726	0.00731	0.00465	0.00360	0.00107	0.00539	0.00350	0.00244	0.00473
3	0.02735	0.27575	0.50291	0.00871	0.01322	0.01011	0.01042	0.01132	0.00770	0.01098	0.00617	0.00722	0.00478	0.00335	0.00308	0.00100	0.00472	0.00245	0.00165	0.08713
4	0.08899	0.51327	0.21786	0.00766	0.01124	0.06746	0.02687	0.01151	0.00773	0.01027	0.00561	0.00656	0.00470	0.00333	0.00276	0.00094	0.00447	0.00225	0.00167	0.00485
5	0.01197	0.00557	0.00717	0.00587	0.00794	0.00514	0.00471	0.05277	0.04471	0.45236	0.25893	0.01707	0.01679	0.00546	0.00382	0.00113	0.00265	0.00459	0.08615	0.00520
6	0.00878	0.01124	0.11231	0.01349	0.01701	0.09111	0.58708	0.01168	0.00893	0.01174	0.06023	0.01122	0.02916	0.00368	0.00418	0.00121	0.00582	0.00424	0.00202	0.00485
7	0.00519	0.00405	0.00550	0.00670	0.08748	0.00379	0.00435	0.00630	0.00810	0.01074	0.13737	0.43316	0.17831	0.00971	0.00455	0.00139	0.00238	0.08413	0.00338	0.00342
8	0.00506	0.00381	0.00446	0.00480	0.00541	0.00362	0.00336	0.00627	0.05246	0.00959	0.02292	0.33035	0.24935	0.20173	0.00778	0.00191	0.00255	0.07830	0.00319	0.00307
9	0.00454	0.00326	0.00431	0.00511	0.00538	0.00303	0.00343	0.00523	0.00725	0.00966	0.04632	0.81478	0.05108	0.01143	0.00472	0.00149	0.00213	0.01035	0.00347	0.00303
10	0.00520	0.00379	0.00489	0.00461	0.00551	0.00348	0.00346	0.00690	0.01038	0.01458	0.79425	0.02822	0.08540	0.00770	0.00438	0.00117	0.00176	0.00678	0.00405	0.00348
11	0.82092	0.00710	0.00572	0.00503	0.00737	0.00808	0.00414	0.01152	0.00668	0.08752	0.00598	0.00659	0.00446	0.00354	0.00242	0.00115	0.00290	0.00216	0.00249	0.00422
12	0.01387	0.01769	0.01052	0.00956	0.01148	0.85465	0.00717	0.01482	0.01052	0.00908	0.00574	0.00669	0.00478	0.00383	0.00335	0.00096	0.00669	0.00239	0.00191	0.00430
13	0.00919	0.00882	0.01507	0.02278	0.84640	0.00882	0.01139	0.01139	0.00845	0.01213	0.00698	0.00919	0.00588	0.00331	0.00367	0.00110	0.00441	0.00331	0.00184	0.00588
14	0.01027	0.00696	0.00785	0.00795	0.11547	0.05737	0.00543	0.20381	0.01075	0.10854	0.05595	0.02556	0.00959	0.00452	0.00330	0.00102	0.00309	0.00367	0.35411	0.00480
15	0.00992	0.87178	0.01945	0.00635	0.00953	0.01469	0.00635	0.01111	0.00754	0.00873	0.00516	0.00595	0.00476	0.00318	0.00238	0.00079	0.00397	0.00198	0.00159	0.00476
16	0.00780	0.28556	0.09810	0.00692	0.00902	0.02746	0.00660	0.03815	0.00826	0.01053	0.03487	0.06406	0.01299	0.00709	0.00453	0.05667	0.00379	0.31102	0.00252	0.00406

[dist]
# distance from previous block
# <min> <max>
0	4

[block]
# block no. 3 follows, 74 sequences, length 51
# corresponding to MSA columns:
# 148-198
name=unknown_D
#
# <colnr> <probs for GDERKNQSTAVLIFYWHMCP>
#	G	D	E	R	K	N	Q	S	T	A	V	L	I	F	Y	W	H	M	C	P
0	0.02039	0.45778	0.28053	0.00768	0.01140	0.01149	0.00847	0.06125	0.00847	0.03060	0.05217	0.00853	0.01960	0.00374	0.00300	0.00097	0.00427	0.00270	0.00195	0.00502
1	0.04075	0.00993	0.01050	0.03300	0.19722	0.16295	0.00743	0.16799	0.20533	0.05399	0.01021	0.06660	0.00834	0.00465	0.00367	0.00115	0.00417	0.00381	0.00290	0.00540
2	0.00701	0.00660	0.01113	0.86063	0.02556	0.00825	0.01031	0.00948	0.00742	0.00948	0.00660	0.00990	0.00495	0.00371	0.00371	0.00124	0.00495	0.00330	0.00165	0.00412
3	0.00953	0.00712	0.01259	0.00957	0.01211	0.00670	0.32283	0.01249	0.08122	0.20296	0.26330	0.01630	0.01583	0.00498	0.00418	0.00120	0.00390	0.00492	0.00333	0.00492
4	0.00515	0.00379	0.00482	0.00456	0.00548	0.00346	0.00342	0.00680	0.01026	0.01429	0.74611	0.02870	0.13373	0.00781	0.00438	0.00118	0.00177	0.00685	0.00401	0.00346
5	0.01249	0.00962	0.01051	0.00833	0.01109	0.01066	0.02324	0.57167	0.24221	0.02070	0.01052	0.01025	0.00765	0.00454	0.00372	0.00114	0.00378	0.00357	0.00365	0.03068
6	0.00792	0.00685	0.02058	0.10383	0.15761	0.00753	0.00697	0.02517	0.28639	0.02642	0.01083	0.01295	0.00889	0.04605	0.22599	0.00254	0.01852	0.00387	0.01628	0.00481
7	0.00787	0.09752	0.66752	0.01135	0.07658	0.00924	0.05632	0.01168	0.00790	0.01151	0.00659	0.00788	0.00484	0.00346	0.00348	0.00114	0.00531	0.00280	0.00161	0.00542
8	0.00873	0.05289	0.08163	0.02842	0.09051	0.00952	0.64844	0.01176	0.00859	0.01171	0.00727	0.00958	0.00553	0.00318	0.00415	0.00121	0.00591	0.00403	0.00183	0.00509
9	0.85715	0.00714	0.00559	0.00496	0.00728	0.00820	0.00408	0.01123	0.00651	0.05322	0.00558	0.00632	0.00425	0.00350	0.00236	0.00115	0.00288	0.00209	0.00240	0.00412
10	0.00808	0.04212	0.49992	0.01254	0.08235	0.00894	0.22815	0.02812	0.00839	0.01205	0.03009	0.00903	0.00591	0.00352	0.00375	0.00118	0.00542	0.00332	0.00178	0.00533
11	0.01139	0.02022	0.22123	0.00910	0.03341	0.00775	0.08769	0.14780	0.04867	0.27283	0.02400	0.08028	0.00886	0.00475	0.00382	0.00119	0.00412	0.00408	0.00319	0.00562
12	0.00465	0.00332	0.00445	0.00528	0.00556	0.00312	0.00364	0.00540	0.00730	0.00973	0.04019	0.78541	0.02456	0.01143	0.00476	0.00151	0.00224	0.07094	0.00346	0.00306
13	0.01658	0.00644	0.00869	0.00666	0.00954	0.00564	0.00550	0.04294	0.01083	0.82382	0.01447	0.01252	0.00910	0.00459	0.00373	0.00115	0.00319	0.00372	0.00457	0.00632
14	0.01035	0.11733	0.06114	0.10623	0.30412	0.03087	0.10439	0.11892	0.00965	0.09043	0.00769	0.00910	0.00588	0.00361	0.00359	0.00110	0.00459	0.00325	0.00228	0.00548
15	0.00870	0.06554	0.47465	0.08288	0.16780	0.00934	0.01175	0.11347	0.00909	0.01290	0.00691	0.00828	0.00514	0.00360	0.00352	0.00114	0.00498	0.00292	0.00189	0.00550
16	0.00456	0.00325	0.00430	0.00512	0.00532	0.00304	0.00339	0.00518	0.00703	0.00937	0.02006	0.82911	0.02405	0.05032	0.00538	0.00160	0.00222	0.01032	0.00339	0.00298
17	0.62777	0.00992	0.00719	0.00640	0.00854	0.22308	0.01731	0.01185	0.00740	0.01439	0.00534	0.00633	0.00427	0.00364	0.00294	0.00112	0.03405	0.00219	0.00217	0.00411
18	0.00478	0.00378	0.00432	0.00434	0.00539	0.00332	0.00329	0.00600	0.00902	0.01157	0.28310	0.08114	0.48972	0.00903	0.00446	0.00127	0.00197	0.06658	0.00364	0.00326
19	0.00812	0.00697	0.00794	0.00596	0.02416	0.03131	0.00464	0.00976	0.00787	0.03149	0.00677	0.00781	0.00557	0.00284	0.00281	0.00059	0.00291	0.00226	0.00224	0.82799
20	0.00539	0.00362	0.00416	0.00416	0.00420	0.00366	0.00239	0.00547	0.00543	0.00728	0.01159	0.02372	0.01325	0.81982	0.06828	0.00374	0.00397	0.00531	0.00223	0.00231
21	0.00475	0.00363	0.00439	0.00471	0.00548	0.00327	0.00345	0.00583	0.00843	0.01095	0.19982	0.32332	0.31879	0.00987	0.00457	0.00136	0.00208	0.07853	0.00358	0.00319
22	0.00744	0.01920	0.85032	0.01058	0.01607	0.00862	0.01371	0.01176	0.00784	0.01176	0.00666	0.00784	0.00470	0.00353	0.00353	0.00118	0.00549	0.00274	0.00157	0.00549
23	0.01555	0.00703	0.00892	0.00696	0.00976	0.00664	0.00571	0.12569	0.09738	0.65396	0.01394	0.01227	0.00903	0.00462	0.00373	0.00116	0.00326	0.00373	0.00439	0.00627
24	0.01411	0.01040	0.01114	0.00854	0.01151	0.01151	0.00706	0.83402	0.01745	0.02339	0.00891	0.00891	0.00631	0.00446	0.00371	0.00111	0.00408	0.00334	0.00371	0.00631
25	0.01639	0.00674	0.00888	0.00681	0.00969	0.00609	0.00562	0.10310	0.01134	0.76295	0.01405	0.01225	0.00889	0.00458	0.00373	0.00114	0.00325	0.00369	0.00450	0.00632
26	0.00919	0.00882	0.01507	0.02278	0.84640	0.00882	0.01139	0.01139	0.00845	0.01213	0.00698	0.00919	0.00588	0.00331	0.00367	0.00110	0.00441	0.00331	0.00184	0.00588
27	0.01171	0.19457	0.02331	0.00772	0.01036	0.09483	0.00649	0.22943	0.28328	0.08564	0.01027	0.00997	0.00769	0.00431	0.00341	0.00108	0.00389	0.00326	0.00314	0.00563
28	0.09390	0.24034	0.01239	0.00812	0.01051	0.46304	0.00660	0.07844	0.00990	0.03688	0.00606	0.00680	0.00496	0.00369	0.00304	0.00095	0.00531	0.00237	0.00209	0.00462
29	0.00782	0.14163	0.29560	0.00958	0.10269	0.02163	0.02101	0.02058	0.11436	0.01145	0.01281	0.07202	0.12444	0.00510	0.00381	0.00116	0.02290	0.00417	0.00231	0.00492
30	0.04123	0.01736	0.01036	0.00942	0.01134	0.82839	0.00707	0.01470	0.01039	0.00932	0.00572	0.00667	0.00476	0.00381	0.00331	0.00096	0.00658	0.00238	0.00192	0.00429
31	0.00525	0.00379	0.00496	0.00467	0.00555	0.00350	0.00350	0.00700	0.01051	0.01488	0.84444	0.02773	0.03502	0.00759	0.00438	0.00117	0.00175	0.00671	0.00409	0.00350
32	0.01081	0.36998	0.20573	0.00833	0.01172	0.19773	0.00831	0.12622	0.00964	0.01153	0.00615	0.00696	0.00497	0.00358	0.00304	0.00096	0.00493	0.00244	0.00195	0.00504
33	0.00983	0.19900	0.43435	0.00905	0.01334	0.01875	0.03289	0.11846	0.00933	0.09276	0.00741	0.00808	0.00540	0.00365	0.00333	0.00107	0.00473	0.00278	0.00216	0.02362
34	0.00663	0.00424	0.00489	0.00455	0.00590	0.00375	0.00347	0.02873	0.00926	0.12771	0.19071	0.09476	0.44526	0.00820	0.00422	0.00122	0.00210	0.00695	0.04373	0.00373
35	0.00540	0.00360	0.00405	0.00405	0.00405	0.00360	0.00225	0.00540	0.00540	0.00720	0.01170	0.02429	0.01349	0.86955	0.01889	0.00360	0.00360	0.00540	0.00225	0.00225
36	0.00560	0.00404	0.00506	0.00506	0.00551	0.00429	0.00346	0.01914	0.05544	0.00890	0.03384	0.11987	0.03139	0.40273	0.27553	0.00380	0.00529	0.00554	0.00249	0.00300
37	0.00943	0.01115	0.20720	0.01102	0.10137	0.00916	0.11906	0.17278	0.24111	0.01499	0.01036	0.05797	0.00821	0.00450	0.00383	0.00121	0.00431	0.00398	0.00277	0.00559
38	0.00455	0.00329	0.00430	0.00506	0.00537	0.00304	0.00341	0.00526	0.00734	0.00975	0.05864	0.78015	0.07349	0.01132	0.00470	0.00148	0.00212	0.01022	0.00347	0.00304
39	0.01466	0.00633	0.00829	0.00652	0.00910	0.00576	0.00532	0.07027	0.04788	0.64804	0.12343	0.01443	0.01249	0.00500	0.00382	0.00115	0.00302	0.00412	0.00443	0.00593
40	0.14346	0.02003	0.02653	0.16933	0.41802	0.01829	0.02918	0.07121	0.04610	0.01322	0.00711	0.00895	0.00565	0.00357	0.00347	0.00114	0.00427	0.00314	0.00209	0.00525
41	0.00532	0.00445	0.00659	0.14945	0.00979	0.00445	0.05592	0.00661	0.00773	0.00992	0.02125	0.39077	0.21114	0.00911	0.00450	0.00141	0.00294	0.09222	0.00304	0.00339
42	0.00452	0.00375	0.00385	0.00384	0.00496	0.00319	0.00281	0.00543	0.00832	0.01006	0.08104	0.03430	0.72832	0.08250	0.00562	0.00145	0.00202	0.00756	0.00338	0.00308
43	0.00778	0.00946	0.11213	0.05173	0.10323	0.00802	0.43635	0.01045	0.00838	0.01158	0.05847	0.12716	0.00981	0.00471	0.00439	0.00126	0.02323	0.00498	0.00217	0.00473
44	0.00840	0.24299	0.56978	0.00961	0.01434	0.01017	0.05126	0.01176	0.00788	0.03240	0.00651	0.00757	0.00488	0.00344	0.00327	0.00108	0.00506	0.00265	0.00167	0.00529
45	0.00957	0.00984	0.03546	0.06087	0.65295	0.09309	0.01067	0.02336	0.04621	0.01199	0.00722	0.00914	0.00595	0.00348	0.00365	0.00110	0.00462	0.00324	0.00194	0.00563
46	0.02701	0.00639	0.00749	0.00663	0.00790	0.06443	0.05367	0.05430	0.03764	0.02940	0.13593	0.10307	0.27879	0.00751	0.00548	0.00130	0.13888	0.02721	0.00307	0.00388
47	0.16194	0.27840	0.03772	0.03001	0.10058	0.02941	0.00614	0.01796	0.00824	0.06657	0.15201	0.01179	0.02677	0.00566	0.05131	0.00131	0.00383	0.00337	0.00245	0.00454
48	0.05500	0.29185	0.04169	0.00830	0.04809	0.16555	0.00689	0.24080	0.01101	0.04419	0.02733	0.02956	0.00660	0.00405	0.00318	0.00100	0.00439	0.00292	0.00250	0.00513
49	0.03178	0.15728	0.15067	0.01009	0.09820	0.14786	0.05484	0.06149	0.12151	0.11839	0.00859	0.00904	0.00644	0.00386	0.00341	0.00108	0.00458	0.00305	0.00250	0.00536
50	0.04478	0.08505	0.11190	0.03136	0.20708	0.15727	0.08547	0.04729	0.01908	0.04185	0.03130	0.07650	0.00793	0.01885	0.00385	0.00115	0.00466	0.00372	0.00222	0.01869

[dist]
# distance from previous block
# <min> <max>
2	14

[block]
# block no. 4 follows, 74 sequences, length 8
# corresponding to MSA columns:
# 216-223
name=unknown_E
#
# <colnr> <probs for GDERKNQSTAVLIFYWHMCP>
#	G	D	E	R	K	N	Q	S	T	A	V	L	I	F	Y	W	H	M	C	P
0	0.44225	0.01027	0.00868	0.00835	0.08096	0.20820	0.02730	0.10206	0.05654	0.01503	0.00650	0.00732	0.00507	0.00372	0.00296	0.00110	0.00413	0.00254	0.00240	0.00463
1	0.00474	0.00371	0.00429	0.00427	0.00526	0.00326	0.00315	0.00596	0.00910	0.01184	0.34667	0.12677	0.43983	0.00895	0.00442	0.00125	0.00186	0.00771	0.00369	0.00326
2	0.01252	0.23491	0.01323	0.00964	0.07528	0.47415	0.00727	0.11097	0.01042	0.01093	0.00606	0.00696	0.00504	0.00369	0.00317	0.00094	0.00551	0.00247	0.00204	0.00478
3	0.00485	0.00373	0.00443	0.00436	0.00532	0.00331	0.00323	0.00618	0.00940	0.01250	0.45471	0.10598	0.35126	0.00866	0.00441	0.00123	0.00184	0.00750	0.00378	0.00331
4	0.16482	0.03040	0.02680	0.04894	0.10863	0.23123	0.00720	0.23557	0.03400	0.06745	0.00750	0.00819	0.00565	0.00393	0.00334	0.00108	0.00457	0.00286	0.00265	0.00518
5	0.12341	0.01043	0.06008	0.01010	0.05235	0.08033	0.16775	0.31399	0.03425	0.08153	0.00852	0.02569	0.00636	0.00408	0.00364	0.00115	0.00453	0.00345	0.00288	0.00546
6	0.33396	0.00912	0.00972	0.03382	0.04859	0.06072	0.06165	0.26887	0.05475	0.04326	0.00747	0.00819	0.00558	0.00399	0.00353	0.00116	0.03484	0.00292	0.00277	0.00508
7	0.25727	0.03447	0.03241	0.00837	0.05095	0.22849	0.02179	0.19196	0.04041	0.06307	0.00725	0.00782	0.00548	0.00385	0.00317	0.00107	0.00438	0.00271	0.00262	0.03246

[dist]
# distance from previous block
# <min> <max>
6	11

# created by:
# /st0/software/busco_prod/Augustus/scripts/msa2prfl.pl ./align_prep/33356.fa
