[name]
unknown

[dist]
# distance from previous block
# <min> <max>
0	2

[block]
# block no. 0 follows, 71 sequences, length 15
# corresponding to MSA columns:
# 2-16
name=unknown_A
#
# <colnr> <probs for GDERKNQSTAVLIFYWHMCP>
#	G	D	E	R	K	N	Q	S	T	A	V	L	I	F	Y	W	H	M	C	P
0	0.00764	0.09508	0.05169	0.00756	0.00924	0.00651	0.04027	0.06259	0.02301	0.03626	0.01643	0.06592	0.01713	0.02941	0.00506	0.00159	0.00380	0.51348	0.00321	0.00413
1	0.08455	0.06887	0.49048	0.00921	0.01352	0.00902	0.02485	0.09760	0.03741	0.04002	0.00976	0.03490	0.05481	0.00439	0.00360	0.00120	0.00471	0.00344	0.00227	0.00540
2	0.01135	0.65604	0.01780	0.00724	0.01029	0.14707	0.00672	0.06581	0.00903	0.03014	0.00591	0.00664	0.00514	0.00351	0.00274	0.00088	0.00453	0.00225	0.00191	0.00499
3	0.00643	0.00341	0.00482	0.00482	0.00482	0.00341	0.00312	0.00512	0.00512	0.00682	0.00780	0.01448	0.00819	0.19251	0.01594	0.70235	0.00341	0.00380	0.00180	0.00180
4	0.00724	0.00681	0.01150	0.85604	0.02641	0.00852	0.01065	0.00980	0.00767	0.00980	0.00681	0.01022	0.00511	0.00383	0.00383	0.00128	0.00511	0.00341	0.00170	0.00426
5	0.00808	0.00766	0.01307	0.59912	0.19434	0.00884	0.06429	0.03876	0.00834	0.01102	0.00704	0.01004	0.00541	0.00373	0.00387	0.00125	0.00505	0.00348	0.00183	0.00477
6	0.00454	0.00384	0.00393	0.00401	0.00521	0.00323	0.00297	0.00549	0.00862	0.01031	0.03732	0.10772	0.76994	0.00991	0.00456	0.00132	0.00197	0.00833	0.00356	0.00323
7	0.01052	0.73498	0.01846	0.00692	0.00995	0.11016	0.00658	0.01173	0.00808	0.00906	0.00560	0.00660	0.00511	0.00440	0.03742	0.00106	0.00468	0.00218	0.00170	0.00480
8	0.00473	0.00389	0.00416	0.00409	0.00530	0.00332	0.00307	0.00588	0.00921	0.01146	0.21541	0.03508	0.66252	0.00930	0.00453	0.00128	0.00191	0.00784	0.00371	0.00332
9	0.01025	0.86756	0.02009	0.00656	0.00984	0.01517	0.00656	0.01148	0.00779	0.00902	0.00533	0.00615	0.00492	0.00328	0.00246	0.00082	0.00410	0.00205	0.00164	0.00492
10	0.01374	0.00760	0.01250	0.06541	0.05162	0.00707	0.19665	0.04539	0.01046	0.49521	0.04514	0.01255	0.00915	0.00439	0.00403	0.00121	0.00416	0.00407	0.00371	0.00593
11	0.00517	0.00370	0.00500	0.00536	0.00569	0.00386	0.00370	0.00593	0.00650	0.00891	0.01511	0.36126	0.01702	0.22126	0.30940	0.00371	0.00545	0.00721	0.00273	0.00304
12	0.00953	0.65875	0.18932	0.00744	0.01111	0.01347	0.00805	0.01143	0.00779	0.00966	0.00585	0.00691	0.00509	0.00437	0.03648	0.00111	0.00467	0.00229	0.00165	0.00501
13	0.02811	0.00701	0.00815	0.00597	0.00925	0.00567	0.00480	0.04083	0.04500	0.08617	0.00799	0.00869	0.00628	0.00319	0.00300	0.00069	0.00294	0.00254	0.00262	0.72110
14	0.00976	0.31829	0.41248	0.00903	0.01341	0.01163	0.01031	0.14981	0.00966	0.01307	0.00672	0.00759	0.00516	0.00368	0.00326	0.00106	0.00487	0.00266	0.00200	0.00555

[dist]
# distance from previous block
# <min> <max>
0	4

[block]
# block no. 1 follows, 71 sequences, length 7
# corresponding to MSA columns:
# 21-27
name=unknown_B
#
# <colnr> <probs for GDERKNQSTAVLIFYWHMCP>
#	G	D	E	R	K	N	Q	S	T	A	V	L	I	F	Y	W	H	M	C	P
0	0.02848	0.00779	0.01193	0.35037	0.01753	0.05156	0.14541	0.01059	0.05865	0.01123	0.10792	0.01294	0.00977	0.04625	0.00584	0.00142	0.11162	0.00410	0.00224	0.00435
1	0.00494	0.00366	0.00479	0.00527	0.00584	0.00351	0.00379	0.00595	0.00788	0.01050	0.12090	0.46814	0.14812	0.01358	0.13088	0.00217	0.00340	0.05002	0.00341	0.00326
2	0.01030	0.01181	0.15156	0.03564	0.04303	0.14136	0.00801	0.13025	0.33595	0.01492	0.04170	0.03905	0.00968	0.00486	0.00383	0.00121	0.00431	0.00391	0.00306	0.00557
3	0.01000	0.04052	0.05584	0.02522	0.10060	0.03042	0.12377	0.03334	0.05166	0.15597	0.03216	0.07199	0.02255	0.00446	0.00372	0.00106	0.00392	0.00401	0.00282	0.22597
4	0.00858	0.18864	0.39811	0.01027	0.06461	0.00942	0.09214	0.01154	0.00840	0.05483	0.01096	0.01174	0.10604	0.00430	0.00362	0.00115	0.00478	0.00357	0.00207	0.00524
5	0.00936	0.36032	0.23014	0.00811	0.01189	0.01098	0.03891	0.08869	0.00883	0.01191	0.00667	0.00783	0.00544	0.00474	0.04655	0.00121	0.00473	0.00262	0.00197	0.13911
6	0.00577	0.00653	0.10638	0.00620	0.00738	0.06552	0.00512	0.00700	0.00793	0.01018	0.02070	0.55570	0.13272	0.01005	0.00460	0.00145	0.00299	0.03701	0.00321	0.00355

[dist]
# distance from previous block
# <min> <max>
4	12

[block]
# block no. 2 follows, 71 sequences, length 27
# corresponding to MSA columns:
# 40-66
name=unknown_C
#
# <colnr> <probs for GDERKNQSTAVLIFYWHMCP>
#	G	D	E	R	K	N	Q	S	T	A	V	L	I	F	Y	W	H	M	C	P
0	0.00657	0.00464	0.00585	0.00547	0.00665	0.00459	0.00416	0.00918	0.10447	0.06319	0.42654	0.06960	0.08714	0.02129	0.13821	0.00204	0.00346	0.00617	0.00371	0.02705
1	0.03688	0.04255	0.03190	0.00814	0.01094	0.03575	0.00675	0.43426	0.24205	0.01945	0.03240	0.01076	0.00847	0.00462	0.00370	0.00114	0.00382	0.00358	0.00353	0.05928
2	0.01086	0.02195	0.02899	0.00829	0.01016	0.07475	0.03674	0.09590	0.04891	0.12659	0.06616	0.24162	0.03246	0.00942	0.06219	0.00188	0.04966	0.00624	0.00376	0.06347
3	0.04865	0.15876	0.15979	0.01054	0.01425	0.00984	0.26933	0.09288	0.00973	0.16211	0.00862	0.00967	0.00629	0.01790	0.00398	0.00120	0.00493	0.00349	0.00255	0.00550
4	0.00887	0.22718	0.47448	0.00974	0.01425	0.01011	0.08061	0.01224	0.02059	0.05638	0.04584	0.00912	0.00676	0.00380	0.00348	0.00112	0.00500	0.00305	0.00197	0.00540
5	0.00505	0.00389	0.00502	0.00514	0.00599	0.00355	0.02167	0.00625	0.00880	0.01161	0.24977	0.30731	0.26064	0.01037	0.02708	0.00151	0.00241	0.05687	0.00366	0.00337
6	0.00990	0.03092	0.11074	0.01217	0.02840	0.04088	0.40359	0.10765	0.01020	0.07366	0.06967	0.04550	0.00901	0.00426	0.00417	0.00122	0.00521	0.00439	0.00256	0.02590
7	0.10375	0.00900	0.01049	0.00817	0.01106	0.07645	0.10162	0.19006	0.07384	0.14744	0.00997	0.03467	0.01638	0.00426	0.00357	0.00107	0.00396	0.00351	0.00313	0.18761
8	0.00709	0.00606	0.00935	0.08831	0.26710	0.00608	0.02970	0.00917	0.04988	0.02930	0.09928	0.27150	0.09703	0.00722	0.00430	0.00131	0.00332	0.00657	0.00294	0.00448
9	0.02735	0.00608	0.02801	0.00575	0.00774	0.00555	0.00471	0.13604	0.03603	0.17277	0.08406	0.03707	0.38644	0.00748	0.00424	0.00126	0.00275	0.03826	0.00381	0.00458
10	0.08737	0.00984	0.01383	0.04933	0.06685	0.06411	0.24275	0.20935	0.10622	0.09788	0.00933	0.01016	0.00681	0.00405	0.00389	0.00121	0.00476	0.00372	0.00292	0.00561
11	0.00925	0.01240	0.18295	0.01401	0.04166	0.05982	0.50159	0.04688	0.04514	0.01268	0.00821	0.03236	0.00639	0.00374	0.00422	0.00126	0.00592	0.00415	0.00208	0.00529
12	0.00555	0.00377	0.00469	0.00487	0.00567	0.00342	0.00350	0.00669	0.00882	0.05046	0.25366	0.37582	0.19906	0.00967	0.00456	0.00136	0.00208	0.00853	0.04435	0.00346
13	0.00785	0.00820	0.07152	0.65276	0.13353	0.00875	0.01092	0.04142	0.00823	0.01087	0.00696	0.00993	0.00527	0.00379	0.00381	0.00125	0.00504	0.00337	0.00180	0.00469
14	0.18102	0.00957	0.01064	0.00839	0.01124	0.02896	0.06970	0.41772	0.12406	0.08663	0.00962	0.00967	0.00692	0.00438	0.00361	0.00119	0.00398	0.00340	0.00345	0.00586
15	0.00924	0.00626	0.00848	0.04076	0.08785	0.03560	0.04198	0.07928	0.01892	0.17187	0.01440	0.29484	0.01417	0.04469	0.08397	0.00188	0.00412	0.02321	0.01391	0.00457
16	0.03223	0.00517	0.00624	0.00582	0.00729	0.00498	0.00439	0.05794	0.08291	0.20265	0.08148	0.32418	0.15239	0.00840	0.00435	0.00135	0.00259	0.00729	0.00389	0.00444
17	0.02832	0.00969	0.01140	0.00896	0.01175	0.02176	0.07697	0.51187	0.14349	0.05732	0.01031	0.01061	0.00756	0.00628	0.06423	0.00154	0.00463	0.00371	0.00355	0.00604
18	0.01193	0.00915	0.01228	0.13695	0.17696	0.00986	0.04649	0.41054	0.01322	0.07697	0.00941	0.05202	0.00734	0.00457	0.00391	0.00120	0.00435	0.00389	0.00310	0.00587
19	0.74285	0.00777	0.00658	0.00667	0.06710	0.04044	0.00494	0.01126	0.00699	0.01623	0.00639	0.00870	0.00539	0.00399	0.00269	0.00121	0.00326	0.05090	0.00239	0.00426
20	0.01019	0.45580	0.06273	0.02467	0.07307	0.03701	0.19768	0.07619	0.00906	0.01141	0.00646	0.00780	0.00534	0.00343	0.00326	0.00101	0.00487	0.00291	0.00191	0.00520
21	0.02977	0.00455	0.00532	0.00497	0.00571	0.00457	0.00343	0.03238	0.00723	0.09494	0.02753	0.02411	0.14257	0.48225	0.06154	0.00292	0.03339	0.02675	0.00283	0.00325
22	0.07617	0.01701	0.00996	0.00885	0.06465	0.11336	0.08157	0.15159	0.03638	0.15141	0.05232	0.11523	0.07525	0.02362	0.00427	0.00127	0.00396	0.00486	0.00325	0.00501
23	0.13092	0.14859	0.10776	0.05569	0.02373	0.02086	0.16947	0.17567	0.04308	0.06631	0.00790	0.00886	0.00589	0.00382	0.00352	0.00114	0.00460	0.00321	0.00254	0.01644
24	0.08680	0.00667	0.00846	0.00670	0.00939	0.00618	0.00546	0.08560	0.01095	0.63032	0.03173	0.07311	0.01050	0.00522	0.00382	0.00121	0.00321	0.00424	0.00438	0.00603
25	0.00487	0.00355	0.00445	0.00493	0.00539	0.00328	0.00335	0.00569	0.00790	0.01051	0.15322	0.52501	0.13856	0.10300	0.00636	0.00170	0.00228	0.00930	0.00353	0.00313
26	0.00967	0.00842	0.03579	0.03736	0.16957	0.01926	0.25846	0.05346	0.03662	0.12342	0.09160	0.06836	0.04104	0.00488	0.00417	0.00123	0.00443	0.00479	0.00284	0.02464

[dist]
# distance from previous block
# <min> <max>
0	1

[block]
# block no. 3 follows, 71 sequences, length 12
# corresponding to MSA columns:
# 68-79
name=unknown_D
#
# <colnr> <probs for GDERKNQSTAVLIFYWHMCP>
#	G	D	E	R	K	N	Q	S	T	A	V	L	I	F	Y	W	H	M	C	P
0	0.00637	0.00442	0.00545	0.00556	0.00647	0.00437	0.00403	0.02710	0.08711	0.06875	0.05242	0.40660	0.15525	0.04015	0.10528	0.00206	0.00336	0.00802	0.00349	0.00376
1	0.05158	0.00591	0.00741	0.00607	0.00833	0.00539	0.00486	0.06157	0.01047	0.48765	0.09092	0.06940	0.11968	0.02731	0.00436	0.00128	0.00292	0.00504	0.02450	0.00536
2	0.00689	0.00522	0.00610	0.00609	0.00722	0.00542	0.00450	0.04646	0.23322	0.03613	0.09447	0.39899	0.08991	0.00901	0.00450	0.00141	0.00254	0.03393	0.00376	0.00423
3	0.01138	0.23368	0.09479	0.01026	0.10336	0.03676	0.06289	0.22361	0.08600	0.07184	0.00910	0.00958	0.02199	0.00408	0.00351	0.00109	0.00438	0.00326	0.00272	0.00572
4	0.00955	0.28373	0.14626	0.02597	0.01167	0.14355	0.06320	0.03543	0.05026	0.01052	0.00747	0.00958	0.00642	0.04888	0.11549	0.00184	0.02042	0.00306	0.00198	0.00474
5	0.00929	0.00689	0.00813	0.00599	0.00914	0.00560	0.00481	0.07667	0.00931	0.10284	0.06985	0.01014	0.00843	0.00356	0.00315	0.00073	0.00292	0.00288	0.00281	0.65686
6	0.00758	0.00639	0.00753	0.00555	0.00859	0.00489	0.00441	0.00930	0.00838	0.01292	0.12932	0.01100	0.01017	0.00358	0.00309	0.00066	0.00269	0.00296	0.00256	0.75845
7	0.00549	0.00406	0.00594	0.00594	0.00655	0.00467	0.00452	0.00671	0.00610	0.00874	0.01047	0.01618	0.01007	0.12174	0.75773	0.00589	0.00954	0.00427	0.00208	0.00330
8	0.35985	0.01998	0.00763	0.00639	0.00854	0.06579	0.00513	0.19654	0.02653	0.04837	0.10532	0.03194	0.05207	0.02660	0.00394	0.00125	0.02267	0.00372	0.00307	0.00467
9	0.09458	0.00795	0.00940	0.00731	0.01023	0.00794	0.00602	0.26735	0.03738	0.49279	0.01244	0.01129	0.00816	0.00461	0.00372	0.00118	0.00352	0.00359	0.00423	0.00630
10	0.03970	0.59023	0.05060	0.00737	0.01062	0.01336	0.03796	0.08758	0.07573	0.04483	0.00706	0.00761	0.00580	0.00364	0.00288	0.00095	0.00411	0.00256	0.00218	0.00524
11	0.02838	0.18000	0.35877	0.00952	0.01370	0.03326	0.08304	0.12750	0.00972	0.05374	0.00805	0.00889	0.02428	0.00384	0.00349	0.00110	0.00489	0.00304	0.00221	0.04258

[dist]
# distance from previous block
# <min> <max>
0	1

[block]
# block no. 4 follows, 71 sequences, length 19
# corresponding to MSA columns:
# 81-99
name=unknown_E
#
# <colnr> <probs for GDERKNQSTAVLIFYWHMCP>
#	G	D	E	R	K	N	Q	S	T	A	V	L	I	F	Y	W	H	M	C	P
0	0.05188	0.10366	0.14290	0.01051	0.06794	0.05435	0.16638	0.08474	0.03874	0.17579	0.03672	0.01070	0.02152	0.00411	0.00373	0.00116	0.00462	0.00358	0.00276	0.01421
1	0.00913	0.00663	0.00748	0.00672	0.00854	0.00711	0.00519	0.06694	0.40292	0.10718	0.15508	0.11635	0.07104	0.00664	0.00415	0.00129	0.00276	0.00567	0.00398	0.00521
2	0.00927	0.00876	0.01486	0.07010	0.76221	0.00886	0.01135	0.01154	0.00864	0.01244	0.00740	0.00972	0.00617	0.00348	0.00375	0.00114	0.00448	0.00342	0.03654	0.00587
3	0.01018	0.14350	0.11601	0.00832	0.04657	0.07352	0.01602	0.08015	0.09132	0.13450	0.03759	0.15182	0.01108	0.01403	0.03674	0.00141	0.01458	0.00462	0.00296	0.00508
4	0.00883	0.00748	0.03600	0.04710	0.10860	0.00702	0.20615	0.06407	0.04184	0.10360	0.04294	0.18063	0.04690	0.02806	0.00474	0.00139	0.00411	0.05272	0.00299	0.00482
5	0.00663	0.00583	0.00785	0.00723	0.00783	0.04480	0.03370	0.00773	0.00636	0.00892	0.00933	0.03262	0.00920	0.13825	0.46611	0.00434	0.19345	0.00423	0.00203	0.00354
6	0.01813	0.01873	0.00550	0.00543	0.00610	0.00434	0.00376	0.05252	0.02045	0.07261	0.04991	0.47046	0.01999	0.21273	0.00813	0.00199	0.00282	0.01957	0.00335	0.00348
7	0.00876	0.01877	0.11046	0.08246	0.18908	0.04315	0.12197	0.06356	0.05436	0.03476	0.01828	0.12401	0.03660	0.01426	0.01436	0.00136	0.04010	0.01620	0.00248	0.00502
8	0.09269	0.00730	0.00893	0.00736	0.00976	0.00749	0.04881	0.12521	0.20217	0.28915	0.05382	0.08946	0.02967	0.00555	0.00390	0.00125	0.00329	0.00466	0.00390	0.00561
9	0.00538	0.00390	0.00503	0.00477	0.00565	0.00359	0.00354	0.00707	0.01052	0.01478	0.76092	0.04653	0.06934	0.03609	0.00502	0.00130	0.00189	0.00702	0.00412	0.00355
10	0.00612	0.00490	0.00556	0.00563	0.00630	0.04428	0.02153	0.04547	0.03644	0.01044	0.05126	0.40570	0.09495	0.21991	0.00828	0.00199	0.00301	0.02169	0.00320	0.00333
11	0.02722	0.11054	0.52879	0.00994	0.01450	0.06521	0.02913	0.07603	0.07983	0.01299	0.00756	0.00843	0.00559	0.00382	0.00353	0.00116	0.00520	0.00292	0.00203	0.00556
12	0.00865	0.00516	0.00626	0.00560	0.00717	0.00495	0.00432	0.03430	0.11669	0.19413	0.29524	0.09971	0.14595	0.00724	0.00423	0.00124	0.00241	0.00621	0.04600	0.00454
13	0.00479	0.00339	0.00441	0.00519	0.00538	0.00319	0.00340	0.00537	0.00711	0.00948	0.01993	0.75171	0.02385	0.12511	0.00683	0.00184	0.00242	0.01019	0.00340	0.00301
14	0.03089	0.00700	0.00810	0.00710	0.02164	0.00749	0.03495	0.12454	0.32050	0.07297	0.13329	0.01719	0.08799	0.00565	0.00388	0.00121	0.00294	0.00474	0.10274	0.00520
15	0.03352	0.01190	0.01553	0.01205	0.01523	0.11498	0.27970	0.28335	0.08374	0.08786	0.01077	0.01209	0.00817	0.00511	0.00465	0.00148	0.00560	0.00427	0.00351	0.00648
16	0.00567	0.00417	0.00495	0.00475	0.00580	0.00395	0.00356	0.00792	0.07090	0.01401	0.49206	0.06750	0.19916	0.00791	0.00432	0.00122	0.00194	0.00685	0.08968	0.00369
17	0.00843	0.00803	0.01365	0.41487	0.45826	0.00883	0.01124	0.01084	0.00823	0.01124	0.00703	0.00983	0.00562	0.00361	0.00381	0.00120	0.00482	0.00341	0.00181	0.00522
18	0.01087	0.05235	0.01665	0.01235	0.01537	0.21425	0.41152	0.06904	0.04500	0.04102	0.00877	0.01182	0.00713	0.00416	0.00412	0.00122	0.00585	0.06112	0.00236	0.00504

[dist]
# distance from previous block
# <min> <max>
0	6

[block]
# block no. 5 follows, 71 sequences, length 32
# corresponding to MSA columns:
# 106-137
name=unknown_F
#
# <colnr> <probs for GDERKNQSTAVLIFYWHMCP>
#	G	D	E	R	K	N	Q	S	T	A	V	L	I	F	Y	W	H	M	C	P
0	0.00479	0.00385	0.00422	0.00437	0.00542	0.00336	0.00325	0.00579	0.00858	0.01060	0.09325	0.13502	0.58254	0.05238	0.00537	0.00147	0.00217	0.06680	0.00355	0.00323
1	0.05545	0.06708	0.02667	0.00729	0.01017	0.00885	0.00610	0.27214	0.13478	0.19052	0.01188	0.02595	0.03884	0.00464	0.00359	0.00110	0.00350	0.00364	0.00355	0.12429
2	0.14625	0.01212	0.03166	0.03571	0.05316	0.28317	0.02483	0.19227	0.06575	0.02599	0.00756	0.00832	0.00582	0.00397	0.00341	0.00107	0.00482	0.00288	0.00261	0.08864
3	0.00521	0.00399	0.00439	0.00437	0.00535	0.00360	0.00311	0.00643	0.03418	0.02443	0.14508	0.10657	0.47341	0.15448	0.00707	0.00171	0.00231	0.00757	0.00347	0.00327
4	0.00541	0.00409	0.00502	0.00486	0.00586	0.00380	0.00366	0.00739	0.04803	0.01393	0.56546	0.08051	0.19789	0.00843	0.00454	0.00127	0.00197	0.03024	0.00401	0.00362
5	0.05424	0.01052	0.08723	0.01863	0.52591	0.04350	0.09019	0.06672	0.04198	0.01349	0.00755	0.00935	0.00605	0.00360	0.00377	0.00116	0.00477	0.00341	0.00211	0.00582
6	0.07621	0.01030	0.05568	0.02125	0.05283	0.02728	0.34141	0.23678	0.02274	0.09387	0.00882	0.01983	0.00648	0.00395	0.00401	0.00122	0.00506	0.00387	0.00278	0.00562
7	0.00467	0.00334	0.00445	0.00534	0.00556	0.00311	0.00356	0.00534	0.00734	0.00979	0.02113	0.86275	0.02536	0.01201	0.00489	0.00156	0.00222	0.01090	0.00356	0.00311
8	0.01256	0.31087	0.01447	0.00834	0.01124	0.17048	0.02689	0.31808	0.06605	0.01528	0.00762	0.00807	0.00599	0.00402	0.00331	0.00102	0.00466	0.00286	0.00268	0.00551
9	0.00979	0.09358	0.01134	0.09107	0.03123	0.00863	0.08310	0.23578	0.04463	0.04619	0.01212	0.13960	0.05165	0.00556	0.00388	0.00117	0.00385	0.02001	0.00299	0.10384
10	0.01017	0.39568	0.17996	0.00967	0.07874	0.02594	0.06101	0.09187	0.03624	0.03713	0.00735	0.00823	0.01450	0.00367	0.00320	0.00101	0.00454	0.00282	0.00210	0.02615
11	0.00883	0.03616	0.17948	0.01387	0.01786	0.00950	0.55778	0.03159	0.04707	0.01274	0.04082	0.01067	0.00710	0.00362	0.00425	0.00126	0.00585	0.00419	0.00209	0.00527
12	0.00887	0.00842	0.02734	0.08126	0.03704	0.00805	0.44849	0.01184	0.05381	0.08538	0.02415	0.11980	0.03207	0.00496	0.00449	0.00131	0.01805	0.00522	0.01452	0.00492
13	0.01043	0.72591	0.03620	0.00683	0.01000	0.04410	0.00666	0.04433	0.02449	0.02152	0.03532	0.00739	0.00628	0.00358	0.00270	0.00088	0.00413	0.00238	0.00192	0.00498
14	0.00744	0.00565	0.00634	0.00583	0.00724	0.02962	0.00444	0.03388	0.20531	0.06300	0.40027	0.08214	0.11879	0.00734	0.00431	0.00125	0.00244	0.00632	0.00398	0.00439
15	0.00474	0.00339	0.00451	0.00529	0.00558	0.00316	0.00356	0.00550	0.00764	0.01027	0.09114	0.79138	0.02628	0.01166	0.00486	0.00153	0.00219	0.01056	0.00362	0.00316
16	0.00537	0.00394	0.00471	0.00456	0.00562	0.00350	0.00340	0.00677	0.00982	0.03627	0.45783	0.08618	0.34056	0.00874	0.00453	0.00126	0.00193	0.00755	0.00394	0.00352
17	0.00970	0.00918	0.01540	0.02293	0.80718	0.00922	0.01158	0.04540	0.00911	0.01301	0.00729	0.00948	0.00609	0.00347	0.00380	0.00114	0.00454	0.00342	0.00198	0.00609
18	0.00544	0.00401	0.00581	0.00585	0.00644	0.00454	0.00441	0.00662	0.00629	0.00895	0.03237	0.06746	0.01171	0.12241	0.68312	0.00548	0.00882	0.00476	0.00223	0.00328
19	0.00487	0.00345	0.00427	0.00493	0.00540	0.00318	0.00337	0.00568	0.00765	0.01028	0.02345	0.64427	0.16557	0.01095	0.00464	0.00145	0.00214	0.00977	0.08152	0.00318
20	0.00548	0.00411	0.00616	0.00616	0.00685	0.00479	0.00479	0.00685	0.00616	0.00890	0.01027	0.01506	0.00959	0.02876	0.85006	0.00616	0.01027	0.00411	0.00205	0.00342
21	0.00949	0.00898	0.01422	0.12634	0.62089	0.02541	0.01089	0.04240	0.07963	0.01285	0.00793	0.00993	0.00643	0.00368	0.00380	0.00117	0.00453	0.00348	0.00212	0.00583
22	0.45456	0.00738	0.00624	0.00566	0.00765	0.07532	0.00445	0.05310	0.02008	0.07700	0.01315	0.11626	0.12394	0.00566	0.00328	0.00123	0.00313	0.00428	0.01338	0.00424
23	0.00618	0.00441	0.00618	0.00706	0.00794	0.00441	0.00618	0.00794	0.00883	0.01147	0.02030	0.04325	0.02207	0.01059	0.00530	0.00177	0.00353	0.81553	0.00353	0.00353
24	0.19193	0.03705	0.03171	0.00788	0.01085	0.02394	0.00666	0.53092	0.01438	0.09551	0.00872	0.00879	0.00619	0.00433	0.00349	0.00115	0.00396	0.00313	0.00347	0.00594
25	0.00780	0.00664	0.03580	0.00794	0.07946	0.00641	0.02604	0.12810	0.13693	0.02527	0.14964	0.16415	0.16459	0.00738	0.00430	0.00130	0.00299	0.02896	0.01169	0.00461
26	0.06276	0.04792	0.04362	0.01040	0.19954	0.00779	0.00701	0.11918	0.02801	0.02433	0.00818	0.02046	0.02233	0.00363	0.00327	0.00090	0.00358	0.00298	0.00245	0.38164
27	0.00765	0.07771	0.39071	0.00953	0.03476	0.00797	0.07932	0.02948	0.00788	0.02191	0.02296	0.02777	0.01814	0.04992	0.15498	0.04299	0.00595	0.00364	0.00197	0.00475
28	0.68120	0.00713	0.00606	0.00533	0.00755	0.00804	0.00427	0.03212	0.04097	0.08721	0.00729	0.00888	0.00584	0.07984	0.00411	0.00141	0.00309	0.00266	0.00267	0.00433
29	0.00960	0.00914	0.01858	0.03949	0.03082	0.00874	0.58873	0.02627	0.00912	0.10350	0.00961	0.08348	0.00786	0.00430	0.00469	0.00131	0.03234	0.00489	0.00240	0.00512
30	0.03793	0.00916	0.01422	0.05132	0.59625	0.04238	0.04269	0.05553	0.00937	0.07055	0.00855	0.01026	0.02694	0.00376	0.00379	0.00115	0.00452	0.00353	0.00225	0.00583
31	0.01000	0.01143	0.01888	0.01402	0.01721	0.15797	0.57567	0.04247	0.00949	0.01196	0.00829	0.01041	0.03178	0.00383	0.00481	0.00126	0.05934	0.00416	0.00205	0.00497

[dist]
# distance from previous block
# <min> <max>
0	2

[block]
# block no. 6 follows, 71 sequences, length 30
# corresponding to MSA columns:
# 155-184
name=unknown_G
#
# <colnr> <probs for GDERKNQSTAVLIFYWHMCP>
#	G	D	E	R	K	N	Q	S	T	A	V	L	I	F	Y	W	H	M	C	P
0	0.77319	0.00772	0.00634	0.00548	0.00795	0.00882	0.00452	0.09329	0.00784	0.04750	0.00608	0.00677	0.00458	0.00371	0.00257	0.00118	0.00310	0.00228	0.00260	0.00447
1	0.68108	0.00769	0.00730	0.00621	0.00852	0.00883	0.04025	0.03799	0.02903	0.06803	0.00642	0.00730	0.00490	0.00394	0.00342	0.00123	0.06835	0.00249	0.00254	0.00447
2	0.00506	0.00391	0.00473	0.00493	0.00580	0.00365	0.00362	0.00651	0.03595	0.01138	0.20060	0.27297	0.31091	0.01132	0.06907	0.00174	0.00273	0.03813	0.00360	0.00340
3	0.00472	0.00346	0.00445	0.00521	0.00561	0.00319	0.00358	0.00549	0.00763	0.01001	0.03641	0.71123	0.13096	0.01159	0.00486	0.00153	0.00223	0.04112	0.00357	0.00315
4	0.00472	0.00340	0.00448	0.00524	0.00556	0.00316	0.00354	0.00549	0.00767	0.01024	0.08424	0.76354	0.06133	0.01159	0.00485	0.00152	0.00218	0.01048	0.00361	0.00316
5	0.07153	0.01028	0.00951	0.00789	0.01033	0.20061	0.00629	0.20306	0.09687	0.25188	0.05044	0.01111	0.00883	0.00469	0.00389	0.00115	0.02451	0.00351	0.01802	0.00560
6	0.00666	0.00333	0.00500	0.00500	0.00500	0.00333	0.00333	0.00500	0.00500	0.00666	0.00666	0.01166	0.00666	0.01332	0.01499	0.88844	0.00333	0.00333	0.00167	0.00167
7	0.00543	0.00370	0.00441	0.00450	0.00467	0.00366	0.00276	0.00579	0.00648	0.00878	0.11203	0.14399	0.01804	0.60731	0.04990	0.00321	0.00355	0.00643	0.00271	0.00264
8	0.00875	0.35490	0.48939	0.00939	0.01405	0.01141	0.04028	0.01189	0.00801	0.01091	0.00630	0.00741	0.00492	0.00348	0.00321	0.00106	0.00508	0.00258	0.00164	0.00535
9	0.00949	0.00928	0.01503	0.09394	0.73880	0.04258	0.01150	0.01174	0.00872	0.01217	0.00713	0.00945	0.00595	0.00347	0.00379	0.00114	0.00470	0.00338	0.00188	0.00585
10	0.00733	0.00557	0.00625	0.00590	0.00738	0.00575	0.00446	0.01205	0.31328	0.06529	0.15181	0.16274	0.22116	0.00783	0.00432	0.00132	0.00245	0.00673	0.00386	0.00453
11	0.00645	0.00529	0.00586	0.00548	0.00691	0.00538	0.00418	0.01088	0.27290	0.01399	0.32190	0.02670	0.28402	0.00759	0.00433	0.00126	0.00224	0.00647	0.00391	0.00428
12	0.00920	0.13593	0.37267	0.01116	0.01552	0.00948	0.25035	0.01241	0.00863	0.08869	0.00906	0.01018	0.04161	0.00383	0.00379	0.00118	0.00529	0.00354	0.00209	0.00539
13	0.00699	0.02483	0.02326	0.00915	0.16490	0.02573	0.03920	0.00908	0.05112	0.03012	0.25726	0.03944	0.22427	0.04483	0.00507	0.00134	0.01675	0.01920	0.00321	0.00426
14	0.03861	0.00745	0.00801	0.00695	0.00890	0.04228	0.00540	0.11570	0.31644	0.14168	0.12459	0.02943	0.01382	0.08021	0.04178	0.00166	0.00357	0.00456	0.00372	0.00525
15	0.89233	0.00741	0.00564	0.00504	0.00741	0.00860	0.00415	0.01127	0.00653	0.01720	0.00534	0.00623	0.00415	0.00356	0.00237	0.00119	0.00297	0.00208	0.00237	0.00415
16	0.00727	0.03440	0.14876	0.00834	0.01072	0.02994	0.14738	0.05999	0.00978	0.01329	0.26514	0.11995	0.07552	0.00666	0.00433	0.00128	0.00376	0.04605	0.00307	0.00438
17	0.54984	0.00880	0.00753	0.06797	0.02228	0.12085	0.01602	0.02306	0.04825	0.06612	0.03340	0.00828	0.00613	0.00393	0.00293	0.00117	0.00372	0.00267	0.00256	0.00449
18	0.00955	0.00691	0.00809	0.00598	0.00914	0.00565	0.00482	0.08452	0.00933	0.12658	0.01060	0.01096	0.06983	0.00378	0.00320	0.00076	0.00295	0.00304	0.00285	0.62146
19	0.00479	0.00389	0.00425	0.00416	0.00534	0.00335	0.00312	0.00601	0.00936	0.01182	0.27254	0.03449	0.60516	0.00916	0.00453	0.00127	0.00190	0.00775	0.00375	0.00335
20	0.00674	0.00440	0.00555	0.00521	0.00636	0.00409	0.00395	0.03740	0.02136	0.09223	0.50334	0.13642	0.12076	0.00822	0.00450	0.00127	0.00216	0.02803	0.00407	0.00392
21	0.00954	0.00849	0.01263	0.64086	0.02354	0.01018	0.01066	0.05683	0.00902	0.01213	0.00831	0.01209	0.00676	0.00548	0.00607	0.00164	0.15417	0.00394	0.00240	0.00525
22	0.00575	0.00441	0.00632	0.00617	0.00669	0.00522	0.00470	0.00684	0.00604	0.00869	0.01011	0.01613	0.00991	0.16440	0.64105	0.00537	0.08253	0.00428	0.00207	0.00331
23	0.00500	0.00375	0.00468	0.00521	0.00589	0.00348	0.00385	0.00601	0.00809	0.01046	0.07112	0.38997	0.24821	0.03881	0.03146	0.00171	0.00265	0.15291	0.00351	0.00323
24	0.01290	0.01031	0.01030	0.00839	0.01103	0.08143	0.00675	0.47766	0.25552	0.03972	0.01105	0.01076	0.00808	0.00472	0.00379	0.00117	0.00400	0.00364	0.03266	0.00612
25	0.01049	0.81950	0.01961	0.00669	0.00996	0.01499	0.00660	0.05731	0.00836	0.00987	0.00555	0.00632	0.00501	0.00335	0.00254	0.00084	0.00411	0.00213	0.00176	0.00501
26	0.00805	0.00791	0.03704	0.66745	0.07187	0.03388	0.01024	0.05607	0.00843	0.01095	0.00695	0.00985	0.00526	0.00380	0.00377	0.00122	0.00499	0.00331	0.00187	0.04710
27	0.00792	0.00788	0.01103	0.56927	0.08833	0.10122	0.01972	0.01007	0.00802	0.00996	0.00817	0.08391	0.00715	0.00571	0.04461	0.00149	0.00528	0.00400	0.00193	0.00430
28	0.00914	0.00788	0.00883	0.00877	0.07495	0.00895	0.00625	0.01838	0.69475	0.01522	0.02958	0.04945	0.01233	0.03250	0.00444	0.00137	0.00312	0.00462	0.00369	0.00579
29	0.00521	0.00384	0.00488	0.00484	0.00570	0.00351	0.00359	0.00673	0.00997	0.01372	0.58009	0.15691	0.14444	0.00881	0.00460	0.00129	0.00194	0.03241	0.00401	0.00349

[dist]
# distance from previous block
# <min> <max>
0	166

# created by:
# /st0/software/busco_prod/Augustus/scripts/msa2prfl.pl ./align_prep/33387.fa
