[name]
unknown

[dist]
# distance from previous block
# <min> <max>
0	130

[block]
# block no. 0 follows, 65 sequences, length 7
# corresponding to MSA columns:
# 130-136
name=unknown_A
#
# <colnr> <probs for GDERKNQSTAVLIFYWHMCP>
#	G	D	E	R	K	N	Q	S	T	A	V	L	I	F	Y	W	H	M	C	P
0	0.00743	0.00755	0.05588	0.06175	0.08950	0.02601	0.09579	0.00985	0.03940	0.01303	0.19619	0.05461	0.15442	0.00809	0.05315	0.00161	0.03252	0.01873	0.00307	0.07140
1	0.00784	0.00683	0.00937	0.08390	0.21577	0.00668	0.00692	0.04921	0.05873	0.01348	0.11006	0.02190	0.25817	0.02859	0.00472	0.00130	0.00341	0.00557	0.00311	0.10442
2	0.09082	0.00911	0.01329	0.25906	0.29352	0.04183	0.03704	0.07665	0.00939	0.01348	0.00797	0.04446	0.00675	0.00459	0.00477	0.00133	0.07444	0.00385	0.00224	0.00539
3	0.01090	0.06601	0.01526	0.17039	0.49582	0.01001	0.01108	0.07786	0.01008	0.08119	0.00838	0.01035	0.00657	0.00395	0.00398	0.00123	0.00481	0.00360	0.00239	0.00615
4	0.00950	0.00856	0.01296	0.07491	0.46639	0.00883	0.00974	0.07733	0.09390	0.01460	0.07940	0.01562	0.10019	0.00512	0.00423	0.00127	0.00417	0.00462	0.00280	0.00586
5	0.08139	0.05705	0.02420	0.02042	0.00946	0.06303	0.02739	0.16643	0.02606	0.03365	0.01608	0.34022	0.06655	0.00801	0.00433	0.00137	0.00360	0.00684	0.00339	0.04052
6	0.00918	0.04269	0.02445	0.17998	0.18274	0.00826	0.00824	0.10043	0.03761	0.03659	0.16253	0.04544	0.03624	0.00539	0.00428	0.00123	0.01750	0.00465	0.00297	0.08961

[dist]
# distance from previous block
# <min> <max>
0	6

[block]
# block no. 1 follows, 65 sequences, length 31
# corresponding to MSA columns:
# 143-173
name=unknown_B
#
# <colnr> <probs for GDERKNQSTAVLIFYWHMCP>
#	G	D	E	R	K	N	Q	S	T	A	V	L	I	F	Y	W	H	M	C	P
0	0.02954	0.00934	0.01424	0.05069	0.27549	0.05745	0.15357	0.02376	0.02468	0.04232	0.06561	0.02765	0.02286	0.00453	0.00469	0.00122	0.05772	0.00413	0.00250	0.12800
1	0.04855	0.02806	0.03946	0.04503	0.17971	0.00821	0.05379	0.07170	0.09344	0.18580	0.07427	0.02330	0.04424	0.00494	0.00405	0.00122	0.00397	0.00429	0.00335	0.08260
2	0.08654	0.41878	0.02810	0.00936	0.07923	0.02450	0.06460	0.06676	0.05097	0.02823	0.00766	0.02768	0.00652	0.00396	0.00324	0.00104	0.00434	0.00303	0.00233	0.08313
3	0.02619	0.00848	0.02317	0.00870	0.07814	0.04338	0.01986	0.05314	0.13045	0.09648	0.02273	0.04940	0.02003	0.00448	0.00367	0.00100	0.00359	0.00373	0.00309	0.40031
4	0.00939	0.00871	0.02487	0.00999	0.12310	0.13680	0.02066	0.10300	0.02705	0.03555	0.10326	0.21357	0.06515	0.02893	0.00498	0.00145	0.00404	0.07139	0.00334	0.00475
5	0.02865	0.02588	0.01150	0.01056	0.13112	0.07008	0.06582	0.05669	0.05881	0.21129	0.08900	0.01270	0.01059	0.00453	0.00391	0.00111	0.00404	0.00388	0.00334	0.19648
6	0.00778	0.01997	0.00948	0.08320	0.16733	0.00634	0.03217	0.00999	0.05167	0.04697	0.06847	0.19956	0.12765	0.00819	0.03768	0.00153	0.00376	0.01664	0.00311	0.09852
7	0.00911	0.04099	0.02922	0.01710	0.30675	0.00885	0.30152	0.01157	0.00920	0.02814	0.01110	0.16471	0.01062	0.00549	0.00455	0.00137	0.00511	0.02669	0.00246	0.00546
8	0.00892	0.00822	0.01391	0.11107	0.45061	0.00868	0.05792	0.01109	0.00846	0.02316	0.00855	0.01210	0.00742	0.04187	0.16756	0.00242	0.04655	0.00396	0.00209	0.00543
9	0.00747	0.00547	0.00793	0.00927	0.13850	0.00562	0.00591	0.02400	0.02147	0.06327	0.07817	0.25391	0.06313	0.01417	0.19849	0.05474	0.03439	0.00671	0.00311	0.00426
10	0.00766	0.00461	0.00563	0.00525	0.00666	0.00406	0.00398	0.00897	0.01017	0.15953	0.26446	0.10953	0.33207	0.02256	0.00525	0.01896	0.00241	0.01990	0.00418	0.00416
11	0.00713	0.00357	0.00535	0.00535	0.00535	0.00357	0.00357	0.00535	0.00535	0.00713	0.00713	0.01248	0.00713	0.01426	0.01604	0.88057	0.00357	0.00357	0.00178	0.00178
12	0.00771	0.00554	0.00709	0.00699	0.02224	0.00557	0.03505	0.02997	0.16511	0.07908	0.03314	0.39707	0.08963	0.07926	0.00614	0.00172	0.00302	0.01746	0.00380	0.00442
13	0.10404	0.00602	0.00702	0.00601	0.00804	0.00579	0.00471	0.03431	0.07179	0.28052	0.19955	0.02234	0.16473	0.06054	0.00531	0.00148	0.00290	0.00562	0.00420	0.00506
14	0.82115	0.00801	0.00628	0.00555	0.00809	0.00924	0.00457	0.05049	0.00762	0.01870	0.00611	0.00704	0.00472	0.00389	0.00262	0.00126	0.00321	0.00233	0.02459	0.00455
15	0.00898	0.00898	0.01257	0.01078	0.01078	0.01257	0.00898	0.00988	0.00629	0.00988	0.00539	0.00898	0.00539	0.00718	0.01347	0.00180	0.84823	0.00359	0.00180	0.00449
16	0.10192	0.00613	0.00710	0.00619	0.00788	0.02538	0.04309	0.06690	0.03248	0.09036	0.17176	0.03324	0.20499	0.08939	0.03778	0.01847	0.00341	0.00583	0.04337	0.00433
17	0.00844	0.00538	0.00672	0.00661	0.00789	0.00532	0.00518	0.07893	0.05359	0.11255	0.08541	0.22662	0.06175	0.07276	0.00613	0.00174	0.00318	0.22377	0.02365	0.00438
18	0.01048	0.00804	0.00868	0.00766	0.00992	0.00889	0.00604	0.10298	0.51684	0.07427	0.03142	0.01851	0.09986	0.00619	0.00424	0.00136	0.00321	0.03172	0.04370	0.00600
19	0.00541	0.00405	0.00503	0.00555	0.00617	0.00384	0.00385	0.00695	0.05678	0.01164	0.12264	0.56885	0.14387	0.02835	0.00538	0.00161	0.00237	0.01019	0.00389	0.00359
20	0.15625	0.00553	0.00618	0.00565	0.00719	0.00556	0.00433	0.02698	0.07341	0.07247	0.38754	0.07701	0.08981	0.02176	0.00486	0.02207	0.00254	0.00619	0.00395	0.02070
21	0.00686	0.00456	0.00511	0.00506	0.00558	0.00465	0.00330	0.05533	0.04663	0.01118	0.01473	0.17015	0.01575	0.46733	0.01319	0.00276	0.00333	0.00641	0.15475	0.00333
22	0.74244	0.00819	0.00682	0.00591	0.00854	0.00933	0.00486	0.07748	0.02788	0.06725	0.00693	0.00757	0.00518	0.00402	0.00280	0.00127	0.00330	0.00251	0.00286	0.00485
23	0.04947	0.00614	0.00725	0.00650	0.00831	0.00607	0.00499	0.09366	0.10428	0.21264	0.09955	0.23650	0.11652	0.02277	0.00480	0.00145	0.00295	0.00692	0.00418	0.00505
24	0.02777	0.00421	0.00479	0.00485	0.00593	0.00381	0.00354	0.00701	0.00924	0.03991	0.16685	0.20945	0.39192	0.03492	0.02401	0.00160	0.00244	0.00838	0.04572	0.00364
25	0.05949	0.00573	0.00694	0.00651	0.00761	0.00642	0.00490	0.09957	0.08591	0.01229	0.01182	0.01812	0.01122	0.22809	0.39468	0.00443	0.00716	0.02232	0.00273	0.00406
26	0.03315	0.03483	0.00731	0.00615	0.00762	0.00648	0.00457	0.13271	0.07461	0.10283	0.05527	0.10446	0.10449	0.27750	0.00963	0.00219	0.00347	0.02478	0.00353	0.00442
27	0.04280	0.00479	0.00574	0.00563	0.00679	0.00456	0.00416	0.03274	0.03354	0.09680	0.18303	0.28371	0.17486	0.04982	0.01915	0.00165	0.00272	0.02719	0.01625	0.00407
28	0.00829	0.00545	0.00659	0.00617	0.00719	0.00575	0.00440	0.04625	0.14436	0.09394	0.01414	0.10136	0.01375	0.32543	0.16329	0.03581	0.00494	0.00564	0.00315	0.00408
29	0.05993	0.02660	0.01108	0.02682	0.04249	0.00706	0.17373	0.02794	0.00796	0.05002	0.01026	0.01469	0.00908	0.09552	0.39133	0.00399	0.00779	0.00437	0.02495	0.00439
30	0.00605	0.00451	0.00508	0.00516	0.00587	0.01915	0.00351	0.00733	0.04520	0.02486	0.16033	0.22846	0.19051	0.26422	0.00970	0.00221	0.00287	0.00800	0.00354	0.00343

[dist]
# distance from previous block
# <min> <max>
5	44

[block]
# block no. 2 follows, 65 sequences, length 29
# corresponding to MSA columns:
# 239-264,267-269
name=unknown_C
#
# <colnr> <probs for GDERKNQSTAVLIFYWHMCP>
#	G	D	E	R	K	N	Q	S	T	A	V	L	I	F	Y	W	H	M	C	P
0	0.03303	0.00780	0.01076	0.29730	0.07239	0.02534	0.02618	0.16375	0.03769	0.01393	0.00913	0.01226	0.00745	0.03656	0.14962	0.03377	0.01590	0.00387	0.03838	0.00489
1	0.04398	0.00499	0.00654	0.00673	0.04046	0.00521	0.00467	0.03355	0.03406	0.01105	0.05724	0.15443	0.05927	0.05770	0.16196	0.22329	0.03116	0.00562	0.02057	0.03751
2	0.03595	0.00563	0.00628	0.00593	0.00733	0.00569	0.00445	0.10041	0.10910	0.03364	0.13624	0.18922	0.24293	0.05760	0.01961	0.00164	0.00288	0.01718	0.01395	0.00433
3	0.06091	0.00883	0.00875	0.00687	0.00985	0.13133	0.00541	0.01312	0.00965	0.18881	0.05108	0.01125	0.00875	0.03707	0.00413	0.00102	0.00378	0.00321	0.00307	0.43310
4	0.01018	0.00947	0.02773	0.14162	0.05863	0.05059	0.19748	0.14456	0.04485	0.02947	0.00967	0.03229	0.00821	0.05778	0.00609	0.03090	0.03921	0.03518	0.00264	0.06344
5	0.04145	0.00430	0.00480	0.00492	0.00601	0.00392	0.00358	0.00694	0.02572	0.02659	0.14686	0.25623	0.41750	0.02597	0.00513	0.00149	0.00227	0.00882	0.00387	0.00363
6	0.03573	0.00640	0.00725	0.00650	0.00807	0.00665	0.00493	0.22627	0.03067	0.09317	0.02719	0.23791	0.01503	0.10307	0.00610	0.00164	0.00323	0.02462	0.15082	0.00477
7	0.00587	0.00438	0.00651	0.00651	0.00721	0.00508	0.00502	0.00727	0.00657	0.00946	0.01108	0.01658	0.01046	0.06563	0.80489	0.00649	0.01070	0.00446	0.00221	0.00362
8	0.00804	0.00766	0.01318	0.71662	0.10190	0.00916	0.05007	0.01077	0.00844	0.01098	0.02040	0.01119	0.00613	0.00410	0.00415	0.00135	0.00543	0.00377	0.00190	0.00478
9	0.07423	0.00479	0.00563	0.00591	0.00679	0.00477	0.00422	0.05681	0.03379	0.04288	0.02101	0.53410	0.08719	0.06473	0.00587	0.00172	0.00276	0.03523	0.00370	0.00385
10	0.02785	0.00922	0.01034	0.00824	0.01105	0.00981	0.00667	0.42653	0.12189	0.21060	0.03195	0.03718	0.01012	0.04019	0.00482	0.00138	0.00391	0.00431	0.01745	0.00647
11	0.00525	0.00369	0.00470	0.00536	0.00563	0.00348	0.00351	0.00579	0.00757	0.01002	0.03274	0.60881	0.07484	0.17271	0.00850	0.02794	0.00269	0.01010	0.00351	0.00314
12	0.00609	0.00442	0.00520	0.00523	0.00621	0.00413	0.00381	0.05045	0.00986	0.02131	0.22642	0.25722	0.25693	0.05232	0.00563	0.00155	0.00240	0.02687	0.05021	0.00373
13	0.75768	0.00767	0.00637	0.00562	0.00814	0.00864	0.00459	0.01269	0.00754	0.10671	0.00749	0.03906	0.00591	0.00429	0.00281	0.00128	0.00318	0.00278	0.00286	0.00468
14	0.02958	0.00583	0.00693	0.00603	0.00768	0.00577	0.00469	0.12919	0.04399	0.10604	0.47021	0.02444	0.07552	0.02427	0.00482	0.00133	0.00262	0.00618	0.04018	0.00473
15	0.00634	0.00443	0.00527	0.00534	0.00610	0.00426	0.00373	0.03908	0.03537	0.02738	0.07494	0.24862	0.21256	0.18481	0.00933	0.08968	0.00291	0.03303	0.00343	0.00341
16	0.00969	0.00569	0.00713	0.00656	0.00818	0.00552	0.00516	0.08006	0.06111	0.19714	0.19878	0.16331	0.06789	0.02836	0.00512	0.00150	0.00299	0.12598	0.01497	0.00483
17	0.01608	0.00879	0.01037	0.00811	0.01116	0.00896	0.00665	0.32214	0.10374	0.40908	0.01375	0.01260	0.00923	0.00507	0.00408	0.00126	0.00380	0.00401	0.03429	0.00682
18	0.03841	0.00549	0.02600	0.00691	0.00765	0.01628	0.00541	0.01723	0.00703	0.01021	0.01225	0.16874	0.01267	0.06099	0.44026	0.04145	0.09985	0.01697	0.00249	0.00370
19	0.21853	0.00872	0.00913	0.00760	0.01021	0.00959	0.00613	0.27823	0.17361	0.12120	0.03938	0.04427	0.00987	0.00629	0.03804	0.00152	0.00392	0.00405	0.00380	0.00591
20	0.00863	0.00523	0.00654	0.00601	0.00753	0.00495	0.00464	0.02695	0.08214	0.17101	0.35425	0.12530	0.12112	0.00837	0.00473	0.00138	0.00257	0.04961	0.00438	0.00464
21	0.01229	0.00934	0.01007	0.00854	0.01118	0.01049	0.00679	0.22297	0.54900	0.08997	0.01493	0.01382	0.01092	0.00536	0.00415	0.00134	0.00359	0.00436	0.00424	0.00666
22	0.00781	0.02075	0.03268	0.00647	0.00789	0.03652	0.00515	0.11327	0.03458	0.02803	0.08443	0.15059	0.17368	0.13839	0.00725	0.00185	0.00342	0.13951	0.00357	0.00415
23	0.00868	0.00662	0.00909	0.04095	0.04840	0.00723	0.04347	0.15310	0.03358	0.03993	0.01348	0.13146	0.05472	0.05453	0.23172	0.05560	0.05453	0.00544	0.00294	0.00453
24	0.01038	0.01049	0.01776	0.06352	0.04083	0.04168	0.39859	0.11389	0.08667	0.01431	0.00902	0.02951	0.00718	0.00468	0.00588	0.00142	0.13170	0.00446	0.00251	0.00554
25	0.01138	0.04814	0.03330	0.04010	0.29450	0.21234	0.11106	0.05420	0.07569	0.01323	0.03599	0.01050	0.00763	0.00427	0.00433	0.00123	0.03034	0.00369	0.00239	0.00571
26	0.00655	0.00401	0.00520	0.00519	0.00538	0.00412	0.00337	0.02117	0.00622	0.00848	0.01096	0.05186	0.01178	0.38222	0.12439	0.31390	0.00465	0.00504	0.02297	0.00254
27	0.37796	0.00979	0.00919	0.02383	0.04072	0.12840	0.04015	0.13056	0.01029	0.07981	0.03985	0.03695	0.01960	0.01242	0.01323	0.00134	0.00426	0.00350	0.01307	0.00508
28	0.26289	0.02133	0.00969	0.07623	0.07077	0.06093	0.04815	0.09169	0.06360	0.04472	0.01159	0.13536	0.04128	0.00593	0.00425	0.01413	0.02489	0.00468	0.00295	0.00493

[dist]
# distance from previous block
# <min> <max>
1	2

[block]
# block no. 3 follows, 65 sequences, length 26
# corresponding to MSA columns:
# 272-297
name=unknown_D
#
# <colnr> <probs for GDERKNQSTAVLIFYWHMCP>
#	G	D	E	R	K	N	Q	S	T	A	V	L	I	F	Y	W	H	M	C	P
0	0.00937	0.02053	0.00846	0.05326	0.02229	0.21296	0.00604	0.09713	0.03221	0.01237	0.02861	0.31920	0.06910	0.03373	0.00520	0.00147	0.02398	0.02462	0.00317	0.01631
1	0.00851	0.00730	0.00851	0.00608	0.00973	0.00547	0.00486	0.01034	0.00851	0.01338	0.00730	0.00851	0.00608	0.00304	0.00304	0.00061	0.00304	0.00243	0.00243	0.88083
2	0.05203	0.01056	0.01165	0.00919	0.01219	0.06712	0.06599	0.35300	0.17010	0.01924	0.01006	0.01043	0.00756	0.00461	0.00421	0.00118	0.03235	0.00361	0.00341	0.15150
3	0.00695	0.00472	0.00620	0.03364	0.00710	0.01487	0.00433	0.03230	0.02641	0.00966	0.04598	0.02920	0.03752	0.17063	0.22209	0.30118	0.00549	0.00464	0.00239	0.03471
4	0.03676	0.00622	0.00717	0.00654	0.00780	0.03928	0.00489	0.08604	0.05858	0.06517	0.02430	0.01748	0.01122	0.23991	0.33475	0.00404	0.00674	0.00458	0.00282	0.03570
5	0.01041	0.31147	0.07354	0.00769	0.01059	0.01126	0.00698	0.03142	0.30127	0.06797	0.09029	0.03818	0.01211	0.00516	0.00370	0.00119	0.00375	0.00408	0.00322	0.00572
6	0.00518	0.00370	0.00497	0.00592	0.00623	0.00349	0.00412	0.00602	0.00803	0.01068	0.02253	0.76494	0.02676	0.01269	0.00529	0.00169	0.00253	0.09805	0.00381	0.00338
7	0.00514	0.00370	0.00481	0.00561	0.00596	0.00346	0.00381	0.00593	0.00804	0.01065	0.05032	0.69431	0.07669	0.05957	0.00609	0.00178	0.00250	0.04453	0.00376	0.00333
8	0.07493	0.00942	0.01103	0.03115	0.01209	0.00989	0.03369	0.40481	0.06209	0.23968	0.02481	0.01149	0.00845	0.00485	0.00400	0.00124	0.00406	0.00382	0.01432	0.03418
9	0.03769	0.00948	0.01284	0.02678	0.06291	0.01038	0.13338	0.23539	0.22430	0.04693	0.04795	0.01349	0.01008	0.00559	0.01608	0.00144	0.06997	0.02584	0.00343	0.00602
10	0.04366	0.08487	0.46918	0.01170	0.01649	0.00997	0.17786	0.03437	0.00920	0.03060	0.04082	0.02350	0.00724	0.00420	0.00416	0.00129	0.01936	0.00367	0.00212	0.00571
11	0.01509	0.01849	0.01142	0.01033	0.01249	0.76052	0.00778	0.01685	0.06417	0.03524	0.00731	0.00811	0.00590	0.00434	0.00374	0.00109	0.00702	0.00282	0.00234	0.00494
12	0.00653	0.00423	0.00477	0.00465	0.00483	0.00425	0.00271	0.02743	0.00651	0.02601	0.01293	0.02584	0.01450	0.79307	0.01962	0.00377	0.00393	0.00581	0.02587	0.00273
13	0.00940	0.01054	0.02240	0.04009	0.02038	0.01020	0.71093	0.01258	0.00937	0.01277	0.00866	0.04420	0.00698	0.00408	0.00537	0.00142	0.05814	0.00500	0.00212	0.00536
14	0.07495	0.00691	0.00787	0.00718	0.00873	0.05558	0.00564	0.11328	0.05482	0.08422	0.02349	0.02932	0.01040	0.04678	0.42890	0.00408	0.00761	0.02270	0.00293	0.00462
15	0.02897	0.00402	0.00489	0.00551	0.00618	0.00377	0.00390	0.00649	0.02549	0.01124	0.04696	0.55776	0.20759	0.01170	0.00507	0.00159	0.00243	0.05916	0.00380	0.00350
16	0.00616	0.00424	0.00534	0.00564	0.00646	0.00394	0.00412	0.02513	0.00925	0.04957	0.15726	0.40717	0.16602	0.04431	0.00569	0.00164	0.00256	0.08785	0.00394	0.00370
17	0.00528	0.00394	0.00496	0.00560	0.00629	0.00363	0.00411	0.00633	0.00870	0.01124	0.06884	0.47143	0.22833	0.01176	0.00519	0.00161	0.00252	0.14294	0.00384	0.00347
18	0.06594	0.00777	0.00971	0.00753	0.01064	0.00736	0.00621	0.14840	0.03229	0.62389	0.02769	0.01320	0.00984	0.00505	0.00405	0.00127	0.00361	0.00402	0.00475	0.00678
19	0.04161	0.00542	0.00635	0.00588	0.00736	0.00529	0.00442	0.04129	0.09425	0.15221	0.14056	0.17743	0.15992	0.08763	0.00606	0.00163	0.00281	0.02044	0.03494	0.00451
20	0.00538	0.00402	0.00504	0.00540	0.00606	0.00379	0.00386	0.00648	0.00901	0.01205	0.21161	0.41706	0.19203	0.03073	0.00562	0.00158	0.02367	0.03435	0.01877	0.00352
21	0.00706	0.00361	0.00533	0.00535	0.00537	0.00361	0.00357	0.00544	0.00546	0.00727	0.00770	0.01383	0.00783	0.05565	0.01608	0.82056	0.00359	0.01899	0.00186	0.00186
22	0.00629	0.00411	0.00521	0.00538	0.00599	0.00389	0.02159	0.00717	0.00795	0.04331	0.04382	0.37051	0.08460	0.22347	0.00879	0.00211	0.00287	0.02893	0.12062	0.00342
23	0.00562	0.00397	0.00457	0.00468	0.00505	0.00379	0.00293	0.00610	0.00739	0.00973	0.10267	0.15379	0.15418	0.50170	0.01423	0.00293	0.00321	0.00742	0.00311	0.00292
24	0.12936	0.01029	0.00989	0.00829	0.01088	0.08452	0.00662	0.32645	0.25772	0.02001	0.08403	0.01271	0.01099	0.00522	0.00395	0.00127	0.00398	0.00402	0.00378	0.00602
25	0.24500	0.00642	0.00806	0.32871	0.01476	0.00741	0.00655	0.00948	0.00717	0.01192	0.00848	0.01432	0.00797	0.24873	0.00877	0.02429	0.00430	0.00389	0.00223	0.03154

[dist]
# distance from previous block
# <min> <max>
0	1

[block]
# block no. 4 follows, 65 sequences, length 25
# corresponding to MSA columns:
# 299-323
name=unknown_E
#
# <colnr> <probs for GDERKNQSTAVLIFYWHMCP>
#	G	D	E	R	K	N	Q	S	T	A	V	L	I	F	Y	W	H	M	C	P
0	0.01214	0.00935	0.01284	0.12983	0.32648	0.07229	0.00949	0.08415	0.02144	0.18531	0.00979	0.01114	0.00734	0.00560	0.04786	0.00150	0.00506	0.00368	0.00288	0.04184
1	0.01463	0.01110	0.01222	0.00955	0.01242	0.01261	0.00788	0.69243	0.05106	0.02370	0.00963	0.00998	0.00703	0.00521	0.00517	0.00130	0.09982	0.00372	0.00385	0.00668
2	0.00729	0.00459	0.00562	0.00534	0.00634	0.00430	0.00384	0.03664	0.00942	0.09478	0.23809	0.12554	0.16368	0.19787	0.00898	0.04810	0.00285	0.02925	0.00374	0.00374
3	0.00619	0.00448	0.00542	0.00543	0.00590	0.00471	0.00366	0.00764	0.07412	0.00953	0.01517	0.07750	0.05737	0.47496	0.20445	0.00402	0.00532	0.02814	0.00275	0.00323
4	0.00985	0.00944	0.01611	0.12938	0.72834	0.00967	0.01245	0.01233	0.00920	0.01304	0.00767	0.01026	0.00637	0.00371	0.00407	0.00124	0.00495	0.00366	0.00201	0.00626
5	0.00499	0.00380	0.00457	0.00513	0.00578	0.00341	0.00354	0.00584	0.00844	0.01080	0.05077	0.53063	0.30476	0.03063	0.00544	0.00161	0.00230	0.01039	0.00380	0.00338
6	0.00637	0.00446	0.00537	0.00541	0.00623	0.00423	0.00380	0.05575	0.00942	0.03807	0.19557	0.32628	0.16215	0.14873	0.00755	0.00188	0.00266	0.00860	0.00380	0.00367
7	0.00858	0.00752	0.00946	0.00676	0.01044	0.00577	0.05392	0.01051	0.00858	0.01336	0.00736	0.00867	0.00609	0.00307	0.00315	0.00065	0.00327	0.00258	0.00241	0.82784
8	0.00593	0.00415	0.00516	0.00522	0.00549	0.00433	0.00339	0.00664	0.02167	0.00898	0.03540	0.09537	0.01539	0.53324	0.22807	0.00433	0.00557	0.00607	0.00261	0.00297
9	0.00621	0.00435	0.00558	0.00598	0.00664	0.00432	0.00448	0.00750	0.02857	0.02812	0.03209	0.21222	0.09045	0.22207	0.09114	0.00274	0.00404	0.23668	0.00336	0.00346
10	0.05235	0.00461	0.00535	0.00544	0.00663	0.00422	0.00401	0.02301	0.00893	0.05292	0.04883	0.37071	0.27186	0.01016	0.00474	0.00146	0.00252	0.04829	0.01712	0.05685
11	0.00638	0.00550	0.00565	0.00564	0.00685	0.04990	0.00416	0.02060	0.10133	0.01243	0.13116	0.22677	0.36200	0.01040	0.03078	0.00158	0.00287	0.00823	0.00380	0.00396
12	0.01592	0.01100	0.01201	0.00921	0.01248	0.01199	0.00761	0.72824	0.01846	0.11526	0.01056	0.01031	0.00733	0.00494	0.00411	0.00124	0.00440	0.00374	0.00421	0.00698
13	0.00576	0.00426	0.00539	0.00555	0.00617	0.00435	0.00391	0.00716	0.04528	0.01057	0.09385	0.22279	0.11556	0.21335	0.23366	0.00345	0.00504	0.00730	0.00315	0.00344
14	0.00528	0.00381	0.00505	0.00594	0.00638	0.00359	0.00426	0.00622	0.00824	0.01084	0.02368	0.65766	0.07768	0.01243	0.00529	0.00169	0.00261	0.15211	0.00381	0.00342
15	0.00926	0.00982	0.01724	0.01339	0.01506	0.01169	0.33214	0.01119	0.00765	0.01119	0.00656	0.00982	0.00573	0.00569	0.01001	0.00163	0.51102	0.00409	0.00191	0.00491
16	0.00582	0.00393	0.00502	0.00548	0.00612	0.00358	0.00381	0.00677	0.00873	0.05447	0.13385	0.56367	0.13824	0.03337	0.00548	0.00162	0.00238	0.01013	0.00394	0.00359
17	0.10098	0.00872	0.00962	0.00843	0.03009	0.00950	0.00666	0.27500	0.23791	0.11768	0.01439	0.03848	0.03123	0.00598	0.00418	0.00137	0.00372	0.08602	0.00399	0.00607
18	0.01127	0.09078	0.04757	0.02542	0.14978	0.23223	0.00807	0.05810	0.07777	0.05092	0.10596	0.03739	0.01128	0.00645	0.04803	0.00149	0.02534	0.00405	0.00280	0.00531
19	0.00837	0.00783	0.03838	0.05948	0.26068	0.00820	0.02662	0.02388	0.06681	0.01185	0.02558	0.04297	0.01822	0.08453	0.12430	0.04047	0.11484	0.02971	0.00240	0.00488
20	0.00981	0.10059	0.03748	0.01326	0.29049	0.05508	0.02554	0.05983	0.00941	0.05178	0.05281	0.05189	0.01080	0.16853	0.01855	0.00180	0.00453	0.00447	0.01699	0.01636
21	0.01200	0.04204	0.12709	0.03910	0.16410	0.22753	0.04930	0.10434	0.04081	0.05872	0.00831	0.00973	0.00649	0.00547	0.03952	0.00146	0.05242	0.00341	0.00247	0.00569
22	0.00746	0.03121	0.20134	0.03402	0.04171	0.00650	0.01827	0.01058	0.07518	0.05189	0.19234	0.06995	0.21422	0.00756	0.01848	0.00142	0.00365	0.00607	0.00333	0.00479
23	0.06100	0.04328	0.10264	0.04845	0.14080	0.05887	0.03935	0.13293	0.04839	0.02517	0.01117	0.05751	0.03716	0.08141	0.05608	0.00183	0.00500	0.02234	0.00272	0.02391
24	0.01008	0.06373	0.12354	0.00807	0.03494	0.06482	0.01988	0.02978	0.07099	0.13597	0.09439	0.05956	0.07052	0.05418	0.00495	0.00133	0.00392	0.00467	0.00320	0.14148

[dist]
# distance from previous block
# <min> <max>
6	30

[block]
# block no. 5 follows, 65 sequences, length 25
# corresponding to MSA columns:
# 362-386
name=unknown_F
#
# <colnr> <probs for GDERKNQSTAVLIFYWHMCP>
#	G	D	E	R	K	N	Q	S	T	A	V	L	I	F	Y	W	H	M	C	P
0	0.00888	0.02244	0.04089	0.06364	0.11464	0.02334	0.08999	0.08921	0.08496	0.01344	0.04297	0.06172	0.05146	0.14353	0.00722	0.00172	0.02979	0.02534	0.00283	0.08199
1	0.00533	0.00396	0.00522	0.00560	0.00613	0.00369	0.02335	0.00619	0.00820	0.01084	0.09670	0.52233	0.12865	0.13162	0.00737	0.00192	0.00266	0.02325	0.00364	0.00334
2	0.05188	0.00703	0.02401	0.00957	0.11603	0.00682	0.03213	0.13813	0.02570	0.13565	0.04705	0.35581	0.01678	0.00805	0.00454	0.00143	0.00346	0.00713	0.00369	0.00512
3	0.01007	0.05673	0.07330	0.06764	0.14749	0.04876	0.02121	0.14294	0.00989	0.01357	0.02203	0.09811	0.00865	0.00601	0.00688	0.00143	0.25313	0.00439	0.00248	0.00529
4	0.00741	0.00455	0.00558	0.00538	0.00661	0.00411	0.00400	0.00880	0.02689	0.13510	0.20216	0.20833	0.26486	0.04182	0.00567	0.02203	0.00249	0.02414	0.01603	0.00405
5	0.00513	0.00417	0.00457	0.00465	0.00587	0.00361	0.00353	0.00634	0.00959	0.01191	0.15097	0.09007	0.60544	0.01034	0.00494	0.00143	0.00220	0.06780	0.00391	0.00354
6	0.09032	0.00765	0.03020	0.00724	0.01014	0.00704	0.00605	0.09516	0.06472	0.51250	0.06871	0.02706	0.04364	0.00550	0.00408	0.00129	0.00344	0.00443	0.00452	0.00632
7	0.00626	0.03165	0.00681	0.00634	0.00718	0.00526	0.00492	0.00748	0.00689	0.02296	0.01295	0.01834	0.05971	0.06659	0.64881	0.04666	0.00925	0.02595	0.00237	0.00362
8	0.01388	0.17588	0.01325	0.00873	0.01170	0.15012	0.00727	0.39857	0.06974	0.05381	0.01079	0.01084	0.04787	0.00486	0.00380	0.00115	0.00472	0.00356	0.00335	0.00607
9	0.00896	0.02082	0.73502	0.01173	0.01737	0.08978	0.03411	0.01333	0.00898	0.01272	0.00729	0.00860	0.00523	0.00392	0.00390	0.00128	0.00622	0.00304	0.00178	0.00593
10	0.00520	0.00381	0.00482	0.00543	0.00593	0.00354	0.00375	0.00608	0.00831	0.01096	0.09533	0.54983	0.14717	0.07437	0.02328	0.00187	0.00264	0.04057	0.00374	0.00336
11	0.00616	0.00411	0.00507	0.00513	0.00576	0.00389	0.00349	0.00702	0.00836	0.05079	0.19232	0.23422	0.12127	0.28075	0.05113	0.00251	0.00324	0.00786	0.00352	0.00339
12	0.00559	0.00419	0.00522	0.00542	0.00627	0.00392	0.00396	0.00734	0.04242	0.01332	0.34602	0.30873	0.17215	0.01028	0.00499	0.00147	0.00226	0.04863	0.00411	0.00372
13	0.00694	0.00445	0.00541	0.00541	0.00643	0.00408	0.00403	0.00800	0.00893	0.09818	0.10683	0.13272	0.25381	0.19491	0.00846	0.00205	0.00295	0.13897	0.00372	0.00370
14	0.04035	0.00427	0.00532	0.00533	0.00620	0.00401	0.00385	0.00760	0.00982	0.04568	0.42002	0.25227	0.08419	0.07196	0.00603	0.00161	0.00236	0.02131	0.00406	0.00374
15	0.00991	0.00668	0.00912	0.09396	0.01140	0.00702	0.04646	0.10165	0.10518	0.15817	0.09188	0.09685	0.05733	0.01142	0.17133	0.00241	0.00512	0.00545	0.00356	0.00511
16	0.00499	0.00362	0.00471	0.00559	0.00592	0.00335	0.00375	0.00573	0.00798	0.01053	0.02421	0.78505	0.09414	0.01265	0.00521	0.00164	0.00236	0.01142	0.00381	0.00335
17	0.00628	0.00434	0.00527	0.00551	0.00617	0.00420	0.00377	0.00784	0.06854	0.04702	0.09276	0.39049	0.10819	0.20767	0.00869	0.00211	0.00282	0.02111	0.00365	0.00360
18	0.00612	0.00405	0.00508	0.00528	0.00589	0.00382	0.00363	0.00687	0.00818	0.05112	0.12639	0.31656	0.13357	0.20618	0.05073	0.03636	0.00320	0.02009	0.00350	0.00337
19	0.01056	0.58764	0.05706	0.16145	0.02797	0.07476	0.00837	0.01230	0.00859	0.01006	0.00616	0.00760	0.00532	0.00369	0.00306	0.00101	0.00490	0.00256	0.00180	0.00516
20	0.01065	0.00807	0.00875	0.00779	0.01003	0.00900	0.00607	0.04701	0.60710	0.09774	0.01741	0.05505	0.04162	0.00597	0.00418	0.00137	0.00317	0.00499	0.04786	0.00617
21	0.00506	0.00380	0.00459	0.00514	0.00573	0.00344	0.00351	0.00585	0.00828	0.01066	0.05370	0.52275	0.26331	0.07647	0.00631	0.00175	0.00240	0.01021	0.00373	0.00333
22	0.00666	0.00491	0.00619	0.06573	0.00836	0.00502	0.00480	0.02037	0.11111	0.03867	0.04052	0.42073	0.08889	0.09944	0.00661	0.00182	0.00300	0.05959	0.00364	0.00396
23	0.00589	0.00399	0.00481	0.00515	0.00535	0.00394	0.00335	0.00635	0.00692	0.00928	0.01624	0.20813	0.01864	0.53627	0.01497	0.00312	0.00355	0.11564	0.02553	0.00288
24	0.00849	0.00805	0.01365	0.59298	0.27536	0.00932	0.01177	0.01114	0.00856	0.01139	0.00743	0.01070	0.00579	0.00397	0.00409	0.00132	0.00529	0.00365	0.00189	0.00516

[dist]
# distance from previous block
# <min> <max>
0	1

[block]
# block no. 6 follows, 65 sequences, length 40
# corresponding to MSA columns:
# 388-427
name=unknown_G
#
# <colnr> <probs for GDERKNQSTAVLIFYWHMCP>
#	G	D	E	R	K	N	Q	S	T	A	V	L	I	F	Y	W	H	M	C	P
0	0.53348	0.00967	0.00879	0.05027	0.01087	0.10496	0.04821	0.08703	0.00909	0.03859	0.00677	0.00781	0.00518	0.00394	0.00309	0.00121	0.00410	0.00268	0.00263	0.06161
1	0.08661	0.03647	0.02683	0.00751	0.00980	0.03338	0.00601	0.06656	0.40198	0.09765	0.05714	0.04069	0.04893	0.04635	0.00498	0.01143	0.00346	0.00473	0.00381	0.00569
2	0.03507	0.01057	0.01162	0.00895	0.01218	0.01142	0.00739	0.64113	0.03520	0.16773	0.01103	0.01063	0.00761	0.00494	0.00408	0.00124	0.00428	0.00376	0.00425	0.00692
3	0.77874	0.00782	0.00646	0.00563	0.00825	0.00882	0.00464	0.01304	0.00757	0.11808	0.00700	0.00756	0.00514	0.00397	0.00273	0.00127	0.00321	0.00246	0.00285	0.00476
4	0.00581	0.00416	0.00532	0.00530	0.00578	0.00432	0.00365	0.00665	0.00715	0.00980	0.11181	0.03813	0.07732	0.38762	0.30501	0.00435	0.00603	0.00589	0.00275	0.00315
5	0.11573	0.00744	0.01143	0.00911	0.01160	0.00728	0.20604	0.06684	0.02527	0.17804	0.10011	0.09770	0.01403	0.00607	0.00432	0.00136	0.00400	0.06319	0.06528	0.00517
6	0.00571	0.00380	0.00496	0.00566	0.00600	0.00357	0.00379	0.00639	0.00779	0.04245	0.02098	0.68114	0.02466	0.13121	0.00741	0.00198	0.00269	0.03278	0.00367	0.00337
7	0.04972	0.00524	0.00638	0.00584	0.00728	0.00510	0.00446	0.02968	0.08441	0.11675	0.47687	0.10913	0.06702	0.00797	0.00461	0.00134	0.00242	0.00692	0.00435	0.00452
8	0.03618	0.00485	0.00561	0.00545	0.00668	0.00457	0.00404	0.03704	0.02976	0.09666	0.09821	0.19366	0.28338	0.12108	0.00689	0.00178	0.00277	0.05360	0.00381	0.00396
9	0.00601	0.00438	0.00597	0.00596	0.00654	0.00482	0.00435	0.00735	0.02831	0.00978	0.06135	0.03503	0.01394	0.26217	0.50272	0.00521	0.00795	0.02223	0.00253	0.00341
10	0.05660	0.00485	0.00580	0.00576	0.00691	0.00473	0.00428	0.04034	0.03102	0.09236	0.11786	0.33210	0.12742	0.02663	0.03772	0.00170	0.00294	0.03877	0.05811	0.00410
11	0.21913	0.00622	0.00674	0.00614	0.00798	0.00640	0.00490	0.06577	0.04440	0.13585	0.13233	0.05610	0.10773	0.05897	0.00520	0.00155	0.00311	0.11488	0.01196	0.00463
12	0.00555	0.00403	0.00441	0.00444	0.00494	0.00378	0.00279	0.00598	0.00733	0.00933	0.04452	0.06361	0.28805	0.51753	0.01449	0.00295	0.00323	0.00713	0.00304	0.00288
13	0.00587	0.00427	0.00601	0.00615	0.00670	0.00472	0.00458	0.00700	0.00676	0.00946	0.01305	0.08391	0.01348	0.20315	0.54337	0.00533	0.00834	0.06195	0.00249	0.00340
14	0.00748	0.00433	0.00653	0.12200	0.00876	0.00462	0.00478	0.03129	0.00618	0.00818	0.00724	0.01218	0.00690	0.01256	0.01402	0.73133	0.00386	0.00358	0.00186	0.00233
15	0.00502	0.00366	0.00474	0.00553	0.00592	0.00337	0.00374	0.00583	0.00819	0.01083	0.06289	0.73173	0.10863	0.01240	0.00518	0.00162	0.00233	0.01116	0.00384	0.00337
16	0.00797	0.00751	0.01270	0.77291	0.09957	0.00918	0.01151	0.01068	0.00831	0.01075	0.00733	0.01087	0.00556	0.00406	0.00410	0.00135	0.00542	0.00365	0.00184	0.00473
17	0.00549	0.00399	0.00482	0.00518	0.00600	0.00357	0.00369	0.00651	0.00896	0.03453	0.12984	0.40874	0.30465	0.02744	0.00534	0.00156	0.00232	0.02992	0.00391	0.00354
18	0.01052	0.01073	0.00817	0.00801	0.00935	0.35910	0.00594	0.01155	0.00991	0.07191	0.01553	0.35112	0.03220	0.00844	0.00453	0.00139	0.00470	0.06947	0.00318	0.00425
19	0.00617	0.00452	0.00603	0.00577	0.00611	0.00490	0.02404	0.00677	0.00628	0.00868	0.01185	0.02219	0.01277	0.53015	0.28345	0.00466	0.04495	0.00533	0.00235	0.00303
20	0.01492	0.08171	0.01253	0.00920	0.01218	0.17549	0.00753	0.52322	0.01623	0.05949	0.04123	0.01012	0.00790	0.00482	0.00394	0.00117	0.00493	0.00353	0.00358	0.00628
21	0.00925	0.05088	0.10173	0.00998	0.13820	0.02721	0.00749	0.02560	0.00904	0.04551	0.00918	0.06254	0.00816	0.00433	0.00359	0.00096	0.00386	0.03474	0.00252	0.44524
22	0.03300	0.07732	0.18990	0.00838	0.01112	0.05470	0.03446	0.07533	0.00884	0.01229	0.01046	0.01304	0.04667	0.01513	0.34288	0.00337	0.00749	0.00383	0.00231	0.04950
23	0.01215	0.00791	0.00940	0.00792	0.01040	0.02326	0.03829	0.04471	0.37933	0.26083	0.07449	0.03370	0.06712	0.00595	0.00429	0.00134	0.00340	0.00503	0.00432	0.00614
24	0.07483	0.00950	0.01793	0.21131	0.04013	0.00965	0.43721	0.02334	0.04198	0.08017	0.00886	0.01109	0.00651	0.00388	0.00439	0.00136	0.00579	0.00426	0.00240	0.00542
25	0.01141	0.01166	0.11982	0.03818	0.06994	0.18550	0.05965	0.05840	0.03994	0.13853	0.09895	0.01490	0.03805	0.07862	0.01723	0.00155	0.00504	0.00432	0.00303	0.00528
26	0.02545	0.00653	0.00732	0.00692	0.00835	0.00709	0.00517	0.08901	0.30734	0.02420	0.07617	0.21688	0.01813	0.13150	0.00695	0.00183	0.00320	0.04929	0.00382	0.00484
27	0.00647	0.00412	0.00526	0.00540	0.00605	0.00385	0.00373	0.00745	0.00882	0.07479	0.23535	0.35550	0.05117	0.19307	0.00842	0.00203	0.00270	0.01842	0.00381	0.00359
28	0.04234	0.00645	0.06774	0.04537	0.04782	0.01413	0.02237	0.04440	0.00862	0.04407	0.03494	0.42217	0.03577	0.03361	0.10845	0.00220	0.00431	0.00783	0.00323	0.00418
29	0.01045	0.08709	0.03043	0.20852	0.10303	0.04306	0.06398	0.13174	0.04229	0.06935	0.02311	0.01234	0.01815	0.04703	0.07650	0.00185	0.01916	0.00392	0.00265	0.00534
30	0.00633	0.00481	0.00585	0.00566	0.00672	0.02499	0.03195	0.00764	0.01941	0.05013	0.20747	0.25606	0.26187	0.08450	0.00630	0.00166	0.00268	0.00843	0.00381	0.00374
31	0.00549	0.00467	0.03397	0.03897	0.00716	0.00402	0.00433	0.00678	0.00907	0.01205	0.22676	0.33092	0.20288	0.07097	0.00609	0.00166	0.00260	0.02428	0.00374	0.00359
32	0.03748	0.14249	0.14938	0.02069	0.06870	0.09225	0.02753	0.09567	0.02748	0.02390	0.07984	0.08482	0.08212	0.00599	0.00416	0.00127	0.01481	0.03345	0.00283	0.00514
33	0.00898	0.00805	0.01317	0.22217	0.43094	0.00859	0.01035	0.01128	0.01978	0.03430	0.06146	0.05325	0.00993	0.05381	0.00549	0.00147	0.03478	0.00444	0.00235	0.00541
34	0.00660	0.00421	0.00530	0.00539	0.00618	0.00388	0.00381	0.00763	0.00899	0.08428	0.21424	0.30999	0.11883	0.16297	0.00784	0.00194	0.00268	0.03774	0.00385	0.00366
35	0.02610	0.69722	0.14001	0.00818	0.03418	0.01496	0.00832	0.01240	0.00839	0.01041	0.00601	0.00699	0.00528	0.00358	0.00286	0.00096	0.00463	0.00236	0.00177	0.00540
36	0.28634	0.06480	0.10536	0.03631	0.26833	0.01009	0.01742	0.05020	0.04825	0.02857	0.00755	0.00902	0.00598	0.00435	0.01393	0.00132	0.03109	0.00312	0.00238	0.00559
37	0.00898	0.00890	0.04690	0.03067	0.43324	0.03661	0.03985	0.01118	0.00938	0.02286	0.14900	0.03944	0.01289	0.02225	0.05543	0.00164	0.04400	0.00460	0.00255	0.01962
38	0.00570	0.00436	0.00526	0.00523	0.00630	0.00404	0.00396	0.00761	0.04216	0.01385	0.40546	0.09597	0.27699	0.02596	0.00524	0.00146	0.00227	0.08028	0.00413	0.00378
39	0.01130	0.00916	0.02039	0.00829	0.03788	0.04144	0.01562	0.27611	0.03749	0.04602	0.04536	0.01279	0.02006	0.00467	0.00379	0.00103	0.00383	0.04485	0.01273	0.34719

[dist]
# distance from previous block
# <min> <max>
0	5

[block]
# block no. 7 follows, 65 sequences, length 18
# corresponding to MSA columns:
# 433-450
name=unknown_H
#
# <colnr> <probs for GDERKNQSTAVLIFYWHMCP>
#	G	D	E	R	K	N	Q	S	T	A	V	L	I	F	Y	W	H	M	C	P
0	0.02886	0.03771	0.27210	0.01111	0.13100	0.00813	0.02694	0.03263	0.00934	0.11543	0.00849	0.00947	0.00634	0.00374	0.00364	0.00105	0.00448	0.00308	0.00250	0.28397
1	0.03152	0.00955	0.04004	0.05164	0.43610	0.00935	0.07737	0.10305	0.03096	0.05169	0.00890	0.01131	0.00723	0.03846	0.04682	0.00161	0.00514	0.00384	0.00250	0.03293
2	0.00717	0.00591	0.00827	0.02518	0.04724	0.02370	0.06086	0.00877	0.00928	0.04475	0.25061	0.02463	0.18004	0.05797	0.12513	0.00228	0.08368	0.02711	0.00329	0.00414
3	0.00916	0.00907	0.04074	0.16575	0.25965	0.00896	0.20819	0.03668	0.02691	0.03002	0.07672	0.05701	0.01023	0.00525	0.01988	0.00143	0.02173	0.00471	0.00247	0.00545
4	0.06765	0.07221	0.11109	0.03373	0.16818	0.03282	0.02530	0.17830	0.02626	0.02655	0.00768	0.00923	0.00611	0.00456	0.00534	0.00127	0.14450	0.00331	0.00251	0.07339
5	0.02615	0.00795	0.02319	0.06361	0.21530	0.02036	0.15556	0.02227	0.00897	0.06233	0.03128	0.07535	0.07678	0.01005	0.15407	0.00229	0.03175	0.00506	0.00260	0.00507
6	0.00701	0.00358	0.00529	0.00532	0.00533	0.00358	0.00353	0.00539	0.00546	0.00728	0.00791	0.04164	0.00815	0.05079	0.01589	0.81263	0.00354	0.00394	0.00188	0.00187
7	0.07222	0.18318	0.09776	0.02095	0.08435	0.11347	0.13914	0.05424	0.03762	0.01273	0.00894	0.05821	0.01722	0.00645	0.06419	0.00160	0.01630	0.00387	0.00231	0.00524
8	0.05115	0.04812	0.10499	0.03991	0.28839	0.08696	0.03212	0.07842	0.03954	0.02951	0.06100	0.04565	0.05558	0.01590	0.00426	0.00128	0.00466	0.00430	0.00265	0.00559
9	0.00725	0.00496	0.00568	0.00532	0.00663	0.00469	0.00393	0.02886	0.07941	0.08935	0.18100	0.06785	0.32373	0.15047	0.00742	0.00181	0.00271	0.02100	0.00388	0.00406
10	0.00937	0.00938	0.04286	0.09692	0.59309	0.00913	0.03921	0.01215	0.03981	0.01302	0.01038	0.04852	0.04890	0.00451	0.00418	0.00128	0.00473	0.00431	0.00225	0.00599
11	0.04299	0.21303	0.12972	0.03322	0.12218	0.07888	0.05318	0.04977	0.08128	0.03345	0.06429	0.04352	0.00960	0.00477	0.00390	0.00120	0.01449	0.01247	0.00256	0.00550
12	0.00657	0.00471	0.00574	0.03838	0.03228	0.00483	0.00375	0.05153	0.00738	0.00985	0.03402	0.08626	0.05613	0.58123	0.05767	0.00340	0.00419	0.00619	0.00274	0.00315
13	0.03853	0.00421	0.00504	0.00539	0.00618	0.00400	0.00383	0.00708	0.04061	0.01234	0.18670	0.42643	0.19084	0.02842	0.00527	0.00156	0.00235	0.02369	0.00389	0.00362
14	0.00898	0.08942	0.12094	0.01061	0.13507	0.05524	0.02249	0.07280	0.00928	0.03352	0.04336	0.07545	0.04236	0.04718	0.18940	0.00256	0.02921	0.00461	0.00256	0.00495
15	0.03538	0.04595	0.10608	0.08106	0.08138	0.11174	0.04051	0.07247	0.02161	0.09893	0.05237	0.10401	0.01159	0.05356	0.02173	0.00157	0.01350	0.03853	0.00292	0.00512
16	0.00994	0.03491	0.01444	0.22879	0.44584	0.06251	0.01103	0.05996	0.00958	0.01282	0.00782	0.01046	0.00641	0.00573	0.06116	0.00160	0.00557	0.00360	0.00211	0.00570
17	0.00878	0.04899	0.07496	0.09848	0.03103	0.01808	0.24775	0.04261	0.02638	0.04055	0.02896	0.06765	0.05033	0.00650	0.00471	0.00147	0.00497	0.19002	0.00285	0.00494

[dist]
# distance from previous block
# <min> <max>
0	340

# created by:
# /st0/software/busco_prod/Augustus/scripts/msa2prfl.pl ./align_prep/33429.fa
