[name]
unknown

[dist]
# distance from previous block
# <min> <max>
0	39

[block]
# block no. 0 follows, 63 sequences, length 8
# corresponding to MSA columns:
# 39-46
name=unknown_A
#
# <colnr> <probs for GDERKNQSTAVLIFYWHMCP>
#	G	D	E	R	K	N	Q	S	T	A	V	L	I	F	Y	W	H	M	C	P
0	0.06000	0.00557	0.00723	0.03485	0.07063	0.00568	0.00559	0.02593	0.02253	0.05585	0.03260	0.18321	0.12786	0.03574	0.10696	0.00219	0.02173	0.10447	0.06326	0.02811
1	0.00923	0.02823	0.23975	0.03596	0.12599	0.03120	0.07247	0.04278	0.15968	0.01500	0.13232	0.01491	0.03100	0.00516	0.00426	0.00132	0.00462	0.00449	0.03585	0.00577
2	0.00531	0.00394	0.00486	0.00530	0.00593	0.00359	0.00366	0.00630	0.00898	0.01184	0.17687	0.45495	0.21031	0.07024	0.00632	0.00173	0.00240	0.01003	0.00394	0.00349
3	0.00845	0.00804	0.01121	0.00980	0.00991	0.01095	0.00799	0.00936	0.00645	0.00987	0.00708	0.01203	0.00718	0.09455	0.12834	0.00274	0.64578	0.00403	0.00197	0.00428
4	0.00671	0.00450	0.00575	0.00588	0.00681	0.00425	0.00428	0.00862	0.05593	0.07035	0.29577	0.38416	0.08516	0.01041	0.00507	0.00152	0.00244	0.03406	0.00426	0.00407
5	0.00721	0.00371	0.00557	0.00557	0.00562	0.00377	0.00377	0.00562	0.00557	0.00748	0.00759	0.01305	0.00753	0.01582	0.07528	0.81513	0.00420	0.00371	0.00186	0.00196
6	0.88196	0.00813	0.00618	0.00553	0.00813	0.00943	0.00455	0.01236	0.00715	0.01886	0.00585	0.00683	0.00455	0.00390	0.00260	0.00130	0.00325	0.00228	0.00260	0.00455
7	0.05873	0.10651	0.08645	0.02495	0.09333	0.02302	0.00721	0.03630	0.03871	0.05043	0.06111	0.14569	0.03279	0.03001	0.03886	0.00157	0.04395	0.00510	0.02239	0.09289

[dist]
# distance from previous block
# <min> <max>
1	4

[block]
# block no. 1 follows, 63 sequences, length 19
# corresponding to MSA columns:
# 51-69
name=unknown_B
#
# <colnr> <probs for GDERKNQSTAVLIFYWHMCP>
#	G	D	E	R	K	N	Q	S	T	A	V	L	I	F	Y	W	H	M	C	P
0	0.08826	0.06056	0.15249	0.10125	0.18182	0.05248	0.09119	0.09306	0.05536	0.04180	0.03644	0.01076	0.00762	0.00430	0.00402	0.00129	0.00515	0.00370	0.00257	0.00590
1	0.00779	0.00589	0.00721	0.00604	0.00827	0.00498	0.02870	0.04012	0.00994	0.06850	0.11403	0.13487	0.25901	0.00759	0.00436	0.00118	0.00281	0.00651	0.00359	0.27861
2	0.01518	0.01021	0.02752	0.00873	0.01192	0.02459	0.00724	0.49132	0.01607	0.20255	0.01213	0.06876	0.00916	0.00547	0.00420	0.00125	0.00421	0.00432	0.00420	0.07097
3	0.03467	0.00678	0.03750	0.00703	0.03235	0.02710	0.01690	0.09204	0.04185	0.01444	0.15563	0.22357	0.18912	0.02596	0.00498	0.00143	0.00309	0.00736	0.00369	0.07452
4	0.00549	0.00418	0.00460	0.00458	0.00545	0.00377	0.00314	0.00635	0.00881	0.01120	0.15635	0.06630	0.41729	0.27258	0.01010	0.00224	0.00272	0.00793	0.00360	0.00330
5	0.01434	0.19110	0.03159	0.00913	0.01241	0.01353	0.00790	0.57754	0.01635	0.02167	0.00903	0.00970	0.00685	0.02332	0.00461	0.00127	0.03607	0.00349	0.00352	0.00656
6	0.03777	0.00704	0.00851	0.00638	0.00965	0.00566	0.00512	0.01258	0.00980	0.19997	0.10603	0.01261	0.01108	0.00426	0.00357	0.00088	0.00309	0.00348	0.00336	0.54915
7	0.01016	0.12976	0.50902	0.01111	0.01627	0.02944	0.06443	0.10610	0.01029	0.03066	0.00783	0.00897	0.00575	0.00403	0.00387	0.00124	0.00571	0.00318	0.00219	0.03998
8	0.01318	0.05689	0.01044	0.00774	0.01037	0.01040	0.00637	0.51708	0.01572	0.02219	0.01098	0.01164	0.00818	0.00492	0.00373	0.00115	0.00379	0.00374	0.27545	0.00604
9	0.00571	0.00463	0.00594	0.01831	0.00719	0.00443	0.02848	0.00721	0.03540	0.01196	0.11759	0.36012	0.30653	0.01086	0.00543	0.00155	0.03312	0.02793	0.00384	0.00377
10	0.03745	0.00675	0.00886	0.00696	0.00992	0.00587	0.00570	0.01816	0.01155	0.68880	0.02017	0.01799	0.13050	0.00598	0.00430	0.00132	0.00336	0.00487	0.00495	0.00656
11	0.00906	0.00566	0.00678	0.00638	0.00787	0.00550	0.00478	0.10782	0.05660	0.14556	0.06837	0.35750	0.15738	0.00955	0.00482	0.00148	0.00285	0.00830	0.02900	0.00473
12	0.01025	0.00720	0.03310	0.00680	0.00867	0.06276	0.02330	0.05711	0.02621	0.19448	0.05501	0.03269	0.17065	0.12790	0.11873	0.00242	0.00472	0.00553	0.04768	0.00476
13	0.00778	0.00453	0.00649	0.00645	0.02461	0.00479	0.00443	0.05149	0.00659	0.00890	0.00836	0.01324	0.02207	0.01486	0.08157	0.69059	0.03487	0.00382	0.00204	0.00252
14	0.00568	0.00408	0.00559	0.00601	0.00645	0.00425	0.00426	0.00657	0.00728	0.00995	0.01719	0.36174	0.03524	0.13966	0.32726	0.02451	0.00611	0.02176	0.00303	0.00339
15	0.00595	0.00456	0.00598	0.00630	0.00710	0.01879	0.03440	0.00708	0.00897	0.02730	0.08848	0.51641	0.15433	0.01158	0.00525	0.00162	0.00278	0.08552	0.00388	0.00371
16	0.05812	0.01319	0.01229	0.01110	0.06766	0.33622	0.09767	0.12060	0.03808	0.06307	0.04008	0.03507	0.00902	0.00500	0.00407	0.00123	0.00559	0.02425	0.05226	0.00541
17	0.04621	0.05758	0.09422	0.00786	0.01002	0.03131	0.03010	0.10159	0.07200	0.06947	0.04688	0.25976	0.06625	0.02971	0.00525	0.00152	0.02933	0.03252	0.00348	0.00496
18	0.01838	0.00744	0.01717	0.03535	0.04783	0.05538	0.02015	0.05018	0.12844	0.01352	0.05932	0.11133	0.06931	0.05363	0.08020	0.00202	0.09983	0.01241	0.11344	0.00466

[dist]
# distance from previous block
# <min> <max>
2	12

[block]
# block no. 2 follows, 63 sequences, length 11
# corresponding to MSA columns:
# 82-92
name=unknown_C
#
# <colnr> <probs for GDERKNQSTAVLIFYWHMCP>
#	G	D	E	R	K	N	Q	S	T	A	V	L	I	F	Y	W	H	M	C	P
0	0.03078	0.19248	0.17339	0.02206	0.11997	0.10751	0.02673	0.07848	0.03833	0.05029	0.02505	0.02530	0.00763	0.02991	0.00427	0.00125	0.00505	0.00346	0.00249	0.05557
1	0.00638	0.00450	0.00541	0.02220	0.00644	0.00441	0.00377	0.01940	0.03441	0.02676	0.15689	0.14068	0.16901	0.26220	0.06447	0.01894	0.00352	0.00727	0.03982	0.00354
2	0.00965	0.03005	0.30893	0.02731	0.16003	0.03358	0.07101	0.04686	0.15881	0.01483	0.06344	0.01228	0.00953	0.00461	0.00416	0.00131	0.00506	0.00399	0.02849	0.00607
3	0.00543	0.00418	0.00494	0.00503	0.00604	0.00373	0.00369	0.00676	0.01004	0.01314	0.31242	0.18390	0.35906	0.03060	0.00546	0.00152	0.00224	0.03408	0.00412	0.00366
4	0.00607	0.00467	0.00613	0.00646	0.06018	0.00429	0.00442	0.00793	0.01134	0.01568	0.63246	0.03161	0.17570	0.00864	0.00491	0.00133	0.00221	0.00757	0.00433	0.00407
5	0.06582	0.00649	0.00776	0.00684	0.02116	0.00651	0.03746	0.01177	0.17599	0.03687	0.03791	0.01819	0.01218	0.30060	0.05384	0.00245	0.00407	0.00468	0.02736	0.16204
6	0.01609	0.01254	0.01239	0.00970	0.01292	0.11129	0.00792	0.67790	0.01844	0.06386	0.00998	0.01000	0.00710	0.00497	0.00416	0.00124	0.00493	0.00368	0.00401	0.00688
7	0.01487	0.01496	0.01123	0.00956	0.01205	0.42215	0.00745	0.31962	0.01454	0.01712	0.00873	0.00951	0.00672	0.00467	0.00385	0.00114	0.00578	0.00326	0.10716	0.00563
8	0.01570	0.02004	0.01191	0.01083	0.01300	0.83539	0.00812	0.01679	0.01191	0.01029	0.00650	0.00758	0.00541	0.00433	0.00379	0.00108	0.00758	0.00271	0.00217	0.00487
9	0.05676	0.00864	0.02937	0.00790	0.01023	0.02592	0.00632	0.03333	0.53019	0.04972	0.05046	0.01701	0.06934	0.00764	0.05979	0.00174	0.00390	0.00484	0.00394	0.02295
10	0.04585	0.31785	0.01394	0.00788	0.01024	0.18549	0.00659	0.07040	0.00974	0.06530	0.00875	0.04171	0.00810	0.11576	0.03317	0.00168	0.04651	0.00359	0.00250	0.00496

[dist]
# distance from previous block
# <min> <max>
0	3

[block]
# block no. 3 follows, 63 sequences, length 10
# corresponding to MSA columns:
# 96,116,118-125
name=unknown_D
#
# <colnr> <probs for GDERKNQSTAVLIFYWHMCP>
#	G	D	E	R	K	N	Q	S	T	A	V	L	I	F	Y	W	H	M	C	P
0	0.01236	0.03170	0.01050	0.05240	0.01209	0.21682	0.00715	0.16724	0.23512	0.05754	0.01434	0.04048	0.07010	0.00655	0.02800	0.00146	0.00492	0.02204	0.00349	0.00572
1	0.43888	0.06135	0.08821	0.06474	0.06345	0.09735	0.06243	0.01266	0.00834	0.01522	0.00702	0.02628	0.00576	0.00490	0.02682	0.00143	0.00480	0.00304	0.00233	0.00496
2	0.00934	0.01441	0.35683	0.10426	0.15784	0.00961	0.12021	0.03237	0.04025	0.03619	0.05520	0.01146	0.00817	0.00436	0.00444	0.00135	0.02155	0.00391	0.00230	0.00596
3	0.00518	0.00368	0.00486	0.00578	0.00601	0.00345	0.00382	0.00587	0.00794	0.01058	0.02259	0.80173	0.02708	0.06195	0.00630	0.00184	0.00253	0.01161	0.00382	0.00336
4	0.00872	0.00747	0.00872	0.00623	0.00996	0.00560	0.00498	0.01058	0.00872	0.01370	0.00747	0.00872	0.00623	0.00311	0.00311	0.00062	0.00311	0.00249	0.00249	0.87796
5	0.00630	0.00436	0.00544	0.00553	0.00643	0.00411	0.00399	0.00797	0.03929	0.04845	0.27768	0.30795	0.15192	0.04390	0.04056	0.00180	0.00275	0.00873	0.02896	0.00389
6	0.00537	0.00379	0.00506	0.00595	0.00629	0.00362	0.00412	0.00626	0.00811	0.01097	0.02216	0.72663	0.02608	0.01375	0.04876	0.00196	0.00297	0.06069	0.03399	0.00348
7	0.00661	0.00637	0.05441	0.07158	0.10845	0.00568	0.00624	0.00854	0.02887	0.01262	0.14977	0.17290	0.26436	0.02665	0.00541	0.00149	0.03230	0.00741	0.02603	0.00431
8	0.08332	0.16309	0.05869	0.00800	0.04302	0.04083	0.01829	0.03003	0.10983	0.01366	0.08144	0.12554	0.08619	0.00659	0.00452	0.00131	0.05080	0.00529	0.06466	0.00491
9	0.11275	0.12014	0.21269	0.05049	0.02695	0.08037	0.00897	0.09633	0.06551	0.03431	0.00968	0.03392	0.02824	0.00528	0.02137	0.00135	0.02295	0.00355	0.01951	0.04565

[dist]
# distance from previous block
# <min> <max>
1	21

[block]
# block no. 4 follows, 63 sequences, length 16
# corresponding to MSA columns:
# 147-162
name=unknown_E
#
# <colnr> <probs for GDERKNQSTAVLIFYWHMCP>
#	G	D	E	R	K	N	Q	S	T	A	V	L	I	F	Y	W	H	M	C	P
0	0.01005	0.02981	0.07993	0.09321	0.26220	0.02016	0.07940	0.10895	0.06791	0.02839	0.05724	0.03569	0.04536	0.02659	0.00495	0.00141	0.02032	0.01981	0.00281	0.00580
1	0.01055	0.02441	0.03608	0.08548	0.26948	0.02142	0.17451	0.04657	0.07162	0.08502	0.02455	0.01323	0.04411	0.00562	0.03866	0.00153	0.00527	0.00436	0.01694	0.02061
2	0.00759	0.00538	0.00687	0.02017	0.04757	0.00534	0.00501	0.03221	0.06669	0.08254	0.13797	0.09736	0.24483	0.03620	0.17177	0.01320	0.00451	0.00678	0.00364	0.00439
3	0.05757	0.05082	0.12856	0.00840	0.01109	0.06012	0.04619	0.14541	0.06644	0.04551	0.06759	0.01344	0.01037	0.02924	0.08913	0.00187	0.02442	0.00402	0.13451	0.00531
4	0.78194	0.00900	0.04794	0.00658	0.03208	0.00959	0.00546	0.04155	0.00777	0.01872	0.00615	0.00715	0.00475	0.00394	0.00277	0.00130	0.00350	0.00241	0.00260	0.00479
5	0.00628	0.00429	0.00564	0.00564	0.00610	0.00455	0.00390	0.00711	0.00693	0.02536	0.04730	0.07908	0.01500	0.38405	0.35680	0.00479	0.00680	0.00583	0.02127	0.00329
6	0.07151	0.04651	0.07670	0.03896	0.03390	0.04235	0.04965	0.07976	0.02960	0.13648	0.13440	0.07480	0.04007	0.00813	0.07183	0.00176	0.02700	0.00500	0.00337	0.02823
7	0.06123	0.20905	0.17890	0.02349	0.01352	0.24074	0.02365	0.11320	0.03393	0.04030	0.00766	0.00851	0.00597	0.00419	0.00361	0.00115	0.00562	0.00295	0.00244	0.01989
8	0.00502	0.00426	0.00433	0.00431	0.00571	0.00357	0.00323	0.00613	0.00969	0.01162	0.08073	0.04001	0.78602	0.01055	0.00497	0.00141	0.00212	0.00881	0.00394	0.00357
9	0.00923	0.00581	0.00702	0.00615	0.00787	0.00559	0.00477	0.10951	0.04399	0.14421	0.37575	0.05703	0.16766	0.00819	0.00503	0.02349	0.00270	0.00677	0.00443	0.00482
10	0.01124	0.05645	0.19537	0.14889	0.07237	0.08335	0.06534	0.11581	0.05028	0.08843	0.00965	0.04028	0.00750	0.00520	0.01962	0.00141	0.01632	0.00392	0.00270	0.00585
11	0.00705	0.00551	0.00785	0.07113	0.00952	0.00627	0.02679	0.05284	0.01961	0.01116	0.03167	0.03796	0.02891	0.13924	0.44911	0.00465	0.04806	0.01937	0.01934	0.00397
12	0.00521	0.00387	0.00473	0.00532	0.00586	0.00353	0.00360	0.00600	0.00839	0.01087	0.05754	0.54248	0.22203	0.09178	0.00677	0.00185	0.00250	0.01048	0.00380	0.00339
13	0.02059	0.04504	0.12800	0.01007	0.10500	0.00806	0.02952	0.13027	0.04603	0.05508	0.09158	0.10990	0.05439	0.02523	0.00540	0.04110	0.01353	0.03917	0.03678	0.00525
14	0.08428	0.06378	0.12110	0.06185	0.07110	0.03371	0.06370	0.19083	0.06117	0.06659	0.00945	0.02501	0.00726	0.00474	0.00433	0.01714	0.02194	0.00366	0.02498	0.06340
15	0.05345	0.05510	0.09014	0.08571	0.11971	0.12241	0.08418	0.05169	0.05506	0.02482	0.01168	0.08027	0.06156	0.01913	0.00499	0.00138	0.05322	0.00459	0.00260	0.01831

[dist]
# distance from previous block
# <min> <max>
1	52

[block]
# block no. 5 follows, 63 sequences, length 11
# corresponding to MSA columns:
# 215-225
name=unknown_F
#
# <colnr> <probs for GDERKNQSTAVLIFYWHMCP>
#	G	D	E	R	K	N	Q	S	T	A	V	L	I	F	Y	W	H	M	C	P
0	0.03625	0.02998	0.02651	0.05077	0.18344	0.04427	0.18824	0.17914	0.04851	0.02618	0.01019	0.07432	0.00873	0.02649	0.03214	0.00159	0.01998	0.00465	0.00282	0.00581
1	0.00772	0.00444	0.00584	0.00610	0.00706	0.00403	0.00443	0.00875	0.00912	0.15912	0.04581	0.55291	0.09728	0.01128	0.00514	0.00161	0.00269	0.05838	0.00416	0.00415
2	0.00681	0.03168	0.03805	0.00702	0.02669	0.02814	0.03304	0.00844	0.03549	0.04056	0.09608	0.41294	0.14119	0.03404	0.02095	0.00169	0.00323	0.02622	0.00366	0.00407
3	0.01134	0.02992	0.24977	0.05220	0.02660	0.32726	0.06949	0.02297	0.01014	0.02325	0.00919	0.03585	0.03334	0.00556	0.02923	0.00142	0.02835	0.00368	0.02520	0.00525
4	0.01060	0.10086	0.05355	0.10016	0.05456	0.06788	0.02101	0.13328	0.10166	0.06362	0.04391	0.13661	0.01234	0.02847	0.01997	0.00152	0.01703	0.02437	0.00320	0.00540
5	0.23613	0.00811	0.00891	0.00725	0.01004	0.00837	0.00590	0.17805	0.05544	0.33193	0.03525	0.05331	0.01007	0.00535	0.00385	0.00131	0.00355	0.00414	0.02693	0.00611
6	0.06141	0.00423	0.00527	0.00578	0.00639	0.00409	0.00399	0.00719	0.00819	0.05371	0.05155	0.59924	0.04880	0.07977	0.03806	0.00202	0.00299	0.00993	0.00374	0.00365
7	0.00651	0.00507	0.00664	0.00689	0.02741	0.00492	0.03047	0.04684	0.05121	0.01308	0.12963	0.35469	0.16262	0.03083	0.00553	0.00164	0.00290	0.10519	0.00389	0.00404
8	0.01159	0.06981	0.10409	0.01063	0.01362	0.14446	0.15767	0.12229	0.04755	0.06827	0.05384	0.03592	0.03442	0.00523	0.00493	0.00131	0.06872	0.00431	0.03578	0.00556
9	0.00650	0.03080	0.03841	0.00683	0.02131	0.00555	0.01907	0.00755	0.00706	0.00972	0.01341	0.08917	0.03531	0.26359	0.33185	0.03731	0.03148	0.03902	0.00252	0.00355
10	0.00743	0.00528	0.00607	0.00601	0.00725	0.02723	0.00448	0.00973	0.08915	0.08995	0.18649	0.27905	0.21079	0.00988	0.00495	0.00149	0.00267	0.04365	0.00416	0.00429

[dist]
# distance from previous block
# <min> <max>
0	1

[block]
# block no. 6 follows, 63 sequences, length 51
# corresponding to MSA columns:
# 227-260,262-278
name=unknown_G
#
# <colnr> <probs for GDERKNQSTAVLIFYWHMCP>
#	G	D	E	R	K	N	Q	S	T	A	V	L	I	F	Y	W	H	M	C	P
0	0.02422	0.13180	0.11162	0.05018	0.05082	0.15460	0.04314	0.18475	0.08978	0.01524	0.01732	0.00992	0.00705	0.00515	0.01879	0.00136	0.07228	0.00346	0.00270	0.00581
1	0.01021	0.06648	0.11373	0.05851	0.26615	0.06767	0.05984	0.05095	0.12098	0.01362	0.00927	0.01117	0.00748	0.00707	0.08830	0.00184	0.03463	0.00379	0.00243	0.00589
2	0.02995	0.00409	0.00484	0.00530	0.00600	0.00382	0.00372	0.00657	0.00858	0.01158	0.07971	0.41084	0.22022	0.09621	0.00670	0.00182	0.00258	0.05137	0.04263	0.00348
3	0.09135	0.04400	0.12277	0.04805	0.12319	0.16363	0.09478	0.05312	0.04393	0.04883	0.02207	0.01035	0.00712	0.00489	0.01803	0.00137	0.05043	0.00355	0.04299	0.00555
4	0.00846	0.00722	0.04413	0.03820	0.05799	0.03247	0.00619	0.02091	0.16561	0.07284	0.14679	0.09728	0.13902	0.01046	0.10921	0.00205	0.00431	0.00613	0.01178	0.01896
5	0.00568	0.00431	0.00496	0.00524	0.00619	0.00401	0.00375	0.00747	0.06091	0.01240	0.11475	0.35013	0.32299	0.01069	0.00494	0.00149	0.00230	0.00932	0.06470	0.00377
6	0.01174	0.01105	0.01030	0.00907	0.01133	0.15315	0.00708	0.11534	0.49848	0.01695	0.05243	0.01400	0.01174	0.00562	0.00475	0.00136	0.05132	0.00436	0.00378	0.00616
7	0.00973	0.19003	0.15232	0.01308	0.07322	0.03684	0.28418	0.01250	0.00934	0.02330	0.00981	0.05707	0.00885	0.00503	0.00449	0.00134	0.02120	0.07992	0.00229	0.00546
8	0.00601	0.00447	0.00657	0.00657	0.00725	0.00515	0.00502	0.00738	0.00670	0.00962	0.01143	0.01748	0.01093	0.10329	0.76442	0.00652	0.01063	0.00464	0.00228	0.00365
9	0.01111	0.01243	0.01553	0.01228	0.01500	0.27072	0.33439	0.01397	0.06366	0.01264	0.03224	0.03660	0.00931	0.04365	0.00518	0.00142	0.00609	0.02919	0.06952	0.00504
10	0.00559	0.00426	0.00618	0.00660	0.00717	0.00407	0.04792	0.00670	0.01883	0.01097	0.02186	0.68501	0.04043	0.03128	0.04399	0.00198	0.00320	0.04667	0.00370	0.00360
11	0.00612	0.00431	0.00581	0.00584	0.00633	0.00473	0.00417	0.00711	0.00668	0.00955	0.01236	0.04055	0.01258	0.30998	0.49200	0.00540	0.00809	0.00520	0.04984	0.00334
12	0.00646	0.00450	0.00561	0.00578	0.00659	0.00427	0.00412	0.05207	0.00979	0.03849	0.21271	0.41694	0.10799	0.07467	0.00636	0.00174	0.00262	0.03143	0.00403	0.00383
13	0.01398	0.13875	0.02547	0.01032	0.01263	0.59910	0.03299	0.01524	0.01094	0.01052	0.02455	0.02627	0.00667	0.00464	0.00428	0.00113	0.05234	0.00307	0.00218	0.00493
14	0.02515	0.00975	0.05124	0.21273	0.30407	0.02281	0.01047	0.06496	0.14143	0.01434	0.00953	0.02514	0.00762	0.00450	0.00437	0.00130	0.02725	0.00390	0.00257	0.05687
15	0.00981	0.02541	0.21375	0.08765	0.21601	0.10271	0.09274	0.04225	0.02501	0.01343	0.06047	0.05452	0.02789	0.00491	0.00428	0.00131	0.00542	0.00437	0.00241	0.00567
16	0.01585	0.01944	0.01181	0.01067	0.01289	0.79682	0.00803	0.01696	0.01192	0.04836	0.00697	0.00789	0.00565	0.00437	0.00381	0.00109	0.00739	0.00278	0.00231	0.00498
17	0.00608	0.00456	0.00669	0.00666	0.00733	0.00530	0.00510	0.00744	0.00670	0.00963	0.01132	0.01730	0.01082	0.10061	0.75045	0.00643	0.02703	0.00462	0.00227	0.00367
18	0.02375	0.16095	0.44592	0.01076	0.03671	0.05153	0.04876	0.04173	0.03449	0.01317	0.03388	0.01111	0.03334	0.03123	0.00442	0.00134	0.00547	0.00352	0.00218	0.00574
19	0.17576	0.07417	0.11288	0.04673	0.14743	0.14248	0.09332	0.05785	0.06688	0.01458	0.00823	0.02693	0.00664	0.00429	0.00380	0.00126	0.00524	0.00349	0.00244	0.00560
20	0.00623	0.00466	0.00670	0.00632	0.00695	0.00491	0.04776	0.00724	0.00709	0.00986	0.07278	0.04722	0.01495	0.36616	0.36766	0.00480	0.00711	0.00565	0.00259	0.00337
21	0.01022	0.00866	0.00920	0.00830	0.01052	0.00993	0.00643	0.04633	0.71276	0.01721	0.03000	0.01729	0.01354	0.05188	0.00526	0.00158	0.00340	0.02700	0.00418	0.00633
22	0.00851	0.00795	0.01264	0.76045	0.04563	0.02393	0.01140	0.04450	0.02272	0.01157	0.00774	0.01116	0.00581	0.00426	0.00420	0.00139	0.00555	0.00374	0.00202	0.00486
23	0.07935	0.00940	0.01321	0.05576	0.42873	0.03416	0.00962	0.08938	0.01018	0.01496	0.00923	0.03713	0.02895	0.00429	0.00391	0.00116	0.00444	0.00378	0.00250	0.15985
24	0.05431	0.00641	0.05995	0.00757	0.02864	0.00546	0.06779	0.02594	0.00960	0.03410	0.17142	0.30080	0.14526	0.00934	0.00501	0.00150	0.01411	0.04490	0.00366	0.00425
25	0.00602	0.00410	0.00481	0.00486	0.00500	0.00415	0.00291	0.00624	0.00639	0.00855	0.01446	0.06836	0.04065	0.69916	0.10382	0.00415	0.00467	0.00633	0.00263	0.00275
26	0.02989	0.01032	0.01286	0.01146	0.10458	0.04865	0.08962	0.34295	0.08403	0.09549	0.05507	0.02975	0.00989	0.00505	0.00424	0.00127	0.00454	0.00428	0.01500	0.04107
27	0.01057	0.03189	0.07127	0.07281	0.24385	0.08619	0.15478	0.09603	0.02533	0.01391	0.00850	0.01088	0.00686	0.00693	0.08748	0.00185	0.04484	0.00389	0.01640	0.00574
28	0.00561	0.00403	0.00550	0.00599	0.00638	0.00417	0.00420	0.00651	0.00734	0.01003	0.01757	0.42376	0.01992	0.15128	0.28860	0.00379	0.00571	0.02309	0.00313	0.00340
29	0.00607	0.00399	0.00526	0.00594	0.00642	0.00375	0.00412	0.00690	0.00825	0.05511	0.02238	0.64657	0.05017	0.07688	0.02192	0.00197	0.00288	0.06400	0.00384	0.00359
30	0.00865	0.00770	0.04148	0.00746	0.01029	0.00664	0.03258	0.02592	0.02583	0.03865	0.00880	0.01101	0.00743	0.01024	0.19773	0.00224	0.06583	0.00328	0.00251	0.48575
31	0.00660	0.00390	0.00495	0.00495	0.00495	0.00390	0.00300	0.00585	0.00585	0.00781	0.01083	0.02151	0.01203	0.51123	0.01937	0.35975	0.00390	0.00511	0.00225	0.00225
32	0.00855	0.00729	0.00854	0.00621	0.00978	0.00550	0.00493	0.01036	0.00869	0.01356	0.00820	0.04782	0.00723	0.00358	0.00322	0.00067	0.00308	0.00293	0.00256	0.83729
33	0.00670	0.00493	0.00668	0.00733	0.00807	0.00514	0.00604	0.00842	0.02642	0.01177	0.02011	0.13643	0.02210	0.11169	0.02011	0.00222	0.04949	0.53900	0.00359	0.00376
34	0.00863	0.00733	0.01283	0.01048	0.01233	0.03328	0.28146	0.03484	0.00859	0.01129	0.01110	0.01974	0.01068	0.00951	0.00934	0.32645	0.00504	0.18072	0.00247	0.00387
35	0.00651	0.00529	0.00695	0.00690	0.00770	0.04801	0.00532	0.00794	0.00700	0.00973	0.01108	0.01641	0.01040	0.05645	0.76661	0.00638	0.01084	0.00446	0.00226	0.00377
36	0.01419	0.01684	0.01157	0.03697	0.05887	0.62814	0.00809	0.04111	0.01147	0.03099	0.00843	0.00977	0.03097	0.00658	0.06665	0.00155	0.00729	0.00319	0.00235	0.00497
37	0.01038	0.00809	0.01178	0.00947	0.01211	0.00814	0.16991	0.04037	0.27389	0.12089	0.11471	0.07660	0.01484	0.00669	0.03081	0.00151	0.00417	0.00538	0.00376	0.07650
38	0.00969	0.00785	0.00910	0.00660	0.01027	0.00634	0.00531	0.07899	0.02484	0.04100	0.00817	0.00914	0.00656	0.00339	0.00326	0.00071	0.00326	0.00270	0.00276	0.76007
39	0.03110	0.00502	0.00613	0.02855	0.00761	0.00508	0.00461	0.08473	0.03519	0.01319	0.09637	0.47281	0.07784	0.05718	0.03255	0.00188	0.00313	0.02926	0.00379	0.00398
40	0.02699	0.07913	0.05645	0.06610	0.27731	0.07670	0.09938	0.07524	0.01709	0.01352	0.02753	0.07419	0.00890	0.03233	0.00525	0.00140	0.05005	0.00441	0.00244	0.00561
41	0.03119	0.00660	0.00824	0.01948	0.05063	0.07681	0.05581	0.00911	0.01960	0.03032	0.01308	0.14196	0.01353	0.21979	0.25909	0.00369	0.00650	0.02792	0.00270	0.00394
42	0.00791	0.00729	0.01198	0.58635	0.09281	0.00889	0.01050	0.01032	0.00810	0.01076	0.00808	0.01220	0.00663	0.03156	0.11927	0.00222	0.05462	0.00390	0.00196	0.00465
43	0.01376	0.06979	0.11176	0.01107	0.07891	0.21193	0.02251	0.18590	0.02375	0.14096	0.03124	0.02024	0.00795	0.00485	0.00450	0.00125	0.04688	0.00363	0.00309	0.00604
44	0.00980	0.09343	0.09679	0.10143	0.04093	0.09780	0.09904	0.04194	0.06825	0.04529	0.03667	0.14521	0.04419	0.00619	0.00471	0.00136	0.04107	0.00527	0.01548	0.00516
45	0.01637	0.00715	0.00929	0.00736	0.01024	0.00656	0.00599	0.07399	0.05725	0.61380	0.07761	0.04228	0.02615	0.00581	0.00431	0.00132	0.00343	0.00479	0.01964	0.00665
46	0.00858	0.00832	0.02750	0.28473	0.22786	0.00859	0.13995	0.02019	0.00942	0.01287	0.07316	0.01551	0.05338	0.00580	0.03126	0.00153	0.00523	0.02869	0.03224	0.00520
47	0.00984	0.06691	0.29072	0.07677	0.14117	0.02636	0.08032	0.04479	0.00946	0.05314	0.03040	0.04565	0.00786	0.00488	0.00516	0.00136	0.09315	0.00398	0.00231	0.00578
48	0.00972	0.01037	0.05152	0.24743	0.06093	0.10418	0.25522	0.01230	0.00952	0.04533	0.01109	0.06564	0.05145	0.00500	0.00461	0.00137	0.01866	0.00479	0.02576	0.00511
49	0.00832	0.00443	0.00508	0.01606	0.00620	0.00429	0.00367	0.01792	0.00969	0.09008	0.16389	0.04598	0.04896	0.02446	0.01852	0.00129	0.00242	0.00513	0.51942	0.00420
50	0.06014	0.02558	0.21863	0.07245	0.09978	0.04011	0.10856	0.07006	0.01937	0.06197	0.03746	0.04899	0.05300	0.00552	0.01866	0.00141	0.00507	0.00441	0.04327	0.00556

[dist]
# distance from previous block
# <min> <max>
9	49

[block]
# block no. 7 follows, 63 sequences, length 50
# corresponding to MSA columns:
# 335-351,355,356,361-391
name=unknown_H
#
# <colnr> <probs for GDERKNQSTAVLIFYWHMCP>
#	G	D	E	R	K	N	Q	S	T	A	V	L	I	F	Y	W	H	M	C	P
0	0.04025	0.08795	0.22080	0.00964	0.04578	0.00858	0.05543	0.05542	0.05116	0.07763	0.03816	0.16906	0.03948	0.00757	0.03796	0.00161	0.02233	0.02285	0.00299	0.00535
1	0.05359	0.07857	0.10144	0.07171	0.19337	0.03847	0.05917	0.03453	0.04012	0.11380	0.04957	0.02844	0.02957	0.00536	0.02545	0.00138	0.00479	0.00403	0.00280	0.06386
2	0.02086	0.17775	0.16924	0.03169	0.06633	0.09504	0.00889	0.04891	0.09602	0.08456	0.00966	0.01039	0.02087	0.00489	0.02065	0.00126	0.01820	0.00331	0.00265	0.10882
3	0.11401	0.10988	0.13877	0.02093	0.04084	0.07701	0.05576	0.04210	0.08658	0.04677	0.05274	0.10493	0.02677	0.00643	0.02577	0.00145	0.00465	0.02217	0.00290	0.01955
4	0.00790	0.00585	0.00786	0.00723	0.03331	0.00511	0.03742	0.00977	0.02746	0.07325	0.15407	0.22641	0.05389	0.00789	0.00453	0.00128	0.00304	0.08061	0.00360	0.24951
5	0.02571	0.04168	0.01017	0.06505	0.01155	0.02754	0.03501	0.08218	0.09421	0.31078	0.18479	0.01715	0.03274	0.00576	0.00429	0.00128	0.00365	0.00484	0.00419	0.03743
6	0.00755	0.02115	0.04569	0.01022	0.01250	0.00719	0.27499	0.02703	0.00952	0.01262	0.06085	0.18528	0.19064	0.00804	0.00551	0.00151	0.05205	0.05998	0.00311	0.00455
7	0.07350	0.01227	0.01199	0.00947	0.01262	0.09702	0.00772	0.64612	0.04948	0.02397	0.00972	0.00984	0.00702	0.00492	0.00406	0.00125	0.00479	0.00361	0.00389	0.00672
8	0.06504	0.03340	0.03240	0.05055	0.43602	0.02588	0.06144	0.07591	0.04970	0.09223	0.00909	0.01066	0.00705	0.00421	0.00435	0.00129	0.02805	0.00375	0.00266	0.00634
9	0.00870	0.00632	0.00739	0.04052	0.00920	0.02903	0.00543	0.01291	0.23282	0.10260	0.11923	0.31596	0.03879	0.00880	0.00477	0.00149	0.00306	0.02944	0.00408	0.01946
10	0.00750	0.00667	0.01011	0.00868	0.00936	0.00784	0.10694	0.00851	0.00693	0.00985	0.01074	0.05784	0.02115	0.30164	0.13822	0.00328	0.27333	0.00527	0.00231	0.00383
11	0.01069	0.04280	0.22497	0.07489	0.33681	0.00989	0.10868	0.03299	0.00981	0.09551	0.00871	0.01044	0.00655	0.00399	0.00417	0.00129	0.00543	0.00372	0.00235	0.00630
12	0.00835	0.00712	0.01077	0.09169	0.14240	0.02501	0.09711	0.04506	0.04167	0.04040	0.08052	0.22195	0.07360	0.04173	0.00546	0.00157	0.00405	0.05349	0.00325	0.00480
13	0.01062	0.04410	0.03806	0.03040	0.13653	0.02753	0.23290	0.09793	0.18577	0.03924	0.04065	0.03559	0.02785	0.00540	0.01676	0.00143	0.00506	0.01514	0.00306	0.00598
14	0.02669	0.01008	0.07326	0.06200	0.07060	0.11582	0.17388	0.02125	0.00976	0.02469	0.06564	0.10610	0.09152	0.00725	0.02327	0.00155	0.03694	0.07203	0.00282	0.00485
15	0.00986	0.15076	0.14422	0.05980	0.06460	0.01954	0.03477	0.03321	0.09475	0.09967	0.04577	0.13966	0.03782	0.00677	0.02170	0.00145	0.00442	0.02272	0.00307	0.00545
16	0.03182	0.03701	0.05544	0.10857	0.15784	0.07301	0.11652	0.15455	0.02071	0.13884	0.01037	0.05833	0.00817	0.00483	0.00424	0.00131	0.00511	0.00427	0.00303	0.00603
17	0.00969	0.00977	0.04417	0.13140	0.44273	0.04252	0.08553	0.01213	0.00939	0.02885	0.01031	0.07052	0.02681	0.00502	0.00459	0.00136	0.02349	0.03360	0.00234	0.00578
18	0.00980	0.00854	0.05530	0.12670	0.10325	0.02619	0.05361	0.15103	0.01131	0.07029	0.05060	0.12436	0.09878	0.00706	0.00464	0.00143	0.00430	0.08422	0.00333	0.00525
19	0.01080	0.03462	0.09675	0.17521	0.31904	0.06480	0.10603	0.05058	0.01008	0.06521	0.00860	0.01108	0.00673	0.00415	0.00422	0.00130	0.00551	0.01697	0.00234	0.00597
20	0.07411	0.10198	0.16967	0.06396	0.13681	0.11666	0.07196	0.10639	0.05064	0.01465	0.02619	0.01073	0.02948	0.00442	0.00393	0.00125	0.00531	0.00360	0.00249	0.00577
21	0.00947	0.03924	0.06511	0.10549	0.39047	0.01855	0.04108	0.01192	0.01956	0.05770	0.06262	0.10055	0.04909	0.00551	0.00435	0.00133	0.00454	0.00506	0.00266	0.00569
22	0.01024	0.04020	0.22399	0.01157	0.10537	0.06154	0.06851	0.06935	0.01021	0.09735	0.03447	0.13312	0.01185	0.02839	0.00507	0.00146	0.02267	0.05615	0.00293	0.00553
23	0.03192	0.00949	0.15274	0.02312	0.03133	0.02988	0.07297	0.05771	0.06028	0.08696	0.11645	0.20653	0.04634	0.02952	0.00506	0.00150	0.00405	0.02563	0.00344	0.00507
24	0.00641	0.03910	0.00795	0.09490	0.07662	0.00539	0.02379	0.00773	0.00847	0.01137	0.03103	0.54598	0.02184	0.01046	0.00499	0.00159	0.00325	0.06883	0.02629	0.00400
25	0.03412	0.01010	0.05395	0.11141	0.35953	0.02743	0.13666	0.03415	0.02318	0.13144	0.00956	0.02048	0.00736	0.01675	0.00452	0.00135	0.00518	0.00406	0.00263	0.00615
26	0.02837	0.08444	0.26165	0.03191	0.01423	0.21851	0.03740	0.10945	0.02814	0.04700	0.03736	0.01027	0.00753	0.00547	0.03525	0.00142	0.00594	0.00340	0.02661	0.00564
27	0.01157	0.00787	0.00916	0.00803	0.03057	0.00814	0.00618	0.25050	0.13554	0.13716	0.09415	0.10985	0.08352	0.00764	0.02744	0.00150	0.00369	0.02242	0.00416	0.04092
28	0.02244	0.00791	0.01251	0.20910	0.33160	0.00829	0.02650	0.02871	0.04220	0.05911	0.07465	0.09401	0.05371	0.00567	0.00439	0.00136	0.00438	0.00516	0.00281	0.00550
29	0.01213	0.05114	0.01076	0.00888	0.01087	0.24680	0.02317	0.08763	0.13301	0.09238	0.01196	0.05104	0.03189	0.05075	0.09537	0.00203	0.06755	0.00431	0.00308	0.00525
30	0.01437	0.03382	0.06196	0.01021	0.01292	0.45726	0.02517	0.17348	0.06343	0.04672	0.03776	0.01065	0.00803	0.00484	0.00402	0.00119	0.00614	0.01954	0.00291	0.00558
31	0.00677	0.00479	0.00628	0.02358	0.00795	0.00477	0.00536	0.04116	0.02277	0.02835	0.04155	0.31504	0.05137	0.08618	0.00684	0.00195	0.00334	0.33430	0.00379	0.00385
32	0.00995	0.01084	0.04672	0.24740	0.20397	0.06700	0.27209	0.03045	0.02560	0.01283	0.00804	0.01075	0.00625	0.00401	0.00464	0.00136	0.02632	0.00406	0.00212	0.00561
33	0.02701	0.00451	0.00531	0.00518	0.00610	0.00465	0.00382	0.02656	0.00838	0.04581	0.04917	0.04920	0.03474	0.15835	0.18783	0.00287	0.00457	0.02177	0.35034	0.00383
34	0.00658	0.02481	0.00620	0.01978	0.00746	0.03471	0.00466	0.00844	0.07166	0.02742	0.02475	0.40836	0.18629	0.04627	0.00577	0.00170	0.00299	0.10448	0.00375	0.00390
35	0.01187	0.01139	0.03437	0.04528	0.05147	0.22174	0.00787	0.08968	0.08098	0.09248	0.02936	0.05930	0.03281	0.00780	0.06383	0.00175	0.13362	0.01609	0.00299	0.00531
36	0.00819	0.00718	0.03076	0.18038	0.15541	0.02103	0.03818	0.05022	0.00917	0.04131	0.01468	0.28576	0.03878	0.04941	0.04871	0.00186	0.00457	0.00675	0.00293	0.00472
37	0.00772	0.00466	0.00594	0.00607	0.00704	0.00440	0.00436	0.02214	0.04220	0.13071	0.08544	0.49124	0.06771	0.04585	0.01789	0.00174	0.00283	0.02097	0.02689	0.00419
38	0.09240	0.16235	0.09475	0.01129	0.09738	0.12915	0.09044	0.05928	0.07006	0.01383	0.05062	0.02805	0.02914	0.00484	0.00437	0.00126	0.04892	0.00382	0.00255	0.00547
39	0.05878	0.16268	0.30229	0.06059	0.04136	0.04277	0.08829	0.08443	0.04987	0.03014	0.00802	0.00933	0.00610	0.00421	0.00417	0.00127	0.03424	0.00331	0.00230	0.00586
40	0.00704	0.00539	0.00781	0.00702	0.00825	0.00554	0.07185	0.02615	0.02693	0.04134	0.14730	0.09113	0.12994	0.09203	0.26204	0.00330	0.03308	0.00635	0.02345	0.00407
41	0.00535	0.00401	0.00513	0.00564	0.00629	0.00382	0.00403	0.00640	0.00852	0.01122	0.08757	0.44597	0.20109	0.02786	0.12783	0.00240	0.00371	0.03594	0.00369	0.00354
42	0.03063	0.09819	0.09036	0.02451	0.15233	0.08451	0.10374	0.10893	0.11709	0.05585	0.01878	0.01135	0.00793	0.02745	0.02772	0.00150	0.02655	0.00384	0.00278	0.00595
43	0.00981	0.09755	0.10404	0.07038	0.09733	0.03068	0.08036	0.06706	0.11054	0.01380	0.04942	0.01251	0.01913	0.00581	0.02587	0.01252	0.11142	0.01591	0.01003	0.05582
44	0.00677	0.00434	0.00573	0.00571	0.00625	0.00433	0.00407	0.02693	0.00792	0.02111	0.11912	0.13778	0.12015	0.08272	0.05415	0.32566	0.02673	0.03449	0.00300	0.00305
45	0.00781	0.03881	0.12673	0.01782	0.03996	0.05848	0.04418	0.02812	0.07681	0.01256	0.06402	0.20720	0.13122	0.07122	0.00593	0.00165	0.00398	0.05572	0.00322	0.00458
46	0.02284	0.11577	0.21962	0.02866	0.11827	0.02200	0.03831	0.12230	0.04426	0.12415	0.03052	0.04263	0.00851	0.00488	0.00442	0.00129	0.03864	0.00393	0.00290	0.00612
47	0.00887	0.00554	0.00659	0.00626	0.00767	0.02659	0.00475	0.02820	0.04757	0.17030	0.12684	0.20194	0.16006	0.07162	0.03952	0.00188	0.00336	0.07387	0.00406	0.00449
48	0.00919	0.00800	0.03244	0.29654	0.12070	0.01750	0.06321	0.06398	0.02582	0.05878	0.01213	0.03294	0.05711	0.09243	0.03352	0.00183	0.01687	0.02649	0.02553	0.00500
49	0.10414	0.07837	0.12290	0.03344	0.22537	0.02114	0.05769	0.04561	0.03832	0.06951	0.02271	0.03302	0.02584	0.00540	0.03000	0.00143	0.02350	0.00385	0.00260	0.05517

[dist]
# distance from previous block
# <min> <max>
4	38

[block]
# block no. 8 follows, 63 sequences, length 15
# corresponding to MSA columns:
# 437-451
name=unknown_I
#
# <colnr> <probs for GDERKNQSTAVLIFYWHMCP>
#	G	D	E	R	K	N	Q	S	T	A	V	L	I	F	Y	W	H	M	C	P
0	0.03393	0.04193	0.01034	0.00900	0.06750	0.02675	0.00664	0.31122	0.14411	0.01838	0.03582	0.06278	0.11952	0.04311	0.00498	0.00141	0.00384	0.00508	0.00368	0.04996
1	0.01226	0.00817	0.00937	0.00751	0.01034	0.00811	0.00603	0.20694	0.16663	0.18018	0.10176	0.01615	0.06957	0.00560	0.00415	0.00120	0.00342	0.00458	0.00411	0.17392
2	0.06402	0.00713	0.00827	0.00684	0.00914	0.00716	0.00545	0.19499	0.02893	0.26309	0.08724	0.03517	0.08963	0.05008	0.04130	0.00166	0.00370	0.00500	0.08558	0.00561
3	0.00988	0.41746	0.27479	0.00951	0.03443	0.01300	0.00999	0.01284	0.04385	0.01157	0.00745	0.00931	0.00632	0.00484	0.02121	0.00127	0.06408	0.02227	0.00198	0.02395
4	0.00608	0.00503	0.00550	0.00578	0.00666	0.04042	0.00411	0.00783	0.06572	0.01175	0.09839	0.38119	0.23877	0.04839	0.05258	0.00194	0.00317	0.00915	0.00377	0.00377
5	0.00522	0.00386	0.00492	0.00558	0.00608	0.00360	0.00383	0.00610	0.00836	0.01101	0.06494	0.59783	0.16180	0.03673	0.05734	0.00202	0.00296	0.01059	0.00380	0.00346
6	0.00553	0.00390	0.00494	0.00547	0.00578	0.00374	0.00362	0.00624	0.00792	0.01062	0.09567	0.48141	0.04600	0.24654	0.03133	0.00246	0.00311	0.02891	0.00355	0.00325
7	0.02144	0.00559	0.00720	0.00682	0.00780	0.04685	0.03976	0.00906	0.00814	0.10177	0.03783	0.24558	0.01563	0.08241	0.16750	0.12354	0.01556	0.01666	0.03703	0.00385
8	0.03288	0.00716	0.00922	0.00731	0.01019	0.00661	0.00597	0.08130	0.03829	0.59480	0.04668	0.01644	0.06833	0.00702	0.04636	0.00159	0.00388	0.00463	0.00478	0.00655
9	0.00938	0.00964	0.01018	0.00918	0.01009	0.19401	0.02468	0.01066	0.00796	0.01032	0.00837	0.01198	0.00766	0.01585	0.32889	0.00353	0.28112	0.00382	0.03834	0.00433
10	0.00540	0.00399	0.00497	0.00551	0.00613	0.00368	0.00390	0.00638	0.00879	0.01149	0.11399	0.45560	0.19779	0.07691	0.00651	0.00181	0.00257	0.07724	0.00387	0.00348
11	0.00803	0.00764	0.04076	0.08032	0.08056	0.04552	0.07218	0.04728	0.00837	0.01136	0.01147	0.03677	0.03922	0.14585	0.28481	0.00359	0.05325	0.00478	0.01385	0.00438
12	0.00771	0.00544	0.00653	0.06435	0.00855	0.00543	0.00479	0.10104	0.02726	0.04192	0.26699	0.11995	0.18961	0.00816	0.00456	0.00134	0.00270	0.00699	0.12230	0.00438
13	0.00885	0.00936	0.01478	0.01180	0.01413	0.12015	0.36441	0.01079	0.00936	0.01177	0.01407	0.27511	0.03767	0.00764	0.00555	0.04772	0.00530	0.02423	0.00276	0.00455
14	0.00833	0.00669	0.00794	0.00741	0.00898	0.01797	0.03333	0.09766	0.21861	0.01506	0.09043	0.19736	0.09121	0.03640	0.03544	0.00178	0.00359	0.09500	0.02198	0.00485

[dist]
# distance from previous block
# <min> <max>
5	7

[block]
# block no. 9 follows, 63 sequences, length 11
# corresponding to MSA columns:
# 460-470
name=unknown_J
#
# <colnr> <probs for GDERKNQSTAVLIFYWHMCP>
#	G	D	E	R	K	N	Q	S	T	A	V	L	I	F	Y	W	H	M	C	P
0	0.01152	0.08910	0.06736	0.11648	0.14968	0.17791	0.10631	0.05820	0.04863	0.04803	0.00857	0.01029	0.00671	0.00481	0.02038	0.00135	0.03080	0.00359	0.03465	0.00562
1	0.00896	0.03944	0.04461	0.10419	0.08205	0.02203	0.03014	0.09393	0.00933	0.06212	0.03361	0.11110	0.02873	0.29981	0.01028	0.00230	0.00434	0.00565	0.00292	0.00447
2	0.00575	0.00453	0.00525	0.00525	0.00642	0.00418	0.00395	0.00781	0.06131	0.01355	0.29445	0.13277	0.37670	0.01001	0.00501	0.00145	0.00229	0.05128	0.00416	0.00388
3	0.08597	0.00871	0.01188	0.17829	0.17936	0.04011	0.04297	0.08091	0.08119	0.07549	0.02053	0.05765	0.00901	0.02274	0.03353	0.00159	0.03456	0.00433	0.02567	0.00551
4	0.05688	0.08227	0.14495	0.01071	0.06484	0.14566	0.05798	0.07067	0.16239	0.04991	0.01142	0.01239	0.04533	0.00493	0.00426	0.00128	0.02811	0.01814	0.00287	0.02502
5	0.00757	0.00623	0.00912	0.04629	0.02840	0.00733	0.04307	0.00915	0.03569	0.03443	0.01229	0.05977	0.05183	0.11269	0.30034	0.03101	0.19316	0.00506	0.00248	0.00411
6	0.00529	0.00391	0.00493	0.00559	0.00616	0.00360	0.00392	0.00625	0.00871	0.01140	0.09212	0.55336	0.18007	0.03580	0.00574	0.00170	0.00248	0.06155	0.00392	0.00349
7	0.01012	0.05089	0.15264	0.06685	0.20894	0.04303	0.11230	0.07862	0.06976	0.02803	0.01107	0.05301	0.03982	0.00510	0.00462	0.00135	0.03308	0.02233	0.00259	0.00584
8	0.01054	0.05883	0.10113	0.09933	0.06619	0.10905	0.08277	0.11521	0.06766	0.04130	0.01182	0.12743	0.02822	0.03545	0.00513	0.00145	0.02523	0.00500	0.00286	0.00539
9	0.01092	0.04215	0.07864	0.02882	0.26490	0.08395	0.07342	0.05312	0.07453	0.06973	0.02644	0.02876	0.00889	0.02107	0.03671	0.00159	0.06301	0.02482	0.00268	0.00585
10	0.00719	0.00644	0.03383	0.02669	0.04128	0.02497	0.05201	0.03167	0.00800	0.01098	0.06126	0.17466	0.01542	0.23719	0.16846	0.00321	0.08375	0.00631	0.00276	0.00391

[dist]
# distance from previous block
# <min> <max>
2	7

[block]
# block no. 10 follows, 63 sequences, length 8
# corresponding to MSA columns:
# 478-485
name=unknown_K
#
# <colnr> <probs for GDERKNQSTAVLIFYWHMCP>
#	G	D	E	R	K	N	Q	S	T	A	V	L	I	F	Y	W	H	M	C	P
0	0.01080	0.13102	0.14792	0.09135	0.08779	0.06691	0.15814	0.06652	0.06198	0.05818	0.01009	0.01142	0.03666	0.00444	0.00424	0.00127	0.02038	0.00387	0.02122	0.00576
1	0.08169	0.00946	0.09996	0.04426	0.11699	0.05581	0.02425	0.06539	0.10417	0.01349	0.02881	0.04811	0.01088	0.16254	0.05095	0.04122	0.00488	0.02952	0.00275	0.00487
2	0.00760	0.00585	0.02927	0.00698	0.03819	0.00544	0.00516	0.05135	0.06282	0.07040	0.14915	0.24529	0.19829	0.04496	0.00583	0.00160	0.02496	0.03855	0.00391	0.00441
3	0.01063	0.10978	0.12388	0.01123	0.08711	0.07043	0.10458	0.11418	0.07639	0.04678	0.04467	0.05645	0.02428	0.03247	0.03427	0.00159	0.00515	0.03760	0.00291	0.00561
4	0.01081	0.12549	0.14404	0.04353	0.09115	0.10360	0.03834	0.07024	0.07333	0.06210	0.07336	0.04950	0.01081	0.00532	0.00441	0.00128	0.03360	0.02884	0.00284	0.02740
5	0.00849	0.01954	0.04768	0.05358	0.08503	0.04985	0.05476	0.01095	0.07804	0.05507	0.05837	0.13177	0.09487	0.09495	0.05061	0.01919	0.03912	0.02486	0.01865	0.00463
6	0.00761	0.00634	0.02999	0.00732	0.04724	0.02669	0.01887	0.03943	0.11686	0.02922	0.06499	0.21225	0.18540	0.03687	0.02465	0.02304	0.00329	0.02969	0.08582	0.00442
7	0.04297	0.08190	0.17359	0.02512	0.09792	0.15082	0.09738	0.04806	0.06057	0.01335	0.02904	0.06511	0.02501	0.00504	0.00445	0.00128	0.03905	0.00415	0.00248	0.03269

[dist]
# distance from previous block
# <min> <max>
2	27

[block]
# block no. 11 follows, 63 sequences, length 8
# corresponding to MSA columns:
# 515-522
name=unknown_L
#
# <colnr> <probs for GDERKNQSTAVLIFYWHMCP>
#	G	D	E	R	K	N	Q	S	T	A	V	L	I	F	Y	W	H	M	C	P
0	0.07472	0.15255	0.08794	0.03186	0.06482	0.02914	0.01860	0.13940	0.04630	0.09294	0.06426	0.04018	0.04710	0.00515	0.00398	0.00120	0.01576	0.00407	0.00311	0.07693
1	0.03059	0.04656	0.00907	0.00672	0.00974	0.06022	0.00541	0.01158	0.00938	0.09507	0.04584	0.06492	0.01059	0.00491	0.00365	0.00094	0.00348	0.05997	0.00299	0.51838
2	0.02411	0.00936	0.04221	0.02778	0.08454	0.07949	0.04520	0.10899	0.12804	0.04986	0.11321	0.04318	0.08822	0.01929	0.03122	0.00151	0.02802	0.00501	0.00336	0.06741
3	0.16138	0.05141	0.06651	0.00683	0.00901	0.06140	0.00557	0.05149	0.11156	0.04017	0.01060	0.01552	0.00977	0.28205	0.00934	0.00212	0.00415	0.00409	0.00282	0.09421
4	0.01219	0.03736	0.07025	0.04127	0.15570	0.11131	0.04284	0.17241	0.09520	0.09685	0.07172	0.03128	0.03249	0.00519	0.00423	0.00128	0.00475	0.00434	0.00329	0.00605
5	0.00953	0.14347	0.50288	0.01183	0.06613	0.06912	0.05657	0.01320	0.00914	0.01278	0.00769	0.00914	0.00584	0.00398	0.00378	0.00123	0.00575	0.00314	0.05895	0.00584
6	0.01032	0.00845	0.01299	0.05335	0.22935	0.02304	0.11925	0.09077	0.04967	0.09333	0.14338	0.03319	0.06421	0.00675	0.04166	0.00157	0.00467	0.00513	0.00326	0.00567
7	0.21419	0.00656	0.00690	0.00576	0.00824	0.00602	0.00450	0.02836	0.00888	0.01498	0.08544	0.12039	0.08323	0.00583	0.00363	0.00108	0.00287	0.00473	0.03077	0.35762

[dist]
# distance from previous block
# <min> <max>
0	4

[block]
# block no. 12 follows, 63 sequences, length 6
# corresponding to MSA columns:
# 527-532
name=unknown_M
#
# <colnr> <probs for GDERKNQSTAVLIFYWHMCP>
#	G	D	E	R	K	N	Q	S	T	A	V	L	I	F	Y	W	H	M	C	P
0	0.04130	0.01172	0.03447	0.00911	0.01204	0.11610	0.00745	0.43746	0.12757	0.04383	0.01139	0.06927	0.00908	0.00547	0.00414	0.00127	0.00457	0.00424	0.00377	0.04577
1	0.00729	0.00465	0.00591	0.00611	0.00700	0.00447	0.00435	0.00918	0.08866	0.09661	0.09770	0.49252	0.07567	0.01111	0.00585	0.06294	0.00267	0.00925	0.00400	0.00407
2	0.00729	0.00579	0.00691	0.00688	0.02279	0.04642	0.00508	0.04503	0.05689	0.01173	0.05107	0.07815	0.08612	0.06083	0.39854	0.04477	0.00712	0.00545	0.04910	0.00402
3	0.01183	0.01265	0.01140	0.10674	0.01378	0.34530	0.04481	0.05795	0.07032	0.03534	0.00938	0.05204	0.00809	0.00893	0.12084	0.00206	0.07705	0.00397	0.00256	0.00496
4	0.01094	0.00878	0.11735	0.02467	0.06694	0.00736	0.02794	0.05162	0.03643	0.22515	0.02648	0.05357	0.05079	0.09497	0.09038	0.00219	0.06372	0.00486	0.03043	0.00541
5	0.04403	0.00487	0.00577	0.00569	0.00693	0.00461	0.00427	0.03038	0.03722	0.07252	0.23181	0.25144	0.22862	0.00985	0.00491	0.00148	0.00252	0.04481	0.00415	0.00414

[dist]
# distance from previous block
# <min> <max>
0	19

# created by:
# /st0/software/busco_prod/Augustus/scripts/msa2prfl.pl ./align_prep/33503.fa
