[name]
unknown

[dist]
# distance from previous block
# <min> <max>
13	59

[block]
# block no. 0 follows, 63 sequences, length 17
# corresponding to MSA columns:
# 84-100
name=unknown_A
#
# <colnr> <probs for GDERKNQSTAVLIFYWHMCP>
#	G	D	E	R	K	N	Q	S	T	A	V	L	I	F	Y	W	H	M	C	P
0	0.02731	0.00843	0.01171	0.06291	0.25096	0.00859	0.00840	0.09300	0.11931	0.14565	0.03406	0.04950	0.01001	0.00628	0.04447	0.00152	0.01495	0.00431	0.00328	0.09533
1	0.22569	0.00853	0.04222	0.02946	0.03695	0.00834	0.07842	0.08628	0.04213	0.08418	0.10914	0.01444	0.06748	0.00528	0.00436	0.00128	0.04487	0.00423	0.00321	0.10352
2	0.00967	0.00733	0.00850	0.00744	0.04021	0.00706	0.00546	0.07626	0.19970	0.07314	0.06947	0.01737	0.07147	0.12193	0.00637	0.00152	0.00337	0.00461	0.00348	0.26563
3	0.00972	0.00795	0.01044	0.06117	0.10511	0.00697	0.03157	0.05048	0.04144	0.05894	0.00998	0.01110	0.03722	0.00389	0.00358	0.00090	0.00366	0.00330	0.01919	0.52338
4	0.04380	0.01434	0.01066	0.00958	0.01190	0.40196	0.00733	0.05311	0.37309	0.01455	0.01138	0.01129	0.00878	0.00496	0.00398	0.00125	0.00540	0.00365	0.00321	0.00576
5	0.00827	0.00706	0.01047	0.05390	0.30234	0.00696	0.02511	0.01084	0.07506	0.04982	0.02160	0.14250	0.25405	0.00742	0.00461	0.00139	0.00364	0.00660	0.00320	0.00516
6	0.00602	0.00443	0.00639	0.00639	0.00702	0.00506	0.00480	0.00727	0.00665	0.00949	0.01159	0.01836	0.01131	0.16906	0.69916	0.00631	0.01006	0.00477	0.00230	0.00355
7	0.01517	0.05692	0.01247	0.01061	0.01279	0.70557	0.00813	0.06319	0.01193	0.01122	0.00663	0.00778	0.00552	0.00450	0.00430	0.00113	0.05208	0.00280	0.00225	0.00502
8	0.01207	0.02002	0.02537	0.05957	0.07858	0.02111	0.08413	0.15981	0.02190	0.15592	0.00980	0.01084	0.00731	0.00534	0.03604	0.00135	0.04529	0.00361	0.00313	0.23880
9	0.00982	0.02044	0.06585	0.06377	0.35507	0.02347	0.04606	0.01345	0.10933	0.05358	0.09697	0.01462	0.04804	0.00489	0.00424	0.00127	0.00441	0.00443	0.00285	0.05746
10	0.01227	0.00982	0.01303	0.28073	0.17390	0.04130	0.00990	0.26212	0.05490	0.08628	0.00961	0.01107	0.00707	0.00455	0.00419	0.00131	0.00496	0.00381	0.00306	0.00615
11	0.01598	0.01177	0.01262	0.00967	0.01304	0.01304	0.00799	0.81202	0.01976	0.02649	0.01009	0.01009	0.00715	0.00505	0.00421	0.00126	0.00463	0.00378	0.00421	0.00715
12	0.04403	0.00787	0.01045	0.00838	0.03058	0.00735	0.03175	0.11023	0.03916	0.60891	0.04590	0.01410	0.01083	0.00520	0.00423	0.00130	0.00376	0.00427	0.00478	0.00688
13	0.01080	0.00806	0.00878	0.00751	0.00905	0.05241	0.00569	0.29745	0.01160	0.04223	0.01082	0.01630	0.00999	0.25796	0.13390	0.06310	0.04205	0.00452	0.00309	0.00470
14	0.01484	0.01808	0.01279	0.01326	0.14743	0.66958	0.00891	0.04451	0.01181	0.01144	0.00686	0.00814	0.00568	0.00426	0.00387	0.00112	0.00705	0.00292	0.00222	0.00525
15	0.00731	0.00613	0.00727	0.00685	0.00807	0.05437	0.02515	0.03502	0.05157	0.01133	0.01519	0.16865	0.05732	0.12851	0.29491	0.00359	0.00633	0.02496	0.00290	0.08455
16	0.00985	0.00945	0.01608	0.16778	0.60723	0.00964	0.04256	0.01241	0.00933	0.01320	0.00783	0.01048	0.00644	0.00378	0.00414	0.00124	0.00507	0.00372	0.00207	0.05771

[dist]
# distance from previous block
# <min> <max>
4	10

[block]
# block no. 1 follows, 63 sequences, length 13
# corresponding to MSA columns:
# 113-117,119-126
name=unknown_B
#
# <colnr> <probs for GDERKNQSTAVLIFYWHMCP>
#	G	D	E	R	K	N	Q	S	T	A	V	L	I	F	Y	W	H	M	C	P
0	0.02580	0.05407	0.08063	0.02585	0.05973	0.06207	0.11909	0.08124	0.01051	0.12454	0.02110	0.01025	0.00720	0.00402	0.00398	0.00107	0.01829	0.00342	0.00282	0.28431
1	0.88196	0.00813	0.00618	0.00553	0.00813	0.00943	0.00455	0.01236	0.00715	0.01886	0.00585	0.00683	0.00455	0.00390	0.00260	0.00130	0.00325	0.00228	0.00260	0.00455
2	0.00576	0.00423	0.00530	0.00585	0.00639	0.00411	0.00405	0.00740	0.06516	0.01171	0.10782	0.53492	0.07126	0.10016	0.00693	0.00189	0.00267	0.04687	0.00386	0.00364
3	0.00614	0.00474	0.00655	0.00635	0.00709	0.00528	0.00485	0.00753	0.00799	0.01126	0.18410	0.02211	0.08521	0.09682	0.45964	0.00457	0.06753	0.00561	0.00289	0.00373
4	0.00684	0.00565	0.00788	0.00745	0.00780	0.00699	0.00571	0.00782	0.00665	0.00963	0.01106	0.08747	0.01152	0.18210	0.37877	0.00444	0.24093	0.00522	0.00233	0.00373
5	0.01317	0.08739	0.02692	0.01153	0.01377	0.28894	0.11793	0.06888	0.02491	0.04370	0.02324	0.01136	0.02228	0.00620	0.02094	0.00159	0.20501	0.00390	0.00271	0.00564
6	0.03184	0.00749	0.00888	0.03560	0.02697	0.00600	0.00538	0.01090	0.03106	0.01377	0.00808	0.02917	0.00687	0.00350	0.00324	0.00073	0.00323	0.00284	0.00255	0.76189
7	0.01532	0.00844	0.01018	0.00777	0.01111	0.00793	0.00636	0.20673	0.06069	0.40008	0.01295	0.01208	0.00880	0.00471	0.00397	0.00114	0.00370	0.00375	0.00428	0.21002
8	0.01153	0.01003	0.08177	0.01080	0.01469	0.00816	0.25546	0.05265	0.01027	0.18295	0.00976	0.01078	0.00709	0.00395	0.00431	0.00113	0.02618	0.00376	0.00295	0.29178
9	0.01685	0.01039	0.01176	0.00901	0.01234	0.01098	0.00745	0.57424	0.01744	0.26756	0.01204	0.01136	0.00813	0.00509	0.00421	0.00127	0.00431	0.00392	0.00451	0.00715
10	0.01310	0.00862	0.00969	0.00786	0.01050	0.00895	0.00639	0.42369	0.01529	0.15632	0.05709	0.05189	0.16206	0.00690	0.00450	0.00135	0.00374	0.04173	0.00431	0.00604
11	0.01034	0.02947	0.00942	0.02819	0.02266	0.02126	0.00595	0.14542	0.09031	0.07679	0.04123	0.08398	0.08047	0.00569	0.00419	0.00111	0.02249	0.00464	0.00341	0.31299
12	0.01085	0.02635	0.01112	0.01056	0.09020	0.06383	0.02830	0.11207	0.42405	0.01646	0.01453	0.01572	0.03508	0.00698	0.04455	0.00165	0.03622	0.04178	0.00359	0.00611

[dist]
# distance from previous block
# <min> <max>
3	7

[block]
# block no. 2 follows, 63 sequences, length 16
# corresponding to MSA columns:
# 134-149
name=unknown_C
#
# <colnr> <probs for GDERKNQSTAVLIFYWHMCP>
#	G	D	E	R	K	N	Q	S	T	A	V	L	I	F	Y	W	H	M	C	P
0	0.00757	0.00637	0.00684	0.00643	0.00811	0.00678	0.00488	0.01344	0.36934	0.01396	0.04615	0.05058	0.32045	0.05571	0.06261	0.00194	0.00340	0.00665	0.00390	0.00490
1	0.00872	0.00747	0.00872	0.00623	0.00996	0.00560	0.00498	0.01058	0.00872	0.01370	0.00747	0.00872	0.00623	0.00311	0.00311	0.00062	0.00311	0.00249	0.00249	0.87796
2	0.01058	0.02740	0.01263	0.18280	0.30302	0.03591	0.00947	0.04109	0.00985	0.12716	0.03567	0.05659	0.02486	0.00691	0.06568	0.00169	0.00510	0.00440	0.00278	0.03641
3	0.05118	0.00838	0.00976	0.00785	0.01066	0.00846	0.00638	0.29893	0.04209	0.29332	0.04380	0.07490	0.04177	0.00612	0.00429	0.00131	0.00372	0.03271	0.00436	0.05001
4	0.00611	0.00408	0.00458	0.00458	0.00458	0.00408	0.00255	0.00611	0.00611	0.00815	0.01325	0.02751	0.01528	0.85226	0.02140	0.00408	0.00408	0.00611	0.00255	0.00255
5	0.00532	0.00384	0.00508	0.00594	0.00636	0.00359	0.00417	0.00626	0.00848	0.01125	0.06258	0.68837	0.06649	0.01267	0.00537	0.00170	0.00255	0.09257	0.00393	0.00349
6	0.00992	0.00769	0.02535	0.00650	0.01000	0.00601	0.00533	0.05538	0.00973	0.08984	0.03130	0.01031	0.00781	0.00368	0.00334	0.00077	0.00321	0.00295	0.04952	0.66135
7	0.01122	0.05760	0.13874	0.07510	0.29874	0.06015	0.02861	0.04565	0.03911	0.09956	0.00892	0.01029	0.00682	0.00405	0.00396	0.00119	0.00498	0.00348	0.00255	0.09929
8	0.01351	0.21002	0.08122	0.01009	0.03794	0.31879	0.00848	0.18943	0.04750	0.01442	0.00810	0.02724	0.00664	0.00453	0.00371	0.00113	0.00573	0.00320	0.00262	0.00570
9	0.01124	0.85479	0.02203	0.00719	0.01079	0.01663	0.00719	0.01259	0.00854	0.00989	0.00584	0.00674	0.00539	0.00360	0.00270	0.00090	0.00450	0.00225	0.00180	0.00539
10	0.00902	0.00706	0.00852	0.00698	0.04866	0.00554	0.00519	0.01079	0.00920	0.07712	0.03059	0.01409	0.11984	0.00446	0.00355	0.00083	0.00308	0.00367	0.00292	0.62888
11	0.03767	0.00776	0.01230	0.74670	0.02690	0.00956	0.01110	0.05159	0.03367	0.01202	0.00784	0.01114	0.00587	0.00428	0.00415	0.00139	0.00541	0.00372	0.00208	0.00485
12	0.00953	0.00805	0.01284	0.31411	0.30734	0.00877	0.01036	0.01243	0.06128	0.07654	0.01139	0.08606	0.03421	0.00527	0.00453	0.00138	0.02303	0.00472	0.00260	0.00555
13	0.04345	0.11106	0.14712	0.04849	0.09029	0.06729	0.07409	0.11609	0.10117	0.06105	0.04868	0.02157	0.00884	0.00472	0.00425	0.00127	0.02599	0.00385	0.00285	0.01789
14	0.00728	0.03511	0.00739	0.00694	0.02802	0.02344	0.02744	0.07884	0.00938	0.02469	0.07260	0.33953	0.09605	0.13189	0.07859	0.00232	0.00398	0.01903	0.00345	0.00401
15	0.00924	0.10070	0.03605	0.03125	0.04875	0.04281	0.00611	0.01136	0.04776	0.11956	0.11605	0.11874	0.11345	0.00935	0.08187	0.00179	0.00423	0.02486	0.00339	0.07267

[dist]
# distance from previous block
# <min> <max>
6	18

[block]
# block no. 3 follows, 63 sequences, length 7
# corresponding to MSA columns:
# 168-174
name=unknown_D
#
# <colnr> <probs for GDERKNQSTAVLIFYWHMCP>
#	G	D	E	R	K	N	Q	S	T	A	V	L	I	F	Y	W	H	M	C	P
0	0.03019	0.10734	0.01092	0.00805	0.02787	0.03030	0.04614	0.15101	0.04887	0.17935	0.09173	0.12815	0.07768	0.03734	0.00494	0.00142	0.00376	0.00567	0.00380	0.00547
1	0.07363	0.04315	0.07236	0.04606	0.12190	0.03468	0.11175	0.07547	0.09316	0.06905	0.04124	0.01362	0.00952	0.10428	0.00624	0.00161	0.01852	0.00419	0.02602	0.03358
2	0.01115	0.13508	0.09381	0.00924	0.01153	0.24808	0.04067	0.02925	0.00955	0.05193	0.04057	0.06838	0.00916	0.00819	0.07165	0.06719	0.08332	0.00400	0.00243	0.00480
3	0.08923	0.00605	0.00767	0.00694	0.00894	0.00581	0.00572	0.03890	0.01071	0.31893	0.11197	0.06621	0.01778	0.00838	0.03000	0.00164	0.00358	0.21619	0.04011	0.00525
4	0.00891	0.00700	0.00833	0.00626	0.00955	0.00538	0.00493	0.01063	0.00884	0.06249	0.00987	0.10799	0.00902	0.00442	0.00345	0.00079	0.00306	0.00371	0.00282	0.72256
5	0.00912	0.02677	0.02385	0.02371	0.00969	0.06696	0.02040	0.02758	0.14281	0.06663	0.22544	0.06108	0.09059	0.00646	0.00427	0.00120	0.00333	0.00546	0.00367	0.18099
6	0.10903	0.00462	0.00524	0.00532	0.00639	0.00442	0.00386	0.00772	0.00927	0.04440	0.21541	0.30357	0.20613	0.04875	0.00555	0.00160	0.00248	0.00852	0.00391	0.00381

[dist]
# distance from previous block
# <min> <max>
4	17

[block]
# block no. 4 follows, 63 sequences, length 20
# corresponding to MSA columns:
# 192-211
name=unknown_E
#
# <colnr> <probs for GDERKNQSTAVLIFYWHMCP>
#	G	D	E	R	K	N	Q	S	T	A	V	L	I	F	Y	W	H	M	C	P
0	0.00993	0.00928	0.03340	0.20775	0.49381	0.00943	0.01151	0.01315	0.06855	0.04523	0.00992	0.01202	0.03315	0.00426	0.00419	0.00129	0.00486	0.00396	0.00237	0.02194
1	0.01189	0.15339	0.07659	0.02432	0.14834	0.09451	0.08040	0.16265	0.17693	0.01579	0.00973	0.01051	0.00754	0.00443	0.00397	0.00124	0.00505	0.00366	0.00286	0.00621
2	0.00627	0.00489	0.00678	0.00682	0.00760	0.02232	0.00524	0.00803	0.03354	0.01011	0.01243	0.09147	0.01204	0.02847	0.71639	0.00601	0.01013	0.00515	0.00247	0.00384
3	0.02802	0.02219	0.03281	0.01020	0.03612	0.09575	0.00813	0.17818	0.05917	0.01420	0.00877	0.01177	0.02189	0.08245	0.00981	0.00176	0.36702	0.00392	0.00263	0.00519
4	0.00556	0.00415	0.00541	0.00598	0.00649	0.00405	0.00429	0.00658	0.00869	0.01160	0.11938	0.53381	0.10764	0.03774	0.00616	0.00173	0.03787	0.08544	0.00386	0.00356
5	0.03766	0.14594	0.04332	0.01069	0.10121	0.02819	0.02355	0.17260	0.34080	0.02576	0.01191	0.01217	0.00916	0.00490	0.00396	0.00128	0.00422	0.01287	0.00340	0.00639
6	0.03284	0.03764	0.12707	0.01004	0.12189	0.00739	0.00792	0.01396	0.00967	0.22523	0.00981	0.01031	0.00717	0.00390	0.00364	0.00101	0.00398	0.00319	0.00302	0.36032
7	0.01076	0.07968	0.50087	0.01185	0.06080	0.02233	0.04385	0.09777	0.02624	0.09390	0.00879	0.00967	0.00628	0.00420	0.00399	0.00129	0.00559	0.00336	0.00245	0.00633
8	0.00941	0.19251	0.09493	0.01120	0.08628	0.01044	0.16033	0.03851	0.11904	0.01375	0.10271	0.01569	0.09364	0.00534	0.00443	0.00128	0.02753	0.00467	0.00282	0.00550
9	0.00704	0.00461	0.00552	0.00510	0.00654	0.00405	0.00390	0.00859	0.01092	0.10954	0.39560	0.03327	0.37146	0.00907	0.00488	0.00136	0.00223	0.00775	0.00439	0.00416
10	0.06101	0.07531	0.17899	0.06723	0.09836	0.05995	0.12924	0.04818	0.05389	0.12328	0.01080	0.03181	0.03412	0.00464	0.00410	0.00130	0.00516	0.00403	0.00276	0.00587
11	0.00912	0.01707	0.49896	0.03475	0.22086	0.00993	0.12332	0.01317	0.00918	0.01338	0.00776	0.00965	0.00581	0.00388	0.00417	0.00132	0.00601	0.00353	0.00190	0.00622
12	0.00540	0.00418	0.00454	0.00478	0.00593	0.00367	0.00358	0.00656	0.00927	0.01174	0.03509	0.17341	0.55292	0.01063	0.00492	0.00147	0.00231	0.07348	0.08256	0.00359
13	0.00847	0.00865	0.01641	0.07648	0.17425	0.00835	0.35453	0.01106	0.00962	0.01292	0.06048	0.05851	0.14714	0.00631	0.02638	0.00153	0.00533	0.00577	0.00263	0.00518
14	0.01065	0.03314	0.11535	0.18104	0.25876	0.03635	0.09502	0.08278	0.04387	0.06335	0.00956	0.02354	0.01886	0.00438	0.00423	0.00131	0.00529	0.00399	0.00252	0.00599
15	0.00525	0.00375	0.00502	0.00599	0.00629	0.00352	0.00412	0.00607	0.00817	0.01087	0.02310	0.78949	0.02753	0.01305	0.00540	0.00172	0.00255	0.07076	0.00390	0.00345
16	0.00762	0.00706	0.01160	0.69619	0.02518	0.00872	0.01054	0.01010	0.00829	0.01071	0.00969	0.08755	0.02614	0.00590	0.02365	0.00157	0.03828	0.00461	0.00210	0.00451
17	0.01665	0.07619	0.04680	0.02571	0.08119	0.23438	0.02743	0.11133	0.07285	0.11584	0.01555	0.10974	0.02601	0.00819	0.00584	0.00199	0.00639	0.00578	0.00446	0.00767
18	0.04123	0.03058	0.38036	0.05628	0.09362	0.07036	0.12146	0.07687	0.01021	0.05115	0.00845	0.02556	0.00639	0.00425	0.00412	0.00131	0.00583	0.00365	0.00230	0.00599
19	0.19420	0.39787	0.05729	0.00947	0.08460	0.17227	0.00776	0.01342	0.00901	0.01237	0.00624	0.00736	0.00533	0.00384	0.00309	0.00107	0.00496	0.00252	0.00206	0.00527

[dist]
# distance from previous block
# <min> <max>
0	3

[block]
# block no. 5 follows, 63 sequences, length 28
# corresponding to MSA columns:
# 215-237,240-244
name=unknown_F
#
# <colnr> <probs for GDERKNQSTAVLIFYWHMCP>
#	G	D	E	R	K	N	Q	S	T	A	V	L	I	F	Y	W	H	M	C	P
0	0.00876	0.00570	0.00693	0.00656	0.00735	0.06187	0.00482	0.00901	0.03441	0.09203	0.03980	0.03993	0.03350	0.01559	0.18356	0.40868	0.03112	0.00440	0.00258	0.00339
1	0.01194	0.01039	0.01031	0.00889	0.01149	0.07364	0.00699	0.18388	0.56965	0.01875	0.01458	0.01372	0.01091	0.00539	0.00419	0.00134	0.00391	0.00433	0.00405	0.03163
2	0.00712	0.00620	0.00947	0.43983	0.03457	0.00714	0.00821	0.02914	0.00874	0.01137	0.05570	0.09213	0.12604	0.04760	0.09699	0.00213	0.00517	0.00558	0.00261	0.00427
3	0.01156	0.03874	0.07795	0.06470	0.47576	0.01004	0.01125	0.09677	0.04738	0.09764	0.00930	0.01079	0.00716	0.00415	0.00410	0.00126	0.00482	0.00372	0.00268	0.02024
4	0.01166	0.01067	0.14379	0.04068	0.28843	0.00858	0.07633	0.02705	0.04370	0.20871	0.07695	0.01334	0.01035	0.01554	0.00451	0.00134	0.00471	0.00425	0.00311	0.00630
5	0.00571	0.00393	0.00509	0.00574	0.00630	0.00361	0.00398	0.00663	0.00869	0.04148	0.08391	0.64832	0.11754	0.01222	0.00526	0.00164	0.00245	0.02988	0.00400	0.00362
6	0.01604	0.00846	0.01078	0.05862	0.05113	0.00845	0.00727	0.24022	0.03207	0.44424	0.01394	0.01403	0.00960	0.00527	0.00424	0.00131	0.00402	0.03292	0.03064	0.00675
7	0.01105	0.01399	0.28433	0.01772	0.37202	0.03493	0.05363	0.04402	0.01009	0.10511	0.00883	0.01029	0.00660	0.00405	0.00415	0.00129	0.00541	0.00362	0.00241	0.00648
8	0.00917	0.01150	0.17873	0.03448	0.41086	0.00908	0.10408	0.01206	0.00930	0.01318	0.01030	0.07808	0.00949	0.00524	0.00458	0.00139	0.01608	0.07416	0.00232	0.00590
9	0.00604	0.00414	0.00488	0.00485	0.00506	0.00417	0.00296	0.00639	0.00673	0.00906	0.07115	0.02713	0.04895	0.67141	0.10670	0.00406	0.00462	0.00616	0.00272	0.00282
10	0.15825	0.12397	0.02946	0.01150	0.11764	0.40319	0.01892	0.04271	0.01040	0.01278	0.00663	0.00793	0.00551	0.00419	0.00384	0.00116	0.03164	0.00282	0.00223	0.00523
11	0.00622	0.00445	0.00532	0.00520	0.00631	0.00413	0.00386	0.00826	0.04716	0.03154	0.41486	0.13787	0.22307	0.00920	0.00481	0.00137	0.00217	0.00799	0.07222	0.00398
12	0.01345	0.09966	0.10010	0.00910	0.01277	0.01179	0.00820	0.47334	0.06535	0.03834	0.00961	0.00987	0.00707	0.00458	0.00389	0.00116	0.00448	0.00345	0.00350	0.12029
13	0.04076	0.10804	0.04518	0.00864	0.06962	0.02333	0.03363	0.02933	0.02696	0.04021	0.11052	0.08531	0.01407	0.00586	0.00401	0.00115	0.00371	0.08562	0.00302	0.26104
14	0.02956	0.02610	0.00939	0.02326	0.04385	0.05519	0.05058	0.11413	0.04750	0.01351	0.04728	0.28075	0.01580	0.04446	0.13411	0.00239	0.04765	0.00672	0.00319	0.00459
15	0.00744	0.00591	0.00799	0.03230	0.19063	0.00594	0.00552	0.03829	0.02428	0.01095	0.03340	0.02406	0.11570	0.46465	0.01363	0.00281	0.00404	0.00578	0.00274	0.00394
16	0.00576	0.00428	0.00492	0.00491	0.00609	0.00373	0.00362	0.00703	0.01003	0.04245	0.24512	0.16966	0.45666	0.01032	0.00500	0.00144	0.00219	0.00887	0.00414	0.00377
17	0.08417	0.01231	0.01217	0.07158	0.10311	0.19227	0.00847	0.34068	0.01386	0.01829	0.04045	0.01018	0.00757	0.00489	0.00465	0.00128	0.06153	0.00356	0.00308	0.00591
18	0.00598	0.00449	0.00566	0.00579	0.00671	0.00441	0.00434	0.03615	0.00930	0.01235	0.16214	0.21511	0.21747	0.05025	0.17376	0.00269	0.00433	0.07168	0.00365	0.00375
19	0.00792	0.00514	0.00606	0.00552	0.00688	0.00483	0.00410	0.05983	0.03011	0.10674	0.28883	0.06209	0.23749	0.13626	0.00729	0.00177	0.00274	0.00715	0.01501	0.00425
20	0.04650	0.00964	0.06711	0.00829	0.01095	0.00956	0.00697	0.28881	0.23953	0.06022	0.04459	0.10385	0.04932	0.02932	0.00480	0.00145	0.00381	0.00527	0.00397	0.00604
21	0.12873	0.06880	0.06370	0.08561	0.20381	0.08123	0.03838	0.11568	0.07711	0.05242	0.00930	0.01140	0.00739	0.00454	0.00392	0.00129	0.00486	0.03320	0.00276	0.00588
22	0.03459	0.00890	0.01041	0.00921	0.07531	0.04565	0.02271	0.20176	0.05732	0.17811	0.05118	0.01419	0.03745	0.03371	0.00461	0.00126	0.00395	0.01795	0.01614	0.17560
23	0.01163	0.04490	0.03195	0.00894	0.01178	0.19625	0.06226	0.19191	0.03662	0.02303	0.01333	0.04427	0.09831	0.00557	0.00410	0.00117	0.00479	0.04018	0.00308	0.16594
24	0.01870	0.07830	0.08939	0.01107	0.17741	0.00764	0.01636	0.01213	0.01524	0.12532	0.02174	0.10036	0.02373	0.04083	0.00470	0.00128	0.00398	0.03204	0.00291	0.21685
25	0.02745	0.01326	0.28141	0.01293	0.10465	0.00903	0.17316	0.05800	0.02989	0.09611	0.01041	0.02762	0.02603	0.00448	0.00422	0.00129	0.00526	0.01979	0.00264	0.09239
26	0.00934	0.00856	0.01353	0.38390	0.24675	0.00972	0.03529	0.04889	0.10504	0.01318	0.02434	0.01183	0.00754	0.00476	0.00492	0.02633	0.03424	0.00397	0.00238	0.00551
27	0.02447	0.03980	0.04551	0.03678	0.15630	0.02525	0.13054	0.05817	0.05048	0.09647	0.11689	0.14670	0.03347	0.00641	0.00453	0.00137	0.00428	0.01387	0.00329	0.00544

[dist]
# distance from previous block
# <min> <max>
2	16

[block]
# block no. 6 follows, 63 sequences, length 23
# corresponding to MSA columns:
# 264-286
name=unknown_G
#
# <colnr> <probs for GDERKNQSTAVLIFYWHMCP>
#	G	D	E	R	K	N	Q	S	T	A	V	L	I	F	Y	W	H	M	C	P
0	0.09402	0.04963	0.06984	0.16351	0.19859	0.07288	0.08028	0.03430	0.02095	0.01309	0.00816	0.02546	0.01876	0.00463	0.00512	0.00134	0.10395	0.00372	0.00220	0.02957
1	0.00860	0.04236	0.00766	0.00645	0.00734	0.00551	0.02676	0.06279	0.03433	0.04293	0.00912	0.05224	0.00861	0.01946	0.04347	0.57812	0.00405	0.00410	0.00236	0.03375
2	0.01190	0.03822	0.06121	0.01072	0.05025	0.09690	0.03518	0.23040	0.15334	0.01667	0.03801	0.01120	0.00851	0.00544	0.00622	0.00138	0.18740	0.00387	0.00307	0.03009
3	0.01805	0.06033	0.19751	0.03829	0.09307	0.03601	0.03451	0.05308	0.02733	0.07545	0.02446	0.07740	0.00976	0.00883	0.11753	0.00201	0.01348	0.02489	0.00268	0.08530
4	0.08606	0.04325	0.01405	0.12627	0.40347	0.05548	0.02802	0.04054	0.00961	0.01380	0.05936	0.04572	0.00912	0.00474	0.00450	0.00130	0.04254	0.00410	0.00239	0.00566
5	0.00881	0.00977	0.10131	0.33355	0.10418	0.03198	0.04803	0.01332	0.15783	0.01331	0.07487	0.01392	0.03242	0.00487	0.00426	0.00134	0.00485	0.00429	0.00264	0.03444
6	0.01055	0.10049	0.04921	0.06512	0.17863	0.00861	0.00800	0.06641	0.07251	0.13139	0.04930	0.14825	0.02378	0.01798	0.00447	0.00134	0.00399	0.01266	0.00326	0.04404
7	0.00820	0.02389	0.09973	0.10246	0.16388	0.03308	0.04284	0.01046	0.02303	0.04437	0.04743	0.19173	0.11008	0.01933	0.00488	0.00148	0.00420	0.06103	0.00300	0.00490
8	0.01567	0.00727	0.01014	0.07558	0.05886	0.00691	0.00695	0.04393	0.01129	0.57681	0.01610	0.01520	0.05857	0.00659	0.04116	0.00157	0.03210	0.00442	0.00440	0.00647
9	0.00868	0.00787	0.01153	0.48087	0.10040	0.03957	0.00977	0.02649	0.06477	0.03072	0.07354	0.05105	0.04302	0.00539	0.00460	0.00139	0.02817	0.00465	0.00257	0.00495
10	0.00898	0.08990	0.19141	0.04996	0.03212	0.03573	0.02588	0.05277	0.02772	0.06863	0.01489	0.26959	0.04653	0.00756	0.00481	0.00144	0.03571	0.02832	0.00303	0.00505
11	0.01063	0.46726	0.09138	0.00806	0.01116	0.05770	0.00770	0.02511	0.09712	0.03155	0.00966	0.04447	0.03325	0.00590	0.03747	0.00136	0.04898	0.00347	0.00238	0.00540
12	0.00869	0.00947	0.10247	0.54687	0.18980	0.00934	0.01211	0.01161	0.00880	0.02855	0.00812	0.01175	0.00635	0.00429	0.00421	0.00137	0.00546	0.02342	0.00202	0.00528
13	0.00879	0.01142	0.20285	0.05446	0.26116	0.00871	0.11315	0.03243	0.02065	0.01358	0.06685	0.10162	0.02884	0.00568	0.00468	0.00139	0.02228	0.03328	0.00255	0.00562
14	0.00930	0.00896	0.03445	0.10929	0.57709	0.00885	0.01111	0.01153	0.00906	0.01277	0.03234	0.04431	0.00919	0.09679	0.00611	0.00159	0.00481	0.00440	0.00224	0.00579
15	0.00892	0.00905	0.01319	0.62413	0.06963	0.09926	0.05841	0.01148	0.00893	0.01102	0.00808	0.04460	0.00658	0.00451	0.00425	0.00137	0.00575	0.00403	0.00201	0.00481
16	0.00956	0.00946	0.04000	0.15547	0.44102	0.02761	0.03313	0.03302	0.04170	0.01371	0.08806	0.03471	0.01039	0.00481	0.00468	0.00133	0.03868	0.00436	0.00247	0.00583
17	0.00985	0.02212	0.24328	0.01273	0.05808	0.00959	0.22920	0.04284	0.04806	0.07581	0.01175	0.05860	0.05589	0.00533	0.00549	0.00143	0.09691	0.00471	0.00261	0.00572
18	0.00767	0.00652	0.00766	0.00800	0.02993	0.09535	0.03715	0.00894	0.00903	0.04190	0.03698	0.39937	0.02116	0.03351	0.03823	0.00190	0.02806	0.18112	0.00349	0.00402
19	0.00737	0.00410	0.00600	0.00613	0.02714	0.00412	0.00409	0.02387	0.00665	0.00903	0.09655	0.01484	0.01094	0.01414	0.04764	0.70486	0.00383	0.00412	0.00221	0.00238
20	0.00722	0.00744	0.10760	0.01045	0.14635	0.00614	0.00754	0.00932	0.02549	0.03024	0.01495	0.26947	0.01558	0.01527	0.24264	0.00303	0.00601	0.06777	0.00290	0.00459
21	0.00850	0.00820	0.01314	0.61360	0.09728	0.02471	0.03082	0.01122	0.02564	0.01115	0.00800	0.01136	0.01737	0.00461	0.00527	0.00143	0.09698	0.00384	0.00198	0.00490
22	0.07204	0.24134	0.01297	0.00807	0.01074	0.24976	0.00666	0.02830	0.01032	0.18718	0.01035	0.10060	0.00892	0.00523	0.00367	0.00115	0.00485	0.00390	0.00298	0.03097

[dist]
# distance from previous block
# <min> <max>
0	2

# created by:
# /st0/software/busco_prod/Augustus/scripts/msa2prfl.pl ./align_prep/33531.fa
