[name]
unknown

[dist]
# distance from previous block
# <min> <max>
0	0

[block]
# block no. 0 follows, 53 sequences, length 16
# corresponding to MSA columns:
# 70-85
name=unknown_A
#
# <colnr> <probs for GDERKNQSTAVLIFYWHMCP>
#	G	D	E	R	K	N	Q	S	T	A	V	L	I	F	Y	W	H	M	C	P
0	0.00770	0.00550	0.00770	0.00880	0.00990	0.00550	0.00770	0.00990	0.01100	0.01430	0.02531	0.05391	0.02751	0.01320	0.00660	0.00220	0.00440	0.77004	0.00440	0.00440
1	0.00588	0.00418	0.00553	0.00658	0.00684	0.00392	0.00436	0.00667	0.00904	0.01205	0.02575	0.78692	0.03086	0.05799	0.00706	0.00208	0.00287	0.01324	0.00436	0.00383
2	0.00964	0.00759	0.00854	0.00803	0.00981	0.00811	0.00605	0.12399	0.26392	0.01824	0.12602	0.28414	0.08626	0.01001	0.00542	0.00168	0.00335	0.00870	0.00473	0.00577
3	0.00582	0.00416	0.00555	0.00666	0.00693	0.00388	0.00444	0.00666	0.00915	0.01220	0.02634	0.82891	0.03161	0.01497	0.00610	0.00194	0.00277	0.01359	0.00444	0.00388
4	0.01746	0.00736	0.00973	0.00782	0.01089	0.00645	0.00632	0.01952	0.03255	0.59271	0.09584	0.05491	0.10201	0.00734	0.00503	0.00152	0.00366	0.00612	0.00561	0.00716
5	0.00628	0.00458	0.00548	0.00598	0.00692	0.00407	0.00421	0.00735	0.01015	0.03755	0.06741	0.46580	0.33019	0.01336	0.00587	0.00178	0.00265	0.01174	0.00452	0.00410
6	0.54692	0.01051	0.00960	0.00792	0.01120	0.01184	0.00653	0.26264	0.01305	0.06747	0.00888	0.00943	0.00649	0.00494	0.00365	0.00146	0.00422	0.00326	0.00371	0.00629
7	0.01339	0.73728	0.02366	0.00868	0.01257	0.11434	0.00831	0.01489	0.01017	0.01130	0.00673	0.00778	0.00614	0.00419	0.00322	0.00105	0.00553	0.00262	0.00209	0.00606
8	0.01274	0.00628	0.00823	0.00759	0.00952	0.00573	0.00580	0.04892	0.01177	0.33195	0.02399	0.37886	0.07040	0.01065	0.00552	0.00172	0.00346	0.04599	0.00505	0.00582
9	0.00902	0.00822	0.01138	0.01013	0.01031	0.01091	0.00808	0.01001	0.00733	0.01099	0.00932	0.01616	0.00958	0.16988	0.18651	0.00376	0.49658	0.00491	0.00234	0.00458
10	0.00585	0.00485	0.00512	0.00505	0.00658	0.00412	0.00379	0.00725	0.01137	0.01404	0.18435	0.04414	0.66363	0.01168	0.00565	0.00159	0.00239	0.00983	0.00459	0.00412
11	0.00991	0.00850	0.00991	0.00708	0.01133	0.00637	0.00566	0.01203	0.00991	0.01557	0.00850	0.00991	0.00708	0.00354	0.00354	0.00071	0.00354	0.00283	0.00283	0.86124
12	0.01136	0.46373	0.25100	0.00983	0.01439	0.01490	0.01072	0.04653	0.01012	0.01316	0.00815	0.00987	0.00689	0.00811	0.10094	0.00198	0.00661	0.00322	0.00221	0.00627
13	0.00903	0.00850	0.01434	0.82054	0.03292	0.01062	0.01327	0.01221	0.00956	0.01221	0.00850	0.01274	0.00637	0.00478	0.00478	0.00159	0.00637	0.00425	0.00212	0.00531
14	0.01973	0.00942	0.03631	0.00960	0.03727	0.00838	0.00781	0.13822	0.01481	0.60909	0.04641	0.01594	0.01221	0.00594	0.00482	0.00147	0.00432	0.00482	0.00549	0.00795
15	0.00710	0.00582	0.00645	0.00644	0.03199	0.00533	0.00461	0.04938	0.04652	0.01487	0.13052	0.07122	0.52041	0.04393	0.00624	0.00169	0.00285	0.00901	0.00440	0.03121

[dist]
# distance from previous block
# <min> <max>
0	1

[block]
# block no. 1 follows, 53 sequences, length 12
# corresponding to MSA columns:
# 87-98
name=unknown_B
#
# <colnr> <probs for GDERKNQSTAVLIFYWHMCP>
#	G	D	E	R	K	N	Q	S	T	A	V	L	I	F	Y	W	H	M	C	P
0	0.09579	0.62393	0.07593	0.00891	0.01307	0.03707	0.03673	0.01477	0.00986	0.03686	0.00728	0.00832	0.00625	0.00423	0.00333	0.00114	0.00527	0.00282	0.00227	0.00616
1	0.00593	0.00441	0.00554	0.00630	0.00695	0.00402	0.00439	0.00701	0.00995	0.01300	0.09506	0.57155	0.19381	0.01388	0.00599	0.00185	0.00271	0.03916	0.00450	0.00398
2	0.00991	0.00850	0.00991	0.00708	0.01133	0.00637	0.00566	0.01203	0.00991	0.01557	0.00850	0.00991	0.00708	0.00354	0.00354	0.00071	0.00354	0.00283	0.00283	0.86124
3	0.01244	0.04451	0.01306	0.00999	0.01273	0.02420	0.09699	0.19341	0.05880	0.08761	0.04922	0.10949	0.04590	0.06587	0.00706	0.00172	0.06217	0.00599	0.00390	0.09495
4	0.01198	0.04105	0.04764	0.02749	0.72120	0.03739	0.01437	0.01482	0.01090	0.01532	0.00884	0.01152	0.00742	0.00428	0.00465	0.00140	0.00580	0.00413	0.00235	0.00744
5	0.00695	0.00463	0.00521	0.00521	0.00521	0.00463	0.00290	0.00695	0.00695	0.00927	0.01506	0.03128	0.01738	0.83203	0.02433	0.00463	0.00463	0.00695	0.00290	0.00290
6	0.01084	0.01041	0.01803	0.19178	0.54379	0.01078	0.06203	0.01370	0.01052	0.01467	0.01002	0.06325	0.00881	0.00502	0.00488	0.00150	0.00579	0.00493	0.00245	0.00680
7	0.01160	0.01272	0.09955	0.02774	0.72271	0.01133	0.01497	0.01472	0.01080	0.01557	0.00895	0.01165	0.00742	0.00429	0.00471	0.00143	0.00582	0.00418	0.00233	0.00752
8	0.00582	0.00416	0.00555	0.00666	0.00693	0.00388	0.00444	0.00666	0.00915	0.01220	0.02634	0.82891	0.03161	0.01497	0.00610	0.00194	0.00277	0.01359	0.00444	0.00388
9	0.00580	0.00424	0.00546	0.00644	0.00688	0.00390	0.00434	0.00668	0.00936	0.01229	0.02896	0.73620	0.12264	0.01463	0.00605	0.00190	0.00273	0.01317	0.00444	0.00390
10	0.10240	0.01396	0.06944	0.01089	0.01442	0.11238	0.00901	0.24774	0.05199	0.20585	0.04133	0.01595	0.01194	0.00689	0.00530	0.00178	0.00565	0.00488	0.06020	0.00798
11	0.00937	0.00719	0.00931	0.00889	0.08997	0.00608	0.00610	0.01153	0.01164	0.06503	0.30325	0.02241	0.07449	0.00663	0.00465	0.00118	0.00324	0.00572	0.00398	0.34935

[dist]
# distance from previous block
# <min> <max>
0	8

[block]
# block no. 2 follows, 53 sequences, length 11
# corresponding to MSA columns:
# 107-117
name=unknown_C
#
# <colnr> <probs for GDERKNQSTAVLIFYWHMCP>
#	G	D	E	R	K	N	Q	S	T	A	V	L	I	F	Y	W	H	M	C	P
0	0.26319	0.10861	0.01294	0.00993	0.02886	0.31282	0.00780	0.11488	0.01244	0.03372	0.00794	0.00892	0.00632	0.00473	0.00382	0.00129	0.00594	0.00308	0.00294	0.04984
1	0.01183	0.01136	0.01940	0.02934	0.80221	0.01136	0.01467	0.01467	0.01088	0.01562	0.00899	0.01183	0.00757	0.00426	0.00473	0.00142	0.00568	0.00426	0.00237	0.00757
2	0.00566	0.00479	0.00489	0.00498	0.00649	0.00402	0.00369	0.00684	0.01077	0.01286	0.04679	0.10365	0.74367	0.01232	0.00568	0.00164	0.00245	0.01035	0.00444	0.00402
3	0.04925	0.15563	0.04063	0.01377	0.01783	0.05854	0.08057	0.39196	0.04815	0.05780	0.01456	0.01666	0.01167	0.00788	0.00623	0.00214	0.00690	0.00536	0.00516	0.00931
4	0.01105	0.01206	0.04292	0.08171	0.25817	0.01163	0.42080	0.01448	0.01077	0.01491	0.00965	0.03442	0.00787	0.00466	0.00574	0.00158	0.04338	0.00522	0.00241	0.00659
5	0.00752	0.00529	0.00656	0.00606	0.00747	0.00487	0.00460	0.03539	0.01335	0.04910	0.60504	0.03601	0.18083	0.00991	0.00558	0.00152	0.00246	0.00861	0.00512	0.00469
6	0.00848	0.00531	0.00700	0.00679	0.00809	0.00511	0.00509	0.01037	0.02929	0.11918	0.24098	0.22207	0.11882	0.01608	0.17162	0.00289	0.00484	0.00870	0.00449	0.00480
7	0.00717	0.00471	0.00531	0.00560	0.00660	0.00444	0.00402	0.02942	0.01045	0.01507	0.07100	0.31629	0.20408	0.01070	0.00504	0.00156	0.00255	0.00927	0.28246	0.00425
8	0.00646	0.00422	0.00532	0.00620	0.00665	0.00400	0.00421	0.00758	0.00933	0.01336	0.02413	0.66216	0.02763	0.01304	0.00553	0.00177	0.00266	0.01171	0.18004	0.00400
9	0.65929	0.04129	0.00921	0.00733	0.01050	0.01187	0.00609	0.17282	0.01114	0.02284	0.00765	0.00852	0.00582	0.00469	0.00334	0.00145	0.00407	0.00294	0.00330	0.00582
10	0.01740	0.02059	0.01342	0.01194	0.01459	0.64853	0.00908	0.11446	0.07857	0.01466	0.00888	0.00973	0.00709	0.00515	0.00441	0.00129	0.00781	0.00342	0.00295	0.00603

[dist]
# distance from previous block
# <min> <max>
3	12

[block]
# block no. 3 follows, 53 sequences, length 9
# corresponding to MSA columns:
# 130-138
name=unknown_D
#
# <colnr> <probs for GDERKNQSTAVLIFYWHMCP>
#	G	D	E	R	K	N	Q	S	T	A	V	L	I	F	Y	W	H	M	C	P
0	0.01093	0.02113	0.01168	0.02309	0.11130	0.02966	0.02499	0.14684	0.03843	0.04218	0.07719	0.04768	0.04313	0.03346	0.19704	0.02212	0.05854	0.00541	0.00343	0.05176
1	0.01335	0.13164	0.26422	0.01301	0.04878	0.03097	0.08944	0.26009	0.06886	0.01964	0.01008	0.01105	0.00750	0.00494	0.00455	0.00143	0.00607	0.00400	0.00316	0.00723
2	0.00916	0.00710	0.00772	0.00722	0.00850	0.00771	0.00505	0.04833	0.29993	0.01474	0.03940	0.06531	0.05121	0.39176	0.01404	0.00303	0.00410	0.00677	0.00391	0.00500
3	0.00734	0.00533	0.00636	0.00707	0.00772	0.04135	0.00495	0.00840	0.00996	0.05400	0.07515	0.66017	0.03009	0.01362	0.00595	0.00187	0.00315	0.04879	0.00447	0.00425
4	0.01183	0.11984	0.13024	0.04566	0.27791	0.06712	0.20689	0.01563	0.05157	0.01476	0.00922	0.01145	0.00733	0.00440	0.00470	0.00143	0.00652	0.00427	0.00242	0.00682
5	0.00704	0.00462	0.00540	0.00540	0.00544	0.00466	0.00312	0.00698	0.00694	0.00929	0.01450	0.02957	0.01651	0.73991	0.06063	0.06262	0.00498	0.00668	0.00283	0.00290
6	0.00700	0.00464	0.00604	0.00646	0.00727	0.00424	0.00455	0.00828	0.01068	0.06218	0.22346	0.51517	0.09628	0.01287	0.00587	0.00178	0.00269	0.01152	0.00474	0.00431
7	0.07038	0.03509	0.07816	0.06191	0.07710	0.20638	0.04468	0.07054	0.07300	0.01501	0.00935	0.01159	0.00767	0.00859	0.08883	0.00215	0.12685	0.00399	0.00273	0.00601
8	0.06722	0.15405	0.05515	0.01268	0.05611	0.20353	0.12158	0.11859	0.05169	0.01602	0.00994	0.05997	0.00855	0.00551	0.00490	0.00141	0.03952	0.00438	0.00292	0.00626

[dist]
# distance from previous block
# <min> <max>
0	1

[block]
# block no. 4 follows, 53 sequences, length 7
# corresponding to MSA columns:
# 140-146
name=unknown_E
#
# <colnr> <probs for GDERKNQSTAVLIFYWHMCP>
#	G	D	E	R	K	N	Q	S	T	A	V	L	I	F	Y	W	H	M	C	P
0	0.00598	0.00462	0.00546	0.00575	0.00679	0.00410	0.00412	0.00732	0.01095	0.01421	0.22547	0.31122	0.35183	0.01251	0.00580	0.00170	0.00250	0.01093	0.00464	0.00410
1	0.01671	0.01142	0.01240	0.00975	0.01311	0.01243	0.00798	0.55228	0.07533	0.09888	0.01331	0.01327	0.00951	0.00578	0.00459	0.00141	0.00462	0.00445	0.12520	0.00757
2	0.01159	0.05498	0.05934	0.00897	0.03553	0.03426	0.00742	0.14054	0.03081	0.01760	0.01070	0.01168	0.03851	0.00446	0.00395	0.00099	0.00430	0.00350	0.00315	0.51772
3	0.01499	0.14438	0.01580	0.08618	0.04296	0.36616	0.04246	0.09810	0.03827	0.03281	0.00896	0.01106	0.00743	0.04461	0.00554	0.00148	0.02633	0.00371	0.00278	0.00599
4	0.00677	0.00660	0.07921	0.00635	0.00776	0.00503	0.00516	0.00830	0.01021	0.01361	0.21669	0.08999	0.22733	0.24893	0.01104	0.00250	0.00356	0.04289	0.00397	0.00411
5	0.01116	0.10110	0.04865	0.00966	0.01239	0.08835	0.06308	0.05150	0.11455	0.03829	0.19438	0.01898	0.05920	0.00672	0.00576	0.00143	0.08132	0.00538	0.00367	0.08445
6	0.00800	0.00575	0.00725	0.00773	0.04394	0.00543	0.00537	0.06024	0.01110	0.05243	0.09595	0.34979	0.19007	0.03643	0.03090	0.00198	0.00348	0.04776	0.00435	0.03206

[dist]
# distance from previous block
# <min> <max>
0	10

[block]
# block no. 5 follows, 53 sequences, length 10
# corresponding to MSA columns:
# 157-166
name=unknown_F
#
# <colnr> <probs for GDERKNQSTAVLIFYWHMCP>
#	G	D	E	R	K	N	Q	S	T	A	V	L	I	F	Y	W	H	M	C	P
0	0.00718	0.00598	0.00930	0.00800	0.00965	0.00549	0.11900	0.00940	0.01238	0.01703	0.50114	0.11764	0.13935	0.00979	0.00569	0.00158	0.00318	0.00892	0.00465	0.00466
1	0.11599	0.01018	0.01571	0.37647	0.32085	0.03268	0.03386	0.01364	0.01004	0.01471	0.00846	0.01168	0.00670	0.00452	0.00455	0.00150	0.00589	0.00405	0.00234	0.00619
2	0.70034	0.01029	0.00766	0.00690	0.00964	0.09502	0.00555	0.01414	0.00918	0.02021	0.07667	0.01032	0.00880	0.00496	0.00334	0.00145	0.00409	0.00317	0.00311	0.00516
3	0.01101	0.10177	0.49357	0.01681	0.21691	0.01176	0.01547	0.01531	0.01042	0.05086	0.00896	0.01057	0.00671	0.00449	0.00445	0.00144	0.00638	0.00368	0.00229	0.00715
4	0.00795	0.00613	0.00894	0.00800	0.00903	0.00641	0.08279	0.05496	0.00870	0.01193	0.01420	0.07222	0.01478	0.37323	0.29448	0.00504	0.00774	0.00643	0.00294	0.00410
5	0.01197	0.63021	0.22268	0.00955	0.01439	0.01694	0.01057	0.01452	0.00981	0.01223	0.00713	0.00828	0.00611	0.00420	0.00344	0.00115	0.00560	0.00280	0.00204	0.00637
6	0.01261	0.15000	0.06654	0.02372	0.02716	0.18266	0.20490	0.06703	0.05396	0.01496	0.05225	0.01349	0.03080	0.00694	0.05302	0.00175	0.00689	0.00451	0.00285	0.02398
7	0.06667	0.03292	0.02407	0.01084	0.05610	0.08002	0.09060	0.08742	0.03525	0.13036	0.02193	0.03989	0.00980	0.04929	0.01659	0.00154	0.01777	0.00442	0.00347	0.22105
8	0.01115	0.06986	0.01133	0.00931	0.03421	0.10257	0.04052	0.05793	0.13153	0.06266	0.07105	0.12304	0.13112	0.03923	0.00590	0.00161	0.02000	0.01601	0.00391	0.05705
9	0.05911	0.00782	0.04997	0.00737	0.00947	0.00717	0.00604	0.12881	0.05938	0.01773	0.18373	0.14123	0.19854	0.02707	0.03519	0.00187	0.00377	0.02318	0.00433	0.02824

[dist]
# distance from previous block
# <min> <max>
0	32

[block]
# block no. 6 follows, 53 sequences, length 94
# corresponding to MSA columns:
# 199-292
name=unknown_G
#
# <colnr> <probs for GDERKNQSTAVLIFYWHMCP>
#	G	D	E	R	K	N	Q	S	T	A	V	L	I	F	Y	W	H	M	C	P
0	0.06653	0.09710	0.23803	0.01232	0.05406	0.13754	0.04769	0.14047	0.07633	0.02923	0.01036	0.01127	0.02141	0.00499	0.00438	0.00139	0.00609	0.00383	0.00299	0.03399
1	0.00735	0.00630	0.03625	0.00813	0.07382	0.00534	0.00571	0.00933	0.03771	0.04572	0.09211	0.21203	0.39471	0.01123	0.00560	0.00167	0.00311	0.03483	0.00431	0.00474
2	0.08883	0.01058	0.01036	0.00788	0.01177	0.10384	0.00626	0.06141	0.01097	0.01655	0.00838	0.00966	0.00686	0.00392	0.00366	0.00089	0.00427	0.00293	0.00292	0.62806
3	0.11020	0.00632	0.00755	0.00749	0.00883	0.02083	0.03570	0.03612	0.02998	0.01471	0.05995	0.29361	0.12191	0.06086	0.05444	0.00231	0.00417	0.11653	0.00400	0.00449
4	0.01224	0.01238	0.01048	0.00954	0.01121	0.27533	0.00728	0.11042	0.02420	0.01440	0.03712	0.08186	0.04250	0.06437	0.16719	0.00290	0.07225	0.00535	0.03379	0.00519
5	0.03981	0.01253	0.04502	0.06312	0.14946	0.09720	0.06004	0.12309	0.22250	0.11832	0.01313	0.01354	0.00969	0.00537	0.00474	0.00149	0.00542	0.00453	0.00381	0.00720
6	0.00727	0.00587	0.00747	0.05667	0.05011	0.00571	0.00557	0.01024	0.07639	0.01686	0.43467	0.03451	0.25143	0.00957	0.00548	0.00155	0.00285	0.00829	0.00466	0.00483
7	0.00688	0.00505	0.00593	0.00577	0.00703	0.00469	0.00424	0.00847	0.02498	0.04106	0.21278	0.06080	0.36661	0.11727	0.10463	0.00270	0.00400	0.00860	0.00427	0.00423
8	0.01203	0.01229	0.02797	0.05489	0.27213	0.13402	0.09356	0.05192	0.11724	0.01649	0.11300	0.01592	0.02753	0.00557	0.00489	0.00145	0.00562	0.00501	0.00324	0.02525
9	0.01053	0.01043	0.02950	0.01277	0.01518	0.05347	0.25723	0.01285	0.01066	0.05923	0.10632	0.02057	0.13180	0.00740	0.00819	0.00171	0.22295	0.02045	0.00320	0.00555
10	0.47249	0.29329	0.01397	0.00765	0.01094	0.10955	0.00669	0.01474	0.00932	0.01679	0.00674	0.00783	0.00562	0.00438	0.00316	0.00129	0.00477	0.00264	0.00259	0.00555
11	0.12997	0.20508	0.12214	0.01096	0.01468	0.33071	0.05047	0.02921	0.01146	0.03204	0.00774	0.00895	0.00624	0.00459	0.00395	0.00128	0.00668	0.00315	0.00249	0.01821
12	0.00653	0.00446	0.00534	0.00575	0.00586	0.00435	0.00347	0.00684	0.00777	0.01036	0.01928	0.32964	0.02270	0.52640	0.01751	0.00363	0.00394	0.00943	0.00347	0.00326
13	0.01071	0.01005	0.01643	0.37205	0.39225	0.01113	0.01341	0.02602	0.07306	0.01470	0.00965	0.01270	0.00762	0.00469	0.00476	0.00151	0.00582	0.00435	0.00250	0.00659
14	0.00580	0.00485	0.00505	0.00500	0.00655	0.00410	0.00375	0.00714	0.01124	0.01374	0.14766	0.04464	0.70051	0.01180	0.00565	0.00160	0.00240	0.00990	0.00455	0.00410
15	0.76470	0.00911	0.00751	0.00655	0.00960	0.01028	0.00540	0.01516	0.00880	0.11531	0.00812	0.00878	0.00597	0.00461	0.00318	0.00148	0.00374	0.00285	0.00331	0.00553
16	0.00755	0.00460	0.00515	0.00521	0.00588	0.00458	0.00352	0.00878	0.00883	0.01354	0.04485	0.07556	0.06563	0.31102	0.07760	0.00303	0.00402	0.00648	0.34035	0.00381
17	0.00955	0.00692	0.00737	0.00694	0.00871	0.00750	0.00530	0.01629	0.33278	0.01811	0.08644	0.04938	0.07590	0.00781	0.02302	0.00157	0.00315	0.00595	0.32163	0.00568
18	0.01822	0.01765	0.01375	0.01148	0.01464	0.40423	0.00903	0.36380	0.01756	0.06954	0.00994	0.01038	0.00740	0.00535	0.00455	0.00134	0.00683	0.00374	0.00372	0.00686
19	0.69681	0.00968	0.00993	0.00816	0.01140	0.01072	0.09870	0.02749	0.00909	0.06981	0.00786	0.00897	0.00589	0.00450	0.00342	0.00149	0.00427	0.00312	0.00311	0.00556
20	0.00752	0.00610	0.00839	0.00799	0.00879	0.00724	0.00621	0.02004	0.01920	0.01161	0.01628	0.02168	0.10587	0.09828	0.49449	0.00561	0.14181	0.00572	0.00280	0.00438
21	0.01244	0.01192	0.01580	0.01250	0.01591	0.10308	0.22791	0.04726	0.27967	0.04872	0.01406	0.05289	0.01127	0.00570	0.00494	0.00147	0.00555	0.01618	0.00366	0.10904
22	0.00658	0.00514	0.00600	0.00586	0.00719	0.00473	0.00436	0.00901	0.06084	0.01622	0.39677	0.11135	0.32657	0.01092	0.00564	0.00159	0.00246	0.00944	0.00485	0.00446
23	0.00661	0.00485	0.00622	0.00612	0.00722	0.00446	0.00461	0.00861	0.01265	0.01748	0.59110	0.11253	0.12926	0.01075	0.00574	0.00160	0.00246	0.05830	0.00503	0.00439
24	0.01043	0.00880	0.01019	0.00732	0.01155	0.00690	0.00588	0.06038	0.01070	0.01648	0.00868	0.01001	0.00714	0.00368	0.00362	0.00075	0.00365	0.00292	0.00295	0.80797
25	0.01084	0.01044	0.01816	0.18907	0.53711	0.01079	0.07130	0.01371	0.01053	0.01468	0.01002	0.06311	0.00880	0.00502	0.00489	0.00150	0.00582	0.00494	0.00245	0.00679
26	0.19804	0.11416	0.01373	0.01021	0.01313	0.31720	0.00825	0.17839	0.01342	0.02897	0.00810	0.00915	0.00645	0.00512	0.00469	0.00136	0.05724	0.00326	0.00303	0.00610
27	0.01278	0.83490	0.02505	0.00818	0.01227	0.01891	0.00818	0.01431	0.00971	0.01125	0.00664	0.00767	0.00613	0.00409	0.00307	0.00102	0.00511	0.00256	0.00204	0.00613
28	0.00956	0.03398	0.00989	0.00696	0.01076	0.00650	0.00558	0.01168	0.01042	0.01595	0.12045	0.01349	0.01243	0.00444	0.00382	0.00083	0.00341	0.00365	0.00315	0.71306
29	0.00658	0.08950	0.00759	0.00678	0.00749	0.00546	0.00482	0.00756	0.00942	0.01244	0.06150	0.70644	0.02964	0.01361	0.00577	0.00183	0.00299	0.01222	0.00423	0.00414
30	0.01845	0.01081	0.01283	0.00996	0.01357	0.01117	0.02366	0.39884	0.06657	0.32799	0.02931	0.03074	0.01109	0.00608	0.00486	0.00148	0.00466	0.00486	0.00518	0.00791
31	0.00621	0.00474	0.00701	0.00755	0.00813	0.00443	0.05324	0.00727	0.00933	0.01244	0.02528	0.76016	0.03000	0.01425	0.00608	0.00193	0.00314	0.03046	0.00431	0.00405
32	0.00822	0.00591	0.00708	0.00722	0.00833	0.00585	0.00519	0.14169	0.01174	0.02970	0.02628	0.57926	0.11922	0.01287	0.00580	0.00181	0.00318	0.01141	0.00452	0.00471
33	0.01548	0.01028	0.01034	0.00882	0.01169	0.12026	0.00695	0.02067	0.24886	0.32741	0.03352	0.02041	0.13021	0.00693	0.00489	0.00151	0.00434	0.00559	0.00489	0.00693
34	0.00693	0.00544	0.00661	0.00690	0.00757	0.03694	0.03113	0.00781	0.00932	0.02271	0.04275	0.50554	0.10573	0.17032	0.00943	0.00237	0.00352	0.01103	0.00403	0.00394
35	0.02070	0.00902	0.01160	0.00893	0.01262	0.00838	0.00737	0.14492	0.03298	0.66393	0.01769	0.01554	0.01130	0.00590	0.00480	0.00148	0.00425	0.00474	0.00571	0.00812
36	0.00903	0.00850	0.01434	0.82054	0.03292	0.01062	0.01327	0.01221	0.00956	0.01221	0.00850	0.01274	0.00637	0.00478	0.00478	0.00159	0.00637	0.00425	0.00212	0.00531
37	0.01073	0.01676	0.28316	0.01801	0.02357	0.01176	0.53378	0.01525	0.01089	0.01525	0.00931	0.01198	0.00686	0.00420	0.00528	0.00158	0.00773	0.00495	0.00229	0.00665
38	0.00735	0.00487	0.00625	0.00687	0.00769	0.00458	0.00487	0.00894	0.04470	0.07237	0.02758	0.61256	0.10459	0.01354	0.00593	0.00187	0.00297	0.05349	0.00457	0.00441
39	0.01277	0.66541	0.02276	0.10579	0.01496	0.08689	0.00888	0.01448	0.01003	0.01140	0.00693	0.00836	0.00616	0.00424	0.00338	0.00111	0.00557	0.00280	0.00209	0.00598
40	0.00820	0.00589	0.00727	0.00656	0.00801	0.00574	0.00502	0.10214	0.01448	0.02043	0.67836	0.03219	0.03954	0.00914	0.00546	0.00148	0.00261	0.00798	0.03455	0.00494
41	0.01278	0.83490	0.02505	0.00818	0.01227	0.01891	0.00818	0.01431	0.00971	0.01125	0.00664	0.00767	0.00613	0.00409	0.00307	0.00102	0.00511	0.00256	0.00204	0.00613
42	0.00583	0.00482	0.00511	0.00510	0.00658	0.00410	0.00380	0.00719	0.01124	0.01386	0.16501	0.07590	0.65125	0.01186	0.00567	0.00161	0.00241	0.01000	0.00457	0.00410
43	0.00617	0.00442	0.00591	0.00685	0.00734	0.00417	0.00487	0.00734	0.00988	0.01322	0.10681	0.63142	0.04394	0.01415	0.00611	0.00193	0.00293	0.11400	0.00452	0.00402
44	0.00580	0.00451	0.00528	0.00580	0.00673	0.00399	0.00408	0.00689	0.01020	0.01294	0.08266	0.42946	0.37788	0.01337	0.00587	0.00177	0.00258	0.01172	0.00449	0.00399
45	0.00828	0.00421	0.00617	0.00617	0.00628	0.00424	0.00417	0.00663	0.00652	0.00901	0.00894	0.01491	0.00870	0.01669	0.04969	0.77291	0.00438	0.00421	0.05557	0.00231
46	0.82818	0.00919	0.00721	0.00638	0.00938	0.01056	0.00526	0.01446	0.00838	0.05637	0.00720	0.00814	0.00547	0.00450	0.00304	0.00148	0.00371	0.00269	0.00309	0.00531
47	0.84983	0.00932	0.00716	0.00637	0.00935	0.01080	0.00525	0.02859	0.00840	0.02161	0.00675	0.00783	0.00523	0.00446	0.00299	0.00148	0.00373	0.00262	0.00299	0.00523
48	0.01292	0.01048	0.01210	0.01209	0.10713	0.01173	0.00849	0.07745	0.59699	0.06923	0.01760	0.01657	0.01312	0.00613	0.00484	0.00158	0.00413	0.00515	0.00462	0.00764
49	0.01037	0.01029	0.01433	0.01225	0.01243	0.01416	0.01019	0.01147	0.00743	0.01166	0.00647	0.01057	0.00640	0.00863	0.02845	0.00213	0.77681	0.00414	0.00213	0.03966
50	0.01340	0.01661	0.11009	0.21320	0.19358	0.31013	0.01242	0.04902	0.01196	0.01389	0.00833	0.01063	0.00659	0.00473	0.00457	0.00140	0.00709	0.00373	0.00241	0.00623
51	0.00676	0.00489	0.00639	0.00601	0.00714	0.00451	0.00451	0.00902	0.01353	0.01917	0.79969	0.03570	0.04510	0.00977	0.00564	0.00150	0.00225	0.00864	0.00526	0.00451
52	0.00959	0.02472	0.80726	0.01362	0.02069	0.01110	0.01766	0.01514	0.01009	0.01514	0.00858	0.01009	0.00605	0.00454	0.00454	0.00151	0.00706	0.00353	0.00202	0.00706
53	0.02144	0.00813	0.01109	0.00850	0.01220	0.00702	0.00702	0.02329	0.01368	0.80552	0.01886	0.01627	0.01183	0.00592	0.00481	0.00148	0.00407	0.00481	0.00592	0.00813
54	0.00684	0.00508	0.00745	0.00745	0.00822	0.00585	0.00569	0.00839	0.00761	0.01092	0.01301	0.01995	0.01246	0.11047	0.73916	0.00740	0.01204	0.00529	0.00259	0.00414
55	0.01238	0.01173	0.09273	0.01000	0.01322	0.01155	0.00857	0.11434	0.54919	0.04525	0.05068	0.01749	0.02850	0.00642	0.00487	0.00158	0.00422	0.00528	0.00460	0.00741
56	0.00585	0.00418	0.00557	0.00664	0.00694	0.00390	0.00444	0.00673	0.00929	0.01242	0.05067	0.80396	0.03204	0.01481	0.00609	0.00193	0.00276	0.01343	0.00446	0.00390
57	0.01113	0.37522	0.45371	0.01122	0.01693	0.01455	0.01339	0.02931	0.01016	0.01373	0.00780	0.00907	0.00613	0.00437	0.00391	0.00130	0.00618	0.00312	0.00208	0.00668
58	0.72895	0.07817	0.03791	0.00696	0.01014	0.04511	0.00605	0.01432	0.00856	0.01997	0.00676	0.00788	0.00533	0.00443	0.00308	0.00143	0.00414	0.00264	0.00283	0.00534
59	0.01122	0.01058	0.01784	0.02654	0.70702	0.01054	0.01345	0.01399	0.01120	0.01604	0.10365	0.01469	0.01206	0.00492	0.00484	0.00143	0.00527	0.00478	0.00271	0.00720
60	0.00679	0.00458	0.00532	0.00548	0.00554	0.00456	0.00319	0.00695	0.00728	0.00973	0.01660	0.14389	0.01925	0.69612	0.04179	0.00433	0.00458	0.00784	0.00311	0.00307
61	0.00695	0.00463	0.00521	0.00521	0.00521	0.00463	0.00290	0.00695	0.00695	0.00927	0.01506	0.03128	0.01738	0.83203	0.02433	0.00463	0.00463	0.00695	0.00290	0.00290
62	0.00601	0.00477	0.00540	0.00542	0.00672	0.00416	0.00400	0.00750	0.01150	0.01476	0.27815	0.13654	0.47466	0.01173	0.00570	0.00162	0.00241	0.01006	0.00469	0.00416
63	0.01806	0.02029	0.01361	0.01189	0.01468	0.61889	0.00912	0.17454	0.01536	0.04737	0.00868	0.00951	0.00678	0.00513	0.00443	0.00128	0.00776	0.00340	0.00307	0.00617
64	0.00991	0.00850	0.00991	0.00708	0.01133	0.00637	0.00566	0.01203	0.00991	0.01557	0.00850	0.00991	0.00708	0.00354	0.00354	0.00071	0.00354	0.00283	0.00283	0.86124
65	0.86579	0.00924	0.00702	0.00629	0.00924	0.01072	0.00518	0.01405	0.00813	0.02144	0.00666	0.00776	0.00518	0.00444	0.00296	0.00148	0.00370	0.00259	0.00296	0.00518
66	0.01682	0.01272	0.01358	0.01072	0.01431	0.01419	0.00876	0.62295	0.18799	0.02795	0.01319	0.01284	0.00952	0.00590	0.00480	0.00147	0.00494	0.00454	0.00480	0.00801
67	0.02880	0.00645	0.00796	0.00661	0.00910	0.00586	0.00530	0.01726	0.01197	0.42325	0.03360	0.01816	0.03921	0.00603	0.00421	0.00133	0.00320	0.00488	0.36046	0.00635
68	0.01205	0.01035	0.01090	0.00976	0.01249	0.01196	0.00760	0.04473	0.77399	0.02025	0.01925	0.01767	0.01443	0.00647	0.00486	0.00162	0.00382	0.00538	0.00486	0.00758
69	0.86579	0.00924	0.00702	0.00629	0.00924	0.01072	0.00518	0.01405	0.00813	0.02144	0.00666	0.00776	0.00518	0.00444	0.00296	0.00148	0.00370	0.00259	0.00296	0.00518
70	0.02110	0.00827	0.01113	0.00855	0.01221	0.00726	0.00706	0.05004	0.01399	0.76560	0.03102	0.01641	0.01223	0.00597	0.00482	0.00148	0.00408	0.00485	0.00587	0.00808
71	0.00699	0.00488	0.00583	0.00578	0.00595	0.00509	0.00359	0.00729	0.00722	0.00974	0.01570	0.04417	0.04009	0.66272	0.12588	0.00481	0.03135	0.00684	0.00290	0.00320
72	0.04841	0.01535	0.01326	0.01100	0.01408	0.24788	0.00874	0.42563	0.08001	0.02250	0.01111	0.03910	0.00872	0.00590	0.00490	0.00143	0.02676	0.00428	0.00396	0.00700
73	0.00984	0.00745	0.00821	0.00737	0.00919	0.00777	0.00542	0.06258	0.26565	0.04504	0.06917	0.02621	0.11068	0.26069	0.01092	0.00247	0.00388	0.02186	0.00412	0.06147
74	0.07313	0.53985	0.17453	0.03710	0.01430	0.03207	0.00991	0.01425	0.00966	0.01277	0.00735	0.00879	0.00629	0.00552	0.03603	0.00144	0.00581	0.00292	0.00214	0.00613
75	0.01011	0.00753	0.06806	0.00894	0.05831	0.00673	0.00656	0.12546	0.00926	0.01257	0.00885	0.01357	0.00806	0.01329	0.01465	0.61306	0.00463	0.00413	0.00250	0.00371
76	0.01044	0.04645	0.04244	0.00772	0.01142	0.06754	0.00644	0.01255	0.01043	0.03978	0.06118	0.01337	0.03710	0.00650	0.05441	0.00134	0.00461	0.00369	0.00303	0.55953
77	0.00993	0.11225	0.22201	0.01025	0.01387	0.02470	0.07134	0.04758	0.05996	0.02724	0.10639	0.07170	0.09094	0.03286	0.00588	0.00161	0.03657	0.02249	0.00329	0.02914
78	0.01133	0.10864	0.17018	0.01194	0.04463	0.09933	0.12323	0.05847	0.03786	0.02688	0.04525	0.05403	0.04431	0.04318	0.00580	0.01518	0.00577	0.02312	0.00296	0.06791
79	0.02222	0.31992	0.18035	0.01004	0.01408	0.05110	0.05194	0.06257	0.05101	0.04507	0.04649	0.04468	0.03761	0.02486	0.01748	0.00151	0.00552	0.00439	0.00290	0.00624
80	0.06562	0.29476	0.23050	0.02052	0.04006	0.05816	0.05111	0.02691	0.02510	0.06578	0.03304	0.01062	0.00796	0.00462	0.00401	0.00129	0.00568	0.00351	0.00263	0.04813
81	0.01054	0.18987	0.29737	0.00997	0.01432	0.03962	0.02163	0.04704	0.02423	0.03463	0.09158	0.04060	0.06934	0.01938	0.01911	0.00153	0.00542	0.00477	0.00296	0.05608
82	0.02755	0.07691	0.40098	0.01120	0.02534	0.03088	0.01223	0.09751	0.02342	0.08323	0.02552	0.05896	0.05167	0.00741	0.04486	0.00180	0.00611	0.00473	0.00307	0.00662
83	0.02652	0.19391	0.27980	0.02234	0.02688	0.03753	0.04749	0.15337	0.04096	0.02918	0.05440	0.01175	0.00918	0.00499	0.00432	0.00136	0.00574	0.00390	0.00295	0.04341
84	0.07518	0.19087	0.28102	0.01080	0.03946	0.05144	0.01099	0.07258	0.01146	0.11031	0.03497	0.01214	0.02718	0.00599	0.02906	0.00156	0.00579	0.00381	0.00299	0.02242
85	0.02953	0.08076	0.41790	0.01334	0.07309	0.03401	0.06464	0.02985	0.07447	0.03996	0.03446	0.02485	0.00905	0.01855	0.02123	0.00164	0.00627	0.00421	0.00268	0.01950
86	0.03306	0.11965	0.35998	0.01231	0.07019	0.05663	0.01232	0.06030	0.07852	0.06335	0.03499	0.03325	0.02175	0.01770	0.00476	0.00149	0.00580	0.00426	0.00294	0.00675
87	0.07019	0.09590	0.31707	0.01247	0.06856	0.09562	0.03803	0.07131	0.04643	0.04831	0.05260	0.02877	0.00974	0.01914	0.00478	0.00149	0.00597	0.00418	0.00289	0.00657
88	0.08685	0.09941	0.31731	0.01221	0.07623	0.02507	0.04657	0.03639	0.04198	0.06770	0.04241	0.04441	0.03329	0.00544	0.00444	0.00143	0.00550	0.00443	0.00293	0.04602
89	0.05727	0.06188	0.27652	0.01236	0.08215	0.07102	0.02240	0.09179	0.07121	0.04346	0.06016	0.03090	0.02280	0.00550	0.00469	0.00143	0.01902	0.00436	0.00310	0.05800
90	0.07992	0.13462	0.15046	0.04879	0.05158	0.12347	0.03117	0.08388	0.03281	0.06457	0.03600	0.01590	0.11563	0.00591	0.00444	0.00141	0.00547	0.00460	0.00317	0.00618
91	0.08075	0.20998	0.21181	0.01238	0.09639	0.07856	0.04605	0.04732	0.04921	0.02760	0.02740	0.02780	0.05484	0.00531	0.00426	0.00138	0.00563	0.00418	0.00276	0.00639
92	0.04017	0.11212	0.22175	0.01357	0.15296	0.03885	0.02103	0.09420	0.06022	0.02991	0.03966	0.04945	0.05248	0.00570	0.00452	0.00141	0.00532	0.00468	0.00305	0.04896
93	0.03872	0.16634	0.20718	0.04500	0.16026	0.06155	0.01150	0.03540	0.05064	0.08809	0.02598	0.01219	0.00858	0.00490	0.00430	0.00136	0.00560	0.01737	0.00287	0.05217

[dist]
# distance from previous block
# <min> <max>
4	130

[block]
# block no. 7 follows, 53 sequences, length 33
# corresponding to MSA columns:
# 451-483
name=unknown_H
#
# <colnr> <probs for GDERKNQSTAVLIFYWHMCP>
#	G	D	E	R	K	N	Q	S	T	A	V	L	I	F	Y	W	H	M	C	P
0	0.04003	0.16412	0.11631	0.01224	0.08411	0.07057	0.06377	0.10674	0.12006	0.07862	0.02982	0.02480	0.00951	0.00517	0.00438	0.00136	0.00538	0.00419	0.00332	0.05548
1	0.08522	0.05812	0.17233	0.01411	0.16509	0.05653	0.03320	0.11624	0.04699	0.12725	0.01101	0.02872	0.00836	0.00506	0.00445	0.00141	0.00545	0.00411	0.00332	0.05305
2	0.04039	0.13295	0.14244	0.01266	0.07933	0.13013	0.07851	0.08344	0.08132	0.11002	0.02450	0.01264	0.02719	0.00515	0.00447	0.00139	0.00584	0.00415	0.00326	0.02022
3	0.04139	0.11101	0.13179	0.02357	0.09874	0.05414	0.04320	0.13402	0.06266	0.06013	0.06619	0.01476	0.04537	0.01676	0.01685	0.00151	0.00531	0.00451	0.00336	0.06475
4	0.02677	0.13985	0.24951	0.01183	0.04387	0.07777	0.03294	0.16466	0.08357	0.06851	0.01040	0.01106	0.00774	0.00492	0.00436	0.00137	0.00582	0.00378	0.00317	0.04810
5	0.04198	0.15901	0.10381	0.01106	0.04937	0.16765	0.03538	0.10642	0.03699	0.03511	0.03484	0.02471	0.04676	0.02869	0.00532	0.00143	0.03896	0.00421	0.00302	0.06530
6	0.03128	0.13457	0.14502	0.01300	0.11077	0.04374	0.06722	0.14595	0.05938	0.05050	0.07993	0.02791	0.03998	0.00577	0.00487	0.00144	0.02390	0.00475	0.00334	0.00667
7	0.01214	0.16715	0.21346	0.01236	0.10411	0.08998	0.01079	0.09283	0.01176	0.05078	0.01307	0.03774	0.07055	0.03145	0.00533	0.00150	0.02461	0.02228	0.00292	0.02519
8	0.01203	0.22801	0.12813	0.01954	0.03756	0.05118	0.02798	0.07435	0.12123	0.05769	0.01303	0.04642	0.03685	0.08542	0.00623	0.00167	0.00514	0.00465	0.00318	0.03972
9	0.01290	0.29311	0.16882	0.01382	0.16077	0.04963	0.02869	0.06263	0.02282	0.07951	0.01016	0.02786	0.02150	0.00499	0.00443	0.00134	0.02362	0.00388	0.00275	0.00676
10	0.02943	0.13239	0.24059	0.03051	0.06253	0.05722	0.05531	0.06138	0.01123	0.03340	0.06490	0.08003	0.07017	0.02691	0.00539	0.00155	0.02272	0.00532	0.00298	0.00606
11	0.05320	0.21737	0.22347	0.01008	0.01411	0.04766	0.02920	0.05081	0.12533	0.03772	0.02542	0.07980	0.03579	0.00668	0.02216	0.00157	0.00541	0.00477	0.00309	0.00635
12	0.03279	0.08596	0.11792	0.00789	0.01032	0.06463	0.00705	0.03089	0.01070	0.05873	0.04966	0.19850	0.20281	0.06469	0.00640	0.00179	0.00424	0.03626	0.00372	0.00504
13	0.01254	0.16634	0.10343	0.00974	0.01301	0.05438	0.02102	0.19783	0.02979	0.04133	0.01171	0.03701	0.03133	0.05704	0.08733	0.00219	0.05371	0.00445	0.00320	0.06263
14	0.03417	0.23874	0.41766	0.01244	0.05051	0.02465	0.05511	0.01481	0.03217	0.01427	0.00912	0.04439	0.00752	0.00486	0.00422	0.00138	0.00613	0.00385	0.00229	0.02170
15	0.00864	0.12451	0.05758	0.00699	0.00901	0.00774	0.00587	0.05161	0.04378	0.02945	0.26741	0.08806	0.14848	0.12123	0.00770	0.00191	0.00360	0.00741	0.00406	0.00493
16	0.03859	0.28627	0.14452	0.01031	0.03886	0.01367	0.00958	0.07357	0.18663	0.05158	0.02451	0.03063	0.00982	0.00628	0.02674	0.00156	0.03287	0.00411	0.00321	0.00670
17	0.00976	0.07282	0.32165	0.01114	0.06492	0.02428	0.01103	0.03394	0.01096	0.05149	0.08430	0.04443	0.17963	0.00717	0.00546	0.00153	0.05055	0.00574	0.00317	0.00603
18	0.03164	0.09394	0.04897	0.00945	0.01187	0.17892	0.03148	0.13660	0.03451	0.01560	0.01621	0.25274	0.04805	0.03101	0.00545	0.00161	0.00513	0.01907	0.00356	0.02421
19	0.30747	0.05752	0.01032	0.00851	0.01112	0.16209	0.00672	0.08371	0.12616	0.03609	0.02681	0.10478	0.02776	0.00642	0.00416	0.00148	0.00471	0.00481	0.00356	0.00579
20	0.09977	0.03867	0.04859	0.03159	0.09158	0.08546	0.04543	0.34036	0.08002	0.07567	0.01112	0.01165	0.00815	0.00526	0.00454	0.00144	0.00548	0.00412	0.00386	0.00725
21	0.06438	0.01400	0.01120	0.00953	0.01228	0.28882	0.00745	0.23059	0.01501	0.04984	0.05615	0.01497	0.07151	0.00597	0.00443	0.00132	0.00554	0.00442	0.08206	0.05052
22	0.00789	0.03073	0.07903	0.00667	0.00893	0.00619	0.00580	0.06132	0.03137	0.03816	0.20763	0.05482	0.42360	0.01001	0.00538	0.00156	0.00316	0.00840	0.00441	0.00495
23	0.01029	0.00872	0.01012	0.00726	0.01149	0.00676	0.00582	0.04796	0.01049	0.01625	0.00863	0.00998	0.00713	0.00364	0.00360	0.00074	0.00362	0.00290	0.00292	0.82165
24	0.01817	0.01339	0.01434	0.01100	0.01482	0.01482	0.00908	0.78627	0.02247	0.03012	0.01148	0.01148	0.00813	0.00574	0.00478	0.00143	0.00526	0.00430	0.00478	0.00813
25	0.00695	0.00463	0.00521	0.00521	0.00521	0.00463	0.00290	0.00695	0.00695	0.00927	0.01506	0.03128	0.01738	0.83203	0.02433	0.00463	0.00463	0.00695	0.00290	0.00290
26	0.00858	0.00462	0.00475	0.00474	0.00589	0.00458	0.00354	0.01097	0.02812	0.01747	0.05575	0.04322	0.06380	0.00647	0.00371	0.00120	0.00229	0.00529	0.72051	0.00449
27	0.00582	0.00418	0.00552	0.00660	0.00692	0.00389	0.00441	0.00666	0.00921	0.01222	0.02704	0.80411	0.05595	0.01488	0.00609	0.00193	0.00276	0.01348	0.00444	0.00389
28	0.00582	0.00416	0.00555	0.00666	0.00693	0.00388	0.00444	0.00666	0.00915	0.01220	0.02634	0.82891	0.03161	0.01497	0.00610	0.00194	0.00277	0.01359	0.00444	0.00388
29	0.01258	0.78484	0.07338	0.00851	0.01279	0.01843	0.00876	0.01436	0.00974	0.01149	0.00676	0.00782	0.00613	0.00412	0.00316	0.00105	0.00523	0.00262	0.00204	0.00619
30	0.00813	0.00683	0.00713	0.00664	0.00864	0.00688	0.00510	0.04678	0.24436	0.01618	0.08697	0.03543	0.48272	0.01000	0.00538	0.00160	0.00294	0.00835	0.00463	0.00530
31	0.01140	0.01247	0.03965	0.03754	0.05556	0.04910	0.43156	0.04126	0.01080	0.01484	0.00897	0.01223	0.00723	0.02231	0.00736	0.00164	0.14495	0.00485	0.00248	0.08378
32	0.58577	0.07471	0.08565	0.00854	0.03422	0.01138	0.03346	0.01522	0.05252	0.04932	0.00818	0.00915	0.00625	0.00457	0.00343	0.00146	0.00435	0.00307	0.00298	0.00579

[dist]
# distance from previous block
# <min> <max>
0	7

[block]
# block no. 8 follows, 53 sequences, length 11
# corresponding to MSA columns:
# 491-501
name=unknown_I
#
# <colnr> <probs for GDERKNQSTAVLIFYWHMCP>
#	G	D	E	R	K	N	Q	S	T	A	V	L	I	F	Y	W	H	M	C	P
0	0.01617	0.02853	0.01287	0.01000	0.01331	0.07401	0.00815	0.55322	0.03656	0.04508	0.04474	0.01537	0.07256	0.00632	0.00476	0.00142	0.00499	0.00484	0.03984	0.00726
1	0.03234	0.00918	0.01063	0.05035	0.06174	0.01021	0.00763	0.07184	0.44647	0.03469	0.14177	0.05341	0.03485	0.00714	0.00499	0.00158	0.00382	0.00607	0.00458	0.00673
2	0.00891	0.00445	0.00445	0.00445	0.00557	0.00445	0.00334	0.01114	0.01002	0.01782	0.01559	0.01782	0.01225	0.00557	0.00334	0.00111	0.00223	0.00445	0.85856	0.00445
3	0.01092	0.00925	0.00983	0.00886	0.01133	0.01040	0.00688	0.05016	0.60146	0.01944	0.09081	0.02258	0.11255	0.00743	0.00502	0.00160	0.00354	0.00622	0.00484	0.00689
4	0.00670	0.00446	0.00594	0.00664	0.00721	0.00413	0.00457	0.00780	0.01004	0.05020	0.14614	0.66785	0.03279	0.01374	0.00597	0.00185	0.00275	0.01241	0.00463	0.00418
5	0.00684	0.00508	0.00749	0.00749	0.00828	0.00587	0.00574	0.00841	0.00762	0.01095	0.01298	0.01975	0.01237	0.09771	0.75180	0.00744	0.01217	0.00526	0.00259	0.00416
6	0.00574	0.00485	0.00497	0.00494	0.00651	0.00407	0.00370	0.00704	0.01111	0.01343	0.11105	0.04514	0.73731	0.01191	0.00565	0.00160	0.00241	0.00997	0.00451	0.00407
7	0.00683	0.00512	0.00768	0.00768	0.00853	0.00597	0.00597	0.00853	0.00768	0.01110	0.01280	0.01878	0.01195	0.03585	0.81308	0.00768	0.01280	0.00512	0.00256	0.00427
8	0.01118	0.00899	0.00984	0.00904	0.01139	0.00999	0.00711	0.09134	0.48264	0.03718	0.02235	0.09354	0.08186	0.00836	0.00522	0.00169	0.00380	0.09304	0.00476	0.00666
9	0.00716	0.00555	0.00817	0.00796	0.00871	0.00626	0.03366	0.00860	0.00816	0.01169	0.01549	0.20030	0.01615	0.08583	0.44372	0.00520	0.07469	0.00707	0.04138	0.00424
10	0.02558	0.08247	0.00789	0.00622	0.00775	0.00609	0.00484	0.02475	0.01161	0.03061	0.31527	0.12629	0.23709	0.04934	0.00630	0.00172	0.00296	0.04424	0.00445	0.00454

[dist]
# distance from previous block
# <min> <max>
0	2

[block]
# block no. 9 follows, 53 sequences, length 13
# corresponding to MSA columns:
# 504-516
name=unknown_J
#
# <colnr> <probs for GDERKNQSTAVLIFYWHMCP>
#	G	D	E	R	K	N	Q	S	T	A	V	L	I	F	Y	W	H	M	C	P
0	0.06324	0.29348	0.06032	0.01175	0.09629	0.12505	0.00937	0.12443	0.05824	0.06244	0.00937	0.01025	0.00744	0.00491	0.00434	0.00130	0.03175	0.00349	0.01591	0.00663
1	0.43145	0.08676	0.03517	0.01004	0.01339	0.18839	0.11856	0.01567	0.01014	0.04083	0.00767	0.00900	0.00600	0.00450	0.00375	0.00140	0.00564	0.00322	0.00275	0.00566
2	0.01058	0.19266	0.61316	0.01244	0.01870	0.04493	0.01535	0.01512	0.01015	0.01419	0.00813	0.00953	0.00608	0.00446	0.00423	0.00140	0.00672	0.00331	0.00204	0.00681
3	0.00647	0.00487	0.00598	0.00570	0.00696	0.00438	0.00428	0.00845	0.01283	0.01751	0.60108	0.03842	0.24474	0.01039	0.00564	0.00153	0.00230	0.00903	0.00504	0.00438
4	0.01201	0.01207	0.01712	0.02440	0.60726	0.11401	0.01278	0.01458	0.01154	0.01553	0.10157	0.01422	0.01179	0.00499	0.00478	0.00141	0.00566	0.00462	0.00272	0.00695
5	0.00662	0.00488	0.00619	0.00586	0.00705	0.00445	0.00440	0.00874	0.01319	0.01836	0.70271	0.03703	0.14258	0.01007	0.00564	0.00152	0.00228	0.00883	0.00516	0.00445
6	0.01331	0.74944	0.02384	0.00861	0.01253	0.10246	0.00829	0.01481	0.01012	0.01129	0.00672	0.00777	0.00614	0.00418	0.00320	0.00104	0.00548	0.00261	0.00209	0.00607
7	0.01257	0.11891	0.01927	0.05104	0.58214	0.10636	0.01315	0.01506	0.01100	0.01448	0.00848	0.01095	0.00718	0.00433	0.00447	0.00135	0.00597	0.00390	0.00233	0.00707
8	0.00641	0.00487	0.00589	0.00564	0.00692	0.00436	0.00423	0.00833	0.01269	0.01716	0.55895	0.03900	0.28709	0.01052	0.00564	0.00154	0.00231	0.00911	0.00500	0.00436
9	0.01073	0.01086	0.10563	0.01082	0.02796	0.00955	0.10846	0.15826	0.14353	0.01964	0.22521	0.04369	0.05000	0.00742	0.00527	0.00158	0.00458	0.04634	0.00421	0.00626
10	0.00674	0.00495	0.00665	0.00665	0.00734	0.00537	0.00482	0.00789	0.00780	0.01075	0.01722	0.02533	0.09650	0.26841	0.49525	0.00614	0.00930	0.00618	0.00286	0.00384
11	0.01138	0.01239	0.07039	0.10553	0.29445	0.07743	0.08180	0.01523	0.08821	0.01493	0.01009	0.03308	0.00837	0.00507	0.00543	0.00145	0.06109	0.00443	0.00266	0.09660
12	0.01146	0.01098	0.01873	0.13402	0.70043	0.01126	0.01448	0.01434	0.01071	0.01516	0.00892	0.01195	0.00741	0.00433	0.00474	0.00144	0.00577	0.00426	0.00233	0.00727

[dist]
# distance from previous block
# <min> <max>
0	7

# created by:
# /st0/software/busco_prod/Augustus/scripts/msa2prfl.pl ./align_prep/33542.fa
