[name]
unknown

[dist]
# distance from previous block
# <min> <max>
0	807

[block]
# block no. 0 follows, 75 sequences, length 22
# corresponding to MSA columns:
# 858-879
name=unknown_A
#
# <colnr> <probs for GDERKNQSTAVLIFYWHMCP>
#	G	D	E	R	K	N	Q	S	T	A	V	L	I	F	Y	W	H	M	C	P
0	0.00833	0.00765	0.00843	0.01979	0.00940	0.13251	0.07382	0.07444	0.14497	0.02082	0.12734	0.09778	0.02699	0.02807	0.00453	0.00134	0.00372	0.18462	0.00314	0.02230
1	0.01258	0.19365	0.01194	0.02496	0.01067	0.18410	0.00653	0.29871	0.05793	0.11648	0.04172	0.00923	0.00733	0.00417	0.00335	0.00102	0.00430	0.00305	0.00295	0.00534
2	0.00509	0.00464	0.05028	0.00436	0.00581	0.00352	0.00358	0.00630	0.00860	0.04402	0.12528	0.06522	0.64289	0.00868	0.00428	0.00123	0.00210	0.00730	0.00343	0.00339
3	0.00807	0.00824	0.01578	0.28680	0.22017	0.00852	0.32813	0.01066	0.00816	0.01102	0.00767	0.01139	0.00626	0.00371	0.00400	0.00122	0.00518	0.04836	0.00186	0.00480
4	0.05943	0.54523	0.01559	0.00725	0.00993	0.29032	0.00643	0.01219	0.00836	0.00918	0.00529	0.00614	0.00468	0.00337	0.00267	0.00086	0.00475	0.00210	0.00171	0.00452
5	0.00650	0.00605	0.00978	0.71691	0.02186	0.00730	0.00895	0.00869	0.00752	0.00947	0.01172	0.01411	0.14725	0.00462	0.00379	0.00123	0.00438	0.00402	0.00193	0.00391
6	0.00952	0.10724	0.00973	0.00740	0.00965	0.00990	0.00594	0.07116	0.69264	0.01509	0.01342	0.01249	0.01015	0.00473	0.00357	0.00118	0.00310	0.00385	0.00348	0.00572
7	0.00819	0.10547	0.00913	0.00671	0.00839	0.02060	0.07344	0.10950	0.09794	0.06588	0.08005	0.18339	0.08628	0.10122	0.01508	0.00151	0.01428	0.00561	0.00307	0.00425
8	0.00737	0.01900	0.85189	0.01047	0.01590	0.00853	0.01357	0.01163	0.00775	0.01163	0.00659	0.00775	0.00465	0.00349	0.00349	0.00116	0.00543	0.00271	0.00155	0.00543
9	0.00524	0.00352	0.00404	0.00413	0.00416	0.00349	0.00236	0.00532	0.00553	0.00738	0.01257	0.12085	0.01461	0.77239	0.01709	0.00332	0.00340	0.00593	0.00236	0.00231
10	0.00845	0.00921	0.01899	0.09946	0.13433	0.00903	0.59557	0.01123	0.00836	0.01142	0.00744	0.02715	0.00590	0.00346	0.00443	0.00123	0.03338	0.00417	0.00185	0.00492
11	0.00910	0.00878	0.01636	0.19988	0.17462	0.00902	0.37417	0.07964	0.00902	0.04556	0.00745	0.00969	0.00564	0.00352	0.00421	0.00120	0.03126	0.00376	0.00205	0.00506
12	0.00928	0.00581	0.00644	0.04724	0.00781	0.00607	0.00444	0.24650	0.01060	0.08069	0.01387	0.01504	0.10444	0.05110	0.00409	0.00115	0.00276	0.00400	0.37427	0.00439
13	0.02483	0.00394	0.00485	0.00453	0.00559	0.00361	0.00343	0.00742	0.00987	0.05854	0.61653	0.02674	0.15820	0.00738	0.00417	0.00115	0.00185	0.00640	0.04740	0.00357
14	0.11239	0.00741	0.00846	0.00732	0.02253	0.05754	0.04954	0.13624	0.11158	0.19686	0.03523	0.12330	0.04281	0.02272	0.00420	0.00126	0.01795	0.03437	0.00337	0.00491
15	0.01041	0.10711	0.01029	0.00743	0.00976	0.02646	0.04589	0.23667	0.24535	0.08604	0.05944	0.07676	0.05174	0.00530	0.00371	0.00115	0.00341	0.00439	0.00339	0.00529
16	0.00679	0.00546	0.00788	0.00684	0.00790	0.00584	0.10053	0.10194	0.00772	0.01059	0.02539	0.08034	0.05211	0.24435	0.22769	0.00309	0.06163	0.02520	0.01516	0.00356
17	0.01084	0.11417	0.13295	0.02288	0.11914	0.15022	0.00811	0.17927	0.13480	0.04984	0.03678	0.00952	0.00733	0.00406	0.00346	0.00107	0.00442	0.00316	0.00261	0.00537
18	0.00848	0.00829	0.01466	0.24184	0.53730	0.00864	0.10539	0.01083	0.00813	0.01129	0.00687	0.00937	0.00555	0.00336	0.00373	0.00114	0.00471	0.00339	0.00177	0.00526
19	0.10888	0.00651	0.00916	0.19615	0.06755	0.03593	0.10503	0.04164	0.00811	0.01137	0.02907	0.17412	0.16604	0.00620	0.00403	0.00125	0.01701	0.00545	0.00254	0.00398
20	0.01094	0.01251	0.02229	0.06511	0.10758	0.43560	0.03696	0.07663	0.00981	0.01079	0.03088	0.08669	0.01705	0.00514	0.01919	0.00118	0.04135	0.00365	0.00220	0.00444
21	0.06236	0.00928	0.01182	0.07457	0.35320	0.14732	0.04666	0.04717	0.00867	0.04021	0.00835	0.10716	0.00764	0.00461	0.00415	0.00116	0.05465	0.00393	0.00219	0.00489

[dist]
# distance from previous block
# <min> <max>
6	39

[block]
# block no. 1 follows, 75 sequences, length 40
# corresponding to MSA columns:
# 919-958
name=unknown_B
#
# <colnr> <probs for GDERKNQSTAVLIFYWHMCP>
#	G	D	E	R	K	N	Q	S	T	A	V	L	I	F	Y	W	H	M	C	P
0	0.06505	0.11330	0.01180	0.01770	0.08193	0.11429	0.09758	0.10823	0.11989	0.05828	0.02966	0.02323	0.01301	0.00402	0.00346	0.00772	0.00407	0.00327	0.00258	0.12095
1	0.15393	0.00793	0.00991	0.11055	0.12269	0.04907	0.06132	0.08778	0.05718	0.05512	0.02214	0.02453	0.02440	0.00385	0.00331	0.00102	0.00375	0.00320	0.00247	0.19586
2	0.09991	0.00689	0.00785	0.00705	0.04046	0.04148	0.00536	0.05740	0.07895	0.08954	0.09399	0.07077	0.05223	0.00590	0.02454	0.00123	0.11855	0.01752	0.00286	0.17754
3	0.06958	0.01987	0.01138	0.07961	0.23109	0.09414	0.07917	0.06880	0.04114	0.04575	0.00852	0.04444	0.02434	0.00391	0.00346	0.00103	0.00412	0.00341	0.00232	0.16391
4	0.00840	0.00753	0.01206	0.09674	0.50790	0.00772	0.01726	0.04308	0.04922	0.02353	0.13128	0.01381	0.02294	0.00444	0.00382	0.00115	0.00387	0.03763	0.00241	0.00518
5	0.06323	0.04554	0.01083	0.00810	0.01093	0.02459	0.00670	0.68002	0.07896	0.02136	0.00887	0.00887	0.00641	0.00433	0.00354	0.00110	0.00392	0.00323	0.00349	0.00599
6	0.00848	0.06845	0.49772	0.02247	0.04923	0.00905	0.15924	0.04969	0.00839	0.04638	0.00710	0.00846	0.00521	0.00394	0.01761	0.00124	0.02710	0.00309	0.00185	0.00530
7	0.00534	0.00357	0.00404	0.00403	0.00407	0.00356	0.00228	0.00541	0.00555	0.00743	0.04591	0.02417	0.01423	0.83540	0.01810	0.00346	0.00349	0.00539	0.00230	0.00228
8	0.04143	0.00962	0.01520	0.01130	0.01441	0.02887	0.37826	0.27546	0.06996	0.08606	0.00882	0.00980	0.00639	0.00387	0.00410	0.00118	0.02322	0.00379	0.00280	0.00547
9	0.00784	0.00817	0.04258	0.22301	0.15336	0.00805	0.29916	0.03889	0.01535	0.01128	0.01943	0.10465	0.01618	0.02134	0.00440	0.00128	0.01379	0.00455	0.00208	0.00463
10	0.00919	0.02665	0.03399	0.23589	0.27465	0.04449	0.19736	0.11034	0.00929	0.01241	0.00706	0.00923	0.00548	0.00350	0.00377	0.00115	0.00499	0.00344	0.00199	0.00513
11	0.01648	0.00625	0.00852	0.00653	0.00938	0.00540	0.00540	0.01790	0.01051	0.85056	0.01449	0.01250	0.00909	0.00455	0.00369	0.00114	0.00313	0.00369	0.00455	0.00625
12	0.09755	0.00970	0.01082	0.00833	0.01117	0.01065	0.05199	0.67794	0.01546	0.02154	0.04262	0.00937	0.00715	0.00437	0.00360	0.00112	0.00395	0.00337	0.00346	0.00584
13	0.07586	0.01766	0.06855	0.04249	0.03314	0.01571	0.09040	0.03111	0.02610	0.09042	0.09007	0.23397	0.09922	0.00767	0.03927	0.00146	0.02392	0.00590	0.00295	0.00414
14	0.00448	0.00373	0.00392	0.00387	0.00505	0.00316	0.00290	0.00554	0.00870	0.01071	0.16973	0.03405	0.71351	0.00901	0.00434	0.00123	0.00184	0.00757	0.00351	0.00316
15	0.01618	0.00673	0.00882	0.00676	0.00962	0.00611	0.00559	0.11558	0.01132	0.75174	0.01381	0.01206	0.00875	0.00453	0.00369	0.00113	0.00323	0.00365	0.00444	0.00625
16	0.11614	0.00835	0.01212	0.05456	0.41969	0.02733	0.00903	0.02278	0.02598	0.04789	0.00667	0.00868	0.00555	0.00420	0.00553	0.00123	0.21408	0.00312	0.00200	0.00507
17	0.00863	0.41004	0.44215	0.00852	0.01276	0.02812	0.01003	0.01136	0.00764	0.01017	0.00587	0.00688	0.00468	0.00338	0.00309	0.00099	0.01670	0.00237	0.00157	0.00506
18	0.00550	0.00451	0.00460	0.00429	0.00574	0.00410	0.00330	0.10530	0.00944	0.01151	0.03379	0.03215	0.74532	0.00871	0.00426	0.00122	0.00212	0.00722	0.00344	0.00348
19	0.01259	0.00726	0.00823	0.00661	0.00899	0.04141	0.00535	0.24577	0.02831	0.35792	0.10331	0.01609	0.13073	0.00548	0.00383	0.00114	0.00320	0.00443	0.00396	0.00542
20	0.02195	0.07470	0.04833	0.16988	0.02433	0.08016	0.06295	0.12682	0.00912	0.12692	0.00740	0.00891	0.00565	0.00447	0.00558	0.00123	0.21121	0.00317	0.00235	0.00487
21	0.00833	0.11071	0.00853	0.00637	0.00823	0.00779	0.00509	0.02364	0.42496	0.05470	0.23928	0.03418	0.04162	0.00568	0.00377	0.00116	0.00269	0.00476	0.00358	0.00493
22	0.11811	0.00716	0.00793	0.00684	0.00910	0.00770	0.00547	0.04833	0.41854	0.25514	0.01370	0.03218	0.01024	0.00500	0.00362	0.00122	0.00301	0.03735	0.00377	0.00557
23	0.12189	0.04124	0.20062	0.01055	0.03280	0.03882	0.26364	0.02574	0.11713	0.07989	0.01786	0.00988	0.00664	0.00376	0.00363	0.00117	0.00470	0.01254	0.00236	0.00512
24	0.00681	0.00476	0.00650	0.00671	0.04138	0.00466	0.03137	0.09599	0.00901	0.06557	0.11708	0.47579	0.02096	0.00908	0.00446	0.00138	0.00270	0.08851	0.00347	0.00382
25	0.00592	0.00356	0.00477	0.00529	0.00581	0.00327	0.00365	0.00665	0.00745	0.11069	0.01955	0.76543	0.02246	0.01067	0.00457	0.00145	0.00225	0.00963	0.00355	0.00338
26	0.17814	0.00847	0.01095	0.14567	0.01333	0.00954	0.10299	0.30752	0.01993	0.05856	0.00776	0.02367	0.00590	0.00428	0.00431	0.00120	0.08672	0.00331	0.00271	0.00504
27	0.00863	0.00971	0.11526	0.11858	0.65226	0.00864	0.01142	0.01110	0.00817	0.01165	0.00683	0.00901	0.00557	0.00334	0.00362	0.00111	0.00455	0.00320	0.00176	0.00557
28	0.00592	0.00356	0.00477	0.00529	0.00581	0.00327	0.00365	0.00665	0.00745	0.11069	0.01955	0.76543	0.02246	0.01067	0.00457	0.00145	0.00225	0.00963	0.00355	0.00338
29	0.05083	0.00631	0.00796	0.00627	0.00882	0.00586	0.00513	0.07628	0.04390	0.62166	0.01341	0.01216	0.00880	0.00447	0.00350	0.00110	0.00300	0.00358	0.11116	0.00580
30	0.00748	0.00669	0.01804	0.00887	0.01074	0.00611	0.25131	0.00942	0.05498	0.02549	0.16106	0.20216	0.17632	0.00791	0.00484	0.00149	0.00374	0.03540	0.00342	0.00450
31	0.00592	0.00359	0.00475	0.00523	0.00580	0.00328	0.00362	0.00666	0.00750	0.11071	0.02023	0.73199	0.05546	0.01058	0.00455	0.00144	0.00224	0.00952	0.00355	0.00338
32	0.12082	0.00620	0.00761	0.00605	0.00856	0.00580	0.00495	0.04932	0.02887	0.58521	0.03217	0.01292	0.04266	0.00465	0.00348	0.00112	0.00294	0.00369	0.06740	0.00558
33	0.00869	0.00981	0.11563	0.06444	0.65255	0.00861	0.04681	0.01117	0.00825	0.01179	0.00712	0.00964	0.00592	0.00345	0.00368	0.00112	0.00458	0.01936	0.00181	0.00559
34	0.00775	0.04214	0.01254	0.53876	0.12401	0.00871	0.08957	0.01113	0.10805	0.01063	0.00762	0.01003	0.00583	0.00370	0.00369	0.00119	0.00468	0.00342	0.00193	0.00461
35	0.00896	0.01008	0.11537	0.02026	0.69981	0.02317	0.01126	0.01170	0.04182	0.01204	0.00717	0.00907	0.00588	0.00338	0.00362	0.00110	0.00447	0.00323	0.00186	0.00574
36	0.00810	0.00732	0.01009	0.00738	0.01059	0.00621	0.14188	0.03000	0.09423	0.01255	0.00760	0.00865	0.00608	0.00306	0.00311	0.00074	0.00334	0.00276	0.00232	0.63398
37	0.00496	0.00374	0.00483	0.03962	0.00659	0.00357	0.00415	0.00599	0.00768	0.00984	0.02326	0.37930	0.22227	0.04500	0.00523	0.00156	0.00256	0.22345	0.00328	0.00313
38	0.00521	0.00355	0.00415	0.00421	0.00437	0.00348	0.00254	0.00553	0.00626	0.00845	0.12543	0.12015	0.03114	0.64326	0.01494	0.00296	0.00312	0.00613	0.00262	0.00249
39	0.06822	0.31431	0.01293	0.00780	0.01019	0.38952	0.00646	0.02985	0.10933	0.01039	0.00662	0.00722	0.00549	0.00369	0.00297	0.00094	0.00494	0.00243	0.00206	0.00463

[dist]
# distance from previous block
# <min> <max>
0	1

[block]
# block no. 2 follows, 75 sequences, length 32
# corresponding to MSA columns:
# 960-991
name=unknown_C
#
# <colnr> <probs for GDERKNQSTAVLIFYWHMCP>
#	G	D	E	R	K	N	Q	S	T	A	V	L	I	F	Y	W	H	M	C	P
0	0.00966	0.78926	0.06403	0.00656	0.00978	0.01397	0.00666	0.01140	0.04357	0.00909	0.00561	0.00633	0.00499	0.00324	0.00248	0.00083	0.00397	0.00210	0.00166	0.00480
1	0.01063	0.01187	0.01222	0.19493	0.22735	0.35036	0.05374	0.03874	0.04533	0.01071	0.00677	0.00848	0.00542	0.00366	0.00356	0.00108	0.00541	0.00300	0.00195	0.00478
2	0.00778	0.00664	0.00787	0.04261	0.00951	0.00524	0.00469	0.03487	0.00790	0.01220	0.00660	0.00775	0.00544	0.00281	0.00279	0.00059	0.00286	0.00226	0.00220	0.82739
3	0.00632	0.00530	0.00733	0.00624	0.00777	0.00516	0.10134	0.04467	0.11932	0.01379	0.42694	0.02448	0.20275	0.00691	0.00423	0.00119	0.00254	0.00614	0.00359	0.00399
4	0.00786	0.19237	0.68289	0.00962	0.01458	0.00975	0.01209	0.01150	0.00770	0.01102	0.00629	0.00738	0.00466	0.00342	0.00326	0.00109	0.00512	0.00256	0.00155	0.00528
5	0.00451	0.00378	0.00396	0.00405	0.00525	0.00322	0.00313	0.00552	0.00838	0.01004	0.03528	0.03601	0.75687	0.00939	0.00442	0.00129	0.00203	0.09633	0.00341	0.00313
6	0.14295	0.00691	0.00800	0.00653	0.00892	0.04455	0.03078	0.06577	0.05363	0.42068	0.05507	0.01489	0.08416	0.00509	0.00363	0.00117	0.00321	0.03508	0.00374	0.00524
7	0.00758	0.01760	0.72944	0.01159	0.06143	0.00861	0.08956	0.01162	0.00787	0.01166	0.00669	0.00803	0.00480	0.00344	0.00358	0.00117	0.00544	0.00289	0.00159	0.00541
8	0.00461	0.00329	0.00442	0.00527	0.00554	0.00310	0.00365	0.00535	0.00717	0.00953	0.02017	0.79053	0.02399	0.01138	0.00472	0.00151	0.00225	0.08709	0.00341	0.00302
9	0.01033	0.00848	0.00898	0.00772	0.01000	0.00969	0.00610	0.22119	0.63776	0.01729	0.01343	0.01250	0.00998	0.00484	0.00372	0.00121	0.00319	0.00394	0.00372	0.00592
10	0.00568	0.00440	0.00563	0.00554	0.00597	0.02807	0.00403	0.00649	0.00587	0.00811	0.01031	0.01796	0.01061	0.32746	0.46763	0.00460	0.05261	0.02399	0.00207	0.00297
11	0.00490	0.00358	0.00460	0.00468	0.00539	0.00329	0.00338	0.00623	0.00919	0.01266	0.52088	0.28166	0.10814	0.00888	0.00444	0.00126	0.00186	0.00789	0.00379	0.00329
12	0.00437	0.00372	0.00377	0.00376	0.00498	0.00311	0.00282	0.00533	0.00845	0.01011	0.06823	0.03504	0.81539	0.00923	0.00434	0.00124	0.00186	0.00771	0.00343	0.00311
13	0.00899	0.00863	0.01474	0.05977	0.81153	0.00870	0.01122	0.01119	0.00832	0.01188	0.00689	0.00912	0.00578	0.00329	0.00364	0.00110	0.00439	0.00327	0.00181	0.00574
14	0.00791	0.00840	0.01671	0.36838	0.02126	0.00892	0.44943	0.01063	0.00796	0.01063	0.00692	0.00977	0.00525	0.00350	0.00444	0.00125	0.04851	0.00383	0.00175	0.00454
15	0.00930	0.33884	0.03812	0.08474	0.41232	0.01097	0.00921	0.03658	0.00820	0.01084	0.00624	0.00788	0.00530	0.00330	0.00315	0.00099	0.00426	0.00276	0.00176	0.00526
16	0.00441	0.00369	0.00384	0.00387	0.00502	0.00312	0.00287	0.00538	0.00843	0.01023	0.09274	0.08366	0.74155	0.00931	0.00436	0.00125	0.00187	0.00783	0.00345	0.00312
17	0.00646	0.00461	0.00591	0.00555	0.00619	0.00511	0.00404	0.08426	0.00700	0.02737	0.03936	0.01771	0.01119	0.34638	0.37033	0.00410	0.04435	0.00447	0.00234	0.00326
18	0.01075	0.00854	0.01180	0.07116	0.38142	0.04599	0.00857	0.16974	0.05604	0.12167	0.06983	0.01100	0.00861	0.00410	0.00369	0.00111	0.00401	0.00359	0.00278	0.00560
19	0.00452	0.00373	0.00397	0.00391	0.00507	0.00318	0.00293	0.00562	0.00880	0.01094	0.20781	0.03368	0.67529	0.00892	0.00434	0.00122	0.00183	0.00752	0.00354	0.00318
20	0.00810	0.01883	0.75516	0.01035	0.01537	0.10598	0.01283	0.01198	0.00806	0.01133	0.00649	0.00762	0.00466	0.00352	0.00347	0.00114	0.00557	0.00267	0.00159	0.00529
21	0.01821	0.02510	0.11125	0.11180	0.14679	0.04145	0.33829	0.05201	0.05754	0.01204	0.00741	0.00937	0.00570	0.00359	0.00423	0.00120	0.04337	0.00361	0.00198	0.00507
22	0.01167	0.01427	0.21370	0.01011	0.01345	0.25076	0.11954	0.27145	0.01170	0.03767	0.00736	0.00819	0.00542	0.00384	0.00362	0.00109	0.00537	0.00305	0.00244	0.00531
23	0.00477	0.00360	0.00449	0.00508	0.00575	0.00331	0.00381	0.00575	0.00777	0.00992	0.02518	0.42228	0.27193	0.01052	0.00467	0.00146	0.00234	0.20084	0.00340	0.00311
24	0.06589	0.00688	0.01068	0.01199	0.25670	0.00688	0.11444	0.02807	0.08021	0.05083	0.10193	0.05546	0.07127	0.00566	0.00402	0.00125	0.00362	0.11669	0.00281	0.00471
25	0.03311	0.11011	0.29684	0.00978	0.04492	0.21201	0.06152	0.07041	0.00929	0.08605	0.00743	0.02914	0.00575	0.00384	0.00341	0.00107	0.00511	0.00297	0.00214	0.00509
26	0.00447	0.00320	0.00426	0.00511	0.00533	0.00298	0.00341	0.00511	0.00703	0.00938	0.02024	0.86853	0.02429	0.01151	0.00469	0.00149	0.00213	0.01044	0.00341	0.00298
27	0.02298	0.00992	0.01553	0.03664	0.06497	0.06329	0.37360	0.26782	0.01141	0.06000	0.00839	0.03310	0.00641	0.00389	0.00395	0.00117	0.00508	0.00390	0.00261	0.00534
28	0.03668	0.02588	0.02317	0.11864	0.30169	0.02383	0.17793	0.08743	0.06898	0.02548	0.05095	0.01041	0.00749	0.00383	0.00392	0.00116	0.02143	0.00365	0.00227	0.00521
29	0.00715	0.00572	0.00807	0.02828	0.03242	0.01707	0.07144	0.05417	0.05282	0.04670	0.02010	0.17245	0.02899	0.14536	0.15979	0.00252	0.09916	0.04134	0.00262	0.00381
30	0.06211	0.00653	0.00894	0.01849	0.02484	0.00665	0.11827	0.14986	0.07556	0.07866	0.10182	0.09384	0.08063	0.02412	0.00431	0.00129	0.00335	0.09356	0.04265	0.00451
31	0.08000	0.00856	0.01139	0.17606	0.34081	0.09382	0.02091	0.05800	0.00882	0.02873	0.05765	0.01081	0.03912	0.00401	0.00367	0.00111	0.01641	0.00344	0.00219	0.03452

[dist]
# distance from previous block
# <min> <max>
0	23

[block]
# block no. 3 follows, 75 sequences, length 52
# corresponding to MSA columns:
# 1015-1066
name=unknown_D
#
# <colnr> <probs for GDERKNQSTAVLIFYWHMCP>
#	G	D	E	R	K	N	Q	S	T	A	V	L	I	F	Y	W	H	M	C	P
0	0.08397	0.02961	0.05308	0.01266	0.02699	0.07369	0.52615	0.06446	0.02613	0.01263	0.01767	0.03404	0.01372	0.00366	0.00395	0.00119	0.00542	0.00401	0.00211	0.00486
1	0.10560	0.02771	0.00626	0.00551	0.00714	0.02217	0.00428	0.01034	0.17565	0.05430	0.12553	0.14500	0.17220	0.00683	0.00383	0.00119	0.00255	0.03916	0.00330	0.08146
2	0.03909	0.09522	0.01095	0.05013	0.19484	0.14553	0.00721	0.07726	0.11971	0.08013	0.06313	0.01284	0.04166	0.00460	0.00357	0.00111	0.00403	0.04128	0.00271	0.00502
3	0.03705	0.04831	0.14862	0.01163	0.03334	0.00903	0.37294	0.08200	0.10891	0.01295	0.00915	0.06775	0.00758	0.00424	0.00404	0.00122	0.01647	0.01743	0.00231	0.00505
4	0.00751	0.00727	0.00911	0.00809	0.00836	0.06925	0.00646	0.00831	0.00598	0.00854	0.00683	0.01146	0.00688	0.13256	0.17969	0.00269	0.51198	0.00360	0.00179	0.00364
5	0.01243	0.01013	0.01039	0.00881	0.04391	0.09446	0.00684	0.55963	0.09216	0.01909	0.00931	0.03450	0.00720	0.00584	0.04956	0.00138	0.02183	0.00353	0.00329	0.00569
6	0.05734	0.00979	0.03905	0.06035	0.55873	0.08258	0.04280	0.08296	0.00914	0.01279	0.00686	0.00871	0.00557	0.00344	0.00356	0.00110	0.00458	0.00315	0.00199	0.00549
7	0.01372	0.01750	0.01041	0.00946	0.01135	0.85618	0.00710	0.01467	0.01041	0.00899	0.00568	0.00662	0.00473	0.00378	0.00331	0.00095	0.00662	0.00237	0.00189	0.00426
8	0.00515	0.00375	0.00484	0.00457	0.00546	0.00344	0.00343	0.00684	0.01028	0.01446	0.80045	0.02788	0.08045	0.00761	0.00433	0.00116	0.00174	0.00670	0.00401	0.00344
9	0.00519	0.00375	0.00496	0.00512	0.00588	0.00352	0.00394	0.00669	0.00933	0.01284	0.50094	0.18092	0.05727	0.00883	0.00455	0.00133	0.00215	0.17567	0.00377	0.00335
10	0.01019	0.01168	0.01103	0.00924	0.01130	0.38936	0.16629	0.01294	0.11949	0.01144	0.16023	0.01321	0.04806	0.00472	0.00379	0.00109	0.00496	0.00399	0.00258	0.00440
11	0.00492	0.00354	0.00462	0.00532	0.00570	0.00338	0.00370	0.03639	0.00753	0.01001	0.02005	0.76714	0.03759	0.01111	0.00467	0.00149	0.00228	0.06400	0.00342	0.00313
12	0.00447	0.00320	0.00426	0.00511	0.00533	0.00298	0.00341	0.00511	0.00703	0.00938	0.02024	0.86853	0.02429	0.01151	0.00469	0.00149	0.00213	0.01044	0.00341	0.00298
13	0.01287	0.01587	0.01236	0.01044	0.01269	0.67230	0.14830	0.05244	0.01043	0.01012	0.00612	0.00729	0.00495	0.00370	0.00350	0.00100	0.00643	0.00275	0.00197	0.00447
14	0.10299	0.00891	0.06413	0.02006	0.03506	0.00928	0.00652	0.18509	0.47069	0.01647	0.01180	0.02539	0.00899	0.01369	0.00372	0.00122	0.00336	0.00373	0.00332	0.00558
15	0.00901	0.00877	0.01534	0.04079	0.76598	0.00876	0.07446	0.01127	0.00836	0.01192	0.00694	0.00917	0.00578	0.00327	0.00369	0.00111	0.00452	0.00335	0.00182	0.00571
16	0.00613	0.00445	0.00580	0.00632	0.00720	0.00453	0.00518	0.00855	0.10380	0.02432	0.04414	0.17764	0.03509	0.04639	0.00538	0.00165	0.00304	0.50336	0.00342	0.00359
17	0.04837	0.00875	0.01416	0.05824	0.61504	0.00898	0.06200	0.09105	0.03429	0.01324	0.00727	0.00915	0.00588	0.00345	0.00363	0.00111	0.00436	0.00331	0.00207	0.00564
18	0.05618	0.04271	0.07320	0.00916	0.01138	0.70202	0.00737	0.01428	0.03341	0.00972	0.00596	0.00685	0.00487	0.00376	0.00326	0.00098	0.00616	0.00241	0.00193	0.00439
19	0.00476	0.00374	0.00430	0.00416	0.00522	0.00328	0.00312	0.00607	0.00935	0.01224	0.42818	0.03152	0.45410	0.00843	0.00434	0.00120	0.00180	0.00722	0.00372	0.00328
20	0.01314	0.00988	0.01056	0.00828	0.01108	0.01101	0.00678	0.69649	0.15789	0.02182	0.00986	0.00965	0.00709	0.00451	0.00368	0.00113	0.00385	0.00345	0.00368	0.00617
21	0.59750	0.00852	0.10625	0.00630	0.00898	0.00805	0.04593	0.01186	0.06931	0.06433	0.03818	0.00813	0.00612	0.00374	0.00279	0.00115	0.00329	0.00262	0.00248	0.00445
22	0.17209	0.23824	0.20784	0.00789	0.01108	0.20471	0.00777	0.06215	0.03698	0.01195	0.00614	0.00695	0.00488	0.00356	0.00295	0.00101	0.00467	0.00239	0.00197	0.00477
23	0.00534	0.00356	0.00401	0.00401	0.00401	0.00356	0.00223	0.00534	0.00534	0.00712	0.01157	0.02403	0.01335	0.87092	0.01869	0.00356	0.00356	0.00534	0.00223	0.00223
24	0.00937	0.00893	0.03997	0.04591	0.70568	0.00873	0.01074	0.04265	0.04524	0.03619	0.00753	0.00936	0.00610	0.00344	0.00364	0.00111	0.00430	0.00331	0.00203	0.00578
25	0.03042	0.16378	0.25726	0.00889	0.01228	0.15579	0.03415	0.17189	0.07757	0.02406	0.00734	0.00802	0.00559	0.00384	0.00351	0.00107	0.02423	0.00281	0.00227	0.00522
26	0.00516	0.00375	0.00485	0.00458	0.00546	0.00345	0.00343	0.00685	0.01030	0.01449	0.80652	0.02782	0.07436	0.00760	0.00433	0.00116	0.00174	0.00670	0.00401	0.00345
27	0.00447	0.00320	0.00426	0.00511	0.00533	0.00298	0.00341	0.00511	0.00703	0.00938	0.02024	0.86853	0.02429	0.01151	0.00469	0.00149	0.00213	0.01044	0.00341	0.00298
28	0.00743	0.01854	0.81017	0.01072	0.01606	0.00857	0.05484	0.01164	0.00780	0.01164	0.00663	0.00786	0.00470	0.00347	0.00353	0.00117	0.00547	0.00280	0.00157	0.00540
29	0.00793	0.00900	0.19329	0.00868	0.05550	0.00666	0.09656	0.01178	0.16210	0.09341	0.11799	0.05615	0.13700	0.00568	0.00397	0.00122	0.00359	0.02170	0.00300	0.00481
30	0.00694	0.00653	0.01102	0.86210	0.02530	0.00816	0.01020	0.00938	0.00734	0.00938	0.00653	0.00979	0.00490	0.00367	0.00367	0.00122	0.00490	0.00326	0.00163	0.00408
31	0.00860	0.00943	0.01925	0.01400	0.01741	0.00908	0.69315	0.01265	0.12508	0.01221	0.00940	0.01122	0.03228	0.00355	0.00425	0.00124	0.00560	0.00441	0.00217	0.00502
32	0.00799	0.00770	0.01329	0.32899	0.39383	0.00840	0.07547	0.01024	0.00794	0.01093	0.03899	0.02329	0.00680	0.00385	0.00416	0.00119	0.04662	0.00359	0.00185	0.00489
33	0.00963	0.01064	0.00793	0.04505	0.00956	0.41678	0.00582	0.01107	0.05104	0.02658	0.01215	0.29952	0.01280	0.00687	0.00393	0.00121	0.00457	0.05832	0.00263	0.00388
34	0.00692	0.01639	0.70729	0.00950	0.01416	0.00765	0.01189	0.01064	0.00781	0.01137	0.01040	0.04393	0.08131	0.00460	0.00368	0.00121	0.00490	0.03944	0.00187	0.00504
35	0.00587	0.00505	0.00843	0.00743	0.00879	0.00468	0.19164	0.00730	0.00795	0.02665	0.02831	0.34265	0.18176	0.02614	0.00486	0.00145	0.00323	0.13119	0.00306	0.00357
36	0.01183	0.00887	0.11815	0.00780	0.01049	0.07480	0.06137	0.08611	0.01898	0.36088	0.01369	0.10201	0.04695	0.00552	0.00389	0.00120	0.00384	0.05491	0.00344	0.00524
37	0.01292	0.01476	0.01190	0.01017	0.02760	0.55698	0.10758	0.17514	0.01142	0.01215	0.00660	0.00764	0.00523	0.00424	0.01867	0.00110	0.00608	0.00283	0.00224	0.00474
38	0.00818	0.00781	0.01340	0.34827	0.48802	0.00843	0.03366	0.01048	0.00798	0.01096	0.00703	0.01005	0.00577	0.00356	0.00370	0.00116	0.00460	0.02012	0.00178	0.00507
39	0.01161	0.30260	0.10456	0.00796	0.01098	0.15950	0.00733	0.25761	0.03488	0.04508	0.00735	0.02167	0.00584	0.00391	0.00317	0.00099	0.00451	0.00278	0.00245	0.00523
40	0.00699	0.00658	0.01112	0.84070	0.04627	0.00817	0.01023	0.00943	0.00737	0.00945	0.00654	0.00977	0.00492	0.00366	0.00367	0.00122	0.00488	0.00326	0.00164	0.00412
41	0.00787	0.00665	0.01070	0.01008	0.11095	0.00687	0.18382	0.04648	0.16675	0.01110	0.01007	0.11606	0.00921	0.00735	0.00716	0.24970	0.02818	0.00452	0.00240	0.00408
42	0.06780	0.03691	0.67539	0.00990	0.01469	0.03005	0.04227	0.01163	0.00786	0.03065	0.02014	0.00869	0.00552	0.00368	0.00345	0.00116	0.00513	0.01808	0.00176	0.00522
43	0.00966	0.01039	0.01653	0.07943	0.26050	0.13105	0.35517	0.05600	0.00914	0.01182	0.00699	0.00910	0.00550	0.00341	0.00402	0.00115	0.01951	0.00359	0.00193	0.00510
44	0.00487	0.00350	0.00412	0.00439	0.00473	0.00334	0.00282	0.00532	0.00649	0.00845	0.01926	0.28963	0.18103	0.39111	0.05245	0.00257	0.00309	0.00734	0.00282	0.00269
45	0.01713	0.00586	0.00634	0.00586	0.00724	0.02741	0.00440	0.18394	0.09237	0.05408	0.01978	0.29196	0.20145	0.05859	0.00501	0.00141	0.00281	0.00678	0.00343	0.00414
46	0.03536	0.02130	0.03589	0.00845	0.02816	0.02520	0.04613	0.45150	0.04125	0.15971	0.01871	0.02365	0.00722	0.00440	0.00385	0.00111	0.02782	0.00345	0.00340	0.05344
47	0.03242	0.13836	0.03579	0.00830	0.03442	0.02262	0.07825	0.20571	0.10650	0.16668	0.04930	0.01949	0.04056	0.00462	0.00386	0.00112	0.03238	0.01114	0.00312	0.00536
48	0.04389	0.12700	0.03678	0.02056	0.05612	0.01702	0.02137	0.06118	0.18040	0.17236	0.13787	0.05353	0.03391	0.00516	0.00374	0.00114	0.01540	0.00425	0.00326	0.00505
49	0.08056	0.08416	0.06293	0.06415	0.05440	0.09066	0.10382	0.22479	0.11202	0.04620	0.01517	0.02024	0.00667	0.00406	0.00360	0.00112	0.01423	0.00331	0.00267	0.00524
50	0.02835	0.09142	0.04552	0.02315	0.06251	0.22990	0.03880	0.18933	0.04521	0.12672	0.01733	0.03800	0.00698	0.00428	0.00366	0.00107	0.02355	0.00327	0.00273	0.01821
51	0.10029	0.07146	0.09741	0.02826	0.02938	0.07508	0.11937	0.27746	0.03671	0.06328	0.01820	0.00920	0.01973	0.00400	0.00362	0.00111	0.01770	0.00322	0.00269	0.02185

[dist]
# distance from previous block
# <min> <max>
1	51

[block]
# block no. 4 follows, 75 sequences, length 16
# corresponding to MSA columns:
# 1119-1134
name=unknown_E
#
# <colnr> <probs for GDERKNQSTAVLIFYWHMCP>
#	G	D	E	R	K	N	Q	S	T	A	V	L	I	F	Y	W	H	M	C	P
0	0.10852	0.00918	0.00950	0.00870	0.08095	0.15159	0.03901	0.17037	0.03415	0.08640	0.07396	0.02521	0.03453	0.00456	0.00380	0.00107	0.03595	0.01679	0.00283	0.10294
1	0.03783	0.00760	0.00947	0.00820	0.04032	0.06039	0.08024	0.11389	0.10143	0.17105	0.03603	0.15573	0.02662	0.00567	0.00442	0.00120	0.06566	0.00476	0.00317	0.06635
2	0.14913	0.00722	0.00832	0.00707	0.00902	0.00799	0.04102	0.19837	0.17953	0.05132	0.04989	0.03846	0.02959	0.03500	0.08395	0.00173	0.04235	0.04038	0.00310	0.01655
3	0.04448	0.00771	0.00817	0.00754	0.03031	0.14113	0.02887	0.07096	0.09476	0.08962	0.03325	0.03873	0.02609	0.03650	0.26393	0.00268	0.03812	0.03014	0.00267	0.00432
4	0.01044	0.00950	0.00847	0.00753	0.00918	0.26483	0.02903	0.12599	0.04839	0.10668	0.04930	0.22204	0.05154	0.00640	0.00417	0.00119	0.03260	0.00524	0.00305	0.00444
5	0.26070	0.01034	0.00888	0.00743	0.00976	0.18448	0.00594	0.35062	0.01180	0.04132	0.00786	0.05520	0.00635	0.00443	0.00341	0.00111	0.01937	0.00315	0.00289	0.00498
6	0.00997	0.19202	0.32655	0.00843	0.01217	0.01017	0.00898	0.20931	0.08790	0.05435	0.04024	0.00916	0.00702	0.00398	0.00336	0.00108	0.00430	0.00303	0.00251	0.00547
7	0.01309	0.01648	0.01046	0.08893	0.01265	0.77714	0.00739	0.01417	0.01012	0.00903	0.00576	0.00692	0.00475	0.00377	0.00335	0.00097	0.00646	0.00245	0.00187	0.00424
8	0.00762	0.00653	0.00762	0.00544	0.00870	0.00490	0.00435	0.00925	0.00762	0.01197	0.00653	0.00762	0.00544	0.00272	0.00272	0.00054	0.00272	0.00218	0.00218	0.89338
9	0.08841	0.00398	0.00460	0.00455	0.00492	0.00425	0.00297	0.00615	0.00556	0.00834	0.01055	0.02000	0.01146	0.58406	0.22178	0.00391	0.00503	0.00469	0.00217	0.00265
10	0.11029	0.02290	0.00590	0.00583	0.00690	0.00501	0.00455	0.08046	0.00842	0.05045	0.01734	0.39345	0.05003	0.00901	0.00431	0.00143	0.00277	0.21396	0.00331	0.00368
11	0.03210	0.00887	0.00885	0.00754	0.00956	0.11137	0.00603	0.36408	0.07539	0.07171	0.03355	0.07415	0.01063	0.05310	0.00485	0.00134	0.02227	0.09625	0.00332	0.00503
12	0.09332	0.08611	0.01160	0.03564	0.01157	0.09325	0.06235	0.43158	0.03929	0.08769	0.00835	0.00865	0.00606	0.00406	0.00344	0.00108	0.00423	0.00310	0.00307	0.00554
13	0.02960	0.04357	0.08703	0.00749	0.03154	0.02872	0.03871	0.12691	0.09076	0.09397	0.08321	0.18781	0.03033	0.02482	0.00424	0.00127	0.00339	0.05367	0.00316	0.02980
14	0.08532	0.04482	0.03868	0.00705	0.00902	0.05834	0.09258	0.06141	0.02705	0.08852	0.12244	0.14589	0.10317	0.00628	0.00406	0.00120	0.02359	0.03562	0.00302	0.04194
15	0.05273	0.15619	0.09786	0.03776	0.01078	0.07223	0.06787	0.07322	0.04272	0.07864	0.01003	0.05872	0.04604	0.00668	0.08302	0.00152	0.01665	0.01512	0.00243	0.06981

[dist]
# distance from previous block
# <min> <max>
3	38

[block]
# block no. 5 follows, 75 sequences, length 9
# corresponding to MSA columns:
# 1174-1182
name=unknown_F
#
# <colnr> <probs for GDERKNQSTAVLIFYWHMCP>
#	G	D	E	R	K	N	Q	S	T	A	V	L	I	F	Y	W	H	M	C	P
0	0.23107	0.07405	0.06043	0.00927	0.05665	0.11126	0.14932	0.11589	0.03176	0.06580	0.02907	0.00858	0.00618	0.00370	0.00328	0.00108	0.00433	0.00301	0.00244	0.03283
1	0.17761	0.17516	0.12211	0.00845	0.05166	0.08578	0.03904	0.14425	0.07478	0.07722	0.00760	0.00810	0.00574	0.00375	0.00313	0.00106	0.00415	0.00277	0.00248	0.00514
2	0.06270	0.00747	0.05394	0.02557	0.03040	0.00723	0.13975	0.18508	0.04342	0.03527	0.01115	0.16157	0.01059	0.07773	0.10947	0.00201	0.00467	0.02478	0.00275	0.00446
3	0.00574	0.00414	0.00521	0.00565	0.00625	0.00410	0.00405	0.10530	0.00838	0.01117	0.01880	0.69617	0.02186	0.01054	0.00460	0.00146	0.00246	0.07728	0.00344	0.00341
4	0.01067	0.06877	0.00974	0.00747	0.00971	0.03979	0.02824	0.28709	0.18893	0.09025	0.01246	0.02817	0.05263	0.00779	0.10634	0.00173	0.00439	0.03733	0.00327	0.00524
5	0.00572	0.00509	0.00495	0.00531	0.00591	0.10580	0.00369	0.00644	0.00764	0.00941	0.05058	0.48549	0.15660	0.10248	0.00597	0.00160	0.00280	0.02830	0.00312	0.00310
6	0.00867	0.00758	0.00895	0.00796	0.11010	0.03636	0.00556	0.09618	0.00882	0.01304	0.00678	0.00788	0.00554	0.00300	0.00295	0.00068	0.00320	0.00243	0.00228	0.66204
7	0.01057	0.16977	0.07140	0.01119	0.03718	0.18539	0.29116	0.08662	0.00943	0.04071	0.00682	0.00823	0.00533	0.00361	0.00398	0.00109	0.04737	0.00319	0.00204	0.00494
8	0.11689	0.18536	0.11432	0.01019	0.01351	0.11154	0.27276	0.11107	0.00927	0.01273	0.00654	0.00785	0.00508	0.00343	0.00339	0.00107	0.00504	0.00303	0.00204	0.00492

[dist]
# distance from previous block
# <min> <max>
1	5

[block]
# block no. 6 follows, 75 sequences, length 6
# corresponding to MSA columns:
# 1188-1193
name=unknown_G
#
# <colnr> <probs for GDERKNQSTAVLIFYWHMCP>
#	G	D	E	R	K	N	Q	S	T	A	V	L	I	F	Y	W	H	M	C	P
0	0.00611	0.00449	0.00620	0.00637	0.00725	0.00447	0.04487	0.00839	0.11324	0.04514	0.01852	0.48357	0.02034	0.00966	0.00460	0.00148	0.00277	0.20545	0.00342	0.00367
1	0.00505	0.00386	0.00552	0.00592	0.00646	0.00372	0.04745	0.00637	0.04656	0.00993	0.01925	0.70750	0.02240	0.01063	0.00466	0.00148	0.00250	0.08413	0.00334	0.00326
2	0.00554	0.00450	0.00719	0.00703	0.00799	0.00428	0.11756	0.00690	0.00781	0.01029	0.01904	0.42348	0.06029	0.00978	0.00476	0.00151	0.00311	0.29236	0.00319	0.00340
3	0.00695	0.01612	0.69283	0.00961	0.01412	0.00760	0.01189	0.01063	0.00775	0.01135	0.00908	0.09407	0.00805	0.00487	0.00375	0.00124	0.00492	0.07824	0.00190	0.00501
4	0.00779	0.13455	0.67948	0.01026	0.01525	0.00940	0.07108	0.01155	0.00778	0.01123	0.00645	0.00765	0.00473	0.00341	0.00340	0.00112	0.00528	0.00273	0.00158	0.00530
5	0.21416	0.01067	0.12485	0.01139	0.01480	0.04377	0.42250	0.04587	0.05360	0.01338	0.00718	0.00874	0.00538	0.00340	0.00365	0.00119	0.00507	0.00345	0.00209	0.00486

[dist]
# distance from previous block
# <min> <max>
1	8

[block]
# block no. 7 follows, 75 sequences, length 90
# corresponding to MSA columns:
# 1202-1291
name=unknown_H
#
# <colnr> <probs for GDERKNQSTAVLIFYWHMCP>
#	G	D	E	R	K	N	Q	S	T	A	V	L	I	F	Y	W	H	M	C	P
0	0.00868	0.00869	0.12558	0.04632	0.01307	0.00712	0.25809	0.05721	0.05063	0.11385	0.13728	0.04849	0.02578	0.00522	0.00413	0.00125	0.00424	0.07672	0.00287	0.00478
1	0.00525	0.00394	0.00590	0.00590	0.00656	0.00459	0.00459	0.00656	0.00590	0.00853	0.00984	0.01443	0.00918	0.02755	0.85637	0.00590	0.00984	0.00394	0.00197	0.00328
2	0.00454	0.00329	0.00430	0.00505	0.00538	0.00305	0.00345	0.00527	0.00730	0.00968	0.05481	0.75351	0.07978	0.01116	0.00466	0.00147	0.00213	0.03472	0.00343	0.00302
3	0.00923	0.01013	0.02032	0.01465	0.01819	0.03374	0.73106	0.07850	0.00937	0.01256	0.00745	0.00970	0.00559	0.00327	0.00437	0.00122	0.01944	0.00418	0.00200	0.00502
4	0.00850	0.21684	0.46335	0.01014	0.01456	0.01017	0.14642	0.05878	0.00838	0.01159	0.00665	0.01660	0.00511	0.00348	0.00339	0.00109	0.00509	0.00292	0.00175	0.00520
5	0.00694	0.00653	0.01102	0.86210	0.02530	0.00816	0.01020	0.00938	0.00734	0.00938	0.00653	0.00979	0.00490	0.00367	0.00367	0.00122	0.00490	0.00326	0.00163	0.00408
6	0.05272	0.04687	0.01067	0.00891	0.01106	0.57331	0.00692	0.20295	0.01158	0.01256	0.00633	0.00710	0.00505	0.00395	0.00352	0.00100	0.02592	0.00257	0.00230	0.00471
7	0.00840	0.00792	0.01020	0.51743	0.01898	0.10561	0.01589	0.06448	0.07093	0.02934	0.03398	0.06091	0.00759	0.00450	0.00395	0.00121	0.02836	0.00378	0.00220	0.00434
8	0.01648	0.00625	0.00852	0.00653	0.00938	0.00540	0.00540	0.01790	0.01051	0.85056	0.01449	0.01250	0.00909	0.00455	0.00369	0.00114	0.00313	0.00369	0.00455	0.00625
9	0.00518	0.00377	0.00488	0.00465	0.00554	0.00347	0.00352	0.00686	0.01021	0.01431	0.76887	0.02841	0.08090	0.00771	0.00436	0.00118	0.00180	0.03697	0.00398	0.00344
10	0.00761	0.08538	0.76293	0.01049	0.03922	0.00900	0.01294	0.01157	0.00775	0.01141	0.00648	0.00765	0.00469	0.00346	0.00341	0.00113	0.00528	0.00267	0.00156	0.00538
11	0.01092	0.00769	0.00851	0.00733	0.00959	0.00848	0.00579	0.09481	0.58315	0.18004	0.01440	0.03180	0.01062	0.00499	0.00374	0.00122	0.00304	0.00412	0.00388	0.00588
12	0.00434	0.00372	0.00372	0.00372	0.00496	0.00310	0.00279	0.00527	0.00837	0.00992	0.03721	0.03535	0.84652	0.00930	0.00434	0.00124	0.00186	0.00775	0.00341	0.00310
13	0.00737	0.01900	0.85189	0.01047	0.01590	0.00853	0.01357	0.01163	0.00775	0.01163	0.00659	0.00775	0.00465	0.00349	0.00349	0.00116	0.00543	0.00271	0.00155	0.00543
14	0.01397	0.01002	0.01092	0.00856	0.02437	0.01100	0.00695	0.76972	0.02567	0.06771	0.00916	0.00907	0.00645	0.00440	0.00368	0.00111	0.00398	0.00334	0.00369	0.00623
15	0.00936	0.00800	0.00843	0.00752	0.00964	0.00924	0.00587	0.05822	0.80230	0.01573	0.01466	0.01347	0.01098	0.00496	0.00373	0.00124	0.00296	0.00411	0.00373	0.00583
16	0.00434	0.00372	0.00372	0.00372	0.00496	0.00310	0.00279	0.00527	0.00837	0.00992	0.03721	0.03535	0.84652	0.00930	0.00434	0.00124	0.00186	0.00775	0.00341	0.00310
17	0.01104	0.01295	0.01615	0.01244	0.01527	0.35143	0.42476	0.06666	0.00985	0.01131	0.00674	0.00846	0.00526	0.00355	0.00408	0.00112	0.02877	0.00344	0.00198	0.00473
18	0.00746	0.03849	0.81155	0.01050	0.01583	0.00869	0.03430	0.01162	0.00777	0.01157	0.00658	0.00777	0.00468	0.00347	0.00348	0.00116	0.00541	0.00274	0.00156	0.00540
19	0.00507	0.00368	0.00478	0.00466	0.00545	0.00339	0.00343	0.00663	0.00987	0.01384	0.70723	0.14067	0.06130	0.00811	0.00438	0.00120	0.00179	0.00719	0.00394	0.00339
20	0.89687	0.00710	0.00540	0.00483	0.00710	0.00824	0.00398	0.01080	0.00625	0.01648	0.00511	0.00597	0.00398	0.00341	0.00227	0.00114	0.00284	0.00199	0.00227	0.00398
21	0.16599	0.01498	0.00988	0.00874	0.01082	0.62579	0.02761	0.07470	0.01015	0.01140	0.00586	0.00676	0.00473	0.00375	0.00319	0.00100	0.00577	0.00242	0.00209	0.00437
22	0.00452	0.00328	0.00428	0.00503	0.00536	0.00304	0.00342	0.00524	0.00727	0.00961	0.04524	0.75655	0.09106	0.01118	0.00466	0.00147	0.00213	0.03021	0.00343	0.00302
23	0.00534	0.00356	0.00401	0.00401	0.00401	0.00356	0.00223	0.00534	0.00534	0.00712	0.01157	0.02403	0.01335	0.87092	0.01869	0.00356	0.00356	0.00534	0.00223	0.00223
24	0.00944	0.00976	0.01975	0.01423	0.01777	0.00935	0.69871	0.11388	0.00975	0.03319	0.00798	0.02388	0.00605	0.00343	0.00424	0.00122	0.00579	0.00429	0.00217	0.00511
25	0.00867	0.00991	0.02167	0.01548	0.01920	0.00929	0.83467	0.01176	0.00867	0.01176	0.00743	0.00991	0.00557	0.00310	0.00433	0.00124	0.00619	0.00433	0.00186	0.00495
26	0.00447	0.00320	0.00426	0.00511	0.00533	0.00298	0.00341	0.00511	0.00703	0.00938	0.02024	0.86853	0.02429	0.01151	0.00469	0.00149	0.00213	0.01044	0.00341	0.00298
27	0.02927	0.00656	0.00864	0.00665	0.00948	0.00591	0.00549	0.07122	0.02915	0.76576	0.01399	0.01219	0.00888	0.00453	0.00367	0.00114	0.00318	0.00365	0.00444	0.00621
28	0.07121	0.00867	0.00950	0.00810	0.01006	0.03906	0.03002	0.15958	0.45461	0.01544	0.01106	0.01106	0.00845	0.00491	0.00495	0.00126	0.13985	0.00365	0.00317	0.00540
29	0.00592	0.00423	0.00592	0.00676	0.00761	0.00423	0.00592	0.00761	0.00845	0.01099	0.01945	0.04143	0.02114	0.01015	0.00507	0.00169	0.00338	0.82329	0.00338	0.00338
30	0.00515	0.00375	0.00485	0.00457	0.00546	0.00345	0.00343	0.00684	0.01029	0.01447	0.80343	0.02785	0.07746	0.00760	0.00433	0.00116	0.00174	0.00670	0.00401	0.00345
31	0.01144	0.01023	0.01552	0.01160	0.01472	0.10506	0.40148	0.18839	0.06357	0.12675	0.00895	0.00989	0.00645	0.00377	0.00395	0.00116	0.00516	0.00380	0.00273	0.00538
32	0.00737	0.01900	0.85189	0.01047	0.01590	0.00853	0.01357	0.01163	0.00775	0.01163	0.00659	0.00775	0.00465	0.00349	0.00349	0.00116	0.00543	0.00271	0.00155	0.00543
33	0.00867	0.00991	0.02167	0.01548	0.01920	0.00929	0.83467	0.01176	0.00867	0.01176	0.00743	0.00991	0.00557	0.00310	0.00433	0.00124	0.00619	0.00433	0.00186	0.00495
34	0.62784	0.00741	0.00712	0.12066	0.01015	0.00875	0.00539	0.09286	0.00745	0.01566	0.00565	0.00691	0.00439	0.00375	0.00328	0.00118	0.06267	0.00238	0.00228	0.00422
35	0.00749	0.06279	0.80921	0.01025	0.01556	0.00884	0.01320	0.01160	0.00774	0.01148	0.00651	0.00766	0.00466	0.00347	0.00343	0.00114	0.00535	0.00268	0.00155	0.00539
36	0.00746	0.00655	0.01017	0.00819	0.01016	0.00660	0.21179	0.02708	0.23049	0.02799	0.38699	0.01882	0.02023	0.00563	0.00415	0.00120	0.00322	0.00530	0.00342	0.00456
37	0.00454	0.00373	0.00399	0.00392	0.00508	0.00318	0.00294	0.00565	0.00883	0.01101	0.22067	0.03355	0.66238	0.00889	0.00434	0.00122	0.00183	0.00750	0.00355	0.00318
38	0.00886	0.00982	0.02135	0.01526	0.01895	0.00919	0.81417	0.01192	0.00871	0.03250	0.00760	0.00997	0.00566	0.00313	0.00432	0.00124	0.00612	0.00432	0.00192	0.00499
39	0.00694	0.00653	0.01102	0.86210	0.02530	0.00816	0.01020	0.00938	0.00734	0.00938	0.00653	0.00979	0.00490	0.00367	0.00367	0.00122	0.00490	0.00326	0.00163	0.00408
40	0.00434	0.00372	0.00372	0.00372	0.00496	0.00310	0.00279	0.00527	0.00837	0.00992	0.03721	0.03535	0.84652	0.00930	0.00434	0.00124	0.00186	0.00775	0.00341	0.00310
41	0.00982	0.87313	0.01925	0.00628	0.00943	0.01453	0.00628	0.01100	0.00746	0.00864	0.00511	0.00589	0.00471	0.00314	0.00236	0.00079	0.00393	0.00196	0.00157	0.00471
42	0.01255	0.04958	0.12181	0.00871	0.01187	0.05087	0.12651	0.07185	0.10862	0.37380	0.01127	0.01903	0.00778	0.00420	0.00369	0.00114	0.00411	0.00360	0.00333	0.00570
43	0.01352	0.06045	0.01085	0.00930	0.01126	0.81394	0.00706	0.01448	0.01026	0.00897	0.00565	0.00659	0.00473	0.00375	0.00326	0.00094	0.00649	0.00235	0.00188	0.00428
44	0.00570	0.00431	0.00533	0.00498	0.00602	0.00422	0.00376	0.00858	0.12194	0.01468	0.71209	0.02581	0.05395	0.00722	0.00425	0.00117	0.00189	0.00634	0.00398	0.00377
45	0.04920	0.23148	0.47578	0.00903	0.01319	0.03253	0.05660	0.01114	0.00764	0.01082	0.00670	0.00882	0.00547	0.04337	0.00393	0.00119	0.00487	0.02164	0.00169	0.00493
46	0.00965	0.81434	0.07656	0.00657	0.00987	0.01412	0.00679	0.01104	0.00748	0.00885	0.00521	0.00602	0.00471	0.00317	0.00243	0.00081	0.00403	0.00202	0.00157	0.00476
47	0.00459	0.00384	0.00401	0.00395	0.00516	0.00332	0.00297	0.00589	0.03168	0.01074	0.14821	0.03366	0.71139	0.00893	0.00432	0.00123	0.00187	0.00750	0.00351	0.00323
48	0.01155	0.40295	0.09891	0.00763	0.01083	0.07409	0.00724	0.27207	0.01098	0.06156	0.00700	0.00743	0.00544	0.00370	0.00303	0.00096	0.00427	0.00259	0.00243	0.00532
49	0.00536	0.06365	0.00579	0.00549	0.00624	0.00424	0.00428	0.00644	0.00779	0.01013	0.07064	0.37465	0.11069	0.04444	0.00515	0.00154	0.00265	0.26432	0.00327	0.00324
50	0.01372	0.01750	0.01041	0.00946	0.01135	0.85618	0.00710	0.01467	0.01041	0.00899	0.00568	0.00662	0.00473	0.00378	0.00331	0.00095	0.00662	0.00237	0.00189	0.00426
51	0.00448	0.00373	0.00391	0.00386	0.00504	0.00316	0.00290	0.00554	0.00869	0.01069	0.16645	0.03408	0.71680	0.00902	0.00434	0.00123	0.00184	0.00757	0.00351	0.00316
52	0.04520	0.00965	0.02154	0.00860	0.01100	0.08453	0.06925	0.36532	0.14656	0.05737	0.03117	0.01182	0.00836	0.00484	0.00430	0.00119	0.06071	0.04994	0.00321	0.00543
53	0.88500	0.00709	0.00544	0.00485	0.00713	0.00820	0.00400	0.01089	0.00631	0.02773	0.00524	0.00605	0.00405	0.00342	0.00229	0.00114	0.00284	0.00201	0.00230	0.00401
54	0.01648	0.00625	0.00852	0.00653	0.00938	0.00540	0.00540	0.01790	0.01051	0.85056	0.01449	0.01250	0.00909	0.00455	0.00369	0.00114	0.00313	0.00369	0.00455	0.00625
55	0.00866	0.00987	0.02148	0.01537	0.01902	0.00932	0.81929	0.01171	0.00861	0.01171	0.00738	0.00987	0.00556	0.00316	0.00448	0.00125	0.02216	0.00431	0.00185	0.00494
