[name]
unknown

[dist]
# distance from previous block
# <min> <max>
0	25

[block]
# block no. 0 follows, 66 sequences, length 73
# corresponding to MSA columns:
# 25-97
name=unknown_A
#
# <colnr> <probs for GDERKNQSTAVLIFYWHMCP>
#	G	D	E	R	K	N	Q	S	T	A	V	L	I	F	Y	W	H	M	C	P
0	0.01087	0.00678	0.00839	0.00639	0.00953	0.00542	0.00518	0.01262	0.00955	0.24287	0.05993	0.01364	0.01019	0.00441	0.00358	0.00091	0.00311	0.05481	0.00334	0.52848
1	0.00487	0.00411	0.00421	0.00419	0.00553	0.00346	0.00314	0.00597	0.00943	0.01138	0.10392	0.03835	0.76737	0.01012	0.00479	0.00136	0.00204	0.00846	0.00382	0.00346
2	0.01085	0.85986	0.02126	0.00694	0.01041	0.01605	0.00694	0.01215	0.00824	0.00955	0.00564	0.00651	0.00521	0.00347	0.00260	0.00087	0.00434	0.00217	0.00174	0.00521
3	0.00580	0.00435	0.00652	0.00652	0.00724	0.00507	0.00507	0.00724	0.00652	0.00942	0.01087	0.01594	0.01014	0.03043	0.84134	0.00652	0.01087	0.00435	0.00217	0.00362
4	0.01542	0.01136	0.01218	0.00933	0.01258	0.01258	0.00771	0.81858	0.01908	0.02557	0.00974	0.00974	0.00690	0.00487	0.00406	0.00122	0.00446	0.00365	0.00406	0.00690
5	0.00993	0.00953	0.01628	0.06168	0.79616	0.00961	0.01240	0.01236	0.00919	0.01313	0.00761	0.01008	0.00638	0.00363	0.00402	0.00121	0.00485	0.00361	0.00200	0.00634
6	0.00700	0.00354	0.00525	0.00525	0.00525	0.00354	0.00348	0.00531	0.00531	0.00708	0.00730	0.01297	0.00739	0.05179	0.01607	0.84271	0.00354	0.00363	0.00179	0.00179
7	0.01073	0.82236	0.05770	0.00715	0.01073	0.01576	0.00730	0.01218	0.00826	0.00969	0.00571	0.00660	0.00520	0.00349	0.00266	0.00089	0.00441	0.00221	0.00173	0.00524
8	0.01022	0.01004	0.01606	0.02359	0.75700	0.04694	0.01208	0.01249	0.00920	0.01294	0.00746	0.00986	0.00632	0.00380	0.00444	0.00122	0.04451	0.00357	0.00200	0.00626
9	0.00482	0.00400	0.00422	0.00440	0.00556	0.00340	0.00321	0.00579	0.00897	0.01085	0.03757	0.19260	0.67918	0.01073	0.00487	0.00142	0.00211	0.00912	0.00377	0.00340
10	0.00822	0.02041	0.78995	0.01188	0.01777	0.00947	0.06086	0.01286	0.00862	0.01286	0.00733	0.00870	0.00520	0.00383	0.00391	0.00129	0.00604	0.00310	0.00173	0.00597
11	0.00490	0.00370	0.00453	0.00519	0.00576	0.00333	0.00356	0.00570	0.00821	0.01054	0.02793	0.61250	0.26551	0.01199	0.00506	0.00157	0.00227	0.01065	0.00377	0.00333
12	0.01542	0.01136	0.01218	0.00933	0.01258	0.01258	0.00771	0.81858	0.01908	0.02557	0.00974	0.00974	0.00690	0.00487	0.00406	0.00122	0.00446	0.00365	0.00406	0.00690
13	0.01085	0.85986	0.02126	0.00694	0.01041	0.01605	0.00694	0.01215	0.00824	0.00955	0.00564	0.00651	0.00521	0.00347	0.00260	0.00087	0.00434	0.00217	0.00174	0.00521
14	0.01085	0.85986	0.02126	0.00694	0.01041	0.01605	0.00694	0.01215	0.00824	0.00955	0.00564	0.00651	0.00521	0.00347	0.00260	0.00087	0.00434	0.00217	0.00174	0.00521
15	0.01542	0.01136	0.01218	0.00933	0.01258	0.01258	0.00771	0.81858	0.01908	0.02557	0.00974	0.00974	0.00690	0.00487	0.00406	0.00122	0.00446	0.00365	0.00406	0.00690
16	0.01085	0.85986	0.02126	0.00694	0.01041	0.01605	0.00694	0.01215	0.00824	0.00955	0.00564	0.00651	0.00521	0.00347	0.00260	0.00087	0.00434	0.00217	0.00174	0.00521
17	0.00515	0.00412	0.00460	0.00448	0.00570	0.00358	0.00336	0.00651	0.01009	0.01295	0.33730	0.03576	0.53302	0.00953	0.00479	0.00133	0.00200	0.00810	0.00403	0.00358
18	0.00814	0.02099	0.83640	0.01156	0.01756	0.00942	0.01499	0.01285	0.00857	0.01285	0.00728	0.00857	0.00514	0.00385	0.00385	0.00128	0.00600	0.00300	0.00171	0.00600
19	0.00583	0.00476	0.03573	0.00534	0.00648	0.00403	0.00424	0.00785	0.01138	0.01614	0.79997	0.02951	0.03707	0.00813	0.00475	0.00128	0.00206	0.00718	0.00437	0.00391
20	0.00888	0.00888	0.01243	0.01065	0.01065	0.01243	0.00888	0.00976	0.00621	0.00976	0.00533	0.00888	0.00533	0.00710	0.01331	0.00178	0.84999	0.00355	0.00178	0.00444
21	0.00841	0.00721	0.00841	0.00601	0.00961	0.00541	0.00481	0.01022	0.00841	0.01322	0.00721	0.00841	0.00601	0.00300	0.00300	0.00060	0.00300	0.00240	0.00240	0.88222
22	0.01516	0.01934	0.01150	0.01045	0.01254	0.84113	0.00784	0.01620	0.01150	0.00993	0.00627	0.00732	0.00523	0.00418	0.00366	0.00105	0.00732	0.00261	0.00209	0.00470
23	0.00574	0.00415	0.00542	0.00510	0.00606	0.00383	0.00383	0.00766	0.01148	0.01627	0.82997	0.03031	0.03828	0.00829	0.00479	0.00128	0.00191	0.00734	0.00447	0.00383
24	0.01085	0.85986	0.02126	0.00694	0.01041	0.01605	0.00694	0.01215	0.00824	0.00955	0.00564	0.00651	0.00521	0.00347	0.00260	0.00087	0.00434	0.00217	0.00174	0.00521
25	0.01004	0.00964	0.01647	0.02490	0.83211	0.00964	0.01245	0.01245	0.00924	0.01325	0.00763	0.01004	0.00643	0.00361	0.00402	0.00120	0.00482	0.00361	0.00201	0.00643
26	0.00986	0.00967	0.01435	0.34989	0.32885	0.09362	0.06295	0.02282	0.02526	0.03277	0.00778	0.01032	0.00610	0.00392	0.00405	0.00126	0.00537	0.00362	0.00208	0.00544
27	0.01542	0.01136	0.01218	0.00933	0.01258	0.01258	0.00771	0.81858	0.01908	0.02557	0.00974	0.00974	0.00690	0.00487	0.00406	0.00122	0.00446	0.00365	0.00406	0.00690
28	0.00592	0.00396	0.00450	0.00454	0.00457	0.00396	0.00261	0.00599	0.00603	0.00802	0.01310	0.02725	0.01506	0.82656	0.02010	0.00386	0.00393	0.03503	0.00250	0.00250
29	0.00482	0.00411	0.00414	0.00414	0.00549	0.00344	0.00310	0.00587	0.00930	0.01109	0.06105	0.03882	0.81042	0.01022	0.00479	0.00137	0.00205	0.00853	0.00379	0.00344
30	0.00884	0.00849	0.01404	0.47191	0.38051	0.02396	0.01173	0.01138	0.00867	0.01163	0.00738	0.01041	0.00585	0.00386	0.00403	0.00128	0.00518	0.00359	0.00190	0.00535
31	0.00705	0.00352	0.00529	0.00529	0.00529	0.00352	0.00352	0.00529	0.00529	0.00705	0.00705	0.01233	0.00705	0.01409	0.01586	0.88196	0.00352	0.00352	0.00176	0.00176
32	0.00984	0.00944	0.01611	0.09344	0.76512	0.00959	0.01235	0.01228	0.00914	0.01301	0.00760	0.01011	0.00634	0.00365	0.00402	0.00122	0.00487	0.00361	0.00199	0.00627
33	0.00958	0.01094	0.02394	0.01710	0.02120	0.01026	0.81737	0.01300	0.00958	0.01300	0.00821	0.01094	0.00616	0.00342	0.00479	0.00137	0.00684	0.00479	0.00205	0.00547
34	0.00874	0.00931	0.01878	0.38125	0.02416	0.00971	0.46394	0.01184	0.00893	0.01184	0.00777	0.01089	0.00583	0.00370	0.00447	0.00136	0.00621	0.00427	0.00194	0.00505
35	0.01302	0.47569	0.01705	0.00795	0.01131	0.01424	0.00723	0.34798	0.01287	0.04631	0.00772	0.00812	0.00609	0.00411	0.00326	0.00103	0.00436	0.00286	0.00282	0.00597
36	0.00480	0.00411	0.00411	0.00411	0.00548	0.00343	0.00308	0.00582	0.00925	0.01096	0.04110	0.03905	0.83046	0.01028	0.00480	0.00137	0.00206	0.00856	0.00377	0.00343
37	0.00888	0.00888	0.01243	0.01065	0.01065	0.01243	0.00888	0.00976	0.00621	0.00976	0.00533	0.00888	0.00533	0.00710	0.01331	0.00178	0.84999	0.00355	0.00178	0.00444
38	0.00825	0.01961	0.73600	0.01203	0.01772	0.00940	0.09577	0.01276	0.00868	0.01285	0.00769	0.00963	0.00565	0.00397	0.00399	0.00131	0.00603	0.02097	0.00179	0.00589
39	0.00974	0.01229	0.17374	0.02033	0.49776	0.03288	0.15671	0.01285	0.02045	0.01309	0.00775	0.00992	0.00618	0.00367	0.00412	0.00125	0.00545	0.00369	0.00199	0.00613
40	0.00766	0.00721	0.01217	0.84767	0.02794	0.00901	0.01127	0.01037	0.00811	0.01037	0.00721	0.01082	0.00541	0.00406	0.00406	0.00135	0.00541	0.00361	0.00180	0.00451
41	0.01005	0.07165	0.15578	0.00943	0.01233	0.00788	0.14373	0.01249	0.02359	0.18192	0.03937	0.05063	0.04254	0.05968	0.00589	0.00155	0.04998	0.11329	0.00307	0.00516
42	0.00951	0.01137	0.10818	0.05654	0.32351	0.00988	0.39470	0.01266	0.00928	0.01296	0.00785	0.01035	0.00611	0.00357	0.00437	0.00130	0.00593	0.00410	0.00199	0.00584
43	0.00766	0.00721	0.01217	0.84767	0.02794	0.00901	0.01127	0.01037	0.00811	0.01037	0.00721	0.01082	0.00541	0.00406	0.00406	0.00135	0.00541	0.00361	0.00180	0.00451
44	0.01373	0.03397	0.08188	0.01207	0.10690	0.63332	0.00891	0.01558	0.03683	0.01077	0.00683	0.00797	0.00558	0.00412	0.00371	0.00109	0.00673	0.00281	0.00211	0.00507
45	0.00929	0.00994	0.01406	0.06401	0.01449	0.14639	0.29532	0.02287	0.03026	0.02406	0.03839	0.05854	0.16430	0.00593	0.00532	0.00136	0.08280	0.00533	0.00262	0.00471
46	0.00959	0.44702	0.37960	0.00950	0.01412	0.01284	0.05269	0.01250	0.00845	0.01118	0.00649	0.00764	0.00523	0.00364	0.00327	0.00108	0.00520	0.00267	0.00174	0.00557
47	0.00480	0.00410	0.00412	0.00414	0.00549	0.00342	0.00310	0.00582	0.00922	0.01095	0.04076	0.05407	0.81566	0.01032	0.00480	0.00138	0.00206	0.00862	0.00377	0.00342
48	0.01072	0.00949	0.01548	0.05831	0.68690	0.02339	0.01165	0.02517	0.00949	0.07818	0.00823	0.01030	0.00663	0.00386	0.00424	0.00123	0.02452	0.00363	0.00226	0.00631
49	0.06848	0.01357	0.01096	0.00943	0.01185	0.36271	0.03667	0.21502	0.13880	0.01563	0.01022	0.03185	0.02171	0.00504	0.00392	0.00121	0.00537	0.02909	0.00304	0.00544
50	0.00500	0.00377	0.00465	0.00532	0.00593	0.00342	0.00375	0.00588	0.00830	0.01065	0.02776	0.56455	0.26053	0.01190	0.00509	0.00158	0.00236	0.06242	0.00376	0.00336
51	0.00770	0.01445	0.47358	0.03063	0.08195	0.00804	0.02548	0.01172	0.07120	0.01255	0.01162	0.21056	0.01099	0.00607	0.00423	0.00137	0.00482	0.00525	0.00242	0.00538
52	0.00734	0.00535	0.00676	0.00606	0.00738	0.00527	0.04355	0.01030	0.14548	0.06778	0.26966	0.04920	0.15836	0.19015	0.00805	0.00189	0.00294	0.00655	0.00376	0.00417
53	0.00958	0.01094	0.02394	0.01710	0.02120	0.01026	0.81737	0.01300	0.00958	0.01300	0.00821	0.01094	0.00616	0.00342	0.00479	0.00137	0.00684	0.00479	0.00205	0.00547
54	0.00661	0.00556	0.00725	0.04840	0.11727	0.03578	0.00563	0.02112	0.02470	0.01232	0.16551	0.36607	0.10615	0.00939	0.00479	0.00146	0.00303	0.05139	0.00351	0.00407
55	0.02318	0.07672	0.32287	0.00986	0.02735	0.04209	0.03203	0.05933	0.25670	0.04126	0.01034	0.01064	0.00769	0.00436	0.00381	0.00123	0.00469	0.00349	0.00276	0.05960
56	0.00654	0.00467	0.00654	0.00747	0.00841	0.00467	0.00654	0.00841	0.00934	0.01214	0.02148	0.04576	0.02335	0.01121	0.00560	0.00187	0.00374	0.80480	0.00374	0.00374
57	0.00695	0.00620	0.00713	0.00701	0.00790	0.10823	0.00541	0.00835	0.00713	0.00948	0.01030	0.01487	0.00954	0.02719	0.73798	0.00584	0.01043	0.00413	0.00216	0.00376
58	0.10560	0.03190	0.05163	0.02111	0.08892	0.02993	0.01951	0.15823	0.15016	0.20378	0.02652	0.01348	0.05932	0.01690	0.00415	0.00130	0.00391	0.00406	0.00361	0.00598
59	0.00957	0.01073	0.09366	0.12848	0.19857	0.07681	0.09125	0.01173	0.00843	0.03243	0.02642	0.01044	0.00675	0.01767	0.00694	0.00144	0.24436	0.00371	0.01542	0.00518
60	0.00494	0.00353	0.00471	0.00565	0.00588	0.00330	0.00377	0.00565	0.00777	0.01036	0.02236	0.85477	0.02683	0.01271	0.00518	0.00165	0.00235	0.01153	0.00377	0.00330
61	0.01516	0.01934	0.01150	0.01045	0.01254	0.84113	0.00784	0.01620	0.01150	0.00993	0.00627	0.00732	0.00523	0.00418	0.00366	0.00105	0.00732	0.00261	0.00209	0.00470
62	0.00966	0.01111	0.15356	0.08749	0.44575	0.00927	0.09027	0.01295	0.05109	0.04781	0.00889	0.03813	0.00723	0.00413	0.00411	0.00127	0.00504	0.00395	0.00224	0.00602
63	0.00766	0.00721	0.01217	0.84767	0.02794	0.00901	0.01127	0.01037	0.00811	0.01037	0.00721	0.01082	0.00541	0.00406	0.00406	0.00135	0.00541	0.00361	0.00180	0.00451
64	0.00617	0.00443	0.00573	0.00546	0.00650	0.00421	0.00418	0.00851	0.04990	0.02747	0.71011	0.04225	0.03541	0.00839	0.00481	0.00133	0.00213	0.06463	0.00440	0.00398
65	0.03237	0.82483	0.03453	0.00698	0.01047	0.01577	0.00701	0.01215	0.00822	0.00981	0.00567	0.00654	0.00519	0.00348	0.00262	0.00088	0.00434	0.00218	0.00175	0.00520
66	0.00955	0.00803	0.01204	0.02614	0.38668	0.02903	0.02662	0.06680	0.02827	0.05981	0.01042	0.01376	0.02860	0.08415	0.18950	0.00262	0.00598	0.00415	0.00249	0.00536
67	0.00539	0.00392	0.00517	0.00596	0.00653	0.00370	0.00444	0.00650	0.00851	0.01118	0.06319	0.52152	0.10319	0.01186	0.00524	0.00166	0.00267	0.22214	0.00379	0.00345
68	0.00532	0.00387	0.00508	0.00589	0.00633	0.00370	0.00416	0.00656	0.03374	0.01104	0.05679	0.67839	0.04523	0.01206	0.00517	0.00164	0.00252	0.10522	0.00380	0.00347
69	0.09235	0.02084	0.13841	0.03328	0.07691	0.06510	0.02917	0.17527	0.01158	0.22124	0.02415	0.04340	0.04044	0.00499	0.00395	0.00125	0.00442	0.00401	0.00334	0.00591
70	0.03208	0.13785	0.07236	0.01141	0.09446	0.10415	0.12351	0.15471	0.06630	0.06575	0.00961	0.06676	0.00799	0.00481	0.00421	0.00123	0.03035	0.00401	0.00278	0.00568
71	0.00602	0.01720	0.00668	0.00699	0.04378	0.00446	0.04383	0.02129	0.00856	0.01173	0.11129	0.53364	0.03487	0.05061	0.00561	0.00161	0.00280	0.02937	0.03930	0.02036
72	0.13535	0.13121	0.01259	0.01074	0.15083	0.07319	0.01945	0.17226	0.11806	0.02840	0.00863	0.00934	0.00675	0.00410	0.00350	0.00111	0.00423	0.00316	0.00282	0.10427

[dist]
# distance from previous block
# <min> <max>
1	8

[block]
# block no. 1 follows, 66 sequences, length 23
# corresponding to MSA columns:
# 107-129
name=unknown_B
#
# <colnr> <probs for GDERKNQSTAVLIFYWHMCP>
#	G	D	E	R	K	N	Q	S	T	A	V	L	I	F	Y	W	H	M	C	P
0	0.00518	0.00369	0.00464	0.00530	0.00558	0.00347	0.00348	0.00577	0.00750	0.00989	0.02162	0.59469	0.08391	0.19949	0.00858	0.00214	0.00271	0.02578	0.00348	0.00313
1	0.12655	0.00618	0.00709	0.00652	0.00828	0.00630	0.00504	0.07404	0.11309	0.18549	0.07536	0.26592	0.05381	0.00792	0.00435	0.00142	0.00297	0.04077	0.00398	0.00493
2	0.01249	0.38361	0.05156	0.00907	0.03813	0.26185	0.00773	0.13449	0.01102	0.01259	0.03820	0.00835	0.00677	0.00410	0.00332	0.00102	0.00524	0.00281	0.00230	0.00533
3	0.00884	0.05199	0.20915	0.09859	0.05669	0.12207	0.04236	0.02706	0.03859	0.01961	0.03376	0.10003	0.02475	0.05025	0.07779	0.00188	0.00556	0.02375	0.00242	0.00484
4	0.03937	0.21722	0.15304	0.00993	0.07293	0.01066	0.05501	0.09890	0.09505	0.15299	0.01984	0.01061	0.01855	0.00431	0.00367	0.00116	0.00442	0.00345	0.00292	0.02597
5	0.01006	0.08125	0.13160	0.03783	0.15008	0.02874	0.06654	0.05123	0.10348	0.10509	0.07453	0.08872	0.01950	0.00603	0.02614	0.00141	0.00451	0.00470	0.00299	0.00558
6	0.00599	0.00478	0.00667	0.19630	0.01087	0.00491	0.00535	0.00778	0.00987	0.01335	0.43233	0.09485	0.14021	0.04276	0.00530	0.00145	0.00285	0.00695	0.00362	0.00383
7	0.01010	0.04311	0.05446	0.05502	0.06388	0.15352	0.05707	0.11574	0.09422	0.01390	0.02482	0.07275	0.05471	0.01701	0.00445	0.00135	0.00460	0.10915	0.04510	0.00502
8	0.01177	0.06175	0.07531	0.04473	0.33929	0.04411	0.03364	0.12810	0.09675	0.11024	0.00964	0.01059	0.00728	0.00420	0.00395	0.00122	0.00468	0.00364	0.00283	0.00628
9	0.00721	0.00510	0.00679	0.00763	0.09861	0.00523	0.00469	0.00866	0.05916	0.05286	0.03431	0.06770	0.02839	0.40539	0.15489	0.01813	0.00496	0.02383	0.00276	0.00370
10	0.00493	0.00357	0.00467	0.00555	0.00586	0.00330	0.00372	0.00566	0.00787	0.01040	0.02360	0.80073	0.08007	0.01255	0.00515	0.00163	0.00233	0.01134	0.00377	0.00330
11	0.01483	0.08306	0.01237	0.04217	0.01288	0.53652	0.02679	0.08589	0.01174	0.12504	0.00795	0.00858	0.00606	0.00428	0.00371	0.00109	0.00621	0.00296	0.00263	0.00525
12	0.06649	0.02998	0.13506	0.00959	0.06592	0.03911	0.00820	0.22066	0.02595	0.34125	0.01136	0.01093	0.00769	0.00458	0.00390	0.00123	0.00432	0.00358	0.00374	0.00646
13	0.01233	0.01465	0.05916	0.03710	0.26927	0.38967	0.03189	0.04061	0.04957	0.01206	0.00740	0.00895	0.00603	0.00417	0.00426	0.00118	0.04087	0.00320	0.00218	0.00547
14	0.00589	0.00396	0.00456	0.00456	0.00460	0.00400	0.00262	0.00598	0.00594	0.00796	0.01266	0.02588	0.01446	0.80553	0.07214	0.00410	0.00437	0.00580	0.00244	0.00253
15	0.01113	0.80418	0.02061	0.00717	0.01055	0.07071	0.00700	0.01242	0.00846	0.00957	0.00568	0.00656	0.00521	0.00352	0.00267	0.00088	0.00454	0.00220	0.00176	0.00517
16	0.01012	0.04202	0.01376	0.02945	0.45042	0.00859	0.02268	0.05074	0.00950	0.04709	0.00787	0.00957	0.00640	0.00354	0.00367	0.00101	0.00422	0.00323	0.00234	0.27377
17	0.01221	0.03095	0.01164	0.02285	0.07468	0.21080	0.04339	0.17518	0.21355	0.04721	0.02340	0.05801	0.00957	0.00530	0.00437	0.00127	0.03239	0.01430	0.00322	0.00571
18	0.00885	0.07509	0.66987	0.01231	0.08772	0.01004	0.01387	0.05303	0.00913	0.01330	0.00733	0.00862	0.00534	0.00386	0.00380	0.00125	0.00571	0.00303	0.00186	0.00603
19	0.00925	0.00872	0.01447	0.18492	0.56789	0.00891	0.01120	0.01165	0.00904	0.01280	0.04120	0.01088	0.00749	0.00384	0.00397	0.00118	0.00466	0.00366	0.00210	0.08215
20	0.13288	0.00658	0.03860	0.00571	0.00737	0.01613	0.01518	0.09325	0.02128	0.01402	0.01106	0.04991	0.01034	0.24905	0.00823	0.00189	0.00337	0.00430	0.21319	0.09765
21	0.08657	0.22126	0.16170	0.00924	0.03247	0.03148	0.06795	0.11859	0.09611	0.02689	0.05906	0.04554	0.00920	0.00472	0.00376	0.00120	0.01230	0.00376	0.00270	0.00552
22	0.32289	0.00619	0.01555	0.00593	0.00751	0.00668	0.00466	0.07330	0.00839	0.01464	0.08323	0.13479	0.04992	0.04725	0.19947	0.00265	0.00484	0.00505	0.00295	0.00410

[dist]
# distance from previous block
# <min> <max>
0	29

[block]
# block no. 2 follows, 66 sequences, length 26
# corresponding to MSA columns:
# 162-187
name=unknown_C
#
# <colnr> <probs for GDERKNQSTAVLIFYWHMCP>
#	G	D	E	R	K	N	Q	S	T	A	V	L	I	F	Y	W	H	M	C	P
0	0.02568	0.37394	0.10181	0.00841	0.04519	0.04901	0.05089	0.04758	0.03576	0.02328	0.01393	0.01449	0.17035	0.01893	0.00382	0.00116	0.00428	0.00399	0.00244	0.00506
1	0.03567	0.06028	0.29368	0.01041	0.07245	0.03264	0.07240	0.03051	0.00901	0.04462	0.00757	0.00882	0.00581	0.00357	0.00355	0.00102	0.00471	0.00296	0.00221	0.29808
2	0.02579	0.48009	0.09408	0.00855	0.01184	0.24344	0.02143	0.02496	0.02265	0.02508	0.00643	0.00731	0.00543	0.00379	0.00312	0.00099	0.00531	0.00251	0.00198	0.00521
3	0.03082	0.00713	0.00736	0.00683	0.00869	0.06138	0.00536	0.03433	0.24864	0.12289	0.02290	0.08785	0.23162	0.00777	0.00448	0.00141	0.00323	0.09840	0.00390	0.00499
4	0.02383	0.00696	0.00814	0.00596	0.00933	0.00537	0.00477	0.01066	0.00874	0.07589	0.02457	0.01102	0.05641	0.00370	0.00322	0.00072	0.00296	0.00299	0.00272	0.73204
5	0.00966	0.00783	0.00867	0.00694	0.00985	0.00756	0.00550	0.07754	0.30473	0.02850	0.01134	0.01151	0.00876	0.00421	0.00350	0.00096	0.00312	0.00341	0.06496	0.42144
6	0.00596	0.00454	0.00664	0.00655	0.00718	0.00534	0.00504	0.00726	0.00645	0.00931	0.01075	0.01647	0.01029	0.09738	0.73311	0.00607	0.05150	0.00444	0.00218	0.00357
7	0.01516	0.01934	0.01150	0.01045	0.01254	0.84113	0.00784	0.01620	0.01150	0.00993	0.00627	0.00732	0.00523	0.00418	0.00366	0.00105	0.00732	0.00261	0.00209	0.00470
8	0.00853	0.02021	0.78503	0.01156	0.01740	0.00932	0.03655	0.01310	0.00870	0.04189	0.00761	0.00882	0.00534	0.00388	0.00389	0.00129	0.00593	0.00309	0.00184	0.00601
9	0.00666	0.00493	0.00727	0.00787	0.00894	0.00490	0.04045	0.00860	0.00935	0.01218	0.02093	0.04431	0.02263	0.01088	0.00557	0.00185	0.00387	0.77134	0.00367	0.00381
10	0.00538	0.00413	0.00491	0.00472	0.00584	0.00367	0.00354	0.00695	0.01062	0.01421	0.52449	0.03369	0.34505	0.00906	0.00479	0.00131	0.00197	0.00781	0.00420	0.00367
11	0.00799	0.03345	0.71301	0.01055	0.01581	0.00878	0.01330	0.01223	0.00858	0.01294	0.02155	0.03836	0.00684	0.00429	0.00381	0.00126	0.00545	0.00341	0.07270	0.00568
12	0.01085	0.85986	0.02126	0.00694	0.01041	0.01605	0.00694	0.01215	0.00824	0.00955	0.00564	0.00651	0.00521	0.00347	0.00260	0.00087	0.00434	0.00217	0.00174	0.00521
13	0.00494	0.00353	0.00471	0.00565	0.00588	0.00330	0.00377	0.00565	0.00777	0.01036	0.02236	0.85477	0.02683	0.01271	0.00518	0.00165	0.00235	0.01153	0.00377	0.00330
14	0.00570	0.00395	0.00445	0.00448	0.00473	0.00383	0.00268	0.00598	0.00675	0.00888	0.06440	0.06559	0.12519	0.65753	0.01693	0.00334	0.00350	0.00659	0.00281	0.00270
15	0.00796	0.07885	0.28745	0.00815	0.01137	0.00823	0.00841	0.02878	0.20142	0.01361	0.08920	0.08955	0.13769	0.00637	0.00416	0.00132	0.00390	0.00529	0.00307	0.00523
16	0.00956	0.04250	0.05993	0.01648	0.02065	0.01043	0.75203	0.01296	0.00948	0.01286	0.00807	0.01068	0.00608	0.00344	0.00467	0.00135	0.00671	0.00461	0.00203	0.00549
17	0.00511	0.00385	0.00464	0.00510	0.00576	0.00349	0.00357	0.00602	0.00848	0.01095	0.09963	0.42663	0.27711	0.07966	0.00629	0.00172	0.00241	0.04255	0.00372	0.00333
18	0.03198	0.01137	0.18206	0.06564	0.38040	0.00946	0.03073	0.03621	0.04796	0.03481	0.03283	0.01134	0.02975	0.00445	0.00477	0.00130	0.07302	0.00378	0.00229	0.00586
19	0.13242	0.11543	0.24283	0.13135	0.07467	0.04527	0.00971	0.07733	0.02919	0.03382	0.00936	0.02095	0.04444	0.00445	0.00365	0.00123	0.00478	0.01140	0.00235	0.00537
20	0.01106	0.57921	0.11175	0.00906	0.04210	0.12986	0.04418	0.01284	0.00883	0.01026	0.00610	0.00718	0.00529	0.00362	0.00304	0.00097	0.00507	0.00249	0.00181	0.00528
21	0.00992	0.00593	0.00807	0.00734	0.00847	0.00642	0.00575	0.01101	0.00873	0.25477	0.03691	0.31450	0.04955	0.00878	0.00686	0.00155	0.21303	0.03407	0.00366	0.00468
22	0.00975	0.02254	0.14265	0.01546	0.37099	0.00825	0.02472	0.02551	0.02958	0.07500	0.06626	0.01207	0.03013	0.00422	0.00390	0.00114	0.00432	0.00377	0.00255	0.14720
23	0.01051	0.16793	0.09747	0.09195	0.36191	0.08755	0.01056	0.05142	0.05957	0.01278	0.00771	0.00936	0.00626	0.00388	0.00372	0.00116	0.00502	0.00326	0.00214	0.00585
24	0.01215	0.20280	0.26095	0.00874	0.01268	0.00973	0.03015	0.06067	0.03143	0.26241	0.06138	0.01135	0.00903	0.00449	0.00374	0.00118	0.00446	0.00354	0.00310	0.00601
25	0.29049	0.09517	0.04371	0.01118	0.17728	0.16000	0.01953	0.04310	0.02373	0.07296	0.00766	0.00912	0.00611	0.00409	0.00338	0.00118	0.00460	0.01888	0.00251	0.00531

[dist]
# distance from previous block
# <min> <max>
1	5

[block]
# block no. 3 follows, 66 sequences, length 58
# corresponding to MSA columns:
# 197-254
name=unknown_D
#
# <colnr> <probs for GDERKNQSTAVLIFYWHMCP>
#	G	D	E	R	K	N	Q	S	T	A	V	L	I	F	Y	W	H	M	C	P
0	0.55951	0.06223	0.00754	0.00583	0.00833	0.00838	0.00480	0.02091	0.00790	0.12737	0.00866	0.07581	0.00727	0.00529	0.02451	0.00136	0.00340	0.00328	0.00290	0.05471
1	0.01223	0.07990	0.14588	0.01070	0.09133	0.00959	0.06534	0.20677	0.06046	0.17992	0.01141	0.07879	0.00903	0.01495	0.00425	0.00129	0.00445	0.00430	0.00331	0.00610
2	0.00814	0.00682	0.00893	0.01975	0.18190	0.04006	0.00651	0.07138	0.03493	0.03141	0.27723	0.16792	0.07153	0.00752	0.00497	0.00135	0.04493	0.00652	0.00349	0.00471
3	0.00499	0.00388	0.00455	0.00488	0.00573	0.00343	0.00347	0.00602	0.00897	0.01149	0.14922	0.36978	0.38713	0.01098	0.00495	0.00147	0.00216	0.00959	0.00387	0.00343
4	0.00792	0.00683	0.01078	0.40346	0.16769	0.00760	0.00903	0.02619	0.02607	0.03522	0.10443	0.11260	0.05378	0.00585	0.00430	0.00135	0.00426	0.00524	0.00265	0.00474
5	0.03835	0.12840	0.29725	0.03633	0.07034	0.06709	0.07203	0.11020	0.02412	0.02967	0.00829	0.02674	0.00673	0.02216	0.00443	0.00130	0.02962	0.01905	0.00230	0.00561
6	0.00754	0.00708	0.05177	0.05372	0.20579	0.00683	0.03687	0.02059	0.00841	0.02111	0.01361	0.20159	0.01411	0.01147	0.14181	0.00233	0.05230	0.13576	0.00273	0.00460
7	0.00535	0.00397	0.00476	0.00508	0.00596	0.00355	0.00369	0.00646	0.00906	0.02567	0.15037	0.34531	0.33888	0.01079	0.00495	0.00148	0.00226	0.05419	0.01469	0.00352
8	0.00864	0.00732	0.03943	0.03671	0.21976	0.00685	0.05591	0.07585	0.02030	0.06767	0.05149	0.25727	0.06460	0.01700	0.00476	0.00144	0.00379	0.05302	0.00321	0.00498
9	0.02152	0.02757	0.43642	0.03343	0.21680	0.05083	0.03818	0.03439	0.02552	0.06575	0.00811	0.00943	0.00599	0.00393	0.00391	0.00125	0.00547	0.00330	0.00215	0.00604
10	0.00888	0.00888	0.01243	0.01065	0.01065	0.01243	0.00888	0.00976	0.00621	0.00976	0.00533	0.00888	0.00533	0.00710	0.01331	0.00178	0.84999	0.00355	0.00178	0.00444
11	0.00784	0.00737	0.01231	0.78713	0.06716	0.00907	0.01121	0.01074	0.02761	0.01067	0.00745	0.01088	0.00562	0.00407	0.00406	0.00135	0.00533	0.00363	0.00187	0.00465
12	0.01362	0.00993	0.10314	0.02874	0.19963	0.05725	0.05269	0.02589	0.01043	0.39174	0.01222	0.05719	0.00895	0.00483	0.00411	0.00126	0.00445	0.00419	0.00349	0.00624
13	0.00982	0.00941	0.01606	0.10219	0.75657	0.00958	0.01234	0.01226	0.00913	0.01298	0.00759	0.01011	0.00633	0.00366	0.00402	0.00122	0.00488	0.00361	0.00199	0.00625
14	0.00480	0.00411	0.00411	0.00411	0.00548	0.00343	0.00308	0.00582	0.00925	0.01096	0.04110	0.03905	0.83046	0.01028	0.00480	0.00137	0.00206	0.00856	0.00377	0.00343
15	0.03705	0.54020	0.17288	0.02706	0.01245	0.03720	0.03179	0.01303	0.02761	0.05780	0.00692	0.00776	0.00564	0.00372	0.00308	0.00102	0.00472	0.00261	0.00202	0.00543
16	0.06347	0.28203	0.05529	0.04384	0.09960	0.02493	0.02629	0.11417	0.07300	0.14277	0.00926	0.02108	0.00713	0.00431	0.00365	0.00115	0.01605	0.00331	0.00284	0.00583
17	0.00565	0.00410	0.00533	0.00512	0.00603	0.00377	0.00380	0.00744	0.01112	0.01564	0.74197	0.09696	0.06041	0.00871	0.00482	0.00131	0.00195	0.00771	0.00439	0.00377
18	0.00834	0.00657	0.00736	0.00711	0.00847	0.02568	0.00536	0.14980	0.20234	0.01494	0.05819	0.39490	0.01983	0.00915	0.00471	0.00149	0.00311	0.06402	0.00390	0.00474
19	0.01031	0.01141	0.19155	0.03361	0.16068	0.03282	0.02808	0.19239	0.04966	0.05295	0.11819	0.05855	0.03112	0.00538	0.00419	0.00128	0.00442	0.00458	0.00309	0.00576
20	0.00917	0.04814	0.32777	0.04012	0.24372	0.00996	0.21719	0.01288	0.02841	0.01289	0.00777	0.00972	0.00594	0.00371	0.00410	0.00127	0.00574	0.00364	0.00194	0.00592
21	0.03838	0.00876	0.01322	0.01003	0.01312	0.06827	0.25456	0.02984	0.01064	0.36638	0.01607	0.01578	0.12545	0.00518	0.00432	0.00129	0.00458	0.00477	0.00363	0.00573
22	0.03353	0.18426	0.05994	0.06450	0.17179	0.08013	0.04909	0.05490	0.14895	0.04200	0.00909	0.02395	0.00733	0.00444	0.00422	0.00121	0.04891	0.00354	0.00253	0.00567
23	0.00878	0.06076	0.19034	0.00879	0.07018	0.00721	0.03147	0.01175	0.06548	0.09537	0.05938	0.03182	0.18311	0.00563	0.00399	0.00117	0.00377	0.00472	0.00298	0.15329
24	0.00987	0.00940	0.01589	0.11837	0.72453	0.00963	0.01222	0.02788	0.00930	0.01316	0.00762	0.01012	0.00632	0.00369	0.00402	0.00122	0.00488	0.00361	0.00202	0.00622
25	0.00494	0.00355	0.00469	0.00561	0.00587	0.00330	0.00375	0.00565	0.00781	0.01037	0.02290	0.83139	0.04986	0.01264	0.00517	0.00164	0.00235	0.01145	0.00377	0.00330
26	0.01135	0.33978	0.10005	0.01215	0.18670	0.02316	0.07438	0.04883	0.00960	0.11589	0.02021	0.00942	0.00681	0.00390	0.00351	0.00110	0.00466	0.00319	0.01951	0.00580
27	0.00947	0.16563	0.41296	0.03395	0.06136	0.02706	0.15117	0.04929	0.02867	0.01286	0.00748	0.00894	0.00566	0.00380	0.00382	0.00122	0.00566	0.00327	0.00196	0.00578
28	0.00499	0.00355	0.00469	0.00559	0.00581	0.00333	0.00370	0.00566	0.00767	0.01023	0.02186	0.81139	0.02620	0.05696	0.00599	0.00177	0.00244	0.01124	0.00370	0.00325
29	0.00576	0.02529	0.04653	0.00665	0.02327	0.00495	0.00516	0.00713	0.00734	0.01009	0.01676	0.26751	0.09144	0.02081	0.43699	0.00409	0.00700	0.00675	0.00276	0.00371
30	0.00924	0.00937	0.08290	0.06495	0.33293	0.03716	0.07289	0.01166	0.01992	0.06372	0.01116	0.01335	0.06748	0.00898	0.14836	0.00218	0.03184	0.00415	0.00235	0.00541
31	0.00833	0.01871	0.66533	0.01247	0.01798	0.00944	0.16499	0.01271	0.00874	0.01282	0.00780	0.02826	0.00582	0.00397	0.00406	0.00131	0.00607	0.00353	0.00182	0.00584
32	0.00968	0.00927	0.01581	0.15004	0.70980	0.00954	0.01227	0.01213	0.00907	0.01282	0.00757	0.01016	0.00627	0.00368	0.00402	0.00123	0.00491	0.00361	0.00198	0.00613
33	0.01408	0.01254	0.16278	0.02300	0.01302	0.13051	0.02730	0.21294	0.03437	0.26737	0.01071	0.01073	0.00743	0.00527	0.02412	0.00137	0.02927	0.00358	0.00344	0.00618
34	0.01040	0.02994	0.00999	0.00879	0.03653	0.06885	0.06842	0.16708	0.01101	0.11965	0.01504	0.27629	0.01500	0.00856	0.02995	0.00159	0.02589	0.08854	0.00352	0.00496
35	0.00733	0.00677	0.00939	0.00868	0.00877	0.00883	0.00686	0.00814	0.00683	0.01000	0.01203	0.34197	0.01380	0.00931	0.01011	0.00173	0.51621	0.00669	0.00256	0.00399
36	0.00480	0.00411	0.00411	0.00411	0.00548	0.00343	0.00308	0.00582	0.00925	0.01096	0.04110	0.03905	0.83046	0.01028	0.00480	0.00137	0.00206	0.00856	0.00377	0.00343
37	0.01394	0.01113	0.05208	0.00907	0.01222	0.01164	0.00770	0.65107	0.09571	0.02353	0.06187	0.01150	0.00932	0.00510	0.00410	0.00124	0.00426	0.00394	0.00398	0.00662
38	0.01497	0.01102	0.01169	0.00904	0.01217	0.02711	0.00744	0.74082	0.01824	0.04788	0.01140	0.01126	0.04755	0.00513	0.00409	0.00122	0.00437	0.00389	0.00404	0.00669
39	0.01017	0.40564	0.38247	0.00916	0.01373	0.01258	0.01054	0.06580	0.00920	0.03687	0.00695	0.00785	0.00543	0.00378	0.00330	0.00109	0.00506	0.00269	0.00198	0.00572
40	0.01085	0.85986	0.02126	0.00694	0.01041	0.01605	0.00694	0.01215	0.00824	0.00955	0.00564	0.00651	0.00521	0.00347	0.00260	0.00087	0.00434	0.00217	0.00174	0.00521
41	0.00530	0.00416	0.00492	0.00520	0.00623	0.00382	0.00400	0.00649	0.00885	0.01114	0.07086	0.14395	0.44239	0.03671	0.07784	0.00201	0.00321	0.15582	0.00362	0.00348
42	0.00918	0.00920	0.01301	0.02257	0.11597	0.02923	0.02031	0.01053	0.02301	0.01041	0.00592	0.00917	0.00562	0.00648	0.01152	0.00167	0.68603	0.00358	0.00186	0.00475
43	0.01009	0.20731	0.07385	0.00816	0.01103	0.01135	0.00716	0.01853	0.56044	0.01488	0.01314	0.01253	0.01007	0.00487	0.00373	0.00124	0.00368	0.00387	0.00336	0.02071
44	0.80883	0.00776	0.00627	0.00550	0.00807	0.00882	0.00453	0.01262	0.00732	0.09089	0.00657	0.00723	0.00490	0.00388	0.00265	0.00126	0.00317	0.00236	0.00273	0.00462
45	0.00622	0.00382	0.00466	0.00466	0.00466	0.00382	0.00275	0.00573	0.00573	0.00764	0.01119	0.02261	0.01261	0.62354	0.01932	0.24744	0.00382	0.00524	0.00227	0.00227
46	0.01206	0.56194	0.05603	0.00818	0.01140	0.22884	0.00758	0.05297	0.00963	0.01059	0.00608	0.00697	0.00529	0.00374	0.00301	0.00095	0.00519	0.00240	0.00194	0.00520
47	0.01155	0.00954	0.01297	0.28804	0.19059	0.01070	0.00984	0.35476	0.04175	0.01767	0.00870	0.01035	0.00650	0.00436	0.00405	0.00126	0.00481	0.00366	0.00289	0.00600
48	0.18828	0.01016	0.01044	0.00827	0.01120	0.01131	0.00679	0.57667	0.05596	0.02320	0.05151	0.01044	0.00829	0.00486	0.00379	0.00124	0.00401	0.00360	0.00377	0.00622
49	0.00573	0.00396	0.00438	0.00438	0.00459	0.00385	0.00255	0.00589	0.00642	0.00834	0.01716	0.02848	0.14071	0.72660	0.01820	0.00354	0.00364	0.00631	0.00266	0.00261
50	0.00524	0.00401	0.00485	0.00521	0.00610	0.00362	0.00389	0.00642	0.00917	0.01183	0.16599	0.29566	0.33495	0.01083	0.00502	0.00151	0.00235	0.11599	0.00388	0.00349
51	0.01516	0.01934	0.01150	0.01045	0.01254	0.84113	0.00784	0.01620	0.01150	0.00993	0.00627	0.00732	0.00523	0.00418	0.00366	0.00105	0.00732	0.00261	0.00209	0.00470
52	0.01019	0.00938	0.01546	0.06341	0.69366	0.00953	0.01167	0.03791	0.03008	0.03289	0.00843	0.01057	0.01566	0.00387	0.00414	0.00122	0.01622	0.00369	0.00221	0.01983
53	0.08981	0.24877	0.04066	0.01210	0.19960	0.05496	0.03874	0.15831	0.02657	0.05375	0.00814	0.00969	0.00659	0.00440	0.01239	0.00119	0.00466	0.02134	0.00257	0.00578
54	0.03660	0.12539	0.13950	0.01447	0.30019	0.02230	0.01979	0.14094	0.03671	0.08300	0.02125	0.00992	0.00704	0.00408	0.00377	0.00117	0.00464	0.00340	0.00263	0.02319
55	0.11769	0.10565	0.29841	0.01056	0.09272	0.03372	0.02921	0.07174	0.06061	0.01438	0.01756	0.00901	0.00630	0.00390	0.00352	0.00114	0.00470	0.00303	0.00230	0.11383
56	0.07209	0.12639	0.23964	0.01072	0.09837	0.05108	0.01994	0.13481	0.06249	0.05576	0.03391	0.01202	0.00831	0.00467	0.00381	0.00124	0.00473	0.05154	0.00270	0.00576
57	0.01096	0.13937	0.30459	0.02441	0.06298	0.02419	0.02337	0.06053	0.09499	0.15092	0.05700	0.01129	0.00883	0.00447	0.00383	0.00122	0.00467	0.00358	0.00284	0.00597

[dist]
# distance from previous block
# <min> <max>
21	79

[block]
# block no. 4 follows, 66 sequences, length 6
# corresponding to MSA columns:
# 346-351
name=unknown_E
#
# <colnr> <probs for GDERKNQSTAVLIFYWHMCP>
#	G	D	E	R	K	N	Q	S	T	A	V	L	I	F	Y	W	H	M	C	P
0	0.07215	0.03042	0.11543	0.01163	0.09221	0.05826	0.16172	0.13451	0.03045	0.07028	0.03404	0.01044	0.00744	0.00427	0.00436	0.00121	0.04652	0.00364	0.02627	0.08477
1	0.04013	0.02760	0.12404	0.00772	0.01042	0.00705	0.07554	0.05134	0.06949	0.09855	0.04057	0.01539	0.01032	0.23548	0.00835	0.00187	0.00413	0.00421	0.00284	0.16495
2	0.01024	0.03953	0.04504	0.01115	0.17719	0.02618	0.03856	0.21006	0.05196	0.05001	0.04793	0.01767	0.19784	0.00628	0.01991	0.00133	0.00406	0.00489	0.00324	0.03695
3	0.01183	0.10222	0.09563	0.01108	0.11422	0.06901	0.04081	0.20368	0.12562	0.07937	0.01150	0.01190	0.05438	0.00487	0.00438	0.00124	0.04541	0.00384	0.00306	0.00597
4	0.00965	0.17180	0.12461	0.00740	0.01016	0.04877	0.00679	0.04200	0.06870	0.08230	0.00974	0.01272	0.00840	0.13136	0.12512	0.00223	0.00524	0.00359	0.00255	0.12687
5	0.02855	0.08678	0.16342	0.01300	0.20983	0.00908	0.09132	0.06168	0.05713	0.06207	0.06980	0.07520	0.04418	0.00518	0.00409	0.00127	0.00446	0.00460	0.00275	0.00561

[dist]
# distance from previous block
# <min> <max>
0	3

[block]
# block no. 5 follows, 66 sequences, length 14
# corresponding to MSA columns:
# 355-368
name=unknown_F
#
# <colnr> <probs for GDERKNQSTAVLIFYWHMCP>
#	G	D	E	R	K	N	Q	S	T	A	V	L	I	F	Y	W	H	M	C	P
0	0.08737	0.54091	0.03925	0.00696	0.00997	0.05784	0.00654	0.01313	0.09687	0.01177	0.00764	0.00839	0.00642	0.00389	0.00288	0.00099	0.00408	0.00264	0.08738	0.00512
1	0.00779	0.05797	0.26640	0.00793	0.01108	0.00734	0.02517	0.03247	0.09514	0.03057	0.13425	0.04978	0.16205	0.01577	0.00440	0.00131	0.00385	0.03387	0.00306	0.04978
2	0.03611	0.04101	0.12617	0.00692	0.00842	0.00537	0.00610	0.00819	0.03560	0.01151	0.01908	0.47624	0.04215	0.01018	0.00482	0.00157	0.00325	0.14997	0.00335	0.00399
3	0.00997	0.11833	0.21708	0.08149	0.20818	0.01055	0.05955	0.09118	0.06387	0.03045	0.03229	0.01029	0.00726	0.00423	0.00425	0.00124	0.03804	0.00354	0.00235	0.00586
4	0.00566	0.08685	0.00643	0.00560	0.00634	0.00464	0.00406	0.00667	0.00859	0.01144	0.17680	0.57908	0.06121	0.01086	0.00484	0.00149	0.00245	0.00969	0.00370	0.00359
5	0.01042	0.06193	0.10665	0.02281	0.02686	0.03082	0.00706	0.03502	0.00926	0.22775	0.01435	0.22821	0.01361	0.02381	0.03396	0.00164	0.07825	0.05918	0.00336	0.00504
6	0.00904	0.06042	0.11287	0.00851	0.06109	0.00714	0.04528	0.01148	0.02520	0.04059	0.00768	0.00885	0.00615	0.00331	0.00329	0.00081	0.00377	0.00275	0.00236	0.57940
7	0.02615	0.13317	0.42328	0.01095	0.07386	0.00967	0.03998	0.02791	0.00936	0.17667	0.00886	0.00950	0.00629	0.00400	0.00373	0.00120	0.00506	0.00319	0.00248	0.02468
8	0.00959	0.00821	0.00874	0.00800	0.01010	0.00943	0.00616	0.02001	0.74542	0.01633	0.01708	0.09669	0.01379	0.00620	0.00423	0.00140	0.00313	0.00526	0.00409	0.00612
9	0.01063	0.06066	0.28022	0.00949	0.07180	0.00766	0.00892	0.03068	0.03253	0.22844	0.06015	0.09251	0.04258	0.03982	0.00475	0.00139	0.00423	0.00472	0.00318	0.00563
10	0.01053	0.04371	0.28585	0.02827	0.24023	0.02718	0.03942	0.05529	0.06323	0.11207	0.03143	0.02780	0.00802	0.00437	0.00399	0.00125	0.00491	0.00376	0.00261	0.00609
11	0.00584	0.00399	0.00483	0.00488	0.00502	0.00412	0.00301	0.00614	0.00610	0.00828	0.01288	0.06391	0.01446	0.66245	0.17357	0.00431	0.00516	0.00588	0.00247	0.00272
12	0.38357	0.00904	0.00895	0.00725	0.01007	0.00994	0.00595	0.34572	0.01258	0.12967	0.00924	0.03548	0.00688	0.00467	0.00344	0.00125	0.00370	0.00334	0.00352	0.00573
13	0.00991	0.06288	0.15062	0.03137	0.35061	0.03813	0.07651	0.06553	0.08114	0.01373	0.01851	0.03867	0.00772	0.00477	0.01835	0.00134	0.01805	0.00390	0.00235	0.00593

[dist]
# distance from previous block
# <min> <max>
3	6

[block]
# block no. 6 follows, 66 sequences, length 35
# corresponding to MSA columns:
# 375-409
name=unknown_G
#
# <colnr> <probs for GDERKNQSTAVLIFYWHMCP>
#	G	D	E	R	K	N	Q	S	T	A	V	L	I	F	Y	W	H	M	C	P
0	0.00574	0.00447	0.00590	0.00609	0.00674	0.00478	0.00451	0.00720	0.04015	0.01059	0.05471	0.32097	0.13151	0.04671	0.25665	0.00314	0.05956	0.02382	0.00316	0.00361
1	0.01037	0.09782	0.05960	0.07278	0.28405	0.02616	0.04218	0.09194	0.06228	0.07264	0.06412	0.07791	0.01051	0.00502	0.00405	0.00124	0.00439	0.00442	0.00280	0.00573
2	0.02608	0.05796	0.16028	0.01659	0.36978	0.00922	0.08782	0.01383	0.02334	0.15422	0.00952	0.01150	0.00734	0.00415	0.00402	0.00125	0.00487	0.02952	0.00256	0.00615
3	0.06904	0.00930	0.01058	0.00834	0.01113	0.00994	0.05272	0.50678	0.01520	0.05563	0.01512	0.03211	0.13743	0.00581	0.00412	0.00126	0.00396	0.01522	0.03040	0.00590
4	0.10351	0.01157	0.25256	0.05336	0.11304	0.00809	0.07171	0.01409	0.00944	0.24325	0.03617	0.01183	0.02693	0.00494	0.02085	0.00138	0.00476	0.00375	0.00293	0.00584
5	0.03471	0.11832	0.14492	0.08246	0.15335	0.05122	0.14519	0.07743	0.01890	0.12241	0.00864	0.00989	0.00641	0.00398	0.00390	0.00122	0.00518	0.00352	0.00252	0.00585
6	0.00600	0.00430	0.00552	0.00547	0.00574	0.00469	0.00371	0.00657	0.00620	0.00857	0.01201	0.02259	0.01297	0.52041	0.30152	0.00469	0.04123	0.02249	0.00236	0.00297
7	0.00498	0.00360	0.00473	0.00561	0.00593	0.00334	0.00381	0.00574	0.00790	0.01044	0.02341	0.78486	0.07266	0.01253	0.00517	0.00164	0.00238	0.03421	0.00377	0.00332
8	0.00620	0.05921	0.07232	0.00793	0.09153	0.00535	0.00572	0.00760	0.00855	0.01136	0.08100	0.41413	0.15015	0.02215	0.00495	0.00150	0.00301	0.03999	0.00333	0.00401
9	0.02233	0.05192	0.14506	0.07728	0.27786	0.07289	0.06475	0.10273	0.04108	0.05201	0.00871	0.03481	0.00698	0.00432	0.00414	0.00125	0.01981	0.00373	0.00244	0.00588
10	0.01041	0.02620	0.01218	0.01042	0.01103	0.22180	0.00847	0.01136	0.00759	0.00979	0.00573	0.00864	0.00544	0.00697	0.03453	0.00171	0.59805	0.00331	0.00187	0.00450
11	0.00721	0.00582	0.00712	0.00663	0.00832	0.00563	0.00513	0.01038	0.15149	0.01263	0.03686	0.24432	0.01638	0.00989	0.07957	0.00177	0.02066	0.11811	0.00328	0.24881
12	0.00909	0.01012	0.11325	0.01007	0.03124	0.06463	0.14092	0.06260	0.01882	0.02381	0.00855	0.01200	0.00744	0.08732	0.13625	0.01213	0.12049	0.00383	0.00227	0.12518
13	0.00480	0.00411	0.00411	0.00411	0.00548	0.00343	0.00308	0.00582	0.00925	0.01096	0.04110	0.03905	0.83046	0.01028	0.00480	0.00137	0.00206	0.00856	0.00377	0.00343
14	0.00656	0.00415	0.00471	0.00473	0.00586	0.00374	0.00351	0.00780	0.00904	0.07415	0.07869	0.18787	0.34660	0.03062	0.00482	0.00140	0.00227	0.02965	0.19007	0.00375
15	0.01290	0.00991	0.01048	0.00881	0.03103	0.03030	0.00692	0.46450	0.24475	0.02131	0.01191	0.01182	0.00879	0.00499	0.00393	0.00123	0.00390	0.00391	0.10229	0.00635
16	0.03832	0.02877	0.61617	0.01074	0.01595	0.00919	0.04318	0.01380	0.07028	0.06626	0.00849	0.00939	0.00605	0.00399	0.00383	0.00126	0.00541	0.00319	0.00218	0.04354
17	0.01041	0.03143	0.02066	0.01512	0.03076	0.04404	0.58209	0.04167	0.00965	0.05597	0.00817	0.01053	0.00623	0.00404	0.00566	0.00138	0.11012	0.00439	0.00224	0.00545
18	0.00979	0.01126	0.02347	0.01685	0.02088	0.04165	0.78679	0.01312	0.00965	0.01288	0.00813	0.01081	0.00612	0.00345	0.00475	0.00136	0.00686	0.00471	0.00205	0.00544
19	0.00974	0.00933	0.01599	0.02303	0.72988	0.00930	0.04840	0.01230	0.02146	0.01349	0.06075	0.01146	0.00855	0.00394	0.00410	0.00122	0.00470	0.00392	0.00220	0.00622
20	0.01079	0.82126	0.02138	0.00740	0.01090	0.01579	0.04379	0.01219	0.00830	0.00970	0.00576	0.00671	0.00525	0.00347	0.00270	0.00089	0.00445	0.00229	0.00175	0.00522
21	0.01770	0.00770	0.00991	0.00760	0.01076	0.00715	0.00628	0.16311	0.01295	0.68969	0.01488	0.01308	0.00948	0.00499	0.00408	0.00125	0.00363	0.00400	0.00485	0.00690
22	0.00499	0.00357	0.00475	0.00562	0.00589	0.00333	0.00377	0.00576	0.00798	0.01069	0.06851	0.80765	0.02749	0.01246	0.00516	0.00163	0.00233	0.01129	0.00381	0.00333
23	0.00594	0.00445	0.00569	0.00633	0.00724	0.00431	0.00509	0.00779	0.04605	0.01176	0.04168	0.24296	0.18689	0.01107	0.00525	0.00168	0.00299	0.39536	0.00378	0.00369
24	0.00645	0.00460	0.00643	0.00737	0.00826	0.00459	0.00638	0.00825	0.00925	0.01204	0.02153	0.09200	0.02355	0.01129	0.00558	0.00186	0.00366	0.75947	0.00374	0.00371
25	0.01155	0.00978	0.01304	0.01487	0.31379	0.01050	0.03029	0.26242	0.23167	0.01795	0.01111	0.03599	0.00876	0.00477	0.00411	0.00127	0.00426	0.00415	0.00326	0.00645
26	0.01752	0.00774	0.00990	0.00762	0.01076	0.00724	0.00628	0.16197	0.03178	0.67194	0.01490	0.01312	0.00954	0.00501	0.00408	0.00125	0.00363	0.00402	0.00483	0.00689
27	0.00590	0.00393	0.00442	0.00442	0.00442	0.00393	0.00246	0.00590	0.00590	0.00787	0.01278	0.02655	0.01475	0.85742	0.02065	0.00393	0.00393	0.00590	0.00246	0.00246
28	0.01021	0.48264	0.32033	0.00890	0.01322	0.05868	0.00997	0.03415	0.00883	0.01121	0.00639	0.00740	0.00523	0.00369	0.00316	0.00104	0.00511	0.00254	0.00181	0.00551
29	0.00967	0.00642	0.00870	0.01852	0.00910	0.00715	0.02470	0.10548	0.00911	0.15802	0.02926	0.09925	0.01158	0.10671	0.23780	0.00312	0.14265	0.00504	0.00307	0.00462
30	0.00888	0.01377	0.28082	0.01471	0.01925	0.00964	0.52099	0.01258	0.00921	0.01283	0.00922	0.02797	0.03196	0.00396	0.00450	0.00135	0.00633	0.00447	0.00203	0.00553
31	0.00560	0.00401	0.00520	0.00592	0.00641	0.00386	0.00429	0.02258	0.00823	0.01084	0.02197	0.52933	0.06865	0.09840	0.00681	0.00191	0.00285	0.18615	0.00363	0.00339
32	0.02004	0.12047	0.31709	0.01113	0.04890	0.09431	0.10389	0.05156	0.00994	0.15775	0.00870	0.00948	0.00627	0.00409	0.00399	0.00121	0.01949	0.00331	0.00251	0.00588
33	0.58050	0.17142	0.00976	0.00669	0.02786	0.07927	0.00548	0.01213	0.00759	0.01532	0.00609	0.02466	0.00517	0.00403	0.00305	0.00119	0.03036	0.00250	0.00232	0.00460
