[name]
unknown

[dist]
# distance from previous block
# <min> <max>
0	7

[block]
# block no. 0 follows, 40 sequences, length 9
# corresponding to MSA columns:
# 28-36
name=unknown_A
#
# <colnr> <probs for GDERKNQSTAVLIFYWHMCP>
#	G	D	E	R	K	N	Q	S	T	A	V	L	I	F	Y	W	H	M	C	P
0	0.05280	0.03905	0.06191	0.01546	0.14680	0.07501	0.01120	0.03248	0.03177	0.01823	0.04112	0.10569	0.02248	0.01218	0.03045	0.00238	0.00634	0.28370	0.00433	0.00664
1	0.01620	0.12680	0.12364	0.03157	0.04333	0.19734	0.02933	0.15337	0.05598	0.02051	0.06739	0.03936	0.05618	0.00728	0.00556	0.00169	0.00716	0.00566	0.00397	0.00768
2	0.01484	0.67710	0.02846	0.12934	0.01881	0.02145	0.01091	0.01702	0.01179	0.01386	0.00843	0.01028	0.00751	0.00510	0.00405	0.00135	0.00646	0.00343	0.00250	0.00731
3	0.01242	0.01087	0.01384	0.01280	0.12913	0.00869	0.00859	0.01514	0.01224	0.01896	0.01043	0.01242	0.00871	0.00444	0.00453	0.00100	0.00471	0.00371	0.00336	0.70402
4	0.01098	0.01034	0.01744	0.78165	0.04005	0.01292	0.01615	0.01486	0.01163	0.01486	0.01034	0.01550	0.00775	0.00581	0.00581	0.00194	0.00775	0.00517	0.00258	0.00646
5	0.01338	0.21998	0.34090	0.01712	0.13428	0.01592	0.01606	0.05297	0.01276	0.01772	0.01087	0.03999	0.00913	0.00718	0.02777	0.00194	0.04640	0.00471	0.00282	0.00812
6	0.01013	0.01044	0.09588	0.00910	0.01188	0.03994	0.02405	0.01306	0.03172	0.05575	0.22802	0.07530	0.28437	0.01135	0.00681	0.00188	0.02698	0.00955	0.02910	0.02469
7	0.01171	0.02676	0.01345	0.06295	0.09075	0.00986	0.05086	0.03544	0.06088	0.06662	0.08744	0.12756	0.05623	0.16154	0.05004	0.00306	0.06582	0.00837	0.00431	0.00633
8	0.04097	0.06163	0.13002	0.01280	0.03826	0.05748	0.04625	0.18355	0.06322	0.07068	0.06168	0.03759	0.10667	0.00778	0.00574	0.00174	0.00605	0.00634	0.00457	0.05699

[dist]
# distance from previous block
# <min> <max>
0	1

[block]
# block no. 1 follows, 40 sequences, length 8
# corresponding to MSA columns:
# 50-57
name=unknown_B
#
# <colnr> <probs for GDERKNQSTAVLIFYWHMCP>
#	G	D	E	R	K	N	Q	S	T	A	V	L	I	F	Y	W	H	M	C	P
0	0.01491	0.44263	0.07834	0.01497	0.10260	0.06501	0.07659	0.04410	0.01299	0.01605	0.01115	0.07524	0.01042	0.00626	0.00484	0.00153	0.00682	0.00499	0.00297	0.00760
1	0.08204	0.16084	0.04262	0.01126	0.04562	0.04126	0.00911	0.10138	0.02898	0.05029	0.03127	0.10147	0.01339	0.02157	0.00597	0.00161	0.03383	0.00564	0.00395	0.20790
2	0.03849	0.17575	0.04276	0.07395	0.01559	0.02826	0.02496	0.07911	0.01220	0.04551	0.01301	0.01829	0.01162	0.09268	0.26489	0.00461	0.04310	0.00534	0.00334	0.00651
3	0.03746	0.39662	0.21046	0.01354	0.01932	0.04971	0.09515	0.03672	0.03186	0.04520	0.01024	0.01166	0.00815	0.00537	0.00478	0.00155	0.00726	0.00410	0.00293	0.00792
4	0.04398	0.04239	0.07289	0.02569	0.01268	0.14012	0.00813	0.02955	0.01378	0.03815	0.17489	0.17124	0.11581	0.07540	0.00813	0.00218	0.00539	0.00907	0.00461	0.00593
5	0.00915	0.01098	0.13794	0.00979	0.01218	0.03516	0.00860	0.01269	0.07147	0.01752	0.13565	0.39326	0.09588	0.01353	0.00677	0.00210	0.00450	0.01191	0.00499	0.00595
6	0.01609	0.01354	0.01635	0.08214	0.01933	0.01528	0.06859	0.21344	0.43590	0.02624	0.01899	0.01864	0.01409	0.00723	0.00596	0.00191	0.00577	0.00612	0.00535	0.00903
7	0.01532	0.23689	0.14540	0.01176	0.01646	0.01577	0.01129	0.24563	0.01673	0.02230	0.01460	0.14579	0.01361	0.00794	0.00537	0.00167	0.00608	0.00631	0.00410	0.05699

[dist]
# distance from previous block
# <min> <max>
0	1

[block]
# block no. 2 follows, 40 sequences, length 6
# corresponding to MSA columns:
# 95-100
name=unknown_C
#
# <colnr> <probs for GDERKNQSTAVLIFYWHMCP>
#	G	D	E	R	K	N	Q	S	T	A	V	L	I	F	Y	W	H	M	C	P
0	0.01549	0.48728	0.09696	0.01296	0.07294	0.01932	0.01151	0.12849	0.01432	0.01818	0.01115	0.06667	0.01018	0.00630	0.00465	0.00150	0.00632	0.00467	0.00324	0.00788
1	0.06499	0.06717	0.47167	0.01609	0.06552	0.01501	0.01743	0.17567	0.01545	0.02264	0.01096	0.01243	0.00797	0.00578	0.00539	0.00178	0.00763	0.00442	0.00329	0.00871
2	0.05823	0.32433	0.31862	0.01306	0.01894	0.01701	0.03742	0.03887	0.01219	0.01706	0.01032	0.03536	0.00883	0.02964	0.00608	0.00177	0.03741	0.00441	0.00277	0.00769
3	0.01277	0.17546	0.44716	0.01417	0.02049	0.07243	0.01645	0.01750	0.01246	0.01680	0.01222	0.01756	0.01044	0.00862	0.04766	0.00220	0.00833	0.07673	0.00283	0.00772
4	0.05729	0.09475	0.24905	0.01208	0.01652	0.03529	0.04605	0.01541	0.01241	0.06108	0.04106	0.12039	0.13245	0.01006	0.02670	0.00209	0.04911	0.00741	0.00381	0.00696
5	0.01397	0.09832	0.15210	0.13092	0.06773	0.08978	0.11265	0.04698	0.03278	0.04620	0.04289	0.03195	0.03538	0.03172	0.00680	0.00193	0.02213	0.02490	0.00344	0.00743

[dist]
# distance from previous block
# <min> <max>
4	29

[block]
# block no. 3 follows, 40 sequences, length 19
# corresponding to MSA columns:
# 143-161
name=unknown_D
#
# <colnr> <probs for GDERKNQSTAVLIFYWHMCP>
#	G	D	E	R	K	N	Q	S	T	A	V	L	I	F	Y	W	H	M	C	P
0	0.01308	0.07311	0.46566	0.04904	0.09627	0.03724	0.03832	0.05584	0.01316	0.03164	0.01159	0.03213	0.00922	0.04115	0.00662	0.00197	0.00790	0.00495	0.00291	0.00819
1	0.00786	0.00582	0.00687	0.00738	0.00822	0.00553	0.00505	0.00944	0.03874	0.01486	0.05665	0.31701	0.20163	0.22772	0.01328	0.00315	0.00404	0.05714	0.00494	0.00467
2	0.01284	0.11942	0.56614	0.01709	0.08666	0.01458	0.01900	0.01897	0.03990	0.03736	0.01101	0.01265	0.00811	0.00556	0.00535	0.00176	0.00792	0.00436	0.00275	0.00857
3	0.01336	0.01206	0.07964	0.28095	0.08705	0.03894	0.02533	0.03726	0.03304	0.11819	0.05256	0.14541	0.03447	0.00854	0.00613	0.00194	0.00632	0.00749	0.00414	0.00718
4	0.01256	0.01555	0.14284	0.24924	0.23068	0.01340	0.18599	0.01698	0.01284	0.01776	0.03851	0.01576	0.01009	0.00561	0.00604	0.00187	0.00795	0.00563	0.00287	0.00784
5	0.01243	0.01305	0.10100	0.21196	0.23816	0.01197	0.06353	0.02883	0.01247	0.04712	0.03213	0.01718	0.01111	0.01324	0.15729	0.00332	0.00901	0.00557	0.00313	0.00751
6	0.01520	0.01587	0.10852	0.18035	0.18679	0.04325	0.19253	0.08664	0.01465	0.08146	0.01217	0.01495	0.00903	0.00565	0.00601	0.00184	0.00791	0.00549	0.00343	0.00826
7	0.01601	0.50471	0.14190	0.01342	0.07211	0.01892	0.03709	0.01889	0.01261	0.10093	0.01049	0.01158	0.00842	0.00533	0.00451	0.00146	0.00661	0.00389	0.00307	0.00806
8	0.00703	0.00527	0.00654	0.00755	0.00829	0.00477	0.00515	0.00816	0.01166	0.01506	0.03872	0.60917	0.21682	0.01735	0.00729	0.00226	0.00327	0.01547	0.00540	0.00477
9	0.01143	0.01362	0.14113	0.08780	0.20442	0.01096	0.09223	0.03344	0.03269	0.01823	0.05703	0.19406	0.04220	0.00924	0.00637	0.00198	0.00633	0.02571	0.00384	0.00729
10	0.03185	0.06405	0.30267	0.10109	0.15033	0.07582	0.05958	0.01960	0.04269	0.08074	0.01188	0.01383	0.00881	0.00570	0.00556	0.00178	0.00776	0.00478	0.00318	0.00830
11	0.01250	0.01221	0.02047	0.52315	0.15637	0.03432	0.10317	0.03776	0.01275	0.01663	0.01068	0.01516	0.00818	0.00564	0.00592	0.00189	0.00789	0.00534	0.00278	0.00719
12	0.00885	0.00871	0.06500	0.01394	0.15899	0.00719	0.00893	0.01081	0.01188	0.01603	0.02943	0.49435	0.11464	0.01430	0.00689	0.00215	0.00441	0.01289	0.00468	0.00592
13	0.01345	0.01417	0.12347	0.09300	0.21359	0.04971	0.07023	0.01665	0.01285	0.09360	0.01677	0.19458	0.01594	0.00872	0.00668	0.00195	0.03547	0.00781	0.00382	0.00755
14	0.01190	0.01406	0.17533	0.10030	0.03235	0.02958	0.08078	0.05575	0.01290	0.04645	0.04880	0.17556	0.03051	0.01090	0.02591	0.07364	0.02392	0.00776	0.00380	0.03977
15	0.01193	0.01096	0.01796	0.08605	0.47333	0.01102	0.01385	0.01478	0.01285	0.01784	0.05155	0.16986	0.06595	0.00870	0.00621	0.00189	0.00584	0.00809	0.00367	0.00767
16	0.02941	0.04605	0.07317	0.15350	0.34510	0.03770	0.08873	0.01849	0.01311	0.09130	0.01172	0.01462	0.00907	0.00570	0.00625	0.00181	0.03755	0.00519	0.00322	0.00832
17	0.03222	0.10344	0.16988	0.14028	0.16033	0.04909	0.06483	0.06754	0.02762	0.03215	0.01341	0.04170	0.03724	0.00651	0.00599	0.00180	0.02941	0.00547	0.00324	0.00785
18	0.01350	0.03313	0.06094	0.25265	0.11453	0.10751	0.02474	0.06110	0.01356	0.04256	0.03275	0.09529	0.04312	0.04300	0.00745	0.00205	0.03498	0.00664	0.00355	0.00695

[dist]
# distance from previous block
# <min> <max>
3	27

[block]
# block no. 4 follows, 40 sequences, length 15
# corresponding to MSA columns:
# 277-291
name=unknown_E
#
# <colnr> <probs for GDERKNQSTAVLIFYWHMCP>
#	G	D	E	R	K	N	Q	S	T	A	V	L	I	F	Y	W	H	M	C	P
0	0.01397	0.05629	0.26921	0.01727	0.02316	0.01296	0.26233	0.04009	0.01390	0.09508	0.03537	0.02137	0.01311	0.00694	0.00627	0.00195	0.00790	0.09117	0.00367	0.00798
1	0.00943	0.00853	0.00824	0.00780	0.00954	0.09709	0.00585	0.01163	0.01548	0.01989	0.45250	0.04334	0.26500	0.01206	0.00667	0.00183	0.00373	0.01025	0.00569	0.00546
2	0.01168	0.01311	0.12557	0.01189	0.06503	0.00911	0.03173	0.03472	0.01283	0.01894	0.03461	0.01870	0.09936	0.00706	0.02441	0.00149	0.00543	0.00514	0.00361	0.46559
3	0.05928	0.10775	0.05484	0.17022	0.08790	0.04108	0.07139	0.11369	0.03937	0.15987	0.01355	0.01499	0.00985	0.00606	0.00547	0.00175	0.00671	0.00505	0.02298	0.00820
4	0.02081	0.01509	0.01631	0.01286	0.01723	0.01667	0.01051	0.54778	0.17378	0.08272	0.01654	0.01593	0.01179	0.00718	0.00584	0.00180	0.00594	0.00555	0.00593	0.00975
5	0.01248	0.10475	0.01426	0.00877	0.01392	0.00958	0.00726	0.01497	0.01203	0.01832	0.01007	0.01173	0.00848	0.00439	0.00424	0.00091	0.00454	0.00341	0.00333	0.73258
6	0.01492	0.01709	0.21637	0.09914	0.15117	0.01299	0.04462	0.12877	0.05089	0.08594	0.06270	0.01656	0.01253	0.00631	0.00576	0.00177	0.00678	0.00540	0.00397	0.05633
7	0.01349	0.06618	0.12235	0.09657	0.45042	0.01351	0.01627	0.01721	0.01272	0.01819	0.01055	0.01358	0.00864	0.00516	0.00541	0.00162	0.00684	0.00470	0.00284	0.11374
8	0.04102	0.01574	0.14129	0.06055	0.25332	0.03170	0.04516	0.10047	0.06396	0.05102	0.04086	0.01818	0.06033	0.00657	0.00575	0.00176	0.00655	0.00570	0.00385	0.04622
9	0.01466	0.15173	0.04261	0.19741	0.18784	0.05386	0.01342	0.10370	0.05819	0.01928	0.03375	0.01460	0.01032	0.00598	0.00563	0.00167	0.02326	0.00487	0.00340	0.05382
10	0.01453	0.04658	0.07622	0.05081	0.12308	0.08623	0.03517	0.06627	0.06360	0.06333	0.12188	0.01850	0.01635	0.00678	0.00603	0.00163	0.03371	0.00558	0.02339	0.14032
11	0.01489	0.03086	0.07358	0.10544	0.06830	0.08123	0.01132	0.14834	0.04794	0.06948	0.13736	0.05141	0.04288	0.00818	0.00682	0.00183	0.05855	0.00656	0.00451	0.03051
12	0.01362	0.02954	0.04590	0.03619	0.12011	0.05635	0.17562	0.03325	0.03412	0.07940	0.07960	0.06459	0.05312	0.06021	0.03115	0.00229	0.02349	0.00709	0.00401	0.05035
13	0.03299	0.08053	0.07324	0.06902	0.08369	0.02586	0.03800	0.03658	0.09565	0.07290	0.06600	0.20364	0.05409	0.03344	0.00680	0.00203	0.00543	0.00856	0.00450	0.00705
14	0.03860	0.03250	0.05296	0.01469	0.08389	0.12928	0.09618	0.07676	0.04878	0.10200	0.05952	0.04615	0.08684	0.00744	0.00578	0.00169	0.00641	0.00634	0.00434	0.09983

[dist]
# distance from previous block
# <min> <max>
10	73

[block]
# block no. 5 follows, 40 sequences, length 21
# corresponding to MSA columns:
# 406-426
name=unknown_F
#
# <colnr> <probs for GDERKNQSTAVLIFYWHMCP>
#	G	D	E	R	K	N	Q	S	T	A	V	L	I	F	Y	W	H	M	C	P
0	0.07032	0.04660	0.06026	0.01644	0.19264	0.05346	0.01104	0.04190	0.06028	0.09483	0.06204	0.06870	0.02909	0.02227	0.00634	0.00176	0.02838	0.00602	0.00414	0.12349
1	0.03281	0.03126	0.08794	0.10910	0.04544	0.07382	0.09603	0.11221	0.08329	0.06095	0.03875	0.05821	0.03409	0.00700	0.00575	0.00174	0.00661	0.00603	0.00411	0.10486
2	0.08294	0.09159	0.05484	0.03377	0.07411	0.08185	0.02372	0.10780	0.01486	0.07134	0.06212	0.04780	0.07594	0.00749	0.00584	0.00166	0.03322	0.00589	0.02900	0.09421
3	0.01402	0.01248	0.03670	0.03807	0.05697	0.06727	0.04292	0.12593	0.06767	0.04808	0.14054	0.09018	0.02011	0.00791	0.00578	0.00162	0.00542	0.00678	0.00464	0.20693
4	0.10337	0.03416	0.01553	0.01398	0.08508	0.09047	0.02990	0.17410	0.11560	0.15343	0.01628	0.04158	0.01274	0.00793	0.02162	0.00193	0.00624	0.03050	0.00494	0.04064
5	0.11509	0.01654	0.03668	0.01552	0.12827	0.21830	0.01087	0.06168	0.06199	0.04825	0.05367	0.01585	0.03462	0.00679	0.00643	0.00169	0.07157	0.00498	0.00382	0.08738
6	0.04325	0.01423	0.06459	0.01680	0.16366	0.01433	0.01184	0.19065	0.25558	0.02517	0.06523	0.01815	0.01489	0.00711	0.00625	0.00182	0.03480	0.00581	0.00480	0.04104
7	0.01574	0.01312	0.05855	0.01145	0.01558	0.01277	0.00957	0.10475	0.40213	0.10128	0.04393	0.01920	0.01563	0.00711	0.00564	0.00173	0.00497	0.00583	0.00544	0.14559
8	0.08255	0.01508	0.03394	0.01223	0.01688	0.01575	0.01023	0.51421	0.06323	0.04982	0.01370	0.01389	0.00993	0.00652	0.00545	0.00165	0.00589	0.00490	0.00529	0.11886
9	0.01203	0.01133	0.05360	0.01198	0.01451	0.06040	0.07512	0.12638	0.01315	0.01780	0.01439	0.02008	0.01273	0.06224	0.45953	0.00641	0.01248	0.00596	0.00350	0.00638
10	0.00846	0.00564	0.00634	0.00634	0.00634	0.00564	0.00352	0.00846	0.00846	0.01128	0.01832	0.03805	0.02114	0.79563	0.02960	0.00564	0.00564	0.00846	0.00352	0.00352
11	0.01154	0.00712	0.00894	0.00874	0.01050	0.00682	0.00665	0.03704	0.05918	0.13398	0.14318	0.25276	0.11234	0.06322	0.00838	0.00236	0.00407	0.11131	0.00575	0.00612
12	0.01564	0.05269	0.33243	0.04458	0.08606	0.07897	0.08347	0.19659	0.01652	0.02232	0.01126	0.01304	0.00831	0.00583	0.00566	0.00177	0.00806	0.00478	0.00342	0.00862
13	0.01577	0.01576	0.02221	0.08769	0.50802	0.13683	0.06031	0.01898	0.01382	0.04910	0.01113	0.01415	0.00901	0.00543	0.00575	0.00172	0.00765	0.00508	0.00306	0.00854
14	0.00768	0.00534	0.00670	0.00746	0.00769	0.00519	0.00474	0.00834	0.01000	0.01338	0.02592	0.46090	0.03059	0.32647	0.04914	0.00396	0.00479	0.01290	0.00456	0.00427
15	0.01420	0.01323	0.13003	0.09591	0.01999	0.01128	0.10872	0.06202	0.01330	0.15453	0.03637	0.03509	0.01290	0.01605	0.19656	0.00377	0.05861	0.00605	0.00396	0.00743
16	0.01685	0.11608	0.11748	0.03471	0.03619	0.16659	0.13198	0.17519	0.04810	0.02084	0.01231	0.01399	0.02510	0.00634	0.00638	0.00175	0.05347	0.00502	0.00360	0.00802
17	0.01961	0.01144	0.01342	0.01078	0.01457	0.01164	0.00873	0.25502	0.10644	0.28593	0.13028	0.02384	0.06507	0.00836	0.00606	0.00182	0.00493	0.00682	0.00637	0.00886
18	0.01610	0.01709	0.05108	0.18692	0.32154	0.17962	0.01535	0.10769	0.01531	0.01923	0.01074	0.01364	0.00853	0.00573	0.00565	0.00173	0.00788	0.00483	0.00319	0.00814
19	0.01376	0.03441	0.07663	0.10301	0.26307	0.10672	0.08302	0.03787	0.03642	0.01749	0.01337	0.05716	0.01198	0.04420	0.05284	0.00244	0.00798	0.02681	0.00325	0.00757
20	0.01603	0.09094	0.04802	0.04093	0.20938	0.10363	0.01201	0.06266	0.08542	0.11000	0.07569	0.01962	0.06129	0.00720	0.00610	0.00175	0.03110	0.00586	0.00425	0.00810

[dist]
# distance from previous block
# <min> <max>
0	5

[block]
# block no. 6 follows, 40 sequences, length 17
# corresponding to MSA columns:
# 457-473
name=unknown_G
#
# <colnr> <probs for GDERKNQSTAVLIFYWHMCP>
#	G	D	E	R	K	N	Q	S	T	A	V	L	I	F	Y	W	H	M	C	P
0	0.01401	0.05717	0.07529	0.11207	0.17174	0.01310	0.16596	0.09145	0.01472	0.05655	0.05067	0.04780	0.01478	0.00740	0.00622	0.00191	0.00707	0.08043	0.00383	0.00782
1	0.01479	0.09135	0.05538	0.13855	0.18683	0.05266	0.04943	0.05534	0.01331	0.09330	0.01312	0.06025	0.01111	0.00944	0.05925	0.00236	0.07659	0.00574	0.00351	0.00770
2	0.01357	0.01516	0.13241	0.13992	0.19970	0.03641	0.09742	0.05232	0.01306	0.05238	0.01235	0.01694	0.01012	0.02864	0.07923	0.00269	0.06458	0.02219	0.00320	0.00771
3	0.05327	0.04537	0.21533	0.10136	0.18674	0.06282	0.06149	0.09935	0.08123	0.02067	0.01193	0.01400	0.00909	0.00582	0.00559	0.00179	0.00745	0.00493	0.00337	0.00839
4	0.03394	0.13268	0.13269	0.01389	0.07829	0.05805	0.07206	0.07694	0.06185	0.01932	0.07034	0.02498	0.18498	0.00820	0.00577	0.00176	0.00608	0.00682	0.00404	0.00734
5	0.01011	0.24012	0.01424	0.00902	0.01097	0.01058	0.00743	0.01168	0.01174	0.01489	0.02501	0.35206	0.05258	0.04982	0.00747	0.00223	0.00471	0.15528	0.00444	0.00561
6	0.00866	0.00675	0.00995	0.01003	0.01107	0.00707	0.04555	0.01047	0.01111	0.01502	0.02526	0.27196	0.05048	0.08452	0.19357	0.00435	0.04745	0.17717	0.00441	0.00514
7	0.01860	0.04590	0.14374	0.05208	0.11471	0.12904	0.01351	0.27947	0.01878	0.08766	0.01276	0.01382	0.00935	0.00625	0.00556	0.00171	0.00728	0.00483	0.02620	0.00875
8	0.10110	0.01188	0.03304	0.10919	0.16997	0.02641	0.01142	0.08424	0.04757	0.12789	0.01479	0.05222	0.01178	0.00708	0.00648	0.00183	0.06738	0.00564	0.10231	0.00779
9	0.01134	0.01070	0.01808	0.70404	0.11489	0.01301	0.01633	0.01517	0.01180	0.01529	0.01040	0.01539	0.00790	0.00575	0.00581	0.00192	0.00766	0.00517	0.00261	0.00675
10	0.00968	0.00916	0.05925	0.03583	0.12522	0.00791	0.00897	0.01332	0.04906	0.02107	0.43126	0.03754	0.11285	0.01059	0.00659	0.00188	0.00414	0.04398	0.00532	0.00639
11	0.01050	0.00924	0.01311	0.01155	0.01202	0.01153	0.04415	0.01164	0.00906	0.01318	0.01299	0.02353	0.01365	0.29111	0.15519	0.00480	0.33795	0.00656	0.00301	0.00523
12	0.01485	0.01540	0.14597	0.01296	0.01725	0.01362	0.03647	0.11748	0.39669	0.05868	0.02041	0.06955	0.01626	0.00814	0.00603	0.00196	0.00567	0.02864	0.00520	0.00876
13	0.00846	0.00564	0.00634	0.00634	0.00634	0.00564	0.00352	0.00846	0.00846	0.01128	0.01832	0.03805	0.02114	0.79563	0.02960	0.00564	0.00564	0.00846	0.00352	0.00352
14	0.08320	0.20332	0.16397	0.08839	0.06267	0.06218	0.11782	0.07736	0.01379	0.04372	0.01094	0.02806	0.00872	0.00576	0.00523	0.00170	0.00740	0.00476	0.00319	0.00782
15	0.28270	0.08677	0.01156	0.00879	0.01169	0.05025	0.00699	0.10297	0.04959	0.02136	0.02151	0.10261	0.13835	0.07299	0.00715	0.00213	0.00492	0.00697	0.00433	0.00639
16	0.04180	0.16968	0.05474	0.02744	0.01449	0.01305	0.02609	0.07390	0.11302	0.04561	0.08128	0.08011	0.10698	0.00959	0.02525	0.00194	0.04359	0.00697	0.00440	0.06007

[dist]
# distance from previous block
# <min> <max>
4	13

[block]
# block no. 7 follows, 40 sequences, length 29
# corresponding to MSA columns:
# 530-548,550-559
name=unknown_H
#
# <colnr> <probs for GDERKNQSTAVLIFYWHMCP>
#	G	D	E	R	K	N	Q	S	T	A	V	L	I	F	Y	W	H	M	C	P
0	0.00979	0.10050	0.10134	0.00987	0.01300	0.00956	0.05666	0.01355	0.07851	0.01746	0.12036	0.13802	0.26885	0.02843	0.00684	0.00199	0.00468	0.00970	0.00468	0.00623
1	0.01320	0.09305	0.04102	0.01056	0.04177	0.05755	0.02282	0.01636	0.05278	0.13002	0.26878	0.09997	0.08882	0.00987	0.00613	0.00179	0.00466	0.00842	0.00527	0.02718
2	0.01119	0.00792	0.00924	0.00841	0.01037	0.03344	0.00642	0.01570	0.11554	0.08842	0.54519	0.03664	0.04348	0.01058	0.00651	0.00182	0.00346	0.00919	0.03008	0.00642
3	0.01719	0.50775	0.07675	0.01196	0.01657	0.25395	0.01114	0.01928	0.01329	0.01418	0.00853	0.00989	0.00746	0.00533	0.00432	0.00136	0.00770	0.00339	0.00264	0.00732
4	0.01223	0.14241	0.65814	0.01561	0.02367	0.01489	0.01980	0.01827	0.01221	0.01772	0.01009	0.01185	0.00738	0.00544	0.00526	0.00175	0.00825	0.00412	0.00246	0.00843
5	0.01027	0.00898	0.01432	0.08712	0.27179	0.00896	0.02862	0.01273	0.01276	0.01753	0.11918	0.30523	0.05625	0.01129	0.00659	0.00201	0.00505	0.01038	0.00435	0.00662
6	0.01234	0.17774	0.54979	0.01422	0.02142	0.01459	0.01758	0.01776	0.01218	0.01780	0.01079	0.01260	0.00810	0.00554	0.00504	0.00168	0.00757	0.00417	0.08103	0.00807
7	0.01346	0.08596	0.19046	0.01540	0.08791	0.04231	0.08287	0.07199	0.05078	0.01904	0.01240	0.04536	0.01038	0.00831	0.04512	0.02836	0.00721	0.00514	0.00335	0.17417
8	0.00810	0.00603	0.00770	0.00784	0.00851	0.00634	0.00548	0.00918	0.00993	0.01334	0.02560	0.16566	0.13311	0.28432	0.24701	0.00552	0.03818	0.00963	0.00397	0.00456
9	0.02140	0.01594	0.01705	0.01324	0.01776	0.01770	0.01088	0.67415	0.09431	0.03551	0.01486	0.01468	0.01062	0.00707	0.00583	0.00177	0.00623	0.00536	0.00583	0.00983
10	0.46517	0.05437	0.01319	0.04069	0.07800	0.17745	0.00907	0.01871	0.01212	0.05000	0.00979	0.01220	0.00795	0.00586	0.00443	0.00173	0.00625	0.02269	0.00350	0.00682
11	0.00929	0.00740	0.01126	0.01246	0.08871	0.00728	0.06593	0.01125	0.01191	0.01646	0.02678	0.37981	0.06289	0.04578	0.00823	0.00234	0.02943	0.11605	0.08111	0.00561
12	0.01162	0.03014	0.01127	0.08845	0.01354	0.09097	0.00799	0.03762	0.01054	0.01344	0.03209	0.03690	0.01227	0.02063	0.17662	0.35461	0.03812	0.00556	0.00300	0.00463
13	0.00716	0.00556	0.00654	0.00714	0.00831	0.00493	0.00510	0.00858	0.01261	0.01605	0.10714	0.37882	0.35709	0.01606	0.00715	0.00215	0.00319	0.03605	0.00549	0.00489
14	0.01542	0.07501	0.01880	0.25818	0.12230	0.06565	0.03238	0.18404	0.09950	0.02177	0.04156	0.01598	0.01139	0.00639	0.00569	0.00178	0.00690	0.00534	0.00392	0.00802
15	0.01280	0.01211	0.02048	0.42899	0.33522	0.01350	0.03818	0.03795	0.01283	0.01733	0.01074	0.01501	0.00845	0.00556	0.00582	0.00185	0.00743	0.00523	0.00281	0.00774
16	0.01098	0.01034	0.01744	0.78165	0.04005	0.01292	0.01615	0.01486	0.01163	0.01486	0.01034	0.01550	0.00775	0.00581	0.00581	0.00194	0.00775	0.00517	0.00258	0.00646
17	0.00831	0.00621	0.00923	0.00923	0.01022	0.00720	0.00712	0.01031	0.00931	0.01341	0.01569	0.02345	0.01480	0.07376	0.74281	0.00920	0.01518	0.00632	0.00313	0.00513
18	0.00804	0.00633	0.00723	0.00726	0.00890	0.00582	0.00543	0.03591	0.03129	0.01800	0.18477	0.18099	0.39918	0.01520	0.02788	0.00223	0.00359	0.04108	0.00556	0.00530
19	0.01571	0.05487	0.04307	0.01207	0.06074	0.01202	0.00948	0.16562	0.09398	0.07764	0.01334	0.01405	0.01020	0.00558	0.00500	0.00134	0.00523	0.00444	0.00435	0.39128
20	0.01497	0.01426	0.09225	0.06828	0.14569	0.01329	0.13084	0.10360	0.09193	0.09281	0.05471	0.05991	0.01428	0.00737	0.00715	0.00193	0.06780	0.00649	0.00421	0.00822
21	0.04913	0.19221	0.14373	0.01457	0.06544	0.06849	0.07096	0.11305	0.03166	0.08275	0.01299	0.03516	0.02174	0.00627	0.00552	0.00165	0.02304	0.00495	0.00372	0.05298
22	0.01434	0.19507	0.25320	0.01564	0.06917	0.03308	0.09376	0.04610	0.07691	0.05998	0.04558	0.01611	0.01186	0.00696	0.02114	0.00188	0.00731	0.02027	0.00349	0.00815
23	0.00739	0.00550	0.00750	0.00823	0.00897	0.00509	0.02341	0.00876	0.01207	0.01615	0.13132	0.61769	0.09262	0.01678	0.00729	0.00225	0.00342	0.01517	0.00547	0.00492
24	0.01577	0.09826	0.14160	0.13223	0.17298	0.13114	0.05135	0.06782	0.06065	0.05638	0.01183	0.01387	0.00908	0.00581	0.00552	0.00172	0.00765	0.00481	0.00335	0.00816
25	0.01492	0.07479	0.19725	0.05138	0.22637	0.03874	0.08930	0.10279	0.04513	0.04587	0.01248	0.03731	0.00996	0.00615	0.00598	0.00179	0.02246	0.00537	0.00344	0.00853
26	0.01059	0.00793	0.00886	0.00884	0.01037	0.04546	0.00660	0.04260	0.04201	0.07060	0.08665	0.30744	0.17198	0.05409	0.00843	0.00232	0.02555	0.07862	0.00534	0.00572
27	0.00827	0.00615	0.00728	0.00768	0.00861	0.00598	0.00535	0.01056	0.06886	0.01560	0.08441	0.27981	0.16408	0.22525	0.01318	0.00313	0.00412	0.07179	0.00500	0.00489
28	0.04808	0.04552	0.06565	0.07850	0.16322	0.01451	0.09887	0.11130	0.04087	0.10504	0.01305	0.03798	0.01036	0.00698	0.00794	0.00193	0.13255	0.00562	0.00385	0.00818

[dist]
# distance from previous block
# <min> <max>
0	4

[block]
# block no. 8 follows, 40 sequences, length 16
# corresponding to MSA columns:
# 564-579
name=unknown_I
#
# <colnr> <probs for GDERKNQSTAVLIFYWHMCP>
#	G	D	E	R	K	N	Q	S	T	A	V	L	I	F	Y	W	H	M	C	P
0	0.01618	0.33240	0.25421	0.01342	0.01900	0.21023	0.01390	0.04906	0.01379	0.01624	0.00929	0.01073	0.00754	0.00549	0.00476	0.00151	0.00805	0.00373	0.00274	0.00773
1	0.01000	0.00845	0.01202	0.01556	0.21283	0.00817	0.00946	0.02696	0.02918	0.01808	0.09466	0.12847	0.24021	0.01226	0.00682	0.00207	0.00463	0.14897	0.00481	0.00638
2	0.01439	0.01382	0.02360	0.03569	0.75936	0.01382	0.01785	0.01785	0.01324	0.01900	0.01094	0.01439	0.00921	0.00518	0.00576	0.00173	0.00691	0.00518	0.00288	0.00921
3	0.00762	0.00585	0.00682	0.00674	0.00812	0.00532	0.00488	0.00934	0.01337	0.01751	0.28277	0.08554	0.34761	0.11586	0.05445	0.00284	0.00398	0.01106	0.00536	0.00493
4	0.00746	0.00529	0.00701	0.00823	0.00865	0.00502	0.00568	0.00857	0.01115	0.01482	0.03070	0.64451	0.03638	0.08625	0.00944	0.00268	0.00379	0.09443	0.00523	0.00469
5	0.01215	0.01168	0.02025	0.51630	0.25281	0.01329	0.05874	0.01596	0.01223	0.01631	0.01060	0.01518	0.00825	0.00557	0.00586	0.00188	0.00762	0.00527	0.00269	0.00736
6	0.00717	0.00536	0.00667	0.00749	0.00833	0.00486	0.00518	0.00850	0.01228	0.01608	0.12634	0.52919	0.20810	0.01663	0.00723	0.00220	0.00320	0.01481	0.00552	0.00486
7	0.05752	0.24102	0.10744	0.07905	0.01869	0.07626	0.02599	0.08400	0.01367	0.01864	0.00984	0.01159	0.00797	0.00523	0.00465	0.00139	0.00648	0.00384	0.00316	0.22358
8	0.01417	0.01515	0.08425	0.03413	0.69934	0.01379	0.01814	0.01789	0.01316	0.01895	0.01090	0.01422	0.00906	0.00521	0.00574	0.00174	0.00705	0.00511	0.00284	0.00916
9	0.00733	0.00520	0.00683	0.00803	0.00838	0.00491	0.00538	0.00832	0.01096	0.01459	0.03056	0.68019	0.03643	0.09906	0.00976	0.00272	0.00370	0.04782	0.00520	0.00463
10	0.00806	0.00559	0.00701	0.00738	0.00766	0.00569	0.00473	0.00871	0.00935	0.01266	0.02156	0.24080	0.02465	0.44473	0.16078	0.00543	0.00686	0.01025	0.00396	0.00416
11	0.05521	0.01069	0.01356	0.01049	0.01487	0.00992	0.00865	0.12833	0.01777	0.60137	0.02259	0.02007	0.04414	0.00741	0.00580	0.00180	0.00505	0.00592	0.00679	0.00955
12	0.01440	0.01370	0.02269	0.03360	0.69400	0.01387	0.01709	0.01899	0.07784	0.01947	0.01206	0.01503	0.00996	0.00542	0.00577	0.00175	0.00671	0.00530	0.00315	0.00921
13	0.00947	0.00734	0.00878	0.00818	0.01000	0.00737	0.00620	0.01505	0.17325	0.02297	0.54698	0.03971	0.09950	0.01124	0.00666	0.00187	0.00316	0.00980	0.00622	0.00624
14	0.01299	0.01285	0.01580	0.31593	0.06345	0.11744	0.01265	0.03804	0.05594	0.01749	0.13712	0.01936	0.01641	0.00768	0.00803	0.00194	0.13061	0.00595	0.00359	0.00672
15	0.01399	0.01306	0.08178	0.01751	0.23626	0.01013	0.01158	0.01717	0.01285	0.08670	0.01167	0.01348	0.00921	0.00494	0.00498	0.00129	0.00551	0.00425	0.00353	0.44009

[dist]
# distance from previous block
# <min> <max>
0	1

[block]
# block no. 9 follows, 40 sequences, length 27
# corresponding to MSA columns:
# 581-607
name=unknown_J
#
# <colnr> <probs for GDERKNQSTAVLIFYWHMCP>
#	G	D	E	R	K	N	Q	S	T	A	V	L	I	F	Y	W	H	M	C	P
0	0.01477	0.01522	0.01330	0.01040	0.01496	0.22263	0.00811	0.01705	0.01330	0.01762	0.00996	0.01162	0.00830	0.00478	0.00457	0.00104	0.00604	0.00353	0.00332	0.59946
1	0.09351	0.06041	0.02057	0.02441	0.37729	0.26694	0.03928	0.01957	0.01395	0.01777	0.00990	0.01240	0.00826	0.00545	0.00531	0.00164	0.00794	0.00446	0.00297	0.00798
2	0.00849	0.00581	0.00722	0.00722	0.00758	0.00612	0.00467	0.00920	0.00884	0.01227	0.01751	0.03295	0.01895	0.54398	0.25287	0.00662	0.00854	0.00769	0.02937	0.00409
3	0.01666	0.02977	0.16139	0.05469	0.04107	0.02724	0.08483	0.12508	0.06857	0.18390	0.03000	0.05536	0.01366	0.00824	0.02216	0.00205	0.03134	0.03097	0.00464	0.00839
4	0.01274	0.05373	0.64303	0.01585	0.02374	0.01422	0.01964	0.07398	0.05356	0.01997	0.01135	0.01282	0.00813	0.00575	0.00551	0.00182	0.00813	0.00445	0.00290	0.00869
5	0.01206	0.01034	0.01206	0.00861	0.01378	0.00775	0.00689	0.01464	0.01206	0.01895	0.01034	0.01206	0.00861	0.00431	0.00431	0.00086	0.00431	0.00345	0.00345	0.83118
6	0.01302	0.20054	0.08952	0.09585	0.10403	0.01476	0.19215	0.01692	0.03257	0.01699	0.01340	0.05031	0.01206	0.00674	0.00574	0.00178	0.00720	0.07238	0.00318	0.05084
7	0.00832	0.00617	0.00904	0.00904	0.00997	0.00710	0.00689	0.01019	0.00925	0.01327	0.01586	0.02440	0.01521	0.12049	0.69663	0.00897	0.01456	0.00646	0.00316	0.00502
8	0.01951	0.01263	0.01390	0.01101	0.01516	0.03948	0.00890	0.25159	0.12624	0.21962	0.01742	0.01686	0.01237	0.00671	0.00544	0.00162	0.00527	0.00528	0.07627	0.13473
9	0.02172	0.02772	0.01648	0.01498	0.01798	0.77228	0.01124	0.02322	0.01648	0.01423	0.00899	0.01049	0.00749	0.00599	0.00524	0.00150	0.01049	0.00375	0.00300	0.00674
10	0.00993	0.00511	0.00745	0.00745	0.00745	0.00511	0.00489	0.00767	0.00767	0.01022	0.01094	0.01976	0.01123	0.09948	0.02343	0.74645	0.00511	0.00540	0.00263	0.00263
11	0.01217	0.00647	0.00792	0.00736	0.00928	0.00595	0.00564	0.01450	0.01430	0.16180	0.23740	0.10993	0.10504	0.01055	0.00594	0.00178	0.00331	0.02836	0.24614	0.00617
12	0.01198	0.00738	0.00917	0.00849	0.01047	0.00705	0.00633	0.01576	0.10845	0.15079	0.27102	0.19516	0.07424	0.06543	0.00817	0.00220	0.00375	0.01024	0.00594	0.02800
13	0.00876	0.00635	0.00765	0.00745	0.00902	0.00592	0.00550	0.01171	0.06206	0.04642	0.37423	0.16039	0.22643	0.03256	0.00742	0.00205	0.00316	0.01142	0.00592	0.00557
14	0.71839	0.01105	0.00927	0.00804	0.01177	0.01239	0.00663	0.01874	0.01088	0.13371	0.01026	0.01096	0.00748	0.00566	0.00393	0.00180	0.00456	0.00354	0.00412	0.00682
15	0.00797	0.00588	0.00654	0.00648	0.00783	0.00526	0.00453	0.00927	0.01251	0.03478	0.15302	0.09805	0.40204	0.20576	0.01245	0.00287	0.00365	0.01119	0.00514	0.00477
16	0.00740	0.00588	0.00667	0.00666	0.00830	0.00514	0.00500	0.00929	0.01413	0.01813	0.27799	0.10493	0.45773	0.01412	0.00695	0.00197	0.00299	0.03590	0.00572	0.00509
17	0.01671	0.01261	0.01378	0.01149	0.01485	0.01377	0.00913	0.41807	0.14173	0.02916	0.07526	0.14826	0.05000	0.00968	0.00622	0.00190	0.00519	0.00801	0.00579	0.00839
18	0.09882	0.02647	0.05598	0.08275	0.17595	0.06978	0.02672	0.05775	0.01289	0.08815	0.01317	0.04871	0.01157	0.09638	0.02914	0.00249	0.08664	0.00573	0.00363	0.00729
19	0.01439	0.01382	0.02360	0.03569	0.75936	0.01382	0.01785	0.01785	0.01324	0.01900	0.01094	0.01439	0.00921	0.00518	0.00576	0.00173	0.00691	0.00518	0.00288	0.00921
20	0.12703	0.07423	0.05007	0.01239	0.01699	0.01726	0.01066	0.50097	0.08294	0.03173	0.01340	0.01359	0.00978	0.00664	0.00537	0.00174	0.00609	0.00487	0.00514	0.00913
21	0.03695	0.29750	0.24506	0.03120	0.01842	0.01545	0.03173	0.03194	0.01257	0.03869	0.03459	0.03495	0.01029	0.00578	0.00480	0.00149	0.00649	0.00441	0.00308	0.13459
22	0.00976	0.00749	0.00883	0.00755	0.01017	0.00643	0.00579	0.03701	0.01473	0.03660	0.33597	0.03679	0.20884	0.03262	0.00680	0.00172	0.00345	0.00880	0.00532	0.21533
23	0.01309	0.01267	0.02232	0.15056	0.48772	0.01293	0.10226	0.01655	0.01284	0.01791	0.01292	0.08743	0.01167	0.00647	0.00605	0.00185	0.00706	0.00644	0.00307	0.00819
24	0.00912	0.00729	0.00885	0.00868	0.01000	0.03381	0.02969	0.02890	0.01225	0.01604	0.10116	0.19736	0.13542	0.18324	0.07639	0.00347	0.00558	0.09931	0.00469	0.02876
25	0.09997	0.01236	0.01296	0.01137	0.01487	0.01402	0.00896	0.07080	0.56822	0.08864	0.02145	0.01983	0.01583	0.00752	0.00567	0.00193	0.00473	0.00608	0.00578	0.00901
26	0.01968	0.01545	0.01858	0.02010	0.25184	0.07774	0.01280	0.32376	0.06244	0.11790	0.01426	0.01498	0.01049	0.00641	0.00576	0.00174	0.00662	0.00525	0.00483	0.00938

[dist]
# distance from previous block
# <min> <max>
1	6

[block]
# block no. 10 follows, 40 sequences, length 23
# corresponding to MSA columns:
# 672-684,690-699
name=unknown_K
#
# <colnr> <probs for GDERKNQSTAVLIFYWHMCP>
#	G	D	E	R	K	N	Q	S	T	A	V	L	I	F	Y	W	H	M	C	P
0	0.01388	0.10293	0.03774	0.14728	0.04576	0.13294	0.01037	0.01658	0.01271	0.01687	0.00989	0.01219	0.00814	0.00498	0.00474	0.00125	0.00633	0.00384	0.00307	0.40850
1	0.06805	0.01314	0.01706	0.06026	0.15536	0.03059	0.05856	0.21976	0.10995	0.08760	0.08112	0.01945	0.02859	0.00716	0.00588	0.00182	0.00602	0.01624	0.00487	0.00851
2	0.01418	0.01360	0.02322	0.08227	0.71444	0.01376	0.01774	0.01766	0.01314	0.01874	0.01090	0.01446	0.00912	0.00522	0.00576	0.00174	0.00696	0.00518	0.00286	0.00904
3	0.00982	0.00714	0.00937	0.00894	0.01007	0.00796	0.00663	0.08741	0.01101	0.01534	0.01617	0.02613	0.01588	0.24872	0.48459	0.00751	0.01184	0.00674	0.00352	0.00523
4	0.00857	0.00606	0.00754	0.00808	0.00889	0.00592	0.00603	0.00992	0.01134	0.01479	0.06071	0.08244	0.10809	0.34448	0.01692	0.00380	0.00501	0.28227	0.00464	0.00451
5	0.01423	0.01288	0.02006	0.12612	0.46793	0.01354	0.01534	0.08588	0.08278	0.02075	0.04597	0.01826	0.01275	0.00636	0.00591	0.00182	0.00652	0.03067	0.00364	0.00862
6	0.00760	0.00562	0.00645	0.00683	0.00767	0.00519	0.00458	0.00855	0.01123	0.01434	0.06362	0.23704	0.27479	0.27837	0.01470	0.00332	0.00404	0.03681	0.00480	0.00443
7	0.01386	0.01192	0.01466	0.08099	0.11515	0.01352	0.01078	0.07117	0.44722	0.02243	0.03494	0.02028	0.01570	0.01118	0.08740	0.00270	0.00642	0.00623	0.00493	0.00851
8	0.00724	0.00548	0.00670	0.00743	0.00842	0.00494	0.00526	0.00865	0.01248	0.01618	0.12343	0.45255	0.26078	0.01634	0.00721	0.00219	0.00324	0.04107	0.00551	0.00489
9	0.28392	0.01242	0.01202	0.01060	0.01411	0.01431	0.00842	0.08845	0.44413	0.02598	0.01773	0.01701	0.01332	0.00700	0.00515	0.00190	0.00473	0.00534	0.00515	0.00831
10	0.04488	0.54063	0.02569	0.01116	0.01572	0.14608	0.01019	0.11476	0.01460	0.01725	0.00902	0.01014	0.00775	0.00543	0.00426	0.00137	0.00689	0.00350	0.00305	0.00763
11	0.00836	0.00560	0.00637	0.00646	0.00649	0.00557	0.00365	0.00843	0.00864	0.01152	0.01928	0.09059	0.02235	0.74145	0.02805	0.00541	0.00548	0.00902	0.00365	0.00361
12	0.01441	0.03610	0.02482	0.02299	0.20416	0.11397	0.30466	0.01841	0.03912	0.01822	0.05864	0.01881	0.01306	0.00646	0.00689	0.00188	0.04459	0.04175	0.00334	0.00773
13	0.01308	0.01241	0.01436	0.06235	0.01569	0.11763	0.04641	0.09087	0.01271	0.01650	0.01455	0.09718	0.01455	0.11729	0.11662	0.00356	0.19481	0.02974	0.00356	0.00614
14	0.01914	0.07642	0.05862	0.01596	0.05071	0.19389	0.10615	0.31689	0.06294	0.02499	0.01235	0.01342	0.00932	0.00624	0.00565	0.00170	0.00781	0.00497	0.00425	0.00857
15	0.00742	0.00560	0.00686	0.00720	0.00836	0.00504	0.00515	0.00916	0.01357	0.01801	0.28878	0.32504	0.24857	0.01505	0.00707	0.00207	0.00304	0.01325	0.00574	0.00504
16	0.01582	0.42314	0.11415	0.01302	0.01816	0.07319	0.08207	0.08409	0.09213	0.01795	0.01097	0.01211	0.00890	0.00560	0.00477	0.00152	0.00700	0.00422	0.00323	0.00798
17	0.00813	0.00607	0.00740	0.00752	0.00865	0.00577	0.00534	0.01077	0.05991	0.01861	0.32652	0.25555	0.14458	0.09715	0.00938	0.00241	0.00338	0.01201	0.00564	0.00521
18	0.01027	0.00782	0.00969	0.00969	0.01122	0.00846	0.00747	0.05934	0.14535	0.01773	0.02427	0.16005	0.04544	0.10566	0.20452	0.00444	0.00752	0.15037	0.00473	0.00598
19	0.00748	0.00571	0.00664	0.00693	0.00812	0.00515	0.00493	0.00893	0.01270	0.01634	0.16972	0.22121	0.33660	0.11957	0.01009	0.00255	0.00348	0.04372	0.00532	0.00480
20	0.00831	0.00558	0.00639	0.00653	0.00656	0.00554	0.00372	0.00842	0.00874	0.01165	0.01978	0.11818	0.02298	0.71299	0.02724	0.00529	0.00540	0.00932	0.00372	0.00365
21	0.45720	0.24214	0.01627	0.00959	0.01348	0.14807	0.00821	0.01825	0.01160	0.02044	0.00825	0.00959	0.00684	0.00538	0.00392	0.00159	0.00604	0.00324	0.00317	0.00671
22	0.06653	0.08982	0.08870	0.04359	0.33993	0.11788	0.03647	0.01964	0.05937	0.05144	0.02593	0.01421	0.01006	0.00571	0.00541	0.00170	0.00714	0.00486	0.00331	0.00832

[dist]
# distance from previous block
# <min> <max>
0	1

[block]
# block no. 11 follows, 40 sequences, length 28
# corresponding to MSA columns:
# 701-728
name=unknown_L
#
# <colnr> <probs for GDERKNQSTAVLIFYWHMCP>
#	G	D	E	R	K	N	Q	S	T	A	V	L	I	F	Y	W	H	M	C	P
0	0.18732	0.01342	0.01254	0.01049	0.01422	0.15670	0.00837	0.02375	0.05305	0.37200	0.05684	0.01824	0.03410	0.00709	0.00536	0.00176	0.00574	0.00536	0.00550	0.00816
1	0.00863	0.00589	0.00721	0.00691	0.00779	0.00559	0.00468	0.01016	0.01298	0.03279	0.40395	0.04122	0.06851	0.34034	0.01637	0.00343	0.00401	0.00963	0.00517	0.00473
2	0.01370	0.02691	0.55041	0.01793	0.07090	0.09853	0.07190	0.01934	0.01309	0.04833	0.01091	0.01277	0.00789	0.00558	0.00562	0.00180	0.00864	0.00454	0.00277	0.00842
3	0.01339	0.01296	0.02283	0.17001	0.50104	0.01333	0.09785	0.01704	0.01301	0.01810	0.01210	0.01778	0.01034	0.00591	0.00603	0.00185	0.00730	0.04783	0.00298	0.00832
4	0.01064	0.00997	0.01059	0.01033	0.01171	0.14047	0.00796	0.01262	0.01059	0.01363	0.01443	0.02069	0.01331	0.03706	0.63898	0.00798	0.01469	0.00580	0.00309	0.00546
5	0.07053	0.04893	0.01106	0.05510	0.01217	0.04302	0.00760	0.01156	0.00952	0.01371	0.01272	0.01981	0.01211	0.08923	0.34425	0.17159	0.05365	0.00555	0.00296	0.00493
6	0.01674	0.01850	0.02058	0.08653	0.43871	0.28434	0.01536	0.01953	0.01427	0.01697	0.01020	0.01309	0.00848	0.00552	0.00558	0.00166	0.00825	0.00467	0.00290	0.00812
7	0.00724	0.00528	0.00684	0.00793	0.00855	0.00488	0.00548	0.00849	0.01182	0.01562	0.08328	0.62994	0.11647	0.01732	0.00735	0.00230	0.00338	0.04752	0.00546	0.00482
8	0.01273	0.01234	0.02199	0.47985	0.10258	0.01379	0.18622	0.06740	0.01338	0.01767	0.01099	0.01534	0.00829	0.00562	0.00606	0.00191	0.00806	0.00557	0.00292	0.00728
9	0.01035	0.00863	0.02744	0.01006	0.01292	0.00741	0.10243	0.02536	0.01479	0.05367	0.34867	0.08661	0.12965	0.01027	0.00644	0.00176	0.00425	0.00924	0.00527	0.12479
10	0.78924	0.01146	0.00926	0.00868	0.03489	0.01320	0.00679	0.03636	0.01047	0.02615	0.00834	0.00972	0.00648	0.00543	0.00373	0.00180	0.00462	0.00327	0.00364	0.00648
11	0.01601	0.74366	0.02955	0.01019	0.01515	0.02266	0.01003	0.06861	0.01292	0.01531	0.00850	0.00966	0.00763	0.00512	0.00388	0.00128	0.00623	0.00326	0.00272	0.00763
12	0.00736	0.00563	0.00675	0.00705	0.00830	0.00502	0.00507	0.00907	0.01354	0.01775	0.26297	0.29429	0.30620	0.01501	0.00705	0.00205	0.00302	0.01314	0.00571	0.00502
13	0.00717	0.00582	0.00636	0.00641	0.00808	0.00501	0.00473	0.00885	0.01368	0.01715	0.19659	0.12948	0.54134	0.01452	0.00693	0.00198	0.00295	0.01236	0.00560	0.00501
14	0.03940	0.00835	0.01080	0.00897	0.01201	0.00749	0.00695	0.02113	0.01418	0.47765	0.02402	0.10236	0.04851	0.14590	0.01006	0.00251	0.00472	0.00757	0.03963	0.00779
15	0.00716	0.00586	0.00632	0.00628	0.00805	0.00502	0.00468	0.00887	0.01382	0.01723	0.20066	0.08670	0.58054	0.01430	0.00689	0.00195	0.00292	0.01211	0.00561	0.00502
16	0.00709	0.00506	0.00675	0.00810	0.00843	0.00472	0.00540	0.00810	0.01113	0.01484	0.03205	0.79184	0.03846	0.01822	0.00742	0.00236	0.00337	0.01653	0.00540	0.00472
17	0.02172	0.02772	0.01648	0.01498	0.01798	0.77228	0.01124	0.02322	0.01648	0.01423	0.00899	0.01049	0.00749	0.00599	0.00524	0.00150	0.01049	0.00375	0.00300	0.00674
18	0.01206	0.01034	0.01206	0.00861	0.01378	0.00775	0.00689	0.01464	0.01206	0.01895	0.01034	0.01206	0.00861	0.00431	0.00431	0.00086	0.00431	0.00345	0.00345	0.83118
19	0.01225	0.20628	0.22871	0.01180	0.01630	0.06742	0.02360	0.03758	0.01294	0.01671	0.04860	0.10074	0.09004	0.01110	0.05995	0.00230	0.00712	0.03608	0.00354	0.00694
20	0.00722	0.00590	0.00637	0.00625	0.00807	0.00506	0.00469	0.00902	0.01407	0.01765	0.23660	0.05277	0.57810	0.01400	0.00687	0.00193	0.00289	0.01183	0.00566	0.00506
21	0.01355	0.01290	0.01108	0.01074	0.01245	0.22804	0.00796	0.06572	0.01372	0.04637	0.02028	0.27426	0.02152	0.07420	0.11858	0.00331	0.00774	0.04735	0.00434	0.00590
22	0.01219	0.01091	0.01534	0.08552	0.22906	0.00970	0.01067	0.01509	0.01262	0.01862	0.04634	0.01671	0.04952	0.00557	0.00510	0.00131	0.00522	0.00487	0.00344	0.44220
23	0.01065	0.00708	0.01030	0.04473	0.04984	0.00773	0.00752	0.06810	0.01030	0.01418	0.01252	0.01906	0.01160	0.02653	0.30170	0.37563	0.00933	0.00552	0.00303	0.00464
24	0.01265	0.01522	0.17073	0.33479	0.11202	0.01303	0.04553	0.10447	0.01422	0.01938	0.05620	0.05087	0.01231	0.00670	0.00593	0.00188	0.00725	0.00589	0.00335	0.00755
25	0.03712	0.05131	0.05847	0.05676	0.07402	0.00914	0.00889	0.01391	0.01220	0.03193	0.02100	0.02573	0.14286	0.06256	0.00705	0.00178	0.00503	0.05645	0.00380	0.32001
26	0.11079	0.09233	0.01899	0.01529	0.09211	0.01490	0.10824	0.23450	0.05559	0.02440	0.03285	0.03749	0.01216	0.00870	0.04552	0.00215	0.02194	0.02430	0.00423	0.04351
27	0.10515	0.01608	0.19710	0.03106	0.01721	0.06676	0.06713	0.05435	0.06472	0.06608	0.16518	0.02191	0.01952	0.07380	0.00776	0.00214	0.00629	0.00627	0.00426	0.00722

[dist]
# distance from previous block
# <min> <max>
0	11

[block]
# block no. 12 follows, 40 sequences, length 8
# corresponding to MSA columns:
# 740-747
name=unknown_M
#
# <colnr> <probs for GDERKNQSTAVLIFYWHMCP>
#	G	D	E	R	K	N	Q	S	T	A	V	L	I	F	Y	W	H	M	C	P
0	0.01593	0.01372	0.01817	0.05514	0.31875	0.05069	0.01300	0.14475	0.10886	0.05448	0.01409	0.04050	0.01137	0.00631	0.00564	0.00168	0.00622	0.00548	0.00411	0.11112
1	0.27884	0.01285	0.01257	0.01037	0.01410	0.01442	0.00844	0.32923	0.11202	0.02986	0.01396	0.01447	0.01037	0.00657	0.00491	0.00174	0.00511	0.00477	0.10729	0.00810
2	0.00846	0.00564	0.00634	0.00634	0.00634	0.00564	0.00352	0.00846	0.00846	0.01128	0.01832	0.03805	0.02114	0.79563	0.02960	0.00564	0.00564	0.00846	0.00352	0.00352
3	0.10608	0.02126	0.01556	0.01344	0.01698	0.40699	0.01045	0.21800	0.09732	0.02264	0.01182	0.01252	0.00912	0.00640	0.00530	0.00165	0.00812	0.00439	0.00414	0.00781
4	0.00709	0.00506	0.00675	0.00810	0.00843	0.00472	0.00540	0.00810	0.01113	0.01484	0.03205	0.79184	0.03846	0.01822	0.00742	0.00236	0.00337	0.01653	0.00540	0.00472
5	0.01653	0.01353	0.01863	0.14897	0.24686	0.01498	0.01374	0.22997	0.10839	0.05898	0.01366	0.01551	0.01037	0.00656	0.00666	0.00185	0.05637	0.00539	0.00425	0.00880
6	0.00960	0.00631	0.00737	0.00701	0.00898	0.00548	0.00529	0.01142	0.01420	0.11032	0.21501	0.12639	0.42416	0.01350	0.00680	0.00195	0.00319	0.01151	0.00586	0.00564
