[name]
unknown

[dist]
# distance from previous block
# <min> <max>
0	93

[block]
# block no. 0 follows, 55 sequences, length 17
# corresponding to MSA columns:
# 93-109
name=unknown_A
#
# <colnr> <probs for GDERKNQSTAVLIFYWHMCP>
#	G	D	E	R	K	N	Q	S	T	A	V	L	I	F	Y	W	H	M	C	P
0	0.06885	0.04606	0.05644	0.03213	0.01373	0.04541	0.04856	0.26136	0.05175	0.03312	0.02669	0.01550	0.01014	0.00672	0.02936	0.00158	0.03922	0.07909	0.00354	0.13075
1	0.05045	0.03680	0.06245	0.01083	0.04685	0.12873	0.04809	0.13646	0.08206	0.06492	0.01117	0.03076	0.00910	0.01090	0.15796	0.00252	0.03997	0.00428	0.00321	0.06249
2	0.00995	0.00627	0.00774	0.00743	0.00896	0.00639	0.00564	0.05967	0.12904	0.12972	0.08032	0.30371	0.02174	0.01222	0.07990	0.00218	0.00408	0.05012	0.06961	0.00531
3	0.01064	0.03951	0.03739	0.11629	0.05161	0.05264	0.07909	0.06604	0.24949	0.01637	0.09184	0.04716	0.05962	0.01878	0.00559	0.00157	0.04112	0.00557	0.00360	0.00607
4	0.00594	0.00453	0.00514	0.00533	0.00647	0.00400	0.00387	0.00728	0.01061	0.01382	0.17972	0.23481	0.42524	0.01165	0.00546	0.00160	0.00240	0.01005	0.05808	0.00400
5	0.00673	0.00564	0.00659	0.00648	0.00758	0.03712	0.00490	0.00816	0.00970	0.01265	0.14538	0.08056	0.29096	0.04552	0.27774	0.00364	0.03524	0.00763	0.00363	0.00413
6	0.01650	0.07159	0.01366	0.01140	0.01383	0.65973	0.00876	0.06409	0.01311	0.01263	0.00762	0.00888	0.00632	0.00494	0.00455	0.00123	0.03983	0.00313	0.03266	0.00553
7	0.01826	0.00815	0.01034	0.00814	0.01135	0.00763	0.00665	0.11535	0.04872	0.56788	0.05080	0.01629	0.01262	0.00589	0.00457	0.00141	0.00384	0.00477	0.08999	0.00739
8	0.00842	0.00726	0.00863	0.00780	0.00907	0.00824	0.00611	0.05762	0.12104	0.01464	0.10969	0.06506	0.29079	0.05364	0.00873	0.00184	0.20541	0.00727	0.00384	0.00492
9	0.03164	0.01285	0.02788	0.01080	0.04170	0.14505	0.00830	0.16091	0.46868	0.01968	0.01476	0.01420	0.01111	0.00577	0.00458	0.00147	0.00485	0.00456	0.00415	0.00708
10	0.86937	0.00900	0.00684	0.00612	0.00900	0.01044	0.00504	0.01368	0.00792	0.02087	0.00648	0.00756	0.00504	0.00432	0.00288	0.00144	0.00360	0.00252	0.00288	0.00504
11	0.04877	0.14718	0.13606	0.03705	0.04459	0.01013	0.04294	0.06533	0.04334	0.07115	0.07439	0.04680	0.10008	0.04946	0.00577	0.00158	0.03008	0.00525	0.03428	0.00576
12	0.01230	0.00982	0.02341	0.05460	0.07040	0.02192	0.00771	0.28545	0.14076	0.03237	0.03443	0.04089	0.10021	0.04060	0.00543	0.00154	0.00428	0.00537	0.06540	0.04310
13	0.00714	0.00592	0.00740	0.00679	0.00815	0.00590	0.03821	0.02227	0.07772	0.01451	0.21628	0.09972	0.31984	0.08726	0.00778	0.00187	0.05616	0.00844	0.00418	0.00445
14	0.04101	0.04292	0.02849	0.06643	0.14131	0.02622	0.10850	0.13414	0.09793	0.08045	0.07260	0.07768	0.01276	0.00614	0.00526	0.00150	0.04133	0.00536	0.00355	0.00643
15	0.01018	0.00715	0.00813	0.00743	0.00946	0.00735	0.00570	0.03683	0.29076	0.12121	0.14104	0.13233	0.18542	0.00892	0.00515	0.00158	0.00313	0.00761	0.00478	0.00583
16	0.01393	0.13353	0.01489	0.01058	0.02692	0.25444	0.05894	0.14508	0.02548	0.02904	0.00989	0.01091	0.03506	0.00487	0.00447	0.00118	0.03344	0.00360	0.00293	0.18082

[dist]
# distance from previous block
# <min> <max>
0	1

[block]
# block no. 1 follows, 55 sequences, length 19
# corresponding to MSA columns:
# 111-129
name=unknown_B
#
# <colnr> <probs for GDERKNQSTAVLIFYWHMCP>
#	G	D	E	R	K	N	Q	S	T	A	V	L	I	F	Y	W	H	M	C	P
0	0.00882	0.03687	0.00811	0.00659	0.00879	0.02315	0.00499	0.03748	0.01048	0.06080	0.09512	0.19903	0.14522	0.06722	0.00606	0.00153	0.00331	0.00716	0.00378	0.26547
1	0.00972	0.05910	0.01320	0.16887	0.09553	0.03859	0.07732	0.08351	0.02522	0.01485	0.10230	0.06818	0.10140	0.00946	0.08006	0.00205	0.03617	0.00587	0.00317	0.00543
2	0.00844	0.00740	0.00994	0.18347	0.03054	0.05967	0.05233	0.03126	0.00923	0.01212	0.03025	0.07410	0.04770	0.17730	0.20276	0.00354	0.00691	0.01795	0.03062	0.00446
3	0.00675	0.00457	0.00537	0.00537	0.00547	0.00467	0.00319	0.00696	0.00685	0.00924	0.01439	0.02894	0.01626	0.73764	0.12166	0.00488	0.00549	0.00655	0.00278	0.00298
4	0.00966	0.00838	0.00935	0.00842	0.00989	0.07454	0.00660	0.03707	0.07476	0.04923	0.15780	0.13676	0.10541	0.00889	0.00728	0.00161	0.17915	0.03775	0.00380	0.07366
5	0.06264	0.04975	0.01300	0.01072	0.03615	0.17764	0.00835	0.28322	0.21369	0.05753	0.01198	0.01200	0.00896	0.00550	0.00470	0.00141	0.02787	0.00407	0.00391	0.00692
6	0.00622	0.00447	0.00580	0.00638	0.00692	0.00432	0.00451	0.00729	0.00922	0.01234	0.11033	0.41078	0.07831	0.14657	0.07900	0.00275	0.00393	0.09308	0.00401	0.00379
7	0.03904	0.23831	0.22814	0.02479	0.03152	0.08650	0.06669	0.05357	0.03128	0.05164	0.00937	0.04191	0.00780	0.02101	0.00479	0.00139	0.02880	0.00387	0.00259	0.02698
8	0.06366	0.38195	0.14474	0.01023	0.02731	0.04987	0.04713	0.11339	0.01138	0.03161	0.03749	0.00997	0.00776	0.00473	0.00428	0.00126	0.04098	0.00339	0.00262	0.00626
9	0.00639	0.00437	0.00528	0.00570	0.00584	0.00427	0.00352	0.00676	0.00768	0.01023	0.01899	0.32262	0.02228	0.50980	0.01665	0.00348	0.00385	0.03566	0.00341	0.00322
10	0.01088	0.01044	0.01803	0.06665	0.65674	0.01047	0.05791	0.01360	0.01052	0.01491	0.03054	0.05896	0.00958	0.00489	0.00476	0.00143	0.00545	0.00485	0.00248	0.00691
11	0.09281	0.06629	0.05572	0.22574	0.07029	0.08207	0.12135	0.07975	0.03391	0.03041	0.02766	0.04314	0.03021	0.00562	0.01444	0.00153	0.00584	0.00457	0.00280	0.00585
12	0.00696	0.00474	0.00592	0.00590	0.00618	0.00504	0.00388	0.00748	0.00716	0.01006	0.01391	0.04371	0.01497	0.51003	0.22698	0.03692	0.02680	0.00614	0.05392	0.00330
13	0.00701	0.00496	0.00580	0.00576	0.00712	0.00442	0.00428	0.00871	0.03072	0.06816	0.20815	0.19502	0.39356	0.01130	0.00553	0.00161	0.00257	0.02635	0.00460	0.00437
14	0.04699	0.01074	0.01293	0.01024	0.01333	0.04864	0.09443	0.33084	0.06472	0.12727	0.05476	0.03976	0.03602	0.00684	0.02598	0.00160	0.01622	0.00504	0.04691	0.00672
15	0.04383	0.05016	0.15777	0.04551	0.04056	0.07299	0.28325	0.06086	0.02461	0.05721	0.01122	0.05139	0.02375	0.00536	0.00519	0.00151	0.03294	0.02289	0.00280	0.00620
16	0.01233	0.01131	0.01685	0.12785	0.17684	0.04158	0.16947	0.19864	0.08392	0.01821	0.04414	0.03156	0.00986	0.00531	0.00519	0.00149	0.03073	0.00487	0.00321	0.00662
17	0.00703	0.00428	0.00561	0.00589	0.00605	0.00424	0.00383	0.00671	0.00725	0.00980	0.01525	0.20930	0.01716	0.29744	0.03767	0.29546	0.00407	0.03377	0.02627	0.00290
18	0.10929	0.02747	0.03232	0.08870	0.06780	0.06585	0.07764	0.11861	0.10707	0.02852	0.01333	0.04085	0.01163	0.02434	0.02062	0.00200	0.07396	0.06667	0.01661	0.00672

[dist]
# distance from previous block
# <min> <max>
3	10

[block]
# block no. 2 follows, 55 sequences, length 18
# corresponding to MSA columns:
# 144,145,147-156,158-163
name=unknown_C
#
# <colnr> <probs for GDERKNQSTAVLIFYWHMCP>
#	G	D	E	R	K	N	Q	S	T	A	V	L	I	F	Y	W	H	M	C	P
0	0.03315	0.34408	0.16202	0.01139	0.06929	0.15128	0.03892	0.01548	0.01056	0.07271	0.00818	0.00925	0.00654	0.00432	0.00380	0.00119	0.00587	0.00315	0.00243	0.04640
1	0.01325	0.12207	0.12533	0.03176	0.01789	0.26823	0.23265	0.06484	0.01187	0.01398	0.00854	0.01099	0.00690	0.00472	0.00484	0.00138	0.03036	0.02192	0.00244	0.00604
2	0.00617	0.00469	0.00536	0.00570	0.00666	0.00433	0.00401	0.00782	0.04842	0.01300	0.07900	0.34260	0.33004	0.06926	0.00678	0.00187	0.00268	0.01033	0.04728	0.00401
3	0.00637	0.00434	0.00519	0.00558	0.00567	0.00425	0.00336	0.00666	0.00753	0.01004	0.01859	0.31821	0.02188	0.54196	0.01732	0.00357	0.00386	0.00908	0.00336	0.00316
4	0.00570	0.00443	0.00520	0.00570	0.00663	0.00393	0.00406	0.00681	0.01000	0.01271	0.08918	0.40695	0.37665	0.01294	0.00572	0.00172	0.00255	0.03085	0.00437	0.00390
5	0.00565	0.00410	0.00534	0.00633	0.00671	0.00379	0.00425	0.00649	0.00905	0.01193	0.02741	0.76866	0.09444	0.01435	0.00590	0.00186	0.00267	0.01295	0.00432	0.00379
6	0.00891	0.00689	0.00861	0.00823	0.00976	0.00728	0.04230	0.04078	0.27400	0.04029	0.02127	0.42190	0.02165	0.01078	0.02097	0.00182	0.00356	0.00913	0.03647	0.00539
7	0.01226	0.01096	0.06780	0.00941	0.01361	0.00924	0.06739	0.21478	0.03397	0.04753	0.00976	0.01070	0.00746	0.00426	0.00406	0.00104	0.00448	0.00352	0.00332	0.46445
8	0.00736	0.03896	0.00703	0.00624	0.00683	0.00590	0.00429	0.03695	0.00769	0.01048	0.01343	0.02456	0.01430	0.49319	0.29799	0.00528	0.00731	0.00588	0.00274	0.00360
9	0.86937	0.00900	0.00684	0.00612	0.00900	0.01044	0.00504	0.01368	0.00792	0.02087	0.00648	0.00756	0.00504	0.00432	0.00288	0.00144	0.00360	0.00252	0.00288	0.00504
10	0.05049	0.00843	0.00921	0.00815	0.01015	0.07860	0.03802	0.04369	0.06930	0.10468	0.07103	0.02881	0.29291	0.00880	0.00608	0.00160	0.08107	0.07973	0.00404	0.00524
11	0.01066	0.01017	0.01711	0.15749	0.62586	0.01045	0.01332	0.01337	0.01038	0.01448	0.01128	0.01392	0.06153	0.00475	0.00467	0.00142	0.00542	0.00453	0.00240	0.00677
12	0.00595	0.00425	0.00544	0.00619	0.00657	0.00399	0.00415	0.00681	0.00905	0.01205	0.08303	0.58248	0.07222	0.13996	0.00861	0.00225	0.00297	0.03618	0.00415	0.00370
13	0.01334	0.04334	0.01631	0.02022	0.43508	0.19867	0.01154	0.07051	0.11606	0.01570	0.00982	0.01139	0.00794	0.00468	0.00447	0.00135	0.00590	0.00397	0.00280	0.00690
14	0.01017	0.07205	0.03780	0.08889	0.15799	0.00869	0.02823	0.06301	0.01007	0.06859	0.04460	0.01887	0.03129	0.22436	0.09359	0.00282	0.00571	0.00512	0.00297	0.02518
15	0.09138	0.06508	0.04479	0.03000	0.11630	0.12170	0.08287	0.22709	0.05749	0.10327	0.01047	0.01122	0.00774	0.00492	0.00440	0.00138	0.00561	0.00397	0.00347	0.00684
16	0.05872	0.04007	0.00976	0.00868	0.01050	0.13119	0.02509	0.04474	0.12104	0.01450	0.02062	0.11229	0.13947	0.01050	0.05399	0.00199	0.04343	0.14467	0.00366	0.00510
17	0.00642	0.00452	0.00515	0.00521	0.00571	0.00430	0.00331	0.00675	0.00807	0.01035	0.03744	0.08508	0.23966	0.45909	0.03855	0.06211	0.00393	0.00784	0.00331	0.00320

[dist]
# distance from previous block
# <min> <max>
1	29

[block]
# block no. 3 follows, 55 sequences, length 21
# corresponding to MSA columns:
# 193-213
name=unknown_D
#
# <colnr> <probs for GDERKNQSTAVLIFYWHMCP>
#	G	D	E	R	K	N	Q	S	T	A	V	L	I	F	Y	W	H	M	C	P
0	0.06615	0.19065	0.28832	0.01056	0.01481	0.04468	0.06740	0.03662	0.05754	0.02718	0.06968	0.08435	0.01161	0.00574	0.00433	0.00140	0.00539	0.00469	0.00282	0.00608
1	0.03349	0.02583	0.02325	0.03243	0.06068	0.02332	0.04348	0.05644	0.04703	0.02827	0.10081	0.23119	0.21102	0.00956	0.00535	0.00158	0.01592	0.01825	0.00392	0.02818
2	0.04576	0.02361	0.06468	0.05157	0.07384	0.13452	0.04238	0.24815	0.05383	0.06761	0.01115	0.02387	0.00886	0.04343	0.02753	0.00169	0.00574	0.01479	0.02347	0.03349
3	0.01027	0.14178	0.50982	0.01214	0.03325	0.01168	0.03559	0.03031	0.02305	0.03434	0.05170	0.01125	0.00837	0.00486	0.00482	0.00141	0.04584	0.00373	0.00237	0.02338
4	0.00609	0.00454	0.00536	0.00549	0.00634	0.00414	0.00381	0.00725	0.01022	0.01347	0.25182	0.21225	0.26745	0.17006	0.00908	0.00217	0.00280	0.00958	0.00426	0.00381
5	0.00675	0.00488	0.00698	0.00698	0.00769	0.00555	0.00525	0.00819	0.00747	0.01083	0.01291	0.02005	0.01243	0.15324	0.66286	0.00675	0.01081	0.00522	0.04118	0.00396
6	0.00765	0.00500	0.00645	0.00603	0.00732	0.00456	0.00457	0.00964	0.01265	0.08101	0.62015	0.05497	0.10182	0.02822	0.00587	0.00157	0.00247	0.03045	0.00501	0.00458
7	0.00674	0.00462	0.00561	0.00561	0.00579	0.00480	0.00348	0.00711	0.00692	0.00941	0.01417	0.02775	0.01574	0.65883	0.19975	0.00517	0.00627	0.00637	0.00275	0.00311
8	0.01233	0.79918	0.02389	0.00817	0.01195	0.01821	0.00807	0.01380	0.00934	0.01096	0.00645	0.00759	0.00598	0.00418	0.00358	0.00105	0.04480	0.00256	0.00199	0.00593
9	0.00964	0.00914	0.01550	0.57540	0.27527	0.01056	0.01335	0.01264	0.00971	0.01293	0.00842	0.01212	0.00657	0.00449	0.00464	0.00150	0.00599	0.00414	0.00214	0.00586
10	0.06525	0.00873	0.01422	0.65327	0.14605	0.01045	0.01261	0.01236	0.00940	0.01297	0.00822	0.01196	0.00630	0.00455	0.00453	0.00152	0.00593	0.00403	0.00216	0.00549
11	0.00589	0.00421	0.00534	0.00612	0.00655	0.00397	0.00411	0.00672	0.00884	0.01177	0.02607	0.60837	0.11359	0.09999	0.03945	0.00232	0.00322	0.01161	0.02815	0.00373
12	0.00672	0.00454	0.00518	0.00518	0.00527	0.00456	0.00299	0.00684	0.00692	0.00922	0.01554	0.03029	0.04079	0.77200	0.06204	0.00457	0.00483	0.00677	0.00285	0.00292
13	0.02964	0.09179	0.01365	0.01008	0.01301	0.16674	0.02337	0.34409	0.05386	0.04969	0.06387	0.03402	0.02463	0.00598	0.00496	0.00138	0.04228	0.00447	0.01594	0.00655
14	0.11218	0.04277	0.04217	0.02204	0.03537	0.09735	0.02926	0.08363	0.03318	0.04766	0.05720	0.15432	0.05517	0.07261	0.00603	0.00165	0.00446	0.00595	0.00346	0.09353
15	0.08207	0.12341	0.08628	0.00899	0.01217	0.07158	0.04596	0.07014	0.07438	0.11397	0.08701	0.01976	0.10342	0.00658	0.00453	0.00142	0.00460	0.05493	0.00369	0.02511
16	0.04975	0.02581	0.03876	0.04111	0.06605	0.21886	0.12545	0.04252	0.01135	0.01402	0.06547	0.07044	0.13716	0.01756	0.01939	0.00161	0.04059	0.00572	0.00305	0.00532
17	0.01086	0.23495	0.19613	0.05121	0.07990	0.07924	0.05796	0.01364	0.01036	0.03076	0.06642	0.01453	0.02413	0.00676	0.04589	0.00165	0.00602	0.04177	0.00257	0.02525
18	0.04876	0.04500	0.05604	0.06090	0.05172	0.03889	0.02083	0.01228	0.00981	0.05760	0.04913	0.05797	0.01083	0.07234	0.00579	0.00138	0.01761	0.00429	0.00295	0.37588
19	0.05127	0.11526	0.08677	0.02845	0.05657	0.05052	0.00862	0.18577	0.07311	0.08514	0.09473	0.07510	0.02560	0.00641	0.00491	0.00144	0.03519	0.00508	0.00372	0.00635
20	0.03885	0.11968	0.05807	0.05929	0.01262	0.02270	0.03186	0.11583	0.03863	0.06582	0.04691	0.11178	0.12784	0.00708	0.00479	0.00139	0.02303	0.00581	0.00354	0.10451

[dist]
# distance from previous block
# <min> <max>
3	59

[block]
# block no. 4 follows, 55 sequences, length 14
# corresponding to MSA columns:
# 282-295
name=unknown_E
#
# <colnr> <probs for GDERKNQSTAVLIFYWHMCP>
#	G	D	E	R	K	N	Q	S	T	A	V	L	I	F	Y	W	H	M	C	P
0	0.00983	0.11117	0.00999	0.00799	0.03809	0.05686	0.00592	0.04134	0.04185	0.07351	0.05863	0.14529	0.09413	0.15562	0.03666	0.00224	0.00442	0.06847	0.00363	0.03437
1	0.06198	0.07619	0.10119	0.09501	0.05279	0.05675	0.08541	0.04799	0.15428	0.08839	0.03135	0.01578	0.02530	0.02143	0.00523	0.00155	0.02672	0.04308	0.00332	0.00626
2	0.00768	0.04690	0.00864	0.00776	0.00913	0.00617	0.04883	0.06331	0.01094	0.01434	0.09623	0.30237	0.12607	0.03509	0.00621	0.00185	0.00361	0.19628	0.00414	0.00448
3	0.00794	0.00682	0.00783	0.00713	0.00875	0.04570	0.04805	0.06053	0.05724	0.01468	0.14272	0.17316	0.29006	0.07777	0.00685	0.00180	0.00346	0.00857	0.00412	0.02682
4	0.01102	0.01097	0.07008	0.13977	0.39434	0.01000	0.10118	0.01395	0.01046	0.06096	0.01082	0.01309	0.04002	0.00455	0.00463	0.00138	0.00556	0.00438	0.00258	0.09027
5	0.00965	0.00827	0.00965	0.00689	0.01102	0.00620	0.00551	0.01171	0.00965	0.01516	0.00827	0.00965	0.00689	0.00345	0.00345	0.00069	0.00345	0.00276	0.00276	0.86494
6	0.00902	0.00806	0.01245	0.09549	0.10197	0.00816	0.12493	0.03094	0.11867	0.01524	0.08763	0.11193	0.09783	0.00797	0.00525	0.00160	0.00450	0.10679	0.00362	0.04796
7	0.05901	0.06207	0.09432	0.02779	0.09601	0.04564	0.04640	0.05085	0.06573	0.08304	0.03844	0.02493	0.01029	0.00546	0.00495	0.00134	0.05064	0.04906	0.00317	0.18086
8	0.01438	0.01063	0.01180	0.00937	0.01229	0.01152	0.00755	0.50929	0.01713	0.04321	0.01362	0.03881	0.05340	0.07521	0.04205	0.00192	0.04566	0.00490	0.00413	0.07313
9	0.01084	0.00922	0.04478	0.00769	0.01161	0.00731	0.00642	0.06898	0.06701	0.06276	0.01054	0.04449	0.00869	0.00444	0.00384	0.00093	0.00373	0.00361	0.00324	0.61988
10	0.00757	0.00573	0.00748	0.00724	0.00853	0.00549	0.04140	0.04763	0.05370	0.03342	0.05246	0.39553	0.14634	0.06966	0.02102	0.00200	0.00348	0.04538	0.00412	0.04181
11	0.01034	0.06736	0.08232	0.02154	0.01134	0.03898	0.03530	0.12824	0.01206	0.06895	0.09309	0.20983	0.07600	0.04719	0.00590	0.00167	0.00426	0.04629	0.00386	0.03547
12	0.01255	0.26683	0.15039	0.01198	0.09568	0.07466	0.04207	0.05573	0.06575	0.07331	0.01010	0.01108	0.02141	0.00525	0.01877	0.00138	0.02278	0.00364	0.00276	0.05388
13	0.01304	0.08172	0.03874	0.00844	0.01122	0.02790	0.00705	0.14056	0.11169	0.18781	0.10323	0.09604	0.03802	0.00795	0.02610	0.01462	0.01522	0.01762	0.00430	0.04875

[dist]
# distance from previous block
# <min> <max>
3	42

[block]
# block no. 5 follows, 55 sequences, length 23
# corresponding to MSA columns:
# 338-360
name=unknown_F
#
# <colnr> <probs for GDERKNQSTAVLIFYWHMCP>
#	G	D	E	R	K	N	Q	S	T	A	V	L	I	F	Y	W	H	M	C	P
0	0.00795	0.04906	0.00785	0.00705	0.00826	0.00604	0.00554	0.00954	0.02040	0.06860	0.15108	0.23055	0.16892	0.03275	0.00676	0.00181	0.06331	0.14580	0.00422	0.00451
1	0.07477	0.00955	0.01123	0.02748	0.05459	0.01038	0.03581	0.25202	0.20996	0.03743	0.06926	0.12500	0.03806	0.01691	0.00505	0.00157	0.00416	0.00607	0.00426	0.00645
2	0.01726	0.01588	0.01352	0.01106	0.01429	0.27840	0.00881	0.49732	0.05993	0.02290	0.01027	0.01058	0.00761	0.00536	0.00451	0.00134	0.00612	0.00385	0.00392	0.00705
3	0.01125	0.01043	0.06879	0.07299	0.04184	0.08438	0.00819	0.15679	0.05319	0.06500	0.05929	0.15831	0.10371	0.00820	0.00551	0.00157	0.04162	0.03939	0.00383	0.00573
4	0.00597	0.00566	0.06418	0.00662	0.00761	0.00436	0.00509	0.00720	0.00935	0.01236	0.05417	0.59339	0.15852	0.03474	0.00620	0.00186	0.00298	0.01161	0.00413	0.00403
5	0.01121	0.00990	0.01472	0.10075	0.37300	0.01049	0.02824	0.07245	0.18577	0.02977	0.05172	0.05758	0.02228	0.00571	0.00479	0.00148	0.00483	0.00519	0.00332	0.00679
6	0.00980	0.00783	0.00956	0.15951	0.01401	0.00860	0.00733	0.06657	0.27601	0.04925	0.12636	0.05413	0.14831	0.00781	0.00504	0.00157	0.00382	0.03444	0.00423	0.00581
7	0.01409	0.01651	0.01123	0.01038	0.01232	0.54118	0.00783	0.04013	0.01196	0.01220	0.02800	0.04856	0.00941	0.01175	0.17647	0.00257	0.00857	0.00408	0.02768	0.00508
8	0.01141	0.06410	0.08316	0.01083	0.01382	0.00949	0.15065	0.12540	0.02469	0.10609	0.01627	0.17873	0.04068	0.00784	0.00558	0.00160	0.04194	0.07915	0.00368	0.02489
9	0.61194	0.07009	0.00911	0.00699	0.01000	0.04697	0.00579	0.01569	0.05720	0.11667	0.00873	0.00920	0.00650	0.00461	0.00328	0.00140	0.00396	0.00297	0.00326	0.00562
10	0.00808	0.00404	0.00606	0.00606	0.00606	0.00404	0.00404	0.00606	0.00606	0.00808	0.00808	0.01414	0.00808	0.01616	0.01818	0.86465	0.00404	0.00404	0.00202	0.00202
11	0.01351	0.00766	0.00935	0.00812	0.01040	0.00761	0.00630	0.18001	0.07096	0.26870	0.06732	0.29235	0.01943	0.00897	0.00515	0.00159	0.00365	0.00773	0.00492	0.00626
12	0.01393	0.01123	0.01441	0.20467	0.20238	0.06785	0.01079	0.25265	0.03042	0.09595	0.01105	0.01359	0.00849	0.00530	0.00469	0.00145	0.00552	0.03537	0.00344	0.00681
13	0.01878	0.00984	0.07322	0.00889	0.01267	0.00822	0.00781	0.14318	0.01428	0.58947	0.01773	0.01592	0.04605	0.00590	0.00469	0.00144	0.00430	0.00473	0.00522	0.00766
14	0.00594	0.00451	0.00589	0.05603	0.00823	0.00428	0.00471	0.00712	0.00976	0.01283	0.12345	0.54053	0.17390	0.01284	0.00572	0.00176	0.00279	0.01146	0.00428	0.00397
15	0.00903	0.04492	0.18788	0.01042	0.06185	0.00764	0.04963	0.02901	0.02892	0.06391	0.10860	0.25608	0.02017	0.03864	0.00586	0.00173	0.00444	0.06224	0.00361	0.00542
16	0.01128	0.01066	0.01524	0.04132	0.01558	0.06864	0.25604	0.20410	0.01375	0.01758	0.05258	0.02200	0.23662	0.00689	0.00516	0.00149	0.00536	0.00629	0.00359	0.00583
17	0.06386	0.64204	0.02022	0.00770	0.01109	0.03628	0.00729	0.01299	0.00938	0.01168	0.00963	0.06957	0.03738	0.00634	0.03657	0.00138	0.00502	0.00366	0.00233	0.00559
18	0.08493	0.00693	0.00798	0.00696	0.00900	0.00694	0.00548	0.13790	0.01299	0.15747	0.22566	0.06715	0.05028	0.04109	0.00549	0.00158	0.00332	0.04225	0.12112	0.00550
19	0.06363	0.01203	0.07916	0.05466	0.11548	0.09662	0.07350	0.03086	0.02723	0.04583	0.00959	0.06019	0.00858	0.02836	0.03061	0.00187	0.24883	0.00463	0.00262	0.00572
20	0.04103	0.00767	0.01059	0.06012	0.08656	0.00840	0.03018	0.11826	0.02833	0.06283	0.04559	0.11575	0.01377	0.07647	0.22095	0.00335	0.05562	0.00588	0.00333	0.00535
21	0.00810	0.00547	0.00662	0.00664	0.00771	0.00540	0.00483	0.02722	0.07813	0.07359	0.03966	0.23225	0.14082	0.20494	0.05096	0.00268	0.00396	0.09259	0.00404	0.00438
22	0.01058	0.11630	0.25366	0.04169	0.03137	0.08966	0.08084	0.02356	0.06207	0.02153	0.07794	0.05277	0.01148	0.02471	0.01779	0.00162	0.06910	0.00469	0.00272	0.00594

[dist]
# distance from previous block
# <min> <max>
5	42

[block]
# block no. 6 follows, 55 sequences, length 44
# corresponding to MSA columns:
# 404-447
name=unknown_G
#
# <colnr> <probs for GDERKNQSTAVLIFYWHMCP>
#	G	D	E	R	K	N	Q	S	T	A	V	L	I	F	Y	W	H	M	C	P
0	0.00942	0.05600	0.05361	0.00907	0.05854	0.05596	0.00681	0.01398	0.22030	0.01440	0.05075	0.11047	0.06742	0.07767	0.05645	0.05118	0.00459	0.01625	0.06186	0.00527
1	0.03661	0.02493	0.00866	0.02358	0.08226	0.02440	0.02036	0.05273	0.02661	0.02352	0.11284	0.09384	0.29745	0.01146	0.06404	0.00201	0.00417	0.08178	0.00391	0.00484
2	0.01273	0.10989	0.09019	0.10494	0.17468	0.07159	0.14305	0.14206	0.01247	0.05281	0.01764	0.02943	0.00795	0.00481	0.00457	0.00140	0.00603	0.00430	0.00284	0.00659
3	0.02745	0.12410	0.23426	0.02964	0.01848	0.02183	0.26977	0.08074	0.01112	0.01536	0.03418	0.01236	0.02860	0.00537	0.01890	0.00157	0.05305	0.00443	0.00252	0.00626
4	0.00711	0.00599	0.00723	0.00661	0.00838	0.00564	0.04707	0.03983	0.09247	0.01491	0.14673	0.08593	0.47449	0.01043	0.00544	0.00158	0.00294	0.02822	0.00438	0.00463
5	0.01368	0.03927	0.13169	0.07552	0.10938	0.29739	0.08860	0.03732	0.02176	0.07963	0.02456	0.03431	0.01610	0.00509	0.00455	0.00138	0.00667	0.00417	0.00277	0.00615
6	0.01207	0.01202	0.04279	0.05186	0.04941	0.20847	0.00809	0.04240	0.13074	0.07008	0.12194	0.04075	0.08172	0.00687	0.00563	0.00147	0.07505	0.00535	0.02756	0.00573
7	0.00593	0.00475	0.00531	0.00554	0.00688	0.00423	0.00427	0.00727	0.01033	0.01280	0.05224	0.11016	0.56210	0.01324	0.04965	0.00198	0.00319	0.11299	0.02315	0.00399
8	0.04062	0.00529	0.00636	0.00695	0.03818	0.00527	0.00443	0.02152	0.05153	0.02597	0.04671	0.33037	0.07171	0.31003	0.01203	0.00273	0.00358	0.00901	0.00372	0.00398
9	0.01158	0.05394	0.11153	0.09095	0.28307	0.06069	0.12262	0.01505	0.04955	0.07059	0.02859	0.01444	0.03800	0.00505	0.00471	0.00144	0.00581	0.02304	0.00278	0.00654
10	0.06110	0.00899	0.00962	0.00780	0.01048	0.00959	0.00632	0.37221	0.01563	0.11043	0.01321	0.01380	0.00965	0.00547	0.00403	0.00129	0.00380	0.00421	0.32595	0.00642
11	0.05413	0.00501	0.00593	0.00657	0.00706	0.01985	0.00452	0.00738	0.00874	0.01209	0.02340	0.59759	0.06832	0.10359	0.00804	0.00213	0.03599	0.02186	0.00395	0.00384
12	0.03825	0.01606	0.05562	0.02474	0.04231	0.35916	0.00885	0.16867	0.12516	0.01677	0.02470	0.01202	0.00884	0.02940	0.03222	0.00163	0.00653	0.00391	0.01900	0.00615
13	0.00873	0.00566	0.00686	0.00628	0.00793	0.00531	0.00484	0.03145	0.06230	0.11171	0.40630	0.04864	0.20719	0.00933	0.00528	0.00150	0.00268	0.02934	0.03370	0.00497
14	0.00743	0.00474	0.00545	0.00568	0.00680	0.00446	0.00426	0.02385	0.01031	0.03683	0.05745	0.23363	0.21878	0.01023	0.00496	0.00154	0.00267	0.08447	0.27219	0.00426
15	0.00815	0.03815	0.08184	0.00761	0.00944	0.00688	0.04217	0.08580	0.03023	0.01388	0.06361	0.18830	0.14765	0.21639	0.03709	0.00251	0.00436	0.00778	0.00358	0.00459
16	0.01162	0.01366	0.11476	0.03989	0.02247	0.02513	0.56911	0.05722	0.01143	0.05070	0.00962	0.01217	0.00710	0.00430	0.00551	0.00155	0.02974	0.00503	0.00257	0.00643
17	0.00667	0.00487	0.00690	0.00690	0.00753	0.00550	0.00509	0.00794	0.00731	0.01037	0.01299	0.02121	0.01290	0.22789	0.62681	0.00676	0.01055	0.00541	0.00257	0.00383
18	0.05247	0.00518	0.00639	0.00669	0.00773	0.00504	0.00481	0.00974	0.06020	0.08408	0.08336	0.50889	0.08493	0.01280	0.03277	0.00194	0.00321	0.02086	0.00440	0.00452
19	0.10422	0.05904	0.07380	0.06198	0.17755	0.15366	0.06748	0.06714	0.11310	0.06315	0.01014	0.01131	0.00776	0.00477	0.00434	0.00139	0.00575	0.00390	0.00300	0.00652
20	0.01046	0.01066	0.00898	0.00927	0.04406	0.25691	0.00645	0.06151	0.01132	0.01319	0.04798	0.35307	0.06081	0.05468	0.00619	0.00174	0.00484	0.02958	0.00361	0.00469
21	0.00679	0.00493	0.00680	0.00689	0.00756	0.00538	0.00508	0.02209	0.00817	0.01141	0.05388	0.11889	0.01709	0.19323	0.47331	0.00559	0.00873	0.03725	0.00301	0.00392
22	0.03838	0.00654	0.00683	0.00626	0.00783	0.00691	0.00468	0.10920	0.13575	0.01743	0.03970	0.04657	0.09148	0.13261	0.00711	0.00182	0.00321	0.00569	0.32698	0.00500
23	0.03909	0.03253	0.05396	0.02980	0.07468	0.09042	0.00772	0.09073	0.04867	0.04095	0.03281	0.04506	0.01218	0.15833	0.15219	0.00308	0.05308	0.02638	0.00308	0.00526
24	0.07140	0.38452	0.18212	0.01010	0.01436	0.08222	0.05209	0.03244	0.08255	0.03606	0.00865	0.00953	0.00690	0.00446	0.00375	0.00125	0.00557	0.00324	0.00251	0.00628
25	0.00696	0.00516	0.00609	0.00602	0.00733	0.00479	0.00449	0.03037	0.04534	0.03732	0.27592	0.19460	0.31044	0.01109	0.00553	0.00161	0.00262	0.03527	0.00464	0.00442
26	0.00953	0.04404	0.64338	0.01374	0.05940	0.01097	0.04145	0.01419	0.00968	0.01429	0.00870	0.01131	0.00671	0.02779	0.00558	0.00159	0.05118	0.01783	0.00207	0.00660
27	0.01222	0.03536	0.03878	0.06219	0.49179	0.11124	0.01222	0.06765	0.05097	0.01564	0.03301	0.01269	0.02610	0.00478	0.00456	0.00138	0.00565	0.00424	0.00269	0.00684
28	0.02293	0.03787	0.08139	0.00898	0.02789	0.11350	0.00715	0.11933	0.02692	0.01482	0.01827	0.42865	0.03317	0.01066	0.02471	0.00177	0.00456	0.00861	0.00372	0.00510
29	0.00674	0.00481	0.00628	0.00628	0.00665	0.00521	0.00429	0.00751	0.00735	0.01019	0.03621	0.07247	0.01617	0.43664	0.32694	0.00535	0.02815	0.00644	0.00283	0.00349
30	0.01479	0.14929	0.03438	0.01201	0.06237	0.42184	0.03071	0.05106	0.04972	0.03940	0.00932	0.05417	0.00811	0.00539	0.00466	0.00130	0.03900	0.00388	0.00273	0.00586
31	0.02890	0.05177	0.11562	0.01179	0.05399	0.17414	0.00994	0.33250	0.03994	0.08893	0.01028	0.01080	0.00755	0.00525	0.00485	0.00138	0.03796	0.00382	0.00359	0.00699
32	0.01377	0.01434	0.01211	0.05513	0.04014	0.33494	0.00843	0.15499	0.05788	0.01516	0.03052	0.01325	0.00927	0.07568	0.08228	0.00220	0.06709	0.00415	0.00300	0.00564
33	0.00813	0.03444	0.02526	0.03439	0.00932	0.01875	0.02428	0.05235	0.05120	0.03182	0.34146	0.09813	0.12367	0.08408	0.04038	0.00202	0.00371	0.00765	0.00422	0.00473
34	0.03138	0.15534	0.24705	0.01496	0.07987	0.17525	0.04747	0.07841	0.04567	0.01816	0.02597	0.03038	0.01105	0.00715	0.00575	0.00198	0.00737	0.00489	0.00376	0.00814
35	0.03749	0.00668	0.00943	0.00820	0.00947	0.00711	0.08781	0.04131	0.04459	0.04580	0.03115	0.04438	0.03825	0.32540	0.18984	0.00398	0.05565	0.00599	0.00307	0.00440
36	0.00610	0.00442	0.00543	0.00589	0.00654	0.00416	0.00407	0.00716	0.00950	0.01276	0.11873	0.42274	0.18041	0.09852	0.03483	0.00219	0.01155	0.01048	0.05068	0.00384
37	0.01301	0.08498	0.08529	0.04190	0.15998	0.31047	0.06955	0.03905	0.01176	0.01360	0.04935	0.01300	0.05469	0.00526	0.00476	0.00134	0.02935	0.00416	0.00260	0.00593
38	0.04424	0.01112	0.05446	0.01366	0.08568	0.08178	0.23873	0.06060	0.08032	0.01534	0.01540	0.18948	0.04322	0.00729	0.00516	0.00159	0.00550	0.03739	0.00327	0.00577
39	0.00616	0.00454	0.00568	0.00626	0.00696	0.00424	0.00436	0.03314	0.01015	0.01343	0.12721	0.58126	0.15298	0.01319	0.00577	0.00177	0.00266	0.01178	0.00443	0.00402
40	0.03611	0.03485	0.04027	0.09379	0.08562	0.12366	0.14928	0.11086	0.06671	0.03788	0.02208	0.07193	0.01964	0.00592	0.00571	0.00152	0.08003	0.00499	0.00304	0.00609
41	0.05365	0.05989	0.18011	0.01527	0.11068	0.06459	0.10322	0.06061	0.01300	0.02649	0.05224	0.06415	0.01500	0.04395	0.06051	0.00264	0.00725	0.05507	0.00404	0.00764
42	0.01274	0.10829	0.03735	0.04798	0.24809	0.26500	0.04148	0.02915	0.01117	0.01319	0.03151	0.01237	0.03025	0.02897	0.03257	0.00162	0.03584	0.00401	0.00247	0.00596
43	0.12466	0.01265	0.10857	0.01152	0.07332	0.01201	0.03546	0.33017	0.14593	0.04871	0.01167	0.01204	0.00855	0.00524	0.00438	0.00144	0.00486	0.00412	0.03761	0.00709

[dist]
# distance from previous block
# <min> <max>
0	2

[block]
# block no. 7 follows, 55 sequences, length 14
# corresponding to MSA columns:
# 450,451,472-483
name=unknown_H
#
# <colnr> <probs for GDERKNQSTAVLIFYWHMCP>
#	G	D	E	R	K	N	Q	S	T	A	V	L	I	F	Y	W	H	M	C	P
0	0.01050	0.00796	0.00882	0.00873	0.03585	0.09134	0.02110	0.08557	0.03171	0.11447	0.03761	0.38945	0.06439	0.01117	0.03168	0.00185	0.00424	0.03421	0.00419	0.00517
1	0.01280	0.03134	0.01176	0.03208	0.01223	0.05014	0.02039	0.13030	0.13049	0.14237	0.06197	0.07435	0.04024	0.02347	0.00734	0.00164	0.17621	0.00542	0.00390	0.03155
2	0.03680	0.11309	0.08238	0.05519	0.11591	0.12092	0.05046	0.15482	0.05638	0.01628	0.01065	0.02927	0.03396	0.00616	0.02380	0.00156	0.07895	0.00422	0.00291	0.00629
3	0.05470	0.03691	0.03348	0.05995	0.14509	0.16071	0.13494	0.20681	0.04468	0.03080	0.00941	0.01098	0.00724	0.00489	0.00499	0.00142	0.03930	0.00407	0.00305	0.00660
4	0.00808	0.00404	0.00606	0.00606	0.00606	0.00404	0.00404	0.00606	0.00606	0.00808	0.00808	0.01414	0.00808	0.01616	0.01818	0.86465	0.00404	0.00404	0.00202	0.00202
5	0.01017	0.01328	0.17565	0.19666	0.16176	0.06737	0.12178	0.01392	0.05276	0.01386	0.01195	0.04903	0.05391	0.00546	0.00513	0.00152	0.03233	0.00489	0.00252	0.00606
6	0.03957	0.07934	0.14317	0.04902	0.10061	0.07037	0.10531	0.17270	0.04835	0.02924	0.01035	0.05123	0.00849	0.00625	0.03157	0.00163	0.02753	0.00445	0.00299	0.01784
7	0.00957	0.00840	0.03219	0.03096	0.05595	0.06786	0.02218	0.04748	0.01010	0.02976	0.10610	0.03128	0.03456	0.08459	0.13540	0.00268	0.13024	0.00525	0.15055	0.00490
8	0.00722	0.00585	0.00732	0.00731	0.00807	0.05222	0.00545	0.00856	0.00778	0.01063	0.01327	0.06773	0.01324	0.15392	0.60239	0.00633	0.01044	0.00563	0.00264	0.00400
9	0.03555	0.28074	0.09631	0.04812	0.15549	0.10965	0.08894	0.04869	0.01093	0.05508	0.00832	0.00989	0.00668	0.00443	0.00429	0.00129	0.02324	0.00352	0.00247	0.00637
10	0.05252	0.09102	0.12065	0.04881	0.10472	0.18733	0.04114	0.08460	0.07784	0.01539	0.03281	0.06642	0.04566	0.00581	0.00446	0.00140	0.00571	0.00468	0.00298	0.00607
11	0.00687	0.00534	0.00698	0.00737	0.02986	0.00516	0.02531	0.02946	0.06478	0.01433	0.17213	0.44313	0.13020	0.02909	0.00600	0.00177	0.00294	0.01051	0.00437	0.00441
12	0.00835	0.00751	0.03174	0.05343	0.13606	0.02548	0.06968	0.03218	0.03552	0.02869	0.01916	0.49109	0.02117	0.01040	0.00545	0.00171	0.00410	0.00955	0.00367	0.00504
13	0.11386	0.02642	0.08977	0.07902	0.16615	0.06800	0.05117	0.10754	0.11605	0.06121	0.01043	0.01181	0.00798	0.00579	0.02611	0.00162	0.04335	0.00405	0.00311	0.00656

[dist]
# distance from previous block
# <min> <max>
7	16

[block]
# block no. 8 follows, 55 sequences, length 38
# corresponding to MSA columns:
# 502-539
name=unknown_I
#
# <colnr> <probs for GDERKNQSTAVLIFYWHMCP>
#	G	D	E	R	K	N	Q	S	T	A	V	L	I	F	Y	W	H	M	C	P
0	0.01101	0.00972	0.01288	0.13224	0.20062	0.04105	0.00944	0.10447	0.06926	0.02683	0.03264	0.04212	0.04022	0.03327	0.02161	0.00160	0.06507	0.00471	0.00306	0.13816
1	0.00574	0.00415	0.00538	0.00633	0.00671	0.00385	0.00427	0.00658	0.00900	0.01187	0.02694	0.72140	0.09305	0.04569	0.00659	0.00197	0.00278	0.02968	0.00426	0.00377
2	0.01532	0.01178	0.02881	0.01104	0.01452	0.02811	0.10199	0.45560	0.05478	0.09554	0.09201	0.01431	0.01195	0.00581	0.00501	0.00143	0.02054	0.00480	0.00435	0.02232
3	0.01257	0.29015	0.16854	0.02772	0.06523	0.04527	0.14676	0.12117	0.03360	0.03438	0.00880	0.01014	0.00686	0.00443	0.00418	0.00131	0.00598	0.00370	0.00261	0.00659
4	0.00676	0.00495	0.00611	0.00630	0.00663	0.01866	0.00423	0.00744	0.00758	0.01025	0.01628	0.19369	0.01823	0.41359	0.22592	0.00460	0.02034	0.02193	0.00305	0.00348
5	0.00609	0.00447	0.00557	0.00598	0.00666	0.00416	0.00413	0.00743	0.02353	0.01355	0.22659	0.42387	0.14179	0.09492	0.00751	0.00199	0.00272	0.01073	0.00438	0.00392
6	0.03015	0.38490	0.06936	0.05337	0.01468	0.28793	0.02365	0.06296	0.01149	0.01277	0.00727	0.00851	0.00611	0.00442	0.00372	0.00117	0.00635	0.00297	0.00232	0.00590
7	0.00888	0.01041	0.15882	0.09636	0.17317	0.00831	0.01002	0.02666	0.02329	0.02815	0.05614	0.11634	0.06216	0.05465	0.10246	0.00240	0.03277	0.00593	0.00293	0.02013
8	0.04468	0.13806	0.14975	0.06423	0.12332	0.06894	0.04245	0.13558	0.04497	0.04765	0.02394	0.01144	0.00800	0.02243	0.00488	0.00141	0.02221	0.00384	0.00289	0.03932
9	0.01141	0.08893	0.23882	0.07599	0.08940	0.03478	0.02981	0.12887	0.10973	0.03144	0.01214	0.04921	0.02437	0.00645	0.02703	0.00163	0.00570	0.02467	0.00306	0.00655
10	0.00609	0.00454	0.00610	0.00684	0.00739	0.00433	0.01967	0.00756	0.04227	0.01249	0.04218	0.71189	0.05935	0.01376	0.00587	0.00186	0.00287	0.03664	0.00431	0.00401
11	0.02598	0.05034	0.27424	0.05877	0.08695	0.06126	0.05558	0.07018	0.05589	0.01537	0.05118	0.07280	0.06702	0.02799	0.00518	0.00155	0.00552	0.00520	0.00293	0.00607
12	0.03268	0.07479	0.22686	0.06939	0.12472	0.05717	0.10280	0.12103	0.04908	0.05724	0.00960	0.01110	0.00720	0.00476	0.00483	0.00144	0.03180	0.00398	0.00280	0.00673
13	0.01324	0.08310	0.01253	0.01060	0.07731	0.11179	0.03067	0.07893	0.06436	0.17192	0.04838	0.05730	0.05528	0.01900	0.06672	0.00192	0.05089	0.00513	0.03486	0.00608
14	0.01475	0.01258	0.17675	0.01017	0.01394	0.01016	0.02796	0.26877	0.01423	0.22945	0.01268	0.01402	0.00931	0.06026	0.08357	0.00222	0.02389	0.00443	0.00396	0.00692
15	0.03007	0.10856	0.13922	0.01231	0.09063	0.11346	0.07230	0.05922	0.03772	0.13409	0.02806	0.07176	0.02762	0.00603	0.00477	0.00144	0.01894	0.03421	0.00328	0.00632
16	0.01157	0.06443	0.16002	0.04110	0.08274	0.10251	0.03226	0.09549	0.06598	0.05558	0.01140	0.03600	0.00982	0.11093	0.09776	0.00246	0.00648	0.00458	0.00296	0.00592
17	0.00825	0.00606	0.00703	0.00671	0.00817	0.00595	0.00503	0.12846	0.03795	0.03325	0.18252	0.25897	0.22659	0.03312	0.00597	0.00171	0.00304	0.03192	0.00453	0.00476
18	0.03916	0.02523	0.07152	0.07623	0.26751	0.00977	0.02190	0.06498	0.08898	0.07990	0.08823	0.03934	0.05074	0.00616	0.00502	0.00149	0.02473	0.02927	0.00341	0.00644
19	0.02951	0.08656	0.10414	0.11010	0.20801	0.05441	0.02012	0.07716	0.05899	0.05739	0.01307	0.06013	0.05927	0.01997	0.00507	0.00149	0.02048	0.00485	0.00299	0.00629
20	0.00799	0.00647	0.00734	0.00768	0.02445	0.05882	0.01954	0.01048	0.09926	0.03640	0.05391	0.45046	0.07561	0.04637	0.03827	0.00204	0.00377	0.00972	0.03686	0.00456
21	0.01112	0.26992	0.05676	0.03592	0.02916	0.12082	0.03098	0.04134	0.01057	0.04310	0.01373	0.22115	0.01418	0.00806	0.01709	0.00153	0.00513	0.06098	0.00307	0.00539
22	0.03893	0.01077	0.03091	0.11319	0.13196	0.07477	0.05647	0.07041	0.04091	0.01539	0.04902	0.01258	0.00914	0.02798	0.00605	0.00141	0.09579	0.00406	0.00279	0.20744
23	0.01179	0.01222	0.11221	0.05327	0.17829	0.08962	0.05469	0.12630	0.04044	0.06132	0.02470	0.17061	0.01267	0.00737	0.02191	0.00163	0.00548	0.00593	0.00332	0.00625
24	0.00614	0.00477	0.00562	0.00569	0.00685	0.00432	0.00419	0.00799	0.03411	0.01488	0.31748	0.19339	0.33964	0.01136	0.00558	0.00161	0.00244	0.02517	0.00462	0.00417
25	0.01310	0.06262	0.01243	0.04071	0.03048	0.32704	0.03761	0.07810	0.10721	0.02738	0.09856	0.03382	0.09870	0.00641	0.00462	0.00137	0.00570	0.00505	0.00341	0.00567
26	0.05403	0.11996	0.09749	0.01510	0.16424	0.10058	0.04006	0.15104	0.11490	0.04066	0.01264	0.02898	0.01042	0.00641	0.00519	0.00173	0.00609	0.01895	0.00381	0.00769
27	0.01221	0.05329	0.04279	0.05713	0.44168	0.08637	0.04245	0.07178	0.01142	0.04067	0.01038	0.03619	0.02556	0.02465	0.00526	0.00147	0.02289	0.00445	0.00267	0.00668
28	0.00603	0.00422	0.00527	0.00596	0.00618	0.00403	0.00380	0.00658	0.00824	0.01094	0.02261	0.54230	0.04901	0.28869	0.01184	0.00275	0.00329	0.01097	0.00382	0.00346
29	0.07378	0.01342	0.01463	0.08821	0.22201	0.24986	0.07713	0.04293	0.04564	0.03150	0.04348	0.02644	0.04042	0.00525	0.00454	0.00139	0.00606	0.00441	0.00284	0.00604
30	0.03777	0.06401	0.19879	0.07402	0.15475	0.05783	0.12436	0.05630	0.03274	0.04480	0.02102	0.06458	0.00938	0.00541	0.00483	0.00148	0.01874	0.02009	0.00274	0.00635
31	0.00677	0.00473	0.00608	0.00649	0.00717	0.00456	0.00468	0.00790	0.00971	0.03873	0.13635	0.38821	0.10845	0.12239	0.00847	0.00217	0.02586	0.10310	0.00421	0.00398
32	0.02745	0.01128	0.04208	0.17472	0.41402	0.04186	0.02867	0.11952	0.01200	0.03198	0.03038	0.02715	0.00854	0.00483	0.00464	0.00143	0.00560	0.00437	0.00276	0.00673
33	0.07708	0.11186	0.06634	0.06645	0.10260	0.07609	0.06017	0.18911	0.02937	0.08319	0.03353	0.01391	0.03729	0.00540	0.00443	0.00140	0.00533	0.02660	0.00335	0.00649
34	0.06081	0.08669	0.08096	0.07022	0.08388	0.03002	0.11771	0.09565	0.11393	0.08472	0.05488	0.03451	0.05442	0.00570	0.00462	0.00145	0.00509	0.00495	0.00343	0.00638
35	0.00629	0.00474	0.00526	0.00534	0.00668	0.00410	0.00394	0.00751	0.01054	0.04366	0.10520	0.17415	0.54202	0.03359	0.00604	0.00170	0.00256	0.02819	0.00440	0.00407
36	0.02812	0.35192	0.13291	0.01132	0.06058	0.21280	0.03521	0.02898	0.01091	0.05860	0.00804	0.00920	0.00654	0.00502	0.02053	0.00133	0.00629	0.00315	0.00241	0.00614
37	0.04551	0.09794	0.17738	0.05162	0.08051	0.10194	0.03581	0.12873	0.10584	0.06122	0.04394	0.01288	0.02618	0.00522	0.00440	0.00139	0.00553	0.00415	0.00321	0.00659

[dist]
# distance from previous block
# <min> <max>
2	3

[block]
# block no. 9 follows, 55 sequences, length 18
# corresponding to MSA columns:
# 543-560
name=unknown_J
#
# <colnr> <probs for GDERKNQSTAVLIFYWHMCP>
#	G	D	E	R	K	N	Q	S	T	A	V	L	I	F	Y	W	H	M	C	P
0	0.03096	0.14777	0.08069	0.01416	0.15132	0.07019	0.11960	0.13885	0.02853	0.07173	0.02824	0.06232	0.00967	0.00584	0.01866	0.00149	0.00570	0.00463	0.00311	0.00654
1	0.00983	0.08604	0.09525	0.01193	0.08854	0.02630	0.12457	0.07711	0.02456	0.01476	0.02467	0.19096	0.04388	0.04371	0.00593	0.00165	0.02002	0.04443	0.01904	0.04682
2	0.03248	0.01024	0.04635	0.50493	0.23403	0.03605	0.04441	0.01300	0.00982	0.01321	0.00836	0.01182	0.00649	0.00448	0.00460	0.00149	0.00612	0.00409	0.00217	0.00586
3	0.04744	0.10823	0.04636	0.03999	0.13572	0.07425	0.15686	0.06018	0.04693	0.05822	0.04625	0.07450	0.04322	0.01808	0.00516	0.00149	0.02274	0.00522	0.00308	0.00607
4	0.02419	0.07680	0.13773	0.04609	0.08938	0.09962	0.04207	0.05313	0.15476	0.05866	0.01446	0.02877	0.06795	0.04004	0.00563	0.00159	0.02546	0.02425	0.00323	0.00622
5	0.00578	0.00460	0.00519	0.00530	0.00652	0.00401	0.00388	0.00713	0.01089	0.01386	0.21915	0.18555	0.48820	0.01176	0.00558	0.00160	0.00238	0.01011	0.00451	0.00401
6	0.07379	0.19065	0.03878	0.00961	0.01274	0.13359	0.05463	0.14956	0.05339	0.07786	0.04263	0.05462	0.03872	0.00658	0.02175	0.00149	0.00533	0.02477	0.00342	0.00610
7	0.08076	0.03268	0.07456	0.03091	0.18115	0.05787	0.04694	0.18378	0.04879	0.07367	0.03869	0.06244	0.01066	0.02483	0.00497	0.00150	0.00506	0.00478	0.02943	0.00654
8	0.01148	0.06447	0.19903	0.02872	0.17248	0.13094	0.03459	0.05328	0.02083	0.03268	0.01041	0.07231	0.00932	0.05922	0.01830	0.00172	0.05194	0.00463	0.01759	0.00606
9	0.00674	0.00552	0.00601	0.00585	0.00726	0.02194	0.00439	0.05021	0.01094	0.01382	0.12794	0.10081	0.46910	0.03228	0.11366	0.00241	0.00403	0.00877	0.00412	0.00422
10	0.01114	0.16931	0.30641	0.01371	0.09344	0.03687	0.12593	0.05396	0.03586	0.03366	0.05218	0.01240	0.02525	0.00482	0.00443	0.00138	0.00598	0.00414	0.00260	0.00652
11	0.03942	0.10006	0.12577	0.03490	0.06780	0.06855	0.04459	0.19738	0.04342	0.07635	0.05768	0.05675	0.02791	0.00592	0.00488	0.00143	0.03252	0.00474	0.00345	0.00648
12	0.00724	0.00519	0.00647	0.00674	0.00773	0.00510	0.00489	0.04502	0.05644	0.03858	0.11454	0.45676	0.12336	0.01386	0.06234	0.00214	0.00353	0.03127	0.00437	0.00444
13	0.04201	0.01034	0.07903	0.34451	0.23900	0.01016	0.04653	0.04711	0.01040	0.01448	0.03569	0.01494	0.02640	0.03022	0.00527	0.00159	0.00567	0.02821	0.00252	0.00592
14	0.01305	0.02484	0.06638	0.04709	0.19140	0.16297	0.05321	0.11734	0.07876	0.05552	0.03961	0.01360	0.02452	0.03711	0.00528	0.00147	0.00568	0.00434	0.00315	0.05464
15	0.02115	0.07842	0.20789	0.09410	0.08654	0.10178	0.10948	0.03881	0.05128	0.02822	0.02810	0.06904	0.05368	0.00572	0.00465	0.00145	0.00590	0.00495	0.00276	0.00607
16	0.00995	0.00731	0.00877	0.00806	0.02622	0.00795	0.00591	0.23928	0.01181	0.01601	0.01481	0.05203	0.05175	0.23964	0.27504	0.00424	0.00713	0.00577	0.00337	0.00495
17	0.00946	0.08281	0.06940	0.00913	0.02770	0.00884	0.06373	0.07862	0.12336	0.03216	0.07856	0.11226	0.20606	0.00849	0.00534	0.00156	0.02640	0.04673	0.00387	0.00554

[dist]
# distance from previous block
# <min> <max>
8	46

[block]
# block no. 10 follows, 55 sequences, length 6
# corresponding to MSA columns:
# 609-614
name=unknown_K
#
# <colnr> <probs for GDERKNQSTAVLIFYWHMCP>
#	G	D	E	R	K	N	Q	S	T	A	V	L	I	F	Y	W	H	M	C	P
0	0.03277	0.02726	0.00832	0.00871	0.05360	0.00663	0.00658	0.03902	0.03874	0.01419	0.04803	0.15099	0.16186	0.04148	0.00683	0.00193	0.04539	0.29910	0.00397	0.00462
1	0.00716	0.00525	0.00700	0.00696	0.00810	0.00488	0.03885	0.00880	0.03535	0.04452	0.08028	0.36081	0.15993	0.09336	0.00744	0.00201	0.00328	0.08939	0.00416	0.03246
