[name]
unknown

[dist]
# distance from previous block
# <min> <max>
11	117

[block]
# block no. 0 follows, 57 sequences, length 13
# corresponding to MSA columns:
# 145-157
name=unknown_A
#
# <colnr> <probs for GDERKNQSTAVLIFYWHMCP>
#	G	D	E	R	K	N	Q	S	T	A	V	L	I	F	Y	W	H	M	C	P
0	0.06922	0.10281	0.08930	0.03185	0.08795	0.13920	0.04356	0.05719	0.02929	0.02975	0.03976	0.11562	0.03043	0.04153	0.00508	0.00145	0.00506	0.00499	0.00292	0.07303
1	0.08034	0.26422	0.23331	0.02716	0.06733	0.03797	0.04083	0.06919	0.01042	0.04522	0.00860	0.03759	0.00707	0.00457	0.00384	0.00125	0.00533	0.00351	0.00249	0.04976
2	0.06277	0.05414	0.14399	0.03595	0.10388	0.04329	0.01985	0.04072	0.01020	0.03036	0.08308	0.21897	0.02952	0.00845	0.02443	0.00165	0.01417	0.04456	0.00322	0.02680
3	0.01214	0.08771	0.14334	0.03275	0.13815	0.03773	0.05724	0.21759	0.02918	0.04459	0.01198	0.09378	0.03137	0.00581	0.00467	0.00140	0.01881	0.00488	0.00318	0.02370
4	0.01089	0.03038	0.13208	0.07187	0.10103	0.05925	0.10086	0.11863	0.03570	0.02627	0.01064	0.08043	0.00927	0.02114	0.05318	0.00178	0.04109	0.00473	0.00282	0.08795
5	0.04217	0.00505	0.00574	0.00597	0.00708	0.00486	0.00437	0.03455	0.03769	0.01311	0.05206	0.29746	0.31497	0.06265	0.04172	0.00207	0.00325	0.05713	0.00403	0.00405
6	0.00991	0.03723	0.01268	0.13396	0.14675	0.04134	0.05600	0.08948	0.06675	0.01524	0.11667	0.05834	0.08315	0.03607	0.00608	0.00159	0.05610	0.02387	0.00326	0.00553
7	0.00646	0.00438	0.00504	0.00512	0.00521	0.00436	0.00298	0.00662	0.00690	0.00917	0.01605	0.09272	0.04281	0.72207	0.04854	0.00420	0.00445	0.00712	0.00290	0.00290
8	0.01029	0.01110	0.10622	0.27585	0.36523	0.01016	0.06517	0.01335	0.00997	0.04676	0.01003	0.01264	0.03411	0.00453	0.00457	0.00143	0.00572	0.00425	0.00234	0.00629
9	0.08062	0.03371	0.12099	0.25884	0.19066	0.04410	0.01100	0.01275	0.00976	0.03988	0.05773	0.05061	0.00979	0.00582	0.02475	0.00155	0.00543	0.00437	0.00256	0.03506
10	0.04030	0.02809	0.00859	0.03436	0.01006	0.00618	0.00519	0.01063	0.02637	0.02832	0.01393	0.09029	0.08279	0.08616	0.00572	0.00131	0.00344	0.00473	0.00303	0.51051
11	0.04007	0.09109	0.08781	0.07216	0.10708	0.08535	0.06929	0.05396	0.02481	0.08828	0.08238	0.05591	0.03865	0.03122	0.00547	0.00149	0.04031	0.00489	0.00308	0.01672
12	0.03605	0.02393	0.01001	0.02425	0.03910	0.21725	0.00688	0.13113	0.04067	0.03558	0.05072	0.09238	0.14354	0.01822	0.02560	0.00158	0.01847	0.03016	0.02121	0.03328

[dist]
# distance from previous block
# <min> <max>
7	31

[block]
# block no. 1 follows, 57 sequences, length 10
# corresponding to MSA columns:
# 189-198
name=unknown_B
#
# <colnr> <probs for GDERKNQSTAVLIFYWHMCP>
#	G	D	E	R	K	N	Q	S	T	A	V	L	I	F	Y	W	H	M	C	P
0	0.03212	0.04114	0.00914	0.00798	0.03329	0.03698	0.01540	0.10499	0.11601	0.01481	0.01637	0.17972	0.05571	0.16738	0.02614	0.00209	0.00413	0.01505	0.00350	0.11803
1	0.02334	0.08896	0.17100	0.01068	0.09982	0.04366	0.00889	0.05038	0.05090	0.05177	0.05723	0.07036	0.03233	0.04873	0.00518	0.00141	0.00460	0.00462	0.00300	0.17315
2	0.26767	0.13987	0.06413	0.02725	0.06498	0.07768	0.05014	0.08624	0.04431	0.03439	0.03194	0.01003	0.00748	0.00457	0.00392	0.00129	0.02106	0.00336	0.00283	0.05684
3	0.00629	0.00505	0.02932	0.00652	0.00729	0.00450	0.00478	0.03680	0.00956	0.01281	0.09371	0.55367	0.08190	0.05763	0.03701	0.00210	0.00328	0.03972	0.00408	0.00396
4	0.11670	0.04192	0.04318	0.02813	0.06118	0.01102	0.00795	0.34683	0.01425	0.02091	0.00948	0.03468	0.00754	0.00488	0.00419	0.00121	0.01948	0.00371	0.00342	0.21935
5	0.08514	0.06430	0.11607	0.01032	0.05359	0.02490	0.09840	0.01351	0.03460	0.05858	0.00951	0.01188	0.00773	0.00515	0.02776	0.00131	0.00490	0.03276	0.00274	0.33683
6	0.02740	0.00567	0.02176	0.00753	0.04298	0.00562	0.00512	0.03290	0.02149	0.01244	0.06873	0.41047	0.06455	0.18405	0.00974	0.00228	0.06029	0.00928	0.00365	0.00404
7	0.05818	0.03048	0.21233	0.04090	0.01384	0.03225	0.00925	0.06372	0.02857	0.34266	0.01409	0.01437	0.03786	0.03305	0.04672	0.00180	0.00523	0.00428	0.00384	0.00660
8	0.03579	0.00983	0.04614	0.19004	0.28180	0.00987	0.10136	0.03362	0.04616	0.04386	0.02687	0.05079	0.06084	0.00550	0.00508	0.00148	0.03718	0.00500	0.00275	0.00604
9	0.04839	0.06470	0.03110	0.16309	0.10555	0.05173	0.13635	0.05222	0.05458	0.05271	0.04057	0.03807	0.01047	0.02753	0.03147	0.00173	0.03687	0.04428	0.00288	0.00571

[dist]
# distance from previous block
# <min> <max>
52	234

[block]
# block no. 2 follows, 57 sequences, length 17
# corresponding to MSA columns:
# 504-520
name=unknown_C
#
# <colnr> <probs for GDERKNQSTAVLIFYWHMCP>
#	G	D	E	R	K	N	Q	S	T	A	V	L	I	F	Y	W	H	M	C	P
0	0.00995	0.08274	0.06458	0.12329	0.01797	0.01051	0.26590	0.07336	0.01028	0.01399	0.01047	0.09786	0.00946	0.02833	0.04638	0.00182	0.06299	0.00522	0.00260	0.06229
1	0.08160	0.09109	0.02539	0.03062	0.02577	0.04885	0.06773	0.08297	0.06377	0.13175	0.09431	0.11993	0.03720	0.02166	0.00531	0.00152	0.03611	0.02504	0.00373	0.00568
2	0.01250	0.09215	0.20834	0.03421	0.08578	0.05394	0.09362	0.12620	0.07528	0.09737	0.04281	0.01213	0.00900	0.00497	0.00475	0.00139	0.03175	0.00411	0.00310	0.00660
3	0.02762	0.00501	0.00647	0.00760	0.06480	0.00480	0.00498	0.00803	0.03168	0.01309	0.12286	0.40439	0.15760	0.06532	0.00661	0.00186	0.00297	0.05615	0.00404	0.00413
4	0.19527	0.01059	0.10265	0.04285	0.04983	0.02952	0.06682	0.05229	0.04602	0.10587	0.03438	0.07318	0.04817	0.00664	0.01865	0.00162	0.10190	0.00483	0.00321	0.00571
5	0.02799	0.11688	0.11762	0.01292	0.10268	0.10377	0.10797	0.13981	0.09325	0.01613	0.01193	0.05126	0.04622	0.00547	0.00468	0.00138	0.02627	0.00455	0.00298	0.00626
6	0.03150	0.04537	0.03710	0.12923	0.10361	0.04831	0.20964	0.06579	0.01062	0.03427	0.01290	0.09206	0.05939	0.00619	0.00563	0.00153	0.07051	0.02791	0.00280	0.00564
7	0.01166	0.04761	0.01000	0.04041	0.01077	0.04749	0.00671	0.09103	0.01095	0.18628	0.05730	0.05701	0.03681	0.01425	0.22794	0.00304	0.06595	0.02405	0.04528	0.00545
8	0.00778	0.00750	0.07234	0.00865	0.07855	0.04304	0.00630	0.00972	0.03176	0.03855	0.10380	0.25185	0.16993	0.07677	0.00662	0.00181	0.00361	0.04809	0.02877	0.00458
9	0.02740	0.08843	0.12297	0.03638	0.23135	0.06922	0.08922	0.04324	0.07385	0.03267	0.04639	0.03929	0.03859	0.00532	0.00485	0.00140	0.03582	0.00458	0.00278	0.00624
10	0.01200	0.15505	0.28873	0.01211	0.06265	0.08523	0.04586	0.07786	0.06444	0.06685	0.00933	0.01050	0.00713	0.00558	0.02780	0.00153	0.05465	0.00362	0.00264	0.00642
11	0.00575	0.00415	0.00529	0.00608	0.00651	0.00388	0.00414	0.00660	0.00884	0.01164	0.04871	0.59916	0.10983	0.10430	0.00765	0.00209	0.00286	0.05483	0.00407	0.00364
12	0.01083	0.04354	0.09360	0.01237	0.13268	0.07003	0.05714	0.08629	0.12402	0.03761	0.08134	0.03382	0.04453	0.00820	0.06294	0.00186	0.01584	0.04981	0.02760	0.00598
13	0.06083	0.09981	0.11741	0.06848	0.09449	0.08258	0.02872	0.11527	0.10433	0.03138	0.04781	0.01513	0.05378	0.02176	0.00468	0.00143	0.00503	0.02417	0.01684	0.00605
14	0.00611	0.00470	0.00607	0.00639	0.00717	0.00446	0.02623	0.00768	0.04714	0.01227	0.06890	0.47315	0.17896	0.08613	0.02118	0.00206	0.00308	0.03035	0.00405	0.00391
15	0.00579	0.00439	0.00537	0.00580	0.00669	0.00397	0.00422	0.00708	0.01020	0.01331	0.19437	0.35753	0.28012	0.01218	0.00559	0.00167	0.00254	0.07093	0.00437	0.00389
16	0.02278	0.24693	0.08714	0.04588	0.05824	0.08513	0.11960	0.08280	0.02583	0.05863	0.02546	0.04717	0.02907	0.00543	0.01337	0.00137	0.01992	0.00423	0.00276	0.01826

[dist]
# distance from previous block
# <min> <max>
31	97

[block]
# block no. 3 follows, 57 sequences, length 21
# corresponding to MSA columns:
# 635-655
name=unknown_D
#
# <colnr> <probs for GDERKNQSTAVLIFYWHMCP>
#	G	D	E	R	K	N	Q	S	T	A	V	L	I	F	Y	W	H	M	C	P
0	0.02330	0.14159	0.16373	0.03827	0.09219	0.07043	0.15027	0.13638	0.05296	0.03694	0.01017	0.01142	0.02822	0.00464	0.00433	0.00134	0.00583	0.00400	0.00278	0.02120
1	0.00999	0.05624	0.03820	0.01884	0.02411	0.07021	0.01935	0.07835	0.08664	0.04865	0.08341	0.08487	0.06677	0.02332	0.14101	0.07153	0.04636	0.00560	0.02152	0.00504
2	0.00594	0.00431	0.00544	0.00616	0.00665	0.00405	0.00417	0.02905	0.00921	0.01218	0.05340	0.66169	0.10356	0.06306	0.00673	0.00194	0.00275	0.01177	0.00416	0.00377
3	0.02469	0.05397	0.03879	0.06680	0.08841	0.01795	0.16209	0.10637	0.02470	0.07279	0.06608	0.09705	0.08547	0.04981	0.00581	0.00163	0.00486	0.02368	0.00339	0.00566
4	0.00937	0.02414	0.01438	0.44661	0.15610	0.03812	0.07073	0.02393	0.02266	0.01289	0.03011	0.04171	0.03213	0.01946	0.00501	0.00154	0.00563	0.03762	0.00247	0.00540
5	0.00567	0.00448	0.00509	0.00552	0.00648	0.00404	0.00389	0.00703	0.03698	0.01206	0.03471	0.39155	0.41368	0.03962	0.00610	0.00176	0.00256	0.01077	0.00417	0.00384
6	0.00818	0.00907	0.09717	0.01122	0.03904	0.03354	0.20412	0.01041	0.00974	0.02904	0.01856	0.38573	0.04395	0.00953	0.00542	0.00168	0.00472	0.07059	0.00339	0.00490
7	0.03953	0.20655	0.17383	0.11213	0.11960	0.15046	0.01092	0.04391	0.02969	0.01357	0.03670	0.01036	0.00758	0.00460	0.00422	0.00129	0.02327	0.00346	0.00235	0.00598
8	0.00716	0.00560	0.02933	0.02462	0.00804	0.00499	0.00491	0.03833	0.03657	0.04601	0.16929	0.28629	0.24632	0.01126	0.02550	0.00172	0.00302	0.00919	0.03745	0.00440
9	0.00884	0.00492	0.00551	0.00549	0.00669	0.00489	0.00418	0.03639	0.03576	0.06154	0.01820	0.15630	0.03732	0.00755	0.00407	0.00132	0.00260	0.06682	0.52708	0.00453
10	0.01102	0.00772	0.00961	0.03043	0.01078	0.00822	0.02157	0.16967	0.08444	0.11554	0.17373	0.08881	0.09630	0.00885	0.02557	0.00170	0.06973	0.05635	0.00432	0.00565
11	0.02825	0.10170	0.09608	0.11733	0.09961	0.16944	0.01973	0.07550	0.01136	0.09444	0.01131	0.08135	0.02287	0.00555	0.00428	0.00134	0.00546	0.00447	0.04406	0.00587
12	0.01473	0.01428	0.01171	0.01010	0.01258	0.31822	0.00790	0.25730	0.08733	0.04390	0.04751	0.04287	0.02785	0.02316	0.00526	0.00144	0.03438	0.02984	0.00361	0.00604
13	0.00591	0.00450	0.00509	0.00527	0.00646	0.00391	0.00383	0.00709	0.01023	0.03393	0.12525	0.25631	0.49250	0.01181	0.00545	0.00160	0.00241	0.01017	0.00433	0.00394
14	0.01061	0.11156	0.18236	0.09037	0.13726	0.04806	0.02619	0.08309	0.06022	0.03104	0.02559	0.09030	0.03641	0.02463	0.00489	0.00148	0.00519	0.02182	0.00289	0.00601
15	0.02358	0.00996	0.09800	0.04750	0.03496	0.06083	0.04273	0.06452	0.07185	0.08345	0.06276	0.05697	0.09664	0.06731	0.05991	0.00204	0.03602	0.01890	0.03332	0.02874
16	0.05416	0.02865	0.00954	0.00778	0.01023	0.03622	0.03179	0.14324	0.04801	0.18847	0.07832	0.03871	0.15341	0.00835	0.03668	0.00166	0.00411	0.04977	0.06514	0.00576
17	0.00953	0.05500	0.06970	0.03531	0.16476	0.03057	0.03382	0.03945	0.06429	0.04823	0.04187	0.18786	0.07242	0.03528	0.00579	0.02251	0.00435	0.05522	0.00336	0.02068
18	0.02650	0.06878	0.25423	0.02703	0.11276	0.06970	0.08561	0.10173	0.04340	0.07135	0.02376	0.02453	0.00801	0.00499	0.00506	0.00142	0.05783	0.00404	0.00279	0.00648
19	0.00942	0.00958	0.07163	0.03793	0.11112	0.06689	0.04162	0.04156	0.07217	0.03817	0.04272	0.13560	0.14016	0.04319	0.05362	0.00199	0.06761	0.00647	0.00328	0.00527
20	0.08374	0.08738	0.09590	0.00905	0.02445	0.05639	0.04657	0.14107	0.04512	0.02803	0.02921	0.07754	0.10696	0.07645	0.00616	0.00166	0.01805	0.02582	0.00329	0.03715

[dist]
# distance from previous block
# <min> <max>
2	46

[block]
# block no. 4 follows, 57 sequences, length 17
# corresponding to MSA columns:
# 702-718
name=unknown_E
#
# <colnr> <probs for GDERKNQSTAVLIFYWHMCP>
#	G	D	E	R	K	N	Q	S	T	A	V	L	I	F	Y	W	H	M	C	P
0	0.03001	0.04393	0.00759	0.00684	0.00790	0.02524	0.01874	0.04062	0.04049	0.03405	0.08351	0.36734	0.07097	0.11026	0.04761	0.03272	0.01547	0.00873	0.00375	0.00422
1	0.05276	0.00920	0.02292	0.06869	0.08943	0.07695	0.04706	0.05421	0.07987	0.20280	0.05343	0.10441	0.02512	0.02260	0.00491	0.00148	0.00441	0.00545	0.06834	0.00597
2	0.03586	0.05128	0.03423	0.09379	0.12377	0.07520	0.00809	0.08921	0.07786	0.03193	0.02804	0.11227	0.04671	0.05819	0.04104	0.00186	0.02608	0.00546	0.05366	0.00548
3	0.02356	0.03142	0.00970	0.00833	0.01023	0.20307	0.04822	0.03966	0.06173	0.03408	0.13350	0.09955	0.22114	0.02057	0.00548	0.00149	0.03300	0.00672	0.00366	0.00488
4	0.08307	0.00775	0.00958	0.00840	0.04500	0.00754	0.00637	0.12274	0.02683	0.37183	0.11148	0.03971	0.03307	0.06207	0.00580	0.00162	0.00378	0.02364	0.02336	0.00636
5	0.00812	0.00616	0.00707	0.00702	0.00782	0.04303	0.00505	0.04053	0.04863	0.04332	0.03521	0.31033	0.03770	0.18674	0.08713	0.00278	0.05560	0.03020	0.03337	0.00421
6	0.06755	0.02500	0.07827	0.08488	0.23609	0.03205	0.03015	0.04289	0.02682	0.11472	0.01486	0.08684	0.06465	0.00646	0.00467	0.00149	0.00477	0.06858	0.00324	0.00602
7	0.01588	0.00920	0.01048	0.00831	0.01131	0.00948	0.00677	0.35270	0.04946	0.26947	0.01564	0.01507	0.04639	0.00577	0.00435	0.00134	0.00396	0.00455	0.15295	0.00691
8	0.03029	0.00832	0.00930	0.00773	0.01026	0.00865	0.00618	0.25742	0.11541	0.15380	0.12129	0.03237	0.11312	0.00688	0.00459	0.00139	0.00354	0.00561	0.09760	0.00622
9	0.01132	0.03262	0.07638	0.01275	0.18460	0.05031	0.00881	0.19142	0.05463	0.03672	0.03861	0.06377	0.07481	0.08137	0.04055	0.00193	0.00506	0.02495	0.00339	0.00599
10	0.00691	0.00532	0.00605	0.00597	0.00727	0.00513	0.00441	0.04562	0.08995	0.01506	0.21056	0.22457	0.29944	0.01055	0.00525	0.00155	0.00258	0.00912	0.04026	0.00442
11	0.00609	0.00487	0.00547	0.00553	0.00685	0.00442	0.00418	0.02700	0.02582	0.01350	0.13958	0.13904	0.49797	0.01212	0.03366	0.00179	0.00287	0.06093	0.00426	0.00406
12	0.00629	0.00447	0.00541	0.00589	0.00627	0.00436	0.00391	0.00726	0.03308	0.01086	0.02171	0.35255	0.07821	0.35702	0.01294	0.00289	0.00350	0.07632	0.00361	0.00345
13	0.00969	0.00969	0.08904	0.08626	0.07750	0.05523	0.02332	0.08756	0.09347	0.03846	0.01822	0.21017	0.08108	0.02936	0.00547	0.00165	0.00449	0.07036	0.00355	0.00542
14	0.00586	0.00474	0.00523	0.00527	0.00657	0.00423	0.00389	0.00768	0.04719	0.01360	0.18895	0.15472	0.51358	0.01120	0.00538	0.00155	0.00237	0.00957	0.00438	0.00405
15	0.00660	0.00489	0.00579	0.00619	0.00664	0.02561	0.00429	0.00739	0.00828	0.01086	0.04073	0.25321	0.05847	0.34282	0.08306	0.00331	0.00449	0.12047	0.00344	0.00348
16	0.01085	0.02453	0.01085	0.01057	0.07724	0.14805	0.04635	0.12462	0.06207	0.03160	0.06518	0.26111	0.03291	0.00860	0.00503	0.00154	0.00460	0.06521	0.00373	0.00535

[dist]
# distance from previous block
# <min> <max>
5	18

[block]
# block no. 5 follows, 57 sequences, length 28
# corresponding to MSA columns:
# 738-765
name=unknown_F
#
# <colnr> <probs for GDERKNQSTAVLIFYWHMCP>
#	G	D	E	R	K	N	Q	S	T	A	V	L	I	F	Y	W	H	M	C	P
0	0.01156	0.01066	0.01537	0.11961	0.48173	0.07921	0.01176	0.04467	0.02673	0.05158	0.04317	0.01469	0.02261	0.00505	0.00460	0.00140	0.00534	0.04102	0.00275	0.00648
1	0.02719	0.02617	0.05249	0.29677	0.11783	0.06919	0.17836	0.05142	0.01027	0.01351	0.00963	0.05655	0.00830	0.05606	0.00579	0.00164	0.00608	0.00477	0.00242	0.00555
2	0.00607	0.00447	0.00574	0.00635	0.00701	0.00419	0.00444	0.00750	0.03548	0.01268	0.10671	0.60393	0.05919	0.03412	0.00605	0.00180	0.00275	0.04809	0.00420	0.03923
3	0.00857	0.00741	0.01040	0.03652	0.03791	0.03869	0.07721	0.05784	0.00893	0.01233	0.03631	0.05523	0.01229	0.16634	0.29318	0.00407	0.10762	0.00539	0.01927	0.00451
4	0.00735	0.00573	0.00790	0.03010	0.04168	0.00583	0.03235	0.08092	0.01007	0.01350	0.04736	0.51900	0.07414	0.01278	0.04497	0.01702	0.03104	0.01001	0.00386	0.00438
5	0.01016	0.21141	0.51287	0.01123	0.01671	0.01206	0.03381	0.05417	0.00999	0.01402	0.00813	0.00999	0.00636	0.03843	0.00476	0.00142	0.00601	0.00334	0.00212	0.03304
6	0.02679	0.12788	0.12737	0.16237	0.11210	0.04654	0.07347	0.13143	0.02104	0.04153	0.00863	0.01051	0.00666	0.00467	0.00491	0.00137	0.05824	0.00374	0.00261	0.02813
7	0.06506	0.02365	0.00785	0.00731	0.00827	0.02798	0.00568	0.00882	0.00786	0.01156	0.04582	0.05394	0.04791	0.06952	0.52010	0.00531	0.07122	0.00531	0.00268	0.00415
8	0.00633	0.00480	0.00588	0.00617	0.00714	0.00456	0.00457	0.00815	0.04690	0.01317	0.15036	0.26624	0.20958	0.07739	0.04450	0.00215	0.00332	0.11458	0.00412	0.02008
9	0.01038	0.07240	0.07828	0.02205	0.06329	0.08002	0.02684	0.15048	0.04552	0.01625	0.11526	0.20954	0.02696	0.00808	0.00488	0.00150	0.00445	0.05467	0.00365	0.00550
10	0.03240	0.01114	0.13170	0.03141	0.03778	0.00968	0.03523	0.24000	0.10870	0.05610	0.09071	0.09104	0.04022	0.00654	0.00464	0.00144	0.00439	0.00549	0.04118	0.02023
11	0.00942	0.00639	0.00766	0.00635	0.00879	0.00549	0.00498	0.03558	0.02710	0.11633	0.24657	0.03960	0.14303	0.00715	0.00454	0.00121	0.00291	0.01914	0.03940	0.26840
12	0.00632	0.00460	0.00551	0.00566	0.00662	0.00422	0.00402	0.00784	0.03205	0.03348	0.22827	0.28937	0.26071	0.08185	0.00695	0.00184	0.00261	0.00977	0.00433	0.00399
13	0.02481	0.29155	0.13576	0.02068	0.01470	0.13056	0.07896	0.15342	0.05725	0.01547	0.00885	0.02300	0.00714	0.00465	0.00395	0.00124	0.00573	0.00355	0.01251	0.00623
14	0.00732	0.02598	0.00598	0.00557	0.00611	0.02638	0.00361	0.00818	0.02815	0.02768	0.06633	0.11938	0.05101	0.51396	0.03699	0.00339	0.00412	0.00707	0.04933	0.00346
15	0.00618	0.00454	0.00544	0.00584	0.00677	0.00415	0.00419	0.00754	0.02882	0.03246	0.08734	0.38572	0.29805	0.04970	0.00635	0.00181	0.00270	0.05420	0.00424	0.00394
16	0.05198	0.08809	0.02570	0.01004	0.03310	0.07213	0.05581	0.29460	0.07899	0.03473	0.02147	0.01313	0.01968	0.02496	0.12492	0.00226	0.00608	0.00422	0.03192	0.00621
17	0.01115	0.05070	0.15248	0.07585	0.06541	0.06839	0.02835	0.14015	0.06565	0.05406	0.03970	0.05131	0.08579	0.03756	0.00536	0.00156	0.00503	0.05226	0.00333	0.00592
18	0.00837	0.00616	0.00725	0.04408	0.00903	0.02362	0.00529	0.07306	0.06246	0.05500	0.15623	0.17722	0.15323	0.09001	0.06727	0.00225	0.00399	0.03175	0.01911	0.00462
19	0.05336	0.00696	0.00735	0.00688	0.00846	0.04658	0.00522	0.07309	0.10008	0.05233	0.20536	0.11958	0.14398	0.09038	0.00681	0.00182	0.00341	0.05931	0.00421	0.00481
20	0.02461	0.20411	0.31243	0.02252	0.06501	0.01193	0.11482	0.04035	0.00994	0.04020	0.00873	0.02563	0.00707	0.02169	0.02591	0.00154	0.02854	0.00378	0.00231	0.02888
21	0.02896	0.23313	0.09248	0.03065	0.08503	0.07875	0.00887	0.13015	0.02583	0.07193	0.03729	0.06341	0.00985	0.02400	0.01812	0.00145	0.02578	0.00422	0.00300	0.02709
22	0.03852	0.00484	0.00571	0.00596	0.00692	0.00461	0.00423	0.02522	0.02527	0.04775	0.08516	0.39888	0.18389	0.08657	0.00693	0.00190	0.00285	0.02458	0.03614	0.00407
23	0.00935	0.00841	0.02999	0.03892	0.16611	0.04470	0.03839	0.07508	0.03548	0.03172	0.10399	0.11732	0.12375	0.09908	0.02763	0.00195	0.03291	0.00660	0.00341	0.00520
24	0.01049	0.06745	0.20191	0.05023	0.03304	0.05486	0.00925	0.14401	0.03816	0.04240	0.07591	0.12339	0.10285	0.00712	0.00483	0.00145	0.01764	0.00585	0.00339	0.00578
25	0.02830	0.03181	0.11445	0.03227	0.06182	0.08224	0.00830	0.15156	0.02912	0.03257	0.02659	0.09098	0.02633	0.03412	0.00491	0.00136	0.00468	0.01910	0.01506	0.20444
26	0.03733	0.14361	0.06200	0.00893	0.04540	0.05107	0.04535	0.06293	0.04067	0.01390	0.06542	0.14530	0.08328	0.08167	0.04398	0.00190	0.00469	0.00604	0.00317	0.05337
27	0.01174	0.08863	0.05704	0.02312	0.04234	0.12844	0.03448	0.09134	0.14831	0.06563	0.04889	0.09044	0.05824	0.00729	0.02529	0.00155	0.00492	0.02565	0.02433	0.02235

[dist]
# distance from previous block
# <min> <max>
2	23

[block]
# block no. 6 follows, 57 sequences, length 18
# corresponding to MSA columns:
# 789-806
name=unknown_G
#
# <colnr> <probs for GDERKNQSTAVLIFYWHMCP>
#	G	D	E	R	K	N	Q	S	T	A	V	L	I	F	Y	W	H	M	C	P
0	0.10692	0.14535	0.04108	0.07449	0.01349	0.06371	0.05213	0.09486	0.10872	0.04780	0.02630	0.05021	0.06298	0.00600	0.00459	0.00139	0.03223	0.03185	0.00323	0.03265
1	0.00890	0.08130	0.10587	0.00807	0.01031	0.03686	0.02627	0.08500	0.07546	0.01438	0.07940	0.23138	0.07263	0.10027	0.02445	0.00193	0.00428	0.00717	0.00352	0.02254
2	0.00776	0.00563	0.00692	0.00682	0.00793	0.02065	0.02181	0.02337	0.05403	0.05784	0.11256	0.32459	0.13707	0.04815	0.01650	0.00183	0.03231	0.04987	0.05994	0.00441
3	0.06989	0.02418	0.03933	0.04713	0.05280	0.15732	0.09914	0.10974	0.04681	0.05572	0.04891	0.11770	0.03977	0.03243	0.00541	0.00153	0.02381	0.00546	0.00329	0.01963
4	0.01028	0.07542	0.11022	0.00979	0.01246	0.04252	0.07289	0.14830	0.07833	0.01591	0.04313	0.16847	0.04874	0.02303	0.02347	0.00172	0.04958	0.05669	0.00345	0.00559
5	0.00646	0.00463	0.00570	0.00605	0.00686	0.00438	0.00428	0.00804	0.04440	0.03431	0.13165	0.39437	0.17046	0.09600	0.03203	0.00213	0.00310	0.03700	0.00416	0.00398
6	0.03354	0.04903	0.07570	0.02879	0.08776	0.06348	0.07167	0.08890	0.02382	0.04310	0.02889	0.07278	0.08794	0.03179	0.03061	0.00171	0.06778	0.02358	0.08365	0.00547
7	0.01220	0.08147	0.08493	0.07244	0.19404	0.06340	0.06943	0.17267	0.02891	0.04028	0.01007	0.05219	0.00843	0.01839	0.02240	0.00155	0.03236	0.00438	0.00291	0.02755
8	0.01072	0.00730	0.00801	0.00712	0.00899	0.03474	0.00542	0.13397	0.09854	0.12674	0.13157	0.13489	0.13797	0.08591	0.00660	0.00175	0.00348	0.00705	0.04389	0.00534
9	0.02775	0.00476	0.00595	0.00668	0.03774	0.00445	0.00447	0.00769	0.00935	0.04053	0.08235	0.38923	0.20941	0.10116	0.02199	0.00207	0.00309	0.03334	0.00401	0.00398
10	0.05154	0.16092	0.10393	0.06859	0.06062	0.07649	0.06477	0.18679	0.03518	0.04465	0.03773	0.02183	0.00868	0.02270	0.00484	0.00140	0.02567	0.00398	0.01349	0.00621
11	0.03895	0.00724	0.02110	0.03790	0.03278	0.00725	0.09126	0.08185	0.04905	0.03185	0.03965	0.38241	0.03719	0.00975	0.00567	0.00166	0.03993	0.05198	0.00375	0.02878
12	0.00576	0.00419	0.00517	0.00576	0.00624	0.00391	0.00384	0.00654	0.00874	0.01147	0.06493	0.49716	0.15897	0.16637	0.02724	0.00236	0.00309	0.01075	0.00394	0.00357
13	0.06736	0.02627	0.06029	0.00842	0.01162	0.05791	0.00714	0.22753	0.04386	0.07695	0.04044	0.05661	0.03694	0.00694	0.04268	0.00151	0.00465	0.00443	0.02394	0.19454
14	0.01121	0.13139	0.05301	0.05810	0.13994	0.03429	0.04397	0.13057	0.02328	0.05952	0.03252	0.09226	0.08191	0.01777	0.00499	0.00145	0.02257	0.02603	0.02934	0.00588
15	0.00815	0.00617	0.00851	0.00783	0.00893	0.02193	0.04169	0.06057	0.00866	0.03696	0.01284	0.06228	0.01235	0.14709	0.47432	0.00524	0.04084	0.00542	0.02586	0.00434
16	0.00702	0.00532	0.00592	0.00609	0.02588	0.02843	0.00434	0.00834	0.01067	0.06541	0.16534	0.19197	0.43694	0.01088	0.00533	0.00155	0.00268	0.00932	0.00433	0.00425
17	0.01239	0.02346	0.10410	0.04712	0.14786	0.05230	0.06583	0.17766	0.10027	0.06925	0.02242	0.03780	0.00938	0.00686	0.04681	0.00174	0.04836	0.00451	0.01537	0.00652

[dist]
# distance from previous block
# <min> <max>
1	14

[block]
# block no. 7 follows, 57 sequences, length 25
# corresponding to MSA columns:
# 822-846
name=unknown_H
#
# <colnr> <probs for GDERKNQSTAVLIFYWHMCP>
#	G	D	E	R	K	N	Q	S	T	A	V	L	I	F	Y	W	H	M	C	P
0	0.03027	0.02216	0.01129	0.02674	0.03993	0.16089	0.02720	0.13271	0.08422	0.01617	0.01207	0.02463	0.04807	0.00619	0.02987	0.00137	0.01808	0.03258	0.01506	0.26051
1	0.00917	0.02992	0.05745	0.02452	0.04395	0.04530	0.07333	0.03844	0.06684	0.02620	0.06290	0.09252	0.01441	0.13851	0.09807	0.00250	0.02011	0.03831	0.00310	0.11444
2	0.00756	0.00545	0.00781	0.00741	0.00870	0.00504	0.07133	0.03320	0.01012	0.06943	0.08369	0.45466	0.13610	0.02662	0.00582	0.00173	0.00323	0.03908	0.00416	0.01888
3	0.06028	0.53753	0.17094	0.00909	0.01328	0.09792	0.00941	0.03405	0.00987	0.01239	0.00683	0.00789	0.00580	0.00410	0.00333	0.00111	0.00546	0.00269	0.00209	0.00592
4	0.01047	0.26250	0.46489	0.01159	0.04164	0.01297	0.01306	0.05412	0.01000	0.01389	0.01951	0.00939	0.00647	0.00448	0.00446	0.00132	0.04751	0.00324	0.00211	0.00638
5	0.12749	0.02070	0.07533	0.03720	0.03844	0.09316	0.06095	0.19514	0.11081	0.01787	0.01107	0.03990	0.00922	0.00736	0.03969	0.04627	0.02339	0.03683	0.00325	0.00592
6	0.00784	0.00619	0.00703	0.00689	0.00798	0.04733	0.01757	0.05875	0.03627	0.03381	0.12193	0.35505	0.13466	0.06767	0.03223	0.00198	0.02120	0.00913	0.02214	0.00435
7	0.00678	0.00478	0.00563	0.00564	0.00690	0.00428	0.00414	0.00841	0.03303	0.06639	0.20192	0.24777	0.36530	0.01118	0.00539	0.00158	0.00249	0.00969	0.00448	0.00423
8	0.01155	0.00981	0.00992	0.00882	0.01131	0.05209	0.00686	0.06970	0.58756	0.04626	0.03102	0.01899	0.08774	0.02148	0.00499	0.00155	0.00379	0.00541	0.00446	0.00669
9	0.01084	0.01006	0.01661	0.23168	0.49286	0.01065	0.03826	0.07702	0.01099	0.01520	0.03634	0.01223	0.00815	0.00445	0.00456	0.00140	0.00548	0.00422	0.00247	0.00653
10	0.00628	0.00463	0.00567	0.00620	0.00691	0.00439	0.00430	0.05523	0.00979	0.01284	0.05187	0.59838	0.16048	0.04264	0.00624	0.00184	0.00277	0.01141	0.00420	0.00394
11	0.00899	0.01376	0.35465	0.00975	0.03507	0.03568	0.01017	0.01249	0.02949	0.07195	0.21298	0.05496	0.11734	0.00698	0.00478	0.00145	0.00459	0.00586	0.00341	0.00566
12	0.00660	0.00468	0.00669	0.00675	0.00747	0.00525	0.00510	0.00790	0.00745	0.01076	0.01374	0.06116	0.03246	0.08430	0.61514	0.04960	0.00985	0.00542	0.05584	0.00384
13	0.02266	0.00551	0.00658	0.00669	0.00784	0.00549	0.00507	0.08937	0.02708	0.01426	0.07385	0.28526	0.18435	0.06811	0.04781	0.00217	0.00366	0.13588	0.00408	0.00429
14	0.01060	0.00720	0.00795	0.00697	0.00858	0.00755	0.00516	0.25367	0.03800	0.04694	0.03155	0.12394	0.05586	0.24882	0.00993	0.00228	0.00385	0.00635	0.11978	0.00501
15	0.01018	0.00763	0.00899	0.00780	0.00986	0.02115	0.04619	0.13967	0.15652	0.06590	0.11186	0.09639	0.16487	0.05045	0.00582	0.00163	0.00358	0.02275	0.06329	0.00546
16	0.05085	0.26723	0.13408	0.03779	0.08726	0.05069	0.02918	0.03859	0.07045	0.03028	0.03076	0.02646	0.04524	0.00538	0.00476	0.00134	0.06278	0.01829	0.00266	0.00593
17	0.00710	0.00479	0.00587	0.00598	0.00716	0.00431	0.00440	0.00852	0.02125	0.07908	0.14378	0.32364	0.26568	0.02861	0.00581	0.00169	0.00271	0.05342	0.00438	0.02182
18	0.00603	0.00445	0.00521	0.00547	0.00645	0.00397	0.00391	0.00720	0.01000	0.02802	0.15382	0.29202	0.34955	0.06104	0.00650	0.00178	0.00257	0.02679	0.02134	0.00387
19	0.00811	0.00576	0.00653	0.00657	0.00739	0.03088	0.00472	0.01971	0.06840	0.05295	0.03143	0.10674	0.05145	0.39556	0.01366	0.00299	0.00410	0.17554	0.00358	0.00394
20	0.01167	0.03422	0.04825	0.00973	0.02119	0.09394	0.05836	0.07467	0.08719	0.11569	0.03881	0.10799	0.02419	0.08883	0.00796	0.00182	0.12292	0.02185	0.02519	0.00554
21	0.09138	0.17052	0.17473	0.02796	0.05797	0.12785	0.02579	0.09582	0.07007	0.03002	0.00976	0.01121	0.02357	0.03394	0.01453	0.00147	0.00558	0.00360	0.00272	0.02152
22	0.06620	0.03485	0.07813	0.00927	0.03157	0.12956	0.02458	0.12141	0.03738	0.05571	0.06398	0.02778	0.03205	0.02292	0.06165	0.04584	0.02297	0.00430	0.03368	0.09617
23	0.01105	0.05744	0.07388	0.05005	0.04133	0.14196	0.00771	0.09996	0.06448	0.05170	0.06644	0.06100	0.08665	0.06119	0.08499	0.00213	0.00562	0.00527	0.00330	0.02385
24	0.01104	0.09480	0.10069	0.04980	0.04656	0.09449	0.16711	0.05127	0.06648	0.04038	0.07700	0.02482	0.03058	0.02376	0.03128	0.00168	0.06677	0.01285	0.00289	0.00577

[dist]
# distance from previous block
# <min> <max>
1	29

[block]
# block no. 8 follows, 57 sequences, length 35
# corresponding to MSA columns:
# 878-912
name=unknown_I
#
# <colnr> <probs for GDERKNQSTAVLIFYWHMCP>
#	G	D	E	R	K	N	Q	S	T	A	V	L	I	F	Y	W	H	M	C	P
0	0.00725	0.00484	0.00645	0.01754	0.02673	0.00483	0.00478	0.00802	0.01903	0.03994	0.05796	0.19948	0.11374	0.13746	0.09158	0.15430	0.01821	0.06565	0.01851	0.00369
1	0.03300	0.20253	0.43630	0.01145	0.03032	0.05393	0.05315	0.01397	0.00976	0.03316	0.02779	0.04245	0.00790	0.00529	0.01933	0.00144	0.00607	0.00376	0.00225	0.00616
2	0.03466	0.06188	0.08091	0.04695	0.14829	0.17382	0.03983	0.16972	0.02459	0.01608	0.01124	0.08736	0.02532	0.00594	0.00481	0.00141	0.03091	0.02726	0.00298	0.00605
3	0.00574	0.00433	0.00526	0.00574	0.00654	0.00392	0.00408	0.00686	0.00978	0.01271	0.14409	0.40236	0.27053	0.04852	0.00637	0.00181	0.00261	0.05071	0.00425	0.00380
4	0.01022	0.00972	0.01639	0.32822	0.49998	0.01052	0.01325	0.01328	0.02912	0.01369	0.00859	0.01168	0.00691	0.00427	0.00451	0.00141	0.00559	0.00406	0.00221	0.00637
5	0.01034	0.05419	0.04056	0.11509	0.03491	0.04889	0.00774	0.10321	0.09936	0.06063	0.09129	0.11660	0.09106	0.00784	0.00554	0.01982	0.04036	0.04347	0.00366	0.00545
6	0.01296	0.01025	0.07864	0.02240	0.04973	0.03589	0.02659	0.22548	0.05816	0.15601	0.04403	0.04732	0.09845	0.00713	0.02191	0.00154	0.00450	0.02411	0.06859	0.00630
7	0.05842	0.00959	0.01073	0.00867	0.01152	0.01019	0.00705	0.39673	0.03908	0.17349	0.04380	0.01729	0.03807	0.05443	0.00577	0.00160	0.01669	0.04888	0.04138	0.00662
8	0.07336	0.00792	0.00891	0.04460	0.01087	0.00844	0.00649	0.22580	0.08898	0.06438	0.04956	0.09030	0.11002	0.00790	0.00476	0.00152	0.00375	0.10833	0.07849	0.00564
9	0.04187	0.15263	0.10635	0.01245	0.09321	0.22401	0.07151	0.07259	0.03631	0.05301	0.02125	0.03046	0.00804	0.02407	0.00494	0.00138	0.03339	0.00384	0.00270	0.00600
10	0.07459	0.00564	0.00627	0.00608	0.00755	0.00547	0.00456	0.07569	0.02388	0.04184	0.16405	0.23953	0.29520	0.01045	0.00517	0.00157	0.00278	0.02089	0.00431	0.00447
11	0.00565	0.00417	0.00525	0.00598	0.00652	0.00388	0.00411	0.00652	0.00885	0.01152	0.02776	0.57384	0.18037	0.06775	0.04353	0.00220	0.00314	0.03124	0.00403	0.00368
12	0.00795	0.00749	0.07280	0.03816	0.03055	0.02077	0.02683	0.02966	0.04817	0.04863	0.22520	0.02881	0.28685	0.01021	0.06118	0.00185	0.00394	0.00704	0.03908	0.00484
13	0.01424	0.04058	0.07016	0.04217	0.02955	0.05390	0.03717	0.27021	0.08186	0.16564	0.05044	0.01526	0.02378	0.00657	0.02849	0.00157	0.00503	0.03054	0.02614	0.00668
14	0.00577	0.00453	0.00521	0.00561	0.00663	0.00409	0.00408	0.00713	0.02750	0.01235	0.06224	0.31027	0.41480	0.04169	0.00618	0.00178	0.00265	0.06945	0.00419	0.00386
15	0.00658	0.00443	0.00515	0.00515	0.00523	0.00451	0.00301	0.00673	0.00665	0.00894	0.01408	0.02858	0.01601	0.76799	0.09519	0.00465	0.00509	0.00643	0.00272	0.00286
16	0.02341	0.06189	0.11860	0.09928	0.14929	0.04328	0.13015	0.13767	0.02243	0.07856	0.02347	0.02726	0.02934	0.00581	0.02837	0.00157	0.00583	0.00444	0.00297	0.00638
17	0.01231	0.01218	0.05933	0.07990	0.25365	0.10501	0.01043	0.18461	0.08667	0.01696	0.02145	0.01304	0.02305	0.03669	0.03403	0.00171	0.03529	0.00425	0.00302	0.00642
18	0.00766	0.00595	0.00774	0.04179	0.04576	0.02398	0.00582	0.03742	0.00921	0.03209	0.06005	0.16332	0.11334	0.09624	0.25212	0.00357	0.04245	0.02316	0.02400	0.00433
19	0.01062	0.03076	0.05990	0.02409	0.06456	0.03516	0.00734	0.09685	0.06318	0.01627	0.03260	0.02300	0.00859	0.00427	0.00382	0.00097	0.00408	0.00346	0.00298	0.50751
20	0.05068	0.40825	0.06510	0.00905	0.01272	0.05835	0.02770	0.15276	0.09417	0.04596	0.02980	0.01021	0.00812	0.00467	0.00370	0.00120	0.00493	0.00338	0.00295	0.00631
21	0.01049	0.01186	0.02574	0.01845	0.02287	0.01111	0.75787	0.01423	0.01080	0.01469	0.04777	0.01327	0.00860	0.00408	0.00535	0.00152	0.00737	0.00548	0.00242	0.00602
22	0.00877	0.00842	0.01466	0.75314	0.04695	0.01019	0.07058	0.01184	0.00921	0.01186	0.00815	0.01207	0.00613	0.00447	0.00459	0.00151	0.00615	0.00412	0.00204	0.00516
23	0.04079	0.17437	0.14285	0.01020	0.02898	0.03148	0.09266	0.08182	0.04043	0.01487	0.05747	0.10561	0.05639	0.00666	0.00478	0.00143	0.02778	0.05205	0.00304	0.02635
24	0.02646	0.00467	0.00558	0.04497	0.00661	0.00484	0.00356	0.00707	0.00691	0.00948	0.01433	0.07860	0.01621	0.67377	0.07535	0.00422	0.00487	0.00665	0.00278	0.00305
25	0.00541	0.00453	0.00470	0.00478	0.00618	0.00383	0.00354	0.00656	0.01027	0.01239	0.07137	0.11452	0.71313	0.01164	0.00539	0.00155	0.00232	0.00981	0.00424	0.00383
26	0.00574	0.00442	0.00522	0.00562	0.00652	0.00400	0.00398	0.00706	0.02488	0.01274	0.13166	0.37772	0.32858	0.03974	0.00612	0.00175	0.00254	0.02356	0.00426	0.00385
27	0.06544	0.29406	0.22388	0.01049	0.01451	0.23000	0.03336	0.01524	0.03332	0.01268	0.00739	0.00859	0.00601	0.00437	0.00396	0.00122	0.02442	0.00299	0.00218	0.00587
28	0.00888	0.03482	0.74071	0.01234	0.01849	0.01015	0.01565	0.01375	0.00946	0.01405	0.00913	0.05537	0.00721	0.00555	0.02389	0.00159	0.00657	0.00390	0.00205	0.00645
29	0.00573	0.00433	0.00528	0.00582	0.00662	0.00393	0.00417	0.00686	0.00971	0.01255	0.11405	0.41740	0.27689	0.03687	0.00614	0.00179	0.00264	0.07116	0.00424	0.00380
30	0.00610	0.00423	0.00539	0.00601	0.00665	0.00387	0.00416	0.00716	0.00952	0.03596	0.11776	0.59467	0.13501	0.01279	0.00558	0.00172	0.00255	0.01144	0.02554	0.00390
31	0.01382	0.01210	0.05747	0.00977	0.01274	0.10413	0.02596	0.33972	0.12865	0.06358	0.01313	0.08914	0.01099	0.05102	0.02034	0.00167	0.00508	0.00503	0.00393	0.03174
32	0.01389	0.05485	0.01459	0.07032	0.03597	0.30884	0.04410	0.15788	0.01224	0.01450	0.00761	0.00962	0.00630	0.00556	0.00704	0.00145	0.22332	0.00360	0.00260	0.00572
33	0.02376	0.00522	0.00623	0.00621	0.00708	0.00514	0.00441	0.05189	0.02371	0.05073	0.10110	0.20734	0.08609	0.30138	0.01160	0.00263	0.00356	0.09411	0.00384	0.00398
34	0.03993	0.33599	0.24823	0.03040	0.04897	0.02785	0.03875	0.08108	0.03357	0.01433	0.00789	0.00913	0.00630	0.00430	0.00395	0.00123	0.02115	0.00317	0.00233	0.04145

[dist]
# distance from previous block
# <min> <max>
0	2

[block]
# block no. 9 follows, 57 sequences, length 7
# corresponding to MSA columns:
# 915-921
name=unknown_J
#
# <colnr> <probs for GDERKNQSTAVLIFYWHMCP>
#	G	D	E	R	K	N	Q	S	T	A	V	L	I	F	Y	W	H	M	C	P
0	0.02968	0.09831	0.03327	0.06416	0.36783	0.06150	0.05357	0.10527	0.06090	0.03067	0.00964	0.01219	0.00792	0.02634	0.00484	0.00142	0.00541	0.01777	0.00273	0.00658
1	0.00617	0.00463	0.00581	0.00653	0.00720	0.00449	0.00462	0.00819	0.07942	0.01265	0.05383	0.60984	0.09920	0.01295	0.00566	0.00179	0.00277	0.06591	0.00427	0.00406
2	0.01079	0.00862	0.00955	0.00735	0.01070	0.03622	0.00583	0.13230	0.01172	0.05484	0.05974	0.06534	0.04602	0.00523	0.00398	0.00099	0.00364	0.00428	0.00340	0.51950
3	0.01157	0.01044	0.01161	0.00968	0.01217	0.11254	0.08190	0.15207	0.16476	0.03508	0.09436	0.10355	0.05471	0.00689	0.00522	0.00142	0.04400	0.00576	0.00380	0.07848
4	0.01220	0.01180	0.01431	0.04830	0.14137	0.13592	0.10476	0.14912	0.14709	0.01648	0.01220	0.10861	0.01070	0.00617	0.00539	0.00148	0.05938	0.00525	0.00326	0.00620
5	0.01057	0.01007	0.01534	0.37359	0.35338	0.04544	0.01245	0.04782	0.06068	0.01410	0.00899	0.01181	0.00707	0.00447	0.00450	0.00142	0.00566	0.00406	0.00240	0.00619
6	0.06411	0.00999	0.01022	0.00906	0.03118	0.10514	0.03055	0.23899	0.07400	0.04171	0.13658	0.12127	0.09321	0.00750	0.00476	0.00145	0.00424	0.00623	0.00408	0.00575

[dist]
# distance from previous block
# <min> <max>
6	39

[block]
# block no. 10 follows, 57 sequences, length 13
# corresponding to MSA columns:
# 964-976
name=unknown_K
#
# <colnr> <probs for GDERKNQSTAVLIFYWHMCP>
#	G	D	E	R	K	N	Q	S	T	A	V	L	I	F	Y	W	H	M	C	P
0	0.01068	0.01017	0.00979	0.02434	0.01056	0.18778	0.00688	0.09946	0.03769	0.01304	0.01066	0.01534	0.00974	0.12323	0.27614	0.00372	0.10536	0.00443	0.03619	0.00479
1	0.00905	0.00565	0.00710	0.00702	0.04604	0.00511	0.00507	0.01107	0.03788	0.16698	0.25766	0.07021	0.31197	0.00935	0.00518	0.00150	0.00281	0.03078	0.00462	0.00497
2	0.01249	0.01134	0.01582	0.01239	0.01564	0.04922	0.24523	0.22997	0.24633	0.01923	0.01362	0.08422	0.01109	0.00588	0.00489	0.00149	0.00532	0.00547	0.00375	0.00661
3	0.00881	0.13861	0.04889	0.00839	0.00979	0.00976	0.00703	0.04738	0.02343	0.01232	0.05691	0.17032	0.01455	0.10900	0.09354	0.00251	0.21082	0.00602	0.00288	0.01903
4	0.00672	0.00459	0.00543	0.00548	0.00595	0.00445	0.00352	0.00769	0.03029	0.02929	0.15363	0.17405	0.07515	0.45705	0.01491	0.00310	0.00353	0.00809	0.00360	0.00347
5	0.01195	0.00971	0.01041	0.00896	0.01156	0.01090	0.00700	0.18878	0.50865	0.01976	0.01579	0.01630	0.01231	0.07405	0.03080	0.00186	0.00420	0.00489	0.00429	0.04785
6	0.00920	0.00570	0.00757	0.02840	0.03419	0.00556	0.00550	0.02807	0.02425	0.15062	0.19855	0.08333	0.12532	0.08695	0.13504	0.00269	0.00467	0.05547	0.00411	0.00482
7	0.00946	0.00710	0.00770	0.00743	0.00892	0.04587	0.00546	0.04897	0.21285	0.08543	0.04702	0.34785	0.07803	0.05852	0.00620	0.00178	0.00342	0.00853	0.00430	0.00516
8	0.00586	0.00452	0.00533	0.00578	0.00668	0.00416	0.00412	0.00736	0.04041	0.01250	0.08243	0.39710	0.31690	0.04465	0.00624	0.00180	0.00265	0.04341	0.00421	0.00389
9	0.00709	0.00480	0.00614	0.00636	0.00738	0.00452	0.00479	0.00900	0.03609	0.05565	0.27205	0.29551	0.10868	0.01114	0.00549	0.00166	0.00275	0.12343	0.03318	0.00429
10	0.03476	0.01159	0.03823	0.17456	0.08320	0.09983	0.08198	0.22767	0.05029	0.04455	0.01181	0.05064	0.02411	0.00571	0.00466	0.00145	0.00554	0.03996	0.00328	0.00618
11	0.00636	0.00456	0.00602	0.00682	0.00749	0.00439	0.00522	0.00766	0.00946	0.01243	0.06315	0.35858	0.07864	0.09635	0.00766	0.00215	0.00336	0.31180	0.00408	0.00382
12	0.00567	0.00420	0.00515	0.00572	0.00632	0.00384	0.00389	0.00659	0.00923	0.01205	0.10175	0.50016	0.20768	0.09681	0.00739	0.00199	0.00269	0.01105	0.00413	0.00367

[dist]
# distance from previous block
# <min> <max>
12	51

[block]
# block no. 11 follows, 57 sequences, length 24
# corresponding to MSA columns:
# 1030-1053
name=unknown_L
#
# <colnr> <probs for GDERKNQSTAVLIFYWHMCP>
#	G	D	E	R	K	N	Q	S	T	A	V	L	I	F	Y	W	H	M	C	P
0	0.02717	0.08159	0.26186	0.02775	0.09984	0.03955	0.05031	0.11289	0.01174	0.12966	0.02523	0.06134	0.04019	0.00550	0.00444	0.00140	0.00534	0.00458	0.00313	0.00647
1	0.03771	0.02813	0.07539	0.02817	0.01441	0.02392	0.20268	0.11331	0.08774	0.07496	0.10951	0.08063	0.06879	0.00646	0.00484	0.00147	0.00481	0.00591	0.02527	0.00589
2	0.01047	0.06196	0.04494	0.02545	0.05111	0.03030	0.14338	0.11206	0.11508	0.02734	0.02765	0.08141	0.02849	0.05392	0.09176	0.00227	0.04425	0.03924	0.00323	0.00568
3	0.01141	0.07748	0.14918	0.04506	0.09864	0.09974	0.09211	0.06905	0.07922	0.06070	0.01300	0.11011	0.03310	0.00615	0.00477	0.00145	0.01775	0.02200	0.00305	0.00605
4	0.06993	0.17324	0.29579	0.01120	0.03100	0.05479	0.07907	0.08797	0.02396	0.03213	0.00958	0.02911	0.02184	0.03713	0.00507	0.00147	0.02418	0.00386	0.00254	0.00611
5	0.00918	0.00602	0.00778	0.05310	0.03566	0.00602	0.00584	0.07503	0.05171	0.10733	0.07385	0.34621	0.08227	0.01019	0.00547	0.02039	0.00332	0.05099	0.04473	0.00491
6	0.01102	0.05291	0.05449	0.05531	0.04063	0.05366	0.04481	0.14998	0.07068	0.06912	0.03284	0.11846	0.09339	0.04967	0.00595	0.00166	0.01841	0.06771	0.00366	0.00562
7	0.06425	0.02645	0.05670	0.05397	0.15062	0.06695	0.03565	0.23297	0.10783	0.06428	0.02409	0.03075	0.02317	0.02413	0.00501	0.00147	0.01721	0.00442	0.00349	0.00658
8	0.00885	0.00587	0.00716	0.02760	0.00859	0.00591	0.00510	0.05587	0.08958	0.10164	0.05414	0.17214	0.17382	0.11926	0.08873	0.03957	0.00425	0.02333	0.00394	0.00464
9	0.04836	0.00711	0.00796	0.00680	0.00905	0.00705	0.00537	0.16250	0.05112	0.17104	0.11221	0.04846	0.22703	0.02435	0.00505	0.00148	0.00324	0.00639	0.08987	0.00558
10	0.01279	0.24680	0.16876	0.00997	0.01361	0.20381	0.00944	0.10527	0.10345	0.01455	0.02650	0.01101	0.00822	0.04157	0.00478	0.00138	0.00577	0.00353	0.00273	0.00606
11	0.01042	0.06171	0.06248	0.03104	0.04212	0.08222	0.17470	0.02552	0.06876	0.01303	0.01047	0.08258	0.00970	0.00757	0.03687	0.00183	0.23893	0.03197	0.00260	0.00550
12	0.00620	0.00465	0.00519	0.00509	0.00638	0.00406	0.00373	0.00748	0.01059	0.03937	0.21764	0.08649	0.49639	0.07839	0.00679	0.00175	0.00250	0.00904	0.00431	0.00396
13	0.01425	0.01113	0.01047	0.00895	0.01147	0.18068	0.00709	0.14201	0.13094	0.19615	0.09559	0.01888	0.08582	0.00668	0.00499	0.00142	0.03005	0.03299	0.00425	0.00621
14	0.03032	0.17343	0.15129	0.04837	0.01473	0.11362	0.03707	0.18904	0.06409	0.03288	0.05269	0.01169	0.00908	0.02005	0.00484	0.00138	0.03235	0.00384	0.00302	0.00623
15	0.04321	0.00863	0.02386	0.00805	0.01001	0.02513	0.00633	0.20584	0.16967	0.02950	0.04536	0.04881	0.04293	0.16038	0.06522	0.00242	0.03040	0.03390	0.03483	0.00552
16	0.00569	0.00424	0.00511	0.00561	0.00627	0.00386	0.00382	0.00661	0.00927	0.01203	0.10275	0.44322	0.24733	0.11322	0.00772	0.00202	0.00270	0.01076	0.00410	0.00366
17	0.00649	0.00467	0.00559	0.00593	0.00677	0.00442	0.00417	0.00816	0.05433	0.03124	0.09589	0.37900	0.20251	0.11240	0.00760	0.00201	0.00285	0.03728	0.02469	0.00397
18	0.04572	0.08802	0.15569	0.03988	0.13148	0.23748	0.01043	0.09772	0.07703	0.02999	0.01032	0.01129	0.03590	0.00489	0.00419	0.00131	0.00597	0.00371	0.00276	0.00623
19	0.03741	0.01001	0.01598	0.23109	0.45227	0.03800	0.04611	0.01345	0.01010	0.04803	0.01014	0.02599	0.03226	0.00465	0.00452	0.00141	0.00548	0.00434	0.00244	0.00630
20	0.00845	0.00536	0.00628	0.00616	0.00737	0.00521	0.00448	0.03742	0.07104	0.09442	0.04049	0.24829	0.15669	0.14475	0.00796	0.00203	0.00313	0.04104	0.10498	0.00447
21	0.00985	0.00705	0.00798	0.00762	0.03494	0.03593	0.00544	0.11116	0.07140	0.09049	0.10241	0.10714	0.12222	0.19631	0.04827	0.00243	0.00420	0.02630	0.00395	0.00491
