[name]
unknown

[dist]
# distance from previous block
# <min> <max>
0	1206

[block]
# block no. 0 follows, 70 sequences, length 20
# corresponding to MSA columns:
# 1662-1681
name=unknown_A
#
# <colnr> <probs for GDERKNQSTAVLIFYWHMCP>
#	G	D	E	R	K	N	Q	S	T	A	V	L	I	F	Y	W	H	M	C	P
0	0.00806	0.00717	0.00850	0.00653	0.00954	0.04276	0.04157	0.00978	0.00828	0.01226	0.00887	0.04808	0.00822	0.00412	0.00331	0.00079	0.00326	0.08370	0.00245	0.68275
1	0.00990	0.00941	0.01443	0.12665	0.58131	0.04534	0.01098	0.08231	0.00943	0.01301	0.00723	0.00949	0.00595	0.00383	0.00434	0.00120	0.05396	0.00341	0.00205	0.00577
2	0.00793	0.00723	0.01084	0.69428	0.02326	0.05650	0.00972	0.01020	0.00805	0.04484	0.00848	0.08621	0.00717	0.00466	0.00395	0.00130	0.00493	0.00409	0.00204	0.00431
3	0.00600	0.00564	0.00632	0.00558	0.00723	0.05303	0.07475	0.04329	0.00941	0.01121	0.03329	0.03198	0.68069	0.00868	0.00449	0.00128	0.00275	0.00733	0.00338	0.00366
4	0.00680	0.00499	0.00575	0.00563	0.04201	0.00449	0.00405	0.03802	0.04636	0.08392	0.11124	0.05042	0.51461	0.00819	0.00435	0.00124	0.00237	0.00688	0.00365	0.05504
5	0.00930	0.00916	0.01637	0.10679	0.63682	0.00924	0.13140	0.01177	0.00877	0.01235	0.00733	0.00980	0.00600	0.00347	0.00395	0.00119	0.00495	0.00362	0.00191	0.00582
6	0.00778	0.02005	0.84367	0.01105	0.01678	0.00900	0.01432	0.01228	0.00818	0.01228	0.00696	0.00818	0.00491	0.00368	0.00368	0.00123	0.00573	0.00286	0.00164	0.00573
7	0.01021	0.00833	0.00888	0.00788	0.01014	0.00953	0.00616	0.04864	0.76325	0.05763	0.01553	0.01422	0.01154	0.00522	0.00394	0.00130	0.00312	0.00433	0.00398	0.00618
8	0.00855	0.01743	0.63378	0.01277	0.11002	0.00917	0.07971	0.04711	0.00881	0.02641	0.00730	0.00866	0.00528	0.00368	0.00379	0.00122	0.00557	0.00311	0.00184	0.00579
9	0.00814	0.00816	0.01145	0.71365	0.03967	0.10366	0.01026	0.01051	0.00818	0.00997	0.00727	0.01110	0.00576	0.00412	0.00388	0.00127	0.00531	0.03147	0.00182	0.00434
10	0.00472	0.00340	0.00447	0.00532	0.00560	0.00316	0.00357	0.00541	0.00749	0.00993	0.02226	0.82020	0.06609	0.01203	0.00493	0.00156	0.00223	0.01088	0.00360	0.00316
11	0.00538	0.00399	0.00484	0.00468	0.00573	0.00357	0.00353	0.00688	0.01009	0.02758	0.50718	0.06079	0.30145	0.00873	0.00460	0.00128	0.00196	0.03018	0.00401	0.00356
12	0.01322	0.01001	0.01131	0.00990	0.08586	0.01097	0.00741	0.63835	0.07065	0.02201	0.04967	0.03374	0.00886	0.00495	0.00394	0.00119	0.00405	0.00392	0.00372	0.00629
13	0.01025	0.82894	0.05647	0.00683	0.01025	0.01506	0.00697	0.01164	0.00789	0.00926	0.00546	0.00631	0.00497	0.00333	0.00254	0.00085	0.00422	0.00211	0.00166	0.00501
14	0.00804	0.00689	0.00804	0.00574	0.00919	0.00517	0.00459	0.00976	0.00804	0.01263	0.00689	0.00804	0.00574	0.00287	0.00287	0.00057	0.00287	0.00230	0.00230	0.88745
15	0.00549	0.00396	0.00518	0.00488	0.00579	0.00366	0.00366	0.00732	0.01097	0.01555	0.83752	0.02896	0.03658	0.00793	0.00457	0.00122	0.00183	0.00701	0.00427	0.00366
16	0.00804	0.00689	0.00804	0.00574	0.00919	0.00517	0.00459	0.00976	0.00804	0.01263	0.00689	0.00804	0.00574	0.00287	0.00287	0.00057	0.00287	0.00230	0.00230	0.88745
17	0.85981	0.03804	0.00622	0.00515	0.00758	0.00893	0.00429	0.01140	0.00664	0.01710	0.00540	0.00629	0.00423	0.00359	0.00240	0.00119	0.00304	0.00210	0.00237	0.00423
18	0.00466	0.00395	0.00404	0.00408	0.00537	0.00333	0.00310	0.00568	0.00884	0.01053	0.03837	0.03762	0.79881	0.00986	0.00462	0.00133	0.00204	0.04687	0.00360	0.00329
19	0.00988	0.00864	0.00956	0.00966	0.11040	0.03932	0.00673	0.10282	0.53994	0.01593	0.02647	0.02623	0.06644	0.00537	0.00397	0.00127	0.00342	0.00449	0.00360	0.00586

[dist]
# distance from previous block
# <min> <max>
0	1

[block]
# block no. 1 follows, 70 sequences, length 125
# corresponding to MSA columns:
# 1683-1807
name=unknown_B
#
# <colnr> <probs for GDERKNQSTAVLIFYWHMCP>
#	G	D	E	R	K	N	Q	S	T	A	V	L	I	F	Y	W	H	M	C	P
0	0.01689	0.00771	0.03472	0.00723	0.01027	0.04786	0.00609	0.03911	0.01118	0.75458	0.01442	0.01263	0.00915	0.00472	0.00387	0.00119	0.00358	0.00379	0.00454	0.00647
1	0.00733	0.00946	0.21709	0.00826	0.03426	0.00668	0.06655	0.01141	0.15625	0.03455	0.20820	0.02030	0.16543	0.00662	0.02011	0.00136	0.00369	0.01448	0.00316	0.00480
2	0.00804	0.00689	0.00804	0.00574	0.00919	0.00517	0.00459	0.00976	0.00804	0.01263	0.00689	0.00804	0.00574	0.00287	0.00287	0.00057	0.00287	0.00230	0.00230	0.88745
3	0.01014	0.11606	0.01276	0.00940	0.01053	0.02936	0.00793	0.18598	0.00895	0.01257	0.00627	0.01944	0.00566	0.00591	0.00925	0.00146	0.53797	0.00333	0.00219	0.00483
4	0.00855	0.26288	0.58617	0.00992	0.01491	0.01084	0.03281	0.01209	0.00812	0.01137	0.00653	0.00768	0.00495	0.00357	0.00336	0.00112	0.00530	0.00268	0.00165	0.00550
5	0.01006	0.72437	0.14239	0.00733	0.01100	0.01434	0.00779	0.02706	0.00812	0.00988	0.00570	0.00657	0.00500	0.00340	0.00269	0.00089	0.00438	0.00222	0.00170	0.00512
6	0.01448	0.01848	0.01099	0.00999	0.01199	0.84819	0.00749	0.01548	0.01099	0.00949	0.00599	0.00699	0.00499	0.00400	0.00350	0.00100	0.00699	0.00250	0.00200	0.00449
7	0.00477	0.00340	0.00455	0.00545	0.00569	0.00319	0.00367	0.00547	0.00747	0.00995	0.02134	0.83788	0.02555	0.01210	0.00496	0.00158	0.00229	0.03394	0.00360	0.00316
8	0.00732	0.00689	0.01163	0.85444	0.02670	0.00861	0.01077	0.00991	0.00775	0.00991	0.00689	0.01034	0.00517	0.00388	0.00388	0.00129	0.00517	0.00345	0.00172	0.00431
9	0.00590	0.00439	0.00649	0.00637	0.00705	0.00515	0.00496	0.00722	0.00629	0.02467	0.01029	0.01517	0.00960	0.05147	0.77033	0.00586	0.04899	0.00416	0.00212	0.00352
10	0.00554	0.00372	0.00426	0.00435	0.00438	0.00369	0.00248	0.00561	0.00583	0.00777	0.01318	0.11384	0.01532	0.77362	0.01817	0.00353	0.00360	0.00621	0.00248	0.00243
11	0.01011	0.26052	0.20397	0.01047	0.03648	0.08815	0.16302	0.03572	0.11169	0.03257	0.00796	0.00891	0.00618	0.00377	0.00354	0.00111	0.00508	0.00317	0.00217	0.00541
12	0.00549	0.00396	0.00518	0.00488	0.00579	0.00366	0.00366	0.00732	0.01097	0.01555	0.83752	0.02896	0.03658	0.00793	0.00457	0.00122	0.00183	0.00701	0.00427	0.00366
13	0.00976	0.00932	0.08901	0.00826	0.01084	0.00920	0.03188	0.07646	0.58726	0.04307	0.01500	0.03742	0.03453	0.00530	0.00396	0.00129	0.00345	0.00445	0.01357	0.00592
14	0.00490	0.00399	0.00438	0.00451	0.00569	0.00347	0.00349	0.00606	0.00900	0.01107	0.10925	0.06528	0.62472	0.00985	0.00470	0.00138	0.00218	0.11911	0.00366	0.00334
15	0.00887	0.28208	0.42463	0.01006	0.02800	0.01097	0.09266	0.03476	0.02270	0.01166	0.00786	0.00894	0.03312	0.00378	0.00344	0.00111	0.00508	0.00302	0.00185	0.00540
16	0.89114	0.00750	0.00570	0.00510	0.00750	0.00870	0.00420	0.01140	0.00660	0.01739	0.00540	0.00630	0.00420	0.00360	0.00240	0.00120	0.00300	0.00210	0.00240	0.00420
17	0.00804	0.00689	0.00804	0.00574	0.00919	0.00517	0.00459	0.00976	0.00804	0.01263	0.00689	0.00804	0.00574	0.00287	0.00287	0.00057	0.00287	0.00230	0.00230	0.88745
18	0.03868	0.10148	0.13235	0.03472	0.06039	0.06134	0.13210	0.22846	0.04426	0.10166	0.02217	0.00974	0.00685	0.00410	0.00375	0.00116	0.00479	0.00345	0.00281	0.00574
19	0.16283	0.02222	0.07834	0.01136	0.01466	0.07832	0.33002	0.18179	0.02197	0.01548	0.00791	0.00995	0.00611	0.00398	0.00399	0.00124	0.01592	0.02618	0.00248	0.00526
20	0.01459	0.01079	0.01155	0.00889	0.01197	0.01196	0.00733	0.80411	0.04099	0.02420	0.00949	0.00945	0.00674	0.00467	0.00388	0.00117	0.00423	0.00352	0.00388	0.00658
21	0.00841	0.00688	0.00808	0.00579	0.00922	0.00519	0.00464	0.01013	0.00816	0.04573	0.00723	0.00824	0.00590	0.00295	0.00291	0.00060	0.00289	0.00236	0.00240	0.85231
22	0.00555	0.00411	0.00602	0.00602	0.00664	0.00473	0.00459	0.00679	0.00617	0.00885	0.01057	0.01628	0.01015	0.11574	0.76235	0.00597	0.00970	0.00431	0.00211	0.00335
23	0.01078	0.01539	0.53218	0.01014	0.01491	0.00822	0.06159	0.03989	0.00938	0.24603	0.00943	0.00977	0.00634	0.00400	0.00380	0.00122	0.00505	0.00328	0.00262	0.00597
24	0.31716	0.13460	0.01099	0.00853	0.04927	0.30245	0.02014	0.05423	0.00902	0.01313	0.00592	0.00701	0.00487	0.00389	0.00346	0.00110	0.04496	0.00247	0.00217	0.00465
25	0.89114	0.00750	0.00570	0.00510	0.00750	0.00870	0.00420	0.01140	0.00660	0.01739	0.00540	0.00630	0.00420	0.00360	0.00240	0.00120	0.00300	0.00210	0.00240	0.00420
26	0.00597	0.00487	0.00666	0.00745	0.10852	0.00469	0.01469	0.00781	0.03302	0.01335	0.42700	0.12080	0.18966	0.00807	0.00474	0.00129	0.02679	0.00705	0.00366	0.00393
27	0.00564	0.00376	0.00423	0.00423	0.00423	0.00376	0.00235	0.00564	0.00564	0.00752	0.01222	0.02537	0.01409	0.86375	0.01973	0.00376	0.00376	0.00564	0.00235	0.00235
28	0.02025	0.04988	0.08614	0.04157	0.41056	0.10390	0.16758	0.03231	0.00926	0.03115	0.00734	0.00926	0.00585	0.00357	0.00385	0.00116	0.00528	0.00345	0.00201	0.00564
29	0.00472	0.00337	0.00450	0.00540	0.00562	0.00315	0.00360	0.00540	0.00742	0.00990	0.02137	0.86122	0.02564	0.01215	0.00495	0.00157	0.00225	0.01102	0.00360	0.00315
30	0.00778	0.02005	0.84367	0.01105	0.01678	0.00900	0.01432	0.01228	0.00818	0.01228	0.00696	0.00818	0.00491	0.00368	0.00368	0.00123	0.00573	0.00286	0.00164	0.00573
31	0.00472	0.00337	0.00450	0.00540	0.00562	0.00315	0.00360	0.00540	0.00742	0.00990	0.02137	0.86122	0.02564	0.01215	0.00495	0.00157	0.00225	0.01102	0.00360	0.00315
32	0.00558	0.00398	0.00536	0.00536	0.00575	0.00437	0.00376	0.00636	0.00597	0.00835	0.01118	0.01965	0.01161	0.39319	0.48691	0.00515	0.00749	0.00480	0.00220	0.00298
33	0.00472	0.00337	0.00450	0.00540	0.00562	0.00315	0.00360	0.00540	0.00742	0.00990	0.02137	0.86122	0.02564	0.01215	0.00495	0.00157	0.00225	0.01102	0.00360	0.00315
34	0.00804	0.00689	0.00804	0.00574	0.00919	0.00517	0.00459	0.00976	0.00804	0.01263	0.00689	0.00804	0.00574	0.00287	0.00287	0.00057	0.00287	0.00230	0.00230	0.88745
35	0.00961	0.61692	0.22686	0.00799	0.01189	0.01342	0.03141	0.01174	0.00804	0.01010	0.01826	0.00717	0.00546	0.00348	0.00288	0.00095	0.00458	0.00242	0.00170	0.00515
36	0.00988	0.70602	0.17609	0.00747	0.01124	0.01414	0.00809	0.01174	0.00794	0.00972	0.00569	0.00659	0.00496	0.00339	0.00271	0.00090	0.00445	0.00222	0.00165	0.00512
37	0.00554	0.00415	0.00623	0.00623	0.00692	0.00485	0.00485	0.00692	0.00623	0.00900	0.01038	0.01523	0.00969	0.02908	0.84839	0.00623	0.01038	0.00415	0.00208	0.00346
38	0.00804	0.00689	0.00804	0.00574	0.00919	0.00517	0.00459	0.00976	0.00804	0.01263	0.00689	0.00804	0.00574	0.00287	0.00287	0.00057	0.00287	0.00230	0.00230	0.88745
39	0.00625	0.00446	0.00625	0.00714	0.00803	0.00446	0.00625	0.00803	0.00892	0.01160	0.02053	0.04373	0.02231	0.01071	0.00535	0.00178	0.00357	0.81348	0.00357	0.00357
40	0.03255	0.01195	0.40665	0.00778	0.01111	0.00669	0.00878	0.02281	0.03649	0.01347	0.10263	0.02954	0.04216	0.00509	0.00366	0.00118	0.00389	0.03891	0.20990	0.00476
41	0.01508	0.00673	0.00880	0.00665	0.00975	0.00566	0.00545	0.02820	0.01045	0.62865	0.01316	0.01188	0.00862	0.00433	0.00365	0.00105	0.00321	0.00350	0.00418	0.22100
42	0.00797	0.00681	0.00796	0.00572	0.00909	0.00512	0.00457	0.00969	0.00812	0.01272	0.03061	0.00864	0.00662	0.00302	0.00292	0.00059	0.00284	0.00243	0.00235	0.86221
43	0.00953	0.00915	0.01562	0.04701	0.81685	0.00919	0.01187	0.01184	0.00880	0.01259	0.00728	0.00962	0.00611	0.00347	0.00384	0.00116	0.00462	0.00345	0.00191	0.00609
44	0.00535	0.00396	0.00499	0.00474	0.00571	0.00360	0.00355	0.00705	0.01065	0.01479	0.71826	0.03021	0.15631	0.00821	0.00457	0.00123	0.00185	0.00719	0.00417	0.00360
45	0.00732	0.00689	0.01163	0.85444	0.02670	0.00861	0.01077	0.00991	0.00775	0.00991	0.00689	0.01034	0.00517	0.00388	0.00388	0.00129	0.00517	0.00345	0.00172	0.00431
46	0.00564	0.00376	0.00423	0.00423	0.00423	0.00376	0.00235	0.00564	0.00564	0.00752	0.01222	0.02537	0.01409	0.86375	0.01973	0.00376	0.00376	0.00564	0.00235	0.00235
47	0.00472	0.00338	0.00449	0.00537	0.00562	0.00315	0.00359	0.00540	0.00745	0.00991	0.02167	0.84746	0.03922	0.01211	0.00494	0.00157	0.00224	0.01097	0.00360	0.00315
48	0.00964	0.00833	0.00877	0.00789	0.01008	0.00964	0.00614	0.02060	0.83257	0.01622	0.01578	0.01446	0.01183	0.00526	0.00394	0.00131	0.00307	0.00438	0.00394	0.00614
49	0.00926	0.00879	0.01461	0.08491	0.69000	0.00874	0.01104	0.01152	0.00866	0.01245	0.00722	0.00949	0.00602	0.00342	0.00374	0.00110	0.00446	0.00333	0.00194	0.09928
50	0.00465	0.00389	0.00404	0.00409	0.00530	0.00329	0.00304	0.00566	0.00886	0.01073	0.08520	0.09879	0.72943	0.00988	0.00461	0.00132	0.00198	0.00833	0.00364	0.00329
51	0.00554	0.00415	0.00623	0.00623	0.00692	0.00485	0.00485	0.00692	0.00623	0.00900	0.01038	0.01523	0.00969	0.02908	0.84839	0.00623	0.01038	0.00415	0.00208	0.00346
52	0.00848	0.00848	0.01187	0.01018	0.01018	0.01187	0.00848	0.00933	0.00594	0.00933	0.00509	0.00848	0.00509	0.00679	0.01272	0.00170	0.85666	0.00339	0.00170	0.00424
53	0.00804	0.00689	0.00804	0.00574	0.00919	0.00517	0.00459	0.00976	0.00804	0.01263	0.00689	0.00804	0.00574	0.00287	0.00287	0.00057	0.00287	0.00230	0.00230	0.88745
54	0.01448	0.01848	0.01099	0.00999	0.01199	0.84819	0.00749	0.01548	0.01099	0.00949	0.00599	0.00699	0.00499	0.00400	0.00350	0.00100	0.00699	0.00250	0.00200	0.00449
55	0.00458	0.00393	0.00393	0.00393	0.00524	0.00327	0.00295	0.00556	0.00884	0.01047	0.03927	0.03731	0.83800	0.00982	0.00458	0.00131	0.00196	0.00818	0.00360	0.00327
56	0.01036	0.86609	0.02032	0.00663	0.00995	0.01534	0.00663	0.01161	0.00788	0.00912	0.00539	0.00622	0.00498	0.00332	0.00249	0.00083	0.00415	0.00207	0.00166	0.00498
57	0.00833	0.00792	0.01345	0.48512	0.38812	0.00888	0.01127	0.01079	0.00823	0.01113	0.00707	0.01001	0.00560	0.00369	0.00386	0.00123	0.00492	0.00345	0.00181	0.00512
58	0.00475	0.00339	0.00452	0.00538	0.00563	0.00316	0.00360	0.00545	0.00752	0.01006	0.04471	0.83742	0.02595	0.01203	0.00494	0.00156	0.00224	0.01091	0.00362	0.00316
59	0.89114	0.00750	0.00570	0.00510	0.00750	0.00870	0.00420	0.01140	0.00660	0.01739	0.00540	0.00630	0.00420	0.00360	0.00240	0.00120	0.00300	0.00210	0.00240	0.00420
60	0.00732	0.00689	0.01163	0.85444	0.02670	0.00861	0.01077	0.00991	0.00775	0.00991	0.00689	0.01034	0.00517	0.00388	0.00388	0.00129	0.00517	0.00345	0.00172	0.00431
61	0.00458	0.00393	0.00393	0.00393	0.00524	0.00327	0.00295	0.00556	0.00884	0.01047	0.03927	0.03731	0.83800	0.00982	0.00458	0.00131	0.00196	0.00818	0.00360	0.00327
62	0.00723	0.00361	0.00361	0.00361	0.00452	0.00361	0.00271	0.00903	0.00813	0.01445	0.01265	0.01445	0.00994	0.00452	0.00271	0.00090	0.00181	0.00361	0.88528	0.00361
63	0.00472	0.00337	0.00450	0.00540	0.00562	0.00315	0.00360	0.00540	0.00742	0.00990	0.02137	0.86122	0.02564	0.01215	0.00495	0.00157	0.00225	0.01102	0.00360	0.00315
64	0.01036	0.86609	0.02032	0.00663	0.00995	0.01534	0.00663	0.01161	0.00788	0.00912	0.00539	0.00622	0.00498	0.00332	0.00249	0.00083	0.00415	0.00207	0.00166	0.00498
65	0.00546	0.00396	0.00515	0.00485	0.00578	0.00365	0.00364	0.00727	0.01092	0.01541	0.81560	0.02919	0.05859	0.00798	0.00457	0.00122	0.00183	0.00704	0.00425	0.00365
66	0.00472	0.00337	0.00450	0.00540	0.00562	0.00315	0.00360	0.00540	0.00742	0.00990	0.02137	0.86122	0.02564	0.01215	0.00495	0.00157	0.00225	0.01102	0.00360	0.00315
67	0.00960	0.00921	0.01574	0.02380	0.83957	0.00921	0.01190	0.01190	0.00883	0.01267	0.00729	0.00960	0.00614	0.00345	0.00384	0.00115	0.00461	0.00345	0.00192	0.00614
68	0.01165	0.31732	0.01396	0.00884	0.05986	0.19125	0.00699	0.06069	0.22155	0.05835	0.00907	0.00927	0.00716	0.00413	0.00331	0.00105	0.00447	0.00302	0.00263	0.00542
69	0.01368	0.01714	0.01111	0.01001	0.01174	0.73630	0.00762	0.01466	0.01031	0.00947	0.00587	0.00719	0.00501	0.00437	0.00473	0.00109	0.12067	0.00262	0.00196	0.00446
70	0.00673	0.00337	0.00505	0.00505	0.00505	0.00337	0.00337	0.00505	0.00505	0.00673	0.00673	0.01178	0.00673	0.01347	0.01515	0.88721	0.00337	0.00337	0.00168	0.00168
71	0.01474	0.01086	0.01163	0.00892	0.01202	0.01202	0.00737	0.82664	0.01823	0.02443	0.00931	0.00931	0.00659	0.00465	0.00388	0.00116	0.00427	0.00349	0.00388	0.00659
72	0.00804	0.00689	0.00804	0.00574	0.00919	0.00517	0.00459	0.00976	0.00804	0.01263	0.00689	0.00804	0.00574	0.00287	0.00287	0.00057	0.00287	0.00230	0.00230	0.88745
73	0.01739	0.00660	0.00900	0.00690	0.00990	0.00570	0.00570	0.01889	0.01110	0.84226	0.01529	0.01320	0.00960	0.00480	0.00390	0.00120	0.00330	0.00390	0.00480	0.00660
74	0.00495	0.00362	0.00499	0.00559	0.00589	0.00340	0.02694	0.00562	0.00728	0.00972	0.02001	0.74846	0.02385	0.10203	0.00650	0.00180	0.00253	0.01027	0.00342	0.00312
75	0.00915	0.01046	0.02288	0.01634	0.02026	0.00980	0.82549	0.01242	0.00915	0.01242	0.00784	0.01046	0.00588	0.00327	0.00458	0.00131	0.00654	0.00458	0.00196	0.00523
76	0.00460	0.00393	0.00395	0.00394	0.00525	0.00328	0.00296	0.00559	0.00887	0.01056	0.05310	0.03717	0.82411	0.00979	0.00458	0.00131	0.00196	0.00816	0.00361	0.00328
77	0.00753	0.00700	0.01163	0.83029	0.02628	0.00871	0.01067	0.03323	0.00805	0.01032	0.00696	0.01031	0.00521	0.00390	0.00388	0.00129	0.00514	0.00345	0.00178	0.00437
78	0.00964	0.00833	0.00877	0.00789	0.01008	0.00964	0.00614	0.02060	0.83257	0.01622	0.01578	0.01446	0.01183	0.00526	0.00394	0.00131	0.00307	0.00438	0.00394	0.00614
79	0.00501	0.00394	0.00453	0.00440	0.00550	0.00345	0.00329	0.00639	0.00982	0.01285	0.41460	0.04542	0.44905	0.00896	0.00458	0.00127	0.00190	0.00767	0.00391	0.00345
80	0.00472	0.00337	0.00450	0.00540	0.00562	0.00315	0.00360	0.00540	0.00742	0.00990	0.02137	0.86122	0.02564	0.01215	0.00495	0.00157	0.00225	0.01102	0.00360	0.00315
81	0.00472	0.00337	0.00450	0.00540	0.00562	0.00315	0.00360	0.00540	0.00742	0.00990	0.02137	0.86122	0.02564	0.01215	0.00495	0.00157	0.00225	0.01102	0.00360	0.00315
82	0.01474	0.01086	0.01163	0.00892	0.01202	0.01202	0.00737	0.82664	0.01823	0.02443	0.00931	0.00931	0.00659	0.00465	0.00388	0.00116	0.00427	0.00349	0.00388	0.00659
83	0.00479	0.00394	0.00422	0.00415	0.00537	0.00336	0.00311	0.00597	0.00933	0.01165	0.22446	0.03537	0.65207	0.00938	0.00458	0.00129	0.00193	0.00791	0.00375	0.00336
84	0.00915	0.01046	0.02288	0.01634	0.02026	0.00980	0.82549	0.01242	0.00915	0.01242	0.00784	0.01046	0.00588	0.00327	0.00458	0.00131	0.00654	0.00458	0.00196	0.00523
85	0.01645	0.00713	0.01054	0.00795	0.01105	0.00631	0.09252	0.04131	0.01109	0.73103	0.01433	0.01279	0.00912	0.00463	0.00397	0.00121	0.00367	0.00396	0.00447	0.00645
86	0.00472	0.00337	0.00450	0.00540	0.00562	0.00315	0.00360	0.00540	0.00742	0.00990	0.02137	0.86122	0.02564	0.01215	0.00495	0.00157	0.00225	0.01102	0.00360	0.00315
87	0.00472	0.00337	0.00450	0.00540	0.00562	0.00315	0.00360	0.00540	0.00742	0.00990	0.02137	0.86122	0.02564	0.01215	0.00495	0.00157	0.00225	0.01102	0.00360	0.00315
88	0.39578	0.00778	0.03169	0.00643	0.00926	0.00770	0.00545	0.09285	0.00975	0.38243	0.01019	0.00969	0.00683	0.00423	0.00324	0.00120	0.00333	0.00305	0.00358	0.00553
89	0.01511	0.00869	0.01010	0.00792	0.01084	0.00900	0.00648	0.36742	0.13479	0.36835	0.01278	0.01171	0.00863	0.00480	0.00390	0.00120	0.00368	0.00379	0.00428	0.00653
90	0.00804	0.00689	0.00804	0.00574	0.00919	0.00517	0.00459	0.00976	0.00804	0.01263	0.00689	0.00804	0.00574	0.00287	0.00287	0.00057	0.00287	0.00230	0.00230	0.88745
91	0.01448	0.01848	0.01099	0.00999	0.01199	0.84819	0.00749	0.01548	0.01099	0.00949	0.00599	0.00699	0.00499	0.00400	0.00350	0.00100	0.00699	0.00250	0.00200	0.00449
92	0.00804	0.00689	0.00804	0.00574	0.00919	0.00517	0.00459	0.00976	0.00804	0.01263	0.00689	0.00804	0.00574	0.00287	0.00287	0.00057	0.00287	0.00230	0.00230	0.88745
93	0.01193	0.51916	0.01652	0.00801	0.01075	0.33889	0.00700	0.01307	0.00905	0.00927	0.00562	0.00657	0.00498	0.00365	0.00309	0.00091	0.02272	0.00226	0.00179	0.00477
94	0.01036	0.86609	0.02032	0.00663	0.00995	0.01534	0.00663	0.01161	0.00788	0.00912	0.00539	0.00622	0.00498	0.00332	0.00249	0.00083	0.00415	0.00207	0.00166	0.00498
95	0.00804	0.00689	0.00804	0.00574	0.00919	0.00517	0.00459	0.00976	0.00804	0.01263	0.00689	0.00804	0.00574	0.00287	0.00287	0.00057	0.00287	0.00230	0.00230	0.88745
96	0.00472	0.00337	0.00450	0.00540	0.00562	0.00315	0.00360	0.00540	0.00742	0.00990	0.02137	0.86122	0.02564	0.01215	0.00495	0.00157	0.00225	0.01102	0.00360	0.00315
97	0.01597	0.00639	0.00860	0.00680	0.00951	0.00562	0.00553	0.04243	0.01093	0.72888	0.01575	0.10283	0.01120	0.00557	0.00401	0.00124	0.00322	0.00464	0.00464	0.00623
98	0.01432	0.01749	0.01085	0.00974	0.01180	0.75947	0.00736	0.08054	0.01150	0.01082	0.00643	0.00737	0.00525	0.00406	0.00351	0.00101	0.00664	0.00261	0.02462	0.00464
99	0.01002	0.75248	0.13087	0.00723	0.01087	0.01449	0.00767	0.01170	0.00792	0.00954	0.00560	0.00648	0.00497	0.00337	0.00265	0.00088	0.00436	0.00218	0.00166	0.00508
100	0.00546	0.00396	0.00514	0.00485	0.00577	0.00365	0.00364	0.00726	0.01091	0.01539	0.81308	0.02921	0.06112	0.00798	0.00457	0.00122	0.00183	0.00705	0.00425	0.00365
101	0.01739	0.00660	0.00900	0.00690	0.00990	0.00570	0.00570	0.01889	0.01110	0.84226	0.01529	0.01320	0.00960	0.00480	0.00390	0.00120	0.00330	0.00390	0.00480	0.00660
102	0.00844	0.04980	0.61855	0.01212	0.04530	0.00930	0.15399	0.01245	0.00844	0.03539	0.00730	0.00869	0.00525	0.00362	0.00380	0.00122	0.00570	0.00318	0.00179	0.00565
103	0.00943	0.41169	0.22390	0.01992	0.02355	0.01129	0.02252	0.01149	0.00805	0.06908	0.00825	0.09802	0.00752	0.00466	0.00383	0.00111	0.05504	0.00351	0.00209	0.00505
104	0.00679	0.00339	0.00490	0.00490	0.00499	0.00339	0.00330	0.00547	0.00538	0.00755	0.00736	0.01207	0.00707	0.01252	0.01383	0.79340	0.00320	0.00339	0.09521	0.00189
105	0.00770	0.00714	0.01131	0.01640	0.52215	0.00694	0.00857	0.00947	0.00867	0.01177	0.01744	0.11329	0.23083	0.00614	0.00416	0.00124	0.00363	0.00557	0.00256	0.00504
106	0.04032	0.06666	0.10718	0.06868	0.33353	0.09839	0.08464	0.06565	0.03027	0.05693	0.00772	0.00925	0.00601	0.00374	0.00373	0.00116	0.00498	0.00330	0.00222	0.00563
107	0.01181	0.45718	0.01590	0.00827	0.01077	0.34099	0.00714	0.01292	0.00892	0.00928	0.00560	0.00672	0.00499	0.00389	0.00380	0.00097	0.08197	0.00236	0.00179	0.00472
108	0.00870	0.01889	0.68058	0.01093	0.01595	0.09791	0.03581	0.03577	0.00872	0.01223	0.00698	0.00828	0.00508	0.00422	0.01839	0.00130	0.02003	0.00292	0.00176	0.00555
109	0.01186	0.12856	0.10110	0.02360	0.19523	0.03160	0.06722	0.09487	0.03154	0.21488	0.02230	0.01020	0.00728	0.00401	0.00367	0.00112	0.00437	0.00340	0.00285	0.04034
110	0.08802	0.06056	0.07048	0.04353	0.27933	0.05582	0.06224	0.03195	0.05159	0.17139	0.00949	0.03252	0.00738	0.00420	0.00372	0.00119	0.00439	0.01388	0.00269	0.00564
111	0.01614	0.00634	0.00870	0.00683	0.00958	0.00561	0.00561	0.01763	0.01058	0.75406	0.01477	0.01341	0.00961	0.00737	0.09328	0.00173	0.00405	0.00393	0.00451	0.00627
112	0.00540	0.00439	0.00505	0.00577	0.07759	0.00392	0.00379	0.00673	0.02027	0.01127	0.05355	0.07186	0.60619	0.00870	0.00433	0.00126	0.00220	0.00734	0.09680	0.00360
113	0.02861	0.02216	0.27944	0.02235	0.13431	0.02006	0.07902	0.03568	0.00968	0.31512	0.01012	0.01039	0.00692	0.00405	0.00383	0.00120	0.00465	0.00347	0.00294	0.00601
114	0.00817	0.00731	0.01928	0.01097	0.22061	0.01898	0.00689	0.01342	0.31056	0.01447	0.22391	0.01920	0.07095	0.00592	0.00416	0.00126	0.00318	0.03214	0.00342	0.00521
115	0.01739	0.00660	0.00900	0.00690	0.00990	0.00570	0.00570	0.01889	0.01110	0.84226	0.01529	0.01320	0.00960	0.00480	0.00390	0.00120	0.00330	0.00390	0.00480	0.00660
116	0.00877	0.00856	0.01511	0.30573	0.47385	0.00907	0.09992	0.01128	0.00850	0.01170	0.00722	0.00994	0.00578	0.00358	0.00393	0.00122	0.00501	0.00357	0.00186	0.00542
117	0.03338	0.03084	0.72862	0.01110	0.02964	0.00915	0.04242	0.02369	0.00833	0.02547	0.00706	0.00830	0.00505	0.00373	0.00380	0.00123	0.01782	0.00293	0.00176	0.00567
118	0.00671	0.00340	0.00506	0.00506	0.00510	0.00342	0.00340	0.00519	0.00515	0.00696	0.00697	0.01195	0.00689	0.01377	0.04065	0.84181	0.00355	0.00340	0.01980	0.00178
119	0.00973	0.00837	0.00881	0.00791	0.01011	0.00968	0.00616	0.03370	0.81933	0.01635	0.01567	0.01438	0.01175	0.00525	0.00394	0.00131	0.00309	0.00437	0.00394	0.00614
120	0.00985	0.01092	0.16577	0.07009	0.34044	0.04255	0.08521	0.05586	0.00944	0.08598	0.03048	0.05911	0.00803	0.00433	0.00396	0.00121	0.00478	0.00398	0.00238	0.00562
121	0.00800	0.00790	0.04645	0.06126	0.38681	0.02881	0.06092	0.01006	0.02260	0.02087	0.01215	0.27283	0.01252	0.00639	0.00425	0.00132	0.00408	0.02531	0.00253	0.00494
122	0.00555	0.00412	0.00608	0.00608	0.00672	0.00476	0.00465	0.00682	0.00619	0.00889	0.01052	0.01601	0.01003	0.09294	0.78499	0.00604	0.00988	0.00427	0.00210	0.00338
123	0.01739	0.00660	0.00900	0.00690	0.00990	0.00570	0.00570	0.01889	0.01110	0.84226	0.01529	0.01320	0.00960	0.00480	0.00390	0.00120	0.00330	0.00390	0.00480	0.00660
124	0.03129	0.01902	0.01121	0.01273	0.27993	0.00808	0.05436	0.10214	0.14469	0.05224	0.06839	0.03766	0.10078	0.00539	0.00403	0.00123	0.00370	0.03173	0.01576	0.01565

[dist]
# distance from previous block
# <min> <max>
0	20

# created by:
# /st0/software/busco_prod/Augustus/scripts/msa2prfl.pl ./align_prep/33667.fa
