[name]
unknown

[dist]
# distance from previous block
# <min> <max>
0	19

[block]
# block no. 0 follows, 63 sequences, length 23
# corresponding to MSA columns:
# 19-41
name=unknown_A
#
# <colnr> <probs for GDERKNQSTAVLIFYWHMCP>
#	G	D	E	R	K	N	Q	S	T	A	V	L	I	F	Y	W	H	M	C	P
0	0.06247	0.00629	0.00806	0.06616	0.04547	0.00652	0.02026	0.08035	0.05515	0.08213	0.03938	0.22912	0.07278	0.09429	0.00655	0.00177	0.01824	0.08570	0.00355	0.01578
1	0.13129	0.00979	0.02888	0.11998	0.14673	0.04136	0.04375	0.19643	0.02743	0.06226	0.03977	0.02564	0.00819	0.00531	0.01884	0.00142	0.05906	0.00387	0.00296	0.02704
2	0.00860	0.00756	0.00988	0.12131	0.09165	0.04243	0.01753	0.07297	0.06007	0.01285	0.02775	0.09364	0.04220	0.03824	0.18047	0.00255	0.06130	0.00493	0.00273	0.10134
3	0.17213	0.00811	0.00869	0.04376	0.01024	0.04006	0.00598	0.15361	0.05304	0.10589	0.03550	0.03646	0.06521	0.07110	0.06502	0.00190	0.05462	0.00437	0.00331	0.06101
4	0.02503	0.00523	0.00694	0.00789	0.09125	0.00498	0.00510	0.00940	0.04091	0.11500	0.05715	0.36871	0.15003	0.05604	0.03473	0.00183	0.00322	0.00840	0.00377	0.00438
5	0.00979	0.00952	0.01455	0.34329	0.41640	0.06266	0.01180	0.03037	0.00950	0.01259	0.00817	0.01175	0.00676	0.00425	0.00421	0.00132	0.00535	0.02991	0.00211	0.00568
6	0.04716	0.00844	0.00960	0.13856	0.02655	0.04740	0.00709	0.06758	0.31593	0.04602	0.04929	0.02554	0.02399	0.00717	0.06064	0.00168	0.00442	0.01866	0.01662	0.07764
7	0.05722	0.00857	0.00956	0.00795	0.01050	0.00913	0.00634	0.29564	0.18261	0.17173	0.06445	0.10055	0.02877	0.00632	0.00430	0.00135	0.00360	0.00517	0.02002	0.00621
8	0.02534	0.00391	0.00491	0.00552	0.00593	0.00370	0.00370	0.00624	0.00821	0.01117	0.10004	0.58306	0.07679	0.11897	0.00744	0.01507	0.00262	0.01025	0.00374	0.00337
9	0.00706	0.00504	0.00610	0.00631	0.03976	0.00471	0.00442	0.00930	0.08264	0.07915	0.19153	0.19487	0.31426	0.02894	0.00527	0.00150	0.00255	0.00821	0.00409	0.00428
10	0.04990	0.00670	0.00754	0.00686	0.00860	0.00711	0.00519	0.02805	0.32088	0.12141	0.09713	0.08762	0.06593	0.11605	0.00702	0.03072	0.00322	0.02090	0.00399	0.00517
11	0.03520	0.00459	0.00558	0.00568	0.00672	0.00430	0.00415	0.03433	0.00978	0.07197	0.18004	0.38786	0.17965	0.01047	0.00497	0.00151	0.00250	0.02671	0.02001	0.00400
12	0.01311	0.01015	0.01085	0.00900	0.01183	0.01143	0.00721	0.36265	0.44798	0.04781	0.01407	0.01323	0.01030	0.00540	0.00424	0.00135	0.00389	0.00432	0.00428	0.00688
13	0.00826	0.00394	0.00583	0.00564	0.00591	0.00386	0.00386	0.00672	0.00602	0.07512	0.00807	0.01290	0.00756	0.01383	0.01542	0.80536	0.00364	0.00370	0.00210	0.00227
14	0.00534	0.00411	0.00474	0.00490	0.00580	0.00367	0.00346	0.00642	0.00938	0.01210	0.20912	0.22627	0.37838	0.09897	0.00678	0.00174	0.00237	0.00902	0.00392	0.00351
15	0.00872	0.00747	0.00872	0.00623	0.00996	0.00560	0.00498	0.01058	0.00872	0.01370	0.00747	0.00872	0.00623	0.00311	0.00311	0.00062	0.00311	0.00249	0.00249	0.87796
16	0.00585	0.00429	0.00548	0.00518	0.00622	0.00392	0.00389	0.00774	0.01167	0.01630	0.74512	0.03231	0.11872	0.00880	0.00496	0.00133	0.00200	0.00773	0.00455	0.00392
17	0.00789	0.00466	0.00610	0.00605	0.00720	0.00435	0.00456	0.00917	0.00945	0.15368	0.13615	0.27553	0.14188	0.04342	0.09410	0.00219	0.00366	0.08176	0.00400	0.00421
18	0.00638	0.00449	0.00588	0.00609	0.00686	0.00455	0.00458	0.00750	0.00810	0.04294	0.03130	0.18050	0.15192	0.14912	0.22269	0.00336	0.02226	0.13455	0.00328	0.00364
19	0.00987	0.00772	0.03218	0.00741	0.00944	0.00806	0.00588	0.05150	0.42156	0.07752	0.13682	0.01851	0.01618	0.07688	0.03936	0.00179	0.00357	0.00509	0.06502	0.00565
20	0.00662	0.00436	0.00518	0.00504	0.00578	0.00408	0.00344	0.00750	0.00872	0.06114	0.21343	0.06223	0.17391	0.37674	0.01213	0.00258	0.00311	0.03702	0.00356	0.00344
21	0.01233	0.03166	0.01094	0.02524	0.02842	0.28386	0.02283	0.09398	0.28978	0.03118	0.01223	0.07336	0.01019	0.01849	0.00456	0.00134	0.01943	0.00439	0.02016	0.00565
22	0.01071	0.18362	0.32280	0.01139	0.06743	0.13288	0.02469	0.04012	0.09016	0.01287	0.00800	0.00914	0.00628	0.00436	0.00439	0.00124	0.05872	0.00317	0.00219	0.00585

[dist]
# distance from previous block
# <min> <max>
0	1

[block]
# block no. 1 follows, 63 sequences, length 17
# corresponding to MSA columns:
# 43-59
name=unknown_B
#
# <colnr> <probs for GDERKNQSTAVLIFYWHMCP>
#	G	D	E	R	K	N	Q	S	T	A	V	L	I	F	Y	W	H	M	C	P
0	0.03528	0.00445	0.00560	0.00532	0.00634	0.00417	0.00394	0.00814	0.01108	0.03985	0.64446	0.08190	0.06741	0.05663	0.00582	0.00151	0.00223	0.00757	0.00438	0.00395
1	0.02236	0.00497	0.00617	0.00593	0.00710	0.00517	0.00460	0.04424	0.03467	0.05937	0.14409	0.04346	0.04153	0.04484	0.23542	0.00291	0.00506	0.06675	0.21714	0.00422
2	0.00873	0.03606	0.01133	0.00915	0.01077	0.02862	0.14240	0.06901	0.03458	0.03909	0.01097	0.03765	0.01016	0.11966	0.29652	0.01815	0.08706	0.02300	0.00259	0.00451
3	0.00629	0.00500	0.00589	0.00522	0.00692	0.00421	0.00393	0.00784	0.01006	0.01388	0.33181	0.07518	0.25502	0.03734	0.00511	0.00130	0.00239	0.00695	0.00380	0.21187
4	0.30027	0.00740	0.00792	0.00669	0.00914	0.00786	0.00543	0.10782	0.03765	0.24535	0.01126	0.01184	0.00822	0.00856	0.12408	0.00206	0.00455	0.00356	0.08485	0.00548
5	0.00969	0.00983	0.01687	0.10529	0.29107	0.04352	0.25297	0.03204	0.00971	0.01317	0.04903	0.02846	0.03579	0.02266	0.00548	0.00143	0.06045	0.00463	0.00234	0.00557
6	0.00522	0.00427	0.00461	0.00453	0.00583	0.00366	0.00339	0.00653	0.01018	0.01279	0.24565	0.03810	0.62037	0.01011	0.00497	0.00139	0.00209	0.00854	0.00409	0.00366
7	0.01046	0.09201	0.28443	0.05810	0.13770	0.01117	0.09468	0.13515	0.07693	0.01517	0.00863	0.01004	0.00656	0.00431	0.00443	0.00131	0.03670	0.00361	0.00244	0.00618
8	0.88196	0.00813	0.00618	0.00553	0.00813	0.00943	0.00455	0.01236	0.00715	0.01886	0.00585	0.00683	0.00455	0.00390	0.00260	0.00130	0.00325	0.00228	0.00260	0.00455
9	0.01194	0.01015	0.06398	0.06533	0.04094	0.04873	0.00770	0.32165	0.05627	0.06894	0.01432	0.01686	0.09000	0.04750	0.00514	0.00144	0.00439	0.05833	0.00354	0.06286
10	0.01598	0.01177	0.01262	0.00967	0.01304	0.01304	0.00799	0.81202	0.01976	0.02649	0.01009	0.01009	0.00715	0.00505	0.00421	0.00126	0.00463	0.00378	0.00421	0.00715
11	0.00677	0.00484	0.00677	0.00774	0.00871	0.00484	0.00677	0.00871	0.00968	0.01258	0.02226	0.04742	0.02419	0.01161	0.00581	0.00194	0.00387	0.79775	0.00387	0.00387
12	0.01107	0.00861	0.01273	0.28818	0.11589	0.00943	0.06599	0.10984	0.14692	0.12027	0.03881	0.01376	0.00944	0.00492	0.00433	0.00137	0.00471	0.02466	0.00317	0.00589
13	0.00872	0.00747	0.00872	0.00623	0.00996	0.00560	0.00498	0.01058	0.00872	0.01370	0.00747	0.00872	0.00623	0.00311	0.00311	0.00062	0.00311	0.00249	0.00249	0.87796
14	0.01170	0.00869	0.00951	0.00833	0.01082	0.00971	0.00654	0.04380	0.65473	0.13612	0.04057	0.01579	0.01311	0.00570	0.00429	0.00140	0.00336	0.00473	0.00442	0.00666
15	0.00550	0.00382	0.00477	0.00537	0.00552	0.00366	0.00339	0.00595	0.00732	0.00975	0.01941	0.53837	0.02306	0.33079	0.01143	0.00260	0.00306	0.00974	0.00339	0.00309
16	0.01501	0.01939	0.04194	0.01089	0.01306	0.75140	0.00846	0.01622	0.01144	0.01039	0.00647	0.00773	0.00542	0.00452	0.00445	0.00114	0.06225	0.00279	0.00213	0.00490

[dist]
# distance from previous block
# <min> <max>
1	8

[block]
# block no. 2 follows, 63 sequences, length 12
# corresponding to MSA columns:
# 69-80
name=unknown_C
#
# <colnr> <probs for GDERKNQSTAVLIFYWHMCP>
#	G	D	E	R	K	N	Q	S	T	A	V	L	I	F	Y	W	H	M	C	P
0	0.01339	0.01272	0.01476	0.08763	0.23663	0.16166	0.06376	0.13434	0.19227	0.01692	0.01148	0.01313	0.00914	0.00548	0.00481	0.00155	0.00571	0.00434	0.00339	0.00688
1	0.01153	0.80123	0.02138	0.00743	0.01093	0.06917	0.00725	0.01286	0.00876	0.00992	0.00589	0.00680	0.00540	0.00364	0.00277	0.00091	0.00469	0.00228	0.00182	0.00536
2	0.00695	0.00469	0.00642	0.05188	0.00761	0.00500	0.00464	0.00733	0.04114	0.01009	0.11396	0.01966	0.12979	0.04094	0.07635	0.40490	0.05789	0.00509	0.00263	0.00305
3	0.00674	0.00468	0.00593	0.00549	0.00670	0.00439	0.00416	0.00917	0.05454	0.05559	0.68647	0.03039	0.09277	0.00842	0.00489	0.00133	0.00214	0.00738	0.00459	0.00423
4	0.00538	0.00377	0.00491	0.00569	0.00597	0.00356	0.00381	0.00598	0.00785	0.01039	0.02226	0.65602	0.06252	0.10782	0.00763	0.03853	0.00271	0.03828	0.00366	0.00327
5	0.00541	0.00393	0.00511	0.00561	0.00619	0.00363	0.00395	0.00658	0.00939	0.01272	0.27186	0.51702	0.08886	0.01153	0.00522	0.00157	0.00231	0.03134	0.00413	0.00361
6	0.00994	0.00791	0.01219	0.03729	0.09639	0.04241	0.16336	0.00979	0.00835	0.01118	0.01040	0.01494	0.03847	0.01138	0.03116	0.45913	0.02433	0.00457	0.00252	0.00429
7	0.01008	0.00959	0.01631	0.02456	0.77503	0.00958	0.01234	0.01246	0.00948	0.01355	0.00886	0.06261	0.00797	0.00433	0.00424	0.00128	0.00484	0.00426	0.00219	0.00646
8	0.00679	0.00458	0.00577	0.00583	0.00610	0.02304	0.00394	0.00697	0.03642	0.00895	0.01241	0.15575	0.01346	0.24840	0.12515	0.30107	0.02416	0.00584	0.00253	0.00286
9	0.31378	0.03717	0.01017	0.09585	0.03695	0.27859	0.00710	0.06593	0.00988	0.01467	0.00705	0.02695	0.00584	0.00435	0.00359	0.00120	0.01880	0.00296	0.00246	0.05669
10	0.00755	0.00516	0.00679	0.00739	0.07747	0.00482	0.00490	0.00915	0.03321	0.07816	0.15321	0.22309	0.11747	0.07394	0.01796	0.02797	0.00302	0.03776	0.05244	0.05854
11	0.01013	0.03423	0.02946	0.21141	0.38594	0.04548	0.02848	0.03744	0.09977	0.01336	0.00864	0.01087	0.00693	0.00435	0.00472	0.00133	0.05541	0.00378	0.00232	0.00594

[dist]
# distance from previous block
# <min> <max>
1	12

[block]
# block no. 3 follows, 63 sequences, length 14
# corresponding to MSA columns:
# 93-106
name=unknown_D
#
# <colnr> <probs for GDERKNQSTAVLIFYWHMCP>
#	G	D	E	R	K	N	Q	S	T	A	V	L	I	F	Y	W	H	M	C	P
0	0.00546	0.00406	0.00530	0.02540	0.00681	0.00387	0.00417	0.00637	0.00826	0.01089	0.04963	0.49969	0.17219	0.01421	0.09670	0.03698	0.00350	0.02418	0.00359	0.01876
1	0.04114	0.05040	0.05634	0.09881	0.36927	0.08950	0.05442	0.09499	0.01032	0.01409	0.00760	0.00976	0.00618	0.00428	0.00485	0.00130	0.07497	0.00356	0.00226	0.00597
2	0.00768	0.00751	0.04290	0.37092	0.04700	0.02281	0.00885	0.00996	0.00906	0.01237	0.20188	0.01645	0.02942	0.00765	0.06652	0.00178	0.09523	0.00471	0.00262	0.03469
3	0.44429	0.14927	0.03563	0.00765	0.01038	0.26820	0.00643	0.01380	0.00892	0.01457	0.00610	0.00711	0.00498	0.00399	0.00303	0.00117	0.00489	0.00243	0.00231	0.00484
4	0.01102	0.78881	0.08606	0.00757	0.01138	0.01609	0.00785	0.01265	0.00857	0.01016	0.00598	0.00691	0.00539	0.00363	0.00280	0.00093	0.00463	0.00232	0.00180	0.00546
5	0.00572	0.00429	0.00530	0.00505	0.00614	0.00387	0.00379	0.00749	0.01136	0.01558	0.64200	0.03351	0.22228	0.00907	0.00496	0.00134	0.00202	0.00790	0.00446	0.00387
6	0.00549	0.00426	0.00500	0.00486	0.00601	0.00376	0.00363	0.00703	0.01075	0.01424	0.45434	0.06526	0.38093	0.00966	0.00498	0.00138	0.00206	0.00831	0.00429	0.00376
7	0.00564	0.00403	0.00521	0.00587	0.00633	0.00383	0.00419	0.00660	0.00844	0.01119	0.08598	0.46136	0.07197	0.14345	0.00790	0.00207	0.00291	0.15588	0.00374	0.00341
8	0.00575	0.00399	0.00462	0.00486	0.00507	0.00386	0.00295	0.00604	0.00696	0.00913	0.01886	0.22810	0.10689	0.55680	0.01571	0.00321	0.00347	0.00783	0.00302	0.00287
9	0.00901	0.00858	0.01448	0.47385	0.36213	0.00972	0.01211	0.01163	0.00883	0.01197	0.00759	0.01081	0.00604	0.00411	0.00449	0.00135	0.03209	0.00374	0.00196	0.00550
10	0.01640	0.01189	0.01211	0.00945	0.01268	0.09437	0.00772	0.61065	0.01779	0.14825	0.01073	0.01049	0.00748	0.00500	0.00417	0.00125	0.00476	0.00374	0.00415	0.00692
11	0.00872	0.00747	0.00872	0.00623	0.00996	0.00560	0.00498	0.01058	0.00872	0.01370	0.00747	0.00872	0.00623	0.00311	0.00311	0.00062	0.00311	0.00249	0.00249	0.87796
12	0.00945	0.02288	0.05423	0.07504	0.02837	0.03255	0.05239	0.14802	0.14918	0.01553	0.04099	0.06983	0.07920	0.00781	0.01912	0.00159	0.00434	0.18072	0.00351	0.00525
13	0.01304	0.52004	0.01800	0.00861	0.01167	0.31685	0.00756	0.04120	0.01016	0.01060	0.00623	0.00716	0.00546	0.00392	0.00315	0.00098	0.00563	0.00247	0.00201	0.00526

[dist]
# distance from previous block
# <min> <max>
0	1

[block]
# block no. 4 follows, 63 sequences, length 19
# corresponding to MSA columns:
# 108-126
name=unknown_E
#
# <colnr> <probs for GDERKNQSTAVLIFYWHMCP>
#	G	D	E	R	K	N	Q	S	T	A	V	L	I	F	Y	W	H	M	C	P
0	0.01069	0.03948	0.35800	0.09054	0.13280	0.16501	0.03357	0.06608	0.02709	0.01338	0.00771	0.00930	0.00587	0.00418	0.00417	0.00128	0.01954	0.00330	0.00212	0.00589
1	0.04362	0.00996	0.01534	0.04968	0.53952	0.04595	0.06458	0.01392	0.09804	0.02553	0.04601	0.01182	0.00869	0.00423	0.00419	0.00128	0.00486	0.00402	0.00250	0.00625
2	0.00591	0.00465	0.00560	0.00586	0.02993	0.00435	0.00411	0.00801	0.06704	0.01356	0.30553	0.19289	0.29415	0.03257	0.00541	0.00151	0.00236	0.00852	0.00409	0.00395
3	0.00599	0.00428	0.00586	0.00605	0.00663	0.00459	0.00444	0.00725	0.00781	0.01121	0.10439	0.25307	0.01884	0.08104	0.35957	0.00393	0.02737	0.00699	0.07709	0.00363
4	0.00903	0.00562	0.00600	0.00556	0.00711	0.00591	0.00428	0.01376	0.24056	0.06742	0.06223	0.01769	0.05271	0.00564	0.00362	0.00117	0.00246	0.00463	0.47971	0.00489
5	0.01040	0.00999	0.01706	0.02580	0.82604	0.00999	0.01290	0.01290	0.00957	0.01373	0.00791	0.01040	0.00666	0.00375	0.00416	0.00125	0.00499	0.00375	0.00208	0.00666
6	0.00794	0.00747	0.01261	0.84216	0.02895	0.00934	0.01167	0.01074	0.00841	0.01074	0.00747	0.01121	0.00560	0.00420	0.00420	0.00140	0.00560	0.00374	0.00187	0.00467
7	0.00535	0.00427	0.00479	0.00466	0.00591	0.00371	0.00350	0.00678	0.01049	0.01351	0.34894	0.03691	0.51663	0.00984	0.00496	0.00138	0.00207	0.00837	0.00419	0.00371
8	0.00895	0.00829	0.01344	0.01868	0.52190	0.00821	0.03604	0.01161	0.04960	0.01385	0.11160	0.07628	0.09190	0.00577	0.00445	0.00132	0.00415	0.00539	0.00281	0.00577
9	0.63864	0.00763	0.00693	0.00601	0.00859	0.00844	0.00493	0.01354	0.00808	0.17670	0.00841	0.00912	0.00620	0.00650	0.07360	0.00176	0.00399	0.00285	0.00308	0.00499
10	0.00634	0.00624	0.07639	0.00796	0.08667	0.00498	0.00578	0.00824	0.02230	0.01337	0.27885	0.24184	0.14298	0.04141	0.00555	0.00156	0.00295	0.03865	0.00373	0.00420
11	0.07120	0.01241	0.11517	0.01440	0.01855	0.04849	0.50202	0.06416	0.01035	0.04761	0.00849	0.01048	0.00629	0.00380	0.00446	0.00133	0.00625	0.00423	0.00239	0.04791
12	0.40827	0.00791	0.00734	0.00674	0.00832	0.06959	0.00527	0.02913	0.00757	0.01425	0.00850	0.04558	0.00804	0.10627	0.15857	0.00267	0.09552	0.00373	0.00251	0.00422
13	0.01084	0.69940	0.10361	0.00857	0.01248	0.01543	0.07621	0.01274	0.00869	0.01054	0.00624	0.00735	0.00547	0.00363	0.00302	0.00099	0.00489	0.00256	0.00182	0.00550
14	0.01000	0.00919	0.09054	0.00919	0.04680	0.00852	0.03124	0.08555	0.33201	0.07030	0.12577	0.07150	0.03518	0.00660	0.00452	0.00142	0.00369	0.04821	0.00392	0.00586
15	0.00545	0.00421	0.00497	0.00492	0.00601	0.00373	0.00364	0.00692	0.01052	0.01391	0.41270	0.12219	0.36581	0.00994	0.00501	0.00140	0.00209	0.00859	0.00425	0.00373
16	0.00863	0.09868	0.01240	0.11940	0.10501	0.00831	0.10527	0.03544	0.04419	0.04257	0.07740	0.08196	0.12607	0.03805	0.04300	0.00170	0.01880	0.02524	0.00295	0.00490
17	0.00954	0.00776	0.00850	0.00728	0.00984	0.00791	0.00567	0.01666	0.44341	0.04751	0.01686	0.05377	0.08045	0.00573	0.00404	0.00121	0.00310	0.00478	0.02655	0.23943
18	0.00864	0.04649	0.01279	0.46681	0.17512	0.02652	0.01034	0.02530	0.04191	0.01184	0.01089	0.06162	0.05678	0.00514	0.00443	0.00137	0.02215	0.00448	0.00229	0.00507

[dist]
# distance from previous block
# <min> <max>
1	18

[block]
# block no. 5 follows, 63 sequences, length 21
# corresponding to MSA columns:
# 145-165
name=unknown_F
#
# <colnr> <probs for GDERKNQSTAVLIFYWHMCP>
#	G	D	E	R	K	N	Q	S	T	A	V	L	I	F	Y	W	H	M	C	P
0	0.00958	0.02340	0.01115	0.01001	0.13276	0.02125	0.04751	0.02705	0.03694	0.03290	0.00836	0.02143	0.00692	0.00358	0.00349	0.00084	0.00374	0.00308	0.00257	0.59345
1	0.00775	0.14293	0.02968	0.00758	0.03537	0.00739	0.00607	0.00932	0.00746	0.05414	0.01051	0.01464	0.00951	0.03968	0.59278	0.00515	0.00928	0.00410	0.00233	0.00433
2	0.00843	0.03255	0.00946	0.00746	0.05145	0.00618	0.03180	0.01059	0.03624	0.01336	0.01253	0.03025	0.10958	0.00441	0.00353	0.00084	0.00325	0.00370	0.00270	0.62169
3	0.00952	0.09478	0.04149	0.35371	0.29991	0.01033	0.03161	0.05261	0.00959	0.01288	0.03891	0.01112	0.00734	0.00417	0.00408	0.00129	0.00515	0.00375	0.00216	0.00560
4	0.02345	0.12723	0.21591	0.03312	0.10349	0.07303	0.02045	0.18410	0.01141	0.04347	0.00801	0.00918	0.00615	0.00430	0.00430	0.00120	0.04801	0.00322	0.00256	0.07741
5	0.00823	0.00881	0.09134	0.11254	0.07096	0.00794	0.11584	0.04462	0.14343	0.01375	0.06373	0.11296	0.14909	0.02132	0.00501	0.00147	0.01463	0.00606	0.00314	0.00512
6	0.00879	0.00537	0.00680	0.00607	0.00736	0.00551	0.00474	0.01111	0.05189	0.13459	0.41360	0.02259	0.02456	0.00706	0.00529	0.00131	0.08758	0.00580	0.18535	0.00462
7	0.00839	0.00789	0.02066	0.05337	0.07209	0.06221	0.05383	0.03470	0.12976	0.01342	0.12871	0.18654	0.07765	0.02916	0.00598	0.00152	0.08616	0.00651	0.00332	0.01813
8	0.00538	0.00423	0.00486	0.00480	0.00596	0.00371	0.00356	0.00679	0.01041	0.01355	0.35944	0.09853	0.44379	0.01000	0.00499	0.00140	0.00209	0.00859	0.00420	0.00371
9	0.00872	0.00747	0.00872	0.00623	0.00996	0.00560	0.00498	0.01058	0.00872	0.01370	0.00747	0.00872	0.00623	0.00311	0.00311	0.00062	0.00311	0.00249	0.00249	0.87796
10	0.00871	0.00830	0.01239	0.45995	0.19836	0.05083	0.01036	0.01133	0.03137	0.01177	0.02450	0.06939	0.00848	0.02637	0.00465	0.00140	0.00505	0.00435	0.00224	0.05022
11	0.10915	0.01666	0.01146	0.03680	0.01299	0.55221	0.00782	0.17788	0.01288	0.01453	0.00719	0.00813	0.00568	0.00443	0.00376	0.00115	0.00645	0.00291	0.00262	0.00530
12	0.00920	0.00920	0.01288	0.01104	0.01104	0.01288	0.00920	0.01012	0.00644	0.01012	0.00552	0.00920	0.00552	0.00736	0.01380	0.00184	0.84457	0.00368	0.00184	0.00460
13	0.00555	0.00415	0.00519	0.00553	0.00624	0.00397	0.00391	0.02073	0.00873	0.01151	0.11007	0.39269	0.21290	0.06698	0.11929	0.00243	0.00366	0.00924	0.00368	0.00356
14	0.00718	0.00369	0.00539	0.00539	0.00539	0.00369	0.00354	0.00554	0.00554	0.00739	0.00790	0.01427	0.00811	0.09941	0.01693	0.78925	0.00369	0.00390	0.00190	0.00190
15	0.00660	0.00450	0.00587	0.00566	0.00672	0.00423	0.00434	0.00869	0.02644	0.04485	0.63660	0.06821	0.03508	0.00881	0.00496	0.00139	0.00228	0.08750	0.03321	0.00409
16	0.00846	0.01991	0.71560	0.01126	0.01679	0.04082	0.01408	0.01290	0.00930	0.01356	0.09014	0.01111	0.00881	0.00447	0.00408	0.00132	0.00584	0.00355	0.00208	0.00593
17	0.88196	0.00813	0.00618	0.00553	0.00813	0.00943	0.00455	0.01236	0.00715	0.01886	0.00585	0.00683	0.00455	0.00390	0.00260	0.00130	0.00325	0.00228	0.00260	0.00455
18	0.01124	0.85479	0.02203	0.00719	0.01079	0.01663	0.00719	0.01259	0.00854	0.00989	0.00584	0.00674	0.00539	0.00360	0.00270	0.00090	0.00450	0.00225	0.00180	0.00539
19	0.01570	0.02004	0.01191	0.01083	0.01300	0.83539	0.00812	0.01679	0.01191	0.01029	0.00650	0.00758	0.00541	0.00433	0.00379	0.00108	0.00758	0.00271	0.00217	0.00487
20	0.02378	0.00600	0.01961	0.03549	0.00874	0.00572	0.00517	0.05150	0.09894	0.13947	0.16794	0.14318	0.21920	0.00899	0.02192	0.00154	0.00307	0.03081	0.00413	0.00479

[dist]
# distance from previous block
# <min> <max>
0	1

[block]
# block no. 6 follows, 63 sequences, length 20
# corresponding to MSA columns:
# 167-186
name=unknown_G
#
# <colnr> <probs for GDERKNQSTAVLIFYWHMCP>
#	G	D	E	R	K	N	Q	S	T	A	V	L	I	F	Y	W	H	M	C	P
0	0.00976	0.01025	0.01351	0.03685	0.01253	0.09549	0.07481	0.01096	0.00739	0.01045	0.00645	0.03422	0.00624	0.00681	0.01151	0.00171	0.64050	0.00393	0.00196	0.00468
1	0.01525	0.01134	0.01216	0.00948	0.01269	0.01258	0.00778	0.72585	0.08603	0.02535	0.01101	0.03175	0.00814	0.00531	0.00424	0.00129	0.00446	0.00407	0.00420	0.00701
2	0.00576	0.00457	0.00515	0.00496	0.00621	0.00418	0.00370	0.00784	0.06178	0.01382	0.35386	0.03467	0.42176	0.04635	0.00564	0.00150	0.00223	0.00798	0.00416	0.00387
3	0.01124	0.85479	0.02203	0.00719	0.01079	0.01663	0.00719	0.01259	0.00854	0.00989	0.00584	0.00674	0.00539	0.00360	0.00270	0.00090	0.00450	0.00225	0.00180	0.00539
4	0.01598	0.01177	0.01262	0.00967	0.01304	0.01304	0.00799	0.81202	0.01976	0.02649	0.01009	0.01009	0.00715	0.00505	0.00421	0.00126	0.00463	0.00378	0.00421	0.00715
5	0.01491	0.01875	0.01198	0.09569	0.01462	0.75107	0.00848	0.01617	0.01155	0.01033	0.00660	0.00795	0.00543	0.00432	0.00383	0.00112	0.00738	0.00281	0.00214	0.00485
6	0.01258	0.05634	0.06560	0.01202	0.11913	0.35626	0.00882	0.03814	0.21492	0.01324	0.00981	0.01104	0.00791	0.00483	0.00432	0.00125	0.03444	0.02095	0.00273	0.00570
7	0.00609	0.00417	0.00506	0.00506	0.00522	0.00433	0.00314	0.00642	0.00625	0.00850	0.01281	0.02511	0.01424	0.67338	0.19885	0.00466	0.00564	0.00576	0.00248	0.00281
8	0.88196	0.00813	0.00618	0.00553	0.00813	0.00943	0.00455	0.01236	0.00715	0.01886	0.00585	0.00683	0.00455	0.00390	0.00260	0.00130	0.00325	0.00228	0.00260	0.00455
9	0.00925	0.00728	0.00863	0.00638	0.00978	0.00581	0.00511	0.03806	0.00912	0.05529	0.00848	0.00982	0.00691	0.00547	0.06588	0.00115	0.00377	0.00281	0.02612	0.71486
10	0.00533	0.00425	0.00477	0.00469	0.00591	0.00370	0.00350	0.00672	0.01037	0.01333	0.32536	0.06466	0.51259	0.00999	0.00498	0.00139	0.00209	0.00852	0.00417	0.00370
11	0.01527	0.01112	0.01207	0.00920	0.01260	0.01194	0.00758	0.69181	0.01823	0.05513	0.01004	0.01010	0.00717	0.00483	0.00408	0.00119	0.00442	0.00366	0.00405	0.10552
12	0.01103	0.03316	0.01259	0.02195	0.04528	0.11890	0.13004	0.07980	0.36629	0.02586	0.01439	0.06901	0.04141	0.00566	0.00436	0.00136	0.00459	0.00494	0.00345	0.00592
13	0.83869	0.00808	0.00636	0.00563	0.00826	0.00927	0.00463	0.01276	0.00740	0.05947	0.00639	0.00720	0.00485	0.00397	0.00268	0.00130	0.00327	0.00237	0.00273	0.00468
14	0.00531	0.00379	0.00510	0.00607	0.00640	0.00358	0.00423	0.00618	0.00824	0.01094	0.02306	0.75735	0.02739	0.01299	0.00542	0.00173	0.00260	0.10225	0.00390	0.00347
15	0.00626	0.00439	0.00553	0.00528	0.00641	0.00399	0.00401	0.00804	0.01125	0.04330	0.58965	0.05483	0.17472	0.00903	0.00495	0.00137	0.00216	0.04236	0.01849	0.00398
16	0.00587	0.00459	0.00561	0.00551	0.00651	0.00441	0.00412	0.00773	0.04075	0.01402	0.40124	0.16484	0.24937	0.00978	0.00540	0.00145	0.03907	0.02166	0.00416	0.00389
17	0.80883	0.00805	0.00648	0.00569	0.00835	0.00915	0.00469	0.01305	0.00757	0.08749	0.00676	0.00746	0.00505	0.00401	0.00274	0.00130	0.00328	0.00244	0.00282	0.00477
18	0.00985	0.00970	0.04324	0.10979	0.59784	0.00964	0.01190	0.02824	0.04727	0.01353	0.00857	0.01114	0.00709	0.00601	0.06677	0.00169	0.00549	0.00383	0.00220	0.00622
19	0.01133	0.00543	0.00715	0.00606	0.00798	0.00486	0.00477	0.01315	0.01167	0.34816	0.41457	0.02350	0.04587	0.00699	0.00451	0.00129	0.00264	0.00599	0.06883	0.00525

[dist]
# distance from previous block
# <min> <max>
0	3

[block]
# block no. 7 follows, 63 sequences, length 13
# corresponding to MSA columns:
# 190-202
name=unknown_H
#
# <colnr> <probs for GDERKNQSTAVLIFYWHMCP>
#	G	D	E	R	K	N	Q	S	T	A	V	L	I	F	Y	W	H	M	C	P
0	0.00874	0.00727	0.05236	0.00717	0.00924	0.00674	0.02481	0.05421	0.21623	0.07044	0.29576	0.02460	0.10871	0.00729	0.00462	0.00137	0.00306	0.05207	0.02313	0.02219
1	0.10312	0.00786	0.00990	0.11755	0.12341	0.04319	0.00750	0.04924	0.07926	0.11817	0.01116	0.01470	0.00919	0.02204	0.05678	0.05861	0.03947	0.05980	0.06389	0.00515
2	0.00539	0.00425	0.00485	0.00475	0.00595	0.00372	0.00355	0.00682	0.01049	0.01364	0.36947	0.06893	0.46347	0.00989	0.00498	0.00139	0.00208	0.00846	0.00421	0.00372
3	0.00522	0.00418	0.00466	0.00473	0.00588	0.00363	0.00348	0.00645	0.00989	0.01254	0.22017	0.15701	0.52631	0.01054	0.00502	0.00144	0.00214	0.00903	0.00407	0.00363
4	0.00702	0.00379	0.00545	0.00545	0.00551	0.00385	0.00361	0.00574	0.00568	0.00763	0.00853	0.01532	0.00878	0.14322	0.08403	0.67392	0.00434	0.00409	0.00197	0.00209
5	0.00872	0.00747	0.00872	0.00623	0.00996	0.00560	0.00498	0.01058	0.00872	0.01370	0.00747	0.00872	0.00623	0.00311	0.00311	0.00062	0.00311	0.00249	0.00249	0.87796
6	0.00707	0.00560	0.00665	0.00571	0.00761	0.00462	0.00411	0.00823	0.00809	0.01178	0.03581	0.23059	0.03358	0.18821	0.00771	0.00168	0.00309	0.00599	0.00296	0.42090
7	0.01431	0.08904	0.03186	0.00941	0.01242	0.15024	0.00781	0.48284	0.07447	0.02037	0.01004	0.03907	0.00787	0.00575	0.02432	0.00136	0.00514	0.00382	0.00354	0.00634
8	0.00794	0.00747	0.01261	0.84216	0.02895	0.00934	0.01167	0.01074	0.00841	0.01074	0.00747	0.01121	0.00560	0.00420	0.00420	0.00140	0.00560	0.00374	0.00187	0.00467
9	0.00708	0.00400	0.00531	0.00528	0.00557	0.00390	0.00352	0.00641	0.00658	0.03692	0.03256	0.03641	0.07930	0.25208	0.01559	0.45618	0.00359	0.03470	0.00250	0.00252
10	0.63620	0.02523	0.00813	0.00679	0.00936	0.05824	0.04374	0.06000	0.00850	0.03460	0.00739	0.00975	0.00613	0.03721	0.00376	0.00141	0.00386	0.03221	0.00273	0.00475
11	0.01213	0.03295	0.05452	0.02846	0.01202	0.06852	0.03588	0.16816	0.16701	0.12353	0.03189	0.01296	0.02841	0.02566	0.00463	0.00127	0.02217	0.00397	0.01747	0.14840
12	0.00925	0.26205	0.04388	0.00836	0.06757	0.07431	0.02153	0.05479	0.02693	0.01294	0.15197	0.02001	0.18192	0.02702	0.00446	0.00127	0.00394	0.01992	0.00300	0.00488

[dist]
# distance from previous block
# <min> <max>
0	30

# created by:
# /st0/software/busco_prod/Augustus/scripts/msa2prfl.pl ./align_prep/33668.fa
