[name]
unknown

[dist]
# distance from previous block
# <min> <max>
7	132

[block]
# block no. 0 follows, 70 sequences, length 21
# corresponding to MSA columns:
# 143-163
name=unknown_A
#
# <colnr> <probs for GDERKNQSTAVLIFYWHMCP>
#	G	D	E	R	K	N	Q	S	T	A	V	L	I	F	Y	W	H	M	C	P
0	0.05816	0.08331	0.00963	0.02247	0.04310	0.02378	0.03345	0.02320	0.09394	0.10555	0.03676	0.05504	0.05487	0.03252	0.00415	0.00109	0.01863	0.00387	0.00286	0.29363
1	0.10133	0.01904	0.05505	0.05718	0.04110	0.07266	0.00595	0.03278	0.04779	0.04559	0.12482	0.10962	0.02529	0.03864	0.01377	0.00130	0.01603	0.03082	0.00288	0.15836
2	0.09781	0.04545	0.02163	0.02652	0.01061	0.02218	0.07770	0.09245	0.08199	0.08290	0.02071	0.09317	0.00882	0.00463	0.00365	0.00104	0.01601	0.00387	0.00288	0.28595
3	0.13671	0.38682	0.04508	0.00714	0.01002	0.07249	0.04769	0.02035	0.04625	0.04512	0.00914	0.02806	0.05571	0.01534	0.01653	0.00113	0.00415	0.00310	0.00226	0.04691
4	0.04381	0.09535	0.12435	0.03069	0.06624	0.19568	0.02350	0.13348	0.20362	0.01416	0.00928	0.02706	0.00731	0.00438	0.00363	0.00115	0.00477	0.00338	0.00268	0.00548
5	0.00897	0.02474	0.07738	0.22863	0.48912	0.00919	0.01126	0.04149	0.00883	0.01231	0.02694	0.01004	0.00650	0.00380	0.00404	0.00120	0.02458	0.00347	0.00197	0.00554
6	0.00818	0.04632	0.05049	0.00663	0.03653	0.00595	0.00541	0.01004	0.00806	0.01246	0.00684	0.00801	0.00568	0.00295	0.00293	0.00064	0.00313	0.00235	0.00222	0.77517
7	0.00480	0.00394	0.00423	0.00416	0.00537	0.00337	0.00312	0.00599	0.00936	0.01171	0.23397	0.03527	0.64252	0.00936	0.00458	0.00129	0.00193	0.00790	0.00376	0.00337
8	0.01032	0.00806	0.00916	0.00689	0.01020	0.02349	0.00544	0.06589	0.00958	0.08243	0.00861	0.00981	0.00696	0.00389	0.00369	0.00088	0.02442	0.00286	0.00290	0.70454
9	0.89114	0.00750	0.00570	0.00510	0.00750	0.00870	0.00420	0.01140	0.00660	0.01739	0.00540	0.00630	0.00420	0.00360	0.00240	0.00120	0.00300	0.00210	0.00240	0.00420
10	0.19242	0.46399	0.05350	0.03549	0.03658	0.13057	0.00693	0.01206	0.00807	0.01117	0.00565	0.00671	0.00486	0.00356	0.00289	0.00098	0.01564	0.00228	0.00187	0.00479
11	0.01443	0.01085	0.01134	0.00883	0.01183	0.04271	0.00724	0.71765	0.07663	0.04418	0.00981	0.00969	0.00699	0.00468	0.00387	0.00117	0.00426	0.00353	0.00384	0.00648
12	0.00848	0.00715	0.00827	0.00595	0.00937	0.00562	0.00477	0.06309	0.00870	0.01340	0.00705	0.00812	0.00580	0.00299	0.00294	0.00061	0.00296	0.00237	0.00240	0.82995
13	0.00493	0.00369	0.00441	0.00476	0.00547	0.00333	0.00336	0.00590	0.00841	0.01101	0.15624	0.38196	0.29514	0.05110	0.00543	0.00152	0.00217	0.02298	0.02493	0.00325
14	0.00996	0.01033	0.20456	0.00909	0.02733	0.02076	0.09367	0.15886	0.01055	0.13610	0.06288	0.08255	0.05343	0.02333	0.06686	0.00167	0.00476	0.01506	0.00304	0.00523
15	0.00788	0.00799	0.01305	0.03008	0.06489	0.05378	0.30419	0.01076	0.08424	0.01211	0.08443	0.13499	0.12090	0.00625	0.00471	0.00133	0.03005	0.02101	0.00280	0.00457
16	0.00723	0.00361	0.00361	0.00361	0.00452	0.00361	0.00271	0.00903	0.00813	0.01445	0.01265	0.01445	0.00994	0.00452	0.00271	0.00090	0.00181	0.00361	0.88528	0.00361
17	0.00987	0.72056	0.11196	0.03505	0.01122	0.01413	0.00762	0.01153	0.00793	0.00957	0.00601	0.00755	0.00543	0.00357	0.00274	0.00091	0.00434	0.02331	0.00171	0.00500
18	0.00960	0.00539	0.00665	0.00586	0.00755	0.00509	0.00453	0.06869	0.05805	0.25545	0.19398	0.13561	0.16335	0.02959	0.03114	0.00150	0.00290	0.00633	0.00405	0.00469
19	0.01141	0.12378	0.09918	0.00868	0.02265	0.03950	0.04412	0.27492	0.12160	0.08666	0.02537	0.06345	0.00894	0.00608	0.04496	0.00142	0.00449	0.00397	0.00316	0.00567
20	0.00923	0.10524	0.40047	0.00988	0.01402	0.03664	0.09326	0.08736	0.06275	0.04317	0.02134	0.01119	0.06071	0.00485	0.02214	0.00130	0.00509	0.00357	0.00233	0.00546

[dist]
# distance from previous block
# <min> <max>
0	1

[block]
# block no. 1 follows, 70 sequences, length 65
# corresponding to MSA columns:
# 165-226,228-230
name=unknown_B
#
# <colnr> <probs for GDERKNQSTAVLIFYWHMCP>
#	G	D	E	R	K	N	Q	S	T	A	V	L	I	F	Y	W	H	M	C	P
0	0.02290	0.05856	0.05135	0.05458	0.20573	0.08075	0.02152	0.13194	0.01002	0.02696	0.01812	0.00890	0.00622	0.00365	0.00355	0.00097	0.01484	0.00297	0.00237	0.27412
1	0.00890	0.00991	0.02069	0.01536	0.03795	0.00976	0.67813	0.01176	0.00870	0.01196	0.00806	0.04466	0.00660	0.00404	0.00552	0.00136	0.10492	0.00467	0.00200	0.00505
2	0.04183	0.00435	0.00517	0.00536	0.00625	0.00416	0.00385	0.06418	0.00888	0.04241	0.09691	0.50315	0.17864	0.01018	0.00463	0.00143	0.00237	0.00896	0.00367	0.00363
3	0.00476	0.00342	0.00453	0.00533	0.00562	0.00318	0.00359	0.00551	0.00766	0.01024	0.06918	0.79436	0.04453	0.01185	0.00492	0.00155	0.00222	0.01072	0.00364	0.00318
4	0.01010	0.30432	0.12861	0.05195	0.06412	0.06786	0.00821	0.07452	0.19420	0.01260	0.00891	0.00954	0.01644	0.00439	0.01207	0.00115	0.02011	0.00311	0.00240	0.00542
5	0.00474	0.00376	0.00426	0.00456	0.00548	0.00329	0.00330	0.00570	0.00852	0.01067	0.08819	0.30631	0.49505	0.01047	0.00472	0.00140	0.00209	0.03058	0.00365	0.00327
6	0.02940	0.12629	0.15729	0.03234	0.17066	0.03510	0.17923	0.06160	0.11209	0.01303	0.00823	0.00966	0.00643	0.00442	0.02394	0.00130	0.01778	0.00348	0.00222	0.00553
7	0.01000	0.01038	0.13601	0.04890	0.09003	0.03693	0.06030	0.28641	0.01141	0.01549	0.01016	0.13945	0.00919	0.00730	0.06688	0.00164	0.04682	0.00462	0.00279	0.00529
8	0.00515	0.00379	0.00482	0.00490	0.00567	0.00346	0.00355	0.00653	0.00966	0.01324	0.49535	0.26959	0.14116	0.00939	0.00468	0.00133	0.00197	0.00832	0.00399	0.00346
9	0.00950	0.25560	0.13141	0.00817	0.03710	0.14477	0.00735	0.05015	0.05749	0.01198	0.13567	0.01352	0.08081	0.00504	0.00388	0.00110	0.03530	0.00382	0.00252	0.00482
10	0.00484	0.00367	0.00444	0.00497	0.00562	0.00332	0.00353	0.00569	0.00802	0.01025	0.04431	0.47617	0.29891	0.04244	0.00539	0.00157	0.00230	0.06781	0.00357	0.00320
11	0.01062	0.18914	0.09018	0.00770	0.01043	0.02149	0.00688	0.27343	0.13229	0.03549	0.04961	0.09324	0.02142	0.03585	0.00428	0.00126	0.00386	0.00429	0.00314	0.00541
12	0.00804	0.00689	0.00804	0.00574	0.00919	0.00517	0.00459	0.00976	0.00804	0.01263	0.00689	0.00804	0.00574	0.00287	0.00287	0.00057	0.00287	0.00230	0.00230	0.88745
13	0.04605	0.01723	0.02670	0.01011	0.01231	0.71960	0.05464	0.01530	0.04394	0.01027	0.00649	0.00749	0.00529	0.00398	0.00354	0.00104	0.00664	0.00269	0.00208	0.00462
14	0.00812	0.00701	0.00834	0.00602	0.00942	0.00542	0.01974	0.01021	0.03834	0.01276	0.00723	0.00832	0.00597	0.00297	0.00294	0.00061	0.00295	0.00242	0.00235	0.83887
15	0.00842	0.00688	0.00808	0.00579	0.00922	0.00519	0.00464	0.01013	0.00816	0.04623	0.00723	0.00825	0.00590	0.00295	0.00291	0.00060	0.00289	0.00236	0.00240	0.85179
16	0.00858	0.00983	0.17587	0.06702	0.13650	0.01613	0.17188	0.01124	0.00931	0.08798	0.19687	0.04521	0.02284	0.00506	0.00431	0.00125	0.01762	0.00472	0.00273	0.00505
17	0.00835	0.00701	0.01124	0.56706	0.12991	0.00804	0.00966	0.01100	0.03857	0.07822	0.02295	0.01243	0.05447	0.00433	0.00391	0.00125	0.00459	0.00383	0.00224	0.02096
18	0.80724	0.02263	0.00628	0.00538	0.00781	0.04066	0.00443	0.01186	0.00697	0.05035	0.00582	0.00660	0.00446	0.00366	0.00250	0.00119	0.00318	0.00219	0.00247	0.00432
19	0.04875	0.01099	0.20635	0.04190	0.09363	0.01809	0.10745	0.08192	0.05083	0.22574	0.05222	0.01133	0.00843	0.00434	0.00405	0.00123	0.02027	0.00373	0.00299	0.00576
20	0.01365	0.03791	0.04805	0.01084	0.06775	0.71621	0.00804	0.01512	0.02911	0.00997	0.00633	0.00737	0.00522	0.00396	0.00351	0.00102	0.00662	0.00261	0.00201	0.00471
21	0.00484	0.00347	0.00458	0.00534	0.00566	0.00323	0.00363	0.00564	0.00780	0.01046	0.10103	0.74017	0.03996	0.02295	0.00511	0.00157	0.00225	0.02548	0.00365	0.00320
22	0.00954	0.00858	0.02294	0.00777	0.00990	0.04656	0.00614	0.04993	0.65460	0.01588	0.08361	0.01506	0.01321	0.00614	0.03121	0.00144	0.00347	0.00445	0.00378	0.00578
23	0.00498	0.00393	0.00427	0.00429	0.00529	0.00348	0.00312	0.00594	0.00855	0.01066	0.13452	0.03453	0.54498	0.15938	0.00728	0.00175	0.00235	0.05406	0.00346	0.00318
24	0.01100	0.03144	0.08992	0.00843	0.02286	0.03902	0.00717	0.27332	0.31041	0.04223	0.09151	0.01307	0.01129	0.00561	0.02395	0.00134	0.00395	0.00405	0.00356	0.00587
25	0.05834	0.00664	0.00884	0.00681	0.00978	0.00584	0.00563	0.01854	0.01089	0.80360	0.01483	0.01287	0.00934	0.00474	0.00383	0.00120	0.00328	0.00381	0.00469	0.00649
26	0.01046	0.00898	0.08751	0.07814	0.07640	0.02569	0.00737	0.21550	0.11545	0.11002	0.13093	0.02884	0.07679	0.00547	0.00403	0.00122	0.00374	0.00455	0.00344	0.00546
27	0.85808	0.00741	0.00575	0.00513	0.00751	0.00855	0.00422	0.01146	0.00676	0.03275	0.02133	0.00686	0.00491	0.00370	0.00247	0.00120	0.00298	0.00223	0.00248	0.00423
28	0.00718	0.07018	0.07625	0.00695	0.01702	0.00687	0.03478	0.04348	0.12195	0.01200	0.12235	0.08691	0.12096	0.10942	0.08906	0.01308	0.04894	0.00548	0.00295	0.00421
29	0.00535	0.00377	0.00484	0.00525	0.00584	0.00350	0.00367	0.02169	0.00864	0.03001	0.20715	0.56333	0.10110	0.01068	0.00479	0.00145	0.00219	0.00956	0.00378	0.00342
30	0.02223	0.11898	0.03408	0.01025	0.14309	0.03146	0.02560	0.18906	0.01933	0.10081	0.00972	0.06346	0.00857	0.10619	0.03081	0.00164	0.07272	0.00404	0.00278	0.00518
31	0.05810	0.11754	0.29876	0.01220	0.16444	0.00971	0.08365	0.05910	0.06528	0.03829	0.05064	0.01002	0.00753	0.00397	0.00366	0.00117	0.00471	0.00337	0.00228	0.00558
32	0.00970	0.18022	0.13189	0.00825	0.02121	0.00968	0.04284	0.01536	0.32888	0.07530	0.03835	0.02826	0.00954	0.00452	0.00359	0.00113	0.00378	0.00371	0.00297	0.08081
33	0.00490	0.00392	0.00437	0.00430	0.00544	0.00340	0.00321	0.00616	0.00952	0.01219	0.31123	0.05982	0.53939	0.00924	0.00459	0.00129	0.00193	0.00787	0.00383	0.00340
34	0.03962	0.06544	0.30534	0.01095	0.11039	0.04462	0.05675	0.01372	0.16393	0.05356	0.08872	0.01167	0.00967	0.00438	0.00377	0.00120	0.00451	0.00368	0.00257	0.00552
35	0.00904	0.23065	0.49012	0.01084	0.07097	0.04134	0.04453	0.01230	0.00835	0.02713	0.00674	0.00793	0.00515	0.00358	0.00342	0.00111	0.00525	0.00277	0.00176	0.01701
36	0.89114	0.00750	0.00570	0.00510	0.00750	0.00870	0.00420	0.01140	0.00660	0.01739	0.00540	0.00630	0.00420	0.00360	0.00240	0.00120	0.00300	0.00210	0.00240	0.00420
37	0.01698	0.00726	0.00941	0.00721	0.01023	0.00668	0.00596	0.14486	0.01221	0.71472	0.01436	0.01259	0.00913	0.00478	0.00390	0.00119	0.00345	0.00383	0.00465	0.00660
38	0.00554	0.00413	0.00612	0.00612	0.00678	0.00479	0.00471	0.00685	0.00620	0.00892	0.01048	0.01579	0.00993	0.07476	0.80303	0.00610	0.01002	0.00423	0.00209	0.00340
39	0.00536	0.00396	0.00501	0.00474	0.00571	0.00360	0.00356	0.00707	0.01067	0.01483	0.72535	0.03013	0.14920	0.00819	0.00457	0.00123	0.00185	0.00718	0.00417	0.00360
40	0.00945	0.49725	0.29362	0.00873	0.04260	0.01239	0.00930	0.01198	0.02089	0.02672	0.00706	0.00827	0.01763	0.00371	0.00306	0.00101	0.00462	0.01461	0.00181	0.00527
41	0.00536	0.00394	0.00501	0.00478	0.00572	0.00360	0.00357	0.00705	0.01062	0.01478	0.71815	0.05225	0.13420	0.00827	0.00458	0.00124	0.00186	0.00726	0.00417	0.00360
42	0.00846	0.25457	0.51144	0.00924	0.01378	0.01046	0.01102	0.01225	0.05585	0.01183	0.06067	0.00934	0.00737	0.00395	0.00342	0.00112	0.00488	0.00300	0.00195	0.00541
43	0.00549	0.00396	0.00518	0.00488	0.00579	0.00366	0.00366	0.00732	0.01097	0.01555	0.83752	0.02896	0.03658	0.00793	0.00457	0.00122	0.00183	0.00701	0.00427	0.00366
44	0.00813	0.00777	0.01175	0.62408	0.11426	0.04434	0.01020	0.02284	0.05830	0.01073	0.00752	0.01058	0.00586	0.02005	0.00439	0.00132	0.02780	0.00350	0.00193	0.00462
45	0.00512	0.00374	0.00528	0.00574	0.00617	0.00394	0.00413	0.00610	0.00683	0.00942	0.01610	0.45183	0.01804	0.04435	0.38957	0.00376	0.00600	0.00774	0.00287	0.00327
46	0.89114	0.00750	0.00570	0.00510	0.00750	0.00870	0.00420	0.01140	0.00660	0.01739	0.00540	0.00630	0.00420	0.00360	0.00240	0.00120	0.00300	0.00210	0.00240	0.00420
47	0.00546	0.00398	0.00561	0.00572	0.00621	0.00441	0.00418	0.00647	0.00626	0.00881	0.01213	0.12301	0.01258	0.19726	0.57393	0.00514	0.00802	0.00531	0.00232	0.00320
48	0.00462	0.00393	0.00398	0.00397	0.00526	0.00329	0.00298	0.00564	0.00893	0.01069	0.07389	0.03695	0.80325	0.00974	0.00458	0.00131	0.00196	0.00813	0.00363	0.00329
49	0.00907	0.00880	0.01538	0.20447	0.59987	0.00913	0.07355	0.01150	0.00862	0.01204	0.00725	0.00982	0.00591	0.00353	0.00390	0.00119	0.00488	0.00354	0.00188	0.00567
50	0.00471	0.00343	0.00444	0.00525	0.00559	0.00316	0.00353	0.00541	0.00756	0.00995	0.02313	0.78032	0.10541	0.01192	0.00491	0.00155	0.00222	0.01074	0.00360	0.00316
51	0.00474	0.00357	0.00438	0.00494	0.00553	0.00322	0.00342	0.00558	0.00807	0.01046	0.08401	0.56912	0.25653	0.01119	0.00482	0.00147	0.00214	0.00993	0.00365	0.00322
52	0.01063	0.00920	0.01145	0.04007	0.08603	0.02704	0.02725	0.22232	0.22396	0.02560	0.00951	0.01061	0.00748	0.00569	0.02206	0.00145	0.24746	0.00371	0.00292	0.00555
53	0.00912	0.04236	0.07286	0.01567	0.06640	0.02526	0.66073	0.01222	0.00901	0.01218	0.00799	0.03281	0.00632	0.00356	0.00439	0.00128	0.00618	0.00445	0.00197	0.00523
54	0.00963	0.00903	0.02571	0.06741	0.03135	0.05784	0.02040	0.01882	0.66532	0.01507	0.01446	0.01380	0.02369	0.00506	0.00393	0.00129	0.00357	0.00422	0.00355	0.00585
55	0.00553	0.00390	0.00502	0.00506	0.00538	0.00415	0.00340	0.00613	0.00605	0.00829	0.01274	0.05595	0.03941	0.47255	0.34509	0.00456	0.00625	0.00536	0.00233	0.00285
56	0.01039	0.83866	0.03317	0.00676	0.01009	0.02905	0.00677	0.01168	0.00793	0.00918	0.00542	0.00626	0.00497	0.00333	0.00252	0.00084	0.00422	0.00209	0.00166	0.00498
57	0.00471	0.00342	0.00445	0.00526	0.00559	0.00316	0.00354	0.00541	0.00755	0.00995	0.02299	0.78636	0.09946	0.01193	0.00491	0.00155	0.00222	0.01076	0.00360	0.00316
58	0.00723	0.00361	0.00361	0.00361	0.00452	0.00361	0.00271	0.00903	0.00813	0.01445	0.01265	0.01445	0.00994	0.00452	0.00271	0.00090	0.00181	0.00361	0.88528	0.00361
59	0.00862	0.12889	0.61449	0.01125	0.05714	0.01003	0.05009	0.05383	0.00874	0.01251	0.00693	0.00816	0.00511	0.00365	0.00359	0.00117	0.00543	0.00290	0.00178	0.00567
60	0.00752	0.01286	0.38553	0.01057	0.01432	0.00777	0.19418	0.01127	0.05807	0.01247	0.08023	0.11625	0.02352	0.00548	0.00422	0.00132	0.00485	0.04212	0.00242	0.00502
61	0.00558	0.00416	0.00502	0.00529	0.00606	0.00394	0.00376	0.07005	0.00905	0.01191	0.13221	0.50555	0.20196	0.01050	0.00474	0.00144	0.00229	0.00928	0.00371	0.00351
62	0.08586	0.03587	0.35389	0.04405	0.05198	0.00874	0.04461	0.05490	0.10210	0.04402	0.03209	0.01017	0.00722	0.00549	0.05246	0.00149	0.01303	0.00331	0.00236	0.04639
63	0.01054	0.18189	0.25646	0.01264	0.17901	0.21929	0.04390	0.03221	0.00923	0.01134	0.00657	0.00791	0.00527	0.00365	0.00348	0.00108	0.00551	0.00282	0.00185	0.00536
64	0.01022	0.01138	0.02679	0.00757	0.00917	0.40512	0.00585	0.01166	0.01076	0.03898	0.35500	0.01746	0.04668	0.00591	0.00417	0.00113	0.02024	0.00465	0.00308	0.00419

[dist]
# distance from previous block
# <min> <max>
2	6

[block]
# block no. 2 follows, 70 sequences, length 9
# corresponding to MSA columns:
# 239-247
name=unknown_C
#
# <colnr> <probs for GDERKNQSTAVLIFYWHMCP>
#	G	D	E	R	K	N	Q	S	T	A	V	L	I	F	Y	W	H	M	C	P
0	0.00971	0.01283	0.29385	0.04304	0.19154	0.00932	0.08813	0.11536	0.11134	0.04222	0.00877	0.00986	0.00653	0.00393	0.00384	0.00120	0.00485	0.00345	0.00243	0.03780
1	0.00723	0.00361	0.00361	0.00361	0.00452	0.00361	0.00271	0.00903	0.00813	0.01445	0.01265	0.01445	0.00994	0.00452	0.00271	0.00090	0.00181	0.00361	0.88528	0.00361
2	0.00804	0.00689	0.00804	0.00574	0.00919	0.00517	0.00459	0.00976	0.00804	0.01263	0.00689	0.00804	0.00574	0.00287	0.00287	0.00057	0.00287	0.00230	0.00230	0.88745
3	0.00475	0.00376	0.00428	0.00451	0.00543	0.00329	0.00324	0.00576	0.00871	0.01101	0.14558	0.28619	0.47927	0.01026	0.00469	0.00138	0.00203	0.00888	0.00369	0.00329
4	0.01000	0.05592	0.25551	0.01309	0.21260	0.03094	0.07136	0.10199	0.05130	0.06980	0.03646	0.02632	0.00762	0.00412	0.00380	0.00117	0.00471	0.00357	0.00246	0.03724
5	0.01067	0.00938	0.11034	0.03348	0.31573	0.00760	0.00891	0.05367	0.00952	0.17525	0.02793	0.01024	0.00728	0.00379	0.00364	0.00105	0.00403	0.00330	0.00268	0.20153
6	0.78820	0.06164	0.00680	0.00529	0.00778	0.00895	0.00443	0.01182	0.00692	0.06157	0.00593	0.00667	0.00454	0.00365	0.00249	0.00118	0.00309	0.00220	0.00248	0.00438
7	0.00932	0.10861	0.15913	0.05644	0.12876	0.03082	0.04304	0.06506	0.08176	0.05163	0.03783	0.02743	0.02337	0.00591	0.05625	0.00146	0.03612	0.00363	0.00245	0.07098
8	0.00637	0.00561	0.00902	0.03007	0.00953	0.02318	0.12650	0.00800	0.00704	0.00980	0.02964	0.05297	0.03997	0.02107	0.55636	0.00455	0.04969	0.00464	0.00220	0.00379

[dist]
# distance from previous block
# <min> <max>
0	1

[block]
# block no. 3 follows, 70 sequences, length 41
# corresponding to MSA columns:
# 249-276,279-291
name=unknown_D
#
# <colnr> <probs for GDERKNQSTAVLIFYWHMCP>
#	G	D	E	R	K	N	Q	S	T	A	V	L	I	F	Y	W	H	M	C	P
0	0.00926	0.10028	0.12778	0.01141	0.18480	0.08338	0.02609	0.05054	0.16523	0.01337	0.10748	0.01459	0.04523	0.00500	0.00386	0.00119	0.00418	0.03829	0.00275	0.00530
1	0.00471	0.00362	0.00428	0.00477	0.00543	0.00323	0.00331	0.00552	0.00803	0.01021	0.05075	0.48756	0.34798	0.03528	0.00521	0.00152	0.00217	0.00963	0.00358	0.00319
2	0.01030	0.03971	0.11101	0.01013	0.10901	0.09880	0.02415	0.15594	0.19571	0.03869	0.07718	0.05049	0.02075	0.03543	0.00446	0.00129	0.00419	0.00424	0.00306	0.00545
3	0.00956	0.00946	0.03950	0.05402	0.73044	0.00936	0.01167	0.03420	0.00892	0.01275	0.00724	0.00953	0.00604	0.00364	0.00417	0.00118	0.03695	0.00344	0.00195	0.00600
4	0.00906	0.03484	0.25149	0.01918	0.03898	0.02233	0.05663	0.09647	0.24471	0.03001	0.06729	0.04482	0.05683	0.00516	0.00396	0.00125	0.00416	0.00435	0.00297	0.00551
5	0.00575	0.00403	0.00520	0.00486	0.00586	0.00369	0.00366	0.00751	0.01082	0.03797	0.75663	0.02913	0.09430	0.00798	0.00455	0.00123	0.00188	0.00701	0.00423	0.00371
6	0.00949	0.08524	0.55820	0.06156	0.01591	0.00923	0.04288	0.04494	0.00893	0.11626	0.00800	0.00891	0.00562	0.00383	0.00367	0.00120	0.00524	0.00305	0.00214	0.00571
7	0.00463	0.00388	0.00403	0.00410	0.00529	0.00328	0.00303	0.00561	0.00878	0.01061	0.06784	0.11481	0.73090	0.00997	0.00462	0.00133	0.00199	0.00841	0.00363	0.00328
8	0.00804	0.00689	0.00804	0.00574	0.00919	0.00517	0.00459	0.00976	0.00804	0.01263	0.00689	0.00804	0.00574	0.00287	0.00287	0.00057	0.00287	0.00230	0.00230	0.88745
9	0.07017	0.05639	0.11980	0.01015	0.07162	0.15287	0.12256	0.03380	0.00957	0.15745	0.03341	0.01047	0.02995	0.00406	0.00364	0.00109	0.00472	0.00339	0.00263	0.10224
10	0.00843	0.01753	0.64017	0.01200	0.01725	0.00905	0.18380	0.01256	0.00850	0.04380	0.00746	0.00885	0.00529	0.00364	0.00388	0.00124	0.00581	0.00326	0.00182	0.00566
11	0.00617	0.00414	0.00527	0.00489	0.00600	0.00375	0.00370	0.00787	0.01070	0.07086	0.67617	0.02900	0.14085	0.00796	0.00453	0.00123	0.00195	0.00696	0.00422	0.00381
12	0.00804	0.00689	0.00804	0.00574	0.00919	0.00517	0.00459	0.00976	0.00804	0.01263	0.00689	0.00804	0.00574	0.00287	0.00287	0.00057	0.00287	0.00230	0.00230	0.88745
13	0.00923	0.00685	0.00816	0.00589	0.00928	0.00524	0.00473	0.01092	0.00843	0.11827	0.00796	0.00870	0.00623	0.00312	0.00300	0.00065	0.00293	0.00250	0.00262	0.77529
14	0.89114	0.00750	0.00570	0.00510	0.00750	0.00870	0.00420	0.01140	0.00660	0.01739	0.00540	0.00630	0.00420	0.00360	0.00240	0.00120	0.00300	0.00210	0.00240	0.00420
15	0.00884	0.00840	0.01424	0.18509	0.59940	0.00873	0.02542	0.01127	0.02024	0.01214	0.03076	0.04268	0.00760	0.00401	0.00392	0.00120	0.00456	0.00387	0.00204	0.00558
16	0.00554	0.00415	0.00623	0.00623	0.00692	0.00485	0.00485	0.00692	0.00623	0.00900	0.01038	0.01523	0.00969	0.02908	0.84839	0.00623	0.01038	0.00415	0.00208	0.00346
17	0.00892	0.00757	0.00774	0.00691	0.00867	0.06267	0.00536	0.15751	0.27127	0.01549	0.15798	0.08041	0.13928	0.01771	0.00457	0.00131	0.01993	0.01803	0.00371	0.00492
18	0.00582	0.00403	0.00518	0.00485	0.00579	0.00371	0.00360	0.00748	0.01054	0.04026	0.72073	0.02867	0.07445	0.06135	0.00550	0.00138	0.00200	0.00689	0.00413	0.00365
19	0.00790	0.00667	0.00763	0.00705	0.02433	0.08194	0.05128	0.09206	0.05892	0.03574	0.17898	0.17382	0.09506	0.09229	0.06683	0.00188	0.00388	0.00630	0.00331	0.00413
20	0.01597	0.00629	0.00856	0.00671	0.00945	0.00547	0.00551	0.01751	0.01103	0.74238	0.09511	0.01545	0.01251	0.00524	0.00400	0.00122	0.00316	0.02345	0.00472	0.00624
21	0.00766	0.00734	0.01270	0.71950	0.11122	0.00874	0.05774	0.01026	0.00794	0.01034	0.00699	0.01027	0.00531	0.00380	0.00391	0.00128	0.00519	0.00351	0.00176	0.00455
22	0.01739	0.00660	0.00900	0.00690	0.00990	0.00570	0.00570	0.01889	0.01110	0.84226	0.01529	0.01320	0.00960	0.00480	0.00390	0.00120	0.00330	0.00390	0.00480	0.00660
23	0.00556	0.00405	0.00571	0.00571	0.00622	0.00456	0.00419	0.00659	0.00608	0.00861	0.01086	0.01789	0.01085	0.24805	0.63100	0.00558	0.00865	0.00454	0.00215	0.00317
24	0.01065	0.01007	0.00945	0.00872	0.03402	0.14132	0.00657	0.05914	0.64027	0.01546	0.01368	0.01290	0.01034	0.00498	0.00387	0.00125	0.00379	0.00402	0.00358	0.00590
25	0.10844	0.07966	0.15665	0.01086	0.20119	0.01802	0.00809	0.01173	0.00915	0.12689	0.19628	0.01369	0.01306	0.00531	0.02379	0.00128	0.00394	0.00396	0.00283	0.00517
26	0.01058	0.61006	0.14331	0.00778	0.02041	0.05604	0.00789	0.02514	0.00839	0.05445	0.00626	0.00706	0.00525	0.00357	0.00302	0.00094	0.02040	0.00237	0.00188	0.00518
27	0.08422	0.65767	0.07372	0.00690	0.01012	0.04889	0.00687	0.01157	0.00794	0.01018	0.02373	0.00714	0.00573	0.00423	0.02666	0.00106	0.00440	0.00231	0.00180	0.00487
28	0.00891	0.23444	0.31534	0.01061	0.06757	0.04568	0.11210	0.01227	0.05877	0.01180	0.06177	0.01038	0.02598	0.00404	0.00358	0.00113	0.00490	0.00338	0.00207	0.00528
29	0.00629	0.00725	0.13722	0.00841	0.06518	0.00541	0.07474	0.00793	0.00745	0.01036	0.01390	0.32644	0.01514	0.14099	0.09687	0.00227	0.00447	0.02971	0.00264	0.03732
30	0.00463	0.00385	0.00404	0.00416	0.00531	0.00327	0.00306	0.00559	0.00870	0.01054	0.06007	0.15297	0.70032	0.01009	0.00463	0.00134	0.00200	0.00855	0.00362	0.00327
31	0.07029	0.00810	0.00863	0.00757	0.00987	0.00912	0.00595	0.06025	0.62625	0.10367	0.03734	0.01392	0.01150	0.00514	0.00385	0.00128	0.00311	0.00420	0.00394	0.00601
32	0.00723	0.00361	0.00361	0.00361	0.00452	0.00361	0.00271	0.00903	0.00813	0.01445	0.01265	0.01445	0.00994	0.00452	0.00271	0.00090	0.00181	0.00361	0.88528	0.00361
33	0.00480	0.00355	0.00449	0.00507	0.00558	0.00324	0.00349	0.00568	0.00813	0.01073	0.13073	0.60785	0.17010	0.01119	0.00483	0.00148	0.00214	0.01000	0.00369	0.00324
34	0.02401	0.00873	0.00994	0.00893	0.04557	0.00981	0.03758	0.18554	0.54735	0.01734	0.01388	0.05229	0.01081	0.00528	0.00397	0.00129	0.00347	0.00444	0.00373	0.00603
35	0.57829	0.00723	0.00687	0.00577	0.00836	0.00775	0.00475	0.01413	0.03352	0.28706	0.00895	0.00880	0.00620	0.00404	0.00294	0.00120	0.00310	0.00276	0.00323	0.00504
36	0.01008	0.15870	0.24288	0.00926	0.03510	0.07025	0.01825	0.13089	0.20737	0.01430	0.03284	0.01839	0.00833	0.00450	0.00364	0.00117	0.00449	0.02126	0.00269	0.00561
37	0.00533	0.00405	0.00491	0.00474	0.00576	0.00371	0.00355	0.00710	0.03276	0.01374	0.53384	0.06612	0.25749	0.02141	0.00481	0.00131	0.00197	0.01982	0.00401	0.00358
38	0.00719	0.03895	0.19319	0.00703	0.00933	0.02134	0.00667	0.03298	0.13740	0.02438	0.15270	0.12500	0.12315	0.03585	0.06590	0.00172	0.00390	0.00569	0.00310	0.00452
39	0.00553	0.00374	0.00423	0.00429	0.00437	0.00370	0.00246	0.00562	0.00589	0.00780	0.01398	0.08247	0.04959	0.77010	0.01809	0.00351	0.00358	0.00611	0.00249	0.00244
40	0.08572	0.05033	0.03407	0.00692	0.01021	0.00692	0.05898	0.06258	0.02467	0.08833	0.00813	0.02640	0.00649	0.00353	0.00317	0.00084	0.00339	0.00288	0.00262	0.51385

[dist]
# distance from previous block
# <min> <max>
0	40

# created by:
# /st0/software/busco_prod/Augustus/scripts/msa2prfl.pl ./align_prep/33709.fa
