[name]
unknown

[dist]
# distance from previous block
# <min> <max>
3	84

[block]
# block no. 0 follows, 66 sequences, length 45
# corresponding to MSA columns:
# 124-168
name=unknown_A
#
# <colnr> <probs for GDERKNQSTAVLIFYWHMCP>
#	G	D	E	R	K	N	Q	S	T	A	V	L	I	F	Y	W	H	M	C	P
0	0.01000	0.00891	0.01385	0.37466	0.33914	0.00990	0.01109	0.15750	0.01054	0.01425	0.00783	0.01032	0.00608	0.00403	0.00404	0.00127	0.00501	0.00362	0.00229	0.00569
1	0.00495	0.00357	0.00469	0.00556	0.00587	0.00331	0.00373	0.00569	0.00790	0.01049	0.03698	0.80063	0.06659	0.01252	0.00515	0.00163	0.00233	0.01132	0.00378	0.00331
2	0.00841	0.00721	0.00841	0.00601	0.00961	0.00541	0.00481	0.01022	0.00841	0.01322	0.00721	0.00841	0.00601	0.00300	0.00300	0.00060	0.00300	0.00240	0.00240	0.88222
3	0.08478	0.01096	0.01156	0.00896	0.01210	0.01216	0.00738	0.74145	0.01793	0.02474	0.00961	0.02272	0.00701	0.00490	0.00395	0.00123	0.00433	0.00366	0.00393	0.00664
4	0.00785	0.00729	0.01179	0.70214	0.05277	0.00853	0.01041	0.01042	0.00819	0.01086	0.00723	0.01045	0.00553	0.00389	0.00391	0.00124	0.00505	0.00344	0.00189	0.12711
5	0.05362	0.01757	0.01189	0.01208	0.11784	0.69670	0.00828	0.01553	0.01100	0.01073	0.00642	0.00763	0.00534	0.00409	0.00365	0.00108	0.00681	0.00272	0.00210	0.00491
6	0.00705	0.00352	0.00529	0.00529	0.00529	0.00352	0.00352	0.00529	0.00529	0.00705	0.00705	0.01233	0.00705	0.01409	0.01586	0.88196	0.00352	0.00352	0.00176	0.00176
7	0.00667	0.00472	0.00603	0.00659	0.00755	0.00473	0.00538	0.03752	0.04575	0.01269	0.02152	0.20841	0.07694	0.01031	0.00506	0.00165	0.00315	0.43825	0.09322	0.00386
8	0.00716	0.00458	0.00510	0.00473	0.00636	0.00388	0.00363	0.00831	0.00970	0.15424	0.06586	0.05751	0.63537	0.00936	0.00468	0.00135	0.00230	0.00782	0.00401	0.00404
9	0.00590	0.00394	0.00445	0.00445	0.00447	0.00393	0.00250	0.00595	0.00606	0.00811	0.03688	0.02666	0.01544	0.83238	0.02018	0.00385	0.00387	0.00594	0.00252	0.00250
10	0.09437	0.00401	0.00532	0.00528	0.00556	0.00415	0.00359	0.00606	0.00558	0.00836	0.00775	0.03047	0.00783	0.07187	0.04275	0.68543	0.00374	0.00375	0.00194	0.00217
11	0.05894	0.00862	0.00928	0.00787	0.01031	0.00950	0.00625	0.26103	0.34793	0.09617	0.01465	0.07688	0.02809	0.00579	0.00406	0.00131	0.00347	0.00470	0.03906	0.00610
12	0.00606	0.00431	0.00551	0.00530	0.00628	0.00403	0.00394	0.01839	0.02894	0.03232	0.62993	0.14928	0.07259	0.00885	0.00480	0.00134	0.00208	0.00783	0.00433	0.00389
13	0.00624	0.00435	0.00549	0.00567	0.00644	0.00422	0.00406	0.03524	0.04771	0.03116	0.29030	0.43087	0.02797	0.03136	0.00524	0.00152	0.00238	0.01900	0.03695	0.00382
14	0.25728	0.00856	0.00882	0.00735	0.01003	0.00938	0.00595	0.19477	0.23971	0.16818	0.02247	0.01207	0.02855	0.00494	0.00368	0.00128	0.00347	0.00375	0.00382	0.00595
15	0.16696	0.00701	0.00782	0.00670	0.00885	0.00728	0.00529	0.11236	0.13244	0.22233	0.14630	0.07482	0.01521	0.05171	0.00491	0.00145	0.00319	0.01603	0.00399	0.00535
16	0.26068	0.00692	0.00713	0.00624	0.00832	0.00730	0.00492	0.15045	0.05152	0.11567	0.08749	0.12853	0.12289	0.01940	0.00418	0.00136	0.00306	0.00540	0.00367	0.00488
17	0.26786	0.00563	0.00562	0.00528	0.00691	0.00578	0.00407	0.03290	0.03825	0.04181	0.20969	0.11578	0.23078	0.00765	0.00409	0.00134	0.00253	0.00629	0.00362	0.00411
18	0.49791	0.00921	0.00861	0.00702	0.00986	0.01035	0.00579	0.33485	0.01199	0.05880	0.00776	0.00818	0.00566	0.00427	0.00320	0.00124	0.00368	0.00287	0.00325	0.00551
19	0.75085	0.00801	0.00665	0.00577	0.00835	0.00910	0.00475	0.07645	0.00817	0.06890	0.00685	0.01945	0.00526	0.00406	0.00277	0.00126	0.00325	0.00256	0.00281	0.00473
20	0.00570	0.00436	0.00510	0.00495	0.00614	0.00404	0.00372	0.00741	0.04020	0.02973	0.27014	0.05405	0.41430	0.02938	0.10062	0.00199	0.00314	0.00750	0.00381	0.00373
21	0.02219	0.00525	0.00684	0.00594	0.00767	0.00475	0.00455	0.01218	0.01018	0.35246	0.23126	0.10855	0.07574	0.09879	0.03343	0.00177	0.00313	0.00619	0.00426	0.00487
22	0.00580	0.00434	0.00647	0.00647	0.00718	0.00504	0.00501	0.00721	0.00651	0.00938	0.01091	0.01620	0.01026	0.05078	0.82115	0.00646	0.01070	0.00439	0.00218	0.00359
23	0.01101	0.82826	0.02089	0.00707	0.01049	0.04707	0.00698	0.01230	0.00837	0.00956	0.00566	0.00654	0.00521	0.00350	0.00264	0.00087	0.00445	0.00219	0.00175	0.00519
24	0.00970	0.00938	0.01634	0.07539	0.69452	0.00947	0.06772	0.01216	0.00909	0.01291	0.00777	0.01037	0.00648	0.00464	0.03555	0.00143	0.00522	0.00372	0.00200	0.00613
25	0.00740	0.02793	0.00986	0.11125	0.01163	0.04437	0.07340	0.02862	0.00749	0.01023	0.00928	0.01345	0.00834	0.02016	0.50263	0.02351	0.08020	0.00406	0.00211	0.00408
26	0.00907	0.01367	0.28989	0.06760	0.08279	0.00960	0.40311	0.01269	0.00916	0.02883	0.00877	0.01084	0.02657	0.00382	0.00436	0.00132	0.00613	0.00411	0.00202	0.00563
27	0.00919	0.01035	0.02222	0.01601	0.01986	0.00968	0.74503	0.01241	0.00955	0.01284	0.01074	0.01358	0.06346	0.00405	0.00480	0.00138	0.00645	0.02091	0.00220	0.00530
28	0.01026	0.00968	0.01514	0.17678	0.54971	0.03676	0.02412	0.09095	0.01002	0.01375	0.00769	0.01007	0.00622	0.00389	0.00417	0.00124	0.01778	0.00360	0.00217	0.00601
29	0.00977	0.01044	0.05900	0.08576	0.28872	0.00989	0.35241	0.04775	0.00966	0.02465	0.02576	0.01085	0.00689	0.00388	0.00470	0.00131	0.03647	0.00417	0.00217	0.00574
30	0.00532	0.00423	0.00456	0.00458	0.00585	0.00368	0.00342	0.00667	0.02859	0.02791	0.11269	0.11731	0.62595	0.01013	0.00482	0.00140	0.00216	0.02328	0.00387	0.00360
31	0.00754	0.00683	0.01073	0.64982	0.02307	0.00824	0.00964	0.02224	0.05629	0.01124	0.02604	0.04555	0.07544	0.00508	0.00415	0.00135	0.00473	0.00444	0.02307	0.00449
32	0.01111	0.08566	0.12421	0.01402	0.25526	0.05236	0.05952	0.12944	0.05735	0.08255	0.01014	0.08212	0.00852	0.00483	0.00402	0.00124	0.00472	0.00420	0.00277	0.00596
33	0.00938	0.01024	0.09039	0.06915	0.46568	0.03778	0.01103	0.03053	0.00883	0.01244	0.00850	0.07849	0.00777	0.00533	0.01745	0.00141	0.12367	0.00417	0.00213	0.00565
34	0.00665	0.00435	0.00676	0.00647	0.00712	0.00471	0.03411	0.00704	0.00634	0.02830	0.00972	0.02734	0.00916	0.02282	0.48764	0.31422	0.00783	0.00418	0.00212	0.00311
35	0.00763	0.00546	0.00671	0.02668	0.01898	0.00562	0.00566	0.04636	0.11885	0.03223	0.05093	0.03216	0.12370	0.00859	0.00471	0.00152	0.00319	0.36546	0.13123	0.00433
36	0.04830	0.20252	0.14096	0.01151	0.15148	0.11166	0.01686	0.09808	0.05108	0.11779	0.00861	0.00926	0.00653	0.00410	0.00360	0.00114	0.00486	0.00314	0.00263	0.00589
37	0.00899	0.00875	0.10969	0.05818	0.13187	0.00765	0.06950	0.07832	0.02415	0.07686	0.02471	0.15738	0.03181	0.00865	0.07269	0.00184	0.04893	0.07202	0.00293	0.00508
38	0.00683	0.00456	0.00579	0.00534	0.00648	0.00427	0.00401	0.02134	0.03425	0.07226	0.64986	0.04479	0.06678	0.04888	0.00548	0.00142	0.00221	0.00704	0.00435	0.00407
39	0.01056	0.04393	0.24930	0.06136	0.30606	0.01009	0.07000	0.13416	0.01057	0.05346	0.00819	0.00973	0.00618	0.00394	0.00399	0.00124	0.00520	0.00350	0.00236	0.00618
40	0.03093	0.09262	0.04524	0.06771	0.08324	0.04534	0.05528	0.03135	0.00868	0.03093	0.02301	0.02882	0.03026	0.00456	0.00508	0.00111	0.13725	0.00345	0.00231	0.27282
41	0.05299	0.02490	0.04548	0.07264	0.02665	0.02642	0.05401	0.00784	0.00779	0.01078	0.01640	0.41679	0.04506	0.09342	0.07799	0.00216	0.00416	0.00776	0.00296	0.00380
42	0.28918	0.00899	0.00926	0.00756	0.01033	0.00981	0.00624	0.36762	0.02909	0.13566	0.01048	0.02793	0.00813	0.00512	0.00370	0.00129	0.00379	0.05631	0.00368	0.00582
43	0.01035	0.07489	0.22223	0.02637	0.06737	0.07695	0.19380	0.04073	0.02868	0.08034	0.00907	0.05087	0.00730	0.00460	0.00474	0.00129	0.06709	0.00399	0.02382	0.00553
44	0.04779	0.05438	0.34755	0.02296	0.07823	0.00911	0.08676	0.07239	0.03050	0.11949	0.07108	0.01176	0.02105	0.00447	0.00398	0.00126	0.00490	0.00378	0.00270	0.00584

[dist]
# distance from previous block
# <min> <max>
1	19

[block]
# block no. 1 follows, 66 sequences, length 78
# corresponding to MSA columns:
# 188-265
name=unknown_B
#
# <colnr> <probs for GDERKNQSTAVLIFYWHMCP>
#	G	D	E	R	K	N	Q	S	T	A	V	L	I	F	Y	W	H	M	C	P
0	0.00606	0.00426	0.00586	0.00604	0.00680	0.00428	0.01709	0.00728	0.00801	0.03517	0.07870	0.25468	0.08372	0.08730	0.24454	0.00317	0.00513	0.11122	0.02711	0.00358
1	0.07174	0.18924	0.07878	0.03814	0.02515	0.00950	0.02423	0.06932	0.08124	0.07725	0.00848	0.00916	0.00658	0.00379	0.00330	0.00097	0.00389	0.00291	0.00265	0.29368
2	0.00951	0.00797	0.00823	0.00716	0.00912	0.08094	0.01763	0.09975	0.24781	0.04342	0.17736	0.03688	0.09281	0.04312	0.00532	0.03072	0.00341	0.00523	0.00369	0.06993
3	0.05186	0.25047	0.05947	0.03422	0.02234	0.36358	0.01684	0.02166	0.00955	0.01060	0.02557	0.00855	0.00632	0.00582	0.04509	0.04364	0.01483	0.00282	0.00204	0.00473
4	0.00762	0.00939	0.16406	0.23166	0.12053	0.02525	0.03736	0.01033	0.02797	0.01196	0.07548	0.14942	0.01330	0.03148	0.00488	0.00147	0.00455	0.06597	0.00257	0.00475
5	0.00732	0.00646	0.00971	0.11322	0.25468	0.00656	0.01988	0.01817	0.05566	0.01228	0.06237	0.21397	0.16745	0.00759	0.00454	0.00139	0.00355	0.02748	0.00304	0.00469
6	0.00897	0.00721	0.00842	0.00630	0.00955	0.00585	0.00499	0.06939	0.02264	0.03989	0.00912	0.08118	0.00809	0.00408	0.00332	0.00077	0.00307	0.00336	0.00275	0.70105
7	0.00766	0.00721	0.01217	0.84767	0.02794	0.00901	0.01127	0.01037	0.00811	0.01037	0.00721	0.01082	0.00541	0.00406	0.00406	0.00135	0.00541	0.00361	0.00180	0.00451
8	0.00985	0.00942	0.01597	0.09085	0.74972	0.00960	0.01223	0.01248	0.02660	0.01310	0.00779	0.01021	0.00647	0.00369	0.00402	0.00122	0.00483	0.00363	0.00204	0.00627
9	0.00502	0.00390	0.00458	0.00492	0.00578	0.00346	0.00353	0.00607	0.00899	0.01150	0.14587	0.35913	0.38493	0.01097	0.00496	0.00148	0.00219	0.02543	0.00387	0.00344
10	0.01013	0.00866	0.01031	0.09005	0.10024	0.00982	0.00754	0.10203	0.52603	0.01648	0.01456	0.04012	0.02243	0.00547	0.00417	0.00135	0.00369	0.01715	0.00365	0.00611
11	0.00542	0.00413	0.00498	0.00477	0.00587	0.00369	0.00358	0.00704	0.01073	0.01448	0.56468	0.03324	0.30468	0.00896	0.00479	0.00131	0.00196	0.00775	0.00423	0.00369
12	0.00576	0.00406	0.00504	0.00506	0.00541	0.00420	0.00334	0.00633	0.00654	0.00886	0.03861	0.04811	0.07318	0.50847	0.25565	0.00435	0.00570	0.00585	0.00257	0.00293
13	0.00513	0.00412	0.00458	0.00446	0.00569	0.00357	0.00335	0.00648	0.01004	0.01285	0.32226	0.03593	0.54812	0.00957	0.00479	0.00134	0.00200	0.00813	0.00402	0.00357
14	0.01754	0.00691	0.00931	0.00718	0.01022	0.00606	0.00592	0.04284	0.01183	0.77277	0.05380	0.01446	0.01127	0.00517	0.00411	0.00126	0.00341	0.00422	0.00497	0.00676
15	0.00841	0.00721	0.00841	0.00601	0.00961	0.00541	0.00481	0.01022	0.00841	0.01322	0.00721	0.00841	0.00601	0.00300	0.00300	0.00060	0.00300	0.00240	0.00240	0.88222
16	0.00842	0.00689	0.00813	0.00602	0.00932	0.00524	0.00475	0.01012	0.00846	0.03862	0.00878	0.08097	0.00792	0.00390	0.00322	0.00071	0.00296	0.00324	0.00260	0.77973
17	0.00841	0.00721	0.00841	0.00601	0.00961	0.00541	0.00481	0.01022	0.00841	0.01322	0.00721	0.00841	0.00601	0.00300	0.00300	0.00060	0.00300	0.00240	0.00240	0.88222
18	0.02966	0.17533	0.01348	0.00932	0.01207	0.38936	0.00757	0.28772	0.01337	0.01531	0.00732	0.00797	0.00578	0.00427	0.00357	0.00107	0.00571	0.00287	0.00270	0.00554
19	0.01107	0.82762	0.02085	0.00702	0.01045	0.03232	0.00694	0.01237	0.00837	0.02454	0.00584	0.00666	0.00529	0.00351	0.00265	0.00088	0.00438	0.00221	0.00180	0.00523
20	0.00582	0.00423	0.00594	0.00593	0.00647	0.00474	0.00435	0.00691	0.00650	0.00922	0.03560	0.01914	0.01218	0.24605	0.60196	0.00569	0.00879	0.00484	0.00232	0.00332
21	0.00494	0.00353	0.00471	0.00565	0.00588	0.00330	0.00377	0.00565	0.00777	0.01036	0.02236	0.85477	0.02683	0.01271	0.00518	0.00165	0.00235	0.01153	0.00377	0.00330
22	0.01006	0.58058	0.23865	0.00853	0.01265	0.01390	0.03350	0.01269	0.03679	0.01079	0.00653	0.00749	0.00547	0.00364	0.00306	0.00101	0.00482	0.00255	0.00182	0.00547
23	0.01031	0.04071	0.31133	0.00971	0.01347	0.06970	0.02045	0.12738	0.28640	0.01584	0.04609	0.01177	0.00928	0.00475	0.00397	0.00128	0.00472	0.00378	0.00301	0.00605
24	0.05546	0.01090	0.01155	0.00903	0.01213	0.01214	0.00741	0.69205	0.10837	0.02427	0.01031	0.01020	0.00739	0.00489	0.00399	0.00124	0.00426	0.00369	0.00399	0.00673
25	0.00556	0.00397	0.00543	0.00635	0.00686	0.00384	0.00483	0.00671	0.00834	0.01101	0.02184	0.53641	0.02525	0.01243	0.01889	0.00181	0.00301	0.31026	0.00373	0.00347
26	0.01920	0.00893	0.01437	0.12754	0.53420	0.00926	0.02692	0.06038	0.04974	0.03737	0.02728	0.02964	0.00815	0.01404	0.00428	0.00129	0.00464	0.01436	0.00242	0.00597
27	0.00576	0.00450	0.00569	0.00558	0.00645	0.00454	0.00418	0.00745	0.03647	0.01279	0.33697	0.15715	0.19812	0.03049	0.11337	0.00212	0.05343	0.00752	0.00370	0.00373
28	0.00648	0.00371	0.00488	0.00489	0.00490	0.00371	0.00304	0.00558	0.00562	0.00749	0.00999	0.03501	0.01099	0.40429	0.01787	0.45886	0.00369	0.00478	0.00212	0.00211
29	0.00802	0.00749	0.01251	0.76438	0.09126	0.00914	0.01128	0.02804	0.00844	0.01092	0.00730	0.01073	0.00552	0.00404	0.00405	0.00134	0.00534	0.00361	0.00187	0.00471
30	0.00846	0.00803	0.01357	0.56642	0.28939	0.00927	0.01161	0.01103	0.00845	0.01130	0.00732	0.01053	0.00574	0.00396	0.00419	0.00131	0.01880	0.00361	0.00187	0.00513
31	0.00596	0.00426	0.00594	0.00592	0.00641	0.00479	0.00432	0.00687	0.00633	0.00900	0.01117	0.01851	0.01117	0.25147	0.55590	0.04454	0.02162	0.00471	0.01786	0.00324
32	0.00536	0.00413	0.00490	0.00479	0.00589	0.00367	0.00361	0.00688	0.01041	0.01383	0.46323	0.05915	0.35724	0.00931	0.00483	0.00134	0.00204	0.03161	0.00414	0.00365
33	0.01004	0.00964	0.01647	0.02490	0.83211	0.00964	0.01245	0.01245	0.00924	0.01325	0.00763	0.01004	0.00643	0.00361	0.00402	0.00120	0.00482	0.00361	0.00201	0.00643
34	0.00854	0.00735	0.00880	0.01804	0.01012	0.00566	0.01916	0.02366	0.00861	0.01338	0.00727	0.00851	0.00602	0.00306	0.00307	0.00064	0.00313	0.00248	0.00242	0.84010
35	0.00530	0.00407	0.00485	0.00478	0.00582	0.00362	0.00354	0.00676	0.01026	0.01365	0.44798	0.11506	0.34066	0.00949	0.00483	0.00135	0.00201	0.00822	0.00413	0.00362
36	0.00494	0.00361	0.00463	0.00543	0.00581	0.00332	0.00366	0.00568	0.00793	0.01039	0.02461	0.73529	0.13005	0.02718	0.00540	0.00165	0.00234	0.01105	0.00374	0.00330
37	0.01062	0.01188	0.00914	0.00848	0.00970	0.40836	0.00637	0.01156	0.00878	0.00944	0.00829	0.01234	0.00782	0.11392	0.24439	0.02895	0.08021	0.00360	0.00212	0.00402
38	0.01432	0.00855	0.03588	0.00803	0.01070	0.02204	0.00672	0.27771	0.01279	0.34946	0.01213	0.01237	0.00858	0.00938	0.14133	0.02698	0.02913	0.00389	0.00391	0.00609
39	0.21292	0.00880	0.00968	0.00759	0.01063	0.00916	0.00627	0.31879	0.01336	0.34594	0.01131	0.01065	0.00759	0.00468	0.00372	0.00124	0.00376	0.00349	0.00409	0.00634
40	0.59601	0.00751	0.00692	0.00588	0.00845	0.00817	0.00482	0.04518	0.00871	0.20142	0.05121	0.00972	0.00763	0.00434	0.00305	0.00125	0.00318	0.00297	0.01859	0.00502
41	0.00517	0.00388	0.00482	0.00513	0.00587	0.00353	0.00365	0.00635	0.00924	0.01230	0.27507	0.38298	0.22578	0.01117	0.02434	0.00158	0.00234	0.00935	0.00394	0.00350
42	0.01078	0.84042	0.04015	0.00705	0.01058	0.01590	0.00713	0.01216	0.00825	0.00962	0.00568	0.00656	0.00520	0.00348	0.00263	0.00088	0.00438	0.00219	0.00173	0.00522
43	0.00584	0.00418	0.00566	0.00566	0.00609	0.00461	0.00400	0.00669	0.00627	0.00878	0.01165	0.02028	0.01203	0.36865	0.50570	0.00546	0.00803	0.00498	0.00229	0.00315
44	0.00886	0.14629	0.61317	0.01089	0.01611	0.04471	0.05150	0.01284	0.01826	0.01225	0.00787	0.00905	0.02295	0.00395	0.00373	0.00122	0.00572	0.00308	0.00182	0.00575
45	0.00521	0.00399	0.00478	0.00487	0.00581	0.00356	0.00354	0.00652	0.00981	0.01296	0.35461	0.22388	0.32572	0.01004	0.00488	0.00140	0.00207	0.00875	0.00405	0.00356
46	0.00590	0.00441	0.00569	0.00585	0.03862	0.00433	0.01656	0.00684	0.00790	0.01068	0.19178	0.02680	0.14547	0.37172	0.13733	0.00320	0.00433	0.00628	0.00303	0.00328
47	0.01040	0.02323	0.12863	0.00886	0.01174	0.00990	0.02718	0.18679	0.41799	0.01741	0.03152	0.08497	0.01173	0.00573	0.00417	0.00134	0.00388	0.00478	0.00366	0.00610
48	0.12270	0.01796	0.64502	0.01039	0.01558	0.00927	0.01276	0.02787	0.03586	0.03870	0.00796	0.00942	0.00581	0.00409	0.00373	0.00129	0.00538	0.01832	0.00208	0.00580
49	0.03820	0.21619	0.27693	0.00958	0.01336	0.20474	0.00973	0.10327	0.05465	0.01314	0.00735	0.00822	0.00575	0.00409	0.00367	0.00114	0.01936	0.00286	0.00222	0.00556
50	0.00861	0.00891	0.05949	0.56981	0.13894	0.02197	0.05250	0.04215	0.03607	0.01184	0.00772	0.01064	0.00586	0.00403	0.00407	0.00132	0.00535	0.00365	0.00201	0.00507
51	0.00946	0.01074	0.02339	0.01674	0.02076	0.01007	0.79330	0.01284	0.00963	0.01309	0.03252	0.01152	0.00711	0.00356	0.00479	0.00137	0.00669	0.00486	0.00212	0.00542
52	0.88607	0.00785	0.00596	0.00534	0.00785	0.00910	0.00439	0.01193	0.00690	0.01820	0.00565	0.00659	0.00439	0.00377	0.00251	0.00126	0.00314	0.00220	0.00251	0.00439
53	0.00869	0.33697	0.08240	0.00827	0.07965	0.00964	0.00686	0.01057	0.01949	0.03934	0.16921	0.11862	0.04553	0.00610	0.00380	0.00116	0.00364	0.02552	0.00281	0.02171
54	0.00480	0.00409	0.00413	0.00416	0.00549	0.00342	0.00311	0.00582	0.00920	0.01094	0.04048	0.06624	0.80367	0.01036	0.00481	0.00138	0.00206	0.00866	0.00377	0.00342
55	0.00766	0.00721	0.01217	0.84767	0.02794	0.00901	0.01127	0.01037	0.00811	0.01037	0.00721	0.01082	0.00541	0.00406	0.00406	0.00135	0.00541	0.00361	0.00180	0.00451
56	0.01162	0.00922	0.08025	0.00826	0.01074	0.01941	0.01917	0.23191	0.14166	0.15030	0.04397	0.04249	0.01105	0.07874	0.06949	0.00194	0.04416	0.01634	0.00359	0.00568
57	0.03612	0.01293	0.26759	0.02830	0.11027	0.02954	0.10531	0.09364	0.09741	0.06791	0.00960	0.03326	0.00744	0.00551	0.03512	0.00151	0.04622	0.00387	0.00260	0.00584
58	0.00561	0.00414	0.00525	0.00497	0.00598	0.00377	0.00373	0.00741	0.01118	0.01556	0.72403	0.03148	0.14466	0.00856	0.00479	0.00129	0.00193	0.00750	0.00437	0.00377
59	0.01811	0.00705	0.00951	0.00729	0.01043	0.00618	0.00602	0.04641	0.01186	0.80793	0.01580	0.01367	0.00994	0.00502	0.00408	0.00125	0.00349	0.00407	0.00499	0.00690
60	0.01096	0.09455	0.33582	0.03968	0.04185	0.16098	0.13244	0.06648	0.01008	0.05859	0.00774	0.00900	0.00575	0.00394	0.00388	0.00121	0.00591	0.00326	0.00218	0.00568
61	0.00866	0.07697	0.23865	0.38232	0.12830	0.00995	0.03865	0.03533	0.00874	0.01188	0.00724	0.00971	0.00552	0.00395	0.00405	0.00128	0.01822	0.00337	0.00187	0.00532
62	0.00495	0.00406	0.00437	0.00450	0.00568	0.00348	0.00335	0.00603	0.00923	0.01133	0.09739	0.14220	0.63929	0.01047	0.00487	0.00142	0.00214	0.03796	0.00382	0.00345
63	0.00766	0.00721	0.01217	0.84767	0.02794	0.00901	0.01127	0.01037	0.00811	0.01037	0.00721	0.01082	0.00541	0.00406	0.00406	0.00135	0.00541	0.00361	0.00180	0.00451
64	0.03669	0.15265	0.27521	0.02592	0.07336	0.10164	0.15981	0.03839	0.02068	0.06720	0.00783	0.00909	0.00590	0.00386	0.00380	0.00120	0.00560	0.00330	0.00219	0.00568
65	0.00517	0.00422	0.02936	0.00576	0.00636	0.00366	0.00420	0.00618	0.00814	0.01087	0.07533	0.63435	0.09442	0.01290	0.05199	0.00187	0.00293	0.03517	0.00366	0.00345
66	0.00780	0.00735	0.01241	0.80153	0.07304	0.00905	0.01133	0.01048	0.00818	0.01053	0.00723	0.01077	0.00547	0.00403	0.00405	0.00134	0.00538	0.00361	0.00181	0.00461
67	0.00841	0.00828	0.03739	0.39255	0.30690	0.00872	0.03377	0.02374	0.01937	0.01189	0.01024	0.06062	0.05133	0.00474	0.00416	0.00132	0.00486	0.00436	0.00216	0.00519
68	0.01056	0.09229	0.29686	0.04018	0.13845	0.05786	0.11942	0.07326	0.03413	0.07502	0.00855	0.02048	0.00648	0.00408	0.00394	0.00123	0.00540	0.00354	0.00235	0.00591
69	0.00771	0.00629	0.02856	0.06904	0.08368	0.02050	0.05893	0.00969	0.04000	0.08800	0.04414	0.24204	0.18624	0.00909	0.02922	0.00159	0.00367	0.06379	0.00338	0.00443
70	0.01669	0.00565	0.00696	0.03815	0.04896	0.02840	0.01728	0.06760	0.02456	0.07560	0.06846	0.37480	0.19217	0.00941	0.00471	0.00144	0.00297	0.00826	0.00368	0.00423
71	0.13200	0.08844	0.30277	0.01016	0.06955	0.03370	0.05240	0.04627	0.00940	0.10999	0.06206	0.01086	0.00827	0.02679	0.00414	0.00129	0.00472	0.00344	0.00257	0.02118
72	0.02500	0.03454	0.11690	0.04869	0.07673	0.08239	0.10775	0.04541	0.03569	0.07314	0.05342	0.10775	0.04390	0.02163	0.01484	0.00143	0.07526	0.00489	0.00275	0.02789
73	0.05841	0.06711	0.36106	0.03791	0.05824	0.05651	0.09437	0.01307	0.04164	0.05672	0.03263	0.02945	0.00737	0.00427	0.00401	0.00124	0.02053	0.00355	0.00227	0.04966
74	0.02336	0.04565	0.11971	0.03598	0.16336	0.09624	0.09053	0.05225	0.05651	0.15718	0.04031	0.04408	0.00940	0.00490	0.00425	0.00127	0.01871	0.02764	0.00292	0.00574
75	0.05162	0.10576	0.23224	0.04814	0.12592	0.07886	0.04431	0.04272	0.02589	0.07824	0.06888	0.01109	0.01819	0.00438	0.00393	0.00119	0.01739	0.00354	0.00249	0.03520
76	0.03539	0.07159	0.16239	0.03599	0.12936	0.03804	0.11635	0.04556	0.06986	0.03342	0.02167	0.16895	0.01903	0.00570	0.00415	0.00130	0.00458	0.00511	0.00266	0.02890
77	0.02435	0.08483	0.14208	0.03284	0.21397	0.05012	0.08200	0.07692	0.03168	0.04730	0.03537	0.08144	0.02903	0.00491	0.00400	0.00122	0.00468	0.00431	0.00258	0.04636

[dist]
# distance from previous block
# <min> <max>
6	51

[block]
# block no. 2 follows, 66 sequences, length 24
# corresponding to MSA columns:
# 326-349
name=unknown_C
#
# <colnr> <probs for GDERKNQSTAVLIFYWHMCP>
#	G	D	E	R	K	N	Q	S	T	A	V	L	I	F	Y	W	H	M	C	P
0	0.02534	0.26991	0.39451	0.01024	0.05117	0.07626	0.01089	0.03386	0.03072	0.05129	0.00742	0.00834	0.00568	0.00388	0.00347	0.00114	0.00527	0.00284	0.00206	0.00573
1	0.05500	0.11800	0.17311	0.03139	0.05809	0.01785	0.02086	0.04900	0.03013	0.06707	0.07598	0.03554	0.05199	0.00489	0.00372	0.00112	0.00401	0.02399	0.00274	0.17551
2	0.03999	0.07450	0.31581	0.00922	0.03649	0.05286	0.02114	0.03953	0.00915	0.04844	0.04365	0.11989	0.07865	0.00594	0.00442	0.00129	0.04088	0.01469	0.00260	0.04087
3	0.03499	0.00970	0.12368	0.05900	0.05695	0.05223	0.08604	0.05921	0.05080	0.05594	0.09367	0.11177	0.05644	0.00580	0.00431	0.00125	0.01839	0.00503	0.00295	0.11188
4	0.07622	0.05711	0.14092	0.00851	0.06138	0.02035	0.00722	0.02780	0.05618	0.18822	0.01431	0.14319	0.05432	0.01868	0.09089	0.00189	0.00457	0.01985	0.00321	0.00519
5	0.00870	0.02113	0.13731	0.03016	0.34589	0.00793	0.07459	0.01130	0.00955	0.03529	0.17069	0.03644	0.03365	0.00497	0.00418	0.00122	0.00432	0.00460	0.00264	0.05544
6	0.01120	0.04136	0.08513	0.02675	0.30463	0.02295	0.04684	0.16019	0.03730	0.09423	0.01113	0.01296	0.05095	0.03000	0.00484	0.00134	0.02959	0.01980	0.00284	0.00599
7	0.00727	0.00605	0.00804	0.15749	0.02872	0.03723	0.03411	0.04080	0.00850	0.01140	0.12023	0.09806	0.01535	0.22827	0.07322	0.01608	0.00450	0.03247	0.00276	0.06946
8	0.01098	0.00967	0.04126	0.07676	0.26832	0.06149	0.02113	0.13625	0.05279	0.08496	0.05841	0.03675	0.00946	0.00561	0.02973	0.00141	0.04780	0.00407	0.00288	0.04028
9	0.01070	0.24812	0.16874	0.06674	0.12472	0.01081	0.03158	0.03948	0.06084	0.11609	0.00913	0.03923	0.00730	0.00439	0.00393	0.00118	0.02958	0.00350	0.00251	0.02144
10	0.00830	0.07748	0.14465	0.05377	0.09466	0.09294	0.01762	0.02269	0.02994	0.01189	0.03748	0.25945	0.03522	0.00690	0.00418	0.00130	0.00416	0.01872	0.02689	0.05178
11	0.00626	0.00434	0.00578	0.00604	0.03049	0.00453	0.00405	0.00708	0.00683	0.03809	0.01471	0.09560	0.06744	0.34889	0.33731	0.00440	0.00638	0.00584	0.00263	0.00332
12	0.02492	0.44442	0.02903	0.00976	0.08885	0.04903	0.04406	0.11863	0.10406	0.03978	0.00811	0.00876	0.00655	0.00399	0.00331	0.00106	0.00449	0.00299	0.00249	0.00573
13	0.00819	0.00581	0.00745	0.00677	0.03461	0.00535	0.00502	0.02470	0.03542	0.08321	0.05948	0.04542	0.02969	0.09501	0.18266	0.03197	0.00484	0.05397	0.00292	0.27750
14	0.04803	0.00882	0.01290	0.26929	0.27977	0.02240	0.02524	0.14108	0.04256	0.04649	0.03609	0.01200	0.00795	0.00444	0.00405	0.00128	0.00471	0.02461	0.00262	0.00565
15	0.01194	0.36833	0.05983	0.02463	0.08746	0.22773	0.04520	0.07305	0.04519	0.01183	0.00699	0.00803	0.00580	0.00389	0.00337	0.00105	0.00533	0.00282	0.00214	0.00541
16	0.00603	0.00411	0.00522	0.00520	0.00607	0.00378	0.00375	0.00735	0.00972	0.05314	0.39743	0.23945	0.14248	0.06730	0.02882	0.00170	0.00250	0.00824	0.00402	0.00369
17	0.00515	0.00374	0.00485	0.00563	0.00608	0.00349	0.00396	0.00603	0.00815	0.01072	0.04783	0.63618	0.11016	0.03543	0.00560	0.00169	0.00250	0.09572	0.00375	0.00335
18	0.88607	0.00785	0.00596	0.00534	0.00785	0.00910	0.00439	0.01193	0.00690	0.01820	0.00565	0.00659	0.00439	0.00377	0.00251	0.00126	0.00314	0.00220	0.00251	0.00439
19	0.00539	0.00412	0.00493	0.00497	0.00593	0.00373	0.00361	0.00687	0.02580	0.01295	0.34224	0.22360	0.28418	0.03372	0.00529	0.00146	0.00216	0.00853	0.00399	0.01653
20	0.00717	0.00575	0.00630	0.02206	0.00705	0.07817	0.00435	0.00831	0.03448	0.03056	0.01156	0.01969	0.01173	0.39111	0.33961	0.00449	0.00694	0.00487	0.00243	0.00340
21	0.00717	0.00590	0.00897	0.07904	0.13202	0.00657	0.02038	0.04371	0.02227	0.01102	0.01109	0.07879	0.01060	0.05558	0.44811	0.00421	0.02924	0.01864	0.00238	0.00428
22	0.00895	0.01772	0.03224	0.05077	0.34071	0.07037	0.02987	0.02521	0.04760	0.01265	0.09568	0.03611	0.07108	0.01749	0.06180	0.01846	0.05094	0.00460	0.00256	0.00517
23	0.01147	0.01208	0.01134	0.03868	0.14463	0.33295	0.04253	0.04279	0.05025	0.03741	0.03781	0.02888	0.01797	0.08193	0.00619	0.02443	0.03684	0.03444	0.00254	0.00485

[dist]
# distance from previous block
# <min> <max>
3	9

[block]
# block no. 3 follows, 66 sequences, length 7
# corresponding to MSA columns:
# 359-365
name=unknown_D
#
# <colnr> <probs for GDERKNQSTAVLIFYWHMCP>
#	G	D	E	R	K	N	Q	S	T	A	V	L	I	F	Y	W	H	M	C	P
0	0.04452	0.05533	0.12818	0.01287	0.20736	0.03973	0.05875	0.08888	0.09791	0.03800	0.00873	0.00996	0.00683	0.00463	0.02306	0.00127	0.02744	0.00338	0.00254	0.14063
1	0.00720	0.00550	0.00676	0.00582	0.00768	0.00494	0.03346	0.04410	0.04692	0.05707	0.23043	0.06303	0.30269	0.00820	0.02183	0.00133	0.00277	0.00658	0.00373	0.13995
2	0.00710	0.00654	0.04304	0.00886	0.11960	0.00635	0.00617	0.02620	0.04904	0.01337	0.29196	0.04868	0.18542	0.00794	0.00629	0.04677	0.11288	0.00612	0.00334	0.00434
3	0.03083	0.07473	0.01239	0.16137	0.04413	0.03451	0.04378	0.33416	0.04049	0.03363	0.00924	0.02528	0.00725	0.00718	0.08978	0.00175	0.00530	0.00372	0.00298	0.03751
4	0.00942	0.17771	0.47538	0.04019	0.01632	0.01062	0.10901	0.01339	0.04496	0.05471	0.00794	0.00910	0.00586	0.00387	0.00376	0.00122	0.00551	0.00320	0.00204	0.00580
5	0.01037	0.75410	0.07000	0.00706	0.01047	0.01488	0.00715	0.01179	0.00811	0.00964	0.00620	0.00791	0.00581	0.05787	0.00383	0.00109	0.00441	0.00246	0.00178	0.00508
6	0.04083	0.01062	0.15988	0.00856	0.01193	0.00864	0.02829	0.26028	0.03604	0.26168	0.07561	0.03020	0.01055	0.00510	0.00404	0.00126	0.00410	0.00413	0.03208	0.00619

[dist]
# distance from previous block
# <min> <max>
1	8

[block]
# block no. 4 follows, 66 sequences, length 44
# corresponding to MSA columns:
# 374-417
name=unknown_E
#
# <colnr> <probs for GDERKNQSTAVLIFYWHMCP>
#	G	D	E	R	K	N	Q	S	T	A	V	L	I	F	Y	W	H	M	C	P
0	0.02561	0.07432	0.01014	0.00689	0.01014	0.02968	0.04465	0.03581	0.02118	0.07463	0.03863	0.02456	0.02155	0.00433	0.01878	0.00093	0.00358	0.00317	0.00271	0.54872
1	0.01023	0.05080	0.15536	0.06369	0.05557	0.02790	0.03706	0.18272	0.07505	0.06318	0.10198	0.04222	0.04547	0.01592	0.02440	0.00144	0.02413	0.01423	0.00313	0.00552
2	0.00798	0.10792	0.07145	0.00862	0.08359	0.02681	0.00659	0.04749	0.02985	0.03908	0.07897	0.28554	0.03050	0.02511	0.03129	0.00162	0.01778	0.09213	0.00318	0.00451
3	0.01562	0.00776	0.00969	0.00761	0.01045	0.02949	0.02006	0.12946	0.04387	0.53512	0.08404	0.01428	0.01174	0.00523	0.00426	0.00124	0.01907	0.00424	0.01894	0.02784
4	0.88607	0.00785	0.00596	0.00534	0.00785	0.00910	0.00439	0.01193	0.00690	0.01820	0.00565	0.00659	0.00439	0.00377	0.00251	0.00126	0.00314	0.00220	0.00251	0.00439
5	0.88607	0.00785	0.00596	0.00534	0.00785	0.00910	0.00439	0.01193	0.00690	0.01820	0.00565	0.00659	0.00439	0.00377	0.00251	0.00126	0.00314	0.00220	0.00251	0.00439
6	0.00559	0.00414	0.00521	0.00494	0.00597	0.00376	0.00371	0.00735	0.01112	0.01540	0.70037	0.03174	0.16842	0.00862	0.00479	0.00129	0.00194	0.00754	0.00435	0.00376
7	0.00490	0.00405	0.00430	0.00438	0.00558	0.00345	0.00323	0.00597	0.00928	0.01138	0.11232	0.13336	0.66304	0.01037	0.00484	0.00139	0.00208	0.00879	0.00383	0.00345
8	0.00748	0.00379	0.00379	0.00379	0.00475	0.00377	0.00284	0.00934	0.00853	0.01499	0.01411	0.01588	0.03622	0.00490	0.00290	0.00096	0.00190	0.00393	0.85235	0.00377
9	0.00497	0.00395	0.00447	0.00468	0.00568	0.00345	0.00338	0.00604	0.00916	0.01155	0.14932	0.26610	0.49159	0.01067	0.00490	0.00143	0.00212	0.00922	0.00387	0.00345
10	0.88607	0.00785	0.00596	0.00534	0.00785	0.00910	0.00439	0.01193	0.00690	0.01820	0.00565	0.00659	0.00439	0.00377	0.00251	0.00126	0.00314	0.00220	0.00251	0.00439
11	0.00766	0.00721	0.01217	0.84767	0.02794	0.00901	0.01127	0.01037	0.00811	0.01037	0.00721	0.01082	0.00541	0.00406	0.00406	0.00135	0.00541	0.00361	0.00180	0.00451
12	0.88607	0.00785	0.00596	0.00534	0.00785	0.00910	0.00439	0.01193	0.00690	0.01820	0.00565	0.00659	0.00439	0.00377	0.00251	0.00126	0.00314	0.00220	0.00251	0.00439
13	0.01727	0.00711	0.00940	0.00731	0.01034	0.00642	0.00600	0.04624	0.06735	0.73310	0.03474	0.01415	0.01075	0.00513	0.00410	0.00126	0.00343	0.00418	0.00492	0.00680
14	0.00582	0.00425	0.00605	0.00605	0.00662	0.00482	0.00449	0.00695	0.00638	0.00907	0.01129	0.01830	0.01117	0.21469	0.65848	0.00594	0.00932	0.00469	0.00224	0.00336
15	0.01004	0.00964	0.01647	0.02490	0.83211	0.00964	0.01245	0.01245	0.00924	0.01325	0.00763	0.01004	0.00643	0.00361	0.00402	0.00120	0.00482	0.00361	0.00201	0.00643
16	0.00814	0.02099	0.83640	0.01156	0.01756	0.00942	0.01499	0.01285	0.00857	0.01285	0.00728	0.00857	0.00514	0.00385	0.00385	0.00128	0.00600	0.00300	0.00171	0.00600
17	0.00580	0.00433	0.00644	0.00644	0.00714	0.00503	0.00498	0.00720	0.00650	0.00936	0.01094	0.01633	0.01031	0.06077	0.81123	0.00643	0.01061	0.00440	0.00218	0.00358
18	0.00528	0.00409	0.00489	0.00530	0.00626	0.00369	0.00406	0.00648	0.00906	0.01147	0.09210	0.24712	0.39163	0.01094	0.00507	0.00154	0.00248	0.18124	0.00381	0.00349
19	0.01285	0.06772	0.03593	0.02827	0.01165	0.22352	0.00726	0.11325	0.22031	0.13579	0.01195	0.03284	0.02809	0.00517	0.00438	0.00124	0.04686	0.00388	0.00331	0.00572
20	0.88607	0.00785	0.00596	0.00534	0.00785	0.00910	0.00439	0.01193	0.00690	0.01820	0.00565	0.00659	0.00439	0.00377	0.00251	0.00126	0.00314	0.00220	0.00251	0.00439
21	0.00520	0.00390	0.00482	0.00507	0.00585	0.00352	0.00362	0.00642	0.00948	0.01265	0.31982	0.35487	0.22895	0.01051	0.00494	0.00144	0.00212	0.00928	0.00402	0.00352
22	0.00899	0.00907	0.01336	0.01112	0.01167	0.02690	0.10147	0.01022	0.00682	0.01035	0.00620	0.00991	0.00588	0.00662	0.01170	0.00169	0.69679	0.01722	0.02950	0.00453
23	0.00814	0.02099	0.83640	0.01156	0.01756	0.00942	0.01499	0.01285	0.00857	0.01285	0.00728	0.00857	0.00514	0.00385	0.00385	0.00128	0.00600	0.00300	0.00171	0.00600
24	0.88607	0.00785	0.00596	0.00534	0.00785	0.00910	0.00439	0.01193	0.00690	0.01820	0.00565	0.00659	0.00439	0.00377	0.00251	0.00126	0.00314	0.00220	0.00251	0.00439
25	0.00510	0.00378	0.00477	0.00544	0.00596	0.00351	0.00377	0.00612	0.02104	0.01086	0.06275	0.62322	0.16455	0.02530	0.00534	0.00162	0.00237	0.03734	0.00378	0.00339
26	0.00494	0.00353	0.00471	0.00565	0.00588	0.00330	0.00377	0.00565	0.00777	0.01036	0.02236	0.85477	0.02683	0.01271	0.00518	0.00165	0.00235	0.01153	0.00377	0.00330
27	0.88607	0.00785	0.00596	0.00534	0.00785	0.00910	0.00439	0.01193	0.00690	0.01820	0.00565	0.00659	0.00439	0.00377	0.00251	0.00126	0.00314	0.00220	0.00251	0.00439
28	0.00866	0.00720	0.00844	0.00604	0.00963	0.00542	0.00484	0.01046	0.00849	0.03394	0.00743	0.00855	0.00611	0.00306	0.00303	0.00062	0.00302	0.00245	0.00247	0.86014
29	0.00497	0.00358	0.00471	0.00556	0.00588	0.00332	0.00374	0.00574	0.00799	0.01063	0.05747	0.78596	0.06058	0.01242	0.00515	0.00162	0.00232	0.01123	0.00380	0.00332
30	0.00878	0.17673	0.54720	0.01034	0.01524	0.01047	0.04461	0.02647	0.04662	0.01259	0.02966	0.00963	0.00670	0.02012	0.01715	0.00134	0.00549	0.00319	0.00198	0.00570
31	0.01081	0.00983	0.09961	0.03271	0.28724	0.02747	0.05238	0.01317	0.00943	0.15896	0.00943	0.01134	0.00733	0.00400	0.00385	0.00110	0.00439	0.03003	0.00267	0.22425
32	0.00881	0.00758	0.02696	0.00638	0.00983	0.00591	0.00520	0.01156	0.08519	0.04037	0.00868	0.02629	0.00714	0.00352	0.00321	0.00073	0.00309	0.00286	0.00266	0.73402
33	0.00960	0.01130	0.21655	0.01167	0.11619	0.02331	0.12592	0.03852	0.03532	0.10040	0.08156	0.05199	0.05084	0.00508	0.00438	0.00125	0.02462	0.00451	0.00280	0.08419
34	0.00974	0.06436	0.22700	0.05956	0.09010	0.02921	0.03395	0.05472	0.05773	0.08585	0.03997	0.02482	0.01824	0.01939	0.05470	0.00153	0.00496	0.00372	0.00261	0.11781
35	0.00847	0.03933	0.08681	0.00811	0.05340	0.02114	0.02921	0.03732	0.09520	0.04966	0.20505	0.05393	0.07893	0.00607	0.00452	0.00120	0.04404	0.00507	0.04055	0.13197
36	0.02577	0.02505	0.15004	0.03451	0.11874	0.01939	0.01969	0.05045	0.06720	0.08392	0.12156	0.04518	0.10733	0.00579	0.00412	0.00123	0.00383	0.02293	0.00312	0.09013
37	0.01033	0.14297	0.22041	0.00930	0.04744	0.05962	0.02102	0.08224	0.07121	0.07744	0.03887	0.03843	0.03569	0.00488	0.00380	0.00116	0.00447	0.02894	0.00276	0.09902
38	0.03941	0.04196	0.25386	0.02211	0.04366	0.02136	0.02029	0.03432	0.05514	0.14371	0.05699	0.04926	0.06055	0.00632	0.03956	0.00145	0.00450	0.01804	0.00297	0.08454
39	0.03052	0.04303	0.21745	0.01030	0.11837	0.02103	0.00868	0.04843	0.09107	0.10850	0.11087	0.07864	0.02227	0.00540	0.00402	0.00124	0.00406	0.00455	0.00307	0.06851
40	0.00918	0.04998	0.18139	0.02242	0.09619	0.00788	0.03944	0.05663	0.09811	0.08101	0.05585	0.06923	0.12456	0.00573	0.00410	0.00124	0.00397	0.00488	0.00304	0.08517
41	0.01020	0.05450	0.21868	0.05526	0.14415	0.05397	0.03415	0.07529	0.01001	0.09638	0.05046	0.01319	0.04540	0.04063	0.00465	0.00131	0.00470	0.01606	0.00265	0.06835
42	0.02328	0.10928	0.13173	0.05570	0.10529	0.06359	0.04039	0.06129	0.06551	0.06973	0.08361	0.06033	0.03384	0.01569	0.00420	0.00127	0.00438	0.03122	0.00285	0.03680
43	0.03135	0.02615	0.21359	0.02237	0.11461	0.05952	0.03106	0.10536	0.07043	0.10557	0.05035	0.06988	0.04108	0.00522	0.00405	0.00126	0.00449	0.00437	0.00299	0.03631

[dist]
# distance from previous block
# <min> <max>
2	96

[block]
# block no. 5 follows, 66 sequences, length 20
# corresponding to MSA columns:
# 554-573
name=unknown_F
#
# <colnr> <probs for GDERKNQSTAVLIFYWHMCP>
#	G	D	E	R	K	N	Q	S	T	A	V	L	I	F	Y	W	H	M	C	P
0	0.05551	0.25526	0.17530	0.00974	0.08618	0.03300	0.02900	0.01349	0.08529	0.08968	0.03315	0.03838	0.00824	0.00483	0.01814	0.00122	0.00450	0.00347	0.00254	0.05309
1	0.06393	0.23577	0.17684	0.01123	0.13498	0.09489	0.05190	0.01272	0.04490	0.01231	0.03177	0.03588	0.00741	0.00415	0.00352	0.00111	0.00482	0.00331	0.00217	0.06641
2	0.03128	0.23177	0.27825	0.00985	0.04927	0.07005	0.03163	0.09061	0.04354	0.01336	0.02083	0.03231	0.00689	0.00417	0.00354	0.00111	0.00491	0.00321	0.00227	0.07115
3	0.07871	0.21943	0.27918	0.00923	0.03407	0.02627	0.02834	0.09128	0.05478	0.03482	0.05425	0.03336	0.00834	0.00444	0.00358	0.00117	0.00461	0.00343	0.00248	0.02825
4	0.03978	0.23251	0.30071	0.01028	0.08059	0.05612	0.00995	0.05268	0.03181	0.09603	0.03228	0.00943	0.00701	0.00408	0.00354	0.00114	0.00487	0.00309	0.00240	0.02169
5	0.04674	0.15239	0.33319	0.04358	0.05169	0.04922	0.03239	0.07131	0.07661	0.04676	0.00822	0.00914	0.00619	0.00400	0.00363	0.00117	0.00501	0.00310	0.00233	0.05333
6	0.03814	0.04256	0.23717	0.02581	0.10850	0.10951	0.05530	0.03716	0.09105	0.06711	0.00983	0.07289	0.00813	0.00469	0.00390	0.00121	0.00491	0.00392	0.00258	0.07563
7	0.01044	0.12781	0.28098	0.01310	0.20839	0.06158	0.01072	0.08677	0.03216	0.04775	0.02308	0.02421	0.00704	0.00415	0.00375	0.00116	0.00498	0.00336	0.00234	0.04623
8	0.01074	0.07813	0.13763	0.02907	0.23296	0.10515	0.02285	0.07955	0.01031	0.07210	0.03616	0.02306	0.01933	0.00486	0.00399	0.00121	0.00482	0.07074	0.00262	0.05473
9	0.02484	0.05937	0.07579	0.05264	0.16399	0.03508	0.05357	0.06613	0.06723	0.01344	0.01074	0.14125	0.01823	0.00523	0.00391	0.00116	0.00413	0.00458	0.00264	0.19606
10	0.01043	0.13239	0.06624	0.02826	0.28139	0.03605	0.05446	0.05099	0.05026	0.07881	0.03364	0.03103	0.04376	0.00447	0.00384	0.00115	0.00441	0.00389	0.00262	0.08190
11	0.02468	0.00755	0.00999	0.04285	0.15032	0.02919	0.03708	0.02550	0.00881	0.03916	0.03155	0.03897	0.04110	0.05311	0.04108	0.00135	0.00402	0.00377	0.00255	0.40737
12	0.02615	0.00475	0.00585	0.00579	0.04142	0.00428	0.00409	0.00807	0.01018	0.03757	0.43692	0.04003	0.21207	0.03546	0.00499	0.00132	0.00230	0.00673	0.03873	0.07332
13	0.00789	0.00678	0.02780	0.00754	0.07026	0.00549	0.00542	0.02418	0.03218	0.02832	0.04886	0.20817	0.02816	0.00586	0.00379	0.00100	0.00303	0.00510	0.00292	0.47726
14	0.01007	0.00841	0.01361	0.03663	0.44609	0.00815	0.06580	0.02755	0.02739	0.09262	0.01108	0.06074	0.02841	0.00485	0.00415	0.00123	0.00435	0.05003	0.00266	0.09616
15	0.00975	0.00850	0.00983	0.05125	0.05134	0.05346	0.01872	0.09588	0.00980	0.02763	0.00760	0.00882	0.00612	0.00339	0.00330	0.00078	0.00368	0.00273	0.00255	0.62486
16	0.00589	0.00413	0.00551	0.00551	0.00588	0.00449	0.00382	0.00655	0.00619	0.00862	0.01160	0.02066	0.01213	0.40824	0.43412	0.03892	0.00741	0.00503	0.00229	0.00302
17	0.00485	0.00405	0.00423	0.00432	0.00555	0.00343	0.00319	0.00588	0.00918	0.01112	0.07245	0.12595	0.71099	0.01045	0.00484	0.00140	0.00208	0.00883	0.00380	0.00343
18	0.04453	0.03819	0.06877	0.03988	0.13376	0.01995	0.02783	0.19015	0.17842	0.02733	0.01135	0.08392	0.00959	0.01478	0.05722	0.00162	0.00459	0.00440	0.00310	0.04059
19	0.02642	0.05635	0.04296	0.04416	0.01137	0.03062	0.02014	0.09985	0.02138	0.06142	0.00807	0.00909	0.00635	0.00403	0.01890	0.00094	0.00383	0.00281	0.00265	0.52867

[dist]
# distance from previous block
# <min> <max>
0	2

[block]
# block no. 6 follows, 66 sequences, length 6
# corresponding to MSA columns:
# 576-581
name=unknown_G
#
# <colnr> <probs for GDERKNQSTAVLIFYWHMCP>
#	G	D	E	R	K	N	Q	S	T	A	V	L	I	F	Y	W	H	M	C	P
0	0.03655	0.20201	0.12392	0.01139	0.14753	0.14867	0.00886	0.11119	0.07561	0.04104	0.02711	0.03273	0.00766	0.00442	0.00364	0.00115	0.00488	0.00340	0.00256	0.00568
1	0.03684	0.27937	0.28851	0.01087	0.06434	0.05877	0.08941	0.05831	0.00948	0.05796	0.00739	0.00847	0.00569	0.00381	0.00354	0.00114	0.00525	0.00300	0.00213	0.00570
2	0.00635	0.00484	0.00656	0.00644	0.00727	0.00555	0.00487	0.00887	0.10997	0.01016	0.01185	0.01733	0.01108	0.14376	0.61981	0.00551	0.00892	0.00460	0.00246	0.00381
3	0.03650	0.03213	0.10786	0.04586	0.07440	0.05590	0.03063	0.18116	0.01144	0.21532	0.00965	0.01020	0.00692	0.00454	0.00466	0.00122	0.07769	0.00345	0.00315	0.08733
4	0.01204	0.13304	0.16344	0.01162	0.11291	0.13388	0.06825	0.14192	0.05418	0.09353	0.00964	0.01030	0.02872	0.00432	0.00383	0.00118	0.00514	0.00347	0.00271	0.00589
5	0.05518	0.00717	0.04569	0.00681	0.00915	0.00648	0.00561	0.07709	0.08696	0.35446	0.05072	0.05395	0.05832	0.11369	0.00621	0.00163	0.00344	0.02258	0.02939	0.00549

[dist]
# distance from previous block
# <min> <max>
0	1

[block]
# block no. 7 follows, 66 sequences, length 7
# corresponding to MSA columns:
# 583-589
name=unknown_H
#
# <colnr> <probs for GDERKNQSTAVLIFYWHMCP>
#	G	D	E	R	K	N	Q	S	T	A	V	L	I	F	Y	W	H	M	C	P
0	0.01030	0.07163	0.22562	0.01098	0.07872	0.04367	0.09459	0.12658	0.07483	0.04770	0.03095	0.03405	0.02831	0.00452	0.00392	0.00118	0.00477	0.00384	0.00270	0.10113
1	0.00560	0.00424	0.00521	0.00547	0.00619	0.00421	0.00391	0.00712	0.05547	0.01058	0.04696	0.27710	0.20963	0.14651	0.15663	0.00279	0.00414	0.04146	0.00332	0.00347
2	0.01203	0.00735	0.00896	0.00660	0.01003	0.00601	0.00535	0.06041	0.01008	0.28290	0.01024	0.01026	0.00738	0.00377	0.00342	0.00085	0.00324	0.00303	0.00336	0.54474
3	0.00909	0.00768	0.01077	0.04293	0.06573	0.00683	0.10449	0.08601	0.00951	0.03718	0.01001	0.07195	0.02642	0.05375	0.00468	0.00113	0.00382	0.00398	0.00267	0.44137
4	0.00874	0.01781	0.64582	0.01163	0.07208	0.00873	0.01319	0.01277	0.00875	0.06078	0.00843	0.04353	0.00645	0.00421	0.00388	0.00125	0.00543	0.00341	0.00205	0.06105
5	0.00584	0.00767	0.19657	0.00676	0.00838	0.00482	0.00616	0.00745	0.00797	0.01094	0.05943	0.47519	0.05682	0.11849	0.00682	0.00183	0.00336	0.00850	0.00316	0.00384
6	0.04691	0.12227	0.05352	0.00805	0.01047	0.06956	0.05848	0.18140	0.05831	0.03002	0.08364	0.14237	0.02592	0.04692	0.01921	0.00146	0.00420	0.00512	0.00315	0.02902

[dist]
# distance from previous block
# <min> <max>
3	19

[block]
# block no. 8 follows, 66 sequences, length 56
# corresponding to MSA columns:
# 618-673
name=unknown_I
#
# <colnr> <probs for GDERKNQSTAVLIFYWHMCP>
#	G	D	E	R	K	N	Q	S	T	A	V	L	I	F	Y	W	H	M	C	P
