[name]
unknown

[dist]
# distance from previous block
# <min> <max>
0	46

[block]
# block no. 0 follows, 74 sequences, length 30
# corresponding to MSA columns:
# 46-75
name=unknown_A
#
# <colnr> <probs for GDERKNQSTAVLIFYWHMCP>
#	G	D	E	R	K	N	Q	S	T	A	V	L	I	F	Y	W	H	M	C	P
0	0.04439	0.00899	0.00988	0.00802	0.01057	0.00982	0.00668	0.61915	0.01514	0.05506	0.01098	0.01501	0.00911	0.00549	0.00392	0.00123	0.00388	0.15335	0.00364	0.00570
1	0.14491	0.01038	0.00961	0.00785	0.01044	0.14193	0.00633	0.40452	0.12202	0.09209	0.00918	0.00911	0.00664	0.00430	0.00346	0.00112	0.00408	0.00314	0.00331	0.00560
2	0.00838	0.00663	0.00748	0.00660	0.00854	0.00709	0.02339	0.01507	0.49156	0.07255	0.11835	0.01886	0.15604	0.00593	0.00393	0.00121	0.00270	0.00502	0.00372	0.03697
3	0.00452	0.00324	0.00429	0.00513	0.00537	0.00302	0.00343	0.00517	0.00714	0.00949	0.02088	0.84683	0.04458	0.01157	0.00473	0.00150	0.00215	0.01049	0.00345	0.00302
4	0.00540	0.00360	0.00405	0.00405	0.00405	0.00360	0.00225	0.00540	0.00540	0.00720	0.01170	0.02429	0.01349	0.86955	0.01889	0.00360	0.00360	0.00540	0.00225	0.00225
5	0.00949	0.59811	0.24057	0.00760	0.01138	0.01290	0.00835	0.05553	0.00815	0.01033	0.00576	0.00662	0.00483	0.00334	0.00276	0.00091	0.00438	0.00226	0.00170	0.00504
6	0.08050	0.77622	0.01789	0.00618	0.00922	0.01384	0.00608	0.01097	0.00753	0.00955	0.03083	0.00663	0.00563	0.00333	0.00244	0.00083	0.00381	0.00213	0.00172	0.00467
7	0.00532	0.00425	0.00499	0.02357	0.00642	0.00405	0.00397	0.03105	0.03222	0.01119	0.12051	0.13720	0.43629	0.00915	0.00467	0.00135	0.02146	0.13547	0.00345	0.00342
8	0.00537	0.00359	0.00406	0.00408	0.00409	0.00358	0.00228	0.00539	0.00545	0.00726	0.01194	0.04812	0.01381	0.84530	0.01849	0.00354	0.00356	0.00554	0.00228	0.00227
9	0.00926	0.00948	0.04280	0.05566	0.04698	0.11395	0.15493	0.04991	0.25385	0.02966	0.05883	0.02620	0.05300	0.00490	0.00456	0.00123	0.07288	0.00417	0.00276	0.00498
10	0.00523	0.00404	0.00480	0.00456	0.00563	0.00374	0.00343	0.00725	0.06012	0.01342	0.54367	0.02937	0.28504	0.00800	0.00434	0.00120	0.00186	0.00691	0.00387	0.00353
11	0.02907	0.11946	0.20309	0.01021	0.05495	0.01890	0.14796	0.14024	0.16326	0.02699	0.00936	0.03601	0.01557	0.00415	0.00363	0.00115	0.00446	0.00360	0.00252	0.00540
12	0.01077	0.10735	0.30349	0.00936	0.01319	0.03143	0.05362	0.34880	0.05879	0.01634	0.00792	0.00850	0.00579	0.00394	0.00353	0.00111	0.00467	0.00307	0.00260	0.00571
13	0.00573	0.00436	0.00530	0.00506	0.00609	0.00426	0.00379	0.02010	0.11584	0.01404	0.56137	0.11858	0.10556	0.00783	0.00433	0.00122	0.00199	0.00687	0.00391	0.00376
14	0.00989	0.77982	0.07905	0.00673	0.01007	0.01414	0.00691	0.04030	0.00791	0.00947	0.00540	0.00619	0.00481	0.00325	0.00251	0.00083	0.00408	0.00209	0.00166	0.00487
15	0.03796	0.00937	0.01079	0.00887	0.04069	0.08834	0.09465	0.24308	0.16584	0.04568	0.00931	0.02344	0.00716	0.00409	0.00363	0.00104	0.01315	0.00338	0.00295	0.18657
16	0.49782	0.04308	0.03341	0.00635	0.03848	0.00763	0.00517	0.01343	0.00797	0.30210	0.00854	0.00847	0.00591	0.00383	0.00288	0.00113	0.00315	0.00267	0.00302	0.00495
17	0.00750	0.00698	0.01157	0.73771	0.11593	0.00843	0.01031	0.03889	0.00789	0.01027	0.00672	0.00978	0.00510	0.00369	0.00371	0.00122	0.00486	0.00330	0.00174	0.00440
18	0.00530	0.00398	0.00597	0.00597	0.00663	0.00464	0.00464	0.00663	0.00597	0.00862	0.00994	0.01458	0.00928	0.02784	0.85484	0.00597	0.00994	0.00398	0.00199	0.00331
19	0.01187	0.28423	0.01339	0.10253	0.01242	0.49786	0.00726	0.01307	0.00924	0.00902	0.00565	0.00682	0.00479	0.00361	0.00308	0.00094	0.00565	0.00236	0.00178	0.00443
20	0.00902	0.00915	0.01317	0.30690	0.46397	0.11245	0.01050	0.01116	0.00835	0.01085	0.00670	0.00912	0.00543	0.00351	0.00365	0.00113	0.00487	0.00319	0.00178	0.00509
21	0.00521	0.00379	0.00489	0.00462	0.00552	0.00348	0.00346	0.00691	0.01039	0.01461	0.79935	0.02817	0.08028	0.00769	0.00438	0.00117	0.00176	0.00678	0.00405	0.00348
22	0.03270	0.00866	0.00949	0.00745	0.01006	0.00933	0.00610	0.55086	0.04252	0.14598	0.01046	0.02176	0.00751	0.00455	0.00356	0.00110	0.00356	0.00351	0.11500	0.00585
23	0.00701	0.00660	0.01113	0.86063	0.02556	0.00825	0.01031	0.00948	0.00742	0.00948	0.00660	0.00990	0.00495	0.00371	0.00371	0.00124	0.00495	0.00330	0.00165	0.00412
24	0.00442	0.00372	0.00383	0.00388	0.00505	0.00313	0.00288	0.00536	0.00841	0.01011	0.05628	0.09546	0.76576	0.00952	0.00441	0.00127	0.00190	0.00800	0.00346	0.00313
25	0.00744	0.01285	0.42768	0.00883	0.01251	0.00777	0.05370	0.01265	0.21702	0.01282	0.08916	0.01422	0.09751	0.00488	0.00380	0.00121	0.00416	0.00410	0.00257	0.00513
26	0.25485	0.00668	0.00784	0.00620	0.00892	0.00642	0.00512	0.04121	0.00967	0.59802	0.01190	0.01073	0.00770	0.00428	0.00334	0.00115	0.00311	0.00325	0.00394	0.00569
27	0.02070	0.00937	0.01254	0.01051	0.05033	0.09006	0.20167	0.10566	0.20590	0.03351	0.01109	0.01195	0.06598	0.00485	0.00529	0.00126	0.14761	0.00399	0.00267	0.00506
28	0.01372	0.01002	0.01073	0.00827	0.01112	0.01108	0.00682	0.78965	0.01693	0.02288	0.00908	0.00918	0.00648	0.00445	0.00365	0.00110	0.00396	0.00335	0.05137	0.00616
29	0.00956	0.00823	0.00829	0.00730	0.00930	0.06474	0.00569	0.15396	0.49220	0.01589	0.10108	0.05063	0.04568	0.00557	0.00386	0.00122	0.00318	0.00460	0.00365	0.00537

[dist]
# distance from previous block
# <min> <max>
0	9

[block]
# block no. 1 follows, 74 sequences, length 33
# corresponding to MSA columns:
# 85-117
name=unknown_B
#
# <colnr> <probs for GDERKNQSTAVLIFYWHMCP>
#	G	D	E	R	K	N	Q	S	T	A	V	L	I	F	Y	W	H	M	C	P
0	0.00967	0.40569	0.12287	0.00835	0.01170	0.01139	0.11223	0.06617	0.05651	0.04102	0.00693	0.00784	0.00557	0.00354	0.00340	0.00097	0.03675	0.00273	0.00205	0.08462
1	0.00582	0.00404	0.00435	0.00431	0.00527	0.00392	0.00313	0.00791	0.09215	0.01185	0.10872	0.09967	0.27364	0.09774	0.00536	0.00140	0.00213	0.00607	0.25907	0.00344
2	0.01043	0.00945	0.01479	0.08908	0.49342	0.00968	0.08424	0.04621	0.09553	0.02234	0.00959	0.03284	0.00810	0.00486	0.00482	0.00143	0.05023	0.00413	0.00263	0.00619
3	0.00457	0.00343	0.00425	0.00486	0.00539	0.00311	0.00340	0.00536	0.00760	0.00979	0.03921	0.59022	0.24540	0.01090	0.00466	0.00144	0.00213	0.04775	0.00346	0.00307
4	0.01008	0.00767	0.00831	0.00730	0.00948	0.00858	0.00573	0.04965	0.67061	0.11513	0.01587	0.01454	0.04994	0.00517	0.00380	0.00124	0.00296	0.00428	0.00386	0.00582
5	0.00456	0.00329	0.00432	0.00507	0.00538	0.00305	0.00342	0.00529	0.00739	0.00985	0.07440	0.77490	0.06279	0.01127	0.00470	0.00147	0.00212	0.01018	0.00349	0.00305
6	0.00992	0.87178	0.01945	0.00635	0.00953	0.01469	0.00635	0.01111	0.00754	0.00873	0.00516	0.00595	0.00476	0.00318	0.00238	0.00079	0.00397	0.00198	0.00159	0.00476
7	0.00460	0.00375	0.00406	0.00401	0.00515	0.00322	0.00300	0.00572	0.00891	0.01117	0.22937	0.05594	0.63011	0.00903	0.00439	0.00124	0.00186	0.00764	0.00360	0.00322
8	0.01387	0.01769	0.01052	0.00956	0.01148	0.85465	0.00717	0.01482	0.01052	0.00908	0.00574	0.00669	0.00478	0.00383	0.00335	0.00096	0.00669	0.00239	0.00191	0.00430
9	0.01109	0.00929	0.00954	0.01682	0.02508	0.06702	0.00647	0.27475	0.45639	0.03155	0.02748	0.01182	0.00943	0.00480	0.00390	0.00119	0.02023	0.00380	0.00355	0.00582
10	0.00790	0.12435	0.70742	0.01020	0.01528	0.02406	0.03797	0.01173	0.00788	0.01134	0.00649	0.00765	0.00474	0.00348	0.00341	0.00113	0.00534	0.00269	0.00159	0.00536
11	0.00456	0.00331	0.00433	0.00513	0.00544	0.00307	0.00349	0.00527	0.00725	0.00957	0.02165	0.77850	0.08298	0.01142	0.00473	0.00150	0.00218	0.03914	0.00344	0.00304
12	0.00539	0.00363	0.00419	0.00419	0.00423	0.00367	0.00242	0.00549	0.00544	0.00730	0.01157	0.02360	0.01319	0.80948	0.07855	0.00377	0.00405	0.00530	0.00223	0.00233
13	0.00787	0.00670	0.00779	0.00558	0.00887	0.00512	0.00447	0.03117	0.00796	0.01239	0.00666	0.00773	0.00552	0.00279	0.00277	0.00056	0.00278	0.00223	0.00224	0.86880
14	0.00509	0.00373	0.00479	0.00473	0.00555	0.00342	0.00352	0.00660	0.00975	0.01349	0.61665	0.14687	0.11514	0.00844	0.00446	0.00124	0.00188	0.03735	0.00391	0.00339
15	0.01122	0.00980	0.03507	0.09622	0.16847	0.06853	0.17126	0.22170	0.03264	0.10752	0.00844	0.00961	0.00622	0.00394	0.00408	0.00117	0.03242	0.00352	0.00265	0.00551
16	0.00948	0.07038	0.08072	0.00961	0.10425	0.10330	0.07489	0.02420	0.16728	0.08153	0.12642	0.03298	0.01137	0.00456	0.00366	0.00109	0.00392	0.00391	0.00282	0.08364
17	0.26703	0.04271	0.01151	0.00941	0.02797	0.34748	0.15240	0.02082	0.01784	0.01202	0.00598	0.00730	0.00483	0.00373	0.00372	0.00110	0.05500	0.00272	0.00203	0.00442
18	0.00993	0.56996	0.17331	0.00788	0.01142	0.06765	0.04970	0.03313	0.00819	0.03048	0.00593	0.00680	0.00495	0.00335	0.00283	0.00092	0.00453	0.00235	0.00175	0.00496
19	0.01115	0.01037	0.01305	0.01090	0.06706	0.12716	0.20651	0.28199	0.13667	0.02462	0.04022	0.01087	0.02126	0.00457	0.01546	0.00122	0.00477	0.00380	0.00290	0.00543
20	0.00458	0.00337	0.00429	0.00490	0.00534	0.00308	0.00335	0.00539	0.00768	0.01013	0.11042	0.64897	0.15316	0.01085	0.00465	0.00143	0.00207	0.00972	0.00351	0.00308
21	0.01029	0.00825	0.00880	0.00765	0.00992	0.00939	0.00603	0.13866	0.68048	0.05592	0.01418	0.01307	0.01050	0.00493	0.00377	0.00123	0.00312	0.00405	0.00381	0.00596
22	0.00536	0.00384	0.00469	0.00460	0.00561	0.00344	0.00347	0.00672	0.00940	0.04412	0.42800	0.11990	0.29215	0.00861	0.00443	0.00126	0.00197	0.04519	0.00380	0.00343
23	0.01029	0.00643	0.00762	0.00689	0.00884	0.00677	0.00558	0.01589	0.38395	0.23423	0.03472	0.01989	0.01338	0.00607	0.00401	0.00131	0.00302	0.18037	0.04545	0.00529
24	0.00457	0.00342	0.00425	0.00478	0.00531	0.00310	0.00330	0.00540	0.00779	0.01019	0.11314	0.58008	0.21982	0.01067	0.00462	0.00141	0.00205	0.00950	0.00351	0.00310
25	0.01534	0.00667	0.00865	0.00673	0.00946	0.00615	0.00552	0.10309	0.05037	0.67221	0.06470	0.01322	0.01056	0.00478	0.00377	0.00115	0.00316	0.00390	0.00443	0.00612
26	0.02765	0.01000	0.01165	0.01106	0.15743	0.04054	0.02914	0.52563	0.10722	0.02848	0.00912	0.00945	0.00672	0.00425	0.00369	0.00113	0.00413	0.00341	0.00327	0.00604
27	0.01282	0.00984	0.01092	0.00858	0.01138	0.01092	0.03719	0.62080	0.20188	0.02120	0.01025	0.01006	0.00741	0.00454	0.00375	0.00115	0.00391	0.00357	0.00366	0.00617
28	0.00452	0.00323	0.00431	0.00517	0.00538	0.00301	0.00345	0.00517	0.00711	0.00948	0.02046	0.86713	0.02455	0.01163	0.00474	0.00151	0.00215	0.01055	0.00345	0.00301
29	0.15807	0.03678	0.02730	0.00809	0.01072	0.12924	0.05962	0.26514	0.12882	0.10807	0.00934	0.02702	0.00700	0.00430	0.00346	0.00113	0.00412	0.00331	0.00310	0.00537
30	0.00740	0.09553	0.04873	0.00623	0.00767	0.15733	0.00497	0.00891	0.04412	0.02501	0.08682	0.32605	0.13006	0.01725	0.00418	0.00125	0.00332	0.00658	0.00295	0.01564
31	0.02981	0.46559	0.27323	0.00831	0.04232	0.01167	0.00869	0.02646	0.02843	0.06508	0.00662	0.00733	0.00525	0.00345	0.00292	0.00097	0.00435	0.00246	0.00189	0.00517
32	0.32755	0.13958	0.17606	0.00793	0.04223	0.02786	0.03298	0.12386	0.00879	0.05111	0.00657	0.00735	0.00498	0.00359	0.00296	0.00108	0.00397	0.00254	0.00230	0.02671

[dist]
# distance from previous block
# <min> <max>
1	12

[block]
# block no. 2 follows, 74 sequences, length 10
# corresponding to MSA columns:
# 130-139
name=unknown_C
#
# <colnr> <probs for GDERKNQSTAVLIFYWHMCP>
#	G	D	E	R	K	N	Q	S	T	A	V	L	I	F	Y	W	H	M	C	P
0	0.01267	0.04537	0.01086	0.00808	0.01083	0.03345	0.09498	0.20459	0.13839	0.29372	0.03290	0.01165	0.00874	0.02660	0.00409	0.00118	0.00377	0.00371	0.00357	0.05087
1	0.12979	0.01103	0.00977	0.00826	0.01049	0.27796	0.06109	0.13897	0.14464	0.02783	0.04426	0.00973	0.00763	0.00519	0.03890	0.00129	0.02089	0.00319	0.00269	0.04639
2	0.33731	0.00781	0.00885	0.08992	0.11542	0.02711	0.02511	0.12628	0.08773	0.05683	0.04581	0.04082	0.00781	0.00429	0.00327	0.00117	0.00354	0.00336	0.00273	0.00484
3	0.15824	0.00987	0.01021	0.00794	0.01080	0.01099	0.00656	0.69947	0.01563	0.02229	0.00830	0.00844	0.00594	0.00429	0.00348	0.00112	0.00389	0.00312	0.00348	0.00594
4	0.00645	0.00322	0.00484	0.00484	0.00484	0.00322	0.00322	0.00484	0.00484	0.00645	0.00645	0.01128	0.00645	0.01289	0.01451	0.89201	0.00322	0.00322	0.00161	0.00161
5	0.00701	0.00660	0.01113	0.86063	0.02556	0.00825	0.01031	0.00948	0.00742	0.00948	0.00660	0.00990	0.00495	0.00371	0.00371	0.00124	0.00495	0.00330	0.00165	0.00412
6	0.00926	0.00825	0.13153	0.00645	0.00985	0.00550	0.00593	0.01122	0.00826	0.17447	0.00877	0.04566	0.00692	0.00360	0.00314	0.00080	0.00320	0.00294	0.00263	0.55162
7	0.00833	0.00679	0.00825	0.00609	0.00913	0.00560	0.02283	0.02955	0.03163	0.05483	0.00752	0.02542	0.00623	0.00330	0.00335	0.00070	0.04153	0.00262	0.00239	0.72390
8	0.00909	0.00800	0.01417	0.16307	0.36107	0.00798	0.17851	0.01138	0.00857	0.09115	0.04358	0.02846	0.00759	0.00379	0.00384	0.00115	0.00452	0.00381	0.00222	0.04804
9	0.01008	0.00670	0.00874	0.03187	0.02502	0.00566	0.04214	0.05226	0.00907	0.21746	0.05573	0.01058	0.00824	0.01937	0.00354	0.00088	0.00313	0.00309	0.00293	0.48352

[dist]
# distance from previous block
# <min> <max>
0	1

[block]
# block no. 3 follows, 74 sequences, length 24
# corresponding to MSA columns:
# 141-164
name=unknown_D
#
# <colnr> <probs for GDERKNQSTAVLIFYWHMCP>
#	G	D	E	R	K	N	Q	S	T	A	V	L	I	F	Y	W	H	M	C	P
0	0.55779	0.15068	0.02933	0.00604	0.00855	0.09926	0.00520	0.05528	0.03649	0.01475	0.00581	0.00656	0.00461	0.00355	0.00258	0.00107	0.00359	0.00221	0.00225	0.00439
1	0.00906	0.23383	0.42670	0.00959	0.01388	0.01017	0.10079	0.03375	0.05556	0.06244	0.00740	0.00826	0.00551	0.00357	0.00336	0.00109	0.00486	0.00289	0.00197	0.00534
2	0.00762	0.00693	0.01104	0.63792	0.10695	0.00825	0.00964	0.06073	0.03654	0.01094	0.02826	0.01094	0.02296	0.00445	0.02083	0.00131	0.00473	0.00352	0.00197	0.00445
3	0.03002	0.01054	0.01089	0.00847	0.01135	0.04693	0.00695	0.74942	0.05228	0.02233	0.00898	0.00898	0.00642	0.00444	0.00367	0.00111	0.00412	0.00331	0.00361	0.00617
4	0.00451	0.00326	0.00428	0.00509	0.00536	0.00302	0.00341	0.00518	0.00718	0.00951	0.02141	0.82080	0.07027	0.01150	0.00472	0.00149	0.00214	0.01040	0.00345	0.00302
5	0.01537	0.00626	0.00843	0.00671	0.00937	0.00558	0.00558	0.05138	0.01068	0.72201	0.01495	0.01569	0.01041	0.00521	0.00389	0.00121	0.00323	0.09362	0.00443	0.00600
6	0.01021	0.81058	0.01881	0.00658	0.00967	0.07488	0.00641	0.01138	0.00776	0.00876	0.00520	0.00601	0.00476	0.00322	0.00245	0.00081	0.00416	0.00201	0.00161	0.00473
7	0.00999	0.72317	0.10144	0.00693	0.01032	0.01385	0.00714	0.07217	0.00831	0.01012	0.00559	0.00636	0.00487	0.00331	0.00259	0.00086	0.00413	0.00216	0.00174	0.00495
8	0.00531	0.00393	0.00573	0.00573	0.00632	0.00451	0.00435	0.00648	0.00590	0.00845	0.01015	0.01575	0.00979	0.12945	0.75393	0.00568	0.00918	0.00415	0.00202	0.00319
9	0.00970	0.77564	0.07612	0.00705	0.01041	0.01404	0.04340	0.01119	0.00762	0.00908	0.00537	0.00626	0.00480	0.00320	0.00255	0.00084	0.00417	0.00214	0.00160	0.00482
10	0.00530	0.00398	0.00597	0.00597	0.00663	0.00464	0.00464	0.00663	0.00597	0.00862	0.00994	0.01458	0.00928	0.02784	0.85484	0.00597	0.00994	0.00398	0.00199	0.00331
11	0.00538	0.00377	0.00484	0.00458	0.00545	0.00350	0.00343	0.00713	0.01029	0.01480	0.77963	0.02665	0.03304	0.00733	0.00424	0.00114	0.00175	0.00646	0.07307	0.00350
12	0.00619	0.00451	0.00614	0.00688	0.00782	0.00459	0.00597	0.00847	0.06211	0.01139	0.01936	0.04006	0.02072	0.00992	0.00504	0.00168	0.00339	0.76874	0.00344	0.00358
13	0.00616	0.00521	0.00750	0.00701	0.00744	0.00662	0.00557	0.00726	0.00585	0.00864	0.00850	0.01312	0.00816	0.06390	0.55800	0.00453	0.26731	0.00383	0.00189	0.00349
14	0.89577	0.00718	0.00546	0.00488	0.00718	0.00833	0.00402	0.01091	0.00632	0.01665	0.00517	0.00603	0.00402	0.00345	0.00230	0.00115	0.00287	0.00201	0.00230	0.00402
15	0.00872	0.00744	0.00795	0.00718	0.00913	0.00850	0.00557	0.01810	0.73351	0.01545	0.12131	0.01563	0.01436	0.00536	0.00385	0.00125	0.00279	0.00452	0.00382	0.00557
16	0.01019	0.00491	0.00649	0.00551	0.00728	0.00435	0.00437	0.01174	0.01034	0.37923	0.39516	0.02215	0.08634	0.00650	0.00412	0.00118	0.00242	0.02876	0.00424	0.00470
17	0.00530	0.00398	0.00597	0.00597	0.00663	0.00464	0.00464	0.00663	0.00597	0.00862	0.00994	0.01458	0.00928	0.02784	0.85484	0.00597	0.00994	0.00398	0.00199	0.00331
18	0.00889	0.00852	0.01454	0.13591	0.73557	0.00874	0.01125	0.01113	0.00831	0.01177	0.00693	0.00928	0.00575	0.00336	0.00368	0.00112	0.00448	0.00331	0.00181	0.00564
19	0.00540	0.00360	0.00405	0.00405	0.00405	0.00360	0.00225	0.00540	0.00540	0.00720	0.01170	0.02429	0.01349	0.86955	0.01889	0.00360	0.00360	0.00540	0.00225	0.00225
20	0.00762	0.05143	0.78119	0.01028	0.01553	0.00888	0.01308	0.01208	0.04461	0.01181	0.00698	0.00803	0.00500	0.00358	0.00349	0.00116	0.00531	0.00278	0.00167	0.00548
21	0.00744	0.01920	0.85032	0.01058	0.01607	0.00862	0.01371	0.01176	0.00784	0.01176	0.00666	0.00784	0.00470	0.00353	0.00353	0.00118	0.00549	0.00274	0.00157	0.00549
22	0.16732	0.00800	0.00752	0.00641	0.00835	0.12748	0.00506	0.17460	0.01116	0.11865	0.30815	0.01529	0.01634	0.00533	0.00365	0.00112	0.00329	0.00423	0.00345	0.00461
23	0.07887	0.07599	0.02598	0.00973	0.11923	0.08844	0.02014	0.30591	0.02436	0.15413	0.04078	0.00969	0.00741	0.00422	0.00364	0.00110	0.01844	0.00326	0.00309	0.00559

[dist]
# distance from previous block
# <min> <max>
0	6

[block]
# block no. 4 follows, 74 sequences, length 38
# corresponding to MSA columns:
# 171-208
name=unknown_E
#
# <colnr> <probs for GDERKNQSTAVLIFYWHMCP>
#	G	D	E	R	K	N	Q	S	T	A	V	L	I	F	Y	W	H	M	C	P
0	0.08069	0.11071	0.07068	0.01355	0.31266	0.21528	0.02571	0.04455	0.02456	0.05798	0.00696	0.00815	0.00555	0.00359	0.00335	0.00105	0.00480	0.00285	0.00211	0.00522
1	0.01020	0.71860	0.07435	0.00700	0.01019	0.10851	0.00694	0.01157	0.00790	0.00898	0.00533	0.00616	0.00476	0.00327	0.00257	0.00084	0.00438	0.00208	0.00162	0.00476
2	0.00843	0.00784	0.01044	0.06480	0.35405	0.08461	0.00793	0.08085	0.02238	0.01202	0.02520	0.20650	0.04576	0.00606	0.00401	0.00123	0.00389	0.04668	0.00257	0.00474
3	0.00482	0.00387	0.00435	0.00454	0.00560	0.00345	0.00349	0.00610	0.02479	0.01064	0.09945	0.12863	0.54234	0.00955	0.00453	0.00135	0.00216	0.13360	0.00350	0.00325
4	0.01477	0.00797	0.00989	0.00843	0.06775	0.00798	0.00643	0.29039	0.07105	0.45693	0.01223	0.01124	0.00815	0.00449	0.00373	0.00114	0.00354	0.00361	0.00405	0.00625
5	0.00521	0.00378	0.00492	0.00473	0.00558	0.00349	0.00355	0.00688	0.01021	0.01436	0.75570	0.07462	0.05515	0.00793	0.00442	0.00120	0.00182	0.02898	0.00402	0.00346
6	0.00544	0.00415	0.00611	0.00603	0.00663	0.00489	0.00467	0.00667	0.00592	0.00855	0.00981	0.01483	0.00931	0.07430	0.76891	0.00563	0.04886	0.00402	0.00199	0.00329
7	0.00615	0.00406	0.00532	0.00508	0.00613	0.00404	0.00392	0.00751	0.00805	0.08318	0.19995	0.02221	0.21097	0.01576	0.34818	0.00311	0.00521	0.00543	0.05215	0.00358
8	0.01411	0.01040	0.01114	0.00854	0.01151	0.01151	0.00706	0.83402	0.01745	0.02339	0.00891	0.00891	0.00631	0.00446	0.00371	0.00111	0.00408	0.00334	0.00371	0.00631
9	0.00540	0.00360	0.00405	0.00405	0.00405	0.00360	0.00225	0.00540	0.00540	0.00720	0.01170	0.02429	0.01349	0.86955	0.01889	0.00360	0.00360	0.00540	0.00225	0.00225
10	0.89577	0.00718	0.00546	0.00488	0.00718	0.00833	0.00402	0.01091	0.00632	0.01665	0.00517	0.00603	0.00402	0.00345	0.00230	0.00115	0.00287	0.00201	0.00230	0.00402
11	0.89577	0.00718	0.00546	0.00488	0.00718	0.00833	0.00402	0.01091	0.00632	0.01665	0.00517	0.00603	0.00402	0.00345	0.00230	0.00115	0.00287	0.00201	0.00230	0.00402
12	0.00452	0.00323	0.00431	0.00517	0.00538	0.00301	0.00345	0.00517	0.00711	0.00948	0.02046	0.86713	0.02455	0.01163	0.00474	0.00151	0.00215	0.01055	0.00345	0.00301
13	0.00452	0.00325	0.00429	0.00511	0.00537	0.00302	0.00342	0.00517	0.00716	0.00950	0.02113	0.83443	0.05682	0.01154	0.00472	0.00150	0.00214	0.01045	0.00345	0.00302
14	0.00569	0.00406	0.00564	0.00650	0.00722	0.00402	0.00547	0.00718	0.00825	0.01078	0.01982	0.20887	0.02201	0.01053	0.00505	0.00167	0.00316	0.65733	0.00342	0.00334
15	0.00710	0.00527	0.00771	0.46238	0.01583	0.00617	0.00681	0.02424	0.00777	0.01168	0.00910	0.01164	0.00701	0.00400	0.00321	0.00107	0.00350	0.00337	0.39829	0.00387
16	0.00452	0.00325	0.00429	0.00512	0.00537	0.00302	0.00342	0.00517	0.00715	0.00949	0.02105	0.83857	0.05273	0.01155	0.00473	0.00150	0.00214	0.01046	0.00345	0.00302
17	0.00756	0.04831	0.80506	0.01054	0.01591	0.00884	0.02999	0.01174	0.00785	0.01165	0.00663	0.00782	0.00472	0.00351	0.00350	0.00116	0.00545	0.00275	0.00157	0.00545
18	0.89577	0.00718	0.00546	0.00488	0.00718	0.00833	0.00402	0.01091	0.00632	0.01665	0.00517	0.00603	0.00402	0.00345	0.00230	0.00115	0.00287	0.00201	0.00230	0.00402
19	0.28870	0.09036	0.00969	0.00772	0.00990	0.46608	0.00607	0.03557	0.03500	0.01200	0.00589	0.00670	0.00479	0.00370	0.00296	0.00102	0.00507	0.00232	0.00211	0.00436
20	0.00560	0.00439	0.00645	0.00626	0.00691	0.00522	0.00491	0.00687	0.00597	0.00870	0.00945	0.01401	0.00888	0.03718	0.75198	0.00544	0.08424	0.00390	0.00196	0.02170
21	0.00713	0.00672	0.01134	0.81602	0.06927	0.00828	0.01037	0.00959	0.00748	0.00962	0.00662	0.00986	0.00500	0.00369	0.00371	0.00123	0.00492	0.00330	0.00166	0.00422
22	0.08347	0.06287	0.01056	0.05596	0.06091	0.22902	0.00693	0.25735	0.04853	0.01447	0.00835	0.08103	0.00723	0.00477	0.00398	0.00113	0.05231	0.00355	0.00264	0.00494
23	0.00452	0.00323	0.00431	0.00517	0.00538	0.00301	0.00345	0.00517	0.00711	0.00948	0.02046	0.86713	0.02455	0.01163	0.00474	0.00151	0.00215	0.01055	0.00345	0.00301
24	0.01393	0.01094	0.01043	0.00832	0.01099	0.16507	0.00672	0.53742	0.03134	0.11916	0.04200	0.00979	0.00760	0.00449	0.00368	0.00109	0.00434	0.00336	0.00350	0.00583
25	0.04840	0.01413	0.01015	0.00878	0.01099	0.51313	0.00679	0.22667	0.02971	0.05956	0.00766	0.03318	0.00611	0.00427	0.00347	0.00104	0.00546	0.00298	0.00263	0.00492
26	0.00458	0.00326	0.00430	0.00510	0.00531	0.00306	0.00338	0.00521	0.00707	0.00945	0.03468	0.80545	0.02412	0.05909	0.00552	0.00162	0.00223	0.01020	0.00339	0.00298
27	0.00919	0.00882	0.01507	0.02278	0.84640	0.00882	0.01139	0.01139	0.00845	0.01213	0.00698	0.00919	0.00588	0.00331	0.00367	0.00110	0.00441	0.00331	0.00184	0.00588
28	0.00873	0.00991	0.02132	0.01532	0.01887	0.00950	0.78742	0.01173	0.00859	0.01173	0.00736	0.00991	0.00559	0.00331	0.00481	0.00127	0.05350	0.00432	0.00186	0.00495
29	0.00798	0.06831	0.75926	0.01019	0.01541	0.00900	0.01292	0.03750	0.00817	0.02835	0.00680	0.00785	0.00484	0.00356	0.00347	0.00115	0.00531	0.00274	0.00169	0.00549
30	0.01326	0.01650	0.01074	0.01010	0.04752	0.74466	0.00739	0.02511	0.02321	0.00950	0.00593	0.00703	0.00496	0.00399	0.00389	0.00101	0.05635	0.00252	0.00195	0.00441
31	0.01122	0.00508	0.00680	0.00584	0.00771	0.00450	0.00463	0.01260	0.00985	0.45876	0.19013	0.14132	0.06694	0.00682	0.00413	0.00124	0.00266	0.05068	0.00419	0.00491
32	0.00531	0.00397	0.00591	0.00591	0.00655	0.00461	0.00457	0.00659	0.00595	0.00857	0.00999	0.01487	0.00941	0.05300	0.82985	0.00589	0.00975	0.00402	0.00200	0.00328
33	0.00449	0.00347	0.00409	0.00455	0.00523	0.00308	0.00318	0.00529	0.00779	0.00987	0.05219	0.48555	0.37686	0.01055	0.00458	0.00139	0.00202	0.00927	0.00347	0.00308
34	0.00452	0.00323	0.00431	0.00517	0.00538	0.00301	0.00345	0.00517	0.00711	0.00948	0.02046	0.86713	0.02455	0.01163	0.00474	0.00151	0.00215	0.01055	0.00345	0.00301
35	0.00481	0.00373	0.00407	0.00426	0.00530	0.00328	0.00323	0.00589	0.00830	0.01053	0.05380	0.13545	0.56407	0.00928	0.00436	0.00130	0.00206	0.09436	0.07874	0.00319
36	0.00701	0.00660	0.01113	0.86063	0.02556	0.00825	0.01031	0.00948	0.00742	0.00948	0.00660	0.00990	0.00495	0.00371	0.00371	0.00124	0.00495	0.00330	0.00165	0.00412
37	0.00795	0.00731	0.01170	0.48495	0.11573	0.00909	0.02046	0.00990	0.00720	0.04083	0.00647	0.00943	0.00520	0.00446	0.00606	0.00133	0.24243	0.00332	0.00178	0.00440

[dist]
# distance from previous block
# <min> <max>
0	4

# created by:
# /st0/software/busco_prod/Augustus/scripts/msa2prfl.pl ./align_prep/33753.fa
