[name]
unknown

[dist]
# distance from previous block
# <min> <max>
0	10

[block]
# block no. 0 follows, 73 sequences, length 13
# corresponding to MSA columns:
# 10-22
name=unknown_A
#
# <colnr> <probs for GDERKNQSTAVLIFYWHMCP>
#	G	D	E	R	K	N	Q	S	T	A	V	L	I	F	Y	W	H	M	C	P
0	0.02789	0.01003	0.03751	0.02536	0.09784	0.07387	0.09490	0.31258	0.11978	0.13430	0.01002	0.01058	0.00732	0.00431	0.00379	0.00116	0.00434	0.01536	0.00322	0.00584
1	0.01055	0.04833	0.01169	0.02550	0.09374	0.07911	0.10207	0.10055	0.29167	0.07692	0.01045	0.01069	0.00788	0.00411	0.00364	0.00110	0.00402	0.00354	0.00297	0.11147
2	0.00536	0.00363	0.00408	0.00411	0.00421	0.00358	0.00235	0.00544	0.00572	0.00755	0.01388	0.05534	0.06933	0.78036	0.01761	0.00340	0.00347	0.00581	0.00240	0.00236
3	0.01143	0.43091	0.06246	0.00893	0.06229	0.31023	0.00748	0.04815	0.00919	0.00998	0.00579	0.00672	0.00495	0.00353	0.00296	0.00092	0.00510	0.00234	0.00183	0.00483
4	0.01420	0.00647	0.00844	0.00635	0.00938	0.00536	0.00520	0.01571	0.00988	0.60436	0.01243	0.01132	0.00820	0.00410	0.00348	0.00098	0.00307	0.00332	0.00394	0.26379
5	0.00800	0.07376	0.75502	0.01037	0.01559	0.05008	0.01306	0.01199	0.00803	0.01156	0.00659	0.00774	0.00476	0.00356	0.00348	0.00115	0.00551	0.00271	0.00160	0.00544
6	0.01096	0.01375	0.13519	0.01052	0.08511	0.33749	0.03509	0.03077	0.27783	0.01232	0.00923	0.00965	0.00712	0.00416	0.00362	0.00112	0.00509	0.00322	0.00252	0.00524
7	0.01629	0.00640	0.00865	0.00661	0.00954	0.00548	0.00545	0.01776	0.01056	0.79756	0.01432	0.01247	0.00906	0.00453	0.00371	0.00112	0.00317	0.00368	0.00450	0.05913
8	0.00876	0.40929	0.41284	0.00908	0.01343	0.01158	0.06525	0.01159	0.00785	0.01049	0.00609	0.00720	0.00484	0.00337	0.00309	0.00102	0.00489	0.00253	0.00161	0.00518
9	0.01401	0.01788	0.01063	0.00967	0.01160	0.85309	0.00725	0.01498	0.01063	0.00918	0.00580	0.00677	0.00483	0.00387	0.00338	0.00097	0.00677	0.00242	0.00193	0.00435
10	0.00515	0.00371	0.00478	0.00544	0.00588	0.00356	0.00383	0.04093	0.00779	0.01030	0.02064	0.68718	0.06060	0.03502	0.00516	0.00157	0.00241	0.08938	0.00346	0.00321
11	0.04480	0.04589	0.76628	0.01044	0.01573	0.00892	0.03357	0.01183	0.00787	0.01199	0.00664	0.00784	0.00475	0.00354	0.00350	0.00118	0.00540	0.00276	0.00162	0.00545
12	0.00989	0.59679	0.22582	0.00750	0.01128	0.01265	0.00821	0.01190	0.00792	0.06898	0.00627	0.00697	0.00512	0.00340	0.00279	0.00092	0.00434	0.00232	0.00181	0.00511

[dist]
# distance from previous block
# <min> <max>
0	10

[block]
# block no. 1 follows, 73 sequences, length 49
# corresponding to MSA columns:
# 33-81
name=unknown_B
#
# <colnr> <probs for GDERKNQSTAVLIFYWHMCP>
#	G	D	E	R	K	N	Q	S	T	A	V	L	I	F	Y	W	H	M	C	P
0	0.00450	0.00377	0.00392	0.00403	0.00519	0.00319	0.00301	0.00545	0.00843	0.01012	0.03586	0.11003	0.74307	0.00973	0.00449	0.00131	0.00198	0.03526	0.00348	0.00317
1	0.00752	0.01941	0.84871	0.01069	0.01624	0.00871	0.01386	0.01188	0.00792	0.01188	0.00673	0.00792	0.00475	0.00356	0.00356	0.00119	0.00554	0.00277	0.00158	0.00554
2	0.00876	0.00838	0.01460	0.08259	0.62767	0.00845	0.08171	0.01103	0.00850	0.01193	0.00838	0.01277	0.00744	0.00407	0.00393	0.00120	0.00456	0.08653	0.00201	0.00548
3	0.00886	0.01012	0.02214	0.01581	0.01961	0.00949	0.83112	0.01202	0.00886	0.01202	0.00759	0.01012	0.00569	0.00316	0.00443	0.00127	0.00633	0.00443	0.00190	0.00506
4	0.00546	0.00364	0.00409	0.00409	0.00409	0.00364	0.00227	0.00546	0.00546	0.00727	0.01182	0.02455	0.01364	0.86815	0.01910	0.00364	0.00364	0.00546	0.00227	0.00227
5	0.01683	0.00638	0.00871	0.00668	0.00958	0.00551	0.00551	0.01828	0.01074	0.84734	0.01480	0.01277	0.00929	0.00464	0.00377	0.00116	0.00319	0.00377	0.00464	0.00638
6	0.00531	0.00383	0.00501	0.00472	0.00560	0.00354	0.00354	0.00708	0.01062	0.01504	0.84277	0.02802	0.03540	0.00767	0.00442	0.00118	0.00177	0.00678	0.00413	0.00354
7	0.00823	0.00791	0.06214	0.01613	0.51000	0.00713	0.00901	0.01038	0.00909	0.04482	0.22237	0.03467	0.03224	0.00484	0.00393	0.00115	0.00368	0.00448	0.00260	0.00519
8	0.01683	0.00638	0.00871	0.00668	0.00958	0.00551	0.00551	0.01828	0.01074	0.84734	0.01480	0.01277	0.00929	0.00464	0.00377	0.00116	0.00319	0.00377	0.00464	0.00638
9	0.00531	0.00383	0.00501	0.00472	0.00560	0.00354	0.00354	0.00708	0.01062	0.01504	0.84277	0.02802	0.03540	0.00767	0.00442	0.00118	0.00177	0.00678	0.00413	0.00354
10	0.00796	0.01275	0.38011	0.01084	0.03622	0.01760	0.16220	0.01117	0.02683	0.04135	0.02233	0.05806	0.00881	0.00514	0.00482	0.00132	0.08463	0.10072	0.00218	0.00495
11	0.01009	0.01093	0.02077	0.01536	0.01861	0.04712	0.67302	0.01251	0.00922	0.01254	0.00825	0.01121	0.00659	0.00438	0.00589	0.00150	0.11977	0.00453	0.00225	0.00547
12	0.01445	0.00590	0.00800	0.00652	0.00894	0.00520	0.00531	0.02677	0.01029	0.66761	0.03329	0.10845	0.01237	0.00589	0.00400	0.00124	0.00308	0.06255	0.00441	0.00575
13	0.00819	0.06251	0.64688	0.01107	0.01612	0.00930	0.12660	0.05434	0.00854	0.01235	0.00689	0.00818	0.00497	0.00354	0.00363	0.00118	0.00550	0.00299	0.00174	0.00548
14	0.00952	0.00789	0.00840	0.00752	0.00964	0.00903	0.00586	0.01954	0.78445	0.04801	0.03662	0.01431	0.01199	0.00514	0.00383	0.00127	0.00295	0.00429	0.00386	0.00589
15	0.00554	0.00425	0.00623	0.00613	0.00672	0.00503	0.00474	0.00676	0.00597	0.00863	0.00986	0.01499	0.00939	0.08190	0.74787	0.00561	0.06098	0.00407	0.00200	0.00332
16	0.00646	0.00332	0.00494	0.00497	0.00502	0.00333	0.00338	0.00504	0.00505	0.00674	0.00714	0.01276	0.00721	0.02498	0.03259	0.82777	0.00342	0.03241	0.00171	0.00174
17	0.11060	0.01366	0.06106	0.01025	0.09884	0.39071	0.00762	0.17429	0.07416	0.01384	0.00727	0.00802	0.00567	0.00397	0.00342	0.00107	0.00522	0.00282	0.00245	0.00508
18	0.00456	0.00330	0.00431	0.00513	0.00542	0.00306	0.00344	0.00524	0.00728	0.00962	0.02188	0.80811	0.08162	0.01160	0.00476	0.00151	0.00216	0.01047	0.00348	0.00306
19	0.00454	0.00338	0.00423	0.00491	0.00536	0.00307	0.00334	0.00526	0.00749	0.00970	0.02454	0.68063	0.20739	0.01125	0.00471	0.00147	0.00212	0.01005	0.00348	0.00307
20	0.01077	0.01227	0.25218	0.00896	0.01234	0.03917	0.02450	0.26085	0.21957	0.06658	0.01067	0.01069	0.02550	0.00450	0.00393	0.00119	0.02397	0.00353	0.00304	0.00581
21	0.01090	0.00893	0.01372	0.01848	0.59391	0.00908	0.01001	0.15858	0.03253	0.09451	0.00837	0.00970	0.00649	0.00372	0.00373	0.00113	0.00424	0.00341	0.00251	0.00606
22	0.00519	0.00418	0.00523	0.03576	0.05009	0.00382	0.00390	0.00663	0.00943	0.01246	0.40236	0.04817	0.38270	0.00819	0.00438	0.00122	0.00209	0.00706	0.00363	0.00352
23	0.00860	0.00744	0.02190	0.03280	0.20569	0.00618	0.02448	0.01048	0.00813	0.05509	0.00720	0.00850	0.00582	0.00305	0.00312	0.00076	0.00337	0.00265	0.00223	0.58251
24	0.79629	0.00717	0.00582	0.00507	0.00748	0.00807	0.00417	0.01138	0.00672	0.06620	0.00587	0.00658	0.00445	0.00352	0.00243	0.00113	0.00291	0.00215	0.00246	0.05013
25	0.01409	0.01027	0.01105	0.00853	0.01148	0.01135	0.00703	0.76963	0.05776	0.04622	0.00948	0.00936	0.00671	0.00454	0.00376	0.00113	0.00405	0.00343	0.00378	0.00636
26	0.00916	0.01054	0.14614	0.04526	0.53008	0.00896	0.07660	0.03483	0.06519	0.02547	0.00777	0.00953	0.00614	0.00355	0.00376	0.00115	0.00466	0.00341	0.00204	0.00577
27	0.00467	0.00334	0.00443	0.00526	0.00552	0.00313	0.00358	0.00537	0.00723	0.00961	0.02064	0.78862	0.03563	0.03452	0.00519	0.00159	0.00228	0.05290	0.00345	0.00305
28	0.00829	0.00788	0.01326	0.40030	0.45304	0.00866	0.01087	0.01086	0.02972	0.01114	0.00710	0.00973	0.00566	0.00357	0.00373	0.00118	0.00466	0.00336	0.00182	0.00514
29	0.00459	0.00327	0.00435	0.00519	0.00541	0.00306	0.00345	0.00523	0.00714	0.00952	0.02044	0.84332	0.02452	0.03454	0.00517	0.00158	0.00222	0.01053	0.00345	0.00303
30	0.00942	0.00811	0.00854	0.00765	0.00979	0.00938	0.00596	0.03526	0.82249	0.01584	0.01515	0.01390	0.01136	0.00508	0.00382	0.00127	0.00299	0.00423	0.00382	0.00595
31	0.00974	0.00918	0.01430	0.05295	0.49006	0.03639	0.10027	0.11329	0.00964	0.01343	0.00725	0.00911	0.00585	0.00343	0.00368	0.00107	0.00452	0.00330	0.00213	0.11040
32	0.00649	0.02103	0.00890	0.03065	0.03858	0.00659	0.08523	0.00777	0.00670	0.00933	0.01161	0.04114	0.06701	0.12674	0.29561	0.00329	0.17212	0.05541	0.00217	0.00365
33	0.01003	0.87041	0.01966	0.00642	0.00963	0.01485	0.00642	0.01123	0.00762	0.00883	0.00522	0.00602	0.00481	0.00321	0.00241	0.00080	0.00401	0.00201	0.00160	0.00481
34	0.01022	0.76036	0.05999	0.00689	0.01011	0.08131	0.00685	0.01156	0.00788	0.00901	0.00534	0.00617	0.00481	0.00328	0.00254	0.00083	0.00431	0.00208	0.00163	0.00481
35	0.00799	0.18432	0.53440	0.02524	0.02480	0.00964	0.08329	0.01133	0.00792	0.01115	0.02184	0.02806	0.00608	0.02384	0.00382	0.00118	0.00510	0.00310	0.00173	0.00517
36	0.00444	0.00377	0.00383	0.00388	0.00509	0.00316	0.00288	0.00538	0.00848	0.01011	0.03710	0.07961	0.80031	0.00962	0.00445	0.00128	0.00191	0.00806	0.00348	0.00316
37	0.00533	0.00383	0.00522	0.00531	0.00574	0.00415	0.00380	0.00621	0.00621	0.00867	0.04776	0.09605	0.01353	0.29130	0.45628	0.00456	0.00680	0.02393	0.00235	0.00299
38	0.00936	0.15076	0.46717	0.00944	0.01362	0.09540	0.01060	0.08799	0.08232	0.01249	0.00733	0.00815	0.00551	0.00382	0.00357	0.00112	0.02113	0.00281	0.00202	0.00539
39	0.01003	0.05460	0.09071	0.01088	0.12775	0.03976	0.09078	0.03444	0.21652	0.12180	0.01057	0.05378	0.00841	0.00478	0.00471	0.00124	0.09784	0.00394	0.01205	0.00539
40	0.00551	0.00359	0.00438	0.00464	0.00485	0.00347	0.00289	0.00585	0.00643	0.03829	0.03145	0.35706	0.01833	0.48187	0.01260	0.00267	0.00301	0.00748	0.00287	0.00275
41	0.00533	0.00441	0.00643	0.00643	0.02776	0.00409	0.08123	0.00656	0.00810	0.01048	0.06799	0.31276	0.26844	0.03058	0.02865	0.00160	0.00295	0.11954	0.00326	0.00342
42	0.00932	0.01277	0.37020	0.02757	0.18200	0.00816	0.07150	0.02909	0.06440	0.12458	0.02051	0.04702	0.00745	0.00417	0.00378	0.00120	0.00466	0.00366	0.00238	0.00558
43	0.00940	0.27976	0.05971	0.03794	0.03437	0.01048	0.00704	0.02383	0.07438	0.08076	0.02720	0.02138	0.00736	0.00478	0.00543	0.00117	0.22023	0.01116	0.07888	0.00475
44	0.00546	0.00364	0.00409	0.00409	0.00409	0.00364	0.00227	0.00546	0.00546	0.00727	0.01182	0.02455	0.01364	0.86815	0.01910	0.00364	0.00364	0.00546	0.00227	0.00227
45	0.00778	0.00667	0.00778	0.00556	0.00889	0.00500	0.00445	0.00945	0.00778	0.01223	0.00667	0.00778	0.00556	0.00278	0.00278	0.00056	0.00278	0.00222	0.00222	0.89108
46	0.00762	0.01886	0.80500	0.01134	0.05968	0.00872	0.01374	0.01186	0.00795	0.01190	0.00675	0.00799	0.00481	0.00355	0.00357	0.00118	0.00549	0.00280	0.00160	0.00557
47	0.00541	0.00381	0.00498	0.00498	0.00529	0.00412	0.00338	0.00603	0.00572	0.00793	0.01101	0.02005	0.01168	0.48252	0.40205	0.00474	0.00658	0.00480	0.00215	0.00277
48	0.00952	0.04945	0.08231	0.05224	0.35710	0.02885	0.05024	0.04620	0.11463	0.07239	0.00966	0.07823	0.00816	0.00447	0.00393	0.00118	0.01949	0.00400	0.00247	0.00548

[dist]
# distance from previous block
# <min> <max>
2	4

[block]
# block no. 2 follows, 73 sequences, length 27
# corresponding to MSA columns:
# 86-112
name=unknown_C
#
# <colnr> <probs for GDERKNQSTAVLIFYWHMCP>
#	G	D	E	R	K	N	Q	S	T	A	V	L	I	F	Y	W	H	M	C	P
0	0.02238	0.00808	0.03065	0.20779	0.23783	0.09584	0.00820	0.01989	0.00824	0.09515	0.03140	0.01176	0.00768	0.06804	0.10781	0.02359	0.00521	0.00358	0.00223	0.00463
1	0.00794	0.00441	0.00575	0.00539	0.00660	0.00402	0.00404	0.02912	0.00958	0.20859	0.31633	0.29888	0.06765	0.00832	0.00438	0.00129	0.00230	0.00733	0.00400	0.00410
2	0.02038	0.00740	0.01075	0.11425	0.25664	0.00749	0.00791	0.09959	0.04418	0.28231	0.01164	0.03906	0.02341	0.01630	0.00405	0.00123	0.00383	0.04079	0.00317	0.00560
3	0.00873	0.00885	0.05810	0.05473	0.35560	0.06441	0.02961	0.06970	0.02907	0.01320	0.19836	0.01360	0.01269	0.01515	0.00453	0.00120	0.05079	0.00411	0.00253	0.00504
4	0.00495	0.00370	0.00406	0.00410	0.00472	0.00339	0.00271	0.00554	0.00731	0.00928	0.09216	0.09015	0.36430	0.37517	0.01070	0.00229	0.00265	0.00697	0.00302	0.00281
5	0.01135	0.23535	0.05411	0.03840	0.03939	0.20473	0.02394	0.18908	0.11917	0.01351	0.03131	0.00892	0.00694	0.00405	0.00335	0.00104	0.00464	0.00300	0.00252	0.00521
6	0.00775	0.09678	0.77333	0.01030	0.01564	0.00927	0.01319	0.01182	0.00789	0.01160	0.00659	0.00775	0.00476	0.00353	0.00346	0.00115	0.00541	0.00270	0.00159	0.00548
7	0.01012	0.36276	0.24194	0.00829	0.01183	0.08386	0.03090	0.05540	0.00885	0.07673	0.00781	0.01016	0.00653	0.00409	0.00325	0.00105	0.00463	0.06460	0.00213	0.00508
8	0.00845	0.26889	0.47497	0.00978	0.04947	0.01035	0.03347	0.03120	0.00805	0.01112	0.00674	0.00852	0.00540	0.00419	0.01665	0.01827	0.00501	0.02256	0.00172	0.00519
9	0.00528	0.00379	0.00516	0.00601	0.00657	0.00367	0.00471	0.00647	0.00793	0.01040	0.02075	0.44240	0.04552	0.01102	0.00497	0.00162	0.00279	0.40423	0.00347	0.00325
10	0.00929	0.00891	0.01523	0.02303	0.84475	0.00891	0.01151	0.01151	0.00854	0.01226	0.00706	0.00929	0.00594	0.00334	0.00371	0.00111	0.00446	0.00334	0.00186	0.00594
11	0.03115	0.01053	0.01014	0.00833	0.01090	0.12071	0.00667	0.43657	0.26545	0.04445	0.01059	0.01028	0.00776	0.00458	0.00370	0.00115	0.00407	0.00350	0.00353	0.00593
12	0.00920	0.00903	0.08389	0.01483	0.40783	0.02580	0.02354	0.02832	0.02742	0.06835	0.04393	0.03881	0.00797	0.00396	0.00380	0.00105	0.02329	0.00352	0.00232	0.17316
13	0.00961	0.04276	0.31784	0.01084	0.12382	0.00837	0.04928	0.10553	0.06679	0.11140	0.08098	0.03769	0.00940	0.00445	0.00376	0.00117	0.00434	0.00378	0.00267	0.00552
14	0.42879	0.07315	0.00848	0.00623	0.00886	0.04976	0.02314	0.03236	0.00856	0.31471	0.00883	0.00868	0.00613	0.00391	0.00298	0.00113	0.00338	0.00276	0.00311	0.00504
15	0.00929	0.00891	0.01523	0.02303	0.84475	0.00891	0.01151	0.01151	0.00854	0.01226	0.00706	0.00929	0.00594	0.00334	0.00371	0.00111	0.00446	0.00334	0.00186	0.00594
16	0.01068	0.12445	0.36255	0.00927	0.05755	0.02667	0.00946	0.01393	0.06055	0.23857	0.02760	0.00986	0.00716	0.00398	0.00349	0.00111	0.00438	0.00314	0.00265	0.02294
17	0.00800	0.02145	0.01295	0.53770	0.29500	0.02063	0.03046	0.01038	0.00792	0.01051	0.00678	0.00966	0.00532	0.00360	0.00373	0.00119	0.00486	0.00333	0.00174	0.00479
18	0.00652	0.00326	0.00489	0.00489	0.00489	0.00326	0.00326	0.00489	0.00489	0.00652	0.00652	0.01140	0.00652	0.01303	0.01466	0.89084	0.00326	0.00326	0.00163	0.00163
19	0.00709	0.00667	0.01125	0.85913	0.02584	0.00834	0.01042	0.00959	0.00750	0.00959	0.00667	0.01000	0.00500	0.00375	0.00375	0.00125	0.00500	0.00333	0.00167	0.00417
20	0.01044	0.10265	0.12565	0.02206	0.26196	0.14771	0.03063	0.04437	0.08598	0.07403	0.00848	0.03776	0.00687	0.00402	0.00355	0.00109	0.00464	0.00334	0.00233	0.02245
21	0.00556	0.00362	0.00430	0.00430	0.00434	0.00366	0.00253	0.00547	0.00543	0.00728	0.01114	0.02251	0.01260	0.72251	0.07149	0.09965	0.00400	0.00513	0.00219	0.00227
22	0.00702	0.00437	0.00484	0.00471	0.00586	0.00430	0.00368	0.07060	0.02085	0.03981	0.03783	0.05416	0.19445	0.03440	0.00417	0.00123	0.00234	0.12066	0.38101	0.00371
23	0.03953	0.04751	0.22909	0.01306	0.25803	0.13626	0.00979	0.02217	0.04757	0.11687	0.01616	0.00912	0.00630	0.00387	0.00379	0.00113	0.02890	0.00309	0.00228	0.00548
24	0.00811	0.00837	0.05593	0.03154	0.21624	0.10632	0.01844	0.05097	0.04858	0.01163	0.04559	0.24120	0.05130	0.01728	0.01653	0.00133	0.02805	0.00557	0.00265	0.03438
25	0.00542	0.00369	0.00442	0.00444	0.00455	0.00380	0.00270	0.00565	0.00559	0.00756	0.01174	0.04246	0.01320	0.71047	0.15561	0.00398	0.00466	0.00534	0.00226	0.00247
26	0.00860	0.04112	0.60805	0.01209	0.12082	0.08974	0.02687	0.02901	0.00847	0.01183	0.00670	0.00799	0.00496	0.00357	0.00355	0.00115	0.00547	0.00283	0.00170	0.00547

[dist]
# distance from previous block
# <min> <max>
0	1

[block]
# block no. 3 follows, 73 sequences, length 50
# corresponding to MSA columns:
# 114-163
name=unknown_D
#
# <colnr> <probs for GDERKNQSTAVLIFYWHMCP>
#	G	D	E	R	K	N	Q	S	T	A	V	L	I	F	Y	W	H	M	C	P
0	0.00859	0.10278	0.12124	0.01362	0.33132	0.01783	0.02772	0.03873	0.10311	0.01241	0.06862	0.01239	0.05884	0.00533	0.03718	0.00133	0.02756	0.00379	0.00234	0.00526
1	0.00471	0.00380	0.00419	0.00415	0.00527	0.00328	0.00311	0.00589	0.00909	0.01151	0.26307	0.06154	0.57799	0.00907	0.00445	0.00126	0.00189	0.01879	0.00366	0.00327
2	0.00887	0.24594	0.43878	0.00929	0.03185	0.03809	0.02254	0.01173	0.00793	0.05792	0.00696	0.00820	0.00540	0.00534	0.06336	0.00143	0.02665	0.00275	0.00182	0.00517
3	0.00995	0.84279	0.04656	0.00656	0.00984	0.01465	0.00666	0.01126	0.00763	0.00893	0.00527	0.00608	0.00481	0.00322	0.00244	0.00081	0.00406	0.00203	0.00160	0.00484
4	0.00539	0.00391	0.00545	0.00545	0.00592	0.00438	0.00397	0.00633	0.00586	0.00828	0.01058	0.01766	0.01065	0.27854	0.60462	0.00532	0.00814	0.00445	0.00209	0.00303
5	0.01401	0.01788	0.01063	0.00967	0.01160	0.85309	0.00725	0.01498	0.01063	0.00918	0.00580	0.00677	0.00483	0.00387	0.00338	0.00097	0.00677	0.00242	0.00193	0.00435
6	0.00546	0.00364	0.00409	0.00409	0.00409	0.00364	0.00227	0.00546	0.00546	0.00727	0.01182	0.02455	0.01364	0.86815	0.01910	0.00364	0.00364	0.00546	0.00227	0.00227
7	0.89465	0.00726	0.00551	0.00493	0.00726	0.00842	0.00406	0.01103	0.00638	0.01683	0.00522	0.00609	0.00406	0.00348	0.00232	0.00116	0.00290	0.00203	0.00232	0.00406
8	0.00911	0.00763	0.00801	0.00725	0.00925	0.00878	0.00563	0.01888	0.75974	0.01553	0.01498	0.01400	0.01128	0.00502	0.00370	0.00123	0.00285	0.00417	0.08723	0.00571
9	0.00460	0.00334	0.00435	0.00514	0.00547	0.00309	0.00349	0.00531	0.00735	0.00967	0.02226	0.76766	0.10021	0.01151	0.00477	0.00151	0.00218	0.03156	0.00348	0.00307
10	0.00465	0.00332	0.00444	0.00528	0.00554	0.00311	0.00358	0.00537	0.00733	0.00979	0.04274	0.81088	0.02497	0.01159	0.00479	0.00152	0.00222	0.04230	0.00350	0.00308
11	0.00709	0.00667	0.01125	0.85913	0.02584	0.00834	0.01042	0.00959	0.00750	0.00959	0.00667	0.01000	0.00500	0.00375	0.00375	0.00125	0.00500	0.00333	0.00167	0.00417
12	0.00840	0.00686	0.00830	0.00883	0.11759	0.00742	0.00595	0.06220	0.40259	0.03583	0.09937	0.16327	0.04450	0.00639	0.00405	0.00127	0.00294	0.00557	0.00354	0.00513
13	0.03280	0.42193	0.01601	0.02600	0.21102	0.11093	0.00784	0.11190	0.00939	0.01171	0.00622	0.00733	0.00526	0.00349	0.00302	0.00095	0.00445	0.00257	0.00199	0.00519
14	0.01426	0.00789	0.00930	0.00718	0.00997	0.00789	0.00590	0.36043	0.01328	0.37327	0.03394	0.01136	0.00855	0.00453	0.00365	0.00109	0.00343	0.00357	0.05922	0.06128
15	0.01243	0.18147	0.01253	0.02558	0.05072	0.15760	0.00706	0.33253	0.12498	0.04642	0.00862	0.00887	0.00655	0.00415	0.00343	0.00106	0.00440	0.00307	0.00292	0.00559
16	0.08658	0.16286	0.22310	0.03079	0.09037	0.00955	0.13736	0.04642	0.03805	0.11251	0.00811	0.02431	0.00618	0.00379	0.00347	0.00113	0.00456	0.00324	0.00230	0.00532
17	0.02857	0.06249	0.69345	0.00975	0.01481	0.00860	0.01218	0.01150	0.00782	0.01180	0.00669	0.00801	0.00495	0.01624	0.00363	0.00114	0.00511	0.00270	0.00167	0.08888
18	0.00536	0.00402	0.00603	0.00603	0.00670	0.00469	0.00469	0.00670	0.00603	0.00871	0.01005	0.01474	0.00938	0.02814	0.85328	0.00603	0.01005	0.00402	0.00201	0.00335
19	0.32027	0.16230	0.05060	0.00666	0.00925	0.04064	0.00582	0.15157	0.10285	0.04305	0.00850	0.06837	0.00712	0.00443	0.00307	0.00112	0.00354	0.00322	0.00272	0.00489
20	0.00848	0.01271	0.25251	0.01439	0.01867	0.00927	0.60334	0.01198	0.00859	0.01198	0.00735	0.00951	0.00543	0.00327	0.00419	0.00124	0.00611	0.00397	0.00181	0.00520
21	0.00844	0.18475	0.28175	0.00911	0.08383	0.05605	0.00844	0.01072	0.02714	0.03949	0.00830	0.01169	0.01782	0.17060	0.03330	0.00173	0.03690	0.00336	0.00196	0.00462
22	0.23631	0.01157	0.00879	0.00777	0.00997	0.30483	0.00605	0.10611	0.24604	0.01459	0.00871	0.00890	0.00670	0.00419	0.00328	0.00112	0.00441	0.00295	0.00277	0.00495
23	0.00967	0.00804	0.00853	0.00762	0.00978	0.00924	0.00594	0.03251	0.79655	0.04463	0.01516	0.01388	0.01130	0.00507	0.00381	0.00127	0.00299	0.00421	0.00385	0.00596
24	0.00541	0.00390	0.00427	0.00438	0.00547	0.00358	0.00341	0.00693	0.02823	0.01156	0.07605	0.05044	0.44875	0.00833	0.00414	0.00125	0.00212	0.12876	0.19965	0.00337
25	0.00546	0.00364	0.00409	0.00409	0.00409	0.00364	0.00227	0.00546	0.00546	0.00727	0.01182	0.02455	0.01364	0.86815	0.01910	0.00364	0.00364	0.00546	0.00227	0.00227
26	0.00991	0.00540	0.00688	0.00578	0.00753	0.00509	0.00457	0.10630	0.01147	0.27363	0.48977	0.02110	0.02395	0.00637	0.00415	0.00117	0.00248	0.00546	0.00425	0.00475
27	0.00556	0.00412	0.00520	0.00482	0.00585	0.00368	0.00352	0.00701	0.00931	0.01323	0.55213	0.12039	0.02800	0.09865	0.00581	0.00140	0.00215	0.00649	0.00361	0.11908
28	0.00709	0.00667	0.01125	0.85913	0.02584	0.00834	0.01042	0.00959	0.00750	0.00959	0.00667	0.01000	0.00500	0.00375	0.00375	0.00125	0.00500	0.00333	0.00167	0.00417
29	0.00471	0.00370	0.00430	0.00467	0.00555	0.00329	0.00348	0.00570	0.00821	0.01027	0.05708	0.29365	0.45635	0.01025	0.00464	0.00140	0.00218	0.11387	0.00350	0.00318
30	0.00886	0.01012	0.02214	0.01581	0.01961	0.00949	0.83112	0.01202	0.00886	0.01202	0.00759	0.01012	0.00569	0.00316	0.00443	0.00127	0.00633	0.00443	0.00190	0.00506
31	0.00546	0.00364	0.00409	0.00409	0.00409	0.00364	0.00227	0.00546	0.00546	0.00727	0.01182	0.02455	0.01364	0.86815	0.01910	0.00364	0.00364	0.00546	0.00227	0.00227
32	0.00527	0.00394	0.00585	0.00594	0.00656	0.00451	0.00456	0.00654	0.00615	0.00880	0.01119	0.10626	0.01104	0.02638	0.76203	0.00554	0.00920	0.00473	0.00217	0.00332
33	0.03199	0.00622	0.00835	0.00647	0.00922	0.00543	0.00532	0.01745	0.01056	0.77609	0.04210	0.01320	0.01007	0.00471	0.00373	0.00115	0.00309	0.00383	0.03485	0.00615
34	0.00492	0.00375	0.00408	0.00405	0.00480	0.00341	0.00275	0.00561	0.00755	0.00953	0.10712	0.03055	0.43761	0.32732	0.02925	0.00224	0.00272	0.00681	0.00307	0.00288
35	0.00752	0.01941	0.84871	0.01069	0.01624	0.00871	0.01386	0.01188	0.00792	0.01188	0.00673	0.00792	0.00475	0.00356	0.00356	0.00119	0.00554	0.00277	0.00158	0.00554
36	0.00447	0.00378	0.00386	0.00389	0.00510	0.00317	0.00290	0.00544	0.00857	0.01028	0.06478	0.07009	0.78183	0.00953	0.00445	0.00127	0.00191	0.00799	0.00351	0.00317
37	0.01387	0.00569	0.00756	0.00609	0.00838	0.00504	0.00488	0.01539	0.02166	0.62140	0.08031	0.05860	0.01242	0.04722	0.00453	0.00128	0.00293	0.00443	0.07276	0.00556
38	0.00709	0.00667	0.01125	0.85913	0.02584	0.00834	0.01042	0.00959	0.00750	0.00959	0.00667	0.01000	0.00500	0.00375	0.00375	0.00125	0.00500	0.00333	0.00167	0.00417
39	0.01401	0.01788	0.01063	0.00967	0.01160	0.85309	0.00725	0.01498	0.01063	0.00918	0.00580	0.00677	0.00483	0.00387	0.00338	0.00097	0.00677	0.00242	0.00193	0.00435
40	0.00809	0.00769	0.01307	0.47760	0.39952	0.00860	0.01092	0.01047	0.00798	0.01080	0.00685	0.00968	0.00543	0.00356	0.00373	0.00119	0.00475	0.00334	0.00175	0.00498
41	0.00820	0.00712	0.00852	0.03876	0.00914	0.10856	0.02539	0.01842	0.00728	0.07851	0.00982	0.11498	0.00943	0.03452	0.29216	0.00300	0.21550	0.00444	0.00232	0.00395
42	0.68931	0.00815	0.04807	0.00853	0.16136	0.00852	0.00590	0.01116	0.00686	0.01575	0.00563	0.00677	0.00444	0.00346	0.00264	0.00115	0.00332	0.00231	0.00220	0.00448
43	0.00470	0.00342	0.00472	0.00547	0.00577	0.00320	0.01776	0.00543	0.00726	0.00968	0.02042	0.82093	0.02437	0.01156	0.00480	0.00153	0.00229	0.04013	0.00345	0.00310
44	0.01401	0.01788	0.01063	0.00967	0.01160	0.85309	0.00725	0.01498	0.01063	0.00918	0.00580	0.00677	0.00483	0.00387	0.00338	0.00097	0.00677	0.00242	0.00193	0.00435
45	0.01008	0.80536	0.05233	0.00671	0.00996	0.04525	0.00675	0.01140	0.00775	0.00896	0.00530	0.00612	0.00481	0.00325	0.00249	0.00082	0.00417	0.00205	0.00162	0.00483
46	0.00652	0.00326	0.00489	0.00489	0.00489	0.00326	0.00326	0.00489	0.00489	0.00652	0.00652	0.01140	0.00652	0.01303	0.01466	0.89084	0.00326	0.00326	0.00163	0.00163
47	0.00839	0.00495	0.02611	0.00505	0.00681	0.00409	0.00408	0.00978	0.00970	0.25893	0.23051	0.02651	0.37537	0.00747	0.00422	0.00121	0.00234	0.00629	0.00394	0.00427
48	0.00859	0.00549	0.00682	0.00640	0.03479	0.02553	0.00481	0.09942	0.00953	0.13120	0.20330	0.02593	0.01497	0.01165	0.23209	0.00243	0.02021	0.00447	0.14809	0.00430
49	0.29794	0.03219	0.18047	0.01043	0.15252	0.05852	0.05703	0.03001	0.00828	0.11580	0.00750	0.02086	0.00568	0.00376	0.00325	0.00115	0.00421	0.00294	0.00236	0.00510

[dist]
# distance from previous block
# <min> <max>
0	10

# created by:
# /st0/software/busco_prod/Augustus/scripts/msa2prfl.pl ./align_prep/33809.fa
