[name]
unknown

[dist]
# distance from previous block
# <min> <max>
2	42

[block]
# block no. 0 follows, 70 sequences, length 25
# corresponding to MSA columns:
# 45-69
name=unknown_A
#
# <colnr> <probs for GDERKNQSTAVLIFYWHMCP>
#	G	D	E	R	K	N	Q	S	T	A	V	L	I	F	Y	W	H	M	C	P
0	0.01190	0.08959	0.03319	0.05370	0.16438	0.31193	0.09768	0.07844	0.02795	0.05128	0.00760	0.02065	0.00611	0.00395	0.00367	0.00109	0.00549	0.00322	0.00228	0.02590
1	0.04714	0.02556	0.03253	0.00786	0.02963	0.00893	0.00630	0.29926	0.19594	0.04811	0.01197	0.07580	0.03230	0.00508	0.00373	0.00113	0.00350	0.00410	0.00341	0.15773
2	0.09550	0.08846	0.10258	0.01154	0.20569	0.02914	0.00823	0.02710	0.29086	0.06299	0.01026	0.01058	0.00783	0.00419	0.00356	0.00117	0.00393	0.00342	0.00282	0.03014
3	0.01908	0.10161	0.27447	0.01290	0.22624	0.09447	0.03940	0.01162	0.00870	0.02246	0.05340	0.01108	0.03948	0.00583	0.06166	0.00149	0.00533	0.00348	0.00206	0.00524
4	0.00945	0.00778	0.00947	0.01012	0.15483	0.00850	0.00673	0.07029	0.45895	0.03734	0.14373	0.01553	0.01429	0.00529	0.00398	0.00125	0.00319	0.00454	0.02902	0.00571
5	0.01448	0.01848	0.01099	0.00999	0.01199	0.84819	0.00749	0.01548	0.01099	0.00949	0.00599	0.00699	0.00499	0.00400	0.00350	0.00100	0.00699	0.00250	0.00200	0.00449
6	0.04547	0.00700	0.00814	0.00592	0.00927	0.00556	0.00477	0.03411	0.00857	0.09527	0.00773	0.00851	0.00608	0.00314	0.00298	0.00068	0.00296	0.00248	0.00259	0.73875
7	0.00732	0.00689	0.01163	0.85444	0.02670	0.00861	0.01077	0.00991	0.00775	0.00991	0.00689	0.01034	0.00517	0.00388	0.00388	0.00129	0.00517	0.00345	0.00172	0.00431
8	0.89114	0.00750	0.00570	0.00510	0.00750	0.00870	0.00420	0.01140	0.00660	0.01739	0.00540	0.00630	0.00420	0.00360	0.00240	0.00120	0.00300	0.00210	0.00240	0.00420
9	0.00458	0.00393	0.00393	0.00393	0.00524	0.00327	0.00295	0.00556	0.00884	0.01047	0.03927	0.03731	0.83800	0.00982	0.00458	0.00131	0.00196	0.00818	0.00360	0.00327
10	0.00804	0.00689	0.00804	0.00574	0.00919	0.00517	0.00459	0.00976	0.00804	0.01263	0.00689	0.00804	0.00574	0.00287	0.00287	0.00057	0.00287	0.00230	0.00230	0.88745
11	0.03487	0.01315	0.31512	0.07170	0.13404	0.00913	0.23442	0.05483	0.00920	0.07468	0.00794	0.00953	0.00578	0.00368	0.00395	0.00124	0.00542	0.00354	0.00214	0.00562
12	0.01726	0.00681	0.00913	0.00700	0.01000	0.00602	0.00578	0.05971	0.01146	0.80093	0.01499	0.01300	0.00944	0.00479	0.00390	0.00120	0.00335	0.00388	0.00475	0.00660
13	0.00861	0.00694	0.00893	0.00838	0.12798	0.00563	0.00564	0.01033	0.00830	0.06598	0.00859	0.07353	0.00756	0.00378	0.00323	0.00077	0.00310	0.00323	0.00250	0.63698
14	0.00564	0.00376	0.00423	0.00423	0.00423	0.00376	0.00235	0.00564	0.00564	0.00752	0.01222	0.02537	0.01409	0.86375	0.01973	0.00376	0.00376	0.00564	0.00235	0.00235
15	0.00495	0.00388	0.00448	0.00446	0.00549	0.00341	0.00329	0.00622	0.00951	0.01238	0.34647	0.12371	0.43925	0.00934	0.00462	0.00130	0.00194	0.00804	0.00386	0.00341
16	0.02993	0.20945	0.57261	0.00978	0.01464	0.03472	0.01181	0.05335	0.00867	0.01222	0.00666	0.00772	0.00500	0.00366	0.00339	0.00113	0.00527	0.00269	0.00178	0.00553
17	0.00994	0.07168	0.03384	0.08360	0.41377	0.13120	0.04922	0.05479	0.00942	0.01217	0.02276	0.07418	0.00782	0.00436	0.00383	0.00116	0.00484	0.00390	0.00216	0.00537
18	0.00603	0.00506	0.00543	0.00512	0.00618	0.06787	0.00384	0.00767	0.01065	0.01431	0.65300	0.02856	0.15590	0.00791	0.00449	0.00122	0.00224	0.00685	0.00399	0.00366
19	0.06058	0.15975	0.54062	0.00995	0.02639	0.03495	0.02145	0.05819	0.00879	0.03558	0.00695	0.00796	0.00514	0.00370	0.00343	0.00115	0.00519	0.00277	0.00192	0.00555
20	0.01094	0.45179	0.09742	0.00800	0.02727	0.04063	0.03266	0.06427	0.06566	0.10146	0.01899	0.02681	0.00697	0.00399	0.00316	0.00100	0.00422	0.00298	0.00241	0.02936
21	0.00577	0.00427	0.00554	0.00616	0.06859	0.00430	0.00376	0.00647	0.00680	0.00920	0.07827	0.05375	0.10083	0.45449	0.17221	0.00350	0.00469	0.00576	0.00259	0.00307
22	0.00531	0.00397	0.00462	0.00458	0.00568	0.00349	0.00343	0.00658	0.00946	0.03517	0.30292	0.12275	0.43480	0.00932	0.00462	0.00132	0.00204	0.03260	0.00386	0.00349
23	0.01068	0.02328	0.04751	0.04138	0.41871	0.10428	0.02873	0.06565	0.14155	0.05515	0.01967	0.01042	0.00741	0.00402	0.00382	0.00117	0.00461	0.00355	0.00253	0.00586
24	0.01131	0.32744	0.04097	0.05180	0.07486	0.13473	0.00754	0.17854	0.02238	0.01319	0.00686	0.00780	0.00559	0.00372	0.00319	0.00096	0.00457	0.00268	0.00229	0.09958

[dist]
# distance from previous block
# <min> <max>
0	6

[block]
# block no. 1 follows, 70 sequences, length 50
# corresponding to MSA columns:
# 76-125
name=unknown_B
#
# <colnr> <probs for GDERKNQSTAVLIFYWHMCP>
#	G	D	E	R	K	N	Q	S	T	A	V	L	I	F	Y	W	H	M	C	P
0	0.03162	0.47805	0.16017	0.00836	0.01181	0.10698	0.06422	0.01217	0.00842	0.03707	0.00693	0.04550	0.00609	0.00390	0.00311	0.00100	0.00477	0.00289	0.00192	0.00502
1	0.00670	0.00408	0.00499	0.00478	0.00539	0.00389	0.00317	0.00738	0.00766	0.09668	0.19036	0.10028	0.05630	0.45766	0.03203	0.00270	0.00324	0.00631	0.00318	0.00321
2	0.00940	0.23355	0.39414	0.03733	0.03449	0.04852	0.05370	0.06275	0.06862	0.01232	0.00735	0.00838	0.00563	0.00376	0.00346	0.00112	0.00510	0.00292	0.00199	0.00550
3	0.01933	0.02785	0.02959	0.03235	0.10418	0.04894	0.04638	0.09721	0.04800	0.08285	0.03092	0.30266	0.02087	0.00726	0.00439	0.00133	0.01736	0.04056	0.00317	0.03479
4	0.00666	0.00481	0.00581	0.00606	0.04359	0.00485	0.00424	0.02901	0.11897	0.01368	0.26364	0.13668	0.06590	0.07444	0.00537	0.00145	0.00247	0.04159	0.16681	0.00397
5	0.00535	0.00375	0.00473	0.00518	0.00552	0.00362	0.00357	0.00607	0.00738	0.00985	0.09177	0.34299	0.04104	0.31217	0.01019	0.00234	0.00295	0.13535	0.00321	0.00298
6	0.04070	0.03205	0.01262	0.07150	0.07360	0.21381	0.10980	0.22252	0.01203	0.13324	0.03476	0.00999	0.00724	0.00423	0.00381	0.00115	0.00505	0.00347	0.00293	0.00551
7	0.01066	0.01103	0.12684	0.01412	0.27504	0.10742	0.08348	0.07799	0.01002	0.10975	0.01059	0.03531	0.02958	0.00481	0.00404	0.00124	0.00482	0.07516	0.00262	0.00552
8	0.00558	0.00371	0.00429	0.00439	0.00465	0.00362	0.00271	0.00606	0.00676	0.00936	0.08901	0.15086	0.05442	0.54221	0.01392	0.00283	0.00310	0.00650	0.08327	0.00274
9	0.00921	0.01095	0.06432	0.01590	0.01989	0.00981	0.76532	0.03127	0.00931	0.01269	0.00783	0.01032	0.00585	0.00332	0.00451	0.00130	0.00644	0.00446	0.00199	0.00529
10	0.00871	0.15168	0.46026	0.01063	0.01513	0.01004	0.13415	0.04806	0.05424	0.01256	0.01914	0.01036	0.00667	0.00404	0.00373	0.00120	0.00525	0.03666	0.00203	0.00548
11	0.00781	0.00765	0.01095	0.58027	0.02131	0.08347	0.03576	0.01000	0.00809	0.01006	0.00892	0.05182	0.00801	0.01898	0.00465	0.00138	0.03704	0.08758	0.00204	0.00419
12	0.00472	0.00339	0.00448	0.00536	0.00561	0.00315	0.00358	0.00540	0.00746	0.00991	0.02180	0.84155	0.04504	0.01209	0.00494	0.00157	0.00224	0.01095	0.00360	0.00315
13	0.01131	0.04891	0.04327	0.01296	0.01651	0.07119	0.44812	0.26927	0.01206	0.01585	0.00804	0.00959	0.00597	0.00377	0.00416	0.00122	0.00572	0.00392	0.00254	0.00561
14	0.00925	0.00960	0.01867	0.01964	0.42388	0.00929	0.39056	0.01198	0.00898	0.01251	0.00809	0.01140	0.00668	0.00367	0.00424	0.00125	0.00546	0.03723	0.00201	0.00561
15	0.00554	0.00414	0.00614	0.00614	0.00680	0.00480	0.00473	0.00687	0.00620	0.00893	0.01047	0.01568	0.00989	0.06650	0.81123	0.00612	0.01009	0.00422	0.00209	0.00341
16	0.00932	0.01027	0.09087	0.04444	0.64699	0.00925	0.10787	0.01194	0.00878	0.01253	0.00732	0.00959	0.00597	0.00346	0.00391	0.00118	0.00495	0.00353	0.00189	0.00595
17	0.00598	0.00429	0.00569	0.00557	0.00610	0.00474	0.00399	0.04231	0.00653	0.00910	0.01105	0.01891	0.01127	0.35199	0.48977	0.00505	0.00754	0.00470	0.00226	0.00317
18	0.00625	0.00446	0.00625	0.00714	0.00803	0.00446	0.00625	0.00803	0.00892	0.01160	0.02053	0.04373	0.02231	0.01071	0.00535	0.00178	0.00357	0.81348	0.00357	0.00357
19	0.00759	0.01461	0.48499	0.01134	0.01562	0.00815	0.21132	0.01111	0.00833	0.01192	0.00985	0.14149	0.00893	0.00512	0.00415	0.00132	0.00532	0.03162	0.00208	0.00514
20	0.00840	0.01318	0.41434	0.01099	0.08784	0.00776	0.07085	0.03390	0.03615	0.06963	0.03024	0.12361	0.01033	0.00547	0.00409	0.00131	0.00470	0.05943	0.00249	0.00529
21	0.01417	0.01109	0.01099	0.00871	0.01153	0.10854	0.00707	0.61250	0.05944	0.06394	0.04583	0.01037	0.00815	0.00476	0.00387	0.00116	0.00436	0.00360	0.00373	0.00620
22	0.00960	0.00908	0.01470	0.02144	0.71687	0.00928	0.01105	0.01319	0.13067	0.01319	0.00855	0.01032	0.00698	0.00372	0.00385	0.00118	0.00438	0.00359	0.00222	0.00614
23	0.02088	0.08433	0.02214	0.15268	0.15684	0.04501	0.07493	0.01726	0.03160	0.01109	0.01916	0.26899	0.02713	0.00671	0.00418	0.00132	0.00404	0.04469	0.00258	0.00445
24	0.02080	0.01018	0.03682	0.05498	0.04211	0.11236	0.28070	0.15268	0.03261	0.07275	0.08237	0.06375	0.01015	0.00476	0.00417	0.00124	0.00501	0.00452	0.00283	0.00521
25	0.01097	0.00946	0.01372	0.09919	0.05123	0.05513	0.23203	0.11017	0.25508	0.10533	0.01096	0.01157	0.00803	0.00430	0.00407	0.00126	0.00468	0.00404	0.00306	0.00571
26	0.00603	0.00470	0.02027	0.00688	0.06296	0.00418	0.03834	0.00723	0.00850	0.05252	0.14145	0.41352	0.17035	0.03810	0.00516	0.00148	0.00263	0.00847	0.00350	0.00372
27	0.04799	0.00910	0.02985	0.13630	0.19620	0.08110	0.05678	0.07159	0.01024	0.30714	0.01005	0.01062	0.00704	0.00412	0.00382	0.00119	0.00448	0.00353	0.00307	0.00578
28	0.17866	0.16938	0.01504	0.00995	0.01294	0.09415	0.25421	0.11378	0.05930	0.01411	0.00788	0.03122	0.00644	0.00401	0.00356	0.00116	0.00483	0.01190	0.00241	0.00506
29	0.00510	0.00395	0.00470	0.00537	0.00576	0.02996	0.00364	0.00583	0.00763	0.00994	0.04187	0.67756	0.09729	0.05163	0.02873	0.00175	0.00266	0.00996	0.00346	0.00319
30	0.01032	0.02268	0.02779	0.09421	0.33620	0.20699	0.08750	0.02163	0.08330	0.01189	0.00836	0.03413	0.00705	0.00418	0.00397	0.00118	0.01356	0.01753	0.00219	0.00533
31	0.01592	0.10963	0.07473	0.03702	0.04051	0.00844	0.12112	0.07462	0.16074	0.04541	0.08025	0.05977	0.14400	0.00574	0.00402	0.00123	0.00379	0.00501	0.00304	0.00501
32	0.00862	0.00819	0.01362	0.21269	0.56518	0.00855	0.01075	0.01100	0.02106	0.01189	0.01020	0.01233	0.08076	0.00415	0.00392	0.00120	0.00447	0.00389	0.00206	0.00546
33	0.00516	0.00429	0.00456	0.00450	0.00577	0.00389	0.00337	0.00713	0.08304	0.01160	0.13837	0.08831	0.60760	0.00932	0.00455	0.00132	0.00206	0.00788	0.00372	0.00357
34	0.00818	0.00710	0.00873	0.00736	0.08381	0.00553	0.00525	0.00995	0.00811	0.01264	0.00693	0.00818	0.00578	0.00292	0.00296	0.00063	0.00303	0.00240	0.00226	0.80825
35	0.03974	0.75296	0.07564	0.00699	0.01040	0.04101	0.00710	0.01177	0.00795	0.00962	0.00552	0.00638	0.00495	0.00337	0.00260	0.00087	0.00431	0.00214	0.00169	0.00499
36	0.00495	0.00392	0.00420	0.00432	0.00548	0.00334	0.00321	0.00592	0.00867	0.02967	0.03534	0.16822	0.66633	0.01010	0.00465	0.00136	0.00209	0.03128	0.00363	0.00334
37	0.00865	0.06009	0.40979	0.03810	0.20436	0.00954	0.13145	0.01268	0.06526	0.01242	0.00769	0.00923	0.00582	0.00366	0.00381	0.00121	0.00531	0.00333	0.00191	0.00570
38	0.01139	0.05023	0.06439	0.01474	0.29545	0.26149	0.05919	0.08517	0.08422	0.01282	0.00774	0.00903	0.00619	0.00393	0.00386	0.00113	0.01802	0.00322	0.00227	0.00553
39	0.01256	0.01225	0.01009	0.00878	0.01111	0.29850	0.00683	0.17473	0.36362	0.04435	0.01114	0.01085	0.00839	0.00469	0.00378	0.00117	0.00466	0.00354	0.00329	0.00568
40	0.00520	0.00389	0.00528	0.00570	0.00622	0.00367	0.03016	0.03003	0.00797	0.01056	0.04739	0.69896	0.08421	0.03448	0.00527	0.00158	0.00245	0.01011	0.00354	0.00332
41	0.01935	0.13500	0.14176	0.05505	0.22934	0.08633	0.06557	0.12199	0.03592	0.06204	0.00785	0.00905	0.00604	0.00382	0.00364	0.00113	0.00490	0.00320	0.00234	0.00568
42	0.00599	0.00451	0.00567	0.00593	0.00702	0.00437	0.00489	0.02317	0.04562	0.01270	0.21476	0.03686	0.21541	0.00950	0.00490	0.00151	0.00278	0.38696	0.00376	0.00369
43	0.00590	0.00382	0.00422	0.00412	0.00514	0.00353	0.00309	0.00747	0.00927	0.01367	0.29101	0.02578	0.25646	0.00716	0.00386	0.00112	0.00186	0.00604	0.34296	0.00353
44	0.03897	0.06178	0.18207	0.14626	0.21401	0.09728	0.06631	0.04787	0.00896	0.02642	0.00765	0.04536	0.00635	0.00416	0.00402	0.00120	0.03053	0.00352	0.00204	0.00524
45	0.00762	0.00594	0.00739	0.00670	0.00770	0.02351	0.04182	0.03457	0.15920	0.04645	0.06728	0.12549	0.01456	0.26970	0.07521	0.00248	0.07700	0.01194	0.01147	0.00398
46	0.00477	0.00347	0.00451	0.00530	0.00567	0.00321	0.00362	0.00553	0.00767	0.01011	0.03779	0.73832	0.10596	0.01179	0.00492	0.00155	0.00226	0.03675	0.00361	0.00318
47	0.00962	0.03806	0.06711	0.03285	0.42967	0.05476	0.13573	0.01190	0.00899	0.06221	0.01071	0.02168	0.08108	0.00426	0.00406	0.00119	0.01431	0.00403	0.00224	0.00553
48	0.04029	0.03950	0.23083	0.01833	0.07098	0.06098	0.08944	0.08923	0.06043	0.16095	0.01019	0.07088	0.00804	0.00497	0.01395	0.00129	0.01742	0.00395	0.00280	0.00557
49	0.03875	0.00937	0.05214	0.16520	0.29597	0.00934	0.18250	0.08464	0.03830	0.01329	0.00807	0.03024	0.00651	0.00401	0.00426	0.00125	0.03354	0.00383	0.01337	0.00541

[dist]
# distance from previous block
# <min> <max>
1	26

[block]
# block no. 2 follows, 70 sequences, length 20
# corresponding to MSA columns:
# 152-171
name=unknown_C
#
# <colnr> <probs for GDERKNQSTAVLIFYWHMCP>
#	G	D	E	R	K	N	Q	S	T	A	V	L	I	F	Y	W	H	M	C	P
0	0.03649	0.09584	0.34533	0.03457	0.15281	0.02840	0.06378	0.09197	0.02074	0.02505	0.00788	0.00912	0.02007	0.00379	0.00362	0.00114	0.00495	0.00314	0.00210	0.04919
1	0.02142	0.04059	0.12352	0.00858	0.05748	0.07105	0.01762	0.16166	0.09623	0.06176	0.05056	0.02759	0.02418	0.08177	0.01658	0.00141	0.00414	0.00385	0.02410	0.10590
2	0.00565	0.00471	0.00670	0.00632	0.00744	0.00443	0.09157	0.00738	0.05510	0.01096	0.06538	0.32487	0.25713	0.06288	0.00568	0.00159	0.00285	0.07237	0.00340	0.00359
3	0.00815	0.14925	0.38660	0.00971	0.04942	0.00912	0.04897	0.03123	0.07720	0.01259	0.10054	0.08032	0.01083	0.00491	0.00377	0.00120	0.00450	0.00411	0.00236	0.00522
4	0.00796	0.00613	0.00679	0.00629	0.00788	0.00655	0.00480	0.01380	0.40122	0.05634	0.14266	0.06847	0.14505	0.06305	0.00524	0.00147	0.00271	0.02821	0.02056	0.00481
5	0.01301	0.05263	0.01240	0.03178	0.01279	0.56501	0.08068	0.06212	0.06928	0.01109	0.00700	0.00810	0.00566	0.00417	0.00408	0.00109	0.04920	0.00293	0.00221	0.00480
6	0.00554	0.00413	0.00613	0.00613	0.00679	0.00479	0.00472	0.00686	0.00620	0.00893	0.01048	0.01573	0.00991	0.07062	0.80714	0.00611	0.01005	0.00423	0.00209	0.00341
7	0.00836	0.01601	0.50076	0.01349	0.04406	0.00932	0.32734	0.01232	0.00858	0.01234	0.00731	0.00911	0.00532	0.00352	0.00403	0.00126	0.00601	0.00354	0.00177	0.00555
8	0.00472	0.00337	0.00450	0.00540	0.00562	0.00315	0.00360	0.00540	0.00742	0.00990	0.02137	0.86122	0.02564	0.01215	0.00495	0.00157	0.00225	0.01102	0.00360	0.00315
9	0.01329	0.14136	0.08684	0.00960	0.01212	0.65250	0.00798	0.01463	0.01029	0.00968	0.00599	0.00699	0.00498	0.00387	0.00337	0.00099	0.00647	0.00247	0.00192	0.00467
10	0.00993	0.58242	0.24390	0.00798	0.01194	0.01341	0.00877	0.06265	0.00861	0.01094	0.00606	0.00695	0.00506	0.00350	0.00290	0.00096	0.00458	0.00238	0.00179	0.00528
11	0.08852	0.00825	0.00849	0.00764	0.00985	0.00956	0.00596	0.01978	0.75866	0.01632	0.01485	0.01373	0.01115	0.00511	0.00381	0.00130	0.00306	0.00418	0.00381	0.00596
12	0.00485	0.00350	0.00460	0.00538	0.00575	0.00326	0.00371	0.00567	0.00781	0.01037	0.07133	0.71470	0.07558	0.01167	0.00493	0.00155	0.00228	0.05621	0.00364	0.00321
13	0.00573	0.00429	0.00601	0.00591	0.00638	0.00495	0.00438	0.00671	0.00605	0.00862	0.01058	0.01759	0.01062	0.25340	0.57693	0.00530	0.05669	0.00451	0.00213	0.00321
14	0.01291	0.00862	0.00948	0.00789	0.01048	0.02771	0.00631	0.18944	0.42206	0.24012	0.01407	0.01287	0.00998	0.00498	0.00391	0.00125	0.00347	0.00402	0.00412	0.00632
15	0.00880	0.00868	0.04733	0.10253	0.43169	0.00880	0.02361	0.01242	0.15001	0.01228	0.00922	0.02393	0.00790	0.08110	0.00581	0.00147	0.05279	0.00391	0.00229	0.00543
16	0.01739	0.00660	0.00900	0.00690	0.00990	0.00570	0.00570	0.01889	0.01110	0.84226	0.01529	0.01320	0.00960	0.00480	0.00390	0.00120	0.00330	0.00390	0.00480	0.00660
17	0.01044	0.01147	0.19929	0.01004	0.03755	0.05276	0.12637	0.14666	0.12922	0.09978	0.11382	0.01309	0.02225	0.00475	0.00402	0.00122	0.00447	0.00413	0.00309	0.00560
18	0.00488	0.00394	0.00433	0.00424	0.00542	0.00340	0.00318	0.00613	0.00953	0.01212	0.29843	0.03460	0.57781	0.00920	0.00458	0.00128	0.00192	0.00780	0.00382	0.00340
19	0.01006	0.42631	0.12814	0.00828	0.04229	0.07922	0.02465	0.02336	0.04110	0.02666	0.00668	0.00757	0.00554	0.00347	0.00299	0.00091	0.00439	0.00250	0.00199	0.15388

[dist]
# distance from previous block
# <min> <max>
2	8

[block]
# block no. 3 follows, 70 sequences, length 70
# corresponding to MSA columns:
# 180-249
name=unknown_D
#
# <colnr> <probs for GDERKNQSTAVLIFYWHMCP>
#	G	D	E	R	K	N	Q	S	T	A	V	L	I	F	Y	W	H	M	C	P
0	0.01173	0.01042	0.02239	0.01313	0.24261	0.08778	0.02372	0.27160	0.17132	0.03563	0.00955	0.01028	0.00732	0.00470	0.01259	0.00126	0.05141	0.00358	0.00299	0.00599
1	0.00547	0.00396	0.00516	0.00486	0.00578	0.00365	0.00364	0.00728	0.01093	0.01545	0.82266	0.02911	0.05150	0.00796	0.00457	0.00122	0.00183	0.00703	0.00426	0.00365
2	0.35812	0.00655	0.00660	0.00592	0.00769	0.00734	0.00469	0.14422	0.00863	0.03413	0.00925	0.05260	0.00822	0.06521	0.19925	0.00253	0.00487	0.01326	0.05664	0.00427
3	0.00472	0.00337	0.00450	0.00540	0.00562	0.00315	0.00360	0.00540	0.00742	0.00990	0.02137	0.86122	0.02564	0.01215	0.00495	0.00157	0.00225	0.01102	0.00360	0.00315
4	0.00673	0.00337	0.00505	0.00505	0.00505	0.00337	0.00337	0.00505	0.00505	0.00673	0.00673	0.01178	0.00673	0.01347	0.01515	0.88721	0.00337	0.00337	0.00168	0.00168
5	0.00475	0.00339	0.00453	0.00543	0.00566	0.00317	0.00364	0.00544	0.00745	0.00993	0.02135	0.84724	0.02558	0.01212	0.00496	0.00158	0.00227	0.02475	0.00360	0.00316
6	0.89114	0.00750	0.00570	0.00510	0.00750	0.00870	0.00420	0.01140	0.00660	0.01739	0.00540	0.00630	0.00420	0.00360	0.00240	0.00120	0.00300	0.00210	0.00240	0.00420
7	0.01708	0.00710	0.00931	0.00714	0.01015	0.00645	0.00590	0.11484	0.01194	0.74511	0.01458	0.01273	0.00924	0.00478	0.00390	0.00120	0.00341	0.00385	0.00469	0.00660
8	0.11536	0.47656	0.14312	0.00775	0.01109	0.16861	0.00768	0.01241	0.00835	0.01066	0.00574	0.00667	0.00488	0.00353	0.00285	0.00097	0.00478	0.00228	0.00181	0.00491
9	0.00532	0.00396	0.00495	0.00470	0.00569	0.00359	0.00353	0.00699	0.01058	0.01460	0.68917	0.03051	0.18553	0.00828	0.00457	0.00124	0.00185	0.00723	0.00414	0.00359
10	0.00607	0.00433	0.00604	0.00693	0.00775	0.00431	0.00593	0.00772	0.00875	0.01140	0.02063	0.14084	0.02271	0.01088	0.00531	0.00176	0.00341	0.71816	0.00357	0.00352
11	0.00502	0.00359	0.00484	0.00574	0.00610	0.00341	0.00412	0.00592	0.00772	0.01023	0.02120	0.70015	0.02498	0.01186	0.00503	0.00162	0.00251	0.16913	0.00359	0.00323
12	0.00778	0.02005	0.84367	0.01105	0.01678	0.00900	0.01432	0.01228	0.00818	0.01228	0.00696	0.00818	0.00491	0.00368	0.00368	0.00123	0.00573	0.00286	0.00164	0.00573
13	0.00555	0.00411	0.00599	0.00599	0.00660	0.00472	0.00455	0.00677	0.00616	0.00882	0.01060	0.01643	0.01021	0.12822	0.74996	0.00594	0.00960	0.00433	0.00211	0.00333
14	0.00882	0.03012	0.00881	0.00668	0.02358	0.05615	0.00520	0.02185	0.12928	0.01303	0.00814	0.00891	0.00659	0.00333	0.00308	0.00073	0.00322	0.00264	0.00252	0.65731
15	0.00511	0.00403	0.00479	0.00506	0.00584	0.01646	0.00365	0.00629	0.01938	0.01093	0.15215	0.34954	0.27884	0.01256	0.10493	0.00198	0.00314	0.00848	0.00350	0.00336
16	0.04474	0.53071	0.16911	0.00759	0.01124	0.01255	0.01678	0.02761	0.01940	0.08589	0.00685	0.00750	0.00550	0.00361	0.00303	0.00097	0.01464	0.00249	0.00206	0.02771
17	0.00794	0.07390	0.79127	0.01077	0.01634	0.00941	0.01383	0.01223	0.00817	0.01208	0.00686	0.00806	0.00492	0.00366	0.00361	0.00120	0.00563	0.00281	0.00164	0.00568
18	0.01739	0.00660	0.00900	0.00690	0.00990	0.00570	0.00570	0.01889	0.01110	0.84226	0.01529	0.01320	0.00960	0.00480	0.00390	0.00120	0.00330	0.00390	0.00480	0.00660
19	0.00552	0.00515	0.03705	0.00593	0.02841	0.00440	0.03860	0.00734	0.04688	0.01170	0.16094	0.14278	0.43945	0.00893	0.00467	0.00134	0.01361	0.03006	0.00351	0.00372
20	0.00855	0.11635	0.47474	0.01073	0.01521	0.02830	0.14836	0.02670	0.03145	0.02194	0.06038	0.02431	0.00772	0.00406	0.00378	0.00120	0.00527	0.00352	0.00204	0.00539
21	0.00490	0.00357	0.00463	0.00541	0.00584	0.00333	0.00382	0.00573	0.00774	0.01014	0.02327	0.65532	0.12159	0.02311	0.00515	0.00160	0.00239	0.10567	0.00358	0.00320
22	0.00472	0.00337	0.00450	0.00540	0.00562	0.00315	0.00360	0.00540	0.00742	0.00990	0.02137	0.86122	0.02564	0.01215	0.00495	0.00157	0.00225	0.01102	0.00360	0.00315
23	0.01162	0.02796	0.11034	0.01019	0.05511	0.26141	0.05330	0.14567	0.13461	0.04359	0.05477	0.01122	0.00866	0.00465	0.00412	0.00118	0.03233	0.02112	0.00279	0.00536
24	0.08844	0.06268	0.37447	0.01127	0.09762	0.01770	0.07178	0.09874	0.08975	0.03141	0.01580	0.00923	0.00629	0.00392	0.00364	0.00120	0.00485	0.00321	0.00231	0.00567
25	0.00865	0.00828	0.01421	0.36547	0.48641	0.00898	0.02993	0.01109	0.00839	0.01152	0.00714	0.00992	0.00573	0.00362	0.00387	0.00121	0.00488	0.00348	0.00184	0.00537
26	0.00599	0.00436	0.00545	0.00582	0.00643	0.00433	0.00409	0.10308	0.00887	0.01187	0.05502	0.69582	0.04208	0.01096	0.00489	0.00151	0.01240	0.00980	0.00364	0.00360
27	0.02295	0.08577	0.14904	0.01222	0.20349	0.04511	0.03340	0.13453	0.03176	0.21927	0.00948	0.00990	0.00681	0.00410	0.00382	0.00116	0.01494	0.00335	0.00291	0.00601
28	0.05584	0.27993	0.04035	0.00821	0.07831	0.05984	0.00653	0.06931	0.05784	0.12246	0.11985	0.02508	0.05146	0.00485	0.00348	0.00108	0.00374	0.00380	0.00291	0.00514
29	0.03777	0.00805	0.00869	0.00717	0.00954	0.11766	0.00576	0.06409	0.03624	0.46845	0.01253	0.01224	0.00869	0.00756	0.10419	0.00176	0.01876	0.00366	0.06155	0.00563
30	0.00948	0.01100	0.11433	0.05308	0.37628	0.08815	0.08836	0.01330	0.13386	0.01269	0.02133	0.02391	0.00783	0.00419	0.00394	0.00122	0.00484	0.02430	0.00230	0.00562
31	0.03322	0.08163	0.27916	0.08636	0.12685	0.11080	0.06788	0.08384	0.02783	0.04139	0.00743	0.00879	0.00563	0.00386	0.00382	0.00117	0.01962	0.00312	0.00213	0.00547
32	0.07299	0.01269	0.02386	0.01214	0.12995	0.28445	0.13143	0.21165	0.02177	0.03797	0.00784	0.02137	0.00614	0.00410	0.00377	0.00114	0.00541	0.00335	0.00259	0.00540
33	0.00603	0.00449	0.00637	0.02214	0.11984	0.00427	0.00490	0.00712	0.00815	0.04626	0.07521	0.51924	0.11876	0.01039	0.02650	0.00156	0.00281	0.00877	0.00339	0.00378
34	0.02052	0.14166	0.17883	0.06176	0.12364	0.11828	0.05400	0.02805	0.05875	0.14497	0.00931	0.01002	0.02530	0.00406	0.00362	0.00114	0.00482	0.00329	0.00249	0.00550
35	0.00706	0.02719	0.12519	0.00674	0.02124	0.00596	0.02660	0.02277	0.14235	0.04826	0.15466	0.06938	0.29917	0.00734	0.00428	0.00129	0.00299	0.01961	0.00343	0.00447
36	0.01083	0.00725	0.00765	0.00649	0.00852	0.06070	0.00513	0.16496	0.11950	0.18347	0.15269	0.01818	0.12296	0.00593	0.00394	0.00118	0.00309	0.00484	0.10756	0.00512
37	0.02014	0.03063	0.20643	0.02243	0.14619	0.05903	0.11448	0.01184	0.07007	0.04765	0.03710	0.08477	0.05696	0.00550	0.00411	0.00129	0.00456	0.06917	0.00257	0.00508
38	0.00814	0.01916	0.76563	0.01123	0.01676	0.00917	0.05602	0.04708	0.00866	0.01280	0.00710	0.00835	0.00503	0.00370	0.00374	0.00123	0.00571	0.00298	0.00175	0.00574
39	0.01036	0.86609	0.02032	0.00663	0.00995	0.01534	0.00663	0.01161	0.00788	0.00912	0.00539	0.00622	0.00498	0.00332	0.00249	0.00083	0.00415	0.00207	0.00166	0.00498
40	0.00598	0.00399	0.00511	0.00523	0.00607	0.00367	0.00381	0.01745	0.00929	0.06639	0.31661	0.37214	0.12527	0.00973	0.00470	0.00139	0.00220	0.03343	0.00392	0.00363
41	0.00787	0.07301	0.73396	0.01070	0.01601	0.00921	0.03752	0.01199	0.00821	0.01206	0.01830	0.03049	0.00590	0.00392	0.00368	0.00121	0.00551	0.00313	0.00173	0.00557
42	0.00567	0.00381	0.00459	0.00459	0.00471	0.00392	0.00280	0.00582	0.00571	0.00773	0.01168	0.02313	0.01306	0.69063	0.15535	0.04191	0.00483	0.00530	0.00228	0.00250
43	0.00472	0.00337	0.00450	0.00540	0.00562	0.00315	0.00360	0.00540	0.00742	0.00990	0.02137	0.86122	0.02564	0.01215	0.00495	0.00157	0.00225	0.01102	0.00360	0.00315
44	0.00753	0.00710	0.01200	0.77900	0.10052	0.00867	0.01087	0.01009	0.00785	0.01016	0.00693	0.01027	0.00526	0.00384	0.00387	0.00128	0.00512	0.00345	0.00174	0.00447
45	0.00815	0.01915	0.77831	0.01090	0.01640	0.00898	0.02585	0.03872	0.00861	0.02672	0.01917	0.00864	0.00552	0.00379	0.00372	0.00123	0.00560	0.00299	0.00181	0.00573
46	0.01377	0.01690	0.01270	0.01083	0.01315	0.69189	0.12748	0.02860	0.01084	0.02931	0.00653	0.00768	0.00526	0.00392	0.00367	0.00105	0.00679	0.00285	0.00209	0.00469
47	0.00465	0.00393	0.00402	0.00400	0.00528	0.00330	0.00300	0.00569	0.00899	0.01084	0.09671	0.03671	0.78033	0.00968	0.00458	0.00130	0.00195	0.00810	0.00365	0.00330
48	0.00964	0.00833	0.00877	0.00789	0.01008	0.00964	0.00614	0.02060	0.83257	0.01622	0.01578	0.01446	0.01183	0.00526	0.00394	0.00131	0.00307	0.00438	0.00394	0.00614
49	0.00964	0.00833	0.00877	0.00789	0.01008	0.00964	0.00614	0.02060	0.83257	0.01622	0.01578	0.01446	0.01183	0.00526	0.00394	0.00131	0.00307	0.00438	0.00394	0.00614
50	0.00592	0.00425	0.00585	0.00666	0.00746	0.00418	0.00561	0.00751	0.00879	0.01151	0.06475	0.17483	0.04237	0.01077	0.00523	0.00171	0.00323	0.62226	0.00361	0.00350
51	0.00797	0.01869	0.72730	0.01180	0.01727	0.00912	0.12933	0.01230	0.00832	0.01230	0.00708	0.00851	0.00505	0.00362	0.00381	0.00124	0.00584	0.00311	0.00168	0.00566
52	0.00549	0.00396	0.00518	0.00488	0.00579	0.00366	0.00366	0.00732	0.01097	0.01555	0.83752	0.02896	0.03658	0.00793	0.00457	0.00122	0.00183	0.00701	0.00427	0.00366
53	0.01448	0.01848	0.01099	0.00999	0.01199	0.84819	0.00749	0.01548	0.01099	0.00949	0.00599	0.00699	0.00499	0.00400	0.00350	0.00100	0.00699	0.00250	0.00200	0.00449
54	0.00787	0.00567	0.00608	0.00582	0.00724	0.00615	0.00445	0.01337	0.35667	0.02337	0.01702	0.10936	0.06719	0.00627	0.00372	0.00122	0.00249	0.03900	0.31240	0.00464
55	0.01693	0.00734	0.00946	0.00725	0.01027	0.00680	0.00599	0.16026	0.01234	0.69913	0.01425	0.01252	0.00907	0.00477	0.00390	0.00119	0.00347	0.00383	0.00464	0.00660
56	0.00759	0.00717	0.01212	0.75577	0.12326	0.00868	0.01090	0.01014	0.00788	0.01023	0.00694	0.01025	0.00528	0.00383	0.00387	0.00128	0.00510	0.00345	0.00175	0.00452
57	0.00528	0.00366	0.00484	0.00525	0.00578	0.00339	0.00367	0.00638	0.00877	0.03057	0.31145	0.54626	0.02917	0.01048	0.00479	0.00144	0.00212	0.00944	0.00386	0.00341
58	0.00559	0.00426	0.00632	0.00627	0.00696	0.00499	0.00489	0.00695	0.00629	0.00905	0.01098	0.01562	0.03064	0.02801	0.80530	0.00599	0.03208	0.00424	0.00211	0.00348
59	0.01448	0.01848	0.01099	0.00999	0.01199	0.84819	0.00749	0.01548	0.01099	0.00949	0.00599	0.00699	0.00499	0.00400	0.00350	0.00100	0.00699	0.00250	0.00200	0.00449
60	0.00658	0.00347	0.00521	0.00521	0.00530	0.00356	0.00356	0.00530	0.00521	0.00703	0.00721	0.01224	0.00712	0.01552	0.12471	0.77137	0.00429	0.00347	0.00174	0.00192
61	0.04573	0.70874	0.01877	0.00709	0.01036	0.01454	0.02745	0.10843	0.00909	0.01135	0.00592	0.00670	0.00516	0.00349	0.00270	0.00090	0.00418	0.00231	0.00196	0.00514
62	0.00539	0.00396	0.00504	0.00477	0.00573	0.00362	0.00358	0.00712	0.01074	0.01499	0.74942	0.02988	0.12503	0.00813	0.00457	0.00123	0.00184	0.00714	0.00419	0.00362
63	0.00874	0.01442	0.41854	0.01137	0.04126	0.06320	0.17384	0.01222	0.03174	0.05801	0.02032	0.11066	0.00848	0.00478	0.00404	0.00127	0.00526	0.00432	0.00224	0.00529
64	0.00799	0.00789	0.01440	0.48125	0.17323	0.00870	0.18320	0.01057	0.00823	0.01094	0.00791	0.05374	0.00654	0.00409	0.00407	0.00128	0.00521	0.00407	0.00191	0.00478
65	0.00772	0.00725	0.01204	0.71053	0.13142	0.00873	0.01072	0.01062	0.04313	0.01053	0.00732	0.01042	0.00558	0.00388	0.00387	0.00127	0.00501	0.00349	0.00184	0.00462
66	0.00897	0.00894	0.01622	0.23046	0.37434	0.00927	0.22416	0.02218	0.04395	0.01220	0.00772	0.01021	0.00608	0.00360	0.00405	0.00123	0.00518	0.00379	0.00199	0.00545
67	0.04867	0.01863	0.12848	0.01344	0.24288	0.07050	0.11383	0.02666	0.00943	0.16566	0.05541	0.05075	0.00916	0.00455	0.00405	0.00122	0.01563	0.01284	0.00270	0.00551
68	0.00711	0.02030	0.13720	0.04397	0.05280	0.00552	0.01545	0.02969	0.03032	0.07437	0.01678	0.46407	0.03405	0.00875	0.00448	0.00143	0.00332	0.04294	0.00318	0.00426
69	0.00946	0.02325	0.14532	0.19709	0.38232	0.01993	0.03555	0.01208	0.00867	0.08073	0.00777	0.00970	0.00597	0.00367	0.00378	0.00117	0.00480	0.00335	0.00209	0.04331

[dist]
# distance from previous block
# <min> <max>
0	11

# created by:
# /st0/software/busco_prod/Augustus/scripts/msa2prfl.pl ./align_prep/33875.fa
