[name]
unknown

[dist]
# distance from previous block
# <min> <max>
0	1

[block]
# block no. 0 follows, 68 sequences, length 13
# corresponding to MSA columns:
# 1-13
name=unknown_A
#
# <colnr> <probs for GDERKNQSTAVLIFYWHMCP>
#	G	D	E	R	K	N	Q	S	T	A	V	L	I	F	Y	W	H	M	C	P
0	0.00678	0.00509	0.00678	0.00700	0.00847	0.00472	0.00603	0.00859	0.00893	0.01209	0.01802	0.03694	0.01920	0.00924	0.00493	0.00156	0.00350	0.63711	0.00337	0.19164
1	0.24211	0.00750	0.00793	0.00664	0.00896	0.00802	0.00535	0.18606	0.11429	0.14895	0.20790	0.01482	0.01461	0.00538	0.00375	0.00124	0.00311	0.00424	0.00382	0.00532
2	0.20143	0.01037	0.01060	0.00829	0.01131	0.01157	0.00684	0.64969	0.01610	0.02345	0.00867	0.00886	0.00622	0.00453	0.00364	0.00120	0.00409	0.00327	0.00364	0.00622
3	0.00550	0.00405	0.00515	0.00487	0.00586	0.00369	0.00366	0.00727	0.01097	0.01529	0.74048	0.03062	0.13114	0.00833	0.00468	0.00126	0.00189	0.00731	0.00428	0.00369
4	0.00749	0.00705	0.01189	0.85113	0.02731	0.00881	0.01101	0.01013	0.00793	0.01013	0.00705	0.01057	0.00529	0.00396	0.00396	0.00132	0.00529	0.00352	0.00176	0.00440
5	0.00880	0.00881	0.01623	0.34422	0.32319	0.00933	0.20836	0.01150	0.00868	0.01179	0.00744	0.01032	0.00583	0.00365	0.00412	0.00127	0.00541	0.00381	0.00189	0.00532
6	0.00756	0.00715	0.01191	0.79826	0.02625	0.00902	0.01086	0.01009	0.00781	0.01009	0.00693	0.01045	0.00528	0.00415	0.00453	0.00135	0.05861	0.00352	0.00176	0.00440
7	0.01062	0.00849	0.01428	0.20598	0.48438	0.00870	0.04221	0.01294	0.00919	0.15146	0.00877	0.01064	0.00664	0.00385	0.00397	0.00122	0.00469	0.00365	0.00242	0.00590
8	0.01009	0.00652	0.00926	0.01065	0.17206	0.00645	0.00734	0.05356	0.05827	0.19015	0.01667	0.04356	0.03025	0.00756	0.00467	0.00150	0.00375	0.35892	0.00363	0.00513
9	0.01343	0.01114	0.06013	0.04836	0.03816	0.22319	0.08535	0.05815	0.01085	0.29356	0.01162	0.01450	0.00901	0.00510	0.00411	0.00126	0.00502	0.09828	0.00327	0.00552
10	0.00881	0.00791	0.01292	0.46244	0.24160	0.00931	0.01072	0.01106	0.00813	0.05297	0.00733	0.01024	0.00577	0.00433	0.00528	0.00134	0.12931	0.00354	0.00197	0.00502
11	0.01429	0.01001	0.01145	0.10463	0.01366	0.01103	0.00767	0.59906	0.05366	0.11862	0.01026	0.01035	0.00718	0.00471	0.00397	0.00122	0.00430	0.00366	0.00383	0.00646
12	0.29476	0.00956	0.00948	0.00767	0.01045	0.01074	0.00628	0.46480	0.09195	0.02149	0.00918	0.03077	0.00697	0.00467	0.00352	0.00123	0.00378	0.00340	0.00348	0.00582

[dist]
# distance from previous block
# <min> <max>
14	24

[block]
# block no. 1 follows, 68 sequences, length 35
# corresponding to MSA columns:
# 40-74
name=unknown_B
#
# <colnr> <probs for GDERKNQSTAVLIFYWHMCP>
#	G	D	E	R	K	N	Q	S	T	A	V	L	I	F	Y	W	H	M	C	P
0	0.01264	0.02709	0.01117	0.04847	0.10295	0.50618	0.00775	0.01401	0.01044	0.05964	0.07909	0.01959	0.00860	0.00459	0.00414	0.00110	0.04277	0.00332	0.00240	0.03406
1	0.00602	0.00491	0.00511	0.00498	0.00631	0.04125	0.00375	0.00717	0.00917	0.03882	0.12078	0.12893	0.47255	0.02946	0.00497	0.00139	0.00249	0.05391	0.00362	0.05442
2	0.01183	0.00877	0.01177	0.05479	0.12584	0.03808	0.06175	0.14434	0.11196	0.18338	0.01057	0.01202	0.00809	0.05146	0.03100	0.00160	0.12002	0.00392	0.00314	0.00568
3	0.18861	0.00913	0.00965	0.00769	0.01043	0.01002	0.00632	0.42780	0.05915	0.13923	0.01005	0.01007	0.00716	0.00465	0.00386	0.00121	0.02839	0.00340	0.05721	0.00597
4	0.01409	0.01725	0.01138	0.01018	0.01204	0.70012	0.00778	0.05808	0.01101	0.01050	0.00620	0.00746	0.00521	0.00447	0.00473	0.00112	0.10890	0.00272	0.00211	0.00468
5	0.00930	0.05286	0.00942	0.00711	0.05528	0.00636	0.00537	0.04703	0.00897	0.07130	0.00880	0.00963	0.03370	0.00345	0.00315	0.00073	0.00317	0.00277	0.00259	0.65900
6	0.00493	0.00398	0.00439	0.00439	0.00553	0.00344	0.00325	0.00614	0.00948	0.01199	0.24202	0.10216	0.56492	0.00974	0.00471	0.00134	0.00200	0.00830	0.00386	0.00344
7	0.00491	0.00403	0.00435	0.00448	0.00568	0.00347	0.00341	0.00601	0.00907	0.01108	0.08392	0.09780	0.65444	0.01018	0.00478	0.00140	0.00217	0.08170	0.00372	0.00339
8	0.01481	0.00861	0.08452	0.11483	0.04207	0.00733	0.03596	0.08569	0.01113	0.53398	0.01273	0.01211	0.00830	0.00457	0.00398	0.00124	0.00408	0.00381	0.00394	0.00631
9	0.01309	0.01006	0.14492	0.02544	0.23552	0.00779	0.08942	0.01553	0.01000	0.39077	0.01120	0.01137	0.00766	0.00419	0.00400	0.00123	0.00448	0.00376	0.00327	0.00631
10	0.01261	0.01478	0.01117	0.05508	0.03626	0.53313	0.00788	0.06136	0.01026	0.01066	0.00667	0.00850	0.00567	0.00672	0.07729	0.00162	0.13064	0.00297	0.00210	0.00463
11	0.00689	0.00344	0.00517	0.00517	0.00517	0.00344	0.00344	0.00517	0.00517	0.00689	0.00689	0.01205	0.00689	0.01377	0.01550	0.88464	0.00344	0.00344	0.00172	0.00172
12	0.01085	0.81323	0.02021	0.00699	0.01030	0.06461	0.00684	0.01211	0.00824	0.00935	0.00555	0.00641	0.00509	0.00343	0.00260	0.00086	0.00441	0.00215	0.00172	0.00506
13	0.00898	0.00759	0.01008	0.01114	0.20249	0.05532	0.00717	0.04578	0.00844	0.06048	0.00882	0.01147	0.00755	0.01288	0.29508	0.00289	0.06412	0.00352	0.00234	0.17386
14	0.01333	0.03634	0.01323	0.01396	0.26784	0.19553	0.00893	0.34595	0.01350	0.04132	0.00820	0.00911	0.00628	0.00420	0.00383	0.00114	0.00506	0.00330	0.00288	0.00608
15	0.00568	0.00475	0.05448	0.00615	0.00691	0.00382	0.02055	0.00669	0.00784	0.04722	0.02043	0.75360	0.02384	0.01140	0.00493	0.00157	0.00264	0.01032	0.00358	0.00358
16	0.01050	0.00883	0.00932	0.00820	0.01055	0.01016	0.00643	0.11869	0.73010	0.01761	0.01533	0.01415	0.01145	0.00530	0.00403	0.00133	0.00329	0.00437	0.00403	0.00633
17	0.00575	0.00376	0.00506	0.00581	0.00628	0.00352	0.00411	0.00662	0.00798	0.05814	0.02140	0.71900	0.02490	0.01182	0.00504	0.00161	0.00251	0.09946	0.00375	0.00347
18	0.01346	0.00874	0.03983	0.01149	0.17307	0.00822	0.06291	0.16644	0.06102	0.33588	0.01376	0.01340	0.06350	0.00484	0.00406	0.00123	0.00402	0.00415	0.00371	0.00627
19	0.00936	0.01070	0.02340	0.01671	0.02072	0.01003	0.82152	0.01270	0.00936	0.01270	0.00802	0.01070	0.00602	0.00334	0.00468	0.00134	0.00668	0.00468	0.00201	0.00535
20	0.01481	0.01890	0.01124	0.01021	0.01226	0.84474	0.00766	0.01583	0.01124	0.00970	0.00613	0.00715	0.00511	0.00409	0.00358	0.00102	0.00715	0.00255	0.00204	0.00460
21	0.00566	0.00425	0.00637	0.00637	0.00708	0.00496	0.00496	0.00708	0.00637	0.00920	0.01062	0.01558	0.00991	0.02974	0.84494	0.00637	0.01062	0.00425	0.00212	0.00354
22	0.01014	0.02371	0.12640	0.09689	0.55759	0.00908	0.01170	0.01272	0.00905	0.09290	0.00814	0.00999	0.00634	0.00374	0.00389	0.00120	0.00478	0.00347	0.00219	0.00608
23	0.00924	0.00904	0.01427	0.25103	0.54186	0.05095	0.01130	0.01156	0.00882	0.01192	0.00820	0.02179	0.02477	0.00394	0.00395	0.00122	0.00490	0.00369	0.00197	0.00557
24	0.00490	0.00350	0.00468	0.00560	0.00586	0.00328	0.00380	0.00564	0.00766	0.01020	0.02181	0.82173	0.02607	0.01236	0.00508	0.00162	0.00236	0.04693	0.00368	0.00324
25	0.88866	0.00767	0.00583	0.00521	0.00767	0.00889	0.00429	0.01166	0.00675	0.01779	0.00552	0.00644	0.00429	0.00368	0.00245	0.00123	0.00307	0.00215	0.00245	0.00429
26	0.00483	0.00345	0.00460	0.00552	0.00575	0.00322	0.00368	0.00552	0.00759	0.01012	0.02185	0.85807	0.02622	0.01242	0.00506	0.00161	0.00230	0.01127	0.00368	0.00322
27	0.00984	0.00802	0.01152	0.35578	0.15631	0.00909	0.00922	0.05064	0.24363	0.08928	0.01062	0.01187	0.00788	0.00442	0.00398	0.00129	0.00436	0.00384	0.00283	0.00557
28	0.02212	0.02989	0.00853	0.00681	0.00904	0.00668	0.00545	0.14814	0.05536	0.35343	0.16265	0.10645	0.01632	0.03146	0.00467	0.00135	0.00318	0.01866	0.00427	0.00555
29	0.00941	0.00891	0.01502	0.22835	0.59632	0.00937	0.02331	0.03903	0.00909	0.01266	0.00743	0.01000	0.00605	0.00368	0.00395	0.00122	0.00487	0.00355	0.00198	0.00582
30	0.00531	0.00391	0.00498	0.00569	0.00616	0.00377	0.00393	0.02002	0.05166	0.01080	0.02227	0.73158	0.06719	0.01175	0.00498	0.00158	0.00240	0.03484	0.00370	0.00346
31	0.40199	0.00968	0.01212	0.00984	0.03967	0.05898	0.21768	0.12948	0.03806	0.03680	0.00746	0.00860	0.00561	0.00386	0.00346	0.00124	0.00450	0.00321	0.00263	0.00513
32	0.11161	0.01845	0.01206	0.03839	0.26257	0.04720	0.04456	0.10998	0.17631	0.06811	0.00992	0.02721	0.00777	0.00442	0.00398	0.00123	0.02239	0.00371	0.00290	0.02723
33	0.00894	0.01660	0.00953	0.07261	0.01125	0.00626	0.06947	0.06082	0.00926	0.08277	0.05861	0.04188	0.01873	0.03151	0.03776	0.00127	0.00383	0.04286	0.00282	0.41321
34	0.01538	0.00828	0.00982	0.00849	0.05442	0.05990	0.00647	0.08111	0.16017	0.52040	0.02413	0.01302	0.00984	0.00490	0.00397	0.00123	0.00370	0.00397	0.00433	0.00647

[dist]
# distance from previous block
# <min> <max>
0	1

[block]
# block no. 2 follows, 68 sequences, length 14
# corresponding to MSA columns:
# 76-89
name=unknown_C
#
# <colnr> <probs for GDERKNQSTAVLIFYWHMCP>
#	G	D	E	R	K	N	Q	S	T	A	V	L	I	F	Y	W	H	M	C	P
0	0.83058	0.00763	0.00623	0.06097	0.00896	0.00889	0.00474	0.01155	0.00683	0.01728	0.00562	0.00671	0.00436	0.00370	0.00255	0.00123	0.00321	0.00224	0.00241	0.00430
1	0.88866	0.00767	0.00583	0.00521	0.00767	0.00889	0.00429	0.01166	0.00675	0.01779	0.00552	0.00644	0.00429	0.00368	0.00245	0.00123	0.00307	0.00215	0.00245	0.00429
2	0.02700	0.07668	0.17282	0.02321	0.09035	0.02140	0.24604	0.02362	0.04619	0.02514	0.13888	0.06873	0.01233	0.00495	0.00417	0.00126	0.00478	0.00473	0.00256	0.00516
3	0.00808	0.01960	0.76462	0.01180	0.01749	0.00928	0.08923	0.01257	0.00846	0.01257	0.00720	0.00859	0.00511	0.00373	0.00385	0.00126	0.00594	0.00309	0.00170	0.00581
4	0.01117	0.00856	0.06685	0.05421	0.26872	0.00746	0.08286	0.02889	0.00985	0.25050	0.03465	0.01473	0.10682	0.00485	0.00408	0.00122	0.00415	0.00436	0.00310	0.03298
5	0.01058	0.29966	0.08242	0.03373	0.20575	0.10611	0.03459	0.05718	0.00942	0.02923	0.00822	0.00940	0.03943	0.00390	0.00341	0.00104	0.00474	0.00307	0.00212	0.05601
6	0.00516	0.00380	0.00491	0.00529	0.00587	0.00365	0.00374	0.00618	0.00817	0.01097	0.16666	0.40266	0.13973	0.07057	0.12702	0.00235	0.00351	0.02294	0.00349	0.00333
7	0.04383	0.15381	0.14358	0.08663	0.06515	0.02249	0.02542	0.17616	0.08445	0.05698	0.06953	0.01181	0.03425	0.00461	0.00373	0.00118	0.00431	0.00369	0.00284	0.00556
8	0.02623	0.03712	0.06647	0.02538	0.21292	0.02824	0.02112	0.07972	0.14369	0.03659	0.06500	0.05320	0.08098	0.02614	0.00501	0.00154	0.00437	0.00502	0.00347	0.07778
9	0.03239	0.03043	0.07548	0.06008	0.16844	0.02599	0.02696	0.02835	0.02043	0.03096	0.14450	0.16929	0.08440	0.05890	0.00521	0.00144	0.00362	0.00593	0.00295	0.02428
10	0.03708	0.02784	0.03342	0.04953	0.14366	0.01694	0.03294	0.16344	0.08937	0.01540	0.14600	0.04258	0.09426	0.02725	0.02443	0.00141	0.00382	0.00489	0.00317	0.04256
11	0.03468	0.02523	0.19772	0.06169	0.18087	0.03469	0.07647	0.04181	0.00904	0.02256	0.03429	0.08607	0.05964	0.00525	0.00424	0.00125	0.02490	0.03042	0.00241	0.06678
12	0.00883	0.02872	0.03345	0.13028	0.37261	0.02603	0.06193	0.03657	0.00891	0.02752	0.02269	0.08030	0.05697	0.02045	0.03846	0.00152	0.03264	0.00457	0.00232	0.00522
13	0.00927	0.06175	0.17834	0.11563	0.09675	0.04253	0.07527	0.04566	0.02238	0.08310	0.09600	0.08837	0.02086	0.00533	0.00445	0.00128	0.04066	0.00456	0.00265	0.00515

[dist]
# distance from previous block
# <min> <max>
0	40

[block]
# block no. 3 follows, 68 sequences, length 26
# corresponding to MSA columns:
# 130-155
name=unknown_D
#
# <colnr> <probs for GDERKNQSTAVLIFYWHMCP>
#	G	D	E	R	K	N	Q	S	T	A	V	L	I	F	Y	W	H	M	C	P
0	0.08832	0.23342	0.13485	0.00990	0.10302	0.04868	0.02273	0.08118	0.08657	0.07219	0.02369	0.01014	0.00733	0.02293	0.00397	0.00120	0.01957	0.01370	0.00255	0.01406
1	0.06661	0.10240	0.23506	0.02656	0.09944	0.01901	0.03921	0.08121	0.00938	0.05714	0.03925	0.05427	0.05129	0.03439	0.01449	0.00133	0.00445	0.00397	0.00252	0.05803
2	0.04384	0.08491	0.13316	0.02386	0.02916	0.10790	0.03269	0.09224	0.00960	0.07007	0.02328	0.19293	0.01115	0.00700	0.03322	0.00144	0.04464	0.01934	0.00277	0.03679
3	0.02478	0.15786	0.14680	0.00871	0.03683	0.18152	0.01837	0.05979	0.02338	0.08627	0.08239	0.10031	0.02243	0.00530	0.00376	0.00115	0.00457	0.00421	0.00274	0.02883
4	0.06599	0.11547	0.16596	0.00788	0.02093	0.05928	0.00741	0.15758	0.02122	0.10164	0.07781	0.02894	0.11116	0.00529	0.00376	0.00117	0.00402	0.00414	0.00305	0.03729
5	0.00942	0.16877	0.33172	0.00901	0.03185	0.08029	0.00931	0.02175	0.04436	0.06502	0.06631	0.06822	0.00974	0.03380	0.00424	0.00125	0.00467	0.00384	0.00242	0.03401
6	0.21062	0.18163	0.12558	0.00859	0.05237	0.12497	0.02220	0.04707	0.02226	0.06214	0.04583	0.02469	0.03439	0.00444	0.00349	0.00115	0.01785	0.00324	0.00248	0.00504
7	0.03756	0.05351	0.41423	0.00885	0.01285	0.00829	0.00983	0.03802	0.09453	0.06880	0.09682	0.04205	0.01046	0.00526	0.02073	0.00131	0.00454	0.00385	0.00265	0.06584
8	0.00731	0.08712	0.04702	0.04465	0.05035	0.00669	0.00569	0.00965	0.09099	0.03612	0.04467	0.10394	0.07020	0.14907	0.18675	0.00276	0.01756	0.00523	0.00272	0.03150
9	0.01050	0.56372	0.04314	0.00902	0.09836	0.08025	0.00743	0.03938	0.03567	0.01070	0.00844	0.01793	0.05285	0.00406	0.00306	0.00097	0.00440	0.00291	0.00204	0.00518
10	0.00913	0.01136	0.27166	0.00861	0.05079	0.00698	0.00833	0.05243	0.00924	0.08432	0.03762	0.01092	0.04386	0.00398	0.00352	0.00097	0.00398	0.00322	0.00255	0.37653
11	0.01245	0.06707	0.23286	0.01001	0.05441	0.16963	0.01850	0.14422	0.01805	0.16340	0.00904	0.01992	0.00664	0.00434	0.00384	0.00969	0.00505	0.00325	0.00279	0.04484
12	0.01038	0.05791	0.11499	0.11709	0.35352	0.13335	0.02646	0.02413	0.02431	0.05096	0.00785	0.02021	0.00634	0.00439	0.01772	0.00127	0.01801	0.00341	0.00213	0.00559
13	0.00471	0.00394	0.00410	0.00423	0.00541	0.00333	0.00311	0.00567	0.00883	0.01063	0.03756	0.15463	0.71952	0.01038	0.00474	0.00138	0.00205	0.00878	0.00368	0.00333
14	0.13280	0.00661	0.00735	0.00573	0.00862	0.00550	0.00449	0.00957	0.00792	0.01320	0.00900	0.13271	0.00864	0.00443	0.00318	0.00083	0.00286	0.00363	0.00256	0.63038
15	0.00912	0.01658	0.59819	0.01082	0.04239	0.00834	0.04142	0.01290	0.00876	0.11367	0.00916	0.04145	0.01676	0.00424	0.00385	0.00123	0.00522	0.00349	0.00223	0.05018
16	0.80332	0.00876	0.00636	0.00570	0.00812	0.09053	0.00462	0.01206	0.00719	0.01700	0.00558	0.00651	0.00437	0.00372	0.00256	0.00121	0.00347	0.00219	0.00241	0.00432
17	0.00814	0.01845	0.70280	0.05474	0.01691	0.00926	0.01351	0.01339	0.10124	0.01289	0.00813	0.00921	0.00584	0.00396	0.00381	0.00127	0.00552	0.00314	0.00195	0.00583
18	0.04749	0.00678	0.00909	0.00699	0.01004	0.00593	0.00578	0.01906	0.01119	0.81067	0.01530	0.01325	0.00963	0.00487	0.00393	0.00123	0.00336	0.00392	0.00482	0.00666
19	0.00780	0.00731	0.01219	0.66135	0.14636	0.00879	0.01072	0.01022	0.00793	0.01042	0.00729	0.01108	0.00584	0.04203	0.00499	0.00143	0.03421	0.00362	0.00182	0.00459
20	0.00479	0.00398	0.00421	0.00437	0.00555	0.00340	0.00327	0.00580	0.00887	0.01070	0.03697	0.13616	0.69500	0.01037	0.00477	0.00140	0.00213	0.05121	0.00368	0.00335
21	0.00634	0.00710	0.10135	0.02643	0.03637	0.00547	0.12855	0.00850	0.00977	0.01325	0.33495	0.05672	0.23459	0.00733	0.00455	0.00130	0.00326	0.00659	0.00337	0.00419
22	0.00762	0.00718	0.01213	0.80414	0.07326	0.00884	0.01108	0.01025	0.00799	0.01029	0.00707	0.01053	0.00534	0.00394	0.00396	0.00131	0.00525	0.00352	0.00177	0.00451
23	0.01103	0.77851	0.01984	0.00710	0.01039	0.08033	0.00687	0.02992	0.00854	0.00970	0.00565	0.00649	0.00513	0.00348	0.00266	0.00087	0.00447	0.00219	0.00177	0.00509
24	0.03072	0.13334	0.26743	0.00948	0.05069	0.06428	0.02215	0.08605	0.00998	0.16702	0.00861	0.00911	0.00625	0.00391	0.00353	0.00108	0.00465	0.00301	0.00263	0.11607
25	0.02472	0.22794	0.30290	0.01049	0.06095	0.13777	0.04458	0.09037	0.00988	0.03497	0.01691	0.00834	0.00583	0.00387	0.00350	0.00111	0.00532	0.00291	0.00212	0.00554

[dist]
# distance from previous block
# <min> <max>
0	1

[block]
# block no. 4 follows, 68 sequences, length 12
# corresponding to MSA columns:
# 157-168
name=unknown_E
#
# <colnr> <probs for GDERKNQSTAVLIFYWHMCP>
#	G	D	E	R	K	N	Q	S	T	A	V	L	I	F	Y	W	H	M	C	P
0	0.70263	0.01006	0.00698	0.00628	0.00864	0.18683	0.00501	0.01254	0.00770	0.01607	0.00565	0.00659	0.00447	0.00377	0.00269	0.00118	0.00394	0.00223	0.00237	0.00436
1	0.01146	0.05869	0.29908	0.01188	0.09032	0.34927	0.04596	0.02933	0.03222	0.02564	0.00714	0.00830	0.00553	0.00392	0.00370	0.00114	0.00609	0.00294	0.00203	0.00537
2	0.00597	0.00416	0.00525	0.00491	0.00600	0.00376	0.00370	0.00768	0.01086	0.04970	0.66409	0.03039	0.17206	0.00830	0.00465	0.00126	0.00196	0.00724	0.00427	0.00380
3	0.00552	0.00425	0.00508	0.00505	0.00605	0.00397	0.00372	0.00760	0.06816	0.01346	0.40817	0.18922	0.24655	0.00925	0.00471	0.00135	0.00208	0.00808	0.00403	0.00372
4	0.00950	0.01055	0.10202	0.16935	0.50082	0.03053	0.06390	0.04294	0.00921	0.01277	0.00743	0.00978	0.00594	0.00368	0.00396	0.00122	0.00511	0.00352	0.00198	0.00582
5	0.00538	0.00404	0.00498	0.00474	0.00578	0.00364	0.00356	0.00703	0.01067	0.01459	0.63418	0.03177	0.23787	0.00859	0.00468	0.00127	0.00191	0.00747	0.00419	0.00364
6	0.00521	0.00403	0.00485	0.00474	0.00579	0.00367	0.00355	0.00664	0.00976	0.01298	0.40795	0.06824	0.35440	0.01095	0.07779	0.00175	0.00271	0.00758	0.00387	0.00354
7	0.00589	0.00458	0.00680	0.00667	0.00733	0.00549	0.00523	0.00726	0.00635	0.00923	0.01022	0.01506	0.00956	0.02805	0.78324	0.00603	0.07313	0.00419	0.00210	0.00360
8	0.88866	0.00767	0.00583	0.00521	0.00767	0.00889	0.00429	0.01166	0.00675	0.01779	0.00552	0.00644	0.00429	0.00368	0.00245	0.00123	0.00307	0.00215	0.00245	0.00429
9	0.01000	0.00961	0.05472	0.04768	0.35723	0.00962	0.04809	0.04657	0.32564	0.03265	0.01106	0.01180	0.00851	0.00434	0.00400	0.00126	0.00423	0.00393	0.00288	0.00617
10	0.00840	0.03121	0.04293	0.03787	0.36793	0.00728	0.00928	0.01053	0.00903	0.03717	0.01364	0.04029	0.01367	0.00691	0.00456	0.00146	0.00422	0.34582	0.00278	0.00502
11	0.00985	0.02371	0.03195	0.05777	0.55909	0.05143	0.07301	0.01228	0.02030	0.03162	0.02749	0.01094	0.00730	0.00396	0.00422	0.00121	0.02840	0.01952	0.00214	0.02380

[dist]
# distance from previous block
# <min> <max>
5	28

[block]
# block no. 5 follows, 68 sequences, length 18
# corresponding to MSA columns:
# 197-214
name=unknown_F
#
# <colnr> <probs for GDERKNQSTAVLIFYWHMCP>
#	G	D	E	R	K	N	Q	S	T	A	V	L	I	F	Y	W	H	M	C	P
0	0.04034	0.10541	0.29821	0.00930	0.03675	0.02322	0.01743	0.13181	0.09109	0.04964	0.04074	0.01109	0.00809	0.00438	0.00367	0.00115	0.00448	0.02843	0.00266	0.09211
1	0.03515	0.01234	0.24607	0.01286	0.17500	0.00898	0.07780	0.07969	0.07244	0.11654	0.03140	0.01214	0.02819	0.00466	0.00416	0.00131	0.00479	0.00388	0.00293	0.06966
2	0.02568	0.01235	0.23588	0.00939	0.02228	0.08645	0.07953	0.07116	0.09922	0.07439	0.07628	0.01130	0.00916	0.00429	0.00379	0.00112	0.00454	0.00357	0.00275	0.16686
3	0.01020	0.02501	0.20241	0.01600	0.35151	0.08586	0.06411	0.03413	0.02571	0.06999	0.03541	0.03581	0.00802	0.00429	0.00397	0.00122	0.00501	0.01323	0.00235	0.00579
4	0.01071	0.00914	0.00951	0.00839	0.03032	0.06217	0.00642	0.14848	0.45832	0.03222	0.04650	0.01347	0.01096	0.02858	0.00461	0.00130	0.02669	0.00411	0.00362	0.08449
5	0.03961	0.04724	0.38193	0.01062	0.05737	0.02317	0.04633	0.19752	0.04580	0.01578	0.04707	0.00992	0.00738	0.00418	0.00378	0.00119	0.00491	0.00336	0.00252	0.05031
6	0.00630	0.00462	0.00562	0.00525	0.00641	0.00445	0.00394	0.00906	0.10494	0.03608	0.58602	0.02848	0.13671	0.03839	0.00514	0.00136	0.00214	0.00688	0.00418	0.00401
7	0.00520	0.00404	0.00473	0.00456	0.00567	0.00357	0.00342	0.00669	0.01025	0.01359	0.48084	0.03342	0.39184	0.00897	0.00468	0.00129	0.00193	0.00770	0.00406	0.00357
8	0.03418	0.05829	0.07476	0.12059	0.45034	0.09754	0.03845	0.03654	0.00931	0.03251	0.00736	0.00935	0.00591	0.00372	0.00379	0.00117	0.00507	0.00332	0.00206	0.00572
9	0.00836	0.01454	0.40743	0.01425	0.13863	0.00896	0.24798	0.01193	0.00874	0.01246	0.00932	0.05614	0.03421	0.00428	0.00416	0.00129	0.00561	0.00416	0.00199	0.00555
10	0.00483	0.00345	0.00460	0.00552	0.00575	0.00322	0.00368	0.00552	0.00759	0.01012	0.02185	0.85807	0.02622	0.01242	0.00506	0.00161	0.00230	0.01127	0.00368	0.00322
11	0.00782	0.01676	0.61437	0.01131	0.06390	0.00852	0.03955	0.01205	0.04211	0.01253	0.01067	0.03756	0.05808	0.00479	0.00399	0.00130	0.00526	0.04181	0.00208	0.00555
12	0.01042	0.02649	0.48135	0.04814	0.06283	0.02157	0.02335	0.03776	0.00932	0.18486	0.00959	0.01027	0.02350	0.00424	0.00411	0.00125	0.02917	0.00337	0.00249	0.00590
13	0.00588	0.00516	0.04949	0.03453	0.02700	0.00490	0.00506	0.00729	0.02109	0.00971	0.03304	0.16069	0.03268	0.19464	0.37201	0.00408	0.00659	0.02009	0.00255	0.00351
14	0.01676	0.00829	0.03751	0.00757	0.01065	0.05316	0.00637	0.07977	0.04529	0.66955	0.01438	0.01272	0.00925	0.00483	0.00396	0.00122	0.00373	0.00386	0.00453	0.00658
15	0.01275	0.03452	0.09506	0.01259	0.12277	0.17667	0.15454	0.19554	0.02537	0.11835	0.00884	0.00969	0.00649	0.00411	0.00396	0.00119	0.00538	0.00353	0.00280	0.00587
16	0.00901	0.00872	0.06907	0.31822	0.14108	0.02322	0.09300	0.05808	0.03040	0.06136	0.01082	0.06321	0.04991	0.00485	0.00421	0.00129	0.01673	0.00436	0.02739	0.00506
17	0.03487	0.02532	0.01044	0.06245	0.07777	0.07788	0.00688	0.04632	0.00875	0.06657	0.00727	0.00881	0.00592	0.00410	0.00502	0.00101	0.15547	0.00289	0.00237	0.38987

[dist]
# distance from previous block
# <min> <max>
1	3

[block]
# block no. 6 follows, 68 sequences, length 31
# corresponding to MSA columns:
# 218-248
name=unknown_G
#
# <colnr> <probs for GDERKNQSTAVLIFYWHMCP>
#	G	D	E	R	K	N	Q	S	T	A	V	L	I	F	Y	W	H	M	C	P
0	0.01867	0.00833	0.01304	0.09335	0.50484	0.00847	0.00982	0.05726	0.04108	0.03701	0.09363	0.01319	0.04187	0.00445	0.00399	0.00119	0.00417	0.00408	0.00255	0.03902
1	0.00921	0.02843	0.08967	0.19127	0.39507	0.04349	0.03583	0.02908	0.03465	0.01254	0.03336	0.01066	0.01586	0.00392	0.00388	0.00118	0.00482	0.00357	0.00211	0.05138
2	0.00837	0.08425	0.35617	0.00881	0.03941	0.00787	0.00924	0.01135	0.01764	0.05519	0.12752	0.01276	0.04226	0.00458	0.00390	0.00110	0.02367	0.00367	0.00248	0.17976
3	0.00769	0.00721	0.01186	0.66221	0.09957	0.00880	0.01050	0.01029	0.02583	0.01050	0.00793	0.05385	0.00659	0.00457	0.00456	0.00135	0.05627	0.00394	0.00193	0.00455
4	0.01792	0.01524	0.01002	0.11566	0.16338	0.02251	0.00749	0.02037	0.12502	0.04582	0.13251	0.05029	0.08288	0.00659	0.02317	0.00145	0.13305	0.00490	0.01686	0.00487
5	0.00768	0.00736	0.02337	0.00977	0.01225	0.01814	0.28245	0.00972	0.00863	0.02023	0.01334	0.19849	0.02606	0.02825	0.00485	0.00136	0.00429	0.12326	0.00274	0.19775
6	0.01439	0.01154	0.01183	0.00992	0.05429	0.08825	0.00769	0.64716	0.07824	0.02234	0.00960	0.00971	0.00697	0.00468	0.00393	0.00119	0.00454	0.00354	0.00369	0.00649
7	0.05010	0.13948	0.42557	0.00983	0.03519	0.00986	0.02966	0.08387	0.02377	0.08765	0.02148	0.00909	0.00633	0.00394	0.00357	0.00115	0.00487	0.00305	0.00234	0.04920
8	0.00716	0.00728	0.05341	0.67354	0.02359	0.00805	0.02287	0.00963	0.00792	0.01029	0.00919	0.13225	0.00829	0.00516	0.00412	0.00136	0.00491	0.00462	0.00204	0.00432
9	0.00811	0.07055	0.79145	0.01103	0.01675	0.00959	0.01418	0.01252	0.00835	0.01236	0.00702	0.00825	0.00503	0.00374	0.00369	0.00123	0.00576	0.00288	0.00168	0.00581
10	0.01050	0.17556	0.29073	0.00912	0.01289	0.07164	0.04162	0.07908	0.08967	0.09188	0.07082	0.01117	0.01953	0.00445	0.00370	0.00117	0.00471	0.00351	0.00267	0.00560
11	0.01045	0.16972	0.29406	0.00958	0.03449	0.00952	0.06929	0.06508	0.00953	0.15644	0.02290	0.02558	0.05027	0.00537	0.03107	0.00136	0.02341	0.00369	0.00262	0.00559
12	0.00692	0.00383	0.00584	0.08279	0.00735	0.00399	0.00429	0.00578	0.00562	0.00744	0.00762	0.01359	0.00756	0.01273	0.01393	0.75853	0.00362	0.04468	0.00182	0.00207
13	0.00538	0.00375	0.00460	0.00503	0.00571	0.00345	0.00354	0.00639	0.00835	0.02776	0.09941	0.47745	0.20949	0.01121	0.03180	0.00160	0.00244	0.00920	0.08002	0.00342
14	0.06837	0.04778	0.38988	0.07229	0.15543	0.00943	0.04012	0.06557	0.00919	0.06951	0.00790	0.01867	0.00592	0.00400	0.00390	0.00124	0.01958	0.00327	0.00219	0.00574
15	0.05743	0.03373	0.01346	0.20139	0.17937	0.00936	0.10323	0.15648	0.02506	0.16771	0.00931	0.01053	0.00673	0.00411	0.00393	0.00124	0.00463	0.00366	0.00288	0.00578
16	0.00491	0.00351	0.00469	0.00561	0.00587	0.00329	0.00382	0.00565	0.00767	0.01021	0.02181	0.81766	0.02605	0.01235	0.00508	0.00162	0.00237	0.05092	0.00368	0.00324
17	0.00614	0.00500	0.00720	0.02800	0.00804	0.00570	0.02701	0.02466	0.00745	0.01037	0.07091	0.01885	0.13303	0.02131	0.52339	0.00447	0.08726	0.00496	0.00250	0.00374
18	0.01098	0.04042	0.30886	0.02613	0.20910	0.11935	0.03859	0.05876	0.03121	0.10683	0.00838	0.00942	0.00620	0.00396	0.00382	0.00119	0.00529	0.00326	0.00236	0.00589
19	0.00952	0.00907	0.01541	0.02322	0.78662	0.00905	0.01166	0.01177	0.00894	0.01279	0.00831	0.06019	0.00746	0.00406	0.00399	0.00120	0.00457	0.00399	0.00206	0.00610
20	0.00726	0.00659	0.00943	0.00851	0.00885	0.00877	0.00693	0.00839	0.00621	0.00938	0.00775	0.01192	0.00742	0.01765	0.40386	0.00391	0.45745	0.00384	0.00192	0.00396
21	0.82096	0.05173	0.00673	0.00542	0.00792	0.03103	0.00451	0.01178	0.00693	0.01715	0.00554	0.00646	0.00436	0.00368	0.00249	0.00120	0.00323	0.00216	0.00240	0.00434
22	0.01076	0.65542	0.12509	0.00775	0.01132	0.09710	0.00790	0.02703	0.00860	0.01006	0.00585	0.00675	0.00511	0.00353	0.00283	0.00092	0.00474	0.00229	0.00177	0.00517
23	0.01192	0.59938	0.01780	0.00786	0.01083	0.27464	0.00706	0.01311	0.00905	0.00945	0.00570	0.00661	0.00509	0.00361	0.00287	0.00090	0.00515	0.00226	0.00180	0.00493
24	0.00565	0.00420	0.00609	0.00609	0.00673	0.00479	0.00463	0.00690	0.00638	0.00908	0.01165	0.01733	0.03362	0.11868	0.73245	0.00596	0.00965	0.00453	0.00220	0.00341
25	0.02211	0.10997	0.29739	0.18470	0.18682	0.04424	0.04717	0.01203	0.00857	0.02252	0.00737	0.00974	0.00582	0.00388	0.00375	0.00121	0.00529	0.02011	0.00188	0.00543
26	0.06982	0.00883	0.01398	0.15004	0.51299	0.00918	0.02382	0.06633	0.00955	0.08577	0.00812	0.01002	0.00633	0.00381	0.00385	0.00121	0.00458	0.00350	0.00236	0.00591
27	0.00639	0.00456	0.00639	0.00730	0.00821	0.00456	0.00639	0.00821	0.00913	0.01187	0.02099	0.04472	0.02282	0.01095	0.00548	0.00183	0.00365	0.80924	0.00365	0.00365
28	0.00788	0.00629	0.00965	0.08091	0.25685	0.00636	0.03485	0.02062	0.00816	0.04514	0.08130	0.03455	0.01332	0.31674	0.01006	0.00222	0.00410	0.05412	0.00260	0.00428
29	0.00664	0.00410	0.00586	0.10046	0.00777	0.00433	0.00430	0.00634	0.01886	0.00801	0.00967	0.03794	0.01007	0.21428	0.02448	0.47461	0.00381	0.05394	0.00210	0.00244
30	0.01060	0.86304	0.02078	0.00678	0.01018	0.01569	0.00678	0.01187	0.00806	0.00933	0.00551	0.00636	0.00509	0.00339	0.00254	0.00085	0.00424	0.00212	0.00170	0.00509

[dist]
# distance from previous block
# <min> <max>
0	1

[block]
# block no. 7 follows, 68 sequences, length 24
# corresponding to MSA columns:
# 250-273
name=unknown_H
#
# <colnr> <probs for GDERKNQSTAVLIFYWHMCP>
#	G	D	E	R	K	N	Q	S	T	A	V	L	I	F	Y	W	H	M	C	P
0	0.00997	0.00990	0.03516	0.02345	0.78404	0.02622	0.01204	0.02824	0.00925	0.01312	0.00746	0.00972	0.00624	0.00357	0.00392	0.00118	0.00478	0.00350	0.00200	0.00625
1	0.00489	0.00350	0.00467	0.00559	0.00585	0.00328	0.00379	0.00563	0.00765	0.01019	0.02182	0.82498	0.02609	0.01236	0.00508	0.00162	0.00236	0.04373	0.00368	0.00324
2	0.01481	0.01890	0.01124	0.01021	0.01226	0.84474	0.00766	0.01583	0.01124	0.00970	0.00613	0.00715	0.00511	0.00409	0.00358	0.00102	0.00715	0.00255	0.00204	0.00460
3	0.00624	0.00534	0.00646	0.00535	0.00747	0.00435	0.03678	0.00772	0.00905	0.01230	0.14145	0.04167	0.38119	0.00706	0.00408	0.00107	0.00251	0.00601	0.00325	0.31065
4	0.00692	0.00583	0.00686	0.00682	0.00766	0.07862	0.01505	0.00857	0.04733	0.00989	0.01265	0.03938	0.01267	0.12582	0.40735	0.03380	0.01714	0.15149	0.00254	0.00361
5	0.00859	0.00927	0.01949	0.01433	0.01755	0.00873	0.64825	0.01136	0.00889	0.01201	0.00996	0.05859	0.00891	0.09007	0.00630	0.00163	0.00599	0.05300	0.00223	0.00484
6	0.00792	0.00824	0.01640	0.01262	0.01508	0.00811	0.48318	0.01024	0.00857	0.01167	0.01216	0.24024	0.01226	0.00652	0.00560	0.00147	0.08400	0.04862	0.00252	0.00459
7	0.01280	0.00997	0.01062	0.00866	0.01143	0.01123	0.00699	0.47251	0.37254	0.02132	0.01241	0.01182	0.00908	0.00503	0.00400	0.00126	0.00383	0.00397	0.00400	0.00654
8	0.01051	0.01129	0.25169	0.02874	0.03914	0.00758	0.04360	0.08789	0.03450	0.17526	0.06285	0.01200	0.03138	0.00439	0.00380	0.00112	0.00419	0.00365	0.00298	0.18344
9	0.62863	0.00871	0.00732	0.05638	0.00973	0.07802	0.00532	0.06336	0.01952	0.08185	0.00686	0.00761	0.00512	0.00392	0.00287	0.00121	0.00364	0.00253	0.00269	0.00470
10	0.01002	0.38980	0.09742	0.01149	0.10546	0.03632	0.18840	0.01274	0.05275	0.02334	0.03234	0.00918	0.00685	0.00372	0.00348	0.00108	0.00493	0.00324	0.00206	0.00538
11	0.00480	0.00359	0.00446	0.00516	0.00566	0.00325	0.00352	0.00556	0.00794	0.01026	0.02626	0.66086	0.22059	0.01185	0.00497	0.00154	0.00223	0.01057	0.00368	0.00325
12	0.00882	0.00927	0.06394	0.32914	0.44530	0.00921	0.05425	0.01147	0.00860	0.01187	0.00732	0.01005	0.00582	0.00370	0.00397	0.00124	0.00509	0.00355	0.00187	0.00551
13	0.04536	0.00952	0.01389	0.29255	0.42988	0.08817	0.02507	0.02713	0.00897	0.01214	0.00717	0.00968	0.00577	0.00375	0.00386	0.00121	0.00509	0.00340	0.00196	0.00542
14	0.00783	0.00732	0.01242	0.46309	0.25429	0.00821	0.03822	0.01013	0.00824	0.01102	0.00936	0.13435	0.00866	0.00506	0.00414	0.00132	0.00473	0.00470	0.00211	0.00480
15	0.00527	0.00403	0.00471	0.00487	0.00580	0.00366	0.00364	0.00641	0.00894	0.01147	0.18764	0.10903	0.38269	0.11675	0.00678	0.00173	0.00248	0.12712	0.00365	0.00334
16	0.00848	0.00914	0.16242	0.03166	0.08918	0.04343	0.00742	0.02110	0.11296	0.09481	0.01766	0.20617	0.13363	0.02292	0.00460	0.00140	0.00374	0.02123	0.00317	0.00489
17	0.00930	0.00886	0.01503	0.16646	0.54688	0.02233	0.07748	0.01167	0.00895	0.02764	0.02631	0.03289	0.02027	0.00406	0.00405	0.00123	0.00482	0.00397	0.00211	0.00568
18	0.00713	0.00415	0.00640	0.00732	0.09810	0.00418	0.00444	0.00604	0.00566	0.00767	0.00727	0.01240	0.00718	0.04238	0.04297	0.72518	0.00385	0.00356	0.00179	0.00232
19	0.00900	0.00845	0.01362	0.07500	0.60276	0.02585	0.01042	0.02809	0.00895	0.01246	0.00996	0.15809	0.00969	0.00515	0.00412	0.00126	0.00437	0.00487	0.00229	0.00560
20	0.01017	0.00985	0.06784	0.05923	0.40596	0.03323	0.08502	0.08573	0.02102	0.06383	0.00941	0.08374	0.00812	0.00468	0.00440	0.00126	0.03398	0.00429	0.00247	0.00576
21	0.03720	0.00748	0.02698	0.13755	0.08559	0.03225	0.04621	0.05785	0.07202	0.19299	0.13423	0.07466	0.02974	0.00666	0.03954	0.00149	0.00411	0.00489	0.00337	0.00519
22	0.01097	0.05796	0.06201	0.01041	0.01214	0.33911	0.07997	0.01239	0.00882	0.01023	0.02799	0.03399	0.00674	0.00563	0.01848	0.00139	0.29171	0.00345	0.00201	0.00460
23	0.20562	0.12420	0.05227	0.00967	0.08405	0.23666	0.02239	0.09339	0.01001	0.08193	0.00739	0.01805	0.00584	0.00414	0.00361	0.00114	0.02905	0.00290	0.00250	0.00519

[dist]
# distance from previous block
# <min> <max>
0	8

# created by:
# /st0/software/busco_prod/Augustus/scripts/msa2prfl.pl ./align_prep/33952.fa
