[name]
unknown

[dist]
# distance from previous block
# <min> <max>
0	46

[block]
# block no. 0 follows, 63 sequences, length 12
# corresponding to MSA columns:
# 53-64
name=unknown_A
#
# <colnr> <probs for GDERKNQSTAVLIFYWHMCP>
#	G	D	E	R	K	N	Q	S	T	A	V	L	I	F	Y	W	H	M	C	P
0	0.02877	0.10570	0.07200	0.01182	0.16895	0.08745	0.04213	0.10070	0.07556	0.03222	0.03823	0.04401	0.09703	0.01559	0.00435	0.00130	0.00452	0.03404	0.00295	0.03268
1	0.00679	0.00444	0.00527	0.00506	0.00572	0.00429	0.00338	0.00802	0.03449	0.05169	0.25898	0.05593	0.06953	0.41871	0.01283	0.00267	0.00314	0.00669	0.03889	0.00347
2	0.01126	0.08041	0.14710	0.03649	0.01361	0.09105	0.10264	0.15936	0.04979	0.07022	0.08606	0.01406	0.03917	0.05042	0.00539	0.00144	0.02857	0.00431	0.00304	0.00561
3	0.00522	0.00418	0.00462	0.00469	0.00581	0.00363	0.00341	0.00638	0.00968	0.01220	0.18863	0.14792	0.53319	0.04451	0.00568	0.00155	0.00222	0.00893	0.00399	0.00357
4	0.00934	0.03982	0.68706	0.03330	0.06209	0.00967	0.01442	0.01372	0.00912	0.07139	0.00817	0.00935	0.00577	0.00406	0.00399	0.00132	0.00590	0.00322	0.00204	0.00625
5	0.00911	0.03830	0.17752	0.02417	0.06668	0.02295	0.07331	0.01136	0.00809	0.01200	0.00729	0.03413	0.00642	0.00526	0.00747	0.00137	0.30991	0.00362	0.00206	0.17898
6	0.00590	0.00430	0.00555	0.00524	0.00625	0.00395	0.00393	0.00784	0.01178	0.01658	0.78435	0.03186	0.07931	0.00870	0.00496	0.00133	0.00199	0.00767	0.00459	0.00395
7	0.01047	0.01127	0.04084	0.05988	0.02102	0.01069	0.64883	0.07946	0.01060	0.03242	0.00867	0.01119	0.00645	0.00383	0.00501	0.00141	0.02513	0.00471	0.00234	0.00576
8	0.00526	0.00372	0.00484	0.00567	0.00588	0.00351	0.00371	0.00589	0.00777	0.01036	0.02174	0.73127	0.02600	0.13388	0.00767	0.00205	0.00267	0.01111	0.00371	0.00329
9	0.05738	0.07758	0.12138	0.01504	0.05154	0.01094	0.49692	0.07171	0.01024	0.01441	0.00845	0.01115	0.00656	0.00393	0.00447	0.00135	0.00623	0.02270	0.00227	0.00576
10	0.00680	0.00489	0.00591	0.00555	0.00598	0.00502	0.02989	0.03018	0.06467	0.00964	0.01349	0.04843	0.01479	0.69084	0.04399	0.00374	0.00431	0.00603	0.00273	0.00313
11	0.02076	0.17175	0.11749	0.00807	0.01088	0.00881	0.08404	0.07151	0.00982	0.02944	0.03907	0.08786	0.22949	0.03137	0.00505	0.00138	0.03263	0.00567	0.00295	0.03198

[dist]
# distance from previous block
# <min> <max>
3	11

[block]
# block no. 1 follows, 63 sequences, length 16
# corresponding to MSA columns:
# 83-98
name=unknown_B
#
# <colnr> <probs for GDERKNQSTAVLIFYWHMCP>
#	G	D	E	R	K	N	Q	S	T	A	V	L	I	F	Y	W	H	M	C	P
0	0.00535	0.00424	0.00484	0.00510	0.00610	0.00383	0.00367	0.00683	0.04181	0.01199	0.12064	0.32223	0.42609	0.01111	0.00508	0.00151	0.00227	0.00965	0.00400	0.00367
1	0.02526	0.00781	0.04050	0.09012	0.03714	0.04344	0.06255	0.06346	0.06610	0.09824	0.10949	0.04809	0.04478	0.00576	0.00433	0.00127	0.02666	0.00487	0.21505	0.00506
2	0.05842	0.07767	0.01385	0.04207	0.17468	0.05081	0.07164	0.21957	0.03739	0.07594	0.00941	0.01093	0.00731	0.02641	0.00498	0.00134	0.05509	0.00374	0.05277	0.00599
3	0.00525	0.00374	0.00497	0.00583	0.00613	0.00351	0.00394	0.00607	0.00827	0.01108	0.07157	0.75121	0.02803	0.03924	0.00586	0.00176	0.00250	0.03370	0.00390	0.00343
4	0.00954	0.00866	0.03918	0.06720	0.05043	0.06057	0.22280	0.05436	0.00995	0.07824	0.02862	0.24273	0.01364	0.02763	0.00504	0.00148	0.00468	0.00642	0.06388	0.00496
5	0.00585	0.00429	0.00547	0.00518	0.00622	0.00392	0.00388	0.00773	0.01165	0.01627	0.74066	0.03237	0.12320	0.00881	0.00496	0.00133	0.00200	0.00774	0.00455	0.00392
6	0.01292	0.02877	0.09844	0.05295	0.10003	0.04297	0.14287	0.19871	0.03852	0.17025	0.02283	0.01166	0.00806	0.00455	0.00421	0.00129	0.00499	0.00401	0.04567	0.00628
7	0.04101	0.05297	0.01330	0.01110	0.04289	0.45793	0.05606	0.23239	0.01355	0.02894	0.00777	0.00864	0.00605	0.00443	0.00391	0.00116	0.00632	0.00317	0.00276	0.00566
8	0.01521	0.11612	0.01313	0.01033	0.01274	0.68482	0.00801	0.07024	0.01206	0.01134	0.00667	0.00765	0.00553	0.00430	0.00369	0.00107	0.00702	0.00273	0.00226	0.00509
9	0.00664	0.00573	0.00820	0.00760	0.03836	0.00551	0.09826	0.02510	0.03714	0.01284	0.15948	0.07320	0.33395	0.06135	0.05181	0.00190	0.02413	0.04112	0.00354	0.00414
10	0.00646	0.00436	0.00591	0.00663	0.00733	0.00421	0.00516	0.00777	0.00898	0.04280	0.06119	0.38043	0.02542	0.06116	0.00643	0.00191	0.00318	0.35303	0.00389	0.00373
11	0.00761	0.03931	0.00670	0.00586	0.00686	0.02585	0.00444	0.02433	0.03798	0.02639	0.07396	0.01870	0.03545	0.14529	0.25199	0.01529	0.03265	0.00477	0.23263	0.00394
12	0.00551	0.00399	0.00479	0.00520	0.00567	0.00373	0.00347	0.00622	0.00807	0.01055	0.07741	0.36118	0.17520	0.26743	0.01015	0.00236	0.00290	0.03940	0.00354	0.00323
13	0.09656	0.00600	0.00712	0.00623	0.00816	0.00578	0.00486	0.03694	0.06129	0.25907	0.21504	0.07917	0.11759	0.05484	0.00541	0.00152	0.00295	0.02210	0.00430	0.00507
14	0.00708	0.00535	0.02864	0.02288	0.00781	0.00501	0.00489	0.04483	0.07676	0.05315	0.09231	0.48877	0.03992	0.06897	0.00619	0.00176	0.00295	0.03472	0.00388	0.00415
15	0.11762	0.05901	0.05632	0.08981	0.27925	0.04549	0.06205	0.05267	0.02782	0.03711	0.02559	0.03669	0.02022	0.03194	0.00473	0.00137	0.02296	0.00397	0.00250	0.02285

[dist]
# distance from previous block
# <min> <max>
0	8

[block]
# block no. 2 follows, 63 sequences, length 21
# corresponding to MSA columns:
# 107-127
name=unknown_C
#
# <colnr> <probs for GDERKNQSTAVLIFYWHMCP>
#	G	D	E	R	K	N	Q	S	T	A	V	L	I	F	Y	W	H	M	C	P
0	0.51205	0.01021	0.04539	0.04069	0.02459	0.10109	0.00626	0.08655	0.05536	0.01750	0.02456	0.02596	0.02555	0.00460	0.00329	0.00130	0.00405	0.00317	0.00282	0.00501
1	0.00847	0.00808	0.05137	0.12306	0.07552	0.02194	0.06663	0.04861	0.09124	0.03170	0.06435	0.10617	0.08743	0.03239	0.09069	0.00206	0.07679	0.00563	0.00296	0.00491
2	0.00551	0.00416	0.00513	0.00534	0.00626	0.00377	0.00396	0.00690	0.01003	0.01329	0.32014	0.25263	0.26125	0.01065	0.00514	0.00150	0.00230	0.07417	0.00416	0.00369
3	0.00645	0.00491	0.00653	0.00623	0.00680	0.00535	0.02239	0.02660	0.00718	0.00982	0.01493	0.06660	0.08341	0.35222	0.30278	0.00438	0.06153	0.00586	0.00262	0.00342
4	0.02756	0.00678	0.01039	0.33008	0.15376	0.00748	0.00862	0.02406	0.02987	0.03070	0.08523	0.14623	0.07330	0.00759	0.03884	0.00163	0.00449	0.00578	0.00282	0.00477
5	0.00504	0.00425	0.00432	0.00431	0.00566	0.00358	0.00320	0.00610	0.00954	0.01143	0.06868	0.03969	0.76875	0.04006	0.00554	0.00151	0.00219	0.00873	0.00388	0.00353
6	0.01240	0.60179	0.01891	0.00814	0.01134	0.19886	0.00741	0.05988	0.00991	0.01094	0.00635	0.00733	0.00561	0.00443	0.02044	0.00108	0.00533	0.00249	0.00203	0.00535
7	0.00512	0.00366	0.00488	0.00585	0.00610	0.00341	0.00390	0.00585	0.00805	0.01073	0.02317	0.84952	0.02780	0.01317	0.00537	0.00171	0.00244	0.01195	0.00390	0.00341
8	0.01269	0.28328	0.19268	0.00987	0.01373	0.17295	0.05341	0.12104	0.01113	0.08063	0.00794	0.00869	0.00609	0.00415	0.00364	0.00114	0.00555	0.00304	0.00249	0.00586
9	0.01212	0.13986	0.05081	0.05232	0.06539	0.31946	0.02804	0.04186	0.11776	0.01250	0.04713	0.01050	0.00828	0.00516	0.01723	0.00130	0.05892	0.00346	0.00252	0.00537
10	0.00872	0.00747	0.00872	0.00623	0.00996	0.00560	0.00498	0.01058	0.00872	0.01370	0.00747	0.00872	0.00623	0.00311	0.00311	0.00062	0.00311	0.00249	0.00249	0.87796
11	0.01390	0.01239	0.16790	0.01001	0.01377	0.01058	0.06043	0.40035	0.05754	0.15579	0.01132	0.03055	0.00823	0.02200	0.00459	0.00137	0.00478	0.00409	0.00374	0.00667
12	0.01067	0.08948	0.09824	0.03032	0.22871	0.12203	0.03260	0.04437	0.09329	0.04247	0.03758	0.03675	0.07744	0.00526	0.00444	0.00128	0.03228	0.00434	0.00273	0.00572
13	0.00626	0.00452	0.00565	0.00532	0.00649	0.00415	0.00400	0.00832	0.03379	0.03607	0.61485	0.06586	0.15568	0.00883	0.00491	0.00134	0.00212	0.00772	0.00445	0.01967
14	0.04301	0.16841	0.04047	0.02243	0.08640	0.12824	0.03198	0.06643	0.07517	0.05117	0.04108	0.01471	0.07251	0.03167	0.03365	0.00151	0.03459	0.02662	0.02468	0.00529
15	0.04035	0.06917	0.09879	0.13526	0.18477	0.04597	0.09041	0.07846	0.10154	0.01419	0.01116	0.02658	0.05779	0.00483	0.00435	0.00132	0.02257	0.00417	0.00259	0.00573
16	0.00604	0.00424	0.00512	0.00513	0.00588	0.00411	0.00360	0.00705	0.00832	0.02718	0.13266	0.10671	0.21679	0.24201	0.15580	0.00307	0.00430	0.00711	0.05144	0.00345
17	0.01032	0.10978	0.08570	0.07165	0.08266	0.04882	0.18817	0.09369	0.01036	0.03024	0.03779	0.03230	0.02046	0.00506	0.00497	0.00132	0.06862	0.04529	0.00255	0.05027
18	0.00555	0.00402	0.00492	0.00524	0.00593	0.00370	0.00368	0.00667	0.00922	0.01242	0.23119	0.34854	0.18671	0.09128	0.00663	0.00175	0.00243	0.02782	0.03877	0.00353
19	0.00963	0.04689	0.01019	0.00759	0.04294	0.00694	0.02575	0.05437	0.03704	0.04132	0.00841	0.00991	0.00694	0.03285	0.00395	0.00088	0.00349	0.00292	0.00268	0.64530
20	0.04622	0.05967	0.01014	0.05443	0.04317	0.03088	0.05961	0.11872	0.04513	0.01385	0.01641	0.26607	0.06814	0.02153	0.03238	0.00170	0.03553	0.06845	0.00327	0.00471

[dist]
# distance from previous block
# <min> <max>
1	19

[block]
# block no. 3 follows, 63 sequences, length 12
# corresponding to MSA columns:
# 153-164
name=unknown_D
#
# <colnr> <probs for GDERKNQSTAVLIFYWHMCP>
#	G	D	E	R	K	N	Q	S	T	A	V	L	I	F	Y	W	H	M	C	P
0	0.00590	0.00457	0.00530	0.00535	0.00646	0.00423	0.00395	0.04026	0.03285	0.01336	0.22524	0.24583	0.35113	0.01045	0.00504	0.00148	0.00235	0.02828	0.00410	0.00386
1	0.00854	0.00660	0.02928	0.04232	0.06502	0.00639	0.01737	0.04038	0.15055	0.08688	0.13407	0.19405	0.10055	0.04314	0.00545	0.00158	0.00330	0.05576	0.00385	0.00491
2	0.04292	0.14155	0.02908	0.04004	0.17935	0.24947	0.07416	0.02488	0.03235	0.09123	0.00887	0.01005	0.01999	0.00431	0.00404	0.00119	0.02220	0.00341	0.01528	0.00564
3	0.01024	0.00640	0.00764	0.00679	0.00868	0.00638	0.00532	0.11457	0.11772	0.18084	0.13334	0.12210	0.15873	0.00917	0.03925	0.01686	0.00340	0.04313	0.00425	0.00519
4	0.00711	0.00412	0.00581	0.00570	0.00573	0.00438	0.00384	0.00599	0.00573	0.00777	0.00861	0.01577	0.00899	0.18711	0.05715	0.60181	0.05594	0.00420	0.00200	0.00224
5	0.04768	0.00517	0.00685	0.00676	0.00796	0.00504	0.03806	0.03653	0.03064	0.04745	0.18460	0.29202	0.08806	0.01008	0.00508	0.00158	0.00300	0.17529	0.00398	0.00415
6	0.01244	0.37483	0.01607	0.00870	0.01132	0.16775	0.00757	0.12730	0.01064	0.04425	0.00865	0.00962	0.04395	0.00491	0.00500	0.00117	0.13482	0.00316	0.00245	0.00541
7	0.00976	0.03072	0.00927	0.01981	0.02364	0.00710	0.00570	0.10065	0.07267	0.06322	0.03762	0.03027	0.06875	0.00639	0.05400	0.00131	0.01486	0.00390	0.00312	0.43724
8	0.03821	0.10138	0.01322	0.03199	0.08806	0.19087	0.05573	0.15294	0.11167	0.03100	0.01006	0.03765	0.00853	0.02881	0.02130	0.00146	0.04032	0.02826	0.00290	0.00562
9	0.57331	0.00876	0.00771	0.02317	0.00962	0.05778	0.00538	0.04710	0.00898	0.17158	0.00821	0.00860	0.00592	0.00419	0.00310	0.00126	0.00367	0.00277	0.00311	0.04579
10	0.03934	0.02260	0.02887	0.01175	0.13251	0.04966	0.07829	0.21575	0.14360	0.03802	0.01137	0.03355	0.00916	0.00708	0.06624	0.00172	0.02045	0.02258	0.06154	0.00594
11	0.00894	0.03515	0.01126	0.07385	0.02389	0.03995	0.04201	0.02039	0.07046	0.03676	0.03668	0.11587	0.04290	0.03066	0.03195	0.00182	0.34595	0.02414	0.00268	0.00468

[dist]
# distance from previous block
# <min> <max>
0	4

[block]
# block no. 4 follows, 63 sequences, length 7
# corresponding to MSA columns:
# 170-176
name=unknown_E
#
# <colnr> <probs for GDERKNQSTAVLIFYWHMCP>
#	G	D	E	R	K	N	Q	S	T	A	V	L	I	F	Y	W	H	M	C	P
0	0.00589	0.00396	0.00498	0.00547	0.00609	0.00365	0.00378	0.00688	0.00877	0.04111	0.11134	0.53972	0.12903	0.04908	0.00580	0.00168	0.00243	0.01006	0.05665	0.00362
1	0.00546	0.00407	0.00489	0.00522	0.00593	0.00373	0.00367	0.00646	0.00893	0.01164	0.15953	0.30929	0.25669	0.13890	0.00764	0.00193	0.00261	0.05614	0.00382	0.00344
2	0.00586	0.00436	0.00514	0.00520	0.00626	0.00395	0.00382	0.00742	0.03283	0.03265	0.25410	0.20939	0.33937	0.03988	0.00561	0.00156	0.00234	0.03237	0.00410	0.00379
3	0.01032	0.00954	0.04307	0.11037	0.26371	0.00928	0.18111	0.07216	0.06034	0.06554	0.05517	0.01519	0.02804	0.00495	0.00450	0.00137	0.00504	0.05157	0.00283	0.00589
4	0.01002	0.00797	0.00897	0.00851	0.04398	0.00879	0.00629	0.08796	0.47359	0.04750	0.08427	0.07784	0.05142	0.03991	0.00513	0.00153	0.00334	0.02295	0.00412	0.00590
5	0.01363	0.15103	0.07652	0.01045	0.04964	0.34639	0.00849	0.13742	0.11727	0.03740	0.00875	0.00930	0.00683	0.00447	0.00379	0.00116	0.00574	0.00318	0.00274	0.00578
6	0.10095	0.05407	0.01056	0.03968	0.08262	0.05107	0.04191	0.17312	0.05157	0.01478	0.01074	0.04923	0.01018	0.22406	0.02805	0.00216	0.02639	0.02109	0.00289	0.00489

[dist]
# distance from previous block
# <min> <max>
0	1

[block]
# block no. 5 follows, 63 sequences, length 7
# corresponding to MSA columns:
# 178,182-187
name=unknown_F
#
# <colnr> <probs for GDERKNQSTAVLIFYWHMCP>
#	G	D	E	R	K	N	Q	S	T	A	V	L	I	F	Y	W	H	M	C	P
0	0.00961	0.04460	0.19156	0.08195	0.28366	0.03516	0.08037	0.03732	0.02225	0.03106	0.01083	0.04596	0.05543	0.00559	0.02826	0.00148	0.02245	0.00430	0.00234	0.00580
1	0.00768	0.00671	0.00771	0.00732	0.00831	0.08976	0.00565	0.04076	0.03086	0.01127	0.08417	0.01685	0.01254	0.06656	0.53206	0.00491	0.05559	0.00462	0.00258	0.00408
2	0.00617	0.00457	0.00639	0.00641	0.00694	0.00517	0.00477	0.00727	0.00681	0.00958	0.01269	0.05808	0.01306	0.23226	0.51373	0.00538	0.04332	0.05144	0.00248	0.00348
3	0.00703	0.00513	0.00691	0.00667	0.00751	0.00572	0.00510	0.03876	0.02759	0.03314	0.10549	0.12117	0.03114	0.08016	0.38069	0.00405	0.07020	0.02060	0.03893	0.00400
4	0.03273	0.00440	0.00527	0.00553	0.00635	0.00431	0.00397	0.04387	0.00932	0.01340	0.13973	0.41538	0.09520	0.01125	0.04820	0.00174	0.00285	0.00869	0.14402	0.00381
5	0.01171	0.08178	0.03095	0.03066	0.07085	0.24869	0.00841	0.08017	0.02935	0.02532	0.00875	0.01053	0.03927	0.00651	0.04235	0.00156	0.22919	0.00352	0.00238	0.03805
6	0.05806	0.05813	0.05019	0.09395	0.07377	0.07077	0.00740	0.10686	0.02594	0.01455	0.15820	0.10349	0.06277	0.00752	0.03419	0.00155	0.05926	0.00537	0.00311	0.00492

[dist]
# distance from previous block
# <min> <max>
9	30

[block]
# block no. 6 follows, 63 sequences, length 11
# corresponding to MSA columns:
# 219-229
name=unknown_G
#
# <colnr> <probs for GDERKNQSTAVLIFYWHMCP>
#	G	D	E	R	K	N	Q	S	T	A	V	L	I	F	Y	W	H	M	C	P
0	0.01075	0.01075	0.01693	0.07391	0.62806	0.07229	0.07883	0.03333	0.00996	0.01359	0.00788	0.01031	0.00649	0.00383	0.00420	0.00126	0.00539	0.00377	0.00213	0.00633
1	0.33478	0.04172	0.04743	0.02524	0.01148	0.28381	0.00727	0.09363	0.01007	0.01520	0.00657	0.00782	0.00528	0.00450	0.00437	0.00127	0.08930	0.00278	0.00246	0.00503
2	0.00682	0.00501	0.00565	0.02890	0.00710	0.03614	0.00428	0.02137	0.04870	0.01261	0.08134	0.34880	0.05304	0.08059	0.04083	0.00188	0.00320	0.02830	0.18162	0.00383
3	0.05892	0.39253	0.03339	0.02794	0.04356	0.10519	0.07444	0.05105	0.07706	0.03095	0.00829	0.00922	0.01936	0.00418	0.00366	0.00111	0.02435	0.00310	0.00237	0.02930
4	0.00609	0.00473	0.00535	0.00504	0.00648	0.00415	0.00376	0.00781	0.04012	0.03033	0.23884	0.08751	0.41868	0.04337	0.00546	0.00145	0.00235	0.00785	0.00396	0.07666
5	0.02762	0.04448	0.06829	0.11314	0.08069	0.10584	0.02623	0.07983	0.13538	0.03120	0.05108	0.04152	0.10018	0.00583	0.00472	0.00134	0.05018	0.00469	0.02240	0.00536
6	0.03802	0.02553	0.01065	0.08760	0.03198	0.02588	0.03153	0.27154	0.05946	0.10432	0.03810	0.01388	0.00973	0.09138	0.02688	0.00171	0.04197	0.00421	0.08001	0.00562
7	0.00610	0.00438	0.00537	0.00540	0.00631	0.00409	0.00392	0.00772	0.03435	0.03183	0.33406	0.18816	0.18587	0.11024	0.00700	0.00178	0.00253	0.05306	0.00406	0.00376
8	0.04480	0.07646	0.06958	0.02688	0.04874	0.05892	0.05304	0.02357	0.04671	0.22886	0.12720	0.03883	0.03059	0.03126	0.00479	0.00137	0.01529	0.01696	0.05065	0.00550
9	0.00750	0.00454	0.00580	0.00556	0.00588	0.00468	0.00368	0.07304	0.00698	0.00936	0.01001	0.01836	0.01050	0.33341	0.06184	0.42494	0.00431	0.00465	0.00232	0.00265
10	0.03658	0.00791	0.00863	0.02103	0.00966	0.07566	0.04950	0.14953	0.04435	0.05586	0.06505	0.10464	0.17722	0.05749	0.01488	0.00152	0.00380	0.00592	0.04808	0.06269

[dist]
# distance from previous block
# <min> <max>
3	14

[block]
# block no. 7 follows, 63 sequences, length 12
# corresponding to MSA columns:
# 245-256
name=unknown_H
#
# <colnr> <probs for GDERKNQSTAVLIFYWHMCP>
#	G	D	E	R	K	N	Q	S	T	A	V	L	I	F	Y	W	H	M	C	P
0	0.01090	0.11312	0.10951	0.04885	0.03998	0.04597	0.03638	0.13061	0.11929	0.03939	0.02204	0.01069	0.00777	0.00457	0.00447	0.00118	0.06363	0.00350	0.03823	0.14993
1	0.00562	0.00408	0.00477	0.00499	0.00553	0.00382	0.00333	0.00633	0.00813	0.01058	0.10623	0.21594	0.21777	0.33849	0.01148	0.00253	0.00301	0.04073	0.00345	0.00319
2	0.00521	0.00379	0.00484	0.00557	0.00598	0.00350	0.00375	0.00602	0.00837	0.01106	0.07636	0.66156	0.11795	0.05734	0.00615	0.00178	0.00246	0.01101	0.00388	0.00342
3	0.00646	0.00427	0.00515	0.00533	0.00635	0.00399	0.00411	0.00806	0.00982	0.03035	0.21634	0.14483	0.18912	0.00929	0.00470	0.00143	0.00244	0.14716	0.19695	0.00384
4	0.57416	0.00796	0.00709	0.00616	0.00865	0.00888	0.00496	0.07155	0.07255	0.09998	0.01010	0.01116	0.04071	0.05552	0.00424	0.00148	0.00339	0.00328	0.00316	0.00501
5	0.01080	0.12877	0.01118	0.00812	0.01069	0.01106	0.00659	0.10439	0.55275	0.01708	0.01593	0.01505	0.05162	0.00556	0.00404	0.00132	0.00353	0.00447	0.03076	0.00629
6	0.03430	0.03177	0.08168	0.06480	0.27490	0.03225	0.01929	0.12910	0.09758	0.10385	0.02368	0.02543	0.01989	0.00474	0.00428	0.00129	0.01881	0.00401	0.00303	0.02532
7	0.02579	0.15856	0.19672	0.02485	0.09572	0.12836	0.11988	0.06103	0.07689	0.04751	0.00907	0.01014	0.01867	0.00424	0.00393	0.00123	0.00555	0.00352	0.00245	0.00589
8	0.65680	0.00948	0.00740	0.02937	0.00952	0.09871	0.00537	0.04763	0.04890	0.01792	0.03168	0.00836	0.00627	0.00424	0.00300	0.00129	0.00381	0.00271	0.00275	0.00479
9	0.03756	0.03256	0.02534	0.02851	0.14044	0.05663	0.09748	0.03080	0.02830	0.07522	0.09517	0.09990	0.06963	0.01626	0.02338	0.00149	0.07308	0.00534	0.01422	0.04871
10	0.02289	0.00485	0.00628	0.00689	0.07230	0.00452	0.00462	0.00802	0.01017	0.04210	0.34105	0.13425	0.25618	0.01054	0.05480	0.00172	0.00296	0.00780	0.00396	0.00410
11	0.00657	0.00610	0.05628	0.00706	0.00801	0.02131	0.00569	0.02278	0.00744	0.01037	0.01364	0.16551	0.03386	0.10493	0.44681	0.00457	0.06669	0.00591	0.00259	0.00386

[dist]
# distance from previous block
# <min> <max>
6	18

[block]
# block no. 8 follows, 63 sequences, length 8
# corresponding to MSA columns:
# 276-283
name=unknown_I
#
# <colnr> <probs for GDERKNQSTAVLIFYWHMCP>
#	G	D	E	R	K	N	Q	S	T	A	V	L	I	F	Y	W	H	M	C	P
0	0.05656	0.00908	0.01154	0.12452	0.14825	0.08854	0.05474	0.03364	0.03379	0.06618	0.02620	0.02936	0.03182	0.03355	0.00487	0.00132	0.02512	0.04723	0.00273	0.17098
1	0.01027	0.02553	0.05450	0.00870	0.03206	0.02694	0.02944	0.18470	0.12889	0.05666	0.04277	0.02984	0.08085	0.09000	0.11729	0.00235	0.06567	0.00490	0.00332	0.00533
2	0.00801	0.02275	0.00730	0.00704	0.05210	0.00557	0.00492	0.06597	0.04613	0.06611	0.20188	0.21973	0.11267	0.05846	0.00560	0.00151	0.00288	0.00725	0.03214	0.07198
3	0.00986	0.04287	0.01303	0.05823	0.35171	0.00969	0.00933	0.06771	0.18070	0.01493	0.07553	0.05950	0.03167	0.00552	0.00480	0.00135	0.04982	0.00477	0.00300	0.00596
4	0.00919	0.02490	0.01244	0.12688	0.13016	0.09904	0.10466	0.01221	0.09862	0.01259	0.05535	0.15158	0.03139	0.00641	0.00534	0.00142	0.08311	0.00554	0.02414	0.00503
5	0.00682	0.00547	0.05066	0.00583	0.00715	0.00455	0.00467	0.02887	0.02487	0.04632	0.39467	0.16690	0.12935	0.00933	0.00554	0.05558	0.00257	0.00758	0.03921	0.00406
6	0.00727	0.00498	0.00688	0.00661	0.00720	0.00566	0.00494	0.00827	0.03323	0.04368	0.02808	0.06388	0.01170	0.12655	0.34692	0.15592	0.09517	0.00494	0.03455	0.00358
7	0.01117	0.04030	0.07068	0.06215	0.26239	0.10493	0.10640	0.12148	0.06525	0.01471	0.00936	0.02785	0.00781	0.00477	0.00467	0.00133	0.04152	0.03470	0.00258	0.00596

[dist]
# distance from previous block
# <min> <max>
17	33

[block]
# block no. 9 follows, 63 sequences, length 9
# corresponding to MSA columns:
# 350-358
name=unknown_J
#
# <colnr> <probs for GDERKNQSTAVLIFYWHMCP>
#	G	D	E	R	K	N	Q	S	T	A	V	L	I	F	Y	W	H	M	C	P
0	0.27100	0.11147	0.10462	0.02567	0.09867	0.12282	0.00822	0.08313	0.03652	0.04391	0.00752	0.00858	0.00587	0.00424	0.00379	0.00123	0.03493	0.00295	0.00254	0.02234
1	0.17688	0.14094	0.03304	0.03315	0.03226	0.17873	0.04493	0.13379	0.07006	0.03031	0.00831	0.00965	0.00666	0.03041	0.00444	0.00130	0.03294	0.00323	0.02356	0.00541
2	0.04401	0.05488	0.08067	0.10824	0.16558	0.05323	0.06935	0.12677	0.14742	0.06058	0.00986	0.01099	0.00747	0.00457	0.00447	0.00132	0.03783	0.00380	0.00288	0.00610
3	0.00595	0.00439	0.00510	0.00530	0.00642	0.00396	0.00392	0.00736	0.03308	0.04753	0.06348	0.27667	0.43279	0.01153	0.02703	0.00167	0.00265	0.05342	0.00395	0.00380
4	0.00840	0.00601	0.00817	0.06564	0.01006	0.00644	0.02700	0.09286	0.05482	0.06578	0.03971	0.20374	0.03271	0.03342	0.15711	0.04460	0.03081	0.10490	0.00337	0.00445
5	0.03985	0.00754	0.00876	0.04578	0.03389	0.08649	0.03517	0.04558	0.09604	0.01275	0.07412	0.05454	0.02336	0.08034	0.25873	0.00322	0.03868	0.01641	0.03426	0.00449
6	0.00691	0.00380	0.00547	0.00551	0.00560	0.00388	0.00368	0.00580	0.00581	0.00783	0.00920	0.04880	0.00959	0.13304	0.10679	0.62512	0.00450	0.00442	0.00206	0.00220
7	0.03420	0.18064	0.06568	0.05847	0.16174	0.09203	0.04776	0.11285	0.08510	0.05054	0.02488	0.01026	0.00749	0.00435	0.00400	0.00120	0.01996	0.00348	0.00268	0.03269
8	0.10654	0.08538	0.02514	0.00879	0.08191	0.08281	0.02630	0.06643	0.08856	0.01491	0.05676	0.04316	0.02313	0.02702	0.03106	0.00143	0.01742	0.00411	0.15544	0.05371

[dist]
# distance from previous block
# <min> <max>
26	53

[block]
# block no. 10 follows, 63 sequences, length 8
# corresponding to MSA columns:
# 424-431
name=unknown_K
#
# <colnr> <probs for GDERKNQSTAVLIFYWHMCP>
#	G	D	E	R	K	N	Q	S	T	A	V	L	I	F	Y	W	H	M	C	P
0	0.06364	0.11715	0.10816	0.02348	0.08310	0.15204	0.04330	0.14930	0.03215	0.04759	0.00900	0.04654	0.00754	0.02282	0.02282	0.02127	0.02559	0.00373	0.00269	0.01811
1	0.04979	0.03406	0.04827	0.05633	0.07556	0.08345	0.04740	0.11375	0.11032	0.04835	0.03426	0.06220	0.02577	0.04558	0.12796	0.00225	0.00560	0.02078	0.00304	0.00529
2	0.00610	0.00418	0.00533	0.00546	0.00573	0.00435	0.00364	0.00657	0.00660	0.00898	0.01374	0.09045	0.01516	0.48762	0.23133	0.04407	0.00579	0.04931	0.00262	0.00297
3	0.07777	0.00676	0.00806	0.00683	0.00907	0.02739	0.00543	0.03753	0.07265	0.36186	0.16031	0.04506	0.03513	0.00855	0.08150	0.00182	0.00396	0.00505	0.03964	0.00564
4	0.00684	0.00414	0.00544	0.00541	0.00597	0.00411	0.00377	0.00695	0.00719	0.04440	0.03797	0.08297	0.12771	0.16927	0.15825	0.27663	0.00465	0.00575	0.03955	0.00303
5	0.00655	0.00471	0.00554	0.00544	0.00664	0.00442	0.00404	0.03921	0.03587	0.04685	0.20964	0.20562	0.31422	0.01107	0.05030	0.00173	0.00285	0.00832	0.03296	0.00403
6	0.05673	0.10612	0.05142	0.00866	0.03747	0.07819	0.00703	0.12665	0.22881	0.03059	0.09014	0.01600	0.05761	0.02670	0.02099	0.00147	0.02315	0.02324	0.00341	0.00561
7	0.06161	0.12447	0.03901	0.05532	0.08383	0.04182	0.05669	0.24902	0.02798	0.04313	0.00948	0.03200	0.02273	0.00471	0.00427	0.00120	0.04045	0.00370	0.00294	0.09563

[dist]
# distance from previous block
# <min> <max>
17	48

[block]
# block no. 11 follows, 63 sequences, length 14
# corresponding to MSA columns:
# 534-547
name=unknown_L
#
# <colnr> <probs for GDERKNQSTAVLIFYWHMCP>
#	G	D	E	R	K	N	Q	S	T	A	V	L	I	F	Y	W	H	M	C	P
0	0.00746	0.00601	0.02606	0.04666	0.03973	0.00555	0.01974	0.06972	0.03200	0.05839	0.10273	0.05756	0.40169	0.06019	0.04614	0.00181	0.00345	0.00708	0.00367	0.00436
1	0.01151	0.09416	0.01447	0.12615	0.30236	0.16722	0.02800	0.05136	0.02681	0.05819	0.04104	0.04276	0.00862	0.00463	0.00406	0.00123	0.00522	0.00394	0.00253	0.00573
2	0.07904	0.28119	0.01417	0.00830	0.02624	0.06743	0.00697	0.29057	0.03686	0.05719	0.00897	0.00995	0.00710	0.03683	0.00416	0.00124	0.00443	0.00325	0.05024	0.00586
3	0.00596	0.00425	0.00512	0.00534	0.00619	0.00389	0.00388	0.00703	0.00909	0.03583	0.14859	0.22854	0.26785	0.14827	0.00782	0.00196	0.00274	0.10027	0.00383	0.00356
4	0.00712	0.00531	0.00623	0.01756	0.02636	0.00521	0.00454	0.03958	0.11284	0.04232	0.17115	0.17527	0.27302	0.04210	0.00544	0.00153	0.00266	0.01889	0.03852	0.00432
5	0.00628	0.00468	0.00571	0.00609	0.00685	0.00460	0.00432	0.05613	0.06381	0.01262	0.08082	0.54477	0.10357	0.04362	0.00578	0.00170	0.00268	0.03813	0.00395	0.00390
6	0.01213	0.00964	0.01028	0.00879	0.01144	0.01094	0.00697	0.21738	0.59187	0.04921	0.01536	0.01425	0.01134	0.00552	0.00426	0.00138	0.00366	0.00449	0.00429	0.00679
7	0.06938	0.16820	0.03783	0.04846	0.22020	0.08240	0.06657	0.11414	0.01070	0.05279	0.00792	0.00929	0.00627	0.00396	0.00372	0.00114	0.00493	0.00326	0.00251	0.08632
8	0.00708	0.00599	0.00841	0.00780	0.00818	0.00758	0.00610	0.00813	0.00654	0.00960	0.00970	0.01597	0.00967	0.16370	0.42439	0.00467	0.28600	0.00451	0.00217	0.00383
9	0.00862	0.00831	0.01161	0.01011	0.01019	0.01140	0.00829	0.00955	0.00645	0.00994	0.00670	0.01127	0.00675	0.06604	0.11097	0.00257	0.69099	0.00394	0.00193	0.00436
10	0.00588	0.00415	0.00512	0.00550	0.00634	0.00378	0.00397	0.00693	0.00900	0.04652	0.09027	0.40396	0.27315	0.03465	0.02995	0.00180	0.00275	0.05869	0.00393	0.00367
11	0.00633	0.00430	0.00517	0.00532	0.00636	0.00382	0.00387	0.00744	0.00944	0.07541	0.13396	0.31662	0.33120	0.03714	0.00559	0.00160	0.00245	0.03611	0.00406	0.00382
12	0.07956	0.00496	0.00568	0.00566	0.00683	0.00486	0.00416	0.02287	0.05002	0.06491	0.10885	0.28196	0.19933	0.06807	0.03756	0.00186	0.00301	0.02358	0.02222	0.00404
13	0.00656	0.00441	0.00605	0.00641	0.00712	0.00420	0.02447	0.02270	0.00861	0.06399	0.02170	0.58110	0.05286	0.05532	0.04497	0.00203	0.00328	0.07663	0.00380	0.00380

[dist]
# distance from previous block
# <min> <max>
2	4

[block]
# block no. 12 follows, 63 sequences, length 12
# corresponding to MSA columns:
# 553-564
name=unknown_M
#
# <colnr> <probs for GDERKNQSTAVLIFYWHMCP>
#	G	D	E	R	K	N	Q	S	T	A	V	L	I	F	Y	W	H	M	C	P
0	0.01240	0.14882	0.06903	0.08514	0.06093	0.19839	0.04191	0.15788	0.10905	0.02636	0.00882	0.00981	0.00686	0.00455	0.00406	0.01548	0.00536	0.00338	0.00271	0.02906
1	0.03249	0.08258	0.21013	0.01211	0.10750	0.04284	0.07277	0.15998	0.15618	0.01612	0.01049	0.03026	0.02078	0.00479	0.00428	0.00131	0.02243	0.00394	0.00285	0.00617
2	0.00526	0.00399	0.00486	0.00533	0.00609	0.00359	0.00379	0.00633	0.00917	0.01193	0.15088	0.44168	0.27988	0.01162	0.00519	0.00157	0.00232	0.03893	0.00401	0.00356
3	0.00714	0.00633	0.02477	0.02122	0.00901	0.02196	0.05915	0.02550	0.14518	0.01322	0.10876	0.17980	0.18941	0.01193	0.12184	0.00220	0.00431	0.01871	0.02512	0.00444
4	0.05372	0.00493	0.00561	0.00528	0.00676	0.00452	0.00405	0.02533	0.01026	0.10034	0.21766	0.06948	0.38429	0.04373	0.00548	0.00152	0.00254	0.04629	0.00409	0.00413
5	0.00620	0.00509	0.00692	0.00631	0.00749	0.00502	0.05824	0.00805	0.04220	0.01264	0.24279	0.07084	0.26166	0.09716	0.11911	0.00241	0.03319	0.00720	0.00357	0.00389
6	0.01544	0.07500	0.01269	0.01043	0.01285	0.67120	0.00804	0.12210	0.01273	0.01241	0.00693	0.00786	0.00564	0.00438	0.00377	0.00109	0.00698	0.00282	0.00241	0.00521
7	0.00973	0.00972	0.01795	0.10320	0.34898	0.00967	0.29154	0.04832	0.00997	0.01366	0.01060	0.04873	0.04901	0.00454	0.00454	0.00135	0.00552	0.00479	0.00234	0.00583
8	0.00527	0.00369	0.00488	0.00573	0.00599	0.00346	0.00381	0.00585	0.00787	0.01045	0.02241	0.74830	0.04679	0.05166	0.00665	0.04639	0.00257	0.01118	0.00373	0.00330
9	0.01341	0.06539	0.01146	0.00970	0.03011	0.39993	0.00734	0.13253	0.11856	0.04234	0.03102	0.09892	0.01007	0.00563	0.00407	0.00123	0.00552	0.00428	0.00307	0.00542
10	0.08890	0.03952	0.08459	0.00975	0.01228	0.34174	0.04776	0.08775	0.07888	0.01361	0.00990	0.09313	0.00893	0.01977	0.00458	0.00133	0.02909	0.02059	0.00273	0.00517
11	0.01198	0.04435	0.11774	0.01620	0.28470	0.06635	0.12377	0.13818	0.06549	0.07615	0.00937	0.01061	0.00709	0.00422	0.00419	0.00128	0.00532	0.00382	0.00275	0.00641

[dist]
# distance from previous block
# <min> <max>
8	21

[block]
# block no. 13 follows, 63 sequences, length 9
# corresponding to MSA columns:
# 586-594
name=unknown_N
#
# <colnr> <probs for GDERKNQSTAVLIFYWHMCP>
#	G	D	E	R	K	N	Q	S	T	A	V	L	I	F	Y	W	H	M	C	P
0	0.01043	0.05015	0.14485	0.08859	0.25482	0.04686	0.08116	0.11156	0.02652	0.01436	0.00898	0.01087	0.02720	0.00502	0.02390	0.00141	0.05037	0.00376	0.00237	0.03683
1	0.00668	0.00471	0.00557	0.00548	0.00666	0.00433	0.00410	0.03834	0.00983	0.05413	0.15794	0.16503	0.30602	0.10491	0.00686	0.00177	0.00274	0.08749	0.00391	0.02351
2	0.00793	0.00615	0.00831	0.03013	0.05045	0.00623	0.05139	0.09491	0.05414	0.04499	0.09064	0.31549	0.14339	0.04266	0.00583	0.00160	0.02950	0.00802	0.00370	0.00453
3	0.59175	0.04795	0.05373	0.04929	0.01055	0.06068	0.00624	0.05228	0.00835	0.03208	0.00656	0.00776	0.00512	0.00463	0.01814	0.00139	0.03346	0.00262	0.00255	0.00487
4	0.00560	0.00418	0.00505	0.00556	0.00627	0.00394	0.00393	0.00703	0.04520	0.01155	0.06446	0.45465	0.21826	0.06547	0.00620	0.00176	0.00257	0.06068	0.02403	0.00360
5	0.01112	0.00796	0.02293	0.03360	0.02875	0.00835	0.00636	0.14323	0.28761	0.12035	0.09844	0.01676	0.04191	0.00701	0.04344	0.00157	0.00376	0.00478	0.10622	0.00589
6	0.05646	0.00762	0.00900	0.02764	0.03005	0.02634	0.00600	0.14781	0.05334	0.33197	0.11723	0.01717	0.05279	0.05034	0.00511	0.00144	0.00358	0.00476	0.04545	0.00590
7	0.01106	0.80179	0.07346	0.00750	0.01126	0.01620	0.00772	0.01263	0.00856	0.01011	0.00595	0.00688	0.00539	0.00362	0.00278	0.00093	0.00460	0.00230	0.00180	0.00545
8	0.00899	0.00742	0.00937	0.07637	0.01114	0.04625	0.03024	0.13072	0.03114	0.02944	0.04227	0.01488	0.02389	0.04969	0.35024	0.00366	0.05866	0.00432	0.00274	0.06856

[dist]
# distance from previous block
# <min> <max>
0	6

[block]
# block no. 14 follows, 63 sequences, length 41
# corresponding to MSA columns:
# 606-614,616-647
name=unknown_O
#
# <colnr> <probs for GDERKNQSTAVLIFYWHMCP>
#	G	D	E	R	K	N	Q	S	T	A	V	L	I	F	Y	W	H	M	C	P
0	0.05354	0.04765	0.05772	0.06834	0.01339	0.08225	0.06493	0.15670	0.01109	0.07380	0.00904	0.03301	0.00732	0.00462	0.00440	0.00115	0.05365	0.01908	0.00286	0.23546
1	0.01082	0.00921	0.00971	0.00863	0.01107	0.01063	0.00674	0.07476	0.76542	0.01818	0.01664	0.01531	0.01246	0.00566	0.00427	0.00141	0.00341	0.00469	0.00427	0.00669
2	0.00624	0.00459	0.00589	0.02416	0.00655	0.00501	0.00404	0.00712	0.02079	0.00920	0.01402	0.02328	0.06288	0.45380	0.29759	0.00464	0.03890	0.00556	0.00252	0.00322
3	0.00730	0.00365	0.00548	0.00548	0.00548	0.00365	0.00365	0.00548	0.00548	0.00730	0.00730	0.01278	0.00730	0.01460	0.01643	0.87769	0.00365	0.00365	0.00183	0.00183
4	0.00751	0.00451	0.00571	0.00560	0.00668	0.00430	0.03263	0.00921	0.02357	0.06992	0.06243	0.26768	0.08291	0.02347	0.00457	0.00139	0.00256	0.04280	0.33851	0.00405
5	0.00643	0.00496	0.00686	0.00665	0.00707	0.00585	0.00494	0.00740	0.00655	0.00935	0.01134	0.03529	0.01162	0.26967	0.47429	0.00524	0.11566	0.00502	0.00232	0.00350
6	0.04124	0.01146	0.01183	0.00939	0.01251	0.04185	0.00765	0.61683	0.16324	0.02408	0.01110	0.01091	0.00803	0.00510	0.00415	0.00129	0.00446	0.00388	0.00410	0.00690
7	0.01422	0.07805	0.04169	0.01054	0.08268	0.18617	0.00804	0.22187	0.11909	0.15169	0.02721	0.01151	0.01868	0.00488	0.00403	0.00123	0.00491	0.00375	0.00349	0.00628
8	0.02719	0.06359	0.13739	0.05937	0.01379	0.17387	0.02325	0.23756	0.02405	0.04395	0.01008	0.05987	0.01884	0.00588	0.01945	0.00140	0.04858	0.02327	0.00293	0.00569
9	0.05199	0.01550	0.03051	0.01089	0.03437	0.43670	0.04377	0.17322	0.03076	0.03914	0.00788	0.00899	0.00621	0.00518	0.01960	0.00133	0.07255	0.00324	0.00269	0.00549
10	0.00516	0.00423	0.00455	0.00455	0.00582	0.00362	0.00338	0.00637	0.00992	0.01234	0.18652	0.08909	0.62902	0.01042	0.00499	0.00142	0.00212	0.00883	0.00404	0.00362
11	0.00636	0.00482	0.00684	0.00670	0.00732	0.00563	0.00508	0.00780	0.02837	0.00969	0.01127	0.01759	0.01090	0.15031	0.62280	0.02899	0.05890	0.00468	0.00231	0.00365
12	0.00843	0.02174	0.83048	0.01198	0.01819	0.00976	0.01553	0.01331	0.00888	0.01331	0.00754	0.00888	0.00533	0.00399	0.00399	0.00133	0.00621	0.00311	0.00178	0.00621
13	0.00501	0.00410	0.00443	0.00469	0.00579	0.00351	0.00339	0.00598	0.00917	0.01119	0.03733	0.25960	0.60858	0.01133	0.00508	0.00150	0.00221	0.00971	0.00390	0.00351
14	0.00641	0.00513	0.00599	0.00601	0.02874	0.00492	0.00433	0.02676	0.11069	0.01445	0.31695	0.10960	0.32578	0.00923	0.00488	0.00140	0.00239	0.00795	0.00417	0.00423
15	0.00640	0.00448	0.00539	0.00530	0.00655	0.00397	0.00399	0.00776	0.01003	0.06748	0.24393	0.17349	0.34626	0.01041	0.02053	0.00154	0.00253	0.04881	0.00411	0.02706
16	0.01210	0.06944	0.19207	0.02229	0.11702	0.19651	0.07146	0.13937	0.05341	0.02769	0.00825	0.00950	0.00637	0.00444	0.00456	0.00127	0.05237	0.00343	0.00250	0.00595
17	0.04763	0.21863	0.04311	0.01032	0.06152	0.46345	0.00801	0.01449	0.01032	0.01080	0.00756	0.00912	0.02621	0.03430	0.00432	0.00119	0.01895	0.00295	0.00213	0.00502
18	0.00855	0.02083	0.76845	0.01271	0.06162	0.00984	0.01525	0.01322	0.00886	0.01326	0.00752	0.00896	0.00540	0.00406	0.00422	0.00134	0.02475	0.00315	0.00179	0.00620
19	0.02900	0.07690	0.07886	0.00895	0.01209	0.05939	0.00785	0.34881	0.06256	0.13280	0.01107	0.03187	0.00849	0.00646	0.04409	0.00153	0.02386	0.02145	0.00361	0.03036
20	0.01081	0.02069	0.09568	0.10048	0.16688	0.08013	0.03026	0.15805	0.06837	0.04011	0.07080	0.04426	0.05402	0.00548	0.00463	0.00133	0.03469	0.00455	0.00301	0.00576
21	0.24978	0.20190	0.02353	0.00826	0.03547	0.04716	0.00684	0.26485	0.01204	0.05952	0.00868	0.04906	0.00709	0.00472	0.00346	0.00121	0.00422	0.00339	0.00307	0.00574
22	0.00559	0.00431	0.00513	0.00511	0.00625	0.00385	0.00390	0.00714	0.01058	0.01395	0.39537	0.06871	0.36284	0.00990	0.00506	0.00143	0.00223	0.08066	0.00423	0.00376
23	0.00717	0.00370	0.00542	0.00541	0.00547	0.00367	0.00361	0.00557	0.00574	0.00764	0.02615	0.01439	0.02865	0.04401	0.01607	0.80589	0.00359	0.00395	0.00196	0.00194
24	0.00912	0.05123	0.03535	0.19533	0.26331	0.03901	0.06681	0.03010	0.03752	0.01216	0.00895	0.01246	0.00763	0.04935	0.16131	0.00245	0.00644	0.00399	0.00220	0.00529
25	0.02488	0.09568	0.00829	0.00661	0.00817	0.08064	0.00508	0.02840	0.09172	0.06553	0.10280	0.28978	0.14893	0.00886	0.00458	0.00141	0.00326	0.01717	0.00370	0.00451
26	0.00578	0.00414	0.00563	0.00624	0.00672	0.00418	0.00458	0.00685	0.00796	0.01073	0.04169	0.39087	0.02220	0.12195	0.18313	0.00311	0.00478	0.16259	0.00340	0.00348
27	0.00710	0.00489	0.00579	0.00574	0.00676	0.01562	0.00434	0.05121	0.03301	0.01371	0.11048	0.15535	0.07782	0.01385	0.20961	0.00265	0.00465	0.02411	0.24928	0.00404
28	0.01116	0.12693	0.21145	0.05723	0.22215	0.03612	0.07699	0.06227	0.01028	0.10339	0.03668	0.01071	0.00763	0.00422	0.00402	0.00125	0.00522	0.00365	0.00253	0.00613
29	0.00952	0.03067	0.02456	0.03485	0.10619	0.15058	0.23520	0.01182	0.02390	0.01225	0.02663	0.14742	0.03096	0.01765	0.00497	0.00148	0.00534	0.11834	0.00276	0.00491
30	0.37286	0.02610	0.03193	0.03301	0.20039	0.13336	0.02780	0.03950	0.00896	0.01533	0.00669	0.00833	0.00544	0.00423	0.00420	0.00130	0.07001	0.00296	0.00234	0.00527
31	0.00959	0.09704	0.09929	0.16372	0.25456	0.06345	0.07953	0.02354	0.00946	0.01244	0.00986	0.05057	0.00901	0.00518	0.00429	0.00135	0.00528	0.09407	0.00230	0.00548
32	0.00603	0.00423	0.00543	0.00546	0.00578	0.00451	0.00365	0.00665	0.00647	0.00890	0.01318	0.04648	0.02573	0.49690	0.33756	0.00501	0.00680	0.00569	0.00249	0.00306
33	0.02175	0.51215	0.26872	0.00904	0.01328	0.03755	0.02724	0.01281	0.00875	0.01122	0.00684	0.00857	0.00585	0.00400	0.00342	0.00109	0.01793	0.02234	0.00187	0.00558
34	0.00989	0.13843	0.43598	0.04017	0.10684	0.01079	0.03839	0.04628	0.06960	0.04318	0.00867	0.01855	0.00658	0.00421	0.00392	0.00127	0.00542	0.00342	0.00226	0.00615
35	0.01850	0.00708	0.00961	0.00740	0.01060	0.00611	0.00610	0.02011	0.01197	0.80789	0.01725	0.01498	0.03137	0.00534	0.00425	0.00130	0.00354	0.00435	0.00517	0.00706
36	0.00533	0.00397	0.00559	0.00626	0.00670	0.00370	0.03127	0.00620	0.00820	0.01089	0.02324	0.77410	0.05114	0.01272	0.00535	0.00170	0.00263	0.03367	0.00384	0.00351
37	0.04136	0.04173	0.04675	0.11872	0.21113	0.12337	0.06267	0.16424	0.02628	0.10991	0.00912	0.01036	0.00681	0.00433	0.00408	0.00126	0.00527	0.00364	0.00286	0.00612
38	0.02173	0.00427	0.00533	0.00578	0.00651	0.00407	0.00416	0.02857	0.00915	0.03740	0.10564	0.51434	0.07548	0.01100	0.00498	0.00156	0.00253	0.06453	0.08916	0.00379
39	0.01975	0.04944	0.03891	0.01023	0.14952	0.02502	0.01625	0.05080	0.05245	0.05770	0.13665	0.28240	0.03189	0.00790	0.00472	0.00139	0.01785	0.00694	0.00346	0.03672
40	0.21110	0.17081	0.19571	0.05313	0.07776	0.05112	0.02820	0.08947	0.03075	0.01509	0.00732	0.00853	0.00571	0.00401	0.00346	0.00120	0.00483	0.00295	0.00235	0.03650

[dist]
# distance from previous block
# <min> <max>
2	12

[block]
# block no. 15 follows, 63 sequences, length 16
# corresponding to MSA columns:
# 660-675
name=unknown_P
#
# <colnr> <probs for GDERKNQSTAVLIFYWHMCP>
#	G	D	E	R	K	N	Q	S	T	A	V	L	I	F	Y	W	H	M	C	P
0	0.00908	0.02298	0.09138	0.07324	0.01061	0.00656	0.00653	0.08256	0.02462	0.10710	0.06443	0.15283	0.03927	0.08489	0.06098	0.09013	0.01608	0.01915	0.00320	0.03437
1	0.00955	0.05578	0.34223	0.03391	0.09126	0.06767	0.09340	0.06612	0.02270	0.01372	0.05223	0.03353	0.04052	0.00559	0.02620	0.00146	0.03194	0.00412	0.00237	0.00569
2	0.00931	0.00836	0.01403	0.29150	0.29286	0.00893	0.08625	0.02731	0.03700	0.04566	0.01140	0.03647	0.05424	0.00575	0.03015	0.00153	0.00521	0.02609	0.00246	0.00550
3	0.03691	0.47158	0.09559	0.03935	0.01311	0.14170	0.04137	0.09380	0.01024	0.01238	0.00670	0.00777	0.00559	0.00392	0.00329	0.00106	0.00526	0.00272	0.00213	0.00553
4	0.00833	0.02861	0.08704	0.02787	0.02617	0.03446	0.05495	0.03866	0.04451	0.06977	0.04456	0.17089	0.07052	0.07085	0.15331	0.00258	0.00535	0.05380	0.00315	0.00460
5	0.00607	0.00438	0.00503	0.00490	0.00619	0.00381	0.00366	0.00741	0.01025	0.06026	0.26733	0.11305	0.47254	0.00997	0.00496	0.00141	0.00220	0.00852	0.00419	0.00387
6	0.00734	0.00622	0.00903	0.07576	0.07001	0.03722	0.05898	0.00887	0.00834	0.02792	0.04300	0.28826	0.01639	0.03191	0.18568	0.00273	0.05652	0.03871	0.02291	0.00421
7	0.05912	0.02523	0.09126	0.03391	0.03538	0.00665	0.03336	0.03688	0.04129	0.09025	0.08642	0.12729	0.15660	0.03350	0.10773	0.00214	0.01880	0.00613	0.00332	0.00473
8	0.01050	0.03073	0.13123	0.10535	0.22739	0.04413	0.09664	0.05045	0.00995	0.10059	0.01119	0.03755	0.04389	0.03378	0.02523	0.00153	0.00524	0.00433	0.02457	0.00573
9	0.00901	0.00905	0.03051	0.05601	0.34250	0.02557	0.18067	0.01142	0.00911	0.01255	0.01108	0.05160	0.03758	0.00865	0.11550	0.00211	0.02859	0.05071	0.00234	0.00545
10	0.62449	0.00784	0.00725	0.00611	0.00891	0.00846	0.00504	0.01478	0.00861	0.26052	0.00905	0.00906	0.00630	0.00429	0.00309	0.00130	0.00335	0.00286	0.00338	0.00533
11	0.02692	0.21916	0.13210	0.04590	0.04759	0.11366	0.00827	0.01225	0.03398	0.04128	0.00991	0.04280	0.00890	0.00997	0.15811	0.00224	0.00620	0.05336	0.02235	0.00505
12	0.00970	0.10975	0.05894	0.01105	0.12301	0.03812	0.04403	0.05560	0.00872	0.05887	0.00916	0.01290	0.00817	0.09010	0.20730	0.00290	0.14028	0.00397	0.00238	0.00502
13	0.00612	0.00516	0.03655	0.00685	0.00766	0.00475	0.04033	0.02802	0.00816	0.01115	0.01854	0.51212	0.02110	0.08234	0.13025	0.00261	0.01781	0.03677	0.01996	0.00374
14	0.00593	0.00405	0.00522	0.00569	0.00610	0.00397	0.00388	0.00666	0.00763	0.03105	0.01970	0.42618	0.05688	0.24313	0.10825	0.00294	0.00402	0.05201	0.00337	0.00335
15	0.01148	0.03071	0.18860	0.02719	0.12259	0.06981	0.17411	0.11860	0.03861	0.08779	0.00950	0.03115	0.00732	0.00502	0.01809	0.00142	0.04522	0.00405	0.00269	0.00606

[dist]
# distance from previous block
# <min> <max>
3	35

[block]
# block no. 16 follows, 63 sequences, length 10
# corresponding to MSA columns:
# 711-720
name=unknown_Q
#
# <colnr> <probs for GDERKNQSTAVLIFYWHMCP>
#	G	D	E	R	K	N	Q	S	T	A	V	L	I	F	Y	W	H	M	C	P
0	0.00795	0.03867	0.05252	0.04729	0.12167	0.02789	0.03548	0.03551	0.05099	0.02521	0.09844	0.24614	0.09595	0.02722	0.02119	0.00161	0.04202	0.01631	0.00323	0.00471
1	0.02625	0.08049	0.27750	0.04546	0.27446	0.04039	0.07059	0.07730	0.02418	0.01417	0.00823	0.02742	0.00659	0.00418	0.00404	0.00127	0.00547	0.00364	0.00222	0.00614
2	0.24093	0.00752	0.00882	0.00700	0.01001	0.00726	0.00577	0.05551	0.01114	0.55283	0.04238	0.01279	0.00979	0.00498	0.00383	0.00130	0.00349	0.00382	0.00446	0.00637
3	0.01491	0.00650	0.00843	0.00678	0.00945	0.00573	0.00548	0.04702	0.01177	0.56759	0.08274	0.04297	0.15847	0.00665	0.00445	0.00133	0.00321	0.00551	0.00485	0.00616
