[name]
unknown

[dist]
# distance from previous block
# <min> <max>
2	34

[block]
# block no. 0 follows, 66 sequences, length 123
# corresponding to MSA columns:
# 36-158
name=unknown_A
#
# <colnr> <probs for GDERKNQSTAVLIFYWHMCP>
#	G	D	E	R	K	N	Q	S	T	A	V	L	I	F	Y	W	H	M	C	P
0	0.02169	0.00691	0.00868	0.12429	0.02351	0.04561	0.04826	0.08238	0.08836	0.07278	0.06319	0.18490	0.08114	0.11273	0.00646	0.00170	0.00381	0.01576	0.00331	0.00453
1	0.02568	0.00762	0.00897	0.12132	0.06353	0.07527	0.02356	0.09374	0.03089	0.02454	0.05165	0.14660	0.09846	0.06872	0.01968	0.00154	0.01835	0.00552	0.00296	0.11139
2	0.06178	0.00722	0.00879	0.12524	0.05425	0.05443	0.02840	0.06130	0.07144	0.06786	0.03621	0.13658	0.05211	0.12121	0.03133	0.00183	0.01664	0.01679	0.00302	0.04356
3	0.00973	0.00820	0.01096	0.22157	0.03669	0.07333	0.08471	0.04810	0.05694	0.09583	0.03684	0.05188	0.03703	0.05779	0.02938	0.00154	0.01399	0.00440	0.00279	0.11832
4	0.00988	0.00725	0.00891	0.05706	0.01051	0.01957	0.02657	0.16489	0.03953	0.09630	0.05430	0.11623	0.03955	0.05888	0.05229	0.00165	0.02455	0.01638	0.00330	0.19241
5	0.05605	0.00882	0.01306	0.02023	0.01303	0.02819	0.24782	0.18141	0.08549	0.06281	0.05009	0.09049	0.04339	0.05316	0.01603	0.00154	0.00464	0.00520	0.00322	0.01534
6	0.03611	0.00703	0.01051	0.00850	0.01043	0.01753	0.17790	0.08499	0.04284	0.10187	0.05100	0.06847	0.02456	0.19967	0.00902	0.07166	0.00425	0.04135	0.00306	0.02924
7	0.03186	0.00727	0.01022	0.15703	0.11064	0.01968	0.04542	0.04050	0.10869	0.17263	0.10806	0.04954	0.05615	0.03198	0.01891	0.00147	0.00400	0.00492	0.01574	0.00529
8	0.00777	0.00675	0.01100	0.67879	0.02384	0.00816	0.00997	0.02490	0.00841	0.03661	0.00980	0.11773	0.00873	0.00537	0.00424	0.00140	0.00490	0.02495	0.00224	0.00445
9	0.00585	0.00400	0.00481	0.00502	0.00521	0.00401	0.00314	0.02069	0.00676	0.00910	0.01525	0.23979	0.01754	0.54391	0.06882	0.00339	0.00395	0.02242	0.01348	0.00287
10	0.00528	0.00395	0.00498	0.00567	0.00637	0.00365	0.00424	0.00634	0.00853	0.01094	0.02710	0.44918	0.23810	0.01171	0.00518	0.00163	0.00260	0.19737	0.00376	0.00343
11	0.01521	0.01126	0.01205	0.00929	0.01250	0.01248	0.00766	0.78642	0.05159	0.02522	0.01001	0.00996	0.00712	0.00490	0.00406	0.00122	0.00441	0.00369	0.00406	0.00688
12	0.01055	0.15810	0.05352	0.00941	0.02797	0.01120	0.08478	0.07036	0.48311	0.02864	0.01275	0.01244	0.00967	0.00478	0.00390	0.00127	0.00401	0.00402	0.00336	0.00614
13	0.00830	0.05401	0.71956	0.01096	0.01637	0.00955	0.01376	0.02937	0.00886	0.01307	0.05022	0.00965	0.00692	0.00418	0.00412	0.00128	0.02888	0.00322	0.00191	0.00583
14	0.00845	0.00683	0.00750	0.00702	0.00884	0.00739	0.00549	0.02881	0.44866	0.03756	0.07919	0.06211	0.17503	0.00754	0.00451	0.00143	0.00294	0.09141	0.00405	0.00525
15	0.00889	0.00847	0.01439	0.42222	0.44378	0.00934	0.01188	0.01144	0.00869	0.01186	0.00743	0.01042	0.00593	0.00383	0.00404	0.00128	0.00510	0.00361	0.00191	0.00550
16	0.01096	0.15838	0.15376	0.02760	0.26747	0.07722	0.06175	0.11159	0.01035	0.03698	0.00831	0.00969	0.02330	0.00407	0.00398	0.00118	0.02185	0.00338	0.00229	0.00589
17	0.01800	0.00723	0.00962	0.00737	0.01052	0.00645	0.00609	0.07829	0.01216	0.77563	0.01555	0.01351	0.00981	0.00501	0.00408	0.00125	0.00353	0.00405	0.00495	0.00690
18	0.00481	0.00405	0.00417	0.00426	0.00552	0.00341	0.00315	0.00581	0.00910	0.01090	0.03928	0.11827	0.75241	0.01051	0.00483	0.00140	0.00208	0.00885	0.00377	0.00341
19	0.00952	0.24364	0.35396	0.01069	0.02661	0.01141	0.12019	0.04074	0.10641	0.01286	0.00841	0.02348	0.00660	0.00407	0.00371	0.00120	0.00520	0.00338	0.00217	0.00575
20	0.17830	0.14752	0.08621	0.04514	0.18248	0.03396	0.03166	0.16518	0.04151	0.02646	0.00767	0.00883	0.00599	0.00406	0.00367	0.00119	0.01881	0.00311	0.00253	0.00572
21	0.01794	0.00683	0.00927	0.00713	0.01022	0.00591	0.00588	0.01951	0.01153	0.81443	0.01594	0.01384	0.01005	0.00501	0.00405	0.00125	0.00341	0.00407	0.02689	0.00683
22	0.00529	0.00413	0.00479	0.00463	0.00578	0.00364	0.00347	0.00678	0.01041	0.01373	0.45255	0.03449	0.41728	0.00924	0.00479	0.00132	0.00198	0.00792	0.00413	0.00364
23	0.10715	0.01121	0.13252	0.02699	0.15663	0.04492	0.03796	0.17367	0.03439	0.16317	0.00994	0.01058	0.02077	0.00454	0.00435	0.00127	0.04731	0.00357	0.00305	0.00603
24	0.01518	0.01105	0.01190	0.00920	0.01238	0.01220	0.00757	0.74188	0.06915	0.05230	0.01037	0.01021	0.00735	0.00492	0.00406	0.00123	0.00435	0.00373	0.00410	0.00687
25	0.01740	0.00764	0.00981	0.00758	0.01069	0.00713	0.00624	0.13649	0.05270	0.67652	0.01512	0.01328	0.00970	0.00502	0.00408	0.00126	0.00359	0.00404	0.00484	0.00688
26	0.00875	0.00753	0.00921	0.00772	0.08027	0.00597	0.00554	0.03262	0.00878	0.01356	0.00732	0.00859	0.00607	0.00311	0.00312	0.00067	0.00320	0.00254	0.00242	0.78301
27	0.00572	0.00415	0.00540	0.00509	0.00605	0.00382	0.00381	0.00762	0.01144	0.01617	0.81526	0.03047	0.05305	0.00833	0.00479	0.00128	0.00192	0.00736	0.00445	0.00382
28	0.00574	0.00415	0.00542	0.00510	0.00606	0.00383	0.00383	0.00766	0.01148	0.01627	0.82997	0.03031	0.03828	0.00829	0.00479	0.00128	0.00191	0.00734	0.00447	0.00383
29	0.00494	0.00353	0.00471	0.00565	0.00588	0.00330	0.00377	0.00565	0.00777	0.01036	0.02236	0.85477	0.02683	0.01271	0.00518	0.00165	0.00235	0.01153	0.00377	0.00330
30	0.00590	0.00393	0.00442	0.00442	0.00442	0.00393	0.00246	0.00590	0.00590	0.00787	0.01278	0.02655	0.01475	0.85742	0.02065	0.00393	0.00393	0.00590	0.00246	0.00246
31	0.00654	0.00467	0.00654	0.00747	0.00841	0.00467	0.00654	0.00841	0.00934	0.01214	0.02148	0.04576	0.02335	0.01121	0.00560	0.00187	0.00374	0.80480	0.00374	0.00374
32	0.01004	0.00964	0.01647	0.02490	0.83211	0.00964	0.01245	0.01245	0.00924	0.01325	0.00763	0.01004	0.00643	0.00361	0.00402	0.00120	0.00482	0.00361	0.00201	0.00643
33	0.88607	0.00785	0.00596	0.00534	0.00785	0.00910	0.00439	0.01193	0.00690	0.01820	0.00565	0.00659	0.00439	0.00377	0.00251	0.00126	0.00314	0.00220	0.00251	0.00439
34	0.01009	0.00872	0.00917	0.00826	0.01055	0.01009	0.00642	0.02156	0.82478	0.01697	0.01651	0.01514	0.01238	0.00550	0.00413	0.00138	0.00321	0.00459	0.00413	0.00642
35	0.00841	0.00721	0.00841	0.00601	0.00961	0.00541	0.00481	0.01022	0.00841	0.01322	0.00721	0.00841	0.00601	0.00300	0.00300	0.00060	0.00300	0.00240	0.00240	0.88222
36	0.02167	0.04941	0.73936	0.01151	0.01718	0.03271	0.04741	0.01291	0.00865	0.01274	0.00721	0.00853	0.00517	0.00383	0.00382	0.00127	0.00597	0.00302	0.00175	0.00589
37	0.00732	0.00494	0.00674	0.00590	0.00657	0.00484	0.07822	0.02364	0.00691	0.06850	0.01253	0.02385	0.01346	0.69989	0.01766	0.00345	0.00418	0.00562	0.00264	0.00315
38	0.00841	0.00721	0.00841	0.00601	0.00961	0.00541	0.00481	0.01022	0.00841	0.01322	0.00721	0.00841	0.00601	0.00300	0.00300	0.00060	0.00300	0.00240	0.00240	0.88222
39	0.01029	0.01018	0.02129	0.01611	0.06447	0.00954	0.65539	0.01340	0.00974	0.09261	0.00957	0.01284	0.00737	0.00396	0.00472	0.00137	0.00625	0.04290	0.00242	0.00558
40	0.00756	0.00378	0.00378	0.00378	0.00473	0.00378	0.00284	0.00945	0.00851	0.01513	0.01324	0.01513	0.01040	0.00473	0.00284	0.00095	0.00189	0.00378	0.87994	0.00378
41	0.84015	0.00781	0.00629	0.04937	0.00890	0.00910	0.00475	0.01184	0.00697	0.01779	0.00573	0.00681	0.00445	0.00378	0.00259	0.00126	0.00326	0.00227	0.00247	0.00440
42	0.00590	0.00393	0.00442	0.00442	0.00442	0.00393	0.00246	0.00590	0.00590	0.00787	0.01278	0.02655	0.01475	0.85742	0.02065	0.00393	0.00393	0.00590	0.00246	0.00246
43	0.01542	0.01136	0.01218	0.00933	0.01258	0.01258	0.00771	0.81858	0.01908	0.02557	0.00974	0.00974	0.00690	0.00487	0.00406	0.00122	0.00446	0.00365	0.00406	0.00690
44	0.02310	0.00783	0.01313	0.62884	0.22757	0.00917	0.01145	0.01091	0.00837	0.01122	0.00729	0.01055	0.00564	0.00394	0.00402	0.00131	0.00522	0.00358	0.00187	0.00498
45	0.01697	0.00743	0.00947	0.00771	0.02751	0.03847	0.00612	0.04090	0.02886	0.70286	0.01562	0.05736	0.01062	0.00537	0.00412	0.00127	0.00360	0.00440	0.00473	0.00661
46	0.01044	0.00871	0.00924	0.00825	0.01058	0.01001	0.00643	0.03698	0.78437	0.04205	0.01637	0.01499	0.01221	0.00548	0.00413	0.00137	0.00324	0.00455	0.00415	0.00645
47	0.00485	0.00411	0.00418	0.00416	0.00551	0.00345	0.00312	0.00592	0.00937	0.01124	0.08276	0.03858	0.78863	0.01017	0.00479	0.00137	0.00205	0.00850	0.00380	0.00345
48	0.10134	0.01271	0.10579	0.01301	0.01665	0.13799	0.41013	0.07635	0.01035	0.04084	0.03067	0.01021	0.00680	0.00392	0.00420	0.00128	0.00601	0.00395	0.00239	0.00541
49	0.00594	0.00445	0.00538	0.00576	0.00677	0.00421	0.00443	0.00784	0.06522	0.02920	0.05857	0.27977	0.29647	0.01070	0.00504	0.00157	0.00265	0.19844	0.00384	0.00376
50	0.00494	0.00353	0.00471	0.00565	0.00588	0.00330	0.00377	0.00565	0.00777	0.01036	0.02236	0.85477	0.02683	0.01271	0.00518	0.00165	0.00235	0.01153	0.00377	0.00330
51	0.80042	0.02940	0.00680	0.00567	0.00826	0.00953	0.00470	0.07102	0.00783	0.01853	0.00595	0.00682	0.00460	0.00384	0.00263	0.00124	0.00327	0.00230	0.00260	0.00460
52	0.00953	0.01028	0.01999	0.07783	0.03266	0.04378	0.57721	0.01254	0.02058	0.02858	0.00862	0.03413	0.00690	0.00510	0.03757	0.00158	0.06108	0.00466	0.00216	0.00523
53	0.00927	0.01029	0.02192	0.01587	0.01964	0.00971	0.72317	0.01277	0.03332	0.01319	0.04494	0.02599	0.00854	0.00405	0.00480	0.00138	0.00636	0.02715	0.00229	0.00535
54	0.88607	0.00785	0.00596	0.00534	0.00785	0.00910	0.00439	0.01193	0.00690	0.01820	0.00565	0.00659	0.00439	0.00377	0.00251	0.00126	0.00314	0.00220	0.00251	0.00439
55	0.00569	0.00415	0.00535	0.00505	0.00603	0.00381	0.00379	0.00756	0.01137	0.01599	0.78841	0.03077	0.08002	0.00840	0.00479	0.00128	0.00192	0.00740	0.00443	0.00381
56	0.01100	0.83013	0.02091	0.00707	0.01049	0.04523	0.00697	0.01229	0.00836	0.00956	0.00566	0.00654	0.00521	0.00350	0.00264	0.00087	0.00444	0.00219	0.00175	0.00519
57	0.00841	0.00721	0.00841	0.00601	0.00961	0.00541	0.00481	0.01022	0.00841	0.01322	0.00721	0.00841	0.00601	0.00300	0.00300	0.00060	0.00300	0.00240	0.00240	0.88222
58	0.01157	0.03508	0.19794	0.02582	0.02816	0.09452	0.04814	0.07100	0.02200	0.21529	0.06603	0.09085	0.01155	0.00571	0.00443	0.00131	0.02720	0.03459	0.00324	0.00557
59	0.00998	0.00956	0.01630	0.02460	0.81938	0.00955	0.01232	0.01238	0.00927	0.01330	0.02030	0.01035	0.00692	0.00369	0.00403	0.00121	0.00478	0.00367	0.00205	0.00639
60	0.00590	0.00393	0.00442	0.00442	0.00442	0.00393	0.00246	0.00590	0.00590	0.00787	0.01278	0.02655	0.01475	0.85742	0.02065	0.00393	0.00393	0.00590	0.00246	0.00246
61	0.01748	0.00688	0.00928	0.00717	0.01019	0.00603	0.00590	0.04109	0.01181	0.76988	0.05839	0.01456	0.01143	0.00519	0.00412	0.00126	0.00340	0.00424	0.00497	0.00674
62	0.01820	0.00690	0.00942	0.00722	0.01036	0.00596	0.00596	0.01977	0.01161	0.83492	0.01601	0.01381	0.01004	0.00502	0.00408	0.00126	0.00345	0.00408	0.00502	0.00690
63	0.00581	0.00427	0.00615	0.00615	0.00674	0.00487	0.00460	0.00700	0.00641	0.00914	0.01121	0.01784	0.01097	0.17833	0.69456	0.00606	0.00963	0.00462	0.00222	0.00341
64	0.01516	0.01934	0.01150	0.01045	0.01254	0.84113	0.00784	0.01620	0.01150	0.00993	0.00627	0.00732	0.00523	0.00418	0.00366	0.00105	0.00732	0.00261	0.00209	0.00470
65	0.00574	0.00415	0.00542	0.00510	0.00606	0.00383	0.00383	0.00766	0.01148	0.01627	0.82997	0.03031	0.03828	0.00829	0.00479	0.00128	0.00191	0.00734	0.00447	0.00383
66	0.00494	0.00353	0.00471	0.00565	0.00588	0.00330	0.00377	0.00565	0.00777	0.01036	0.02236	0.85477	0.02683	0.01271	0.00518	0.00165	0.00235	0.01153	0.00377	0.00330
67	0.00824	0.05259	0.80569	0.01139	0.01729	0.00967	0.01469	0.01282	0.00855	0.01272	0.00722	0.00849	0.00514	0.00384	0.00381	0.00127	0.00593	0.00297	0.00171	0.00597
68	0.01081	0.84333	0.02109	0.00701	0.01042	0.01598	0.00698	0.01210	0.00820	0.00955	0.00563	0.00655	0.00521	0.00354	0.00281	0.00089	0.02076	0.00220	0.00174	0.00519
69	0.00936	0.02195	0.05494	0.00786	0.01155	0.04238	0.08647	0.07165	0.00947	0.01391	0.00744	0.00870	0.00600	0.00329	0.00333	0.00078	0.00386	0.00277	0.00243	0.63185
70	0.00821	0.04421	0.81383	0.01144	0.01736	0.00961	0.01477	0.01283	0.00856	0.01276	0.00724	0.00851	0.00514	0.00384	0.00382	0.00127	0.00595	0.00298	0.00171	0.00597
71	0.00494	0.00353	0.00471	0.00565	0.00588	0.00330	0.00377	0.00565	0.00777	0.01036	0.02236	0.85477	0.02683	0.01271	0.00518	0.00165	0.00235	0.01153	0.00377	0.00330
72	0.00766	0.00721	0.01217	0.84767	0.02794	0.00901	0.01127	0.01037	0.00811	0.01037	0.00721	0.01082	0.00541	0.00406	0.00406	0.00135	0.00541	0.00361	0.00180	0.00451
73	0.01005	0.17829	0.39927	0.01136	0.01591	0.11702	0.14851	0.03785	0.02276	0.01233	0.00722	0.00856	0.00551	0.00381	0.00376	0.00119	0.00590	0.00314	0.00193	0.00563
74	0.78739	0.00774	0.00636	0.00555	0.00813	0.00874	0.00457	0.01282	0.00744	0.11107	0.00683	0.00741	0.00504	0.00391	0.00269	0.00126	0.00317	0.00241	0.00280	0.00468
75	0.00484	0.00411	0.00417	0.00416	0.00551	0.00344	0.00312	0.00591	0.00936	0.01122	0.07947	0.03862	0.79193	0.01018	0.00479	0.00137	0.00205	0.00850	0.00380	0.00344
76	0.01004	0.00964	0.01647	0.02490	0.83211	0.00964	0.01245	0.01245	0.00924	0.01325	0.00763	0.01004	0.00643	0.00361	0.00402	0.00120	0.00482	0.00361	0.00201	0.00643
77	0.00814	0.02099	0.83640	0.01156	0.01756	0.00942	0.01499	0.01285	0.00857	0.01285	0.00728	0.00857	0.00514	0.00385	0.00385	0.00128	0.00600	0.00300	0.00171	0.00600
78	0.00575	0.00413	0.00544	0.00548	0.00593	0.00444	0.00383	0.00654	0.00648	0.00891	0.01393	0.05422	0.06224	0.36828	0.42121	0.00496	0.00716	0.00552	0.00245	0.00312
79	0.01511	0.01121	0.01200	0.00927	0.01246	0.01243	0.00763	0.77130	0.06687	0.02506	0.01014	0.01006	0.00722	0.00491	0.00406	0.00123	0.00439	0.00371	0.00406	0.00687
80	0.01003	0.03199	0.52547	0.01181	0.01676	0.09186	0.11839	0.12062	0.01038	0.01422	0.00760	0.00888	0.00552	0.00396	0.00396	0.00126	0.00601	0.00327	0.00211	0.00591
81	0.00705	0.00352	0.00529	0.00529	0.00529	0.00352	0.00352	0.00529	0.00529	0.00705	0.00705	0.01233	0.00705	0.01409	0.01586	0.88196	0.00352	0.00352	0.00176	0.00176
82	0.00841	0.00721	0.00841	0.00601	0.00961	0.00541	0.00481	0.01022	0.00841	0.01322	0.00721	0.00841	0.00601	0.00300	0.00300	0.00060	0.00300	0.00240	0.00240	0.88222
83	0.01009	0.00872	0.00917	0.00826	0.01055	0.01009	0.00642	0.02156	0.82478	0.01697	0.01651	0.01514	0.01238	0.00550	0.00413	0.00138	0.00321	0.00459	0.00413	0.00642
84	0.00480	0.00411	0.00411	0.00411	0.00548	0.00343	0.00308	0.00582	0.00925	0.01096	0.04110	0.03905	0.83046	0.01028	0.00480	0.00137	0.00206	0.00856	0.00377	0.00343
85	0.00841	0.00721	0.00841	0.00601	0.00961	0.00541	0.00481	0.01022	0.00841	0.01322	0.00721	0.00841	0.00601	0.00300	0.00300	0.00060	0.00300	0.00240	0.00240	0.88222
86	0.00958	0.01094	0.02394	0.01710	0.02120	0.01026	0.81737	0.01300	0.00958	0.01300	0.00821	0.01094	0.00616	0.00342	0.00479	0.00137	0.00684	0.00479	0.00205	0.00547
87	0.00494	0.00353	0.00471	0.00565	0.00588	0.00330	0.00377	0.00565	0.00777	0.01036	0.02236	0.85477	0.02683	0.01271	0.00518	0.00165	0.00235	0.01153	0.00377	0.00330
88	0.00580	0.00432	0.00637	0.00637	0.00704	0.00499	0.00488	0.00715	0.00647	0.00930	0.01101	0.01672	0.01048	0.09170	0.78054	0.00633	0.01035	0.00446	0.00219	0.00354
89	0.00562	0.00411	0.00527	0.00504	0.00600	0.00376	0.00376	0.00739	0.01109	0.01549	0.71760	0.07451	0.10779	0.00870	0.00481	0.00130	0.00195	0.00767	0.00437	0.00376
90	0.01426	0.08084	0.03682	0.01126	0.07121	0.69615	0.00831	0.01553	0.01101	0.01022	0.00635	0.00749	0.00531	0.00408	0.00361	0.00105	0.00688	0.00266	0.00205	0.00490
91	0.13398	0.02356	0.07520	0.01843	0.49999	0.12200	0.02197	0.03470	0.00942	0.01375	0.00718	0.00903	0.00587	0.00376	0.00374	0.00119	0.00502	0.00323	0.00212	0.00586
92	0.00833	0.08129	0.77780	0.01123	0.01705	0.00990	0.01441	0.01280	0.00854	0.01261	0.00716	0.00842	0.00514	0.00383	0.00376	0.00125	0.00588	0.00294	0.00171	0.00594
93	0.00590	0.00393	0.00442	0.00442	0.00442	0.00393	0.00246	0.00590	0.00590	0.00787	0.01278	0.02655	0.01475	0.85742	0.02065	0.00393	0.00393	0.00590	0.00246	0.00246
94	0.00542	0.00413	0.00497	0.00476	0.00586	0.00369	0.00357	0.00702	0.01071	0.01444	0.55780	0.03332	0.31159	0.00898	0.00479	0.00131	0.00196	0.00776	0.00423	0.00369
95	0.88607	0.00785	0.00596	0.00534	0.00785	0.00910	0.00439	0.01193	0.00690	0.01820	0.00565	0.00659	0.00439	0.00377	0.00251	0.00126	0.00314	0.00220	0.00251	0.00439
96	0.88607	0.00785	0.00596	0.00534	0.00785	0.00910	0.00439	0.01193	0.00690	0.01820	0.00565	0.00659	0.00439	0.00377	0.00251	0.00126	0.00314	0.00220	0.00251	0.00439
97	0.00784	0.00404	0.00423	0.00412	0.00507	0.00416	0.00314	0.00968	0.00848	0.03212	0.01299	0.01486	0.01020	0.00482	0.00327	0.00098	0.03473	0.00378	0.82762	0.00387
98	0.01085	0.85986	0.02126	0.00694	0.01041	0.01605	0.00694	0.01215	0.00824	0.00955	0.00564	0.00651	0.00521	0.00347	0.00260	0.00087	0.00434	0.00217	0.00174	0.00521
99	0.00492	0.00411	0.00429	0.00424	0.00556	0.00348	0.00318	0.00607	0.00955	0.01167	0.14686	0.03787	0.72426	0.01001	0.00479	0.00136	0.00204	0.00840	0.00386	0.00348
100	0.00515	0.00401	0.00468	0.00475	0.00576	0.00354	0.00347	0.00643	0.00975	0.01270	0.31270	0.19020	0.40224	0.01004	0.00486	0.00139	0.00206	0.00870	0.00401	0.00354
101	0.02694	0.00705	0.00827	0.00800	0.02188	0.00774	0.02085	0.02749	0.42967	0.01531	0.08753	0.02595	0.03994	0.00749	0.00462	0.00151	0.00333	0.24722	0.00392	0.00525
102	0.01433	0.01294	0.08960	0.00951	0.01277	0.12543	0.00822	0.52573	0.08978	0.05626	0.00992	0.00996	0.00714	0.00474	0.00399	0.00122	0.00484	0.00355	0.00361	0.00647
103	0.00654	0.00467	0.00654	0.00747	0.00841	0.00467	0.00654	0.00841	0.00934	0.01214	0.02148	0.04576	0.02335	0.01121	0.00560	0.00187	0.00374	0.80480	0.00374	0.00374
104	0.01718	0.00849	0.01022	0.00793	0.01097	0.04059	0.00652	0.20519	0.01320	0.59145	0.01387	0.01247	0.00899	0.00501	0.00431	0.00125	0.02710	0.00391	0.00459	0.00675
105	0.00956	0.02721	0.03664	0.09111	0.13671	0.01022	0.56051	0.02526	0.02446	0.01295	0.00810	0.01070	0.00620	0.00363	0.00466	0.00134	0.01872	0.00439	0.00208	0.00555
106	0.01447	0.02535	0.01177	0.00924	0.01222	0.10103	0.00751	0.59308	0.14611	0.02227	0.01038	0.01029	0.00756	0.00487	0.00400	0.00122	0.00457	0.00367	0.00382	0.00656
107	0.88607	0.00785	0.00596	0.00534	0.00785	0.00910	0.00439	0.01193	0.00690	0.01820	0.00565	0.00659	0.00439	0.00377	0.00251	0.00126	0.00314	0.00220	0.00251	0.00439
108	0.00845	0.11136	0.73545	0.01115	0.01685	0.01015	0.02693	0.01278	0.00855	0.01249	0.00712	0.00838	0.00516	0.00381	0.00373	0.00124	0.00583	0.00294	0.00172	0.00590
109	0.00494	0.00353	0.00471	0.00565	0.00588	0.00330	0.00377	0.00565	0.00777	0.01036	0.02236	0.85477	0.02683	0.01271	0.00518	0.00165	0.00235	0.01153	0.00377	0.00330
110	0.01513	0.00722	0.00904	0.00734	0.01006	0.00697	0.00592	0.05141	0.19889	0.54040	0.02836	0.05271	0.01166	0.00552	0.00412	0.00129	0.00332	0.00456	0.02960	0.00649
111	0.00960	0.22753	0.36764	0.01291	0.14783	0.03490	0.08454	0.02252	0.03375	0.01229	0.00729	0.00868	0.00570	0.00375	0.00366	0.00117	0.00540	0.00310	0.00191	0.00581
112	0.00516	0.00368	0.00489	0.00573	0.00606	0.00346	0.00396	0.00601	0.00806	0.01078	0.07151	0.70875	0.02684	0.04077	0.00571	0.00172	0.00250	0.07730	0.00376	0.00334
113	0.00494	0.00353	0.00471	0.00565	0.00588	0.00330	0.00377	0.00565	0.00777	0.01036	0.02236	0.85477	0.02683	0.01271	0.00518	0.00165	0.00235	0.01153	0.00377	0.00330
114	0.00838	0.08863	0.75561	0.01129	0.01705	0.00997	0.02903	0.01279	0.00856	0.01258	0.00717	0.00844	0.00516	0.00382	0.00377	0.00125	0.00588	0.00296	0.00172	0.00592
115	0.01043	0.12433	0.31956	0.01451	0.23618	0.01039	0.07504	0.07497	0.00982	0.07542	0.00808	0.00937	0.00608	0.00387	0.00384	0.00121	0.00522	0.00333	0.00225	0.00611
116	0.01452	0.01196	0.18782	0.00990	0.04767	0.08430	0.03608	0.12464	0.01165	0.39094	0.01151	0.01116	0.00772	0.00461	0.00425	0.00125	0.02638	0.00365	0.00360	0.00638
117	0.07647	0.36480	0.05276	0.02370	0.12458	0.20538	0.02854	0.03764	0.00936	0.01153	0.00634	0.00762	0.00540	0.00384	0.00350	0.00106	0.02758	0.00268	0.00199	0.00526
118	0.01184	0.00541	0.00718	0.00605	0.00802	0.00482	0.00477	0.01352	0.01111	0.40998	0.33080	0.06532	0.02189	0.00668	0.00431	0.00126	0.00268	0.00571	0.07336	0.00528
119	0.00494	0.00353	0.00471	0.00565	0.00588	0.00330	0.00377	0.00565	0.00777	0.01036	0.02236	0.85477	0.02683	0.01271	0.00518	0.00165	0.00235	0.01153	0.00377	0.00330
120	0.00610	0.00423	0.00530	0.00503	0.00613	0.00384	0.00380	0.00781	0.01087	0.04744	0.59772	0.05396	0.17884	0.00861	0.00474	0.00131	0.00205	0.02214	0.02621	0.00386
121	0.00906	0.05828	0.02502	0.00628	0.00987	0.00625	0.00522	0.01109	0.02592	0.05298	0.00774	0.00871	0.00628	0.00320	0.00307	0.00068	0.00317	0.00253	0.00251	0.75214
122	0.00820	0.07995	0.64647	0.01106	0.01625	0.00945	0.07011	0.01223	0.00860	0.01250	0.02855	0.04592	0.00717	0.02118	0.00424	0.00133	0.00564	0.00360	0.00191	0.00566

[dist]
# distance from previous block
# <min> <max>
0	26

# created by:
# /st0/software/busco_prod/Augustus/scripts/msa2prfl.pl ./align_prep/33993.fa
