[name]
unknown

[dist]
# distance from previous block
# <min> <max>
0	345

[block]
# block no. 0 follows, 63 sequences, length 115
# corresponding to MSA columns:
# 346-460
name=unknown_A
#
# <colnr> <probs for GDERKNQSTAVLIFYWHMCP>
#	G	D	E	R	K	N	Q	S	T	A	V	L	I	F	Y	W	H	M	C	P
0	0.00551	0.00401	0.00524	0.00587	0.00648	0.00374	0.00427	0.00669	0.00917	0.01222	0.17639	0.49760	0.10686	0.01183	0.00532	0.00164	0.00253	0.12700	0.00403	0.00360
1	0.00593	0.00404	0.00477	0.00500	0.00512	0.00400	0.00305	0.00620	0.00669	0.00891	0.01592	0.18355	0.03105	0.62767	0.03548	0.00356	0.00389	0.03950	0.00287	0.00281
2	0.02030	0.08802	0.65018	0.01160	0.01715	0.05419	0.04734	0.02765	0.02204	0.01325	0.00757	0.00884	0.00552	0.00401	0.00391	0.00129	0.00607	0.00312	0.00191	0.00606
3	0.00765	0.00376	0.00561	0.00554	0.00564	0.00373	0.00373	0.00593	0.00567	0.03213	0.00758	0.01282	0.00740	0.01432	0.01606	0.85121	0.00365	0.00367	0.00193	0.00199
4	0.01272	0.00583	0.00785	0.00677	0.00890	0.00521	0.00548	0.01440	0.01132	0.43758	0.21613	0.05957	0.04509	0.02080	0.00498	0.00146	0.00315	0.12248	0.00473	0.00555
5	0.00610	0.00407	0.00459	0.00460	0.00460	0.00407	0.00256	0.00611	0.00614	0.00818	0.01337	0.03804	0.01544	0.84151	0.02119	0.00405	0.00405	0.00619	0.00256	0.00256
6	0.85552	0.00824	0.00638	0.00565	0.00828	0.00954	0.00466	0.03677	0.00754	0.01909	0.00598	0.00693	0.00463	0.00394	0.00265	0.00130	0.00329	0.00232	0.00265	0.00463
7	0.01047	0.01021	0.02987	0.02530	0.79893	0.01004	0.01286	0.02698	0.00974	0.01395	0.00794	0.01037	0.00665	0.00377	0.00416	0.00125	0.00501	0.00374	0.00211	0.00666
8	0.01164	0.01034	0.01508	0.18370	0.25726	0.03379	0.10048	0.25791	0.02328	0.01697	0.00862	0.01050	0.00659	0.00423	0.00422	0.00127	0.00521	0.00382	0.00274	0.04233
9	0.00583	0.00464	0.00679	0.00678	0.00773	0.00426	0.06966	0.00705	0.00876	0.01167	0.07297	0.54630	0.10865	0.01130	0.00521	0.00160	0.00290	0.07426	0.00374	0.03990
10	0.01062	0.00911	0.00960	0.00859	0.01099	0.01053	0.00669	0.04588	0.79463	0.01785	0.01690	0.01552	0.01266	0.00568	0.00428	0.00142	0.00337	0.00472	0.00428	0.00667
11	0.00857	0.00731	0.00856	0.00621	0.00980	0.00551	0.00494	0.01039	0.00869	0.01358	0.00812	0.04354	0.00712	0.00353	0.00321	0.00067	0.00309	0.00288	0.00255	0.84175
12	0.00992	0.01134	0.02481	0.01772	0.02197	0.01063	0.81077	0.01347	0.00992	0.01347	0.00850	0.01134	0.00638	0.00354	0.00496	0.00142	0.00709	0.00496	0.00213	0.00567
13	0.00843	0.02174	0.83048	0.01198	0.01819	0.00976	0.01553	0.01331	0.00888	0.01331	0.00754	0.00888	0.00533	0.00399	0.00399	0.00133	0.00621	0.00311	0.00178	0.00621
14	0.00837	0.00816	0.01454	0.67804	0.07950	0.00956	0.11971	0.01125	0.00869	0.01130	0.00764	0.01117	0.00578	0.00408	0.00430	0.00139	0.00576	0.00390	0.00192	0.00493
15	0.00527	0.00377	0.00504	0.00598	0.00630	0.00354	0.00412	0.00613	0.00829	0.01106	0.04755	0.76390	0.02789	0.01291	0.00539	0.00171	0.00253	0.07122	0.00392	0.00347
16	0.00887	0.00842	0.01428	0.53510	0.32876	0.00958	0.01214	0.01155	0.00884	0.01187	0.00764	0.01091	0.00600	0.00403	0.00419	0.00134	0.00537	0.00374	0.00195	0.00542
17	0.01003	0.00948	0.01605	0.03515	0.73961	0.00950	0.01232	0.01248	0.00957	0.01359	0.00923	0.01384	0.00827	0.00448	0.00431	0.00131	0.00490	0.07726	0.00224	0.00637
18	0.01509	0.01904	0.01226	0.01099	0.01304	0.75641	0.02508	0.01622	0.01146	0.01034	0.00647	0.00778	0.00544	0.00454	0.00456	0.00115	0.07029	0.00283	0.00214	0.00487
19	0.00978	0.01110	0.02420	0.01736	0.02149	0.01041	0.78614	0.01323	0.00986	0.01338	0.00895	0.03693	0.00703	0.00384	0.00497	0.00143	0.00695	0.00517	0.00218	0.00560
20	0.00815	0.00771	0.01247	0.79611	0.02798	0.02055	0.01142	0.01131	0.04228	0.01102	0.00786	0.01135	0.00590	0.00427	0.00420	0.00140	0.00554	0.00376	0.00197	0.00476
21	0.01733	0.00825	0.01127	0.00862	0.01190	0.00775	0.06343	0.16892	0.01327	0.59561	0.01496	0.01429	0.00992	0.00525	0.00432	0.00132	0.00403	0.02785	0.00476	0.00695
22	0.00512	0.00366	0.00488	0.00585	0.00610	0.00341	0.00390	0.00585	0.00805	0.01073	0.02317	0.84952	0.02780	0.01317	0.00537	0.00171	0.00244	0.01195	0.00390	0.00341
23	0.00916	0.18734	0.57788	0.01167	0.01714	0.01124	0.10345	0.01318	0.00893	0.01264	0.00731	0.00873	0.00546	0.00386	0.00384	0.00125	0.00597	0.00314	0.00182	0.00599
24	0.00896	0.00851	0.01445	0.50462	0.35853	0.00961	0.01218	0.01163	0.00889	0.01198	0.00765	0.01088	0.00604	0.00401	0.00419	0.00134	0.00535	0.00374	0.00196	0.00549
25	0.01245	0.00858	0.00956	0.00830	0.01088	0.00944	0.00654	0.02190	0.62677	0.21044	0.01698	0.01536	0.01226	0.00558	0.00427	0.00140	0.00339	0.00463	0.00450	0.00677
26	0.00978	0.01058	0.02252	0.01626	0.02021	0.00988	0.71211	0.01306	0.00996	0.03762	0.01134	0.01432	0.06024	0.00428	0.00496	0.00143	0.00657	0.02698	0.00238	0.00553
27	0.00794	0.00747	0.01261	0.84216	0.02895	0.00934	0.01167	0.01074	0.00841	0.01074	0.00747	0.01121	0.00560	0.00420	0.00420	0.00140	0.00560	0.00374	0.00187	0.00467
28	0.00843	0.02174	0.83048	0.01198	0.01819	0.00976	0.01553	0.01331	0.00888	0.01331	0.00754	0.00888	0.00533	0.00399	0.00399	0.00133	0.00621	0.00311	0.00178	0.00621
29	0.00511	0.00372	0.00481	0.00568	0.00605	0.00343	0.00383	0.00587	0.00821	0.01080	0.02524	0.76334	0.11265	0.01290	0.00532	0.00168	0.00241	0.01162	0.00390	0.00343
30	0.01082	0.31899	0.34898	0.00984	0.01442	0.01219	0.04677	0.05272	0.05857	0.07731	0.00839	0.00912	0.00634	0.00408	0.00362	0.00118	0.00517	0.00310	0.00234	0.00604
31	0.00794	0.00747	0.01261	0.84216	0.02895	0.00934	0.01167	0.01074	0.00841	0.01074	0.00747	0.01121	0.00560	0.00420	0.00420	0.00140	0.00560	0.00374	0.00187	0.00467
32	0.00843	0.02174	0.83048	0.01198	0.01819	0.00976	0.01553	0.01331	0.00888	0.01331	0.00754	0.00888	0.00533	0.00399	0.00399	0.00133	0.00621	0.00311	0.00178	0.00621
33	0.00940	0.00921	0.01277	0.26749	0.31650	0.08720	0.01015	0.01244	0.07164	0.01292	0.08477	0.01465	0.06305	0.00498	0.00427	0.00131	0.00484	0.00441	0.00254	0.00544
34	0.00877	0.00790	0.01098	0.36192	0.07009	0.02731	0.02191	0.01379	0.23316	0.02244	0.08121	0.04261	0.03611	0.00566	0.00457	0.00141	0.02126	0.02066	0.00300	0.00524
35	0.01035	0.00993	0.01696	0.04540	0.80690	0.00997	0.01287	0.01285	0.00954	0.01366	0.00790	0.01042	0.00663	0.00376	0.00416	0.00125	0.00501	0.00375	0.00208	0.00661
36	0.00512	0.00366	0.00488	0.00585	0.00610	0.00341	0.00390	0.00585	0.00805	0.01073	0.02317	0.84952	0.02780	0.01317	0.00537	0.00171	0.00244	0.01195	0.00390	0.00341
37	0.00937	0.01707	0.48419	0.01466	0.07182	0.00996	0.28014	0.01355	0.00936	0.03804	0.00816	0.00996	0.00592	0.00386	0.00433	0.00135	0.00635	0.00380	0.00202	0.00609
38	0.04170	0.00911	0.01566	0.01222	0.03912	0.02758	0.35240	0.04732	0.05373	0.17848	0.09777	0.05342	0.03082	0.00533	0.00464	0.00138	0.00499	0.01526	0.00337	0.00570
39	0.00992	0.01134	0.02481	0.01772	0.02197	0.01063	0.81077	0.01347	0.00992	0.01347	0.00850	0.01134	0.00638	0.00354	0.00496	0.00142	0.00709	0.00496	0.00213	0.00567
40	0.04799	0.05912	0.74627	0.01154	0.01745	0.01007	0.02455	0.01324	0.00880	0.01341	0.00740	0.00872	0.00531	0.00397	0.00388	0.00131	0.00601	0.00305	0.00182	0.00609
41	0.01040	0.00963	0.01584	0.08940	0.66826	0.00989	0.01207	0.01377	0.08443	0.03210	0.00892	0.01105	0.00723	0.00400	0.00418	0.00128	0.00486	0.00385	0.00234	0.00651
42	0.04953	0.00974	0.01636	0.08755	0.69324	0.00994	0.03614	0.01285	0.01959	0.01377	0.00791	0.01040	0.00655	0.00381	0.00412	0.00127	0.00500	0.00373	0.00212	0.00638
43	0.00510	0.00372	0.00481	0.00568	0.00605	0.00343	0.00382	0.00587	0.00822	0.01080	0.02531	0.76036	0.11558	0.01289	0.00532	0.00168	0.00240	0.01161	0.00390	0.00343
44	0.00597	0.00491	0.00613	0.00574	0.00714	0.00452	0.04034	0.00818	0.06293	0.01364	0.28432	0.06858	0.40715	0.00952	0.00498	0.00143	0.00250	0.05395	0.00407	0.00399
45	0.06010	0.00976	0.01331	0.02903	0.01378	0.04402	0.18615	0.22557	0.10003	0.16565	0.01260	0.08930	0.01006	0.00553	0.00441	0.00137	0.00470	0.01488	0.00367	0.00609
46	0.01042	0.47031	0.35749	0.00920	0.01386	0.01331	0.01061	0.01325	0.00884	0.04827	0.00704	0.00797	0.00559	0.00383	0.00331	0.00110	0.00517	0.00269	0.00194	0.00581
47	0.00497	0.00426	0.00426	0.00426	0.00568	0.00355	0.00319	0.00603	0.00958	0.01136	0.04259	0.04046	0.82433	0.01065	0.00497	0.00142	0.00213	0.00887	0.00390	0.00355
48	0.01021	0.00979	0.01671	0.08992	0.76343	0.00994	0.01280	0.01273	0.00948	0.01350	0.00787	0.01047	0.00658	0.00378	0.00416	0.00126	0.00504	0.00374	0.00206	0.00650
49	0.01026	0.00984	0.01680	0.07380	0.77918	0.00995	0.01283	0.01277	0.00950	0.01356	0.00788	0.01045	0.00660	0.00377	0.00416	0.00126	0.00503	0.00374	0.00207	0.00654
50	0.03596	0.01085	0.01176	0.00926	0.01235	0.01191	0.00764	0.69151	0.01821	0.05216	0.01137	0.04057	0.00890	0.00568	0.00430	0.00132	0.00444	0.05086	0.00417	0.00677
51	0.04413	0.00655	0.00862	0.00683	0.00959	0.00582	0.00557	0.01777	0.01156	0.63308	0.10989	0.01618	0.01366	0.00553	0.00414	0.00127	0.00323	0.00453	0.08564	0.00640
52	0.01025	0.00983	0.01678	0.07737	0.77569	0.00995	0.01282	0.01276	0.00950	0.01354	0.00788	0.01046	0.00659	0.00377	0.00416	0.00126	0.00503	0.00374	0.00207	0.00653
53	0.01350	0.10167	0.03354	0.01120	0.01421	0.31401	0.18680	0.07413	0.04487	0.11275	0.00959	0.04770	0.00768	0.00469	0.00412	0.00123	0.00600	0.00394	0.00280	0.00559
54	0.72848	0.01024	0.00719	0.00647	0.00899	0.15577	0.00519	0.01314	0.00800	0.01734	0.00597	0.00696	0.00471	0.00398	0.00281	0.00126	0.00402	0.00235	0.00252	0.00461
55	0.00987	0.01175	0.06084	0.01779	0.05510	0.01056	0.74185	0.01344	0.00986	0.01347	0.00844	0.01119	0.00634	0.00357	0.00488	0.00141	0.00696	0.00483	0.00211	0.00574
56	0.00601	0.00478	0.00554	0.00547	0.00683	0.00437	0.00426	0.00815	0.06123	0.01341	0.23430	0.07151	0.38179	0.00973	0.00498	0.00145	0.00249	0.12632	0.00404	0.04335
57	0.21017	0.01055	0.01192	0.03944	0.21297	0.09160	0.01832	0.20472	0.02918	0.11870	0.00909	0.00988	0.00674	0.00438	0.00380	0.00126	0.00460	0.00342	0.00314	0.00611
58	0.01662	0.00870	0.01173	0.00899	0.01228	0.00845	0.08110	0.18756	0.09074	0.50585	0.01451	0.01327	0.00958	0.00506	0.00430	0.00132	0.00410	0.00425	0.00462	0.00697
59	0.01582	0.00639	0.00844	0.00676	0.00945	0.00562	0.00552	0.01750	0.01140	0.62180	0.05237	0.01729	0.04642	0.00572	0.00415	0.00128	0.00323	0.02720	0.12733	0.00632
60	0.01052	0.01038	0.01666	0.07694	0.71640	0.05336	0.02848	0.01298	0.00963	0.01336	0.00782	0.01033	0.00652	0.00380	0.00416	0.00125	0.00521	0.00371	0.00207	0.00642
61	0.00515	0.00424	0.00453	0.00452	0.00581	0.00362	0.00337	0.00637	0.00992	0.01231	0.18194	0.07985	0.64300	0.01041	0.00499	0.00142	0.00212	0.00880	0.00403	0.00362
62	0.00973	0.01065	0.02239	0.01795	0.12262	0.01009	0.64577	0.01302	0.00986	0.01343	0.00953	0.01410	0.00783	0.00421	0.00493	0.00144	0.00657	0.06800	0.00226	0.00565
63	0.01847	0.00777	0.01014	0.00777	0.01104	0.00710	0.00642	0.12655	0.01307	0.72142	0.01571	0.01374	0.00997	0.00518	0.00422	0.00130	0.00372	0.00417	0.00507	0.00715
64	0.01020	0.00978	0.01670	0.09304	0.76039	0.00993	0.01280	0.01272	0.00948	0.01349	0.00787	0.01047	0.00657	0.00378	0.00417	0.00126	0.00504	0.00374	0.00206	0.00649
65	0.01124	0.85479	0.02203	0.00719	0.01079	0.01663	0.00719	0.01259	0.00854	0.00989	0.00584	0.00674	0.00539	0.00360	0.00270	0.00090	0.00450	0.00225	0.00180	0.00539
66	0.00512	0.00366	0.00488	0.00585	0.00610	0.00341	0.00390	0.00585	0.00805	0.01073	0.02317	0.84952	0.02780	0.01317	0.00537	0.00171	0.00244	0.01195	0.00390	0.00341
67	0.00546	0.00427	0.00495	0.00480	0.00599	0.00376	0.00359	0.00698	0.01072	0.01410	0.43280	0.04859	0.41963	0.00966	0.00497	0.00138	0.00206	0.00829	0.00427	0.00376
68	0.00794	0.00747	0.01261	0.84216	0.02895	0.00934	0.01167	0.01074	0.00841	0.01074	0.00747	0.01121	0.00560	0.00420	0.00420	0.00140	0.00560	0.00374	0.00187	0.00467
69	0.01035	0.00894	0.00940	0.00847	0.01083	0.01032	0.00659	0.02202	0.80286	0.01747	0.01760	0.01616	0.02847	0.00580	0.00429	0.00143	0.00330	0.00483	0.00427	0.00659
70	0.00961	0.00938	0.01495	0.36890	0.45369	0.04696	0.01217	0.01217	0.00919	0.01232	0.00766	0.01062	0.00616	0.00396	0.00416	0.00131	0.00537	0.00369	0.00200	0.00574
71	0.04283	0.01301	0.01379	0.14623	0.31350	0.27962	0.01029	0.10595	0.01124	0.01379	0.00756	0.00945	0.00607	0.00416	0.00400	0.00122	0.00583	0.00336	0.00234	0.00575
72	0.00802	0.00777	0.00999	0.00889	0.01019	0.12125	0.09923	0.00966	0.00781	0.01029	0.00988	0.01417	0.00898	0.02284	0.56698	0.00501	0.06841	0.00425	0.00220	0.00419
73	0.00539	0.00437	0.00480	0.00472	0.00603	0.00382	0.00357	0.00692	0.02446	0.01299	0.25316	0.03778	0.57329	0.01003	0.00498	0.00141	0.00216	0.03229	0.00411	0.00373
74	0.02781	0.03192	0.23323	0.01264	0.09023	0.03456	0.16087	0.09692	0.12958	0.02833	0.08227	0.01258	0.01008	0.00476	0.00452	0.00134	0.02533	0.00421	0.00283	0.00600
75	0.01035	0.00993	0.01696	0.04408	0.80819	0.00997	0.01287	0.01285	0.00955	0.01367	0.00790	0.01042	0.00664	0.00376	0.00416	0.00125	0.00501	0.00375	0.00208	0.00661
76	0.00611	0.00408	0.00458	0.00458	0.00458	0.00408	0.00255	0.00611	0.00611	0.00815	0.01325	0.02751	0.01528	0.85226	0.02140	0.00408	0.00408	0.00611	0.00255	0.00255
77	0.06810	0.17646	0.08974	0.00934	0.01217	0.31263	0.03109	0.06343	0.02675	0.03870	0.00842	0.01079	0.00713	0.00715	0.08352	0.00170	0.00636	0.03890	0.00244	0.00520
78	0.02371	0.01222	0.01252	0.05259	0.09700	0.26934	0.09410	0.15565	0.03143	0.01482	0.06931	0.08588	0.01151	0.00578	0.00437	0.00131	0.00544	0.04472	0.00297	0.00533
79	0.00663	0.00474	0.00661	0.00758	0.00848	0.00472	0.00653	0.00846	0.00954	0.01242	0.02234	0.11683	0.02451	0.01175	0.00577	0.00192	0.00375	0.72975	0.00387	0.00383
80	0.01033	0.01061	0.06991	0.10104	0.59847	0.00997	0.07277	0.03488	0.00977	0.03011	0.00812	0.01052	0.00654	0.00385	0.00422	0.00128	0.00525	0.00381	0.00217	0.00639
81	0.01132	0.00804	0.00897	0.00792	0.01028	0.00878	0.00623	0.01991	0.55939	0.16364	0.06845	0.01855	0.05480	0.00621	0.00439	0.00141	0.00324	0.02769	0.00444	0.00634
82	0.01009	0.01109	0.02323	0.03515	0.12964	0.01058	0.66852	0.03254	0.01008	0.01376	0.00844	0.01118	0.00642	0.00362	0.00482	0.00139	0.00672	0.00475	0.00216	0.00582
83	0.00516	0.00371	0.00491	0.00586	0.00616	0.00346	0.00396	0.00594	0.00814	0.01080	0.02372	0.80248	0.05145	0.01305	0.00537	0.00171	0.00247	0.03431	0.00390	0.00343
84	0.01070	0.01250	0.02308	0.01679	0.02077	0.12115	0.70322	0.01391	0.01019	0.01304	0.00824	0.01084	0.00625	0.00365	0.00480	0.00137	0.00715	0.00466	0.00213	0.00556
85	0.01662	0.00701	0.00933	0.00753	0.01043	0.00636	0.00621	0.01917	0.08159	0.65836	0.04180	0.01801	0.01279	0.00594	0.00440	0.00137	0.00353	0.07785	0.00498	0.00671
86	0.00502	0.00426	0.00434	0.00432	0.00571	0.00357	0.00324	0.00614	0.00971	0.01167	0.08728	0.03994	0.77944	0.01053	0.00497	0.00141	0.00212	0.00880	0.00395	0.00357
87	0.01570	0.01195	0.01208	0.00950	0.01263	0.08841	0.00774	0.65150	0.03069	0.07361	0.01069	0.03721	0.00794	0.00526	0.00421	0.00126	0.00474	0.00399	0.00407	0.00681
88	0.00512	0.00366	0.00488	0.00585	0.00610	0.00341	0.00390	0.00585	0.00805	0.01073	0.02317	0.84952	0.02780	0.01317	0.00537	0.00171	0.00244	0.01195	0.00390	0.00341
89	0.00794	0.00747	0.01261	0.84216	0.02895	0.00934	0.01167	0.01074	0.00841	0.01074	0.00747	0.01121	0.00560	0.00420	0.00420	0.00140	0.00560	0.00374	0.00187	0.00467
90	0.00508	0.00423	0.00444	0.00451	0.00581	0.00359	0.00337	0.00620	0.00962	0.01169	0.09013	0.09724	0.70163	0.01072	0.00501	0.00144	0.00218	0.02559	0.00395	0.00357
91	0.00992	0.01134	0.02481	0.01772	0.02197	0.01063	0.81077	0.01347	0.00992	0.01347	0.00850	0.01134	0.00638	0.00354	0.00496	0.00142	0.00709	0.00496	0.00213	0.00567
92	0.01537	0.00906	0.01048	0.00844	0.01145	0.00948	0.00684	0.24475	0.27146	0.34337	0.01492	0.01356	0.01026	0.00532	0.00424	0.00133	0.00379	0.00427	0.00463	0.00699
93	0.00602	0.00453	0.00561	0.00536	0.00649	0.00422	0.00407	0.00829	0.04780	0.01576	0.61813	0.03294	0.17391	0.00895	0.00496	0.00137	0.00215	0.04099	0.00445	0.00401
94	0.02563	0.00775	0.01295	0.73852	0.11344	0.00941	0.01166	0.01100	0.00850	0.01122	0.00749	0.01103	0.00570	0.00415	0.00417	0.00138	0.00549	0.00371	0.00191	0.00488
95	0.05428	0.01126	0.01193	0.00934	0.01255	0.01255	0.00767	0.67615	0.12020	0.02502	0.01079	0.01065	0.00775	0.00508	0.00414	0.00128	0.00440	0.00384	0.00414	0.00697
96	0.01513	0.01477	0.01192	0.01000	0.01274	0.34741	0.00787	0.38361	0.12249	0.01872	0.00956	0.00981	0.00720	0.00484	0.00405	0.00121	0.00566	0.00347	0.00338	0.00616
97	0.01084	0.41662	0.16212	0.01047	0.01447	0.07161	0.16831	0.01393	0.06324	0.02099	0.00759	0.00877	0.00613	0.00387	0.00357	0.00113	0.00544	0.00316	0.00209	0.00566
98	0.00989	0.01077	0.04536	0.01605	0.01997	0.00978	0.67713	0.01316	0.00987	0.05006	0.01017	0.06375	0.00840	0.00447	0.00495	0.00144	0.00652	0.03027	0.00242	0.00556
99	0.00677	0.00484	0.00677	0.00774	0.00871	0.00484	0.00677	0.00871	0.00968	0.01258	0.02226	0.04742	0.02419	0.01161	0.00581	0.00194	0.00387	0.79775	0.00387	0.00387
100	0.02539	0.00851	0.00968	0.00808	0.01077	0.04243	0.00654	0.12608	0.23173	0.35350	0.05943	0.01705	0.01292	0.00591	0.00435	0.00137	0.00375	0.06150	0.00453	0.00648
101	0.01009	0.00950	0.01367	0.08277	0.12356	0.06919	0.18030	0.08538	0.14556	0.02479	0.02797	0.06517	0.04444	0.00601	0.00463	0.00143	0.00491	0.09199	0.00309	0.00553
102	0.01598	0.01177	0.01262	0.00967	0.01304	0.01304	0.00799	0.81202	0.01976	0.02649	0.01009	0.01009	0.00715	0.00505	0.00421	0.00126	0.00463	0.00378	0.00421	0.00715
103	0.00657	0.00470	0.00651	0.00734	0.00826	0.00464	0.00627	0.00842	0.00980	0.01290	0.10770	0.10395	0.02610	0.01140	0.00568	0.00185	0.00357	0.65653	0.00395	0.00385
104	0.00883	0.00800	0.01311	0.56468	0.16378	0.00929	0.03026	0.02151	0.04546	0.03522	0.00973	0.01254	0.04019	0.00452	0.00437	0.00138	0.01569	0.00404	0.00223	0.00518
105	0.09398	0.28944	0.39966	0.00959	0.01426	0.03879	0.01095	0.07512	0.00955	0.01366	0.00700	0.00804	0.00542	0.00395	0.00345	0.00117	0.00529	0.00279	0.00206	0.00582
106	0.01847	0.00707	0.00963	0.00741	0.01060	0.00611	0.00611	0.02010	0.01203	0.80416	0.04123	0.01483	0.01130	0.00531	0.00425	0.00130	0.00353	0.00433	0.00519	0.00706
107	0.01173	0.00969	0.00997	0.00872	0.01124	0.04468	0.00684	0.11007	0.65388	0.06065	0.01586	0.01465	0.01176	0.00555	0.00425	0.00139	0.00366	0.00453	0.00423	0.00666
108	0.34572	0.00843	0.01051	0.31046	0.04648	0.04334	0.06602	0.01199	0.03256	0.01467	0.04616	0.01116	0.02772	0.00444	0.00368	0.00134	0.00454	0.00356	0.00244	0.00478
109	0.00523	0.00377	0.00495	0.00570	0.00610	0.00350	0.00388	0.00614	0.00864	0.01159	0.13170	0.69948	0.06890	0.01243	0.00529	0.00164	0.00236	0.01121	0.00400	0.00350
110	0.00512	0.00366	0.00488	0.00585	0.00610	0.00341	0.00390	0.00585	0.00805	0.01073	0.02317	0.84952	0.02780	0.01317	0.00537	0.00171	0.00244	0.01195	0.00390	0.00341
111	0.21558	0.01053	0.01037	0.06958	0.03972	0.15336	0.01889	0.15347	0.01176	0.24330	0.01029	0.02837	0.00746	0.00475	0.00380	0.00127	0.00461	0.00356	0.00348	0.00585
112	0.46318	0.00876	0.00845	0.00708	0.00977	0.00975	0.01552	0.19732	0.08078	0.09487	0.00946	0.01076	0.00727	0.03972	0.00414	0.00143	0.00370	0.01917	0.00337	0.00549
113	0.00658	0.00473	0.00653	0.00745	0.00839	0.00468	0.00641	0.00839	0.00956	0.01239	0.02324	0.10385	0.06055	0.01168	0.00574	0.00190	0.00369	0.70656	0.00387	0.00382
114	0.01570	0.02004	0.01191	0.01083	0.01300	0.83539	0.00812	0.01679	0.01191	0.01029	0.00650	0.00758	0.00541	0.00433	0.00379	0.00108	0.00758	0.00271	0.00217	0.00487

[dist]
# distance from previous block
# <min> <max>
0	1

[block]
# block no. 1 follows, 63 sequences, length 39
# corresponding to MSA columns:
# 462-500
name=unknown_B
#
# <colnr> <probs for GDERKNQSTAVLIFYWHMCP>
#	G	D	E	R	K	N	Q	S	T	A	V	L	I	F	Y	W	H	M	C	P
0	0.10732	0.00892	0.01299	0.60680	0.11140	0.02875	0.01117	0.01212	0.00937	0.01333	0.02855	0.01274	0.00763	0.00506	0.00457	0.00159	0.00563	0.00405	0.00249	0.00552
1	0.06837	0.01093	0.01254	0.00977	0.01294	0.01201	0.06907	0.58642	0.10478	0.02349	0.01094	0.04040	0.00828	0.00522	0.00421	0.00131	0.00451	0.00418	0.00394	0.00669
2	0.00675	0.00495	0.00663	0.00738	0.00841	0.00497	0.00627	0.00915	0.05728	0.01288	0.05817	0.09704	0.06610	0.01118	0.00561	0.00184	0.00357	0.62390	0.00393	0.00399
3	0.01570	0.02004	0.01191	0.01083	0.01300	0.83539	0.00812	0.01679	0.01191	0.01029	0.00650	0.00758	0.00541	0.00433	0.00379	0.00108	0.00758	0.00271	0.00217	0.00487
4	0.00520	0.00373	0.00486	0.00573	0.00603	0.00348	0.00383	0.00592	0.00803	0.01064	0.02350	0.75069	0.06522	0.06243	0.00630	0.00184	0.00254	0.02284	0.00382	0.00338
5	0.00911	0.00792	0.00999	0.00717	0.01092	0.00627	0.06072	0.04507	0.00927	0.01423	0.00766	0.00896	0.00628	0.00323	0.00329	0.00070	0.00345	0.00272	0.00254	0.78051
6	0.04969	0.01134	0.02252	0.01626	0.02029	0.03940	0.68822	0.03896	0.01026	0.04751	0.00870	0.01109	0.00645	0.00370	0.00476	0.00139	0.00671	0.00469	0.00234	0.00570
7	0.00511	0.00370	0.00484	0.00576	0.00607	0.00342	0.00386	0.00586	0.00814	0.01077	0.02436	0.79994	0.07661	0.01302	0.00534	0.00169	0.00242	0.01176	0.00390	0.00342
8	0.01318	0.01138	0.01820	0.01338	0.01713	0.02523	0.39094	0.35740	0.02631	0.06904	0.00978	0.01099	0.00704	0.00434	0.00456	0.00134	0.00577	0.00437	0.00324	0.00640
9	0.00906	0.00879	0.01424	0.46908	0.27589	0.02786	0.02987	0.01171	0.01939	0.01177	0.00757	0.01077	0.00604	0.00433	0.00501	0.00138	0.07618	0.00375	0.00198	0.00534
10	0.00497	0.00426	0.00426	0.00426	0.00568	0.00355	0.00319	0.00603	0.00958	0.01136	0.04259	0.04046	0.82433	0.01065	0.00497	0.00142	0.00213	0.00887	0.00390	0.00355
11	0.01581	0.00918	0.01062	0.00835	0.01144	0.00946	0.00683	0.35776	0.11191	0.34093	0.01541	0.01421	0.05723	0.00552	0.00427	0.00131	0.00391	0.00437	0.00459	0.00688
12	0.00917	0.00778	0.01305	0.01107	0.01333	0.04235	0.26593	0.01157	0.01005	0.08053	0.01668	0.03134	0.01650	0.00817	0.00532	0.00168	0.00504	0.44234	0.00335	0.00477
13	0.00876	0.11774	0.73732	0.01143	0.01734	0.01055	0.01457	0.01323	0.00884	0.01292	0.00735	0.00863	0.00533	0.00395	0.00384	0.00128	0.00601	0.00301	0.00178	0.00612
14	0.00609	0.00407	0.00459	0.00462	0.00462	0.00406	0.00258	0.00611	0.00616	0.00821	0.01348	0.04718	0.01558	0.83219	0.02101	0.00402	0.00404	0.00625	0.00258	0.00257
15	0.01117	0.01611	0.44594	0.01229	0.01733	0.00955	0.19039	0.07135	0.01045	0.16043	0.00956	0.01048	0.00660	0.00419	0.00427	0.00134	0.00582	0.00377	0.00264	0.00633
16	0.00958	0.00914	0.01557	0.30019	0.55813	0.00977	0.01249	0.01218	0.00918	0.01273	0.00776	0.01067	0.00630	0.00390	0.00418	0.00130	0.00520	0.00374	0.00201	0.00599
17	0.00999	0.01563	0.35165	0.01448	0.01943	0.01055	0.39707	0.10268	0.01060	0.01486	0.00829	0.01020	0.00604	0.00390	0.00448	0.00136	0.00646	0.00407	0.00222	0.00606
18	0.01414	0.01491	0.01119	0.00986	0.01221	0.43568	0.00767	0.22550	0.10222	0.01554	0.01040	0.04172	0.00891	0.00554	0.00416	0.00125	0.00587	0.06453	0.00313	0.00554
19	0.02506	0.72602	0.13334	0.00783	0.01177	0.01557	0.00830	0.01268	0.00857	0.01051	0.00608	0.00704	0.00537	0.00366	0.00287	0.00097	0.00471	0.00237	0.00181	0.00549
20	0.00563	0.00425	0.00532	0.00599	0.00685	0.00394	0.00465	0.00688	0.00909	0.01156	0.02907	0.31808	0.28133	0.01183	0.00539	0.00169	0.00283	0.27810	0.00389	0.00361
21	0.00677	0.00484	0.00677	0.00774	0.00871	0.00484	0.00677	0.00871	0.00968	0.01258	0.02226	0.04742	0.02419	0.01161	0.00581	0.00194	0.00387	0.79775	0.00387	0.00387
22	0.02462	0.74492	0.03782	0.00754	0.01112	0.04373	0.00741	0.06173	0.00933	0.01113	0.00616	0.00702	0.00549	0.00372	0.00285	0.00094	0.00462	0.00238	0.00197	0.00549
23	0.00969	0.01094	0.02374	0.01707	0.02112	0.01031	0.76334	0.01311	0.00974	0.01325	0.00867	0.01164	0.00662	0.00519	0.05387	0.00173	0.00733	0.00493	0.00213	0.00556
24	0.00909	0.00865	0.01470	0.45954	0.40254	0.00964	0.01225	0.01175	0.00895	0.01214	0.00768	0.01083	0.00610	0.00399	0.00418	0.00133	0.00532	0.00374	0.00197	0.00560
25	0.01017	0.01249	0.07342	0.01696	0.02121	0.05914	0.71478	0.01365	0.00998	0.01327	0.00833	0.01097	0.00626	0.00362	0.00483	0.00139	0.00706	0.00471	0.00211	0.00566
26	0.00860	0.07082	0.78286	0.01170	0.01776	0.01017	0.01504	0.01327	0.00886	0.01311	0.00744	0.00875	0.00533	0.00397	0.00392	0.00131	0.00611	0.00306	0.00178	0.00616
27	0.00640	0.00443	0.00563	0.00605	0.00652	0.00443	0.00451	0.00734	0.00787	0.01040	0.04118	0.03617	0.01983	0.43835	0.03192	0.00311	0.00408	0.35540	0.00319	0.00320
28	0.00657	0.00474	0.00649	0.00724	0.00823	0.00466	0.00622	0.00847	0.00997	0.01309	0.13112	0.04491	0.06677	0.01116	0.00565	0.00183	0.00353	0.65152	0.00397	0.00387
29	0.01134	0.81067	0.03723	0.00741	0.01101	0.04407	0.00738	0.01274	0.00866	0.00997	0.00590	0.00681	0.00539	0.00363	0.00276	0.00091	0.00463	0.00228	0.00181	0.00539
30	0.01026	0.56516	0.30311	0.00886	0.01336	0.01424	0.01009	0.01284	0.00866	0.01108	0.00644	0.00748	0.00537	0.00373	0.00315	0.00105	0.00509	0.00255	0.00179	0.00568
31	0.01535	0.00739	0.00928	0.00736	0.01015	0.00697	0.00599	0.15631	0.03094	0.49614	0.14258	0.01780	0.06237	0.00603	0.00438	0.00131	0.00342	0.00496	0.00484	0.00643
32	0.00542	0.00430	0.00494	0.00522	0.00637	0.00382	0.00404	0.00669	0.00961	0.01200	0.10503	0.14088	0.50279	0.01096	0.00518	0.00155	0.00249	0.16111	0.00396	0.00363
33	0.03695	0.80948	0.04121	0.00726	0.01089	0.01625	0.00732	0.01260	0.00851	0.01024	0.00589	0.00680	0.00537	0.00362	0.00273	0.00092	0.00450	0.00227	0.00182	0.00539
34	0.03622	0.72323	0.04763	0.00765	0.01117	0.09442	0.00749	0.01301	0.00884	0.01030	0.00596	0.00690	0.00537	0.00369	0.00284	0.00094	0.00481	0.00232	0.00186	0.00535
35	0.03301	0.00568	0.00743	0.00646	0.00844	0.00514	0.00507	0.01359	0.02625	0.38286	0.23587	0.15453	0.05884	0.00781	0.00465	0.00140	0.00290	0.03004	0.00466	0.00536
36	0.00656	0.00473	0.00639	0.00721	0.00816	0.00467	0.00616	0.00829	0.00945	0.01219	0.02368	0.04550	0.10178	0.06379	0.00669	0.00202	0.00371	0.67148	0.00379	0.00376
37	0.33548	0.23709	0.13167	0.00731	0.01076	0.01065	0.00718	0.01388	0.00872	0.16346	0.00859	0.02484	0.00664	0.00434	0.00322	0.00121	0.00407	0.01265	0.00278	0.00547
38	0.04967	0.53689	0.16971	0.00900	0.01274	0.01413	0.00906	0.01314	0.00956	0.01262	0.00968	0.03235	0.00913	0.01687	0.00420	0.00143	0.00514	0.07604	0.00260	0.00605

[dist]
# distance from previous block
# <min> <max>
0	6

[block]
# block no. 2 follows, 63 sequences, length 34
# corresponding to MSA columns:
# 507-540
name=unknown_C
#
# <colnr> <probs for GDERKNQSTAVLIFYWHMCP>
#	G	D	E	R	K	N	Q	S	T	A	V	L	I	F	Y	W	H	M	C	P
0	0.00936	0.29848	0.56191	0.01039	0.01573	0.01205	0.01276	0.01307	0.00876	0.01218	0.00698	0.00817	0.00535	0.00386	0.00356	0.00119	0.00564	0.00282	0.00178	0.00594
1	0.03161	0.42617	0.39640	0.00947	0.01421	0.03409	0.01102	0.01303	0.00875	0.01171	0.00665	0.00776	0.00534	0.00381	0.00332	0.00111	0.00534	0.00266	0.00182	0.00574
2	0.00882	0.08713	0.71334	0.01123	0.01695	0.01000	0.01418	0.01323	0.00905	0.03392	0.03911	0.00971	0.00678	0.00417	0.00393	0.00130	0.00585	0.00324	0.00197	0.00608
3	0.00872	0.01972	0.67340	0.01310	0.01893	0.00993	0.17057	0.01334	0.00908	0.01334	0.00773	0.00936	0.00553	0.00391	0.00418	0.00135	0.00638	0.00347	0.00184	0.00611
4	0.01318	0.00662	0.00825	0.00672	0.00916	0.00613	0.00540	0.11958	0.01259	0.40001	0.19650	0.02215	0.16161	0.00689	0.00452	0.00132	0.00311	0.00573	0.00471	0.00581
5	0.01079	0.70652	0.13849	0.00824	0.01223	0.01544	0.03542	0.01272	0.00864	0.01050	0.00618	0.00720	0.00542	0.00365	0.00296	0.00098	0.00483	0.00246	0.00181	0.00552
6	0.00867	0.06562	0.73772	0.01208	0.01803	0.01018	0.06401	0.01328	0.00892	0.01314	0.00751	0.00891	0.00539	0.00394	0.00398	0.00131	0.00617	0.00317	0.00180	0.00614
7	0.00523	0.00422	0.00453	0.00453	0.00570	0.00365	0.00330	0.00633	0.00958	0.01193	0.16253	0.07943	0.59202	0.08071	0.00636	0.00164	0.00228	0.00860	0.00390	0.00352
8	0.00557	0.00408	0.00522	0.00536	0.00615	0.00374	0.00386	0.00704	0.01037	0.01423	0.47315	0.30226	0.12272	0.01033	0.00509	0.00146	0.00215	0.00918	0.00431	0.00374
9	0.20335	0.01516	0.01046	0.00921	0.01168	0.47328	0.00712	0.09465	0.05659	0.06970	0.00799	0.00857	0.00615	0.00444	0.00363	0.00118	0.00584	0.00294	0.00278	0.00528
10	0.01001	0.00997	0.01816	0.12140	0.56221	0.01005	0.18029	0.01276	0.00951	0.01332	0.00798	0.01070	0.00647	0.00376	0.00433	0.00130	0.00551	0.00400	0.00206	0.00621
11	0.00580	0.00429	0.00541	0.00513	0.00619	0.00390	0.00385	0.00764	0.01154	0.01600	0.70257	0.03281	0.16145	0.00891	0.00496	0.00134	0.00201	0.00780	0.00452	0.00390
12	0.00536	0.00386	0.00508	0.00598	0.00637	0.00363	0.00420	0.00624	0.00827	0.01092	0.02371	0.67548	0.06775	0.04105	0.00594	0.00180	0.00267	0.11437	0.00385	0.00345
13	0.01124	0.85479	0.02203	0.00719	0.01079	0.01663	0.00719	0.01259	0.00854	0.00989	0.00584	0.00674	0.00539	0.00360	0.00270	0.00090	0.00450	0.00225	0.00180	0.00539
14	0.00843	0.02174	0.83048	0.01198	0.01819	0.00976	0.01553	0.01331	0.00888	0.01331	0.00754	0.00888	0.00533	0.00399	0.00399	0.00133	0.00621	0.00311	0.00178	0.00621
15	0.00504	0.00422	0.00439	0.00452	0.00581	0.00358	0.00337	0.00610	0.00944	0.01133	0.04012	0.11753	0.72412	0.01092	0.00503	0.00146	0.00221	0.03336	0.00390	0.00355
16	0.76758	0.11935	0.00826	0.00575	0.00848	0.01038	0.00490	0.01239	0.00734	0.01768	0.00585	0.00682	0.00466	0.00386	0.00261	0.00125	0.00342	0.00227	0.00250	0.00466
17	0.00572	0.00429	0.00530	0.00504	0.00614	0.00387	0.00378	0.00748	0.01135	0.01555	0.63879	0.03355	0.22551	0.00908	0.00496	0.00135	0.00202	0.00790	0.00446	0.00387
18	0.06374	0.78664	0.02088	0.00714	0.01068	0.01613	0.00705	0.02887	0.00869	0.01077	0.00593	0.00682	0.00538	0.00364	0.00272	0.00093	0.00442	0.00228	0.00190	0.00538
19	0.00521	0.00372	0.00498	0.00595	0.00623	0.00349	0.00405	0.00600	0.00813	0.01083	0.02312	0.80839	0.02762	0.01309	0.00539	0.00172	0.00251	0.05224	0.00390	0.00344
20	0.04842	0.01736	0.01232	0.01202	0.09508	0.60725	0.00848	0.10352	0.01221	0.01275	0.00698	0.00816	0.00570	0.00442	0.00410	0.00115	0.02947	0.00294	0.00239	0.00528
21	0.06502	0.04665	0.01228	0.00940	0.01233	0.05551	0.11009	0.13607	0.25975	0.18579	0.05359	0.01343	0.01077	0.00509	0.00418	0.00132	0.00427	0.00430	0.00387	0.00629
22	0.01174	0.01106	0.02740	0.01819	0.38960	0.08158	0.13600	0.11366	0.07130	0.05750	0.00996	0.02634	0.01723	0.00440	0.00430	0.00129	0.00524	0.00415	0.00274	0.00633
23	0.00535	0.00381	0.00511	0.00607	0.00640	0.00360	0.00424	0.00622	0.00822	0.01092	0.02288	0.73442	0.02713	0.02795	0.00571	0.00178	0.00265	0.11024	0.00387	0.00346
24	0.15775	0.01107	0.06364	0.01410	0.17379	0.09738	0.23952	0.03054	0.00988	0.04608	0.05808	0.03769	0.03263	0.00466	0.00419	0.00132	0.00525	0.00435	0.00260	0.00548
25	0.01330	0.35212	0.07195	0.00884	0.01218	0.17827	0.01965	0.11026	0.07636	0.10671	0.00878	0.00911	0.00679	0.00430	0.00352	0.00110	0.00509	0.00305	0.00275	0.00586
26	0.01159	0.00896	0.03519	0.02671	0.01130	0.04327	0.02963	0.05359	0.41654	0.16331	0.10170	0.05255	0.01477	0.00601	0.00437	0.00138	0.00367	0.00508	0.00418	0.00618
27	0.00969	0.00757	0.00885	0.00654	0.01002	0.00615	0.00524	0.04682	0.05406	0.07029	0.04847	0.01065	0.00854	0.00375	0.00339	0.00078	0.00317	0.00304	0.00295	0.69003
28	0.05592	0.04345	0.01453	0.02046	0.02377	0.12428	0.23000	0.10250	0.08440	0.04255	0.04490	0.01177	0.00864	0.00438	0.00409	0.00119	0.00512	0.01711	0.00287	0.15806
29	0.30679	0.09757	0.13217	0.00874	0.01196	0.11262	0.04628	0.07236	0.06112	0.04031	0.00768	0.00863	0.00593	0.00432	0.00394	0.00126	0.04821	0.00298	0.00258	0.02455
30	0.05042	0.01453	0.04360	0.00710	0.04391	0.01510	0.01662	0.06515	0.03168	0.08188	0.10517	0.15458	0.29553	0.01842	0.00483	0.00143	0.00307	0.01783	0.00376	0.02539
31	0.04517	0.08862	0.01033	0.00871	0.05152	0.15502	0.03716	0.03580	0.07093	0.06721	0.14462	0.16874	0.05361	0.00718	0.00449	0.00134	0.01445	0.02686	0.00339	0.00488
32	0.12221	0.03071	0.10094	0.00930	0.08021	0.01819	0.01587	0.13567	0.05624	0.13232	0.13419	0.11936	0.01477	0.00623	0.00420	0.00134	0.00382	0.00519	0.00361	0.00561
33	0.10573	0.02725	0.15528	0.01008	0.01355	0.08796	0.12005	0.11584	0.03045	0.14803	0.02001	0.04597	0.00807	0.00486	0.00444	0.00130	0.04011	0.00395	0.00305	0.05402

[dist]
# distance from previous block
# <min> <max>
0	34

[block]
# block no. 3 follows, 63 sequences, length 15
# corresponding to MSA columns:
# 577-591
name=unknown_D
#
# <colnr> <probs for GDERKNQSTAVLIFYWHMCP>
#	G	D	E	R	K	N	Q	S	T	A	V	L	I	F	Y	W	H	M	C	P
0	0.16326	0.06904	0.03910	0.01025	0.04613	0.20598	0.09867	0.12105	0.04783	0.08316	0.00891	0.02193	0.00697	0.01681	0.00420	0.00128	0.01847	0.00349	0.01559	0.01788
1	0.12725	0.14937	0.24053	0.00822	0.01199	0.00929	0.00847	0.01364	0.06187	0.12400	0.02389	0.06261	0.00894	0.00492	0.00369	0.00121	0.00426	0.02301	0.00283	0.11000
2	0.01077	0.51597	0.19657	0.00842	0.01240	0.01383	0.00894	0.10328	0.00997	0.01267	0.00867	0.01022	0.03833	0.00438	0.00334	0.00109	0.00477	0.02849	0.00222	0.00565
3	0.01146	0.67436	0.03828	0.00867	0.01234	0.03243	0.09879	0.04346	0.00928	0.02815	0.00658	0.00761	0.00568	0.00370	0.00309	0.00099	0.00488	0.00268	0.00201	0.00554
4	0.01091	0.49339	0.24440	0.00938	0.01357	0.10759	0.04416	0.01330	0.00908	0.01104	0.00650	0.00763	0.00542	0.00379	0.00328	0.00106	0.00543	0.00265	0.00185	0.00557
5	0.00512	0.00366	0.00488	0.00585	0.00610	0.00341	0.00390	0.00585	0.00805	0.01073	0.02317	0.84952	0.02780	0.01317	0.00537	0.00171	0.00244	0.01195	0.00390	0.00341
6	0.00965	0.01184	0.09583	0.01589	0.02026	0.00998	0.64722	0.01312	0.00969	0.01348	0.00830	0.01082	0.00627	0.00354	0.00466	0.00132	0.00656	0.00451	0.00214	0.10492
7	0.01886	0.00715	0.00976	0.00748	0.01073	0.00618	0.00618	0.02049	0.01203	0.82895	0.01658	0.01431	0.01041	0.00520	0.00423	0.00130	0.00358	0.00423	0.00520	0.00715
8	0.00794	0.00747	0.01261	0.84216	0.02895	0.00934	0.01167	0.01074	0.00841	0.01074	0.00747	0.01121	0.00560	0.00420	0.00420	0.00140	0.00560	0.00374	0.00187	0.00467
9	0.00512	0.00366	0.00488	0.00585	0.00610	0.00341	0.00390	0.00585	0.00805	0.01073	0.02317	0.84952	0.02780	0.01317	0.00537	0.00171	0.00244	0.01195	0.00390	0.00341
10	0.05845	0.39208	0.01587	0.00848	0.01145	0.31522	0.00726	0.01517	0.01017	0.11985	0.00752	0.00806	0.00603	0.00410	0.00330	0.00104	0.00544	0.00268	0.00243	0.00540
11	0.05479	0.04655	0.02773	0.10403	0.01439	0.08786	0.00821	0.47966	0.05873	0.06250	0.00975	0.01019	0.00706	0.00479	0.00403	0.00126	0.00485	0.00361	0.00359	0.00642
12	0.00512	0.00366	0.00488	0.00585	0.00610	0.00341	0.00390	0.00585	0.00805	0.01073	0.02317	0.84952	0.02780	0.01317	0.00537	0.00171	0.00244	0.01195	0.00390	0.00341
13	0.01007	0.00985	0.01743	0.11853	0.64316	0.00999	0.10350	0.01272	0.00948	0.01336	0.00793	0.01060	0.00651	0.00378	0.00426	0.00129	0.00530	0.00388	0.00206	0.00632
14	0.00880	0.00835	0.01417	0.55662	0.30775	0.00957	0.01210	0.01150	0.00881	0.01179	0.00762	0.01093	0.00597	0.00404	0.00419	0.00135	0.00539	0.00374	0.00194	0.00537

[dist]
# distance from previous block
# <min> <max>
0	3

# created by:
# /st0/software/busco_prod/Augustus/scripts/msa2prfl.pl ./align_prep/34011.fa
