[name]
unknown

[dist]
# distance from previous block
# <min> <max>
0	143

[block]
# block no. 0 follows, 63 sequences, length 11
# corresponding to MSA columns:
# 170-180
name=unknown_A
#
# <colnr> <probs for GDERKNQSTAVLIFYWHMCP>
#	G	D	E	R	K	N	Q	S	T	A	V	L	I	F	Y	W	H	M	C	P
0	0.01035	0.06446	0.20615	0.05716	0.04074	0.00993	0.09297	0.09247	0.21027	0.06114	0.02781	0.05081	0.01034	0.00536	0.00430	0.00137	0.00475	0.04049	0.00312	0.00601
1	0.00951	0.00778	0.00985	0.00871	0.09097	0.00667	0.02543	0.08936	0.00983	0.03717	0.00951	0.07277	0.00854	0.04658	0.00448	0.00104	0.00356	0.00374	0.00279	0.55173
2	0.00952	0.00936	0.01454	0.39626	0.37671	0.05592	0.01189	0.01199	0.00901	0.01200	0.00751	0.01055	0.00605	0.00417	0.00464	0.00134	0.04733	0.00368	0.00198	0.00555
3	0.00794	0.00747	0.01261	0.84216	0.02895	0.00934	0.01167	0.01074	0.00841	0.01074	0.00747	0.01121	0.00560	0.00420	0.00420	0.00140	0.00560	0.00374	0.00187	0.00467
4	0.00595	0.00430	0.00562	0.00529	0.00628	0.00397	0.00397	0.00793	0.01190	0.01686	0.82382	0.03140	0.03966	0.00859	0.00496	0.00132	0.00198	0.00760	0.00463	0.00397
5	0.01040	0.00999	0.01706	0.02580	0.82604	0.00999	0.01290	0.01290	0.00957	0.01373	0.00791	0.01040	0.00666	0.00375	0.00416	0.00125	0.00499	0.00375	0.00208	0.00666
6	0.00671	0.00444	0.00584	0.00545	0.00655	0.00408	0.00410	0.00861	0.01173	0.06696	0.73607	0.06883	0.03729	0.00860	0.00493	0.00134	0.00210	0.00760	0.00463	0.00414
7	0.00601	0.00450	0.00676	0.00676	0.00751	0.00525	0.00525	0.00751	0.00676	0.00976	0.01126	0.01651	0.01051	0.03153	0.83560	0.00676	0.01126	0.00450	0.00225	0.00375
8	0.00636	0.00533	0.03110	0.00594	0.00695	0.00493	0.00443	0.03735	0.07205	0.01256	0.14009	0.31590	0.18097	0.12807	0.00750	0.00188	0.02238	0.00857	0.00375	0.00390
9	0.00512	0.00366	0.00488	0.00585	0.00610	0.00341	0.00390	0.00585	0.00805	0.01073	0.02317	0.84952	0.02780	0.01317	0.00537	0.00171	0.00244	0.01195	0.00390	0.00341
10	0.05897	0.05444	0.42338	0.03810	0.05666	0.05949	0.08755	0.11916	0.01051	0.01506	0.00795	0.00934	0.00587	0.00411	0.00395	0.00128	0.00571	0.00334	0.02915	0.00598

[dist]
# distance from previous block
# <min> <max>
0	1

[block]
# block no. 1 follows, 63 sequences, length 16
# corresponding to MSA columns:
# 182-197
name=unknown_B
#
# <colnr> <probs for GDERKNQSTAVLIFYWHMCP>
#	G	D	E	R	K	N	Q	S	T	A	V	L	I	F	Y	W	H	M	C	P
0	0.11153	0.27731	0.15016	0.00926	0.01262	0.32566	0.00865	0.03891	0.01007	0.01214	0.00651	0.00753	0.00535	0.00402	0.00336	0.00110	0.00582	0.00262	0.00210	0.00529
1	0.00997	0.31596	0.38622	0.03952	0.06780	0.02821	0.01136	0.01307	0.00907	0.04117	0.03651	0.00927	0.00686	0.00406	0.00359	0.00117	0.00528	0.00306	0.00204	0.00582
2	0.00730	0.00365	0.00548	0.00548	0.00548	0.00365	0.00365	0.00548	0.00548	0.00730	0.00730	0.01278	0.00730	0.01460	0.01643	0.87769	0.00365	0.00365	0.00183	0.00183
3	0.00781	0.00760	0.04047	0.15563	0.33119	0.00728	0.00902	0.00988	0.00930	0.01253	0.07084	0.13043	0.17727	0.00682	0.00454	0.00138	0.00402	0.00612	0.00282	0.00506
4	0.01124	0.85479	0.02203	0.00719	0.01079	0.01663	0.00719	0.01259	0.00854	0.00989	0.00584	0.00674	0.00539	0.00360	0.00270	0.00090	0.00450	0.00225	0.00180	0.00539
5	0.01116	0.01156	0.01019	0.05814	0.05493	0.25750	0.00731	0.01692	0.34046	0.01420	0.08083	0.01499	0.04931	0.00559	0.00442	0.00130	0.02657	0.00440	0.02468	0.00552
6	0.88196	0.00813	0.00618	0.00553	0.00813	0.00943	0.00455	0.01236	0.00715	0.01886	0.00585	0.00683	0.00455	0.00390	0.00260	0.00130	0.00325	0.00228	0.00260	0.00455
7	0.01046	0.00903	0.00951	0.00855	0.01093	0.01046	0.00665	0.02234	0.81845	0.01759	0.01711	0.01568	0.01283	0.00570	0.00428	0.00143	0.00333	0.00475	0.00428	0.00665
8	0.88196	0.00813	0.00618	0.00553	0.00813	0.00943	0.00455	0.01236	0.00715	0.01886	0.00585	0.00683	0.00455	0.00390	0.00260	0.00130	0.00325	0.00228	0.00260	0.00455
9	0.00616	0.00447	0.00599	0.00593	0.00632	0.00499	0.00418	0.00697	0.00646	0.00905	0.01195	0.02118	0.01247	0.39774	0.44343	0.00539	0.03650	0.00520	0.00237	0.00324
10	0.00762	0.00396	0.00411	0.00407	0.00505	0.00392	0.00306	0.00958	0.00917	0.01581	0.10574	0.01746	0.01406	0.00532	0.00317	0.00102	0.00196	0.00434	0.77666	0.00392
11	0.00917	0.00724	0.00871	0.00768	0.02388	0.00757	0.03879	0.20351	0.12235	0.01708	0.20745	0.02481	0.16548	0.06788	0.00606	0.00158	0.01921	0.05255	0.00395	0.00505
12	0.88196	0.00813	0.00618	0.00553	0.00813	0.00943	0.00455	0.01236	0.00715	0.01886	0.00585	0.00683	0.00455	0.00390	0.00260	0.00130	0.00325	0.00228	0.00260	0.00455
13	0.00853	0.02877	0.40518	0.03539	0.12110	0.00912	0.07145	0.01276	0.07281	0.01346	0.04880	0.01484	0.08703	0.00519	0.00454	0.00137	0.02747	0.02403	0.00243	0.00575
14	0.00616	0.00490	0.00647	0.00773	0.11212	0.00456	0.00487	0.00761	0.00966	0.01296	0.22124	0.18459	0.28231	0.03691	0.02060	0.00161	0.00279	0.02868	0.04021	0.00402
15	0.03217	0.27598	0.22378	0.04411	0.08254	0.05639	0.00959	0.06239	0.03461	0.01297	0.03787	0.02494	0.04558	0.00560	0.03349	0.00138	0.00514	0.00359	0.00233	0.00555

[dist]
# distance from previous block
# <min> <max>
0	49

[block]
# block no. 2 follows, 63 sequences, length 68
# corresponding to MSA columns:
# 247-287,289-315
name=unknown_C
#
# <colnr> <probs for GDERKNQSTAVLIFYWHMCP>
#	G	D	E	R	K	N	Q	S	T	A	V	L	I	F	Y	W	H	M	C	P
0	0.03606	0.06537	0.06987	0.02359	0.27838	0.12552	0.00899	0.04409	0.02067	0.03146	0.05139	0.09991	0.05864	0.00566	0.00441	0.00127	0.02859	0.00474	0.00268	0.03871
1	0.05333	0.00877	0.05610	0.03227	0.15291	0.02787	0.04795	0.10706	0.02028	0.10464	0.07599	0.08327	0.06760	0.01565	0.00492	0.00137	0.04195	0.02547	0.04000	0.03258
2	0.01302	0.00725	0.00904	0.00671	0.01017	0.00581	0.00544	0.01479	0.01013	0.36153	0.01151	0.01127	0.00812	0.00405	0.00358	0.00092	0.00328	0.00327	0.02465	0.48546
3	0.00637	0.00478	0.00669	0.03049	0.00754	0.00534	0.02160	0.00750	0.00693	0.00983	0.01307	0.02014	0.05160	0.25658	0.44262	0.00494	0.04547	0.00509	0.04990	0.00352
4	0.00581	0.00409	0.00500	0.00546	0.00578	0.00396	0.00357	0.02547	0.00775	0.01025	0.02013	0.44574	0.06459	0.32727	0.01134	0.00258	0.00315	0.04145	0.00340	0.00320
5	0.00572	0.02464	0.00557	0.00545	0.00635	0.00416	0.00401	0.00716	0.02102	0.01296	0.28713	0.28592	0.20891	0.04422	0.00573	0.00160	0.00244	0.05927	0.00404	0.00371
6	0.00595	0.00430	0.00562	0.00529	0.00628	0.00397	0.00397	0.00793	0.01190	0.01686	0.82382	0.03140	0.03966	0.00859	0.00496	0.00132	0.00198	0.00760	0.00463	0.00397
7	0.00953	0.00929	0.01119	0.44820	0.02018	0.12904	0.00926	0.06156	0.08537	0.01306	0.11371	0.01406	0.02458	0.00517	0.00452	0.00135	0.02806	0.00427	0.00267	0.00493
8	0.02757	0.28298	0.03642	0.00994	0.03434	0.45692	0.00808	0.07600	0.01123	0.01171	0.00662	0.00761	0.00556	0.00412	0.00347	0.00105	0.00621	0.00268	0.00220	0.00529
9	0.00843	0.02174	0.83048	0.01198	0.01819	0.00976	0.01553	0.01331	0.00888	0.01331	0.00754	0.00888	0.00533	0.00399	0.00399	0.00133	0.00621	0.00311	0.00178	0.00621
10	0.04713	0.13784	0.18068	0.00929	0.03293	0.12119	0.03788	0.05751	0.04096	0.04881	0.06540	0.17796	0.01276	0.00626	0.00412	0.00131	0.00467	0.00519	0.00288	0.00523
11	0.01222	0.34676	0.04696	0.00899	0.03544	0.09821	0.04365	0.14374	0.01110	0.08068	0.03021	0.02299	0.02633	0.02542	0.02415	0.00132	0.01572	0.00353	0.01696	0.00560
12	0.01090	0.08002	0.01225	0.00921	0.05467	0.04257	0.07768	0.12491	0.04545	0.06510	0.00991	0.03256	0.01887	0.00486	0.02125	0.00112	0.00427	0.01419	0.00292	0.36729
13	0.03535	0.21022	0.10565	0.02194	0.09144	0.06449	0.03788	0.16603	0.15846	0.02896	0.00941	0.01007	0.00730	0.00452	0.00409	0.00123	0.03056	0.00346	0.00284	0.00612
14	0.01083	0.20955	0.23640	0.05820	0.08624	0.14156	0.11101	0.03588	0.03001	0.01236	0.00740	0.00896	0.00586	0.00404	0.00405	0.00121	0.02544	0.00324	0.00205	0.00570
15	0.00736	0.00607	0.00746	0.00659	0.00832	0.00603	0.05164	0.06648	0.15992	0.01543	0.28260	0.05166	0.29719	0.00834	0.00480	0.00139	0.00278	0.00721	0.00412	0.00463
16	0.00508	0.00383	0.00470	0.00540	0.00598	0.00345	0.00370	0.00590	0.00848	0.01091	0.02869	0.61945	0.25431	0.01245	0.00525	0.00163	0.00235	0.01108	0.00390	0.00345
17	0.00515	0.00373	0.00488	0.00579	0.00613	0.00346	0.00392	0.00593	0.00819	0.01082	0.02451	0.77419	0.08347	0.01296	0.00535	0.00169	0.00245	0.03006	0.00390	0.00343
18	0.00969	0.00968	0.03450	0.09842	0.47882	0.05521	0.07196	0.01190	0.00934	0.01264	0.01004	0.03311	0.02936	0.00539	0.00508	0.05221	0.00510	0.05965	0.00226	0.00565
19	0.01605	0.01076	0.01224	0.01009	0.05555	0.01156	0.00788	0.60320	0.04095	0.17123	0.01136	0.01104	0.00788	0.00503	0.00421	0.00127	0.00442	0.00389	0.00428	0.00711
20	0.00932	0.00844	0.01228	0.10700	0.31234	0.06147	0.04881	0.01151	0.02370	0.03804	0.09823	0.01517	0.01154	0.10038	0.06447	0.00194	0.00513	0.00444	0.01478	0.05100
21	0.00509	0.00384	0.00471	0.00539	0.00598	0.00346	0.00370	0.00594	0.00855	0.01101	0.04115	0.60492	0.25631	0.01238	0.00525	0.00162	0.00234	0.01100	0.00391	0.00346
22	0.03086	0.04439	0.70397	0.03419	0.01783	0.01013	0.03126	0.05544	0.00941	0.01398	0.00761	0.00894	0.00543	0.00403	0.00396	0.00132	0.00601	0.00315	0.00193	0.00614
23	0.83990	0.00822	0.00687	0.01999	0.00891	0.00947	0.02995	0.01236	0.00726	0.01856	0.00596	0.00704	0.00463	0.00390	0.00270	0.00131	0.00341	0.00239	0.00257	0.00459
24	0.01421	0.08245	0.07224	0.00997	0.01293	0.38735	0.00833	0.23136	0.09010	0.01564	0.00853	0.00909	0.00660	0.00454	0.00386	0.00115	0.00591	0.00318	0.00287	0.02970
25	0.00581	0.00497	0.00507	0.00492	0.00647	0.00458	0.00373	0.00850	0.12969	0.01242	0.05904	0.03655	0.68357	0.00986	0.00487	0.00142	0.00230	0.00823	0.00398	0.00402
26	0.00919	0.01643	0.41885	0.01491	0.02012	0.01021	0.42183	0.01339	0.00941	0.01339	0.00803	0.01013	0.00586	0.00376	0.00449	0.00138	0.00666	0.00405	0.00195	0.00594
27	0.00602	0.00444	0.00643	0.00643	0.00707	0.00508	0.00485	0.00730	0.00666	0.00952	0.01156	0.01816	0.01123	0.15471	0.71340	0.00635	0.01018	0.00475	0.00230	0.00357
28	0.00988	0.01123	0.02417	0.01736	0.02139	0.01075	0.76838	0.01329	0.00974	0.01329	0.00835	0.01123	0.00633	0.00375	0.00543	0.00144	0.05138	0.00489	0.00211	0.00561
29	0.00821	0.00778	0.01324	0.75032	0.10460	0.00942	0.02560	0.01099	0.00854	0.01107	0.00753	0.01113	0.00572	0.00415	0.00421	0.00139	0.00557	0.00376	0.00189	0.00488
30	0.00992	0.01134	0.02481	0.01772	0.02197	0.01063	0.81077	0.01347	0.00992	0.01347	0.00850	0.01134	0.00638	0.00354	0.00496	0.00142	0.00709	0.00496	0.00213	0.00567
31	0.00919	0.01643	0.41885	0.01491	0.02012	0.01021	0.42183	0.01339	0.00941	0.01339	0.00803	0.01013	0.00586	0.00376	0.00449	0.00138	0.00666	0.00405	0.00195	0.00594
32	0.00923	0.25934	0.59990	0.01062	0.01608	0.01172	0.01315	0.01311	0.00878	0.01234	0.00706	0.00827	0.00535	0.00388	0.00362	0.00121	0.00572	0.00286	0.00178	0.00598
33	0.01046	0.00903	0.00951	0.00855	0.01093	0.01046	0.00665	0.02234	0.81845	0.01759	0.01711	0.01568	0.01283	0.00570	0.00428	0.00143	0.00333	0.00475	0.00428	0.00665
34	0.00512	0.00366	0.00488	0.00585	0.00610	0.00341	0.00390	0.00585	0.00805	0.01073	0.02317	0.84952	0.02780	0.01317	0.00537	0.00171	0.00244	0.01195	0.00390	0.00341
35	0.00497	0.00426	0.00426	0.00426	0.00568	0.00355	0.00319	0.00603	0.00958	0.01136	0.04259	0.04046	0.82433	0.01065	0.00497	0.00142	0.00213	0.00887	0.00390	0.00355
36	0.00595	0.00430	0.00562	0.00529	0.00628	0.00397	0.00397	0.00793	0.01190	0.01686	0.82382	0.03140	0.03966	0.00859	0.00496	0.00132	0.00198	0.00760	0.00463	0.00397
37	0.00730	0.00365	0.00548	0.00548	0.00548	0.00365	0.00365	0.00548	0.00548	0.00730	0.00730	0.01278	0.00730	0.01460	0.01643	0.87769	0.00365	0.00365	0.00183	0.00183
38	0.01055	0.00947	0.01305	0.07418	0.35392	0.01032	0.00969	0.05933	0.38052	0.01596	0.01221	0.01286	0.00944	0.00474	0.00422	0.00134	0.00425	0.00421	0.00318	0.00654
39	0.01115	0.75144	0.07418	0.00765	0.01134	0.03820	0.00775	0.01305	0.03383	0.01036	0.00632	0.00718	0.00562	0.00371	0.00286	0.00095	0.00466	0.00239	0.00188	0.00547
40	0.00886	0.00694	0.02949	0.00681	0.00851	0.05330	0.00523	0.09637	0.03027	0.07776	0.05132	0.39337	0.03723	0.00871	0.00455	0.00137	0.00323	0.00758	0.04731	0.12178
41	0.03113	0.11210	0.12717	0.03063	0.06489	0.12571	0.07964	0.21763	0.07627	0.03978	0.00947	0.03989	0.00753	0.00475	0.00413	0.00126	0.01529	0.00381	0.00290	0.00602
42	0.80136	0.00847	0.00687	0.00671	0.05146	0.03012	0.00506	0.01246	0.00743	0.01833	0.00609	0.00717	0.00478	0.00392	0.00272	0.00129	0.00343	0.00239	0.01530	0.00466
43	0.01123	0.02956	0.01621	0.06055	0.23034	0.16118	0.18681	0.06414	0.04140	0.01330	0.00824	0.02334	0.00681	0.00460	0.00544	0.00134	0.10989	0.00396	0.01600	0.00566
44	0.01163	0.78484	0.02123	0.00743	0.01098	0.03670	0.00726	0.05942	0.00928	0.01087	0.00611	0.00696	0.00550	0.00370	0.00281	0.00092	0.00458	0.00235	0.00195	0.00548
45	0.00525	0.00418	0.00479	0.00508	0.00612	0.00377	0.00377	0.00631	0.00893	0.01109	0.03349	0.21698	0.50256	0.03433	0.07432	0.00203	0.00313	0.06661	0.00373	0.00353
46	0.01886	0.00715	0.00976	0.00748	0.01073	0.00618	0.00618	0.02049	0.01203	0.82895	0.01658	0.01431	0.01041	0.00520	0.00423	0.00130	0.00358	0.00423	0.00520	0.00715
47	0.00512	0.00366	0.00488	0.00585	0.00610	0.00341	0.00390	0.00585	0.00805	0.01073	0.02317	0.84952	0.02780	0.01317	0.00537	0.00171	0.00244	0.01195	0.00390	0.00341
48	0.01598	0.01177	0.01262	0.00967	0.01304	0.01304	0.00799	0.81202	0.01976	0.02649	0.01009	0.01009	0.00715	0.00505	0.00421	0.00126	0.00463	0.00378	0.00421	0.00715
49	0.00611	0.00408	0.00458	0.00458	0.00458	0.00408	0.00255	0.00611	0.00611	0.00815	0.01325	0.02751	0.01528	0.85226	0.02140	0.00408	0.00408	0.00611	0.00255	0.00255
50	0.00919	0.01643	0.41885	0.01491	0.02012	0.01021	0.42183	0.01339	0.00941	0.01339	0.00803	0.01013	0.00586	0.00376	0.00449	0.00138	0.00666	0.00405	0.00195	0.00594
51	0.00843	0.02174	0.83048	0.01198	0.01819	0.00976	0.01553	0.01331	0.00888	0.01331	0.00754	0.00888	0.00533	0.00399	0.00399	0.00133	0.00621	0.00311	0.00178	0.00621
52	0.01327	0.01023	0.01114	0.00999	0.07925	0.05744	0.00738	0.37260	0.14476	0.08635	0.01378	0.03452	0.06584	0.00547	0.00419	0.00126	0.00419	0.00438	0.00385	0.07009
53	0.02654	0.13634	0.30977	0.00880	0.01250	0.00956	0.00936	0.07346	0.11457	0.02389	0.08412	0.04848	0.08758	0.00588	0.00412	0.00132	0.00440	0.03078	0.00294	0.00557
54	0.88196	0.00813	0.00618	0.00553	0.00813	0.00943	0.00455	0.01236	0.00715	0.01886	0.00585	0.00683	0.00455	0.00390	0.00260	0.00130	0.00325	0.00228	0.00260	0.00455
55	0.00784	0.00392	0.00392	0.00392	0.00490	0.00392	0.00294	0.00980	0.00882	0.01567	0.01371	0.01567	0.01077	0.00490	0.00294	0.00098	0.00196	0.00392	0.87560	0.00392
56	0.02388	0.38461	0.01515	0.02713	0.01103	0.07291	0.00684	0.11628	0.01076	0.16321	0.01046	0.09965	0.00908	0.00589	0.02468	0.00129	0.00453	0.00398	0.00301	0.00562
57	0.01278	0.20571	0.02471	0.01918	0.03694	0.01144	0.02922	0.21781	0.07740	0.14895	0.04049	0.05558	0.00978	0.00546	0.00489	0.00128	0.08476	0.00416	0.00340	0.00605
58	0.00524	0.00385	0.00494	0.00570	0.00620	0.00355	0.00397	0.00616	0.00857	0.01125	0.06830	0.64097	0.14478	0.01247	0.00531	0.00166	0.00245	0.05721	0.00394	0.00349
59	0.00784	0.00392	0.00392	0.00392	0.00490	0.00392	0.00294	0.00980	0.00882	0.01567	0.01371	0.01567	0.01077	0.00490	0.00294	0.00098	0.00196	0.00392	0.87560	0.00392
60	0.02424	0.42952	0.40050	0.00950	0.01427	0.03385	0.01108	0.01303	0.00876	0.01165	0.00666	0.00777	0.00535	0.00381	0.00333	0.00111	0.00536	0.00266	0.00181	0.00575
61	0.00610	0.00413	0.00486	0.00486	0.00496	0.00423	0.00289	0.00629	0.00619	0.00836	0.01299	0.02611	0.01468	0.74805	0.12478	0.00442	0.00499	0.00591	0.00251	0.00270
62	0.00504	0.00412	0.00445	0.00467	0.00580	0.00353	0.00339	0.00606	0.00932	0.01142	0.06831	0.22683	0.61016	0.01115	0.00506	0.00148	0.00220	0.00953	0.00393	0.00353
63	0.00596	0.00464	0.00559	0.00609	0.06323	0.00418	0.00412	0.00752	0.01031	0.01383	0.30794	0.03291	0.41955	0.00892	0.00472	0.00133	0.00226	0.00761	0.08535	0.00395
64	0.00970	0.03508	0.06196	0.08411	0.16151	0.08857	0.16318	0.03197	0.00896	0.01197	0.00848	0.03954	0.00756	0.04803	0.07768	0.00199	0.14813	0.00424	0.00217	0.00518
65	0.00690	0.00456	0.00560	0.00525	0.00657	0.00408	0.00403	0.00858	0.01105	0.08826	0.46430	0.03285	0.26890	0.00894	0.00488	0.00137	0.00225	0.04151	0.02600	0.00412
66	0.00966	0.01080	0.02298	0.01659	0.02037	0.01037	0.72046	0.01286	0.00951	0.01298	0.00862	0.01217	0.00685	0.05336	0.00640	0.00160	0.05191	0.00496	0.00214	0.00543
67	0.01012	0.01105	0.06281	0.18748	0.22642	0.06639	0.22914	0.05286	0.03505	0.01334	0.00857	0.03239	0.00693	0.00433	0.00472	0.00136	0.03487	0.00421	0.00225	0.00570

[dist]
# distance from previous block
# <min> <max>
0	1

[block]
# block no. 3 follows, 63 sequences, length 15
# corresponding to MSA columns:
# 317-331
name=unknown_D
#
# <colnr> <probs for GDERKNQSTAVLIFYWHMCP>
#	G	D	E	R	K	N	Q	S	T	A	V	L	I	F	Y	W	H	M	C	P
0	0.06092	0.06457	0.01276	0.09001	0.09943	0.27041	0.00868	0.09284	0.10565	0.01357	0.00811	0.00957	0.00657	0.00488	0.00536	0.00130	0.13402	0.00336	0.00253	0.00545
1	0.00627	0.00457	0.00563	0.00566	0.00645	0.00456	0.00405	0.03187	0.04657	0.01165	0.12305	0.18779	0.17568	0.14856	0.13339	0.06943	0.00414	0.02370	0.00340	0.00358
2	0.01255	0.01293	0.29631	0.00942	0.01342	0.00872	0.03064	0.18909	0.01241	0.22853	0.09502	0.01324	0.01085	0.00504	0.00418	0.00129	0.00458	0.00409	0.04137	0.00632
3	0.01057	0.00963	0.01020	0.06643	0.04212	0.10183	0.00663	0.11966	0.06059	0.01504	0.00857	0.01009	0.00694	0.00391	0.00357	0.00091	0.00409	0.01627	0.00276	0.50020
4	0.16480	0.04219	0.05094	0.03562	0.03974	0.34666	0.10053	0.04292	0.03836	0.01331	0.00805	0.02265	0.00678	0.00516	0.02116	0.00137	0.02351	0.02873	0.00242	0.00510
5	0.00504	0.00426	0.00436	0.00434	0.00572	0.00358	0.00325	0.00618	0.00976	0.01178	0.10208	0.03977	0.76458	0.01049	0.00497	0.00141	0.00212	0.00878	0.00396	0.00358
6	0.01598	0.01177	0.01262	0.00967	0.01304	0.01304	0.00799	0.81202	0.01976	0.02649	0.01009	0.01009	0.00715	0.00505	0.00421	0.00126	0.00463	0.00378	0.00421	0.00715
7	0.00520	0.00372	0.00495	0.00580	0.00612	0.00347	0.00391	0.00606	0.00842	0.01133	0.10117	0.76982	0.02896	0.01272	0.00533	0.00167	0.00239	0.01153	0.00397	0.00347
8	0.00653	0.00488	0.00627	0.00591	0.00705	0.00495	0.00454	0.06364	0.01051	0.01453	0.40254	0.02651	0.13823	0.01583	0.26558	0.00304	0.00510	0.00654	0.00375	0.00406
9	0.01315	0.00670	0.00902	0.00747	0.00981	0.00656	0.02536	0.09114	0.03119	0.39762	0.01596	0.01659	0.06697	0.02902	0.25011	0.00297	0.00593	0.00466	0.00400	0.00576
10	0.00576	0.00429	0.00535	0.00509	0.00616	0.00388	0.00382	0.00756	0.01145	0.01578	0.67103	0.03317	0.19313	0.00900	0.00496	0.00134	0.00201	0.00785	0.00449	0.00388
11	0.00727	0.00646	0.00927	0.25508	0.13189	0.00692	0.00759	0.01020	0.09408	0.01237	0.06041	0.12379	0.24322	0.00744	0.00460	0.00142	0.00372	0.00650	0.00311	0.00466
12	0.08428	0.01007	0.01089	0.00855	0.01163	0.03198	0.02489	0.45554	0.03852	0.05355	0.01063	0.07381	0.00859	0.00522	0.00399	0.00120	0.00414	0.00411	0.00370	0.15471
13	0.06402	0.11247	0.01227	0.02271	0.02899	0.35921	0.00747	0.10484	0.13674	0.07625	0.02980	0.01020	0.00797	0.00467	0.00379	0.00118	0.00546	0.00334	0.00299	0.00563
14	0.09144	0.26306	0.08619	0.00728	0.01011	0.05575	0.00672	0.02317	0.00927	0.07800	0.04311	0.10561	0.07623	0.00606	0.00390	0.00121	0.01540	0.04316	0.00286	0.07147

[dist]
# distance from previous block
# <min> <max>
1	30

[block]
# block no. 4 follows, 63 sequences, length 15
# corresponding to MSA columns:
# 362-376
name=unknown_E
#
# <colnr> <probs for GDERKNQSTAVLIFYWHMCP>
#	G	D	E	R	K	N	Q	S	T	A	V	L	I	F	Y	W	H	M	C	P
0	0.49119	0.06326	0.06187	0.05275	0.01108	0.13316	0.00655	0.02816	0.05113	0.04275	0.00729	0.00822	0.00561	0.00414	0.00314	0.00125	0.00431	0.00272	0.01643	0.00500
1	0.01290	0.27849	0.18131	0.00941	0.01326	0.10722	0.00920	0.26723	0.03033	0.04120	0.00819	0.00876	0.00626	0.00432	0.00365	0.00115	0.00518	0.00308	0.00276	0.00614
2	0.00548	0.00424	0.00488	0.00477	0.00586	0.00376	0.00349	0.00683	0.01021	0.01337	0.36625	0.06538	0.40095	0.07840	0.00632	0.00161	0.00224	0.00823	0.00410	0.00364
3	0.01021	0.00880	0.01062	0.00923	0.01070	0.01083	0.00743	0.06068	0.38150	0.04194	0.07809	0.01421	0.01192	0.00650	0.00785	0.00156	0.31428	0.00452	0.00343	0.00572
4	0.00861	0.04626	0.74098	0.01211	0.03655	0.01015	0.01486	0.01310	0.00875	0.01304	0.00739	0.00886	0.00537	0.00416	0.00451	0.00134	0.05294	0.00313	0.00179	0.00611
5	0.00525	0.00401	0.00485	0.00540	0.00617	0.00361	0.00389	0.00627	0.00895	0.01144	0.07200	0.44289	0.32018	0.01188	0.00524	0.00160	0.00242	0.07650	0.00394	0.00353
6	0.00505	0.00419	0.00442	0.00451	0.00576	0.00356	0.00332	0.00613	0.00955	0.01164	0.09024	0.13235	0.68321	0.01080	0.00501	0.00145	0.00216	0.00914	0.00395	0.00356
7	0.01337	0.00788	0.00926	0.00785	0.01045	0.00820	0.00623	0.02035	0.43045	0.33703	0.08736	0.01651	0.01422	0.00576	0.00432	0.00137	0.00331	0.00479	0.00467	0.00662
8	0.84419	0.00809	0.00634	0.00561	0.00824	0.00929	0.00462	0.01271	0.00737	0.05431	0.00632	0.00716	0.00481	0.00396	0.00267	0.00130	0.00327	0.00236	0.00272	0.00467
9	0.00872	0.00747	0.00872	0.00623	0.00996	0.00560	0.00498	0.01058	0.00872	0.01370	0.00747	0.00872	0.00623	0.00311	0.00311	0.00062	0.00311	0.00249	0.00249	0.87796
10	0.00646	0.00443	0.00556	0.00530	0.00647	0.00400	0.00401	0.00815	0.01111	0.06178	0.53606	0.07860	0.20809	0.00920	0.00497	0.00138	0.00219	0.03378	0.00444	0.00402
11	0.01238	0.04722	0.05723	0.09608	0.01374	0.17517	0.03237	0.08371	0.07827	0.14032	0.03381	0.01156	0.02287	0.00469	0.00423	0.00117	0.03075	0.00363	0.00306	0.14773
12	0.00586	0.00602	0.09597	0.00670	0.00786	0.00474	0.00553	0.00729	0.00775	0.01072	0.01785	0.43005	0.04730	0.04820	0.25373	0.00323	0.00555	0.00821	0.00309	0.02434
13	0.00851	0.00725	0.00850	0.00621	0.00974	0.00548	0.00492	0.01031	0.00868	0.01353	0.00837	0.05697	0.00746	0.00369	0.00324	0.00068	0.00307	0.00303	0.00257	0.82778
14	0.01157	0.02509	0.05671	0.00785	0.01117	0.05517	0.00666	0.25801	0.06251	0.03602	0.01006	0.01066	0.02061	0.00430	0.00364	0.00100	0.00395	0.00332	0.07089	0.34080

[dist]
# distance from previous block
# <min> <max>
3	6

[block]
# block no. 5 follows, 63 sequences, length 15
# corresponding to MSA columns:
# 383-397
name=unknown_F
#
# <colnr> <probs for GDERKNQSTAVLIFYWHMCP>
#	G	D	E	R	K	N	Q	S	T	A	V	L	I	F	Y	W	H	M	C	P
0	0.01921	0.09417	0.16146	0.06371	0.03077	0.04736	0.00795	0.04321	0.08147	0.12380	0.08783	0.07716	0.04550	0.05491	0.01640	0.00155	0.00435	0.01654	0.01732	0.00533
1	0.05599	0.23747	0.15928	0.03051	0.12206	0.01154	0.05582	0.08078	0.09278	0.07565	0.01001	0.01074	0.03108	0.00438	0.00375	0.00121	0.00473	0.00352	0.00267	0.00602
2	0.01353	0.11547	0.05416	0.00995	0.02679	0.40920	0.01950	0.10162	0.09975	0.03707	0.01783	0.01899	0.01906	0.00478	0.00385	0.00117	0.00583	0.01317	0.02279	0.00547
3	0.00511	0.00370	0.00484	0.00575	0.00607	0.00342	0.00386	0.00587	0.00815	0.01077	0.02444	0.79670	0.07980	0.01301	0.00534	0.00169	0.00242	0.01175	0.00390	0.00342
4	0.00863	0.14962	0.16122	0.00827	0.01102	0.00829	0.05543	0.03516	0.02408	0.05180	0.03086	0.10874	0.10174	0.02379	0.03257	0.00161	0.02111	0.11249	0.03336	0.02022
5	0.01021	0.10523	0.40961	0.02091	0.03018	0.05307	0.06835	0.05092	0.04595	0.06665	0.02146	0.01122	0.04191	0.00464	0.00444	0.00130	0.04198	0.00366	0.00241	0.00592
6	0.00944	0.00609	0.00705	0.00610	0.00798	0.00589	0.00478	0.14930	0.03220	0.13470	0.26595	0.04257	0.26277	0.00798	0.00464	0.00133	0.00276	0.00670	0.03686	0.00491
7	0.00563	0.00404	0.00516	0.00587	0.00628	0.00386	0.00399	0.03491	0.00843	0.01117	0.02273	0.69813	0.06021	0.07852	0.00658	0.00187	0.00267	0.03265	0.00381	0.00350
8	0.01029	0.21073	0.29323	0.09051	0.20000	0.06594	0.01183	0.04778	0.00959	0.01275	0.00727	0.00891	0.00575	0.00393	0.00375	0.00120	0.00550	0.00311	0.00199	0.00593
9	0.00754	0.00565	0.00626	0.00587	0.00742	0.00558	0.00450	0.10040	0.09619	0.02515	0.11440	0.13291	0.30939	0.00920	0.01922	0.00148	0.00281	0.03548	0.08633	0.02423
10	0.00528	0.00395	0.00470	0.00515	0.00577	0.00359	0.00350	0.00610	0.00852	0.01101	0.08738	0.42508	0.26882	0.13219	0.00751	0.00193	0.00255	0.00986	0.00376	0.00337
11	0.05064	0.01732	0.01152	0.01088	0.05173	0.63311	0.00792	0.05865	0.06412	0.01218	0.00876	0.00957	0.03653	0.00465	0.00386	0.00114	0.00664	0.00316	0.00249	0.00513
12	0.00961	0.07359	0.26212	0.04438	0.03064	0.06256	0.33263	0.01341	0.04857	0.01284	0.00962	0.01173	0.03563	0.02831	0.00483	0.00141	0.00614	0.00417	0.00217	0.00562
13	0.36312	0.01300	0.00903	0.00815	0.01033	0.36853	0.00632	0.01421	0.00951	0.05395	0.00765	0.04859	0.00652	0.00477	0.00383	0.00124	0.04167	0.00312	0.02169	0.00475
14	0.01274	0.00872	0.01031	0.00844	0.01119	0.00909	0.03519	0.25263	0.22215	0.16724	0.03632	0.05024	0.04682	0.00606	0.00436	0.00134	0.00378	0.04535	0.00419	0.06382

[dist]
# distance from previous block
# <min> <max>
0	4

[block]
# block no. 6 follows, 63 sequences, length 10
# corresponding to MSA columns:
# 404-413
name=unknown_G
#
# <colnr> <probs for GDERKNQSTAVLIFYWHMCP>
#	G	D	E	R	K	N	Q	S	T	A	V	L	I	F	Y	W	H	M	C	P
0	0.03049	0.00689	0.00856	0.00778	0.00933	0.00735	0.05518	0.14631	0.18183	0.01497	0.01667	0.29112	0.01692	0.10759	0.03967	0.00203	0.00391	0.04488	0.00367	0.00483
1	0.00901	0.00857	0.01455	0.48634	0.37638	0.00962	0.01221	0.01168	0.00891	0.01205	0.00766	0.01086	0.00606	0.00400	0.00418	0.00133	0.00534	0.00374	0.00196	0.00554
2	0.01191	0.03812	0.13432	0.05966	0.02573	0.24718	0.05850	0.10885	0.16096	0.02789	0.02447	0.05191	0.00892	0.00506	0.00412	0.00128	0.00547	0.00405	0.01591	0.00568
3	0.03536	0.01352	0.23669	0.04884	0.08004	0.08512	0.06312	0.14655	0.06345	0.01567	0.04292	0.01216	0.00856	0.00492	0.00467	0.00133	0.05330	0.02637	0.05164	0.00578
4	0.00721	0.00602	0.00653	0.00639	0.00797	0.00624	0.00489	0.01237	0.31371	0.01372	0.02859	0.14457	0.34095	0.00922	0.00483	0.00151	0.00277	0.07376	0.00404	0.00473
5	0.00909	0.00671	0.00827	0.00718	0.00901	0.00677	0.05059	0.21340	0.03236	0.04456	0.11964	0.15583	0.18843	0.04185	0.00540	0.00152	0.00332	0.04973	0.04151	0.00481
6	0.04992	0.15662	0.23585	0.03096	0.12115	0.10924	0.04762	0.04630	0.00965	0.05281	0.00824	0.04518	0.00685	0.00462	0.00445	0.00127	0.05772	0.00356	0.00229	0.00570
7	0.00631	0.00444	0.00586	0.00554	0.00588	0.00450	0.03921	0.00661	0.00643	0.00866	0.01313	0.02458	0.03477	0.61862	0.14046	0.05874	0.00520	0.00574	0.00248	0.00285
8	0.00531	0.00415	0.00485	0.00498	0.00598	0.00373	0.00362	0.00650	0.00949	0.01223	0.20589	0.20522	0.41367	0.03602	0.05729	0.00187	0.00279	0.00889	0.00392	0.00360
9	0.00744	0.02335	0.06751	0.00800	0.06099	0.00574	0.03890	0.04348	0.03300	0.05277	0.10795	0.29961	0.16276	0.06172	0.00587	0.00163	0.00328	0.00799	0.00360	0.00443

[dist]
# distance from previous block
# <min> <max>
0	2

[block]
# block no. 7 follows, 63 sequences, length 6
# corresponding to MSA columns:
# 416-421
name=unknown_H
#
# <colnr> <probs for GDERKNQSTAVLIFYWHMCP>
#	G	D	E	R	K	N	Q	S	T	A	V	L	I	F	Y	W	H	M	C	P
0	0.09550	0.12021	0.19504	0.03045	0.11885	0.15295	0.09113	0.04190	0.03016	0.05565	0.00788	0.00919	0.00608	0.00414	0.00403	0.00124	0.02427	0.00327	0.00233	0.00574
1	0.10746	0.08188	0.04751	0.02864	0.13119	0.08876	0.06076	0.23119	0.08423	0.01744	0.03625	0.01064	0.00797	0.00461	0.00410	0.00126	0.02267	0.00365	0.02382	0.00596
2	0.12808	0.20402	0.12336	0.01091	0.08747	0.20066	0.03462	0.05017	0.00978	0.03989	0.00702	0.00830	0.00568	0.00428	0.00428	0.00120	0.06960	0.00294	0.00225	0.00547
3	0.00614	0.00439	0.00646	0.00646	0.00708	0.00501	0.00489	0.00720	0.00658	0.00940	0.01103	0.01702	0.01058	0.09437	0.69269	0.09049	0.00996	0.00455	0.00223	0.00347
4	0.00542	0.00401	0.00480	0.00521	0.00581	0.00369	0.00357	0.00626	0.00849	0.01102	0.10006	0.36615	0.23486	0.17883	0.00843	0.00208	0.00270	0.04157	0.00370	0.00335
5	0.03453	0.14428	0.06554	0.03297	0.03105	0.06429	0.05396	0.10433	0.11145	0.04843	0.09035	0.09757	0.03126	0.00616	0.00465	0.00133	0.04588	0.02340	0.00318	0.00539

[dist]
# distance from previous block
# <min> <max>
0	1

[block]
# block no. 8 follows, 63 sequences, length 11
# corresponding to MSA columns:
# 423-433
name=unknown_I
#
# <colnr> <probs for GDERKNQSTAVLIFYWHMCP>
#	G	D	E	R	K	N	Q	S	T	A	V	L	I	F	Y	W	H	M	C	P
0	0.00926	0.00751	0.01073	0.01282	0.26238	0.00761	0.04836	0.03462	0.16136	0.04868	0.01722	0.09549	0.12455	0.00622	0.00427	0.00132	0.00363	0.00553	0.13294	0.00550
1	0.00511	0.00369	0.00485	0.00577	0.00608	0.00342	0.00387	0.00586	0.00813	0.01076	0.02418	0.80731	0.06936	0.01304	0.00534	0.00169	0.00242	0.01179	0.00390	0.00342
2	0.00595	0.00448	0.00510	0.00521	0.02423	0.00398	0.00374	0.00716	0.00957	0.04070	0.14338	0.05706	0.52238	0.06902	0.04177	0.00182	0.00278	0.02112	0.02679	0.00375
3	0.02447	0.08687	0.11155	0.07509	0.16535	0.16431	0.03729	0.05775	0.06568	0.03723	0.00907	0.05601	0.00768	0.00488	0.00460	0.00128	0.05705	0.00386	0.00248	0.02751
4	0.00859	0.00793	0.00830	0.00760	0.00875	0.12957	0.02578	0.03302	0.02843	0.03867	0.13688	0.17312	0.15342	0.03126	0.02818	0.00167	0.14709	0.00667	0.02078	0.00429
5	0.00630	0.00444	0.00565	0.00539	0.00566	0.00444	0.03764	0.00661	0.00648	0.00866	0.01340	0.02733	0.01514	0.74067	0.05361	0.00397	0.00449	0.04473	0.00258	0.00280
6	0.01103	0.07542	0.18130	0.06894	0.05366	0.21952	0.04348	0.03475	0.08484	0.01226	0.00795	0.00967	0.00641	0.00558	0.03007	0.00149	0.14254	0.00340	0.00223	0.00544
7	0.00978	0.03017	0.16660	0.04791	0.16261	0.04937	0.10824	0.09123	0.01073	0.04207	0.10834	0.05632	0.06210	0.01841	0.00479	0.00137	0.01664	0.00493	0.00284	0.00555
8	0.01611	0.02858	0.01024	0.04294	0.01156	0.13759	0.00663	0.11123	0.01240	0.46794	0.01472	0.01381	0.04876	0.00522	0.00409	0.00125	0.00428	0.00408	0.05230	0.00630
9	0.00894	0.02026	0.72235	0.01311	0.08965	0.00993	0.01497	0.04838	0.00942	0.01393	0.00769	0.00906	0.00552	0.00402	0.00402	0.00132	0.00603	0.00319	0.00191	0.00629
10	0.01252	0.08538	0.10228	0.04172	0.15112	0.04401	0.07490	0.13382	0.04789	0.17659	0.01116	0.04237	0.01855	0.01838	0.00459	0.00133	0.01990	0.00415	0.00315	0.00618

[dist]
# distance from previous block
# <min> <max>
1	82

[block]
# block no. 9 follows, 63 sequences, length 29
# corresponding to MSA columns:
# 516-544
name=unknown_J
#
# <colnr> <probs for GDERKNQSTAVLIFYWHMCP>
#	G	D	E	R	K	N	Q	S	T	A	V	L	I	F	Y	W	H	M	C	P
0	0.03400	0.05176	0.06876	0.18471	0.28754	0.04553	0.02525	0.03501	0.00891	0.01254	0.00743	0.01878	0.00626	0.00476	0.00598	0.00138	0.17446	0.00364	0.01778	0.00553
1	0.01083	0.27498	0.01483	0.03872	0.11088	0.17427	0.05279	0.01236	0.00952	0.04462	0.01107	0.14760	0.03433	0.00571	0.00389	0.00119	0.00486	0.01474	0.00252	0.03030
2	0.00630	0.00472	0.00582	0.00583	0.00676	0.00458	0.00422	0.00755	0.04476	0.02589	0.05557	0.33217	0.22805	0.03580	0.03236	0.07948	0.04746	0.00833	0.00350	0.06086
3	0.00962	0.08725	0.04815	0.14757	0.23806	0.03444	0.08078	0.03812	0.08380	0.01323	0.03801	0.01393	0.03707	0.03585	0.00497	0.00139	0.02031	0.02606	0.00251	0.03888
4	0.01304	0.13532	0.04531	0.01069	0.09030	0.22865	0.02245	0.12982	0.07030	0.10001	0.05484	0.03562	0.02131	0.00507	0.00413	0.00121	0.01919	0.00390	0.00306	0.00577
5	0.00515	0.00372	0.00488	0.00575	0.00608	0.00345	0.00387	0.00595	0.00829	0.01103	0.05887	0.77428	0.06744	0.01285	0.00533	0.00168	0.00240	0.01161	0.00393	0.00345
6	0.00668	0.00556	0.00779	0.00776	0.03547	0.00633	0.02771	0.00776	0.00753	0.01056	0.01666	0.23514	0.10235	0.10652	0.18220	0.00297	0.18281	0.00688	0.03748	0.00385
7	0.03703	0.00584	0.00780	0.00738	0.00856	0.03241	0.07628	0.00938	0.05443	0.04592	0.02936	0.39531	0.05702	0.01130	0.06907	0.00194	0.03244	0.04522	0.06912	0.00418
8	0.00527	0.00390	0.00495	0.00568	0.00617	0.00363	0.00388	0.00639	0.02816	0.01130	0.06738	0.68107	0.13186	0.01242	0.00527	0.00164	0.00240	0.01115	0.00395	0.00354
9	0.04671	0.01054	0.01042	0.00837	0.01107	0.07914	0.00675	0.51467	0.03022	0.04539	0.01067	0.01153	0.00800	0.03371	0.00448	0.00130	0.00429	0.00377	0.15283	0.00615
10	0.06576	0.24430	0.13642	0.04675	0.01310	0.19644	0.00866	0.13265	0.02106	0.01359	0.00743	0.00914	0.00617	0.04412	0.00475	0.00130	0.03753	0.00305	0.00236	0.00543
11	0.00503	0.00425	0.00435	0.00435	0.00572	0.00357	0.00325	0.00614	0.00968	0.01166	0.08744	0.05746	0.76160	0.01058	0.00498	0.00142	0.00213	0.00887	0.00395	0.00357
12	0.00639	0.00448	0.00540	0.00530	0.00650	0.00403	0.00398	0.00802	0.02527	0.06393	0.32978	0.15362	0.31604	0.00986	0.00500	0.00144	0.00230	0.04046	0.00426	0.00398
13	0.01022	0.00980	0.01673	0.08595	0.76731	0.00994	0.01281	0.01274	0.00949	0.01351	0.00788	0.01046	0.00658	0.00378	0.00416	0.00126	0.00504	0.00374	0.00207	0.00651
14	0.01115	0.00820	0.00902	0.00787	0.01019	0.00895	0.00621	0.14725	0.42412	0.10128	0.06525	0.04686	0.08330	0.00654	0.00441	0.00139	0.00334	0.02726	0.02127	0.00612
15	0.00574	0.00393	0.00505	0.00571	0.00628	0.00359	0.00395	0.00661	0.00856	0.04650	0.04464	0.66592	0.14083	0.01233	0.00526	0.00164	0.00246	0.02342	0.00398	0.00362
16	0.00584	0.00452	0.00510	0.00522	0.00613	0.00428	0.00368	0.00764	0.07561	0.01168	0.10882	0.19846	0.32513	0.18386	0.00840	0.00203	0.00273	0.03350	0.00373	0.00362
17	0.00785	0.00549	0.00691	0.00679	0.00768	0.00578	0.00497	0.08530	0.04742	0.07084	0.05497	0.47006	0.03531	0.06555	0.03328	0.00192	0.07312	0.00873	0.00376	0.00427
18	0.00637	0.00482	0.00688	0.00676	0.00744	0.00560	0.00516	0.02634	0.00702	0.01003	0.01158	0.04551	0.01130	0.11863	0.66048	0.00593	0.04916	0.00488	0.00237	0.00373
19	0.03597	0.05871	0.01227	0.01050	0.01278	0.75222	0.00799	0.04085	0.01188	0.01097	0.00656	0.00760	0.00545	0.00431	0.00372	0.00108	0.00724	0.00271	0.00222	0.00496
20	0.00974	0.11451	0.48516	0.01232	0.01733	0.06245	0.16128	0.03784	0.00947	0.01306	0.00747	0.00906	0.00560	0.00403	0.00434	0.00130	0.03383	0.00337	0.00194	0.00591
21	0.02228	0.00874	0.01162	0.22660	0.05723	0.00936	0.02240	0.20840	0.04060	0.11789	0.01062	0.01180	0.03307	0.00476	0.00462	0.00125	0.05411	0.00381	0.00313	0.14771
22	0.03547	0.21628	0.11700	0.04440	0.01199	0.03046	0.02420	0.12599	0.05503	0.04683	0.01878	0.07961	0.02354	0.00836	0.10207	0.00187	0.00524	0.00420	0.02401	0.02466
23	0.00536	0.00425	0.00480	0.00490	0.00599	0.00378	0.00357	0.00678	0.02871	0.01246	0.20090	0.20103	0.46297	0.02861	0.00538	0.00151	0.00223	0.00907	0.00403	0.00366
24	0.00527	0.00404	0.00480	0.00519	0.00602	0.00362	0.00371	0.00632	0.00916	0.01176	0.13367	0.36506	0.34211	0.03825	0.00569	0.00163	0.00237	0.04384	0.00395	0.00353
25	0.00888	0.07676	0.64196	0.05008	0.01710	0.00974	0.01364	0.01304	0.00882	0.04810	0.00808	0.00962	0.00593	0.00599	0.06312	0.00169	0.00631	0.00322	0.00196	0.00595
26	0.00923	0.12325	0.17162	0.07068	0.07456	0.02964	0.14252	0.06300	0.04225	0.01315	0.02216	0.10772	0.02935	0.02131	0.03163	0.00157	0.00528	0.03317	0.00256	0.00535
27	0.00570	0.00424	0.00516	0.00566	0.00643	0.00396	0.00424	0.00674	0.00865	0.01100	0.02735	0.23355	0.27565	0.15464	0.00809	0.00208	0.00301	0.22674	0.00366	0.00344
28	0.00584	0.00512	0.04403	0.00582	0.00687	0.00433	0.00446	0.00780	0.05716	0.01299	0.25086	0.36206	0.16190	0.04391	0.00569	0.00161	0.00255	0.00914	0.00398	0.00388

[dist]
# distance from previous block
# <min> <max>
3	4

[block]
# block no. 10 follows, 63 sequences, length 14
# corresponding to MSA columns:
# 575-588
name=unknown_K
#
# <colnr> <probs for GDERKNQSTAVLIFYWHMCP>
#	G	D	E	R	K	N	Q	S	T	A	V	L	I	F	Y	W	H	M	C	P
0	0.01029	0.00973	0.01064	0.12026	0.11902	0.18510	0.00797	0.01210	0.02820	0.07743	0.05538	0.09746	0.06347	0.00836	0.07054	0.00181	0.10955	0.00499	0.00279	0.00490
1	0.00647	0.00446	0.00517	0.00503	0.00618	0.00404	0.00368	0.00755	0.00920	0.07339	0.12784	0.06824	0.41324	0.15690	0.06483	0.00225	0.00325	0.03083	0.00374	0.00372
2	0.00720	0.02078	0.10416	0.00871	0.01057	0.00635	0.09656	0.02785	0.02656	0.01264	0.05940	0.22472	0.04838	0.02125	0.04085	0.00189	0.02748	0.24695	0.00332	0.00438
3	0.50470	0.11053	0.00941	0.00669	0.00942	0.07088	0.00559	0.13408	0.00984	0.03416	0.00873	0.00936	0.04588	0.00445	0.00310	0.00123	0.00385	0.00293	0.02011	0.00506
4	0.00583	0.00415	0.00503	0.00524	0.00609	0.00384	0.00385	0.00719	0.00962	0.01317	0.26235	0.21184	0.20283	0.06950	0.00609	0.00165	0.00244	0.08464	0.09101	0.00364
5	0.00814	0.00478	0.00605	0.00559	0.00690	0.00439	0.00422	0.02609	0.01104	0.14275	0.43239	0.13511	0.09601	0.02356	0.00502	0.00140	0.00239	0.00736	0.07242	0.00439
6	0.69672	0.00932	0.06419	0.00697	0.03498	0.00955	0.00588	0.06490	0.00840	0.05726	0.00682	0.00765	0.00512	0.00404	0.00293	0.00130	0.00362	0.00257	0.00276	0.00503
7	0.00525	0.00429	0.00468	0.00485	0.00611	0.00372	0.00372	0.00645	0.00962	0.01177	0.08140	0.09350	0.63145	0.01082	0.00510	0.00150	0.00236	0.10588	0.00394	0.00360
8	0.00523	0.00372	0.00495	0.00589	0.00615	0.00350	0.00398	0.00598	0.00805	0.01072	0.02277	0.78592	0.02720	0.04334	0.00596	0.00180	0.00256	0.04503	0.00385	0.00340
9	0.00843	0.02174	0.83048	0.01198	0.01819	0.00976	0.01553	0.01331	0.00888	0.01331	0.00754	0.00888	0.00533	0.00399	0.00399	0.00133	0.00621	0.00311	0.00178	0.00621
10	0.00601	0.00450	0.00676	0.00676	0.00751	0.00525	0.00525	0.00751	0.00676	0.00976	0.01126	0.01651	0.01051	0.03153	0.83560	0.00676	0.01126	0.00450	0.00225	0.00375
11	0.01115	0.75345	0.05544	0.00740	0.01095	0.04653	0.00741	0.01266	0.00869	0.01029	0.00626	0.00723	0.00561	0.00369	0.00280	0.00093	0.00458	0.00237	0.03720	0.00535
12	0.01016	0.00845	0.01004	0.13886	0.01341	0.00906	0.00709	0.18100	0.22009	0.01648	0.01357	0.05108	0.06562	0.00550	0.00448	0.00124	0.03786	0.00446	0.00335	0.19822
13	0.06711	0.23894	0.41333	0.00991	0.01452	0.07769	0.01117	0.05332	0.05357	0.01342	0.00755	0.00851	0.00580	0.00406	0.00357	0.00120	0.00544	0.00292	0.00212	0.00585

[dist]
# distance from previous block
# <min> <max>
0	7

[block]
# block no. 11 follows, 63 sequences, length 11
# corresponding to MSA columns:
# 597-607
name=unknown_L
#
# <colnr> <probs for GDERKNQSTAVLIFYWHMCP>
#	G	D	E	R	K	N	Q	S	T	A	V	L	I	F	Y	W	H	M	C	P
0	0.00979	0.00683	0.00820	0.02026	0.00927	0.00723	0.00589	0.24344	0.01166	0.05138	0.02778	0.11169	0.01473	0.11764	0.10456	0.00241	0.01548	0.15160	0.04659	0.03356
1	0.06201	0.05542	0.01636	0.08241	0.67593	0.01027	0.01201	0.01270	0.00929	0.01361	0.00764	0.01005	0.00639	0.00378	0.00399	0.00124	0.00491	0.00358	0.00208	0.00632
2	0.01608	0.00770	0.00975	0.00766	0.01075	0.00712	0.00628	0.12840	0.04929	0.53568	0.01522	0.04142	0.01078	0.00552	0.00422	0.00127	0.00364	0.03801	0.00464	0.09657
3	0.05216	0.04344	0.01158	0.01050	0.06017	0.50725	0.00768	0.12054	0.04444	0.01376	0.00808	0.00907	0.00646	0.00445	0.00372	0.00112	0.00607	0.00307	0.08115	0.00527
4	0.01076	0.00995	0.01223	0.01090	0.01136	0.06874	0.00859	0.01110	0.00810	0.01171	0.00900	0.01406	0.00877	0.05838	0.15126	0.04032	0.54240	0.00450	0.00263	0.00524
5	0.00773	0.00717	0.01186	0.70660	0.05910	0.00868	0.01075	0.01034	0.00866	0.01119	0.04914	0.03782	0.04396	0.00494	0.00431	0.00140	0.00516	0.00439	0.00216	0.00463
6	0.04784	0.15274	0.28355	0.02494	0.10313	0.08304	0.07879	0.04211	0.05773	0.05733	0.00832	0.00948	0.00634	0.00417	0.00406	0.00125	0.02357	0.00333	0.00233	0.00595
7	0.00637	0.00459	0.00598	0.00613	0.00676	0.00496	0.00446	0.02133	0.04108	0.01103	0.01611	0.25096	0.03677	0.13947	0.30637	0.00378	0.02953	0.01875	0.08187	0.00370
8	0.00541	0.00386	0.00503	0.00567	0.00598	0.00376	0.00379	0.00611	0.00759	0.01016	0.02059	0.56872	0.05173	0.16915	0.10928	0.00275	0.00380	0.00987	0.00345	0.00330
9	0.02536	0.02545	0.07364	0.03306	0.24726	0.05541	0.15667	0.13827	0.02721	0.08125	0.01089	0.05236	0.02694	0.00491	0.00435	0.00132	0.00517	0.02152	0.00287	0.00608
10	0.03219	0.32181	0.15244	0.06744	0.02978	0.07228	0.03196	0.10205	0.04869	0.02883	0.00826	0.04049	0.00693	0.00456	0.00397	0.00119	0.03573	0.00338	0.00239	0.00564

[dist]
# distance from previous block
# <min> <max>
12	56

[block]
# block no. 12 follows, 63 sequences, length 15
# corresponding to MSA columns:
# 664-678
name=unknown_M
#
# <colnr> <probs for GDERKNQSTAVLIFYWHMCP>
#	G	D	E	R	K	N	Q	S	T	A	V	L	I	F	Y	W	H	M	C	P
0	0.06912	0.13324	0.06076	0.03425	0.03570	0.11851	0.08449	0.10024	0.06444	0.02576	0.01213	0.06606	0.05200	0.08000	0.00556	0.00153	0.00480	0.03551	0.01080	0.00512
1	0.00620	0.00556	0.02662	0.00737	0.05866	0.00486	0.04480	0.00801	0.03402	0.01236	0.10518	0.21181	0.34194	0.01014	0.02346	0.00158	0.00308	0.05269	0.00364	0.03801
2	0.00562	0.00421	0.00471	0.00469	0.00548	0.00385	0.00321	0.00648	0.00870	0.01119	0.17008	0.04893	0.35080	0.31775	0.01100	0.00239	0.00287	0.03124	0.00354	0.00326
3	0.08709	0.01011	0.01497	0.12033	0.57734	0.06124	0.01149	0.01319	0.03973	0.01376	0.00793	0.01021	0.00650	0.00392	0.00401	0.00127	0.00501	0.00359	0.00219	0.00612
