[name]
unknown

[dist]
# distance from previous block
# <min> <max>
0	268

[block]
# block no. 0 follows, 61 sequences, length 45
# corresponding to MSA columns:
# 380-417,426-432
name=unknown_A
#
# <colnr> <probs for GDERKNQSTAVLIFYWHMCP>
#	G	D	E	R	K	N	Q	S	T	A	V	L	I	F	Y	W	H	M	C	P
0	0.02616	0.11970	0.23445	0.02055	0.02981	0.07577	0.06013	0.12868	0.04496	0.06492	0.00971	0.02515	0.00786	0.03289	0.03842	0.00163	0.03402	0.02220	0.00273	0.02027
1	0.01680	0.05010	0.03908	0.01821	0.11709	0.02788	0.02040	0.02286	0.04436	0.02906	0.01981	0.46506	0.08084	0.02148	0.00515	0.00158	0.00347	0.00875	0.00347	0.00455
2	0.01841	0.13292	0.17581	0.07151	0.12633	0.06879	0.10246	0.09109	0.05320	0.02536	0.01729	0.07942	0.00869	0.00502	0.00419	0.00132	0.00536	0.00434	0.00258	0.00589
3	0.02106	0.09153	0.30594	0.01221	0.09332	0.07807	0.04880	0.05630	0.08197	0.11988	0.00985	0.01086	0.00731	0.00460	0.00441	0.00132	0.03183	0.01168	0.00275	0.00632
4	0.00972	0.05576	0.24231	0.04467	0.25967	0.01016	0.21582	0.01308	0.00969	0.02704	0.02202	0.01230	0.04932	0.00433	0.00441	0.00135	0.00578	0.00424	0.00223	0.00611
5	0.00533	0.00388	0.00503	0.00586	0.00627	0.00360	0.00400	0.00617	0.00849	0.01120	0.04605	0.69740	0.10719	0.02815	0.01954	0.00184	0.00267	0.02984	0.00396	0.00353
6	0.01169	0.02737	0.33178	0.07883	0.06480	0.00974	0.11253	0.09647	0.02518	0.16499	0.01036	0.02961	0.00750	0.00461	0.00433	0.00137	0.00552	0.00402	0.00289	0.00640
7	0.01145	0.04268	0.12053	0.10675	0.19367	0.03053	0.23907	0.02377	0.02610	0.05128	0.01059	0.04264	0.00886	0.00548	0.00552	0.00163	0.04956	0.02059	0.00279	0.00649
8	0.00927	0.00691	0.00945	0.00991	0.11953	0.00694	0.03861	0.07398	0.12939	0.08415	0.23740	0.19322	0.04724	0.00796	0.00483	0.00144	0.00332	0.00709	0.00407	0.00531
9	0.00978	0.01256	0.19809	0.08247	0.19103	0.02597	0.11115	0.01565	0.23556	0.01461	0.01243	0.01347	0.04808	0.00483	0.00440	0.00139	0.00515	0.00437	0.00278	0.00623
10	0.01117	0.03611	0.34470	0.03215	0.12817	0.01008	0.14093	0.07504	0.03749	0.11616	0.00980	0.02219	0.00719	0.00440	0.00432	0.00136	0.00567	0.00395	0.00267	0.00645
11	0.00909	0.07287	0.66969	0.01145	0.01708	0.01035	0.01414	0.04449	0.04999	0.01406	0.00886	0.04318	0.00685	0.00458	0.00409	0.00135	0.00589	0.00361	0.00213	0.00626
12	0.00984	0.00845	0.01310	0.61427	0.09424	0.01000	0.01124	0.12574	0.01050	0.03636	0.00844	0.01141	0.00628	0.00443	0.00428	0.00139	0.00543	0.00385	0.01538	0.00538
13	0.01098	0.58197	0.17212	0.00841	0.01237	0.03967	0.00884	0.04764	0.00956	0.01186	0.03977	0.02513	0.00747	0.00425	0.00326	0.00106	0.00489	0.00297	0.00212	0.00565
14	0.01046	0.05712	0.22238	0.03911	0.20316	0.05347	0.13137	0.01338	0.00945	0.05783	0.03073	0.01081	0.00731	0.00497	0.01530	0.00146	0.11960	0.00386	0.00226	0.00596
15	0.00832	0.00627	0.00739	0.00706	0.02676	0.03419	0.00515	0.01022	0.07247	0.08844	0.04144	0.03643	0.21072	0.19248	0.13920	0.00292	0.09688	0.00608	0.00328	0.00430
16	0.00973	0.03898	0.34996	0.01790	0.25660	0.01051	0.22712	0.01354	0.00958	0.01371	0.00806	0.01017	0.00615	0.00388	0.00437	0.00135	0.00619	0.00386	0.00201	0.00633
17	0.01274	0.01144	0.06796	0.06347	0.01431	0.08884	0.08903	0.24658	0.08205	0.09790	0.04488	0.05362	0.01011	0.01867	0.00555	0.00144	0.07730	0.00458	0.00345	0.00605
18	0.01231	0.02951	0.02058	0.01566	0.05184	0.16511	0.48229	0.14015	0.01211	0.01524	0.00851	0.01057	0.00647	0.00404	0.00466	0.00135	0.00682	0.00436	0.00252	0.00593
19	0.00605	0.00452	0.00670	0.00682	0.00753	0.00517	0.00522	0.00750	0.00708	0.01011	0.01295	0.11251	0.01281	0.03014	0.73629	0.00633	0.01050	0.00550	0.00250	0.00381
20	0.01228	0.35284	0.14093	0.01084	0.02983	0.25984	0.09937	0.01456	0.02172	0.01139	0.00697	0.00824	0.00577	0.00400	0.00362	0.00112	0.00612	0.00296	0.00203	0.00557
21	0.05293	0.03758	0.01075	0.00879	0.01148	0.15791	0.00700	0.14605	0.26624	0.17807	0.05389	0.01406	0.01132	0.00549	0.00421	0.00133	0.00443	0.01810	0.00402	0.00635
22	0.00532	0.00381	0.00495	0.00583	0.00611	0.00356	0.00386	0.00603	0.00816	0.01082	0.02374	0.75203	0.05833	0.07718	0.00674	0.00192	0.00261	0.01167	0.00389	0.00344
23	0.00536	0.00387	0.00513	0.00593	0.00632	0.00365	0.00405	0.00627	0.00857	0.01149	0.08916	0.70603	0.05942	0.01396	0.04703	0.00197	0.00290	0.01137	0.00397	0.00357
24	0.13933	0.09385	0.01287	0.00978	0.03983	0.16163	0.00776	0.42863	0.01530	0.03877	0.00870	0.00917	0.00651	0.00468	0.00385	0.00123	0.00506	0.00331	0.00340	0.00633
25	0.00914	0.00869	0.01474	0.51434	0.34571	0.00984	0.01246	0.01189	0.00909	0.01223	0.00783	0.01116	0.00617	0.00412	0.00429	0.00137	0.00549	0.00383	0.00200	0.00560
26	0.00522	0.00400	0.00479	0.00538	0.00610	0.00357	0.00373	0.00614	0.00896	0.01145	0.05812	0.52134	0.32098	0.01238	0.00533	0.00163	0.00237	0.01093	0.00402	0.00357
27	0.06599	0.01164	0.01263	0.00979	0.01315	0.01290	0.02798	0.68616	0.07492	0.02572	0.01055	0.01058	0.00756	0.00511	0.00424	0.00131	0.00463	0.00389	0.00417	0.00710
28	0.10060	0.01158	0.01354	0.01032	0.01378	0.01263	0.09111	0.63411	0.01781	0.03744	0.00985	0.01021	0.00703	0.00490	0.00423	0.00131	0.00485	0.00386	0.00394	0.00691
29	0.00686	0.00489	0.00678	0.00764	0.00860	0.00487	0.00658	0.00878	0.00997	0.01307	0.08267	0.04668	0.02569	0.03907	0.00641	0.00201	0.00383	0.70771	0.00398	0.00393
30	0.01056	0.01013	0.01730	0.05926	0.78972	0.01021	0.01317	0.01313	0.00976	0.01395	0.00808	0.01069	0.00678	0.00386	0.00427	0.00129	0.00514	0.00384	0.00212	0.00674
31	0.04349	0.04294	0.01188	0.00932	0.01219	0.05475	0.00758	0.37979	0.27019	0.06199	0.01222	0.01196	0.00901	0.00538	0.00469	0.00136	0.04645	0.00404	0.00400	0.00675
32	0.00587	0.00436	0.00548	0.00538	0.00641	0.00397	0.00403	0.00761	0.01131	0.01551	0.57579	0.11097	0.17734	0.00974	0.00516	0.00143	0.00218	0.03901	0.00451	0.00393
33	0.00621	0.00416	0.00475	0.00479	0.00483	0.00414	0.00273	0.00631	0.00655	0.00877	0.03953	0.06948	0.01710	0.78005	0.02057	0.00396	0.00402	0.00661	0.00275	0.00270
34	0.02533	0.01280	0.04286	0.03799	0.01573	0.14592	0.20878	0.30406	0.06040	0.04509	0.05046	0.01176	0.00881	0.00481	0.00445	0.00132	0.00569	0.00422	0.00331	0.00622
35	0.01191	0.05707	0.04265	0.02100	0.52855	0.20609	0.04430	0.01419	0.01032	0.01300	0.00766	0.00977	0.00640	0.00397	0.00412	0.00123	0.00585	0.00353	0.00213	0.00626
36	0.00662	0.00476	0.00661	0.00747	0.00834	0.00479	0.00628	0.00836	0.00936	0.01228	0.02211	0.13483	0.04072	0.03439	0.08127	0.00245	0.00446	0.59726	0.00379	0.00386
37	0.01043	0.01006	0.01735	0.09538	0.72870	0.01020	0.03843	0.01305	0.00972	0.01380	0.00808	0.01076	0.00672	0.00387	0.00429	0.00130	0.00524	0.00388	0.00212	0.00662
38	0.01085	0.03525	0.38937	0.01318	0.08691	0.02475	0.13910	0.04013	0.04712	0.11791	0.04651	0.01168	0.00843	0.00448	0.00433	0.00135	0.00566	0.00397	0.00269	0.00634
39	0.01596	0.01021	0.01158	0.00906	0.01220	0.01092	0.00743	0.48850	0.08404	0.22341	0.05322	0.01297	0.01028	0.00550	0.00458	0.00133	0.02293	0.00427	0.00454	0.00706
40	0.00977	0.01462	0.26141	0.01731	0.10735	0.01056	0.48712	0.01369	0.00981	0.01378	0.00836	0.01077	0.00625	0.00379	0.00470	0.00141	0.00677	0.00439	0.00207	0.00608
41	0.01110	0.01217	0.17624	0.05396	0.11789	0.06327	0.12323	0.10320	0.01117	0.10468	0.05132	0.10558	0.02307	0.00572	0.00467	0.00139	0.01733	0.00508	0.00303	0.00589
42	0.00891	0.05287	0.72498	0.01305	0.06189	0.01031	0.04204	0.01360	0.00916	0.01354	0.00772	0.00918	0.00557	0.00405	0.00408	0.00135	0.00626	0.00325	0.00185	0.00634
43	0.00535	0.00388	0.00511	0.00599	0.00626	0.00369	0.00402	0.00609	0.00819	0.01090	0.02359	0.77813	0.04934	0.04536	0.00626	0.00184	0.01682	0.01179	0.00391	0.00349
44	0.00903	0.05640	0.66428	0.01179	0.01743	0.04204	0.04584	0.01370	0.03145	0.01357	0.03450	0.01057	0.02175	0.00439	0.00412	0.00134	0.00608	0.00351	0.00205	0.00614

[dist]
# distance from previous block
# <min> <max>
0	14

[block]
# block no. 1 follows, 61 sequences, length 9
# corresponding to MSA columns:
# 447-455
name=unknown_B
#
# <colnr> <probs for GDERKNQSTAVLIFYWHMCP>
#	G	D	E	R	K	N	Q	S	T	A	V	L	I	F	Y	W	H	M	C	P
0	0.01005	0.05009	0.36052	0.00981	0.01374	0.06806	0.02244	0.09414	0.04644	0.05971	0.07860	0.11361	0.04214	0.00612	0.00437	0.00137	0.00498	0.00504	0.00300	0.00576
1	0.00883	0.00768	0.05211	0.00949	0.10271	0.00732	0.00681	0.04368	0.23590	0.04015	0.17608	0.14224	0.04668	0.00764	0.00469	0.00145	0.00333	0.04867	0.04916	0.00539
2	0.01138	0.01281	0.09220	0.09391	0.30628	0.10077	0.19523	0.07178	0.04518	0.01464	0.00882	0.01103	0.00693	0.00427	0.00451	0.00138	0.00605	0.00407	0.00244	0.00632
3	0.01074	0.11813	0.44870	0.01063	0.01538	0.03946	0.03815	0.05607	0.04803	0.10210	0.01019	0.06574	0.00807	0.00494	0.00410	0.00133	0.00546	0.00397	0.00263	0.00618
4	0.00995	0.01351	0.22866	0.04553	0.06125	0.05328	0.31366	0.03233	0.04253	0.04178	0.01069	0.10701	0.00914	0.00515	0.00466	0.00143	0.00599	0.00511	0.00253	0.00579
5	0.00689	0.00584	0.00614	0.00646	0.00730	0.08021	0.00465	0.03743	0.01001	0.01285	0.16804	0.47414	0.10020	0.01118	0.00522	0.00159	0.00303	0.05093	0.00398	0.00392
6	0.05937	0.08639	0.19360	0.09912	0.09327	0.08280	0.06950	0.10416	0.03912	0.05531	0.00942	0.05486	0.00765	0.00487	0.00432	0.00133	0.02237	0.00399	0.00264	0.00590
7	0.03138	0.01399	0.28453	0.05648	0.05066	0.02986	0.15113	0.04860	0.14794	0.03436	0.01061	0.05562	0.00847	0.00509	0.00494	0.00144	0.05179	0.00441	0.00268	0.00603
8	0.00747	0.00566	0.03565	0.00749	0.02679	0.00533	0.02957	0.04178	0.00885	0.06171	0.05843	0.32651	0.01830	0.01715	0.26184	0.03574	0.00581	0.00748	0.03423	0.00423

[dist]
# distance from previous block
# <min> <max>
11	60

[block]
# block no. 2 follows, 61 sequences, length 18
# corresponding to MSA columns:
# 516-533
name=unknown_C
#
# <colnr> <probs for GDERKNQSTAVLIFYWHMCP>
#	G	D	E	R	K	N	Q	S	T	A	V	L	I	F	Y	W	H	M	C	P
0	0.01216	0.11220	0.12413	0.01064	0.05815	0.03685	0.06282	0.26866	0.04171	0.06165	0.05666	0.03420	0.06024	0.00553	0.00461	0.00132	0.03455	0.00445	0.00331	0.00616
1	0.10931	0.18362	0.07690	0.00931	0.01241	0.21774	0.03493	0.18814	0.02819	0.01585	0.03884	0.04895	0.00841	0.00496	0.00380	0.00121	0.00529	0.00366	0.00284	0.00564
2	0.00600	0.00400	0.00524	0.00598	0.00644	0.00371	0.00408	0.00680	0.00845	0.04935	0.02381	0.70684	0.06400	0.05619	0.00629	0.00185	0.00266	0.03068	0.00399	0.00365
3	0.01277	0.08262	0.22888	0.01352	0.12346	0.40378	0.04857	0.01524	0.01070	0.01196	0.00718	0.00862	0.00574	0.00417	0.00396	0.00120	0.00678	0.00310	0.00207	0.00568
4	0.03071	0.07267	0.10678	0.05994	0.13268	0.13284	0.00938	0.14838	0.10034	0.12572	0.01039	0.01130	0.00781	0.02686	0.00455	0.00135	0.00515	0.00371	0.00315	0.00629
5	0.00929	0.07846	0.70334	0.01233	0.04354	0.05302	0.01485	0.01376	0.00926	0.01326	0.00757	0.00893	0.00551	0.00407	0.00400	0.00132	0.00628	0.00312	0.00185	0.00625
6	0.00987	0.00913	0.00854	0.05771	0.01025	0.21877	0.06510	0.01169	0.00979	0.01327	0.01340	0.03503	0.06408	0.00741	0.06711	0.00159	0.00487	0.00435	0.38364	0.00440
7	0.03903	0.15844	0.48865	0.04492	0.01635	0.04970	0.03332	0.02744	0.03278	0.01340	0.02973	0.01047	0.02901	0.00441	0.00391	0.00129	0.00569	0.00341	0.00214	0.00592
8	0.02342	0.09510	0.01529	0.14612	0.27936	0.08878	0.04304	0.12714	0.05715	0.05702	0.00923	0.02320	0.00732	0.00447	0.00413	0.00128	0.00522	0.00383	0.00272	0.00618
9	0.00665	0.00487	0.00615	0.00713	0.04055	0.02810	0.00475	0.00789	0.03002	0.04695	0.05950	0.64617	0.03750	0.01200	0.00546	0.01372	0.00286	0.03181	0.00394	0.00395
10	0.01253	0.03754	0.12794	0.01331	0.11830	0.07279	0.11848	0.28170	0.09972	0.01840	0.02838	0.01119	0.00806	0.00476	0.00459	0.00133	0.02735	0.00401	0.00312	0.00650
11	0.01179	0.13088	0.11263	0.08433	0.20340	0.09303	0.05594	0.12364	0.01991	0.05382	0.01972	0.01119	0.03240	0.00458	0.00432	0.00127	0.02469	0.00376	0.00261	0.00608
12	0.01038	0.14084	0.18672	0.05471	0.13496	0.03334	0.18618	0.07108	0.06002	0.01426	0.03113	0.01191	0.03637	0.00446	0.00423	0.00130	0.00556	0.00407	0.00246	0.00601
13	0.00805	0.01732	0.00657	0.00630	0.00737	0.04790	0.00461	0.11475	0.01036	0.01433	0.06530	0.36484	0.05051	0.04878	0.04222	0.00181	0.00344	0.00790	0.17341	0.00423
14	0.02556	0.04732	0.05641	0.08915	0.07990	0.07975	0.06711	0.20779	0.12611	0.02694	0.01258	0.06027	0.04285	0.00575	0.00465	0.00138	0.02750	0.02980	0.00323	0.00595
15	0.01120	0.06952	0.26089	0.01414	0.19100	0.05526	0.05560	0.12601	0.03070	0.05589	0.01031	0.03943	0.02252	0.00527	0.01646	0.00141	0.00549	0.01997	0.00268	0.00627
16	0.00907	0.00663	0.00801	0.00823	0.05062	0.05011	0.00590	0.07427	0.05086	0.09181	0.01653	0.23539	0.02782	0.06556	0.21179	0.00305	0.00572	0.07048	0.00347	0.00467
17	0.00979	0.07879	0.25237	0.18994	0.24931	0.03434	0.03556	0.03487	0.02824	0.01341	0.02853	0.01069	0.00707	0.00422	0.00414	0.00132	0.00558	0.00366	0.00215	0.00602

[dist]
# distance from previous block
# <min> <max>
17	37

[block]
# block no. 3 follows, 61 sequences, length 157
# corresponding to MSA columns:
# 578-645,653-678,683-744,764
name=unknown_D
#
# <colnr> <probs for GDERKNQSTAVLIFYWHMCP>
#	G	D	E	R	K	N	Q	S	T	A	V	L	I	F	Y	W	H	M	C	P
0	0.01200	0.01086	0.04913	0.06662	0.19862	0.08565	0.04551	0.11909	0.18540	0.09222	0.01345	0.04073	0.05064	0.00535	0.00438	0.00136	0.00477	0.00458	0.00334	0.00630
1	0.01009	0.03430	0.02401	0.08209	0.38362	0.03137	0.02206	0.07989	0.04329	0.02714	0.02984	0.01760	0.13580	0.00572	0.00463	0.00136	0.02023	0.03824	0.00285	0.00589
2	0.02573	0.05521	0.32600	0.02795	0.20491	0.00943	0.04970	0.01340	0.05879	0.05655	0.01281	0.04803	0.08250	0.00518	0.00427	0.00136	0.00509	0.00447	0.00256	0.00606
3	0.00847	0.00820	0.00986	0.09199	0.10891	0.12116	0.06147	0.01022	0.02064	0.02912	0.06279	0.21602	0.20517	0.00827	0.00495	0.00145	0.01625	0.00723	0.00324	0.00460
4	0.02402	0.07313	0.16909	0.06772	0.18130	0.12316	0.07349	0.10198	0.01081	0.03562	0.01812	0.01001	0.00665	0.00456	0.00504	0.00133	0.08199	0.00360	0.00240	0.00600
5	0.02820	0.09231	0.30566	0.07386	0.04438	0.07102	0.15628	0.04173	0.04548	0.01366	0.02167	0.02267	0.01853	0.00470	0.00439	0.00136	0.01718	0.02882	0.00232	0.00580
6	0.00665	0.00473	0.00685	0.00703	0.00777	0.00455	0.05160	0.01850	0.02409	0.05122	0.02148	0.67246	0.02473	0.01215	0.00583	0.02398	0.01718	0.03139	0.00388	0.00393
7	0.01168	0.03394	0.05659	0.04888	0.36939	0.19881	0.06655	0.04665	0.02608	0.02511	0.01956	0.04528	0.02299	0.00469	0.00427	0.00128	0.00568	0.00413	0.00245	0.00600
8	0.05275	0.03853	0.09673	0.00984	0.01310	0.04530	0.08107	0.26761	0.10963	0.11863	0.03602	0.06136	0.02375	0.00562	0.00451	0.00136	0.01957	0.00461	0.00369	0.00632
9	0.01050	0.02910	0.27909	0.05310	0.23760	0.01032	0.16683	0.06604	0.02544	0.05042	0.00906	0.01133	0.00694	0.00425	0.00438	0.00136	0.00581	0.01970	0.00239	0.00636
10	0.00697	0.00630	0.00656	0.02817	0.00795	0.07731	0.00490	0.00858	0.03467	0.01236	0.14947	0.13598	0.32020	0.03231	0.05213	0.00186	0.05912	0.03423	0.01692	0.00401
11	0.01107	0.08554	0.29169	0.02426	0.03802	0.09784	0.22641	0.09819	0.02767	0.02560	0.02785	0.01043	0.00708	0.00425	0.00429	0.00132	0.00620	0.00384	0.00240	0.00606
12	0.00981	0.16112	0.60578	0.01158	0.03226	0.05181	0.01377	0.04261	0.00961	0.01340	0.00749	0.00874	0.00557	0.00408	0.00387	0.00127	0.00606	0.00305	0.00194	0.00620
13	0.00591	0.00435	0.00586	0.00643	0.00691	0.00445	0.00459	0.02769	0.00837	0.01133	0.03212	0.58000	0.03446	0.03153	0.16158	0.00276	0.02713	0.03720	0.00362	0.00371
14	0.00898	0.02789	0.17624	0.04736	0.04950	0.06226	0.04732	0.02963	0.14910	0.02669	0.04133	0.19628	0.05448	0.00734	0.00488	0.00148	0.02518	0.03554	0.00319	0.00533
15	0.00578	0.00431	0.00515	0.00544	0.00640	0.00390	0.00394	0.00717	0.02634	0.02824	0.17062	0.34882	0.32112	0.01135	0.00524	0.00156	0.00239	0.03425	0.00416	0.00381
16	0.00924	0.00568	0.00692	0.00646	0.00810	0.00542	0.00498	0.04891	0.08636	0.17057	0.16527	0.20153	0.18835	0.00934	0.00499	0.00151	0.00287	0.06417	0.00443	0.00489
17	0.00632	0.00533	0.00824	0.07955	0.05703	0.00517	0.07749	0.00777	0.00903	0.01192	0.06678	0.46620	0.14131	0.01057	0.00521	0.00161	0.00332	0.02948	0.00359	0.00407
18	0.03810	0.24646	0.18460	0.00989	0.01368	0.16948	0.03874	0.14904	0.03151	0.04531	0.00849	0.03091	0.00682	0.00455	0.00377	0.00120	0.00554	0.00335	0.00262	0.00594
19	0.01249	0.03727	0.36807	0.01141	0.01550	0.40389	0.01155	0.02854	0.04905	0.01251	0.00769	0.00877	0.00590	0.00435	0.00398	0.00124	0.00684	0.00306	0.00217	0.00573
20	0.01118	0.04358	0.18487	0.02152	0.06463	0.21449	0.03893	0.05151	0.02548	0.06722	0.01193	0.12365	0.02429	0.05752	0.01872	0.00161	0.00559	0.02515	0.00280	0.00534
21	0.01129	0.05454	0.03327	0.03652	0.54074	0.06232	0.03247	0.02971	0.03440	0.05362	0.03492	0.01130	0.00806	0.00433	0.00455	0.00129	0.03387	0.00389	0.00246	0.00644
22	0.00917	0.00873	0.01551	0.01377	0.10712	0.02539	0.31656	0.02800	0.01017	0.03481	0.03166	0.05511	0.08987	0.00705	0.00550	0.00157	0.03688	0.19495	0.00301	0.00517
23	0.01033	0.40524	0.19503	0.00848	0.01218	0.02537	0.00874	0.07022	0.06209	0.01340	0.08695	0.04950	0.02580	0.00511	0.00368	0.00117	0.00459	0.00389	0.00260	0.00565
24	0.01000	0.00966	0.01085	0.01218	0.18802	0.15920	0.03784	0.04398	0.04539	0.03602	0.07663	0.07335	0.16099	0.00770	0.02087	0.00151	0.02586	0.07157	0.00322	0.00514
25	0.03665	0.07300	0.05081	0.10082	0.19417	0.07796	0.07519	0.17952	0.05252	0.07481	0.02015	0.01171	0.00788	0.00464	0.00421	0.00131	0.00521	0.02024	0.00297	0.00625
26	0.04043	0.17960	0.07141	0.00901	0.01189	0.24131	0.00772	0.15721	0.07782	0.04701	0.02000	0.02701	0.01871	0.06674	0.00516	0.00141	0.00533	0.00371	0.00292	0.00562
27	0.00626	0.00475	0.00590	0.00651	0.00711	0.02040	0.00464	0.03281	0.04117	0.01176	0.02149	0.59454	0.03911	0.03068	0.09758	0.00234	0.00384	0.06150	0.00377	0.00384
28	0.01081	0.01182	0.09382	0.06364	0.25308	0.14095	0.03091	0.05299	0.05752	0.04038	0.05724	0.08254	0.03399	0.00569	0.00487	0.00137	0.04504	0.00479	0.00280	0.00575
29	0.01181	0.07466	0.22404	0.01216	0.07390	0.13744	0.09047	0.12806	0.02072	0.06151	0.00983	0.07908	0.00826	0.00524	0.00470	0.00134	0.04384	0.00426	0.00272	0.00596
30	0.00958	0.01785	0.53118	0.01235	0.03182	0.02681	0.11774	0.04019	0.06725	0.04046	0.01098	0.01200	0.05302	0.00462	0.00431	0.00138	0.00590	0.00395	0.00238	0.00621
31	0.00679	0.00587	0.00780	0.10992	0.09402	0.02252	0.02140	0.00849	0.01995	0.02241	0.07954	0.18068	0.35044	0.00934	0.00498	0.00150	0.00330	0.04322	0.00355	0.00428
32	0.01115	0.14277	0.36972	0.01107	0.03587	0.09067	0.04859	0.09491	0.02755	0.05960	0.03185	0.04020	0.00802	0.00472	0.00404	0.00128	0.00561	0.00374	0.00255	0.00609
33	0.01053	0.33268	0.33931	0.00957	0.01397	0.06344	0.01059	0.02858	0.04899	0.03328	0.04805	0.00999	0.00788	0.00489	0.02018	0.00129	0.00543	0.00321	0.00227	0.00586
34	0.00688	0.00494	0.00663	0.00674	0.00755	0.00492	0.02941	0.04858	0.04551	0.03777	0.06089	0.52532	0.02347	0.07428	0.08341	0.00233	0.00380	0.01975	0.00380	0.00404
35	0.01095	0.01111	0.05622	0.04679	0.45434	0.05391	0.13310	0.02838	0.06562	0.04789	0.02171	0.01226	0.02914	0.00435	0.00441	0.00133	0.00536	0.00423	0.00254	0.00639
36	0.02649	0.12257	0.09806	0.01202	0.01551	0.10787	0.25483	0.07639	0.07246	0.06603	0.02501	0.01168	0.02281	0.01530	0.00507	0.00137	0.05386	0.00412	0.00272	0.00583
37	0.01056	0.02613	0.01532	0.12403	0.23366	0.06977	0.16410	0.03222	0.13568	0.04295	0.01141	0.09431	0.00979	0.00525	0.00452	0.00139	0.00521	0.00498	0.00281	0.00590
38	0.00634	0.00516	0.00577	0.02145	0.00721	0.04277	0.00437	0.02838	0.02305	0.01239	0.12772	0.44945	0.18237	0.04169	0.00582	0.00168	0.00284	0.02377	0.00394	0.00382
39	0.02322	0.07380	0.34651	0.01251	0.08875	0.05429	0.10015	0.03099	0.02460	0.12652	0.02132	0.02213	0.03574	0.00470	0.00433	0.00133	0.01635	0.00395	0.00265	0.00617
40	0.02779	0.06005	0.16183	0.01187	0.08102	0.05955	0.11302	0.13473	0.11364	0.11539	0.02533	0.03212	0.03403	0.00505	0.00430	0.00134	0.00507	0.00433	0.00323	0.00630
41	0.02297	0.00807	0.01157	0.05785	0.30739	0.02808	0.01750	0.08649	0.02196	0.05539	0.02703	0.23679	0.06573	0.00761	0.01486	0.00151	0.01399	0.00650	0.00319	0.00550
42	0.01046	0.18631	0.37475	0.01161	0.05873	0.05588	0.07071	0.03488	0.05080	0.04682	0.05290	0.01073	0.00821	0.00441	0.00398	0.00126	0.00554	0.00356	0.00239	0.00607
43	0.01218	0.05896	0.15201	0.07136	0.10531	0.14661	0.03376	0.11191	0.06038	0.09740	0.05448	0.03377	0.01988	0.00511	0.00438	0.00131	0.01806	0.00412	0.00300	0.00600
44	0.01015	0.09285	0.47684	0.01109	0.01595	0.02610	0.06022	0.05577	0.06964	0.06204	0.02678	0.03220	0.01882	0.00478	0.00430	0.00135	0.01855	0.00386	0.00252	0.00619
45	0.00915	0.00900	0.01077	0.05875	0.26240	0.13482	0.02130	0.01089	0.01021	0.02817	0.08286	0.10157	0.22830	0.00720	0.00463	0.00136	0.00429	0.00623	0.00308	0.00503
46	0.02522	0.03559	0.10870	0.04622	0.15230	0.04718	0.14356	0.13316	0.08460	0.09441	0.04922	0.01342	0.02184	0.00490	0.00441	0.00135	0.00516	0.01937	0.00312	0.00626
47	0.01100	0.03436	0.09625	0.01244	0.11822	0.04953	0.13173	0.11564	0.10976	0.07280	0.03300	0.03803	0.06848	0.00744	0.06529	0.00178	0.02035	0.00481	0.00315	0.00595
48	0.00795	0.00590	0.00857	0.02478	0.00949	0.00573	0.09627	0.07035	0.02287	0.06979	0.05874	0.33630	0.14722	0.04897	0.04919	0.01748	0.00388	0.00841	0.00372	0.00440
49	0.03855	0.03914	0.25617	0.01429	0.18735	0.04643	0.09895	0.03800	0.06648	0.04545	0.02349	0.02612	0.03798	0.00572	0.03026	0.00153	0.01917	0.01630	0.00257	0.00603
50	0.07001	0.02402	0.18312	0.03123	0.17295	0.10158	0.09319	0.09748	0.02584	0.07914	0.00946	0.03632	0.00748	0.01584	0.00460	0.00137	0.02110	0.00395	0.01527	0.00607
51	0.01148	0.02989	0.15850	0.05287	0.22796	0.03404	0.01060	0.11396	0.11203	0.02798	0.05302	0.05133	0.06967	0.00646	0.00491	0.00159	0.00506	0.01850	0.00345	0.00669
52	0.04745	0.00622	0.00689	0.02294	0.08107	0.05325	0.00515	0.00918	0.04207	0.02835	0.12957	0.17361	0.30992	0.02074	0.00502	0.00148	0.00305	0.01659	0.03316	0.00430
53	0.01187	0.04739	0.19543	0.10362	0.09591	0.12976	0.06237	0.07113	0.07636	0.10592	0.01006	0.02707	0.00767	0.00551	0.02992	0.00149	0.00579	0.00388	0.00278	0.00605
54	0.01109	0.13454	0.29275	0.01112	0.02847	0.11801	0.09869	0.10737	0.02306	0.02949	0.00931	0.02678	0.01822	0.06639	0.00537	0.00148	0.00580	0.00383	0.00245	0.00579
55	0.00711	0.00542	0.00699	0.00726	0.02297	0.00558	0.01621	0.09722	0.02476	0.01325	0.04763	0.53472	0.06288	0.03240	0.01999	0.00181	0.04394	0.04185	0.00384	0.00417
56	0.01015	0.03268	0.43854	0.01255	0.07624	0.06182	0.06765	0.10410	0.05745	0.01502	0.01048	0.05179	0.03245	0.00495	0.00428	0.00136	0.00572	0.00412	0.00250	0.00617
57	0.02413	0.07723	0.12648	0.06441	0.08606	0.15430	0.08157	0.06585	0.08603	0.12209	0.02222	0.04222	0.00882	0.00498	0.00421	0.00131	0.00540	0.01370	0.00298	0.00599
58	0.00979	0.07424	0.19750	0.02992	0.14254	0.02602	0.22719	0.03496	0.02513	0.02809	0.02620	0.09933	0.00943	0.00525	0.00495	0.00140	0.04492	0.00489	0.00245	0.00579
59	0.00657	0.00545	0.00663	0.02475	0.06703	0.03504	0.00508	0.02134	0.02290	0.01223	0.09674	0.34584	0.22010	0.02226	0.04615	0.01744	0.00342	0.03331	0.00369	0.00402
60	0.01156	0.04327	0.29528	0.02742	0.06201	0.06448	0.03640	0.19077	0.09530	0.05113	0.02600	0.02820	0.02373	0.00509	0.00427	0.00135	0.00528	0.01910	0.00302	0.00633
61	0.01084	0.11068	0.21736	0.03315	0.11036	0.02450	0.09985	0.08639	0.06565	0.08027	0.01153	0.06590	0.03158	0.02735	0.00472	0.00141	0.00513	0.00449	0.00282	0.00603
62	0.02173	0.02016	0.06676	0.03853	0.12597	0.07720	0.05052	0.03990	0.02034	0.07180	0.08708	0.26798	0.06350	0.00801	0.00475	0.00146	0.00414	0.02174	0.00339	0.00503
63	0.01017	0.06012	0.18567	0.02899	0.13095	0.07847	0.13680	0.05383	0.08156	0.02655	0.05550	0.06324	0.04036	0.02300	0.00478	0.00141	0.00528	0.00479	0.00275	0.00578
64	0.01192	0.12291	0.14769	0.07199	0.08731	0.06876	0.05137	0.10797	0.06396	0.11770	0.02448	0.04557	0.03194	0.00516	0.00437	0.00131	0.02233	0.00421	0.00301	0.00605
65	0.01155	0.05593	0.22518	0.06120	0.15334	0.07946	0.07325	0.06812	0.04442	0.11286	0.01062	0.04068	0.02053	0.01851	0.00454	0.00137	0.00542	0.00412	0.00277	0.00615
66	0.03025	0.02039	0.00785	0.04823	0.01829	0.10003	0.01759	0.05853	0.02014	0.01223	0.04444	0.24287	0.15582	0.10750	0.06237	0.00216	0.03658	0.00731	0.00327	0.00416
67	0.01084	0.12056	0.24164	0.07444	0.13553	0.14342	0.03332	0.02565	0.06104	0.03448	0.03361	0.03445	0.00846	0.00477	0.00409	0.00129	0.00560	0.01852	0.00243	0.00585
68	0.01134	0.06196	0.19366	0.09108	0.18220	0.06565	0.05768	0.15794	0.05484	0.02744	0.02313	0.01116	0.02002	0.00458	0.00437	0.00132	0.01888	0.00382	0.00267	0.00624
69	0.00923	0.04067	0.18583	0.04219	0.09820	0.02877	0.09216	0.07009	0.05770	0.03881	0.01460	0.22451	0.04830	0.02309	0.00495	0.00150	0.00469	0.00624	0.00301	0.00544
70	0.02004	0.04356	0.09640	0.00995	0.10739	0.05659	0.02075	0.04805	0.11950	0.04188	0.09599	0.14487	0.11755	0.02302	0.00504	0.01407	0.00393	0.00619	0.02003	0.00522
71	0.01161	0.06065	0.09603	0.07670	0.12064	0.12565	0.10021	0.14791	0.05438	0.03781	0.02549	0.03640	0.03296	0.00588	0.02684	0.00148	0.00561	0.02503	0.00287	0.00588
72	0.02590	0.04232	0.26160	0.02531	0.06068	0.05122	0.17647	0.10304	0.06120	0.07528	0.01049	0.04784	0.00834	0.00492	0.00440	0.00138	0.00564	0.02503	0.00280	0.00615
73	0.00929	0.04968	0.01260	0.08107	0.33123	0.03531	0.02242	0.02526	0.02137	0.02758	0.01200	0.10465	0.02805	0.12100	0.03777	0.00196	0.02819	0.02593	0.01938	0.00524
74	0.02476	0.20772	0.17260	0.01308	0.18571	0.07367	0.02507	0.05902	0.06982	0.06688	0.03128	0.02421	0.00814	0.00456	0.00403	0.00124	0.01580	0.00363	0.00262	0.00615
75	0.06346	0.07321	0.05345	0.01151	0.07099	0.06073	0.15493	0.15036	0.08040	0.08144	0.02905	0.07570	0.02090	0.00572	0.00441	0.00138	0.00491	0.04825	0.00328	0.00590
76	0.00957	0.05409	0.34672	0.05494	0.16513	0.00978	0.06670	0.03022	0.07703	0.03936	0.04022	0.04586	0.03154	0.00495	0.00430	0.00136	0.00529	0.00432	0.00254	0.00611
77	0.02946	0.00810	0.08772	0.00775	0.05984	0.06014	0.00609	0.03957	0.01048	0.06661	0.11567	0.10600	0.35725	0.00891	0.01592	0.00149	0.00351	0.00718	0.00368	0.00464
78	0.02827	0.06171	0.16606	0.03901	0.13307	0.09269	0.09370	0.03011	0.04612	0.14759	0.01054	0.01162	0.03128	0.00485	0.00514	0.00136	0.08414	0.00390	0.00278	0.00607
79	0.06061	0.08005	0.17359	0.03261	0.06888	0.02545	0.05772	0.15446	0.03232	0.18435	0.02471	0.02812	0.03515	0.00505	0.00430	0.00132	0.01759	0.00409	0.00332	0.00631
80	0.00611	0.00463	0.00571	0.00632	0.00670	0.02596	0.00435	0.00686	0.00828	0.02712	0.02229	0.67990	0.05587	0.06287	0.00689	0.00187	0.04997	0.01088	0.00378	0.00364
81	0.01003	0.01240	0.16640	0.15677	0.14146	0.07736	0.10710	0.05886	0.10857	0.01428	0.04088	0.06668	0.00974	0.00513	0.00444	0.00139	0.00542	0.00461	0.00267	0.00582
82	0.03409	0.04757	0.19109	0.02667	0.05779	0.06336	0.09681	0.09319	0.06981	0.15257	0.05650	0.04234	0.01009	0.00520	0.00464	0.00136	0.03325	0.00435	0.00320	0.00613
83	0.01084	0.01166	0.11499	0.04257	0.20694	0.01004	0.31974	0.04434	0.06982	0.07788	0.01067	0.02959	0.02115	0.00444	0.00462	0.00139	0.00576	0.00462	0.00267	0.00625
84	0.00604	0.00510	0.00553	0.00598	0.02110	0.04322	0.00416	0.00734	0.02630	0.01200	0.11206	0.35819	0.32456	0.02564	0.02092	0.00169	0.00284	0.00960	0.00391	0.00380
85	0.01121	0.13886	0.28468	0.01153	0.07454	0.10517	0.05621	0.03981	0.03892	0.08905	0.02595	0.04389	0.02846	0.00502	0.00426	0.00130	0.01821	0.01436	0.00264	0.00594
86	0.06526	0.03475	0.14901	0.05922	0.14128	0.03541	0.09224	0.12005	0.11123	0.04754	0.02630	0.02358	0.02533	0.00515	0.00432	0.00138	0.00501	0.04385	0.00300	0.00609
87	0.02114	0.00842	0.05853	0.02425	0.09416	0.02280	0.05768	0.11063	0.05962	0.11131	0.01607	0.25052	0.03118	0.02347	0.02628	0.00169	0.01531	0.04541	0.01615	0.00540
88	0.00988	0.05975	0.13930	0.07333	0.09173	0.07024	0.13090	0.06472	0.05079	0.03575	0.10657	0.06532	0.07141	0.00582	0.00449	0.00136	0.00497	0.00517	0.00296	0.00553
89	0.02448	0.14581	0.23403	0.01163	0.08360	0.08351	0.07799	0.06574	0.06733	0.07494	0.03627	0.02338	0.04306	0.00485	0.00409	0.00128	0.00525	0.00398	0.00275	0.00602
90	0.01075	0.01482	0.32086	0.03936	0.11954	0.04254	0.06091	0.11693	0.08506	0.04842	0.05008	0.02376	0.00897	0.00489	0.00465	0.00137	0.03398	0.00406	0.00278	0.00628
91	0.02313	0.00973	0.04819	0.00969	0.08700	0.16018	0.00701	0.05774	0.02059	0.05486	0.06186	0.20657	0.11976	0.02310	0.00562	0.00151	0.05824	0.03705	0.00334	0.00484
92	0.02752	0.04160	0.19226	0.03403	0.16565	0.05451	0.04269	0.12989	0.04361	0.12820	0.04656	0.05421	0.00979	0.00512	0.00428	0.00133	0.00500	0.00433	0.00313	0.00630
93	0.01133	0.06290	0.24944	0.01363	0.15865	0.04475	0.08830	0.09008	0.08379	0.08971	0.01152	0.02416	0.04275	0.00480	0.00427	0.00133	0.00528	0.00413	0.00285	0.00635
94	0.00927	0.05116	0.02218	0.02349	0.13343	0.01886	0.03587	0.07537	0.07567	0.05104	0.08056	0.23644	0.04060	0.02439	0.01872	0.00163	0.07621	0.01655	0.00339	0.00517
95	0.04196	0.09514	0.15650	0.05014	0.08856	0.07588	0.07132	0.08434	0.10026	0.07292	0.06904	0.01394	0.03051	0.00512	0.00421	0.00132	0.00498	0.02489	0.00302	0.00594
96	0.02602	0.10122	0.14309	0.04027	0.11317	0.04609	0.07677	0.05854	0.10471	0.12541	0.03397	0.06692	0.01022	0.02897	0.00473	0.00141	0.00485	0.00452	0.00309	0.00602
97	0.01179	0.03474	0.25849	0.01414	0.12644	0.01037	0.12528	0.06311	0.09469	0.06929	0.03728	0.03260	0.06548	0.00637	0.00515	0.00168	0.00565	0.02708	0.00345	0.00693
98	0.00645	0.00524	0.00603	0.03222	0.00764	0.02023	0.00457	0.04147	0.03098	0.01274	0.10656	0.25122	0.33045	0.02702	0.03677	0.00179	0.02910	0.02916	0.01639	0.00398
99	0.01251	0.09619	0.25131	0.02491	0.05035	0.07258	0.09574	0.03083	0.04271	0.21493	0.02147	0.01202	0.02989	0.00473	0.00437	0.00132	0.02097	0.00390	0.00303	0.00626
100	0.01191	0.04348	0.25285	0.04652	0.07406	0.11351	0.06471	0.18355	0.05653	0.04807	0.03647	0.01165	0.02781	0.00478	0.00424	0.00131	0.00557	0.00389	0.00288	0.00622
101	0.00797	0.04833	0.00837	0.00805	0.04550	0.02026	0.02218	0.10048	0.01007	0.02797	0.03544	0.45786	0.02118	0.02494	0.03688	0.00185	0.01445	0.08681	0.01698	0.00442
102	0.01089	0.03762	0.04190	0.10077	0.25181	0.12291	0.11965	0.03520	0.10248	0.02995	0.02750	0.03371	0.03122	0.00533	0.01884	0.00143	0.01590	0.00438	0.00264	0.00588
103	0.02327	0.06265	0.20092	0.04171	0.13003	0.05126	0.08406	0.18922	0.08066	0.07982	0.00982	0.01071	0.00723	0.00450	0.00420	0.00131	0.00536	0.00378	0.00297	0.00651
104	0.01025	0.06088	0.20384	0.03842	0.26438	0.01074	0.17137	0.04185	0.07038	0.02580	0.00916	0.02810	0.00731	0.00441	0.00468	0.00136	0.03433	0.00411	0.00237	0.00627
105	0.00806	0.00695	0.00681	0.00685	0.02729	0.10637	0.00493	0.03768	0.04097	0.05077	0.14366	0.23512	0.27818	0.00965	0.00495	0.00146	0.00323	0.01881	0.00393	0.00434
106	0.05387	0.08796	0.22096	0.03189	0.09876	0.00977	0.06532	0.10755	0.02154	0.13879	0.02612	0.08538	0.00977	0.00538	0.00423	0.00135	0.00487	0.01730	0.00307	0.00611
107	0.05004	0.06571	0.19651	0.05326	0.12703	0.02725	0.10926	0.11499	0.04431	0.10948	0.01069	0.04074	0.02187	0.00479	0.00423	0.00134	0.00521	0.00415	0.00290	0.00623
108	0.00804	0.00586	0.00810	0.00912	0.08349	0.01988	0.02292	0.03560	0.02446	0.06665	0.01960	0.30702	0.03284	0.02944	0.06625	0.00214	0.00424	0.24619	0.00370	0.00447
109	0.02865	0.06807	0.21666	0.06499	0.22062	0.06243	0.07359	0.06996	0.03636	0.03959	0.02879	0.05338	0.00847	0.00476	0.00423	0.00132	0.00540	0.00415	0.00253	0.00608
110	0.04380	0.05962	0.39575	0.01080	0.04580	0.01933	0.05339	0.02865	0.04710	0.07733	0.03720	0.10297	0.03253	0.00558	0.00425	0.00137	0.00506	0.00469	0.00274	0.02202
111	0.03464	0.22243	0.28483	0.03414	0.12427	0.03540	0.01063	0.04535	0.00976	0.03371	0.04147	0.06752	0.02837	0.00503	0.00392	0.00126	0.00503	0.00403	0.00241	0.00580
112	0.00905	0.02171	0.08110	0.02481	0.01014	0.07408	0.02743	0.10583	0.03529	0.04313	0.27247	0.11072	0.11079	0.00782	0.00473	0.00139	0.00368	0.02898	0.02195	0.00490
113	0.04072	0.03427	0.15957	0.01146	0.10117	0.04764	0.03648	0.14993	0.14411	0.16568	0.01208	0.02716	0.00911	0.02120	0.00458	0.00140	0.00477	0.01868	0.00349	0.00650
114	0.02404	0.01018	0.13170	0.07606	0.23998	0.00834	0.12599	0.01226	0.02386	0.07198	0.02543	0.16622	0.02438	0.00627	0.00465	0.00145	0.00488	0.03383	0.00283	0.00566
115	0.00837	0.00741	0.01028	0.01368	0.31194	0.03901	0.00777	0.02508	0.02609	0.02788	0.07357	0.17227	0.20443	0.00808	0.00481	0.00144	0.00373	0.04573	0.00332	0.00510
116	0.01203	0.14240	0.22500	0.01299	0.17214	0.04839	0.02725	0.08181	0.05066	0.12973	0.01054	0.01121	0.03000	0.00451	0.00401	0.00125	0.00508	0.00366	0.00282	0.02450
117	0.06013	0.09253	0.13370	0.05680	0.31339	0.03096	0.11386	0.04464	0.01015	0.09086	0.00868	0.01033	0.00664	0.00407	0.00411	0.00129	0.00537	0.00369	0.00247	0.00630
118	0.00580	0.00397	0.00524	0.00598	0.00635	0.00378	0.00405	0.00658	0.00816	0.03218	0.02226	0.66370	0.04150	0.09573	0.05339	0.00226	0.00323	0.02848	0.00380	0.00355
119	0.00939	0.01691	0.46858	0.01588	0.19450	0.00999	0.13007	0.03788	0.00972	0.01406	0.00878	0.04861	0.00704	0.00444	0.00435	0.00137	0.00599	0.00405	0.00212	0.00628
120	0.02492	0.03202	0.19927	0.02515	0.18720	0.10520	0.20644	0.09137	0.02167	0.03746	0.02312	0.01062	0.00707	0.00421	0.00435	0.00132	0.00604	0.00392	0.00246	0.00619
121	0.00943	0.14444	0.59025	0.01256	0.04924	0.01120	0.08224	0.02872	0.00938	0.01341	0.00762	0.00907	0.00565	0.00400	0.00399	0.00130	0.00610	0.00325	0.00191	0.00623
122	0.00793	0.00557	0.00617	0.00587	0.00714	0.01962	0.00438	0.09991	0.04745	0.02522	0.20226	0.19894	0.12409	0.02741	0.00494	0.00143	0.00268	0.00732	0.19728	0.00440
123	0.01112	0.01137	0.01642	0.02233	0.59634	0.10809	0.02795	0.01330	0.00965	0.01313	0.00760	0.01016	0.00650	0.00442	0.00562	0.00135	0.12251	0.00373	0.00211	0.00629
124	0.01137	0.14919	0.39603	0.01146	0.01617	0.14709	0.08022	0.08261	0.02504	0.03063	0.00796	0.00910	0.00598	0.00420	0.00396	0.00126	0.00615	0.00325	0.00225	0.00607
125	0.01004	0.00977	0.01700	0.19662	0.56085	0.01026	0.07619	0.01269	0.00947	0.01327	0.00797	0.01087	0.00653	0.00406	0.00470	0.00135	0.03613	0.00393	0.00208	0.00623
126	0.02403	0.00873	0.01603	0.01214	0.01513	0.00841	0.38361	0.04457	0.05279	0.09802	0.17865	0.03831	0.02473	0.00750	0.06551	0.00182	0.00558	0.00566	0.00332	0.00547
127	0.00595	0.00535	0.06542	0.00643	0.00733	0.00420	0.00494	0.01804	0.00878	0.02792	0.05093	0.68332	0.07063	0.01222	0.00532	0.00168	0.00280	0.01098	0.00390	0.00387
128	0.00894	0.01031	0.07745	0.01353	0.01700	0.00898	0.46975	0.03196	0.06075	0.01375	0.01612	0.10765	0.13124	0.00602	0.00499	0.00148	0.00561	0.00629	0.00282	0.00537
129	0.00518	0.00435	0.00450	0.00449	0.00588	0.00367	0.00336	0.00634	0.00999	0.01211	0.10981	0.05871	0.73531	0.01079	0.00510	0.00145	0.00218	0.00905	0.00406	0.00367
130	0.77534	0.00812	0.00685	0.00613	0.00873	0.00926	0.02088	0.01263	0.00771	0.03973	0.00757	0.01034	0.00633	0.00461	0.00300	0.00138	0.00347	0.06039	0.00282	0.00471
131	0.01093	0.01069	0.01680	0.02471	0.73723	0.05074	0.01263	0.01395	0.05423	0.01412	0.00855	0.01082	0.00711	0.00398	0.00425	0.00128	0.00515	0.00384	0.00226	0.00673
132	0.00525	0.00375	0.00500	0.00600	0.00625	0.00350	0.00400	0.00600	0.00825	0.01100	0.02374	0.84580	0.02849	0.01350	0.00550	0.00175	0.00250	0.01225	0.00400	0.00350
133	0.00836	0.00789	0.01333	0.76511	0.10104	0.00963	0.01208	0.01121	0.00872	0.01128	0.00770	0.01141	0.00584	0.00426	0.00430	0.00142	0.00569	0.00383	0.00193	0.00497
134	0.00993	0.00962	0.01317	0.01121	0.01146	0.01321	0.00933	0.06881	0.00760	0.01160	0.00600	0.00949	0.00578	0.00737	0.01342	0.00184	0.77943	0.00378	0.00206	0.00490
135	0.00864	0.02228	0.82630	0.01228	0.01864	0.01000	0.01592	0.01364	0.00909	0.01364	0.00773	0.00909	0.00546	0.00409	0.00409	0.00136	0.00637	0.00318	0.00182	0.00637
136	0.01778	0.00914	0.01022	0.00818	0.01127	0.10173	0.00662	0.04637	0.08986	0.61299	0.01610	0.01433	0.02425	0.00537	0.00430	0.00132	0.00412	0.00427	0.00483	0.00695
137	0.00530	0.00437	0.00465	0.00458	0.00594	0.00372	0.00344	0.00658	0.01031	0.01279	0.20265	0.03955	0.66026	0.01048	0.00509	0.00143	0.00215	0.00882	0.00415	0.00372
138	0.00583	0.00498	0.00569	0.00627	0.06592	0.00443	0.00423	0.00755	0.03945	0.01274	0.13528	0.03713	0.63530	0.00995	0.00500	0.00143	0.00242	0.00839	0.00397	0.00404
139	0.00526	0.00381	0.00497	0.00587	0.00622	0.00352	0.00395	0.00606	0.00845	0.01118	0.04305	0.76857	0.08680	0.01320	0.00546	0.00172	0.00247	0.01191	0.00402	0.00352
140	0.01611	0.01991	0.01226	0.01101	0.01332	0.77135	0.00831	0.07514	0.01280	0.01176	0.00693	0.00796	0.00568	0.00449	0.00392	0.00112	0.00755	0.00286	0.00237	0.00516
141	0.00881	0.03734	0.75221	0.01261	0.01878	0.01020	0.07369	0.01364	0.00917	0.01359	0.00777	0.00924	0.00554	0.00405	0.00414	0.00136	0.00640	0.00331	0.00185	0.00631
142	0.00944	0.00947	0.01347	0.01146	0.01156	0.01314	0.02730	0.01044	0.00668	0.01044	0.00572	0.00947	0.00567	0.00745	0.01393	0.00188	0.82203	0.00380	0.00189	0.00474
143	0.00525	0.00375	0.00500	0.00600	0.00625	0.00350	0.00400	0.00600	0.00825	0.01100	0.02374	0.84580	0.02849	0.01350	0.00550	0.00175	0.00250	0.01225	0.00400	0.00350
144	0.01055	0.00935	0.01115	0.02586	0.03855	0.01058	0.06573	0.02142	0.69876	0.01735	0.01649	0.01608	0.01253	0.00570	0.00446	0.00146	0.00380	0.01941	0.00409	0.00665
145	0.01106	0.01099	0.01710	0.02531	0.76247	0.07044	0.01286	0.01351	0.00998	0.01381	0.00800	0.01045	0.00673	0.00388	0.00424	0.00127	0.00531	0.00376	0.00214	0.00669
146	0.01851	0.00831	0.01056	0.00813	0.01146	0.00783	0.00671	0.17444	0.03645	0.64643	0.01571	0.01386	0.01008	0.00531	0.00433	0.00133	0.00387	0.00426	0.00511	0.00732
147	0.00550	0.00392	0.00525	0.00622	0.00656	0.00371	0.00435	0.00639	0.00841	0.01117	0.02333	0.71713	0.02764	0.03681	0.00602	0.00185	0.00274	0.11551	0.00396	0.00354
148	0.07747	0.00916	0.01352	0.04434	0.14831	0.00921	0.12801	0.08527	0.12706	0.27649	0.01274	0.02934	0.00920	0.00491	0.00434	0.00137	0.00454	0.00439	0.00375	0.00657
149	0.00648	0.00470	0.00658	0.00780	0.03092	0.00462	0.00613	0.00806	0.00935	0.01229	0.02271	0.31587	0.02553	0.01221	0.00575	0.00188	0.00350	0.50781	0.00393	0.00389
150	0.00533	0.00405	0.00493	0.00548	0.00621	0.00364	0.00387	0.00635	0.00917	0.01184	0.10317	0.48626	0.28408	0.01218	0.00534	0.00163	0.00240	0.03638	0.00407	0.00361
151	0.01048	0.01011	0.01741	0.07842	0.74829	0.01021	0.03547	0.01309	0.00974	0.01387	0.00809	0.01074	0.00675	0.00386	0.00429	0.00129	0.00522	0.00387	0.00212	0.00666
152	0.01058	0.01067	0.01909	0.13064	0.30218	0.03370	0.30953	0.04218	0.02508	0.02624	0.00852	0.01115	0.00668	0.00410	0.00498	0.00139	0.04066	0.00430	0.00228	0.00606
153	0.08705	0.09117	0.05912	0.01086	0.05599	0.09322	0.07507	0.32387	0.01387	0.07808	0.01005	0.01069	0.02963	0.00487	0.00444	0.00129	0.03745	0.00373	0.00327	0.00629
154	0.10805	0.01254	0.03438	0.00945	0.01238	0.13735	0.00776	0.45858	0.07453	0.02144	0.01033	0.05292	0.00819	0.00544	0.00439	0.00132	0.02691	0.00402	0.00367	0.00635
155	0.07779	0.34154	0.12863	0.00888	0.01264	0.05717	0.00856	0.22308	0.05891	0.03323	0.00831	0.00886	0.00648	0.00436	0.00353	0.00116	0.00487	0.00306	0.00279	0.00614
156	0.04313	0.02922	0.02727	0.01042	0.04284	0.10021	0.02237	0.47699	0.15216	0.03565	0.01089	0.01094	0.00799	0.00504	0.00420	0.00130	0.00486	0.00386	0.00385	0.00680

[dist]
# distance from previous block
# <min> <max>
0	3

[block]
# block no. 4 follows, 61 sequences, length 54
# corresponding to MSA columns:
# 768-821
name=unknown_E
#
# <colnr> <probs for GDERKNQSTAVLIFYWHMCP>
#	G	D	E	R	K	N	Q	S	T	A	V	L	I	F	Y	W	H	M	C	P
0	0.01033	0.04298	0.52928	0.01378	0.12540	0.13005	0.01379	0.03793	0.00990	0.01347	0.00760	0.00910	0.00572	0.00423	0.00433	0.00132	0.02940	0.00322	0.00200	0.00619
1	0.01325	0.01197	0.01275	0.01046	0.01332	0.14726	0.09986	0.26693	0.27898	0.03643	0.01274	0.04367	0.00998	0.00550	0.00442	0.00136	0.00498	0.01598	0.00375	0.00640
2	0.00589	0.00439	0.00546	0.00520	0.00631	0.00397	0.00390	0.00772	0.01169	0.01609	0.65637	0.03413	0.20449	0.00925	0.00508	0.00138	0.00206	0.00806	0.00459	0.00397
3	0.01152	0.85121	0.02257	0.00737	0.01106	0.01704	0.00737	0.01290	0.00875	0.01013	0.00599	0.00691	0.00553	0.00369	0.00276	0.00092	0.00461	0.00230	0.00184	0.00553
4	0.01032	0.00945	0.01594	0.19187	0.60873	0.00979	0.01246	0.01288	0.00966	0.04327	0.00923	0.01175	0.02717	0.00417	0.00430	0.00132	0.00512	0.00399	0.00225	0.00634
5	0.00866	0.04556	0.72903	0.01216	0.01810	0.00999	0.05431	0.01331	0.00910	0.01344	0.00839	0.04356	0.00646	0.00444	0.00416	0.00137	0.00620	0.00362	0.00193	0.00620
6	0.00525	0.00375	0.00500	0.00600	0.00625	0.00350	0.00400	0.00600	0.00825	0.01100	0.02374	0.84580	0.02849	0.01350	0.00550	0.00175	0.00250	0.01225	0.00400	0.00350
7	0.00530	0.00436	0.00466	0.00466	0.00599	0.00372	0.00349	0.00655	0.01016	0.01258	0.17350	0.06966	0.64690	0.01067	0.00512	0.00146	0.00220	0.02120	0.00412	0.00371
