[name]
unknown

[dist]
# distance from previous block
# <min> <max>
0	45

[block]
# block no. 0 follows, 60 sequences, length 15
# corresponding to MSA columns:
# 51-64,73
name=unknown_A
#
# <colnr> <probs for GDERKNQSTAVLIFYWHMCP>
#	G	D	E	R	K	N	Q	S	T	A	V	L	I	F	Y	W	H	M	C	P
0	0.00703	0.00502	0.00703	0.00803	0.00904	0.00502	0.00703	0.00904	0.01004	0.01305	0.02309	0.04920	0.02510	0.01205	0.00602	0.00201	0.00402	0.79016	0.00402	0.00402
1	0.01198	0.79289	0.02217	0.00768	0.01135	0.04388	0.00752	0.04079	0.00938	0.01087	0.00624	0.00715	0.00566	0.00381	0.00289	0.00095	0.00477	0.00240	0.00197	0.00564
2	0.00635	0.00453	0.00574	0.00631	0.00686	0.00442	0.00447	0.05014	0.00915	0.01217	0.05469	0.51757	0.04269	0.13546	0.00799	0.00212	0.00308	0.11866	0.00389	0.00371
3	0.00568	0.00418	0.00522	0.00576	0.00641	0.00387	0.00410	0.00674	0.00918	0.01205	0.13241	0.41680	0.18267	0.09211	0.00707	0.00192	0.00273	0.09350	0.00401	0.00361
4	0.78627	0.00906	0.00693	0.00614	0.00885	0.05425	0.00501	0.01351	0.00795	0.06058	0.00668	0.00753	0.00509	0.00414	0.00285	0.00134	0.00364	0.00249	0.00281	0.00488
5	0.01048	0.51535	0.34655	0.00947	0.01430	0.01438	0.01096	0.01336	0.00900	0.01170	0.00678	0.00789	0.00557	0.00390	0.00334	0.00111	0.00538	0.00269	0.00186	0.00594
6	0.00524	0.00442	0.00453	0.00451	0.00594	0.00372	0.00338	0.00642	0.01014	0.01225	0.10708	0.04121	0.75456	0.01087	0.00515	0.00146	0.00220	0.00910	0.00411	0.00372
7	0.00604	0.00445	0.00564	0.00535	0.00643	0.00406	0.00401	0.00797	0.01203	0.01674	0.71555	0.03381	0.14329	0.00920	0.00515	0.00139	0.00208	0.00806	0.00470	0.00406
8	0.00875	0.02256	0.82413	0.01243	0.01888	0.01013	0.01611	0.01381	0.00921	0.01381	0.00783	0.00921	0.00552	0.00414	0.00414	0.00138	0.00645	0.00322	0.00184	0.00645
9	0.00964	0.00933	0.01499	0.26686	0.33629	0.01107	0.01184	0.01183	0.00858	0.01217	0.00732	0.01067	0.00622	0.00516	0.00736	0.00153	0.25763	0.00386	0.00202	0.00564
10	0.01066	0.43430	0.37549	0.00988	0.01472	0.06362	0.01134	0.01366	0.00923	0.01185	0.00688	0.00802	0.00557	0.00396	0.00346	0.00114	0.00564	0.00275	0.00188	0.00594
11	0.00903	0.00742	0.00806	0.00706	0.00930	0.02327	0.00546	0.02973	0.31623	0.03791	0.18022	0.04364	0.14231	0.00700	0.00450	0.00131	0.00304	0.00590	0.00410	0.15452
12	0.04704	0.11029	0.22435	0.00902	0.01251	0.00969	0.02449	0.10605	0.11262	0.07291	0.06280	0.12328	0.02699	0.00666	0.01773	0.00146	0.00453	0.00513	0.00330	0.01913
13	0.01346	0.07018	0.15855	0.00908	0.01270	0.09716	0.02791	0.06425	0.05755	0.25914	0.05917	0.02706	0.01048	0.01841	0.00443	0.00129	0.00470	0.00407	0.00358	0.09685
14	0.01097	0.10767	0.03963	0.00726	0.01068	0.03721	0.00619	0.07354	0.03267	0.10505	0.07244	0.01330	0.05387	0.00469	0.00374	0.00098	0.00371	0.00372	0.00321	0.40949

[dist]
# distance from previous block
# <min> <max>
6	36

[block]
# block no. 1 follows, 60 sequences, length 6
# corresponding to MSA columns:
# 110-115
name=unknown_B
#
# <colnr> <probs for GDERKNQSTAVLIFYWHMCP>
#	G	D	E	R	K	N	Q	S	T	A	V	L	I	F	Y	W	H	M	C	P
0	0.02422	0.16849	0.02558	0.00933	0.06214	0.05935	0.01988	0.10456	0.17718	0.04155	0.04377	0.12997	0.02600	0.02045	0.00451	0.00136	0.00414	0.01775	0.00340	0.05637
1	0.18029	0.00950	0.00999	0.03802	0.03283	0.05888	0.02461	0.19200	0.17793	0.03945	0.01317	0.15880	0.01177	0.00656	0.00451	0.00145	0.02554	0.00530	0.00364	0.00575
2	0.53009	0.15735	0.01005	0.00636	0.00945	0.01029	0.00546	0.01370	0.00846	0.11526	0.00760	0.00822	0.00580	0.00407	0.00298	0.00120	0.00363	0.00263	0.00287	0.09453
3	0.00620	0.00434	0.00493	0.00503	0.00540	0.00421	0.00321	0.00660	0.00736	0.00952	0.02010	0.03305	0.15899	0.61272	0.01751	0.00351	0.00385	0.08745	0.00303	0.00297
4	0.01064	0.00817	0.01071	0.01022	0.15391	0.00669	0.00678	0.01266	0.00962	0.11277	0.00898	0.01006	0.00707	0.00361	0.00356	0.00085	0.00363	0.00303	0.00285	0.61417
5	0.01094	0.15377	0.19602	0.11512	0.21245	0.01099	0.06450	0.03290	0.03855	0.08647	0.03178	0.01114	0.00778	0.00434	0.00412	0.00130	0.00531	0.00376	0.00252	0.00624

[dist]
# distance from previous block
# <min> <max>
1	7

[block]
# block no. 2 follows, 60 sequences, length 15
# corresponding to MSA columns:
# 123-137
name=unknown_C
#
# <colnr> <probs for GDERKNQSTAVLIFYWHMCP>
#	G	D	E	R	K	N	Q	S	T	A	V	L	I	F	Y	W	H	M	C	P
0	0.00995	0.00935	0.02943	0.21325	0.45049	0.00962	0.03053	0.01318	0.05904	0.03240	0.03632	0.01241	0.00843	0.00564	0.04229	0.00160	0.00542	0.00412	0.00242	0.02410
1	0.04057	0.00814	0.06581	0.00792	0.05328	0.04402	0.00618	0.03873	0.05781	0.05399	0.20644	0.07338	0.16259	0.00729	0.00452	0.00130	0.00339	0.02003	0.00370	0.14090
2	0.01556	0.01185	0.01387	0.07297	0.01534	0.01308	0.05760	0.69625	0.01899	0.02542	0.01016	0.01064	0.00725	0.00507	0.00441	0.00133	0.00503	0.00400	0.00405	0.00713
3	0.01347	0.02926	0.01311	0.27930	0.07669	0.09340	0.00963	0.27601	0.04057	0.11105	0.00998	0.01123	0.00723	0.00479	0.00429	0.00134	0.00529	0.00385	0.00327	0.00625
4	0.00800	0.00452	0.00605	0.00582	0.00608	0.00461	0.00389	0.06620	0.00694	0.00926	0.00907	0.01621	0.00928	0.18672	0.01716	0.62720	0.00396	0.00433	0.00224	0.00247
5	0.01011	0.00958	0.01577	0.24207	0.53678	0.01023	0.01247	0.01365	0.08025	0.01377	0.00892	0.01150	0.00718	0.00419	0.00434	0.00135	0.00520	0.00398	0.00230	0.00636
6	0.01052	0.00961	0.03557	0.04376	0.08840	0.00931	0.29678	0.09184	0.07764	0.06393	0.08905	0.02954	0.01267	0.06895	0.00627	0.00166	0.01432	0.04129	0.00316	0.00573
7	0.00935	0.00843	0.01449	0.60605	0.16742	0.00973	0.05855	0.01219	0.00921	0.05095	0.00835	0.01164	0.00629	0.00429	0.00440	0.00142	0.00569	0.00398	0.00216	0.00539
8	0.00848	0.00734	0.01077	0.04714	0.01166	0.03076	0.15011	0.07005	0.05677	0.02522	0.02804	0.33531	0.01726	0.11088	0.00747	0.00188	0.03487	0.00775	0.00334	0.03488
9	0.16804	0.07462	0.06343	0.08641	0.12204	0.02048	0.23023	0.03590	0.06074	0.04222	0.00915	0.02004	0.00726	0.00473	0.01357	0.00144	0.01433	0.01701	0.00258	0.00579
10	0.13385	0.02220	0.14139	0.02692	0.18400	0.00937	0.12198	0.03718	0.03809	0.14607	0.01105	0.01200	0.03691	0.00450	0.00414	0.00132	0.00490	0.00396	0.00295	0.05720
11	0.01082	0.01107	0.04061	0.05471	0.46984	0.07289	0.08650	0.04428	0.02459	0.01458	0.05586	0.01188	0.00880	0.00427	0.00433	0.00127	0.00528	0.00406	0.00246	0.07188
12	0.08127	0.01003	0.01346	0.18167	0.27485	0.08338	0.04658	0.03617	0.03945	0.04467	0.01028	0.01210	0.04580	0.00449	0.00413	0.00127	0.00502	0.00390	0.00257	0.09891
13	0.07746	0.05804	0.01298	0.04355	0.08749	0.03638	0.14137	0.04129	0.09686	0.08473	0.08153	0.11139	0.03968	0.00605	0.00443	0.00136	0.00437	0.00543	0.00332	0.06229
14	0.04891	0.01256	0.06992	0.05068	0.11541	0.11937	0.18435	0.14843	0.08056	0.05224	0.00979	0.01141	0.00747	0.00451	0.00435	0.00132	0.00565	0.01458	0.00293	0.05557

[dist]
# distance from previous block
# <min> <max>
0	54

[block]
# block no. 3 follows, 60 sequences, length 53
# corresponding to MSA columns:
# 194-206,209-248
name=unknown_D
#
# <colnr> <probs for GDERKNQSTAVLIFYWHMCP>
#	G	D	E	R	K	N	Q	S	T	A	V	L	I	F	Y	W	H	M	C	P
0	0.01168	0.14043	0.07445	0.04645	0.09899	0.06640	0.03278	0.02657	0.12912	0.11797	0.04072	0.01235	0.02367	0.00471	0.00410	0.00119	0.01578	0.00381	0.00307	0.14575
1	0.01113	0.05165	0.12315	0.03210	0.09273	0.06742	0.02056	0.06741	0.11271	0.10417	0.07005	0.01397	0.02320	0.00821	0.09897	0.00192	0.00545	0.00419	0.00318	0.08784
2	0.01186	0.14524	0.16316	0.01311	0.15431	0.07630	0.07844	0.07023	0.04777	0.09180	0.02131	0.03715	0.00819	0.00462	0.00409	0.00125	0.00524	0.00389	0.00276	0.05929
3	0.11905	0.13773	0.12739	0.02665	0.04419	0.05157	0.01857	0.02529	0.02880	0.09837	0.04565	0.01090	0.01847	0.00433	0.00363	0.00111	0.00436	0.00332	0.00281	0.22779
4	0.01903	0.00727	0.08303	0.06207	0.08017	0.00622	0.01792	0.01032	0.05562	0.06006	0.06256	0.32068	0.04204	0.01126	0.07289	0.00204	0.00437	0.07420	0.00351	0.00475
5	0.08580	0.01129	0.01160	0.00938	0.01248	0.03121	0.00760	0.49848	0.24509	0.02381	0.01210	0.01179	0.00884	0.00532	0.00424	0.00136	0.00437	0.00406	0.00420	0.00699
6	0.00896	0.01995	0.70193	0.01155	0.01724	0.00930	0.01443	0.01345	0.00936	0.05378	0.02386	0.07860	0.00833	0.00507	0.00429	0.00141	0.00591	0.00412	0.00225	0.00621
7	0.01833	0.00818	0.03744	0.00800	0.01137	0.00701	0.00678	0.08490	0.01303	0.69206	0.05404	0.01513	0.01177	0.00551	0.00441	0.00135	0.00381	0.00447	0.00517	0.00723
8	0.00946	0.03407	0.56619	0.01450	0.07256	0.01055	0.18331	0.03330	0.00976	0.01415	0.00810	0.00985	0.00590	0.00405	0.00435	0.00138	0.00648	0.00368	0.00200	0.00637
9	0.01124	0.01088	0.06374	0.23021	0.26106	0.01090	0.09772	0.19972	0.02938	0.01655	0.00911	0.02345	0.00710	0.00451	0.00444	0.00137	0.00549	0.00414	0.00269	0.00630
10	0.00572	0.07396	0.00598	0.00470	0.00635	0.00481	0.00368	0.00688	0.00993	0.01185	0.06695	0.03878	0.72488	0.01037	0.00496	0.00142	0.00241	0.00859	0.00390	0.00385
11	0.00981	0.07255	0.01332	0.01070	0.01115	0.06826	0.00886	0.01079	0.00737	0.01054	0.00733	0.07791	0.00761	0.00763	0.01203	0.00177	0.65119	0.00434	0.00210	0.00475
12	0.00988	0.04886	0.09653	0.15597	0.07332	0.12217	0.19398	0.01243	0.00978	0.02324	0.01129	0.13300	0.01069	0.00607	0.00485	0.00146	0.02078	0.05794	0.00253	0.00524
13	0.00974	0.03417	0.71435	0.01219	0.01826	0.00997	0.04469	0.01442	0.00951	0.08033	0.00861	0.00973	0.00600	0.00422	0.00418	0.00137	0.00623	0.00338	0.00215	0.00649
14	0.01629	0.02079	0.01236	0.01124	0.01348	0.82921	0.00843	0.01742	0.01236	0.01067	0.00674	0.00787	0.00562	0.00449	0.00393	0.00112	0.00787	0.00281	0.00225	0.00506
15	0.00589	0.00458	0.00570	0.03918	0.00772	0.00435	0.00468	0.00754	0.03721	0.01238	0.09419	0.34534	0.27789	0.01157	0.00538	0.00166	0.00277	0.12406	0.00403	0.00387
16	0.01262	0.07624	0.29699	0.01271	0.10348	0.12876	0.05925	0.01613	0.05048	0.17309	0.00996	0.01065	0.00720	0.00450	0.00433	0.00131	0.01950	0.00361	0.00279	0.00639
17	0.00845	0.00730	0.01105	0.29204	0.17491	0.00801	0.00901	0.02844	0.07431	0.02839	0.08291	0.09837	0.09172	0.00816	0.05647	0.00179	0.00481	0.00572	0.00298	0.00516
18	0.00586	0.00437	0.00555	0.00620	0.00704	0.00406	0.00476	0.00718	0.00957	0.01239	0.09401	0.34284	0.22331	0.01215	0.00557	0.00174	0.00285	0.24269	0.00410	0.00376
19	0.04981	0.01074	0.04359	0.03790	0.14658	0.05810	0.12349	0.20013	0.01286	0.15710	0.01194	0.03176	0.00961	0.00549	0.00455	0.00141	0.00513	0.07999	0.00347	0.00634
20	0.06343	0.04705	0.02695	0.05290	0.13204	0.13984	0.14656	0.13803	0.02650	0.05694	0.00903	0.03448	0.00731	0.00499	0.00536	0.00138	0.09445	0.00406	0.00277	0.00593
21	0.00683	0.00488	0.00680	0.00781	0.00873	0.00485	0.00669	0.00870	0.00985	0.01283	0.02320	0.13973	0.02553	0.01223	0.00597	0.00198	0.00385	0.70155	0.00402	0.00396
22	0.01486	0.01156	0.01211	0.00972	0.01287	0.03141	0.00788	0.55269	0.25735	0.02433	0.01257	0.01215	0.00914	0.00542	0.00438	0.00136	0.00447	0.00420	0.00434	0.00721
23	0.01157	0.12395	0.20466	0.00998	0.01415	0.06417	0.09409	0.06231	0.03478	0.10874	0.02885	0.01084	0.00783	0.01558	0.00418	0.00119	0.00507	0.00353	0.00280	0.19174
24	0.02336	0.12226	0.45783	0.01290	0.07179	0.01088	0.11154	0.02786	0.02819	0.06978	0.00885	0.02026	0.00662	0.00428	0.00413	0.00133	0.00587	0.00363	0.00230	0.00633
25	0.00994	0.04472	0.39833	0.01486	0.02016	0.01065	0.38073	0.01412	0.00982	0.04226	0.00856	0.01052	0.00622	0.00396	0.00457	0.00141	0.00671	0.00413	0.00214	0.00619
26	0.00619	0.00525	0.00678	0.11437	0.07594	0.00506	0.00532	0.00752	0.00928	0.01163	0.05090	0.12639	0.45043	0.09760	0.00682	0.00178	0.00317	0.00811	0.00349	0.00398
27	0.00993	0.08179	0.30409	0.00951	0.01317	0.02022	0.03535	0.04197	0.04201	0.11249	0.02661	0.14831	0.04957	0.00699	0.00457	0.00147	0.00473	0.07836	0.00319	0.00566
28	0.01113	0.03296	0.12485	0.11893	0.11242	0.08731	0.26810	0.02913	0.01010	0.07398	0.00889	0.01148	0.00689	0.03344	0.00566	0.00150	0.05082	0.00419	0.00239	0.00583
29	0.00955	0.02060	0.71012	0.01187	0.01781	0.00997	0.01480	0.01501	0.07544	0.06086	0.00919	0.01011	0.00647	0.00436	0.00418	0.00139	0.00604	0.00343	0.00226	0.00654
30	0.00903	0.00857	0.01482	0.47314	0.26011	0.00960	0.06699	0.01183	0.00929	0.01241	0.00922	0.01448	0.00778	0.00481	0.00454	0.00145	0.00559	0.06868	0.00219	0.00546
31	0.00967	0.02968	0.23646	0.21160	0.05018	0.02563	0.30900	0.01333	0.00967	0.03091	0.00870	0.01177	0.00662	0.00422	0.00460	0.00143	0.00647	0.02215	0.00215	0.00579
32	0.00990	0.11718	0.63667	0.01171	0.01752	0.01131	0.02746	0.09299	0.01032	0.01477	0.00790	0.00912	0.00574	0.00420	0.00403	0.00132	0.00609	0.00322	0.00210	0.00644
33	0.00529	0.00390	0.00495	0.00580	0.00625	0.00357	0.00393	0.00610	0.00861	0.01124	0.02736	0.71173	0.15885	0.01323	0.00550	0.00172	0.00248	0.01187	0.00405	0.00357
34	0.00574	0.00408	0.00537	0.00620	0.00657	0.00392	0.00435	0.00662	0.00833	0.01105	0.02248	0.57169	0.03945	0.12720	0.03143	0.00229	0.00325	0.13265	0.00380	0.00351
35	0.04910	0.21079	0.29995	0.01195	0.04996	0.09935	0.12094	0.04162	0.02372	0.02497	0.00810	0.02602	0.00647	0.00428	0.00394	0.00126	0.00589	0.00348	0.00222	0.00596
36	0.14743	0.01234	0.01244	0.00996	0.01304	0.12242	0.05756	0.44153	0.05510	0.03816	0.00979	0.01070	0.00733	0.00506	0.00436	0.00134	0.02423	0.01709	0.00365	0.00645
37	0.00558	0.00399	0.00523	0.00612	0.00648	0.00377	0.00424	0.00643	0.00843	0.01115	0.02378	0.66154	0.05464	0.08196	0.00697	0.00199	0.00282	0.09743	0.00393	0.00353
38	0.02783	0.57160	0.03067	0.00853	0.01195	0.18353	0.00782	0.09111	0.01070	0.01223	0.00666	0.00755	0.00576	0.00405	0.00320	0.00102	0.00534	0.00260	0.00220	0.00566
39	0.00904	0.00775	0.00904	0.00646	0.01034	0.00581	0.00517	0.01098	0.00904	0.01421	0.00775	0.00904	0.00646	0.00323	0.00323	0.00065	0.00323	0.00258	0.00258	0.87339
40	0.02339	0.11620	0.01656	0.07192	0.48498	0.10360	0.01124	0.03264	0.01037	0.06192	0.00856	0.01088	0.00706	0.00423	0.00410	0.00126	0.00532	0.01701	0.00240	0.00637
41	0.00609	0.00454	0.00571	0.00599	0.00679	0.00437	0.00427	0.00831	0.07608	0.01417	0.32608	0.42134	0.07762	0.01107	0.00529	0.00158	0.00241	0.00989	0.00437	0.00404
42	0.00543	0.00415	0.00499	0.00537	0.00621	0.00371	0.00380	0.00658	0.00972	0.01265	0.19183	0.39546	0.31082	0.01177	0.00534	0.00158	0.00232	0.01035	0.00420	0.00371
43	0.01121	0.01281	0.17126	0.05364	0.11859	0.01026	0.38099	0.02639	0.01027	0.11578	0.00948	0.01145	0.00692	0.00421	0.00505	0.00143	0.03708	0.00441	0.00254	0.00624
44	0.12628	0.01104	0.01212	0.01206	0.15021	0.11859	0.02537	0.21113	0.04115	0.18422	0.01136	0.01311	0.00865	0.00517	0.00420	0.00135	0.00483	0.04911	0.00364	0.00642
45	0.00535	0.00381	0.00505	0.00603	0.00627	0.00357	0.00400	0.00608	0.00828	0.01104	0.02368	0.81569	0.02840	0.04246	0.00614	0.00186	0.00259	0.01219	0.00400	0.00351
46	0.00668	0.00510	0.00643	0.03540	0.02369	0.00501	0.00515	0.07266	0.00998	0.01294	0.02642	0.39896	0.21532	0.01215	0.02930	0.00183	0.00328	0.12169	0.00391	0.00408
47	0.03251	0.00985	0.01587	0.14662	0.52547	0.02106	0.03926	0.05745	0.01043	0.06254	0.00918	0.03389	0.00752	0.00440	0.00435	0.00134	0.00516	0.00414	0.00251	0.00645
48	0.00999	0.01054	0.01308	0.63893	0.05223	0.17962	0.01139	0.01252	0.00951	0.01115	0.00756	0.01082	0.00581	0.00437	0.00427	0.00138	0.00622	0.00366	0.00201	0.00496
49	0.01091	0.00692	0.00817	0.00742	0.02763	0.00685	0.00561	0.15565	0.07891	0.17549	0.07766	0.12174	0.19963	0.05738	0.00586	0.00163	0.00337	0.03944	0.00433	0.00541
50	0.01345	0.10008	0.17395	0.01113	0.05375	0.20795	0.03528	0.16964	0.02298	0.09450	0.02965	0.01210	0.02024	0.00500	0.00417	0.00128	0.00570	0.02997	0.00302	0.00614
51	0.02414	0.01055	0.05472	0.07323	0.51949	0.03439	0.01188	0.05536	0.01049	0.05971	0.00987	0.01397	0.00841	0.00487	0.00466	0.00138	0.02533	0.06854	0.00258	0.00643
52	0.02267	0.00888	0.01426	0.52484	0.22604	0.02203	0.02584	0.03846	0.02162	0.02515	0.00819	0.01134	0.00632	0.00436	0.00454	0.00141	0.02243	0.00389	0.00218	0.00554

[dist]
# distance from previous block
# <min> <max>
1	28

[block]
# block no. 4 follows, 60 sequences, length 6
# corresponding to MSA columns:
# 293-298
name=unknown_E
#
# <colnr> <probs for GDERKNQSTAVLIFYWHMCP>
#	G	D	E	R	K	N	Q	S	T	A	V	L	I	F	Y	W	H	M	C	P
0	0.00817	0.05049	0.04308	0.00745	0.00834	0.00807	0.00590	0.06464	0.00837	0.01171	0.09610	0.02027	0.01415	0.34977	0.08508	0.00312	0.20326	0.00525	0.00272	0.00406
1	0.01233	0.05034	0.09834	0.02691	0.01217	0.00827	0.03093	0.05479	0.15298	0.24128	0.03952	0.01716	0.06799	0.00575	0.00432	0.00131	0.00401	0.04499	0.00389	0.12271
2	0.00988	0.11606	0.39145	0.01099	0.01493	0.05923	0.01189	0.01367	0.06534	0.01275	0.00775	0.00944	0.00618	0.00503	0.00637	0.00141	0.20389	0.00332	0.00210	0.04832
3	0.00886	0.00535	0.00628	0.00567	0.00728	0.00486	0.00429	0.04585	0.01074	0.16894	0.15683	0.03198	0.34724	0.13933	0.00765	0.00187	0.00297	0.03529	0.00422	0.00449
4	0.00959	0.21601	0.57213	0.01239	0.08020	0.01182	0.01386	0.01360	0.00918	0.01301	0.00744	0.00881	0.00565	0.00403	0.00384	0.00127	0.00593	0.00307	0.00187	0.00628
5	0.69640	0.00863	0.00713	0.00639	0.00904	0.01001	0.00518	0.01498	0.17550	0.01929	0.00851	0.00901	0.00652	0.00444	0.00306	0.00138	0.00339	0.00290	0.00306	0.00518

[dist]
# distance from previous block
# <min> <max>
0	1

[block]
# block no. 5 follows, 60 sequences, length 10
# corresponding to MSA columns:
# 300-309
name=unknown_F
#
# <colnr> <probs for GDERKNQSTAVLIFYWHMCP>
#	G	D	E	R	K	N	Q	S	T	A	V	L	I	F	Y	W	H	M	C	P
0	0.01038	0.00861	0.00910	0.00783	0.00988	0.10614	0.00612	0.13210	0.01052	0.05507	0.02647	0.01511	0.01006	0.08394	0.27295	0.00328	0.02784	0.02320	0.00294	0.17849
1	0.53259	0.07605	0.01016	0.00898	0.08162	0.12530	0.00663	0.04079	0.00886	0.01687	0.00649	0.00778	0.00526	0.00432	0.00376	0.00131	0.05287	0.00270	0.00253	0.00513
2	0.30909	0.04377	0.03056	0.00772	0.01033	0.01038	0.00636	0.05664	0.36964	0.01800	0.01209	0.01233	0.00932	0.00748	0.07691	0.00189	0.00435	0.00382	0.00347	0.00585
3	0.00758	0.00379	0.00568	0.00568	0.00568	0.00379	0.00379	0.00568	0.00568	0.00758	0.00758	0.01326	0.00758	0.01515	0.01705	0.87311	0.00379	0.00379	0.00189	0.00189
4	0.00559	0.00444	0.00502	0.00488	0.00616	0.00387	0.00366	0.00710	0.01097	0.01422	0.37480	0.03796	0.48560	0.01013	0.00515	0.00143	0.00214	0.00864	0.00437	0.00387
5	0.87753	0.00843	0.00641	0.00574	0.00843	0.00978	0.00472	0.01282	0.00742	0.01957	0.00607	0.00709	0.00472	0.00405	0.00270	0.00135	0.00337	0.00236	0.00270	0.00472
6	0.75755	0.00868	0.00717	0.00620	0.00900	0.00988	0.00511	0.07694	0.00877	0.06778	0.00709	0.00782	0.00530	0.00422	0.00293	0.00135	0.00351	0.00261	0.00299	0.00510
7	0.17140	0.05825	0.04275	0.00857	0.03188	0.04887	0.00703	0.13366	0.17243	0.04342	0.05053	0.01890	0.03518	0.02110	0.01935	0.00159	0.00424	0.12162	0.00359	0.00564
8	0.01144	0.01156	0.01437	0.25760	0.24235	0.17990	0.03614	0.05168	0.01031	0.03517	0.00805	0.01066	0.00647	0.00547	0.03111	0.00154	0.07447	0.00374	0.00230	0.00566
9	0.01151	0.08522	0.24332	0.01307	0.13769	0.11196	0.03996	0.01701	0.21674	0.06470	0.01078	0.01136	0.00813	0.00463	0.00416	0.00133	0.00537	0.00378	0.00285	0.00643

[dist]
# distance from previous block
# <min> <max>
3	14

[block]
# block no. 6 follows, 60 sequences, length 15
# corresponding to MSA columns:
# 350-364
name=unknown_G
#
# <colnr> <probs for GDERKNQSTAVLIFYWHMCP>
#	G	D	E	R	K	N	Q	S	T	A	V	L	I	F	Y	W	H	M	C	P
0	0.04036	0.04095	0.08940	0.02867	0.01298	0.00887	0.07685	0.16135	0.05810	0.01658	0.01029	0.08494	0.00887	0.00490	0.00397	0.00112	0.00426	0.00416	0.00302	0.34036
1	0.03041	0.13884	0.01488	0.12433	0.10515	0.08920	0.07907	0.06527	0.05192	0.03140	0.00926	0.06233	0.00804	0.00508	0.00496	0.00129	0.07905	0.00409	0.00258	0.09288
2	0.07099	0.00611	0.00704	0.00704	0.00830	0.00635	0.00521	0.13082	0.08706	0.01510	0.01966	0.51459	0.02164	0.01062	0.00504	0.00163	0.00312	0.05253	0.00400	0.02313
3	0.01330	0.38079	0.10815	0.01033	0.08509	0.04959	0.00893	0.11271	0.03646	0.14248	0.00917	0.00959	0.00700	0.00434	0.00363	0.00115	0.00488	0.00320	0.00286	0.00634
4	0.03549	0.32957	0.14114	0.01066	0.08500	0.08259	0.01891	0.11434	0.02294	0.02274	0.00800	0.00941	0.00659	0.00672	0.07781	0.00167	0.00586	0.00316	0.00239	0.01500
5	0.01251	0.10566	0.19148	0.01484	0.24094	0.03934	0.02860	0.12475	0.07011	0.11515	0.00997	0.01081	0.00743	0.00446	0.00414	0.00129	0.00518	0.00370	0.00293	0.00671
6	0.01201	0.23838	0.10349	0.07787	0.06456	0.02958	0.08747	0.05299	0.03476	0.13328	0.00962	0.01171	0.00760	0.00491	0.00500	0.00133	0.08487	0.03186	0.00274	0.00599
7	0.00854	0.00566	0.00678	0.00608	0.00764	0.00555	0.00469	0.06843	0.08429	0.08277	0.48364	0.02727	0.09296	0.00790	0.00476	0.00135	0.00253	0.00679	0.08754	0.00483
8	0.01278	0.27287	0.14182	0.01014	0.03430	0.26331	0.00915	0.09073	0.06938	0.01333	0.00927	0.00999	0.03611	0.00460	0.00375	0.00117	0.00577	0.00325	0.00249	0.00580
9	0.01074	0.05239	0.09935	0.10034	0.31857	0.00998	0.02345	0.07129	0.08256	0.04846	0.02731	0.02424	0.00864	0.00460	0.00422	0.00128	0.00483	0.01568	0.00274	0.08932
10	0.09470	0.00881	0.01035	0.00817	0.01128	0.06695	0.03554	0.08557	0.01248	0.52802	0.03702	0.01513	0.05503	0.00554	0.00429	0.00134	0.00408	0.00444	0.00463	0.00666
11	0.09048	0.00575	0.00656	0.00678	0.00786	0.00603	0.00488	0.08084	0.11844	0.01438	0.02025	0.57657	0.02250	0.01094	0.00503	0.00165	0.00294	0.00966	0.00400	0.00446
12	0.42145	0.05642	0.03654	0.00751	0.01034	0.10732	0.00630	0.14667	0.06146	0.01836	0.01111	0.01153	0.07897	0.00503	0.00351	0.00131	0.00422	0.00348	0.00308	0.00537
13	0.00771	0.00522	0.00682	0.00619	0.00776	0.00473	0.05460	0.00949	0.03221	0.10348	0.13494	0.16570	0.33027	0.02191	0.00517	0.00149	0.00278	0.00811	0.08706	0.00438
14	0.05554	0.04746	0.04069	0.04752	0.24907	0.08658	0.05937	0.15137	0.03568	0.06733	0.02794	0.01193	0.03330	0.00474	0.00442	0.00129	0.02357	0.00397	0.00295	0.04530

[dist]
# distance from previous block
# <min> <max>
23	92

[block]
# block no. 7 follows, 60 sequences, length 10
# corresponding to MSA columns:
# 530-539
name=unknown_H
#
# <colnr> <probs for GDERKNQSTAVLIFYWHMCP>
#	G	D	E	R	K	N	Q	S	T	A	V	L	I	F	Y	W	H	M	C	P
0	0.01685	0.00830	0.07938	0.00790	0.01119	0.00640	0.00694	0.01880	0.01193	0.64863	0.07025	0.06738	0.01350	0.00604	0.00449	0.00138	0.00376	0.00502	0.00497	0.00688
1	0.01170	0.00791	0.00962	0.00726	0.01067	0.00681	0.00586	0.01436	0.07499	0.20465	0.01067	0.01103	0.00799	0.00422	0.00426	0.00095	0.05275	0.00327	0.00336	0.54767
2	0.00911	0.14061	0.13540	0.01015	0.05033	0.00877	0.12845	0.01155	0.00951	0.03142	0.07677	0.13797	0.01257	0.00564	0.00418	0.00120	0.00446	0.00505	0.00275	0.21409
3	0.06322	0.31520	0.26292	0.00902	0.01351	0.01239	0.00967	0.10672	0.01029	0.01457	0.00739	0.00841	0.00587	0.00398	0.00346	0.00109	0.00492	0.00283	0.00232	0.14222
4	0.00610	0.00448	0.00610	0.00618	0.00678	0.00486	0.00448	0.00718	0.00719	0.00993	0.01578	0.08390	0.07964	0.22852	0.50274	0.00548	0.00840	0.00603	0.00268	0.00354
5	0.01075	0.01376	0.19963	0.01616	0.02093	0.01044	0.56239	0.01456	0.01024	0.08334	0.00932	0.01147	0.00674	0.00393	0.00486	0.00144	0.00684	0.00466	0.00240	0.00614
6	0.00809	0.13869	0.07860	0.00665	0.00849	0.00674	0.00572	0.00948	0.00908	0.08126	0.04285	0.24907	0.14977	0.12272	0.00711	0.00186	0.00357	0.06237	0.00346	0.00440
7	0.01210	0.00691	0.00786	0.00691	0.00889	0.07415	0.00537	0.01366	0.01156	0.33227	0.23314	0.14107	0.09375	0.00810	0.00483	0.00142	0.00332	0.02469	0.00463	0.00537
8	0.01019	0.03089	0.01892	0.01419	0.04351	0.06397	0.45819	0.04804	0.02601	0.01450	0.07771	0.01511	0.07029	0.00479	0.00476	0.00134	0.00587	0.00512	0.00272	0.08387
9	0.02541	0.16198	0.13781	0.08956	0.10689	0.03457	0.13271	0.10857	0.04549	0.07426	0.00918	0.01053	0.00694	0.00430	0.00409	0.00128	0.00541	0.00372	0.01748	0.01983

[dist]
# distance from previous block
# <min> <max>
1	14

[block]
# block no. 8 follows, 60 sequences, length 10
# corresponding to MSA columns:
# 555-564
name=unknown_I
#
# <colnr> <probs for GDERKNQSTAVLIFYWHMCP>
#	G	D	E	R	K	N	Q	S	T	A	V	L	I	F	Y	W	H	M	C	P
0	0.05842	0.02398	0.03271	0.02651	0.04175	0.05559	0.05525	0.03022	0.05558	0.01300	0.01837	0.30731	0.06319	0.06119	0.00600	0.00174	0.00394	0.11006	0.00341	0.03178
1	0.01268	0.04580	0.05495	0.04907	0.16156	0.10344	0.07983	0.18861	0.01262	0.09127	0.03541	0.05278	0.00954	0.00517	0.00435	0.00130	0.00515	0.02134	0.00316	0.06196
2	0.09909	0.47411	0.06717	0.00882	0.03714	0.07813	0.00797	0.06563	0.10079	0.01359	0.00790	0.00860	0.00654	0.00420	0.00329	0.00111	0.00478	0.00287	0.00244	0.00583
3	0.00616	0.00447	0.00575	0.00552	0.00653	0.00414	0.00415	0.00807	0.01183	0.01653	0.69480	0.03386	0.09012	0.04267	0.00587	0.00152	0.00225	0.04709	0.00463	0.00402
4	0.00954	0.00954	0.01336	0.01145	0.01145	0.01336	0.00954	0.01050	0.00668	0.01050	0.00573	0.00954	0.00573	0.00763	0.01431	0.00191	0.83874	0.00382	0.00191	0.00477
5	0.00634	0.00423	0.00476	0.00476	0.00476	0.00423	0.00264	0.00634	0.00634	0.00846	0.01374	0.02854	0.01586	0.84672	0.02220	0.00423	0.00423	0.00634	0.00264	0.00264
6	0.00759	0.00622	0.00727	0.00629	0.00855	0.00547	0.00494	0.01054	0.09993	0.01470	0.19056	0.05083	0.16831	0.00739	0.00448	0.00122	0.00287	0.08319	0.00372	0.31594
7	0.01082	0.01018	0.01634	0.15177	0.54211	0.03060	0.04785	0.03197	0.07110	0.03140	0.00909	0.01139	0.00727	0.00418	0.00436	0.00134	0.00527	0.00401	0.00242	0.00651
8	0.01033	0.00962	0.04033	0.03307	0.05516	0.07408	0.03422	0.02591	0.00961	0.05670	0.00842	0.01013	0.00687	0.02225	0.01953	0.00108	0.03153	0.00310	0.00263	0.54543
9	0.02896	0.03721	0.13726	0.08815	0.25588	0.05124	0.03376	0.02605	0.04900	0.05186	0.06549	0.01392	0.05624	0.00516	0.00495	0.00136	0.05858	0.00430	0.00268	0.02795

[dist]
# distance from previous block
# <min> <max>
2	18

[block]
# block no. 9 follows, 60 sequences, length 32
# corresponding to MSA columns:
# 584-615
name=unknown_J
#
# <colnr> <probs for GDERKNQSTAVLIFYWHMCP>
#	G	D	E	R	K	N	Q	S	T	A	V	L	I	F	Y	W	H	M	C	P
0	0.01102	0.16559	0.14797	0.02364	0.14848	0.04448	0.00928	0.06562	0.02425	0.06164	0.02892	0.02474	0.00795	0.00480	0.01823	0.00121	0.00483	0.00346	0.00263	0.20127
1	0.00538	0.00387	0.00512	0.00610	0.00643	0.00361	0.00415	0.00620	0.00847	0.01124	0.02467	0.78347	0.05500	0.01351	0.00557	0.00177	0.00258	0.04524	0.00405	0.00357
2	0.01234	0.70199	0.02114	0.02656	0.01198	0.01651	0.00769	0.13445	0.01064	0.01292	0.00678	0.00763	0.00588	0.00398	0.00307	0.00100	0.00471	0.00261	0.00225	0.00586
3	0.00520	0.00426	0.00459	0.00485	0.00600	0.00365	0.00351	0.00621	0.00953	0.01161	0.03893	0.25110	0.61201	0.01173	0.00526	0.00155	0.00229	0.01004	0.00405	0.00365
4	0.03590	0.20817	0.01478	0.01074	0.03823	0.58563	0.00829	0.01607	0.01128	0.01091	0.00660	0.00777	0.00563	0.00434	0.00383	0.00110	0.02060	0.00274	0.00216	0.00522
5	0.01166	0.84935	0.02285	0.00746	0.01119	0.01726	0.00746	0.01306	0.00886	0.01026	0.00606	0.00700	0.00560	0.00373	0.00280	0.00093	0.00466	0.00233	0.00187	0.00560
6	0.00960	0.00773	0.00910	0.00653	0.01038	0.00585	0.00523	0.01153	0.00923	0.05703	0.00825	0.00935	0.00669	0.00334	0.00329	0.00068	0.00326	0.00268	0.00273	0.82751
7	0.01250	0.27855	0.18259	0.03268	0.01438	0.20691	0.05134	0.06368	0.01075	0.06015	0.00846	0.04383	0.00704	0.00462	0.00382	0.00120	0.00583	0.00346	0.00243	0.00577
8	0.00634	0.00423	0.00476	0.00476	0.00476	0.00423	0.00264	0.00634	0.00634	0.00846	0.01374	0.02854	0.01586	0.84672	0.02220	0.00423	0.00423	0.00634	0.00264	0.00264
9	0.01098	0.25866	0.11672	0.00898	0.01172	0.23006	0.02955	0.01266	0.00946	0.01084	0.00942	0.03651	0.00913	0.12683	0.05560	0.00197	0.00608	0.04765	0.00229	0.00490
10	0.01147	0.25285	0.25772	0.04134	0.09166	0.05886	0.04655	0.13857	0.02314	0.01486	0.01992	0.00951	0.00668	0.00428	0.00387	0.00123	0.00555	0.00332	0.00240	0.00621
11	0.01053	0.01088	0.05912	0.03943	0.71604	0.01024	0.04569	0.01329	0.00993	0.01422	0.02405	0.01119	0.00748	0.00400	0.00436	0.00131	0.00529	0.00398	0.00219	0.00675
12	0.00531	0.00380	0.00506	0.00607	0.00633	0.00354	0.00405	0.00607	0.00835	0.01113	0.02404	0.84388	0.02885	0.01366	0.00557	0.00177	0.00253	0.01240	0.00405	0.00354
13	0.00964	0.00953	0.01387	0.01380	0.14217	0.01263	0.01004	0.01088	0.00722	0.01109	0.00631	0.00998	0.00607	0.00779	0.03743	0.00196	0.67869	0.00385	0.00196	0.00509
14	0.00967	0.12186	0.55977	0.02816	0.06964	0.01121	0.06618	0.04375	0.02510	0.01397	0.00799	0.00943	0.00592	0.00412	0.00407	0.00133	0.00607	0.00335	0.00204	0.00635
15	0.01062	0.01015	0.01716	0.08262	0.74216	0.01033	0.01312	0.01350	0.03207	0.01414	0.00844	0.01100	0.00701	0.00398	0.00432	0.00131	0.00518	0.00391	0.00221	0.00676
16	0.00625	0.00461	0.00668	0.00668	0.00734	0.00527	0.00504	0.00757	0.00691	0.00988	0.01199	0.01882	0.01164	0.15336	0.70979	0.00660	0.01058	0.00492	0.00238	0.00371
17	0.00632	0.00430	0.00514	0.00514	0.00527	0.00444	0.00312	0.00659	0.00646	0.00874	0.01339	0.02661	0.01502	0.70893	0.15884	0.00470	0.00549	0.00606	0.00259	0.00285
18	0.00933	0.00774	0.00907	0.00650	0.01036	0.00583	0.00520	0.01126	0.00914	0.03615	0.00801	0.00920	0.00658	0.00329	0.00326	0.00067	0.00324	0.00263	0.00266	0.84988
19	0.01160	0.72084	0.07434	0.00830	0.01208	0.05329	0.02700	0.01327	0.00903	0.01060	0.00627	0.00735	0.00562	0.00387	0.00323	0.00100	0.02228	0.00251	0.00189	0.00562
20	0.00531	0.00380	0.00506	0.00607	0.00633	0.00354	0.00405	0.00607	0.00835	0.01113	0.02404	0.84388	0.02885	0.01366	0.00557	0.00177	0.00253	0.01240	0.00405	0.00354
21	0.01029	0.00785	0.00927	0.00669	0.01051	0.00610	0.00538	0.03548	0.00972	0.09321	0.00875	0.00965	0.00691	0.00350	0.00338	0.00073	0.00332	0.00280	0.00291	0.76355
22	0.01073	0.00958	0.01567	0.09239	0.52844	0.00977	0.05220	0.01430	0.09445	0.05997	0.01162	0.01378	0.04561	0.00468	0.00445	0.00136	0.00493	0.01689	0.00268	0.00651
23	0.01013	0.20586	0.56740	0.01121	0.01665	0.09134	0.01345	0.01400	0.00944	0.01272	0.00733	0.00859	0.00555	0.00409	0.00382	0.00126	0.00619	0.00298	0.00189	0.00612
24	0.00927	0.00784	0.02741	0.00713	0.00947	0.03302	0.00569	0.04196	0.26336	0.05379	0.20474	0.02260	0.15347	0.00694	0.00451	0.00130	0.00316	0.00582	0.00409	0.13442
25	0.01188	0.39429	0.17713	0.01038	0.05781	0.12224	0.00973	0.08943	0.01057	0.01301	0.00775	0.00992	0.00665	0.00451	0.00386	0.00117	0.02565	0.03591	0.00226	0.00585
26	0.01114	0.01032	0.01783	0.02551	0.74157	0.01023	0.05676	0.01375	0.01006	0.04816	0.00862	0.01102	0.00706	0.00394	0.00437	0.00131	0.00524	0.00398	0.00230	0.00687
27	0.00551	0.00393	0.00528	0.00629	0.00663	0.00371	0.00438	0.00641	0.00854	0.01135	0.02393	0.75434	0.02842	0.01348	0.00562	0.00180	0.00270	0.10003	0.00404	0.00360
28	0.01357	0.04666	0.11908	0.03941	0.28035	0.01007	0.06465	0.12873	0.01196	0.22624	0.01076	0.01153	0.00771	0.00450	0.00431	0.00132	0.00505	0.00396	0.00326	0.00687
29	0.00758	0.00379	0.00568	0.00568	0.00568	0.00379	0.00379	0.00568	0.00568	0.00758	0.00758	0.01326	0.00758	0.01515	0.01705	0.87311	0.00379	0.00379	0.00189	0.00189
30	0.00701	0.00500	0.00697	0.00795	0.00893	0.00500	0.00691	0.00897	0.00994	0.01293	0.02285	0.04866	0.02486	0.03362	0.00644	0.00207	0.00402	0.76991	0.00398	0.00398
31	0.01035	0.01292	0.19650	0.06201	0.25931	0.01039	0.16268	0.01569	0.17401	0.03680	0.01041	0.01190	0.00790	0.00439	0.00447	0.00140	0.00552	0.00421	0.00264	0.00651

[dist]
# distance from previous block
# <min> <max>
6	14

[block]
# block no. 10 follows, 60 sequences, length 24
# corresponding to MSA columns:
# 644-667
name=unknown_K
#
# <colnr> <probs for GDERKNQSTAVLIFYWHMCP>
#	G	D	E	R	K	N	Q	S	T	A	V	L	I	F	Y	W	H	M	C	P
0	0.03108	0.09676	0.13136	0.01015	0.05136	0.12083	0.00875	0.19186	0.07212	0.06561	0.09568	0.01296	0.02293	0.00529	0.00450	0.00128	0.03525	0.00403	0.00328	0.03493
1	0.06512	0.04694	0.08272	0.04327	0.06085	0.00917	0.00752	0.08112	0.24403	0.03847	0.03014	0.05954	0.14200	0.02359	0.01439	0.00155	0.02230	0.01802	0.00356	0.00570
2	0.00893	0.00758	0.06081	0.00713	0.00924	0.00691	0.00595	0.07499	0.20215	0.06782	0.30147	0.05257	0.14971	0.00792	0.00483	0.00143	0.00306	0.01783	0.00437	0.00531
3	0.00570	0.00448	0.00557	0.00563	0.00664	0.00445	0.00421	0.00692	0.00845	0.01095	0.04158	0.07700	0.37337	0.07353	0.34703	0.00395	0.00627	0.00731	0.00327	0.00370
4	0.01049	0.32823	0.34489	0.01051	0.01492	0.03277	0.04465	0.05105	0.00947	0.01271	0.00718	0.00868	0.00580	0.00482	0.01813	0.00135	0.08337	0.00307	0.00201	0.00592
5	0.01431	0.36705	0.01676	0.00885	0.01225	0.09723	0.00775	0.29155	0.06267	0.06902	0.00911	0.00937	0.00704	0.00458	0.00366	0.00114	0.00490	0.00323	0.00316	0.00638
6	0.00593	0.00447	0.00551	0.00535	0.00648	0.00402	0.00400	0.00764	0.01129	0.01537	0.52380	0.10367	0.23029	0.00980	0.00516	0.00143	0.00221	0.02717	0.00449	0.02191
7	0.04359	0.01192	0.08065	0.00947	0.01297	0.04231	0.00823	0.44329	0.07551	0.19134	0.01199	0.01188	0.00842	0.02251	0.00465	0.00139	0.00467	0.00399	0.00420	0.00702
8	0.01116	0.38171	0.17094	0.01126	0.03105	0.01352	0.17438	0.08054	0.01031	0.02756	0.02024	0.02267	0.00698	0.00425	0.00396	0.00121	0.01647	0.00355	0.00229	0.00596
9	0.00682	0.00429	0.00519	0.00565	0.00651	0.00415	0.00436	0.00848	0.00950	0.01405	0.08896	0.22445	0.07755	0.00955	0.00469	0.00150	0.00265	0.19720	0.32054	0.00391
10	0.00824	0.00775	0.01308	0.83624	0.03004	0.00969	0.01211	0.01114	0.00872	0.01114	0.00775	0.01163	0.00581	0.00436	0.00436	0.00145	0.00581	0.00388	0.00194	0.00484
11	0.00634	0.00423	0.00476	0.00476	0.00476	0.00423	0.00264	0.00634	0.00634	0.00846	0.01374	0.02854	0.01586	0.84672	0.02220	0.00423	0.00423	0.00634	0.00264	0.00264
12	0.01182	0.81993	0.02248	0.00760	0.01128	0.04609	0.00750	0.01321	0.00899	0.01028	0.00609	0.00703	0.00560	0.00376	0.00284	0.00094	0.00478	0.00235	0.00188	0.00558
13	0.00634	0.00423	0.00476	0.00476	0.00476	0.00423	0.00264	0.00634	0.00634	0.00846	0.01374	0.02854	0.01586	0.84672	0.02220	0.00423	0.00423	0.00634	0.00264	0.00264
14	0.01140	0.03263	0.05020	0.05746	0.54493	0.11914	0.04782	0.03008	0.01026	0.01365	0.00791	0.01028	0.00656	0.00415	0.00462	0.00130	0.03529	0.00373	0.00218	0.00641
15	0.82135	0.00837	0.00665	0.00587	0.00861	0.00956	0.00483	0.01337	0.00775	0.07215	0.00680	0.00759	0.00512	0.00414	0.00281	0.00135	0.00340	0.00249	0.00288	0.00490
16	0.01385	0.29228	0.06419	0.01069	0.04613	0.43395	0.00881	0.03092	0.01088	0.01120	0.00668	0.00789	0.00570	0.00433	0.00398	0.00112	0.03708	0.00278	0.00212	0.00543
17	0.00549	0.00401	0.00521	0.00610	0.00658	0.00373	0.00430	0.00643	0.00873	0.01143	0.02631	0.65831	0.12164	0.01317	0.00557	0.00176	0.00266	0.10090	0.00405	0.00361
18	0.00602	0.00444	0.00535	0.00516	0.00631	0.00401	0.00390	0.00781	0.01140	0.01567	0.52706	0.03469	0.26036	0.00937	0.00504	0.00140	0.00215	0.02826	0.05760	0.00399
19	0.00995	0.03180	0.14260	0.02509	0.01275	0.00780	0.05219	0.04570	0.07817	0.06450	0.06192	0.01253	0.02851	0.00443	0.00389	0.00104	0.00409	0.00371	0.00299	0.40634
20	0.00894	0.00759	0.00839	0.00679	0.00961	0.03971	0.00523	0.07728	0.01002	0.01436	0.01322	0.21085	0.04238	0.00625	0.00399	0.00102	0.00335	0.00531	0.00313	0.52257
21	0.09022	0.22089	0.05174	0.02302	0.01272	0.14242	0.05657	0.05974	0.16441	0.01420	0.00939	0.02991	0.00776	0.00497	0.00465	0.00129	0.07539	0.00361	0.00273	0.02438
22	0.02939	0.09922	0.05820	0.39128	0.04453	0.07925	0.03766	0.01280	0.00961	0.08710	0.01114	0.01415	0.05450	0.00504	0.00424	0.00136	0.00537	0.03628	0.00252	0.01635
23	0.02318	0.06795	0.30692	0.01225	0.09385	0.06194	0.07970	0.08966	0.02801	0.04413	0.01257	0.06057	0.07659	0.00538	0.00432	0.00135	0.00538	0.00453	0.00270	0.01903

[dist]
# distance from previous block
# <min> <max>
3	20

[block]
# block no. 11 follows, 60 sequences, length 58
# corresponding to MSA columns:
# 688-745
name=unknown_L
#
# <colnr> <probs for GDERKNQSTAVLIFYWHMCP>
#	G	D	E	R	K	N	Q	S	T	A	V	L	I	F	Y	W	H	M	C	P
0	0.01059	0.00995	0.07109	0.00881	0.01152	0.01011	0.00737	0.04653	0.62829	0.03730	0.03842	0.01787	0.05813	0.00621	0.00449	0.00147	0.00363	0.01738	0.00424	0.00660
1	0.01017	0.01008	0.01288	0.10123	0.12708	0.12036	0.05623	0.05483	0.03816	0.01243	0.00873	0.01196	0.00754	0.01191	0.20416	0.00282	0.19788	0.00403	0.00234	0.00519
2	0.01129	0.18140	0.04031	0.00969	0.02898	0.05142	0.06772	0.18809	0.07267	0.03278	0.01331	0.13913	0.01271	0.00693	0.00471	0.00142	0.02489	0.10353	0.00333	0.00566
3	0.75648	0.00829	0.00693	0.00602	0.00882	0.00931	0.00496	0.01401	0.00814	0.13286	0.00764	0.00818	0.00558	0.00424	0.00294	0.00135	0.00342	0.00265	0.00308	0.00510
4	0.00531	0.00380	0.00506	0.00607	0.00633	0.00354	0.00405	0.00607	0.00835	0.01113	0.02404	0.84388	0.02885	0.01366	0.00557	0.00177	0.00253	0.01240	0.00405	0.00354
5	0.00929	0.00917	0.01288	0.01111	0.01117	0.01276	0.00923	0.01029	0.00670	0.01047	0.00618	0.01012	0.00612	0.00953	0.07594	0.00229	0.77621	0.00388	0.00194	0.00470
6	0.01005	0.01039	0.01328	0.01143	0.01160	0.07504	0.00946	0.01102	0.00711	0.01051	0.00580	0.00942	0.00572	0.00740	0.01353	0.00185	0.77592	0.00374	0.00193	0.00479
7	0.00954	0.00954	0.01336	0.01145	0.01145	0.01336	0.00954	0.01050	0.00668	0.01050	0.00573	0.00954	0.00573	0.00763	0.01431	0.00191	0.83874	0.00382	0.00191	0.00477
8	0.01696	0.01115	0.03127	0.00948	0.01297	0.01156	0.00795	0.56260	0.04430	0.22775	0.01235	0.01174	0.00842	0.00527	0.00437	0.00133	0.00452	0.00406	0.00457	0.00738
9	0.01034	0.28559	0.38776	0.01161	0.05596	0.04482	0.06720	0.01395	0.03186	0.02372	0.02466	0.00947	0.00673	0.00415	0.00381	0.00123	0.00572	0.00325	0.00209	0.00608
10	0.01456	0.26697	0.02446	0.01056	0.04354	0.47476	0.00835	0.05882	0.02845	0.02202	0.00717	0.00814	0.00598	0.00432	0.00365	0.00110	0.00648	0.00284	0.00233	0.00550
11	0.00973	0.00809	0.02066	0.00714	0.01094	0.00624	0.03719	0.03023	0.00966	0.05774	0.03505	0.01027	0.00785	0.00361	0.00347	0.00077	0.00346	0.00300	0.00282	0.73209
12	0.01060	0.11732	0.22589	0.01258	0.01602	0.03959	0.18673	0.05583	0.00947	0.03154	0.00755	0.00975	0.00606	0.00509	0.00713	0.00148	0.24567	0.00376	0.00218	0.00576
13	0.00555	0.00399	0.00540	0.01827	0.00698	0.00380	0.00451	0.00649	0.00855	0.01136	0.02369	0.73999	0.02808	0.01334	0.00560	0.00179	0.00275	0.10221	0.00401	0.00362
14	0.01671	0.00780	0.01075	0.00959	0.09867	0.00673	0.00694	0.01854	0.01158	0.58878	0.01452	0.01336	0.00959	0.00484	0.00417	0.00122	0.00378	0.00401	0.00454	0.16388
15	0.87753	0.00843	0.00641	0.00574	0.00843	0.00978	0.00472	0.01282	0.00742	0.01957	0.00607	0.00709	0.00472	0.00405	0.00270	0.00135	0.00337	0.00236	0.00270	0.00472
16	0.00623	0.00467	0.00701	0.00701	0.00779	0.00545	0.00545	0.00779	0.00701	0.01012	0.01168	0.01713	0.01090	0.03271	0.82944	0.00701	0.01168	0.00467	0.00234	0.00389
17	0.01120	0.00990	0.01004	0.00900	0.01148	0.04479	0.00700	0.03999	0.76128	0.01813	0.01714	0.01580	0.01287	0.00584	0.00442	0.00146	0.00366	0.00482	0.00435	0.00684
18	0.00532	0.00410	0.00484	0.00539	0.00617	0.00365	0.00378	0.00625	0.00906	0.01148	0.04318	0.46368	0.35832	0.03003	0.00575	0.00170	0.00246	0.02724	0.00403	0.00360
19	0.10549	0.02735	0.11094	0.05256	0.01224	0.00818	0.00736	0.09374	0.06686	0.10291	0.05057	0.04402	0.03891	0.00525	0.00397	0.00120	0.00394	0.02062	0.00331	0.24056
20	0.00884	0.04799	0.79948	0.01228	0.01864	0.01035	0.01585	0.01379	0.00920	0.01370	0.00777	0.00914	0.00553	0.00413	0.00410	0.00137	0.00639	0.00320	0.00184	0.00642
21	0.00531	0.00380	0.00506	0.00607	0.00633	0.00354	0.00405	0.00607	0.00835	0.01113	0.02404	0.84388	0.02885	0.01366	0.00557	0.00177	0.00253	0.01240	0.00405	0.00354
22	0.01396	0.02054	0.06067	0.01108	0.01461	0.00823	0.24827	0.03408	0.04714	0.37093	0.09088	0.03531	0.01256	0.00534	0.00469	0.00140	0.00481	0.00507	0.00403	0.00644
23	0.00974	0.00981	0.01304	0.16089	0.02795	0.06063	0.00980	0.01164	0.04718	0.01108	0.00702	0.02079	0.00642	0.00679	0.01114	0.00175	0.57340	0.00393	0.00209	0.00493
24	0.00553	0.00398	0.00545	0.00623	0.00659	0.00395	0.00430	0.00643	0.00803	0.01086	0.02127	0.65570	0.02488	0.03779	0.17374	0.00290	0.00444	0.01068	0.00367	0.00359
25	0.01651	0.00989	0.01138	0.00894	0.01211	0.01032	0.00730	0.45696	0.04571	0.28883	0.01399	0.07514	0.01037	0.00595	0.00446	0.00136	0.00422	0.00476	0.00468	0.00711
26	0.00785	0.00718	0.01188	0.70286	0.02635	0.00877	0.01095	0.01047	0.00877	0.01124	0.01066	0.09400	0.02255	0.00573	0.00457	0.00151	0.00535	0.04236	0.00228	0.00466
27	0.01658	0.01222	0.01309	0.01003	0.01353	0.01353	0.00829	0.80497	0.02051	0.02749	0.01047	0.01047	0.00742	0.00524	0.00436	0.00131	0.00480	0.00393	0.00436	0.00742
28	0.01044	0.00896	0.01021	0.00977	0.06872	0.03240	0.02379	0.08887	0.46341	0.01831	0.19640	0.01871	0.01825	0.00630	0.00458	0.00142	0.00359	0.00538	0.00424	0.00625
29	0.00630	0.00449	0.00588	0.00581	0.00632	0.00449	0.01796	0.00727	0.00831	0.01143	0.20535	0.09991	0.02257	0.39095	0.13859	0.00359	0.00475	0.04933	0.00330	0.00339
