[name]
unknown

[dist]
# distance from previous block
# <min> <max>
0	80

[block]
# block no. 0 follows, 56 sequences, length 8
# corresponding to MSA columns:
# 97-104
name=unknown_A
#
# <colnr> <probs for GDERKNQSTAVLIFYWHMCP>
#	G	D	E	R	K	N	Q	S	T	A	V	L	I	F	Y	W	H	M	C	P
0	0.00992	0.01303	0.21545	0.20028	0.07878	0.03866	0.13460	0.01410	0.07279	0.04348	0.05519	0.05488	0.03741	0.00554	0.00479	0.00150	0.00578	0.00505	0.00278	0.00598
1	0.00661	0.00455	0.00542	0.00548	0.00584	0.00453	0.00354	0.00723	0.00793	0.01075	0.09354	0.06444	0.06682	0.53947	0.09243	0.00395	0.00469	0.04351	0.02601	0.00327
2	0.01091	0.04585	0.17800	0.10951	0.20462	0.08215	0.21269	0.01479	0.05107	0.01413	0.00979	0.01198	0.02447	0.00447	0.00467	0.00143	0.00645	0.00431	0.00236	0.00635
3	0.01009	0.00654	0.00773	0.00705	0.00895	0.00639	0.00537	0.05745	0.15195	0.15289	0.15414	0.20430	0.16762	0.00933	0.00515	0.00155	0.00306	0.00804	0.00469	0.02772
4	0.00579	0.00432	0.00541	0.00600	0.00672	0.00393	0.00425	0.00696	0.00994	0.01307	0.15898	0.48970	0.20653	0.01286	0.00571	0.00174	0.00258	0.04725	0.00439	0.00388
5	0.65732	0.09035	0.00937	0.00710	0.00998	0.13605	0.00585	0.01427	0.00876	0.01822	0.00650	0.00758	0.00521	0.00430	0.00305	0.00134	0.00441	0.00256	0.00268	0.00511
6	0.01255	0.01361	0.11633	0.01405	0.09859	0.09902	0.17592	0.13999	0.16324	0.04483	0.04965	0.01397	0.02636	0.00524	0.00476	0.00144	0.00573	0.00471	0.00336	0.00666
7	0.01102	0.01035	0.03768	0.00900	0.01303	0.06617	0.09106	0.04922	0.03085	0.04463	0.00897	0.01023	0.00712	0.00383	0.00383	0.00092	0.00443	0.00325	0.00287	0.59153

[dist]
# distance from previous block
# <min> <max>
0	15

[block]
# block no. 1 follows, 56 sequences, length 28
# corresponding to MSA columns:
# 120-147
name=unknown_B
#
# <colnr> <probs for GDERKNQSTAVLIFYWHMCP>
#	G	D	E	R	K	N	Q	S	T	A	V	L	I	F	Y	W	H	M	C	P
0	0.08150	0.00954	0.04213	0.01043	0.08730	0.00817	0.06130	0.07564	0.01130	0.19483	0.01100	0.03078	0.00833	0.00454	0.00406	0.00114	0.00425	0.00382	0.00348	0.34647
1	0.01269	0.08050	0.01323	0.01035	0.03062	0.03443	0.05349	0.21465	0.39069	0.01992	0.03311	0.06087	0.01259	0.00616	0.00462	0.00146	0.00442	0.00514	0.00416	0.00690
2	0.00760	0.00525	0.00640	0.00653	0.00779	0.00495	0.00495	0.03431	0.04638	0.06991	0.12516	0.29962	0.23394	0.01155	0.00558	0.00170	0.00294	0.11647	0.00448	0.00449
3	0.01191	0.00558	0.00726	0.00672	0.00846	0.00507	0.00514	0.01344	0.01084	0.31541	0.04582	0.29712	0.03603	0.00915	0.00490	0.00154	0.00309	0.04460	0.16251	0.00542
4	0.01527	0.01189	0.01478	0.10302	0.08741	0.05064	0.07527	0.41497	0.06748	0.09583	0.01131	0.01199	0.00814	0.00517	0.00464	0.00141	0.00539	0.00429	0.00391	0.00717
5	0.00883	0.00516	0.00642	0.00605	0.00760	0.00455	0.00455	0.01030	0.01131	0.17615	0.24058	0.21193	0.26799	0.01043	0.00536	0.00157	0.00268	0.00904	0.00476	0.00476
6	0.04071	0.01148	0.01177	0.02021	0.03456	0.11851	0.02045	0.23125	0.18096	0.06674	0.10221	0.01511	0.02386	0.00607	0.00530	0.00143	0.06248	0.00468	0.00399	0.03822
7	0.02419	0.00559	0.00654	0.00623	0.00752	0.00543	0.00457	0.08435	0.02786	0.04628	0.25633	0.21076	0.17781	0.09518	0.00715	0.00186	0.00294	0.00869	0.01623	0.00449
8	0.01012	0.00920	0.04079	0.00950	0.07895	0.00715	0.04003	0.01284	0.04061	0.03883	0.00896	0.01028	0.00723	0.00369	0.00370	0.00086	0.00391	0.00313	0.00280	0.66745
9	0.01166	0.00895	0.00991	0.00732	0.01121	0.05617	0.00585	0.01361	0.01028	0.13546	0.00960	0.01037	0.00744	0.00383	0.00363	0.00082	0.00378	0.00302	0.00315	0.68395
10	0.04749	0.07966	0.01363	0.02268	0.05514	0.01319	0.00831	0.54133	0.06020	0.02463	0.01104	0.01146	0.00816	0.00527	0.00428	0.00133	0.00470	0.00400	0.07634	0.00715
11	0.00761	0.00546	0.00662	0.00626	0.00764	0.00525	0.00472	0.04926	0.05833	0.05050	0.39672	0.13380	0.19006	0.01112	0.04403	0.00180	0.00305	0.00847	0.00465	0.00465
12	0.01067	0.00989	0.05946	0.00770	0.01185	0.02648	0.00657	0.08790	0.01085	0.03195	0.00861	0.00977	0.00691	0.00374	0.00362	0.00082	0.00389	0.00294	0.00290	0.69348
13	0.00591	0.00443	0.00537	0.00572	0.00655	0.00402	0.00406	0.00711	0.01013	0.01330	0.21044	0.33351	0.25313	0.07781	0.00704	0.00189	0.00265	0.03874	0.00433	0.00385
14	0.00696	0.00513	0.00718	0.00704	0.00769	0.00595	0.00533	0.00833	0.00742	0.01090	0.01246	0.01944	0.01201	0.16439	0.57019	0.00604	0.06377	0.00510	0.07070	0.00395
15	0.00596	0.00461	0.00543	0.00535	0.00656	0.00408	0.00397	0.00757	0.01154	0.01524	0.41223	0.11102	0.36833	0.01079	0.00546	0.00153	0.00228	0.00932	0.00464	0.00408
16	0.00999	0.00931	0.01541	0.51993	0.29264	0.01063	0.01301	0.04967	0.01020	0.01365	0.00846	0.01189	0.00659	0.00447	0.00457	0.00147	0.00585	0.00409	0.00224	0.00596
17	0.00972	0.00929	0.01594	0.51152	0.31578	0.01050	0.03644	0.01268	0.00969	0.01301	0.00837	0.01192	0.00657	0.00439	0.00460	0.00147	0.00592	0.00412	0.00213	0.00593
18	0.64694	0.09463	0.03007	0.00770	0.03532	0.09500	0.00626	0.01407	0.00864	0.01831	0.00658	0.00771	0.00526	0.00427	0.00308	0.00135	0.00432	0.00261	0.00266	0.00522
19	0.01356	0.01004	0.00989	0.00824	0.01066	0.07788	0.00658	0.34770	0.07039	0.03712	0.01270	0.01355	0.00957	0.00551	0.00434	0.00128	0.02691	0.00417	0.32374	0.00617
20	0.00574	0.00421	0.00542	0.00629	0.00682	0.00389	0.00439	0.00673	0.00929	0.01218	0.05319	0.64145	0.13777	0.01371	0.00582	0.00183	0.00272	0.07047	0.00428	0.00381
21	0.00629	0.00478	0.00586	0.00608	0.00713	0.00445	0.00455	0.00828	0.04193	0.01473	0.30153	0.23607	0.23341	0.01144	0.00560	0.00165	0.00262	0.09490	0.00455	0.00417
22	0.01612	0.01153	0.01258	0.00995	0.01321	0.01261	0.00809	0.64061	0.04965	0.06765	0.01321	0.09968	0.01064	0.00650	0.00473	0.00144	0.00468	0.00515	0.00462	0.00735
23	0.00566	0.00429	0.00522	0.00577	0.00654	0.00385	0.00403	0.00674	0.00985	0.01279	0.13201	0.48635	0.27452	0.01288	0.00567	0.00171	0.00249	0.01140	0.00436	0.00385
24	0.00872	0.00802	0.01192	0.01026	0.01165	0.04693	0.12783	0.03633	0.00869	0.01202	0.01118	0.02867	0.01054	0.06543	0.40158	0.00461	0.15494	0.03347	0.00253	0.00469
25	0.34076	0.02755	0.01017	0.00850	0.01137	0.23081	0.00678	0.10677	0.02614	0.14482	0.00953	0.00993	0.00701	0.00483	0.00373	0.00133	0.00504	0.00326	0.03577	0.00588
26	0.05525	0.01071	0.01066	0.04070	0.06268	0.18216	0.03664	0.07539	0.07840	0.08492	0.07091	0.13779	0.07577	0.03385	0.00533	0.00154	0.00480	0.00606	0.00366	0.02278
27	0.12975	0.07479	0.02527	0.01208	0.09227	0.16589	0.07330	0.13205	0.01201	0.06396	0.00961	0.03108	0.00804	0.00535	0.00502	0.00138	0.06751	0.03348	0.00302	0.05413

[dist]
# distance from previous block
# <min> <max>
6	60

[block]
# block no. 2 follows, 56 sequences, length 14
# corresponding to MSA columns:
# 213-226
name=unknown_C
#
# <colnr> <probs for GDERKNQSTAVLIFYWHMCP>
#	G	D	E	R	K	N	Q	S	T	A	V	L	I	F	Y	W	H	M	C	P
0	0.01094	0.01709	0.34044	0.12524	0.11060	0.09133	0.12185	0.05922	0.03159	0.01476	0.00868	0.01074	0.00653	0.00454	0.00483	0.00145	0.02753	0.00391	0.00231	0.00641
1	0.00716	0.00447	0.00579	0.00586	0.00626	0.00443	0.00394	0.00716	0.03954	0.00995	0.03346	0.11173	0.11788	0.18086	0.05478	0.39038	0.00408	0.00645	0.00289	0.00295
2	0.00768	0.00607	0.00780	0.02887	0.05045	0.00572	0.01760	0.03164	0.02425	0.03463	0.09054	0.22916	0.22753	0.05333	0.00643	0.00167	0.03033	0.02714	0.00384	0.11533
3	0.11820	0.05236	0.04655	0.04711	0.01375	0.19825	0.08460	0.09914	0.01124	0.05583	0.01021	0.06368	0.00916	0.07841	0.00693	0.00171	0.07866	0.01577	0.00293	0.00548
4	0.00861	0.00666	0.00839	0.00780	0.06235	0.00558	0.00531	0.00991	0.00911	0.03387	0.05030	0.13488	0.03488	0.11690	0.00777	0.06829	0.00354	0.00543	0.00309	0.41730
5	0.00813	0.03994	0.00727	0.00637	0.00735	0.00526	0.01960	0.00879	0.04202	0.05939	0.09830	0.13049	0.13575	0.09632	0.01132	0.29067	0.00353	0.02243	0.00340	0.00368
6	0.01179	0.03216	0.01364	0.11635	0.22034	0.01006	0.03384	0.13386	0.09217	0.06608	0.02598	0.01352	0.00918	0.03731	0.00704	0.10125	0.02582	0.00434	0.00310	0.04215
7	0.01341	0.01327	0.01415	0.30280	0.06552	0.22161	0.03725	0.20931	0.04904	0.01651	0.00914	0.01108	0.00694	0.00488	0.00450	0.00139	0.00632	0.00390	0.00290	0.00609
8	0.00639	0.00460	0.00574	0.00640	0.00682	0.00454	0.00434	0.00789	0.06007	0.01166	0.02206	0.51584	0.02553	0.22158	0.01024	0.00252	0.00330	0.07282	0.00391	0.00376
9	0.00698	0.00512	0.00686	0.06664	0.04718	0.00497	0.00538	0.00817	0.00935	0.04313	0.04679	0.31161	0.20907	0.08748	0.04657	0.02712	0.00376	0.05593	0.00379	0.00412
10	0.00968	0.00863	0.01141	0.10699	0.16195	0.07859	0.02411	0.04836	0.00977	0.03288	0.01273	0.13300	0.01256	0.07753	0.17671	0.00300	0.05486	0.02927	0.00286	0.00513
11	0.28550	0.02661	0.00820	0.00732	0.00903	0.08066	0.00573	0.01197	0.03539	0.03742	0.01012	0.01383	0.00894	0.07481	0.27138	0.01968	0.04332	0.00395	0.04148	0.00466
12	0.43292	0.00973	0.00851	0.06926	0.01136	0.09728	0.00614	0.06881	0.00985	0.03061	0.01105	0.04123	0.06740	0.00583	0.00430	0.04027	0.00426	0.00382	0.00301	0.07437
13	0.03591	0.02583	0.01131	0.02589	0.07378	0.03704	0.00752	0.33962	0.02427	0.01944	0.01544	0.06726	0.09962	0.05929	0.07424	0.00210	0.03031	0.00536	0.00369	0.04209

[dist]
# distance from previous block
# <min> <max>
0	5

[block]
# block no. 3 follows, 56 sequences, length 11
# corresponding to MSA columns:
# 232-242
name=unknown_D
#
# <colnr> <probs for GDERKNQSTAVLIFYWHMCP>
#	G	D	E	R	K	N	Q	S	T	A	V	L	I	F	Y	W	H	M	C	P
0	0.04147	0.00976	0.01001	0.00814	0.01103	0.08322	0.00642	0.19789	0.05518	0.12332	0.09898	0.04741	0.05497	0.03533	0.00507	0.00136	0.00414	0.00494	0.00402	0.19733
1	0.01516	0.01090	0.01255	0.01067	0.05982	0.04839	0.03537	0.37703	0.05466	0.14374	0.01264	0.04356	0.00990	0.06591	0.00591	0.00157	0.00481	0.00464	0.00414	0.07863
2	0.04470	0.00712	0.00916	0.08217	0.02994	0.00749	0.03267	0.11975	0.04051	0.04922	0.06914	0.23234	0.17431	0.00939	0.00563	0.00162	0.04214	0.03364	0.00395	0.00508
3	0.00660	0.00475	0.00654	0.00654	0.00707	0.00528	0.00470	0.00766	0.00713	0.01004	0.01306	0.02227	0.01331	0.31779	0.53962	0.00635	0.00953	0.00554	0.00257	0.00363
4	0.00984	0.01173	0.11112	0.01402	0.01690	0.01113	0.31672	0.03844	0.00971	0.01377	0.03685	0.04709	0.03256	0.00801	0.06087	0.00205	0.24584	0.00523	0.00250	0.00561
5	0.01057	0.01146	0.08689	0.15347	0.55555	0.01060	0.05001	0.01361	0.01028	0.01453	0.03353	0.01212	0.00807	0.00435	0.00460	0.00141	0.00568	0.00422	0.00230	0.00674
6	0.00564	0.00421	0.00518	0.00587	0.00648	0.00382	0.00401	0.00655	0.00930	0.01206	0.06408	0.56811	0.22417	0.04979	0.00650	0.00188	0.00264	0.01173	0.00423	0.00375
7	0.00870	0.00791	0.05896	0.00720	0.00938	0.00718	0.00600	0.12522	0.14073	0.01721	0.18963	0.05236	0.28960	0.03184	0.00564	0.00160	0.00330	0.02792	0.00435	0.00525
8	0.10207	0.01067	0.01132	0.00910	0.01215	0.01173	0.00735	0.47510	0.10732	0.07652	0.01273	0.04023	0.00982	0.04454	0.00527	0.00155	0.00441	0.00454	0.04667	0.00692
9	0.01246	0.07581	0.04648	0.01015	0.05175	0.06985	0.00801	0.11247	0.35244	0.04103	0.01314	0.01299	0.01001	0.00515	0.00424	0.00129	0.00443	0.00410	0.00373	0.16046
10	0.06637	0.11990	0.10544	0.08932	0.03732	0.01037	0.02594	0.12817	0.08006	0.04207	0.09942	0.03178	0.08462	0.00629	0.00447	0.00141	0.00449	0.03077	0.00345	0.02834

[dist]
# distance from previous block
# <min> <max>
0	7

[block]
# block no. 4 follows, 56 sequences, length 8
# corresponding to MSA columns:
# 250-257
name=unknown_E
#
# <colnr> <probs for GDERKNQSTAVLIFYWHMCP>
#	G	D	E	R	K	N	Q	S	T	A	V	L	I	F	Y	W	H	M	C	P
0	0.01146	0.00957	0.04717	0.03383	0.10496	0.00854	0.02173	0.05519	0.09630	0.10660	0.03686	0.01290	0.02335	0.00486	0.00479	0.00117	0.05396	0.00393	0.00331	0.35952
1	0.00774	0.00593	0.00629	0.00630	0.00703	0.04133	0.00427	0.03786	0.07904	0.01203	0.01956	0.21209	0.08034	0.36368	0.01327	0.02410	0.00389	0.03507	0.03630	0.00387
2	0.03702	0.03289	0.06795	0.04837	0.06846	0.24129	0.02956	0.31359	0.08285	0.01948	0.00983	0.01062	0.00742	0.00503	0.00439	0.00135	0.00606	0.00379	0.00336	0.00668
3	0.01134	0.00564	0.00709	0.00643	0.00823	0.00513	0.00492	0.01312	0.02819	0.28130	0.10625	0.18856	0.11947	0.03927	0.00556	0.00160	0.00302	0.02348	0.13607	0.00531
4	0.00605	0.00459	0.00637	0.00807	0.07172	0.00432	0.00502	0.00703	0.00901	0.01202	0.02501	0.72942	0.06727	0.01341	0.00573	0.00181	0.00287	0.01216	0.00410	0.00402
5	0.00801	0.07273	0.00764	0.00596	0.00756	0.00554	0.00466	0.00978	0.01190	0.09141	0.45288	0.08089	0.20504	0.00939	0.00517	0.00145	0.00262	0.00807	0.00464	0.00465
6	0.08256	0.01031	0.01156	0.00918	0.01250	0.01090	0.00749	0.37310	0.11349	0.26963	0.01431	0.04181	0.01025	0.00587	0.00452	0.00143	0.00432	0.00460	0.00479	0.00738
7	0.01923	0.01335	0.01472	0.01200	0.01595	0.01220	0.00912	0.26062	0.06839	0.16086	0.01668	0.01876	0.01332	0.00819	0.00639	0.00210	0.00586	0.00544	0.00571	0.33111

[dist]
# distance from previous block
# <min> <max>
0	29

[block]
# block no. 5 follows, 56 sequences, length 22
# corresponding to MSA columns:
# 293-314
name=unknown_F
#
# <colnr> <probs for GDERKNQSTAVLIFYWHMCP>
#	G	D	E	R	K	N	Q	S	T	A	V	L	I	F	Y	W	H	M	C	P
0	0.05352	0.07955	0.03253	0.02517	0.06692	0.22824	0.06414	0.14595	0.07005	0.06845	0.06194	0.03623	0.01045	0.00537	0.00437	0.00132	0.00563	0.00427	0.00332	0.03253
1	0.06593	0.05148	0.02508	0.04321	0.02447	0.10740	0.02908	0.12365	0.08046	0.08075	0.01130	0.04102	0.00945	0.06560	0.06001	0.00187	0.00533	0.00423	0.00330	0.16637
2	0.10914	0.03807	0.03689	0.01086	0.01372	0.14093	0.19961	0.06881	0.03965	0.01480	0.03166	0.01474	0.00969	0.15397	0.03669	0.00210	0.00601	0.00453	0.00280	0.06531
3	0.01142	0.01032	0.01474	0.29724	0.28363	0.03994	0.01160	0.14069	0.08284	0.01626	0.01032	0.04226	0.00837	0.00509	0.00461	0.00145	0.00545	0.00448	0.00286	0.00641
4	0.01403	0.01099	0.01170	0.00964	0.01273	0.01230	0.00774	0.37746	0.39069	0.02347	0.01471	0.01409	0.01086	0.00578	0.00454	0.00143	0.00422	0.00460	0.03532	0.03370
5	0.00609	0.00424	0.00514	0.00566	0.00587	0.00407	0.00354	0.00653	0.00789	0.01044	0.02131	0.42190	0.06252	0.39749	0.01398	0.00305	0.00348	0.00992	0.00357	0.00330
6	0.01011	0.00585	0.00718	0.03176	0.00866	0.00594	0.00514	0.05170	0.05666	0.13176	0.19665	0.02094	0.03163	0.01049	0.11760	0.00215	0.00417	0.00546	0.29101	0.00514
7	0.01172	0.01177	0.01110	0.00967	0.01167	0.21430	0.02654	0.09619	0.09769	0.01503	0.06565	0.13110	0.03799	0.00722	0.00625	0.00145	0.13259	0.00553	0.00334	0.10319
8	0.00570	0.00416	0.00538	0.00623	0.00672	0.00384	0.00429	0.00668	0.00934	0.01235	0.08533	0.66531	0.11505	0.01366	0.00580	0.00181	0.00264	0.03759	0.00432	0.00381
9	0.01269	0.07901	0.03855	0.01204	0.11080	0.25627	0.03278	0.06367	0.13952	0.03202	0.05612	0.03819	0.08098	0.00619	0.00474	0.01700	0.00548	0.00479	0.00324	0.00592
10	0.00559	0.00400	0.00533	0.00639	0.00666	0.00373	0.00426	0.00639	0.00879	0.01172	0.02530	0.83566	0.03036	0.01438	0.00586	0.00186	0.00266	0.01305	0.00426	0.00373
11	0.03223	0.55648	0.04646	0.00902	0.01262	0.19716	0.00833	0.04188	0.03694	0.01214	0.00717	0.00810	0.00621	0.00426	0.00337	0.00108	0.00566	0.00275	0.00225	0.00588
12	0.87108	0.00888	0.00675	0.00604	0.00888	0.01030	0.00497	0.01350	0.00781	0.02060	0.00639	0.00746	0.00497	0.00426	0.00284	0.00142	0.00355	0.00249	0.00284	0.00497
13	0.02839	0.01073	0.05101	0.09395	0.01457	0.01132	0.00842	0.22832	0.37306	0.05497	0.01601	0.03445	0.04203	0.00611	0.00465	0.00150	0.00436	0.00499	0.00423	0.00693
14	0.01256	0.01228	0.04304	0.01487	0.15702	0.12163	0.17196	0.10156	0.13704	0.06338	0.05297	0.03843	0.04093	0.00557	0.00481	0.00144	0.00558	0.00508	0.00339	0.00648
15	0.01207	0.78698	0.07671	0.00820	0.01232	0.01767	0.00846	0.01380	0.00935	0.01105	0.00651	0.00752	0.00589	0.00396	0.00304	0.00101	0.00503	0.00252	0.00196	0.00595
16	0.00797	0.00399	0.00598	0.00598	0.00598	0.00399	0.00399	0.00598	0.00598	0.00797	0.00797	0.01396	0.00797	0.01595	0.01794	0.86643	0.00399	0.00399	0.00199	0.00199
17	0.01486	0.00954	0.01028	0.00865	0.01100	0.14671	0.03340	0.03541	0.01145	0.34591	0.03331	0.03086	0.01162	0.07772	0.11855	0.00245	0.02998	0.00476	0.05758	0.00595
18	0.00586	0.00457	0.00532	0.00534	0.00652	0.00403	0.00392	0.00735	0.01119	0.01460	0.33471	0.15618	0.40164	0.01117	0.00549	0.00156	0.00231	0.00965	0.00457	0.00403
19	0.00697	0.00500	0.00676	0.00787	0.07830	0.00500	0.00473	0.00736	0.00791	0.01065	0.03671	0.26132	0.05816	0.30550	0.03766	0.12116	0.02423	0.00801	0.00316	0.00354
20	0.34312	0.04744	0.02487	0.01037	0.10834	0.13986	0.02538	0.01384	0.00951	0.01624	0.00742	0.00893	0.00607	0.00484	0.02349	0.00134	0.00493	0.00295	0.00259	0.19846
21	0.01241	0.01266	0.02713	0.14169	0.28449	0.16250	0.04532	0.10339	0.01182	0.01527	0.00845	0.01064	0.00678	0.00445	0.00462	0.00130	0.02561	0.00375	0.00257	0.11517

[dist]
# distance from previous block
# <min> <max>
0	2

[block]
# block no. 6 follows, 56 sequences, length 10
# corresponding to MSA columns:
# 320-324,326-330
name=unknown_G
#
# <colnr> <probs for GDERKNQSTAVLIFYWHMCP>
#	G	D	E	R	K	N	Q	S	T	A	V	L	I	F	Y	W	H	M	C	P
0	0.01339	0.30627	0.05590	0.04563	0.12567	0.25966	0.02387	0.04039	0.04486	0.01275	0.00779	0.00920	0.00653	0.00449	0.00414	0.00121	0.02668	0.00321	0.00234	0.00603
1	0.07557	0.00985	0.01169	0.10270	0.01460	0.03545	0.00795	0.23757	0.03656	0.39981	0.01385	0.01320	0.00923	0.00540	0.00447	0.00142	0.00459	0.00424	0.00463	0.00721
2	0.00568	0.00437	0.00520	0.00561	0.00651	0.00389	0.00397	0.00685	0.01015	0.01310	0.16399	0.39206	0.33720	0.01247	0.00562	0.00167	0.00245	0.01094	0.00439	0.00389
3	0.00820	0.00802	0.01414	0.01117	0.01337	0.00803	0.27930	0.01051	0.01062	0.01445	0.21481	0.09049	0.16951	0.00812	0.00675	0.00161	0.11510	0.00737	0.00348	0.00494
4	0.04069	0.00729	0.00904	0.00741	0.00999	0.00691	0.00590	0.11744	0.01321	0.39929	0.14481	0.06459	0.04092	0.04039	0.00543	0.00154	0.00354	0.00576	0.06948	0.00636
5	0.00661	0.00481	0.00680	0.00692	0.00756	0.00535	0.00518	0.00790	0.00752	0.01056	0.01417	0.05667	0.01445	0.20107	0.55964	0.00615	0.00966	0.06245	0.00273	0.00382
6	0.05248	0.01660	0.42716	0.01081	0.01567	0.01010	0.01200	0.07890	0.12648	0.12805	0.01166	0.01245	0.00842	0.02544	0.02606	0.00167	0.00563	0.00398	0.01967	0.00678
7	0.50942	0.05083	0.11299	0.05915	0.01317	0.03893	0.05528	0.06251	0.00948	0.01856	0.00745	0.00884	0.00570	0.00438	0.00347	0.00140	0.00466	0.00304	0.02522	0.00550
8	0.04363	0.05396	0.03626	0.01061	0.01357	0.41493	0.00848	0.16558	0.12304	0.03475	0.00972	0.01022	0.00752	0.00499	0.00419	0.00126	0.00636	0.00349	0.00318	0.04427
9	0.01575	0.03521	0.01284	0.01008	0.01330	0.08163	0.00816	0.48195	0.18229	0.06146	0.01300	0.04151	0.00986	0.00587	0.00457	0.00141	0.00489	0.00455	0.00439	0.00729

[dist]
# distance from previous block
# <min> <max>
0	1

[block]
# block no. 7 follows, 56 sequences, length 9
# corresponding to MSA columns:
# 332-340
name=unknown_H
#
# <colnr> <probs for GDERKNQSTAVLIFYWHMCP>
#	G	D	E	R	K	N	Q	S	T	A	V	L	I	F	Y	W	H	M	C	P
0	0.00558	0.00404	0.00528	0.00627	0.00663	0.00374	0.00421	0.00641	0.00891	0.01177	0.02682	0.77922	0.08583	0.01419	0.00583	0.00184	0.00264	0.01281	0.00426	0.00374
1	0.01099	0.07850	0.13983	0.06929	0.06877	0.07910	0.04432	0.11659	0.07715	0.01578	0.07714	0.03253	0.07407	0.02436	0.00582	0.00152	0.07027	0.00492	0.00311	0.00594
2	0.00600	0.00470	0.00560	0.03141	0.00736	0.00427	0.00427	0.00747	0.01083	0.01403	0.26974	0.14898	0.38698	0.03946	0.00611	0.00168	0.00259	0.04012	0.00438	0.00401
3	0.04463	0.01132	0.01513	0.10259	0.18019	0.07256	0.10870	0.18073	0.10930	0.03328	0.02752	0.04920	0.00968	0.00545	0.00497	0.00146	0.02877	0.00475	0.00327	0.00651
4	0.01032	0.02531	0.08116	0.03667	0.07063	0.06683	0.09561	0.06661	0.06410	0.01528	0.03185	0.08203	0.02787	0.00633	0.00483	0.00137	0.01793	0.08999	0.00314	0.20216
5	0.04283	0.01009	0.02911	0.10207	0.07010	0.05326	0.00846	0.18498	0.01209	0.04992	0.04509	0.02862	0.00968	0.03422	0.06857	0.00192	0.09941	0.00426	0.00315	0.14216
6	0.05763	0.00861	0.01167	0.15954	0.12607	0.03360	0.04406	0.07810	0.02388	0.04007	0.08321	0.05790	0.05552	0.04275	0.04143	0.00176	0.00493	0.00516	0.00315	0.12095
7	0.00747	0.04260	0.00818	0.02306	0.05825	0.00581	0.02708	0.02992	0.00982	0.02939	0.07008	0.28512	0.20568	0.11917	0.00759	0.00193	0.00340	0.00874	0.00374	0.05298
8	0.00984	0.00824	0.00943	0.03805	0.06251	0.06065	0.00612	0.02761	0.04099	0.03597	0.01132	0.04796	0.02599	0.11983	0.03048	0.06975	0.00440	0.00432	0.00288	0.38367

[dist]
# distance from previous block
# <min> <max>
3	48

[block]
# block no. 8 follows, 56 sequences, length 17
# corresponding to MSA columns:
# 392-408
name=unknown_I
#
# <colnr> <probs for GDERKNQSTAVLIFYWHMCP>
#	G	D	E	R	K	N	Q	S	T	A	V	L	I	F	Y	W	H	M	C	P
0	0.12727	0.01182	0.01164	0.08752	0.08649	0.18747	0.02335	0.09383	0.01111	0.01548	0.00853	0.01128	0.00724	0.07209	0.00567	0.00145	0.01797	0.00353	0.00273	0.21355
1	0.05129	0.01046	0.01222	0.11583	0.06975	0.07878	0.02632	0.23169	0.02897	0.05935	0.01285	0.05425	0.02360	0.00653	0.00522	0.00149	0.04569	0.09965	0.00353	0.06253
2	0.33627	0.03834	0.01290	0.02974	0.32593	0.06240	0.00924	0.03478	0.03877	0.03118	0.03514	0.01062	0.00780	0.00452	0.00386	0.00137	0.00470	0.00355	0.00278	0.00612
3	0.00670	0.00496	0.00698	0.02819	0.00796	0.00563	0.00515	0.00787	0.00727	0.01024	0.01308	0.04826	0.01329	0.25560	0.53184	0.00610	0.02889	0.00563	0.00259	0.00377
4	0.01006	0.00943	0.03082	0.06241	0.03622	0.00962	0.19618	0.02988	0.27537	0.03617	0.08476	0.03165	0.11303	0.00654	0.00533	0.00154	0.03199	0.00596	0.01699	0.00604
5	0.00710	0.00570	0.00785	0.03608	0.09735	0.00581	0.00592	0.00894	0.04664	0.01333	0.15505	0.33558	0.10637	0.06487	0.02406	0.01894	0.04311	0.00904	0.00383	0.00443
6	0.00716	0.00459	0.00576	0.00600	0.00697	0.00416	0.00429	0.00845	0.01036	0.08056	0.18830	0.42009	0.16822	0.01167	0.00545	0.00164	0.00258	0.01032	0.04918	0.00425
7	0.01380	0.10485	0.01798	0.04963	0.09828	0.06938	0.18181	0.27448	0.07621	0.03344	0.01009	0.01135	0.00766	0.00485	0.00481	0.00139	0.02574	0.00423	0.00326	0.00678
8	0.87108	0.00888	0.00675	0.00604	0.00888	0.01030	0.00497	0.01350	0.00781	0.02060	0.00639	0.00746	0.00497	0.00426	0.00284	0.00142	0.00355	0.00249	0.00284	0.00497
9	0.00867	0.00816	0.01377	0.82762	0.03162	0.01020	0.01275	0.01173	0.00918	0.01173	0.00816	0.01224	0.00612	0.00459	0.00459	0.00153	0.00612	0.00408	0.00204	0.00510
10	0.87108	0.00888	0.00675	0.00604	0.00888	0.01030	0.00497	0.01350	0.00781	0.02060	0.00639	0.00746	0.00497	0.00426	0.00284	0.00142	0.00355	0.00249	0.00284	0.00497
11	0.01387	0.01392	0.01322	0.01159	0.04364	0.29269	0.08562	0.19715	0.04486	0.03573	0.02896	0.07160	0.04835	0.00785	0.05404	0.00175	0.02097	0.00493	0.00333	0.00592
12	0.00826	0.00522	0.00651	0.00618	0.00759	0.00479	0.00463	0.01043	0.04961	0.12302	0.36807	0.18940	0.17825	0.01013	0.00536	0.00155	0.00260	0.00884	0.00482	0.00474
13	0.24323	0.00645	0.00680	0.00664	0.00818	0.00677	0.00496	0.09185	0.01055	0.03429	0.11777	0.37788	0.04827	0.00978	0.00481	0.00162	0.00311	0.00834	0.00404	0.00467
14	0.00564	0.00415	0.00529	0.00608	0.00660	0.00380	0.00415	0.00659	0.00936	0.01232	0.08708	0.65575	0.14918	0.01359	0.00576	0.00179	0.00258	0.01219	0.00432	0.00380
15	0.02744	0.00969	0.01238	0.00985	0.01253	0.04428	0.13180	0.27367	0.05366	0.02056	0.24102	0.02032	0.05865	0.02406	0.00529	0.00149	0.00443	0.00584	0.03710	0.00593
16	0.70669	0.01065	0.00802	0.00705	0.00991	0.10081	0.00571	0.07745	0.00951	0.02023	0.00685	0.00784	0.00531	0.00442	0.00313	0.00139	0.00420	0.00267	0.00293	0.00524

[dist]
# distance from previous block
# <min> <max>
2	11

[block]
# block no. 9 follows, 56 sequences, length 8
# corresponding to MSA columns:
# 427-434
name=unknown_J
#
# <colnr> <probs for GDERKNQSTAVLIFYWHMCP>
#	G	D	E	R	K	N	Q	S	T	A	V	L	I	F	Y	W	H	M	C	P
0	0.11960	0.02743	0.03585	0.01026	0.01357	0.04229	0.08135	0.37319	0.05312	0.07828	0.04509	0.03251	0.01081	0.00593	0.00457	0.00145	0.00492	0.04908	0.00403	0.00668
1	0.00594	0.00467	0.00537	0.00519	0.00652	0.00410	0.00389	0.00759	0.01168	0.01530	0.41342	0.03942	0.43944	0.01055	0.00542	0.00150	0.00225	0.00902	0.00464	0.00410
2	0.00660	0.00501	0.00711	0.00705	0.00780	0.00568	0.00536	0.00804	0.00785	0.01111	0.06310	0.04949	0.05688	0.10688	0.59246	0.00603	0.04097	0.00579	0.00279	0.00400
3	0.01404	0.01278	0.01541	0.05478	0.13098	0.14541	0.12555	0.19298	0.14571	0.07083	0.01128	0.01215	0.00845	0.00495	0.00461	0.00139	0.00573	0.00428	0.00345	0.03524
4	0.00675	0.00474	0.00560	0.00558	0.00679	0.00422	0.00410	0.00810	0.01076	0.05984	0.23641	0.17188	0.35924	0.06304	0.00660	0.00177	0.00262	0.03335	0.00446	0.00414
5	0.05919	0.16832	0.14608	0.01086	0.01439	0.15327	0.08461	0.09218	0.08228	0.01559	0.07591	0.01203	0.01000	0.00520	0.00481	0.00136	0.05103	0.00397	0.00288	0.00605
6	0.00569	0.00413	0.00538	0.00618	0.00665	0.00382	0.00421	0.00669	0.00945	0.01261	0.12554	0.67503	0.09055	0.01355	0.00577	0.00179	0.00258	0.01220	0.00436	0.00382
7	0.14733	0.06633	0.08096	0.07082	0.21895	0.03712	0.04625	0.04683	0.01061	0.11570	0.01193	0.01311	0.06358	0.00505	0.00449	0.00139	0.02514	0.00412	0.00297	0.02734

[dist]
# distance from previous block
# <min> <max>
0	2

[block]
# block no. 10 follows, 56 sequences, length 36
# corresponding to MSA columns:
# 437-472
name=unknown_K
#
# <colnr> <probs for GDERKNQSTAVLIFYWHMCP>
#	G	D	E	R	K	N	Q	S	T	A	V	L	I	F	Y	W	H	M	C	P
0	0.15282	0.15253	0.07026	0.01061	0.05469	0.15361	0.03387	0.15631	0.06488	0.03406	0.02837	0.01059	0.00794	0.00539	0.01858	0.00142	0.01854	0.00356	0.01580	0.00616
1	0.01064	0.40506	0.44608	0.01065	0.01610	0.01416	0.01272	0.01417	0.00952	0.01280	0.00737	0.00861	0.00585	0.00416	0.00370	0.00123	0.00591	0.00296	0.00195	0.00637
2	0.00991	0.07708	0.59299	0.01275	0.04355	0.03795	0.03206	0.03700	0.03574	0.01455	0.00911	0.03142	0.00705	0.00571	0.03237	0.00163	0.00662	0.00376	0.00222	0.00655
3	0.00633	0.00467	0.00533	0.00544	0.00663	0.00418	0.00397	0.00793	0.02858	0.03167	0.17634	0.23060	0.39603	0.01124	0.00536	0.00157	0.00243	0.00970	0.05789	0.00411
4	0.00655	0.00479	0.00600	0.03476	0.00788	0.00449	0.00468	0.02638	0.01040	0.03407	0.15120	0.39553	0.23706	0.01202	0.00559	0.00169	0.00278	0.04564	0.00435	0.00413
5	0.00573	0.00451	0.00517	0.00533	0.00647	0.00395	0.00387	0.00705	0.01070	0.01372	0.22868	0.22417	0.44092	0.01171	0.00552	0.00160	0.00236	0.01012	0.00446	0.00395
6	0.04305	0.03566	0.01559	0.14905	0.27069	0.24475	0.05624	0.06288	0.01152	0.03080	0.00852	0.01103	0.00694	0.02815	0.00492	0.00143	0.00634	0.00383	0.00250	0.00609
7	0.03683	0.01016	0.01447	0.24141	0.23202	0.01114	0.02175	0.24928	0.01338	0.05772	0.01018	0.03227	0.00797	0.00609	0.03400	0.00165	0.00560	0.00435	0.00315	0.00658
8	0.01169	0.23359	0.25823	0.09807	0.09776	0.06495	0.04771	0.07599	0.01086	0.03469	0.00823	0.00987	0.00641	0.00455	0.00431	0.01500	0.00597	0.00345	0.00234	0.00633
9	0.01498	0.01609	0.01291	0.01126	0.01315	0.42806	0.00884	0.11303	0.01227	0.05187	0.00817	0.00994	0.00675	0.00682	0.03678	0.00166	0.22037	0.00355	0.01790	0.00561
10	0.00557	0.00409	0.00523	0.00613	0.00659	0.00375	0.00415	0.00642	0.00904	0.01182	0.02848	0.71727	0.14671	0.01397	0.00579	0.00182	0.00261	0.01255	0.00426	0.00375
11	0.00561	0.00403	0.00533	0.00633	0.00665	0.00375	0.00424	0.00645	0.00893	0.01190	0.04457	0.79540	0.05141	0.01419	0.00584	0.00185	0.00264	0.01285	0.00428	0.00375
12	0.25417	0.00824	0.00966	0.00764	0.01100	0.00792	0.00631	0.03995	0.01190	0.57513	0.01471	0.01326	0.00952	0.00529	0.00413	0.00142	0.00384	0.00402	0.00487	0.00703
13	0.00634	0.00490	0.00541	0.00534	0.00672	0.00440	0.00403	0.03527	0.01121	0.01451	0.19902	0.10028	0.48701	0.01082	0.00533	0.00154	0.00247	0.03602	0.05526	0.00413
14	0.03402	0.01390	0.01295	0.01050	0.01375	0.15716	0.00844	0.51576	0.14602	0.02404	0.01147	0.01145	0.00842	0.00546	0.00449	0.00137	0.00537	0.00406	0.00417	0.00722
15	0.40501	0.00727	0.00692	0.00624	0.00835	0.00784	0.00493	0.07563	0.01101	0.01965	0.29515	0.04821	0.07375	0.00703	0.00418	0.00145	0.00307	0.00554	0.00392	0.00486
16	0.01397	0.02972	0.04922	0.03604	0.11601	0.33607	0.03457	0.10208	0.09578	0.04317	0.03062	0.05523	0.02622	0.00563	0.00450	0.00135	0.00615	0.00444	0.00312	0.00610
17	0.37146	0.06937	0.01101	0.00846	0.01151	0.12489	0.00690	0.20174	0.08930	0.05204	0.00926	0.00968	0.00698	0.00485	0.00370	0.00136	0.00469	0.00329	0.00342	0.00610
18	0.01046	0.02424	0.01406	0.05393	0.04192	0.03482	0.17393	0.05644	0.01061	0.04314	0.04913	0.05456	0.01038	0.03348	0.02568	0.00147	0.04105	0.00460	0.00293	0.31316
19	0.01027	0.03703	0.01010	0.12136	0.01270	0.03766	0.02110	0.08181	0.05209	0.10382	0.06013	0.21305	0.01650	0.07207	0.08758	0.00237	0.04477	0.00679	0.00363	0.00517
20	0.01134	0.58240	0.23987	0.00946	0.01401	0.01594	0.01044	0.01385	0.00933	0.01183	0.00687	0.00812	0.00588	0.00422	0.00385	0.00115	0.04060	0.00278	0.00196	0.00610
21	0.00654	0.00465	0.00552	0.00591	0.00690	0.00421	0.00420	0.00787	0.03152	0.05316	0.03232	0.42595	0.32081	0.04184	0.00623	0.00181	0.00273	0.02945	0.00429	0.00407
22	0.01250	0.01257	0.10192	0.06437	0.14805	0.09308	0.13753	0.07003	0.02263	0.11702	0.01228	0.01440	0.05066	0.00543	0.00549	0.00146	0.06745	0.02586	0.00303	0.03424
23	0.01579	0.07571	0.08687	0.01220	0.03757	0.48492	0.04940	0.12433	0.01346	0.04617	0.00828	0.00931	0.00647	0.00473	0.00424	0.00125	0.00719	0.00335	0.00273	0.00603
24	0.12361	0.00949	0.00919	0.00769	0.01022	0.07930	0.00614	0.24792	0.01377	0.14052	0.01278	0.03630	0.00967	0.00551	0.00394	0.00129	0.00401	0.00419	0.26844	0.00603
25	0.00766	0.03440	0.00686	0.00608	0.00761	0.00527	0.00471	0.02704	0.02531	0.07510	0.23152	0.11034	0.32349	0.01200	0.06220	0.00195	0.00340	0.04615	0.00438	0.00453
26	0.01065	0.00998	0.08631	0.00977	0.05978	0.02373	0.03155	0.15525	0.15365	0.04854	0.09625	0.03363	0.15843	0.08377	0.00671	0.00175	0.01439	0.00605	0.00393	0.00588
27	0.01190	0.01548	0.22166	0.04119	0.17286	0.13852	0.06169	0.06814	0.08423	0.03591	0.01062	0.03150	0.02054	0.00492	0.00448	0.00137	0.00593	0.00415	0.00277	0.06213
28	0.02881	0.05204	0.03456	0.03920	0.01210	0.04532	0.10947	0.03843	0.02103	0.04010	0.03741	0.01803	0.01168	0.11071	0.31663	0.00406	0.04049	0.03231	0.00277	0.00486
29	0.01132	0.06150	0.14971	0.10973	0.11104	0.11236	0.05057	0.09942	0.06640	0.01530	0.04008	0.04810	0.03234	0.02451	0.00517	0.00147	0.02364	0.00460	0.00287	0.02985
30	0.00879	0.00731	0.00762	0.03546	0.00910	0.08422	0.00549	0.10094	0.02839	0.01340	0.03251	0.27850	0.04193	0.22108	0.04375	0.00261	0.00458	0.06638	0.00361	0.00432
31	0.03737	0.00926	0.02808	0.04742	0.04729	0.05285	0.04215	0.07384	0.15997	0.02820	0.01584	0.12377	0.07428	0.00709	0.00535	0.03160	0.03082	0.00562	0.02311	0.15608
32	0.01114	0.05234	0.10585	0.00988	0.05515	0.11042	0.02193	0.10399	0.04806	0.05646	0.11812	0.06710	0.10324	0.00683	0.00465	0.00136	0.00460	0.02611	0.00358	0.08920
33	0.01244	0.01177	0.08305	0.04792	0.07266	0.07269	0.06792	0.12205	0.14710	0.08889	0.02394	0.02793	0.02459	0.00585	0.02165	0.00146	0.01629	0.00441	0.00346	0.14392
34	0.07143	0.04637	0.05321	0.02676	0.11179	0.07299	0.06689	0.11850	0.08255	0.06926	0.04344	0.05537	0.02528	0.00576	0.00475	0.00138	0.02768	0.02456	0.00337	0.08865
35	0.05979	0.04023	0.12463	0.03951	0.08561	0.04275	0.05560	0.08819	0.05901	0.06663	0.06274	0.06302	0.06819	0.00760	0.04273	0.00172	0.02513	0.01916	0.00331	0.04445

[dist]
# distance from previous block
# <min> <max>
18	102

[block]
# block no. 11 follows, 56 sequences, length 9
# corresponding to MSA columns:
# 586-594
name=unknown_L
#
# <colnr> <probs for GDERKNQSTAVLIFYWHMCP>
#	G	D	E	R	K	N	Q	S	T	A	V	L	I	F	Y	W	H	M	C	P
0	0.02663	0.00673	0.00853	0.04607	0.05022	0.00709	0.00610	0.12952	0.05069	0.04351	0.08460	0.10502	0.06598	0.11354	0.10913	0.10576	0.00498	0.02759	0.00355	0.00474
1	0.07638	0.01193	0.03371	0.07568	0.12108	0.14720	0.04043	0.17789	0.01250	0.04186	0.02911	0.07622	0.02607	0.00648	0.00588	0.03966	0.06418	0.00474	0.00313	0.00587
2	0.05515	0.08457	0.01061	0.07102	0.09260	0.03981	0.00684	0.07940	0.03688	0.01379	0.08335	0.06660	0.04294	0.06677	0.04803	0.18411	0.00474	0.00518	0.00298	0.00465
3	0.03065	0.00692	0.00822	0.03182	0.04984	0.00703	0.00578	0.14782	0.05272	0.05970	0.10343	0.17506	0.18930	0.10220	0.00715	0.00187	0.00354	0.00772	0.00413	0.00509
4	0.01072	0.05195	0.01555	0.19726	0.23125	0.01103	0.07896	0.10266	0.07030	0.01532	0.01253	0.01466	0.07236	0.00650	0.03600	0.00170	0.05762	0.00469	0.00281	0.00615
5	0.08715	0.05294	0.03939	0.09650	0.04511	0.10412	0.00850	0.09662	0.11257	0.01525	0.01199	0.04507	0.03475	0.00914	0.08393	0.01843	0.10097	0.02895	0.00302	0.00558
6	0.01097	0.03378	0.02861	0.06004	0.06111	0.04708	0.05477	0.15007	0.13640	0.03966	0.07386	0.09587	0.06866	0.00923	0.07284	0.00196	0.01726	0.00584	0.00368	0.02831
7	0.03834	0.00665	0.00811	0.00769	0.00913	0.00738	0.00590	0.11369	0.13261	0.01488	0.01662	0.16237	0.05136	0.01984	0.34279	0.04063	0.00718	0.00640	0.00348	0.00494
8	0.00992	0.02849	0.07715	0.04852	0.06124	0.04225	0.00807	0.06983	0.10322	0.04590	0.03114	0.03160	0.03836	0.08093	0.21479	0.00323	0.05899	0.02266	0.00311	0.02058

[dist]
# distance from previous block
# <min> <max>
7	34

[block]
# block no. 12 follows, 56 sequences, length 26
# corresponding to MSA columns:
# 633-658
name=unknown_M
#
# <colnr> <probs for GDERKNQSTAVLIFYWHMCP>
#	G	D	E	R	K	N	Q	S	T	A	V	L	I	F	Y	W	H	M	C	P
0	0.05178	0.19835	0.11045	0.04000	0.21749	0.07514	0.05444	0.06401	0.03278	0.03115	0.00859	0.01043	0.00699	0.00589	0.04271	0.00161	0.03572	0.00364	0.00248	0.00634
1	0.00658	0.00456	0.00570	0.00576	0.00601	0.00477	0.00371	0.00709	0.00700	0.00957	0.01451	0.07562	0.01605	0.56169	0.24716	0.00512	0.00656	0.00657	0.00278	0.00321
2	0.00599	0.00454	0.00554	0.00570	0.00673	0.00409	0.00420	0.00750	0.01107	0.01469	0.34336	0.23390	0.27702	0.01146	0.00557	0.00161	0.00243	0.04599	0.00458	0.00404
3	0.01113	0.01025	0.01658	0.15535	0.53949	0.02486	0.02843	0.03706	0.02960	0.03557	0.05918	0.01314	0.00959	0.00464	0.00462	0.00140	0.00536	0.00440	0.00262	0.00671
4	0.00590	0.00467	0.00531	0.00515	0.00649	0.00408	0.00386	0.00751	0.01159	0.01507	0.38457	0.03979	0.46843	0.01063	0.00542	0.00150	0.00225	0.00907	0.00461	0.00408
5	0.00989	0.00874	0.01211	0.15190	0.21769	0.03155	0.01929	0.07923	0.05718	0.03084	0.10343	0.02140	0.18645	0.00686	0.00533	0.00148	0.04171	0.00582	0.00336	0.00573
6	0.87108	0.00888	0.00675	0.00604	0.00888	0.01030	0.00497	0.01350	0.00781	0.02060	0.00639	0.00746	0.00497	0.00426	0.00284	0.00142	0.00355	0.00249	0.00284	0.00497
7	0.00952	0.00816	0.00952	0.00680	0.01088	0.00612	0.00544	0.01156	0.00952	0.01496	0.00816	0.00952	0.00680	0.00340	0.00340	0.00068	0.00340	0.00272	0.00272	0.86672
8	0.00902	0.00835	0.01368	0.78081	0.03056	0.01036	0.01248	0.03647	0.03023	0.01246	0.00852	0.01233	0.00638	0.00466	0.00459	0.00153	0.00602	0.00411	0.00219	0.00524
9	0.01352	0.03511	0.01159	0.00982	0.01245	0.21182	0.00765	0.15626	0.39052	0.01811	0.01499	0.02638	0.03577	0.02925	0.00504	0.00150	0.00503	0.00467	0.00394	0.00656
10	0.00567	0.00435	0.00519	0.00564	0.00652	0.00388	0.00398	0.00681	0.01006	0.01300	0.15248	0.41403	0.32672	0.01258	0.00563	0.00168	0.00246	0.01106	0.00438	0.00388
11	0.00568	0.00410	0.00535	0.00632	0.00669	0.00382	0.00429	0.00653	0.00889	0.01175	0.02622	0.73555	0.07673	0.03860	0.00637	0.00193	0.00275	0.04050	0.00422	0.00373
12	0.00590	0.00443	0.00544	0.00578	0.00664	0.00401	0.00414	0.00721	0.01045	0.01382	0.25619	0.34578	0.24212	0.03359	0.00609	0.00173	0.00253	0.03577	0.00445	0.00393
13	0.01108	0.01282	0.05489	0.01873	0.02340	0.01169	0.72992	0.04992	0.01128	0.01534	0.00933	0.01223	0.00696	0.00396	0.00534	0.00154	0.00758	0.00529	0.00241	0.00629
14	0.01536	0.01158	0.01242	0.01003	0.01331	0.01293	0.00812	0.48502	0.30645	0.05392	0.01408	0.01342	0.01021	0.00578	0.00462	0.00144	0.00449	0.00454	0.00466	0.00761
15	0.09199	0.01383	0.01168	0.00991	0.01251	0.26667	0.00780	0.27101	0.04005	0.07978	0.01067	0.01326	0.00869	0.06820	0.00626	0.00162	0.04438	0.03203	0.00355	0.00611
16	0.01197	0.01127	0.04908	0.00971	0.01225	0.09509	0.02827	0.22634	0.08286	0.01769	0.05812	0.01484	0.03759	0.03141	0.10837	0.00223	0.10244	0.00454	0.00339	0.09254
17	0.15521	0.02735	0.03823	0.01025	0.01302	0.22709	0.05570	0.14672	0.01225	0.03871	0.02070	0.01261	0.02683	0.00559	0.00534	0.00140	0.09355	0.03996	0.00305	0.06643
18	0.05383	0.00887	0.01098	0.04047	0.10720	0.04455	0.04011	0.06388	0.19195	0.07303	0.10286	0.08602	0.04917	0.04927	0.00609	0.00168	0.02935	0.03095	0.00387	0.00587
19	0.02410	0.09422	0.10765	0.01059	0.06745	0.04696	0.04237	0.12442	0.07867	0.01536	0.01202	0.03567	0.02344	0.08087	0.14429	0.00263	0.00635	0.02438	0.00299	0.05559
20	0.04676	0.03271	0.03034	0.01027	0.05128	0.07298	0.05242	0.10746	0.04372	0.04048	0.03936	0.11727	0.03501	0.04960	0.06903	0.00217	0.08948	0.08557	0.00338	0.02072
21	0.03159	0.02158	0.00984	0.02032	0.05864	0.00732	0.02949	0.08362	0.03921	0.02936	0.05085	0.03949	0.06904	0.12866	0.07074	0.00209	0.00459	0.00493	0.00321	0.29542
22	0.03616	0.07602	0.06879	0.05694	0.05592	0.06105	0.03644	0.04956	0.05763	0.13352	0.07490	0.13717	0.06270	0.02885	0.00566	0.00157	0.04177	0.00602	0.00361	0.00571
23	0.03909	0.04098	0.01226	0.06107	0.04224	0.08246	0.08621	0.12072	0.12049	0.01634	0.07253	0.05775	0.06852	0.03362	0.06484	0.00192	0.00532	0.00536	0.00343	0.06483
24	0.10165	0.04217	0.01303	0.06243	0.08071	0.14686	0.05603	0.18282	0.06223	0.01773	0.02832	0.01313	0.06090	0.00519	0.00426	0.00129	0.00517	0.00413	0.00322	0.10872
25	0.01230	0.03177	0.01161	0.05736	0.02833	0.13553	0.05451	0.12933	0.11023	0.09090	0.06001	0.08308	0.06025	0.05406	0.02583	0.00174	0.00507	0.01444	0.00373	0.02991

[dist]
# distance from previous block
# <min> <max>
5	47

[block]
# block no. 13 follows, 56 sequences, length 17
# corresponding to MSA columns:
# 712-728
name=unknown_N
#
# <colnr> <probs for GDERKNQSTAVLIFYWHMCP>
#	G	D	E	R	K	N	Q	S	T	A	V	L	I	F	Y	W	H	M	C	P
0	0.01326	0.07570	0.11006	0.01304	0.13706	0.09616	0.04697	0.16348	0.06187	0.09511	0.03160	0.03517	0.02158	0.00540	0.00447	0.00135	0.00529	0.02231	0.00337	0.05676
1	0.04395	0.04139	0.08325	0.01171	0.10991	0.07685	0.07533	0.07015	0.08036	0.07825	0.05116	0.11007	0.11478	0.00691	0.00474	0.00145	0.00470	0.00595	0.00352	0.02558
2	0.01079	0.02530	0.08443	0.04156	0.14173	0.02969	0.02853	0.11606	0.04328	0.03283	0.03283	0.01631	0.10054	0.00554	0.00453	0.00125	0.01538	0.02605	0.00317	0.24021
3	0.04195	0.10742	0.15034	0.01454	0.19052	0.02980	0.08264	0.07655	0.06260	0.08098	0.05196	0.04256	0.01035	0.01636	0.00491	0.00144	0.02102	0.00452	0.00304	0.00651
4	0.05024	0.08971	0.03452	0.03482	0.10880	0.10925	0.04814	0.13705	0.05256	0.05271	0.02557	0.05637	0.02815	0.00755	0.06396	0.00175	0.00564	0.00448	0.00317	0.08556
5	0.02964	0.03477	0.09113	0.02685	0.14828	0.09161	0.05840	0.09811	0.20298	0.05134	0.02620	0.03799	0.01003	0.00546	0.00495	0.00143	0.03887	0.00451	0.00334	0.03411
6	0.05185	0.04638	0.06173	0.03366	0.04693	0.12362	0.00840	0.23596	0.05726	0.11426	0.05446	0.01227	0.00973	0.00512	0.00426	0.00127	0.00499	0.00394	0.00368	0.12023
7	0.05682	0.10327	0.03758	0.10124	0.22764	0.09442	0.03277	0.06161	0.03389	0.09220	0.01195	0.04400	0.03307	0.00554	0.00444	0.00140	0.00528	0.04364	0.00301	0.00622
8	0.01308	0.37653	0.01792	0.01142	0.11956	0.17410	0.00855	0.05870	0.02692	0.03262	0.00855	0.04268	0.00756	0.00467	0.00372	0.00113	0.00539	0.00343	0.00254	0.08092
9	0.00865	0.00764	0.00927	0.00972	0.07668	0.08687	0.00682	0.04375	0.00873	0.01173	0.01132	0.01690	0.01062	0.09846	0.52623	0.00548	0.04927	0.00474	0.00253	0.00457
10	0.00610	0.00450	0.00584	0.00659	0.00708	0.00446	0.00454	0.00772	0.05737	0.01197	0.02354	0.64047	0.04663	0.04883	0.09865	0.00256	0.00388	0.01131	0.00402	0.00395
11	0.04861	0.01429	0.01212	0.01072	0.04598	0.28105	0.00798	0.34952	0.01536	0.01895	0.00969	0.01226	0.00805	0.09958	0.00707	0.03943	0.00597	0.00396	0.00337	0.00603
12	0.00714	0.00602	0.00764	0.00772	0.02861	0.04142	0.00574	0.00863	0.00863	0.01167	0.07784	0.05134	0.14179	0.04924	0.46949	0.00496	0.05880	0.00612	0.00298	0.00422
13	0.01216	0.00595	0.00795	0.00674	0.00881	0.00530	0.00530	0.01417	0.01305	0.33763	0.49050	0.02680	0.03048	0.00790	0.00509	0.00143	0.00287	0.00682	0.00531	0.00573
14	0.01132	0.00990	0.02410	0.04149	0.03100	0.03328	0.00776	0.11234	0.48883	0.01822	0.01554	0.01586	0.01202	0.01077	0.14394	0.00251	0.00560	0.00486	0.00402	0.00664
15	0.00618	0.00467	0.00571	0.00553	0.00672	0.00420	0.00416	0.00800	0.01206	0.01633	0.54160	0.06559	0.26402	0.01029	0.00546	0.00150	0.00228	0.02675	0.00478	0.00418
16	0.05076	0.21520	0.15153	0.03474	0.06021	0.02731	0.09682	0.15295	0.05248	0.03890	0.04008	0.01121	0.00841	0.00486	0.00457	0.00135	0.03540	0.00387	0.00289	0.00645

[dist]
# distance from previous block
# <min> <max>
4	6

[block]
# block no. 14 follows, 56 sequences, length 8
# corresponding to MSA columns:
