[name]
unknown

[dist]
# distance from previous block
# <min> <max>
0	16

[block]
# block no. 0 follows, 68 sequences, length 11
# corresponding to MSA columns:
# 16-26
name=unknown_A
#
# <colnr> <probs for GDERKNQSTAVLIFYWHMCP>
#	G	D	E	R	K	N	Q	S	T	A	V	L	I	F	Y	W	H	M	C	P
0	0.00529	0.00424	0.00477	0.00478	0.00595	0.00384	0.00362	0.00704	0.05050	0.01230	0.23021	0.10187	0.48232	0.00959	0.00473	0.00137	0.00216	0.05797	0.00386	0.00360
1	0.00637	0.00520	0.00782	0.08613	0.09962	0.00588	0.00606	0.00769	0.00691	0.00969	0.01154	0.14600	0.01183	0.11656	0.39349	0.00399	0.06378	0.00532	0.00232	0.00379
2	0.00577	0.00384	0.00432	0.00432	0.00432	0.00384	0.00240	0.00577	0.00577	0.00769	0.01249	0.02595	0.01441	0.86066	0.02018	0.00384	0.00384	0.00577	0.00240	0.00240
3	0.13639	0.00781	0.00849	0.00726	0.00906	0.02851	0.00574	0.31473	0.01107	0.01622	0.00936	0.01276	0.00815	0.11734	0.24941	0.00304	0.04321	0.00380	0.00288	0.00477
4	0.00996	0.00972	0.01536	0.11581	0.51884	0.05032	0.08903	0.05650	0.02924	0.01313	0.00767	0.00989	0.00622	0.00375	0.00413	0.00120	0.02094	0.00358	0.00211	0.03260
5	0.00615	0.00399	0.00486	0.00479	0.00501	0.00408	0.00299	0.00638	0.00602	0.03302	0.01206	0.02326	0.01322	0.65971	0.16289	0.03609	0.00499	0.00536	0.00241	0.00271
6	0.00891	0.07558	0.00788	0.00621	0.00798	0.05429	0.00480	0.01084	0.06466	0.14991	0.13978	0.26836	0.06153	0.00753	0.00418	0.00124	0.00297	0.00647	0.00359	0.11328
7	0.00561	0.00405	0.00530	0.00499	0.00592	0.00374	0.00374	0.00748	0.01122	0.01590	0.83383	0.02962	0.03741	0.00811	0.00468	0.00125	0.00187	0.00717	0.00436	0.00374
8	0.01152	0.07121	0.05229	0.00866	0.01130	0.13771	0.00717	0.16586	0.45743	0.01636	0.01221	0.01175	0.00921	0.00485	0.00383	0.00123	0.00419	0.00378	0.00344	0.00600
9	0.02405	0.06968	0.09890	0.05978	0.12810	0.15762	0.05308	0.21433	0.04234	0.01487	0.00810	0.02944	0.00651	0.00441	0.00427	0.00119	0.04939	0.00344	0.00254	0.02796
10	0.00936	0.01070	0.02340	0.01671	0.02072	0.01003	0.82152	0.01270	0.00936	0.01270	0.00802	0.01070	0.00602	0.00334	0.00468	0.00134	0.00668	0.00468	0.00201	0.00535

[dist]
# distance from previous block
# <min> <max>
0	3

[block]
# block no. 1 follows, 68 sequences, length 26
# corresponding to MSA columns:
# 30-55
name=unknown_B
#
# <colnr> <probs for GDERKNQSTAVLIFYWHMCP>
#	G	D	E	R	K	N	Q	S	T	A	V	L	I	F	Y	W	H	M	C	P
0	0.00881	0.00863	0.01540	0.22795	0.43574	0.00893	0.14573	0.01134	0.00891	0.01227	0.04595	0.01191	0.03252	0.00401	0.00412	0.00125	0.00497	0.00403	0.00208	0.00545
1	0.01337	0.01026	0.01094	0.00878	0.01165	0.01150	0.00712	0.56104	0.28307	0.02225	0.01168	0.01124	0.00849	0.00496	0.00399	0.00124	0.00396	0.00387	0.00399	0.00659
2	0.01100	0.01118	0.10061	0.14113	0.47864	0.03291	0.05297	0.01320	0.00978	0.05503	0.00904	0.01162	0.00734	0.00453	0.00446	0.00143	0.00536	0.00390	0.00252	0.04333
3	0.00686	0.00590	0.00845	0.00824	0.04417	0.00740	0.00617	0.00794	0.00633	0.00930	0.00908	0.02767	0.00901	0.12792	0.40812	0.00418	0.29318	0.00426	0.00205	0.00378
4	0.01245	0.00974	0.01013	0.00834	0.01095	0.03169	0.00669	0.42762	0.33579	0.02055	0.01228	0.01192	0.00906	0.00498	0.00390	0.00123	0.00377	0.00391	0.06874	0.00628
5	0.00570	0.00411	0.00565	0.00565	0.00611	0.00456	0.00406	0.00662	0.00616	0.00867	0.01128	0.01922	0.01150	0.32204	0.55480	0.00548	0.00824	0.00478	0.00222	0.00314
6	0.03855	0.00675	0.00888	0.00688	0.00980	0.00602	0.00566	0.05026	0.01133	0.73398	0.01498	0.01325	0.00958	0.00485	0.00387	0.00121	0.00331	0.00391	0.06044	0.00649
7	0.00487	0.00355	0.00451	0.00525	0.00561	0.00328	0.00352	0.00556	0.00766	0.01005	0.02363	0.70144	0.12936	0.06436	0.00594	0.00171	0.00236	0.01056	0.00360	0.00319
8	0.00561	0.00405	0.00530	0.00499	0.00592	0.00374	0.00374	0.00748	0.01122	0.01590	0.83383	0.02962	0.03741	0.00811	0.00468	0.00125	0.00187	0.00717	0.00436	0.00374
9	0.01481	0.01890	0.01124	0.01021	0.01226	0.84474	0.00766	0.01583	0.01124	0.00970	0.00613	0.00715	0.00511	0.00409	0.00358	0.00102	0.00715	0.00255	0.00204	0.00460
10	0.00484	0.00351	0.00457	0.00538	0.00572	0.00324	0.00363	0.00558	0.00780	0.01032	0.04394	0.77012	0.09249	0.01212	0.00502	0.00158	0.00227	0.01093	0.00370	0.00324
11	0.00941	0.00895	0.01521	0.11720	0.70973	0.00915	0.01180	0.01177	0.00891	0.01259	0.00798	0.01136	0.00686	0.00389	0.00399	0.00122	0.00473	0.03728	0.00201	0.00596
12	0.00822	0.00705	0.00822	0.00587	0.00940	0.00529	0.00470	0.00998	0.00822	0.01292	0.00705	0.00822	0.00587	0.00294	0.00294	0.00059	0.00294	0.00235	0.00235	0.88490
13	0.00476	0.00372	0.00432	0.00480	0.00556	0.00328	0.00336	0.00560	0.00829	0.01041	0.03068	0.46294	0.41565	0.01127	0.00488	0.00148	0.00216	0.00987	0.00368	0.00328
14	0.00622	0.00470	0.00575	0.00550	0.00655	0.00465	0.00408	0.02195	0.12486	0.01497	0.54775	0.13436	0.06518	0.02944	0.00501	0.00137	0.00220	0.00728	0.00415	0.00403
15	0.00902	0.00757	0.00920	0.00692	0.02689	0.02488	0.03967	0.02342	0.00867	0.05299	0.00753	0.00861	0.00607	0.00312	0.00311	0.00068	0.00327	0.00258	0.00247	0.75334
16	0.79809	0.00777	0.00648	0.00575	0.00795	0.00923	0.00474	0.01144	0.00668	0.01694	0.00549	0.00667	0.00439	0.00402	0.00354	0.00128	0.09059	0.00228	0.00238	0.00430
17	0.00867	0.00867	0.01214	0.01041	0.01041	0.01214	0.00867	0.00954	0.00607	0.00954	0.00520	0.00867	0.00520	0.00694	0.01301	0.00173	0.85340	0.00347	0.00173	0.00434
18	0.00550	0.00405	0.00515	0.00488	0.00586	0.00370	0.00366	0.00727	0.01097	0.01530	0.74195	0.03061	0.12967	0.00833	0.00468	0.00126	0.00189	0.00731	0.00429	0.00370
19	0.00488	0.00348	0.00465	0.00557	0.00582	0.00326	0.00376	0.00560	0.00764	0.01017	0.02183	0.83425	0.02612	0.01238	0.00507	0.00162	0.00234	0.03464	0.00368	0.00323
20	0.00541	0.00402	0.00504	0.00484	0.00581	0.00365	0.00361	0.00708	0.01068	0.01472	0.65658	0.06630	0.18033	0.00864	0.00469	0.00128	0.00191	0.00756	0.00421	0.00365
21	0.00650	0.00436	0.00530	0.00491	0.00604	0.00411	0.00373	0.04202	0.01086	0.03692	0.56889	0.02693	0.11320	0.00754	0.00433	0.00120	0.00202	0.00652	0.14071	0.00390
22	0.00822	0.00705	0.00822	0.00587	0.00940	0.00529	0.00470	0.00998	0.00822	0.01292	0.00705	0.00822	0.00587	0.00294	0.00294	0.00059	0.00294	0.00235	0.00235	0.88490
23	0.00544	0.00419	0.00591	0.00742	0.09126	0.00405	0.00460	0.00637	0.00766	0.01029	0.02011	0.61688	0.07035	0.03729	0.08639	0.00207	0.00338	0.00947	0.00332	0.00355
24	0.00817	0.00809	0.01205	0.74506	0.06570	0.07406	0.01081	0.01067	0.00824	0.01024	0.00700	0.01027	0.00532	0.00395	0.00393	0.00129	0.00540	0.00345	0.00179	0.00451
25	0.00939	0.00850	0.00946	0.03613	0.03168	0.08209	0.02710	0.03101	0.31370	0.03461	0.14405	0.02402	0.02300	0.00556	0.00500	0.00125	0.09885	0.00442	0.00329	0.10690

[dist]
# distance from previous block
# <min> <max>
0	1

[block]
# block no. 2 follows, 68 sequences, length 66
# corresponding to MSA columns:
# 57-122
name=unknown_C
#
# <colnr> <probs for GDERKNQSTAVLIFYWHMCP>
#	G	D	E	R	K	N	Q	S	T	A	V	L	I	F	Y	W	H	M	C	P
0	0.00678	0.00433	0.00543	0.02033	0.00651	0.00396	0.00386	0.00847	0.01054	0.09327	0.52893	0.02813	0.17915	0.00781	0.00445	0.00124	0.00210	0.00675	0.07402	0.00396
1	0.01861	0.03111	0.10253	0.00672	0.00902	0.00580	0.03718	0.04970	0.00901	0.02746	0.09361	0.17825	0.16085	0.00838	0.05362	0.00150	0.01431	0.00594	0.00303	0.18338
2	0.02940	0.00917	0.03281	0.47927	0.02022	0.10889	0.03154	0.06689	0.06111	0.02247	0.00804	0.01095	0.00633	0.04498	0.00504	0.00141	0.04078	0.00357	0.01243	0.00469
3	0.00512	0.00360	0.00462	0.00520	0.00546	0.00342	0.00341	0.00580	0.00761	0.01026	0.11287	0.58247	0.02494	0.19609	0.00830	0.00205	0.00259	0.00961	0.00348	0.00310
4	0.12437	0.00925	0.02861	0.03708	0.16039	0.03823	0.00776	0.24358	0.03190	0.13493	0.00929	0.01028	0.00697	0.00640	0.06840	0.00163	0.05758	0.00346	0.01416	0.00574
5	0.01012	0.60684	0.13108	0.00895	0.01277	0.01390	0.13315	0.02350	0.00845	0.01050	0.00617	0.00734	0.00525	0.00345	0.00306	0.00098	0.00484	0.00264	0.00177	0.00525
6	0.00486	0.00346	0.00459	0.00549	0.00571	0.00324	0.00365	0.00553	0.00754	0.01006	0.02160	0.83552	0.02590	0.03541	0.00547	0.00167	0.00234	0.01112	0.00365	0.00320
7	0.01100	0.04194	0.01026	0.02953	0.03476	0.09370	0.00679	0.14781	0.49308	0.01645	0.01331	0.01281	0.02590	0.00498	0.00389	0.00123	0.00385	0.00399	0.00355	0.04117
8	0.00952	0.06059	0.10346	0.03527	0.11644	0.04356	0.01522	0.05370	0.04176	0.05680	0.02446	0.02055	0.01609	0.02691	0.00393	0.00103	0.00396	0.01420	0.00252	0.35002
9	0.00897	0.14332	0.57302	0.01028	0.01521	0.02539	0.04459	0.02178	0.00870	0.04985	0.02027	0.00934	0.02354	0.00398	0.00375	0.00119	0.01413	0.00311	0.00196	0.01763
10	0.00795	0.02051	0.84011	0.01130	0.01716	0.00921	0.01465	0.01256	0.00837	0.01256	0.00712	0.00837	0.00502	0.00377	0.00377	0.00126	0.00586	0.00293	0.00167	0.00586
11	0.01324	0.01098	0.01091	0.00977	0.07394	0.15632	0.00727	0.40636	0.04742	0.07443	0.06379	0.02196	0.02737	0.00507	0.00423	0.00119	0.03082	0.00389	0.02519	0.00585
12	0.00934	0.03281	0.03273	0.02069	0.02145	0.00720	0.16324	0.11356	0.04362	0.11936	0.12706	0.02950	0.22770	0.00645	0.00449	0.00129	0.01441	0.01667	0.00347	0.00495
13	0.01060	0.86304	0.02078	0.00678	0.01018	0.01569	0.00678	0.01187	0.00806	0.00933	0.00551	0.00636	0.00509	0.00339	0.00254	0.00085	0.00424	0.00212	0.00170	0.00509
14	0.00568	0.00413	0.00567	0.00571	0.00615	0.00458	0.00410	0.00658	0.00626	0.00879	0.01197	0.08125	0.01249	0.29389	0.50652	0.00514	0.02035	0.00524	0.00232	0.00316
15	0.00590	0.00411	0.00517	0.00544	0.00585	0.00417	0.00392	0.00665	0.00699	0.00925	0.01600	0.03097	0.05027	0.47495	0.10768	0.00341	0.00447	0.24904	0.00280	0.00295
16	0.02125	0.10839	0.04835	0.09740	0.07108	0.16662	0.09935	0.05349	0.03167	0.11483	0.01053	0.10739	0.01629	0.00521	0.00404	0.00123	0.01307	0.02200	0.00269	0.00512
17	0.01065	0.00848	0.00907	0.00800	0.01033	0.00965	0.00627	0.06886	0.71426	0.07048	0.01566	0.01439	0.01160	0.00530	0.00401	0.00132	0.00321	0.00438	0.01778	0.00629
18	0.00516	0.00376	0.00486	0.00518	0.00580	0.00346	0.00366	0.00639	0.00928	0.01268	0.37642	0.43586	0.09206	0.01036	0.00487	0.00143	0.00209	0.00927	0.00398	0.00346
19	0.00913	0.01012	0.02089	0.03858	0.04181	0.01013	0.64460	0.01202	0.00881	0.01214	0.00788	0.02851	0.00632	0.00407	0.00582	0.00139	0.12605	0.00459	0.00200	0.00516
20	0.00676	0.00558	0.00787	0.12529	0.09471	0.00586	0.01872	0.03144	0.10915	0.01221	0.09846	0.40653	0.03442	0.01832	0.00476	0.00146	0.00316	0.00773	0.00332	0.00425
21	0.00523	0.00404	0.00479	0.00475	0.00581	0.00360	0.00359	0.00667	0.00999	0.01318	0.40975	0.07682	0.37070	0.00931	0.00475	0.00134	0.00206	0.05607	0.00400	0.00354
22	0.01015	0.00924	0.03120	0.02295	0.01273	0.03309	0.16711	0.09001	0.00869	0.08847	0.00772	0.01016	0.00634	0.00755	0.08004	0.00191	0.39219	0.00378	0.00235	0.01433
23	0.11791	0.02156	0.04741	0.29045	0.20239	0.03062	0.15460	0.04271	0.00889	0.03587	0.00742	0.00972	0.00568	0.00377	0.00386	0.00126	0.00510	0.00351	0.00211	0.00521
24	0.00601	0.00393	0.00461	0.00457	0.00480	0.00384	0.00277	0.00636	0.00680	0.03175	0.12761	0.08203	0.01829	0.66148	0.01656	0.00326	0.00345	0.00628	0.00283	0.00276
25	0.00473	0.00401	0.00409	0.00412	0.00542	0.00337	0.00309	0.00576	0.00905	0.01081	0.05409	0.05687	0.78947	0.01007	0.00471	0.00135	0.00204	0.01992	0.00369	0.00336
26	0.00873	0.01207	0.26329	0.09949	0.21068	0.00891	0.09882	0.05974	0.07037	0.01324	0.02208	0.02284	0.05040	0.00534	0.03551	0.00146	0.00520	0.00398	0.00228	0.00556
27	0.00857	0.03695	0.03597	0.05889	0.21087	0.00794	0.01946	0.04225	0.03019	0.03650	0.00860	0.04045	0.00786	0.04774	0.10843	0.16154	0.12722	0.00395	0.00218	0.00443
28	0.00726	0.00822	0.12244	0.00832	0.02155	0.02609	0.06413	0.00972	0.05591	0.02303	0.21497	0.11540	0.06912	0.02037	0.05450	0.00173	0.14960	0.02029	0.00299	0.00437
29	0.00605	0.00461	0.00642	0.00632	0.00705	0.00533	0.00481	0.00803	0.06897	0.00959	0.01117	0.01667	0.01055	0.13006	0.66360	0.00559	0.02482	0.00444	0.00230	0.00362
30	0.10111	0.00973	0.02441	0.04402	0.52438	0.06095	0.02031	0.03997	0.03877	0.01360	0.00755	0.00949	0.00620	0.00384	0.00408	0.00119	0.03830	0.00334	0.01853	0.03024
31	0.03656	0.00716	0.00933	0.00720	0.01024	0.00651	0.00594	0.08132	0.03524	0.73410	0.01496	0.01307	0.00952	0.00488	0.00395	0.00123	0.00344	0.00393	0.00476	0.00668
32	0.02425	0.68113	0.01971	0.00794	0.01126	0.07795	0.08145	0.01248	0.00850	0.03554	0.00610	0.00704	0.00531	0.00349	0.00286	0.00092	0.00464	0.00245	0.00186	0.00511
33	0.13577	0.00940	0.01030	0.00800	0.01105	0.01000	0.00661	0.48460	0.01495	0.25367	0.01070	0.01022	0.00727	0.00465	0.00376	0.00121	0.00391	0.00349	0.00402	0.00641
34	0.00549	0.00404	0.00523	0.00592	0.00646	0.00396	0.00426	0.00723	0.07066	0.01126	0.07524	0.61065	0.03641	0.01136	0.00501	0.00159	0.00253	0.12542	0.00375	0.00355
35	0.01461	0.01859	0.01169	0.01046	0.01258	0.81336	0.03826	0.01571	0.01117	0.00982	0.00620	0.00728	0.00514	0.00406	0.00362	0.00103	0.00713	0.00263	0.00204	0.00462
36	0.00481	0.00393	0.00425	0.00436	0.00548	0.00337	0.00320	0.00586	0.00906	0.01120	0.12540	0.16444	0.62048	0.01020	0.00474	0.00137	0.00204	0.00869	0.00376	0.00337
37	0.03321	0.00716	0.00930	0.00718	0.01017	0.00655	0.00592	0.11109	0.01210	0.69894	0.04551	0.01351	0.01040	0.00499	0.00398	0.00122	0.00343	0.00402	0.00473	0.00659
38	0.00476	0.00404	0.00413	0.00416	0.00547	0.00340	0.00315	0.00581	0.00907	0.01083	0.05166	0.03828	0.79125	0.01005	0.00472	0.00136	0.00207	0.03874	0.00369	0.00336
39	0.00936	0.01070	0.02340	0.01671	0.02072	0.01003	0.82152	0.01270	0.00936	0.01270	0.00802	0.01070	0.00602	0.00334	0.00468	0.00134	0.00668	0.00468	0.00201	0.00535
40	0.01060	0.86304	0.02078	0.00678	0.01018	0.01569	0.00678	0.01187	0.00806	0.00933	0.00551	0.00636	0.00509	0.00339	0.00254	0.00085	0.00424	0.00212	0.00170	0.00509
41	0.88866	0.00767	0.00583	0.00521	0.00767	0.00889	0.00429	0.01166	0.00675	0.01779	0.00552	0.00644	0.00429	0.00368	0.00245	0.00123	0.00307	0.00215	0.00245	0.00429
42	0.00819	0.00693	0.00786	0.00591	0.00900	0.02487	0.00467	0.01010	0.02816	0.02894	0.06174	0.03543	0.04369	0.00396	0.00324	0.00073	0.00292	0.00325	0.00265	0.70775
43	0.00846	0.01478	0.53347	0.00922	0.01348	0.00748	0.01083	0.02637	0.00882	0.10056	0.01271	0.12112	0.07170	0.00553	0.00399	0.00129	0.00466	0.00457	0.03560	0.00536
44	0.01690	0.00770	0.00974	0.00751	0.01054	0.00729	0.00618	0.20694	0.01298	0.63203	0.01433	0.02922	0.00942	0.00502	0.00400	0.00123	0.00358	0.00403	0.00466	0.00668
45	0.88866	0.00767	0.00583	0.00521	0.00767	0.00889	0.00429	0.01166	0.00675	0.01779	0.00552	0.00644	0.00429	0.00368	0.00245	0.00123	0.00307	0.00215	0.00245	0.00429
46	0.00936	0.01070	0.02340	0.01671	0.02072	0.01003	0.82152	0.01270	0.00936	0.01270	0.00802	0.01070	0.00602	0.00334	0.00468	0.00134	0.00668	0.00468	0.00201	0.00535
47	0.01334	0.01020	0.01090	0.00874	0.01158	0.01140	0.00709	0.57173	0.25577	0.02223	0.01170	0.02779	0.00870	0.00509	0.00401	0.00124	0.00396	0.00399	0.00398	0.00654
48	0.00548	0.00406	0.00512	0.00488	0.00588	0.00370	0.00368	0.00722	0.01085	0.01503	0.69752	0.03120	0.15913	0.00845	0.00469	0.00127	0.00192	0.02198	0.00425	0.00368
49	0.00851	0.00693	0.00819	0.00594	0.00934	0.00529	0.00475	0.01025	0.00828	0.04607	0.00753	0.00871	0.00618	0.00402	0.03464	0.00083	0.00324	0.00249	0.00244	0.81635
50	0.00867	0.00867	0.01214	0.01041	0.01041	0.01214	0.00867	0.00954	0.00607	0.00954	0.00520	0.00867	0.00520	0.00694	0.01301	0.00173	0.85340	0.00347	0.00173	0.00434
51	0.00508	0.00364	0.00482	0.00535	0.00581	0.00339	0.00370	0.00615	0.00876	0.01198	0.28235	0.59228	0.02981	0.01104	0.00494	0.00149	0.00216	0.00996	0.00390	0.00339
52	0.00867	0.00867	0.01214	0.01041	0.01041	0.01214	0.00867	0.00954	0.00607	0.00954	0.00520	0.00867	0.00520	0.00694	0.01301	0.00173	0.85340	0.00347	0.00173	0.00434
53	0.01033	0.00724	0.00789	0.00701	0.00908	0.00798	0.00548	0.01822	0.54162	0.12525	0.03565	0.01498	0.01205	0.00524	0.00380	0.00125	0.00289	0.00433	0.17394	0.00578
54	0.00867	0.00867	0.01214	0.01041	0.01041	0.01214	0.00867	0.00954	0.00607	0.00954	0.00520	0.00867	0.00520	0.00694	0.01301	0.00173	0.85340	0.00347	0.00173	0.00434
55	0.00483	0.00391	0.00430	0.00444	0.00551	0.00337	0.00324	0.00589	0.00903	0.01126	0.13883	0.20167	0.56932	0.01027	0.00476	0.00138	0.00205	0.00880	0.00377	0.00337
56	0.00469	0.00401	0.00403	0.00405	0.00536	0.00334	0.00303	0.00569	0.00901	0.01070	0.03981	0.05404	0.81866	0.01009	0.00469	0.00134	0.00201	0.00842	0.00368	0.00334
57	0.00822	0.00705	0.00822	0.00587	0.00940	0.00529	0.00470	0.00998	0.00822	0.01292	0.00705	0.00822	0.00587	0.00294	0.00294	0.00059	0.00294	0.00235	0.00235	0.88490
58	0.00749	0.00705	0.01189	0.85113	0.02731	0.00881	0.01101	0.01013	0.00793	0.01013	0.00705	0.01057	0.00529	0.00396	0.00396	0.00132	0.00529	0.00352	0.00176	0.00440
59	0.00636	0.00514	0.00753	0.05144	0.04894	0.00607	0.00572	0.00782	0.01899	0.00959	0.03290	0.01587	0.01030	0.12016	0.53785	0.00484	0.10021	0.00435	0.00218	0.00372
60	0.01950	0.00799	0.07435	0.22146	0.27404	0.00750	0.02148	0.01032	0.00848	0.05216	0.02726	0.13200	0.06141	0.02278	0.02431	0.00148	0.01431	0.01180	0.00246	0.00492
61	0.02591	0.05475	0.03552	0.01057	0.14491	0.12056	0.01882	0.01410	0.20135	0.08718	0.05023	0.08337	0.03505	0.01747	0.00468	0.00129	0.05032	0.01494	0.00304	0.02594
62	0.09514	0.45609	0.01571	0.00796	0.01069	0.31054	0.00692	0.01320	0.00901	0.01027	0.00572	0.00672	0.00502	0.00377	0.00321	0.00097	0.03003	0.00232	0.00189	0.00482
63	0.24661	0.03224	0.02397	0.00836	0.03111	0.40974	0.00629	0.01285	0.02439	0.01219	0.00881	0.14900	0.00857	0.00535	0.00352	0.00118	0.00502	0.00396	0.00245	0.00439
64	0.00635	0.00511	0.02921	0.00596	0.01778	0.00464	0.00462	0.00761	0.00808	0.03342	0.11168	0.08224	0.18076	0.07702	0.18464	0.03787	0.03038	0.05738	0.01321	0.10204
65	0.67266	0.04713	0.00762	0.00651	0.02748	0.12528	0.00513	0.03475	0.00784	0.01629	0.00621	0.00711	0.01527	0.00383	0.00272	0.00118	0.00375	0.00235	0.00241	0.00447

[dist]
# distance from previous block
# <min> <max>
0	1

[block]
# block no. 3 follows, 68 sequences, length 10
# corresponding to MSA columns:
# 124-133
name=unknown_D
#
# <colnr> <probs for GDERKNQSTAVLIFYWHMCP>
#	G	D	E	R	K	N	Q	S	T	A	V	L	I	F	Y	W	H	M	C	P
0	0.01045	0.79696	0.02011	0.00706	0.01019	0.01541	0.00693	0.01169	0.00790	0.00934	0.00549	0.00654	0.00510	0.00367	0.00335	0.00092	0.06992	0.00222	0.00170	0.00503
1	0.17650	0.13041	0.05882	0.09121	0.17347	0.00999	0.04347	0.12560	0.00990	0.10786	0.00840	0.03311	0.00659	0.00416	0.00352	0.00118	0.00427	0.00336	0.00264	0.00553
2	0.00495	0.00401	0.00440	0.00445	0.00561	0.00347	0.00334	0.00613	0.00936	0.01172	0.19138	0.09351	0.59045	0.00987	0.00474	0.00136	0.00207	0.04193	0.00381	0.00343
3	0.00613	0.00493	0.00726	0.00699	0.00759	0.00606	0.00553	0.00746	0.00633	0.00926	0.00979	0.01452	0.00919	0.02624	0.71748	0.00566	0.13975	0.00413	0.00206	0.00366
4	0.03985	0.11141	0.29526	0.07612	0.07134	0.05280	0.09152	0.04804	0.09625	0.03081	0.00880	0.04500	0.00704	0.00430	0.00378	0.00122	0.00505	0.00362	0.00229	0.00551
5	0.00791	0.03342	0.01160	0.09332	0.26239	0.00712	0.08431	0.00978	0.00863	0.03711	0.02809	0.22763	0.02652	0.00712	0.00466	0.00141	0.01985	0.12164	0.00277	0.00472
6	0.00493	0.00359	0.00467	0.00549	0.00588	0.00333	0.00380	0.00573	0.00785	0.01030	0.02366	0.71730	0.10825	0.01208	0.00505	0.00160	0.00237	0.06719	0.00368	0.00326
7	0.00996	0.33072	0.31017	0.01019	0.05608	0.08379	0.02885	0.04096	0.00874	0.01134	0.00641	0.00771	0.00522	0.00391	0.00405	0.00112	0.07084	0.00273	0.00182	0.00539
8	0.06308	0.17584	0.08861	0.05230	0.14284	0.09510	0.07013	0.14076	0.02823	0.04011	0.01997	0.02875	0.00684	0.00424	0.00387	0.00116	0.02686	0.00338	0.00244	0.00549
9	0.00858	0.00820	0.07927	0.00936	0.12272	0.08888	0.02399	0.03553	0.05262	0.01121	0.05346	0.02945	0.00921	0.02528	0.03228	0.28466	0.01512	0.00382	0.07036	0.03599

[dist]
# distance from previous block
# <min> <max>
10	45

[block]
# block no. 4 follows, 68 sequences, length 26
# corresponding to MSA columns:
# 187-211,213
name=unknown_E
#
# <colnr> <probs for GDERKNQSTAVLIFYWHMCP>
#	G	D	E	R	K	N	Q	S	T	A	V	L	I	F	Y	W	H	M	C	P
0	0.09255	0.02460	0.00797	0.00644	0.00870	0.04523	0.00514	0.07425	0.01046	0.29029	0.14463	0.06562	0.04085	0.04138	0.00461	0.00130	0.00325	0.03427	0.00380	0.09465
1	0.03540	0.06701	0.04073	0.02558	0.37827	0.04058	0.04312	0.02269	0.04124	0.05531	0.08138	0.05945	0.02202	0.00466	0.00388	0.00116	0.00417	0.00419	0.00257	0.06659
2	0.02161	0.13073	0.01081	0.01618	0.02815	0.02951	0.02266	0.07007	0.00945	0.10077	0.02113	0.00986	0.03099	0.00370	0.00322	0.00082	0.00348	0.00292	0.00268	0.48123
3	0.01029	0.70549	0.04010	0.00754	0.04193	0.03446	0.00698	0.01173	0.00830	0.01001	0.03420	0.00748	0.00629	0.00356	0.00275	0.00087	0.00421	0.00239	0.00185	0.05958
4	0.04135	0.30043	0.12841	0.02204	0.05003	0.06312	0.00773	0.08689	0.02214	0.12584	0.05044	0.02801	0.01927	0.01623	0.02094	0.00124	0.00446	0.00339	0.00266	0.00538
5	0.05792	0.15104	0.19974	0.04115	0.04773	0.01025	0.32366	0.03156	0.00903	0.02974	0.03638	0.00998	0.00682	0.00375	0.00388	0.00121	0.00538	0.00368	0.02177	0.00533
6	0.00815	0.00774	0.01188	0.74625	0.04420	0.04108	0.01065	0.03864	0.03254	0.01088	0.00737	0.01051	0.00555	0.00403	0.00395	0.00130	0.00525	0.00352	0.00192	0.00459
7	0.03781	0.00660	0.02968	0.04950	0.16432	0.00640	0.03204	0.02895	0.05546	0.03200	0.19939	0.06353	0.09242	0.07261	0.03291	0.00165	0.02250	0.03877	0.00310	0.03036
8	0.02588	0.04606	0.26077	0.00804	0.01200	0.05839	0.00819	0.01314	0.00914	0.18619	0.02598	0.00965	0.00700	0.00381	0.00346	0.00099	0.00420	0.00297	0.00268	0.31147
9	0.00786	0.00732	0.01226	0.74791	0.02570	0.00889	0.05315	0.03588	0.02211	0.01094	0.00746	0.01071	0.00559	0.00399	0.00398	0.00131	0.00522	0.00361	0.02157	0.00454
10	0.01155	0.04462	0.01016	0.00814	0.01067	0.02727	0.00652	0.27910	0.43494	0.03564	0.01371	0.03786	0.02378	0.00529	0.00394	0.00125	0.00360	0.00426	0.01634	0.02137
11	0.00915	0.05732	0.16797	0.00895	0.04165	0.00701	0.07720	0.02672	0.01960	0.13235	0.03784	0.07570	0.05677	0.00627	0.00423	0.00130	0.00406	0.16235	0.00304	0.10053
12	0.00953	0.10015	0.52185	0.01136	0.06005	0.02683	0.06064	0.05002	0.05033	0.06090	0.00807	0.00904	0.00587	0.00389	0.00374	0.00121	0.00537	0.00315	0.00213	0.00586
13	0.00860	0.19303	0.29288	0.02069	0.02658	0.00933	0.04847	0.02019	0.06071	0.04318	0.17935	0.01402	0.03771	0.00498	0.00401	0.00119	0.02325	0.00406	0.00261	0.00518
14	0.00626	0.00447	0.00624	0.00715	0.00800	0.00445	0.00616	0.00798	0.00900	0.01172	0.02107	0.11452	0.02311	0.01108	0.00544	0.00181	0.00354	0.74076	0.00365	0.00361
15	0.01941	0.01023	0.15655	0.05228	0.14381	0.02523	0.03734	0.11176	0.02950	0.17621	0.03093	0.03643	0.03495	0.04578	0.00552	0.01971	0.05176	0.00411	0.00295	0.00555
16	0.01089	0.03242	0.16135	0.07083	0.20670	0.06937	0.10383	0.07283	0.05817	0.11903	0.03970	0.01090	0.00782	0.00420	0.00408	0.00123	0.01454	0.00370	0.00263	0.00580
17	0.00795	0.02051	0.84011	0.01130	0.01716	0.00921	0.01465	0.01256	0.00837	0.01256	0.00712	0.00837	0.00502	0.00377	0.00377	0.00126	0.00586	0.00293	0.00167	0.00586
18	0.01676	0.00688	0.00908	0.00707	0.01000	0.00620	0.00580	0.04849	0.05753	0.72687	0.03251	0.01379	0.01042	0.00499	0.00398	0.00123	0.00333	0.00406	0.02443	0.00659
19	0.00949	0.05602	0.14977	0.05824	0.14347	0.05938	0.15037	0.03108	0.06454	0.06602	0.03352	0.08279	0.04816	0.00508	0.00431	0.00127	0.02405	0.00457	0.00256	0.00531
20	0.00799	0.04012	0.18596	0.06182	0.06602	0.02187	0.03421	0.00963	0.02939	0.04250	0.01795	0.03275	0.00875	0.04711	0.07633	0.24506	0.01385	0.05245	0.00218	0.00406
21	0.00483	0.00345	0.00460	0.00552	0.00575	0.00322	0.00368	0.00552	0.00759	0.01012	0.02185	0.85807	0.02622	0.01242	0.00506	0.00161	0.00230	0.01127	0.00368	0.00322
22	0.04318	0.00932	0.03351	0.19825	0.18563	0.06038	0.06131	0.11846	0.02593	0.20092	0.00958	0.01078	0.00693	0.01348	0.00410	0.00126	0.00470	0.00363	0.00291	0.00574
23	0.03231	0.06009	0.20360	0.04093	0.12841	0.08141	0.11886	0.04902	0.06572	0.13494	0.00959	0.04118	0.00738	0.00433	0.00391	0.00123	0.00500	0.00377	0.00263	0.00571
24	0.02200	0.01287	0.29338	0.05480	0.15434	0.03340	0.10900	0.10135	0.00981	0.06156	0.00919	0.07146	0.00755	0.00546	0.03499	0.00145	0.00534	0.00404	0.00239	0.00561
25	0.00506	0.00364	0.00460	0.00524	0.00559	0.00343	0.00353	0.00573	0.00748	0.00982	0.02196	0.57507	0.10988	0.16196	0.01950	0.00205	0.00272	0.04621	0.00343	0.00311

[dist]
# distance from previous block
# <min> <max>
0	38

# created by:
# /st0/software/busco_prod/Augustus/scripts/msa2prfl.pl ./align_prep/34170.fa
