[name]
unknown

[dist]
# distance from previous block
# <min> <max>
0	3

[block]
# block no. 0 follows, 58 sequences, length 17
# corresponding to MSA columns:
# 29-45
name=unknown_A
#
# <colnr> <probs for GDERKNQSTAVLIFYWHMCP>
#	G	D	E	R	K	N	Q	S	T	A	V	L	I	F	Y	W	H	M	C	P
0	0.00728	0.00531	0.00726	0.00794	0.00919	0.00513	0.00684	0.00928	0.01021	0.01354	0.04593	0.07921	0.02481	0.01158	0.00590	0.00191	0.00393	0.66502	0.00402	0.07570
1	0.00992	0.00946	0.01607	0.25302	0.51937	0.00997	0.02999	0.01258	0.00980	0.01351	0.01028	0.03662	0.04045	0.00471	0.00453	0.00140	0.00534	0.00449	0.00229	0.00623
2	0.00564	0.00404	0.00512	0.00587	0.00621	0.00378	0.00387	0.00638	0.00854	0.01131	0.05688	0.62050	0.08776	0.14201	0.00830	0.00217	0.00282	0.01132	0.00396	0.00353
3	0.04146	0.00985	0.01030	0.00910	0.01174	0.01135	0.00714	0.09635	0.70539	0.01965	0.01709	0.01581	0.01278	0.00594	0.00448	0.00150	0.00367	0.00487	0.00448	0.00705
4	0.01047	0.00822	0.00996	0.00742	0.01100	0.00693	0.03114	0.07266	0.03358	0.07657	0.01228	0.01295	0.07391	0.00450	0.00401	0.00092	0.02250	0.00364	0.00316	0.59419
5	0.15901	0.03851	0.02744	0.01127	0.01460	0.10353	0.19483	0.20257	0.03143	0.10639	0.01030	0.04179	0.00795	0.00505	0.00457	0.00140	0.02557	0.00426	0.00334	0.00619
6	0.02845	0.00648	0.00903	0.00814	0.03346	0.00621	0.08624	0.03128	0.08428	0.09567	0.24193	0.13261	0.20068	0.00871	0.00509	0.00150	0.00326	0.00771	0.00427	0.00502
7	0.00569	0.00436	0.00522	0.00540	0.00639	0.00389	0.00390	0.00706	0.01056	0.01389	0.30152	0.27205	0.32119	0.01137	0.00541	0.00156	0.00231	0.00993	0.00442	0.00389
8	0.00908	0.02380	0.04452	0.03779	0.01123	0.11978	0.07765	0.02359	0.04251	0.04843	0.02140	0.29884	0.16661	0.00922	0.00549	0.00156	0.04230	0.00795	0.00350	0.00474
9	0.02964	0.48824	0.18197	0.00996	0.02883	0.08113	0.04106	0.06934	0.01034	0.01296	0.00711	0.00823	0.00591	0.00409	0.00348	0.00113	0.00552	0.00288	0.00216	0.00602
10	0.02007	0.00761	0.01038	0.00796	0.01142	0.00657	0.00657	0.02180	0.01280	0.81799	0.01765	0.01523	0.01107	0.00554	0.00450	0.00138	0.00381	0.00450	0.00554	0.00761
11	0.00964	0.00788	0.00964	0.02333	0.01114	0.00637	0.02919	0.02696	0.03790	0.04974	0.01123	0.04588	0.04496	0.00439	0.00370	0.00087	0.00347	0.00367	0.00298	0.66706
12	0.02710	0.00994	0.04733	0.03974	0.08413	0.02247	0.04286	0.22329	0.16655	0.06449	0.10068	0.04749	0.07266	0.00636	0.00464	0.00142	0.00424	0.00538	0.02293	0.00630
13	0.00682	0.00546	0.00684	0.00677	0.00765	0.04264	0.00514	0.00829	0.00848	0.01155	0.13043	0.02359	0.07239	0.11099	0.49898	0.00520	0.00862	0.03326	0.00297	0.00394
14	0.01838	0.00494	0.00662	0.02463	0.00800	0.00505	0.01503	0.00842	0.02804	0.04506	0.05790	0.23536	0.14780	0.06974	0.28173	0.00367	0.00604	0.02602	0.00349	0.00408
15	0.01307	0.01307	0.01075	0.00939	0.01150	0.36467	0.03931	0.04025	0.04192	0.09885	0.27336	0.01775	0.01869	0.00630	0.00478	0.00131	0.02109	0.00500	0.00365	0.00530
16	0.04318	0.28035	0.01439	0.00764	0.01136	0.07757	0.00659	0.07983	0.01044	0.01433	0.00748	0.00855	0.00629	0.00379	0.00331	0.00088	0.00432	0.00269	0.00254	0.41447

[dist]
# distance from previous block
# <min> <max>
0	8

[block]
# block no. 1 follows, 58 sequences, length 12
# corresponding to MSA columns:
# 54-65
name=unknown_B
#
# <colnr> <probs for GDERKNQSTAVLIFYWHMCP>
#	G	D	E	R	K	N	Q	S	T	A	V	L	I	F	Y	W	H	M	C	P
0	0.01127	0.41867	0.16191	0.04311	0.10074	0.03495	0.05491	0.04140	0.00992	0.02973	0.00836	0.05101	0.00733	0.00457	0.00375	0.00120	0.00533	0.00359	0.00226	0.00601
1	0.00907	0.00824	0.01257	0.21787	0.30547	0.03283	0.01006	0.03896	0.00994	0.01340	0.04370	0.20297	0.01381	0.00802	0.03795	0.00173	0.00504	0.02009	0.00283	0.00544
2	0.00892	0.00787	0.06489	0.00717	0.00924	0.00747	0.00598	0.01553	0.33843	0.01742	0.20557	0.02134	0.05612	0.00671	0.00440	0.00137	0.00302	0.00564	0.20738	0.00553
3	0.00603	0.00451	0.00564	0.00591	0.00675	0.00424	0.00422	0.00793	0.04884	0.01431	0.32363	0.38836	0.14008	0.01143	0.00543	0.00161	0.00241	0.01016	0.00446	0.00404
4	0.00968	0.00836	0.00941	0.00796	0.01014	0.06498	0.06736	0.19533	0.04475	0.01721	0.16304	0.07110	0.29567	0.00842	0.00500	0.00144	0.00375	0.00715	0.00410	0.00515
5	0.00555	0.00397	0.00523	0.00617	0.00649	0.00371	0.00416	0.00637	0.00867	0.01155	0.04438	0.75199	0.04884	0.04354	0.00631	0.00190	0.00267	0.03076	0.00412	0.00363
6	0.00845	0.00795	0.01342	0.83204	0.03081	0.00994	0.01242	0.01143	0.00894	0.01143	0.00795	0.01193	0.00596	0.00447	0.00447	0.00149	0.00596	0.00398	0.00199	0.00497
7	0.20627	0.43596	0.01686	0.00816	0.01148	0.14388	0.00728	0.10020	0.01064	0.01466	0.00683	0.00773	0.00575	0.00419	0.00321	0.00113	0.00502	0.00266	0.00245	0.00566
8	0.04724	0.00577	0.02275	0.02856	0.04272	0.00576	0.00571	0.03648	0.00917	0.03883	0.01973	0.54369	0.02225	0.01115	0.00589	0.00170	0.06206	0.03453	0.05167	0.00433
9	0.22798	0.03576	0.05978	0.03459	0.12394	0.07703	0.20301	0.10996	0.01086	0.01683	0.00795	0.00983	0.00619	0.00444	0.00473	0.00141	0.05341	0.00374	0.00260	0.00593
10	0.00615	0.00448	0.00521	0.00541	0.00650	0.00400	0.00389	0.00720	0.00954	0.04801	0.05754	0.28662	0.42961	0.05134	0.05163	0.00204	0.00307	0.00980	0.00407	0.00388
11	0.00939	0.01267	0.25923	0.00970	0.01359	0.02458	0.06705	0.03715	0.09948	0.03808	0.11906	0.07084	0.03947	0.00585	0.00445	0.00131	0.00458	0.00503	0.00318	0.17528

[dist]
# distance from previous block
# <min> <max>
0	5

[block]
# block no. 2 follows, 58 sequences, length 6
# corresponding to MSA columns:
# 71-76
name=unknown_C
#
# <colnr> <probs for GDERKNQSTAVLIFYWHMCP>
#	G	D	E	R	K	N	Q	S	T	A	V	L	I	F	Y	W	H	M	C	P
0	0.00815	0.03774	0.10434	0.00826	0.01016	0.00687	0.00752	0.07233	0.03425	0.01410	0.04552	0.09496	0.04290	0.07668	0.06286	0.00234	0.00480	0.35791	0.00362	0.00468
1	0.00804	0.00747	0.03133	0.02889	0.04481	0.03605	0.00570	0.03277	0.04610	0.01384	0.05015	0.14043	0.25615	0.00781	0.00455	0.00126	0.00333	0.00662	0.00347	0.27124
2	0.05477	0.10893	0.24164	0.01030	0.01452	0.01019	0.10066	0.08743	0.04952	0.09233	0.01245	0.05512	0.05335	0.00527	0.00424	0.00132	0.00502	0.00442	0.00301	0.08551
3	0.01514	0.01386	0.01159	0.00985	0.01250	0.30146	0.00778	0.29109	0.05310	0.08212	0.10234	0.01506	0.01239	0.00594	0.00450	0.00133	0.00553	0.04445	0.00382	0.00615
4	0.00597	0.00442	0.00549	0.00618	0.00673	0.00426	0.00425	0.00752	0.05882	0.01177	0.02546	0.58532	0.11377	0.09395	0.00727	0.00202	0.00286	0.04611	0.00404	0.00380
5	0.14735	0.05212	0.03360	0.06102	0.18613	0.04889	0.00904	0.08959	0.07352	0.09099	0.01044	0.06292	0.00872	0.00558	0.00535	0.00145	0.09987	0.00427	0.00307	0.00607

[dist]
# distance from previous block
# <min> <max>
4	6

[block]
# block no. 3 follows, 58 sequences, length 16
# corresponding to MSA columns:
# 86-101
name=unknown_D
#
# <colnr> <probs for GDERKNQSTAVLIFYWHMCP>
#	G	D	E	R	K	N	Q	S	T	A	V	L	I	F	Y	W	H	M	C	P
0	0.04980	0.06879	0.01186	0.03917	0.13664	0.02006	0.03704	0.07804	0.03154	0.11555	0.04959	0.07868	0.08409	0.00618	0.00436	0.00130	0.00406	0.02829	0.02077	0.13418
1	0.00950	0.00853	0.00832	0.00774	0.00913	0.11321	0.00577	0.01426	0.26294	0.01369	0.06417	0.01959	0.03132	0.18151	0.13625	0.00291	0.04229	0.00521	0.05874	0.00493
2	0.01266	0.07959	0.20136	0.01280	0.05625	0.16767	0.10401	0.10649	0.04149	0.05573	0.00873	0.01016	0.00672	0.00494	0.00561	0.00140	0.11184	0.00371	0.00263	0.00619
3	0.00798	0.00519	0.00626	0.00574	0.00730	0.00475	0.00439	0.01034	0.05595	0.11165	0.42729	0.03275	0.26392	0.00909	0.00509	0.00143	0.00244	0.00780	0.02600	0.00465
4	0.00548	0.00423	0.00500	0.00545	0.00632	0.00376	0.00384	0.00655	0.00969	0.01240	0.11778	0.41820	0.36058	0.01236	0.00549	0.00164	0.00240	0.01084	0.00424	0.00376
5	0.01196	0.84548	0.02344	0.00765	0.01148	0.01770	0.00765	0.01339	0.00909	0.01052	0.00622	0.00718	0.00574	0.00383	0.00287	0.00096	0.00478	0.00239	0.00191	0.00574
6	0.00576	0.00412	0.00530	0.00612	0.00650	0.00389	0.00419	0.00657	0.00854	0.01126	0.02441	0.59525	0.07875	0.13221	0.00817	0.00218	0.00297	0.08631	0.00394	0.00356
7	0.01167	0.01023	0.01040	0.00926	0.01184	0.04316	0.00722	0.06665	0.73206	0.01893	0.01735	0.01602	0.01301	0.00597	0.00453	0.00149	0.00379	0.00491	0.00446	0.00704
8	0.03692	0.21933	0.01539	0.01116	0.04864	0.55159	0.00856	0.01629	0.01142	0.01124	0.00677	0.00801	0.00580	0.00447	0.00402	0.00114	0.02883	0.00283	0.00221	0.00539
9	0.01671	0.02132	0.01268	0.01152	0.01383	0.82483	0.00864	0.01786	0.01268	0.01095	0.00691	0.00807	0.00576	0.00461	0.00403	0.00115	0.00807	0.00288	0.00230	0.00519
10	0.01161	0.36823	0.27534	0.01023	0.03061	0.05778	0.01070	0.11537	0.01100	0.01420	0.00841	0.02526	0.00712	0.00469	0.00378	0.00123	0.00551	0.03038	0.00238	0.00616
11	0.00544	0.00414	0.00494	0.00556	0.00626	0.00372	0.00382	0.00631	0.00905	0.01153	0.03156	0.51892	0.30887	0.05018	0.00632	0.00182	0.00256	0.01127	0.00409	0.00364
12	0.02867	0.06332	0.02593	0.10436	0.02638	0.04739	0.03038	0.10003	0.14322	0.03330	0.11501	0.04045	0.14037	0.03788	0.00574	0.00155	0.04133	0.00568	0.00358	0.00542
13	0.07699	0.02451	0.25226	0.00991	0.03052	0.02012	0.04071	0.05451	0.09178	0.05467	0.07901	0.01800	0.09695	0.02535	0.04179	0.00178	0.04402	0.02821	0.00317	0.00573
14	0.00623	0.00428	0.00535	0.00581	0.00642	0.00396	0.00397	0.00714	0.00908	0.03987	0.10805	0.46599	0.14147	0.14479	0.00829	0.00212	0.00285	0.02657	0.00405	0.00372
15	0.22860	0.04212	0.00983	0.00723	0.01072	0.04730	0.00588	0.10012	0.03383	0.04357	0.00833	0.00921	0.00656	0.00399	0.00340	0.00100	0.00383	0.00288	0.00299	0.42861

[dist]
# distance from previous block
# <min> <max>
4	13

[block]
# block no. 4 follows, 58 sequences, length 19
# corresponding to MSA columns:
# 116-130,132-135
name=unknown_E
#
# <colnr> <probs for GDERKNQSTAVLIFYWHMCP>
#	G	D	E	R	K	N	Q	S	T	A	V	L	I	F	Y	W	H	M	C	P
0	0.00791	0.00703	0.00922	0.15196	0.03902	0.06249	0.03960	0.02919	0.00896	0.01161	0.01613	0.38953	0.01797	0.10154	0.00807	0.02332	0.06089	0.00820	0.00315	0.00423
1	0.01107	0.07758	0.05217	0.05124	0.10050	0.05425	0.01733	0.07054	0.12137	0.10011	0.04952	0.12234	0.06948	0.02097	0.00482	0.00142	0.00427	0.00563	0.00355	0.06185
2	0.02347	0.16540	0.05396	0.19798	0.16993	0.13421	0.02395	0.08332	0.04741	0.03368	0.00851	0.01036	0.00674	0.00460	0.00429	0.01446	0.00568	0.00356	0.00250	0.00599
3	0.00614	0.00428	0.00520	0.00563	0.00648	0.00386	0.00397	0.00725	0.00960	0.04042	0.10267	0.46332	0.25514	0.01203	0.00537	0.00163	0.00247	0.01061	0.05002	0.00390
4	0.02763	0.01333	0.21629	0.04409	0.21960	0.01161	0.02692	0.04307	0.04146	0.01390	0.00815	0.01102	0.00681	0.00559	0.00776	0.00159	0.27737	0.01547	0.00226	0.00609
5	0.01077	0.00894	0.00977	0.03701	0.01166	0.01018	0.00694	0.07886	0.58994	0.01889	0.10301	0.01872	0.01625	0.00642	0.00462	0.00149	0.00354	0.02455	0.03186	0.00657
6	0.00559	0.00408	0.00527	0.00602	0.00654	0.00376	0.00416	0.00661	0.00931	0.01239	0.12957	0.63057	0.11413	0.01305	0.00562	0.00174	0.00254	0.03106	0.00425	0.00374
7	0.00549	0.00394	0.00515	0.00611	0.00640	0.00367	0.00406	0.00625	0.00852	0.01131	0.02487	0.77373	0.05609	0.05333	0.00651	0.00193	0.00267	0.01231	0.00408	0.00359
8	0.00670	0.00429	0.00552	0.00606	0.00673	0.00394	0.00419	0.00767	0.00920	0.07241	0.06729	0.60865	0.10071	0.04131	0.00607	0.00180	0.00267	0.01108	0.02975	0.00396
9	0.21196	0.00999	0.01085	0.00851	0.01186	0.01054	0.00702	0.35906	0.01522	0.29324	0.01205	0.01147	0.00815	0.00515	0.00410	0.00137	0.00421	0.00382	0.00445	0.00698
10	0.03072	0.01194	0.01382	0.46689	0.15111	0.22636	0.01146	0.01354	0.01010	0.01201	0.00771	0.01066	0.00606	0.00442	0.00431	0.00137	0.00636	0.00365	0.00213	0.00536
11	0.01671	0.02132	0.01268	0.01152	0.01383	0.82483	0.00864	0.01786	0.01268	0.01095	0.00691	0.00807	0.00576	0.00461	0.00403	0.00115	0.00807	0.00288	0.00230	0.00519
12	0.01111	0.01184	0.01482	0.39753	0.07201	0.19702	0.10010	0.04667	0.01044	0.01252	0.00829	0.03194	0.00675	0.00488	0.00510	0.00144	0.05586	0.00409	0.00226	0.00534
13	0.00540	0.00449	0.00472	0.00475	0.00613	0.00381	0.00353	0.00661	0.01033	0.01262	0.11925	0.09373	0.68668	0.01129	0.00531	0.00152	0.00227	0.00952	0.00423	0.00381
14	0.06286	0.02916	0.01248	0.09093	0.03240	0.05839	0.06008	0.25735	0.10687	0.05289	0.07679	0.02675	0.02373	0.02633	0.00547	0.00151	0.04673	0.01950	0.00365	0.00611
15	0.03493	0.04052	0.02140	0.08856	0.09476	0.05275	0.03480	0.09315	0.11411	0.09311	0.06157	0.03632	0.05048	0.00993	0.12303	0.00225	0.03427	0.00490	0.00337	0.00579
16	0.00582	0.00452	0.00531	0.00542	0.00655	0.00399	0.00398	0.00716	0.01033	0.01345	0.23235	0.22100	0.36028	0.03374	0.00583	0.00163	0.00247	0.04247	0.00426	0.02943
17	0.04931	0.40525	0.05853	0.01046	0.02923	0.13309	0.09586	0.04167	0.03772	0.03080	0.00757	0.00886	0.00631	0.00442	0.00438	0.00121	0.06404	0.00316	0.00231	0.00582
18	0.31237	0.14500	0.10768	0.02283	0.02711	0.01021	0.00734	0.03013	0.03131	0.12507	0.00962	0.04482	0.00766	0.00476	0.00352	0.00127	0.00413	0.00347	0.02507	0.07665

[dist]
# distance from previous block
# <min> <max>
2	22

[block]
# block no. 5 follows, 58 sequences, length 20
# corresponding to MSA columns:
# 158-177
name=unknown_F
#
# <colnr> <probs for GDERKNQSTAVLIFYWHMCP>
#	G	D	E	R	K	N	Q	S	T	A	V	L	I	F	Y	W	H	M	C	P
0	0.00866	0.08367	0.06218	0.00704	0.00994	0.02418	0.00594	0.01045	0.00944	0.03272	0.05422	0.22658	0.03836	0.00681	0.00416	0.00113	0.00350	0.00580	0.00315	0.40208
1	0.03098	0.00980	0.01116	0.14847	0.07532	0.11520	0.02619	0.05384	0.05179	0.01477	0.06792	0.01391	0.02042	0.00536	0.01513	0.00127	0.02259	0.02440	0.04440	0.24711
2	0.03066	0.01463	0.01394	0.05629	0.07593	0.35689	0.07585	0.07385	0.01144	0.05225	0.00840	0.01077	0.00693	0.00650	0.04265	0.00165	0.13667	0.01655	0.00259	0.00557
3	0.00551	0.00412	0.00513	0.00576	0.00641	0.00373	0.00398	0.00652	0.00941	0.01231	0.11891	0.56217	0.21407	0.01283	0.00556	0.00170	0.00246	0.01143	0.00424	0.00373
4	0.01063	0.01077	0.06236	0.16714	0.14521	0.06797	0.12491	0.04458	0.12668	0.03898	0.07501	0.02545	0.01155	0.00541	0.00480	0.00145	0.01664	0.03148	0.02308	0.00594
5	0.01451	0.01364	0.01266	0.06997	0.05522	0.23175	0.00872	0.32531	0.13111	0.01939	0.04576	0.01196	0.00933	0.00536	0.00464	0.00134	0.02528	0.00404	0.00357	0.00645
6	0.00545	0.00403	0.00510	0.00590	0.00642	0.00368	0.00402	0.00634	0.00900	0.01176	0.05541	0.66975	0.17007	0.01337	0.00562	0.00175	0.00252	0.01197	0.00418	0.00368
7	0.01280	0.00989	0.01116	0.00909	0.01173	0.03920	0.04074	0.38965	0.10347	0.04239	0.20786	0.05783	0.03068	0.00679	0.00477	0.00140	0.00413	0.00566	0.00443	0.00632
8	0.00552	0.00397	0.00518	0.00606	0.00640	0.00369	0.00406	0.00634	0.00872	0.01160	0.05735	0.73210	0.06878	0.04945	0.00641	0.00189	0.00263	0.01210	0.00412	0.00362
9	0.02739	0.00684	0.00825	0.00708	0.00941	0.00658	0.00566	0.07038	0.09401	0.30905	0.07791	0.02487	0.17024	0.04129	0.02143	0.00169	0.00356	0.06327	0.04525	0.00584
10	0.01378	0.05110	0.06301	0.03631	0.01383	0.33922	0.03268	0.14567	0.01252	0.04556	0.00988	0.03324	0.00862	0.01873	0.02714	0.00158	0.07931	0.05931	0.00289	0.00561
11	0.01671	0.02132	0.01268	0.01152	0.01383	0.82483	0.00864	0.01786	0.01268	0.01095	0.00691	0.00807	0.00576	0.00461	0.00403	0.00115	0.00807	0.00288	0.00230	0.00519
12	0.14575	0.01651	0.11687	0.05667	0.03994	0.35994	0.04190	0.11338	0.01205	0.02910	0.00791	0.00924	0.00613	0.00510	0.01992	0.00141	0.00656	0.00327	0.00263	0.00572
13	0.00544	0.00438	0.00475	0.00497	0.00609	0.00380	0.00355	0.00646	0.00971	0.01196	0.06970	0.21519	0.56229	0.06332	0.00646	0.00175	0.00246	0.00992	0.00410	0.00370
14	0.04787	0.06674	0.08190	0.04364	0.08655	0.05278	0.02552	0.16433	0.11593	0.07900	0.05237	0.02901	0.03034	0.00855	0.09385	0.00200	0.00555	0.00450	0.00342	0.00617
15	0.03958	0.04961	0.06307	0.07419	0.16884	0.15298	0.05458	0.19397	0.06092	0.01686	0.00909	0.01061	0.00709	0.00483	0.00487	0.00136	0.05402	0.00378	0.02344	0.00631
16	0.00598	0.00421	0.00516	0.00562	0.00592	0.00403	0.00358	0.00650	0.00777	0.01036	0.02064	0.43072	0.06058	0.35538	0.03372	0.00295	0.00355	0.00960	0.00348	0.02024
17	0.02227	0.03911	0.21653	0.01242	0.07035	0.02932	0.11900	0.12928	0.05014	0.17568	0.02522	0.01190	0.00835	0.00479	0.00465	0.00137	0.02425	0.00407	0.00330	0.04799
18	0.01151	0.27580	0.08005	0.01173	0.04673	0.02970	0.20403	0.06838	0.04276	0.05865	0.01086	0.06408	0.02934	0.00498	0.00419	0.00128	0.00533	0.00444	0.00274	0.04342
19	0.00641	0.02640	0.00627	0.00670	0.02802	0.00467	0.00453	0.03853	0.00946	0.01272	0.06742	0.60120	0.08928	0.03165	0.00578	0.00174	0.00278	0.01084	0.04159	0.00398

[dist]
# distance from previous block
# <min> <max>
5	8

[block]
# block no. 6 follows, 58 sequences, length 46
# corresponding to MSA columns:
# 186-231
name=unknown_G
#
# <colnr> <probs for GDERKNQSTAVLIFYWHMCP>
#	G	D	E	R	K	N	Q	S	T	A	V	L	I	F	Y	W	H	M	C	P
0	0.03647	0.02514	0.02997	0.10262	0.37824	0.01037	0.02500	0.10378	0.08970	0.04778	0.01053	0.02508	0.01792	0.00466	0.00433	0.00132	0.00487	0.00415	0.00290	0.07516
1	0.01309	0.01203	0.02825	0.09494	0.09005	0.14030	0.05289	0.16741	0.24096	0.06015	0.02237	0.01293	0.00948	0.00561	0.01724	0.00148	0.00532	0.00428	0.01471	0.00651
2	0.00550	0.00399	0.00521	0.00612	0.00652	0.00370	0.00417	0.00637	0.00884	0.01169	0.04654	0.73486	0.09382	0.01363	0.00568	0.00179	0.00259	0.03112	0.00417	0.00367
3	0.00986	0.02711	0.34146	0.10267	0.15309	0.01063	0.09405	0.05106	0.05258	0.01471	0.03392	0.02777	0.00818	0.00485	0.00502	0.00145	0.04872	0.00417	0.00240	0.00629
4	0.01463	0.03853	0.01197	0.01045	0.01260	0.55857	0.00793	0.05525	0.09949	0.01263	0.02676	0.01130	0.00832	0.05728	0.02758	0.00159	0.03351	0.00359	0.00272	0.00531
5	0.00557	0.00402	0.00521	0.00601	0.00641	0.00373	0.00405	0.00647	0.00898	0.01198	0.10193	0.67996	0.07855	0.04669	0.00633	0.00186	0.00260	0.01182	0.00417	0.00366
6	0.01071	0.00884	0.00922	0.00814	0.01004	0.11245	0.02864	0.13475	0.09935	0.05326	0.14668	0.05694	0.04528	0.01205	0.16477	0.00250	0.00565	0.00549	0.07994	0.00530
7	0.00612	0.00413	0.00541	0.00620	0.00668	0.00383	0.00424	0.00696	0.00881	0.04383	0.02521	0.70588	0.07560	0.04398	0.00628	0.00188	0.00273	0.03430	0.00415	0.00378
8	0.02213	0.00742	0.01049	0.30650	0.04773	0.02690	0.03985	0.04584	0.07303	0.01368	0.07125	0.17196	0.10730	0.00770	0.00490	0.00154	0.00441	0.02919	0.00325	0.00492
9	0.61961	0.10078	0.02644	0.00720	0.01010	0.07775	0.01863	0.03222	0.00864	0.02948	0.00663	0.00772	0.00525	0.00431	0.00339	0.00134	0.03008	0.00263	0.00267	0.00513
10	0.01671	0.02132	0.01268	0.01152	0.01383	0.82483	0.00864	0.01786	0.01268	0.01095	0.00691	0.00807	0.00576	0.00461	0.00403	0.00115	0.00807	0.00288	0.00230	0.00519
11	0.04393	0.08733	0.01303	0.03491	0.02563	0.02127	0.10605	0.04182	0.01003	0.02930	0.04142	0.01110	0.01997	0.00407	0.00392	0.00097	0.01768	0.00344	0.00273	0.48138
12	0.00617	0.00459	0.00529	0.00509	0.00640	0.00405	0.00383	0.00780	0.01135	0.02994	0.39815	0.03702	0.40969	0.00997	0.00518	0.00144	0.00222	0.00851	0.03924	0.00407
13	0.00923	0.00617	0.00658	0.00615	0.00774	0.00659	0.00477	0.05995	0.21827	0.01770	0.09227	0.02032	0.04291	0.00634	0.00399	0.00128	0.00273	0.03946	0.44244	0.00512
14	0.00962	0.03760	0.07781	0.05905	0.07824	0.03122	0.04887	0.04667	0.07964	0.01295	0.00994	0.04911	0.00896	0.03129	0.14626	0.00263	0.25768	0.00457	0.00253	0.00536
15	0.00793	0.03157	0.04980	0.03136	0.05876	0.02348	0.05136	0.04923	0.04310	0.01353	0.06038	0.36120	0.05796	0.02510	0.00584	0.00171	0.02642	0.09292	0.00364	0.00470
16	0.01138	0.04036	0.38674	0.02381	0.08517	0.02203	0.06926	0.06541	0.04265	0.10656	0.00963	0.01076	0.00700	0.00461	0.00482	0.00138	0.04713	0.00373	0.00269	0.05488
17	0.19748	0.13262	0.05020	0.03345	0.01246	0.21071	0.02823	0.01344	0.00906	0.01301	0.00696	0.00915	0.00603	0.00728	0.06867	0.00184	0.18884	0.00320	0.00225	0.00512
18	0.00639	0.00478	0.00714	0.00712	0.00793	0.00553	0.00553	0.00801	0.00743	0.01072	0.04737	0.01827	0.01255	0.03247	0.78882	0.00693	0.01155	0.00494	0.00251	0.00400
19	0.00853	0.00803	0.01356	0.80830	0.05394	0.00996	0.01246	0.01150	0.00898	0.01152	0.00796	0.01190	0.00600	0.00446	0.00447	0.00149	0.00594	0.00398	0.00199	0.00503
20	0.02227	0.06452	0.23192	0.02566	0.01293	0.00823	0.07114	0.05857	0.02143	0.01385	0.03689	0.28422	0.04235	0.00915	0.04060	0.00176	0.01426	0.00695	0.00308	0.03023
21	0.00738	0.00547	0.00712	0.02800	0.01860	0.02380	0.01596	0.00814	0.02740	0.00996	0.02416	0.03284	0.01274	0.33264	0.22725	0.14001	0.05114	0.00535	0.01860	0.00344
22	0.00703	0.00480	0.00586	0.00564	0.00692	0.00438	0.00426	0.00898	0.02883	0.06444	0.41835	0.10300	0.24069	0.00980	0.00520	0.00148	0.00239	0.03440	0.03925	0.00432
23	0.00547	0.00434	0.00492	0.00519	0.00626	0.00379	0.00373	0.00662	0.01002	0.01264	0.13879	0.28401	0.47469	0.01186	0.00541	0.00159	0.00235	0.01026	0.00425	0.00379
24	0.01103	0.00683	0.00964	0.09625	0.05862	0.00715	0.02521	0.13837	0.02142	0.10439	0.00974	0.01331	0.00812	0.02676	0.01136	0.43611	0.00444	0.00409	0.00284	0.00432
25	0.00712	0.00518	0.00743	0.14117	0.03943	0.00538	0.00609	0.00881	0.03090	0.04679	0.01982	0.52948	0.02197	0.01205	0.04471	0.00195	0.00377	0.02177	0.04189	0.00429
26	0.00712	0.00510	0.00559	0.00571	0.00671	0.03704	0.00411	0.00843	0.01003	0.04769	0.17261	0.27883	0.19733	0.06102	0.00612	0.00168	0.00277	0.02002	0.11806	0.00403
27	0.00928	0.00795	0.00928	0.00663	0.01060	0.00596	0.00530	0.01126	0.00928	0.01458	0.00795	0.00928	0.00663	0.00331	0.00331	0.00066	0.00331	0.00265	0.00265	0.87014
28	0.11721	0.01160	0.01582	0.04548	0.01618	0.06803	0.24686	0.23914	0.08997	0.01887	0.00994	0.01140	0.00750	0.00544	0.02310	0.00156	0.03988	0.00424	0.02157	0.00621
29	0.00546	0.00395	0.00517	0.00610	0.00646	0.00366	0.00411	0.00630	0.00878	0.01164	0.04708	0.76683	0.08052	0.01371	0.00567	0.00179	0.00256	0.01238	0.00417	0.00366
30	0.01050	0.02526	0.11569	0.11942	0.39842	0.01046	0.14333	0.01403	0.04368	0.03456	0.00954	0.02685	0.00775	0.00447	0.00458	0.00141	0.00573	0.01544	0.00240	0.00648
31	0.00742	0.00559	0.00664	0.00613	0.00760	0.00548	0.00468	0.03969	0.11738	0.03203	0.50322	0.03148	0.17937	0.00946	0.02258	0.00156	0.00267	0.00765	0.00467	0.00470
32	0.00544	0.00393	0.00515	0.00613	0.00646	0.00364	0.00411	0.00624	0.00866	0.01146	0.02591	0.79158	0.07707	0.01385	0.00568	0.00180	0.00258	0.01252	0.00415	0.00364
33	0.01217	0.80905	0.02296	0.00783	0.01158	0.05338	0.00770	0.01359	0.00925	0.01054	0.00625	0.00722	0.00574	0.00386	0.00292	0.00097	0.00493	0.00241	0.00193	0.00572
34	0.06863	0.00465	0.00505	0.00500	0.00530	0.00479	0.00301	0.00729	0.00679	0.01006	0.01347	0.02641	0.01493	0.69591	0.05404	0.00404	0.00446	0.00599	0.05715	0.00301
35	0.01116	0.01515	0.28300	0.02454	0.11448	0.04110	0.10439	0.09871	0.18451	0.02789	0.01099	0.01240	0.00833	0.00493	0.00477	0.00145	0.02584	0.01679	0.00293	0.00667
36	0.01054	0.00996	0.01571	0.28302	0.47229	0.04466	0.01253	0.01339	0.02761	0.03241	0.00905	0.03271	0.00749	0.00451	0.00446	0.00139	0.00549	0.00420	0.00233	0.00625
37	0.00608	0.00456	0.00563	0.00536	0.00653	0.00411	0.00402	0.00795	0.01206	0.01651	0.62561	0.03576	0.23002	0.00968	0.00528	0.00143	0.00215	0.00842	0.00474	0.00411
38	0.02513	0.01028	0.01459	0.12966	0.36569	0.01113	0.01095	0.16364	0.17339	0.01763	0.01104	0.01298	0.00869	0.00490	0.00448	0.00141	0.00492	0.01957	0.00313	0.00680
39	0.02704	0.32473	0.06150	0.02433	0.04828	0.06460	0.18071	0.05230	0.02156	0.02345	0.00888	0.05945	0.00779	0.00461	0.00396	0.00121	0.00544	0.00398	0.00244	0.07375
40	0.04404	0.06574	0.11106	0.07412	0.15733	0.02045	0.06348	0.08579	0.01148	0.18295	0.07833	0.01422	0.02369	0.02554	0.00505	0.00145	0.02123	0.00442	0.00333	0.00632
41	0.00896	0.03853	0.76509	0.01257	0.01890	0.01035	0.03062	0.01392	0.00943	0.01402	0.00850	0.03395	0.00639	0.00452	0.00429	0.00142	0.00647	0.00360	0.00196	0.00650
42	0.00848	0.00795	0.01327	0.71102	0.08699	0.00968	0.01197	0.01129	0.00901	0.01167	0.00936	0.04452	0.02337	0.00500	0.00469	0.00150	0.01862	0.00442	0.00213	0.00505
43	0.01106	0.01180	0.10473	0.10894	0.19252	0.08620	0.11407	0.04195	0.06788	0.06744	0.06601	0.07182	0.01138	0.00553	0.00481	0.00143	0.01844	0.00499	0.00295	0.00605
44	0.01286	0.04989	0.08142	0.11171	0.10056	0.02054	0.12791	0.07408	0.02812	0.21203	0.02426	0.04194	0.00920	0.00530	0.00529	0.00144	0.06642	0.00456	0.01611	0.00634
45	0.05693	0.02117	0.02571	0.00767	0.01076	0.01970	0.00639	0.08361	0.01283	0.53234	0.08189	0.01709	0.05371	0.00597	0.00442	0.00136	0.00373	0.00481	0.04313	0.00677

[dist]
# distance from previous block
# <min> <max>
18	52

[block]
# block no. 7 follows, 58 sequences, length 47
# corresponding to MSA columns:
# 284-330
name=unknown_H
#
# <colnr> <probs for GDERKNQSTAVLIFYWHMCP>
#	G	D	E	R	K	N	Q	S	T	A	V	L	I	F	Y	W	H	M	C	P
0	0.04186	0.05789	0.10213	0.15823	0.05260	0.01879	0.02360	0.06851	0.07265	0.07651	0.11295	0.05919	0.08446	0.00696	0.01621	0.00153	0.00453	0.03243	0.00340	0.00556
1	0.03542	0.33718	0.09585	0.00924	0.03273	0.02722	0.02755	0.13393	0.02980	0.04445	0.06361	0.03185	0.03186	0.00578	0.02109	0.00135	0.03116	0.00392	0.00290	0.03314
2	0.05926	0.03520	0.10283	0.02095	0.51742	0.03915	0.01233	0.07500	0.01084	0.03521	0.00913	0.01108	0.02112	0.00442	0.00455	0.00135	0.02706	0.00385	0.00249	0.00675
3	0.07981	0.19027	0.16925	0.00961	0.01351	0.03975	0.03982	0.14746	0.04092	0.10546	0.03726	0.01081	0.00822	0.00479	0.00431	0.00127	0.03496	0.00357	0.00308	0.05585
4	0.03429	0.24726	0.11850	0.00807	0.01111	0.02576	0.00764	0.03684	0.12831	0.04666	0.05369	0.07335	0.12374	0.00690	0.00429	0.00138	0.00417	0.05918	0.00331	0.00556
5	0.06397	0.04989	0.26499	0.18899	0.10450	0.04839	0.10226	0.03370	0.03751	0.01411	0.00907	0.04651	0.00733	0.00472	0.00435	0.00142	0.00591	0.00412	0.00232	0.00594
6	0.09016	0.00877	0.05824	0.01036	0.04676	0.04476	0.16394	0.01145	0.06447	0.01445	0.10105	0.21616	0.08670	0.00822	0.00500	0.00156	0.00434	0.05518	0.00345	0.00496
7	0.03441	0.00691	0.05618	0.00828	0.03141	0.03515	0.00685	0.00998	0.02528	0.03921	0.09678	0.19660	0.05979	0.01075	0.00553	0.00178	0.00383	0.36285	0.00396	0.00448
8	0.05633	0.14031	0.10139	0.03480	0.10065	0.14334	0.03648	0.13002	0.08930	0.05512	0.00927	0.01030	0.00719	0.00485	0.00477	0.00133	0.06180	0.00359	0.00287	0.00627
9	0.03849	0.04812	0.06167	0.00997	0.04646	0.07165	0.04612	0.06669	0.16355	0.08424	0.06246	0.10335	0.05096	0.02470	0.00583	0.00156	0.07061	0.03423	0.00360	0.00574
10	0.00834	0.03565	0.00849	0.00779	0.04349	0.03588	0.02571	0.03528	0.09085	0.04155	0.39098	0.08195	0.10233	0.03144	0.00554	0.00153	0.00317	0.04088	0.00429	0.00485
11	0.06846	0.00576	0.00685	0.03611	0.00847	0.00580	0.00499	0.05504	0.06121	0.03605	0.40362	0.10793	0.11444	0.03431	0.00557	0.00157	0.00283	0.03201	0.00438	0.00459
12	0.09051	0.02350	0.02595	0.10336	0.27190	0.12034	0.05292	0.14299	0.02691	0.04546	0.00994	0.01181	0.02767	0.00477	0.00442	0.00136	0.01489	0.01218	0.00285	0.00628
13	0.01101	0.01016	0.01711	0.11010	0.68041	0.01027	0.01308	0.01365	0.01010	0.03899	0.00863	0.01123	0.00708	0.00406	0.00440	0.00132	0.00527	0.00395	0.00231	0.03685
14	0.00607	0.00434	0.00590	0.00694	0.00747	0.00417	0.00523	0.00730	0.00918	0.01211	0.02431	0.56122	0.02823	0.01343	0.00588	0.00190	0.00313	0.28525	0.00414	0.00380
15	0.01285	0.18161	0.01366	0.00904	0.01209	0.02784	0.00750	0.24189	0.36063	0.01927	0.01337	0.03860	0.01050	0.00557	0.00418	0.00133	0.00424	0.00436	0.00389	0.02758
16	0.01149	0.19439	0.35693	0.01190	0.08685	0.01125	0.03100	0.02550	0.03985	0.12304	0.02537	0.01071	0.00766	0.00444	0.00402	0.00128	0.00538	0.00352	0.00265	0.04274
17	0.02217	0.11857	0.50503	0.01268	0.06943	0.03124	0.03851	0.05710	0.03919	0.05271	0.00879	0.00991	0.00644	0.00436	0.00414	0.00135	0.00600	0.00344	0.00235	0.00658
18	0.01006	0.17642	0.31526	0.07252	0.04395	0.01113	0.04631	0.01476	0.11784	0.04292	0.09599	0.01313	0.01101	0.00497	0.00421	0.00135	0.00520	0.00408	0.00275	0.00615
19	0.00923	0.00872	0.01463	0.47540	0.32392	0.00979	0.01234	0.01196	0.00945	0.01265	0.01006	0.03352	0.03977	0.00481	0.00452	0.00144	0.00548	0.00442	0.00221	0.00568
20	0.01173	0.05203	0.26600	0.03388	0.14519	0.07478	0.08523	0.03476	0.01077	0.13577	0.03035	0.04866	0.04049	0.00522	0.00447	0.00138	0.00559	0.00450	0.00289	0.00632
21	0.01140	0.05596	0.23121	0.09174	0.23824	0.11580	0.06954	0.05859	0.01080	0.03524	0.00890	0.03637	0.00719	0.00459	0.00436	0.00136	0.00606	0.00397	0.00238	0.00631
22	0.00546	0.00399	0.00513	0.00599	0.00644	0.00367	0.00406	0.00632	0.00890	0.01170	0.05126	0.71400	0.12960	0.01352	0.00564	0.00177	0.00254	0.01216	0.00418	0.00367
23	0.00930	0.00984	0.09584	0.09144	0.29651	0.02673	0.06410	0.01181	0.00999	0.03880	0.04240	0.15485	0.05026	0.00699	0.00489	0.00152	0.00487	0.07126	0.00294	0.00567
24	0.01091	0.06513	0.24847	0.05946	0.19100	0.02493	0.15918	0.01419	0.01000	0.08839	0.00975	0.04944	0.00783	0.00480	0.00489	0.00142	0.03702	0.00436	0.00249	0.00633
25	0.01038	0.06138	0.16900	0.03735	0.11386	0.01123	0.45335	0.03552	0.01042	0.01434	0.00912	0.03634	0.00725	0.00426	0.00482	0.00144	0.00669	0.00476	0.00228	0.00619
26	0.00545	0.00389	0.00519	0.00623	0.00649	0.00363	0.00415	0.00623	0.00856	0.01142	0.02465	0.83987	0.02959	0.01401	0.00571	0.00182	0.00260	0.01272	0.00415	0.00363
27	0.02370	0.02930	0.27106	0.04241	0.12435	0.01966	0.04875	0.04817	0.02574	0.24911	0.01357	0.01384	0.05990	0.00511	0.00444	0.00139	0.00518	0.00429	0.00334	0.00669
28	0.04097	0.01471	0.06219	0.03820	0.10272	0.27591	0.07011	0.13282	0.11625	0.05210	0.01050	0.01138	0.02181	0.00498	0.00460	0.00134	0.02627	0.00390	0.00306	0.00621
29	0.02007	0.00761	0.01038	0.00796	0.01142	0.00657	0.00657	0.02180	0.01280	0.81799	0.01765	0.01523	0.01107	0.00554	0.00450	0.00138	0.00381	0.00450	0.00554	0.00761
30	0.01163	0.06995	0.07805	0.01088	0.05188	0.01158	0.06124	0.07488	0.51792	0.04038	0.01492	0.01440	0.01119	0.00545	0.00444	0.00144	0.00433	0.00460	0.00391	0.00693
31	0.01473	0.03833	0.01252	0.00984	0.01299	0.05072	0.00797	0.46105	0.30128	0.02344	0.01309	0.01263	0.00963	0.00554	0.00443	0.00138	0.00457	0.00429	0.00432	0.00725
32	0.00566	0.00415	0.00536	0.00622	0.00676	0.00385	0.00441	0.00667	0.00909	0.01189	0.04526	0.61729	0.13794	0.01333	0.00570	0.00179	0.00272	0.10403	0.00417	0.00372
33	0.02780	0.26339	0.34520	0.03209	0.03193	0.03116	0.02070	0.05290	0.01045	0.11950	0.02047	0.01000	0.00706	0.00442	0.00389	0.00127	0.00550	0.00332	0.00258	0.00639
34	0.00919	0.07257	0.75067	0.01260	0.01899	0.01085	0.03650	0.01412	0.00945	0.01395	0.00795	0.00938	0.00570	0.00421	0.00419	0.00139	0.00652	0.00330	0.00190	0.00654
35	0.00550	0.00458	0.00484	0.00494	0.00637	0.00392	0.00380	0.00675	0.01025	0.01237	0.06627	0.05684	0.70180	0.01140	0.00538	0.00156	0.00244	0.08297	0.00417	0.00382
36	0.01102	0.18886	0.46938	0.01152	0.01686	0.01201	0.06453	0.09419	0.01078	0.05600	0.00873	0.02133	0.00657	0.00445	0.00409	0.00132	0.00593	0.00352	0.00240	0.00651
37	0.00908	0.00914	0.05223	0.58377	0.11918	0.01002	0.03142	0.03604	0.03044	0.01274	0.00911	0.03100	0.00735	0.00490	0.00468	0.00149	0.01674	0.02299	0.00226	0.00540
38	0.00534	0.00431	0.00476	0.00511	0.00619	0.00373	0.00366	0.00635	0.00964	0.01186	0.03828	0.31443	0.54623	0.01224	0.00543	0.00161	0.00238	0.01056	0.00415	0.00373
39	0.00936	0.02186	0.72627	0.01320	0.01953	0.01058	0.08331	0.03889	0.00990	0.01462	0.00820	0.00971	0.00582	0.00424	0.00435	0.00142	0.00664	0.00350	0.00200	0.00659
40	0.02250	0.02827	0.03398	0.12838	0.29564	0.09421	0.03919	0.05275	0.10161	0.07553	0.01091	0.03409	0.00891	0.00515	0.00471	0.00141	0.02452	0.02902	0.00292	0.00633
41	0.01166	0.02929	0.00860	0.00795	0.04544	0.00617	0.00580	0.04190	0.05238	0.29051	0.03588	0.29832	0.11300	0.00920	0.00500	0.00155	0.00331	0.02393	0.00452	0.00558
42	0.00544	0.00392	0.00516	0.00615	0.00647	0.00364	0.00412	0.00624	0.00864	0.01145	0.02555	0.80526	0.06362	0.01390	0.00569	0.00180	0.00258	0.01257	0.00415	0.00364
43	0.01279	0.01021	0.01475	0.14802	0.30028	0.01096	0.02918	0.22148	0.05874	0.08492	0.01077	0.01315	0.00837	0.00505	0.00477	0.00142	0.02390	0.03124	0.00325	0.00675
44	0.37619	0.03042	0.05204	0.08436	0.02955	0.17743	0.02682	0.01487	0.09685	0.01604	0.00900	0.05220	0.00754	0.00498	0.00371	0.00138	0.00493	0.00363	0.00278	0.00530
45	0.71733	0.04574	0.02142	0.00646	0.00925	0.05493	0.00540	0.01345	0.00818	0.04328	0.00731	0.03773	0.00604	0.00456	0.00303	0.00137	0.00380	0.00290	0.00283	0.00497
46	0.04580	0.02700	0.03770	0.02319	0.02896	0.00707	0.00628	0.05705	0.05268	0.03659	0.25905	0.04406	0.07285	0.01388	0.19477	0.00280	0.04704	0.03473	0.00366	0.00483

[dist]
# distance from previous block
# <min> <max>
0	7

# created by:
# /st0/software/busco_prod/Augustus/scripts/msa2prfl.pl ./align_prep/34188.fa
