[name]
unknown

[dist]
# distance from previous block
# <min> <max>
0	22

[block]
# block no. 0 follows, 67 sequences, length 39
# corresponding to MSA columns:
# 22-60
name=unknown_A
#
# <colnr> <probs for GDERKNQSTAVLIFYWHMCP>
#	G	D	E	R	K	N	Q	S	T	A	V	L	I	F	Y	W	H	M	C	P
0	0.04240	0.03449	0.01390	0.08087	0.34829	0.02444	0.07402	0.11294	0.03887	0.03070	0.00887	0.01189	0.00738	0.00435	0.00423	0.00122	0.03095	0.04885	0.01240	0.06893
1	0.00796	0.00688	0.00941	0.00968	0.16061	0.00623	0.03437	0.03390	0.03362	0.01332	0.12590	0.07031	0.07741	0.03697	0.00469	0.00114	0.02295	0.00468	0.00286	0.33710
2	0.05894	0.04193	0.01095	0.00929	0.10223	0.02896	0.06720	0.05961	0.06396	0.03955	0.04909	0.01024	0.00804	0.00375	0.00344	0.00092	0.00368	0.00318	0.00267	0.43238
3	0.00537	0.00411	0.00494	0.00486	0.00590	0.00372	0.00362	0.00701	0.02373	0.01368	0.45824	0.11274	0.30426	0.00929	0.00478	0.00134	0.00204	0.02265	0.00410	0.00364
4	0.01035	0.00712	0.00790	0.00673	0.00870	0.03779	0.00530	0.17596	0.12713	0.13811	0.31988	0.02078	0.08224	0.00656	0.00430	0.00125	0.00301	0.00549	0.02619	0.00521
5	0.05747	0.00636	0.00727	0.00651	0.00820	0.02717	0.03738	0.15570	0.02538	0.03967	0.05261	0.22907	0.18917	0.00808	0.00435	0.00134	0.00307	0.04066	0.06414	0.03641
6	0.00493	0.00407	0.00433	0.00427	0.00554	0.00347	0.00320	0.00613	0.00960	0.01193	0.20529	0.03680	0.66706	0.00975	0.00474	0.00133	0.00200	0.00821	0.00387	0.00347
7	0.00569	0.00412	0.00533	0.00513	0.00601	0.00385	0.00378	0.00758	0.02552	0.01531	0.71855	0.10485	0.03564	0.03445	0.00523	0.00138	0.00202	0.00754	0.00429	0.00374
8	0.01799	0.00683	0.00931	0.00714	0.01024	0.00589	0.00589	0.01954	0.01148	0.83682	0.01582	0.01365	0.00993	0.00496	0.00403	0.00124	0.00341	0.00403	0.00496	0.00683
9	0.03101	0.00574	0.00720	0.00588	0.00815	0.00525	0.00474	0.01562	0.02836	0.49773	0.02794	0.01427	0.01045	0.00490	0.00358	0.00114	0.00283	0.00396	0.31565	0.00562
10	0.00582	0.00438	0.00558	0.03168	0.00720	0.00442	0.00438	0.02902	0.09625	0.01137	0.02068	0.70367	0.02376	0.01131	0.00495	0.00158	0.00259	0.02392	0.00371	0.00373
11	0.02277	0.00544	0.00783	0.02302	0.07801	0.00556	0.04659	0.02190	0.03737	0.01228	0.10901	0.24435	0.07827	0.02858	0.03049	0.00173	0.04001	0.18671	0.01606	0.00405
12	0.00873	0.00712	0.00836	0.00599	0.00954	0.00537	0.00480	0.01051	0.00845	0.04857	0.00750	0.00855	0.00611	0.00306	0.00302	0.00062	0.00299	0.00245	0.00249	0.84579
13	0.09099	0.14633	0.27196	0.03877	0.11564	0.05190	0.02090	0.12609	0.00997	0.03529	0.00789	0.04028	0.00638	0.00428	0.00374	0.00120	0.01715	0.00331	0.00232	0.00562
14	0.02105	0.00417	0.00555	0.00600	0.00647	0.00435	0.00443	0.00676	0.00731	0.01002	0.01683	0.29097	0.01888	0.19652	0.18768	0.00318	0.02213	0.18137	0.00304	0.00329
15	0.86655	0.00773	0.00598	0.00532	0.00782	0.00892	0.00438	0.01197	0.00694	0.03762	0.00583	0.00669	0.00448	0.00375	0.00252	0.00124	0.00311	0.00222	0.00254	0.00440
16	0.00474	0.00406	0.00406	0.00406	0.00542	0.00339	0.00305	0.00576	0.00914	0.01083	0.04063	0.03860	0.83241	0.01016	0.00474	0.00135	0.00203	0.00846	0.00372	0.00339
17	0.88738	0.00776	0.00589	0.00527	0.00776	0.00900	0.00434	0.01179	0.00683	0.01799	0.00558	0.00651	0.00434	0.00372	0.00248	0.00124	0.00310	0.00217	0.00248	0.00434
18	0.00738	0.00579	0.00716	0.06813	0.03039	0.05886	0.01503	0.01845	0.00763	0.04844	0.03740	0.07444	0.03218	0.22403	0.28037	0.00362	0.02500	0.02102	0.03095	0.00372
19	0.02260	0.01160	0.03300	0.06373	0.26727	0.16735	0.27679	0.01370	0.00976	0.08322	0.00813	0.01000	0.00624	0.00377	0.00414	0.00123	0.00581	0.00378	0.00226	0.00562
20	0.79419	0.00882	0.00670	0.00593	0.00840	0.08311	0.01921	0.01218	0.00728	0.01718	0.00568	0.00666	0.00445	0.00375	0.00262	0.00122	0.00353	0.00225	0.00244	0.00439
21	0.07984	0.00930	0.01393	0.04518	0.32825	0.02602	0.11792	0.08643	0.11467	0.10482	0.00994	0.01156	0.00766	0.00425	0.00401	0.00126	0.00457	0.02157	0.00284	0.00600
22	0.00508	0.00363	0.00487	0.00580	0.00612	0.00342	0.00405	0.00591	0.00787	0.01045	0.02200	0.75830	0.02611	0.01238	0.00517	0.00166	0.00249	0.10766	0.00372	0.00331
23	0.00832	0.00713	0.00832	0.00594	0.00950	0.00535	0.00475	0.01010	0.00832	0.01307	0.00713	0.00832	0.00594	0.00297	0.00297	0.00059	0.00297	0.00238	0.00238	0.88357
24	0.00697	0.00348	0.00522	0.00522	0.00522	0.00348	0.00348	0.00522	0.00522	0.00697	0.00697	0.01219	0.00697	0.01393	0.01567	0.88332	0.00348	0.00348	0.00174	0.00174
25	0.00866	0.00771	0.01262	0.62659	0.15456	0.00915	0.01092	0.04094	0.00866	0.04141	0.00754	0.01057	0.00573	0.00411	0.00432	0.00132	0.03467	0.00358	0.00201	0.00493
26	0.00489	0.00349	0.00465	0.00558	0.00582	0.00326	0.00372	0.00558	0.00768	0.01024	0.02210	0.85644	0.02653	0.01256	0.00512	0.00163	0.00233	0.01140	0.00372	0.00326
27	0.01092	0.00888	0.01302	0.19178	0.33338	0.00922	0.00970	0.17837	0.01097	0.07583	0.00845	0.01010	0.00645	0.00395	0.00387	0.00115	0.00450	0.00347	0.00263	0.11338
28	0.03375	0.01096	0.02968	0.10916	0.29928	0.11147	0.20674	0.07512	0.05936	0.01360	0.00810	0.01007	0.00635	0.00386	0.00408	0.00124	0.00547	0.00375	0.00227	0.00568
29	0.00824	0.08257	0.77817	0.01109	0.01684	0.00980	0.01423	0.01265	0.00844	0.01246	0.00708	0.00832	0.00509	0.00378	0.00372	0.00124	0.00581	0.00290	0.00170	0.00587
30	0.00603	0.00444	0.00587	0.00661	0.00758	0.00429	0.00562	0.00764	0.00913	0.01167	0.02527	0.08599	0.18975	0.01097	0.00535	0.00173	0.00328	0.60145	0.00370	0.00361
31	0.01085	0.00889	0.01424	0.11514	0.52255	0.02531	0.03326	0.01346	0.04188	0.13887	0.00993	0.01148	0.02776	0.00408	0.00402	0.00123	0.00460	0.00382	0.00255	0.00607
32	0.00608	0.00485	0.00645	0.00645	0.00716	0.03936	0.00493	0.00738	0.00667	0.00928	0.01115	0.05222	0.01079	0.07464	0.72646	0.00587	0.00985	0.00462	0.00223	0.00355
33	0.00583	0.00389	0.00437	0.00437	0.00437	0.00389	0.00243	0.00583	0.00583	0.00778	0.01264	0.02624	0.01458	0.85906	0.02041	0.00389	0.00389	0.00583	0.00243	0.00243
34	0.00853	0.00808	0.01368	0.48026	0.36889	0.00905	0.01146	0.01106	0.00857	0.01159	0.02645	0.01081	0.00653	0.00392	0.00401	0.00127	0.00502	0.00365	0.00193	0.00524
35	0.00979	0.19977	0.11643	0.07496	0.02764	0.08589	0.26820	0.01242	0.02711	0.04017	0.00903	0.09385	0.00793	0.00458	0.00398	0.00122	0.00538	0.00428	0.00222	0.00514
36	0.00604	0.00415	0.00532	0.00509	0.00610	0.00378	0.00379	0.00769	0.01073	0.05146	0.62376	0.11878	0.12071	0.00873	0.00474	0.00131	0.00202	0.00768	0.00429	0.00382
37	0.00998	0.00862	0.00907	0.00816	0.01043	0.00998	0.00635	0.02131	0.82679	0.01678	0.01632	0.01496	0.01224	0.00544	0.00408	0.00136	0.00317	0.00453	0.00408	0.00635
38	0.01166	0.03460	0.01019	0.00829	0.01081	0.01059	0.00663	0.31794	0.44212	0.01937	0.01370	0.05236	0.01063	0.00546	0.00403	0.00129	0.00360	0.00442	0.02603	0.00628

[dist]
# distance from previous block
# <min> <max>
0	12

[block]
# block no. 1 follows, 67 sequences, length 37
# corresponding to MSA columns:
# 73-109
name=unknown_B
#
# <colnr> <probs for GDERKNQSTAVLIFYWHMCP>
#	G	D	E	R	K	N	Q	S	T	A	V	L	I	F	Y	W	H	M	C	P
0	0.03076	0.00835	0.01437	0.24726	0.21581	0.00867	0.19594	0.04895	0.01944	0.01284	0.03898	0.01403	0.09615	0.00459	0.00421	0.00128	0.00487	0.00444	0.00235	0.02671
1	0.03650	0.01811	0.01160	0.01031	0.01252	0.76166	0.03906	0.01559	0.01108	0.01025	0.00629	0.00739	0.00521	0.00405	0.00361	0.00104	0.00697	0.00265	0.00209	0.03404
2	0.01587	0.00649	0.00872	0.00687	0.00962	0.00574	0.00560	0.01786	0.04310	0.68451	0.13564	0.01610	0.01411	0.00546	0.00414	0.00125	0.00318	0.00453	0.00485	0.00636
3	0.00562	0.00407	0.00529	0.00505	0.00597	0.00375	0.00376	0.00743	0.01112	0.01567	0.77338	0.07009	0.05680	0.00846	0.00475	0.00128	0.00192	0.00748	0.00436	0.00375
4	0.00505	0.00405	0.00451	0.00445	0.00562	0.00351	0.00332	0.00633	0.00978	0.01248	0.29275	0.07665	0.53810	0.00965	0.00476	0.00134	0.00200	0.00822	0.00394	0.00351
5	0.00646	0.00462	0.00646	0.00739	0.00831	0.00462	0.00646	0.00831	0.00923	0.01200	0.02123	0.04524	0.02308	0.01108	0.00554	0.00185	0.00369	0.80704	0.00369	0.00369
6	0.88738	0.00776	0.00589	0.00527	0.00776	0.00900	0.00434	0.01179	0.00683	0.01799	0.00558	0.00651	0.00434	0.00372	0.00248	0.00124	0.00310	0.00217	0.00248	0.00434
7	0.00798	0.00740	0.01222	0.77942	0.06405	0.00907	0.01106	0.04134	0.00848	0.01095	0.00724	0.01062	0.00545	0.00402	0.00401	0.00132	0.00528	0.00357	0.00188	0.00463
8	0.01026	0.00967	0.01533	0.10610	0.67958	0.05137	0.01171	0.01257	0.00922	0.04462	0.00776	0.01001	0.00633	0.00370	0.00396	0.00120	0.00489	0.00354	0.00208	0.00609
9	0.01015	0.00870	0.00917	0.00820	0.01050	0.01006	0.00639	0.04802	0.79979	0.01706	0.01610	0.01478	0.01206	0.00542	0.00408	0.00136	0.00322	0.00450	0.00408	0.00636
10	0.00697	0.00348	0.00522	0.00522	0.00522	0.00348	0.00348	0.00522	0.00522	0.00697	0.00697	0.01219	0.00697	0.01393	0.01567	0.88332	0.00348	0.00348	0.00174	0.00174
11	0.00851	0.11176	0.63640	0.01086	0.01599	0.04166	0.05145	0.01240	0.00855	0.01212	0.00777	0.05063	0.00621	0.00420	0.00378	0.00124	0.00566	0.00336	0.00183	0.00563
12	0.01525	0.01123	0.01204	0.00923	0.01244	0.01244	0.00762	0.82067	0.01886	0.02528	0.00963	0.00963	0.00682	0.00481	0.00401	0.00120	0.00441	0.00361	0.00401	0.00682
13	0.00482	0.00409	0.00417	0.00422	0.00555	0.00344	0.00320	0.00587	0.00915	0.01089	0.03974	0.03890	0.79526	0.01020	0.00478	0.00138	0.00211	0.04512	0.00372	0.00340
14	0.00912	0.00770	0.00888	0.00650	0.01009	0.00582	0.00511	0.01067	0.00883	0.01381	0.00793	0.00942	0.00670	0.00351	0.00333	0.00075	0.00325	0.00265	0.00265	0.87328
15	0.01166	0.00834	0.03825	0.00942	0.10003	0.00745	0.03589	0.13492	0.06618	0.20593	0.03902	0.05304	0.00954	0.00464	0.00381	0.00108	0.00367	0.00394	0.00339	0.25979
16	0.00916	0.00882	0.01526	0.28686	0.53997	0.00936	0.04898	0.01168	0.00879	0.01218	0.00744	0.01021	0.00602	0.00370	0.00402	0.00124	0.00504	0.00362	0.00192	0.00571
17	0.00582	0.00387	0.00444	0.00448	0.00450	0.00387	0.00255	0.00583	0.00590	0.00787	0.01282	0.05747	0.01477	0.79140	0.03261	0.02702	0.00393	0.00596	0.00246	0.00246
18	0.00771	0.00727	0.01227	0.80165	0.07433	0.00895	0.01121	0.01037	0.00808	0.01041	0.00715	0.01065	0.00540	0.00398	0.00401	0.00133	0.00531	0.00356	0.00179	0.00457
19	0.00832	0.00713	0.00832	0.00594	0.00950	0.00535	0.00475	0.01010	0.00832	0.01307	0.00713	0.00832	0.00594	0.00297	0.00297	0.00059	0.00297	0.00238	0.00238	0.88357
20	0.00489	0.00349	0.00465	0.00558	0.00582	0.00326	0.00372	0.00558	0.00768	0.01024	0.02210	0.85644	0.02653	0.01256	0.00512	0.00163	0.00233	0.01140	0.00372	0.00326
21	0.00865	0.00757	0.01032	0.08771	0.09439	0.00637	0.05092	0.01066	0.00849	0.02791	0.00738	0.00894	0.00601	0.00319	0.00328	0.00078	0.00359	0.00277	0.00231	0.64877
22	0.21836	0.24308	0.02645	0.04098	0.02388	0.30450	0.00707	0.03415	0.00917	0.01214	0.00600	0.00718	0.00504	0.00398	0.00354	0.00109	0.04402	0.00250	0.00209	0.00480
23	0.00757	0.00713	0.01203	0.84942	0.02762	0.00891	0.01114	0.01025	0.00802	0.01025	0.00713	0.01069	0.00535	0.00401	0.00401	0.00134	0.00535	0.00356	0.00178	0.00446
24	0.00557	0.03725	0.00552	0.00531	0.00619	0.00414	0.00388	0.00687	0.02673	0.02312	0.16148	0.39967	0.23016	0.01114	0.03208	0.00162	0.00260	0.02933	0.00373	0.00359
25	0.01498	0.01911	0.01137	0.01033	0.01240	0.84295	0.00775	0.01601	0.01137	0.00982	0.00620	0.00723	0.00517	0.00413	0.00362	0.00103	0.00723	0.00258	0.00207	0.00465
26	0.00542	0.00410	0.00501	0.00481	0.00588	0.00369	0.00363	0.00706	0.01066	0.01447	0.58412	0.03281	0.26817	0.00883	0.00475	0.00130	0.00197	0.02545	0.00420	0.00367
27	0.00544	0.00409	0.00504	0.00480	0.00585	0.00368	0.00360	0.00711	0.01080	0.01477	0.63352	0.03212	0.23706	0.00869	0.00473	0.00128	0.00193	0.00756	0.00424	0.00368
28	0.00510	0.00377	0.00477	0.00517	0.00580	0.00344	0.00363	0.00621	0.00902	0.01210	0.26944	0.47407	0.16101	0.01086	0.00494	0.00147	0.00215	0.00967	0.00393	0.00344
29	0.01407	0.01065	0.01137	0.00899	0.01199	0.01189	0.00734	0.64261	0.19882	0.02338	0.01112	0.01082	0.00803	0.00495	0.00403	0.00124	0.00414	0.00382	0.00403	0.00672
30	0.00808	0.00758	0.01209	0.76221	0.05271	0.02309	0.01090	0.03718	0.02674	0.01097	0.00741	0.01067	0.00558	0.00406	0.00400	0.00132	0.00528	0.00357	0.00192	0.00464
31	0.04666	0.03466	0.01350	0.01075	0.04181	0.12130	0.14439	0.35952	0.12351	0.03675	0.00980	0.02215	0.00740	0.00456	0.00401	0.00123	0.00492	0.00381	0.00325	0.00602
32	0.01916	0.03407	0.01848	0.00643	0.01901	0.06061	0.00468	0.04868	0.02033	0.02655	0.03983	0.11633	0.02928	0.28593	0.12066	0.00279	0.05357	0.00537	0.04275	0.04547
33	0.04079	0.12155	0.05474	0.02768	0.04182	0.06025	0.05703	0.10355	0.16710	0.12176	0.04029	0.01112	0.00869	0.00437	0.00368	0.00112	0.00413	0.00354	0.00311	0.12368
34	0.02612	0.12128	0.11162	0.00939	0.05013	0.16355	0.00797	0.16907	0.04566	0.14922	0.02123	0.02084	0.02329	0.02619	0.00450	0.00125	0.03649	0.00353	0.00299	0.00567
35	0.04618	0.06147	0.19942	0.00867	0.01161	0.01829	0.08386	0.08118	0.06749	0.06517	0.02387	0.06199	0.00913	0.08199	0.00638	0.05775	0.03141	0.00416	0.03225	0.04774
36	0.05539	0.03809	0.04221	0.02112	0.02211	0.00580	0.04382	0.02149	0.04237	0.07398	0.05350	0.23198	0.08500	0.08531	0.00742	0.11358	0.02002	0.01550	0.00307	0.01825

[dist]
# distance from previous block
# <min> <max>
5	28

[block]
# block no. 2 follows, 67 sequences, length 11
# corresponding to MSA columns:
# 142-152
name=unknown_C
#
# <colnr> <probs for GDERKNQSTAVLIFYWHMCP>
#	G	D	E	R	K	N	Q	S	T	A	V	L	I	F	Y	W	H	M	C	P
0	0.03175	0.00707	0.00832	0.00689	0.00909	0.00720	0.00546	0.22236	0.05857	0.27333	0.03955	0.05801	0.03240	0.07707	0.06398	0.00181	0.00392	0.00464	0.08305	0.00551
1	0.02863	0.11617	0.01235	0.00982	0.03115	0.56900	0.00752	0.08556	0.02551	0.01163	0.00675	0.00774	0.00556	0.00417	0.00373	0.00105	0.02721	0.00271	0.01884	0.02488
2	0.03313	0.16109	0.01327	0.00871	0.01184	0.07053	0.00734	0.55904	0.03753	0.04595	0.00896	0.00910	0.00660	0.00452	0.00370	0.00114	0.00450	0.00329	0.00347	0.00631
3	0.00508	0.00376	0.00467	0.00518	0.00572	0.00348	0.00358	0.00594	0.00813	0.01065	0.09311	0.48546	0.19688	0.09337	0.02977	0.00190	0.00265	0.03380	0.00361	0.00327
4	0.02662	0.20441	0.13046	0.03924	0.06724	0.07684	0.07680	0.14250	0.09830	0.03572	0.00838	0.00938	0.00652	0.00460	0.01624	0.00126	0.04403	0.00329	0.00251	0.00566
5	0.06556	0.09251	0.04838	0.07667	0.11888	0.12457	0.09252	0.18610	0.06149	0.03351	0.00860	0.02964	0.00690	0.01552	0.00421	0.00124	0.02188	0.00360	0.00265	0.00556
6	0.06804	0.00670	0.00798	0.00647	0.00888	0.00649	0.00522	0.13550	0.03025	0.39497	0.08418	0.01625	0.06915	0.02889	0.00434	0.00128	0.00314	0.00446	0.11216	0.00566
7	0.00556	0.00420	0.00501	0.00534	0.00617	0.00392	0.00387	0.04759	0.00899	0.01159	0.07500	0.41835	0.28323	0.03742	0.00543	0.00158	0.00246	0.06704	0.00374	0.00352
8	0.01147	0.14215	0.21343	0.05872	0.11569	0.03858	0.07677	0.14881	0.04746	0.07113	0.00938	0.03130	0.00737	0.00463	0.00406	0.00130	0.00515	0.00373	0.00275	0.00614
9	0.00972	0.05833	0.03529	0.05089	0.11466	0.06497	0.14005	0.03763	0.08636	0.08598	0.05406	0.12672	0.03292	0.04115	0.00530	0.00142	0.04136	0.00519	0.00290	0.00509
10	0.00567	0.00384	0.00492	0.00543	0.00604	0.00352	0.00380	0.00658	0.00838	0.05236	0.09050	0.57633	0.14016	0.03720	0.00546	0.00162	0.00240	0.03850	0.00380	0.00349

[dist]
# distance from previous block
# <min> <max>
1	11

[block]
# block no. 3 follows, 67 sequences, length 18
# corresponding to MSA columns:
# 165-182
name=unknown_D
#
# <colnr> <probs for GDERKNQSTAVLIFYWHMCP>
#	G	D	E	R	K	N	Q	S	T	A	V	L	I	F	Y	W	H	M	C	P
0	0.07486	0.11674	0.03678	0.04449	0.15711	0.14492	0.03232	0.08771	0.03898	0.02410	0.00810	0.04951	0.00695	0.00436	0.00395	0.00111	0.03837	0.00341	0.00242	0.12381
1	0.00575	0.00427	0.00516	0.00560	0.03616	0.00387	0.00385	0.00709	0.02510	0.03942	0.15870	0.27509	0.35931	0.02477	0.00501	0.00144	0.00229	0.00857	0.02485	0.00369
2	0.05000	0.09406	0.50370	0.01114	0.06096	0.06135	0.02799	0.03195	0.00881	0.04019	0.00754	0.02802	0.00586	0.00420	0.00416	0.00124	0.04804	0.00317	0.00199	0.00563
3	0.00847	0.00917	0.09152	0.48027	0.19345	0.00924	0.03643	0.03061	0.03392	0.01179	0.00765	0.01045	0.00590	0.00406	0.00429	0.00130	0.03352	0.00358	0.01926	0.00512
4	0.00504	0.00409	0.00445	0.00441	0.00562	0.00353	0.00332	0.00625	0.00953	0.01195	0.21420	0.03655	0.60216	0.03549	0.00524	0.00143	0.00212	0.03733	0.00384	0.00346
5	0.00578	0.00409	0.00538	0.00538	0.00573	0.00444	0.00369	0.00648	0.00613	0.00852	0.01172	0.02114	0.01237	0.45589	0.42055	0.00513	0.00722	0.00509	0.00229	0.00299
6	0.00510	0.00404	0.00459	0.00453	0.00566	0.00353	0.00337	0.00643	0.00989	0.01278	0.33854	0.08657	0.48161	0.00957	0.00476	0.00134	0.00200	0.00819	0.00399	0.00353
7	0.00490	0.00411	0.00429	0.00436	0.00567	0.00350	0.00334	0.00601	0.00921	0.01107	0.06038	0.03890	0.74552	0.01018	0.00480	0.00139	0.00216	0.07305	0.00374	0.00342
8	0.88738	0.00776	0.00589	0.00527	0.00776	0.00900	0.00434	0.01179	0.00683	0.01799	0.00558	0.00651	0.00434	0.00372	0.00248	0.00124	0.00310	0.00217	0.00248	0.00434
9	0.88738	0.00776	0.00589	0.00527	0.00776	0.00900	0.00434	0.01179	0.00683	0.01799	0.00558	0.00651	0.00434	0.00372	0.00248	0.00124	0.00310	0.00217	0.00248	0.00434
10	0.25250	0.00754	0.00856	0.00680	0.00968	0.00749	0.00560	0.11695	0.01105	0.49074	0.01220	0.01126	0.00804	0.00460	0.00358	0.00123	0.00341	0.00347	0.02924	0.00607
11	0.00863	0.07067	0.54912	0.01274	0.01797	0.00997	0.24921	0.01270	0.00874	0.01254	0.00736	0.00903	0.00538	0.00366	0.00400	0.00127	0.00607	0.00343	0.00179	0.00573
12	0.00489	0.00391	0.00437	0.00458	0.00559	0.00340	0.00331	0.00592	0.00901	0.01129	0.12779	0.25476	0.52596	0.01057	0.00484	0.00142	0.00209	0.00910	0.00380	0.00340
13	0.00573	0.00430	0.00645	0.00645	0.00716	0.00501	0.00501	0.00716	0.00645	0.00931	0.01074	0.01576	0.01003	0.03008	0.84316	0.00645	0.01074	0.00430	0.00215	0.00358
14	0.01426	0.02763	0.01133	0.05140	0.02418	0.50436	0.03062	0.04551	0.04095	0.15004	0.00863	0.00928	0.00651	0.00438	0.00395	0.00112	0.02545	0.00311	0.03212	0.00516
15	0.02469	0.03426	0.12130	0.03678	0.03793	0.02529	0.34510	0.10639	0.03508	0.10820	0.00915	0.02377	0.00685	0.00428	0.00485	0.00132	0.06238	0.00410	0.00261	0.00568
16	0.02406	0.00626	0.00722	0.00641	0.00812	0.00640	0.00496	0.17380	0.08630	0.14277	0.07563	0.18343	0.05190	0.04780	0.00496	0.00143	0.00301	0.03039	0.13024	0.00491
17	0.00624	0.00466	0.00559	0.02583	0.00692	0.02191	0.00421	0.03797	0.00842	0.03437	0.04982	0.29599	0.19579	0.11481	0.12793	0.00249	0.00400	0.04615	0.00333	0.00357

[dist]
# distance from previous block
# <min> <max>
2	11

[block]
# block no. 4 follows, 67 sequences, length 12
# corresponding to MSA columns:
# 195-206
name=unknown_E
#
# <colnr> <probs for GDERKNQSTAVLIFYWHMCP>
#	G	D	E	R	K	N	Q	S	T	A	V	L	I	F	Y	W	H	M	C	P
0	0.00857	0.04550	0.00704	0.00577	0.00741	0.02576	0.00452	0.06835	0.10673	0.08932	0.28525	0.04274	0.13343	0.00684	0.00412	0.00121	0.00262	0.00574	0.14450	0.00458
1	0.01099	0.51417	0.03633	0.00797	0.01104	0.07609	0.03757	0.08828	0.09835	0.01225	0.04569	0.00908	0.00763	0.00415	0.00342	0.00103	0.02533	0.00296	0.00235	0.00534
2	0.00958	0.03800	0.01199	0.15696	0.04384	0.13022	0.05096	0.05004	0.00842	0.03056	0.00780	0.04229	0.00697	0.00877	0.11881	0.00209	0.27210	0.00383	0.00214	0.00461
3	0.00552	0.00381	0.00496	0.00539	0.00596	0.00355	0.00390	0.00614	0.00818	0.01075	0.12871	0.35454	0.17022	0.01162	0.00690	0.15603	0.00258	0.10465	0.00346	0.00314
4	0.00501	0.00357	0.00459	0.00534	0.00560	0.00335	0.00351	0.00563	0.00749	0.00992	0.02169	0.70154	0.06389	0.13001	0.00722	0.00193	0.00253	0.01049	0.00354	0.00315
5	0.00514	0.00394	0.00474	0.00509	0.00596	0.00355	0.00377	0.00629	0.00906	0.01168	0.17095	0.30478	0.34265	0.01070	0.00495	0.00148	0.00228	0.09569	0.00384	0.00345
6	0.00998	0.00862	0.00907	0.00816	0.01043	0.00998	0.00635	0.02131	0.82679	0.01678	0.01632	0.01496	0.01224	0.00544	0.00408	0.00136	0.00317	0.00453	0.00408	0.00635
7	0.00940	0.01652	0.49581	0.01435	0.19367	0.05216	0.07328	0.01336	0.03451	0.04792	0.00794	0.00932	0.00587	0.00384	0.00392	0.00125	0.00561	0.00330	0.00201	0.00597
8	0.00509	0.00399	0.00461	0.00464	0.00568	0.00351	0.00341	0.00636	0.00969	0.01258	0.31455	0.16345	0.42845	0.00985	0.00480	0.00136	0.00203	0.00850	0.00397	0.00351
9	0.00951	0.04558	0.14982	0.07051	0.08773	0.06732	0.06994	0.03890	0.08731	0.05067	0.04524	0.01194	0.00851	0.00745	0.08974	0.00185	0.13463	0.01570	0.00244	0.00521
10	0.01033	0.04033	0.00986	0.04662	0.01069	0.03415	0.02167	0.11507	0.08054	0.10460	0.02393	0.02753	0.02258	0.03538	0.04161	0.00145	0.09580	0.01533	0.03092	0.23161
11	0.00973	0.15328	0.16169	0.00888	0.05882	0.05399	0.03166	0.02484	0.05746	0.11182	0.09694	0.11704	0.03618	0.00566	0.00391	0.00119	0.00405	0.00474	0.00295	0.05516

[dist]
# distance from previous block
# <min> <max>
1	19

[block]
# block no. 5 follows, 67 sequences, length 11
# corresponding to MSA columns:
# 226-236
name=unknown_F
#
# <colnr> <probs for GDERKNQSTAVLIFYWHMCP>
#	G	D	E	R	K	N	Q	S	T	A	V	L	I	F	Y	W	H	M	C	P
0	0.01032	0.10680	0.09867	0.08743	0.07020	0.02155	0.06839	0.07656	0.08299	0.11274	0.04893	0.02688	0.03738	0.00468	0.00385	0.00116	0.00423	0.01654	0.00289	0.11781
1	0.00656	0.00543	0.00642	0.00552	0.00730	0.00483	0.00423	0.00790	0.00863	0.01218	0.12880	0.10949	0.23726	0.03579	0.00530	0.00121	0.06920	0.00588	0.02865	0.30942
2	0.00922	0.05513	0.25170	0.01077	0.09962	0.00812	0.08598	0.03564	0.02277	0.06286	0.04548	0.02923	0.00828	0.00415	0.00375	0.00108	0.00447	0.01889	0.00245	0.24041
3	0.00645	0.00459	0.00582	0.00630	0.00729	0.00457	0.00518	0.00880	0.06876	0.01279	0.09719	0.12319	0.09398	0.00971	0.00492	0.00158	0.00298	0.42346	0.10861	0.00383
4	0.01072	0.86147	0.02102	0.00686	0.01029	0.01587	0.00686	0.01201	0.00815	0.00944	0.00558	0.00643	0.00515	0.00343	0.00257	0.00086	0.00429	0.00214	0.00172	0.00515
5	0.01034	0.00809	0.00895	0.03721	0.01068	0.00912	0.00629	0.04428	0.63210	0.08554	0.08848	0.01588	0.01392	0.00558	0.00413	0.00134	0.00319	0.00467	0.00410	0.00611
6	0.00660	0.00461	0.00571	0.00531	0.00563	0.00477	0.02756	0.05092	0.00665	0.00894	0.01169	0.02306	0.01297	0.67491	0.05075	0.06444	0.02485	0.00540	0.00243	0.00281
7	0.00495	0.00363	0.00452	0.00519	0.00560	0.00334	0.00347	0.00564	0.00776	0.01010	0.02452	0.62379	0.17214	0.09742	0.00659	0.00181	0.00243	0.01030	0.00359	0.00320
8	0.03401	0.34609	0.01605	0.01107	0.14862	0.18718	0.04120	0.01340	0.04428	0.03869	0.00701	0.00815	0.00588	0.00385	0.00362	0.00103	0.03451	0.00281	0.00211	0.05044
9	0.05950	0.03825	0.00902	0.07420	0.13360	0.00681	0.01883	0.05141	0.04737	0.06659	0.04345	0.01850	0.11611	0.15606	0.00785	0.07554	0.00372	0.02649	0.00282	0.04389
10	0.04932	0.27131	0.06427	0.00869	0.06276	0.05382	0.05647	0.05763	0.00893	0.03111	0.01928	0.03820	0.01814	0.08624	0.00509	0.00129	0.01505	0.00346	0.00231	0.14664

[dist]
# distance from previous block
# <min> <max>
9	26

[block]
# block no. 6 follows, 67 sequences, length 9
# corresponding to MSA columns:
# 266-274
name=unknown_G
#
# <colnr> <probs for GDERKNQSTAVLIFYWHMCP>
#	G	D	E	R	K	N	Q	S	T	A	V	L	I	F	Y	W	H	M	C	P
0	0.08539	0.12768	0.16198	0.04491	0.07843	0.04886	0.10823	0.08215	0.04528	0.08453	0.07362	0.01099	0.00874	0.00436	0.00392	0.00121	0.01794	0.00362	0.00265	0.00551
1	0.00540	0.00381	0.00495	0.00540	0.00596	0.00346	0.00371	0.00598	0.00781	0.01049	0.07907	0.57409	0.09133	0.01161	0.00619	0.10716	0.00245	0.00934	0.00345	0.05834
2	0.03197	0.04079	0.09021	0.20180	0.11907	0.04607	0.12018	0.09537	0.00983	0.04451	0.03283	0.07716	0.02922	0.00494	0.00430	0.00128	0.02434	0.00438	0.00250	0.01925
3	0.10605	0.09585	0.12735	0.07909	0.13730	0.05898	0.07226	0.09706	0.03824	0.08483	0.00851	0.02767	0.00663	0.00423	0.00392	0.00121	0.02369	0.00345	0.00254	0.02113
4	0.00631	0.00441	0.00539	0.00527	0.00559	0.00470	0.00347	0.00709	0.03531	0.02835	0.01343	0.07181	0.03449	0.56229	0.15021	0.00385	0.04664	0.00577	0.00258	0.00303
5	0.00648	0.00457	0.00559	0.00572	0.00659	0.00445	0.00409	0.04116	0.07836	0.04812	0.16976	0.44811	0.10033	0.05036	0.00556	0.00159	0.00250	0.00889	0.00388	0.00389
6	0.18226	0.03893	0.05317	0.03807	0.06330	0.09404	0.03411	0.03243	0.00874	0.03198	0.00746	0.03476	0.00624	0.00378	0.00325	0.00096	0.00399	0.00293	0.00239	0.35720
7	0.03496	0.08984	0.11162	0.00891	0.06326	0.04959	0.03275	0.11504	0.03629	0.05978	0.06817	0.03556	0.04731	0.02427	0.00432	0.00116	0.02586	0.00388	0.00282	0.18461
8	0.06600	0.09196	0.10668	0.04505	0.09955	0.06111	0.07509	0.10773	0.12988	0.05195	0.01032	0.05514	0.02035	0.00551	0.02643	0.00139	0.03359	0.00398	0.00275	0.00553

[dist]
# distance from previous block
# <min> <max>
3	28

[block]
# block no. 7 follows, 67 sequences, length 17
# corresponding to MSA columns:
# 303-319
name=unknown_H
#
# <colnr> <probs for GDERKNQSTAVLIFYWHMCP>
#	G	D	E	R	K	N	Q	S	T	A	V	L	I	F	Y	W	H	M	C	P
0	0.12077	0.09172	0.04433	0.02161	0.07816	0.06095	0.02730	0.07163	0.05185	0.05441	0.06622	0.03667	0.04476	0.02699	0.08401	0.03683	0.02982	0.00401	0.00274	0.04524
1	0.00902	0.01873	0.02663	0.00736	0.00911	0.16665	0.05113	0.07813	0.03118	0.04110	0.09885	0.07322	0.24198	0.04570	0.01674	0.00147	0.04395	0.00579	0.02891	0.00435
2	0.00982	0.01241	0.24247	0.08144	0.11770	0.04109	0.05923	0.09722	0.15327	0.03795	0.01946	0.02248	0.01606	0.00484	0.00437	0.00132	0.03113	0.03931	0.00269	0.00575
3	0.00823	0.05807	0.76556	0.01147	0.01720	0.00964	0.05003	0.01268	0.00850	0.01256	0.00716	0.00848	0.00513	0.00377	0.00380	0.00126	0.00589	0.00300	0.00171	0.00587
4	0.29177	0.06282	0.01116	0.05771	0.17343	0.17494	0.02819	0.02374	0.00915	0.09599	0.03151	0.00911	0.00662	0.00403	0.00339	0.00117	0.00456	0.00302	0.00253	0.00515
5	0.42948	0.18761	0.05628	0.00753	0.02443	0.12760	0.02713	0.04483	0.02469	0.02973	0.00641	0.00729	0.00510	0.00381	0.00294	0.00114	0.00426	0.00249	0.00234	0.00488
6	0.00578	0.00418	0.00549	0.00553	0.00584	0.00454	0.00381	0.00647	0.00647	0.00896	0.03690	0.13064	0.01484	0.39554	0.30933	0.00434	0.03977	0.00597	0.00253	0.00306
7	0.02663	0.00991	0.10632	0.09460	0.08993	0.04931	0.13028	0.06431	0.13609	0.03880	0.16298	0.01448	0.01297	0.00500	0.00430	0.00128	0.01770	0.00445	0.02535	0.00532
8	0.00640	0.00465	0.00620	0.00603	0.00673	0.00514	0.00444	0.06510	0.00745	0.01041	0.04848	0.05203	0.01285	0.23535	0.50483	0.00500	0.00783	0.00505	0.00252	0.00352
9	0.06102	0.06772	0.21085	0.05996	0.14087	0.10814	0.06588	0.05893	0.05357	0.02540	0.00776	0.00950	0.00612	0.00515	0.01508	0.07668	0.01663	0.00328	0.00218	0.00526
10	0.00641	0.00516	0.00576	0.00568	0.00618	0.06451	0.00394	0.00713	0.00659	0.00867	0.01218	0.02073	0.03601	0.41572	0.37313	0.00471	0.00703	0.00502	0.00232	0.00311
11	0.01162	0.00835	0.00959	0.00810	0.01050	0.00918	0.02231	0.14334	0.45421	0.14892	0.09239	0.01510	0.01315	0.00553	0.00439	0.00132	0.02713	0.00454	0.00414	0.00618
12	0.00536	0.00397	0.00507	0.00577	0.00624	0.00388	0.00400	0.00689	0.06644	0.01071	0.02187	0.67808	0.06172	0.03045	0.03790	0.00184	0.00278	0.03988	0.00366	0.00350
13	0.00673	0.00508	0.00633	0.00629	0.00685	0.06454	0.00465	0.00714	0.00646	0.00865	0.00973	0.04368	0.00944	0.04057	0.48990	0.26669	0.00789	0.00421	0.00208	0.00307
14	0.01018	0.10508	0.22640	0.03812	0.13147	0.06941	0.04267	0.09586	0.13208	0.01404	0.00870	0.00970	0.00670	0.00408	0.00382	0.00116	0.01455	0.00330	0.01392	0.06877
15	0.00909	0.00885	0.01268	0.46735	0.22472	0.08186	0.01052	0.04692	0.00910	0.01174	0.02476	0.02718	0.00675	0.00425	0.00417	0.00127	0.02244	0.00369	0.00206	0.02059
16	0.00954	0.02651	0.01388	0.18259	0.30890	0.03542	0.10042	0.05400	0.06811	0.02810	0.02086	0.02937	0.02634	0.00442	0.00405	0.00124	0.00470	0.01863	0.02704	0.03588

[dist]
# distance from previous block
# <min> <max>
0	80

# created by:
# /st0/software/busco_prod/Augustus/scripts/msa2prfl.pl ./align_prep/34235.fa
