[name]
unknown

[dist]
# distance from previous block
# <min> <max>
0	42

[block]
# block no. 0 follows, 60 sequences, length 31
# corresponding to MSA columns:
# 48-78
name=unknown_A
#
# <colnr> <probs for GDERKNQSTAVLIFYWHMCP>
#	G	D	E	R	K	N	Q	S	T	A	V	L	I	F	Y	W	H	M	C	P
0	0.07121	0.05666	0.08358	0.02999	0.05977	0.02742	0.02633	0.10480	0.08573	0.07450	0.13274	0.02849	0.01468	0.01951	0.00462	0.00138	0.00414	0.07965	0.00350	0.09133
1	0.00617	0.00444	0.00550	0.00568	0.00608	0.00441	0.00375	0.00675	0.00737	0.00998	0.01764	0.28479	0.04868	0.39696	0.09843	0.00339	0.02395	0.02228	0.00311	0.04063
2	0.02254	0.01468	0.30163	0.04735	0.18055	0.05962	0.03097	0.08344	0.04532	0.08753	0.01070	0.03886	0.02614	0.00484	0.00428	0.00134	0.00541	0.00406	0.00275	0.02800
3	0.00691	0.00580	0.02326	0.00595	0.00785	0.00476	0.00457	0.00878	0.03025	0.01401	0.23772	0.18848	0.12923	0.04430	0.00534	0.00137	0.00275	0.00712	0.00371	0.26782
4	0.30581	0.12035	0.08737	0.00881	0.01186	0.33823	0.00763	0.01470	0.00981	0.01407	0.00658	0.00767	0.00534	0.00416	0.00336	0.00118	0.00561	0.00263	0.00233	0.04250
5	0.20925	0.11201	0.09567	0.00980	0.01343	0.04683	0.10132	0.22430	0.05829	0.07579	0.00922	0.00985	0.00681	0.00451	0.00386	0.00130	0.00490	0.00350	0.00317	0.00618
6	0.00985	0.00912	0.01487	0.22549	0.44561	0.00966	0.03130	0.05152	0.03629	0.01397	0.01104	0.05711	0.03953	0.00508	0.00449	0.00139	0.00504	0.02011	0.00250	0.00603
7	0.00796	0.00436	0.00498	0.00475	0.00588	0.00419	0.00359	0.00998	0.01045	0.05432	0.30350	0.02207	0.02195	0.00648	0.00387	0.00116	0.00212	0.00546	0.51868	0.00424
8	0.00546	0.00391	0.00528	0.00614	0.00645	0.00379	0.00417	0.00628	0.00813	0.01093	0.02225	0.71987	0.02631	0.04346	0.10282	0.00247	0.00366	0.01129	0.00380	0.00355
9	0.01668	0.00672	0.00900	0.00713	0.00997	0.00588	0.00580	0.01845	0.01219	0.63939	0.13371	0.01755	0.01526	0.00589	0.00439	0.00133	0.00333	0.00487	0.07580	0.00667
10	0.00627	0.00450	0.00615	0.00615	0.00663	0.00498	0.00438	0.00724	0.00675	0.00949	0.01247	0.02149	0.01279	0.34339	0.52134	0.00595	0.00884	0.00531	0.00245	0.00342
11	0.00965	0.00987	0.01516	0.01246	0.01311	0.01302	0.12543	0.01100	0.00721	0.01100	0.00618	0.00987	0.00586	0.00706	0.01298	0.00184	0.71741	0.00401	0.00195	0.00493
12	0.87753	0.00843	0.00641	0.00574	0.00843	0.00978	0.00472	0.01282	0.00742	0.01957	0.00607	0.00709	0.00472	0.00405	0.00270	0.00135	0.00337	0.00236	0.00270	0.00472
13	0.00903	0.00844	0.04708	0.00674	0.01073	0.00602	0.00568	0.01111	0.00905	0.01419	0.00776	0.00905	0.00642	0.00327	0.00327	0.00068	0.00338	0.00261	0.00255	0.83293
14	0.00545	0.00392	0.00520	0.00617	0.00653	0.00367	0.00427	0.00633	0.00856	0.01132	0.02482	0.74338	0.06221	0.01342	0.00559	0.00178	0.00264	0.07712	0.00405	0.00359
15	0.00541	0.00399	0.00507	0.00579	0.00634	0.00366	0.00401	0.00637	0.00902	0.01186	0.09744	0.61262	0.16600	0.01275	0.00547	0.00169	0.00247	0.03229	0.00411	0.00363
16	0.00623	0.00467	0.00701	0.00701	0.00779	0.00545	0.00545	0.00779	0.00701	0.01012	0.01168	0.01713	0.01090	0.03271	0.82944	0.00701	0.01168	0.00467	0.00234	0.00389
17	0.02351	0.08277	0.63048	0.01164	0.03467	0.01022	0.01395	0.01439	0.02200	0.08390	0.02762	0.01019	0.00696	0.00435	0.00407	0.00134	0.00585	0.00339	0.00228	0.00640
18	0.01948	0.00757	0.01021	0.00783	0.01121	0.00663	0.00647	0.04526	0.01273	0.79818	0.01700	0.01471	0.01069	0.00539	0.00439	0.00135	0.00374	0.00437	0.00537	0.00742
19	0.01056	0.01013	0.01729	0.09993	0.74816	0.01030	0.01327	0.01318	0.00982	0.01397	0.00816	0.01087	0.00681	0.00393	0.00432	0.00131	0.00524	0.00389	0.00214	0.00672
20	0.00573	0.00458	0.00518	0.00493	0.00633	0.00395	0.00371	0.00724	0.01086	0.01415	0.34929	0.03683	0.47476	0.00986	0.00507	0.00140	0.00219	0.00840	0.00428	0.04127
21	0.00534	0.00385	0.00506	0.00597	0.00631	0.00357	0.00402	0.00617	0.00860	0.01144	0.05889	0.76982	0.06815	0.01333	0.00553	0.00174	0.00249	0.01205	0.00408	0.00357
22	0.01009	0.00960	0.01633	0.21982	0.61013	0.01007	0.01292	0.01274	0.00964	0.01348	0.00847	0.01197	0.00711	0.00421	0.00437	0.00135	0.00530	0.02391	0.00215	0.00634
23	0.00809	0.00599	0.00694	0.01691	0.00822	0.00605	0.00492	0.04919	0.17659	0.05865	0.26376	0.07719	0.22035	0.04194	0.02442	0.00169	0.00301	0.01696	0.00432	0.00483
24	0.00817	0.00689	0.01005	0.05324	0.08256	0.00852	0.00734	0.00891	0.00694	0.01005	0.00864	0.01444	0.00854	0.12515	0.18072	0.14422	0.30513	0.00433	0.00212	0.00404
25	0.01141	0.36462	0.13231	0.03315	0.05720	0.15131	0.05246	0.02899	0.00966	0.01163	0.00735	0.00934	0.00634	0.03122	0.04287	0.00150	0.02302	0.00312	0.00207	0.02045
26	0.05042	0.00886	0.04806	0.00938	0.09475	0.00718	0.02054	0.05348	0.01009	0.12597	0.00955	0.02453	0.00751	0.00461	0.02183	0.00108	0.00398	0.00331	0.00300	0.49186
27	0.11465	0.07956	0.09056	0.01097	0.11006	0.12708	0.02690	0.11343	0.04689	0.05896	0.09138	0.07377	0.01184	0.00556	0.00412	0.00130	0.00474	0.00448	0.00315	0.02060
28	0.02716	0.08795	0.11950	0.01244	0.15139	0.05839	0.01853	0.18704	0.15706	0.06254	0.02639	0.04160	0.02039	0.00522	0.00422	0.00133	0.00478	0.00426	0.00332	0.00650
29	0.03302	0.07492	0.09762	0.09541	0.16155	0.04605	0.13399	0.13170	0.05950	0.03463	0.00965	0.03197	0.00775	0.00463	0.00428	0.00132	0.00537	0.01541	0.00274	0.04850
30	0.06187	0.01939	0.05836	0.01101	0.16161	0.03339	0.00742	0.07209	0.11676	0.01429	0.03164	0.03681	0.06778	0.15664	0.05393	0.01618	0.02753	0.01613	0.01423	0.02293

[dist]
# distance from previous block
# <min> <max>
3	61

[block]
# block no. 1 follows, 60 sequences, length 68
# corresponding to MSA columns:
# 142-209
name=unknown_B
#
# <colnr> <probs for GDERKNQSTAVLIFYWHMCP>
#	G	D	E	R	K	N	Q	S	T	A	V	L	I	F	Y	W	H	M	C	P
0	0.03690	0.14846	0.15649	0.02472	0.12741	0.12055	0.00966	0.07666	0.06206	0.07765	0.03089	0.01209	0.00857	0.00478	0.00399	0.00124	0.00514	0.03544	0.00282	0.05445
1	0.06654	0.07777	0.13164	0.06629	0.14517	0.04965	0.05230	0.11181	0.05688	0.01497	0.00993	0.04279	0.00864	0.10062	0.00614	0.00164	0.00503	0.00421	0.01947	0.02851
2	0.00721	0.07482	0.00749	0.00622	0.02848	0.04990	0.00443	0.00832	0.00928	0.01187	0.12336	0.12088	0.25427	0.17920	0.00820	0.00190	0.00332	0.00712	0.00339	0.09034
3	0.00951	0.00838	0.04913	0.00777	0.04094	0.00648	0.00622	0.02632	0.02221	0.05530	0.04040	0.03173	0.02209	0.00438	0.00392	0.00090	0.02544	0.02008	0.00289	0.61591
4	0.02760	0.08853	0.22542	0.01238	0.11930	0.05235	0.07903	0.07541	0.01090	0.12688	0.03499	0.04046	0.02997	0.00491	0.00420	0.00129	0.00515	0.00415	0.00291	0.05417
5	0.01054	0.16586	0.23025	0.03169	0.10826	0.06614	0.05057	0.05190	0.00980	0.04008	0.00966	0.03401	0.02371	0.06273	0.00593	0.00151	0.05750	0.01803	0.00239	0.01943
6	0.01853	0.02383	0.02811	0.00696	0.02514	0.05312	0.00498	0.02654	0.00868	0.02202	0.03171	0.40494	0.06315	0.11453	0.02800	0.08318	0.00372	0.04570	0.00340	0.00377
7	0.03192	0.03598	0.05290	0.09597	0.19897	0.00832	0.04294	0.02528	0.03493	0.05661	0.03947	0.16013	0.09859	0.00726	0.00533	0.00149	0.06056	0.03499	0.00307	0.00531
8	0.13833	0.31210	0.11115	0.00960	0.04453	0.11053	0.02589	0.10169	0.03690	0.06072	0.00800	0.00876	0.00629	0.00425	0.00351	0.00118	0.00507	0.00300	0.00261	0.00591
9	0.05996	0.03904	0.11230	0.08704	0.15026	0.00970	0.23124	0.04588	0.03130	0.04883	0.05949	0.02732	0.01987	0.02906	0.00496	0.00146	0.00536	0.00460	0.02655	0.00579
10	0.00969	0.12586	0.11613	0.02538	0.06045	0.07356	0.04092	0.01354	0.14710	0.02359	0.06588	0.07701	0.04067	0.06000	0.02177	0.00160	0.02028	0.00491	0.00296	0.06871
11	0.07275	0.00595	0.00693	0.00606	0.00784	0.00602	0.02148	0.06241	0.02637	0.17503	0.03189	0.06537	0.01195	0.00623	0.01875	0.00132	0.02264	0.00463	0.44130	0.00506
12	0.00632	0.00454	0.00647	0.00647	0.00705	0.00511	0.00478	0.00738	0.00680	0.00965	0.01191	0.01934	0.01178	0.20281	0.61948	0.04951	0.00972	0.00498	0.00238	0.00353
13	0.00639	0.00453	0.00587	0.00627	0.03036	0.00471	0.00402	0.00703	0.00696	0.00950	0.01432	0.09608	0.01579	0.49673	0.23452	0.00457	0.00609	0.04028	0.00273	0.00324
14	0.00554	0.00427	0.00507	0.00521	0.00622	0.00379	0.00378	0.00688	0.01035	0.01356	0.30280	0.24559	0.34925	0.01099	0.00526	0.00152	0.00224	0.00958	0.00431	0.00379
15	0.00954	0.00954	0.01336	0.01145	0.01145	0.01336	0.00954	0.01050	0.00668	0.01050	0.00573	0.00954	0.00573	0.00763	0.01431	0.00191	0.83874	0.00382	0.00191	0.00477
16	0.00623	0.00467	0.00701	0.00701	0.00779	0.00545	0.00545	0.00779	0.00701	0.01012	0.01168	0.01713	0.01090	0.03271	0.82944	0.00701	0.01168	0.00467	0.00234	0.00389
17	0.01028	0.01075	0.01961	0.12341	0.30940	0.04472	0.34019	0.01327	0.01004	0.01352	0.00920	0.01339	0.00764	0.00435	0.00475	0.00142	0.00621	0.04961	0.00226	0.00598
18	0.87753	0.00843	0.00641	0.00574	0.00843	0.00978	0.00472	0.01282	0.00742	0.01957	0.00607	0.00709	0.00472	0.00405	0.00270	0.00135	0.00337	0.00236	0.00270	0.00472
19	0.00758	0.00379	0.00568	0.00568	0.00568	0.00379	0.00379	0.00568	0.00568	0.00758	0.00758	0.01326	0.00758	0.01515	0.01705	0.87311	0.00379	0.00379	0.00189	0.00189
20	0.01220	0.01256	0.01639	0.02279	0.61599	0.17610	0.01213	0.05402	0.01095	0.01419	0.00802	0.01019	0.00667	0.00408	0.00424	0.00126	0.00570	0.00367	0.00229	0.00656
21	0.01634	0.03594	0.01227	0.00947	0.03067	0.04175	0.00760	0.46082	0.01651	0.23064	0.01193	0.02554	0.00846	0.00518	0.00424	0.00126	0.00449	0.00400	0.00430	0.06858
22	0.01257	0.01062	0.01390	0.01620	0.32666	0.01148	0.00985	0.25767	0.25835	0.01951	0.01182	0.01237	0.00902	0.00492	0.00437	0.00136	0.00454	0.00422	0.00353	0.00706
23	0.00758	0.00379	0.00568	0.00568	0.00568	0.00379	0.00379	0.00568	0.00568	0.00758	0.00758	0.01326	0.00758	0.01515	0.01705	0.87311	0.00379	0.00379	0.00189	0.00189
24	0.01166	0.84935	0.02285	0.00746	0.01119	0.01726	0.00746	0.01306	0.00886	0.01026	0.00606	0.00700	0.00560	0.00373	0.00280	0.00093	0.00466	0.00233	0.00187	0.00560
25	0.00875	0.02256	0.82413	0.01243	0.01888	0.01013	0.01611	0.01381	0.00921	0.01381	0.00783	0.00921	0.00552	0.00414	0.00414	0.00138	0.00645	0.00322	0.00184	0.00645
26	0.00758	0.00379	0.00568	0.00568	0.00568	0.00379	0.00379	0.00568	0.00568	0.00758	0.00758	0.01326	0.00758	0.01515	0.01705	0.87311	0.00379	0.00379	0.00189	0.00189
27	0.00593	0.00443	0.00550	0.00527	0.00637	0.00401	0.00394	0.00775	0.01173	0.01610	0.63017	0.05322	0.21052	0.00949	0.00516	0.00140	0.00210	0.00828	0.00462	0.00401
28	0.39170	0.04497	0.01899	0.00786	0.02566	0.03620	0.02105	0.15546	0.07599	0.04101	0.00955	0.06298	0.00793	0.00499	0.00355	0.00130	0.00392	0.00368	0.00321	0.07999
29	0.03564	0.04468	0.09939	0.02991	0.02397	0.08595	0.10131	0.06089	0.07309	0.01464	0.12238	0.08949	0.06158	0.00698	0.02520	0.00149	0.03720	0.00536	0.00312	0.07774
30	0.01136	0.36272	0.31085	0.00971	0.01426	0.03887	0.01063	0.11113	0.03955	0.02840	0.00847	0.00927	0.01870	0.00431	0.00364	0.00118	0.00533	0.00310	0.00236	0.00616
31	0.00824	0.00775	0.01308	0.83624	0.03004	0.00969	0.01211	0.01114	0.00872	0.01114	0.00775	0.01163	0.00581	0.00436	0.00436	0.00145	0.00581	0.00388	0.00194	0.00484
32	0.00553	0.00439	0.00497	0.00490	0.00614	0.00383	0.00365	0.00696	0.01071	0.01380	0.32148	0.08770	0.48962	0.01044	0.00518	0.00145	0.00217	0.00893	0.00432	0.00383
33	0.00678	0.00559	0.00845	0.22998	0.06094	0.00607	0.00730	0.00844	0.00885	0.01171	0.03530	0.40775	0.03500	0.01006	0.00545	0.00168	0.02624	0.11687	0.00333	0.00420
34	0.01011	0.03350	0.52901	0.02958	0.01631	0.00927	0.01258	0.03512	0.04084	0.09572	0.03900	0.01093	0.00784	0.00443	0.00409	0.00129	0.00542	0.00352	0.00257	0.10887
35	0.00637	0.00464	0.00607	0.00623	0.00679	0.02170	0.00447	0.00714	0.00759	0.01030	0.05896	0.18564	0.06100	0.13052	0.35276	0.10998	0.00679	0.00672	0.00289	0.00344
36	0.01516	0.04515	0.01230	0.01058	0.01302	0.58806	0.00810	0.07953	0.16053	0.01337	0.00904	0.00959	0.00718	0.00479	0.00402	0.00120	0.00671	0.00327	0.00280	0.00560
37	0.01038	0.20211	0.42129	0.01069	0.03425	0.07062	0.01172	0.03768	0.03928	0.02831	0.02067	0.00995	0.00692	0.02134	0.01977	0.00139	0.00577	0.00325	0.00222	0.04240
38	0.01033	0.18101	0.53530	0.01142	0.01688	0.01128	0.06540	0.01445	0.02372	0.07886	0.00849	0.00953	0.00618	0.00417	0.00397	0.00130	0.00588	0.00330	0.00221	0.00633
39	0.01631	0.02035	0.01240	0.01117	0.01349	0.78743	0.00842	0.05776	0.01278	0.01154	0.00693	0.00800	0.00571	0.00453	0.00395	0.00113	0.00771	0.00287	0.00236	0.00518
40	0.00643	0.00529	0.00717	0.02620	0.12282	0.02008	0.00561	0.00766	0.00915	0.01207	0.06899	0.51162	0.13633	0.01122	0.00526	0.00163	0.00304	0.03152	0.00374	0.00414
41	0.12055	0.00991	0.13620	0.10298	0.11191	0.00820	0.07225	0.01295	0.02480	0.13056	0.01240	0.06653	0.02926	0.07051	0.03698	0.00186	0.00503	0.03869	0.00296	0.00547
42	0.00671	0.00541	0.00779	0.01008	0.15983	0.00530	0.00606	0.00841	0.04054	0.01222	0.04220	0.49999	0.07152	0.02170	0.04199	0.00191	0.00353	0.04679	0.00363	0.00436
43	0.01058	0.01044	0.01912	0.08340	0.38876	0.01042	0.28065	0.06746	0.01065	0.01471	0.00938	0.03338	0.00786	0.00444	0.00469	0.00140	0.00584	0.02815	0.00241	0.00627
44	0.00973	0.01000	0.05141	0.21373	0.45446	0.00986	0.09137	0.01270	0.02626	0.01337	0.00929	0.06105	0.00801	0.00462	0.00448	0.00139	0.00541	0.00451	0.00226	0.00610
45	0.01032	0.09492	0.35678	0.06669	0.12992	0.03068	0.16203	0.07198	0.01036	0.01433	0.00807	0.00991	0.00609	0.00408	0.00425	0.00134	0.00615	0.00368	0.00216	0.00626
46	0.00533	0.00383	0.00507	0.00601	0.00632	0.00356	0.00403	0.00614	0.00850	0.01132	0.04636	0.80129	0.04913	0.01347	0.00554	0.00175	0.00251	0.01219	0.00407	0.00356
47	0.00890	0.05855	0.05526	0.21312	0.17914	0.00812	0.00895	0.01154	0.02939	0.06055	0.24243	0.03183	0.06215	0.00613	0.00454	0.00136	0.00415	0.00538	0.00320	0.00530
48	0.01152	0.03088	0.15702	0.04309	0.03321	0.16259	0.30772	0.03456	0.01067	0.07136	0.01060	0.02896	0.03338	0.02471	0.00501	0.00144	0.00642	0.01857	0.00256	0.00573
49	0.01236	0.14907	0.22014	0.04018	0.01425	0.00945	0.07584	0.03371	0.01040	0.25715	0.01269	0.10683	0.01036	0.00571	0.00430	0.00136	0.00484	0.02191	0.00331	0.00613
50	0.01413	0.00745	0.01027	0.06509	0.01225	0.00729	0.04648	0.01755	0.13358	0.43005	0.02867	0.04985	0.07205	0.00715	0.02753	0.00160	0.02395	0.03426	0.00448	0.00633
51	0.00998	0.00883	0.01397	0.13176	0.40922	0.03122	0.04479	0.03209	0.00998	0.05433	0.01263	0.15159	0.02953	0.00616	0.00464	0.00143	0.00480	0.03444	0.00278	0.00583
52	0.01206	0.07350	0.26662	0.10392	0.13710	0.05816	0.05902	0.04978	0.02465	0.15929	0.00972	0.01082	0.00701	0.00440	0.00420	0.00133	0.00558	0.00369	0.00274	0.00639
53	0.01488	0.00858	0.01246	0.02695	0.20357	0.01828	0.04531	0.08366	0.02686	0.39746	0.06430	0.05420	0.01206	0.00554	0.00450	0.00136	0.00424	0.00485	0.00417	0.00675
54	0.03223	0.00973	0.04885	0.10287	0.23674	0.02461	0.08037	0.07623	0.04006	0.13916	0.02752	0.04843	0.05010	0.00553	0.00495	0.00142	0.04258	0.01938	0.00314	0.00611
55	0.01190	0.03988	0.05828	0.12288	0.32572	0.06105	0.07008	0.07353	0.02679	0.10915	0.03631	0.02681	0.00869	0.00464	0.00436	0.00133	0.00526	0.00419	0.00282	0.00633
56	0.01198	0.02230	0.05158	0.05617	0.21927	0.04341	0.05848	0.09229	0.01132	0.17452	0.03184	0.12296	0.04274	0.00603	0.00452	0.00137	0.00458	0.00534	0.00339	0.03590
57	0.02646	0.02558	0.05770	0.02649	0.17519	0.04704	0.12185	0.07960	0.03513	0.10322	0.05261	0.09088	0.04793	0.00581	0.00451	0.00134	0.00471	0.01856	0.00321	0.07219
58	0.04235	0.08222	0.05447	0.06533	0.27180	0.08072	0.15042	0.08661	0.02502	0.04920	0.00903	0.03101	0.00729	0.00439	0.00426	0.00130	0.00555	0.00403	0.00258	0.02243
59	0.01109	0.04040	0.14726	0.09032	0.22321	0.05178	0.06793	0.06697	0.04131	0.07616	0.02500	0.03660	0.00848	0.02314	0.00485	0.00138	0.01987	0.00415	0.00271	0.05740
60	0.08286	0.01014	0.08600	0.04019	0.06915	0.00908	0.05733	0.19297	0.03336	0.19537	0.05248	0.04119	0.02801	0.02024	0.00460	0.00138	0.00440	0.00449	0.00371	0.06307
61	0.04260	0.03839	0.02329	0.03982	0.21300	0.04681	0.04050	0.08907	0.04799	0.05629	0.07092	0.09344	0.05033	0.00613	0.00474	0.00135	0.03220	0.02496	0.00318	0.07499
62	0.03673	0.01147	0.10712	0.02722	0.24251	0.03073	0.03835	0.17881	0.08273	0.10001	0.01196	0.04772	0.03087	0.00515	0.00435	0.00134	0.00480	0.00441	0.00327	0.03043
63	0.05782	0.07988	0.07468	0.06723	0.21841	0.03885	0.03588	0.07173	0.06732	0.06830	0.07342	0.02810	0.03608	0.00504	0.00417	0.00128	0.00459	0.00429	0.00299	0.05993
64	0.07893	0.05051	0.04925	0.02743	0.27969	0.04866	0.06100	0.08075	0.04996	0.06924	0.04825	0.01154	0.00873	0.00440	0.00407	0.00123	0.00474	0.00381	0.00287	0.11494
65	0.08479	0.06249	0.09359	0.07866	0.21803	0.02445	0.02376	0.09160	0.06937	0.09313	0.01049	0.06132	0.00858	0.00501	0.00428	0.00133	0.01758	0.00418	0.00296	0.04439
66	0.09101	0.01194	0.08638	0.05131	0.22430	0.08971	0.03452	0.12166	0.08857	0.04186	0.01009	0.02164	0.02272	0.00483	0.00461	0.00133	0.04327	0.00389	0.00287	0.04350
67	0.02663	0.01003	0.04082	0.07212	0.17575	0.04781	0.05042	0.13742	0.11179	0.11696	0.05199	0.05277	0.02820	0.00551	0.00443	0.00135	0.00458	0.01282	0.00347	0.04512

[dist]
# distance from previous block
# <min> <max>
7	111

[block]
# block no. 2 follows, 60 sequences, length 42
# corresponding to MSA columns:
# 340-381
name=unknown_C
#
# <colnr> <probs for GDERKNQSTAVLIFYWHMCP>
#	G	D	E	R	K	N	Q	S	T	A	V	L	I	F	Y	W	H	M	C	P
0	0.04788	0.02387	0.06395	0.12828	0.10844	0.05193	0.05767	0.09199	0.10555	0.05465	0.05477	0.07516	0.01151	0.02814	0.01556	0.00155	0.03034	0.02008	0.00311	0.02556
1	0.10811	0.03296	0.16010	0.04341	0.06271	0.03863	0.02930	0.10819	0.04767	0.02551	0.02149	0.08161	0.01011	0.02526	0.00574	0.01306	0.08131	0.05101	0.00287	0.05095
2	0.03030	0.10655	0.07286	0.01350	0.17981	0.05782	0.10576	0.06837	0.10491	0.04776	0.04004	0.05567	0.03366	0.01658	0.00480	0.00139	0.02403	0.01886	0.00296	0.01435
3	0.03979	0.07089	0.17461	0.01053	0.05277	0.04355	0.07217	0.06638	0.09504	0.12565	0.03012	0.04806	0.02296	0.02262	0.03163	0.00159	0.01596	0.02497	0.00318	0.04756
4	0.12808	0.02741	0.08744	0.03743	0.09391	0.11544	0.06270	0.06716	0.00996	0.03705	0.01764	0.02838	0.02112	0.08830	0.05946	0.00190	0.00548	0.00398	0.00265	0.10452
5	0.04085	0.02290	0.01054	0.08088	0.07503	0.04574	0.03900	0.05790	0.11587	0.04217	0.01400	0.09589	0.05171	0.10763	0.03263	0.00194	0.07565	0.02856	0.00310	0.05801
6	0.04215	0.01020	0.01333	0.05058	0.17158	0.03621	0.07082	0.22592	0.09522	0.03847	0.02641	0.03377	0.01946	0.00499	0.00452	0.00128	0.02650	0.00423	0.00326	0.12109
7	0.15009	0.03703	0.01115	0.17334	0.07355	0.04968	0.02339	0.06761	0.05712	0.06045	0.02204	0.05587	0.03638	0.02902	0.04110	0.00172	0.07518	0.00439	0.00288	0.02802
8	0.00998	0.03769	0.01014	0.04327	0.02210	0.06516	0.01779	0.07258	0.02816	0.04607	0.04916	0.07094	0.02426	0.00779	0.08160	0.00162	0.04113	0.00424	0.00297	0.36335
9	0.03915	0.06925	0.27628	0.19466	0.18058	0.03775	0.01227	0.04712	0.03505	0.02514	0.00949	0.01129	0.03449	0.00448	0.00414	0.00134	0.00553	0.00371	0.00229	0.00600
10	0.00561	0.00445	0.00501	0.00508	0.00624	0.00395	0.00374	0.00708	0.02471	0.01308	0.22171	0.14417	0.46856	0.03894	0.00579	0.00160	0.00235	0.02994	0.00419	0.00380
11	0.03401	0.01029	0.05018	0.03803	0.09421	0.10820	0.07123	0.05894	0.15459	0.06142	0.10175	0.02982	0.03906	0.00710	0.03154	0.00160	0.00490	0.07829	0.00344	0.02140
12	0.00566	0.00431	0.00520	0.00561	0.00648	0.00394	0.00408	0.00700	0.02327	0.01250	0.14712	0.35277	0.29322	0.03414	0.00583	0.00169	0.00254	0.07676	0.00413	0.00375
13	0.01044	0.00991	0.03810	0.06833	0.10042	0.05959	0.03244	0.07991	0.04022	0.04085	0.04414	0.06769	0.01010	0.00632	0.00735	0.00148	0.25355	0.02463	0.00278	0.10177
14	0.00572	0.00443	0.00508	0.00518	0.00626	0.00397	0.00385	0.00696	0.00993	0.01268	0.19787	0.09392	0.42400	0.10805	0.00726	0.00185	0.00263	0.09266	0.00404	0.00368
15	0.01012	0.00854	0.01005	0.08209	0.01258	0.02162	0.00633	0.10423	0.01040	0.02511	0.00812	0.00951	0.00654	0.00371	0.00374	0.00084	0.02235	0.00291	0.00275	0.64846
16	0.00988	0.23714	0.01344	0.01981	0.01100	0.05583	0.05650	0.03271	0.04581	0.02960	0.11398	0.04891	0.06518	0.00587	0.00432	0.00117	0.02917	0.04036	0.00300	0.17633
17	0.01147	0.03522	0.17932	0.05132	0.20635	0.06947	0.08954	0.06047	0.05347	0.10021	0.02272	0.01306	0.05486	0.00479	0.00434	0.00133	0.00533	0.00420	0.00284	0.02968
18	0.00534	0.00384	0.00506	0.00598	0.00631	0.00357	0.00402	0.00616	0.00856	0.01138	0.05246	0.78186	0.06253	0.01339	0.00553	0.00174	0.00250	0.01211	0.00407	0.00357
19	0.01062	0.01065	0.04378	0.05964	0.76092	0.01033	0.01342	0.01331	0.00986	0.01411	0.00817	0.01078	0.00682	0.00391	0.00431	0.00130	0.00525	0.00386	0.00214	0.00681
20	0.01260	0.00905	0.04733	0.04447	0.02745	0.00918	0.00742	0.27915	0.04741	0.14672	0.03347	0.01446	0.03253	0.01017	0.14430	0.00230	0.04199	0.00439	0.07958	0.00604
21	0.00627	0.00496	0.00681	0.00722	0.04731	0.00463	0.03591	0.01774	0.01013	0.01350	0.23829	0.27781	0.20586	0.02974	0.01928	0.00171	0.00297	0.06178	0.00403	0.00405
22	0.00544	0.00397	0.00547	0.00634	0.00668	0.00371	0.01805	0.00629	0.00843	0.01123	0.02375	0.80922	0.02836	0.01345	0.00557	0.00177	0.00265	0.03201	0.00402	0.00360
23	0.00645	0.00453	0.00585	0.00548	0.00660	0.00415	0.00412	0.00844	0.01220	0.03779	0.74911	0.03270	0.08818	0.00896	0.00513	0.00138	0.00211	0.00788	0.00477	0.00417
24	0.01215	0.70461	0.05570	0.00817	0.01182	0.12417	0.00796	0.01367	0.00934	0.01047	0.00623	0.00721	0.00560	0.00385	0.00301	0.00098	0.00516	0.00243	0.00192	0.00556
25	0.01166	0.84935	0.02285	0.00746	0.01119	0.01726	0.00746	0.01306	0.00886	0.01026	0.00606	0.00700	0.00560	0.00373	0.00280	0.00093	0.00466	0.00233	0.00187	0.00560
26	0.00758	0.00379	0.00568	0.00568	0.00568	0.00379	0.00379	0.00568	0.00568	0.00758	0.00758	0.01326	0.00758	0.01515	0.01705	0.87311	0.00379	0.00379	0.00189	0.00189
27	0.00889	0.02168	0.76331	0.01324	0.05321	0.01017	0.04200	0.01380	0.00927	0.01384	0.00788	0.00936	0.00562	0.00412	0.00418	0.00138	0.00642	0.00331	0.00187	0.00645
28	0.00852	0.00771	0.00849	0.12650	0.01141	0.12587	0.02723	0.03532	0.00870	0.02043	0.01312	0.09429	0.03842	0.23616	0.20384	0.00347	0.00659	0.00556	0.01431	0.00404
29	0.00569	0.00456	0.00511	0.00503	0.00635	0.00403	0.00382	0.00738	0.02682	0.01385	0.29732	0.03869	0.50940	0.01029	0.00518	0.00146	0.00227	0.04454	0.00430	0.00390
30	0.01109	0.00949	0.01000	0.00893	0.01143	0.01096	0.00696	0.05658	0.77784	0.01864	0.01744	0.01602	0.01306	0.00589	0.00443	0.00147	0.00351	0.00489	0.00443	0.00693
31	0.01059	0.01016	0.01734	0.09036	0.75750	0.01031	0.01329	0.01321	0.00984	0.01400	0.00817	0.01086	0.00682	0.00392	0.00432	0.00131	0.00523	0.00389	0.00214	0.00675
32	0.01218	0.49092	0.16450	0.00966	0.03150	0.20256	0.00938	0.01420	0.00975	0.01109	0.00659	0.00768	0.00562	0.00398	0.00334	0.00107	0.00573	0.00264	0.00196	0.00566
33	0.01053	0.01029	0.01499	0.21852	0.34575	0.06298	0.01160	0.05381	0.00959	0.01308	0.00754	0.01050	0.00631	0.00498	0.00663	0.00147	0.19963	0.00380	0.00217	0.00582
34	0.01043	0.01031	0.01865	0.05249	0.60442	0.01026	0.16570	0.01321	0.00990	0.01397	0.00867	0.01189	0.00725	0.00467	0.02304	0.00148	0.00575	0.01919	0.00220	0.00652
35	0.00535	0.00400	0.00497	0.00563	0.00624	0.00362	0.00388	0.00630	0.00906	0.01182	0.09507	0.58486	0.21806	0.01264	0.00543	0.00167	0.00241	0.01126	0.00411	0.00362
36	0.00647	0.00459	0.00563	0.00544	0.00650	0.00429	0.00404	0.03386	0.01151	0.01620	0.51946	0.13114	0.13292	0.00928	0.00497	0.00140	0.00222	0.00811	0.08788	0.00409
37	0.02444	0.16747	0.05179	0.03275	0.18832	0.08444	0.04235	0.16592	0.05175	0.06701	0.00934	0.02630	0.00746	0.00468	0.00435	0.00125	0.03279	0.00372	0.00288	0.03098
38	0.00533	0.00388	0.00503	0.00590	0.00629	0.00358	0.00398	0.00618	0.00866	0.01145	0.05773	0.73764	0.10182	0.01323	0.00551	0.00173	0.00248	0.01192	0.00408	0.00358
39	0.00915	0.04998	0.06782	0.00693	0.01099	0.00668	0.00606	0.01129	0.00905	0.01399	0.00767	0.00896	0.00635	0.00332	0.00327	0.00071	0.00353	0.00262	0.00250	0.76913
40	0.05098	0.00928	0.01085	0.09925	0.06554	0.03625	0.02014	0.28918	0.05439	0.10932	0.01153	0.01235	0.00845	0.00493	0.00400	0.00126	0.00423	0.00394	0.18138	0.02275
41	0.01115	0.07121	0.10016	0.07589	0.23433	0.06806	0.05502	0.06626	0.07302	0.04857	0.03995	0.01159	0.00851	0.00443	0.00412	0.00123	0.00503	0.00382	0.02038	0.09725

[dist]
# distance from previous block
# <min> <max>
1	7

[block]
# block no. 3 follows, 60 sequences, length 13
# corresponding to MSA columns:
# 389-401
name=unknown_D
#
# <colnr> <probs for GDERKNQSTAVLIFYWHMCP>
#	G	D	E	R	K	N	Q	S	T	A	V	L	I	F	Y	W	H	M	C	P
0	0.01234	0.01112	0.01036	0.00861	0.01148	0.14648	0.00677	0.18192	0.26906	0.01783	0.01181	0.01197	0.00904	0.00485	0.00396	0.00116	0.00432	0.00376	0.06430	0.20886
1	0.00689	0.00463	0.00577	0.00544	0.00671	0.00415	0.00409	0.00862	0.01156	0.07648	0.52830	0.07986	0.22223	0.00943	0.00511	0.00142	0.00225	0.00819	0.00463	0.00423
2	0.05743	0.10012	0.09776	0.01154	0.10744	0.11628	0.03426	0.10375	0.03342	0.16583	0.03249	0.02504	0.00890	0.00554	0.01641	0.00141	0.05481	0.01827	0.00317	0.00614
3	0.03424	0.14734	0.13709	0.05008	0.14109	0.05740	0.19871	0.03648	0.05564	0.01368	0.01025	0.04521	0.02849	0.00480	0.00429	0.00134	0.00562	0.01993	0.00244	0.00587
4	0.00586	0.00487	0.00520	0.00522	0.00659	0.00447	0.00387	0.00820	0.09732	0.01276	0.08818	0.15695	0.56344	0.01074	0.00514	0.00151	0.00238	0.00913	0.00414	0.00404
5	0.00552	0.00390	0.00509	0.00595	0.00635	0.00364	0.00407	0.00645	0.00869	0.01173	0.06096	0.71040	0.06393	0.01291	0.00544	0.00172	0.00252	0.03642	0.04069	0.00361
6	0.01117	0.21405	0.09012	0.01269	0.13616	0.08724	0.10507	0.03688	0.09724	0.03900	0.03912	0.04549	0.00947	0.02571	0.00486	0.00136	0.03165	0.00419	0.00266	0.00587
7	0.01189	0.23621	0.16078	0.05147	0.10209	0.06910	0.06126	0.05519	0.03567	0.10783	0.01025	0.02333	0.02950	0.00519	0.02102	0.00136	0.00540	0.00374	0.00267	0.00607
8	0.00626	0.00456	0.00642	0.00642	0.00699	0.00513	0.00471	0.00741	0.00683	0.00969	0.01222	0.02013	0.01220	0.24633	0.61760	0.00628	0.00973	0.00511	0.00242	0.00357
9	0.02170	0.01057	0.18006	0.05489	0.10815	0.00830	0.08719	0.04412	0.04626	0.05683	0.01158	0.06179	0.01004	0.01268	0.22318	0.00291	0.00697	0.03227	0.01499	0.00549
10	0.01132	0.05972	0.19742	0.03083	0.16560	0.03768	0.05481	0.08230	0.13908	0.07933	0.01180	0.03106	0.03380	0.00512	0.00473	0.00138	0.04042	0.00425	0.00297	0.00638
11	0.02600	0.10887	0.22310	0.00916	0.01217	0.02825	0.04522	0.05098	0.02283	0.05503	0.03588	0.05402	0.04160	0.07231	0.11987	0.02695	0.05532	0.00460	0.00266	0.00518
12	0.00996	0.00751	0.02902	0.12782	0.08963	0.02376	0.03050	0.03720	0.05691	0.13388	0.12604	0.09073	0.04185	0.02561	0.05801	0.00187	0.02462	0.05171	0.02809	0.00527

[dist]
# distance from previous block
# <min> <max>
3	18

[block]
# block no. 4 follows, 60 sequences, length 41
# corresponding to MSA columns:
# 420-460
name=unknown_E
#
# <colnr> <probs for GDERKNQSTAVLIFYWHMCP>
#	G	D	E	R	K	N	Q	S	T	A	V	L	I	F	Y	W	H	M	C	P
0	0.09038	0.04762	0.05513	0.01078	0.06140	0.04461	0.03191	0.40704	0.07665	0.02107	0.02414	0.01065	0.00780	0.00507	0.00477	0.00133	0.05892	0.00377	0.00350	0.03344
1	0.01047	0.04984	0.08129	0.00841	0.03419	0.02116	0.00705	0.17980	0.03747	0.04369	0.03348	0.12520	0.05834	0.00617	0.00419	0.00119	0.00390	0.02464	0.00337	0.26616
2	0.04105	0.06784	0.11633	0.00838	0.04557	0.02214	0.00719	0.04398	0.02075	0.15472	0.24745	0.04521	0.07517	0.00704	0.01682	0.00142	0.02949	0.00548	0.00376	0.04020
3	0.03286	0.13151	0.17645	0.01035	0.02587	0.03777	0.12584	0.05404	0.02837	0.12727	0.04654	0.06519	0.01126	0.05326	0.01622	0.00160	0.00514	0.04170	0.00304	0.00571
4	0.00838	0.02552	0.01323	0.01077	0.02718	0.00748	0.26116	0.04053	0.04730	0.03304	0.02813	0.24624	0.05680	0.03752	0.12144	0.00240	0.00567	0.01918	0.00317	0.00484
5	0.03908	0.25211	0.05452	0.07175	0.01396	0.07542	0.02275	0.27594	0.04612	0.05776	0.00927	0.02806	0.00730	0.00484	0.00408	0.00124	0.02293	0.00357	0.00309	0.00620
6	0.00874	0.00907	0.01170	0.00995	0.02502	0.13305	0.19799	0.01119	0.05565	0.01303	0.10039	0.13946	0.22379	0.00799	0.00509	0.00146	0.01438	0.02397	0.00337	0.00470
7	0.03067	0.00544	0.00654	0.00707	0.02901	0.00557	0.00495	0.02902	0.14911	0.01338	0.05741	0.44385	0.09014	0.05564	0.00609	0.00179	0.00297	0.05300	0.00399	0.00436
8	0.00965	0.06178	0.12401	0.10080	0.07230	0.04906	0.07830	0.09568	0.02432	0.01418	0.06159	0.13345	0.04639	0.00658	0.00554	0.00145	0.08989	0.00548	0.01418	0.00537
9	0.00888	0.06048	0.78738	0.01220	0.01852	0.01046	0.01572	0.01378	0.00919	0.01365	0.00775	0.00911	0.00553	0.00412	0.00408	0.00136	0.00636	0.00318	0.00184	0.00641
10	0.00751	0.00490	0.00612	0.00587	0.00697	0.00481	0.00432	0.00899	0.03372	0.09542	0.10436	0.05661	0.20678	0.20114	0.21024	0.00344	0.00521	0.02601	0.00355	0.00404
11	0.00701	0.00473	0.00549	0.00553	0.00659	0.00455	0.00407	0.02399	0.05148	0.03540	0.15701	0.19789	0.18936	0.07074	0.00606	0.00166	0.00262	0.05183	0.16994	0.00408
12	0.04267	0.14187	0.11140	0.03305	0.03958	0.07185	0.12699	0.19236	0.03463	0.06259	0.02658	0.04175	0.00856	0.00551	0.01964	0.00142	0.01888	0.01160	0.00299	0.00608
13	0.77988	0.00916	0.00714	0.00627	0.00901	0.03878	0.00513	0.07507	0.00862	0.01988	0.00644	0.00738	0.00497	0.00416	0.00287	0.00134	0.00364	0.00250	0.00281	0.00495
14	0.00541	0.00398	0.00506	0.00578	0.00630	0.00365	0.00397	0.00633	0.00890	0.01171	0.08793	0.62370	0.15117	0.03075	0.00584	0.00175	0.00251	0.02759	0.00408	0.00360
15	0.01086	0.01114	0.11873	0.23146	0.35197	0.03738	0.02464	0.01366	0.00980	0.10161	0.00929	0.02954	0.00729	0.00450	0.00451	0.00137	0.01957	0.00402	0.00246	0.00618
16	0.00610	0.00499	0.00639	0.00653	0.00736	0.02681	0.03833	0.00744	0.02253	0.01245	0.15082	0.50805	0.14799	0.01161	0.00551	0.00163	0.01720	0.01036	0.00401	0.00387
17	0.00620	0.00463	0.00689	0.00692	0.00767	0.00536	0.00534	0.00770	0.00703	0.01011	0.01212	0.04333	0.01159	0.05249	0.78341	0.00678	0.01121	0.00496	0.00240	0.00385
18	0.00634	0.00423	0.00476	0.00476	0.00476	0.00423	0.00264	0.00634	0.00634	0.00846	0.01374	0.02854	0.01586	0.84672	0.02220	0.00423	0.00423	0.00634	0.00264	0.00264
19	0.01327	0.35015	0.10960	0.01053	0.03847	0.36748	0.02829	0.01506	0.01048	0.01106	0.00669	0.00786	0.00566	0.00411	0.00355	0.00109	0.00633	0.00276	0.00205	0.00551
20	0.01042	0.01089	0.08406	0.20691	0.25883	0.03575	0.15082	0.01372	0.04646	0.05801	0.00930	0.02242	0.00729	0.00450	0.00488	0.00140	0.04241	0.00420	0.02174	0.00598
21	0.01437	0.00947	0.01044	0.00842	0.01123	0.01017	0.00685	0.44041	0.09664	0.13330	0.01403	0.03258	0.02682	0.00578	0.00425	0.00132	0.00396	0.02417	0.13918	0.00660
22	0.00538	0.00391	0.00503	0.00584	0.00625	0.00361	0.00394	0.00623	0.00867	0.01148	0.07195	0.69449	0.10438	0.03925	0.00602	0.00180	0.00253	0.01164	0.00405	0.00356
23	0.36681	0.00939	0.00962	0.02882	0.03621	0.00999	0.00644	0.24573	0.01207	0.09147	0.00871	0.00929	0.00641	0.00439	0.00351	0.00123	0.00392	0.00312	0.00337	0.13949
24	0.01037	0.00834	0.00941	0.04839	0.05144	0.07353	0.00667	0.19221	0.03200	0.05337	0.14228	0.24315	0.02718	0.02933	0.00578	0.00155	0.04906	0.00694	0.00382	0.00518
25	0.00637	0.03132	0.00586	0.00564	0.00674	0.02275	0.00421	0.02717	0.00955	0.01212	0.04388	0.24896	0.35257	0.07456	0.00643	0.00176	0.00289	0.08915	0.04425	0.00381
26	0.00531	0.00380	0.00506	0.00607	0.00633	0.00354	0.00405	0.00607	0.00835	0.01113	0.02404	0.84388	0.02885	0.01366	0.00557	0.00177	0.00253	0.01240	0.00405	0.00354
27	0.00531	0.00380	0.00506	0.00607	0.00633	0.00354	0.00405	0.00607	0.00835	0.01113	0.02404	0.84388	0.02885	0.01366	0.00557	0.00177	0.00253	0.01240	0.00405	0.00354
28	0.00623	0.00467	0.00701	0.00701	0.00779	0.00545	0.00545	0.00779	0.00701	0.01012	0.01168	0.01713	0.01090	0.03271	0.82944	0.00701	0.01168	0.00467	0.00234	0.00389
29	0.00905	0.00875	0.01537	0.56472	0.22063	0.00998	0.08542	0.01195	0.00916	0.01216	0.00796	0.01144	0.00615	0.00418	0.00442	0.00142	0.00580	0.00400	0.00202	0.00544
30	0.00625	0.00461	0.00593	0.00607	0.00634	0.00495	0.00414	0.00689	0.00727	0.00995	0.03364	0.25928	0.03566	0.35951	0.16199	0.00373	0.06977	0.00768	0.00301	0.00335
31	0.00875	0.02256	0.82413	0.01243	0.01888	0.01013	0.01611	0.01381	0.00921	0.01381	0.00783	0.00921	0.00552	0.00414	0.00414	0.00138	0.00645	0.00322	0.00184	0.00645
32	0.00896	0.00871	0.01312	0.73460	0.04139	0.05883	0.01177	0.02670	0.00913	0.01146	0.00769	0.01131	0.00585	0.00447	0.00461	0.00144	0.02920	0.00381	0.00201	0.00494
33	0.00696	0.00618	0.02000	0.02524	0.06898	0.00587	0.10330	0.00892	0.04211	0.01240	0.04474	0.48565	0.05998	0.01025	0.00547	0.00162	0.02633	0.02613	0.00354	0.03635
34	0.01014	0.01152	0.02509	0.01800	0.02228	0.01080	0.77890	0.01373	0.01023	0.01388	0.00929	0.03755	0.00731	0.00399	0.00516	0.00148	0.00720	0.00537	0.00226	0.00581
35	0.00614	0.00452	0.00652	0.00664	0.00727	0.00509	0.00496	0.00742	0.00709	0.01005	0.01337	0.11529	0.01357	0.12406	0.64013	0.00608	0.00975	0.00577	0.00257	0.00371
36	0.03840	0.10465	0.08959	0.01081	0.11990	0.04078	0.02217	0.12375	0.01114	0.13265	0.01374	0.23155	0.01312	0.02211	0.00475	0.00145	0.00434	0.00596	0.00341	0.00574
37	0.01080	0.22449	0.34394	0.01232	0.07690	0.12442	0.06998	0.01430	0.03781	0.01268	0.00809	0.01009	0.00653	0.00431	0.00393	0.00125	0.00600	0.02404	0.00210	0.00599
38	0.00650	0.00582	0.04945	0.00642	0.00747	0.01566	0.00498	0.00812	0.03713	0.02588	0.11535	0.34285	0.16953	0.09319	0.03390	0.00204	0.04013	0.02785	0.00374	0.00398
39	0.00755	0.00577	0.02106	0.06722	0.03668	0.00564	0.02090	0.05613	0.04370	0.04080	0.05447	0.43844	0.04096	0.05202	0.00597	0.00175	0.00335	0.05310	0.04013	0.00438
40	0.05791	0.08358	0.11072	0.08827	0.28911	0.04821	0.10091	0.03444	0.05337	0.05166	0.00936	0.01114	0.01762	0.00480	0.01946	0.00142	0.00552	0.00385	0.00247	0.00618

[dist]
# distance from previous block
# <min> <max>
2	25

[block]
# block no. 5 follows, 60 sequences, length 24
# corresponding to MSA columns:
# 486-509
name=unknown_F
#
# <colnr> <probs for GDERKNQSTAVLIFYWHMCP>
#	G	D	E	R	K	N	Q	S	T	A	V	L	I	F	Y	W	H	M	C	P
0	0.00883	0.00651	0.00913	0.00761	0.00994	0.00568	0.07650	0.01075	0.02650	0.09522	0.06150	0.21358	0.01617	0.04423	0.04480	0.00166	0.00391	0.05448	0.00343	0.29957
1	0.05390	0.05173	0.01074	0.00825	0.01081	0.01043	0.00674	0.39491	0.05462	0.06181	0.03193	0.06168	0.07037	0.00759	0.04553	0.00163	0.03908	0.00485	0.06732	0.00607
2	0.01290	0.11209	0.15460	0.02320	0.06893	0.10611	0.09630	0.11670	0.09183	0.11919	0.01006	0.01082	0.00747	0.00472	0.00467	0.00133	0.04595	0.00377	0.00300	0.00635
3	0.00577	0.00462	0.00554	0.00587	0.03885	0.00413	0.00408	0.00721	0.01046	0.01359	0.29197	0.10333	0.43303	0.02458	0.02599	0.00164	0.00258	0.00867	0.00415	0.00393
4	0.00623	0.00467	0.00701	0.00701	0.00779	0.00545	0.00545	0.00779	0.00701	0.01012	0.01168	0.01713	0.01090	0.03271	0.82944	0.00701	0.01168	0.00467	0.00234	0.00389
5	0.79092	0.00859	0.00688	0.00599	0.00879	0.00978	0.00493	0.05284	0.00817	0.01970	0.00638	0.00735	0.00495	0.00407	0.00281	0.00131	0.00344	0.00245	0.00278	0.04788
6	0.09521	0.00719	0.00832	0.00686	0.00938	0.00686	0.00544	0.11629	0.03317	0.18347	0.16231	0.06838	0.02809	0.03165	0.00475	0.00133	0.00329	0.02182	0.03158	0.17461
7	0.00711	0.01137	0.28491	0.00802	0.01119	0.03300	0.02337	0.00991	0.02293	0.01309	0.09071	0.05209	0.36083	0.00821	0.00481	0.00146	0.00404	0.04488	0.00327	0.00481
8	0.00922	0.00901	0.01250	0.01078	0.01078	0.01244	0.00885	0.01008	0.00665	0.01029	0.00653	0.01144	0.00674	0.09168	0.01510	0.00214	0.75515	0.00407	0.00198	0.00456
9	0.00535	0.00381	0.00505	0.00603	0.00628	0.00356	0.00400	0.00608	0.00829	0.01105	0.02371	0.81801	0.02843	0.04009	0.00609	0.00185	0.00258	0.01221	0.00400	0.00351
10	0.00538	0.00386	0.00512	0.00606	0.00639	0.00360	0.00411	0.00622	0.00857	0.01142	0.05232	0.77894	0.04647	0.01340	0.00555	0.00176	0.00254	0.03064	0.00407	0.00358
11	0.00824	0.00775	0.01308	0.83624	0.03004	0.00969	0.01211	0.01114	0.00872	0.01114	0.00775	0.01163	0.00581	0.00436	0.00436	0.00145	0.00581	0.00388	0.00194	0.00484
12	0.00531	0.00380	0.00506	0.00607	0.00633	0.00354	0.00405	0.00607	0.00835	0.01113	0.02404	0.84388	0.02885	0.01366	0.00557	0.00177	0.00253	0.01240	0.00405	0.00354
13	0.00565	0.00413	0.00496	0.00551	0.00609	0.00384	0.00374	0.00665	0.02141	0.01133	0.04262	0.47680	0.20199	0.13451	0.00781	0.00203	0.00272	0.02270	0.03197	0.00353
14	0.01247	0.00894	0.00997	0.00809	0.01064	0.00950	0.00651	0.42938	0.05779	0.06110	0.25508	0.01993	0.07791	0.00681	0.00466	0.00135	0.00367	0.00558	0.00452	0.00613
15	0.00993	0.00772	0.00824	0.00731	0.00935	0.02719	0.00575	0.24013	0.11525	0.03371	0.07462	0.12054	0.25857	0.00867	0.00489	0.00148	0.00342	0.05370	0.00422	0.00531
16	0.00561	0.00398	0.00511	0.00590	0.00620	0.00377	0.00396	0.00632	0.00816	0.01080	0.02290	0.61154	0.05751	0.16513	0.00861	0.00222	0.00292	0.06216	0.00379	0.00342
17	0.00904	0.00775	0.00904	0.00646	0.01034	0.00581	0.00517	0.01098	0.00904	0.01421	0.00775	0.00904	0.00646	0.00323	0.00323	0.00065	0.00323	0.00258	0.00258	0.87339
18	0.22512	0.04682	0.33898	0.01008	0.01447	0.09325	0.03288	0.11782	0.01076	0.06014	0.00810	0.00901	0.00590	0.00434	0.00379	0.00132	0.00543	0.00315	0.00263	0.00601
19	0.00570	0.00438	0.00621	0.02211	0.00763	0.00411	0.04024	0.00677	0.00881	0.01161	0.04739	0.64275	0.10657	0.01255	0.00550	0.00172	0.00285	0.05543	0.00395	0.00373
20	0.00561	0.00435	0.00514	0.00536	0.00642	0.00388	0.00400	0.00696	0.01021	0.01319	0.23275	0.21261	0.38256	0.01116	0.00532	0.00156	0.00240	0.07849	0.00424	0.00379
21	0.02845	0.00966	0.03249	0.00861	0.01166	0.00971	0.00722	0.39071	0.04382	0.23503	0.06949	0.01643	0.03802	0.00604	0.00446	0.00136	0.00409	0.04430	0.03174	0.00671
22	0.07410	0.02141	0.02885	0.01145	0.01425	0.06678	0.25041	0.12831	0.06646	0.02986	0.01262	0.07681	0.01141	0.01665	0.01693	0.00161	0.02770	0.11125	0.02764	0.00550
23	0.01209	0.01059	0.01026	0.00906	0.01158	0.09277	0.00707	0.09895	0.61013	0.03839	0.01582	0.01482	0.01184	0.00567	0.00434	0.00141	0.00399	0.00458	0.02995	0.00670

[dist]
# distance from previous block
# <min> <max>
0	1

[block]
# block no. 6 follows, 60 sequences, length 23
# corresponding to MSA columns:
# 511-533
name=unknown_G
#
# <colnr> <probs for GDERKNQSTAVLIFYWHMCP>
#	G	D	E	R	K	N	Q	S	T	A	V	L	I	F	Y	W	H	M	C	P
0	0.07234	0.01169	0.01090	0.01006	0.05408	0.16683	0.00749	0.15996	0.33765	0.03765	0.06312	0.01359	0.01143	0.00549	0.00440	0.00136	0.01762	0.00427	0.00377	0.00630
1	0.00706	0.00497	0.00678	0.00751	0.00861	0.00486	0.00646	0.00899	0.01029	0.02986	0.09508	0.04645	0.08913	0.01156	0.00584	0.00190	0.00369	0.64278	0.00412	0.00407
2	0.04641	0.78310	0.02178	0.00754	0.01117	0.04898	0.00739	0.01322	0.00894	0.01065	0.00609	0.00703	0.00556	0.00377	0.00284	0.00096	0.00474	0.00235	0.00191	0.00554
3	0.09326	0.04330	0.13114	0.01038	0.03493	0.02391	0.09517	0.13500	0.10540	0.15402	0.01155	0.04987	0.00885	0.00513	0.00445	0.00135	0.02580	0.00424	0.00342	0.05885
4	0.04026	0.00932	0.01789	0.03387	0.05032	0.00883	0.45083	0.02254	0.01027	0.04463	0.08506	0.03973	0.07226	0.02420	0.01628	0.00157	0.00567	0.02611	0.00286	0.03750
5	0.08731	0.01144	0.01201	0.00942	0.01272	0.02816	0.00773	0.59400	0.08881	0.08767	0.01121	0.01100	0.00795	0.00520	0.00423	0.00133	0.00454	0.00390	0.00427	0.00710
6	0.00718	0.00469	0.00539	0.02741	0.00692	0.00450	0.00402	0.02991	0.02633	0.03549	0.17373	0.15567	0.21372	0.00860	0.00448	0.00135	0.00240	0.00735	0.27669	0.00415
7	0.06081	0.14239	0.03744	0.04141	0.05807	0.12511	0.17010	0.15682	0.04340	0.05872	0.00876	0.01008	0.00675	0.00457	0.00474	0.00131	0.05698	0.00372	0.00279	0.00602
8	0.00730	0.00539	0.00639	0.00615	0.00739	0.00534	0.00454	0.04169	0.12562	0.03661	0.33205	0.20042	0.14021	0.05354	0.00598	0.00163	0.00264	0.00827	0.00437	0.00447
9	0.00623	0.00467	0.00557	0.00580	0.00672	0.00439	0.00417	0.05695	0.01012	0.01325	0.14945	0.37794	0.24012	0.05539	0.00621	0.00174	0.00266	0.04064	0.00411	0.00388
10	0.02802	0.00633	0.00916	0.09623	0.18549	0.00635	0.00716	0.02533	0.01076	0.01489	0.31039	0.07080	0.13605	0.00796	0.00490	0.00145	0.00341	0.06688	0.00367	0.00478
11	0.06019	0.02352	0.10875	0.09194	0.12218	0.02254	0.07494	0.15862	0.06152	0.14965	0.06109	0.02535	0.01005	0.00504	0.00435	0.00136	0.00485	0.00432	0.00340	0.00635
12	0.00924	0.01145	0.13242	0.02589	0.01640	0.02382	0.33211	0.01247	0.05094	0.01260	0.00962	0.03337	0.00837	0.08669	0.07022	0.00221	0.14977	0.00483	0.00231	0.00528
13	0.00841	0.00598	0.00700	0.00697	0.00830	0.00624	0.00523	0.04676	0.22151	0.05453	0.05205	0.34940	0.04212	0.00962	0.00492	0.00158	0.00298	0.07251	0.08898	0.00490
14	0.02725	0.19160	0.47864	0.04374	0.04087	0.03458	0.01267	0.03415	0.02199	0.01352	0.04031	0.00991	0.00719	0.00439	0.00410	0.00129	0.02234	0.00330	0.00212	0.00605
