[name]
unknown

[dist]
# distance from previous block
# <min> <max>
0	50

[block]
# block no. 0 follows, 63 sequences, length 12
# corresponding to MSA columns:
# 58-69
name=unknown_A
#
# <colnr> <probs for GDERKNQSTAVLIFYWHMCP>
#	G	D	E	R	K	N	Q	S	T	A	V	L	I	F	Y	W	H	M	C	P
0	0.06992	0.11120	0.05768	0.10438	0.03150	0.13962	0.02434	0.09229	0.06879	0.03583	0.01127	0.05190	0.03159	0.03767	0.03727	0.00160	0.00510	0.05622	0.00280	0.02904
1	0.02249	0.12427	0.09257	0.03853	0.13133	0.04168	0.02497	0.11173	0.10108	0.14123	0.01102	0.03005	0.02165	0.01800	0.00471	0.00131	0.04574	0.00391	0.00308	0.03063
2	0.00900	0.03254	0.04098	0.26257	0.07759	0.09129	0.02654	0.02273	0.04545	0.01160	0.00971	0.07255	0.00882	0.00790	0.06998	0.04466	0.05859	0.03417	0.00235	0.07100
3	0.00867	0.02189	0.01057	0.10292	0.10483	0.00704	0.07683	0.05707	0.02347	0.07222	0.10775	0.13989	0.03345	0.02463	0.13827	0.00231	0.00521	0.04069	0.00317	0.01911
4	0.00546	0.00389	0.00499	0.00561	0.00596	0.00363	0.00370	0.00616	0.00791	0.01067	0.06067	0.63358	0.02544	0.16380	0.00816	0.00208	0.00273	0.01038	0.00365	0.03154
5	0.00946	0.00965	0.09611	0.05119	0.06635	0.00795	0.07378	0.06599	0.08631	0.02930	0.00988	0.06819	0.00838	0.00456	0.00414	0.00108	0.02783	0.00392	0.00274	0.37319
6	0.00715	0.04301	0.00600	0.00509	0.00569	0.00486	0.00327	0.00755	0.00700	0.05480	0.04655	0.04786	0.01531	0.63663	0.04700	0.00352	0.00415	0.00582	0.00277	0.04599
7	0.01866	0.00747	0.00995	0.00763	0.01089	0.00665	0.00630	0.07486	0.01256	0.77383	0.01614	0.01402	0.01018	0.00519	0.00423	0.00130	0.00365	0.00420	0.00513	0.00715
8	0.07650	0.51490	0.01740	0.00806	0.01119	0.18382	0.00720	0.06226	0.06257	0.01213	0.00697	0.00771	0.00593	0.00399	0.00311	0.00102	0.00497	0.00260	0.00224	0.00541
9	0.01746	0.00801	0.04995	0.00773	0.01109	0.00663	0.00663	0.01995	0.06679	0.70812	0.01589	0.01396	0.01019	0.00511	0.00418	0.00129	0.00367	0.00415	0.00489	0.03429
10	0.01333	0.00793	0.00961	0.00713	0.01064	0.00679	0.00581	0.11993	0.01137	0.30876	0.01110	0.01091	0.00785	0.00412	0.00366	0.00095	0.00348	0.00329	0.00369	0.44965
11	0.01396	0.09090	0.05865	0.00867	0.01186	0.01080	0.00749	0.31184	0.19895	0.18491	0.04937	0.01281	0.01032	0.00519	0.00410	0.00128	0.00407	0.00408	0.00408	0.00667

[dist]
# distance from previous block
# <min> <max>
0	24

[block]
# block no. 1 follows, 63 sequences, length 69
# corresponding to MSA columns:
# 94-126,138-153,155-174
name=unknown_B
#
# <colnr> <probs for GDERKNQSTAVLIFYWHMCP>
#	G	D	E	R	K	N	Q	S	T	A	V	L	I	F	Y	W	H	M	C	P
0	0.01109	0.01202	0.01280	0.03218	0.01223	0.21992	0.02113	0.04388	0.00845	0.01088	0.00604	0.00891	0.00557	0.00637	0.01051	0.00161	0.56613	0.00346	0.00202	0.00479
1	0.00992	0.01134	0.02481	0.01772	0.02197	0.01063	0.81077	0.01347	0.00992	0.01347	0.00850	0.01134	0.00638	0.00354	0.00496	0.00142	0.00709	0.00496	0.00213	0.00567
2	0.01040	0.00999	0.01706	0.02580	0.82604	0.00999	0.01290	0.01290	0.00957	0.01373	0.00791	0.01040	0.00666	0.00375	0.00416	0.00125	0.00499	0.00375	0.00208	0.00666
3	0.01124	0.85479	0.02203	0.00719	0.01079	0.01663	0.00719	0.01259	0.00854	0.00989	0.00584	0.00674	0.00539	0.00360	0.00270	0.00090	0.00450	0.00225	0.00180	0.00539
4	0.04653	0.11709	0.21169	0.00940	0.01305	0.02743	0.03935	0.20227	0.07525	0.09442	0.03616	0.03330	0.03878	0.00516	0.00432	0.00129	0.03130	0.00402	0.00315	0.00605
5	0.00768	0.00712	0.01298	0.01051	0.01247	0.00747	0.27091	0.02435	0.02938	0.01145	0.01039	0.01483	0.00917	0.04671	0.47695	0.00454	0.03161	0.00468	0.00230	0.00451
6	0.00589	0.00426	0.00494	0.00487	0.00567	0.00398	0.00336	0.00680	0.00860	0.02736	0.17055	0.06360	0.29998	0.29642	0.07327	0.00271	0.00349	0.00741	0.00348	0.00337
7	0.00858	0.01871	0.65920	0.01149	0.01687	0.00919	0.06080	0.02905	0.00936	0.02896	0.06374	0.02640	0.00840	0.00518	0.02480	0.00148	0.00595	0.00375	0.00215	0.00595
8	0.04493	0.03337	0.02320	0.01026	0.06116	0.12284	0.00789	0.42116	0.11696	0.05070	0.03426	0.01974	0.00870	0.00510	0.00427	0.00127	0.02023	0.00387	0.00366	0.00642
9	0.00778	0.02872	0.00766	0.02005	0.00858	0.01881	0.02871	0.11460	0.06394	0.02300	0.14529	0.25100	0.18584	0.00938	0.00489	0.00148	0.00310	0.06878	0.00392	0.00447
10	0.00529	0.00381	0.00505	0.00579	0.00614	0.00366	0.00393	0.00611	0.00800	0.01073	0.05173	0.65982	0.05394	0.06523	0.08738	0.00232	0.00337	0.01060	0.00369	0.00342
11	0.05092	0.01001	0.05799	0.20495	0.02340	0.12484	0.02315	0.06364	0.14757	0.01387	0.04784	0.05392	0.08725	0.00617	0.00449	0.00139	0.01800	0.05250	0.00302	0.00508
12	0.08016	0.18313	0.06493	0.01104	0.08906	0.03704	0.10865	0.15877	0.10026	0.03861	0.04308	0.03479	0.00920	0.00483	0.00394	0.00125	0.00467	0.01776	0.00295	0.00588
13	0.03545	0.00979	0.02954	0.04137	0.53132	0.01836	0.11946	0.02039	0.00933	0.01341	0.00899	0.07378	0.00809	0.00497	0.01433	0.00140	0.04730	0.00447	0.00224	0.00601
14	0.00540	0.00399	0.00502	0.00563	0.00622	0.00371	0.00395	0.00653	0.02030	0.01161	0.11263	0.53326	0.16226	0.04398	0.00588	0.00172	0.00250	0.05795	0.00393	0.00354
15	0.00989	0.01225	0.18532	0.10982	0.01786	0.02749	0.26659	0.09959	0.10378	0.02447	0.03632	0.04092	0.02052	0.02035	0.00479	0.00143	0.00556	0.00462	0.00270	0.00572
16	0.02502	0.39451	0.23851	0.00908	0.01304	0.08360	0.00949	0.04293	0.07063	0.04488	0.00779	0.00856	0.00619	0.00414	0.00365	0.00113	0.02594	0.00288	0.00225	0.00577
17	0.00857	0.00492	0.00635	0.00592	0.00722	0.00456	0.00440	0.01046	0.04426	0.18101	0.36747	0.21256	0.05214	0.06339	0.00593	0.00159	0.00261	0.00772	0.00441	0.00450
18	0.00595	0.00413	0.00512	0.00549	0.00621	0.00383	0.00384	0.00724	0.02844	0.03874	0.15682	0.46962	0.15669	0.05069	0.00584	0.00166	0.00243	0.00976	0.03376	0.00370
19	0.02585	0.01052	0.06631	0.13790	0.32214	0.01022	0.22015	0.01350	0.08456	0.01348	0.00868	0.01104	0.00683	0.00413	0.00482	0.00137	0.04621	0.00409	0.00225	0.00595
20	0.04586	0.00752	0.02470	0.05386	0.09582	0.03874	0.05997	0.06183	0.01023	0.16393	0.03212	0.11797	0.18697	0.03694	0.00547	0.02722	0.00388	0.01847	0.00349	0.00502
21	0.00568	0.00407	0.00491	0.00508	0.00565	0.00380	0.00344	0.00650	0.00862	0.01146	0.21145	0.22305	0.17376	0.25854	0.01027	0.03004	0.00282	0.02398	0.00361	0.00327
22	0.02687	0.00929	0.01502	0.06560	0.60081	0.00952	0.01134	0.01383	0.06905	0.07903	0.00932	0.01131	0.00746	0.00518	0.03746	0.00150	0.01464	0.00386	0.00249	0.00641
23	0.75856	0.00920	0.00705	0.00620	0.00883	0.06475	0.00505	0.07329	0.00843	0.01887	0.00622	0.00713	0.00481	0.00402	0.00280	0.00128	0.00364	0.00242	0.00269	0.00477
24	0.00976	0.01041	0.02090	0.01517	0.01898	0.00986	0.61873	0.03911	0.06422	0.01444	0.07386	0.01303	0.00947	0.00411	0.00478	0.00136	0.00611	0.00497	0.00256	0.05817
25	0.00734	0.00645	0.01039	0.43026	0.04407	0.00751	0.03404	0.02912	0.00838	0.01112	0.01179	0.20384	0.01164	0.02321	0.12687	0.00230	0.01904	0.00580	0.00247	0.00437
26	0.00653	0.00465	0.00562	0.00612	0.05446	0.00473	0.00348	0.00724	0.03887	0.00901	0.01353	0.02609	0.02569	0.71965	0.04472	0.00382	0.00430	0.01584	0.00261	0.00303
27	0.00976	0.00595	0.00715	0.01899	0.00846	0.00574	0.00496	0.04319	0.13275	0.20644	0.20346	0.09703	0.22280	0.00807	0.00468	0.00139	0.00279	0.00687	0.00441	0.00510
28	0.01313	0.01579	0.01210	0.06084	0.01326	0.52931	0.00857	0.01428	0.01000	0.01025	0.00639	0.00848	0.00558	0.00587	0.02730	0.00146	0.24746	0.00309	0.00206	0.00475
29	0.03399	0.00879	0.03645	0.07534	0.03899	0.02265	0.07491	0.12042	0.24378	0.09107	0.06019	0.11830	0.01376	0.00639	0.00448	0.00142	0.00407	0.03554	0.00371	0.00577
30	0.00713	0.00616	0.00885	0.01981	0.00889	0.00789	0.00658	0.00837	0.00668	0.00986	0.00962	0.03877	0.00938	0.05487	0.47785	0.00470	0.30394	0.00449	0.00216	0.00401
31	0.12112	0.00817	0.00949	0.02032	0.03640	0.00756	0.01931	0.14853	0.01084	0.06574	0.06230	0.01078	0.00869	0.00443	0.01373	0.00103	0.00361	0.00325	0.00307	0.44163
32	0.02754	0.04229	0.23382	0.08708	0.11052	0.07714	0.08293	0.05644	0.07173	0.03568	0.00917	0.04107	0.00733	0.00442	0.00403	0.00124	0.00525	0.00378	0.00247	0.09607
33	0.03107	0.01992	0.70958	0.06165	0.01817	0.02608	0.01453	0.01335	0.00891	0.03500	0.00769	0.00909	0.00546	0.00409	0.00412	0.00134	0.01886	0.00315	0.00190	0.00605
34	0.00537	0.00447	0.00473	0.00479	0.00608	0.00397	0.00354	0.00709	0.05820	0.01193	0.07912	0.14741	0.62739	0.01058	0.00498	0.00145	0.00224	0.00897	0.00396	0.00374
35	0.11492	0.08516	0.03713	0.07380	0.01249	0.01052	0.00730	0.23826	0.18003	0.11766	0.02423	0.02665	0.00950	0.01810	0.00423	0.00135	0.00408	0.02484	0.00364	0.00609
36	0.00716	0.00595	0.00625	0.02713	0.00778	0.05486	0.00456	0.02257	0.09953	0.03755	0.23357	0.15047	0.30837	0.00915	0.00482	0.00141	0.00277	0.00782	0.00402	0.00425
37	0.07981	0.00586	0.00709	0.00633	0.00806	0.00562	0.00477	0.05701	0.02511	0.29004	0.04262	0.24239	0.05574	0.12114	0.00673	0.00178	0.00321	0.00672	0.02502	0.00496
38	0.05682	0.00842	0.01006	0.00790	0.01091	0.00839	0.00647	0.25623	0.05286	0.43928	0.08610	0.01428	0.01188	0.00542	0.00421	0.00130	0.00372	0.00433	0.00469	0.00672
39	0.04544	0.00985	0.01565	0.05634	0.65458	0.01016	0.01178	0.06157	0.06672	0.01485	0.00858	0.01065	0.00699	0.00399	0.00411	0.00127	0.00481	0.00376	0.00237	0.00652
40	0.00844	0.00507	0.00634	0.00622	0.00730	0.00488	0.00452	0.04811	0.04463	0.14556	0.07703	0.35841	0.05596	0.14973	0.00772	0.00197	0.00308	0.05679	0.00397	0.00427
41	0.00642	0.00447	0.00569	0.00614	0.00693	0.00427	0.00448	0.03121	0.03584	0.04505	0.10286	0.51948	0.09707	0.01151	0.00523	0.00163	0.00267	0.10110	0.00404	0.00390
42	0.00601	0.00450	0.00676	0.00676	0.00751	0.00525	0.00525	0.00751	0.00676	0.00976	0.01126	0.01651	0.01051	0.03153	0.83560	0.00676	0.01126	0.00450	0.00225	0.00375
43	0.00528	0.00377	0.00502	0.00582	0.00610	0.00362	0.00391	0.00604	0.00786	0.01056	0.03417	0.70922	0.02569	0.07741	0.07209	0.00228	0.00325	0.01086	0.00368	0.00338
44	0.15816	0.00780	0.00853	0.00720	0.00958	0.00818	0.00572	0.21718	0.08164	0.20320	0.02964	0.11848	0.03469	0.03506	0.00467	0.00144	0.00349	0.01216	0.04749	0.00570
45	0.00568	0.00394	0.00507	0.00574	0.00620	0.00369	0.00389	0.00667	0.02290	0.03293	0.06401	0.67146	0.07704	0.06191	0.00622	0.00179	0.00254	0.01086	0.00390	0.00356
46	0.01048	0.00892	0.00939	0.00843	0.01078	0.01030	0.00656	0.03671	0.77783	0.01769	0.01687	0.01558	0.01266	0.00567	0.00423	0.00141	0.00331	0.00471	0.03191	0.00658
47	0.01013	0.00874	0.00919	0.00830	0.01061	0.01004	0.00645	0.02136	0.76974	0.01721	0.01864	0.01718	0.06169	0.00600	0.00432	0.00143	0.00325	0.00500	0.00425	0.00647
48	0.03621	0.00414	0.00534	0.00589	0.00652	0.00388	0.00408	0.00737	0.00856	0.07708	0.06630	0.68184	0.04319	0.02165	0.00534	0.00166	0.00255	0.01063	0.00399	0.00378
49	0.00728	0.00576	0.00859	0.27450	0.07647	0.00610	0.00708	0.00915	0.00946	0.05250	0.18938	0.18000	0.12414	0.02495	0.00503	0.00148	0.00360	0.00687	0.00330	0.00437
50	0.72460	0.00883	0.01718	0.03500	0.02680	0.05201	0.00538	0.02575	0.00771	0.01769	0.00632	0.00760	0.00500	0.00518	0.03971	0.00153	0.00401	0.00251	0.00254	0.00465
51	0.04358	0.03070	0.01233	0.11441	0.15184	0.04749	0.00855	0.24450	0.05781	0.20822	0.03160	0.01181	0.00857	0.00478	0.00411	0.00128	0.00451	0.00389	0.00360	0.00642
52	0.00880	0.00823	0.01367	0.58851	0.23479	0.00951	0.01173	0.03169	0.00900	0.01199	0.00765	0.01091	0.00593	0.00408	0.00417	0.00134	0.00536	0.00371	0.00200	0.02693
53	0.01059	0.00910	0.00958	0.00858	0.01098	0.01052	0.00669	0.04145	0.79912	0.01780	0.01694	0.01555	0.01269	0.00569	0.00428	0.00142	0.00336	0.00473	0.00428	0.00667
54	0.00515	0.00367	0.00487	0.00582	0.00606	0.00343	0.00387	0.00586	0.00800	0.01067	0.02293	0.82963	0.02750	0.03347	0.00575	0.00176	0.00248	0.01181	0.00387	0.00339
55	0.88196	0.00813	0.00618	0.00553	0.00813	0.00943	0.00455	0.01236	0.00715	0.01886	0.00585	0.00683	0.00455	0.00390	0.00260	0.00130	0.00325	0.00228	0.00260	0.00455
56	0.00843	0.02174	0.83048	0.01198	0.01819	0.00976	0.01553	0.01331	0.00888	0.01331	0.00754	0.00888	0.00533	0.00399	0.00399	0.00133	0.00621	0.00311	0.00178	0.00621
57	0.00846	0.02152	0.81294	0.01211	0.01828	0.00978	0.03285	0.01332	0.00890	0.01332	0.00756	0.00893	0.00535	0.00398	0.00401	0.00133	0.00623	0.00315	0.00178	0.00620
58	0.00601	0.00450	0.00676	0.00676	0.00751	0.00525	0.00525	0.00751	0.00676	0.00976	0.01126	0.01651	0.01051	0.03153	0.83560	0.00676	0.01126	0.00450	0.00225	0.00375
59	0.00774	0.00566	0.00676	0.00620	0.00765	0.00579	0.00473	0.01237	0.22821	0.04901	0.54319	0.02588	0.03016	0.00754	0.00467	0.00134	0.00241	0.00656	0.03933	0.00481
60	0.01160	0.78927	0.02126	0.00744	0.01096	0.05381	0.00726	0.03886	0.00906	0.01045	0.00601	0.00689	0.00545	0.00368	0.00280	0.00092	0.00464	0.00232	0.00189	0.00543
61	0.00512	0.00381	0.00477	0.00548	0.00601	0.00347	0.00375	0.00597	0.00853	0.01110	0.05816	0.64055	0.20308	0.01244	0.00526	0.00163	0.00235	0.01111	0.00393	0.00347
62	0.00640	0.00481	0.00570	0.00546	0.00664	0.00449	0.02022	0.02916	0.03822	0.03389	0.15607	0.09416	0.35998	0.15920	0.00790	0.00192	0.00283	0.05537	0.00380	0.00379
63	0.00639	0.00515	0.00755	0.05733	0.00899	0.00616	0.00587	0.00783	0.00700	0.00994	0.01241	0.05000	0.04936	0.04058	0.60736	0.00539	0.10162	0.00490	0.00233	0.00386
64	0.00617	0.00456	0.00580	0.00553	0.00656	0.00434	0.00413	0.00869	0.06467	0.01635	0.69646	0.09257	0.05059	0.00879	0.00494	0.00136	0.00211	0.00777	0.00454	0.00409
65	0.02732	0.18420	0.01335	0.00927	0.01191	0.40628	0.00747	0.10554	0.08541	0.06215	0.00947	0.00989	0.03254	0.00467	0.00381	0.00113	0.01415	0.00321	0.00275	0.00548
66	0.00876	0.00847	0.01419	0.57429	0.20274	0.02376	0.05980	0.01148	0.00882	0.01164	0.00761	0.01090	0.00590	0.00403	0.00420	0.00134	0.00552	0.00376	0.00195	0.03082
67	0.01086	0.14507	0.01402	0.14670	0.16125	0.08109	0.03812	0.11433	0.08929	0.03175	0.01058	0.09382	0.01632	0.00521	0.00405	0.00126	0.00475	0.00441	0.00277	0.02434
68	0.71529	0.00886	0.00732	0.05103	0.02003	0.05621	0.00541	0.03634	0.00809	0.05044	0.00656	0.00755	0.00499	0.00403	0.00289	0.00129	0.00370	0.00252	0.00268	0.00478

[dist]
# distance from previous block
# <min> <max>
5	9

[block]
# block no. 2 follows, 63 sequences, length 26
# corresponding to MSA columns:
# 185-195,197-211
name=unknown_C
#
# <colnr> <probs for GDERKNQSTAVLIFYWHMCP>
#	G	D	E	R	K	N	Q	S	T	A	V	L	I	F	Y	W	H	M	C	P
0	0.00753	0.00516	0.00732	0.04047	0.07503	0.00519	0.00545	0.01709	0.00858	0.08339	0.09197	0.28627	0.04497	0.06354	0.16599	0.04085	0.01912	0.00722	0.00331	0.02155
1	0.01001	0.00924	0.01462	0.35196	0.18356	0.02528	0.11582	0.10240	0.02913	0.02396	0.00831	0.01078	0.00637	0.00407	0.00419	0.00128	0.00529	0.00380	0.00237	0.08756
2	0.00822	0.00769	0.01294	0.69007	0.13717	0.00921	0.01161	0.01094	0.00863	0.01124	0.00824	0.01284	0.00665	0.00450	0.00427	0.00141	0.00544	0.04205	0.00199	0.00490
3	0.04594	0.00451	0.00558	0.00585	0.00674	0.00425	0.00414	0.00835	0.02289	0.10910	0.05193	0.51185	0.10335	0.07146	0.00619	0.00177	0.00273	0.02550	0.00394	0.00395
4	0.33012	0.00617	0.00631	0.00611	0.00772	0.00655	0.00461	0.05198	0.02771	0.08330	0.05105	0.36965	0.01688	0.00829	0.00415	0.00148	0.00295	0.00695	0.00359	0.00444
5	0.00603	0.00410	0.00486	0.00493	0.00503	0.00417	0.00296	0.00626	0.00632	0.00852	0.01372	0.08430	0.01561	0.69800	0.11450	0.00422	0.00479	0.00634	0.00261	0.00275
6	0.00645	0.00476	0.00542	0.00518	0.00655	0.00433	0.00390	0.03165	0.04143	0.05136	0.27559	0.10278	0.42586	0.00963	0.00492	0.00140	0.00230	0.00822	0.00421	0.00406
7	0.00608	0.00404	0.00512	0.00558	0.00619	0.00372	0.00383	0.00692	0.00854	0.05811	0.07819	0.54019	0.12926	0.10552	0.00701	0.00189	0.00263	0.01971	0.00387	0.00359
8	0.03000	0.00988	0.01087	0.00859	0.01153	0.01063	0.00700	0.53305	0.06150	0.13490	0.01391	0.02630	0.06618	0.02544	0.02916	0.00152	0.00436	0.00443	0.00420	0.00656
9	0.00790	0.00631	0.00846	0.00870	0.06611	0.04208	0.00629	0.03214	0.02216	0.04710	0.01105	0.03958	0.01015	0.03909	0.55904	0.00503	0.07746	0.00453	0.00248	0.00434
10	0.05145	0.00729	0.00844	0.00706	0.00953	0.00733	0.00562	0.08655	0.20500	0.29763	0.07143	0.02996	0.06943	0.02090	0.00445	0.00135	0.00323	0.00485	0.07682	0.03168
11	0.04927	0.00424	0.00505	0.00549	0.00625	0.00403	0.00386	0.02099	0.00893	0.02326	0.10140	0.51819	0.15019	0.01104	0.00492	0.00154	0.00241	0.00976	0.06550	0.00370
12	0.12864	0.00611	0.06379	0.00609	0.00747	0.00529	0.00492	0.03510	0.00915	0.02154	0.15977	0.30900	0.07054	0.06969	0.00579	0.00167	0.00296	0.04279	0.04568	0.00402
13	0.00901	0.00764	0.00887	0.00637	0.01009	0.00590	0.00510	0.04284	0.00916	0.01421	0.00758	0.00877	0.00626	0.00319	0.00316	0.00065	0.00317	0.00254	0.00256	0.84292
14	0.00596	0.00439	0.00645	0.00652	0.00723	0.00497	0.00499	0.00722	0.00691	0.00978	0.01330	0.07623	0.04773	0.02846	0.69939	0.04939	0.00985	0.00518	0.00242	0.00362
15	0.03605	0.00461	0.00560	0.00565	0.00662	0.00446	0.00409	0.00823	0.03114	0.07666	0.09007	0.25330	0.18325	0.14293	0.09390	0.00246	0.00371	0.03977	0.00365	0.00383
16	0.03287	0.00486	0.00615	0.00688	0.06424	0.00466	0.00452	0.01961	0.02758	0.02943	0.19953	0.29033	0.18656	0.07712	0.02478	0.00180	0.00288	0.00844	0.00379	0.00397
17	0.01258	0.01047	0.01146	0.02730	0.06963	0.07639	0.02189	0.31227	0.22695	0.04151	0.04466	0.01323	0.01018	0.03996	0.02392	0.00156	0.04192	0.00424	0.00366	0.00622
18	0.00950	0.00923	0.01612	0.26878	0.48120	0.00980	0.08493	0.01212	0.00916	0.01268	0.00805	0.02559	0.00667	0.00411	0.00449	0.00133	0.02434	0.00400	0.00205	0.00587
19	0.00704	0.00501	0.00607	0.00601	0.00704	0.02796	0.02024	0.00857	0.04187	0.06963	0.11933	0.32332	0.17116	0.04797	0.06186	0.02236	0.00336	0.00835	0.03887	0.00396
20	0.00740	0.00524	0.00684	0.00736	0.06472	0.00525	0.00490	0.04867	0.03780	0.05492	0.12779	0.21549	0.07714	0.17696	0.11957	0.00269	0.00427	0.02539	0.00348	0.00411
21	0.09725	0.00905	0.01299	0.19569	0.29596	0.04932	0.04408	0.04169	0.04435	0.02753	0.00858	0.01109	0.00695	0.00736	0.10400	0.00194	0.00576	0.00371	0.00235	0.03034
22	0.00915	0.00809	0.01263	0.19222	0.36096	0.01816	0.00989	0.04090	0.02792	0.03294	0.07453	0.09369	0.02071	0.00706	0.05378	0.00167	0.02264	0.00496	0.00264	0.00547
23	0.00597	0.00420	0.00558	0.00583	0.00642	0.00402	0.01988	0.00687	0.02449	0.02513	0.07982	0.42498	0.11533	0.11088	0.06242	0.07891	0.00337	0.00897	0.00350	0.00343
24	0.01143	0.00968	0.01445	0.11549	0.41107	0.04150	0.04659	0.12906	0.01111	0.07995	0.00981	0.03250	0.00809	0.02147	0.00461	0.00136	0.00494	0.02742	0.01331	0.00615
25	0.01151	0.06904	0.01253	0.10424	0.17447	0.07095	0.02343	0.14035	0.05430	0.10148	0.03020	0.08749	0.02553	0.00578	0.01696	0.00134	0.00459	0.00456	0.00312	0.05814

[dist]
# distance from previous block
# <min> <max>
2	44

[block]
# block no. 3 follows, 63 sequences, length 9
# corresponding to MSA columns:
# 265-273
name=unknown_D
#
# <colnr> <probs for GDERKNQSTAVLIFYWHMCP>
#	G	D	E	R	K	N	Q	S	T	A	V	L	I	F	Y	W	H	M	C	P
0	0.09367	0.04625	0.06775	0.03225	0.12631	0.07402	0.01977	0.15417	0.06804	0.06015	0.01169	0.09218	0.03375	0.03283	0.03136	0.01181	0.03083	0.00457	0.00304	0.00554
1	0.07815	0.00774	0.05107	0.01855	0.04580	0.00747	0.03292	0.15330	0.03503	0.03550	0.11721	0.10969	0.14125	0.06816	0.01743	0.00168	0.04271	0.02800	0.00349	0.00484
2	0.01119	0.07658	0.04399	0.03502	0.01195	0.03587	0.05391	0.29704	0.09829	0.01794	0.09828	0.01658	0.08255	0.04313	0.00516	0.00141	0.01739	0.01746	0.00352	0.03274
3	0.00749	0.00640	0.06357	0.00723	0.03458	0.00586	0.00556	0.08784	0.00860	0.01213	0.05403	0.09827	0.01339	0.16810	0.27482	0.07486	0.00619	0.00534	0.04124	0.02450
4	0.00947	0.03915	0.06587	0.04875	0.17445	0.00844	0.09135	0.11284	0.03813	0.03425	0.06838	0.05323	0.05262	0.10889	0.04211	0.00186	0.00478	0.00499	0.00290	0.03752
5	0.08401	0.16336	0.06453	0.02622	0.18050	0.09963	0.02670	0.11479	0.08545	0.01531	0.09120	0.01166	0.01000	0.00465	0.00383	0.00121	0.00466	0.00372	0.00279	0.00577
6	0.03353	0.00545	0.00721	0.00653	0.00805	0.00514	0.05983	0.06297	0.01056	0.06822	0.20684	0.22015	0.24217	0.00937	0.00492	0.00146	0.00287	0.03643	0.00401	0.00428
7	0.00626	0.00469	0.00581	0.00609	0.00700	0.00446	0.00442	0.03260	0.04967	0.01236	0.08440	0.45941	0.09339	0.05674	0.00597	0.00170	0.00278	0.09446	0.00381	0.06396
8	0.01277	0.41339	0.10221	0.00930	0.01280	0.22240	0.04984	0.05338	0.01029	0.06774	0.00727	0.00810	0.00587	0.00400	0.00341	0.00106	0.00553	0.00281	0.00226	0.00557

[dist]
# distance from previous block
# <min> <max>
0	1

[block]
# block no. 4 follows, 63 sequences, length 36
# corresponding to MSA columns:
# 275-286,290-312,314
name=unknown_E
#
# <colnr> <probs for GDERKNQSTAVLIFYWHMCP>
#	G	D	E	R	K	N	Q	S	T	A	V	L	I	F	Y	W	H	M	C	P
0	0.00642	0.00457	0.00536	0.00543	0.00651	0.00420	0.00396	0.03656	0.02139	0.05262	0.12303	0.29047	0.33036	0.05675	0.00594	0.00165	0.00255	0.03436	0.00399	0.00386
1	0.00772	0.00594	0.00686	0.00689	0.00820	0.03221	0.00527	0.03469	0.13819	0.04302	0.06035	0.34109	0.06709	0.00987	0.00497	0.00156	0.00313	0.16023	0.00390	0.05883
2	0.01419	0.26002	0.04393	0.00948	0.01243	0.39355	0.02670	0.04968	0.03986	0.10141	0.00803	0.00861	0.00632	0.00426	0.00359	0.00109	0.00591	0.00293	0.00254	0.00550
3	0.00609	0.00447	0.00533	0.00554	0.00649	0.00417	0.00398	0.02758	0.04270	0.03370	0.13974	0.38100	0.26982	0.03073	0.00547	0.00159	0.00246	0.02126	0.00403	0.00384
4	0.00982	0.01024	0.01278	0.01102	0.01123	0.09205	0.00909	0.01076	0.00696	0.01013	0.00561	0.00904	0.00551	0.00707	0.01283	0.00177	0.76400	0.00359	0.00187	0.00463
5	0.00535	0.00394	0.00505	0.00576	0.00634	0.00364	0.00412	0.00637	0.00879	0.01153	0.08893	0.55793	0.16225	0.01221	0.00532	0.00165	0.00251	0.10081	0.00396	0.00353
6	0.04668	0.00599	0.00752	0.00661	0.00876	0.00549	0.00528	0.01411	0.05510	0.38658	0.04792	0.12834	0.16756	0.00797	0.00463	0.00145	0.00311	0.08697	0.00449	0.00544
7	0.00660	0.00486	0.00555	0.00576	0.00673	0.02838	0.00413	0.00819	0.05019	0.05902	0.12148	0.40573	0.22323	0.03199	0.00546	0.00160	0.00263	0.02054	0.00400	0.00392
8	0.00611	0.00408	0.00458	0.00458	0.00458	0.00408	0.00255	0.00611	0.00611	0.00815	0.01325	0.02751	0.01528	0.85226	0.02140	0.00408	0.00408	0.00611	0.00255	0.00255
9	0.00601	0.00450	0.00676	0.00676	0.00751	0.00525	0.00525	0.00751	0.00676	0.00976	0.01126	0.01651	0.01051	0.03153	0.83560	0.00676	0.01126	0.00450	0.00225	0.00375
10	0.00586	0.00402	0.00466	0.00482	0.00499	0.00392	0.00289	0.00613	0.00690	0.00915	0.04841	0.17786	0.06686	0.61655	0.01686	0.00338	0.00358	0.00740	0.00296	0.00282
11	0.01008	0.00937	0.03182	0.06226	0.25431	0.03607	0.08014	0.10913	0.14131	0.01449	0.01063	0.01402	0.00903	0.11895	0.07805	0.00215	0.00543	0.00435	0.00276	0.00565
12	0.82753	0.00898	0.05753	0.00593	0.00876	0.00945	0.00524	0.01242	0.00726	0.01852	0.00596	0.00696	0.00460	0.00391	0.00269	0.00130	0.00344	0.00233	0.00255	0.00466
13	0.02805	0.01119	0.10618	0.01269	0.16063	0.01007	0.06039	0.27659	0.06003	0.20401	0.01128	0.02151	0.00808	0.00475	0.00422	0.00130	0.00467	0.00401	0.00361	0.00674
14	0.00605	0.00433	0.00590	0.00590	0.00635	0.00479	0.00418	0.00695	0.00650	0.00912	0.01205	0.02087	0.01240	0.35693	0.51279	0.00569	0.00841	0.00514	0.00237	0.00328
15	0.00601	0.00450	0.00676	0.00676	0.00751	0.00525	0.00525	0.00751	0.00676	0.00976	0.01126	0.01651	0.01051	0.03153	0.83560	0.00676	0.01126	0.00450	0.00225	0.00375
16	0.01178	0.20925	0.04477	0.06334	0.01565	0.11249	0.20812	0.15881	0.01109	0.01405	0.00748	0.00924	0.00599	0.00444	0.00512	0.00127	0.10558	0.00355	0.00237	0.00561
17	0.00591	0.00418	0.00490	0.00512	0.00608	0.00370	0.00363	0.00688	0.00910	0.05427	0.09383	0.33699	0.37264	0.06541	0.00614	0.00168	0.00243	0.00949	0.00394	0.00366
18	0.01459	0.01064	0.01131	0.00891	0.01176	0.02936	0.00717	0.62777	0.04323	0.05801	0.01108	0.02467	0.00870	0.10573	0.00626	0.00161	0.00451	0.00421	0.00401	0.00648
19	0.01011	0.01055	0.06743	0.08172	0.72027	0.00993	0.01298	0.01278	0.00945	0.01350	0.00785	0.01036	0.00650	0.00379	0.00415	0.00126	0.00511	0.00371	0.00205	0.00649
20	0.00794	0.00747	0.01261	0.84216	0.02895	0.00934	0.01167	0.01074	0.00841	0.01074	0.00747	0.01121	0.00560	0.00420	0.00420	0.00140	0.00560	0.00374	0.00187	0.00467
21	0.00554	0.00415	0.00481	0.00500	0.00592	0.00370	0.00357	0.00658	0.00923	0.02521	0.15338	0.25470	0.38036	0.09335	0.00669	0.00175	0.00244	0.02618	0.00390	0.00355
22	0.00650	0.00430	0.00505	0.00495	0.00516	0.00433	0.00302	0.03197	0.00700	0.00943	0.07663	0.04139	0.01638	0.65164	0.03712	0.07958	0.00402	0.00602	0.00272	0.00279
23	0.85210	0.00826	0.00640	0.00567	0.00830	0.00955	0.00467	0.03993	0.00759	0.01912	0.00600	0.00694	0.00464	0.00394	0.00266	0.00130	0.00330	0.00233	0.00266	0.00464
24	0.00557	0.00400	0.00538	0.00632	0.00680	0.00381	0.00466	0.00664	0.00854	0.01126	0.02354	0.60458	0.05226	0.01266	0.00547	0.00176	0.00282	0.22650	0.00389	0.00354
25	0.00805	0.00758	0.01281	0.80595	0.06431	0.00937	0.01173	0.01084	0.00846	0.01087	0.00749	0.01117	0.00565	0.00418	0.00420	0.00139	0.00558	0.00374	0.00188	0.00476
26	0.00601	0.00450	0.00676	0.00676	0.00751	0.00525	0.00525	0.00751	0.00676	0.00976	0.01126	0.01651	0.01051	0.03153	0.83560	0.00676	0.01126	0.00450	0.00225	0.00375
27	0.02812	0.00634	0.00823	0.00676	0.00914	0.00576	0.00538	0.05561	0.01162	0.48490	0.16745	0.07108	0.05874	0.03973	0.02009	0.00154	0.00334	0.00560	0.00470	0.00586
28	0.02267	0.00494	0.00558	0.00538	0.00620	0.00492	0.00366	0.05768	0.04713	0.03045	0.09041	0.13076	0.15952	0.38250	0.02796	0.00271	0.00346	0.00711	0.00338	0.00360
29	0.59856	0.00811	0.00736	0.00673	0.03800	0.02504	0.00520	0.04233	0.00877	0.11700	0.05855	0.00975	0.00780	0.00439	0.00311	0.00127	0.00338	0.00300	0.01848	0.03317
30	0.00904	0.00891	0.01284	0.07064	0.06292	0.01210	0.00942	0.01022	0.00679	0.01037	0.00607	0.00975	0.00582	0.00801	0.04996	0.00200	0.69486	0.00372	0.00188	0.00469
31	0.01017	0.04784	0.08319	0.18201	0.26317	0.10751	0.06064	0.01313	0.05418	0.02720	0.02808	0.01186	0.03660	0.00460	0.00469	0.00131	0.05200	0.00391	0.00230	0.00562
32	0.00697	0.00660	0.05901	0.01950	0.14391	0.00557	0.00644	0.02710	0.01022	0.01402	0.27323	0.15204	0.15765	0.00839	0.00479	0.00140	0.00311	0.05784	0.00362	0.03860
33	0.01217	0.33794	0.07471	0.02600	0.02541	0.15802	0.09264	0.12658	0.06280	0.01358	0.00778	0.00876	0.00626	0.00409	0.00359	0.00111	0.00537	0.00311	0.00242	0.02767
34	0.01059	0.06017	0.17212	0.01397	0.24152	0.02711	0.05981	0.04954	0.03183	0.07868	0.00954	0.01074	0.02725	0.00406	0.00390	0.00114	0.00475	0.00352	0.00254	0.18721
35	0.01255	0.05205	0.19499	0.04540	0.07255	0.19058	0.05111	0.17570	0.02469	0.06684	0.00870	0.02334	0.00670	0.00467	0.00459	0.00128	0.05206	0.00356	0.00269	0.00595

[dist]
# distance from previous block
# <min> <max>
0	8

[block]
# block no. 5 follows, 63 sequences, length 31
# corresponding to MSA columns:
# 323-353
name=unknown_F
#
# <colnr> <probs for GDERKNQSTAVLIFYWHMCP>
#	G	D	E	R	K	N	Q	S	T	A	V	L	I	F	Y	W	H	M	C	P
0	0.04780	0.04376	0.01193	0.14961	0.04437	0.09701	0.00815	0.29270	0.12133	0.10826	0.01058	0.01133	0.00780	0.02152	0.00439	0.00134	0.00475	0.00377	0.00345	0.00615
1	0.31672	0.03037	0.01138	0.16853	0.10698	0.10249	0.06771	0.02592	0.00895	0.03854	0.00857	0.01082	0.03054	0.00443	0.00379	0.00130	0.01659	0.02246	0.00246	0.02145
2	0.16501	0.02881	0.01072	0.02966	0.02734	0.27064	0.00725	0.16612	0.22299	0.01679	0.00987	0.01016	0.00755	0.00472	0.00378	0.00125	0.00501	0.00340	0.00316	0.00575
3	0.00598	0.00448	0.00670	0.00673	0.00747	0.00520	0.00522	0.00746	0.00679	0.00979	0.01159	0.03937	0.01098	0.03102	0.81283	0.00662	0.01102	0.00471	0.00230	0.00374
4	0.01026	0.01348	0.27059	0.16035	0.26253	0.01032	0.01242	0.14206	0.05021	0.01533	0.00852	0.01027	0.00644	0.00421	0.00413	0.00131	0.00534	0.00360	0.00240	0.00625
5	0.00555	0.00414	0.00489	0.00512	0.00603	0.00370	0.00368	0.00666	0.00939	0.02573	0.18033	0.28783	0.34675	0.05955	0.00605	0.00166	0.00239	0.03298	0.00398	0.00360
6	0.00515	0.00368	0.00490	0.00584	0.00610	0.00343	0.00390	0.00592	0.00817	0.01092	0.04796	0.82419	0.02817	0.01303	0.00535	0.00170	0.00242	0.01182	0.00392	0.00343
7	0.84713	0.00828	0.00644	0.00569	0.00833	0.00958	0.00469	0.04451	0.00766	0.01917	0.00602	0.00696	0.00466	0.00395	0.00267	0.00130	0.00331	0.00234	0.00267	0.00466
8	0.24370	0.00687	0.00725	0.00664	0.00837	0.03140	0.00513	0.10314	0.00948	0.10183	0.04057	0.17708	0.01297	0.05002	0.17456	0.00261	0.00504	0.00538	0.00330	0.00464
9	0.00535	0.00417	0.00477	0.00499	0.00592	0.00375	0.00354	0.00660	0.02598	0.01185	0.14593	0.27701	0.39935	0.07366	0.00629	0.00169	0.00237	0.00931	0.00391	0.00356
10	0.00537	0.00411	0.00492	0.00536	0.00620	0.00371	0.00392	0.00647	0.00913	0.01168	0.10697	0.33350	0.33599	0.04307	0.00583	0.00167	0.00250	0.10215	0.00392	0.00354
11	0.03836	0.00441	0.00539	0.00569	0.00635	0.00426	0.00394	0.03458	0.00886	0.03616	0.13076	0.46897	0.06491	0.14484	0.00767	0.00198	0.00278	0.02266	0.00379	0.00365
12	0.00749	0.00476	0.00586	0.00591	0.00698	0.00448	0.00429	0.01947	0.05787	0.11465	0.08437	0.37673	0.17207	0.07638	0.00631	0.00175	0.00276	0.03970	0.00404	0.00414
13	0.00970	0.01081	0.02299	0.12005	0.05439	0.01045	0.68057	0.01311	0.00972	0.01314	0.00835	0.01129	0.00629	0.00363	0.00484	0.00141	0.00682	0.00476	0.00209	0.00558
14	0.04159	0.00689	0.00723	0.00673	0.00792	0.07257	0.02834	0.08454	0.06950	0.02848	0.01825	0.22996	0.11370	0.23981	0.00940	0.00218	0.01841	0.00706	0.00334	0.00411
15	0.06492	0.00527	0.00627	0.00582	0.00723	0.00504	0.00431	0.02374	0.04278	0.17251	0.17322	0.17449	0.13725	0.13823	0.00724	0.00184	0.00293	0.01850	0.00402	0.00441
16	0.00979	0.00671	0.00774	0.00680	0.00850	0.00691	0.00521	0.19931	0.09238	0.08693	0.20590	0.09221	0.07842	0.13497	0.00719	0.00179	0.00331	0.03687	0.00409	0.00496
17	0.01092	0.01087	0.04002	0.09071	0.62068	0.05858	0.01219	0.07971	0.01044	0.01434	0.00796	0.01023	0.00650	0.00393	0.00414	0.00125	0.00520	0.00367	0.00224	0.00642
18	0.11251	0.07342	0.00860	0.00685	0.00863	0.07205	0.00535	0.13065	0.04819	0.03853	0.14175	0.14818	0.06466	0.04869	0.03410	0.03035	0.00385	0.01550	0.00347	0.00465
19	0.04629	0.00464	0.00592	0.00618	0.02105	0.00441	0.01599	0.01868	0.00912	0.05798	0.13904	0.40466	0.14451	0.05241	0.03299	0.00183	0.00296	0.02358	0.00385	0.00389
20	0.05099	0.00900	0.00931	0.02332	0.02427	0.12010	0.02988	0.04028	0.02945	0.06397	0.03341	0.02647	0.08685	0.00500	0.00379	0.00102	0.00392	0.03816	0.00296	0.39787
21	0.06138	0.00896	0.04179	0.01177	0.18834	0.06589	0.03407	0.03104	0.04444	0.06722	0.09867	0.04959	0.08387	0.00652	0.01812	0.01697	0.07150	0.01940	0.00301	0.07745
22	0.03209	0.00425	0.00502	0.00521	0.00607	0.00393	0.00371	0.00710	0.00915	0.03234	0.19108	0.29332	0.23004	0.10326	0.00678	0.00178	0.00252	0.02912	0.02961	0.00362
23	0.02402	0.02305	0.01251	0.11609	0.30809	0.05297	0.02058	0.09060	0.03599	0.05344	0.03453	0.06776	0.01009	0.02863	0.02551	0.05411	0.00480	0.02902	0.00275	0.00548
24	0.06391	0.07991	0.15717	0.09272	0.09986	0.06357	0.08435	0.12010	0.06937	0.05344	0.00914	0.02603	0.00714	0.00519	0.02435	0.00143	0.03008	0.00374	0.00265	0.00585
25	0.00768	0.00591	0.02297	0.05069	0.07091	0.00589	0.04557	0.03346	0.03507	0.03658	0.07654	0.16813	0.02442	0.05135	0.12499	0.13508	0.01538	0.05836	0.02693	0.00409
26	0.00730	0.01787	0.03538	0.04021	0.02120	0.02236	0.00519	0.08114	0.05942	0.01282	0.06232	0.29833	0.13702	0.11063	0.03614	0.01613	0.00357	0.00775	0.02109	0.00415
27	0.08296	0.14591	0.02776	0.06662	0.22527	0.03201	0.05482	0.11824	0.08062	0.03850	0.01923	0.01113	0.01743	0.02927	0.00435	0.00130	0.00462	0.00366	0.00270	0.03360
28	0.03493	0.12603	0.08874	0.06893	0.13177	0.02464	0.08149	0.14969	0.07013	0.05546	0.01037	0.03917	0.02227	0.01939	0.01548	0.00142	0.03576	0.01564	0.00282	0.00586
29	0.03500	0.04354	0.05095	0.08811	0.03581	0.06005	0.02755	0.10439	0.06594	0.04250	0.03420	0.15608	0.04037	0.04991	0.10672	0.03086	0.01462	0.00553	0.00304	0.00481
30	0.03758	0.05587	0.03258	0.04483	0.05907	0.08280	0.02995	0.02471	0.07163	0.06650	0.05941	0.18069	0.11224	0.03345	0.02957	0.00161	0.01594	0.02026	0.02137	0.01996

[dist]
# distance from previous block
# <min> <max>
5	59

[block]
# block no. 6 follows, 63 sequences, length 15
# corresponding to MSA columns:
# 423-437
name=unknown_G
#
# <colnr> <probs for GDERKNQSTAVLIFYWHMCP>
#	G	D	E	R	K	N	Q	S	T	A	V	L	I	F	Y	W	H	M	C	P
0	0.01055	0.10292	0.07189	0.02411	0.10094	0.05299	0.14844	0.07407	0.12856	0.05150	0.02171	0.04580	0.04243	0.04440	0.00516	0.00141	0.02034	0.00450	0.00288	0.04542
1	0.00970	0.03855	0.06193	0.02119	0.06963	0.06361	0.04740	0.11662	0.08617	0.03361	0.14699	0.05096	0.09421	0.00741	0.03665	0.00154	0.05462	0.01853	0.00332	0.03735
2	0.06440	0.12704	0.04556	0.02798	0.02776	0.11714	0.06116	0.10163	0.09029	0.06526	0.07582	0.02546	0.04667	0.03287	0.03963	0.00158	0.03710	0.00425	0.00304	0.00535
3	0.04500	0.06357	0.03354	0.01156	0.12682	0.08223	0.02150	0.03781	0.02687	0.05504	0.05143	0.03420	0.06012	0.00617	0.00756	0.00145	0.30696	0.00424	0.00258	0.02133
4	0.00539	0.00449	0.00515	0.00566	0.04759	0.00392	0.00386	0.00661	0.00972	0.01212	0.13996	0.12433	0.59578	0.01030	0.00497	0.00143	0.00229	0.00878	0.00390	0.00375
5	0.01141	0.57057	0.05337	0.03048	0.03392	0.06728	0.00792	0.08676	0.00977	0.01186	0.02171	0.00824	0.00638	0.00483	0.02680	0.00119	0.03716	0.00275	0.00212	0.00547
6	0.00520	0.00371	0.00496	0.00594	0.00622	0.00348	0.00403	0.00598	0.00812	0.01081	0.02313	0.81327	0.02764	0.01310	0.00539	0.00172	0.00250	0.04747	0.00390	0.00344
7	0.01431	0.02852	0.09707	0.03501	0.09024	0.10615	0.03485	0.45686	0.01552	0.06647	0.00938	0.00996	0.00680	0.00465	0.00413	0.00125	0.00521	0.00362	0.00340	0.00660
8	0.01280	0.56381	0.01850	0.00846	0.01156	0.30204	0.00752	0.01405	0.00972	0.01003	0.00607	0.00704	0.00540	0.00385	0.00308	0.00096	0.00557	0.00241	0.00193	0.00521
9	0.03319	0.04006	0.11011	0.00836	0.06104	0.00721	0.00698	0.03916	0.02856	0.04654	0.00860	0.03654	0.00713	0.00384	0.00344	0.00088	0.00371	0.00310	0.00261	0.54895
10	0.04425	0.14946	0.13912	0.02548	0.18632	0.07340	0.02464	0.17184	0.05986	0.05238	0.00908	0.02990	0.00720	0.00448	0.00388	0.00123	0.00498	0.00358	0.00275	0.00617
11	0.00817	0.00971	0.15264	0.02204	0.01263	0.02076	0.17324	0.02675	0.03224	0.03379	0.24138	0.06987	0.08233	0.00665	0.00532	0.00140	0.06460	0.00590	0.02566	0.00492
12	0.00533	0.00378	0.00497	0.00584	0.00611	0.00358	0.00395	0.00607	0.00795	0.01058	0.02208	0.71190	0.02627	0.10045	0.00706	0.00197	0.00270	0.06230	0.00376	0.00335
13	0.01007	0.00888	0.04110	0.00926	0.07800	0.00733	0.05993	0.08012	0.04799	0.05079	0.00865	0.00972	0.00681	0.00360	0.00355	0.00087	0.00380	0.00307	0.00276	0.56368
14	0.00622	0.00455	0.00616	0.00596	0.00637	0.00491	0.02464	0.00694	0.00652	0.00903	0.01241	0.04355	0.01328	0.47036	0.33457	0.00492	0.02845	0.00555	0.00244	0.00317

[dist]
# distance from previous block
# <min> <max>
0	2

[block]
# block no. 7 follows, 63 sequences, length 38
# corresponding to MSA columns:
# 440-453,455-478
name=unknown_H
#
# <colnr> <probs for GDERKNQSTAVLIFYWHMCP>
#	G	D	E	R	K	N	Q	S	T	A	V	L	I	F	Y	W	H	M	C	P
0	0.00527	0.00434	0.00467	0.00482	0.00603	0.00383	0.00355	0.00674	0.04035	0.01171	0.06716	0.18817	0.60323	0.01086	0.00503	0.00148	0.00226	0.02290	0.00394	0.00366
1	0.00969	0.04111	0.04784	0.02698	0.07398	0.00725	0.04658	0.04862	0.00947	0.04482	0.00796	0.00924	0.00638	0.00343	0.00343	0.00082	0.00379	0.00288	0.00255	0.60317
2	0.05241	0.08693	0.46536	0.01090	0.01580	0.04936	0.06320	0.10732	0.03522	0.02626	0.00805	0.00912	0.00592	0.00410	0.00387	0.00125	0.00560	0.00321	0.00230	0.04381
3	0.03541	0.08141	0.15275	0.00967	0.01309	0.11697	0.04316	0.20167	0.04313	0.13763	0.02617	0.01066	0.00772	0.01593	0.00473	0.00129	0.05215	0.00357	0.00314	0.03975
4	0.01614	0.01152	0.01246	0.00955	0.01291	0.01265	0.00789	0.76784	0.01933	0.07129	0.01046	0.01033	0.00733	0.00506	0.00421	0.00126	0.00457	0.00381	0.00426	0.00715
5	0.00794	0.00747	0.01261	0.84216	0.02895	0.00934	0.01167	0.01074	0.00841	0.01074	0.00747	0.01121	0.00560	0.00420	0.00420	0.00140	0.00560	0.00374	0.00187	0.00467
6	0.01204	0.04377	0.01499	0.03527	0.37813	0.11379	0.05915	0.14031	0.04117	0.05268	0.00968	0.02651	0.00806	0.00468	0.00422	0.00128	0.00516	0.04017	0.00275	0.00620
7	0.00784	0.00392	0.00392	0.00392	0.00490	0.00392	0.00294	0.00980	0.00882	0.01567	0.01371	0.01567	0.01077	0.00490	0.00294	0.00098	0.00196	0.00392	0.87560	0.00392
8	0.00689	0.00539	0.00633	0.00645	0.00783	0.00534	0.00523	0.04605	0.11098	0.01366	0.08891	0.06835	0.30574	0.01007	0.00517	0.00160	0.00303	0.29474	0.00401	0.00424
9	0.00512	0.00366	0.00488	0.00585	0.00610	0.00341	0.00390	0.00585	0.00805	0.01073	0.02317	0.84952	0.02780	0.01317	0.00537	0.00171	0.00244	0.01195	0.00390	0.00341
10	0.00784	0.00392	0.00392	0.00392	0.00490	0.00392	0.00294	0.00980	0.00882	0.01567	0.01371	0.01567	0.01077	0.00490	0.00294	0.00098	0.00196	0.00392	0.87560	0.00392
11	0.00521	0.00370	0.00491	0.00584	0.00609	0.00348	0.00391	0.00593	0.00800	0.01066	0.02269	0.79335	0.02715	0.05153	0.00611	0.00182	0.00255	0.02987	0.00384	0.00339
12	0.01408	0.05089	0.07379	0.00938	0.01254	0.09351	0.00811	0.50738	0.02746	0.04958	0.04594	0.03611	0.00963	0.00549	0.00421	0.00128	0.00477	0.03571	0.00374	0.00639
13	0.00864	0.11173	0.05429	0.00734	0.02577	0.01948	0.00610	0.04515	0.00847	0.02286	0.00890	0.02180	0.00792	0.03192	0.24072	0.05784	0.00599	0.00345	0.00237	0.30926
14	0.00656	0.00474	0.00648	0.00737	0.00835	0.00467	0.00636	0.00837	0.00961	0.01240	0.02404	0.07752	0.09321	0.01159	0.00572	0.00188	0.00367	0.69976	0.00387	0.00383
15	0.00836	0.00682	0.00861	0.05691	0.03798	0.00720	0.03619	0.04148	0.27724	0.03265	0.30065	0.03594	0.10831	0.00716	0.00464	0.00138	0.00311	0.01614	0.00407	0.00517
16	0.01307	0.44050	0.03777	0.00897	0.01209	0.30510	0.02410	0.05114	0.03457	0.02793	0.00692	0.00776	0.00583	0.00403	0.00331	0.00103	0.00563	0.00267	0.00219	0.00539
17	0.00872	0.00747	0.00872	0.00623	0.00996	0.00560	0.00498	0.01058	0.00872	0.01370	0.00747	0.00872	0.00623	0.00311	0.00311	0.00062	0.00311	0.00249	0.00249	0.87796
18	0.03108	0.01048	0.01152	0.00899	0.01217	0.01135	0.00738	0.56558	0.09889	0.16264	0.01192	0.01144	0.00831	0.00512	0.00416	0.00128	0.00423	0.00393	0.02255	0.00699
19	0.01235	0.00546	0.00656	0.00555	0.00750	0.00511	0.00441	0.04036	0.01055	0.33451	0.04572	0.01556	0.01162	0.00516	0.00356	0.00113	0.00268	0.00418	0.47274	0.00529
20	0.13354	0.00748	0.00894	0.00732	0.01013	0.00731	0.00590	0.04377	0.14140	0.48877	0.01536	0.07587	0.01114	0.00567	0.00408	0.00134	0.00343	0.00459	0.00453	0.01943
21	0.04324	0.01012	0.02352	0.00830	0.04798	0.15737	0.01791	0.04139	0.00974	0.02752	0.00873	0.05107	0.01703	0.00411	0.00350	0.00088	0.00415	0.00325	0.00260	0.51758
22	0.00784	0.00392	0.00392	0.00392	0.00490	0.00392	0.00294	0.00980	0.00882	0.01567	0.01371	0.01567	0.01077	0.00490	0.00294	0.00098	0.00196	0.00392	0.87560	0.00392
23	0.88196	0.00813	0.00618	0.00553	0.00813	0.00943	0.00455	0.01236	0.00715	0.01886	0.00585	0.00683	0.00455	0.00390	0.00260	0.00130	0.00325	0.00228	0.00260	0.00455
24	0.00920	0.00920	0.01288	0.01104	0.01104	0.01288	0.00920	0.01012	0.00644	0.01012	0.00552	0.00920	0.00552	0.00736	0.01380	0.00184	0.84457	0.00368	0.00184	0.00460
25	0.00578	0.00425	0.00523	0.00553	0.00636	0.00399	0.00406	0.00736	0.03249	0.01287	0.23167	0.29431	0.18804	0.05410	0.00594	0.00166	0.00251	0.09449	0.03565	0.00370
26	0.00610	0.00413	0.00484	0.00484	0.00493	0.00422	0.00287	0.00628	0.00619	0.00834	0.01301	0.02620	0.01471	0.75455	0.11833	0.00439	0.00493	0.00592	0.00251	0.00269
27	0.00784	0.00392	0.00392	0.00392	0.00490	0.00392	0.00294	0.00980	0.00882	0.01567	0.01371	0.01567	0.01077	0.00490	0.00294	0.00098	0.00196	0.00392	0.87560	0.00392
28	0.00730	0.00365	0.00548	0.00548	0.00548	0.00365	0.00365	0.00548	0.00548	0.00730	0.00730	0.01278	0.00730	0.01460	0.01643	0.87769	0.00365	0.00365	0.00183	0.00183
29	0.02604	0.26684	0.05597	0.03448	0.04068	0.10076	0.00818	0.27600	0.03719	0.06729	0.02204	0.00951	0.00711	0.00454	0.00393	0.00116	0.02596	0.00326	0.00298	0.00607
30	0.00784	0.00392	0.00392	0.00392	0.00490	0.00392	0.00294	0.00980	0.00882	0.01567	0.01371	0.01567	0.01077	0.00490	0.00294	0.00098	0.00196	0.00392	0.87560	0.00392
31	0.00513	0.00417	0.00455	0.00466	0.00583	0.00359	0.00342	0.00627	0.00966	0.01203	0.14921	0.16810	0.58722	0.01076	0.00503	0.00145	0.00216	0.00918	0.00401	0.00359
32	0.02520	0.00553	0.00654	0.00645	0.00766	0.00562	0.00494	0.10170	0.07622	0.01486	0.18169	0.23991	0.10413	0.04542	0.00566	0.00164	0.00295	0.13658	0.02299	0.00430
33	0.06295	0.38611	0.16397	0.00980	0.03614	0.17091	0.04352	0.04528	0.00966	0.01204	0.00661	0.00777	0.00549	0.00396	0.00354	0.00110	0.02090	0.00274	0.00203	0.00550
