[name]
unknown

[dist]
# distance from previous block
# <min> <max>
0	11

[block]
# block no. 0 follows, 66 sequences, length 23
# corresponding to MSA columns:
# 11-33
name=unknown_A
#
# <colnr> <probs for GDERKNQSTAVLIFYWHMCP>
#	G	D	E	R	K	N	Q	S	T	A	V	L	I	F	Y	W	H	M	C	P
0	0.01459	0.03204	0.01164	0.00897	0.01197	0.05911	0.00738	0.59632	0.06249	0.07890	0.01070	0.01160	0.00797	0.00544	0.01654	0.00131	0.00453	0.03511	0.00389	0.01952
1	0.03384	0.13267	0.22227	0.02924	0.03264	0.05112	0.02332	0.30633	0.07552	0.04177	0.00885	0.00939	0.00653	0.00434	0.00376	0.00120	0.00488	0.00330	0.00291	0.00614
2	0.00575	0.00413	0.00528	0.00590	0.00639	0.00400	0.00406	0.06580	0.00873	0.01169	0.04992	0.76323	0.02576	0.01198	0.00508	0.00160	0.00249	0.01080	0.00381	0.00358
3	0.00555	0.00375	0.00467	0.00508	0.00523	0.00366	0.00320	0.00579	0.00674	0.00899	0.01696	0.38335	0.03398	0.38892	0.04056	0.06619	0.00342	0.00816	0.00299	0.00283
4	0.02682	0.03273	0.11960	0.01110	0.06558	0.18284	0.09438	0.21360	0.07752	0.08883	0.03072	0.01079	0.01790	0.00453	0.00400	0.00122	0.00522	0.00368	0.00302	0.00591
5	0.05017	0.01143	0.01049	0.00883	0.01144	0.15541	0.00700	0.33010	0.31190	0.01905	0.02389	0.01186	0.02007	0.00506	0.00397	0.00125	0.00438	0.00387	0.00368	0.00614
6	0.00580	0.00435	0.00652	0.00652	0.00724	0.00507	0.00507	0.00724	0.00652	0.00942	0.01087	0.01594	0.01014	0.03043	0.84134	0.00652	0.01087	0.00435	0.00217	0.00362
7	0.00910	0.04398	0.69245	0.01141	0.01687	0.06965	0.03693	0.05031	0.00928	0.01314	0.00730	0.00854	0.00526	0.00390	0.00384	0.00126	0.00600	0.00303	0.00186	0.00591
8	0.01443	0.01048	0.01154	0.02985	0.01249	0.03738	0.02571	0.53087	0.13803	0.11445	0.02579	0.01135	0.00853	0.00497	0.00409	0.00125	0.00428	0.00390	0.00402	0.00661
9	0.00970	0.50468	0.36639	0.00890	0.01344	0.01325	0.01035	0.01244	0.00838	0.01094	0.00633	0.00738	0.00518	0.00363	0.00313	0.00104	0.00504	0.00252	0.00173	0.00554
10	0.00588	0.00395	0.00452	0.00454	0.00468	0.00396	0.00268	0.00610	0.00623	0.00843	0.01420	0.04372	0.05227	0.71951	0.06722	0.00381	0.00414	0.00597	0.03555	0.00264
11	0.00965	0.01064	0.04246	0.06296	0.28623	0.04116	0.42048	0.01266	0.01943	0.01278	0.00844	0.03848	0.00690	0.00389	0.00443	0.00131	0.00590	0.00443	0.00210	0.00566
12	0.00775	0.00575	0.00651	0.00636	0.00767	0.02189	0.00475	0.04174	0.19586	0.06853	0.08808	0.30792	0.14212	0.03246	0.00515	0.00153	0.00283	0.04469	0.00393	0.00448
13	0.01301	0.00805	0.02957	0.00771	0.01033	0.00804	0.00628	0.08529	0.34618	0.32349	0.05921	0.04841	0.02436	0.00573	0.00418	0.00132	0.00336	0.00476	0.00440	0.00633
14	0.00558	0.00432	0.00598	0.00611	0.00665	0.00443	0.03101	0.00647	0.00740	0.00995	0.01948	0.40865	0.10948	0.13202	0.17970	0.00293	0.04499	0.00834	0.00311	0.00339
15	0.07574	0.10243	0.15885	0.01223	0.07388	0.07785	0.21983	0.11645	0.04792	0.06413	0.00844	0.00960	0.00631	0.00398	0.00391	0.00123	0.00538	0.00355	0.00252	0.00577
16	0.00898	0.12613	0.36130	0.08836	0.03211	0.01055	0.29066	0.01258	0.00884	0.01225	0.00739	0.00934	0.00554	0.00367	0.00403	0.00126	0.00600	0.00357	0.00185	0.00558
17	0.03694	0.00669	0.00835	0.00681	0.00941	0.00627	0.00549	0.03303	0.12042	0.53352	0.01773	0.05177	0.07499	0.00577	0.00407	0.00128	0.00317	0.00474	0.06341	0.00614
18	0.00922	0.01004	0.07712	0.15935	0.33631	0.02590	0.16504	0.03222	0.04428	0.01300	0.02851	0.02582	0.04605	0.00436	0.00423	0.00129	0.00513	0.00426	0.00227	0.00561
19	0.02676	0.02954	0.06529	0.06778	0.01476	0.03904	0.20339	0.17357	0.16086	0.08646	0.04229	0.03942	0.02215	0.00492	0.00424	0.00130	0.00476	0.00446	0.00322	0.00580
20	0.02031	0.00907	0.01111	0.04397	0.31985	0.14078	0.00822	0.03103	0.00954	0.08853	0.01273	0.22572	0.02799	0.02707	0.00466	0.00137	0.00438	0.00565	0.00284	0.00516
21	0.00505	0.00376	0.00469	0.00537	0.00587	0.00348	0.00366	0.00604	0.02424	0.01064	0.03916	0.65114	0.17676	0.03294	0.00546	0.00164	0.00235	0.01063	0.00375	0.00337
22	0.01291	0.08833	0.09830	0.05003	0.04341	0.04563	0.13555	0.30805	0.01315	0.12854	0.03038	0.01055	0.00752	0.00441	0.00402	0.00122	0.00496	0.00374	0.00317	0.00613

[dist]
# distance from previous block
# <min> <max>
4	12

[block]
# block no. 1 follows, 66 sequences, length 31
# corresponding to MSA columns:
# 46-76
name=unknown_B
#
# <colnr> <probs for GDERKNQSTAVLIFYWHMCP>
#	G	D	E	R	K	N	Q	S	T	A	V	L	I	F	Y	W	H	M	C	P
0	0.06132	0.06036	0.09867	0.03810	0.05904	0.04798	0.32273	0.03460	0.04699	0.06539	0.01156	0.01279	0.08185	0.00440	0.00416	0.00126	0.00524	0.00428	0.00253	0.03675
1	0.00875	0.00801	0.01268	0.60330	0.10092	0.00948	0.03669	0.07243	0.08385	0.01247	0.00832	0.01106	0.00628	0.00419	0.00408	0.00133	0.00513	0.00374	0.00221	0.00507
2	0.01110	0.01161	0.01189	0.13464	0.16238	0.26221	0.03899	0.09310	0.07478	0.01321	0.04080	0.02743	0.06811	0.00492	0.00403	0.00121	0.00518	0.00404	0.00263	0.02773
3	0.06587	0.07932	0.18769	0.03102	0.06076	0.05411	0.05375	0.17294	0.05835	0.14553	0.01010	0.04562	0.00770	0.00466	0.00388	0.00124	0.00470	0.00377	0.00303	0.00596
4	0.02607	0.00732	0.00931	0.00791	0.01008	0.00765	0.06565	0.08835	0.26086	0.17591	0.01731	0.12148	0.08540	0.02094	0.06304	0.00177	0.01599	0.00559	0.00384	0.00551
5	0.00596	0.00412	0.00538	0.00599	0.00664	0.00391	0.00440	0.02758	0.00876	0.03802	0.06261	0.55770	0.08364	0.01159	0.00515	0.00163	0.00265	0.15680	0.00384	0.00362
6	0.01035	0.00956	0.01531	0.14023	0.43013	0.04258	0.11394	0.06423	0.03621	0.05030	0.00897	0.04375	0.00738	0.00424	0.00416	0.00127	0.00503	0.00409	0.00239	0.00588
7	0.04011	0.03278	0.11955	0.01051	0.03908	0.01934	0.17595	0.07529	0.10922	0.22673	0.01295	0.05183	0.04158	0.00506	0.00436	0.00131	0.02062	0.00449	0.00333	0.00591
8	0.00607	0.00452	0.00512	0.00486	0.00620	0.00406	0.00368	0.02825	0.03107	0.04666	0.30142	0.06341	0.46141	0.00923	0.00474	0.00134	0.00217	0.00785	0.00407	0.00386
9	0.00827	0.01977	0.74474	0.01192	0.01754	0.00960	0.07225	0.01273	0.00854	0.01273	0.00727	0.00875	0.00522	0.00396	0.00431	0.00131	0.04029	0.00315	0.00174	0.00590
10	0.09485	0.01087	0.10149	0.18266	0.05758	0.04289	0.19049	0.14203	0.02262	0.06137	0.00864	0.01034	0.01561	0.00424	0.00439	0.00131	0.03684	0.00374	0.00254	0.00551
11	0.01174	0.00846	0.02016	0.00929	0.01160	0.07199	0.15332	0.09406	0.02910	0.24111	0.01338	0.17122	0.01173	0.03497	0.05442	0.00175	0.04744	0.00550	0.00345	0.00531
12	0.00836	0.00787	0.01132	0.01254	0.22530	0.03239	0.09285	0.02284	0.13503	0.01261	0.01752	0.07908	0.18419	0.04152	0.02181	0.00158	0.06770	0.01759	0.00290	0.00501
13	0.02997	0.64488	0.11281	0.00720	0.01054	0.01371	0.00734	0.01149	0.00805	0.01003	0.00704	0.04210	0.00676	0.06848	0.00421	0.00119	0.00439	0.00292	0.00189	0.00499
14	0.00921	0.35193	0.51481	0.00974	0.01474	0.01204	0.01181	0.01257	0.00844	0.01155	0.00663	0.00775	0.00517	0.00370	0.00336	0.00112	0.00534	0.00267	0.00172	0.00568
15	0.05506	0.02748	0.00714	0.00624	0.00785	0.00592	0.00478	0.12787	0.01032	0.19106	0.01642	0.35220	0.01601	0.00795	0.00420	0.00135	0.00291	0.00683	0.14362	0.00478
16	0.00614	0.00650	0.10259	0.06634	0.03536	0.00540	0.01863	0.00776	0.00768	0.01056	0.02699	0.31541	0.04358	0.06784	0.20860	0.00289	0.01904	0.04197	0.00282	0.00390
17	0.01007	0.38273	0.37408	0.00932	0.01369	0.10827	0.01049	0.01284	0.00882	0.01115	0.02134	0.00793	0.00578	0.00381	0.00331	0.00108	0.00536	0.00267	0.00182	0.00547
18	0.00523	0.00378	0.00475	0.00528	0.00589	0.00343	0.00367	0.00616	0.00860	0.02469	0.12579	0.56779	0.19699	0.01153	0.00503	0.00154	0.00225	0.01027	0.00387	0.00345
19	0.00516	0.00385	0.00462	0.00511	0.00581	0.00351	0.00357	0.00629	0.02171	0.01136	0.09822	0.48989	0.26844	0.01115	0.00492	0.00150	0.00222	0.00985	0.03938	0.00345
20	0.01038	0.63164	0.12071	0.00991	0.10656	0.01431	0.03450	0.01230	0.00844	0.01049	0.00615	0.00731	0.00537	0.00353	0.00299	0.00097	0.00468	0.00252	0.00177	0.00545
21	0.01085	0.01179	0.02051	0.05405	0.01946	0.10647	0.58682	0.11225	0.01090	0.01406	0.00813	0.01037	0.00611	0.00372	0.00453	0.00131	0.00654	0.00434	0.00229	0.00551
22	0.00592	0.00432	0.00578	0.00659	0.00741	0.00417	0.00541	0.00740	0.00894	0.01155	0.02420	0.24474	0.12715	0.01146	0.00540	0.00175	0.00318	0.50730	0.00375	0.00359
23	0.06544	0.17207	0.23375	0.00893	0.01262	0.13332	0.00891	0.12038	0.05548	0.11147	0.00965	0.00997	0.03224	0.00439	0.00361	0.00117	0.00493	0.00321	0.00272	0.00573
24	0.00497	0.00392	0.00449	0.00477	0.00570	0.00343	0.00342	0.00601	0.00904	0.01147	0.14060	0.31688	0.44924	0.01084	0.00492	0.00145	0.00214	0.00941	0.00386	0.00343
25	0.00814	0.02099	0.83640	0.01156	0.01756	0.00942	0.01499	0.01285	0.00857	0.01285	0.00728	0.00857	0.00514	0.00385	0.00385	0.00128	0.00600	0.00300	0.00171	0.00600
26	0.00655	0.00490	0.00582	0.00543	0.00666	0.00469	0.00410	0.10069	0.01143	0.01547	0.46468	0.12292	0.21355	0.00885	0.00475	0.00133	0.00229	0.00766	0.00418	0.00403
27	0.07802	0.04745	0.01684	0.01271	0.01572	0.31630	0.36453	0.03758	0.01019	0.01236	0.00752	0.02908	0.00614	0.00407	0.00429	0.00123	0.02493	0.00379	0.00218	0.00506
28	0.01468	0.01753	0.01252	0.01080	0.01319	0.66085	0.07108	0.11542	0.02472	0.01221	0.00701	0.00802	0.00562	0.00423	0.00380	0.00110	0.00686	0.00294	0.00236	0.00506
29	0.06444	0.04021	0.00733	0.00621	0.00799	0.00662	0.00487	0.15315	0.07335	0.03589	0.07813	0.18564	0.24003	0.00827	0.00441	0.00136	0.00292	0.04280	0.00372	0.03264
30	0.07397	0.00830	0.01068	0.00817	0.01119	0.03407	0.11701	0.14318	0.01107	0.13242	0.07919	0.01390	0.06103	0.00477	0.00386	0.00109	0.00384	0.01687	0.00327	0.26213

[dist]
# distance from previous block
# <min> <max>
0	9

[block]
# block no. 2 follows, 66 sequences, length 13
# corresponding to MSA columns:
# 86-98
name=unknown_C
#
# <colnr> <probs for GDERKNQSTAVLIFYWHMCP>
#	G	D	E	R	K	N	Q	S	T	A	V	L	I	F	Y	W	H	M	C	P
0	0.01262	0.01067	0.06568	0.05984	0.06800	0.06258	0.07344	0.27975	0.10093	0.12708	0.01121	0.03796	0.01912	0.00483	0.00408	0.00124	0.00458	0.00404	0.00339	0.04895
1	0.00703	0.00622	0.06145	0.00733	0.00862	0.00586	0.05564	0.05754	0.00778	0.02713	0.01211	0.10775	0.01203	0.15020	0.40436	0.02101	0.01994	0.02154	0.00254	0.00392
2	0.01232	0.01380	0.01349	0.11867	0.32329	0.38511	0.00999	0.05326	0.01060	0.01200	0.00707	0.00889	0.00578	0.00399	0.00386	0.00115	0.00600	0.00316	0.00212	0.00544
3	0.01532	0.00984	0.03635	0.00822	0.01116	0.09541	0.00682	0.23455	0.08465	0.38044	0.06451	0.01302	0.01052	0.00510	0.00407	0.00124	0.00409	0.00403	0.00424	0.00641
4	0.01011	0.00921	0.01427	0.06191	0.53779	0.04938	0.04558	0.01273	0.04929	0.06315	0.01084	0.06652	0.04169	0.00470	0.00415	0.00126	0.00462	0.00441	0.00248	0.00591
5	0.00514	0.00390	0.00476	0.00525	0.00593	0.00358	0.00366	0.00637	0.03123	0.01139	0.12183	0.51659	0.24287	0.01134	0.00500	0.00152	0.00225	0.01005	0.00386	0.00348
6	0.00766	0.00721	0.01217	0.84767	0.02794	0.00901	0.01127	0.01037	0.00811	0.01037	0.00721	0.01082	0.00541	0.00406	0.00406	0.00135	0.00541	0.00361	0.00180	0.00451
7	0.04080	0.23170	0.20127	0.01131	0.05471	0.06211	0.16952	0.05145	0.11459	0.01318	0.00825	0.00934	0.00642	0.00393	0.00371	0.00118	0.00523	0.00335	0.00227	0.00567
8	0.00591	0.00440	0.00641	0.00640	0.00699	0.00508	0.00486	0.00705	0.00649	0.00927	0.01137	0.06774	0.01123	0.09242	0.66311	0.04083	0.03987	0.00485	0.00226	0.00347
9	0.00910	0.00887	0.01564	0.33285	0.44488	0.00947	0.09681	0.01173	0.00885	0.01214	0.00753	0.01043	0.00602	0.00376	0.00411	0.00128	0.00525	0.00373	0.00194	0.00561
10	0.04360	0.01096	0.01411	0.09490	0.26076	0.13359	0.10470	0.14092	0.07459	0.06895	0.00896	0.01029	0.00682	0.00416	0.00402	0.00123	0.00515	0.00366	0.00271	0.00591
11	0.00959	0.22468	0.16373	0.02798	0.01438	0.02830	0.21151	0.06250	0.07680	0.01273	0.01114	0.01245	0.08114	0.02354	0.00446	0.00128	0.02207	0.00400	0.00236	0.00536
12	0.00653	0.00431	0.00532	0.00527	0.00635	0.00393	0.00390	0.00810	0.02827	0.08204	0.30063	0.24781	0.21883	0.00954	0.00477	0.00140	0.00226	0.02510	0.03177	0.00391

[dist]
# distance from previous block
# <min> <max>
0	1

[block]
# block no. 3 follows, 66 sequences, length 24
# corresponding to MSA columns:
# 100-123
name=unknown_D
#
# <colnr> <probs for GDERKNQSTAVLIFYWHMCP>
#	G	D	E	R	K	N	Q	S	T	A	V	L	I	F	Y	W	H	M	C	P
0	0.03783	0.28047	0.14968	0.00922	0.01252	0.23740	0.04337	0.05607	0.08401	0.01215	0.00823	0.02652	0.01763	0.00428	0.00349	0.00111	0.00532	0.00312	0.00227	0.00532
1	0.01003	0.20131	0.21578	0.07725	0.16949	0.02549	0.06523	0.06018	0.04953	0.03752	0.00836	0.01048	0.00672	0.00451	0.01633	0.00128	0.00514	0.02740	0.00223	0.00573
2	0.00816	0.00565	0.00669	0.00609	0.00755	0.02327	0.01696	0.07116	0.03800	0.11609	0.20820	0.17986	0.24054	0.00863	0.00491	0.00137	0.02914	0.00736	0.01597	0.00439
3	0.01069	0.01049	0.01553	0.04290	0.62723	0.08129	0.03614	0.05608	0.05486	0.01375	0.00812	0.01012	0.00664	0.00384	0.00402	0.00121	0.00500	0.00362	0.00224	0.00622
4	0.01030	0.05241	0.04818	0.13264	0.10327	0.03226	0.14148	0.11252	0.06707	0.08442	0.10281	0.03607	0.03559	0.00509	0.00436	0.00129	0.01723	0.00457	0.00299	0.00547
5	0.01983	0.08999	0.09637	0.08809	0.12720	0.02648	0.14590	0.02444	0.05017	0.03847	0.00855	0.03798	0.00700	0.00396	0.00378	0.00110	0.00467	0.00361	0.00234	0.22010
6	0.00509	0.00368	0.00494	0.00568	0.00602	0.00355	0.00389	0.00592	0.00772	0.01037	0.04451	0.68475	0.04622	0.03323	0.11152	0.00230	0.00345	0.01030	0.00356	0.00334
7	0.01040	0.02644	0.07421	0.06908	0.34745	0.09307	0.22633	0.01323	0.02669	0.04576	0.00869	0.01067	0.02121	0.00388	0.00417	0.00125	0.00558	0.00389	0.00219	0.00579
8	0.03964	0.08241	0.18984	0.04091	0.22319	0.05436	0.17413	0.09619	0.01001	0.01385	0.00765	0.00966	0.00604	0.02036	0.00438	0.00129	0.01459	0.00355	0.00217	0.00577
9	0.00523	0.00430	0.03171	0.03282	0.00699	0.00376	0.00439	0.00619	0.00795	0.01061	0.04604	0.69596	0.05193	0.04021	0.00561	0.00169	0.00264	0.03494	0.00361	0.00343
10	0.00635	0.00582	0.06483	0.02922	0.00869	0.00484	0.04120	0.00824	0.02721	0.02340	0.19051	0.20261	0.12120	0.02014	0.00551	0.02984	0.00318	0.19974	0.00358	0.00390
11	0.01064	0.56949	0.12127	0.00802	0.01161	0.02554	0.04462	0.03724	0.02379	0.05084	0.00834	0.03502	0.03015	0.00417	0.00316	0.00102	0.00452	0.00306	0.00215	0.00536
12	0.01243	0.19600	0.15901	0.00854	0.01192	0.07421	0.00817	0.18812	0.03628	0.16152	0.03042	0.03815	0.00859	0.00563	0.03066	0.00135	0.00477	0.01527	0.00310	0.00585
13	0.05636	0.06390	0.14798	0.21124	0.05521	0.05478	0.17097	0.05137	0.05800	0.01305	0.03028	0.03756	0.00754	0.00440	0.00420	0.00130	0.02040	0.00394	0.00228	0.00525
14	0.03678	0.57031	0.01867	0.00979	0.10680	0.12608	0.03291	0.01298	0.00890	0.03530	0.00635	0.00739	0.00550	0.00364	0.00302	0.00097	0.00481	0.00254	0.00195	0.00532
15	0.00801	0.00757	0.01280	0.72652	0.14635	0.00911	0.01144	0.01067	0.00828	0.01079	0.00727	0.01070	0.00556	0.00399	0.00405	0.00133	0.00532	0.00361	0.00183	0.00479
16	0.02704	0.29697	0.04245	0.18953	0.01486	0.11288	0.04202	0.04974	0.00936	0.05472	0.05046	0.01004	0.00754	0.00530	0.03673	0.00135	0.03847	0.00325	0.00226	0.00502
17	0.00934	0.03262	0.31732	0.05960	0.02815	0.09336	0.15003	0.02610	0.00922	0.05235	0.01042	0.10429	0.02135	0.00534	0.00453	0.00134	0.03259	0.03442	0.00236	0.00527
18	0.00494	0.00353	0.00471	0.00565	0.00588	0.00330	0.00377	0.00565	0.00777	0.01036	0.02236	0.85477	0.02683	0.01271	0.00518	0.00165	0.00235	0.01153	0.00377	0.00330
19	0.00566	0.00385	0.00448	0.00469	0.00477	0.00378	0.00276	0.00584	0.00639	0.00849	0.01551	0.21166	0.03448	0.65120	0.01687	0.00337	0.00354	0.00721	0.00278	0.00267
20	0.61169	0.02009	0.06323	0.00704	0.00995	0.00939	0.06214	0.07905	0.03453	0.01764	0.00699	0.02403	0.00552	0.00404	0.00301	0.00125	0.00369	0.00281	0.00262	0.03127
21	0.25886	0.14479	0.04538	0.00758	0.01047	0.06693	0.01650	0.21754	0.03750	0.07790	0.05726	0.02571	0.00838	0.00461	0.00343	0.00119	0.00405	0.00335	0.00309	0.00546
22	0.10201	0.00885	0.01080	0.25331	0.01590	0.09079	0.04951	0.09489	0.03404	0.14190	0.02868	0.03187	0.00835	0.00525	0.01620	0.00136	0.03018	0.03062	0.00292	0.04256
23	0.05321	0.02831	0.03751	0.08114	0.01187	0.11642	0.00704	0.15918	0.07095	0.09481	0.01066	0.03353	0.02355	0.00993	0.16740	0.00226	0.03757	0.00387	0.00296	0.04784

[dist]
# distance from previous block
# <min> <max>
2	16

[block]
# block no. 4 follows, 66 sequences, length 104
# corresponding to MSA columns:
# 140-243
name=unknown_E
#
# <colnr> <probs for GDERKNQSTAVLIFYWHMCP>
#	G	D	E	R	K	N	Q	S	T	A	V	L	I	F	Y	W	H	M	C	P
0	0.07373	0.26591	0.07125	0.02054	0.03381	0.10798	0.02732	0.13650	0.03828	0.09143	0.00850	0.01008	0.00684	0.00455	0.00411	0.00117	0.05738	0.03243	0.00267	0.00553
1	0.04437	0.37421	0.08216	0.00771	0.01050	0.11295	0.00711	0.07989	0.00929	0.02975	0.00833	0.06080	0.00763	0.02551	0.12167	0.00188	0.00557	0.00342	0.00228	0.00496
2	0.04942	0.20896	0.16025	0.00925	0.01261	0.12871	0.05100	0.15775	0.04248	0.04208	0.00911	0.01191	0.00759	0.00513	0.01733	0.00128	0.00514	0.07186	0.00263	0.00551
3	0.00962	0.01075	0.02267	0.01634	0.02029	0.01025	0.74777	0.01373	0.07954	0.01334	0.00892	0.01130	0.00669	0.00360	0.00473	0.00137	0.00653	0.00477	0.00223	0.00555
4	0.00793	0.08033	0.01280	0.73055	0.03837	0.00946	0.01073	0.01048	0.00819	0.01041	0.00763	0.01177	0.00609	0.00427	0.00399	0.00133	0.00524	0.03398	0.00187	0.00457
5	0.01048	0.01097	0.03750	0.02677	0.14673	0.01048	0.54355	0.13431	0.01092	0.01490	0.00832	0.01057	0.00628	0.00369	0.00453	0.00132	0.00613	0.00438	0.00234	0.00584
6	0.00979	0.01000	0.01949	0.01521	0.07366	0.00971	0.55489	0.07004	0.07927	0.02579	0.01031	0.08361	0.00859	0.00453	0.00465	0.00137	0.00579	0.00518	0.00256	0.00555
7	0.00501	0.00358	0.00478	0.00573	0.00599	0.00335	0.00388	0.00576	0.00783	0.01043	0.02232	0.82106	0.02669	0.01265	0.00520	0.00166	0.00241	0.04458	0.00376	0.00331
8	0.00582	0.00490	0.00528	0.00604	0.00645	0.07520	0.00410	0.00656	0.00811	0.01033	0.02128	0.76918	0.03765	0.01194	0.00504	0.00159	0.00278	0.01072	0.00362	0.00342
9	0.03837	0.01174	0.01286	0.02864	0.16011	0.15437	0.04087	0.35692	0.02726	0.08451	0.00899	0.00974	0.00668	0.00453	0.00431	0.00122	0.03602	0.00352	0.00318	0.00616
10	0.11924	0.04079	0.01106	0.00937	0.01177	0.52143	0.00726	0.14369	0.05842	0.02980	0.00750	0.00816	0.00589	0.00431	0.00359	0.00112	0.00596	0.00286	0.00262	0.00517
11	0.01214	0.01358	0.01275	0.01085	0.01241	0.36258	0.07385	0.06005	0.05257	0.02081	0.00692	0.00882	0.00587	0.00533	0.00742	0.00137	0.32222	0.00332	0.00222	0.00491
12	0.01567	0.00962	0.07541	0.00937	0.01286	0.02633	0.11973	0.16115	0.01243	0.49477	0.01292	0.01214	0.00846	0.00466	0.00415	0.00126	0.00438	0.00399	0.00412	0.00659
13	0.01043	0.00778	0.00883	0.03227	0.01007	0.00820	0.01806	0.37308	0.04964	0.04015	0.06137	0.12882	0.20491	0.00744	0.00446	0.00134	0.00346	0.02050	0.00390	0.00529
14	0.00493	0.00357	0.00467	0.00554	0.00586	0.00330	0.00372	0.00566	0.00787	0.01040	0.02364	0.79900	0.08177	0.01254	0.00515	0.00163	0.00233	0.01133	0.00377	0.00330
15	0.01039	0.17085	0.29983	0.01125	0.01551	0.06052	0.17776	0.11082	0.07932	0.01398	0.00819	0.00930	0.00619	0.00398	0.00385	0.00121	0.00552	0.00341	0.00230	0.00581
16	0.02489	0.00958	0.11523	0.57756	0.12184	0.02171	0.05011	0.01117	0.00840	0.01129	0.00727	0.01032	0.00551	0.00394	0.00403	0.00132	0.00546	0.00355	0.00185	0.00497
17	0.01334	0.01033	0.01101	0.00891	0.01179	0.01161	0.00721	0.50796	0.33308	0.02222	0.01238	0.01184	0.00904	0.00512	0.00409	0.00128	0.00398	0.00402	0.00409	0.00671
18	0.41273	0.00959	0.00915	0.00744	0.01029	0.01083	0.00611	0.39933	0.06490	0.02166	0.00830	0.00865	0.00610	0.00441	0.00336	0.00124	0.00378	0.00305	0.00336	0.00572
19	0.01079	0.32129	0.16412	0.01123	0.01510	0.14470	0.23734	0.02919	0.00941	0.01148	0.00684	0.00832	0.00550	0.00367	0.00364	0.00112	0.00581	0.00316	0.00192	0.00537
20	0.00815	0.00771	0.01305	0.67862	0.19317	0.00914	0.01151	0.01079	0.00834	0.01096	0.00730	0.01066	0.00562	0.00397	0.00405	0.00132	0.00529	0.00361	0.00184	0.00490
21	0.00493	0.00357	0.00466	0.00553	0.00585	0.00331	0.00371	0.00566	0.00788	0.01040	0.02377	0.79356	0.08713	0.01253	0.00515	0.00163	0.00233	0.01131	0.00377	0.00331
22	0.01856	0.02524	0.03091	0.42943	0.05694	0.07011	0.09388	0.08827	0.02863	0.01285	0.06620	0.01168	0.00814	0.00449	0.00446	0.00131	0.03771	0.00389	0.00232	0.00497
23	0.01081	0.56397	0.18198	0.00860	0.01242	0.11679	0.03270	0.01281	0.00875	0.01035	0.00612	0.00715	0.00522	0.00363	0.00305	0.00099	0.00511	0.00247	0.00178	0.00531
24	0.01512	0.00853	0.00994	0.00777	0.01072	0.00862	0.00637	0.36249	0.03733	0.36097	0.01643	0.01522	0.11040	0.00562	0.00416	0.00126	0.00371	0.00447	0.00443	0.00646
25	0.01129	0.01098	0.01424	0.01130	0.01414	0.12895	0.25288	0.12742	0.27759	0.03228	0.01174	0.04325	0.00930	0.00497	0.00444	0.00133	0.01610	0.01887	0.00316	0.00577
26	0.00808	0.08068	0.01386	0.71139	0.02592	0.00971	0.07312	0.01072	0.00824	0.01050	0.00715	0.01046	0.00545	0.00396	0.00399	0.00131	0.00543	0.00357	0.00182	0.00464
27	0.00577	0.00466	0.00522	0.00520	0.00643	0.00441	0.00390	0.00833	0.11621	0.01278	0.19364	0.14936	0.41891	0.00963	0.00479	0.00141	0.00229	0.03923	0.00395	0.00389
28	0.03345	0.00664	0.00889	0.00695	0.00981	0.00585	0.00569	0.02866	0.01160	0.70698	0.11657	0.01566	0.01339	0.00540	0.00414	0.00126	0.00327	0.00444	0.00489	0.00647
29	0.01075	0.01134	0.00899	0.05739	0.02165	0.36249	0.00651	0.04689	0.04573	0.03896	0.07041	0.23988	0.01447	0.00752	0.01988	0.00139	0.00501	0.02326	0.00300	0.00447
30	0.00871	0.19853	0.66388	0.01059	0.01605	0.01083	0.01329	0.01270	0.00850	0.01215	0.00693	0.00813	0.00515	0.00377	0.00359	0.00120	0.00565	0.00282	0.00172	0.00583
31	0.01048	0.00879	0.00930	0.00828	0.01063	0.01011	0.00647	0.05498	0.77429	0.03409	0.01622	0.01488	0.01211	0.00547	0.00412	0.00137	0.00327	0.00454	0.00414	0.00645
32	0.00858	0.01957	0.73402	0.01119	0.01677	0.00960	0.01398	0.04427	0.07902	0.01369	0.00817	0.00917	0.00583	0.00403	0.00389	0.00129	0.00570	0.00316	0.00201	0.00607
33	0.21325	0.12663	0.02477	0.00831	0.01079	0.16840	0.05227	0.11783	0.07709	0.02389	0.00951	0.08253	0.00849	0.00521	0.00384	0.00124	0.02390	0.03423	0.00279	0.00505
34	0.00521	0.00413	0.00469	0.00455	0.00574	0.00360	0.00341	0.00663	0.01023	0.01330	0.38919	0.03519	0.48091	0.00940	0.00479	0.00133	0.00199	0.00802	0.00408	0.00360
35	0.88607	0.00785	0.00596	0.00534	0.00785	0.00910	0.00439	0.01193	0.00690	0.01820	0.00565	0.00659	0.00439	0.00377	0.00251	0.00126	0.00314	0.00220	0.00251	0.00439
36	0.14309	0.01136	0.01045	0.00848	0.01134	0.17222	0.00683	0.34832	0.03544	0.19831	0.01002	0.00984	0.00704	0.00462	0.00376	0.00120	0.00457	0.00336	0.00366	0.00609
37	0.12116	0.11832	0.01619	0.01143	0.01455	0.26174	0.27352	0.11136	0.01081	0.01382	0.00717	0.00861	0.00563	0.00387	0.00380	0.00118	0.00593	0.00335	0.00232	0.00525
38	0.00483	0.00411	0.00415	0.00414	0.00550	0.00344	0.00311	0.00588	0.00932	0.01113	0.06609	0.03877	0.80537	0.01021	0.00479	0.00137	0.00205	0.00852	0.00379	0.00344
39	0.00560	0.00400	0.00546	0.00640	0.00692	0.00386	0.00491	0.00678	0.00841	0.01109	0.02200	0.52194	0.02540	0.01209	0.00535	0.00174	0.00292	0.33789	0.00375	0.00348
40	0.01063	0.05935	0.00968	0.01958	0.01060	0.33591	0.00707	0.02884	0.07809	0.01172	0.01378	0.04638	0.01379	0.00734	0.00448	0.00142	0.00514	0.32873	0.00299	0.00449
41	0.01200	0.63582	0.01867	0.00785	0.01098	0.21848	0.00718	0.03001	0.00927	0.00997	0.00588	0.00677	0.00525	0.00367	0.00289	0.00092	0.00507	0.00231	0.00187	0.00512
42	0.00494	0.00353	0.00471	0.00565	0.00588	0.00330	0.00377	0.00565	0.00777	0.01036	0.02236	0.85477	0.02683	0.01271	0.00518	0.00165	0.00235	0.01153	0.00377	0.00330
43	0.00800	0.00757	0.01271	0.71501	0.12694	0.00922	0.01133	0.01060	0.00818	0.01070	0.00719	0.01065	0.00553	0.00411	0.00439	0.00135	0.03633	0.00360	0.00183	0.00474
44	0.15528	0.00987	0.01206	0.00926	0.01243	0.01047	0.10717	0.43938	0.01450	0.15762	0.01017	0.01078	0.00726	0.00466	0.00393	0.00126	0.00436	0.01956	0.00371	0.00626
45	0.00958	0.01094	0.02394	0.01710	0.02120	0.01026	0.81737	0.01300	0.00958	0.01300	0.00821	0.01094	0.00616	0.00342	0.00479	0.00137	0.00684	0.00479	0.00205	0.00547
46	0.00766	0.00721	0.01217	0.84767	0.02794	0.00901	0.01127	0.01037	0.00811	0.01037	0.00721	0.01082	0.00541	0.00406	0.00406	0.00135	0.00541	0.00361	0.00180	0.00451
47	0.00837	0.09204	0.76735	0.01117	0.01695	0.00998	0.01431	0.01279	0.00854	0.01257	0.00714	0.00839	0.00515	0.00382	0.00375	0.00125	0.00586	0.00293	0.00172	0.00593
48	0.00999	0.00986	0.01698	0.01291	0.01617	0.01010	0.43479	0.01700	0.37749	0.03163	0.01212	0.01289	0.00905	0.00439	0.00448	0.00137	0.00513	0.00468	0.00305	0.00593
49	0.00487	0.00380	0.00443	0.00493	0.00570	0.00336	0.00345	0.00573	0.00845	0.01064	0.03106	0.47607	0.39992	0.01158	0.00500	0.00152	0.00222	0.01015	0.00377	0.00336
50	0.02643	0.01349	0.39902	0.00937	0.01308	0.02609	0.05174	0.07092	0.03856	0.01392	0.10247	0.11715	0.07001	0.00615	0.00426	0.00134	0.00458	0.02345	0.00276	0.00519
51	0.10341	0.01764	0.01089	0.00988	0.01193	0.71944	0.00748	0.01544	0.01080	0.01076	0.00624	0.00741	0.00521	0.00459	0.01536	0.00116	0.03294	0.00262	0.00212	0.00465
52	0.01637	0.00916	0.01074	0.00829	0.01142	0.00939	0.00683	0.42907	0.03153	0.38836	0.01292	0.02742	0.00879	0.00510	0.00409	0.00125	0.00395	0.00401	0.00449	0.00683
53	0.00766	0.00721	0.01217	0.84767	0.02794	0.00901	0.01127	0.01037	0.00811	0.01037	0.00721	0.01082	0.00541	0.00406	0.00406	0.00135	0.00541	0.00361	0.00180	0.00451
54	0.01183	0.12260	0.04003	0.01295	0.01619	0.31727	0.36536	0.02670	0.01017	0.01155	0.00711	0.00892	0.00566	0.00382	0.00423	0.00119	0.02365	0.00356	0.00204	0.00517
55	0.01028	0.00933	0.00944	0.00844	0.01069	0.06904	0.01959	0.02051	0.72267	0.01638	0.04662	0.01509	0.01276	0.00548	0.00413	0.00135	0.00351	0.00455	0.00396	0.00619
56	0.00494	0.00353	0.00471	0.00565	0.00588	0.00330	0.00377	0.00565	0.00777	0.01036	0.02236	0.85477	0.02683	0.01271	0.00518	0.00165	0.00235	0.01153	0.00377	0.00330
57	0.04186	0.00569	0.00637	0.00611	0.00703	0.01954	0.00440	0.12290	0.04828	0.01223	0.01464	0.13331	0.02832	0.36076	0.08303	0.00293	0.00433	0.09144	0.00307	0.00376
58	0.01013	0.04487	0.26037	0.01260	0.01653	0.13387	0.29292	0.02292	0.07314	0.02796	0.00871	0.03588	0.00686	0.00427	0.00446	0.00130	0.03150	0.00397	0.00223	0.00552
59	0.01786	0.00746	0.00976	0.00748	0.01063	0.00678	0.00618	0.11874	0.01254	0.73464	0.01523	0.01331	0.00965	0.00500	0.00408	0.00125	0.00358	0.00403	0.00490	0.00690
60	0.01135	0.74468	0.03078	0.00744	0.01077	0.11819	0.00716	0.01266	0.00865	0.00964	0.00574	0.00664	0.00521	0.00356	0.00275	0.00090	0.00473	0.00224	0.00178	0.00515
61	0.19206	0.01095	0.01008	0.00837	0.01110	0.11456	0.00672	0.35656	0.19873	0.03625	0.01014	0.01010	0.00749	0.00471	0.00371	0.00124	0.00424	0.00345	0.00353	0.00601
62	0.00580	0.00435	0.00652	0.00652	0.00724	0.00507	0.00507	0.00724	0.00652	0.00942	0.01087	0.01594	0.01014	0.03043	0.84134	0.00652	0.01087	0.00435	0.00217	0.00362
63	0.00559	0.00414	0.00522	0.00495	0.00597	0.00376	0.00371	0.00737	0.01113	0.01544	0.70631	0.03168	0.16246	0.00860	0.00479	0.00129	0.00194	0.00753	0.00436	0.00376
64	0.01085	0.85986	0.02126	0.00694	0.01041	0.01605	0.00694	0.01215	0.00824	0.00955	0.00564	0.00651	0.00521	0.00347	0.00260	0.00087	0.00434	0.00217	0.00174	0.00521
65	0.01005	0.00990	0.01468	0.22953	0.50398	0.08104	0.01147	0.04286	0.00943	0.01261	0.00742	0.00996	0.00605	0.00393	0.00427	0.00125	0.03025	0.00353	0.00203	0.00575
66	0.01542	0.01136	0.01218	0.00933	0.01258	0.01258	0.00771	0.81858	0.01908	0.02557	0.00974	0.00974	0.00690	0.00487	0.00406	0.00122	0.00446	0.00365	0.00406	0.00690
67	0.00516	0.00407	0.00470	0.00493	0.00598	0.00360	0.00372	0.00636	0.00930	0.01175	0.14857	0.19065	0.47211	0.01055	0.00496	0.00147	0.00229	0.10246	0.00386	0.00350
68	0.00900	0.00842	0.01480	0.36507	0.13333	0.00907	0.20402	0.04565	0.04839	0.03461	0.07890	0.01265	0.00907	0.00433	0.00429	0.00132	0.00518	0.00427	0.00241	0.00520
69	0.01009	0.00872	0.00917	0.00826	0.01055	0.01009	0.00642	0.02156	0.82478	0.01697	0.01651	0.01514	0.01238	0.00550	0.00413	0.00138	0.00321	0.00459	0.00413	0.00642
70	0.00493	0.00357	0.00467	0.00555	0.00586	0.00330	0.00372	0.00566	0.00786	0.01040	0.02356	0.80255	0.07828	0.01255	0.00515	0.00163	0.00233	0.01134	0.00377	0.00330
71	0.00972	0.00932	0.01589	0.13482	0.72467	0.00956	0.01229	0.01217	0.00909	0.01287	0.00758	0.01014	0.00629	0.00367	0.00402	0.00122	0.00490	0.00361	0.00198	0.00617
72	0.05839	0.00961	0.01029	0.00870	0.02697	0.01075	0.00685	0.40612	0.31315	0.02093	0.05397	0.02262	0.02260	0.00536	0.00406	0.00129	0.00375	0.00427	0.00398	0.00634
73	0.00654	0.00467	0.00654	0.00747	0.00841	0.00467	0.00654	0.00841	0.00934	0.01214	0.02148	0.04576	0.02335	0.01121	0.00560	0.00187	0.00374	0.80480	0.00374	0.00374
74	0.07542	0.00984	0.01042	0.00851	0.01131	0.01099	0.00687	0.43014	0.30070	0.05813	0.01235	0.02735	0.00916	0.00517	0.00399	0.00129	0.00384	0.00404	0.00401	0.00649
75	0.00773	0.00725	0.01208	0.82418	0.02746	0.00904	0.01113	0.01068	0.03096	0.01055	0.00747	0.01094	0.00560	0.00410	0.00406	0.00135	0.00535	0.00363	0.00187	0.00456
76	0.00766	0.00721	0.01217	0.84767	0.02794	0.00901	0.01127	0.01037	0.00811	0.01037	0.00721	0.01082	0.00541	0.00406	0.00406	0.00135	0.00541	0.00361	0.00180	0.00451
77	0.00571	0.00395	0.00528	0.00608	0.00664	0.00373	0.00451	0.00676	0.00836	0.03299	0.02299	0.57604	0.06981	0.01198	0.00524	0.00168	0.00273	0.21821	0.00379	0.00351
78	0.01047	0.00579	0.00712	0.00613	0.00811	0.00546	0.00482	0.01360	0.13869	0.29306	0.27583	0.02400	0.17568	0.00712	0.00444	0.00130	0.00267	0.00603	0.00447	0.00520
79	0.01611	0.00725	0.00929	0.00745	0.01035	0.00685	0.00608	0.01988	0.19171	0.63315	0.01626	0.01490	0.01089	0.00528	0.00413	0.00130	0.00341	0.02420	0.00479	0.00672
80	0.01516	0.01934	0.01150	0.01045	0.01254	0.84113	0.00784	0.01620	0.01150	0.00993	0.00627	0.00732	0.00523	0.00418	0.00366	0.00105	0.00732	0.00261	0.00209	0.00470
81	0.00992	0.00951	0.01624	0.06817	0.78982	0.00961	0.01239	0.01234	0.00918	0.01310	0.00761	0.01008	0.00637	0.00364	0.00402	0.00121	0.00485	0.00361	0.00200	0.00633
82	0.00588	0.00409	0.00503	0.00516	0.00560	0.00408	0.00352	0.00655	0.00718	0.01900	0.05570	0.09935	0.10470	0.44255	0.13217	0.00347	0.00446	0.08554	0.00292	0.00304
83	0.00480	0.00410	0.00412	0.00415	0.00549	0.00342	0.00310	0.00582	0.00921	0.01094	0.04063	0.05943	0.81038	0.01034	0.00480	0.00138	0.00206	0.00864	0.00377	0.00342
84	0.01415	0.01073	0.01146	0.00908	0.01210	0.01199	0.00740	0.62855	0.21118	0.02352	0.01136	0.01103	0.00821	0.00502	0.00408	0.00126	0.00417	0.00388	0.00408	0.00679
85	0.00576	0.00434	0.00642	0.00642	0.00717	0.00499	0.00498	0.00721	0.00672	0.00962	0.03054	0.01695	0.03513	0.02932	0.79734	0.00625	0.01040	0.00454	0.00227	0.00362
86	0.16011	0.00659	0.00803	0.00644	0.00913	0.00615	0.00526	0.01684	0.01035	0.57765	0.01411	0.03379	0.00957	0.00497	0.00369	0.00123	0.00318	0.00392	0.11297	0.00601
87	0.00480	0.00411	0.00411	0.00411	0.00548	0.00343	0.00308	0.00582	0.00925	0.01096	0.04110	0.03905	0.83046	0.01028	0.00480	0.00137	0.00206	0.00856	0.00377	0.00343
88	0.00480	0.00411	0.00411	0.00411	0.00548	0.00343	0.00308	0.00582	0.00925	0.01096	0.04110	0.03905	0.83046	0.01028	0.00480	0.00137	0.00206	0.00856	0.00377	0.00343
89	0.06936	0.00652	0.00845	0.00672	0.00943	0.00586	0.00547	0.01714	0.02985	0.62216	0.12793	0.01662	0.04485	0.00560	0.00411	0.00127	0.00316	0.00459	0.00472	0.00618
90	0.00566	0.00412	0.00532	0.00507	0.00602	0.00378	0.00378	0.00747	0.01122	0.01574	0.75404	0.06107	0.08435	0.00857	0.00480	0.00130	0.00194	0.00756	0.00440	0.00378
91	0.00494	0.00353	0.00471	0.00565	0.00588	0.00330	0.00377	0.00565	0.00777	0.01036	0.02236	0.85477	0.02683	0.01271	0.00518	0.00165	0.00235	0.01153	0.00377	0.00330
92	0.00496	0.00412	0.00434	0.00429	0.00558	0.00350	0.00322	0.00615	0.00965	0.01190	0.18147	0.03749	0.68950	0.00992	0.00479	0.00135	0.00203	0.00834	0.00389	0.00350
93	0.00504	0.00378	0.00470	0.00534	0.00595	0.00344	0.00377	0.00596	0.00843	0.01091	0.06577	0.55254	0.23570	0.01177	0.00509	0.00157	0.00234	0.06072	0.00380	0.00338
94	0.00508	0.00363	0.00486	0.00581	0.00610	0.00341	0.00400	0.00589	0.00790	0.01051	0.02229	0.78534	0.02653	0.01258	0.00521	0.00167	0.00247	0.07962	0.00376	0.00333
95	0.00480	0.00411	0.00411	0.00411	0.00548	0.00343	0.00308	0.00582	0.00925	0.01096	0.04110	0.03905	0.83046	0.01028	0.00480	0.00137	0.00206	0.00856	0.00377	0.00343
96	0.00561	0.00380	0.00485	0.00545	0.00580	0.00359	0.00365	0.00626	0.00764	0.03311	0.03223	0.57113	0.05069	0.19868	0.00856	0.00214	0.00278	0.04727	0.00352	0.00324
97	0.00501	0.00357	0.00476	0.00568	0.00593	0.00335	0.00382	0.00574	0.00777	0.01036	0.02212	0.81155	0.02646	0.03129	0.00553	0.00170	0.00243	0.03588	0.00374	0.00329
98	0.00586	0.00427	0.00552	0.00519	0.00618	0.00399	0.00390	0.00802	0.03294	0.01629	0.80851	0.02991	0.03760	0.00822	0.00477	0.00128	0.00195	0.00726	0.00446	0.00390
99	0.00495	0.00365	0.00465	0.00544	0.00587	0.00334	0.00371	0.00573	0.00804	0.01049	0.02535	0.70689	0.15577	0.01229	0.00513	0.00161	0.00233	0.02765	0.00377	0.00333
100	0.00839	0.00471	0.00618	0.00573	0.00680	0.00464	0.00419	0.00939	0.00798	0.18798	0.06267	0.05610	0.07791	0.27317	0.26215	0.00369	0.00559	0.00556	0.00320	0.00396
101	0.02691	0.01184	0.01177	0.00928	0.01224	0.11827	0.00757	0.60167	0.01678	0.09628	0.00964	0.00972	0.00688	0.00487	0.00434	0.00122	0.03691	0.00353	0.00379	0.00649
102	0.01004	0.00964	0.01647	0.02490	0.83211	0.00964	0.01245	0.01245	0.00924	0.01325	0.00763	0.01004	0.00643	0.00361	0.00402	0.00120	0.00482	0.00361	0.00201	0.00643
103	0.00582	0.00393	0.00442	0.00446	0.00453	0.00389	0.00253	0.00589	0.00611	0.00809	0.01435	0.05861	0.04990	0.78923	0.01939	0.00374	0.00379	0.00623	0.00256	0.00253

[dist]
# distance from previous block
# <min> <max>
0	2

# created by:
# /st0/software/busco_prod/Augustus/scripts/msa2prfl.pl ./align_prep/34416.fa
