[name]
unknown

[dist]
# distance from previous block
# <min> <max>
0	54

[block]
# block no. 0 follows, 65 sequences, length 11
# corresponding to MSA columns:
# 58-61,67-73
name=unknown_A
#
# <colnr> <probs for GDERKNQSTAVLIFYWHMCP>
#	G	D	E	R	K	N	Q	S	T	A	V	L	I	F	Y	W	H	M	C	P
0	0.00661	0.00472	0.00661	0.00756	0.00850	0.00472	0.00661	0.00850	0.00945	0.01228	0.02173	0.04630	0.02362	0.01134	0.00567	0.00189	0.00378	0.80250	0.00378	0.00378
1	0.00862	0.00754	0.00944	0.00726	0.04205	0.00583	0.03675	0.01053	0.00859	0.01337	0.00735	0.00868	0.00610	0.00308	0.00315	0.00066	0.00326	0.00257	0.00240	0.81275
2	0.01633	0.00662	0.00894	0.00697	0.00986	0.00572	0.00570	0.01797	0.01160	0.69062	0.12543	0.01601	0.01386	0.00545	0.00418	0.00125	0.00327	0.00451	0.00490	0.04082
3	0.00635	0.00524	0.00879	0.00789	0.00902	0.00571	0.11429	0.00798	0.00703	0.00997	0.01119	0.04828	0.01063	0.07229	0.64914	0.00556	0.00972	0.00483	0.00226	0.00384
4	0.00988	0.01048	0.01244	0.01075	0.01105	0.12993	0.00883	0.01080	0.00705	0.00990	0.00552	0.00876	0.00537	0.00677	0.01208	0.00169	0.72887	0.00346	0.00184	0.00453
5	0.01560	0.01150	0.01232	0.00944	0.01273	0.01273	0.00780	0.81645	0.01930	0.02587	0.00986	0.00986	0.00698	0.00493	0.00411	0.00123	0.00452	0.00370	0.00411	0.00698
6	0.01004	0.00884	0.00973	0.00868	0.01069	0.01053	0.00683	0.02020	0.71251	0.01619	0.01518	0.01446	0.01157	0.00579	0.00543	0.00145	0.11731	0.00450	0.00386	0.00623
7	0.00597	0.00398	0.00448	0.00448	0.00448	0.00398	0.00249	0.00597	0.00597	0.00796	0.01293	0.02686	0.01492	0.85574	0.02089	0.00398	0.00398	0.00597	0.00249	0.00249
8	0.00822	0.00683	0.00709	0.00670	0.00813	0.11693	0.02045	0.00932	0.00892	0.07823	0.03916	0.44357	0.04120	0.03183	0.00496	0.00141	0.00337	0.00778	0.00340	0.15249
9	0.10169	0.04330	0.13079	0.00822	0.03356	0.04185	0.00726	0.11378	0.08226	0.18154	0.17744	0.01541	0.03462	0.00547	0.00402	0.00126	0.00383	0.00440	0.00364	0.00565
10	0.00954	0.38110	0.30992	0.00901	0.01303	0.03148	0.03150	0.01217	0.00841	0.02992	0.00734	0.00893	0.00606	0.00738	0.11617	0.00183	0.00600	0.00292	0.00190	0.00537

[dist]
# distance from previous block
# <min> <max>
2	10

[block]
# block no. 1 follows, 65 sequences, length 23
# corresponding to MSA columns:
# 84-106
name=unknown_B
#
# <colnr> <probs for GDERKNQSTAVLIFYWHMCP>
#	G	D	E	R	K	N	Q	S	T	A	V	L	I	F	Y	W	H	M	C	P
0	0.00779	0.00730	0.01214	0.80880	0.02745	0.00896	0.01111	0.01048	0.00822	0.01062	0.00730	0.01084	0.00550	0.00406	0.00406	0.00133	0.00536	0.00359	0.00185	0.04324
1	0.00697	0.00572	0.00636	0.00651	0.00760	0.04199	0.00497	0.01021	0.16499	0.01291	0.13844	0.21595	0.11249	0.06341	0.00596	0.00170	0.00308	0.18279	0.00382	0.00414
2	0.00561	0.00419	0.00521	0.00495	0.00601	0.00379	0.00371	0.00735	0.01114	0.01533	0.66210	0.03253	0.20531	0.00881	0.00484	0.00131	0.00197	0.00769	0.00437	0.00379
3	0.88473	0.00794	0.00603	0.00540	0.00794	0.00921	0.00445	0.01207	0.00699	0.01842	0.00572	0.00667	0.00445	0.00381	0.00254	0.00127	0.00318	0.00222	0.00254	0.00445
4	0.01533	0.01956	0.01163	0.01058	0.01269	0.83926	0.00793	0.01639	0.01163	0.01005	0.00635	0.00740	0.00529	0.00423	0.00370	0.00106	0.00740	0.00264	0.00212	0.00476
5	0.00579	0.00413	0.00487	0.00504	0.00550	0.00401	0.00334	0.00672	0.03098	0.01034	0.11356	0.18370	0.12324	0.41821	0.01269	0.00271	0.00317	0.05562	0.00326	0.00312
6	0.01284	0.00678	0.00849	0.00686	0.00923	0.00646	0.00552	0.16603	0.01306	0.34957	0.32504	0.01945	0.02039	0.00627	0.00437	0.00126	0.00308	0.00527	0.00462	0.02541
7	0.00509	0.00380	0.00474	0.00527	0.00589	0.00345	0.00366	0.00607	0.00879	0.01155	0.15241	0.53786	0.21326	0.01160	0.00509	0.00154	0.00224	0.01032	0.00392	0.00345
8	0.00530	0.00378	0.00497	0.00582	0.00614	0.00359	0.00396	0.02183	0.00809	0.01078	0.02207	0.78405	0.02629	0.03575	0.00566	0.00173	0.00252	0.04049	0.00378	0.00340
9	0.00851	0.00730	0.00851	0.00608	0.00973	0.00547	0.00486	0.01034	0.00851	0.01338	0.00730	0.00851	0.00608	0.00304	0.00304	0.00061	0.00304	0.00243	0.00243	0.88083
10	0.00514	0.00386	0.00457	0.00507	0.00567	0.00351	0.00347	0.00589	0.00812	0.01036	0.02741	0.44009	0.28912	0.13690	0.00744	0.00192	0.00256	0.03202	0.00361	0.00326
11	0.01098	0.01153	0.01312	0.16060	0.24703	0.23098	0.00991	0.01272	0.00911	0.03069	0.00712	0.00953	0.00595	0.00474	0.00604	0.00132	0.19340	0.00339	0.02663	0.00519
12	0.01076	0.00909	0.00959	0.00847	0.01088	0.01047	0.00663	0.10293	0.74070	0.01806	0.01601	0.01476	0.01196	0.00550	0.00417	0.00138	0.00338	0.00454	0.00417	0.00655
13	0.01065	0.01091	0.01574	0.13599	0.49631	0.12480	0.08050	0.03537	0.02636	0.01294	0.00776	0.01006	0.00630	0.00386	0.00409	0.00124	0.00544	0.00364	0.00212	0.00592
14	0.00594	0.00409	0.00502	0.00501	0.00521	0.00425	0.00316	0.00635	0.00627	0.00857	0.03440	0.02437	0.01444	0.63359	0.21827	0.00454	0.00562	0.00563	0.00247	0.00281
15	0.00799	0.00754	0.01275	0.76382	0.10845	0.00918	0.01152	0.01070	0.00832	0.01078	0.00734	0.01087	0.00557	0.00406	0.00410	0.00135	0.00541	0.00365	0.00184	0.00475
16	0.88473	0.00794	0.00603	0.00540	0.00794	0.00921	0.00445	0.01207	0.00699	0.01842	0.00572	0.00667	0.00445	0.00381	0.00254	0.00127	0.00318	0.00222	0.00254	0.00445
17	0.00851	0.00730	0.00851	0.00608	0.00973	0.00547	0.00486	0.01034	0.00851	0.01338	0.00730	0.00851	0.00608	0.00304	0.00304	0.00061	0.00304	0.00243	0.00243	0.88083
18	0.01611	0.00781	0.00969	0.00760	0.01053	0.00750	0.00621	0.21495	0.03070	0.52729	0.04244	0.04216	0.04640	0.00565	0.00421	0.00128	0.00359	0.00458	0.00471	0.00660
19	0.00584	0.00432	0.00627	0.00630	0.00693	0.00492	0.00476	0.00710	0.00657	0.00937	0.01167	0.04890	0.01147	0.13176	0.70726	0.00609	0.00981	0.00486	0.00230	0.00351
20	0.00927	0.00884	0.05236	0.00834	0.01208	0.00705	0.12556	0.04959	0.06036	0.02761	0.00831	0.00948	0.00657	0.00343	0.00349	0.00085	0.00386	0.00304	0.00258	0.59734
21	0.01288	0.00783	0.03076	0.00709	0.01005	0.00711	0.00587	0.11088	0.13007	0.29661	0.01282	0.01243	0.00909	0.00458	0.00371	0.00109	0.00333	0.00368	0.11805	0.21206
22	0.01289	0.16878	0.04315	0.01030	0.01299	0.40295	0.09777	0.06333	0.03392	0.03117	0.00812	0.02785	0.00697	0.00464	0.00406	0.00116	0.02917	0.03326	0.00237	0.00515

[dist]
# distance from previous block
# <min> <max>
0	6

[block]
# block no. 2 follows, 65 sequences, length 47
# corresponding to MSA columns:
# 113-159
name=unknown_C
#
# <colnr> <probs for GDERKNQSTAVLIFYWHMCP>
#	G	D	E	R	K	N	Q	S	T	A	V	L	I	F	Y	W	H	M	C	P
0	0.01070	0.68776	0.12219	0.00782	0.01166	0.01470	0.02675	0.01251	0.00850	0.02918	0.00627	0.00718	0.00542	0.00358	0.00289	0.00094	0.00459	0.00241	0.00186	0.03308
1	0.00586	0.00440	0.00660	0.00660	0.00733	0.00513	0.00513	0.00733	0.00660	0.00953	0.01100	0.01613	0.01026	0.03079	0.83947	0.00660	0.01100	0.00440	0.00220	0.00367
2	0.01097	0.85821	0.02151	0.00702	0.01054	0.01624	0.00702	0.01229	0.00834	0.00966	0.00571	0.00658	0.00527	0.00351	0.00263	0.00088	0.00439	0.00219	0.00176	0.00527
3	0.00490	0.00416	0.00422	0.00420	0.00557	0.00348	0.00315	0.00598	0.00946	0.01134	0.07795	0.03910	0.79194	0.01030	0.00485	0.00138	0.00207	0.00861	0.00384	0.00348
4	0.00505	0.00413	0.00446	0.00447	0.00569	0.00354	0.00332	0.00625	0.00970	0.01211	0.19656	0.09405	0.61606	0.01017	0.00488	0.00139	0.00207	0.00862	0.00395	0.00354
5	0.01034	0.66405	0.21010	0.00811	0.01221	0.01469	0.00891	0.01246	0.00842	0.01043	0.00609	0.00707	0.00525	0.00360	0.00293	0.00098	0.00478	0.00239	0.00175	0.00545
6	0.00823	0.02123	0.83447	0.01170	0.01777	0.00953	0.01517	0.01300	0.00867	0.01300	0.00737	0.00867	0.00520	0.00390	0.00390	0.00130	0.00607	0.00303	0.00173	0.00607
7	0.00792	0.00536	0.00579	0.00537	0.00677	0.00557	0.00411	0.05626	0.17148	0.01613	0.20029	0.02075	0.09410	0.00629	0.00383	0.00117	0.00234	0.00525	0.37670	0.00451
8	0.00503	0.00362	0.00478	0.00564	0.00595	0.00336	0.00379	0.00581	0.00808	0.01077	0.06045	0.78988	0.05245	0.01258	0.00521	0.00164	0.00235	0.01138	0.00384	0.00336
9	0.01097	0.85821	0.02151	0.00702	0.01054	0.01624	0.00702	0.01229	0.00834	0.00966	0.00571	0.00658	0.00527	0.00351	0.00263	0.00088	0.00439	0.00219	0.00176	0.00527
10	0.00500	0.00357	0.00476	0.00572	0.00595	0.00333	0.00381	0.00572	0.00786	0.01048	0.02262	0.85306	0.02715	0.01286	0.00524	0.00167	0.00238	0.01167	0.00381	0.00333
11	0.00597	0.00398	0.00448	0.00448	0.00448	0.00398	0.00249	0.00597	0.00597	0.00796	0.01293	0.02686	0.01492	0.85574	0.02089	0.00398	0.00398	0.00597	0.00249	0.00249
12	0.00775	0.00730	0.01231	0.84587	0.02827	0.00912	0.01140	0.01049	0.00821	0.01049	0.00730	0.01094	0.00547	0.00410	0.00410	0.00137	0.00547	0.00365	0.00182	0.00456
13	0.01742	0.00687	0.00930	0.00715	0.01025	0.00591	0.00588	0.01903	0.01161	0.76064	0.05336	0.01451	0.01131	0.00515	0.00412	0.00124	0.00340	0.00421	0.00494	0.04370
14	0.01533	0.01956	0.01163	0.01058	0.01269	0.83926	0.00793	0.01639	0.01163	0.01005	0.00635	0.00740	0.00529	0.00423	0.00370	0.00106	0.00740	0.00264	0.00212	0.00476
15	0.01543	0.01141	0.01222	0.00941	0.01266	0.01265	0.00776	0.79133	0.04469	0.02560	0.01007	0.01003	0.00716	0.00495	0.00411	0.00124	0.00448	0.00373	0.00411	0.00697
16	0.00593	0.00396	0.00449	0.00453	0.00454	0.00395	0.00254	0.00596	0.00605	0.00806	0.01332	0.06011	0.01542	0.82182	0.02026	0.00389	0.00392	0.00620	0.00254	0.00252
17	0.00597	0.00398	0.00448	0.00448	0.00448	0.00398	0.00249	0.00597	0.00597	0.00796	0.01293	0.02686	0.01492	0.85574	0.02089	0.00398	0.00398	0.00597	0.00249	0.00249
18	0.00962	0.00920	0.01568	0.21013	0.64944	0.00961	0.01233	0.01212	0.00909	0.01275	0.00763	0.01034	0.00627	0.00376	0.00407	0.00125	0.00501	0.00366	0.00199	0.00606
19	0.01533	0.01956	0.01163	0.01058	0.01269	0.83926	0.00793	0.01639	0.01163	0.01005	0.00635	0.00740	0.00529	0.00423	0.00370	0.00106	0.00740	0.00264	0.00212	0.00476
20	0.00597	0.00398	0.00448	0.00448	0.00448	0.00398	0.00249	0.00597	0.00597	0.00796	0.01293	0.02686	0.01492	0.85574	0.02089	0.00398	0.00398	0.00597	0.00249	0.00249
21	0.00844	0.08500	0.77254	0.01134	0.01722	0.01004	0.01455	0.01295	0.00864	0.01275	0.00724	0.00851	0.00521	0.00387	0.00380	0.00127	0.00594	0.00297	0.00174	0.00601
22	0.00488	0.00416	0.00419	0.00418	0.00556	0.00348	0.00314	0.00594	0.00941	0.01122	0.06133	0.03928	0.80863	0.01035	0.00485	0.00138	0.00208	0.00863	0.00383	0.00348
23	0.00977	0.00940	0.01556	0.10954	0.69281	0.02527	0.01198	0.01213	0.00920	0.01291	0.00834	0.04917	0.00733	0.00414	0.00412	0.00125	0.00487	0.00401	0.00209	0.00612
24	0.51805	0.00969	0.00859	0.00712	0.00991	0.04159	0.00584	0.30467	0.02877	0.02079	0.00747	0.00804	0.00557	0.00427	0.00319	0.00125	0.00382	0.00282	0.00313	0.00542
25	0.02521	0.02757	0.01060	0.00805	0.01150	0.11930	0.01985	0.03317	0.01034	0.06699	0.00921	0.01072	0.00758	0.00438	0.00388	0.00103	0.00430	0.00313	0.00307	0.62011
26	0.01797	0.00770	0.00997	0.00764	0.01083	0.00709	0.00631	0.14593	0.01294	0.70537	0.01519	0.01332	0.00966	0.00506	0.00412	0.00126	0.00365	0.00406	0.00493	0.00699
27	0.01097	0.85821	0.02151	0.00702	0.01054	0.01624	0.00702	0.01229	0.00834	0.00966	0.00571	0.00658	0.00527	0.00351	0.00263	0.00088	0.00439	0.00219	0.00176	0.00527
28	0.00775	0.00730	0.01231	0.84587	0.02827	0.00912	0.01140	0.01049	0.00821	0.01049	0.00730	0.01094	0.00547	0.00410	0.00410	0.00137	0.00547	0.00365	0.00182	0.00456
29	0.00740	0.00528	0.00635	0.00616	0.00740	0.00532	0.00457	0.01116	0.20067	0.06984	0.29514	0.26991	0.07654	0.00895	0.00476	0.00143	0.00249	0.00788	0.00422	0.00451
30	0.00500	0.00357	0.00476	0.00572	0.00595	0.00333	0.00381	0.00572	0.00786	0.01048	0.02262	0.85306	0.02715	0.01286	0.00524	0.00167	0.00238	0.01167	0.00381	0.00333
31	0.00488	0.00416	0.00420	0.00419	0.00556	0.00348	0.00314	0.00594	0.00942	0.01124	0.06366	0.03926	0.80629	0.01034	0.00485	0.00138	0.00208	0.00863	0.00383	0.00348
32	0.00586	0.00440	0.00660	0.00660	0.00733	0.00513	0.00513	0.00733	0.00660	0.00953	0.01100	0.01613	0.01026	0.03079	0.83947	0.00660	0.01100	0.00440	0.00220	0.00367
33	0.88473	0.00794	0.00603	0.00540	0.00794	0.00921	0.00445	0.01207	0.00699	0.01842	0.00572	0.00667	0.00445	0.00381	0.00254	0.00127	0.00318	0.00222	0.00254	0.00445
34	0.00485	0.00416	0.00416	0.00416	0.00554	0.00347	0.00312	0.00589	0.00936	0.01109	0.04158	0.03950	0.82847	0.01040	0.00485	0.00139	0.00208	0.00866	0.00381	0.00347
35	0.00500	0.00357	0.00476	0.00572	0.00595	0.00333	0.00381	0.00572	0.00786	0.01048	0.02262	0.85306	0.02715	0.01286	0.00524	0.00167	0.00238	0.01167	0.00381	0.00333
36	0.00596	0.00403	0.00474	0.00474	0.00483	0.00412	0.00282	0.00614	0.00605	0.00815	0.01269	0.02553	0.01434	0.75334	0.12250	0.00430	0.00485	0.00577	0.00245	0.00263
37	0.00546	0.00429	0.00495	0.00479	0.00598	0.00385	0.00359	0.00721	0.03323	0.01380	0.41388	0.05391	0.41153	0.00937	0.00484	0.00135	0.00205	0.00803	0.00416	0.00374
38	0.01548	0.01510	0.01201	0.00995	0.01271	0.38142	0.00786	0.45956	0.01588	0.01881	0.00829	0.00876	0.00623	0.00462	0.00393	0.00115	0.00580	0.00323	0.00322	0.00599
39	0.01090	0.42673	0.21470	0.02417	0.01392	0.06359	0.08149	0.09775	0.00990	0.01252	0.00684	0.00796	0.00552	0.00380	0.00338	0.00108	0.00523	0.00284	0.00205	0.00562
40	0.00761	0.00383	0.00386	0.00385	0.00481	0.00383	0.00289	0.00953	0.00867	0.01533	0.03094	0.01563	0.01113	0.00486	0.00291	0.00096	0.00191	0.00390	0.85969	0.00383
41	0.00500	0.00357	0.00476	0.00572	0.00595	0.00333	0.00381	0.00572	0.00786	0.01048	0.02262	0.85306	0.02715	0.01286	0.00524	0.00167	0.00238	0.01167	0.00381	0.00333
42	0.07262	0.03843	0.01201	0.00924	0.01225	0.16404	0.05075	0.34829	0.03993	0.19655	0.01031	0.01022	0.00727	0.00465	0.00393	0.00121	0.00483	0.00354	0.00366	0.00626
43	0.01134	0.01065	0.01561	0.01709	0.33785	0.11218	0.15685	0.03715	0.00976	0.09348	0.00880	0.04141	0.00729	0.00468	0.00546	0.00133	0.11674	0.00408	0.00245	0.00579
44	0.00500	0.00365	0.00471	0.00552	0.00591	0.00336	0.00373	0.00578	0.00812	0.01068	0.04260	0.74030	0.12060	0.01248	0.00519	0.00163	0.00234	0.01123	0.00383	0.00336
45	0.01221	0.01290	0.01331	0.15527	0.28604	0.30900	0.00994	0.07195	0.04766	0.03159	0.00791	0.00960	0.00628	0.00415	0.00395	0.00120	0.00576	0.00335	0.00234	0.00559
46	0.02646	0.00862	0.01111	0.02193	0.17899	0.02056	0.02423	0.17632	0.02931	0.10196	0.02772	0.04083	0.04054	0.00461	0.00384	0.00107	0.00387	0.00390	0.00313	0.27100

[dist]
# distance from previous block
# <min> <max>
0	3

[block]
# block no. 3 follows, 65 sequences, length 17
# corresponding to MSA columns:
# 163-179
name=unknown_D
#
# <colnr> <probs for GDERKNQSTAVLIFYWHMCP>
#	G	D	E	R	K	N	Q	S	T	A	V	L	I	F	Y	W	H	M	C	P
0	0.07576	0.03373	0.01132	0.10691	0.01345	0.15951	0.03464	0.20655	0.19287	0.01618	0.02203	0.01138	0.00816	0.03678	0.00508	0.00139	0.05189	0.00374	0.00307	0.00556
1	0.00872	0.00717	0.00803	0.00756	0.00938	0.00794	0.00600	0.03220	0.49074	0.01605	0.14559	0.02454	0.05108	0.00730	0.00459	0.00147	0.00312	0.15892	0.00414	0.00545
2	0.08407	0.04464	0.01117	0.00871	0.01161	0.15219	0.00702	0.37135	0.15349	0.01927	0.00970	0.00986	0.00729	0.00460	0.00376	0.00116	0.00454	0.00338	0.00340	0.08880
3	0.00798	0.00754	0.08571	0.06191	0.03881	0.00712	0.04085	0.04313	0.00819	0.05838	0.02858	0.09696	0.01101	0.04966	0.30580	0.00339	0.10054	0.01391	0.00257	0.02796
4	0.04739	0.01405	0.01180	0.09123	0.13186	0.43331	0.00852	0.04565	0.03022	0.03135	0.05877	0.01010	0.00791	0.00464	0.00444	0.00120	0.05669	0.00335	0.00242	0.00509
5	0.00851	0.10603	0.75211	0.01123	0.01703	0.01021	0.01434	0.01293	0.00863	0.01266	0.00720	0.00846	0.00521	0.00386	0.00377	0.00126	0.00590	0.00295	0.00174	0.00599
6	0.04963	0.00702	0.00940	0.00723	0.01039	0.00615	0.00598	0.01972	0.01158	0.80363	0.01582	0.01371	0.00996	0.00503	0.00407	0.00127	0.00348	0.00406	0.00499	0.00689
7	0.02871	0.00727	0.00762	0.02711	0.00886	0.11063	0.03336	0.01108	0.14471	0.01394	0.29470	0.16391	0.08682	0.00798	0.00473	0.00137	0.01543	0.02367	0.00373	0.00439
8	0.00932	0.00890	0.01515	0.31043	0.55144	0.00953	0.01218	0.01186	0.00895	0.01239	0.00757	0.01043	0.00614	0.00381	0.00408	0.00127	0.00508	0.00365	0.00196	0.00583
9	0.00722	0.00562	0.00825	0.00772	0.05038	0.00518	0.10403	0.00923	0.04375	0.07718	0.18059	0.16589	0.30141	0.00861	0.00479	0.00140	0.00300	0.00768	0.00376	0.00433
10	0.00554	0.00387	0.00503	0.00578	0.00624	0.00362	0.00398	0.02088	0.00830	0.02938	0.02341	0.74087	0.07661	0.01234	0.00518	0.00164	0.00247	0.03750	0.00384	0.00351
11	0.01204	0.01268	0.01095	0.00961	0.01191	0.31676	0.05780	0.08096	0.31789	0.01439	0.01309	0.01484	0.04043	0.00549	0.00417	0.00129	0.00511	0.06182	0.00323	0.00552
12	0.06896	0.01700	0.01075	0.00976	0.01187	0.66267	0.00737	0.01626	0.09391	0.01160	0.04676	0.00928	0.00758	0.00454	0.00373	0.00112	0.00645	0.00305	0.00247	0.00487
13	0.00565	0.00392	0.00506	0.00542	0.00604	0.00361	0.00378	0.00677	0.00918	0.03514	0.27311	0.47735	0.09354	0.04455	0.00568	0.00161	0.00231	0.00968	0.00401	0.00358
14	0.04302	0.00847	0.01033	0.00794	0.01113	0.00829	0.00656	0.27717	0.01405	0.54814	0.01384	0.01243	0.00896	0.00499	0.00407	0.00126	0.00381	0.00393	0.00469	0.00691
15	0.00540	0.00394	0.00511	0.00574	0.00621	0.00376	0.00395	0.00685	0.04760	0.01187	0.16594	0.66625	0.02851	0.01171	0.00512	0.00159	0.00234	0.01058	0.00395	0.00358
16	0.02877	0.55380	0.25308	0.00853	0.01267	0.06054	0.00935	0.01272	0.00859	0.01082	0.00622	0.00723	0.00523	0.00367	0.00305	0.00102	0.00501	0.00246	0.00179	0.00545

[dist]
# distance from previous block
# <min> <max>
0	2

[block]
# block no. 4 follows, 65 sequences, length 19
# corresponding to MSA columns:
# 182-200
name=unknown_E
#
# <colnr> <probs for GDERKNQSTAVLIFYWHMCP>
#	G	D	E	R	K	N	Q	S	T	A	V	L	I	F	Y	W	H	M	C	P
0	0.01359	0.23557	0.03251	0.00941	0.01209	0.33705	0.00791	0.21025	0.01215	0.01386	0.00698	0.00794	0.00570	0.00445	0.00432	0.00112	0.07431	0.00287	0.00247	0.00544
1	0.00591	0.00400	0.00451	0.00450	0.00461	0.00395	0.00259	0.00606	0.00643	0.00855	0.05597	0.02768	0.05639	0.77064	0.01928	0.00371	0.00378	0.00618	0.00266	0.00261
2	0.01451	0.00912	0.01148	0.01086	0.13454	0.00950	0.00767	0.30953	0.07385	0.27850	0.03105	0.01256	0.00924	0.02974	0.00498	0.00136	0.03691	0.00405	0.00398	0.00657
3	0.00514	0.00393	0.00472	0.00502	0.00585	0.00351	0.00358	0.00627	0.00931	0.01214	0.22405	0.36010	0.31979	0.01089	0.00500	0.00147	0.00216	0.00956	0.00398	0.00351
4	0.00851	0.00730	0.00851	0.00608	0.00973	0.00547	0.00486	0.01034	0.00851	0.01338	0.00730	0.00851	0.00608	0.00304	0.00304	0.00061	0.00304	0.00243	0.00243	0.88083
5	0.88473	0.00794	0.00603	0.00540	0.00794	0.00921	0.00445	0.01207	0.00699	0.01842	0.00572	0.00667	0.00445	0.00381	0.00254	0.00127	0.00318	0.00222	0.00254	0.00445
6	0.01127	0.45006	0.05489	0.00798	0.01123	0.01366	0.00736	0.12850	0.24899	0.01431	0.00960	0.00971	0.00764	0.00433	0.00335	0.00110	0.00415	0.00316	0.00280	0.00591
7	0.02358	0.00615	0.00711	0.00571	0.00830	0.00510	0.00452	0.03846	0.00974	0.12085	0.06669	0.03347	0.26785	0.00629	0.00396	0.00105	0.00279	0.01829	0.00344	0.36664
8	0.74590	0.00880	0.00689	0.02315	0.00894	0.06456	0.00500	0.04285	0.00795	0.04644	0.00631	0.00718	0.00482	0.00393	0.00276	0.00126	0.00357	0.00240	0.00264	0.00465
9	0.00597	0.00398	0.00448	0.00448	0.00448	0.00398	0.00249	0.00597	0.00597	0.00796	0.01293	0.02686	0.01492	0.85574	0.02089	0.00398	0.00398	0.00597	0.00249	0.00249
10	0.05331	0.00752	0.00916	0.00660	0.01022	0.00591	0.04494	0.01056	0.00849	0.01362	0.00727	0.00854	0.00600	0.00310	0.00310	0.00068	0.00324	0.00254	0.00242	0.79277
11	0.00512	0.00366	0.00490	0.00585	0.00615	0.00344	0.00402	0.00593	0.00798	0.01061	0.02256	0.79249	0.02688	0.01275	0.00527	0.00168	0.00249	0.07104	0.00381	0.00337
12	0.01534	0.01927	0.01166	0.01053	0.01269	0.80912	0.00793	0.04556	0.01191	0.01062	0.00647	0.00749	0.00535	0.00426	0.00372	0.00106	0.00730	0.00268	0.00219	0.00484
13	0.01498	0.01268	0.03260	0.00938	0.01234	0.19329	0.00766	0.43102	0.11821	0.11045	0.01059	0.01043	0.00762	0.00485	0.00402	0.00122	0.00492	0.00362	0.00372	0.00641
14	0.00548	0.00402	0.00520	0.00549	0.00624	0.00374	0.00404	0.00685	0.00967	0.01310	0.34957	0.32674	0.12938	0.01110	0.02760	0.00163	0.00252	0.07996	0.00405	0.00362
15	0.00587	0.00437	0.00645	0.00645	0.00713	0.00505	0.00494	0.00723	0.00655	0.00942	0.01113	0.01689	0.01059	0.08935	0.78136	0.00641	0.01050	0.00451	0.00222	0.00358
16	0.01131	0.01037	0.01385	0.01092	0.01369	0.09627	0.23915	0.24083	0.11223	0.03004	0.02896	0.13519	0.02631	0.00585	0.00448	0.00135	0.00493	0.00538	0.00330	0.00561
17	0.05577	0.00609	0.00704	0.00574	0.00815	0.00525	0.00454	0.04354	0.01011	0.10099	0.20047	0.02104	0.18225	0.00623	0.00400	0.00108	0.00272	0.01926	0.00356	0.31217
18	0.00887	0.00728	0.00855	0.00612	0.00976	0.00549	0.00491	0.01069	0.00863	0.04307	0.00762	0.00871	0.00623	0.00311	0.00308	0.00063	0.00306	0.00249	0.00253	0.84917

[dist]
# distance from previous block
# <min> <max>
0	1

[block]
# block no. 5 follows, 65 sequences, length 31
# corresponding to MSA columns:
# 203-233
name=unknown_F
#
# <colnr> <probs for GDERKNQSTAVLIFYWHMCP>
#	G	D	E	R	K	N	Q	S	T	A	V	L	I	F	Y	W	H	M	C	P
0	0.04462	0.05795	0.08342	0.19160	0.06533	0.05214	0.20867	0.08144	0.02234	0.13920	0.00910	0.01059	0.00659	0.00410	0.00411	0.00128	0.00538	0.00380	0.00266	0.00569
1	0.04476	0.46293	0.01659	0.00827	0.01126	0.25360	0.00723	0.08186	0.05787	0.01190	0.00689	0.00761	0.00581	0.00397	0.00315	0.00100	0.00516	0.00260	0.00223	0.00531
2	0.02805	0.00822	0.01298	0.33592	0.25299	0.00959	0.01042	0.01104	0.00834	0.02582	0.04480	0.01109	0.00736	0.00478	0.00598	0.00138	0.17866	0.00375	0.00210	0.03673
3	0.03866	0.01404	0.01112	0.00950	0.01195	0.43557	0.03999	0.10785	0.05230	0.16441	0.04215	0.03575	0.00873	0.00491	0.00396	0.00118	0.00564	0.00367	0.00315	0.00545
4	0.02260	0.20207	0.45787	0.01098	0.01587	0.03194	0.10985	0.05126	0.00938	0.04100	0.00749	0.00868	0.00559	0.00386	0.00373	0.00121	0.00563	0.00312	0.00203	0.00585
5	0.01183	0.00629	0.02478	0.00731	0.00936	0.00580	0.00618	0.05038	0.01081	0.35317	0.11548	0.02536	0.01730	0.00951	0.07542	0.00191	0.01891	0.24065	0.00421	0.00532
6	0.00950	0.45324	0.33796	0.00902	0.01335	0.01263	0.03099	0.01221	0.00856	0.01125	0.02631	0.04395	0.00697	0.00417	0.00335	0.00110	0.00497	0.00311	0.00191	0.00547
7	0.00544	0.00397	0.00509	0.00586	0.00624	0.00386	0.00398	0.00685	0.06044	0.01081	0.02163	0.72691	0.02537	0.06319	0.00613	0.00179	0.00257	0.03261	0.00375	0.00350
8	0.00503	0.00360	0.00481	0.00574	0.00599	0.00338	0.00385	0.00576	0.00782	0.01045	0.02230	0.82954	0.02667	0.01336	0.02868	0.00181	0.00262	0.01147	0.00377	0.00334
9	0.00884	0.00844	0.01435	0.47018	0.33954	0.00945	0.04136	0.01176	0.03375	0.01193	0.00779	0.01078	0.00612	0.00395	0.00412	0.00131	0.00523	0.00373	0.00199	0.00541
10	0.28483	0.01016	0.01160	0.00915	0.01218	0.04429	0.12342	0.29567	0.09912	0.05749	0.00922	0.00971	0.00675	0.00441	0.00372	0.00128	0.00438	0.00348	0.00330	0.00584
11	0.00586	0.00440	0.00660	0.00660	0.00733	0.00513	0.00513	0.00733	0.00660	0.00953	0.01100	0.01613	0.01026	0.03079	0.83947	0.00660	0.01100	0.00440	0.00220	0.00367
12	0.00498	0.00379	0.00458	0.00517	0.00582	0.00340	0.00358	0.00584	0.00849	0.01088	0.05525	0.55207	0.29760	0.01188	0.00510	0.00156	0.00227	0.01052	0.00383	0.00340
13	0.01052	0.01042	0.01983	0.01458	0.01825	0.01023	0.56734	0.07870	0.14244	0.04805	0.01044	0.01263	0.00789	0.00418	0.00467	0.00138	0.00592	0.02397	0.00274	0.00582
14	0.00969	0.01107	0.02422	0.01730	0.02145	0.01038	0.81522	0.01315	0.00969	0.01315	0.00830	0.01107	0.00623	0.00346	0.00484	0.00138	0.00692	0.00484	0.00208	0.00554
15	0.00592	0.00396	0.00449	0.00455	0.00456	0.00394	0.00256	0.00596	0.00607	0.00810	0.01347	0.07239	0.01560	0.80930	0.02003	0.00385	0.00389	0.00628	0.00256	0.00253
16	0.00775	0.00730	0.01231	0.84587	0.02827	0.00912	0.01140	0.01049	0.00821	0.01049	0.00730	0.01094	0.00547	0.00410	0.00410	0.00137	0.00547	0.00365	0.00182	0.00456
17	0.00969	0.01107	0.02422	0.01730	0.02145	0.01038	0.81522	0.01315	0.00969	0.01315	0.00830	0.01107	0.00623	0.00346	0.00484	0.00138	0.00692	0.00484	0.00208	0.00554
18	0.00823	0.02123	0.83447	0.01170	0.01777	0.00953	0.01517	0.01300	0.00867	0.01300	0.00737	0.00867	0.00520	0.00390	0.00390	0.00130	0.00607	0.00303	0.00173	0.00607
19	0.00500	0.00357	0.00476	0.00572	0.00595	0.00333	0.00381	0.00572	0.00786	0.01048	0.02262	0.85306	0.02715	0.01286	0.00524	0.00167	0.00238	0.01167	0.00381	0.00333
20	0.08968	0.00808	0.00986	0.00763	0.01077	0.00780	0.00630	0.19859	0.01305	0.58373	0.01390	0.01244	0.00897	0.00494	0.00399	0.00126	0.00370	0.00387	0.00465	0.00677
21	0.01009	0.15823	0.08928	0.00851	0.03045	0.02749	0.00756	0.08714	0.14207	0.07927	0.03755	0.04500	0.01396	0.00685	0.00434	0.00141	0.00408	0.23801	0.00337	0.00533
22	0.00775	0.00730	0.01231	0.84587	0.02827	0.00912	0.01140	0.01049	0.00821	0.01049	0.00730	0.01094	0.00547	0.00410	0.00410	0.00137	0.00547	0.00365	0.00182	0.00456
23	0.00500	0.00357	0.00476	0.00572	0.00595	0.00333	0.00381	0.00572	0.00786	0.01048	0.02262	0.85306	0.02715	0.01286	0.00524	0.00167	0.00238	0.01167	0.00381	0.00333
24	0.00497	0.00382	0.00455	0.00509	0.00580	0.00341	0.00354	0.00586	0.00858	0.01094	0.05975	0.50425	0.34126	0.01173	0.00507	0.00154	0.00225	0.01034	0.00384	0.00341
25	0.01060	0.08787	0.33959	0.01360	0.17743	0.05977	0.07404	0.02474	0.04679	0.09913	0.00895	0.02400	0.00680	0.00417	0.00395	0.00125	0.00535	0.00355	0.00237	0.00605
26	0.00777	0.00731	0.01227	0.78915	0.06062	0.00899	0.01122	0.01045	0.00829	0.01062	0.00825	0.01169	0.02798	0.00426	0.00412	0.00136	0.00535	0.00379	0.00189	0.00461
27	0.00520	0.00398	0.00466	0.00487	0.00579	0.00353	0.00351	0.00638	0.00943	0.01232	0.22715	0.28552	0.37003	0.01052	0.00492	0.00144	0.00213	0.00916	0.02592	0.00353
28	0.00586	0.00440	0.00660	0.00660	0.00733	0.00513	0.00513	0.00733	0.00660	0.00953	0.01100	0.01613	0.01026	0.03079	0.83947	0.00660	0.01100	0.00440	0.00220	0.00367
29	0.04861	0.03993	0.02688	0.07716	0.17905	0.00869	0.08967	0.08341	0.04244	0.23677	0.06893	0.01306	0.00998	0.00472	0.00425	0.00127	0.01775	0.01381	0.00332	0.03029
30	0.08743	0.48215	0.14924	0.00818	0.01189	0.05866	0.02986	0.03328	0.00900	0.07421	0.00706	0.00787	0.00570	0.00418	0.01507	0.00112	0.00482	0.00264	0.00217	0.00545

[dist]
# distance from previous block
# <min> <max>
0	8

[block]
# block no. 6 follows, 65 sequences, length 20
# corresponding to MSA columns:
# 242-261
name=unknown_G
#
# <colnr> <probs for GDERKNQSTAVLIFYWHMCP>
#	G	D	E	R	K	N	Q	S	T	A	V	L	I	F	Y	W	H	M	C	P
0	0.04609	0.13144	0.23928	0.00936	0.01314	0.13991	0.02641	0.13542	0.03214	0.12605	0.00908	0.02144	0.00678	0.00437	0.00371	0.00117	0.00509	0.00328	0.01818	0.02767
1	0.02482	0.00729	0.01106	0.07741	0.12350	0.00741	0.09677	0.04121	0.06594	0.10553	0.24309	0.02941	0.03874	0.00625	0.01521	0.00138	0.04591	0.01610	0.00340	0.03956
2	0.00889	0.00728	0.00855	0.00613	0.00976	0.00549	0.00491	0.01071	0.00864	0.04501	0.00764	0.00872	0.00624	0.00312	0.00308	0.00063	0.00306	0.00250	0.00253	0.84710
3	0.01535	0.05194	0.01264	0.00950	0.01262	0.13799	0.00779	0.65810	0.01763	0.02272	0.00913	0.00933	0.00665	0.00476	0.00398	0.00119	0.00495	0.00347	0.00370	0.00657
4	0.01016	0.00975	0.01666	0.02520	0.83013	0.00975	0.01260	0.01260	0.00935	0.01341	0.00772	0.01016	0.00650	0.00366	0.00406	0.00122	0.00488	0.00366	0.00203	0.00650
5	0.00622	0.00461	0.00602	0.00585	0.00611	0.00523	0.00406	0.00684	0.00622	0.00871	0.01151	0.02128	0.01233	0.47791	0.31340	0.00471	0.08840	0.00518	0.00232	0.00310
6	0.00713	0.00357	0.00535	0.00535	0.00535	0.00357	0.00357	0.00535	0.00535	0.00713	0.00713	0.01248	0.00713	0.01426	0.01604	0.88057	0.00357	0.00357	0.00178	0.00178
7	0.00504	0.00359	0.00475	0.00566	0.00589	0.00336	0.00375	0.00573	0.00778	0.01037	0.02220	0.81667	0.02661	0.04999	0.00593	0.00177	0.00245	0.01142	0.00375	0.00330
8	0.06008	0.00724	0.00949	0.00731	0.01046	0.00649	0.00604	0.05622	0.01187	0.75660	0.01540	0.01343	0.00974	0.00501	0.00405	0.00127	0.00352	0.00402	0.00491	0.00686
9	0.00597	0.00398	0.00448	0.00448	0.00448	0.00398	0.00249	0.00597	0.00597	0.00796	0.01293	0.02686	0.01492	0.85574	0.02089	0.00398	0.00398	0.00597	0.00249	0.00249
10	0.03327	0.00916	0.00998	0.00863	0.01114	0.01043	0.02724	0.12422	0.66105	0.03448	0.01532	0.01425	0.01140	0.00538	0.00414	0.00137	0.00351	0.00445	0.00409	0.00649
11	0.00848	0.00804	0.01362	0.59882	0.26966	0.00931	0.01176	0.01112	0.00855	0.01137	0.00742	0.01071	0.00578	0.00397	0.00409	0.00132	0.00529	0.00365	0.00189	0.00514
12	0.00810	0.00767	0.01283	0.70670	0.12044	0.00937	0.01141	0.01070	0.00824	0.01080	0.00725	0.01075	0.00559	0.00421	0.00459	0.00137	0.04971	0.00365	0.00185	0.00478
13	0.00850	0.00808	0.01361	0.57739	0.26637	0.00941	0.01169	0.01110	0.00849	0.01134	0.00737	0.01065	0.00578	0.00406	0.00436	0.00134	0.02980	0.00365	0.00189	0.00514
14	0.00597	0.00398	0.00448	0.00448	0.00448	0.00398	0.00249	0.00597	0.00597	0.00796	0.01293	0.02686	0.01492	0.85574	0.02089	0.00398	0.00398	0.00597	0.00249	0.00249
15	0.00661	0.00472	0.00661	0.00756	0.00850	0.00472	0.00661	0.00850	0.00945	0.01228	0.02173	0.04630	0.02362	0.01134	0.00567	0.00189	0.00378	0.80250	0.00378	0.00378
16	0.01533	0.01956	0.01163	0.01058	0.01269	0.83926	0.00793	0.01639	0.01163	0.01005	0.00635	0.00740	0.00529	0.00423	0.00370	0.00106	0.00740	0.00264	0.00212	0.00476
17	0.00990	0.00942	0.01591	0.04531	0.75786	0.00950	0.01208	0.01249	0.02825	0.01331	0.00851	0.04339	0.00743	0.00407	0.00411	0.00124	0.00476	0.00399	0.00215	0.00633
18	0.01548	0.01114	0.01239	0.01015	0.05557	0.01219	0.00795	0.72807	0.01834	0.07195	0.01011	0.01011	0.00714	0.00487	0.00411	0.00123	0.00448	0.00372	0.00405	0.00696
19	0.00504	0.00359	0.00475	0.00567	0.00590	0.00336	0.00376	0.00573	0.00779	0.01038	0.02226	0.82191	0.02669	0.04464	0.00583	0.00175	0.00244	0.01145	0.00376	0.00330

[dist]
# distance from previous block
# <min> <max>
0	1

# created by:
# /st0/software/busco_prod/Augustus/scripts/msa2prfl.pl ./align_prep/34467.fa
