[name]
unknown

[dist]
# distance from previous block
# <min> <max>
0	39

[block]
# block no. 0 follows, 67 sequences, length 10
# corresponding to MSA columns:
# 39-48
name=unknown_A
#
# <colnr> <probs for GDERKNQSTAVLIFYWHMCP>
#	G	D	E	R	K	N	Q	S	T	A	V	L	I	F	Y	W	H	M	C	P
0	0.01159	0.13644	0.17673	0.00963	0.01293	0.16118	0.07967	0.06712	0.07345	0.12244	0.01044	0.01352	0.00851	0.00493	0.00393	0.00124	0.00510	0.09286	0.00279	0.00550
1	0.03039	0.14061	0.13917	0.02447	0.01332	0.05247	0.15639	0.06206	0.07177	0.03100	0.00824	0.01060	0.00684	0.07008	0.00621	0.00144	0.11286	0.00358	0.00230	0.05620
2	0.04734	0.01082	0.04719	0.16799	0.01618	0.10472	0.14436	0.17904	0.03005	0.01442	0.00758	0.00949	0.00589	0.00447	0.00531	0.00128	0.13135	0.00351	0.00243	0.06657
3	0.02879	0.09288	0.09198	0.13715	0.01486	0.16618	0.06143	0.12463	0.04202	0.07500	0.02319	0.00971	0.00671	0.00448	0.00465	0.00122	0.08418	0.00335	0.00254	0.02505
4	0.07592	0.01000	0.01130	0.38917	0.04063	0.16113	0.00898	0.09916	0.00962	0.01262	0.00698	0.00928	0.00546	0.00424	0.00446	0.00123	0.07201	0.00319	0.00218	0.07244
5	0.00549	0.00371	0.00481	0.00549	0.00598	0.00340	0.00375	0.00626	0.00801	0.04920	0.02379	0.72949	0.11175	0.01195	0.00503	0.00158	0.00235	0.01074	0.00378	0.00344
6	0.00578	0.00386	0.00439	0.00445	0.00446	0.00385	0.00251	0.00582	0.00594	0.00792	0.01320	0.07571	0.01529	0.80862	0.01950	0.00375	0.00380	0.00616	0.00251	0.00248
7	0.00848	0.00785	0.01288	0.63555	0.18900	0.00924	0.01117	0.05689	0.00886	0.01168	0.00735	0.01048	0.00563	0.00397	0.00400	0.00130	0.00518	0.00357	0.00195	0.00497
8	0.00646	0.00399	0.00488	0.00500	0.00535	0.00383	0.00316	0.00687	0.00706	0.07267	0.04497	0.29413	0.01891	0.48918	0.01365	0.00286	0.00328	0.00755	0.00311	0.00308
9	0.01023	0.04568	0.01019	0.00725	0.01061	0.09455	0.03599	0.09964	0.00992	0.04018	0.00755	0.00853	0.00605	0.00339	0.00323	0.00077	0.00379	0.00266	0.00256	0.59722

[dist]
# distance from previous block
# <min> <max>
0	5

[block]
# block no. 1 follows, 67 sequences, length 37
# corresponding to MSA columns:
# 54-90
name=unknown_B
#
# <colnr> <probs for GDERKNQSTAVLIFYWHMCP>
#	G	D	E	R	K	N	Q	S	T	A	V	L	I	F	Y	W	H	M	C	P
0	0.00659	0.00471	0.00542	0.00520	0.00587	0.00459	0.00339	0.07690	0.00771	0.01041	0.01511	0.21735	0.04451	0.48764	0.01344	0.00277	0.00343	0.00675	0.00291	0.07531
1	0.00900	0.00806	0.01250	0.13077	0.35661	0.00858	0.02713	0.03576	0.02395	0.02630	0.00835	0.01240	0.00748	0.13363	0.00744	0.00164	0.10055	0.00385	0.00219	0.08381
2	0.00573	0.00454	0.00635	0.00699	0.05113	0.00455	0.03245	0.00655	0.00760	0.01018	0.03289	0.50584	0.08961	0.15140	0.00807	0.00195	0.05849	0.00899	0.00324	0.00346
3	0.00838	0.00689	0.00801	0.00611	0.00910	0.00566	0.00484	0.07983	0.00927	0.01377	0.03478	0.05786	0.03830	0.03294	0.00396	0.00090	0.00305	0.03126	0.00275	0.64234
4	0.01241	0.01215	0.01222	0.01308	0.21782	0.22752	0.00851	0.20331	0.17321	0.01572	0.00934	0.01007	0.00727	0.00444	0.00410	0.00118	0.02599	0.00347	0.00290	0.03528
5	0.01234	0.00937	0.01049	0.04563	0.01149	0.01052	0.00691	0.52066	0.08225	0.02026	0.05475	0.02717	0.00995	0.09767	0.00644	0.00156	0.05885	0.00425	0.00362	0.00582
6	0.01266	0.02154	0.01096	0.02075	0.01115	0.00749	0.10610	0.05824	0.05211	0.37415	0.07676	0.07695	0.04127	0.00598	0.00532	0.00135	0.10274	0.00497	0.00385	0.00566
7	0.12902	0.00851	0.01105	0.02328	0.26682	0.02567	0.01963	0.09250	0.15128	0.08562	0.12002	0.01325	0.01160	0.00485	0.00406	0.00125	0.01858	0.00408	0.00318	0.00572
8	0.00835	0.00501	0.00632	0.00596	0.00733	0.00461	0.00440	0.02178	0.05686	0.17269	0.12093	0.36261	0.05318	0.05479	0.00541	0.00151	0.00271	0.02097	0.00389	0.08069
9	0.00797	0.00757	0.01258	0.67373	0.12666	0.00928	0.01108	0.01045	0.00799	0.01055	0.00702	0.01043	0.00546	0.00422	0.00480	0.00135	0.07879	0.00356	0.00181	0.00469
10	0.01284	0.08365	0.01280	0.02345	0.18538	0.01085	0.00814	0.31620	0.18068	0.10875	0.01086	0.01097	0.00801	0.00457	0.00389	0.00121	0.00413	0.00371	0.00347	0.00645
11	0.04213	0.00476	0.00602	0.00565	0.00679	0.00453	0.02831	0.00898	0.03691	0.11945	0.13380	0.20221	0.13324	0.16092	0.00763	0.02382	0.00288	0.02574	0.04237	0.00388
12	0.59466	0.00742	0.00648	0.00578	0.00804	0.00836	0.00464	0.07356	0.06108	0.05402	0.00894	0.08197	0.00758	0.00480	0.00302	0.00126	0.00308	0.00342	0.05727	0.00464
13	0.00555	0.00414	0.00519	0.00505	0.00608	0.00377	0.00387	0.00726	0.01071	0.01464	0.59652	0.03309	0.20128	0.00886	0.00480	0.00133	0.00208	0.07789	0.00421	0.00369
14	0.00674	0.00504	0.00704	0.00674	0.00772	0.00580	0.00529	0.09373	0.00777	0.01101	0.01062	0.01510	0.00969	0.02739	0.75387	0.00589	0.01007	0.00422	0.00235	0.00393
15	0.00581	0.00404	0.00497	0.00536	0.00602	0.00379	0.00370	0.00707	0.04476	0.04730	0.06977	0.51332	0.15908	0.09756	0.00650	0.00176	0.00250	0.00947	0.00370	0.00352
16	0.01617	0.00976	0.01112	0.00853	0.01170	0.01025	0.00704	0.55234	0.01639	0.29709	0.01170	0.01098	0.00786	0.00486	0.00402	0.00122	0.00408	0.00375	0.00433	0.00682
17	0.81163	0.00806	0.00643	0.00562	0.00816	0.00930	0.00463	0.08205	0.00787	0.01863	0.00594	0.00679	0.00456	0.00382	0.00261	0.00124	0.00322	0.00230	0.00261	0.00456
18	0.08966	0.00597	0.00749	0.00617	0.00848	0.00544	0.00495	0.01450	0.02177	0.46628	0.21356	0.02957	0.09653	0.00624	0.00415	0.00126	0.00287	0.00517	0.00447	0.00549
19	0.00497	0.00353	0.00463	0.00547	0.00568	0.00332	0.00360	0.00561	0.00751	0.01001	0.02123	0.77946	0.02542	0.09106	0.00654	0.00184	0.00247	0.01088	0.00360	0.00318
20	0.00576	0.00416	0.00577	0.00577	0.00626	0.00465	0.00418	0.00673	0.00625	0.00881	0.01136	0.01916	0.01150	0.29899	0.57627	0.00562	0.00852	0.00479	0.00224	0.00321
21	0.10814	0.00743	0.00917	0.00715	0.01010	0.00706	0.00589	0.13285	0.01204	0.59853	0.05001	0.01305	0.01013	0.00496	0.00390	0.00124	0.00346	0.00392	0.00454	0.00643
22	0.00557	0.00390	0.00473	0.00510	0.00590	0.00348	0.00359	0.00648	0.00857	0.05272	0.07955	0.47558	0.29582	0.02307	0.00513	0.00153	0.00228	0.00970	0.00381	0.00350
23	0.78100	0.00764	0.00631	0.00550	0.00806	0.00862	0.00453	0.01274	0.00739	0.11819	0.00684	0.00739	0.00503	0.00387	0.00267	0.00124	0.00314	0.00240	0.00279	0.00465
24	0.00677	0.00411	0.00491	0.00487	0.00533	0.00393	0.00309	0.00716	0.00708	0.08990	0.03524	0.18653	0.06873	0.53840	0.01450	0.00297	0.00338	0.00693	0.00306	0.00311
25	0.00667	0.00356	0.00528	0.00537	0.00545	0.00360	0.00364	0.00543	0.00555	0.00746	0.00862	0.08585	0.00894	0.01526	0.08884	0.72822	0.00403	0.00424	0.00195	0.00204
26	0.00962	0.00661	0.00790	0.00680	0.00849	0.00679	0.03303	0.24980	0.03526	0.07847	0.08741	0.18103	0.08001	0.12586	0.00658	0.00167	0.00333	0.00624	0.06037	0.00472
27	0.00575	0.00397	0.00487	0.00525	0.00554	0.00390	0.00358	0.00631	0.00704	0.00927	0.01725	0.19571	0.04439	0.48129	0.01367	0.00292	0.00348	0.17990	0.00300	0.00290
28	0.00505	0.00377	0.00468	0.00509	0.00574	0.00342	0.00356	0.00609	0.00884	0.01170	0.21430	0.46500	0.21338	0.02356	0.00517	0.00151	0.00218	0.00968	0.00386	0.00340
29	0.01095	0.81595	0.02049	0.00705	0.01041	0.06056	0.00691	0.01223	0.00832	0.00946	0.00561	0.00648	0.00515	0.00347	0.00263	0.00087	0.00445	0.00217	0.00173	0.00512
30	0.01625	0.00705	0.00898	0.00700	0.00983	0.00654	0.00574	0.13179	0.01213	0.61607	0.01459	0.01325	0.00953	0.00491	0.00387	0.00120	0.00336	0.00394	0.11754	0.00643
31	0.01198	0.00642	0.00804	0.00664	0.00876	0.00617	0.00528	0.16535	0.01261	0.31995	0.33027	0.06673	0.02106	0.00661	0.00436	0.00126	0.00295	0.00561	0.00450	0.00545
32	0.00501	0.00389	0.00459	0.00500	0.00586	0.00347	0.00365	0.00603	0.00873	0.01106	0.08538	0.35394	0.39757	0.01103	0.00495	0.00150	0.00228	0.07888	0.00377	0.00339
33	0.00575	0.00422	0.00604	0.00604	0.00661	0.00479	0.00451	0.00690	0.00633	0.00901	0.01111	0.01781	0.01092	0.19270	0.68176	0.00594	0.00940	0.00460	0.00220	0.00336
34	0.01525	0.01123	0.01204	0.00923	0.01244	0.01244	0.00762	0.82067	0.01886	0.02528	0.00963	0.00963	0.00682	0.00481	0.00401	0.00120	0.00441	0.00361	0.00401	0.00682
35	0.00944	0.00909	0.01513	0.13547	0.60769	0.00983	0.01165	0.01165	0.00856	0.01223	0.00717	0.00987	0.00606	0.00412	0.00527	0.00129	0.12418	0.00356	0.00192	0.00582
36	0.00939	0.00855	0.01032	0.10265	0.09251	0.06055	0.00758	0.06991	0.26217	0.01333	0.02669	0.01327	0.00939	0.06489	0.09165	0.00206	0.14302	0.00410	0.00281	0.00516

[dist]
# distance from previous block
# <min> <max>
10	11

[block]
# block no. 2 follows, 67 sequences, length 28
# corresponding to MSA columns:
# 104-131
name=unknown_C
#
# <colnr> <probs for GDERKNQSTAVLIFYWHMCP>
#	G	D	E	R	K	N	Q	S	T	A	V	L	I	F	Y	W	H	M	C	P
0	0.00612	0.00440	0.00530	0.00490	0.00623	0.00384	0.00371	0.00767	0.01033	0.05406	0.45605	0.05342	0.29552	0.00847	0.00460	0.00126	0.00209	0.00729	0.00406	0.06069
1	0.01072	0.86147	0.02102	0.00686	0.01029	0.01587	0.00686	0.01201	0.00815	0.00944	0.00558	0.00643	0.00515	0.00343	0.00257	0.00086	0.00429	0.00214	0.00172	0.00515
2	0.00697	0.00348	0.00522	0.00522	0.00522	0.00348	0.00348	0.00522	0.00522	0.00697	0.00697	0.01219	0.00697	0.01393	0.01567	0.88332	0.00348	0.00348	0.00174	0.00174
3	0.00501	0.00406	0.00447	0.00455	0.00572	0.00352	0.00343	0.00619	0.00939	0.01169	0.16240	0.09880	0.59491	0.01009	0.00482	0.00139	0.00214	0.06014	0.00383	0.00346
4	0.00832	0.00713	0.00832	0.00594	0.00950	0.00535	0.00475	0.01010	0.00832	0.01307	0.00713	0.00832	0.00594	0.00297	0.00297	0.00059	0.00297	0.00238	0.00238	0.88357
5	0.04402	0.00429	0.00484	0.00481	0.00532	0.00423	0.00311	0.00708	0.02201	0.04430	0.04437	0.09366	0.10194	0.54988	0.01464	0.00300	0.00342	0.03911	0.00293	0.00303
6	0.00490	0.00390	0.00440	0.00463	0.00561	0.00340	0.00334	0.00594	0.00901	0.01134	0.13711	0.27225	0.49885	0.01060	0.00485	0.00142	0.00210	0.00915	0.00381	0.00340
7	0.00755	0.00384	0.00405	0.00403	0.00499	0.00378	0.00301	0.00934	0.00860	0.04081	0.05372	0.07006	0.01266	0.00536	0.00309	0.00101	0.00195	0.00441	0.75392	0.00381
8	0.01524	0.01152	0.01201	0.00927	0.01244	0.04247	0.00763	0.79157	0.01859	0.02472	0.00950	0.00954	0.00676	0.00479	0.00400	0.00120	0.00452	0.00357	0.00394	0.00674
9	0.01015	0.00805	0.00868	0.00758	0.00974	0.00890	0.00594	0.21476	0.41025	0.02860	0.05110	0.08220	0.10163	0.01749	0.00447	0.00137	0.00326	0.01611	0.00400	0.00572
10	0.00568	0.00409	0.00509	0.00560	0.00612	0.00395	0.00393	0.04176	0.00817	0.01073	0.02157	0.49675	0.10081	0.16077	0.00778	0.00201	0.00283	0.10553	0.00350	0.00333
11	0.88738	0.00776	0.00589	0.00527	0.00776	0.00900	0.00434	0.01179	0.00683	0.01799	0.00558	0.00651	0.00434	0.00372	0.00248	0.00124	0.00310	0.00217	0.00248	0.00434
12	0.00668	0.00494	0.00655	0.00726	0.00829	0.00505	0.00618	0.00941	0.09323	0.01235	0.02134	0.09162	0.04554	0.01056	0.00534	0.00177	0.00351	0.65271	0.00374	0.00393
13	0.00562	0.00387	0.00467	0.00505	0.00582	0.00349	0.00357	0.00658	0.00847	0.04476	0.06702	0.45411	0.26365	0.03225	0.00519	0.00153	0.00229	0.02104	0.05753	0.00348
14	0.00515	0.00428	0.00453	0.00443	0.00575	0.00376	0.00333	0.00680	0.04768	0.01204	0.17898	0.03597	0.65408	0.00959	0.00471	0.00134	0.00206	0.00807	0.00386	0.00359
15	0.00551	0.00409	0.00514	0.00487	0.00589	0.00371	0.00366	0.00725	0.01097	0.01517	0.69450	0.03146	0.17583	0.00854	0.00473	0.00128	0.00192	0.00746	0.00429	0.00371
16	0.01503	0.01755	0.01150	0.01011	0.01241	0.67863	0.00772	0.17523	0.01285	0.01287	0.00688	0.00771	0.00549	0.00427	0.00369	0.00107	0.00667	0.00279	0.00245	0.00508
17	0.01380	0.01011	0.01095	0.00869	0.01157	0.01108	0.00715	0.65005	0.06973	0.04346	0.01259	0.02691	0.04878	0.00560	0.00416	0.00127	0.00412	0.04962	0.00400	0.00639
18	0.00480	0.00403	0.00417	0.00420	0.00547	0.00340	0.00313	0.00586	0.00920	0.01112	0.08813	0.08095	0.74148	0.01016	0.00476	0.00136	0.00204	0.00854	0.00377	0.00340
19	0.00937	0.30245	0.51369	0.00983	0.01469	0.06258	0.01172	0.01267	0.00854	0.01143	0.00659	0.00771	0.00511	0.00370	0.00338	0.00112	0.00546	0.00267	0.00172	0.00559
20	0.00993	0.00953	0.01628	0.02462	0.83404	0.00953	0.01231	0.01231	0.00913	0.01310	0.00754	0.00993	0.00635	0.00357	0.00397	0.00119	0.00476	0.00357	0.00199	0.00635
21	0.13809	0.04366	0.01087	0.00901	0.02998	0.30529	0.00700	0.29294	0.01315	0.05582	0.05106	0.00949	0.00759	0.00452	0.00364	0.00114	0.00505	0.00320	0.00304	0.00547
22	0.00986	0.01022	0.01243	0.38980	0.03489	0.20483	0.08251	0.01200	0.02047	0.03625	0.00748	0.01022	0.00594	0.00604	0.05632	0.01780	0.07278	0.00351	0.00203	0.00462
23	0.00489	0.00349	0.00465	0.00558	0.00582	0.00326	0.00372	0.00558	0.00768	0.01024	0.02210	0.85644	0.02653	0.01256	0.00512	0.00163	0.00233	0.01140	0.00372	0.00326
24	0.00639	0.00489	0.00664	0.00643	0.00739	0.00475	0.05687	0.06995	0.00908	0.01201	0.09056	0.33975	0.11599	0.13710	0.00727	0.00188	0.00312	0.11276	0.00350	0.00367
25	0.06541	0.03360	0.09549	0.01063	0.01375	0.18206	0.21281	0.12497	0.01098	0.09538	0.01973	0.05274	0.04511	0.00486	0.00408	0.00125	0.00531	0.01372	0.00279	0.00533
26	0.14531	0.31394	0.04744	0.02105	0.01097	0.17853	0.00695	0.07228	0.04960	0.08651	0.00766	0.00828	0.00605	0.00465	0.02431	0.00120	0.00482	0.00274	0.00249	0.00524
27	0.10486	0.09890	0.04865	0.00732	0.01020	0.06770	0.00628	0.11616	0.01096	0.32193	0.04156	0.06607	0.02112	0.00511	0.00372	0.00117	0.00382	0.00399	0.00362	0.05689

[dist]
# distance from previous block
# <min> <max>
3	19

[block]
# block no. 3 follows, 67 sequences, length 39
# corresponding to MSA columns:
# 151-189
name=unknown_D
#
# <colnr> <probs for GDERKNQSTAVLIFYWHMCP>
#	G	D	E	R	K	N	Q	S	T	A	V	L	I	F	Y	W	H	M	C	P
0	0.22056	0.24213	0.01254	0.00743	0.01035	0.02931	0.00639	0.30370	0.04645	0.04228	0.00841	0.03903	0.00678	0.00448	0.00329	0.00114	0.00397	0.00318	0.00300	0.00558
1	0.12508	0.07099	0.03752	0.00908	0.01207	0.13245	0.06446	0.37649	0.06502	0.02959	0.00958	0.00996	0.03113	0.00455	0.00373	0.00119	0.00470	0.00344	0.00317	0.00581
2	0.14998	0.00994	0.01186	0.07567	0.01343	0.06204	0.11084	0.26457	0.11460	0.09049	0.00958	0.01020	0.00700	0.00451	0.00418	0.00126	0.03635	0.00359	0.00321	0.01667
3	0.00867	0.00754	0.00828	0.07722	0.03498	0.09519	0.00644	0.04957	0.15496	0.03951	0.09701	0.08264	0.08942	0.00830	0.03296	0.00160	0.03094	0.16677	0.00340	0.00462
4	0.01354	0.00814	0.07528	0.05046	0.01208	0.00692	0.06453	0.03075	0.09446	0.45843	0.04247	0.01672	0.02850	0.00550	0.00424	0.00132	0.00388	0.07266	0.00408	0.00605
5	0.00724	0.00410	0.00618	0.10362	0.00801	0.00433	0.00447	0.02558	0.00588	0.00779	0.00705	0.01195	0.00677	0.01256	0.01403	0.75923	0.00372	0.00350	0.00180	0.00218
6	0.01140	0.01046	0.07578	0.01366	0.03238	0.00917	0.48889	0.07758	0.01052	0.18001	0.02709	0.01161	0.00759	0.00442	0.01927	0.00140	0.00577	0.00440	0.00280	0.00579
7	0.01652	0.00651	0.00879	0.00685	0.00972	0.00563	0.00561	0.01807	0.01136	0.74101	0.07384	0.01595	0.05034	0.00543	0.00411	0.00125	0.00324	0.00446	0.00487	0.00645
8	0.00816	0.00792	0.01401	0.62533	0.15460	0.00915	0.10206	0.01087	0.00836	0.01099	0.00730	0.01059	0.00559	0.00387	0.00408	0.00132	0.00541	0.00370	0.00184	0.00486
9	0.00734	0.00527	0.00614	0.00573	0.00713	0.00516	0.00437	0.06966	0.10761	0.06306	0.28834	0.11820	0.22959	0.02914	0.00501	0.00142	0.00252	0.03598	0.00405	0.00430
10	0.00534	0.00404	0.00483	0.00471	0.00568	0.00363	0.00345	0.00674	0.01003	0.01345	0.46900	0.08123	0.29473	0.06837	0.00585	0.00150	0.00210	0.00779	0.00401	0.00353
11	0.00489	0.00349	0.00465	0.00558	0.00582	0.00326	0.00372	0.00558	0.00768	0.01024	0.02210	0.85644	0.02653	0.01256	0.00512	0.00163	0.00233	0.01140	0.00372	0.00326
12	0.00583	0.00389	0.00437	0.00437	0.00437	0.00389	0.00243	0.00583	0.00583	0.00778	0.01264	0.02624	0.01458	0.85906	0.02041	0.00389	0.00389	0.00583	0.00243	0.00243
13	0.00544	0.00381	0.00466	0.00511	0.00558	0.00361	0.00351	0.00625	0.00782	0.01051	0.06886	0.37992	0.12615	0.21577	0.00864	0.00209	0.00273	0.07931	0.05706	0.00317
14	0.88738	0.00776	0.00589	0.00527	0.00776	0.00900	0.00434	0.01179	0.00683	0.01799	0.00558	0.00651	0.00434	0.00372	0.00248	0.00124	0.00310	0.00217	0.00248	0.00434
15	0.00587	0.00386	0.00435	0.00440	0.00445	0.00385	0.00251	0.00600	0.00604	0.00824	0.01308	0.06220	0.01489	0.77894	0.01886	0.00364	0.00372	0.00597	0.04659	0.00253
16	0.01646	0.00873	0.01042	0.00805	0.01115	0.00879	0.00663	0.34899	0.05543	0.46203	0.01330	0.01206	0.00877	0.00493	0.00403	0.00123	0.00381	0.00388	0.00453	0.00680
17	0.00503	0.00353	0.00460	0.00544	0.00568	0.00332	0.00360	0.00572	0.00757	0.01022	0.02116	0.77169	0.02517	0.07128	0.00611	0.00176	0.00242	0.01077	0.03170	0.00322
18	0.00502	0.00371	0.00522	0.00592	0.00627	0.00346	0.02808	0.00580	0.00773	0.01032	0.02169	0.83119	0.02591	0.01229	0.00511	0.00162	0.00246	0.01120	0.00367	0.00332
19	0.11890	0.00693	0.00891	0.00692	0.00995	0.00625	0.00571	0.01864	0.01094	0.74178	0.01463	0.01282	0.00928	0.00482	0.00385	0.00124	0.00338	0.00382	0.00468	0.00654
20	0.69846	0.00735	0.00605	0.00542	0.00771	0.00834	0.00440	0.04250	0.02871	0.01757	0.07434	0.02620	0.05072	0.00467	0.00293	0.00126	0.00299	0.00319	0.00282	0.00438
21	0.88738	0.00776	0.00589	0.00527	0.00776	0.00900	0.00434	0.01179	0.00683	0.01799	0.00558	0.00651	0.00434	0.00372	0.00248	0.00124	0.00310	0.00217	0.00248	0.00434
22	0.00536	0.00383	0.00467	0.00510	0.00573	0.00355	0.00361	0.00637	0.00841	0.01129	0.12372	0.38108	0.18802	0.09811	0.00644	0.00173	0.00245	0.07238	0.06481	0.00333
23	0.01640	0.00961	0.01087	0.00838	0.01151	0.03453	0.00690	0.45879	0.01552	0.36700	0.01214	0.01125	0.00808	0.00486	0.00401	0.00121	0.00408	0.00376	0.00436	0.00676
24	0.88738	0.00776	0.00589	0.00527	0.00776	0.00900	0.00434	0.01179	0.00683	0.01799	0.00558	0.00651	0.00434	0.00372	0.00248	0.00124	0.00310	0.00217	0.00248	0.00434
25	0.01551	0.01080	0.01177	0.00902	0.01222	0.01180	0.00745	0.74219	0.01813	0.10477	0.01024	0.01002	0.00712	0.00483	0.00401	0.00121	0.00432	0.00365	0.00411	0.00682
26	0.00595	0.00407	0.00466	0.00463	0.00537	0.00374	0.00312	0.00667	0.00808	0.05165	0.11885	0.12514	0.29130	0.33679	0.01078	0.00234	0.00283	0.00742	0.00337	0.00322
27	0.00752	0.00475	0.00620	0.00600	0.00720	0.00450	0.00471	0.04675	0.01068	0.10680	0.39640	0.15496	0.04886	0.00897	0.00484	0.00143	0.00261	0.16848	0.00419	0.00416
28	0.00549	0.00405	0.00512	0.00494	0.00590	0.00369	0.00367	0.00717	0.01078	0.01492	0.66135	0.08650	0.15398	0.00878	0.00476	0.00130	0.00194	0.00771	0.00427	0.00369
29	0.04605	0.00379	0.00470	0.00532	0.00566	0.00366	0.00352	0.00602	0.00749	0.01045	0.06027	0.62586	0.02391	0.16454	0.00773	0.00200	0.00262	0.00976	0.00347	0.00319
30	0.00499	0.00406	0.00436	0.00429	0.00549	0.00349	0.00318	0.00615	0.00946	0.01182	0.20898	0.03617	0.62411	0.04913	0.00547	0.00145	0.00209	0.00808	0.00381	0.00343
31	0.00488	0.00367	0.00452	0.00515	0.00571	0.00331	0.00354	0.00571	0.00822	0.01063	0.05845	0.60030	0.24791	0.01174	0.00500	0.00154	0.00223	0.01044	0.00375	0.00331
32	0.00993	0.00953	0.01628	0.02462	0.83404	0.00953	0.01231	0.01231	0.00913	0.01310	0.00754	0.00993	0.00635	0.00357	0.00397	0.00119	0.00476	0.00357	0.00199	0.00635
33	0.00579	0.00404	0.00516	0.00516	0.00543	0.00431	0.00340	0.00633	0.00606	0.00836	0.01192	0.02229	0.01286	0.54618	0.33094	0.00485	0.00648	0.00525	0.00232	0.00286
34	0.00502	0.00369	0.00470	0.00526	0.00579	0.00338	0.00364	0.00599	0.00859	0.01144	0.17974	0.58055	0.14469	0.01138	0.00499	0.00152	0.00220	0.01018	0.00386	0.00338
35	0.00679	0.00553	0.00600	0.00590	0.00706	0.06268	0.00457	0.04559	0.01051	0.02404	0.34481	0.12048	0.18575	0.00907	0.00479	0.00140	0.00278	0.14447	0.00391	0.00387
36	0.01061	0.01013	0.01484	0.05406	0.62849	0.09197	0.01108	0.01278	0.00934	0.05114	0.00773	0.00977	0.00633	0.00373	0.00402	0.00116	0.01685	0.00343	0.00214	0.05041
37	0.33692	0.26791	0.01311	0.00904	0.09756	0.02345	0.01684	0.01158	0.00744	0.01310	0.00577	0.00735	0.00501	0.00425	0.00474	0.00122	0.16524	0.00260	0.00205	0.00483
38	0.00625	0.00433	0.00606	0.00595	0.00671	0.00474	0.00447	0.00743	0.00684	0.04796	0.02484	0.01918	0.06845	0.16404	0.59800	0.00535	0.00854	0.00487	0.00247	0.00353

[dist]
# distance from previous block
# <min> <max>
0	1

[block]
# block no. 4 follows, 67 sequences, length 32
# corresponding to MSA columns:
# 191-222
name=unknown_E
#
# <colnr> <probs for GDERKNQSTAVLIFYWHMCP>
#	G	D	E	R	K	N	Q	S	T	A	V	L	I	F	Y	W	H	M	C	P
0	0.04801	0.01226	0.18437	0.02993	0.01281	0.05129	0.00848	0.27198	0.22444	0.01778	0.01039	0.02030	0.00780	0.00460	0.00383	0.00121	0.00437	0.00359	0.00319	0.07936
1	0.04341	0.00482	0.00583	0.00589	0.00645	0.03797	0.00428	0.00716	0.00666	0.00930	0.01194	0.05997	0.01248	0.25603	0.34446	0.09579	0.00659	0.07542	0.00241	0.00314
2	0.00837	0.00731	0.00908	0.00648	0.01007	0.00558	0.04505	0.01023	0.00837	0.01306	0.00718	0.00844	0.00595	0.00299	0.00306	0.00063	0.00316	0.00249	0.00236	0.84013
3	0.00976	0.00839	0.00888	0.00801	0.01021	0.00966	0.00622	0.02062	0.78590	0.01674	0.05722	0.01571	0.01353	0.00558	0.00411	0.00136	0.00311	0.00467	0.00410	0.00622
4	0.00542	0.00375	0.00488	0.00540	0.00595	0.00345	0.00374	0.00640	0.00861	0.03641	0.17764	0.60654	0.09422	0.01131	0.00498	0.00152	0.00225	0.01015	0.00389	0.00348
5	0.66035	0.00837	0.00704	0.03963	0.00922	0.04425	0.00515	0.07665	0.04912	0.01745	0.00678	0.00782	0.00528	0.00517	0.04257	0.00149	0.00384	0.00258	0.00262	0.00462
6	0.00643	0.00458	0.00636	0.00724	0.00812	0.00458	0.00627	0.00819	0.00907	0.01180	0.02083	0.04434	0.02268	0.05121	0.00624	0.00194	0.00370	0.76913	0.00363	0.00363
7	0.82259	0.00769	0.00615	0.00541	0.00794	0.00877	0.00446	0.01237	0.00717	0.07902	0.00635	0.00705	0.00476	0.00382	0.00260	0.00124	0.00313	0.00231	0.00267	0.00453
8	0.00574	0.00442	0.00529	0.00509	0.00620	0.00416	0.00380	0.00811	0.07739	0.01444	0.51359	0.08261	0.23671	0.00874	0.00470	0.00132	0.00206	0.00760	0.00417	0.00386
9	0.01363	0.06118	0.13939	0.00951	0.01256	0.32374	0.00842	0.22071	0.01247	0.10544	0.00882	0.03940	0.00687	0.00465	0.00391	0.00116	0.01628	0.00337	0.00286	0.00561
10	0.01457	0.01828	0.01095	0.00997	0.01198	0.79725	0.00748	0.01565	0.01120	0.01010	0.00657	0.00765	0.00544	0.00416	0.00357	0.00103	0.00694	0.00265	0.04995	0.00460
11	0.00546	0.00409	0.00505	0.00481	0.00586	0.00369	0.00361	0.00714	0.01083	0.01484	0.64525	0.03200	0.22529	0.00866	0.00473	0.00128	0.00192	0.00754	0.00425	0.00369
12	0.05720	0.00426	0.00525	0.00525	0.00618	0.00405	0.00382	0.00754	0.00934	0.05388	0.35269	0.27103	0.11107	0.04606	0.04246	0.00172	0.00266	0.00795	0.00387	0.00370
13	0.30375	0.00700	0.00726	0.00601	0.00843	0.00728	0.00490	0.11857	0.01019	0.27215	0.01100	0.01106	0.00775	0.00447	0.00323	0.00117	0.00309	0.00329	0.20411	0.00530
14	0.01476	0.01865	0.01126	0.01024	0.01231	0.80608	0.00769	0.01625	0.04747	0.01012	0.00665	0.00757	0.00548	0.00419	0.00364	0.00105	0.00705	0.00267	0.00216	0.00472
15	0.33622	0.00566	0.00560	0.00530	0.00676	0.00596	0.00395	0.02655	0.00809	0.07225	0.10826	0.17905	0.06977	0.14267	0.00640	0.00175	0.00292	0.00570	0.00323	0.00393
16	0.00930	0.00567	0.00615	0.00549	0.00688	0.00589	0.00417	0.20587	0.01071	0.04891	0.01338	0.11456	0.01180	0.09512	0.00526	0.00140	0.00281	0.00485	0.43735	0.00442
17	0.00506	0.00405	0.00453	0.00447	0.00563	0.00351	0.00333	0.00636	0.00982	0.01258	0.30694	0.07438	0.52598	0.00961	0.00475	0.00134	0.00200	0.00819	0.00396	0.00351
18	0.00653	0.00456	0.00610	0.00672	0.00762	0.00451	0.00547	0.00856	0.05301	0.03958	0.07360	0.25371	0.04310	0.01075	0.00523	0.00169	0.00314	0.45847	0.00381	0.00382
19	0.02077	0.00392	0.00502	0.00552	0.00610	0.00365	0.00381	0.00687	0.00808	0.07030	0.05125	0.61127	0.08287	0.07378	0.00609	0.00173	0.00253	0.02920	0.00372	0.00351
20	0.01525	0.01123	0.01204	0.00923	0.01244	0.01244	0.00762	0.82067	0.01886	0.02528	0.00963	0.00963	0.00682	0.00481	0.00401	0.00120	0.00441	0.00361	0.00401	0.00682
21	0.00776	0.00401	0.00404	0.00394	0.00495	0.00405	0.00298	0.03865	0.00879	0.01532	0.01296	0.01476	0.01015	0.00468	0.00285	0.00094	0.00196	0.00373	0.84963	0.00385
22	0.00586	0.00468	0.00533	0.00515	0.00643	0.00444	0.00394	0.00857	0.11349	0.01369	0.34484	0.03260	0.37492	0.00885	0.00470	0.00135	0.00221	0.05099	0.00404	0.00393
23	0.00571	0.00429	0.00513	0.00491	0.00593	0.00397	0.00363	0.02508	0.02265	0.01390	0.47882	0.05022	0.24853	0.08827	0.00620	0.00155	0.00223	0.02133	0.00400	0.00364
24	0.00489	0.00349	0.00465	0.00558	0.00582	0.00326	0.00372	0.00558	0.00768	0.01024	0.02210	0.85644	0.02653	0.01256	0.00512	0.00163	0.00233	0.01140	0.00372	0.00326
25	0.00697	0.00348	0.00522	0.00522	0.00522	0.00348	0.00348	0.00522	0.00522	0.00697	0.00697	0.01219	0.00697	0.01393	0.01567	0.88332	0.00348	0.00348	0.00174	0.00174
26	0.00580	0.00414	0.00497	0.00503	0.00611	0.00369	0.00379	0.00708	0.00955	0.05302	0.23795	0.19682	0.36327	0.00994	0.00484	0.00142	0.00226	0.07272	0.00396	0.00366
27	0.05291	0.00733	0.00875	0.00698	0.00954	0.00723	0.00568	0.23175	0.01302	0.36897	0.16461	0.01595	0.03490	0.00558	0.00404	0.00122	0.00328	0.00453	0.04781	0.00591
28	0.00992	0.01080	0.02243	0.01612	0.02000	0.01038	0.73273	0.07897	0.01015	0.01379	0.00817	0.01067	0.00612	0.00359	0.00488	0.00135	0.02764	0.00461	0.00218	0.00550
29	0.01423	0.01711	0.01105	0.00994	0.01210	0.67370	0.00753	0.05717	0.13666	0.01166	0.00792	0.00854	0.00633	0.00437	0.00371	0.00109	0.00647	0.00293	0.00247	0.00502
30	0.00630	0.00428	0.00523	0.00511	0.00627	0.00384	0.00389	0.00771	0.00997	0.07543	0.34061	0.10817	0.29870	0.03024	0.00517	0.00144	0.00230	0.07750	0.00405	0.00379
31	0.00805	0.01977	0.77396	0.05720	0.01800	0.00931	0.03370	0.01257	0.00847	0.01257	0.00722	0.00864	0.00512	0.00381	0.00384	0.00128	0.00592	0.00304	0.00171	0.00583

[dist]
# distance from previous block
# <min> <max>
1	7

[block]
# block no. 5 follows, 67 sequences, length 6
# corresponding to MSA columns:
# 230-235
name=unknown_F
#
# <colnr> <probs for GDERKNQSTAVLIFYWHMCP>
#	G	D	E	R	K	N	Q	S	T	A	V	L	I	F	Y	W	H	M	C	P
0	0.00945	0.30792	0.50022	0.00979	0.01459	0.07082	0.01160	0.01270	0.00856	0.01138	0.00657	0.00768	0.00511	0.00370	0.00337	0.00111	0.00546	0.00266	0.00173	0.00557
1	0.00750	0.00713	0.00738	0.00719	0.00816	0.16503	0.00554	0.00885	0.00738	0.00941	0.00987	0.01413	0.00910	0.02512	0.68284	0.00541	0.01007	0.00397	0.00213	0.00378
2	0.01520	0.01254	0.01192	0.00941	0.01243	0.15017	0.00764	0.68722	0.01761	0.02271	0.00906	0.00923	0.00655	0.00470	0.00395	0.00118	0.00488	0.00344	0.00369	0.00646
3	0.00557	0.00414	0.00610	0.00628	0.00690	0.00468	0.00477	0.00686	0.00668	0.00949	0.01291	0.17629	0.01318	0.02673	0.68313	0.00553	0.00914	0.00565	0.00245	0.00352
4	0.01522	0.01211	0.01196	0.00935	0.01243	0.10514	0.00764	0.73085	0.01802	0.02355	0.00925	0.00936	0.00664	0.00474	0.00397	0.00118	0.00473	0.00350	0.00379	0.00658
5	0.00489	0.00349	0.00465	0.00558	0.00582	0.00326	0.00372	0.00558	0.00768	0.01024	0.02210	0.85644	0.02653	0.01256	0.00512	0.00163	0.00233	0.01140	0.00372	0.00326

[dist]
# distance from previous block
# <min> <max>
0	3

# created by:
# /st0/software/busco_prod/Augustus/scripts/msa2prfl.pl ./align_prep/34512.fa
