[name]
unknown

[dist]
# distance from previous block
# <min> <max>
0	71

[block]
# block no. 0 follows, 66 sequences, length 6
# corresponding to MSA columns:
# 83-88
name=unknown_A
#
# <colnr> <probs for GDERKNQSTAVLIFYWHMCP>
#	G	D	E	R	K	N	Q	S	T	A	V	L	I	F	Y	W	H	M	C	P
0	0.07134	0.00485	0.00560	0.08241	0.00823	0.00465	0.00441	0.00735	0.00912	0.01225	0.13646	0.03100	0.46588	0.00962	0.04216	0.00158	0.00297	0.05738	0.00346	0.03929
1	0.00890	0.00903	0.09521	0.00830	0.04465	0.00695	0.04623	0.08072	0.06100	0.01421	0.00949	0.08710	0.00834	0.00435	0.00358	0.00093	0.00366	0.00372	0.00268	0.50095
2	0.01013	0.20286	0.09504	0.00881	0.04519	0.07194	0.03281	0.08830	0.08293	0.04387	0.11713	0.02971	0.01266	0.00540	0.00389	0.00119	0.00421	0.07761	0.00295	0.06337
3	0.05026	0.04473	0.10466	0.02261	0.10203	0.04680	0.08463	0.13146	0.17113	0.06883	0.02595	0.01254	0.04128	0.01658	0.01950	0.00139	0.02172	0.00399	0.00303	0.02689
4	0.00893	0.00677	0.00785	0.00628	0.00903	0.00593	0.00493	0.01240	0.16171	0.08946	0.07297	0.05529	0.08863	0.00519	0.00372	0.00098	0.00289	0.00434	0.00331	0.44938
5	0.06071	0.10505	0.09025	0.03141	0.04510	0.00958	0.11198	0.18970	0.04818	0.01586	0.07076	0.03691	0.06829	0.00528	0.00410	0.00124	0.01617	0.02099	0.04509	0.02335

[dist]
# distance from previous block
# <min> <max>
0	1

[block]
# block no. 1 follows, 66 sequences, length 7
# corresponding to MSA columns:
# 90-96
name=unknown_B
#
# <colnr> <probs for GDERKNQSTAVLIFYWHMCP>
#	G	D	E	R	K	N	Q	S	T	A	V	L	I	F	Y	W	H	M	C	P
0	0.01143	0.02414	0.06308	0.00832	0.03842	0.02259	0.02153	0.19282	0.06733	0.14504	0.05303	0.01342	0.06555	0.00538	0.01954	0.00121	0.02305	0.00395	0.00340	0.21676
1	0.00893	0.00734	0.00899	0.00663	0.01004	0.00591	0.03900	0.01149	0.07091	0.05478	0.00984	0.01060	0.04149	0.00362	0.00329	0.00076	0.00316	0.00301	0.00271	0.69749
2	0.00583	0.00421	0.00584	0.00584	0.00633	0.00470	0.00423	0.00681	0.00632	0.00892	0.01149	0.01938	0.01163	0.29825	0.57556	0.00568	0.00862	0.00485	0.00227	0.00325
3	0.00841	0.00721	0.00841	0.00601	0.00961	0.00541	0.00481	0.01022	0.00841	0.01322	0.00721	0.00841	0.00601	0.00300	0.00300	0.00060	0.00300	0.00240	0.00240	0.88222
4	0.00554	0.00413	0.00459	0.00461	0.00576	0.00358	0.00337	0.00659	0.00922	0.04530	0.13034	0.16350	0.53665	0.05150	0.00560	0.00152	0.00223	0.00856	0.00384	0.00355
5	0.02330	0.00700	0.02721	0.04547	0.15398	0.02633	0.04954	0.02304	0.09611	0.01302	0.15035	0.09440	0.09598	0.06384	0.07955	0.00196	0.01757	0.00575	0.02096	0.00462
6	0.02463	0.02448	0.09409	0.00863	0.01101	0.00825	0.10022	0.05868	0.25137	0.03900	0.06949	0.06875	0.06394	0.05008	0.04627	0.00174	0.04064	0.00515	0.02839	0.00520

[dist]
# distance from previous block
# <min> <max>
1	3

[block]
# block no. 2 follows, 66 sequences, length 25
# corresponding to MSA columns:
# 100-124
name=unknown_C
#
# <colnr> <probs for GDERKNQSTAVLIFYWHMCP>
#	G	D	E	R	K	N	Q	S	T	A	V	L	I	F	Y	W	H	M	C	P
0	0.03022	0.00747	0.00939	0.00767	0.00993	0.02179	0.08923	0.13999	0.15548	0.14455	0.11448	0.01522	0.01296	0.00521	0.00390	0.00121	0.00340	0.00444	0.21804	0.00543
1	0.01058	0.24284	0.13907	0.03394	0.06601	0.01118	0.04146	0.12050	0.13842	0.03605	0.01975	0.00986	0.00733	0.00411	0.00356	0.00110	0.00439	0.00326	0.00265	0.10395
2	0.00519	0.00413	0.00465	0.00452	0.00572	0.00359	0.00339	0.00658	0.01018	0.01316	0.36831	0.03542	0.50188	0.00945	0.00479	0.00133	0.00200	0.00805	0.00406	0.00359
3	0.00653	0.00648	0.05166	0.00660	0.04641	0.05152	0.01945	0.02975	0.01043	0.01351	0.32605	0.02970	0.37013	0.00827	0.00462	0.00130	0.00279	0.00704	0.00371	0.00406
4	0.03199	0.00709	0.00804	0.00659	0.00890	0.03238	0.00524	0.16666	0.01175	0.28789	0.07789	0.05570	0.03263	0.02710	0.00428	0.00123	0.00325	0.00452	0.16207	0.06481
5	0.88607	0.00785	0.00596	0.00534	0.00785	0.00910	0.00439	0.01193	0.00690	0.01820	0.00565	0.00659	0.00439	0.00377	0.00251	0.00126	0.00314	0.00220	0.00251	0.00439
6	0.00589	0.00398	0.00466	0.00466	0.00475	0.00406	0.00276	0.00605	0.00597	0.00804	0.01257	0.02534	0.01423	0.76342	0.11393	0.00423	0.00472	0.00572	0.00243	0.00259
7	0.88607	0.00785	0.00596	0.00534	0.00785	0.00910	0.00439	0.01193	0.00690	0.01820	0.00565	0.00659	0.00439	0.00377	0.00251	0.00126	0.00314	0.00220	0.00251	0.00439
8	0.00766	0.00721	0.01217	0.84767	0.02794	0.00901	0.01127	0.01037	0.00811	0.01037	0.00721	0.01082	0.00541	0.00406	0.00406	0.00135	0.00541	0.00361	0.00180	0.00451
9	0.88607	0.00785	0.00596	0.00534	0.00785	0.00910	0.00439	0.01193	0.00690	0.01820	0.00565	0.00659	0.00439	0.00377	0.00251	0.00126	0.00314	0.00220	0.00251	0.00439
10	0.01556	0.01115	0.01204	0.00923	0.01247	0.01226	0.00763	0.77972	0.01871	0.06494	0.01005	0.00994	0.00705	0.00488	0.00406	0.00122	0.00442	0.00367	0.00411	0.00690
11	0.05800	0.00970	0.01111	0.03146	0.03398	0.01030	0.00724	0.48403	0.04586	0.24943	0.01141	0.01096	0.00780	0.00483	0.00399	0.00124	0.00411	0.00373	0.00414	0.00668
12	0.00953	0.23474	0.54589	0.01025	0.01534	0.01116	0.02918	0.04871	0.00907	0.04041	0.00728	0.00832	0.00542	0.00383	0.00357	0.00118	0.00544	0.00289	0.00194	0.00585
13	0.00497	0.00361	0.00470	0.00555	0.00591	0.00334	0.00377	0.00573	0.00794	0.01046	0.02405	0.76003	0.10016	0.01245	0.00515	0.00163	0.00236	0.03109	0.00377	0.00332
14	0.79598	0.00903	0.00654	0.00586	0.00833	0.09517	0.00475	0.01237	0.00738	0.01735	0.00571	0.00667	0.00448	0.00381	0.00263	0.00123	0.00357	0.00224	0.00247	0.00443
15	0.00538	0.00405	0.00415	0.00413	0.00536	0.00353	0.00307	0.00660	0.00918	0.01199	0.08958	0.03384	0.60787	0.03153	0.00486	0.00136	0.00207	0.00755	0.16041	0.00349
16	0.00841	0.00721	0.00841	0.00601	0.00961	0.00541	0.00481	0.01022	0.00841	0.01322	0.00721	0.00841	0.00601	0.00300	0.00300	0.00060	0.00300	0.00240	0.00240	0.88222
17	0.01009	0.00872	0.00917	0.00826	0.01055	0.01009	0.00642	0.02156	0.82478	0.01697	0.01651	0.01514	0.01238	0.00550	0.00413	0.00138	0.00321	0.00459	0.00413	0.00642
18	0.01776	0.00681	0.00927	0.00714	0.01020	0.00589	0.00589	0.01934	0.01161	0.80586	0.04490	0.01439	0.01105	0.00514	0.00411	0.00126	0.00340	0.00420	0.00500	0.00680
19	0.01516	0.01934	0.01150	0.01045	0.01254	0.84113	0.00784	0.01620	0.01150	0.00993	0.00627	0.00732	0.00523	0.00418	0.00366	0.00105	0.00732	0.00261	0.00209	0.00470
20	0.00526	0.00410	0.00477	0.00467	0.00578	0.00361	0.00348	0.00670	0.01025	0.01349	0.42009	0.07679	0.40758	0.00945	0.00481	0.00134	0.00200	0.00813	0.00410	0.00361
21	0.00934	0.10123	0.04489	0.00685	0.01038	0.03550	0.01823	0.05475	0.00913	0.02493	0.00770	0.03126	0.00653	0.00353	0.00318	0.00076	0.00355	0.00279	0.00245	0.62303
22	0.00575	0.00454	0.00505	0.01704	0.00645	0.00399	0.00366	0.00723	0.03208	0.02914	0.13643	0.06901	0.51979	0.05417	0.00550	0.00146	0.00237	0.02898	0.00370	0.06365
23	0.03833	0.14630	0.28212	0.05163	0.09156	0.14826	0.01017	0.05533	0.02738	0.01274	0.00716	0.00842	0.00562	0.00384	0.00354	0.00110	0.00528	0.00288	0.00208	0.09628
24	0.01056	0.21992	0.09319	0.01322	0.15018	0.05011	0.22485	0.04179	0.02744	0.06078	0.00938	0.02671	0.03458	0.00414	0.00389	0.00118	0.00517	0.00382	0.00233	0.01676

[dist]
# distance from previous block
# <min> <max>
1	19

[block]
# block no. 3 follows, 66 sequences, length 20
# corresponding to MSA columns:
# 144-163
name=unknown_D
#
# <colnr> <probs for GDERKNQSTAVLIFYWHMCP>
#	G	D	E	R	K	N	Q	S	T	A	V	L	I	F	Y	W	H	M	C	P
0	0.04178	0.15242	0.12725	0.04027	0.05404	0.27057	0.11618	0.02772	0.04063	0.02986	0.03102	0.00944	0.00687	0.00409	0.00370	0.00114	0.00565	0.00325	0.02890	0.00523
1	0.09007	0.19072	0.05297	0.01084	0.13776	0.06908	0.05768	0.09929	0.07775	0.05982	0.01145	0.02348	0.07832	0.00477	0.00386	0.00119	0.01891	0.00380	0.00273	0.00552
2	0.02156	0.02526	0.00561	0.00590	0.00638	0.00415	0.00413	0.00672	0.00787	0.04625	0.02059	0.71904	0.02413	0.03375	0.00568	0.00167	0.02830	0.02582	0.00365	0.00354
3	0.01028	0.27543	0.20012	0.02979	0.03237	0.01068	0.03969	0.06335	0.00928	0.06724	0.00748	0.00851	0.00587	0.00377	0.00362	0.00102	0.02863	0.00284	0.00226	0.19777
4	0.00892	0.00722	0.00828	0.00749	0.00943	0.00773	0.02378	0.03658	0.45735	0.04041	0.01664	0.22615	0.01512	0.02673	0.00468	0.00142	0.00311	0.00612	0.00381	0.08902
5	0.88607	0.00785	0.00596	0.00534	0.00785	0.00910	0.00439	0.01193	0.00690	0.01820	0.00565	0.00659	0.00439	0.00377	0.00251	0.00126	0.00314	0.00220	0.00251	0.00439
6	0.00544	0.00414	0.00501	0.00479	0.00588	0.00370	0.00359	0.00707	0.01077	0.01458	0.57936	0.03308	0.28995	0.00892	0.00479	0.00131	0.00196	0.00773	0.00424	0.00370
7	0.00580	0.00431	0.00635	0.00635	0.00701	0.00498	0.00486	0.00713	0.00647	0.00929	0.01103	0.01681	0.01052	0.09867	0.77362	0.00631	0.01030	0.00448	0.00220	0.00353
8	0.00588	0.00402	0.00487	0.00487	0.00502	0.00417	0.00301	0.00618	0.00603	0.00820	0.01238	0.02430	0.01377	0.68222	0.19451	0.00448	0.00540	0.00557	0.00240	0.00270
9	0.88607	0.00785	0.00596	0.00534	0.00785	0.00910	0.00439	0.01193	0.00690	0.01820	0.00565	0.00659	0.00439	0.00377	0.00251	0.00126	0.00314	0.00220	0.00251	0.00439
10	0.00642	0.00390	0.00527	0.00527	0.00546	0.00404	0.00350	0.00616	0.01946	0.00815	0.02456	0.03782	0.01126	0.29759	0.16376	0.38304	0.00491	0.00473	0.00220	0.00247
11	0.01208	0.00541	0.00671	0.00563	0.00761	0.00498	0.00448	0.03634	0.01061	0.37157	0.13540	0.01717	0.03233	0.00551	0.00374	0.00115	0.00265	0.00454	0.32688	0.00522
12	0.00939	0.00871	0.01496	0.21523	0.40150	0.00920	0.10557	0.02936	0.00923	0.03768	0.04671	0.02457	0.01908	0.00438	0.00464	0.00130	0.04651	0.00412	0.00225	0.00558
13	0.00508	0.00377	0.00474	0.00524	0.00584	0.00343	0.00364	0.00610	0.00882	0.01169	0.19228	0.52504	0.18684	0.01132	0.00502	0.00152	0.00220	0.01009	0.00391	0.00343
14	0.02514	0.05101	0.04163	0.16252	0.14509	0.03519	0.05283	0.04372	0.01942	0.05093	0.04936	0.05617	0.12203	0.00632	0.01873	0.00143	0.09426	0.01664	0.00265	0.00493
15	0.00954	0.02243	0.06051	0.08952	0.15639	0.02067	0.03977	0.02991	0.02025	0.06577	0.02182	0.01036	0.00711	0.00372	0.00358	0.00096	0.00403	0.01489	0.00249	0.41629
16	0.01012	0.03582	0.00919	0.05138	0.02598	0.14632	0.01760	0.09239	0.03916	0.08958	0.18531	0.07012	0.10080	0.00655	0.00467	0.00126	0.04498	0.01535	0.01861	0.03484
17	0.03028	0.16884	0.08161	0.03883	0.06902	0.07263	0.02341	0.16633	0.10990	0.05116	0.01964	0.03816	0.00823	0.00464	0.00371	0.00114	0.00441	0.01910	0.00288	0.08608
18	0.06090	0.10815	0.10245	0.04635	0.14635	0.07266	0.07193	0.05543	0.05065	0.05466	0.03163	0.02461	0.00751	0.00451	0.00470	0.00122	0.08915	0.00355	0.00245	0.06113
19	0.07484	0.11747	0.13926	0.04074	0.06890	0.04017	0.12160	0.06244	0.08066	0.05569	0.00935	0.06100	0.00773	0.00453	0.00397	0.00120	0.02031	0.00385	0.00257	0.08371

[dist]
# distance from previous block
# <min> <max>
8	20

[block]
# block no. 4 follows, 66 sequences, length 13
# corresponding to MSA columns:
# 184-196
name=unknown_E
#
# <colnr> <probs for GDERKNQSTAVLIFYWHMCP>
#	G	D	E	R	K	N	Q	S	T	A	V	L	I	F	Y	W	H	M	C	P
0	0.01044	0.00954	0.02903	0.30552	0.12248	0.04165	0.06897	0.15457	0.15421	0.03303	0.00954	0.01115	0.00717	0.00443	0.00427	0.00131	0.02046	0.00383	0.00273	0.00567
1	0.00967	0.10262	0.25751	0.05567	0.08181	0.05639	0.09484	0.05707	0.04980	0.04622	0.07611	0.05292	0.00982	0.00485	0.00426	0.00126	0.02708	0.00411	0.00251	0.00550
2	0.00558	0.00414	0.00519	0.00493	0.00596	0.00376	0.00370	0.00734	0.01109	0.01534	0.69208	0.03183	0.17675	0.00864	0.00479	0.00129	0.00194	0.00755	0.00434	0.00376
3	0.00888	0.12640	0.26572	0.03753	0.02829	0.06123	0.03249	0.05409	0.03745	0.02430	0.07280	0.10839	0.05497	0.00620	0.01725	0.00137	0.05028	0.00470	0.00257	0.00510
4	0.00570	0.00408	0.00509	0.00510	0.00553	0.00419	0.00344	0.00639	0.00685	0.00925	0.06306	0.05363	0.10607	0.43650	0.26360	0.00419	0.00563	0.00601	0.00268	0.00302
5	0.01390	0.07935	0.01303	0.01132	0.06937	0.59684	0.04621	0.04741	0.06415	0.01135	0.00721	0.00822	0.00588	0.00417	0.00370	0.00109	0.00652	0.00292	0.00227	0.00509
6	0.04309	0.00741	0.00859	0.00879	0.07055	0.10865	0.00628	0.00918	0.00723	0.01001	0.00916	0.01406	0.00875	0.10906	0.42008	0.00419	0.14476	0.00403	0.00213	0.00400
7	0.78247	0.00782	0.00636	0.00561	0.00815	0.00892	0.00460	0.01294	0.04585	0.07673	0.00690	0.00751	0.00518	0.00394	0.00270	0.00126	0.00316	0.00244	0.00277	0.00467
8	0.01094	0.03580	0.08253	0.05666	0.11607	0.14190	0.10406	0.10927	0.06490	0.06884	0.01204	0.04212	0.07003	0.02619	0.01793	0.00140	0.01520	0.00432	0.01438	0.00542
9	0.11501	0.07074	0.07297	0.07197	0.16641	0.08238	0.03408	0.05438	0.02250	0.01285	0.00919	0.09807	0.00851	0.02198	0.07612	0.00178	0.05752	0.00419	0.01438	0.00497
10	0.00494	0.00353	0.00471	0.00565	0.00588	0.00330	0.00377	0.00565	0.00777	0.01036	0.02236	0.85477	0.02683	0.01271	0.00518	0.00165	0.00235	0.01153	0.00377	0.00330
11	0.03961	0.03221	0.10071	0.04486	0.14059	0.09818	0.07053	0.15657	0.14869	0.06598	0.02895	0.02369	0.00841	0.00459	0.00399	0.00125	0.00476	0.00386	0.01667	0.00592
12	0.07987	0.20094	0.21576	0.03051	0.10213	0.06799	0.03682	0.05483	0.03640	0.05056	0.01953	0.00911	0.00646	0.00394	0.00349	0.00112	0.00479	0.00305	0.01896	0.05372

[dist]
# distance from previous block
# <min> <max>
1	3

[block]
# block no. 5 follows, 66 sequences, length 20
# corresponding to MSA columns:
# 200-219
name=unknown_F
#
# <colnr> <probs for GDERKNQSTAVLIFYWHMCP>
#	G	D	E	R	K	N	Q	S	T	A	V	L	I	F	Y	W	H	M	C	P
0	0.00885	0.33632	0.19671	0.00800	0.03211	0.01027	0.01967	0.03219	0.02138	0.03624	0.02735	0.07353	0.17057	0.00574	0.00370	0.00116	0.00409	0.00456	0.00252	0.00503
1	0.06027	0.08172	0.06354	0.03115	0.03823	0.10955	0.01761	0.04616	0.03945	0.01190	0.01492	0.37447	0.02748	0.03894	0.00492	0.00149	0.00387	0.02699	0.00301	0.00431
2	0.03469	0.10055	0.15713	0.04604	0.06003	0.03343	0.05449	0.05525	0.14529	0.03008	0.15775	0.03716	0.03503	0.00540	0.00416	0.00126	0.01649	0.00453	0.01595	0.00531
3	0.00734	0.00573	0.00741	0.00788	0.11060	0.00538	0.00521	0.02953	0.06948	0.03886	0.38347	0.02469	0.16810	0.00707	0.00439	0.00121	0.00262	0.00613	0.01935	0.09556
4	0.00532	0.00377	0.00489	0.00549	0.00574	0.00368	0.00366	0.00581	0.00733	0.00976	0.02021	0.59337	0.06281	0.14990	0.02750	0.05130	0.02330	0.00967	0.00336	0.00312
5	0.00841	0.00721	0.00841	0.00601	0.00961	0.00541	0.00481	0.01022	0.00841	0.01322	0.00721	0.00841	0.00601	0.00300	0.00300	0.00060	0.00300	0.00240	0.00240	0.88222
6	0.00667	0.00464	0.00629	0.00640	0.00750	0.00450	0.02503	0.00871	0.02344	0.02792	0.27669	0.03515	0.05915	0.00911	0.00492	0.00152	0.00294	0.38039	0.10514	0.00390
7	0.00618	0.00424	0.00556	0.00518	0.00621	0.00390	0.00390	0.00808	0.01149	0.04489	0.80151	0.02973	0.03729	0.00818	0.00476	0.00128	0.00197	0.00722	0.00449	0.00394
8	0.00611	0.00421	0.00566	0.00642	0.00709	0.00407	0.00503	0.00736	0.00856	0.03282	0.02195	0.36098	0.05741	0.06511	0.00631	0.00188	0.00313	0.38864	0.00370	0.00355
9	0.01501	0.01106	0.01188	0.00919	0.01232	0.01222	0.00756	0.78653	0.01863	0.02497	0.01024	0.04306	0.00769	0.00518	0.00410	0.00123	0.00438	0.00396	0.00405	0.00676
10	0.00513	0.00407	0.00462	0.00464	0.00576	0.00356	0.00345	0.00641	0.00977	0.01253	0.27805	0.12172	0.48938	0.00995	0.00485	0.00138	0.00208	0.02511	0.00398	0.00354
11	0.88607	0.00785	0.00596	0.00534	0.00785	0.00910	0.00439	0.01193	0.00690	0.01820	0.00565	0.00659	0.00439	0.00377	0.00251	0.00126	0.00314	0.00220	0.00251	0.00439
12	0.00674	0.00439	0.00669	0.01995	0.08699	0.00454	0.00494	0.00662	0.00645	0.00883	0.01075	0.12530	0.02259	0.01635	0.20040	0.43916	0.00517	0.01898	0.00221	0.00294
13	0.01516	0.01934	0.01150	0.01045	0.01254	0.84113	0.00784	0.01620	0.01150	0.00993	0.00627	0.00732	0.00523	0.00418	0.00366	0.00105	0.00732	0.00261	0.00209	0.00470
14	0.00786	0.00670	0.00777	0.00574	0.00896	0.00510	0.00456	0.00958	0.00866	0.01311	0.05201	0.01304	0.10282	0.00411	0.00330	0.00072	0.00284	0.00336	0.00266	0.73708
15	0.00638	0.00452	0.00515	0.00504	0.00537	0.00474	0.00313	0.00782	0.10052	0.00905	0.01306	0.02436	0.01410	0.69071	0.08654	0.00385	0.00442	0.00562	0.00263	0.00301
16	0.00581	0.00429	0.00625	0.00625	0.00688	0.00492	0.00473	0.00707	0.00644	0.00922	0.01112	0.01732	0.01074	0.13776	0.73482	0.00618	0.00997	0.00455	0.00221	0.00347
17	0.21338	0.11574	0.02344	0.01086	0.10572	0.11704	0.05844	0.01233	0.00810	0.04489	0.00645	0.00831	0.00545	0.00475	0.00617	0.00133	0.24744	0.00305	0.00215	0.00497
18	0.01421	0.12248	0.01278	0.01053	0.04626	0.68819	0.00784	0.01534	0.01093	0.01003	0.00656	0.02390	0.00570	0.00424	0.00357	0.00104	0.00675	0.00277	0.00208	0.00481
19	0.01054	0.09060	0.09212	0.01704	0.40231	0.12602	0.05679	0.04707	0.03934	0.01295	0.01938	0.05167	0.00769	0.00433	0.00394	0.00120	0.00511	0.00383	0.00225	0.00581

[dist]
# distance from previous block
# <min> <max>
0	6

[block]
# block no. 6 follows, 66 sequences, length 13
# corresponding to MSA columns:
# 240-252
name=unknown_G
#
# <colnr> <probs for GDERKNQSTAVLIFYWHMCP>
#	G	D	E	R	K	N	Q	S	T	A	V	L	I	F	Y	W	H	M	C	P
0	0.01027	0.09389	0.22490	0.03501	0.08965	0.03285	0.03900	0.11548	0.07033	0.07501	0.04273	0.02600	0.00922	0.07292	0.01628	0.00153	0.02075	0.01587	0.00273	0.00557
1	0.00957	0.00911	0.01538	0.11364	0.69330	0.00924	0.01182	0.01194	0.00904	0.01285	0.00804	0.03713	0.00696	0.00394	0.00403	0.00122	0.00475	0.00383	0.00205	0.03216
2	0.01247	0.00865	0.00961	0.00811	0.01068	0.00947	0.00645	0.17290	0.47405	0.17691	0.05444	0.01458	0.01213	0.00542	0.00414	0.00132	0.00343	0.00444	0.00430	0.00648
3	0.03535	0.00501	0.00640	0.00571	0.00732	0.00459	0.00444	0.01144	0.01053	0.26741	0.32953	0.11380	0.05279	0.00742	0.00436	0.00130	0.00253	0.02888	0.09649	0.00471
4	0.00814	0.02099	0.83640	0.01156	0.01756	0.00942	0.01499	0.01285	0.00857	0.01285	0.00728	0.00857	0.00514	0.00385	0.00385	0.00128	0.00600	0.00300	0.00171	0.00600
5	0.00511	0.00384	0.00473	0.00510	0.00582	0.00347	0.00360	0.00621	0.00912	0.01204	0.23551	0.42724	0.24157	0.01093	0.00498	0.00148	0.00216	0.00967	0.00395	0.00347
6	0.00873	0.00866	0.01214	0.01045	0.01049	0.01207	0.00869	0.00964	0.00623	0.00975	0.00559	0.00922	0.00556	0.00823	0.05343	0.00201	0.80934	0.00359	0.00179	0.00440
7	0.00499	0.00407	0.00435	0.00437	0.00554	0.00350	0.00320	0.00608	0.00931	0.01154	0.15239	0.08886	0.62580	0.05109	0.00558	0.00150	0.00214	0.00845	0.00380	0.00343
8	0.00515	0.00395	0.00475	0.00521	0.00604	0.00356	0.00384	0.00622	0.00886	0.01132	0.09848	0.36349	0.34587	0.01119	0.00504	0.00153	0.00236	0.10586	0.00382	0.00345
9	0.00917	0.00946	0.03580	0.04085	0.06266	0.02796	0.00926	0.02804	0.02311	0.01058	0.00593	0.00912	0.00556	0.00655	0.01157	0.00168	0.69255	0.00355	0.00189	0.00471
10	0.01047	0.12507	0.15546	0.01608	0.34385	0.08821	0.04110	0.02744	0.04577	0.03028	0.00764	0.00931	0.00619	0.00410	0.00454	0.00122	0.07200	0.00332	0.00211	0.00586
11	0.00590	0.00393	0.00442	0.00442	0.00442	0.00393	0.00246	0.00590	0.00590	0.00787	0.01278	0.02655	0.01475	0.85742	0.02065	0.00393	0.00393	0.00590	0.00246	0.00246
12	0.05357	0.09238	0.15199	0.04786	0.13680	0.06786	0.05313	0.09957	0.04894	0.11654	0.00883	0.00972	0.00659	0.00410	0.00387	0.00117	0.01699	0.00331	0.00268	0.07409

[dist]
# distance from previous block
# <min> <max>
0	1

[block]
# block no. 7 follows, 66 sequences, length 44
# corresponding to MSA columns:
# 254-297
name=unknown_H
#
# <colnr> <probs for GDERKNQSTAVLIFYWHMCP>
#	G	D	E	R	K	N	Q	S	T	A	V	L	I	F	Y	W	H	M	C	P
0	0.01048	0.15638	0.12110	0.03692	0.09494	0.06374	0.04677	0.09547	0.06756	0.02571	0.00791	0.00954	0.01489	0.00493	0.00621	0.00132	0.22498	0.00340	0.00229	0.00546
1	0.01232	0.33882	0.01520	0.00940	0.06077	0.21314	0.00747	0.13057	0.14021	0.01333	0.00831	0.00898	0.00678	0.01397	0.00360	0.00110	0.00492	0.00300	0.00256	0.00556
2	0.00590	0.00393	0.00442	0.00442	0.00442	0.00393	0.00246	0.00590	0.00590	0.00787	0.01278	0.02655	0.01475	0.85742	0.02065	0.00393	0.00393	0.00590	0.00246	0.00246
3	0.00580	0.00435	0.00652	0.00652	0.00724	0.00507	0.00507	0.00724	0.00652	0.00942	0.01087	0.01594	0.01014	0.03043	0.84134	0.00652	0.01087	0.00435	0.00217	0.00362
4	0.88607	0.00785	0.00596	0.00534	0.00785	0.00910	0.00439	0.01193	0.00690	0.01820	0.00565	0.00659	0.00439	0.00377	0.00251	0.00126	0.00314	0.00220	0.00251	0.00439
5	0.01730	0.00701	0.00924	0.00714	0.01014	0.00628	0.00588	0.07516	0.01193	0.72393	0.01538	0.01361	0.00985	0.00499	0.00400	0.00123	0.00342	0.00403	0.06278	0.00670
6	0.01954	0.10019	0.13288	0.06062	0.22317	0.06206	0.13568	0.07949	0.02434	0.04669	0.01771	0.04344	0.02731	0.00442	0.00401	0.00123	0.00512	0.00399	0.00241	0.00569
7	0.00525	0.00403	0.00484	0.00506	0.00600	0.00362	0.00376	0.00653	0.00954	0.01245	0.26371	0.23771	0.33482	0.01038	0.00495	0.00145	0.00223	0.07616	0.00397	0.00354
8	0.01032	0.01135	0.12291	0.07387	0.44521	0.02716	0.07975	0.11145	0.03682	0.01458	0.00822	0.01014	0.00646	0.00391	0.00404	0.00124	0.00509	0.00365	0.01770	0.00614
9	0.00636	0.00418	0.00515	0.00512	0.00550	0.00421	0.00335	0.00688	0.00695	0.04736	0.06392	0.11922	0.03979	0.51817	0.11819	0.00357	0.01647	0.01969	0.00286	0.00306
10	0.01125	0.01132	0.00913	0.03874	0.01066	0.32448	0.00641	0.07221	0.11915	0.05309	0.20863	0.01759	0.05887	0.00601	0.00419	0.00123	0.00460	0.03420	0.00335	0.00487
11	0.00521	0.00408	0.00465	0.00459	0.00566	0.00359	0.00337	0.00649	0.00979	0.01270	0.32805	0.08648	0.44443	0.05599	0.00568	0.00149	0.00212	0.00815	0.00395	0.00351
12	0.00510	0.00356	0.00470	0.00560	0.00588	0.00334	0.00378	0.00588	0.00783	0.01061	0.02192	0.79994	0.02600	0.01231	0.00508	0.00162	0.00236	0.02679	0.04437	0.00333
13	0.88607	0.00785	0.00596	0.00534	0.00785	0.00910	0.00439	0.01193	0.00690	0.01820	0.00565	0.00659	0.00439	0.00377	0.00251	0.00126	0.00314	0.00220	0.00251	0.00439
14	0.00608	0.00473	0.00701	0.03472	0.00803	0.00565	0.00541	0.00745	0.00652	0.00940	0.01046	0.01582	0.00988	0.06961	0.71491	0.00589	0.06828	0.00435	0.00215	0.00365
15	0.00487	0.00404	0.00427	0.00437	0.00557	0.00343	0.00322	0.00592	0.00920	0.01122	0.08940	0.14134	0.67826	0.01045	0.00484	0.00140	0.00208	0.00886	0.00381	0.00343
16	0.00766	0.00721	0.01217	0.84767	0.02794	0.00901	0.01127	0.01037	0.00811	0.01037	0.00721	0.01082	0.00541	0.00406	0.00406	0.00135	0.00541	0.00361	0.00180	0.00451
17	0.00862	0.00794	0.02807	0.00646	0.01009	0.02918	0.01950	0.01050	0.00852	0.01311	0.00720	0.00843	0.00597	0.00306	0.00307	0.00064	0.00326	0.00247	0.00237	0.82152
18	0.00814	0.02099	0.83640	0.01156	0.01756	0.00942	0.01499	0.01285	0.00857	0.01285	0.00728	0.00857	0.00514	0.00385	0.00385	0.00128	0.00600	0.00300	0.00171	0.00600
19	0.00548	0.00433	0.00642	0.04355	0.03820	0.00415	0.04630	0.00650	0.00802	0.01064	0.02156	0.69402	0.07257	0.01137	0.00504	0.00159	0.00279	0.01037	0.00353	0.00358
20	0.01276	0.40380	0.01643	0.01001	0.08076	0.35665	0.00781	0.04863	0.01014	0.01071	0.00625	0.00728	0.00539	0.00384	0.00322	0.00098	0.00562	0.00254	0.00201	0.00517
21	0.00582	0.00427	0.00611	0.00611	0.00669	0.00485	0.00456	0.00698	0.00640	0.00911	0.01125	0.01803	0.01105	0.19364	0.67937	0.00601	0.00950	0.00465	0.00223	0.00339
22	0.01052	0.06923	0.04838	0.00833	0.01075	0.15154	0.00681	0.03252	0.47087	0.01506	0.09836	0.01422	0.01278	0.00528	0.00397	0.00125	0.00400	0.00422	0.00349	0.02845
23	0.05316	0.01010	0.01040	0.00865	0.01137	0.03130	0.00693	0.37226	0.41205	0.02065	0.01278	0.01217	0.00942	0.00511	0.00401	0.00129	0.00386	0.00402	0.00397	0.00650
24	0.00759	0.00654	0.01025	0.05183	0.36050	0.00644	0.00785	0.00939	0.00928	0.02418	0.15600	0.20587	0.09657	0.00729	0.00452	0.00135	0.00349	0.02315	0.00306	0.00485
25	0.00885	0.22494	0.59814	0.01055	0.01574	0.01113	0.03234	0.01261	0.00846	0.01197	0.00686	0.00813	0.00518	0.00383	0.00380	0.00120	0.02595	0.00285	0.00173	0.00575
26	0.01590	0.00972	0.15890	0.00820	0.01180	0.01850	0.01819	0.03773	0.01114	0.62831	0.01416	0.02897	0.00929	0.00492	0.00406	0.00127	0.00401	0.00401	0.00430	0.00662
27	0.00494	0.00353	0.00471	0.00565	0.00588	0.00330	0.00377	0.00565	0.00777	0.01036	0.02236	0.85477	0.02683	0.01271	0.00518	0.00165	0.00235	0.01153	0.00377	0.00330
28	0.00521	0.00441	0.00492	0.00535	0.04401	0.00382	0.00379	0.00640	0.00938	0.01144	0.08199	0.03766	0.69518	0.00992	0.00481	0.00139	0.00229	0.06073	0.00372	0.00361
29	0.01076	0.19624	0.24514	0.02867	0.23770	0.05343	0.04223	0.01343	0.00916	0.10165	0.00793	0.00917	0.00609	0.00389	0.00383	0.00117	0.01825	0.00317	0.00219	0.00591
30	0.08478	0.67503	0.04899	0.00708	0.01047	0.01454	0.00696	0.01301	0.06554	0.03230	0.00673	0.00739	0.00576	0.00369	0.00279	0.00096	0.00420	0.00242	0.00205	0.00530
31	0.00480	0.00411	0.00411	0.00411	0.00548	0.00343	0.00308	0.00582	0.00925	0.01096	0.04110	0.03905	0.83046	0.01028	0.00480	0.00137	0.00206	0.00856	0.00377	0.00343
32	0.03312	0.01486	0.10011	0.02576	0.06681	0.36124	0.16167	0.01358	0.00959	0.01122	0.00694	0.02264	0.00583	0.00457	0.00550	0.00128	0.14482	0.00343	0.00202	0.00502
33	0.02489	0.02230	0.00836	0.02742	0.08189	0.05542	0.00598	0.03992	0.26876	0.01355	0.03347	0.17493	0.17041	0.01874	0.00477	0.00142	0.01829	0.02108	0.00349	0.00490
34	0.01085	0.85986	0.02126	0.00694	0.01041	0.01605	0.00694	0.01215	0.00824	0.00955	0.00564	0.00651	0.00521	0.00347	0.00260	0.00087	0.00434	0.00217	0.00174	0.00521
35	0.00567	0.00498	0.00602	0.00721	0.12433	0.00444	0.00451	0.00710	0.02169	0.01163	0.07248	0.03411	0.66300	0.00915	0.00467	0.00134	0.00246	0.00773	0.00355	0.00392
36	0.02347	0.14225	0.22688	0.05677	0.22776	0.02392	0.08139	0.03770	0.01765	0.05497	0.02000	0.05346	0.00754	0.00434	0.00388	0.00122	0.00501	0.00380	0.00226	0.00573
37	0.00580	0.00460	0.00514	0.00493	0.00620	0.00427	0.00371	0.03890	0.04455	0.01308	0.25205	0.04620	0.46525	0.04073	0.03375	0.00162	0.00256	0.01902	0.00388	0.00377
38	0.08262	0.00748	0.00936	0.00733	0.01036	0.00706	0.00602	0.08411	0.07606	0.64327	0.01476	0.01304	0.00955	0.00495	0.00396	0.00126	0.00349	0.00394	0.00468	0.00668
39	0.00895	0.02072	0.07121	0.10104	0.25319	0.00847	0.09025	0.10072	0.05449	0.01381	0.02762	0.19359	0.02604	0.00607	0.00436	0.00135	0.00440	0.00559	0.00277	0.00536
40	0.01006	0.15362	0.28801	0.09505	0.11813	0.04270	0.04323	0.08452	0.04626	0.03335	0.00805	0.02093	0.00629	0.00418	0.00404	0.00122	0.02905	0.00335	0.00222	0.00574
41	0.01053	0.00781	0.00925	0.00936	0.11349	0.05615	0.00644	0.09876	0.15267	0.14103	0.19830	0.01841	0.07354	0.01737	0.05075	0.00160	0.02033	0.00505	0.00375	0.00541
42	0.00502	0.00358	0.00479	0.00571	0.00598	0.00336	0.00387	0.00579	0.00789	0.01052	0.03622	0.81064	0.02690	0.01258	0.00519	0.00165	0.00240	0.04083	0.00378	0.00332
43	0.03487	0.08676	0.15850	0.01133	0.12930	0.03241	0.04686	0.11292	0.07952	0.20045	0.01077	0.04417	0.00816	0.00471	0.00410	0.00125	0.02080	0.00387	0.00313	0.00610

[dist]
# distance from previous block
# <min> <max>
0	1

[block]
# block no. 8 follows, 66 sequences, length 7
# corresponding to MSA columns:
# 299-305
name=unknown_I
#
# <colnr> <probs for GDERKNQSTAVLIFYWHMCP>
#	G	D	E	R	K	N	Q	S	T	A	V	L	I	F	Y	W	H	M	C	P
0	0.00907	0.13143	0.01179	0.10804	0.17832	0.00904	0.00760	0.07849	0.14188	0.01286	0.01217	0.13068	0.03908	0.00708	0.02170	0.08404	0.00408	0.00486	0.00275	0.00503
1	0.03441	0.18860	0.20227	0.05592	0.02833	0.00950	0.03396	0.06202	0.00923	0.02949	0.02777	0.00969	0.00684	0.00385	0.00342	0.00100	0.00435	0.01827	0.00229	0.26880
2	0.14984	0.05451	0.17990	0.00997	0.07758	0.04950	0.05126	0.13604	0.02398	0.09537	0.03302	0.00992	0.00724	0.00417	0.00362	0.00117	0.00447	0.00328	0.02421	0.08095
3	0.00703	0.00572	0.00745	0.00779	0.06005	0.04591	0.00551	0.05009	0.00752	0.01035	0.01060	0.01605	0.01003	0.12164	0.60921	0.00534	0.00918	0.00436	0.00229	0.00389
4	0.12587	0.03847	0.02420	0.03658	0.14592	0.03550	0.12724	0.08319	0.03495	0.11196	0.03635	0.08731	0.05853	0.00610	0.02885	0.00145	0.00447	0.00472	0.00300	0.00534
5	0.01122	0.09122	0.07346	0.04270	0.26086	0.08308	0.07529	0.12446	0.02900	0.06966	0.04593	0.02442	0.00868	0.00451	0.00398	0.00121	0.00484	0.02134	0.01833	0.00581
6	0.00678	0.00715	0.11639	0.03232	0.00940	0.00598	0.04262	0.00875	0.03169	0.02717	0.01461	0.09116	0.08844	0.14499	0.26528	0.00338	0.04625	0.02270	0.03095	0.00401

[dist]
# distance from previous block
# <min> <max>
0	18

# created by:
# /st0/software/busco_prod/Augustus/scripts/msa2prfl.pl ./align_prep/34514.fa
