[name]
unknown

[dist]
# distance from previous block
# <min> <max>
0	33

[block]
# block no. 0 follows, 68 sequences, length 7
# corresponding to MSA columns:
# 36-42
name=unknown_A
#
# <colnr> <probs for GDERKNQSTAVLIFYWHMCP>
#	G	D	E	R	K	N	Q	S	T	A	V	L	I	F	Y	W	H	M	C	P
0	0.00717	0.00515	0.00688	0.00746	0.00858	0.00526	0.00649	0.08115	0.00998	0.01304	0.01997	0.04157	0.02138	0.01040	0.00534	0.00177	0.00371	0.73709	0.00368	0.00393
1	0.00510	0.00362	0.00459	0.00518	0.00543	0.00347	0.00338	0.00567	0.00714	0.00949	0.01981	0.56727	0.06098	0.22904	0.04866	0.00239	0.00307	0.00940	0.00328	0.00303
2	0.01020	0.04603	0.08466	0.00697	0.01060	0.00711	0.00619	0.12307	0.00997	0.09659	0.00818	0.00886	0.00627	0.00348	0.00324	0.00081	0.00350	0.00272	0.00274	0.55882
3	0.00986	0.00852	0.00897	0.00807	0.01031	0.00986	0.00628	0.02107	0.82876	0.01659	0.01614	0.01479	0.01210	0.00538	0.00403	0.00134	0.00314	0.00448	0.00403	0.00628
4	0.00822	0.00705	0.00822	0.00587	0.00940	0.00529	0.00470	0.00998	0.00822	0.01292	0.00705	0.00822	0.00587	0.00294	0.00294	0.00059	0.00294	0.00235	0.00235	0.88490
5	0.00753	0.04978	0.06184	0.03521	0.00907	0.02381	0.00585	0.09747	0.07648	0.01275	0.07779	0.08681	0.22471	0.01128	0.14967	0.00219	0.05457	0.00573	0.00308	0.00438
6	0.00647	0.00505	0.00592	0.00567	0.00682	0.00514	0.00420	0.01027	0.20997	0.01432	0.40185	0.13352	0.10717	0.05903	0.00549	0.00148	0.00237	0.00708	0.00401	0.00417

[dist]
# distance from previous block
# <min> <max>
3	6

[block]
# block no. 1 follows, 68 sequences, length 24
# corresponding to MSA columns:
# 49-72
name=unknown_B
#
# <colnr> <probs for GDERKNQSTAVLIFYWHMCP>
#	G	D	E	R	K	N	Q	S	T	A	V	L	I	F	Y	W	H	M	C	P
0	0.02697	0.36274	0.25999	0.00869	0.01252	0.10216	0.00912	0.07612	0.04209	0.04205	0.00740	0.02055	0.00595	0.00396	0.00328	0.00107	0.00492	0.00282	0.00216	0.00546
1	0.00983	0.01060	0.05317	0.14274	0.42589	0.12049	0.02588	0.01262	0.06146	0.01211	0.01903	0.02503	0.00699	0.00421	0.00444	0.00124	0.05298	0.00364	0.00211	0.00554
2	0.00555	0.00405	0.00521	0.00492	0.00588	0.00371	0.00369	0.00736	0.01107	0.01553	0.77764	0.03022	0.09384	0.00824	0.00468	0.00125	0.00188	0.00726	0.00432	0.00371
3	0.00566	0.00425	0.00637	0.00637	0.00708	0.00496	0.00496	0.00708	0.00637	0.00920	0.01062	0.01558	0.00991	0.02974	0.84494	0.00637	0.01062	0.00425	0.00212	0.00354
4	0.00825	0.11558	0.74766	0.01079	0.01637	0.00994	0.01376	0.01248	0.00834	0.01219	0.00693	0.00814	0.00503	0.00372	0.00363	0.00121	0.00568	0.00284	0.00168	0.00577
5	0.00822	0.00705	0.00822	0.00587	0.00940	0.00529	0.00470	0.00998	0.00822	0.01292	0.00705	0.00822	0.00587	0.00294	0.00294	0.00059	0.00294	0.00235	0.00235	0.88490
6	0.01614	0.00843	0.01013	0.00782	0.01083	0.00845	0.00645	0.35363	0.01420	0.46114	0.01291	0.01192	0.00855	0.00539	0.02270	0.00132	0.00391	0.00381	0.02567	0.00660
7	0.00795	0.02051	0.84011	0.01130	0.01716	0.00921	0.01465	0.01256	0.00837	0.01256	0.00712	0.00837	0.00502	0.00377	0.00377	0.00126	0.00586	0.00293	0.00167	0.00586
8	0.01060	0.86304	0.02078	0.00678	0.01018	0.01569	0.00678	0.01187	0.00806	0.00933	0.00551	0.00636	0.00509	0.00339	0.00254	0.00085	0.00424	0.00212	0.00170	0.00509
9	0.01431	0.01072	0.01147	0.00897	0.01200	0.01194	0.00735	0.70471	0.13788	0.02375	0.01049	0.01030	0.00753	0.00485	0.00398	0.00121	0.00418	0.00370	0.00398	0.00667
10	0.00576	0.00386	0.00440	0.00440	0.00443	0.00388	0.00250	0.00581	0.00579	0.00774	0.01242	0.02556	0.01425	0.83000	0.05061	0.00394	0.00409	0.00571	0.00239	0.00244
11	0.00491	0.00352	0.00473	0.00561	0.00588	0.00334	0.00382	0.00567	0.00758	0.01013	0.02130	0.79562	0.02536	0.01319	0.04435	0.00184	0.00273	0.03356	0.00361	0.00325
12	0.00499	0.00357	0.00458	0.00530	0.00558	0.00335	0.00352	0.00565	0.00752	0.00996	0.03532	0.66826	0.07084	0.12763	0.00710	0.00190	0.00251	0.02578	0.00352	0.00313
13	0.00497	0.00355	0.00476	0.00568	0.00597	0.00334	0.00393	0.00577	0.00773	0.01028	0.02177	0.78407	0.02591	0.01229	0.00510	0.00163	0.00242	0.08387	0.00368	0.00326
14	0.01060	0.86304	0.02078	0.00678	0.01018	0.01569	0.00678	0.01187	0.00806	0.00933	0.00551	0.00636	0.00509	0.00339	0.00254	0.00085	0.00424	0.00212	0.00170	0.00509
15	0.03183	0.00557	0.00666	0.00585	0.00752	0.00547	0.00455	0.10525	0.01037	0.24307	0.07791	0.17114	0.02569	0.00652	0.00402	0.00122	0.01772	0.00545	0.25936	0.00483
16	0.00516	0.00359	0.00450	0.00510	0.00525	0.00344	0.00323	0.00561	0.00695	0.00927	0.01859	0.56778	0.02210	0.30833	0.01034	0.00239	0.00284	0.00935	0.00323	0.00294
17	0.00800	0.02015	0.81052	0.01150	0.01729	0.00924	0.04388	0.01256	0.00841	0.01256	0.00715	0.00846	0.00506	0.00375	0.00380	0.00126	0.00589	0.00299	0.00169	0.00584
18	0.02135	0.04624	0.21313	0.01509	0.24851	0.02100	0.15789	0.14266	0.02333	0.03614	0.00842	0.01053	0.00657	0.00403	0.00400	0.00123	0.00519	0.02638	0.00238	0.00593
19	0.00819	0.19239	0.45753	0.00986	0.02554	0.00966	0.07260	0.01139	0.00844	0.01176	0.02712	0.06318	0.05743	0.00468	0.00372	0.00120	0.00494	0.00385	0.02127	0.00526
20	0.00821	0.00799	0.01380	0.10346	0.16067	0.02018	0.22877	0.02111	0.00849	0.01176	0.02323	0.16383	0.02345	0.00600	0.00564	0.00140	0.12593	0.02214	0.03921	0.00473
21	0.04594	0.12044	0.09610	0.00887	0.05362	0.09254	0.04024	0.12129	0.04220	0.05833	0.00977	0.04585	0.03111	0.00452	0.00378	0.00108	0.02712	0.00354	0.05055	0.14313
22	0.00762	0.00609	0.03787	0.03238	0.03281	0.03143	0.02292	0.06115	0.00758	0.04392	0.01058	0.01745	0.01032	0.28137	0.25803	0.08844	0.00610	0.01954	0.00240	0.02198
23	0.09989	0.00426	0.00498	0.02236	0.00647	0.00421	0.00387	0.02724	0.00795	0.01135	0.02184	0.59235	0.13641	0.03140	0.00505	0.00157	0.00249	0.00940	0.00349	0.00345

[dist]
# distance from previous block
# <min> <max>
2	20

[block]
# block no. 2 follows, 68 sequences, length 24
# corresponding to MSA columns:
# 94-117
name=unknown_C
#
# <colnr> <probs for GDERKNQSTAVLIFYWHMCP>
#	G	D	E	R	K	N	Q	S	T	A	V	L	I	F	Y	W	H	M	C	P
0	0.02128	0.00820	0.00885	0.02395	0.01023	0.05837	0.00554	0.07835	0.13108	0.09202	0.03776	0.01049	0.00824	0.00391	0.00339	0.00088	0.00339	0.00312	0.00301	0.48794
1	0.00513	0.00378	0.00474	0.00502	0.00569	0.00346	0.00354	0.00627	0.00907	0.01221	0.31779	0.38540	0.16632	0.04607	0.00549	0.00153	0.00216	0.00907	0.00387	0.00340
2	0.00632	0.00467	0.00578	0.00530	0.00646	0.00449	0.00403	0.06218	0.03927	0.01618	0.69732	0.02835	0.08857	0.00792	0.00461	0.00125	0.00209	0.00692	0.00428	0.00400
3	0.00771	0.00519	0.00578	0.00540	0.00667	0.00538	0.00410	0.08914	0.12927	0.01574	0.22781	0.10912	0.03566	0.00660	0.00385	0.00118	0.00234	0.00561	0.32914	0.00432
4	0.00795	0.02051	0.84011	0.01130	0.01716	0.00921	0.01465	0.01256	0.00837	0.01256	0.00712	0.00837	0.00502	0.00377	0.00377	0.00126	0.00586	0.00293	0.00167	0.00586
5	0.00488	0.00393	0.00427	0.00437	0.00541	0.00341	0.00316	0.00588	0.00887	0.01103	0.12798	0.15803	0.56887	0.06500	0.00574	0.00153	0.00215	0.00849	0.00368	0.00331
6	0.88866	0.00767	0.00583	0.00521	0.00767	0.00889	0.00429	0.01166	0.00675	0.01779	0.00552	0.00644	0.00429	0.00368	0.00245	0.00123	0.00307	0.00215	0.00245	0.00429
7	0.01111	0.00750	0.00836	0.00685	0.00932	0.00765	0.00546	0.19070	0.21496	0.12920	0.02586	0.02639	0.02656	0.00488	0.00364	0.00109	0.00312	0.00394	0.15815	0.15525
8	0.88866	0.00767	0.00583	0.00521	0.00767	0.00889	0.00429	0.01166	0.00675	0.01779	0.00552	0.00644	0.00429	0.00368	0.00245	0.00123	0.00307	0.00215	0.00245	0.00429
9	0.01483	0.01099	0.01176	0.00907	0.01220	0.01218	0.00748	0.78601	0.05572	0.02460	0.00982	0.00976	0.00699	0.00479	0.00397	0.00120	0.00431	0.00361	0.00397	0.00672
10	0.88866	0.00767	0.00583	0.00521	0.00767	0.00889	0.00429	0.01166	0.00675	0.01779	0.00552	0.00644	0.00429	0.00368	0.00245	0.00123	0.00307	0.00215	0.00245	0.00429
11	0.00500	0.00405	0.00447	0.00451	0.00571	0.00352	0.00345	0.00622	0.00940	0.01173	0.18201	0.05929	0.59960	0.00983	0.00476	0.00137	0.00213	0.07569	0.00380	0.00344
12	0.00542	0.00402	0.00506	0.00486	0.00582	0.00365	0.00362	0.00710	0.01069	0.01478	0.66610	0.07254	0.16438	0.00863	0.00470	0.00128	0.00191	0.00757	0.00422	0.00365
13	0.01065	0.00860	0.00918	0.00800	0.01032	0.00973	0.00628	0.17764	0.58647	0.03522	0.01590	0.05312	0.03954	0.00573	0.00409	0.00132	0.00331	0.00473	0.00401	0.00614
14	0.01118	0.00839	0.00911	0.00792	0.01032	0.00938	0.00624	0.09217	0.62816	0.12173	0.01619	0.01484	0.03550	0.00540	0.00404	0.00132	0.00324	0.00445	0.00413	0.00629
15	0.00577	0.00384	0.00432	0.00432	0.00432	0.00384	0.00240	0.00577	0.00577	0.00769	0.01249	0.02595	0.01441	0.86066	0.02018	0.00384	0.00384	0.00577	0.00240	0.00240
16	0.00570	0.00423	0.00524	0.00571	0.00663	0.00399	0.00454	0.01948	0.00896	0.01159	0.07021	0.18693	0.26497	0.03602	0.00546	0.00163	0.00279	0.32290	0.02951	0.00350
17	0.00868	0.00718	0.00902	0.00949	0.09388	0.07654	0.03181	0.03195	0.00921	0.07919	0.01748	0.09251	0.10993	0.00822	0.00582	0.00153	0.11336	0.28664	0.00316	0.00441
18	0.00982	0.00973	0.01854	0.05975	0.26206	0.02323	0.42209	0.01272	0.02445	0.05842	0.00878	0.02627	0.00702	0.00393	0.00452	0.00130	0.02052	0.01905	0.00224	0.00557
19	0.01226	0.01420	0.01135	0.01003	0.01137	0.46783	0.00787	0.06027	0.00965	0.01051	0.00623	0.00823	0.00548	0.00638	0.04869	0.00154	0.29848	0.00301	0.00205	0.00458
20	0.05361	0.03311	0.03129	0.07874	0.10234	0.06711	0.01711	0.03150	0.02185	0.01196	0.06753	0.06411	0.32235	0.00734	0.01375	0.00135	0.05228	0.00579	0.01259	0.00427
21	0.00498	0.00392	0.00443	0.00464	0.00556	0.00350	0.00335	0.00594	0.00854	0.01072	0.09239	0.20597	0.47656	0.08364	0.03462	0.00179	0.00257	0.04001	0.00357	0.00329
22	0.00786	0.00679	0.00842	0.00623	0.00930	0.00538	0.04233	0.00950	0.00811	0.01233	0.00961	0.02510	0.05553	0.06079	0.00448	0.00092	0.01756	0.00320	0.00243	0.70413
23	0.10482	0.10579	0.03538	0.01000	0.07529	0.18233	0.07652	0.13142	0.06705	0.01409	0.02345	0.00952	0.01744	0.00452	0.00423	0.03109	0.03006	0.00322	0.00252	0.07126

[dist]
# distance from previous block
# <min> <max>
0	11

[block]
# block no. 3 follows, 68 sequences, length 25
# corresponding to MSA columns:
# 129-153
name=unknown_D
#
# <colnr> <probs for GDERKNQSTAVLIFYWHMCP>
#	G	D	E	R	K	N	Q	S	T	A	V	L	I	F	Y	W	H	M	C	P
0	0.21009	0.00959	0.00955	0.00767	0.01052	0.08305	0.00625	0.29394	0.04120	0.27407	0.01046	0.01004	0.00719	0.00453	0.00360	0.00120	0.00397	0.00332	0.00375	0.00599
1	0.00517	0.00392	0.00472	0.00499	0.00573	0.00365	0.00355	0.00631	0.02181	0.01102	0.14558	0.30830	0.27855	0.09874	0.05164	0.00196	0.00281	0.03464	0.00357	0.00333
2	0.00623	0.00488	0.00669	0.00641	0.00687	0.00579	0.00481	0.00744	0.02730	0.00915	0.02601	0.01766	0.01104	0.25236	0.46227	0.00479	0.13003	0.00461	0.00224	0.00342
3	0.00503	0.00374	0.00458	0.00505	0.00562	0.00346	0.00349	0.00585	0.00796	0.01035	0.07242	0.44267	0.23276	0.11305	0.03692	0.00196	0.00273	0.03563	0.00351	0.00321
4	0.05329	0.00744	0.00908	0.00706	0.01009	0.00692	0.00576	0.08622	0.11301	0.48046	0.01317	0.01205	0.00888	0.00454	0.00373	0.00112	0.00334	0.00363	0.00415	0.16607
5	0.00960	0.00785	0.00845	0.00757	0.00961	0.00883	0.00586	0.10092	0.57677	0.02771	0.06035	0.08739	0.04371	0.02143	0.00446	0.00139	0.00310	0.00526	0.00399	0.00576
6	0.01060	0.86304	0.02078	0.00678	0.01018	0.01569	0.00678	0.01187	0.00806	0.00933	0.00551	0.00636	0.00509	0.00339	0.00254	0.00085	0.00424	0.00212	0.00170	0.00509
7	0.00505	0.00394	0.00457	0.00460	0.00562	0.00347	0.00338	0.00632	0.00962	0.01251	0.32684	0.15903	0.42148	0.00970	0.00474	0.00135	0.00200	0.00837	0.00393	0.00347
8	0.01485	0.01763	0.01134	0.01004	0.01226	0.70977	0.00764	0.14666	0.01244	0.01218	0.00668	0.00753	0.00537	0.00420	0.00364	0.00105	0.00670	0.00272	0.00235	0.00494
9	0.00819	0.00675	0.00796	0.00584	0.00909	0.00514	0.00464	0.00992	0.00844	0.03320	0.05395	0.03908	0.00844	0.00360	0.00313	0.00068	0.00287	0.00297	0.00257	0.78356
10	0.00780	0.00576	0.00753	0.00694	0.00732	0.02376	0.00522	0.02284	0.04854	0.03223	0.00993	0.07271	0.03752	0.07655	0.03849	0.35018	0.23675	0.00443	0.00225	0.00323
11	0.01729	0.00685	0.00914	0.00704	0.01003	0.00607	0.00580	0.05826	0.01160	0.77001	0.01525	0.01335	0.00968	0.00489	0.00394	0.00121	0.00337	0.00396	0.03562	0.00664
12	0.00615	0.00378	0.00435	0.00469	0.00543	0.00365	0.00340	0.00768	0.02222	0.01273	0.06362	0.31731	0.08813	0.00836	0.00400	0.00127	0.00213	0.04676	0.39079	0.00354
13	0.00968	0.07589	0.31471	0.05157	0.17255	0.07597	0.09917	0.03630	0.00932	0.05154	0.03399	0.02140	0.02207	0.00413	0.00388	0.00121	0.00529	0.00358	0.00217	0.00558
14	0.02536	0.00942	0.06803	0.00813	0.01104	0.03762	0.01857	0.17286	0.25051	0.28942	0.02889	0.01353	0.03811	0.00510	0.00399	0.00125	0.00377	0.00412	0.00402	0.00625
15	0.00919	0.00689	0.00777	0.00705	0.00886	0.00745	0.00553	0.08569	0.37819	0.07019	0.14888	0.03684	0.05831	0.05502	0.00525	0.00151	0.00308	0.09508	0.00398	0.00523
16	0.00783	0.00567	0.00805	0.07686	0.06679	0.00572	0.03981	0.06065	0.05049	0.08859	0.12016	0.36458	0.05229	0.00849	0.00468	0.00142	0.01230	0.01766	0.00355	0.00441
17	0.04860	0.15778	0.13154	0.07216	0.11831	0.11699	0.06053	0.04193	0.05137	0.13827	0.00856	0.00943	0.00641	0.00404	0.00377	0.00116	0.01785	0.00321	0.00252	0.00558
18	0.01012	0.00835	0.00891	0.00795	0.01020	0.00955	0.00620	0.03591	0.75521	0.04804	0.04289	0.01513	0.01275	0.00544	0.00405	0.00133	0.00313	0.00453	0.00408	0.00622
19	0.01122	0.03940	0.00903	0.00712	0.00921	0.06001	0.03649	0.12775	0.01122	0.23844	0.15921	0.03709	0.11257	0.02804	0.03410	0.00149	0.03349	0.02009	0.01896	0.00507
20	0.03285	0.05045	0.03224	0.14962	0.36047	0.03442	0.06057	0.07109	0.02097	0.06150	0.03598	0.03126	0.01701	0.00426	0.00391	0.00121	0.00460	0.00386	0.01815	0.00558
21	0.02169	0.05664	0.08224	0.13020	0.09598	0.02227	0.06484	0.05013	0.00855	0.03185	0.02395	0.19649	0.02603	0.00779	0.05576	0.00166	0.09500	0.00533	0.01895	0.00464
22	0.01465	0.01857	0.01116	0.01015	0.01220	0.81808	0.00762	0.01600	0.03735	0.00992	0.00645	0.00739	0.00533	0.00413	0.00359	0.00103	0.00702	0.00262	0.00211	0.00465
23	0.17557	0.06021	0.07048	0.02379	0.05771	0.17253	0.02235	0.08715	0.03822	0.07535	0.01007	0.03556	0.04746	0.00478	0.00397	0.00119	0.04672	0.00352	0.05836	0.00501
24	0.14923	0.04239	0.02299	0.00623	0.01936	0.01687	0.02127	0.08109	0.07429	0.07349	0.02773	0.03400	0.02063	0.00481	0.00352	0.00111	0.02866	0.00372	0.33438	0.03424

[dist]
# distance from previous block
# <min> <max>
0	25

[block]
# block no. 4 follows, 68 sequences, length 16
# corresponding to MSA columns:
# 179-194
name=unknown_E
#
# <colnr> <probs for GDERKNQSTAVLIFYWHMCP>
#	G	D	E	R	K	N	Q	S	T	A	V	L	I	F	Y	W	H	M	C	P
0	0.03917	0.01731	0.00750	0.06316	0.04785	0.07601	0.00546	0.03008	0.02760	0.04817	0.08738	0.11178	0.08069	0.09908	0.19788	0.00271	0.01426	0.02408	0.00287	0.01698
1	0.00603	0.00442	0.00535	0.00570	0.00633	0.02470	0.00406	0.03430	0.00841	0.02891	0.09928	0.46424	0.07255	0.09874	0.06243	0.00208	0.00326	0.06224	0.00351	0.00348
2	0.02651	0.47146	0.14786	0.00817	0.01178	0.02748	0.03101	0.14991	0.03359	0.02443	0.00717	0.00792	0.00578	0.00381	0.00312	0.00102	0.00451	0.00271	0.02626	0.00549
3	0.01013	0.00676	0.00798	0.00644	0.00887	0.00636	0.00512	0.12173	0.10856	0.15419	0.23888	0.01679	0.03562	0.00543	0.00390	0.00107	0.00289	0.00454	0.02082	0.23392
4	0.00622	0.00426	0.00503	0.00507	0.00604	0.00402	0.00369	0.02304	0.04795	0.04511	0.19651	0.28854	0.21162	0.02911	0.00487	0.00141	0.00225	0.00799	0.10353	0.00374
5	0.00821	0.00858	0.01706	0.36544	0.02227	0.00897	0.41592	0.01104	0.00862	0.01142	0.00873	0.07901	0.00734	0.00434	0.00441	0.00135	0.00574	0.00473	0.00204	0.00478
6	0.06859	0.00656	0.00765	0.00726	0.00900	0.00697	0.00608	0.16066	0.11956	0.06668	0.03533	0.02720	0.01579	0.00768	0.00449	0.00149	0.00348	0.37174	0.06899	0.00481
7	0.01231	0.45673	0.06093	0.00824	0.01145	0.18362	0.00755	0.19249	0.01107	0.01305	0.00661	0.00733	0.00546	0.00386	0.00314	0.00098	0.00495	0.00257	0.00227	0.00540
8	0.00508	0.00368	0.00502	0.05100	0.00695	0.00357	0.00412	0.00593	0.00767	0.01029	0.02081	0.76966	0.02460	0.01173	0.00495	0.00158	0.00249	0.03173	0.02584	0.00331
9	0.04865	0.00737	0.00796	0.00718	0.00914	0.02740	0.00555	0.01690	0.47000	0.12549	0.08909	0.08409	0.01481	0.02267	0.00457	0.01461	0.00308	0.01793	0.01800	0.00551
10	0.03589	0.08849	0.01118	0.03256	0.04380	0.03877	0.00693	0.25943	0.24385	0.07978	0.01131	0.03137	0.00886	0.04136	0.00497	0.00135	0.04690	0.00392	0.00341	0.00584
11	0.17914	0.00893	0.00908	0.00736	0.01009	0.07137	0.00601	0.25933	0.01220	0.23429	0.01069	0.01182	0.00791	0.00474	0.00361	0.00117	0.00382	0.04658	0.04047	0.07139
12	0.00521	0.00391	0.00468	0.00504	0.00576	0.00361	0.00360	0.00627	0.02254	0.01079	0.10115	0.32518	0.29168	0.09632	0.00668	0.02243	0.00247	0.07581	0.00357	0.00328
13	0.00797	0.00699	0.01155	0.62465	0.12603	0.00820	0.01016	0.01034	0.00824	0.04747	0.00966	0.06462	0.03826	0.00471	0.00406	0.00132	0.00482	0.00421	0.00212	0.00463
14	0.02460	0.14157	0.07839	0.04459	0.07557	0.06976	0.02640	0.12850	0.06599	0.03634	0.00794	0.00891	0.00625	0.00386	0.00366	0.00100	0.02732	0.00296	0.00251	0.24387
15	0.15916	0.01231	0.03148	0.09708	0.15468	0.28784	0.07336	0.01282	0.00891	0.01195	0.00641	0.00833	0.00527	0.00420	0.00474	0.00123	0.11028	0.00304	0.00202	0.00487

[dist]
# distance from previous block
# <min> <max>
0	1

[block]
# block no. 5 follows, 68 sequences, length 14
# corresponding to MSA columns:
# 196-209
name=unknown_F
#
# <colnr> <probs for GDERKNQSTAVLIFYWHMCP>
#	G	D	E	R	K	N	Q	S	T	A	V	L	I	F	Y	W	H	M	C	P
0	0.00526	0.00418	0.00474	0.00462	0.00579	0.00375	0.00346	0.00699	0.04173	0.01296	0.35091	0.06987	0.45311	0.00920	0.00467	0.00131	0.00201	0.00787	0.00396	0.00361
1	0.01060	0.86304	0.02078	0.00678	0.01018	0.01569	0.00678	0.01187	0.00806	0.00933	0.00551	0.00636	0.00509	0.00339	0.00254	0.00085	0.00424	0.00212	0.00170	0.00509
2	0.00522	0.00388	0.00492	0.00519	0.00592	0.00361	0.00378	0.00645	0.00903	0.01211	0.28784	0.31490	0.18499	0.03028	0.05335	0.00178	0.00270	0.05684	0.00378	0.00344
3	0.00490	0.00350	0.00468	0.00560	0.00587	0.00328	0.00381	0.00565	0.00766	0.01020	0.02181	0.81989	0.02606	0.01235	0.00508	0.00162	0.00236	0.04873	0.00368	0.00324
4	0.00530	0.00398	0.00487	0.00476	0.00571	0.00359	0.00350	0.00678	0.01015	0.01375	0.52489	0.10982	0.24498	0.03391	0.00517	0.00138	0.00200	0.00783	0.00406	0.00355
5	0.00577	0.00384	0.00432	0.00432	0.00432	0.00384	0.00240	0.00577	0.00577	0.00769	0.01249	0.02595	0.01441	0.86066	0.02018	0.00384	0.00384	0.00577	0.00240	0.00240
6	0.01481	0.01890	0.01124	0.01021	0.01226	0.84474	0.00766	0.01583	0.01124	0.00970	0.00613	0.00715	0.00511	0.00409	0.00358	0.00102	0.00715	0.00255	0.00204	0.00460
7	0.00822	0.00705	0.00822	0.00587	0.00940	0.00529	0.00470	0.00998	0.00822	0.01292	0.00705	0.00822	0.00587	0.00294	0.00294	0.00059	0.00294	0.00235	0.00235	0.88490
8	0.00822	0.00705	0.00822	0.00587	0.00940	0.00529	0.00470	0.00998	0.00822	0.01292	0.00705	0.00822	0.00587	0.00294	0.00294	0.00059	0.00294	0.00235	0.00235	0.88490
9	0.00566	0.00425	0.00637	0.00637	0.00708	0.00496	0.00496	0.00708	0.00637	0.00920	0.01062	0.01558	0.00991	0.02974	0.84494	0.00637	0.01062	0.00425	0.00212	0.00354
10	0.00561	0.00405	0.00530	0.00499	0.00592	0.00374	0.00374	0.00748	0.01122	0.01590	0.83383	0.02962	0.03741	0.00811	0.00468	0.00125	0.00187	0.00717	0.00436	0.00374
11	0.00822	0.00705	0.00822	0.00587	0.00940	0.00529	0.00470	0.00998	0.00822	0.01292	0.00705	0.00822	0.00587	0.00294	0.00294	0.00059	0.00294	0.00235	0.00235	0.88490
12	0.01653	0.04963	0.02897	0.00757	0.01069	0.02647	0.00641	0.15108	0.03065	0.60868	0.01375	0.01226	0.00892	0.00478	0.00390	0.00120	0.00371	0.00378	0.00444	0.00659
13	0.02826	0.11312	0.58144	0.01003	0.01486	0.00997	0.01201	0.07598	0.02791	0.01315	0.00746	0.00899	0.00568	0.03563	0.00440	0.00130	0.02195	0.00301	0.00197	0.02289

[dist]
# distance from previous block
# <min> <max>
0	1

[block]
# block no. 6 follows, 68 sequences, length 7
# corresponding to MSA columns:
# 212-218
name=unknown_G
#
# <colnr> <probs for GDERKNQSTAVLIFYWHMCP>
#	G	D	E	R	K	N	Q	S	T	A	V	L	I	F	Y	W	H	M	C	P
0	0.04771	0.06027	0.26996	0.00910	0.03540	0.02740	0.02195	0.07406	0.14999	0.04936	0.02358	0.01072	0.00772	0.02313	0.01820	0.00131	0.03517	0.00339	0.03464	0.09693
1	0.00553	0.00405	0.00521	0.00506	0.00599	0.00372	0.00382	0.00726	0.01073	0.01493	0.67789	0.07361	0.10627	0.00865	0.00474	0.00131	0.00200	0.05133	0.00423	0.00367
2	0.00820	0.00831	0.08600	0.00638	0.01012	0.00565	0.00563	0.01022	0.00824	0.01289	0.00705	0.00824	0.00579	0.00301	0.00301	0.00065	0.00321	0.00240	0.00229	0.80270
3	0.02067	0.09011	0.17794	0.03166	0.03849	0.03966	0.05334	0.09682	0.04045	0.06561	0.03305	0.03044	0.08679	0.00570	0.02858	0.00131	0.01784	0.02168	0.00271	0.11716
4	0.04426	0.00473	0.00578	0.06164	0.00786	0.00458	0.00445	0.00780	0.02787	0.03179	0.17297	0.10326	0.28363	0.02943	0.08341	0.00186	0.00335	0.06603	0.00341	0.05187
5	0.00912	0.00788	0.04456	0.00638	0.00996	0.00595	0.00537	0.06434	0.00907	0.05326	0.00763	0.00857	0.00608	0.00319	0.00309	0.00069	0.00318	0.00253	0.00255	0.74661
6	0.04752	0.10025	0.16409	0.06017	0.06765	0.07230	0.03581	0.12008	0.06770	0.13883	0.02882	0.03665	0.02001	0.00465	0.00392	0.00121	0.01811	0.00371	0.00288	0.00563

[dist]
# distance from previous block
# <min> <max>
0	21

[block]
# block no. 7 follows, 68 sequences, length 31
# corresponding to MSA columns:
# 240-270
name=unknown_H
#
# <colnr> <probs for GDERKNQSTAVLIFYWHMCP>
#	G	D	E	R	K	N	Q	S	T	A	V	L	I	F	Y	W	H	M	C	P
0	0.05854	0.30528	0.12277	0.02198	0.05351	0.04044	0.03154	0.06784	0.02577	0.02969	0.02048	0.00886	0.00643	0.00566	0.06260	0.00141	0.03340	0.00290	0.00219	0.09875
1	0.03076	0.21792	0.08799	0.09022	0.11197	0.01855	0.05976	0.02723	0.12045	0.03379	0.09459	0.05706	0.01112	0.00492	0.00376	0.00119	0.00417	0.01670	0.00263	0.00520
2	0.00694	0.00377	0.00577	0.08077	0.00714	0.00392	0.00412	0.00561	0.00541	0.00718	0.00690	0.01192	0.00674	0.01290	0.01447	0.80570	0.00361	0.00345	0.00173	0.00196
3	0.00492	0.00352	0.00468	0.00546	0.00577	0.00328	0.00369	0.00573	0.00798	0.01075	0.10963	0.76851	0.02743	0.01196	0.00502	0.00157	0.00225	0.01083	0.00375	0.00328
4	0.01072	0.71849	0.05933	0.00713	0.01052	0.01469	0.00709	0.08418	0.00894	0.01083	0.00617	0.00737	0.00553	0.03089	0.00329	0.00099	0.00432	0.00241	0.00192	0.00519
5	0.00500	0.00359	0.00465	0.00527	0.00568	0.00333	0.00358	0.00581	0.00810	0.01082	0.13486	0.62716	0.09598	0.03931	0.00571	0.02182	0.00229	0.01010	0.00369	0.00324
6	0.01779	0.00675	0.00920	0.00705	0.01012	0.00583	0.00583	0.01932	0.01135	0.83867	0.01564	0.01350	0.00981	0.00491	0.00399	0.00123	0.00337	0.00399	0.00491	0.00675
7	0.00483	0.00345	0.00460	0.00552	0.00575	0.00322	0.00368	0.00552	0.00759	0.01012	0.02185	0.85807	0.02622	0.01242	0.00506	0.00161	0.00230	0.01127	0.00368	0.00322
8	0.00623	0.07508	0.16567	0.00682	0.00852	0.02425	0.00620	0.00786	0.00825	0.01108	0.08726	0.49353	0.03639	0.00940	0.00456	0.00144	0.00325	0.03709	0.00316	0.00397
9	0.88866	0.00767	0.00583	0.00521	0.00767	0.00889	0.00429	0.01166	0.00675	0.01779	0.00552	0.00644	0.00429	0.00368	0.00245	0.00123	0.00307	0.00215	0.00245	0.00429
10	0.88866	0.00767	0.00583	0.00521	0.00767	0.00889	0.00429	0.01166	0.00675	0.01779	0.00552	0.00644	0.00429	0.00368	0.00245	0.00123	0.00307	0.00215	0.00245	0.00429
11	0.01027	0.13910	0.21167	0.01162	0.17870	0.02017	0.00940	0.10215	0.01898	0.06521	0.01847	0.00912	0.00643	0.00383	0.00368	0.00106	0.01989	0.00304	0.00238	0.16484
12	0.01078	0.64639	0.06098	0.00776	0.01108	0.09590	0.03287	0.01301	0.06996	0.01018	0.00653	0.00731	0.00564	0.00363	0.00289	0.00094	0.00460	0.00246	0.00191	0.00518
13	0.88866	0.00767	0.00583	0.00521	0.00767	0.00889	0.00429	0.01166	0.00675	0.01779	0.00552	0.00644	0.00429	0.00368	0.00245	0.00123	0.00307	0.00215	0.00245	0.00429
14	0.00639	0.00456	0.00639	0.00730	0.00821	0.00456	0.00639	0.00821	0.00913	0.01187	0.02099	0.04472	0.02282	0.01095	0.00548	0.00183	0.00365	0.80924	0.00365	0.00365
15	0.00803	0.17326	0.17641	0.00766	0.02137	0.00767	0.05215	0.01032	0.00967	0.06568	0.32913	0.05007	0.04778	0.00608	0.00406	0.00120	0.00357	0.01805	0.00312	0.00470
16	0.00539	0.00418	0.00492	0.00471	0.00584	0.00378	0.00354	0.00723	0.03650	0.01392	0.50160	0.03244	0.34396	0.00877	0.00466	0.00129	0.00196	0.00755	0.00409	0.00367
17	0.00986	0.00852	0.00897	0.00807	0.01031	0.00986	0.00628	0.02107	0.82876	0.01659	0.01614	0.01479	0.01210	0.00538	0.00403	0.00134	0.00314	0.00448	0.00403	0.00628
18	0.03725	0.05687	0.03522	0.05855	0.02414	0.21194	0.09186	0.03750	0.06089	0.01061	0.03343	0.01064	0.00731	0.00738	0.00767	0.29434	0.00488	0.00342	0.00216	0.00394
19	0.01045	0.00982	0.02704	0.24160	0.29760	0.03153	0.13089	0.01224	0.01023	0.01397	0.07399	0.06251	0.04549	0.00612	0.00507	0.00165	0.00546	0.00524	0.00297	0.00613
20	0.00529	0.00380	0.00503	0.00535	0.00595	0.00354	0.00384	0.00661	0.00944	0.01303	0.41803	0.41423	0.03152	0.01024	0.00489	0.00144	0.00216	0.04810	0.00401	0.00350
21	0.00482	0.00350	0.00455	0.00539	0.00572	0.00323	0.00362	0.00554	0.00772	0.01017	0.02349	0.78479	0.09845	0.01221	0.00503	0.00159	0.00227	0.01101	0.00368	0.00323
22	0.06555	0.31364	0.11417	0.01964	0.05261	0.19009	0.03502	0.02831	0.00896	0.04444	0.00698	0.02741	0.00598	0.01646	0.00408	0.00113	0.05549	0.00293	0.00207	0.00506
23	0.04908	0.02295	0.04866	0.04921	0.02643	0.25783	0.14874	0.21038	0.02631	0.04491	0.02887	0.02399	0.00720	0.00441	0.00402	0.00119	0.01711	0.00360	0.01974	0.00535
24	0.00490	0.00351	0.00464	0.00551	0.00578	0.00328	0.00372	0.00562	0.00762	0.01012	0.02193	0.79153	0.04238	0.03690	0.00550	0.00168	0.00238	0.03616	0.00364	0.00321
25	0.07205	0.36636	0.10435	0.00919	0.05230	0.06974	0.04418	0.11043	0.01933	0.03964	0.00700	0.00808	0.00570	0.00464	0.02650	0.00122	0.04890	0.00281	0.00222	0.00534
26	0.01046	0.11619	0.10068	0.10333	0.08223	0.08814	0.04764	0.14490	0.13388	0.02302	0.01024	0.02718	0.01951	0.00488	0.00408	0.00124	0.02214	0.05208	0.00271	0.00547
27	0.00600	0.00502	0.00603	0.00666	0.08028	0.00483	0.00444	0.00820	0.09127	0.01185	0.12526	0.04259	0.44550	0.07811	0.02818	0.00167	0.01447	0.03226	0.00347	0.00390
28	0.00492	0.00354	0.00468	0.00556	0.00588	0.00330	0.00381	0.00569	0.00774	0.01025	0.02254	0.77736	0.05874	0.01224	0.00507	0.00161	0.00237	0.05777	0.00368	0.00325
29	0.01544	0.00987	0.01085	0.00847	0.01150	0.03734	0.00694	0.49627	0.08166	0.26225	0.01174	0.01103	0.00802	0.00483	0.00397	0.00121	0.00407	0.00373	0.00418	0.00664
30	0.03535	0.03548	0.10110	0.04266	0.09776	0.00789	0.02762	0.12652	0.04385	0.04250	0.04346	0.05723	0.00887	0.00448	0.00375	0.00105	0.01674	0.00372	0.04309	0.25686

[dist]
# distance from previous block
# <min> <max>
0	1

[block]
# block no. 8 follows, 68 sequences, length 21
# corresponding to MSA columns:
# 272-292
name=unknown_I
#
# <colnr> <probs for GDERKNQSTAVLIFYWHMCP>
#	G	D	E	R	K	N	Q	S	T	A	V	L	I	F	Y	W	H	M	C	P
0	0.08020	0.12127	0.05978	0.07601	0.09847	0.28947	0.06018	0.08632	0.02653	0.01254	0.00757	0.00888	0.02261	0.00413	0.00385	0.00114	0.03063	0.00308	0.00222	0.00511
1	0.88866	0.00767	0.00583	0.00521	0.00767	0.00889	0.00429	0.01166	0.00675	0.01779	0.00552	0.00644	0.00429	0.00368	0.00245	0.00123	0.00307	0.00215	0.00245	0.00429
2	0.00627	0.00556	0.07389	0.00549	0.00689	0.00441	0.00463	0.00804	0.00980	0.04355	0.40301	0.10116	0.18316	0.00802	0.00469	0.00128	0.02945	0.00685	0.08995	0.00392
3	0.01694	0.00656	0.00893	0.00691	0.00983	0.00568	0.00568	0.01850	0.01134	0.78129	0.07271	0.01462	0.01174	0.00513	0.00404	0.00123	0.00327	0.00421	0.00487	0.00654
4	0.00569	0.00425	0.00632	0.00635	0.00705	0.00492	0.00494	0.00709	0.00645	0.00925	0.01100	0.01678	0.01044	0.04920	0.79764	0.00616	0.01023	0.03055	0.00218	0.00352
5	0.00477	0.00398	0.00416	0.00420	0.00543	0.00337	0.00312	0.00583	0.00912	0.01110	0.10494	0.09463	0.71163	0.01005	0.00471	0.00135	0.00202	0.00847	0.00374	0.00337
6	0.00483	0.00345	0.00460	0.00552	0.00575	0.00322	0.00368	0.00552	0.00759	0.01012	0.02185	0.85807	0.02622	0.01242	0.00506	0.00161	0.00230	0.01127	0.00368	0.00322
7	0.00577	0.00384	0.00432	0.00432	0.00432	0.00384	0.00240	0.00577	0.00577	0.00769	0.01249	0.02595	0.01441	0.86066	0.02018	0.00384	0.00384	0.00577	0.00240	0.00240
8	0.00739	0.00370	0.00370	0.00370	0.00462	0.00370	0.00277	0.00924	0.00831	0.01478	0.01293	0.01478	0.01016	0.00462	0.00277	0.00092	0.00185	0.00370	0.88267	0.00370
9	0.01657	0.00789	0.06761	0.00851	0.06578	0.00630	0.00687	0.01837	0.01099	0.72589	0.01450	0.01289	0.00924	0.00474	0.00397	0.00123	0.00364	0.00388	0.00449	0.00665
10	0.00816	0.00748	0.01221	0.75937	0.02590	0.00913	0.03343	0.07620	0.00884	0.01141	0.00728	0.01049	0.00542	0.00401	0.00398	0.00131	0.00525	0.00356	0.00195	0.00462
11	0.01481	0.01890	0.01124	0.01021	0.01226	0.84474	0.00766	0.01583	0.01124	0.00970	0.00613	0.00715	0.00511	0.00409	0.00358	0.00102	0.00715	0.00255	0.00204	0.00460
12	0.01039	0.01084	0.01427	0.10133	0.49615	0.17281	0.02631	0.01230	0.00903	0.01161	0.00699	0.00937	0.00589	0.00423	0.00486	0.02741	0.06545	0.00336	0.00194	0.00548
13	0.00825	0.00714	0.00845	0.00614	0.00946	0.00568	0.00493	0.00996	0.00810	0.01272	0.00694	0.00825	0.00583	0.00317	0.00352	0.00065	0.05224	0.00241	0.00231	0.83385
14	0.00843	0.14732	0.37307	0.01065	0.08371	0.00941	0.05063	0.01227	0.08591	0.01232	0.02672	0.09385	0.00870	0.00472	0.00376	0.00119	0.00468	0.00397	0.00224	0.05644
15	0.00877	0.08905	0.35918	0.03271	0.10305	0.02018	0.15234	0.03570	0.04441	0.01258	0.02222	0.03633	0.02586	0.01570	0.00436	0.00128	0.02485	0.00382	0.00210	0.00549
16	0.00554	0.00405	0.00527	0.00503	0.00596	0.00378	0.00377	0.00729	0.01068	0.01499	0.70950	0.04735	0.08838	0.00974	0.05961	0.00160	0.00246	0.00715	0.00416	0.00369
17	0.01135	0.00622	0.00852	0.00801	0.07927	0.00578	0.02975	0.03374	0.05832	0.34299	0.20053	0.02091	0.12769	0.00634	0.00427	0.00126	0.00306	0.02788	0.01872	0.00537
18	0.00974	0.05067	0.28893	0.04390	0.25161	0.03821	0.09185	0.07601	0.00966	0.04414	0.02135	0.04065	0.00710	0.00416	0.00394	0.00122	0.00516	0.00371	0.00222	0.00577
19	0.03703	0.05055	0.08287	0.07665	0.14698	0.10819	0.03908	0.09556	0.04567	0.02576	0.04209	0.03010	0.10294	0.01596	0.04342	0.00150	0.04377	0.00424	0.00260	0.00505
20	0.00606	0.00430	0.00562	0.00622	0.00693	0.00423	0.00503	0.00729	0.00824	0.01067	0.02071	0.05424	0.10166	0.20713	0.00896	0.01786	0.00350	0.51472	0.00333	0.00329

[dist]
# distance from previous block
# <min> <max>
1	8

[block]
# block no. 9 follows, 68 sequences, length 25
# corresponding to MSA columns:
# 301-325
name=unknown_J
#
# <colnr> <probs for GDERKNQSTAVLIFYWHMCP>
#	G	D	E	R	K	N	Q	S	T	A	V	L	I	F	Y	W	H	M	C	P
0	0.05288	0.05545	0.02152	0.20591	0.13974	0.04581	0.09299	0.03478	0.00854	0.03828	0.00911	0.09404	0.00830	0.02122	0.03265	0.00984	0.05752	0.01560	0.00230	0.05353
1	0.55471	0.00924	0.04237	0.02202	0.06934	0.09671	0.00594	0.03238	0.00805	0.01577	0.03234	0.02505	0.02060	0.00448	0.00320	0.00124	0.01446	0.03506	0.00251	0.00452
2	0.00672	0.00353	0.00521	0.00521	0.00526	0.00359	0.00350	0.00536	0.00530	0.00712	0.00755	0.01325	0.00762	0.07063	0.08211	0.75663	0.00404	0.00366	0.00180	0.00191
3	0.01059	0.12408	0.05524	0.01224	0.19558	0.16255	0.06385	0.09644	0.03504	0.02983	0.05895	0.04133	0.07068	0.00495	0.00405	0.00117	0.02147	0.00410	0.00258	0.00527
4	0.00773	0.00491	0.00603	0.00549	0.00688	0.00467	0.00431	0.07572	0.01117	0.09907	0.45198	0.02730	0.12472	0.00767	0.00445	0.00127	0.00239	0.07052	0.07952	0.00423
5	0.00901	0.17041	0.45898	0.02845	0.09449	0.01049	0.02376	0.01336	0.10093	0.02543	0.00798	0.00904	0.00605	0.00394	0.00379	0.00120	0.02183	0.00308	0.00203	0.00575
6	0.00596	0.00513	0.04185	0.08366	0.02089	0.00478	0.00526	0.00788	0.05371	0.01172	0.12388	0.46413	0.03170	0.00953	0.00482	0.00147	0.01931	0.04555	0.05497	0.00380
7	0.00549	0.00471	0.02894	0.00491	0.00621	0.00401	0.00387	0.00750	0.04730	0.01368	0.44284	0.03189	0.36682	0.00866	0.00463	0.00129	0.00210	0.00742	0.00399	0.00375
8	0.03819	0.01031	0.28193	0.00793	0.03460	0.02083	0.03429	0.00938	0.00895	0.03595	0.08651	0.06668	0.30944	0.00708	0.00428	0.00132	0.00374	0.03115	0.00293	0.00452
9	0.01809	0.01115	0.11627	0.06318	0.11165	0.10733	0.06873	0.02125	0.05969	0.03277	0.00804	0.01041	0.02036	0.02543	0.02647	0.00157	0.28686	0.00361	0.00213	0.00500
10	0.00757	0.00714	0.01205	0.82040	0.05736	0.00883	0.01105	0.01021	0.00797	0.01024	0.00706	0.01054	0.00532	0.00395	0.00396	0.00132	0.00526	0.00352	0.00177	0.00447
11	0.00974	0.00932	0.01575	0.05044	0.78615	0.00941	0.01196	0.01236	0.03260	0.01297	0.00769	0.00998	0.00642	0.00360	0.00393	0.00119	0.00468	0.00356	0.00202	0.00622
12	0.01568	0.00708	0.05603	0.00680	0.00971	0.00570	0.00588	0.01743	0.01073	0.66857	0.01475	0.01339	0.00959	0.00480	0.00379	0.00118	0.00329	0.00388	0.13547	0.00624
13	0.88866	0.00767	0.00583	0.00521	0.00767	0.00889	0.00429	0.01166	0.00675	0.01779	0.00552	0.00644	0.00429	0.00368	0.00245	0.00123	0.00307	0.00215	0.00245	0.00429
14	0.00692	0.00365	0.00555	0.05368	0.00644	0.00375	0.00388	0.00545	0.00532	0.00707	0.00690	0.01197	0.00680	0.01321	0.01483	0.83398	0.00355	0.00345	0.00172	0.00188
15	0.00795	0.02051	0.84011	0.01130	0.01716	0.00921	0.01465	0.01256	0.00837	0.01256	0.00712	0.00837	0.00502	0.00377	0.00377	0.00126	0.00586	0.00293	0.00167	0.00586
16	0.00591	0.03453	0.06770	0.00559	0.00694	0.00454	0.00471	0.00787	0.01057	0.01483	0.65170	0.07544	0.05558	0.00801	0.00458	0.00127	0.00233	0.03002	0.00399	0.00390
17	0.00483	0.00345	0.00460	0.00552	0.00575	0.00322	0.00368	0.00552	0.00759	0.01012	0.02185	0.85807	0.02622	0.01242	0.00506	0.00161	0.00230	0.01127	0.00368	0.00322
18	0.01470	0.01055	0.01139	0.00883	0.01189	0.01162	0.00726	0.71012	0.07335	0.06577	0.01035	0.01019	0.00734	0.00481	0.00395	0.00120	0.00418	0.00366	0.02221	0.00665
19	0.00533	0.00404	0.00491	0.00469	0.00575	0.00362	0.00352	0.00694	0.01056	0.01433	0.59326	0.03221	0.27897	0.00869	0.00468	0.00127	0.00191	0.00753	0.00416	0.00362
20	0.00557	0.00399	0.00581	0.00601	0.00657	0.00439	0.00448	0.00655	0.00669	0.00938	0.03161	0.20375	0.02704	0.02371	0.55440	0.08052	0.00782	0.00588	0.00251	0.00331
21	0.00848	0.00870	0.06383	0.53428	0.25186	0.00915	0.01141	0.04415	0.00870	0.01168	0.00727	0.01018	0.00561	0.00386	0.00394	0.00127	0.00512	0.00349	0.00190	0.00511
22	0.00568	0.00386	0.00430	0.00430	0.00441	0.00380	0.00245	0.00576	0.00603	0.00793	0.01471	0.02692	0.07996	0.79266	0.01894	0.00364	0.00370	0.00597	0.00250	0.00248
23	0.00833	0.00811	0.08291	0.05138	0.07702	0.00771	0.03753	0.06320	0.21793	0.02451	0.06195	0.04608	0.06488	0.03313	0.11075	0.01524	0.03237	0.03832	0.01368	0.00498
24	0.00793	0.00744	0.01245	0.54465	0.23863	0.00863	0.01069	0.01030	0.00814	0.01086	0.00824	0.07537	0.00715	0.00458	0.00429	0.00132	0.02843	0.00412	0.00196	0.00481

[dist]
# distance from previous block
# <min> <max>
0	6

# created by:
# /st0/software/busco_prod/Augustus/scripts/msa2prfl.pl ./align_prep/34531.fa
