[name]
unknown

[dist]
# distance from previous block
# <min> <max>
0	57

[block]
# block no. 0 follows, 74 sequences, length 22
# corresponding to MSA columns:
# 60-81
name=unknown_A
#
# <colnr> <probs for GDERKNQSTAVLIFYWHMCP>
#	G	D	E	R	K	N	Q	S	T	A	V	L	I	F	Y	W	H	M	C	P
0	0.03549	0.00690	0.00922	0.02237	0.15605	0.00629	0.02915	0.07844	0.02655	0.06179	0.02034	0.11465	0.00921	0.00461	0.00347	0.00096	0.00325	0.03409	0.00264	0.37452
1	0.00949	0.05022	0.03235	0.27399	0.30625	0.15122	0.02949	0.03942	0.03028	0.02133	0.00711	0.01960	0.00575	0.00371	0.00360	0.00112	0.00491	0.00322	0.00194	0.00498
2	0.00454	0.00375	0.00398	0.00395	0.00511	0.00319	0.00295	0.00561	0.00878	0.01086	0.17705	0.05356	0.68555	0.00914	0.00439	0.00124	0.00186	0.00770	0.00356	0.00319
3	0.00738	0.00606	0.00675	0.00641	0.00784	0.00665	0.00483	0.02752	0.46388	0.01393	0.15293	0.22411	0.04188	0.00717	0.00413	0.00130	0.00254	0.00624	0.00374	0.00472
4	0.00520	0.00379	0.00489	0.00462	0.00552	0.00348	0.00346	0.00691	0.01039	0.01461	0.79871	0.02818	0.08092	0.00769	0.00438	0.00117	0.00176	0.00678	0.00405	0.00348
5	0.00457	0.00326	0.00436	0.00522	0.00546	0.00306	0.00353	0.00525	0.00715	0.00953	0.02043	0.83993	0.02444	0.01158	0.00475	0.00151	0.00220	0.03728	0.00344	0.00303
6	0.00439	0.00376	0.00376	0.00376	0.00501	0.00313	0.00282	0.00533	0.00846	0.01003	0.03760	0.03572	0.84489	0.00940	0.00439	0.00125	0.00188	0.00783	0.00345	0.00313
7	0.01411	0.01040	0.01114	0.00854	0.01151	0.01151	0.00706	0.83402	0.01745	0.02339	0.00891	0.00891	0.00631	0.00446	0.00371	0.00111	0.00408	0.00334	0.00371	0.00631
8	0.89577	0.00718	0.00546	0.00488	0.00718	0.00833	0.00402	0.01091	0.00632	0.01665	0.00517	0.00603	0.00402	0.00345	0.00230	0.00115	0.00287	0.00201	0.00230	0.00402
9	0.03654	0.01177	0.01087	0.00865	0.01139	0.17984	0.00700	0.64940	0.01578	0.02036	0.00818	0.00840	0.00595	0.00430	0.00360	0.00108	0.00457	0.00312	0.00332	0.00585
10	0.89577	0.00718	0.00546	0.00488	0.00718	0.00833	0.00402	0.01091	0.00632	0.01665	0.00517	0.00603	0.00402	0.00345	0.00230	0.00115	0.00287	0.00201	0.00230	0.00402
11	0.01294	0.00982	0.01048	0.00830	0.01107	0.01096	0.00677	0.63879	0.21459	0.02151	0.01040	0.01010	0.00752	0.00459	0.00373	0.00115	0.00381	0.00355	0.00373	0.00621
12	0.01387	0.01769	0.01052	0.00956	0.01148	0.85465	0.00717	0.01482	0.01052	0.00908	0.00574	0.00669	0.00478	0.00383	0.00335	0.00096	0.00669	0.00239	0.00191	0.00430
13	0.00457	0.00325	0.00429	0.00510	0.00531	0.00305	0.00338	0.00518	0.00701	0.00935	0.01996	0.81936	0.02392	0.06025	0.00554	0.00163	0.00224	0.01026	0.00338	0.00297
14	0.00876	0.01001	0.02190	0.01564	0.01940	0.00939	0.83292	0.01189	0.00876	0.01189	0.00751	0.01001	0.00563	0.00313	0.00438	0.00125	0.00626	0.00438	0.00188	0.00501
15	0.01655	0.00649	0.00872	0.00669	0.00956	0.00571	0.00552	0.05257	0.01091	0.81408	0.01440	0.01248	0.00907	0.00459	0.00373	0.00115	0.00320	0.00372	0.00456	0.00632
16	0.00450	0.00332	0.00422	0.00493	0.00532	0.00303	0.00334	0.00519	0.00733	0.00957	0.02332	0.72811	0.16172	0.01126	0.00468	0.00146	0.00211	0.01010	0.00345	0.00303
17	0.00446	0.00373	0.00390	0.00403	0.00516	0.00317	0.00301	0.00541	0.00833	0.01002	0.03515	0.11958	0.72919	0.00966	0.00445	0.00130	0.00197	0.04091	0.00345	0.00313
18	0.01016	0.75927	0.05570	0.00682	0.00999	0.08770	0.00675	0.01147	0.00781	0.00890	0.00528	0.00610	0.00476	0.00325	0.00252	0.00083	0.00427	0.00205	0.00162	0.00476
19	0.01588	0.03150	0.00933	0.02174	0.02537	0.03541	0.00585	0.07757	0.01094	0.70591	0.01337	0.01186	0.00857	0.00448	0.00368	0.00113	0.00342	0.00359	0.00425	0.00616
20	0.00894	0.00928	0.10883	0.03127	0.16259	0.00796	0.23700	0.11022	0.03338	0.05862	0.05324	0.01414	0.12059	0.00460	0.00397	0.00118	0.00438	0.00437	0.02034	0.00509
21	0.02330	0.04885	0.10248	0.04142	0.32384	0.05316	0.03383	0.05379	0.04689	0.18580	0.00959	0.03510	0.01711	0.00408	0.00364	0.00113	0.00424	0.00355	0.00262	0.00559

[dist]
# distance from previous block
# <min> <max>
0	9

[block]
# block no. 1 follows, 74 sequences, length 31
# corresponding to MSA columns:
# 91-121
name=unknown_B
#
# <colnr> <probs for GDERKNQSTAVLIFYWHMCP>
#	G	D	E	R	K	N	Q	S	T	A	V	L	I	F	Y	W	H	M	C	P
0	0.00860	0.17589	0.25109	0.06547	0.18491	0.02264	0.06740	0.02414	0.08503	0.01151	0.00841	0.00962	0.03652	0.00379	0.00355	0.00110	0.01451	0.00319	0.00198	0.02065
1	0.00447	0.00374	0.00383	0.00384	0.00499	0.00317	0.00283	0.00538	0.00832	0.01001	0.06133	0.05574	0.75223	0.05734	0.00520	0.00139	0.00198	0.00773	0.00340	0.00309
2	0.00885	0.01607	0.00787	0.00690	0.02294	0.03911	0.01871	0.11670	0.27812	0.05828	0.24727	0.01772	0.06031	0.01884	0.00433	0.00122	0.02464	0.00482	0.04243	0.00485
3	0.00913	0.00868	0.03046	0.18185	0.06626	0.02789	0.22958	0.14448	0.00937	0.03028	0.02079	0.05560	0.00707	0.00468	0.00532	0.01132	0.13344	0.00401	0.01501	0.00478
4	0.00525	0.00379	0.00496	0.00467	0.00555	0.00350	0.00350	0.00700	0.01051	0.01488	0.84444	0.02773	0.03502	0.00759	0.00438	0.00117	0.00175	0.00671	0.00409	0.00350
5	0.00453	0.00376	0.00393	0.00389	0.00506	0.00319	0.00290	0.00556	0.00867	0.01063	0.14767	0.03436	0.71448	0.02914	0.00472	0.00130	0.00190	0.00762	0.00351	0.00316
6	0.01411	0.01040	0.01114	0.00854	0.01151	0.01151	0.00706	0.83402	0.01745	0.02339	0.00891	0.00891	0.00631	0.00446	0.00371	0.00111	0.00408	0.00334	0.00371	0.00631
7	0.01411	0.01040	0.01114	0.00854	0.01151	0.01151	0.00706	0.83402	0.01745	0.02339	0.00891	0.00891	0.00631	0.00446	0.00371	0.00111	0.00408	0.00334	0.00371	0.00631
8	0.01386	0.01047	0.01095	0.00849	0.01135	0.04072	0.00697	0.78447	0.01695	0.02254	0.00909	0.03054	0.00672	0.00462	0.00373	0.00112	0.00413	0.00349	0.00364	0.00616
9	0.01040	0.07405	0.10680	0.01276	0.30124	0.00855	0.00857	0.13687	0.02660	0.11662	0.02921	0.00952	0.00692	0.00372	0.00346	0.00102	0.00396	0.00315	0.00256	0.13404
10	0.05098	0.08860	0.02408	0.01501	0.41280	0.05792	0.02536	0.06591	0.18316	0.02727	0.00862	0.00962	0.00683	0.00379	0.00351	0.00111	0.00413	0.00328	0.00241	0.00561
11	0.01613	0.00620	0.00844	0.00651	0.00929	0.00537	0.00537	0.01758	0.01062	0.81036	0.05306	0.01333	0.01038	0.00473	0.00376	0.00115	0.00309	0.00387	0.00457	0.00619
12	0.00534	0.00396	0.00582	0.00586	0.00648	0.00454	0.00452	0.00658	0.00604	0.00863	0.01052	0.01657	0.01016	0.09027	0.75270	0.00559	0.00916	0.04192	0.00207	0.00324
13	0.89577	0.00718	0.00546	0.00488	0.00718	0.00833	0.00402	0.01091	0.00632	0.01665	0.00517	0.00603	0.00402	0.00345	0.00230	0.00115	0.00287	0.00201	0.00230	0.00402
14	0.00451	0.00327	0.00426	0.00506	0.00535	0.00302	0.00340	0.00518	0.00722	0.00952	0.02183	0.80045	0.09034	0.01145	0.00471	0.00149	0.00213	0.01033	0.00345	0.00302
15	0.00854	0.01155	0.27440	0.01031	0.07052	0.00867	0.10133	0.01507	0.37078	0.02854	0.03227	0.01217	0.02106	0.00441	0.00380	0.00122	0.00418	0.01290	0.00275	0.00554
16	0.00701	0.00660	0.01113	0.86063	0.02556	0.00825	0.01031	0.00948	0.00742	0.00948	0.00660	0.00990	0.00495	0.00371	0.00371	0.00124	0.00495	0.00330	0.00165	0.00412
17	0.01657	0.00645	0.00870	0.00667	0.00954	0.00565	0.00551	0.04478	0.01085	0.82197	0.01446	0.01251	0.00909	0.00459	0.00373	0.00115	0.00319	0.00372	0.00457	0.00632
18	0.01203	0.01102	0.22587	0.03898	0.03624	0.01861	0.08436	0.18268	0.02252	0.28703	0.01041	0.01047	0.02067	0.00420	0.00387	0.00117	0.01751	0.00348	0.00310	0.00578
19	0.01066	0.07565	0.07901	0.02459	0.24430	0.26237	0.10545	0.02557	0.06220	0.03644	0.00743	0.00905	0.00599	0.00378	0.00374	0.00109	0.02065	0.01483	0.00208	0.00512
20	0.01361	0.02438	0.00946	0.00784	0.03069	0.13803	0.00615	0.03578	0.00964	0.46259	0.03666	0.01168	0.00857	0.04424	0.00571	0.00130	0.14135	0.00356	0.00343	0.00533
21	0.31505	0.06448	0.01013	0.00856	0.07086	0.17208	0.03972	0.21836	0.01028	0.01570	0.00661	0.00749	0.00514	0.00379	0.00318	0.00108	0.01577	0.00266	0.02419	0.00486
22	0.00444	0.00376	0.00383	0.00381	0.00504	0.00315	0.00286	0.00542	0.00858	0.01030	0.08294	0.03527	0.79938	0.00930	0.00439	0.00125	0.00187	0.00777	0.00348	0.00315
23	0.02892	0.00686	0.02163	0.00601	0.02651	0.00527	0.00476	0.02216	0.00802	0.05278	0.02153	0.00830	0.00616	0.00299	0.00286	0.00063	0.00285	0.00240	0.00235	0.76700
24	0.00932	0.00756	0.00805	0.00710	0.00912	0.00851	0.00553	0.10893	0.60170	0.03482	0.04548	0.01554	0.06519	0.03549	0.00434	0.00131	0.00296	0.00444	0.01911	0.00550
25	0.00875	0.00780	0.01234	0.08958	0.30724	0.00822	0.10958	0.02672	0.17203	0.05023	0.04098	0.02124	0.04546	0.00551	0.04358	0.00142	0.03750	0.00406	0.00253	0.00522
26	0.00623	0.00487	0.00567	0.00524	0.00650	0.00489	0.00399	0.03817	0.17927	0.01449	0.50986	0.02560	0.16623	0.00727	0.00423	0.00120	0.00210	0.00627	0.00390	0.00402
27	0.00811	0.00799	0.01166	0.00998	0.02352	0.01076	0.06033	0.00914	0.00604	0.00945	0.00548	0.00858	0.00520	0.00611	0.01101	0.00155	0.74624	0.00333	0.05141	0.00412
28	0.01078	0.06384	0.09466	0.04077	0.01144	0.00929	0.05026	0.39532	0.05481	0.04741	0.07085	0.02514	0.05595	0.00491	0.00373	0.00114	0.00386	0.01631	0.03416	0.00539
29	0.00452	0.00323	0.00431	0.00517	0.00538	0.00301	0.00345	0.00517	0.00711	0.00948	0.02046	0.86713	0.02455	0.01163	0.00474	0.00151	0.00215	0.01055	0.00345	0.00301
30	0.00774	0.00697	0.01198	0.01500	0.41182	0.00712	0.09486	0.00962	0.00751	0.02534	0.00842	0.01189	0.00744	0.04954	0.30487	0.00294	0.00650	0.00375	0.00196	0.00473

[dist]
# distance from previous block
# <min> <max>
0	2

[block]
# block no. 2 follows, 74 sequences, length 7
# corresponding to MSA columns:
# 124-130
name=unknown_C
#
# <colnr> <probs for GDERKNQSTAVLIFYWHMCP>
#	G	D	E	R	K	N	Q	S	T	A	V	L	I	F	Y	W	H	M	C	P
0	0.00994	0.03823	0.06164	0.01058	0.16189	0.09073	0.04158	0.16715	0.10810	0.01411	0.00853	0.04065	0.00698	0.00395	0.00345	0.00099	0.00404	0.00329	0.00255	0.22162
1	0.00547	0.00419	0.00615	0.00606	0.00664	0.00496	0.00468	0.00668	0.00591	0.00854	0.00977	0.01486	0.00931	0.08361	0.74908	0.00555	0.05924	0.00403	0.00198	0.00329
2	0.00783	0.00719	0.00757	0.00739	0.03574	0.11193	0.00550	0.01231	0.29207	0.01171	0.08496	0.01434	0.01159	0.01446	0.35476	0.00315	0.00624	0.00408	0.00277	0.00441
3	0.03363	0.00914	0.08117	0.04155	0.52384	0.00842	0.05290	0.01192	0.02863	0.08915	0.03870	0.01012	0.00716	0.00379	0.00408	0.00116	0.04338	0.00347	0.00220	0.00557
4	0.45313	0.25414	0.03247	0.00615	0.00873	0.04097	0.00550	0.06453	0.00773	0.05014	0.00586	0.00665	0.00469	0.00364	0.00299	0.00106	0.04262	0.00225	0.00222	0.00453
5	0.00537	0.00436	0.00509	0.00540	0.03378	0.00415	0.00382	0.00763	0.11147	0.01153	0.16759	0.20168	0.38287	0.00883	0.00438	0.00130	0.00217	0.03143	0.00354	0.00361
6	0.04833	0.04395	0.03360	0.00630	0.00933	0.00670	0.00528	0.07854	0.10698	0.14743	0.02834	0.00963	0.00741	0.00363	0.00313	0.00084	0.00306	0.00288	0.00289	0.45175

[dist]
# distance from previous block
# <min> <max>
3	6

[block]
# block no. 3 follows, 74 sequences, length 17
# corresponding to MSA columns:
# 137-153
name=unknown_D
#
# <colnr> <probs for GDERKNQSTAVLIFYWHMCP>
#	G	D	E	R	K	N	Q	S	T	A	V	L	I	F	Y	W	H	M	C	P
0	0.00707	0.00657	0.01102	0.81246	0.04809	0.00813	0.01012	0.00951	0.00746	0.00968	0.00677	0.00999	0.00511	0.00372	0.00368	0.00122	0.00484	0.00330	0.02711	0.00415
1	0.01066	0.00846	0.04908	0.05872	0.28807	0.02023	0.09294	0.07594	0.04441	0.19639	0.02753	0.03041	0.01899	0.00427	0.00380	0.00115	0.00412	0.02328	0.00280	0.03874
2	0.01007	0.02859	0.15472	0.04640	0.08953	0.06009	0.18737	0.04464	0.00923	0.18202	0.04264	0.07098	0.03704	0.00465	0.00400	0.00119	0.01480	0.00424	0.00268	0.00513
3	0.01360	0.00652	0.00954	0.07943	0.15339	0.00608	0.00672	0.01524	0.00973	0.56108	0.01290	0.04136	0.00908	0.00466	0.00375	0.00116	0.00344	0.02260	0.03393	0.00579
4	0.00701	0.00660	0.01113	0.86063	0.02556	0.00825	0.01031	0.00948	0.00742	0.00948	0.00660	0.00990	0.00495	0.00371	0.00371	0.00124	0.00495	0.00330	0.00165	0.00412
5	0.00843	0.03588	0.18122	0.07666	0.10967	0.08317	0.09862	0.05899	0.03091	0.03336	0.11595	0.04472	0.08544	0.00498	0.00396	0.00117	0.01528	0.00432	0.00249	0.00476
6	0.00917	0.04122	0.09991	0.09569	0.17198	0.06314	0.33047	0.03182	0.00884	0.04919	0.02967	0.03677	0.00697	0.00379	0.00393	0.00118	0.00522	0.00390	0.00208	0.00507
7	0.00539	0.00364	0.00425	0.00425	0.00432	0.00371	0.00250	0.00553	0.00546	0.00734	0.01151	0.02328	0.01306	0.78213	0.10572	0.00384	0.00426	0.00525	0.00222	0.00236
8	0.01042	0.09716	0.41388	0.00975	0.01350	0.37169	0.01023	0.01301	0.00896	0.01033	0.00613	0.00717	0.00474	0.00362	0.00334	0.00105	0.00586	0.00252	0.00172	0.00491
9	0.00794	0.02869	0.13361	0.04330	0.23279	0.01765	0.05185	0.03270	0.03356	0.06258	0.09305	0.09255	0.14281	0.00563	0.00394	0.00119	0.00372	0.00498	0.00268	0.00478
10	0.00973	0.68280	0.11392	0.00810	0.06897	0.04401	0.00758	0.01134	0.00775	0.00933	0.00548	0.00642	0.00484	0.00325	0.00264	0.00087	0.00427	0.00218	0.00161	0.00491
11	0.00452	0.00323	0.00431	0.00517	0.00538	0.00301	0.00345	0.00517	0.00711	0.00948	0.02046	0.86713	0.02455	0.01163	0.00474	0.00151	0.00215	0.01055	0.00345	0.00301
12	0.04705	0.00617	0.00801	0.00629	0.00887	0.00557	0.00515	0.05772	0.01066	0.65323	0.08674	0.01438	0.04138	0.00497	0.00373	0.00115	0.00299	0.00405	0.02610	0.00580
13	0.01055	0.08768	0.16089	0.03494	0.12005	0.21704	0.10042	0.08744	0.02427	0.04504	0.00774	0.00887	0.02384	0.00382	0.00372	0.00108	0.02401	0.00308	0.00214	0.03337
14	0.00565	0.00452	0.01884	0.00619	0.03982	0.00403	0.05111	0.00698	0.02094	0.04321	0.15237	0.35089	0.22974	0.02982	0.01704	0.00145	0.00259	0.00793	0.00336	0.00354
15	0.00464	0.00369	0.00417	0.00421	0.00521	0.00322	0.00310	0.00576	0.00882	0.01127	0.25464	0.15363	0.50606	0.00923	0.00444	0.00127	0.00188	0.00792	0.00362	0.00322
16	0.00578	0.00528	0.00516	0.02209	0.00651	0.10757	0.00396	0.00669	0.00818	0.01002	0.08325	0.44065	0.23598	0.00960	0.00444	0.00135	0.00270	0.03425	0.00327	0.00327

[dist]
# distance from previous block
# <min> <max>
1	23

[block]
# block no. 4 follows, 74 sequences, length 24
# corresponding to MSA columns:
# 177-200
name=unknown_E
#
# <colnr> <probs for GDERKNQSTAVLIFYWHMCP>
#	G	D	E	R	K	N	Q	S	T	A	V	L	I	F	Y	W	H	M	C	P
0	0.01813	0.23628	0.07585	0.01876	0.04030	0.03102	0.01871	0.05722	0.15898	0.01185	0.06622	0.09249	0.09595	0.03135	0.01719	0.00127	0.01666	0.00447	0.00268	0.00461
1	0.02975	0.03357	0.04734	0.04139	0.52522	0.06725	0.03452	0.05590	0.02396	0.04391	0.01934	0.00925	0.00629	0.00360	0.00375	0.00110	0.02016	0.00324	0.00211	0.02835
2	0.00778	0.00667	0.00773	0.00561	0.00884	0.00518	0.00448	0.00990	0.05216	0.01228	0.00705	0.00803	0.00581	0.00287	0.00280	0.00059	0.00276	0.00231	0.00228	0.84487
3	0.02645	0.76593	0.01830	0.00662	0.00965	0.04888	0.00641	0.04689	0.00803	0.00953	0.00534	0.00616	0.00482	0.00333	0.00268	0.00084	0.02156	0.00209	0.00171	0.00478
4	0.00456	0.00330	0.00431	0.00504	0.00537	0.00305	0.00341	0.00530	0.00742	0.00986	0.07531	0.75769	0.07922	0.01122	0.00469	0.00147	0.00211	0.01012	0.00349	0.00305
5	0.00477	0.00378	0.00429	0.00416	0.00525	0.00330	0.00312	0.00607	0.00936	0.01217	0.39338	0.03220	0.48778	0.00860	0.00438	0.00122	0.00182	0.00734	0.00373	0.00330
6	0.00522	0.00379	0.00491	0.00463	0.00552	0.00349	0.00347	0.00693	0.01042	0.01467	0.80880	0.02808	0.07079	0.00767	0.00438	0.00117	0.00176	0.00676	0.00406	0.00349
7	0.00692	0.00346	0.00346	0.00346	0.00432	0.00346	0.00259	0.00865	0.00778	0.01384	0.01211	0.01384	0.00951	0.00432	0.00259	0.00086	0.00173	0.00346	0.89016	0.00346
8	0.01665	0.00632	0.00861	0.00660	0.00948	0.00546	0.00546	0.01809	0.01062	0.84897	0.01464	0.01263	0.00919	0.00459	0.00373	0.00115	0.00316	0.00373	0.00459	0.00632
9	0.89577	0.00718	0.00546	0.00488	0.00718	0.00833	0.00402	0.01091	0.00632	0.01665	0.00517	0.00603	0.00402	0.00345	0.00230	0.00115	0.00287	0.00201	0.00230	0.00402
10	0.00645	0.00322	0.00484	0.00484	0.00484	0.00322	0.00322	0.00484	0.00484	0.00645	0.00645	0.01128	0.00645	0.01289	0.01451	0.89201	0.00322	0.00322	0.00161	0.00161
11	0.00530	0.00379	0.00520	0.00606	0.00661	0.00369	0.00480	0.00651	0.00787	0.01035	0.02003	0.42709	0.02285	0.01090	0.00495	0.00161	0.00283	0.44292	0.00343	0.00323
12	0.00452	0.00323	0.00431	0.00517	0.00538	0.00301	0.00345	0.00517	0.00711	0.00948	0.02046	0.86713	0.02455	0.01163	0.00474	0.00151	0.00215	0.01055	0.00345	0.00301
13	0.00442	0.00376	0.00381	0.00379	0.00503	0.00315	0.00285	0.00539	0.00854	0.01021	0.06798	0.03542	0.81440	0.00933	0.00439	0.00125	0.00188	0.00779	0.00347	0.00315
14	0.00452	0.00323	0.00431	0.00517	0.00538	0.00301	0.00345	0.00517	0.00711	0.00948	0.02046	0.86713	0.02455	0.01163	0.00474	0.00151	0.00215	0.01055	0.00345	0.00301
15	0.43483	0.00849	0.00820	0.00662	0.00926	0.00945	0.00546	0.36792	0.01153	0.09458	0.00764	0.00787	0.00548	0.00399	0.00304	0.00113	0.00342	0.00274	0.00312	0.00522
16	0.00892	0.00826	0.07275	0.00765	0.06779	0.00661	0.00608	0.14390	0.02410	0.02775	0.00771	0.02134	0.00631	0.00345	0.00313	0.00078	0.00330	0.01673	0.00248	0.56095
17	0.03781	0.21508	0.09943	0.00844	0.05176	0.03868	0.02396	0.13149	0.19585	0.09752	0.01008	0.03190	0.02052	0.00435	0.00351	0.00110	0.01690	0.00339	0.00281	0.00541
18	0.00546	0.00363	0.00417	0.00411	0.00439	0.00355	0.00254	0.00596	0.00668	0.00930	0.17473	0.02450	0.04363	0.60682	0.01433	0.00284	0.00304	0.00558	0.07211	0.00262
19	0.00452	0.00323	0.00431	0.00517	0.00538	0.00301	0.00345	0.00517	0.00711	0.00948	0.02046	0.86713	0.02455	0.01163	0.00474	0.00151	0.00215	0.01055	0.00345	0.00301
20	0.02326	0.05123	0.11024	0.01257	0.20709	0.08174	0.10677	0.15186	0.11252	0.06070	0.00905	0.02028	0.01665	0.00405	0.00379	0.00114	0.01552	0.00349	0.00256	0.00552
21	0.00814	0.04053	0.03805	0.12873	0.09597	0.06226	0.05076	0.01006	0.00804	0.01142	0.02110	0.00934	0.02742	0.00336	0.00318	0.00083	0.00375	0.00285	0.02276	0.45145
22	0.00488	0.00349	0.00438	0.00484	0.00542	0.00317	0.00337	0.00576	0.00795	0.02992	0.14036	0.55370	0.19824	0.01043	0.00459	0.00140	0.00206	0.00928	0.00356	0.00319
23	0.10115	0.04400	0.26884	0.07122	0.09972	0.11774	0.07282	0.03759	0.01988	0.07816	0.00715	0.00840	0.00536	0.00379	0.00390	0.00115	0.04902	0.00296	0.00208	0.00509

[dist]
# distance from previous block
# <min> <max>
0	2

[block]
# block no. 5 follows, 74 sequences, length 18
# corresponding to MSA columns:
# 203-220
name=unknown_F
#
# <colnr> <probs for GDERKNQSTAVLIFYWHMCP>
#	G	D	E	R	K	N	Q	S	T	A	V	L	I	F	Y	W	H	M	C	P
0	0.37620	0.02206	0.02790	0.00943	0.12752	0.15182	0.04840	0.13018	0.00921	0.02708	0.00647	0.00748	0.00503	0.00363	0.00304	0.00109	0.00414	0.00263	0.01477	0.02192
1	0.00483	0.00392	0.00432	0.00429	0.00542	0.00349	0.00323	0.00635	0.04255	0.01136	0.22064	0.08321	0.55276	0.00896	0.00440	0.00126	0.00195	0.03011	0.00361	0.00333
2	0.00901	0.02626	0.00907	0.02492	0.02336	0.00704	0.01840	0.14569	0.10723	0.01417	0.00794	0.00870	0.00629	0.00340	0.00323	0.00078	0.01636	0.00271	0.00259	0.56286
3	0.00443	0.00376	0.00382	0.00380	0.00504	0.00315	0.00285	0.00540	0.00856	0.01025	0.07498	0.03535	0.80737	0.00932	0.00439	0.00125	0.00187	0.00778	0.00348	0.00315
4	0.00440	0.00373	0.00380	0.00385	0.00504	0.00313	0.00286	0.00532	0.00837	0.00999	0.03647	0.09072	0.79063	0.00955	0.00441	0.00127	0.00190	0.00801	0.00345	0.00313
5	0.01387	0.01769	0.01052	0.00956	0.01148	0.85465	0.00717	0.01482	0.01052	0.00908	0.00574	0.00669	0.00478	0.00383	0.00335	0.00096	0.00669	0.00239	0.00191	0.00430
6	0.00452	0.00323	0.00431	0.00517	0.00538	0.00301	0.00345	0.00517	0.00711	0.00948	0.02046	0.86713	0.02455	0.01163	0.00474	0.00151	0.00215	0.01055	0.00345	0.00301
7	0.00812	0.00812	0.01137	0.00975	0.00975	0.01137	0.00812	0.00893	0.00568	0.00893	0.00487	0.00812	0.00487	0.00650	0.01218	0.00162	0.86276	0.00325	0.00162	0.00406
8	0.00770	0.00660	0.00770	0.00550	0.00880	0.00495	0.00440	0.00935	0.00770	0.01210	0.00660	0.00770	0.00550	0.00275	0.00275	0.00055	0.00275	0.00220	0.00220	0.89224
9	0.01638	0.00675	0.00888	0.00681	0.00969	0.00610	0.00563	0.10546	0.01136	0.76056	0.01403	0.01224	0.00888	0.00458	0.00373	0.00114	0.00326	0.00369	0.00450	0.00632
10	0.00452	0.00323	0.00431	0.00517	0.00538	0.00301	0.00345	0.00517	0.00711	0.00948	0.02046	0.86713	0.02455	0.01163	0.00474	0.00151	0.00215	0.01055	0.00345	0.00301
11	0.00770	0.00660	0.00770	0.00550	0.00880	0.00495	0.00440	0.00935	0.00770	0.01210	0.00660	0.00770	0.00550	0.00275	0.00275	0.00055	0.00275	0.00220	0.00220	0.89224
12	0.86323	0.00716	0.00566	0.03621	0.00785	0.00832	0.00425	0.01086	0.00636	0.01639	0.00522	0.00617	0.00405	0.00346	0.00235	0.00115	0.00295	0.00206	0.00227	0.00402
13	0.01513	0.00675	0.01011	0.00798	0.03298	0.00600	0.09782	0.01697	0.02721	0.69149	0.01358	0.01231	0.00876	0.00440	0.00377	0.00115	0.00349	0.00379	0.03024	0.00607
14	0.00540	0.00360	0.00405	0.00405	0.00405	0.00360	0.00225	0.00540	0.00540	0.00720	0.01170	0.02429	0.01349	0.86955	0.01889	0.00360	0.00360	0.00540	0.00225	0.00225
15	0.00983	0.64879	0.16380	0.00708	0.01065	0.01282	0.00753	0.01159	0.00778	0.05908	0.00602	0.00672	0.00503	0.00331	0.00267	0.00088	0.00415	0.00223	0.00178	0.02824
16	0.86324	0.00704	0.00538	0.00483	0.00707	0.00815	0.00397	0.01083	0.00637	0.01655	0.00542	0.00632	0.00422	0.00348	0.00231	0.00114	0.00283	0.00206	0.03479	0.00400
17	0.00838	0.00724	0.00758	0.00689	0.00884	0.00816	0.00534	0.01720	0.69401	0.01456	0.01905	0.01768	0.15742	0.00580	0.00388	0.00126	0.00275	0.00483	0.00372	0.00539

[dist]
# distance from previous block
# <min> <max>
0	1

[block]
# block no. 6 follows, 74 sequences, length 12
# corresponding to MSA columns:
# 222-233
name=unknown_G
#
# <colnr> <probs for GDERKNQSTAVLIFYWHMCP>
#	G	D	E	R	K	N	Q	S	T	A	V	L	I	F	Y	W	H	M	C	P
0	0.00880	0.00917	0.01099	0.03385	0.01024	0.12071	0.00788	0.00971	0.00643	0.00913	0.00528	0.00818	0.00502	0.00600	0.01047	0.00150	0.69808	0.00315	0.03137	0.00407
1	0.01665	0.00632	0.00861	0.00660	0.00948	0.00546	0.00546	0.01809	0.01062	0.84897	0.01464	0.01263	0.00919	0.00459	0.00373	0.00115	0.00316	0.00373	0.00459	0.00632
2	0.00439	0.00376	0.00376	0.00376	0.00501	0.00313	0.00282	0.00533	0.00846	0.01003	0.03760	0.03572	0.84489	0.00940	0.00439	0.00125	0.00188	0.00783	0.00345	0.00313
3	0.00815	0.24062	0.59416	0.00972	0.01452	0.01024	0.05130	0.01159	0.00780	0.01098	0.00631	0.00745	0.00476	0.00342	0.00327	0.00108	0.00513	0.00262	0.00159	0.00527
4	0.00637	0.00534	0.00840	0.42954	0.01635	0.00614	0.00792	0.00837	0.00787	0.01017	0.01325	0.09382	0.01349	0.00713	0.00439	0.00146	0.00407	0.34964	0.00254	0.00373
5	0.01520	0.00677	0.00857	0.00667	0.00936	0.00637	0.00548	0.14881	0.03476	0.62055	0.01351	0.01217	0.00881	0.00456	0.00363	0.00112	0.00318	0.00366	0.08073	0.00606
6	0.00618	0.00340	0.00510	0.00510	0.00525	0.00355	0.00355	0.00525	0.00510	0.00695	0.00726	0.01205	0.00710	0.01636	0.20935	0.68656	0.00478	0.00340	0.00170	0.00201
7	0.00930	0.01382	0.28938	0.03809	0.26169	0.17296	0.08184	0.01231	0.03967	0.01137	0.00734	0.03208	0.00595	0.00377	0.00366	0.00113	0.00527	0.00327	0.00188	0.00524
8	0.01285	0.00746	0.01132	0.03067	0.29632	0.00725	0.03068	0.01524	0.06833	0.43349	0.01135	0.01125	0.00787	0.00419	0.00403	0.00116	0.03360	0.00361	0.00335	0.00597
9	0.41059	0.00568	0.00534	0.00470	0.00659	0.00604	0.00378	0.01146	0.00766	0.17375	0.00945	0.01008	0.00697	0.00398	0.00268	0.00105	0.00252	0.00286	0.32057	0.00426
10	0.00882	0.00997	0.01920	0.03692	0.05587	0.07284	0.65245	0.01155	0.00873	0.01145	0.00824	0.07045	0.00690	0.00381	0.00428	0.00124	0.00588	0.00459	0.00198	0.00483
11	0.00972	0.24119	0.25239	0.04059	0.17160	0.08397	0.05139	0.06125	0.00880	0.03668	0.00666	0.00788	0.00524	0.00349	0.00330	0.00104	0.00485	0.00279	0.00189	0.00527

[dist]
# distance from previous block
# <min> <max>
0	5

[block]
# block no. 7 follows, 74 sequences, length 31
# corresponding to MSA columns:
# 239-269
name=unknown_H
#
# <colnr> <probs for GDERKNQSTAVLIFYWHMCP>
#	G	D	E	R	K	N	Q	S	T	A	V	L	I	F	Y	W	H	M	C	P
0	0.56121	0.02971	0.01926	0.00854	0.09877	0.11260	0.08140	0.02875	0.00757	0.01470	0.00574	0.00689	0.00453	0.00346	0.00281	0.00112	0.00390	0.00245	0.00217	0.00443
1	0.00825	0.02368	0.39080	0.04431	0.21090	0.02121	0.04043	0.01217	0.09645	0.03546	0.02016	0.06376	0.00753	0.00423	0.00370	0.00118	0.00464	0.00367	0.00212	0.00537
2	0.00672	0.00558	0.00598	0.00502	0.00708	0.03017	0.00389	0.02097	0.05131	0.03834	0.09749	0.03473	0.35271	0.00629	0.00372	0.00099	0.00245	0.00523	0.00308	0.31825
3	0.00803	0.05291	0.00765	0.00648	0.00790	0.03191	0.02629	0.07985	0.23324	0.05676	0.01550	0.28928	0.04059	0.10590	0.01904	0.00163	0.00320	0.00623	0.00327	0.00435
4	0.00807	0.00863	0.09673	0.03666	0.37325	0.00779	0.00863	0.01229	0.20914	0.01268	0.05594	0.01496	0.12950	0.00485	0.00382	0.00118	0.00368	0.00429	0.00262	0.00527
5	0.40954	0.00688	0.00731	0.00592	0.00854	0.00700	0.00488	0.04968	0.00899	0.44169	0.01016	0.00952	0.00676	0.00407	0.00309	0.00115	0.00307	0.00295	0.00353	0.00529
6	0.89577	0.00718	0.00546	0.00488	0.00718	0.00833	0.00402	0.01091	0.00632	0.01665	0.00517	0.00603	0.00402	0.00345	0.00230	0.00115	0.00287	0.00201	0.00230	0.00402
7	0.00612	0.00359	0.00408	0.00399	0.00485	0.00345	0.00298	0.00779	0.00883	0.01397	0.33314	0.04842	0.04744	0.00599	0.00341	0.00102	0.00176	0.00509	0.49064	0.00345
8	0.00598	0.00427	0.00598	0.00684	0.00769	0.00427	0.00598	0.00769	0.00854	0.01111	0.01965	0.04187	0.02136	0.01025	0.00513	0.00171	0.00342	0.82141	0.00342	0.00342
9	0.00498	0.00376	0.00435	0.00420	0.00524	0.00334	0.00315	0.00637	0.00946	0.01271	0.44412	0.03038	0.38580	0.00818	0.00428	0.00119	0.00181	0.00701	0.05634	0.00334
10	0.00812	0.00812	0.01137	0.00975	0.00975	0.01137	0.00812	0.00893	0.00568	0.00893	0.00487	0.00812	0.00487	0.00650	0.01218	0.00162	0.86276	0.00325	0.00162	0.00406
11	0.00648	0.00557	0.00877	0.10128	0.18135	0.01766	0.02819	0.00809	0.00678	0.00950	0.00916	0.03358	0.00845	0.04299	0.51043	0.00409	0.00776	0.00395	0.00196	0.00395
12	0.00523	0.00378	0.00494	0.00468	0.00554	0.00349	0.00350	0.00695	0.01041	0.01473	0.82061	0.05200	0.03472	0.00771	0.00439	0.00118	0.00176	0.00682	0.00407	0.00349
13	0.00441	0.00376	0.00379	0.00379	0.00503	0.00314	0.00284	0.00537	0.00852	0.01017	0.06067	0.03549	0.82173	0.00935	0.00439	0.00125	0.00188	0.00780	0.00347	0.00314
14	0.00951	0.01280	0.38596	0.01146	0.10497	0.00786	0.13712	0.01292	0.04326	0.17212	0.02067	0.03850	0.01742	0.00410	0.00379	0.00119	0.00473	0.00368	0.00243	0.00549
15	0.00833	0.08111	0.66691	0.01054	0.02831	0.00893	0.06725	0.01211	0.00806	0.06453	0.00712	0.00817	0.00507	0.00354	0.00351	0.00115	0.00526	0.00287	0.00179	0.00546
16	0.00525	0.00379	0.00496	0.00467	0.00555	0.00350	0.00350	0.00700	0.01051	0.01488	0.84444	0.02773	0.03502	0.00759	0.00438	0.00117	0.00175	0.00671	0.00409	0.00350
17	0.00992	0.87178	0.01945	0.00635	0.00953	0.01469	0.00635	0.01111	0.00754	0.00873	0.00516	0.00595	0.00476	0.00318	0.00238	0.00079	0.00397	0.00198	0.00159	0.00476
18	0.00787	0.00779	0.05901	0.46762	0.22560	0.00801	0.04894	0.01028	0.00792	0.03998	0.00809	0.03696	0.00676	0.00417	0.00383	0.00123	0.00468	0.04463	0.00195	0.00468
19	0.89577	0.00718	0.00546	0.00488	0.00718	0.00833	0.00402	0.01091	0.00632	0.01665	0.00517	0.00603	0.00402	0.00345	0.00230	0.00115	0.00287	0.00201	0.00230	0.00402
20	0.00847	0.01548	0.55915	0.02442	0.08658	0.00865	0.07894	0.02965	0.08608	0.05552	0.00800	0.00899	0.00577	0.00369	0.00365	0.00118	0.00506	0.00313	0.00202	0.00556
21	0.00786	0.00670	0.00779	0.00558	0.00887	0.00512	0.00447	0.03075	0.00795	0.01239	0.00666	0.00773	0.00552	0.00279	0.00277	0.00056	0.00278	0.00223	0.00224	0.86925
22	0.00469	0.00348	0.00435	0.00474	0.00532	0.00317	0.00331	0.00564	0.00816	0.01084	0.22026	0.47956	0.19595	0.02655	0.00485	0.00141	0.00203	0.00898	0.00358	0.00314
23	0.00485	0.00360	0.00452	0.00467	0.00539	0.00327	0.00336	0.00608	0.00900	0.01219	0.42097	0.30773	0.18218	0.00927	0.00450	0.00130	0.00191	0.00820	0.00375	0.00327
24	0.00497	0.00377	0.00457	0.00440	0.00538	0.00338	0.00329	0.00644	0.00980	0.01325	0.57539	0.04903	0.28630	0.00824	0.00439	0.00120	0.00180	0.00715	0.00387	0.00338
25	0.00910	0.00863	0.01453	0.11089	0.73468	0.00884	0.01115	0.03580	0.00861	0.01218	0.00700	0.00925	0.00579	0.00338	0.00368	0.00112	0.00446	0.00331	0.00187	0.00571
26	0.00794	0.01671	0.65575	0.02995	0.16136	0.00860	0.02856	0.01177	0.00801	0.02759	0.00688	0.00825	0.00502	0.00350	0.00358	0.00116	0.00526	0.00290	0.00168	0.00553
27	0.00453	0.00340	0.00418	0.00475	0.00526	0.00308	0.00326	0.00529	0.00758	0.00980	0.05926	0.59163	0.24503	0.02840	0.00492	0.00147	0.00209	0.00956	0.00345	0.00305
28	0.03410	0.20427	0.37199	0.00874	0.01259	0.07643	0.05897	0.01128	0.01883	0.01126	0.06406	0.02810	0.00743	0.00386	0.00330	0.00104	0.00464	0.00305	0.00193	0.07412
29	0.00462	0.00362	0.00418	0.00439	0.00525	0.00319	0.00317	0.00563	0.00840	0.01073	0.17807	0.27396	0.43650	0.02160	0.00470	0.00135	0.00198	0.02197	0.00355	0.00316
30	0.02470	0.05727	0.00756	0.06276	0.08895	0.04264	0.00516	0.02681	0.06290	0.01221	0.24069	0.06569	0.23711	0.00676	0.00399	0.00117	0.00282	0.01783	0.00313	0.02985

[dist]
# distance from previous block
# <min> <max>
0	2

[block]
# block no. 8 follows, 74 sequences, length 29
# corresponding to MSA columns:
# 272-300
name=unknown_I
#
# <colnr> <probs for GDERKNQSTAVLIFYWHMCP>
#	G	D	E	R	K	N	Q	S	T	A	V	L	I	F	Y	W	H	M	C	P
0	0.27809	0.11223	0.13624	0.01009	0.13473	0.02577	0.07987	0.04912	0.04911	0.06287	0.00708	0.00807	0.00543	0.00364	0.00334	0.00112	0.02310	0.00282	0.00225	0.00502
1	0.00757	0.08283	0.74247	0.01032	0.03360	0.00891	0.01276	0.01150	0.00785	0.01148	0.00753	0.00860	0.03118	0.00368	0.00347	0.00115	0.00523	0.00286	0.00163	0.00537
2	0.01085	0.00875	0.00931	0.00782	0.01026	0.00986	0.00623	0.29789	0.52902	0.01810	0.01269	0.01194	0.00941	0.00476	0.00372	0.00118	0.00332	0.00383	0.00370	0.03737
3	0.00461	0.00330	0.00438	0.00511	0.00540	0.00307	0.00345	0.00538	0.00751	0.01011	0.11745	0.76832	0.02578	0.01115	0.00470	0.00147	0.00211	0.01010	0.00352	0.00307
4	0.00828	0.19042	0.60788	0.00992	0.01475	0.00989	0.05835	0.02651	0.00804	0.02405	0.00657	0.00767	0.00486	0.00347	0.00335	0.00110	0.00516	0.00271	0.00167	0.00534
5	0.00934	0.14694	0.37397	0.01090	0.04034	0.00979	0.18766	0.08116	0.02952	0.06479	0.00752	0.00859	0.00553	0.00356	0.00357	0.00113	0.00506	0.00314	0.00207	0.00541
6	0.00550	0.00383	0.00571	0.00571	0.00623	0.00436	0.00431	0.00628	0.00575	0.00819	0.00940	0.01434	0.00893	0.05363	0.68176	0.15868	0.00857	0.00389	0.00193	0.00298
7	0.02873	0.01842	0.79576	0.01030	0.01559	0.00856	0.01315	0.01203	0.02389	0.03015	0.00696	0.00801	0.00491	0.00358	0.00351	0.00118	0.00532	0.00278	0.00169	0.00548
8	0.02032	0.06465	0.20733	0.01085	0.07731	0.03890	0.17383	0.06339	0.11832	0.14618	0.00966	0.03663	0.00728	0.00410	0.00373	0.00117	0.00458	0.00368	0.00263	0.00547
9	0.00730	0.00690	0.01167	0.74702	0.13687	0.00832	0.01046	0.00974	0.00756	0.00984	0.00665	0.00980	0.00507	0.00366	0.00371	0.00122	0.00488	0.00330	0.00167	0.00436
10	0.00500	0.00374	0.00465	0.00452	0.00542	0.00338	0.00335	0.00649	0.00978	0.01338	0.60042	0.10087	0.20870	0.00832	0.00441	0.00121	0.00181	0.00728	0.00389	0.00338
11	0.00812	0.00812	0.01137	0.00975	0.00975	0.01137	0.00812	0.00893	0.00568	0.00893	0.00487	0.00812	0.00487	0.00650	0.01218	0.00162	0.86276	0.00325	0.00162	0.00406
12	0.01180	0.11183	0.10857	0.03026	0.18856	0.04633	0.08767	0.12558	0.01016	0.22973	0.00897	0.00949	0.00644	0.00382	0.00358	0.00110	0.00440	0.00326	0.00275	0.00568
13	0.00876	0.00547	0.02366	0.00644	0.00813	0.00497	0.06480	0.01113	0.08572	0.23163	0.25276	0.19391	0.04698	0.00705	0.00420	0.00125	0.00274	0.01882	0.01709	0.00449
14	0.00744	0.01920	0.85032	0.01058	0.01607	0.00862	0.01371	0.01176	0.00784	0.01176	0.00666	0.00784	0.00470	0.00353	0.00353	0.00118	0.00549	0.00274	0.00157	0.00549
15	0.00812	0.00812	0.01137	0.00975	0.00975	0.01137	0.00812	0.00893	0.00568	0.00893	0.00487	0.00812	0.00487	0.00650	0.01218	0.00162	0.86276	0.00325	0.00162	0.00406
16	0.02170	0.06218	0.07020	0.02455	0.02442	0.00515	0.04870	0.00782	0.00924	0.02867	0.37798	0.02481	0.26653	0.00699	0.00411	0.00117	0.00262	0.00603	0.00331	0.00383
17	0.01629	0.00624	0.00847	0.00652	0.00934	0.00539	0.00538	0.01771	0.01056	0.82391	0.01533	0.01332	0.03415	0.00474	0.00375	0.00115	0.00312	0.00386	0.00456	0.00622
18	0.00439	0.00376	0.00376	0.00376	0.00501	0.00313	0.00282	0.00533	0.00846	0.01003	0.03760	0.03572	0.84489	0.00940	0.00439	0.00125	0.00188	0.00783	0.00345	0.00313
19	0.00525	0.00379	0.00496	0.00467	0.00555	0.00350	0.00350	0.00700	0.01051	0.01488	0.84444	0.02773	0.03502	0.00759	0.00438	0.00117	0.00175	0.00671	0.00409	0.00350
20	0.00768	0.08078	0.76392	0.01065	0.04150	0.00907	0.01311	0.01170	0.00783	0.01155	0.00656	0.00774	0.00474	0.00349	0.00345	0.00115	0.00534	0.00271	0.00158	0.00545
21	0.57897	0.00687	0.00659	0.00550	0.00801	0.00729	0.00454	0.01350	0.00787	0.31659	0.00858	0.00841	0.00588	0.00386	0.00281	0.00115	0.00297	0.00263	0.00312	0.00485
22	0.00908	0.00701	0.00774	0.00689	0.00881	0.00777	0.00537	0.03310	0.58349	0.08158	0.18915	0.01657	0.01604	0.00553	0.00390	0.00123	0.00273	0.00467	0.00391	0.00542
23	0.00896	0.00958	0.01020	0.08815	0.04304	0.26387	0.13373	0.02550	0.00946	0.02920	0.13632	0.05326	0.15168	0.00583	0.01391	0.00120	0.00456	0.00479	0.00262	0.00415
24	0.00778	0.00715	0.02354	0.02725	0.47823	0.00681	0.04141	0.00959	0.00838	0.03953	0.01558	0.10389	0.19392	0.00564	0.00399	0.00120	0.00366	0.01510	0.00247	0.00490
25	0.01080	0.00504	0.00658	0.00550	0.00742	0.00441	0.00436	0.01224	0.01016	0.43158	0.27770	0.03781	0.15767	0.00647	0.00406	0.00118	0.00249	0.00548	0.00422	0.00484
26	0.00473	0.00340	0.00442	0.00514	0.00545	0.00320	0.00346	0.02034	0.00735	0.00977	0.03512	0.78317	0.05172	0.03724	0.00513	0.00155	0.00222	0.01011	0.00343	0.00306
27	0.12596	0.07164	0.19278	0.03170	0.23910	0.03602	0.08090	0.08233	0.04628	0.02407	0.00769	0.00925	0.00607	0.00403	0.00389	0.00124	0.02592	0.00322	0.00230	0.00560
28	0.03501	0.03361	0.27608	0.01030	0.07782	0.10996	0.07990	0.04713	0.09918	0.08853	0.00936	0.07578	0.00762	0.00445	0.00377	0.00117	0.01523	0.00372	0.00244	0.01893

[dist]
# distance from previous block
# <min> <max>
0	64

# created by:
# /st0/software/busco_prod/Augustus/scripts/msa2prfl.pl ./align_prep/34595.fa
