[name]
unknown

[dist]
# distance from previous block
# <min> <max>
0	6

[block]
# block no. 0 follows, 62 sequences, length 12
# corresponding to MSA columns:
# 7-18
name=unknown_A
#
# <colnr> <probs for GDERKNQSTAVLIFYWHMCP>
#	G	D	E	R	K	N	Q	S	T	A	V	L	I	F	Y	W	H	M	C	P
0	0.01493	0.01079	0.01201	0.01161	0.01293	0.00985	0.00799	0.01367	0.01326	0.03429	0.09862	0.06580	0.11171	0.28165	0.16292	0.00478	0.05038	0.06915	0.00578	0.00788
1	0.57891	0.15257	0.11178	0.00689	0.01016	0.01094	0.00659	0.03389	0.02990	0.01703	0.00656	0.00749	0.00515	0.00399	0.00291	0.00125	0.00392	0.00251	0.00248	0.00509
2	0.01195	0.00947	0.01008	0.00854	0.01099	0.01067	0.00668	0.28983	0.44280	0.01969	0.01440	0.01543	0.01133	0.11091	0.00647	0.00172	0.00391	0.00465	0.00409	0.00639
3	0.01579	0.00801	0.01086	0.00940	0.07319	0.00770	0.00711	0.06031	0.01129	0.51893	0.01322	0.01260	0.00892	0.00516	0.00534	0.00129	0.10840	0.00393	0.00421	0.11433
4	0.01163	0.01026	0.01637	0.02317	0.68122	0.01040	0.01212	0.12474	0.01122	0.04503	0.00863	0.01063	0.00695	0.00403	0.00422	0.00127	0.00495	0.00381	0.00252	0.00683
5	0.00658	0.00516	0.00723	0.00695	0.00741	0.00617	0.00525	0.00765	0.00663	0.00954	0.01102	0.01831	0.01106	0.22653	0.51526	0.00544	0.13305	0.00483	0.00229	0.00363
6	0.00755	0.00704	0.05724	0.00895	0.01079	0.00603	0.20033	0.00914	0.00899	0.04233	0.12536	0.20743	0.08695	0.10073	0.00805	0.08235	0.01627	0.00717	0.00316	0.00417
7	0.06498	0.01090	0.01204	0.11404	0.07650	0.09704	0.00835	0.35003	0.01453	0.19393	0.01050	0.01084	0.00738	0.00479	0.00412	0.00129	0.00484	0.00372	0.00370	0.00649
8	0.01132	0.01173	0.01693	0.02335	0.65506	0.13484	0.05802	0.01369	0.01007	0.01336	0.00782	0.01015	0.00653	0.00387	0.00420	0.00125	0.00557	0.00370	0.00212	0.00641
9	0.01009	0.01078	0.02171	0.07031	0.29388	0.01046	0.49131	0.01327	0.00983	0.01356	0.00834	0.01115	0.00650	0.00370	0.00470	0.00138	0.00637	0.00453	0.00212	0.00602
10	0.08709	0.00572	0.00871	0.07182	0.01087	0.00579	0.10578	0.00868	0.00879	0.01249	0.01851	0.37931	0.02053	0.01012	0.00516	0.00169	0.00378	0.22766	0.00344	0.00407
11	0.01125	0.01089	0.01560	0.04583	0.62481	0.11232	0.01168	0.01355	0.01017	0.04703	0.04960	0.01144	0.00841	0.00419	0.00421	0.00125	0.00519	0.00388	0.00237	0.00634

[dist]
# distance from previous block
# <min> <max>
0	8

[block]
# block no. 1 follows, 62 sequences, length 41
# corresponding to MSA columns:
# 27-67
name=unknown_B
#
# <colnr> <probs for GDERKNQSTAVLIFYWHMCP>
#	G	D	E	R	K	N	Q	S	T	A	V	L	I	F	Y	W	H	M	C	P
0	0.01620	0.00794	0.01021	0.05863	0.01210	0.00771	0.00692	0.18794	0.01334	0.50416	0.02693	0.02881	0.02565	0.00594	0.00444	0.00137	0.00393	0.06642	0.00469	0.00666
1	0.07635	0.00882	0.01288	0.29000	0.24739	0.00961	0.01008	0.13534	0.01096	0.10776	0.01021	0.02381	0.02907	0.00465	0.00416	0.00134	0.00479	0.00400	0.00284	0.00591
2	0.78364	0.00815	0.00668	0.03599	0.00913	0.00925	0.00490	0.01231	0.00741	0.01840	0.00611	0.00722	0.00477	0.00390	0.00273	0.00127	0.00337	0.00237	0.00260	0.06979
3	0.00518	0.00370	0.00494	0.00592	0.00617	0.00346	0.00395	0.00592	0.00815	0.01086	0.02345	0.84768	0.02814	0.01333	0.00543	0.00173	0.00247	0.01210	0.00395	0.00346
4	0.01041	0.01133	0.02329	0.01680	0.02092	0.01088	0.70552	0.05708	0.07085	0.01465	0.00935	0.01174	0.00699	0.00383	0.00493	0.00143	0.00676	0.00494	0.00243	0.00589
5	0.01039	0.01002	0.01726	0.06627	0.76322	0.01009	0.03413	0.01297	0.00964	0.01374	0.00800	0.01060	0.00668	0.00381	0.00424	0.00128	0.00514	0.00382	0.00210	0.00661
6	0.00551	0.00403	0.00522	0.00609	0.00647	0.00389	0.00412	0.00694	0.05733	0.01128	0.02308	0.79706	0.02722	0.01287	0.00536	0.00171	0.00252	0.01165	0.00397	0.00366
7	0.01001	0.00880	0.01479	0.38303	0.41999	0.00956	0.01206	0.01261	0.00934	0.06692	0.00840	0.01115	0.00652	0.00409	0.00424	0.00134	0.00523	0.00382	0.00222	0.00589
8	0.00665	0.00479	0.00556	0.00549	0.00571	0.02983	0.00354	0.00689	0.00652	0.00876	0.01230	0.03442	0.01349	0.56241	0.17010	0.07125	0.02761	0.00557	0.01620	0.00291
9	0.00608	0.00453	0.00672	0.00672	0.00743	0.00525	0.00517	0.00752	0.00680	0.00979	0.01151	0.01734	0.01091	0.07750	0.78838	0.00669	0.01099	0.00465	0.00230	0.00373
10	0.00793	0.00397	0.00397	0.00397	0.00496	0.00397	0.00297	0.00991	0.00892	0.01586	0.01388	0.01586	0.01091	0.00496	0.00297	0.00099	0.00198	0.00397	0.87408	0.00397
11	0.01004	0.01148	0.02511	0.01793	0.02224	0.01076	0.80846	0.01363	0.01004	0.01363	0.00861	0.01148	0.00646	0.00359	0.00502	0.00143	0.00717	0.00502	0.00215	0.00574
12	0.00584	0.00483	0.00650	0.00603	0.00734	0.00435	0.06387	0.00752	0.02362	0.01340	0.28275	0.18388	0.35424	0.00997	0.00509	0.00146	0.00256	0.00878	0.00405	0.00391
13	0.00793	0.00397	0.00397	0.00397	0.00496	0.00397	0.00297	0.00991	0.00892	0.01586	0.01388	0.01586	0.01091	0.00496	0.00297	0.00099	0.00198	0.00397	0.87408	0.00397
14	0.02422	0.01423	0.28150	0.02329	0.03848	0.01056	0.25167	0.15273	0.02693	0.02684	0.00939	0.03357	0.00742	0.00479	0.00502	0.00142	0.05349	0.02583	0.00257	0.00604
15	0.01038	0.00995	0.01700	0.07566	0.77556	0.01007	0.01298	0.01293	0.00962	0.01372	0.00798	0.01058	0.00667	0.00382	0.00422	0.00127	0.00509	0.00379	0.00209	0.00662
16	0.01004	0.01148	0.02511	0.01793	0.02224	0.01076	0.80846	0.01363	0.01004	0.01363	0.00861	0.01148	0.00646	0.00359	0.00502	0.00143	0.00717	0.00502	0.00215	0.00574
17	0.00773	0.00395	0.00404	0.00411	0.00505	0.00393	0.00305	0.00962	0.00887	0.01549	0.01460	0.07805	0.01219	0.00558	0.00316	0.00105	0.00202	0.00457	0.80904	0.00393
18	0.00819	0.00772	0.01304	0.79069	0.07767	0.00949	0.01189	0.01100	0.00858	0.01106	0.00759	0.01129	0.00574	0.00423	0.00425	0.00141	0.00563	0.00378	0.00190	0.00485
19	0.01138	0.85302	0.02230	0.00728	0.01092	0.01684	0.00728	0.01274	0.00865	0.01001	0.00592	0.00683	0.00546	0.00364	0.00273	0.00091	0.00455	0.00228	0.00182	0.00546
20	0.01398	0.24208	0.23545	0.00884	0.01304	0.01046	0.00919	0.05497	0.01073	0.34458	0.01102	0.01070	0.00759	0.00448	0.00379	0.00121	0.00465	0.00340	0.00334	0.00650
21	0.01589	0.02028	0.01206	0.01096	0.01315	0.83338	0.00822	0.01699	0.01206	0.01041	0.00658	0.00767	0.00548	0.00438	0.00384	0.00110	0.00767	0.00274	0.00219	0.00493
22	0.81612	0.00816	0.00652	0.00574	0.00843	0.00930	0.00473	0.01312	0.00761	0.07948	0.00674	0.00748	0.00505	0.00405	0.00276	0.00132	0.00332	0.00245	0.00283	0.00480
23	0.00609	0.00419	0.00516	0.00523	0.00542	0.00434	0.00330	0.00649	0.00648	0.00881	0.01370	0.08662	0.01533	0.60314	0.20370	0.00456	0.00564	0.00626	0.00261	0.00292
24	0.01029	0.01009	0.01787	0.08464	0.67097	0.01014	0.10711	0.01297	0.00964	0.01365	0.00804	0.01070	0.00663	0.00380	0.00431	0.00130	0.00535	0.00394	0.00210	0.00647
25	0.01378	0.01230	0.01213	0.00983	0.01249	0.24189	0.10565	0.27574	0.01377	0.06710	0.01031	0.02579	0.00790	0.00484	0.00401	0.00120	0.00522	0.00387	0.16644	0.00572
26	0.00931	0.00931	0.01303	0.01117	0.01117	0.01303	0.00931	0.01024	0.00652	0.01024	0.00559	0.00931	0.00559	0.00745	0.01396	0.00186	0.84267	0.00372	0.00186	0.00465
27	0.00780	0.00715	0.00631	0.00623	0.00752	0.13457	0.00458	0.03570	0.05553	0.01276	0.06961	0.24224	0.28855	0.00928	0.00468	0.00140	0.00323	0.00784	0.09090	0.00412
28	0.01054	0.00965	0.02888	0.20026	0.23836	0.04482	0.13068	0.09177	0.02635	0.06143	0.01063	0.10768	0.00925	0.00525	0.00448	0.00138	0.00519	0.00493	0.00272	0.00575
29	0.01629	0.01173	0.01265	0.00970	0.01310	0.01292	0.00801	0.77800	0.01969	0.05899	0.01048	0.01039	0.00737	0.00511	0.00426	0.00128	0.00464	0.00385	0.00430	0.00724
30	0.00896	0.00989	0.13346	0.02461	0.05294	0.00677	0.00726	0.03548	0.00921	0.01405	0.00817	0.03530	0.00689	0.00372	0.00347	0.00084	0.00380	0.00304	0.00248	0.62967
31	0.01425	0.01087	0.01286	0.00998	0.01289	0.01203	0.06745	0.58975	0.04131	0.03495	0.01038	0.01202	0.00801	0.07892	0.00649	0.00158	0.06176	0.00415	0.00381	0.00653
32	0.00931	0.00931	0.01303	0.01117	0.01117	0.01303	0.00931	0.01024	0.00652	0.01024	0.00559	0.00931	0.00559	0.00745	0.01396	0.00186	0.84267	0.00372	0.00186	0.00465
33	0.00681	0.00583	0.02548	0.00822	0.03990	0.00552	0.07196	0.00919	0.08460	0.02365	0.05354	0.45863	0.08742	0.01049	0.00537	0.00163	0.02114	0.07263	0.00372	0.00429
34	0.13914	0.01001	0.01322	0.25135	0.27692	0.09637	0.03460	0.04529	0.00961	0.03475	0.00802	0.01986	0.00651	0.02231	0.00448	0.00138	0.01470	0.00365	0.00233	0.00551
35	0.01051	0.01085	0.01483	0.25272	0.40086	0.14604	0.03441	0.01289	0.00976	0.01240	0.00839	0.01220	0.00711	0.00442	0.00427	0.00132	0.00567	0.04348	0.00215	0.00570
36	0.00637	0.00506	0.00590	0.00615	0.03645	0.00475	0.00441	0.00886	0.09498	0.02794	0.19445	0.11088	0.42161	0.00976	0.00499	0.00146	0.00250	0.04522	0.00410	0.00419
37	0.05203	0.01045	0.03503	0.01151	0.08685	0.01055	0.10532	0.36818	0.05279	0.16585	0.01170	0.05058	0.00878	0.00517	0.00433	0.00133	0.00464	0.00440	0.00384	0.00667
38	0.01146	0.03532	0.06954	0.02742	0.16188	0.16587	0.24886	0.08640	0.05045	0.01404	0.00895	0.03447	0.00732	0.00522	0.02708	0.00147	0.03179	0.00419	0.00246	0.00581
39	0.00605	0.00474	0.00558	0.00586	0.00672	0.02854	0.00433	0.00757	0.02289	0.01318	0.27770	0.29849	0.16378	0.03348	0.00566	0.00163	0.00266	0.10328	0.00410	0.00378
40	0.08621	0.05503	0.05029	0.01157	0.11491	0.09346	0.05379	0.13353	0.25231	0.04187	0.01137	0.03616	0.00895	0.00507	0.00433	0.00133	0.02629	0.00409	0.00326	0.00617

[dist]
# distance from previous block
# <min> <max>
0	8

[block]
# block no. 2 follows, 62 sequences, length 24
# corresponding to MSA columns:
# 81-104
name=unknown_C
#
# <colnr> <probs for GDERKNQSTAVLIFYWHMCP>
#	G	D	E	R	K	N	Q	S	T	A	V	L	I	F	Y	W	H	M	C	P
0	0.04668	0.02107	0.02748	0.08578	0.17648	0.05040	0.06686	0.15224	0.03812	0.06917	0.00891	0.01029	0.00685	0.00426	0.00435	0.00118	0.03750	0.00354	0.00284	0.18600
1	0.06030	0.06591	0.16893	0.01473	0.21062	0.06736	0.10174	0.14801	0.05475	0.03095	0.00863	0.00999	0.00663	0.00431	0.00436	0.00130	0.02899	0.00363	0.00260	0.00625
2	0.00869	0.39083	0.01423	0.00774	0.05458	0.01043	0.02191	0.01021	0.00954	0.01218	0.19453	0.09400	0.10954	0.00671	0.00418	0.00121	0.02180	0.01995	0.00296	0.00477
3	0.00614	0.00459	0.00506	0.00490	0.00633	0.00401	0.00372	0.00770	0.03002	0.05581	0.18887	0.05970	0.57295	0.01005	0.00500	0.00143	0.00228	0.02333	0.00417	0.00395
4	0.03045	0.20471	0.33508	0.03254	0.03607	0.06141	0.02474	0.08907	0.01044	0.10114	0.00886	0.00968	0.01759	0.00433	0.00393	0.00123	0.01692	0.00325	0.00250	0.00608
5	0.02790	0.11627	0.18972	0.05676	0.08955	0.22313	0.13739	0.03244	0.04142	0.01273	0.00814	0.01971	0.00659	0.00431	0.00405	0.00125	0.00615	0.01464	0.00222	0.00565
6	0.00610	0.00448	0.00645	0.00645	0.00708	0.00511	0.00484	0.00735	0.00672	0.00959	0.01175	0.01867	0.01148	0.17534	0.69133	0.00636	0.01012	0.00484	0.00233	0.00359
7	0.01431	0.01215	0.01160	0.00955	0.01242	0.13060	0.00763	0.45638	0.23993	0.02154	0.01200	0.03237	0.00911	0.00539	0.00425	0.00131	0.00469	0.00415	0.00397	0.00667
8	0.01116	0.08515	0.11312	0.10453	0.17777	0.10332	0.08809	0.09038	0.03416	0.05695	0.02633	0.03305	0.04769	0.00484	0.00420	0.00129	0.00531	0.00418	0.00266	0.00584
9	0.00970	0.05243	0.06399	0.04576	0.06876	0.02692	0.46048	0.02775	0.01977	0.02830	0.01209	0.05949	0.06558	0.00502	0.00488	0.00141	0.01773	0.02196	0.00249	0.00550
10	0.00609	0.00408	0.00467	0.00476	0.00479	0.00406	0.00271	0.00616	0.00638	0.00850	0.01437	0.10629	0.01668	0.77037	0.02010	0.00390	0.00397	0.00675	0.00271	0.00266
11	0.00879	0.01556	0.43043	0.03326	0.02839	0.00935	0.18838	0.03005	0.06649	0.01397	0.04329	0.06460	0.02234	0.00511	0.00447	0.00141	0.00569	0.02014	0.00244	0.00583
12	0.04675	0.09053	0.04062	0.08205	0.27093	0.06646	0.03246	0.16567	0.05535	0.04851	0.00947	0.01087	0.01986	0.00507	0.02247	0.00139	0.01887	0.00371	0.00277	0.00617
13	0.05782	0.43069	0.09545	0.00960	0.02617	0.05208	0.10409	0.07392	0.01000	0.06832	0.00769	0.00875	0.00618	0.00474	0.02683	0.00127	0.00526	0.00305	0.00236	0.00573
14	0.00619	0.00413	0.00464	0.00464	0.00464	0.00413	0.00258	0.00619	0.00619	0.00825	0.01341	0.02785	0.01547	0.85046	0.02166	0.00413	0.00413	0.00619	0.00258	0.00258
15	0.00529	0.00392	0.00496	0.00567	0.00624	0.00359	0.00396	0.00624	0.00878	0.01148	0.07854	0.59951	0.18134	0.01246	0.00535	0.00166	0.00245	0.05101	0.00400	0.00354
16	0.01051	0.01013	0.01413	0.37157	0.16119	0.10269	0.07819	0.07372	0.04007	0.03311	0.00848	0.01130	0.00665	0.02530	0.00504	0.00143	0.03480	0.00388	0.00235	0.00546
17	0.00615	0.00515	0.02647	0.00669	0.00739	0.02476	0.03352	0.02944	0.00859	0.01139	0.03371	0.65170	0.02453	0.07163	0.02379	0.00195	0.00324	0.02251	0.00368	0.00371
18	0.00518	0.00370	0.00494	0.00592	0.00617	0.00346	0.00395	0.00592	0.00815	0.01086	0.02345	0.84768	0.02814	0.01333	0.00543	0.00173	0.00247	0.01210	0.00395	0.00346
19	0.00874	0.00843	0.01459	0.58539	0.19608	0.00979	0.06819	0.01151	0.00881	0.01169	0.00767	0.01112	0.00595	0.00421	0.00459	0.00140	0.03080	0.00387	0.00195	0.00522
20	0.00782	0.00682	0.00838	0.02572	0.06651	0.05396	0.04807	0.07367	0.04724	0.01371	0.10212	0.24308	0.20301	0.00926	0.00497	0.00150	0.00349	0.07248	0.00369	0.00450
21	0.07895	0.01345	0.01119	0.05374	0.02959	0.32398	0.00779	0.23182	0.04514	0.02723	0.00910	0.01128	0.00744	0.02446	0.06044	0.00169	0.02681	0.02742	0.00296	0.00551
22	0.07076	0.00923	0.01255	0.01078	0.01096	0.01279	0.00898	0.01040	0.00657	0.01086	0.00561	0.00914	0.00552	0.00720	0.01316	0.00182	0.78347	0.00362	0.00192	0.00465
23	0.88052	0.00823	0.00625	0.00560	0.00823	0.00955	0.00461	0.01251	0.00724	0.01909	0.00592	0.00691	0.00461	0.00395	0.00263	0.00132	0.00329	0.00230	0.00263	0.00461

[dist]
# distance from previous block
# <min> <max>
0	1

[block]
# block no. 3 follows, 62 sequences, length 14
# corresponding to MSA columns:
# 106-119
name=unknown_D
#
# <colnr> <probs for GDERKNQSTAVLIFYWHMCP>
#	G	D	E	R	K	N	Q	S	T	A	V	L	I	F	Y	W	H	M	C	P
0	0.00940	0.07868	0.50735	0.01066	0.01551	0.01062	0.01223	0.01635	0.26736	0.01461	0.01061	0.01103	0.00783	0.00457	0.00404	0.00135	0.00523	0.00361	0.00261	0.00637
1	0.01133	0.00984	0.01658	0.02438	0.74763	0.00975	0.01242	0.01378	0.00992	0.09018	0.00883	0.01090	0.00710	0.00393	0.00422	0.00127	0.00492	0.00384	0.00240	0.00679
2	0.00960	0.00853	0.04127	0.04037	0.31148	0.02989	0.02094	0.08296	0.02401	0.01283	0.00932	0.03968	0.00863	0.10944	0.00885	0.17972	0.00458	0.00425	0.00241	0.05125
3	0.00571	0.00499	0.00655	0.00581	0.00742	0.00435	0.07896	0.00722	0.01023	0.01288	0.20530	0.03624	0.57948	0.00966	0.00503	0.00142	0.00259	0.00834	0.00394	0.00388
4	0.13082	0.10988	0.26698	0.01018	0.01400	0.29766	0.02671	0.04722	0.01035	0.03926	0.00726	0.00829	0.00558	0.00418	0.00367	0.00121	0.00604	0.00290	0.00227	0.00555
5	0.01774	0.00695	0.00949	0.00741	0.01045	0.00608	0.00608	0.01940	0.01193	0.74253	0.06365	0.01560	0.01227	0.00667	0.04182	0.00157	0.00388	0.00449	0.00510	0.00690
6	0.01589	0.02028	0.01206	0.01096	0.01315	0.83338	0.00822	0.01699	0.01206	0.01041	0.00658	0.00767	0.00548	0.00438	0.00384	0.00110	0.00767	0.00274	0.00219	0.00493
7	0.00993	0.00950	0.01619	0.22213	0.63260	0.00995	0.01276	0.01253	0.00940	0.01317	0.00790	0.01073	0.00648	0.00390	0.00422	0.00130	0.00520	0.00379	0.00205	0.00626
8	0.00615	0.00418	0.00489	0.00481	0.00504	0.00410	0.00292	0.00662	0.00757	0.01033	0.20370	0.02877	0.02128	0.65228	0.01774	0.00347	0.00363	0.00654	0.00307	0.00292
9	0.00608	0.00456	0.00684	0.00684	0.00760	0.00532	0.00532	0.00760	0.00684	0.00988	0.01140	0.01672	0.01064	0.03191	0.83360	0.00684	0.01140	0.00456	0.00228	0.00380
10	0.01380	0.01713	0.01673	0.01346	0.01641	0.53861	0.29497	0.01579	0.01134	0.01157	0.00730	0.00904	0.00583	0.00410	0.00426	0.00122	0.00749	0.00356	0.00218	0.00522
11	0.00925	0.01933	0.64417	0.01384	0.09409	0.00986	0.09239	0.01372	0.00927	0.04318	0.00810	0.00957	0.00581	0.00402	0.00416	0.00135	0.00616	0.00343	0.00199	0.00631
12	0.00604	0.00430	0.00576	0.00586	0.00626	0.00465	0.00407	0.00686	0.00670	0.00931	0.01339	0.10222	0.01430	0.36213	0.42353	0.00524	0.00758	0.00595	0.00256	0.00327
13	0.00510	0.00431	0.00441	0.00439	0.00579	0.00362	0.00329	0.00625	0.00987	0.01190	0.10016	0.04028	0.76488	0.01062	0.00503	0.00143	0.00214	0.00889	0.00400	0.00362

[dist]
# distance from previous block
# <min> <max>
0	1

[block]
# block no. 4 follows, 62 sequences, length 34
# corresponding to MSA columns:
# 121-146,157-164
name=unknown_E
#
# <colnr> <probs for GDERKNQSTAVLIFYWHMCP>
#	G	D	E	R	K	N	Q	S	T	A	V	L	I	F	Y	W	H	M	C	P
0	0.03793	0.01218	0.05052	0.09888	0.01944	0.13414	0.44434	0.03068	0.01024	0.03901	0.00905	0.01265	0.00724	0.00443	0.00489	0.00141	0.02782	0.04733	0.00237	0.00545
1	0.01158	0.52252	0.09799	0.00986	0.01369	0.10565	0.13009	0.04283	0.00969	0.01156	0.00672	0.00796	0.00567	0.00381	0.00338	0.00107	0.00547	0.00288	0.00200	0.00559
2	0.00953	0.00908	0.01546	0.35380	0.50408	0.00985	0.01256	0.01218	0.00921	0.01268	0.00783	0.01086	0.00631	0.00398	0.00423	0.00133	0.00530	0.00379	0.00202	0.00593
3	0.01123	0.62839	0.08281	0.00918	0.04365	0.06546	0.03322	0.01295	0.00883	0.01058	0.00623	0.00748	0.00554	0.00395	0.00371	0.00104	0.05576	0.00260	0.00187	0.00550
4	0.00931	0.00931	0.01303	0.01117	0.01117	0.01303	0.00931	0.01024	0.00652	0.01024	0.00559	0.00931	0.00559	0.00745	0.01396	0.00186	0.84267	0.00372	0.00186	0.00465
5	0.00565	0.00455	0.00506	0.00489	0.00622	0.00407	0.00368	0.00757	0.04736	0.01384	0.32981	0.03642	0.49611	0.00978	0.00499	0.00140	0.00216	0.00831	0.00424	0.00389
6	0.00931	0.00931	0.01303	0.01117	0.01117	0.01303	0.00931	0.01024	0.00652	0.01024	0.00559	0.00931	0.00559	0.00745	0.01396	0.00186	0.84267	0.00372	0.00186	0.00465
7	0.00655	0.00468	0.00650	0.00748	0.00833	0.00463	0.00632	0.00828	0.00949	0.01239	0.02270	0.19605	0.02516	0.01205	0.00579	0.00192	0.00365	0.65028	0.00392	0.00383
8	0.01519	0.01905	0.01163	0.01058	0.01272	0.76164	0.00794	0.01668	0.03804	0.01101	0.05130	0.00925	0.00761	0.00466	0.00392	0.00112	0.00723	0.00308	0.00240	0.00494
9	0.01691	0.00914	0.01086	0.00839	0.01160	0.00920	0.00691	0.37264	0.01561	0.41624	0.04569	0.01394	0.03167	0.00547	0.00432	0.00130	0.00399	0.00434	0.00476	0.00702
10	0.01058	0.00914	0.00962	0.00866	0.01106	0.01058	0.00673	0.02261	0.81623	0.01780	0.01732	0.01588	0.01299	0.00577	0.00433	0.00144	0.00337	0.00481	0.00433	0.00673
11	0.01004	0.00971	0.02900	0.29022	0.40510	0.03074	0.04171	0.06463	0.02230	0.01367	0.00863	0.01211	0.00707	0.00435	0.00431	0.00135	0.00533	0.03155	0.00227	0.00592
12	0.00700	0.00407	0.00554	0.00547	0.00550	0.00423	0.00356	0.00600	0.00584	0.00787	0.00954	0.01809	0.01023	0.30420	0.04559	0.51481	0.03350	0.00459	0.00212	0.00226
13	0.01251	0.01075	0.01218	0.09633	0.12285	0.08066	0.00866	0.25653	0.24243	0.03798	0.01151	0.02465	0.00882	0.00517	0.00461	0.00134	0.03701	0.00412	0.00348	0.01839
14	0.01592	0.01248	0.01243	0.00978	0.01300	0.09741	0.00797	0.65824	0.06470	0.04946	0.01045	0.01041	0.00749	0.00508	0.00422	0.00127	0.00488	0.00379	0.00408	0.00697
15	0.00518	0.00370	0.00494	0.00592	0.00617	0.00346	0.00395	0.00592	0.00815	0.01086	0.02345	0.84768	0.02814	0.01333	0.00543	0.00173	0.00247	0.01210	0.00395	0.00346
16	0.01243	0.01032	0.01056	0.00904	0.01171	0.04665	0.00715	0.22948	0.55785	0.03413	0.01498	0.01401	0.01111	0.00553	0.00429	0.00138	0.00390	0.00445	0.00423	0.00680
17	0.01232	0.03737	0.01646	0.05614	0.23188	0.02714	0.17613	0.23676	0.01266	0.06451	0.03429	0.01133	0.00790	0.00459	0.00490	0.00133	0.05088	0.00414	0.00295	0.00633
18	0.00615	0.00411	0.00465	0.00469	0.00470	0.00410	0.00263	0.00618	0.00626	0.00835	0.01380	0.05976	0.01596	0.81787	0.02103	0.00403	0.00406	0.00642	0.00263	0.00261
19	0.00550	0.00427	0.00501	0.00495	0.00607	0.00377	0.00367	0.00698	0.01064	0.01402	0.40222	0.11533	0.38215	0.01006	0.00506	0.00142	0.00212	0.00869	0.00429	0.00377
20	0.07423	0.00922	0.01634	0.10272	0.28768	0.00925	0.25024	0.02542	0.00951	0.04145	0.01969	0.06354	0.01989	0.04582	0.00529	0.00151	0.00529	0.00481	0.00247	0.00562
21	0.00821	0.07660	0.01120	0.00900	0.00954	0.01022	0.00739	0.00931	0.00678	0.00997	0.00804	0.01277	0.00789	0.07083	0.28322	0.00357	0.44509	0.00404	0.00204	0.00430
22	0.00526	0.00380	0.00501	0.00594	0.00629	0.00354	0.00407	0.00608	0.00831	0.01099	0.02438	0.76606	0.06741	0.01312	0.00543	0.00173	0.00253	0.05261	0.00395	0.00349
23	0.43045	0.00990	0.04809	0.00932	0.09440	0.01018	0.00708	0.21787	0.01141	0.11205	0.00855	0.00909	0.00621	0.00438	0.00347	0.00130	0.00401	0.00311	0.00325	0.00588
24	0.01043	0.05770	0.05681	0.12205	0.44264	0.04118	0.11793	0.03054	0.05407	0.01361	0.00840	0.01066	0.00674	0.00398	0.00423	0.00129	0.00544	0.00386	0.00223	0.00621
25	0.02254	0.01327	0.08988	0.06667	0.10889	0.20472	0.06961	0.10999	0.17031	0.07277	0.01058	0.02392	0.00809	0.00477	0.00421	0.00130	0.00545	0.00392	0.00304	0.00608
26	0.70876	0.05443	0.00831	0.04763	0.05544	0.01011	0.00571	0.04297	0.00801	0.01820	0.00629	0.00745	0.00493	0.00398	0.00287	0.00129	0.00363	0.00252	0.00259	0.00488
27	0.00830	0.07158	0.02845	0.01499	0.37204	0.00783	0.00856	0.01969	0.00935	0.01255	0.01821	0.16611	0.17426	0.00817	0.03471	0.00158	0.00419	0.03135	0.00286	0.00523
28	0.00625	0.00431	0.00503	0.00485	0.00601	0.00390	0.00364	0.00792	0.01069	0.02985	0.40725	0.05325	0.27908	0.00878	0.00468	0.00132	0.00209	0.00753	0.14965	0.00392
29	0.00981	0.03898	0.01461	0.36730	0.21048	0.05123	0.06187	0.05565	0.03475	0.01294	0.03379	0.01140	0.00736	0.00456	0.00496	0.00137	0.06730	0.00391	0.00226	0.00547
30	0.00644	0.00446	0.00557	0.00530	0.00643	0.00404	0.00397	0.00812	0.01116	0.05403	0.55184	0.06668	0.18884	0.04196	0.00567	0.00149	0.00225	0.02331	0.00444	0.00401
31	0.00884	0.05873	0.25665	0.02088	0.06816	0.03157	0.05613	0.01177	0.04102	0.01201	0.01022	0.05721	0.04445	0.00806	0.07514	0.00193	0.22537	0.00433	0.00222	0.00530
32	0.23074	0.01927	0.11245	0.00862	0.03362	0.07734	0.06964	0.02210	0.05415	0.02451	0.12450	0.07064	0.08384	0.00638	0.00436	0.01849	0.00413	0.02727	0.00308	0.00487
33	0.02860	0.11807	0.02945	0.00797	0.05355	0.02799	0.00609	0.04606	0.11023	0.03101	0.06203	0.15744	0.12845	0.00702	0.00449	0.00127	0.02949	0.00582	0.00329	0.14168

[dist]
# distance from previous block
# <min> <max>
0	21

[block]
# block no. 5 follows, 62 sequences, length 17
# corresponding to MSA columns:
# 190-206
name=unknown_F
#
# <colnr> <probs for GDERKNQSTAVLIFYWHMCP>
#	G	D	E	R	K	N	Q	S	T	A	V	L	I	F	Y	W	H	M	C	P
0	0.03407	0.31725	0.25476	0.00926	0.01323	0.07439	0.02829	0.08342	0.03667	0.01383	0.08884	0.01072	0.00931	0.00453	0.00367	0.00117	0.00504	0.00339	0.00245	0.00570
1	0.17705	0.03709	0.26678	0.00916	0.03900	0.00862	0.00905	0.05933	0.04281	0.03494	0.01098	0.06658	0.00981	0.00644	0.02903	0.00152	0.00466	0.09632	0.01610	0.07473
2	0.29066	0.02723	0.07074	0.00695	0.00900	0.07905	0.00571	0.06317	0.04915	0.02619	0.00971	0.02982	0.00919	0.25834	0.00916	0.00215	0.02922	0.00405	0.00273	0.01778
3	0.12386	0.01248	0.01309	0.06497	0.12099	0.24781	0.09698	0.07967	0.01931	0.01403	0.00762	0.00973	0.00627	0.03019	0.00509	0.00133	0.06159	0.00341	0.00243	0.07916
4	0.00577	0.00413	0.00530	0.00580	0.00640	0.00394	0.00405	0.02140	0.00879	0.02381	0.09827	0.54124	0.12300	0.04641	0.07857	0.00218	0.00329	0.01015	0.00384	0.00365
5	0.00728	0.07653	0.16094	0.03011	0.01027	0.00678	0.00737	0.00996	0.05681	0.01255	0.08345	0.22257	0.01920	0.05775	0.02805	0.00184	0.00409	0.17823	0.02174	0.00449
6	0.00509	0.00433	0.00440	0.00444	0.00586	0.00364	0.00336	0.00620	0.00970	0.01154	0.04236	0.04120	0.79336	0.01081	0.00506	0.00146	0.00222	0.03740	0.00395	0.00360
7	0.01362	0.01037	0.01271	0.26476	0.07254	0.05334	0.00936	0.38170	0.01450	0.11051	0.00981	0.01093	0.00701	0.00474	0.00423	0.00131	0.00504	0.00381	0.00340	0.00632
8	0.00574	0.00423	0.00592	0.00624	0.00682	0.00450	0.00456	0.00692	0.00758	0.01049	0.05257	0.29401	0.05094	0.07306	0.44058	0.00452	0.00722	0.00747	0.00302	0.00361
9	0.00596	0.00550	0.03048	0.00551	0.00698	0.00491	0.00443	0.00763	0.02992	0.01280	0.19394	0.03380	0.52437	0.00950	0.00568	0.00142	0.07352	0.00779	0.00382	0.03203
10	0.03729	0.68335	0.04624	0.00766	0.01127	0.06143	0.00747	0.04810	0.00931	0.01131	0.00626	0.00718	0.00555	0.00375	0.00292	0.00095	0.00469	0.00241	0.00200	0.04084
11	0.03787	0.05019	0.01301	0.10794	0.04487	0.21047	0.05373	0.19098	0.11427	0.01563	0.00933	0.02707	0.00747	0.00535	0.01627	0.00138	0.06635	0.00378	0.00289	0.02113
12	0.01472	0.03777	0.03997	0.01050	0.03707	0.03675	0.04430	0.60602	0.05678	0.02342	0.01030	0.01109	0.00764	0.00503	0.00424	0.00128	0.00483	0.02011	0.00385	0.02433
13	0.04681	0.03446	0.07173	0.00899	0.02136	0.03262	0.07729	0.17762	0.04360	0.07094	0.01243	0.11205	0.02533	0.08381	0.07991	0.00207	0.02577	0.00507	0.00319	0.06496
14	0.01805	0.08724	0.30024	0.01034	0.03821	0.02442	0.07057	0.05437	0.05415	0.08896	0.02243	0.08482	0.02077	0.03081	0.03173	0.00158	0.00518	0.01138	0.00278	0.04198
15	0.01252	0.01241	0.06833	0.01022	0.03659	0.23834	0.07645	0.10220	0.06914	0.11602	0.02727	0.11488	0.02525	0.00649	0.02496	0.00143	0.00536	0.00485	0.00324	0.04405
16	0.00879	0.00816	0.05357	0.03591	0.13234	0.03768	0.03656	0.05823	0.05094	0.03835	0.11652	0.11231	0.08552	0.00794	0.02529	0.00153	0.00411	0.10400	0.00337	0.07888

[dist]
# distance from previous block
# <min> <max>
2	11

[block]
# block no. 6 follows, 62 sequences, length 25
# corresponding to MSA columns:
# 223-247
name=unknown_G
#
# <colnr> <probs for GDERKNQSTAVLIFYWHMCP>
#	G	D	E	R	K	N	Q	S	T	A	V	L	I	F	Y	W	H	M	C	P
0	0.10535	0.07379	0.08436	0.05977	0.01315	0.13311	0.04311	0.16308	0.04104	0.11064	0.01145	0.07445	0.03568	0.00547	0.00430	0.00131	0.02682	0.00426	0.00316	0.00568
1	0.01009	0.04330	0.25902	0.02640	0.12587	0.06204	0.09158	0.06841	0.01027	0.05747	0.03775	0.07320	0.04541	0.00608	0.02269	0.00149	0.03126	0.01927	0.00266	0.00572
2	0.00958	0.06085	0.10739	0.17038	0.26104	0.02017	0.06391	0.04472	0.00971	0.03427	0.03368	0.05039	0.04695	0.00562	0.02390	0.00145	0.02478	0.00443	0.00244	0.02436
3	0.04135	0.11465	0.04809	0.06872	0.01291	0.06106	0.00777	0.21670	0.23230	0.05209	0.04743	0.03525	0.01033	0.00537	0.00432	0.00131	0.02655	0.00417	0.00351	0.00612
4	0.02901	0.35088	0.31595	0.01010	0.01446	0.01266	0.07687	0.01338	0.03990	0.02962	0.00760	0.00892	0.00606	0.00492	0.02929	0.00137	0.03812	0.00309	0.00204	0.00577
5	0.02569	0.07564	0.44536	0.01309	0.01809	0.04626	0.23402	0.02597	0.00949	0.02554	0.00781	0.00954	0.00579	0.00406	0.00455	0.00135	0.03615	0.00362	0.00202	0.00596
6	0.00960	0.16671	0.38823	0.01036	0.01468	0.03308	0.06483	0.02521	0.06605	0.03939	0.05582	0.04450	0.00961	0.00547	0.01913	0.00141	0.01578	0.02190	0.00247	0.00578
7	0.00680	0.00613	0.02482	0.09875	0.01010	0.03911	0.02048	0.03490	0.02195	0.01275	0.11898	0.18787	0.28548	0.00962	0.00502	0.00152	0.00332	0.10466	0.00367	0.00410
8	0.01254	0.04524	0.08590	0.12743	0.17882	0.05888	0.00954	0.12680	0.07142	0.17531	0.01212	0.02726	0.03986	0.00497	0.00420	0.00131	0.00477	0.00413	0.00324	0.00625
9	0.01043	0.06806	0.04258	0.06565	0.04476	0.08160	0.09924	0.06954	0.05623	0.08758	0.03032	0.09282	0.03242	0.00711	0.00480	0.00148	0.01348	0.18336	0.00330	0.00524
10	0.01010	0.04269	0.05035	0.09258	0.44157	0.04238	0.03374	0.02371	0.00981	0.05157	0.02549	0.05154	0.06140	0.00555	0.01678	0.00140	0.00495	0.02594	0.00254	0.00590
11	0.00598	0.00459	0.00657	0.05349	0.00843	0.00448	0.04230	0.00713	0.00849	0.01118	0.04380	0.45170	0.08020	0.11616	0.00740	0.00200	0.00327	0.13560	0.00359	0.00362
12	0.00518	0.00382	0.00486	0.00565	0.00611	0.00349	0.00384	0.00602	0.00850	0.01114	0.05003	0.69699	0.15319	0.01279	0.00536	0.00167	0.00241	0.01148	0.00397	0.00349
13	0.01025	0.02698	0.12315	0.05563	0.17269	0.07463	0.25591	0.07687	0.01047	0.01395	0.01008	0.08499	0.00895	0.00516	0.00471	0.00139	0.01782	0.03821	0.00248	0.00571
14	0.01017	0.07583	0.10765	0.18879	0.21771	0.05539	0.11372	0.01280	0.00951	0.06504	0.01017	0.04475	0.03243	0.00480	0.00444	0.00134	0.01894	0.01848	0.00238	0.00566
15	0.01002	0.01179	0.05553	0.01825	0.07507	0.01068	0.72537	0.01359	0.00998	0.01364	0.00853	0.01132	0.00643	0.00362	0.00493	0.00142	0.00700	0.00487	0.00214	0.00583
16	0.00542	0.00448	0.00503	0.03744	0.00703	0.00398	0.00401	0.00673	0.00984	0.01208	0.10952	0.05899	0.62308	0.01049	0.00509	0.00148	0.00246	0.08521	0.00393	0.00370
17	0.01174	0.04386	0.26588	0.07469	0.21342	0.05740	0.06402	0.05809	0.01048	0.14608	0.00929	0.01050	0.00675	0.00423	0.00415	0.00130	0.00550	0.00364	0.00262	0.00635
18	0.01067	0.04775	0.05516	0.23430	0.28200	0.03883	0.06607	0.04778	0.03244	0.07852	0.00922	0.02651	0.00737	0.02681	0.00483	0.00140	0.01798	0.00402	0.00248	0.00586
19	0.43377	0.03642	0.00886	0.00763	0.04765	0.02682	0.00594	0.06239	0.00986	0.25344	0.01037	0.01160	0.00769	0.00478	0.00347	0.00132	0.00370	0.04086	0.01781	0.00562
20	0.04514	0.01046	0.06957	0.10706	0.34151	0.02882	0.15782	0.04076	0.02165	0.05139	0.02439	0.04249	0.03044	0.00461	0.00437	0.00134	0.00525	0.00444	0.00251	0.00597
21	0.00993	0.03633	0.25517	0.07809	0.17091	0.03315	0.10945	0.02756	0.05714	0.05435	0.02493	0.02347	0.03826	0.00454	0.00422	0.00130	0.00530	0.00406	0.00249	0.05935
22	0.03684	0.02488	0.16729	0.04861	0.02855	0.09604	0.06354	0.08259	0.02062	0.04441	0.01379	0.19275	0.03576	0.00835	0.04554	0.00172	0.02032	0.06032	0.00298	0.00510
23	0.04378	0.06808	0.23604	0.03349	0.06717	0.00883	0.03125	0.05095	0.06300	0.12267	0.05285	0.05206	0.05651	0.00670	0.03808	0.00157	0.01973	0.02267	0.00305	0.02151
24	0.00985	0.02987	0.18781	0.05643	0.14490	0.03144	0.09272	0.06014	0.08653	0.04545	0.09249	0.05565	0.01197	0.00549	0.00474	0.00138	0.03299	0.02740	0.00289	0.01987

[dist]
# distance from previous block
# <min> <max>
6	35

[block]
# block no. 7 follows, 62 sequences, length 16
# corresponding to MSA columns:
# 283-298
name=unknown_H
#
# <colnr> <probs for GDERKNQSTAVLIFYWHMCP>
#	G	D	E	R	K	N	Q	S	T	A	V	L	I	F	Y	W	H	M	C	P
0	0.01015	0.04327	0.13124	0.05834	0.08060	0.04466	0.07730	0.05654	0.04074	0.09954	0.07478	0.06059	0.08380	0.02136	0.00461	0.00132	0.00446	0.00491	0.00309	0.09868
1	0.01071	0.06514	0.08849	0.01024	0.08429	0.09867	0.03516	0.12466	0.10426	0.03803	0.10278	0.06416	0.02365	0.03249	0.00482	0.00137	0.00447	0.03396	0.00325	0.06938
2	0.03223	0.04979	0.05233	0.05047	0.12222	0.08608	0.04202	0.04276	0.12486	0.07413	0.08483	0.06608	0.02343	0.02622	0.00474	0.00134	0.01640	0.00466	0.00314	0.09228
3	0.03681	0.13216	0.08625	0.04339	0.02397	0.06651	0.02577	0.06369	0.15204	0.05879	0.05695	0.07819	0.05760	0.00580	0.00406	0.00126	0.00418	0.01503	0.00320	0.08433
4	0.04290	0.01032	0.09493	0.02267	0.09214	0.06258	0.06077	0.11736	0.05108	0.11990	0.06329	0.04622	0.06370	0.00612	0.01813	0.00139	0.00454	0.03335	0.00335	0.08526
5	0.00928	0.03992	0.09173	0.03526	0.06152	0.04314	0.03161	0.05272	0.12359	0.03938	0.10726	0.10180	0.06163	0.01971	0.00453	0.00129	0.00391	0.00525	0.00326	0.16322
6	0.07643	0.11106	0.05510	0.04031	0.05098	0.06261	0.00701	0.08933	0.07805	0.02476	0.09432	0.08596	0.06521	0.00624	0.00448	0.00130	0.03998	0.02023	0.03480	0.05187
7	0.31707	0.05358	0.10095	0.01047	0.11045	0.02420	0.06886	0.04347	0.06215	0.08838	0.04920	0.01062	0.00815	0.00440	0.00364	0.00128	0.00429	0.00346	0.00289	0.03250
8	0.05219	0.02745	0.01244	0.05623	0.29522	0.03892	0.00850	0.04348	0.03447	0.01439	0.00797	0.00964	0.00653	0.00368	0.00365	0.00100	0.00422	0.00314	0.00245	0.37443
9	0.00543	0.00428	0.00486	0.00481	0.00596	0.00375	0.00355	0.00679	0.01033	0.01336	0.32155	0.09345	0.46067	0.03545	0.00555	0.00150	0.00218	0.00865	0.00417	0.00370
10	0.01270	0.01089	0.01376	0.06769	0.21500	0.07454	0.06418	0.27909	0.11533	0.04330	0.01061	0.03034	0.00823	0.00484	0.00427	0.00130	0.00491	0.00415	0.02843	0.00643
11	0.00530	0.00400	0.00484	0.00529	0.00601	0.00361	0.00369	0.00631	0.00914	0.01189	0.14852	0.44505	0.27640	0.04227	0.00583	0.00167	0.00236	0.01025	0.00401	0.00355
12	0.02432	0.06586	0.04266	0.03379	0.08135	0.11138	0.03249	0.22901	0.12660	0.07481	0.07338	0.02592	0.01058	0.00512	0.00414	0.00125	0.00465	0.00413	0.00345	0.04514
13	0.00591	0.00416	0.00513	0.00561	0.00632	0.00383	0.00389	0.00707	0.02859	0.04324	0.06800	0.53868	0.20088	0.05031	0.00599	0.00173	0.00252	0.01043	0.00399	0.00370
14	0.08476	0.01031	0.03626	0.04455	0.30916	0.04697	0.04391	0.14187	0.04585	0.03008	0.00948	0.06139	0.00806	0.00488	0.00455	0.00130	0.04302	0.00413	0.00277	0.06672
15	0.16292	0.00975	0.01187	0.03588	0.23603	0.05591	0.03132	0.12614	0.10181	0.04475	0.00983	0.03318	0.00786	0.00457	0.00386	0.00125	0.00434	0.00377	0.03522	0.07975

[dist]
# distance from previous block
# <min> <max>
5	42

[block]
# block no. 8 follows, 62 sequences, length 6
# corresponding to MSA columns:
# 367-372
name=unknown_I
#
# <colnr> <probs for GDERKNQSTAVLIFYWHMCP>
#	G	D	E	R	K	N	Q	S	T	A	V	L	I	F	Y	W	H	M	C	P
0	0.04400	0.07800	0.01236	0.08650	0.22885	0.02096	0.02907	0.02984	0.06642	0.05306	0.07669	0.10800	0.03156	0.00584	0.00440	0.00130	0.01994	0.01756	0.00296	0.08268
1	0.09012	0.03050	0.01322	0.04609	0.31859	0.00916	0.05961	0.03980	0.08909	0.09102	0.04620	0.04217	0.03434	0.02106	0.00471	0.00137	0.02228	0.00446	0.00297	0.03325
2	0.01430	0.05111	0.01139	0.00950	0.01187	0.47928	0.00735	0.14232	0.03806	0.06079	0.03411	0.03542	0.07552	0.00546	0.00407	0.00119	0.00594	0.00396	0.00301	0.00534
3	0.00993	0.00562	0.00772	0.00782	0.07544	0.00513	0.00552	0.01171	0.01125	0.23984	0.35011	0.08335	0.09522	0.00807	0.00484	0.00141	0.00289	0.06462	0.00446	0.00505
4	0.00607	0.00408	0.00467	0.00479	0.00481	0.00405	0.00273	0.00616	0.00641	0.00855	0.01454	0.12037	0.01690	0.75599	0.01983	0.00385	0.00394	0.00685	0.00273	0.00268
5	0.11899	0.13556	0.08869	0.10157	0.29033	0.05854	0.04768	0.04738	0.00976	0.05220	0.00781	0.00953	0.00617	0.00401	0.00381	0.00124	0.00510	0.00335	0.00233	0.00593

[dist]
# distance from previous block
# <min> <max>
0	41

# created by:
# /st0/software/busco_prod/Augustus/scripts/msa2prfl.pl ./align_prep/34600.fa
