[name]
unknown

[dist]
# distance from previous block
# <min> <max>
0	267

[block]
# block no. 0 follows, 48 sequences, length 29
# corresponding to MSA columns:
# 470-498
name=unknown_A
#
# <colnr> <probs for GDERKNQSTAVLIFYWHMCP>
#	G	D	E	R	K	N	Q	S	T	A	V	L	I	F	Y	W	H	M	C	P
0	0.09813	0.06985	0.10567	0.07042	0.28840	0.07154	0.06218	0.08147	0.01254	0.03430	0.03291	0.03069	0.00929	0.00530	0.00484	0.00154	0.00621	0.00456	0.00298	0.00718
1	0.05480	0.07272	0.13266	0.28161	0.14065	0.01225	0.06092	0.03987	0.01128	0.07433	0.01032	0.03080	0.00808	0.00543	0.00548	0.00164	0.04298	0.00459	0.00282	0.00677
2	0.01269	0.00700	0.00866	0.00774	0.00989	0.00658	0.00592	0.04936	0.07075	0.25283	0.13985	0.17959	0.14306	0.06130	0.00705	0.00194	0.00362	0.02072	0.00533	0.00613
3	0.14098	0.01165	0.02911	0.06837	0.24077	0.06049	0.11027	0.05601	0.01235	0.07676	0.07984	0.04385	0.01251	0.00675	0.02700	0.00178	0.00600	0.00525	0.00342	0.00682
4	0.01149	0.01451	0.19450	0.10768	0.06879	0.04532	0.17471	0.07164	0.01210	0.03710	0.01347	0.12717	0.01235	0.03115	0.00641	0.00184	0.02486	0.03524	0.00315	0.00654
5	0.00936	0.00598	0.00757	0.00767	0.00909	0.00571	0.00581	0.01205	0.07823	0.11410	0.14000	0.33011	0.12354	0.01259	0.00620	0.00192	0.00337	0.11629	0.00513	0.00529
6	0.08114	0.01024	0.01165	0.00973	0.01315	0.01080	0.00780	0.07231	0.37056	0.32660	0.01905	0.01723	0.01329	0.00650	0.00504	0.00166	0.00427	0.00524	0.00551	0.00821
7	0.01521	0.02837	0.04191	0.03676	0.30789	0.03714	0.05960	0.29358	0.07612	0.02245	0.01138	0.01289	0.00874	0.00544	0.00531	0.00156	0.01920	0.00468	0.00368	0.00807
8	0.00769	0.00565	0.00680	0.00707	0.00798	0.00552	0.00496	0.05653	0.03967	0.01518	0.11820	0.39451	0.12350	0.14403	0.00948	0.00242	0.00346	0.03815	0.00464	0.00455
9	0.00728	0.00531	0.00703	0.00845	0.06597	0.00515	0.00507	0.00808	0.00922	0.01240	0.03785	0.41720	0.02631	0.32208	0.01392	0.00314	0.00402	0.03345	0.00398	0.00409
10	0.00734	0.00495	0.00647	0.00716	0.00795	0.00457	0.00510	0.00864	0.01100	0.05246	0.12995	0.55010	0.09983	0.01445	0.00641	0.00199	0.00307	0.06908	0.00496	0.00454
11	0.04607	0.45588	0.16435	0.01026	0.01492	0.04564	0.01048	0.04216	0.10175	0.05053	0.00993	0.01059	0.00795	0.00498	0.00400	0.00133	0.00574	0.00349	0.00289	0.00705
12	0.01516	0.01125	0.01160	0.01012	0.01291	0.08591	0.00800	0.20935	0.19858	0.14170	0.01984	0.14173	0.03771	0.00861	0.00550	0.00173	0.00485	0.06326	0.00501	0.00720
13	0.08514	0.01083	0.01627	0.38010	0.26980	0.02630	0.01325	0.07220	0.01191	0.05201	0.00985	0.01289	0.00754	0.00506	0.00494	0.00161	0.00620	0.00442	0.00285	0.00683
14	0.01504	0.01203	0.01568	0.06161	0.27200	0.08166	0.02692	0.16313	0.02662	0.12598	0.01239	0.01489	0.00976	0.04485	0.09227	0.00242	0.00689	0.00483	0.00366	0.00737
15	0.30831	0.03118	0.04725	0.00998	0.04114	0.10078	0.00798	0.13610	0.05078	0.09531	0.06150	0.04472	0.03230	0.00631	0.00448	0.00157	0.00499	0.00470	0.00400	0.00661
16	0.00661	0.00476	0.00603	0.00680	0.00732	0.00446	0.00464	0.00762	0.01015	0.01343	0.08797	0.51387	0.10997	0.13544	0.00942	0.00246	0.00330	0.05705	0.00458	0.00411
17	0.01011	0.00904	0.01099	0.07793	0.02986	0.09541	0.05796	0.05202	0.02677	0.01505	0.02054	0.21292	0.02199	0.07249	0.00772	0.00221	0.00535	0.26242	0.00402	0.00519
18	0.01392	0.20038	0.11944	0.03308	0.05022	0.04170	0.00984	0.11854	0.07657	0.11768	0.04785	0.10598	0.02953	0.00699	0.00488	0.00154	0.00525	0.00566	0.00390	0.00704
19	0.01289	0.45120	0.13455	0.07291	0.03484	0.06568	0.01073	0.03160	0.01109	0.01390	0.02589	0.01026	0.00772	0.00485	0.00434	0.00128	0.02980	0.00338	0.00244	0.07063
20	0.00846	0.00776	0.06795	0.08308	0.02879	0.00713	0.00764	0.03908	0.01037	0.01454	0.04135	0.27624	0.02088	0.09668	0.10330	0.00295	0.04235	0.06353	0.07296	0.00495
21	0.01724	0.02115	0.01376	0.01233	0.01477	0.63512	0.00928	0.01853	0.01334	0.01269	0.00846	0.01103	0.00745	0.05678	0.00676	0.00157	0.06363	0.00363	0.00268	0.06979
22	0.00808	0.00631	0.00804	0.00853	0.06714	0.00613	0.00579	0.05714	0.01267	0.01703	0.29006	0.07125	0.24504	0.06517	0.10606	0.00270	0.00455	0.00873	0.00457	0.00502
23	0.03603	0.19998	0.11645	0.01007	0.03231	0.10604	0.00907	0.04447	0.01237	0.03017	0.14286	0.03648	0.07338	0.00709	0.00507	0.00146	0.02379	0.03929	0.00348	0.07015
24	0.01316	0.18482	0.01590	0.10310	0.01557	0.11906	0.04369	0.09652	0.02474	0.05047	0.01413	0.05622	0.06463	0.08501	0.00756	0.00184	0.05655	0.00528	0.00327	0.03846
25	0.09663	0.11414	0.10438	0.00995	0.01392	0.05902	0.04042	0.04144	0.02421	0.12298	0.01455	0.01516	0.08438	0.00593	0.00527	0.00141	0.05733	0.00446	0.00348	0.18093
26	0.04998	0.02072	0.01120	0.03934	0.05702	0.06880	0.02859	0.09527	0.09211	0.05801	0.10610	0.22520	0.04911	0.02246	0.02344	0.00193	0.03238	0.00799	0.00433	0.00602
27	0.03279	0.11193	0.04760	0.03594	0.02751	0.07169	0.00839	0.11719	0.13978	0.02871	0.05419	0.06285	0.03169	0.00975	0.08428	0.00212	0.00588	0.00526	0.00377	0.11867
28	0.06213	0.12640	0.08793	0.01103	0.02826	0.06381	0.05293	0.07722	0.02621	0.10721	0.03651	0.08751	0.01261	0.00803	0.03309	0.00180	0.06669	0.03389	0.00361	0.07312

[dist]
# distance from previous block
# <min> <max>
3	156

[block]
# block no. 1 follows, 48 sequences, length 36
# corresponding to MSA columns:
# 675-710
name=unknown_B
#
# <colnr> <probs for GDERKNQSTAVLIFYWHMCP>
#	G	D	E	R	K	N	Q	S	T	A	V	L	I	F	Y	W	H	M	C	P
0	0.15933	0.01287	0.08188	0.01380	0.09490	0.06867	0.13609	0.06671	0.02663	0.06512	0.03130	0.01496	0.04926	0.00797	0.06121	0.00203	0.03502	0.00481	0.00332	0.06412
1	0.02834	0.04270	0.09341	0.07870	0.01624	0.07801	0.07690	0.08736	0.05287	0.05712	0.06078	0.02979	0.06092	0.03320	0.05023	0.00206	0.04960	0.02690	0.00355	0.07131
2	0.03103	0.02775	0.05614	0.06526	0.12474	0.06966	0.09676	0.16164	0.05755	0.04828	0.01144	0.03986	0.00933	0.02051	0.00652	0.00164	0.08193	0.00489	0.00342	0.08164
3	0.04212	0.02313	0.03558	0.07359	0.14596	0.04866	0.02452	0.03987	0.07972	0.03764	0.08411	0.15411	0.08959	0.00828	0.00565	0.00164	0.02697	0.00711	0.00384	0.06790
4	0.00971	0.00785	0.01113	0.10475	0.09927	0.00800	0.04369	0.04002	0.08780	0.04212	0.11371	0.16513	0.10931	0.08776	0.00768	0.00204	0.00443	0.02224	0.00413	0.02922
5	0.01346	0.01306	0.03074	0.06443	0.18307	0.12400	0.06863	0.08763	0.07822	0.04651	0.06243	0.01563	0.03293	0.00693	0.02558	0.00174	0.08091	0.00503	0.00342	0.05567
6	0.00702	0.00529	0.00571	0.00564	0.00721	0.00465	0.00423	0.00845	0.01152	0.03583	0.09348	0.04424	0.56775	0.06617	0.03525	0.00215	0.00324	0.03471	0.05299	0.00445
7	0.01790	0.01342	0.01454	0.01105	0.01523	0.01427	0.00909	0.63366	0.02169	0.02952	0.01174	0.01202	0.00852	0.00573	0.00489	0.00140	0.00531	0.00433	0.00475	0.16093
8	0.01080	0.01021	0.01669	0.41977	0.23651	0.01122	0.03707	0.01387	0.01065	0.01469	0.00919	0.01287	0.00732	0.00495	0.00551	0.00155	0.04423	0.00439	0.00247	0.12604
9	0.16265	0.02713	0.01414	0.05262	0.05042	0.04006	0.04568	0.31951	0.09339	0.09707	0.01254	0.01349	0.00930	0.03303	0.00550	0.00169	0.00540	0.00455	0.00432	0.00752
10	0.04026	0.01028	0.01096	0.00969	0.01248	0.01153	0.00758	0.09606	0.53161	0.04086	0.11358	0.02187	0.05582	0.00752	0.00529	0.00170	0.00395	0.00624	0.00520	0.00753
11	0.00913	0.00807	0.01297	0.34623	0.14229	0.00885	0.03547	0.01133	0.01023	0.01339	0.01757	0.12327	0.10761	0.07538	0.00802	0.04943	0.00547	0.00691	0.00302	0.00535
12	0.01070	0.04970	0.12510	0.06519	0.04099	0.05556	0.06093	0.03807	0.01251	0.07815	0.13189	0.08963	0.20344	0.00866	0.00551	0.00165	0.00493	0.00743	0.00401	0.00596
13	0.01196	0.01134	0.01648	0.53560	0.14144	0.09388	0.04324	0.01506	0.01124	0.05719	0.00974	0.01329	0.00737	0.00510	0.00511	0.00164	0.00692	0.00452	0.00260	0.00630
14	0.02125	0.00879	0.01187	0.00985	0.04304	0.00783	0.00769	0.02391	0.05401	0.67948	0.02084	0.01845	0.03823	0.00652	0.00516	0.00159	0.00432	0.00535	0.02336	0.00845
15	0.01185	0.27385	0.42352	0.04051	0.05621	0.03657	0.01459	0.01657	0.05371	0.01505	0.00919	0.01063	0.00713	0.00485	0.00441	0.00146	0.00668	0.00363	0.00238	0.00722
16	0.01124	0.01001	0.01651	0.46643	0.21520	0.01132	0.04166	0.01525	0.06628	0.05100	0.01132	0.04153	0.00903	0.00553	0.00521	0.00167	0.00628	0.00508	0.00284	0.00660
17	0.00774	0.00575	0.00727	0.00680	0.00816	0.00553	0.00513	0.01122	0.08125	0.02065	0.71822	0.03665	0.04555	0.01018	0.00598	0.00162	0.00256	0.00898	0.00561	0.00513
18	0.01141	0.04905	0.01851	0.33033	0.42905	0.01202	0.01455	0.01451	0.01108	0.01507	0.01001	0.01463	0.00839	0.00515	0.00509	0.00161	0.00630	0.03374	0.00251	0.00698
19	0.01472	0.01005	0.01053	0.00891	0.01167	0.07682	0.00702	0.18928	0.05788	0.19714	0.13564	0.07847	0.16248	0.00875	0.00550	0.00163	0.00436	0.00721	0.00518	0.00676
20	0.00885	0.00665	0.00882	0.00882	0.01017	0.00733	0.00709	0.05370	0.09131	0.01528	0.04853	0.03177	0.01935	0.06222	0.37718	0.00509	0.00883	0.21999	0.00384	0.00517
21	0.00652	0.00477	0.00595	0.00677	0.00737	0.00443	0.00467	0.00749	0.01004	0.01303	0.03113	0.52254	0.17095	0.11170	0.00885	0.00239	0.00328	0.06945	0.00456	0.00411
22	0.08530	0.16991	0.20350	0.04945	0.01731	0.09281	0.03582	0.14784	0.01335	0.07208	0.00970	0.01095	0.00734	0.00540	0.00530	0.00152	0.05834	0.00385	0.00314	0.00710
23	0.00773	0.00622	0.00784	0.00860	0.04500	0.03482	0.00584	0.00914	0.01051	0.01421	0.16901	0.32088	0.05180	0.10034	0.14100	0.00326	0.03235	0.02272	0.00416	0.00457
24	0.00902	0.00747	0.01162	0.01493	0.24958	0.00792	0.00866	0.01087	0.00916	0.01303	0.01295	0.02047	0.01251	0.18077	0.40212	0.00552	0.00966	0.00559	0.00275	0.00539
25	0.00755	0.00580	0.00856	0.00844	0.00927	0.00688	0.00656	0.00928	0.00820	0.01186	0.01344	0.02016	0.01270	0.06594	0.72681	0.00779	0.05792	0.00551	0.00273	0.00458
26	0.02810	0.00986	0.01132	0.01060	0.03699	0.06133	0.00791	0.10011	0.11000	0.05687	0.03554	0.14962	0.01584	0.09113	0.02570	0.04339	0.17560	0.02038	0.00387	0.00585
27	0.01038	0.00738	0.00901	0.00905	0.03813	0.04505	0.00650	0.06754	0.01113	0.08204	0.04386	0.20545	0.07942	0.03851	0.16489	0.11341	0.03062	0.02866	0.00393	0.00503
28	0.00647	0.00494	0.00599	0.00662	0.00760	0.00446	0.00481	0.00777	0.01106	0.01418	0.09447	0.40131	0.30722	0.01434	0.00639	0.00195	0.00298	0.08829	0.00483	0.00434
29	0.01182	0.09330	0.36034	0.01400	0.01923	0.03699	0.15685	0.05806	0.04154	0.03048	0.01065	0.01393	0.00858	0.08651	0.00750	0.00194	0.03400	0.00465	0.00272	0.00691
30	0.05532	0.01253	0.07933	0.32330	0.24526	0.07045	0.03725	0.01509	0.01140	0.04112	0.05284	0.01407	0.00965	0.00526	0.00504	0.00161	0.00645	0.00465	0.00275	0.00665
31	0.01375	0.01217	0.08635	0.00981	0.01292	0.07089	0.00853	0.25817	0.05313	0.06435	0.03194	0.03548	0.09053	0.01055	0.08600	0.00225	0.00594	0.03343	0.10710	0.00672
32	0.00894	0.00832	0.03723	0.01063	0.01309	0.00759	0.18209	0.01160	0.02722	0.04438	0.14340	0.09225	0.22836	0.01313	0.10009	0.00253	0.03316	0.02650	0.00406	0.00542
33	0.01330	0.08331	0.23319	0.08872	0.11512	0.07213	0.05255	0.12033	0.09544	0.03169	0.01118	0.01265	0.00844	0.00529	0.00487	0.00155	0.00646	0.00434	0.03209	0.00737
34	0.01138	0.04082	0.02687	0.05564	0.01247	0.00966	0.00745	0.18962	0.05878	0.01818	0.04874	0.06263	0.14942	0.03757	0.00865	0.11474	0.04948	0.02722	0.00395	0.06674
35	0.17676	0.09292	0.06753	0.04208	0.04102	0.06269	0.03163	0.03034	0.06287	0.08952	0.08057	0.01637	0.05495	0.00751	0.03622	0.00180	0.04432	0.00479	0.00360	0.05250

[dist]
# distance from previous block
# <min> <max>
0	27

[block]
# block no. 2 follows, 48 sequences, length 26
# corresponding to MSA columns:
# 738-742,745,750-769
name=unknown_C
#
# <colnr> <probs for GDERKNQSTAVLIFYWHMCP>
#	G	D	E	R	K	N	Q	S	T	A	V	L	I	F	Y	W	H	M	C	P
0	0.08361	0.01481	0.05367	0.06247	0.01514	0.22489	0.00935	0.10061	0.07932	0.05584	0.04849	0.01471	0.02821	0.03803	0.00709	0.00171	0.10555	0.00457	0.00350	0.04842
1	0.01128	0.03448	0.16894	0.07899	0.12556	0.02910	0.07204	0.04430	0.01189	0.05177	0.05459	0.06635	0.06885	0.00658	0.00538	0.00155	0.02634	0.00568	0.05449	0.08186
2	0.01100	0.01027	0.01274	0.01125	0.01186	0.05990	0.00898	0.06639	0.00955	0.01348	0.01052	0.05496	0.01062	0.11276	0.13721	0.00339	0.44158	0.00545	0.00279	0.00532
3	0.01148	0.02708	0.22042	0.04841	0.06183	0.00924	0.05093	0.02887	0.01130	0.07519	0.01179	0.08216	0.01001	0.00554	0.00470	0.00133	0.00537	0.00476	0.00315	0.32643
4	0.67642	0.08240	0.06046	0.00783	0.01137	0.06101	0.00697	0.01552	0.00937	0.02099	0.00733	0.00854	0.00577	0.00477	0.00339	0.00153	0.00466	0.00287	0.00299	0.00580
5	0.00699	0.00513	0.00651	0.00637	0.00749	0.00470	0.00467	0.00901	0.01338	0.01851	0.57780	0.14139	0.13399	0.03292	0.00665	0.00178	0.00258	0.01011	0.00536	0.00465
6	0.01094	0.21056	0.49695	0.01278	0.01871	0.01369	0.03336	0.01526	0.01063	0.01488	0.01118	0.01266	0.05380	0.00551	0.00538	0.00155	0.05873	0.00407	0.00235	0.00701
7	0.66983	0.02556	0.00919	0.04831	0.05840	0.03180	0.00673	0.01466	0.00924	0.02102	0.00878	0.06115	0.00766	0.00551	0.00365	0.00161	0.00434	0.00375	0.00316	0.00566
8	0.06229	0.00565	0.00677	0.00638	0.00780	0.00541	0.00482	0.01036	0.03138	0.02012	0.61707	0.03592	0.10519	0.01002	0.00572	0.00160	0.00257	0.00869	0.04732	0.00492
9	0.00734	0.00544	0.00796	0.00796	0.00878	0.00626	0.00606	0.00898	0.00816	0.01170	0.01401	0.02161	0.01346	0.12313	0.71555	0.00789	0.01279	0.00571	0.00279	0.00442
10	0.01917	0.02445	0.01454	0.01322	0.01586	0.79907	0.00991	0.02049	0.01454	0.01256	0.00793	0.00925	0.00661	0.00529	0.00463	0.00132	0.00925	0.00330	0.00264	0.00595
11	0.01064	0.00912	0.01064	0.00760	0.01216	0.00684	0.00608	0.01292	0.01064	0.01672	0.00912	0.01064	0.00760	0.00380	0.00380	0.00076	0.00380	0.00304	0.00304	0.85104
12	0.00625	0.00449	0.00593	0.00709	0.00743	0.00417	0.00474	0.00715	0.00988	0.01312	0.02900	0.79301	0.05679	0.01598	0.00653	0.00207	0.00297	0.01447	0.00476	0.00417
13	0.01211	0.01384	0.03028	0.02163	0.02682	0.01298	0.76903	0.01644	0.01211	0.01644	0.01038	0.01384	0.00779	0.00433	0.00606	0.00173	0.00865	0.00606	0.00260	0.00692
14	0.00759	0.00601	0.00692	0.00662	0.00821	0.00576	0.00498	0.01126	0.12102	0.01809	0.39481	0.07251	0.29487	0.01109	0.00596	0.00169	0.00274	0.00954	0.00525	0.00510
15	0.00637	0.00538	0.00601	0.05740	0.00891	0.00480	0.00476	0.00778	0.01139	0.01376	0.04593	0.13642	0.63194	0.01287	0.00608	0.00179	0.00296	0.02646	0.00460	0.00441
16	0.00969	0.00912	0.01539	0.80734	0.03534	0.01140	0.01425	0.01311	0.01026	0.01311	0.00912	0.01368	0.00684	0.00513	0.00513	0.00171	0.00684	0.00456	0.00228	0.00570
17	0.01917	0.02445	0.01454	0.01322	0.01586	0.79907	0.00991	0.02049	0.01454	0.01256	0.00793	0.00925	0.00661	0.00529	0.00463	0.00132	0.00925	0.00330	0.00264	0.00595
18	0.00969	0.00912	0.01539	0.80734	0.03534	0.01140	0.01425	0.01311	0.01026	0.01311	0.00912	0.01368	0.00684	0.00513	0.00513	0.00171	0.00684	0.00456	0.00228	0.00570
19	0.01254	0.01098	0.01775	0.08579	0.54192	0.01117	0.01344	0.06729	0.01254	0.04802	0.05033	0.08094	0.01240	0.00604	0.00526	0.00159	0.00561	0.00566	0.00319	0.00751
20	0.00764	0.00545	0.00645	0.00657	0.00791	0.00497	0.00478	0.00969	0.04985	0.05985	0.16521	0.30824	0.31851	0.01295	0.00614	0.00183	0.00287	0.01128	0.00503	0.00480
21	0.01033	0.00977	0.01654	0.64267	0.19502	0.01157	0.01457	0.01367	0.01056	0.01389	0.00923	0.01347	0.00711	0.00501	0.00512	0.00167	0.00668	0.00456	0.00234	0.00622
22	0.01418	0.01270	0.03266	0.09360	0.47750	0.07844	0.01368	0.01717	0.02912	0.11563	0.01089	0.01313	0.00853	0.00524	0.00577	0.00158	0.05495	0.00455	0.00305	0.00764
23	0.06765	0.01226	0.01890	0.02697	0.62586	0.03017	0.01411	0.06160	0.02741	0.01811	0.02734	0.01300	0.00900	0.00496	0.00519	0.00154	0.02068	0.00456	0.00286	0.00783
24	0.00931	0.00800	0.01114	0.01008	0.01143	0.03726	0.06945	0.05977	0.02765	0.01402	0.01514	0.15392	0.01514	0.05328	0.38783	0.00506	0.09618	0.00693	0.00325	0.00516
25	0.06996	0.04629	0.01567	0.06865	0.12392	0.11698	0.02276	0.01431	0.01006	0.03162	0.01062	0.01351	0.05421	0.00724	0.01020	0.00184	0.36884	0.00459	0.00265	0.00607

[dist]
# distance from previous block
# <min> <max>
6	29

[block]
# block no. 3 follows, 48 sequences, length 14
# corresponding to MSA columns:
# 841-854
name=unknown_D
#
# <colnr> <probs for GDERKNQSTAVLIFYWHMCP>
#	G	D	E	R	K	N	Q	S	T	A	V	L	I	F	Y	W	H	M	C	P
0	0.04137	0.04226	0.05529	0.11515	0.50593	0.01216	0.03416	0.01659	0.05254	0.05998	0.01061	0.01305	0.00841	0.00487	0.00498	0.00156	0.00602	0.00454	0.00286	0.00768
1	0.01420	0.05449	0.01371	0.03451	0.06649	0.03696	0.00884	0.09157	0.26522	0.11459	0.03841	0.01540	0.01211	0.00620	0.00587	0.00153	0.07373	0.00482	0.00426	0.13707
2	0.00852	0.00712	0.00834	0.00704	0.00970	0.00593	0.00535	0.01020	0.01069	0.01513	0.05194	0.16821	0.20385	0.03477	0.00612	0.00146	0.03254	0.00746	0.00384	0.40178
3	0.00889	0.00740	0.00897	0.00804	0.04615	0.00605	0.00583	0.01090	0.01145	0.01638	0.14324	0.07163	0.17314	0.02387	0.00538	0.00134	0.00345	0.02969	0.00393	0.41430
4	0.00674	0.00492	0.00597	0.00652	0.00750	0.00444	0.00460	0.00789	0.01070	0.03608	0.05414	0.45942	0.30876	0.01548	0.03979	0.00219	0.00332	0.01242	0.00475	0.00439
5	0.01963	0.00884	0.01156	0.00871	0.01284	0.00735	0.00714	0.02169	0.01358	0.57881	0.01719	0.01559	0.01130	0.00565	0.00479	0.00136	0.00421	0.00458	0.00544	0.23974
6	0.01124	0.00811	0.00867	0.00745	0.00978	0.00825	0.00588	0.25681	0.01596	0.02176	0.13461	0.03030	0.29032	0.00915	0.00531	0.00156	0.00353	0.00750	0.15790	0.00591
7	0.01266	0.04334	0.07492	0.09699	0.16311	0.14512	0.08046	0.06066	0.09763	0.01665	0.04935	0.05457	0.06924	0.00654	0.00522	0.00159	0.00621	0.00565	0.00335	0.00672
8	0.01263	0.17975	0.05899	0.01082	0.03048	0.01045	0.13039	0.01516	0.01256	0.16068	0.24319	0.02181	0.02126	0.06195	0.00659	0.00175	0.00497	0.00610	0.00413	0.00637
9	0.00738	0.00494	0.00562	0.00570	0.00572	0.00492	0.00322	0.00744	0.00762	0.01016	0.01699	0.08672	0.01969	0.76512	0.02479	0.00478	0.00484	0.00795	0.00322	0.00318
10	0.01916	0.01420	0.01520	0.01174	0.01578	0.01575	0.00967	0.73224	0.06301	0.03178	0.01276	0.01267	0.00908	0.00620	0.00514	0.00155	0.00556	0.00468	0.00514	0.00869
11	0.01369	0.05025	0.01818	0.10794	0.36382	0.03943	0.01298	0.16851	0.01365	0.01867	0.02816	0.01282	0.00877	0.00571	0.00660	0.00162	0.11417	0.00456	0.00306	0.00742
12	0.01294	0.01207	0.01623	0.16711	0.18604	0.06901	0.03503	0.14552	0.02737	0.01738	0.02359	0.01399	0.02430	0.00805	0.05009	0.00207	0.17462	0.00479	0.00305	0.00673
13	0.04567	0.05633	0.01405	0.02835	0.10507	0.17090	0.02072	0.05300	0.06867	0.04502	0.01059	0.01240	0.00864	0.00825	0.08183	0.00196	0.02976	0.00396	0.00317	0.23167

[dist]
# distance from previous block
# <min> <max>
0	38

[block]
# block no. 4 follows, 48 sequences, length 42
# corresponding to MSA columns:
# 893-934
name=unknown_E
#
# <colnr> <probs for GDERKNQSTAVLIFYWHMCP>
#	G	D	E	R	K	N	Q	S	T	A	V	L	I	F	Y	W	H	M	C	P
0	0.01114	0.00982	0.01462	0.18403	0.22193	0.05753	0.04691	0.02723	0.02416	0.01347	0.00964	0.01404	0.00833	0.01066	0.05753	0.23453	0.04180	0.00461	0.00251	0.00550
1	0.01252	0.06537	0.01856	0.12743	0.39050	0.07152	0.04519	0.03027	0.04165	0.01575	0.00989	0.01277	0.00819	0.00656	0.04439	0.00183	0.03173	0.00442	0.00268	0.05879
2	0.00787	0.00560	0.00724	0.00777	0.00856	0.00566	0.00596	0.02786	0.01018	0.01345	0.02323	0.13094	0.05816	0.25823	0.10185	0.00373	0.00554	0.30990	0.00403	0.00424
3	0.00944	0.00800	0.01061	0.03123	0.12446	0.00698	0.00738	0.01175	0.02585	0.01589	0.05546	0.18859	0.06627	0.00810	0.00507	0.00139	0.00395	0.04801	0.00369	0.36789
4	0.00891	0.00446	0.00668	0.00668	0.00668	0.00446	0.00446	0.00668	0.00668	0.00891	0.00891	0.01560	0.00891	0.01783	0.02005	0.85071	0.00446	0.00446	0.00223	0.00223
5	0.08099	0.01055	0.13009	0.00997	0.01287	0.00818	0.10475	0.01405	0.01011	0.16285	0.01425	0.02152	0.01280	0.31517	0.06733	0.00335	0.00624	0.00576	0.00350	0.00566
6	0.00680	0.00523	0.00622	0.00597	0.00738	0.00465	0.00448	0.00879	0.01344	0.01799	0.50283	0.04258	0.33216	0.01145	0.00606	0.00166	0.00249	0.00988	0.00531	0.00465
7	0.01314	0.55169	0.15812	0.01107	0.03504	0.05483	0.04308	0.01570	0.01081	0.01335	0.00783	0.00920	0.00671	0.00449	0.00382	0.00122	0.00610	0.00315	0.00228	0.04837
8	0.00642	0.00480	0.00596	0.00654	0.00737	0.00435	0.00458	0.00772	0.01123	0.01482	0.18974	0.47528	0.21409	0.01420	0.00633	0.00190	0.00277	0.01261	0.00495	0.00435
9	0.05492	0.03620	0.05261	0.01231	0.05286	0.18839	0.05604	0.16402	0.07847	0.02989	0.01152	0.01407	0.00942	0.04222	0.05426	0.00199	0.00674	0.01874	0.00350	0.11184
10	0.01029	0.02654	0.79309	0.01462	0.02221	0.01192	0.01896	0.01625	0.01083	0.01625	0.00921	0.01083	0.00650	0.00487	0.00487	0.00162	0.00758	0.00379	0.00217	0.00758
11	0.00874	0.00756	0.01172	0.18445	0.18518	0.00795	0.02235	0.01071	0.01013	0.01353	0.01961	0.19845	0.10216	0.12170	0.07077	0.00271	0.00567	0.00798	0.00332	0.00532
12	0.01148	0.00822	0.00975	0.00868	0.01079	0.00866	0.00685	0.20391	0.06219	0.06333	0.16571	0.11276	0.11654	0.01376	0.11203	0.00261	0.02279	0.04904	0.00481	0.00609
13	0.20081	0.04933	0.01206	0.03571	0.01306	0.04639	0.02783	0.20435	0.03049	0.07093	0.01448	0.05041	0.04871	0.02369	0.07822	0.00228	0.03241	0.02794	0.02445	0.00643
14	0.01393	0.79136	0.02640	0.00895	0.01328	0.05094	0.00882	0.01557	0.01059	0.01209	0.00716	0.00827	0.00659	0.00443	0.00334	0.00111	0.00564	0.00277	0.00221	0.00656
15	0.03162	0.00683	0.00803	0.00816	0.02262	0.01813	0.00611	0.09146	0.01227	0.04007	0.05324	0.23576	0.17508	0.07603	0.03281	0.00234	0.00423	0.15063	0.00454	0.02004
16	0.06531	0.01143	0.01199	0.10400	0.01553	0.09195	0.00868	0.18186	0.15693	0.10885	0.05139	0.05151	0.05316	0.00750	0.00526	0.00167	0.00515	0.05634	0.00454	0.00694
17	0.00886	0.00447	0.00665	0.00665	0.00665	0.00447	0.00441	0.00671	0.00671	0.00895	0.00915	0.01619	0.00924	0.04448	0.02026	0.82260	0.00447	0.00456	0.00226	0.00226
18	0.01019	0.00940	0.01549	0.71846	0.07103	0.01148	0.01400	0.04298	0.01091	0.01410	0.00971	0.01465	0.00753	0.00536	0.00518	0.00171	0.00670	0.02275	0.00246	0.00591
19	0.01315	0.01051	0.04862	0.04181	0.03811	0.04326	0.02314	0.06282	0.25302	0.14318	0.10549	0.06282	0.07752	0.00812	0.00549	0.00171	0.00454	0.04485	0.00485	0.00700
20	0.01614	0.02894	0.06861	0.02760	0.01737	0.09134	0.12787	0.33399	0.06171	0.06471	0.01200	0.01373	0.00912	0.04470	0.00692	0.00177	0.05712	0.00485	0.00399	0.00750
21	0.01267	0.01364	0.01533	0.01331	0.01384	0.16571	0.01087	0.01384	0.00915	0.01238	0.00711	0.01104	0.00684	0.00890	0.03117	0.00220	0.63974	0.00428	0.00233	0.00566
22	0.00903	0.00492	0.00750	0.00820	0.05372	0.00491	0.00515	0.00725	0.00712	0.00956	0.00978	0.04959	0.00993	0.01695	0.01858	0.76339	0.00449	0.00490	0.00236	0.00267
23	0.01341	0.17437	0.10974	0.06017	0.01619	0.16661	0.01138	0.01543	0.01042	0.03762	0.00796	0.01055	0.00687	0.00647	0.00908	0.00169	0.31336	0.00383	0.00245	0.02242
24	0.01045	0.07114	0.50984	0.01465	0.05887	0.01222	0.05216	0.01491	0.01049	0.01530	0.01064	0.08500	0.00920	0.00629	0.00633	0.00170	0.09646	0.00495	0.00246	0.00698
25	0.00637	0.00455	0.00609	0.00728	0.00763	0.00427	0.00497	0.00735	0.00994	0.01323	0.02821	0.77068	0.03367	0.01596	0.00658	0.00210	0.00308	0.05904	0.00476	0.00420
26	0.00944	0.00877	0.02741	0.28544	0.21599	0.00912	0.01102	0.01243	0.02461	0.01590	0.17960	0.05939	0.10494	0.00753	0.00548	0.00166	0.00503	0.00673	0.00350	0.00599
27	0.11647	0.33937	0.01955	0.11385	0.12533	0.15449	0.01024	0.01638	0.03545	0.01458	0.00832	0.01009	0.00700	0.00480	0.00406	0.00136	0.00618	0.00343	0.00255	0.00650
28	0.06354	0.00983	0.01157	0.00874	0.01259	0.00900	0.00710	0.08016	0.01177	0.09209	0.01007	0.01137	0.00796	0.00490	0.00551	0.00113	0.09661	0.00353	0.00346	0.54908
29	0.01398	0.22797	0.03064	0.03480	0.11809	0.13731	0.11328	0.07782	0.07061	0.01583	0.01008	0.02561	0.00847	0.00636	0.02665	0.00167	0.06669	0.00437	0.00290	0.00685
30	0.79396	0.01068	0.00822	0.00770	0.03053	0.04910	0.00603	0.01536	0.00909	0.02236	0.00725	0.00849	0.00567	0.00478	0.00329	0.00157	0.00428	0.00285	0.00313	0.00564
31	0.01424	0.06669	0.23229	0.01716	0.17188	0.21682	0.04339	0.08110	0.03158	0.01642	0.00929	0.01111	0.00733	0.00527	0.00554	0.00153	0.05444	0.00401	0.00271	0.00718
32	0.00721	0.00561	0.00799	0.07412	0.03628	0.00573	0.00636	0.00861	0.00967	0.01318	0.02246	0.54305	0.02573	0.01775	0.13524	0.00298	0.02028	0.01125	0.00403	0.04249
33	0.00863	0.00450	0.00664	0.00670	0.00680	0.00446	0.00450	0.00690	0.00737	0.00990	0.05695	0.07206	0.01301	0.01726	0.01828	0.74121	0.00423	0.00544	0.00261	0.00252
34	0.00767	0.00524	0.00607	0.00598	0.00623	0.00533	0.00362	0.02431	0.00817	0.01096	0.03447	0.03239	0.03804	0.69105	0.09574	0.00504	0.00568	0.00735	0.00322	0.00344
35	0.13346	0.01057	0.06134	0.02098	0.04197	0.00855	0.03082	0.02680	0.03043	0.06203	0.02304	0.02626	0.00891	0.00467	0.00414	0.00113	0.00437	0.00375	0.00331	0.49347
36	0.04073	0.08201	0.03478	0.02904	0.14075	0.08933	0.03833	0.10247	0.05710	0.08250	0.01318	0.03450	0.02445	0.01996	0.00583	0.00157	0.04522	0.04966	0.00357	0.10500
37	0.02746	0.04196	0.19986	0.03260	0.08151	0.01164	0.04763	0.14186	0.05499	0.09000	0.01345	0.02843	0.04209	0.00638	0.01650	0.00163	0.04851	0.00477	0.00355	0.10518
38	0.02609	0.09624	0.06725	0.12185	0.10559	0.07544	0.08449	0.09409	0.02637	0.09610	0.03572	0.02871	0.00980	0.00592	0.00617	0.00160	0.08781	0.00474	0.00330	0.02273
39	0.04489	0.08917	0.03028	0.08693	0.06011	0.07684	0.07100	0.08178	0.06947	0.03568	0.01488	0.10646	0.05894	0.00735	0.00647	0.00165	0.10160	0.00589	0.00342	0.04720
40	0.09048	0.03738	0.02684	0.11928	0.10282	0.04225	0.04329	0.07234	0.05946	0.05381	0.04560	0.04532	0.01098	0.00708	0.02030	0.01778	0.10946	0.00492	0.00333	0.08728
41	0.07184	0.09434	0.04547	0.11483	0.06943	0.05670	0.08404	0.14292	0.03920	0.04873	0.01076	0.02378	0.00861	0.00811	0.06805	0.00207	0.04963	0.00450	0.00325	0.05373

[dist]
# distance from previous block
# <min> <max>
46	265

[block]
# block no. 5 follows, 48 sequences, length 11
# corresponding to MSA columns:
# 1255-1265
name=unknown_F
#
# <colnr> <probs for GDERKNQSTAVLIFYWHMCP>
#	G	D	E	R	K	N	Q	S	T	A	V	L	I	F	Y	W	H	M	C	P
0	0.01291	0.01183	0.04594	0.15915	0.31814	0.01207	0.04627	0.12965	0.01321	0.04765	0.03509	0.01501	0.03929	0.00579	0.00603	0.00162	0.06474	0.00498	0.00319	0.02745
1	0.04770	0.01057	0.01528	0.28470	0.17566	0.01148	0.02768	0.11978	0.04153	0.01815	0.04421	0.01385	0.00960	0.00537	0.00530	0.00152	0.03259	0.00456	0.00314	0.12732
2	0.00775	0.00607	0.04195	0.04972	0.03689	0.00536	0.00608	0.00826	0.00937	0.01263	0.08231	0.34555	0.05073	0.05446	0.01122	0.25069	0.00397	0.00934	0.00369	0.00398
3	0.01445	0.03892	0.03863	0.00978	0.01313	0.04050	0.00809	0.29738	0.08938	0.07875	0.04183	0.09301	0.07881	0.00859	0.03172	0.00175	0.00505	0.00610	0.00458	0.09955
4	0.01216	0.01110	0.04334	0.17352	0.29319	0.01109	0.01219	0.07420	0.04260	0.04647	0.01162	0.06705	0.00993	0.00589	0.00565	0.00155	0.04879	0.00508	0.00313	0.12144
5	0.05765	0.01316	0.08122	0.03187	0.03879	0.04140	0.00973	0.36995	0.01743	0.09052	0.01436	0.08319	0.01211	0.00716	0.00518	0.00161	0.00540	0.05861	0.00445	0.05621
6	0.01286	0.01185	0.03716	0.05908	0.05401	0.08347	0.03687	0.09189	0.10081	0.04845	0.01249	0.06683	0.01048	0.00564	0.00468	0.00128	0.00509	0.00471	0.00360	0.34875
7	0.11899	0.01261	0.07567	0.07933	0.05750	0.10661	0.00914	0.11020	0.06484	0.04026	0.04537	0.03185	0.05363	0.05498	0.01767	0.00184	0.00557	0.03257	0.00364	0.07774
8	0.04542	0.07013	0.09329	0.09233	0.22737	0.06181	0.01193	0.14971	0.01338	0.01850	0.03888	0.01329	0.00941	0.03193	0.00605	0.00161	0.04448	0.00439	0.00310	0.06297
9	0.01377	0.06432	0.08566	0.08980	0.13234	0.12436	0.02394	0.14876	0.13565	0.01843	0.01322	0.04376	0.02736	0.03421	0.00596	0.00169	0.02114	0.00504	0.00350	0.00708
10	0.03834	0.13142	0.03325	0.07964	0.12289	0.04951	0.04582	0.04253	0.06841	0.06136	0.01609	0.09232	0.07620	0.03489	0.00581	0.00164	0.01682	0.00581	0.00346	0.07378

[dist]
# distance from previous block
# <min> <max>
20	122

[block]
# block no. 6 follows, 48 sequences, length 8
# corresponding to MSA columns:
# 1421-1428
name=unknown_G
#
# <colnr> <probs for GDERKNQSTAVLIFYWHMCP>
#	G	D	E	R	K	N	Q	S	T	A	V	L	I	F	Y	W	H	M	C	P
0	0.05340	0.09462	0.08245	0.03998	0.06867	0.08371	0.03671	0.12525	0.04366	0.04812	0.01692	0.08411	0.09424	0.04950	0.03930	0.00201	0.00584	0.00591	0.00361	0.02199
1	0.04219	0.01128	0.04386	0.13828	0.10803	0.08701	0.02755	0.04176	0.08114	0.06988	0.04945	0.04870	0.06121	0.03330	0.00661	0.00178	0.05468	0.04577	0.02257	0.02495
2	0.02833	0.05092	0.07887	0.07821	0.09907	0.10717	0.06266	0.16352	0.06255	0.03702	0.04172	0.03519	0.01045	0.00599	0.00575	0.00155	0.05857	0.00480	0.00346	0.06419
3	0.12403	0.04728	0.08943	0.05070	0.06404	0.15595	0.05060	0.11203	0.03595	0.01807	0.03994	0.09538	0.02427	0.02551	0.00535	0.00163	0.00593	0.00536	0.00341	0.04516
4	0.01183	0.08452	0.01236	0.04189	0.04948	0.11684	0.00791	0.13050	0.04379	0.01707	0.07864	0.19443	0.07937	0.01079	0.05185	0.00202	0.03130	0.00739	0.00395	0.02409
5	0.00898	0.00698	0.03876	0.03620	0.01003	0.00606	0.00599	0.05558	0.01206	0.06663	0.17135	0.27920	0.13274	0.08136	0.00761	0.00201	0.00362	0.00967	0.00461	0.06056
6	0.03587	0.08086	0.09732	0.03995	0.08607	0.12734	0.15725	0.15256	0.03214	0.04903	0.01097	0.04381	0.00886	0.00577	0.00569	0.00159	0.04969	0.00486	0.00326	0.00710
7	0.03658	0.35174	0.13337	0.01280	0.05552	0.04314	0.10931	0.06780	0.01192	0.05247	0.01015	0.05474	0.00872	0.00547	0.00474	0.00144	0.02599	0.00438	0.00285	0.00689

[dist]
# distance from previous block
# <min> <max>
29	148

[block]
# block no. 7 follows, 48 sequences, length 18
# corresponding to MSA columns:
# 1624-1628,1634-1646
name=unknown_H
#
# <colnr> <probs for GDERKNQSTAVLIFYWHMCP>
#	G	D	E	R	K	N	Q	S	T	A	V	L	I	F	Y	W	H	M	C	P
0	0.03872	0.03388	0.10838	0.05641	0.06852	0.05432	0.16190	0.01484	0.04552	0.08446	0.05062	0.11776	0.12705	0.00777	0.00550	0.00168	0.00564	0.00704	0.00369	0.00632
1	0.00835	0.00595	0.00810	0.00796	0.00903	0.00565	0.04255	0.05121	0.01092	0.04584	0.07077	0.51281	0.02818	0.12475	0.00896	0.00234	0.00373	0.01148	0.00450	0.03692
2	0.01268	0.01431	0.06559	0.06617	0.08610	0.14957	0.24501	0.06785	0.03212	0.01631	0.01411	0.06917	0.05253	0.00706	0.02279	0.00177	0.00714	0.02788	0.00314	0.03871
3	0.04386	0.01403	0.15186	0.10282	0.17196	0.09220	0.03701	0.02640	0.08103	0.03175	0.02773	0.09104	0.03215	0.05175	0.00654	0.00184	0.02052	0.00576	0.00319	0.00657
4	0.00937	0.06296	0.02833	0.00972	0.01180	0.00839	0.11124	0.01143	0.01065	0.05459	0.08568	0.08518	0.16060	0.03440	0.19361	0.00332	0.07093	0.00728	0.03520	0.00532
5	0.04147	0.02802	0.03026	0.08037	0.01162	0.00692	0.01943	0.03121	0.01086	0.06109	0.11979	0.11717	0.06972	0.04221	0.07161	0.12678	0.00495	0.06400	0.05766	0.00485
6	0.01384	0.04056	0.07470	0.13457	0.18404	0.08792	0.07302	0.13473	0.03822	0.05460	0.01124	0.03061	0.00907	0.00649	0.02193	0.00176	0.05495	0.01740	0.00322	0.00713
7	0.01346	0.17945	0.09364	0.08397	0.11085	0.09478	0.07615	0.11646	0.04051	0.01705	0.01069	0.04245	0.00892	0.00565	0.00517	0.00150	0.03692	0.00456	0.05095	0.00686
8	0.03873	0.00626	0.00801	0.00803	0.00923	0.00624	0.03421	0.03148	0.09404	0.03835	0.07014	0.48465	0.06624	0.05877	0.00725	0.00211	0.00355	0.02303	0.00469	0.00501
9	0.01222	0.03397	0.11405	0.29851	0.22807	0.05928	0.03837	0.05845	0.03617	0.03495	0.03087	0.01352	0.00879	0.00520	0.00507	0.00160	0.00657	0.00458	0.00281	0.00695
10	0.00932	0.00680	0.00989	0.03190	0.07257	0.00765	0.00743	0.03965	0.00955	0.05164	0.01355	0.01933	0.01224	0.07503	0.53284	0.00620	0.04324	0.00539	0.04057	0.00522
11	0.00742	0.00545	0.00691	0.00770	0.02363	0.00525	0.00536	0.04545	0.01104	0.01458	0.07330	0.45902	0.11812	0.09722	0.00844	0.00231	0.00350	0.09621	0.00461	0.00448
12	0.01313	0.10822	0.08429	0.07488	0.10184	0.12559	0.04190	0.06494	0.01242	0.07286	0.02745	0.08370	0.02930	0.00843	0.03734	0.00190	0.04374	0.05828	0.00336	0.00646
13	0.07592	0.04491	0.03447	0.04227	0.06443	0.01044	0.15666	0.11185	0.05126	0.05366	0.05161	0.01661	0.02704	0.00658	0.02404	0.00167	0.00527	0.00515	0.20966	0.00649
14	0.01175	0.00931	0.01063	0.00950	0.01164	0.04757	0.03590	0.09407	0.22374	0.06107	0.10401	0.14737	0.05160	0.03373	0.02346	0.00198	0.03342	0.03571	0.04720	0.00633
15	0.00906	0.00589	0.00713	0.00685	0.00816	0.00570	0.00513	0.06724	0.01175	0.04692	0.14110	0.08157	0.20304	0.06946	0.03125	0.14920	0.00385	0.06863	0.07355	0.00454
16	0.06214	0.04862	0.06835	0.04523	0.06612	0.16591	0.02474	0.05634	0.04021	0.11911	0.09123	0.01897	0.03682	0.05938	0.02829	0.00197	0.02711	0.02930	0.00377	0.00639
17	0.00709	0.00524	0.00658	0.00694	0.00777	0.00508	0.00490	0.00919	0.05459	0.01529	0.22662	0.36404	0.10000	0.09487	0.04724	0.00251	0.00363	0.02916	0.00476	0.00451

[dist]
# distance from previous block
# <min> <max>
0	8

[block]
# block no. 8 follows, 48 sequences, length 10
# corresponding to MSA columns:
# 1661-1670
name=unknown_I
#
# <colnr> <probs for GDERKNQSTAVLIFYWHMCP>
#	G	D	E	R	K	N	Q	S	T	A	V	L	I	F	Y	W	H	M	C	P
0	0.01205	0.01145	0.04209	0.38243	0.14892	0.05696	0.01310	0.04028	0.01105	0.06217	0.00971	0.01319	0.00763	0.00686	0.03326	0.00194	0.13327	0.00452	0.00270	0.00641
1	0.01008	0.06292	0.04325	0.13428	0.06872	0.01034	0.11870	0.03424	0.06717	0.01517	0.01745	0.13359	0.05809	0.01078	0.06629	0.00230	0.04890	0.08837	0.00342	0.00594
2	0.10451	0.03019	0.07222	0.03106	0.03075	0.15238	0.07721	0.05860	0.06545	0.04012	0.06740	0.04818	0.05729	0.03549	0.03541	0.00201	0.00614	0.07584	0.00368	0.00608
3	0.01130	0.00984	0.01005	0.00929	0.01113	0.09374	0.00713	0.03310	0.24310	0.05061	0.04123	0.08381	0.11277	0.07156	0.10577	0.00280	0.06830	0.02427	0.00421	0.00600
4	0.00908	0.03440	0.01184	0.06308	0.17520	0.00877	0.00866	0.01121	0.04215	0.01414	0.03919	0.33369	0.05369	0.05736	0.00842	0.00206	0.10883	0.00907	0.00367	0.00550
5	0.03168	0.09809	0.12289	0.14275	0.06339	0.04213	0.02941	0.02821	0.10006	0.07257	0.03371	0.06375	0.03341	0.00703	0.02191	0.00170	0.02220	0.00524	0.02123	0.05862
6	0.01219	0.01207	0.06420	0.08147	0.08886	0.07907	0.04247	0.15164	0.09020	0.01860	0.03436	0.11744	0.09782	0.00789	0.00538	0.00163	0.00534	0.02688	0.00391	0.05857
7	0.00987	0.00948	0.06745	0.12296	0.04966	0.03091	0.05584	0.03386	0.03889	0.04885	0.18772	0.10469	0.11725	0.02689	0.01978	0.00182	0.00481	0.00745	0.00404	0.05777
8	0.01076	0.01065	0.08781	0.09825	0.16048	0.00987	0.08141	0.05960	0.01100	0.04757	0.01264	0.06167	0.01121	0.04012	0.24697	0.00377	0.03136	0.00560	0.00300	0.00625
9	0.01323	0.02630	0.06305	0.06537	0.15432	0.05941	0.04162	0.09988	0.11788	0.05177	0.01193	0.01389	0.00945	0.04142	0.00571	0.00154	0.00552	0.00444	0.00347	0.20981

[dist]
# distance from previous block
# <min> <max>
15	26

[block]
# block no. 9 follows, 48 sequences, length 73
# corresponding to MSA columns:
# 1706-1709,1717-1785
name=unknown_J
#
# <colnr> <probs for GDERKNQSTAVLIFYWHMCP>
#	G	D	E	R	K	N	Q	S	T	A	V	L	I	F	Y	W	H	M	C	P
0	0.03144	0.05319	0.04757	0.08273	0.10771	0.08490	0.14295	0.09702	0.02394	0.03660	0.01230	0.02985	0.03299	0.02397	0.02278	0.00174	0.03328	0.02616	0.00317	0.10572
1	0.00914	0.03564	0.10761	0.01061	0.06036	0.00799	0.05801	0.05551	0.03738	0.01635	0.08692	0.22933	0.17260	0.01003	0.00568	0.00171	0.00436	0.02509	0.00407	0.06160
2	0.01462	0.01399	0.06140	0.03299	0.13840	0.13855	0.01047	0.05948	0.28017	0.09739	0.02556	0.01600	0.03197	0.00635	0.00572	0.00163	0.04871	0.00503	0.00407	0.00750
3	0.01467	0.24154	0.11778	0.01221	0.05332	0.21008	0.02907	0.07559	0.03958	0.05106	0.03412	0.01418	0.05070	0.00585	0.00476	0.00142	0.01823	0.01595	0.00313	0.00674
4	0.09047	0.10629	0.16649	0.01239	0.07182	0.08476	0.04166	0.10024	0.06867	0.02953	0.06188	0.01715	0.09460	0.00644	0.00514	0.00156	0.02562	0.00506	0.00346	0.00676
5	0.01102	0.05694	0.05891	0.00933	0.01172	0.00901	0.03800	0.05799	0.04233	0.10676	0.16665	0.05168	0.13491	0.01263	0.10445	0.00252	0.08613	0.02883	0.00426	0.00595
6	0.00652	0.00492	0.00664	0.00733	0.00801	0.00455	0.02672	0.00763	0.01024	0.01342	0.04178	0.62256	0.13855	0.03648	0.00700	0.00211	0.00320	0.04341	0.00467	0.00427
7	0.05210	0.06996	0.01599	0.03674	0.13611	0.08978	0.08408	0.01531	0.03716	0.02506	0.00944	0.01146	0.00776	0.00505	0.01451	0.00133	0.04509	0.00383	0.00287	0.33637
8	0.03914	0.04316	0.14921	0.07692	0.11822	0.06047	0.02095	0.08329	0.07646	0.11858	0.05727	0.02784	0.03816	0.00623	0.00547	0.00159	0.03714	0.00502	0.00370	0.03119
9	0.00849	0.00717	0.00966	0.03633	0.05625	0.04636	0.00735	0.01034	0.00921	0.01280	0.06621	0.02045	0.01450	0.06764	0.55906	0.00640	0.04837	0.00561	0.00291	0.00489
10	0.07122	0.21151	0.36515	0.06414	0.01904	0.08956	0.03333	0.01668	0.01117	0.06092	0.00913	0.01055	0.00689	0.00488	0.00442	0.00147	0.00679	0.00362	0.00255	0.00698
11	0.04289	0.18451	0.15413	0.01184	0.04333	0.11975	0.03956	0.09277	0.02545	0.08326	0.01352	0.10009	0.03295	0.00671	0.00499	0.00153	0.01817	0.01438	0.00340	0.00677
12	0.02170	0.01333	0.18353	0.05395	0.11471	0.04844	0.06340	0.07146	0.01213	0.06699	0.01739	0.20062	0.06057	0.02472	0.02208	0.00191	0.00582	0.00722	0.00357	0.00644
13	0.00691	0.00516	0.00740	0.00782	0.00847	0.00518	0.03155	0.00813	0.00940	0.01272	0.02336	0.47233	0.04235	0.09675	0.20640	0.00389	0.00610	0.03777	0.00403	0.00429
14	0.01416	0.17795	0.05260	0.03834	0.03964	0.07038	0.00918	0.13432	0.07463	0.10005	0.04640	0.06253	0.05777	0.00708	0.00591	0.00157	0.07724	0.00538	0.01805	0.00683
15	0.24358	0.03027	0.09834	0.05655	0.08404	0.07077	0.02986	0.01774	0.07729	0.13501	0.01146	0.01255	0.00856	0.00684	0.04371	0.00186	0.00582	0.00405	0.00351	0.05820
16	0.05630	0.03499	0.05670	0.01107	0.12183	0.00804	0.00771	0.04266	0.01218	0.10956	0.22548	0.02465	0.04548	0.12616	0.06406	0.00252	0.00496	0.00641	0.03335	0.00590
17	0.09434	0.00628	0.00733	0.01847	0.00902	0.00636	0.00553	0.05564	0.02778	0.03817	0.08621	0.33647	0.12794	0.05712	0.05524	0.00243	0.00412	0.05215	0.00450	0.00490
18	0.03609	0.08091	0.27882	0.01640	0.15849	0.06252	0.06798	0.11460	0.02534	0.06832	0.03552	0.01266	0.00907	0.00524	0.00491	0.00154	0.00655	0.00436	0.00314	0.00754
19	0.00991	0.03199	0.34632	0.06095	0.13964	0.01014	0.01338	0.03003	0.03897	0.01607	0.04732	0.10582	0.09527	0.00798	0.02237	0.00181	0.00598	0.00623	0.00312	0.00669
20	0.15545	0.00712	0.00806	0.00817	0.05466	0.00717	0.00579	0.05449	0.01203	0.10683	0.11105	0.14332	0.08644	0.00844	0.00483	0.00158	0.00339	0.00703	0.20850	0.00565
21	0.01319	0.20852	0.05264	0.03599	0.20744	0.14803	0.07315	0.03981	0.01209	0.01476	0.01383	0.01540	0.10053	0.00589	0.00523	0.00147	0.03781	0.00475	0.00280	0.00667
22	0.04774	0.09352	0.14652	0.05434	0.04584	0.07307	0.01068	0.23200	0.04313	0.08339	0.01426	0.05383	0.04900	0.00710	0.02180	0.00170	0.00597	0.00503	0.00384	0.00724
23	0.00823	0.05351	0.00791	0.00686	0.00790	0.00602	0.00503	0.03778	0.00987	0.01283	0.06658	0.14706	0.19541	0.04307	0.09944	0.27224	0.00485	0.00787	0.00359	0.00396
24	0.01208	0.01124	0.03370	0.06487	0.23344	0.06634	0.04312	0.05979	0.07952	0.05117	0.02974	0.05043	0.11687	0.00776	0.00610	0.00172	0.04710	0.07465	0.00369	0.00668
25	0.01563	0.07629	0.01541	0.01185	0.01445	0.14756	0.02497	0.25423	0.07787	0.05001	0.01198	0.06765	0.01020	0.00724	0.00770	0.00169	0.18942	0.00506	0.00380	0.00698
26	0.01043	0.01152	0.12448	0.11668	0.24393	0.00986	0.01203	0.03622	0.06827	0.01611	0.02866	0.08956	0.03027	0.05720	0.00681	0.00197	0.00557	0.12059	0.00338	0.00647
27	0.00804	0.00508	0.00652	0.00678	0.00764	0.00468	0.00472	0.00907	0.01084	0.07628	0.16632	0.39902	0.11075	0.09960	0.00917	0.05196	0.00325	0.01111	0.00473	0.00445
28	0.01280	0.06103	0.01114	0.00952	0.01151	0.20471	0.00720	0.11073	0.04623	0.05631	0.04928	0.34084	0.03743	0.01023	0.00553	0.00170	0.00512	0.00863	0.00426	0.00578
29	0.01712	0.19854	0.02998	0.01260	0.04010	0.54612	0.00982	0.01905	0.03522	0.01311	0.02883	0.01022	0.00802	0.00525	0.00441	0.00130	0.00797	0.00346	0.00269	0.00622
30	0.01336	0.35245	0.06923	0.06000	0.12195	0.16309	0.01043	0.01586	0.03072	0.01395	0.05461	0.01365	0.04996	0.00552	0.00435	0.00135	0.00614	0.00414	0.00273	0.00651
31	0.00790	0.00711	0.05515	0.00999	0.06350	0.00693	0.00753	0.00998	0.00878	0.01275	0.01408	0.05880	0.01335	0.05419	0.60993	0.00676	0.01169	0.00581	0.03082	0.00495
32	0.01911	0.06902	0.01481	0.01072	0.01449	0.05248	0.00882	0.47535	0.01967	0.19090	0.01367	0.01428	0.00993	0.05553	0.00626	0.00172	0.00550	0.00471	0.00494	0.00810
33	0.00990	0.00914	0.00861	0.00784	0.01001	0.12648	0.00600	0.01240	0.05236	0.02966	0.23114	0.07348	0.20514	0.00947	0.00550	0.00153	0.00401	0.05120	0.00445	0.14166
34	0.01035	0.00959	0.01603	0.42439	0.29846	0.01072	0.01349	0.01332	0.01072	0.01450	0.01170	0.10862	0.01061	0.00624	0.00526	0.00168	0.00605	0.00576	0.01615	0.00636
