[name]
unknown

[dist]
# distance from previous block
# <min> <max>
2	153

[block]
# block no. 0 follows, 68 sequences, length 118
# corresponding to MSA columns:
# 170-287
name=unknown_A
#
# <colnr> <probs for GDERKNQSTAVLIFYWHMCP>
#	G	D	E	R	K	N	Q	S	T	A	V	L	I	F	Y	W	H	M	C	P
0	0.04767	0.00762	0.02423	0.10135	0.06501	0.04428	0.01759	0.14963	0.02286	0.14978	0.08049	0.14680	0.06116	0.00640	0.00430	0.00130	0.01799	0.01553	0.03097	0.00505
1	0.05319	0.00705	0.00906	0.14635	0.07435	0.03932	0.02895	0.07734	0.08134	0.05823	0.07695	0.16618	0.06355	0.01780	0.01612	0.02318	0.03565	0.00557	0.01522	0.00462
2	0.02546	0.00786	0.00962	0.23146	0.05355	0.07314	0.01633	0.10250	0.07952	0.08447	0.06148	0.09013	0.03427	0.05114	0.01774	0.00148	0.00426	0.01513	0.00299	0.03746
3	0.00913	0.00665	0.00841	0.12603	0.01127	0.03244	0.03335	0.08634	0.07418	0.11995	0.12783	0.10920	0.09846	0.02207	0.03079	0.00145	0.00365	0.00549	0.02508	0.06824
4	0.14222	0.00709	0.00837	0.05040	0.01856	0.02780	0.03925	0.12107	0.06795	0.14721	0.07939	0.16242	0.06487	0.00703	0.02372	0.00142	0.00356	0.00544	0.00353	0.01872
5	0.04046	0.00699	0.00992	0.04112	0.04234	0.00709	0.11680	0.10887	0.07721	0.11057	0.07801	0.09392	0.08173	0.03694	0.03175	0.01743	0.01711	0.00526	0.04994	0.02655
6	0.00966	0.00699	0.00951	0.10702	0.11314	0.01809	0.03302	0.12727	0.05266	0.12904	0.08416	0.15342	0.08586	0.02725	0.02348	0.00148	0.00380	0.00573	0.00339	0.00502
7	0.00822	0.00767	0.01177	0.68009	0.07988	0.03933	0.01042	0.04324	0.01883	0.01112	0.00749	0.01061	0.00572	0.00441	0.01698	0.00136	0.00523	0.00352	0.02949	0.00462
8	0.13711	0.00791	0.01013	0.08426	0.03516	0.06279	0.11171	0.06380	0.03065	0.16395	0.01050	0.04359	0.00844	0.06582	0.04415	0.00163	0.00446	0.00399	0.08224	0.02772
9	0.00551	0.00402	0.00491	0.00512	0.00536	0.00409	0.00335	0.00595	0.00680	0.00906	0.02844	0.30531	0.09756	0.40758	0.03882	0.00278	0.05178	0.00771	0.00293	0.00293
10	0.02164	0.00885	0.01165	0.03139	0.01105	0.01159	0.01797	0.12447	0.08768	0.01267	0.00713	0.00957	0.00620	0.00627	0.01016	0.00158	0.58907	0.00359	0.02260	0.00486
11	0.08393	0.00784	0.00964	0.08728	0.03269	0.04167	0.05832	0.12609	0.13970	0.09831	0.12096	0.04141	0.03375	0.00616	0.01690	0.02311	0.02358	0.02309	0.02047	0.00511
12	0.05013	0.01002	0.01127	0.02527	0.01208	0.02316	0.05109	0.50765	0.16531	0.04526	0.02366	0.01101	0.00821	0.00478	0.00392	0.00122	0.00412	0.00379	0.03178	0.00626
13	0.04832	0.00885	0.01117	0.18738	0.01485	0.08050	0.08639	0.15477	0.03734	0.16450	0.03001	0.02429	0.02299	0.00478	0.00396	0.00122	0.00447	0.03507	0.01147	0.06766
14	0.00955	0.00693	0.00935	0.14615	0.05496	0.00721	0.03465	0.15457	0.03871	0.10270	0.07099	0.10662	0.05043	0.08582	0.00577	0.00150	0.01549	0.01915	0.01460	0.06484
15	0.00752	0.00538	0.00747	0.06066	0.05420	0.02036	0.03566	0.03412	0.01790	0.09324	0.05861	0.44201	0.03284	0.00995	0.04219	0.00165	0.00344	0.02660	0.01926	0.02696
16	0.00757	0.00587	0.00669	0.05318	0.01913	0.07425	0.00501	0.06293	0.00853	0.05250	0.01547	0.37324	0.01679	0.09757	0.10806	0.03021	0.00434	0.03995	0.01490	0.00379
17	0.07904	0.12949	0.03776	0.01187	0.23032	0.03939	0.02063	0.02599	0.00989	0.34601	0.02519	0.01078	0.00787	0.00420	0.00365	0.00116	0.00408	0.00344	0.00321	0.00602
18	0.03577	0.00625	0.00825	0.00654	0.00922	0.00546	0.00533	0.01671	0.01094	0.66447	0.07746	0.03177	0.09217	0.00574	0.00409	0.00125	0.00311	0.00473	0.00467	0.00608
19	0.01075	0.02406	0.07082	0.01213	0.05902	0.03466	0.26030	0.22343	0.14054	0.01606	0.01040	0.03925	0.02309	0.00472	0.00470	0.00130	0.05184	0.00430	0.00288	0.00575
20	0.00857	0.00636	0.00725	0.00632	0.03124	0.04622	0.00469	0.02859	0.02894	0.10861	0.27342	0.01974	0.10042	0.05193	0.00482	0.00119	0.00290	0.00497	0.00347	0.26033
21	0.00577	0.00392	0.00466	0.00473	0.00486	0.00399	0.00292	0.00604	0.00605	0.00813	0.01295	0.04113	0.01464	0.70928	0.10585	0.00395	0.00452	0.05152	0.00247	0.00261
22	0.15323	0.06729	0.05860	0.06574	0.26628	0.03698	0.00825	0.02371	0.02892	0.10562	0.00993	0.11461	0.00877	0.00499	0.00382	0.00124	0.01488	0.00418	0.01768	0.00529
23	0.00639	0.00456	0.00639	0.00730	0.00821	0.00456	0.00639	0.00821	0.00913	0.01187	0.02099	0.04472	0.02282	0.01095	0.00548	0.00183	0.00365	0.80924	0.00365	0.00365
24	0.00822	0.00705	0.00822	0.00587	0.00940	0.00529	0.00470	0.00998	0.00822	0.01292	0.00705	0.00822	0.00587	0.00294	0.00294	0.00059	0.00294	0.00235	0.00235	0.88490
25	0.01779	0.00675	0.00920	0.00705	0.01012	0.00583	0.00583	0.01932	0.01135	0.83867	0.01564	0.01350	0.00981	0.00491	0.00399	0.00123	0.00337	0.00399	0.00491	0.00675
26	0.00632	0.00452	0.00630	0.00714	0.00804	0.00450	0.00619	0.00813	0.00923	0.01207	0.06834	0.05643	0.02372	0.01081	0.00542	0.00179	0.00353	0.75018	0.00369	0.00365
27	0.01507	0.01111	0.01190	0.00912	0.01230	0.01230	0.00754	0.82270	0.01864	0.02499	0.00952	0.00952	0.00674	0.00476	0.00397	0.00119	0.00436	0.00357	0.00397	0.00674
28	0.00822	0.00705	0.00822	0.00587	0.00940	0.00529	0.00470	0.00998	0.00822	0.01292	0.00705	0.00822	0.00587	0.00294	0.00294	0.00059	0.00294	0.00235	0.00235	0.88490
29	0.00986	0.00852	0.00897	0.00807	0.01031	0.00986	0.00628	0.02107	0.82876	0.01659	0.01614	0.01479	0.01210	0.00538	0.00403	0.00134	0.00314	0.00448	0.00403	0.00628
30	0.00639	0.00456	0.00639	0.00730	0.00821	0.00456	0.00639	0.00821	0.00913	0.01187	0.02099	0.04472	0.02282	0.01095	0.00548	0.00183	0.00365	0.80924	0.00365	0.00365
31	0.00929	0.09014	0.45918	0.00981	0.01415	0.02762	0.01094	0.06033	0.25143	0.01410	0.00976	0.01013	0.00722	0.00427	0.00375	0.00124	0.00486	0.00335	0.00251	0.00594
32	0.00908	0.01439	0.39301	0.05456	0.34102	0.00936	0.02517	0.06155	0.00927	0.01335	0.00775	0.01004	0.00609	0.00391	0.00391	0.00124	0.00525	0.02311	0.00199	0.00595
33	0.88866	0.00767	0.00583	0.00521	0.00767	0.00889	0.00429	0.01166	0.00675	0.01779	0.00552	0.00644	0.00429	0.00368	0.00245	0.00123	0.00307	0.00215	0.00245	0.00429
34	0.79842	0.00828	0.00629	0.00559	0.00805	0.05743	0.00456	0.01224	0.00722	0.05441	0.00601	0.00680	0.00459	0.00376	0.00259	0.00121	0.00332	0.00225	0.00254	0.00442
35	0.00487	0.00399	0.00430	0.00429	0.00549	0.00342	0.00319	0.00602	0.00937	0.01167	0.19153	0.08427	0.63421	0.00981	0.00471	0.00134	0.00200	0.00831	0.00381	0.00342
36	0.00575	0.00425	0.00540	0.00508	0.00609	0.00400	0.00382	0.00800	0.04794	0.01565	0.75465	0.02940	0.07878	0.00809	0.00465	0.00126	0.00194	0.00711	0.00431	0.00383
37	0.03646	0.05652	0.36749	0.00973	0.01397	0.01028	0.02140	0.29031	0.01212	0.11007	0.00874	0.00923	0.00615	0.00429	0.00400	0.00122	0.02578	0.00324	0.00285	0.00614
38	0.00689	0.00344	0.00517	0.00517	0.00517	0.00344	0.00344	0.00517	0.00517	0.00689	0.00689	0.01205	0.00689	0.01377	0.01550	0.88464	0.00344	0.00344	0.00172	0.00172
39	0.00996	0.00932	0.01586	0.03808	0.80320	0.00933	0.01200	0.01230	0.00906	0.03179	0.00764	0.00991	0.00634	0.00357	0.00393	0.00118	0.00469	0.00354	0.00203	0.00626
40	0.00563	0.00396	0.00486	0.00477	0.00523	0.00390	0.00318	0.00647	0.00785	0.01078	0.28593	0.03819	0.06723	0.42808	0.10462	0.00309	0.00381	0.00628	0.00311	0.00303
41	0.00965	0.01033	0.07869	0.02291	0.72667	0.00944	0.05950	0.01223	0.00900	0.01291	0.00746	0.00976	0.00617	0.00354	0.00396	0.00119	0.00491	0.00355	0.00194	0.00619
42	0.00839	0.00923	0.20158	0.00701	0.01014	0.00590	0.00686	0.03226	0.00982	0.09853	0.26705	0.01649	0.04314	0.00523	0.00387	0.00106	0.00334	0.00439	0.00317	0.26256
43	0.87342	0.00786	0.00592	0.00530	0.00775	0.02347	0.00435	0.01173	0.00683	0.01765	0.00553	0.00645	0.00431	0.00369	0.00247	0.00122	0.00314	0.00215	0.00245	0.00430
44	0.00965	0.46243	0.37014	0.00891	0.01334	0.02458	0.02181	0.01238	0.00832	0.02689	0.00644	0.00743	0.00517	0.00359	0.00314	0.00104	0.00499	0.00254	0.00176	0.00545
45	0.01156	0.01115	0.14675	0.01051	0.10495	0.02043	0.02089	0.26318	0.10322	0.08545	0.00955	0.01003	0.00705	0.00425	0.00398	0.00113	0.02363	0.00339	0.00307	0.15583
46	0.00569	0.00390	0.00453	0.00453	0.00468	0.00394	0.00272	0.00590	0.00602	0.00803	0.01390	0.02553	0.06168	0.72092	0.10881	0.00397	0.00447	0.00575	0.00245	0.00258
47	0.01473	0.02821	0.01169	0.00950	0.02620	0.26016	0.02840	0.39404	0.03343	0.12453	0.02462	0.00980	0.00729	0.00457	0.00386	0.00115	0.00506	0.00341	0.00340	0.00596
48	0.04075	0.00768	0.00962	0.00741	0.01047	0.00727	0.00611	0.17799	0.03144	0.61725	0.01397	0.01242	0.00902	0.00481	0.00392	0.00121	0.00355	0.00383	0.00458	0.02670
49	0.88866	0.00767	0.00583	0.00521	0.00767	0.00889	0.00429	0.01166	0.00675	0.01779	0.00552	0.00644	0.00429	0.00368	0.00245	0.00123	0.00307	0.00215	0.00245	0.00429
50	0.01060	0.86304	0.02078	0.00678	0.01018	0.01569	0.00678	0.01187	0.00806	0.00933	0.00551	0.00636	0.00509	0.00339	0.00254	0.00085	0.00424	0.00212	0.00170	0.00509
51	0.00624	0.00471	0.02029	0.00529	0.00650	0.00422	0.00410	0.02667	0.02936	0.03531	0.68321	0.04704	0.07782	0.00791	0.00459	0.00125	0.00210	0.00694	0.00422	0.02222
52	0.00480	0.00356	0.00449	0.00523	0.00568	0.00324	0.00355	0.00555	0.00787	0.01023	0.02534	0.70187	0.18017	0.01197	0.00499	0.00156	0.00224	0.01072	0.00368	0.00324
53	0.00484	0.00347	0.00460	0.00549	0.00575	0.00323	0.00367	0.00556	0.00768	0.01024	0.03725	0.82886	0.04005	0.01230	0.00505	0.00160	0.00229	0.01115	0.00369	0.00323
54	0.00823	0.05854	0.78414	0.01107	0.01673	0.02861	0.01413	0.01260	0.00842	0.01235	0.00702	0.00825	0.00503	0.00376	0.00371	0.00123	0.00582	0.00288	0.00168	0.00580
55	0.00544	0.00405	0.00506	0.00480	0.00582	0.00367	0.00360	0.00714	0.01081	0.01491	0.68306	0.03124	0.18879	0.00847	0.00468	0.00126	0.00190	0.00740	0.00423	0.00367
56	0.00795	0.02051	0.84011	0.01130	0.01716	0.00921	0.01465	0.01256	0.00837	0.01256	0.00712	0.00837	0.00502	0.00377	0.00377	0.00126	0.00586	0.00293	0.00167	0.00586
57	0.01017	0.00867	0.00914	0.00813	0.01043	0.01000	0.00635	0.06775	0.78158	0.01708	0.01575	0.01449	0.01179	0.00534	0.00403	0.00134	0.00321	0.00443	0.00403	0.00630
58	0.01060	0.86304	0.02078	0.00678	0.01018	0.01569	0.00678	0.01187	0.00806	0.00933	0.00551	0.00636	0.00509	0.00339	0.00254	0.00085	0.00424	0.00212	0.00170	0.00509
59	0.00981	0.00942	0.01609	0.02434	0.83592	0.00942	0.01217	0.01217	0.00903	0.01295	0.00746	0.00981	0.00628	0.00353	0.00393	0.00118	0.00471	0.00353	0.00196	0.00628
60	0.01738	0.00741	0.00961	0.00737	0.01045	0.00681	0.00609	0.14102	0.01245	0.71541	0.01471	0.01289	0.00935	0.00488	0.00398	0.00122	0.00352	0.00392	0.00476	0.00675
61	0.01006	0.01054	0.01636	0.01257	0.01568	0.08564	0.41275	0.01642	0.34623	0.01403	0.01118	0.01206	0.00843	0.00425	0.00431	0.00131	0.00527	0.00441	0.00284	0.00566
62	0.00474	0.00402	0.00409	0.00407	0.00539	0.00337	0.00305	0.00579	0.00916	0.01101	0.08639	0.03766	0.78791	0.00993	0.00469	0.00133	0.00200	0.00830	0.00372	0.00337
63	0.01085	0.74313	0.06939	0.00721	0.01073	0.01490	0.00729	0.06295	0.00880	0.02566	0.00605	0.00681	0.00527	0.00353	0.00273	0.00090	0.00433	0.00229	0.00190	0.00527
64	0.00561	0.00405	0.00530	0.00499	0.00592	0.00374	0.00374	0.00748	0.01122	0.01590	0.83383	0.02962	0.03741	0.00811	0.00468	0.00125	0.00187	0.00717	0.00436	0.00374
65	0.00807	0.05858	0.80309	0.01110	0.01684	0.00950	0.01429	0.01253	0.00836	0.01241	0.00704	0.00828	0.00503	0.00375	0.00371	0.00124	0.00579	0.00289	0.00168	0.00582
66	0.01744	0.00681	0.00915	0.00704	0.01005	0.00599	0.00581	0.04544	0.01151	0.79102	0.01537	0.01340	0.00972	0.00490	0.00396	0.00122	0.00337	0.00397	0.02718	0.00667
67	0.00947	0.00857	0.01680	0.01252	0.01557	0.00804	0.49907	0.03341	0.02562	0.10833	0.05562	0.12839	0.04840	0.00539	0.00462	0.00135	0.00511	0.00576	0.00286	0.00510
68	0.01051	0.83538	0.04767	0.00693	0.01041	0.01548	0.00704	0.01189	0.00807	0.00943	0.00556	0.00643	0.00509	0.00340	0.00258	0.00086	0.00429	0.00215	0.00170	0.00511
69	0.01060	0.86304	0.02078	0.00678	0.01018	0.01569	0.00678	0.01187	0.00806	0.00933	0.00551	0.00636	0.00509	0.00339	0.00254	0.00085	0.00424	0.00212	0.00170	0.00509
70	0.83724	0.00746	0.00580	0.00520	0.00757	0.00859	0.00426	0.01141	0.00701	0.01768	0.05376	0.00779	0.00622	0.00394	0.00258	0.00123	0.00300	0.00244	0.00256	0.00426
71	0.00775	0.00708	0.01127	0.01535	0.44436	0.00685	0.03266	0.00973	0.00955	0.01315	0.20492	0.02040	0.18856	0.00596	0.00428	0.00123	0.00354	0.00543	0.00288	0.00505
72	0.00530	0.00384	0.00503	0.00576	0.00630	0.00364	0.00427	0.00634	0.00820	0.01076	0.05541	0.48914	0.10797	0.05046	0.00581	0.00173	0.00268	0.22040	0.00364	0.00333
73	0.06402	0.00583	0.00778	0.00636	0.00851	0.00529	0.00503	0.01469	0.00958	0.53705	0.06608	0.01379	0.01058	0.00719	0.00673	0.21510	0.00328	0.00396	0.00396	0.00520
74	0.00979	0.04532	0.19584	0.04022	0.55894	0.00949	0.01214	0.02292	0.00904	0.04790	0.00767	0.00953	0.00609	0.00366	0.00384	0.00119	0.00490	0.00336	0.00204	0.00612
75	0.00474	0.00400	0.00408	0.00409	0.00537	0.00337	0.00304	0.00575	0.00903	0.01084	0.06819	0.05359	0.77602	0.02414	0.00495	0.00138	0.00204	0.00834	0.00369	0.00334
76	0.00500	0.00374	0.00470	0.00520	0.00583	0.00345	0.00368	0.00599	0.00842	0.01106	0.13710	0.48552	0.21532	0.01208	0.04620	0.00174	0.00263	0.03530	0.00370	0.00335
77	0.00746	0.00748	0.10036	0.05174	0.19641	0.00620	0.00744	0.00953	0.00948	0.05398	0.27174	0.09116	0.11339	0.00683	0.00468	0.00130	0.03308	0.01990	0.00318	0.00466
78	0.11528	0.21045	0.07469	0.01064	0.09928	0.16116	0.09727	0.03514	0.00896	0.01221	0.00648	0.00789	0.00535	0.00376	0.00379	0.00107	0.04704	0.00282	0.00204	0.09468
79	0.01179	0.39634	0.16243	0.00879	0.01214	0.30281	0.00846	0.01358	0.00931	0.03279	0.00629	0.00719	0.00521	0.00374	0.00316	0.00099	0.00552	0.00247	0.00190	0.00510
80	0.88866	0.00767	0.00583	0.00521	0.00767	0.00889	0.00429	0.01166	0.00675	0.01779	0.00552	0.00644	0.00429	0.00368	0.00245	0.00123	0.00307	0.00215	0.00245	0.00429
81	0.02530	0.05686	0.10050	0.00819	0.02123	0.00857	0.00724	0.13703	0.17236	0.40076	0.01312	0.01208	0.00891	0.00474	0.00387	0.00123	0.00380	0.00378	0.00400	0.00643
82	0.01083	0.01003	0.01490	0.02062	0.63503	0.04478	0.01098	0.13673	0.05081	0.01484	0.00814	0.00990	0.00659	0.00383	0.00392	0.00118	0.00468	0.00354	0.00237	0.00628
83	0.24953	0.48048	0.05542	0.00776	0.05452	0.06006	0.00684	0.02668	0.00814	0.01228	0.00580	0.00677	0.00496	0.00356	0.00274	0.00100	0.00419	0.00229	0.00198	0.00498
84	0.00504	0.00401	0.00452	0.00444	0.00558	0.00349	0.00331	0.00636	0.00981	0.01265	0.33916	0.06483	0.50396	0.00940	0.00470	0.00131	0.00197	0.00802	0.00394	0.00349
85	0.01109	0.09754	0.01166	0.00987	0.13990	0.09055	0.03036	0.03267	0.00947	0.15126	0.01932	0.02426	0.00723	0.00381	0.00343	0.00092	0.00396	0.00312	0.00270	0.34690
86	0.00561	0.00405	0.00530	0.00499	0.00592	0.00374	0.00374	0.00748	0.01122	0.01590	0.83383	0.02962	0.03741	0.00811	0.00468	0.00125	0.00187	0.00717	0.00436	0.00374
87	0.85768	0.00807	0.00602	0.00539	0.00783	0.03853	0.00441	0.01180	0.00691	0.01750	0.00554	0.00647	0.00432	0.00369	0.00249	0.00122	0.00321	0.00216	0.00244	0.00430
88	0.00935	0.05277	0.27621	0.01396	0.21056	0.00983	0.11191	0.04532	0.18751	0.01379	0.00939	0.01066	0.00722	0.01911	0.00422	0.00129	0.00493	0.00367	0.00240	0.00592
89	0.00864	0.00691	0.00800	0.00628	0.00908	0.00611	0.00496	0.03208	0.16858	0.04663	0.14978	0.01337	0.01262	0.00441	0.00351	0.00089	0.00285	0.00368	0.00316	0.50847
90	0.00474	0.00402	0.00409	0.00407	0.00539	0.00337	0.00305	0.00579	0.00916	0.01101	0.08640	0.03766	0.78790	0.00993	0.00469	0.00133	0.00200	0.00830	0.00372	0.00337
91	0.01779	0.00675	0.00920	0.00705	0.01012	0.00583	0.00583	0.01932	0.01135	0.83867	0.01564	0.01350	0.00981	0.00491	0.00399	0.00123	0.00337	0.00399	0.00491	0.00675
92	0.00556	0.00394	0.00513	0.00519	0.00569	0.00402	0.00363	0.00633	0.00720	0.00982	0.12967	0.12266	0.09606	0.26021	0.26244	0.05503	0.00522	0.00627	0.00283	0.00308
93	0.00521	0.00398	0.00480	0.00534	0.00599	0.00376	0.00372	0.00673	0.06560	0.01078	0.03799	0.55706	0.21864	0.03024	0.00524	0.00157	0.00234	0.02385	0.00369	0.00346
94	0.01779	0.00675	0.00920	0.00705	0.01012	0.00583	0.00583	0.01932	0.01135	0.83867	0.01564	0.01350	0.00981	0.00491	0.00399	0.00123	0.00337	0.00399	0.00491	0.00675
95	0.00871	0.26310	0.60420	0.01000	0.01515	0.01107	0.01238	0.01236	0.00828	0.01163	0.00665	0.00779	0.00504	0.00366	0.00341	0.00114	0.00539	0.00270	0.00168	0.00564
96	0.00740	0.02739	0.10454	0.00724	0.01004	0.00600	0.07555	0.00981	0.02648	0.01368	0.27535	0.01701	0.04192	0.00521	0.00400	0.00102	0.01546	0.01830	0.00297	0.33062
97	0.29111	0.36453	0.17235	0.00770	0.02810	0.05701	0.00765	0.01215	0.00789	0.01275	0.00590	0.00689	0.00485	0.00360	0.00283	0.00106	0.00434	0.00234	0.00196	0.00498
98	0.01060	0.86304	0.02078	0.00678	0.01018	0.01569	0.00678	0.01187	0.00806	0.00933	0.00551	0.00636	0.00509	0.00339	0.00254	0.00085	0.00424	0.00212	0.00170	0.00509
99	0.01064	0.81295	0.02008	0.00687	0.01015	0.04515	0.00675	0.01191	0.00824	0.00949	0.02463	0.00692	0.00583	0.00353	0.00263	0.00086	0.00429	0.00225	0.00177	0.00504
100	0.00488	0.00353	0.00462	0.00546	0.00579	0.00327	0.00370	0.00564	0.00780	0.01034	0.04293	0.76936	0.07542	0.01214	0.00504	0.00159	0.00230	0.02925	0.00370	0.00325
101	0.01576	0.00973	0.01093	0.00894	0.04309	0.05434	0.00703	0.43556	0.01504	0.32956	0.02221	0.01116	0.00819	0.00478	0.00396	0.00120	0.00412	0.00372	0.00414	0.00657
102	0.01193	0.03012	0.05850	0.00877	0.02541	0.08480	0.00717	0.15659	0.45072	0.10287	0.01314	0.01242	0.00965	0.00494	0.00392	0.00126	0.00394	0.00394	0.00371	0.00620
103	0.00484	0.00354	0.00456	0.00537	0.00574	0.00326	0.00364	0.00558	0.00779	0.01022	0.02402	0.74750	0.12252	0.01211	0.00502	0.00158	0.00229	0.02349	0.00368	0.00324
104	0.00878	0.11880	0.52998	0.01181	0.11664	0.00979	0.01219	0.01297	0.06465	0.02865	0.02666	0.00933	0.00652	0.00391	0.00367	0.00119	0.00514	0.00312	0.00201	0.02421
105	0.00612	0.00537	0.02460	0.09159	0.12707	0.00519	0.00583	0.00750	0.00800	0.01056	0.04015	0.17375	0.22529	0.09579	0.12663	0.00234	0.00432	0.03315	0.00287	0.00386
106	0.00849	0.07695	0.00925	0.00602	0.00945	0.00630	0.00492	0.02131	0.02733	0.01294	0.02446	0.00869	0.00662	0.00316	0.00298	0.00065	0.00304	0.00250	0.00240	0.76252
107	0.01144	0.14465	0.12741	0.01221	0.19359	0.04596	0.04943	0.12708	0.03848	0.12283	0.03697	0.01021	0.00763	0.00410	0.00370	0.00112	0.00453	0.00340	0.00273	0.05254
108	0.01813	0.03479	0.11300	0.00658	0.01902	0.00531	0.01380	0.00946	0.02636	0.10348	0.21372	0.22769	0.11029	0.02248	0.00462	0.00134	0.00297	0.00676	0.00351	0.05670
109	0.02280	0.07584	0.31255	0.00953	0.05362	0.04212	0.01974	0.08992	0.04901	0.09467	0.05534	0.05721	0.04483	0.00494	0.00384	0.00120	0.00446	0.00402	0.00274	0.05163
110	0.06208	0.07299	0.23568	0.00995	0.06811	0.06233	0.04278	0.08858	0.03767	0.18117	0.03024	0.02725	0.00803	0.00446	0.00376	0.00119	0.00457	0.01687	0.00289	0.03942
111	0.06378	0.03775	0.16699	0.01037	0.12141	0.02314	0.01929	0.14996	0.07340	0.10772	0.03945	0.02364	0.00817	0.00431	0.00369	0.00113	0.00415	0.00350	0.00293	0.13525
112	0.03633	0.02325	0.11736	0.01099	0.15060	0.00854	0.03185	0.12154	0.11863	0.17062	0.03924	0.01192	0.00884	0.00449	0.00395	0.00118	0.01495	0.01769	0.00318	0.10483
113	0.06360	0.02829	0.05867	0.03853	0.22597	0.03106	0.06396	0.07468	0.06607	0.17262	0.03706	0.01229	0.04527	0.00445	0.00386	0.00118	0.00417	0.00385	0.00300	0.06142
114	0.02096	0.00985	0.13059	0.02605	0.19350	0.01990	0.05277	0.02458	0.03790	0.19981	0.02227	0.02374	0.00772	0.00410	0.00391	0.00111	0.01879	0.00353	0.00284	0.19607
115	0.01057	0.02187	0.13222	0.01260	0.21873	0.01894	0.06769	0.07361	0.04427	0.12834	0.04669	0.01086	0.00815	0.00400	0.00378	0.00109	0.00428	0.00353	0.00275	0.18601
116	0.02715	0.00952	0.09255	0.01176	0.17768	0.02087	0.07921	0.06593	0.05612	0.25838	0.02232	0.01144	0.01908	0.00421	0.00386	0.00114	0.00418	0.00368	0.00317	0.12777
117	0.03985	0.07796	0.12054	0.02225	0.11717	0.00855	0.04575	0.06479	0.08518	0.16210	0.01052	0.01096	0.03275	0.00419	0.00377	0.00110	0.01626	0.00345	0.00289	0.16997

[dist]
# distance from previous block
# <min> <max>
15	50

[block]
# block no. 1 follows, 68 sequences, length 95
# corresponding to MSA columns:
# 341-435
name=unknown_B
#
# <colnr> <probs for GDERKNQSTAVLIFYWHMCP>
#	G	D	E	R	K	N	Q	S	T	A	V	L	I	F	Y	W	H	M	C	P
0	0.04309	0.02488	0.10417	0.04990	0.15453	0.00951	0.05632	0.21544	0.10517	0.12910	0.00993	0.01046	0.00723	0.00424	0.00385	0.00119	0.00436	0.00357	0.00310	0.05998
1	0.06529	0.00988	0.05955	0.03608	0.07445	0.04084	0.03856	0.24261	0.10793	0.10772	0.00977	0.01021	0.00720	0.00464	0.01801	0.00121	0.00423	0.00340	0.00318	0.15523
2	0.06484	0.07251	0.09433	0.00955	0.09902	0.03445	0.00753	0.17776	0.13824	0.10371	0.05419	0.02437	0.04194	0.00484	0.00377	0.00118	0.00392	0.00388	0.00323	0.05675
3	0.04649	0.04513	0.03885	0.02454	0.14142	0.04166	0.02050	0.15691	0.07626	0.15625	0.06923	0.02160	0.02219	0.02518	0.00419	0.00121	0.00391	0.00388	0.00325	0.09734
4	0.02292	0.01018	0.03761	0.01067	0.11843	0.06375	0.01850	0.20567	0.13672	0.09660	0.01231	0.01286	0.05364	0.00517	0.00449	0.00128	0.03902	0.00396	0.00343	0.14278
5	0.06658	0.08195	0.01147	0.03920	0.08930	0.03135	0.00719	0.31666	0.15073	0.07062	0.04288	0.01138	0.02103	0.00467	0.00375	0.00117	0.00395	0.00368	0.00339	0.03905
6	0.11197	0.09517	0.01190	0.00959	0.09708	0.03141	0.02973	0.29585	0.06685	0.06544	0.00879	0.00935	0.00665	0.00449	0.01613	0.00116	0.00413	0.00319	0.00306	0.12807
7	0.06809	0.13861	0.05789	0.02255	0.03675	0.07461	0.00716	0.25361	0.11469	0.06137	0.03952	0.01960	0.00819	0.00447	0.00358	0.00111	0.00415	0.00340	0.00309	0.07756
8	0.29641	0.04551	0.04858	0.01693	0.01971	0.03058	0.01598	0.24099	0.06007	0.04980	0.05979	0.01085	0.00843	0.04890	0.00457	0.00136	0.02986	0.00341	0.00307	0.00522
9	0.05840	0.01989	0.02790	0.00667	0.02404	0.02983	0.00525	0.13601	0.08848	0.06221	0.24707	0.05024	0.15398	0.00703	0.01650	0.00130	0.00309	0.00556	0.00370	0.05286
10	0.05400	0.02067	0.00754	0.00686	0.02778	0.00678	0.00499	0.19592	0.06426	0.05693	0.01450	0.24695	0.02461	0.17969	0.02007	0.00192	0.00350	0.02436	0.00337	0.03530
11	0.09008	0.00940	0.02154	0.01145	0.12364	0.08261	0.15687	0.09166	0.12394	0.07635	0.09682	0.04105	0.01106	0.00548	0.02323	0.00138	0.02068	0.00435	0.00303	0.00538
12	0.01064	0.04540	0.03575	0.04040	0.31756	0.04260	0.07964	0.09822	0.04223	0.09428	0.06298	0.05013	0.00963	0.00456	0.00398	0.00119	0.00440	0.00413	0.00278	0.04951
13	0.03867	0.00694	0.00907	0.00707	0.01006	0.00625	0.00580	0.01902	0.08488	0.72032	0.01519	0.01328	0.00977	0.00486	0.00392	0.00122	0.00333	0.00394	0.00469	0.03172
14	0.01381	0.20705	0.01349	0.00973	0.03552	0.57762	0.00754	0.05009	0.01079	0.03116	0.00642	0.00731	0.00533	0.00396	0.00338	0.00100	0.00621	0.00257	0.00212	0.00490
15	0.00997	0.00786	0.00980	0.00897	0.10887	0.03685	0.02966	0.05113	0.06497	0.10691	0.05530	0.02419	0.00918	0.00412	0.00355	0.00092	0.00349	0.01833	0.00292	0.44304
16	0.01362	0.05671	0.04960	0.01120	0.10218	0.29891	0.03205	0.26459	0.04190	0.06969	0.00836	0.00900	0.00632	0.00429	0.00387	0.00113	0.01477	0.00320	0.00285	0.00574
17	0.00917	0.03320	0.02204	0.01588	0.03277	0.00990	0.72760	0.01225	0.00915	0.01241	0.00852	0.05034	0.00692	0.00386	0.00484	0.00134	0.02761	0.00487	0.00207	0.00523
18	0.00897	0.00771	0.01000	0.03633	0.20618	0.00839	0.00730	0.01551	0.41124	0.02854	0.16384	0.02552	0.02914	0.00557	0.00428	0.00129	0.01620	0.00484	0.00350	0.00565
19	0.00508	0.00358	0.00460	0.00529	0.00552	0.00340	0.00348	0.00570	0.00739	0.00986	0.04510	0.63527	0.03492	0.18237	0.00809	0.00205	0.00263	0.02914	0.00344	0.00308
20	0.00677	0.00486	0.00589	0.00593	0.00663	0.00502	0.00416	0.12960	0.02076	0.01183	0.01666	0.43454	0.01874	0.20995	0.08765	0.00251	0.00378	0.01777	0.00328	0.00364
21	0.00822	0.00705	0.00822	0.00587	0.00940	0.00529	0.00470	0.00998	0.00822	0.01292	0.00705	0.00822	0.00587	0.00294	0.00294	0.00059	0.00294	0.00235	0.00235	0.88490
22	0.01550	0.01042	0.01148	0.00880	0.01196	0.01128	0.00727	0.69713	0.01750	0.15217	0.01048	0.01014	0.00722	0.00478	0.00397	0.00120	0.00421	0.00363	0.00411	0.00674
23	0.00561	0.00405	0.00530	0.00499	0.00592	0.00374	0.00374	0.00748	0.01122	0.01590	0.83383	0.02962	0.03741	0.00811	0.00468	0.00125	0.00187	0.00717	0.00436	0.00374
24	0.03413	0.01321	0.33332	0.00992	0.01381	0.00900	0.09061	0.20280	0.01114	0.10257	0.02732	0.06319	0.04196	0.00502	0.00423	0.00128	0.02372	0.00418	0.00287	0.00573
25	0.00736	0.00579	0.00699	0.03755	0.00854	0.01832	0.02150	0.13705	0.07171	0.01350	0.05341	0.38303	0.12103	0.00935	0.00469	0.00146	0.00303	0.07756	0.00363	0.01451
26	0.00522	0.00424	0.04024	0.00580	0.00632	0.00353	0.00419	0.00610	0.00770	0.02673	0.02110	0.80510	0.02499	0.01190	0.00498	0.00159	0.00247	0.01077	0.00362	0.00340
27	0.00533	0.00360	0.00481	0.00562	0.00597	0.00335	0.00383	0.00608	0.00777	0.03946	0.02161	0.80546	0.02555	0.01212	0.00503	0.00160	0.00238	0.03333	0.00372	0.00336
28	0.02194	0.01961	0.09392	0.00982	0.03311	0.01932	0.01738	0.03743	0.00823	0.17178	0.05688	0.01083	0.00807	0.00598	0.00886	0.00150	0.46398	0.00371	0.00259	0.00507
29	0.02688	0.03019	0.36302	0.05440	0.06858	0.00846	0.11759	0.03208	0.02959	0.12108	0.01819	0.05736	0.02609	0.00473	0.00404	0.00129	0.00498	0.02334	0.00252	0.00558
30	0.01399	0.01750	0.01149	0.01068	0.03812	0.72873	0.00791	0.01504	0.01061	0.00979	0.00607	0.00740	0.00515	0.00438	0.00460	0.00110	0.09812	0.00268	0.00201	0.00462
31	0.35859	0.02327	0.01902	0.00887	0.03796	0.32648	0.03003	0.03107	0.00882	0.01344	0.00596	0.00730	0.00490	0.00423	0.00429	0.00121	0.10517	0.00262	0.00220	0.00459
32	0.00478	0.00399	0.00417	0.00427	0.00550	0.00339	0.00320	0.00580	0.00898	0.01082	0.05496	0.09951	0.72830	0.01021	0.00474	0.00137	0.00209	0.03687	0.00370	0.00336
33	0.01440	0.01086	0.01206	0.00953	0.02765	0.01198	0.03029	0.72087	0.08302	0.02375	0.00997	0.00998	0.00714	0.00475	0.00399	0.00121	0.00434	0.00367	0.00388	0.00666
34	0.01011	0.02312	0.05198	0.14565	0.22761	0.07019	0.02910	0.03783	0.06544	0.10283	0.08913	0.01263	0.00996	0.02944	0.00459	0.00127	0.02255	0.00389	0.00271	0.05997
35	0.02280	0.10781	0.53605	0.01060	0.03483	0.00962	0.04844	0.03919	0.03105	0.09671	0.00840	0.02288	0.00617	0.00403	0.00372	0.00122	0.00522	0.00323	0.00221	0.00583
36	0.00958	0.48016	0.19754	0.00985	0.08394	0.01266	0.05198	0.01191	0.02006	0.01083	0.03418	0.00859	0.00655	0.01665	0.00372	0.00108	0.03070	0.00285	0.00187	0.00528
37	0.01702	0.00658	0.00895	0.00692	0.00986	0.00570	0.00570	0.01857	0.01134	0.78657	0.06745	0.01452	0.01156	0.00511	0.00403	0.00123	0.00328	0.00419	0.00487	0.00656
38	0.00498	0.00369	0.00453	0.00507	0.00555	0.00343	0.00344	0.00570	0.00764	0.00990	0.02428	0.50412	0.21141	0.12981	0.04571	0.00208	0.00284	0.01922	0.00343	0.00316
39	0.04861	0.06467	0.13416	0.03506	0.11447	0.05126	0.05022	0.13767	0.03959	0.26029	0.01056	0.01071	0.01611	0.00432	0.00381	0.00120	0.00449	0.00353	0.00319	0.00605
40	0.01113	0.01259	0.09830	0.01729	0.43147	0.18144	0.01061	0.09218	0.05614	0.01351	0.00777	0.00933	0.00625	0.00400	0.00413	0.00118	0.03123	0.00332	0.00225	0.00588
41	0.00472	0.00402	0.00406	0.00405	0.00538	0.00336	0.00304	0.00575	0.00911	0.01089	0.06823	0.03786	0.80614	0.00997	0.00469	0.00134	0.00200	0.00833	0.00371	0.00336
42	0.00938	0.00905	0.05831	0.02280	0.22696	0.00769	0.10090	0.05821	0.03403	0.03590	0.00847	0.00987	0.02011	0.00355	0.00360	0.00096	0.00410	0.00325	0.00240	0.38045
43	0.04041	0.00680	0.00903	0.00691	0.00999	0.00586	0.00569	0.01834	0.01096	0.74750	0.01465	0.01286	0.00934	0.00471	0.00386	0.00117	0.00333	0.00380	0.00463	0.08016
44	0.01320	0.01018	0.01085	0.00874	0.01158	0.01142	0.00708	0.53468	0.30972	0.02197	0.01190	0.01141	0.00867	0.00498	0.00399	0.00125	0.00392	0.00390	0.00399	0.00658
45	0.88866	0.00767	0.00583	0.00521	0.00767	0.00889	0.00429	0.01166	0.00675	0.01779	0.00552	0.00644	0.00429	0.00368	0.00245	0.00123	0.00307	0.00215	0.00245	0.00429
46	0.00854	0.00701	0.00862	0.07473	0.02979	0.00583	0.00544	0.03014	0.02373	0.04114	0.00829	0.04444	0.00710	0.01790	0.00350	0.00081	0.00321	0.00303	0.00251	0.67424
47	0.03977	0.03887	0.01355	0.01379	0.21003	0.42778	0.07418	0.05606	0.01041	0.02012	0.00678	0.00830	0.00557	0.00407	0.00425	0.00114	0.05494	0.00305	0.00213	0.00518
48	0.88866	0.00767	0.00583	0.00521	0.00767	0.00889	0.00429	0.01166	0.00675	0.01779	0.00552	0.00644	0.00429	0.00368	0.00245	0.00123	0.00307	0.00215	0.00245	0.00429
49	0.00768	0.00717	0.01180	0.73071	0.07802	0.00874	0.01063	0.01068	0.04951	0.01064	0.00796	0.03520	0.00630	0.00425	0.00400	0.00132	0.00505	0.00380	0.00195	0.00459
50	0.00476	0.00373	0.00432	0.00479	0.00556	0.00328	0.00336	0.00560	0.00829	0.01041	0.03074	0.46021	0.41834	0.01127	0.00488	0.00148	0.00216	0.00986	0.00368	0.00328
51	0.00503	0.00364	0.00477	0.00560	0.00592	0.00347	0.00377	0.00612	0.03671	0.01049	0.04154	0.80796	0.02600	0.01207	0.00502	0.00159	0.00232	0.01093	0.00371	0.00334
52	0.00947	0.00900	0.01527	0.05276	0.75908	0.00906	0.01161	0.01172	0.00886	0.01263	0.00804	0.03794	0.00710	0.02533	0.00437	0.00126	0.00463	0.00384	0.00202	0.00602
53	0.88866	0.00767	0.00583	0.00521	0.00767	0.00889	0.00429	0.01166	0.00675	0.01779	0.00552	0.00644	0.00429	0.00368	0.00245	0.00123	0.00307	0.00215	0.00245	0.00429
54	0.01060	0.86304	0.02078	0.00678	0.01018	0.01569	0.00678	0.01187	0.00806	0.00933	0.00551	0.00636	0.00509	0.00339	0.00254	0.00085	0.00424	0.00212	0.00170	0.00509
55	0.00553	0.00405	0.00519	0.00490	0.00587	0.00371	0.00368	0.00733	0.01103	0.01545	0.76487	0.03036	0.10666	0.00827	0.00468	0.00126	0.00188	0.00727	0.00431	0.00371
56	0.00499	0.00364	0.00496	0.00612	0.03206	0.00342	0.00395	0.00573	0.00764	0.01021	0.02140	0.83118	0.02559	0.01214	0.00502	0.00160	0.00238	0.01103	0.00363	0.00332
57	0.04677	0.00721	0.00914	0.00718	0.01001	0.00676	0.00587	0.14740	0.01211	0.60780	0.03137	0.06819	0.01076	0.00540	0.00401	0.00125	0.00342	0.00440	0.00458	0.00637
58	0.00639	0.00530	0.00770	0.00729	0.00781	0.00665	0.00578	0.00764	0.00629	0.00925	0.00937	0.01417	0.00889	0.04356	0.62719	0.00521	0.21169	0.00410	0.00204	0.00370
59	0.00512	0.00355	0.00470	0.00549	0.00583	0.00330	0.00371	0.00588	0.00785	0.02687	0.05411	0.78774	0.04698	0.01204	0.00501	0.00158	0.00230	0.01089	0.00373	0.00331
60	0.84018	0.00812	0.00637	0.00562	0.00809	0.03831	0.02092	0.01182	0.00696	0.01740	0.00559	0.00655	0.00436	0.00369	0.00254	0.00122	0.00328	0.00221	0.00243	0.00433
61	0.00963	0.04439	0.05828	0.05703	0.53641	0.02058	0.06718	0.05377	0.02690	0.01313	0.00867	0.05395	0.00759	0.00426	0.00400	0.00122	0.00475	0.02020	0.00220	0.00585
62	0.00511	0.00409	0.00427	0.00419	0.00553	0.00345	0.00315	0.00621	0.00931	0.03198	0.11715	0.03670	0.73573	0.00972	0.00467	0.00133	0.00203	0.00814	0.00378	0.00347
63	0.01188	0.18352	0.01332	0.00876	0.04186	0.05997	0.04133	0.32428	0.03429	0.01674	0.00793	0.00862	0.00619	0.00390	0.00343	0.00097	0.00423	0.00298	0.00284	0.22296
64	0.01033	0.01014	0.08993	0.01531	0.30342	0.02469	0.14861	0.05600	0.06137	0.09481	0.01020	0.02335	0.03582	0.00427	0.00431	0.00121	0.03144	0.00395	0.00258	0.06824
65	0.06641	0.38301	0.20307	0.00876	0.03068	0.05167	0.02083	0.11452	0.03868	0.03839	0.00718	0.00791	0.00567	0.00382	0.00320	0.00106	0.00467	0.00272	0.00223	0.00552
66	0.01458	0.04083	0.01157	0.00904	0.02862	0.10189	0.02368	0.46945	0.03164	0.17086	0.02948	0.03178	0.00835	0.00489	0.00394	0.00118	0.00440	0.00380	0.00377	0.00625
67	0.00724	0.00585	0.00618	0.00575	0.00700	0.08649	0.00433	0.02700	0.01045	0.05389	0.46087	0.10540	0.11107	0.00912	0.05101	0.00153	0.00309	0.00668	0.00383	0.03322
68	0.04076	0.03561	0.09137	0.00737	0.00978	0.04960	0.02579	0.15043	0.09749	0.08732	0.26098	0.03437	0.08027	0.00615	0.00414	0.00124	0.00347	0.00512	0.00365	0.00509
69	0.02751	0.02856	0.04001	0.05583	0.48886	0.08352	0.01025	0.09997	0.03923	0.04460	0.00834	0.01892	0.00683	0.02544	0.00426	0.00125	0.00476	0.00356	0.00238	0.00591
70	0.00548	0.00397	0.00479	0.00484	0.00578	0.00354	0.00351	0.00671	0.00945	0.03773	0.31761	0.23899	0.30187	0.03111	0.00514	0.00143	0.00212	0.00847	0.00393	0.00354
71	0.01383	0.00883	0.02858	0.00810	0.01087	0.05447	0.02834	0.09582	0.30426	0.36349	0.03098	0.01337	0.01043	0.00501	0.00401	0.00126	0.00371	0.00410	0.00418	0.00634
72	0.01088	0.09165	0.34007	0.01150	0.10531	0.11265	0.03127	0.10636	0.03804	0.08090	0.00856	0.03033	0.00656	0.00421	0.00376	0.00119	0.00521	0.00334	0.00242	0.00579
73	0.00606	0.00501	0.04760	0.00609	0.00691	0.00489	0.00478	0.00726	0.00641	0.02607	0.01105	0.01794	0.01087	0.24943	0.56565	0.00534	0.00843	0.00458	0.00223	0.00342
74	0.00527	0.00401	0.00448	0.00452	0.00564	0.00347	0.00331	0.00636	0.00916	0.03676	0.15891	0.17337	0.53807	0.02243	0.00495	0.00140	0.00210	0.00850	0.00381	0.00348
75	0.01092	0.02493	0.07597	0.05925	0.40218	0.14707	0.10785	0.06045	0.00992	0.04202	0.00761	0.00946	0.00603	0.00380	0.00404	0.00119	0.01590	0.00346	0.00216	0.00577
76	0.02178	0.04536	0.02418	0.04361	0.38295	0.09987	0.00972	0.28253	0.01239	0.01647	0.01898	0.00953	0.00661	0.00408	0.00384	0.00116	0.00481	0.00341	0.00266	0.00608
77	0.14055	0.00873	0.01035	0.18181	0.15850	0.09026	0.00784	0.08993	0.03802	0.01302	0.00835	0.04108	0.00745	0.09904	0.00644	0.01977	0.06801	0.00378	0.00236	0.00471
78	0.00987	0.01613	0.47909	0.03039	0.01644	0.01005	0.12397	0.19971	0.04891	0.01557	0.00821	0.00930	0.00589	0.00402	0.00396	0.00126	0.00549	0.00340	0.00236	0.00598
79	0.00935	0.00865	0.01285	0.07498	0.29223	0.02266	0.00953	0.02648	0.02466	0.04170	0.05846	0.01080	0.00792	0.00545	0.00793	0.00144	0.37384	0.00375	0.00219	0.00514
80	0.00496	0.00366	0.00514	0.00584	0.00618	0.00342	0.02729	0.00573	0.00764	0.01020	0.02145	0.83361	0.02564	0.01216	0.00505	0.00160	0.00243	0.01108	0.00363	0.00328
81	0.01060	0.86304	0.02078	0.00678	0.01018	0.01569	0.00678	0.01187	0.00806	0.00933	0.00551	0.00636	0.00509	0.00339	0.00254	0.00085	0.00424	0.00212	0.00170	0.00509
82	0.00486	0.00346	0.00459	0.00549	0.00571	0.00324	0.00364	0.00553	0.00754	0.01005	0.02158	0.83405	0.02588	0.03691	0.00550	0.00167	0.00234	0.01111	0.00364	0.00320
83	0.01432	0.01075	0.01165	0.00936	0.03181	0.01193	0.00750	0.70668	0.11602	0.02369	0.01027	0.01016	0.00738	0.00480	0.00397	0.00121	0.00422	0.00368	0.00393	0.00668
84	0.05726	0.01688	0.01116	0.01045	0.04257	0.68231	0.00770	0.01513	0.03338	0.01040	0.00635	0.00755	0.00531	0.00431	0.00430	0.00110	0.07436	0.00270	0.00209	0.00467
85	0.00469	0.00402	0.00402	0.00402	0.00536	0.00335	0.00301	0.00569	0.00904	0.01071	0.04017	0.03816	0.83432	0.01004	0.00469	0.00134	0.00201	0.00837	0.00368	0.00335
86	0.00852	0.01386	0.38725	0.01459	0.24648	0.00869	0.09082	0.03661	0.00934	0.01348	0.11215	0.01217	0.00984	0.00433	0.00404	0.00125	0.00504	0.01367	0.00222	0.00566
87	0.00563	0.00429	0.00573	0.02334	0.05673	0.00395	0.00441	0.00669	0.00828	0.02153	0.07998	0.53052	0.13927	0.01037	0.00476	0.00145	0.00252	0.03077	0.00352	0.05624
88	0.03562	0.00732	0.02151	0.31145	0.18439	0.00765	0.00886	0.01255	0.02755	0.20764	0.01207	0.05143	0.05093	0.00505	0.00417	0.00130	0.01564	0.02674	0.00286	0.00527
89	0.00928	0.02265	0.16795	0.01186	0.15513	0.00803	0.12149	0.06800	0.04960	0.05779	0.08738	0.03599	0.02864	0.00452	0.00394	0.00114	0.00432	0.00410	0.00269	0.15549
90	0.02254	0.00732	0.03470	0.02301	0.03172	0.01675	0.01709	0.04121	0.04139	0.11159	0.02271	0.11866	0.03994	0.00496	0.00360	0.00096	0.00321	0.00420	0.00298	0.45145
91	0.01110	0.02537	0.27469	0.02141	0.15112	0.00892	0.08466	0.09265	0.06915	0.17412	0.02970	0.01089	0.00772	0.00421	0.00395	0.00123	0.00476	0.00366	0.00285	0.01784
92	0.02808	0.03196	0.11247	0.00914	0.09967	0.01741	0.01810	0.06364	0.04265	0.13106	0.06085	0.02794	0.00900	0.00416	0.00357	0.00099	0.00371	0.00345	0.00289	0.32927
93	0.02430	0.03067	0.04427	0.03681	0.14113	0.03348	0.08471	0.11101	0.08281	0.14860	0.07096	0.02471	0.03317	0.00485	0.00409	0.00119	0.01424	0.01939	0.00316	0.08646
94	0.03320	0.05361	0.21447	0.03680	0.10577	0.01744	0.08355	0.08609	0.05600	0.11692	0.03730	0.01091	0.02005	0.00420	0.00389	0.00116	0.01335	0.00356	0.00270	0.09903

[dist]
# distance from previous block
# <min> <max>
10	42

[block]
# block no. 2 follows, 68 sequences, length 7
# corresponding to MSA columns:
# 481-487
name=unknown_C
#
# <colnr> <probs for GDERKNQSTAVLIFYWHMCP>
#	G	D	E	R	K	N	Q	S	T	A	V	L	I	F	Y	W	H	M	C	P
0	0.02299	0.06059	0.21610	0.04817	0.04436	0.06485	0.18919	0.04445	0.09266	0.05085	0.00946	0.04886	0.00773	0.03568	0.02700	0.00149	0.02380	0.00404	0.00241	0.00533
1	0.00612	0.00446	0.00617	0.00651	0.04492	0.00429	0.03344	0.00712	0.00785	0.04513	0.06662	0.28641	0.14783	0.17812	0.11420	0.00254	0.00393	0.02763	0.00318	0.00353
2	0.00899	0.05313	0.00894	0.04260	0.03783	0.00774	0.00584	0.09647	0.20836	0.05934	0.20995	0.03452	0.06920	0.03136	0.01902	0.00140	0.04334	0.00505	0.00355	0.05337
3	0.00703	0.00493	0.00597	0.00585	0.00687	0.00489	0.00428	0.11066	0.03129	0.04605	0.14522	0.36418	0.10860	0.07402	0.04127	0.00182	0.00303	0.02638	0.00372	0.00394
4	0.01029	0.05938	0.20175	0.04702	0.13265	0.06223	0.04733	0.06689	0.06667	0.08638	0.00950	0.01046	0.03136	0.00422	0.00413	0.00115	0.04027	0.00342	0.00251	0.11239
5	0.00800	0.02642	0.05951	0.00681	0.00850	0.00583	0.03562	0.03468	0.05523	0.10300	0.17380	0.25551	0.04156	0.04285	0.00548	0.00143	0.04853	0.00665	0.01663	0.06396
6	0.09122	0.04988	0.06637	0.04080	0.05785	0.06235	0.03023	0.05800	0.05868	0.10785	0.04045	0.05133	0.02822	0.03516	0.00418	0.00118	0.00387	0.00380	0.00286	0.20573

[dist]
# distance from previous block
# <min> <max>
1	14

[block]
# block no. 3 follows, 68 sequences, length 13
# corresponding to MSA columns:
# 502-514
name=unknown_D
#
# <colnr> <probs for GDERKNQSTAVLIFYWHMCP>
#	G	D	E	R	K	N	Q	S	T	A	V	L	I	F	Y	W	H	M	C	P
0	0.06789	0.01067	0.17327	0.08123	0.09623	0.09643	0.03837	0.03635	0.00854	0.05773	0.00929	0.06225	0.00829	0.09652	0.09519	0.00205	0.02148	0.00402	0.00233	0.03187
1	0.04139	0.06002	0.05116	0.00769	0.01065	0.00892	0.00662	0.31108	0.04413	0.29119	0.07835	0.01357	0.04701	0.00517	0.00392	0.00120	0.00371	0.00408	0.00400	0.00612
2	0.00563	0.00392	0.00475	0.00491	0.00556	0.00362	0.00339	0.00652	0.00837	0.03642	0.19188	0.27084	0.19206	0.21285	0.00848	0.00200	0.00259	0.02939	0.00356	0.00328
3	0.04999	0.05727	0.23088	0.12149	0.16476	0.03897	0.05696	0.09131	0.02447	0.06449	0.00832	0.03383	0.00652	0.00425	0.00409	0.00124	0.02969	0.00354	0.00233	0.00559
4	0.01140	0.05875	0.17886	0.09425	0.12258	0.05469	0.05987	0.24297	0.04306	0.06624	0.02397	0.01002	0.00693	0.00422	0.00388	0.00121	0.00493	0.00349	0.00275	0.00591
5	0.00818	0.00521	0.00676	0.00652	0.02760	0.00532	0.00474	0.09403	0.00899	0.12201	0.06841	0.16080	0.06532	0.13768	0.25651	0.00320	0.00537	0.00597	0.00323	0.00415
6	0.00506	0.00390	0.00465	0.00492	0.00581	0.00349	0.00362	0.00623	0.00911	0.01177	0.20727	0.27234	0.36491	0.01037	0.00485	0.00143	0.00219	0.07082	0.00383	0.00342
7	0.01046	0.13650	0.13586	0.07715	0.15155	0.07174	0.06228	0.09273	0.03835	0.06938	0.00862	0.03413	0.00698	0.00577	0.05276	0.00149	0.03280	0.00357	0.00240	0.00548
8	0.03963	0.11487	0.29343	0.02439	0.11669	0.02156	0.00987	0.14676	0.04544	0.05452	0.02140	0.04272	0.04253	0.00464	0.00375	0.00120	0.00460	0.00372	0.00258	0.00570
9	0.05571	0.00678	0.00852	0.00725	0.03306	0.03030	0.00565	0.03995	0.01063	0.57046	0.01515	0.07568	0.02364	0.00610	0.02370	0.00136	0.00352	0.02123	0.05535	0.00593
10	0.00820	0.00815	0.09904	0.00935	0.10863	0.02979	0.04625	0.06702	0.06817	0.05127	0.06657	0.04268	0.14056	0.09008	0.14418	0.00235	0.00502	0.00512	0.00290	0.00468
11	0.00931	0.00890	0.05641	0.09732	0.14047	0.00877	0.23179	0.03451	0.05011	0.06971	0.00898	0.01174	0.00723	0.04030	0.07891	0.02159	0.09179	0.00404	0.02300	0.00511
12	0.00800	0.05422	0.06433	0.08665	0.10322	0.00789	0.10703	0.03404	0.02750	0.03729	0.01264	0.17117	0.05620	0.03874	0.08803	0.00195	0.08849	0.00545	0.00254	0.00460

[dist]
# distance from previous block
# <min> <max>
7	18

[block]
# block no. 4 follows, 68 sequences, length 6
# corresponding to MSA columns:
# 534-539
name=unknown_E
#
# <colnr> <probs for GDERKNQSTAVLIFYWHMCP>
#	G	D	E	R	K	N	Q	S	T	A	V	L	I	F	Y	W	H	M	C	P
0	0.01063	0.04116	0.02171	0.05208	0.06595	0.04371	0.04627	0.27879	0.01217	0.06097	0.06850	0.05873	0.09178	0.02105	0.03780	0.00147	0.01954	0.01808	0.00324	0.04637
1	0.07303	0.00873	0.00949	0.00774	0.01015	0.00950	0.00621	0.51442	0.01448	0.05409	0.01261	0.11771	0.04753	0.03687	0.05742	0.00167	0.00424	0.00479	0.00368	0.00563
2	0.05456	0.20000	0.08964	0.00776	0.03914	0.02268	0.04086	0.04816	0.04005	0.08174	0.11233	0.09794	0.07578	0.03699	0.03432	0.00147	0.00396	0.00487	0.00293	0.00479
3	0.00922	0.06753	0.03967	0.03647	0.04330	0.08056	0.04475	0.11036	0.00959	0.04367	0.06411	0.10715	0.02566	0.07785	0.08747	0.00192	0.05668	0.00472	0.00274	0.08658
