[name]
unknown

[dist]
# distance from previous block
# <min> <max>
0	27

[block]
# block no. 0 follows, 65 sequences, length 7
# corresponding to MSA columns:
# 27-33
name=unknown_A
#
# <colnr> <probs for GDERKNQSTAVLIFYWHMCP>
#	G	D	E	R	K	N	Q	S	T	A	V	L	I	F	Y	W	H	M	C	P
0	0.00637	0.00455	0.00633	0.00728	0.00811	0.00451	0.00619	0.00808	0.00921	0.01201	0.02187	0.16960	0.02416	0.01157	0.00560	0.00186	0.00357	0.68164	0.00378	0.00371
1	0.00500	0.00357	0.00476	0.00572	0.00595	0.00333	0.00381	0.00572	0.00786	0.01048	0.02262	0.85306	0.02715	0.01286	0.00524	0.00167	0.00238	0.01167	0.00381	0.00333
2	0.00588	0.00458	0.00610	0.00609	0.00710	0.00416	0.03348	0.00727	0.03115	0.01163	0.09114	0.49793	0.09105	0.04639	0.00555	0.00158	0.00270	0.03724	0.00360	0.10539
3	0.00541	0.00418	0.00496	0.00492	0.00603	0.00373	0.00373	0.00690	0.01031	0.01357	0.39439	0.07670	0.37710	0.00968	0.00492	0.00139	0.00215	0.06215	0.00413	0.00366
4	0.04830	0.01156	0.10352	0.03163	0.01288	0.04475	0.00813	0.40230	0.11841	0.15996	0.01116	0.01093	0.00782	0.00483	0.00402	0.00126	0.00445	0.00371	0.00381	0.00656
5	0.01048	0.00970	0.01583	0.09359	0.14684	0.02689	0.26991	0.12031	0.08519	0.04198	0.00992	0.05436	0.00804	0.00454	0.00452	0.00130	0.02269	0.00446	0.00272	0.06673
6	0.29835	0.01052	0.06256	0.00848	0.04679	0.10227	0.00688	0.14143	0.05153	0.17058	0.00956	0.01028	0.00704	0.00450	0.00354	0.00124	0.00420	0.02086	0.00325	0.03614

[dist]
# distance from previous block
# <min> <max>
0	2

[block]
# block no. 1 follows, 65 sequences, length 18
# corresponding to MSA columns:
# 36-53
name=unknown_B
#
# <colnr> <probs for GDERKNQSTAVLIFYWHMCP>
#	G	D	E	R	K	N	Q	S	T	A	V	L	I	F	Y	W	H	M	C	P
0	0.08222	0.25304	0.03053	0.00825	0.01136	0.05664	0.00716	0.28817	0.15861	0.05142	0.00960	0.00966	0.00729	0.00450	0.00355	0.00116	0.00429	0.00327	0.00321	0.00607
1	0.60859	0.02743	0.03113	0.00716	0.00993	0.10522	0.04686	0.07336	0.00879	0.04013	0.00657	0.00747	0.00502	0.00396	0.00299	0.00124	0.00407	0.00259	0.00262	0.00486
2	0.04817	0.00685	0.00674	0.00617	0.00777	0.08200	0.00473	0.09565	0.05233	0.07221	0.17040	0.11489	0.15642	0.00742	0.00424	0.00128	0.00305	0.02020	0.13498	0.00452
3	0.01030	0.01142	0.00903	0.00845	0.00970	0.37895	0.00639	0.01143	0.00878	0.00965	0.00874	0.01269	0.00813	0.08596	0.34844	0.00362	0.05837	0.00370	0.00216	0.00411
4	0.01116	0.00908	0.01244	0.24856	0.17776	0.05236	0.02473	0.08674	0.12466	0.12195	0.02726	0.01181	0.00812	0.00471	0.00473	0.00133	0.06002	0.00390	0.00291	0.00576
5	0.00543	0.00377	0.00472	0.00531	0.00549	0.00363	0.00341	0.00592	0.00720	0.00959	0.01891	0.50893	0.02237	0.33318	0.01121	0.00255	0.00304	0.03900	0.00331	0.00303
6	0.02900	0.02293	0.09796	0.02768	0.03671	0.04548	0.11449	0.11215	0.16724	0.10808	0.01128	0.01266	0.00867	0.02196	0.16258	0.00234	0.00598	0.00407	0.00306	0.00567
7	0.00765	0.00383	0.00383	0.00383	0.00478	0.00383	0.00287	0.00956	0.00861	0.01530	0.01339	0.01530	0.01052	0.00478	0.00287	0.00096	0.00191	0.00383	0.87853	0.00383
8	0.14866	0.00830	0.01047	0.13434	0.12752	0.00841	0.00742	0.10258	0.02289	0.04519	0.00780	0.00929	0.00612	0.00390	0.00386	0.00107	0.03737	0.00304	0.00259	0.30920
9	0.01342	0.00945	0.01037	0.00856	0.01135	0.01040	0.00687	0.29671	0.41216	0.15330	0.01425	0.01321	0.01022	0.00527	0.00414	0.00132	0.00373	0.00423	0.00430	0.00674
10	0.00765	0.00383	0.00383	0.00383	0.00478	0.00383	0.00287	0.00956	0.00861	0.01530	0.01339	0.01530	0.01052	0.00478	0.00287	0.00096	0.00191	0.00383	0.87853	0.00383
11	0.00851	0.00730	0.00851	0.00608	0.00973	0.00547	0.00486	0.01034	0.00851	0.01338	0.00730	0.00851	0.00608	0.00304	0.00304	0.00061	0.00304	0.00243	0.00243	0.88083
12	0.00586	0.00440	0.00660	0.00660	0.00733	0.00513	0.00513	0.00733	0.00660	0.00953	0.01100	0.01613	0.01026	0.03079	0.83947	0.00660	0.01100	0.00440	0.00220	0.00367
13	0.00931	0.08926	0.56659	0.01084	0.01586	0.03287	0.05884	0.01355	0.04356	0.06202	0.05275	0.01039	0.00770	0.00424	0.00392	0.00126	0.00551	0.00343	0.00222	0.00589
14	0.00593	0.00396	0.00449	0.00453	0.00454	0.00395	0.00255	0.00596	0.00606	0.00807	0.01338	0.06474	0.01548	0.81710	0.02018	0.00387	0.00391	0.00623	0.00255	0.00253
15	0.00881	0.00756	0.01018	0.03383	0.19762	0.00640	0.00674	0.01071	0.00876	0.03227	0.00938	0.05506	0.03039	0.00399	0.00350	0.00086	0.00348	0.00345	0.00250	0.56451
16	0.00492	0.00416	0.00426	0.00423	0.00559	0.00350	0.00317	0.00603	0.00952	0.01149	0.09990	0.03885	0.76991	0.01025	0.00485	0.00138	0.00207	0.00857	0.00386	0.00350
17	0.01042	0.18495	0.25409	0.00907	0.01261	0.09722	0.03945	0.06326	0.03260	0.07757	0.11687	0.05104	0.01165	0.00515	0.00391	0.00121	0.00478	0.01595	0.00276	0.00544

[dist]
# distance from previous block
# <min> <max>
1	2

[block]
# block no. 2 follows, 65 sequences, length 20
# corresponding to MSA columns:
# 56-75
name=unknown_C
#
# <colnr> <probs for GDERKNQSTAVLIFYWHMCP>
#	G	D	E	R	K	N	Q	S	T	A	V	L	I	F	Y	W	H	M	C	P
0	0.00548	0.00407	0.00506	0.00548	0.00624	0.00377	0.00407	0.00664	0.00900	0.01176	0.16036	0.29582	0.22563	0.08039	0.00644	0.00177	0.00263	0.15811	0.00381	0.00347
1	0.01001	0.01552	0.37756	0.01384	0.04807	0.01036	0.27378	0.08523	0.03879	0.01470	0.00917	0.03496	0.00718	0.00465	0.00487	0.00145	0.03709	0.00422	0.00241	0.00615
2	0.00580	0.00438	0.00548	0.00574	0.00683	0.00406	0.00466	0.00743	0.01007	0.01314	0.26918	0.03941	0.29042	0.01015	0.00516	0.00155	0.00267	0.30616	0.00401	0.00371
3	0.00589	0.00428	0.00599	0.00599	0.00651	0.00480	0.00437	0.00694	0.00642	0.00908	0.01155	0.01922	0.01161	0.26856	0.60354	0.00584	0.00897	0.00485	0.00228	0.00333
4	0.01029	0.63583	0.19608	0.00822	0.01210	0.01462	0.00887	0.01232	0.00831	0.01039	0.00605	0.00715	0.00526	0.00378	0.00344	0.00101	0.04668	0.00244	0.00175	0.00540
5	0.00784	0.00739	0.01247	0.81543	0.05801	0.00914	0.01144	0.01057	0.00825	0.01060	0.00731	0.01091	0.00551	0.00409	0.00410	0.00136	0.00545	0.00365	0.00183	0.00463
6	0.01006	0.00971	0.01659	0.04931	0.71858	0.00979	0.05793	0.01302	0.04975	0.01349	0.00819	0.01049	0.00675	0.00376	0.00412	0.00124	0.00493	0.00377	0.00213	0.00639
7	0.00960	0.05222	0.12449	0.02501	0.22898	0.10781	0.01968	0.01349	0.14268	0.01347	0.10809	0.01352	0.02558	0.00612	0.04704	0.00149	0.00491	0.00407	0.00269	0.04906
8	0.00534	0.00380	0.00507	0.00596	0.00630	0.00362	0.00421	0.00621	0.00802	0.01063	0.02187	0.66191	0.02578	0.06517	0.00629	0.00185	0.00272	0.14818	0.00372	0.00336
9	0.00955	0.00941	0.07596	0.00849	0.05156	0.04693	0.02155	0.05111	0.07784	0.03839	0.00900	0.03919	0.00749	0.00456	0.01822	0.00104	0.03970	0.00330	0.00266	0.48408
10	0.00788	0.00745	0.01257	0.79757	0.02757	0.00919	0.03480	0.01089	0.03163	0.01076	0.00760	0.01107	0.00570	0.00413	0.00413	0.00137	0.00545	0.00371	0.00190	0.00464
11	0.01016	0.00975	0.01666	0.02520	0.83013	0.00975	0.01260	0.01260	0.00935	0.01341	0.00772	0.01016	0.00650	0.00366	0.00406	0.00122	0.00488	0.00366	0.00203	0.00650
12	0.00871	0.07003	0.53193	0.01270	0.01789	0.00998	0.23283	0.01280	0.00903	0.01296	0.03768	0.01000	0.00672	0.00392	0.00411	0.00130	0.00604	0.00364	0.00193	0.00579
13	0.00561	0.00416	0.00523	0.00502	0.00603	0.00378	0.00374	0.00734	0.01105	0.01527	0.65666	0.07295	0.17006	0.00895	0.00486	0.00133	0.00198	0.00784	0.00437	0.00378
14	0.01097	0.85821	0.02151	0.00702	0.01054	0.01624	0.00702	0.01229	0.00834	0.00966	0.00571	0.00658	0.00527	0.00351	0.00263	0.00088	0.00439	0.00219	0.00176	0.00527
15	0.01097	0.85821	0.02151	0.00702	0.01054	0.01624	0.00702	0.01229	0.00834	0.00966	0.00571	0.00658	0.00527	0.00351	0.00263	0.00088	0.00439	0.00219	0.00176	0.00527
16	0.00612	0.00429	0.00557	0.00526	0.00630	0.00394	0.00399	0.00800	0.01143	0.03710	0.73818	0.03125	0.07662	0.00851	0.00485	0.00132	0.00205	0.03681	0.00447	0.00393
17	0.00499	0.00361	0.00473	0.00562	0.00593	0.00334	0.00377	0.00573	0.00795	0.01052	0.02381	0.80232	0.07713	0.01271	0.00522	0.00165	0.00236	0.01148	0.00381	0.00334
18	0.88473	0.00794	0.00603	0.00540	0.00794	0.00921	0.00445	0.01207	0.00699	0.01842	0.00572	0.00667	0.00445	0.00381	0.00254	0.00127	0.00318	0.00222	0.00254	0.00445
19	0.88473	0.00794	0.00603	0.00540	0.00794	0.00921	0.00445	0.01207	0.00699	0.01842	0.00572	0.00667	0.00445	0.00381	0.00254	0.00127	0.00318	0.00222	0.00254	0.00445

[dist]
# distance from previous block
# <min> <max>
0	2

[block]
# block no. 3 follows, 65 sequences, length 14
# corresponding to MSA columns:
# 78-86,88-92
name=unknown_D
#
# <colnr> <probs for GDERKNQSTAVLIFYWHMCP>
#	G	D	E	R	K	N	Q	S	T	A	V	L	I	F	Y	W	H	M	C	P
0	0.28673	0.00771	0.00846	0.00690	0.00970	0.00788	0.00561	0.06988	0.10189	0.41260	0.01249	0.01192	0.00856	0.02710	0.00408	0.00135	0.00345	0.00361	0.00406	0.00602
1	0.00713	0.00357	0.00535	0.00535	0.00535	0.00357	0.00357	0.00535	0.00535	0.00713	0.00713	0.01248	0.00713	0.01426	0.01604	0.88057	0.00357	0.00357	0.00178	0.00178
2	0.01079	0.80190	0.07621	0.00734	0.01102	0.01579	0.00757	0.01234	0.00836	0.00988	0.00582	0.00672	0.00526	0.00354	0.00272	0.00091	0.00450	0.00225	0.00175	0.00532
3	0.01512	0.05987	0.01211	0.01040	0.01259	0.79971	0.00789	0.01619	0.01147	0.01003	0.00631	0.00736	0.00529	0.00420	0.00365	0.00105	0.00726	0.00262	0.00210	0.00478
4	0.00644	0.00433	0.00569	0.00527	0.00635	0.00398	0.00398	0.00836	0.01163	0.05707	0.78760	0.02983	0.03731	0.00823	0.00481	0.00129	0.00201	0.00726	0.00455	0.00403
5	0.01097	0.85821	0.02151	0.00702	0.01054	0.01624	0.00702	0.01229	0.00834	0.00966	0.00571	0.00658	0.00527	0.00351	0.00263	0.00088	0.00439	0.00219	0.00176	0.00527
6	0.00969	0.01107	0.02422	0.01730	0.02145	0.01038	0.81522	0.01315	0.00969	0.01315	0.00830	0.01107	0.00623	0.00346	0.00484	0.00138	0.00692	0.00484	0.00208	0.00554
7	0.01021	0.00882	0.00928	0.00835	0.01067	0.01021	0.00650	0.02181	0.82272	0.01717	0.01671	0.01532	0.01253	0.00557	0.00418	0.00139	0.00325	0.00464	0.00418	0.00650
8	0.09350	0.00766	0.01010	0.01010	0.14653	0.00734	0.00690	0.03166	0.09781	0.40093	0.03050	0.02913	0.01015	0.00498	0.00396	0.00124	0.00360	0.02349	0.00395	0.07646
9	0.01251	0.00602	0.00775	0.00644	0.00869	0.00550	0.00513	0.01505	0.08394	0.43041	0.27158	0.02163	0.09414	0.00664	0.00442	0.00130	0.00286	0.00562	0.00471	0.00565
10	0.00941	0.01062	0.02306	0.01661	0.02053	0.00996	0.76678	0.01271	0.00958	0.01299	0.00916	0.06134	0.00748	0.00402	0.00487	0.00140	0.00665	0.00525	0.00218	0.00540
11	0.00765	0.00383	0.00383	0.00383	0.00478	0.00383	0.00287	0.00956	0.00861	0.01530	0.01339	0.01530	0.01052	0.00478	0.00287	0.00096	0.00191	0.00383	0.87853	0.00383
12	0.00851	0.00730	0.00851	0.00608	0.00973	0.00547	0.00486	0.01034	0.00851	0.01338	0.00730	0.00851	0.00608	0.00304	0.00304	0.00061	0.00304	0.00243	0.00243	0.88083
13	0.01001	0.01114	0.00999	0.07778	0.02849	0.31899	0.06815	0.01220	0.05905	0.01206	0.13927	0.01971	0.18513	0.00633	0.00432	0.00126	0.00487	0.02380	0.00297	0.00451

[dist]
# distance from previous block
# <min> <max>
0	2

[block]
# block no. 4 follows, 65 sequences, length 37
# corresponding to MSA columns:
# 95-131
name=unknown_E
#
# <colnr> <probs for GDERKNQSTAVLIFYWHMCP>
#	G	D	E	R	K	N	Q	S	T	A	V	L	I	F	Y	W	H	M	C	P
0	0.03039	0.01240	0.10220	0.01157	0.11240	0.11586	0.05015	0.31146	0.10973	0.03130	0.02334	0.01113	0.02004	0.00468	0.00402	0.00124	0.00486	0.00377	0.03332	0.00615
1	0.03783	0.00397	0.00390	0.00388	0.00489	0.00401	0.00292	0.00965	0.00855	0.01541	0.01313	0.01501	0.01031	0.00475	0.00286	0.00097	0.00196	0.00377	0.84838	0.00385
2	0.66919	0.02540	0.00783	0.00752	0.08181	0.00908	0.00550	0.01303	0.00778	0.11556	0.00715	0.00790	0.00535	0.00400	0.00306	0.00127	0.01823	0.00260	0.00277	0.00495
3	0.66903	0.00966	0.03536	0.00633	0.00883	0.10440	0.00524	0.04581	0.00803	0.01699	0.00642	0.00809	0.00526	0.05183	0.00382	0.00140	0.00386	0.00257	0.00253	0.00453
4	0.00972	0.30636	0.44974	0.00981	0.01448	0.06952	0.01136	0.01330	0.04402	0.01182	0.00737	0.00879	0.00586	0.00399	0.00350	0.00115	0.00543	0.01620	0.00191	0.00568
5	0.01079	0.00966	0.01506	0.16521	0.53238	0.01022	0.01146	0.16758	0.01107	0.01531	0.00806	0.01024	0.00642	0.00398	0.00408	0.00125	0.00491	0.00366	0.00240	0.00626
6	0.01842	0.00699	0.00953	0.00730	0.01048	0.00603	0.00603	0.02000	0.01175	0.83298	0.01619	0.01397	0.01016	0.00508	0.00413	0.00127	0.00349	0.00413	0.00508	0.00699
7	0.00586	0.00440	0.00660	0.00660	0.00733	0.00513	0.00513	0.00733	0.00660	0.00953	0.01100	0.01613	0.01026	0.03079	0.83947	0.00660	0.01100	0.00440	0.00220	0.00367
8	0.00597	0.00398	0.00448	0.00448	0.00448	0.00398	0.00249	0.00597	0.00597	0.00796	0.01293	0.02686	0.01492	0.85574	0.02089	0.00398	0.00398	0.00597	0.00249	0.00249
9	0.00596	0.00400	0.00458	0.00458	0.00462	0.00404	0.00262	0.00604	0.00600	0.00804	0.01284	0.02632	0.01469	0.81430	0.06201	0.00411	0.00433	0.00589	0.00247	0.00255
10	0.00974	0.01087	0.02289	0.01650	0.02049	0.01037	0.74296	0.01392	0.08234	0.01351	0.00906	0.01145	0.00679	0.00365	0.00478	0.00138	0.00659	0.00483	0.00226	0.00562
11	0.00500	0.00357	0.00476	0.00572	0.00595	0.00333	0.00381	0.00572	0.00786	0.01048	0.02262	0.85306	0.02715	0.01286	0.00524	0.00167	0.00238	0.01167	0.00381	0.00333
12	0.00969	0.01107	0.02422	0.01730	0.02145	0.01038	0.81522	0.01315	0.00969	0.01315	0.00830	0.01107	0.00623	0.00346	0.00484	0.00138	0.00692	0.00484	0.00208	0.00554
13	0.00485	0.00416	0.00416	0.00416	0.00554	0.00347	0.00312	0.00589	0.00936	0.01109	0.04158	0.03950	0.82847	0.01040	0.00485	0.00139	0.00208	0.00866	0.00381	0.00347
14	0.00775	0.00730	0.01231	0.84587	0.02827	0.00912	0.01140	0.01049	0.00821	0.01049	0.00730	0.01094	0.00547	0.00410	0.00410	0.00137	0.00547	0.00365	0.00182	0.00456
15	0.01560	0.01150	0.01232	0.00944	0.01273	0.01273	0.00780	0.81645	0.01930	0.02587	0.00986	0.00986	0.00698	0.00493	0.00411	0.00123	0.00452	0.00370	0.00411	0.00698
16	0.01842	0.00699	0.00953	0.00730	0.01048	0.00603	0.00603	0.02000	0.01175	0.83298	0.01619	0.01397	0.01016	0.00508	0.00413	0.00127	0.00349	0.00413	0.00508	0.00699
17	0.01097	0.85821	0.02151	0.00702	0.01054	0.01624	0.00702	0.01229	0.00834	0.00966	0.00571	0.00658	0.00527	0.00351	0.00263	0.00088	0.00439	0.00219	0.00176	0.00527
18	0.00823	0.02123	0.83447	0.01170	0.01777	0.00953	0.01517	0.01300	0.00867	0.01300	0.00737	0.00867	0.00520	0.00390	0.00390	0.00130	0.00607	0.00303	0.00173	0.00607
19	0.00851	0.00730	0.00851	0.00608	0.00973	0.00547	0.00486	0.01034	0.00851	0.01338	0.00730	0.00851	0.00608	0.00304	0.00304	0.00061	0.00304	0.00243	0.00243	0.88083
20	0.00742	0.00533	0.00712	0.00773	0.00888	0.00544	0.00672	0.08070	0.01033	0.01350	0.02067	0.04305	0.02214	0.01077	0.00553	0.00183	0.00385	0.73113	0.00381	0.00407
21	0.01021	0.00882	0.00928	0.00835	0.01067	0.01021	0.00650	0.02181	0.82272	0.01717	0.01671	0.01532	0.01253	0.00557	0.00418	0.00139	0.00325	0.00464	0.00418	0.00650
22	0.01029	0.00908	0.01069	0.00918	0.01169	0.01029	0.07879	0.04006	0.73084	0.01702	0.01579	0.01481	0.01183	0.00537	0.00423	0.00139	0.00361	0.00464	0.00399	0.00642
23	0.00597	0.00398	0.00448	0.00448	0.00448	0.00398	0.00249	0.00597	0.00597	0.00796	0.01293	0.02686	0.01492	0.85574	0.02089	0.00398	0.00398	0.00597	0.00249	0.00249
24	0.00584	0.00431	0.00626	0.00631	0.00693	0.00491	0.00476	0.00710	0.00658	0.00939	0.01176	0.05605	0.01159	0.12628	0.70535	0.00606	0.00978	0.00492	0.00231	0.00351
25	0.01006	0.00965	0.01648	0.05943	0.79669	0.00973	0.01255	0.01251	0.00930	0.01329	0.00770	0.01019	0.00646	0.00368	0.00407	0.00123	0.00490	0.00366	0.00202	0.00642
26	0.00765	0.00383	0.00383	0.00383	0.00478	0.00383	0.00287	0.00956	0.00861	0.01530	0.01339	0.01530	0.01052	0.00478	0.00287	0.00096	0.00191	0.00383	0.87853	0.00383
27	0.00684	0.00505	0.00606	0.00565	0.00688	0.00509	0.00428	0.01064	0.16814	0.01649	0.59148	0.02619	0.03091	0.00749	0.00452	0.00128	0.00219	0.00653	0.08990	0.00438
28	0.01293	0.01425	0.03361	0.01596	0.31140	0.35833	0.04337	0.08465	0.04360	0.03178	0.00789	0.00927	0.00631	0.00411	0.00395	0.00117	0.00592	0.00332	0.00240	0.00577
29	0.00765	0.00383	0.00383	0.00383	0.00478	0.00383	0.00287	0.00956	0.00861	0.01530	0.01339	0.01530	0.01052	0.00478	0.00287	0.00096	0.00191	0.00383	0.87853	0.00383
30	0.64591	0.00840	0.00721	0.00616	0.00874	0.02311	0.00502	0.12640	0.00912	0.07960	0.00739	0.00852	0.00568	0.03961	0.00367	0.00137	0.00349	0.00274	0.00294	0.00492
31	0.01078	0.01233	0.03505	0.01102	0.02686	0.24686	0.00892	0.01186	0.00793	0.01008	0.00576	0.00855	0.00538	0.00619	0.01026	0.00156	0.57076	0.00331	0.00189	0.00465
32	0.00877	0.00898	0.01715	0.43935	0.13441	0.00966	0.29814	0.01172	0.00889	0.01183	0.00771	0.01088	0.00588	0.00381	0.00436	0.00135	0.00591	0.00408	0.00194	0.00517
33	0.00713	0.00357	0.00535	0.00535	0.00535	0.00357	0.00357	0.00535	0.00535	0.00713	0.00713	0.01248	0.00713	0.01426	0.01604	0.88057	0.00357	0.00357	0.00178	0.00178
34	0.00840	0.00796	0.01348	0.62538	0.24371	0.00929	0.01172	0.01105	0.00851	0.01127	0.00741	0.01073	0.00575	0.00398	0.00409	0.00133	0.00531	0.00365	0.00188	0.00508
35	0.00823	0.02123	0.83447	0.01170	0.01777	0.00953	0.01517	0.01300	0.00867	0.01300	0.00737	0.00867	0.00520	0.00390	0.00390	0.00130	0.00607	0.00303	0.00173	0.00607
36	0.01533	0.01956	0.01163	0.01058	0.01269	0.83926	0.00793	0.01639	0.01163	0.01005	0.00635	0.00740	0.00529	0.00423	0.00370	0.00106	0.00740	0.00264	0.00212	0.00476

[dist]
# distance from previous block
# <min> <max>
0	0

# created by:
# /st0/software/busco_prod/Augustus/scripts/msa2prfl.pl ./align_prep/34824.fa
