[name]
unknown

[dist]
# distance from previous block
# <min> <max>
0	38

[block]
# block no. 0 follows, 66 sequences, length 31
# corresponding to MSA columns:
# 38-68
name=unknown_A
#
# <colnr> <probs for GDERKNQSTAVLIFYWHMCP>
#	G	D	E	R	K	N	Q	S	T	A	V	L	I	F	Y	W	H	M	C	P
0	0.01154	0.08141	0.01024	0.03065	0.01049	0.05116	0.00643	0.30172	0.04923	0.09549	0.11650	0.07743	0.05297	0.00657	0.00427	0.00130	0.00382	0.07955	0.00378	0.00546
1	0.02953	0.07671	0.08412	0.01392	0.23346	0.08429	0.07106	0.23328	0.04439	0.06368	0.00897	0.02269	0.00694	0.00430	0.00393	0.00121	0.00495	0.00362	0.00283	0.00614
2	0.00639	0.00482	0.00566	0.00616	0.03168	0.02727	0.00398	0.03893	0.02858	0.01066	0.06293	0.36386	0.02043	0.32948	0.01085	0.00244	0.00329	0.03598	0.00323	0.00338
3	0.02108	0.15445	0.29244	0.03013	0.02422	0.09669	0.10419	0.08164	0.01995	0.04519	0.02760	0.01170	0.03283	0.00452	0.00388	0.00122	0.00533	0.03506	0.00237	0.00552
4	0.01169	0.12756	0.18096	0.03615	0.09324	0.02833	0.04446	0.24220	0.09675	0.06641	0.01003	0.01057	0.02475	0.00444	0.00386	0.00121	0.00474	0.00357	0.00293	0.00614
5	0.00618	0.00478	0.00503	0.00495	0.00628	0.02506	0.00368	0.00773	0.04608	0.05971	0.09981	0.15570	0.54072	0.00980	0.00475	0.00139	0.00235	0.00831	0.00387	0.00381
6	0.00575	0.00431	0.00492	0.00478	0.00601	0.00382	0.00357	0.02441	0.01009	0.03849	0.28352	0.11485	0.46161	0.00962	0.00479	0.00136	0.00214	0.00823	0.00403	0.00372
7	0.03435	0.10084	0.06199	0.10384	0.06841	0.09692	0.01685	0.22374	0.13268	0.07519	0.00963	0.01027	0.00720	0.00454	0.00406	0.00122	0.02715	0.00348	0.01172	0.00589
8	0.03941	0.17099	0.10263	0.02942	0.07497	0.04220	0.14714	0.27863	0.01237	0.05217	0.00826	0.00925	0.00620	0.00409	0.00382	0.00118	0.00507	0.00343	0.00275	0.00600
9	0.00529	0.00391	0.00475	0.00524	0.00584	0.00363	0.00370	0.00614	0.00812	0.01047	0.04966	0.37312	0.23268	0.16135	0.00786	0.00200	0.00271	0.10675	0.00355	0.00325
10	0.00525	0.00410	0.00477	0.00472	0.00583	0.00362	0.00353	0.00665	0.01010	0.01320	0.37398	0.09121	0.41904	0.00962	0.00484	0.00136	0.00206	0.02845	0.00406	0.00360
11	0.01207	0.05445	0.10550	0.03011	0.13892	0.08978	0.07372	0.11354	0.01067	0.18619	0.01043	0.01327	0.00836	0.10411	0.00596	0.00155	0.00488	0.02789	0.00296	0.00564
12	0.03799	0.47998	0.01703	0.00807	0.01123	0.02561	0.03540	0.18747	0.11681	0.01436	0.00803	0.00855	0.00652	0.00414	0.00344	0.00106	0.02310	0.00293	0.00259	0.00569
13	0.01586	0.00782	0.00957	0.00750	0.01041	0.00761	0.00614	0.21847	0.05646	0.50646	0.03116	0.01423	0.04231	0.00527	0.00407	0.00124	0.00354	0.00423	0.04109	0.00655
14	0.00906	0.00716	0.00843	0.00615	0.00960	0.00553	0.00491	0.02862	0.00883	0.06502	0.00835	0.03842	0.00701	0.00351	0.00317	0.00069	0.00304	0.00286	0.00265	0.77700
15	0.00974	0.02765	0.00903	0.00650	0.00979	0.00673	0.00526	0.13846	0.02207	0.04446	0.04539	0.01066	0.02589	0.00385	0.00333	0.00079	0.00319	0.00307	0.02239	0.60177
16	0.63885	0.02315	0.03843	0.02640	0.00984	0.00915	0.05184	0.04175	0.03471	0.06225	0.02707	0.00838	0.00605	0.00403	0.00298	0.00126	0.00357	0.00277	0.00272	0.00481
17	0.00888	0.06802	0.72206	0.01116	0.01674	0.04258	0.01394	0.04792	0.00912	0.01310	0.00726	0.00845	0.00522	0.00389	0.00378	0.00125	0.00589	0.00296	0.00183	0.00594
18	0.02315	0.03247	0.00592	0.00550	0.00674	0.02145	0.00411	0.00803	0.03628	0.05549	0.10961	0.31701	0.27388	0.00973	0.00468	0.00141	0.00256	0.03627	0.00373	0.04197
19	0.01069	0.02734	0.05664	0.07094	0.21667	0.12060	0.08509	0.07575	0.01895	0.06920	0.02759	0.05754	0.03639	0.00475	0.00417	0.00119	0.01793	0.00414	0.00262	0.09179
20	0.06708	0.05860	0.26858	0.01017	0.01381	0.10001	0.09065	0.10572	0.10113	0.01437	0.00890	0.04053	0.00713	0.00496	0.01697	0.00133	0.04374	0.00363	0.00249	0.04017
21	0.00584	0.00414	0.00530	0.00508	0.00604	0.00379	0.00376	0.00751	0.01084	0.03100	0.65515	0.09885	0.10893	0.02937	0.00519	0.00138	0.00204	0.00770	0.00431	0.00377
22	0.00800	0.00617	0.00794	0.00815	0.08515	0.00650	0.00573	0.14961	0.03683	0.02829	0.09518	0.03487	0.18400	0.01557	0.30568	0.00318	0.00596	0.00545	0.00318	0.00458
23	0.03947	0.09851	0.13299	0.06626	0.25908	0.14338	0.10326	0.04386	0.00979	0.05493	0.00765	0.00926	0.00597	0.00385	0.00384	0.00119	0.00547	0.00333	0.00219	0.00572
24	0.01194	0.60203	0.01813	0.00760	0.01081	0.08714	0.00702	0.12987	0.02801	0.03466	0.00718	0.02634	0.00623	0.00403	0.00304	0.00097	0.00452	0.00274	0.00229	0.00544
25	0.00493	0.00369	0.00459	0.00527	0.00579	0.00334	0.00361	0.00576	0.00824	0.01069	0.05298	0.63419	0.21820	0.01199	0.00507	0.00157	0.00227	0.01069	0.00379	0.00334
26	0.02520	0.01885	0.02908	0.01299	0.26576	0.02704	0.03765	0.16128	0.01888	0.05097	0.04913	0.13278	0.11964	0.00637	0.00452	0.00131	0.02446	0.00553	0.00312	0.00541
27	0.01132	0.02945	0.00949	0.02835	0.07160	0.03296	0.00639	0.12340	0.21790	0.18289	0.08627	0.07664	0.09315	0.00627	0.00424	0.00130	0.00347	0.00526	0.00393	0.00572
28	0.00495	0.00395	0.00444	0.00467	0.00567	0.00344	0.00337	0.00600	0.00910	0.01145	0.13364	0.27161	0.50195	0.01073	0.00490	0.00144	0.00212	0.00926	0.00385	0.00344
29	0.00890	0.00632	0.02487	0.00659	0.00830	0.00617	0.00515	0.07169	0.19827	0.12355	0.21142	0.20176	0.09425	0.00800	0.00455	0.00138	0.00280	0.00693	0.00416	0.00495
30	0.24734	0.15430	0.10526	0.00831	0.02891	0.11552	0.01981	0.11376	0.04262	0.06490	0.00775	0.00860	0.00600	0.01710	0.00354	0.00118	0.00448	0.00286	0.00262	0.04513

[dist]
# distance from previous block
# <min> <max>
0	16

[block]
# block no. 1 follows, 66 sequences, length 10
# corresponding to MSA columns:
# 85-94
name=unknown_B
#
# <colnr> <probs for GDERKNQSTAVLIFYWHMCP>
#	G	D	E	R	K	N	Q	S	T	A	V	L	I	F	Y	W	H	M	C	P
0	0.01213	0.16367	0.09814	0.04368	0.10442	0.03787	0.07714	0.20710	0.07820	0.10042	0.00926	0.00998	0.00692	0.00433	0.00409	0.00121	0.02898	0.00349	0.00290	0.00606
1	0.03373	0.02709	0.09396	0.03137	0.05269	0.00831	0.04823	0.08512	0.24972	0.10382	0.06691	0.09715	0.07205	0.00612	0.00423	0.00134	0.00373	0.00524	0.00356	0.00561
2	0.00496	0.00398	0.00443	0.00460	0.00565	0.00345	0.00334	0.00604	0.00923	0.01158	0.14913	0.22273	0.53552	0.01055	0.00488	0.00142	0.00210	0.00906	0.00387	0.00345
3	0.00995	0.04855	0.12010	0.00900	0.06249	0.09354	0.02284	0.11908	0.03133	0.09435	0.04207	0.22854	0.08695	0.00712	0.00431	0.00133	0.00406	0.00605	0.00328	0.00507
4	0.04181	0.25713	0.14455	0.01033	0.09180	0.06926	0.03063	0.13022	0.08528	0.06659	0.00850	0.00913	0.00655	0.00408	0.00352	0.00112	0.00470	0.00311	0.00260	0.02908
5	0.01339	0.05167	0.05061	0.00762	0.01029	0.05011	0.00651	0.17365	0.03037	0.32238	0.10571	0.01549	0.06834	0.00564	0.00447	0.00125	0.04159	0.00442	0.03063	0.00586
6	0.00514	0.00398	0.00462	0.00483	0.00574	0.00354	0.00349	0.00622	0.00911	0.01169	0.18515	0.24953	0.39612	0.05791	0.00581	0.00158	0.00227	0.03604	0.00383	0.00343
7	0.03291	0.03825	0.42483	0.05753	0.07834	0.00924	0.05909	0.02449	0.05343	0.06562	0.04192	0.03637	0.00804	0.00460	0.00445	0.00131	0.04777	0.00377	0.00234	0.00570
8	0.01060	0.05984	0.19147	0.05459	0.12267	0.07508	0.12454	0.09849	0.09007	0.04631	0.03060	0.01057	0.00746	0.00440	0.00458	0.00128	0.05548	0.00370	0.00253	0.00578
9	0.00721	0.00603	0.00824	0.03355	0.05006	0.03523	0.02836	0.03307	0.00728	0.01024	0.01011	0.01576	0.00965	0.15547	0.44354	0.00447	0.10050	0.00436	0.03298	0.00389

[dist]
# distance from previous block
# <min> <max>
2	12

[block]
# block no. 2 follows, 66 sequences, length 7
# corresponding to MSA columns:
# 107-113
name=unknown_C
#
# <colnr> <probs for GDERKNQSTAVLIFYWHMCP>
#	G	D	E	R	K	N	Q	S	T	A	V	L	I	F	Y	W	H	M	C	P
0	0.03467	0.07447	0.19092	0.05870	0.24769	0.04850	0.04529	0.09964	0.02888	0.09694	0.00944	0.01055	0.02797	0.00419	0.00389	0.00122	0.00494	0.00354	0.00255	0.00599
1	0.04729	0.13328	0.01352	0.01086	0.07338	0.33680	0.07285	0.01469	0.12238	0.01179	0.02613	0.00962	0.00722	0.00518	0.02678	0.00132	0.07614	0.00329	0.00236	0.00512
2	0.11310	0.00686	0.00738	0.12220	0.01019	0.06508	0.00530	0.04057	0.04019	0.07627	0.04705	0.03800	0.05260	0.22619	0.00852	0.01572	0.02270	0.00461	0.05944	0.03805
3	0.04806	0.00619	0.02507	0.00791	0.08176	0.00596	0.02876	0.04069	0.07098	0.04622	0.20173	0.08887	0.23500	0.00887	0.04296	0.00160	0.02697	0.02438	0.00357	0.00447
4	0.00814	0.00591	0.00724	0.04179	0.00891	0.00525	0.00484	0.04331	0.04301	0.08423	0.19108	0.15033	0.08847	0.00671	0.00411	0.00112	0.00279	0.00578	0.00352	0.29345
5	0.00634	0.00489	0.00528	0.00508	0.00620	0.04197	0.00373	0.00764	0.00997	0.04969	0.34786	0.09529	0.31637	0.07446	0.00596	0.00153	0.00247	0.00763	0.00392	0.00371
6	0.01126	0.13705	0.07806	0.04211	0.09438	0.03308	0.07296	0.23891	0.04655	0.05237	0.00990	0.06266	0.00841	0.06336	0.00505	0.00139	0.00460	0.00410	0.00290	0.03090

[dist]
# distance from previous block
# <min> <max>
1	9

[block]
# block no. 3 follows, 66 sequences, length 8
# corresponding to MSA columns:
# 124-131
name=unknown_D
#
# <colnr> <probs for GDERKNQSTAVLIFYWHMCP>
#	G	D	E	R	K	N	Q	S	T	A	V	L	I	F	Y	W	H	M	C	P
0	0.03552	0.00576	0.02380	0.00625	0.00771	0.00571	0.00492	0.05332	0.10773	0.07667	0.27475	0.06474	0.08274	0.04252	0.18679	0.00254	0.00450	0.00592	0.00367	0.00445
1	0.00499	0.00403	0.00437	0.00445	0.00556	0.00348	0.00324	0.00604	0.00919	0.01142	0.13919	0.14173	0.58688	0.05028	0.00559	0.00151	0.00216	0.00866	0.00380	0.00341
2	0.00807	0.00465	0.00573	0.00532	0.00679	0.00407	0.00403	0.00939	0.01009	0.19707	0.23132	0.17135	0.30838	0.00901	0.00470	0.00137	0.00238	0.00776	0.00422	0.00429
3	0.05069	0.01071	0.01135	0.00887	0.01193	0.01187	0.00728	0.68794	0.08305	0.02398	0.01139	0.01123	0.04067	0.00509	0.00403	0.00124	0.00421	0.00387	0.00399	0.00662
4	0.00946	0.03125	0.27736	0.06127	0.38676	0.03157	0.05481	0.03748	0.00931	0.01313	0.00818	0.01005	0.02250	0.00387	0.00396	0.00122	0.00528	0.00349	0.00201	0.02703
5	0.00636	0.00515	0.00683	0.00666	0.00722	0.02844	0.00505	0.00737	0.00674	0.00937	0.01259	0.08969	0.05062	0.11796	0.48209	0.03537	0.11143	0.00517	0.00235	0.00352
6	0.01466	0.01789	0.01130	0.01018	0.01234	0.71813	0.00769	0.05489	0.09367	0.01138	0.00747	0.00822	0.00603	0.00435	0.00372	0.00109	0.00677	0.00286	0.00239	0.00498
7	0.01012	0.00933	0.01590	0.03766	0.58049	0.02630	0.11282	0.01251	0.00941	0.05918	0.03764	0.02961	0.00822	0.00479	0.02714	0.00139	0.00507	0.00409	0.00231	0.00602

[dist]
# distance from previous block
# <min> <max>
2	5

[block]
# block no. 4 follows, 66 sequences, length 6
# corresponding to MSA columns:
# 137-142
name=unknown_E
#
# <colnr> <probs for GDERKNQSTAVLIFYWHMCP>
#	G	D	E	R	K	N	Q	S	T	A	V	L	I	F	Y	W	H	M	C	P
0	0.07551	0.09589	0.01101	0.00797	0.01056	0.05569	0.02865	0.32598	0.09955	0.05338	0.10284	0.04995	0.05451	0.00564	0.00397	0.00123	0.00390	0.00449	0.00361	0.00566
1	0.00978	0.01017	0.06290	0.06778	0.64407	0.00966	0.05631	0.01298	0.06177	0.01330	0.00819	0.01038	0.00667	0.00376	0.00406	0.00124	0.00493	0.00371	0.00212	0.00624
2	0.00587	0.00404	0.00496	0.00496	0.00514	0.00422	0.00312	0.00624	0.00606	0.00826	0.01230	0.02385	0.01358	0.64668	0.22978	0.00459	0.00570	0.00550	0.00239	0.00275
3	0.00727	0.00585	0.00620	0.00581	0.00680	0.06282	0.00421	0.08611	0.00897	0.01159	0.11180	0.02357	0.17325	0.24079	0.18116	0.04651	0.00502	0.00570	0.00298	0.00360
4	0.09602	0.67946	0.07577	0.00722	0.01076	0.01476	0.00729	0.04966	0.00864	0.01136	0.00595	0.00681	0.00520	0.00359	0.00275	0.00095	0.00434	0.00230	0.00192	0.00526
5	0.00819	0.08935	0.00899	0.00642	0.00865	0.00691	0.00513	0.08357	0.00863	0.01231	0.01033	0.04919	0.03408	0.09260	0.20247	0.00250	0.02707	0.00390	0.00253	0.33716

[dist]
# distance from previous block
# <min> <max>
0	2

[block]
# block no. 5 follows, 66 sequences, length 21
# corresponding to MSA columns:
# 145-165
name=unknown_F
#
# <colnr> <probs for GDERKNQSTAVLIFYWHMCP>
#	G	D	E	R	K	N	Q	S	T	A	V	L	I	F	Y	W	H	M	C	P
0	0.25276	0.01088	0.02525	0.02301	0.20244	0.13147	0.06181	0.15551	0.01068	0.03989	0.00787	0.00975	0.00627	0.00427	0.00382	0.00124	0.01987	0.02507	0.00265	0.00551
1	0.00767	0.00769	0.05531	0.04675	0.22079	0.01914	0.09364	0.01019	0.04916	0.01296	0.15822	0.07844	0.14338	0.04860	0.00522	0.00144	0.00384	0.00584	0.02694	0.00478
2	0.00922	0.00813	0.04133	0.05084	0.24867	0.00787	0.05549	0.12940	0.05320	0.04261	0.02960	0.22272	0.06093	0.00678	0.00444	0.00136	0.00398	0.01499	0.00311	0.00532
3	0.00589	0.00397	0.00459	0.00457	0.00466	0.00398	0.00267	0.00607	0.00626	0.00843	0.06030	0.02624	0.01589	0.76692	0.06043	0.00391	0.00416	0.00591	0.00256	0.00260
4	0.05155	0.09243	0.05848	0.00956	0.01252	0.22412	0.04402	0.30633	0.05269	0.06637	0.00864	0.00915	0.00647	0.00451	0.00411	0.00118	0.03571	0.00327	0.00303	0.00585
5	0.00566	0.00412	0.00537	0.00522	0.00602	0.00399	0.00382	0.00717	0.00971	0.01356	0.51089	0.06903	0.08501	0.10662	0.14335	0.00245	0.00363	0.00698	0.00379	0.00359
6	0.01130	0.77202	0.02024	0.00731	0.01064	0.10227	0.00704	0.01257	0.00858	0.00959	0.00571	0.00659	0.00521	0.00355	0.00271	0.00089	0.00465	0.00222	0.00177	0.00515
7	0.00741	0.00641	0.00849	0.00763	0.00793	0.00801	0.00592	0.02071	0.00698	0.01005	0.04887	0.07905	0.07430	0.19483	0.02826	0.04136	0.40307	0.00522	0.01842	0.01709
8	0.00766	0.10155	0.03261	0.01907	0.05084	0.01756	0.01608	0.08874	0.04886	0.01293	0.09430	0.34787	0.09902	0.00864	0.00480	0.00140	0.03283	0.00745	0.00336	0.00442
9	0.02616	0.08917	0.05738	0.03107	0.13784	0.17789	0.00855	0.17018	0.13657	0.07222	0.00936	0.00999	0.00716	0.00453	0.00425	0.00121	0.04424	0.00341	0.00291	0.00590
10	0.05034	0.02076	0.02565	0.25927	0.07896	0.06098	0.16577	0.02215	0.00864	0.01167	0.01067	0.17141	0.01033	0.03225	0.01715	0.00153	0.01815	0.01708	0.01264	0.00459
11	0.00916	0.03012	0.11575	0.12139	0.39441	0.02460	0.03675	0.01284	0.10420	0.01318	0.05421	0.02641	0.03020	0.00450	0.00408	0.00126	0.00468	0.00410	0.00240	0.00577
12	0.19645	0.00658	0.00746	0.00611	0.00860	0.00626	0.00493	0.05425	0.01040	0.31041	0.15377	0.01714	0.10383	0.00569	0.00384	0.00121	0.00298	0.00455	0.00395	0.09159
13	0.00641	0.00493	0.00563	0.00555	0.00670	0.00479	0.00413	0.07637	0.06413	0.01308	0.14220	0.21436	0.30357	0.07149	0.00598	0.00162	0.00263	0.05869	0.00382	0.00390
14	0.01103	0.72412	0.01960	0.03599	0.01117	0.08821	0.00709	0.01237	0.00853	0.00975	0.00581	0.00680	0.00525	0.00354	0.00276	0.00089	0.00459	0.00227	0.00179	0.03845
15	0.00617	0.00507	0.02569	0.04708	0.00753	0.00466	0.00440	0.03849	0.03957	0.01384	0.39501	0.08901	0.20588	0.09220	0.00627	0.00159	0.00259	0.00724	0.00384	0.00386
16	0.06924	0.04958	0.64343	0.01103	0.02984	0.02475	0.02659	0.05148	0.00911	0.03805	0.00749	0.00861	0.00536	0.00391	0.00375	0.00126	0.00561	0.00301	0.00200	0.00590
17	0.01072	0.11202	0.11999	0.02227	0.10555	0.05452	0.04736	0.17142	0.04499	0.02962	0.00870	0.03278	0.00714	0.02855	0.00416	0.00115	0.00452	0.00345	0.00263	0.18845
18	0.02414	0.04477	0.00811	0.00708	0.02314	0.03332	0.00540	0.08780	0.02352	0.05603	0.02429	0.05743	0.04463	0.10379	0.31980	0.00352	0.06816	0.00471	0.05610	0.00427
19	0.04321	0.20693	0.23189	0.00906	0.01261	0.02277	0.05596	0.14271	0.06284	0.01444	0.04732	0.04635	0.04928	0.00501	0.00407	0.00122	0.03227	0.00393	0.00262	0.00549
20	0.02444	0.04624	0.06841	0.02497	0.07463	0.06748	0.04301	0.19585	0.10019	0.05136	0.04439	0.03546	0.02029	0.02804	0.00431	0.00121	0.00425	0.00390	0.00307	0.15852

[dist]
# distance from previous block
# <min> <max>
1	12

[block]
# block no. 6 follows, 66 sequences, length 13
# corresponding to MSA columns:
# 178-190
name=unknown_G
#
# <colnr> <probs for GDERKNQSTAVLIFYWHMCP>
#	G	D	E	R	K	N	Q	S	T	A	V	L	I	F	Y	W	H	M	C	P
0	0.03592	0.10958	0.18042	0.05498	0.13937	0.05473	0.10906	0.09819	0.01013	0.03494	0.03870	0.06350	0.00908	0.00490	0.00403	0.00126	0.00499	0.03822	0.00250	0.00549
1	0.06452	0.04485	0.12069	0.03737	0.24121	0.05558	0.00939	0.18745	0.04998	0.05660	0.03854	0.03513	0.00828	0.00454	0.00388	0.00121	0.00456	0.00375	0.00283	0.02963
2	0.00543	0.00384	0.00486	0.00539	0.00602	0.00353	0.00376	0.00634	0.00835	0.03785	0.07054	0.56781	0.19636	0.01255	0.04552	0.00179	0.00271	0.01008	0.00377	0.00349
3	0.00907	0.03700	0.03715	0.00783	0.00952	0.08284	0.04482	0.10042	0.03556	0.05375	0.14675	0.06011	0.06668	0.04742	0.16334	0.00241	0.08255	0.00513	0.00308	0.00459
4	0.08918	0.11461	0.20646	0.02768	0.18768	0.07020	0.05259	0.06280	0.03655	0.07667	0.03305	0.00988	0.00715	0.00409	0.00372	0.00120	0.00492	0.00334	0.00246	0.00577
5	0.05894	0.18923	0.13785	0.02815	0.13365	0.03911	0.08993	0.13431	0.01046	0.06560	0.00945	0.04835	0.02873	0.00451	0.00376	0.00119	0.00478	0.00375	0.00256	0.00568
6	0.00503	0.00364	0.00468	0.00541	0.00578	0.00337	0.00364	0.00579	0.00802	0.01062	0.07020	0.68748	0.10110	0.05744	0.00595	0.00172	0.00239	0.01072	0.00374	0.00329
7	0.09163	0.07182	0.21834	0.03316	0.08238	0.04243	0.13744	0.05955	0.03159	0.10629	0.00951	0.05355	0.00763	0.00462	0.00410	0.00128	0.01859	0.01786	0.00260	0.00562
8	0.01045	0.06892	0.16216	0.03656	0.22765	0.08288	0.09894	0.08038	0.04943	0.04305	0.02372	0.03758	0.02440	0.00455	0.00432	0.00125	0.03162	0.00393	0.00245	0.00575
9	0.00596	0.00459	0.00684	0.00675	0.00743	0.00547	0.00528	0.00738	0.00650	0.00944	0.01056	0.01555	0.00988	0.02915	0.79598	0.00626	0.05683	0.00430	0.00215	0.00367
10	0.14958	0.00603	0.00674	0.00605	0.00781	0.00614	0.00470	0.06367	0.09259	0.14859	0.21943	0.12008	0.07411	0.03006	0.00462	0.00140	0.00280	0.01904	0.03183	0.00475
11	0.01144	0.06205	0.22330	0.01132	0.09077	0.03806	0.06985	0.20190	0.02673	0.10575	0.02748	0.06403	0.00853	0.00496	0.00438	0.00127	0.03519	0.00409	0.00293	0.00595
12	0.04330	0.15810	0.14308	0.04467	0.15365	0.08489	0.08127	0.07362	0.06155	0.06653	0.02853	0.01477	0.01042	0.00646	0.00531	0.00184	0.00619	0.00458	0.00368	0.00757

[dist]
# distance from previous block
# <min> <max>
5	10

[block]
# block no. 7 follows, 66 sequences, length 8
# corresponding to MSA columns:
# 203,204,206-211
name=unknown_H
#
# <colnr> <probs for GDERKNQSTAVLIFYWHMCP>
#	G	D	E	R	K	N	Q	S	T	A	V	L	I	F	Y	W	H	M	C	P
0	0.03661	0.03764	0.01185	0.04995	0.21958	0.02820	0.00810	0.11488	0.14227	0.26091	0.04035	0.01242	0.00947	0.00469	0.00399	0.00124	0.00403	0.00393	0.00358	0.00631
1	0.04743	0.00554	0.00644	0.00587	0.00698	0.00585	0.00431	0.14609	0.00948	0.03116	0.11528	0.05503	0.04399	0.27287	0.17631	0.00313	0.00487	0.00539	0.05004	0.00394
2	0.12660	0.02447	0.00799	0.00687	0.00895	0.04668	0.00545	0.04295	0.16390	0.21480	0.06664	0.09986	0.06566	0.00801	0.05556	0.00166	0.00378	0.04113	0.00381	0.00523
3	0.00552	0.00406	0.00517	0.00506	0.00597	0.00371	0.00373	0.00716	0.01070	0.01482	0.62480	0.14566	0.13027	0.00914	0.00484	0.00134	0.00199	0.00806	0.00429	0.00371
4	0.00695	0.00496	0.00590	0.00562	0.00674	0.00499	0.00414	0.05792	0.06190	0.05314	0.08022	0.10394	0.23855	0.16604	0.17771	0.00288	0.00450	0.00663	0.00336	0.00389
5	0.00917	0.00823	0.04956	0.05942	0.06336	0.00647	0.00637	0.05132	0.00911	0.04420	0.00769	0.00894	0.00615	0.00332	0.00327	0.00077	0.00350	0.00271	0.00249	0.65395
6	0.07372	0.14686	0.07866	0.02880	0.08369	0.05055	0.05767	0.06265	0.09237	0.02792	0.05517	0.02933	0.09771	0.05921	0.00571	0.00166	0.02184	0.00481	0.00326	0.01841
7	0.13390	0.08153	0.16960	0.00854	0.03992	0.03496	0.00780	0.13710	0.04348	0.10990	0.05385	0.04342	0.00896	0.00466	0.00363	0.00116	0.00411	0.00362	0.00300	0.10685

[dist]
# distance from previous block
# <min> <max>
0	62

[block]
# block no. 8 follows, 66 sequences, length 25
# corresponding to MSA columns:
# 277-301
name=unknown_I
#
# <colnr> <probs for GDERKNQSTAVLIFYWHMCP>
#	G	D	E	R	K	N	Q	S	T	A	V	L	I	F	Y	W	H	M	C	P
0	0.00507	0.00405	0.00451	0.00453	0.00565	0.00352	0.00333	0.00626	0.00957	0.01214	0.23242	0.12822	0.52949	0.02665	0.00515	0.00143	0.00209	0.00854	0.00391	0.00349
1	0.00563	0.00421	0.00480	0.00471	0.00588	0.00374	0.00349	0.00705	0.02118	0.03609	0.26312	0.10046	0.45291	0.03153	0.01917	0.00151	0.00229	0.00804	0.02052	0.00366
2	0.00518	0.00413	0.00436	0.00436	0.00566	0.00350	0.00325	0.00624	0.00931	0.03091	0.08164	0.10398	0.70297	0.01024	0.00481	0.00138	0.00210	0.00863	0.00384	0.00352
3	0.00643	0.00501	0.00559	0.00525	0.00652	0.02193	0.00395	0.05001	0.04172	0.02628	0.39349	0.06860	0.30927	0.03159	0.00514	0.00139	0.00236	0.00747	0.00406	0.00395
4	0.35564	0.14073	0.01061	0.00707	0.00993	0.02652	0.00599	0.30132	0.01177	0.03447	0.00882	0.00925	0.03708	0.00441	0.00322	0.00118	0.00382	0.00303	0.01971	0.00542
5	0.02472	0.02408	0.22122	0.01078	0.01422	0.12629	0.15645	0.06557	0.20571	0.01416	0.02871	0.04292	0.00898	0.00501	0.00438	0.01974	0.00520	0.01357	0.00273	0.00558
6	0.00936	0.00915	0.01429	0.20840	0.54365	0.05114	0.01122	0.01168	0.00914	0.01234	0.02344	0.01222	0.05783	0.00424	0.00407	0.00124	0.00486	0.00393	0.00212	0.00568
7	0.00743	0.00600	0.00783	0.00784	0.05060	0.04643	0.03924	0.03661	0.01865	0.04622	0.03322	0.20421	0.07646	0.09316	0.26578	0.00324	0.04383	0.00630	0.00290	0.00403
8	0.01479	0.01734	0.06289	0.01023	0.01286	0.57143	0.00825	0.22717	0.01331	0.01423	0.00725	0.00803	0.00566	0.00434	0.00378	0.00111	0.00648	0.00291	0.00259	0.00536
9	0.00892	0.11009	0.04269	0.00808	0.03414	0.03236	0.06034	0.02740	0.02433	0.02371	0.05483	0.06448	0.00929	0.00507	0.02336	0.00109	0.05214	0.00366	0.00252	0.41149
10	0.18037	0.12900	0.10313	0.00868	0.04067	0.07483	0.02153	0.15399	0.01095	0.19362	0.00901	0.00923	0.00648	0.00419	0.00348	0.00116	0.00436	0.00308	0.00306	0.03917
11	0.01494	0.06265	0.01202	0.01024	0.01243	0.77613	0.00779	0.03756	0.01153	0.01033	0.00633	0.00734	0.00527	0.00416	0.00361	0.00104	0.00709	0.00262	0.00212	0.00479
12	0.00588	0.00402	0.00488	0.00488	0.00504	0.00418	0.00303	0.00619	0.00603	0.00820	0.01237	0.02424	0.01375	0.67749	0.19921	0.00450	0.00544	0.00556	0.00240	0.00271
13	0.00642	0.00384	0.00567	0.00572	0.00600	0.00408	0.00406	0.00604	0.00591	0.00814	0.00959	0.06645	0.00967	0.05018	0.31434	0.47873	0.00613	0.00440	0.00206	0.00256
14	0.01368	0.01469	0.01092	0.00959	0.01195	0.44045	0.00739	0.16335	0.25792	0.01489	0.00999	0.01011	0.00769	0.00470	0.00387	0.00118	0.00556	0.00340	0.00306	0.00562
15	0.82945	0.00794	0.00628	0.00553	0.00809	0.00913	0.00456	0.04016	0.00747	0.04331	0.00611	0.00692	0.00465	0.00384	0.00261	0.00125	0.00319	0.00230	0.00264	0.00456
16	0.00970	0.03923	0.02444	0.17148	0.14573	0.03292	0.10602	0.13100	0.01007	0.02904	0.04054	0.03153	0.02986	0.00734	0.08341	0.00181	0.09396	0.00420	0.00250	0.00521
17	0.00705	0.00352	0.00529	0.00529	0.00529	0.00352	0.00352	0.00529	0.00529	0.00705	0.00705	0.01233	0.00705	0.01409	0.01586	0.88196	0.00352	0.00352	0.00176	0.00176
18	0.00954	0.00911	0.02851	0.17068	0.38957	0.02366	0.10632	0.03780	0.03411	0.03157	0.02297	0.04013	0.00783	0.00489	0.02163	0.00139	0.02990	0.00412	0.02066	0.00563
19	0.01510	0.01062	0.01149	0.00886	0.01196	0.01163	0.00730	0.71986	0.01797	0.07405	0.01034	0.01032	0.00731	0.00487	0.00398	0.00120	0.00424	0.00369	0.05849	0.00671
20	0.00816	0.00931	0.14828	0.00984	0.10126	0.04281	0.04496	0.05276	0.02369	0.02683	0.18594	0.08719	0.04619	0.09710	0.02249	0.01701	0.06318	0.00543	0.00292	0.00465
21	0.00580	0.00435	0.00652	0.00652	0.00724	0.00507	0.00507	0.00724	0.00652	0.00942	0.01087	0.01594	0.01014	0.03043	0.84134	0.00652	0.01087	0.00435	0.00217	0.00362
22	0.00777	0.03719	0.07259	0.04218	0.09074	0.00735	0.01880	0.02258	0.16909	0.02543	0.16275	0.06322	0.19742	0.00703	0.00493	0.00135	0.05546	0.00588	0.00336	0.00487
23	0.00587	0.00422	0.00553	0.00549	0.00614	0.00441	0.00396	0.00681	0.00730	0.02128	0.08723	0.05658	0.13934	0.23463	0.35919	0.02414	0.01588	0.00590	0.00278	0.00331
24	0.01185	0.32928	0.04099	0.06181	0.05599	0.21875	0.03269	0.08569	0.08660	0.01222	0.00750	0.00851	0.00614	0.00409	0.00363	0.00109	0.02259	0.00294	0.00228	0.00538

[dist]
# distance from previous block
# <min> <max>
1	4

[block]
# block no. 9 follows, 66 sequences, length 30
# corresponding to MSA columns:
# 306-335
name=unknown_J
#
# <colnr> <probs for GDERKNQSTAVLIFYWHMCP>
#	G	D	E	R	K	N	Q	S	T	A	V	L	I	F	Y	W	H	M	C	P
0	0.28866	0.06624	0.03660	0.09087	0.13403	0.06483	0.10735	0.03319	0.03016	0.08573	0.00777	0.00911	0.00592	0.00398	0.00369	0.00124	0.01964	0.00319	0.00250	0.00529
1	0.02696	0.02608	0.12281	0.04696	0.09826	0.03108	0.13077	0.15104	0.16460	0.03557	0.01110	0.06604	0.01761	0.01777	0.00474	0.00136	0.03415	0.00443	0.00293	0.00577
2	0.00518	0.00398	0.00498	0.03476	0.00666	0.00372	0.00391	0.00638	0.02467	0.01126	0.11100	0.50857	0.23775	0.01117	0.00498	0.00152	0.00235	0.00990	0.00378	0.00349
3	0.01111	0.04153	0.15865	0.04092	0.13084	0.02843	0.01876	0.23214	0.20908	0.02855	0.02344	0.01195	0.02456	0.01683	0.00424	0.00130	0.00450	0.00388	0.00313	0.00617
4	0.78229	0.00800	0.02766	0.00556	0.00816	0.00873	0.00471	0.01219	0.00730	0.06495	0.00753	0.00820	0.03370	0.00407	0.00272	0.00126	0.00319	0.00255	0.00268	0.00455
5	0.03155	0.11368	0.15048	0.04687	0.11187	0.03967	0.07049	0.12905	0.11661	0.01485	0.07196	0.03001	0.00972	0.01719	0.00443	0.00129	0.02794	0.00398	0.00273	0.00563
6	0.00549	0.00418	0.00473	0.00459	0.00583	0.00363	0.00344	0.00684	0.01006	0.03486	0.31913	0.05938	0.50434	0.00951	0.00478	0.00134	0.00205	0.00810	0.00405	0.00366
7	0.03879	0.26042	0.06315	0.04700	0.17983	0.08944	0.03676	0.11502	0.03937	0.04621	0.00766	0.00887	0.00614	0.00409	0.00395	0.00114	0.04098	0.00311	0.00237	0.00570
8	0.00587	0.00417	0.00510	0.00512	0.00608	0.00383	0.00374	0.00751	0.03119	0.03772	0.37071	0.24513	0.20947	0.00959	0.00478	0.00138	0.00214	0.00841	0.03430	0.00376
9	0.01076	0.45539	0.02887	0.05853	0.10884	0.07962	0.08637	0.05601	0.00937	0.01149	0.02979	0.00871	0.00655	0.00423	0.01532	0.00113	0.01866	0.00300	0.00204	0.00532
10	0.00624	0.00443	0.00519	0.00488	0.00620	0.00395	0.00370	0.00798	0.03137	0.06737	0.40236	0.03276	0.39082	0.00890	0.00473	0.00132	0.00211	0.00760	0.00418	0.00391
11	0.00888	0.00888	0.01243	0.01065	0.01065	0.01243	0.00888	0.00976	0.00621	0.00976	0.00533	0.00888	0.00533	0.00710	0.01331	0.00178	0.84999	0.00355	0.00178	0.00444
12	0.00580	0.00434	0.00647	0.00647	0.00718	0.00504	0.00501	0.00721	0.00651	0.00938	0.01091	0.01620	0.01026	0.05067	0.82126	0.00646	0.01070	0.00438	0.00218	0.00359
13	0.00584	0.00419	0.00572	0.00572	0.00617	0.00464	0.00408	0.00673	0.00628	0.00883	0.01160	0.01997	0.01189	0.34458	0.52958	0.00554	0.00823	0.00494	0.00228	0.00318
14	0.00814	0.02099	0.83640	0.01156	0.01756	0.00942	0.01499	0.01285	0.00857	0.01285	0.00728	0.00857	0.00514	0.00385	0.00385	0.00128	0.00600	0.00300	0.00171	0.00600
15	0.02814	0.70138	0.13440	0.00766	0.01142	0.03889	0.00804	0.01236	0.00836	0.01019	0.00589	0.00682	0.00518	0.00355	0.00281	0.00094	0.00463	0.00230	0.00176	0.00529
16	0.88607	0.00785	0.00596	0.00534	0.00785	0.00910	0.00439	0.01193	0.00690	0.01820	0.00565	0.00659	0.00439	0.00377	0.00251	0.00126	0.00314	0.00220	0.00251	0.00439
17	0.01516	0.01934	0.01150	0.01045	0.01254	0.84113	0.00784	0.01620	0.01150	0.00993	0.00627	0.00732	0.00523	0.00418	0.00366	0.00105	0.00732	0.00261	0.00209	0.00470
18	0.00575	0.00414	0.00539	0.00508	0.00601	0.00383	0.00379	0.00760	0.01131	0.01601	0.80450	0.03019	0.03755	0.03476	0.00528	0.00136	0.00198	0.00729	0.00440	0.00379
19	0.02260	0.00891	0.01175	0.37377	0.09975	0.06673	0.02991	0.16710	0.05147	0.01440	0.05141	0.01327	0.06191	0.00485	0.00411	0.00129	0.00480	0.00412	0.00267	0.00519
20	0.00544	0.00377	0.00470	0.00519	0.00536	0.00368	0.00331	0.00589	0.00695	0.00928	0.01772	0.43803	0.02083	0.38559	0.04082	0.00283	0.00338	0.03115	0.00313	0.00295
21	0.01161	0.01260	0.03715	0.02980	0.33956	0.25914	0.06837	0.05741	0.02181	0.03060	0.02852	0.02486	0.01779	0.00441	0.00438	0.00121	0.03914	0.00370	0.00234	0.00560
22	0.02575	0.00783	0.00846	0.00723	0.00901	0.02266	0.00554	0.25800	0.18438	0.04565	0.01220	0.01588	0.01046	0.22202	0.05333	0.00222	0.03334	0.00443	0.06649	0.00511
23	0.07650	0.08868	0.12695	0.02228	0.10145	0.11207	0.03130	0.13058	0.08973	0.03789	0.03465	0.01083	0.01844	0.01674	0.00459	0.00127	0.05945	0.00353	0.02753	0.00554
24	0.00970	0.07375	0.27028	0.01704	0.39538	0.00984	0.02401	0.03012	0.01947	0.04289	0.00830	0.03912	0.00683	0.00421	0.00422	0.00125	0.03177	0.00364	0.00213	0.00605
25	0.01064	0.14576	0.19344	0.02466	0.15758	0.03711	0.04733	0.12752	0.05011	0.05607	0.02998	0.03083	0.00796	0.02837	0.00428	0.00126	0.00476	0.00366	0.00258	0.03611
26	0.01879	0.00553	0.04240	0.00595	0.02823	0.01544	0.00450	0.00818	0.05169	0.01336	0.33279	0.13374	0.22660	0.05741	0.00555	0.00148	0.00257	0.00735	0.00375	0.03469
27	0.03558	0.11877	0.22865	0.01122	0.09404	0.16567	0.04502	0.12372	0.02205	0.01387	0.02023	0.00973	0.03022	0.00424	0.00385	0.00115	0.01761	0.00326	0.00234	0.04878
28	0.06631	0.09777	0.18758	0.00941	0.03531	0.03061	0.08064	0.14399	0.02257	0.05752	0.05087	0.10803	0.03550	0.01769	0.00432	0.00130	0.01391	0.00461	0.00287	0.02918
29	0.07012	0.05034	0.13101	0.00978	0.04394	0.07321	0.06701	0.22065	0.14134	0.03824	0.07144	0.01278	0.04248	0.00495	0.00397	0.00125	0.00449	0.00402	0.00319	0.00579

[dist]
# distance from previous block
# <min> <max>
1	18

[block]
# block no. 10 follows, 66 sequences, length 49
# corresponding to MSA columns:
# 354-402
name=unknown_K
#
# <colnr> <probs for GDERKNQSTAVLIFYWHMCP>
#	G	D	E	R	K	N	Q	S	T	A	V	L	I	F	Y	W	H	M	C	P
0	0.05398	0.09363	0.05822	0.02388	0.10309	0.10081	0.02073	0.33616	0.07293	0.01779	0.01895	0.02983	0.01995	0.00474	0.00397	0.00120	0.01719	0.00366	0.00307	0.01622
1	0.07174	0.34236	0.06753	0.01941	0.04023	0.07798	0.02682	0.15246	0.04331	0.07918	0.03769	0.00933	0.00737	0.00420	0.00339	0.00109	0.00451	0.00308	0.00269	0.00563
2	0.00668	0.00473	0.00563	0.00510	0.00668	0.00404	0.00390	0.00818	0.01006	0.07668	0.31932	0.06894	0.31898	0.00834	0.00454	0.00125	0.00228	0.02234	0.00394	0.11839
3	0.00642	0.01536	0.00569	0.00516	0.00637	0.00423	0.00392	0.03282	0.01100	0.05182	0.54219	0.07342	0.20906	0.00864	0.00473	0.00131	0.00215	0.00750	0.00425	0.00396
4	0.03310	0.11392	0.02568	0.01078	0.12659	0.25814	0.01819	0.10823	0.04948	0.07509	0.09894	0.03390	0.01054	0.00488	0.00383	0.00115	0.00488	0.00382	0.01349	0.00539
5	0.01123	0.02211	0.00961	0.02863	0.09599	0.00817	0.00636	0.18987	0.12281	0.15068	0.04815	0.02734	0.03091	0.18210	0.00782	0.00183	0.03032	0.00466	0.01600	0.00540
6	0.00480	0.00408	0.00414	0.00418	0.00550	0.00342	0.00312	0.00581	0.00918	0.01093	0.04020	0.07841	0.79168	0.01039	0.00481	0.00138	0.00207	0.00871	0.00377	0.00342
7	0.03218	0.02505	0.02426	0.07733	0.28704	0.20414	0.04096	0.12911	0.01123	0.10337	0.00840	0.00969	0.00642	0.00417	0.00408	0.00120	0.01946	0.00342	0.00263	0.00586
8	0.01144	0.07387	0.17581	0.04246	0.17108	0.08728	0.11377	0.11760	0.04810	0.09078	0.00890	0.01022	0.00672	0.01906	0.00426	0.00127	0.00526	0.00358	0.00259	0.00594
9	0.00798	0.00547	0.02140	0.00636	0.00771	0.00507	0.04306	0.03150	0.06564	0.12707	0.10720	0.23495	0.12438	0.15640	0.03527	0.00202	0.00337	0.00727	0.00365	0.00421
10	0.00826	0.06040	0.79809	0.01135	0.01722	0.00973	0.01461	0.01282	0.00855	0.01269	0.00720	0.00847	0.00514	0.00384	0.00380	0.00127	0.00592	0.00296	0.00171	0.00596
11	0.02605	0.13981	0.01323	0.03693	0.09480	0.31724	0.01764	0.13329	0.09634	0.05090	0.01991	0.00942	0.00702	0.00437	0.00382	0.00113	0.01666	0.00320	0.00269	0.00554
12	0.03045	0.14708	0.17574	0.01281	0.17677	0.09256	0.07812	0.08769	0.02790	0.10095	0.00914	0.01006	0.02471	0.00414	0.00379	0.00118	0.00508	0.00342	0.00252	0.00588
13	0.00610	0.00432	0.00538	0.00558	0.01870	0.00432	0.00375	0.00726	0.04004	0.02712	0.08570	0.16329	0.11125	0.32592	0.14030	0.01723	0.00432	0.02301	0.00308	0.00333
14	0.00869	0.05482	0.50526	0.01149	0.01627	0.00971	0.14099	0.01393	0.13199	0.01340	0.02781	0.01126	0.00761	0.00430	0.00405	0.00131	0.00549	0.02355	0.00225	0.00584
15	0.00903	0.04072	0.10850	0.06326	0.12459	0.11069	0.04590	0.02592	0.05551	0.04612	0.03408	0.19383	0.04898	0.03551	0.00488	0.00143	0.00443	0.03889	0.00285	0.00487
16	0.03595	0.11006	0.22296	0.02784	0.21904	0.08109	0.05248	0.10687	0.01010	0.03090	0.00777	0.01977	0.00624	0.01708	0.00438	0.00126	0.03481	0.00337	0.00225	0.00579
17	0.00525	0.00396	0.00489	0.00534	0.00608	0.00363	0.00386	0.00650	0.02177	0.01178	0.16668	0.42530	0.23654	0.01109	0.00503	0.00152	0.00232	0.07108	0.00389	0.00350
18	0.02752	0.18099	0.02411	0.02826	0.00971	0.10421	0.05801	0.06002	0.00991	0.01246	0.14853	0.12783	0.13929	0.03566	0.00468	0.00133	0.00386	0.01620	0.00303	0.00439
19	0.04430	0.05438	0.17013	0.07598	0.16234	0.07144	0.00925	0.08976	0.04529	0.09080	0.09029	0.03550	0.02337	0.01470	0.00416	0.00127	0.00455	0.00407	0.00284	0.00558
20	0.03144	0.05136	0.05508	0.01308	0.16557	0.07046	0.11617	0.33552	0.05510	0.03717	0.00922	0.02508	0.00709	0.00443	0.00403	0.00123	0.00496	0.00379	0.00303	0.00620
21	0.00584	0.00395	0.00446	0.00444	0.00456	0.00390	0.00256	0.00598	0.00634	0.00844	0.05409	0.02737	0.05773	0.77256	0.01906	0.00367	0.00374	0.00611	0.00262	0.00257
22	0.03930	0.04324	0.01162	0.04148	0.01236	0.25797	0.08571	0.12425	0.15942	0.04929	0.06762	0.04497	0.01045	0.02899	0.00448	0.00130	0.00499	0.00417	0.00308	0.00530
23	0.09072	0.19852	0.13496	0.04789	0.06657	0.19628	0.04395	0.02360	0.03313	0.01201	0.03468	0.02664	0.00725	0.00542	0.03952	0.00138	0.02699	0.00325	0.00217	0.00508
24	0.00508	0.00365	0.00485	0.00576	0.00609	0.00342	0.00399	0.00590	0.00795	0.01053	0.02283	0.75991	0.04983	0.01251	0.00520	0.00166	0.00247	0.08126	0.00376	0.00334
25	0.01516	0.01909	0.01152	0.01042	0.01254	0.81524	0.00784	0.04127	0.01173	0.01042	0.00638	0.00739	0.00528	0.00420	0.00367	0.00105	0.00723	0.00265	0.00215	0.00477
26	0.00897	0.08046	0.50819	0.01265	0.03222	0.01014	0.21267	0.01315	0.03249	0.02671	0.00778	0.00931	0.00572	0.00383	0.00415	0.00128	0.01907	0.00346	0.00193	0.00582
27	0.05255	0.06475	0.01480	0.05643	0.34299	0.11214	0.10410	0.02813	0.12925	0.01338	0.00947	0.01127	0.02276	0.00422	0.00396	0.00123	0.00497	0.01543	0.00243	0.00575
28	0.04372	0.02854	0.11846	0.01195	0.06580	0.00911	0.25373	0.11218	0.03476	0.04004	0.05876	0.06764	0.00998	0.00737	0.08285	0.00182	0.04059	0.00467	0.00268	0.00534
29	0.00590	0.00393	0.00442	0.00442	0.00442	0.00393	0.00246	0.00590	0.00590	0.00787	0.01278	0.02655	0.01475	0.85742	0.02065	0.00393	0.00393	0.00590	0.00246	0.00246
30	0.01048	0.00951	0.01597	0.03934	0.76170	0.00952	0.01203	0.03014	0.00954	0.05096	0.00805	0.01022	0.00658	0.00371	0.00402	0.00121	0.00476	0.00364	0.00219	0.00642
31	0.05008	0.01280	0.01121	0.01040	0.06668	0.35205	0.05144	0.14372	0.03595	0.06219	0.02325	0.11039	0.00930	0.00590	0.01933	0.00132	0.02164	0.00429	0.00289	0.00518
32	0.00494	0.00353	0.00471	0.00565	0.00588	0.00330	0.00377	0.00565	0.00777	0.01036	0.02236	0.85477	0.02683	0.01271	0.00518	0.00165	0.00235	0.01153	0.00377	0.00330
33	0.00766	0.00721	0.01217	0.84767	0.02794	0.00901	0.01127	0.01037	0.00811	0.01037	0.00721	0.01082	0.00541	0.00406	0.00406	0.00135	0.00541	0.00361	0.00180	0.00451
34	0.00766	0.00721	0.01217	0.84767	0.02794	0.00901	0.01127	0.01037	0.00811	0.01037	0.00721	0.01082	0.00541	0.00406	0.00406	0.00135	0.00541	0.00361	0.00180	0.00451
35	0.00749	0.00719	0.01296	0.29880	0.07521	0.00750	0.20856	0.00973	0.00854	0.01139	0.02341	0.24190	0.03161	0.00640	0.00454	0.00140	0.00469	0.00620	0.00251	0.02997
36	0.00500	0.00357	0.00477	0.00571	0.00597	0.00334	0.00386	0.00574	0.00782	0.01042	0.02233	0.82787	0.02672	0.01266	0.00519	0.00166	0.00240	0.03791	0.00377	0.00331
37	0.00841	0.00721	0.00841	0.00601	0.00961	0.00541	0.00481	0.01022	0.00841	0.01322	0.00721	0.00841	0.00601	0.00300	0.00300	0.00060	0.00300	0.00240	0.00240	0.88222
38	0.00546	0.00414	0.00503	0.00481	0.00589	0.00371	0.00361	0.00711	0.01082	0.01469	0.59498	0.03291	0.27425	0.00888	0.00479	0.00130	0.00196	0.00770	0.00426	0.00371
39	0.01100	0.01019	0.00962	0.00859	0.01090	0.11505	0.00667	0.06128	0.68135	0.01652	0.01488	0.01388	0.01120	0.00531	0.00407	0.00133	0.00379	0.00429	0.00387	0.00623
40	0.00785	0.00741	0.01252	0.78091	0.09319	0.00906	0.01136	0.01054	0.00820	0.01060	0.00725	0.01075	0.00549	0.00402	0.00405	0.00134	0.00536	0.00361	0.00182	0.00466
41	0.01540	0.01055	0.01158	0.00896	0.01210	0.01147	0.00737	0.67562	0.04280	0.12791	0.01101	0.02782	0.00788	0.00507	0.00409	0.00124	0.00425	0.00390	0.00418	0.00681
42	0.00987	0.00946	0.01615	0.08549	0.77289	0.00959	0.01236	0.01230	0.00916	0.01304	0.00760	0.01010	0.00635	0.00365	0.00402	0.00122	0.00486	0.00361	0.00199	0.00629
43	0.00522	0.00414	0.00470	0.00459	0.00579	0.00362	0.00347	0.00663	0.01016	0.01315	0.36205	0.03564	0.48883	0.00949	0.00481	0.00134	0.00204	0.02669	0.00405	0.00360
44	0.01347	0.01655	0.04009	0.02937	0.01491	0.54206	0.18663	0.07336	0.01138	0.01184	0.00699	0.00843	0.00556	0.00409	0.00410	0.00115	0.01955	0.00321	0.00220	0.00506
45	0.00705	0.00352	0.00529	0.00529	0.00529	0.00352	0.00352	0.00529	0.00529	0.00705	0.00705	0.01233	0.00705	0.01409	0.01586	0.88196	0.00352	0.00352	0.00176	0.00176
46	0.88607	0.00785	0.00596	0.00534	0.00785	0.00910	0.00439	0.01193	0.00690	0.01820	0.00565	0.00659	0.00439	0.00377	0.00251	0.00126	0.00314	0.00220	0.00251	0.00439
47	0.01089	0.02819	0.01599	0.06166	0.57340	0.06222	0.06204	0.11068	0.01052	0.01431	0.00778	0.00986	0.00632	0.00381	0.00402	0.00121	0.00508	0.00360	0.00225	0.00620
48	0.17163	0.00766	0.00917	0.00716	0.01021	0.00739	0.00592	0.12399	0.01176	0.58318	0.01334	0.01199	0.00863	0.00478	0.00380	0.00125	0.00353	0.00369	0.00445	0.00646

[dist]
# distance from previous block
# <min> <max>
0	3

[block]
# block no. 11 follows, 66 sequences, length 9
# corresponding to MSA columns:
# 406-414
name=unknown_L
#
# <colnr> <probs for GDERKNQSTAVLIFYWHMCP>
#	G	D	E	R	K	N	Q	S	T	A	V	L	I	F	Y	W	H	M	C	P
0	0.00580	0.00435	0.00652	0.00652	0.00724	0.00507	0.00507	0.00724	0.00652	0.00942	0.01087	0.01594	0.01014	0.03043	0.84134	0.00652	0.01087	0.00435	0.00217	0.00362
1	0.00914	0.00772	0.01286	0.59105	0.20247	0.00887	0.01104	0.01168	0.00868	0.08597	0.00810	0.01092	0.00605	0.00405	0.00405	0.00131	0.00510	0.00365	0.00214	0.00515
2	0.00493	0.00357	0.00466	0.00553	0.00585	0.00331	0.00372	0.00566	0.00788	0.01040	0.02376	0.79386	0.08684	0.01253	0.00515	0.00163	0.00233	0.01131	0.00377	0.00331
3	0.88607	0.00785	0.00596	0.00534	0.00785	0.00910	0.00439	0.01193	0.00690	0.01820	0.00565	0.00659	0.00439	0.00377	0.00251	0.00126	0.00314	0.00220	0.00251	0.00439
4	0.01084	0.00993	0.01606	0.09118	0.45919	0.01027	0.12469	0.17278	0.03735	0.01553	0.00838	0.01034	0.00659	0.00394	0.00414	0.00125	0.00503	0.00382	0.00247	0.00622
5	0.01165	0.70689	0.01955	0.00748	0.01080	0.09017	0.00709	0.08584	0.00952	0.01104	0.00607	0.00687	0.00536	0.00366	0.00283	0.00092	0.00462	0.00234	0.00198	0.00532
6	0.01068	0.00612	0.00749	0.00627	0.00827	0.00584	0.00498	0.14771	0.01252	0.24209	0.36678	0.02342	0.12666	0.00707	0.00447	0.00127	0.00279	0.00598	0.00446	0.00514
7	0.07545	0.00684	0.00801	0.00663	0.00892	0.03686	0.00530	0.06641	0.04283	0.38155	0.27446	0.01871	0.03835	0.00608	0.00419	0.00126	0.00310	0.00503	0.00443	0.00556
8	0.14809	0.01231	0.13945	0.01025	0.04923	0.18279	0.11607	0.03176	0.00956	0.07452	0.04107	0.01253	0.08201	0.00538	0.02012	0.00137	0.05197	0.00388	0.00258	0.00507

[dist]
# distance from previous block
# <min> <max>
0	6

# created by:
# /st0/software/busco_prod/Augustus/scripts/msa2prfl.pl ./align_prep/34835.fa
