[name]
unknown

[dist]
# distance from previous block
# <min> <max>
0	404

[block]
# block no. 0 follows, 70 sequences, length 10
# corresponding to MSA columns:
# 440-449
name=unknown_A
#
# <colnr> <probs for GDERKNQSTAVLIFYWHMCP>
#	G	D	E	R	K	N	Q	S	T	A	V	L	I	F	Y	W	H	M	C	P
0	0.01281	0.01591	0.00986	0.00906	0.01086	0.70056	0.00677	0.01384	0.01067	0.00994	0.05879	0.05200	0.06286	0.00501	0.00370	0.00106	0.00612	0.00356	0.00232	0.00430
1	0.01112	0.71150	0.01861	0.00725	0.01032	0.16723	0.00679	0.01231	0.00844	0.00919	0.00550	0.00636	0.00498	0.00344	0.00267	0.00086	0.00466	0.00215	0.00172	0.00489
2	0.00607	0.00491	0.00653	0.00638	0.00699	0.03611	0.00487	0.00724	0.00631	0.00886	0.01010	0.01574	0.00976	0.13025	0.65979	0.00543	0.06494	0.00423	0.00208	0.00341
3	0.01267	0.00937	0.00976	0.00799	0.01056	0.04453	0.00643	0.39811	0.27223	0.08936	0.01201	0.01162	0.00873	0.00482	0.00378	0.00118	0.00370	0.00378	0.08328	0.00609
4	0.01316	0.17053	0.09568	0.00938	0.01213	0.51076	0.02617	0.03923	0.01033	0.06888	0.00678	0.00756	0.00537	0.00390	0.00340	0.00102	0.00600	0.00263	0.00215	0.00493
5	0.01095	0.04020	0.01201	0.04580	0.01203	0.37624	0.05886	0.01215	0.00866	0.00980	0.03304	0.00887	0.00629	0.00595	0.03723	0.00147	0.31093	0.00318	0.00194	0.00439
6	0.00572	0.00434	0.00625	0.00615	0.00670	0.00508	0.00467	0.00686	0.00612	0.00879	0.01036	0.01639	0.01010	0.15516	0.67449	0.00560	0.05745	0.00434	0.00210	0.00334
7	0.00501	0.00393	0.00455	0.00459	0.00565	0.00348	0.00347	0.00631	0.00944	0.01220	0.30267	0.10112	0.44811	0.00944	0.00466	0.00133	0.00205	0.06475	0.00382	0.00341
8	0.00825	0.00816	0.01210	0.04026	0.04011	0.01078	0.06270	0.00943	0.00667	0.01007	0.06420	0.01052	0.00759	0.02455	0.01113	0.00165	0.66184	0.00378	0.00192	0.00429
9	0.03357	0.00890	0.00935	0.02636	0.01077	0.03100	0.00642	0.16991	0.57012	0.06896	0.01384	0.01294	0.01021	0.00501	0.00388	0.00127	0.00345	0.00406	0.00385	0.00612

[dist]
# distance from previous block
# <min> <max>
0	1

[block]
# block no. 1 follows, 70 sequences, length 51
# corresponding to MSA columns:
# 451-501
name=unknown_B
#
# <colnr> <probs for GDERKNQSTAVLIFYWHMCP>
#	G	D	E	R	K	N	Q	S	T	A	V	L	I	F	Y	W	H	M	C	P
0	0.50863	0.10263	0.00953	0.06275	0.06119	0.06783	0.02397	0.04289	0.02195	0.01496	0.00612	0.00734	0.00489	0.00380	0.00319	0.00117	0.03563	0.00251	0.01442	0.00457
1	0.00991	0.01013	0.15813	0.02127	0.07181	0.00850	0.05708	0.24532	0.07833	0.05383	0.11805	0.04551	0.08084	0.00551	0.00421	0.00124	0.01703	0.00465	0.00322	0.00544
2	0.00643	0.00525	0.00656	0.03060	0.00779	0.02992	0.02703	0.03172	0.01853	0.01104	0.06091	0.39890	0.01798	0.08978	0.04529	0.00176	0.01576	0.03059	0.00305	0.16112
3	0.05716	0.00721	0.00822	0.00600	0.00934	0.00590	0.00483	0.07219	0.00886	0.04795	0.00734	0.00825	0.00588	0.00313	0.00296	0.00068	0.00300	0.00244	0.00253	0.73614
4	0.00818	0.00835	0.01494	0.01131	0.01404	0.02330	0.42948	0.02975	0.11292	0.01296	0.10510	0.01742	0.14041	0.02044	0.01985	0.00143	0.01724	0.00531	0.00277	0.00479
5	0.01132	0.01073	0.05104	0.04008	0.37544	0.08582	0.08003	0.17990	0.05630	0.05866	0.00850	0.00979	0.00652	0.00393	0.00388	0.00117	0.00483	0.00352	0.00258	0.00596
6	0.00722	0.00666	0.00857	0.00776	0.00828	0.06308	0.03023	0.00821	0.00648	0.00903	0.00888	0.04147	0.00895	0.15411	0.32278	0.00365	0.29468	0.00426	0.00203	0.00366
7	0.00500	0.00394	0.00451	0.00437	0.00550	0.00345	0.00328	0.00638	0.00983	0.01284	0.41206	0.03341	0.46373	0.00893	0.00458	0.00127	0.00190	0.00764	0.00391	0.00345
8	0.00899	0.00827	0.02821	0.45775	0.11371	0.00922	0.07018	0.09398	0.13031	0.02813	0.00871	0.01078	0.00653	0.00408	0.00393	0.00126	0.00478	0.00367	0.00236	0.00515
9	0.01448	0.01848	0.01099	0.00999	0.01199	0.84819	0.00749	0.01548	0.01099	0.00949	0.00599	0.00699	0.00499	0.00400	0.00350	0.00100	0.00699	0.00250	0.00200	0.00449
10	0.00798	0.00559	0.00685	0.05425	0.04918	0.00542	0.00491	0.10525	0.03083	0.10809	0.22263	0.02579	0.34310	0.00742	0.00433	0.00125	0.00269	0.00626	0.00375	0.00441
11	0.00965	0.11526	0.32454	0.04768	0.10427	0.04536	0.07818	0.05095	0.00927	0.08788	0.03669	0.01129	0.03927	0.00425	0.00375	0.00118	0.00491	0.01787	0.00231	0.00545
12	0.01332	0.03277	0.06080	0.03938	0.04381	0.63634	0.04403	0.01475	0.01044	0.04586	0.00684	0.02117	0.00560	0.00407	0.00360	0.00106	0.00646	0.00287	0.00210	0.00473
13	0.02044	0.00785	0.01057	0.02976	0.03445	0.00711	0.11267	0.05036	0.14815	0.03558	0.00884	0.00972	0.00691	0.00351	0.00340	0.00088	0.00357	0.00310	0.00265	0.50049
14	0.00585	0.00450	0.00611	0.00576	0.00678	0.00433	0.03939	0.00819	0.07363	0.01405	0.52609	0.17328	0.05126	0.02090	0.00485	0.00136	0.00231	0.04362	0.00395	0.00380
15	0.00833	0.13035	0.61491	0.01026	0.01521	0.00970	0.04983	0.04633	0.00873	0.01247	0.03799	0.00939	0.02197	0.00393	0.00362	0.00118	0.00528	0.00312	0.00188	0.00552
16	0.89114	0.00750	0.00570	0.00510	0.00750	0.00870	0.00420	0.01140	0.00660	0.01739	0.00540	0.00630	0.00420	0.00360	0.00240	0.00120	0.00300	0.00210	0.00240	0.00420
17	0.00554	0.00415	0.00623	0.00623	0.00692	0.00485	0.00485	0.00692	0.00623	0.00900	0.01038	0.01523	0.00969	0.02908	0.84839	0.00623	0.01038	0.00415	0.00208	0.00346
18	0.00804	0.00689	0.00804	0.00574	0.00919	0.00517	0.00459	0.00976	0.00804	0.01263	0.00689	0.00804	0.00574	0.00287	0.00287	0.00057	0.00287	0.00230	0.00230	0.88745
19	0.00980	0.00980	0.01490	0.10593	0.68426	0.08389	0.01139	0.01202	0.00891	0.01211	0.00714	0.00944	0.00594	0.00354	0.00381	0.00115	0.00487	0.00337	0.00191	0.00581
20	0.00472	0.00337	0.00450	0.00540	0.00562	0.00315	0.00360	0.00540	0.00742	0.00990	0.02137	0.86122	0.02564	0.01215	0.00495	0.00157	0.00225	0.01102	0.00360	0.00315
21	0.00991	0.01052	0.04234	0.01554	0.06927	0.02984	0.64268	0.02679	0.02220	0.06734	0.00834	0.01046	0.00619	0.00351	0.00452	0.00128	0.01733	0.00433	0.00220	0.00539
22	0.00909	0.00980	0.08150	0.18466	0.59951	0.02444	0.01179	0.01161	0.00861	0.01204	0.00716	0.00958	0.00583	0.00356	0.00383	0.00118	0.00485	0.00339	0.00186	0.00572
23	0.00472	0.00337	0.00450	0.00540	0.00562	0.00315	0.00360	0.00540	0.00742	0.00990	0.02137	0.86122	0.02564	0.01215	0.00495	0.00157	0.00225	0.01102	0.00360	0.00315
24	0.00675	0.00569	0.00779	0.00829	0.09604	0.00663	0.00549	0.00746	0.00652	0.00914	0.01198	0.09833	0.04907	0.34944	0.04246	0.00259	0.24574	0.03474	0.00233	0.00349
25	0.00954	0.05784	0.19875	0.12017	0.13314	0.05889	0.20406	0.08912	0.00939	0.01268	0.00716	0.00915	0.00553	0.00388	0.00451	0.00124	0.06414	0.00346	0.00200	0.00536
26	0.00524	0.00431	0.04531	0.00574	0.00634	0.00354	0.00425	0.00616	0.00763	0.03126	0.02082	0.75662	0.03905	0.01146	0.00487	0.00155	0.00248	0.03646	0.00353	0.00338
27	0.00960	0.00921	0.01574	0.02380	0.83957	0.00921	0.01190	0.01190	0.00883	0.01267	0.00729	0.00960	0.00614	0.00345	0.00384	0.00115	0.00461	0.00345	0.00192	0.00614
28	0.02028	0.03990	0.39009	0.09475	0.14062	0.02207	0.07247	0.02993	0.00896	0.13227	0.00824	0.00942	0.00590	0.00381	0.00377	0.00121	0.00512	0.00326	0.00223	0.00570
29	0.00931	0.05761	0.11424	0.11970	0.24788	0.03354	0.20837	0.01214	0.03186	0.05636	0.00860	0.05629	0.00711	0.00414	0.00410	0.00123	0.01598	0.00401	0.00216	0.00537
30	0.00907	0.01022	0.02156	0.01560	0.01906	0.01005	0.72777	0.01205	0.00877	0.01205	0.00751	0.01022	0.00579	0.00369	0.00555	0.00135	0.10822	0.00443	0.00193	0.00511
31	0.00544	0.00432	0.00493	0.00471	0.00591	0.00400	0.00355	0.00767	0.08029	0.01335	0.41188	0.03144	0.39123	0.00854	0.00452	0.00127	0.00199	0.00731	0.00394	0.00370
32	0.03716	0.04345	0.07450	0.04157	0.11535	0.05370	0.08563	0.10759	0.01062	0.28175	0.03781	0.02821	0.00910	0.00502	0.01469	0.00128	0.00439	0.03926	0.00324	0.00568
33	0.00998	0.07538	0.06768	0.07152	0.37877	0.05003	0.13942	0.02929	0.02026	0.06644	0.00831	0.04140	0.00684	0.00398	0.00397	0.00119	0.01398	0.00377	0.00220	0.00559
34	0.00752	0.00680	0.00915	0.00819	0.00864	0.02303	0.00659	0.03893	0.01715	0.00976	0.00828	0.01254	0.01964	0.07116	0.31484	0.00343	0.42451	0.00389	0.00202	0.00394
35	0.01531	0.00782	0.00988	0.03213	0.01102	0.02646	0.03404	0.16375	0.07671	0.53208	0.01376	0.01257	0.01814	0.00476	0.00389	0.00120	0.00366	0.00388	0.02263	0.00630
36	0.00957	0.00785	0.00815	0.00750	0.02965	0.04445	0.00568	0.12588	0.43617	0.01619	0.06272	0.03717	0.04919	0.00558	0.00385	0.00123	0.00313	0.01538	0.12524	0.00540
37	0.00954	0.00858	0.01330	0.05651	0.43406	0.00879	0.06663	0.01395	0.21032	0.04427	0.01032	0.01184	0.01968	0.00412	0.00389	0.00119	0.00418	0.01617	0.00259	0.06008
38	0.03403	0.00686	0.00826	0.03760	0.00991	0.00548	0.00499	0.01124	0.00847	0.14254	0.00816	0.00888	0.00628	0.00323	0.00306	0.00072	0.00303	0.00259	0.00267	0.69202
39	0.00561	0.00399	0.00545	0.00547	0.00592	0.00442	0.00392	0.00652	0.00609	0.00865	0.01121	0.02975	0.01141	0.31402	0.53135	0.00518	0.00778	0.00474	0.02543	0.00308
40	0.82083	0.00753	0.00597	0.00534	0.00771	0.00869	0.00441	0.04646	0.00719	0.01749	0.00612	0.00780	0.00497	0.00391	0.00257	0.00122	0.00307	0.03194	0.00251	0.00428
41	0.00910	0.00487	0.00556	0.00493	0.00638	0.00479	0.00385	0.09056	0.00996	0.14209	0.13422	0.01688	0.04918	0.00613	0.03207	0.00122	0.00258	0.00436	0.46692	0.00435
42	0.00807	0.00763	0.01258	0.56566	0.23914	0.00893	0.01076	0.01093	0.04846	0.01092	0.00737	0.01028	0.00575	0.00393	0.00417	0.00127	0.03389	0.00349	0.00188	0.00488
43	0.00593	0.00424	0.00505	0.00488	0.00594	0.00406	0.00371	0.00826	0.07086	0.01428	0.46540	0.04819	0.15893	0.00777	0.00430	0.00123	0.00204	0.04637	0.13482	0.00376
44	0.04960	0.20474	0.13006	0.03172	0.08689	0.11590	0.00808	0.11796	0.04358	0.05814	0.00755	0.00835	0.00588	0.00377	0.00330	0.00102	0.00451	0.00280	0.00238	0.11375
45	0.00751	0.00624	0.00724	0.00632	0.00822	0.00621	0.03522	0.09114	0.21658	0.01400	0.09456	0.10977	0.26803	0.00721	0.00420	0.00123	0.00276	0.00616	0.00357	0.10382
46	0.07181	0.47795	0.16902	0.00850	0.03851	0.07451	0.04246	0.01188	0.00816	0.01071	0.00620	0.02048	0.00534	0.00358	0.00296	0.00097	0.00461	0.00255	0.00181	0.03800
47	0.01023	0.06944	0.14764	0.05095	0.21420	0.10510	0.15944	0.10664	0.00995	0.02730	0.00802	0.04729	0.00662	0.00412	0.00399	0.00119	0.01650	0.00371	0.00221	0.00546
48	0.00600	0.00429	0.00537	0.00578	0.00689	0.00398	0.00479	0.00739	0.00890	0.04692	0.02767	0.08400	0.34050	0.01018	0.00497	0.00156	0.00286	0.42075	0.00364	0.00356
49	0.02358	0.00501	0.00653	0.00576	0.00719	0.00474	0.03481	0.04966	0.03369	0.04829	0.54003	0.04039	0.07527	0.00729	0.00437	0.00122	0.00239	0.04109	0.01608	0.05262
50	0.02178	0.03035	0.04184	0.03065	0.03928	0.04273	0.00579	0.07435	0.00904	0.03858	0.00779	0.03962	0.00655	0.00356	0.00316	0.00078	0.00342	0.00285	0.00246	0.59542

[dist]
# distance from previous block
# <min> <max>
0	1

[block]
# block no. 2 follows, 70 sequences, length 6
# corresponding to MSA columns:
# 503-508
name=unknown_C
#
# <colnr> <probs for GDERKNQSTAVLIFYWHMCP>
#	G	D	E	R	K	N	Q	S	T	A	V	L	I	F	Y	W	H	M	C	P
0	0.00815	0.00704	0.00903	0.12674	0.10622	0.00789	0.00692	0.01432	0.39516	0.01378	0.09877	0.03976	0.03915	0.00751	0.06897	0.00169	0.00393	0.03658	0.00326	0.00515
1	0.00470	0.00346	0.00441	0.00517	0.00556	0.00317	0.00350	0.00542	0.00764	0.00999	0.02418	0.73189	0.15317	0.01178	0.00489	0.00153	0.00220	0.01058	0.00360	0.00317
2	0.01133	0.06628	0.03810	0.01038	0.07149	0.41821	0.04963	0.03550	0.05364	0.01075	0.00886	0.12668	0.00841	0.00529	0.00444	0.00118	0.06881	0.00404	0.00231	0.00466
3	0.02748	0.08671	0.05903	0.15166	0.12653	0.08752	0.02674	0.22708	0.06002	0.01464	0.00793	0.00943	0.00620	0.00520	0.03747	0.00138	0.05378	0.00330	0.00250	0.00541
4	0.00645	0.00337	0.00497	0.00510	0.00513	0.00334	0.00340	0.00510	0.00538	0.00717	0.00877	0.12987	0.00936	0.01328	0.01373	0.76408	0.00321	0.00443	0.00195	0.00189
5	0.00582	0.00410	0.00466	0.00462	0.00574	0.00371	0.00342	0.00739	0.03881	0.05099	0.19723	0.16684	0.39283	0.00892	0.00441	0.00129	0.00207	0.00764	0.08588	0.00362

[dist]
# distance from previous block
# <min> <max>
0	1

[block]
# block no. 3 follows, 70 sequences, length 17
# corresponding to MSA columns:
# 510-526
name=unknown_D
#
# <colnr> <probs for GDERKNQSTAVLIFYWHMCP>
#	G	D	E	R	K	N	Q	S	T	A	V	L	I	F	Y	W	H	M	C	P
0	0.00992	0.06626	0.07984	0.16832	0.28776	0.12600	0.02109	0.08497	0.00973	0.02156	0.03012	0.02630	0.02865	0.00430	0.00380	0.00117	0.00488	0.01784	0.00223	0.00526
1	0.00959	0.26762	0.12475	0.00935	0.03869	0.16511	0.07226	0.01139	0.00814	0.00996	0.00692	0.00912	0.00606	0.02107	0.15324	0.00203	0.07518	0.00303	0.00184	0.00468
2	0.20531	0.02758	0.05019	0.03596	0.22642	0.23483	0.01990	0.05179	0.01945	0.04827	0.00720	0.00886	0.00580	0.00399	0.00365	0.00115	0.02468	0.01755	0.00229	0.00512
3	0.00488	0.00358	0.00460	0.00518	0.00568	0.00329	0.00361	0.00583	0.00826	0.01099	0.16388	0.58886	0.13035	0.01108	0.00485	0.00149	0.00218	0.03445	0.00371	0.00326
4	0.02791	0.00947	0.06010	0.03542	0.10038	0.07314	0.25479	0.03737	0.11443	0.02734	0.16600	0.01448	0.02711	0.00474	0.00413	0.00123	0.00454	0.00454	0.02782	0.00505
5	0.00564	0.00376	0.00423	0.00423	0.00423	0.00376	0.00235	0.00564	0.00564	0.00752	0.01222	0.02537	0.01409	0.86375	0.01973	0.00376	0.00376	0.00564	0.00235	0.00235
6	0.01041	0.81813	0.04305	0.00685	0.01020	0.03906	0.00687	0.01174	0.00798	0.00922	0.00545	0.00630	0.00497	0.00335	0.00255	0.00085	0.00427	0.00211	0.00167	0.00498
7	0.00545	0.00396	0.00514	0.00484	0.00577	0.00364	0.00363	0.00725	0.01089	0.01536	0.80764	0.02927	0.06659	0.00800	0.00457	0.00122	0.00183	0.00705	0.00424	0.00364
8	0.00514	0.00395	0.00470	0.00451	0.00558	0.00351	0.00338	0.00664	0.01015	0.01359	0.52969	0.03218	0.34564	0.00866	0.00458	0.00125	0.00188	0.00746	0.00401	0.00351
9	0.00599	0.00428	0.00595	0.00684	0.00762	0.00424	0.00579	0.00758	0.00867	0.01131	0.02067	0.18423	0.02288	0.01096	0.00528	0.00175	0.00334	0.67556	0.00357	0.00350
10	0.00481	0.00392	0.00426	0.00421	0.00539	0.00337	0.00314	0.00600	0.00933	0.01173	0.23983	0.05856	0.61311	0.00941	0.00459	0.00129	0.00194	0.00797	0.00377	0.00337
11	0.79489	0.00787	0.00635	0.00552	0.00799	0.00906	0.00455	0.10093	0.00787	0.01817	0.00583	0.00663	0.00446	0.00371	0.00256	0.00120	0.00314	0.00225	0.00256	0.00446
12	0.14640	0.00585	0.00660	0.00549	0.00761	0.00573	0.00443	0.06081	0.00970	0.35410	0.01243	0.01240	0.00873	0.00450	0.00322	0.00108	0.00274	0.00349	0.33961	0.00510
13	0.00535	0.00523	0.09655	0.00581	0.00672	0.00385	0.00467	0.00658	0.00759	0.01070	0.01875	0.66738	0.02151	0.01031	0.00454	0.00146	0.00258	0.00925	0.10767	0.00349
14	0.10660	0.00762	0.00808	0.00690	0.00904	0.00832	0.00542	0.18748	0.31379	0.03157	0.14174	0.01541	0.02726	0.05856	0.00479	0.00136	0.00314	0.00437	0.00363	0.05493
15	0.15545	0.27634	0.41020	0.00859	0.01284	0.02607	0.00990	0.01226	0.03495	0.01224	0.00649	0.00745	0.00504	0.00361	0.00311	0.00110	0.00473	0.00254	0.00185	0.00524
16	0.01271	0.06476	0.08999	0.00959	0.01189	0.62907	0.00795	0.01414	0.01032	0.00996	0.00765	0.01110	0.00689	0.00466	0.00366	0.00110	0.00634	0.09157	0.00212	0.00454

[dist]
# distance from previous block
# <min> <max>
0	13

[block]
# block no. 4 follows, 70 sequences, length 28
# corresponding to MSA columns:
# 540-567
name=unknown_E
#
# <colnr> <probs for GDERKNQSTAVLIFYWHMCP>
#	G	D	E	R	K	N	Q	S	T	A	V	L	I	F	Y	W	H	M	C	P
0	0.00640	0.08790	0.00660	0.00508	0.00666	0.00562	0.00399	0.07954	0.06272	0.01202	0.05201	0.12544	0.51467	0.00866	0.00432	0.00128	0.00248	0.00723	0.00348	0.00391
1	0.00604	0.00512	0.00841	0.15432	0.01131	0.00557	0.09389	0.00760	0.00712	0.00968	0.01299	0.18220	0.04678	0.06584	0.36109	0.00357	0.00672	0.00569	0.00238	0.00367
2	0.00901	0.13906	0.01153	0.00833	0.09006	0.03410	0.04279	0.03596	0.00855	0.01236	0.00679	0.00803	0.00567	0.00310	0.00303	0.00073	0.00357	0.00252	0.00219	0.57262
3	0.00506	0.00465	0.05888	0.00557	0.00639	0.00375	0.00430	0.00617	0.00783	0.01050	0.09415	0.53224	0.12961	0.03053	0.07946	0.00194	0.00315	0.00905	0.00337	0.00339
4	0.00475	0.00341	0.00448	0.00531	0.00559	0.00317	0.00355	0.00544	0.00752	0.00998	0.03695	0.79682	0.06022	0.02630	0.00517	0.00159	0.00225	0.01074	0.00359	0.00315
5	0.01012	0.00977	0.03781	0.04669	0.09045	0.14511	0.00705	0.15725	0.22438	0.01443	0.02966	0.13451	0.01138	0.03294	0.02110	0.00143	0.00428	0.01334	0.00311	0.00517
6	0.08041	0.09336	0.04205	0.01148	0.03760	0.06534	0.30112	0.25657	0.01156	0.01581	0.00824	0.04363	0.00660	0.00414	0.00389	0.00119	0.00512	0.00385	0.00260	0.00544
7	0.00475	0.00345	0.00449	0.00531	0.00565	0.00319	0.00361	0.00548	0.00759	0.00999	0.02296	0.76623	0.09869	0.01190	0.00493	0.00156	0.00226	0.03120	0.00360	0.00317
8	0.00843	0.00700	0.00859	0.00615	0.00960	0.00535	0.03303	0.01020	0.00819	0.04426	0.00724	0.00832	0.00589	0.00296	0.00297	0.00062	0.00301	0.00244	0.00238	0.82335
9	0.00474	0.00375	0.00427	0.00457	0.00547	0.00329	0.00329	0.00571	0.00854	0.01074	0.10321	0.31762	0.47577	0.01046	0.00472	0.00140	0.00208	0.02344	0.00366	0.00327
10	0.14523	0.35334	0.05217	0.00720	0.00973	0.04634	0.00660	0.02173	0.00795	0.11430	0.00723	0.00843	0.00593	0.00657	0.08767	0.00160	0.10816	0.00274	0.00225	0.00485
11	0.00982	0.00855	0.01450	0.18849	0.58282	0.00880	0.03176	0.01213	0.00882	0.08525	0.00793	0.01008	0.00624	0.00365	0.00387	0.00119	0.00465	0.00352	0.00213	0.00579
12	0.00471	0.00343	0.00444	0.00526	0.00559	0.00316	0.00354	0.00541	0.00756	0.00995	0.02309	0.78177	0.10398	0.01192	0.00491	0.00155	0.00222	0.01075	0.00360	0.00316
13	0.00718	0.00488	0.00513	0.00488	0.00617	0.00506	0.00371	0.01113	0.21406	0.01435	0.11266	0.01999	0.15359	0.00599	0.00355	0.00111	0.00215	0.00497	0.41524	0.00419
14	0.01305	0.00905	0.00994	0.00759	0.01069	0.03477	0.00619	0.39353	0.03305	0.16465	0.00976	0.00974	0.00700	0.00416	0.00357	0.00100	0.00372	0.00321	0.01475	0.26059
15	0.00887	0.00847	0.01442	0.28926	0.57979	0.00902	0.01154	0.01126	0.00848	0.01178	0.00716	0.00983	0.00583	0.00359	0.00385	0.00120	0.00479	0.00345	0.00186	0.00555
16	0.00794	0.00678	0.00793	0.00571	0.00905	0.00511	0.00456	0.00967	0.00815	0.01275	0.03949	0.00886	0.00695	0.00307	0.00294	0.00060	0.00283	0.00248	0.00237	0.85277
17	0.67270	0.00834	0.00718	0.00605	0.00863	0.00953	0.00499	0.21459	0.00950	0.01915	0.00637	0.00705	0.00480	0.00386	0.00277	0.00119	0.00331	0.00245	0.00277	0.00480
18	0.00539	0.00375	0.00421	0.00430	0.00452	0.00363	0.00256	0.00560	0.00630	0.00820	0.01723	0.10780	0.14111	0.65114	0.01599	0.00317	0.00334	0.00655	0.00266	0.00257
19	0.00693	0.00391	0.00513	0.00543	0.00618	0.00360	0.00384	0.00789	0.00819	0.13775	0.05163	0.61732	0.02210	0.01012	0.00456	0.00144	0.00235	0.00906	0.08883	0.00374
20	0.00554	0.00372	0.00426	0.00436	0.00438	0.00369	0.00249	0.00561	0.00584	0.00778	0.01324	0.11895	0.01539	0.76841	0.01808	0.00351	0.00359	0.00624	0.00249	0.00244
21	0.00599	0.00415	0.00465	0.00446	0.00576	0.00357	0.00334	0.00709	0.00916	0.09128	0.15053	0.08662	0.56098	0.03875	0.00506	0.00139	0.00215	0.00769	0.00377	0.00361
22	0.00673	0.00337	0.00505	0.00505	0.00505	0.00337	0.00337	0.00505	0.00505	0.00673	0.00673	0.01178	0.00673	0.01347	0.01515	0.88721	0.00337	0.00337	0.00168	0.00168
23	0.10680	0.00645	0.00784	0.00641	0.00876	0.00625	0.00517	0.06488	0.08471	0.42395	0.21885	0.01626	0.01576	0.00548	0.00391	0.00121	0.00294	0.00450	0.00428	0.00557
24	0.01187	0.00944	0.01013	0.00796	0.01087	0.02557	0.00645	0.42252	0.18493	0.01918	0.00990	0.01000	0.00741	0.00437	0.00382	0.00106	0.02180	0.00336	0.00342	0.22596
25	0.16195	0.00886	0.03211	0.00750	0.01015	0.03536	0.00617	0.17175	0.29046	0.20324	0.02539	0.01163	0.00903	0.00472	0.00365	0.00123	0.00351	0.00366	0.00374	0.00590
26	0.01030	0.00960	0.01611	0.03583	0.09529	0.03172	0.36737	0.16407	0.04419	0.04427	0.00881	0.01153	0.00705	0.07979	0.00608	0.00149	0.05452	0.00417	0.00251	0.00530
27	0.01032	0.01073	0.09544	0.01894	0.51405	0.06092	0.10926	0.01276	0.00906	0.08545	0.00789	0.00969	0.00620	0.00370	0.00414	0.00119	0.02871	0.00351	0.00215	0.00588

[dist]
# distance from previous block
# <min> <max>
0	2

[block]
# block no. 5 follows, 70 sequences, length 10
# corresponding to MSA columns:
# 570-579
name=unknown_F
#
# <colnr> <probs for GDERKNQSTAVLIFYWHMCP>
#	G	D	E	R	K	N	Q	S	T	A	V	L	I	F	Y	W	H	M	C	P
0	0.00473	0.00382	0.00421	0.00436	0.00539	0.00330	0.00318	0.00576	0.00882	0.01103	0.14172	0.20885	0.56114	0.01005	0.00466	0.00135	0.00201	0.00862	0.00369	0.00330
1	0.01081	0.10519	0.18819	0.01124	0.06828	0.24000	0.13807	0.06622	0.04037	0.03202	0.02289	0.03029	0.02094	0.00418	0.00375	0.00114	0.00549	0.00347	0.00224	0.00521
2	0.00869	0.01497	0.47533	0.01075	0.01508	0.00899	0.11511	0.09436	0.09954	0.01387	0.00972	0.01306	0.00781	0.00465	0.00402	0.00130	0.00516	0.08966	0.00236	0.00557
3	0.10180	0.00449	0.00557	0.00568	0.00672	0.00427	0.00410	0.00887	0.00810	0.18512	0.01839	0.59245	0.01999	0.00970	0.00446	0.00146	0.00255	0.00858	0.00372	0.00398
4	0.01098	0.00922	0.01102	0.18499	0.10484	0.04568	0.00812	0.24266	0.28878	0.03704	0.01077	0.01129	0.00802	0.00454	0.00388	0.00123	0.00418	0.00375	0.00318	0.00583
5	0.02090	0.01008	0.09706	0.23368	0.25566	0.06070	0.11902	0.03658	0.03824	0.02866	0.03911	0.01064	0.00714	0.00440	0.02061	0.00132	0.00517	0.00366	0.00214	0.00525
6	0.00644	0.00398	0.00531	0.00562	0.00634	0.00374	0.00409	0.00746	0.00828	0.10160	0.11619	0.48030	0.04450	0.05347	0.05112	0.00186	0.00295	0.08947	0.00366	0.00361
7	0.00501	0.00358	0.00483	0.00573	0.00608	0.00340	0.00410	0.00590	0.00771	0.01022	0.02121	0.70610	0.02501	0.01187	0.00503	0.00161	0.00250	0.16329	0.00359	0.00323
8	0.10831	0.01558	0.21343	0.00952	0.01265	0.38494	0.04598	0.05324	0.01002	0.06816	0.00827	0.00902	0.03612	0.00414	0.00356	0.00112	0.00566	0.00299	0.00229	0.00499
9	0.08223	0.05567	0.02866	0.01112	0.12537	0.26377	0.03586	0.28303	0.05094	0.01595	0.00773	0.00851	0.00597	0.00410	0.00359	0.00111	0.00508	0.00307	0.00271	0.00554

[dist]
# distance from previous block
# <min> <max>
1	12

[block]
# block no. 6 follows, 70 sequences, length 24
# corresponding to MSA columns:
# 592-615
name=unknown_G
#
# <colnr> <probs for GDERKNQSTAVLIFYWHMCP>
#	G	D	E	R	K	N	Q	S	T	A	V	L	I	F	Y	W	H	M	C	P
0	0.17080	0.00849	0.01317	0.16667	0.54386	0.00901	0.01029	0.01145	0.00823	0.01305	0.00687	0.00912	0.00561	0.00356	0.00358	0.00119	0.00441	0.00320	0.00197	0.00546
1	0.00564	0.00376	0.00423	0.00423	0.00423	0.00376	0.00235	0.00564	0.00564	0.00752	0.01222	0.02537	0.01409	0.86375	0.01973	0.00376	0.00376	0.00564	0.00235	0.00235
2	0.00732	0.00689	0.01163	0.85444	0.02670	0.00861	0.01077	0.00991	0.00775	0.00991	0.00689	0.01034	0.00517	0.00388	0.00388	0.00129	0.00517	0.00345	0.00172	0.00431
3	0.00760	0.00717	0.01213	0.75337	0.12561	0.00869	0.01090	0.01015	0.00788	0.01024	0.00694	0.01025	0.00529	0.00382	0.00387	0.00127	0.00510	0.00345	0.00175	0.00453
4	0.01474	0.01086	0.01163	0.00892	0.01202	0.01202	0.00737	0.82664	0.01823	0.02443	0.00931	0.00931	0.00659	0.00465	0.00388	0.00116	0.00427	0.00349	0.00388	0.00659
5	0.00778	0.02005	0.84367	0.01105	0.01678	0.00900	0.01432	0.01228	0.00818	0.01228	0.00696	0.00818	0.00491	0.00368	0.00368	0.00123	0.00573	0.00286	0.00164	0.00573
6	0.00825	0.17515	0.69273	0.01024	0.01553	0.01017	0.01291	0.01215	0.00813	0.01170	0.00667	0.00782	0.00492	0.00362	0.00346	0.00115	0.00544	0.00272	0.00164	0.00559
7	0.00479	0.00350	0.00446	0.00513	0.00552	0.00322	0.00346	0.00554	0.00773	0.01019	0.07133	0.67133	0.12674	0.05069	0.00556	0.00162	0.00226	0.01018	0.00358	0.00316
8	0.00527	0.00395	0.00488	0.00465	0.00566	0.00356	0.00349	0.00689	0.01046	0.01432	0.64396	0.03098	0.23092	0.00838	0.00457	0.00124	0.00186	0.00730	0.00411	0.00356
9	0.00563	0.00379	0.00439	0.00439	0.00444	0.00385	0.00255	0.00574	0.00569	0.00764	0.01207	0.02456	0.01374	0.79694	0.08606	0.00396	0.00429	0.00552	0.00233	0.00244
10	0.00508	0.00381	0.00463	0.00470	0.00551	0.00344	0.00338	0.00630	0.00927	0.01241	0.38641	0.22231	0.24839	0.05991	0.00556	0.00147	0.00208	0.00817	0.00382	0.00336
11	0.00803	0.00687	0.00797	0.00586	0.00913	0.00537	0.00466	0.01028	0.05752	0.01276	0.00787	0.03480	0.00672	0.00330	0.00300	0.00065	0.00286	0.00269	0.00244	0.80720
12	0.00715	0.00514	0.00599	0.00537	0.00681	0.00497	0.00414	0.12161	0.03550	0.05184	0.41885	0.04917	0.25266	0.00789	0.00444	0.00125	0.00232	0.00674	0.00402	0.00415
13	0.05379	0.47465	0.01586	0.00771	0.01065	0.19105	0.00683	0.16198	0.02392	0.01251	0.00641	0.00709	0.00535	0.00375	0.00298	0.00095	0.00470	0.00246	0.00221	0.00515
14	0.00898	0.06001	0.12663	0.10012	0.55305	0.00920	0.01148	0.01151	0.00859	0.01208	0.00788	0.01129	0.00677	0.00395	0.00383	0.00119	0.00472	0.05109	0.00194	0.00569
15	0.01280	0.18865	0.04266	0.01101	0.12377	0.37736	0.00813	0.16760	0.01133	0.01277	0.00671	0.00767	0.00544	0.00390	0.00342	0.00102	0.00553	0.00274	0.00226	0.00526
16	0.01439	0.07931	0.01233	0.00874	0.01186	0.01229	0.00731	0.76140	0.01740	0.02321	0.00899	0.00906	0.00646	0.00455	0.00377	0.00114	0.00426	0.00338	0.00370	0.00646
17	0.00909	0.00706	0.00823	0.02342	0.05660	0.04212	0.00517	0.02360	0.00888	0.08863	0.07257	0.01078	0.00883	0.00371	0.00320	0.00078	0.00309	0.00303	0.07662	0.54460
18	0.00616	0.00441	0.00580	0.00577	0.00624	0.00471	0.00405	0.00685	0.00652	0.00917	0.03863	0.02046	0.01283	0.36363	0.48127	0.00513	0.00758	0.00502	0.00245	0.00332
19	0.00557	0.00421	0.00607	0.00603	0.00667	0.00484	0.00461	0.00680	0.00629	0.00894	0.01180	0.01706	0.04927	0.10570	0.71099	0.00566	0.02951	0.00447	0.00217	0.00337
20	0.00804	0.00689	0.00804	0.00574	0.00919	0.00517	0.00459	0.00976	0.00804	0.01263	0.00689	0.00804	0.00574	0.00287	0.00287	0.00057	0.00287	0.00230	0.00230	0.88745
21	0.38539	0.05922	0.03759	0.02252	0.07579	0.05142	0.08391	0.02864	0.03138	0.01427	0.00647	0.00789	0.00522	0.00419	0.01690	0.00123	0.06710	0.00275	0.00223	0.09588
22	0.04895	0.15422	0.02664	0.07842	0.07188	0.04239	0.08057	0.02287	0.07430	0.01152	0.03881	0.26781	0.04204	0.00672	0.00401	0.00128	0.00376	0.01662	0.00273	0.00444
23	0.01180	0.25518	0.12265	0.00819	0.01141	0.05972	0.03052	0.20700	0.04939	0.12545	0.03091	0.01013	0.02349	0.00481	0.01568	0.01758	0.00442	0.00326	0.00285	0.00556

[dist]
# distance from previous block
# <min> <max>
2	17

[block]
# block no. 7 follows, 70 sequences, length 41
# corresponding to MSA columns:
# 633-673
name=unknown_H
#
# <colnr> <probs for GDERKNQSTAVLIFYWHMCP>
#	G	D	E	R	K	N	Q	S	T	A	V	L	I	F	Y	W	H	M	C	P
0	0.01181	0.07301	0.06484	0.00862	0.01184	0.02603	0.08469	0.30088	0.09000	0.10013	0.02693	0.01025	0.00762	0.00420	0.00366	0.00107	0.00409	0.00344	0.01910	0.14778
1	0.00507	0.00360	0.00453	0.00510	0.00556	0.00332	0.00347	0.00582	0.00774	0.02462	0.06263	0.58720	0.14910	0.09096	0.00624	0.00172	0.00237	0.02424	0.00354	0.00319
2	0.00533	0.00371	0.00441	0.00466	0.00500	0.00355	0.00302	0.00589	0.00712	0.00951	0.08580	0.25612	0.11021	0.40876	0.01173	0.00252	0.00293	0.03850	0.02837	0.00286
3	0.00867	0.09365	0.53806	0.03265	0.03375	0.01945	0.14406	0.03383	0.02776	0.02198	0.00732	0.00868	0.00537	0.00366	0.00374	0.00120	0.00557	0.00316	0.00185	0.00558
4	0.01000	0.01003	0.04824	0.15061	0.43128	0.07539	0.10967	0.02681	0.03276	0.05615	0.00788	0.00988	0.00617	0.00369	0.00391	0.00119	0.00504	0.00354	0.00213	0.00563
5	0.00862	0.00710	0.01047	0.01002	0.07922	0.00734	0.12147	0.16510	0.05076	0.01451	0.05690	0.08053	0.01572	0.00751	0.00487	0.00148	0.02379	0.32660	0.00328	0.00471
6	0.00962	0.01024	0.02040	0.01481	0.01847	0.00995	0.66973	0.07338	0.10575	0.01375	0.00888	0.01084	0.00663	0.00360	0.00445	0.00130	0.00596	0.00447	0.00233	0.00544
7	0.00673	0.00337	0.00505	0.00505	0.00505	0.00337	0.00337	0.00505	0.00505	0.00673	0.00673	0.01178	0.00673	0.01347	0.01515	0.88721	0.00337	0.00337	0.00168	0.00168
8	0.00848	0.00848	0.01187	0.01018	0.01018	0.01187	0.00848	0.00933	0.00594	0.00933	0.00509	0.00848	0.00509	0.00679	0.01272	0.00170	0.85666	0.00339	0.00170	0.00424
9	0.00723	0.00361	0.00361	0.00361	0.00452	0.00361	0.00271	0.00903	0.00813	0.01445	0.01265	0.01445	0.00994	0.00452	0.00271	0.00090	0.00181	0.00361	0.88528	0.00361
10	0.00634	0.00340	0.00492	0.00504	0.00514	0.00333	0.00338	0.00513	0.00558	0.00737	0.01047	0.12975	0.05332	0.01309	0.01319	0.71874	0.00314	0.00467	0.00205	0.00197
11	0.00613	0.00438	0.00612	0.00701	0.00785	0.00437	0.00605	0.00784	0.00881	0.01148	0.02059	0.10398	0.02256	0.01082	0.00532	0.00177	0.00347	0.75433	0.00357	0.00354
12	0.17535	0.00435	0.00401	0.00390	0.00508	0.00458	0.00299	0.00948	0.00784	0.01501	0.01127	0.01290	0.00885	0.00434	0.00265	0.00096	0.00203	0.00333	0.71735	0.00372
13	0.00461	0.00382	0.00404	0.00421	0.00531	0.00325	0.00307	0.00553	0.00857	0.01036	0.03587	0.19402	0.68348	0.01026	0.00465	0.00136	0.00202	0.00872	0.00360	0.00325
14	0.00963	0.00850	0.01009	0.01092	0.16786	0.00956	0.00723	0.01895	0.67588	0.01554	0.01416	0.01354	0.01075	0.00492	0.00392	0.00128	0.00336	0.00421	0.00356	0.00614
15	0.89114	0.00750	0.00570	0.00510	0.00750	0.00870	0.00420	0.01140	0.00660	0.01739	0.00540	0.00630	0.00420	0.00360	0.00240	0.00120	0.00300	0.00210	0.00240	0.00420
16	0.00964	0.00833	0.00877	0.00789	0.01008	0.00964	0.00614	0.02060	0.83257	0.01622	0.01578	0.01446	0.01183	0.00526	0.00394	0.00131	0.00307	0.00438	0.00394	0.00614
17	0.00538	0.00388	0.00509	0.00495	0.00577	0.00359	0.00365	0.00705	0.01049	0.01477	0.72548	0.14322	0.03508	0.00850	0.00462	0.00127	0.00189	0.00756	0.00418	0.00359
18	0.00732	0.00689	0.01163	0.85444	0.02670	0.00861	0.01077	0.00991	0.00775	0.00991	0.00689	0.01034	0.00517	0.00388	0.00388	0.00129	0.00517	0.00345	0.00172	0.00431
19	0.00732	0.00689	0.01163	0.85444	0.02670	0.00861	0.01077	0.00991	0.00775	0.00991	0.00689	0.01034	0.00517	0.00388	0.00388	0.00129	0.00517	0.00345	0.00172	0.00431
20	0.01520	0.01058	0.01112	0.00862	0.01164	0.06405	0.00708	0.63006	0.01649	0.17030	0.01017	0.00986	0.00703	0.00464	0.00386	0.00116	0.00427	0.00350	0.00392	0.00646
21	0.00958	0.00998	0.11544	0.00878	0.01156	0.00954	0.05926	0.07622	0.59037	0.01594	0.02513	0.01369	0.02679	0.00502	0.00397	0.00129	0.00367	0.00425	0.00352	0.00597
22	0.01036	0.86609	0.02032	0.00663	0.00995	0.01534	0.00663	0.01161	0.00788	0.00912	0.00539	0.00622	0.00498	0.00332	0.00249	0.00083	0.00415	0.00207	0.00166	0.00498
23	0.38940	0.00958	0.00813	0.00776	0.06407	0.16347	0.00570	0.11052	0.03122	0.05367	0.05337	0.01102	0.06838	0.00458	0.00326	0.00117	0.00387	0.00328	0.00281	0.00474
24	0.00909	0.24496	0.02746	0.03859	0.03472	0.03446	0.02107	0.01026	0.00684	0.00948	0.00551	0.00809	0.00520	0.00593	0.02667	0.00149	0.50091	0.00304	0.00171	0.00453
25	0.00476	0.00341	0.00453	0.00541	0.00567	0.00318	0.00365	0.00547	0.00749	0.00995	0.02178	0.82069	0.04539	0.01205	0.00495	0.00157	0.00228	0.03100	0.00360	0.00316
26	0.00458	0.00393	0.00393	0.00393	0.00524	0.00327	0.00295	0.00556	0.00884	0.01047	0.03927	0.03731	0.83800	0.00982	0.00458	0.00131	0.00196	0.00818	0.00360	0.00327
27	0.00924	0.00975	0.01176	0.01015	0.01041	0.11777	0.00836	0.01011	0.00658	0.00935	0.00520	0.00829	0.00508	0.00643	0.01155	0.00161	0.74907	0.00328	0.00173	0.00427
28	0.00723	0.00361	0.00361	0.00361	0.00452	0.00361	0.00271	0.00903	0.00813	0.01445	0.01265	0.01445	0.00994	0.00452	0.00271	0.00090	0.00181	0.00361	0.88528	0.00361
29	0.01448	0.01848	0.01099	0.00999	0.01199	0.84819	0.00749	0.01548	0.01099	0.00949	0.00599	0.00699	0.00499	0.00400	0.00350	0.00100	0.00699	0.00250	0.00200	0.00449
30	0.00518	0.00395	0.00476	0.00456	0.00560	0.00353	0.00342	0.00673	0.01025	0.01384	0.56876	0.03177	0.30641	0.00856	0.00458	0.00125	0.00187	0.00741	0.00404	0.00353
31	0.01085	0.74088	0.03400	0.00715	0.01034	0.12322	0.00688	0.01212	0.00829	0.00923	0.00550	0.00635	0.00498	0.00341	0.00264	0.00086	0.00454	0.00214	0.00170	0.00493
32	0.00964	0.00833	0.00877	0.00789	0.01008	0.00964	0.00614	0.02060	0.83257	0.01622	0.01578	0.01446	0.01183	0.00526	0.00394	0.00131	0.00307	0.00438	0.00394	0.00614
33	0.01036	0.86609	0.02032	0.00663	0.00995	0.01534	0.00663	0.01161	0.00788	0.00912	0.00539	0.00622	0.00498	0.00332	0.00249	0.00083	0.00415	0.00207	0.00166	0.00498
34	0.00519	0.00384	0.00490	0.00550	0.00600	0.00371	0.00381	0.00679	0.06872	0.01107	0.11660	0.66293	0.05150	0.01105	0.00483	0.00151	0.00227	0.02264	0.00370	0.00344
35	0.01047	0.00891	0.01190	0.00990	0.05039	0.09085	0.19492	0.17684	0.03257	0.09527	0.08464	0.01724	0.14104	0.00554	0.00420	0.00123	0.00430	0.03255	0.02213	0.00510
36	0.00483	0.00384	0.00431	0.00450	0.00548	0.00337	0.00330	0.00586	0.00868	0.01088	0.12361	0.19924	0.51548	0.04156	0.00525	0.00147	0.00215	0.04930	0.00363	0.00327
37	0.06416	0.04125	0.75141	0.01051	0.01591	0.00921	0.01333	0.02922	0.00829	0.01277	0.00687	0.00804	0.00490	0.00369	0.00357	0.00121	0.00548	0.00281	0.00173	0.00563
38	0.01207	0.02221	0.01134	0.00965	0.03852	0.23209	0.05904	0.23975	0.21814	0.01575	0.00994	0.03229	0.00782	0.00465	0.00402	0.00116	0.02601	0.00364	0.00304	0.04886
39	0.02028	0.11835	0.18713	0.04697	0.11378	0.04642	0.06970	0.06078	0.05233	0.03242	0.00759	0.00878	0.00592	0.00358	0.00344	0.00101	0.00450	0.00297	0.00221	0.21184
40	0.07284	0.14513	0.11523	0.00933	0.05244	0.10018	0.05322	0.14584	0.15888	0.03822	0.00947	0.04668	0.00762	0.00446	0.00356	0.00115	0.00440	0.00354	0.01283	0.01496

[dist]
# distance from previous block
# <min> <max>
1	31

[block]
# block no. 8 follows, 70 sequences, length 30
# corresponding to MSA columns:
# 705-734
name=unknown_I
#
# <colnr> <probs for GDERKNQSTAVLIFYWHMCP>
#	G	D	E	R	K	N	Q	S	T	A	V	L	I	F	Y	W	H	M	C	P
0	0.09195	0.02136	0.02355	0.11830	0.11998	0.08227	0.13936	0.02181	0.05795	0.02462	0.03582	0.02423	0.08894	0.00555	0.03306	0.00136	0.00448	0.00416	0.09657	0.00467
1	0.01116	0.06181	0.02503	0.03548	0.08661	0.41067	0.06401	0.01293	0.03374	0.02349	0.04476	0.01155	0.07146	0.00561	0.04107	0.00130	0.01476	0.00352	0.00229	0.03873
2	0.24691	0.02479	0.00966	0.00824	0.01056	0.36040	0.01729	0.18668	0.03269	0.01509	0.01653	0.02816	0.00640	0.00438	0.00337	0.00112	0.00498	0.01523	0.00264	0.00487
3	0.01276	0.00582	0.00752	0.00609	0.00835	0.00526	0.00492	0.03397	0.01050	0.49396	0.12640	0.01836	0.12741	0.00590	0.00423	0.00120	0.02769	0.00482	0.07019	0.02463
4	0.00533	0.00394	0.00480	0.00459	0.00560	0.00356	0.00344	0.00695	0.01032	0.01423	0.60291	0.03044	0.23599	0.00826	0.00450	0.00123	0.00186	0.00716	0.04135	0.00356
5	0.00804	0.00689	0.00804	0.00574	0.00919	0.00517	0.00459	0.00976	0.00804	0.01263	0.00689	0.00804	0.00574	0.00287	0.00287	0.00057	0.00287	0.00230	0.00230	0.88745
6	0.01049	0.15122	0.17732	0.00868	0.01204	0.06109	0.07446	0.16042	0.04187	0.07338	0.04304	0.01139	0.05492	0.00444	0.00373	0.00110	0.01510	0.00355	0.02113	0.07062
7	0.01107	0.03169	0.03857	0.01097	0.01327	0.04282	0.21617	0.14659	0.04606	0.11382	0.00829	0.00983	0.00637	0.00494	0.00686	0.00137	0.27965	0.00373	0.00261	0.00532
8	0.00481	0.00379	0.00436	0.00473	0.00563	0.00335	0.00347	0.00579	0.00846	0.01059	0.06421	0.30908	0.46801	0.01058	0.00477	0.00143	0.00219	0.07785	0.00362	0.00327
9	0.00555	0.00413	0.00609	0.00609	0.00674	0.00477	0.00467	0.00683	0.00619	0.00890	0.01051	0.01593	0.01000	0.08700	0.79089	0.00606	0.00992	0.00426	0.00210	0.00338
10	0.00894	0.00954	0.06308	0.18961	0.38887	0.00924	0.17893	0.01235	0.07730	0.01233	0.00801	0.01025	0.00629	0.00367	0.00400	0.00123	0.00505	0.00373	0.00204	0.00556
11	0.00525	0.00392	0.00488	0.00471	0.00567	0.00355	0.00350	0.00684	0.01032	0.01416	0.62323	0.07825	0.20429	0.00856	0.00460	0.00126	0.00188	0.00749	0.00409	0.00355
12	0.01398	0.00594	0.00780	0.00624	0.00874	0.00519	0.00506	0.01564	0.02860	0.60835	0.10032	0.01867	0.14610	0.00593	0.00408	0.00122	0.00293	0.00491	0.00453	0.00576
13	0.00778	0.02005	0.84367	0.01105	0.01678	0.00900	0.01432	0.01228	0.00818	0.01228	0.00696	0.00818	0.00491	0.00368	0.00368	0.00123	0.00573	0.00286	0.00164	0.00573
14	0.01448	0.01848	0.01099	0.00999	0.01199	0.84819	0.00749	0.01548	0.01099	0.00949	0.00599	0.00699	0.00499	0.00400	0.00350	0.00100	0.00699	0.00250	0.00200	0.00449
15	0.00564	0.00376	0.00423	0.00423	0.00423	0.00376	0.00235	0.00564	0.00564	0.00752	0.01222	0.02537	0.01409	0.86375	0.01973	0.00376	0.00376	0.00564	0.00235	0.00235
16	0.01492	0.01056	0.01145	0.00878	0.01187	0.01158	0.00725	0.77059	0.01773	0.08118	0.00972	0.00958	0.00680	0.00466	0.00388	0.00117	0.00420	0.00352	0.00394	0.00659
17	0.01116	0.01070	0.00925	0.00825	0.01026	0.22873	0.00633	0.18189	0.31731	0.01512	0.01279	0.14821	0.01120	0.00592	0.00398	0.00124	0.00421	0.00478	0.00337	0.00532
18	0.01461	0.00782	0.00953	0.00768	0.01038	0.00783	0.00640	0.31490	0.01337	0.40663	0.01393	0.01669	0.01054	0.00570	0.00413	0.00128	0.00370	0.13450	0.00426	0.00611
19	0.01175	0.01199	0.00978	0.00869	0.01090	0.29319	0.00671	0.09312	0.47996	0.01470	0.01188	0.01146	0.00904	0.00478	0.00379	0.00119	0.00450	0.00366	0.00328	0.00562
20	0.00745	0.00702	0.01186	0.80827	0.07188	0.00865	0.01083	0.01002	0.00781	0.01006	0.00691	0.01029	0.00522	0.00385	0.00387	0.00128	0.00514	0.00345	0.00173	0.00441
21	0.00732	0.00689	0.01163	0.85444	0.02670	0.00861	0.01077	0.00991	0.00775	0.00991	0.00689	0.01034	0.00517	0.00388	0.00388	0.00129	0.00517	0.00345	0.00172	0.00431
22	0.00472	0.00340	0.00447	0.00532	0.00560	0.00316	0.00356	0.00541	0.00750	0.00993	0.02233	0.81715	0.06910	0.01202	0.00493	0.00156	0.00223	0.01087	0.00360	0.00316
23	0.00848	0.00848	0.01187	0.01018	0.01018	0.01187	0.00848	0.00933	0.00594	0.00933	0.00509	0.00848	0.00509	0.00679	0.01272	0.00170	0.85666	0.00339	0.00170	0.00424
24	0.00459	0.00389	0.00397	0.00403	0.00526	0.00326	0.00299	0.00555	0.00873	0.01043	0.03797	0.09737	0.77878	0.00999	0.00461	0.00133	0.00198	0.00839	0.00360	0.00326
25	0.00479	0.00388	0.00425	0.00427	0.00539	0.00334	0.00316	0.00592	0.00915	0.01148	0.20536	0.11443	0.59176	0.00964	0.00461	0.00132	0.00196	0.00821	0.00374	0.00334
26	0.00796	0.00680	0.00795	0.00573	0.00910	0.00512	0.00457	0.00965	0.00802	0.01256	0.00725	0.02924	0.00624	0.00310	0.00292	0.00060	0.00286	0.00251	0.00233	0.86548
27	0.13467	0.00813	0.00888	0.00710	0.00976	0.02398	0.00580	0.30025	0.03306	0.29442	0.01310	0.01257	0.06527	0.00563	0.02829	0.00133	0.00372	0.00379	0.03445	0.00579
28	0.00859	0.00765	0.01211	0.49349	0.14421	0.00873	0.05333	0.09180	0.04091	0.01251	0.00798	0.01053	0.00609	0.00394	0.00381	0.00122	0.00471	0.00354	0.06339	0.02146
29	0.00872	0.00723	0.00867	0.00762	0.00954	0.00789	0.06230	0.08788	0.43783	0.01546	0.08631	0.11421	0.04623	0.00638	0.00415	0.00131	0.00312	0.02899	0.05091	0.00524

[dist]
# distance from previous block
# <min> <max>
0	5

[block]
# block no. 9 follows, 70 sequences, length 36
# corresponding to MSA columns:
# 740-775
name=unknown_J
#
# <colnr> <probs for GDERKNQSTAVLIFYWHMCP>
#	G	D	E	R	K	N	Q	S	T	A	V	L	I	F	Y	W	H	M	C	P
0	0.78439	0.00784	0.02838	0.00548	0.00798	0.00862	0.00463	0.01222	0.04899	0.05323	0.00640	0.00707	0.00484	0.00374	0.00258	0.00121	0.00309	0.00231	0.00256	0.00444
1	0.00735	0.00564	0.00721	0.00731	0.06106	0.00587	0.00516	0.10423	0.08116	0.01216	0.03452	0.12020	0.07897	0.05644	0.23997	0.06908	0.00518	0.03020	0.00285	0.06543
2	0.02157	0.14345	0.36233	0.03118	0.07665	0.15598	0.01051	0.10818	0.00982	0.01280	0.00683	0.00795	0.00524	0.00376	0.00347	0.00110	0.00533	0.00279	0.00202	0.02904
3	0.00854	0.00792	0.00849	0.05171	0.07006	0.10003	0.00626	0.02460	0.30480	0.01271	0.02696	0.17043	0.06171	0.01953	0.01621	0.00144	0.05469	0.02612	0.02300	0.00479
4	0.00843	0.00721	0.00874	0.00708	0.05161	0.00614	0.00531	0.05753	0.00857	0.01309	0.02840	0.00909	0.00673	0.02006	0.00397	0.00079	0.05720	0.00268	0.00238	0.69500
5	0.00584	0.00439	0.00536	0.00494	0.00619	0.00398	0.00373	0.00787	0.04614	0.02573	0.55657	0.05127	0.18016	0.00784	0.00442	0.00120	0.00202	0.00682	0.00397	0.07155
6	0.00800	0.00757	0.01237	0.48121	0.29834	0.02233	0.01048	0.01032	0.00820	0.01088	0.00862	0.05477	0.02012	0.00443	0.00396	0.00127	0.00477	0.02553	0.00197	0.00483
7	0.00641	0.00474	0.00588	0.00585	0.00697	0.00448	0.00438	0.05910	0.04315	0.02423	0.14110	0.40244	0.06058	0.00932	0.00456	0.00138	0.00258	0.10476	0.00360	0.10450
8	0.00732	0.00689	0.01163	0.85444	0.02670	0.00861	0.01077	0.00991	0.00775	0.00991	0.00689	0.01034	0.00517	0.00388	0.00388	0.00129	0.00517	0.00345	0.00172	0.00431
9	0.00856	0.00738	0.01001	0.12882	0.12968	0.00656	0.01836	0.03028	0.00842	0.03132	0.00719	0.00877	0.00582	0.00324	0.00335	0.00081	0.01453	0.00274	0.00224	0.57191
10	0.89114	0.00750	0.00570	0.00510	0.00750	0.00870	0.00420	0.01140	0.00660	0.01739	0.00540	0.00630	0.00420	0.00360	0.00240	0.00120	0.00300	0.00210	0.00240	0.00420
11	0.00673	0.00337	0.00505	0.00505	0.00505	0.00337	0.00337	0.00505	0.00505	0.00673	0.00673	0.01178	0.00673	0.01347	0.01515	0.88721	0.00337	0.00337	0.00168	0.00168
12	0.00546	0.00396	0.00515	0.00485	0.00578	0.00365	0.00364	0.00727	0.01092	0.01542	0.81702	0.02917	0.05716	0.00797	0.00457	0.00122	0.00183	0.00704	0.00425	0.00365
