[name]
unknown

[dist]
# distance from previous block
# <min> <max>
4	162

[block]
# block no. 0 follows, 57 sequences, length 6
# corresponding to MSA columns:
# 232-237
name=unknown_A
#
# <colnr> <probs for GDERKNQSTAVLIFYWHMCP>
#	G	D	E	R	K	N	Q	S	T	A	V	L	I	F	Y	W	H	M	C	P
0	0.03857	0.05599	0.09115	0.10911	0.26960	0.02997	0.08122	0.06269	0.02896	0.04749	0.05872	0.01451	0.03907	0.00507	0.00450	0.00138	0.00524	0.02202	0.00282	0.03194
1	0.06211	0.06196	0.03330	0.07351	0.06040	0.07452	0.02857	0.01308	0.06156	0.11438	0.10352	0.10586	0.13882	0.00722	0.00461	0.00141	0.00411	0.00608	0.00364	0.04133
2	0.04728	0.09369	0.14648	0.01037	0.06375	0.06251	0.03520	0.05927	0.08552	0.08887	0.09666	0.04860	0.03491	0.00599	0.00441	0.00136	0.00466	0.03706	0.00338	0.07003
3	0.13923	0.05064	0.10651	0.07673	0.03837	0.09042	0.07864	0.05439	0.05526	0.07894	0.07730	0.03459	0.03518	0.00547	0.00453	0.00139	0.02495	0.00444	0.00313	0.03989
4	0.09080	0.12708	0.13203	0.05987	0.01437	0.06109	0.06842	0.06846	0.05315	0.11489	0.01216	0.06655	0.03823	0.00542	0.00418	0.00133	0.00496	0.00441	0.00314	0.06944
5	0.11548	0.06068	0.21482	0.03782	0.05164	0.03052	0.02814	0.06167	0.08384	0.08157	0.09491	0.01315	0.01109	0.00504	0.00416	0.00132	0.00474	0.00403	0.00317	0.09221

[dist]
# distance from previous block
# <min> <max>
25	64

[block]
# block no. 1 follows, 57 sequences, length 66
# corresponding to MSA columns:
# 309-333,337,338,344-355,358-384
name=unknown_B
#
# <colnr> <probs for GDERKNQSTAVLIFYWHMCP>
#	G	D	E	R	K	N	Q	S	T	A	V	L	I	F	Y	W	H	M	C	P
0	0.01909	0.19020	0.20430	0.03209	0.02386	0.05600	0.00919	0.04303	0.01969	0.01259	0.01185	0.02580	0.05946	0.06143	0.17112	0.00272	0.03460	0.01519	0.00246	0.00532
1	0.08946	0.14295	0.14393	0.02765	0.01232	0.05384	0.00816	0.11968	0.01180	0.10032	0.10406	0.05753	0.06550	0.01446	0.00443	0.00137	0.00451	0.00481	0.00342	0.02980
2	0.09590	0.14413	0.14224	0.00951	0.01299	0.12090	0.05845	0.06584	0.04801	0.02462	0.08856	0.01300	0.02137	0.01813	0.04366	0.00159	0.00549	0.00395	0.00287	0.07880
3	0.03196	0.06207	0.16924	0.00808	0.01055	0.00741	0.00757	0.07291	0.02049	0.04859	0.10911	0.24467	0.05828	0.05484	0.01482	0.00179	0.00409	0.06482	0.00365	0.00505
4	0.07274	0.59394	0.04708	0.00812	0.01169	0.06683	0.00782	0.03205	0.00984	0.03671	0.00855	0.01108	0.01815	0.00472	0.00336	0.00113	0.00492	0.05318	0.00237	0.00571
5	0.10188	0.05240	0.20223	0.01982	0.01431	0.01984	0.08466	0.05042	0.01013	0.03436	0.02413	0.01010	0.00711	0.00404	0.00384	0.00111	0.00481	0.00330	0.00263	0.34886
6	0.05073	0.01104	0.10234	0.01088	0.01450	0.00961	0.15878	0.12772	0.13688	0.17529	0.01382	0.09313	0.01097	0.00582	0.00466	0.00144	0.00485	0.00520	0.00382	0.05852
7	0.03029	0.00964	0.01396	0.01131	0.03198	0.00992	0.16464	0.13103	0.16647	0.18344	0.03395	0.03671	0.01178	0.00603	0.00538	0.00150	0.05252	0.05154	0.00399	0.04392
8	0.04810	0.00992	0.06571	0.51452	0.11064	0.02629	0.02313	0.04045	0.04836	0.05658	0.00915	0.01191	0.00681	0.00461	0.00444	0.00147	0.00569	0.00400	0.00248	0.00573
9	0.06636	0.01037	0.04579	0.37928	0.27356	0.03180	0.02984	0.07346	0.02031	0.01472	0.00844	0.01127	0.00655	0.00442	0.00440	0.00143	0.00567	0.00392	0.00237	0.00603
10	0.00853	0.00789	0.01285	0.72631	0.02842	0.00973	0.01171	0.01200	0.05769	0.01203	0.00979	0.06586	0.00807	0.00526	0.00462	0.00153	0.00567	0.00467	0.00231	0.00508
11	0.00893	0.00887	0.01667	0.40966	0.04993	0.00957	0.26328	0.01184	0.00953	0.01257	0.01071	0.09125	0.00957	0.03967	0.00572	0.00168	0.00609	0.02687	0.00241	0.00521
12	0.06446	0.02774	0.46914	0.01043	0.01485	0.00854	0.03210	0.01227	0.00951	0.03861	0.03990	0.19827	0.03098	0.00698	0.00464	0.00153	0.00520	0.01634	0.00280	0.00573
13	0.00570	0.00413	0.00509	0.00578	0.00620	0.00384	0.00381	0.00639	0.00854	0.01115	0.02624	0.56153	0.14975	0.16906	0.00896	0.00227	0.00291	0.01118	0.00393	0.00353
14	0.00914	0.02256	0.76524	0.01285	0.01911	0.01074	0.01630	0.01413	0.00940	0.01413	0.00799	0.00959	0.00575	0.00454	0.00499	0.00147	0.06018	0.00339	0.00192	0.00658
15	0.01219	0.13655	0.45800	0.06299	0.01727	0.01063	0.01276	0.01592	0.01030	0.20639	0.01021	0.01081	0.00709	0.00457	0.00418	0.00136	0.00571	0.00355	0.00281	0.00671
16	0.01016	0.00968	0.01648	0.34760	0.50098	0.01049	0.01338	0.01298	0.00982	0.01352	0.00834	0.01156	0.00672	0.00423	0.00450	0.00141	0.00565	0.00403	0.00215	0.00632
17	0.00640	0.00466	0.00611	0.00694	0.00773	0.00446	0.00546	0.00780	0.00959	0.01242	0.02668	0.31043	0.13327	0.06517	0.00704	0.00207	0.00342	0.37239	0.00410	0.00387
18	0.01175	0.54682	0.15196	0.00958	0.01385	0.01558	0.05938	0.05796	0.07089	0.01313	0.00796	0.00890	0.00659	0.00420	0.00351	0.00115	0.00524	0.00306	0.00230	0.00619
19	0.01484	0.00835	0.01219	0.24410	0.05902	0.02142	0.03249	0.05263	0.01168	0.40211	0.01415	0.05065	0.01033	0.00575	0.00480	0.00148	0.01610	0.02733	0.00405	0.00652
20	0.01324	0.00630	0.00808	0.00706	0.00931	0.00567	0.00548	0.01533	0.06173	0.41272	0.02475	0.23460	0.15847	0.00892	0.00502	0.00155	0.00324	0.00765	0.00493	0.00594
21	0.06081	0.00460	0.00529	0.00576	0.00673	0.00428	0.00417	0.00717	0.00960	0.01297	0.08971	0.40318	0.30072	0.01215	0.00544	0.00169	0.00262	0.05506	0.00417	0.00388
22	0.01069	0.01017	0.01712	0.07772	0.67877	0.01043	0.01305	0.01330	0.01026	0.01465	0.05939	0.01266	0.00932	0.00456	0.00496	0.00139	0.03812	0.00430	0.00239	0.00677
23	0.06824	0.00990	0.01399	0.07724	0.34614	0.01018	0.01024	0.16708	0.02524	0.08036	0.03538	0.01382	0.00943	0.00502	0.00442	0.00136	0.00477	0.04042	0.00322	0.07357
24	0.01126	0.00996	0.01249	0.02562	0.22067	0.06111	0.01903	0.02615	0.11171	0.05478	0.00998	0.01115	0.00791	0.00414	0.00398	0.00106	0.00437	0.00353	0.00295	0.39816
25	0.05973	0.01157	0.01454	0.01791	0.38375	0.08487	0.01042	0.13725	0.13829	0.02968	0.01032	0.01153	0.00810	0.00464	0.00432	0.00132	0.00504	0.00395	0.00309	0.05966
26	0.03168	0.00986	0.01164	0.01174	0.13940	0.08406	0.03425	0.15077	0.10996	0.09906	0.24780	0.01863	0.01881	0.00629	0.00472	0.00139	0.00427	0.00536	0.00410	0.00620
27	0.00974	0.00899	0.01471	0.59010	0.21195	0.01049	0.01263	0.06302	0.01015	0.01343	0.00835	0.01180	0.00641	0.00447	0.00452	0.00146	0.00582	0.00403	0.00223	0.00571
28	0.00887	0.00843	0.01424	0.71490	0.09143	0.01032	0.02821	0.01179	0.00910	0.01186	0.00802	0.01192	0.00614	0.00463	0.00500	0.00152	0.04232	0.00405	0.00204	0.00522
29	0.01114	0.01018	0.01428	0.35063	0.19200	0.04329	0.02886	0.11864	0.15470	0.01589	0.01039	0.01246	0.00792	0.00483	0.00454	0.00145	0.00544	0.00422	0.00288	0.00627
30	0.01010	0.00963	0.01638	0.36401	0.48499	0.01047	0.01335	0.01293	0.00979	0.01345	0.00833	0.01158	0.00670	0.00424	0.00450	0.00141	0.00566	0.00403	0.00215	0.00628
31	0.01367	0.01004	0.01303	0.22023	0.07701	0.10988	0.06292	0.01670	0.07236	0.26106	0.01301	0.04221	0.00993	0.00562	0.00486	0.00147	0.02181	0.03444	0.00356	0.00621
32	0.09599	0.67830	0.02089	0.00784	0.01150	0.06794	0.00750	0.01416	0.00944	0.04257	0.00679	0.00765	0.00594	0.00403	0.00304	0.00104	0.00489	0.00254	0.00219	0.00576
33	0.04287	0.17694	0.63702	0.01168	0.01770	0.01190	0.01460	0.01416	0.00943	0.01389	0.00772	0.00905	0.00572	0.00422	0.00398	0.00135	0.00623	0.00314	0.00195	0.00646
34	0.01108	0.63095	0.05507	0.00808	0.01140	0.01556	0.00790	0.01275	0.00947	0.01178	0.10622	0.01090	0.01041	0.00492	0.00432	0.00113	0.07683	0.00331	0.00232	0.00559
35	0.01175	0.79010	0.02262	0.00762	0.01132	0.01706	0.00753	0.01325	0.00944	0.01114	0.05744	0.00896	0.00817	0.00422	0.00306	0.00100	0.00467	0.00279	0.00213	0.00572
36	0.00550	0.00403	0.00516	0.00607	0.00651	0.00370	0.00410	0.00634	0.00891	0.01166	0.02793	0.72560	0.14025	0.01381	0.00572	0.00180	0.00258	0.01241	0.00421	0.00370
37	0.00942	0.11398	0.72966	0.01235	0.01873	0.01134	0.01575	0.01426	0.00953	0.01394	0.00793	0.00931	0.00575	0.00426	0.00415	0.00138	0.00649	0.00325	0.00192	0.00660
38	0.01067	0.01058	0.02134	0.22384	0.06124	0.01056	0.48463	0.01405	0.01040	0.06427	0.00990	0.01365	0.00760	0.00442	0.00508	0.00153	0.00677	0.03105	0.00249	0.00592
39	0.00681	0.00491	0.00665	0.00723	0.00805	0.00502	0.00582	0.00834	0.00905	0.01195	0.02131	0.07024	0.07232	0.15643	0.18121	0.00352	0.00571	0.40800	0.00357	0.00386
40	0.00895	0.01008	0.05679	0.01469	0.01797	0.00891	0.50425	0.01186	0.00999	0.01356	0.01422	0.27830	0.01427	0.00719	0.00544	0.00162	0.00598	0.00768	0.00289	0.00536
41	0.01211	0.84348	0.02374	0.00775	0.01163	0.01793	0.00775	0.01357	0.00921	0.01066	0.00630	0.00727	0.00582	0.00388	0.00291	0.00097	0.00485	0.00242	0.00194	0.00582
42	0.00977	0.23033	0.57836	0.01139	0.01711	0.01215	0.01402	0.01392	0.00952	0.01338	0.00841	0.01093	0.00671	0.00458	0.00404	0.00135	0.00611	0.03954	0.00203	0.00636
43	0.01009	0.00862	0.01422	0.24256	0.39513	0.00907	0.01144	0.01254	0.00994	0.06394	0.01204	0.11837	0.01119	0.00609	0.00478	0.00150	0.00504	0.05468	0.00276	0.00599
44	0.00548	0.00460	0.00477	0.00473	0.00620	0.00388	0.00354	0.00675	0.01063	0.01296	0.13904	0.04242	0.71706	0.01121	0.00535	0.00152	0.00228	0.00940	0.00430	0.00388
45	0.01055	0.26024	0.02827	0.00904	0.01155	0.06215	0.09178	0.08740	0.01072	0.04419	0.01458	0.32011	0.01538	0.00802	0.00457	0.00143	0.00453	0.00695	0.00324	0.00528
46	0.01050	0.01165	0.07602	0.35022	0.02160	0.14143	0.10739	0.02561	0.00985	0.03565	0.00894	0.01274	0.00728	0.05833	0.06447	0.00206	0.04453	0.00419	0.00231	0.00524
47	0.00552	0.00394	0.00526	0.00631	0.00657	0.00368	0.00421	0.00631	0.00868	0.01157	0.02498	0.83779	0.02997	0.01420	0.00578	0.00184	0.00263	0.01288	0.00421	0.00368
48	0.01096	0.01031	0.01721	0.18782	0.61847	0.01078	0.01339	0.05009	0.01058	0.01480	0.00854	0.01137	0.00697	0.00420	0.00450	0.00138	0.00550	0.00404	0.00230	0.00677
49	0.02321	0.42736	0.21322	0.06262	0.01478	0.11240	0.01012	0.01373	0.00967	0.01186	0.00809	0.05907	0.00728	0.00476	0.00367	0.00120	0.00562	0.00345	0.00214	0.00577
50	0.00956	0.01552	0.34906	0.11925	0.15539	0.01027	0.18074	0.01353	0.00991	0.01402	0.00967	0.02601	0.00792	0.00485	0.00473	0.00150	0.00637	0.05323	0.00224	0.00624
51	0.00730	0.00522	0.00730	0.00835	0.00939	0.00522	0.00730	0.00939	0.01043	0.01356	0.02399	0.05111	0.02608	0.01252	0.00626	0.00209	0.00417	0.78199	0.00417	0.00417
52	0.01112	0.01329	0.05990	0.12163	0.06455	0.31312	0.00843	0.01362	0.06240	0.01241	0.01875	0.05733	0.21147	0.00685	0.00462	0.00139	0.00557	0.00546	0.00297	0.00512
53	0.00905	0.06600	0.20089	0.03593	0.10913	0.06137	0.04631	0.01239	0.06085	0.01386	0.08075	0.04553	0.17711	0.01615	0.00494	0.00149	0.00481	0.04487	0.00308	0.00552
54	0.02014	0.00802	0.01070	0.00821	0.01172	0.00711	0.00678	0.06952	0.01348	0.76747	0.01745	0.01515	0.01100	0.00560	0.00456	0.00140	0.00392	0.00453	0.00554	0.00771
55	0.02033	0.00771	0.01052	0.00806	0.01157	0.00666	0.00666	0.02208	0.01297	0.81562	0.01788	0.01542	0.01122	0.00561	0.00456	0.00140	0.00386	0.00456	0.00561	0.00771
56	0.01073	0.05078	0.01628	0.06546	0.01649	0.19145	0.28740	0.01339	0.03395	0.01284	0.01562	0.01881	0.13553	0.00775	0.05648	0.00182	0.00664	0.05057	0.00276	0.00526
57	0.00936	0.00822	0.06229	0.08561	0.14063	0.00738	0.05942	0.05526	0.01062	0.07844	0.01909	0.22859	0.08736	0.00874	0.00520	0.00163	0.00438	0.11889	0.00355	0.00534
58	0.01211	0.84348	0.02374	0.00775	0.01163	0.01793	0.00775	0.01357	0.00921	0.01066	0.00630	0.00727	0.00582	0.00388	0.00291	0.00097	0.00485	0.00242	0.00194	0.00582
59	0.01058	0.00598	0.00726	0.00626	0.00833	0.00540	0.00492	0.06133	0.01253	0.23752	0.27359	0.03071	0.29990	0.00878	0.00508	0.00145	0.00285	0.00741	0.00486	0.00529
60	0.01033	0.23047	0.56761	0.01154	0.01725	0.06208	0.01398	0.01438	0.00968	0.01322	0.00760	0.00890	0.00576	0.00422	0.00394	0.00130	0.00632	0.00309	0.00195	0.00639
61	0.01192	0.00983	0.01199	0.01409	0.25120	0.05939	0.00864	0.04433	0.30872	0.06881	0.01387	0.01436	0.01060	0.00522	0.00430	0.00136	0.00423	0.00444	0.14606	0.00662
62	0.00948	0.01003	0.00788	0.00781	0.00905	0.27713	0.00566	0.01069	0.01103	0.01274	0.17138	0.32783	0.10215	0.00980	0.00509	0.00151	0.00435	0.00833	0.00373	0.00433
63	0.01428	0.01751	0.14498	0.09093	0.01628	0.36692	0.01020	0.19057	0.05072	0.01595	0.00924	0.03493	0.00736	0.00513	0.00434	0.00133	0.00663	0.00376	0.00289	0.00606
64	0.01158	0.01376	0.07820	0.13988	0.21076	0.15620	0.28471	0.02466	0.01080	0.01370	0.00841	0.01102	0.00656	0.00419	0.00471	0.00141	0.00686	0.00424	0.00225	0.00612
65	0.49424	0.00862	0.01000	0.31640	0.06787	0.01017	0.00835	0.01270	0.00838	0.01670	0.00710	0.00937	0.00548	0.00432	0.00356	0.00144	0.00457	0.00314	0.00247	0.00510

[dist]
# distance from previous block
# <min> <max>
0	13

[block]
# block no. 2 follows, 57 sequences, length 134
# corresponding to MSA columns:
# 442-507,516-583
name=unknown_C
#
# <colnr> <probs for GDERKNQSTAVLIFYWHMCP>
#	G	D	E	R	K	N	Q	S	T	A	V	L	I	F	Y	W	H	M	C	P
0	0.02148	0.00980	0.07049	0.03661	0.10063	0.00862	0.28705	0.02815	0.03339	0.09048	0.01463	0.24946	0.01405	0.00715	0.00514	0.00157	0.00527	0.00706	0.00324	0.00573
1	0.00646	0.00532	0.00594	0.00530	0.00722	0.00440	0.00403	0.00800	0.01067	0.01410	0.21571	0.03403	0.45383	0.02034	0.00517	0.00137	0.00251	0.00777	0.00405	0.18380
2	0.01983	0.00770	0.01043	0.00803	0.01146	0.00671	0.00662	0.03520	0.01311	0.77622	0.04323	0.01594	0.01217	0.00572	0.00458	0.00140	0.00382	0.00467	0.00557	0.00760
3	0.00945	0.00728	0.00839	0.00817	0.01006	0.00782	0.00659	0.01626	0.37399	0.05523	0.03507	0.06270	0.11326	0.00916	0.00528	0.00172	0.00358	0.25587	0.00446	0.00566
4	0.01024	0.01849	0.45225	0.05801	0.01945	0.08165	0.17042	0.03683	0.01015	0.01398	0.00847	0.01099	0.00650	0.03887	0.00576	0.00158	0.04413	0.00393	0.00214	0.00615
5	0.01122	0.01077	0.01839	0.02781	0.81248	0.01077	0.01391	0.01391	0.01032	0.01480	0.00852	0.01122	0.00718	0.00404	0.00449	0.00135	0.00538	0.00404	0.00224	0.00718
6	0.00592	0.00426	0.00560	0.00600	0.00665	0.00395	0.00422	0.00732	0.01056	0.01453	0.37640	0.46336	0.05042	0.01194	0.00558	0.00165	0.00240	0.01072	0.00456	0.00395
7	0.01122	0.01058	0.01771	0.06089	0.65644	0.01073	0.04843	0.05238	0.03143	0.01554	0.03470	0.01216	0.00846	0.00434	0.00456	0.00137	0.00534	0.00426	0.00250	0.00697
8	0.00573	0.00409	0.00547	0.00651	0.00685	0.00386	0.00452	0.00665	0.00883	0.01174	0.02470	0.74025	0.02934	0.02690	0.00610	0.00191	0.00282	0.09583	0.00418	0.00372
9	0.00552	0.00394	0.00526	0.00631	0.00657	0.00368	0.00421	0.00631	0.00868	0.01157	0.02498	0.83779	0.02997	0.01420	0.00578	0.00184	0.00263	0.01288	0.00421	0.00368
10	0.02675	0.04720	0.02501	0.07182	0.10344	0.02134	0.00733	0.03560	0.00985	0.01479	0.00806	0.00970	0.00664	0.00366	0.00360	0.00088	0.00404	0.00298	0.00259	0.59472
11	0.01027	0.04347	0.36360	0.01990	0.38795	0.01085	0.05731	0.01408	0.00996	0.01446	0.00831	0.01040	0.00649	0.00412	0.00438	0.00137	0.00602	0.00374	0.00210	0.02122
12	0.00641	0.00463	0.00606	0.00570	0.00677	0.00428	0.00428	0.00855	0.01283	0.01817	0.81009	0.03385	0.04276	0.00926	0.00534	0.00143	0.00214	0.00819	0.00499	0.00428
13	0.00864	0.00822	0.07045	0.05129	0.14681	0.00735	0.00806	0.07135	0.05955	0.01650	0.27418	0.06679	0.08348	0.00809	0.00511	0.00153	0.00381	0.09956	0.00389	0.00535
14	0.03556	0.38851	0.03114	0.00994	0.04666	0.09812	0.00843	0.28411	0.01376	0.01737	0.00841	0.02357	0.00693	0.00470	0.00373	0.00117	0.00522	0.00332	0.00295	0.00642
15	0.00753	0.00580	0.00664	0.00619	0.00778	0.00571	0.00471	0.01164	0.18187	0.03902	0.38677	0.03265	0.26794	0.00916	0.00517	0.00148	0.00254	0.00785	0.00469	0.00486
16	0.00559	0.00399	0.00533	0.00638	0.00668	0.00374	0.00432	0.00642	0.00874	0.01164	0.02494	0.80877	0.02983	0.01413	0.00580	0.00185	0.00269	0.04126	0.00421	0.00370
17	0.01483	0.01127	0.01253	0.03386	0.01360	0.05857	0.04344	0.48064	0.06365	0.07764	0.01346	0.13106	0.01133	0.00661	0.00473	0.00144	0.00482	0.00544	0.00426	0.00680
18	0.01053	0.01006	0.01715	0.23592	0.60977	0.01059	0.01356	0.01330	0.00999	0.01397	0.00840	0.01144	0.00688	0.00417	0.00450	0.00139	0.00555	0.00403	0.00218	0.00662
19	0.01846	0.00842	0.01102	0.00860	0.01172	0.00814	0.00709	0.12330	0.01356	0.61033	0.04957	0.01514	0.01165	0.00594	0.00545	0.00145	0.07310	0.00460	0.00514	0.00734
20	0.01425	0.29375	0.01670	0.01031	0.01289	0.37317	0.00859	0.06795	0.01128	0.01209	0.00687	0.00832	0.00597	0.00497	0.00540	0.00124	0.13539	0.00299	0.00230	0.00556
21	0.00557	0.00399	0.00536	0.00636	0.00665	0.00378	0.00428	0.00640	0.00861	0.01152	0.02434	0.79755	0.02906	0.01517	0.04588	0.00211	0.00310	0.01249	0.00412	0.00370
22	0.01958	0.00756	0.01034	0.00802	0.01138	0.00661	0.00661	0.02132	0.01266	0.77185	0.01756	0.01555	0.01122	0.00715	0.04904	0.00172	0.00431	0.00457	0.00544	0.00751
23	0.00970	0.52266	0.04302	0.00687	0.00999	0.01277	0.00658	0.01122	0.00973	0.01163	0.05775	0.01960	0.25022	0.00645	0.00381	0.00118	0.00400	0.00489	0.00277	0.00517
24	0.01425	0.01080	0.01165	0.00957	0.01265	0.01198	0.00768	0.37811	0.36306	0.06216	0.01481	0.03449	0.01109	0.00592	0.00457	0.00143	0.00421	0.00474	0.00456	0.03228
25	0.00536	0.00459	0.00459	0.00459	0.00612	0.00383	0.00344	0.00650	0.01033	0.01224	0.04590	0.04361	0.81065	0.01148	0.00536	0.00153	0.00230	0.00956	0.00421	0.00383
26	0.00552	0.00394	0.00526	0.00631	0.00657	0.00368	0.00421	0.00631	0.00868	0.01157	0.02498	0.83779	0.02997	0.01420	0.00578	0.00184	0.00263	0.01288	0.00421	0.00368
27	0.01211	0.84348	0.02374	0.00775	0.01163	0.01793	0.00775	0.01357	0.00921	0.01066	0.00630	0.00727	0.00582	0.00388	0.00291	0.00097	0.00485	0.00242	0.00194	0.00582
28	0.04972	0.02110	0.01260	0.01145	0.01381	0.79143	0.00861	0.01791	0.01264	0.01144	0.00698	0.00814	0.00580	0.00465	0.00404	0.00118	0.00799	0.00290	0.00235	0.00524
29	0.01693	0.02160	0.01284	0.01167	0.01401	0.82256	0.00876	0.01809	0.01284	0.01109	0.00700	0.00817	0.00584	0.00467	0.00409	0.00117	0.00817	0.00292	0.00233	0.00525
30	0.00552	0.00394	0.00526	0.00631	0.00657	0.00368	0.00421	0.00631	0.00868	0.01157	0.02498	0.83779	0.02997	0.01420	0.00578	0.00184	0.00263	0.01288	0.00421	0.00368
31	0.00552	0.00394	0.00526	0.00631	0.00657	0.00368	0.00421	0.00631	0.00868	0.01157	0.02498	0.83779	0.02997	0.01420	0.00578	0.00184	0.00263	0.01288	0.00421	0.00368
32	0.01025	0.05788	0.39779	0.01479	0.02016	0.01091	0.33408	0.01446	0.01012	0.04713	0.00937	0.03543	0.00715	0.00443	0.00472	0.00146	0.00675	0.00445	0.00229	0.00637
33	0.01846	0.01004	0.01183	0.00910	0.01259	0.01020	0.00751	0.40028	0.01694	0.40756	0.01437	0.01325	0.00951	0.00552	0.00450	0.00137	0.00436	0.00431	0.03069	0.00761
34	0.00641	0.00463	0.00606	0.00570	0.00677	0.00428	0.00428	0.00855	0.01283	0.01817	0.81009	0.03385	0.04276	0.00926	0.00534	0.00143	0.00214	0.00819	0.00499	0.00428
35	0.00864	0.00813	0.01373	0.80599	0.05446	0.01009	0.01262	0.01165	0.00910	0.01167	0.00807	0.01206	0.00607	0.00452	0.00453	0.00151	0.00602	0.00403	0.00202	0.00510
36	0.00547	0.00434	0.00492	0.00532	0.00633	0.00379	0.00378	0.00652	0.00979	0.01225	0.07344	0.35650	0.46667	0.01245	0.00552	0.00165	0.00242	0.01081	0.00424	0.00379
37	0.00787	0.00394	0.00590	0.00590	0.00590	0.00394	0.00394	0.00590	0.00590	0.00787	0.00787	0.01377	0.00787	0.01574	0.01771	0.86816	0.00394	0.00394	0.00197	0.00197
38	0.00552	0.00394	0.00526	0.00631	0.00657	0.00368	0.00421	0.00631	0.00868	0.01157	0.02498	0.83779	0.02997	0.01420	0.00578	0.00184	0.00263	0.01288	0.00421	0.00368
39	0.00909	0.02344	0.81727	0.01292	0.01961	0.01052	0.01674	0.01435	0.00957	0.01435	0.00813	0.00957	0.00574	0.00431	0.00431	0.00144	0.00670	0.00335	0.00191	0.00670
40	0.00940	0.00805	0.00940	0.00671	0.01074	0.00604	0.00537	0.01141	0.00940	0.01477	0.00805	0.00940	0.00671	0.00336	0.00336	0.00067	0.00336	0.00268	0.00268	0.86845
41	0.00552	0.00394	0.00526	0.00631	0.00657	0.00368	0.00421	0.00631	0.00868	0.01157	0.02498	0.83779	0.02997	0.01420	0.00578	0.00184	0.00263	0.01288	0.00421	0.00368
42	0.00940	0.00805	0.00940	0.00671	0.01074	0.00604	0.00537	0.01141	0.00940	0.01477	0.00805	0.00940	0.00671	0.00336	0.00336	0.00067	0.00336	0.00268	0.00268	0.86845
43	0.01211	0.84348	0.02374	0.00775	0.01163	0.01793	0.00775	0.01357	0.00921	0.01066	0.00630	0.00727	0.00582	0.00388	0.00291	0.00097	0.00485	0.00242	0.00194	0.00582
44	0.36799	0.00853	0.00932	0.04771	0.01157	0.00881	0.00638	0.07516	0.01124	0.39301	0.01215	0.01163	0.00812	0.00497	0.00384	0.00140	0.00390	0.00364	0.00421	0.00643
45	0.01723	0.01269	0.01360	0.01043	0.01405	0.01405	0.00861	0.79738	0.02131	0.02856	0.01088	0.01088	0.00771	0.00544	0.00453	0.00136	0.00499	0.00408	0.00453	0.00771
46	0.00612	0.00437	0.00594	0.00699	0.00751	0.00419	0.00524	0.00734	0.00926	0.01223	0.02465	0.57498	0.02867	0.01364	0.00594	0.00192	0.00314	0.26983	0.00420	0.00384
47	0.00940	0.00805	0.00940	0.00671	0.01074	0.00604	0.00537	0.01141	0.00940	0.01477	0.00805	0.00940	0.00671	0.00336	0.00336	0.00067	0.00336	0.00268	0.00268	0.86845
48	0.01898	0.00988	0.01186	0.00909	0.01265	0.00988	0.00751	0.35928	0.01659	0.47331	0.01483	0.01345	0.00969	0.00553	0.00455	0.00138	0.00435	0.00435	0.00514	0.00771
49	0.00653	0.00465	0.00624	0.00624	0.00669	0.00510	0.00436	0.00742	0.00697	0.00975	0.01309	0.02308	0.01362	0.39354	0.46637	0.00599	0.00869	0.00563	0.00257	0.00347
50	0.01006	0.01874	0.48434	0.01512	0.02089	0.01103	0.30879	0.04978	0.01052	0.01505	0.00864	0.01062	0.00625	0.00417	0.00471	0.00147	0.00697	0.00413	0.00217	0.00652
51	0.00536	0.00459	0.00459	0.00459	0.00612	0.00383	0.00344	0.00650	0.01033	0.01224	0.04590	0.04361	0.81065	0.01148	0.00536	0.00153	0.00230	0.00956	0.00421	0.00383
52	0.01070	0.01222	0.02674	0.01910	0.02368	0.01146	0.79603	0.01451	0.01070	0.01451	0.00917	0.01222	0.00688	0.00382	0.00535	0.00153	0.00764	0.00535	0.00229	0.00611
53	0.01112	0.01134	0.05447	0.02714	0.77668	0.01076	0.01403	0.01393	0.01028	0.01478	0.00851	0.01114	0.00711	0.00405	0.00448	0.00135	0.00544	0.00401	0.00223	0.00716
54	0.01260	0.03762	0.35191	0.01111	0.01580	0.02611	0.01169	0.32157	0.09656	0.02039	0.04321	0.01176	0.00887	0.00514	0.00443	0.00140	0.00550	0.00399	0.00335	0.00699
55	0.00552	0.00394	0.00526	0.00631	0.00657	0.00368	0.00421	0.00631	0.00868	0.01157	0.02498	0.83779	0.02997	0.01420	0.00578	0.00184	0.00263	0.01288	0.00421	0.00368
56	0.00609	0.00438	0.00493	0.00513	0.00560	0.00413	0.00325	0.00656	0.00802	0.01027	0.02484	0.16809	0.23572	0.46423	0.01510	0.00315	0.00352	0.02036	0.00341	0.00322
57	0.01484	0.08208	0.01480	0.01090	0.02567	0.04929	0.11619	0.12426	0.04107	0.27997	0.01227	0.03322	0.00913	0.00664	0.03284	0.00166	0.13040	0.00448	0.00376	0.00654
58	0.01841	0.00929	0.05475	0.02237	0.01259	0.00811	0.00756	0.13805	0.03810	0.59538	0.01632	0.03508	0.01086	0.00573	0.00457	0.00141	0.00418	0.00464	0.00512	0.00749
59	0.00553	0.00409	0.00518	0.00597	0.00650	0.00374	0.00407	0.00645	0.00918	0.01201	0.06726	0.65613	0.17038	0.01347	0.00569	0.00176	0.00255	0.01206	0.00424	0.00374
60	0.02840	0.14278	0.32103	0.02631	0.07190	0.07898	0.04998	0.01512	0.09639	0.03446	0.06193	0.01277	0.03088	0.00497	0.00425	0.00135	0.00559	0.00401	0.00266	0.00622
61	0.01289	0.12063	0.01411	0.10408	0.11464	0.14342	0.00902	0.11497	0.22851	0.04554	0.03967	0.01277	0.00994	0.00517	0.00429	0.00134	0.00513	0.00411	0.00334	0.00643
62	0.00552	0.00394	0.00526	0.00631	0.00657	0.00368	0.00421	0.00631	0.00868	0.01157	0.02498	0.83779	0.02997	0.01420	0.00578	0.00184	0.00263	0.01288	0.00421	0.00368
63	0.00940	0.00805	0.00940	0.00671	0.01074	0.00604	0.00537	0.01141	0.00940	0.01477	0.00805	0.00940	0.00671	0.00336	0.00336	0.00067	0.00336	0.00268	0.00268	0.86845
64	0.00541	0.00459	0.00467	0.00465	0.00616	0.00385	0.00349	0.00662	0.01047	0.01257	0.08770	0.04308	0.76865	0.01136	0.00535	0.00152	0.00229	0.00949	0.00425	0.00385
65	0.01151	0.01086	0.01816	0.02696	0.77330	0.01093	0.01365	0.05236	0.01086	0.01548	0.00864	0.01120	0.00720	0.00411	0.00449	0.00135	0.00536	0.00404	0.00236	0.00720
66	0.01154	0.00987	0.01040	0.00928	0.01189	0.01140	0.00724	0.05900	0.76894	0.01939	0.01810	0.01663	0.01356	0.00612	0.00461	0.00153	0.00365	0.00508	0.00461	0.00720
67	0.01005	0.35816	0.32120	0.00929	0.01384	0.01261	0.01048	0.04494	0.01003	0.01306	0.01379	0.01435	0.14018	0.00537	0.00391	0.00126	0.00513	0.00403	0.00241	0.00590
68	0.00991	0.00991	0.01388	0.01190	0.01190	0.01388	0.00991	0.01091	0.00694	0.01091	0.00595	0.00991	0.00595	0.00793	0.01487	0.00198	0.83246	0.00397	0.00198	0.00496
69	0.00552	0.00394	0.00526	0.00631	0.00657	0.00368	0.00421	0.00631	0.00868	0.01157	0.02498	0.83779	0.02997	0.01420	0.00578	0.00184	0.00263	0.01288	0.00421	0.00368
70	0.00980	0.00844	0.01335	0.21100	0.34243	0.00884	0.01045	0.05052	0.01124	0.03948	0.20377	0.01806	0.04184	0.00578	0.00474	0.00141	0.00459	0.00524	0.00313	0.00590
71	0.01306	0.01788	0.53217	0.01120	0.01677	0.00916	0.01318	0.01708	0.01077	0.29752	0.01158	0.01164	0.00768	0.00477	0.00439	0.00142	0.00569	0.00378	0.00322	0.00706
72	0.01723	0.01269	0.01360	0.01043	0.01405	0.01405	0.00861	0.79738	0.02131	0.02856	0.01088	0.01088	0.00771	0.00544	0.00453	0.00136	0.00499	0.00408	0.00453	0.00771
73	0.81428	0.00922	0.00729	0.00697	0.03971	0.03437	0.00537	0.01348	0.00796	0.01984	0.00641	0.00753	0.00502	0.00421	0.00291	0.00139	0.00372	0.00253	0.00277	0.00500
74	0.00551	0.00414	0.00512	0.00589	0.00651	0.00375	0.00406	0.00642	0.00915	0.01179	0.03057	0.60949	0.23933	0.01343	0.00568	0.00176	0.00257	0.02689	0.00421	0.00373
75	0.87276	0.00876	0.00666	0.00596	0.00876	0.01017	0.00491	0.01332	0.00771	0.02033	0.00631	0.00736	0.00491	0.00421	0.00280	0.00140	0.00351	0.00245	0.00280	0.00491
76	0.01055	0.01017	0.01755	0.22178	0.59299	0.01062	0.04355	0.01337	0.01003	0.01401	0.00843	0.01146	0.00689	0.00415	0.00453	0.00139	0.00563	0.00409	0.00219	0.00662
77	0.00652	0.00468	0.00597	0.00562	0.00678	0.00427	0.00423	0.00855	0.01257	0.03020	0.71716	0.03458	0.12301	0.00944	0.00533	0.00144	0.00218	0.00828	0.00492	0.00428
78	0.00626	0.00453	0.00599	0.00641	0.00723	0.00426	0.00485	0.00790	0.01085	0.01476	0.35200	0.30167	0.06966	0.01167	0.00568	0.00171	0.00274	0.17328	0.00452	0.00404
79	0.00609	0.00478	0.00553	0.00543	0.00669	0.00434	0.00404	0.00815	0.04709	0.01500	0.36698	0.11187	0.37648	0.01055	0.00536	0.00151	0.00232	0.00909	0.00456	0.00415
80	0.00658	0.00442	0.00505	0.00505	0.00509	0.00445	0.00289	0.00666	0.00662	0.00887	0.01417	0.02908	0.01623	0.80187	0.06160	0.00453	0.00477	0.00651	0.00273	0.00281
81	0.00647	0.00485	0.00728	0.00728	0.00809	0.00566	0.00566	0.00809	0.00728	0.01052	0.01214	0.01780	0.01133	0.03398	0.82279	0.00728	0.01214	0.00485	0.00243	0.00405
82	0.01101	0.01110	0.01950	0.05171	0.01922	0.01140	0.43821	0.04060	0.31246	0.01647	0.01269	0.01396	0.00950	0.00478	0.00501	0.00153	0.00595	0.00517	0.00322	0.00651
83	0.01020	0.00973	0.01655	0.33513	0.51313	0.01050	0.01340	0.01301	0.00984	0.01357	0.00834	0.01155	0.00674	0.00423	0.00450	0.00141	0.00564	0.00403	0.00216	0.00636
84	0.01723	0.01269	0.01360	0.01043	0.01405	0.01405	0.00861	0.79738	0.02131	0.02856	0.01088	0.01088	0.00771	0.00544	0.00453	0.00136	0.00499	0.00408	0.00453	0.00771
85	0.01136	0.01084	0.01843	0.02721	0.77752	0.01086	0.02854	0.03361	0.01060	0.01514	0.00859	0.01123	0.00719	0.00407	0.00450	0.00135	0.00542	0.00406	0.00230	0.00717
86	0.00895	0.00856	0.01469	0.69574	0.11135	0.01027	0.04806	0.01194	0.00923	0.01203	0.00812	0.01196	0.00619	0.00451	0.00475	0.00150	0.02073	0.00409	0.00205	0.00530
87	0.00837	0.00672	0.00783	0.00699	0.00889	0.00681	0.00537	0.01406	0.27686	0.01805	0.45537	0.02544	0.02904	0.00756	0.00488	0.00138	0.00276	0.00655	0.00460	0.10248
88	0.00940	0.06667	0.68468	0.01305	0.01918	0.01112	0.07382	0.01419	0.00953	0.01403	0.00803	0.00965	0.00584	0.00438	0.00471	0.00144	0.03830	0.00347	0.00195	0.00654
89	0.01089	0.00792	0.01012	0.00755	0.01114	0.00639	0.03915	0.01282	0.00989	0.13977	0.01084	0.07195	0.00913	0.00465	0.00411	0.00094	0.02500	0.00388	0.00322	0.61064
90	0.01384	0.01294	0.01668	0.05272	0.18324	0.15843	0.17341	0.19724	0.01346	0.06887	0.00977	0.02475	0.00756	0.00470	0.00458	0.00135	0.00607	0.00424	0.00306	0.04310
91	0.00550	0.00402	0.00518	0.00612	0.00652	0.00370	0.00412	0.00633	0.00886	0.01164	0.02733	0.74843	0.11781	0.01389	0.00574	0.00181	0.00259	0.01251	0.00421	0.00370
92	0.01447	0.00964	0.01519	0.01976	0.48507	0.00928	0.01095	0.04200	0.01162	0.29314	0.02395	0.01298	0.00913	0.00470	0.00451	0.00136	0.00476	0.00426	0.00353	0.01970
93	0.00959	0.00914	0.01561	0.51639	0.32332	0.01035	0.02609	0.01250	0.00956	0.01283	0.00825	0.01176	0.00648	0.00433	0.00453	0.00145	0.00582	0.00405	0.00210	0.00585
94	0.00604	0.00489	0.00573	0.00588	0.00709	0.00450	0.01648	0.00803	0.06572	0.01296	0.08510	0.28994	0.42122	0.01173	0.00547	0.00164	0.00263	0.03662	0.00425	0.00409
95	0.01528	0.00659	0.00890	0.00720	0.00983	0.00579	0.00579	0.01717	0.01292	0.52604	0.30555	0.02211	0.02267	0.00694	0.00484	0.00141	0.00323	0.00588	0.00538	0.00646
96	0.01134	0.63427	0.22619	0.00907	0.01367	0.01604	0.01005	0.01377	0.00930	0.01160	0.00677	0.00786	0.00580	0.00399	0.00326	0.00109	0.00532	0.00266	0.00193	0.00604
97	0.01002	0.00934	0.01547	0.47631	0.33558	0.01054	0.01291	0.05106	0.01015	0.01367	0.00838	0.01168	0.00657	0.00438	0.00451	0.00144	0.00573	0.00403	0.00223	0.00600
98	0.00563	0.00403	0.00538	0.00641	0.00674	0.00378	0.00439	0.00651	0.00881	0.01170	0.02523	0.77575	0.04150	0.01405	0.00581	0.00185	0.00272	0.06178	0.00420	0.00371
99	0.00567	0.00460	0.00503	0.00492	0.00631	0.00396	0.00369	0.00711	0.01107	0.01400	0.27297	0.04071	0.58248	0.01082	0.00535	0.00150	0.00225	0.00916	0.00444	0.00396
100	0.45054	0.00853	0.00875	0.00714	0.01030	0.00886	0.00589	0.06280	0.01080	0.36826	0.01163	0.01109	0.00783	0.00489	0.00367	0.00140	0.00374	0.00347	0.00413	0.00630
101	0.01065	0.44739	0.40703	0.01025	0.01549	0.01435	0.01210	0.01395	0.00938	0.01244	0.00718	0.00838	0.00578	0.00408	0.00358	0.00119	0.00574	0.00287	0.00193	0.00624
102	0.00787	0.00394	0.00590	0.00590	0.00590	0.00394	0.00394	0.00590	0.00590	0.00787	0.00787	0.01377	0.00787	0.01574	0.01771	0.86816	0.00394	0.00394	0.00197	0.00197
103	0.01127	0.00973	0.01025	0.00922	0.01178	0.01127	0.00717	0.02408	0.80430	0.01896	0.01844	0.01691	0.01383	0.00615	0.00461	0.00154	0.00359	0.00512	0.00461	0.00717
104	0.00856	0.00805	0.01359	0.82986	0.03121	0.01007	0.01258	0.01158	0.00906	0.01158	0.00805	0.01208	0.00604	0.00453	0.00453	0.00151	0.00604	0.00403	0.00201	0.00503
105	0.00940	0.00805	0.00940	0.00671	0.01074	0.00604	0.00537	0.01141	0.00940	0.01477	0.00805	0.00940	0.00671	0.00336	0.00336	0.00067	0.00336	0.00268	0.00268	0.86845
106	0.00538	0.00457	0.00463	0.00466	0.00614	0.00383	0.00348	0.00653	0.01032	0.01231	0.05667	0.06710	0.77596	0.01152	0.00537	0.00154	0.00230	0.00964	0.00422	0.00383
107	0.00591	0.00454	0.00551	0.00613	0.00711	0.00413	0.00469	0.00718	0.00980	0.01236	0.03328	0.31086	0.34810	0.01265	0.00573	0.00178	0.00289	0.20928	0.00420	0.00387
108	0.54455	0.01315	0.00930	0.00894	0.04996	0.28160	0.00663	0.01494	0.00955	0.01697	0.00665	0.00782	0.00533	0.00435	0.00331	0.00132	0.00516	0.00269	0.00262	0.00513
109	0.01479	0.00886	0.01390	0.17665	0.29847	0.00878	0.01039	0.01713	0.01126	0.37449	0.01264	0.01328	0.00877	0.00484	0.00453	0.00140	0.00483	0.00427	0.00371	0.00700
110	0.01693	0.01247	0.01339	0.01032	0.01386	0.01379	0.00850	0.77749	0.02099	0.02813	0.01123	0.03167	0.00827	0.00566	0.00456	0.00137	0.00493	0.00430	0.00452	0.00760
111	0.01211	0.84348	0.02374	0.00775	0.01163	0.01793	0.00775	0.01357	0.00921	0.01066	0.00630	0.00727	0.00582	0.00388	0.00291	0.00097	0.00485	0.00242	0.00194	0.00582
112	0.01703	0.01862	0.01309	0.01126	0.01402	0.55245	0.00871	0.27844	0.01567	0.01693	0.00830	0.00908	0.00646	0.00493	0.00424	0.00123	0.00711	0.00331	0.00307	0.00607
113	0.00647	0.00485	0.00728	0.00728	0.00809	0.00566	0.00566	0.00809	0.00728	0.01052	0.01214	0.01780	0.01133	0.03398	0.82279	0.00728	0.01214	0.00485	0.00243	0.00405
114	0.00963	0.00917	0.01541	0.48443	0.32332	0.01054	0.01294	0.01241	0.00942	0.01275	0.00812	0.01164	0.00646	0.00453	0.00508	0.00147	0.05073	0.00403	0.00210	0.00583
115	0.01266	0.72066	0.05833	0.00820	0.01210	0.05647	0.00815	0.01429	0.00961	0.05461	0.00705	0.00786	0.00611	0.00403	0.00312	0.00102	0.00504	0.00261	0.00216	0.00593
116	0.01007	0.00952	0.01612	0.29461	0.50512	0.01019	0.01303	0.01282	0.00988	0.01362	0.00927	0.02680	0.00795	0.00472	0.00460	0.00144	0.00551	0.03619	0.00228	0.00628
117	0.01022	0.00904	0.01320	0.41127	0.06527	0.01046	0.04885	0.10227	0.18761	0.01593	0.07028	0.01459	0.01079	0.00528	0.00465	0.00148	0.00513	0.00465	0.00312	0.00592
118	0.00583	0.00461	0.00525	0.00509	0.00641	0.00403	0.00381	0.00742	0.01144	0.01489	0.38743	0.03925	0.46746	0.01049	0.00535	0.00148	0.00222	0.00895	0.00456	0.00403
119	0.00993	0.00915	0.05367	0.07913	0.04516	0.00873	0.21059	0.04809	0.04808	0.06822	0.01526	0.12459	0.01466	0.02031	0.00611	0.00173	0.05021	0.17758	0.00333	0.00547
120	0.00983	0.00888	0.02506	0.03333	0.18467	0.00900	0.12902	0.05616	0.17067	0.01425	0.01267	0.01866	0.01157	0.28406	0.01085	0.00244	0.00505	0.00530	0.00301	0.00550
121	0.06234	0.00799	0.01003	0.10131	0.01244	0.06849	0.05478	0.01062	0.04804	0.01267	0.01698	0.29814	0.05964	0.00938	0.00687	0.00172	0.15153	0.05919	0.00324	0.00461
122	0.01111	0.19557	0.47815	0.01180	0.01724	0.04369	0.05493	0.10966	0.01110	0.01518	0.00809	0.00933	0.00606	0.00434	0.00408	0.00132	0.00620	0.00333	0.00227	0.00655
123	0.00655	0.00457	0.00582	0.00582	0.00613	0.00487	0.00384	0.00715	0.00685	0.00944	0.01347	0.02519	0.01454	0.53719	0.32397	0.00548	0.00731	0.00594	0.00263	0.00323
124	0.01364	0.55761	0.01998	0.00912	0.01241	0.28097	0.00813	0.01499	0.01035	0.01081	0.00652	0.00762	0.00582	0.00422	0.00354	0.00105	0.02292	0.00262	0.00207	0.00561
125	0.01069	0.00836	0.01250	0.03751	0.24252	0.00809	0.05114	0.08602	0.01195	0.08731	0.21698	0.04148	0.01746	0.00690	0.03271	0.00152	0.00441	0.00535	0.00358	0.11353
126	0.01258	0.03182	0.34905	0.03524	0.01637	0.11584	0.03347	0.10031	0.08263	0.11125	0.01052	0.02393	0.00777	0.00510	0.00488	0.00143	0.04433	0.00391	0.00298	0.00657
127	0.01094	0.03545	0.04142	0.17757	0.43102	0.01081	0.13001	0.01433	0.04604	0.04487	0.00926	0.01178	0.00729	0.00426	0.00458	0.00141	0.00573	0.00423	0.00242	0.00657
128	0.00787	0.06256	0.00954	0.00782	0.00850	0.00781	0.04111	0.02156	0.00774	0.01063	0.01330	0.13712	0.01468	0.34218	0.09135	0.00332	0.17809	0.02812	0.00276	0.00394
129	0.01106	0.01013	0.07263	0.33515	0.03086	0.01030	0.05296	0.15111	0.12515	0.06244	0.01215	0.08473	0.00987	0.00577	0.00468	0.00150	0.00521	0.00502	0.00323	0.00605
130	0.04654	0.01498	0.04737	0.05245	0.30608	0.32150	0.01068	0.05791	0.01177	0.03733	0.00991	0.01144	0.04290	0.00478	0.00431	0.00130	0.00626	0.00379	0.00259	0.00613
131	0.01181	0.05630	0.01820	0.02169	0.49904	0.05065	0.11870	0.04641	0.01101	0.05109	0.03975	0.01222	0.00868	0.00523	0.02831	0.00152	0.00578	0.00428	0.00259	0.00671
132	0.01086	0.00703	0.00872	0.03975	0.03349	0.02114	0.00626	0.13622	0.05470	0.15821	0.01905	0.40496	0.01930	0.01098	0.04529	0.00190	0.00405	0.00841	0.00427	0.00543
133	0.01488	0.00875	0.01199	0.05075	0.05667	0.00850	0.06018	0.17929	0.01371	0.32614	0.06607	0.01844	0.04644	0.00616	0.00474	0.00142	0.00435	0.06057	0.00443	0.05652

[dist]
# distance from previous block
# <min> <max>
0	21

[block]
# block no. 3 follows, 57 sequences, length 41
# corresponding to MSA columns:
# 625-665
name=unknown_D
#
# <colnr> <probs for GDERKNQSTAVLIFYWHMCP>
#	G	D	E	R	K	N	Q	S	T	A	V	L	I	F	Y	W	H	M	C	P
0	0.05452	0.16950	0.07050	0.09337	0.26771	0.01182	0.13211	0.03981	0.01049	0.09506	0.00904	0.01082	0.00698	0.00425	0.00424	0.00133	0.00552	0.00386	0.00259	0.00648
1	0.17664	0.09938	0.11057	0.06002	0.09317	0.07509	0.05053	0.02919	0.12061	0.02854	0.00922	0.01037	0.00718	0.00442	0.00388	0.00128	0.00498	0.00346	0.00275	0.10873
2	0.01232	0.01093	0.09276	0.06055	0.14390	0.01016	0.04604	0.22158	0.09174	0.09136	0.03476	0.07127	0.02199	0.00780	0.06043	0.00184	0.00537	0.00506	0.00360	0.00656
3	0.02691	0.01538	0.29579	0.01668	0.27546	0.02386	0.01288	0.12048	0.11430	0.03933	0.01018	0.01133	0.00766	0.00465	0.00441	0.00140	0.00553	0.00391	0.00285	0.00702
4	0.10408	0.06709	0.01198	0.00958	0.06597	0.00935	0.02423	0.10607	0.03396	0.25094	0.03927	0.01262	0.00954	0.00632	0.04066	0.00154	0.05017	0.00393	0.00376	0.14893
5	0.07155	0.01016	0.01771	0.08794	0.42950	0.01017	0.17454	0.01411	0.01025	0.07807	0.00993	0.04792	0.00818	0.00462	0.00461	0.00143	0.00553	0.00463	0.00263	0.00651
6	0.01358	0.07680	0.01258	0.00956	0.01263	0.01285	0.00776	0.31492	0.44607	0.02192	0.01463	0.01387	0.01089	0.00570	0.00445	0.00143	0.00421	0.00452	0.00437	0.00727
7	0.00742	0.00485	0.00628	0.00661	0.00754	0.00443	0.00464	0.03170	0.00947	0.08022	0.02263	0.67874	0.02590	0.01236	0.00545	0.00170	0.00286	0.01112	0.00422	0.07188
8	0.00915	0.00541	0.00791	0.00743	0.00876	0.00586	0.00586	0.01079	0.00838	0.16587	0.01324	0.01734	0.01131	0.02851	0.66491	0.00615	0.01054	0.00480	0.00304	0.00475
9	0.00923	0.02243	0.74628	0.01347	0.01998	0.01061	0.08673	0.01437	0.00967	0.01437	0.00822	0.00981	0.00584	0.00426	0.00440	0.00144	0.00678	0.00353	0.00195	0.00664
10	0.01035	0.02833	0.24490	0.01513	0.07411	0.00981	0.33607	0.01388	0.01023	0.07739	0.01165	0.12544	0.01009	0.00555	0.00495	0.00151	0.00618	0.00562	0.00270	0.00614
11	0.01798	0.01139	0.01349	0.01044	0.01393	0.12510	0.10108	0.20163	0.01463	0.42228	0.01366	0.01295	0.00912	0.00522	0.00458	0.00137	0.00518	0.00431	0.00450	0.00717
12	0.02033	0.00771	0.01052	0.00806	0.01157	0.00666	0.00666	0.02208	0.01297	0.81562	0.01788	0.01542	0.01122	0.00561	0.00456	0.00140	0.00386	0.00456	0.00561	0.00771
13	0.01382	0.06999	0.30642	0.00953	0.01389	0.00848	0.01009	0.01674	0.01101	0.36816	0.01531	0.07902	0.04549	0.00595	0.00448	0.00142	0.00480	0.00485	0.00383	0.00672
14	0.00865	0.00814	0.01375	0.80320	0.05718	0.01009	0.01263	0.01165	0.00910	0.01168	0.00807	0.01205	0.00608	0.00451	0.00453	0.00150	0.00602	0.00403	0.00202	0.00510
15	0.00856	0.00805	0.01359	0.82986	0.03121	0.01007	0.01258	0.01158	0.00906	0.01158	0.00805	0.01208	0.00604	0.00453	0.00453	0.00151	0.00604	0.00403	0.00201	0.00503
16	0.05559	0.01676	0.01428	0.07344	0.25652	0.48131	0.01040	0.01614	0.01157	0.01269	0.00750	0.00933	0.00621	0.00445	0.00418	0.00126	0.00696	0.00331	0.00231	0.00580
17	0.00856	0.00805	0.01359	0.82986	0.03121	0.01007	0.01258	0.01158	0.00906	0.01158	0.00805	0.01208	0.00604	0.00453	0.00453	0.00151	0.00604	0.00403	0.00201	0.00503
18	0.02033	0.00771	0.01052	0.00806	0.01157	0.00666	0.00666	0.02208	0.01297	0.81562	0.01788	0.01542	0.01122	0.00561	0.00456	0.00140	0.00386	0.00456	0.00561	0.00771
19	0.01878	0.00804	0.01102	0.00863	0.01162	0.00774	0.00714	0.02042	0.01207	0.69575	0.01610	0.01460	0.01043	0.00595	0.00609	0.00149	0.12729	0.00447	0.00507	0.00730
20	0.01218	0.00600	0.00736	0.00623	0.00862	0.00513	0.00495	0.01367	0.01169	0.37490	0.08534	0.03023	0.39785	0.00868	0.00499	0.00147	0.00299	0.00721	0.00489	0.00561
21	0.00940	0.00805	0.00940	0.00671	0.01074	0.00604	0.00537	0.01141	0.00940	0.01477	0.00805	0.00940	0.00671	0.00336	0.00336	0.00067	0.00336	0.00268	0.00268	0.86845
22	0.01683	0.00986	0.01194	0.00933	0.01265	0.01012	0.03282	0.33141	0.10325	0.33282	0.06884	0.01492	0.01211	0.00579	0.00463	0.00141	0.00428	0.00470	0.00492	0.00736
23	0.01578	0.00960	0.01691	0.01245	0.01636	0.00874	0.32001	0.01882	0.04495	0.43854	0.01413	0.01402	0.00946	0.00485	0.00483	0.00143	0.00533	0.00483	0.00416	0.03481
24	0.07868	0.00902	0.01254	0.35574	0.02056	0.01046	0.06436	0.01719	0.31168	0.05464	0.01243	0.01372	0.00923	0.00512	0.00448	0.00151	0.00491	0.00444	0.00326	0.00604
25	0.01181	0.01067	0.01052	0.00929	0.01197	0.07519	0.00723	0.05209	0.65641	0.01841	0.01653	0.01546	0.01247	0.00581	0.00448	0.00144	0.00399	0.00474	0.00429	0.06721
26	0.01298	0.00981	0.04575	0.00899	0.01188	0.01006	0.00739	0.08714	0.49325	0.16807	0.07987	0.01714	0.01476	0.00615	0.00464	0.00148	0.00378	0.00509	0.00470	0.00707
27	0.01497	0.36770	0.01628	0.00826	0.01164	0.06912	0.00729	0.07865	0.04680	0.26225	0.06560	0.01238	0.01051	0.00506	0.00387	0.00120	0.00454	0.00376	0.00363	0.00647
28	0.00647	0.00485	0.00728	0.00728	0.00809	0.00566	0.00566	0.00809	0.00728	0.01052	0.01214	0.01780	0.01133	0.03398	0.82279	0.00728	0.01214	0.00485	0.00243	0.00405
29	0.01175	0.01141	0.01659	0.07994	0.57921	0.07513	0.01250	0.04956	0.09065	0.01531	0.00947	0.01159	0.00768	0.00440	0.00447	0.00136	0.00545	0.00406	0.00257	0.00690
30	0.00615	0.00468	0.00599	0.00590	0.00691	0.00466	0.00442	0.00765	0.00961	0.01297	0.24147	0.03048	0.24634	0.08649	0.30166	0.00381	0.00597	0.00725	0.00366	0.00394
31	0.02033	0.00771	0.01052	0.00806	0.01157	0.00666	0.00666	0.02208	0.01297	0.81562	0.01788	0.01542	0.01122	0.00561	0.00456	0.00140	0.00386	0.00456	0.00561	0.00771
