[name]
unknown

[dist]
# distance from previous block
# <min> <max>
0	34

[block]
# block no. 0 follows, 70 sequences, length 8
# corresponding to MSA columns:
# 43-50
name=unknown_A
#
# <colnr> <probs for GDERKNQSTAVLIFYWHMCP>
#	G	D	E	R	K	N	Q	S	T	A	V	L	I	F	Y	W	H	M	C	P
0	0.00691	0.03935	0.01972	0.03019	0.00787	0.08454	0.03616	0.00792	0.02015	0.00930	0.03143	0.11797	0.06177	0.20906	0.18454	0.06699	0.02917	0.03114	0.00245	0.00338
1	0.01216	0.31447	0.01417	0.00879	0.03346	0.34167	0.00712	0.09469	0.06950	0.01158	0.02937	0.00820	0.00653	0.00408	0.00351	0.00101	0.02966	0.00276	0.00226	0.00501
2	0.01001	0.00728	0.00844	0.00626	0.00945	0.00620	0.00506	0.14153	0.01010	0.11519	0.01058	0.01093	0.06497	0.00388	0.00328	0.00080	0.00308	0.00310	0.00295	0.57691
3	0.18314	0.02785	0.05825	0.04592	0.04517	0.03243	0.06640	0.13020	0.08782	0.13964	0.01171	0.07436	0.03286	0.00521	0.00376	0.00126	0.00389	0.04177	0.00314	0.00523
4	0.01046	0.27177	0.11532	0.00933	0.03615	0.13927	0.08170	0.06705	0.08551	0.03647	0.00842	0.04687	0.00712	0.00551	0.04517	0.00135	0.02170	0.00339	0.00230	0.00514
5	0.00769	0.00666	0.02717	0.00706	0.00909	0.02333	0.10575	0.13013	0.01037	0.03919	0.08350	0.09851	0.32856	0.00757	0.00440	0.00128	0.00326	0.05166	0.00338	0.05145
6	0.00638	0.00537	0.03349	0.00570	0.00696	0.02156	0.00441	0.04834	0.04483	0.02821	0.12663	0.28788	0.18495	0.04634	0.04979	0.00170	0.00308	0.03577	0.00343	0.05514
7	0.00598	0.00404	0.00507	0.00534	0.00613	0.00377	0.00380	0.00748	0.05251	0.06983	0.15026	0.50702	0.14353	0.01027	0.00471	0.00144	0.00226	0.00913	0.00381	0.00365

[dist]
# distance from previous block
# <min> <max>
7	11

[block]
# block no. 1 follows, 70 sequences, length 34
# corresponding to MSA columns:
# 67-100
name=unknown_B
#
# <colnr> <probs for GDERKNQSTAVLIFYWHMCP>
#	G	D	E	R	K	N	Q	S	T	A	V	L	I	F	Y	W	H	M	C	P
0	0.06987	0.12145	0.12694	0.00814	0.02284	0.08039	0.05432	0.02450	0.06735	0.03430	0.12404	0.06727	0.02791	0.02174	0.00413	0.00123	0.00406	0.01693	0.00282	0.11975
1	0.02325	0.04055	0.00808	0.00681	0.00853	0.01685	0.02058	0.06772	0.33933	0.03949	0.07585	0.03829	0.08415	0.10043	0.09912	0.00209	0.00399	0.01667	0.00339	0.00483
2	0.01982	0.04336	0.11982	0.01891	0.01188	0.00879	0.10945	0.15742	0.20908	0.05372	0.09180	0.03414	0.01161	0.02083	0.05214	0.00158	0.00444	0.02265	0.00317	0.00540
3	0.00620	0.00432	0.00509	0.00486	0.00603	0.00394	0.00363	0.02837	0.02355	0.06841	0.31203	0.10714	0.33376	0.05518	0.00537	0.00143	0.00223	0.02089	0.00386	0.00371
4	0.01039	0.06265	0.01056	0.03502	0.04704	0.00938	0.02019	0.17274	0.34053	0.03378	0.01102	0.01104	0.00838	0.00435	0.00370	0.00109	0.01264	0.00352	0.00323	0.19874
5	0.00642	0.00405	0.00468	0.00458	0.00484	0.00402	0.00278	0.02496	0.00639	0.04994	0.01296	0.06975	0.01442	0.72745	0.01728	0.00338	0.00364	0.02109	0.01463	0.00274
6	0.20966	0.06503	0.08770	0.00932	0.08524	0.06505	0.05229	0.07113	0.03235	0.13684	0.02453	0.03980	0.00753	0.00576	0.04815	0.00147	0.04682	0.00347	0.00272	0.00514
7	0.00973	0.29324	0.13473	0.00902	0.01229	0.02145	0.15913	0.05913	0.02534	0.07519	0.10209	0.02488	0.02056	0.00517	0.03074	0.00127	0.00466	0.00377	0.00249	0.00512
8	0.00539	0.00367	0.00476	0.00532	0.00581	0.00342	0.00370	0.00623	0.00792	0.03984	0.09165	0.58905	0.08377	0.07296	0.00595	0.00168	0.00242	0.05954	0.00361	0.00329
9	0.01011	0.46138	0.12256	0.01000	0.01365	0.09021	0.21916	0.01226	0.00853	0.01040	0.00627	0.00763	0.00520	0.00341	0.00327	0.00102	0.00522	0.00286	0.00177	0.00509
10	0.02877	0.20897	0.11812	0.00843	0.01151	0.02678	0.03731	0.24504	0.04860	0.10982	0.00915	0.02872	0.01335	0.00520	0.02362	0.01410	0.05071	0.00338	0.00285	0.00558
11	0.00602	0.00444	0.00618	0.00587	0.00666	0.00456	0.03892	0.04048	0.00754	0.01024	0.09259	0.11476	0.10249	0.15961	0.28109	0.08736	0.00546	0.01974	0.00272	0.00328
12	0.00691	0.00565	0.00859	0.00765	0.02982	0.00569	0.11490	0.03254	0.02899	0.03311	0.32682	0.07091	0.08151	0.06627	0.04336	0.00172	0.06233	0.06586	0.00335	0.00403
13	0.01058	0.06617	0.02851	0.09859	0.10597	0.18613	0.05605	0.07381	0.06313	0.05408	0.04456	0.01078	0.00783	0.03171	0.03349	0.00146	0.11622	0.00354	0.00241	0.00496
14	0.06030	0.08233	0.12207	0.11269	0.08643	0.06521	0.02881	0.11013	0.14393	0.02954	0.02416	0.01155	0.03131	0.03067	0.04324	0.00149	0.00470	0.00360	0.00260	0.00522
15	0.00927	0.00916	0.02917	0.15805	0.14295	0.12127	0.08474	0.10964	0.04401	0.01301	0.07904	0.09432	0.03424	0.03577	0.00465	0.00133	0.00455	0.01737	0.00266	0.00481
16	0.03175	0.00500	0.00605	0.00587	0.00714	0.00491	0.01949	0.04644	0.08809	0.05603	0.12465	0.19552	0.22426	0.03656	0.00507	0.00149	0.00270	0.13133	0.00368	0.00398
17	0.00918	0.00916	0.06293	0.11467	0.16621	0.04979	0.10472	0.04891	0.17521	0.03951	0.06662	0.03078	0.02386	0.00570	0.03424	0.00144	0.03217	0.01691	0.00272	0.00526
18	0.02280	0.02344	0.10909	0.02349	0.02221	0.08519	0.12602	0.07154	0.02654	0.01190	0.05041	0.13426	0.04739	0.05236	0.14547	0.01610	0.00546	0.01941	0.00258	0.00434
19	0.21072	0.00694	0.00795	0.00641	0.00902	0.00684	0.00524	0.10566	0.02167	0.45379	0.02700	0.03718	0.03580	0.00494	0.00357	0.00120	0.00317	0.00384	0.04339	0.00566
20	0.03739	0.00464	0.00504	0.00480	0.00617	0.00432	0.00365	0.04668	0.04248	0.04604	0.15433	0.09428	0.49254	0.02090	0.00467	0.00134	0.00226	0.02099	0.00372	0.00376
21	0.00550	0.00396	0.00476	0.00480	0.00579	0.00355	0.00357	0.00673	0.00924	0.04326	0.28226	0.18590	0.33439	0.03543	0.00513	0.00143	0.00217	0.05484	0.00381	0.00348
22	0.00650	0.00514	0.00642	0.02081	0.00684	0.02690	0.01878	0.02239	0.02840	0.00919	0.02391	0.05365	0.01300	0.42841	0.16795	0.00348	0.09074	0.06186	0.00244	0.00320
23	0.75100	0.00776	0.00648	0.00558	0.00809	0.00883	0.00460	0.09049	0.00801	0.07058	0.00641	0.00703	0.00477	0.00378	0.00264	0.00120	0.00314	0.00235	0.00269	0.00458
24	0.00828	0.00547	0.00654	0.00590	0.00742	0.00552	0.00456	0.04072	0.19323	0.11852	0.39793	0.06020	0.04750	0.00692	0.00424	0.00125	0.00243	0.02134	0.05739	0.00464
25	0.05433	0.00739	0.01114	0.45851	0.07282	0.00852	0.03789	0.03876	0.09790	0.10518	0.00915	0.01140	0.00685	0.00430	0.00408	0.00128	0.02855	0.01688	0.02013	0.00495
26	0.00529	0.00391	0.00420	0.00419	0.00533	0.00341	0.00309	0.00641	0.00884	0.03105	0.11646	0.09736	0.56343	0.03368	0.00484	0.00135	0.00204	0.00764	0.09409	0.00339
27	0.76694	0.00759	0.00626	0.00546	0.00793	0.00864	0.00449	0.04469	0.03158	0.07756	0.00658	0.00716	0.00491	0.00378	0.00261	0.00120	0.00307	0.00235	0.00268	0.00452
28	0.02908	0.00649	0.00818	0.00664	0.00904	0.00614	0.00534	0.10660	0.05484	0.49424	0.10128	0.08639	0.01350	0.00572	0.00397	0.00122	0.00307	0.00476	0.04769	0.00578
29	0.15761	0.00656	0.00747	0.00607	0.00844	0.00649	0.00493	0.12374	0.01065	0.38160	0.03816	0.01276	0.02528	0.00472	0.00343	0.00114	0.00300	0.00367	0.18886	0.00542
30	0.17296	0.00614	0.00668	0.00591	0.00770	0.00630	0.00460	0.12336	0.04885	0.15260	0.10315	0.11962	0.11153	0.07254	0.00515	0.00147	0.00295	0.03015	0.01378	0.00456
31	0.00551	0.00408	0.00498	0.00532	0.00612	0.00387	0.00390	0.00716	0.05922	0.02421	0.13150	0.36107	0.21387	0.04793	0.00544	0.00157	0.00242	0.10466	0.00367	0.00350
32	0.00940	0.00593	0.00710	0.00659	0.00823	0.00609	0.00510	0.02724	0.27512	0.18812	0.08064	0.22416	0.03288	0.00754	0.00431	0.00137	0.00282	0.07135	0.03102	0.00499
33	0.00653	0.00452	0.00569	0.00578	0.00674	0.00433	0.01829	0.04510	0.04326	0.06419	0.03808	0.39475	0.17062	0.06143	0.00562	0.00161	0.00269	0.10171	0.01535	0.00373

[dist]
# distance from previous block
# <min> <max>
8	67

[block]
# block no. 2 follows, 70 sequences, length 43
# corresponding to MSA columns:
# 172-214
name=unknown_C
#
# <colnr> <probs for GDERKNQSTAVLIFYWHMCP>
#	G	D	E	R	K	N	Q	S	T	A	V	L	I	F	Y	W	H	M	C	P
0	0.00860	0.00798	0.01287	0.34776	0.39701	0.02557	0.01041	0.03358	0.00838	0.01134	0.00733	0.01042	0.00604	0.02230	0.02920	0.04584	0.00495	0.00349	0.00190	0.00502
1	0.00935	0.00862	0.01363	0.20308	0.51309	0.02196	0.01060	0.03644	0.06954	0.02749	0.00812	0.01055	0.00661	0.02752	0.00441	0.00127	0.01638	0.00357	0.00215	0.00560
2	0.01158	0.00923	0.01007	0.00921	0.06596	0.03365	0.00684	0.26788	0.43956	0.05820	0.01308	0.03680	0.00994	0.00509	0.00393	0.00125	0.00364	0.00416	0.00377	0.00617
3	0.00750	0.00609	0.00720	0.01844	0.00842	0.00481	0.00430	0.00894	0.00792	0.02807	0.03455	0.06972	0.04619	0.09640	0.00498	0.00106	0.00290	0.00370	0.00255	0.63626
4	0.00510	0.00388	0.00455	0.00482	0.00577	0.00345	0.00360	0.00618	0.00874	0.02400	0.11957	0.25749	0.43192	0.01025	0.00475	0.00142	0.00222	0.09525	0.00369	0.00337
5	0.00563	0.00378	0.00433	0.00433	0.00437	0.00381	0.00248	0.00570	0.00567	0.00759	0.01212	0.02485	0.01387	0.82094	0.06223	0.00389	0.00410	0.00556	0.00234	0.00241
6	0.00573	0.00463	0.00493	0.00484	0.00596	0.04025	0.00363	0.00681	0.00875	0.03219	0.15404	0.06139	0.45811	0.05127	0.09977	0.01956	0.00330	0.02802	0.00340	0.00342
7	0.00625	0.00434	0.00530	0.00548	0.00640	0.00411	0.00401	0.06016	0.02160	0.05678	0.08461	0.45411	0.20532	0.01024	0.00472	0.00145	0.00243	0.05526	0.00374	0.00370
8	0.01436	0.01828	0.01100	0.00999	0.01195	0.83187	0.00751	0.01536	0.01089	0.00949	0.00597	0.00702	0.00500	0.00405	0.00368	0.00101	0.02357	0.00251	0.00199	0.00449
9	0.00910	0.01029	0.10147	0.01264	0.01600	0.02539	0.47812	0.07356	0.02514	0.02997	0.04086	0.01412	0.02875	0.04195	0.00504	0.00140	0.00546	0.04836	0.02734	0.00505
10	0.00716	0.00470	0.00562	0.00537	0.00654	0.00456	0.00402	0.05959	0.06018	0.08036	0.23745	0.21941	0.14004	0.03788	0.00489	0.00139	0.00240	0.02680	0.08765	0.00400
11	0.01117	0.00762	0.00827	0.00680	0.00908	0.00805	0.00549	0.36306	0.09911	0.08775	0.01584	0.01618	0.13311	0.00560	0.00379	0.00116	0.00321	0.02511	0.16663	0.02297
12	0.00495	0.00358	0.00472	0.00557	0.00589	0.00341	0.00383	0.00599	0.03081	0.01018	0.02116	0.78839	0.02505	0.01187	0.00494	0.00158	0.00235	0.05886	0.00361	0.00326
13	0.02702	0.00439	0.00532	0.00539	0.00621	0.00429	0.00382	0.03276	0.05684	0.06375	0.15649	0.38304	0.07236	0.12555	0.00662	0.00173	0.00257	0.01801	0.02017	0.00367
14	0.00616	0.00424	0.00518	0.00541	0.00618	0.00408	0.00389	0.02602	0.04861	0.05336	0.06385	0.36979	0.15039	0.14437	0.00711	0.00184	0.00269	0.08981	0.00352	0.00351
15	0.05721	0.00489	0.00580	0.00585	0.00700	0.00493	0.00448	0.02571	0.11240	0.05383	0.11951	0.27308	0.13955	0.00990	0.03841	0.00163	0.00292	0.12527	0.00365	0.00398
16	0.01506	0.00410	0.00467	0.00462	0.00562	0.00374	0.00338	0.02504	0.00912	0.01996	0.24935	0.11877	0.38266	0.10605	0.00631	0.00160	0.00228	0.03064	0.00364	0.00339
17	0.00482	0.00386	0.00433	0.00458	0.00556	0.00340	0.00335	0.00595	0.01918	0.01085	0.09836	0.25818	0.51215	0.01027	0.00470	0.00139	0.00211	0.03999	0.00366	0.00332
18	0.00855	0.00886	0.02727	0.21020	0.03736	0.02640	0.16296	0.02653	0.00749	0.01057	0.01808	0.00959	0.00576	0.00522	0.00827	0.00148	0.41536	0.00366	0.00184	0.00456
19	0.07264	0.02315	0.01064	0.00818	0.01107	0.02636	0.00673	0.60335	0.04737	0.09517	0.00986	0.00980	0.00701	0.00458	0.00370	0.00115	0.00398	0.00343	0.04561	0.00621
20	0.26785	0.00672	0.00702	0.00588	0.00818	0.00690	0.00475	0.12650	0.02436	0.24670	0.02645	0.03139	0.13020	0.00534	0.00348	0.00119	0.00297	0.00411	0.08499	0.00502
21	0.00522	0.00356	0.00455	0.00522	0.00564	0.00337	0.00366	0.00616	0.00777	0.01076	0.05787	0.59338	0.04964	0.04444	0.00527	0.00158	0.00234	0.07904	0.10730	0.00324
22	0.00673	0.00573	0.01971	0.00654	0.00750	0.05792	0.02117	0.04253	0.03168	0.01015	0.05414	0.04132	0.01150	0.11900	0.51696	0.02898	0.00790	0.00452	0.00238	0.00363
23	0.00599	0.00410	0.00504	0.00520	0.00588	0.00392	0.00361	0.04492	0.00832	0.04646	0.11135	0.40436	0.13404	0.15807	0.03865	0.00201	0.00287	0.00835	0.00347	0.00341
24	0.14487	0.05288	0.01024	0.08668	0.11701	0.09831	0.01966	0.05990	0.00945	0.16576	0.05876	0.01157	0.03308	0.00461	0.00409	0.00118	0.05689	0.00353	0.05649	0.00503
25	0.02540	0.00534	0.00665	0.00645	0.00732	0.03676	0.00493	0.00894	0.10746	0.00994	0.01082	0.01549	0.00999	0.10801	0.59100	0.00496	0.03026	0.00421	0.00233	0.00375
26	0.00533	0.00409	0.00494	0.00560	0.00607	0.02794	0.00394	0.01773	0.00792	0.01035	0.04570	0.64044	0.07298	0.03755	0.01967	0.00169	0.00268	0.07859	0.00351	0.00328
27	0.00652	0.00513	0.00620	0.02140	0.03748	0.02425	0.00472	0.00921	0.15742	0.01945	0.01734	0.38992	0.01881	0.14425	0.03045	0.00199	0.00326	0.09507	0.00330	0.00382
28	0.40038	0.01983	0.03404	0.03953	0.04257	0.04680	0.03205	0.27213	0.03960	0.01829	0.00728	0.00806	0.00547	0.00404	0.00332	0.00119	0.01453	0.00286	0.00281	0.00521
29	0.09669	0.02978	0.00938	0.05992	0.01089	0.17578	0.02292	0.03571	0.02797	0.05306	0.02633	0.00916	0.00665	0.00525	0.05255	0.00124	0.03945	0.00285	0.00240	0.33202
30	0.00569	0.00407	0.00526	0.00545	0.00589	0.00424	0.00377	0.04286	0.00704	0.00959	0.01505	0.30937	0.02779	0.26653	0.26561	0.00361	0.00525	0.00698	0.00278	0.00317
31	0.09104	0.01111	0.01020	0.03326	0.01146	0.20487	0.00677	0.31198	0.06333	0.20309	0.00986	0.00972	0.00696	0.00446	0.00367	0.00115	0.00453	0.00328	0.00346	0.00580
32	0.05368	0.01008	0.01125	0.02590	0.03669	0.01109	0.02141	0.61065	0.09499	0.06987	0.00997	0.00994	0.00711	0.00460	0.00383	0.00119	0.00410	0.00355	0.00374	0.00636
33	0.00665	0.00443	0.00537	0.00519	0.00644	0.00397	0.00392	0.02516	0.00913	0.09526	0.15860	0.21444	0.27591	0.04499	0.00518	0.00144	0.00245	0.07292	0.00371	0.05484
34	0.09714	0.00854	0.00953	0.00775	0.01035	0.00920	0.03166	0.31325	0.22541	0.11367	0.03909	0.03349	0.04732	0.00515	0.00383	0.00122	0.00352	0.00414	0.00374	0.03199
35	0.00643	0.00434	0.00543	0.00529	0.00584	0.00457	0.00365	0.00777	0.06185	0.04757	0.05146	0.02172	0.01371	0.46016	0.25998	0.00403	0.00554	0.02482	0.00261	0.00322
36	0.01935	0.00806	0.00878	0.04886	0.01028	0.08851	0.03252	0.15645	0.15065	0.11649	0.03889	0.02860	0.09368	0.07371	0.04453	0.00169	0.00418	0.06640	0.00339	0.00497
37	0.00548	0.00384	0.00461	0.00484	0.00512	0.00380	0.00311	0.00621	0.02945	0.00912	0.05890	0.24810	0.04896	0.47598	0.04405	0.00291	0.00341	0.03638	0.00291	0.00285
38	0.01131	0.00862	0.00931	0.00798	0.01041	0.00969	0.00632	0.16613	0.60614	0.09737	0.01456	0.01341	0.01067	0.00511	0.00393	0.00128	0.00331	0.00418	0.00402	0.00626
39	0.49153	0.00682	0.02947	0.03679	0.00850	0.00733	0.01606	0.03390	0.00737	0.03019	0.00990	0.17177	0.00976	0.00737	0.05911	0.00165	0.02345	0.04226	0.00268	0.00410
40	0.00607	0.04229	0.00556	0.00494	0.00565	0.00445	0.00348	0.02544	0.00731	0.02626	0.05725	0.10509	0.18162	0.31051	0.11040	0.07143	0.00393	0.02242	0.00281	0.00308
41	0.03694	0.02583	0.04345	0.00638	0.00838	0.00559	0.03588	0.03314	0.03062	0.01171	0.04615	0.10059	0.07903	0.06214	0.17772	0.00228	0.00466	0.04086	0.00267	0.24598
42	0.01951	0.12661	0.09056	0.01008	0.01291	0.12272	0.22383	0.04892	0.07965	0.01181	0.01036	0.01193	0.06348	0.00785	0.12470	0.00190	0.02217	0.00387	0.00228	0.00486

[dist]
# distance from previous block
# <min> <max>
2	8

[block]
# block no. 3 follows, 70 sequences, length 34
# corresponding to MSA columns:
# 225-258
name=unknown_D
#
# <colnr> <probs for GDERKNQSTAVLIFYWHMCP>
#	G	D	E	R	K	N	Q	S	T	A	V	L	I	F	Y	W	H	M	C	P
0	0.01269	0.42634	0.01506	0.00753	0.02060	0.09672	0.00658	0.13485	0.02152	0.17928	0.00836	0.00875	0.00646	0.02199	0.00349	0.00104	0.00425	0.00282	0.00271	0.01897
1	0.00616	0.00499	0.01534	0.01702	0.05622	0.00489	0.00452	0.05434	0.04873	0.01146	0.09209	0.17533	0.23748	0.11218	0.13919	0.00239	0.00397	0.00681	0.00316	0.00375
2	0.01046	0.02537	0.01057	0.13815	0.04043	0.22620	0.00767	0.04805	0.02227	0.07772	0.05180	0.01194	0.03351	0.00666	0.05369	0.00157	0.20680	0.02012	0.00242	0.00460
3	0.00687	0.00524	0.00631	0.03666	0.00779	0.00532	0.00468	0.08002	0.11819	0.02194	0.27577	0.16742	0.12965	0.03077	0.00491	0.00141	0.00264	0.07559	0.00377	0.01506
4	0.01032	0.00801	0.00899	0.00754	0.00950	0.03007	0.02038	0.35696	0.12852	0.01703	0.08034	0.01460	0.01125	0.10585	0.17031	0.00247	0.00514	0.00428	0.00332	0.00512
5	0.13646	0.09720	0.02836	0.00600	0.00817	0.03447	0.00503	0.05718	0.02444	0.19296	0.18223	0.01739	0.12036	0.00648	0.03130	0.00133	0.00328	0.00455	0.03807	0.00474
6	0.03607	0.00616	0.00811	0.00647	0.00901	0.00553	0.00525	0.01648	0.04663	0.62389	0.13921	0.02834	0.02838	0.00545	0.00398	0.00121	0.00300	0.00452	0.01636	0.00593
7	0.04373	0.00760	0.00875	0.00728	0.00980	0.00794	0.00583	0.10327	0.35179	0.32555	0.04774	0.01448	0.03810	0.00522	0.00391	0.00125	0.00319	0.00426	0.00420	0.00610
8	0.01424	0.04878	0.01126	0.00951	0.01175	0.63319	0.00731	0.12646	0.04961	0.04208	0.00721	0.00785	0.00569	0.00415	0.00354	0.00104	0.00620	0.00275	0.00243	0.00495
9	0.04637	0.00513	0.00614	0.00567	0.00713	0.00497	0.00441	0.05366	0.05878	0.14308	0.23392	0.09878	0.16694	0.04949	0.00527	0.01173	0.00266	0.08777	0.00386	0.00424
10	0.00569	0.00393	0.00463	0.00473	0.00523	0.00375	0.00313	0.02102	0.00750	0.02727	0.09966	0.21085	0.14808	0.39877	0.01156	0.00248	0.00295	0.03263	0.00312	0.00300
11	0.00853	0.01999	0.06618	0.03484	0.08674	0.07396	0.36910	0.01098	0.00853	0.01131	0.00939	0.04883	0.00842	0.02098	0.11828	0.00202	0.03002	0.06505	0.00213	0.00473
12	0.00670	0.00440	0.00538	0.00513	0.00627	0.00419	0.00392	0.00881	0.05986	0.07617	0.38165	0.05735	0.14831	0.04204	0.03144	0.00151	0.00251	0.05937	0.09112	0.00389
13	0.00541	0.00380	0.00464	0.00504	0.00565	0.00350	0.00346	0.02089	0.00795	0.03765	0.04350	0.52276	0.20624	0.10286	0.00640	0.00172	0.00241	0.00934	0.00353	0.00328
14	0.00530	0.00384	0.00490	0.00554	0.00599	0.00370	0.00383	0.03320	0.02809	0.01069	0.04330	0.69049	0.05388	0.04487	0.00546	0.00163	0.00243	0.04592	0.00358	0.00334
15	0.00551	0.00419	0.00497	0.00478	0.00587	0.00388	0.00360	0.00739	0.04849	0.02145	0.43534	0.03086	0.31464	0.03981	0.03105	0.00151	0.00232	0.02684	0.00387	0.00361
16	0.08989	0.00598	0.00733	0.00630	0.00835	0.00573	0.00496	0.02639	0.08322	0.41615	0.01623	0.12796	0.04900	0.08451	0.00546	0.00153	0.00313	0.04873	0.00400	0.00519
17	0.04209	0.00643	0.00721	0.00632	0.00805	0.00667	0.00488	0.24312	0.05551	0.12257	0.01548	0.22078	0.05742	0.04873	0.00473	0.00137	0.00302	0.00575	0.13506	0.00481
18	0.00498	0.00401	0.00444	0.00434	0.00552	0.00351	0.00325	0.00641	0.02418	0.01225	0.30343	0.05129	0.54037	0.00916	0.00458	0.00128	0.00194	0.00778	0.00383	0.00345
19	0.00794	0.01774	0.66453	0.01186	0.01708	0.00897	0.16500	0.01209	0.00834	0.01223	0.00757	0.03538	0.00574	0.00387	0.00389	0.00125	0.00577	0.00344	0.00176	0.00556
20	0.05651	0.00536	0.00632	0.00576	0.00737	0.00521	0.00444	0.06088	0.07361	0.19897	0.12312	0.19769	0.14876	0.00763	0.00420	0.00130	0.00262	0.02600	0.05973	0.00454
21	0.01414	0.01031	0.01110	0.00865	0.01162	0.01137	0.00710	0.69812	0.10061	0.05542	0.01074	0.01049	0.02229	0.00481	0.00390	0.00118	0.00406	0.00368	0.00392	0.00649
22	0.00504	0.00361	0.00477	0.00558	0.00595	0.00342	0.00397	0.00588	0.00762	0.01007	0.02125	0.63827	0.05129	0.06456	0.00592	0.00174	0.00257	0.15179	0.00352	0.00318
23	0.03416	0.00497	0.00576	0.00543	0.00671	0.00495	0.00408	0.01843	0.15057	0.06817	0.31119	0.12638	0.15145	0.04136	0.00492	0.00138	0.00236	0.01362	0.03996	0.00415
24	0.00545	0.00387	0.00497	0.00505	0.00541	0.00404	0.00342	0.00611	0.00637	0.00870	0.04114	0.10861	0.05862	0.41222	0.30481	0.00418	0.00575	0.00586	0.00251	0.00291
25	0.00913	0.01039	0.02252	0.01614	0.01993	0.00987	0.79878	0.01232	0.00905	0.01232	0.00775	0.01039	0.00586	0.00338	0.00484	0.00132	0.03432	0.00454	0.00195	0.00520
26	0.00635	0.00438	0.00538	0.00506	0.00628	0.00404	0.00389	0.00840	0.05028	0.07253	0.50513	0.02993	0.22392	0.00818	0.00454	0.00127	0.00212	0.05033	0.00409	0.00389
27	0.00716	0.00634	0.00947	0.27711	0.09578	0.02003	0.00766	0.00920	0.03939	0.00990	0.00872	0.01315	0.00782	0.09244	0.26954	0.00309	0.10255	0.00389	0.01267	0.00410
28	0.00597	0.00464	0.00542	0.00512	0.00632	0.00448	0.00386	0.03520	0.10356	0.01420	0.45129	0.07377	0.25498	0.00827	0.00450	0.00127	0.00211	0.00714	0.00400	0.00390
29	0.00514	0.00403	0.00471	0.00485	0.00596	0.00361	0.00382	0.00647	0.00930	0.01183	0.21277	0.05686	0.46762	0.00964	0.00475	0.00140	0.00228	0.17781	0.00374	0.00342
30	0.00563	0.00378	0.00434	0.00434	0.00437	0.00382	0.00248	0.00571	0.00567	0.00760	0.01212	0.02482	0.01386	0.81885	0.06432	0.00389	0.00411	0.00556	0.00233	0.00241
31	0.00976	0.03984	0.02424	0.16809	0.31637	0.02934	0.10029	0.03546	0.05243	0.08370	0.00902	0.05595	0.00746	0.00440	0.00437	0.00124	0.04627	0.00399	0.00237	0.00542
32	0.22200	0.00868	0.00936	0.00808	0.04245	0.01766	0.00631	0.27282	0.12132	0.13243	0.01016	0.01028	0.02180	0.00468	0.00421	0.00123	0.07015	0.00338	0.01393	0.01905
33	0.07364	0.16863	0.02572	0.00692	0.00973	0.04329	0.00588	0.12778	0.05732	0.04921	0.02919	0.00925	0.01436	0.00428	0.00401	0.03012	0.04586	0.00288	0.00260	0.28932

[dist]
# distance from previous block
# <min> <max>
12	21

[block]
# block no. 4 follows, 70 sequences, length 25
# corresponding to MSA columns:
# 281-305
name=unknown_E
#
# <colnr> <probs for GDERKNQSTAVLIFYWHMCP>
#	G	D	E	R	K	N	Q	S	T	A	V	L	I	F	Y	W	H	M	C	P
0	0.08890	0.00572	0.00671	0.00604	0.00772	0.00570	0.00465	0.07474	0.08317	0.23049	0.08171	0.22815	0.03966	0.03291	0.00452	0.00137	0.00281	0.02108	0.06919	0.00474
1	0.00555	0.00396	0.00495	0.00546	0.00604	0.00380	0.00383	0.00701	0.06128	0.03250	0.05121	0.55654	0.10635	0.07389	0.00592	0.00168	0.00248	0.06052	0.00358	0.00343
2	0.47665	0.00732	0.00762	0.00628	0.00888	0.00770	0.02657	0.06470	0.00906	0.29155	0.03067	0.01046	0.00750	0.00435	0.00318	0.00122	0.00326	0.02454	0.00336	0.00514
3	0.01924	0.00405	0.00514	0.00534	0.00618	0.00373	0.00382	0.00758	0.01809	0.10788	0.13817	0.48130	0.12361	0.03597	0.00513	0.00151	0.00237	0.02344	0.00378	0.00367
4	0.02894	0.00651	0.00791	0.00662	0.00886	0.00641	0.00527	0.05876	0.19993	0.36869	0.17633	0.04100	0.05572	0.00593	0.00407	0.00124	0.00291	0.00497	0.00431	0.00562
5	0.00878	0.03076	0.00808	0.00693	0.00882	0.00797	0.00541	0.06560	0.48554	0.03318	0.22305	0.03435	0.05271	0.00615	0.00410	0.00127	0.00280	0.00520	0.00396	0.00534
6	0.00621	0.00464	0.00559	0.00532	0.00638	0.00459	0.00396	0.00916	0.13765	0.02502	0.49817	0.06556	0.09818	0.08361	0.00585	0.00150	0.00229	0.02848	0.00395	0.00391
7	0.27306	0.00639	0.00712	0.00591	0.00823	0.00637	0.00479	0.03656	0.02825	0.36441	0.15768	0.01427	0.02514	0.00507	0.00354	0.00119	0.00289	0.00397	0.03998	0.00519
8	0.00556	0.00399	0.00494	0.00538	0.00584	0.00392	0.00380	0.00677	0.04521	0.01003	0.05189	0.31891	0.06815	0.27991	0.00961	0.00226	0.00299	0.16447	0.00324	0.00314
9	0.00661	0.00537	0.00769	0.00705	0.00805	0.03259	0.07328	0.00849	0.07660	0.00957	0.01038	0.02967	0.00964	0.07883	0.51136	0.10682	0.00793	0.00429	0.00222	0.00358
10	0.00536	0.00398	0.00461	0.00484	0.00542	0.00381	0.00328	0.00654	0.05128	0.00993	0.06067	0.25639	0.22153	0.29521	0.00974	0.00222	0.00277	0.04607	0.00323	0.00312
11	0.02756	0.00830	0.00753	0.00686	0.00844	0.20920	0.00527	0.01186	0.06785	0.14108	0.17396	0.03030	0.07821	0.02895	0.16168	0.00218	0.00510	0.01806	0.00322	0.00440
12	0.01092	0.00815	0.00880	0.00747	0.00950	0.04598	0.00590	0.27312	0.20198	0.08911	0.07414	0.04412	0.02983	0.05058	0.08070	0.00181	0.02652	0.00448	0.02153	0.00537
13	0.01253	0.00687	0.00805	0.00678	0.00907	0.02863	0.00543	0.05675	0.20320	0.38541	0.06579	0.03967	0.06705	0.00578	0.00400	0.00124	0.00311	0.03264	0.05232	0.00568
14	0.00555	0.00430	0.00490	0.00466	0.00585	0.00396	0.00352	0.02375	0.05181	0.01352	0.40540	0.03100	0.38273	0.00844	0.00447	0.00125	0.00200	0.00721	0.03203	0.00367
15	0.00871	0.02543	0.02150	0.06651	0.25053	0.05637	0.07560	0.05690	0.02587	0.03410	0.03306	0.14394	0.02165	0.03431	0.04237	0.00160	0.03667	0.05746	0.00259	0.00483
16	0.07609	0.00958	0.01061	0.03185	0.01150	0.06925	0.05008	0.40944	0.04195	0.10459	0.02218	0.04478	0.01945	0.00605	0.03961	0.00143	0.02821	0.01428	0.00343	0.00566
17	0.00893	0.00722	0.00743	0.00673	0.00826	0.09488	0.00534	0.09039	0.07171	0.09233	0.05616	0.06043	0.25334	0.00792	0.02232	0.00144	0.09061	0.08366	0.02649	0.00441
18	0.00693	0.00604	0.00858	0.15540	0.10546	0.02083	0.05112	0.04310	0.01768	0.02258	0.10703	0.07262	0.28132	0.00769	0.02290	0.00142	0.00358	0.05851	0.00303	0.00418
19	0.03455	0.03016	0.03444	0.06788	0.05276	0.06825	0.02864	0.16264	0.07024	0.20331	0.09479	0.01516	0.04387	0.00535	0.00422	0.00124	0.02747	0.04616	0.00345	0.00542
20	0.00642	0.00469	0.00558	0.00559	0.00647	0.02010	0.00411	0.02251	0.07232	0.04410	0.16988	0.21516	0.11270	0.13755	0.08493	0.00220	0.00346	0.07514	0.00344	0.00365
21	0.00718	0.00602	0.00851	0.05894	0.04769	0.02144	0.04947	0.06030	0.05315	0.01106	0.04548	0.07102	0.01148	0.09905	0.34492	0.00355	0.06882	0.02539	0.00249	0.00403
22	0.04960	0.15651	0.05644	0.04837	0.08498	0.16748	0.05798	0.11645	0.01030	0.13624	0.02103	0.00921	0.00655	0.00441	0.01234	0.00118	0.04984	0.00315	0.00259	0.00535
23	0.06715	0.16456	0.05699	0.02378	0.05621	0.11080	0.02215	0.09239	0.03926	0.04195	0.07101	0.08545	0.05648	0.03373	0.00413	0.00120	0.00399	0.00421	0.00271	0.06185
24	0.03253	0.03134	0.03426	0.00695	0.00872	0.08680	0.04771	0.06659	0.09708	0.02760	0.15621	0.09133	0.09923	0.08120	0.04632	0.00168	0.01571	0.01606	0.00313	0.04955

[dist]
# distance from previous block
# <min> <max>
5	26

[block]
# block no. 5 follows, 70 sequences, length 64
# corresponding to MSA columns:
# 333-396
name=unknown_F
#
# <colnr> <probs for GDERKNQSTAVLIFYWHMCP>
#	G	D	E	R	K	N	Q	S	T	A	V	L	I	F	Y	W	H	M	C	P
0	0.06378	0.02152	0.00730	0.06040	0.00881	0.04668	0.00519	0.06445	0.09067	0.07891	0.03353	0.09811	0.01279	0.17852	0.10198	0.02947	0.01407	0.07677	0.00296	0.00409
1	0.02635	0.13999	0.01146	0.00860	0.01076	0.46057	0.00674	0.08792	0.08413	0.03017	0.00860	0.07564	0.00763	0.02036	0.00382	0.00112	0.00540	0.00345	0.00249	0.00480
2	0.02107	0.00484	0.00596	0.00567	0.00700	0.00464	0.00429	0.01019	0.10347	0.15842	0.21122	0.23799	0.14682	0.00900	0.02606	0.00148	0.00264	0.03102	0.00395	0.00427
3	0.08390	0.00787	0.00934	0.00703	0.01019	0.00730	0.03108	0.19980	0.01100	0.21081	0.00937	0.00955	0.00676	0.00408	0.01232	0.00099	0.00350	0.00302	0.00324	0.36884
4	0.00785	0.04806	0.00829	0.00789	0.07562	0.03875	0.01840	0.03637	0.22028	0.02157	0.09060	0.18148	0.07452	0.07726	0.02020	0.00157	0.00333	0.02661	0.00327	0.03808
5	0.00607	0.00451	0.00486	0.00460	0.00603	0.00406	0.00350	0.03237	0.04816	0.06489	0.07255	0.04174	0.62951	0.01923	0.02641	0.01436	0.00243	0.00736	0.00365	0.00371
6	0.00562	0.00393	0.00499	0.00557	0.00610	0.00381	0.00399	0.04572	0.00823	0.01117	0.03847	0.58736	0.04381	0.04440	0.00536	0.00161	0.00253	0.11057	0.06339	0.00338
7	0.00561	0.00402	0.00530	0.00526	0.00557	0.00402	0.03496	0.00610	0.00633	0.00850	0.01399	0.18569	0.01591	0.54114	0.10201	0.00341	0.00426	0.04253	0.00260	0.00279
8	0.01512	0.00831	0.01007	0.00783	0.01073	0.00839	0.02119	0.32333	0.07979	0.41756	0.04724	0.01244	0.00970	0.00488	0.00394	0.00120	0.00364	0.00393	0.00431	0.00641
9	0.01183	0.00694	0.00800	0.00658	0.00883	0.00706	0.00528	0.22253	0.11213	0.24675	0.11032	0.01656	0.08855	0.00560	0.00388	0.00118	0.00302	0.00457	0.12491	0.00549
10	0.01468	0.01077	0.01147	0.00885	0.01191	0.02395	0.00729	0.76931	0.03892	0.04903	0.00961	0.00953	0.00680	0.00466	0.00387	0.00117	0.00425	0.00351	0.00388	0.00655
11	0.00603	0.00468	0.00522	0.00485	0.00616	0.00437	0.00368	0.09611	0.01046	0.01361	0.30184	0.05888	0.43301	0.02783	0.00485	0.00133	0.00222	0.00731	0.00383	0.00374
12	0.01302	0.01353	0.00964	0.00852	0.01046	0.49359	0.00648	0.09995	0.04348	0.08583	0.04868	0.01108	0.02121	0.05419	0.00469	0.00123	0.01769	0.00336	0.04866	0.00473
13	0.00636	0.00421	0.00502	0.00489	0.00559	0.00405	0.00334	0.03887	0.00793	0.05799	0.11506	0.14389	0.16371	0.34360	0.04791	0.02429	0.00327	0.01362	0.00316	0.00323
14	0.00728	0.00482	0.00616	0.00640	0.00749	0.00478	0.00523	0.04461	0.04554	0.07266	0.05157	0.11925	0.07615	0.07147	0.00594	0.00173	0.00319	0.42358	0.03828	0.00389
15	0.01168	0.00868	0.00931	0.00773	0.01011	0.00965	0.00622	0.40451	0.27809	0.03151	0.01239	0.01331	0.00950	0.02009	0.00409	0.00125	0.00352	0.03567	0.11683	0.00587
16	0.00553	0.00389	0.00478	0.00512	0.00569	0.00371	0.00355	0.04053	0.00840	0.01149	0.13724	0.48486	0.09264	0.09260	0.00608	0.00165	0.00238	0.01783	0.06869	0.00334
17	0.00503	0.00384	0.00457	0.00495	0.00574	0.00351	0.00362	0.00611	0.01747	0.01069	0.09260	0.31773	0.33737	0.06497	0.00576	0.00161	0.00237	0.10522	0.00357	0.00327
18	0.00483	0.00342	0.00447	0.00527	0.00547	0.00322	0.00346	0.00542	0.00722	0.00963	0.02034	0.76766	0.02435	0.10747	0.00660	0.00182	0.00242	0.01042	0.00346	0.00306
19	0.00764	0.00551	0.00616	0.00571	0.00709	0.02406	0.00437	0.11101	0.07301	0.05808	0.24535	0.15622	0.17651	0.00792	0.00433	0.00128	0.00256	0.03104	0.06791	0.00423
20	0.08048	0.00457	0.00534	0.00517	0.00630	0.00444	0.00382	0.02469	0.02690	0.09341	0.20146	0.23551	0.14157	0.06364	0.03550	0.00164	0.00270	0.00698	0.05206	0.00382
21	0.00960	0.00921	0.01574	0.02380	0.83957	0.00921	0.01190	0.01190	0.00883	0.01267	0.00729	0.00960	0.00614	0.00345	0.00384	0.00115	0.00461	0.00345	0.00192	0.00614
22	0.00472	0.00337	0.00450	0.00540	0.00562	0.00315	0.00360	0.00540	0.00742	0.00990	0.02137	0.86122	0.02564	0.01215	0.00495	0.00157	0.00225	0.01102	0.00360	0.00315
23	0.15645	0.00481	0.00535	0.00497	0.00622	0.00470	0.00365	0.00880	0.00847	0.12636	0.21533	0.10746	0.13446	0.18787	0.00735	0.00180	0.00270	0.00604	0.00346	0.00377
24	0.00603	0.00450	0.00534	0.00559	0.00617	0.02592	0.00397	0.00731	0.04741	0.03027	0.06148	0.34503	0.07878	0.20637	0.04829	0.00224	0.02386	0.08485	0.00323	0.00335
25	0.01682	0.00674	0.00959	0.00731	0.01032	0.00586	0.04444	0.01840	0.01100	0.78993	0.02795	0.01332	0.00985	0.00478	0.00394	0.00120	0.00343	0.00398	0.00466	0.00649
26	0.00480	0.00392	0.00421	0.00415	0.00534	0.00336	0.00309	0.00594	0.00921	0.01148	0.20829	0.04477	0.64089	0.02737	0.00490	0.00134	0.00198	0.00791	0.00372	0.00333
27	0.00762	0.00714	0.01192	0.67164	0.13237	0.00862	0.01061	0.01006	0.00788	0.01033	0.00752	0.01174	0.00610	0.00426	0.00429	0.00131	0.03848	0.04175	0.00183	0.00451
28	0.01093	0.00936	0.05046	0.00903	0.01178	0.00953	0.10766	0.25643	0.32812	0.05735	0.07272	0.02820	0.02022	0.00510	0.00406	0.00126	0.00387	0.00440	0.00363	0.00590
29	0.00732	0.00689	0.01163	0.85444	0.02670	0.00861	0.01077	0.00991	0.00775	0.00991	0.00689	0.01034	0.00517	0.00388	0.00388	0.00129	0.00517	0.00345	0.00172	0.00431
30	0.00765	0.00716	0.01209	0.70533	0.15062	0.00857	0.01075	0.01009	0.00785	0.01025	0.00695	0.01026	0.00536	0.00406	0.00416	0.02413	0.00504	0.00344	0.00175	0.00452
31	0.00664	0.00519	0.00679	0.00687	0.04611	0.00582	0.00479	0.02868	0.10062	0.01057	0.08646	0.02774	0.01328	0.26489	0.30552	0.00376	0.06511	0.00485	0.00259	0.00371
32	0.00518	0.00409	0.00481	0.00562	0.00592	0.04311	0.00378	0.00587	0.00759	0.00988	0.02064	0.82082	0.02466	0.01176	0.00488	0.00155	0.00247	0.01062	0.00352	0.00321
33	0.89114	0.00750	0.00570	0.00510	0.00750	0.00870	0.00420	0.01140	0.00660	0.01739	0.00540	0.00630	0.00420	0.00360	0.00240	0.00120	0.00300	0.00210	0.00240	0.00420
34	0.00495	0.00368	0.00502	0.00623	0.04591	0.00345	0.00397	0.00572	0.00755	0.01005	0.02139	0.78769	0.05662	0.01163	0.00488	0.00154	0.00235	0.01054	0.00352	0.00330
35	0.00930	0.00884	0.01472	0.13276	0.67597	0.00916	0.01136	0.01222	0.06421	0.01254	0.00781	0.01002	0.00640	0.00363	0.00385	0.00118	0.00458	0.00352	0.00203	0.00590
36	0.00927	0.01071	0.05620	0.01530	0.01924	0.00964	0.71767	0.04618	0.00943	0.01292	0.00782	0.01020	0.00586	0.00332	0.00443	0.00126	0.00623	0.00435	0.00204	0.04794
37	0.00559	0.00374	0.00424	0.00428	0.00430	0.00373	0.00241	0.00563	0.00572	0.00763	0.01266	0.06576	0.01465	0.82260	0.01902	0.00365	0.00369	0.00590	0.00241	0.00239
38	0.17487	0.52005	0.01568	0.00689	0.00995	0.04827	0.00635	0.15586	0.00960	0.01338	0.00611	0.00681	0.00512	0.00363	0.00276	0.00096	0.00407	0.00235	0.00220	0.00510
39	0.13274	0.00800	0.00852	0.00698	0.00943	0.00851	0.00564	0.36073	0.06050	0.09307	0.01471	0.04959	0.13462	0.00676	0.04460	0.00144	0.00374	0.00440	0.00355	0.04246
40	0.00568	0.00396	0.00471	0.00488	0.00512	0.00402	0.00310	0.00651	0.04613	0.00867	0.01442	0.18339	0.01632	0.57137	0.06296	0.00327	0.00381	0.04614	0.00271	0.00281
41	0.00859	0.00868	0.01296	0.01134	0.05108	0.01158	0.07510	0.00971	0.00634	0.00974	0.00542	0.00870	0.00520	0.00634	0.01163	0.00164	0.74634	0.00349	0.00173	0.00441
42	0.00472	0.00393	0.00412	0.00407	0.00532	0.00333	0.00305	0.00583	0.00916	0.01123	0.15870	0.03606	0.71810	0.00954	0.00458	0.00130	0.00194	0.00801	0.00370	0.00333
43	0.00471	0.00342	0.00445	0.00528	0.00559	0.00316	0.00354	0.00541	0.00754	0.00994	0.02287	0.79229	0.09361	0.01195	0.00492	0.00155	0.00223	0.01078	0.00360	0.00316
44	0.00617	0.00407	0.00503	0.00519	0.00578	0.00391	0.00355	0.00740	0.04678	0.06317	0.13655	0.34627	0.05754	0.25577	0.00903	0.00211	0.00276	0.03209	0.00343	0.00337
45	0.00463	0.00394	0.00399	0.00400	0.00529	0.00330	0.00301	0.00565	0.00889	0.01062	0.05923	0.03720	0.80509	0.00978	0.00459	0.00131	0.00199	0.02057	0.00362	0.00329
46	0.03363	0.00452	0.00613	0.00691	0.00786	0.00454	0.00600	0.00809	0.00891	0.01193	0.04738	0.04161	0.03383	0.01030	0.00519	0.00173	0.00345	0.73937	0.01504	0.00359
47	0.01252	0.00868	0.00951	0.00766	0.01008	0.00938	0.00612	0.50273	0.08844	0.09379	0.01231	0.06195	0.03073	0.08495	0.00539	0.00144	0.00375	0.00437	0.04049	0.00575
48	0.06508	0.00720	0.00767	0.00677	0.00862	0.00795	0.00521	0.15555	0.34622	0.05700	0.01362	0.06945	0.01143	0.11329	0.00577	0.00156	0.00319	0.01359	0.09568	0.00516
49	0.00914	0.01043	0.02271	0.01624	0.02011	0.00984	0.81289	0.01237	0.00910	0.01237	0.00780	0.01043	0.00587	0.00332	0.00470	0.00131	0.01964	0.00456	0.00196	0.00521
50	0.01106	0.00903	0.00956	0.00818	0.01062	0.01030	0.00648	0.24465	0.60621	0.01850	0.01398	0.01303	0.01038	0.00509	0.00393	0.00127	0.00340	0.00413	0.00393	0.00626
51	0.00592	0.00396	0.00532	0.00602	0.00664	0.00380	0.00462	0.00706	0.00811	0.04553	0.02054	0.44512	0.03710	0.04823	0.00566	0.00172	0.00285	0.31850	0.01985	0.00343
52	0.00488	0.00391	0.00431	0.00438	0.00541	0.00344	0.00318	0.00606	0.02078	0.01117	0.16875	0.15862	0.52708	0.05389	0.00541	0.00146	0.00209	0.00823	0.00365	0.00331
53	0.03160	0.00412	0.00455	0.00439	0.00556	0.00369	0.00325	0.00694	0.00900	0.05311	0.21012	0.06674	0.45515	0.07889	0.00566	0.00147	0.00218	0.00724	0.04287	0.00348
54	0.00804	0.00689	0.00804	0.00574	0.00919	0.00517	0.00459	0.00976	0.00804	0.01263	0.00689	0.00804	0.00574	0.00287	0.00287	0.00057	0.00287	0.00230	0.00230	0.88745
55	0.01357	0.00964	0.01047	0.00829	0.01113	0.01054	0.00676	0.55777	0.16933	0.10257	0.01252	0.01198	0.04719	0.00503	0.00393	0.00120	0.00384	0.00392	0.00397	0.00635
56	0.00568	0.00417	0.00460	0.00445	0.00575	0.00362	0.00335	0.02123	0.00935	0.06128	0.15625	0.09632	0.59145	0.00932	0.00455	0.00131	0.00209	0.00788	0.00378	0.00358
57	0.00482	0.00356	0.00450	0.00513	0.00564	0.00326	0.00356	0.00566	0.00797	0.01042	0.07983	0.60697	0.18100	0.02144	0.00504	0.00153	0.00223	0.04056	0.00363	0.00321
58	0.00593	0.00471	0.00606	0.00570	0.00672	0.00468	0.04258	0.00827	0.10986	0.01168	0.20097	0.13094	0.18797	0.16150	0.08354	0.00221	0.00342	0.01626	0.00335	0.00364
59	0.00481	0.00384	0.00416	0.00431	0.00527	0.00336	0.00309	0.00569	0.00835	0.01030	0.06947	0.15776	0.56174	0.11199	0.00646	0.00165	0.00226	0.02885	0.00348	0.00317
60	0.00636	0.00405	0.00511	0.00514	0.00611	0.00365	0.00378	0.00749	0.00906	0.10107	0.23653	0.30988	0.20997	0.01935	0.00503	0.01776	0.00228	0.03990	0.00385	0.00366
61	0.09037	0.03654	0.04535	0.00821	0.01079	0.12994	0.00692	0.23690	0.01182	0.25812	0.01808	0.02220	0.00733	0.00479	0.00461	0.00121	0.09437	0.00341	0.00336	0.00567
62	0.00552	0.00413	0.00572	0.00571	0.00630	0.00458	0.00425	0.00658	0.00653	0.00911	0.03877	0.05899	0.08116	0.16434	0.54477	0.01326	0.02952	0.00512	0.00238	0.00325
63	0.08974	0.00756	0.00864	0.03600	0.04358	0.04227	0.00580	0.16022	0.05409	0.31809	0.01246	0.04623	0.01862	0.08245	0.00516	0.00142	0.00360	0.00407	0.05455	0.00545

[dist]
# distance from previous block
# <min> <max>
4	10

[block]
# block no. 6 follows, 70 sequences, length 29
# corresponding to MSA columns:
# 407-435
name=unknown_G
#
# <colnr> <probs for GDERKNQSTAVLIFYWHMCP>
#	G	D	E	R	K	N	Q	S	T	A	V	L	I	F	Y	W	H	M	C	P
0	0.05642	0.21226	0.03439	0.03429	0.03853	0.10298	0.06996	0.13013	0.04555	0.05004	0.04559	0.01101	0.04986	0.00491	0.01520	0.02555	0.00437	0.00342	0.00259	0.06294
1	0.04790	0.01610	0.02078	0.01738	0.01957	0.01440	0.02657	0.19693	0.07689	0.04223	0.13423	0.09803	0.08722	0.06200	0.05787	0.00173	0.00369	0.03274	0.03032	0.01343
2	0.00525	0.00377	0.00480	0.00540	0.00580	0.00361	0.00365	0.04189	0.00793	0.01056	0.04619	0.70926	0.05124	0.07368	0.00595	0.00170	0.00243	0.01008	0.00354	0.00326
3	0.00990	0.00781	0.01806	0.04515	0.02403	0.05636	0.04913	0.19802	0.07089	0.09492	0.10720	0.04540	0.14166	0.01863	0.05636	0.00155	0.00404	0.00498	0.00340	0.04254
4	0.03745	0.00945	0.01028	0.00853	0.02861	0.09381	0.02892	0.26891	0.10596	0.21635	0.01165	0.02376	0.03019	0.00538	0.02168	0.00129	0.04710	0.00377	0.00356	0.04334
5	0.00508	0.00395	0.00460	0.00476	0.00574	0.00354	0.00353	0.01965	0.00910	0.01169	0.19819	0.23251	0.41197	0.00996	0.00471	0.00138	0.00215	0.06035	0.00374	0.00340
6	0.18693	0.00817	0.00908	0.00716	0.01001	0.00844	0.00589	0.27577	0.04880	0.35020	0.01123	0.01056	0.00760	0.00449	0.00356	0.00117	0.00351	0.00340	0.01817	0.02587
7	0.02160	0.00664	0.00736	0.00675	0.00834	0.02657	0.01934	0.06732	0.33927	0.01438	0.14216	0.09771	0.09698	0.05151	0.04062	0.00166	0.00329	0.04012	0.00364	0.00474
8	0.00628	0.00407	0.00521	0.00562	0.00634	0.00386	0.00401	0.00767	0.05235	0.08707	0.02171	0.58083	0.09393	0.03904	0.00528	0.00159	0.00251	0.06531	0.00368	0.00364
9	0.00490	0.00362	0.00452	0.00515	0.00562	0.00337	0.00353	0.00583	0.02141	0.01020	0.05033	0.60698	0.16659	0.05943	0.00570	0.00164	0.00232	0.03210	0.00356	0.00320
10	0.00651	0.00444	0.00541	0.00500	0.00626	0.00409	0.00381	0.00866	0.05985	0.08296	0.52891	0.02878	0.22463	0.00796	0.00448	0.00124	0.00206	0.00688	0.00413	0.00396
11	0.00786	0.00528	0.00636	0.00571	0.00718	0.00528	0.00440	0.02823	0.18233	0.10422	0.49454	0.02351	0.05664	0.00689	0.00427	0.00123	0.00230	0.00595	0.04328	0.00453
12	0.00544	0.00376	0.00465	0.00512	0.00574	0.00350	0.00355	0.00657	0.03040	0.03822	0.06622	0.56296	0.16069	0.03611	0.00514	0.00153	0.00226	0.00941	0.04534	0.00339
13	0.01323	0.01036	0.01068	0.00856	0.01118	0.07520	0.01697	0.61607	0.03352	0.02089	0.01034	0.03869	0.00840	0.04264	0.00464	0.00131	0.00431	0.04685	0.02026	0.00589
14	0.00477	0.00340	0.00455	0.00545	0.00569	0.00319	0.00367	0.00547	0.00747	0.00995	0.02134	0.83782	0.02555	0.01210	0.00496	0.00158	0.00229	0.03399	0.00360	0.00316
15	0.00804	0.00689	0.00804	0.00574	0.00919	0.00517	0.00459	0.00976	0.00804	0.01263	0.00689	0.00804	0.00574	0.00287	0.00287	0.00057	0.00287	0.00230	0.00230	0.88745
16	0.00510	0.00352	0.00460	0.00529	0.00562	0.00329	0.00356	0.00581	0.00755	0.02746	0.05121	0.71102	0.04952	0.08001	0.00609	0.00172	0.00238	0.01951	0.00355	0.00318
17	0.03946	0.00996	0.01055	0.00840	0.01121	0.01112	0.00685	0.59516	0.20008	0.02206	0.01075	0.01054	0.00780	0.00475	0.00381	0.00119	0.00388	0.00365	0.03244	0.00632
18	0.01443	0.01033	0.01119	0.00869	0.01170	0.01137	0.00714	0.69600	0.09520	0.07831	0.01032	0.01006	0.00729	0.00472	0.00389	0.00118	0.00409	0.00360	0.00395	0.00655
19	0.00555	0.00407	0.00537	0.00611	0.00683	0.00393	0.00485	0.00701	0.02351	0.01102	0.03971	0.33993	0.11579	0.01097	0.00508	0.00163	0.00286	0.39874	0.00361	0.00343
20	0.00673	0.00337	0.00505	0.00505	0.00505	0.00337	0.00337	0.00505	0.00505	0.00673	0.00673	0.01178	0.00673	0.01347	0.01515	0.88721	0.00337	0.00337	0.00168	0.00168
21	0.01739	0.00660	0.00900	0.00690	0.00990	0.00570	0.00570	0.01889	0.01110	0.84226	0.01529	0.01320	0.00960	0.00480	0.00390	0.00120	0.00330	0.00390	0.00480	0.00660
22	0.03436	0.01024	0.03702	0.00907	0.01172	0.12451	0.10942	0.17490	0.23117	0.11994	0.01215	0.02750	0.03316	0.00482	0.00398	0.00122	0.01321	0.00401	0.03196	0.00564
23	0.01418	0.00880	0.00999	0.00793	0.01075	0.00930	0.00646	0.38500	0.18413	0.27453	0.01344	0.01245	0.03477	0.00499	0.00392	0.00121	0.00365	0.00395	0.00417	0.00640
24	0.01443	0.00802	0.00965	0.00803	0.03604	0.04847	0.02375	0.19547	0.04824	0.44307	0.03695	0.06043	0.03868	0.00534	0.00399	0.00121	0.00365	0.00439	0.00415	0.00604
25	0.01313	0.01620	0.01037	0.00944	0.01126	0.69251	0.00715	0.01461	0.04643	0.01012	0.04547	0.01003	0.02979	0.00467	0.00406	0.00108	0.04583	0.02112	0.00225	0.00446
