[name]
unknown

[dist]
# distance from previous block
# <min> <max>
0	32

[block]
# block no. 0 follows, 73 sequences, length 7
# corresponding to MSA columns:
# 32-38
name=unknown_A
#
# <colnr> <probs for GDERKNQSTAVLIFYWHMCP>
#	G	D	E	R	K	N	Q	S	T	A	V	L	I	F	Y	W	H	M	C	P
0	0.00529	0.00409	0.00559	0.00600	0.00628	0.00445	0.00438	0.00610	0.00691	0.00944	0.01696	0.55274	0.01971	0.05087	0.10539	0.00217	0.11328	0.07413	0.00302	0.00322
1	0.00469	0.00338	0.00447	0.00525	0.00558	0.00315	0.00362	0.00547	0.00747	0.00992	0.05352	0.74521	0.05910	0.01141	0.00479	0.00151	0.00223	0.06262	0.00351	0.00310
2	0.00910	0.24185	0.32354	0.00866	0.01232	0.07075	0.06654	0.01170	0.00871	0.07189	0.13065	0.01081	0.00971	0.00415	0.00345	0.00107	0.00455	0.00333	0.00224	0.00499
3	0.00888	0.06399	0.55144	0.00958	0.01430	0.00824	0.05329	0.01230	0.00827	0.11128	0.00764	0.00849	0.00545	0.00355	0.00347	0.00109	0.00486	0.00286	0.00205	0.11898
4	0.00980	0.01024	0.06541	0.13154	0.38737	0.07043	0.11749	0.11691	0.03059	0.01316	0.00742	0.00931	0.00582	0.00362	0.00379	0.00115	0.00493	0.00341	0.00212	0.00550
5	0.01145	0.00981	0.11672	0.00788	0.01083	0.00901	0.00703	0.30147	0.25100	0.11322	0.01127	0.01099	0.00813	0.00447	0.00362	0.00113	0.00364	0.00354	0.06067	0.05412
6	0.05638	0.04605	0.21587	0.00798	0.01092	0.00681	0.08984	0.03789	0.02703	0.08585	0.06347	0.19979	0.01190	0.00564	0.00379	0.00117	0.00376	0.00494	0.00271	0.11822

[dist]
# distance from previous block
# <min> <max>
0	52

[block]
# block no. 1 follows, 73 sequences, length 48
# corresponding to MSA columns:
# 91-138
name=unknown_B
#
# <colnr> <probs for GDERKNQSTAVLIFYWHMCP>
#	G	D	E	R	K	N	Q	S	T	A	V	L	I	F	Y	W	H	M	C	P
0	0.01105	0.00645	0.04905	0.02794	0.00868	0.00572	0.00521	0.09261	0.00933	0.33759	0.03622	0.04434	0.01069	0.19271	0.06148	0.00199	0.01390	0.00429	0.03574	0.04502
1	0.00662	0.00462	0.00547	0.00548	0.00617	0.00470	0.00383	0.14778	0.00862	0.01170	0.01602	0.46118	0.01802	0.20037	0.00783	0.01545	0.00285	0.01872	0.05112	0.00346
2	0.01586	0.00638	0.00854	0.00665	0.00939	0.00565	0.00545	0.05668	0.01091	0.74840	0.03587	0.05168	0.01052	0.00504	0.00383	0.00118	0.00316	0.00414	0.00453	0.00616
3	0.00915	0.00878	0.01353	0.26872	0.44988	0.05191	0.03411	0.06739	0.00890	0.01202	0.00703	0.00940	0.00564	0.00365	0.00393	0.00116	0.02536	0.00333	0.01084	0.00527
4	0.01040	0.61357	0.07510	0.00826	0.04862	0.12002	0.03569	0.03257	0.00836	0.00972	0.00566	0.00661	0.00493	0.00335	0.00277	0.00089	0.00457	0.00229	0.00172	0.00491
5	0.00464	0.00335	0.00440	0.00522	0.00553	0.00312	0.00357	0.00536	0.00734	0.00969	0.02173	0.77259	0.07614	0.01154	0.00479	0.00152	0.00222	0.05068	0.00348	0.00308
6	0.01693	0.05476	0.03830	0.11420	0.10874	0.02294	0.05152	0.21485	0.25760	0.01558	0.04230	0.01139	0.01513	0.00445	0.00384	0.00118	0.01406	0.00373	0.00297	0.00554
7	0.05070	0.00571	0.00634	0.02476	0.00749	0.05065	0.00432	0.03072	0.02432	0.15563	0.11068	0.07429	0.14428	0.12057	0.09635	0.00199	0.00375	0.00517	0.00317	0.07913
8	0.15235	0.06294	0.00898	0.03029	0.00946	0.08470	0.01812	0.26501	0.04254	0.02402	0.01768	0.12817	0.00973	0.08657	0.00502	0.00140	0.00379	0.02199	0.00294	0.02429
9	0.00875	0.17184	0.49425	0.01064	0.01526	0.01796	0.15796	0.03082	0.00838	0.04037	0.00693	0.00815	0.00513	0.00349	0.00352	0.00113	0.00530	0.00297	0.00180	0.00536
10	0.00607	0.00452	0.00529	0.00506	0.00630	0.00433	0.00389	0.00872	0.12264	0.04739	0.34550	0.05798	0.29609	0.00812	0.00438	0.00127	0.00217	0.06262	0.00383	0.00384
11	0.00519	0.00371	0.00476	0.00521	0.00566	0.00360	0.00371	0.00624	0.02150	0.01023	0.13186	0.37518	0.05342	0.18695	0.03047	0.00205	0.00284	0.14105	0.00328	0.00308
12	0.05224	0.04188	0.06555	0.05547	0.08971	0.09988	0.06006	0.05328	0.11945	0.12927	0.05656	0.06649	0.01810	0.02894	0.00458	0.00127	0.04530	0.00410	0.00284	0.00500
13	0.00561	0.00418	0.00556	0.00550	0.00612	0.00465	0.00403	0.00721	0.06312	0.00887	0.01232	0.01843	0.05338	0.25214	0.52651	0.00481	0.00742	0.00462	0.00228	0.00323
14	0.00660	0.00405	0.00477	0.00447	0.00557	0.00381	0.00339	0.03089	0.00964	0.06350	0.39420	0.04249	0.13952	0.00678	0.00385	0.00111	0.00194	0.00579	0.26391	0.00371
15	0.00812	0.00870	0.01795	0.08862	0.08933	0.00839	0.56457	0.01078	0.00848	0.01149	0.00941	0.12515	0.00847	0.00450	0.00437	0.00129	0.00545	0.01806	0.00211	0.00476
16	0.02925	0.12582	0.01117	0.00780	0.01026	0.00942	0.06129	0.30833	0.11769	0.09525	0.02498	0.09184	0.02021	0.02534	0.00413	0.00124	0.00371	0.04359	0.00333	0.00534
17	0.00915	0.00842	0.01360	0.11785	0.55642	0.00883	0.02689	0.09312	0.00913	0.01276	0.00807	0.06811	0.00712	0.00421	0.00416	0.00118	0.03947	0.00387	0.00213	0.00549
18	0.05762	0.75818	0.05887	0.00650	0.00971	0.01388	0.00657	0.01114	0.00765	0.00958	0.02858	0.00673	0.00562	0.00337	0.00252	0.00085	0.00396	0.00218	0.00171	0.00477
19	0.05441	0.00460	0.00598	0.03367	0.06882	0.00446	0.00433	0.00747	0.00725	0.06324	0.03543	0.33979	0.03504	0.20784	0.02591	0.00195	0.00311	0.02938	0.00293	0.06438
20	0.01117	0.00936	0.03113	0.03365	0.06805	0.00965	0.11903	0.43155	0.07778	0.01832	0.06637	0.02420	0.00887	0.00493	0.01980	0.00123	0.00426	0.00387	0.00318	0.05360
21	0.00524	0.00378	0.00485	0.00549	0.00590	0.00372	0.00390	0.00653	0.05211	0.00985	0.01885	0.53555	0.02175	0.14481	0.00704	0.00188	0.00268	0.15961	0.00331	0.00316
22	0.10133	0.00800	0.01429	0.20720	0.21772	0.00827	0.26739	0.01053	0.00811	0.01188	0.02746	0.08484	0.00779	0.00423	0.00391	0.00123	0.00474	0.00427	0.00207	0.00475
23	0.00724	0.00682	0.01153	0.80173	0.08206	0.00838	0.01049	0.00972	0.00757	0.00977	0.00670	0.00995	0.00507	0.00372	0.00375	0.00124	0.00496	0.00333	0.00168	0.00429
24	0.00675	0.00531	0.03038	0.00663	0.00802	0.00491	0.06161	0.00936	0.08657	0.06098	0.32392	0.10163	0.04120	0.00836	0.02366	0.00147	0.00303	0.20858	0.00362	0.00401
25	0.05716	0.00882	0.01470	0.02205	0.79946	0.00889	0.01111	0.01149	0.00843	0.01250	0.00696	0.00911	0.00584	0.00335	0.00364	0.00112	0.00437	0.00327	0.00188	0.00584
26	0.00888	0.05681	0.04067	0.21226	0.51928	0.04726	0.01068	0.01110	0.00833	0.01127	0.00721	0.01018	0.00608	0.00369	0.00368	0.00114	0.00466	0.02965	0.00185	0.00531
27	0.00828	0.06330	0.02762	0.00660	0.00824	0.13977	0.04949	0.03706	0.01854	0.07231	0.33939	0.08744	0.08664	0.03327	0.00452	0.00124	0.00333	0.00557	0.00330	0.00409
28	0.00720	0.00631	0.05295	0.00685	0.00841	0.02586	0.07230	0.05320	0.02040	0.06942	0.17271	0.21282	0.14360	0.00823	0.02522	0.00142	0.05082	0.03964	0.00327	0.01936
29	0.00471	0.00341	0.00448	0.00522	0.00559	0.00317	0.00362	0.00552	0.00758	0.01006	0.07122	0.70453	0.07773	0.01127	0.00477	0.00150	0.00222	0.06676	0.00352	0.00311
30	0.07348	0.02644	0.48666	0.09450	0.01544	0.00837	0.09118	0.01152	0.05868	0.01203	0.00839	0.08153	0.00694	0.00432	0.00368	0.00123	0.00490	0.00369	0.00198	0.00505
31	0.00917	0.03694	0.07172	0.08700	0.63077	0.02785	0.01097	0.01146	0.00840	0.03103	0.00719	0.00935	0.00591	0.00423	0.03118	0.00128	0.00476	0.00327	0.00189	0.00563
32	0.01128	0.00821	0.00921	0.00769	0.00992	0.00913	0.00621	0.31505	0.29332	0.09829	0.08294	0.01422	0.01150	0.00536	0.00435	0.00124	0.04974	0.04103	0.01563	0.00569
33	0.00474	0.00377	0.00425	0.00422	0.00528	0.00328	0.00313	0.00595	0.00915	0.01175	0.30857	0.09613	0.50840	0.00905	0.00446	0.00126	0.00188	0.00774	0.00370	0.00328
34	0.07023	0.33374	0.31493	0.00859	0.01255	0.01101	0.06335	0.07314	0.00861	0.04305	0.00726	0.00810	0.02313	0.00364	0.00315	0.00104	0.00457	0.00274	0.00198	0.00518
35	0.00952	0.00799	0.02314	0.31746	0.30073	0.04811	0.00940	0.01197	0.03962	0.13033	0.03967	0.01137	0.02617	0.00407	0.00376	0.00118	0.00438	0.00361	0.00238	0.00514
36	0.00824	0.00510	0.00626	0.00552	0.00703	0.00493	0.00431	0.07086	0.07851	0.15569	0.45284	0.02359	0.09849	0.00685	0.00418	0.00119	0.00234	0.02848	0.03118	0.00439
37	0.00488	0.00333	0.00438	0.00500	0.00530	0.00310	0.00337	0.00519	0.00696	0.00913	0.02039	0.62189	0.12054	0.01170	0.00641	0.15105	0.00233	0.00909	0.00317	0.00282
38	0.00912	0.00864	0.02204	0.10540	0.50657	0.02014	0.07024	0.02210	0.12044	0.02953	0.03581	0.01748	0.00773	0.00387	0.00381	0.00117	0.00436	0.00370	0.00227	0.00558
39	0.00738	0.03553	0.10708	0.01607	0.04897	0.02518	0.19665	0.02573	0.05647	0.03281	0.10675	0.25059	0.04864	0.00667	0.00425	0.00129	0.00388	0.01879	0.00284	0.00441
40	0.00581	0.00398	0.00474	0.00468	0.00580	0.00355	0.00359	0.00709	0.00912	0.07089	0.25049	0.11394	0.37451	0.00878	0.00443	0.00129	0.00213	0.08539	0.03628	0.00352
41	0.00669	0.00637	0.03032	0.31007	0.15502	0.00657	0.00755	0.00923	0.06530	0.01119	0.09598	0.01934	0.24985	0.00580	0.00401	0.00123	0.00358	0.00503	0.00260	0.00428
42	0.00926	0.17115	0.27188	0.00914	0.02031	0.02520	0.10550	0.03551	0.10879	0.09108	0.03832	0.07964	0.00886	0.00458	0.00363	0.00115	0.00439	0.00389	0.00250	0.00521
43	0.00891	0.30979	0.47493	0.00962	0.04620	0.01077	0.02424	0.02539	0.00812	0.04057	0.00656	0.00755	0.00502	0.00348	0.00320	0.00105	0.00488	0.00260	0.00175	0.00535
44	0.00763	0.01822	0.75373	0.01087	0.01595	0.00894	0.05056	0.01169	0.00781	0.01169	0.00665	0.00804	0.00481	0.00375	0.00420	0.00122	0.06433	0.00288	0.00160	0.00542
45	0.01003	0.02272	0.22063	0.06154	0.11370	0.02173	0.07432	0.07313	0.01990	0.18943	0.01173	0.04951	0.06201	0.03247	0.01230	0.00132	0.00438	0.01113	0.00274	0.00528
46	0.01585	0.11554	0.46503	0.01048	0.04365	0.03722	0.09156	0.06355	0.00877	0.03533	0.02464	0.01808	0.02205	0.00394	0.00381	0.00115	0.02888	0.00319	0.00198	0.00530
47	0.05606	0.01576	0.57541	0.01100	0.07173	0.02985	0.06312	0.01192	0.02591	0.04082	0.00785	0.04734	0.00613	0.00432	0.01579	0.00127	0.00518	0.00331	0.00192	0.00532

[dist]
# distance from previous block
# <min> <max>
20	55

[block]
# block no. 2 follows, 73 sequences, length 22
# corresponding to MSA columns:
# 207-228
name=unknown_C
#
# <colnr> <probs for GDERKNQSTAVLIFYWHMCP>
#	G	D	E	R	K	N	Q	S	T	A	V	L	I	F	Y	W	H	M	C	P
0	0.00878	0.06543	0.03196	0.07119	0.32366	0.02142	0.13358	0.02988	0.02497	0.02582	0.07571	0.02168	0.00849	0.00381	0.00367	0.00106	0.00425	0.00362	0.00222	0.13880
1	0.00962	0.65445	0.08307	0.00674	0.00987	0.02670	0.00673	0.02307	0.02993	0.02509	0.05079	0.03359	0.00732	0.00383	0.00278	0.00090	0.00395	0.00270	0.00195	0.01694
2	0.01093	0.03241	0.02178	0.00823	0.03149	0.08823	0.00646	0.28397	0.32729	0.01685	0.02444	0.04062	0.02093	0.00502	0.00374	0.00117	0.00373	0.02192	0.01805	0.03273
3	0.01401	0.01788	0.01063	0.00967	0.01160	0.85309	0.00725	0.01498	0.01063	0.00918	0.00580	0.00677	0.00483	0.00387	0.00338	0.00097	0.00677	0.00242	0.00193	0.00435
4	0.03327	0.24691	0.15078	0.00859	0.03367	0.02388	0.07325	0.12077	0.04596	0.14574	0.02119	0.04766	0.02380	0.00433	0.00344	0.00109	0.00416	0.00349	0.00267	0.00533
5	0.00699	0.00450	0.00615	0.00645	0.00744	0.00438	0.01720	0.02257	0.02020	0.09554	0.01891	0.20439	0.03688	0.06863	0.00584	0.00173	0.00319	0.46183	0.00349	0.00369
6	0.01401	0.01788	0.01063	0.00967	0.01160	0.85309	0.00725	0.01498	0.01063	0.00918	0.00580	0.00677	0.00483	0.00387	0.00338	0.00097	0.00677	0.00242	0.00193	0.00435
7	0.00920	0.00900	0.01454	0.12756	0.70780	0.04332	0.01120	0.01141	0.00850	0.01180	0.00696	0.00927	0.00578	0.00342	0.00371	0.00113	0.00462	0.00330	0.00184	0.00565
8	0.04705	0.10292	0.01162	0.03137	0.01141	0.06899	0.00690	0.58291	0.04577	0.01977	0.00870	0.03022	0.00663	0.00447	0.00356	0.00110	0.00418	0.00333	0.00328	0.00582
9	0.00483	0.00380	0.00435	0.00425	0.00532	0.00333	0.00317	0.00613	0.00944	0.01230	0.39531	0.05408	0.46283	0.00875	0.00444	0.00123	0.00185	0.00749	0.00377	0.00333
10	0.00685	0.00551	0.00631	0.00582	0.00722	0.00581	0.00445	0.01207	0.33849	0.01499	0.46280	0.02298	0.07801	0.00677	0.00418	0.00122	0.00225	0.00585	0.00396	0.00447
11	0.09582	0.04762	0.03160	0.00853	0.02897	0.12018	0.00695	0.50276	0.03148	0.07743	0.00852	0.00866	0.00616	0.00424	0.00351	0.00110	0.00430	0.00310	0.00326	0.00580
12	0.00728	0.00655	0.01091	0.00914	0.01093	0.02432	0.26172	0.03552	0.07042	0.02925	0.05425	0.29768	0.02915	0.00760	0.00456	0.00140	0.00387	0.12821	0.00304	0.00418
13	0.00652	0.00326	0.00489	0.00489	0.00489	0.00326	0.00326	0.00489	0.00489	0.00652	0.00652	0.01140	0.00652	0.01303	0.01466	0.89084	0.00326	0.00326	0.00163	0.00163
14	0.10384	0.04167	0.05585	0.01081	0.10821	0.34141	0.07911	0.10404	0.04017	0.06963	0.00738	0.00823	0.00566	0.00383	0.00346	0.00108	0.00523	0.00293	0.00239	0.00506
15	0.00804	0.00685	0.02388	0.02927	0.06469	0.06255	0.05363	0.03773	0.14040	0.07045	0.18838	0.10633	0.10676	0.05494	0.00499	0.00138	0.00328	0.02876	0.00330	0.00440
16	0.07043	0.06213	0.08241	0.03198	0.12820	0.06007	0.06005	0.14693	0.09817	0.10275	0.03723	0.01001	0.00752	0.00400	0.00352	0.00109	0.00411	0.00330	0.00277	0.08333
17	0.04591	0.05398	0.08079	0.01142	0.21332	0.08410	0.02123	0.14386	0.05032	0.06295	0.02633	0.00919	0.00672	0.00374	0.00342	0.00100	0.00412	0.00305	0.00253	0.17203
18	0.03329	0.02583	0.10729	0.02441	0.12969	0.06492	0.02565	0.15196	0.08192	0.13793	0.11134	0.02624	0.01068	0.01596	0.00393	0.00116	0.00393	0.00385	0.00306	0.03695
19	0.04338	0.08747	0.19328	0.01006	0.11967	0.06399	0.02955	0.09715	0.12449	0.05325	0.05263	0.01138	0.04748	0.00432	0.00356	0.00111	0.00416	0.00351	0.00261	0.04695
20	0.07049	0.06509	0.12614	0.04467	0.09034	0.09806	0.03402	0.10013	0.08661	0.04777	0.06305	0.01040	0.01924	0.00407	0.00345	0.00105	0.00414	0.00327	0.00256	0.12545
21	0.02912	0.10510	0.16255	0.00943	0.09237	0.07083	0.03576	0.10009	0.05426	0.14270	0.06077	0.01094	0.02952	0.00420	0.00352	0.00107	0.00413	0.00339	0.00275	0.07751

[dist]
# distance from previous block
# <min> <max>
18	78

[block]
# block no. 3 follows, 73 sequences, length 123
# corresponding to MSA columns:
# 307-429
name=unknown_D
#
# <colnr> <probs for GDERKNQSTAVLIFYWHMCP>
#	G	D	E	R	K	N	Q	S	T	A	V	L	I	F	Y	W	H	M	C	P
0	0.01939	0.04707	0.06865	0.02994	0.45327	0.00930	0.07114	0.14285	0.03671	0.02649	0.02552	0.01030	0.02572	0.00409	0.01236	0.00118	0.00446	0.00354	0.00233	0.00569
1	0.00765	0.09477	0.29033	0.01084	0.16810	0.00776	0.05236	0.01028	0.01666	0.02924	0.07704	0.02712	0.13643	0.02734	0.00413	0.00120	0.00413	0.00420	0.00229	0.02813
2	0.00966	0.63447	0.04228	0.09719	0.01159	0.06294	0.00716	0.01106	0.00765	0.00903	0.00556	0.00689	0.00496	0.00415	0.02563	0.00105	0.05009	0.00231	0.00164	0.00466
3	0.00786	0.00712	0.01096	0.51222	0.06353	0.00880	0.00921	0.08215	0.00818	0.01102	0.03695	0.01051	0.00653	0.00591	0.05747	0.00159	0.15014	0.00350	0.00197	0.00437
4	0.01135	0.00875	0.00952	0.01693	0.01048	0.01891	0.01579	0.33524	0.38082	0.05489	0.04781	0.01227	0.01001	0.00483	0.00377	0.00118	0.00345	0.00390	0.02042	0.02969
5	0.00815	0.00767	0.05304	0.00639	0.00968	0.00596	0.02699	0.04028	0.08929	0.01288	0.00770	0.00874	0.00624	0.01562	0.00324	0.00074	0.00310	0.00260	0.00239	0.68932
6	0.00797	0.00666	0.00777	0.00577	0.00885	0.00529	0.00460	0.06057	0.00839	0.01277	0.00791	0.05443	0.00706	0.00357	0.00301	0.00067	0.00285	0.02467	0.00242	0.76476
7	0.01233	0.02575	0.04432	0.00910	0.02458	0.20773	0.03776	0.33131	0.21434	0.03071	0.00977	0.01886	0.00737	0.00445	0.00369	0.00113	0.00457	0.00344	0.00313	0.00565
8	0.00957	0.00672	0.00747	0.00639	0.00833	0.00695	0.00505	0.29676	0.09025	0.09107	0.07119	0.12379	0.22310	0.00702	0.00411	0.00124	0.00295	0.01984	0.01333	0.00486
9	0.02011	0.17510	0.01219	0.02828	0.09022	0.16110	0.00709	0.17917	0.25215	0.01430	0.00939	0.01899	0.00739	0.00426	0.00344	0.00108	0.00426	0.00326	0.00279	0.00544
10	0.00461	0.00328	0.00434	0.00518	0.00539	0.00307	0.00343	0.00523	0.00711	0.00948	0.02032	0.83174	0.02436	0.04633	0.00537	0.00161	0.00224	0.01046	0.00343	0.00302
11	0.01278	0.05712	0.08262	0.01062	0.11975	0.01912	0.03360	0.50868	0.02544	0.08010	0.00879	0.00915	0.00635	0.00418	0.00368	0.00112	0.00429	0.00331	0.00320	0.00610
12	0.01226	0.17019	0.03459	0.00937	0.01251	0.04274	0.14022	0.43406	0.05435	0.04099	0.00837	0.00888	0.00622	0.00403	0.00360	0.00109	0.00451	0.00330	0.00296	0.00576
13	0.00460	0.00332	0.00437	0.00520	0.00548	0.00308	0.00351	0.00529	0.00729	0.00964	0.02151	0.80503	0.06486	0.01161	0.00478	0.00152	0.00219	0.03017	0.00348	0.00306
14	0.89465	0.00726	0.00551	0.00493	0.00726	0.00842	0.00406	0.01103	0.00638	0.01683	0.00522	0.00609	0.00406	0.00348	0.00232	0.00116	0.00290	0.00203	0.00232	0.00406
15	0.89465	0.00726	0.00551	0.00493	0.00726	0.00842	0.00406	0.01103	0.00638	0.01683	0.00522	0.00609	0.00406	0.00348	0.00232	0.00116	0.00290	0.00203	0.00232	0.00406
16	0.00537	0.00392	0.00520	0.00590	0.00663	0.00376	0.00475	0.00668	0.00830	0.01079	0.06316	0.28308	0.13004	0.01053	0.00493	0.00158	0.00279	0.43580	0.00350	0.00330
17	0.00933	0.56231	0.25860	0.00811	0.01200	0.01272	0.04361	0.02691	0.01759	0.01020	0.00594	0.00689	0.00494	0.00336	0.00287	0.00094	0.00454	0.00238	0.00168	0.00508
18	0.01038	0.43476	0.12484	0.00927	0.09889	0.07429	0.00801	0.08455	0.02973	0.03751	0.00657	0.00745	0.00539	0.00360	0.00324	0.00097	0.02739	0.00255	0.00201	0.02859
19	0.00508	0.00385	0.00469	0.00452	0.00550	0.00348	0.00337	0.00668	0.01969	0.01344	0.57113	0.06614	0.26202	0.00833	0.00444	0.00122	0.00184	0.00724	0.00392	0.00344
20	0.00627	0.00522	0.00601	0.00601	0.04262	0.00529	0.00432	0.01005	0.22745	0.01309	0.27089	0.02607	0.31868	0.02230	0.00461	0.00128	0.01576	0.00630	0.00365	0.00413
21	0.01249	0.04594	0.08464	0.01962	0.02303	0.03045	0.02064	0.06937	0.29790	0.33569	0.01288	0.01194	0.00897	0.00456	0.00371	0.00118	0.00361	0.00371	0.00370	0.00597
22	0.00874	0.06339	0.13803	0.01453	0.01853	0.00970	0.66657	0.01195	0.00865	0.01181	0.00733	0.00956	0.00551	0.00322	0.00418	0.00123	0.00608	0.00405	0.00184	0.00511
23	0.00465	0.00336	0.00441	0.00516	0.00549	0.00312	0.00352	0.00542	0.00751	0.00999	0.07292	0.74715	0.06893	0.01134	0.00476	0.00149	0.00217	0.03198	0.00352	0.00310
24	0.00592	0.00433	0.00584	0.00654	0.00734	0.00440	0.00541	0.00801	0.06627	0.01106	0.01930	0.22382	0.02108	0.01107	0.04146	0.00183	0.00342	0.54594	0.00342	0.00353
25	0.00762	0.01885	0.80437	0.01135	0.06032	0.00872	0.01374	0.01186	0.00795	0.01190	0.00675	0.00799	0.00482	0.00355	0.00357	0.00118	0.00549	0.00280	0.00160	0.00557
26	0.00558	0.00413	0.00502	0.00525	0.00600	0.00396	0.00374	0.08506	0.00889	0.01178	0.13572	0.52977	0.16073	0.01012	0.00458	0.00140	0.00226	0.00897	0.00360	0.00346
27	0.00479	0.00381	0.00429	0.00417	0.00528	0.00332	0.00313	0.00607	0.00938	0.01211	0.36196	0.03285	0.51804	0.00876	0.00443	0.00123	0.00185	0.00746	0.00374	0.00332
28	0.74458	0.00690	0.00566	0.00506	0.00727	0.00780	0.00411	0.02471	0.00696	0.06323	0.00806	0.05354	0.04158	0.00426	0.00265	0.00118	0.00286	0.00287	0.00259	0.00414
29	0.00498	0.00356	0.00475	0.00550	0.00591	0.00339	0.00399	0.00591	0.00764	0.01015	0.06419	0.58467	0.04003	0.04800	0.00547	0.00164	0.00250	0.19116	0.00346	0.00313
30	0.00778	0.00667	0.00778	0.00556	0.00889	0.00500	0.00445	0.00945	0.00778	0.01223	0.00667	0.00778	0.00556	0.00278	0.00278	0.00056	0.00278	0.00222	0.00222	0.89108
31	0.00460	0.00378	0.00408	0.00423	0.00534	0.00325	0.00319	0.00560	0.00847	0.01031	0.06056	0.13227	0.65930	0.00977	0.00453	0.00133	0.00205	0.07064	0.00350	0.00319
32	0.00549	0.00396	0.00554	0.00591	0.00649	0.00378	0.03934	0.00684	0.05162	0.04026	0.01959	0.73076	0.02263	0.01074	0.00470	0.00149	0.00247	0.03151	0.00347	0.00342
33	0.00821	0.00821	0.01149	0.00985	0.00985	0.01149	0.00821	0.00903	0.00575	0.00903	0.00492	0.00821	0.00492	0.00657	0.01231	0.00164	0.86128	0.00328	0.00164	0.00410
34	0.00811	0.00686	0.00796	0.00571	0.00903	0.00534	0.00458	0.05115	0.00828	0.01280	0.00679	0.00784	0.00560	0.00287	0.00283	0.00058	0.00285	0.00228	0.00230	0.84625
35	0.00752	0.01941	0.84871	0.01069	0.01624	0.00871	0.01386	0.01188	0.00792	0.01188	0.00673	0.00792	0.00475	0.00356	0.00356	0.00119	0.00554	0.00277	0.00158	0.00554
36	0.00454	0.00380	0.00395	0.00393	0.00513	0.00321	0.00294	0.00558	0.00877	0.01070	0.13085	0.04652	0.73859	0.00932	0.00444	0.00126	0.00189	0.00782	0.00356	0.00321
37	0.00552	0.00419	0.00580	0.00578	0.00637	0.01843	0.00435	0.00664	0.00601	0.00849	0.01026	0.01615	0.00997	0.15970	0.70830	0.00557	0.00899	0.00422	0.00205	0.00320
38	0.00948	0.00662	0.02041	0.01860	0.10065	0.00648	0.04849	0.12386	0.09568	0.16661	0.03137	0.26889	0.06048	0.00697	0.00417	0.00129	0.00325	0.01831	0.00347	0.00491
39	0.01295	0.00923	0.01033	0.00827	0.01079	0.01033	0.00675	0.47304	0.19938	0.12561	0.01078	0.01053	0.00776	0.00484	0.00453	0.00121	0.08029	0.00361	0.00369	0.00608
40	0.00890	0.00764	0.00810	0.00738	0.00937	0.00876	0.00572	0.01858	0.75875	0.01516	0.01640	0.05187	0.04218	0.00562	0.00390	0.00129	0.00290	0.01802	0.00379	0.00567
41	0.82479	0.00769	0.00594	0.03593	0.00811	0.04473	0.00443	0.01115	0.00661	0.01624	0.00530	0.00626	0.00413	0.00351	0.00242	0.00116	0.00314	0.00210	0.00228	0.00408
42	0.00517	0.00394	0.00477	0.00461	0.00560	0.00361	0.00344	0.00696	0.03966	0.01337	0.54046	0.08798	0.24988	0.00835	0.00443	0.00123	0.00188	0.00727	0.00390	0.00349
43	0.00840	0.07099	0.56572	0.01062	0.01520	0.00955	0.09887	0.06624	0.05269	0.01253	0.00724	0.00844	0.00533	0.00379	0.00405	0.00120	0.04874	0.00304	0.00188	0.00545
44	0.00795	0.00662	0.00780	0.00581	0.00890	0.00525	0.00468	0.00992	0.03778	0.03024	0.00782	0.00996	0.00669	0.00338	0.00314	0.00068	0.01889	0.04583	0.00239	0.77629
45	0.00764	0.00655	0.00761	0.00548	0.00873	0.00492	0.00438	0.00927	0.00781	0.01214	0.00802	0.00900	0.04157	0.00307	0.00285	0.00059	0.00274	0.00247	0.00228	0.85291
46	0.00709	0.00667	0.01125	0.85913	0.02584	0.00834	0.01042	0.00959	0.00750	0.00959	0.00667	0.01000	0.00500	0.00375	0.00375	0.00125	0.00500	0.00333	0.00167	0.00417
47	0.89465	0.00726	0.00551	0.00493	0.00726	0.00842	0.00406	0.01103	0.00638	0.01683	0.00522	0.00609	0.00406	0.00348	0.00232	0.00116	0.00290	0.00203	0.00232	0.00406
48	0.00517	0.00383	0.00482	0.00457	0.00552	0.00348	0.00343	0.00681	0.01029	0.01426	0.71379	0.02932	0.16487	0.00796	0.00443	0.00119	0.00179	0.00697	0.00403	0.00348
49	0.00457	0.00326	0.00435	0.00522	0.00544	0.00305	0.00348	0.00522	0.00718	0.00958	0.02068	0.86570	0.02481	0.01175	0.00479	0.00152	0.00218	0.01067	0.00348	0.00305
50	0.00462	0.00329	0.00434	0.00516	0.00536	0.00308	0.00341	0.00524	0.00708	0.00944	0.02016	0.81625	0.02416	0.06210	0.00563	0.00165	0.00226	0.01036	0.00341	0.00300
51	0.00775	0.00757	0.01006	0.00886	0.00910	0.04596	0.00725	0.00869	0.00602	0.00894	0.00627	0.00992	0.00609	0.02397	0.20979	0.00267	0.61199	0.00345	0.00175	0.00391
52	0.89465	0.00726	0.00551	0.00493	0.00726	0.00842	0.00406	0.01103	0.00638	0.01683	0.00522	0.00609	0.00406	0.00348	0.00232	0.00116	0.00290	0.00203	0.00232	0.00406
53	0.00778	0.00667	0.00778	0.00556	0.00889	0.00500	0.00445	0.00945	0.00778	0.01223	0.00667	0.00778	0.00556	0.00278	0.00278	0.00056	0.00278	0.00222	0.00222	0.89108
54	0.00778	0.00667	0.00778	0.00556	0.00889	0.00500	0.00445	0.00945	0.00778	0.01223	0.00667	0.00778	0.00556	0.00278	0.00278	0.00056	0.00278	0.00222	0.00222	0.89108
55	0.89465	0.00726	0.00551	0.00493	0.00726	0.00842	0.00406	0.01103	0.00638	0.01683	0.00522	0.00609	0.00406	0.00348	0.00232	0.00116	0.00290	0.00203	0.00232	0.00406
56	0.00699	0.00350	0.00350	0.00350	0.00437	0.00350	0.00262	0.00874	0.00787	0.01399	0.01224	0.01399	0.00962	0.00437	0.00262	0.00087	0.00175	0.00350	0.88898	0.00350
57	0.89465	0.00726	0.00551	0.00493	0.00726	0.00842	0.00406	0.01103	0.00638	0.01683	0.00522	0.00609	0.00406	0.00348	0.00232	0.00116	0.00290	0.00203	0.00232	0.00406
58	0.00929	0.00891	0.01523	0.02303	0.84475	0.00891	0.01151	0.01151	0.00854	0.01226	0.00706	0.00929	0.00594	0.00334	0.00371	0.00111	0.00446	0.00334	0.00186	0.00594
59	0.00933	0.00806	0.00848	0.00764	0.00976	0.00933	0.00594	0.01994	0.83797	0.01569	0.01527	0.01400	0.01145	0.00509	0.00382	0.00127	0.00297	0.00424	0.00382	0.00594
60	0.01048	0.00832	0.00901	0.00775	0.00999	0.00935	0.00622	0.29136	0.44401	0.01793	0.05760	0.01559	0.01193	0.00550	0.00395	0.00126	0.00334	0.07688	0.00378	0.00574
61	0.00449	0.00370	0.00394	0.00410	0.00515	0.00316	0.00299	0.00541	0.00836	0.01018	0.05936	0.19117	0.66531	0.00987	0.00450	0.00131	0.00195	0.00840	0.00350	0.00316
62	0.01683	0.00638	0.00871	0.00668	0.00958	0.00551	0.00551	0.01828	0.01074	0.84734	0.01480	0.01277	0.00929	0.00464	0.00377	0.00116	0.00319	0.00377	0.00464	0.00638
63	0.01378	0.01749	0.01058	0.00961	0.01149	0.82451	0.00723	0.01474	0.01047	0.00917	0.00585	0.00691	0.00490	0.00428	0.01629	0.00106	0.02293	0.00246	0.00193	0.00433
64	0.01664	0.00633	0.00861	0.00661	0.00948	0.00548	0.00546	0.01810	0.01068	0.83120	0.01475	0.01279	0.00929	0.00464	0.00375	0.00116	0.00316	0.00377	0.02178	0.00633
65	0.00456	0.00335	0.00428	0.00500	0.00539	0.00307	0.00339	0.00528	0.00744	0.00975	0.03732	0.72829	0.14640	0.01135	0.00473	0.00148	0.00213	0.01019	0.00349	0.00307
66	0.01683	0.00638	0.00871	0.00668	0.00958	0.00551	0.00551	0.01828	0.01074	0.84734	0.01480	0.01277	0.00929	0.00464	0.00377	0.00116	0.00319	0.00377	0.00464	0.00638
67	0.79280	0.00848	0.00611	0.00548	0.00776	0.10611	0.00443	0.01149	0.00688	0.01595	0.00529	0.00617	0.00415	0.00353	0.00244	0.00114	0.00335	0.00208	0.00228	0.00410
68	0.00794	0.10220	0.68657	0.01080	0.05939	0.00935	0.01266	0.01214	0.04361	0.01176	0.00697	0.00807	0.00511	0.00358	0.00347	0.00115	0.00523	0.00279	0.00170	0.00551
69	0.00522	0.00343	0.00458	0.00530	0.00566	0.00318	0.00359	0.00592	0.00737	0.05415	0.02037	0.82032	0.02399	0.01138	0.00473	0.00150	0.00223	0.01030	0.00354	0.00322
70	0.13384	0.00958	0.02795	0.03190	0.23395	0.02309	0.46054	0.01175	0.00842	0.01266	0.00706	0.00925	0.00549	0.00328	0.00390	0.00120	0.00533	0.00373	0.00194	0.00513
71	0.00534	0.00382	0.00490	0.00463	0.00553	0.00352	0.00347	0.00708	0.01041	0.01479	0.77204	0.02777	0.06945	0.00761	0.00435	0.00117	0.00177	0.00669	0.04214	0.00352
72	0.00799	0.00679	0.00789	0.00566	0.00898	0.00522	0.00453	0.03655	0.00810	0.01260	0.00675	0.00782	0.00558	0.00284	0.00281	0.00057	0.00282	0.00226	0.00227	0.86194
73	0.00546	0.00364	0.00409	0.00409	0.00409	0.00364	0.00227	0.00546	0.00546	0.00727	0.01182	0.02455	0.01364	0.86815	0.01910	0.00364	0.00364	0.00546	0.00227	0.00227
74	0.00455	0.00378	0.00397	0.00409	0.00523	0.00322	0.00307	0.00550	0.00840	0.01011	0.03524	0.10570	0.71987	0.02129	0.00470	0.00134	0.00203	0.05129	0.00347	0.00316
75	0.01419	0.01261	0.01108	0.00893	0.01162	0.25164	0.00716	0.59914	0.01564	0.01952	0.00809	0.00837	0.00594	0.00432	0.00365	0.00108	0.00488	0.00310	0.00323	0.00580
76	0.00464	0.00371	0.00413	0.00422	0.00521	0.00323	0.00308	0.00568	0.00865	0.01091	0.18571	0.17330	0.53898	0.02559	0.00477	0.00134	0.00195	0.00812	0.00358	0.00320
77	0.01426	0.01051	0.01126	0.00863	0.01163	0.01163	0.00713	0.83224	0.01764	0.02364	0.00901	0.00901	0.00638	0.00450	0.00375	0.00113	0.00413	0.00338	0.00375	0.00638
78	0.01683	0.00638	0.00871	0.00668	0.00958	0.00551	0.00551	0.01828	0.01074	0.84734	0.01480	0.01277	0.00929	0.00464	0.00377	0.00116	0.00319	0.00377	0.00464	0.00638
79	0.00778	0.00667	0.00778	0.00556	0.00889	0.00500	0.00445	0.00945	0.00778	0.01223	0.00667	0.00778	0.00556	0.00278	0.00278	0.00056	0.00278	0.00222	0.00222	0.89108
80	0.01426	0.01051	0.01126	0.00863	0.01163	0.01163	0.00713	0.83224	0.01764	0.02364	0.00901	0.00901	0.00638	0.00450	0.00375	0.00113	0.00413	0.00338	0.00375	0.00638
81	0.00514	0.00383	0.00478	0.00454	0.00550	0.00347	0.00341	0.00675	0.01022	0.01410	0.68814	0.02958	0.19061	0.00802	0.00443	0.00120	0.00180	0.00700	0.00401	0.00347
82	0.00531	0.00383	0.00501	0.00472	0.00560	0.00354	0.00354	0.00708	0.01062	0.01504	0.84277	0.02802	0.03540	0.00767	0.00442	0.00118	0.00177	0.00678	0.00413	0.00354
83	0.01426	0.01051	0.01126	0.00863	0.01163	0.01163	0.00713	0.83224	0.01764	0.02364	0.00901	0.00901	0.00638	0.00450	0.00375	0.00113	0.00413	0.00338	0.00375	0.00638
84	0.89465	0.00726	0.00551	0.00493	0.00726	0.00842	0.00406	0.01103	0.00638	0.01683	0.00522	0.00609	0.00406	0.00348	0.00232	0.00116	0.00290	0.00203	0.00232	0.00406
85	0.00605	0.00432	0.00605	0.00691	0.00777	0.00432	0.00605	0.00777	0.00864	0.01123	0.01986	0.04232	0.02159	0.01036	0.00518	0.00173	0.00345	0.81949	0.00345	0.00345
86	0.01426	0.01051	0.01126	0.00863	0.01163	0.01163	0.00713	0.83224	0.01764	0.02364	0.00901	0.00901	0.00638	0.00450	0.00375	0.00113	0.00413	0.00338	0.00375	0.00638
87	0.89465	0.00726	0.00551	0.00493	0.00726	0.00842	0.00406	0.01103	0.00638	0.01683	0.00522	0.00609	0.00406	0.00348	0.00232	0.00116	0.00290	0.00203	0.00232	0.00406
88	0.00752	0.01941	0.84871	0.01069	0.01624	0.00871	0.01386	0.01188	0.00792	0.01188	0.00673	0.00792	0.00475	0.00356	0.00356	0.00119	0.00554	0.00277	0.00158	0.00554
89	0.01426	0.01051	0.01126	0.00863	0.01163	0.01163	0.00713	0.83224	0.01764	0.02364	0.00901	0.00901	0.00638	0.00450	0.00375	0.00113	0.00413	0.00338	0.00375	0.00638
90	0.00752	0.01941	0.84871	0.01069	0.01624	0.00871	0.01386	0.01188	0.00792	0.01188	0.00673	0.00792	0.00475	0.00356	0.00356	0.00119	0.00554	0.00277	0.00158	0.00554
91	0.00929	0.00891	0.01523	0.02303	0.84475	0.00891	0.01151	0.01151	0.00854	0.01226	0.00706	0.00929	0.00594	0.00334	0.00371	0.00111	0.00446	0.00334	0.00186	0.00594
92	0.00919	0.00882	0.01505	0.05978	0.80875	0.00889	0.01147	0.01143	0.00850	0.01214	0.00704	0.00932	0.00590	0.00336	0.00372	0.00112	0.00448	0.00334	0.00185	0.00586
93	0.00461	0.00360	0.00418	0.00447	0.00528	0.00317	0.00319	0.00556	0.00832	0.01061	0.14406	0.34917	0.42022	0.01010	0.00457	0.00135	0.00199	0.00880	0.00357	0.00317
94	0.00709	0.00667	0.01125	0.85913	0.02584	0.00834	0.01042	0.00959	0.00750	0.00959	0.00667	0.01000	0.00500	0.00375	0.00375	0.00125	0.00500	0.00333	0.00167	0.00417
95	0.02972	0.29237	0.54310	0.00914	0.01379	0.01074	0.01108	0.03029	0.00801	0.01129	0.00626	0.00729	0.00479	0.00347	0.00317	0.00106	0.00496	0.00252	0.00166	0.00529
96	0.00452	0.00352	0.00411	0.00456	0.00527	0.00311	0.00319	0.00533	0.00787	0.00992	0.04219	0.47241	0.39932	0.01066	0.00462	0.00140	0.00204	0.00934	0.00349	0.00311
97	0.00546	0.00364	0.00409	0.00409	0.00409	0.00364	0.00227	0.00546	0.00546	0.00727	0.01182	0.02455	0.01364	0.86815	0.01910	0.00364	0.00364	0.00546	0.00227	0.00227
98	0.00838	0.30204	0.55956	0.00936	0.01410	0.01076	0.02489	0.01167	0.00784	0.01087	0.00624	0.00733	0.00479	0.00344	0.00319	0.00106	0.00505	0.00255	0.00160	0.00529
99	0.00761	0.04912	0.81976	0.01054	0.01601	0.00893	0.01360	0.01186	0.00791	0.01177	0.00668	0.00785	0.00475	0.00355	0.00352	0.00117	0.00549	0.00275	0.00158	0.00552
100	0.01683	0.00638	0.00871	0.00668	0.00958	0.00551	0.00551	0.01828	0.01074	0.84734	0.01480	0.01277	0.00929	0.00464	0.00377	0.00116	0.00319	0.00377	0.00464	0.00638
101	0.00884	0.00849	0.01454	0.18873	0.67093	0.00881	0.02264	0.01114	0.00834	0.01172	0.00699	0.00944	0.00575	0.00342	0.00373	0.00114	0.00459	0.00336	0.00182	0.00558
102	0.03671	0.01002	0.03161	0.00904	0.01197	0.04136	0.09599	0.47246	0.11154	0.11069	0.01014	0.01051	0.00732	0.00447	0.00380	0.00117	0.00421	0.01752	0.00349	0.00598
103	0.00461	0.00343	0.00430	0.00487	0.00538	0.00312	0.00335	0.00543	0.00780	0.01022	0.10269	0.60962	0.19971	0.01089	0.00468	0.00144	0.00208	0.00971	0.00354	0.00312
104	0.01683	0.00638	0.00871	0.00668	0.00958	0.00551	0.00551	0.01828	0.01074	0.84734	0.01480	0.01277	0.00929	0.00464	0.00377	0.00116	0.00319	0.00377	0.00464	0.00638
105	0.00778	0.00667	0.00778	0.00556	0.00889	0.00500	0.00445	0.00945	0.00778	0.01223	0.00667	0.00778	0.00556	0.00278	0.00278	0.00056	0.00278	0.00222	0.00222	0.89108
106	0.00699	0.00350	0.00350	0.00350	0.00437	0.00350	0.00262	0.00874	0.00787	0.01399	0.01224	0.01399	0.00962	0.00437	0.00262	0.00087	0.00175	0.00350	0.88898	0.00350
107	0.00454	0.00340	0.00422	0.00487	0.00535	0.00308	0.00333	0.00526	0.00752	0.00972	0.02500	0.65892	0.22881	0.01119	0.00470	0.00146	0.00211	0.00998	0.00348	0.00308
108	0.00496	0.00384	0.00456	0.00465	0.00565	0.00344	0.00357	0.00626	0.00913	0.01185	0.29696	0.10038	0.39894	0.00920	0.00456	0.00132	0.00210	0.12161	0.00369	0.00332
109	0.00546	0.00364	0.00409	0.00409	0.00409	0.00364	0.00227	0.00546	0.00546	0.00727	0.01182	0.02455	0.01364	0.86815	0.01910	0.00364	0.00364	0.00546	0.00227	0.00227
110	0.00530	0.00374	0.00447	0.00477	0.00514	0.00362	0.00327	0.00586	0.00675	0.00877	0.01824	0.15312	0.12940	0.45853	0.01229	0.00263	0.00315	0.16535	0.00285	0.00274
111	0.01003	0.87041	0.01966	0.00642	0.00963	0.01485	0.00642	0.01123	0.00762	0.00883	0.00522	0.00602	0.00481	0.00321	0.00241	0.00080	0.00401	0.00201	0.00160	0.00481
112	0.00752	0.01941	0.84871	0.01069	0.01624	0.00871	0.01386	0.01188	0.00792	0.01188	0.00673	0.00792	0.00475	0.00356	0.00356	0.00119	0.00554	0.00277	0.00158	0.00554
113	0.00443	0.00380	0.00380	0.00380	0.00507	0.00317	0.00285	0.00538	0.00855	0.01014	0.03801	0.03611	0.84322	0.00950	0.00443	0.00127	0.00190	0.00792	0.00348	0.00317
114	0.01003	0.87041	0.01966	0.00642	0.00963	0.01485	0.00642	0.01123	0.00762	0.00883	0.00522	0.00602	0.00481	0.00321	0.00241	0.00080	0.00401	0.00201	0.00160	0.00481
115	0.01674	0.00653	0.00880	0.00674	0.00965	0.00573	0.00557	0.04726	0.01098	0.81802	0.01460	0.01264	0.00918	0.00464	0.00377	0.00116	0.00323	0.00376	0.00461	0.00638
116	0.00448	0.00380	0.00387	0.00385	0.00510	0.00319	0.00289	0.00547	0.00866	0.01040	0.08082	0.03568	0.80025	0.00940	0.00443	0.00126	0.00189	0.00786	0.00352	0.00319
117	0.00945	0.00803	0.00849	0.00762	0.00975	0.00927	0.00593	0.01991	0.82490	0.02883	0.01526	0.01398	0.01142	0.00508	0.00382	0.00127	0.00297	0.00423	0.00383	0.00595
118	0.00778	0.00667	0.00778	0.00556	0.00889	0.00500	0.00445	0.00945	0.00778	0.01223	0.00667	0.00778	0.00556	0.00278	0.00278	0.00056	0.00278	0.00222	0.00222	0.89108
119	0.00929	0.00891	0.01523	0.02303	0.84475	0.00891	0.01151	0.01151	0.00854	0.01226	0.00706	0.00929	0.00594	0.00334	0.00371	0.00111	0.00446	0.00334	0.00186	0.00594
120	0.00709	0.00667	0.01125	0.85913	0.02584	0.00834	0.01042	0.00959	0.00750	0.00959	0.00667	0.01000	0.00500	0.00375	0.00375	0.00125	0.00500	0.00333	0.00167	0.00417
121	0.00962	0.73230	0.15421	0.00711	0.01070	0.01385	0.00763	0.01134	0.00767	0.00932	0.00546	0.00633	0.00480	0.00327	0.00260	0.00087	0.00426	0.00213	0.00160	0.00493
122	0.81604	0.00755	0.00603	0.00526	0.00765	0.00870	0.00434	0.08436	0.00739	0.01744	0.00556	0.00635	0.00427	0.00357	0.00245	0.00116	0.00301	0.00215	0.00245	0.00427

[dist]
# distance from previous block
# <min> <max>
0	1

[block]
# block no. 4 follows, 73 sequences, length 25
# corresponding to MSA columns:
# 431-455
name=unknown_E
#
# <colnr> <probs for GDERKNQSTAVLIFYWHMCP>
#	G	D	E	R	K	N	Q	S	T	A	V	L	I	F	Y	W	H	M	C	P
0	0.10552	0.00631	0.00815	0.00637	0.00909	0.00568	0.00524	0.01683	0.01029	0.70973	0.06656	0.01306	0.01042	0.00472	0.00367	0.00116	0.00307	0.00379	0.00437	0.00597
1	0.09939	0.00969	0.01994	0.01436	0.01797	0.00923	0.71558	0.01215	0.00867	0.04417	0.00762	0.00981	0.00566	0.00325	0.00419	0.00125	0.00586	0.00416	0.00204	0.00501
2	0.00709	0.00667	0.01125	0.85913	0.02584	0.00834	0.01042	0.00959	0.00750	0.00959	0.00667	0.01000	0.00500	0.00375	0.00375	0.00125	0.00500	0.00333	0.00167	0.00417
3	0.09789	0.01817	0.76282	0.01011	0.01532	0.00868	0.01286	0.01179	0.00776	0.01239	0.00658	0.00773	0.00468	0.00356	0.00344	0.00119	0.00528	0.00270	0.00166	0.00539
4	0.00605	0.00432	0.00605	0.00691	0.00777	0.00432	0.00605	0.00777	0.00864	0.01123	0.01986	0.04232	0.02159	0.01036	0.00518	0.00173	0.00345	0.81949	0.00345	0.00345
5	0.00752	0.01941	0.84871	0.01069	0.01624	0.00871	0.01386	0.01188	0.00792	0.01188	0.00673	0.00792	0.00475	0.00356	0.00356	0.00119	0.00554	0.00277	0.00158	0.00554
6	0.00748	0.00698	0.01127	0.70938	0.08592	0.00848	0.01005	0.01079	0.09218	0.01041	0.00757	0.01036	0.00573	0.00386	0.00375	0.00124	0.00475	0.00343	0.00190	0.00448
7	0.00709	0.00667	0.01125	0.85913	0.02584	0.00834	0.01042	0.00959	0.00750	0.00959	0.00667	0.01000	0.00500	0.00375	0.00375	0.00125	0.00500	0.00333	0.00167	0.00417
8	0.00443	0.00380	0.00380	0.00380	0.00507	0.00317	0.00285	0.00538	0.00855	0.01014	0.03801	0.03611	0.84322	0.00950	0.00443	0.00127	0.00190	0.00792	0.00348	0.00317
9	0.00531	0.00383	0.00501	0.00472	0.00560	0.00354	0.00354	0.00708	0.01062	0.01504	0.84277	0.02802	0.03540	0.00767	0.00442	0.00118	0.00177	0.00678	0.00413	0.00354
10	0.01676	0.00651	0.00878	0.00673	0.00964	0.00570	0.00556	0.04248	0.01094	0.82286	0.01463	0.01266	0.00920	0.00464	0.00377	0.00116	0.00322	0.00376	0.00462	0.00638
11	0.00886	0.01012	0.02214	0.01581	0.01961	0.00949	0.83112	0.01202	0.00886	0.01202	0.00759	0.01012	0.00569	0.00316	0.00443	0.00127	0.00633	0.00443	0.00190	0.00506
12	0.00467	0.00335	0.00445	0.00530	0.00559	0.00314	0.00364	0.00540	0.00732	0.00970	0.02110	0.78726	0.04718	0.01160	0.00481	0.00153	0.00226	0.06516	0.00348	0.00308
13	0.00457	0.00326	0.00435	0.00522	0.00544	0.00305	0.00348	0.00522	0.00718	0.00958	0.02068	0.86570	0.02481	0.01175	0.00479	0.00152	0.00218	0.01067	0.00348	0.00305
14	0.00933	0.00806	0.00848	0.00764	0.00976	0.00933	0.00594	0.01994	0.83797	0.01569	0.01527	0.01400	0.01145	0.00509	0.00382	0.00127	0.00297	0.00424	0.00382	0.00594
15	0.01065	0.00726	0.00793	0.00665	0.00859	0.00779	0.00527	0.44598	0.01301	0.04130	0.01225	0.17852	0.01087	0.00590	0.00368	0.00114	0.00314	0.00485	0.22021	0.00502
16	0.00573	0.00422	0.00560	0.00630	0.00724	0.00409	0.00542	0.00730	0.00862	0.01101	0.02344	0.04110	0.18350	0.01019	0.00503	0.00164	0.00315	0.65957	0.00346	0.00340
17	0.01003	0.87041	0.01966	0.00642	0.00963	0.01485	0.00642	0.01123	0.00762	0.00883	0.00522	0.00602	0.00481	0.00321	0.00241	0.00080	0.00401	0.00201	0.00160	0.00481
18	0.00801	0.18378	0.68858	0.00987	0.01496	0.00990	0.01242	0.01176	0.00786	0.01129	0.00644	0.00755	0.00476	0.00350	0.00334	0.00111	0.00525	0.00262	0.00159	0.00540
19	0.00464	0.00333	0.00441	0.00519	0.00549	0.00311	0.00352	0.00539	0.00746	0.00997	0.07342	0.77798	0.04410	0.01142	0.00476	0.00150	0.00217	0.02553	0.00352	0.00309
20	0.01274	0.01061	0.01043	0.02576	0.01141	0.10835	0.00689	0.49883	0.24090	0.01951	0.01030	0.01013	0.00756	0.00457	0.00373	0.00115	0.00413	0.00350	0.00352	0.00598
21	0.00535	0.00389	0.00495	0.00530	0.00593	0.00360	0.00379	0.00617	0.00719	0.00969	0.01769	0.43566	0.03919	0.18611	0.00758	0.00189	0.00276	0.15672	0.00310	0.09343
22	0.02338	0.21582	0.58027	0.00972	0.01451	0.01027	0.04279	0.04168	0.00822	0.01169	0.00647	0.00757	0.00485	0.00350	0.00331	0.00110	0.00512	0.00267	0.00169	0.00536
23	0.00972	0.00983	0.01488	0.02121	0.72031	0.09329	0.03405	0.01182	0.00870	0.01187	0.00690	0.00903	0.00580	0.00346	0.00389	0.00112	0.02325	0.00328	0.00186	0.00572
24	0.00974	0.00898	0.00865	0.00783	0.00990	0.09517	0.00607	0.01916	0.73540	0.01493	0.01441	0.01389	0.01100	0.00508	0.00380	0.00125	0.00337	0.02203	0.00362	0.00572

[dist]
# distance from previous block
# <min> <max>
0	1

[block]
# block no. 5 follows, 73 sequences, length 54
# corresponding to MSA columns:
# 457-510
name=unknown_F
#
# <colnr> <probs for GDERKNQSTAVLIFYWHMCP>
#	G	D	E	R	K	N	Q	S	T	A	V	L	I	F	Y	W	H	M	C	P
0	0.73923	0.00781	0.02140	0.00533	0.00749	0.06051	0.00436	0.01081	0.00661	0.01541	0.00585	0.00756	0.00487	0.05462	0.03459	0.00147	0.00350	0.00234	0.00227	0.00398
1	0.00917	0.00869	0.01497	0.10829	0.71522	0.00882	0.04236	0.01145	0.00849	0.02618	0.00717	0.00945	0.00589	0.00340	0.00375	0.00113	0.00456	0.00339	0.00189	0.00573
2	0.00788	0.00657	0.00770	0.00555	0.00879	0.00496	0.00444	0.00954	0.00793	0.02886	0.03522	0.00857	0.00664	0.00298	0.00285	0.00059	0.00275	0.00241	0.00234	0.84342
3	0.00529	0.00383	0.00499	0.00470	0.00559	0.00353	0.00352	0.00704	0.01057	0.01494	0.82510	0.02820	0.05313	0.00771	0.00443	0.00118	0.00177	0.00681	0.00412	0.00353
4	0.00461	0.00381	0.00405	0.00406	0.00524	0.00325	0.00307	0.00569	0.00880	0.01082	0.14483	0.05461	0.68795	0.00934	0.00447	0.00128	0.00194	0.03539	0.00357	0.00322
5	0.00501	0.00382	0.00458	0.00439	0.00540	0.00341	0.00328	0.00647	0.00983	0.01324	0.55277	0.03077	0.31406	0.02081	0.00464	0.00125	0.00184	0.00716	0.00388	0.00339
6	0.00451	0.00375	0.00394	0.00405	0.00517	0.00318	0.00300	0.00546	0.00847	0.01027	0.06585	0.13483	0.70355	0.00971	0.00449	0.00130	0.00195	0.01985	0.00351	0.00317
7	0.83923	0.00720	0.00572	0.00504	0.00740	0.00823	0.00415	0.01149	0.00666	0.06927	0.00583	0.00652	0.00439	0.00356	0.00241	0.00116	0.00292	0.00214	0.00247	0.00421
8	0.01683	0.00638	0.00871	0.00668	0.00958	0.00551	0.00551	0.01828	0.01074	0.84734	0.01480	0.01277	0.00929	0.00464	0.00377	0.00116	0.00319	0.00377	0.00464	0.00638
9	0.00933	0.00806	0.00848	0.00764	0.00976	0.00933	0.00594	0.01994	0.83797	0.01569	0.01527	0.01400	0.01145	0.00509	0.00382	0.00127	0.00297	0.00424	0.00382	0.00594
10	0.01401	0.01788	0.01063	0.00967	0.01160	0.85309	0.00725	0.01498	0.01063	0.00918	0.00580	0.00677	0.00483	0.00387	0.00338	0.00097	0.00677	0.00242	0.00193	0.00435
