[name]
unknown

[dist]
# distance from previous block
# <min> <max>
8	133

[block]
# block no. 0 follows, 61 sequences, length 18
# corresponding to MSA columns:
# 187-204
name=unknown_A
#
# <colnr> <probs for GDERKNQSTAVLIFYWHMCP>
#	G	D	E	R	K	N	Q	S	T	A	V	L	I	F	Y	W	H	M	C	P
0	0.01065	0.21957	0.27745	0.02104	0.01528	0.05798	0.12170	0.06239	0.02733	0.03786	0.00968	0.02151	0.03911	0.00444	0.00393	0.00122	0.00548	0.00365	0.00237	0.05737
1	0.01170	0.31715	0.26863	0.02931	0.03361	0.04471	0.02292	0.08089	0.01027	0.08832	0.00809	0.00902	0.00620	0.00426	0.00399	0.00119	0.03324	0.00308	0.00241	0.02100
2	0.00812	0.14657	0.20950	0.00784	0.01080	0.00794	0.00776	0.01074	0.04143	0.03502	0.06137	0.23990	0.08004	0.00760	0.00438	0.00136	0.00391	0.02716	0.00308	0.08549
3	0.00792	0.00618	0.05328	0.02856	0.00871	0.00525	0.00548	0.00962	0.00994	0.10038	0.27667	0.19470	0.05142	0.05491	0.04044	0.00179	0.03621	0.01974	0.00384	0.08498
4	0.00900	0.00970	0.16046	0.03768	0.04057	0.00759	0.00797	0.17075	0.02943	0.02895	0.03497	0.16421	0.14847	0.02988	0.00527	0.00158	0.00408	0.10075	0.00352	0.00517
5	0.01834	0.00871	0.08556	0.00809	0.01170	0.00667	0.00722	0.02031	0.01203	0.74965	0.01614	0.01415	0.01018	0.00522	0.00431	0.00134	0.00392	0.00423	0.00501	0.00724
6	0.01399	0.00615	0.00819	0.00671	0.00914	0.00539	0.00537	0.01570	0.01198	0.50492	0.25130	0.04537	0.08280	0.00700	0.00464	0.00136	0.00304	0.00593	0.00502	0.00599
7	0.00936	0.01865	0.56137	0.01419	0.06134	0.01033	0.19325	0.03604	0.02886	0.01418	0.00828	0.00995	0.00601	0.00405	0.00434	0.00138	0.00639	0.00370	0.00205	0.00630
8	0.01432	0.00687	0.00927	0.08424	0.01176	0.00656	0.00648	0.01721	0.09211	0.47757	0.15689	0.03651	0.01664	0.00633	0.00456	0.00139	0.00353	0.03674	0.00473	0.00626
9	0.00525	0.00375	0.00500	0.00600	0.00625	0.00350	0.00400	0.00600	0.00825	0.01100	0.02374	0.84580	0.02849	0.01350	0.00550	0.00175	0.00250	0.01225	0.00400	0.00350
10	0.19128	0.20289	0.08637	0.02862	0.02938	0.08783	0.00781	0.08099	0.18233	0.04960	0.00958	0.00996	0.00737	0.00453	0.00358	0.00125	0.00455	0.00327	0.00295	0.00588
11	0.01167	0.04567	0.09782	0.06395	0.13604	0.05352	0.19569	0.10081	0.01159	0.11802	0.11085	0.01363	0.01120	0.00483	0.00447	0.00133	0.00529	0.00450	0.00306	0.00604
12	0.00527	0.00382	0.00493	0.00581	0.00616	0.00353	0.00389	0.00602	0.00833	0.01097	0.02526	0.74562	0.10135	0.03954	0.00598	0.00180	0.00252	0.01177	0.00396	0.00348
13	0.01034	0.00924	0.01388	0.23169	0.33642	0.02459	0.03170	0.03362	0.16900	0.03681	0.01044	0.01230	0.00810	0.00450	0.00425	0.00135	0.00484	0.00408	0.04674	0.00612
14	0.01293	0.01354	0.01282	0.12951	0.10727	0.34181	0.03021	0.08455	0.01138	0.04945	0.00922	0.01319	0.00793	0.00540	0.00517	0.00136	0.07980	0.07648	0.00262	0.00539
15	0.23314	0.05461	0.01150	0.03457	0.01231	0.07266	0.02135	0.38193	0.07564	0.03572	0.00936	0.00979	0.00693	0.00474	0.00378	0.00129	0.00452	0.00343	0.01655	0.00619
16	0.09954	0.06053	0.01152	0.00934	0.03395	0.08964	0.01910	0.12894	0.21784	0.05981	0.01083	0.01164	0.00844	0.00524	0.00522	0.00133	0.11325	0.01271	0.02611	0.07502
17	0.11495	0.02804	0.02457	0.05867	0.02614	0.08519	0.01825	0.18431	0.16459	0.09032	0.02829	0.01233	0.02337	0.00538	0.01660	0.00135	0.00442	0.00387	0.02816	0.08118

[dist]
# distance from previous block
# <min> <max>
14	130

[block]
# block no. 1 follows, 61 sequences, length 9
# corresponding to MSA columns:
# 380-388
name=unknown_B
#
# <colnr> <probs for GDERKNQSTAVLIFYWHMCP>
#	G	D	E	R	K	N	Q	S	T	A	V	L	I	F	Y	W	H	M	C	P
0	0.01463	0.03805	0.01229	0.01118	0.05956	0.52723	0.00814	0.13504	0.04725	0.01340	0.00820	0.01010	0.00691	0.06235	0.00545	0.00139	0.02749	0.00334	0.00263	0.00537
1	0.01413	0.00754	0.00934	0.00768	0.01021	0.00737	0.00622	0.21643	0.01388	0.35052	0.17965	0.07610	0.01804	0.00697	0.00466	0.00140	0.00355	0.05533	0.00477	0.00619
2	0.06271	0.00637	0.00692	0.00710	0.05361	0.06161	0.00496	0.03696	0.01100	0.03386	0.36918	0.08447	0.17002	0.04858	0.00561	0.00152	0.00302	0.02420	0.00398	0.00432
3	0.01122	0.04001	0.03577	0.18064	0.19942	0.12518	0.03106	0.11118	0.11831	0.01468	0.01122	0.01267	0.05347	0.00496	0.00456	0.00134	0.03158	0.00409	0.00275	0.00589
4	0.00741	0.00490	0.00663	0.00638	0.00720	0.00517	0.00473	0.00862	0.00849	0.08591	0.15915	0.12797	0.04605	0.16424	0.28598	0.00380	0.05353	0.00653	0.00332	0.00399
5	0.00608	0.00451	0.00643	0.00658	0.00731	0.00496	0.00503	0.00748	0.00758	0.01059	0.05003	0.09668	0.05554	0.07871	0.57041	0.00542	0.00884	0.06129	0.00279	0.00374
6	0.00959	0.10336	0.36800	0.04276	0.06728	0.11364	0.06575	0.01266	0.00932	0.01226	0.00961	0.10505	0.00878	0.04748	0.00507	0.00147	0.00577	0.00442	0.00221	0.00552
7	0.02917	0.09425	0.27453	0.01263	0.10810	0.03831	0.08799	0.11925	0.03541	0.04342	0.01084	0.02767	0.03813	0.00506	0.00444	0.00135	0.02241	0.03827	0.00267	0.00609
8	0.04863	0.01200	0.01208	0.01217	0.14447	0.19016	0.02588	0.26499	0.06982	0.01741	0.01161	0.01509	0.03313	0.05620	0.00537	0.00150	0.00520	0.06515	0.00325	0.00590

[dist]
# distance from previous block
# <min> <max>
49	259

[block]
# block no. 2 follows, 61 sequences, length 45
# corresponding to MSA columns:
# 667-711
name=unknown_C
#
# <colnr> <probs for GDERKNQSTAVLIFYWHMCP>
#	G	D	E	R	K	N	Q	S	T	A	V	L	I	F	Y	W	H	M	C	P
0	0.00768	0.00582	0.00760	0.03510	0.05530	0.00570	0.02126	0.06327	0.06395	0.04593	0.09705	0.35297	0.14043	0.01963	0.00519	0.00155	0.00310	0.02692	0.00388	0.03769
1	0.04234	0.02784	0.01081	0.00951	0.02598	0.38029	0.00725	0.07126	0.07924	0.12335	0.07299	0.01298	0.03150	0.00705	0.05715	0.00161	0.02623	0.00393	0.00321	0.00547
2	0.00763	0.06767	0.04449	0.00773	0.02900	0.00643	0.00621	0.05424	0.04680	0.01310	0.04505	0.28846	0.02087	0.06351	0.00616	0.00178	0.00362	0.24121	0.00360	0.04246
3	0.01501	0.01235	0.01304	0.05361	0.08776	0.09693	0.00876	0.55766	0.07392	0.02278	0.01013	0.01057	0.00743	0.00498	0.00427	0.00129	0.00504	0.00383	0.00378	0.00687
4	0.00738	0.00779	0.07665	0.00720	0.03535	0.05756	0.02261	0.04354	0.01030	0.02701	0.06370	0.03122	0.48975	0.02301	0.03020	0.00164	0.02393	0.03323	0.00354	0.00438
5	0.04464	0.16065	0.65812	0.01119	0.01695	0.01117	0.01402	0.01348	0.00897	0.01329	0.00737	0.00864	0.00544	0.00402	0.00381	0.00129	0.00595	0.00300	0.00186	0.00616
6	0.01444	0.01089	0.01144	0.00916	0.01218	0.03626	0.00743	0.52974	0.16764	0.05858	0.03534	0.01410	0.06141	0.00575	0.00438	0.00133	0.00430	0.00449	0.00430	0.00684
7	0.00962	0.00916	0.01574	0.25894	0.51150	0.00974	0.03974	0.01223	0.00928	0.01291	0.00822	0.01135	0.00676	0.00586	0.05941	0.00171	0.00580	0.00393	0.00208	0.00600
8	0.01023	0.00985	0.01697	0.16078	0.66642	0.01014	0.03683	0.01287	0.00962	0.01356	0.00805	0.01083	0.00664	0.00391	0.00430	0.00131	0.00529	0.00387	0.00210	0.00645
9	0.00963	0.00908	0.01417	0.57186	0.15148	0.03848	0.04709	0.08285	0.01003	0.01304	0.00798	0.01113	0.00608	0.00428	0.00432	0.00139	0.00569	0.00385	0.00218	0.00538
10	0.00523	0.00380	0.00494	0.00585	0.00621	0.00351	0.00393	0.00601	0.00839	0.01105	0.02551	0.77423	0.09892	0.01327	0.00546	0.00172	0.00247	0.01197	0.00400	0.00351
11	0.00944	0.00885	0.01424	0.09780	0.11123	0.02450	0.23134	0.06549	0.09869	0.02965	0.06491	0.01956	0.16430	0.02587	0.00515	0.00148	0.00482	0.01413	0.00312	0.00544
12	0.00808	0.00588	0.00698	0.00680	0.00788	0.00635	0.00503	0.01208	0.23221	0.04478	0.01632	0.05417	0.01596	0.30966	0.12369	0.00326	0.00486	0.12819	0.00343	0.00438
13	0.00744	0.00398	0.00426	0.00444	0.00530	0.00392	0.00323	0.00921	0.00899	0.01514	0.04257	0.17442	0.01534	0.00676	0.00355	0.00116	0.00210	0.00571	0.67858	0.00392
14	0.00526	0.00397	0.00487	0.00549	0.00614	0.00358	0.00380	0.00619	0.00896	0.01160	0.08241	0.56279	0.25446	0.01245	0.00535	0.00164	0.00238	0.01105	0.00405	0.00358
15	0.03705	0.01151	0.01360	0.01198	0.04018	0.15856	0.05093	0.01193	0.00792	0.01098	0.00609	0.00921	0.00569	0.00655	0.01115	0.00169	0.59448	0.00362	0.00199	0.00489
16	0.00550	0.00406	0.00492	0.00532	0.00593	0.00372	0.00362	0.00641	0.00891	0.01169	0.14778	0.40353	0.21669	0.14215	0.00789	0.00200	0.00261	0.00989	0.00390	0.00348
17	0.00525	0.00375	0.00500	0.00600	0.00625	0.00350	0.00400	0.00600	0.00825	0.01100	0.02374	0.84580	0.02849	0.01350	0.00550	0.00175	0.00250	0.01225	0.00400	0.00350
18	0.01012	0.00968	0.01659	0.15474	0.64795	0.00996	0.03231	0.01273	0.00963	0.01354	0.00856	0.01213	0.00727	0.00419	0.00435	0.00133	0.00523	0.03117	0.00216	0.00638
19	0.00696	0.00461	0.00582	0.00623	0.00702	0.00437	0.00438	0.06045	0.00947	0.06919	0.02417	0.65937	0.09717	0.01214	0.00530	0.00166	0.00270	0.01085	0.00411	0.00403
20	0.15314	0.00749	0.00943	0.00735	0.01058	0.00685	0.00607	0.01970	0.01155	0.69937	0.01528	0.01347	0.00973	0.00512	0.00407	0.00133	0.00361	0.00402	0.00492	0.00692
21	0.01609	0.02053	0.01221	0.01110	0.01332	0.83132	0.00832	0.01720	0.01221	0.01054	0.00666	0.00777	0.00555	0.00444	0.00388	0.00111	0.00777	0.00277	0.00222	0.00499
22	0.01230	0.13603	0.03483	0.08596	0.22263	0.13883	0.05165	0.02951	0.05283	0.12084	0.00951	0.01098	0.00742	0.00623	0.06072	0.00163	0.00580	0.00367	0.00268	0.00598
23	0.01089	0.01232	0.01954	0.12619	0.03217	0.15369	0.44226	0.01410	0.04516	0.01274	0.00832	0.01091	0.00647	0.00431	0.00554	0.00143	0.08190	0.00437	0.00222	0.00549
24	0.00519	0.00399	0.00475	0.00537	0.00608	0.00355	0.00372	0.00607	0.00885	0.01124	0.03140	0.53625	0.33310	0.01250	0.00534	0.00164	0.00238	0.01103	0.00400	0.00355
25	0.01514	0.01300	0.01161	0.00965	0.01243	0.22423	0.00764	0.39460	0.10886	0.08474	0.01165	0.06634	0.00922	0.00563	0.00429	0.00130	0.00514	0.00430	0.00384	0.00641
26	0.01304	0.14198	0.07625	0.01013	0.01331	0.17062	0.07549	0.25042	0.06601	0.03195	0.06311	0.01145	0.00926	0.00581	0.03163	0.00143	0.01516	0.00383	0.00312	0.00600
27	0.03976	0.00924	0.01455	0.23782	0.41667	0.02759	0.03746	0.01305	0.07714	0.01348	0.00974	0.06681	0.00840	0.00479	0.00433	0.00137	0.00503	0.00445	0.00241	0.00591
28	0.00653	0.00489	0.00590	0.00549	0.00675	0.00457	0.00416	0.06087	0.01209	0.01649	0.56855	0.05428	0.21494	0.00916	0.00504	0.00138	0.00226	0.00794	0.00453	0.00417
29	0.06030	0.07460	0.14109	0.01111	0.06719	0.15406	0.06619	0.11465	0.11186	0.05590	0.04743	0.01288	0.00950	0.02600	0.00458	0.00138	0.00526	0.02710	0.00301	0.00592
30	0.02220	0.11471	0.04363	0.00928	0.05679	0.16012	0.03080	0.10642	0.00993	0.01248	0.00967	0.01490	0.00920	0.22663	0.10809	0.00266	0.03497	0.00417	0.01862	0.00474
31	0.00528	0.00376	0.00499	0.00596	0.00620	0.00352	0.00395	0.00601	0.00818	0.01091	0.02341	0.81886	0.02807	0.04102	0.00604	0.00183	0.00255	0.01205	0.00395	0.00347
32	0.00930	0.01111	0.07515	0.02794	0.01964	0.00977	0.60086	0.01260	0.00999	0.01348	0.02780	0.01607	0.09722	0.00487	0.00521	0.00147	0.02297	0.02660	0.00244	0.00549
33	0.02909	0.23376	0.14028	0.03925	0.03593	0.04613	0.11869	0.08934	0.03143	0.03575	0.01025	0.10214	0.01963	0.00541	0.00453	0.00131	0.04439	0.00447	0.00260	0.00563
34	0.00994	0.00808	0.01226	0.05213	0.21818	0.02989	0.09370	0.08972	0.01081	0.07992	0.07734	0.23597	0.01594	0.00778	0.02069	0.00156	0.00445	0.02285	0.00335	0.00544
35	0.00581	0.00433	0.00514	0.00514	0.00620	0.00391	0.00383	0.00732	0.01052	0.01415	0.36790	0.11440	0.30531	0.03777	0.00562	0.00153	0.00229	0.04704	0.04798	0.00381
36	0.01168	0.10959	0.15335	0.03962	0.08142	0.09920	0.13722	0.08202	0.04999	0.08962	0.01775	0.03275	0.03484	0.01926	0.00474	0.00136	0.02266	0.00419	0.00278	0.00593
37	0.01063	0.11171	0.30222	0.04310	0.18657	0.14271	0.01190	0.02590	0.02597	0.01278	0.00850	0.03219	0.01775	0.00462	0.00450	0.00129	0.04603	0.00358	0.00214	0.00592
38	0.00960	0.01665	0.43391	0.08981	0.11584	0.06467	0.03151	0.01482	0.13259	0.01387	0.01012	0.01135	0.02718	0.00453	0.00421	0.00136	0.00571	0.00375	0.00235	0.00617
39	0.00964	0.05125	0.33288	0.15754	0.06592	0.01065	0.18199	0.06605	0.02700	0.01398	0.00874	0.01076	0.01813	0.00428	0.00454	0.00138	0.02324	0.00388	0.00218	0.00596
40	0.01040	0.05101	0.10408	0.06162	0.03389	0.04563	0.11411	0.06546	0.04520	0.10324	0.07257	0.09055	0.06001	0.00645	0.00521	0.00143	0.06035	0.03974	0.00321	0.02583
41	0.04027	0.06878	0.04652	0.06407	0.16441	0.10802	0.00831	0.04012	0.05556	0.13515	0.04250	0.11738	0.02746	0.00652	0.02195	0.00145	0.02017	0.00496	0.00317	0.02321
42	0.02901	0.04598	0.06650	0.12566	0.10668	0.04829	0.06140	0.07692	0.01058	0.07659	0.08220	0.09517	0.07458	0.02201	0.00500	0.00142	0.02318	0.01587	0.00310	0.02987
43	0.04745	0.02765	0.09902	0.13336	0.17509	0.07050	0.00945	0.09150	0.08627	0.01474	0.03324	0.12569	0.01103	0.00611	0.01280	0.00142	0.00480	0.01257	0.00288	0.03444
44	0.06152	0.04753	0.20019	0.03941	0.09483	0.00931	0.04487	0.09185	0.03025	0.08370	0.04485	0.03378	0.03601	0.00600	0.02947	0.00148	0.04438	0.01667	0.00289	0.08101

[dist]
# distance from previous block
# <min> <max>
4	95

[block]
# block no. 3 follows, 61 sequences, length 25
# corresponding to MSA columns:
# 865-889
name=unknown_D
#
# <colnr> <probs for GDERKNQSTAVLIFYWHMCP>
#	G	D	E	R	K	N	Q	S	T	A	V	L	I	F	Y	W	H	M	C	P
0	0.00987	0.08793	0.25298	0.01099	0.03563	0.02953	0.13519	0.09661	0.02939	0.03111	0.01242	0.11172	0.05667	0.00562	0.00432	0.00132	0.00509	0.00493	0.00274	0.07595
1	0.06089	0.02180	0.06010	0.05461	0.08310	0.06441	0.13166	0.09435	0.10757	0.09712	0.04872	0.01308	0.00963	0.04204	0.01960	0.00151	0.00500	0.00419	0.00314	0.07747
2	0.01252	0.00821	0.02401	0.00771	0.01022	0.00820	0.00623	0.24844	0.12259	0.19602	0.07287	0.10754	0.12517	0.00720	0.00458	0.00140	0.00353	0.00598	0.02157	0.00604
3	0.03022	0.10538	0.07862	0.01285	0.06445	0.13312	0.25391	0.03366	0.12270	0.04040	0.01127	0.05045	0.03369	0.00490	0.00435	0.00133	0.00566	0.00453	0.00273	0.00579
4	0.01073	0.04764	0.16714	0.01226	0.08789	0.07787	0.18099	0.03204	0.01091	0.11215	0.16563	0.01610	0.04864	0.00535	0.00451	0.00133	0.00512	0.00487	0.00310	0.00572
5	0.00704	0.00548	0.00609	0.00593	0.00742	0.00537	0.00447	0.01071	0.18913	0.04272	0.12478	0.15817	0.37598	0.00976	0.00499	0.00150	0.00259	0.02911	0.00422	0.00452
6	0.02982	0.01094	0.01714	0.07257	0.60653	0.07449	0.08047	0.01337	0.00983	0.01362	0.00791	0.01046	0.00656	0.00398	0.00449	0.00131	0.02416	0.00383	0.00214	0.00638
7	0.03252	0.04283	0.03048	0.01045	0.09301	0.07316	0.02973	0.03617	0.16539	0.11335	0.01591	0.08893	0.01473	0.00745	0.00489	0.00153	0.01830	0.21198	0.00365	0.00555
8	0.00932	0.21715	0.63735	0.01112	0.01686	0.01166	0.01391	0.01347	0.00901	0.01282	0.00732	0.00858	0.00547	0.00400	0.00378	0.00126	0.00595	0.00298	0.00182	0.00617
9	0.00537	0.00437	0.00476	0.00466	0.00599	0.00376	0.00350	0.00673	0.01049	0.01322	0.26213	0.03884	0.60051	0.01032	0.00509	0.00143	0.00214	0.00872	0.00421	0.00376
10	0.00584	0.00439	0.00540	0.00515	0.00628	0.00395	0.00386	0.00763	0.01159	0.01583	0.62081	0.03455	0.24021	0.00934	0.00508	0.00138	0.00207	0.00812	0.00455	0.00395
11	0.42748	0.00932	0.00830	0.02467	0.01009	0.07761	0.00581	0.09412	0.10679	0.10286	0.01066	0.01109	0.03970	0.00536	0.00417	0.04605	0.00391	0.00342	0.00328	0.00532
12	0.01052	0.00908	0.00955	0.00861	0.01102	0.01047	0.00670	0.02231	0.78617	0.01780	0.01843	0.01695	0.04103	0.00602	0.00441	0.00146	0.00337	0.00502	0.00437	0.00671
13	0.00575	0.00435	0.00530	0.00514	0.00624	0.00390	0.00382	0.00742	0.01125	0.01523	0.54180	0.08273	0.27192	0.00971	0.00511	0.00141	0.00210	0.00844	0.00448	0.00390
14	0.01037	0.00994	0.01697	0.11842	0.73200	0.01016	0.01308	0.01297	0.00967	0.01373	0.00805	0.01075	0.00670	0.00389	0.00427	0.00130	0.00519	0.00384	0.00211	0.00659
15	0.01059	0.01019	0.01723	0.02553	0.77300	0.01041	0.01299	0.01305	0.00962	0.01385	0.00796	0.01059	0.00675	0.00406	0.00486	0.00132	0.05538	0.00383	0.00212	0.00670
16	0.00610	0.00448	0.00531	0.00505	0.00632	0.00396	0.00380	0.00773	0.01119	0.04118	0.46576	0.03552	0.36874	0.00958	0.00506	0.00140	0.00215	0.00823	0.00445	0.00399
17	0.00588	0.00445	0.00575	0.00564	0.00660	0.00444	0.00423	0.00734	0.00925	0.01257	0.27297	0.02870	0.22351	0.08061	0.30464	0.00360	0.00566	0.00686	0.00352	0.00377
18	0.04103	0.01146	0.01187	0.01051	0.04893	0.13035	0.00808	0.26778	0.12534	0.02752	0.05827	0.01204	0.00953	0.01599	0.00675	0.00147	0.19976	0.00405	0.00332	0.00594
19	0.00674	0.00459	0.00591	0.00598	0.00688	0.00438	0.00433	0.00881	0.05871	0.05592	0.38753	0.34793	0.03186	0.03073	0.00559	0.00159	0.00246	0.02153	0.00440	0.00414
20	0.00550	0.00435	0.00495	0.00487	0.00609	0.00380	0.00362	0.00695	0.01068	0.01385	0.35130	0.07894	0.46939	0.01020	0.00511	0.00143	0.00214	0.00873	0.00430	0.00380
21	0.01637	0.01207	0.01293	0.00991	0.01336	0.01336	0.00819	0.80738	0.02025	0.02715	0.01034	0.01034	0.00733	0.00517	0.00431	0.00129	0.00474	0.00388	0.00431	0.00733
22	0.01208	0.01226	0.01461	0.11268	0.32846	0.20517	0.04917	0.03885	0.11884	0.04046	0.00933	0.01095	0.00736	0.00443	0.00437	0.00130	0.01717	0.00380	0.00260	0.00611
23	0.00622	0.00433	0.00543	0.00540	0.00578	0.00451	0.00359	0.00692	0.00713	0.00987	0.08478	0.02530	0.03766	0.49291	0.26068	0.00461	0.00608	0.00594	0.01970	0.00316
24	0.04280	0.00886	0.01122	0.11682	0.08560	0.00946	0.00800	0.12095	0.25791	0.27111	0.01394	0.01352	0.00982	0.00516	0.00428	0.00138	0.00411	0.00426	0.00410	0.00671

[dist]
# distance from previous block
# <min> <max>
0	4

[block]
# block no. 4 follows, 61 sequences, length 9
# corresponding to MSA columns:
# 894-902
name=unknown_E
#
# <colnr> <probs for GDERKNQSTAVLIFYWHMCP>
#	G	D	E	R	K	N	Q	S	T	A	V	L	I	F	Y	W	H	M	C	P
0	0.28513	0.00782	0.00828	0.00636	0.00974	0.00707	0.00516	0.01304	0.00897	0.14508	0.00862	0.00924	0.00652	0.00379	0.00321	0.00097	0.00331	0.00277	0.00303	0.46189
1	0.03329	0.03846	0.01293	0.00992	0.01314	0.15513	0.02906	0.51243	0.03288	0.10492	0.01026	0.01031	0.00735	0.00496	0.00418	0.00126	0.00517	0.00371	0.00389	0.00676
2	0.01611	0.01157	0.01203	0.00950	0.01272	0.06859	0.00774	0.53398	0.11669	0.14819	0.01201	0.01154	0.00844	0.00523	0.00429	0.00131	0.00462	0.00399	0.00433	0.00710
3	0.00523	0.00381	0.00493	0.00583	0.00620	0.00351	0.00392	0.00602	0.00841	0.01106	0.02578	0.76324	0.10974	0.01323	0.00546	0.00172	0.00247	0.01192	0.00400	0.00351
4	0.09338	0.05489	0.01047	0.00802	0.01102	0.22160	0.00636	0.10202	0.06707	0.01527	0.00849	0.00939	0.00679	0.00412	0.00350	0.00099	0.00459	0.00296	0.04991	0.31917
5	0.10016	0.10660	0.24384	0.00921	0.01309	0.00960	0.05196	0.01540	0.13266	0.14264	0.08823	0.01292	0.01085	0.00489	0.00399	0.00130	0.00448	0.00395	0.00318	0.04105
6	0.05003	0.06808	0.05472	0.00782	0.01119	0.05061	0.00665	0.11303	0.11277	0.08932	0.01068	0.05335	0.00866	0.00468	0.00373	0.00106	0.00393	0.00369	0.00323	0.34279
7	0.01435	0.04923	0.13755	0.01027	0.05676	0.09251	0.04068	0.08546	0.08595	0.31719	0.01413	0.01362	0.05235	0.00516	0.00425	0.00131	0.00475	0.00418	0.00377	0.00653
8	0.03771	0.09154	0.01255	0.34620	0.08707	0.03362	0.00908	0.06730	0.07552	0.01380	0.05918	0.01356	0.05022	0.00490	0.00408	0.00128	0.00467	0.00408	0.00266	0.08098

[dist]
# distance from previous block
# <min> <max>
25	244

[block]
# block no. 5 follows, 61 sequences, length 53
# corresponding to MSA columns:
# 1176-1228
name=unknown_F
#
# <colnr> <probs for GDERKNQSTAVLIFYWHMCP>
#	G	D	E	R	K	N	Q	S	T	A	V	L	I	F	Y	W	H	M	C	P
0	0.04813	0.06399	0.03375	0.00943	0.01179	0.09633	0.15390	0.07592	0.05043	0.01407	0.07857	0.17211	0.07759	0.02001	0.03080	0.00160	0.02019	0.00615	0.00316	0.03207
1	0.07444	0.14819	0.10308	0.01061	0.04303	0.03809	0.09817	0.25674	0.08785	0.01778	0.01123	0.01186	0.05547	0.00493	0.00422	0.00129	0.01983	0.00394	0.00308	0.00616
2	0.09052	0.00852	0.01105	0.04339	0.04188	0.02428	0.08719	0.06715	0.13132	0.23634	0.01596	0.01565	0.10231	0.00540	0.00421	0.00130	0.00403	0.00456	0.00379	0.10117
3	0.10996	0.08717	0.01230	0.03170	0.01279	0.55072	0.00777	0.04402	0.01136	0.03831	0.00704	0.00809	0.00571	0.00439	0.00386	0.00114	0.02157	0.00281	0.00241	0.03688
4	0.34357	0.27152	0.04044	0.00815	0.04598	0.07150	0.00685	0.03056	0.03053	0.02878	0.00713	0.00831	0.00588	0.00509	0.03002	0.00138	0.03505	0.00275	0.02126	0.00523
5	0.00953	0.00905	0.01547	0.25984	0.49443	0.00955	0.04101	0.01217	0.00967	0.01344	0.07609	0.01274	0.00934	0.00438	0.00438	0.00134	0.00512	0.00421	0.00229	0.00596
6	0.00669	0.00462	0.00560	0.00529	0.00663	0.00411	0.00404	0.00834	0.01119	0.07181	0.44317	0.03468	0.32329	0.00972	0.01531	0.00148	0.00238	0.03307	0.00446	0.00413
7	0.00554	0.00393	0.00494	0.00555	0.00587	0.00371	0.00363	0.00622	0.00815	0.01084	0.07678	0.54689	0.07605	0.21007	0.00932	0.00228	0.00284	0.01033	0.00372	0.00334
8	0.00671	0.00545	0.00653	0.00705	0.07508	0.00511	0.00473	0.06247	0.02837	0.01417	0.20665	0.09153	0.43418	0.02613	0.00531	0.00148	0.00266	0.00808	0.00401	0.00429
9	0.00560	0.00391	0.00493	0.00556	0.00576	0.00373	0.00355	0.00615	0.00773	0.01034	0.04531	0.55758	0.02475	0.28180	0.01077	0.00252	0.00302	0.01018	0.00358	0.00323
10	0.01915	0.00761	0.01017	0.00780	0.01114	0.00675	0.00644	0.06790	0.01280	0.77715	0.01660	0.01440	0.01046	0.00532	0.00433	0.00133	0.00373	0.00430	0.00527	0.00733
11	0.01076	0.01254	0.08418	0.13545	0.35988	0.12011	0.18782	0.01360	0.00998	0.01307	0.00795	0.01047	0.00633	0.00396	0.00439	0.00132	0.00614	0.00392	0.00210	0.00603
12	0.00864	0.02228	0.82630	0.01228	0.01864	0.01000	0.01592	0.01364	0.00909	0.01364	0.00773	0.00909	0.00546	0.00409	0.00409	0.00136	0.00637	0.00318	0.00182	0.00637
13	0.01682	0.01135	0.01248	0.00957	0.01300	0.01229	0.00790	0.68776	0.01905	0.14848	0.01135	0.01100	0.00783	0.00520	0.00431	0.00130	0.00458	0.00395	0.00446	0.00733
14	0.00525	0.00375	0.00500	0.00600	0.00625	0.00350	0.00400	0.00600	0.00825	0.01100	0.02374	0.84580	0.02849	0.01350	0.00550	0.00175	0.00250	0.01225	0.00400	0.00350
15	0.05593	0.39715	0.23542	0.00982	0.06108	0.04890	0.00965	0.03209	0.01819	0.01290	0.07512	0.01007	0.00861	0.00434	0.00350	0.00114	0.00496	0.00318	0.00224	0.00570
16	0.00737	0.00537	0.00719	0.00787	0.00902	0.00547	0.00678	0.03135	0.05831	0.01387	0.07470	0.04453	0.02467	0.01115	0.00575	0.00189	0.00383	0.67259	0.00405	0.00423
17	0.00556	0.00434	0.00502	0.00499	0.00613	0.00383	0.00370	0.00698	0.01051	0.01369	0.33875	0.10380	0.41654	0.03305	0.00560	0.00153	0.00224	0.02575	0.00425	0.00377
18	0.16313	0.03871	0.01261	0.09263	0.04601	0.16245	0.06637	0.16178	0.10655	0.03850	0.00901	0.01013	0.00691	0.00478	0.00463	0.00134	0.06220	0.00356	0.00295	0.00576
19	0.06460	0.01341	0.01372	0.15041	0.26938	0.28800	0.01022	0.11375	0.01159	0.01433	0.00770	0.00956	0.00615	0.00429	0.00405	0.00125	0.00596	0.00339	0.00243	0.00581
20	0.00553	0.00413	0.00513	0.00541	0.00622	0.00374	0.00386	0.00683	0.01007	0.01347	0.32270	0.35992	0.21491	0.01117	0.00525	0.00154	0.00225	0.00987	0.00427	0.00374
21	0.00765	0.00632	0.00703	0.00694	0.00863	0.00659	0.00556	0.01305	0.30492	0.01432	0.02845	0.03406	0.30965	0.00932	0.00506	0.00160	0.00311	0.21872	0.00413	0.00489
22	0.03393	0.10755	0.01569	0.01343	0.13734	0.22686	0.12891	0.11165	0.11836	0.01479	0.00932	0.01101	0.00751	0.00463	0.00435	0.00128	0.02384	0.02084	0.00274	0.00594
23	0.00591	0.00436	0.00532	0.00510	0.00607	0.00399	0.00370	0.00746	0.01088	0.01486	0.54510	0.03360	0.20240	0.12383	0.00738	0.00176	0.00236	0.00786	0.00429	0.00378
24	0.00638	0.00418	0.00492	0.00491	0.00535	0.00407	0.00318	0.00727	0.00845	0.01209	0.23783	0.09412	0.02300	0.43285	0.01334	0.00276	0.00315	0.00687	0.12200	0.00328
25	0.01310	0.48446	0.01787	0.00872	0.01188	0.23868	0.00765	0.08036	0.07822	0.01231	0.00750	0.00820	0.00632	0.00419	0.00333	0.00105	0.00538	0.00278	0.00236	0.00564
26	0.12113	0.15090	0.27528	0.00944	0.01338	0.10918	0.00973	0.12890	0.02046	0.03701	0.02414	0.02662	0.00757	0.00473	0.00377	0.00126	0.00520	0.02053	0.02495	0.00581
27	0.01152	0.01098	0.01477	0.01276	0.08231	0.07650	0.21258	0.13699	0.30785	0.01701	0.01408	0.01446	0.05756	0.00520	0.00454	0.00139	0.00502	0.00477	0.00342	0.00630
28	0.00524	0.00376	0.00498	0.00596	0.00624	0.00350	0.00398	0.00600	0.00829	0.01101	0.02425	0.82537	0.04860	0.01343	0.00549	0.00174	0.00249	0.01217	0.00400	0.00350
29	0.25743	0.16694	0.23745	0.05859	0.03022	0.03894	0.02810	0.04774	0.00937	0.03322	0.04988	0.00968	0.00736	0.00432	0.00354	0.00127	0.00483	0.00316	0.00244	0.00553
30	0.01043	0.00995	0.01675	0.16274	0.50488	0.01060	0.07894	0.06003	0.01000	0.01400	0.00801	0.01076	0.00655	0.00428	0.00514	0.00137	0.07317	0.00394	0.00221	0.00625
31	0.01738	0.00690	0.00937	0.00733	0.01032	0.00600	0.00600	0.01910	0.01231	0.70586	0.13513	0.01724	0.01508	0.00584	0.00444	0.00134	0.00342	0.00484	0.00524	0.00685
32	0.00913	0.08830	0.72402	0.01194	0.01792	0.03692	0.02678	0.01370	0.00918	0.01326	0.00757	0.00892	0.00548	0.00406	0.00399	0.00132	0.00628	0.00313	0.00184	0.00625
33	0.03340	0.05850	0.24500	0.01133	0.03580	0.04866	0.09737	0.07956	0.11044	0.03605	0.02461	0.07351	0.00922	0.00559	0.00554	0.00144	0.11090	0.00445	0.00275	0.00586
34	0.00743	0.00378	0.00566	0.00566	0.00569	0.00380	0.00380	0.00569	0.00566	0.00758	0.00764	0.01324	0.00761	0.01564	0.04850	0.84095	0.00404	0.00378	0.00189	0.00195
35	0.00756	0.00653	0.00635	0.00601	0.00712	0.11689	0.00444	0.00925	0.01134	0.01526	0.53316	0.05684	0.06427	0.05825	0.00577	0.00148	0.00296	0.00692	0.07554	0.00406
36	0.10409	0.14645	0.03574	0.01457	0.29787	0.14265	0.00910	0.01380	0.03797	0.05780	0.01006	0.07892	0.02344	0.00501	0.00391	0.00125	0.00490	0.00410	0.00259	0.00577
37	0.27994	0.02559	0.02839	0.09099	0.05012	0.05100	0.21419	0.02761	0.00910	0.04275	0.03013	0.01072	0.02068	0.00465	0.00505	0.00142	0.09613	0.00381	0.00251	0.00524
38	0.00989	0.09330	0.17838	0.05063	0.38434	0.01027	0.03710	0.04166	0.03099	0.01358	0.00979	0.03177	0.02914	0.05480	0.00522	0.00147	0.00516	0.00411	0.00230	0.00610
39	0.01004	0.03017	0.15140	0.04825	0.04044	0.08082	0.39498	0.01405	0.07259	0.01362	0.02859	0.01429	0.02722	0.00472	0.00471	0.00142	0.00627	0.04825	0.00247	0.00570
40	0.04563	0.04672	0.34427	0.07477	0.01687	0.11611	0.09052	0.04643	0.07472	0.01392	0.00851	0.01001	0.00645	0.00504	0.02609	0.00146	0.02149	0.00349	0.00230	0.04521
41	0.06094	0.07445	0.14850	0.01067	0.06728	0.03006	0.14249	0.01174	0.02711	0.05861	0.07221	0.12264	0.10211	0.00680	0.00478	0.02032	0.00456	0.02655	0.00300	0.00517
42	0.02784	0.06579	0.09338	0.03553	0.33851	0.03714	0.17420	0.05073	0.03151	0.03025	0.00894	0.01187	0.00733	0.00441	0.00470	0.00135	0.03526	0.03268	0.00239	0.00620
43	0.00952	0.03594	0.30633	0.04089	0.01591	0.03082	0.15775	0.04211	0.05163	0.04538	0.08001	0.06655	0.01135	0.00532	0.00443	0.00136	0.00530	0.02327	0.00275	0.06338
44	0.02755	0.00893	0.10078	0.08448	0.06219	0.02810	0.06275	0.04013	0.03257	0.04252	0.05204	0.14370	0.08581	0.00799	0.02679	0.00160	0.03057	0.08379	0.00313	0.07461
45	0.00932	0.04055	0.09792	0.04081	0.10253	0.07578	0.09397	0.04349	0.02538	0.05099	0.03764	0.21467	0.09233	0.01474	0.00503	0.00148	0.02005	0.02509	0.00311	0.00512
46	0.05112	0.00858	0.04947	0.11536	0.18303	0.00832	0.11071	0.06950	0.01006	0.03559	0.06041	0.15941	0.01357	0.02945	0.02244	0.00165	0.01924	0.04385	0.00295	0.00528
47	0.04736	0.01174	0.21310	0.04383	0.06784	0.03101	0.06216	0.05921	0.07338	0.06759	0.05577	0.12367	0.03070	0.00632	0.00503	0.00144	0.05366	0.01982	0.00305	0.02334
48	0.03432	0.03133	0.08707	0.12690	0.04914	0.12709	0.24264	0.05735	0.01082	0.08351	0.04055	0.01378	0.05206	0.00486	0.00448	0.00136	0.00582	0.01859	0.00273	0.00560
49	0.06659	0.00739	0.05223	0.03867	0.07762	0.00700	0.04654	0.06808	0.04393	0.02933	0.01393	0.17749	0.01413	0.14674	0.11881	0.00266	0.00515	0.05296	0.00305	0.02771
50	0.00893	0.04361	0.09601	0.07141	0.04846	0.03412	0.08028	0.11927	0.03202	0.01432	0.03505	0.24800	0.08280	0.01481	0.00487	0.00148	0.00432	0.03255	0.00325	0.02444
51	0.02251	0.02508	0.16042	0.05235	0.12158	0.09472	0.09124	0.17262	0.01195	0.08564	0.00969	0.03598	0.00765	0.00492	0.00473	0.00134	0.04278	0.01788	0.00288	0.03405
52	0.07151	0.02824	0.13265	0.01977	0.08208	0.06433	0.11236	0.16047	0.08828	0.05759	0.01105	0.04547	0.02727	0.00492	0.00419	0.00130	0.00499	0.00420	0.00306	0.07630

[dist]
# distance from previous block
# <min> <max>
5	87

# created by:
# /st0/software/busco_prod/Augustus/scripts/msa2prfl.pl ./align_prep/35014.fa
