[name]
unknown

[dist]
# distance from previous block
# <min> <max>
2	108

[block]
# block no. 0 follows, 67 sequences, length 15
# corresponding to MSA columns:
# 159-173
name=unknown_A
#
# <colnr> <probs for GDERKNQSTAVLIFYWHMCP>
#	G	D	E	R	K	N	Q	S	T	A	V	L	I	F	Y	W	H	M	C	P
0	0.00926	0.12317	0.17610	0.15103	0.10155	0.02214	0.07935	0.08745	0.00943	0.01285	0.00883	0.03846	0.03346	0.00435	0.00409	0.00117	0.03265	0.00365	0.00220	0.09881
1	0.00866	0.00907	0.08265	0.23654	0.40312	0.00850	0.03339	0.01118	0.00891	0.02609	0.07397	0.01299	0.03200	0.03062	0.00458	0.00133	0.00472	0.00406	0.00221	0.00539
2	0.00715	0.09806	0.04237	0.03570	0.00870	0.10283	0.03241	0.00848	0.00914	0.01099	0.09421	0.12519	0.36536	0.00818	0.00468	0.01691	0.01593	0.00667	0.00311	0.00393
3	0.00610	0.00457	0.00571	0.00590	0.00645	0.03172	0.00424	0.00710	0.00764	0.02668	0.10646	0.28733	0.01945	0.16498	0.24745	0.00334	0.01950	0.03890	0.00306	0.00342
4	0.00987	0.09719	0.27238	0.02626	0.11203	0.11578	0.06666	0.05385	0.02188	0.04102	0.00863	0.04805	0.00719	0.00707	0.09315	0.00176	0.00598	0.00366	0.00221	0.00539
5	0.00810	0.00705	0.04296	0.05375	0.16643	0.02930	0.00699	0.03975	0.09303	0.04218	0.01434	0.31166	0.01478	0.00884	0.02204	0.07955	0.01869	0.03304	0.00301	0.00454
6	0.00907	0.00682	0.00796	0.00746	0.03170	0.02068	0.00555	0.16009	0.17180	0.04685	0.06208	0.04800	0.03430	0.14173	0.18270	0.00280	0.00511	0.04721	0.00333	0.00477
7	0.00842	0.00968	0.10969	0.33769	0.10384	0.00900	0.21033	0.01150	0.02964	0.02467	0.03570	0.04710	0.00782	0.00444	0.00453	0.00134	0.03312	0.00427	0.00213	0.00506
8	0.01016	0.10435	0.34915	0.01235	0.11358	0.03791	0.09307	0.08907	0.09572	0.04397	0.00863	0.00960	0.00644	0.00402	0.00384	0.00122	0.00522	0.00338	0.00236	0.00596
9	0.10131	0.03899	0.08199	0.00943	0.05830	0.09772	0.03478	0.20249	0.01209	0.29477	0.01063	0.02285	0.00749	0.00455	0.00380	0.00121	0.00444	0.00355	0.00352	0.00609
10	0.00512	0.00410	0.00476	0.03235	0.00639	0.00368	0.00366	0.00633	0.00928	0.01179	0.19962	0.15373	0.48229	0.02782	0.00512	0.00144	0.00224	0.03301	0.00378	0.00347
11	0.03621	0.10619	0.30117	0.04485	0.04629	0.05342	0.04506	0.02807	0.02137	0.25186	0.00986	0.01054	0.00698	0.00425	0.00378	0.00122	0.00488	0.01528	0.00282	0.00591
12	0.00921	0.04062	0.08417	0.04557	0.09858	0.05240	0.10998	0.07503	0.09108	0.05431	0.01512	0.12210	0.09839	0.00705	0.03016	0.00150	0.00453	0.05214	0.00297	0.00510
13	0.49214	0.14230	0.07895	0.02960	0.01003	0.07442	0.00626	0.04635	0.00828	0.01541	0.02946	0.00904	0.00634	0.00416	0.00298	0.00119	0.00395	0.03205	0.00241	0.00469
14	0.00839	0.05242	0.28435	0.09647	0.17768	0.01813	0.03864	0.02917	0.03139	0.01240	0.00973	0.13565	0.00890	0.00506	0.00397	0.00124	0.00472	0.00443	0.00225	0.07498

[dist]
# distance from previous block
# <min> <max>
0	11

[block]
# block no. 1 follows, 67 sequences, length 71
# corresponding to MSA columns:
# 185-208,210-256
name=unknown_B
#
# <colnr> <probs for GDERKNQSTAVLIFYWHMCP>
#	G	D	E	R	K	N	Q	S	T	A	V	L	I	F	Y	W	H	M	C	P
0	0.01074	0.00794	0.05369	0.00665	0.01020	0.00598	0.00567	0.03354	0.02789	0.20276	0.00940	0.00973	0.00698	0.00358	0.00331	0.00081	0.00327	0.00287	0.00301	0.59198
1	0.00903	0.00917	0.01215	0.01041	0.01058	0.04732	0.00864	0.00993	0.00641	0.00974	0.00535	0.00870	0.00528	0.00680	0.01252	0.00170	0.79597	0.00344	0.00178	0.02508
2	0.00583	0.00389	0.00437	0.00437	0.00437	0.00389	0.00243	0.00583	0.00583	0.00778	0.01264	0.02624	0.01458	0.85906	0.02041	0.00389	0.00389	0.00583	0.00243	0.00243
3	0.00983	0.00846	0.01332	0.30968	0.34515	0.00912	0.02116	0.07529	0.05216	0.05966	0.02471	0.01100	0.00715	0.00407	0.00399	0.00124	0.00470	0.00370	0.00241	0.03321
4	0.00562	0.00424	0.00538	0.02406	0.00657	0.00387	0.00393	0.00727	0.01038	0.01431	0.55277	0.11092	0.16245	0.00869	0.00470	0.00130	0.00212	0.02638	0.00407	0.04096
5	0.88738	0.00776	0.00589	0.00527	0.00776	0.00900	0.00434	0.01179	0.00683	0.01799	0.00558	0.00651	0.00434	0.00372	0.00248	0.00124	0.00310	0.00217	0.00248	0.00434
6	0.32506	0.02264	0.26862	0.02921	0.08078	0.03161	0.05356	0.08764	0.00906	0.03598	0.00706	0.00825	0.00527	0.00391	0.00353	0.00125	0.01595	0.00291	0.00233	0.00537
7	0.01011	0.00986	0.01394	0.11943	0.51332	0.08775	0.01062	0.01368	0.12792	0.02137	0.02730	0.01098	0.00772	0.00407	0.00398	0.00122	0.00476	0.00371	0.00236	0.00591
8	0.00964	0.01199	0.16627	0.03973	0.34328	0.05613	0.20540	0.01251	0.00916	0.03129	0.00820	0.03865	0.00672	0.00393	0.00411	0.00123	0.00543	0.00391	0.00208	0.04035
9	0.00578	0.00446	0.00587	0.00572	0.00662	0.00428	0.02712	0.03455	0.00976	0.01323	0.34629	0.31418	0.16085	0.00973	0.00510	0.00142	0.02885	0.00857	0.00390	0.00371
10	0.00582	0.00417	0.00595	0.00595	0.00648	0.00470	0.00440	0.00678	0.00625	0.00886	0.01092	0.01771	0.01079	0.19920	0.62784	0.05528	0.00893	0.00457	0.00218	0.00324
11	0.00556	0.00377	0.00446	0.00473	0.00479	0.00371	0.00281	0.00576	0.00637	0.00849	0.01539	0.26727	0.01805	0.61330	0.01597	0.00323	0.00343	0.00745	0.00281	0.00267
12	0.00832	0.00713	0.00832	0.00594	0.00950	0.00535	0.00475	0.01010	0.00832	0.01307	0.00713	0.00832	0.00594	0.00297	0.00297	0.00059	0.00297	0.00238	0.00238	0.88357
13	0.03948	0.01037	0.11281	0.04479	0.38469	0.02018	0.04689	0.09185	0.08397	0.01398	0.00866	0.01099	0.00708	0.04109	0.01679	0.04984	0.00479	0.00368	0.00236	0.00569
14	0.19388	0.00827	0.08356	0.00715	0.01038	0.00683	0.00639	0.01735	0.01026	0.59581	0.01296	0.01173	0.00835	0.00461	0.00370	0.00124	0.00358	0.00356	0.00416	0.00624
15	0.00901	0.00728	0.01193	0.59744	0.03552	0.00837	0.05537	0.01185	0.04322	0.11043	0.00914	0.04001	0.00699	0.00440	0.00406	0.00131	0.00491	0.00396	0.00236	0.03244
16	0.00529	0.00407	0.00484	0.00469	0.00577	0.00361	0.00350	0.00681	0.01039	0.01388	0.50284	0.06071	0.34090	0.00909	0.00475	0.00131	0.00196	0.00785	0.00413	0.00361
17	0.00680	0.00520	0.00580	0.00589	0.04156	0.00513	0.00421	0.01024	0.17424	0.02437	0.14830	0.02689	0.35901	0.00761	0.00423	0.00126	0.00235	0.00640	0.15625	0.00427
18	0.00489	0.00349	0.00465	0.00558	0.00582	0.00326	0.00372	0.00558	0.00768	0.01024	0.02210	0.85644	0.02653	0.01256	0.00512	0.00163	0.00233	0.01140	0.00372	0.00326
19	0.00494	0.00353	0.00470	0.00555	0.00583	0.00329	0.00373	0.00572	0.00793	0.01063	0.07711	0.80030	0.02729	0.01227	0.00509	0.00160	0.00230	0.01112	0.00377	0.00329
20	0.00776	0.00721	0.01155	0.68625	0.04192	0.00843	0.01013	0.01026	0.00806	0.01073	0.00710	0.01027	0.00546	0.00389	0.00401	0.00123	0.02002	0.00338	0.00188	0.14045
21	0.00975	0.00921	0.00900	0.00681	0.01012	0.13428	0.00538	0.05907	0.00941	0.01329	0.00713	0.00823	0.00587	0.00326	0.00313	0.00070	0.00371	0.00248	0.00243	0.69672
22	0.03021	0.01580	0.01012	0.00930	0.01116	0.63797	0.00696	0.05675	0.01109	0.01089	0.00974	0.12588	0.03642	0.00553	0.00386	0.00114	0.00615	0.00405	0.00246	0.00452
23	0.01679	0.00692	0.00923	0.00702	0.01018	0.00592	0.00578	0.02949	0.01120	0.72630	0.01469	0.01295	0.00940	0.00472	0.00390	0.00116	0.00337	0.00383	0.00464	0.11250
24	0.01037	0.01052	0.01539	0.07984	0.67932	0.10994	0.01168	0.01261	0.00932	0.01251	0.00735	0.00965	0.00614	0.00367	0.00393	0.00118	0.00510	0.00345	0.00198	0.00602
25	0.00808	0.00769	0.01088	0.00970	0.00992	0.01026	0.02061	0.00912	0.00680	0.01011	0.00928	0.09226	0.00994	0.00809	0.01113	0.00175	0.63164	0.12631	0.00223	0.00419
26	0.01079	0.00902	0.00953	0.00833	0.01074	0.01036	0.00654	0.14480	0.70198	0.01809	0.01529	0.01414	0.01140	0.00534	0.00407	0.00134	0.00337	0.00439	0.00407	0.00642
27	0.00832	0.00713	0.00832	0.00594	0.00950	0.00535	0.00475	0.01010	0.00832	0.01307	0.00713	0.00832	0.00594	0.00297	0.00297	0.00059	0.00297	0.00238	0.00238	0.88357
28	0.00573	0.00427	0.00633	0.00633	0.00701	0.00495	0.00487	0.00709	0.00641	0.00922	0.01085	0.01634	0.01028	0.07635	0.79724	0.00630	0.01036	0.00438	0.00216	0.00352
29	0.00902	0.01000	0.02142	0.01547	0.01906	0.00943	0.72109	0.01205	0.00905	0.01229	0.00859	0.01229	0.00694	0.07628	0.03663	0.00175	0.00667	0.00481	0.00207	0.00509
30	0.01750	0.00672	0.00915	0.00705	0.01007	0.00581	0.00581	0.01907	0.01147	0.80409	0.04836	0.01430	0.01104	0.00509	0.00406	0.00124	0.00335	0.00416	0.00494	0.00670
31	0.00975	0.00920	0.01545	0.18354	0.60582	0.00959	0.03714	0.05743	0.00947	0.01323	0.00760	0.01009	0.00618	0.00372	0.00400	0.00123	0.00492	0.00361	0.00206	0.00598
32	0.00583	0.00389	0.00437	0.00437	0.00437	0.00389	0.00243	0.00583	0.00583	0.00778	0.01264	0.02624	0.01458	0.85906	0.02041	0.00389	0.00389	0.00583	0.00243	0.00243
33	0.00556	0.00468	0.00604	0.03584	0.10619	0.00431	0.00466	0.00677	0.00887	0.01128	0.08216	0.24339	0.44631	0.00964	0.00472	0.00140	0.00254	0.00838	0.00349	0.00377
34	0.00592	0.00435	0.00557	0.00522	0.00624	0.00413	0.00393	0.00834	0.05725	0.01612	0.78601	0.02911	0.03640	0.00804	0.00469	0.00127	0.00196	0.00710	0.00440	0.00393
35	0.00832	0.00713	0.00832	0.00594	0.00950	0.00535	0.00475	0.01010	0.00832	0.01307	0.00713	0.00832	0.00594	0.00297	0.00297	0.00059	0.00297	0.00238	0.00238	0.88357
36	0.00880	0.00827	0.01394	0.20131	0.55815	0.00863	0.01101	0.01104	0.00871	0.01213	0.00923	0.11318	0.00859	0.00476	0.00412	0.00128	0.00459	0.00452	0.00215	0.00556
37	0.02792	0.01139	0.01140	0.00968	0.04182	0.12218	0.00754	0.46708	0.14115	0.04248	0.01001	0.01025	0.00743	0.00527	0.01738	0.00132	0.05235	0.00361	0.00354	0.00621
38	0.00591	0.00404	0.00491	0.00504	0.00526	0.00412	0.00330	0.00634	0.00638	0.00855	0.01360	0.02762	0.01521	0.64118	0.11751	0.00391	0.00469	0.11710	0.00257	0.00274
39	0.01498	0.01911	0.01137	0.01033	0.01240	0.84295	0.00775	0.01601	0.01137	0.00982	0.00620	0.00723	0.00517	0.00413	0.00362	0.00103	0.00723	0.00258	0.00207	0.00465
40	0.00979	0.00939	0.01603	0.07264	0.78708	0.00949	0.01224	0.01219	0.00907	0.01294	0.00752	0.00997	0.00629	0.00360	0.00397	0.00120	0.00480	0.00357	0.00197	0.00624
41	0.00530	0.00377	0.00508	0.00598	0.00637	0.00360	0.00434	0.00625	0.00799	0.01058	0.02159	0.63462	0.02531	0.03928	0.00571	0.00175	0.00271	0.20275	0.00367	0.00334
42	0.01057	0.81414	0.06702	0.00712	0.01069	0.01550	0.00731	0.01205	0.00817	0.00962	0.00567	0.00655	0.00514	0.00345	0.00264	0.00088	0.00438	0.00219	0.00171	0.00519
43	0.00488	0.00352	0.00463	0.00552	0.00580	0.00326	0.00369	0.00559	0.00774	0.01026	0.02292	0.82030	0.06214	0.01246	0.00510	0.00162	0.00231	0.01127	0.00372	0.00326
44	0.00763	0.00718	0.01212	0.83083	0.04579	0.00892	0.01116	0.01029	0.00804	0.01031	0.00714	0.01068	0.00537	0.00400	0.00401	0.00133	0.00533	0.00356	0.00179	0.00450
45	0.01072	0.86147	0.02102	0.00686	0.01029	0.01587	0.00686	0.01201	0.00815	0.00944	0.00558	0.00643	0.00515	0.00343	0.00257	0.00086	0.00429	0.00214	0.00172	0.00515
46	0.00573	0.00430	0.00645	0.00645	0.00716	0.00501	0.00501	0.00716	0.00645	0.00931	0.01074	0.01576	0.01003	0.03008	0.84316	0.00645	0.01074	0.00430	0.00215	0.00358
47	0.00489	0.00349	0.00465	0.00558	0.00582	0.00326	0.00372	0.00558	0.00768	0.01024	0.02210	0.85644	0.02653	0.01256	0.00512	0.00163	0.00233	0.01140	0.00372	0.00326
48	0.00605	0.00397	0.00547	0.00547	0.00579	0.00428	0.00380	0.00627	0.00596	0.00826	0.01050	0.01842	0.01083	0.30193	0.37790	0.20877	0.00678	0.00462	0.00215	0.00277
49	0.00982	0.01052	0.01213	0.01050	0.01084	0.15220	0.00860	0.01072	0.00702	0.00968	0.00542	0.00851	0.00525	0.00653	0.01155	0.00163	0.70947	0.00335	0.00181	0.00443
50	0.00515	0.00389	0.00476	0.00494	0.00577	0.00350	0.00356	0.00641	0.00953	0.01269	0.34358	0.30236	0.25891	0.01018	0.00486	0.00141	0.00207	0.00895	0.00399	0.00350
51	0.00573	0.00430	0.00645	0.00645	0.00716	0.00501	0.00501	0.00716	0.00645	0.00931	0.01074	0.01576	0.01003	0.03008	0.84316	0.00645	0.01074	0.00430	0.00215	0.00358
52	0.86938	0.00799	0.00601	0.00538	0.00785	0.02621	0.00441	0.01188	0.00692	0.01782	0.00560	0.00653	0.00436	0.00373	0.00251	0.00124	0.00319	0.00218	0.00247	0.00435
53	0.00495	0.00356	0.00472	0.00562	0.00591	0.00332	0.00382	0.00571	0.00779	0.01033	0.02264	0.79513	0.05147	0.01242	0.00513	0.00163	0.00238	0.04647	0.00372	0.00328
54	0.00787	0.00742	0.01245	0.73016	0.12439	0.00890	0.01113	0.01049	0.00816	0.01066	0.00718	0.01054	0.00548	0.00393	0.00398	0.00130	0.00522	0.00354	0.00182	0.02537
55	0.01469	0.00609	0.00825	0.00657	0.00910	0.00533	0.00533	0.01633	0.01144	0.61654	0.23486	0.01803	0.01742	0.00583	0.00422	0.00125	0.00300	0.00490	0.00482	0.00601
56	0.00541	0.00384	0.00499	0.00568	0.00602	0.00374	0.00396	0.00631	0.01836	0.01007	0.01963	0.52867	0.02288	0.18098	0.03680	0.00227	0.00314	0.13063	0.00341	0.00321
57	0.01423	0.12019	0.01276	0.01059	0.05093	0.70392	0.00786	0.01536	0.01087	0.00992	0.00619	0.00726	0.00522	0.00402	0.00351	0.00102	0.00676	0.00258	0.00202	0.00479
58	0.00536	0.00415	0.00493	0.00490	0.00602	0.00371	0.00378	0.00686	0.01013	0.01329	0.38808	0.03558	0.38362	0.00940	0.00483	0.00137	0.00217	0.10418	0.00403	0.00360
59	0.00955	0.00835	0.00959	0.15691	0.01347	0.00979	0.00719	0.01935	0.68202	0.01562	0.01470	0.01421	0.01102	0.00519	0.00407	0.00136	0.00356	0.00436	0.00367	0.00601
60	0.00919	0.00735	0.00815	0.00718	0.00910	0.00807	0.00560	0.13680	0.40504	0.01780	0.31529	0.01967	0.02084	0.00636	0.00431	0.00130	0.00289	0.00539	0.00419	0.00548
61	0.01063	0.01013	0.01980	0.01436	0.01803	0.00972	0.59483	0.11062	0.02773	0.07952	0.05544	0.01206	0.00839	0.00399	0.00458	0.00132	0.00587	0.00468	0.00268	0.00562
62	0.00495	0.00356	0.00469	0.00548	0.00582	0.00331	0.00370	0.00576	0.00805	0.01077	0.09376	0.75458	0.05649	0.01210	0.00507	0.00159	0.00228	0.01093	0.00378	0.00331
63	0.00773	0.00616	0.00832	0.00796	0.03465	0.00631	0.07397	0.13531	0.09889	0.01357	0.01789	0.42065	0.04404	0.05702	0.00564	0.00163	0.00334	0.04898	0.00353	0.00441
64	0.00857	0.00782	0.01055	0.13844	0.01260	0.01883	0.00751	0.00991	0.00725	0.02348	0.00642	0.00914	0.00565	0.00547	0.00824	0.04252	0.37734	0.00314	0.00202	0.29511
65	0.33489	0.00738	0.00868	0.12313	0.01190	0.00768	0.02220	0.03983	0.00937	0.33419	0.02783	0.01061	0.00754	0.00434	0.00345	0.00123	0.00362	0.00330	0.00342	0.03541
66	0.00987	0.00858	0.01400	0.13874	0.49957	0.00877	0.03584	0.02208	0.05751	0.07047	0.06272	0.01189	0.00886	0.00414	0.00403	0.00122	0.00448	0.00390	0.00248	0.03086
67	0.00598	0.00394	0.00518	0.00522	0.00548	0.00414	0.00350	0.00616	0.00606	0.00826	0.01180	0.03906	0.02308	0.41484	0.26251	0.16295	0.00578	0.02104	0.00229	0.00270
68	0.00880	0.02649	0.08055	0.02657	0.07921	0.03474	0.06266	0.04981	0.24889	0.02372	0.09834	0.14508	0.03068	0.00648	0.00479	0.00137	0.04950	0.01383	0.00326	0.00522
69	0.02013	0.00711	0.01128	0.63728	0.05028	0.00824	0.00982	0.01065	0.01796	0.03912	0.01863	0.01086	0.00623	0.00464	0.02529	0.00137	0.00501	0.00350	0.00205	0.11055
70	0.09085	0.04974	0.11603	0.02460	0.01309	0.02846	0.16810	0.14215	0.04168	0.08197	0.09076	0.03247	0.01771	0.00501	0.00417	0.00126	0.01613	0.03620	0.00301	0.03661

[dist]
# distance from previous block
# <min> <max>
0	4

[block]
# block no. 2 follows, 67 sequences, length 28
# corresponding to MSA columns:
# 261-288
name=unknown_C
#
# <colnr> <probs for GDERKNQSTAVLIFYWHMCP>
#	G	D	E	R	K	N	Q	S	T	A	V	L	I	F	Y	W	H	M	C	P
0	0.07054	0.15673	0.01118	0.04806	0.09549	0.10264	0.02505	0.02716	0.03078	0.06336	0.11442	0.04971	0.02141	0.05660	0.09668	0.00191	0.00488	0.01600	0.00272	0.00468
1	0.12849	0.00751	0.00977	0.17616	0.12803	0.02060	0.00767	0.11577	0.04707	0.01420	0.04410	0.05894	0.02060	0.02437	0.07779	0.00185	0.03451	0.07500	0.00275	0.00481
2	0.16110	0.00856	0.00927	0.00796	0.05376	0.05017	0.00603	0.11642	0.08844	0.21705	0.01016	0.01015	0.00734	0.00414	0.00347	0.00107	0.00361	0.00318	0.00336	0.23476
3	0.00796	0.00755	0.01218	0.65145	0.06729	0.00948	0.01068	0.01068	0.03822	0.01055	0.00722	0.01053	0.00564	0.00448	0.00535	0.00139	0.12926	0.00359	0.00187	0.00462
4	0.00614	0.00487	0.00696	0.04826	0.00803	0.00579	0.00525	0.00729	0.00651	0.00923	0.01139	0.06141	0.02696	0.15712	0.50828	0.00486	0.11102	0.00487	0.00224	0.00352
5	0.00740	0.00674	0.01089	0.68120	0.02365	0.00821	0.00995	0.01030	0.05152	0.01069	0.00976	0.08958	0.00862	0.00526	0.00420	0.00139	0.00486	0.04917	0.00219	0.00440
6	0.15757	0.06363	0.06293	0.03959	0.03323	0.03589	0.01451	0.20188	0.18054	0.10139	0.03767	0.02355	0.02102	0.00483	0.00371	0.00124	0.00393	0.00375	0.00337	0.00577
7	0.05529	0.00809	0.00935	0.04559	0.01102	0.00746	0.00585	0.19729	0.02357	0.11687	0.00883	0.00939	0.00662	0.00376	0.00338	0.00089	0.00347	0.00294	0.00307	0.47726
8	0.00941	0.01051	0.02258	0.01626	0.02014	0.00990	0.76437	0.02922	0.00962	0.01303	0.00878	0.02912	0.00697	0.00380	0.00475	0.00137	0.00654	0.02614	0.00215	0.00535
9	0.00580	0.00695	0.12794	0.00661	0.02361	0.00489	0.04855	0.00758	0.00893	0.01160	0.11308	0.08135	0.42941	0.03645	0.05660	0.00174	0.00352	0.01819	0.00324	0.00394
10	0.00993	0.00953	0.01628	0.02462	0.83404	0.00953	0.01231	0.01231	0.00913	0.01310	0.00754	0.00993	0.00635	0.00357	0.00397	0.00119	0.00476	0.00357	0.00199	0.00635
11	0.00893	0.00830	0.01353	0.01965	0.62203	0.00826	0.01017	0.01147	0.03984	0.01351	0.13107	0.01513	0.07107	0.00480	0.00414	0.00122	0.00409	0.00450	0.00255	0.00576
12	0.00621	0.00454	0.00611	0.00690	0.00789	0.00444	0.00596	0.00793	0.00922	0.01183	0.02408	0.04427	0.14168	0.01094	0.00542	0.00177	0.00345	0.69002	0.00370	0.00365
13	0.00921	0.00784	0.00840	0.00760	0.00965	0.00890	0.00589	0.01890	0.68629	0.01652	0.13647	0.01777	0.03707	0.00597	0.00419	0.00135	0.00296	0.00503	0.00412	0.00590
14	0.00578	0.00423	0.00477	0.00455	0.00587	0.00365	0.00344	0.00710	0.00997	0.05860	0.29018	0.03446	0.53453	0.00925	0.00470	0.00132	0.00206	0.00783	0.00401	0.00370
15	0.00984	0.55248	0.17919	0.13130	0.01426	0.03271	0.00906	0.01198	0.00827	0.01020	0.00613	0.00747	0.00516	0.00361	0.00305	0.00101	0.00483	0.00252	0.00173	0.00519
16	0.00625	0.00447	0.00622	0.00715	0.00798	0.00444	0.00610	0.00795	0.00903	0.01177	0.02135	0.15238	0.02354	0.01128	0.00548	0.00182	0.00351	0.70195	0.00370	0.00364
17	0.01007	0.11165	0.36181	0.00921	0.01316	0.00860	0.04790	0.02905	0.03716	0.16906	0.03627	0.06863	0.03638	0.00526	0.00398	0.00127	0.00460	0.03752	0.00282	0.00560
18	0.00880	0.13228	0.53428	0.01313	0.13624	0.01034	0.07256	0.01251	0.00856	0.01228	0.00707	0.00858	0.00535	0.00374	0.00388	0.00122	0.01851	0.00308	0.00176	0.00582
19	0.00862	0.00712	0.00835	0.00598	0.00953	0.00536	0.00479	0.01039	0.00842	0.03881	0.00740	0.00848	0.00606	0.00303	0.00300	0.00061	0.00298	0.00243	0.00246	0.85617
20	0.00583	0.00389	0.00437	0.00437	0.00437	0.00389	0.00243	0.00583	0.00583	0.00778	0.01264	0.02624	0.01458	0.85906	0.02041	0.00389	0.00389	0.00583	0.00243	0.00243
21	0.00515	0.00408	0.00463	0.00449	0.00567	0.00356	0.00337	0.00654	0.01010	0.01312	0.38486	0.03484	0.48676	0.00931	0.00474	0.00131	0.00197	0.00794	0.00402	0.00356
22	0.00697	0.00348	0.00522	0.00522	0.00522	0.00348	0.00348	0.00522	0.00522	0.00697	0.00697	0.01219	0.00697	0.01393	0.01567	0.88332	0.00348	0.00348	0.00174	0.00174
23	0.00832	0.00713	0.00832	0.00594	0.00950	0.00535	0.00475	0.01010	0.00832	0.01307	0.00713	0.00832	0.00594	0.00297	0.00297	0.00059	0.00297	0.00238	0.00238	0.88357
24	0.01071	0.02547	0.45318	0.01092	0.05829	0.00903	0.03882	0.05607	0.11359	0.16938	0.01014	0.01046	0.00710	0.00425	0.00392	0.00127	0.00497	0.00348	0.00276	0.00619
25	0.00741	0.05520	0.40091	0.00956	0.05601	0.00771	0.02186	0.01042	0.00888	0.01267	0.14616	0.07797	0.08723	0.00580	0.00441	0.00127	0.03581	0.00481	0.00253	0.04338
26	0.00898	0.03886	0.07229	0.00709	0.01022	0.01919	0.02942	0.05812	0.12042	0.04457	0.05793	0.01356	0.08372	0.00494	0.01597	0.00104	0.00351	0.00376	0.00294	0.40345
27	0.05522	0.04834	0.16569	0.02931	0.17729	0.03339	0.06176	0.12993	0.04739	0.08547	0.03804	0.01161	0.00818	0.06231	0.00510	0.00140	0.01489	0.00373	0.00271	0.01826

[dist]
# distance from previous block
# <min> <max>
1	10

[block]
# block no. 3 follows, 67 sequences, length 15
# corresponding to MSA columns:
# 299,300,314-326
name=unknown_D
#
# <colnr> <probs for GDERKNQSTAVLIFYWHMCP>
#	G	D	E	R	K	N	Q	S	T	A	V	L	I	F	Y	W	H	M	C	P
0	0.02675	0.14668	0.15241	0.02368	0.10856	0.00890	0.04164	0.05487	0.05960	0.11804	0.01161	0.10697	0.03149	0.04557	0.00462	0.00133	0.00418	0.00445	0.00280	0.04587
1	0.03079	0.04732	0.01005	0.04777	0.06790	0.07235	0.08978	0.03747	0.02219	0.02857	0.04224	0.08502	0.02545	0.02033	0.02163	0.27193	0.02733	0.04559	0.00244	0.00384
2	0.06939	0.06175	0.11993	0.00882	0.01153	0.16563	0.07956	0.03831	0.03031	0.13666	0.03359	0.06493	0.03506	0.02433	0.04098	0.00155	0.00503	0.06471	0.00291	0.00502
3	0.02384	0.05003	0.12837	0.12785	0.15089	0.00821	0.03319	0.06978	0.05312	0.07359	0.06437	0.07493	0.07090	0.00595	0.02273	0.00137	0.00434	0.00466	0.00281	0.02907
4	0.02437	0.08828	0.23763	0.01163	0.11412	0.05488	0.08006	0.08520	0.10588	0.06130	0.00971	0.01083	0.02381	0.01952	0.02426	0.00139	0.02041	0.00358	0.00255	0.02059
5	0.01770	0.02691	0.02929	0.02627	0.00935	0.03770	0.09511	0.02369	0.11760	0.01170	0.05723	0.24462	0.03135	0.14717	0.06702	0.00219	0.00425	0.04365	0.00308	0.00411
6	0.00900	0.00781	0.03834	0.10988	0.04907	0.07328	0.03776	0.03161	0.04035	0.09458	0.09979	0.02016	0.07543	0.04515	0.07347	0.00188	0.05914	0.10623	0.00302	0.02405
7	0.01006	0.06130	0.23425	0.09424	0.22763	0.08049	0.07349	0.02598	0.00923	0.07715	0.00859	0.04464	0.00693	0.00480	0.02289	0.00135	0.00539	0.00371	0.00223	0.00562
8	0.03345	0.19876	0.36195	0.00994	0.01405	0.15681	0.05119	0.03398	0.05625	0.01229	0.03115	0.00891	0.00654	0.00401	0.00357	0.00115	0.00546	0.00302	0.00208	0.00545
9	0.00786	0.00700	0.04888	0.03244	0.01071	0.00654	0.12724	0.10432	0.05710	0.02944	0.01654	0.29631	0.03865	0.04845	0.03122	0.00177	0.00408	0.12371	0.00328	0.00445
10	0.04497	0.05221	0.16021	0.09933	0.15769	0.09874	0.04127	0.07292	0.07124	0.02116	0.02995	0.06065	0.03218	0.00506	0.00399	0.00127	0.00480	0.03449	0.00254	0.00534
11	0.00936	0.04944	0.10747	0.05657	0.39657	0.03303	0.06063	0.04287	0.02692	0.02738	0.01057	0.09452	0.03837	0.00488	0.00405	0.00125	0.00462	0.00447	0.02143	0.00561
12	0.00729	0.00505	0.00675	0.00639	0.00735	0.00556	0.00488	0.02933	0.05588	0.07770	0.07854	0.06581	0.05234	0.11508	0.41301	0.00413	0.05281	0.00524	0.00289	0.00399
13	0.02984	0.00753	0.05236	0.21514	0.03599	0.04158	0.00737	0.06124	0.04527	0.05174	0.13526	0.02158	0.10992	0.03906	0.00519	0.00147	0.02528	0.10658	0.00308	0.00453
14	0.00949	0.09287	0.40246	0.04513	0.05505	0.05607	0.13159	0.04653	0.03149	0.03772	0.00890	0.01074	0.02586	0.00418	0.00393	0.00125	0.00553	0.02348	0.00214	0.00563

[dist]
# distance from previous block
# <min> <max>
1	5

[block]
# block no. 4 follows, 67 sequences, length 12
# corresponding to MSA columns:
# 332-343
name=unknown_E
#
# <colnr> <probs for GDERKNQSTAVLIFYWHMCP>
#	G	D	E	R	K	N	Q	S	T	A	V	L	I	F	Y	W	H	M	C	P
0	0.08149	0.05528	0.02548	0.05163	0.01133	0.09684	0.07993	0.02898	0.13379	0.09650	0.02759	0.08166	0.02797	0.03532	0.02281	0.00155	0.03065	0.10322	0.00310	0.00489
1	0.02636	0.00745	0.01053	0.29537	0.01631	0.00796	0.04301	0.15980	0.01072	0.16420	0.01148	0.09840	0.00958	0.00545	0.00411	0.00129	0.00424	0.04230	0.01930	0.06215
2	0.13777	0.00596	0.01701	0.04151	0.02457	0.00587	0.04443	0.03555	0.05634	0.02442	0.17975	0.22168	0.09263	0.02468	0.00459	0.00139	0.00298	0.01953	0.00340	0.05594
3	0.76139	0.00824	0.00689	0.03512	0.04764	0.04120	0.00512	0.01211	0.00726	0.03693	0.00600	0.00702	0.00464	0.00377	0.00269	0.00123	0.00342	0.00235	0.00248	0.00451
4	0.01453	0.01028	0.01129	0.00890	0.01188	0.01122	0.00739	0.68616	0.01740	0.07662	0.01121	0.01351	0.00867	0.00546	0.00417	0.00127	0.00428	0.08522	0.00404	0.00650
5	0.01086	0.63607	0.07329	0.00849	0.01205	0.07083	0.08997	0.03850	0.00887	0.01053	0.00611	0.00717	0.00529	0.00354	0.00299	0.00096	0.00485	0.00254	0.00184	0.00524
6	0.00992	0.00915	0.09628	0.05633	0.33249	0.00800	0.04959	0.04968	0.01914	0.12099	0.03913	0.10187	0.03677	0.03062	0.00484	0.00137	0.02061	0.00482	0.00279	0.00559
7	0.03231	0.07777	0.10301	0.00796	0.03398	0.15953	0.00650	0.01035	0.02674	0.03856	0.01246	0.21347	0.01302	0.13746	0.05131	0.00199	0.02556	0.04115	0.00266	0.00422
8	0.00982	0.00982	0.01451	0.12294	0.59819	0.09367	0.01115	0.01200	0.00913	0.01223	0.00830	0.06459	0.00742	0.00427	0.00401	0.00122	0.00493	0.00398	0.00208	0.00575
9	0.00832	0.00854	0.09343	0.04959	0.03084	0.00631	0.03438	0.01048	0.00855	0.02542	0.06069	0.01007	0.00794	0.00363	0.00363	0.00083	0.02948	0.00298	0.00241	0.60246
10	0.19193	0.00924	0.03381	0.00726	0.00969	0.07269	0.00598	0.28399	0.05870	0.03653	0.05166	0.05678	0.08725	0.00569	0.00379	0.00124	0.00372	0.02015	0.04244	0.01747
11	0.03323	0.14765	0.09835	0.03211	0.29986	0.02839	0.00929	0.02535	0.17768	0.01326	0.00965	0.05237	0.00814	0.00443	0.00372	0.00118	0.00429	0.00376	0.00249	0.04482

[dist]
# distance from previous block
# <min> <max>
0	2

[block]
# block no. 5 follows, 67 sequences, length 10
# corresponding to MSA columns:
# 346-355
name=unknown_F
#
# <colnr> <probs for GDERKNQSTAVLIFYWHMCP>
#	G	D	E	R	K	N	Q	S	T	A	V	L	I	F	Y	W	H	M	C	P
0	0.04534	0.00680	0.00846	0.00684	0.00940	0.00641	0.00552	0.11693	0.03809	0.48975	0.08338	0.07171	0.08112	0.00611	0.00416	0.00128	0.00321	0.00504	0.00450	0.00595
1	0.00589	0.00393	0.00458	0.00458	0.00470	0.00401	0.00274	0.00614	0.00601	0.00826	0.01244	0.02457	0.01388	0.72799	0.11304	0.00405	0.00458	0.00557	0.04043	0.00262
2	0.24652	0.42664	0.17180	0.00749	0.01107	0.05706	0.00774	0.01230	0.00803	0.01238	0.00592	0.00688	0.00492	0.00362	0.00284	0.00105	0.00444	0.00233	0.00194	0.00505
3	0.88738	0.00776	0.00589	0.00527	0.00776	0.00900	0.00434	0.01179	0.00683	0.01799	0.00558	0.00651	0.00434	0.00372	0.00248	0.00124	0.00310	0.00217	0.00248	0.00434
4	0.00744	0.00495	0.02185	0.00575	0.00719	0.00432	0.00464	0.00913	0.02953	0.13668	0.17628	0.13436	0.27576	0.00924	0.00479	0.00144	0.00266	0.15582	0.00400	0.00414
5	0.07947	0.00449	0.00557	0.00557	0.00656	0.00456	0.00415	0.00775	0.00795	0.06540	0.09094	0.20930	0.14633	0.07591	0.24964	0.00306	0.00496	0.02150	0.00321	0.00369
6	0.38369	0.12442	0.04038	0.01041	0.17851	0.05899	0.00726	0.03439	0.00846	0.07918	0.00698	0.00804	0.00547	0.00393	0.00346	0.00119	0.03487	0.00274	0.00243	0.00520
7	0.00924	0.01028	0.14084	0.05670	0.15364	0.03312	0.03901	0.04047	0.03539	0.03821	0.00836	0.04010	0.00691	0.00398	0.00389	0.00102	0.02829	0.00336	0.00237	0.34483
8	0.00787	0.00835	0.08406	0.00985	0.11632	0.05604	0.04738	0.01015	0.04814	0.01129	0.01024	0.08281	0.00965	0.07778	0.23112	0.00277	0.02493	0.00438	0.00235	0.15451
9	0.03457	0.07030	0.27280	0.03915	0.09988	0.00815	0.06645	0.01160	0.00891	0.04952	0.09343	0.02705	0.00948	0.00423	0.00373	0.00110	0.00443	0.00362	0.00238	0.18920

[dist]
# distance from previous block
# <min> <max>
0	2

[block]
# block no. 6 follows, 67 sequences, length 39
# corresponding to MSA columns:
# 359-397
name=unknown_G
#
# <colnr> <probs for GDERKNQSTAVLIFYWHMCP>
#	G	D	E	R	K	N	Q	S	T	A	V	L	I	F	Y	W	H	M	C	P
0	0.08110	0.03909	0.00931	0.04936	0.07893	0.00648	0.05700	0.01147	0.05085	0.16140	0.12064	0.21335	0.03113	0.00674	0.00418	0.00129	0.00332	0.00594	0.00344	0.06498
1	0.03621	0.00711	0.00873	0.00655	0.00976	0.00598	0.00532	0.05805	0.01029	0.35258	0.04840	0.01152	0.00904	0.00415	0.00353	0.00094	0.00318	0.00334	0.00362	0.41169
2	0.01019	0.05888	0.10437	0.01327	0.05562	0.12031	0.36609	0.06951	0.03832	0.01332	0.04056	0.01318	0.00857	0.00447	0.00432	0.00129	0.00580	0.06419	0.00240	0.00533
3	0.00980	0.00903	0.00910	0.07635	0.03042	0.14695	0.00601	0.04008	0.03961	0.05089	0.05845	0.01196	0.05683	0.00424	0.00352	0.00091	0.00388	0.00338	0.00271	0.43586
4	0.00581	0.00389	0.00444	0.00446	0.00449	0.00391	0.00253	0.00586	0.00589	0.00788	0.01280	0.04481	0.01472	0.81643	0.04328	0.00391	0.00405	0.00592	0.00245	0.00248
5	0.00527	0.00406	0.00482	0.00468	0.00576	0.00361	0.00349	0.00677	0.01033	0.01377	0.48624	0.06508	0.35334	0.00914	0.00475	0.00131	0.00196	0.00789	0.00411	0.00361
6	0.03111	0.00829	0.00937	0.00696	0.01034	0.00753	0.00565	0.23492	0.03048	0.07040	0.00857	0.00914	0.00655	0.00368	0.00334	0.00084	0.00341	0.00287	0.00304	0.54349
7	0.02697	0.02303	0.04536	0.17219	0.49685	0.00957	0.04931	0.05696	0.02715	0.04250	0.00801	0.01016	0.00633	0.00381	0.00396	0.00123	0.00487	0.00359	0.00221	0.00593
8	0.00976	0.00882	0.01192	0.12326	0.24239	0.07401	0.05791	0.06173	0.00956	0.01265	0.02402	0.05191	0.02328	0.20248	0.00852	0.00207	0.02132	0.04651	0.00274	0.00512
9	0.00687	0.00482	0.00577	0.00583	0.00668	0.02118	0.00421	0.03689	0.05801	0.05435	0.17235	0.33332	0.06195	0.11172	0.00710	0.03530	0.00283	0.06335	0.00368	0.00376
10	0.06045	0.00943	0.04289	0.10681	0.46087	0.02544	0.07343	0.04566	0.00927	0.05666	0.00813	0.01035	0.00650	0.00553	0.06009	0.00158	0.00529	0.00362	0.00224	0.00577
11	0.00951	0.00850	0.01342	0.45315	0.26705	0.03148	0.02973	0.05745	0.00923	0.05432	0.00780	0.01043	0.00598	0.00402	0.00418	0.00128	0.02141	0.00359	0.00215	0.00531
12	0.02636	0.01084	0.13223	0.12889	0.16406	0.03993	0.24571	0.04907	0.00967	0.04535	0.07017	0.04130	0.00910	0.00441	0.00423	0.00129	0.00528	0.00433	0.00239	0.00539
13	0.10184	0.00494	0.00623	0.00629	0.00732	0.00496	0.02105	0.02911	0.00838	0.07001	0.02759	0.32324	0.07095	0.04602	0.00629	0.05961	0.02001	0.17900	0.00343	0.00376
14	0.06901	0.05023	0.17679	0.10555	0.10851	0.05465	0.02170	0.05478	0.04445	0.03671	0.10739	0.08310	0.05958	0.00555	0.00400	0.00127	0.00428	0.00467	0.00274	0.00506
15	0.03636	0.01622	0.10113	0.02961	0.14686	0.49071	0.03767	0.04340	0.02500	0.01172	0.00691	0.00822	0.00556	0.00399	0.00372	0.00111	0.00628	0.00294	0.00213	0.02046
16	0.01018	0.06980	0.09455	0.04560	0.30914	0.04916	0.08035	0.07278	0.08032	0.04916	0.02607	0.06087	0.02487	0.00467	0.00402	0.00124	0.00468	0.00420	0.00258	0.00576
17	0.00786	0.00713	0.01141	0.15652	0.33035	0.00731	0.03974	0.01940	0.02786	0.01266	0.11684	0.07912	0.11557	0.00612	0.00436	0.00132	0.00397	0.04474	0.00275	0.00495
18	0.01076	0.09904	0.08183	0.14362	0.20859	0.10780	0.07556	0.03166	0.02688	0.10343	0.01892	0.02694	0.02358	0.00441	0.00392	0.00121	0.00501	0.01887	0.00246	0.00549
19	0.01007	0.02612	0.04011	0.21159	0.34660	0.03789	0.04364	0.06357	0.00948	0.07078	0.00877	0.05601	0.00732	0.00452	0.00448	0.00128	0.04586	0.00399	0.00235	0.00558
20	0.01074	0.08350	0.05870	0.00787	0.01011	0.04810	0.04253	0.09134	0.02533	0.19670	0.04558	0.08212	0.03261	0.02673	0.15123	0.00224	0.04239	0.03387	0.00322	0.00508
21	0.04961	0.01942	0.09014	0.07943	0.18619	0.07531	0.10209	0.04451	0.04893	0.08503	0.03332	0.08099	0.04117	0.02668	0.00466	0.00135	0.01862	0.00456	0.00270	0.00530
22	0.03346	0.09536	0.19381	0.02366	0.19478	0.03134	0.02047	0.07551	0.00992	0.15193	0.02040	0.09133	0.02160	0.00506	0.00392	0.00124	0.00446	0.01324	0.00281	0.00572
23	0.02480	0.02533	0.03001	0.09280	0.17532	0.04687	0.10079	0.06085	0.05425	0.08708	0.07895	0.04627	0.03794	0.02165	0.03274	0.00152	0.05177	0.02298	0.00284	0.00523
24	0.00889	0.03889	0.19704	0.02692	0.05794	0.04383	0.02117	0.02743	0.04030	0.11220	0.17103	0.07333	0.08934	0.00754	0.05134	0.00157	0.01795	0.00517	0.00313	0.00499
25	0.02891	0.14033	0.17817	0.03402	0.17659	0.05814	0.09437	0.08611	0.04714	0.10580	0.00862	0.00962	0.00647	0.00398	0.00377	0.00118	0.00500	0.00337	0.00251	0.00590
26	0.00980	0.04955	0.04196	0.23484	0.09424	0.00889	0.06939	0.13302	0.03519	0.07852	0.01005	0.07092	0.00845	0.02708	0.07766	0.00180	0.02473	0.00431	0.01441	0.00518
27	0.00903	0.00820	0.08289	0.04363	0.21720	0.00703	0.10617	0.02879	0.00927	0.11300	0.02531	0.21084	0.04571	0.00677	0.00449	0.00139	0.00416	0.06798	0.00300	0.00512
28	0.07470	0.10668	0.19350	0.03722	0.10478	0.09287	0.07270	0.15778	0.02511	0.03909	0.02266	0.00989	0.02051	0.00467	0.01990	0.00129	0.00515	0.00337	0.00250	0.00563
29	0.02215	0.20182	0.12906	0.03755	0.12690	0.07220	0.16221	0.01308	0.07392	0.04386	0.00915	0.07400	0.00786	0.00448	0.00383	0.00120	0.00501	0.00399	0.00231	0.00542
30	0.00736	0.03419	0.17261	0.19570	0.12956	0.00730	0.00899	0.02491	0.01735	0.01167	0.04210	0.20840	0.04035	0.04049	0.00495	0.00148	0.00425	0.04113	0.00257	0.00465
31	0.04373	0.09560	0.14031	0.05993	0.16364	0.04426	0.04824	0.04737	0.00935	0.11411	0.02262	0.11268	0.04044	0.00538	0.00428	0.00127	0.03421	0.00453	0.00268	0.00535
32	0.00893	0.00734	0.00983	0.02789	0.21323	0.06724	0.04349	0.04021	0.02480	0.08961	0.03050	0.25486	0.08787	0.04280	0.00513	0.00147	0.00382	0.03306	0.00315	0.00477
33	0.00564	0.00402	0.00492	0.00499	0.00593	0.00359	0.00363	0.00690	0.00962	0.04427	0.32638	0.27253	0.27297	0.00994	0.00482	0.00140	0.00212	0.00870	0.00403	0.00363
34	0.04643	0.15388	0.20365	0.04952	0.06013	0.07027	0.07279	0.13543	0.02922	0.11398	0.02257	0.00965	0.00680	0.00413	0.00371	0.00118	0.00495	0.00331	0.00265	0.00577
35	0.01074	0.02945	0.05398	0.11274	0.29768	0.11067	0.10943	0.10525	0.02103	0.03006	0.00788	0.01014	0.00634	0.02708	0.00492	0.00131	0.04978	0.00362	0.00228	0.00562
36	0.00695	0.00486	0.00638	0.02546	0.00716	0.01935	0.00457	0.00790	0.00704	0.06855	0.02917	0.13428	0.01360	0.24782	0.32546	0.00400	0.06231	0.00563	0.01598	0.00355
37	0.02083	0.00417	0.00526	0.00551	0.00634	0.00388	0.00393	0.00772	0.03196	0.08236	0.17619	0.49693	0.11874	0.01047	0.00484	0.00148	0.00234	0.00931	0.00395	0.00378
38	0.21613	0.03929	0.06166	0.02236	0.12427	0.13348	0.13569	0.05251	0.00946	0.09956	0.00788	0.00912	0.00598	0.00405	0.00401	0.00122	0.04097	0.00325	0.02379	0.00532

[dist]
# distance from previous block
# <min> <max>
0	21

# created by:
# /st0/software/busco_prod/Augustus/scripts/msa2prfl.pl ./align_prep/35020.fa
