[name]
unknown

[dist]
# distance from previous block
# <min> <max>
0	23

[block]
# block no. 0 follows, 68 sequences, length 83
# corresponding to MSA columns:
# 23-38,40-88,91,93-104,108-112
name=unknown_A
#
# <colnr> <probs for GDERKNQSTAVLIFYWHMCP>
#	G	D	E	R	K	N	Q	S	T	A	V	L	I	F	Y	W	H	M	C	P
0	0.01991	0.16515	0.05601	0.00915	0.01195	0.19642	0.05728	0.23419	0.05475	0.03285	0.00976	0.01333	0.00836	0.00505	0.00384	0.00120	0.00499	0.10755	0.00286	0.00539
1	0.06987	0.16824	0.03041	0.00805	0.04586	0.02327	0.01677	0.13494	0.08087	0.20874	0.03466	0.01048	0.00815	0.00424	0.00347	0.00106	0.00375	0.00328	0.00324	0.14065
2	0.01023	0.01001	0.01586	0.03024	0.73098	0.05443	0.03576	0.04112	0.00949	0.01317	0.00747	0.00969	0.00622	0.00360	0.00393	0.00118	0.00489	0.00352	0.00204	0.00616
3	0.03113	0.00374	0.00464	0.00536	0.00584	0.00353	0.00366	0.00601	0.02293	0.01055	0.02370	0.70802	0.13294	0.01172	0.00491	0.00156	0.00230	0.01049	0.00365	0.00333
4	0.02060	0.07107	0.18558	0.01214	0.10906	0.00912	0.18531	0.05241	0.06106	0.23869	0.01022	0.01073	0.00721	0.00408	0.00397	0.00123	0.00485	0.00373	0.00292	0.00604
5	0.00847	0.00799	0.01345	0.41246	0.40095	0.00877	0.01109	0.01087	0.00843	0.01150	0.00787	0.04656	0.00666	0.00410	0.00397	0.00125	0.00484	0.00383	0.00195	0.02498
6	0.01021	0.00837	0.00898	0.00784	0.01008	0.00947	0.00617	0.17363	0.55241	0.01759	0.06464	0.01572	0.04840	0.00667	0.04019	0.00152	0.00357	0.00463	0.00394	0.00597
7	0.00489	0.00371	0.00454	0.00516	0.00579	0.00335	0.00364	0.00577	0.00819	0.01049	0.03731	0.53842	0.28015	0.01153	0.00496	0.00153	0.00229	0.06130	0.00369	0.00329
8	0.01224	0.07828	0.04775	0.01107	0.05761	0.03494	0.23761	0.02859	0.04515	0.29343	0.01152	0.07080	0.00884	0.00482	0.00448	0.00127	0.03827	0.00443	0.00318	0.00572
9	0.00749	0.00705	0.01189	0.85113	0.02731	0.00881	0.01101	0.01013	0.00793	0.01013	0.00705	0.01057	0.00529	0.00396	0.00396	0.00132	0.00529	0.00352	0.00176	0.00440
10	0.00697	0.00461	0.00504	0.00480	0.00523	0.02348	0.00300	0.02453	0.02541	0.05376	0.06222	0.02399	0.01495	0.66952	0.01654	0.00324	0.00368	0.00552	0.04051	0.00300
11	0.01041	0.03221	0.12378	0.05657	0.19435	0.13991	0.27408	0.06310	0.02825	0.01286	0.00761	0.00953	0.00591	0.00378	0.00423	0.00123	0.02088	0.00366	0.00210	0.00554
12	0.01265	0.01793	0.21593	0.05512	0.01451	0.01512	0.12151	0.11999	0.05836	0.30411	0.01132	0.01136	0.01451	0.00439	0.00402	0.00125	0.00469	0.00378	0.00331	0.00612
13	0.00858	0.00811	0.01373	0.36667	0.45551	0.00883	0.01123	0.01096	0.00849	0.01163	0.00806	0.05572	0.00694	0.00419	0.00400	0.00126	0.00482	0.00394	0.00197	0.00534
14	0.00486	0.00402	0.00426	0.00420	0.00546	0.00342	0.00315	0.00603	0.00945	0.01169	0.19029	0.03654	0.68358	0.00968	0.00468	0.00132	0.00198	0.00814	0.00381	0.00342
15	0.03321	0.22566	0.25173	0.00999	0.08069	0.03735	0.03164	0.06473	0.01914	0.16534	0.00970	0.01011	0.03565	0.00417	0.00355	0.00114	0.00463	0.00324	0.00259	0.00574
16	0.04819	0.06135	0.09441	0.00892	0.03590	0.20943	0.00751	0.14469	0.01161	0.28292	0.01986	0.04017	0.00801	0.00470	0.00376	0.00116	0.00471	0.00357	0.00332	0.00578
17	0.73289	0.00838	0.04125	0.00735	0.07857	0.00899	0.01312	0.01182	0.00709	0.03101	0.00594	0.00702	0.00463	0.00377	0.00294	0.00124	0.02461	0.00238	0.00240	0.00458
18	0.01165	0.31434	0.15943	0.00909	0.01269	0.03425	0.07581	0.18831	0.01086	0.09473	0.00821	0.02647	0.00642	0.00420	0.00374	0.00111	0.02721	0.00321	0.00258	0.00569
19	0.00583	0.00431	0.00595	0.00588	0.00633	0.00490	0.00429	0.00676	0.00616	0.00873	0.01100	0.01865	0.01117	0.29878	0.54120	0.00535	0.04460	0.00471	0.00220	0.00320
20	0.00566	0.00425	0.00637	0.00637	0.00708	0.00496	0.00496	0.00708	0.00637	0.00920	0.01062	0.01558	0.00991	0.02974	0.84494	0.00637	0.01062	0.00425	0.00212	0.00354
21	0.00801	0.03977	0.82138	0.01120	0.01700	0.00936	0.01447	0.01254	0.00836	0.01248	0.00708	0.00833	0.00502	0.00376	0.00374	0.00125	0.00582	0.00291	0.00167	0.00584
22	0.01779	0.00675	0.00920	0.00705	0.01012	0.00583	0.00583	0.01932	0.01135	0.83867	0.01564	0.01350	0.00981	0.00491	0.00399	0.00123	0.00337	0.00399	0.00491	0.00675
23	0.00911	0.00984	0.03206	0.01153	0.01247	0.05645	0.15217	0.01050	0.00698	0.01017	0.00579	0.00894	0.00534	0.00608	0.01083	0.00162	0.64012	0.00362	0.00180	0.00456
24	0.00936	0.01070	0.02340	0.01671	0.02072	0.01003	0.82152	0.01270	0.00936	0.01270	0.00802	0.01070	0.00602	0.00334	0.00468	0.00134	0.00668	0.00468	0.00201	0.00535
25	0.04994	0.00822	0.00895	0.00781	0.01021	0.00915	0.00617	0.05455	0.60674	0.15368	0.01539	0.01454	0.01135	0.00530	0.00398	0.00132	0.00324	0.01912	0.00410	0.00624
26	0.00493	0.00366	0.00460	0.00519	0.00575	0.00334	0.00361	0.00585	0.00835	0.01096	0.12103	0.57178	0.19474	0.01139	0.00495	0.00152	0.00222	0.02905	0.00376	0.00332
27	0.00759	0.00715	0.01208	0.81445	0.06318	0.00884	0.01106	0.01022	0.00798	0.01026	0.00707	0.01054	0.00533	0.00394	0.00396	0.00131	0.00526	0.00352	0.00177	0.00449
28	0.01100	0.00875	0.00935	0.00811	0.01052	0.00991	0.00639	0.14425	0.64676	0.06161	0.01549	0.01430	0.02479	0.00534	0.00403	0.00131	0.00332	0.00438	0.00406	0.00632
29	0.00498	0.00404	0.00446	0.00438	0.00558	0.00352	0.00329	0.00623	0.00951	0.01204	0.25229	0.03489	0.58466	0.01037	0.04076	0.00153	0.00234	0.00787	0.00380	0.00346
30	0.06026	0.00675	0.00817	0.00678	0.00923	0.00661	0.00543	0.01706	0.21947	0.43176	0.12488	0.01690	0.05771	0.00566	0.00405	0.00127	0.00303	0.00467	0.00442	0.00592
31	0.01476	0.01706	0.01101	0.00982	0.01201	0.69476	0.00745	0.06250	0.05560	0.06776	0.00751	0.00813	0.00590	0.00425	0.00365	0.00106	0.00652	0.00281	0.00246	0.00496
32	0.00749	0.00705	0.01189	0.85113	0.02731	0.00881	0.01101	0.01013	0.00793	0.01013	0.00705	0.01057	0.00529	0.00396	0.00396	0.00132	0.00529	0.00352	0.00176	0.00440
33	0.00608	0.00491	0.00650	0.00647	0.00715	0.04053	0.00494	0.00735	0.00660	0.00920	0.01101	0.06093	0.01073	0.07470	0.69734	0.00564	0.02956	0.00462	0.00221	0.00352
34	0.00609	0.00416	0.00530	0.00500	0.00606	0.00377	0.00375	0.00776	0.01071	0.05907	0.63398	0.08147	0.14098	0.00846	0.00466	0.00128	0.00200	0.00741	0.00426	0.00382
35	0.00953	0.00912	0.01318	0.37461	0.30056	0.08804	0.01065	0.01171	0.00859	0.04658	0.00730	0.00994	0.00580	0.00414	0.00475	0.00128	0.08364	0.00345	0.00199	0.00516
36	0.13592	0.00860	0.01046	0.03313	0.01160	0.00891	0.05392	0.26663	0.07730	0.33543	0.01169	0.01114	0.00792	0.00461	0.00381	0.00123	0.00387	0.00367	0.00395	0.00622
37	0.07865	0.02799	0.01479	0.03072	0.62163	0.02675	0.03095	0.03183	0.00928	0.07837	0.00794	0.00974	0.00635	0.00369	0.00380	0.00118	0.00457	0.00344	0.00227	0.00607
38	0.01201	0.08459	0.04044	0.01347	0.14949	0.16239	0.21220	0.13952	0.02132	0.07792	0.00815	0.00947	0.00624	0.00405	0.00433	0.00119	0.04152	0.00355	0.00251	0.00565
39	0.00592	0.00433	0.00621	0.00608	0.00671	0.00488	0.00459	0.00694	0.00650	0.00930	0.05452	0.01684	0.01142	0.12025	0.59433	0.07674	0.03520	0.00445	0.00224	0.02258
40	0.10868	0.21838	0.07879	0.01715	0.03560	0.09804	0.06462	0.08663	0.06264	0.08203	0.00874	0.00935	0.02431	0.00401	0.00337	0.00107	0.00444	0.00306	0.00257	0.08650
41	0.01088	0.24446	0.27053	0.00916	0.01288	0.01954	0.05513	0.06096	0.00931	0.15746	0.00892	0.04892	0.00705	0.00453	0.00423	0.00119	0.06329	0.00346	0.00251	0.00559
42	0.01764	0.00699	0.00935	0.00717	0.01024	0.00618	0.00592	0.06359	0.01175	0.79384	0.01530	0.01328	0.00965	0.00490	0.00399	0.00122	0.00343	0.00396	0.00486	0.00675
43	0.00587	0.00482	0.00528	0.04267	0.01679	0.00456	0.00395	0.03340	0.08063	0.01234	0.10292	0.03166	0.57632	0.00866	0.00446	0.00130	0.00234	0.00725	0.05091	0.00384
44	0.05225	0.36539	0.31558	0.00911	0.01326	0.02444	0.04460	0.08213	0.00912	0.02200	0.00667	0.00770	0.00527	0.00376	0.00346	0.00109	0.02402	0.00271	0.00198	0.00548
45	0.00488	0.00351	0.00460	0.00541	0.00571	0.00326	0.00363	0.00562	0.00775	0.01033	0.05791	0.77089	0.05472	0.03463	0.00543	0.00164	0.00231	0.01084	0.00368	0.00323
46	0.00527	0.00379	0.00467	0.00520	0.00590	0.00342	0.00369	0.00617	0.00830	0.03511	0.04561	0.52392	0.26878	0.01131	0.00493	0.00152	0.00231	0.05297	0.00373	0.00340
47	0.00775	0.00611	0.02604	0.01746	0.00845	0.01389	0.00552	0.07774	0.14159	0.04428	0.02135	0.01574	0.02025	0.08110	0.48916	0.00439	0.00770	0.00436	0.00275	0.00437
48	0.03540	0.01137	0.11120	0.01365	0.05872	0.05853	0.37370	0.02886	0.00859	0.01206	0.00753	0.01004	0.01477	0.00534	0.03683	0.00157	0.20080	0.00395	0.00198	0.00509
49	0.56855	0.00849	0.00775	0.00644	0.00913	0.00952	0.00530	0.22051	0.02845	0.09182	0.00767	0.00804	0.00558	0.00410	0.00301	0.00122	0.00343	0.00273	0.00309	0.00518
50	0.01421	0.00725	0.00872	0.00695	0.00959	0.00705	0.00565	0.20183	0.05717	0.43354	0.02611	0.02533	0.09870	0.00555	0.00399	0.00122	0.00329	0.00449	0.07332	0.00604
51	0.03392	0.01775	0.09815	0.01095	0.06735	0.01690	0.17854	0.12604	0.07922	0.01413	0.02453	0.12710	0.04026	0.01305	0.00519	0.00141	0.07329	0.06427	0.00285	0.00509
52	0.00962	0.00663	0.02791	0.00631	0.00839	0.00623	0.00514	0.18065	0.06016	0.15809	0.02479	0.09786	0.34193	0.00785	0.00442	0.00133	0.00300	0.04087	0.00392	0.00489
53	0.00510	0.00356	0.00452	0.00518	0.00534	0.00340	0.00331	0.00559	0.00707	0.00942	0.01917	0.61944	0.02284	0.25568	0.00940	0.00225	0.00274	0.00969	0.00331	0.00299
54	0.00697	0.00468	0.00575	0.00587	0.00688	0.00450	0.00434	0.06979	0.03460	0.07839	0.06120	0.44761	0.14768	0.02599	0.00510	0.00154	0.00265	0.07871	0.00382	0.00393
55	0.05849	0.01181	0.18716	0.06958	0.36180	0.04330	0.02873	0.05552	0.08746	0.04581	0.00846	0.00989	0.00651	0.00393	0.00383	0.00122	0.00482	0.00342	0.00234	0.00592
56	0.01464	0.00967	0.01002	0.00893	0.06282	0.18004	0.00664	0.09916	0.01142	0.40163	0.06491	0.01289	0.01006	0.04176	0.00508	0.00132	0.04563	0.00388	0.00373	0.00577
57	0.21541	0.03492	0.01362	0.01731	0.48692	0.05824	0.04439	0.06004	0.00918	0.01448	0.00702	0.00879	0.00573	0.00366	0.00356	0.00118	0.00452	0.00316	0.00219	0.00567
58	0.00898	0.01260	0.20842	0.06231	0.10687	0.00971	0.50665	0.01247	0.00902	0.01255	0.00770	0.01006	0.00578	0.00349	0.00435	0.00130	0.00621	0.00409	0.00191	0.00551
59	0.30965	0.00625	0.00662	0.00604	0.00770	0.00696	0.00476	0.06899	0.03684	0.03116	0.01013	0.01389	0.03046	0.09251	0.28194	0.00316	0.01392	0.02498	0.00261	0.04142
60	0.40008	0.15455	0.00991	0.00642	0.00915	0.00962	0.00549	0.08909	0.02130	0.20580	0.03033	0.00913	0.00694	0.00423	0.00328	0.00117	0.02230	0.00290	0.00309	0.00524
61	0.01295	0.01269	0.18626	0.00938	0.01298	0.01119	0.00883	0.58640	0.05037	0.02144	0.00998	0.03233	0.01698	0.00484	0.00396	0.00122	0.00454	0.00373	0.00347	0.00640
62	0.33342	0.00720	0.00785	0.00636	0.00909	0.00724	0.00523	0.06020	0.02584	0.43146	0.03086	0.01197	0.03755	0.00472	0.00347	0.00123	0.00323	0.00353	0.00389	0.00566
63	0.04623	0.00898	0.00965	0.00790	0.01052	0.02804	0.00636	0.32616	0.25554	0.15692	0.05845	0.01290	0.01056	0.00509	0.00392	0.00123	0.00361	0.00404	0.03772	0.00618
64	0.01060	0.86304	0.02078	0.00678	0.01018	0.01569	0.00678	0.01187	0.00806	0.00933	0.00551	0.00636	0.00509	0.00339	0.00254	0.00085	0.00424	0.00212	0.00170	0.00509
65	0.00483	0.00345	0.00460	0.00552	0.00575	0.00322	0.00368	0.00552	0.00759	0.01012	0.02185	0.85807	0.02622	0.01242	0.00506	0.00161	0.00230	0.01127	0.00368	0.00322
66	0.05362	0.00514	0.00551	0.00530	0.00668	0.00511	0.00399	0.04665	0.13055	0.01297	0.11097	0.13929	0.39423	0.02865	0.03211	0.00157	0.00269	0.00731	0.00367	0.00400
67	0.00818	0.00663	0.00773	0.05350	0.05313	0.05373	0.02332	0.14547	0.03672	0.01261	0.02632	0.21834	0.03629	0.24673	0.00881	0.00205	0.00378	0.02755	0.02503	0.00408
68	0.00570	0.00423	0.00621	0.00624	0.00690	0.00485	0.00480	0.00701	0.00642	0.00918	0.01114	0.01745	0.01073	0.09599	0.74874	0.00601	0.00983	0.03293	0.00220	0.00345
69	0.00511	0.00368	0.00491	0.00579	0.00619	0.00348	0.00416	0.00603	0.00794	0.01047	0.02251	0.66976	0.06174	0.01204	0.00512	0.00164	0.00254	0.15990	0.00368	0.00331
70	0.00481	0.00370	0.00440	0.00490	0.00560	0.00329	0.00342	0.00568	0.00833	0.01062	0.06690	0.49473	0.34684	0.01128	0.00489	0.00149	0.00216	0.00993	0.00371	0.00329
71	0.00876	0.10952	0.60697	0.01135	0.01656	0.01869	0.11529	0.02317	0.01727	0.02610	0.00731	0.00860	0.00533	0.00372	0.00376	0.00122	0.00571	0.00310	0.00183	0.00573
72	0.00560	0.00422	0.00520	0.00499	0.00602	0.00393	0.00373	0.00769	0.04829	0.01470	0.61230	0.07497	0.17645	0.00855	0.00467	0.00129	0.00198	0.00748	0.00419	0.00376
73	0.00577	0.00503	0.05083	0.00632	0.00719	0.00496	0.00507	0.00713	0.00645	0.00922	0.01117	0.05252	0.01096	0.14111	0.65127	0.00555	0.00908	0.00468	0.00220	0.00350
74	0.02041	0.24304	0.24970	0.01035	0.07779	0.11456	0.03582	0.05390	0.05693	0.03058	0.02667	0.03566	0.00719	0.00426	0.00367	0.00113	0.01742	0.00327	0.00222	0.00543
75	0.00812	0.05624	0.20495	0.01048	0.12857	0.00746	0.05637	0.03265	0.05964	0.04829	0.11381	0.15100	0.07174	0.00641	0.00424	0.00131	0.00396	0.02684	0.00292	0.00502
76	0.08176	0.01085	0.17327	0.00852	0.01205	0.03070	0.03350	0.19090	0.01180	0.37026	0.01130	0.01110	0.00764	0.02321	0.00419	0.00128	0.00427	0.00357	0.00366	0.00619
77	0.18588	0.08508	0.24520	0.01016	0.05712	0.15884	0.05551	0.07506	0.02725	0.03596	0.00712	0.00818	0.00544	0.00395	0.00366	0.00118	0.02395	0.00289	0.00225	0.00532
78	0.00707	0.03295	0.02569	0.00812	0.12627	0.00577	0.00541	0.00977	0.10542	0.03494	0.22895	0.04845	0.25966	0.04056	0.00493	0.00135	0.00280	0.00620	0.00347	0.04222
79	0.01058	0.03689	0.08117	0.06202	0.21454	0.05354	0.03321	0.12603	0.04941	0.07834	0.01575	0.04249	0.02128	0.00434	0.00378	0.00111	0.00433	0.00371	0.00271	0.15476
80	0.00654	0.00501	0.04122	0.00540	0.00666	0.00432	0.01256	0.03323	0.01024	0.02949	0.43470	0.07754	0.08122	0.00760	0.00430	0.00125	0.00234	0.05637	0.17607	0.00392
81	0.01181	0.41411	0.06901	0.00809	0.01131	0.08839	0.00746	0.19674	0.12172	0.02429	0.00814	0.00850	0.00647	0.00407	0.00326	0.00104	0.00448	0.00288	0.00259	0.00565
82	0.01135	0.25126	0.21249	0.00960	0.03187	0.09270	0.05262	0.17988	0.02005	0.05656	0.00824	0.04141	0.00664	0.00428	0.00357	0.00112	0.00495	0.00330	0.00248	0.00563

[dist]
# distance from previous block
# <min> <max>
1	6

[block]
# block no. 1 follows, 68 sequences, length 33
# corresponding to MSA columns:
# 119-127,129-152
name=unknown_B
#
# <colnr> <probs for GDERKNQSTAVLIFYWHMCP>
#	G	D	E	R	K	N	Q	S	T	A	V	L	I	F	Y	W	H	M	C	P
0	0.01292	0.07158	0.01215	0.00893	0.01166	0.06527	0.07845	0.40594	0.01370	0.11634	0.01047	0.06153	0.00833	0.00767	0.09484	0.00176	0.00518	0.00408	0.00340	0.00580
1	0.00773	0.00660	0.01004	0.09397	0.30761	0.00671	0.00773	0.02355	0.05436	0.02617	0.18839	0.14755	0.06931	0.00666	0.00436	0.00131	0.00348	0.02655	0.00306	0.00485
2	0.14142	0.07600	0.01011	0.02911	0.01049	0.08181	0.03109	0.16358	0.01079	0.18505	0.01094	0.08255	0.01780	0.00556	0.01516	0.01147	0.00403	0.02703	0.00324	0.08276
3	0.00886	0.00837	0.01402	0.43691	0.37808	0.02209	0.03695	0.01135	0.00857	0.02650	0.00740	0.01025	0.00582	0.00378	0.00396	0.00125	0.00507	0.00356	0.00192	0.00530
4	0.00486	0.00369	0.00448	0.00499	0.00564	0.00331	0.00347	0.00576	0.00839	0.01084	0.10276	0.51944	0.28554	0.01126	0.00491	0.00149	0.00217	0.00996	0.00374	0.00331
5	0.00595	0.00436	0.00501	0.00485	0.00612	0.00393	0.00367	0.00773	0.04865	0.05596	0.27498	0.08763	0.43628	0.00915	0.00466	0.00134	0.00216	0.02981	0.00397	0.00378
6	0.00914	0.07099	0.24313	0.05739	0.06227	0.03437	0.32205	0.05396	0.00940	0.01278	0.02277	0.01109	0.04492	0.00404	0.00423	0.00125	0.01654	0.00396	0.00210	0.01361
7	0.00481	0.00364	0.00445	0.00505	0.00564	0.00328	0.00348	0.00563	0.00814	0.01048	0.05340	0.58559	0.26893	0.01157	0.00494	0.00152	0.00220	0.01027	0.00370	0.00328
8	0.00490	0.00375	0.00446	0.00492	0.00562	0.00336	0.00345	0.00579	0.00833	0.01066	0.08014	0.44209	0.33081	0.04523	0.00551	0.00158	0.00226	0.03019	0.00367	0.00328
9	0.01216	0.00954	0.01027	0.00899	0.04916	0.13054	0.04612	0.25516	0.06339	0.13333	0.13489	0.04122	0.03398	0.00586	0.00448	0.02774	0.00414	0.01998	0.00360	0.00545
10	0.09951	0.02117	0.01902	0.00694	0.00828	0.07945	0.04310	0.07934	0.03320	0.02883	0.05425	0.39091	0.02353	0.04900	0.03218	0.00168	0.01514	0.00716	0.00323	0.00410
11	0.00514	0.00374	0.00465	0.00504	0.00550	0.00355	0.00341	0.00591	0.00771	0.01022	0.10379	0.41221	0.14866	0.19118	0.06857	0.00234	0.00313	0.00875	0.00337	0.00314
12	0.01686	0.24738	0.04381	0.02373	0.04358	0.03407	0.00627	0.03504	0.02063	0.01220	0.00680	0.00790	0.00571	0.00327	0.00298	0.00077	0.00370	0.00245	0.00218	0.48066
13	0.04306	0.27266	0.04626	0.00758	0.01690	0.09252	0.02021	0.09635	0.00986	0.08717	0.04091	0.04341	0.00798	0.00430	0.00348	0.00099	0.02042	0.00321	0.00261	0.18012
14	0.01123	0.17147	0.13410	0.00970	0.02483	0.10999	0.06979	0.16924	0.21155	0.01492	0.00939	0.00985	0.00720	0.00436	0.00392	0.00118	0.02534	0.00339	0.00277	0.00577
15	0.00947	0.43271	0.41182	0.00905	0.01358	0.03999	0.01057	0.01233	0.00831	0.01088	0.00630	0.00735	0.00506	0.00359	0.00316	0.00105	0.00511	0.00252	0.00170	0.00544
16	0.00925	0.00714	0.00870	0.00639	0.00970	0.00574	0.02937	0.05651	0.00915	0.08654	0.00983	0.02788	0.04545	0.00376	0.00327	0.00076	0.00311	0.00310	0.00275	0.67160
17	0.04137	0.04753	0.01109	0.04278	0.01205	0.34492	0.01980	0.20563	0.12982	0.05336	0.00924	0.02131	0.00729	0.03137	0.00425	0.00123	0.00524	0.00340	0.00294	0.00537
18	0.00512	0.00378	0.00499	0.05226	0.00686	0.00362	0.00398	0.00591	0.00777	0.01020	0.04922	0.60216	0.12506	0.05121	0.00598	0.02933	0.00255	0.02329	0.00348	0.00324
19	0.10997	0.00843	0.01146	0.04504	0.38015	0.05458	0.00838	0.02103	0.00918	0.07821	0.08421	0.05048	0.00996	0.00448	0.00375	0.00114	0.00399	0.00391	0.00261	0.10903
20	0.03816	0.41478	0.08562	0.02600	0.08649	0.07805	0.05130	0.06248	0.08076	0.01208	0.01679	0.00844	0.00631	0.00386	0.00335	0.00105	0.01406	0.00288	0.00216	0.00538
21	0.00509	0.00376	0.00471	0.00504	0.00568	0.00343	0.00353	0.00618	0.00892	0.01196	0.28229	0.41811	0.17098	0.04466	0.00548	0.00154	0.00217	0.00924	0.00385	0.00338
22	0.08883	0.00710	0.00841	0.00719	0.03496	0.00707	0.00558	0.18415	0.03789	0.30878	0.15389	0.01662	0.07560	0.00566	0.00397	0.00122	0.00317	0.00460	0.03971	0.00561
23	0.00998	0.01069	0.05999	0.01540	0.33342	0.10892	0.08186	0.01483	0.23934	0.01360	0.04318	0.01238	0.02959	0.00446	0.00402	0.00123	0.00462	0.00401	0.00268	0.00580
24	0.22739	0.09201	0.22838	0.04827	0.07364	0.03493	0.07477	0.05423	0.01797	0.06334	0.02007	0.00882	0.00601	0.00386	0.00343	0.00118	0.00461	0.00302	0.00233	0.03173
25	0.00988	0.00585	0.00722	0.00666	0.00837	0.00576	0.00540	0.10985	0.05728	0.20156	0.05669	0.09135	0.10928	0.04796	0.00533	0.00156	0.00323	0.23405	0.02796	0.00476
26	0.01005	0.01037	0.02841	0.00760	0.00943	0.26202	0.00596	0.12928	0.08729	0.01384	0.14208	0.10297	0.13567	0.00684	0.00422	0.00125	0.00418	0.03061	0.00331	0.00461
27	0.04014	0.01309	0.03872	0.03869	0.15178	0.32749	0.05181	0.13530	0.04779	0.06383	0.00876	0.04880	0.00716	0.00452	0.00385	0.00117	0.00543	0.00360	0.00265	0.00541
28	0.00691	0.00378	0.00530	0.00522	0.00535	0.00385	0.00348	0.03054	0.00573	0.00767	0.00798	0.01422	0.00815	0.14103	0.05464	0.68448	0.00387	0.00383	0.00191	0.00206
29	0.01432	0.00970	0.01075	0.00844	0.01132	0.01047	0.00689	0.59672	0.05700	0.13937	0.03573	0.06043	0.00949	0.00536	0.00406	0.00123	0.00397	0.00423	0.00410	0.00643
30	0.03047	0.00787	0.00966	0.02217	0.09392	0.10406	0.09785	0.04231	0.03283	0.09717	0.17934	0.02114	0.22183	0.00638	0.00427	0.00124	0.00372	0.00553	0.01354	0.00470
31	0.03300	0.02201	0.06312	0.04088	0.41664	0.10352	0.03815	0.06969	0.03422	0.06350	0.00917	0.07163	0.00784	0.00449	0.00394	0.00121	0.00476	0.00399	0.00247	0.00575
32	0.00992	0.04092	0.03695	0.01042	0.14407	0.12855	0.00710	0.12376	0.00936	0.03324	0.00939	0.03994	0.00902	0.21548	0.04881	0.00214	0.11015	0.01371	0.00247	0.00461

[dist]
# distance from previous block
# <min> <max>
1	5

[block]
# block no. 2 follows, 68 sequences, length 17
# corresponding to MSA columns:
# 158-174
name=unknown_C
#
# <colnr> <probs for GDERKNQSTAVLIFYWHMCP>
#	G	D	E	R	K	N	Q	S	T	A	V	L	I	F	Y	W	H	M	C	P
0	0.03584	0.03112	0.06911	0.01598	0.41371	0.02099	0.03232	0.04609	0.09699	0.03339	0.00994	0.07316	0.01780	0.00451	0.00387	0.00118	0.00424	0.00407	0.00251	0.08319
1	0.03889	0.00454	0.00554	0.00528	0.00590	0.00463	0.02279	0.04534	0.00740	0.01026	0.07663	0.09707	0.07641	0.45684	0.12278	0.00331	0.00437	0.00609	0.00279	0.00314
2	0.82341	0.00862	0.06764	0.00567	0.00837	0.00892	0.00506	0.01172	0.00687	0.01740	0.00564	0.00658	0.00435	0.00369	0.00255	0.00123	0.00327	0.00220	0.00240	0.00441
3	0.01055	0.63831	0.03243	0.00702	0.00999	0.06275	0.00660	0.07149	0.00886	0.01049	0.00708	0.04621	0.00679	0.06205	0.00404	0.00113	0.00434	0.00293	0.00202	0.00493
4	0.03536	0.00787	0.00878	0.00665	0.00971	0.02735	0.00536	0.17275	0.01076	0.09990	0.04602	0.01021	0.00800	0.00391	0.00346	0.00086	0.01481	0.00305	0.04247	0.48272
5	0.00926	0.12543	0.12464	0.05923	0.13520	0.06626	0.05009	0.05254	0.02064	0.04220	0.00900	0.01138	0.02497	0.02385	0.18603	0.01631	0.03221	0.00358	0.00219	0.00498
6	0.00486	0.00356	0.00449	0.00522	0.00561	0.00328	0.00350	0.00556	0.00771	0.01007	0.02416	0.68105	0.15174	0.06197	0.00589	0.00170	0.00235	0.01049	0.00361	0.00319
7	0.01007	0.01071	0.01157	0.01004	0.01061	0.19105	0.00814	0.04092	0.00765	0.01009	0.00591	0.00906	0.00563	0.03228	0.03114	0.00174	0.59371	0.00336	0.00191	0.00441
8	0.01032	0.10230	0.01149	0.00869	0.01005	0.15650	0.03174	0.11538	0.00911	0.02901	0.00837	0.05819	0.00804	0.11806	0.02894	0.00179	0.27020	0.00398	0.01332	0.00451
9	0.00740	0.00477	0.00636	0.00675	0.06797	0.00440	0.00459	0.00904	0.02661	0.12921	0.32969	0.22114	0.14936	0.00857	0.00460	0.00134	0.00244	0.00754	0.00399	0.00422
10	0.00505	0.00387	0.00428	0.00447	0.00522	0.00348	0.00305	0.00576	0.00793	0.00992	0.04588	0.19669	0.42672	0.23627	0.00889	0.00206	0.00258	0.02142	0.00336	0.00308
11	0.74995	0.00778	0.00652	0.00563	0.00819	0.00879	0.00464	0.06015	0.00791	0.10051	0.00677	0.00733	0.00499	0.00387	0.00270	0.00122	0.00317	0.00242	0.00279	0.00468
12	0.01967	0.01090	0.16788	0.03251	0.04829	0.02120	0.03111	0.27240	0.10714	0.06448	0.03806	0.05602	0.06963	0.00548	0.00408	0.00126	0.00419	0.02080	0.00329	0.02160
13	0.00954	0.00854	0.01422	0.05468	0.66313	0.00852	0.01080	0.01173	0.00913	0.05223	0.03595	0.03448	0.04805	0.00442	0.00404	0.00122	0.00437	0.01674	0.00232	0.00589
14	0.00513	0.00361	0.00466	0.00532	0.00553	0.00348	0.00350	0.00571	0.00714	0.00954	0.01908	0.60324	0.02257	0.21295	0.04963	0.00237	0.00310	0.02708	0.00330	0.00305
15	0.00709	0.00441	0.00577	0.00576	0.00670	0.00429	0.00423	0.03719	0.00846	0.11193	0.06492	0.35300	0.11493	0.04313	0.16671	0.03233	0.00415	0.01771	0.00347	0.00381
16	0.02071	0.10541	0.22761	0.01063	0.08104	0.11897	0.06461	0.04384	0.00899	0.06502	0.01675	0.01026	0.00688	0.00905	0.16896	0.00219	0.02836	0.00336	0.00220	0.00517

[dist]
# distance from previous block
# <min> <max>
1	32

[block]
# block no. 3 follows, 68 sequences, length 15
# corresponding to MSA columns:
# 210-224
name=unknown_D
#
# <colnr> <probs for GDERKNQSTAVLIFYWHMCP>
#	G	D	E	R	K	N	Q	S	T	A	V	L	I	F	Y	W	H	M	C	P
0	0.21613	0.14719	0.11301	0.01129	0.19435	0.05804	0.01823	0.08378	0.00915	0.02519	0.00815	0.08362	0.00726	0.00452	0.00343	0.00118	0.00429	0.00356	0.00238	0.00524
1	0.00756	0.03243	0.05011	0.00769	0.00908	0.09043	0.06586	0.04720	0.02994	0.01132	0.05721	0.28236	0.05458	0.04720	0.12210	0.00220	0.05950	0.01628	0.00290	0.00407
2	0.03139	0.00590	0.00604	0.00564	0.00683	0.07912	0.00415	0.00931	0.03732	0.08870	0.24761	0.04431	0.13309	0.20674	0.00807	0.00187	0.00317	0.05344	0.00349	0.02380
3	0.04522	0.00872	0.02194	0.00826	0.01031	0.13690	0.07848	0.11622	0.01005	0.13841	0.04591	0.01342	0.02944	0.01360	0.30146	0.00302	0.00687	0.00402	0.00290	0.00483
4	0.00795	0.07238	0.29551	0.00858	0.01172	0.07105	0.06801	0.01044	0.00893	0.04029	0.09693	0.12772	0.12056	0.01836	0.02293	0.00142	0.00452	0.00532	0.00266	0.00471
5	0.05037	0.00811	0.01090	0.00831	0.01144	0.00779	0.07869	0.19058	0.02949	0.54174	0.01327	0.01215	0.00865	0.00470	0.00399	0.00123	0.00386	0.00390	0.00433	0.00652
6	0.00856	0.02037	0.76639	0.01120	0.01672	0.08352	0.01403	0.01285	0.00863	0.01230	0.00703	0.00826	0.00503	0.00380	0.00375	0.00123	0.00597	0.00290	0.00171	0.00575
7	0.03859	0.00853	0.01145	0.31633	0.13134	0.10101	0.05669	0.02866	0.03240	0.01129	0.00997	0.11297	0.02765	0.03879	0.00524	0.00142	0.05620	0.00459	0.00227	0.00460
8	0.00721	0.00634	0.00854	0.00783	0.00827	0.03020	0.00626	0.00836	0.00647	0.00962	0.00858	0.01302	0.00813	0.05448	0.40790	0.00396	0.34306	0.00393	0.05400	0.00384
9	0.00546	0.00383	0.00492	0.00555	0.00590	0.00371	0.00376	0.03766	0.00781	0.01048	0.01978	0.67651	0.02328	0.10234	0.01872	0.01846	0.00271	0.02873	0.01710	0.00327
10	0.00571	0.00440	0.00555	0.00548	0.00649	0.00402	0.01873	0.00720	0.03525	0.01184	0.19570	0.29887	0.15494	0.09069	0.00616	0.00161	0.00256	0.05938	0.00357	0.08185
11	0.00588	0.00392	0.00536	0.00575	0.00626	0.00366	0.02371	0.00668	0.00784	0.05915	0.05900	0.63569	0.02385	0.11164	0.00676	0.00183	0.00266	0.02335	0.00359	0.00342
12	0.65918	0.00835	0.00717	0.00615	0.00871	0.00958	0.00503	0.15493	0.07996	0.01895	0.00714	0.00770	0.00540	0.00402	0.00286	0.00123	0.00330	0.00260	0.00286	0.00490
13	0.06366	0.05038	0.03880	0.00867	0.01124	0.08934	0.05478	0.05017	0.54273	0.01557	0.01287	0.01240	0.00973	0.00483	0.00384	0.00126	0.00391	0.00394	0.00341	0.01845
14	0.01920	0.10196	0.06586	0.06849	0.08403	0.07015	0.02665	0.14086	0.13704	0.01373	0.02018	0.01125	0.00781	0.05103	0.05774	0.00171	0.11083	0.00364	0.00259	0.00526

[dist]
# distance from previous block
# <min> <max>
0	1

[block]
# block no. 4 follows, 68 sequences, length 17
# corresponding to MSA columns:
# 227-243
name=unknown_E
#
# <colnr> <probs for GDERKNQSTAVLIFYWHMCP>
#	G	D	E	R	K	N	Q	S	T	A	V	L	I	F	Y	W	H	M	C	P
0	0.01022	0.25458	0.31419	0.02825	0.15499	0.03920	0.01068	0.05368	0.00914	0.06329	0.00730	0.00843	0.00565	0.00382	0.00365	0.00112	0.02112	0.00291	0.00206	0.00571
1	0.01539	0.01022	0.01130	0.00871	0.01183	0.01102	0.00718	0.64750	0.04489	0.17450	0.01087	0.01043	0.00749	0.00481	0.00397	0.00120	0.00414	0.00368	0.00414	0.00673
2	0.00726	0.00514	0.00620	0.05466	0.00799	0.04584	0.00466	0.00855	0.00907	0.09060	0.21768	0.31828	0.02303	0.06578	0.00564	0.00155	0.00293	0.06752	0.01924	0.03838
3	0.02618	0.12224	0.16900	0.03202	0.11547	0.07244	0.03605	0.01203	0.04482	0.04264	0.03144	0.01977	0.05723	0.00421	0.00355	0.00104	0.00433	0.00344	0.00235	0.19973
4	0.00759	0.01717	0.03927	0.05247	0.17095	0.00628	0.02329	0.00952	0.03768	0.06235	0.07318	0.25066	0.10327	0.02057	0.00518	0.00143	0.05081	0.04605	0.00310	0.01919
5	0.00538	0.00402	0.00575	0.00599	0.00661	0.00439	0.00449	0.00657	0.00687	0.00955	0.01554	0.24178	0.06783	0.02384	0.56630	0.00477	0.00784	0.00639	0.00264	0.00344
6	0.02881	0.00513	0.00630	0.00624	0.04527	0.00493	0.00446	0.03709	0.06427	0.09074	0.35610	0.07080	0.19777	0.02001	0.02172	0.00142	0.00260	0.00660	0.02546	0.00428
7	0.01067	0.28065	0.20893	0.01047	0.07692	0.16482	0.05230	0.05633	0.03055	0.02202	0.00766	0.04753	0.00653	0.00418	0.00349	0.00110	0.00520	0.00322	0.00211	0.00534
8	0.00561	0.00423	0.00533	0.00578	0.00621	0.01612	0.00406	0.00668	0.03531	0.00992	0.01876	0.47796	0.05816	0.12692	0.11017	0.02337	0.02930	0.04960	0.00320	0.00330
9	0.00633	0.00608	0.07449	0.00620	0.00737	0.04218	0.00508	0.00764	0.00843	0.03586	0.05155	0.40634	0.16695	0.00981	0.00499	0.00147	0.03420	0.07432	0.04697	0.00375
10	0.00727	0.00434	0.00607	0.00631	0.04448	0.00438	0.00417	0.02295	0.00690	0.06497	0.06157	0.08029	0.01237	0.18062	0.14752	0.33081	0.00457	0.00489	0.00250	0.00304
11	0.05012	0.18201	0.19904	0.04219	0.06381	0.09303	0.15144	0.05747	0.02600	0.04991	0.00750	0.00884	0.00579	0.00389	0.00395	0.00117	0.03383	0.00320	0.01139	0.00542
12	0.00764	0.00520	0.04719	0.00593	0.00677	0.00476	0.00453	0.03253	0.08817	0.04035	0.05149	0.08136	0.01071	0.01145	0.02959	0.52460	0.00348	0.00439	0.03678	0.00305
13	0.00772	0.00491	0.00644	0.00605	0.00686	0.00528	0.00446	0.06063	0.00762	0.09363	0.01228	0.10681	0.01214	0.22858	0.28519	0.06027	0.04949	0.00520	0.03275	0.00368
14	0.02189	0.04918	0.07085	0.03281	0.16202	0.01493	0.08399	0.02284	0.04252	0.09245	0.05148	0.20009	0.05184	0.00697	0.01566	0.00140	0.00395	0.04519	0.02504	0.00491
15	0.01043	0.06093	0.14213	0.02016	0.07001	0.08544	0.28699	0.03833	0.03536	0.10752	0.02005	0.05537	0.03963	0.00457	0.00416	0.00125	0.00529	0.00437	0.00257	0.00542
16	0.05170	0.20944	0.07819	0.00875	0.01181	0.16702	0.04774	0.20346	0.04861	0.08165	0.02925	0.02932	0.00749	0.00443	0.00356	0.00111	0.00478	0.00333	0.00282	0.00553

[dist]
# distance from previous block
# <min> <max>
2	15

[block]
# block no. 5 follows, 68 sequences, length 36
# corresponding to MSA columns:
# 259-294
name=unknown_F
#
# <colnr> <probs for GDERKNQSTAVLIFYWHMCP>
#	G	D	E	R	K	N	Q	S	T	A	V	L	I	F	Y	W	H	M	C	P
0	0.03016	0.29152	0.03712	0.03404	0.01089	0.14052	0.00679	0.07642	0.14800	0.07937	0.02209	0.08803	0.00919	0.00500	0.00352	0.00113	0.00429	0.00384	0.00282	0.00527
1	0.00918	0.00546	0.02094	0.00575	0.00752	0.00469	0.00445	0.02409	0.00968	0.22359	0.25401	0.09373	0.05622	0.12405	0.02138	0.00164	0.00298	0.00575	0.00378	0.12113
2	0.52637	0.02506	0.02399	0.00658	0.00928	0.00862	0.04431	0.04863	0.02542	0.09511	0.00730	0.00807	0.00550	0.00392	0.00331	0.00117	0.03658	0.00267	0.01478	0.10333
3	0.00815	0.15355	0.14436	0.00744	0.00993	0.00780	0.04699	0.06876	0.03192	0.04699	0.14135	0.14460	0.08669	0.02826	0.04136	0.00154	0.00397	0.01867	0.00302	0.00465
4	0.00566	0.00407	0.00519	0.00518	0.00564	0.00424	0.00354	0.00635	0.00638	0.00872	0.01413	0.05795	0.07457	0.41932	0.33843	0.00447	0.00625	0.00553	0.00244	0.02193
5	0.00617	0.00416	0.00514	0.00541	0.00612	0.00397	0.00384	0.00743	0.04243	0.06009	0.06146	0.36376	0.13990	0.17710	0.02155	0.00205	0.00289	0.07951	0.00352	0.00349
6	0.07281	0.00945	0.04241	0.00807	0.01097	0.00952	0.00677	0.46010	0.02855	0.18089	0.01166	0.09701	0.00917	0.00542	0.00395	0.00123	0.00387	0.00430	0.00389	0.02996
7	0.00760	0.00716	0.01209	0.81142	0.06614	0.00884	0.01107	0.01023	0.00798	0.01027	0.00707	0.01053	0.00533	0.00394	0.00396	0.00131	0.00526	0.00352	0.00177	0.00449
8	0.10454	0.00531	0.00638	0.00590	0.00759	0.00488	0.00448	0.01028	0.02125	0.19196	0.02848	0.36165	0.04307	0.00803	0.00418	0.00132	0.00276	0.03891	0.01538	0.13365
9	0.00575	0.00421	0.00507	0.00479	0.00595	0.00379	0.00361	0.00751	0.02676	0.03797	0.53515	0.03164	0.29598	0.00859	0.00465	0.00128	0.00198	0.00742	0.00415	0.00375
10	0.00526	0.00381	0.00447	0.00469	0.00518	0.00356	0.00310	0.00592	0.00770	0.01007	0.11918	0.25518	0.20715	0.32481	0.01052	0.00233	0.00277	0.01801	0.00329	0.00301
11	0.15640	0.01459	0.00989	0.00860	0.01103	0.51531	0.00661	0.06530	0.01047	0.01253	0.00640	0.00736	0.00521	0.00387	0.00331	0.00099	0.00560	0.00252	0.00228	0.15172
12	0.00568	0.00420	0.00613	0.00613	0.00675	0.00482	0.00465	0.00692	0.00630	0.00902	0.01085	0.01683	0.01046	0.12995	0.74548	0.00607	0.00980	0.00443	0.00216	0.00340
13	0.03253	0.00439	0.00561	0.00588	0.00673	0.00417	0.00422	0.04231	0.00871	0.11868	0.04264	0.61885	0.04079	0.01065	0.00480	0.00152	0.00258	0.03722	0.00383	0.00389
14	0.06496	0.00553	0.00668	0.00662	0.03930	0.00587	0.00460	0.09307	0.05036	0.05495	0.01315	0.09845	0.03032	0.29377	0.19401	0.00327	0.00512	0.02317	0.00288	0.00393
15	0.00504	0.00397	0.00453	0.00476	0.00570	0.00355	0.00345	0.00628	0.02636	0.01132	0.13999	0.27081	0.43395	0.03365	0.00522	0.00149	0.00219	0.03058	0.00375	0.00341
16	0.20086	0.01053	0.08260	0.01265	0.19154	0.05760	0.12680	0.15191	0.01005	0.01546	0.00781	0.02117	0.00634	0.02716	0.03322	0.00147	0.02328	0.00349	0.01071	0.00536
17	0.01454	0.03762	0.01162	0.01063	0.04076	0.79707	0.00780	0.01562	0.01109	0.00981	0.00616	0.00722	0.00515	0.00405	0.00356	0.00102	0.00700	0.00258	0.00203	0.00467
18	0.00503	0.00396	0.00442	0.00442	0.00544	0.00348	0.00320	0.00614	0.00918	0.01171	0.23713	0.10685	0.48930	0.08475	0.00608	0.00156	0.00216	0.00809	0.00374	0.00335
19	0.00986	0.01058	0.11429	0.15295	0.44146	0.02733	0.05238	0.05023	0.03300	0.04699	0.00800	0.01002	0.00625	0.00384	0.00407	0.00123	0.01595	0.00354	0.00217	0.00586
20	0.02940	0.07511	0.00734	0.00592	0.00691	0.09407	0.00427	0.03242	0.00754	0.06550	0.01169	0.07385	0.02210	0.36814	0.14457	0.03500	0.00512	0.00494	0.00256	0.00354
21	0.01508	0.00637	0.00847	0.00669	0.00930	0.00569	0.00545	0.05539	0.01162	0.62313	0.17730	0.01652	0.01514	0.00553	0.00410	0.00122	0.00310	0.00459	0.01921	0.00610
22	0.02947	0.00852	0.03564	0.08565	0.17778	0.08447	0.09384	0.01086	0.06639	0.01153	0.01292	0.09003	0.09286	0.00938	0.13368	0.00209	0.04285	0.00487	0.00245	0.00472
23	0.03485	0.11532	0.28027	0.01963	0.10132	0.01962	0.06432	0.01876	0.01712	0.04724	0.07065	0.09896	0.01097	0.00543	0.00432	0.00128	0.03770	0.04464	0.00245	0.00515
24	0.04544	0.00738	0.00875	0.00703	0.00953	0.00738	0.00565	0.20965	0.07338	0.38056	0.04652	0.01484	0.03613	0.07146	0.02294	0.00153	0.00361	0.00425	0.03811	0.00588
25	0.00829	0.00677	0.00982	0.04332	0.15578	0.00694	0.06799	0.10648	0.07134	0.03182	0.13792	0.22491	0.05399	0.00713	0.00456	0.00134	0.01919	0.00639	0.03121	0.00481
26	0.02374	0.22392	0.14130	0.05070	0.09259	0.08738	0.05177	0.11081	0.05441	0.06663	0.03057	0.00951	0.00701	0.00416	0.00384	0.00114	0.02931	0.00322	0.00246	0.00556
27	0.00823	0.05079	0.09714	0.09376	0.18567	0.00783	0.04845	0.05150	0.05405	0.02897	0.07010	0.12655	0.07642	0.04710	0.00517	0.00143	0.02448	0.01471	0.00274	0.00491
28	0.00592	0.00395	0.00466	0.00477	0.00504	0.00389	0.00303	0.00627	0.00656	0.02605	0.01592	0.09958	0.07150	0.61922	0.03608	0.00331	0.00372	0.07501	0.00275	0.00276
29	0.00525	0.00397	0.00484	0.00538	0.00603	0.00375	0.00382	0.00666	0.05115	0.01076	0.04417	0.49508	0.21382	0.05318	0.00569	0.00165	0.00245	0.07527	0.00365	0.00342
30	0.01184	0.02888	0.15061	0.03268	0.14795	0.13826	0.09657	0.13151	0.10164	0.10696	0.00939	0.01013	0.00692	0.00418	0.00393	0.00121	0.00512	0.00354	0.00277	0.00590
31	0.02242	0.04660	0.05202	0.11888	0.29101	0.06923	0.03797	0.05922	0.02200	0.05883	0.02506	0.14997	0.01016	0.01405	0.00421	0.00129	0.00446	0.00479	0.00257	0.00525
32	0.00538	0.00392	0.00501	0.03808	0.00626	0.00394	0.00365	0.00608	0.00702	0.00932	0.03343	0.30376	0.10878	0.30735	0.13721	0.00305	0.00417	0.00761	0.00294	0.00306
33	0.03317	0.03754	0.03298	0.00828	0.10426	0.02050	0.02985	0.04887	0.10972	0.04432	0.11900	0.05552	0.31491	0.00724	0.00429	0.00129	0.00309	0.01713	0.00342	0.00463
34	0.03646	0.12929	0.22492	0.00976	0.05208	0.07383	0.05391	0.11845	0.04971	0.11592	0.05974	0.01115	0.00861	0.03402	0.00430	0.00126	0.00470	0.00354	0.00276	0.00560
35	0.02683	0.06436	0.08173	0.04262	0.15532	0.06190	0.01794	0.17860	0.10392	0.02546	0.00893	0.01813	0.00722	0.02023	0.05801	0.02259	0.06404	0.00355	0.00264	0.03600

[dist]
# distance from previous block
# <min> <max>
10	33

[block]
# block no. 6 follows, 68 sequences, length 18
# corresponding to MSA columns:
# 337-354
name=unknown_G
#
# <colnr> <probs for GDERKNQSTAVLIFYWHMCP>
#	G	D	E	R	K	N	Q	S	T	A	V	L	I	F	Y	W	H	M	C	P
0	0.02277	0.23635	0.10624	0.03294	0.06426	0.13106	0.06456	0.12280	0.05331	0.03881	0.00820	0.00918	0.00641	0.00400	0.00344	0.00108	0.00477	0.00310	0.08135	0.00538
1	0.00800	0.02968	0.03600	0.00839	0.06268	0.03064	0.05448	0.04709	0.00823	0.06493	0.06636	0.07839	0.01910	0.11654	0.28074	0.01286	0.05512	0.00491	0.01164	0.00421
2	0.02406	0.02217	0.11638	0.04393	0.14376	0.00779	0.05713	0.09261	0.00960	0.07040	0.00845	0.01034	0.00671	0.00487	0.03964	0.00124	0.00445	0.02205	0.00251	0.31193
3	0.00639	0.11070	0.10420	0.00632	0.00787	0.00589	0.00545	0.03961	0.00847	0.01119	0.05530	0.44873	0.10663	0.03661	0.00500	0.00149	0.00307	0.02995	0.00320	0.00392
4	0.00509	0.00370	0.00467	0.00530	0.00575	0.00346	0.00362	0.00610	0.02356	0.01070	0.08218	0.61850	0.11365	0.05915	0.00579	0.00167	0.00236	0.02395	0.01751	0.00330
5	0.01448	0.03862	0.01201	0.01039	0.01258	0.76844	0.04336	0.03475	0.01125	0.01019	0.00628	0.00734	0.00519	0.00405	0.00361	0.00104	0.00699	0.00266	0.00208	0.00469
6	0.00567	0.00385	0.00445	0.00450	0.00460	0.00386	0.00265	0.00583	0.00601	0.00802	0.01382	0.07426	0.04122	0.73485	0.06740	0.00378	0.00409	0.00608	0.00250	0.00255
7	0.00540	0.00367	0.00486	0.00546	0.00592	0.00339	0.00375	0.00631	0.00831	0.04013	0.14666	0.68340	0.04495	0.01144	0.00496	0.00154	0.00227	0.01032	0.00383	0.00343
8	0.00959	0.01071	0.02292	0.01640	0.02038	0.01012	0.78807	0.04600	0.00974	0.01321	0.00808	0.01065	0.00605	0.00340	0.00465	0.00133	0.00659	0.00463	0.00209	0.00540
9	0.00500	0.00365	0.00502	0.00576	0.00609	0.00342	0.01941	0.00578	0.00769	0.01027	0.03487	0.78162	0.02563	0.03240	0.00542	0.00166	0.00246	0.03696	0.00363	0.00326
10	0.00518	0.00393	0.00556	0.00605	0.00654	0.00371	0.03967	0.00629	0.02686	0.01056	0.04064	0.74799	0.04640	0.01167	0.00501	0.00158	0.00252	0.02281	0.00363	0.00341
11	0.00590	0.00434	0.00518	0.00514	0.00621	0.00398	0.00376	0.03310	0.02973	0.03548	0.25869	0.27935	0.27443	0.00961	0.00470	0.00137	0.00222	0.00839	0.00390	0.02454
12	0.00680	0.00557	0.05009	0.03294	0.00825	0.00465	0.04466	0.00850	0.02897	0.08055	0.11584	0.27186	0.21168	0.02578	0.02470	0.00152	0.00302	0.00750	0.03440	0.03271
13	0.01033	0.00741	0.00832	0.00735	0.00937	0.00807	0.00570	0.10463	0.43650	0.12190	0.10087	0.11013	0.01550	0.02962	0.00464	0.00140	0.00310	0.00539	0.00409	0.00568
14	0.00697	0.00397	0.00461	0.00465	0.00561	0.00370	0.00339	0.00832	0.00869	0.08237	0.09175	0.24987	0.14198	0.02370	0.00428	0.00128	0.00216	0.00684	0.34210	0.00375
15	0.06664	0.03390	0.05445	0.02729	0.05518	0.01959	0.49164	0.06472	0.04886	0.01386	0.00851	0.01099	0.00662	0.00378	0.00421	0.00126	0.00561	0.02296	0.01595	0.04399
16	0.00942	0.00806	0.01144	0.15147	0.27993	0.00879	0.00873	0.04611	0.26612	0.04716	0.01222	0.04017	0.03594	0.00620	0.04944	0.00156	0.00440	0.00429	0.00290	0.00567
17	0.12576	0.04251	0.12811	0.02766	0.24918	0.04201	0.10541	0.02588	0.03148	0.09429	0.02148	0.01049	0.00702	0.03921	0.00472	0.00134	0.03202	0.00353	0.00241	0.00550

[dist]
# distance from previous block
# <min> <max>
0	4

[block]
# block no. 7 follows, 68 sequences, length 17
# corresponding to MSA columns:
# 359-375
name=unknown_H
#
# <colnr> <probs for GDERKNQSTAVLIFYWHMCP>
#	G	D	E	R	K	N	Q	S	T	A	V	L	I	F	Y	W	H	M	C	P
0	0.01307	0.15346	0.08389	0.01042	0.05184	0.38564	0.05163	0.08124	0.01071	0.08130	0.00733	0.00823	0.00574	0.00411	0.00390	0.00109	0.03593	0.00291	0.00234	0.00525
1	0.13970	0.00805	0.01061	0.05621	0.18393	0.00809	0.02926	0.08704	0.08344	0.18631	0.04377	0.01117	0.00845	0.00424	0.00366	0.00115	0.00375	0.00353	0.00315	0.12450
2	0.02127	0.27119	0.15697	0.00993	0.05547	0.08270	0.09928	0.06642	0.03050	0.05512	0.03486	0.01040	0.04169	0.00423	0.00373	0.00111	0.02162	0.00336	0.00234	0.02782
3	0.00724	0.00636	0.00789	0.00942	0.15278	0.07792	0.02063	0.00863	0.02095	0.03090	0.03279	0.31436	0.11958	0.05120	0.07816	0.00195	0.00408	0.04800	0.00306	0.00408
4	0.00570	0.00390	0.00471	0.00475	0.00489	0.00402	0.00293	0.00599	0.00596	0.00808	0.01260	0.06376	0.01416	0.66917	0.16936	0.00420	0.00500	0.00575	0.00241	0.00265
5	0.02611	0.02574	0.01147	0.09990	0.15623	0.06668	0.09976	0.06991	0.07054	0.02735	0.03630	0.13566	0.07583	0.00631	0.00443	0.00134	0.01723	0.06144	0.00286	0.00489
6	0.02697	0.01058	0.01146	0.07814	0.19619	0.19264	0.03133	0.17751	0.04777	0.01445	0.05169	0.09113	0.02450	0.02282	0.00435	0.00127	0.00474	0.00442	0.00280	0.00525
7	0.00482	0.00348	0.00458	0.00545	0.00573	0.00323	0.00365	0.00553	0.00765	0.01015	0.02265	0.82219	0.06159	0.01232	0.00504	0.00160	0.00229	0.01114	0.00368	0.00323
8	0.00829	0.00735	0.01148	0.09065	0.34451	0.02449	0.03575	0.01036	0.02920	0.03511	0.03426	0.07315	0.03825	0.05687	0.15025	0.00230	0.03577	0.00465	0.00238	0.00491
9	0.08222	0.12065	0.10337	0.02823	0.10463	0.16956	0.03972	0.13718	0.09398	0.05148	0.01670	0.00951	0.00681	0.01470	0.00381	0.00118	0.00489	0.00322	0.00263	0.00554
10	0.00869	0.00897	0.03781	0.26665	0.01787	0.02209	0.18936	0.05379	0.00820	0.01130	0.00725	0.02702	0.00617	0.02328	0.02076	0.00158	0.27858	0.00395	0.00198	0.00468
11	0.00567	0.00423	0.00626	0.00626	0.00693	0.00490	0.00482	0.00701	0.00634	0.00912	0.01072	0.01613	0.01015	0.07408	0.80093	0.00624	0.01026	0.00433	0.00214	0.00348
12	0.02387	0.00892	0.03630	0.04722	0.23194	0.04054	0.09385	0.09853	0.01940	0.11018	0.01177	0.05217	0.06878	0.01720	0.00432	0.00121	0.01488	0.00425	0.00280	0.11187
