[name]
unknown

[dist]
# distance from previous block
# <min> <max>
0	26

[block]
# block no. 0 follows, 72 sequences, length 13
# corresponding to MSA columns:
# 27-39
name=unknown_A
#
# <colnr> <probs for GDERKNQSTAVLIFYWHMCP>
#	G	D	E	R	K	N	Q	S	T	A	V	L	I	F	Y	W	H	M	C	P
0	0.04663	0.00844	0.00967	0.00776	0.01018	0.05813	0.06157	0.31852	0.04053	0.15846	0.05160	0.06396	0.01906	0.03821	0.00440	0.00125	0.00379	0.01766	0.04410	0.03607
1	0.00834	0.00700	0.01107	0.25551	0.25873	0.00743	0.04294	0.03412	0.05241	0.06148	0.06399	0.05249	0.06272	0.03572	0.00465	0.01457	0.00405	0.00443	0.01355	0.00480
2	0.00716	0.00674	0.01138	0.85760	0.02612	0.00843	0.01053	0.00969	0.00758	0.00969	0.00674	0.01011	0.00506	0.00379	0.00379	0.00126	0.00506	0.00337	0.00169	0.00421
3	0.19915	0.00896	0.00957	0.00828	0.04591	0.03723	0.02832	0.38109	0.07218	0.05027	0.00961	0.05022	0.00784	0.03764	0.00430	0.00129	0.01634	0.02318	0.00322	0.00538
4	0.00471	0.00371	0.00423	0.00444	0.00534	0.00326	0.00322	0.00570	0.00849	0.01074	0.14436	0.25505	0.47171	0.03092	0.00496	0.00141	0.00206	0.02890	0.00358	0.00321
5	0.00789	0.00768	0.01075	0.00933	0.00940	0.01060	0.00769	0.00874	0.00583	0.00902	0.00579	0.00963	0.00579	0.04320	0.09847	0.00219	0.73880	0.00348	0.00172	0.00400
6	0.00912	0.00867	0.06950	0.04180	0.01130	0.00878	0.05891	0.05971	0.54474	0.02887	0.04984	0.04761	0.01201	0.00534	0.00397	0.00129	0.00348	0.02599	0.00349	0.00559
7	0.00647	0.00438	0.00559	0.00514	0.00636	0.00401	0.00391	0.00845	0.04189	0.07532	0.58053	0.08770	0.06258	0.00756	0.00434	0.00120	0.00209	0.02803	0.00398	0.06046
8	0.00845	0.00672	0.00792	0.00569	0.00903	0.00509	0.00456	0.01012	0.00806	0.06561	0.00727	0.00819	0.00586	0.00293	0.00287	0.00060	0.00284	0.00235	0.00240	0.83345
9	0.00887	0.05159	0.07128	0.15967	0.40301	0.00888	0.02437	0.02688	0.11052	0.02737	0.05215	0.01127	0.01950	0.00403	0.00376	0.00117	0.00430	0.00366	0.00228	0.00545
10	0.00471	0.00336	0.00435	0.00510	0.00534	0.00315	0.00337	0.00531	0.00714	0.00947	0.02076	0.74200	0.05991	0.09912	0.00630	0.00175	0.00234	0.01012	0.00340	0.00301
11	0.01002	0.00912	0.05446	0.04970	0.21548	0.05454	0.00771	0.09386	0.12670	0.07382	0.00938	0.01014	0.02071	0.00385	0.00351	0.00100	0.00387	0.00323	0.00266	0.24624
12	0.05771	0.03729	0.01060	0.09120	0.02149	0.39540	0.05214	0.04492	0.08773	0.06448	0.01946	0.06243	0.00767	0.00517	0.02498	0.00124	0.00537	0.00354	0.00249	0.00468

[dist]
# distance from previous block
# <min> <max>
6	13

[block]
# block no. 1 follows, 72 sequences, length 72
# corresponding to MSA columns:
# 54-125
name=unknown_B
#
# <colnr> <probs for GDERKNQSTAVLIFYWHMCP>
#	G	D	E	R	K	N	Q	S	T	A	V	L	I	F	Y	W	H	M	C	P
0	0.01378	0.01031	0.01103	0.00860	0.01152	0.01147	0.00706	0.72755	0.12172	0.02288	0.00991	0.00975	0.00710	0.00463	0.00380	0.00116	0.00402	0.00353	0.00380	0.00639
1	0.04429	0.00770	0.02304	0.00906	0.09176	0.00677	0.08951	0.07784	0.00983	0.29374	0.02099	0.01026	0.00734	0.00378	0.00350	0.00098	0.00362	0.00327	0.00314	0.28958
2	0.02848	0.03974	0.20904	0.02999	0.19087	0.08611	0.13296	0.09706	0.04245	0.05692	0.00845	0.04575	0.00675	0.00408	0.00378	0.00117	0.00496	0.00363	0.00232	0.00546
3	0.65039	0.00790	0.00922	0.00738	0.01005	0.00861	0.17239	0.01192	0.02749	0.05495	0.00647	0.00750	0.00487	0.00355	0.00289	0.00120	0.00365	0.00268	0.00241	0.00447
4	0.00548	0.00373	0.00446	0.00448	0.00459	0.00383	0.00272	0.00571	0.00565	0.00764	0.01189	0.04454	0.01339	0.71090	0.15211	0.00401	0.00468	0.00542	0.00229	0.00249
5	0.03223	0.14901	0.06933	0.07347	0.27247	0.16396	0.10194	0.05823	0.00929	0.02577	0.00681	0.00841	0.00548	0.00357	0.00352	0.00108	0.00510	0.00305	0.00199	0.00526
6	0.00810	0.02221	0.02933	0.02183	0.00873	0.00680	0.02101	0.07553	0.30262	0.05725	0.10242	0.15297	0.15239	0.00706	0.00417	0.00129	0.00287	0.01498	0.00364	0.00478
7	0.01315	0.00606	0.00777	0.00627	0.00857	0.00560	0.00506	0.09520	0.02192	0.49900	0.17608	0.04044	0.03527	0.00559	0.00392	0.00117	0.00289	0.00466	0.05584	0.00554
8	0.00692	0.00379	0.00559	0.05962	0.00655	0.00394	0.00390	0.03614	0.00559	0.00743	0.00669	0.01135	0.00648	0.01225	0.01370	0.79957	0.00344	0.00330	0.00173	0.00199
9	0.01018	0.02115	0.03843	0.01021	0.12742	0.10408	0.00709	0.08374	0.33225	0.01492	0.07204	0.08878	0.03369	0.01691	0.00442	0.00139	0.00393	0.00489	0.01886	0.00564
10	0.01014	0.51311	0.08389	0.00944	0.02902	0.05812	0.17862	0.05757	0.00874	0.01076	0.00617	0.00737	0.00516	0.00337	0.00311	0.00097	0.00483	0.00272	0.00183	0.00506
11	0.00660	0.00602	0.01070	0.02658	0.01071	0.00658	0.21134	0.00857	0.02078	0.00980	0.00920	0.01316	0.00818	0.01972	0.54991	0.00440	0.06770	0.00410	0.00200	0.00393
12	0.00889	0.01003	0.02129	0.01537	0.01882	0.00980	0.74604	0.01184	0.00863	0.01184	0.00740	0.01003	0.00568	0.00355	0.00528	0.00132	0.09292	0.00436	0.00189	0.00502
13	0.01998	0.05372	0.02369	0.07021	0.28018	0.10530	0.13085	0.02796	0.14388	0.06959	0.00904	0.02374	0.00713	0.00401	0.00388	0.00117	0.01413	0.00364	0.00244	0.00546
14	0.00657	0.02682	0.00705	0.00679	0.03820	0.01302	0.00496	0.04139	0.00698	0.03110	0.03070	0.08053	0.01119	0.13586	0.48189	0.00432	0.06199	0.00467	0.00233	0.00362
15	0.00489	0.00364	0.00462	0.00539	0.00573	0.01343	0.00367	0.00584	0.02734	0.00992	0.02991	0.78018	0.04512	0.01169	0.01476	0.00157	0.00238	0.02325	0.00350	0.00319
16	0.00715	0.00517	0.00574	0.00550	0.00673	0.00548	0.00413	0.02745	0.26931	0.01431	0.19135	0.15211	0.03552	0.00665	0.00383	0.00119	0.00228	0.00572	0.24607	0.00430
17	0.00965	0.26227	0.09512	0.02348	0.06487	0.10770	0.00735	0.05474	0.17724	0.01920	0.01024	0.09494	0.00923	0.00504	0.00352	0.00113	0.00415	0.04254	0.00255	0.00503
18	0.01064	0.05942	0.01425	0.13249	0.33362	0.27021	0.08819	0.02623	0.00928	0.01103	0.00667	0.00859	0.00545	0.00359	0.00365	0.00110	0.00545	0.00312	0.00190	0.00512
19	0.00462	0.00330	0.00440	0.00528	0.00550	0.00308	0.00352	0.00528	0.00726	0.00968	0.02090	0.86424	0.02508	0.01188	0.00484	0.00154	0.00220	0.01078	0.00352	0.00308
20	0.01125	0.01010	0.00953	0.00824	0.01056	0.12636	0.00647	0.20812	0.53156	0.01683	0.01264	0.01196	0.00946	0.00484	0.00378	0.00121	0.00380	0.00383	0.00358	0.00588
21	0.00632	0.02771	0.07903	0.02211	0.00826	0.00470	0.04833	0.00769	0.00781	0.06364	0.01749	0.51101	0.01950	0.02413	0.02140	0.00160	0.00323	0.11909	0.00321	0.00374
22	0.01047	0.00725	0.00930	0.05396	0.13769	0.09048	0.03141	0.01194	0.01570	0.25865	0.03064	0.25570	0.01297	0.00677	0.01320	0.00133	0.03878	0.00565	0.00324	0.00487
23	0.00902	0.00762	0.00817	0.00733	0.00933	0.00868	0.00570	0.04597	0.69039	0.01605	0.13312	0.01600	0.01486	0.00550	0.00394	0.00127	0.00287	0.00463	0.00390	0.00567
24	0.01214	0.00848	0.00865	0.00721	0.00933	0.17661	0.03883	0.08128	0.02215	0.29481	0.19941	0.01573	0.02805	0.00532	0.00387	0.00113	0.00373	0.01796	0.06027	0.00504
25	0.67549	0.07972	0.04430	0.00669	0.00943	0.00919	0.10485	0.01132	0.00693	0.01554	0.00563	0.00673	0.00440	0.00346	0.00267	0.00116	0.00356	0.00238	0.00220	0.00436
26	0.00966	0.00832	0.00905	0.00797	0.01020	0.00955	0.02633	0.05909	0.77632	0.01616	0.01494	0.01381	0.01119	0.00507	0.00387	0.00128	0.00314	0.00425	0.00381	0.00600
27	0.02583	0.06472	0.23905	0.04375	0.06622	0.00907	0.05565	0.16655	0.06615	0.12150	0.00959	0.03210	0.01869	0.00430	0.00384	0.00116	0.02143	0.00351	0.00272	0.04415
28	0.02110	0.05284	0.00788	0.00695	0.00805	0.20574	0.01818	0.04985	0.00839	0.01971	0.01267	0.27492	0.01371	0.11597	0.09197	0.00208	0.03319	0.05041	0.00267	0.00373
29	0.00764	0.01938	0.82591	0.01094	0.01650	0.00883	0.03493	0.01201	0.00803	0.01201	0.00683	0.00806	0.00483	0.00359	0.00363	0.00120	0.00563	0.00285	0.00161	0.00559
30	0.03378	0.02968	0.00931	0.00745	0.00988	0.03595	0.00595	0.31449	0.21854	0.07375	0.01169	0.08788	0.00959	0.02280	0.02138	0.00130	0.00366	0.00416	0.00347	0.09530
31	0.00689	0.00611	0.00959	0.31136	0.17283	0.02086	0.00806	0.00874	0.00748	0.01005	0.01021	0.11651	0.00985	0.02147	0.21211	0.00251	0.00578	0.05329	0.00215	0.00415
32	0.00848	0.00678	0.00794	0.00758	0.04183	0.00748	0.00556	0.16693	0.25871	0.01419	0.01436	0.19454	0.03396	0.06142	0.08792	0.00192	0.03841	0.01434	0.00329	0.02437
33	0.00808	0.00669	0.00784	0.00566	0.00895	0.00509	0.00452	0.00987	0.01774	0.03542	0.02465	0.00851	0.00643	0.00299	0.00288	0.00060	0.00280	0.00241	0.00237	0.83650
34	0.00557	0.00390	0.00483	0.00489	0.00521	0.00404	0.00324	0.02324	0.00631	0.00852	0.01365	0.11027	0.04504	0.50447	0.21104	0.00382	0.00498	0.03172	0.00248	0.00279
35	0.00938	0.08450	0.11735	0.01113	0.02973	0.02161	0.20937	0.04173	0.00792	0.06650	0.00690	0.00914	0.00565	0.01435	0.01759	0.00144	0.33535	0.00349	0.00201	0.00488
36	0.00477	0.00394	0.00422	0.00438	0.00546	0.00350	0.00319	0.00618	0.05180	0.01041	0.03318	0.22591	0.60994	0.00989	0.00453	0.00134	0.00204	0.00845	0.00354	0.00332
37	0.00615	0.00405	0.00521	0.00542	0.00633	0.00375	0.00412	0.00753	0.02248	0.08165	0.19959	0.32257	0.15053	0.00967	0.00468	0.00143	0.00240	0.15506	0.00376	0.00361
38	0.00542	0.00526	0.06037	0.02883	0.02982	0.00436	0.07766	0.00670	0.00771	0.01034	0.04247	0.59955	0.07514	0.00987	0.00465	0.00145	0.00291	0.02076	0.00318	0.00356
39	0.01122	0.01117	0.01160	0.05227	0.16757	0.27122	0.05637	0.10772	0.04580	0.05950	0.01895	0.03498	0.01985	0.02707	0.01721	0.00130	0.06286	0.01584	0.00248	0.00499
40	0.00970	0.00792	0.00841	0.00745	0.00952	0.02069	0.00582	0.09476	0.60285	0.04964	0.03053	0.04693	0.06482	0.00566	0.00406	0.00128	0.01582	0.00467	0.00380	0.00568
41	0.03529	0.00721	0.00959	0.09395	0.04533	0.00703	0.00653	0.14561	0.01131	0.55582	0.01253	0.01177	0.00823	0.00512	0.02585	0.00130	0.00379	0.00365	0.00401	0.00607
42	0.03151	0.06436	0.01453	0.09619	0.58100	0.07487	0.02507	0.01183	0.00865	0.03315	0.00724	0.00957	0.00603	0.00359	0.00365	0.00112	0.00466	0.01545	0.00196	0.00556
43	0.00951	0.23977	0.03268	0.13740	0.25017	0.08050	0.14151	0.01181	0.02882	0.01083	0.00695	0.00911	0.00578	0.00357	0.00352	0.00109	0.00493	0.01507	0.00186	0.00512
44	0.01004	0.00807	0.01072	0.04506	0.11304	0.00799	0.07160	0.12895	0.19976	0.08120	0.01061	0.01104	0.02756	0.00405	0.00360	0.00103	0.00364	0.00351	0.00297	0.25557
45	0.00859	0.06973	0.06378	0.00748	0.00931	0.02476	0.03763	0.10814	0.22529	0.02179	0.01196	0.08052	0.01098	0.15489	0.06594	0.00202	0.05262	0.03704	0.00288	0.00464
46	0.02196	0.09402	0.09882	0.03596	0.17238	0.04389	0.35646	0.04337	0.00889	0.01205	0.00775	0.03766	0.00646	0.00387	0.00416	0.00120	0.02640	0.01753	0.00200	0.00517
47	0.04724	0.00885	0.01268	0.00973	0.01267	0.02544	0.22312	0.17602	0.18858	0.22095	0.02756	0.01164	0.00854	0.00437	0.00394	0.00122	0.00423	0.00397	0.00345	0.00581
48	0.01030	0.02501	0.02783	0.00986	0.05637	0.14712	0.02380	0.10743	0.04291	0.04844	0.02781	0.02903	0.00698	0.00539	0.00734	0.00132	0.36353	0.00346	0.01410	0.04198
49	0.00583	0.00459	0.00505	0.00486	0.00617	0.00436	0.00366	0.00856	0.14533	0.03529	0.19244	0.09715	0.45554	0.00855	0.00439	0.00128	0.00213	0.00727	0.00374	0.00382
50	0.00551	0.00371	0.00432	0.00432	0.00439	0.00378	0.00253	0.00563	0.00557	0.00749	0.01178	0.02388	0.01338	0.78741	0.09805	0.00391	0.00429	0.00538	0.00227	0.00240
51	0.01178	0.02412	0.01120	0.00981	0.01100	0.50722	0.00770	0.01270	0.00874	0.00922	0.00550	0.00741	0.00492	0.00499	0.00700	0.00125	0.34650	0.00279	0.00183	0.00430
52	0.00614	0.00471	0.00573	0.00577	0.00649	0.03616	0.00421	0.00783	0.06852	0.03210	0.04351	0.21790	0.04596	0.13950	0.35366	0.00364	0.00591	0.00605	0.00276	0.00347
53	0.01597	0.00622	0.00831	0.00645	0.00918	0.00546	0.00530	0.02945	0.01066	0.74928	0.01461	0.01298	0.00938	0.00466	0.00370	0.00114	0.00309	0.00378	0.09422	0.00616
54	0.01453	0.01045	0.01127	0.00864	0.01167	0.01150	0.00714	0.79603	0.01754	0.05870	0.00935	0.00927	0.00657	0.00456	0.00379	0.00114	0.00413	0.00343	0.00383	0.00645
55	0.06720	0.00825	0.01459	0.01109	0.01380	0.00822	0.37063	0.04969	0.00920	0.19657	0.01051	0.05364	0.00857	0.00494	0.00505	0.00133	0.09148	0.06734	0.00282	0.00509
56	0.01259	0.00582	0.00749	0.00625	0.00836	0.00538	0.00495	0.07819	0.03205	0.47538	0.07882	0.16887	0.03320	0.00633	0.00400	0.00123	0.00288	0.00537	0.05747	0.00536
57	0.00752	0.00718	0.00982	0.00857	0.00869	0.00964	0.00695	0.00829	0.00616	0.00921	0.03585	0.03343	0.06494	0.10791	0.01226	0.00185	0.65171	0.00419	0.00199	0.00382
58	0.01384	0.01718	0.01058	0.00961	0.01156	0.77977	0.00727	0.04964	0.01096	0.00999	0.00660	0.00846	0.00567	0.00421	0.00351	0.00102	0.00658	0.03700	0.00210	0.00445
59	0.01417	0.01808	0.01075	0.00977	0.01172	0.85149	0.00733	0.01514	0.01075	0.00928	0.00586	0.00684	0.00489	0.00391	0.00342	0.00098	0.00684	0.00244	0.00195	0.00440
60	0.00830	0.00830	0.01162	0.00996	0.00996	0.01162	0.00830	0.00913	0.00581	0.00913	0.00498	0.00830	0.00498	0.00664	0.01245	0.00166	0.85977	0.00332	0.00166	0.00415
61	0.00634	0.00445	0.00535	0.00585	0.00614	0.00414	0.00379	0.00647	0.00756	0.01020	0.01883	0.53318	0.02194	0.30525	0.01034	0.00251	0.00322	0.03741	0.00351	0.00352
62	0.00567	0.00374	0.00431	0.00430	0.00441	0.00375	0.00253	0.00584	0.00577	0.01671	0.02418	0.02431	0.01389	0.77483	0.05892	0.00365	0.00392	0.01713	0.01969	0.00246
63	0.00521	0.00379	0.00430	0.00430	0.00487	0.00355	0.00288	0.00588	0.00748	0.00972	0.15774	0.02981	0.26617	0.42398	0.01169	0.00245	0.00283	0.04745	0.00304	0.00284
64	0.00817	0.01672	0.60532	0.01145	0.01637	0.00908	0.16227	0.03287	0.07791	0.01265	0.00775	0.00896	0.00559	0.00368	0.00379	0.00122	0.00550	0.00325	0.00190	0.00557
65	0.01203	0.01338	0.01588	0.01231	0.01523	0.37292	0.37740	0.05434	0.01030	0.06850	0.00746	0.00889	0.00566	0.00367	0.00394	0.00113	0.00626	0.00350	0.00222	0.00496
66	0.00462	0.00359	0.00416	0.00456	0.00529	0.00318	0.00319	0.00544	0.00798	0.01009	0.06260	0.42066	0.39887	0.04122	0.00518	0.00148	0.00211	0.00916	0.00350	0.00313
67	0.01814	0.02415	0.00830	0.00796	0.07081	0.04723	0.04967	0.05383	0.13035	0.11321	0.04818	0.26248	0.11367	0.00733	0.00419	0.00129	0.00317	0.01476	0.01670	0.00458
68	0.00936	0.23305	0.04784	0.00696	0.01001	0.06991	0.02237	0.08326	0.02580	0.01208	0.00729	0.03985	0.00634	0.00426	0.02358	0.00095	0.01635	0.00280	0.00223	0.37570
69	0.05284	0.03659	0.03137	0.01157	0.21463	0.05529	0.01734	0.22451	0.05173	0.09949	0.02743	0.05292	0.00858	0.00475	0.00395	0.00116	0.02573	0.03151	0.00296	0.04566
70	0.09927	0.07059	0.20004	0.00887	0.04076	0.06118	0.02947	0.20544	0.08237	0.06564	0.00891	0.01878	0.01647	0.01571	0.00368	0.00115	0.00430	0.00320	0.00271	0.06147
71	0.03281	0.02178	0.18319	0.00914	0.01216	0.10779	0.09304	0.07390	0.17538	0.11613	0.05313	0.02279	0.02113	0.00463	0.00415	0.00120	0.04021	0.00378	0.00289	0.02078

[dist]
# distance from previous block
# <min> <max>
0	19

[block]
# block no. 2 follows, 72 sequences, length 13
# corresponding to MSA columns:
# 145-157
name=unknown_C
#
# <colnr> <probs for GDERKNQSTAVLIFYWHMCP>
#	G	D	E	R	K	N	Q	S	T	A	V	L	I	F	Y	W	H	M	C	P
0	0.06236	0.02572	0.02421	0.03925	0.01072	0.08388	0.05039	0.12862	0.30854	0.04562	0.10966	0.01373	0.03596	0.00497	0.00377	0.00118	0.00366	0.00409	0.00332	0.04039
1	0.09993	0.03079	0.07843	0.07729	0.16110	0.00754	0.05555	0.05312	0.01842	0.17985	0.08491	0.06500	0.04133	0.00500	0.00399	0.00121	0.02425	0.00426	0.00293	0.00512
2	0.00802	0.00729	0.06607	0.00598	0.00902	0.00538	0.00511	0.05581	0.00862	0.04931	0.01176	0.07053	0.10055	0.00443	0.00329	0.00081	0.00296	0.00365	0.00263	0.57877
3	0.01262	0.01169	0.10673	0.03610	0.08225	0.06654	0.00834	0.53934	0.03451	0.01955	0.00846	0.00896	0.00617	0.00423	0.00371	0.00112	0.00449	0.00325	0.00314	0.03881
4	0.00912	0.02931	0.01081	0.33596	0.06025	0.10427	0.02695	0.11207	0.03929	0.01231	0.01989	0.03126	0.01789	0.00462	0.02239	0.00119	0.00463	0.00342	0.00228	0.15208
5	0.04748	0.01580	0.05094	0.04155	0.04613	0.03020	0.08545	0.03534	0.04754	0.05721	0.04181	0.25300	0.07039	0.09472	0.03814	0.00175	0.01736	0.01819	0.00290	0.00410
6	0.00495	0.00351	0.00441	0.00484	0.00517	0.00331	0.00319	0.00563	0.00743	0.00997	0.14349	0.48443	0.06823	0.22359	0.00836	0.00200	0.00249	0.00873	0.00332	0.00297
7	0.00692	0.00807	0.13409	0.07441	0.03190	0.05173	0.08578	0.03919	0.00851	0.01128	0.04503	0.34152	0.01630	0.00791	0.00444	0.00140	0.00388	0.12070	0.00284	0.00409
8	0.02223	0.04598	0.16130	0.12169	0.11521	0.05675	0.14185	0.15286	0.06286	0.03116	0.00811	0.00963	0.00615	0.00493	0.04152	0.00140	0.00524	0.00343	0.00233	0.00536
9	0.00823	0.00737	0.01143	0.40217	0.17498	0.00838	0.03421	0.10113	0.02044	0.01230	0.05451	0.03917	0.04500	0.00468	0.00432	0.00124	0.04654	0.00405	0.01512	0.00473
10	0.00469	0.00364	0.00423	0.00452	0.00530	0.00322	0.00320	0.00562	0.00829	0.01060	0.13971	0.34706	0.39453	0.04117	0.00515	0.00145	0.00207	0.00881	0.00357	0.00317
11	0.00849	0.01136	0.28970	0.03375	0.11530	0.04355	0.07457	0.01146	0.04149	0.08622	0.06237	0.04678	0.06219	0.04311	0.00466	0.00135	0.00446	0.05167	0.00253	0.00498
12	0.04454	0.16838	0.28763	0.06334	0.12284	0.03229	0.02101	0.07274	0.04983	0.03882	0.00737	0.00872	0.00574	0.01409	0.01297	0.00122	0.03809	0.00297	0.00208	0.00533

[dist]
# distance from previous block
# <min> <max>
5	8

[block]
# block no. 3 follows, 72 sequences, length 11
# corresponding to MSA columns:
# 169-179
name=unknown_D
#
# <colnr> <probs for GDERKNQSTAVLIFYWHMCP>
#	G	D	E	R	K	N	Q	S	T	A	V	L	I	F	Y	W	H	M	C	P
0	0.07006	0.08644	0.28570	0.04651	0.01424	0.10142	0.07914	0.09177	0.05336	0.08663	0.03928	0.01071	0.00777	0.00459	0.00395	0.00131	0.00514	0.00349	0.00273	0.00576
1	0.00546	0.00362	0.00458	0.00494	0.00534	0.00340	0.00328	0.00612	0.00742	0.04578	0.11077	0.49157	0.05461	0.22513	0.00836	0.00201	0.00256	0.00862	0.00334	0.00309
2	0.04503	0.00780	0.01277	0.25459	0.49760	0.00827	0.01018	0.01052	0.00831	0.01176	0.03318	0.01186	0.06385	0.00405	0.00378	0.00118	0.00434	0.00374	0.00202	0.00516
3	0.01061	0.13240	0.20905	0.02072	0.09884	0.15618	0.06880	0.05101	0.06866	0.09169	0.00843	0.02321	0.00665	0.03265	0.00408	0.00119	0.00494	0.00327	0.00233	0.00528
4	0.00933	0.08497	0.29231	0.03381	0.18026	0.05768	0.09172	0.02960	0.00880	0.07313	0.04257	0.04244	0.00760	0.00417	0.00393	0.00117	0.02543	0.00359	0.00217	0.00533
5	0.00539	0.00390	0.00474	0.00506	0.00566	0.00373	0.00374	0.00629	0.00761	0.00984	0.07232	0.09892	0.19519	0.30638	0.00986	0.00226	0.00301	0.24997	0.00313	0.00299
6	0.00621	0.00548	0.04394	0.00660	0.06487	0.04097	0.00467	0.00757	0.00892	0.04215	0.28025	0.26493	0.15527	0.04453	0.00504	0.00140	0.00264	0.00738	0.00345	0.00372
7	0.00883	0.04463	0.14012	0.11459	0.07103	0.00781	0.08232	0.06124	0.08695	0.09749	0.04115	0.12757	0.01052	0.02600	0.04214	0.00153	0.02375	0.00468	0.00271	0.00494
8	0.00872	0.02014	0.15222	0.16884	0.02828	0.00683	0.05903	0.02521	0.04444	0.15355	0.07392	0.12056	0.03559	0.00638	0.02433	0.00140	0.01364	0.04925	0.00290	0.00477
9	0.03779	0.04042	0.00889	0.00684	0.00937	0.00686	0.00564	0.15167	0.04157	0.47560	0.02940	0.05349	0.03393	0.00551	0.00387	0.00121	0.00329	0.05996	0.01892	0.00576
10	0.00972	0.24256	0.29676	0.00942	0.06037	0.08974	0.00923	0.06652	0.06064	0.04236	0.00837	0.05663	0.00707	0.00432	0.00342	0.00110	0.00467	0.01966	0.00220	0.00525

[dist]
# distance from previous block
# <min> <max>
0	1

[block]
# block no. 4 follows, 72 sequences, length 16
# corresponding to MSA columns:
# 181-196
name=unknown_E
#
# <colnr> <probs for GDERKNQSTAVLIFYWHMCP>
#	G	D	E	R	K	N	Q	S	T	A	V	L	I	F	Y	W	H	M	C	P
0	0.04359	0.13642	0.11411	0.06098	0.14568	0.08955	0.02567	0.16907	0.08766	0.03764	0.02442	0.02016	0.02049	0.00418	0.00353	0.00112	0.00445	0.00333	0.00254	0.00541
1	0.00720	0.00508	0.00592	0.00563	0.00687	0.02116	0.00434	0.07888	0.03986	0.07712	0.22255	0.18515	0.19505	0.00839	0.00456	0.00132	0.01749	0.08268	0.02677	0.00398
2	0.00678	0.00572	0.01707	0.00600	0.00716	0.04056	0.02173	0.09616	0.04829	0.01196	0.09664	0.19581	0.19660	0.10584	0.06692	0.00194	0.02120	0.04663	0.00322	0.00376
3	0.89350	0.00733	0.00557	0.00499	0.00733	0.00851	0.00411	0.01115	0.00645	0.01702	0.00528	0.00616	0.00411	0.00352	0.00235	0.00117	0.00293	0.00205	0.00235	0.00411
4	0.00994	0.01216	0.05228	0.01454	0.01807	0.17781	0.63316	0.01274	0.00927	0.01157	0.00728	0.00947	0.00554	0.00335	0.00423	0.00122	0.00645	0.00400	0.00191	0.00499
5	0.89350	0.00733	0.00557	0.00499	0.00733	0.00851	0.00411	0.01115	0.00645	0.01702	0.00528	0.00616	0.00411	0.00352	0.00235	0.00117	0.00293	0.00205	0.00235	0.00411
6	0.00637	0.00339	0.00487	0.00487	0.00490	0.00342	0.00320	0.00511	0.00508	0.00681	0.00759	0.01376	0.00785	0.14737	0.05389	0.71059	0.00367	0.00368	0.00177	0.00183
7	0.00507	0.00365	0.00444	0.00462	0.00530	0.00335	0.00326	0.00619	0.00861	0.01174	0.29974	0.29716	0.18785	0.07984	0.00570	0.00151	0.00210	0.00803	0.05862	0.00324
8	0.00568	0.00392	0.00475	0.00467	0.00475	0.00415	0.00291	0.00580	0.00557	0.00757	0.01118	0.02229	0.01255	0.69019	0.11650	0.04386	0.04382	0.00514	0.00221	0.00248
9	0.00466	0.00343	0.00439	0.00510	0.00552	0.00315	0.00350	0.00543	0.00761	0.00997	0.04695	0.69396	0.14672	0.01139	0.00479	0.00150	0.00218	0.03309	0.00354	0.00312
10	0.00546	0.00395	0.00488	0.00462	0.00567	0.00357	0.00349	0.00701	0.01002	0.03716	0.57493	0.02962	0.24963	0.00886	0.03311	0.00138	0.00215	0.00698	0.00394	0.00355
11	0.00761	0.01962	0.84707	0.01081	0.01641	0.00881	0.01401	0.01201	0.00801	0.01201	0.00681	0.00801	0.00480	0.00360	0.00360	0.00120	0.00560	0.00280	0.00160	0.00560
12	0.04088	0.26674	0.03027	0.06185	0.02180	0.33084	0.02396	0.03543	0.05591	0.01042	0.00761	0.07124	0.00688	0.00469	0.01534	0.00110	0.00512	0.00320	0.00212	0.00461
13	0.06672	0.03472	0.10287	0.02796	0.08294	0.04676	0.05041	0.21775	0.01081	0.11210	0.00877	0.01037	0.00677	0.02285	0.02814	0.00127	0.00436	0.02507	0.00279	0.13656
14	0.01102	0.32599	0.11651	0.00833	0.01127	0.21324	0.02759	0.07626	0.07881	0.03533	0.00731	0.00832	0.00598	0.02466	0.01505	0.00114	0.02324	0.00277	0.00217	0.00502
15	0.10505	0.00883	0.01433	0.02130	0.75263	0.00896	0.01082	0.01159	0.00840	0.01289	0.00693	0.00904	0.00580	0.00339	0.00360	0.00113	0.00434	0.00324	0.00193	0.00580

[dist]
# distance from previous block
# <min> <max>
0	6

[block]
# block no. 5 follows, 72 sequences, length 17
# corresponding to MSA columns:
# 203-219
name=unknown_F
#
# <colnr> <probs for GDERKNQSTAVLIFYWHMCP>
#	G	D	E	R	K	N	Q	S	T	A	V	L	I	F	Y	W	H	M	C	P
0	0.01022	0.08093	0.21691	0.09819	0.07431	0.10674	0.12851	0.18258	0.02298	0.01376	0.00798	0.00927	0.02277	0.00390	0.00371	0.00115	0.00519	0.00330	0.00225	0.00535
1	0.00488	0.00360	0.00454	0.00510	0.00560	0.00337	0.00356	0.00588	0.02148	0.01027	0.08825	0.55197	0.15240	0.05702	0.01670	0.00165	0.00239	0.05467	0.00349	0.00317
2	0.00866	0.06113	0.12302	0.04987	0.14002	0.04326	0.06574	0.03060	0.04477	0.04764	0.07386	0.01160	0.00882	0.02115	0.11080	0.00189	0.14640	0.00370	0.00225	0.00482
3	0.00533	0.00429	0.00475	0.00461	0.00582	0.00385	0.00337	0.02118	0.04494	0.01093	0.08827	0.16750	0.45109	0.07368	0.02208	0.00153	0.00241	0.00741	0.00337	0.07358
4	0.00561	0.00440	0.00610	0.00615	0.01949	0.00418	0.05142	0.04333	0.00868	0.01150	0.13888	0.40012	0.17414	0.01033	0.03144	0.00156	0.00281	0.07287	0.00346	0.00353
5	0.00966	0.00762	0.00872	0.04665	0.06887	0.07509	0.03229	0.09753	0.19936	0.10146	0.02433	0.04190	0.03559	0.20557	0.02713	0.00189	0.00401	0.00453	0.00306	0.00473
6	0.00849	0.00596	0.00659	0.00588	0.00731	0.00643	0.00457	0.20177	0.10625	0.01567	0.08868	0.12585	0.06568	0.00623	0.00406	0.00116	0.04103	0.00511	0.28882	0.00445
7	0.03201	0.01274	0.01240	0.01035	0.01229	0.41555	0.18114	0.01231	0.00900	0.01003	0.00769	0.00967	0.03220	0.00733	0.11072	0.00178	0.11312	0.00335	0.00198	0.00435
8	0.01434	0.01722	0.01065	0.00957	0.01161	0.78126	0.00722	0.03631	0.01094	0.05774	0.00647	0.00725	0.00518	0.00397	0.00345	0.00099	0.00656	0.00255	0.00216	0.00457
9	0.01275	0.29024	0.04701	0.00810	0.01093	0.19997	0.04314	0.05985	0.00975	0.22646	0.00840	0.00871	0.00628	0.00453	0.02321	0.00114	0.02876	0.00288	0.00264	0.00525
10	0.89350	0.00733	0.00557	0.00499	0.00733	0.00851	0.00411	0.01115	0.00645	0.01702	0.00528	0.00616	0.00411	0.00352	0.00235	0.00117	0.00293	0.00205	0.00235	0.00411
11	0.01017	0.00887	0.00892	0.00786	0.01006	0.05793	0.00614	0.11574	0.66483	0.01642	0.04080	0.01359	0.01136	0.00509	0.00385	0.00125	0.00332	0.00416	0.00375	0.00589
12	0.00756	0.00639	0.00752	0.00551	0.00858	0.00487	0.00438	0.00926	0.00822	0.01271	0.10907	0.01037	0.00932	0.00342	0.00301	0.00064	0.00268	0.00281	0.00248	0.78119
13	0.00530	0.00395	0.00557	0.00563	0.00624	0.00438	0.00422	0.00641	0.00631	0.00880	0.01334	0.07569	0.07698	0.12632	0.62705	0.00511	0.00819	0.00501	0.00228	0.00322
14	0.00738	0.04290	0.00753	0.00644	0.00756	0.02567	0.02267	0.07864	0.02590	0.05332	0.01217	0.08083	0.04721	0.12635	0.40136	0.00382	0.03912	0.00473	0.00254	0.00385
15	0.00666	0.08515	0.04382	0.00659	0.05236	0.00606	0.00474	0.04346	0.00686	0.00928	0.01134	0.08681	0.02964	0.37783	0.16201	0.01557	0.04112	0.00497	0.00229	0.00341
16	0.28194	0.00848	0.00895	0.00741	0.03607	0.06073	0.04240	0.14504	0.02681	0.13253	0.00801	0.00847	0.00591	0.00373	0.00313	0.00102	0.00360	0.00279	0.00286	0.21013

[dist]
# distance from previous block
# <min> <max>
0	3

[block]
# block no. 6 follows, 72 sequences, length 10
# corresponding to MSA columns:
# 223-232
name=unknown_G
#
# <colnr> <probs for GDERKNQSTAVLIFYWHMCP>
#	G	D	E	R	K	N	Q	S	T	A	V	L	I	F	Y	W	H	M	C	P
0	0.07319	0.00721	0.01159	0.52886	0.21930	0.00830	0.00996	0.01048	0.00791	0.03895	0.00759	0.01118	0.00610	0.00400	0.00374	0.00124	0.00464	0.03911	0.00196	0.00468
1	0.03063	0.01313	0.01028	0.07146	0.01185	0.48911	0.05055	0.05034	0.00961	0.03269	0.00732	0.01011	0.00642	0.10613	0.05262	0.00165	0.03654	0.00317	0.00213	0.00426
2	0.00859	0.00952	0.02005	0.01467	0.01793	0.00923	0.69395	0.01145	0.00865	0.01179	0.00862	0.04165	0.00726	0.00416	0.00512	0.00134	0.06950	0.04960	0.00204	0.00488
3	0.04093	0.06626	0.04089	0.00849	0.01096	0.08079	0.06482	0.34488	0.05020	0.05055	0.02373	0.09054	0.03892	0.00540	0.00432	0.00121	0.05360	0.01510	0.00312	0.00530
4	0.00560	0.00441	0.00612	0.00595	0.00650	0.00451	0.05141	0.01825	0.00732	0.00986	0.07439	0.38097	0.08243	0.21267	0.03051	0.00211	0.07123	0.01954	0.00300	0.00320
5	0.01014	0.76134	0.08394	0.00699	0.01035	0.05524	0.00712	0.01159	0.00788	0.00918	0.00542	0.00627	0.00486	0.00330	0.00257	0.00085	0.00431	0.00211	0.00164	0.00490
6	0.00483	0.00342	0.00448	0.00525	0.00549	0.00324	0.00354	0.00548	0.00715	0.00951	0.01976	0.70774	0.02349	0.11588	0.00663	0.00181	0.00247	0.06345	0.00337	0.00301
7	0.01411	0.01661	0.01067	0.00950	0.01160	0.71030	0.00721	0.09793	0.04070	0.03709	0.00681	0.00752	0.00542	0.00404	0.00349	0.00101	0.00632	0.00265	0.00229	0.00473
8	0.47407	0.00781	0.00716	0.00612	0.00827	0.03184	0.00493	0.15916	0.04850	0.05717	0.03158	0.01014	0.02939	0.05417	0.00433	0.00133	0.04095	0.00307	0.01542	0.00459
9	0.15510	0.00719	0.00824	0.00639	0.00923	0.02265	0.03433	0.04823	0.06494	0.16867	0.06686	0.01049	0.00860	0.00389	0.00322	0.00093	0.00311	0.00310	0.00301	0.37180

[dist]
# distance from previous block
# <min> <max>
0	1

[block]
# block no. 7 follows, 72 sequences, length 16
# corresponding to MSA columns:
# 234-249
name=unknown_H
#
# <colnr> <probs for GDERKNQSTAVLIFYWHMCP>
#	G	D	E	R	K	N	Q	S	T	A	V	L	I	F	Y	W	H	M	C	P
0	0.00542	0.00391	0.00462	0.00472	0.00566	0.00353	0.00345	0.00660	0.02208	0.04707	0.15791	0.24518	0.36302	0.05674	0.02134	0.00157	0.00235	0.03787	0.00359	0.00338
1	0.09311	0.22342	0.05871	0.02880	0.07991	0.08675	0.02783	0.22434	0.11587	0.01501	0.00794	0.00854	0.00618	0.00395	0.00330	0.00107	0.00430	0.00296	0.00259	0.00543
2	0.00740	0.00962	0.25004	0.00793	0.02365	0.00641	0.04102	0.06349	0.06168	0.04295	0.04877	0.20662	0.09232	0.01822	0.05048	0.00155	0.00405	0.00560	0.00281	0.05538
3	0.09269	0.13136	0.29263	0.00987	0.06601	0.08294	0.05372	0.04992	0.03324	0.06849	0.00808	0.05594	0.00660	0.00425	0.00371	0.00115	0.02868	0.00332	0.00222	0.00518
4	0.00986	0.22418	0.28441	0.00898	0.01269	0.05488	0.06866	0.15044	0.02519	0.03340	0.06470	0.01014	0.02817	0.00415	0.00349	0.00109	0.00465	0.00327	0.00236	0.00530
5	0.00625	0.00472	0.03655	0.00599	0.03227	0.00447	0.00431	0.00722	0.00669	0.05638	0.04037	0.08356	0.03387	0.33183	0.29976	0.00383	0.00574	0.03037	0.00253	0.00330
6	0.02365	0.05951	0.27132	0.06859	0.10274	0.06971	0.06453	0.08139	0.07146	0.08653	0.00910	0.05877	0.00724	0.00434	0.00372	0.00118	0.00474	0.00365	0.00243	0.00540
7	0.00977	0.07037	0.06301	0.01123	0.10096	0.04169	0.21146	0.04272	0.05090	0.12306	0.02078	0.06327	0.00854	0.03951	0.06622	0.00167	0.06306	0.00422	0.00255	0.00502
8	0.00555	0.00386	0.00540	0.00565	0.00619	0.00374	0.02943	0.00647	0.02630	0.03651	0.04981	0.54961	0.04571	0.05592	0.08874	0.06285	0.00328	0.00854	0.00321	0.00323
9	0.00895	0.06970	0.19295	0.05069	0.08166	0.11058	0.12831	0.02495	0.05569	0.02880	0.03519	0.02983	0.03106	0.00570	0.03931	0.00142	0.04817	0.04990	0.00225	0.00489
10	0.03393	0.14286	0.08549	0.03496	0.07124	0.19591	0.06202	0.07830	0.07643	0.12097	0.00971	0.02874	0.03456	0.00430	0.00355	0.00110	0.00470	0.00340	0.00261	0.00522
11	0.00638	0.00517	0.00631	0.05916	0.00821	0.04489	0.02922	0.00822	0.05880	0.04283	0.09552	0.27033	0.20079	0.00963	0.03621	0.00157	0.00317	0.10653	0.00335	0.00371
12	0.00889	0.02888	0.06441	0.13005	0.48360	0.02867	0.06576	0.03835	0.00886	0.01221	0.03465	0.02941	0.00777	0.00410	0.00387	0.00119	0.00463	0.03726	0.00207	0.00539
13	0.00947	0.07937	0.22033	0.05134	0.13787	0.02184	0.12248	0.03862	0.03428	0.10466	0.02135	0.01106	0.04693	0.00481	0.02370	0.00131	0.05932	0.00363	0.00232	0.00530
14	0.04683	0.12538	0.00982	0.13029	0.08063	0.05620	0.00632	0.04550	0.00862	0.10978	0.02629	0.18962	0.06363	0.04365	0.00463	0.00133	0.01614	0.02813	0.00280	0.00441
15	0.03761	0.00510	0.00587	0.00539	0.00682	0.02817	0.00409	0.00983	0.06667	0.15169	0.29292	0.15672	0.15610	0.00756	0.00420	0.00123	0.00241	0.00649	0.01861	0.03253

[dist]
# distance from previous block
# <min> <max>
0	22

[block]
# block no. 8 follows, 72 sequences, length 26
# corresponding to MSA columns:
# 272-297
name=unknown_I
#
# <colnr> <probs for GDERKNQSTAVLIFYWHMCP>
#	G	D	E	R	K	N	Q	S	T	A	V	L	I	F	Y	W	H	M	C	P
0	0.13035	0.06917	0.01197	0.03490	0.28566	0.12375	0.06393	0.03215	0.00881	0.03845	0.03029	0.04120	0.08841	0.00460	0.00377	0.00115	0.02036	0.00385	0.00234	0.00490
1	0.04649	0.06959	0.33125	0.00801	0.02292	0.02021	0.03636	0.01018	0.02157	0.03913	0.14721	0.06784	0.11818	0.00554	0.00381	0.00118	0.00389	0.00462	0.00260	0.03943
2	0.07863	0.04541	0.10909	0.13937	0.30289	0.00843	0.09638	0.01082	0.02101	0.01187	0.00809	0.07074	0.00714	0.02609	0.00408	0.00123	0.00448	0.00381	0.00203	0.04841
3	0.01036	0.59887	0.08202	0.00717	0.01038	0.04109	0.02263	0.07660	0.00867	0.03938	0.00646	0.00777	0.00562	0.04575	0.00359	0.00103	0.00425	0.00250	0.00196	0.02392
4	0.00704	0.03561	0.04002	0.00627	0.00698	0.04684	0.03178	0.02332	0.00624	0.00829	0.00851	0.02584	0.00869	0.23120	0.12667	0.30192	0.07594	0.00400	0.00196	0.00289
5	0.01004	0.00930	0.00863	0.00759	0.00964	0.14915	0.00588	0.11320	0.40932	0.01472	0.06239	0.01412	0.02759	0.03966	0.03243	0.00143	0.00395	0.01674	0.00332	0.06091
6	0.00536	0.00400	0.00538	0.04027	0.03955	0.00385	0.00445	0.00654	0.00814	0.01091	0.11128	0.41140	0.12091	0.02359	0.00488	0.00149	0.00256	0.15193	0.04012	0.00339
7	0.00790	0.00650	0.00758	0.00551	0.00870	0.00493	0.00440	0.00952	0.00803	0.04010	0.00954	0.01031	0.07221	0.00341	0.00298	0.00064	0.00275	0.00276	0.00243	0.78980
8	0.00463	0.00344	0.00432	0.00495	0.00543	0.00313	0.00339	0.00541	0.00773	0.01008	0.06634	0.64719	0.19775	0.01119	0.00475	0.00147	0.00212	0.01000	0.00355	0.00313
9	0.00560	0.00376	0.00460	0.00489	0.00572	0.00334	0.00347	0.00648	0.00819	0.07663	0.06835	0.47803	0.29624	0.01034	0.00462	0.00141	0.00217	0.00910	0.00365	0.00341
10	0.10038	0.00587	0.00700	0.00572	0.00791	0.00561	0.00462	0.07050	0.01013	0.42615	0.07444	0.01345	0.01071	0.00472	0.00341	0.00110	0.00277	0.00376	0.23651	0.00524
11	0.00500	0.00380	0.00440	0.00435	0.00531	0.00338	0.00319	0.00627	0.00923	0.01227	0.37012	0.09601	0.37171	0.05083	0.00517	0.00137	0.00197	0.00746	0.03486	0.00332
12	0.01423	0.01626	0.01090	0.00952	0.01173	0.64657	0.00730	0.21409	0.01248	0.01285	0.00665	0.00739	0.00527	0.00407	0.00351	0.00102	0.00619	0.00268	0.00240	0.00490
13	0.00555	0.00389	0.00497	0.00528	0.00585	0.00381	0.00375	0.04648	0.00836	0.01156	0.17734	0.47702	0.02356	0.06636	0.05655	0.00183	0.00281	0.03641	0.05526	0.00335
14	0.02777	0.00340	0.00492	0.00491	0.00499	0.00342	0.00330	0.00518	0.00505	0.00702	0.00670	0.01146	0.00660	0.01273	0.01423	0.84697	0.00325	0.00327	0.02308	0.00175
15	0.00966	0.63721	0.09619	0.00829	0.01167	0.01357	0.11378	0.01141	0.00780	0.00964	0.00571	0.00691	0.00498	0.00344	0.00330	0.00095	0.04643	0.00248	0.00166	0.00493
16	0.00740	0.00683	0.00983	0.00846	0.00947	0.04382	0.09902	0.00923	0.04189	0.02283	0.10794	0.01357	0.01073	0.01411	0.31519	0.00312	0.26608	0.00415	0.00228	0.00403
17	0.01523	0.00665	0.00865	0.00687	0.00953	0.00613	0.00568	0.11738	0.01146	0.63153	0.03708	0.01527	0.01074	0.00521	0.00391	0.00121	0.00328	0.06848	0.02964	0.00606
18	0.00554	0.00407	0.00581	0.00577	0.00628	0.00466	0.00431	0.00653	0.00594	0.00847	0.01028	0.01658	0.01013	0.19115	0.64535	0.03070	0.02892	0.00431	0.00206	0.00314
19	0.00515	0.00382	0.00458	0.00492	0.00569	0.00352	0.00349	0.00645	0.04247	0.03047	0.09534	0.44944	0.29377	0.01064	0.02055	0.00149	0.00228	0.00897	0.00359	0.00337
20	0.01663	0.03807	0.13700	0.02547	0.13759	0.08636	0.06261	0.05118	0.04982	0.03709	0.03010	0.05207	0.02095	0.00562	0.02733	0.00140	0.19343	0.00380	0.00225	0.02126
21	0.01025	0.84648	0.01963	0.00658	0.00979	0.03714	0.00651	0.01146	0.00779	0.00893	0.00529	0.00610	0.00487	0.00326	0.00246	0.00082	0.00413	0.00204	0.00163	0.00485
22	0.00543	0.00402	0.00586	0.00586	0.00645	0.00461	0.00445	0.00662	0.00603	0.00863	0.01037	0.01609	0.01000	0.12938	0.75146	0.00580	0.00938	0.00424	0.00206	0.00326
23	0.85703	0.00747	0.00582	0.00514	0.00752	0.00864	0.00424	0.04514	0.00693	0.01730	0.00544	0.00628	0.00420	0.00356	0.00241	0.00117	0.00299	0.00211	0.00241	0.00420
24	0.00551	0.00411	0.00495	0.00470	0.00581	0.00371	0.00353	0.01788	0.01969	0.02616	0.47312	0.08399	0.26217	0.02166	0.00466	0.00126	0.00201	0.01703	0.00384	0.03420
25	0.12383	0.03470	0.01019	0.01009	0.13556	0.21452	0.02255	0.04364	0.20086	0.09856	0.00999	0.04355	0.00794	0.00446	0.00352	0.00114	0.00426	0.00352	0.02192	0.00521

[dist]
# distance from previous block
# <min> <max>
0	2

[block]
# block no. 9 follows, 72 sequences, length 24
# corresponding to MSA columns:
# 300-323
name=unknown_J
#
# <colnr> <probs for GDERKNQSTAVLIFYWHMCP>
#	G	D	E	R	K	N	Q	S	T	A	V	L	I	F	Y	W	H	M	C	P
0	0.67068	0.00815	0.00728	0.00690	0.05995	0.06550	0.02591	0.01219	0.00738	0.09728	0.00644	0.00717	0.00484	0.00364	0.00270	0.00116	0.00341	0.00240	0.00251	0.00450
1	0.00805	0.00765	0.01298	0.52530	0.35150	0.00866	0.01097	0.01047	0.00800	0.01077	0.00690	0.00982	0.00543	0.00363	0.00378	0.00121	0.00484	0.00337	0.00176	0.00493
2	0.02826	0.02575	0.18168	0.05591	0.08756	0.02566	0.00852	0.23838	0.03397	0.21537	0.03481	0.01057	0.00769	0.00484	0.02292	0.00127	0.00438	0.00345	0.00315	0.00584
3	0.00926	0.24584	0.32079	0.02153	0.10331	0.02959	0.14890	0.01223	0.01978	0.04472	0.00700	0.00829	0.00539	0.00349	0.00346	0.00110	0.00509	0.00300	0.00185	0.00536
4	0.00543	0.00403	0.00593	0.00593	0.00656	0.00465	0.00454	0.00667	0.00605	0.00869	0.01031	0.01571	0.00983	0.09708	0.78353	0.00590	0.00963	0.00418	0.00205	0.00330
5	0.00490	0.00360	0.00447	0.00477	0.00535	0.00330	0.00331	0.00587	0.00832	0.01113	0.25701	0.40027	0.16835	0.09407	0.00609	0.00161	0.00218	0.00867	0.00359	0.00317
6	0.03176	0.02987	0.26593	0.11062	0.17509	0.09725	0.06322	0.06073	0.02793	0.03471	0.03117	0.01037	0.03667	0.00403	0.00371	0.00117	0.00497	0.00341	0.00215	0.00525
7	0.01251	0.05036	0.01277	0.02673	0.20244	0.43275	0.05129	0.06298	0.01026	0.06393	0.00698	0.00819	0.00557	0.00390	0.00386	0.00107	0.03424	0.00294	0.00219	0.00507
8	0.00623	0.00383	0.00485	0.00472	0.00547	0.00364	0.00341	0.00739	0.00873	0.05333	0.38533	0.11121	0.03482	0.10828	0.02593	0.07085	0.00245	0.01736	0.13881	0.00335
9	0.00566	0.00336	0.00470	0.00510	0.00522	0.00327	0.00342	0.00523	0.00609	0.00812	0.01349	0.37153	0.01544	0.07629	0.01062	0.41855	0.00287	0.03612	0.00255	0.00236
10	0.01022	0.49315	0.12081	0.03528	0.12740	0.13550	0.00839	0.01198	0.00831	0.00987	0.00585	0.00701	0.00503	0.00342	0.00295	0.00094	0.00475	0.00241	0.00171	0.00503
11	0.01210	0.01130	0.00885	0.00802	0.02646	0.37876	0.00606	0.07503	0.01015	0.12100	0.00927	0.04039	0.00744	0.00464	0.00403	0.00107	0.06565	0.00332	0.20188	0.00460
12	0.00471	0.00368	0.00429	0.00475	0.00547	0.00333	0.00333	0.00580	0.03323	0.01011	0.02814	0.48847	0.36963	0.01071	0.00466	0.00142	0.00211	0.00941	0.00353	0.00322
13	0.01345	0.17015	0.01238	0.00918	0.01137	0.70200	0.00718	0.01447	0.01020	0.00922	0.00576	0.00670	0.00488	0.00379	0.00324	0.00095	0.00634	0.00237	0.00189	0.00448
14	0.00659	0.00329	0.00494	0.00494	0.00494	0.00329	0.00329	0.00494	0.00494	0.00659	0.00659	0.01153	0.00659	0.01318	0.01482	0.88966	0.00329	0.00329	0.00165	0.00165
15	0.02274	0.30705	0.11875	0.00825	0.01136	0.19688	0.00765	0.18837	0.05856	0.02432	0.00759	0.00811	0.01707	0.00394	0.00322	0.00101	0.00477	0.00275	0.00236	0.00525
16	0.00607	0.00421	0.00554	0.00545	0.03093	0.00391	0.00392	0.00793	0.02519	0.05641	0.68809	0.05718	0.07525	0.00767	0.00442	0.00121	0.00199	0.00676	0.00407	0.00380
17	0.00504	0.00386	0.00462	0.00443	0.00547	0.00344	0.00332	0.00652	0.00996	0.01338	0.54473	0.03135	0.33326	0.00844	0.00448	0.00123	0.00184	0.00728	0.00393	0.00344
18	0.03801	0.04745	0.01074	0.00931	0.01132	0.72692	0.00707	0.05530	0.01075	0.01023	0.00651	0.03648	0.00564	0.00418	0.00342	0.00100	0.00634	0.00275	0.00210	0.00446
19	0.04280	0.01131	0.02956	0.03176	0.31662	0.19366	0.08806	0.15455	0.01077	0.07335	0.00773	0.00899	0.00595	0.00379	0.00371	0.00112	0.00503	0.00326	0.00244	0.00557
20	0.00716	0.00674	0.01138	0.85760	0.02612	0.00843	0.01053	0.00969	0.00758	0.00969	0.00674	0.01011	0.00506	0.00379	0.00379	0.00126	0.00506	0.00337	0.00169	0.00421
21	0.00486	0.00350	0.00470	0.00534	0.00574	0.00334	0.00375	0.00578	0.00774	0.01044	0.12767	0.62686	0.04403	0.01246	0.06852	0.00184	0.00281	0.05394	0.00349	0.00319
22	0.00608	0.00526	0.03431	0.00543	0.00598	0.05803	0.00389	0.00678	0.00618	0.00819	0.01099	0.04003	0.01170	0.47263	0.30418	0.00420	0.00614	0.00485	0.00219	0.00294
23	0.00981	0.00928	0.02327	0.01043	0.08947	0.09569	0.16532	0.18525	0.11390	0.01457	0.07501	0.04571	0.05509	0.05966	0.00497	0.00134	0.00434	0.00450	0.00291	0.02951

[dist]
# distance from previous block
# <min> <max>
0	7

# created by:
# /st0/software/busco_prod/Augustus/scripts/msa2prfl.pl ./align_prep/35082.fa
