[name]
unknown

[dist]
# distance from previous block
# <min> <max>
4	292

[block]
# block no. 0 follows, 68 sequences, length 12
# corresponding to MSA columns:
# 310-321
name=unknown_A
#
# <colnr> <probs for GDERKNQSTAVLIFYWHMCP>
#	G	D	E	R	K	N	Q	S	T	A	V	L	I	F	Y	W	H	M	C	P
0	0.00897	0.23700	0.37970	0.00884	0.01292	0.03613	0.02189	0.06968	0.00943	0.01271	0.08445	0.01180	0.06218	0.00453	0.00359	0.00113	0.00470	0.00351	0.00225	0.02457
1	0.10521	0.07284	0.18125	0.00857	0.01172	0.06300	0.03969	0.19551	0.07687	0.04475	0.10036	0.01177	0.01000	0.00616	0.05398	0.00151	0.00476	0.00369	0.00294	0.00542
2	0.11934	0.27725	0.25231	0.00832	0.01215	0.06984	0.00871	0.06175	0.00933	0.13562	0.00776	0.00826	0.00577	0.00389	0.00326	0.00110	0.00465	0.00275	0.00242	0.00552
3	0.01267	0.08205	0.07028	0.00857	0.01162	0.01127	0.00752	0.55107	0.01520	0.02041	0.03633	0.01158	0.06124	0.00507	0.00432	0.00118	0.04652	0.00378	0.00344	0.03587
4	0.04155	0.55027	0.18051	0.00771	0.01155	0.01321	0.00815	0.06469	0.00877	0.01154	0.00620	0.00710	0.00521	0.00353	0.00290	0.00095	0.00443	0.00239	0.00191	0.06743
5	0.00654	0.09676	0.00649	0.00489	0.00647	0.00495	0.00391	0.00769	0.00917	0.07765	0.08555	0.09042	0.52744	0.00900	0.00446	0.00131	0.00245	0.04741	0.00361	0.00384
6	0.10555	0.65298	0.04598	0.00704	0.01036	0.03482	0.00686	0.07731	0.00886	0.01162	0.00591	0.00671	0.00513	0.00356	0.00272	0.00093	0.00425	0.00228	0.00197	0.00515
7	0.00709	0.05612	0.00649	0.00536	0.00672	0.00526	0.00407	0.09505	0.01000	0.05405	0.17291	0.17962	0.29489	0.07745	0.00576	0.00152	0.00264	0.00736	0.00368	0.00396
8	0.01429	0.10025	0.06183	0.00876	0.01198	0.05912	0.00761	0.54217	0.01548	0.10907	0.00948	0.00972	0.00685	0.02035	0.00409	0.00120	0.00448	0.00341	0.00356	0.00632
9	0.01376	0.01027	0.01106	0.00868	0.01157	0.01135	0.00710	0.67316	0.10278	0.02338	0.07664	0.01169	0.00977	0.00509	0.00403	0.00121	0.00403	0.00396	0.00401	0.00645
10	0.16315	0.00906	0.00920	0.00785	0.01038	0.01034	0.00627	0.23186	0.47200	0.01902	0.01255	0.01195	0.00933	0.00492	0.00374	0.00128	0.00345	0.00384	0.00374	0.00606
11	0.01113	0.70700	0.05150	0.00734	0.01075	0.04584	0.00721	0.09938	0.00933	0.01116	0.00603	0.00681	0.00526	0.00358	0.00278	0.00091	0.00442	0.00232	0.00195	0.00528

[dist]
# distance from previous block
# <min> <max>
1	29

[block]
# block no. 1 follows, 68 sequences, length 15
# corresponding to MSA columns:
# 351-365
name=unknown_B
#
# <colnr> <probs for GDERKNQSTAVLIFYWHMCP>
#	G	D	E	R	K	N	Q	S	T	A	V	L	I	F	Y	W	H	M	C	P
0	0.12117	0.10447	0.36042	0.00948	0.02754	0.10451	0.03726	0.01214	0.00876	0.03090	0.03629	0.01310	0.02272	0.00478	0.00372	0.00124	0.00500	0.08917	0.00224	0.00509
1	0.02820	0.09562	0.47428	0.01191	0.01676	0.04135	0.22125	0.01254	0.00866	0.01231	0.00713	0.00869	0.00530	0.00360	0.00382	0.00121	0.00581	0.00325	0.00182	0.03647
2	0.00871	0.15928	0.60651	0.01101	0.01619	0.03387	0.08667	0.01255	0.00849	0.01195	0.00690	0.00821	0.00513	0.00368	0.00364	0.00119	0.00570	0.00294	0.00172	0.00565
3	0.00627	0.00544	0.00554	0.00531	0.00677	0.03262	0.00406	0.00949	0.17434	0.01272	0.15798	0.03133	0.48676	0.00864	0.00455	0.00133	0.00244	0.03655	0.00380	0.00405
4	0.00548	0.00405	0.00511	0.00485	0.00584	0.00368	0.00364	0.00722	0.01091	0.01514	0.71833	0.03086	0.15338	0.00839	0.00468	0.00126	0.00189	0.00734	0.00427	0.00368
5	0.01408	0.16478	0.01288	0.00962	0.01190	0.70147	0.00751	0.01515	0.01069	0.00964	0.00602	0.00701	0.00510	0.00397	0.00340	0.00099	0.00665	0.00248	0.00198	0.00468
6	0.00584	0.00417	0.00501	0.00472	0.00591	0.00369	0.00357	0.00737	0.01042	0.05261	0.50101	0.03203	0.33172	0.00867	0.00465	0.00128	0.00199	0.00747	0.00414	0.00374
7	0.01060	0.86304	0.02078	0.00678	0.01018	0.01569	0.00678	0.01187	0.00806	0.00933	0.00551	0.00636	0.00509	0.00339	0.00254	0.00085	0.00424	0.00212	0.00170	0.00509
8	0.00577	0.00384	0.00432	0.00432	0.00432	0.00384	0.00240	0.00577	0.00577	0.00769	0.01249	0.02595	0.01441	0.86066	0.02018	0.00384	0.00384	0.00577	0.00240	0.00240
9	0.01060	0.86304	0.02078	0.00678	0.01018	0.01569	0.00678	0.01187	0.00806	0.00933	0.00551	0.00636	0.00509	0.00339	0.00254	0.00085	0.00424	0.00212	0.00170	0.00509
10	0.00567	0.00392	0.00464	0.00463	0.00486	0.00396	0.00287	0.00604	0.00637	0.00855	0.06001	0.02550	0.06836	0.64212	0.13297	0.00389	0.00456	0.00580	0.00256	0.00270
11	0.00566	0.00390	0.00449	0.00448	0.00468	0.00388	0.00270	0.00593	0.00629	0.00837	0.04648	0.02630	0.08235	0.69446	0.08105	0.00373	0.00413	0.00592	0.00256	0.00262
12	0.14662	0.43410	0.01514	0.00772	0.01053	0.28066	0.00671	0.03873	0.00921	0.01124	0.00584	0.00673	0.00502	0.00370	0.00291	0.00097	0.00500	0.00231	0.00200	0.00486
13	0.21620	0.00514	0.00566	0.00543	0.00679	0.00509	0.00402	0.00910	0.00828	0.10963	0.13361	0.31160	0.04011	0.07452	0.00533	0.00154	0.00269	0.00674	0.00347	0.04504
14	0.01358	0.05662	0.03036	0.02987	0.01235	0.60746	0.00765	0.05407	0.12874	0.01147	0.00774	0.00843	0.00619	0.00426	0.00362	0.00108	0.00623	0.00289	0.00239	0.00499

[dist]
# distance from previous block
# <min> <max>
1	10

[block]
# block no. 2 follows, 68 sequences, length 16
# corresponding to MSA columns:
# 376-391
name=unknown_C
#
# <colnr> <probs for GDERKNQSTAVLIFYWHMCP>
#	G	D	E	R	K	N	Q	S	T	A	V	L	I	F	Y	W	H	M	C	P
0	0.00611	0.07791	0.00801	0.00600	0.00758	0.00526	0.08567	0.00779	0.01005	0.01331	0.41917	0.02855	0.29394	0.00786	0.00450	0.00125	0.00260	0.00688	0.00368	0.00389
1	0.01060	0.86304	0.02078	0.00678	0.01018	0.01569	0.00678	0.01187	0.00806	0.00933	0.00551	0.00636	0.00509	0.00339	0.00254	0.00085	0.00424	0.00212	0.00170	0.00509
2	0.00576	0.00387	0.00446	0.00446	0.00450	0.00392	0.00257	0.00585	0.00580	0.00778	0.01237	0.02528	0.01413	0.80747	0.07297	0.00401	0.00428	0.00567	0.00238	0.00248
3	0.00834	0.00874	0.04301	0.01022	0.01058	0.01121	0.03347	0.00941	0.00639	0.00980	0.00678	0.08111	0.00701	0.00718	0.01173	0.00169	0.72294	0.00415	0.00191	0.00433
4	0.01718	0.00772	0.00980	0.00752	0.01061	0.00727	0.00621	0.19909	0.01298	0.65660	0.01427	0.01261	0.00913	0.00487	0.00398	0.00122	0.00360	0.00389	0.00470	0.00675
5	0.00619	0.00485	0.00561	0.00551	0.00663	0.00482	0.00408	0.02386	0.15568	0.01331	0.26373	0.19388	0.21643	0.05118	0.00542	0.00150	0.00240	0.02705	0.00389	0.00398
6	0.00993	0.00982	0.01541	0.09668	0.71157	0.06283	0.01178	0.01222	0.00907	0.01250	0.00734	0.00971	0.00612	0.00361	0.00391	0.00118	0.00492	0.00347	0.00195	0.00601
7	0.01403	0.01651	0.01105	0.00985	0.01196	0.63168	0.00751	0.09708	0.11231	0.01208	0.00767	0.00838	0.00613	0.00441	0.00398	0.00110	0.03387	0.00292	0.00247	0.00501
8	0.00512	0.00357	0.00451	0.00515	0.00531	0.00341	0.00328	0.00560	0.00702	0.00936	0.01894	0.59920	0.02255	0.27630	0.00976	0.00231	0.00278	0.00956	0.00328	0.00297
9	0.00595	0.00436	0.00547	0.00596	0.00664	0.00428	0.00432	0.06860	0.03235	0.01187	0.04995	0.59632	0.07558	0.01117	0.00496	0.00157	0.00260	0.10068	0.00373	0.00365
10	0.00761	0.00717	0.01211	0.80900	0.06851	0.00884	0.01107	0.01023	0.00798	0.01027	0.00707	0.01053	0.00534	0.00394	0.00396	0.00131	0.00526	0.00352	0.00177	0.00450
11	0.00985	0.01073	0.02242	0.01606	0.02000	0.01022	0.75216	0.08172	0.01015	0.01375	0.00815	0.01059	0.00608	0.00346	0.00462	0.00132	0.00649	0.00458	0.00217	0.00547
12	0.00490	0.00354	0.00464	0.00544	0.00579	0.00329	0.00370	0.00570	0.00791	0.01050	0.06576	0.74402	0.07749	0.01201	0.00503	0.00158	0.00229	0.02942	0.00372	0.00327
13	0.00539	0.00373	0.00453	0.00494	0.00511	0.00362	0.00313	0.00578	0.00674	0.00894	0.01734	0.36158	0.03958	0.45761	0.01301	0.00279	0.00317	0.04718	0.00301	0.00282
14	0.67834	0.10623	0.07910	0.00622	0.00912	0.00979	0.02201	0.02814	0.00733	0.01642	0.00579	0.00674	0.00453	0.00367	0.00265	0.00119	0.00354	0.00229	0.00232	0.00459
15	0.01201	0.27366	0.06497	0.00809	0.02372	0.03203	0.03510	0.17583	0.01089	0.14417	0.00866	0.02107	0.00666	0.00399	0.00336	0.00099	0.00413	0.00305	0.00283	0.16480

[dist]
# distance from previous block
# <min> <max>
0	1

[block]
# block no. 3 follows, 68 sequences, length 16
# corresponding to MSA columns:
# 393-408
name=unknown_D
#
# <colnr> <probs for GDERKNQSTAVLIFYWHMCP>
#	G	D	E	R	K	N	Q	S	T	A	V	L	I	F	Y	W	H	M	C	P
0	0.00992	0.49971	0.28146	0.00822	0.01229	0.01262	0.00914	0.01262	0.03806	0.05033	0.00778	0.00846	0.02670	0.00383	0.00311	0.00103	0.00462	0.00271	0.00198	0.00541
1	0.03011	0.01083	0.01112	0.00889	0.01148	0.10625	0.00725	0.49454	0.01487	0.12622	0.00948	0.00985	0.00688	0.00551	0.02524	0.00135	0.09290	0.00349	0.01765	0.00608
2	0.07197	0.01052	0.00880	0.00862	0.06170	0.28647	0.00614	0.05808	0.08704	0.05378	0.12518	0.11936	0.05878	0.00612	0.00399	0.00121	0.00431	0.00493	0.00312	0.01988
3	0.00883	0.06194	0.12108	0.15042	0.27077	0.00898	0.04856	0.06357	0.04980	0.01266	0.00961	0.06494	0.00856	0.02909	0.03515	0.00153	0.00491	0.04198	0.00231	0.00531
4	0.00538	0.00389	0.00448	0.00460	0.00512	0.00365	0.00304	0.00603	0.00765	0.00996	0.12472	0.13733	0.22626	0.39625	0.01180	0.00252	0.00292	0.03825	0.00319	0.00296
5	0.01095	0.28234	0.08352	0.01128	0.01487	0.13074	0.29020	0.09094	0.01001	0.01238	0.00701	0.00847	0.00558	0.00363	0.00367	0.00110	0.00562	0.00328	0.00208	0.02232
6	0.00508	0.00381	0.00475	0.00540	0.00592	0.00358	0.00371	0.00637	0.04817	0.01072	0.05132	0.66255	0.15083	0.01157	0.00494	0.00154	0.00228	0.01035	0.00372	0.00341
7	0.01487	0.01101	0.01179	0.00908	0.01222	0.01220	0.00749	0.79193	0.04974	0.02467	0.00977	0.00972	0.00695	0.00478	0.00397	0.00120	0.00432	0.00360	0.00397	0.00672
8	0.13967	0.06952	0.09000	0.00950	0.07212	0.02427	0.07627	0.08966	0.04187	0.30153	0.01039	0.01036	0.00723	0.00420	0.00365	0.00118	0.00414	0.00341	0.00329	0.03773
9	0.00486	0.00356	0.00450	0.00522	0.00561	0.00328	0.00350	0.00556	0.00770	0.01007	0.02410	0.68428	0.14870	0.06182	0.00589	0.00170	0.00235	0.01051	0.00361	0.00319
10	0.01625	0.00768	0.00959	0.00752	0.01049	0.00741	0.00616	0.14547	0.12734	0.59565	0.01475	0.01305	0.00965	0.00495	0.00399	0.00124	0.00350	0.00399	0.00464	0.00668
11	0.01068	0.76370	0.05143	0.00723	0.01056	0.05996	0.00718	0.01205	0.00819	0.00948	0.00560	0.00654	0.00509	0.00353	0.00291	0.00090	0.02598	0.00221	0.00171	0.00507
12	0.00549	0.00398	0.00512	0.00574	0.00625	0.00386	0.00405	0.04490	0.00823	0.01090	0.02161	0.64493	0.07475	0.03574	0.04159	0.00186	0.00288	0.07114	0.00359	0.00342
13	0.00542	0.00412	0.00457	0.00456	0.00578	0.00357	0.00345	0.00657	0.00927	0.04139	0.14604	0.08644	0.58020	0.02668	0.00504	0.00142	0.00219	0.05600	0.00379	0.00352
14	0.00482	0.00349	0.00456	0.00542	0.00572	0.00323	0.00363	0.00553	0.00769	0.01016	0.02311	0.80166	0.08182	0.01226	0.00503	0.00159	0.00228	0.01107	0.00368	0.00323
15	0.03580	0.10879	0.27211	0.04735	0.13381	0.04693	0.05139	0.05697	0.13023	0.06575	0.00894	0.00979	0.00670	0.00405	0.00372	0.00120	0.00487	0.00333	0.00245	0.00581

[dist]
# distance from previous block
# <min> <max>
1	5

[block]
# block no. 4 follows, 68 sequences, length 27
# corresponding to MSA columns:
# 414-440
name=unknown_E
#
# <colnr> <probs for GDERKNQSTAVLIFYWHMCP>
#	G	D	E	R	K	N	Q	S	T	A	V	L	I	F	Y	W	H	M	C	P
0	0.00833	0.00580	0.00698	0.00572	0.00799	0.00497	0.00447	0.01068	0.06999	0.12070	0.26016	0.04698	0.10055	0.00595	0.00392	0.00103	0.00257	0.00506	0.00359	0.32456
1	0.46710	0.00777	0.00710	0.00647	0.00873	0.00894	0.00520	0.01516	0.33891	0.01684	0.01129	0.01260	0.02203	0.00490	0.00331	0.00131	0.00311	0.05102	0.00318	0.00504
2	0.01002	0.00917	0.00877	0.00787	0.01004	0.09303	0.00610	0.05629	0.61586	0.01562	0.01755	0.01643	0.10439	0.00575	0.00406	0.00130	0.00347	0.00469	0.00379	0.00580
3	0.00973	0.00812	0.00859	0.00768	0.00973	0.00930	0.00590	0.06870	0.68143	0.01618	0.01531	0.01559	0.01197	0.09117	0.00563	0.00158	0.00326	0.00454	0.01974	0.00587
4	0.00482	0.00402	0.00421	0.00416	0.00544	0.00341	0.00312	0.00595	0.00936	0.01148	0.15732	0.03690	0.71668	0.00976	0.00468	0.00133	0.00199	0.00819	0.00378	0.00341
5	0.00981	0.00942	0.01609	0.02434	0.83592	0.00942	0.01217	0.01217	0.00903	0.01295	0.00746	0.00981	0.00628	0.00353	0.00393	0.00118	0.00471	0.00353	0.00196	0.00628
6	0.00993	0.00808	0.00850	0.00758	0.00972	0.00924	0.00591	0.07855	0.66287	0.01697	0.01524	0.01440	0.01146	0.00524	0.00387	0.00128	0.00306	0.00431	0.11782	0.00598
7	0.00982	0.61441	0.26256	0.00812	0.01224	0.01378	0.00911	0.01207	0.00815	0.01028	0.00599	0.00695	0.00507	0.00350	0.00290	0.00097	0.00472	0.00236	0.00169	0.00532
8	0.88866	0.00767	0.00583	0.00521	0.00767	0.00889	0.00429	0.01166	0.00675	0.01779	0.00552	0.00644	0.00429	0.00368	0.00245	0.00123	0.00307	0.00215	0.00245	0.00429
9	0.00962	0.01049	0.10764	0.01555	0.28338	0.02417	0.20446	0.07219	0.06522	0.03195	0.03777	0.01334	0.04539	0.00446	0.00418	0.00125	0.00490	0.03274	0.00252	0.02878
10	0.04433	0.06959	0.60504	0.01037	0.01522	0.02152	0.03841	0.02687	0.00863	0.02565	0.00856	0.03469	0.00702	0.00453	0.00383	0.00128	0.00537	0.06156	0.00202	0.00551
11	0.16428	0.01052	0.01086	0.00846	0.01151	0.01171	0.00698	0.68418	0.01661	0.02376	0.00884	0.00899	0.00632	0.00458	0.00371	0.00120	0.00414	0.00333	0.00371	0.00632
12	0.01060	0.86304	0.02078	0.00678	0.01018	0.01569	0.00678	0.01187	0.00806	0.00933	0.00551	0.00636	0.00509	0.00339	0.00254	0.00085	0.00424	0.00212	0.00170	0.00509
13	0.00822	0.00705	0.00822	0.00587	0.00940	0.00529	0.00470	0.00998	0.00822	0.01292	0.00705	0.00822	0.00587	0.00294	0.00294	0.00059	0.00294	0.00235	0.00235	0.88490
14	0.00564	0.00402	0.00540	0.00547	0.00585	0.00437	0.00381	0.00642	0.00621	0.00865	0.01222	0.08187	0.01297	0.37078	0.44333	0.00498	0.00722	0.00539	0.00235	0.00305
15	0.07736	0.00606	0.00701	0.00578	0.00794	0.00591	0.00466	0.10490	0.01059	0.35116	0.01311	0.01305	0.00920	0.00468	0.00338	0.00110	0.00284	0.00369	0.36225	0.00532
16	0.00533	0.00377	0.00442	0.00470	0.00501	0.00359	0.00297	0.00576	0.00697	0.00910	0.03476	0.27721	0.14302	0.44668	0.01275	0.00271	0.00306	0.02231	0.00304	0.00284
17	0.00485	0.00347	0.00458	0.00545	0.00570	0.00324	0.00363	0.00553	0.00757	0.01006	0.02197	0.81617	0.04328	0.03709	0.00549	0.00167	0.00234	0.01105	0.00364	0.00320
18	0.01488	0.01036	0.01131	0.00879	0.01186	0.01132	0.00722	0.65372	0.09617	0.11679	0.01086	0.01048	0.00761	0.00484	0.00398	0.00121	0.00413	0.00371	0.00408	0.00670
19	0.00605	0.00410	0.00503	0.00484	0.00559	0.00381	0.00335	0.00713	0.00892	0.04499	0.37997	0.10132	0.09855	0.27879	0.00956	0.00210	0.00263	0.00696	0.00360	0.02270
20	0.00507	0.00397	0.00454	0.00452	0.00556	0.00349	0.00332	0.00632	0.00957	0.01241	0.32267	0.11369	0.44129	0.03938	0.00526	0.00142	0.00205	0.00813	0.00388	0.00344
21	0.01303	0.32827	0.01458	0.00858	0.01129	0.42629	0.00713	0.05974	0.01033	0.03409	0.00641	0.00723	0.00536	0.00383	0.00320	0.00095	0.00560	0.00248	0.00212	0.04950
22	0.00597	0.00411	0.00562	0.00589	0.00662	0.00419	0.00443	0.00712	0.00761	0.04906	0.03281	0.27964	0.09862	0.05795	0.31693	0.00345	0.00562	0.09770	0.00311	0.00354
23	0.01195	0.01118	0.01299	0.03741	0.30401	0.15898	0.03273	0.17832	0.15701	0.04173	0.00945	0.01033	0.00728	0.00426	0.00392	0.00119	0.00483	0.00358	0.00284	0.00601
24	0.01068	0.12112	0.29500	0.01030	0.06178	0.12442	0.03403	0.06308	0.06907	0.08899	0.00931	0.06100	0.00752	0.00453	0.00374	0.00118	0.00500	0.00361	0.00250	0.02315
25	0.01187	0.07638	0.01097	0.00901	0.01067	0.46485	0.00705	0.02899	0.00977	0.02826	0.01034	0.04470	0.08943	0.00606	0.02377	0.00132	0.15610	0.00370	0.00230	0.00447
26	0.02154	0.00803	0.01863	0.16961	0.19434	0.07513	0.00798	0.03483	0.07254	0.09926	0.01255	0.16409	0.03542	0.02232	0.01710	0.00143	0.02316	0.00514	0.01189	0.00500

[dist]
# distance from previous block
# <min> <max>
0	4

[block]
# block no. 5 follows, 68 sequences, length 9
# corresponding to MSA columns:
# 451-459
name=unknown_F
#
# <colnr> <probs for GDERKNQSTAVLIFYWHMCP>
#	G	D	E	R	K	N	Q	S	T	A	V	L	I	F	Y	W	H	M	C	P
0	0.00916	0.10195	0.02726	0.00692	0.02516	0.12322	0.00545	0.07333	0.05203	0.06347	0.15406	0.08674	0.17948	0.02452	0.00439	0.00124	0.00352	0.00549	0.00329	0.04933
1	0.01133	0.01016	0.03046	0.03729	0.37394	0.03744	0.05904	0.25610	0.07714	0.01673	0.00898	0.01029	0.00694	0.00412	0.00393	0.00119	0.00460	0.00365	0.04054	0.00614
2	0.02825	0.38220	0.08275	0.01154	0.16638	0.04872	0.07573	0.02770	0.08446	0.04608	0.00771	0.00869	0.00624	0.00375	0.00334	0.00107	0.00463	0.00300	0.00219	0.00556
3	0.00523	0.00380	0.00511	0.00550	0.00604	0.00380	0.00393	0.00613	0.00752	0.01013	0.07919	0.39251	0.11956	0.03848	0.24899	0.04484	0.00474	0.00807	0.00315	0.00327
4	0.00957	0.00588	0.00733	0.03335	0.05046	0.02294	0.00524	0.03207	0.06023	0.23067	0.20788	0.06472	0.20069	0.00734	0.00441	0.00131	0.00290	0.04418	0.00401	0.00481
5	0.00950	0.23747	0.07678	0.13151	0.24257	0.01077	0.05582	0.04426	0.00881	0.02667	0.00810	0.05021	0.00718	0.00444	0.00413	0.00119	0.04560	0.02755	0.00210	0.00532
6	0.00569	0.00414	0.00606	0.00608	0.00672	0.00466	0.00463	0.00689	0.00672	0.00959	0.07461	0.05750	0.01284	0.05838	0.66564	0.05033	0.00892	0.00483	0.00236	0.00340
7	0.00500	0.00369	0.00466	0.00517	0.00568	0.00345	0.00356	0.00587	0.00803	0.01061	0.10821	0.51665	0.17102	0.07018	0.05710	0.00197	0.00281	0.00952	0.00357	0.00326
8	0.02439	0.00708	0.00897	0.03308	0.10389	0.05746	0.04463	0.07579	0.02188	0.03183	0.06614	0.20299	0.15521	0.03619	0.02363	0.00157	0.09148	0.00636	0.00305	0.00438

[dist]
# distance from previous block
# <min> <max>
2	9

[block]
# block no. 6 follows, 68 sequences, length 10
# corresponding to MSA columns:
# 469-478
name=unknown_G
#
# <colnr> <probs for GDERKNQSTAVLIFYWHMCP>
#	G	D	E	R	K	N	Q	S	T	A	V	L	I	F	Y	W	H	M	C	P
0	0.03886	0.02958	0.05243	0.00722	0.00982	0.02890	0.00605	0.08811	0.21285	0.09458	0.02798	0.09640	0.03085	0.00568	0.00387	0.00117	0.00340	0.05360	0.00338	0.20525
1	0.01024	0.04198	0.19273	0.23084	0.20243	0.04431	0.06194	0.02958	0.00920	0.12671	0.00837	0.01002	0.00614	0.00392	0.00389	0.00123	0.00513	0.00344	0.00229	0.00561
2	0.00531	0.00377	0.00477	0.00532	0.00566	0.00364	0.00364	0.00599	0.00729	0.00962	0.01978	0.43020	0.07537	0.25990	0.04405	0.00246	0.00323	0.10372	0.00324	0.00305
3	0.03200	0.02927	0.04768	0.00933	0.03366	0.30355	0.00744	0.23651	0.03959	0.14606	0.00965	0.02580	0.00741	0.00558	0.03399	0.00134	0.00537	0.01702	0.00313	0.00561
4	0.02380	0.03705	0.03582	0.08477	0.08857	0.05890	0.02653	0.05362	0.18144	0.05061	0.05797	0.06942	0.12717	0.00673	0.01556	0.00139	0.00387	0.06860	0.00321	0.00498
5	0.00691	0.06021	0.00749	0.03702	0.05584	0.02191	0.02487	0.02105	0.04882	0.00990	0.03832	0.07994	0.05422	0.44224	0.02853	0.00270	0.00395	0.04991	0.00267	0.00349
6	0.00500	0.00356	0.00451	0.00520	0.00546	0.00335	0.00340	0.00558	0.00734	0.00970	0.02125	0.64773	0.07578	0.17311	0.00790	0.00202	0.00257	0.01004	0.00344	0.00307
7	0.01019	0.06116	0.01545	0.25348	0.25903	0.11072	0.14859	0.04524	0.00945	0.03824	0.00750	0.00975	0.00587	0.00377	0.00394	0.00121	0.00542	0.00354	0.00208	0.00535
8	0.01088	0.01011	0.04087	0.03557	0.30621	0.03746	0.08448	0.14498	0.23590	0.03705	0.01037	0.01119	0.00792	0.00429	0.00402	0.00124	0.00450	0.00387	0.00292	0.00616
9	0.00584	0.00445	0.00519	0.00531	0.00632	0.00419	0.00391	0.07800	0.00958	0.01238	0.11864	0.35179	0.32160	0.01032	0.00480	0.00144	0.00239	0.04640	0.00378	0.00366

[dist]
# distance from previous block
# <min> <max>
0	12

[block]
# block no. 7 follows, 68 sequences, length 34
# corresponding to MSA columns:
# 491-524
name=unknown_H
#
# <colnr> <probs for GDERKNQSTAVLIFYWHMCP>
#	G	D	E	R	K	N	Q	S	T	A	V	L	I	F	Y	W	H	M	C	P
0	0.05062	0.05341	0.02176	0.02897	0.10269	0.05738	0.00746	0.39665	0.09583	0.04533	0.01937	0.02837	0.05215	0.00495	0.00386	0.00119	0.00417	0.00390	0.00337	0.01857
1	0.02949	0.05687	0.04495	0.02402	0.19789	0.21129	0.05679	0.09484	0.03042	0.07387	0.00785	0.00908	0.00616	0.00411	0.00431	0.00113	0.06150	0.00320	0.00245	0.07978
2	0.00914	0.08037	0.01358	0.01599	0.42355	0.01975	0.05035	0.06217	0.00901	0.01243	0.00966	0.12029	0.00939	0.06988	0.02132	0.00150	0.02721	0.00460	0.00234	0.03746
3	0.01071	0.01006	0.01327	0.07543	0.42435	0.08155	0.00982	0.10944	0.19663	0.01471	0.00953	0.01074	0.00749	0.00417	0.00393	0.00121	0.00456	0.00367	0.00266	0.00606
4	0.00769	0.00561	0.00577	0.00540	0.00672	0.04313	0.00411	0.01149	0.18817	0.02646	0.26280	0.02047	0.07394	0.00618	0.00380	0.00115	0.00241	0.00518	0.31519	0.00433
5	0.30432	0.00704	0.00781	0.00630	0.00901	0.00699	0.00518	0.05465	0.00996	0.46799	0.01181	0.01107	0.00787	0.00447	0.00339	0.00120	0.00321	0.00334	0.06868	0.00571
6	0.00505	0.00351	0.00464	0.00541	0.00565	0.00331	0.00361	0.00557	0.00737	0.00979	0.02064	0.70998	0.04244	0.07488	0.00682	0.05644	0.00250	0.02584	0.00346	0.00308
7	0.00513	0.00398	0.00467	0.00462	0.00566	0.00352	0.00342	0.00650	0.00990	0.01305	0.40581	0.11654	0.38418	0.00938	0.00472	0.00132	0.00197	0.00811	0.00400	0.00352
8	0.00533	0.00382	0.00474	0.00514	0.00574	0.00353	0.00361	0.00625	0.00832	0.02228	0.14283	0.40050	0.18246	0.12281	0.00694	0.00181	0.00249	0.06448	0.00363	0.00329
9	0.10334	0.01072	0.01178	0.00913	0.01212	0.05354	0.07566	0.58687	0.01571	0.02189	0.00900	0.00947	0.00653	0.00449	0.00379	0.00118	0.00443	0.00347	0.05078	0.00610
10	0.00801	0.03977	0.82139	0.01120	0.01700	0.00936	0.01447	0.01254	0.00836	0.01248	0.00708	0.00833	0.00502	0.00376	0.00374	0.00125	0.00582	0.00291	0.00167	0.00584
11	0.00749	0.00705	0.01189	0.85113	0.02731	0.00881	0.01101	0.01013	0.00793	0.01013	0.00705	0.01057	0.00529	0.00396	0.00396	0.00132	0.00529	0.00352	0.00176	0.00440
12	0.00516	0.00365	0.00480	0.00560	0.00589	0.00348	0.00387	0.00591	0.00755	0.01003	0.02051	0.64153	0.02423	0.12349	0.00710	0.00193	0.00268	0.11592	0.00351	0.00317
13	0.00470	0.00397	0.00407	0.00414	0.00539	0.00334	0.00307	0.00568	0.00892	0.01066	0.03862	0.10736	0.76611	0.01024	0.00472	0.00136	0.00203	0.00861	0.00368	0.00334
14	0.01481	0.01890	0.01124	0.01021	0.01226	0.84474	0.00766	0.01583	0.01124	0.00970	0.00613	0.00715	0.00511	0.00409	0.00358	0.00102	0.00715	0.00255	0.00204	0.00460
15	0.00618	0.00441	0.00615	0.00706	0.00788	0.00438	0.00602	0.00785	0.00892	0.01163	0.02111	0.15465	0.02328	0.01115	0.00542	0.00180	0.00347	0.70139	0.00365	0.00359
16	0.00822	0.00705	0.00822	0.00587	0.00940	0.00529	0.00470	0.00998	0.00822	0.01292	0.00705	0.00822	0.00587	0.00294	0.00294	0.00059	0.00294	0.00235	0.00235	0.88490
17	0.00747	0.00579	0.00687	0.00582	0.00756	0.01720	0.00448	0.00949	0.05682	0.05688	0.28653	0.02095	0.11313	0.07842	0.00604	0.00134	0.06526	0.00523	0.00336	0.24136
18	0.00829	0.09079	0.70205	0.01138	0.01687	0.00982	0.08206	0.01251	0.00843	0.01230	0.00706	0.00840	0.00511	0.00370	0.00374	0.00123	0.00579	0.00301	0.00170	0.00575
19	0.00577	0.00436	0.00537	0.00518	0.00620	0.00415	0.00385	0.00818	0.07960	0.01466	0.57368	0.11698	0.13987	0.00859	0.00466	0.00131	0.00204	0.00754	0.00417	0.00385
20	0.00557	0.00413	0.00505	0.00498	0.00603	0.00376	0.00377	0.00722	0.02277	0.02555	0.45495	0.10258	0.26690	0.00914	0.00475	0.00134	0.00211	0.06166	0.00406	0.00366
21	0.00947	0.00721	0.00845	0.00624	0.00960	0.00585	0.00500	0.02487	0.08028	0.09915	0.00877	0.00936	0.00684	0.00338	0.00316	0.00073	0.00302	0.00272	0.00279	0.70312
22	0.00868	0.00679	0.00813	0.00600	0.00925	0.00530	0.00480	0.01039	0.00828	0.07050	0.00795	0.00921	0.00649	0.00534	0.07408	0.00112	0.00362	0.00262	0.00251	0.74894
23	0.00616	0.00414	0.00545	0.00604	0.00677	0.00394	0.00466	0.00730	0.00837	0.05270	0.02223	0.34917	0.10294	0.08283	0.00641	0.00184	0.00298	0.31897	0.00362	0.00351
24	0.00568	0.00420	0.00610	0.00610	0.00672	0.00481	0.00462	0.00691	0.00629	0.00901	0.01087	0.01694	0.01050	0.13878	0.73671	0.00604	0.00973	0.00445	0.00216	0.00339
25	0.01038	0.04837	0.01511	0.15864	0.41413	0.12257	0.07901	0.05619	0.03444	0.01261	0.00754	0.00964	0.00608	0.00378	0.00389	0.00119	0.00522	0.00346	0.00210	0.00563
26	0.00538	0.00417	0.00494	0.00535	0.00633	0.00385	0.00417	0.00675	0.02603	0.01093	0.02946	0.17630	0.39743	0.05378	0.00576	0.00166	0.00267	0.24799	0.00361	0.00343
27	0.02403	0.00634	0.00705	0.00691	0.00831	0.00701	0.00513	0.01428	0.46159	0.01398	0.03855	0.35555	0.01829	0.00826	0.00444	0.00145	0.00277	0.00725	0.00387	0.00494
28	0.00585	0.00433	0.00579	0.00611	0.00678	0.00422	0.02680	0.04608	0.01885	0.02215	0.02149	0.62165	0.08630	0.02120	0.02584	0.00171	0.01399	0.05369	0.00359	0.00358
29	0.05597	0.07528	0.61475	0.03197	0.05779	0.04343	0.02999	0.02472	0.00858	0.01266	0.00695	0.00828	0.00511	0.00375	0.00364	0.00122	0.00558	0.00291	0.00179	0.00566
30	0.00893	0.33059	0.53857	0.00964	0.01459	0.01159	0.01175	0.01230	0.00826	0.01137	0.00653	0.00763	0.00505	0.00363	0.00332	0.00111	0.00526	0.00263	0.00168	0.00558
31	0.00839	0.00513	0.00665	0.00651	0.00790	0.00498	0.00528	0.03047	0.07195	0.15445	0.19045	0.12699	0.06235	0.00888	0.00482	0.00150	0.00297	0.29185	0.00406	0.00441
32	0.01072	0.02644	0.23428	0.01228	0.14995	0.05166	0.06975	0.15112	0.08227	0.08167	0.02558	0.04024	0.00855	0.00473	0.00403	0.00126	0.00480	0.03199	0.00281	0.00587
33	0.01115	0.01167	0.07204	0.03453	0.30774	0.16046	0.10338	0.07283	0.07558	0.06309	0.01781	0.02234	0.02077	0.00423	0.00399	0.00120	0.00514	0.00377	0.00252	0.00574

[dist]
# distance from previous block
# <min> <max>
1	12

[block]
# block no. 8 follows, 68 sequences, length 22
# corresponding to MSA columns:
# 538-559
name=unknown_I
#
# <colnr> <probs for GDERKNQSTAVLIFYWHMCP>
#	G	D	E	R	K	N	Q	S	T	A	V	L	I	F	Y	W	H	M	C	P
0	0.29057	0.14295	0.08293	0.05008	0.22025	0.06518	0.00822	0.04533	0.00855	0.01401	0.00669	0.02017	0.00553	0.00380	0.00321	0.00114	0.00431	0.00285	0.00216	0.02208
1	0.00787	0.03593	0.09994	0.01138	0.19508	0.02233	0.02646	0.03440	0.00786	0.02186	0.00974	0.04572	0.00916	0.09663	0.28972	0.00325	0.05638	0.01951	0.00221	0.00458
2	0.01012	0.09801	0.29846	0.01080	0.04454	0.12347	0.04342	0.01280	0.02867	0.06338	0.00717	0.00871	0.00566	0.00463	0.00594	0.00129	0.21290	0.00312	0.00204	0.01489
3	0.00568	0.00398	0.00505	0.00511	0.00542	0.00417	0.00341	0.00627	0.00633	0.00865	0.03298	0.06455	0.02983	0.50018	0.27598	0.00436	0.00580	0.02690	0.00248	0.00288
4	0.01065	0.69040	0.05302	0.00807	0.04980	0.06136	0.00738	0.01268	0.05636	0.01008	0.00633	0.00715	0.00555	0.00357	0.00281	0.00092	0.00443	0.00238	0.00186	0.00522
5	0.00645	0.00512	0.00688	0.00719	0.05511	0.02512	0.00492	0.00732	0.00639	0.00891	0.01031	0.01753	0.01047	0.28216	0.42024	0.03544	0.08036	0.00454	0.00215	0.00338
6	0.00570	0.00410	0.00562	0.00562	0.00607	0.00455	0.00402	0.00660	0.00615	0.00865	0.01130	0.01936	0.01156	0.33326	0.54367	0.00545	0.00814	0.00480	0.00223	0.00312
7	0.00520	0.00383	0.00466	0.00494	0.00574	0.00343	0.00352	0.00629	0.00900	0.02603	0.22433	0.38141	0.28621	0.01049	0.00483	0.00143	0.00212	0.00923	0.00387	0.00345
8	0.00501	0.00401	0.00445	0.00441	0.00556	0.00349	0.00329	0.00625	0.00956	0.01215	0.26824	0.06475	0.54556	0.02605	0.00501	0.00138	0.00204	0.02149	0.00385	0.00344
9	0.00590	0.00435	0.00540	0.00527	0.00647	0.00385	0.00400	0.00734	0.00955	0.03227	0.32447	0.19110	0.19390	0.00903	0.00464	0.00133	0.00231	0.09085	0.00382	0.09415
10	0.01469	0.01091	0.01168	0.00904	0.01215	0.01212	0.00744	0.76345	0.07852	0.02437	0.01001	0.00991	0.00714	0.00481	0.00397	0.00120	0.00427	0.00364	0.00397	0.00671
11	0.00838	0.00796	0.01351	0.53272	0.33872	0.00904	0.01146	0.01092	0.00835	0.01122	0.00721	0.01028	0.00567	0.00380	0.00395	0.00127	0.00506	0.00353	0.00184	0.00513
12	0.00781	0.00674	0.01030	0.01375	0.37793	0.00660	0.00761	0.04270	0.01037	0.01454	0.36659	0.02061	0.08592	0.00608	0.00431	0.00122	0.00326	0.00549	0.00322	0.00497
13	0.00568	0.00416	0.00591	0.00590	0.00646	0.00469	0.00438	0.00681	0.00636	0.00905	0.03161	0.01814	0.01156	0.20633	0.64811	0.00570	0.00896	0.00464	0.00224	0.00330
14	0.00916	0.01501	0.41977	0.01412	0.18150	0.00962	0.11776	0.06096	0.10743	0.01387	0.00852	0.00980	0.00635	0.00392	0.00396	0.00126	0.00532	0.00350	0.00219	0.00598
15	0.00556	0.00586	0.10488	0.00594	0.00730	0.00423	0.00512	0.00723	0.00921	0.01251	0.28479	0.29578	0.15477	0.00950	0.00476	0.00142	0.00265	0.07107	0.00366	0.00376
16	0.01030	0.01235	0.09204	0.00847	0.01062	0.33569	0.03758	0.05687	0.04464	0.01354	0.31629	0.01625	0.01758	0.00562	0.00409	0.00116	0.00471	0.00453	0.00306	0.00462
17	0.00899	0.12843	0.06068	0.00725	0.02599	0.03713	0.03883	0.07361	0.04359	0.06880	0.07664	0.02855	0.04561	0.24617	0.02454	0.00199	0.01991	0.00455	0.00279	0.05597
18	0.01233	0.27847	0.12521	0.00812	0.01168	0.01146	0.00776	0.24926	0.05970	0.12864	0.00900	0.00914	0.00667	0.00413	0.00343	0.00107	0.00422	0.00306	0.00297	0.06365
19	0.01038	0.02582	0.05112	0.00980	0.10607	0.15136	0.01608	0.06072	0.12580	0.09731	0.15389	0.04997	0.01532	0.00613	0.00422	0.00129	0.00411	0.10212	0.00335	0.00514
20	0.00926	0.34788	0.14937	0.00706	0.01011	0.01006	0.00705	0.05844	0.02493	0.06825	0.03608	0.05020	0.16010	0.02370	0.00394	0.00119	0.00386	0.02092	0.00266	0.00493
21	0.01052	0.45844	0.15937	0.02214	0.05256	0.04213	0.09353	0.06978	0.02112	0.02710	0.00681	0.00789	0.00554	0.00364	0.00325	0.00104	0.00489	0.00280	0.00200	0.00544

[dist]
# distance from previous block
# <min> <max>
2	31

[block]
# block no. 9 follows, 68 sequences, length 22
# corresponding to MSA columns:
# 591-612
name=unknown_J
#
# <colnr> <probs for GDERKNQSTAVLIFYWHMCP>
#	G	D	E	R	K	N	Q	S	T	A	V	L	I	F	Y	W	H	M	C	P
0	0.02820	0.00889	0.01265	0.10553	0.41898	0.05104	0.00945	0.06220	0.06840	0.05499	0.08525	0.01197	0.00957	0.00428	0.00391	0.00118	0.00430	0.00382	0.00262	0.05277
1	0.07011	0.02779	0.02919	0.04967	0.42717	0.09549	0.02621	0.08511	0.02494	0.09762	0.00892	0.01023	0.02196	0.00402	0.00380	0.00118	0.00468	0.00348	0.00253	0.00588
2	0.04903	0.10495	0.11642	0.26769	0.03239	0.04023	0.05709	0.05297	0.09883	0.06963	0.06534	0.01143	0.00858	0.00437	0.00380	0.00123	0.00464	0.00365	0.00256	0.00519
3	0.04768	0.03945	0.03856	0.05126	0.12073	0.06515	0.01644	0.03539	0.04051	0.14283	0.23077	0.01655	0.05304	0.00539	0.00396	0.00116	0.00358	0.00454	0.00331	0.07968
4	0.02214	0.04084	0.04209	0.04732	0.33822	0.02644	0.09268	0.08383	0.02450	0.08960	0.04169	0.03533	0.00828	0.00449	0.00464	0.00124	0.06629	0.00394	0.00257	0.02387
5	0.04149	0.00960	0.01141	0.00951	0.04639	0.07638	0.10191	0.20239	0.18079	0.10059	0.03873	0.01195	0.02560	0.00457	0.00388	0.00116	0.00416	0.00386	0.00335	0.12228
6	0.01059	0.12941	0.08947	0.00839	0.04908	0.04539	0.02364	0.13308	0.06332	0.10959	0.12480	0.01389	0.05680	0.00498	0.00389	0.00111	0.01565	0.00401	0.00314	0.10977
7	0.00827	0.06816	0.65200	0.04686	0.01763	0.00968	0.11812	0.01243	0.00846	0.01228	0.00714	0.00864	0.00517	0.00370	0.00382	0.00124	0.00585	0.00313	0.00172	0.00569
8	0.00583	0.00517	0.05468	0.00569	0.00678	0.00439	0.00462	0.02334	0.00854	0.01135	0.15028	0.10608	0.19656	0.16933	0.09461	0.00241	0.00379	0.13977	0.00327	0.00351
9	0.00974	0.68289	0.08094	0.00700	0.01019	0.01370	0.00704	0.01123	0.00783	0.00950	0.00639	0.00814	0.00590	0.03778	0.08603	0.00153	0.00498	0.00253	0.00176	0.00490
10	0.00583	0.00436	0.00620	0.00606	0.00683	0.00482	0.00458	0.00707	0.00640	0.00921	0.01067	0.01659	0.01030	0.14410	0.67995	0.00568	0.00922	0.00435	0.00218	0.05562
11	0.00573	0.00388	0.00445	0.00445	0.00453	0.00390	0.00259	0.00585	0.00590	0.00787	0.01317	0.02563	0.03790	0.78205	0.07327	0.00394	0.00423	0.00574	0.00242	0.00250
12	0.00867	0.00867	0.01214	0.01041	0.01041	0.01214	0.00867	0.00954	0.00607	0.00954	0.00520	0.00867	0.00520	0.00694	0.01301	0.00173	0.85340	0.00347	0.00173	0.00434
13	0.00780	0.00902	0.20771	0.00799	0.01046	0.00640	0.03907	0.01055	0.05653	0.08439	0.02327	0.11887	0.01120	0.03648	0.26233	0.00292	0.01938	0.02260	0.00265	0.06036
14	0.00795	0.02051	0.84011	0.01130	0.01716	0.00921	0.01465	0.01256	0.00837	0.01256	0.00712	0.00837	0.00502	0.00377	0.00377	0.00126	0.00586	0.00293	0.00167	0.00586
15	0.01060	0.86304	0.02078	0.00678	0.01018	0.01569	0.00678	0.01187	0.00806	0.00933	0.00551	0.00636	0.00509	0.00339	0.00254	0.00085	0.00424	0.00212	0.00170	0.00509
16	0.00796	0.09136	0.12445	0.25422	0.05230	0.00854	0.13740	0.01076	0.03230	0.02238	0.05754	0.05221	0.07762	0.00519	0.00411	0.00128	0.00468	0.03616	0.00237	0.01717
17	0.00562	0.00481	0.03988	0.00511	0.00597	0.00424	0.00384	0.00670	0.00826	0.01112	0.24594	0.06814	0.20725	0.27895	0.05650	0.00241	0.03202	0.00673	0.00323	0.00330
18	0.00549	0.00392	0.00482	0.00530	0.00569	0.00377	0.00354	0.03628	0.00770	0.01016	0.02037	0.52414	0.08379	0.22833	0.00886	0.00215	0.00279	0.03636	0.00336	0.00317
19	0.00835	0.01784	0.64798	0.04354	0.04918	0.00938	0.07755	0.01241	0.00838	0.02775	0.00724	0.00881	0.00526	0.00394	0.00440	0.00129	0.05605	0.00317	0.00178	0.00571
20	0.02037	0.08891	0.14488	0.08813	0.27856	0.04119	0.02852	0.11346	0.05867	0.05769	0.00861	0.02628	0.00679	0.00411	0.00379	0.00119	0.00474	0.00350	0.00245	0.01816
21	0.01157	0.01322	0.01078	0.01115	0.12229	0.44630	0.00765	0.01319	0.04031	0.02132	0.01993	0.03142	0.04177	0.00774	0.09934	0.00176	0.08976	0.00358	0.00226	0.00467

[dist]
# distance from previous block
# <min> <max>
0	1

[block]
# block no. 10 follows, 68 sequences, length 6
# corresponding to MSA columns:
# 614-619
name=unknown_K
#
# <colnr> <probs for GDERKNQSTAVLIFYWHMCP>
#	G	D	E	R	K	N	Q	S	T	A	V	L	I	F	Y	W	H	M	C	P
0	0.01626	0.00786	0.01062	0.00813	0.01123	0.00745	0.06278	0.15305	0.06284	0.59482	0.01412	0.01272	0.00918	0.00480	0.00403	0.00124	0.00375	0.00400	0.00449	0.00662
1	0.00980	0.06303	0.08855	0.01415	0.28173	0.10756	0.06814	0.04208	0.08407	0.02701	0.03196	0.07242	0.02728	0.00548	0.01907	0.00133	0.01798	0.03041	0.00252	0.00542
2	0.00693	0.00573	0.00669	0.00653	0.02823	0.03870	0.00465	0.06590	0.00816	0.01080	0.06193	0.08929	0.15906	0.24225	0.14926	0.00289	0.10069	0.00589	0.00281	0.00362
3	0.00879	0.00810	0.01156	0.03878	0.17065	0.02632	0.03859	0.04673	0.06477	0.01168	0.00819	0.01136	0.00723	0.04050	0.12265	0.00220	0.32546	0.00379	0.04787	0.00479
4	0.31812	0.00669	0.00700	0.00675	0.04433	0.02389	0.02474	0.01118	0.09575	0.05090	0.05019	0.01581	0.03022	0.18696	0.02517	0.00192	0.02276	0.03014	0.04326	0.00422
5	0.00807	0.15916	0.07924	0.00769	0.01000	0.00855	0.08121	0.06638	0.09315	0.01226	0.05571	0.01801	0.18312	0.04827	0.11309	0.00201	0.04187	0.00482	0.00276	0.00462

[dist]
# distance from previous block
# <min> <max>
9	27

[block]
# block no. 11 follows, 68 sequences, length 24
# corresponding to MSA columns:
# 647-670
name=unknown_L
#
# <colnr> <probs for GDERKNQSTAVLIFYWHMCP>
#	G	D	E	R	K	N	Q	S	T	A	V	L	I	F	Y	W	H	M	C	P
0	0.01224	0.01008	0.01117	0.00908	0.01146	0.05203	0.03696	0.42410	0.18840	0.01935	0.05520	0.03073	0.00970	0.00542	0.00512	0.00130	0.10403	0.00411	0.00357	0.00596
1	0.00613	0.00408	0.00552	0.00563	0.00631	0.00417	0.00409	0.00720	0.00752	0.05881	0.08548	0.26044	0.05850	0.12141	0.32505	0.00361	0.00565	0.00687	0.02003	0.00351
2	0.00559	0.00436	0.00524	0.00551	0.00658	0.00415	0.00433	0.00746	0.05585	0.01173	0.11154	0.13535	0.35369	0.01117	0.05049	0.00176	0.00299	0.21492	0.00368	0.00363
3	0.00517	0.00376	0.00488	0.00521	0.00584	0.00347	0.00370	0.00640	0.00924	0.01260	0.36118	0.43511	0.09375	0.01041	0.00488	0.00144	0.00212	0.02341	0.00396	0.00345
4	0.00485	0.00379	0.00441	0.00483	0.00565	0.00335	0.00345	0.00579	0.00852	0.01075	0.07116	0.39486	0.41563	0.01101	0.00488	0.00147	0.00218	0.03636	0.00371	0.00332
5	0.03210	0.39550	0.05597	0.00871	0.04677	0.07611	0.00754	0.21377	0.10249	0.01455	0.00790	0.00839	0.00631	0.00404	0.00326	0.00104	0.00444	0.00288	0.00257	0.00566
6	0.04110	0.00904	0.01316	0.03167	0.31205	0.02586	0.00961	0.04110	0.00808	0.06042	0.00686	0.00934	0.00589	0.00527	0.00811	0.00144	0.40015	0.00346	0.00212	0.00528
7	0.01161	0.28861	0.18185	0.01021	0.07351	0.05814	0.06443	0.12882	0.01036	0.11108	0.00798	0.00869	0.00604	0.00388	0.00348	0.00109	0.00482	0.00302	0.00247	0.01994
8	0.29032	0.04443	0.04642	0.00980	0.10006	0.12018	0.05045	0.15420	0.01053	0.12656	0.00806	0.00868	0.00594	0.00404	0.00341	0.00118	0.00441	0.00301	0.00285	0.00546
9	0.00505	0.00360	0.00473	0.00546	0.00579	0.00339	0.00373	0.00587	0.00790	0.01058	0.09533	0.66759	0.03900	0.07101	0.00610	0.00174	0.00244	0.05380	0.00365	0.00324
10	0.06077	0.00796	0.08534	0.00862	0.05791	0.04264	0.08626	0.03226	0.01912	0.14152	0.16175	0.15186	0.08854	0.00687	0.00432	0.00132	0.00363	0.03114	0.00341	0.00477
11	0.01010	0.04088	0.05195	0.04791	0.61574	0.09467	0.01123	0.01267	0.03765	0.01246	0.00779	0.02506	0.00660	0.00384	0.00386	0.00117	0.00491	0.00353	0.00205	0.00593
12	0.06069	0.00853	0.00969	0.00774	0.01042	0.00893	0.00633	0.42658	0.01445	0.23624	0.06060	0.06291	0.01103	0.00561	0.00403	0.00125	0.00369	0.03381	0.02143	0.00606
13	0.00648	0.00441	0.00505	0.00477	0.00615	0.00386	0.00361	0.02296	0.00989	0.09847	0.22677	0.08865	0.48615	0.00910	0.00462	0.00132	0.00218	0.00773	0.00398	0.00385
14	0.08642	0.12611	0.09165	0.00868	0.05170	0.04461	0.05715	0.06582	0.06424	0.13672	0.02076	0.05664	0.03424	0.00462	0.00359	0.00111	0.00400	0.00377	0.00289	0.13528
15	0.00897	0.17409	0.52797	0.01168	0.06417	0.01062	0.09152	0.04440	0.00885	0.01249	0.00702	0.00836	0.00527	0.00368	0.00365	0.00118	0.00551	0.00301	0.00182	0.00573
16	0.00564	0.00399	0.00535	0.00604	0.00663	0.00385	0.00465	0.00692	0.00860	0.01155	0.13174	0.37089	0.02550	0.05526	0.00591	0.00175	0.00283	0.31788	0.02162	0.00342
17	0.04072	0.04581	0.48940	0.01092	0.05539	0.00906	0.05905	0.06078	0.03811	0.09617	0.02048	0.04070	0.00718	0.00432	0.00384	0.00125	0.00508	0.00357	0.00239	0.00580
18	0.02732	0.08352	0.22483	0.01207	0.08165	0.01891	0.20156	0.03755	0.09851	0.08441	0.02481	0.02774	0.00764	0.00434	0.00442	0.00127	0.04744	0.00386	0.00250	0.00564
19	0.00972	0.01186	0.28300	0.01288	0.19075	0.01767	0.08931	0.01265	0.03313	0.13616	0.03655	0.07688	0.00912	0.00530	0.00475	0.05322	0.00471	0.00425	0.00257	0.00551
20	0.00533	0.00398	0.00454	0.00453	0.00525	0.00371	0.00312	0.00614	0.00801	0.01036	0.15157	0.04792	0.32702	0.31944	0.05927	0.00254	0.00320	0.02776	0.00323	0.00308
21	0.01253	0.00816	0.03811	0.00818	0.04895	0.00693	0.03723	0.10643	0.03700	0.30470	0.01070	0.01061	0.00755	0.00399	0.00360	0.00098	0.00358	0.00330	0.00343	0.34403
22	0.01054	0.00942	0.07273	0.00889	0.05753	0.03392	0.03626	0.16194	0.15327	0.07516	0.04037	0.02210	0.00890	0.00523	0.03298	0.00124	0.00407	0.00362	0.00311	0.25872
23	0.00686	0.00479	0.03462	0.00546	0.00637	0.00416	0.00406	0.00677	0.00644	0.02789	0.01137	0.01718	0.07126	0.15807	0.08566	0.39813	0.00406	0.03008	0.00224	0.11454

[dist]
# distance from previous block
# <min> <max>
0	8

# created by:
# /st0/software/busco_prod/Augustus/scripts/msa2prfl.pl ./align_prep/35083.fa
