[name]
unknown

[dist]
# distance from previous block
# <min> <max>
0	22

[block]
# block no. 0 follows, 66 sequences, length 6
# corresponding to MSA columns:
# 22-27
name=unknown_A
#
# <colnr> <probs for GDERKNQSTAVLIFYWHMCP>
#	G	D	E	R	K	N	Q	S	T	A	V	L	I	F	Y	W	H	M	C	P
0	0.00735	0.00900	0.17347	0.04073	0.10984	0.00666	0.10148	0.00940	0.00808	0.01109	0.01296	0.08726	0.03108	0.21809	0.00886	0.02378	0.00463	0.12942	0.00250	0.00433
1	0.00885	0.25948	0.01273	0.00760	0.00950	0.05130	0.10219	0.04804	0.00824	0.01024	0.01110	0.12553	0.05806	0.03137	0.00745	0.23320	0.00417	0.00468	0.00232	0.00395
2	0.01048	0.74684	0.13108	0.00756	0.01138	0.01516	0.00803	0.01224	0.00829	0.00999	0.00586	0.00679	0.00520	0.00352	0.00277	0.00092	0.00456	0.00228	0.00173	0.00531
3	0.05137	0.02813	0.11677	0.03231	0.23793	0.00920	0.24347	0.03429	0.02919	0.12451	0.01012	0.02833	0.02697	0.00421	0.00418	0.00128	0.00512	0.00415	0.00259	0.00588
4	0.00900	0.04922	0.04016	0.03308	0.31226	0.00850	0.02693	0.11874	0.00992	0.01357	0.01324	0.23506	0.05249	0.00672	0.00483	0.00136	0.05096	0.00590	0.00280	0.00526
5	0.72881	0.00718	0.00585	0.00534	0.00746	0.00827	0.00426	0.01096	0.00677	0.01648	0.00677	0.00931	0.00588	0.09067	0.07086	0.00194	0.00383	0.00274	0.00248	0.00414

[dist]
# distance from previous block
# <min> <max>
0	1

[block]
# block no. 1 follows, 66 sequences, length 8
# corresponding to MSA columns:
# 29-36
name=unknown_B
#
# <colnr> <probs for GDERKNQSTAVLIFYWHMCP>
#	G	D	E	R	K	N	Q	S	T	A	V	L	I	F	Y	W	H	M	C	P
0	0.01065	0.17392	0.07958	0.03357	0.13423	0.03980	0.36868	0.03189	0.00959	0.06768	0.00804	0.00983	0.00617	0.00367	0.00407	0.00122	0.00571	0.00381	0.00220	0.00568
1	0.00915	0.00526	0.00657	0.00639	0.04481	0.00468	0.00467	0.01077	0.03189	0.24595	0.10144	0.09066	0.37414	0.00839	0.00460	0.00136	0.00268	0.03780	0.00412	0.00467
2	0.01585	0.00697	0.01003	0.19454	0.01428	0.00664	0.00715	0.01768	0.01083	0.65114	0.01405	0.01314	0.00901	0.00481	0.00407	0.00128	0.00389	0.00397	0.00430	0.00637
3	0.00606	0.00781	0.19060	0.00695	0.00872	0.00536	0.00647	0.00785	0.00743	0.01033	0.01574	0.18876	0.09653	0.12747	0.29155	0.00350	0.00624	0.00614	0.00259	0.00391
4	0.00885	0.08984	0.45238	0.01104	0.06171	0.03325	0.06855	0.01229	0.00870	0.01259	0.00718	0.00857	0.00549	0.00360	0.00363	0.00109	0.00522	0.00294	0.00192	0.20117
5	0.00796	0.01474	0.44965	0.01150	0.01590	0.00838	0.21154	0.01173	0.00947	0.01365	0.19087	0.01400	0.01278	0.00474	0.00429	0.00130	0.00530	0.00441	0.00241	0.00538
6	0.01525	0.00615	0.00837	0.00687	0.00936	0.00537	0.00547	0.01662	0.01076	0.65114	0.01742	0.20124	0.01379	0.00674	0.00432	0.00134	0.00321	0.00574	0.00474	0.00610
7	0.00955	0.00783	0.02970	0.03166	0.18800	0.00781	0.06517	0.02797	0.22273	0.09900	0.08578	0.09128	0.03720	0.02748	0.04887	0.00167	0.00418	0.00526	0.00335	0.00552

[dist]
# distance from previous block
# <min> <max>
1	5

[block]
# block no. 2 follows, 66 sequences, length 12
# corresponding to MSA columns:
# 42-53
name=unknown_C
#
# <colnr> <probs for GDERKNQSTAVLIFYWHMCP>
#	G	D	E	R	K	N	Q	S	T	A	V	L	I	F	Y	W	H	M	C	P
0	0.00843	0.04649	0.70876	0.01208	0.03963	0.00972	0.07030	0.01306	0.03093	0.01288	0.00755	0.00889	0.00545	0.00385	0.00389	0.00128	0.00589	0.00316	0.00181	0.00596
1	0.76731	0.00941	0.00672	0.00603	0.00849	0.12256	0.00486	0.01251	0.00753	0.01707	0.00573	0.00669	0.00451	0.00382	0.00267	0.00123	0.00371	0.00225	0.00245	0.00444
2	0.88607	0.00785	0.00596	0.00534	0.00785	0.00910	0.00439	0.01193	0.00690	0.01820	0.00565	0.00659	0.00439	0.00377	0.00251	0.00126	0.00314	0.00220	0.00251	0.00439
3	0.00530	0.00413	0.00481	0.00464	0.00579	0.00364	0.00348	0.00681	0.01045	0.01381	0.46436	0.03436	0.40542	0.00921	0.00479	0.00132	0.00198	0.00791	0.00414	0.00364
4	0.00841	0.00721	0.00841	0.00601	0.00961	0.00541	0.00481	0.01022	0.00841	0.01322	0.00721	0.00841	0.00601	0.00300	0.00300	0.00060	0.00300	0.00240	0.00240	0.88222
5	0.00480	0.00411	0.00411	0.00411	0.00548	0.00343	0.00308	0.00582	0.00925	0.01096	0.04110	0.03905	0.83046	0.01028	0.00480	0.00137	0.00206	0.00856	0.00377	0.00343
6	0.88607	0.00785	0.00596	0.00534	0.00785	0.00910	0.00439	0.01193	0.00690	0.01820	0.00565	0.00659	0.00439	0.00377	0.00251	0.00126	0.00314	0.00220	0.00251	0.00439
7	0.53290	0.00804	0.00772	0.00637	0.00915	0.00868	0.00526	0.11826	0.00978	0.24572	0.00905	0.00900	0.00628	0.00426	0.00315	0.00125	0.00340	0.00291	0.00341	0.00541
8	0.00998	0.00458	0.00533	0.00480	0.00626	0.00431	0.00372	0.01176	0.00947	0.21875	0.07355	0.04487	0.01290	0.00533	0.00337	0.00107	0.00230	0.00438	0.56873	0.00454
9	0.00493	0.00358	0.00465	0.00551	0.00585	0.00331	0.00370	0.00567	0.00790	0.01041	0.02407	0.78031	0.10019	0.01249	0.00514	0.00162	0.00233	0.01126	0.00377	0.00331
10	0.00506	0.00414	0.00448	0.00445	0.00572	0.00356	0.00338	0.00630	0.00970	0.01208	0.19893	0.03757	0.63744	0.00992	0.00483	0.00137	0.00210	0.04157	0.00391	0.00352
11	0.01269	0.16444	0.01374	0.00985	0.03600	0.18482	0.02427	0.21413	0.07271	0.04817	0.00808	0.00909	0.00645	0.00490	0.00557	0.00125	0.17229	0.00326	0.00272	0.00557

[dist]
# distance from previous block
# <min> <max>
0	1

[block]
# block no. 3 follows, 66 sequences, length 76
# corresponding to MSA columns:
# 55-130
name=unknown_D
#
# <colnr> <probs for GDERKNQSTAVLIFYWHMCP>
#	G	D	E	R	K	N	Q	S	T	A	V	L	I	F	Y	W	H	M	C	P
0	0.05095	0.02426	0.31260	0.07936	0.13890	0.00866	0.01048	0.07748	0.03739	0.08412	0.01895	0.10520	0.00894	0.00509	0.00400	0.00130	0.00467	0.00429	0.00263	0.02072
1	0.01080	0.69271	0.01904	0.00745	0.02175	0.01492	0.00695	0.02943	0.14174	0.01112	0.00752	0.00803	0.00643	0.00383	0.00290	0.00096	0.00416	0.00261	0.00218	0.00545
2	0.82012	0.02418	0.00662	0.00566	0.00805	0.00942	0.00469	0.01181	0.00689	0.01756	0.00563	0.00672	0.00446	0.00395	0.00312	0.00128	0.05069	0.00227	0.00245	0.00441
3	0.00951	0.01107	0.17165	0.12997	0.12063	0.02861	0.02553	0.03192	0.33378	0.03183	0.05479	0.01299	0.01014	0.00479	0.00408	0.00131	0.00440	0.00409	0.00300	0.00589
4	0.00544	0.00410	0.00502	0.00487	0.00589	0.00369	0.00362	0.00704	0.01066	0.01448	0.56754	0.08150	0.25311	0.00909	0.00481	0.00132	0.00198	0.00792	0.00423	0.00369
5	0.00499	0.00363	0.00474	0.00551	0.00589	0.00338	0.00374	0.00581	0.00806	0.01070	0.06678	0.72153	0.09623	0.01267	0.02413	0.00171	0.00250	0.01089	0.00377	0.00334
6	0.84418	0.00802	0.00626	0.00553	0.00807	0.00927	0.00455	0.05074	0.00749	0.01856	0.00585	0.00674	0.00451	0.00382	0.00259	0.00125	0.00320	0.00227	0.00259	0.00451
7	0.00925	0.00789	0.01198	0.49740	0.04353	0.00910	0.05139	0.14999	0.03791	0.03151	0.10046	0.01301	0.00975	0.00470	0.00418	0.00132	0.00480	0.00414	0.00265	0.00506
8	0.88607	0.00785	0.00596	0.00534	0.00785	0.00910	0.00439	0.01193	0.00690	0.01820	0.00565	0.00659	0.00439	0.00377	0.00251	0.00126	0.00314	0.00220	0.00251	0.00439
9	0.00877	0.00872	0.01229	0.03696	0.01112	0.01216	0.00887	0.00973	0.00628	0.00978	0.00551	0.00909	0.00543	0.00752	0.03127	0.00187	0.80486	0.00357	0.00178	0.00442
10	0.01516	0.01934	0.01150	0.01045	0.01254	0.84113	0.00784	0.01620	0.01150	0.00993	0.00627	0.00732	0.00523	0.00418	0.00366	0.00105	0.00732	0.00261	0.00209	0.00470
11	0.00717	0.00826	0.14865	0.03273	0.04685	0.00627	0.09213	0.00963	0.00907	0.01220	0.01680	0.09907	0.01757	0.00876	0.00508	0.00166	0.00442	0.46618	0.00310	0.00440
12	0.00766	0.00721	0.01217	0.84767	0.02794	0.00901	0.01127	0.01037	0.00811	0.01037	0.00721	0.01082	0.00541	0.00406	0.00406	0.00135	0.00541	0.00361	0.00180	0.00451
13	0.00555	0.00404	0.00462	0.00460	0.00521	0.00379	0.00307	0.00630	0.00807	0.01057	0.18249	0.04855	0.24756	0.40206	0.02627	0.00264	0.00309	0.02518	0.00327	0.00307
14	0.00958	0.01094	0.02394	0.01710	0.02120	0.01026	0.81737	0.01300	0.00958	0.01300	0.00821	0.01094	0.00616	0.00342	0.00479	0.00137	0.00684	0.00479	0.00205	0.00547
15	0.01012	0.00988	0.02512	0.08027	0.67983	0.02812	0.02872	0.04199	0.00949	0.01333	0.00759	0.00999	0.00630	0.00380	0.00428	0.00123	0.02806	0.00361	0.00206	0.00619
16	0.45887	0.08954	0.00958	0.02172	0.01008	0.22961	0.00602	0.05172	0.00898	0.04296	0.00638	0.00732	0.00505	0.00406	0.00335	0.00118	0.03386	0.00251	0.00245	0.00476
17	0.01541	0.01179	0.01214	0.00939	0.01258	0.05646	0.00772	0.77609	0.01867	0.02474	0.00956	0.00961	0.00681	0.00483	0.00404	0.00121	0.00462	0.00360	0.00395	0.00678
18	0.01463	0.00710	0.00911	0.00703	0.01015	0.00614	0.00578	0.05403	0.02785	0.51421	0.01372	0.01409	0.00966	0.00485	0.00388	0.00112	0.00339	0.05065	0.00419	0.23841
19	0.00835	0.00714	0.00754	0.00691	0.00886	0.00784	0.00534	0.01631	0.54540	0.01533	0.08752	0.02264	0.22998	0.00698	0.00436	0.00137	0.00280	0.00585	0.00406	0.00543
20	0.00508	0.00369	0.00491	0.00575	0.00597	0.00356	0.00386	0.00577	0.00767	0.01026	0.02160	0.80577	0.02587	0.03894	0.00588	0.00172	0.02558	0.01114	0.00367	0.00330
21	0.00888	0.00888	0.01243	0.01065	0.01065	0.01243	0.00888	0.00976	0.00621	0.00976	0.00533	0.00888	0.00533	0.00710	0.01331	0.00178	0.84999	0.00355	0.00178	0.00444
22	0.74484	0.00769	0.00652	0.00564	0.00825	0.00859	0.00465	0.01320	0.00767	0.15111	0.00733	0.00777	0.00531	0.00397	0.00277	0.00126	0.00319	0.00250	0.00292	0.00480
23	0.00814	0.02099	0.83640	0.01156	0.01756	0.00942	0.01499	0.01285	0.00857	0.01285	0.00728	0.00857	0.00514	0.00385	0.00385	0.00128	0.00600	0.00300	0.00171	0.00600
24	0.00633	0.00522	0.00576	0.00578	0.00725	0.00513	0.00461	0.00976	0.18149	0.01251	0.03124	0.03559	0.46583	0.00949	0.00485	0.00149	0.00270	0.19701	0.00384	0.00413
25	0.01525	0.11028	0.01288	0.00878	0.01204	0.01213	0.00740	0.62081	0.01684	0.12826	0.01007	0.00989	0.00711	0.00473	0.00389	0.00118	0.00432	0.00353	0.00391	0.00670
26	0.01150	0.00700	0.00801	0.00695	0.00913	0.00737	0.00547	0.01785	0.39723	0.23841	0.08348	0.01604	0.01356	0.00547	0.00395	0.00126	0.00294	0.00454	0.15394	0.00589
27	0.00500	0.00356	0.00468	0.00556	0.00579	0.00333	0.00368	0.00567	0.00768	0.01022	0.02207	0.79436	0.03772	0.06229	0.00608	0.00178	0.00244	0.01116	0.00369	0.00325
28	0.00825	0.01947	0.74962	0.01121	0.01684	0.00904	0.03607	0.01265	0.00870	0.03311	0.00931	0.01037	0.04900	0.00421	0.00394	0.00129	0.00575	0.00337	0.00191	0.00587
29	0.01460	0.07755	0.01234	0.01066	0.04086	0.72657	0.00793	0.01572	0.01109	0.02227	0.00640	0.00748	0.00534	0.00418	0.00378	0.00105	0.02258	0.00266	0.00210	0.00483
30	0.01329	0.00571	0.00709	0.00584	0.00801	0.00526	0.00469	0.03822	0.02274	0.44127	0.04417	0.01484	0.01115	0.00502	0.00361	0.00113	0.00280	0.00407	0.35555	0.00553
31	0.88607	0.00785	0.00596	0.00534	0.00785	0.00910	0.00439	0.01193	0.00690	0.01820	0.00565	0.00659	0.00439	0.00377	0.00251	0.00126	0.00314	0.00220	0.00251	0.00439
32	0.00766	0.00721	0.01217	0.84767	0.02794	0.00901	0.01127	0.01037	0.00811	0.01037	0.00721	0.01082	0.00541	0.00406	0.00406	0.00135	0.00541	0.00361	0.00180	0.00451
33	0.00513	0.00366	0.00491	0.00578	0.00612	0.00345	0.00402	0.00600	0.00810	0.01083	0.06505	0.73922	0.02713	0.01234	0.00520	0.00165	0.00245	0.08180	0.00380	0.00336
34	0.00975	0.05460	0.07818	0.01301	0.27922	0.02047	0.01724	0.03689	0.00920	0.04388	0.00767	0.00911	0.00620	0.00345	0.00348	0.00093	0.00408	0.00296	0.00232	0.39737
35	0.59380	0.00757	0.00719	0.00604	0.00870	0.00819	0.00499	0.01435	0.00837	0.27486	0.00890	0.00891	0.00619	0.00423	0.00324	0.00127	0.02190	0.00282	0.00328	0.00518
36	0.03878	0.01114	0.02747	0.01489	0.30557	0.06963	0.00942	0.37253	0.04025	0.02873	0.00873	0.00976	0.00667	0.00442	0.00428	0.00123	0.03352	0.00354	0.00304	0.00639
37	0.00699	0.00485	0.00596	0.00553	0.00681	0.00464	0.00419	0.00984	0.10633	0.07333	0.55079	0.06224	0.12640	0.00815	0.00468	0.00131	0.00221	0.00710	0.00435	0.00428
38	0.00605	0.00460	0.00668	0.00662	0.00744	0.00537	0.00515	0.00809	0.05458	0.00986	0.01120	0.01589	0.01027	0.02896	0.79217	0.00622	0.01042	0.00436	0.00229	0.00379
39	0.01048	0.00938	0.01567	0.07947	0.70859	0.00949	0.01188	0.03684	0.00958	0.05768	0.00812	0.01029	0.00657	0.00376	0.00402	0.00122	0.00478	0.00364	0.00222	0.00634
40	0.05723	0.26498	0.03346	0.03709	0.14224	0.23041	0.00829	0.02106	0.00925	0.01134	0.04987	0.00902	0.00715	0.00439	0.00449	0.00114	0.09838	0.00302	0.00209	0.00508
41	0.00951	0.00483	0.00527	0.00482	0.00626	0.00484	0.00373	0.01243	0.10134	0.14305	0.01404	0.01492	0.01057	0.00486	0.00318	0.00104	0.00228	0.00392	0.64456	0.00457
42	0.01009	0.00872	0.00917	0.00826	0.01055	0.01009	0.00642	0.02156	0.82478	0.01697	0.01651	0.01514	0.01238	0.00550	0.00413	0.00138	0.00321	0.00459	0.00413	0.00642
43	0.00570	0.00411	0.00554	0.00642	0.00706	0.00396	0.00505	0.00698	0.00862	0.01125	0.02319	0.41341	0.07886	0.01183	0.00536	0.00173	0.00299	0.39067	0.00375	0.00351
44	0.00580	0.00434	0.00648	0.00648	0.00719	0.00505	0.00503	0.00722	0.00651	0.00939	0.01090	0.01613	0.01022	0.04506	0.82682	0.00647	0.01074	0.00437	0.00218	0.00360
45	0.01080	0.00907	0.00957	0.00840	0.01082	0.01042	0.00659	0.12743	0.71776	0.01811	0.01561	0.01442	0.01166	0.00542	0.00412	0.00136	0.00338	0.00446	0.00412	0.00649
46	0.01035	0.00884	0.00932	0.00831	0.01065	0.01021	0.00648	0.05997	0.78595	0.01739	0.01619	0.01488	0.01212	0.00547	0.00412	0.00137	0.00327	0.00454	0.00412	0.00644
47	0.00494	0.00353	0.00471	0.00565	0.00588	0.00330	0.00377	0.00565	0.00777	0.01036	0.02236	0.85477	0.02683	0.01271	0.00518	0.00165	0.00235	0.01153	0.00377	0.00330
48	0.01557	0.01113	0.01203	0.00922	0.01246	0.01223	0.00762	0.77627	0.01868	0.06843	0.01007	0.00996	0.00707	0.00488	0.00406	0.00122	0.00441	0.00368	0.00411	0.00690
49	0.00878	0.00743	0.00861	0.00619	0.00977	0.00579	0.00496	0.05303	0.00898	0.01387	0.00735	0.00848	0.00606	0.00310	0.00306	0.00063	0.00308	0.00247	0.00249	0.83586
50	0.00756	0.00378	0.00378	0.00378	0.00473	0.00378	0.00284	0.00945	0.00851	0.01513	0.01324	0.01513	0.01040	0.00473	0.00284	0.00095	0.00189	0.00378	0.87994	0.00378
51	0.01124	0.42924	0.01550	0.00771	0.01034	0.09929	0.00679	0.11318	0.05773	0.03247	0.00946	0.01077	0.05279	0.04980	0.00501	0.00124	0.07657	0.00326	0.00244	0.00517
52	0.00654	0.00467	0.00654	0.00747	0.00841	0.00467	0.00654	0.00841	0.00934	0.01214	0.02148	0.04576	0.02335	0.01121	0.00560	0.00187	0.00374	0.80480	0.00374	0.00374
53	0.00756	0.00378	0.00378	0.00378	0.00473	0.00378	0.00284	0.00945	0.00851	0.01513	0.01324	0.01513	0.01040	0.00473	0.00284	0.00095	0.00189	0.00378	0.87994	0.00378
54	0.01156	0.00933	0.00992	0.00850	0.01105	0.01062	0.00673	0.21782	0.61027	0.03525	0.01484	0.01378	0.01099	0.00534	0.00411	0.00133	0.00352	0.00435	0.00413	0.00655
55	0.88607	0.00785	0.00596	0.00534	0.00785	0.00910	0.00439	0.01193	0.00690	0.01820	0.00565	0.00659	0.00439	0.00377	0.00251	0.00126	0.00314	0.00220	0.00251	0.00439
56	0.01719	0.00762	0.00975	0.00757	0.01065	0.00714	0.00622	0.12127	0.07834	0.66606	0.01525	0.01340	0.00983	0.00504	0.00408	0.00126	0.00356	0.00407	0.00483	0.00686
57	0.00698	0.00426	0.00460	0.00437	0.00573	0.00380	0.00333	0.00841	0.00942	0.08682	0.10132	0.02827	0.42045	0.00783	0.00410	0.00121	0.00211	0.00651	0.28656	0.00389
58	0.00493	0.00371	0.00457	0.00521	0.00578	0.00335	0.00358	0.00576	0.00830	0.01072	0.05460	0.60495	0.24604	0.01190	0.00506	0.00156	0.00226	0.01058	0.00379	0.00335
59	0.00557	0.00398	0.00543	0.00637	0.00688	0.00384	0.00486	0.00674	0.00839	0.01106	0.02201	0.53436	0.02545	0.01212	0.00535	0.00173	0.00290	0.32571	0.00375	0.00347
60	0.00581	0.00430	0.00627	0.00627	0.00691	0.00494	0.00477	0.00709	0.00645	0.00924	0.01109	0.01718	0.01068	0.12735	0.74516	0.00622	0.01005	0.00453	0.00221	0.00349
61	0.76589	0.02919	0.00743	0.00722	0.08208	0.00940	0.00526	0.03031	0.00742	0.01771	0.00592	0.00697	0.00465	0.00377	0.00268	0.00124	0.00335	0.00236	0.00248	0.00465
62	0.00499	0.00411	0.00434	0.00428	0.00554	0.00351	0.00318	0.00613	0.00950	0.01172	0.16935	0.03718	0.67238	0.03936	0.00534	0.00144	0.00210	0.00827	0.00384	0.00346
63	0.03784	0.00936	0.01245	0.01531	0.39782	0.06960	0.00870	0.02865	0.00924	0.02278	0.00744	0.00913	0.00616	0.00347	0.00355	0.00096	0.00422	0.00303	0.00226	0.34803
64	0.00766	0.00721	0.01217	0.84767	0.02794	0.00901	0.01127	0.01037	0.00811	0.01037	0.00721	0.01082	0.00541	0.00406	0.00406	0.00135	0.00541	0.00361	0.00180	0.00451
65	0.00610	0.00403	0.00492	0.00475	0.00570	0.00377	0.00354	0.00791	0.01048	0.01545	0.55344	0.06164	0.07549	0.00772	0.00433	0.00122	0.00193	0.00672	0.21709	0.00377
66	0.00574	0.00415	0.00542	0.00510	0.00606	0.00383	0.00383	0.00766	0.01148	0.01627	0.82997	0.03031	0.03828	0.00829	0.00479	0.00128	0.00191	0.00734	0.00447	0.00383
67	0.00562	0.00413	0.00519	0.00550	0.00635	0.00385	0.00421	0.00702	0.00946	0.01261	0.26286	0.18940	0.19867	0.05353	0.00583	0.00163	0.00256	0.19703	0.02098	0.00355
68	0.85649	0.00777	0.00600	0.00535	0.00785	0.00896	0.00440	0.01204	0.00702	0.03410	0.00596	0.00685	0.00459	0.00380	0.00255	0.00125	0.00313	0.00226	0.01519	0.00443
69	0.00814	0.02099	0.83640	0.01156	0.01756	0.00942	0.01499	0.01285	0.00857	0.01285	0.00728	0.00857	0.00514	0.00385	0.00385	0.00128	0.00600	0.00300	0.00171	0.00600
70	0.01487	0.03504	0.01173	0.01037	0.01244	0.77939	0.00785	0.03330	0.01142	0.01026	0.00630	0.00741	0.00527	0.00428	0.00397	0.00107	0.03552	0.00266	0.00212	0.00475
71	0.00846	0.16364	0.15713	0.01133	0.18925	0.00874	0.03268	0.02294	0.02594	0.02295	0.25167	0.01688	0.06108	0.00544	0.00403	0.00120	0.00394	0.00468	0.00284	0.00518
72	0.01252	0.01382	0.01029	0.00931	0.01151	0.40918	0.00710	0.01899	0.43422	0.01359	0.01159	0.01138	0.00895	0.00487	0.00390	0.00122	0.00518	0.00364	0.00315	0.00560
73	0.00587	0.00396	0.00462	0.00462	0.00473	0.00399	0.00273	0.00608	0.00627	0.00846	0.05613	0.04246	0.01593	0.74146	0.07335	0.00392	0.00425	0.00599	0.00257	0.00262
74	0.00807	0.00787	0.05837	0.02564	0.26001	0.00705	0.12517	0.01041	0.00969	0.02952	0.21729	0.06614	0.01781	0.01670	0.01914	0.00149	0.00425	0.10741	0.00300	0.00498
75	0.68219	0.00867	0.00742	0.00627	0.00896	0.00992	0.00517	0.20083	0.00975	0.01993	0.00661	0.00733	0.00498	0.00402	0.00287	0.00125	0.00345	0.00254	0.00287	0.00498

[dist]
# distance from previous block
# <min> <max>
0	1

[block]
# block no. 4 follows, 66 sequences, length 8
# corresponding to MSA columns:
# 132-139
name=unknown_E
#
# <colnr> <probs for GDERKNQSTAVLIFYWHMCP>
#	G	D	E	R	K	N	Q	S	T	A	V	L	I	F	Y	W	H	M	C	P
0	0.44874	0.00924	0.08107	0.00675	0.00965	0.05675	0.00596	0.01451	0.00877	0.27519	0.00938	0.00986	0.00669	0.03693	0.00389	0.00135	0.00377	0.00303	0.00321	0.00527
1	0.00802	0.06292	0.72966	0.01075	0.01625	0.00930	0.01365	0.01227	0.00860	0.01253	0.00983	0.01083	0.06931	0.00433	0.00386	0.00127	0.00560	0.00339	0.00187	0.00576
2	0.02523	0.27679	0.22317	0.04435	0.13680	0.01142	0.05912	0.03557	0.00905	0.07355	0.02277	0.00919	0.00645	0.00404	0.00403	0.00117	0.04629	0.00316	0.00217	0.00567
3	0.00571	0.00411	0.00584	0.00614	0.00655	0.00443	0.00446	0.00649	0.00714	0.00991	0.05517	0.37262	0.01805	0.01890	0.31420	0.10101	0.04562	0.00742	0.00290	0.00333
4	0.00503	0.00363	0.00477	0.00561	0.00596	0.00338	0.00383	0.00584	0.00806	0.01069	0.05462	0.74448	0.07412	0.01234	0.00516	0.00163	0.00237	0.04136	0.00379	0.00334
5	0.00946	0.00937	0.10077	0.23184	0.20820	0.00848	0.09521	0.01279	0.07116	0.09718	0.05531	0.01382	0.05908	0.00468	0.00420	0.00130	0.00472	0.00430	0.00264	0.00550
6	0.03280	0.01189	0.13332	0.01245	0.13467	0.01069	0.09360	0.38069	0.04374	0.09140	0.00962	0.01022	0.00692	0.00440	0.00407	0.00125	0.00482	0.00371	0.00326	0.00648
7	0.00930	0.01007	0.06465	0.46242	0.09659	0.11360	0.02662	0.05854	0.00926	0.01168	0.00795	0.03472	0.00657	0.00461	0.00455	0.00133	0.04908	0.02146	0.00209	0.00491

[dist]
# distance from previous block
# <min> <max>
0	1

[block]
# block no. 5 follows, 66 sequences, length 33
# corresponding to MSA columns:
# 141-173
name=unknown_F
#
# <colnr> <probs for GDERKNQSTAVLIFYWHMCP>
#	G	D	E	R	K	N	Q	S	T	A	V	L	I	F	Y	W	H	M	C	P
0	0.78411	0.03063	0.00696	0.00615	0.02549	0.06765	0.00487	0.01224	0.00731	0.01730	0.00573	0.00671	0.00452	0.00378	0.00263	0.00123	0.00350	0.00226	0.00245	0.00448
1	0.00672	0.00473	0.00591	0.02496	0.00690	0.00477	0.00427	0.00867	0.03023	0.04326	0.46388	0.02612	0.13866	0.00764	0.00508	0.00128	0.06714	0.00640	0.13938	0.00400
2	0.00855	0.01919	0.69991	0.01308	0.09706	0.00955	0.05242	0.03062	0.00891	0.01318	0.00741	0.00885	0.00535	0.00383	0.00392	0.00128	0.00589	0.00316	0.00181	0.00603
3	0.00572	0.00417	0.00539	0.00518	0.00611	0.00388	0.00385	0.00766	0.02485	0.01561	0.72306	0.10462	0.05722	0.00870	0.00481	0.00131	0.00198	0.00770	0.00438	0.00381
4	0.00674	0.00505	0.00684	0.05570	0.07448	0.00489	0.00507	0.01747	0.01051	0.05234	0.46719	0.05924	0.18406	0.00800	0.00485	0.00132	0.02123	0.00694	0.00391	0.00417
5	0.01078	0.01239	0.00913	0.00827	0.00993	0.44789	0.03086	0.01221	0.01124	0.01241	0.30983	0.03513	0.06117	0.00616	0.00420	0.00117	0.00495	0.00491	0.00308	0.00431
6	0.00622	0.00442	0.00575	0.00609	0.00691	0.00432	0.00462	0.00832	0.06688	0.03108	0.26672	0.32901	0.02791	0.02626	0.00535	0.00160	0.00265	0.18806	0.00400	0.00384
7	0.01171	0.37643	0.07776	0.01121	0.10022	0.23895	0.08914	0.03048	0.00962	0.01097	0.00649	0.00777	0.00547	0.00373	0.00338	0.00104	0.00557	0.00280	0.00194	0.00532
8	0.01194	0.62847	0.03235	0.00781	0.01108	0.14343	0.00729	0.09568	0.00987	0.01131	0.00619	0.00700	0.00538	0.00373	0.00294	0.00094	0.00484	0.00240	0.00203	0.00532
9	0.01060	0.07144	0.37532	0.01212	0.07928	0.03075	0.13983	0.03435	0.00961	0.14108	0.02124	0.01006	0.00675	0.00399	0.00395	0.00123	0.00536	0.00350	0.00244	0.03708
10	0.06825	0.06935	0.16201	0.33104	0.22446	0.00967	0.03175	0.01174	0.00849	0.02167	0.00724	0.00963	0.00562	0.00383	0.00381	0.00125	0.00511	0.00332	0.00193	0.01983
11	0.00756	0.00378	0.00378	0.00378	0.00473	0.00378	0.00284	0.00945	0.00851	0.01513	0.01324	0.01513	0.01040	0.00473	0.00284	0.00095	0.00189	0.00378	0.87994	0.00378
12	0.00875	0.00874	0.04608	0.05753	0.54002	0.00838	0.02749	0.01119	0.02401	0.01246	0.01204	0.01418	0.10291	0.00750	0.09942	0.00185	0.00527	0.00429	0.00225	0.00563
13	0.02986	0.27228	0.16262	0.02593	0.09417	0.03667	0.03783	0.06464	0.08556	0.13961	0.00913	0.00962	0.00685	0.00411	0.00356	0.00115	0.00463	0.00321	0.00267	0.00591
14	0.00489	0.00382	0.00445	0.00492	0.00570	0.00337	0.00345	0.00578	0.00855	0.01078	0.05095	0.45400	0.40197	0.01147	0.00499	0.00151	0.00220	0.01004	0.00378	0.00337
15	0.00623	0.00448	0.00616	0.00706	0.00791	0.00441	0.00598	0.00789	0.00910	0.01183	0.02240	0.16733	0.05638	0.01140	0.00551	0.00181	0.00346	0.65328	0.00374	0.00366
16	0.01233	0.07773	0.01611	0.02550	0.27425	0.04949	0.17717	0.12126	0.03743	0.15437	0.00952	0.01059	0.00708	0.00406	0.00407	0.00122	0.00499	0.00381	0.00285	0.00617
17	0.00962	0.04954	0.08936	0.05967	0.53755	0.00984	0.12285	0.01249	0.02635	0.01289	0.00808	0.02875	0.00675	0.00387	0.00407	0.00124	0.00512	0.00385	0.00205	0.00604
18	0.00590	0.00393	0.00442	0.00442	0.00442	0.00393	0.00246	0.00590	0.00590	0.00787	0.01278	0.02655	0.01475	0.85742	0.02065	0.00393	0.00393	0.00590	0.00246	0.00246
19	0.00483	0.00411	0.00415	0.00414	0.00550	0.00344	0.00311	0.00588	0.00932	0.01114	0.06767	0.03875	0.80378	0.01021	0.00479	0.00137	0.00205	0.00852	0.00379	0.00344
20	0.01073	0.17543	0.12172	0.03709	0.36062	0.01035	0.02534	0.04139	0.03481	0.09779	0.02683	0.02453	0.00762	0.00413	0.00379	0.00118	0.00462	0.00357	0.00245	0.00602
21	0.00901	0.03325	0.70062	0.01164	0.05164	0.00934	0.01382	0.01362	0.04035	0.06749	0.00820	0.00920	0.00580	0.00398	0.00387	0.00128	0.00564	0.00314	0.00204	0.00608
22	0.00817	0.00776	0.01296	0.64516	0.17108	0.00935	0.01132	0.01070	0.00819	0.01084	0.00716	0.01055	0.00559	0.00418	0.00466	0.00135	0.06069	0.00360	0.00184	0.00485
23	0.00841	0.00721	0.00841	0.00601	0.00961	0.00541	0.00481	0.01022	0.00841	0.01322	0.00721	0.00841	0.00601	0.00300	0.00300	0.00060	0.00300	0.00240	0.00240	0.88222
24	0.03578	0.02799	0.27132	0.01320	0.01738	0.01019	0.35894	0.07750	0.00977	0.05882	0.00812	0.00990	0.00598	0.00406	0.00497	0.00134	0.07287	0.00389	0.00226	0.00571
25	0.00957	0.57818	0.15417	0.00731	0.01078	0.01288	0.00768	0.01145	0.00845	0.01070	0.03732	0.03922	0.04588	0.00441	0.00309	0.00101	0.00423	0.00319	0.04541	0.00507
26	0.00705	0.00352	0.00529	0.00529	0.00529	0.00352	0.00352	0.00529	0.00529	0.00705	0.00705	0.01233	0.00705	0.01409	0.01586	0.88196	0.00352	0.00352	0.00176	0.00176
27	0.01063	0.02506	0.00883	0.00785	0.00903	0.33359	0.00577	0.04368	0.00894	0.03701	0.00928	0.01503	0.00914	0.29133	0.09615	0.00264	0.07563	0.00405	0.00237	0.00399
28	0.00826	0.02016	0.76951	0.01202	0.01786	0.00949	0.08104	0.01286	0.00865	0.01286	0.00736	0.00876	0.00522	0.00382	0.00393	0.00129	0.00607	0.00315	0.00174	0.00595
29	0.01145	0.78964	0.02028	0.00696	0.01041	0.01522	0.00686	0.01278	0.00852	0.07749	0.00649	0.00711	0.00560	0.00360	0.00272	0.00090	0.00427	0.00233	0.00201	0.00535
30	0.00513	0.00450	0.00479	0.00465	0.00591	0.00417	0.00356	0.00615	0.00900	0.01086	0.03816	0.03656	0.76254	0.01001	0.00550	0.00140	0.07186	0.00815	0.00360	0.00351
31	0.81382	0.00779	0.00616	0.00539	0.00799	0.00880	0.00443	0.01179	0.00703	0.01779	0.00578	0.00674	0.00453	0.00370	0.00255	0.00120	0.00313	0.00221	0.00250	0.07666
32	0.00781	0.01621	0.57367	0.01061	0.04408	0.00831	0.02568	0.01218	0.05727	0.01350	0.13337	0.04146	0.02826	0.00504	0.00410	0.00130	0.00498	0.00420	0.00240	0.00556

[dist]
# distance from previous block
# <min> <max>
0	13

# created by:
# /st0/software/busco_prod/Augustus/scripts/msa2prfl.pl ./align_prep/35117.fa
