[name]
unknown

[dist]
# distance from previous block
# <min> <max>
0	94

[block]
# block no. 0 follows, 69 sequences, length 28
# corresponding to MSA columns:
# 105-132
name=unknown_A
#
# <colnr> <probs for GDERKNQSTAVLIFYWHMCP>
#	G	D	E	R	K	N	Q	S	T	A	V	L	I	F	Y	W	H	M	C	P
0	0.00632	0.00451	0.00632	0.00722	0.00812	0.00451	0.00632	0.00812	0.00902	0.01173	0.02076	0.04422	0.02256	0.01083	0.00541	0.00180	0.00361	0.81138	0.00361	0.00361
1	0.00970	0.00931	0.01591	0.02406	0.83777	0.00931	0.01203	0.01203	0.00893	0.01281	0.00737	0.00970	0.00621	0.00349	0.00388	0.00116	0.00466	0.00349	0.00194	0.00621
2	0.00559	0.00376	0.00433	0.00443	0.00448	0.00373	0.00256	0.00571	0.00604	0.00808	0.03302	0.12408	0.01617	0.74170	0.01783	0.00348	0.00357	0.00638	0.00257	0.00250
3	0.00483	0.00350	0.00458	0.00542	0.00576	0.00325	0.00370	0.00558	0.00768	0.01012	0.02292	0.76392	0.08595	0.01205	0.00499	0.00158	0.00231	0.04500	0.00364	0.00321
4	0.00975	0.00842	0.00886	0.00798	0.01019	0.00975	0.00621	0.02083	0.83069	0.01640	0.01596	0.01463	0.01197	0.00532	0.00399	0.00133	0.00310	0.00443	0.00399	0.00621
5	0.01081	0.00895	0.00946	0.00819	0.01060	0.01024	0.00646	0.18580	0.66400	0.01810	0.01461	0.01356	0.01088	0.00519	0.00398	0.00130	0.00335	0.00425	0.00398	0.00630
6	0.01464	0.01868	0.01111	0.01010	0.01212	0.84648	0.00757	0.01565	0.01111	0.00959	0.00606	0.00707	0.00505	0.00404	0.00353	0.00101	0.00707	0.00252	0.00202	0.00454
7	0.00570	0.00380	0.00428	0.00428	0.00428	0.00380	0.00238	0.00570	0.00570	0.00760	0.01235	0.02566	0.01425	0.86222	0.01995	0.00380	0.00380	0.00570	0.00238	0.00238
8	0.00518	0.00379	0.00487	0.00503	0.00574	0.00347	0.00361	0.00652	0.00958	0.01315	0.46281	0.33063	0.11158	0.00975	0.00476	0.00137	0.00202	0.00867	0.00400	0.00347
9	0.00926	0.00902	0.01581	0.13680	0.57838	0.00922	0.11307	0.01204	0.03655	0.01249	0.00795	0.01079	0.00657	0.00374	0.00402	0.00122	0.00491	0.02035	0.00202	0.00578
10	0.00731	0.00365	0.00365	0.00365	0.00457	0.00365	0.00274	0.00913	0.00822	0.01462	0.01279	0.01462	0.01005	0.00457	0.00274	0.00091	0.00183	0.00365	0.88399	0.00365
11	0.01519	0.00845	0.01002	0.00769	0.01074	0.00840	0.00633	0.35230	0.03202	0.39292	0.03362	0.01172	0.00888	0.00472	0.00387	0.00115	0.00366	0.00373	0.00422	0.08036
12	0.00612	0.00454	0.00554	0.00510	0.00625	0.00429	0.00388	0.06964	0.01133	0.01562	0.64981	0.02907	0.15785	0.00806	0.00457	0.00124	0.00206	0.00700	0.00418	0.00387
13	0.02270	0.00918	0.01570	0.07129	0.65266	0.00918	0.08158	0.02596	0.00898	0.01290	0.00739	0.00969	0.00609	0.00350	0.00388	0.00116	0.00475	0.00351	0.00199	0.04792
14	0.10155	0.04197	0.06228	0.00874	0.03696	0.00907	0.05140	0.23900	0.08031	0.31201	0.01128	0.01083	0.00773	0.00448	0.00376	0.00120	0.00396	0.00358	0.00372	0.00618
15	0.00731	0.00365	0.00365	0.00365	0.00457	0.00365	0.00274	0.00913	0.00822	0.01462	0.01279	0.01462	0.01005	0.00457	0.00274	0.00091	0.00183	0.00365	0.88399	0.00365
16	0.01080	0.62428	0.03209	0.00769	0.01090	0.02632	0.07009	0.04513	0.00882	0.06722	0.03039	0.02376	0.00678	0.00388	0.00314	0.00096	0.01765	0.00283	0.00213	0.00515
17	0.13144	0.00974	0.01024	0.10331	0.05446	0.08383	0.00719	0.32472	0.11001	0.06731	0.02954	0.02399	0.01785	0.00470	0.00373	0.00121	0.00418	0.00364	0.00327	0.00565
18	0.01442	0.01104	0.01132	0.00891	0.01187	0.06331	0.00727	0.66113	0.10538	0.04998	0.01011	0.00996	0.00724	0.00474	0.00391	0.00118	0.00432	0.00358	0.00384	0.00649
19	0.05220	0.05602	0.06799	0.00826	0.01050	0.33674	0.00679	0.05825	0.10574	0.05125	0.06547	0.09165	0.03221	0.00550	0.00380	0.00117	0.00479	0.02012	0.00284	0.01869
20	0.02536	0.51050	0.08480	0.00953	0.11623	0.07697	0.00786	0.02616	0.03774	0.01077	0.01930	0.04531	0.00683	0.00402	0.00308	0.00100	0.00443	0.00295	0.00199	0.00516
21	0.01516	0.01338	0.01116	0.00917	0.01186	0.33324	0.00727	0.40559	0.01465	0.12715	0.00892	0.00903	0.00645	0.00447	0.00378	0.00112	0.00525	0.00320	0.00331	0.00585
22	0.00569	0.00383	0.00442	0.00442	0.00447	0.00388	0.00256	0.00580	0.00574	0.00771	0.01222	0.02491	0.01393	0.80143	0.08030	0.00398	0.00429	0.00559	0.00236	0.00246
23	0.00813	0.00697	0.00813	0.00581	0.00929	0.00523	0.00465	0.00987	0.00813	0.01277	0.00697	0.00813	0.00581	0.00290	0.00290	0.00058	0.00290	0.00232	0.00232	0.88619
24	0.00478	0.00341	0.00455	0.00546	0.00569	0.00318	0.00364	0.00546	0.00751	0.01001	0.02161	0.85966	0.02593	0.01228	0.00500	0.00159	0.00227	0.01114	0.00364	0.00318
25	0.00946	0.00929	0.03105	0.16323	0.31230	0.00952	0.22380	0.05123	0.03249	0.03354	0.02129	0.01049	0.00665	0.00397	0.00472	0.00128	0.06416	0.00387	0.00216	0.00550
26	0.00563	0.00409	0.00576	0.00576	0.00628	0.00461	0.00423	0.00666	0.00614	0.00870	0.01099	0.01812	0.01098	0.24996	0.62774	0.00564	0.00873	0.00460	0.00217	0.00320
27	0.02292	0.15689	0.17242	0.04270	0.05163	0.13148	0.07859	0.16528	0.04328	0.02488	0.03694	0.01041	0.03718	0.00430	0.00368	0.00114	0.00498	0.00343	0.00249	0.00541

[dist]
# distance from previous block
# <min> <max>
0	2

[block]
# block no. 1 follows, 69 sequences, length 7
# corresponding to MSA columns:
# 135,136,143-147
name=unknown_B
#
# <colnr> <probs for GDERKNQSTAVLIFYWHMCP>
#	G	D	E	R	K	N	Q	S	T	A	V	L	I	F	Y	W	H	M	C	P
0	0.01039	0.19019	0.26102	0.01204	0.14294	0.10210	0.07292	0.03170	0.07020	0.05901	0.00792	0.00892	0.00609	0.00382	0.00358	0.00113	0.00512	0.00311	0.00217	0.00563
1	0.00688	0.00389	0.00413	0.00421	0.00510	0.00389	0.00310	0.00898	0.05079	0.01388	0.04352	0.14492	0.04680	0.00612	0.00329	0.00107	0.00197	0.00514	0.63862	0.00370
2	0.00923	0.01270	0.22948	0.01444	0.08654	0.00973	0.41555	0.04687	0.10955	0.01351	0.00870	0.01036	0.00648	0.00373	0.00423	0.00128	0.00572	0.00402	0.00222	0.00566
3	0.00492	0.00359	0.00466	0.00542	0.00585	0.00333	0.00379	0.00578	0.00794	0.01046	0.05867	0.66810	0.11346	0.01172	0.00498	0.00157	0.00233	0.07649	0.00367	0.00326
4	0.00686	0.00912	0.23262	0.00760	0.01029	0.00575	0.08297	0.00940	0.00976	0.04910	0.34749	0.02280	0.17697	0.00665	0.00435	0.00126	0.00345	0.00582	0.00327	0.00447
5	0.00809	0.00870	0.01803	0.07264	0.01752	0.00829	0.57772	0.01075	0.00883	0.01182	0.01197	0.16266	0.05320	0.00529	0.00464	0.00137	0.00550	0.00590	0.00235	0.00474
6	0.00963	0.25637	0.28293	0.01152	0.07114	0.07517	0.16388	0.01299	0.05916	0.01159	0.00725	0.00854	0.00569	0.00365	0.00356	0.00112	0.00535	0.00310	0.00191	0.00544

[dist]
# distance from previous block
# <min> <max>
0	17

[block]
# block no. 2 follows, 69 sequences, length 40
# corresponding to MSA columns:
# 165-204
name=unknown_C
#
# <colnr> <probs for GDERKNQSTAVLIFYWHMCP>
#	G	D	E	R	K	N	Q	S	T	A	V	L	I	F	Y	W	H	M	C	P
0	0.02915	0.01495	0.40637	0.01000	0.01424	0.03399	0.05392	0.26962	0.03894	0.01635	0.01038	0.01097	0.06448	0.00451	0.00387	0.00123	0.00499	0.00359	0.00264	0.00581
1	0.00723	0.00719	0.03130	0.00925	0.01162	0.00652	0.29652	0.04154	0.03560	0.02497	0.05294	0.09885	0.33388	0.00709	0.00469	0.00134	0.01546	0.00662	0.00304	0.00437
2	0.00862	0.26863	0.55600	0.00990	0.01480	0.01092	0.03566	0.01209	0.00817	0.01140	0.00668	0.00793	0.00513	0.00421	0.02325	0.00124	0.00546	0.00274	0.00168	0.00550
3	0.00612	0.00429	0.00522	0.00549	0.03937	0.00440	0.00329	0.03019	0.00644	0.00877	0.01257	0.03247	0.03251	0.64370	0.12643	0.00380	0.00463	0.00542	0.02202	0.00287
4	0.01359	0.10763	0.01276	0.01081	0.07414	0.60291	0.02885	0.07191	0.01108	0.01102	0.01727	0.00773	0.00569	0.00401	0.00352	0.00103	0.00631	0.00274	0.00214	0.00488
5	0.01987	0.00687	0.00838	0.00672	0.04202	0.00558	0.00510	0.02690	0.00841	0.07487	0.00799	0.00927	0.00649	0.00561	0.08250	0.00121	0.00375	0.00269	0.00251	0.67325
6	0.00880	0.07839	0.64215	0.01119	0.01640	0.03570	0.09416	0.01276	0.00856	0.04585	0.00733	0.00853	0.00526	0.00371	0.00373	0.00121	0.00570	0.00304	0.00183	0.00569
7	0.00570	0.00381	0.00434	0.00434	0.00436	0.00383	0.00245	0.00574	0.00572	0.00765	0.01230	0.02535	0.01412	0.83750	0.04449	0.00387	0.00400	0.00566	0.00237	0.00241
8	0.00484	0.00371	0.00446	0.00497	0.00568	0.00333	0.00354	0.00576	0.00830	0.01059	0.06648	0.46480	0.33214	0.01111	0.00487	0.00149	0.00222	0.05475	0.00367	0.00328
9	0.00649	0.00439	0.00563	0.00601	0.03235	0.00412	0.00421	0.03214	0.02308	0.07322	0.19144	0.40016	0.14300	0.00972	0.00469	0.00142	0.00241	0.03464	0.01705	0.00384
10	0.13511	0.01108	0.01071	0.16646	0.01380	0.22729	0.00786	0.14332	0.00995	0.04144	0.00681	0.00852	0.00541	0.00471	0.00556	0.00128	0.19044	0.00306	0.00236	0.00483
11	0.00532	0.00417	0.00494	0.00529	0.00641	0.00378	0.00430	0.00666	0.00905	0.01127	0.07160	0.05693	0.46969	0.01023	0.00494	0.00151	0.00260	0.31421	0.00366	0.00344
12	0.00479	0.00356	0.00448	0.00519	0.00566	0.00325	0.00357	0.00558	0.00788	0.01025	0.03817	0.66666	0.18646	0.01172	0.00493	0.00154	0.00224	0.02721	0.00365	0.00323
13	0.00967	0.53561	0.23250	0.00805	0.01196	0.03889	0.02243	0.01185	0.00824	0.01047	0.02303	0.00748	0.00573	0.00354	0.00296	0.00095	0.00461	0.00248	0.00178	0.05775
14	0.00777	0.00735	0.01243	0.71895	0.15795	0.00881	0.01107	0.01034	0.00801	0.01047	0.00703	0.01033	0.00538	0.00385	0.00391	0.00128	0.00513	0.00349	0.00177	0.00465
15	0.00504	0.00369	0.00473	0.00509	0.00570	0.00338	0.00358	0.00617	0.00896	0.01212	0.31489	0.46414	0.12707	0.01047	0.00482	0.00143	0.00209	0.00935	0.00388	0.00338
16	0.01033	0.66000	0.13544	0.00792	0.01155	0.06757	0.03831	0.01212	0.00826	0.00982	0.00580	0.00678	0.00506	0.00345	0.00283	0.00092	0.00469	0.00233	0.00171	0.00512
17	0.00681	0.00340	0.00511	0.00511	0.00511	0.00340	0.00340	0.00511	0.00511	0.00681	0.00681	0.01192	0.00681	0.01362	0.01532	0.88594	0.00340	0.00340	0.00170	0.00170
18	0.01196	0.34457	0.01426	0.00770	0.01072	0.21634	0.01698	0.07896	0.00989	0.07689	0.00703	0.00770	0.00570	0.00366	0.00309	0.00089	0.00462	0.00254	0.00232	0.17416
19	0.05219	0.00671	0.00897	0.00690	0.00991	0.00588	0.00570	0.01880	0.01104	0.80785	0.01507	0.01307	0.00949	0.00480	0.00388	0.00121	0.00332	0.00387	0.00476	0.00658
20	0.00515	0.00389	0.00477	0.00489	0.00573	0.00354	0.00354	0.00658	0.02150	0.01277	0.38612	0.27327	0.23445	0.00970	0.00473	0.00136	0.00203	0.00853	0.00394	0.00349
21	0.00512	0.00375	0.00481	0.00505	0.00572	0.00344	0.00360	0.00637	0.00932	0.01271	0.40029	0.38634	0.11885	0.01005	0.00479	0.00140	0.00205	0.00896	0.00395	0.00344
22	0.01072	0.00944	0.04738	0.07606	0.30452	0.00927	0.10657	0.18900	0.04667	0.07064	0.01020	0.02642	0.01907	0.00460	0.00410	0.00126	0.00461	0.05085	0.00278	0.00584
23	0.00555	0.00401	0.00524	0.00493	0.00586	0.00370	0.00370	0.00740	0.01110	0.01572	0.83570	0.02928	0.03699	0.00801	0.00462	0.00123	0.00185	0.00709	0.00432	0.00370
24	0.01651	0.00638	0.00860	0.00668	0.00950	0.00555	0.00549	0.01806	0.01101	0.75825	0.03905	0.01390	0.01052	0.00492	0.00388	0.00119	0.00319	0.00401	0.06693	0.00637
25	0.03658	0.00907	0.02599	0.10113	0.18823	0.03600	0.07666	0.16588	0.01118	0.25533	0.01029	0.01093	0.01620	0.00436	0.00424	0.00123	0.03390	0.00370	0.00316	0.00594
26	0.01004	0.68677	0.17993	0.00763	0.01144	0.02785	0.00823	0.01193	0.00808	0.00985	0.00577	0.00669	0.00502	0.00344	0.00277	0.00092	0.00455	0.00226	0.00168	0.00517
27	0.00478	0.00341	0.00455	0.00546	0.00569	0.00318	0.00364	0.00546	0.00751	0.01001	0.02161	0.85966	0.02593	0.01228	0.00500	0.00159	0.00227	0.01114	0.00364	0.00318
28	0.88991	0.00758	0.00576	0.00516	0.00758	0.00879	0.00425	0.01152	0.00667	0.01759	0.00546	0.00637	0.00425	0.00364	0.00243	0.00121	0.00303	0.00212	0.00243	0.00425
29	0.01454	0.01827	0.01123	0.01038	0.03034	0.80540	0.00767	0.03750	0.01126	0.01008	0.00618	0.00719	0.00512	0.00405	0.00355	0.00102	0.00694	0.00257	0.00207	0.00464
30	0.01132	0.10985	0.11575	0.00936	0.04017	0.17113	0.02167	0.12213	0.28182	0.03854	0.03265	0.01087	0.00859	0.00453	0.00371	0.00117	0.00457	0.00352	0.00298	0.00569
31	0.04933	0.09666	0.03130	0.00849	0.01152	0.01124	0.02691	0.50817	0.09057	0.08426	0.01021	0.03636	0.00767	0.00477	0.00377	0.00118	0.00409	0.00369	0.00360	0.00620
32	0.00477	0.00345	0.00451	0.00536	0.00566	0.00319	0.00359	0.00547	0.00760	0.01005	0.02282	0.80442	0.08039	0.01212	0.00498	0.00157	0.00226	0.01095	0.00364	0.00319
33	0.00813	0.00697	0.00813	0.00581	0.00929	0.00523	0.00465	0.00987	0.00813	0.01277	0.00697	0.00813	0.00581	0.00290	0.00290	0.00058	0.00290	0.00232	0.00232	0.88619
34	0.01077	0.03929	0.02490	0.01725	0.01171	0.04873	0.13142	0.09492	0.05205	0.14564	0.03305	0.03738	0.00848	0.00421	0.00368	0.00101	0.00398	0.01349	0.00298	0.31506
35	0.02924	0.02741	0.03200	0.01008	0.04232	0.14212	0.16765	0.05654	0.22122	0.05939	0.11170	0.02453	0.02944	0.01405	0.00433	0.00126	0.01392	0.00442	0.00310	0.00527
36	0.00937	0.00893	0.01518	0.05401	0.76539	0.00898	0.01156	0.01162	0.00881	0.01256	0.00808	0.05279	0.00717	0.00395	0.00394	0.00119	0.00456	0.00388	0.00202	0.00599
37	0.00813	0.00697	0.00813	0.00581	0.00929	0.00523	0.00465	0.00987	0.00813	0.01277	0.00697	0.00813	0.00581	0.00290	0.00290	0.00058	0.00290	0.00232	0.00232	0.88619
38	0.00849	0.05740	0.43858	0.00933	0.01335	0.00848	0.04668	0.07185	0.07186	0.03974	0.13219	0.03189	0.04331	0.00498	0.00394	0.00124	0.00455	0.00414	0.00263	0.00539
39	0.10583	0.10628	0.01987	0.00577	0.00694	0.09285	0.00433	0.01776	0.00755	0.01026	0.01466	0.21508	0.09158	0.26013	0.00876	0.00202	0.01816	0.00597	0.00268	0.00353

[dist]
# distance from previous block
# <min> <max>
1	17

[block]
# block no. 3 follows, 69 sequences, length 49
# corresponding to MSA columns:
# 222-270
name=unknown_D
#
# <colnr> <probs for GDERKNQSTAVLIFYWHMCP>
#	G	D	E	R	K	N	Q	S	T	A	V	L	I	F	Y	W	H	M	C	P
0	0.00894	0.16137	0.54341	0.00987	0.01475	0.03003	0.03473	0.01255	0.02027	0.04452	0.00722	0.00825	0.00537	0.00365	0.00348	0.00111	0.00519	0.00282	0.00189	0.08056
1	0.04160	0.37423	0.30781	0.00870	0.01263	0.12160	0.00942	0.03846	0.00886	0.01137	0.02886	0.00782	0.00591	0.00376	0.00318	0.00104	0.00503	0.00262	0.00189	0.00522
2	0.03565	0.39014	0.10028	0.00866	0.01184	0.23986	0.03827	0.08514	0.03627	0.01160	0.00656	0.00741	0.00541	0.00377	0.00316	0.00100	0.00517	0.00259	0.00207	0.00515
3	0.00821	0.02433	0.15712	0.03392	0.09760	0.00732	0.17831	0.03372	0.00914	0.05208	0.03415	0.11261	0.02998	0.00656	0.00451	0.00142	0.00456	0.19685	0.00276	0.00484
4	0.02991	0.00589	0.00841	0.02477	0.03216	0.00537	0.07290	0.01210	0.02815	0.30347	0.17688	0.10147	0.14631	0.00673	0.00428	0.00127	0.00306	0.00590	0.00392	0.02706
5	0.00492	0.00383	0.00448	0.00471	0.00562	0.00339	0.00343	0.00603	0.00898	0.01154	0.20212	0.27723	0.40384	0.01024	0.00476	0.00140	0.00209	0.03422	0.00378	0.00336
6	0.00477	0.00344	0.00452	0.00537	0.00566	0.00319	0.00360	0.00547	0.00759	0.01004	0.02263	0.81311	0.07183	0.01215	0.00498	0.00158	0.00226	0.01098	0.00364	0.00319
7	0.00906	0.00880	0.01409	0.37440	0.41324	0.05058	0.04030	0.01146	0.00861	0.02186	0.00726	0.00997	0.00577	0.00371	0.00391	0.00122	0.00507	0.00349	0.00190	0.00531
8	0.01037	0.75323	0.04849	0.00768	0.01116	0.01479	0.07173	0.02610	0.00826	0.00987	0.00577	0.00675	0.00513	0.00339	0.00275	0.00090	0.00444	0.00235	0.00174	0.00511
9	0.00483	0.00346	0.00458	0.00545	0.00573	0.00323	0.00368	0.00554	0.00757	0.01004	0.02196	0.80227	0.04787	0.02344	0.00520	0.00162	0.00233	0.03438	0.00362	0.00319
10	0.00837	0.00825	0.01166	0.00997	0.01006	0.01131	0.02781	0.00921	0.00606	0.00937	0.00578	0.00998	0.00589	0.07457	0.01323	0.00187	0.76705	0.00364	0.00177	0.00416
11	0.01113	0.00995	0.00926	0.00805	0.01025	0.14688	0.00629	0.19296	0.37998	0.03108	0.09351	0.02919	0.04312	0.00552	0.00400	0.00124	0.00385	0.00443	0.00368	0.00564
12	0.00482	0.00344	0.00460	0.00551	0.00575	0.00322	0.00371	0.00553	0.00755	0.01005	0.02158	0.83742	0.02584	0.01224	0.00502	0.00160	0.00231	0.03297	0.00364	0.00320
13	0.00482	0.00343	0.00454	0.00541	0.00563	0.00321	0.00359	0.00547	0.00743	0.00990	0.02121	0.82401	0.02543	0.04861	0.00564	0.00169	0.00234	0.01091	0.00359	0.00315
14	0.00493	0.00382	0.00452	0.00483	0.00569	0.00340	0.00352	0.00601	0.00881	0.01131	0.16382	0.31594	0.38116	0.01047	0.00480	0.00143	0.00216	0.05630	0.00375	0.00335
15	0.00899	0.01611	0.43787	0.01354	0.04432	0.07579	0.32178	0.01271	0.00889	0.01226	0.00731	0.00910	0.00539	0.00358	0.00406	0.00125	0.00617	0.00354	0.00182	0.00552
16	0.00986	0.00847	0.00892	0.00800	0.01023	0.00980	0.00623	0.03740	0.81394	0.01657	0.01582	0.01452	0.01186	0.00531	0.00399	0.00133	0.00313	0.00441	0.00399	0.00621
17	0.01190	0.01332	0.08121	0.01236	0.03866	0.22821	0.28603	0.21406	0.01183	0.01477	0.00777	0.00921	0.00590	0.00399	0.00421	0.00119	0.02424	0.00359	0.02212	0.00544
18	0.00464	0.00393	0.00401	0.00408	0.00532	0.00330	0.00302	0.00561	0.00884	0.01055	0.03844	0.09540	0.77933	0.01009	0.00466	0.00134	0.00201	0.00848	0.00364	0.00330
19	0.00707	0.00575	0.02913	0.00622	0.03131	0.01987	0.00471	0.01928	0.14057	0.05585	0.41294	0.05839	0.17830	0.00760	0.00443	0.00127	0.00247	0.00655	0.00395	0.00433
20	0.00864	0.03157	0.69152	0.01140	0.01667	0.08784	0.07360	0.01272	0.00861	0.01212	0.00699	0.00831	0.00505	0.00372	0.00376	0.00122	0.00595	0.00298	0.00171	0.00563
21	0.88991	0.00758	0.00576	0.00516	0.00758	0.00879	0.00425	0.01152	0.00667	0.01759	0.00546	0.00637	0.00425	0.00364	0.00243	0.00121	0.00303	0.00212	0.00243	0.00425
22	0.00933	0.03367	0.28254	0.02624	0.30203	0.00957	0.13672	0.07678	0.03657	0.01366	0.03042	0.00998	0.00680	0.00382	0.00394	0.00122	0.00516	0.00357	0.00214	0.00585
23	0.00632	0.00451	0.00632	0.00722	0.00812	0.00451	0.00632	0.00812	0.00902	0.01173	0.02076	0.04422	0.02256	0.01083	0.00541	0.00180	0.00361	0.81138	0.00361	0.00361
24	0.00877	0.00786	0.02104	0.01212	0.22163	0.00786	0.10297	0.09225	0.16338	0.02311	0.14748	0.01840	0.13640	0.00571	0.00424	0.00126	0.00370	0.01334	0.00320	0.00528
25	0.00731	0.00365	0.00365	0.00365	0.00457	0.00365	0.00274	0.00913	0.00822	0.01462	0.01279	0.01462	0.01005	0.00457	0.00274	0.00091	0.00183	0.00365	0.88399	0.00365
26	0.04184	0.07627	0.09797	0.41942	0.17604	0.10196	0.01054	0.01146	0.00842	0.01097	0.00678	0.00924	0.00531	0.00378	0.00369	0.00120	0.00522	0.00316	0.00182	0.00492
27	0.01454	0.01709	0.01115	0.00989	0.01199	0.69889	0.00754	0.10209	0.01171	0.03795	0.00669	0.00758	0.00538	0.00424	0.00394	0.00106	0.03843	0.00271	0.00230	0.00483
28	0.00731	0.00365	0.00365	0.00365	0.00457	0.00365	0.00274	0.00913	0.00822	0.01462	0.01279	0.01462	0.01005	0.00457	0.00274	0.00091	0.00183	0.00365	0.88399	0.00365
29	0.50020	0.01105	0.14599	0.00862	0.03145	0.08034	0.10164	0.01204	0.00763	0.01493	0.00609	0.00743	0.00473	0.00382	0.00358	0.00124	0.04971	0.00268	0.00216	0.00470
30	0.00859	0.00863	0.01229	0.01045	0.01055	0.01195	0.02926	0.00951	0.00609	0.00951	0.00522	0.00863	0.00517	0.00677	0.01266	0.00171	0.83352	0.00346	0.00172	0.00431
31	0.00535	0.00439	0.00498	0.00509	0.02885	0.00398	0.00365	0.00723	0.05960	0.01245	0.26289	0.05565	0.51381	0.00899	0.00458	0.00130	0.00210	0.00765	0.00381	0.00367
32	0.00561	0.00418	0.00619	0.00619	0.00685	0.00484	0.00476	0.00693	0.00627	0.00902	0.01060	0.01598	0.01005	0.07620	0.80023	0.00616	0.01012	0.00428	0.00212	0.00344
33	0.00603	0.00481	0.00719	0.00687	0.00752	0.00568	0.02757	0.00731	0.00640	0.00921	0.01054	0.03862	0.01027	0.08884	0.62509	0.00523	0.10246	0.02466	0.00215	0.00354
34	0.00466	0.00397	0.00401	0.00400	0.00531	0.00332	0.00300	0.00568	0.00900	0.01075	0.06470	0.03746	0.81109	0.00987	0.00463	0.00132	0.00198	0.00824	0.00366	0.00332
35	0.00970	0.00931	0.01591	0.02406	0.83777	0.00931	0.01203	0.01203	0.00893	0.01281	0.00737	0.00970	0.00621	0.00349	0.00388	0.00116	0.00466	0.00349	0.00194	0.00621
36	0.03836	0.09252	0.03543	0.00970	0.01195	0.72663	0.00760	0.01510	0.01063	0.00986	0.00602	0.00702	0.00502	0.00396	0.00342	0.00101	0.00667	0.00249	0.00199	0.00461
37	0.21800	0.00999	0.01017	0.00799	0.01088	0.01115	0.00657	0.61330	0.01535	0.02258	0.00857	0.00915	0.00631	0.02793	0.00401	0.00126	0.00400	0.00326	0.00353	0.00599
38	0.00467	0.00397	0.00402	0.00401	0.00532	0.00332	0.00301	0.00569	0.00902	0.01079	0.07016	0.03741	0.80561	0.00986	0.00463	0.00132	0.00198	0.00823	0.00367	0.00332
39	0.00935	0.00693	0.00825	0.00596	0.00938	0.00530	0.00479	0.01106	0.00853	0.11972	0.00807	0.00880	0.00631	0.00316	0.00304	0.00066	0.00296	0.00253	0.00265	0.77255
40	0.01465	0.01850	0.01113	0.01007	0.01212	0.82608	0.00757	0.03544	0.01129	0.00996	0.00614	0.00713	0.00509	0.00406	0.00354	0.00101	0.00700	0.00255	0.00207	0.00460
41	0.00524	0.00361	0.00441	0.00487	0.00498	0.00349	0.00301	0.00558	0.00660	0.00880	0.01697	0.44194	0.02008	0.43799	0.01249	0.00270	0.00304	0.00842	0.00301	0.00278
42	0.00478	0.00341	0.00455	0.00546	0.00569	0.00318	0.00364	0.00546	0.00751	0.01001	0.02161	0.85966	0.02593	0.01228	0.00500	0.00159	0.00227	0.01114	0.00364	0.00318
43	0.00478	0.00341	0.00455	0.00546	0.00569	0.00318	0.00364	0.00546	0.00751	0.01001	0.02161	0.85966	0.02593	0.01228	0.00500	0.00159	0.00227	0.01114	0.00364	0.00318
44	0.00813	0.00697	0.00813	0.00581	0.00929	0.00523	0.00465	0.00987	0.00813	0.01277	0.00697	0.00813	0.00581	0.00290	0.00290	0.00058	0.00290	0.00232	0.00232	0.88619
45	0.00813	0.00697	0.00813	0.00581	0.00929	0.00523	0.00465	0.00987	0.00813	0.01277	0.00697	0.00813	0.00581	0.00290	0.00290	0.00058	0.00290	0.00232	0.00232	0.88619
46	0.00858	0.00858	0.01201	0.01029	0.01029	0.01201	0.00858	0.00943	0.00600	0.00943	0.00515	0.00858	0.00515	0.00686	0.01287	0.00172	0.85505	0.00343	0.00172	0.00429
47	0.00478	0.00341	0.00455	0.00546	0.00569	0.00318	0.00364	0.00546	0.00751	0.01001	0.02161	0.85966	0.02593	0.01228	0.00500	0.00159	0.00227	0.01114	0.00364	0.00318
48	0.01490	0.00642	0.00827	0.00655	0.00912	0.00587	0.00534	0.08067	0.02183	0.58727	0.08782	0.01463	0.01197	0.00509	0.00385	0.00118	0.00309	0.00416	0.11596	0.00602

[dist]
# distance from previous block
# <min> <max>
0	2

# created by:
# /st0/software/busco_prod/Augustus/scripts/msa2prfl.pl ./align_prep/35139.fa
