[name]
unknown

[dist]
# distance from previous block
# <min> <max>
0	0

[block]
# block no. 0 follows, 63 sequences, length 35
# corresponding to MSA columns:
# 0-3,5-35
name=unknown_A
#
# <colnr> <probs for GDERKNQSTAVLIFYWHMCP>
#	G	D	E	R	K	N	Q	S	T	A	V	L	I	F	Y	W	H	M	C	P
0	0.00677	0.00484	0.00677	0.00774	0.00871	0.00484	0.00677	0.00871	0.00968	0.01258	0.02226	0.04742	0.02419	0.01161	0.00581	0.00194	0.00387	0.79775	0.00387	0.00387
1	0.00629	0.00441	0.00523	0.00513	0.00518	0.00468	0.00314	0.00645	0.00618	0.00839	0.01264	0.02561	0.01435	0.74119	0.08199	0.00415	0.05390	0.00585	0.00248	0.00276
2	0.01571	0.01399	0.01231	0.00996	0.01295	0.24255	0.00798	0.56262	0.04525	0.02166	0.00933	0.00959	0.00686	0.00487	0.00409	0.00122	0.00541	0.00352	0.00364	0.00650
3	0.00686	0.00475	0.00577	0.00600	0.00690	0.00460	0.00425	0.03623	0.07811	0.06130	0.06738	0.50075	0.13310	0.05602	0.00594	0.00171	0.00268	0.00962	0.00399	0.00405
4	0.00965	0.00708	0.00774	0.00678	0.00856	0.03509	0.00522	0.18825	0.08768	0.07463	0.21773	0.07869	0.14715	0.07273	0.03239	0.00173	0.00351	0.00636	0.00406	0.00496
5	0.01067	0.01087	0.02073	0.01592	0.06547	0.01070	0.56027	0.08146	0.13711	0.02755	0.01007	0.01191	0.00753	0.00404	0.00473	0.00139	0.00612	0.00475	0.00268	0.00603
6	0.00794	0.00747	0.01261	0.84216	0.02895	0.00934	0.01167	0.01074	0.00841	0.01074	0.00747	0.01121	0.00560	0.00420	0.00420	0.00140	0.00560	0.00374	0.00187	0.00467
7	0.10025	0.00500	0.00562	0.00533	0.00639	0.00490	0.00373	0.00907	0.03162	0.10162	0.14885	0.11671	0.11439	0.31627	0.01065	0.00238	0.00316	0.00667	0.00354	0.00383
8	0.01042	0.01171	0.02375	0.01709	0.02122	0.04362	0.74308	0.04910	0.01044	0.01392	0.00850	0.01113	0.00637	0.00364	0.00488	0.00140	0.00700	0.00482	0.00222	0.00570
9	0.06717	0.03900	0.01313	0.01017	0.01279	0.13600	0.15765	0.09589	0.09408	0.13974	0.08142	0.01289	0.01045	0.00617	0.03798	0.00155	0.07082	0.00422	0.00326	0.00564
10	0.00832	0.00551	0.00686	0.02623	0.00817	0.00545	0.00487	0.03807	0.11605	0.11508	0.38066	0.12879	0.09494	0.00906	0.03127	0.00156	0.00289	0.00715	0.00434	0.00472
11	0.06109	0.00837	0.00934	0.00762	0.00997	0.00881	0.00597	0.36193	0.03463	0.17783	0.01340	0.07811	0.02299	0.17181	0.00759	0.00186	0.00400	0.00496	0.00396	0.00576
12	0.09610	0.01761	0.01149	0.01015	0.01255	0.62720	0.00777	0.14361	0.01273	0.01368	0.00701	0.00791	0.00561	0.00441	0.00375	0.00113	0.00671	0.00284	0.00253	0.00521
13	0.00928	0.00878	0.01507	0.01210	0.03758	0.02452	0.31970	0.03188	0.07853	0.04044	0.06609	0.05784	0.01150	0.08973	0.06750	0.00211	0.11430	0.00526	0.00274	0.00504
14	0.01498	0.00671	0.00880	0.00712	0.00964	0.00624	0.00570	0.06115	0.04383	0.53548	0.06293	0.01682	0.03417	0.06322	0.07389	0.02987	0.00416	0.00467	0.00452	0.00610
15	0.00688	0.00515	0.00619	0.00634	0.00732	0.00518	0.00465	0.08233	0.08495	0.01364	0.11605	0.42179	0.10124	0.04642	0.00579	0.00169	0.00283	0.07346	0.00399	0.00414
16	0.01179	0.00959	0.01019	0.00876	0.01133	0.01090	0.00692	0.24294	0.56235	0.01981	0.01539	0.04736	0.01184	0.00582	0.00430	0.00139	0.00366	0.00477	0.00424	0.00666
17	0.00915	0.00556	0.00690	0.00625	0.00756	0.00558	0.00468	0.11646	0.01041	0.12505	0.17262	0.11155	0.03590	0.15211	0.11008	0.04309	0.00420	0.01931	0.04916	0.00439
18	0.17422	0.00814	0.00883	0.00725	0.00978	0.00853	0.00582	0.27924	0.02643	0.19222	0.08920	0.06164	0.06333	0.04091	0.00480	0.00144	0.00358	0.00484	0.00406	0.00574
19	0.08013	0.00538	0.00589	0.00570	0.00704	0.00529	0.00426	0.09925	0.01013	0.03694	0.08074	0.23506	0.28510	0.07034	0.00595	0.00166	0.00282	0.03843	0.01580	0.00409
20	0.00656	0.00446	0.00545	0.00533	0.00624	0.00419	0.00383	0.00794	0.03007	0.05441	0.28912	0.11108	0.18082	0.18589	0.02603	0.02804	0.00293	0.04008	0.00384	0.00370
21	0.02257	0.00473	0.00560	0.00548	0.00687	0.00423	0.00413	0.00887	0.02291	0.13836	0.09654	0.23645	0.37395	0.01011	0.00494	0.00148	0.00253	0.04193	0.00415	0.00419
22	0.05709	0.00736	0.00847	0.00698	0.00945	0.00735	0.00565	0.20110	0.05162	0.27882	0.08315	0.01886	0.11670	0.00625	0.00420	0.00130	0.00331	0.02794	0.09857	0.00583
23	0.11873	0.00618	0.00745	0.00627	0.00848	0.00584	0.00498	0.04230	0.01102	0.36093	0.19697	0.06169	0.07623	0.02421	0.00459	0.00137	0.00298	0.00548	0.04888	0.00541
24	0.00684	0.00462	0.00543	0.00534	0.00615	0.00446	0.00365	0.00843	0.06807	0.06210	0.14949	0.17549	0.15021	0.31837	0.01096	0.00242	0.00305	0.00762	0.00363	0.00368
25	0.00580	0.00457	0.00527	0.00504	0.00631	0.00419	0.00380	0.00800	0.06106	0.01450	0.43233	0.03438	0.38081	0.00931	0.00492	0.00137	0.00213	0.00798	0.00429	0.00395
26	0.00973	0.00598	0.00708	0.00627	0.00811	0.00573	0.00493	0.09444	0.06166	0.18217	0.17246	0.02844	0.25139	0.06587	0.00589	0.00159	0.00302	0.07608	0.00426	0.00489
27	0.09773	0.00545	0.00660	0.00607	0.00773	0.00515	0.00463	0.01155	0.03733	0.23827	0.19006	0.24858	0.10707	0.00856	0.00461	0.00143	0.00274	0.00737	0.00429	0.00480
28	0.01003	0.00740	0.00834	0.00736	0.00929	0.00786	0.00570	0.22945	0.19645	0.05388	0.17103	0.18513	0.07452	0.00788	0.00465	0.00141	0.00318	0.00672	0.00426	0.00544
29	0.03719	0.01026	0.01096	0.00877	0.01153	0.01139	0.00703	0.56085	0.14834	0.02252	0.01137	0.01271	0.00882	0.08937	0.00619	0.02393	0.00430	0.00413	0.00395	0.00641
30	0.00625	0.00442	0.00638	0.00627	0.00693	0.00451	0.03633	0.00677	0.00737	0.01000	0.03012	0.20943	0.12434	0.04144	0.22987	0.20945	0.02325	0.00668	0.02691	0.00326
31	0.03097	0.00524	0.00645	0.00594	0.00736	0.00498	0.00439	0.01101	0.05841	0.21751	0.07583	0.15427	0.15784	0.14705	0.05699	0.03711	0.00355	0.00677	0.00387	0.00446
32	0.01014	0.04171	0.04151	0.02813	0.01984	0.01103	0.62033	0.06265	0.01011	0.01378	0.00846	0.02447	0.00663	0.00414	0.00555	0.00143	0.07750	0.00473	0.00224	0.00562
33	0.00527	0.00370	0.00497	0.00590	0.00616	0.00347	0.00399	0.00593	0.00800	0.01065	0.02249	0.78806	0.02684	0.01318	0.00584	0.03780	0.00254	0.03806	0.00382	0.00336
34	0.00701	0.01422	0.00817	0.00730	0.00843	0.00584	0.06785	0.03101	0.00816	0.03296	0.06214	0.08845	0.10735	0.06569	0.38667	0.04013	0.04604	0.00580	0.00282	0.00396

[dist]
# distance from previous block
# <min> <max>
1	2

[block]
# block no. 1 follows, 63 sequences, length 7
# corresponding to MSA columns:
# 38,39,45-49
name=unknown_B
#
# <colnr> <probs for GDERKNQSTAVLIFYWHMCP>
#	G	D	E	R	K	N	Q	S	T	A	V	L	I	F	Y	W	H	M	C	P
0	0.04674	0.26981	0.09948	0.01077	0.06398	0.19474	0.06901	0.12890	0.02877	0.03973	0.00769	0.00864	0.00608	0.00412	0.00363	0.00114	0.00549	0.00307	0.00246	0.00576
1	0.12061	0.22956	0.10790	0.04375	0.04749	0.28402	0.02497	0.03438	0.00977	0.01224	0.00656	0.00791	0.00542	0.00417	0.00393	0.00116	0.04602	0.00279	0.00210	0.00525
2	0.01125	0.00590	0.00760	0.00650	0.00838	0.00569	0.00512	0.01360	0.07047	0.31857	0.25584	0.02205	0.08475	0.04240	0.05063	0.00174	0.03887	0.00569	0.03965	0.00528
3	0.04464	0.03782	0.00747	0.03987	0.00777	0.00561	0.04771	0.03319	0.00722	0.04430	0.01147	0.07104	0.01204	0.38807	0.03017	0.19629	0.00422	0.00528	0.00255	0.00325
4	0.06474	0.06510	0.07878	0.06163	0.01373	0.13972	0.04496	0.31009	0.05713	0.03118	0.00989	0.06893	0.00812	0.00523	0.00425	0.00129	0.02213	0.00406	0.00315	0.00589
5	0.00712	0.00650	0.00615	0.00622	0.00737	0.10390	0.00451	0.03505	0.06763	0.01222	0.07008	0.35581	0.28111	0.01025	0.00491	0.00148	0.00307	0.00883	0.00377	0.00402
6	0.03405	0.07520	0.02907	0.00805	0.01136	0.08932	0.03417	0.17157	0.03671	0.06176	0.02843	0.03179	0.00801	0.00430	0.00364	0.00098	0.00415	0.00338	0.00302	0.36102

[dist]
# distance from previous block
# <min> <max>
4	7

[block]
# block no. 2 follows, 63 sequences, length 15
# corresponding to MSA columns:
# 57-71
name=unknown_C
#
# <colnr> <probs for GDERKNQSTAVLIFYWHMCP>
#	G	D	E	R	K	N	Q	S	T	A	V	L	I	F	Y	W	H	M	C	P
0	0.04594	0.02054	0.07589	0.11341	0.25294	0.05793	0.09289	0.08880	0.03572	0.09963	0.05511	0.01240	0.00897	0.00456	0.00422	0.00131	0.00503	0.01589	0.00282	0.00599
1	0.01234	0.00801	0.02525	0.00726	0.01043	0.00701	0.00594	0.13834	0.05216	0.24004	0.02864	0.07457	0.02404	0.00512	0.00390	0.00107	0.00346	0.00421	0.00375	0.34446
2	0.03338	0.03921	0.01168	0.01069	0.10647	0.03994	0.04770	0.16879	0.24390	0.08404	0.04240	0.06438	0.04092	0.00575	0.00448	0.00134	0.02337	0.00481	0.00365	0.02311
3	0.01229	0.00764	0.00830	0.00712	0.00936	0.06916	0.00559	0.05977	0.14240	0.29839	0.11135	0.05630	0.14886	0.02581	0.00486	0.00141	0.00345	0.01795	0.00435	0.00563
4	0.02977	0.01194	0.01114	0.09053	0.02587	0.20988	0.00774	0.30760	0.10864	0.04942	0.04275	0.06521	0.00992	0.00550	0.00419	0.00128	0.00498	0.00430	0.00347	0.00588
5	0.00564	0.00425	0.00529	0.02669	0.00676	0.00397	0.00407	0.00699	0.02111	0.01254	0.24089	0.28942	0.22813	0.05581	0.00619	0.01676	0.00253	0.05540	0.00394	0.00363
6	0.01081	0.00905	0.01442	0.31212	0.39157	0.00976	0.01140	0.09596	0.01042	0.08114	0.00870	0.01098	0.00664	0.00416	0.00419	0.00131	0.00506	0.00379	0.00248	0.00605
7	0.03088	0.00811	0.00955	0.03130	0.08463	0.06885	0.02735	0.06569	0.19499	0.01338	0.01290	0.10228	0.01202	0.11417	0.15055	0.00267	0.04725	0.01544	0.00303	0.00495
8	0.01435	0.01119	0.01372	0.01185	0.09812	0.01212	0.07444	0.60711	0.04892	0.02325	0.01041	0.03638	0.00790	0.00506	0.00430	0.00129	0.00475	0.00417	0.00381	0.00684
9	0.00798	0.00711	0.01140	0.58240	0.08931	0.00845	0.00990	0.03090	0.00835	0.01092	0.00869	0.01410	0.00756	0.15223	0.03249	0.00201	0.00543	0.00417	0.00208	0.00450
10	0.02385	0.00875	0.01148	0.14988	0.02557	0.08857	0.10676	0.10015	0.00981	0.02474	0.01043	0.01390	0.03674	0.05225	0.19352	0.00263	0.02825	0.01446	0.00254	0.09571
11	0.00694	0.00471	0.00632	0.00610	0.00686	0.00509	0.00450	0.00797	0.00723	0.06662	0.01524	0.02163	0.09638	0.25327	0.43729	0.00491	0.03724	0.00535	0.00270	0.00367
12	0.79179	0.00851	0.00685	0.00596	0.00864	0.00981	0.00491	0.09562	0.00847	0.01966	0.00629	0.00717	0.00482	0.00402	0.00277	0.00130	0.00339	0.00243	0.00277	0.00482
13	0.13283	0.01013	0.01104	0.00857	0.01180	0.01084	0.00708	0.50719	0.01614	0.22579	0.01114	0.01071	0.00761	0.00493	0.00400	0.00128	0.00418	0.00369	0.00424	0.00680
14	0.00912	0.00789	0.03438	0.05230	0.03106	0.05136	0.04018	0.10826	0.11326	0.04301	0.25526	0.08150	0.05777	0.00748	0.00472	0.00142	0.00367	0.08849	0.00385	0.00502

[dist]
# distance from previous block
# <min> <max>
1	3

[block]
# block no. 3 follows, 63 sequences, length 8
# corresponding to MSA columns:
# 75-82
name=unknown_D
#
# <colnr> <probs for GDERKNQSTAVLIFYWHMCP>
#	G	D	E	R	K	N	Q	S	T	A	V	L	I	F	Y	W	H	M	C	P
0	0.01096	0.01142	0.03563	0.04975	0.55923	0.12027	0.05595	0.04245	0.01032	0.01375	0.04419	0.01099	0.00790	0.00410	0.00419	0.00125	0.00536	0.00383	0.00227	0.00618
1	0.14758	0.00870	0.03673	0.00744	0.01103	0.00749	0.05121	0.09924	0.01005	0.09074	0.00840	0.00924	0.00643	0.00369	0.00339	0.00093	0.00367	0.00292	0.00290	0.48822
2	0.01028	0.00981	0.01585	0.02247	0.65579	0.01035	0.01187	0.01354	0.09016	0.01373	0.00857	0.01080	0.00715	0.00433	0.00522	0.00133	0.09620	0.00384	0.00227	0.00643
3	0.00855	0.02094	0.76831	0.01242	0.01849	0.00983	0.07690	0.01332	0.00896	0.01332	0.00762	0.00907	0.00541	0.00396	0.00407	0.00134	0.00628	0.00325	0.00180	0.00617
4	0.01402	0.01728	0.01139	0.01030	0.01211	0.66269	0.00782	0.01517	0.01132	0.01093	0.08817	0.01014	0.00885	0.00509	0.00500	0.00119	0.09811	0.00330	0.00238	0.00475
5	0.01306	0.00809	0.00902	0.00753	0.00989	0.05443	0.00602	0.22477	0.03273	0.25858	0.15579	0.07631	0.05750	0.00677	0.00446	0.00133	0.00361	0.03550	0.02881	0.00580
6	0.00988	0.00898	0.01504	0.20785	0.56732	0.00933	0.01181	0.01233	0.00941	0.04565	0.01012	0.01244	0.05276	0.00430	0.00422	0.00129	0.00491	0.00405	0.00226	0.00605
7	0.00519	0.00406	0.00472	0.00510	0.00602	0.00359	0.00368	0.00625	0.00923	0.01170	0.10896	0.34364	0.41812	0.01144	0.00515	0.00154	0.00230	0.04179	0.00397	0.00355

[dist]
# distance from previous block
# <min> <max>
0	1

[block]
# block no. 4 follows, 63 sequences, length 30
# corresponding to MSA columns:
# 84-88,93-117
name=unknown_E
#
# <colnr> <probs for GDERKNQSTAVLIFYWHMCP>
#	G	D	E	R	K	N	Q	S	T	A	V	L	I	F	Y	W	H	M	C	P
0	0.01184	0.01051	0.05724	0.08310	0.10911	0.06061	0.10119	0.20102	0.11283	0.08970	0.04964	0.06352	0.01975	0.00537	0.00438	0.00134	0.00476	0.00470	0.00336	0.00604
1	0.00611	0.00408	0.00463	0.00461	0.00465	0.00407	0.00260	0.00619	0.00635	0.00850	0.04587	0.02767	0.01626	0.81830	0.02073	0.00396	0.00399	0.00617	0.00263	0.00260
2	0.01165	0.74357	0.04318	0.00765	0.01123	0.06335	0.00751	0.05112	0.00928	0.01080	0.00613	0.00701	0.00548	0.00372	0.00287	0.00094	0.00473	0.00237	0.00193	0.00547
3	0.00595	0.00390	0.00512	0.00584	0.00629	0.00361	0.00395	0.00671	0.00826	0.05770	0.02313	0.73767	0.05656	0.04639	0.00593	0.00177	0.00256	0.01115	0.00392	0.00360
4	0.01130	0.52369	0.13767	0.00925	0.02363	0.08844	0.05340	0.04790	0.03802	0.01166	0.00690	0.00792	0.00580	0.00390	0.00339	0.00106	0.01567	0.00276	0.00204	0.00561
5	0.04918	0.00787	0.00932	0.00778	0.01043	0.00804	0.00627	0.09927	0.25135	0.36740	0.04714	0.01708	0.01268	0.03272	0.00484	0.00146	0.00357	0.05262	0.00454	0.00643
6	0.01124	0.85479	0.02203	0.00719	0.01079	0.01663	0.00719	0.01259	0.00854	0.00989	0.00584	0.00674	0.00539	0.00360	0.00270	0.00090	0.00450	0.00225	0.00180	0.00539
7	0.00522	0.00373	0.00482	0.00565	0.00592	0.00349	0.00373	0.00589	0.00792	0.01050	0.02307	0.72753	0.06395	0.09877	0.00698	0.00194	0.00259	0.01121	0.00376	0.00333
8	0.01358	0.01002	0.01085	0.00893	0.01180	0.01115	0.00717	0.35647	0.40459	0.09756	0.01409	0.01319	0.01020	0.00538	0.00424	0.00134	0.00390	0.00429	0.00433	0.00691
9	0.02371	0.07507	0.01059	0.03385	0.03133	0.02932	0.00598	0.10280	0.01004	0.01476	0.00760	0.00878	0.00621	0.00347	0.00328	0.00078	0.00364	0.00269	0.00260	0.62350
10	0.00545	0.00375	0.00498	0.00586	0.00616	0.00349	0.00392	0.00619	0.00809	0.02891	0.02277	0.81031	0.02710	0.03401	0.00574	0.00176	0.00251	0.01163	0.00390	0.00348
11	0.00617	0.00406	0.00463	0.00463	0.00463	0.00406	0.00260	0.00608	0.00608	0.00811	0.01297	0.02682	0.01491	0.81327	0.02117	0.04474	0.00406	0.00600	0.00251	0.00251
12	0.01551	0.01963	0.01182	0.01075	0.01292	0.80485	0.00807	0.01699	0.04176	0.01056	0.00689	0.00788	0.00569	0.00438	0.00381	0.00110	0.00742	0.00278	0.00224	0.00494
13	0.00722	0.00365	0.00545	0.00549	0.00550	0.00364	0.00366	0.00549	0.00557	0.00742	0.00787	0.04278	0.00804	0.01455	0.01603	0.84629	0.00361	0.00395	0.00190	0.00188
14	0.01570	0.02004	0.01191	0.01083	0.01300	0.83539	0.00812	0.01679	0.01191	0.01029	0.00650	0.00758	0.00541	0.00433	0.00379	0.00108	0.00758	0.00271	0.00217	0.00487
15	0.01046	0.00903	0.00951	0.00855	0.01093	0.01046	0.00665	0.02234	0.81845	0.01759	0.01711	0.01568	0.01283	0.00570	0.00428	0.00143	0.00333	0.00475	0.00428	0.00665
16	0.01040	0.00999	0.01706	0.02580	0.82604	0.00999	0.01290	0.01290	0.00957	0.01373	0.00791	0.01040	0.00666	0.00375	0.00416	0.00125	0.00499	0.00375	0.00208	0.00666
17	0.00980	0.01114	0.02428	0.01741	0.02155	0.01044	0.78952	0.01327	0.00987	0.01339	0.00889	0.03342	0.00694	0.00380	0.00497	0.00143	0.00696	0.00515	0.00217	0.00561
18	0.00566	0.00421	0.00526	0.00515	0.00614	0.00382	0.00381	0.00731	0.01097	0.01503	0.57271	0.13273	0.19259	0.00955	0.00501	0.00139	0.00207	0.00838	0.00440	0.00382
19	0.00611	0.00408	0.00458	0.00458	0.00458	0.00408	0.00255	0.00611	0.00611	0.00815	0.01325	0.02751	0.01528	0.85226	0.02140	0.00408	0.00408	0.00611	0.00255	0.00255
20	0.00872	0.00502	0.00650	0.00576	0.00729	0.00457	0.00445	0.01081	0.03183	0.18792	0.58088	0.02801	0.08555	0.00794	0.00479	0.00133	0.00236	0.00690	0.00469	0.00468
21	0.00625	0.00491	0.00780	0.00737	0.00832	0.00555	0.05410	0.00784	0.00693	0.00995	0.01114	0.01645	0.01036	0.04808	0.76707	0.00637	0.01085	0.00457	0.00225	0.00384
22	0.00562	0.00384	0.00512	0.00582	0.00625	0.00357	0.00398	0.00655	0.00869	0.03456	0.13336	0.71327	0.02895	0.01232	0.00528	0.00164	0.00241	0.01113	0.00404	0.00360
23	0.00965	0.00822	0.00879	0.00796	0.01011	0.00933	0.00617	0.01981	0.68032	0.01727	0.12785	0.01869	0.04488	0.00627	0.00439	0.00141	0.00310	0.00528	0.00431	0.00618
24	0.07040	0.00713	0.00942	0.00730	0.01044	0.00631	0.00602	0.01963	0.01173	0.75639	0.03963	0.01436	0.01091	0.00522	0.00415	0.00130	0.00351	0.00421	0.00503	0.00690
25	0.00967	0.01907	0.63665	0.01125	0.01665	0.02612	0.01353	0.06708	0.10388	0.04312	0.00912	0.00991	0.00650	0.00431	0.00404	0.00133	0.00571	0.00337	0.00235	0.00633
26	0.00601	0.00450	0.00676	0.00676	0.00751	0.00525	0.00525	0.00751	0.00676	0.00976	0.01126	0.01651	0.01051	0.03153	0.83560	0.00676	0.01126	0.00450	0.00225	0.00375
27	0.02274	0.13897	0.10364	0.00915	0.04106	0.21553	0.00781	0.03474	0.00982	0.03489	0.00724	0.00840	0.00591	0.00388	0.00379	0.00097	0.03507	0.00274	0.00231	0.31132
28	0.65379	0.03398	0.02255	0.00658	0.00932	0.05454	0.00549	0.09427	0.05801	0.01874	0.00703	0.00777	0.00540	0.00414	0.00296	0.00128	0.00372	0.00262	0.00280	0.00501
29	0.02154	0.11317	0.01460	0.01536	0.33953	0.01046	0.03511	0.13879	0.09877	0.04471	0.05941	0.04383	0.01015	0.00482	0.00407	0.00124	0.00435	0.00422	0.00297	0.03288

[dist]
# distance from previous block
# <min> <max>
2	7

[block]
# block no. 5 follows, 63 sequences, length 35
# corresponding to MSA columns:
# 129-148,151-165
name=unknown_F
#
# <colnr> <probs for GDERKNQSTAVLIFYWHMCP>
#	G	D	E	R	K	N	Q	S	T	A	V	L	I	F	Y	W	H	M	C	P
0	0.09106	0.00987	0.05590	0.01058	0.10757	0.02409	0.03626	0.30912	0.02315	0.06565	0.09924	0.02940	0.04621	0.00594	0.00469	0.02204	0.01750	0.03231	0.00355	0.00586
1	0.01592	0.01763	0.01196	0.01042	0.01289	0.61853	0.00800	0.18713	0.01360	0.05413	0.00776	0.00845	0.00603	0.00453	0.00390	0.00113	0.00675	0.00301	0.00275	0.00547
2	0.00951	0.01445	0.32695	0.06057	0.34367	0.04363	0.02793	0.01334	0.05030	0.01362	0.04974	0.01110	0.00803	0.00423	0.00415	0.00130	0.00540	0.00373	0.00220	0.00615
3	0.00585	0.00428	0.00550	0.00522	0.00623	0.00392	0.00391	0.00773	0.01162	0.01628	0.74340	0.05258	0.10002	0.00887	0.00497	0.00134	0.00201	0.00781	0.00455	0.00392
4	0.00979	0.00822	0.00879	0.00794	0.01013	0.00929	0.00616	0.01982	0.67214	0.03035	0.10424	0.01879	0.06334	0.00629	0.00439	0.00141	0.00312	0.00529	0.00431	0.00619
5	0.00593	0.00416	0.00507	0.00513	0.00543	0.00426	0.00330	0.00641	0.00667	0.00894	0.01583	0.07927	0.08098	0.54350	0.20339	0.00431	0.00544	0.00635	0.00268	0.00296
6	0.00730	0.00365	0.00548	0.00548	0.00548	0.00365	0.00365	0.00548	0.00548	0.00730	0.00730	0.01278	0.00730	0.01460	0.01643	0.87769	0.00365	0.00365	0.00183	0.00183
7	0.01144	0.81652	0.02156	0.00736	0.01089	0.05417	0.00724	0.01278	0.00870	0.00991	0.00587	0.00678	0.00540	0.00363	0.00275	0.00091	0.00464	0.00227	0.00182	0.00537
8	0.01088	0.02368	0.01605	0.05037	0.54707	0.02375	0.06644	0.07752	0.03908	0.03804	0.00875	0.01110	0.00715	0.02140	0.02101	0.00144	0.02360	0.00390	0.00242	0.00634
9	0.00497	0.00426	0.00426	0.00426	0.00568	0.00355	0.00319	0.00603	0.00958	0.01136	0.04259	0.04046	0.82433	0.01065	0.00497	0.00142	0.00213	0.00887	0.00390	0.00355
10	0.00504	0.00424	0.00438	0.00438	0.00573	0.00358	0.00327	0.00617	0.00971	0.01174	0.09867	0.06328	0.74433	0.01057	0.00498	0.00142	0.00213	0.00887	0.00396	0.00358
11	0.01014	0.00906	0.02237	0.02016	0.13147	0.00950	0.05067	0.03208	0.48524	0.02851	0.02318	0.02794	0.03142	0.00525	0.00421	0.00131	0.00378	0.00458	0.00360	0.09551
12	0.01293	0.30701	0.06811	0.01010	0.07145	0.06458	0.00844	0.30381	0.08540	0.01712	0.00869	0.00921	0.00679	0.00439	0.00364	0.00114	0.00478	0.00322	0.00294	0.00626
13	0.01081	0.00947	0.01585	0.06345	0.61792	0.00930	0.04365	0.01324	0.00966	0.08018	0.00858	0.01066	0.00686	0.00383	0.00411	0.00121	0.00483	0.00373	0.00236	0.08031
14	0.01120	0.30631	0.23571	0.03469	0.17255	0.03767	0.02154	0.02935	0.00952	0.09305	0.00795	0.00905	0.00617	0.00396	0.00362	0.00116	0.00513	0.00309	0.00225	0.00604
15	0.02206	0.46893	0.11563	0.02274	0.08797	0.10977	0.00896	0.02816	0.00910	0.01116	0.00652	0.00794	0.00566	0.00465	0.02272	0.00121	0.05669	0.00273	0.00193	0.00548
16	0.01852	0.00771	0.01010	0.00774	0.01101	0.00700	0.00640	0.11544	0.01296	0.73269	0.01581	0.01380	0.01002	0.00518	0.00422	0.00130	0.00370	0.00417	0.00508	0.00715
17	0.00839	0.00835	0.02902	0.05127	0.11371	0.08717	0.04535	0.01097	0.06617	0.01379	0.28712	0.03443	0.10844	0.00695	0.00574	0.00139	0.10792	0.00575	0.00328	0.00477
18	0.00524	0.00392	0.00482	0.00532	0.00596	0.00355	0.00368	0.00621	0.00893	0.01169	0.14404	0.49578	0.23197	0.04133	0.00577	0.00166	0.00235	0.01033	0.00396	0.00350
19	0.01235	0.06917	0.04952	0.01148	0.09680	0.13105	0.03672	0.22187	0.12486	0.03420	0.01055	0.02836	0.03002	0.00534	0.00540	0.00133	0.11800	0.00397	0.00304	0.00597
20	0.00527	0.00379	0.00499	0.00574	0.00609	0.00358	0.00389	0.00612	0.00826	0.01110	0.08953	0.68377	0.04935	0.05252	0.04299	0.00200	0.00286	0.01090	0.00383	0.00344
21	0.01111	0.02300	0.08868	0.10199	0.21429	0.11351	0.06895	0.12935	0.07908	0.01487	0.03630	0.01144	0.01897	0.00474	0.00488	0.00132	0.06511	0.00391	0.00263	0.00589
22	0.08850	0.09614	0.01284	0.01116	0.08141	0.52658	0.00811	0.06740	0.01138	0.03030	0.00693	0.00803	0.00567	0.00431	0.00389	0.00113	0.02578	0.00284	0.00235	0.00524
23	0.01087	0.00907	0.12050	0.00985	0.01286	0.00697	0.19373	0.01328	0.01036	0.25133	0.12369	0.12530	0.05418	0.00655	0.00480	0.00141	0.01503	0.02107	0.00366	0.00550
24	0.00988	0.05872	0.01517	0.36997	0.36934	0.02884	0.02495	0.02308	0.00930	0.03984	0.00790	0.01061	0.00624	0.00401	0.00410	0.00129	0.00526	0.00367	0.00211	0.00571
25	0.18324	0.01067	0.01113	0.00868	0.01189	0.01175	0.00717	0.58915	0.01666	0.09463	0.00984	0.00983	0.00693	0.00484	0.00390	0.00127	0.00427	0.00353	0.00398	0.00665
26	0.01075	0.00977	0.01622	0.02382	0.73566	0.00979	0.01216	0.04954	0.01006	0.03965	0.00879	0.03883	0.00751	0.00417	0.00421	0.00127	0.00485	0.00404	0.00234	0.00659
27	0.00601	0.00448	0.00666	0.00666	0.00737	0.00520	0.00513	0.00744	0.00673	0.00968	0.01135	0.01702	0.01073	0.06916	0.79827	0.00663	0.01093	0.00458	0.00227	0.00370
28	0.01492	0.01182	0.04661	0.01002	0.01342	0.03500	0.05523	0.58810	0.05872	0.07363	0.01042	0.01055	0.00743	0.00493	0.00437	0.00127	0.01876	0.00384	0.00391	0.02704
29	0.02310	0.00431	0.00533	0.00516	0.00614	0.00397	0.00380	0.00750	0.01091	0.01524	0.59492	0.09878	0.15150	0.04396	0.00562	0.00148	0.00215	0.00798	0.00434	0.00381
30	0.00717	0.00376	0.00556	0.00556	0.00569	0.00385	0.00381	0.00589	0.00576	0.00793	0.00803	0.01333	0.00782	0.01618	0.11132	0.74007	0.00447	0.00376	0.03790	0.00214
31	0.01124	0.85479	0.02203	0.00719	0.01079	0.01663	0.00719	0.01259	0.00854	0.00989	0.00584	0.00674	0.00539	0.00360	0.00270	0.00090	0.00450	0.00225	0.00180	0.00539
32	0.00668	0.00457	0.00581	0.02133	0.00710	0.00432	0.00428	0.00848	0.03734	0.07210	0.32579	0.22961	0.18046	0.01119	0.05968	0.00180	0.00296	0.00829	0.00413	0.00407
33	0.00968	0.01784	0.56765	0.01201	0.03716	0.00995	0.06625	0.06650	0.05478	0.05385	0.00874	0.00996	0.00632	0.00485	0.02050	0.00146	0.04051	0.00349	0.00228	0.00621
34	0.03600	0.28314	0.18988	0.02444	0.15573	0.06134	0.00978	0.07266	0.00977	0.01316	0.00724	0.00879	0.00598	0.01979	0.00382	0.00114	0.00499	0.00296	0.00215	0.08724

[dist]
# distance from previous block
# <min> <max>
0	1

[block]
# block no. 6 follows, 63 sequences, length 31
# corresponding to MSA columns:
# 167-170,173-199
name=unknown_G
#
# <colnr> <probs for GDERKNQSTAVLIFYWHMCP>
#	G	D	E	R	K	N	Q	S	T	A	V	L	I	F	Y	W	H	M	C	P
0	0.06020	0.05585	0.01423	0.05279	0.26163	0.01175	0.02652	0.38650	0.05644	0.01982	0.00918	0.01020	0.00697	0.00447	0.00404	0.00126	0.00469	0.00368	0.00319	0.00659
1	0.00579	0.00402	0.00470	0.00496	0.00519	0.00389	0.00307	0.00613	0.00702	0.00922	0.01869	0.22551	0.09533	0.54449	0.01550	0.00319	0.00349	0.03388	0.00304	0.00289
2	0.01172	0.04008	0.10854	0.28279	0.01882	0.06059	0.04365	0.22790	0.05558	0.07001	0.00918	0.01066	0.00671	0.00461	0.00443	0.00133	0.03099	0.00370	0.00286	0.00586
3	0.32015	0.03482	0.22881	0.00968	0.01323	0.23038	0.06752	0.01384	0.00911	0.01435	0.00666	0.00794	0.00516	0.00406	0.00365	0.00126	0.01916	0.00283	0.00220	0.00518
4	0.00881	0.00849	0.01378	0.60116	0.24180	0.03193	0.01191	0.01148	0.00881	0.01153	0.00756	0.01089	0.00588	0.00408	0.00418	0.00135	0.00549	0.00371	0.00193	0.00521
5	0.01230	0.20750	0.21535	0.00983	0.01352	0.27123	0.00949	0.09890	0.06477	0.01327	0.00773	0.00856	0.00610	0.00420	0.00364	0.00113	0.00577	0.00294	0.00236	0.04142
6	0.01282	0.00566	0.00765	0.00679	0.00873	0.00502	0.00524	0.01410	0.01035	0.46380	0.03400	0.32783	0.01802	0.02446	0.00505	0.00153	0.00314	0.03572	0.00461	0.00549
7	0.01007	0.03133	0.04071	0.02270	0.04028	0.05218	0.11049	0.05185	0.42888	0.01596	0.07576	0.02874	0.06085	0.00574	0.00439	0.00137	0.00413	0.00502	0.00362	0.00595
8	0.00575	0.00405	0.00493	0.00507	0.00551	0.00385	0.00333	0.00658	0.00849	0.01151	0.25346	0.22630	0.07901	0.35006	0.01169	0.00253	0.00295	0.00813	0.00357	0.00323
9	0.01067	0.01010	0.02823	0.12711	0.55701	0.02520	0.02439	0.07832	0.01016	0.02747	0.00801	0.01042	0.00651	0.00416	0.00473	0.00131	0.05392	0.00374	0.00226	0.00628
10	0.00519	0.00369	0.00486	0.00577	0.00599	0.00346	0.00381	0.00587	0.00792	0.01055	0.02249	0.79295	0.02694	0.07092	0.00647	0.00187	0.00255	0.01155	0.00381	0.00335
11	0.09300	0.01465	0.33938	0.01239	0.07721	0.03911	0.05582	0.01224	0.00810	0.01270	0.00674	0.00900	0.00548	0.00509	0.00724	0.00149	0.28962	0.00336	0.00193	0.00547
12	0.00722	0.00371	0.00556	0.00556	0.00561	0.00376	0.00376	0.00561	0.00556	0.00747	0.00757	0.01303	0.00752	0.01573	0.07095	0.81973	0.00416	0.00371	0.00185	0.00195
13	0.01561	0.04207	0.01226	0.01062	0.01294	0.73585	0.00808	0.09129	0.01256	0.01180	0.00682	0.00779	0.00558	0.00438	0.00380	0.00109	0.00722	0.00280	0.00235	0.00510
14	0.00507	0.00422	0.00443	0.00447	0.00576	0.00358	0.00332	0.00619	0.00967	0.01180	0.11080	0.10237	0.69255	0.01066	0.00500	0.00143	0.00214	0.00900	0.00397	0.00358
15	0.00992	0.01134	0.02481	0.01772	0.02197	0.01063	0.81077	0.01347	0.00992	0.01347	0.00850	0.01134	0.00638	0.00354	0.00496	0.00142	0.00709	0.00496	0.00213	0.00567
16	0.00872	0.00747	0.00872	0.00623	0.00996	0.00560	0.00498	0.01058	0.00872	0.01370	0.00747	0.00872	0.00623	0.00311	0.00311	0.00062	0.00311	0.00249	0.00249	0.87796
17	0.00743	0.00511	0.00753	0.00735	0.02498	0.00603	0.00536	0.00706	0.00607	0.00861	0.00792	0.01292	0.00771	0.01704	0.21542	0.47042	0.17427	0.00387	0.00194	0.00296
18	0.00599	0.00460	0.00546	0.00519	0.00636	0.00430	0.00388	0.00831	0.06652	0.01500	0.51485	0.03271	0.25805	0.04351	0.00559	0.00147	0.00220	0.00770	0.00431	0.00398
19	0.88196	0.00813	0.00618	0.00553	0.00813	0.00943	0.00455	0.01236	0.00715	0.01886	0.00585	0.00683	0.00455	0.00390	0.00260	0.00130	0.00325	0.00228	0.00260	0.00455
20	0.02468	0.00705	0.00777	0.00623	0.00881	0.03404	0.00474	0.02889	0.04520	0.05824	0.01261	0.07509	0.06235	0.12236	0.00631	0.01635	0.00337	0.00434	0.00294	0.46865
21	0.00527	0.00384	0.00522	0.00642	0.02944	0.00360	0.00416	0.00605	0.00809	0.01082	0.02274	0.82563	0.02720	0.01290	0.00533	0.00169	0.00251	0.01172	0.00385	0.00351
22	0.00621	0.00470	0.00542	0.00540	0.00660	0.00440	0.00402	0.00845	0.08475	0.03494	0.21945	0.17410	0.35155	0.03419	0.00545	0.00154	0.00242	0.03832	0.00410	0.00399
23	0.00698	0.00521	0.00652	0.00635	0.00690	0.03909	0.00459	0.02926	0.00695	0.00945	0.01081	0.01810	0.01085	0.24169	0.42025	0.13798	0.02873	0.00468	0.00230	0.00330
24	0.82203	0.06640	0.00727	0.00564	0.00831	0.00993	0.00473	0.01237	0.00725	0.01824	0.00585	0.00682	0.00461	0.00388	0.00261	0.00127	0.00334	0.00227	0.00255	0.00461
25	0.01040	0.03370	0.46081	0.01181	0.02700	0.06716	0.09533	0.14525	0.04909	0.01548	0.02737	0.02142	0.00720	0.00444	0.00415	0.00131	0.00580	0.00367	0.00245	0.00614
26	0.01030	0.00831	0.00888	0.00796	0.01015	0.02285	0.00618	0.04897	0.58294	0.06067	0.10230	0.05517	0.04397	0.00644	0.00441	0.00141	0.00324	0.00542	0.00430	0.00614
27	0.06424	0.12270	0.13329	0.00963	0.06647	0.04366	0.03461	0.03926	0.15956	0.10199	0.10950	0.02737	0.04294	0.00541	0.00422	0.00129	0.02052	0.00438	0.00324	0.00573
28	0.48495	0.02011	0.02020	0.00668	0.00933	0.03535	0.00550	0.05577	0.12828	0.12313	0.04226	0.01127	0.03214	0.00479	0.00336	0.00131	0.00349	0.00340	0.00335	0.00533
29	0.05368	0.07649	0.18897	0.00934	0.02250	0.09189	0.04556	0.09050	0.12875	0.03446	0.06120	0.02818	0.05420	0.04538	0.00511	0.00143	0.02302	0.01926	0.00297	0.01709
30	0.16526	0.05412	0.05472	0.02767	0.07142	0.00932	0.04720	0.07191	0.15813	0.06905	0.04939	0.01347	0.03306	0.01877	0.09156	0.00194	0.04022	0.00409	0.01322	0.00548

[dist]
# distance from previous block
# <min> <max>
5	69

# created by:
# /st0/software/busco_prod/Augustus/scripts/msa2prfl.pl ./align_prep/35165.fa
