[name]
unknown

[dist]
# distance from previous block
# <min> <max>
9	254

[block]
# block no. 0 follows, 59 sequences, length 17
# corresponding to MSA columns:
# 340-345,348-358
name=unknown_A
#
# <colnr> <probs for GDERKNQSTAVLIFYWHMCP>
#	G	D	E	R	K	N	Q	S	T	A	V	L	I	F	Y	W	H	M	C	P
0	0.02687	0.04102	0.03710	0.04611	0.14318	0.12873	0.02025	0.27853	0.04217	0.03569	0.01014	0.01120	0.03054	0.00503	0.00489	0.00130	0.06060	0.00382	0.00315	0.06969
1	0.00662	0.00469	0.00542	0.00559	0.00665	0.00445	0.00413	0.04182	0.02661	0.01408	0.12464	0.28529	0.24715	0.01042	0.00498	0.00152	0.00252	0.04868	0.15069	0.00405
2	0.00930	0.00767	0.01169	0.09502	0.27353	0.00792	0.03522	0.05488	0.02659	0.04528	0.04817	0.01902	0.07733	0.17070	0.09641	0.00255	0.00540	0.00521	0.00286	0.00525
3	0.01071	0.01027	0.01753	0.09534	0.75071	0.01044	0.01345	0.01336	0.00995	0.01416	0.00827	0.01100	0.00690	0.00398	0.00438	0.00133	0.00530	0.00393	0.00217	0.00682
4	0.00634	0.00461	0.00649	0.00649	0.00707	0.00519	0.00477	0.00750	0.00692	0.00980	0.01238	0.02041	0.01237	0.24836	0.61386	0.00635	0.00983	0.00518	0.00245	0.00361
5	0.00767	0.00384	0.00575	0.00575	0.00575	0.00384	0.00384	0.00575	0.00575	0.00767	0.00767	0.01343	0.00767	0.01534	0.01726	0.87150	0.00384	0.00384	0.00192	0.00192
6	0.03204	0.02412	0.01463	0.13649	0.34702	0.14226	0.03407	0.07061	0.04633	0.03916	0.01078	0.02997	0.04349	0.00487	0.00435	0.00134	0.00545	0.00422	0.00267	0.00612
7	0.01171	0.01265	0.01523	0.14895	0.22768	0.22949	0.09938	0.03348	0.03279	0.01276	0.00829	0.01106	0.00688	0.02345	0.03825	0.00166	0.07443	0.00389	0.00230	0.00566
8	0.00844	0.00796	0.01343	0.80193	0.06185	0.00984	0.01232	0.01138	0.00888	0.01141	0.00787	0.01174	0.00593	0.00440	0.00441	0.00147	0.00586	0.00393	0.00197	0.00499
9	0.00856	0.02569	0.01078	0.09726	0.12226	0.03025	0.00811	0.02737	0.00850	0.02952	0.03002	0.04808	0.01064	0.01783	0.35768	0.00392	0.13211	0.02409	0.00251	0.00482
10	0.01227	0.09753	0.05377	0.09317	0.05892	0.06214	0.06886	0.20747	0.16958	0.04393	0.01171	0.05726	0.00943	0.00613	0.02696	0.00152	0.00520	0.00450	0.00334	0.00630
11	0.00536	0.00393	0.00504	0.00592	0.00635	0.00361	0.00400	0.00618	0.00868	0.01136	0.02714	0.73219	0.13711	0.01347	0.00558	0.00175	0.00252	0.01211	0.00410	0.00361
12	0.00649	0.00426	0.00487	0.00487	0.00487	0.00426	0.00274	0.00639	0.00639	0.00852	0.01358	0.02807	0.01561	0.80014	0.02220	0.05096	0.00426	0.00628	0.00264	0.00264
13	0.03563	0.01221	0.04019	0.03412	0.07806	0.01305	0.00908	0.63332	0.04197	0.02502	0.01027	0.01069	0.00744	0.00518	0.00459	0.00135	0.02268	0.00394	0.00400	0.00723
14	0.00976	0.00889	0.01497	0.16275	0.50374	0.00914	0.03110	0.01217	0.00975	0.03280	0.03288	0.13056	0.01102	0.00560	0.00461	0.00142	0.00491	0.00532	0.00257	0.00606
15	0.00618	0.00451	0.00534	0.00548	0.00616	0.00437	0.00387	0.00703	0.00827	0.01069	0.05263	0.03468	0.23857	0.37567	0.09947	0.00337	0.00440	0.12261	0.00332	0.00336
16	0.06303	0.59250	0.03551	0.02595	0.01254	0.08801	0.05822	0.01343	0.00935	0.01154	0.03042	0.00845	0.00676	0.00414	0.00349	0.00108	0.02516	0.00284	0.00209	0.00552

[dist]
# distance from previous block
# <min> <max>
0	1

[block]
# block no. 1 follows, 59 sequences, length 32
# corresponding to MSA columns:
# 437-468
name=unknown_B
#
# <colnr> <probs for GDERKNQSTAVLIFYWHMCP>
#	G	D	E	R	K	N	Q	S	T	A	V	L	I	F	Y	W	H	M	C	P
0	0.09833	0.12509	0.32644	0.05050	0.06143	0.08890	0.07685	0.03258	0.00980	0.03442	0.00820	0.02208	0.00651	0.00452	0.00427	0.00134	0.02695	0.01359	0.00226	0.00594
1	0.51580	0.07088	0.00953	0.01980	0.02985	0.10961	0.01536	0.03458	0.00894	0.01718	0.00682	0.00798	0.00546	0.00407	0.00311	0.00121	0.00419	0.00264	0.01674	0.11626
2	0.00545	0.00443	0.00483	0.00484	0.00613	0.00381	0.00359	0.00674	0.01044	0.01308	0.20330	0.10780	0.58825	0.01096	0.00525	0.00150	0.00223	0.00932	0.00426	0.00381
3	0.00667	0.00530	0.00779	0.00778	0.03311	0.00590	0.03176	0.00799	0.00747	0.01046	0.01463	0.07554	0.06613	0.15163	0.49217	0.00526	0.05812	0.00576	0.00261	0.00393
4	0.00610	0.00435	0.00590	0.00688	0.00743	0.00420	0.00524	0.00734	0.00906	0.01194	0.02361	0.50289	0.02727	0.04182	0.00640	0.00197	0.00321	0.31662	0.00404	0.00374
5	0.01209	0.01084	0.01056	0.00933	0.01191	0.08578	0.00728	0.10398	0.65448	0.01875	0.01619	0.01509	0.01215	0.00579	0.00444	0.00145	0.00405	0.00469	0.00428	0.00687
6	0.01191	0.10108	0.22803	0.10111	0.11996	0.02142	0.02686	0.18566	0.01193	0.06265	0.00880	0.01022	0.00661	0.00461	0.00471	0.00133	0.05052	0.00359	0.00273	0.03628
7	0.00919	0.02239	0.79762	0.01245	0.01888	0.01014	0.01602	0.01421	0.00942	0.03811	0.00821	0.00950	0.00575	0.00423	0.00420	0.00140	0.00644	0.00330	0.00197	0.00656
8	0.00543	0.00388	0.00518	0.00620	0.00648	0.00363	0.00418	0.00623	0.00850	0.01132	0.02432	0.82140	0.02911	0.01379	0.00565	0.00180	0.00260	0.03261	0.00410	0.00360
9	0.00767	0.00384	0.00575	0.00575	0.00575	0.00384	0.00384	0.00575	0.00575	0.00767	0.00767	0.01343	0.00767	0.01534	0.01726	0.87150	0.00384	0.00384	0.00192	0.00192
10	0.00636	0.00452	0.00602	0.00602	0.00643	0.00493	0.00417	0.00719	0.00678	0.00945	0.01282	0.02282	0.01342	0.41733	0.44632	0.00576	0.00826	0.00553	0.00251	0.00334
11	0.01679	0.01237	0.01325	0.01016	0.01370	0.01370	0.00839	0.80251	0.02077	0.02783	0.01060	0.01060	0.00751	0.00530	0.00442	0.00133	0.00486	0.00398	0.00442	0.00751
12	0.00620	0.00451	0.00583	0.00550	0.00657	0.00415	0.00413	0.00823	0.01238	0.01742	0.77623	0.03347	0.08052	0.00914	0.00521	0.00139	0.00209	0.00805	0.00482	0.00415
13	0.01118	0.00958	0.01009	0.00903	0.01156	0.01107	0.00704	0.04917	0.78324	0.01878	0.01773	0.01628	0.01329	0.00597	0.00449	0.00149	0.00354	0.00496	0.00449	0.00701
14	0.00973	0.00795	0.00930	0.00668	0.01058	0.00610	0.00536	0.03103	0.00957	0.04348	0.00826	0.00940	0.00672	0.00340	0.00334	0.00070	0.00333	0.00272	0.00276	0.81960
15	0.00891	0.02251	0.79713	0.01278	0.01924	0.01029	0.04075	0.01399	0.00936	0.01399	0.00796	0.00941	0.00563	0.00418	0.00423	0.00140	0.00656	0.00332	0.00188	0.00651
16	0.01107	0.09284	0.06912	0.06709	0.07534	0.08651	0.00800	0.14591	0.03332	0.06075	0.11255	0.09817	0.05802	0.00668	0.00448	0.00137	0.00444	0.02922	0.02953	0.00559
17	0.00614	0.00486	0.00555	0.00555	0.00679	0.00453	0.00415	0.00844	0.07801	0.01386	0.23624	0.13430	0.38240	0.03807	0.00583	0.00162	0.00251	0.05277	0.00428	0.00408
18	0.01942	0.00815	0.01064	0.00816	0.01159	0.00743	0.00674	0.12274	0.01369	0.71759	0.01654	0.01446	0.01049	0.00545	0.00444	0.00136	0.00390	0.00438	0.00533	0.00752
19	0.00927	0.00828	0.01331	0.09943	0.40915	0.00828	0.04283	0.02523	0.01023	0.03127	0.05138	0.04622	0.16483	0.00626	0.00468	0.00141	0.00444	0.03151	0.02626	0.00573
20	0.00660	0.00458	0.00565	0.00557	0.00589	0.00482	0.00361	0.02334	0.00705	0.00964	0.03193	0.02544	0.01510	0.58437	0.24340	0.00493	0.00632	0.00594	0.00268	0.00316
21	0.00869	0.00675	0.00752	0.00708	0.00882	0.00713	0.00535	0.01494	0.36474	0.05523	0.13696	0.15871	0.16780	0.02329	0.00523	0.00157	0.00294	0.00745	0.00443	0.00538
22	0.01963	0.00782	0.01044	0.00800	0.01143	0.00694	0.00661	0.07009	0.01315	0.77101	0.01700	0.01476	0.01072	0.00546	0.00444	0.00136	0.00383	0.00441	0.00540	0.00752
23	0.02824	0.01181	0.03272	0.15846	0.37319	0.12076	0.12730	0.02747	0.01036	0.03743	0.00833	0.01080	0.00662	0.00423	0.00464	0.00136	0.02389	0.00394	0.00230	0.00616
24	0.00633	0.00427	0.00523	0.00547	0.00578	0.00420	0.00349	0.00684	0.00757	0.02744	0.04467	0.26936	0.05544	0.45074	0.08071	0.00349	0.00421	0.00824	0.00327	0.00325
25	0.00687	0.00468	0.00543	0.00521	0.00641	0.00419	0.00380	0.00809	0.01016	0.07361	0.23158	0.05133	0.36811	0.16768	0.00845	0.00201	0.00276	0.03156	0.00413	0.00393
26	0.00985	0.01001	0.06268	0.25161	0.36477	0.00993	0.06504	0.03257	0.00995	0.02493	0.05357	0.02414	0.00892	0.00517	0.01874	0.00151	0.03387	0.00434	0.00238	0.00600
27	0.01346	0.04039	0.08430	0.01158	0.10358	0.02909	0.01958	0.11996	0.03786	0.23965	0.03921	0.03654	0.00989	0.00666	0.02999	0.00163	0.16233	0.00439	0.00354	0.00637
28	0.00761	0.00432	0.00477	0.00490	0.00589	0.00415	0.00358	0.02062	0.00951	0.03810	0.04633	0.22526	0.09721	0.00806	0.00406	0.00129	0.00229	0.00688	0.50106	0.00409
29	0.00607	0.02747	0.00600	0.00621	0.00677	0.01685	0.00439	0.00701	0.00854	0.01124	0.04980	0.49967	0.07930	0.10893	0.08423	0.00252	0.00383	0.06380	0.00371	0.00366
30	0.00939	0.03373	0.03658	0.03072	0.01143	0.00668	0.00595	0.03051	0.00943	0.01450	0.00787	0.00921	0.00649	0.00340	0.00335	0.00073	0.00354	0.00270	0.00259	0.77120
31	0.03793	0.34348	0.14330	0.03811	0.01404	0.16210	0.03436	0.08107	0.03044	0.02515	0.00784	0.02192	0.00649	0.00444	0.00383	0.00118	0.01982	0.00316	0.00237	0.01898

[dist]
# distance from previous block
# <min> <max>
1	12

[block]
# block no. 2 follows, 59 sequences, length 22
# corresponding to MSA columns:
# 484-505
name=unknown_C
#
# <colnr> <probs for GDERKNQSTAVLIFYWHMCP>
#	G	D	E	R	K	N	Q	S	T	A	V	L	I	F	Y	W	H	M	C	P
0	0.01019	0.01135	0.09539	0.09104	0.17087	0.06727	0.10773	0.04039	0.17932	0.01455	0.01353	0.06496	0.05924	0.00621	0.01986	0.00155	0.03258	0.00505	0.00294	0.00597
1	0.01007	0.02265	0.01063	0.04217	0.12306	0.05181	0.02075	0.09334	0.22163	0.01605	0.11696	0.03410	0.01479	0.06085	0.10275	0.00223	0.00506	0.00511	0.04032	0.00564
2	0.06435	0.00490	0.00564	0.00534	0.00675	0.00452	0.00408	0.00860	0.01122	0.05069	0.42823	0.03381	0.30088	0.00928	0.00499	0.00143	0.00234	0.02665	0.02209	0.00420
3	0.00602	0.00420	0.00555	0.00633	0.00691	0.00392	0.00456	0.00711	0.00917	0.03101	0.07363	0.59931	0.08350	0.01292	0.00562	0.00177	0.00276	0.12773	0.00417	0.00380
4	0.01181	0.84744	0.02314	0.00756	0.01134	0.01748	0.00756	0.01323	0.00897	0.01039	0.00614	0.00708	0.00567	0.00378	0.00283	0.00094	0.00472	0.00236	0.00189	0.00567
5	0.00748	0.00474	0.00612	0.00585	0.00708	0.00430	0.00440	0.00920	0.01152	0.10219	0.49101	0.16080	0.12485	0.00975	0.00522	0.00148	0.00242	0.03249	0.00469	0.00438
6	0.00700	0.00427	0.00479	0.00479	0.00519	0.00434	0.00306	0.00781	0.00740	0.01128	0.01389	0.02385	0.01408	0.50122	0.08620	0.00347	0.00422	0.00553	0.28436	0.00325
7	0.01020	0.00518	0.00554	0.00503	0.00652	0.00518	0.00390	0.07813	0.01059	0.10386	0.01441	0.01582	0.01096	0.00519	0.00334	0.00109	0.00248	0.00414	0.70367	0.00477
8	0.87598	0.00854	0.00649	0.00581	0.00854	0.00991	0.00478	0.01298	0.00752	0.01982	0.00615	0.00717	0.00478	0.00410	0.00273	0.00137	0.00342	0.00239	0.00273	0.00478
9	0.79770	0.00845	0.00684	0.00600	0.00879	0.00960	0.00494	0.01376	0.00798	0.09300	0.00718	0.00789	0.00535	0.00422	0.00289	0.00137	0.00345	0.00258	0.00298	0.00503
10	0.87598	0.00854	0.00649	0.00581	0.00854	0.00991	0.00478	0.01298	0.00752	0.01982	0.00615	0.00717	0.00478	0.00410	0.00273	0.00137	0.00342	0.00239	0.00273	0.00478
11	0.87598	0.00854	0.00649	0.00581	0.00854	0.00991	0.00478	0.01298	0.00752	0.01982	0.00615	0.00717	0.00478	0.00410	0.00273	0.00137	0.00342	0.00239	0.00273	0.00478
12	0.01650	0.02105	0.01252	0.01138	0.01365	0.82705	0.00853	0.01764	0.01252	0.01081	0.00683	0.00796	0.00569	0.00455	0.00398	0.00114	0.00796	0.00284	0.00228	0.00512
13	0.01117	0.00870	0.00958	0.00843	0.01075	0.00964	0.00662	0.15981	0.44308	0.04853	0.14290	0.06513	0.01801	0.00696	0.00471	0.00148	0.00349	0.03010	0.00454	0.00638
14	0.00650	0.00626	0.00544	0.00529	0.00684	0.09229	0.00397	0.00769	0.01050	0.01221	0.09439	0.03813	0.67439	0.01032	0.00509	0.00145	0.00284	0.00853	0.00396	0.00391
15	0.01006	0.01126	0.02392	0.01737	0.02127	0.01086	0.69818	0.01341	0.01005	0.01373	0.00967	0.06292	0.00803	0.00462	0.00587	0.00154	0.06359	0.00557	0.00233	0.00573
16	0.00634	0.00426	0.00492	0.00505	0.00510	0.00424	0.00295	0.00648	0.00673	0.00897	0.01522	0.10916	0.01762	0.73856	0.02034	0.00397	0.00411	0.03032	0.00286	0.00281
17	0.01754	0.00697	0.00941	0.00751	0.01049	0.00604	0.00608	0.01912	0.01206	0.69337	0.01952	0.10530	0.05264	0.00665	0.00461	0.00142	0.00355	0.00556	0.00525	0.00691
18	0.00987	0.01155	0.11639	0.22588	0.19637	0.05461	0.15394	0.03697	0.01007	0.01345	0.01000	0.04734	0.00872	0.00523	0.00486	0.00147	0.02071	0.06447	0.00239	0.00573
19	0.00673	0.01926	0.06421	0.00762	0.02752	0.00565	0.03948	0.00849	0.00865	0.01217	0.11885	0.14037	0.07657	0.07791	0.32238	0.00384	0.00672	0.00658	0.04282	0.00419
20	0.00642	0.00430	0.00493	0.00493	0.00497	0.00434	0.00282	0.00650	0.00646	0.00865	0.01381	0.02833	0.01581	0.80469	0.06223	0.00442	0.00465	0.00634	0.00266	0.00274
21	0.01071	0.28933	0.12646	0.02362	0.03483	0.05091	0.09665	0.03202	0.00972	0.01309	0.00744	0.00887	0.00612	0.00376	0.00358	0.00101	0.00502	0.00301	0.00224	0.27161

[dist]
# distance from previous block
# <min> <max>
0	2

[block]
# block no. 3 follows, 59 sequences, length 26
# corresponding to MSA columns:
# 508-533
name=unknown_D
#
# <colnr> <probs for GDERKNQSTAVLIFYWHMCP>
#	G	D	E	R	K	N	Q	S	T	A	V	L	I	F	Y	W	H	M	C	P
0	0.01115	0.01027	0.01520	0.18277	0.35680	0.04234	0.04162	0.13720	0.02325	0.01564	0.04376	0.01208	0.00842	0.00540	0.02355	0.00152	0.05602	0.00415	0.00264	0.00622
1	0.00718	0.00491	0.00616	0.00568	0.00694	0.00459	0.00431	0.03926	0.01249	0.04851	0.65803	0.03154	0.10077	0.00877	0.00506	0.00138	0.00227	0.00765	0.04013	0.00439
2	0.20393	0.00546	0.00610	0.00594	0.00720	0.00588	0.00450	0.00865	0.00829	0.01346	0.11629	0.04656	0.13720	0.10778	0.30003	0.00376	0.00614	0.00572	0.00311	0.00398
3	0.52906	0.00796	0.00749	0.00634	0.00910	0.00856	0.00519	0.04525	0.00955	0.22910	0.01013	0.01033	0.00717	0.00461	0.00328	0.00133	0.00342	0.00317	0.09344	0.00553
4	0.00579	0.00443	0.00530	0.00523	0.00635	0.00395	0.00387	0.00738	0.01119	0.01494	0.45262	0.12189	0.32043	0.01032	0.00526	0.00147	0.00219	0.00895	0.00451	0.00395
5	0.01150	0.76049	0.10737	0.00809	0.01216	0.01671	0.00848	0.01331	0.00901	0.01077	0.00633	0.00732	0.00566	0.00382	0.00298	0.00099	0.00491	0.00246	0.00189	0.00576
6	0.00872	0.00776	0.00741	0.03129	0.00898	0.11517	0.00533	0.10294	0.01100	0.02408	0.04302	0.06373	0.34428	0.05142	0.11903	0.01322	0.00491	0.01865	0.01465	0.00442
7	0.01581	0.03796	0.01309	0.02822	0.04618	0.50463	0.00868	0.22467	0.05177	0.01581	0.00841	0.00924	0.00659	0.00477	0.00412	0.00121	0.00670	0.00330	0.00293	0.00592
8	0.06444	0.02251	0.12124	0.01843	0.01145	0.00734	0.05686	0.05164	0.01001	0.07758	0.02737	0.16828	0.10712	0.00752	0.00501	0.00143	0.04027	0.06084	0.00334	0.13732
9	0.01076	0.13489	0.19223	0.00923	0.02786	0.07436	0.00874	0.08350	0.14620	0.05305	0.09072	0.01725	0.12098	0.00602	0.00430	0.00133	0.00456	0.00479	0.00333	0.00591
10	0.01350	0.01565	0.01299	0.01142	0.01275	0.43311	0.00902	0.04885	0.01034	0.01147	0.00654	0.00883	0.00582	0.00598	0.00863	0.00150	0.37292	0.00334	0.00222	0.00510
11	0.00555	0.00445	0.02122	0.00596	0.00669	0.00385	0.00431	0.00663	0.00918	0.01203	0.08901	0.56713	0.19258	0.01266	0.00551	0.00170	0.00259	0.04111	0.00411	0.00374
12	0.00848	0.05949	0.02888	0.02379	0.13429	0.00771	0.03453	0.01075	0.03903	0.04473	0.01168	0.01695	0.01059	0.06122	0.41329	0.00436	0.02600	0.03869	0.02064	0.00489
13	0.00823	0.00412	0.00412	0.00412	0.00515	0.00412	0.00309	0.01029	0.00926	0.01647	0.01441	0.01647	0.01132	0.00515	0.00309	0.00103	0.00206	0.00412	0.86930	0.00412
14	0.01226	0.00884	0.00963	0.00843	0.01096	0.00983	0.00662	0.05906	0.58335	0.13257	0.01721	0.01599	0.01263	0.00580	0.00435	0.00143	0.00346	0.00478	0.08597	0.00682
15	0.00896	0.01029	0.19142	0.06321	0.07619	0.00756	0.08447	0.01169	0.00946	0.09031	0.06444	0.05908	0.05969	0.01272	0.20397	0.00283	0.00668	0.02878	0.00290	0.00534
16	0.01073	0.01044	0.01440	0.12883	0.20091	0.09943	0.06062	0.01268	0.00935	0.04767	0.04620	0.01335	0.00893	0.00596	0.00777	0.00157	0.27369	0.03954	0.00244	0.00550
17	0.01650	0.02105	0.01252	0.01138	0.01365	0.82705	0.00853	0.01764	0.01252	0.01081	0.00683	0.00796	0.00569	0.00455	0.00398	0.00114	0.00796	0.00284	0.00228	0.00512
18	0.03867	0.00792	0.00966	0.00769	0.01064	0.00767	0.00626	0.14867	0.06672	0.47852	0.04824	0.01511	0.01169	0.00554	0.00425	0.00133	0.00363	0.00445	0.11651	0.00683
19	0.10109	0.01106	0.12024	0.13234	0.07993	0.02377	0.21022	0.01393	0.00983	0.13072	0.01094	0.04910	0.01841	0.00517	0.00493	0.00147	0.03948	0.02873	0.00281	0.00581
20	0.00969	0.00586	0.00707	0.00617	0.00800	0.00552	0.00481	0.08496	0.02799	0.16349	0.37508	0.02840	0.19209	0.00821	0.00487	0.00138	0.00271	0.00698	0.05168	0.00505
21	0.00631	0.00473	0.00710	0.00710	0.00789	0.00552	0.00552	0.00789	0.00710	0.01025	0.01183	0.01735	0.01104	0.03312	0.82728	0.00710	0.01183	0.00473	0.00237	0.00394
22	0.49622	0.06220	0.03105	0.00832	0.04536	0.16072	0.02282	0.02849	0.00891	0.01628	0.00721	0.00953	0.00617	0.07516	0.00483	0.00155	0.00468	0.00299	0.00257	0.00494
23	0.00745	0.03967	0.00773	0.03849	0.03833	0.00547	0.00516	0.02489	0.01198	0.04164	0.61164	0.06258	0.03385	0.00822	0.00494	0.00135	0.00263	0.00722	0.00441	0.04232
24	0.03824	0.16909	0.24525	0.02207	0.03337	0.04945	0.12037	0.05527	0.02174	0.12327	0.00998	0.02322	0.01589	0.00479	0.00454	0.00134	0.03750	0.01572	0.00272	0.00618
25	0.01161	0.43396	0.10163	0.04050	0.06375	0.10896	0.00882	0.06095	0.01028	0.01253	0.02421	0.03519	0.02395	0.00458	0.00356	0.00111	0.00514	0.00335	0.00231	0.04358

[dist]
# distance from previous block
# <min> <max>
0	7

[block]
# block no. 4 follows, 59 sequences, length 14
# corresponding to MSA columns:
# 541-554
name=unknown_E
#
# <colnr> <probs for GDERKNQSTAVLIFYWHMCP>
#	G	D	E	R	K	N	Q	S	T	A	V	L	I	F	Y	W	H	M	C	P
0	0.01096	0.01092	0.01461	0.30994	0.28409	0.13316	0.03753	0.05418	0.01044	0.01347	0.00834	0.01108	0.00663	0.00442	0.00452	0.00135	0.02499	0.00382	0.04981	0.00575
1	0.00641	0.00517	0.00589	0.00583	0.00716	0.00497	0.00433	0.00931	0.12521	0.01370	0.16631	0.19157	0.35054	0.01161	0.05026	0.00182	0.00301	0.00870	0.00416	0.02403
2	0.00919	0.06414	0.09963	0.00967	0.08280	0.03918	0.03286	0.03371	0.05128	0.01091	0.00869	0.01276	0.00785	0.03782	0.05482	0.41135	0.02320	0.00389	0.00222	0.00403
3	0.00679	0.00501	0.00619	0.00656	0.00736	0.00501	0.00465	0.03915	0.08416	0.01267	0.02071	0.52651	0.02326	0.08285	0.05129	0.00219	0.00347	0.04668	0.02917	0.03632
4	0.00804	0.00688	0.02136	0.01328	0.27804	0.00666	0.01971	0.00962	0.00931	0.02504	0.07563	0.20003	0.12418	0.03111	0.04889	0.04959	0.02913	0.00697	0.03165	0.00488
5	0.00811	0.00777	0.04086	0.06615	0.04806	0.03360	0.12911	0.01048	0.03213	0.01279	0.04333	0.15982	0.03391	0.02355	0.17076	0.00261	0.03577	0.00603	0.08049	0.05468
6	0.52458	0.00796	0.00763	0.05120	0.01012	0.00876	0.00552	0.05710	0.00937	0.15608	0.01004	0.05772	0.00791	0.00505	0.00340	0.00137	0.00354	0.00362	0.06373	0.00529
7	0.01256	0.49317	0.03300	0.01002	0.08115	0.10967	0.00827	0.07994	0.03338	0.03151	0.00799	0.00967	0.00691	0.00435	0.00346	0.00109	0.00506	0.02639	0.00242	0.04001
8	0.00755	0.00384	0.00572	0.00577	0.00579	0.00382	0.00385	0.00577	0.00590	0.00786	0.00856	0.05740	0.00882	0.01526	0.01664	0.82533	0.00377	0.00430	0.00203	0.00201
9	0.03995	0.02541	0.18083	0.04925	0.07189	0.20346	0.02172	0.08665	0.04488	0.02527	0.07461	0.03035	0.03401	0.00542	0.00429	0.00131	0.00547	0.02897	0.00288	0.06338
10	0.01088	0.03249	0.20570	0.02930	0.20305	0.05439	0.07846	0.10723	0.05071	0.03606	0.03216	0.01218	0.00849	0.00818	0.10918	0.00208	0.00646	0.00408	0.00267	0.00623
11	0.03454	0.04910	0.00785	0.00665	0.00827	0.00640	0.00517	0.08419	0.01038	0.07430	0.05558	0.22771	0.19022	0.04547	0.05052	0.00193	0.03108	0.05469	0.00380	0.05214
12	0.01178	0.05690	0.01120	0.00903	0.03643	0.00958	0.03619	0.23089	0.10547	0.10013	0.08071	0.08511	0.11941	0.00713	0.00529	0.00143	0.06044	0.00581	0.02112	0.00594
13	0.03103	0.03646	0.13668	0.08070	0.19357	0.07711	0.07262	0.05342	0.01057	0.07907	0.03562	0.06662	0.00945	0.00513	0.00452	0.00134	0.02165	0.00443	0.02475	0.05526

[dist]
# distance from previous block
# <min> <max>
1	45

[block]
# block no. 5 follows, 59 sequences, length 20
# corresponding to MSA columns:
# 645-664
name=unknown_F
#
# <colnr> <probs for GDERKNQSTAVLIFYWHMCP>
#	G	D	E	R	K	N	Q	S	T	A	V	L	I	F	Y	W	H	M	C	P
0	0.03111	0.06054	0.04322	0.08563	0.21847	0.20829	0.06451	0.06564	0.04992	0.01379	0.00994	0.01205	0.03870	0.03450	0.00517	0.00141	0.02980	0.00394	0.00253	0.02084
1	0.08856	0.04920	0.04748	0.03367	0.07381	0.02287	0.06516	0.05438	0.02261	0.03934	0.13933	0.13459	0.12961	0.00765	0.00501	0.00146	0.03338	0.02876	0.00346	0.01967
2	0.08751	0.01059	0.06223	0.03165	0.27691	0.05004	0.06306	0.01406	0.09935	0.03412	0.01168	0.01351	0.05595	0.00502	0.00485	0.00134	0.05615	0.01648	0.01803	0.08747
3	0.00627	0.00471	0.00584	0.00548	0.00645	0.00435	0.02060	0.00747	0.00962	0.01300	0.30322	0.06001	0.19086	0.27134	0.03383	0.00246	0.00326	0.00756	0.00377	0.03989
4	0.01181	0.84744	0.02314	0.00756	0.01134	0.01748	0.00756	0.01323	0.00897	0.01039	0.00614	0.00708	0.00567	0.00378	0.00283	0.00094	0.00472	0.00236	0.00189	0.00567
5	0.00705	0.00424	0.00460	0.00460	0.00528	0.00413	0.00310	0.00825	0.00860	0.01321	0.09517	0.04902	0.08489	0.30849	0.01053	0.00230	0.00289	0.00601	0.37409	0.00355
6	0.00736	0.00485	0.00568	0.00529	0.00684	0.00421	0.00403	0.00887	0.01116	0.11315	0.29977	0.05473	0.43806	0.00982	0.00513	0.00145	0.00238	0.00835	0.00452	0.00434
7	0.00642	0.00431	0.00496	0.00496	0.00500	0.00436	0.00285	0.00651	0.00646	0.00867	0.01379	0.02820	0.01575	0.79520	0.07164	0.00445	0.00474	0.00632	0.00266	0.00275
8	0.15232	0.00836	0.00922	0.00740	0.01024	0.00861	0.00605	0.24319	0.01345	0.29347	0.01302	0.01281	0.00905	0.00513	0.00388	0.00128	0.00366	0.00391	0.18859	0.00636
9	0.01679	0.01237	0.01325	0.01016	0.01370	0.01370	0.00839	0.80251	0.02077	0.02783	0.01060	0.01060	0.00751	0.00530	0.00442	0.00133	0.00486	0.00398	0.00442	0.00751
10	0.00956	0.00784	0.00920	0.00659	0.01050	0.00591	0.00528	0.01151	0.00929	0.04462	0.00821	0.00938	0.00671	0.00335	0.00331	0.00068	0.00329	0.00269	0.00272	0.83937
11	0.00916	0.00785	0.00916	0.00654	0.01047	0.00589	0.00523	0.01112	0.00916	0.01439	0.00785	0.00916	0.00654	0.00327	0.00327	0.00065	0.00327	0.00262	0.00262	0.87178
12	0.00767	0.00384	0.00575	0.00575	0.00575	0.00384	0.00384	0.00575	0.00575	0.00767	0.00767	0.01343	0.00767	0.01534	0.01726	0.87150	0.00384	0.00384	0.00192	0.00192
13	0.87598	0.00854	0.00649	0.00581	0.00854	0.00991	0.00478	0.01298	0.00752	0.01982	0.00615	0.00717	0.00478	0.00410	0.00273	0.00137	0.00342	0.00239	0.00273	0.00478
14	0.87598	0.00854	0.00649	0.00581	0.00854	0.00991	0.00478	0.01298	0.00752	0.01982	0.00615	0.00717	0.00478	0.00410	0.00273	0.00137	0.00342	0.00239	0.00273	0.00478
15	0.00912	0.00778	0.00890	0.00680	0.01021	0.00654	0.00538	0.01280	0.14206	0.01518	0.06193	0.01320	0.04206	0.00440	0.00367	0.00087	0.00319	0.00362	0.00313	0.63915
16	0.07592	0.10941	0.15079	0.01206	0.05413	0.14276	0.13293	0.16802	0.01232	0.07298	0.00906	0.02400	0.00695	0.00458	0.00415	0.00130	0.00582	0.00375	0.00286	0.00622
17	0.00631	0.00472	0.00705	0.00703	0.00783	0.00547	0.00547	0.00791	0.00732	0.01056	0.04480	0.01799	0.01230	0.03214	0.79353	0.00686	0.01143	0.00487	0.00247	0.00395
18	0.00931	0.05945	0.01051	0.01094	0.14562	0.08480	0.02043	0.09113	0.05314	0.01399	0.03364	0.37282	0.05836	0.00899	0.00487	0.00151	0.00400	0.00791	0.00351	0.00507
19	0.03626	0.04747	0.01475	0.23559	0.30923	0.04829	0.03843	0.02989	0.02383	0.07073	0.03759	0.01225	0.00833	0.00606	0.04875	0.00167	0.01831	0.00405	0.00256	0.00594

[dist]
# distance from previous block
# <min> <max>
0	2

[block]
# block no. 6 follows, 59 sequences, length 6
# corresponding to MSA columns:
# 667-672
name=unknown_G
#
# <colnr> <probs for GDERKNQSTAVLIFYWHMCP>
#	G	D	E	R	K	N	Q	S	T	A	V	L	I	F	Y	W	H	M	C	P
0	0.05065	0.16994	0.21377	0.01365	0.15205	0.14149	0.06793	0.03854	0.01024	0.03675	0.00776	0.00927	0.00615	0.00426	0.00430	0.00126	0.03527	0.00330	0.00226	0.03115
1	0.04646	0.00968	0.11324	0.00951	0.05795	0.00847	0.02801	0.14793	0.10300	0.05767	0.19572	0.03822	0.03885	0.03157	0.03823	0.03926	0.02158	0.00535	0.00369	0.00561
2	0.00638	0.00444	0.00564	0.00564	0.00592	0.00473	0.00370	0.00695	0.00667	0.00917	0.01317	0.02476	0.01426	0.55350	0.31130	0.00529	0.00699	0.00582	0.00256	0.00313
3	0.01239	0.64696	0.02063	0.06451	0.01304	0.15735	0.00805	0.01386	0.00958	0.01052	0.00638	0.00756	0.00569	0.00396	0.00314	0.00101	0.00536	0.00255	0.00196	0.00552
4	0.00635	0.00464	0.00592	0.00631	0.00708	0.00435	0.00441	0.04939	0.00969	0.01320	0.12606	0.63856	0.02824	0.01208	0.00537	0.00164	0.00267	0.01087	0.00412	0.05905
5	0.01011	0.05531	0.33855	0.03375	0.01493	0.18402	0.03759	0.01339	0.03320	0.01222	0.00898	0.01176	0.00745	0.04640	0.17076	0.00260	0.00764	0.00370	0.00218	0.00545

[dist]
# distance from previous block
# <min> <max>
0	1

[block]
# block no. 7 follows, 59 sequences, length 42
# corresponding to MSA columns:
# 674-678,680-716
name=unknown_H
#
# <colnr> <probs for GDERKNQSTAVLIFYWHMCP>
#	G	D	E	R	K	N	Q	S	T	A	V	L	I	F	Y	W	H	M	C	P
0	0.02490	0.01274	0.07657	0.01102	0.02852	0.14705	0.08188	0.20194	0.08684	0.14036	0.01174	0.04982	0.00925	0.00573	0.00531	0.00142	0.07365	0.02141	0.00354	0.00633
1	0.00610	0.00439	0.00592	0.00689	0.00753	0.00422	0.00532	0.00741	0.00925	0.01212	0.02502	0.46986	0.06923	0.01302	0.00581	0.00188	0.00317	0.33500	0.00409	0.00379
2	0.00913	0.01301	0.24885	0.02456	0.17917	0.00914	0.22429	0.01246	0.00982	0.02395	0.04302	0.09306	0.05281	0.00637	0.02910	0.00162	0.00585	0.00538	0.00254	0.00587
3	0.00917	0.00790	0.00928	0.00668	0.01050	0.00610	0.00535	0.01111	0.00909	0.01429	0.00779	0.00917	0.00652	0.00339	0.00358	0.00069	0.02607	0.00265	0.00260	0.84806
4	0.02277	0.00520	0.00717	0.01726	0.02532	0.00509	0.04625	0.01979	0.00882	0.04889	0.10228	0.23261	0.03306	0.30253	0.02985	0.00269	0.00391	0.07913	0.00352	0.00386
5	0.31260	0.01137	0.02846	0.03941	0.01158	0.17481	0.00646	0.05005	0.02476	0.01612	0.00737	0.00853	0.00588	0.00403	0.00337	0.00110	0.00453	0.00276	0.00266	0.28414
6	0.00539	0.00407	0.00492	0.00556	0.00621	0.00367	0.00381	0.00626	0.00896	0.01149	0.04454	0.54389	0.27708	0.04482	0.00614	0.00179	0.00252	0.01122	0.00406	0.00361
7	0.01074	0.14221	0.11712	0.15357	0.05590	0.02595	0.00945	0.10056	0.19652	0.02719	0.05128	0.01292	0.00995	0.00635	0.04418	0.00161	0.00514	0.00406	0.00304	0.02227
8	0.00997	0.10097	0.24035	0.11742	0.14860	0.01063	0.11653	0.04411	0.03860	0.02586	0.03997	0.03092	0.00851	0.00510	0.01897	0.00145	0.00570	0.00413	0.00242	0.02977
9	0.00632	0.00452	0.00576	0.00647	0.00712	0.00437	0.00464	0.00803	0.06074	0.02862	0.02468	0.56929	0.08349	0.04824	0.00629	0.00188	0.00291	0.11861	0.00409	0.00393
10	0.00590	0.00395	0.00495	0.00569	0.00618	0.00371	0.00389	0.00696	0.00885	0.01248	0.05825	0.62624	0.06492	0.01201	0.00516	0.00163	0.00244	0.01075	0.15232	0.00371
11	0.04214	0.01149	0.10499	0.11245	0.18219	0.01062	0.15916	0.14121	0.03577	0.05082	0.02367	0.03148	0.02186	0.00497	0.00504	0.00143	0.04718	0.00446	0.00283	0.00624
12	0.12671	0.01076	0.01379	0.01085	0.02434	0.01156	0.15558	0.38790	0.10289	0.02192	0.04841	0.02670	0.02779	0.00535	0.00443	0.00139	0.00478	0.00456	0.00378	0.00649
13	0.00643	0.00448	0.00557	0.00604	0.00664	0.00435	0.00446	0.00750	0.00871	0.01160	0.06111	0.16971	0.09829	0.28846	0.01120	0.00261	0.00353	0.25179	0.04401	0.00350
14	0.00851	0.00625	0.00887	0.06540	0.16616	0.00624	0.00666	0.02845	0.02989	0.07511	0.01834	0.24036	0.07679	0.18768	0.00876	0.00215	0.00391	0.05239	0.00340	0.00467
15	0.01107	0.01121	0.06553	0.15502	0.22438	0.02802	0.25799	0.06753	0.01081	0.05927	0.00946	0.01173	0.01673	0.00421	0.00459	0.00137	0.00593	0.00430	0.00253	0.04832
16	0.00591	0.00446	0.00547	0.00549	0.00644	0.00431	0.00401	0.00718	0.00923	0.01229	0.17855	0.10213	0.29219	0.11339	0.20558	0.00317	0.00479	0.00778	0.02389	0.00374
17	0.01382	0.01054	0.01125	0.00927	0.01221	0.01182	0.00745	0.39558	0.37206	0.04135	0.01425	0.01363	0.01045	0.00561	0.00438	0.00139	0.00408	0.00445	0.04928	0.00710
18	0.02163	0.26490	0.12684	0.06304	0.03328	0.08665	0.06178	0.14096	0.02523	0.06841	0.00857	0.00957	0.00660	0.00431	0.00383	0.00119	0.00536	0.00331	0.00270	0.06184
19	0.01616	0.02013	0.01271	0.01173	0.03360	0.75268	0.00869	0.04534	0.01257	0.01150	0.00697	0.00818	0.00579	0.00466	0.00433	0.00117	0.03326	0.00294	0.00234	0.00524
20	0.00603	0.00451	0.00548	0.00535	0.00637	0.00416	0.00395	0.00755	0.01070	0.01439	0.42567	0.03526	0.25076	0.11909	0.04176	0.00206	0.00291	0.04592	0.00423	0.00384
21	0.32832	0.00626	0.00617	0.00566	0.00759	0.00644	0.00445	0.01091	0.00976	0.09309	0.20241	0.03779	0.17269	0.03271	0.00470	0.00150	0.00289	0.02616	0.03593	0.00457
22	0.00557	0.00397	0.00521	0.00612	0.00643	0.00374	0.00415	0.00636	0.00843	0.01118	0.02388	0.70570	0.04625	0.08374	0.00708	0.00201	0.00279	0.05987	0.00398	0.00354
23	0.00647	0.00429	0.00496	0.00500	0.00512	0.00434	0.00296	0.00671	0.00668	0.00917	0.01416	0.05647	0.01593	0.71428	0.08045	0.00424	0.00467	0.00640	0.04484	0.00287
24	0.00538	0.00386	0.00511	0.00610	0.00639	0.00359	0.00408	0.00616	0.00850	0.01129	0.02496	0.81761	0.05310	0.01376	0.00562	0.00178	0.00255	0.01246	0.00410	0.00359
25	0.00916	0.00785	0.00916	0.00654	0.01047	0.00589	0.00523	0.01112	0.00916	0.01439	0.00785	0.00916	0.00654	0.00327	0.00327	0.00065	0.00327	0.00262	0.00262	0.87178
26	0.00900	0.00853	0.01445	0.62754	0.23186	0.00999	0.01260	0.01187	0.00915	0.01209	0.00797	0.01156	0.00617	0.00429	0.00440	0.00143	0.00572	0.00393	0.00202	0.00544
27	0.01584	0.01821	0.01285	0.01117	0.01370	0.59683	0.03663	0.17401	0.01387	0.01433	0.00818	0.02810	0.00676	0.00556	0.02359	0.00134	0.00729	0.00342	0.00275	0.00557
28	0.01538	0.01135	0.01225	0.00971	0.01290	0.01255	0.00790	0.63301	0.12342	0.04329	0.01258	0.06332	0.00973	0.00593	0.00450	0.00138	0.00451	0.00466	0.00443	0.00720
29	0.01413	0.35574	0.01723	0.01022	0.03025	0.39318	0.02001	0.05758	0.01121	0.01167	0.00677	0.00794	0.00583	0.00437	0.00397	0.00111	0.03824	0.00281	0.00222	0.00551
30	0.00561	0.00407	0.00550	0.00670	0.03097	0.00382	0.00433	0.00638	0.00846	0.01126	0.02393	0.75987	0.05113	0.03292	0.00618	0.01665	0.00270	0.01191	0.00397	0.00365
31	0.09017	0.26077	0.15683	0.00975	0.03337	0.06296	0.03771	0.08989	0.04265	0.04141	0.02758	0.02999	0.00878	0.00597	0.03014	0.00147	0.02015	0.04189	0.00271	0.00581
32	0.01035	0.04379	0.02533	0.03185	0.02244	0.01125	0.74258	0.01392	0.01033	0.01391	0.00947	0.01229	0.02152	0.00387	0.00511	0.00147	0.00722	0.00516	0.00225	0.00589
33	0.00536	0.00411	0.00492	0.00551	0.00625	0.00367	0.00383	0.00632	0.00923	0.01181	0.06800	0.51122	0.31862	0.01264	0.00546	0.00166	0.00242	0.01116	0.00414	0.00367
34	0.01455	0.01084	0.01445	0.14649	0.07652	0.01178	0.08210	0.43466	0.01581	0.11177	0.01048	0.01142	0.00748	0.00499	0.00474	0.00138	0.02588	0.00413	0.00371	0.00684
35	0.01035	0.08052	0.22846	0.16140	0.08290	0.02933	0.15818	0.05984	0.03070	0.03992	0.00967	0.03366	0.00782	0.00484	0.00456	0.00142	0.01418	0.03379	0.00246	0.00598
36	0.01031	0.00586	0.00733	0.00656	0.00840	0.00550	0.00509	0.02694	0.08681	0.23221	0.29404	0.11939	0.13680	0.00864	0.00499	0.00147	0.00284	0.02679	0.00477	0.00526
37	0.01179	0.00969	0.01031	0.00903	0.01164	0.01106	0.00709	0.12280	0.67117	0.03656	0.03734	0.01612	0.01338	0.00597	0.00450	0.00147	0.00364	0.00493	0.00451	0.00700
38	0.00910	0.01006	0.11383	0.39172	0.07065	0.00976	0.05045	0.01317	0.10565	0.02953	0.01075	0.06105	0.00905	0.00559	0.00524	0.00153	0.06095	0.03389	0.00256	0.00548
39	0.01012	0.10641	0.32577	0.04528	0.25331	0.02995	0.03349	0.04211	0.02809	0.01405	0.01024	0.01226	0.04605	0.00465	0.00423	0.00134	0.00560	0.01845	0.00229	0.00633
40	0.00594	0.00438	0.00563	0.00605	0.00672	0.00421	0.00426	0.00768	0.04690	0.01339	0.24920	0.48018	0.07167	0.02487	0.04563	0.00194	0.00293	0.01027	0.00423	0.00392
41	0.00705	0.00520	0.00696	0.00802	0.08402	0.00532	0.00496	0.04608	0.00832	0.01145	0.01624	0.28678	0.01803	0.29100	0.15371	0.00345	0.00510	0.00769	0.02675	0.00388

[dist]
# distance from previous block
# <min> <max>
0	3

[block]
# block no. 8 follows, 59 sequences, length 29
# corresponding to MSA columns:
# 720-748
name=unknown_I
#
# <colnr> <probs for GDERKNQSTAVLIFYWHMCP>
#	G	D	E	R	K	N	Q	S	T	A	V	L	I	F	Y	W	H	M	C	P
0	0.22371	0.00878	0.04511	0.00940	0.08765	0.00830	0.00708	0.09414	0.01126	0.32983	0.03054	0.05136	0.01016	0.02734	0.03487	0.00166	0.00427	0.00432	0.00397	0.00625
1	0.05026	0.00944	0.01588	0.11575	0.52586	0.00978	0.06381	0.01247	0.00943	0.01370	0.00902	0.03596	0.00792	0.03706	0.04978	0.00179	0.01937	0.00433	0.00227	0.00612
2	0.00875	0.00505	0.00550	0.00525	0.00648	0.00526	0.00400	0.01192	0.10274	0.04684	0.07791	0.05592	0.01461	0.00604	0.00392	0.00119	0.02697	0.00492	0.60216	0.00458
3	0.00904	0.00857	0.01452	0.61483	0.24425	0.01000	0.01262	0.01190	0.00916	0.01214	0.00797	0.01155	0.00619	0.00429	0.00440	0.00143	0.00571	0.00393	0.00202	0.00547
4	0.00719	0.00490	0.00614	0.00568	0.00700	0.00451	0.00431	0.00949	0.04167	0.07103	0.61904	0.03256	0.15163	0.00899	0.00513	0.00141	0.00227	0.00783	0.00478	0.00443
5	0.00637	0.00482	0.00582	0.00587	0.00694	0.00457	0.00432	0.04697	0.02855	0.01438	0.26763	0.27960	0.23633	0.01178	0.03645	0.00177	0.00285	0.02658	0.00429	0.00409
6	0.00845	0.00794	0.03059	0.05612	0.09019	0.07281	0.04720	0.01055	0.02710	0.01172	0.01072	0.01519	0.00958	0.06006	0.39176	0.00420	0.05967	0.00443	0.07709	0.00464
7	0.00713	0.00502	0.00613	0.00599	0.00725	0.00474	0.00450	0.00964	0.08006	0.06270	0.35445	0.18406	0.19569	0.01005	0.00522	0.00152	0.00252	0.04440	0.00453	0.00441
8	0.01036	0.00971	0.01221	0.06282	0.28888	0.12680	0.00910	0.06036	0.00997	0.01313	0.03369	0.02543	0.00917	0.01167	0.17853	0.07756	0.02308	0.00419	0.02805	0.00529
9	0.01047	0.11872	0.16845	0.03750	0.03140	0.07457	0.11279	0.11594	0.04335	0.01500	0.05314	0.08922	0.07173	0.00603	0.00456	0.00137	0.01550	0.00513	0.01948	0.00567
10	0.04840	0.10596	0.08660	0.01226	0.08652	0.38760	0.04668	0.03936	0.01085	0.01238	0.00751	0.00932	0.00629	0.00675	0.06876	0.00170	0.05210	0.00326	0.00226	0.00547
11	0.65661	0.05395	0.07158	0.00719	0.02104	0.01936	0.00631	0.03897	0.02707	0.01858	0.00676	0.00783	0.00528	0.00428	0.00336	0.00135	0.02974	0.00265	0.00268	0.01543
12	0.03558	0.00671	0.00996	0.33647	0.01695	0.00804	0.00818	0.03894	0.00825	0.03105	0.00971	0.01510	0.00868	0.11509	0.21607	0.05471	0.06940	0.00439	0.00235	0.00436
13	0.00783	0.01621	0.03758	0.00682	0.00881	0.00553	0.02486	0.04401	0.02026	0.02762	0.08934	0.22413	0.10529	0.00855	0.00467	0.00137	0.00317	0.08949	0.08543	0.18901
14	0.00899	0.00821	0.01320	0.04303	0.46084	0.00815	0.02661	0.01157	0.03631	0.01449	0.15050	0.08974	0.09674	0.00646	0.00473	0.00140	0.00418	0.00597	0.00307	0.00581
15	0.69583	0.00855	0.00742	0.00635	0.00923	0.00952	0.00523	0.05112	0.00897	0.15124	0.00820	0.00862	0.00592	0.00438	0.00309	0.00136	0.00354	0.00280	0.00326	0.00536
16	0.00540	0.00425	0.00490	0.00538	0.00634	0.00375	0.00388	0.00643	0.00942	0.01174	0.03515	0.36886	0.44760	0.01233	0.00544	0.00165	0.00248	0.05723	0.00410	0.00369
17	0.00584	0.00420	0.00547	0.00618	0.00669	0.00401	0.00435	0.00710	0.02429	0.01226	0.11345	0.56856	0.05796	0.05283	0.02256	0.00196	0.00290	0.07946	0.01619	0.00374
18	0.01281	0.00578	0.00714	0.00606	0.00813	0.00536	0.00480	0.01511	0.04066	0.34849	0.13999	0.01844	0.01595	0.00591	0.00403	0.00124	0.00282	0.00488	0.34675	0.00563
19	0.00603	0.00427	0.00517	0.00559	0.00618	0.00405	0.00389	0.00696	0.00866	0.01156	0.07360	0.29820	0.16266	0.22752	0.02475	0.00244	0.00322	0.09115	0.05058	0.00350
20	0.00705	0.00407	0.00539	0.00542	0.00555	0.00402	0.00351	0.00614	0.00642	0.00845	0.01286	0.02195	0.06576	0.30317	0.01790	0.48307	0.00389	0.03060	0.00240	0.00237
21	0.87598	0.00854	0.00649	0.00581	0.00854	0.00991	0.00478	0.01298	0.00752	0.01982	0.00615	0.00717	0.00478	0.00410	0.00273	0.00137	0.00342	0.00239	0.00273	0.00478
22	0.01125	0.23202	0.14974	0.02780	0.10904	0.04136	0.00927	0.07954	0.01046	0.04880	0.01636	0.00973	0.00693	0.00496	0.02926	0.00126	0.00507	0.00316	0.00251	0.20147
23	0.05447	0.05504	0.06659	0.03499	0.09748	0.02755	0.01896	0.13040	0.08460	0.23188	0.01401	0.01391	0.05638	0.00520	0.00418	0.00130	0.00430	0.00420	0.03303	0.06150
24	0.00688	0.00442	0.00547	0.00554	0.00597	0.00432	0.00363	0.00741	0.00788	0.04798	0.08940	0.16861	0.04497	0.45080	0.06332	0.03631	0.00412	0.03635	0.00330	0.00332
25	0.00864	0.02771	0.01022	0.00867	0.01058	0.00791	0.09069	0.06357	0.18742	0.01498	0.10481	0.03363	0.10738	0.02833	0.15749	0.00263	0.02614	0.10047	0.00363	0.00511
26	0.06670	0.11258	0.09930	0.02943	0.06250	0.23493	0.00835	0.05920	0.02336	0.07178	0.11533	0.01361	0.04090	0.00526	0.00407	0.00124	0.00522	0.00401	0.00300	0.03921
27	0.00919	0.06087	0.09839	0.08363	0.07965	0.03806	0.02574	0.02318	0.02459	0.05993	0.01141	0.01518	0.03284	0.07735	0.28026	0.00346	0.02812	0.00436	0.00256	0.04123
28	0.04450	0.08331	0.10812	0.00847	0.01096	0.05657	0.08000	0.05909	0.01876	0.03573	0.08386	0.10134	0.08325	0.15154	0.01917	0.00195	0.01247	0.00581	0.00309	0.03202

[dist]
# distance from previous block
# <min> <max>
0	219

# created by:
# /st0/software/busco_prod/Augustus/scripts/msa2prfl.pl ./align_prep/35193.fa
