[name]
unknown

[dist]
# distance from previous block
# <min> <max>
0	40

[block]
# block no. 0 follows, 73 sequences, length 27
# corresponding to MSA columns:
# 44-70
name=unknown_A
#
# <colnr> <probs for GDERKNQSTAVLIFYWHMCP>
#	G	D	E	R	K	N	Q	S	T	A	V	L	I	F	Y	W	H	M	C	P
0	0.00605	0.00432	0.00605	0.00691	0.00777	0.00432	0.00605	0.00777	0.00864	0.01123	0.01986	0.04232	0.02159	0.01036	0.00518	0.00173	0.00345	0.81949	0.00345	0.00345
1	0.00446	0.00369	0.00392	0.00410	0.00515	0.00314	0.00298	0.00535	0.00826	0.01002	0.03436	0.21054	0.67114	0.00998	0.00451	0.00132	0.00196	0.00850	0.00348	0.00314
2	0.03384	0.00539	0.00649	0.00632	0.00717	0.07951	0.01741	0.00752	0.00654	0.00905	0.01038	0.04124	0.02379	0.06005	0.66177	0.00503	0.00882	0.00416	0.00209	0.00343
3	0.00457	0.00326	0.00435	0.00522	0.00544	0.00305	0.00348	0.00522	0.00718	0.00958	0.02068	0.86570	0.02481	0.01175	0.00479	0.00152	0.00218	0.01067	0.00348	0.00305
4	0.00929	0.00891	0.01523	0.02303	0.84475	0.00891	0.01151	0.01151	0.00854	0.01226	0.00706	0.00929	0.00594	0.00334	0.00371	0.00111	0.00446	0.00334	0.00186	0.00594
5	0.01309	0.00945	0.01025	0.00818	0.01092	0.01044	0.00665	0.52983	0.25000	0.09396	0.01130	0.01076	0.00808	0.00468	0.00377	0.00117	0.00372	0.00366	0.00385	0.00626
6	0.00527	0.00381	0.00504	0.00570	0.00631	0.00365	0.00442	0.00645	0.00808	0.01062	0.08745	0.34421	0.09239	0.05724	0.00567	0.00167	0.00273	0.34261	0.00346	0.00322
7	0.00460	0.00338	0.00431	0.00497	0.00539	0.00310	0.00339	0.00536	0.00761	0.01000	0.07408	0.68383	0.15394	0.01115	0.00471	0.00146	0.00211	0.01000	0.00352	0.00310
8	0.01020	0.01102	0.01315	0.18167	0.44909	0.24850	0.01009	0.01212	0.00893	0.01086	0.00662	0.00871	0.00544	0.00357	0.00363	0.00110	0.00522	0.00308	0.00184	0.00515
9	0.00554	0.00378	0.00474	0.00450	0.00540	0.00352	0.00338	0.00728	0.01013	0.01472	0.68774	0.02613	0.05855	0.00722	0.00415	0.00114	0.00177	0.00632	0.14048	0.00352
10	0.00455	0.00379	0.00397	0.00396	0.00515	0.00321	0.00296	0.00560	0.00878	0.01076	0.14180	0.05836	0.71557	0.00933	0.00444	0.00126	0.00189	0.00785	0.00357	0.00321
11	0.01003	0.87041	0.01966	0.00642	0.00963	0.01485	0.00642	0.01123	0.00762	0.00883	0.00522	0.00602	0.00481	0.00321	0.00241	0.00080	0.00401	0.00201	0.00160	0.00481
12	0.01404	0.01700	0.01071	0.00954	0.01160	0.75274	0.00723	0.11245	0.01147	0.01091	0.00618	0.00703	0.00502	0.00394	0.00343	0.00099	0.00645	0.00253	0.00215	0.00459
13	0.01358	0.01017	0.01088	0.00849	0.01138	0.01132	0.00697	0.71999	0.13100	0.02255	0.00987	0.00970	0.00708	0.00458	0.00376	0.00115	0.00397	0.00350	0.00376	0.00632
14	0.89465	0.00726	0.00551	0.00493	0.00726	0.00842	0.00406	0.01103	0.00638	0.01683	0.00522	0.00609	0.00406	0.00348	0.00232	0.00116	0.00290	0.00203	0.00232	0.00406
15	0.09110	0.00646	0.00844	0.00653	0.00938	0.00576	0.00539	0.01767	0.01037	0.77708	0.01399	0.01220	0.00885	0.00455	0.00365	0.00116	0.00317	0.00363	0.00445	0.00619
16	0.00833	0.00940	0.06527	0.01351	0.01679	0.00827	0.62197	0.01111	0.00861	0.03709	0.00993	0.13823	0.00888	0.00464	0.00443	0.00130	0.00552	0.01968	0.00223	0.00480
17	0.00502	0.00367	0.00475	0.00516	0.00580	0.00342	0.00382	0.00620	0.00856	0.01146	0.26070	0.37270	0.12971	0.02339	0.00493	0.00146	0.00225	0.14011	0.00365	0.00326
18	0.01092	0.00508	0.00681	0.00567	0.00754	0.00450	0.00450	0.01254	0.01068	0.42035	0.43957	0.02060	0.02268	0.00620	0.00411	0.00117	0.00246	0.00532	0.00438	0.00493
19	0.00752	0.01941	0.84871	0.01069	0.01624	0.00871	0.01386	0.01188	0.00792	0.01188	0.00673	0.00792	0.00475	0.00356	0.00356	0.00119	0.00554	0.00277	0.00158	0.00554
20	0.00699	0.00350	0.00350	0.00350	0.00437	0.00350	0.00262	0.00874	0.00787	0.01399	0.01224	0.01399	0.00962	0.00437	0.00262	0.00087	0.00175	0.00350	0.88898	0.00350
21	0.00449	0.00380	0.00388	0.00386	0.00510	0.00319	0.00289	0.00549	0.00868	0.01044	0.08784	0.03561	0.79320	0.00939	0.00443	0.00126	0.00189	0.00785	0.00352	0.00319
22	0.00966	0.00951	0.01407	0.02015	0.68044	0.07455	0.01052	0.01279	0.10762	0.01243	0.00794	0.00965	0.00651	0.00359	0.00370	0.00112	0.00446	0.00338	0.00210	0.00582
23	0.00528	0.00383	0.00497	0.00469	0.00559	0.00353	0.00352	0.00702	0.01055	0.01487	0.81382	0.02832	0.06446	0.00774	0.00443	0.00118	0.00177	0.00683	0.00411	0.00353
24	0.00482	0.00352	0.00452	0.00524	0.00565	0.00329	0.00363	0.02142	0.00760	0.00999	0.02217	0.72082	0.10756	0.01131	0.00475	0.00150	0.00225	0.05332	0.00349	0.00315
25	0.28389	0.00729	0.00986	0.49205	0.10322	0.02417	0.00849	0.01033	0.00732	0.01211	0.00624	0.00865	0.00480	0.00363	0.00330	0.00120	0.00432	0.00291	0.00190	0.00432
26	0.00907	0.00877	0.01449	0.02041	0.67887	0.00943	0.01086	0.01102	0.00799	0.01162	0.00663	0.00907	0.00574	0.00398	0.00542	0.00122	0.17469	0.00333	0.00181	0.00558

[dist]
# distance from previous block
# <min> <max>
0	1

[block]
# block no. 1 follows, 73 sequences, length 23
# corresponding to MSA columns:
# 72-88,95-100
name=unknown_B
#
# <colnr> <probs for GDERKNQSTAVLIFYWHMCP>
#	G	D	E	R	K	N	Q	S	T	A	V	L	I	F	Y	W	H	M	C	P
0	0.19413	0.03789	0.01095	0.03216	0.16715	0.05782	0.00736	0.36829	0.04623	0.01788	0.00769	0.00845	0.00583	0.00404	0.00353	0.00113	0.01806	0.00303	0.00284	0.00554
1	0.00875	0.00768	0.00827	0.00608	0.00930	0.05533	0.00486	0.08614	0.00886	0.01311	0.00683	0.00783	0.00559	0.00300	0.00290	0.00063	0.00314	0.00234	0.00235	0.75699
2	0.00837	0.00765	0.01240	0.08680	0.45503	0.00794	0.04760	0.03347	0.05431	0.01217	0.04326	0.04182	0.01006	0.03321	0.00476	0.00133	0.03007	0.10232	0.00235	0.00510
3	0.03560	0.01284	0.01055	0.00889	0.01118	0.33633	0.00702	0.34859	0.11250	0.01605	0.00818	0.00862	0.00625	0.00443	0.00410	0.00111	0.05645	0.00307	0.00289	0.00535
4	0.00858	0.00594	0.00700	0.00589	0.00735	0.02900	0.00451	0.04033	0.00768	0.11682	0.00978	0.01377	0.00869	0.20647	0.06570	0.00195	0.11939	0.00367	0.13355	0.20392
5	0.28515	0.00665	0.00773	0.00614	0.00887	0.00640	0.00507	0.01607	0.00941	0.59349	0.01187	0.01073	0.00769	0.00429	0.00333	0.00116	0.00310	0.00324	0.00393	0.00568
6	0.05563	0.00881	0.01242	0.23832	0.26506	0.06471	0.05864	0.11928	0.02538	0.03123	0.00798	0.02192	0.01569	0.00412	0.00413	0.00120	0.04535	0.01277	0.00224	0.00510
7	0.00532	0.00389	0.00464	0.00446	0.00555	0.00345	0.00336	0.00671	0.00964	0.04007	0.44825	0.05924	0.36199	0.00849	0.00443	0.00123	0.00191	0.02005	0.00385	0.00346
8	0.89465	0.00726	0.00551	0.00493	0.00726	0.00842	0.00406	0.01103	0.00638	0.01683	0.00522	0.00609	0.00406	0.00348	0.00232	0.00116	0.00290	0.00203	0.00232	0.00406
9	0.01018	0.83841	0.01932	0.00654	0.00970	0.04631	0.00645	0.01137	0.00774	0.00884	0.00524	0.00605	0.00482	0.00323	0.00244	0.00081	0.00412	0.00202	0.00162	0.00480
10	0.00819	0.00933	0.10726	0.29829	0.37842	0.00861	0.09101	0.01081	0.00816	0.01125	0.00773	0.01014	0.02684	0.00364	0.00380	0.00119	0.00488	0.00350	0.00181	0.00515
11	0.00454	0.00382	0.00395	0.00396	0.00518	0.00323	0.00299	0.00558	0.00871	0.01054	0.09837	0.03567	0.75938	0.00939	0.00445	0.00127	0.00193	0.03031	0.00353	0.00320
12	0.00630	0.00488	0.00587	0.00544	0.00663	0.00497	0.00413	0.01025	0.21473	0.01521	0.63862	0.02456	0.02949	0.00703	0.00428	0.00120	0.00207	0.00616	0.00405	0.00413
13	0.00660	0.00370	0.00420	0.00404	0.00497	0.00356	0.00304	0.00835	0.00898	0.03529	0.32631	0.01926	0.01936	0.00563	0.00333	0.00100	0.00179	0.00475	0.53225	0.00359
14	0.00531	0.00383	0.00501	0.00472	0.00560	0.00354	0.00354	0.00708	0.01062	0.01504	0.84277	0.02802	0.03540	0.00767	0.00442	0.00118	0.00177	0.00678	0.00413	0.00354
15	0.00513	0.00383	0.00477	0.00453	0.00550	0.00346	0.00340	0.00674	0.01020	0.01405	0.68013	0.02966	0.19866	0.00804	0.00443	0.00120	0.00180	0.00701	0.00400	0.00346
16	0.00904	0.00960	0.01914	0.01894	0.37755	0.00924	0.47558	0.01180	0.00872	0.01212	0.00736	0.00976	0.00580	0.00324	0.00412	0.00120	0.00551	0.00396	0.00188	0.00544
17	0.00923	0.01089	0.13516	0.04001	0.48986	0.03071	0.17003	0.04624	0.00892	0.01249	0.00715	0.00919	0.00569	0.00341	0.00382	0.00115	0.00503	0.00345	0.00190	0.00565
18	0.01519	0.00612	0.00821	0.00641	0.00906	0.00536	0.00525	0.03310	0.01077	0.71827	0.09251	0.01509	0.04674	0.00513	0.00386	0.00117	0.00302	0.00422	0.00453	0.00599
19	0.00843	0.00794	0.01331	0.40208	0.44848	0.00873	0.01089	0.03486	0.00834	0.01138	0.00694	0.00960	0.00553	0.00356	0.00373	0.00118	0.00469	0.00334	0.00183	0.00515
20	0.00852	0.00710	0.00817	0.00591	0.00920	0.00575	0.00475	0.10290	0.00890	0.01352	0.00693	0.00792	0.00565	0.00297	0.00289	0.00062	0.00293	0.00235	0.00240	0.79060
21	0.00686	0.00476	0.02696	0.00560	0.00679	0.00419	0.00430	0.04048	0.03085	0.11418	0.04472	0.42541	0.16927	0.00933	0.00446	0.00138	0.00253	0.06557	0.00358	0.02880
22	0.01115	0.01036	0.01094	0.00955	0.05821	0.17340	0.08680	0.16743	0.26796	0.04958	0.01098	0.01110	0.03231	0.00437	0.00370	0.00111	0.00430	0.00361	0.00303	0.08010

[dist]
# distance from previous block
# <min> <max>
2	12

[block]
# block no. 2 follows, 73 sequences, length 21
# corresponding to MSA columns:
# 113-133
name=unknown_C
#
# <colnr> <probs for GDERKNQSTAVLIFYWHMCP>
#	G	D	E	R	K	N	Q	S	T	A	V	L	I	F	Y	W	H	M	C	P
0	0.03227	0.01118	0.00923	0.00788	0.01012	0.32868	0.00614	0.15985	0.02951	0.23982	0.01188	0.07160	0.05513	0.00509	0.00370	0.00111	0.00456	0.00388	0.00324	0.00513
1	0.03059	0.01045	0.01009	0.00844	0.01090	0.16809	0.03755	0.23098	0.34365	0.09243	0.01131	0.01091	0.00831	0.00456	0.00371	0.00116	0.00413	0.00359	0.00342	0.00572
2	0.01306	0.01641	0.01243	0.01062	0.01278	0.69944	0.13400	0.01436	0.01022	0.00961	0.00605	0.00732	0.00497	0.00383	0.00380	0.00103	0.03095	0.00275	0.00192	0.00445
3	0.00730	0.00679	0.01137	0.57483	0.20783	0.00787	0.00988	0.00953	0.00770	0.01019	0.00833	0.10618	0.00744	0.00456	0.00386	0.00125	0.00456	0.00416	0.00191	0.00444
4	0.00591	0.00394	0.00518	0.00486	0.00582	0.00362	0.00365	0.00758	0.01039	0.06159	0.73964	0.08469	0.03320	0.00778	0.00441	0.00120	0.00188	0.00688	0.00411	0.00367
5	0.00890	0.00858	0.01483	0.16226	0.67698	0.00884	0.04225	0.01121	0.00838	0.01180	0.00701	0.00944	0.00578	0.00340	0.00375	0.00114	0.00462	0.00338	0.00183	0.00561
6	0.00831	0.00798	0.01378	0.38739	0.45355	0.00869	0.04484	0.01069	0.00810	0.01108	0.00691	0.00963	0.00552	0.00351	0.00376	0.00118	0.00477	0.00338	0.00178	0.00513
7	0.69160	0.00720	0.00696	0.17171	0.03963	0.00842	0.00556	0.01076	0.00668	0.01527	0.00557	0.00696	0.00431	0.00353	0.00265	0.00118	0.00336	0.00233	0.00218	0.00415
8	0.00961	0.72662	0.15974	0.00714	0.01075	0.01381	0.00768	0.01134	0.00767	0.00934	0.00547	0.00634	0.00480	0.00327	0.00260	0.00087	0.00427	0.00214	0.00160	0.00494
9	0.00465	0.00381	0.00410	0.00403	0.00520	0.00326	0.00302	0.00580	0.00906	0.01135	0.23767	0.03410	0.64280	0.00905	0.00443	0.00125	0.00187	0.00764	0.00364	0.00326
10	0.00655	0.00435	0.00574	0.12068	0.05508	0.00447	0.00450	0.00843	0.00882	0.01366	0.30141	0.01809	0.01779	0.00538	0.00347	0.00105	0.00235	0.00462	0.40984	0.00374
11	0.00788	0.00778	0.01205	0.31216	0.04192	0.01019	0.05014	0.00945	0.00661	0.00948	0.00574	0.00897	0.00502	0.00530	0.00861	0.00147	0.48796	0.00336	0.00167	0.00423
12	0.13146	0.00650	0.00829	0.00645	0.00927	0.00589	0.00532	0.01734	0.01017	0.73890	0.01355	0.01190	0.00860	0.00449	0.00358	0.00116	0.00315	0.00355	0.00434	0.00608
13	0.00512	0.00383	0.00476	0.00452	0.00549	0.00346	0.00339	0.00672	0.01018	0.01400	0.67107	0.02975	0.20775	0.00806	0.00443	0.00120	0.00180	0.00703	0.00399	0.00346
14	0.00493	0.00382	0.00449	0.00432	0.00537	0.00338	0.00324	0.00635	0.00973	0.01292	0.49491	0.03152	0.38458	0.00846	0.00443	0.00122	0.00183	0.00727	0.00385	0.00338
15	0.00528	0.00376	0.00490	0.00474	0.00555	0.00348	0.00351	0.00692	0.01015	0.01440	0.72620	0.12193	0.03346	0.00803	0.00441	0.00121	0.00182	0.00713	0.02963	0.00348
16	0.00709	0.00667	0.01125	0.85913	0.02584	0.00834	0.01042	0.00959	0.00750	0.00959	0.00667	0.01000	0.00500	0.00375	0.00375	0.00125	0.00500	0.00333	0.00167	0.00417
17	0.00967	0.00823	0.00962	0.00826	0.01056	0.00928	0.06980	0.04136	0.72515	0.04212	0.01449	0.01352	0.01080	0.00491	0.00386	0.00126	0.00327	0.00422	0.00369	0.00590
18	0.00896	0.00858	0.01463	0.14797	0.72237	0.00883	0.01135	0.01123	0.00839	0.01186	0.00700	0.00939	0.00580	0.00340	0.00372	0.00113	0.00454	0.00334	0.00183	0.00568
19	0.03588	0.00869	0.01577	0.01333	0.13262	0.00847	0.38992	0.09674	0.00966	0.14656	0.00900	0.01067	0.00670	0.00612	0.09074	0.00170	0.00561	0.00395	0.00255	0.00533
20	0.08383	0.00893	0.10461	0.11217	0.11752	0.03894	0.00742	0.02031	0.06534	0.01240	0.02543	0.00977	0.03052	0.00378	0.00362	0.00098	0.03672	0.00301	0.00222	0.31251

[dist]
# distance from previous block
# <min> <max>
1	2

[block]
# block no. 3 follows, 73 sequences, length 21
# corresponding to MSA columns:
# 136-156
name=unknown_D
#
# <colnr> <probs for GDERKNQSTAVLIFYWHMCP>
#	G	D	E	R	K	N	Q	S	T	A	V	L	I	F	Y	W	H	M	C	P
0	0.00827	0.00693	0.00970	0.16075	0.02749	0.05872	0.11614	0.02975	0.04153	0.07944	0.06856	0.03383	0.09212	0.00699	0.06669	0.00153	0.00436	0.05742	0.04901	0.08078
1	0.00717	0.00672	0.01114	0.82567	0.02521	0.00837	0.01024	0.00999	0.04013	0.00983	0.00701	0.01016	0.00525	0.00380	0.00375	0.00125	0.00492	0.00337	0.00175	0.00424
2	0.02107	0.02016	0.02859	0.06448	0.15966	0.05749	0.02725	0.07597	0.03615	0.09525	0.00805	0.00930	0.00630	0.02194	0.00365	0.00096	0.00380	0.00294	0.00249	0.35451
3	0.01071	0.72568	0.01813	0.00697	0.00996	0.15715	0.00656	0.01187	0.00813	0.00889	0.00531	0.00615	0.00482	0.00332	0.00257	0.00083	0.00448	0.00208	0.00166	0.00474
4	0.89465	0.00726	0.00551	0.00493	0.00726	0.00842	0.00406	0.01103	0.00638	0.01683	0.00522	0.00609	0.00406	0.00348	0.00232	0.00116	0.00290	0.00203	0.00232	0.00406
5	0.01213	0.00894	0.00979	0.00797	0.01037	0.00981	0.00652	0.60989	0.04957	0.02015	0.01109	0.01537	0.00941	0.07604	0.00522	0.00143	0.00394	0.12316	0.00359	0.00560
6	0.00827	0.00686	0.00720	0.04404	0.00873	0.08513	0.00521	0.03167	0.26245	0.05506	0.25907	0.01981	0.03913	0.04503	0.04057	0.00153	0.00340	0.05177	0.02056	0.00450
7	0.00529	0.00389	0.00473	0.00453	0.00558	0.00349	0.00344	0.00679	0.00990	0.03054	0.54245	0.03074	0.29286	0.00828	0.00444	0.00122	0.00189	0.03254	0.00391	0.00348
8	0.02952	0.00808	0.01216	0.32774	0.13744	0.00886	0.07151	0.18671	0.01033	0.13815	0.00843	0.00998	0.00610	0.00400	0.00397	0.00120	0.02443	0.00346	0.00261	0.00529
9	0.00546	0.00364	0.00409	0.00409	0.00409	0.00364	0.00227	0.00546	0.00546	0.00727	0.01182	0.02455	0.01364	0.86815	0.01910	0.00364	0.00364	0.00546	0.00227	0.00227
10	0.35097	0.41386	0.01297	0.00621	0.00901	0.04901	0.00562	0.09426	0.00829	0.01342	0.00563	0.00638	0.00468	0.00347	0.00255	0.00098	0.00372	0.00217	0.00211	0.00466
11	0.01003	0.87041	0.01966	0.00642	0.00963	0.01485	0.00642	0.01123	0.00762	0.00883	0.00522	0.00602	0.00481	0.00321	0.00241	0.00080	0.00401	0.00201	0.00160	0.00481
12	0.01382	0.01747	0.01054	0.00958	0.01152	0.81795	0.00719	0.01519	0.04508	0.00945	0.00619	0.00707	0.00511	0.00392	0.00340	0.00098	0.00661	0.00249	0.00201	0.00442
13	0.01683	0.00638	0.00871	0.00668	0.00958	0.00551	0.00551	0.01828	0.01074	0.84734	0.01480	0.01277	0.00929	0.00464	0.00377	0.00116	0.00319	0.00377	0.00464	0.00638
14	0.00677	0.00354	0.00369	0.00366	0.00453	0.00350	0.00274	0.00853	0.00823	0.01413	0.12045	0.01582	0.01298	0.00480	0.00286	0.00091	0.00175	0.00393	0.77368	0.00350
15	0.00681	0.00417	0.00550	0.00497	0.00612	0.00380	0.00380	0.00854	0.01064	0.12349	0.73488	0.02604	0.03200	0.00728	0.00434	0.00118	0.00196	0.00639	0.00420	0.00391
16	0.00457	0.00326	0.00435	0.00522	0.00544	0.00305	0.00348	0.00522	0.00718	0.00958	0.02068	0.86570	0.02481	0.01175	0.00479	0.00152	0.00218	0.01067	0.00348	0.00305
17	0.00453	0.00375	0.00397	0.00403	0.00516	0.00319	0.00298	0.00553	0.00861	0.01054	0.11176	0.11830	0.68562	0.00956	0.00447	0.00128	0.00192	0.00809	0.00354	0.00319
18	0.03617	0.01720	0.01079	0.00969	0.01164	0.79228	0.02663	0.01467	0.01037	0.00944	0.00581	0.00686	0.00484	0.00390	0.00359	0.00099	0.02636	0.00247	0.00194	0.00435
19	0.00945	0.03664	0.01586	0.02144	0.72135	0.00908	0.08780	0.01171	0.00859	0.03158	0.00723	0.00934	0.00596	0.00335	0.00374	0.00112	0.00459	0.00341	0.00192	0.00583
20	0.01319	0.01487	0.01107	0.01043	0.07527	0.56587	0.02776	0.10480	0.09194	0.03863	0.00750	0.00819	0.00590	0.00402	0.00353	0.00104	0.00580	0.00286	0.00240	0.00493

[dist]
# distance from previous block
# <min> <max>
0	1

[block]
# block no. 4 follows, 73 sequences, length 9
# corresponding to MSA columns:
# 158-166
name=unknown_E
#
# <colnr> <probs for GDERKNQSTAVLIFYWHMCP>
#	G	D	E	R	K	N	Q	S	T	A	V	L	I	F	Y	W	H	M	C	P
0	0.56470	0.14190	0.00947	0.00683	0.03330	0.11077	0.04087	0.03379	0.00756	0.01452	0.00555	0.00651	0.00446	0.00350	0.00263	0.00108	0.00376	0.00225	0.00217	0.00437
1	0.00789	0.14211	0.72917	0.01008	0.01529	0.00960	0.01279	0.01179	0.00788	0.01144	0.00651	0.00765	0.00476	0.00351	0.00340	0.00113	0.00532	0.00266	0.00159	0.00544
2	0.00755	0.00647	0.00750	0.00544	0.00863	0.00487	0.00434	0.00917	0.00783	0.01208	0.00883	0.00974	0.06344	0.00324	0.00289	0.00060	0.00272	0.00262	0.00231	0.82973
3	0.00462	0.00352	0.00426	0.00468	0.00534	0.00315	0.00328	0.00552	0.00809	0.01048	0.13405	0.47858	0.29996	0.01047	0.00462	0.00139	0.00203	0.00924	0.00357	0.00315
4	0.82803	0.00719	0.00576	0.00507	0.00743	0.00820	0.00417	0.01158	0.00672	0.07986	0.00595	0.00660	0.00446	0.00357	0.00243	0.00116	0.00292	0.00216	0.00250	0.00424
5	0.01051	0.00963	0.01111	0.00916	0.01166	0.08367	0.12529	0.15581	0.50707	0.01594	0.01227	0.01196	0.00918	0.00461	0.00386	0.00122	0.00398	0.00396	0.00336	0.00575
6	0.00735	0.00694	0.01173	0.75885	0.12406	0.00840	0.01055	0.00982	0.00763	0.00991	0.00671	0.00992	0.00511	0.00370	0.00375	0.00123	0.00494	0.00334	0.00169	0.00438
7	0.00479	0.00379	0.00446	0.00447	0.00546	0.00346	0.00333	0.00596	0.00856	0.01105	0.22338	0.10380	0.45957	0.01195	0.12691	0.00196	0.00307	0.00733	0.00342	0.00327
8	0.07699	0.11272	0.01056	0.00783	0.01014	0.11993	0.02527	0.28714	0.07981	0.03599	0.01079	0.04818	0.00961	0.00549	0.00374	0.00120	0.00411	0.14237	0.00307	0.00506

[dist]
# distance from previous block
# <min> <max>
0	3

[block]
# block no. 5 follows, 73 sequences, length 8
# corresponding to MSA columns:
# 170-177
name=unknown_F
#
# <colnr> <probs for GDERKNQSTAVLIFYWHMCP>
#	G	D	E	R	K	N	Q	S	T	A	V	L	I	F	Y	W	H	M	C	P
0	0.47999	0.01015	0.00810	0.00687	0.00931	0.16546	0.00553	0.24672	0.01039	0.01737	0.00641	0.00705	0.00487	0.00385	0.00293	0.00111	0.00397	0.00249	0.00266	0.00478
1	0.00550	0.00368	0.00449	0.00445	0.00527	0.00343	0.00328	0.00704	0.00937	0.01364	0.48077	0.14552	0.09219	0.00768	0.00409	0.00117	0.00183	0.00671	0.19645	0.00343
2	0.00510	0.00383	0.00472	0.00450	0.00548	0.00345	0.00338	0.00667	0.01013	0.01387	0.65021	0.02996	0.22869	0.00811	0.00443	0.00120	0.00180	0.00706	0.00398	0.00345
3	0.16376	0.12376	0.01017	0.00675	0.00961	0.00851	0.00572	0.18279	0.01100	0.42534	0.01070	0.00996	0.00721	0.00423	0.00334	0.00111	0.00345	0.00316	0.00366	0.00578
4	0.00844	0.00797	0.01347	0.41215	0.40001	0.00877	0.04101	0.04258	0.00842	0.01145	0.00697	0.00964	0.00551	0.00357	0.00376	0.00118	0.00477	0.00338	0.00184	0.00510
5	0.00830	0.01728	0.69185	0.01049	0.01553	0.00860	0.05597	0.01287	0.06903	0.06343	0.00790	0.00878	0.00557	0.00372	0.00364	0.00120	0.00525	0.00303	0.00195	0.00560
6	0.00474	0.00339	0.00450	0.00511	0.00548	0.00316	0.00350	0.00564	0.00796	0.01081	0.20634	0.67652	0.02720	0.01083	0.00471	0.00145	0.00208	0.00979	0.00363	0.00316
7	0.00757	0.00910	0.14440	0.37515	0.20646	0.00805	0.06890	0.01024	0.00812	0.01111	0.05890	0.03306	0.00812	0.00424	0.00387	0.00123	0.00474	0.03001	0.00197	0.00476

[dist]
# distance from previous block
# <min> <max>
0	1

[block]
# block no. 6 follows, 73 sequences, length 14
# corresponding to MSA columns:
# 179-192
name=unknown_G
#
# <colnr> <probs for GDERKNQSTAVLIFYWHMCP>
#	G	D	E	R	K	N	Q	S	T	A	V	L	I	F	Y	W	H	M	C	P
0	0.00832	0.00767	0.01275	0.08316	0.55637	0.00778	0.03246	0.03713	0.00852	0.01190	0.00993	0.17007	0.00974	0.00513	0.00397	0.00122	0.00409	0.02234	0.00224	0.00520
1	0.40744	0.01001	0.06637	0.04312	0.05573	0.17167	0.04906	0.01132	0.00755	0.01308	0.00628	0.00796	0.00513	0.00651	0.10277	0.00171	0.02526	0.00267	0.00207	0.00430
2	0.00552	0.00401	0.00537	0.00537	0.00572	0.00444	0.00382	0.00626	0.00593	0.00826	0.01143	0.05115	0.01213	0.38392	0.39423	0.00447	0.04142	0.04142	0.00223	0.00292
3	0.03915	0.01411	0.01006	0.00925	0.05039	0.54290	0.00677	0.04033	0.06904	0.03428	0.00701	0.00778	0.00562	0.00379	0.00332	0.00095	0.00546	0.00262	0.00225	0.14494
4	0.00915	0.00878	0.01499	0.07316	0.79565	0.00888	0.01145	0.01140	0.00848	0.01210	0.00703	0.00933	0.00589	0.00337	0.00372	0.00112	0.00449	0.00334	0.00185	0.00584
5	0.00471	0.00385	0.00420	0.00429	0.00545	0.00334	0.00331	0.00583	0.00874	0.01075	0.11667	0.05523	0.64652	0.00947	0.00453	0.00132	0.00208	0.10293	0.00355	0.00324
6	0.00927	0.00458	0.00564	0.00494	0.00645	0.00422	0.00385	0.02712	0.00973	0.25516	0.25886	0.03922	0.07032	0.00592	0.00367	0.00109	0.00224	0.00499	0.27833	0.00437
7	0.01484	0.00887	0.01015	0.00786	0.01077	0.00929	0.00647	0.48507	0.07223	0.31724	0.01151	0.01070	0.00777	0.00459	0.00376	0.00115	0.00371	0.00358	0.00408	0.00635
8	0.00474	0.00339	0.00451	0.00520	0.00554	0.00317	0.00357	0.00560	0.00777	0.01050	0.15071	0.70663	0.02638	0.01106	0.00474	0.00148	0.00215	0.03613	0.00358	0.00314
9	0.01571	0.00700	0.00894	0.00698	0.00981	0.00657	0.00573	0.10097	0.10673	0.66806	0.01427	0.01253	0.00924	0.00468	0.00378	0.00117	0.00326	0.00379	0.00446	0.00633
10	0.01003	0.14446	0.01075	0.02377	0.01016	0.00863	0.00569	0.24822	0.02723	0.01501	0.00729	0.00803	0.00578	0.00341	0.00304	0.00079	0.00341	0.00259	0.00259	0.45912
11	0.00854	0.00815	0.01388	0.30720	0.56642	0.00872	0.01114	0.01086	0.00819	0.01135	0.00692	0.00953	0.00562	0.00348	0.00373	0.00116	0.00464	0.00334	0.00179	0.00534
12	0.00754	0.00566	0.00731	0.10477	0.04534	0.00591	0.00543	0.05851	0.15410	0.06227	0.41891	0.02135	0.06029	0.00636	0.00415	0.00121	0.00272	0.02008	0.00366	0.00444
13	0.00532	0.00394	0.00470	0.00462	0.00540	0.00372	0.00333	0.00628	0.00832	0.02648	0.25842	0.11585	0.30171	0.16194	0.00757	0.01861	0.03421	0.02303	0.00337	0.00317

[dist]
# distance from previous block
# <min> <max>
0	0

# created by:
# /st0/software/busco_prod/Augustus/scripts/msa2prfl.pl ./align_prep/35318.fa
