[name]
unknown

[dist]
# distance from previous block
# <min> <max>
0	96

[block]
# block no. 0 follows, 70 sequences, length 46
# corresponding to MSA columns:
# 128-173
name=unknown_A
#
# <colnr> <probs for GDERKNQSTAVLIFYWHMCP>
#	G	D	E	R	K	N	Q	S	T	A	V	L	I	F	Y	W	H	M	C	P
0	0.02120	0.03532	0.02179	0.06707	0.11098	0.03669	0.13344	0.08412	0.03918	0.09475	0.07892	0.03706	0.01082	0.00533	0.01438	0.00127	0.03504	0.06941	0.00285	0.10039
1	0.02205	0.00887	0.03892	0.07337	0.22156	0.03254	0.11594	0.10075	0.01003	0.09840	0.05453	0.01956	0.02069	0.00408	0.00380	0.00109	0.00429	0.00372	0.00266	0.16315
2	0.08439	0.02223	0.01325	0.03683	0.14352	0.02827	0.21314	0.08911	0.06169	0.03819	0.02805	0.02179	0.02047	0.00617	0.07675	0.00159	0.00502	0.00383	0.00252	0.10320
3	0.07060	0.00842	0.06983	0.03947	0.03689	0.00742	0.10330	0.11242	0.05464	0.15761	0.12200	0.02656	0.01119	0.00460	0.00379	0.00112	0.00376	0.00399	0.00319	0.15922
4	0.02164	0.02001	0.17778	0.02451	0.16401	0.00818	0.17601	0.03285	0.04212	0.11504	0.03310	0.01037	0.00729	0.00377	0.00380	0.00112	0.00461	0.00354	0.00249	0.14775
5	0.00863	0.01086	0.17394	0.17097	0.24237	0.03335	0.11550	0.01193	0.05740	0.01225	0.03368	0.01024	0.00691	0.00376	0.00383	0.00116	0.00490	0.00351	0.00207	0.09277
6	0.36060	0.03379	0.00923	0.03807	0.06279	0.01848	0.02278	0.21822	0.09774	0.02585	0.03117	0.03613	0.00748	0.00442	0.00330	0.00119	0.00360	0.00332	0.00296	0.01888
7	0.23287	0.09217	0.01036	0.02038	0.08043	0.01945	0.03027	0.18204	0.11223	0.02699	0.02322	0.01038	0.00743	0.06540	0.00446	0.00130	0.00373	0.00326	0.00281	0.07082
8	0.00878	0.00553	0.00744	0.00724	0.04357	0.00531	0.03117	0.04864	0.03429	0.16537	0.05391	0.04902	0.08970	0.15082	0.00709	0.00181	0.00343	0.25001	0.00349	0.03339
9	0.00952	0.39715	0.31104	0.00984	0.04870	0.05596	0.06804	0.01240	0.03437	0.01087	0.00656	0.00766	0.00528	0.00355	0.00322	0.00104	0.00501	0.00269	0.00177	0.00532
10	0.06037	0.00712	0.11365	0.00747	0.00912	0.00596	0.07666	0.03406	0.00756	0.03534	0.01318	0.22585	0.05829	0.01214	0.15812	0.11336	0.04962	0.00568	0.00257	0.00387
11	0.00651	0.00453	0.00659	0.00679	0.04135	0.00492	0.00499	0.00802	0.01758	0.06914	0.05291	0.06110	0.05681	0.02302	0.61146	0.00484	0.00825	0.00483	0.00256	0.00381
12	0.00571	0.04066	0.00513	0.00467	0.00498	0.00427	0.00299	0.00603	0.00622	0.00821	0.01438	0.10787	0.05802	0.61121	0.07541	0.00340	0.00400	0.03160	0.00253	0.00271
13	0.01103	0.52949	0.09664	0.00845	0.01172	0.21456	0.05764	0.01265	0.00873	0.00971	0.00583	0.00685	0.00503	0.00351	0.00297	0.00094	0.00513	0.00240	0.00176	0.00495
14	0.00983	0.10624	0.10381	0.06541	0.16724	0.03770	0.28679	0.06961	0.07937	0.02433	0.00814	0.00977	0.00626	0.00370	0.00393	0.00120	0.00527	0.00368	0.00221	0.00553
15	0.06783	0.00655	0.00753	0.00646	0.00863	0.00663	0.00515	0.06075	0.22058	0.28307	0.06485	0.01900	0.13370	0.02566	0.00435	0.00132	0.00298	0.04158	0.02802	0.00535
16	0.02772	0.00592	0.00722	0.00749	0.07550	0.00608	0.00513	0.18866	0.02741	0.02598	0.11868	0.28064	0.04429	0.07156	0.00544	0.00150	0.00300	0.03221	0.06124	0.00434
17	0.04356	0.23672	0.17138	0.00941	0.02599	0.21556	0.06029	0.07910	0.05746	0.02736	0.00723	0.00832	0.00578	0.01829	0.00378	0.00112	0.01842	0.00287	0.00217	0.00518
18	0.00659	0.00476	0.00644	0.00642	0.02211	0.00531	0.00470	0.02690	0.10542	0.01853	0.01095	0.03484	0.01024	0.11168	0.48172	0.12575	0.00733	0.00436	0.00238	0.00356
19	0.00648	0.00459	0.00584	0.00618	0.00713	0.00457	0.00500	0.00867	0.07620	0.03415	0.10398	0.07160	0.09064	0.11985	0.00685	0.00186	0.00314	0.42078	0.01884	0.00367
20	0.45573	0.04630	0.06639	0.00676	0.00957	0.00929	0.00601	0.20475	0.01006	0.09539	0.00815	0.00975	0.00630	0.00433	0.00314	0.00121	0.00360	0.04522	0.00295	0.00510
21	0.01042	0.14061	0.28759	0.08417	0.02464	0.10816	0.10467	0.16987	0.01049	0.01365	0.00717	0.00844	0.00540	0.00382	0.00364	0.00114	0.00539	0.00308	0.00216	0.00546
22	0.00893	0.00865	0.01186	0.01009	0.01031	0.01189	0.00840	0.06765	0.00681	0.01041	0.00539	0.00854	0.00520	0.00663	0.01209	0.00166	0.79584	0.00340	0.00185	0.00441
23	0.00814	0.00705	0.00863	0.01922	0.06723	0.00550	0.00519	0.00991	0.00809	0.01260	0.00692	0.00818	0.00576	0.00293	0.00295	0.00062	0.00302	0.00239	0.00226	0.81340
24	0.08280	0.00416	0.00494	0.00474	0.00571	0.00397	0.00351	0.00693	0.00915	0.01318	0.45808	0.03704	0.19091	0.00888	0.00610	0.14456	0.00221	0.00628	0.00354	0.00330
25	0.00571	0.00421	0.00561	0.00563	0.00666	0.00382	0.03900	0.00692	0.00873	0.04718	0.11942	0.31235	0.28938	0.01001	0.00478	0.00145	0.00252	0.11941	0.00365	0.00354
26	0.03487	0.00781	0.00873	0.00734	0.00980	0.00835	0.00586	0.13426	0.40142	0.23995	0.01558	0.01437	0.05356	0.00522	0.00387	0.00124	0.00320	0.00424	0.03428	0.00604
27	0.65141	0.00733	0.00613	0.00545	0.00765	0.00840	0.00438	0.05966	0.08699	0.01702	0.00745	0.00873	0.00594	0.04449	0.00347	0.00131	0.00303	0.00267	0.06407	0.00440
28	0.00716	0.00430	0.00546	0.00519	0.00632	0.00390	0.00389	0.00847	0.00954	0.14331	0.33610	0.14651	0.16285	0.08372	0.00590	0.00154	0.00242	0.05564	0.00393	0.00386
29	0.66847	0.00708	0.00626	0.00541	0.00781	0.00779	0.00443	0.01247	0.00773	0.16781	0.06658	0.00917	0.00749	0.00413	0.00283	0.00120	0.00297	0.00278	0.00297	0.00460
30	0.36857	0.00640	0.00636	0.00554	0.00770	0.00668	0.00443	0.01270	0.08492	0.21329	0.03859	0.03612	0.13306	0.02205	0.00370	0.00128	0.00284	0.00415	0.03691	0.00471
31	0.00693	0.00405	0.00490	0.00478	0.00522	0.00389	0.00302	0.00729	0.00679	0.11154	0.04133	0.16533	0.01623	0.58520	0.01477	0.00299	0.00338	0.00638	0.00293	0.00305
32	0.16026	0.00541	0.00622	0.00569	0.00722	0.00539	0.00431	0.01123	0.06653	0.21967	0.11697	0.17186	0.03789	0.12851	0.00623	0.00166	0.00290	0.03406	0.00362	0.00437
33	0.18903	0.00605	0.00679	0.00597	0.00788	0.00615	0.00466	0.01328	0.13882	0.25318	0.15047	0.10920	0.03000	0.04417	0.00453	0.00137	0.00282	0.00506	0.01569	0.00488
34	0.00935	0.00466	0.00613	0.00580	0.00705	0.00424	0.00424	0.01047	0.02377	0.30025	0.04460	0.42188	0.03302	0.09810	0.00609	0.00165	0.00277	0.00768	0.00391	0.00434
35	0.00555	0.00409	0.00592	0.00592	0.00650	0.00468	0.00445	0.00672	0.00614	0.00877	0.01067	0.01682	0.01038	0.15992	0.71849	0.00584	0.00935	0.00439	0.00212	0.00329
36	0.00912	0.00496	0.00616	0.00549	0.00677	0.00470	0.00402	0.03180	0.04476	0.23594	0.18951	0.06471	0.05551	0.28693	0.00934	0.00208	0.00305	0.02730	0.00368	0.00416
37	0.08505	0.00585	0.00728	0.00611	0.00831	0.00540	0.00485	0.01428	0.05018	0.47535	0.05728	0.12486	0.10714	0.02459	0.00436	0.00132	0.00292	0.00536	0.00419	0.00533
38	0.07019	0.00729	0.01006	0.05292	0.07033	0.00688	0.03343	0.07578	0.01093	0.60149	0.01299	0.01199	0.00844	0.00452	0.00382	0.00120	0.00365	0.00372	0.00412	0.00625
39	0.69878	0.00764	0.00649	0.00562	0.00803	0.00867	0.00460	0.09670	0.02427	0.05329	0.05009	0.00825	0.00653	0.00402	0.00276	0.00120	0.00308	0.00262	0.00278	0.00456
40	0.05503	0.00497	0.00614	0.02495	0.00746	0.00473	0.00440	0.01036	0.04457	0.22485	0.09741	0.19015	0.13180	0.11043	0.00619	0.00165	0.00286	0.06407	0.00373	0.00425
41	0.00555	0.00400	0.00527	0.00531	0.00586	0.00419	0.00385	0.00646	0.00685	0.00935	0.08326	0.02358	0.09364	0.28208	0.35896	0.02700	0.00615	0.06297	0.00259	0.00308
42	0.00918	0.00880	0.01483	0.16749	0.60247	0.00916	0.04690	0.01219	0.06743	0.01243	0.00785	0.01011	0.00637	0.00365	0.00388	0.00119	0.00468	0.00357	0.00203	0.00578
43	0.04781	0.00968	0.01180	0.04762	0.17736	0.01043	0.00804	0.49491	0.03019	0.09485	0.00936	0.01001	0.00684	0.01845	0.00408	0.00122	0.00420	0.00352	0.00340	0.00623
44	0.02336	0.00761	0.00844	0.00938	0.16624	0.11551	0.00592	0.03457	0.04081	0.05283	0.21890	0.03045	0.13195	0.06461	0.00509	0.00132	0.00348	0.00508	0.00311	0.07133
45	0.08564	0.00973	0.01438	0.05199	0.06076	0.01018	0.25243	0.32687	0.06086	0.07471	0.00911	0.01004	0.00660	0.00409	0.00397	0.00123	0.00477	0.00378	0.00303	0.00582

[dist]
# distance from previous block
# <min> <max>
0	20

[block]
# block no. 1 follows, 70 sequences, length 28
# corresponding to MSA columns:
# 194-221
name=unknown_B
#
# <colnr> <probs for GDERKNQSTAVLIFYWHMCP>
#	G	D	E	R	K	N	Q	S	T	A	V	L	I	F	Y	W	H	M	C	P
0	0.42818	0.00860	0.00870	0.05458	0.01084	0.00904	0.00600	0.11354	0.06416	0.18093	0.03346	0.01143	0.00842	0.00510	0.00376	0.00144	0.00379	0.00347	0.00363	0.04091
1	0.08596	0.00833	0.01254	0.06972	0.35148	0.00862	0.07219	0.07378	0.10092	0.08136	0.08756	0.01207	0.00972	0.00430	0.00386	0.00121	0.00409	0.00390	0.00278	0.00562
2	0.07359	0.00840	0.01291	0.01183	0.15190	0.00826	0.17852	0.06182	0.12478	0.29546	0.01128	0.01140	0.00794	0.00419	0.00391	0.00122	0.00419	0.00386	0.00334	0.02120
3	0.00563	0.00380	0.00444	0.00444	0.00452	0.00388	0.00262	0.00578	0.00570	0.00768	0.01202	0.02428	0.01362	0.77376	0.10908	0.00403	0.00447	0.00548	0.00232	0.00247
4	0.00740	0.00446	0.00583	0.00567	0.00659	0.00437	0.00415	0.02031	0.00829	0.14994	0.10225	0.32377	0.09139	0.10459	0.10876	0.00225	0.03531	0.00736	0.00348	0.00383
5	0.00928	0.00874	0.01446	0.06386	0.68932	0.00892	0.01109	0.01217	0.06681	0.01271	0.00867	0.01205	0.00748	0.00404	0.00394	0.00121	0.00446	0.05274	0.00215	0.00589
6	0.89114	0.00750	0.00570	0.00510	0.00750	0.00870	0.00420	0.01140	0.00660	0.01739	0.00540	0.00630	0.00420	0.00360	0.00240	0.00120	0.00300	0.00210	0.00240	0.00420
7	0.80086	0.00768	0.00616	0.00536	0.00784	0.00875	0.00441	0.06099	0.00737	0.01762	0.00570	0.00655	0.00441	0.00363	0.00251	0.00117	0.00307	0.00219	0.00248	0.04123
8	0.00564	0.00376	0.00423	0.00423	0.00423	0.00376	0.00235	0.00564	0.00564	0.00752	0.01222	0.02537	0.01409	0.86375	0.01973	0.00376	0.00376	0.00564	0.00235	0.00235
9	0.27946	0.44726	0.09494	0.00772	0.04230	0.01219	0.04689	0.01166	0.00761	0.01225	0.00574	0.00677	0.00482	0.00344	0.00273	0.00102	0.00408	0.00233	0.00191	0.00487
10	0.07959	0.00874	0.01051	0.04862	0.05833	0.08439	0.08415	0.06477	0.03545	0.10630	0.00818	0.00910	0.00624	0.00356	0.00337	0.00093	0.00396	0.00296	0.00263	0.37823
11	0.00960	0.00921	0.01574	0.02380	0.83957	0.00921	0.01190	0.01190	0.00883	0.01267	0.00729	0.00960	0.00614	0.00345	0.00384	0.00115	0.00461	0.00345	0.00192	0.00614
12	0.00625	0.00446	0.00625	0.00714	0.00803	0.00446	0.00625	0.00803	0.00892	0.01160	0.02053	0.04373	0.02231	0.01071	0.00535	0.00178	0.00357	0.81348	0.00357	0.00357
13	0.06218	0.05943	0.01074	0.00894	0.01119	0.47199	0.00693	0.10476	0.20148	0.01310	0.00855	0.00889	0.00671	0.00430	0.00353	0.00109	0.00541	0.00300	0.00266	0.00511
14	0.01282	0.03820	0.01056	0.04096	0.07026	0.04049	0.05463	0.06233	0.05711	0.37107	0.06130	0.01317	0.02058	0.00463	0.00382	0.00113	0.00372	0.01776	0.00361	0.11185
15	0.02526	0.00987	0.01474	0.08595	0.59761	0.07699	0.04226	0.05779	0.02869	0.01301	0.00746	0.00952	0.00609	0.00364	0.00382	0.00116	0.00483	0.00342	0.00208	0.00582
16	0.00778	0.02005	0.84367	0.01105	0.01678	0.00900	0.01432	0.01228	0.00818	0.01228	0.00696	0.00818	0.00491	0.00368	0.00368	0.00123	0.00573	0.00286	0.00164	0.00573
17	0.01739	0.00660	0.00900	0.00690	0.00990	0.00570	0.00570	0.01889	0.01110	0.84226	0.01529	0.01320	0.00960	0.00480	0.00390	0.00120	0.00330	0.00390	0.00480	0.00660
18	0.00486	0.00347	0.00463	0.00551	0.00578	0.00327	0.00378	0.00561	0.00750	0.00998	0.02111	0.77914	0.02513	0.03023	0.00530	0.00164	0.00239	0.07395	0.00357	0.00316
19	0.00910	0.00991	0.06730	0.07351	0.01849	0.00888	0.58436	0.02329	0.00912	0.05783	0.00944	0.06188	0.00779	0.00425	0.00448	0.00133	0.00582	0.03587	0.00227	0.00510
20	0.00464	0.00393	0.00401	0.00399	0.00527	0.00330	0.00299	0.00568	0.00898	0.01081	0.09268	0.03675	0.78438	0.00969	0.00458	0.00130	0.00195	0.00810	0.00364	0.00330
21	0.00472	0.00337	0.00450	0.00540	0.00562	0.00315	0.00360	0.00540	0.00742	0.00990	0.02137	0.86122	0.02564	0.01215	0.00495	0.00157	0.00225	0.01102	0.00360	0.00315
22	0.04922	0.07304	0.01146	0.00945	0.01168	0.66843	0.00729	0.10373	0.01140	0.01141	0.00629	0.00717	0.00514	0.00401	0.00343	0.00101	0.00635	0.00256	0.00220	0.00474
23	0.00480	0.00343	0.00458	0.00545	0.00572	0.00321	0.00370	0.00554	0.00756	0.01010	0.04064	0.81007	0.02577	0.01199	0.00496	0.00157	0.00229	0.04182	0.00361	0.00318
24	0.01004	0.01010	0.01290	0.16760	0.39728	0.13961	0.00986	0.02685	0.16242	0.01253	0.00863	0.01022	0.00685	0.00397	0.00381	0.00118	0.00479	0.00348	0.00230	0.00556
25	0.00792	0.06735	0.79764	0.01080	0.01640	0.00936	0.01389	0.01224	0.00817	0.01210	0.00687	0.00808	0.00491	0.00366	0.00362	0.00121	0.00564	0.00282	0.00164	0.00569
26	0.07558	0.01062	0.04325	0.00838	0.01116	0.11334	0.01915	0.31562	0.18967	0.14111	0.02616	0.01083	0.00828	0.00465	0.00376	0.00119	0.00416	0.00358	0.00358	0.00596
27	0.06129	0.01345	0.04380	0.01015	0.06780	0.37410	0.02953	0.07313	0.26143	0.01343	0.00935	0.00971	0.00725	0.00434	0.00366	0.00115	0.00516	0.00326	0.00272	0.00531

[dist]
# distance from previous block
# <min> <max>
0	1

[block]
# block no. 2 follows, 70 sequences, length 44
# corresponding to MSA columns:
# 223-266
name=unknown_C
#
# <colnr> <probs for GDERKNQSTAVLIFYWHMCP>
#	G	D	E	R	K	N	Q	S	T	A	V	L	I	F	Y	W	H	M	C	P
0	0.00472	0.00337	0.00450	0.00540	0.00562	0.00315	0.00360	0.00540	0.00742	0.00990	0.02137	0.86122	0.02564	0.01215	0.00495	0.00157	0.00225	0.01102	0.00360	0.00315
1	0.01252	0.03465	0.01057	0.00869	0.01118	0.20365	0.00688	0.29457	0.34297	0.01728	0.01104	0.01076	0.00828	0.00471	0.00378	0.00118	0.00441	0.00358	0.00341	0.00588
2	0.00882	0.00855	0.01496	0.15456	0.50158	0.00875	0.12227	0.01147	0.03200	0.01214	0.00905	0.02763	0.02296	0.00418	0.00406	0.00124	0.00477	0.04343	0.00209	0.00549
3	0.01036	0.00849	0.01228	0.02733	0.45240	0.04476	0.00903	0.05279	0.06872	0.11446	0.01063	0.09276	0.00925	0.00485	0.00395	0.00120	0.00410	0.02735	0.00274	0.04256
4	0.00904	0.00855	0.01438	0.11390	0.67345	0.00875	0.01107	0.01149	0.02501	0.01255	0.05453	0.02405	0.00817	0.00392	0.00390	0.00118	0.00444	0.00379	0.00210	0.00575
5	0.00477	0.00341	0.00454	0.00536	0.00563	0.00318	0.00360	0.00552	0.00765	0.01026	0.07380	0.80775	0.02634	0.01187	0.00492	0.00155	0.00222	0.01076	0.00364	0.00318
6	0.00954	0.00916	0.01564	0.04387	0.81993	0.00920	0.01187	0.01185	0.00880	0.01260	0.00728	0.00961	0.00612	0.00346	0.00384	0.00115	0.00462	0.00345	0.00191	0.00610
7	0.03609	0.13294	0.65977	0.01015	0.01530	0.01002	0.01258	0.05816	0.00866	0.01270	0.00683	0.00793	0.00499	0.00369	0.00349	0.00117	0.00535	0.00277	0.00179	0.00563
8	0.00886	0.00844	0.01152	0.00922	0.01137	0.10559	0.22051	0.06019	0.11217	0.03169	0.34158	0.01792	0.01893	0.00564	0.00444	0.00123	0.01750	0.00519	0.00330	0.00472
9	0.00848	0.00848	0.01187	0.01018	0.01018	0.01187	0.00848	0.00933	0.00594	0.00933	0.00509	0.00848	0.00509	0.00679	0.01272	0.00170	0.85666	0.00339	0.00170	0.00424
10	0.00732	0.00689	0.01163	0.85444	0.02670	0.00861	0.01077	0.00991	0.00775	0.00991	0.00689	0.01034	0.00517	0.00388	0.00388	0.00129	0.00517	0.00345	0.00172	0.00431
11	0.00852	0.00811	0.01379	0.41690	0.45487	0.00893	0.01136	0.01095	0.00832	0.01136	0.00710	0.00995	0.00568	0.00365	0.00386	0.00122	0.00487	0.00345	0.00183	0.00527
12	0.00462	0.00379	0.00407	0.00429	0.00533	0.00324	0.00311	0.00552	0.00849	0.01033	0.03485	0.24091	0.63725	0.01039	0.00467	0.00137	0.00203	0.00888	0.00360	0.00324
13	0.00625	0.00446	0.00625	0.00714	0.00803	0.00446	0.00625	0.00803	0.00892	0.01160	0.02053	0.04373	0.02231	0.01071	0.00535	0.00178	0.00357	0.81348	0.00357	0.00357
14	0.00508	0.00363	0.00491	0.00580	0.00618	0.00345	0.00422	0.00601	0.00777	0.01029	0.02117	0.67071	0.02487	0.01181	0.00504	0.00162	0.00256	0.19803	0.00359	0.00325
15	0.01435	0.00582	0.00791	0.00654	0.00887	0.00508	0.00519	0.01565	0.01021	0.64207	0.01676	0.21715	0.01346	0.00657	0.00415	0.00129	0.00305	0.00561	0.00451	0.00577
16	0.01448	0.01848	0.01099	0.00999	0.01199	0.84819	0.00749	0.01548	0.01099	0.00949	0.00599	0.00699	0.00499	0.00400	0.00350	0.00100	0.00699	0.00250	0.00200	0.00449
17	0.00848	0.00848	0.01187	0.01018	0.01018	0.01187	0.00848	0.00933	0.00594	0.00933	0.00509	0.00848	0.00509	0.00679	0.01272	0.00170	0.85666	0.00339	0.00170	0.00424
18	0.00804	0.00689	0.00804	0.00574	0.00919	0.00517	0.00459	0.00976	0.00804	0.01263	0.00689	0.00804	0.00574	0.00287	0.00287	0.00057	0.00287	0.00230	0.00230	0.88745
19	0.01036	0.86609	0.02032	0.00663	0.00995	0.01534	0.00663	0.01161	0.00788	0.00912	0.00539	0.00622	0.00498	0.00332	0.00249	0.00083	0.00415	0.00207	0.00166	0.00498
20	0.00940	0.00901	0.01538	0.09571	0.76919	0.00916	0.01180	0.01173	0.00873	0.01243	0.00726	0.00966	0.00606	0.00349	0.00384	0.00116	0.00465	0.00345	0.00190	0.00598
21	0.89114	0.00750	0.00570	0.00510	0.00750	0.00870	0.00420	0.01140	0.00660	0.01739	0.00540	0.00630	0.00420	0.00360	0.00240	0.00120	0.00300	0.00210	0.00240	0.00420
22	0.89114	0.00750	0.00570	0.00510	0.00750	0.00870	0.00420	0.01140	0.00660	0.01739	0.00540	0.00630	0.00420	0.00360	0.00240	0.00120	0.00300	0.00210	0.00240	0.00420
23	0.01474	0.01086	0.01163	0.00892	0.01202	0.01202	0.00737	0.82664	0.01823	0.02443	0.00931	0.00931	0.00659	0.00465	0.00388	0.00116	0.00427	0.00349	0.00388	0.00659
24	0.00976	0.00775	0.00891	0.02145	0.01014	0.00674	0.00534	0.18837	0.01035	0.03904	0.00766	0.00851	0.00603	0.00333	0.00314	0.00073	0.00323	0.00262	0.00270	0.65420
25	0.00555	0.00404	0.00568	0.00570	0.00621	0.00453	0.00418	0.00656	0.00610	0.00864	0.01106	0.03384	0.01112	0.24289	0.61983	0.00551	0.00853	0.00466	0.00218	0.00317
26	0.00484	0.00351	0.00457	0.00520	0.00562	0.00324	0.00356	0.00573	0.00811	0.01087	0.15747	0.66224	0.08814	0.01128	0.00486	0.00150	0.00216	0.01015	0.00371	0.00324
27	0.01739	0.00660	0.00900	0.00690	0.00990	0.00570	0.00570	0.01889	0.01110	0.84226	0.01529	0.01320	0.00960	0.00480	0.00390	0.00120	0.00330	0.00390	0.00480	0.00660
28	0.00964	0.00833	0.00877	0.00789	0.01008	0.00964	0.00614	0.02060	0.83257	0.01622	0.01578	0.01446	0.01183	0.00526	0.00394	0.00131	0.00307	0.00438	0.00394	0.00614
29	0.00960	0.00921	0.01574	0.02380	0.83957	0.00921	0.01190	0.01190	0.00883	0.01267	0.00729	0.00960	0.00614	0.00345	0.00384	0.00115	0.00461	0.00345	0.00192	0.00614
30	0.00480	0.00394	0.00423	0.00415	0.00537	0.00336	0.00311	0.00598	0.00934	0.01168	0.22895	0.03533	0.64756	0.00937	0.00458	0.00129	0.00193	0.00790	0.00376	0.00336
31	0.01448	0.01848	0.01099	0.00999	0.01199	0.84819	0.00749	0.01548	0.01099	0.00949	0.00599	0.00699	0.00499	0.00400	0.00350	0.00100	0.00699	0.00250	0.00200	0.00449
32	0.00778	0.02005	0.84367	0.01105	0.01678	0.00900	0.01432	0.01228	0.00818	0.01228	0.00696	0.00818	0.00491	0.00368	0.00368	0.00123	0.00573	0.00286	0.00164	0.00573
33	0.01739	0.00660	0.00900	0.00690	0.00990	0.00570	0.00570	0.01889	0.01110	0.84226	0.01529	0.01320	0.00960	0.00480	0.00390	0.00120	0.00330	0.00390	0.00480	0.00660
34	0.00960	0.00921	0.01574	0.02380	0.83957	0.00921	0.01190	0.01190	0.00883	0.01267	0.00729	0.00960	0.00614	0.00345	0.00384	0.00115	0.00461	0.00345	0.00192	0.00614
35	0.01039	0.77624	0.04617	0.00690	0.01024	0.01479	0.00688	0.03745	0.04264	0.01000	0.00600	0.00672	0.00531	0.00345	0.00263	0.00087	0.00416	0.00224	0.00182	0.00510
36	0.00561	0.00371	0.00430	0.00438	0.00451	0.00365	0.00261	0.00574	0.00615	0.00830	0.03966	0.10716	0.04820	0.64336	0.01639	0.05317	0.00339	0.00612	0.03108	0.00251
37	0.00472	0.00340	0.00447	0.00532	0.00560	0.00316	0.00357	0.00541	0.00749	0.00993	0.02229	0.81898	0.06729	0.01203	0.00493	0.00156	0.00223	0.01088	0.00360	0.00316
38	0.00761	0.06538	0.70595	0.01014	0.01518	0.00874	0.01271	0.01156	0.00823	0.01204	0.03663	0.05752	0.02290	0.00440	0.00374	0.00123	0.00524	0.00352	0.00188	0.00542
39	0.00953	0.00915	0.01563	0.04619	0.81766	0.00920	0.01187	0.01184	0.00880	0.01259	0.00728	0.00962	0.00611	0.00347	0.00384	0.00116	0.00462	0.00345	0.00191	0.00609
40	0.00857	0.00815	0.01223	0.61701	0.17063	0.07010	0.01057	0.01096	0.00829	0.03676	0.00716	0.01005	0.00547	0.00384	0.00384	0.00124	0.00514	0.00339	0.00188	0.00472
41	0.72871	0.00709	0.00584	0.00517	0.00744	0.00798	0.00420	0.02520	0.00741	0.01709	0.10898	0.00924	0.00833	0.00412	0.00272	0.00118	0.00287	0.00274	0.00265	0.04105
42	0.37938	0.00733	0.00608	0.02320	0.00773	0.10364	0.00445	0.03546	0.00844	0.01409	0.08901	0.12062	0.17443	0.00636	0.00355	0.00125	0.00314	0.00496	0.00294	0.00395
43	0.00660	0.00555	0.00821	0.18664	0.09447	0.01674	0.02804	0.02650	0.00865	0.01146	0.10235	0.25337	0.05710	0.02246	0.00482	0.00147	0.00353	0.15504	0.00302	0.00396

[dist]
# distance from previous block
# <min> <max>
0	3

# created by:
# /st0/software/busco_prod/Augustus/scripts/msa2prfl.pl ./align_prep/35328.fa
