[name]
unknown

[dist]
# distance from previous block
# <min> <max>
0	34

[block]
# block no. 0 follows, 61 sequences, length 10
# corresponding to MSA columns:
# 34-43
name=unknown_A
#
# <colnr> <probs for GDERKNQSTAVLIFYWHMCP>
#	G	D	E	R	K	N	Q	S	T	A	V	L	I	F	Y	W	H	M	C	P
0	0.00912	0.02718	0.00833	0.02408	0.06046	0.02127	0.02681	0.06209	0.00772	0.04583	0.00879	0.01407	0.00821	0.03120	0.01319	0.59073	0.00414	0.03125	0.00231	0.00321
1	0.01119	0.00670	0.03285	0.06101	0.01048	0.00650	0.00626	0.04713	0.02894	0.27441	0.04124	0.07476	0.03570	0.09301	0.21780	0.00309	0.03477	0.00529	0.00364	0.00522
2	0.02953	0.12245	0.14266	0.04733	0.06994	0.03950	0.10243	0.08124	0.09131	0.04140	0.09427	0.01415	0.04194	0.00623	0.03706	0.00154	0.02399	0.00437	0.00291	0.00575
3	0.01035	0.12657	0.26295	0.03915	0.03648	0.15412	0.02896	0.03886	0.06662	0.01291	0.01108	0.09106	0.03895	0.00555	0.00445	0.00132	0.03575	0.00436	0.02498	0.00552
4	0.00600	0.00480	0.00667	0.00679	0.00760	0.00484	0.04100	0.00755	0.04014	0.01137	0.02338	0.46559	0.14940	0.01501	0.13497	0.00250	0.03546	0.02946	0.00359	0.00387
5	0.00880	0.00739	0.03318	0.01020	0.14998	0.00734	0.00668	0.06273	0.20080	0.01547	0.07623	0.18316	0.04807	0.03265	0.00497	0.00148	0.00336	0.00635	0.13588	0.00529
6	0.04593	0.17659	0.06760	0.03296	0.08606	0.22694	0.02244	0.05355	0.08960	0.01330	0.02475	0.06167	0.02922	0.00522	0.00408	0.00124	0.02049	0.00400	0.02888	0.00547
7	0.01019	0.05794	0.08150	0.00886	0.05905	0.00849	0.00720	0.12775	0.09097	0.01590	0.00993	0.05981	0.00841	0.00450	0.00373	0.00100	0.00387	0.00367	0.00295	0.43430
8	0.05454	0.08365	0.09179	0.08987	0.19646	0.04933	0.08268	0.08229	0.10875	0.03435	0.01089	0.03553	0.03468	0.00480	0.00416	0.00131	0.00500	0.00416	0.00275	0.02300
9	0.00759	0.00611	0.02998	0.02240	0.03651	0.00598	0.00559	0.05235	0.07206	0.04392	0.18184	0.14115	0.13560	0.04142	0.17608	0.00268	0.02366	0.00692	0.00364	0.00453

[dist]
# distance from previous block
# <min> <max>
4	15

[block]
# block no. 1 follows, 61 sequences, length 16
# corresponding to MSA columns:
# 59-74
name=unknown_B
#
# <colnr> <probs for GDERKNQSTAVLIFYWHMCP>
#	G	D	E	R	K	N	Q	S	T	A	V	L	I	F	Y	W	H	M	C	P
0	0.05369	0.02293	0.05738	0.03552	0.14755	0.20406	0.03487	0.06847	0.08766	0.10694	0.08802	0.03503	0.01118	0.00518	0.00421	0.00128	0.00506	0.00423	0.00318	0.02355
1	0.04772	0.04048	0.01262	0.05519	0.08391	0.13573	0.05144	0.16184	0.21249	0.04333	0.01168	0.03487	0.02190	0.00526	0.00460	0.00133	0.03944	0.00419	0.00330	0.02868
2	0.00647	0.00470	0.00572	0.00577	0.00685	0.00437	0.00421	0.03266	0.02535	0.03878	0.18021	0.32908	0.22604	0.02588	0.04190	0.00181	0.00293	0.02216	0.00406	0.03105
3	0.01000	0.00879	0.05993	0.01985	0.03958	0.00731	0.06860	0.06172	0.08773	0.07710	0.08710	0.05666	0.01200	0.00504	0.00405	0.00109	0.00382	0.01468	0.00325	0.37169
4	0.03085	0.06762	0.03106	0.00870	0.01173	0.04262	0.02461	0.33076	0.03915	0.16744	0.02640	0.09208	0.01048	0.00660	0.03039	0.00146	0.00453	0.00463	0.00390	0.06498
5	0.00893	0.00766	0.00893	0.00638	0.01021	0.00574	0.00510	0.01085	0.00893	0.01404	0.00766	0.00893	0.00638	0.00319	0.00319	0.00064	0.00319	0.00255	0.00255	0.87495
6	0.00975	0.03018	0.01022	0.03335	0.01127	0.03220	0.05133	0.03807	0.00947	0.05626	0.00954	0.03041	0.02051	0.05857	0.00474	0.00106	0.00379	0.00344	0.00275	0.58310
7	0.76057	0.00855	0.00706	0.00611	0.00888	0.00974	0.00504	0.07393	0.00862	0.06913	0.00700	0.00772	0.00523	0.00417	0.00289	0.00133	0.00346	0.00257	0.00295	0.00503
8	0.00657	0.00452	0.00532	0.00522	0.00556	0.00466	0.00331	0.03307	0.00706	0.00959	0.01443	0.02594	0.04942	0.62329	0.15969	0.00436	0.00532	0.00597	0.02364	0.00306
9	0.13230	0.11366	0.04515	0.01288	0.18335	0.09516	0.07024	0.10532	0.09834	0.01586	0.04685	0.02791	0.00899	0.00524	0.01978	0.00138	0.00499	0.00389	0.00283	0.00589
10	0.06759	0.07493	0.18974	0.03731	0.15409	0.05501	0.03446	0.09860	0.08109	0.05044	0.05605	0.03561	0.00950	0.00486	0.00408	0.00129	0.00490	0.00401	0.00286	0.03357
11	0.03267	0.12760	0.06990	0.00949	0.05803	0.04543	0.03095	0.17122	0.08351	0.04759	0.08746	0.06471	0.07302	0.00661	0.01824	0.00141	0.02450	0.01863	0.00337	0.02567
12	0.08105	0.09466	0.05594	0.04446	0.02477	0.10633	0.02464	0.09520	0.07556	0.07116	0.07366	0.05105	0.06239	0.03470	0.00501	0.00138	0.03243	0.00456	0.00319	0.05786
13	0.07431	0.00923	0.03525	0.08121	0.11765	0.06298	0.02456	0.10826	0.10663	0.03968	0.05575	0.03781	0.12430	0.05121	0.02269	0.00165	0.03316	0.00509	0.00324	0.00539
14	0.06523	0.03774	0.06889	0.05777	0.19253	0.04625	0.05490	0.18561	0.10860	0.06241	0.01050	0.04342	0.00832	0.00496	0.00441	0.00134	0.02259	0.00415	0.00312	0.01727
15	0.10621	0.07890	0.01303	0.02637	0.19574	0.05507	0.05148	0.07232	0.14368	0.06091	0.05049	0.03868	0.03522	0.00522	0.00433	0.00131	0.02482	0.00434	0.00313	0.02875

[dist]
# distance from previous block
# <min> <max>
1	19

[block]
# block no. 2 follows, 61 sequences, length 52
# corresponding to MSA columns:
# 94-145
name=unknown_C
#
# <colnr> <probs for GDERKNQSTAVLIFYWHMCP>
#	G	D	E	R	K	N	Q	S	T	A	V	L	I	F	Y	W	H	M	C	P
0	0.01106	0.03388	0.06489	0.01123	0.14122	0.06646	0.02743	0.09076	0.09594	0.08718	0.05848	0.04635	0.06931	0.00549	0.00440	0.00123	0.02190	0.00457	0.00326	0.15494
1	0.07932	0.08877	0.03824	0.05974	0.22311	0.04015	0.05147	0.10774	0.10791	0.06338	0.01015	0.03889	0.00823	0.01579	0.00447	0.00134	0.02040	0.00401	0.00293	0.03397
2	0.03765	0.02250	0.04325	0.09571	0.23699	0.02185	0.06764	0.13100	0.07012	0.06565	0.02005	0.02718	0.03309	0.01575	0.02250	0.00153	0.06442	0.00431	0.00292	0.01589
3	0.02024	0.09626	0.01164	0.05012	0.10221	0.02878	0.04904	0.05650	0.01066	0.07437	0.17723	0.04830	0.10261	0.00623	0.00470	0.00126	0.03780	0.00525	0.00330	0.11350
4	0.02343	0.13556	0.01577	0.03904	0.16910	0.12741	0.12163	0.11173	0.05103	0.05822	0.01084	0.05860	0.03418	0.00507	0.00437	0.00129	0.01967	0.00434	0.00282	0.00590
5	0.02420	0.09149	0.05930	0.04101	0.16291	0.20651	0.10732	0.04833	0.03367	0.04954	0.02433	0.02675	0.05161	0.00489	0.00418	0.00125	0.00556	0.01671	0.00264	0.03780
6	0.01103	0.01228	0.18538	0.04267	0.14817	0.09290	0.06123	0.03053	0.04001	0.12007	0.02385	0.01355	0.00889	0.10508	0.05181	0.00196	0.01807	0.00414	0.00274	0.02563
7	0.01062	0.27898	0.21084	0.10805	0.01679	0.07367	0.11405	0.03631	0.06134	0.01257	0.00786	0.00941	0.00621	0.00421	0.00416	0.00125	0.03243	0.00335	0.00215	0.00574
8	0.00617	0.00523	0.00690	0.03100	0.00831	0.03087	0.05941	0.00752	0.00955	0.01235	0.14718	0.39169	0.21601	0.01087	0.00524	0.00158	0.00300	0.03937	0.00387	0.00388
9	0.04070	0.18014	0.21636	0.01125	0.07608	0.16901	0.03434	0.07553	0.05461	0.05361	0.04311	0.01027	0.00792	0.00448	0.00387	0.00122	0.00552	0.00341	0.00259	0.00595
10	0.04327	0.11562	0.22534	0.03724	0.11991	0.03051	0.04597	0.06976	0.05654	0.13765	0.03040	0.02440	0.03509	0.00484	0.00409	0.00130	0.00494	0.00398	0.00295	0.00621
11	0.00542	0.00388	0.00513	0.00607	0.00641	0.00364	0.00418	0.00625	0.00836	0.01108	0.02382	0.73462	0.04712	0.04020	0.00605	0.00184	0.00267	0.07580	0.00395	0.00351
12	0.01012	0.00946	0.01648	0.02030	0.48481	0.00933	0.15520	0.02944	0.03683	0.03415	0.05737	0.07718	0.02075	0.00513	0.00459	0.00137	0.00498	0.01365	0.00268	0.00618
13	0.00843	0.00601	0.00800	0.02812	0.07189	0.00583	0.01804	0.07204	0.02680	0.08153	0.33261	0.05287	0.16236	0.00846	0.00498	0.00145	0.00308	0.09851	0.00420	0.00479
14	0.01088	0.01118	0.04991	0.04661	0.44739	0.01069	0.24732	0.08581	0.02022	0.01512	0.00857	0.01094	0.00677	0.00395	0.00451	0.00134	0.00576	0.00420	0.00235	0.00649
15	0.01028	0.00981	0.01671	0.12381	0.70890	0.01004	0.01293	0.01286	0.00967	0.01368	0.00836	0.01157	0.00708	0.00407	0.00431	0.00131	0.00517	0.02078	0.00215	0.00652
16	0.01706	0.00693	0.00921	0.00729	0.01026	0.00605	0.00593	0.03464	0.01201	0.68178	0.01988	0.06439	0.09181	0.00634	0.00447	0.00137	0.00347	0.00524	0.00510	0.00675
17	0.00739	0.00396	0.00593	0.03239	0.00657	0.00406	0.00416	0.00601	0.00592	0.00791	0.00831	0.01469	0.00832	0.03554	0.05647	0.75581	0.00421	0.02824	0.00198	0.00214
18	0.01052	0.08619	0.39972	0.01319	0.01824	0.01103	0.24961	0.08433	0.01049	0.05179	0.00851	0.01004	0.00619	0.00412	0.00445	0.00135	0.01788	0.00380	0.00231	0.00624
19	0.00555	0.00440	0.00497	0.00512	0.00627	0.00390	0.00380	0.02036	0.01001	0.01264	0.15052	0.21083	0.48807	0.01110	0.00520	0.00152	0.00235	0.04552	0.00411	0.00375
20	0.01821	0.00781	0.01016	0.00785	0.01107	0.00716	0.00646	0.12664	0.01339	0.67338	0.05933	0.01502	0.01183	0.00550	0.00437	0.00133	0.00372	0.00446	0.00516	0.00715
21	0.00774	0.00616	0.00676	0.00660	0.00779	0.02166	0.00482	0.05399	0.20461	0.01330	0.03752	0.19047	0.13472	0.19553	0.03403	0.00230	0.00363	0.06021	0.00373	0.00442
22	0.15855	0.01119	0.05884	0.01134	0.01502	0.03100	0.23958	0.23408	0.01288	0.17037	0.01016	0.01083	0.00713	0.00448	0.00424	0.00135	0.00520	0.00399	0.00342	0.00633
23	0.00933	0.00789	0.00915	0.00657	0.01038	0.00615	0.00527	0.05376	0.00954	0.01474	0.00780	0.00901	0.00643	0.00330	0.00325	0.00067	0.00327	0.00262	0.00265	0.82820
24	0.06428	0.00718	0.00932	0.00740	0.01039	0.00647	0.00603	0.05015	0.01196	0.65639	0.01754	0.08317	0.03759	0.00610	0.00436	0.00137	0.00355	0.00501	0.00499	0.00675
25	0.01054	0.01037	0.03219	0.05421	0.77964	0.01021	0.01323	0.01315	0.00975	0.01396	0.00808	0.01066	0.00676	0.00386	0.00426	0.00129	0.00516	0.00383	0.00212	0.00674
26	0.03278	0.01240	0.01292	0.01026	0.01341	0.11790	0.05717	0.53795	0.05112	0.04940	0.01088	0.01247	0.00829	0.00535	0.00436	0.00133	0.00512	0.04634	0.00389	0.00667
27	0.00536	0.00435	0.00460	0.00462	0.00597	0.00369	0.00343	0.00651	0.00991	0.02237	0.10291	0.10637	0.68324	0.01088	0.00511	0.00147	0.00221	0.00919	0.00408	0.00371
28	0.00871	0.00747	0.00867	0.00627	0.00996	0.00562	0.00500	0.01058	0.00898	0.01390	0.00970	0.01078	0.05254	0.00363	0.00330	0.00068	0.00313	0.00292	0.00263	0.82551
29	0.00700	0.00505	0.00695	0.00785	0.00887	0.00509	0.00680	0.00928	0.03568	0.01311	0.04193	0.06664	0.02489	0.01167	0.00587	0.00195	0.00387	0.72946	0.00400	0.00405
30	0.01597	0.02028	0.01215	0.01105	0.01327	0.81335	0.00829	0.01733	0.02977	0.01071	0.00690	0.00795	0.00572	0.00447	0.00389	0.00112	0.00767	0.00282	0.00227	0.00503
31	0.00781	0.00466	0.00602	0.00626	0.00725	0.00432	0.00468	0.00894	0.00922	0.13076	0.03497	0.34572	0.11842	0.10817	0.00723	0.00197	0.00311	0.17008	0.01633	0.00409
32	0.05518	0.00452	0.00469	0.00463	0.00559	0.00421	0.00316	0.00671	0.00852	0.01123	0.08222	0.03397	0.42414	0.32025	0.01118	0.00245	0.00297	0.00758	0.00346	0.00334
33	0.00673	0.00487	0.00665	0.00747	0.00850	0.00479	0.00644	0.00865	0.01007	0.01311	0.08224	0.04684	0.08841	0.01160	0.00582	0.00190	0.00369	0.67424	0.00403	0.00395
34	0.01559	0.01110	0.01217	0.00959	0.01279	0.01214	0.00796	0.68511	0.01879	0.06869	0.01195	0.01440	0.00925	0.00585	0.00447	0.00136	0.00460	0.08285	0.00433	0.00699
35	0.00619	0.00458	0.00679	0.00679	0.00751	0.00530	0.00522	0.00758	0.00687	0.00987	0.01154	0.01735	0.01092	0.06888	0.77771	0.02512	0.01104	0.00467	0.00231	0.00375
36	0.00678	0.00477	0.00640	0.00716	0.00791	0.00477	0.00590	0.00829	0.00904	0.01180	0.02060	0.04370	0.02260	0.21230	0.00978	0.00251	0.00402	0.60438	0.00364	0.00364
37	0.01526	0.01118	0.01205	0.00953	0.01275	0.01238	0.00778	0.58839	0.19852	0.06806	0.01232	0.01186	0.00882	0.00533	0.00433	0.00133	0.00438	0.00413	0.00438	0.00721
38	0.72924	0.00821	0.00678	0.00579	0.00865	0.00899	0.00474	0.01235	0.00761	0.01842	0.00628	0.00733	0.00496	0.00386	0.00276	0.00121	0.00331	0.00237	0.00265	0.15450
39	0.01471	0.01625	0.01166	0.01030	0.01276	0.48889	0.00790	0.13977	0.22556	0.01506	0.01010	0.01036	0.00783	0.00492	0.00408	0.00123	0.00615	0.00350	0.00311	0.00583
40	0.05480	0.01239	0.05868	0.00982	0.01336	0.01292	0.00842	0.70235	0.04335	0.02575	0.01022	0.01030	0.00728	0.00508	0.00422	0.00130	0.00473	0.00380	0.00410	0.00714
41	0.00528	0.00381	0.00500	0.00595	0.00628	0.00354	0.00402	0.00607	0.00837	0.01107	0.02485	0.78305	0.07332	0.01331	0.00548	0.00174	0.00251	0.02882	0.00400	0.00352
42	0.01017	0.01162	0.02542	0.01816	0.02251	0.01089	0.80610	0.01380	0.01017	0.01380	0.00871	0.01162	0.00654	0.00363	0.00508	0.00145	0.00726	0.00508	0.00218	0.00581
43	0.00546	0.00437	0.00493	0.00515	0.00635	0.00384	0.00394	0.00673	0.00988	0.01230	0.11806	0.14160	0.53468	0.01115	0.00526	0.00155	0.00245	0.11451	0.00407	0.00371
44	0.00525	0.00437	0.00450	0.00451	0.00583	0.00372	0.00334	0.00632	0.00964	0.01161	0.06578	0.04038	0.71688	0.07154	0.00633	0.00166	0.00237	0.02846	0.00392	0.00358
45	0.01089	0.00882	0.00998	0.00731	0.01104	0.00775	0.00592	0.22052	0.01191	0.01749	0.00836	0.00930	0.00663	0.00371	0.00348	0.00081	0.00360	0.00290	0.00301	0.64656
46	0.00532	0.00436	0.00471	0.00483	0.00612	0.00375	0.00365	0.00652	0.00990	0.01215	0.10635	0.10477	0.63690	0.01100	0.00518	0.00151	0.00232	0.06292	0.00406	0.00368
47	0.00807	0.00634	0.00763	0.00783	0.00932	0.00676	0.00646	0.02486	0.27013	0.01464	0.03578	0.07968	0.07713	0.00981	0.00532	0.00174	0.00356	0.41593	0.00412	0.00489
48	0.00913	0.00689	0.00827	0.00827	0.00999	0.00746	0.00686	0.01541	0.35060	0.05376	0.02030	0.03320	0.01919	0.00902	0.00521	0.00173	0.00372	0.42145	0.00421	0.00533
49	0.01416	0.00810	0.00958	0.00813	0.01083	0.00840	0.00645	0.02110	0.41898	0.36910	0.01765	0.06253	0.01294	0.00605	0.00442	0.00142	0.00347	0.00505	0.00477	0.00685
50	0.00642	0.00411	0.00527	0.00576	0.00625	0.00388	0.00392	0.00730	0.00851	0.05347	0.08051	0.53018	0.02517	0.15554	0.00810	0.00208	0.00283	0.03391	0.05316	0.00363
51	0.00769	0.00521	0.00720	0.00796	0.00911	0.00519	0.00694	0.02565	0.01023	0.04992	0.02229	0.04628	0.02380	0.01147	0.00584	0.00194	0.00397	0.74109	0.00404	0.00419

[dist]
# distance from previous block
# <min> <max>
0	1

[block]
# block no. 3 follows, 61 sequences, length 11
# corresponding to MSA columns:
# 147-157
name=unknown_D
#
# <colnr> <probs for GDERKNQSTAVLIFYWHMCP>
#	G	D	E	R	K	N	Q	S	T	A	V	L	I	F	Y	W	H	M	C	P
0	0.00555	0.00390	0.00502	0.00581	0.00604	0.00371	0.00384	0.00619	0.00790	0.01052	0.02151	0.63232	0.02555	0.19331	0.00906	0.00228	0.00293	0.04754	0.00370	0.00333
1	0.00579	0.00411	0.00487	0.00511	0.00551	0.00389	0.00328	0.00640	0.00805	0.01065	0.11771	0.26586	0.13509	0.38976	0.01281	0.00276	0.00316	0.00857	0.00346	0.00318
2	0.01074	0.00793	0.00918	0.00831	0.04128	0.00847	0.00623	0.29301	0.12751	0.01820	0.12657	0.01942	0.10288	0.00836	0.00685	0.16031	0.00370	0.03198	0.00380	0.00527
3	0.24564	0.01541	0.01125	0.01021	0.03681	0.45609	0.04208	0.05723	0.06270	0.01448	0.00751	0.00849	0.00598	0.00440	0.00368	0.00122	0.00604	0.00298	0.00258	0.00524
4	0.00994	0.00791	0.00920	0.00675	0.01044	0.00640	0.00541	0.04091	0.06607	0.06248	0.00900	0.00982	0.00714	0.00357	0.00338	0.00076	0.00329	0.00287	0.00291	0.73178
5	0.03181	0.00437	0.00497	0.00513	0.00605	0.00401	0.00366	0.00684	0.00933	0.01235	0.17959	0.19431	0.33302	0.14187	0.00777	0.00194	0.00264	0.04289	0.00388	0.00358
6	0.01127	0.01104	0.01719	0.04342	0.65850	0.06476	0.05548	0.06018	0.01057	0.01452	0.00816	0.01052	0.00673	0.00396	0.00429	0.00128	0.00540	0.00384	0.00226	0.00663
7	0.04084	0.03796	0.11239	0.00961	0.01340	0.01025	0.04987	0.33266	0.01472	0.31621	0.01211	0.01163	0.00814	0.00494	0.00424	0.00131	0.00463	0.00393	0.00414	0.00700
8	0.00528	0.00428	0.00469	0.00486	0.00604	0.00370	0.00358	0.00643	0.00980	0.01216	0.12208	0.17842	0.57932	0.01116	0.00518	0.00151	0.00227	0.03149	0.00408	0.00367
9	0.00773	0.00471	0.00576	0.00554	0.00643	0.00444	0.00382	0.00891	0.03332	0.11286	0.18392	0.16067	0.10697	0.30069	0.01118	0.02473	0.00316	0.00750	0.00379	0.00386
10	0.07190	0.02700	0.03306	0.03241	0.01328	0.15339	0.08918	0.16962	0.17501	0.10646	0.01129	0.01224	0.00857	0.04171	0.01916	0.00155	0.02069	0.00402	0.00342	0.00605

[dist]
# distance from previous block
# <min> <max>
0	1

[block]
# block no. 4 follows, 61 sequences, length 9
# corresponding to MSA columns:
# 159-167
name=unknown_E
#
# <colnr> <probs for GDERKNQSTAVLIFYWHMCP>
#	G	D	E	R	K	N	Q	S	T	A	V	L	I	F	Y	W	H	M	C	P
0	0.11609	0.00636	0.00686	0.00639	0.00809	0.00670	0.00498	0.05271	0.19144	0.01685	0.27353	0.05235	0.14050	0.00784	0.00456	0.00142	0.00279	0.05371	0.04200	0.00484
1	0.11539	0.01292	0.03187	0.18985	0.08148	0.32898	0.00877	0.01321	0.00984	0.01211	0.00902	0.11296	0.00844	0.00556	0.00451	0.00134	0.04217	0.00427	0.00240	0.00490
2	0.05715	0.03317	0.06969	0.07389	0.18631	0.03040	0.05124	0.15891	0.02743	0.15271	0.01061	0.01145	0.02305	0.00450	0.00410	0.00125	0.00473	0.00380	0.00317	0.09244
3	0.01300	0.01110	0.02980	0.01230	0.12172	0.14122	0.09535	0.05690	0.21357	0.16791	0.03182	0.03057	0.01086	0.00541	0.00445	0.00137	0.00491	0.03786	0.00360	0.00628
4	0.00614	0.00412	0.00474	0.00486	0.00489	0.00409	0.00278	0.00623	0.00651	0.00868	0.01484	0.12979	0.01725	0.74484	0.01988	0.00387	0.00397	0.00701	0.00278	0.00272
5	0.01287	0.05001	0.04582	0.07505	0.24765	0.12831	0.07391	0.12308	0.08548	0.10086	0.00991	0.01103	0.00748	0.00447	0.00423	0.00129	0.00538	0.00384	0.00295	0.00638
6	0.06486	0.04249	0.01203	0.03640	0.14651	0.07111	0.04214	0.10479	0.04690	0.02980	0.01037	0.11373	0.00945	0.00538	0.00446	0.00121	0.04132	0.00446	0.00289	0.20971
7	0.00578	0.00419	0.00545	0.00590	0.00654	0.00397	0.00428	0.00701	0.00936	0.01260	0.22211	0.37484	0.09630	0.07528	0.04651	0.00209	0.00310	0.10704	0.00399	0.00366
8	0.00883	0.08237	0.24309	0.02754	0.07313	0.00881	0.05980	0.08579	0.03627	0.01389	0.01541	0.17151	0.09269	0.00715	0.00480	0.01989	0.00463	0.03613	0.00290	0.00537

[dist]
# distance from previous block
# <min> <max>
2	7

[block]
# block no. 5 follows, 61 sequences, length 54
# corresponding to MSA columns:
# 175-228
name=unknown_F
#
# <colnr> <probs for GDERKNQSTAVLIFYWHMCP>
#	G	D	E	R	K	N	Q	S	T	A	V	L	I	F	Y	W	H	M	C	P
0	0.03049	0.03027	0.01035	0.00892	0.01128	0.30506	0.00691	0.07593	0.26020	0.07000	0.05256	0.01551	0.09252	0.00582	0.00423	0.00129	0.00493	0.00446	0.00355	0.00571
1	0.05331	0.03462	0.09753	0.02444	0.09377	0.02223	0.17425	0.16859	0.03260	0.09499	0.02423	0.01267	0.02260	0.03323	0.05814	0.00178	0.01505	0.00423	0.00303	0.02871
2	0.08563	0.03873	0.02599	0.00936	0.02356	0.10935	0.02965	0.34339	0.06333	0.03702	0.00987	0.01097	0.00764	0.00867	0.12261	0.00205	0.00586	0.00368	0.00334	0.05933
3	0.01064	0.26218	0.10237	0.03884	0.06511	0.05197	0.23991	0.03341	0.06663	0.01300	0.00876	0.03827	0.00730	0.00428	0.00403	0.00123	0.00557	0.00393	0.00232	0.04025
4	0.00576	0.00468	0.00572	0.05243	0.03032	0.00428	0.00436	0.00727	0.01040	0.01346	0.29179	0.09935	0.43493	0.00986	0.00505	0.00144	0.00244	0.00847	0.00407	0.00392
5	0.00726	0.00607	0.00755	0.05312	0.04067	0.04135	0.02951	0.04161	0.04558	0.01250	0.08953	0.27895	0.11614	0.11474	0.05435	0.00218	0.00400	0.04724	0.00350	0.00414
6	0.07189	0.00582	0.00763	0.00712	0.00858	0.00574	0.05189	0.04246	0.05671	0.10900	0.09356	0.33588	0.05002	0.05388	0.00582	0.00170	0.00325	0.06429	0.02019	0.00457
7	0.01456	0.00701	0.00903	0.00736	0.01013	0.00636	0.00597	0.01710	0.08027	0.47808	0.01692	0.04770	0.03486	0.02594	0.00494	0.00139	0.01912	0.06696	0.02793	0.11836
8	0.00883	0.00815	0.03445	0.05984	0.41198	0.00790	0.01042	0.01119	0.00977	0.01336	0.01504	0.02663	0.04059	0.00728	0.00495	0.00157	0.00463	0.31504	0.00290	0.00547
9	0.02178	0.00473	0.00593	0.00587	0.00702	0.00436	0.00434	0.00922	0.02065	0.13056	0.18227	0.29272	0.15511	0.04364	0.00600	0.02295	0.00270	0.04714	0.02883	0.00421
10	0.07013	0.00526	0.00639	0.00634	0.00764	0.00521	0.00494	0.01025	0.07658	0.07124	0.29266	0.17669	0.07353	0.00944	0.00500	0.00155	0.00280	0.15085	0.01911	0.00442
11	0.00620	0.00444	0.00603	0.00603	0.00649	0.00490	0.00427	0.00712	0.00666	0.00934	0.01236	0.02145	0.01273	0.36026	0.50628	0.00582	0.00858	0.00528	0.00243	0.00335
12	0.00593	0.00449	0.00529	0.00518	0.00634	0.00409	0.00391	0.00774	0.02709	0.01457	0.40855	0.05018	0.32034	0.03517	0.00556	0.00151	0.00230	0.05223	0.03563	0.00390
13	0.00784	0.00462	0.00584	0.00574	0.00675	0.00422	0.00409	0.00892	0.00954	0.14110	0.17709	0.29052	0.12903	0.16099	0.00814	0.00201	0.00288	0.02249	0.00410	0.00408
14	0.03586	0.00455	0.00509	0.00504	0.00575	0.00456	0.00343	0.02505	0.00808	0.04634	0.01557	0.11462	0.03661	0.35449	0.04409	0.00269	0.00354	0.01945	0.26161	0.00359
15	0.01031	0.01099	0.02165	0.01578	0.01953	0.03521	0.62817	0.05795	0.01065	0.01454	0.02852	0.03464	0.00823	0.00430	0.00505	0.00142	0.02240	0.00511	0.05993	0.00563
16	0.11324	0.00480	0.00550	0.00570	0.00672	0.00474	0.00416	0.00871	0.02101	0.05531	0.12076	0.36453	0.08011	0.04715	0.00547	0.00164	0.00268	0.04294	0.10083	0.00401
17	0.12745	0.00577	0.00695	0.00623	0.00810	0.00545	0.00487	0.01235	0.01061	0.26735	0.22842	0.13522	0.08317	0.02131	0.00485	0.00147	0.00291	0.04236	0.02014	0.00502
18	0.00982	0.00950	0.00860	0.00816	0.00966	0.21149	0.03191	0.04146	0.13857	0.03225	0.04556	0.35205	0.04244	0.00873	0.00474	0.00146	0.00418	0.00751	0.02715	0.00474
19	0.00690	0.00491	0.00652	0.00723	0.00832	0.00478	0.00611	0.00885	0.02518	0.03278	0.03920	0.10433	0.14330	0.01154	0.00570	0.00185	0.00354	0.57089	0.00403	0.00402
20	0.29013	0.00717	0.00794	0.00679	0.00917	0.00744	0.00544	0.07050	0.00994	0.29158	0.01253	0.07243	0.01000	0.04046	0.12415	0.00227	0.00468	0.00434	0.01757	0.00547
21	0.00566	0.00445	0.00478	0.00465	0.00607	0.00379	0.00350	0.00695	0.01034	0.03461	0.18963	0.03898	0.65081	0.01036	0.00507	0.00143	0.00219	0.00872	0.00418	0.00382
22	0.86105	0.00831	0.00641	0.00571	0.00839	0.00959	0.00470	0.01284	0.00744	0.03618	0.00623	0.00716	0.00479	0.00403	0.00270	0.00133	0.00334	0.00237	0.00272	0.00472
23	0.00562	0.00418	0.00523	0.00541	0.00623	0.00384	0.00387	0.00696	0.01008	0.01358	0.35189	0.29675	0.19717	0.03682	0.03072	0.00176	0.00257	0.00936	0.00421	0.00374
24	0.00781	0.00630	0.01009	0.10378	0.02837	0.00739	0.07165	0.00855	0.00698	0.00981	0.00855	0.01348	0.00796	0.03661	0.24114	0.25635	0.16523	0.00417	0.00205	0.00374
25	0.01066	0.01023	0.01748	0.02644	0.82174	0.01023	0.01322	0.01322	0.00981	0.01407	0.00810	0.01066	0.00682	0.00384	0.00426	0.00128	0.00512	0.00384	0.00213	0.00682
26	0.00532	0.00383	0.00502	0.00594	0.00627	0.00357	0.00402	0.00611	0.00834	0.01103	0.02461	0.75501	0.07349	0.03299	0.00588	0.00180	0.00257	0.03674	0.00396	0.00350
27	0.10584	0.06820	0.01112	0.00937	0.01143	0.50927	0.00722	0.02585	0.01046	0.01152	0.00751	0.00947	0.00648	0.00970	0.15508	0.02375	0.00764	0.00307	0.00228	0.00474
28	0.05622	0.02906	0.02836	0.01243	0.12190	0.06933	0.08467	0.33748	0.09592	0.10547	0.01071	0.01111	0.00780	0.00477	0.00424	0.00131	0.00495	0.00394	0.00361	0.00671
29	0.00689	0.00492	0.00688	0.00787	0.00884	0.00491	0.00685	0.00883	0.00986	0.01283	0.02284	0.07465	0.02491	0.01195	0.00593	0.00198	0.00392	0.76724	0.00397	0.00395
30	0.87904	0.00833	0.00633	0.00566	0.00833	0.00966	0.00467	0.01266	0.00733	0.01933	0.00600	0.00700	0.00467	0.00400	0.00267	0.00133	0.00333	0.00233	0.00267	0.00467
31	0.00528	0.00377	0.00502	0.00598	0.00625	0.00352	0.00400	0.00607	0.00837	0.01120	0.04905	0.81993	0.02888	0.01335	0.00548	0.00174	0.00248	0.01210	0.00402	0.00352
32	0.00530	0.00421	0.00463	0.00482	0.00585	0.00369	0.00342	0.00628	0.00930	0.01157	0.08848	0.21630	0.51863	0.08967	0.00675	0.00177	0.00243	0.00943	0.00392	0.00354
33	0.00893	0.00766	0.00893	0.00638	0.01021	0.00574	0.00510	0.01085	0.00893	0.01404	0.00766	0.00893	0.00638	0.00319	0.00319	0.00064	0.00319	0.00255	0.00255	0.87495
34	0.01428	0.01713	0.01191	0.03587	0.01326	0.58614	0.00829	0.01729	0.14695	0.01180	0.00843	0.00945	0.00685	0.00498	0.00500	0.00126	0.09005	0.00326	0.00254	0.00527
35	0.03308	0.00966	0.01254	0.07693	0.16721	0.01071	0.04070	0.12113	0.37375	0.06095	0.01298	0.01325	0.00976	0.00515	0.00465	0.00141	0.03163	0.00435	0.00359	0.00659
36	0.01068	0.01287	0.22503	0.16982	0.22551	0.01042	0.01202	0.11266	0.09399	0.04724	0.00946	0.01105	0.00710	0.00453	0.00453	0.00137	0.02896	0.00380	0.00263	0.00634
37	0.12288	0.01074	0.01158	0.00898	0.01231	0.01162	0.00742	0.56593	0.01722	0.17207	0.01103	0.01072	0.00761	0.00506	0.00411	0.00131	0.00437	0.00377	0.00429	0.00700
38	0.01152	0.85121	0.02257	0.00737	0.01106	0.01704	0.00737	0.01290	0.00875	0.01013	0.00599	0.00691	0.00553	0.00369	0.00276	0.00092	0.00461	0.00230	0.00184	0.00553
39	0.00748	0.00374	0.00561	0.00561	0.00561	0.00374	0.00374	0.00561	0.00561	0.00748	0.00748	0.01309	0.00748	0.01496	0.01684	0.87467	0.00374	0.00374	0.00187	0.00187
40	0.00531	0.00382	0.00505	0.00597	0.00630	0.00356	0.00404	0.00615	0.00849	0.01132	0.05786	0.77228	0.05116	0.01319	0.00548	0.00173	0.00250	0.02822	0.00403	0.00354
41	0.01629	0.00803	0.00993	0.00783	0.01075	0.00771	0.00630	0.19628	0.03701	0.48669	0.02935	0.04626	0.01145	0.07258	0.00575	0.00155	0.00385	0.00470	0.00471	0.03297
42	0.00723	0.00378	0.00554	0.00564	0.00567	0.00376	0.00376	0.00572	0.00593	0.00790	0.00938	0.08712	0.00992	0.05185	0.01592	0.74777	0.00365	0.01528	0.00212	0.00207
43	0.00904	0.01852	0.58404	0.01540	0.19015	0.00988	0.05574	0.01330	0.00927	0.01365	0.00841	0.03803	0.00659	0.00433	0.00423	0.00136	0.00601	0.00373	0.00198	0.00634
44	0.01080	0.02902	0.22023	0.04088	0.13589	0.04548	0.11393	0.05748	0.08870	0.08016	0.02979	0.03366	0.02235	0.00474	0.00429	0.00131	0.00521	0.00421	0.00282	0.06905
45	0.01010	0.00790	0.03557	0.01911	0.03978	0.00675	0.03049	0.01269	0.06127	0.13388	0.06777	0.02602	0.07572	0.00557	0.01656	0.00117	0.05037	0.00424	0.00327	0.39178
46	0.03157	0.00743	0.02276	0.00837	0.05299	0.00747	0.00629	0.05463	0.25714	0.14092	0.16858	0.07460	0.08454	0.00738	0.00468	0.00145	0.00328	0.05592	0.00430	0.00570
47	0.04462	0.11643	0.05583	0.06229	0.05201	0.07434	0.09024	0.10489	0.02868	0.05438	0.06049	0.03758	0.07406	0.00549	0.00459	0.00128	0.04156	0.01285	0.00296	0.07542
48	0.04983	0.00551	0.00705	0.00661	0.00784	0.00592	0.00509	0.06692	0.02868	0.04688	0.12298	0.02039	0.05275	0.09145	0.40412	0.03083	0.00726	0.01988	0.00310	0.01690
49	0.01036	0.02114	0.03559	0.01972	0.12435	0.14780	0.04607	0.08461	0.02274	0.06153	0.09672	0.16598	0.10488	0.00744	0.00467	0.00140	0.00443	0.03199	0.00341	0.00517
50	0.04680	0.08167	0.41022	0.01183	0.06176	0.11008	0.06089	0.02354	0.00957	0.01312	0.01005	0.01217	0.05172	0.00584	0.03703	0.00155	0.01830	0.02596	0.00218	0.00572
51	0.12001	0.02290	0.04143	0.20504	0.13045	0.10263	0.04015	0.10604	0.01083	0.01515	0.08350	0.01392	0.03649	0.00561	0.01887	0.00145	0.01475	0.02269	0.00275	0.00535
52	0.03727	0.00671	0.00782	0.03477	0.00932	0.00698	0.00549	0.16405	0.09956	0.08225	0.15696	0.20545	0.08092	0.04642	0.00551	0.00158	0.00324	0.01597	0.02464	0.00507
53	0.00877	0.00707	0.00953	0.08232	0.09252	0.04331	0.03409	0.07961	0.01008	0.04563	0.15188	0.08641	0.03245	0.07425	0.18118	0.02776	0.01967	0.00567	0.00314	0.00466

[dist]
# distance from previous block
# <min> <max>
0	4

# created by:
# /st0/software/busco_prod/Augustus/scripts/msa2prfl.pl ./align_prep/35333.fa
