[name]
unknown

[dist]
# distance from previous block
# <min> <max>
0	5

[block]
# block no. 0 follows, 60 sequences, length 20
# corresponding to MSA columns:
# 7-26
name=unknown_A
#
# <colnr> <probs for GDERKNQSTAVLIFYWHMCP>
#	G	D	E	R	K	N	Q	S	T	A	V	L	I	F	Y	W	H	M	C	P
0	0.03480	0.07474	0.03174	0.00939	0.01244	0.08019	0.02583	0.36745	0.11583	0.09802	0.03041	0.04386	0.01038	0.00576	0.00433	0.00135	0.00466	0.03836	0.00394	0.00653
1	0.03820	0.00792	0.03217	0.01768	0.00981	0.03482	0.02167	0.15070	0.02667	0.10931	0.23426	0.10259	0.03968	0.07980	0.00683	0.00167	0.05778	0.00616	0.00396	0.01834
2	0.01004	0.01223	0.10488	0.01563	0.02003	0.01035	0.56562	0.01442	0.07913	0.01435	0.00937	0.01159	0.00706	0.00387	0.00477	0.00137	0.00647	0.00465	0.00240	0.10177
3	0.01051	0.00976	0.02650	0.17343	0.23906	0.02904	0.14437	0.07567	0.01025	0.04269	0.00905	0.01247	0.00747	0.07683	0.00619	0.00156	0.02963	0.00417	0.00249	0.08885
4	0.01012	0.01142	0.02464	0.08889	0.02342	0.01091	0.73544	0.01373	0.01016	0.01373	0.00873	0.01175	0.00655	0.00374	0.00508	0.00147	0.00722	0.00504	0.00218	0.00579
5	0.06871	0.64924	0.13185	0.00843	0.01249	0.01555	0.03773	0.01318	0.00887	0.01150	0.00641	0.00748	0.00557	0.00381	0.00306	0.00104	0.00492	0.00256	0.00193	0.00567
6	0.00553	0.00391	0.00508	0.00584	0.00612	0.00369	0.00386	0.00630	0.00841	0.01131	0.09098	0.66035	0.02810	0.12931	0.00785	0.00208	0.00273	0.01117	0.00392	0.00347
7	0.01072	0.00795	0.00972	0.02606	0.01074	0.05939	0.07415	0.08729	0.10584	0.14694	0.23664	0.05255	0.13885	0.00731	0.00479	0.00140	0.00369	0.00632	0.00423	0.00543
8	0.00573	0.00416	0.00501	0.00529	0.00587	0.00386	0.00355	0.00662	0.00895	0.01186	0.18652	0.31009	0.18198	0.22912	0.00973	0.00227	0.00281	0.00928	0.00384	0.00345
9	0.00625	0.00431	0.00535	0.00542	0.00563	0.00449	0.00345	0.00669	0.00665	0.00906	0.01390	0.07978	0.01546	0.58382	0.22695	0.00477	0.00602	0.00632	0.00266	0.00302
10	0.01300	0.07324	0.02870	0.04312	0.20028	0.10434	0.04101	0.27842	0.02954	0.03629	0.07336	0.01246	0.02140	0.00505	0.00447	0.00129	0.02032	0.00413	0.00322	0.00635
11	0.06956	0.69466	0.02047	0.00768	0.01122	0.06002	0.00735	0.04173	0.03289	0.01175	0.00660	0.00744	0.00583	0.00391	0.00296	0.00100	0.00472	0.00249	0.00211	0.00561
12	0.18483	0.03017	0.01330	0.04380	0.01363	0.19043	0.09783	0.13253	0.01068	0.01531	0.00717	0.00911	0.00586	0.00521	0.00656	0.00145	0.22078	0.00344	0.00254	0.00537
13	0.01464	0.01271	0.06520	0.02765	0.01388	0.06669	0.02669	0.52581	0.14066	0.02312	0.01118	0.01131	0.00813	0.00516	0.00432	0.00133	0.00491	0.00399	0.02569	0.00694
14	0.00609	0.00453	0.00547	0.00549	0.00656	0.00415	0.00402	0.00795	0.04143	0.02907	0.35493	0.23250	0.26068	0.01051	0.00521	0.00150	0.00230	0.00919	0.00440	0.00402
15	0.00563	0.00436	0.00495	0.00518	0.00609	0.00396	0.00362	0.00691	0.03223	0.01194	0.11411	0.27041	0.38024	0.12129	0.00749	0.00191	0.00259	0.00949	0.00395	0.00364
16	0.03498	0.00988	0.01102	0.00835	0.01191	0.00977	0.00682	0.38339	0.04491	0.11107	0.01041	0.01058	0.00761	0.00453	0.00392	0.00108	0.00403	0.00350	0.00380	0.31846
17	0.02333	0.20573	0.09159	0.06527	0.11250	0.03773	0.09945	0.06147	0.03459	0.02542	0.07781	0.01164	0.00945	0.00454	0.00426	0.00121	0.02919	0.00379	0.00258	0.09846
18	0.07357	0.08266	0.07538	0.05318	0.13785	0.02676	0.09712	0.09241	0.04562	0.14387	0.03030	0.04768	0.00916	0.00513	0.00472	0.00137	0.04659	0.00431	0.01620	0.00612
19	0.00742	0.00611	0.00661	0.00657	0.00775	0.05507	0.00474	0.06814	0.03335	0.01330	0.08353	0.45123	0.10306	0.03925	0.00564	0.00162	0.00312	0.02056	0.00386	0.07905

[dist]
# distance from previous block
# <min> <max>
1	18

[block]
# block no. 1 follows, 60 sequences, length 29
# corresponding to MSA columns:
# 48-76
name=unknown_B
#
# <colnr> <probs for GDERKNQSTAVLIFYWHMCP>
#	G	D	E	R	K	N	Q	S	T	A	V	L	I	F	Y	W	H	M	C	P
0	0.01250	0.01117	0.01273	0.09175	0.05110	0.11269	0.00898	0.19337	0.05398	0.06014	0.00863	0.01043	0.00688	0.00574	0.00762	0.00148	0.28799	0.00375	0.00289	0.05618
1	0.01186	0.05834	0.01232	0.04986	0.01249	0.13638	0.03381	0.16805	0.02591	0.05939	0.05373	0.04534	0.00998	0.00939	0.10728	0.00213	0.19098	0.00437	0.00299	0.00541
2	0.00618	0.00428	0.00554	0.00631	0.02394	0.00404	0.00436	0.00732	0.00906	0.02256	0.10733	0.46393	0.08046	0.07385	0.00654	0.00184	0.00277	0.09222	0.07370	0.00376
3	0.05298	0.00812	0.00867	0.00764	0.00963	0.04652	0.02026	0.17342	0.12772	0.05556	0.04214	0.07037	0.19439	0.07276	0.00636	0.00169	0.02964	0.06299	0.00389	0.00523
4	0.00731	0.00559	0.00631	0.00637	0.00743	0.02621	0.00462	0.01053	0.15739	0.02956	0.15510	0.30326	0.09579	0.07937	0.01704	0.00184	0.00303	0.03271	0.04618	0.00436
5	0.00565	0.00442	0.00517	0.00507	0.00626	0.00394	0.00379	0.00718	0.01080	0.01419	0.38097	0.07534	0.40604	0.01113	0.03906	0.00167	0.00255	0.00859	0.00431	0.00387
6	0.02860	0.00939	0.00999	0.00874	0.01132	0.01060	0.00685	0.12387	0.61340	0.03688	0.01649	0.05015	0.01274	0.00602	0.00440	0.00144	0.00359	0.00497	0.00434	0.03624
7	0.01161	0.09258	0.01298	0.00973	0.01132	0.01203	0.00815	0.20805	0.01076	0.06762	0.00867	0.01112	0.00732	0.01064	0.14429	0.00247	0.35847	0.00387	0.00281	0.00554
8	0.01025	0.00931	0.01120	0.10386	0.09792	0.07517	0.04782	0.07573	0.25841	0.01597	0.09842	0.04927	0.05104	0.00610	0.00471	0.00140	0.02301	0.00520	0.04948	0.00574
9	0.00983	0.02381	0.06832	0.02378	0.01471	0.03567	0.28072	0.04270	0.01035	0.07926	0.03543	0.18069	0.02910	0.00680	0.00488	0.00145	0.00505	0.06455	0.00315	0.07973
10	0.49636	0.00862	0.00839	0.00700	0.00969	0.00957	0.00574	0.12533	0.01022	0.18032	0.00926	0.01007	0.00682	0.03140	0.00454	0.00146	0.04983	0.00322	0.01659	0.00557
11	0.01172	0.00950	0.01013	0.00891	0.01150	0.01084	0.00699	0.08469	0.71048	0.05803	0.01715	0.01575	0.01273	0.00584	0.00443	0.00146	0.00357	0.00483	0.00448	0.00697
12	0.01472	0.02743	0.01557	0.02845	0.03349	0.07087	0.16242	0.49332	0.01651	0.04646	0.00997	0.02185	0.00741	0.00498	0.00472	0.00134	0.02593	0.00418	0.00362	0.00674
13	0.02473	0.02706	0.00982	0.00710	0.01062	0.00719	0.00576	0.09901	0.01034	0.06962	0.00879	0.00997	0.00704	0.00536	0.04937	0.00117	0.02443	0.00299	0.00292	0.61671
14	0.03169	0.00955	0.01030	0.03664	0.01177	0.04422	0.00691	0.30031	0.18382	0.11222	0.04757	0.09788	0.02309	0.03061	0.00497	0.00146	0.00408	0.00522	0.00417	0.03352
15	0.00758	0.00379	0.00568	0.00568	0.00568	0.00379	0.00379	0.00568	0.00568	0.00758	0.00758	0.01326	0.00758	0.01515	0.01705	0.87311	0.00379	0.00379	0.00189	0.00189
16	0.00536	0.00382	0.00505	0.00601	0.00625	0.00358	0.00398	0.00609	0.00825	0.01100	0.02354	0.80422	0.02821	0.05418	0.00638	0.00189	0.00261	0.01210	0.00398	0.00350
17	0.00657	0.00553	0.00589	0.00590	0.00711	0.04196	0.00436	0.00898	0.08926	0.01377	0.24049	0.21373	0.30159	0.01028	0.00514	0.00151	0.00266	0.02690	0.00421	0.00415
18	0.01429	0.02584	0.01296	0.05468	0.01437	0.46182	0.07162	0.07316	0.11215	0.05280	0.04345	0.01101	0.00856	0.00493	0.00438	0.00126	0.02053	0.00370	0.00290	0.00559
19	0.08305	0.00836	0.01041	0.00832	0.01122	0.00835	0.04502	0.19178	0.06585	0.36183	0.05055	0.07580	0.01225	0.00597	0.00436	0.00137	0.00385	0.00494	0.04020	0.00653
20	0.00543	0.00390	0.00507	0.00586	0.00622	0.00363	0.00393	0.00626	0.00861	0.01148	0.08388	0.69197	0.06981	0.06386	0.00653	0.00188	0.00258	0.01153	0.00402	0.00354
21	0.00660	0.00467	0.00568	0.00557	0.00677	0.00426	0.00416	0.00849	0.03792	0.05565	0.37240	0.17198	0.25945	0.01013	0.00518	0.00149	0.00236	0.02865	0.00446	0.00415
22	0.05689	0.02113	0.73619	0.01282	0.06072	0.01012	0.01534	0.01373	0.00915	0.01415	0.00775	0.00917	0.00555	0.00412	0.00407	0.00137	0.00621	0.00321	0.00191	0.00637
23	0.01468	0.03536	0.01235	0.01021	0.01290	0.34727	0.05159	0.11578	0.19890	0.11009	0.02595	0.01174	0.00903	0.00505	0.00420	0.00127	0.00566	0.00386	0.01802	0.00608
24	0.02206	0.00719	0.00966	0.02171	0.02948	0.02082	0.06411	0.08298	0.04180	0.21232	0.06268	0.16307	0.04005	0.04983	0.03976	0.00181	0.04277	0.00618	0.07635	0.00538
25	0.00664	0.00508	0.00603	0.00617	0.00720	0.00499	0.00446	0.05068	0.09574	0.01413	0.18332	0.40624	0.17074	0.01098	0.00522	0.00158	0.00260	0.00968	0.00426	0.00424
26	0.00784	0.05038	0.00757	0.01756	0.00779	0.01650	0.00482	0.09904	0.03598	0.01308	0.09291	0.25521	0.03509	0.23183	0.07061	0.00264	0.02016	0.01446	0.01243	0.00412
27	0.65974	0.04797	0.00775	0.02763	0.00931	0.02736	0.00525	0.05610	0.00864	0.01861	0.04671	0.05297	0.00801	0.00486	0.00314	0.00135	0.00356	0.00330	0.00290	0.00483
28	0.05825	0.01037	0.03150	0.02313	0.03643	0.07051	0.00739	0.15369	0.32821	0.14166	0.02446	0.01476	0.03861	0.02216	0.00482	0.00145	0.01756	0.00449	0.00406	0.00651

[dist]
# distance from previous block
# <min> <max>
4	30

[block]
# block no. 2 follows, 60 sequences, length 24
# corresponding to MSA columns:
# 109-127,129-133
name=unknown_C
#
# <colnr> <probs for GDERKNQSTAVLIFYWHMCP>
#	G	D	E	R	K	N	Q	S	T	A	V	L	I	F	Y	W	H	M	C	P
0	0.03683	0.07747	0.02151	0.06322	0.07958	0.14956	0.00749	0.09852	0.04895	0.04183	0.05244	0.03808	0.04034	0.00557	0.01700	0.00126	0.02019	0.00404	0.02741	0.16871
1	0.05124	0.02252	0.08170	0.27363	0.08115	0.05471	0.00979	0.10132	0.08991	0.04295	0.05536	0.03165	0.00977	0.00523	0.00456	0.00139	0.02811	0.01852	0.00290	0.03360
2	0.08457	0.00977	0.01194	0.08547	0.14741	0.02511	0.00840	0.26191	0.08534	0.13261	0.03780	0.01297	0.03149	0.00510	0.00422	0.00132	0.00439	0.00414	0.00369	0.04234
3	0.01115	0.03620	0.07434	0.06000	0.13092	0.07115	0.03890	0.09766	0.01103	0.08732	0.08127	0.05467	0.02383	0.00575	0.00528	0.01886	0.06696	0.00452	0.02268	0.09750
4	0.00734	0.00495	0.00623	0.00580	0.00710	0.00464	0.00438	0.00985	0.06206	0.07765	0.58849	0.07623	0.11058	0.00893	0.00507	0.00141	0.00231	0.00781	0.00471	0.00447
5	0.00786	0.00605	0.00701	0.00662	0.00806	0.00626	0.00499	0.04205	0.22696	0.02896	0.29242	0.12614	0.11697	0.05404	0.02320	0.00175	0.00301	0.02849	0.00433	0.00484
6	0.00585	0.00432	0.00530	0.00532	0.00614	0.00404	0.00377	0.00712	0.00984	0.01325	0.33599	0.15917	0.20434	0.15064	0.06336	0.00231	0.00317	0.00841	0.00400	0.00367
7	0.12958	0.00658	0.00775	0.00654	0.00891	0.00628	0.00519	0.01517	0.06717	0.36245	0.14275	0.03371	0.12089	0.04233	0.00512	0.00150	0.00316	0.00552	0.02371	0.00568
8	0.01618	0.01202	0.01286	0.00995	0.01337	0.01334	0.00819	0.75007	0.07606	0.02684	0.01098	0.01088	0.00783	0.00528	0.00437	0.00132	0.00470	0.00400	0.00437	0.00738
9	0.00667	0.00453	0.00519	0.00519	0.00538	0.00462	0.00310	0.00747	0.06298	0.00926	0.01429	0.07880	0.01598	0.68170	0.01956	0.05901	0.00404	0.00647	0.00281	0.00295
10	0.00784	0.00568	0.00678	0.00665	0.00791	0.01638	0.00514	0.09661	0.01094	0.05041	0.12883	0.24134	0.18903	0.02999	0.03433	0.00185	0.01972	0.13212	0.00408	0.00436
11	0.01171	0.01180	0.03578	0.01128	0.01248	0.14782	0.03906	0.04478	0.04372	0.06878	0.00759	0.01004	0.00649	0.00654	0.01044	0.00167	0.51854	0.00378	0.00243	0.00529
12	0.03790	0.23442	0.08883	0.00930	0.01256	0.19072	0.00833	0.16071	0.07921	0.01515	0.00920	0.02313	0.00773	0.00493	0.00400	0.00120	0.02050	0.03457	0.00281	0.05481
13	0.03520	0.02046	0.11019	0.03155	0.16852	0.00884	0.08307	0.08551	0.04092	0.13786	0.01240	0.07487	0.03286	0.01735	0.03204	0.00156	0.01578	0.00472	0.00315	0.08316
14	0.04966	0.14825	0.18506	0.02815	0.06982	0.11037	0.07520	0.10613	0.07922	0.09341	0.00950	0.01026	0.00709	0.00446	0.00401	0.00128	0.00547	0.00355	0.00284	0.00627
15	0.00692	0.00544	0.00719	0.00664	0.00713	0.00599	0.03605	0.00790	0.02962	0.00994	0.03175	0.03951	0.07045	0.46565	0.14082	0.00386	0.11293	0.00602	0.00271	0.00348
16	0.00629	0.00445	0.00609	0.00609	0.00663	0.00482	0.00438	0.00718	0.00718	0.01000	0.05946	0.03615	0.04619	0.25402	0.45741	0.06404	0.00800	0.00557	0.00263	0.00341
17	0.00971	0.06111	0.06542	0.09062	0.02590	0.06174	0.05872	0.07143	0.16177	0.01499	0.13905	0.01833	0.10806	0.00643	0.00548	0.00142	0.08589	0.00519	0.00330	0.00543
18	0.04704	0.04162	0.01445	0.08481	0.31429	0.13348	0.01989	0.14148	0.05800	0.04577	0.00906	0.01062	0.00712	0.00491	0.01801	0.00138	0.01515	0.00369	0.00278	0.02645
19	0.10893	0.04787	0.01149	0.00896	0.01183	0.16523	0.04609	0.12927	0.06681	0.26780	0.03384	0.03223	0.00999	0.02113	0.00450	0.00137	0.00477	0.01786	0.00386	0.00616
20	0.00661	0.00433	0.00518	0.00555	0.00607	0.00425	0.00380	0.02584	0.02099	0.01185	0.01939	0.34837	0.05403	0.21381	0.00967	0.04395	0.00305	0.05196	0.15779	0.00351
21	0.09214	0.05010	0.04534	0.18271	0.20577	0.08179	0.04122	0.04526	0.01016	0.04933	0.05112	0.07143	0.02736	0.00544	0.00428	0.00137	0.00498	0.02193	0.00273	0.00553
22	0.01020	0.00976	0.01663	0.21441	0.63651	0.01021	0.01309	0.01287	0.00965	0.01353	0.00810	0.01099	0.00665	0.00400	0.00433	0.00133	0.00533	0.00388	0.00211	0.00643
23	0.00922	0.00824	0.00876	0.00823	0.00959	0.14100	0.05572	0.08090	0.01041	0.03994	0.01833	0.37128	0.05505	0.03791	0.03798	0.00187	0.02023	0.06301	0.01784	0.00447

[dist]
# distance from previous block
# <min> <max>
5	14

[block]
# block no. 3 follows, 60 sequences, length 9
# corresponding to MSA columns:
# 149-157
name=unknown_D
#
# <colnr> <probs for GDERKNQSTAVLIFYWHMCP>
#	G	D	E	R	K	N	Q	S	T	A	V	L	I	F	Y	W	H	M	C	P
0	0.04819	0.05638	0.04643	0.11891	0.04916	0.24305	0.07625	0.10460	0.03527	0.03970	0.00923	0.02396	0.00733	0.00512	0.01550	0.00135	0.02276	0.00373	0.08756	0.00550
1	0.00705	0.00458	0.00612	0.00603	0.00671	0.00483	0.00433	0.00816	0.00772	0.05608	0.07199	0.07726	0.01581	0.27223	0.37673	0.00475	0.00712	0.00588	0.05291	0.00372
2	0.04308	0.01076	0.02776	0.08910	0.26036	0.07841	0.08377	0.08914	0.09283	0.01491	0.01095	0.04553	0.03866	0.00535	0.00541	0.00142	0.08935	0.00449	0.00273	0.00596
3	0.00606	0.00437	0.00527	0.00522	0.00590	0.00416	0.00360	0.00712	0.00924	0.01246	0.29702	0.06572	0.15855	0.31548	0.05786	0.00278	0.00349	0.02854	0.00370	0.00347
4	0.00629	0.00507	0.00642	0.00664	0.02769	0.02415	0.02253	0.00761	0.00991	0.01328	0.28911	0.31430	0.14603	0.06698	0.00668	0.00173	0.02853	0.00914	0.00401	0.00391
5	0.01126	0.71047	0.08371	0.00832	0.01230	0.01593	0.04608	0.01307	0.00896	0.01088	0.00640	0.00748	0.00568	0.00374	0.00303	0.00098	0.00487	0.00255	0.00191	0.04238
6	0.00622	0.00415	0.00515	0.00546	0.00605	0.00409	0.00381	0.00722	0.00828	0.01178	0.06874	0.28737	0.10209	0.13695	0.13617	0.03769	0.00411	0.00792	0.15321	0.00354
7	0.00881	0.00519	0.00642	0.00627	0.00726	0.00506	0.00453	0.06282	0.00949	0.12787	0.04162	0.25221	0.01971	0.27103	0.01041	0.00242	0.00351	0.09865	0.05254	0.00418
8	0.01148	0.03873	0.13961	0.01051	0.04180	0.04845	0.02885	0.11700	0.47774	0.01784	0.01386	0.01346	0.01037	0.00529	0.00432	0.00140	0.00449	0.00433	0.00370	0.00674

[dist]
# distance from previous block
# <min> <max>
0	18

[block]
# block no. 4 follows, 60 sequences, length 10
# corresponding to MSA columns:
# 178-187
name=unknown_E
#
# <colnr> <probs for GDERKNQSTAVLIFYWHMCP>
#	G	D	E	R	K	N	Q	S	T	A	V	L	I	F	Y	W	H	M	C	P
0	0.05599	0.13108	0.09406	0.00938	0.01329	0.01086	0.08524	0.21497	0.06155	0.01749	0.00885	0.00974	0.00684	0.00415	0.00378	0.00110	0.00457	0.00334	0.00294	0.26079
1	0.05767	0.00643	0.00783	0.08498	0.04899	0.02412	0.00580	0.06555	0.03938	0.05776	0.26816	0.09763	0.12884	0.03470	0.02943	0.00166	0.00350	0.00667	0.02620	0.00471
2	0.04825	0.21719	0.07619	0.01160	0.09605	0.03729	0.09210	0.18060	0.01191	0.07512	0.02529	0.02535	0.03453	0.00494	0.00450	0.00128	0.04484	0.00393	0.00293	0.00612
3	0.01062	0.05573	0.11231	0.05220	0.38300	0.03530	0.06000	0.03632	0.07062	0.03667	0.07724	0.01273	0.01004	0.00467	0.00456	0.00133	0.02349	0.00420	0.00264	0.00632
4	0.00609	0.00450	0.00546	0.00568	0.00655	0.00424	0.00410	0.00767	0.05450	0.01269	0.19076	0.26662	0.23447	0.05281	0.00712	0.07511	0.00267	0.05126	0.00397	0.00373
5	0.00618	0.00444	0.00567	0.00642	0.04326	0.00436	0.00395	0.00682	0.00769	0.01030	0.05030	0.28428	0.05611	0.40670	0.05723	0.00317	0.00395	0.03261	0.00324	0.00334
6	0.07928	0.18766	0.11314	0.01134	0.11298	0.06361	0.04791	0.09658	0.05626	0.05090	0.05055	0.02757	0.04626	0.00513	0.00432	0.00129	0.03243	0.00404	0.00286	0.00589
7	0.04661	0.11007	0.05946	0.03375	0.08839	0.15015	0.07036	0.09001	0.08444	0.06492	0.04932	0.02375	0.03385	0.01957	0.00467	0.01809	0.00508	0.00410	0.00299	0.04041
8	0.00570	0.03074	0.04458	0.00557	0.00694	0.00448	0.00443	0.00701	0.00947	0.01202	0.09568	0.26358	0.42987	0.01213	0.04593	0.00180	0.00303	0.00928	0.00385	0.00388
9	0.00734	0.04504	0.03359	0.00720	0.02900	0.01912	0.02264	0.04137	0.04276	0.02798	0.13738	0.30982	0.19632	0.00994	0.00522	0.00153	0.02176	0.01988	0.01771	0.00441

[dist]
# distance from previous block
# <min> <max>
1	17

[block]
# block no. 5 follows, 60 sequences, length 17
# corresponding to MSA columns:
# 205-221
name=unknown_F
#
# <colnr> <probs for GDERKNQSTAVLIFYWHMCP>
#	G	D	E	R	K	N	Q	S	T	A	V	L	I	F	Y	W	H	M	C	P
0	0.08411	0.03983	0.07747	0.03912	0.06262	0.07095	0.06686	0.12581	0.10435	0.05726	0.03142	0.08153	0.01065	0.00587	0.00487	0.00140	0.05173	0.03248	0.00321	0.04847
1	0.11290	0.07727	0.01300	0.10654	0.14836	0.15596	0.02589	0.07090	0.06834	0.01484	0.03612	0.01053	0.00779	0.00445	0.00403	0.00121	0.01901	0.00347	0.00265	0.11674
2	0.05832	0.08828	0.03682	0.02600	0.15937	0.00995	0.00793	0.18903	0.09622	0.01741	0.02963	0.05197	0.04803	0.00578	0.00414	0.00131	0.00407	0.04325	0.08754	0.03497
3	0.02975	0.00704	0.00723	0.00684	0.00838	0.07399	0.00520	0.02698	0.15910	0.05494	0.27344	0.13173	0.13009	0.02121	0.00516	0.00151	0.00317	0.04524	0.00423	0.00479
4	0.00561	0.00431	0.00510	0.00516	0.00619	0.00384	0.00375	0.00699	0.01048	0.01379	0.34041	0.18940	0.34494	0.03320	0.00569	0.00156	0.00227	0.00922	0.00430	0.00380
5	0.00554	0.00431	0.00472	0.00479	0.00577	0.00383	0.00334	0.00648	0.00928	0.01166	0.12347	0.12684	0.47301	0.18728	0.00879	0.00208	0.00265	0.00880	0.00384	0.00350
6	0.00537	0.00410	0.00494	0.00543	0.00620	0.00367	0.00381	0.00643	0.00943	0.01221	0.13726	0.46103	0.30013	0.01213	0.00537	0.00162	0.00236	0.01070	0.00415	0.00367
7	0.00907	0.10388	0.71158	0.01190	0.01781	0.01097	0.01499	0.01360	0.00907	0.01332	0.00757	0.00900	0.00554	0.00425	0.00443	0.00136	0.04037	0.00316	0.00185	0.00629
8	0.13612	0.01126	0.01581	0.01281	0.05678	0.11158	0.27181	0.07016	0.01091	0.16087	0.00961	0.01093	0.00706	0.00461	0.00513	0.00140	0.07455	0.00405	0.01861	0.00593
9	0.00856	0.00707	0.00829	0.00628	0.00959	0.00544	0.00497	0.01037	0.00929	0.02945	0.04023	0.05796	0.08132	0.00489	0.00367	0.00084	0.00309	0.01951	0.00295	0.68622
10	0.00895	0.08091	0.76758	0.01208	0.01833	0.01063	0.01550	0.01376	0.00918	0.01356	0.00770	0.00905	0.00553	0.00411	0.00405	0.00135	0.00632	0.00316	0.00184	0.00639
11	0.00562	0.00430	0.00511	0.00552	0.00633	0.00397	0.00389	0.00693	0.03226	0.01196	0.09981	0.39072	0.29420	0.06681	0.02428	0.00191	0.00275	0.02596	0.00400	0.00370
12	0.00539	0.00387	0.00522	0.00615	0.00645	0.00370	0.00416	0.00621	0.00824	0.01105	0.02302	0.77552	0.02736	0.01524	0.07369	0.00220	0.00329	0.01176	0.00391	0.00357
13	0.00574	0.00411	0.00535	0.00612	0.00657	0.00389	0.00433	0.00670	0.00870	0.01152	0.06689	0.53839	0.07086	0.10520	0.00744	0.00204	0.00291	0.13574	0.00393	0.00356
14	0.01243	0.00879	0.01120	0.00909	0.01133	0.00946	0.05339	0.26517	0.03232	0.13677	0.01260	0.10987	0.01108	0.08533	0.03135	0.00186	0.12538	0.00522	0.00366	0.06371
15	0.03901	0.00652	0.00784	0.00726	0.00901	0.00656	0.00552	0.11115	0.10982	0.19029	0.03833	0.37769	0.03593	0.00936	0.00492	0.00156	0.00323	0.02626	0.00440	0.00534
16	0.04228	0.00845	0.00842	0.00843	0.04683	0.08868	0.00597	0.02885	0.32780	0.01459	0.03772	0.15141	0.08615	0.10464	0.00665	0.00180	0.00380	0.01854	0.00375	0.00522

[dist]
# distance from previous block
# <min> <max>
0	3

[block]
# block no. 6 follows, 60 sequences, length 14
# corresponding to MSA columns:
# 225-238
name=unknown_G
#
# <colnr> <probs for GDERKNQSTAVLIFYWHMCP>
#	G	D	E	R	K	N	Q	S	T	A	V	L	I	F	Y	W	H	M	C	P
0	0.02766	0.00465	0.00544	0.00561	0.00673	0.00427	0.00409	0.02639	0.00969	0.07211	0.05929	0.36952	0.28818	0.01093	0.00506	0.00156	0.00256	0.02615	0.06606	0.00406
1	0.02400	0.01177	0.05883	0.03563	0.03306	0.06518	0.05753	0.28041	0.30878	0.04203	0.01292	0.02927	0.00974	0.00538	0.00440	0.00139	0.00470	0.00442	0.00385	0.00672
2	0.01463	0.00956	0.01075	0.00844	0.01153	0.00990	0.00688	0.42587	0.05416	0.17789	0.04301	0.01482	0.06753	0.00619	0.01966	0.00138	0.00415	0.00449	0.03230	0.07686
3	0.01256	0.30493	0.01522	0.05763	0.03291	0.30903	0.00780	0.05247	0.04002	0.01195	0.02558	0.04895	0.05370	0.00517	0.00378	0.00116	0.00558	0.00376	0.00251	0.00529
4	0.01023	0.20218	0.35635	0.01169	0.03286	0.01126	0.13807	0.01409	0.04632	0.06047	0.02073	0.01233	0.02866	0.00464	0.00414	0.00132	0.00562	0.03057	0.00241	0.00607
5	0.00544	0.00390	0.00507	0.00586	0.00621	0.00364	0.00392	0.00626	0.00859	0.01145	0.08302	0.69102	0.06626	0.06918	0.00663	0.00189	0.00259	0.01151	0.00401	0.00353
6	0.03057	0.00692	0.00835	0.00787	0.00884	0.04795	0.03547	0.07774	0.00960	0.01293	0.04109	0.34674	0.09303	0.06358	0.00777	0.00183	0.14156	0.05042	0.00346	0.00427
7	0.01075	0.08949	0.04114	0.06700	0.08121	0.10796	0.04750	0.10778	0.03332	0.04918	0.01287	0.12603	0.03864	0.09480	0.02138	0.00176	0.02932	0.00531	0.02934	0.00522
8	0.00974	0.05190	0.06290	0.03140	0.13874	0.05187	0.20474	0.04617	0.02749	0.01300	0.01199	0.07293	0.05641	0.05048	0.02191	0.03118	0.09160	0.01771	0.00255	0.00531
9	0.00572	0.00413	0.00489	0.00524	0.00584	0.00381	0.00353	0.00660	0.00877	0.01163	0.11569	0.34573	0.21365	0.19712	0.00901	0.00217	0.00276	0.00943	0.04083	0.00346
10	0.00948	0.00757	0.00849	0.04760	0.01006	0.07380	0.03548	0.09638	0.02357	0.09027	0.05329	0.13243	0.26816	0.06321	0.00646	0.00166	0.04393	0.01970	0.00373	0.00473
11	0.01122	0.01071	0.01307	0.03584	0.29251	0.13795	0.02719	0.06324	0.09996	0.03884	0.04111	0.05641	0.03739	0.00713	0.04958	0.00168	0.05408	0.01327	0.00293	0.00589
12	0.00749	0.00542	0.00685	0.00628	0.00804	0.00456	0.01807	0.00880	0.00925	0.07063	0.05600	0.39745	0.12130	0.00942	0.00474	0.00136	0.00283	0.00833	0.00373	0.24945
13	0.01147	0.01163	0.01026	0.00928	0.01099	0.32700	0.07163	0.01276	0.01048	0.08129	0.01539	0.28268	0.05107	0.00792	0.00498	0.00142	0.03362	0.00663	0.03478	0.00473

[dist]
# distance from previous block
# <min> <max>
0	3

[block]
# block no. 7 follows, 60 sequences, length 13
# corresponding to MSA columns:
# 242-254
name=unknown_H
#
# <colnr> <probs for GDERKNQSTAVLIFYWHMCP>
#	G	D	E	R	K	N	Q	S	T	A	V	L	I	F	Y	W	H	M	C	P
0	0.00968	0.00873	0.04519	0.11589	0.25554	0.02188	0.05886	0.05499	0.02648	0.06654	0.03612	0.12895	0.08754	0.00769	0.04005	0.00168	0.00487	0.02066	0.00305	0.00558
1	0.01009	0.00578	0.00713	0.00701	0.05643	0.00568	0.02012	0.08063	0.01071	0.12398	0.06622	0.08011	0.04133	0.03938	0.00461	0.00133	0.00292	0.00524	0.42639	0.00491
2	0.12864	0.03245	0.01178	0.10344	0.09067	0.09375	0.03276	0.16683	0.07284	0.07400	0.00984	0.01087	0.00742	0.00455	0.00389	0.00124	0.00464	0.00358	0.06174	0.08505
3	0.02815	0.00999	0.01093	0.00950	0.01129	0.19170	0.11888	0.05501	0.02864	0.03481	0.10802	0.23928	0.05741	0.00807	0.00543	0.00148	0.05578	0.01748	0.00337	0.00478
4	0.00551	0.00398	0.00520	0.00600	0.00643	0.00371	0.00415	0.00646	0.00885	0.01178	0.09565	0.65389	0.07689	0.03599	0.00599	0.00180	0.00260	0.05744	0.00408	0.00361
5	0.00610	0.00453	0.00523	0.00518	0.00594	0.00436	0.00353	0.00742	0.04103	0.01169	0.17077	0.07847	0.24049	0.32949	0.06459	0.00287	0.00363	0.00759	0.00356	0.00350
6	0.00588	0.00453	0.00559	0.00556	0.00655	0.00424	0.00415	0.00740	0.01071	0.01439	0.40783	0.17214	0.26114	0.01039	0.00556	0.00151	0.03080	0.03339	0.00433	0.00391
7	0.00850	0.00625	0.00694	0.00618	0.00784	0.02561	0.00475	0.11718	0.04776	0.05859	0.37219	0.02939	0.23348	0.03433	0.00543	0.00147	0.00282	0.00715	0.01943	0.00472
8	0.01237	0.00965	0.01023	0.00861	0.01120	0.02278	0.00690	0.35954	0.27057	0.02097	0.04495	0.01843	0.07964	0.03004	0.00502	0.00149	0.00396	0.04628	0.03101	0.00637
9	0.05967	0.01223	0.01142	0.00937	0.01210	0.20387	0.03376	0.33054	0.01443	0.07321	0.02941	0.01178	0.00849	0.03606	0.06982	0.00179	0.00577	0.00383	0.02640	0.04605
10	0.01110	0.00785	0.01036	0.02282	0.06834	0.00815	0.04967	0.09014	0.17972	0.15867	0.12953	0.07552	0.10920	0.00710	0.00525	0.00145	0.04914	0.00601	0.00412	0.00585
11	0.02750	0.48424	0.23306	0.00893	0.01316	0.02928	0.00962	0.04069	0.03066	0.03930	0.00761	0.00865	0.00623	0.00525	0.03813	0.00136	0.00541	0.00287	0.00217	0.00588
12	0.06613	0.02558	0.05340	0.04278	0.06002	0.00851	0.04745	0.15744	0.02946	0.11848	0.01288	0.05734	0.04437	0.00748	0.06498	0.00168	0.00476	0.02648	0.01857	0.15223

[dist]
# distance from previous block
# <min> <max>
5	14

[block]
# block no. 8 follows, 60 sequences, length 48
# corresponding to MSA columns:
# 269-316
name=unknown_I
#
# <colnr> <probs for GDERKNQSTAVLIFYWHMCP>
#	G	D	E	R	K	N	Q	S	T	A	V	L	I	F	Y	W	H	M	C	P
0	0.09905	0.07346	0.02594	0.03102	0.03733	0.15126	0.06775	0.20242	0.08374	0.06730	0.00957	0.01044	0.00730	0.00558	0.03051	0.00145	0.03005	0.00360	0.00315	0.05908
1	0.06321	0.21728	0.05864	0.07151	0.13353	0.07458	0.00877	0.12735	0.03286	0.02517	0.02695	0.04056	0.00808	0.00471	0.00393	0.00120	0.01646	0.00364	0.01312	0.06845
2	0.01015	0.28870	0.04250	0.00760	0.01048	0.09843	0.00664	0.02731	0.02302	0.01240	0.06245	0.06705	0.06237	0.02294	0.00453	0.00115	0.04153	0.00415	0.00265	0.20395
3	0.01159	0.00892	0.08014	0.03502	0.01169	0.02342	0.03679	0.11380	0.10611	0.18874	0.17953	0.04900	0.03174	0.00691	0.00471	0.00144	0.00392	0.07628	0.02442	0.00583
4	0.03610	0.00660	0.00792	0.00708	0.00854	0.00706	0.03392	0.08619	0.14788	0.01462	0.12885	0.05033	0.14835	0.17591	0.08249	0.00251	0.04110	0.00631	0.00361	0.00462
5	0.00988	0.07416	0.35101	0.06128	0.30484	0.04803	0.02678	0.01332	0.00961	0.01335	0.00931	0.01109	0.03973	0.00433	0.00417	0.00132	0.00574	0.00369	0.00208	0.00628
6	0.00785	0.00659	0.00981	0.00839	0.00967	0.00693	0.12947	0.02534	0.04969	0.02709	0.02582	0.10592	0.13366	0.23218	0.03799	0.02112	0.11193	0.02999	0.01642	0.00418
7	0.01132	0.00891	0.02197	0.04091	0.04137	0.03768	0.04346	0.14131	0.24225	0.10618	0.07127	0.06859	0.11376	0.00688	0.00466	0.00144	0.00394	0.02404	0.00408	0.00599
8	0.01025	0.22714	0.08732	0.38415	0.02041	0.04911	0.01021	0.03842	0.04292	0.04239	0.04228	0.01120	0.00776	0.00451	0.00396	0.00129	0.00530	0.00360	0.00236	0.00542
9	0.00626	0.00423	0.00494	0.00501	0.00508	0.00426	0.00294	0.00642	0.00654	0.00877	0.01436	0.08834	0.01648	0.72824	0.07706	0.00424	0.00462	0.00668	0.00273	0.00280
10	0.00716	0.00544	0.00692	0.00664	0.00793	0.00534	0.02543	0.01961	0.10117	0.03354	0.10349	0.32431	0.11896	0.02880	0.08517	0.00209	0.01364	0.00827	0.02937	0.06675
11	0.01044	0.00872	0.00943	0.00888	0.04720	0.07277	0.01971	0.09548	0.27199	0.05762	0.15238	0.06816	0.09442	0.02401	0.00519	0.00149	0.01672	0.02565	0.00408	0.00566
12	0.07840	0.04155	0.01414	0.07329	0.30938	0.02315	0.00983	0.25367	0.03501	0.09023	0.00975	0.01110	0.00743	0.01877	0.00446	0.00136	0.00480	0.00382	0.00320	0.00665
13	0.00830	0.00535	0.00600	0.00613	0.00711	0.03486	0.00443	0.06230	0.00982	0.07186	0.01920	0.44865	0.02027	0.02370	0.00496	0.00153	0.00289	0.02337	0.23502	0.00427
14	0.00742	0.00523	0.00655	0.00630	0.00698	0.00554	0.00454	0.00841	0.02188	0.06925	0.05063	0.15579	0.14620	0.28883	0.07587	0.00291	0.10766	0.02287	0.00332	0.00382
15	0.00799	0.00719	0.01014	0.00906	0.00943	0.00927	0.02238	0.00906	0.00708	0.01043	0.02876	0.01671	0.02827	0.13900	0.22306	0.00353	0.42592	0.02622	0.00231	0.00419
16	0.00966	0.00935	0.01505	0.27802	0.42340	0.03919	0.04128	0.01224	0.00970	0.01302	0.02401	0.01461	0.04356	0.00485	0.00448	0.00139	0.00532	0.04274	0.00231	0.00582
17	0.01683	0.01135	0.01247	0.00958	0.01300	0.01230	0.00791	0.67470	0.01910	0.14235	0.01153	0.01123	0.00799	0.00526	0.00434	0.00131	0.00458	0.00400	0.02285	0.00735
18	0.01069	0.01029	0.01087	0.00948	0.02290	0.17511	0.09398	0.09300	0.08985	0.04277	0.03167	0.06617	0.19348	0.03172	0.00575	0.00153	0.04708	0.05513	0.00343	0.00512
19	0.02169	0.00521	0.00662	0.00633	0.00773	0.00486	0.00474	0.01099	0.04957	0.19455	0.18185	0.29609	0.10555	0.03804	0.01833	0.00172	0.00297	0.03401	0.00443	0.00471
20	0.00992	0.01000	0.00815	0.00753	0.00910	0.27602	0.01803	0.01145	0.01161	0.04383	0.32048	0.08469	0.13276	0.00779	0.00469	0.00132	0.00417	0.00645	0.02754	0.00447
21	0.00558	0.00416	0.00516	0.00578	0.00646	0.00382	0.00414	0.00661	0.00910	0.01178	0.07820	0.45835	0.22697	0.05411	0.00632	0.00182	0.00268	0.10131	0.00402	0.00362
22	0.15863	0.03959	0.01200	0.00957	0.01238	0.19866	0.03955	0.28561	0.07061	0.05634	0.00964	0.02663	0.00748	0.00559	0.02017	0.00142	0.03305	0.00368	0.00336	0.00604
23	0.00537	0.00399	0.00501	0.00567	0.00625	0.00363	0.00390	0.00633	0.00909	0.01192	0.10952	0.59380	0.19433	0.01263	0.00544	0.00167	0.00242	0.01127	0.00413	0.00363
24	0.01011	0.01143	0.08891	0.28123	0.20682	0.07430	0.13429	0.03237	0.03651	0.01322	0.00863	0.02211	0.00685	0.00445	0.00473	0.00139	0.03266	0.00408	0.02016	0.00574
25	0.00932	0.00791	0.00919	0.00659	0.01045	0.00609	0.00528	0.03975	0.00946	0.01469	0.00785	0.00910	0.00649	0.00330	0.00327	0.00067	0.00329	0.00263	0.00265	0.84201
26	0.00531	0.00380	0.00506	0.00607	0.00633	0.00354	0.00405	0.00607	0.00835	0.01113	0.02404	0.84388	0.02885	0.01366	0.00557	0.00177	0.00253	0.01240	0.00405	0.00354
27	0.01240	0.21124	0.16262	0.02818	0.10408	0.01102	0.02285	0.10418	0.02647	0.15321	0.01050	0.01134	0.02434	0.00454	0.00389	0.00120	0.00475	0.01273	0.00298	0.08747
28	0.01099	0.00944	0.00994	0.00890	0.01140	0.01092	0.00694	0.04280	0.79178	0.01848	0.01757	0.01613	0.01317	0.00590	0.00444	0.00148	0.00349	0.00491	0.00444	0.00692
29	0.87753	0.00843	0.00641	0.00574	0.00843	0.00978	0.00472	0.01282	0.00742	0.01957	0.00607	0.00709	0.00472	0.00405	0.00270	0.00135	0.00337	0.00236	0.00270	0.00472
30	0.00880	0.00789	0.01292	0.65079	0.07673	0.00968	0.01136	0.01135	0.00864	0.03816	0.00820	0.01229	0.00650	0.04330	0.00600	0.00161	0.07473	0.00400	0.00210	0.00495
31	0.01946	0.00760	0.01023	0.00784	0.01122	0.00667	0.00648	0.04965	0.01277	0.79373	0.01696	0.01469	0.01067	0.00539	0.00439	0.00135	0.00375	0.00437	0.00536	0.00742
32	0.01253	0.13941	0.05704	0.04959	0.38058	0.16945	0.01099	0.07977	0.01111	0.03815	0.00802	0.00970	0.00651	0.00417	0.00401	0.00122	0.00563	0.00343	0.00239	0.00631
33	0.01166	0.84935	0.02285	0.00746	0.01119	0.01726	0.00746	0.01306	0.00886	0.01026	0.00606	0.00700	0.00560	0.00373	0.00280	0.00093	0.00466	0.00233	0.00187	0.00560
34	0.00615	0.00451	0.00535	0.00514	0.00640	0.00399	0.00385	0.00775	0.01120	0.04074	0.44059	0.06616	0.36255	0.00987	0.00514	0.00143	0.00219	0.00849	0.00448	0.00402
35	0.01126	0.00940	0.00996	0.00888	0.01140	0.01081	0.00693	0.04615	0.76642	0.04057	0.01752	0.01606	0.01307	0.00588	0.00443	0.00147	0.00350	0.00489	0.00446	0.00693
36	0.87753	0.00843	0.00641	0.00574	0.00843	0.00978	0.00472	0.01282	0.00742	0.01957	0.00607	0.00709	0.00472	0.00405	0.00270	0.00135	0.00337	0.00236	0.00270	0.00472
37	0.01080	0.00955	0.06111	0.00902	0.03795	0.00948	0.02355	0.21374	0.29151	0.01891	0.07573	0.04595	0.10400	0.00652	0.00449	0.00139	0.00375	0.00543	0.06100	0.00612
38	0.00540	0.00390	0.00508	0.00599	0.00635	0.00363	0.00406	0.00620	0.00846	0.01117	0.02511	0.73301	0.08388	0.03879	0.00606	0.00183	0.00261	0.04091	0.00400	0.00354
39	0.01062	0.00873	0.01175	0.21088	0.08892	0.00987	0.03024	0.07152	0.29926	0.06854	0.02817	0.02652	0.03893	0.00584	0.00496	0.00148	0.04107	0.03318	0.00349	0.00605
40	0.00551	0.00442	0.00492	0.00482	0.00612	0.00383	0.00361	0.00695	0.01075	0.01377	0.31429	0.05313	0.53182	0.01035	0.00516	0.00144	0.00216	0.00880	0.00431	0.00383
41	0.03142	0.01042	0.01102	0.02655	0.01213	0.04175	0.00738	0.37469	0.24422	0.04492	0.05466	0.01357	0.01096	0.00565	0.00472	0.00137	0.03937	0.00436	0.05425	0.00659
42	0.00974	0.00923	0.01460	0.45766	0.28398	0.03722	0.03331	0.04183	0.02209	0.01307	0.00833	0.01139	0.00651	0.00427	0.00432	0.00137	0.00554	0.00390	0.02599	0.00566
43	0.84133	0.00839	0.00657	0.00582	0.00855	0.00964	0.00479	0.01318	0.00764	0.05345	0.00654	0.00741	0.00498	0.00411	0.00277	0.00135	0.00339	0.00245	0.00281	0.00484
44	0.40650	0.00809	0.00789	0.00659	0.00937	0.00846	0.00532	0.10650	0.02805	0.11876	0.01020	0.06523	0.00826	0.00498	0.00344	0.00125	0.00342	0.00366	0.05819	0.13585
45	0.01138	0.00687	0.00938	0.04999	0.03686	0.02051	0.05796	0.05457	0.01139	0.27024	0.10512	0.10883	0.19477	0.00787	0.00485	0.00145	0.00362	0.03463	0.00425	0.00544
46	0.07989	0.00905	0.02095	0.01999	0.01094	0.03878	0.00631	0.18588	0.05272	0.03428	0.01119	0.13107	0.01015	0.00568	0.00433	0.00116	0.03477	0.00453	0.00329	0.33505
47	0.00855	0.02173	0.04545	0.00730	0.00899	0.03375	0.01953	0.07309	0.09172	0.04471	0.06491	0.18611	0.09643	0.09903	0.11539	0.00247	0.01912	0.00674	0.01820	0.03678

[dist]
# distance from previous block
# <min> <max>
2	11

[block]
# block no. 9 follows, 60 sequences, length 14
# corresponding to MSA columns:
# 330-343
name=unknown_J
#
# <colnr> <probs for GDERKNQSTAVLIFYWHMCP>
#	G	D	E	R	K	N	Q	S	T	A	V	L	I	F	Y	W	H	M	C	P
0	0.01032	0.03551	0.11525	0.03753	0.06048	0.07463	0.07261	0.07875	0.00988	0.02544	0.04677	0.01304	0.05883	0.00673	0.03026	0.00164	0.27047	0.00424	0.00253	0.04510
1	0.00655	0.00485	0.00590	0.00547	0.00679	0.00448	0.00413	0.00897	0.05085	0.01649	0.57715	0.03073	0.14182	0.00850	0.00487	0.00133	0.00221	0.00739	0.05975	0.05178
2	0.00971	0.02703	0.03275	0.00892	0.06823	0.08434	0.04694	0.04774	0.02687	0.09969	0.36628	0.05791	0.09088	0.00740	0.00478	0.00136	0.00364	0.00642	0.00403	0.00508
3	0.00891	0.04713	0.76333	0.01255	0.01882	0.01039	0.05186	0.01380	0.00925	0.01371	0.00782	0.00926	0.00558	0.00411	0.00415	0.00137	0.00643	0.00328	0.00186	0.00639
4	0.04474	0.06466	0.01483	0.07112	0.28992	0.31024	0.02956	0.01527	0.02302	0.06415	0.00811	0.00975	0.00651	0.00435	0.00430	0.00125	0.02649	0.00342	0.00241	0.00589
5	0.01089	0.01832	0.51763	0.01241	0.01771	0.01088	0.10069	0.17048	0.01159	0.04584	0.00873	0.00996	0.00622	0.00448	0.00466	0.00139	0.03542	0.00364	0.00251	0.00655
6	0.00618	0.00458	0.00670	0.00677	0.00745	0.00523	0.00514	0.00756	0.00704	0.01005	0.01264	0.07074	0.01245	0.09712	0.71186	0.00645	0.01050	0.00530	0.00247	0.00377
7	0.00602	0.00471	0.00654	0.00664	0.00747	0.00446	0.05259	0.00760	0.04359	0.01219	0.10267	0.51417	0.12046	0.06500	0.00647	0.00183	0.00292	0.02688	0.00394	0.00385
8	0.00627	0.00451	0.00617	0.00617	0.00666	0.00500	0.00441	0.00725	0.00676	0.00951	0.01245	0.02137	0.01274	0.33473	0.52993	0.00598	0.00892	0.00529	0.00245	0.00343
9	0.00867	0.00870	0.01012	0.00925	0.01005	0.13427	0.06565	0.00973	0.00847	0.01089	0.01400	0.33823	0.01567	0.06586	0.03191	0.00200	0.24210	0.00732	0.00288	0.00425
10	0.00884	0.02522	0.00798	0.00714	0.00893	0.09266	0.00549	0.04004	0.25234	0.01548	0.21595	0.06781	0.20197	0.00811	0.00477	0.00142	0.00333	0.02332	0.00413	0.00506
11	0.01245	0.02614	0.09920	0.01208	0.05656	0.17610	0.15728	0.08094	0.14380	0.09112	0.02715	0.04677	0.00978	0.03476	0.00508	0.00146	0.00560	0.00455	0.00316	0.00602
12	0.01088	0.01074	0.01693	0.10375	0.69461	0.05999	0.01296	0.01341	0.00996	0.01373	0.00807	0.01070	0.00672	0.00397	0.00430	0.00130	0.00541	0.00382	0.00214	0.00660
13	0.03835	0.35870	0.47117	0.01019	0.01541	0.01302	0.01222	0.01347	0.00901	0.01255	0.00705	0.00824	0.00553	0.00397	0.00355	0.00120	0.00562	0.00283	0.00188	0.00604

[dist]
# distance from previous block
# <min> <max>
6	8

# created by:
# /st0/software/busco_prod/Augustus/scripts/msa2prfl.pl ./align_prep/35427.fa
