[name]
unknown

[dist]
# distance from previous block
# <min> <max>
0	81

[block]
# block no. 0 follows, 72 sequences, length 14
# corresponding to MSA columns:
# 87-100
name=unknown_A
#
# <colnr> <probs for GDERKNQSTAVLIFYWHMCP>
#	G	D	E	R	K	N	Q	S	T	A	V	L	I	F	Y	W	H	M	C	P
0	0.13181	0.22232	0.14105	0.02400	0.08067	0.09585	0.02081	0.09696	0.00933	0.08613	0.00738	0.00858	0.00579	0.00382	0.00320	0.00105	0.00440	0.01891	0.00233	0.03561
1	0.03464	0.01206	0.02190	0.00857	0.01037	0.38122	0.04027	0.08086	0.04940	0.01122	0.00876	0.03520	0.03217	0.06654	0.06161	0.00162	0.08449	0.00349	0.00232	0.05330
2	0.06339	0.04457	0.26596	0.08016	0.07116	0.06496	0.10135	0.03896	0.07670	0.08823	0.03421	0.00989	0.00698	0.00405	0.00396	0.00120	0.03329	0.00335	0.00235	0.00529
3	0.00838	0.08788	0.05884	0.03959	0.07257	0.03292	0.06611	0.09909	0.00884	0.03525	0.01216	0.16783	0.04555	0.03921	0.00577	0.06349	0.04665	0.06668	0.00262	0.04058
4	0.00467	0.00340	0.00440	0.00510	0.00548	0.00313	0.00346	0.00544	0.00767	0.01017	0.08725	0.71855	0.10463	0.01134	0.00478	0.00149	0.00214	0.01020	0.00357	0.00313
5	0.00552	0.00442	0.00666	0.12774	0.06735	0.00450	0.02633	0.00657	0.00736	0.00979	0.01734	0.55942	0.05092	0.03309	0.02940	0.02560	0.00316	0.00841	0.00298	0.00345
6	0.00943	0.06910	0.22383	0.13314	0.21859	0.03148	0.03662	0.04135	0.03237	0.08191	0.00800	0.02209	0.00617	0.00378	0.00361	0.00112	0.00464	0.00325	0.00218	0.06733
7	0.00820	0.00649	0.05844	0.07172	0.07402	0.00604	0.01477	0.06791	0.07024	0.10425	0.07004	0.10678	0.01318	0.24776	0.06159	0.00223	0.00405	0.00514	0.00291	0.00424
8	0.00563	0.00437	0.00468	0.00447	0.00579	0.00395	0.00338	0.04770	0.03393	0.03513	0.11647	0.05658	0.60615	0.03823	0.00494	0.00136	0.00218	0.01791	0.00360	0.00355
9	0.01131	0.12737	0.10980	0.09875	0.07481	0.43970	0.02727	0.01304	0.00931	0.00987	0.00630	0.00781	0.00518	0.00472	0.03818	0.00124	0.00610	0.00271	0.00184	0.00467
10	0.01435	0.01021	0.01106	0.00854	0.01152	0.01121	0.00703	0.73312	0.05825	0.08098	0.00983	0.00962	0.00691	0.00459	0.00380	0.00115	0.00405	0.00349	0.00386	0.00643
11	0.02761	0.06347	0.03317	0.03685	0.06734	0.01828	0.04844	0.16811	0.07995	0.07206	0.00841	0.00913	0.00644	0.00368	0.00345	0.00094	0.01423	0.00299	0.00272	0.33273
12	0.05476	0.17348	0.12594	0.01078	0.09432	0.05825	0.09379	0.09733	0.07849	0.01262	0.00715	0.00853	0.00578	0.00426	0.00504	0.00120	0.15787	0.00311	0.00215	0.00517
13	0.00535	0.00361	0.00418	0.00435	0.00439	0.00357	0.00252	0.00547	0.00584	0.00778	0.01360	0.17910	0.01586	0.70961	0.01665	0.00328	0.00341	0.00648	0.00252	0.00244

[dist]
# distance from previous block
# <min> <max>
0	1

[block]
# block no. 1 follows, 72 sequences, length 10
# corresponding to MSA columns:
# 102-111
name=unknown_B
#
# <colnr> <probs for GDERKNQSTAVLIFYWHMCP>
#	G	D	E	R	K	N	Q	S	T	A	V	L	I	F	Y	W	H	M	C	P
0	0.00601	0.00394	0.00490	0.00505	0.00599	0.00348	0.00361	0.00694	0.00820	0.09362	0.07244	0.48533	0.22655	0.00995	0.00454	0.00137	0.00224	0.00878	0.00362	0.04344
1	0.00601	0.00470	0.00574	0.00558	0.00608	0.02872	0.00395	0.00699	0.02958	0.00864	0.01137	0.08717	0.01204	0.36602	0.31573	0.00400	0.05476	0.00505	0.00230	0.03558
2	0.00978	0.14813	0.03018	0.04128	0.04023	0.14618	0.12812	0.06758	0.06032	0.02915	0.02099	0.08697	0.00860	0.00574	0.02573	0.00134	0.11245	0.03016	0.00236	0.00472
3	0.00803	0.00560	0.00478	0.00459	0.00558	0.11328	0.00348	0.00966	0.00823	0.01331	0.01124	0.01297	0.00891	0.00444	0.00314	0.00093	0.03632	0.00339	0.73845	0.00367
4	0.00458	0.00376	0.00403	0.00414	0.00523	0.00321	0.00304	0.00556	0.00861	0.01058	0.10332	0.16299	0.64823	0.00980	0.00454	0.00131	0.00195	0.00833	0.00358	0.00321
5	0.00922	0.17525	0.27018	0.08857	0.04372	0.04372	0.00925	0.09027	0.00874	0.05070	0.00748	0.00934	0.00599	0.02671	0.09738	0.00173	0.05160	0.00305	0.00206	0.00502
6	0.00611	0.03200	0.03951	0.00673	0.00772	0.04831	0.03936	0.00740	0.00699	0.00942	0.01297	0.26045	0.01376	0.03875	0.39578	0.00363	0.02742	0.03766	0.00248	0.00355
7	0.00460	0.00338	0.00432	0.00507	0.00544	0.00310	0.00343	0.00530	0.00747	0.00976	0.02349	0.74210	0.14556	0.01155	0.00479	0.00150	0.00216	0.01037	0.00352	0.00310
8	0.00928	0.00794	0.05651	0.17309	0.10818	0.00781	0.10870	0.06847	0.09070	0.10206	0.02799	0.01271	0.04891	0.00481	0.01488	0.00126	0.03760	0.00394	0.11015	0.00502
9	0.03306	0.00866	0.04031	0.27922	0.27289	0.06061	0.04375	0.05040	0.03078	0.01175	0.01005	0.01203	0.08020	0.00503	0.02990	0.00135	0.01923	0.00377	0.00212	0.00490

[dist]
# distance from previous block
# <min> <max>
0	1

[block]
# block no. 2 follows, 72 sequences, length 15
# corresponding to MSA columns:
# 113-127
name=unknown_C
#
# <colnr> <probs for GDERKNQSTAVLIFYWHMCP>
#	G	D	E	R	K	N	Q	S	T	A	V	L	I	F	Y	W	H	M	C	P
0	0.03816	0.00876	0.00918	0.04427	0.01060	0.09816	0.00610	0.25237	0.06591	0.28607	0.01234	0.01192	0.04609	0.00467	0.00365	0.00112	0.00378	0.00364	0.05903	0.03418
1	0.05122	0.33129	0.04702	0.00975	0.11494	0.07323	0.03992	0.11018	0.05430	0.01239	0.00690	0.00800	0.00572	0.00430	0.02240	0.00112	0.04645	0.00277	0.00215	0.05596
2	0.01320	0.06342	0.02677	0.00928	0.01138	0.63763	0.00724	0.07827	0.04868	0.01094	0.03350	0.00806	0.00631	0.00416	0.00367	0.00102	0.02684	0.00275	0.00222	0.00465
3	0.00456	0.00384	0.00394	0.00392	0.00517	0.00323	0.00294	0.00559	0.00882	0.01066	0.10523	0.03582	0.77445	0.00945	0.00448	0.00127	0.00191	0.00791	0.00358	0.00323
4	0.84320	0.00728	0.00576	0.00509	0.00747	0.00834	0.00419	0.01157	0.00671	0.06458	0.00584	0.00655	0.00441	0.00359	0.00243	0.00117	0.00295	0.00215	0.00248	0.00424
5	0.00460	0.00382	0.00402	0.00403	0.00521	0.00324	0.00300	0.00565	0.00884	0.01083	0.13721	0.07639	0.70113	0.00949	0.00450	0.00128	0.00192	0.00800	0.00360	0.00324
6	0.00825	0.00830	0.01335	0.01080	0.01178	0.01031	0.19625	0.02907	0.00689	0.01013	0.00683	0.05177	0.00658	0.03576	0.02895	0.00172	0.55303	0.00405	0.00189	0.00429
7	0.00717	0.00633	0.00815	0.00737	0.00774	0.03481	0.00574	0.03566	0.00639	0.00912	0.00835	0.01416	0.00846	0.21542	0.26683	0.00343	0.34523	0.00404	0.00200	0.00357
8	0.00701	0.00553	0.04600	0.02690	0.00805	0.00560	0.01825	0.00859	0.02284	0.08538	0.03468	0.01599	0.05214	0.09648	0.44175	0.00398	0.07987	0.00431	0.03283	0.00383
9	0.00460	0.00339	0.00431	0.00504	0.00544	0.00310	0.00342	0.00531	0.00749	0.00977	0.02378	0.72845	0.15902	0.01151	0.00478	0.00150	0.00215	0.01033	0.00352	0.00310
10	0.00657	0.00377	0.00410	0.00400	0.00494	0.00370	0.00300	0.00857	0.03303	0.01429	0.23133	0.01889	0.05463	0.00555	0.00325	0.00099	0.00182	0.00463	0.58931	0.00360
11	0.00945	0.01070	0.06149	0.07281	0.19519	0.06399	0.44699	0.04964	0.02843	0.01247	0.00758	0.00975	0.00582	0.00345	0.00412	0.00122	0.00571	0.00390	0.00201	0.00531
12	0.00855	0.00819	0.01387	0.31685	0.48605	0.00893	0.03063	0.01102	0.02330	0.01136	0.00707	0.00971	0.00573	0.00368	0.00414	0.00120	0.03918	0.00342	0.00184	0.00528
13	0.00515	0.00354	0.00455	0.00512	0.00563	0.00323	0.00352	0.00596	0.00783	0.04382	0.07923	0.66343	0.13286	0.01101	0.00473	0.00147	0.00218	0.00987	0.00361	0.00327
14	0.00825	0.00732	0.06528	0.19408	0.05957	0.00710	0.02524	0.10665	0.00910	0.04786	0.02319	0.22362	0.02295	0.01055	0.14575	0.00222	0.02817	0.00562	0.00283	0.00464

[dist]
# distance from previous block
# <min> <max>
0	1

[block]
# block no. 3 follows, 72 sequences, length 84
# corresponding to MSA columns:
# 129-189,191-213
name=unknown_D
#
# <colnr> <probs for GDERKNQSTAVLIFYWHMCP>
#	G	D	E	R	K	N	Q	S	T	A	V	L	I	F	Y	W	H	M	C	P
0	0.01163	0.03113	0.01106	0.04718	0.06621	0.10437	0.02764	0.30034	0.29956	0.02350	0.01052	0.01063	0.00790	0.00456	0.00398	0.00119	0.02595	0.00360	0.00325	0.00581
1	0.00547	0.00385	0.00501	0.00501	0.00531	0.00415	0.00338	0.00607	0.00577	0.00800	0.01115	0.02041	0.01188	0.49452	0.38889	0.00475	0.00655	0.00487	0.00218	0.00278
2	0.00973	0.00801	0.00964	0.00850	0.10692	0.00729	0.00604	0.21786	0.02418	0.01534	0.00753	0.00846	0.00597	0.00336	0.00319	0.00079	0.00336	0.00271	0.00262	0.54851
3	0.00666	0.00620	0.00828	0.02388	0.00849	0.04077	0.03561	0.00782	0.00684	0.00937	0.01383	0.04447	0.16459	0.01493	0.31204	0.00313	0.28243	0.00472	0.00223	0.00371
4	0.04454	0.18299	0.22085	0.00868	0.03240	0.08448	0.00829	0.15752	0.03550	0.02016	0.00876	0.11006	0.00786	0.00525	0.01584	0.00122	0.04437	0.00376	0.00240	0.00507
5	0.00813	0.18356	0.60597	0.00986	0.01468	0.00984	0.04154	0.02315	0.00820	0.01166	0.03466	0.01903	0.00616	0.00377	0.00345	0.00113	0.00514	0.00296	0.00176	0.00536
6	0.00462	0.00351	0.00426	0.00478	0.00539	0.00315	0.00332	0.00546	0.00794	0.01023	0.08057	0.54004	0.29130	0.01087	0.00470	0.00143	0.00208	0.00962	0.00356	0.00315
7	0.00835	0.01357	0.36270	0.07758	0.06252	0.00904	0.30763	0.04811	0.00879	0.01234	0.00835	0.01012	0.03544	0.00375	0.00408	0.00124	0.01551	0.00370	0.00190	0.00528
8	0.00552	0.00368	0.00414	0.00414	0.00414	0.00368	0.00230	0.00552	0.00552	0.00735	0.01195	0.02482	0.01379	0.86672	0.01930	0.00368	0.00368	0.00552	0.00230	0.00230
9	0.00551	0.00396	0.00511	0.00509	0.00538	0.00429	0.00346	0.00609	0.00587	0.00810	0.01192	0.05395	0.02837	0.47521	0.33001	0.00439	0.03306	0.00516	0.00225	0.00281
10	0.00501	0.00388	0.00413	0.00414	0.00536	0.00329	0.00308	0.00597	0.00861	0.04310	0.05129	0.13266	0.69700	0.00964	0.00450	0.00131	0.00200	0.00814	0.00358	0.00332
11	0.00786	0.00674	0.00786	0.00562	0.00899	0.00506	0.00449	0.00955	0.00786	0.01236	0.00674	0.00786	0.00562	0.00281	0.00281	0.00056	0.00281	0.00225	0.00225	0.88990
12	0.00895	0.01023	0.02238	0.01598	0.01982	0.00959	0.82928	0.01215	0.00895	0.01215	0.00767	0.01023	0.00575	0.00320	0.00448	0.00128	0.00639	0.00448	0.00192	0.00512
13	0.00490	0.00347	0.00427	0.00479	0.00502	0.00329	0.00307	0.00537	0.00680	0.00896	0.01936	0.52180	0.08683	0.29284	0.00957	0.00222	0.00266	0.00883	0.00312	0.00283
14	0.00542	0.00383	0.00461	0.00459	0.00547	0.00356	0.00338	0.00708	0.02893	0.01327	0.42768	0.16952	0.16961	0.00825	0.00427	0.00123	0.00191	0.00720	0.12671	0.00348
15	0.00893	0.01016	0.02199	0.01577	0.01946	0.00966	0.79951	0.01204	0.00884	0.01204	0.00757	0.01016	0.00573	0.00332	0.00476	0.00129	0.03734	0.00443	0.00191	0.00508
16	0.00486	0.00372	0.00448	0.00478	0.00553	0.00338	0.00340	0.00611	0.02866	0.01124	0.20947	0.39966	0.28072	0.01009	0.00462	0.00138	0.00204	0.00888	0.00368	0.00330
17	0.00481	0.00356	0.00467	0.00537	0.00564	0.00347	0.00367	0.00549	0.00724	0.00963	0.02091	0.74233	0.06931	0.04252	0.00566	0.00161	0.03660	0.02102	0.00340	0.00311
18	0.00501	0.00367	0.00469	0.00484	0.00555	0.00336	0.00348	0.00631	0.00929	0.01272	0.46456	0.31655	0.12713	0.00939	0.00460	0.00132	0.00195	0.00834	0.00387	0.00336
19	0.01066	0.00858	0.00896	0.00781	0.01007	0.03882	0.00616	0.14184	0.59287	0.06914	0.02936	0.01412	0.01116	0.00518	0.00388	0.00126	0.00332	0.02705	0.00383	0.00593
20	0.00535	0.00387	0.00492	0.00483	0.00555	0.00372	0.00352	0.00663	0.00883	0.01216	0.44545	0.03978	0.10998	0.18338	0.09249	0.00223	0.00314	0.05747	0.00346	0.00325
21	0.00807	0.07761	0.68376	0.01100	0.04555	0.03040	0.04564	0.01197	0.00811	0.01176	0.00672	0.00798	0.00491	0.00354	0.00354	0.00115	0.00545	0.00281	0.00165	0.02838
22	0.00964	0.00839	0.00876	0.02335	0.01025	0.02580	0.00615	0.04486	0.77979	0.01587	0.01490	0.01378	0.01117	0.00508	0.00385	0.00128	0.00315	0.00421	0.00378	0.00595
23	0.00916	0.21978	0.46632	0.01018	0.03514	0.09774	0.05933	0.01243	0.02626	0.02096	0.00669	0.00779	0.00511	0.00357	0.00337	0.00109	0.00530	0.00274	0.00175	0.00530
24	0.01442	0.01062	0.01138	0.00873	0.01176	0.01176	0.00721	0.83041	0.01783	0.02390	0.00911	0.00911	0.00645	0.00455	0.00379	0.00114	0.00417	0.00341	0.00379	0.00645
25	0.00673	0.00446	0.00599	0.00646	0.00747	0.00436	0.00539	0.00859	0.03861	0.07511	0.06675	0.14625	0.07083	0.00982	0.00494	0.00160	0.00309	0.52616	0.00364	0.00374
26	0.01702	0.00645	0.00880	0.00675	0.00968	0.00557	0.00557	0.01848	0.01085	0.84568	0.01496	0.01291	0.00939	0.00469	0.00381	0.00117	0.00323	0.00381	0.00469	0.00645
27	0.00464	0.00331	0.00442	0.00527	0.00550	0.00309	0.00352	0.00532	0.00734	0.00980	0.03866	0.84614	0.02532	0.01179	0.00483	0.00153	0.00219	0.01070	0.00353	0.00309
28	0.01665	0.01887	0.76163	0.01104	0.01639	0.03548	0.06382	0.01211	0.00814	0.01198	0.00681	0.00809	0.00486	0.00359	0.00364	0.00120	0.00567	0.00289	0.00164	0.00552
29	0.00873	0.39729	0.47926	0.00889	0.01344	0.01156	0.01067	0.01172	0.00787	0.01064	0.00612	0.00715	0.00483	0.00344	0.00308	0.00103	0.00492	0.00246	0.00161	0.00528
30	0.00539	0.00364	0.00455	0.00498	0.00529	0.00350	0.00331	0.00594	0.00686	0.03108	0.01796	0.42252	0.05642	0.32281	0.03013	0.00242	0.00303	0.06418	0.00307	0.00293
31	0.00464	0.00352	0.00429	0.00485	0.00545	0.00317	0.00339	0.00547	0.00786	0.01009	0.05239	0.54849	0.28704	0.01098	0.00473	0.00145	0.00214	0.03336	0.00354	0.00315
32	0.00584	0.00487	0.00646	0.00797	0.11541	0.03490	0.01517	0.00702	0.01774	0.01052	0.05227	0.54746	0.07560	0.00987	0.00462	0.00144	0.00280	0.07314	0.00326	0.00363
33	0.00925	0.33617	0.15891	0.08053	0.21243	0.04096	0.04476	0.01164	0.02496	0.01076	0.02307	0.00837	0.00594	0.00357	0.00337	0.00104	0.01439	0.00287	0.00181	0.00520
34	0.00516	0.00379	0.00514	0.00562	0.00607	0.00387	0.00403	0.02260	0.00736	0.00999	0.04756	0.54173	0.03657	0.02697	0.20757	0.00264	0.01824	0.03868	0.00315	0.00326
35	0.01053	0.00718	0.00823	0.06478	0.05929	0.00777	0.00573	0.36344	0.01227	0.02999	0.01031	0.01139	0.00777	0.00438	0.00330	0.00104	0.00321	0.00347	0.38089	0.00503
36	0.06341	0.01107	0.08183	0.03591	0.06021	0.17851	0.00738	0.19705	0.10551	0.08486	0.01044	0.01162	0.03935	0.02186	0.00429	0.00122	0.03546	0.02393	0.02085	0.00525
37	0.00835	0.01306	0.36471	0.18886	0.12607	0.03999	0.07294	0.03713	0.00856	0.03150	0.02414	0.02175	0.02122	0.02067	0.00409	0.00125	0.00513	0.00348	0.00196	0.00515
38	0.01076	0.15171	0.01096	0.00794	0.00980	0.30047	0.00638	0.14022	0.00978	0.01133	0.00755	0.00983	0.00662	0.04200	0.21842	0.00240	0.04408	0.00309	0.00221	0.00445
39	0.00789	0.00654	0.00766	0.00589	0.00867	0.00556	0.00467	0.01071	0.11371	0.02919	0.11427	0.02201	0.01051	0.00397	0.00342	0.00078	0.02235	0.00325	0.00275	0.61618
40	0.00830	0.00830	0.01162	0.00996	0.00996	0.01162	0.00830	0.00913	0.00581	0.00913	0.00498	0.00830	0.00498	0.00664	0.01245	0.00166	0.85977	0.00332	0.00166	0.00415
41	0.00594	0.00386	0.00437	0.00431	0.00455	0.00394	0.00263	0.02736	0.00619	0.00877	0.01181	0.02235	0.01278	0.67524	0.07196	0.00340	0.00387	0.00510	0.11892	0.00264
42	0.03208	0.00791	0.00908	0.00718	0.00986	0.02828	0.00586	0.26853	0.07877	0.41219	0.01254	0.01166	0.00847	0.00462	0.00367	0.00114	0.00345	0.00363	0.08502	0.00605
43	0.00473	0.00338	0.00451	0.00531	0.00560	0.00316	0.00362	0.00550	0.00755	0.01011	0.07492	0.77735	0.02566	0.01156	0.00483	0.00153	0.00222	0.04176	0.00356	0.00313
44	0.00498	0.00383	0.00461	0.00501	0.00572	0.00358	0.00360	0.01551	0.02168	0.01057	0.07393	0.45140	0.29597	0.01045	0.00481	0.00143	0.01825	0.04920	0.01219	0.00328
45	0.00899	0.00682	0.00755	0.00668	0.00856	0.00742	0.00521	0.08063	0.44437	0.07123	0.21832	0.01847	0.06667	0.00596	0.00401	0.00123	0.00272	0.00502	0.02489	0.00525
46	0.00551	0.00369	0.00422	0.00422	0.00424	0.00372	0.00240	0.00557	0.00554	0.00741	0.01188	0.02441	0.01361	0.83223	0.05355	0.00378	0.00394	0.00546	0.00229	0.00234
47	0.00659	0.00329	0.00494	0.00494	0.00494	0.00329	0.00329	0.00494	0.00494	0.00659	0.00659	0.01153	0.00659	0.01318	0.01482	0.88966	0.00329	0.00329	0.00165	0.00165
48	0.00935	0.01038	0.01532	0.01192	0.01425	0.17071	0.38570	0.01177	0.04157	0.01102	0.02154	0.03231	0.00711	0.00649	0.07986	0.00170	0.13801	0.00404	0.02236	0.00460
49	0.00465	0.00333	0.00442	0.00523	0.00550	0.00310	0.00351	0.00536	0.00743	0.00991	0.05407	0.81526	0.04081	0.01167	0.00482	0.00152	0.00218	0.01057	0.00355	0.00310
50	0.00883	0.01040	0.05137	0.03606	0.01945	0.00962	0.74620	0.01196	0.00875	0.01196	0.00751	0.01007	0.00567	0.00337	0.00476	0.00129	0.04144	0.00434	0.00189	0.00507
51	0.01671	0.00668	0.00891	0.00686	0.00978	0.00595	0.00566	0.05499	0.03218	0.78765	0.01471	0.01277	0.00931	0.00470	0.00381	0.00117	0.00326	0.00381	0.00463	0.00644
52	0.00677	0.00549	0.00688	0.00665	0.00722	0.02725	0.00502	0.08136	0.00770	0.01057	0.01336	0.31163	0.01465	0.10507	0.16613	0.00259	0.16369	0.03828	0.01606	0.00361
53	0.00470	0.00342	0.00444	0.00509	0.00549	0.00316	0.00347	0.00554	0.00783	0.01044	0.12756	0.68269	0.09989	0.01115	0.00476	0.00147	0.00212	0.01003	0.00360	0.00316
54	0.12559	0.00760	0.03097	0.00769	0.00960	0.00790	0.11258	0.14553	0.12677	0.05393	0.02046	0.01448	0.00928	0.25386	0.00868	0.00195	0.05166	0.00415	0.00281	0.00452
55	0.00896	0.47226	0.40625	0.00851	0.01285	0.01211	0.01000	0.01166	0.00785	0.01037	0.00599	0.00698	0.00484	0.00341	0.00298	0.00099	0.00478	0.00239	0.00161	0.00521
56	0.00470	0.00334	0.00443	0.00527	0.00550	0.00314	0.00353	0.00536	0.00722	0.00962	0.02048	0.80580	0.02449	0.05030	0.00550	0.00164	0.00230	0.03086	0.00346	0.00306
57	0.02965	0.00938	0.04151	0.13634	0.11061	0.00973	0.00806	0.43589	0.01340	0.13126	0.00923	0.01010	0.00667	0.02598	0.00415	0.00123	0.00423	0.00346	0.00323	0.00589
58	0.01104	0.20393	0.01284	0.00981	0.09424	0.24125	0.02342	0.04652	0.13749	0.04668	0.00866	0.04811	0.00741	0.00461	0.00422	0.00112	0.07921	0.01202	0.00242	0.00501
59	0.00972	0.55866	0.17155	0.00849	0.01210	0.04191	0.09199	0.02624	0.00813	0.01010	0.00588	0.00700	0.00498	0.00344	0.00317	0.00096	0.02646	0.00249	0.00170	0.00502
60	0.00803	0.00679	0.00795	0.02739	0.00940	0.00538	0.00471	0.03045	0.02772	0.01271	0.00714	0.00825	0.00587	0.00297	0.00288	0.00062	0.00288	0.00238	0.02388	0.80259
61	0.03169	0.09610	0.38477	0.01079	0.07310	0.11617	0.06156	0.06875	0.03676	0.07432	0.00763	0.00851	0.00563	0.00376	0.00354	0.00113	0.00516	0.00298	0.00216	0.00548
62	0.01442	0.01062	0.01138	0.00873	0.01176	0.01176	0.00721	0.83041	0.01783	0.02390	0.00911	0.00911	0.00645	0.00455	0.00379	0.00114	0.00417	0.00341	0.00379	0.00645
63	0.00578	0.00449	0.00631	0.06072	0.00778	0.00514	0.00481	0.00745	0.04499	0.00943	0.05876	0.01737	0.04761	0.13500	0.53398	0.00460	0.03548	0.00453	0.00230	0.00344
64	0.47815	0.00853	0.00809	0.00658	0.00925	0.00951	0.00543	0.32768	0.01122	0.09190	0.00760	0.00788	0.00547	0.00402	0.00303	0.00116	0.00344	0.00273	0.00311	0.00522
65	0.00552	0.00368	0.00414	0.00414	0.00414	0.00368	0.00230	0.00552	0.00552	0.00735	0.01195	0.02482	0.01379	0.86672	0.01930	0.00368	0.00368	0.00552	0.00230	0.00230
66	0.00899	0.01034	0.07018	0.01483	0.03202	0.00922	0.68134	0.01202	0.00885	0.04220	0.00890	0.01107	0.03591	0.00362	0.00464	0.00128	0.03300	0.00442	0.00205	0.00511
67	0.04258	0.00549	0.00596	0.00551	0.00693	0.03316	0.00423	0.02981	0.14836	0.06099	0.35292	0.05521	0.20181	0.00738	0.00423	0.00124	0.00242	0.02378	0.00381	0.00416
68	0.01139	0.00540	0.00675	0.00563	0.00757	0.00505	0.00449	0.04967	0.04627	0.37601	0.20596	0.01697	0.02678	0.00542	0.00371	0.00112	0.00257	0.00451	0.20970	0.00505
69	0.00768	0.00734	0.01263	0.65474	0.19150	0.00859	0.04354	0.01018	0.00785	0.01034	0.00686	0.00997	0.00528	0.00368	0.00381	0.00124	0.00500	0.00342	0.00173	0.00461
70	0.00889	0.03967	0.01191	0.55555	0.10700	0.11230	0.00973	0.07515	0.00889	0.01101	0.00704	0.02354	0.00557	0.00394	0.00371	0.00119	0.00506	0.00334	0.00193	0.00460
71	0.00585	0.00469	0.00521	0.00541	0.00608	0.05448	0.00392	0.00714	0.02828	0.01127	0.25635	0.26477	0.07306	0.14590	0.00696	0.00175	0.00276	0.10939	0.00343	0.00331
72	0.00501	0.00381	0.00460	0.00487	0.00562	0.00356	0.00351	0.02122	0.00813	0.01054	0.10637	0.33278	0.29908	0.06417	0.07456	0.00192	0.00289	0.04076	0.00339	0.00323
73	0.01419	0.01718	0.01064	0.00958	0.01161	0.77520	0.00723	0.03998	0.02770	0.04335	0.00652	0.00730	0.00525	0.00398	0.00346	0.00100	0.00654	0.00256	0.00216	0.00457
74	0.01117	0.10688	0.10904	0.04578	0.34299	0.14521	0.02123	0.08642	0.03751	0.02194	0.00789	0.00963	0.00645	0.00424	0.00409	0.00124	0.02678	0.00331	0.00234	0.00586
75	0.00475	0.00356	0.00477	0.00529	0.00578	0.00327	0.02132	0.00559	0.00773	0.01021	0.08353	0.67958	0.12833	0.01110	0.00476	0.00148	0.00223	0.01000	0.00353	0.00318
76	0.00893	0.01015	0.02195	0.01574	0.01943	0.00967	0.79641	0.01203	0.00883	0.01203	0.00756	0.01015	0.00572	0.00333	0.00479	0.00129	0.04057	0.00443	0.00191	0.00508
77	0.01002	0.05483	0.03057	0.00781	0.00938	0.30304	0.01479	0.08680	0.01573	0.02409	0.02511	0.02077	0.00820	0.11626	0.21087	0.00261	0.04912	0.00357	0.00227	0.00415
78	0.00641	0.00539	0.00725	0.00643	0.00786	0.02432	0.09524	0.04074	0.03448	0.03025	0.19510	0.14202	0.29954	0.00825	0.00465	0.00132	0.01989	0.06358	0.00345	0.00383
79	0.00484	0.00352	0.00462	0.00542	0.00584	0.00329	0.00387	0.00570	0.00762	0.00999	0.02234	0.66114	0.09761	0.01146	0.00487	0.00155	0.00238	0.13727	0.00352	0.00316
80	0.00552	0.00366	0.00417	0.00422	0.00428	0.00366	0.00243	0.00566	0.00573	0.00780	0.01247	0.07448	0.01421	0.76346	0.03419	0.00348	0.00364	0.00572	0.03880	0.00242
81	0.03667	0.06718	0.01119	0.00921	0.01138	0.62099	0.00714	0.12154	0.01128	0.04170	0.00655	0.00732	0.00523	0.00403	0.00359	0.00102	0.02435	0.00260	0.00228	0.00476
82	0.00829	0.02701	0.00779	0.00656	0.00837	0.04067	0.03090	0.06070	0.22483	0.05779	0.15430	0.04425	0.10448	0.05892	0.05209	0.00160	0.00346	0.02627	0.00338	0.07836
83	0.18796	0.05156	0.15366	0.02953	0.01140	0.07566	0.00744	0.22887	0.07368	0.05189	0.00819	0.02374	0.00624	0.00416	0.00347	0.00112	0.01666	0.00304	0.00274	0.05897

[dist]
# distance from previous block
# <min> <max>
2	35

[block]
# block no. 4 follows, 72 sequences, length 20
# corresponding to MSA columns:
# 250-269
name=unknown_E
#
# <colnr> <probs for GDERKNQSTAVLIFYWHMCP>
#	G	D	E	R	K	N	Q	S	T	A	V	L	I	F	Y	W	H	M	C	P
0	0.00940	0.05593	0.12471	0.07903	0.21062	0.05068	0.06080	0.04159	0.00911	0.04017	0.03039	0.04775	0.02691	0.00437	0.00379	0.00113	0.00443	0.00371	0.00240	0.19308
1	0.02243	0.08002	0.05622	0.07459	0.09180	0.15693	0.03462	0.15229	0.07942	0.04457	0.02209	0.01037	0.00714	0.00435	0.00410	0.00112	0.05369	0.03014	0.00255	0.07156
2	0.04312	0.01000	0.12040	0.03685	0.13988	0.03728	0.05365	0.15845	0.10946	0.05417	0.06040	0.02791	0.00898	0.00452	0.00404	0.00116	0.03308	0.01572	0.00279	0.07813
3	0.00906	0.05883	0.18739	0.04052	0.42528	0.00913	0.06958	0.02299	0.06535	0.02942	0.00836	0.00990	0.02270	0.00369	0.00371	0.00114	0.00464	0.00340	0.00206	0.02283
4	0.00594	0.00430	0.00508	0.00516	0.00588	0.00423	0.00381	0.05423	0.00796	0.01032	0.04877	0.04316	0.19608	0.34915	0.02784	0.00244	0.00332	0.21614	0.00304	0.00312
5	0.00878	0.00907	0.01150	0.43808	0.06492	0.14301	0.02965	0.01142	0.07401	0.01022	0.00712	0.00967	0.00568	0.00475	0.01953	0.00136	0.14151	0.00333	0.00192	0.00448
6	0.00837	0.03702	0.71495	0.01014	0.01536	0.00861	0.01268	0.02989	0.00837	0.06078	0.00729	0.00827	0.00515	0.00363	0.00355	0.00115	0.00525	0.00283	0.00187	0.05485
7	0.01418	0.01764	0.01078	0.00971	0.01173	0.80258	0.00732	0.06263	0.01116	0.01013	0.00605	0.00697	0.00498	0.00395	0.00344	0.00099	0.00668	0.00250	0.00206	0.00452
8	0.00600	0.00426	0.00519	0.00498	0.00616	0.00379	0.00369	0.00746	0.02735	0.04892	0.24678	0.24789	0.17444	0.02944	0.00464	0.00129	0.00223	0.02832	0.03762	0.10955
9	0.05989	0.02494	0.01095	0.00838	0.01084	0.00725	0.14758	0.08032	0.00968	0.35893	0.01186	0.04003	0.02095	0.03283	0.07607	0.00172	0.06050	0.01688	0.00335	0.01705
10	0.00786	0.00674	0.00786	0.00562	0.00899	0.00506	0.00449	0.00955	0.00786	0.01236	0.00674	0.00786	0.00562	0.00281	0.00281	0.00056	0.00281	0.00225	0.00225	0.88990
11	0.06899	0.00787	0.00934	0.00729	0.01012	0.00787	0.00599	0.29361	0.03235	0.47037	0.01258	0.03762	0.00861	0.00481	0.00375	0.00118	0.00349	0.00380	0.00419	0.00619
12	0.00511	0.00369	0.00442	0.00478	0.00554	0.00331	0.00340	0.00598	0.00806	0.03785	0.06761	0.41757	0.33345	0.04343	0.00522	0.00150	0.00221	0.04004	0.00354	0.00325
13	0.00559	0.00399	0.00489	0.00467	0.00576	0.00358	0.00356	0.00712	0.01003	0.04562	0.53446	0.03080	0.27360	0.00831	0.00448	0.00124	0.00196	0.04281	0.00397	0.00357
14	0.03415	0.00425	0.00550	0.00578	0.00654	0.00418	0.00422	0.02091	0.02644	0.10881	0.01836	0.55935	0.02040	0.03880	0.03489	0.00172	0.01929	0.07924	0.00350	0.00367
15	0.01106	0.00602	0.00690	0.00577	0.00775	0.00597	0.00462	0.17613	0.04526	0.24789	0.04026	0.01616	0.10469	0.00533	0.00355	0.00110	0.00275	0.01583	0.28796	0.00500
16	0.20065	0.00964	0.00991	0.00781	0.01065	0.01072	0.00643	0.58466	0.05636	0.05368	0.00884	0.00888	0.00632	0.00437	0.00349	0.00115	0.00382	0.00319	0.00353	0.00593
17	0.01125	0.00646	0.00805	0.00715	0.00914	0.00646	0.00597	0.20756	0.02251	0.26178	0.03666	0.06555	0.02840	0.00726	0.00440	0.00139	0.00344	0.29754	0.00394	0.00509
18	0.00530	0.00392	0.00481	0.00486	0.00584	0.00354	0.00373	0.00669	0.00941	0.02672	0.36616	0.12164	0.29461	0.00911	0.00461	0.00133	0.00213	0.11833	0.00381	0.00344
19	0.02639	0.00478	0.00631	0.00608	0.00741	0.00447	0.00475	0.01057	0.02707	0.27813	0.01783	0.26347	0.03871	0.06298	0.00575	0.02911	0.00298	0.19523	0.00374	0.00425

[dist]
# distance from previous block
# <min> <max>
5	7

[block]
# block no. 5 follows, 72 sequences, length 26
# corresponding to MSA columns:
# 278-303
name=unknown_F
#
# <colnr> <probs for GDERKNQSTAVLIFYWHMCP>
#	G	D	E	R	K	N	Q	S	T	A	V	L	I	F	Y	W	H	M	C	P
0	0.00802	0.02327	0.04077	0.00589	0.00934	0.00551	0.00495	0.02477	0.00805	0.01249	0.00676	0.00786	0.00559	0.00288	0.00285	0.00060	0.00297	0.00229	0.00224	0.82291
1	0.09037	0.02430	0.12781	0.06832	0.08929	0.02344	0.25970	0.11871	0.02452	0.04324	0.01573	0.05965	0.00741	0.00429	0.00390	0.00123	0.00486	0.01893	0.00241	0.01190
2	0.00691	0.00463	0.00568	0.00563	0.00661	0.00450	0.00416	0.10453	0.00938	0.07076	0.13029	0.38501	0.10854	0.06566	0.00554	0.00155	0.00262	0.07058	0.00364	0.00378
3	0.15644	0.00830	0.00851	0.00769	0.03698	0.09699	0.01468	0.08128	0.14675	0.10262	0.03414	0.09160	0.00998	0.00535	0.00423	0.00120	0.06553	0.03327	0.00305	0.09139
4	0.00909	0.13344	0.23881	0.05539	0.04241	0.04004	0.07818	0.08043	0.05026	0.05748	0.04450	0.01226	0.07840	0.00550	0.04077	0.00135	0.00473	0.00371	0.00242	0.02083
5	0.00689	0.00519	0.00708	0.04322	0.02011	0.00580	0.01265	0.07080	0.02055	0.04016	0.02830	0.06392	0.08193	0.09214	0.36819	0.00360	0.07061	0.05247	0.00260	0.00380
6	0.00983	0.00603	0.00705	0.00609	0.00803	0.00595	0.00486	0.11858	0.13403	0.21562	0.15309	0.02252	0.21358	0.00675	0.00415	0.00124	0.00276	0.05343	0.02152	0.00491
7	0.12482	0.01043	0.12220	0.05698	0.29750	0.00933	0.02833	0.15986	0.03594	0.04089	0.00944	0.06900	0.00796	0.00487	0.00400	0.00134	0.00448	0.00397	0.00277	0.00588
8	0.00823	0.00721	0.00948	0.00707	0.02429	0.00593	0.07509	0.02241	0.00807	0.02426	0.00690	0.00820	0.00567	0.00309	0.00346	0.00070	0.04435	0.00255	0.00224	0.73080
9	0.00481	0.00366	0.00446	0.00497	0.00569	0.00332	0.00364	0.00577	0.00812	0.01038	0.06792	0.42009	0.31523	0.01068	0.00475	0.00146	0.00225	0.11606	0.00355	0.00320
10	0.00644	0.00429	0.00521	0.00480	0.00607	0.00389	0.00366	0.00828	0.04103	0.09821	0.48220	0.02871	0.27702	0.00791	0.00439	0.00122	0.00202	0.00680	0.00402	0.00385
11	0.00742	0.00910	0.17250	0.12460	0.24152	0.00709	0.06196	0.00978	0.00832	0.02210	0.07376	0.10948	0.06269	0.03651	0.00461	0.00135	0.00421	0.03592	0.00237	0.00473
12	0.01325	0.00937	0.01030	0.00819	0.01091	0.01022	0.00673	0.59937	0.09570	0.08979	0.04636	0.01279	0.00938	0.00512	0.00392	0.00120	0.00384	0.05359	0.00387	0.00610
13	0.00887	0.01081	0.07293	0.01567	0.01961	0.00954	0.77931	0.01214	0.00889	0.01214	0.00762	0.01009	0.00570	0.00322	0.00442	0.00127	0.00635	0.00437	0.00190	0.00515
14	0.68191	0.00831	0.00664	0.00576	0.00817	0.08012	0.00469	0.05081	0.00783	0.10686	0.00656	0.00709	0.00486	0.00373	0.00267	0.00116	0.00336	0.00234	0.00264	0.00450
15	0.00865	0.00826	0.01402	0.29253	0.56269	0.00887	0.01122	0.01096	0.00824	0.01145	0.00696	0.00960	0.00568	0.00358	0.00394	0.00118	0.02159	0.00338	0.00181	0.00539
16	0.00898	0.00813	0.01496	0.27635	0.23889	0.00839	0.24119	0.01145	0.00854	0.08232	0.00861	0.04124	0.00697	0.00403	0.00405	0.00124	0.00499	0.02242	0.00216	0.00508
17	0.00848	0.01013	0.11227	0.04040	0.08698	0.00852	0.45030	0.04040	0.02772	0.01252	0.03501	0.04756	0.03285	0.00405	0.00416	0.00121	0.00524	0.00441	0.00219	0.06559
18	0.00927	0.00859	0.01406	0.22782	0.57078	0.00910	0.01099	0.08088	0.00916	0.01270	0.00720	0.00954	0.00581	0.00358	0.00377	0.00116	0.00461	0.00338	0.00199	0.00560
19	0.01385	0.00969	0.01060	0.00830	0.01114	0.01059	0.00679	0.64115	0.09256	0.10690	0.01073	0.04200	0.00792	0.00490	0.00384	0.00117	0.00389	0.00381	0.00388	0.00628
20	0.00614	0.00493	0.00692	0.06931	0.03981	0.00572	0.00522	0.00707	0.00642	0.00892	0.01153	0.12117	0.01238	0.26818	0.21244	0.00326	0.14045	0.06451	0.00231	0.00331
21	0.00565	0.07749	0.00618	0.00488	0.00596	0.00448	0.00377	0.00724	0.01005	0.01386	0.64459	0.09147	0.09468	0.00783	0.00433	0.00119	0.00202	0.00684	0.00386	0.00362
22	0.00547	0.00370	0.00431	0.00435	0.00441	0.00374	0.00255	0.00561	0.00563	0.00757	0.01214	0.05607	0.01385	0.76266	0.08963	0.00380	0.00417	0.00559	0.00232	0.00242
23	0.00966	0.01045	0.13378	0.05900	0.36968	0.03506	0.07922	0.01262	0.06369	0.08291	0.00806	0.00972	0.00628	0.00402	0.00475	0.00123	0.09868	0.00345	0.00218	0.00557
24	0.00479	0.00357	0.00446	0.00484	0.00547	0.00324	0.00340	0.00582	0.00848	0.01128	0.24462	0.46752	0.19802	0.01030	0.00467	0.00139	0.00203	0.00915	0.00370	0.00324
25	0.01384	0.00574	0.00777	0.00623	0.00859	0.00502	0.00503	0.01535	0.01070	0.62096	0.20877	0.04718	0.01614	0.00567	0.00401	0.00119	0.00285	0.00478	0.00453	0.00566

[dist]
# distance from previous block
# <min> <max>
0	1

[block]
# block no. 6 follows, 72 sequences, length 20
# corresponding to MSA columns:
# 305-324
name=unknown_G
#
# <colnr> <probs for GDERKNQSTAVLIFYWHMCP>
#	G	D	E	R	K	N	Q	S	T	A	V	L	I	F	Y	W	H	M	C	P
0	0.05180	0.05229	0.01171	0.06261	0.18678	0.32960	0.00806	0.08347	0.13223	0.01250	0.00780	0.00881	0.00622	0.00405	0.00374	0.00110	0.02670	0.00304	0.00235	0.00514
1	0.00925	0.00498	0.00624	0.00572	0.00701	0.00474	0.00418	0.04431	0.06245	0.25962	0.05871	0.28455	0.03975	0.18183	0.00733	0.00181	0.00291	0.00664	0.00369	0.00428
2	0.00847	0.00687	0.01053	0.01049	0.13694	0.00693	0.13188	0.09629	0.05597	0.06053	0.05536	0.10287	0.06723	0.05960	0.00554	0.00150	0.02924	0.14609	0.00304	0.00464
3	0.04253	0.06094	0.11864	0.23666	0.34801	0.03115	0.03837	0.02091	0.00828	0.01165	0.00680	0.00898	0.00542	0.00351	0.00359	0.00113	0.00475	0.00314	0.00184	0.04370
4	0.01163	0.07529	0.04766	0.01179	0.19071	0.16438	0.02953	0.25599	0.06215	0.03995	0.00921	0.06039	0.01541	0.00454	0.00370	0.00112	0.00460	0.00368	0.00275	0.00553
5	0.05903	0.00484	0.00637	0.13965	0.04738	0.00504	0.00514	0.04082	0.00789	0.01079	0.01819	0.34178	0.13563	0.09601	0.00588	0.00163	0.00308	0.06430	0.00297	0.00356
6	0.03921	0.00907	0.00954	0.04627	0.01087	0.06823	0.00659	0.22172	0.35414	0.04323	0.06237	0.01222	0.01010	0.00508	0.00459	0.00125	0.08268	0.00388	0.00341	0.00556
7	0.00866	0.04201	0.07983	0.13256	0.41254	0.04689	0.00964	0.01132	0.05490	0.01179	0.05757	0.01135	0.00821	0.05315	0.00458	0.00127	0.00439	0.00357	0.00211	0.04367
8	0.01237	0.01365	0.01132	0.01034	0.06497	0.45994	0.06855	0.15936	0.04929	0.01295	0.05469	0.04841	0.00827	0.00457	0.00373	0.00109	0.00551	0.00354	0.00256	0.00489
9	0.05977	0.00669	0.09210	0.04224	0.05623	0.00569	0.00582	0.11079	0.00893	0.01242	0.01799	0.40389	0.12599	0.00846	0.00429	0.00137	0.00308	0.02707	0.00312	0.00406
10	0.01060	0.00862	0.01022	0.00990	0.11517	0.02224	0.03430	0.17554	0.43871	0.06305	0.01404	0.01353	0.05689	0.00495	0.00388	0.00123	0.00354	0.00417	0.00353	0.00590
11	0.00836	0.05495	0.00912	0.09841	0.06925	0.04336	0.03645	0.12303	0.00957	0.05990	0.01541	0.27692	0.06523	0.00753	0.00426	0.00134	0.00360	0.10586	0.00308	0.00436
12	0.00958	0.00895	0.01255	0.06359	0.43736	0.07891	0.03549	0.13094	0.00988	0.01320	0.00964	0.15386	0.00914	0.00505	0.00394	0.00120	0.00435	0.00459	0.00243	0.00531
13	0.06232	0.06131	0.01032	0.04580	0.03896	0.44847	0.00687	0.09693	0.05996	0.01186	0.00962	0.03937	0.05321	0.00479	0.00357	0.00110	0.00525	0.03325	0.00244	0.00461
14	0.01061	0.00841	0.01088	0.07733	0.03513	0.05885	0.11101	0.05130	0.32280	0.15481	0.01261	0.05002	0.00986	0.00509	0.00430	0.00128	0.03545	0.03150	0.00330	0.00547
15	0.02996	0.00740	0.05704	0.11154	0.17241	0.03494	0.03474	0.01059	0.13159	0.02055	0.04105	0.23995	0.06950	0.00664	0.00412	0.00130	0.00361	0.01567	0.00282	0.00457
16	0.03706	0.03614	0.00900	0.03394	0.02472	0.08277	0.06298	0.09400	0.06477	0.04855	0.10424	0.21403	0.04168	0.00675	0.00442	0.00125	0.03934	0.03463	0.00310	0.05662
17	0.04645	0.01266	0.06176	0.01075	0.08736	0.30938	0.08029	0.11955	0.03305	0.06764	0.01597	0.01900	0.00630	0.00422	0.00427	0.00112	0.06903	0.00318	0.00244	0.04557
18	0.06237	0.01722	0.01188	0.11427	0.16638	0.08401	0.06973	0.18048	0.05977	0.16459	0.00964	0.01057	0.01512	0.00419	0.00374	0.00117	0.00441	0.01197	0.00294	0.00558
19	0.06647	0.04792	0.08472	0.09493	0.21670	0.01776	0.01572	0.13929	0.07425	0.07183	0.01107	0.06007	0.05753	0.00517	0.01914	0.00128	0.00414	0.00400	0.00270	0.00531

[dist]
# distance from previous block
# <min> <max>
42	246

[block]
# block no. 7 follows, 72 sequences, length 61
# corresponding to MSA columns:
# 645-705
name=unknown_H
#
# <colnr> <probs for GDERKNQSTAVLIFYWHMCP>
#	G	D	E	R	K	N	Q	S	T	A	V	L	I	F	Y	W	H	M	C	P
0	0.00955	0.00880	0.03973	0.11210	0.07898	0.08958	0.11379	0.10557	0.02503	0.08156	0.01152	0.04097	0.07814	0.01543	0.08217	0.00169	0.06093	0.01593	0.00258	0.02595
1	0.06015	0.07435	0.10552	0.12113	0.10014	0.12897	0.05029	0.07496	0.01699	0.03545	0.01874	0.08431	0.01515	0.00459	0.00373	0.00113	0.01669	0.01158	0.00232	0.07382
2	0.00828	0.04539	0.00911	0.07986	0.09007	0.04697	0.02651	0.13048	0.00993	0.03789	0.09900	0.11313	0.19023	0.00663	0.00452	0.00123	0.04906	0.01815	0.00301	0.03055
3	0.01009	0.20037	0.08854	0.04820	0.11657	0.04441	0.10585	0.16879	0.02181	0.03574	0.00881	0.04085	0.01769	0.05557	0.00453	0.00127	0.00455	0.01880	0.00240	0.00516
4	0.00779	0.02615	0.00799	0.00694	0.03855	0.00624	0.02418	0.08635	0.05346	0.04688	0.11320	0.10446	0.13757	0.02335	0.04224	0.00142	0.07161	0.01955	0.00306	0.17902
5	0.05921	0.03169	0.05383	0.00871	0.06152	0.07641	0.01846	0.29055	0.07434	0.10086	0.05904	0.04110	0.04795	0.00497	0.00389	0.00115	0.01988	0.00393	0.00325	0.03925
6	0.02516	0.05966	0.04887	0.03054	0.10191	0.05878	0.08438	0.07344	0.14939	0.01345	0.03736	0.14289	0.01111	0.00593	0.00488	0.00135	0.07761	0.00484	0.00290	0.06553
7	0.02631	0.00490	0.00631	0.05674	0.04596	0.00484	0.00495	0.05805	0.02776	0.03608	0.02755	0.37256	0.13038	0.02417	0.00472	0.00144	0.00285	0.11680	0.00329	0.04435
8	0.01181	0.02539	0.04850	0.00855	0.03731	0.07313	0.00694	0.40091	0.11498	0.03956	0.03924	0.01063	0.02494	0.00453	0.00388	0.00109	0.02602	0.00347	0.00325	0.11587
9	0.00799	0.03440	0.03180	0.05782	0.06938	0.02202	0.02718	0.04168	0.22742	0.03007	0.03497	0.05246	0.09165	0.06558	0.10406	0.00191	0.00424	0.01171	0.00289	0.08076
10	0.00990	0.06920	0.05587	0.00893	0.04805	0.08719	0.07326	0.11445	0.18808	0.04039	0.02951	0.07635	0.00918	0.00475	0.00392	0.00111	0.02922	0.00394	0.00284	0.14384
11	0.02638	0.07167	0.11098	0.02047	0.21448	0.00948	0.19044	0.09128	0.02710	0.06882	0.01894	0.00965	0.00645	0.00432	0.01938	0.00126	0.06629	0.00350	0.00229	0.03681
12	0.00830	0.00804	0.01329	0.06463	0.45311	0.03440	0.11428	0.01029	0.00836	0.01154	0.00998	0.18663	0.00982	0.00513	0.00402	0.00121	0.00430	0.00497	0.00223	0.04545
13	0.02567	0.00520	0.02552	0.05791	0.02012	0.00481	0.02879	0.03753	0.05748	0.01191	0.12552	0.11565	0.41404	0.00830	0.00437	0.00131	0.00263	0.04611	0.00337	0.00377
14	0.00899	0.00925	0.04104	0.18734	0.54964	0.03888	0.05214	0.01131	0.00838	0.01159	0.00694	0.00939	0.00569	0.00361	0.00414	0.00118	0.03983	0.00338	0.00183	0.00546
15	0.00535	0.00419	0.00549	0.00556	0.00645	0.00401	0.03308	0.01606	0.03626	0.01085	0.10444	0.30294	0.23588	0.04646	0.07534	0.00190	0.00314	0.09581	0.00337	0.00341
16	0.00462	0.00330	0.00440	0.00528	0.00550	0.00308	0.00352	0.00528	0.00726	0.00968	0.02090	0.86424	0.02508	0.01188	0.00484	0.00154	0.00220	0.01078	0.00352	0.00308
17	0.00896	0.00882	0.01563	0.09881	0.53714	0.00898	0.16318	0.01167	0.04232	0.01202	0.00763	0.01024	0.00631	0.02899	0.00453	0.00126	0.02236	0.00368	0.00196	0.00553
18	0.01125	0.00748	0.00834	0.00698	0.00915	0.03650	0.00561	0.24881	0.13190	0.18820	0.19158	0.01807	0.06479	0.00595	0.00406	0.00121	0.00322	0.04757	0.00397	0.00535
19	0.01388	0.01738	0.01081	0.00975	0.01164	0.78646	0.00737	0.03732	0.01070	0.00968	0.00591	0.00697	0.00493	0.00406	0.00388	0.00102	0.04930	0.00251	0.00199	0.00444
20	0.00542	0.00406	0.00610	0.00610	0.00677	0.00474	0.00474	0.00677	0.00610	0.00880	0.01016	0.01490	0.00948	0.02844	0.85169	0.00610	0.01016	0.00406	0.00203	0.00339
21	0.00783	0.00508	0.00581	0.00522	0.00598	0.00525	0.00351	0.13994	0.01864	0.07108	0.01166	0.02075	0.01203	0.60934	0.05960	0.00318	0.00406	0.00496	0.00272	0.00338
22	0.00840	0.00811	0.01317	0.39462	0.40295	0.02840	0.01078	0.01065	0.00803	0.01089	0.00685	0.00966	0.00554	0.00406	0.01450	0.00127	0.05194	0.00336	0.00178	0.00503
23	0.00880	0.00722	0.00829	0.01021	0.23699	0.10383	0.00609	0.03974	0.03889	0.01315	0.01000	0.01192	0.00809	0.01614	0.03903	0.00125	0.01169	0.00343	0.42075	0.00449
24	0.00768	0.01768	0.72867	0.01024	0.01530	0.00841	0.02686	0.01206	0.03838	0.02165	0.04545	0.00944	0.00668	0.00388	0.00364	0.00120	0.00521	0.00310	0.02901	0.00546
25	0.00900	0.00767	0.00827	0.00759	0.00957	0.00883	0.00596	0.01861	0.73510	0.01521	0.01560	0.01650	0.01232	0.00653	0.03867	0.00152	0.00333	0.07026	0.00375	0.00569
26	0.00910	0.05329	0.15594	0.01429	0.01832	0.02548	0.60951	0.04404	0.00912	0.01238	0.00744	0.00956	0.00557	0.00333	0.00419	0.00123	0.00607	0.00401	0.00193	0.00522
27	0.00543	0.00364	0.00416	0.00425	0.00427	0.00362	0.00242	0.00549	0.00569	0.00758	0.01283	0.10770	0.01490	0.78231	0.01788	0.00347	0.00353	0.00604	0.00242	0.00238
28	0.00892	0.00473	0.00610	0.00555	0.00713	0.00428	0.00447	0.01041	0.00971	0.26582	0.21691	0.02674	0.19344	0.00829	0.03523	0.00147	0.00285	0.14343	0.04017	0.00435
29	0.00602	0.00481	0.00561	0.00558	0.00680	0.00480	0.00448	0.06224	0.05446	0.01159	0.02694	0.07042	0.41939	0.01036	0.05570	0.00170	0.03431	0.20770	0.00339	0.00368
30	0.06468	0.00719	0.00915	0.04180	0.01056	0.00686	0.00596	0.14948	0.01161	0.63226	0.01314	0.01180	0.00844	0.00457	0.00373	0.00117	0.00344	0.00363	0.00429	0.00623
31	0.00464	0.00334	0.00441	0.00526	0.00553	0.00311	0.00355	0.00533	0.00734	0.00973	0.02153	0.81881	0.05480	0.01177	0.00484	0.00153	0.00221	0.02565	0.00352	0.00309
32	0.00870	0.01360	0.29440	0.01383	0.01805	0.04385	0.49984	0.01213	0.00861	0.01189	0.00723	0.00929	0.00538	0.00347	0.00440	0.00125	0.03326	0.00380	0.00181	0.00522
33	0.01290	0.08683	0.01158	0.00886	0.01137	0.31509	0.03812	0.22074	0.17829	0.06537	0.00918	0.00931	0.00693	0.00428	0.00358	0.00109	0.00492	0.00318	0.00294	0.00543
34	0.00456	0.00385	0.00395	0.00393	0.00517	0.00324	0.00295	0.00560	0.00884	0.01070	0.11214	0.03575	0.76752	0.00943	0.00448	0.00127	0.00191	0.00790	0.00358	0.00324
35	0.01442	0.01062	0.01138	0.00873	0.01176	0.01176	0.00721	0.83041	0.01783	0.02390	0.00911	0.00911	0.00645	0.00455	0.00379	0.00114	0.00417	0.00341	0.00379	0.00645
36	0.00752	0.00699	0.01077	0.05897	0.01162	0.03667	0.21528	0.01043	0.11503	0.03307	0.04221	0.13338	0.13993	0.03234	0.01369	0.00148	0.05352	0.06994	0.00288	0.00429
37	0.00746	0.00700	0.01174	0.77110	0.09955	0.00852	0.01059	0.02081	0.00781	0.01012	0.00681	0.01003	0.00516	0.00376	0.00379	0.00125	0.00499	0.00337	0.00173	0.00440
38	0.00462	0.00330	0.00440	0.00528	0.00550	0.00308	0.00352	0.00528	0.00726	0.00968	0.02090	0.86424	0.02508	0.01188	0.00484	0.00154	0.00220	0.01078	0.00352	0.00308
39	0.05083	0.00824	0.00932	0.02827	0.01033	0.00874	0.00612	0.45768	0.02263	0.17625	0.05691	0.09562	0.04078	0.00560	0.00390	0.00120	0.00355	0.00451	0.00383	0.00569
40	0.00956	0.00931	0.01647	0.06565	0.08168	0.03398	0.42737	0.14401	0.01016	0.02708	0.00942	0.08133	0.00811	0.00458	0.00442	0.00128	0.02020	0.03785	0.00244	0.00510
41	0.00529	0.00384	0.00499	0.00478	0.00564	0.00354	0.00355	0.00699	0.01045	0.01471	0.76466	0.08231	0.05886	0.00807	0.00450	0.00122	0.00182	0.00714	0.00411	0.00354
42	0.00786	0.00674	0.00786	0.00562	0.00899	0.00506	0.00449	0.00955	0.00786	0.01236	0.00674	0.00786	0.00562	0.00281	0.00281	0.00056	0.00281	0.00225	0.00225	0.88990
43	0.00927	0.00850	0.01320	0.07444	0.51884	0.00872	0.02869	0.03543	0.15347	0.02145	0.02519	0.01059	0.00752	0.00380	0.00374	0.00113	0.00413	0.00356	0.00236	0.06595
