[name]
unknown

[dist]
# distance from previous block
# <min> <max>
0	116

[block]
# block no. 0 follows, 67 sequences, length 57
# corresponding to MSA columns:
# 152-189,196-214
name=unknown_A
#
# <colnr> <probs for GDERKNQSTAVLIFYWHMCP>
#	G	D	E	R	K	N	Q	S	T	A	V	L	I	F	Y	W	H	M	C	P
0	0.02173	0.14449	0.13241	0.02765	0.08537	0.07217	0.04660	0.08646	0.09130	0.04185	0.02299	0.16016	0.01098	0.00580	0.00398	0.00126	0.00438	0.02379	0.00279	0.01385
1	0.02297	0.07156	0.11345	0.00996	0.07728	0.06680	0.07548	0.10685	0.07030	0.11558	0.02220	0.14475	0.02008	0.02528	0.00443	0.00131	0.00432	0.00488	0.00305	0.03946
2	0.03090	0.03299	0.20300	0.01344	0.10868	0.06272	0.26585	0.06118	0.04897	0.03715	0.00819	0.00972	0.00619	0.00379	0.00411	0.00121	0.01514	0.00363	0.00228	0.08086
3	0.04586	0.05872	0.26170	0.01012	0.05545	0.09317	0.02531	0.17949	0.03958	0.11155	0.00941	0.04349	0.00722	0.00452	0.00380	0.00120	0.00486	0.00355	0.00283	0.03819
4	0.01043	0.24152	0.10940	0.00734	0.01013	0.11634	0.00683	0.02229	0.00975	0.13082	0.12677	0.01568	0.12507	0.00547	0.00394	0.00113	0.02415	0.00421	0.00293	0.02579
5	0.00688	0.00567	0.00645	0.03747	0.00809	0.00588	0.00469	0.01163	0.27765	0.01452	0.29788	0.03994	0.25201	0.00776	0.00450	0.00133	0.00249	0.00663	0.00400	0.00453
6	0.00832	0.00713	0.00832	0.00594	0.00950	0.00535	0.00475	0.01010	0.00832	0.01307	0.00713	0.00832	0.00594	0.00297	0.00297	0.00059	0.00297	0.00238	0.00238	0.88357
7	0.00764	0.00727	0.01247	0.81819	0.02737	0.00896	0.04146	0.01034	0.00807	0.01034	0.00717	0.01070	0.00537	0.00399	0.00404	0.00134	0.00540	0.00361	0.00179	0.00449
8	0.01072	0.86147	0.02102	0.00686	0.01029	0.01587	0.00686	0.01201	0.00815	0.00944	0.00558	0.00643	0.00515	0.00343	0.00257	0.00086	0.00429	0.00214	0.00172	0.00515
9	0.00660	0.00425	0.00561	0.00528	0.00632	0.00390	0.00395	0.00833	0.01095	0.08293	0.67310	0.12220	0.03426	0.00843	0.00472	0.00130	0.00207	0.00746	0.00438	0.00397
10	0.00790	0.00746	0.01261	0.73649	0.13803	0.00899	0.01130	0.01053	0.00817	0.01064	0.00719	0.01059	0.00548	0.00395	0.00400	0.00132	0.00527	0.00357	0.00181	0.00471
11	0.00546	0.00410	0.00513	0.00581	0.00632	0.00402	0.00399	0.00737	0.10049	0.01100	0.02228	0.72457	0.06096	0.01165	0.00498	0.00159	0.00241	0.01049	0.00376	0.00361
12	0.00489	0.00349	0.00465	0.00558	0.00582	0.00326	0.00372	0.00558	0.00768	0.01024	0.02210	0.85644	0.02653	0.01256	0.00512	0.00163	0.00233	0.01140	0.00372	0.00326
13	0.00871	0.00869	0.01227	0.05373	0.01141	0.01211	0.00890	0.00968	0.00624	0.00968	0.00536	0.00887	0.00527	0.00686	0.01269	0.00173	0.80813	0.00351	0.00176	0.00439
14	0.00489	0.00349	0.00465	0.00558	0.00582	0.00326	0.00372	0.00558	0.00768	0.01024	0.02210	0.85644	0.02653	0.01256	0.00512	0.00163	0.00233	0.01140	0.00372	0.00326
15	0.00484	0.00380	0.00439	0.00485	0.00566	0.00334	0.00343	0.00571	0.00844	0.01057	0.03140	0.43246	0.43146	0.01133	0.00494	0.00149	0.00220	0.02266	0.00372	0.00333
16	0.00531	0.00369	0.00463	0.00521	0.00538	0.00356	0.00336	0.00580	0.00705	0.00939	0.01849	0.50670	0.02186	0.33209	0.01091	0.00249	0.00298	0.04490	0.00323	0.00296
17	0.11635	0.00727	0.00898	0.00701	0.01002	0.02950	0.00577	0.01857	0.01095	0.72112	0.01440	0.01266	0.00916	0.00480	0.00385	0.00124	0.00348	0.00378	0.00460	0.00648
18	0.01364	0.00965	0.01052	0.00846	0.01130	0.01056	0.00686	0.45918	0.25069	0.12135	0.01357	0.01283	0.04219	0.00523	0.00406	0.00126	0.00384	0.00413	0.00414	0.00655
19	0.00933	0.00961	0.01916	0.01433	0.01727	0.00976	0.55210	0.01202	0.00891	0.04308	0.00934	0.01436	0.00796	0.00495	0.00632	0.00148	0.15956	0.09311	0.00227	0.00509
20	0.52600	0.00888	0.00800	0.00665	0.00937	0.04555	0.00545	0.19227	0.01038	0.14198	0.00804	0.00831	0.00576	0.00417	0.00310	0.00122	0.00362	0.00279	0.00317	0.00528
21	0.00502	0.00407	0.00446	0.00436	0.00559	0.00351	0.00327	0.00630	0.00981	0.01242	0.27993	0.03598	0.59211	0.00956	0.00474	0.00133	0.00199	0.00810	0.00393	0.00351
22	0.00965	0.10661	0.03861	0.01133	0.01368	0.06383	0.25156	0.03119	0.13095	0.01211	0.00887	0.04431	0.00757	0.00590	0.03231	0.00154	0.21836	0.00415	0.00234	0.00512
23	0.01213	0.01406	0.13923	0.02365	0.01538	0.21451	0.22147	0.18441	0.04828	0.04721	0.00839	0.00956	0.00625	0.00422	0.00438	0.00124	0.03377	0.00361	0.00260	0.00565
24	0.00573	0.00430	0.00645	0.00645	0.00716	0.00501	0.00501	0.00716	0.00645	0.00931	0.01074	0.01576	0.01003	0.03008	0.84316	0.00645	0.01074	0.00430	0.00215	0.00358
25	0.00863	0.01666	0.50290	0.01368	0.01884	0.00965	0.34610	0.01276	0.00888	0.01276	0.00757	0.00944	0.00549	0.00363	0.00419	0.00130	0.00627	0.00369	0.00183	0.00571
26	0.01057	0.81394	0.06722	0.00712	0.01069	0.01550	0.00731	0.01205	0.00817	0.00962	0.00567	0.00655	0.00514	0.00345	0.00264	0.00088	0.00438	0.00219	0.00171	0.00519
27	0.00913	0.00896	0.01494	0.14663	0.05708	0.01049	0.22553	0.01226	0.10061	0.03127	0.02075	0.01083	0.00696	0.00518	0.00761	0.00149	0.31899	0.00403	0.00222	0.00504
28	0.00566	0.00410	0.00534	0.00503	0.00598	0.00378	0.00377	0.00753	0.01131	0.01598	0.81638	0.03013	0.05345	0.00824	0.00473	0.00126	0.00189	0.00728	0.00440	0.00378
29	0.00793	0.00672	0.00790	0.00590	0.00909	0.00511	0.00464	0.00959	0.00824	0.01275	0.00882	0.10435	0.00827	0.00406	0.00321	0.00071	0.00290	0.00340	0.00253	0.78390
30	0.00488	0.00350	0.00464	0.00555	0.00581	0.00326	0.00371	0.00559	0.00771	0.01025	0.02247	0.84030	0.04243	0.01252	0.00511	0.00162	0.00232	0.01134	0.00372	0.00326
31	0.00947	0.01082	0.02366	0.01690	0.02096	0.01014	0.81947	0.01285	0.00947	0.01285	0.00811	0.01082	0.00609	0.00338	0.00473	0.00135	0.00676	0.00473	0.00203	0.00541
32	0.00488	0.00352	0.00463	0.00552	0.00580	0.00326	0.00369	0.00559	0.00774	0.01026	0.02293	0.81984	0.06259	0.01246	0.00510	0.00162	0.00231	0.01127	0.00372	0.00326
33	0.00621	0.00448	0.00615	0.00702	0.00790	0.00441	0.00600	0.00790	0.00908	0.01176	0.02243	0.12310	0.06990	0.01117	0.00545	0.00180	0.00347	0.68443	0.00370	0.00363
34	0.01072	0.86147	0.02102	0.00686	0.01029	0.01587	0.00686	0.01201	0.00815	0.00944	0.00558	0.00643	0.00515	0.00343	0.00257	0.00086	0.00429	0.00214	0.00172	0.00515
35	0.00583	0.00389	0.00437	0.00437	0.00437	0.00389	0.00243	0.00583	0.00583	0.00778	0.01264	0.02624	0.01458	0.85906	0.02041	0.00389	0.00389	0.00583	0.00243	0.00243
36	0.01768	0.00732	0.00962	0.00737	0.01049	0.00664	0.00609	0.11025	0.01231	0.74493	0.01512	0.01320	0.00958	0.00495	0.00403	0.00124	0.00353	0.00399	0.00486	0.00682
37	0.00740	0.00677	0.00926	0.00841	0.00880	0.03022	0.00678	0.00852	0.00641	0.00944	0.00811	0.01255	0.00779	0.04131	0.40936	0.00403	0.40499	0.00393	0.00197	0.00396
38	0.00757	0.00713	0.01203	0.84942	0.02762	0.00891	0.01114	0.01025	0.00802	0.01025	0.00713	0.01069	0.00535	0.00401	0.00401	0.00134	0.00535	0.00356	0.00178	0.00446
39	0.00573	0.00429	0.00640	0.00640	0.00710	0.00499	0.00495	0.00713	0.00643	0.00927	0.01079	0.01600	0.01013	0.04915	0.82423	0.00639	0.01058	0.00433	0.00215	0.00355
40	0.01013	0.00858	0.00907	0.00814	0.01043	0.00990	0.00634	0.02128	0.81142	0.03224	0.01631	0.01494	0.01220	0.00543	0.00408	0.00136	0.00318	0.00452	0.00410	0.00636
41	0.00939	0.00884	0.01280	0.23554	0.24753	0.04657	0.05949	0.04660	0.17945	0.01319	0.00981	0.03141	0.00791	0.00544	0.03573	0.00148	0.02442	0.00401	0.01488	0.00548
42	0.44039	0.03053	0.11074	0.00735	0.01054	0.00996	0.00676	0.24596	0.01089	0.08165	0.00773	0.00820	0.00559	0.00414	0.00321	0.00122	0.00388	0.00283	0.00300	0.00546
43	0.00556	0.00423	0.00512	0.00488	0.00597	0.00387	0.00366	0.00750	0.03594	0.01468	0.59243	0.03183	0.25224	0.00864	0.00471	0.00129	0.00197	0.00750	0.00422	0.00376
44	0.00489	0.00349	0.00465	0.00558	0.00582	0.00326	0.00372	0.00558	0.00768	0.01024	0.02210	0.85644	0.02653	0.01256	0.00512	0.00163	0.00233	0.01140	0.00372	0.00326
45	0.00970	0.01079	0.08446	0.03070	0.56070	0.02933	0.16015	0.01239	0.00912	0.01283	0.00776	0.01046	0.00641	0.00376	0.00429	0.00125	0.02139	0.01653	0.00199	0.00600
46	0.01042	0.76627	0.11355	0.00738	0.01109	0.01513	0.00776	0.01209	0.00818	0.00981	0.00576	0.00666	0.00514	0.00347	0.00271	0.00090	0.00447	0.00224	0.00171	0.00524
47	0.01787	0.00702	0.00943	0.00723	0.01034	0.00619	0.00597	0.05539	0.01181	0.80050	0.01554	0.01347	0.00979	0.00496	0.00403	0.00124	0.00346	0.00401	0.00492	0.00682
48	0.00565	0.00420	0.00537	0.00588	0.00662	0.00405	0.00442	0.00745	0.05546	0.01210	0.16694	0.39920	0.10870	0.01081	0.00505	0.00157	0.00257	0.18645	0.00386	0.00364
49	0.00659	0.00631	0.09977	0.00607	0.00772	0.00476	0.00524	0.00896	0.06007	0.05966	0.30873	0.18925	0.17938	0.00866	0.00465	0.00137	0.00268	0.03212	0.00383	0.00417
50	0.00583	0.00442	0.00655	0.00649	0.00716	0.00520	0.00503	0.00719	0.00641	0.00926	0.01064	0.01595	0.01005	0.06213	0.78405	0.00619	0.03739	0.00433	0.00215	0.00356
51	0.08230	0.04277	0.01119	0.04325	0.01238	0.55432	0.00744	0.09521	0.01145	0.08001	0.00729	0.00808	0.00567	0.00425	0.00373	0.00110	0.01923	0.00281	0.00250	0.00502
52	0.01023	0.63582	0.21362	0.00802	0.01203	0.01421	0.00876	0.03806	0.00857	0.01071	0.00609	0.00702	0.00518	0.00356	0.00291	0.00097	0.00468	0.00238	0.00178	0.00538
53	0.03554	0.00670	0.00931	0.00838	0.00872	0.00883	0.00676	0.00850	0.00626	0.00965	0.00787	0.01260	0.00771	0.07758	0.32577	0.00366	0.44632	0.00393	0.00198	0.00394
54	0.01621	0.00766	0.00982	0.00799	0.03677	0.00727	0.00631	0.19170	0.01299	0.57294	0.07583	0.01389	0.01125	0.00513	0.00408	0.00123	0.00356	0.00417	0.00462	0.00658
55	0.09264	0.02100	0.03666	0.09721	0.18427	0.07676	0.00838	0.07979	0.00968	0.07030	0.10169	0.01287	0.02167	0.00555	0.01715	0.00138	0.13553	0.01963	0.00268	0.00515
56	0.12981	0.01014	0.03424	0.00776	0.01044	0.15389	0.01747	0.15305	0.04525	0.14539	0.06955	0.04518	0.00976	0.00486	0.00379	0.00113	0.01359	0.00373	0.00327	0.13771

[dist]
# distance from previous block
# <min> <max>
1	58

[block]
# block no. 1 follows, 67 sequences, length 24
# corresponding to MSA columns:
# 274-297
name=unknown_B
#
# <colnr> <probs for GDERKNQSTAVLIFYWHMCP>
#	G	D	E	R	K	N	Q	S	T	A	V	L	I	F	Y	W	H	M	C	P
0	0.04085	0.00997	0.01149	0.03942	0.07916	0.08636	0.04678	0.26743	0.11668	0.19190	0.03664	0.01157	0.00875	0.00475	0.00415	0.00123	0.01946	0.00383	0.00361	0.01599
1	0.06902	0.07015	0.09122	0.09758	0.08014	0.13358	0.05736	0.05434	0.15848	0.04576	0.03046	0.04930	0.00865	0.00468	0.00382	0.00122	0.00468	0.00385	0.00272	0.03300
2	0.00533	0.00387	0.00508	0.00559	0.00621	0.00362	0.00410	0.00656	0.00905	0.01220	0.25346	0.44562	0.08498	0.01094	0.00504	0.00154	0.00238	0.12703	0.00392	0.00348
3	0.03507	0.01171	0.01012	0.00883	0.01123	0.21872	0.00689	0.17104	0.44860	0.01668	0.01224	0.01180	0.00924	0.00495	0.00391	0.00125	0.00442	0.00381	0.00352	0.00596
4	0.00767	0.00657	0.00692	0.00638	0.00789	0.05431	0.00487	0.01280	0.30107	0.01555	0.43137	0.02401	0.09014	0.00714	0.00444	0.00129	0.00267	0.00611	0.00411	0.00471
5	0.00945	0.40590	0.44302	0.00931	0.01400	0.03330	0.01099	0.01247	0.00839	0.01113	0.00643	0.00750	0.00511	0.00364	0.00324	0.00108	0.00521	0.00258	0.00171	0.00554
6	0.01060	0.80755	0.02046	0.00709	0.01031	0.01564	0.00698	0.01186	0.00802	0.00945	0.00556	0.00658	0.00515	0.00366	0.00324	0.00091	0.05788	0.00223	0.00172	0.00510
7	0.00498	0.00399	0.00445	0.00452	0.00561	0.00346	0.00332	0.00616	0.00945	0.01198	0.22367	0.15685	0.52735	0.01005	0.00479	0.00137	0.00204	0.00861	0.00389	0.00346
8	0.00757	0.00713	0.01203	0.84942	0.02762	0.00891	0.01114	0.01025	0.00802	0.01025	0.00713	0.01069	0.00535	0.00401	0.00401	0.00134	0.00535	0.00356	0.00178	0.00446
9	0.00489	0.00349	0.00465	0.00558	0.00582	0.00326	0.00372	0.00558	0.00768	0.01024	0.02210	0.85644	0.02653	0.01256	0.00512	0.00163	0.00233	0.01140	0.00372	0.00326
10	0.01781	0.00711	0.00949	0.00727	0.01038	0.00632	0.00601	0.07181	0.01196	0.78387	0.01542	0.01339	0.00972	0.00495	0.00403	0.00124	0.00348	0.00401	0.00490	0.00682
11	0.00486	0.00407	0.00423	0.00419	0.00549	0.00344	0.00314	0.00599	0.00943	0.01152	0.14419	0.03747	0.72842	0.00990	0.00474	0.00134	0.00201	0.00831	0.00381	0.00344
12	0.09586	0.00830	0.00939	0.00741	0.01037	0.07688	0.00605	0.08350	0.01165	0.62791	0.01359	0.01214	0.00877	0.00477	0.00386	0.00122	0.00379	0.00371	0.00442	0.00642
13	0.01667	0.00732	0.00942	0.00740	0.01038	0.00685	0.00605	0.06277	0.13178	0.67268	0.01556	0.01363	0.01010	0.00503	0.00404	0.00126	0.00343	0.00408	0.00478	0.00675
14	0.00802	0.00758	0.01283	0.69360	0.17996	0.00903	0.01136	0.01064	0.00823	0.01079	0.00721	0.01055	0.00554	0.00393	0.00400	0.00131	0.00524	0.00357	0.00182	0.00481
15	0.03359	0.00834	0.00883	0.00787	0.01008	0.00954	0.00614	0.06913	0.68048	0.01727	0.08996	0.01577	0.01403	0.00561	0.00409	0.00134	0.00313	0.00466	0.00406	0.00609
16	0.01215	0.01463	0.01713	0.01337	0.01629	0.40154	0.38450	0.03201	0.01042	0.01156	0.00712	0.00902	0.00563	0.00393	0.00456	0.00122	0.04417	0.00364	0.00208	0.00504
17	0.00616	0.00489	0.00659	0.00647	0.00708	0.02847	0.00491	0.00734	0.00648	0.00912	0.01060	0.01669	0.01031	0.15005	0.65472	0.00567	0.05438	0.00443	0.00217	0.00348
18	0.00931	0.01118	0.06654	0.01636	0.02043	0.00995	0.75483	0.01272	0.00941	0.01282	0.00842	0.01162	0.00649	0.00361	0.00471	0.00136	0.00663	0.02619	0.00206	0.00539
19	0.00583	0.00389	0.00437	0.00437	0.00437	0.00389	0.00243	0.00583	0.00583	0.00778	0.01264	0.02624	0.01458	0.85906	0.02041	0.00389	0.00389	0.00583	0.00243	0.00243
20	0.00997	0.00973	0.01589	0.06801	0.76317	0.03786	0.01209	0.01232	0.00915	0.01284	0.00748	0.00988	0.00626	0.00362	0.00396	0.00119	0.00488	0.00354	0.00198	0.00619
21	0.00849	0.00767	0.01057	0.00755	0.01119	0.00605	0.12457	0.01050	0.00849	0.01304	0.00727	0.00868	0.00596	0.00303	0.00323	0.00071	0.00353	0.00272	0.00232	0.75442
22	0.00968	0.00709	0.00783	0.00696	0.00885	0.03621	0.00540	0.01586	0.38852	0.12886	0.31384	0.01999	0.02103	0.00634	0.00430	0.00130	0.00288	0.00539	0.00425	0.00542
23	0.01322	0.00766	0.00928	0.00697	0.01026	0.00676	0.00568	0.13343	0.03898	0.34117	0.01125	0.01085	0.00786	0.00411	0.00358	0.00097	0.00336	0.00329	0.00370	0.37760

[dist]
# distance from previous block
# <min> <max>
0	1

[block]
# block no. 2 follows, 67 sequences, length 44
# corresponding to MSA columns:
# 299-342
name=unknown_C
#
# <colnr> <probs for GDERKNQSTAVLIFYWHMCP>
#	G	D	E	R	K	N	Q	S	T	A	V	L	I	F	Y	W	H	M	C	P
0	0.00855	0.00712	0.00834	0.00597	0.00952	0.00536	0.00478	0.01033	0.00839	0.03298	0.00734	0.00845	0.00604	0.00302	0.00300	0.00061	0.00298	0.00242	0.00244	0.86238
1	0.00981	0.00941	0.01608	0.06405	0.79548	0.00950	0.01225	0.01221	0.00908	0.01297	0.00752	0.00996	0.00630	0.00359	0.00397	0.00120	0.00479	0.00357	0.00198	0.00626
2	0.00831	0.06012	0.73878	0.01218	0.07705	0.00964	0.01425	0.01264	0.00850	0.01257	0.00715	0.00848	0.00518	0.00377	0.00376	0.00124	0.00576	0.00297	0.00172	0.00592
3	0.00498	0.00355	0.00476	0.00569	0.00596	0.00333	0.00388	0.00574	0.00777	0.01034	0.02205	0.81021	0.02633	0.01248	0.00514	0.00164	0.00240	0.05674	0.00372	0.00328
4	0.00529	0.00378	0.00512	0.00605	0.00646	0.00361	0.00443	0.00629	0.00808	0.01069	0.02188	0.64659	0.02563	0.01218	0.00523	0.00169	0.00268	0.21722	0.00372	0.00337
5	0.00501	0.00358	0.00480	0.00573	0.00602	0.00337	0.00394	0.00580	0.00780	0.01038	0.02204	0.79197	0.02625	0.01245	0.00515	0.00165	0.00244	0.07464	0.00372	0.00329
6	0.00884	0.01525	0.39164	0.01479	0.05699	0.00974	0.41828	0.01276	0.00900	0.01279	0.00767	0.00971	0.00564	0.00358	0.00428	0.00131	0.00629	0.00388	0.00187	0.00569
7	0.00500	0.00359	0.00477	0.00568	0.00599	0.00336	0.00391	0.00580	0.00784	0.01039	0.02259	0.77100	0.05010	0.01238	0.00514	0.00164	0.00242	0.07139	0.00372	0.00329
8	0.01790	0.00698	0.00940	0.00721	0.01032	0.00612	0.00596	0.04773	0.01174	0.80826	0.01560	0.01351	0.00982	0.00496	0.00403	0.00124	0.00345	0.00402	0.00493	0.00683
9	0.01286	0.00907	0.03437	0.01132	0.01438	0.00871	0.30437	0.06916	0.02084	0.32754	0.01132	0.03677	0.00817	0.00482	0.00540	0.00135	0.10595	0.00440	0.00332	0.00588
10	0.00818	0.06257	0.79761	0.01120	0.01701	0.00964	0.01442	0.01267	0.00845	0.01254	0.00712	0.00837	0.00508	0.00379	0.00375	0.00125	0.00585	0.00292	0.00169	0.00589
11	0.00769	0.00725	0.01224	0.80791	0.06820	0.00894	0.01120	0.01035	0.00808	0.01039	0.00715	0.01065	0.00540	0.00399	0.00401	0.00133	0.00532	0.00356	0.00179	0.00455
12	0.01498	0.01911	0.01137	0.01033	0.01240	0.84295	0.00775	0.01601	0.01137	0.00982	0.00620	0.00723	0.00517	0.00413	0.00362	0.00103	0.00723	0.00258	0.00207	0.00465
13	0.03202	0.01040	0.07520	0.08859	0.49587	0.00994	0.02172	0.17106	0.01090	0.03411	0.00804	0.00984	0.00630	0.00390	0.00395	0.00122	0.00478	0.00353	0.00243	0.00620
14	0.00949	0.00904	0.01535	0.11358	0.71107	0.00922	0.01182	0.01188	0.00911	0.01292	0.04252	0.01086	0.00758	0.00382	0.00401	0.00121	0.00471	0.00373	0.00207	0.00604
15	0.02408	0.00757	0.00914	0.00728	0.04492	0.00641	0.00557	0.08260	0.02902	0.16787	0.00918	0.00962	0.00690	0.00360	0.00332	0.00082	0.00326	0.00289	0.00303	0.57292
16	0.00489	0.00349	0.00465	0.00558	0.00582	0.00326	0.00372	0.00558	0.00768	0.01024	0.02210	0.85644	0.02653	0.01256	0.00512	0.00163	0.00233	0.01140	0.00372	0.00326
17	0.00832	0.00713	0.00832	0.00594	0.00950	0.00535	0.00475	0.01010	0.00832	0.01307	0.00713	0.00832	0.00594	0.00297	0.00297	0.00059	0.00297	0.00238	0.00238	0.88357
18	0.01021	0.00901	0.01487	0.01239	0.11609	0.03439	0.29312	0.01258	0.00935	0.10926	0.02515	0.01042	0.00713	0.00357	0.00390	0.00104	0.00470	0.00365	0.00254	0.31664
19	0.00569	0.00417	0.00539	0.00515	0.00615	0.00380	0.00384	0.00743	0.01074	0.01512	0.67466	0.11597	0.05854	0.00854	0.00471	0.00128	0.00202	0.02148	0.00422	0.04109
20	0.03301	0.00538	0.00705	0.00645	0.00816	0.00493	0.04989	0.03139	0.00966	0.02840	0.15938	0.05030	0.21769	0.00834	0.00464	0.00137	0.00302	0.24180	0.00355	0.12557
21	0.15154	0.00921	0.02644	0.00738	0.01040	0.10253	0.04492	0.07091	0.03828	0.08371	0.00878	0.04936	0.00719	0.00411	0.00337	0.00097	0.00384	0.00323	0.00279	0.37104
22	0.06085	0.00834	0.01195	0.06866	0.15148	0.00889	0.10960	0.10276	0.20940	0.03941	0.01279	0.01816	0.01102	0.00570	0.00432	0.00140	0.00428	0.16230	0.00316	0.00553
23	0.00670	0.00365	0.00546	0.00545	0.00561	0.00378	0.00378	0.00564	0.00560	0.00762	0.02702	0.01328	0.00826	0.01683	0.17061	0.69818	0.00481	0.00372	0.00188	0.00213
24	0.88738	0.00776	0.00589	0.00527	0.00776	0.00900	0.00434	0.01179	0.00683	0.01799	0.00558	0.00651	0.00434	0.00372	0.00248	0.00124	0.00310	0.00217	0.00248	0.00434
25	0.00571	0.00434	0.00535	0.00563	0.00649	0.00419	0.00416	0.00789	0.08644	0.01264	0.23329	0.34600	0.15878	0.01022	0.00490	0.00149	0.00239	0.09239	0.00393	0.00375
26	0.00940	0.01012	0.01237	0.61580	0.02374	0.20602	0.04468	0.01172	0.00887	0.01026	0.00695	0.00988	0.00533	0.00401	0.00395	0.00127	0.00585	0.00338	0.00186	0.00454
27	0.00489	0.00349	0.00465	0.00558	0.00582	0.00326	0.00372	0.00558	0.00768	0.01024	0.02210	0.85644	0.02653	0.01256	0.00512	0.00163	0.00233	0.01140	0.00372	0.00326
28	0.00832	0.00713	0.00832	0.00594	0.00950	0.00535	0.00475	0.01010	0.00832	0.01307	0.00713	0.00832	0.00594	0.00297	0.00297	0.00059	0.00297	0.00238	0.00238	0.88357
29	0.00832	0.00713	0.00832	0.00594	0.00950	0.00535	0.00475	0.01010	0.00832	0.01307	0.00713	0.00832	0.00594	0.00297	0.00297	0.00059	0.00297	0.00238	0.00238	0.88357
30	0.00804	0.02074	0.83828	0.01143	0.01736	0.00931	0.01482	0.01270	0.00847	0.01270	0.00720	0.00847	0.00508	0.00381	0.00381	0.00127	0.00593	0.00296	0.00169	0.00593
31	0.00993	0.00953	0.01628	0.02462	0.83404	0.00953	0.01231	0.01231	0.00913	0.01310	0.00754	0.00993	0.00635	0.00357	0.00397	0.00119	0.00476	0.00357	0.00199	0.00635
32	0.00599	0.00472	0.00659	0.00656	0.00731	0.02882	0.00509	0.00741	0.00659	0.00932	0.01061	0.01551	0.00989	0.02934	0.81931	0.00629	0.01064	0.00425	0.00215	0.00361
33	0.00748	0.00374	0.00374	0.00374	0.00467	0.00374	0.00280	0.00934	0.00841	0.01495	0.01308	0.01495	0.01028	0.00467	0.00280	0.00093	0.00187	0.00374	0.88132	0.00374
34	0.00490	0.00351	0.00464	0.00553	0.00578	0.00327	0.00368	0.00559	0.00768	0.01021	0.02234	0.82257	0.04435	0.02837	0.00540	0.00166	0.00235	0.01123	0.00370	0.00324
35	0.01043	0.00887	0.00949	0.00836	0.01062	0.01031	0.00657	0.09721	0.71471	0.01729	0.01521	0.01419	0.01143	0.00545	0.00446	0.00136	0.03934	0.00440	0.00398	0.00631
36	0.09579	0.00857	0.00945	0.00749	0.01043	0.09206	0.00610	0.08911	0.02323	0.59557	0.01338	0.01202	0.00870	0.00476	0.00385	0.00122	0.00386	0.00369	0.00435	0.00637
37	0.00884	0.00824	0.01370	0.20657	0.52575	0.00867	0.01076	0.01129	0.02487	0.01234	0.05474	0.01229	0.00853	0.04566	0.02981	0.00152	0.00484	0.00393	0.00214	0.00551
38	0.02505	0.44725	0.37473	0.00894	0.01340	0.03636	0.01030	0.02272	0.00849	0.01121	0.00635	0.00738	0.00513	0.00364	0.00316	0.00105	0.00506	0.00253	0.00176	0.00548
39	0.00752	0.00482	0.00606	0.00623	0.03062	0.05159	0.00414	0.03026	0.00637	0.00822	0.00887	0.06860	0.02459	0.02495	0.03595	0.66882	0.00386	0.00412	0.00203	0.00239
40	0.01011	0.36470	0.14454	0.08280	0.03397	0.02135	0.04118	0.10671	0.06756	0.01304	0.05365	0.01052	0.00812	0.00428	0.00348	0.00111	0.00457	0.02052	0.00237	0.00542
41	0.00778	0.04318	0.03017	0.00744	0.04740	0.07064	0.00539	0.10427	0.05501	0.01278	0.05560	0.40821	0.10028	0.02667	0.00488	0.00146	0.00328	0.00783	0.00343	0.00428
42	0.00977	0.30606	0.15678	0.00818	0.02631	0.09656	0.00771	0.09764	0.02221	0.01222	0.02141	0.13095	0.07731	0.00566	0.00366	0.00115	0.00439	0.00445	0.00252	0.00502
43	0.00883	0.29169	0.39148	0.00912	0.02557	0.02935	0.01018	0.02331	0.00846	0.01139	0.00883	0.02647	0.04550	0.00601	0.06261	0.00149	0.00538	0.00321	0.00193	0.02919

[dist]
# distance from previous block
# <min> <max>
0	52

# created by:
# /st0/software/busco_prod/Augustus/scripts/msa2prfl.pl ./align_prep/35459.fa
