[name]
unknown

[dist]
# distance from previous block
# <min> <max>
0	139

[block]
# block no. 0 follows, 61 sequences, length 28
# corresponding to MSA columns:
# 181-208
name=unknown_A
#
# <colnr> <probs for GDERKNQSTAVLIFYWHMCP>
#	G	D	E	R	K	N	Q	S	T	A	V	L	I	F	Y	W	H	M	C	P
0	0.01016	0.03310	0.13191	0.25881	0.15097	0.04250	0.11441	0.02219	0.03392	0.06857	0.00931	0.01255	0.00734	0.00507	0.00504	0.04776	0.00558	0.03283	0.00239	0.00559
1	0.02883	0.01458	0.07385	0.01014	0.01295	0.30149	0.02594	0.10331	0.35130	0.01594	0.01176	0.01172	0.00895	0.00506	0.00416	0.00131	0.00541	0.00385	0.00333	0.00613
2	0.00688	0.00536	0.00562	0.00588	0.00625	0.06746	0.00384	0.00735	0.02546	0.00971	0.01690	0.30969	0.03932	0.34305	0.01315	0.10325	0.00375	0.02084	0.00308	0.00316
3	0.00789	0.00645	0.04327	0.00873	0.07380	0.00638	0.00643	0.05393	0.03615	0.04995	0.02692	0.07040	0.03698	0.06517	0.46638	0.00464	0.00822	0.02090	0.00284	0.00456
4	0.01099	0.10809	0.08692	0.03600	0.04787	0.12401	0.30649	0.06310	0.01019	0.01305	0.00811	0.01082	0.00665	0.03391	0.04139	0.00169	0.07893	0.00404	0.00224	0.00553
5	0.00936	0.00836	0.01150	0.35919	0.08393	0.00979	0.00951	0.01613	0.35403	0.01439	0.01299	0.01599	0.01034	0.00546	0.00445	0.00147	0.00457	0.05965	0.00313	0.00576
6	0.00529	0.00412	0.00476	0.00511	0.00601	0.00365	0.00361	0.00631	0.00933	0.01185	0.11415	0.35125	0.40714	0.03988	0.00581	0.00165	0.00236	0.01008	0.00403	0.00359
7	0.00896	0.00723	0.00990	0.05934	0.17016	0.00744	0.01905	0.17968	0.01147	0.01542	0.05108	0.33896	0.08608	0.00871	0.00487	0.00149	0.00371	0.00775	0.00358	0.00512
8	0.02303	0.03578	0.24589	0.02886	0.26846	0.07568	0.13442	0.01344	0.00975	0.04419	0.00942	0.07418	0.00802	0.00473	0.00435	0.00135	0.00573	0.00436	0.00232	0.00606
9	0.01637	0.01207	0.01293	0.00991	0.01336	0.01336	0.00819	0.80738	0.02025	0.02715	0.01034	0.01034	0.00733	0.00517	0.00431	0.00129	0.00474	0.00388	0.00431	0.00733
10	0.01569	0.01172	0.01254	0.00977	0.01310	0.01304	0.00802	0.71214	0.11661	0.02604	0.01121	0.01104	0.00803	0.00525	0.00432	0.00131	0.00458	0.00400	0.00432	0.00726
11	0.01009	0.02993	0.01358	0.01175	0.04635	0.01317	0.00944	0.07453	0.00788	0.01187	0.00614	0.00949	0.00584	0.00710	0.01265	0.00179	0.71753	0.00375	0.00209	0.00503
12	0.00893	0.00766	0.00893	0.00638	0.01021	0.00574	0.00510	0.01085	0.00893	0.01404	0.00766	0.00893	0.00638	0.00319	0.00319	0.00064	0.00319	0.00255	0.00255	0.87495
13	0.00879	0.00656	0.00731	0.00725	0.00846	0.00584	0.00508	0.04318	0.01182	0.01577	0.21638	0.25216	0.30167	0.07650	0.00757	0.00219	0.00348	0.00983	0.00493	0.00523
14	0.01328	0.00625	0.00810	0.00688	0.00916	0.00572	0.00544	0.01575	0.07758	0.43726	0.16312	0.11658	0.06738	0.00738	0.00465	0.00141	0.00309	0.01954	0.02555	0.00590
15	0.00631	0.00456	0.00582	0.00647	0.00708	0.00444	0.00462	0.07063	0.00942	0.01250	0.02309	0.67631	0.04716	0.01260	0.00544	0.00173	0.00282	0.09113	0.00402	0.00386
16	0.11053	0.00732	0.00792	0.00706	0.00900	0.00766	0.00544	0.25725	0.03319	0.06478	0.01996	0.27398	0.14434	0.02535	0.00497	0.00153	0.00337	0.00722	0.00400	0.00514
17	0.00768	0.00544	0.00619	0.00592	0.00676	0.00557	0.00403	0.09944	0.07067	0.02424	0.06008	0.19406	0.06871	0.39408	0.01270	0.00273	0.00356	0.00731	0.01694	0.00388
18	0.00748	0.00640	0.00880	0.00805	0.00830	0.00815	0.00622	0.00836	0.00661	0.00969	0.00977	0.01706	0.01009	0.24781	0.28376	0.00417	0.33848	0.00473	0.00222	0.00385
19	0.00534	0.00400	0.00498	0.00567	0.00630	0.00364	0.00398	0.00631	0.00892	0.01155	0.06507	0.55925	0.22993	0.01253	0.00540	0.00167	0.00248	0.05535	0.00403	0.00359
20	0.23173	0.00672	0.00718	0.00641	0.00824	0.00698	0.00482	0.08290	0.04420	0.17874	0.01453	0.16345	0.02666	0.18967	0.00795	0.00203	0.00354	0.00571	0.00367	0.00486
21	0.31653	0.00578	0.00548	0.00520	0.00646	0.00612	0.00364	0.00913	0.00738	0.04676	0.01474	0.06815	0.09601	0.37871	0.01166	0.00263	0.00355	0.00542	0.00297	0.00369
22	0.00934	0.00889	0.01510	0.45101	0.40750	0.00989	0.01256	0.01206	0.00918	0.01247	0.00787	0.01109	0.00626	0.00408	0.00429	0.00136	0.00544	0.00383	0.00202	0.00576
23	0.01030	0.00578	0.00708	0.00637	0.00816	0.00541	0.00486	0.04247	0.07537	0.24798	0.13690	0.18946	0.19071	0.04204	0.00553	0.00157	0.00293	0.00752	0.00448	0.00509
24	0.12628	0.00698	0.00824	0.00687	0.00936	0.00674	0.00551	0.08695	0.03388	0.36909	0.10933	0.06809	0.10310	0.02208	0.00470	0.00143	0.00331	0.01773	0.00450	0.00583
25	0.01111	0.00836	0.00970	0.00722	0.01082	0.00721	0.00586	0.16343	0.01140	0.08182	0.00952	0.01123	0.00763	0.00408	0.00360	0.00087	0.00355	0.03422	0.00317	0.60517
26	0.00573	0.00456	0.00508	0.00518	0.00638	0.00405	0.00377	0.03806	0.00991	0.01249	0.08735	0.27496	0.48657	0.01114	0.00514	0.00151	0.00239	0.00959	0.00403	0.02213
27	0.00749	0.00514	0.01979	0.00592	0.00702	0.00470	0.00437	0.04026	0.02480	0.08105	0.33189	0.22314	0.06963	0.14584	0.00779	0.00191	0.00284	0.00810	0.00416	0.00416

[dist]
# distance from previous block
# <min> <max>
0	21

[block]
# block no. 1 follows, 61 sequences, length 8
# corresponding to MSA columns:
# 230-237
name=unknown_B
#
# <colnr> <probs for GDERKNQSTAVLIFYWHMCP>
#	G	D	E	R	K	N	Q	S	T	A	V	L	I	F	Y	W	H	M	C	P
0	0.00805	0.00578	0.00651	0.00622	0.00748	0.00595	0.00452	0.01194	0.22415	0.06243	0.06669	0.08972	0.15294	0.24869	0.00969	0.00226	0.00329	0.05234	0.02688	0.00446
1	0.00615	0.00462	0.00692	0.00692	0.00769	0.00538	0.00538	0.00769	0.00692	0.01000	0.01154	0.01692	0.01077	0.03231	0.83154	0.00692	0.01154	0.00462	0.00231	0.00385
2	0.00598	0.00419	0.00515	0.00563	0.00646	0.00380	0.00406	0.00706	0.00922	0.04171	0.07539	0.45300	0.25568	0.01180	0.00527	0.00162	0.00251	0.06666	0.03104	0.00376
3	0.00682	0.09150	0.00686	0.00550	0.00636	0.00529	0.00387	0.00754	0.00826	0.04267	0.06832	0.28938	0.13676	0.28944	0.01055	0.00239	0.00325	0.00820	0.00341	0.00362
4	0.72736	0.00781	0.00636	0.00564	0.00818	0.00884	0.00461	0.01299	0.00787	0.07699	0.00762	0.00848	0.00575	0.00420	0.00282	0.00130	0.00322	0.00265	0.09251	0.00479
5	0.03224	0.03216	0.00937	0.00793	0.00986	0.07550	0.00618	0.24915	0.09340	0.01668	0.04765	0.10257	0.01368	0.11474	0.10269	0.00237	0.00511	0.05081	0.00352	0.02438
6	0.00802	0.00562	0.00668	0.00645	0.00745	0.00575	0.00465	0.14719	0.04554	0.01352	0.04519	0.28269	0.09976	0.11691	0.00924	0.15327	0.00336	0.03121	0.00355	0.00397
7	0.00633	0.00453	0.00521	0.00501	0.00563	0.00422	0.00315	0.00684	0.00746	0.01011	0.07459	0.09905	0.09105	0.55170	0.01581	0.00315	0.00359	0.00677	0.00301	0.09279

[dist]
# distance from previous block
# <min> <max>
1	8

[block]
# block no. 2 follows, 61 sequences, length 9
# corresponding to MSA columns:
# 246-254
name=unknown_C
#
# <colnr> <probs for GDERKNQSTAVLIFYWHMCP>
#	G	D	E	R	K	N	Q	S	T	A	V	L	I	F	Y	W	H	M	C	P
0	0.10178	0.05567	0.01243	0.05279	0.05954	0.18451	0.00807	0.37690	0.04413	0.01969	0.00903	0.00978	0.00683	0.00472	0.00393	0.00124	0.00516	0.00345	0.03417	0.00618
1	0.00699	0.00492	0.00572	0.00552	0.00594	0.00518	0.00354	0.04503	0.05561	0.01006	0.01336	0.02494	0.01439	0.63632	0.14110	0.00429	0.00526	0.00582	0.00275	0.00327
2	0.00871	0.00733	0.00774	0.00705	0.00908	0.00789	0.00545	0.05610	0.43308	0.01625	0.09217	0.02576	0.29024	0.00778	0.00468	0.00144	0.00295	0.00650	0.00428	0.00553
3	0.01017	0.00706	0.00759	0.00708	0.00859	0.07912	0.00524	0.06831	0.05641	0.15842	0.07503	0.33461	0.01962	0.08632	0.00640	0.00172	0.00356	0.02185	0.00399	0.03893
4	0.00878	0.00994	0.06779	0.01198	0.01431	0.04282	0.28761	0.01106	0.00920	0.01252	0.07607	0.05092	0.09639	0.02797	0.02655	0.00175	0.20458	0.03225	0.00263	0.00491
5	0.00666	0.00463	0.00515	0.00506	0.00528	0.00476	0.00299	0.00775	0.07825	0.00921	0.01393	0.02711	0.01544	0.77351	0.02036	0.00393	0.00411	0.00614	0.00277	0.00299
6	0.00542	0.00460	0.00472	0.00473	0.00616	0.00403	0.00353	0.00712	0.05568	0.01196	0.04072	0.09746	0.71733	0.01080	0.00508	0.00148	0.00227	0.00908	0.00402	0.00381
7	0.00779	0.00589	0.00666	0.00640	0.00787	0.00600	0.00479	0.04987	0.21078	0.04150	0.14921	0.22993	0.21162	0.00932	0.00489	0.00149	0.00271	0.00806	0.03044	0.00477
8	0.00602	0.00462	0.00555	0.00554	0.00661	0.00435	0.00407	0.00831	0.07251	0.01454	0.38886	0.21385	0.22887	0.01014	0.00512	0.00148	0.00228	0.00888	0.00437	0.00405

[dist]
# distance from previous block
# <min> <max>
0	1

[block]
# block no. 3 follows, 61 sequences, length 27
# corresponding to MSA columns:
# 256-282
name=unknown_D
#
# <colnr> <probs for GDERKNQSTAVLIFYWHMCP>
#	G	D	E	R	K	N	Q	S	T	A	V	L	I	F	Y	W	H	M	C	P
0	0.00600	0.00455	0.00523	0.00524	0.00650	0.00407	0.00396	0.00764	0.03195	0.03545	0.21639	0.13578	0.45046	0.01051	0.00515	0.00150	0.00237	0.05911	0.00421	0.00393
1	0.00522	0.00385	0.00490	0.00574	0.00618	0.00352	0.00388	0.00603	0.00850	0.01110	0.02692	0.71711	0.15513	0.01308	0.00543	0.00170	0.00245	0.01174	0.00400	0.00352
2	0.00612	0.00433	0.00544	0.00605	0.00671	0.00411	0.00419	0.00774	0.06291	0.04113	0.03950	0.65587	0.11501	0.01231	0.00533	0.00168	0.00256	0.01103	0.00409	0.00389
3	0.00597	0.00461	0.00640	0.00802	0.09682	0.00435	0.00492	0.00706	0.00892	0.01199	0.11148	0.56310	0.09569	0.04224	0.00588	0.00172	0.00277	0.01032	0.00382	0.00391
4	0.01828	0.00874	0.01083	0.00834	0.01168	0.00845	0.00688	0.24735	0.03253	0.57716	0.01509	0.01345	0.00976	0.00530	0.00433	0.00132	0.00397	0.00421	0.00502	0.00732
5	0.11725	0.00631	0.00784	0.00663	0.00875	0.00599	0.01879	0.02585	0.02451	0.34315	0.18772	0.07966	0.03537	0.09363	0.00620	0.00166	0.00326	0.00572	0.01634	0.00539
6	0.01120	0.75907	0.11191	0.00792	0.01190	0.01626	0.00832	0.01298	0.00879	0.01052	0.00618	0.00715	0.00552	0.00373	0.00291	0.00097	0.00480	0.00240	0.00184	0.00562
7	0.00626	0.00418	0.00470	0.00470	0.00470	0.00418	0.00261	0.00626	0.00626	0.00835	0.01357	0.02819	0.01566	0.84862	0.02192	0.00418	0.00418	0.00626	0.00261	0.00261
8	0.00669	0.00427	0.00640	0.00640	0.00686	0.00473	0.00473	0.00686	0.00640	0.00899	0.00991	0.01539	0.00945	0.02536	0.50523	0.35449	0.00842	0.00427	0.00213	0.00305
9	0.01052	0.01067	0.00846	0.00791	0.00941	0.27848	0.00580	0.09982	0.05374	0.01290	0.04004	0.19672	0.10267	0.12091	0.02108	0.00184	0.00487	0.00639	0.00327	0.00451
10	0.00845	0.00695	0.00767	0.00718	0.00891	0.00752	0.00545	0.04024	0.40968	0.01625	0.17129	0.15317	0.12304	0.00823	0.00478	0.00148	0.00289	0.00708	0.00434	0.00539
11	0.01061	0.01039	0.01837	0.02552	0.73291	0.01031	0.10135	0.01328	0.00985	0.01404	0.00817	0.01077	0.00679	0.00382	0.00436	0.00130	0.00536	0.00398	0.00214	0.00671
12	0.01609	0.02053	0.01221	0.01110	0.01332	0.83132	0.00832	0.01720	0.01221	0.01054	0.00666	0.00777	0.00555	0.00444	0.00388	0.00111	0.00777	0.00277	0.00222	0.00499
13	0.00523	0.00435	0.00457	0.00456	0.00591	0.00369	0.00340	0.00643	0.01008	0.01236	0.14484	0.06699	0.69134	0.01072	0.00510	0.00145	0.00217	0.00903	0.00410	0.00369
14	0.01461	0.01097	0.01082	0.00883	0.01150	0.11388	0.00698	0.39561	0.09939	0.12893	0.01221	0.02714	0.00954	0.09906	0.00621	0.00161	0.00466	0.00431	0.02743	0.00630
15	0.87904	0.00833	0.00633	0.00566	0.00833	0.00966	0.00467	0.01266	0.00733	0.01933	0.00600	0.00700	0.00467	0.00400	0.00267	0.00133	0.00333	0.00233	0.00267	0.00467
16	0.00813	0.00766	0.01292	0.83826	0.02967	0.00957	0.01196	0.01101	0.00861	0.01101	0.00766	0.01148	0.00574	0.00431	0.00431	0.00144	0.00574	0.00383	0.00191	0.00479
17	0.00835	0.00749	0.01222	0.06558	0.44894	0.00750	0.00945	0.01020	0.00911	0.01266	0.01434	0.34521	0.01544	0.00773	0.00476	0.00148	0.00411	0.00721	0.00287	0.00537
18	0.00543	0.00388	0.00521	0.00621	0.00654	0.00366	0.00432	0.00632	0.00843	0.01120	0.02364	0.75925	0.02809	0.01332	0.00555	0.00177	0.00266	0.09698	0.00400	0.00355
19	0.00601	0.00440	0.00564	0.00533	0.00638	0.00403	0.00400	0.00796	0.01199	0.01679	0.75239	0.03298	0.10803	0.00899	0.00508	0.00136	0.00205	0.00790	0.00468	0.00403
20	0.45473	0.00984	0.01511	0.01146	0.01476	0.01037	0.36099	0.01307	0.00856	0.01648	0.00719	0.00916	0.00554	0.00399	0.00424	0.00141	0.04190	0.00362	0.00241	0.00518
21	0.00562	0.00482	0.03578	0.00684	0.00751	0.00411	0.04473	0.00667	0.00837	0.01123	0.02241	0.77358	0.02655	0.01266	0.00543	0.00172	0.00288	0.01156	0.00383	0.00372
22	0.00813	0.00766	0.01292	0.83826	0.02967	0.00957	0.01196	0.01101	0.00861	0.01101	0.00766	0.01148	0.00574	0.00431	0.00431	0.00144	0.00574	0.00383	0.00191	0.00479
23	0.00748	0.00374	0.00561	0.00561	0.00561	0.00374	0.00374	0.00561	0.00561	0.00748	0.00748	0.01309	0.00748	0.01496	0.01684	0.87467	0.00374	0.00374	0.00187	0.00187
24	0.00847	0.00467	0.00642	0.00609	0.00647	0.00481	0.00424	0.09473	0.00724	0.00967	0.00780	0.01279	0.00746	0.01388	0.01544	0.77759	0.00385	0.00376	0.00214	0.00248
25	0.01029	0.01091	0.00930	0.00871	0.01005	0.30931	0.00668	0.03788	0.00928	0.01076	0.00948	0.01322	0.00860	0.03483	0.44949	0.00433	0.04625	0.00391	0.00233	0.00440
26	0.01074	0.46620	0.33469	0.00956	0.01418	0.07537	0.01077	0.01351	0.00914	0.01153	0.00672	0.00782	0.00550	0.00390	0.00337	0.00111	0.00553	0.00268	0.00186	0.00581

[dist]
# distance from previous block
# <min> <max>
0	23

[block]
# block no. 4 follows, 61 sequences, length 9
# corresponding to MSA columns:
# 310-318
name=unknown_E
#
# <colnr> <probs for GDERKNQSTAVLIFYWHMCP>
#	G	D	E	R	K	N	Q	S	T	A	V	L	I	F	Y	W	H	M	C	P
0	0.12549	0.01292	0.06360	0.05820	0.09812	0.14687	0.02833	0.30576	0.08714	0.01912	0.00924	0.01006	0.00694	0.00467	0.00403	0.00130	0.00520	0.00357	0.00319	0.00626
1	0.00941	0.07065	0.00902	0.00683	0.00924	0.03459	0.00544	0.04516	0.20189	0.06097	0.17468	0.02131	0.16428	0.00661	0.00429	0.00123	0.00318	0.00546	0.00384	0.16190
2	0.00668	0.00397	0.00522	0.00540	0.00547	0.00393	0.00346	0.00606	0.00640	0.00852	0.01270	0.13055	0.01424	0.34692	0.01691	0.37607	0.00376	0.03876	0.00253	0.00247
3	0.00896	0.00749	0.00934	0.05988	0.12092	0.03055	0.00677	0.10094	0.14160	0.01718	0.37320	0.02278	0.06869	0.00697	0.00469	0.00136	0.00337	0.00603	0.00400	0.00530
4	0.00625	0.00423	0.00495	0.00495	0.00504	0.00432	0.00293	0.00643	0.00634	0.00854	0.01334	0.02689	0.01510	0.75464	0.11513	0.00449	0.00502	0.00607	0.00258	0.00275
5	0.00864	0.02228	0.82630	0.01228	0.01864	0.01000	0.01592	0.01364	0.00909	0.01364	0.00773	0.00909	0.00546	0.00409	0.00409	0.00136	0.00637	0.00318	0.00182	0.00637
6	0.01494	0.01174	0.01210	0.00968	0.01282	0.04942	0.00785	0.57540	0.21870	0.02412	0.01198	0.01166	0.00870	0.00531	0.00431	0.00133	0.00454	0.00408	0.00423	0.00709
7	0.01107	0.00620	0.00858	0.00755	0.00911	0.00663	0.00600	0.03888	0.00928	0.27378	0.04122	0.04668	0.01197	0.05273	0.35649	0.00389	0.09647	0.00487	0.00346	0.00512
8	0.01161	0.26746	0.01845	0.01865	0.47530	0.05003	0.01082	0.07439	0.01040	0.01372	0.00756	0.00936	0.00641	0.00392	0.00379	0.00116	0.00505	0.00332	0.00222	0.00638

[dist]
# distance from previous block
# <min> <max>
2	7

[block]
# block no. 5 follows, 61 sequences, length 67
# corresponding to MSA columns:
# 326-392
name=unknown_F
#
# <colnr> <probs for GDERKNQSTAVLIFYWHMCP>
#	G	D	E	R	K	N	Q	S	T	A	V	L	I	F	Y	W	H	M	C	P
0	0.00881	0.00932	0.10153	0.36586	0.01953	0.00808	0.00936	0.02715	0.00909	0.02732	0.00862	0.01087	0.02318	0.00406	0.00399	0.00112	0.01490	0.00338	0.00230	0.34152
1	0.04182	0.00661	0.02988	0.00679	0.00901	0.00581	0.02454	0.02104	0.00844	0.04040	0.05242	0.03667	0.02049	0.10679	0.25727	0.00312	0.00598	0.00433	0.00275	0.31585
2	0.10238	0.00483	0.00483	0.00474	0.00626	0.00440	0.00363	0.00722	0.00985	0.01324	0.13705	0.03664	0.60944	0.00990	0.00484	0.00144	0.00234	0.02923	0.00394	0.00381
3	0.01610	0.02034	0.01222	0.01107	0.01332	0.81261	0.00832	0.03528	0.01239	0.01092	0.00674	0.00783	0.00559	0.00446	0.00389	0.00111	0.00770	0.00280	0.00227	0.00505
4	0.03230	0.00764	0.00898	0.00650	0.01025	0.00591	0.00523	0.01200	0.00926	0.10234	0.00863	0.00951	0.00680	0.00344	0.00330	0.00073	0.00325	0.00274	0.00286	0.75834
5	0.00543	0.00455	0.00475	0.00480	0.00616	0.00400	0.00356	0.00708	0.05186	0.01204	0.05882	0.12928	0.67090	0.01088	0.00510	0.00149	0.00228	0.00919	0.00404	0.00380
6	0.01152	0.85121	0.02257	0.00737	0.01106	0.01704	0.00737	0.01290	0.00875	0.01013	0.00599	0.00691	0.00553	0.00369	0.00276	0.00092	0.00461	0.00230	0.00184	0.00553
7	0.01521	0.01132	0.01271	0.10185	0.01499	0.01264	0.00850	0.67856	0.03233	0.03632	0.01029	0.01076	0.00736	0.00561	0.02029	0.00142	0.00494	0.00391	0.00402	0.00697
8	0.01002	0.00964	0.01542	0.11662	0.61008	0.04018	0.01187	0.01243	0.00980	0.01359	0.05341	0.05880	0.00973	0.00473	0.00437	0.00132	0.00497	0.00449	0.00236	0.00618
9	0.00565	0.00409	0.00511	0.00546	0.00616	0.00377	0.00384	0.00687	0.00965	0.01308	0.27046	0.39152	0.15157	0.05514	0.00609	0.00169	0.00240	0.02089	0.03288	0.00367
10	0.00626	0.00418	0.00470	0.00470	0.00470	0.00418	0.00261	0.00626	0.00626	0.00835	0.01357	0.02819	0.01566	0.84862	0.02192	0.00418	0.00418	0.00626	0.00261	0.00261
11	0.00748	0.00374	0.00561	0.00561	0.00561	0.00374	0.00374	0.00561	0.00561	0.00748	0.00748	0.01309	0.00748	0.01496	0.01684	0.87467	0.00374	0.00374	0.00187	0.00187
12	0.00721	0.00484	0.00618	0.00623	0.00702	0.00496	0.00450	0.00895	0.12094	0.02991	0.03020	0.19682	0.11850	0.03451	0.10098	0.27319	0.00409	0.03415	0.00321	0.00361
13	0.10803	0.00829	0.00905	0.00782	0.00994	0.00896	0.00616	0.36083	0.03521	0.04191	0.03476	0.19509	0.01437	0.06077	0.00592	0.02275	0.00385	0.05691	0.00391	0.00546
14	0.00644	0.00476	0.00611	0.00682	0.00762	0.00475	0.00523	0.00883	0.08973	0.01265	0.04630	0.42435	0.05367	0.01179	0.00546	0.00176	0.00305	0.27536	0.02130	0.00402
15	0.00615	0.00462	0.00692	0.00692	0.00769	0.00538	0.00538	0.00769	0.00692	0.01000	0.01154	0.01692	0.01077	0.03231	0.83154	0.00692	0.01154	0.00462	0.00231	0.00385
16	0.11090	0.00566	0.00673	0.00636	0.00786	0.00555	0.00478	0.05453	0.02685	0.15986	0.19443	0.33514	0.04608	0.00921	0.00477	0.00150	0.00284	0.00799	0.00427	0.00473
17	0.01263	0.00903	0.01196	0.00968	0.01256	0.00951	0.12199	0.08433	0.40066	0.18960	0.05242	0.01540	0.01239	0.00547	0.00446	0.00140	0.00402	0.00481	0.03106	0.00661
18	0.00851	0.00729	0.00842	0.00616	0.00972	0.00551	0.00490	0.01033	0.00903	0.01377	0.01165	0.01255	0.09679	0.00405	0.00340	0.00073	0.00308	0.00328	0.00271	0.77813
19	0.05701	0.00581	0.00719	0.00624	0.00821	0.00537	0.00487	0.01311	0.04712	0.30057	0.28032	0.07259	0.13771	0.02808	0.00509	0.00146	0.00284	0.00656	0.00462	0.00524
20	0.00875	0.00500	0.00640	0.00602	0.00738	0.00456	0.00454	0.02170	0.01068	0.18189	0.27927	0.19280	0.12772	0.07149	0.00629	0.00168	0.00279	0.05211	0.00441	0.00451
21	0.00748	0.00374	0.00561	0.00561	0.00561	0.00374	0.00374	0.00561	0.00561	0.00748	0.00748	0.01309	0.00748	0.01496	0.01684	0.87467	0.00374	0.00374	0.00187	0.00187
22	0.14192	0.00531	0.00585	0.00561	0.00713	0.00512	0.00428	0.00959	0.02021	0.10485	0.16261	0.14286	0.25326	0.04792	0.00547	0.00159	0.00275	0.05108	0.01830	0.00428
23	0.00634	0.00449	0.00569	0.00546	0.00650	0.00416	0.00404	0.00827	0.02665	0.03565	0.60752	0.10804	0.11391	0.03718	0.00565	0.00150	0.00223	0.00814	0.00454	0.00405
24	0.00613	0.00410	0.00499	0.00537	0.00556	0.00398	0.00337	0.00652	0.00726	0.02352	0.01787	0.34109	0.02082	0.48329	0.01474	0.00312	0.00352	0.03845	0.00324	0.00308
25	0.52412	0.00854	0.00823	0.00678	0.00974	0.00921	0.00560	0.11950	0.01043	0.24659	0.00966	0.00959	0.00670	0.00453	0.00335	0.00133	0.00361	0.00310	0.00363	0.00576
26	0.00551	0.00425	0.00478	0.00485	0.00580	0.00379	0.00341	0.00654	0.00943	0.01205	0.18276	0.15091	0.42196	0.15520	0.00805	0.00195	0.00254	0.00880	0.00390	0.00352
27	0.00667	0.00487	0.00609	0.00648	0.00725	0.00485	0.00476	0.05278	0.05369	0.01303	0.10474	0.41796	0.04719	0.09871	0.00711	0.00195	0.00306	0.15092	0.00396	0.00395
28	0.01331	0.00616	0.00737	0.00621	0.00841	0.00592	0.00495	0.03114	0.10010	0.36175	0.01563	0.01536	0.01104	0.00525	0.00375	0.00120	0.00292	0.00424	0.38947	0.00580
29	0.00551	0.00414	0.00502	0.00533	0.00610	0.00375	0.00376	0.00664	0.00955	0.01257	0.22480	0.34492	0.25542	0.07164	0.00647	0.00175	0.00244	0.02250	0.00408	0.00362
30	0.00538	0.00387	0.00489	0.00565	0.00598	0.00361	0.00373	0.00605	0.00813	0.01069	0.02433	0.64799	0.10726	0.13163	0.00779	0.00206	0.00270	0.01108	0.00380	0.00339
31	0.10646	0.00954	0.01605	0.22837	0.43421	0.01008	0.10807	0.01267	0.00927	0.01385	0.00783	0.01058	0.00628	0.00395	0.00420	0.00135	0.00534	0.00382	0.00214	0.00595
32	0.00666	0.00420	0.00514	0.00539	0.00569	0.00404	0.00339	0.00706	0.00742	0.05910	0.01780	0.35037	0.02042	0.46735	0.01436	0.00304	0.00348	0.00851	0.00332	0.00325
33	0.00980	0.01413	0.26734	0.05462	0.34165	0.01034	0.19688	0.01333	0.00956	0.01368	0.00806	0.01041	0.00627	0.00396	0.00459	0.00136	0.02174	0.00392	0.00203	0.00632
34	0.00591	0.00407	0.00483	0.00511	0.00529	0.00395	0.00312	0.00628	0.00729	0.00972	0.05919	0.27052	0.05085	0.52722	0.01557	0.00321	0.00350	0.00822	0.00318	0.00299
35	0.00540	0.00406	0.00476	0.00519	0.00584	0.00368	0.00351	0.00618	0.00858	0.01098	0.05671	0.39969	0.29820	0.15715	0.00819	0.00205	0.00266	0.00997	0.00378	0.00341
36	0.00858	0.00626	0.00818	0.00750	0.00882	0.00709	0.00588	0.18083	0.02862	0.01368	0.01107	0.01515	0.00980	0.02433	0.56357	0.07976	0.00921	0.00439	0.00275	0.00450
37	0.00546	0.00386	0.00502	0.00584	0.00609	0.00365	0.00387	0.00616	0.00807	0.01078	0.03841	0.68718	0.02673	0.13771	0.00795	0.00211	0.00278	0.03115	0.00381	0.00339
38	0.00605	0.00471	0.00527	0.00535	0.00638	0.00443	0.00381	0.02787	0.05960	0.01230	0.09709	0.22258	0.37199	0.13268	0.00758	0.00191	0.00270	0.02003	0.00389	0.00379
39	0.03416	0.00399	0.00499	0.00577	0.00625	0.00374	0.00392	0.00629	0.00846	0.01147	0.04493	0.69838	0.11580	0.02317	0.00555	0.00172	0.00250	0.01138	0.00396	0.00356
40	0.00621	0.00454	0.00561	0.00531	0.00648	0.00414	0.00399	0.00822	0.02756	0.03136	0.61215	0.04571	0.20428	0.00920	0.00506	0.00138	0.00213	0.00801	0.00458	0.00408
41	0.05512	0.00503	0.00588	0.00564	0.00708	0.00465	0.00424	0.02073	0.01943	0.12728	0.17059	0.21279	0.27894	0.02092	0.00511	0.00151	0.00260	0.02181	0.02631	0.00435
42	0.00582	0.00439	0.00546	0.00558	0.00652	0.00417	0.00418	0.00718	0.00956	0.01265	0.23435	0.11963	0.26492	0.08625	0.12584	0.00254	0.00388	0.08955	0.00383	0.00371
43	0.12250	0.00745	0.00905	0.00717	0.01012	0.00706	0.00587	0.08960	0.01207	0.54588	0.03308	0.01389	0.01036	0.00520	0.00400	0.00129	0.00350	0.00409	0.10126	0.00656
44	0.06548	0.00485	0.00551	0.00537	0.00667	0.00456	0.00403	0.00855	0.03927	0.04238	0.32514	0.13610	0.28918	0.00951	0.00489	0.00144	0.00236	0.01910	0.02150	0.00410
45	0.12953	0.00698	0.00727	0.00635	0.00817	0.00746	0.00488	0.17705	0.08394	0.04898	0.09109	0.01885	0.05594	0.14750	0.00693	0.00176	0.00335	0.01364	0.17539	0.00492
46	0.00529	0.00378	0.00504	0.00604	0.00631	0.00353	0.00407	0.00607	0.00829	0.01104	0.02372	0.82710	0.02840	0.01346	0.00551	0.00175	0.00253	0.03055	0.00400	0.00351
47	0.01221	0.01189	0.10140	0.00956	0.01266	0.05076	0.00829	0.24137	0.43644	0.01957	0.01407	0.01436	0.01068	0.00559	0.00436	0.00140	0.00434	0.03036	0.00396	0.00673
48	0.35530	0.00676	0.00665	0.00626	0.00814	0.00726	0.00490	0.06912	0.04235	0.05323	0.08093	0.18515	0.08576	0.01596	0.00431	0.00150	0.00313	0.05506	0.00361	0.00463
49	0.00808	0.00588	0.00715	0.00683	0.00797	0.00646	0.00507	0.01208	0.28782	0.01210	0.01566	0.03212	0.09247	0.01455	0.16125	0.30739	0.00488	0.00498	0.00308	0.00416
50	0.01543	0.01954	0.01367	0.01188	0.01434	0.74015	0.09697	0.01682	0.01198	0.01090	0.00689	0.00820	0.00566	0.00435	0.00402	0.00115	0.00771	0.00303	0.00221	0.00508
51	0.01489	0.00740	0.00938	0.00781	0.01049	0.00730	0.00628	0.01936	0.22729	0.47689	0.03199	0.02976	0.01241	0.00876	0.09632	0.00201	0.00443	0.01592	0.00469	0.00663
52	0.00651	0.00511	0.00760	0.00756	0.00834	0.00566	0.03224	0.00803	0.00811	0.01130	0.06344	0.18005	0.01792	0.02074	0.38402	0.00414	0.07260	0.14966	0.00304	0.00395
53	0.46346	0.00785	0.00810	0.00663	0.00962	0.00805	0.00547	0.01669	0.00975	0.40866	0.01131	0.01070	0.00756	0.00464	0.00347	0.00133	0.00349	0.00330	0.00395	0.00595
54	0.00624	0.00425	0.00510	0.00510	0.00523	0.00439	0.00311	0.00652	0.00638	0.00865	0.01321	0.02617	0.01479	0.70266	0.16668	0.00467	0.00549	0.00597	0.00256	0.00283
55	0.03346	0.00928	0.01165	0.39343	0.01995	0.05304	0.00945	0.07145	0.28081	0.01467	0.01098	0.01253	0.00831	0.00505	0.00476	0.00144	0.04707	0.00408	0.00295	0.00565
56	0.10656	0.02241	0.01170	0.12843	0.27950	0.04802	0.02537	0.06149	0.00987	0.01508	0.00998	0.05495	0.00844	0.00479	0.00386	0.00126	0.00432	0.00410	0.19445	0.00541
57	0.00831	0.00428	0.00431	0.00421	0.00529	0.00432	0.00318	0.03641	0.00940	0.01643	0.01393	0.01587	0.01092	0.00502	0.00305	0.00101	0.00210	0.00401	0.84382	0.00412
58	0.02825	0.68628	0.04475	0.00757	0.01094	0.04353	0.00739	0.01249	0.00865	0.01042	0.00668	0.00812	0.00609	0.00691	0.09494	0.00162	0.00551	0.00260	0.00192	0.00533
59	0.02597	0.01111	0.01643	0.13261	0.55061	0.10148	0.05583	0.03007	0.01011	0.01362	0.00793	0.01043	0.00649	0.00399	0.00425	0.00129	0.00558	0.00376	0.00217	0.00626
60	0.00684	0.00401	0.00539	0.00539	0.00547	0.00410	0.00347	0.00611	0.00602	0.00811	0.01040	0.01962	0.01115	0.35397	0.10942	0.42627	0.00478	0.00486	0.00222	0.00239
61	0.28827	0.19698	0.17606	0.01018	0.10189	0.04249	0.00883	0.06078	0.00937	0.04214	0.00737	0.00870	0.00586	0.02037	0.00372	0.00129	0.00470	0.00291	0.00242	0.00565
62	0.10637	0.00884	0.01233	0.01495	0.35994	0.00812	0.00855	0.01207	0.00913	0.01464	0.00766	0.00946	0.00638	0.00356	0.00360	0.00099	0.00404	0.00308	0.00238	0.40390
63	0.09905	0.02479	0.01130	0.00890	0.01197	0.17193	0.04100	0.12968	0.02960	0.39976	0.01274	0.01204	0.01773	0.00498	0.00410	0.00129	0.00475	0.00383	0.00409	0.00646
64	0.01397	0.07329	0.08497	0.01161	0.06419	0.35029	0.05750	0.05690	0.06831	0.11117	0.02244	0.01027	0.00751	0.00473	0.00453	0.00125	0.04493	0.00351	0.00281	0.00582
65	0.09379	0.13346	0.10406	0.01078	0.06060	0.20122	0.04947	0.10350	0.13817	0.01514	0.01953	0.02663	0.00788	0.00474	0.00399	0.00126	0.01354	0.00361	0.00279	0.00584
66	0.04959	0.00900	0.05659	0.00792	0.01028	0.06954	0.04559	0.16363	0.02087	0.09834	0.08591	0.10765	0.15153	0.06218	0.00572	0.00157	0.00402	0.02386	0.00373	0.02247

[dist]
# distance from previous block
# <min> <max>
7	26

[block]
# block no. 6 follows, 61 sequences, length 7
# corresponding to MSA columns:
# 425-431
name=unknown_G
#
# <colnr> <probs for GDERKNQSTAVLIFYWHMCP>
#	G	D	E	R	K	N	Q	S	T	A	V	L	I	F	Y	W	H	M	C	P
0	0.00920	0.00766	0.01002	0.27215	0.06174	0.08360	0.02447	0.01108	0.00952	0.08603	0.03632	0.13612	0.05126	0.06179	0.00588	0.00169	0.00467	0.11906	0.00308	0.00466
1	0.00611	0.00415	0.00523	0.00564	0.00613	0.00396	0.00381	0.00687	0.00818	0.03793	0.06291	0.42337	0.09564	0.23092	0.05631	0.00262	0.00347	0.02967	0.00362	0.00347
2	0.11255	0.00962	0.01065	0.00853	0.01142	0.04331	0.02969	0.31429	0.05023	0.23892	0.03759	0.01431	0.01020	0.05876	0.00533	0.00152	0.00428	0.02830	0.00415	0.00636
3	0.03052	0.01002	0.01310	0.47488	0.06869	0.11352	0.04578	0.06269	0.07981	0.04649	0.00897	0.01133	0.00673	0.00449	0.00426	0.00137	0.00562	0.00383	0.00250	0.00541
4	0.00578	0.00419	0.00510	0.00530	0.00594	0.00391	0.00365	0.00681	0.00920	0.01230	0.25111	0.24317	0.16320	0.22142	0.00945	0.00220	0.00279	0.03714	0.00386	0.00348
5	0.05019	0.01283	0.01651	0.03468	0.01634	0.24490	0.33192	0.04715	0.03919	0.05915	0.02733	0.01129	0.00761	0.00571	0.03056	0.04591	0.00659	0.00415	0.00259	0.00538
6	0.09100	0.01076	0.01057	0.00828	0.01152	0.09071	0.00665	0.34004	0.04716	0.01956	0.00910	0.01010	0.00709	0.02953	0.00428	0.00116	0.00433	0.00331	0.00333	0.29152

[dist]
# distance from previous block
# <min> <max>
0	12

# created by:
# /st0/software/busco_prod/Augustus/scripts/msa2prfl.pl ./align_prep/35478.fa
