[name]
unknown

[dist]
# distance from previous block
# <min> <max>
3	78

[block]
# block no. 0 follows, 72 sequences, length 7
# corresponding to MSA columns:
# 102-108
name=unknown_A
#
# <colnr> <probs for GDERKNQSTAVLIFYWHMCP>
#	G	D	E	R	K	N	Q	S	T	A	V	L	I	F	Y	W	H	M	C	P
0	0.04510	0.04690	0.05506	0.00929	0.05644	0.05422	0.13996	0.11849	0.08314	0.11351	0.07596	0.04227	0.02343	0.04127	0.02819	0.00140	0.00425	0.00418	0.02711	0.02983
1	0.07865	0.05674	0.05173	0.03321	0.07552	0.13040	0.02956	0.06467	0.04672	0.09512	0.12153	0.08615	0.01186	0.00554	0.02036	0.00121	0.00401	0.00418	0.00287	0.07998
2	0.07682	0.08080	0.07037	0.07450	0.03820	0.09974	0.05910	0.03897	0.03262	0.04367	0.03738	0.05501	0.02605	0.04048	0.00441	0.00119	0.03124	0.01991	0.03189	0.13765
3	0.05906	0.11706	0.12338	0.02861	0.06100	0.03186	0.03783	0.09319	0.02475	0.12812	0.03917	0.08846	0.00888	0.00481	0.00402	0.00113	0.04923	0.00385	0.00271	0.09290
4	0.05444	0.20824	0.08520	0.00950	0.11736	0.00936	0.04564	0.04674	0.07002	0.06021	0.01048	0.01176	0.06936	0.00814	0.13553	0.00189	0.04533	0.00354	0.00235	0.00491
5	0.01044	0.33139	0.07944	0.06542	0.07403	0.09242	0.04194	0.11687	0.04797	0.03500	0.00773	0.04513	0.00653	0.00404	0.00328	0.00103	0.00447	0.00314	0.00225	0.02747
6	0.03948	0.11954	0.07466	0.00691	0.02563	0.03932	0.00584	0.08684	0.10914	0.04879	0.18637	0.10266	0.05868	0.00586	0.00375	0.00113	0.00322	0.00486	0.00314	0.07418

[dist]
# distance from previous block
# <min> <max>
0	1

[block]
# block no. 1 follows, 72 sequences, length 77
# corresponding to MSA columns:
# 110-186
name=unknown_B
#
# <colnr> <probs for GDERKNQSTAVLIFYWHMCP>
#	G	D	E	R	K	N	Q	S	T	A	V	L	I	F	Y	W	H	M	C	P
0	0.00721	0.03667	0.00722	0.00663	0.04912	0.00545	0.01534	0.08866	0.02528	0.04670	0.18050	0.21617	0.15778	0.00771	0.00434	0.00124	0.01556	0.03754	0.00341	0.08747
1	0.00795	0.02338	0.07223	0.31039	0.13780	0.00753	0.01626	0.03400	0.05828	0.05593	0.08734	0.09348	0.05196	0.00532	0.00413	0.00125	0.02091	0.00464	0.00255	0.00468
2	0.03379	0.08562	0.00631	0.00508	0.00633	0.00499	0.00400	0.02957	0.00877	0.03295	0.16183	0.14700	0.29287	0.06211	0.00525	0.00145	0.00256	0.10255	0.00337	0.00358
3	0.00933	0.00971	0.03995	0.19164	0.55365	0.08820	0.01096	0.01177	0.02700	0.01161	0.00711	0.00936	0.00579	0.00356	0.00373	0.00115	0.00484	0.00329	0.00188	0.00548
4	0.00479	0.00386	0.00428	0.00424	0.00538	0.00335	0.00320	0.00601	0.00922	0.01169	0.26667	0.05133	0.56663	0.00915	0.00451	0.00128	0.00194	0.03545	0.00371	0.00332
5	0.00937	0.05521	0.28903	0.00983	0.03637	0.00771	0.12952	0.02047	0.02094	0.15047	0.01043	0.05377	0.00871	0.00483	0.00399	0.00121	0.01475	0.09049	0.00258	0.08030
6	0.00786	0.00674	0.00786	0.00562	0.00899	0.00506	0.00449	0.00955	0.00786	0.01236	0.00674	0.00786	0.00562	0.00281	0.00281	0.00056	0.00281	0.00225	0.00225	0.88990
7	0.00472	0.00406	0.00409	0.00420	0.00533	0.02122	0.00308	0.00565	0.00851	0.01021	0.04657	0.16327	0.68637	0.00981	0.00451	0.00131	0.00207	0.00830	0.00350	0.00321
8	0.00847	0.05002	0.05543	0.10643	0.37846	0.00792	0.03262	0.01065	0.00850	0.02306	0.08778	0.01082	0.00862	0.00379	0.00370	0.00104	0.01507	0.00343	0.00216	0.18204
9	0.00716	0.00674	0.01138	0.85760	0.02612	0.00843	0.01053	0.00969	0.00758	0.00969	0.00674	0.01011	0.00506	0.00379	0.00379	0.00126	0.00506	0.00337	0.00169	0.00421
10	0.02005	0.02462	0.09580	0.00751	0.01796	0.01672	0.01840	0.05350	0.26922	0.10080	0.12906	0.01441	0.04358	0.00510	0.00421	0.00115	0.04902	0.00413	0.00328	0.12147
11	0.43220	0.04599	0.00867	0.00737	0.00950	0.39142	0.00579	0.01291	0.00843	0.01294	0.00553	0.00653	0.00452	0.00378	0.00315	0.00109	0.03150	0.00227	0.00212	0.00427
12	0.00761	0.01962	0.84707	0.01081	0.01641	0.00881	0.01401	0.01201	0.00801	0.01201	0.00681	0.00801	0.00480	0.00360	0.00360	0.00120	0.00560	0.00280	0.00160	0.00560
13	0.01048	0.07173	0.02552	0.00782	0.02603	0.00953	0.00630	0.24415	0.34195	0.01671	0.01097	0.02185	0.00843	0.00441	0.00354	0.00107	0.00344	0.00352	0.00328	0.17931
14	0.00586	0.02356	0.03042	0.02654	0.02010	0.00497	0.05511	0.00773	0.06542	0.01872	0.04154	0.32655	0.27999	0.00889	0.00471	0.00136	0.03074	0.02409	0.00322	0.02047
15	0.00902	0.31749	0.47340	0.00942	0.02585	0.03272	0.02136	0.04972	0.00845	0.01141	0.00637	0.00740	0.00493	0.00352	0.00321	0.00106	0.00502	0.00258	0.00173	0.00535
16	0.00867	0.00807	0.01113	0.11070	0.17024	0.06989	0.10183	0.01260	0.18894	0.03892	0.16255	0.01537	0.05615	0.00506	0.00420	0.00122	0.02212	0.00452	0.00288	0.00496
17	0.00905	0.00860	0.01460	0.02123	0.72585	0.00859	0.03635	0.01142	0.02291	0.01233	0.00877	0.01249	0.01989	0.00405	0.00390	0.00118	0.00442	0.06657	0.00206	0.00574
18	0.00705	0.00656	0.01078	0.67530	0.08919	0.00784	0.00967	0.00946	0.01863	0.01002	0.00967	0.06417	0.05693	0.00462	0.00390	0.00127	0.00462	0.00412	0.00195	0.00425
19	0.01500	0.00716	0.01007	0.08122	0.11613	0.00678	0.00690	0.08640	0.01090	0.59949	0.01278	0.01190	0.00834	0.00444	0.00380	0.00117	0.00362	0.00369	0.00401	0.00621
20	0.00716	0.00674	0.01138	0.85760	0.02612	0.00843	0.01053	0.00969	0.00758	0.00969	0.00674	0.01011	0.00506	0.00379	0.00379	0.00126	0.00506	0.00337	0.00169	0.00421
21	0.00462	0.00330	0.00440	0.00528	0.00550	0.00308	0.00352	0.00528	0.00726	0.00968	0.02090	0.86424	0.02508	0.01188	0.00484	0.00154	0.00220	0.01078	0.00352	0.00308
22	0.00548	0.00444	0.00562	0.00540	0.00651	0.00419	0.03898	0.00769	0.09224	0.01217	0.25703	0.22867	0.28916	0.00891	0.00451	0.00132	0.00227	0.01809	0.00367	0.00365
23	0.00542	0.00406	0.00610	0.00610	0.00677	0.00474	0.00474	0.00677	0.00610	0.00880	0.01016	0.01490	0.00948	0.02844	0.85169	0.00610	0.01016	0.00406	0.00203	0.00339
24	0.00899	0.01012	0.02172	0.01667	0.09731	0.00954	0.75232	0.01210	0.00892	0.01217	0.00762	0.01015	0.00578	0.00321	0.00441	0.00126	0.00622	0.00437	0.00191	0.00520
25	0.01442	0.01062	0.01138	0.00873	0.01176	0.01176	0.00721	0.83041	0.01783	0.02390	0.00911	0.00911	0.00645	0.00455	0.00379	0.00114	0.00417	0.00341	0.00379	0.00645
26	0.00716	0.00674	0.01138	0.85760	0.02612	0.00843	0.01053	0.00969	0.00758	0.00969	0.00674	0.01011	0.00506	0.00379	0.00379	0.00126	0.00506	0.00337	0.00169	0.00421
27	0.00939	0.00901	0.01539	0.02328	0.84306	0.00901	0.01164	0.01164	0.00864	0.01239	0.00713	0.00939	0.00601	0.00338	0.00375	0.00113	0.00451	0.00338	0.00188	0.00601
28	0.00716	0.00674	0.01138	0.85760	0.02612	0.00843	0.01053	0.00969	0.00758	0.00969	0.00674	0.01011	0.00506	0.00379	0.00379	0.00126	0.00506	0.00337	0.00169	0.00421
29	0.89350	0.00733	0.00557	0.00499	0.00733	0.00851	0.00411	0.01115	0.00645	0.01702	0.00528	0.00616	0.00411	0.00352	0.00235	0.00117	0.00293	0.00205	0.00235	0.00411
30	0.00448	0.00384	0.00384	0.00384	0.00512	0.00320	0.00288	0.00544	0.00864	0.01025	0.03842	0.03650	0.84152	0.00960	0.00448	0.00128	0.00192	0.00800	0.00352	0.00320
31	0.00462	0.00330	0.00440	0.00528	0.00550	0.00308	0.00352	0.00528	0.00726	0.00968	0.02090	0.86424	0.02508	0.01188	0.00484	0.00154	0.00220	0.01078	0.00352	0.00308
32	0.00761	0.01962	0.84707	0.01081	0.01641	0.00881	0.01401	0.01201	0.00801	0.01201	0.00681	0.00801	0.00480	0.00360	0.00360	0.00120	0.00560	0.00280	0.00160	0.00560
33	0.01081	0.00853	0.00922	0.00794	0.01026	0.00961	0.00638	0.27013	0.48939	0.03327	0.01390	0.01526	0.01091	0.00546	0.00397	0.00128	0.00342	0.08056	0.00382	0.00591
34	0.01014	0.86900	0.01987	0.00649	0.00973	0.01501	0.00649	0.01136	0.00771	0.00892	0.00527	0.00608	0.00487	0.00324	0.00243	0.00081	0.00406	0.00203	0.00162	0.00487
35	0.00460	0.00338	0.00432	0.00508	0.00545	0.00310	0.00343	0.00530	0.00746	0.00976	0.02337	0.74769	0.14005	0.01156	0.00479	0.00150	0.00216	0.01039	0.00352	0.00310
36	0.00460	0.00337	0.00433	0.00510	0.00545	0.00310	0.00344	0.00530	0.00743	0.00975	0.02310	0.76048	0.12743	0.01160	0.00480	0.00151	0.00217	0.01043	0.00352	0.00310
37	0.00467	0.00334	0.00446	0.00534	0.00558	0.00313	0.00361	0.00537	0.00731	0.00974	0.02087	0.83544	0.02497	0.01183	0.00485	0.00155	0.00225	0.03907	0.00352	0.00309
38	0.02896	0.01057	0.01129	0.00866	0.01169	0.01171	0.00716	0.81686	0.01764	0.02379	0.00904	0.00906	0.00641	0.00454	0.00377	0.00114	0.00415	0.00339	0.00377	0.00641
39	0.23889	0.00724	0.01024	0.48028	0.06269	0.00850	0.03726	0.02167	0.04439	0.04446	0.00715	0.00932	0.00536	0.00378	0.00344	0.00123	0.00435	0.00312	0.00212	0.00451
40	0.00551	0.00370	0.00427	0.00427	0.00431	0.00375	0.00246	0.00560	0.00555	0.00745	0.01183	0.02415	0.01350	0.81008	0.07554	0.00384	0.00411	0.00542	0.00228	0.00237
41	0.01686	0.00671	0.00896	0.00687	0.00981	0.00596	0.00568	0.06862	0.01129	0.79494	0.01460	0.01267	0.00921	0.00469	0.00381	0.00117	0.00329	0.00379	0.00464	0.00645
42	0.01285	0.12128	0.02878	0.01335	0.33708	0.00844	0.00829	0.04307	0.00976	0.36406	0.01026	0.01040	0.00728	0.00396	0.00360	0.00111	0.00392	0.00338	0.00309	0.00605
43	0.00875	0.00943	0.10070	0.06861	0.59123	0.00838	0.02163	0.01128	0.02601	0.02512	0.00896	0.07175	0.02285	0.00421	0.00385	0.00118	0.00441	0.00398	0.00207	0.00559
44	0.00625	0.00532	0.00726	0.02978	0.00794	0.03714	0.00552	0.00752	0.00625	0.00887	0.00911	0.01358	0.00854	0.03711	0.64978	0.00503	0.14559	0.00389	0.00196	0.00355
45	0.00462	0.00330	0.00440	0.00528	0.00550	0.00308	0.00352	0.00528	0.00726	0.00968	0.02090	0.86424	0.02508	0.01188	0.00484	0.00154	0.00220	0.01078	0.00352	0.00308
46	0.02315	0.09545	0.01285	0.03624	0.30916	0.22954	0.00846	0.06107	0.00938	0.02264	0.00703	0.03043	0.00603	0.00391	0.00383	0.00104	0.04129	0.00307	0.00210	0.09335
47	0.02004	0.11212	0.06981	0.01181	0.20067	0.06357	0.02436	0.20794	0.16642	0.01517	0.03588	0.01013	0.00778	0.00427	0.00391	0.00114	0.03314	0.00342	0.00273	0.00567
48	0.00573	0.00404	0.00543	0.00614	0.00673	0.00400	0.00492	0.00695	0.00786	0.01029	0.01870	0.18798	0.02090	0.17217	0.00782	0.00207	0.00329	0.51850	0.00327	0.00319
49	0.03275	0.04159	0.01001	0.00815	0.01059	0.11746	0.00649	0.25516	0.43408	0.02549	0.01175	0.01125	0.00878	0.00470	0.00370	0.00118	0.00387	0.00366	0.00349	0.00585
50	0.00838	0.03695	0.05694	0.07808	0.10848	0.03157	0.03138	0.01034	0.01906	0.09101	0.02627	0.08692	0.02661	0.00679	0.03959	0.00141	0.02808	0.15092	0.00270	0.15853
51	0.02551	0.06194	0.64059	0.01114	0.06809	0.00901	0.04113	0.02933	0.00840	0.04503	0.02149	0.00860	0.00565	0.00369	0.00358	0.00118	0.00524	0.00297	0.00186	0.00556
52	0.00820	0.10875	0.52556	0.01162	0.01642	0.00960	0.22634	0.01190	0.00824	0.01170	0.00712	0.00905	0.00539	0.00359	0.00374	0.00119	0.00560	0.01892	0.00172	0.00536
53	0.00472	0.00338	0.00451	0.00537	0.00566	0.00317	0.00369	0.00546	0.00739	0.00981	0.02117	0.79180	0.03995	0.01174	0.00486	0.00155	0.00229	0.06685	0.00352	0.00311
54	0.00915	0.28631	0.37575	0.00976	0.05968	0.08504	0.03333	0.01188	0.00843	0.02480	0.05728	0.00876	0.00689	0.00376	0.00331	0.00105	0.00491	0.00287	0.00187	0.00516
55	0.00785	0.04514	0.74295	0.01185	0.09402	0.00902	0.01355	0.01196	0.00806	0.01195	0.00679	0.00808	0.00492	0.00357	0.00358	0.00118	0.00545	0.00283	0.00163	0.00562
56	0.00542	0.00405	0.00600	0.00600	0.00665	0.00469	0.00463	0.00671	0.00607	0.00874	0.01024	0.01536	0.00968	0.06741	0.81299	0.00598	0.00986	0.00413	0.00204	0.00334
57	0.01022	0.85375	0.01972	0.00653	0.00977	0.01495	0.00650	0.02590	0.00789	0.00919	0.00534	0.00614	0.00490	0.00327	0.00246	0.00082	0.00406	0.00205	0.00166	0.00490
58	0.01015	0.05085	0.10581	0.05379	0.23810	0.03410	0.13348	0.13021	0.04694	0.07840	0.00935	0.07493	0.00774	0.00441	0.00387	0.00119	0.00460	0.00403	0.00254	0.00552
59	0.00466	0.00332	0.00439	0.00523	0.00544	0.00311	0.00347	0.00529	0.00718	0.00958	0.02050	0.82633	0.02457	0.05049	0.00549	0.00164	0.00227	0.01054	0.00347	0.00305
60	0.00465	0.00332	0.00443	0.00531	0.00555	0.00311	0.00357	0.00533	0.00729	0.00971	0.02089	0.84819	0.02502	0.01185	0.00485	0.00154	0.00223	0.02655	0.00352	0.00309
61	0.01120	0.60438	0.01694	0.00743	0.01025	0.25684	0.00669	0.01235	0.00855	0.00902	0.00555	0.00649	0.00497	0.00397	0.02077	0.00097	0.00499	0.00219	0.00173	0.00470
62	0.00762	0.01885	0.79057	0.01054	0.01582	0.02729	0.01339	0.01178	0.00803	0.01185	0.00742	0.04650	0.00572	0.00398	0.00365	0.00121	0.00548	0.00315	0.00170	0.00546
63	0.00754	0.00521	0.00713	0.00641	0.00794	0.01763	0.06081	0.00884	0.01829	0.12922	0.01583	0.47390	0.01688	0.00862	0.02221	0.00136	0.00301	0.00732	0.00327	0.17859
64	0.01014	0.86900	0.01987	0.00649	0.00973	0.01501	0.00649	0.01136	0.00771	0.00892	0.00527	0.00608	0.00487	0.00324	0.00243	0.00081	0.00406	0.00203	0.00162	0.00487
65	0.00659	0.00329	0.00494	0.00494	0.00494	0.00329	0.00329	0.00494	0.00494	0.00659	0.00659	0.01153	0.00659	0.01318	0.01482	0.88966	0.00329	0.00329	0.00165	0.00165
66	0.01052	0.78890	0.01901	0.00680	0.00992	0.09374	0.00657	0.01171	0.00799	0.00896	0.00533	0.00615	0.00487	0.00331	0.00253	0.00083	0.00432	0.00207	0.00165	0.00482
67	0.00457	0.00385	0.00396	0.00393	0.00517	0.00324	0.00295	0.00560	0.00884	0.01071	0.11397	0.03573	0.76568	0.00943	0.00448	0.00127	0.00191	0.00790	0.00358	0.00324
68	0.00542	0.00405	0.00602	0.00602	0.00667	0.00470	0.00464	0.00672	0.00607	0.00875	0.01023	0.01530	0.00966	0.06247	0.81790	0.00600	0.00990	0.00412	0.00204	0.00334
69	0.00558	0.00432	0.00659	0.08625	0.00859	0.00509	0.00529	0.00705	0.00624	0.00889	0.00984	0.01445	0.00906	0.02612	0.77188	0.00564	0.00968	0.00400	0.00200	0.00346
70	0.00659	0.00329	0.00494	0.00494	0.00494	0.00329	0.00329	0.00494	0.00494	0.00659	0.00659	0.01153	0.00659	0.01318	0.01482	0.88966	0.00329	0.00329	0.00165	0.00165
71	0.01458	0.00594	0.00788	0.00622	0.00880	0.00512	0.00507	0.01598	0.01052	0.68044	0.05877	0.01718	0.13491	0.00558	0.00395	0.00119	0.00296	0.00459	0.00449	0.00583
72	0.00936	0.00807	0.00851	0.00766	0.00978	0.00932	0.00596	0.01991	0.82072	0.01585	0.03092	0.01442	0.01203	0.00519	0.00387	0.00128	0.00298	0.00434	0.00386	0.00596
73	0.03326	0.13569	0.07857	0.10802	0.48616	0.02532	0.04044	0.01143	0.00832	0.01166	0.00684	0.00886	0.00563	0.00345	0.00351	0.00110	0.00460	0.00313	0.01856	0.00546
74	0.01326	0.06132	0.06426	0.00974	0.03052	0.67333	0.00766	0.03995	0.01054	0.02548	0.00697	0.00783	0.02506	0.00401	0.00343	0.00100	0.00630	0.00265	0.00206	0.00461
75	0.06292	0.02173	0.05681	0.00633	0.00759	0.00601	0.00522	0.07553	0.00718	0.01064	0.00954	0.01442	0.00896	0.14360	0.50242	0.00441	0.02806	0.00392	0.00220	0.02252
76	0.02679	0.30317	0.08371	0.00989	0.12521	0.05480	0.04249	0.06388	0.07898	0.09080	0.02427	0.03719	0.00753	0.00486	0.02982	0.00121	0.00440	0.00329	0.00244	0.00527

[dist]
# distance from previous block
# <min> <max>
0	20

[block]
# block no. 2 follows, 72 sequences, length 23
# corresponding to MSA columns:
# 207-229
name=unknown_C
#
# <colnr> <probs for GDERKNQSTAVLIFYWHMCP>
#	G	D	E	R	K	N	Q	S	T	A	V	L	I	F	Y	W	H	M	C	P
0	0.00991	0.00881	0.00991	0.05301	0.13455	0.06843	0.00708	0.12781	0.41592	0.01561	0.09704	0.01349	0.01173	0.00491	0.00386	0.00121	0.00364	0.00412	0.00334	0.00561
1	0.00810	0.09565	0.02877	0.00607	0.00933	0.00641	0.01791	0.01028	0.04988	0.01227	0.03660	0.00876	0.00689	0.00317	0.00293	0.00067	0.00303	0.00254	0.00231	0.68841
2	0.00506	0.00350	0.00446	0.00498	0.00548	0.00327	0.00349	0.00610	0.00810	0.01126	0.17111	0.54740	0.06943	0.01016	0.00453	0.00140	0.00211	0.03721	0.09771	0.00324
3	0.00824	0.00679	0.00808	0.00610	0.02958	0.00517	0.00471	0.00993	0.00799	0.04341	0.00706	0.00809	0.00577	0.00289	0.00287	0.00060	0.00287	0.00233	0.00233	0.83518
4	0.00874	0.26816	0.47212	0.01087	0.09080	0.01064	0.05155	0.01190	0.00807	0.02501	0.00656	0.00776	0.00506	0.00348	0.00332	0.00108	0.00505	0.00273	0.00170	0.00541
5	0.00853	0.00899	0.06558	0.25451	0.45418	0.00912	0.03436	0.01087	0.00802	0.01127	0.00680	0.00942	0.00555	0.00384	0.00467	0.00123	0.09265	0.00337	0.00179	0.00526
6	0.00651	0.00333	0.00493	0.00493	0.00494	0.00335	0.00328	0.00501	0.00500	0.00668	0.00695	0.01229	0.00703	0.05774	0.03424	0.82350	0.00347	0.00343	0.00169	0.00172
7	0.00905	0.01066	0.15966	0.06430	0.45847	0.01916	0.12098	0.01175	0.00862	0.04181	0.00810	0.01122	0.00669	0.00386	0.00391	0.00120	0.00491	0.04807	0.00201	0.00558
8	0.02836	0.29151	0.05969	0.00961	0.07019	0.40349	0.00769	0.04212	0.00948	0.01019	0.00589	0.00695	0.00500	0.00374	0.00341	0.00098	0.03257	0.00245	0.00189	0.00479
9	0.01351	0.01181	0.09706	0.00893	0.01211	0.05733	0.00784	0.68524	0.01622	0.02160	0.00893	0.02586	0.00657	0.00457	0.00377	0.00114	0.00443	0.00344	0.00346	0.00618
10	0.00937	0.02759	0.21422	0.01666	0.45758	0.04368	0.01088	0.01242	0.05007	0.04924	0.01923	0.00946	0.00647	0.00363	0.00364	0.00111	0.00460	0.00323	0.00209	0.05485
11	0.00484	0.00391	0.00433	0.00442	0.00548	0.00347	0.00326	0.00623	0.03803	0.01111	0.15505	0.18324	0.53210	0.00959	0.00453	0.00132	0.00201	0.02010	0.00363	0.00334
12	0.00503	0.00360	0.00470	0.00538	0.00580	0.00342	0.00386	0.00589	0.00758	0.01001	0.05207	0.53024	0.07655	0.10143	0.00641	0.00178	0.00257	0.16719	0.00341	0.00310
13	0.00966	0.00898	0.07824	0.03729	0.46083	0.01865	0.05021	0.02442	0.03896	0.10925	0.02888	0.07115	0.00903	0.00458	0.00393	0.00120	0.00426	0.03238	0.00251	0.00558
14	0.00710	0.02294	0.04461	0.04432	0.27748	0.00634	0.05290	0.00892	0.00822	0.01120	0.01413	0.24812	0.01508	0.00750	0.00444	0.00141	0.00379	0.21437	0.00271	0.00442
15	0.00464	0.00335	0.00439	0.00519	0.00549	0.00310	0.00349	0.00536	0.00746	0.00991	0.05116	0.78999	0.06923	0.01161	0.00481	0.00151	0.00217	0.01049	0.00354	0.00310
16	0.00879	0.00959	0.01985	0.12623	0.15035	0.00935	0.59432	0.01175	0.00872	0.01187	0.00747	0.01008	0.00570	0.00330	0.00427	0.00125	0.00592	0.00416	0.00188	0.00514
17	0.00899	0.18759	0.32872	0.01183	0.15277	0.02581	0.07694	0.01225	0.05026	0.04132	0.04522	0.00942	0.00702	0.00383	0.00370	0.00112	0.02259	0.00318	0.00203	0.00539
18	0.00646	0.08810	0.03246	0.00632	0.00740	0.00605	0.04629	0.03260	0.01497	0.00962	0.01388	0.15295	0.06931	0.24200	0.15773	0.00281	0.05163	0.05339	0.00252	0.00349
19	0.01281	0.00772	0.00897	0.00713	0.00959	0.00796	0.00579	0.37322	0.04592	0.25027	0.18428	0.01454	0.01369	0.00528	0.00390	0.00116	0.00329	0.00428	0.03447	0.00574
20	0.00935	0.01478	0.38311	0.03058	0.13452	0.11452	0.14189	0.01298	0.05414	0.04643	0.01753	0.00924	0.00607	0.00373	0.00378	0.00118	0.00543	0.00329	0.00202	0.00544
21	0.01361	0.01591	0.01075	0.09666	0.01310	0.67603	0.00756	0.05945	0.01082	0.05244	0.00659	0.00761	0.00522	0.00397	0.00350	0.00103	0.00633	0.00266	0.00217	0.00459
22	0.14869	0.02739	0.14300	0.07449	0.36913	0.05597	0.05145	0.04228	0.01858	0.01309	0.00685	0.00858	0.00544	0.00354	0.00349	0.00114	0.00463	0.00305	0.00200	0.01721

[dist]
# distance from previous block
# <min> <max>
0	2

[block]
# block no. 3 follows, 72 sequences, length 8
# corresponding to MSA columns:
# 232-239
name=unknown_D
#
# <colnr> <probs for GDERKNQSTAVLIFYWHMCP>
#	G	D	E	R	K	N	Q	S	T	A	V	L	I	F	Y	W	H	M	C	P
0	0.02634	0.03866	0.32804	0.03884	0.23664	0.04102	0.03980	0.01133	0.02589	0.01234	0.11877	0.01125	0.00946	0.00425	0.00411	0.00118	0.04116	0.00358	0.00211	0.00523
1	0.12700	0.00448	0.00445	0.00435	0.00571	0.00423	0.00330	0.00703	0.04380	0.01191	0.11765	0.08073	0.55529	0.00852	0.00418	0.00127	0.00211	0.00707	0.00344	0.00348
2	0.00479	0.00350	0.00455	0.00532	0.00575	0.00325	0.00376	0.00562	0.00761	0.00996	0.02292	0.66220	0.12347	0.01143	0.00485	0.00153	0.00233	0.11051	0.00352	0.00315
3	0.01234	0.01057	0.01540	0.52529	0.17516	0.01108	0.06464	0.06178	0.03656	0.01537	0.01139	0.01557	0.00947	0.00647	0.00559	0.00198	0.00624	0.00481	0.00335	0.00693
4	0.00596	0.00427	0.00590	0.00654	0.00742	0.00421	0.00561	0.00772	0.00913	0.01212	0.18394	0.03990	0.02461	0.00993	0.00509	0.00164	0.00315	0.65573	0.00363	0.00351
5	0.00786	0.00674	0.00786	0.00562	0.00899	0.00506	0.00449	0.00955	0.00786	0.01236	0.00674	0.00786	0.00562	0.00281	0.00281	0.00056	0.00281	0.00225	0.00225	0.88990
6	0.00945	0.30512	0.40383	0.00897	0.01312	0.08888	0.01007	0.04462	0.06193	0.01143	0.00685	0.00769	0.00533	0.00365	0.00322	0.00105	0.00497	0.00263	0.00187	0.00530
7	0.00465	0.00341	0.00437	0.00505	0.00546	0.00313	0.00344	0.00542	0.00767	0.01010	0.07427	0.69852	0.13798	0.01131	0.00477	0.00148	0.00214	0.01016	0.00356	0.00313

[dist]
# distance from previous block
# <min> <max>
0	19

# created by:
# /st0/software/busco_prod/Augustus/scripts/msa2prfl.pl ./align_prep/35513.fa
