[name]
unknown

[dist]
# distance from previous block
# <min> <max>
0	6

[block]
# block no. 0 follows, 61 sequences, length 17
# corresponding to MSA columns:
# 32-48
name=unknown_A
#
# <colnr> <probs for GDERKNQSTAVLIFYWHMCP>
#	G	D	E	R	K	N	Q	S	T	A	V	L	I	F	Y	W	H	M	C	P
0	0.00582	0.00409	0.00487	0.00526	0.00556	0.00392	0.00337	0.00629	0.00750	0.00983	0.02075	0.31016	0.10734	0.43173	0.01371	0.00295	0.00338	0.04707	0.00330	0.00309
1	0.01563	0.01047	0.01223	0.11617	0.01491	0.01141	0.00826	0.52043	0.05199	0.17680	0.01158	0.01156	0.00801	0.00512	0.00432	0.00133	0.00461	0.00400	0.00420	0.00698
2	0.01204	0.01041	0.01226	0.39859	0.02051	0.12428	0.00969	0.18739	0.05003	0.08108	0.00965	0.03003	0.00733	0.00495	0.00449	0.00137	0.02336	0.00397	0.00292	0.00564
3	0.05588	0.00833	0.00931	0.00774	0.01041	0.00868	0.00614	0.13958	0.28645	0.20162	0.04440	0.01579	0.03602	0.04676	0.00504	0.00145	0.00356	0.00456	0.03313	0.07516
4	0.00548	0.00420	0.00485	0.00503	0.00592	0.00376	0.00354	0.00655	0.00950	0.01226	0.19694	0.23542	0.36694	0.11131	0.00720	0.00183	0.00247	0.00926	0.00399	0.00357
5	0.00796	0.00651	0.01038	0.34305	0.08225	0.00715	0.04696	0.00979	0.00854	0.04593	0.05221	0.14218	0.01347	0.19537	0.00851	0.00208	0.00465	0.00592	0.00270	0.00439
6	0.07132	0.00888	0.01215	0.28747	0.07519	0.00995	0.04605	0.22481	0.04640	0.04081	0.01195	0.01423	0.06052	0.00653	0.04477	0.00166	0.00518	0.02342	0.00305	0.00567
7	0.04532	0.00921	0.01007	0.07374	0.01233	0.08832	0.00684	0.13970	0.07947	0.30422	0.07191	0.02912	0.04290	0.00560	0.00426	0.00129	0.00414	0.00450	0.00413	0.06294
8	0.00900	0.00607	0.00771	0.04815	0.00963	0.00592	0.01832	0.04554	0.10690	0.12349	0.08958	0.28004	0.09007	0.00880	0.00481	0.00147	0.00315	0.04596	0.01946	0.07597
9	0.07294	0.00745	0.01031	0.42587	0.01934	0.03267	0.00865	0.03980	0.00970	0.08154	0.08288	0.09383	0.02524	0.00590	0.00435	0.00140	0.00455	0.02253	0.00291	0.04814
10	0.02954	0.00740	0.00939	0.07704	0.01160	0.02133	0.04596	0.12931	0.09026	0.13057	0.08565	0.16058	0.08039	0.02335	0.00506	0.00151	0.00378	0.05862	0.00395	0.02474
11	0.05494	0.01084	0.01086	0.19887	0.03049	0.18095	0.00801	0.12805	0.08951	0.05226	0.01039	0.06520	0.00856	0.00513	0.00406	0.00126	0.00496	0.00408	0.02913	0.10246
12	0.05349	0.00697	0.00984	0.23071	0.01492	0.00732	0.03622	0.05692	0.04735	0.17245	0.20523	0.08915	0.01742	0.00643	0.00452	0.00139	0.00388	0.00559	0.00374	0.02642
13	0.04075	0.00725	0.00917	0.13020	0.01255	0.00732	0.00658	0.09606	0.08348	0.24843	0.10542	0.04886	0.09320	0.02207	0.00476	0.00141	0.00367	0.01794	0.00407	0.05680
14	0.00922	0.00744	0.00947	0.19345	0.06695	0.04493	0.00723	0.08104	0.06394	0.05386	0.09563	0.19811	0.01592	0.05089	0.00545	0.00154	0.00402	0.00618	0.02387	0.06087
15	0.00946	0.00746	0.01146	0.08713	0.05716	0.00718	0.13314	0.05717	0.04517	0.09123	0.07266	0.17328	0.05775	0.00694	0.00466	0.00137	0.00409	0.03824	0.00342	0.13103
16	0.01167	0.00777	0.00951	0.06492	0.01152	0.00794	0.01951	0.14192	0.17486	0.17811	0.13114	0.06173	0.05490	0.02541	0.00486	0.00140	0.00359	0.00539	0.00417	0.07967

[dist]
# distance from previous block
# <min> <max>
7	19

[block]
# block no. 1 follows, 61 sequences, length 12
# corresponding to MSA columns:
# 84-95
name=unknown_B
#
# <colnr> <probs for GDERKNQSTAVLIFYWHMCP>
#	G	D	E	R	K	N	Q	S	T	A	V	L	I	F	Y	W	H	M	C	P
0	0.06481	0.00855	0.01104	0.13708	0.08776	0.03507	0.05161	0.10326	0.13667	0.05513	0.06545	0.07049	0.03464	0.02029	0.00486	0.01538	0.00427	0.02421	0.00332	0.06614
1	0.00910	0.00748	0.01012	0.20379	0.07177	0.03184	0.03380	0.06006	0.08343	0.04705	0.01453	0.18667	0.03341	0.02990	0.00499	0.00148	0.00417	0.04316	0.04214	0.08113
2	0.01168	0.00909	0.01044	0.02475	0.02628	0.10179	0.06581	0.11880	0.08975	0.14299	0.05876	0.09680	0.06601	0.02562	0.00500	0.00145	0.00430	0.07481	0.00379	0.06210
3	0.01174	0.00928	0.01256	0.06518	0.03260	0.07351	0.15660	0.14623	0.02910	0.13491	0.01336	0.09575	0.03251	0.10380	0.00659	0.00170	0.00490	0.02183	0.00337	0.04447
4	0.03909	0.00633	0.00783	0.03152	0.02510	0.00618	0.02565	0.06909	0.04939	0.05173	0.11889	0.09077	0.14562	0.12567	0.00753	0.02798	0.02090	0.02461	0.00350	0.12260
5	0.02199	0.00893	0.01232	0.02684	0.06315	0.04290	0.15270	0.13997	0.06346	0.05504	0.07049	0.06512	0.08430	0.04766	0.00536	0.00144	0.00444	0.01596	0.00336	0.11457
6	0.02898	0.01044	0.01694	0.01263	0.01606	0.02842	0.36257	0.19876	0.03370	0.05880	0.01210	0.01430	0.05773	0.03438	0.00546	0.00146	0.02464	0.01924	0.00309	0.06029
7	0.00610	0.00491	0.00582	0.03253	0.03116	0.00453	0.00441	0.03701	0.01061	0.01360	0.22135	0.10062	0.46151	0.01002	0.00508	0.00146	0.00254	0.03867	0.00406	0.00401
8	0.00813	0.00766	0.01292	0.83826	0.02967	0.00957	0.01196	0.01101	0.00861	0.01101	0.00766	0.01148	0.00574	0.00431	0.00431	0.00144	0.00574	0.00383	0.00191	0.00479
9	0.01245	0.01221	0.01331	0.01618	0.32783	0.22625	0.00976	0.08997	0.07830	0.04641	0.01099	0.03764	0.00963	0.00543	0.00439	0.00134	0.00539	0.08358	0.00291	0.00603
10	0.00615	0.00462	0.00692	0.00692	0.00769	0.00538	0.00538	0.00769	0.00692	0.01000	0.01154	0.01692	0.01077	0.03231	0.83154	0.00692	0.01154	0.00462	0.00231	0.00385
11	0.01656	0.01177	0.01274	0.00977	0.01321	0.01292	0.00807	0.75806	0.01976	0.07717	0.01076	0.01061	0.00753	0.00518	0.00431	0.00130	0.00467	0.00391	0.00437	0.00733

[dist]
# distance from previous block
# <min> <max>
0	4

[block]
# block no. 2 follows, 61 sequences, length 11
# corresponding to MSA columns:
# 102-112
name=unknown_C
#
# <colnr> <probs for GDERKNQSTAVLIFYWHMCP>
#	G	D	E	R	K	N	Q	S	T	A	V	L	I	F	Y	W	H	M	C	P
0	0.11708	0.00937	0.03721	0.01014	0.01102	0.01181	0.00860	0.03292	0.00752	0.06433	0.00693	0.00987	0.00616	0.00810	0.05462	0.00201	0.59141	0.00366	0.00229	0.00495
1	0.01098	0.22910	0.13859	0.01078	0.03740	0.01279	0.04224	0.01288	0.00839	0.09856	0.00747	0.00941	0.00620	0.00551	0.00795	0.00146	0.34904	0.00342	0.00225	0.00556
2	0.00958	0.07821	0.69126	0.01179	0.01760	0.06662	0.01458	0.03808	0.00962	0.01360	0.00762	0.00889	0.00552	0.00412	0.00399	0.00131	0.00629	0.00312	0.00192	0.00624
3	0.00864	0.02228	0.82630	0.01228	0.01864	0.01000	0.01592	0.01364	0.00909	0.01364	0.00773	0.00909	0.00546	0.00409	0.00409	0.00136	0.00637	0.00318	0.00182	0.00637
4	0.01110	0.00944	0.00996	0.00884	0.01135	0.01089	0.00691	0.07626	0.75996	0.01864	0.01704	0.01568	0.01275	0.00580	0.00438	0.00145	0.00350	0.00480	0.00438	0.00685
5	0.00626	0.00421	0.00486	0.00486	0.00492	0.00426	0.00281	0.00637	0.00631	0.00847	0.01342	0.02737	0.01531	0.78930	0.08076	0.00438	0.00471	0.00614	0.00259	0.00270
6	0.00886	0.08471	0.76577	0.01191	0.01807	0.01053	0.01527	0.01359	0.00907	0.01338	0.00760	0.00893	0.00546	0.00406	0.00399	0.00133	0.00623	0.00312	0.00182	0.00630
7	0.00864	0.02228	0.82630	0.01228	0.01864	0.01000	0.01592	0.01364	0.00909	0.01364	0.00773	0.00909	0.00546	0.00409	0.00409	0.00136	0.00637	0.00318	0.00182	0.00637
8	0.00625	0.00422	0.00494	0.00494	0.00502	0.00431	0.00291	0.00642	0.00633	0.00853	0.01335	0.02698	0.01513	0.76090	0.10892	0.00447	0.00497	0.00609	0.00258	0.00274
9	0.01217	0.01090	0.01050	0.00919	0.01176	0.09930	0.00719	0.14342	0.60525	0.01863	0.01525	0.01429	0.01143	0.00559	0.00432	0.00140	0.00408	0.00449	0.00414	0.00670
10	0.01543	0.00835	0.01102	0.00866	0.01170	0.00815	0.06453	0.15445	0.11755	0.42919	0.05823	0.03396	0.04682	0.00584	0.00449	0.00137	0.00390	0.00493	0.00469	0.00674

[dist]
# distance from previous block
# <min> <max>
0	1

[block]
# block no. 3 follows, 61 sequences, length 91
# corresponding to MSA columns:
# 114-204
name=unknown_D
#
# <colnr> <probs for GDERKNQSTAVLIFYWHMCP>
#	G	D	E	R	K	N	Q	S	T	A	V	L	I	F	Y	W	H	M	C	P
0	0.00619	0.00445	0.00611	0.00611	0.00660	0.00494	0.00437	0.00717	0.00668	0.00940	0.01228	0.02104	0.01256	0.33094	0.53536	0.00592	0.00884	0.00522	0.00242	0.00339
1	0.00864	0.02228	0.82630	0.01228	0.01864	0.01000	0.01592	0.01364	0.00909	0.01364	0.00773	0.00909	0.00546	0.00409	0.00409	0.00136	0.00637	0.00318	0.00182	0.00637
2	0.01069	0.01043	0.01831	0.02479	0.69072	0.01038	0.11605	0.02681	0.02352	0.01432	0.00838	0.01087	0.00690	0.00387	0.00437	0.00131	0.00536	0.00402	0.00221	0.00670
3	0.00864	0.02228	0.82630	0.01228	0.01864	0.01000	0.01592	0.01364	0.00909	0.01364	0.00773	0.00909	0.00546	0.00409	0.00409	0.00136	0.00637	0.00318	0.00182	0.00637
4	0.00626	0.00418	0.00470	0.00470	0.00470	0.00418	0.00261	0.00626	0.00626	0.00835	0.01357	0.02819	0.01566	0.84862	0.02192	0.00418	0.00418	0.00626	0.00261	0.00261
5	0.00983	0.36462	0.49437	0.01025	0.01551	0.01291	0.01239	0.01333	0.00895	0.01219	0.00701	0.00819	0.00549	0.00392	0.00354	0.00118	0.00564	0.00282	0.00183	0.00602
6	0.02767	0.08927	0.51276	0.01249	0.03213	0.13553	0.10424	0.01411	0.00964	0.01302	0.00751	0.00899	0.00561	0.00405	0.00404	0.00130	0.00645	0.00326	0.00195	0.00600
7	0.01933	0.00733	0.01000	0.00766	0.01100	0.00633	0.00633	0.02099	0.01233	0.82473	0.01699	0.01466	0.01066	0.00533	0.00433	0.00133	0.00367	0.00433	0.00533	0.00733
8	0.00615	0.00462	0.00692	0.00692	0.00769	0.00538	0.00538	0.00769	0.00692	0.01000	0.01154	0.01692	0.01077	0.03231	0.83154	0.00692	0.01154	0.00462	0.00231	0.00385
9	0.01152	0.85121	0.02257	0.00737	0.01106	0.01704	0.00737	0.01290	0.00875	0.01013	0.00599	0.00691	0.00553	0.00369	0.00276	0.00092	0.00461	0.00230	0.00184	0.00553
10	0.00550	0.00400	0.00526	0.00598	0.00647	0.00366	0.00406	0.00640	0.00855	0.01158	0.07608	0.74724	0.02814	0.01264	0.00535	0.00166	0.00250	0.01144	0.00397	0.04954
11	0.00626	0.00418	0.00470	0.00470	0.00470	0.00418	0.00261	0.00626	0.00626	0.00835	0.01357	0.02819	0.01566	0.84862	0.02192	0.00418	0.00418	0.00626	0.00261	0.00261
12	0.00864	0.02228	0.82630	0.01228	0.01864	0.01000	0.01592	0.01364	0.00909	0.01364	0.00773	0.00909	0.00546	0.00409	0.00409	0.00136	0.00637	0.00318	0.00182	0.00637
13	0.00610	0.00440	0.00576	0.00542	0.00644	0.00406	0.00406	0.00813	0.01219	0.01727	0.81947	0.03218	0.04064	0.00881	0.00508	0.00135	0.00203	0.00779	0.00474	0.00406
14	0.01017	0.01162	0.02542	0.01816	0.02251	0.01089	0.80610	0.01380	0.01017	0.01380	0.00871	0.01162	0.00654	0.00363	0.00508	0.00145	0.00726	0.00508	0.00218	0.00581
15	0.00813	0.00766	0.01292	0.83826	0.02967	0.00957	0.01196	0.01101	0.00861	0.01101	0.00766	0.01148	0.00574	0.00431	0.00431	0.00144	0.00574	0.00383	0.00191	0.00479
16	0.00589	0.00448	0.00543	0.00518	0.00635	0.00406	0.00389	0.00784	0.02618	0.01568	0.58358	0.03453	0.26237	0.00935	0.00507	0.00139	0.00210	0.00811	0.00452	0.00399
17	0.00525	0.00375	0.00500	0.00600	0.00625	0.00350	0.00400	0.00600	0.00825	0.01100	0.02374	0.84580	0.02849	0.01350	0.00550	0.00175	0.00250	0.01225	0.00400	0.00350
18	0.01611	0.02008	0.01224	0.01103	0.01332	0.78814	0.00832	0.05891	0.01263	0.01142	0.00685	0.00790	0.00564	0.00448	0.00391	0.00112	0.00761	0.00283	0.00233	0.00512
19	0.01609	0.02053	0.01221	0.01110	0.01332	0.83132	0.00832	0.01720	0.01221	0.01054	0.00666	0.00777	0.00555	0.00444	0.00388	0.00111	0.00777	0.00277	0.00222	0.00499
20	0.00868	0.00434	0.00456	0.00437	0.00554	0.00430	0.00332	0.02382	0.00954	0.05940	0.05202	0.01665	0.01235	0.00522	0.00320	0.00104	0.00214	0.00421	0.77104	0.00425
21	0.00626	0.00418	0.00470	0.00470	0.00470	0.00418	0.00261	0.00626	0.00626	0.00835	0.01357	0.02819	0.01566	0.84862	0.02192	0.00418	0.00418	0.00626	0.00261	0.00261
22	0.01661	0.01169	0.01269	0.00973	0.01317	0.01279	0.00804	0.74425	0.01962	0.09118	0.01088	0.01069	0.00759	0.00518	0.00431	0.00130	0.00465	0.00391	0.00439	0.00733
23	0.00615	0.00462	0.00692	0.00692	0.00769	0.00538	0.00538	0.00769	0.00692	0.01000	0.01154	0.01692	0.01077	0.03231	0.83154	0.00692	0.01154	0.00462	0.00231	0.00385
24	0.01152	0.85121	0.02257	0.00737	0.01106	0.01704	0.00737	0.01290	0.00875	0.01013	0.00599	0.00691	0.00553	0.00369	0.00276	0.00092	0.00461	0.00230	0.00184	0.00553
25	0.00547	0.00406	0.00542	0.00624	0.00651	0.00401	0.00427	0.00623	0.00819	0.01098	0.02321	0.78436	0.04430	0.01313	0.00595	0.00175	0.04674	0.01173	0.00389	0.00357
26	0.00610	0.00440	0.00576	0.00542	0.00644	0.00406	0.00406	0.00813	0.01219	0.01727	0.81947	0.03218	0.04064	0.00881	0.00508	0.00135	0.00203	0.00779	0.00474	0.00406
27	0.00893	0.00766	0.00893	0.00638	0.01021	0.00574	0.00510	0.01085	0.00893	0.01404	0.00766	0.00893	0.00638	0.00319	0.00319	0.00064	0.00319	0.00255	0.00255	0.87495
28	0.01867	0.00838	0.01064	0.00816	0.01152	0.00789	0.00674	0.19491	0.01408	0.64834	0.01552	0.01371	0.00992	0.00530	0.00433	0.00132	0.00390	0.00423	0.00511	0.00733
29	0.00893	0.00766	0.00893	0.00638	0.01021	0.00574	0.00510	0.01085	0.00893	0.01404	0.00766	0.00893	0.00638	0.00319	0.00319	0.00064	0.00319	0.00255	0.00255	0.87495
30	0.01567	0.00758	0.00955	0.00761	0.01045	0.00721	0.00618	0.13344	0.07008	0.49279	0.15702	0.01776	0.03265	0.00607	0.00448	0.00134	0.00349	0.00501	0.00498	0.00664
31	0.00605	0.00439	0.00571	0.00540	0.00641	0.00404	0.00404	0.00804	0.01206	0.01701	0.78382	0.04641	0.06252	0.00895	0.00509	0.00136	0.00204	0.00790	0.00471	0.00404
32	0.00526	0.00433	0.00463	0.00465	0.00595	0.00369	0.00345	0.00647	0.01008	0.01247	0.16335	0.09821	0.64102	0.01077	0.00512	0.00146	0.00218	0.00912	0.00412	0.00369
33	0.02757	0.02058	0.71216	0.01234	0.01829	0.01009	0.06789	0.01412	0.05161	0.01401	0.00828	0.00959	0.00592	0.00415	0.00414	0.00137	0.00620	0.00338	0.00200	0.00632
34	0.01049	0.01006	0.01718	0.08072	0.76878	0.01019	0.01314	0.01307	0.00973	0.01387	0.00807	0.01072	0.00675	0.00387	0.00427	0.00129	0.00516	0.00384	0.00212	0.00669
35	0.01933	0.00733	0.01000	0.00766	0.01100	0.00633	0.00633	0.02099	0.01233	0.82473	0.01699	0.01466	0.01066	0.00533	0.00433	0.00133	0.00367	0.00433	0.00533	0.00733
36	0.00527	0.00376	0.00501	0.00599	0.00625	0.00351	0.00400	0.00604	0.00833	0.01112	0.03966	0.82953	0.02873	0.01340	0.00549	0.00174	0.00249	0.01216	0.00401	0.00351
37	0.00874	0.01047	0.11286	0.39121	0.05457	0.02710	0.22493	0.01182	0.00918	0.01218	0.00947	0.09018	0.00811	0.00495	0.00459	0.00145	0.00594	0.00486	0.00219	0.00521
38	0.01933	0.00733	0.01000	0.00766	0.01100	0.00633	0.00633	0.02099	0.01233	0.82473	0.01699	0.01466	0.01066	0.00533	0.00433	0.00133	0.00367	0.00433	0.00533	0.00733
39	0.01450	0.00591	0.00744	0.00610	0.00844	0.00534	0.00491	0.01631	0.01092	0.47894	0.01574	0.01526	0.01082	0.00520	0.00377	0.00119	0.00296	0.00420	0.37615	0.00591
40	0.00813	0.00766	0.01292	0.83826	0.02967	0.00957	0.01196	0.01101	0.00861	0.01101	0.00766	0.01148	0.00574	0.00431	0.00431	0.00144	0.00574	0.00383	0.00191	0.00479
41	0.00818	0.00770	0.01300	0.82354	0.04403	0.00958	0.01199	0.01105	0.00863	0.01106	0.00766	0.01147	0.00576	0.00430	0.00431	0.00143	0.00573	0.00383	0.00192	0.00482
42	0.00610	0.00440	0.00576	0.00542	0.00644	0.00406	0.00406	0.00813	0.01219	0.01727	0.81947	0.03218	0.04064	0.00881	0.00508	0.00135	0.00203	0.00779	0.00474	0.00406
43	0.01588	0.05941	0.01269	0.01092	0.01321	0.79321	0.00828	0.01700	0.01205	0.01052	0.00663	0.00773	0.00555	0.00440	0.00383	0.00110	0.00762	0.00275	0.00220	0.00502
44	0.01152	0.85121	0.02257	0.00737	0.01106	0.01704	0.00737	0.01290	0.00875	0.01013	0.00599	0.00691	0.00553	0.00369	0.00276	0.00092	0.00461	0.00230	0.00184	0.00553
45	0.00576	0.00416	0.00575	0.00619	0.00662	0.00437	0.00437	0.00673	0.00742	0.01022	0.01730	0.39059	0.01941	0.13869	0.34685	0.00421	0.00644	0.00827	0.00311	0.00352
46	0.01084	0.00760	0.00913	0.00662	0.01035	0.00585	0.00533	0.01271	0.00956	0.16296	0.00937	0.00998	0.00717	0.00358	0.00340	0.00077	0.00328	0.00288	0.00306	0.71557
47	0.01071	0.00925	0.00974	0.00877	0.01120	0.01071	0.00682	0.02289	0.81396	0.01802	0.01753	0.01607	0.01315	0.00584	0.00438	0.00146	0.00341	0.00487	0.00438	0.00682
48	0.01933	0.00733	0.01000	0.00766	0.01100	0.00633	0.00633	0.02099	0.01233	0.82473	0.01699	0.01466	0.01066	0.00533	0.00433	0.00133	0.00367	0.00433	0.00533	0.00733
49	0.00580	0.00442	0.00535	0.00521	0.00638	0.00397	0.00397	0.00750	0.01123	0.01504	0.49989	0.03643	0.31059	0.00973	0.00514	0.00143	0.00221	0.05738	0.00444	0.00391
50	0.00813	0.00766	0.01292	0.83826	0.02967	0.00957	0.01196	0.01101	0.00861	0.01101	0.00766	0.01148	0.00574	0.00431	0.00431	0.00144	0.00574	0.00383	0.00191	0.00479
51	0.00735	0.00574	0.00683	0.00635	0.00775	0.00590	0.00482	0.01216	0.23616	0.01721	0.55978	0.05035	0.04619	0.00814	0.00490	0.00140	0.00243	0.00712	0.00461	0.00481
52	0.00626	0.00418	0.00470	0.00470	0.00470	0.00418	0.00261	0.00626	0.00626	0.00835	0.01357	0.02819	0.01566	0.84862	0.02192	0.00418	0.00418	0.00626	0.00261	0.00261
53	0.00864	0.02228	0.82630	0.01228	0.01864	0.01000	0.01592	0.01364	0.00909	0.01364	0.00773	0.00909	0.00546	0.00409	0.00409	0.00136	0.00637	0.00318	0.00182	0.00637
54	0.19245	0.00753	0.00926	0.00726	0.01046	0.00700	0.00600	0.01932	0.01132	0.66254	0.01478	0.01312	0.00946	0.00506	0.00400	0.00133	0.00360	0.00393	0.00479	0.00679
55	0.00524	0.00378	0.00496	0.00591	0.00623	0.00351	0.00396	0.00601	0.00833	0.01103	0.02479	0.80335	0.07027	0.01336	0.00548	0.00173	0.00248	0.01208	0.00400	0.00351
56	0.01061	0.01018	0.01739	0.04354	0.80506	0.01022	0.01319	0.01317	0.00978	0.01401	0.00809	0.01068	0.00680	0.00385	0.00427	0.00128	0.00513	0.00384	0.00213	0.00678
57	0.00712	0.00600	0.00855	0.00803	0.00847	0.00757	0.00631	0.00830	0.00684	0.01002	0.01055	0.05934	0.01056	0.09371	0.46814	0.00487	0.26443	0.00490	0.00229	0.00399
58	0.01066	0.01023	0.01748	0.02644	0.82174	0.01023	0.01322	0.01322	0.00981	0.01407	0.00810	0.01066	0.00682	0.00384	0.00426	0.00128	0.00512	0.00384	0.00213	0.00682
59	0.00610	0.00440	0.00576	0.00542	0.00644	0.00406	0.00406	0.00813	0.01219	0.01727	0.81947	0.03218	0.04064	0.00881	0.00508	0.00135	0.00203	0.00779	0.00474	0.00406
60	0.00873	0.04164	0.76363	0.01185	0.01801	0.00995	0.01514	0.01348	0.00908	0.01358	0.00768	0.00903	0.00551	0.00403	0.00401	0.00132	0.00616	0.00313	0.00186	0.05219
61	0.01500	0.02996	0.01170	0.01034	0.01269	0.59334	0.00787	0.01860	0.19004	0.05517	0.00961	0.00996	0.00750	0.00479	0.00400	0.00120	0.00654	0.00331	0.00286	0.00553
62	0.01060	0.03880	0.27393	0.01433	0.19531	0.06252	0.08584	0.03721	0.01008	0.05721	0.02250	0.01024	0.00697	0.00403	0.00405	0.00120	0.00540	0.00351	0.00239	0.15388
63	0.02434	0.22550	0.43112	0.01097	0.01581	0.01213	0.06475	0.06690	0.02229	0.03235	0.00777	0.00902	0.00591	0.00427	0.00436	0.00128	0.04976	0.00321	0.00215	0.00610
64	0.00991	0.01120	0.02434	0.01751	0.02165	0.01050	0.76376	0.01339	0.01007	0.01365	0.00951	0.05565	0.00769	0.00415	0.00511	0.00147	0.00701	0.00546	0.00227	0.00569
65	0.00615	0.00462	0.00692	0.00692	0.00769	0.00538	0.00538	0.00769	0.00692	0.01000	0.01154	0.01692	0.01077	0.03231	0.83154	0.00692	0.01154	0.00462	0.00231	0.00385
66	0.02489	0.07989	0.22982	0.01598	0.20929	0.12253	0.17925	0.01443	0.01005	0.06165	0.00827	0.00995	0.00633	0.00402	0.00420	0.00129	0.00610	0.00367	0.00225	0.00614
67	0.01903	0.00774	0.03258	0.00779	0.01121	0.00643	0.00660	0.02079	0.01224	0.80228	0.01674	0.01451	0.01052	0.00530	0.00433	0.00133	0.00374	0.00430	0.00523	0.00730
68	0.00615	0.00462	0.00692	0.00692	0.00769	0.00538	0.00538	0.00769	0.00692	0.01000	0.01154	0.01692	0.01077	0.03231	0.83154	0.00692	0.01154	0.00462	0.00231	0.00385
69	0.00525	0.00375	0.00500	0.00600	0.00625	0.00350	0.00400	0.00600	0.00825	0.01100	0.02374	0.84580	0.02849	0.01350	0.00550	0.00175	0.00250	0.01225	0.00400	0.00350
70	0.01022	0.34824	0.39674	0.00970	0.01439	0.04703	0.01116	0.01333	0.00939	0.03481	0.06152	0.00987	0.00798	0.00430	0.00363	0.00118	0.00537	0.00316	0.00214	0.00585
71	0.00890	0.02192	0.80647	0.01217	0.01846	0.00991	0.01568	0.01382	0.00917	0.03334	0.00796	0.00923	0.00558	0.00412	0.00410	0.00136	0.00630	0.00321	0.00190	0.00639
72	0.00525	0.00375	0.00500	0.00600	0.00625	0.00350	0.00400	0.00600	0.00825	0.01100	0.02374	0.84580	0.02849	0.01350	0.00550	0.00175	0.00250	0.01225	0.00400	0.00350
73	0.02473	0.01138	0.07103	0.02357	0.67065	0.03548	0.02538	0.04694	0.01028	0.02764	0.00825	0.01048	0.00674	0.00395	0.00423	0.00128	0.00525	0.00377	0.00227	0.00672
74	0.02424	0.62410	0.16306	0.00826	0.01237	0.01501	0.00876	0.02671	0.02395	0.02602	0.00683	0.00772	0.00579	0.00384	0.00309	0.00102	0.00482	0.00258	0.00202	0.02981
75	0.00615	0.00473	0.00568	0.00551	0.00667	0.00446	0.00410	0.00867	0.07821	0.01533	0.48364	0.12112	0.22050	0.00956	0.00507	0.00143	0.00223	0.00833	0.00446	0.00413
76	0.00813	0.00766	0.01292	0.83826	0.02967	0.00957	0.01196	0.01101	0.00861	0.01101	0.00766	0.01148	0.00574	0.00431	0.00431	0.00144	0.00574	0.00383	0.00191	0.00479
77	0.01068	0.01536	0.36775	0.01675	0.25661	0.00989	0.12441	0.02697	0.02084	0.09609	0.00909	0.01059	0.00667	0.00412	0.00431	0.00135	0.00578	0.00379	0.00239	0.00654
78	0.00902	0.04034	0.73654	0.01247	0.01858	0.01015	0.06967	0.01378	0.00922	0.02983	0.00794	0.00933	0.00564	0.00408	0.00413	0.00136	0.00633	0.00332	0.00191	0.00633
79	0.00525	0.00375	0.00500	0.00600	0.00625	0.00350	0.00400	0.00600	0.00825	0.01100	0.02374	0.84580	0.02849	0.01350	0.00550	0.00175	0.00250	0.01225	0.00400	0.00350
80	0.86370	0.00831	0.00640	0.00570	0.00838	0.00960	0.00469	0.01281	0.00742	0.03370	0.00619	0.00713	0.00477	0.00402	0.00270	0.00133	0.00334	0.00237	0.00271	0.00471
81	0.00539	0.00438	0.00478	0.00468	0.00600	0.00376	0.00351	0.00676	0.01053	0.01332	0.27581	0.03868	0.58677	0.01028	0.00509	0.00142	0.00214	0.00870	0.00422	0.00376
82	0.01020	0.32475	0.01420	0.00702	0.01067	0.01056	0.00616	0.02740	0.07891	0.01316	0.00794	0.00882	0.00666	0.00364	0.00315	0.00083	0.00377	0.00268	0.00248	0.45699
83	0.00525	0.00375	0.00500	0.00600	0.00625	0.00350	0.00400	0.00600	0.00825	0.01100	0.02374	0.84580	0.02849	0.01350	0.00550	0.00175	0.00250	0.01225	0.00400	0.00350
84	0.01056	0.01013	0.01731	0.05828	0.79068	0.01021	0.01317	0.01313	0.00976	0.01395	0.00809	0.01069	0.00678	0.00386	0.00427	0.00129	0.00514	0.00384	0.00212	0.00674
85	0.00864	0.02228	0.82630	0.01228	0.01864	0.01000	0.01592	0.01364	0.00909	0.01364	0.00773	0.00909	0.00546	0.00409	0.00409	0.00136	0.00637	0.00318	0.00182	0.00637
86	0.00946	0.29072	0.52997	0.01039	0.01565	0.01203	0.01263	0.01316	0.00912	0.01266	0.04209	0.00938	0.00699	0.00416	0.00370	0.00122	0.00561	0.00310	0.00195	0.00599
87	0.00525	0.00375	0.00500	0.00600	0.00625	0.00350	0.00400	0.00600	0.00825	0.01100	0.02374	0.84580	0.02849	0.01350	0.00550	0.00175	0.00250	0.01225	0.00400	0.00350
88	0.00623	0.00430	0.00532	0.00532	0.00554	0.00451	0.00339	0.00666	0.00645	0.00881	0.01300	0.02504	0.01429	0.62044	0.24823	0.00494	0.00623	0.00580	0.00253	0.00296
89	0.05332	0.03577	0.01097	0.00847	0.02759	0.02736	0.04452	0.11336	0.12977	0.17802	0.02515	0.02845	0.00926	0.00467	0.00390	0.00112	0.00387	0.00383	0.00361	0.28702
90	0.03756	0.11299	0.36758	0.01202	0.08870	0.10644	0.02288	0.05753	0.02413	0.08961	0.00854	0.00952	0.00633	0.00431	0.00411	0.00127	0.02083	0.00327	0.00245	0.01996

[dist]
# distance from previous block
# <min> <max>
0	9

# created by:
# /st0/software/busco_prod/Augustus/scripts/msa2prfl.pl ./align_prep/35588.fa
