[name]
unknown

[dist]
# distance from previous block
# <min> <max>
0	36

[block]
# block no. 0 follows, 70 sequences, length 22
# corresponding to MSA columns:
# 36-57
name=unknown_A
#
# <colnr> <probs for GDERKNQSTAVLIFYWHMCP>
#	G	D	E	R	K	N	Q	S	T	A	V	L	I	F	Y	W	H	M	C	P
0	0.00625	0.00446	0.00625	0.00714	0.00803	0.00446	0.00625	0.00803	0.00892	0.01160	0.02053	0.04373	0.02231	0.01071	0.00535	0.00178	0.00357	0.81348	0.00357	0.00357
1	0.01474	0.01086	0.01163	0.00892	0.01202	0.01202	0.00737	0.82664	0.01823	0.02443	0.00931	0.00931	0.00659	0.00465	0.00388	0.00116	0.00427	0.00349	0.00388	0.00659
2	0.00719	0.00445	0.00572	0.00527	0.00649	0.00411	0.00399	0.00918	0.04344	0.12955	0.57125	0.09942	0.07899	0.00787	0.00449	0.00126	0.00213	0.00689	0.00423	0.00410
3	0.00546	0.00396	0.00514	0.00485	0.00577	0.00365	0.00363	0.00726	0.01090	0.01538	0.81075	0.02924	0.06346	0.00799	0.00457	0.00122	0.00183	0.00705	0.00425	0.00365
4	0.89114	0.00750	0.00570	0.00510	0.00750	0.00870	0.00420	0.01140	0.00660	0.01739	0.00540	0.00630	0.00420	0.00360	0.00240	0.00120	0.00300	0.00210	0.00240	0.00420
5	0.01415	0.01051	0.01132	0.00864	0.01177	0.01142	0.00713	0.75526	0.01734	0.02340	0.00910	0.00920	0.00652	0.00450	0.00379	0.00111	0.00414	0.00339	0.00374	0.08357
6	0.00479	0.00342	0.00457	0.00547	0.00573	0.00321	0.00371	0.00551	0.00749	0.00997	0.02133	0.82581	0.02550	0.01208	0.00497	0.00158	0.00231	0.04578	0.00360	0.00317
7	0.00459	0.00391	0.00395	0.00397	0.00525	0.00327	0.00297	0.00556	0.00879	0.01045	0.03869	0.06398	0.81170	0.00989	0.00459	0.00132	0.00197	0.00827	0.00360	0.00327
8	0.00564	0.00376	0.00423	0.00423	0.00423	0.00376	0.00235	0.00564	0.00564	0.00752	0.01222	0.02537	0.01409	0.86375	0.01973	0.00376	0.00376	0.00564	0.00235	0.00235
9	0.00723	0.00361	0.00361	0.00361	0.00452	0.00361	0.00271	0.00903	0.00813	0.01445	0.01265	0.01445	0.00994	0.00452	0.00271	0.00090	0.00181	0.00361	0.88528	0.00361
10	0.00843	0.02205	0.00815	0.00727	0.00888	0.06914	0.03803	0.03197	0.35806	0.03187	0.13552	0.22063	0.01779	0.01856	0.00445	0.00136	0.00318	0.00619	0.00364	0.00484
11	0.02179	0.40795	0.12969	0.00992	0.09645	0.01154	0.08461	0.02528	0.00808	0.02669	0.00696	0.00887	0.00599	0.02757	0.09007	0.00163	0.02704	0.00295	0.00188	0.00503
12	0.00723	0.00361	0.00361	0.00361	0.00452	0.00361	0.00271	0.00903	0.00813	0.01445	0.01265	0.01445	0.00994	0.00452	0.00271	0.00090	0.00181	0.00361	0.88528	0.00361
13	0.89114	0.00750	0.00570	0.00510	0.00750	0.00870	0.00420	0.01140	0.00660	0.01739	0.00540	0.00630	0.00420	0.00360	0.00240	0.00120	0.00300	0.00210	0.00240	0.00420
14	0.01304	0.15395	0.08516	0.00946	0.01200	0.60791	0.00790	0.01479	0.04313	0.00994	0.00637	0.00727	0.00526	0.00391	0.00337	0.00100	0.00627	0.00254	0.00199	0.00475
15	0.00486	0.00347	0.00465	0.00555	0.00583	0.00326	0.00383	0.00563	0.00755	0.01005	0.02129	0.78978	0.02535	0.01202	0.00498	0.00159	0.00236	0.08115	0.00360	0.00319
16	0.00479	0.00342	0.00457	0.00547	0.00572	0.00320	0.00371	0.00551	0.00748	0.00997	0.02133	0.82798	0.02551	0.01209	0.00496	0.00158	0.00230	0.04365	0.00360	0.00317
17	0.03045	0.78479	0.05229	0.00689	0.01023	0.04269	0.00691	0.01176	0.00796	0.00945	0.00547	0.00632	0.00496	0.00336	0.00257	0.00086	0.00428	0.00212	0.00169	0.00497
18	0.04060	0.01228	0.01019	0.00867	0.01102	0.29916	0.00678	0.33151	0.09868	0.05179	0.01002	0.08357	0.00830	0.00512	0.00380	0.00116	0.00483	0.00387	0.00320	0.00545
19	0.00833	0.00655	0.00866	0.00678	0.00916	0.00596	0.06365	0.02191	0.05010	0.08062	0.16258	0.01522	0.05988	0.03930	0.00502	0.00110	0.07121	0.00414	0.00297	0.37688
20	0.04750	0.08509	0.03924	0.00814	0.01098	0.07171	0.00686	0.39590	0.10508	0.12631	0.02303	0.04473	0.00839	0.00486	0.00373	0.00116	0.00408	0.00373	0.00353	0.00594
21	0.06500	0.07926	0.04463	0.00857	0.02388	0.10594	0.01810	0.30844	0.09880	0.17747	0.01000	0.00987	0.00716	0.00447	0.00382	0.00116	0.02078	0.00334	0.00340	0.00593

[dist]
# distance from previous block
# <min> <max>
1	13

[block]
# block no. 1 follows, 70 sequences, length 39
# corresponding to MSA columns:
# 71-109
name=unknown_B
#
# <colnr> <probs for GDERKNQSTAVLIFYWHMCP>
#	G	D	E	R	K	N	Q	S	T	A	V	L	I	F	Y	W	H	M	C	P
0	0.04530	0.06452	0.01218	0.02299	0.18311	0.07153	0.02347	0.29540	0.04305	0.07467	0.00893	0.00958	0.01667	0.00408	0.00361	0.00107	0.00423	0.00327	0.00295	0.10937
1	0.00949	0.10756	0.09770	0.02758	0.06721	0.03463	0.07293	0.10809	0.15209	0.01357	0.06522	0.01193	0.03778	0.00503	0.00539	0.00126	0.15662	0.00384	0.00263	0.01945
2	0.00474	0.00375	0.00427	0.00452	0.00543	0.00328	0.00325	0.00574	0.00866	0.01094	0.13597	0.30051	0.47458	0.01032	0.00470	0.00138	0.00204	0.00894	0.00369	0.00328
3	0.00994	0.15189	0.18982	0.04295	0.10355	0.04191	0.10745	0.07275	0.11734	0.05886	0.05906	0.01077	0.00840	0.00416	0.00373	0.00116	0.00465	0.00357	0.00253	0.00553
4	0.00723	0.00361	0.00361	0.00361	0.00452	0.00361	0.00271	0.00903	0.00813	0.01445	0.01265	0.01445	0.00994	0.00452	0.00271	0.00090	0.00181	0.00361	0.88528	0.00361
5	0.11759	0.07274	0.06533	0.01021	0.08298	0.09045	0.07042	0.21912	0.08286	0.08299	0.00858	0.00925	0.00644	0.00430	0.00418	0.00119	0.05966	0.00327	0.00284	0.00560
6	0.00788	0.03657	0.01348	0.01025	0.01238	0.00731	0.33287	0.00996	0.00901	0.05365	0.17598	0.13596	0.04764	0.00645	0.00530	0.00136	0.08130	0.04530	0.00290	0.00444
7	0.00723	0.00361	0.00361	0.00361	0.00452	0.00361	0.00271	0.00903	0.00813	0.01445	0.01265	0.01445	0.00994	0.00452	0.00271	0.00090	0.00181	0.00361	0.88528	0.00361
8	0.17886	0.09166	0.06114	0.01022	0.06946	0.08529	0.12728	0.10532	0.04156	0.03623	0.00765	0.03126	0.00628	0.00494	0.02296	0.00134	0.10774	0.00337	0.00239	0.00505
9	0.01356	0.00736	0.02083	0.12461	0.14368	0.00710	0.00740	0.07184	0.03465	0.44924	0.01220	0.01203	0.00827	0.00443	0.00380	0.00119	0.00375	0.00372	0.06435	0.00598
10	0.04609	0.04629	0.14533	0.03363	0.03917	0.01828	0.02789	0.30365	0.11703	0.05950	0.03591	0.01234	0.06540	0.00486	0.00394	0.00120	0.01647	0.00385	0.01344	0.00571
11	0.00554	0.00414	0.00616	0.00616	0.00683	0.00481	0.00476	0.00688	0.00621	0.00895	0.01045	0.01559	0.00985	0.05886	0.81882	0.00614	0.01015	0.00421	0.00209	0.00342
12	0.02828	0.19199	0.02385	0.00689	0.01003	0.08356	0.02694	0.03643	0.00877	0.07451	0.00755	0.03032	0.00630	0.00360	0.00318	0.00081	0.01454	0.00273	0.00238	0.43733
13	0.01163	0.00901	0.01267	0.03043	0.39272	0.00936	0.00904	0.23952	0.08170	0.10656	0.05093	0.01130	0.00863	0.00432	0.00390	0.00118	0.00411	0.00377	0.00306	0.00616
14	0.02968	0.02018	0.05385	0.01235	0.21087	0.01013	0.01853	0.36583	0.02618	0.12863	0.00935	0.02147	0.00697	0.00454	0.00445	0.00121	0.06287	0.00359	0.00319	0.00614
15	0.02482	0.07396	0.04932	0.04847	0.34420	0.20396	0.09548	0.05843	0.02981	0.01230	0.00714	0.00884	0.00579	0.00374	0.00385	0.00113	0.01801	0.00323	0.00207	0.00546
16	0.00578	0.00394	0.00446	0.00443	0.00453	0.00401	0.00257	0.00622	0.03517	0.00788	0.01228	0.02463	0.01386	0.80430	0.04778	0.00376	0.00396	0.00554	0.00240	0.00252
17	0.05763	0.06811	0.05377	0.00921	0.05978	0.00916	0.06177	0.24944	0.05880	0.29756	0.02883	0.01102	0.00817	0.00445	0.00377	0.00118	0.00399	0.00363	0.00362	0.00611
18	0.04990	0.13184	0.01222	0.02575	0.01186	0.64653	0.01804	0.01444	0.01013	0.00981	0.00590	0.00702	0.00498	0.00397	0.00363	0.00102	0.03397	0.00250	0.00195	0.00454
19	0.00472	0.00339	0.00448	0.00535	0.00561	0.00315	0.00358	0.00540	0.00746	0.00991	0.02189	0.83703	0.04949	0.01208	0.00494	0.00157	0.00224	0.01094	0.00360	0.00315
20	0.01001	0.00917	0.01456	0.08915	0.62297	0.00958	0.01097	0.11088	0.03920	0.01391	0.00775	0.00977	0.00629	0.00378	0.00406	0.00118	0.02505	0.00349	0.00221	0.00600
21	0.00549	0.00396	0.00518	0.00488	0.00579	0.00366	0.00366	0.00732	0.01097	0.01555	0.83752	0.02896	0.03658	0.00793	0.00457	0.00122	0.00183	0.00701	0.00427	0.00366
22	0.00622	0.00476	0.00607	0.00610	0.04803	0.00461	0.00431	0.03695	0.06899	0.01524	0.62757	0.03750	0.10341	0.00762	0.00447	0.00123	0.00216	0.00668	0.00405	0.00402
23	0.00990	0.00845	0.00891	0.00794	0.01018	0.00976	0.00620	0.06089	0.79186	0.01663	0.01546	0.01421	0.01157	0.00523	0.00394	0.00131	0.00313	0.00434	0.00394	0.00616
24	0.02964	0.00948	0.04456	0.06576	0.21998	0.00985	0.10126	0.16781	0.14961	0.05743	0.00933	0.01053	0.00713	0.00468	0.01457	0.00132	0.08481	0.00372	0.00275	0.00576
25	0.01226	0.00963	0.01024	0.00842	0.01108	0.01087	0.00677	0.43469	0.41421	0.02044	0.01245	0.01182	0.00914	0.00495	0.00391	0.00124	0.00368	0.00392	0.00391	0.00637
26	0.01589	0.03348	0.01019	0.00767	0.01063	0.03987	0.00632	0.26291	0.05421	0.49794	0.01287	0.01165	0.00849	0.00470	0.00384	0.00118	0.00374	0.00369	0.00428	0.00645
27	0.00948	0.32214	0.25971	0.00816	0.01209	0.05398	0.02319	0.01182	0.00826	0.03917	0.00659	0.00760	0.00530	0.00348	0.00325	0.00094	0.02021	0.00251	0.00192	0.20021
28	0.01089	0.67567	0.03025	0.00787	0.04164	0.13807	0.00706	0.01242	0.02821	0.00952	0.00582	0.00669	0.00519	0.00347	0.00274	0.00088	0.00458	0.00225	0.00177	0.00499
29	0.01722	0.00688	0.00917	0.00703	0.01004	0.00612	0.00581	0.07291	0.01157	0.78756	0.01489	0.01294	0.00940	0.00479	0.00390	0.00120	0.00336	0.00387	0.00474	0.00660
30	0.00564	0.00376	0.00423	0.00423	0.00423	0.00376	0.00235	0.00564	0.00564	0.00752	0.01222	0.02537	0.01409	0.86375	0.01973	0.00376	0.00376	0.00564	0.00235	0.00235
31	0.00804	0.00689	0.00804	0.00574	0.00919	0.00517	0.00459	0.00976	0.00804	0.01263	0.00689	0.00804	0.00574	0.00287	0.00287	0.00057	0.00287	0.00230	0.00230	0.88745
32	0.01474	0.01086	0.01163	0.00892	0.01202	0.01202	0.00737	0.82664	0.01823	0.02443	0.00931	0.00931	0.00659	0.00465	0.00388	0.00116	0.00427	0.00349	0.00388	0.00659
33	0.01336	0.00834	0.01114	0.01138	0.19977	0.00841	0.02045	0.20738	0.10806	0.31069	0.03478	0.01249	0.02621	0.00468	0.00393	0.00120	0.00378	0.00394	0.00374	0.00627
34	0.00471	0.00341	0.00446	0.00530	0.00560	0.00316	0.00356	0.00541	0.00752	0.00994	0.02257	0.80612	0.07997	0.01199	0.00492	0.00156	0.00223	0.01083	0.00360	0.00316
35	0.00898	0.00780	0.01297	0.47382	0.32726	0.00869	0.01078	0.02457	0.00855	0.06841	0.00766	0.01024	0.00586	0.00380	0.00386	0.00123	0.00482	0.00348	0.00204	0.00518
36	0.01238	0.00914	0.00960	0.00803	0.01035	0.06679	0.00643	0.45974	0.05528	0.09272	0.01280	0.16046	0.01140	0.00637	0.00414	0.00128	0.00391	0.05980	0.00376	0.00562
37	0.01036	0.02163	0.01514	0.02186	0.74211	0.02333	0.01121	0.01256	0.00905	0.08379	0.00793	0.00981	0.00640	0.00358	0.00382	0.00115	0.00453	0.00346	0.00216	0.00613
38	0.00888	0.00823	0.01409	0.38581	0.36935	0.00900	0.06826	0.02812	0.00859	0.03598	0.00739	0.01006	0.00579	0.00375	0.00407	0.00124	0.02065	0.00354	0.00196	0.00526

[dist]
# distance from previous block
# <min> <max>
0	1

[block]
# block no. 2 follows, 70 sequences, length 10
# corresponding to MSA columns:
# 111-120
name=unknown_C
#
# <colnr> <probs for GDERKNQSTAVLIFYWHMCP>
#	G	D	E	R	K	N	Q	S	T	A	V	L	I	F	Y	W	H	M	C	P
0	0.01422	0.01060	0.01134	0.00882	0.01183	0.01178	0.00724	0.74467	0.10105	0.02360	0.00997	0.00983	0.00713	0.00472	0.00388	0.00118	0.00414	0.00358	0.00388	0.00655
1	0.00684	0.00429	0.00560	0.00531	0.00637	0.00399	0.00396	0.00870	0.03719	0.10965	0.55087	0.19493	0.03045	0.00833	0.00455	0.00129	0.00212	0.00738	0.00418	0.00397
2	0.00549	0.00396	0.00518	0.00488	0.00579	0.00366	0.00366	0.00732	0.01097	0.01555	0.83752	0.02896	0.03658	0.00793	0.00457	0.00122	0.00183	0.00701	0.00427	0.00366
3	0.00942	0.00910	0.01514	0.02169	0.71101	0.00962	0.01137	0.01150	0.00838	0.01215	0.00695	0.00942	0.00598	0.00397	0.00522	0.00124	0.13668	0.00344	0.00188	0.00585
4	0.01084	0.00806	0.00880	0.00774	0.01005	0.00903	0.00607	0.02034	0.70523	0.14426	0.01570	0.01427	0.01149	0.00519	0.00394	0.00130	0.00310	0.00431	0.00408	0.00621
5	0.01288	0.00891	0.01021	0.00823	0.01086	0.00969	0.02469	0.35989	0.26134	0.16330	0.05790	0.01263	0.01030	0.00506	0.00417	0.00123	0.02447	0.00405	0.00398	0.00621
6	0.00677	0.00403	0.00522	0.00551	0.00639	0.00365	0.00400	0.00769	0.00832	0.13912	0.02321	0.54434	0.15191	0.01054	0.00475	0.00149	0.00245	0.06309	0.00378	0.00373
7	0.09976	0.00939	0.03030	0.03856	0.36143	0.07261	0.00891	0.06886	0.00972	0.20253	0.00883	0.00980	0.00657	0.00410	0.00417	0.00119	0.05142	0.00333	0.00274	0.00579
8	0.04723	0.05707	0.01412	0.08511	0.51234	0.07617	0.01013	0.07726	0.04158	0.03138	0.00764	0.00937	0.00616	0.00372	0.00369	0.00114	0.00463	0.00329	0.00221	0.00576
9	0.11554	0.31492	0.01303	0.00771	0.01002	0.21888	0.00665	0.06729	0.00925	0.01163	0.00814	0.01257	0.00769	0.00495	0.00383	0.00113	0.05173	0.12812	0.00228	0.00462

[dist]
# distance from previous block
# <min> <max>
2	6

[block]
# block no. 3 follows, 70 sequences, length 48
# corresponding to MSA columns:
# 127-174
name=unknown_D
#
# <colnr> <probs for GDERKNQSTAVLIFYWHMCP>
#	G	D	E	R	K	N	Q	S	T	A	V	L	I	F	Y	W	H	M	C	P
0	0.00924	0.24792	0.52694	0.00972	0.01439	0.09051	0.01147	0.02761	0.00856	0.01139	0.00649	0.00756	0.00497	0.00363	0.00335	0.00110	0.00539	0.00263	0.00172	0.00542
1	0.89114	0.00750	0.00570	0.00510	0.00750	0.00870	0.00420	0.01140	0.00660	0.01739	0.00540	0.00630	0.00420	0.00360	0.00240	0.00120	0.00300	0.00210	0.00240	0.00420
2	0.01739	0.00660	0.00900	0.00690	0.00990	0.00570	0.00570	0.01889	0.01110	0.84226	0.01529	0.01320	0.00960	0.00480	0.00390	0.00120	0.00330	0.00390	0.00480	0.00660
3	0.00869	0.00742	0.00790	0.00723	0.00917	0.00838	0.00558	0.01769	0.66776	0.01534	0.06686	0.06335	0.08546	0.00619	0.00409	0.00132	0.00285	0.00523	0.00392	0.00558
4	0.00458	0.00393	0.00393	0.00393	0.00524	0.00327	0.00295	0.00556	0.00884	0.01047	0.03927	0.03731	0.83800	0.00982	0.00458	0.00131	0.00196	0.00818	0.00360	0.00327
5	0.00963	0.01011	0.06008	0.11162	0.63037	0.05506	0.02399	0.03052	0.00901	0.01244	0.00721	0.00946	0.00591	0.00357	0.00383	0.00117	0.00488	0.00339	0.00193	0.00583
6	0.00778	0.02005	0.84367	0.01105	0.01678	0.00900	0.01432	0.01228	0.00818	0.01228	0.00696	0.00818	0.00491	0.00368	0.00368	0.00123	0.00573	0.00286	0.00164	0.00573
7	0.00911	0.00860	0.01400	0.07681	0.64808	0.00881	0.01066	0.01218	0.08706	0.01274	0.02236	0.01191	0.05232	0.00407	0.00390	0.00119	0.00431	0.00385	0.00223	0.00582
8	0.00723	0.00361	0.00361	0.00361	0.00452	0.00361	0.00271	0.00903	0.00813	0.01445	0.01265	0.01445	0.00994	0.00452	0.00271	0.00090	0.00181	0.00361	0.88528	0.00361
9	0.00799	0.00683	0.00798	0.00572	0.00912	0.00514	0.00457	0.00971	0.00810	0.01269	0.02412	0.00847	0.00638	0.00298	0.00291	0.00059	0.00285	0.00239	0.00234	0.86912
10	0.00992	0.01091	0.04590	0.01927	0.43951	0.08917	0.29028	0.02485	0.00926	0.01245	0.00738	0.00959	0.00591	0.00347	0.00405	0.00119	0.00553	0.00373	0.00196	0.00566
11	0.00723	0.00361	0.00361	0.00361	0.00452	0.00361	0.00271	0.00903	0.00813	0.01445	0.01265	0.01445	0.00994	0.00452	0.00271	0.00090	0.00181	0.00361	0.88528	0.00361
12	0.74723	0.04110	0.00690	0.00567	0.00811	0.06884	0.00466	0.03879	0.00744	0.03458	0.00578	0.00659	0.00448	0.00368	0.00256	0.00117	0.00338	0.00221	0.00244	0.00438
13	0.01278	0.01559	0.01092	0.00982	0.01137	0.61917	0.00755	0.01411	0.03889	0.00968	0.00631	0.00785	0.00542	0.00549	0.03523	0.00134	0.17921	0.00280	0.00201	0.00446
14	0.00955	0.42990	0.38038	0.00883	0.01310	0.07689	0.01007	0.01220	0.00825	0.01053	0.00612	0.00714	0.00495	0.00353	0.00309	0.00102	0.00506	0.00245	0.00168	0.00527
15	0.00785	0.01959	0.80850	0.01159	0.05172	0.00901	0.01422	0.01226	0.00821	0.01229	0.00697	0.00824	0.00496	0.00367	0.00369	0.00122	0.00568	0.00289	0.00165	0.00575
16	0.00685	0.00458	0.00640	0.00713	0.00813	0.00453	0.00622	0.00862	0.00904	0.05678	0.02024	0.04207	0.02162	0.01039	0.00528	0.00175	0.00356	0.76945	0.00364	0.00373
17	0.00936	0.00989	0.01816	0.07861	0.04659	0.03024	0.46956	0.06521	0.00892	0.01223	0.00716	0.00980	0.00568	0.00425	0.00633	0.00137	0.20553	0.00405	0.00201	0.00503
18	0.00555	0.00410	0.00597	0.00597	0.00657	0.00471	0.00452	0.00676	0.00615	0.00881	0.01062	0.01654	0.01026	0.13685	0.74139	0.00591	0.00953	0.00435	0.00211	0.00332
19	0.00841	0.00843	0.01226	0.01036	0.01060	0.01151	0.05226	0.00941	0.00612	0.00948	0.00543	0.00884	0.00530	0.00741	0.04289	0.00184	0.77997	0.00348	0.00172	0.00427
20	0.00950	0.00817	0.00864	0.00778	0.00993	0.00943	0.00605	0.02013	0.80348	0.01619	0.04488	0.01498	0.01271	0.00535	0.00397	0.00131	0.00302	0.00448	0.00396	0.00605
21	0.00472	0.00337	0.00450	0.00540	0.00562	0.00315	0.00360	0.00540	0.00742	0.00990	0.02137	0.86122	0.02564	0.01215	0.00495	0.00157	0.00225	0.01102	0.00360	0.00315
22	0.00915	0.01046	0.02288	0.01634	0.02026	0.00980	0.82549	0.01242	0.00915	0.01242	0.00784	0.01046	0.00588	0.00327	0.00458	0.00131	0.00654	0.00458	0.00196	0.00523
23	0.00472	0.00337	0.00450	0.00540	0.00562	0.00315	0.00360	0.00540	0.00742	0.00990	0.02137	0.86122	0.02564	0.01215	0.00495	0.00157	0.00225	0.01102	0.00360	0.00315
24	0.00732	0.00689	0.01163	0.85444	0.02670	0.00861	0.01077	0.00991	0.00775	0.00991	0.00689	0.01034	0.00517	0.00388	0.00388	0.00129	0.00517	0.00345	0.00172	0.00431
25	0.01474	0.01086	0.01163	0.00892	0.01202	0.01202	0.00737	0.82664	0.01823	0.02443	0.00931	0.00931	0.00659	0.00465	0.00388	0.00116	0.00427	0.00349	0.00388	0.00659
26	0.01739	0.00660	0.00900	0.00690	0.00990	0.00570	0.00570	0.01889	0.01110	0.84226	0.01529	0.01320	0.00960	0.00480	0.00390	0.00120	0.00330	0.00390	0.00480	0.00660
27	0.01036	0.86609	0.02032	0.00663	0.00995	0.01534	0.00663	0.01161	0.00788	0.00912	0.00539	0.00622	0.00498	0.00332	0.00249	0.00083	0.00415	0.00207	0.00166	0.00498
28	0.00778	0.02005	0.84367	0.01105	0.01678	0.00900	0.01432	0.01228	0.00818	0.01228	0.00696	0.00818	0.00491	0.00368	0.00368	0.00123	0.00573	0.00286	0.00164	0.00573
29	0.89114	0.00750	0.00570	0.00510	0.00750	0.00870	0.00420	0.01140	0.00660	0.01739	0.00540	0.00630	0.00420	0.00360	0.00240	0.00120	0.00300	0.00210	0.00240	0.00420
30	0.01739	0.00660	0.00900	0.00690	0.00990	0.00570	0.00570	0.01889	0.01110	0.84226	0.01529	0.01320	0.00960	0.00480	0.00390	0.00120	0.00330	0.00390	0.00480	0.00660
31	0.00964	0.00833	0.00877	0.00789	0.01008	0.00964	0.00614	0.02060	0.83257	0.01622	0.01578	0.01446	0.01183	0.00526	0.00394	0.00131	0.00307	0.00438	0.00394	0.00614
32	0.00549	0.00396	0.00518	0.00488	0.00579	0.00366	0.00366	0.00732	0.01097	0.01555	0.83752	0.02896	0.03658	0.00793	0.00457	0.00122	0.00183	0.00701	0.00427	0.00366
33	0.00564	0.00376	0.00423	0.00423	0.00423	0.00376	0.00235	0.00564	0.00564	0.00752	0.01222	0.02537	0.01409	0.86375	0.01973	0.00376	0.00376	0.00564	0.00235	0.00235
34	0.00571	0.00441	0.00674	0.08683	0.00880	0.00520	0.00541	0.00721	0.00638	0.00909	0.01005	0.01477	0.00926	0.02668	0.76814	0.00576	0.00989	0.00409	0.00204	0.00354
35	0.00982	0.00842	0.00887	0.00793	0.01015	0.00973	0.00618	0.04908	0.80380	0.01651	0.01555	0.01428	0.01165	0.00524	0.00394	0.00131	0.00311	0.00435	0.00394	0.00615
36	0.00723	0.00361	0.00361	0.00361	0.00452	0.00361	0.00271	0.00903	0.00813	0.01445	0.01265	0.01445	0.00994	0.00452	0.00271	0.00090	0.00181	0.00361	0.88528	0.00361
37	0.00921	0.00780	0.00838	0.00727	0.00966	0.00842	0.00568	0.01780	0.62533	0.02911	0.01543	0.01451	0.05510	0.00506	0.00378	0.00118	0.00298	0.00420	0.00364	0.16545
38	0.08877	0.02128	0.03106	0.01326	0.26974	0.10178	0.01908	0.29222	0.01230	0.10092	0.00847	0.00923	0.00631	0.00407	0.00369	0.00115	0.00452	0.00327	0.00292	0.00596
39	0.00723	0.00361	0.00361	0.00361	0.00452	0.00361	0.00271	0.00903	0.00813	0.01445	0.01265	0.01445	0.00994	0.00452	0.00271	0.00090	0.00181	0.00361	0.88528	0.00361
40	0.61759	0.04418	0.00774	0.00641	0.00864	0.14724	0.00521	0.02374	0.00760	0.03571	0.00578	0.00677	0.00459	0.00391	0.00334	0.00118	0.06135	0.00232	0.00234	0.00437
41	0.00571	0.00435	0.00635	0.00625	0.00684	0.00512	0.00481	0.00693	0.00616	0.00888	0.01027	0.01583	0.00986	0.10718	0.72420	0.00575	0.05578	0.00425	0.00208	0.00340
42	0.00838	0.00797	0.01353	0.46917	0.40373	0.00889	0.01129	0.01083	0.00825	0.01119	0.00708	0.00999	0.00562	0.00368	0.00386	0.00123	0.00491	0.00345	0.00181	0.00516
43	0.00628	0.08599	0.00627	0.00492	0.00544	0.00532	0.00329	0.00717	0.04957	0.00833	0.01151	0.02161	0.01252	0.62455	0.12859	0.00368	0.00465	0.00503	0.00233	0.00295
44	0.00732	0.00689	0.01163	0.85444	0.02670	0.00861	0.01077	0.00991	0.00775	0.00991	0.00689	0.01034	0.00517	0.00388	0.00388	0.00129	0.00517	0.00345	0.00172	0.00431
45	0.00900	0.00840	0.05371	0.00767	0.00989	0.00884	0.00626	0.01843	0.68164	0.01592	0.12141	0.01599	0.01465	0.00552	0.00401	0.00130	0.00305	0.00464	0.00386	0.00579
46	0.01449	0.01822	0.01101	0.00995	0.01199	0.81968	0.00749	0.04314	0.01123	0.01000	0.00611	0.00707	0.00505	0.00402	0.00351	0.00100	0.00690	0.00253	0.00206	0.00457
47	0.01448	0.01848	0.01099	0.00999	0.01199	0.84819	0.00749	0.01548	0.01099	0.00949	0.00599	0.00699	0.00499	0.00400	0.00350	0.00100	0.00699	0.00250	0.00200	0.00449

[dist]
# distance from previous block
# <min> <max>
0	0

# created by:
# /st0/software/busco_prod/Augustus/scripts/msa2prfl.pl ./align_prep/35584.fa
