[name]
unknown

[dist]
# distance from previous block
# <min> <max>
0	35

[block]
# block no. 0 follows, 61 sequences, length 24
# corresponding to MSA columns:
# 85-108
name=unknown_A
#
# <colnr> <probs for GDERKNQSTAVLIFYWHMCP>
#	G	D	E	R	K	N	Q	S	T	A	V	L	I	F	Y	W	H	M	C	P
0	0.05214	0.01162	0.01141	0.02935	0.13338	0.20498	0.00818	0.19681	0.06125	0.03147	0.04548	0.01679	0.01114	0.03315	0.00493	0.00144	0.00510	0.11195	0.00326	0.02617
1	0.01259	0.09983	0.01488	0.02835	0.30883	0.04873	0.02920	0.13686	0.04211	0.11161	0.00959	0.01072	0.00740	0.00477	0.01934	0.00129	0.00486	0.00363	0.00295	0.10246
2	0.01296	0.03092	0.09367	0.01135	0.04902	0.33866	0.08205	0.12120	0.01184	0.01409	0.00780	0.00936	0.00628	0.02149	0.00449	0.00119	0.01998	0.00326	0.00251	0.15789
3	0.00913	0.00940	0.01432	0.01239	0.08898	0.08908	0.28139	0.01165	0.04448	0.01252	0.01546	0.07983	0.12585	0.09697	0.02347	0.00177	0.00531	0.00577	0.00275	0.06947
4	0.01127	0.11192	0.06267	0.02763	0.13805	0.23190	0.06957	0.04651	0.07046	0.01287	0.01983	0.11007	0.04734	0.01579	0.00445	0.00133	0.00540	0.00481	0.00270	0.00544
5	0.01945	0.02704	0.01119	0.02286	0.19662	0.12145	0.03201	0.03738	0.00920	0.04570	0.02557	0.05841	0.01078	0.18836	0.10637	0.00259	0.05228	0.00479	0.00261	0.02535
6	0.01068	0.01067	0.01545	0.18908	0.47903	0.09227	0.03137	0.01413	0.08927	0.01348	0.00881	0.01110	0.00709	0.00419	0.00427	0.00132	0.00539	0.00386	0.00232	0.00620
7	0.00975	0.00972	0.01400	0.36101	0.27378	0.09041	0.03677	0.01220	0.00941	0.01232	0.00833	0.04146	0.00699	0.00438	0.00421	0.00129	0.00542	0.00395	0.00216	0.09245
8	0.01221	0.07423	0.03159	0.06737	0.04759	0.10723	0.13290	0.01669	0.19969	0.16599	0.01382	0.06411	0.03632	0.00547	0.00438	0.00136	0.00487	0.00479	0.00341	0.00599
9	0.01054	0.01058	0.01575	0.23877	0.53224	0.09217	0.01240	0.01303	0.00973	0.01291	0.00784	0.01059	0.00641	0.00402	0.00424	0.00130	0.00555	0.00373	0.00208	0.00610
10	0.00653	0.00554	0.00878	0.14740	0.03138	0.00555	0.08572	0.00827	0.00953	0.01276	0.19309	0.35780	0.09162	0.00950	0.00510	0.00155	0.00346	0.00868	0.00358	0.00416
11	0.00788	0.00660	0.00972	0.21825	0.04846	0.00741	0.03486	0.08773	0.00929	0.01243	0.01488	0.03419	0.12139	0.05259	0.29935	0.00350	0.01910	0.00515	0.00267	0.00454
12	0.01395	0.13128	0.01564	0.03368	0.12936	0.48711	0.08345	0.03419	0.01130	0.01170	0.00708	0.00857	0.00587	0.00419	0.00392	0.00115	0.00679	0.00313	0.00219	0.00545
13	0.01685	0.01021	0.01234	0.01075	0.09240	0.01057	0.00803	0.45122	0.01642	0.30750	0.01247	0.01190	0.00845	0.00510	0.00431	0.00131	0.00440	0.00403	0.00446	0.00728
14	0.00820	0.00757	0.01256	0.67472	0.10641	0.00910	0.01116	0.01076	0.00850	0.01105	0.00829	0.01305	0.00683	0.08769	0.00604	0.00169	0.00552	0.00407	0.00200	0.00477
15	0.01228	0.01065	0.01336	0.01074	0.01336	0.09395	0.15749	0.16483	0.19154	0.08876	0.02331	0.04731	0.04511	0.01818	0.00575	0.00147	0.08749	0.00489	0.00352	0.00601
16	0.00511	0.00430	0.00443	0.00453	0.00586	0.00362	0.00335	0.00616	0.00966	0.01157	0.04165	0.12189	0.74085	0.01117	0.00513	0.00148	0.00221	0.00941	0.00400	0.00362
17	0.00892	0.09147	0.01469	0.61085	0.16960	0.01043	0.01173	0.01159	0.00884	0.01147	0.00757	0.01089	0.00591	0.00416	0.00415	0.00136	0.00552	0.00368	0.00195	0.00522
18	0.01467	0.00884	0.01036	0.00849	0.01133	0.00934	0.00686	0.21943	0.25630	0.29817	0.01493	0.01422	0.01058	0.00811	0.08608	0.00191	0.00464	0.00441	0.00449	0.00683
19	0.00918	0.01672	0.43679	0.09714	0.02123	0.01030	0.31957	0.01344	0.00946	0.01344	0.00810	0.01031	0.00590	0.00394	0.00450	0.00141	0.00665	0.00398	0.00197	0.00599
20	0.01267	0.02912	0.00959	0.00794	0.01026	0.07314	0.02332	0.12208	0.12436	0.24542	0.06212	0.17426	0.07224	0.00737	0.00459	0.00141	0.00379	0.00622	0.00428	0.00583
21	0.01185	0.09384	0.01125	0.00845	0.01070	0.15687	0.05187	0.07582	0.05573	0.14765	0.12376	0.11603	0.07712	0.00687	0.00476	0.00134	0.03144	0.00565	0.00365	0.00534
22	0.02260	0.39211	0.05937	0.01122	0.14170	0.06041	0.00869	0.14293	0.01125	0.06692	0.00905	0.02099	0.02678	0.00444	0.00358	0.00113	0.00482	0.00331	0.00263	0.00607
23	0.01229	0.00913	0.02965	0.00809	0.02316	0.01883	0.01820	0.21305	0.01229	0.13579	0.02023	0.01113	0.00798	0.02490	0.02456	0.00120	0.00409	0.00343	0.00339	0.41863

[dist]
# distance from previous block
# <min> <max>
4	38

[block]
# block no. 1 follows, 61 sequences, length 23
# corresponding to MSA columns:
# 147-169
name=unknown_B
#
# <colnr> <probs for GDERKNQSTAVLIFYWHMCP>
#	G	D	E	R	K	N	Q	S	T	A	V	L	I	F	Y	W	H	M	C	P
0	0.34749	0.01134	0.06937	0.03127	0.03487	0.07844	0.00754	0.21518	0.03270	0.07876	0.00848	0.00921	0.00628	0.00467	0.00412	0.00134	0.04679	0.00319	0.00315	0.00581
1	0.00723	0.00597	0.00859	0.04384	0.17715	0.00591	0.00699	0.00945	0.04499	0.01325	0.11382	0.17828	0.14933	0.00943	0.00515	0.00159	0.00348	0.20732	0.00362	0.00459
2	0.00531	0.00379	0.00506	0.00606	0.00634	0.00355	0.00410	0.00610	0.00830	0.01106	0.02371	0.81870	0.02836	0.01344	0.00551	0.00176	0.00255	0.03878	0.00400	0.00351
3	0.01279	0.16048	0.01589	0.06081	0.16891	0.28177	0.05229	0.08076	0.02365	0.01284	0.00737	0.00910	0.00613	0.00452	0.00487	0.00124	0.08533	0.00330	0.00229	0.00567
4	0.00601	0.00451	0.00558	0.00534	0.00645	0.00415	0.00399	0.00811	0.03460	0.01600	0.62097	0.06507	0.18460	0.00930	0.00508	0.00139	0.00212	0.00812	0.00456	0.00404
5	0.05384	0.06337	0.04733	0.00843	0.03036	0.08916	0.02034	0.05160	0.00967	0.03728	0.00763	0.00896	0.00624	0.00397	0.00431	0.00096	0.07479	0.00287	0.00254	0.47633
6	0.01137	0.19543	0.25063	0.01343	0.11686	0.08552	0.12943	0.10946	0.02304	0.01438	0.00792	0.00933	0.00615	0.00409	0.00399	0.00124	0.00585	0.00343	0.00229	0.00616
7	0.00616	0.00417	0.00490	0.00500	0.00508	0.00421	0.00296	0.00635	0.00650	0.00873	0.01438	0.10494	0.01650	0.70562	0.08355	0.00416	0.00459	0.00670	0.00272	0.00279
8	0.00556	0.00419	0.00519	0.00566	0.00648	0.00382	0.00416	0.00679	0.00961	0.01254	0.17329	0.37140	0.25787	0.01171	0.00536	0.00162	0.00250	0.10444	0.00413	0.00370
9	0.02920	0.06376	0.02562	0.01207	0.12420	0.11821	0.05693	0.23343	0.02787	0.18462	0.01089	0.04166	0.00830	0.00512	0.00461	0.00131	0.03821	0.00408	0.00349	0.00643
10	0.01631	0.01162	0.01259	0.00971	0.01310	0.01277	0.00800	0.71907	0.05619	0.07975	0.01111	0.01089	0.00781	0.00521	0.00431	0.00130	0.00461	0.00395	0.00438	0.00730
11	0.00838	0.00781	0.01262	0.75951	0.02791	0.00968	0.01147	0.01213	0.08507	0.01167	0.00859	0.01192	0.00645	0.00445	0.00431	0.00144	0.00552	0.00393	0.00215	0.00498
12	0.01059	0.04731	0.30184	0.03922	0.16035	0.04781	0.19509	0.04875	0.02263	0.04866	0.00877	0.01087	0.00668	0.00424	0.00448	0.00136	0.01715	0.01568	0.00231	0.00621
13	0.00716	0.00587	0.00613	0.00602	0.00648	0.08309	0.00404	0.00776	0.00704	0.00909	0.01226	0.02263	0.01313	0.50644	0.28009	0.00477	0.00688	0.00540	0.00248	0.00323
14	0.00904	0.13727	0.71480	0.01160	0.01759	0.01098	0.01473	0.01354	0.00905	0.01316	0.00749	0.00879	0.00547	0.00404	0.00391	0.00130	0.00612	0.00306	0.00182	0.00625
15	0.00531	0.00429	0.00473	0.00485	0.00605	0.00371	0.00359	0.00652	0.00996	0.01244	0.15882	0.15728	0.56591	0.01099	0.00517	0.00150	0.00225	0.02882	0.00411	0.00369
16	0.03554	0.01217	0.08823	0.15047	0.38202	0.11349	0.10115	0.01351	0.02213	0.01334	0.02272	0.01076	0.00699	0.00411	0.00427	0.00132	0.00577	0.00383	0.00218	0.00600
17	0.01231	0.01212	0.12426	0.09212	0.01923	0.01050	0.35542	0.17237	0.01219	0.13103	0.00998	0.01145	0.00706	0.00430	0.00462	0.00139	0.00599	0.00437	0.00298	0.00630
18	0.00557	0.00390	0.00498	0.00571	0.00591	0.00373	0.00371	0.00616	0.00776	0.01034	0.02097	0.60109	0.02491	0.23896	0.00995	0.00241	0.00300	0.03406	0.00362	0.00327
19	0.00920	0.05666	0.41805	0.01384	0.01886	0.01030	0.32098	0.01318	0.00931	0.01320	0.00839	0.01103	0.00648	0.04167	0.02860	0.00166	0.00668	0.00405	0.00201	0.00587
20	0.00939	0.01852	0.02705	0.01204	0.14172	0.04185	0.11234	0.12013	0.04825	0.01475	0.04370	0.21423	0.07941	0.00811	0.01760	0.00157	0.03399	0.04679	0.00331	0.00526
21	0.01778	0.00948	0.01149	0.00920	0.03592	0.00951	0.00734	0.36346	0.01571	0.45326	0.01383	0.01266	0.00910	0.00522	0.00432	0.00131	0.00418	0.00412	0.00479	0.00731
22	0.00812	0.00786	0.01383	0.01165	0.02967	0.03137	0.31023	0.01050	0.00994	0.01293	0.03143	0.10719	0.10902	0.00837	0.00537	0.00165	0.00498	0.27798	0.00322	0.00467

[dist]
# distance from previous block
# <min> <max>
0	4

[block]
# block no. 2 follows, 61 sequences, length 43
# corresponding to MSA columns:
# 175-217
name=unknown_C
#
# <colnr> <probs for GDERKNQSTAVLIFYWHMCP>
#	G	D	E	R	K	N	Q	S	T	A	V	L	I	F	Y	W	H	M	C	P
0	0.02335	0.01121	0.01239	0.04059	0.08999	0.20141	0.09168	0.10766	0.04938	0.09091	0.02202	0.02498	0.00915	0.08529	0.09519	0.00218	0.02997	0.00428	0.00294	0.00544
1	0.04237	0.00971	0.01101	0.00866	0.01175	0.05162	0.00709	0.28830	0.03571	0.41789	0.03210	0.01286	0.00967	0.00537	0.00462	0.00133	0.03428	0.00411	0.00458	0.00695
2	0.08405	0.01067	0.01136	0.00962	0.04100	0.03951	0.00751	0.53638	0.02779	0.05766	0.01193	0.10135	0.00998	0.00609	0.00433	0.00136	0.00442	0.02445	0.00403	0.00651
3	0.01653	0.01117	0.01185	0.00923	0.01246	0.05543	0.00756	0.56726	0.01767	0.18541	0.01166	0.01136	0.00809	0.00516	0.00423	0.00128	0.00455	0.00392	0.04817	0.00703
4	0.01131	0.00965	0.01041	0.03917	0.03572	0.02329	0.00730	0.12715	0.62145	0.01860	0.01646	0.01552	0.03303	0.00575	0.00438	0.00143	0.00376	0.00475	0.00418	0.00670
5	0.00813	0.00766	0.01292	0.83826	0.02967	0.00957	0.01196	0.01101	0.00861	0.01101	0.00766	0.01148	0.00574	0.00431	0.00431	0.00144	0.00574	0.00383	0.00191	0.00479
6	0.00737	0.00487	0.00589	0.00545	0.00673	0.00465	0.00415	0.03051	0.04644	0.05059	0.53178	0.02818	0.09422	0.00796	0.00465	0.00131	0.00224	0.00688	0.15179	0.00436
7	0.00626	0.00418	0.00470	0.00470	0.00470	0.00418	0.00261	0.00626	0.00626	0.00835	0.01357	0.02819	0.01566	0.84862	0.02192	0.00418	0.00418	0.00626	0.00261	0.00261
8	0.01017	0.01162	0.02542	0.01816	0.02251	0.01089	0.80610	0.01380	0.01017	0.01380	0.00871	0.01162	0.00654	0.00363	0.00508	0.00145	0.00726	0.00508	0.00218	0.00581
9	0.01619	0.04508	0.01260	0.02153	0.04188	0.08200	0.00790	0.47018	0.03127	0.19582	0.02535	0.01143	0.00846	0.00510	0.00423	0.00128	0.00472	0.00390	0.00415	0.00693
10	0.00525	0.00375	0.00500	0.00600	0.00625	0.00350	0.00400	0.00600	0.00825	0.01100	0.02374	0.84580	0.02849	0.01350	0.00550	0.00175	0.00250	0.01225	0.00400	0.00350
11	0.00893	0.00766	0.00893	0.00638	0.01021	0.00574	0.00510	0.01085	0.00893	0.01404	0.00766	0.00893	0.00638	0.00319	0.00319	0.00064	0.00319	0.00255	0.00255	0.87495
12	0.00813	0.00766	0.01292	0.83826	0.02967	0.00957	0.01196	0.01101	0.00861	0.01101	0.00766	0.01148	0.00574	0.00431	0.00431	0.00144	0.00574	0.00383	0.00191	0.00479
13	0.01192	0.00979	0.02670	0.06665	0.29457	0.01015	0.00952	0.21193	0.14096	0.06739	0.06804	0.01426	0.03830	0.00520	0.00438	0.00134	0.00441	0.00448	0.00345	0.00654
14	0.00560	0.00400	0.00541	0.00641	0.00681	0.00381	0.00462	0.00661	0.00860	0.01140	0.02354	0.67799	0.02771	0.01316	0.00559	0.00180	0.00281	0.17655	0.00399	0.00360
15	0.00813	0.00766	0.01292	0.83826	0.02967	0.00957	0.01196	0.01101	0.00861	0.01101	0.00766	0.01148	0.00574	0.00431	0.00431	0.00144	0.00574	0.00383	0.00191	0.00479
16	0.00813	0.00766	0.01292	0.83826	0.02967	0.00957	0.01196	0.01101	0.00861	0.01101	0.00766	0.01148	0.00574	0.00431	0.00431	0.00144	0.00574	0.00383	0.00191	0.00479
17	0.00813	0.00766	0.01292	0.83826	0.02967	0.00957	0.01196	0.01101	0.00861	0.01101	0.00766	0.01148	0.00574	0.00431	0.00431	0.00144	0.00574	0.00383	0.00191	0.00479
18	0.01260	0.00886	0.01000	0.00899	0.03249	0.00974	0.00688	0.02222	0.61726	0.19456	0.01717	0.01562	0.01244	0.00568	0.00437	0.00143	0.00351	0.00473	0.00453	0.00693
19	0.03844	0.00735	0.00992	0.00762	0.01094	0.00641	0.00629	0.02081	0.01222	0.80682	0.01675	0.01449	0.01053	0.00530	0.00429	0.00133	0.00366	0.00429	0.00527	0.00727
20	0.01637	0.01207	0.01293	0.00991	0.01336	0.01336	0.00819	0.80738	0.02025	0.02715	0.01034	0.01034	0.00733	0.00517	0.00431	0.00129	0.00474	0.00388	0.00431	0.00733
21	0.00931	0.00925	0.01297	0.01115	0.01118	0.01291	0.00928	0.01027	0.00661	0.01035	0.00587	0.00969	0.00584	0.00843	0.04352	0.00207	0.81093	0.00380	0.00190	0.00468
22	0.01557	0.01965	0.01228	0.01111	0.01316	0.76683	0.00841	0.01666	0.01176	0.01053	0.00658	0.00790	0.00556	0.00468	0.00469	0.00117	0.07343	0.00285	0.00219	0.00497
23	0.00590	0.00440	0.00548	0.00521	0.00631	0.00398	0.00391	0.00774	0.01173	0.01616	0.66651	0.03401	0.19430	0.00922	0.00508	0.00137	0.00206	0.00805	0.00460	0.00398
24	0.01090	0.00985	0.01602	0.18056	0.57542	0.01033	0.01235	0.08890	0.01063	0.03146	0.00841	0.01087	0.00674	0.00409	0.00428	0.00131	0.00517	0.00385	0.00236	0.00649
25	0.00813	0.00766	0.01292	0.83826	0.02967	0.00957	0.01196	0.01101	0.00861	0.01101	0.00766	0.01148	0.00574	0.00431	0.00431	0.00144	0.00574	0.00383	0.00191	0.00479
26	0.00519	0.00437	0.00450	0.00447	0.00588	0.00368	0.00335	0.00638	0.01006	0.01220	0.12121	0.04053	0.74207	0.01070	0.00509	0.00144	0.00217	0.00896	0.00407	0.00368
27	0.00893	0.00766	0.00893	0.00638	0.01021	0.00574	0.00510	0.01085	0.00893	0.01404	0.00766	0.00893	0.00638	0.00319	0.00319	0.00064	0.00319	0.00255	0.00255	0.87495
28	0.01046	0.01000	0.01704	0.06788	0.76478	0.01010	0.01303	0.01302	0.00975	0.01389	0.00837	0.01146	0.00713	0.00402	0.00430	0.00130	0.00513	0.01954	0.00216	0.00666
29	0.00821	0.00773	0.01306	0.81349	0.05384	0.00959	0.01200	0.01107	0.00865	0.01110	0.00767	0.01146	0.00578	0.00429	0.00431	0.00143	0.00572	0.00383	0.00192	0.00485
30	0.00588	0.00420	0.00572	0.00671	0.00724	0.00404	0.00509	0.00708	0.00887	0.01170	0.02340	0.55058	0.02712	0.01290	0.00567	0.00184	0.00304	0.30128	0.00399	0.00367
31	0.00813	0.00766	0.01292	0.83826	0.02967	0.00957	0.01196	0.01101	0.00861	0.01101	0.00766	0.01148	0.00574	0.00431	0.00431	0.00144	0.00574	0.00383	0.00191	0.00479
32	0.01465	0.01473	0.01241	0.04804	0.11623	0.40840	0.00860	0.11271	0.02794	0.10467	0.02648	0.01016	0.00747	0.00466	0.00423	0.00119	0.02054	0.00342	0.00291	0.05057
33	0.00891	0.00844	0.01432	0.59006	0.27183	0.00977	0.01235	0.01168	0.00898	0.01194	0.00779	0.01123	0.00607	0.00416	0.00429	0.00139	0.00555	0.00383	0.00198	0.00541
34	0.04487	0.00733	0.00978	0.00766	0.01085	0.00649	0.00635	0.03444	0.01220	0.74381	0.01684	0.01610	0.01115	0.00563	0.00436	0.00137	0.00369	0.04486	0.00516	0.00708
35	0.00582	0.00458	0.00621	0.02351	0.07973	0.00430	0.00491	0.00691	0.00886	0.01160	0.04352	0.54683	0.19112	0.01177	0.00528	0.00164	0.00276	0.03296	0.00381	0.00388
36	0.00847	0.00805	0.01367	0.71761	0.11468	0.00974	0.02812	0.01129	0.00873	0.01138	0.00769	0.01136	0.00587	0.00431	0.00451	0.00143	0.02226	0.00385	0.00194	0.00502
37	0.00864	0.02228	0.82630	0.01228	0.01864	0.01000	0.01592	0.01364	0.00909	0.01364	0.00773	0.00909	0.00546	0.00409	0.00409	0.00136	0.00637	0.00318	0.00182	0.00637
38	0.00694	0.00496	0.00694	0.00793	0.00892	0.00496	0.00694	0.00892	0.00992	0.01289	0.02281	0.04859	0.02479	0.01190	0.00595	0.00198	0.00397	0.79275	0.00397	0.00397
39	0.09689	0.00986	0.01394	0.08057	0.15978	0.05848	0.15553	0.11953	0.06424	0.05945	0.02552	0.08490	0.01026	0.00552	0.00444	0.00141	0.00498	0.03584	0.00307	0.00579
40	0.08107	0.01162	0.03678	0.01552	0.31731	0.14374	0.00949	0.16015	0.01189	0.07139	0.01008	0.07848	0.00868	0.01953	0.00449	0.00135	0.00505	0.00430	0.00296	0.00613
41	0.03069	0.02622	0.03603	0.01076	0.03714	0.18158	0.04779	0.42994	0.05799	0.08429	0.01012	0.01038	0.00735	0.00488	0.00421	0.00127	0.00537	0.00373	0.00366	0.00663
42	0.03030	0.20764	0.04130	0.00936	0.03510	0.21090	0.04841	0.06724	0.05910	0.02488	0.04411	0.11289	0.06413	0.00615	0.00410	0.00126	0.00496	0.02002	0.00290	0.00523

[dist]
# distance from previous block
# <min> <max>
2	30

[block]
# block no. 3 follows, 61 sequences, length 28
# corresponding to MSA columns:
# 248-275
name=unknown_D
#
# <colnr> <probs for GDERKNQSTAVLIFYWHMCP>
#	G	D	E	R	K	N	Q	S	T	A	V	L	I	F	Y	W	H	M	C	P
0	0.02518	0.03661	0.01523	0.09131	0.53301	0.00976	0.01115	0.02852	0.05168	0.06084	0.00966	0.02319	0.01817	0.00428	0.00416	0.00126	0.00474	0.00395	0.00253	0.06475
1	0.06110	0.01023	0.03059	0.09998	0.32657	0.05635	0.04460	0.02080	0.00889	0.01298	0.00741	0.01020	0.00632	0.00575	0.03467	0.00160	0.20218	0.00367	0.00214	0.05398
2	0.26060	0.00776	0.00946	0.00941	0.07580	0.00909	0.02104	0.02672	0.02416	0.02196	0.04415	0.12957	0.04163	0.00725	0.00680	0.00157	0.22842	0.05438	0.00289	0.01732
3	0.06971	0.00622	0.00747	0.00682	0.00861	0.00591	0.01891	0.10609	0.01003	0.04694	0.01739	0.40643	0.04311	0.00961	0.02590	0.00155	0.00335	0.02319	0.00363	0.17913
4	0.01082	0.01016	0.01294	0.42829	0.11135	0.09597	0.01048	0.13269	0.11701	0.01464	0.00931	0.01144	0.00706	0.00460	0.00427	0.00137	0.00543	0.00386	0.00265	0.00568
5	0.51483	0.00842	0.00838	0.00741	0.03998	0.00903	0.00578	0.07607	0.02736	0.25100	0.00982	0.00979	0.00686	0.00451	0.00337	0.00133	0.00360	0.00314	0.00357	0.00576
6	0.03677	0.00844	0.01349	0.56669	0.18705	0.00985	0.01154	0.06558	0.00962	0.02386	0.00807	0.01124	0.00619	0.00476	0.01844	0.00148	0.00554	0.00381	0.00220	0.00538
7	0.01013	0.03545	0.22764	0.08137	0.15286	0.04597	0.30009	0.01356	0.00982	0.04073	0.00952	0.01158	0.03258	0.00417	0.00449	0.00137	0.00622	0.00422	0.00222	0.00598
8	0.00557	0.00415	0.00565	0.07940	0.00819	0.00409	0.00457	0.00647	0.00820	0.01083	0.02236	0.67997	0.05680	0.07419	0.00659	0.00189	0.00290	0.01094	0.00371	0.00355
9	0.00646	0.00484	0.00711	0.00699	0.00762	0.00571	0.00538	0.00764	0.00677	0.00976	0.01098	0.01678	0.01047	0.07334	0.67806	0.06769	0.06385	0.00459	0.00227	0.00370
10	0.00975	0.03702	0.01500	0.36471	0.40218	0.00979	0.01190	0.01230	0.00931	0.04255	0.00875	0.04202	0.00727	0.00444	0.00428	0.00135	0.00521	0.00411	0.00222	0.00582
11	0.00985	0.00505	0.00672	0.00655	0.00794	0.00454	0.00493	0.01107	0.00995	0.26772	0.05942	0.42876	0.07503	0.01041	0.00512	0.00160	0.00294	0.07315	0.00445	0.00478
12	0.00888	0.00836	0.01360	0.27024	0.35255	0.02497	0.03980	0.01124	0.00933	0.01252	0.01211	0.11258	0.04032	0.00593	0.00459	0.00144	0.00495	0.05868	0.00248	0.00542
13	0.00782	0.00658	0.01034	0.18048	0.01466	0.00698	0.09694	0.02583	0.06227	0.01330	0.05469	0.07083	0.03300	0.00880	0.00530	0.00171	0.00449	0.38797	0.00341	0.00457
14	0.01182	0.00921	0.03951	0.09771	0.12729	0.00902	0.11651	0.16035	0.04680	0.14684	0.03081	0.07486	0.02118	0.00609	0.00468	0.00145	0.00474	0.08159	0.00351	0.00603
15	0.00874	0.00728	0.02029	0.05943	0.14177	0.03047	0.03918	0.05451	0.01085	0.05980	0.22611	0.05312	0.12989	0.00884	0.04952	0.00173	0.02932	0.06065	0.00355	0.00497
16	0.01107	0.01100	0.01572	0.22478	0.43814	0.10748	0.04407	0.07093	0.01057	0.01383	0.00801	0.01054	0.00643	0.00411	0.00427	0.00131	0.00565	0.00376	0.00225	0.00610
17	0.00536	0.00389	0.00508	0.00593	0.00635	0.00361	0.00408	0.00626	0.00866	0.01147	0.06802	0.70180	0.09161	0.01297	0.00546	0.00172	0.00252	0.04764	0.00404	0.00356
18	0.00525	0.00375	0.00500	0.00600	0.00625	0.00350	0.00400	0.00600	0.00825	0.01100	0.02374	0.84580	0.02849	0.01350	0.00550	0.00175	0.00250	0.01225	0.00400	0.00350
19	0.00937	0.00896	0.01536	0.43799	0.40092	0.00991	0.03152	0.01211	0.00921	0.01251	0.00789	0.01110	0.00627	0.00407	0.00431	0.00136	0.00549	0.00386	0.00202	0.00577
20	0.00626	0.00419	0.00567	0.00612	0.00676	0.00406	0.00435	0.00736	0.00875	0.05529	0.11514	0.53061	0.05424	0.01574	0.15124	0.00258	0.00409	0.00984	0.00386	0.00384
21	0.04948	0.00747	0.00956	0.00751	0.01053	0.00689	0.00612	0.07573	0.04217	0.62508	0.04915	0.01598	0.03151	0.03643	0.00496	0.00144	0.00364	0.00457	0.00497	0.00682
22	0.17048	0.00958	0.01051	0.04649	0.01228	0.01038	0.00705	0.30808	0.14617	0.21722	0.01224	0.01179	0.00855	0.00507	0.00403	0.00134	0.00405	0.00387	0.00416	0.00665
23	0.01000	0.00935	0.01542	0.26371	0.49659	0.01011	0.01220	0.04882	0.00989	0.01373	0.03237	0.01149	0.00750	0.00432	0.00467	0.00135	0.03620	0.00395	0.00224	0.00608
24	0.01057	0.00761	0.00840	0.00758	0.00930	0.05236	0.00591	0.20378	0.03701	0.09328	0.01888	0.19162	0.11937	0.00984	0.03269	0.06329	0.03285	0.07193	0.01874	0.00499
25	0.01102	0.01105	0.01579	0.06488	0.50771	0.09828	0.05959	0.01497	0.13333	0.01417	0.02142	0.01160	0.00808	0.00430	0.00431	0.00131	0.00526	0.00402	0.00252	0.00641
26	0.01130	0.02517	0.05732	0.04118	0.05740	0.04040	0.10032	0.25693	0.01283	0.06764	0.01525	0.17942	0.06916	0.02760	0.00509	0.00149	0.00458	0.01774	0.00352	0.00567
27	0.00865	0.05314	0.04255	0.01055	0.12135	0.06027	0.00767	0.06645	0.01019	0.01326	0.01721	0.23679	0.01855	0.00939	0.00528	0.00164	0.02221	0.28671	0.00339	0.00474

[dist]
# distance from previous block
# <min> <max>
6	14

[block]
# block no. 4 follows, 61 sequences, length 20
# corresponding to MSA columns:
# 290-309
name=unknown_E
#
# <colnr> <probs for GDERKNQSTAVLIFYWHMCP>
#	G	D	E	R	K	N	Q	S	T	A	V	L	I	F	Y	W	H	M	C	P
0	0.09543	0.03560	0.02517	0.06950	0.13513	0.03671	0.08070	0.22165	0.09886	0.11531	0.01055	0.01145	0.00782	0.01750	0.00441	0.00136	0.00477	0.00391	0.00337	0.02080
1	0.12620	0.03731	0.01397	0.06949	0.26610	0.19330	0.04141	0.05117	0.02374	0.01394	0.00743	0.00941	0.00613	0.00448	0.00498	0.00130	0.09367	0.00338	0.00233	0.03026
2	0.04458	0.00655	0.00810	0.03417	0.07637	0.01810	0.01883	0.05967	0.06346	0.04681	0.09071	0.11548	0.12265	0.06246	0.01892	0.00165	0.05308	0.00610	0.14761	0.00471
3	0.01246	0.05329	0.01453	0.04584	0.23663	0.28130	0.05574	0.05245	0.11922	0.01349	0.00917	0.02970	0.00761	0.00477	0.00463	0.00129	0.04564	0.00382	0.00258	0.00587
4	0.00573	0.00442	0.00555	0.00628	0.03088	0.00411	0.00432	0.00721	0.03512	0.01238	0.13202	0.44237	0.23523	0.01160	0.00529	0.00161	0.00253	0.04547	0.00405	0.00384
5	0.00840	0.00795	0.01346	0.73009	0.09025	0.00954	0.03162	0.01124	0.00875	0.01140	0.00772	0.01135	0.00586	0.00422	0.00429	0.00140	0.00566	0.00382	0.00196	0.03101
6	0.02868	0.03492	0.14019	0.01513	0.14953	0.05706	0.25538	0.09721	0.06234	0.10224	0.00984	0.01113	0.00725	0.00427	0.00442	0.00135	0.00577	0.00412	0.00282	0.00637
7	0.00973	0.00942	0.01568	0.29539	0.34734	0.02680	0.10454	0.03663	0.03322	0.01325	0.00951	0.01226	0.03110	0.00519	0.03047	0.00154	0.00569	0.00417	0.00226	0.00581
8	0.00550	0.00437	0.00504	0.00529	0.00625	0.00404	0.00388	0.00652	0.00904	0.01134	0.04892	0.22986	0.45349	0.07628	0.03714	0.00198	0.02319	0.06049	0.00379	0.00359
9	0.01057	0.00948	0.01558	0.23896	0.48493	0.02369	0.03891	0.02876	0.00991	0.06283	0.00947	0.01188	0.02732	0.00426	0.00432	0.00133	0.00523	0.00402	0.00236	0.00618
10	0.01083	0.00914	0.10889	0.03324	0.02719	0.00776	0.04620	0.11530	0.07011	0.16843	0.03116	0.11206	0.12312	0.02630	0.03305	0.00170	0.03113	0.03507	0.00373	0.00560
11	0.00539	0.00394	0.00501	0.00576	0.00623	0.00365	0.00396	0.00627	0.00863	0.01133	0.06377	0.61482	0.14071	0.05656	0.00630	0.00183	0.00258	0.04579	0.00396	0.00352
12	0.01146	0.03569	0.01634	0.19485	0.19042	0.16181	0.16290	0.08065	0.03609	0.01363	0.00816	0.01047	0.00644	0.00437	0.00483	0.00134	0.04859	0.00387	0.00234	0.00575
13	0.01102	0.09597	0.08547	0.10592	0.38148	0.04624	0.02383	0.06246	0.03332	0.05394	0.01049	0.01210	0.05005	0.00451	0.00415	0.00128	0.00509	0.00393	0.00251	0.00623
14	0.00977	0.02495	0.16569	0.03853	0.01674	0.04096	0.29972	0.02491	0.09304	0.03751	0.01232	0.06719	0.04495	0.00561	0.00545	0.00148	0.07039	0.03249	0.00269	0.00562
15	0.00527	0.00417	0.00467	0.00495	0.00594	0.00365	0.00352	0.00628	0.00937	0.01172	0.09492	0.28012	0.48912	0.04894	0.00596	0.00166	0.00235	0.00981	0.00399	0.00358
16	0.01069	0.09348	0.02703	0.15480	0.41457	0.02610	0.04682	0.03689	0.02516	0.05182	0.00879	0.01132	0.00715	0.02241	0.03058	0.00152	0.00536	0.00383	0.01562	0.00609
17	0.01164	0.11423	0.26424	0.02406	0.10295	0.07676	0.05605	0.08556	0.03616	0.10250	0.01011	0.03851	0.00808	0.00486	0.00414	0.00130	0.00538	0.03049	0.00275	0.02020
18	0.04754	0.00800	0.04196	0.02861	0.05163	0.04982	0.00653	0.11922	0.01069	0.10878	0.01817	0.29364	0.09875	0.00908	0.02322	0.00162	0.05572	0.00713	0.01485	0.00502
19	0.01124	0.03689	0.11581	0.08978	0.12669	0.04765	0.13837	0.15678	0.06808	0.04263	0.02387	0.03821	0.00842	0.00530	0.00509	0.03956	0.01945	0.00429	0.01593	0.00595

[dist]
# distance from previous block
# <min> <max>
2	46

[block]
# block no. 5 follows, 61 sequences, length 13
# corresponding to MSA columns:
# 356-368
name=unknown_F
#
# <colnr> <probs for GDERKNQSTAVLIFYWHMCP>
#	G	D	E	R	K	N	Q	S	T	A	V	L	I	F	Y	W	H	M	C	P
0	0.05020	0.00800	0.03828	0.11277	0.05997	0.02575	0.05861	0.09113	0.04920	0.08239	0.07644	0.06690	0.05723	0.13366	0.03785	0.00200	0.00456	0.00537	0.02116	0.01852
1	0.01044	0.00980	0.01221	0.08235	0.16713	0.11529	0.07508	0.06554	0.05261	0.04179	0.05152	0.03565	0.08951	0.05052	0.00544	0.00142	0.01938	0.00476	0.00292	0.10663
2	0.01010	0.03300	0.10441	0.04902	0.16338	0.04379	0.05005	0.09838	0.07444	0.04513	0.02983	0.11384	0.06795	0.03423	0.00499	0.00143	0.00453	0.00530	0.00307	0.06313
3	0.00646	0.00525	0.00721	0.10779	0.07834	0.01844	0.00590	0.00781	0.00883	0.01163	0.03820	0.42886	0.12062	0.03352	0.01980	0.00177	0.00345	0.06776	0.02432	0.00402
4	0.01466	0.01815	0.01170	0.01103	0.03556	0.68901	0.00808	0.01613	0.03711	0.01091	0.00846	0.07912	0.00777	0.00532	0.00433	0.00120	0.03035	0.00370	0.00243	0.00497
5	0.01612	0.01981	0.01227	0.01100	0.01332	0.76206	0.00831	0.08411	0.01289	0.01195	0.00697	0.00799	0.00570	0.00450	0.00392	0.00113	0.00751	0.00287	0.00240	0.00519
6	0.02659	0.02236	0.01357	0.09871	0.16255	0.09695	0.10527	0.12526	0.04477	0.10702	0.06369	0.03422	0.05675	0.00531	0.00441	0.00133	0.00494	0.00467	0.00321	0.01842
7	0.00704	0.00511	0.00627	0.00643	0.00746	0.02291	0.00497	0.02456	0.03573	0.03468	0.24014	0.20882	0.07832	0.01204	0.07514	0.00203	0.00361	0.17109	0.04951	0.00413
8	0.82821	0.00827	0.00655	0.00578	0.00849	0.00947	0.00476	0.01315	0.00763	0.06695	0.00665	0.00745	0.00502	0.00408	0.00276	0.00133	0.00335	0.00245	0.00282	0.00482
9	0.01661	0.01101	0.01237	0.00954	0.01279	0.01197	0.00788	0.61414	0.01803	0.18275	0.01142	0.01114	0.00790	0.00532	0.00479	0.00133	0.04545	0.00396	0.00439	0.00720
10	0.00686	0.00520	0.00725	0.04844	0.02989	0.00588	0.00555	0.00886	0.04722	0.01156	0.06838	0.08494	0.01456	0.10104	0.39898	0.00432	0.04776	0.02285	0.07642	0.00404
11	0.01152	0.85121	0.02257	0.00737	0.01106	0.01704	0.00737	0.01290	0.00875	0.01013	0.00599	0.00691	0.00553	0.00369	0.00276	0.00092	0.00461	0.00230	0.00184	0.00553
12	0.01289	0.01437	0.01075	0.07969	0.01295	0.45414	0.00762	0.08582	0.02496	0.01298	0.07665	0.03467	0.04787	0.00583	0.00490	0.02141	0.04434	0.00408	0.03919	0.00491

[dist]
# distance from previous block
# <min> <max>
0	39

[block]
# block no. 6 follows, 61 sequences, length 8
# corresponding to MSA columns:
# 408-415
name=unknown_G
#
# <colnr> <probs for GDERKNQSTAVLIFYWHMCP>
#	G	D	E	R	K	N	Q	S	T	A	V	L	I	F	Y	W	H	M	C	P
0	0.01119	0.00861	0.00925	0.00808	0.01041	0.00960	0.00638	0.16635	0.46327	0.04135	0.06446	0.01736	0.03329	0.00606	0.00431	0.00138	0.00341	0.02475	0.10422	0.00629
1	0.42862	0.00824	0.00834	0.00763	0.04982	0.00888	0.00585	0.13176	0.01057	0.16819	0.01024	0.01166	0.00771	0.00483	0.00346	0.00132	0.00359	0.03509	0.08864	0.00557
2	0.00766	0.00558	0.02671	0.00594	0.00744	0.00502	0.00467	0.00989	0.06290	0.10193	0.29363	0.06757	0.26790	0.05804	0.01975	0.00169	0.02508	0.01998	0.00420	0.00443
3	0.24357	0.05138	0.01099	0.00921	0.01160	0.44580	0.02695	0.05993	0.01073	0.01379	0.00716	0.00882	0.00600	0.03043	0.04536	0.00156	0.00635	0.00295	0.00246	0.00496
4	0.04725	0.01102	0.12564	0.05809	0.25956	0.00953	0.04390	0.09265	0.08824	0.16489	0.02751	0.01249	0.00876	0.02583	0.00470	0.00141	0.00479	0.00408	0.00318	0.00650
5	0.00626	0.00455	0.00596	0.03714	0.02487	0.00432	0.00454	0.00743	0.02637	0.03142	0.02181	0.57175	0.07053	0.09447	0.00686	0.00188	0.00293	0.02389	0.00371	0.04930
6	0.03436	0.00787	0.00959	0.00769	0.01065	0.04567	0.00629	0.05149	0.03426	0.61498	0.03701	0.01626	0.01173	0.00567	0.00431	0.00134	0.00378	0.04353	0.04678	0.00674
7	0.01154	0.01083	0.08210	0.01028	0.09469	0.06049	0.00795	0.16756	0.10919	0.05725	0.04337	0.01244	0.00938	0.00468	0.00399	0.00112	0.00427	0.02392	0.00325	0.28169

[dist]
# distance from previous block
# <min> <max>
2	8

[block]
# block no. 7 follows, 61 sequences, length 52
# corresponding to MSA columns:
# 427-437,441,443-482
name=unknown_H
#
# <colnr> <probs for GDERKNQSTAVLIFYWHMCP>
#	G	D	E	R	K	N	Q	S	T	A	V	L	I	F	Y	W	H	M	C	P
0	0.00796	0.00669	0.00916	0.10858	0.13054	0.00669	0.00684	0.06240	0.03364	0.01423	0.15255	0.15828	0.13383	0.00791	0.01667	0.00143	0.01938	0.00655	0.00339	0.11329
1	0.55176	0.00855	0.00802	0.00760	0.04660	0.02513	0.00581	0.07057	0.03305	0.01784	0.02976	0.01105	0.04406	0.00625	0.04213	0.00164	0.06999	0.01241	0.00286	0.00493
2	0.03168	0.01170	0.01280	0.29532	0.10171	0.18880	0.00978	0.18766	0.02704	0.07927	0.00895	0.01058	0.00666	0.00458	0.00418	0.00131	0.00564	0.00364	0.00286	0.00583
3	0.00581	0.00446	0.00522	0.00528	0.00649	0.00397	0.00400	0.00717	0.01000	0.02626	0.19387	0.14094	0.43268	0.01167	0.04344	0.00175	0.00281	0.07195	0.00407	0.01816
4	0.01038	0.01001	0.01725	0.11018	0.71565	0.01019	0.03705	0.01301	0.00970	0.01375	0.00807	0.01078	0.00670	0.00388	0.00429	0.00130	0.00525	0.00387	0.00211	0.00658
5	0.00616	0.00458	0.00677	0.00677	0.00748	0.00530	0.00519	0.00759	0.00688	0.00989	0.01168	0.01770	0.01111	0.08899	0.77532	0.00673	0.01103	0.00473	0.00233	0.00376
6	0.06529	0.00675	0.00835	0.02543	0.00981	0.00696	0.00620	0.10262	0.05170	0.20363	0.06582	0.08036	0.04496	0.04150	0.04017	0.00188	0.03136	0.18756	0.01438	0.00526
7	0.01117	0.01061	0.01584	0.03800	0.58029	0.05129	0.02235	0.07683	0.07192	0.01512	0.02963	0.01144	0.00808	0.00439	0.00463	0.00131	0.03401	0.00398	0.00254	0.00657
8	0.00813	0.00766	0.01292	0.83826	0.02967	0.00957	0.01196	0.01101	0.00861	0.01101	0.00766	0.01148	0.00574	0.00431	0.00431	0.00144	0.00574	0.00383	0.00191	0.00479
9	0.01017	0.01162	0.02542	0.01816	0.02251	0.01089	0.80610	0.01380	0.01017	0.01380	0.00871	0.01162	0.00654	0.00363	0.00508	0.00145	0.00726	0.00508	0.00218	0.00581
10	0.01007	0.00927	0.01448	0.30889	0.35938	0.04487	0.03031	0.01280	0.03274	0.05022	0.00932	0.05462	0.00783	0.00477	0.00467	0.00138	0.03192	0.00431	0.00236	0.00578
11	0.01041	0.11694	0.13373	0.01361	0.21449	0.11307	0.03767	0.01347	0.07514	0.02431	0.08328	0.01351	0.01064	0.07513	0.00606	0.00152	0.04470	0.00411	0.00256	0.00563
12	0.00737	0.00526	0.00572	0.00551	0.00582	0.04295	0.00347	0.00766	0.00687	0.04450	0.01300	0.02514	0.01426	0.67810	0.08954	0.00408	0.02920	0.00580	0.00266	0.00309
13	0.01077	0.00835	0.01038	0.03209	0.14561	0.02414	0.00737	0.09099	0.27650	0.08935	0.23611	0.01867	0.01858	0.00615	0.00453	0.00137	0.00360	0.00530	0.00408	0.00607
14	0.00748	0.00374	0.00561	0.00561	0.00561	0.00374	0.00374	0.00561	0.00561	0.00748	0.00748	0.01309	0.00748	0.01496	0.01684	0.87467	0.00374	0.00374	0.00187	0.00187
15	0.00573	0.00430	0.00559	0.00618	0.00679	0.00410	0.01743	0.00731	0.05550	0.01183	0.05079	0.65341	0.10362	0.01231	0.00534	0.00168	0.00260	0.02258	0.01913	0.00378
16	0.00997	0.00836	0.00934	0.00683	0.01055	0.03174	0.00547	0.06399	0.02259	0.03835	0.00823	0.00927	0.00665	0.00346	0.00334	0.00073	0.00345	0.00273	0.00277	0.75219
17	0.01112	0.00945	0.00997	0.00885	0.01135	0.01090	0.00692	0.07876	0.75743	0.01867	0.01702	0.01566	0.01273	0.00580	0.00438	0.00145	0.00350	0.00480	0.00438	0.00685
18	0.00942	0.00942	0.01319	0.01131	0.01131	0.01319	0.00942	0.01037	0.00660	0.01037	0.00565	0.00942	0.00565	0.00754	0.01414	0.00188	0.84073	0.00377	0.00188	0.00471
19	0.00571	0.00451	0.00543	0.04323	0.00722	0.00410	0.00407	0.00731	0.01082	0.01422	0.40433	0.06570	0.38838	0.00972	0.00507	0.00142	0.00229	0.00836	0.00425	0.00388
20	0.00748	0.00374	0.00561	0.00561	0.00561	0.00374	0.00374	0.00561	0.00561	0.00748	0.00748	0.01309	0.00748	0.01496	0.01684	0.87467	0.00374	0.00374	0.00187	0.00187
21	0.01158	0.01248	0.01237	0.01077	0.01164	0.25000	0.00863	0.06124	0.00908	0.01137	0.00688	0.02293	0.00654	0.04522	0.01078	0.00173	0.49598	0.00373	0.00220	0.00484
22	0.01773	0.00728	0.00969	0.00756	0.01066	0.00649	0.00620	0.04766	0.03583	0.69728	0.09216	0.01619	0.01343	0.00567	0.00440	0.00134	0.00354	0.00466	0.00521	0.00701
23	0.01066	0.01023	0.01748	0.02644	0.82174	0.01023	0.01322	0.01322	0.00981	0.01407	0.00810	0.01066	0.00682	0.00384	0.00426	0.00128	0.00512	0.00384	0.00213	0.00682
24	0.00813	0.00766	0.01292	0.83826	0.02967	0.00957	0.01196	0.01101	0.00861	0.01101	0.00766	0.01148	0.00574	0.00431	0.00431	0.00144	0.00574	0.00383	0.00191	0.00479
25	0.01422	0.00836	0.00961	0.00769	0.01010	0.00862	0.00600	0.34578	0.01391	0.24625	0.01320	0.01656	0.01063	0.23381	0.00905	0.00208	0.00421	0.00466	0.02929	0.00595
26	0.00971	0.00959	0.01428	0.03222	0.21711	0.01237	0.01044	0.01110	0.00745	0.01132	0.00632	0.00978	0.00595	0.00653	0.01143	0.00172	0.61168	0.00379	0.00195	0.00525
27	0.00681	0.00487	0.00679	0.00779	0.00872	0.00485	0.00672	0.00870	0.00979	0.01275	0.02288	0.10914	0.02507	0.01202	0.00592	0.00197	0.00386	0.73347	0.00397	0.00393
28	0.00716	0.00612	0.04221	0.00639	0.00795	0.00548	0.00527	0.08016	0.04873	0.01411	0.10819	0.10418	0.29605	0.05285	0.02082	0.00177	0.00327	0.15478	0.03024	0.00430
29	0.01091	0.01071	0.01724	0.02573	0.78430	0.04826	0.01299	0.01340	0.00992	0.01391	0.00804	0.01053	0.00676	0.00387	0.00425	0.00127	0.00524	0.00379	0.00214	0.00674
30	0.00884	0.00860	0.01401	0.58275	0.16768	0.03814	0.05484	0.01153	0.00902	0.01168	0.00850	0.04986	0.00702	0.00462	0.00438	0.00141	0.00563	0.00425	0.00207	0.00515
31	0.00751	0.00434	0.00600	0.00595	0.00612	0.02203	0.00411	0.00633	0.00603	0.00814	0.00825	0.01384	0.00811	0.03648	0.12325	0.68661	0.01958	0.00390	0.02110	0.00231
32	0.79069	0.02917	0.05265	0.00620	0.00904	0.00994	0.00546	0.01267	0.00745	0.01859	0.00609	0.00717	0.00475	0.00407	0.00300	0.00134	0.02195	0.00241	0.00258	0.00478
33	0.00666	0.00455	0.00629	0.00670	0.04385	0.00484	0.00436	0.00707	0.00660	0.00919	0.01149	0.02030	0.01191	0.34235	0.32890	0.15616	0.00693	0.00506	0.01362	0.00317
34	0.01124	0.01215	0.02126	0.01636	0.05661	0.10725	0.54569	0.01446	0.03446	0.04885	0.00880	0.01120	0.00674	0.00422	0.00565	0.00144	0.08091	0.00460	0.00236	0.00576
35	0.00528	0.00435	0.00466	0.00478	0.00608	0.00373	0.00360	0.00646	0.00985	0.01203	0.09242	0.11029	0.65337	0.01105	0.00518	0.00150	0.00230	0.05534	0.00405	0.00367
36	0.01050	0.00756	0.00895	0.00657	0.01012	0.00603	0.00528	0.04704	0.00995	0.12008	0.02778	0.01060	0.00797	0.00377	0.00342	0.00079	0.00324	0.00303	0.04333	0.66399
37	0.00758	0.00602	0.00736	0.00713	0.00778	0.08266	0.03990	0.00780	0.00743	0.00957	0.01248	0.19175	0.01330	0.07550	0.19596	0.28192	0.02056	0.01950	0.00256	0.00327
38	0.01312	0.01241	0.12875	0.01225	0.10146	0.01141	0.06637	0.33621	0.19268	0.06345	0.01157	0.01179	0.00842	0.00492	0.00435	0.00135	0.00484	0.00411	0.00364	0.00691
39	0.00925	0.00765	0.00896	0.00642	0.01023	0.00576	0.00514	0.01116	0.00904	0.03882	0.00794	0.00911	0.00651	0.00326	0.00323	0.00066	0.00320	0.00261	0.00264	0.84842
40	0.01133	0.01024	0.01005	0.00899	0.01144	0.07511	0.00698	0.04991	0.72335	0.01775	0.01643	0.01522	0.01235	0.00571	0.00434	0.00143	0.00380	0.00467	0.00421	0.00669
41	0.00967	0.01069	0.02291	0.01673	0.02062	0.01005	0.70136	0.01303	0.01006	0.01360	0.01060	0.05146	0.00909	0.00478	0.00518	0.00151	0.00677	0.07392	0.00241	0.00555
42	0.01052	0.01009	0.01723	0.07177	0.77752	0.01020	0.01315	0.01310	0.00974	0.01390	0.00808	0.01071	0.00676	0.00386	0.00427	0.00129	0.00515	0.00384	0.00212	0.00671
43	0.00949	0.00567	0.00551	0.00506	0.00645	0.03601	0.00390	0.10744	0.01058	0.03054	0.01378	0.01538	0.02137	0.00510	0.00325	0.00105	0.00258	0.00403	0.70830	0.00450
44	0.00638	0.00449	0.00549	0.00540	0.00555	0.00480	0.00343	0.00671	0.00640	0.00875	0.01285	0.02527	0.01431	0.65969	0.17234	0.00459	0.04227	0.00585	0.00252	0.00293
45	0.00934	0.00898	0.01481	0.48361	0.36024	0.02528	0.01242	0.01205	0.00918	0.01228	0.00782	0.01107	0.00619	0.00411	0.00428	0.00136	0.00552	0.00381	0.00201	0.00564
46	0.01039	0.00725	0.00944	0.04704	0.02934	0.04281	0.05754	0.12942	0.01120	0.14540	0.01775	0.36617	0.01815	0.00911	0.00499	0.00156	0.00390	0.07952	0.00392	0.00508
47	0.01042	0.00829	0.00912	0.00836	0.01058	0.00925	0.00667	0.06664	0.54260	0.05195	0.01967	0.02285	0.06727	0.00714	0.00469	0.00153	0.00352	0.13896	0.00432	0.00618
48	0.01225	0.01199	0.01296	0.01094	0.01215	0.15561	0.00894	0.20271	0.01085	0.01442	0.00695	0.00936	0.00604	0.00643	0.01000	0.00161	0.49527	0.00362	0.00252	0.00539
49	0.00825	0.00777	0.01312	0.80263	0.06444	0.00960	0.01202	0.01110	0.00867	0.01114	0.00768	0.01145	0.00579	0.00429	0.00430	0.00143	0.00571	0.00383	0.00192	0.00487
50	0.03538	0.00800	0.01032	0.00938	0.04605	0.07555	0.10394	0.08163	0.01045	0.11747	0.03071	0.27216	0.08768	0.00860	0.00578	0.04708	0.03435	0.00705	0.00353	0.00490
51	0.28530	0.01034	0.00938	0.00819	0.02605	0.11890	0.00633	0.21318	0.05738	0.09308	0.01003	0.02795	0.00809	0.07262	0.03413	0.00173	0.00468	0.00373	0.00336	0.00557

[dist]
# distance from previous block
# <min> <max>
1	7

[block]
# block no. 8 follows, 61 sequences, length 19
# corresponding to MSA columns:
# 491-509
name=unknown_I
#
# <colnr> <probs for GDERKNQSTAVLIFYWHMCP>
#	G	D	E	R	K	N	Q	S	T	A	V	L	I	F	Y	W	H	M	C	P
0	0.01172	0.32923	0.03929	0.01147	0.10413	0.08756	0.07912	0.12076	0.04553	0.01371	0.00843	0.03278	0.00725	0.00600	0.04709	0.00149	0.04260	0.00358	0.00247	0.00579
1	0.59701	0.03383	0.04107	0.00929	0.12189	0.01009	0.00672	0.03460	0.03078	0.04502	0.00715	0.00826	0.00556	0.00421	0.00344	0.00133	0.02898	0.00280	0.00269	0.00528
2	0.05346	0.00772	0.00875	0.00725	0.00984	0.03183	0.00581	0.07129	0.16244	0.37799	0.03552	0.01481	0.01132	0.00536	0.00401	0.00128	0.00343	0.00429	0.17731	0.00630
3	0.00571	0.00428	0.00536	0.00579	0.00666	0.00393	0.00435	0.00706	0.00986	0.01294	0.21110	0.30661	0.23700	0.01146	0.00538	0.00162	0.00257	0.15043	0.00416	0.00375
4	0.05303	0.00522	0.00588	0.00537	0.00703	0.00497	0.00418	0.02385	0.02714	0.17653	0.07722	0.06553	0.15579	0.00695	0.00401	0.00126	0.00258	0.02306	0.34567	0.00473
5	0.00779	0.00555	0.03489	0.00653	0.00754	0.00521	0.02857	0.02732	0.03197	0.05035	0.03275	0.06441	0.02510	0.23132	0.12698	0.14141	0.00489	0.08164	0.08207	0.00370
6	0.01108	0.72602	0.14396	0.00811	0.01220	0.01598	0.00866	0.01301	0.00880	0.01066	0.00625	0.00724	0.00552	0.00375	0.00296	0.00099	0.00487	0.00244	0.00184	0.00565
7	0.04609	0.00979	0.01065	0.00991	0.06022	0.01112	0.00737	0.16452	0.58940	0.01949	0.01520	0.01435	0.01137	0.00553	0.00429	0.00141	0.00375	0.00453	0.00417	0.00683
8	0.01594	0.01172	0.01254	0.00968	0.01302	0.01297	0.00797	0.75985	0.04014	0.02653	0.01065	0.01069	0.00760	0.00518	0.00427	0.00129	0.00461	0.00391	0.03425	0.00720
9	0.00627	0.00463	0.00652	0.00647	0.00702	0.00529	0.00478	0.00740	0.00674	0.00958	0.01190	0.01963	0.01189	0.24257	0.59991	0.00607	0.03238	0.00502	0.00237	0.00355
10	0.00664	0.00544	0.00647	0.03785	0.00805	0.03768	0.00507	0.00808	0.02238	0.01131	0.07108	0.08136	0.20164	0.14376	0.17967	0.00311	0.02955	0.13382	0.00327	0.00378
11	0.55700	0.06755	0.00876	0.00680	0.00955	0.12074	0.00556	0.04193	0.02507	0.04501	0.00712	0.00797	0.00555	0.00414	0.00302	0.00123	0.00404	0.00261	0.02197	0.05437
12	0.01127	0.04866	0.09975	0.01023	0.06366	0.03539	0.00830	0.11666	0.48649	0.01777	0.01401	0.01361	0.01055	0.00527	0.00419	0.00137	0.00413	0.00429	0.03779	0.00661
13	0.00621	0.00437	0.00562	0.00631	0.00704	0.00420	0.00489	0.00755	0.00910	0.01216	0.04770	0.29072	0.11340	0.07899	0.00676	0.00194	0.00313	0.31799	0.06825	0.00368
14	0.00565	0.00455	0.00506	0.00495	0.00625	0.00405	0.00370	0.00747	0.04297	0.01367	0.29035	0.07416	0.50151	0.01015	0.00508	0.00144	0.00220	0.00865	0.00425	0.00390
15	0.00595	0.00443	0.00526	0.00542	0.00647	0.00403	0.00395	0.00756	0.03691	0.03300	0.21497	0.28523	0.33194	0.01093	0.00519	0.00153	0.00236	0.02676	0.00422	0.00390
16	0.03314	0.04752	0.23015	0.06822	0.05370	0.10976	0.12189	0.08491	0.06752	0.05395	0.01862	0.01116	0.00742	0.02586	0.02129	0.00152	0.03103	0.00383	0.00260	0.00591
17	0.09558	0.07288	0.00878	0.00675	0.00872	0.04263	0.00537	0.12787	0.07038	0.07904	0.03151	0.04960	0.10703	0.04913	0.00568	0.03455	0.03546	0.00483	0.15922	0.00500
18	0.05823	0.13840	0.10422	0.02502	0.10238	0.03503	0.00818	0.07735	0.07880	0.04547	0.05667	0.04397	0.03966	0.00557	0.01653	0.00129	0.02921	0.00409	0.00291	0.12703

[dist]
# distance from previous block
# <min> <max>
3	29

[block]
# block no. 9 follows, 61 sequences, length 6
# corresponding to MSA columns:
# 539-544
name=unknown_J
#
# <colnr> <probs for GDERKNQSTAVLIFYWHMCP>
