[name]
unknown

[dist]
# distance from previous block
# <min> <max>
0	36

[block]
# block no. 0 follows, 67 sequences, length 22
# corresponding to MSA columns:
# 38-59
name=unknown_A
#
# <colnr> <probs for GDERKNQSTAVLIFYWHMCP>
#	G	D	E	R	K	N	Q	S	T	A	V	L	I	F	Y	W	H	M	C	P
0	0.00735	0.00439	0.00550	0.00541	0.00649	0.00404	0.00399	0.00867	0.02807	0.13250	0.16722	0.26657	0.17365	0.04885	0.00584	0.03739	0.00253	0.04248	0.04515	0.00391
1	0.02798	0.00534	0.00626	0.00552	0.00722	0.00480	0.00418	0.04472	0.02605	0.06259	0.20357	0.10581	0.14790	0.09174	0.00581	0.00144	0.00271	0.03604	0.01684	0.19348
2	0.03560	0.00480	0.00569	0.00557	0.00668	0.00471	0.00410	0.05811	0.04250	0.06621	0.12596	0.28474	0.17979	0.04219	0.05954	0.02356	0.00308	0.00762	0.03562	0.00393
3	0.00945	0.00702	0.01926	0.00756	0.00950	0.00713	0.08452	0.07773	0.24828	0.10434	0.03699	0.11008	0.06627	0.11931	0.00637	0.00166	0.00348	0.00560	0.07041	0.00503
4	0.05851	0.00470	0.00577	0.00551	0.00668	0.00449	0.00407	0.01970	0.02265	0.13685	0.18876	0.22018	0.13576	0.05992	0.04566	0.06310	0.00301	0.00705	0.00371	0.00395
5	0.02492	0.00447	0.00557	0.00551	0.00640	0.00440	0.00398	0.04297	0.00877	0.06748	0.15825	0.27481	0.09180	0.12416	0.12459	0.00244	0.00378	0.00740	0.03458	0.00373
6	0.05184	0.00522	0.00552	0.00565	0.00663	0.05268	0.00414	0.02503	0.02943	0.02310	0.19783	0.34119	0.13486	0.00940	0.00458	0.00141	0.00262	0.04149	0.05359	0.00377
7	0.03967	0.00437	0.00524	0.00518	0.00621	0.00412	0.00383	0.01920	0.02081	0.03820	0.34782	0.19491	0.20625	0.03954	0.02636	0.00159	0.00249	0.02657	0.00391	0.00373
8	0.00807	0.00784	0.01144	0.66780	0.04973	0.06334	0.01017	0.01094	0.04691	0.01081	0.03261	0.01241	0.04253	0.00446	0.00404	0.00131	0.00511	0.00386	0.00207	0.00455
9	0.00621	0.00414	0.00515	0.00539	0.00626	0.00380	0.00388	0.00747	0.02840	0.07706	0.12409	0.41921	0.20918	0.04110	0.00544	0.00157	0.00243	0.04165	0.00387	0.00370
10	0.00660	0.00422	0.00495	0.00486	0.00602	0.00374	0.00357	0.00774	0.00922	0.10317	0.14374	0.20541	0.36946	0.04631	0.00530	0.00147	0.00230	0.00800	0.06014	0.00378
11	0.00818	0.00544	0.00746	0.03339	0.06167	0.00546	0.02622	0.05965	0.02615	0.10979	0.04630	0.23198	0.06665	0.15943	0.06155	0.05965	0.01718	0.00655	0.00322	0.00409
12	0.00638	0.00470	0.00554	0.00527	0.00649	0.00453	0.00400	0.02480	0.09445	0.02790	0.43066	0.07347	0.20871	0.00833	0.00457	0.00131	0.00220	0.02685	0.05583	0.00403
13	0.00627	0.00451	0.00585	0.03780	0.03052	0.00438	0.00449	0.04153	0.03223	0.04519	0.06888	0.55614	0.12565	0.01060	0.00485	0.00151	0.00260	0.00945	0.00371	0.00382
14	0.00951	0.00774	0.00859	0.00633	0.00970	0.04498	0.00506	0.04135	0.00917	0.07283	0.03104	0.00931	0.00712	0.00338	0.00317	0.00070	0.00323	0.00269	0.00267	0.72142
15	0.06583	0.00564	0.00632	0.00563	0.00709	0.00562	0.00419	0.13361	0.00993	0.12379	0.06970	0.10045	0.15798	0.18442	0.00789	0.03023	0.00309	0.00586	0.06849	0.00422
16	0.00696	0.00467	0.00552	0.00544	0.00624	0.00472	0.00379	0.03136	0.09778	0.04784	0.13380	0.22857	0.03154	0.25067	0.03516	0.00224	0.00312	0.00692	0.08991	0.00375
17	0.12245	0.00914	0.02418	0.23888	0.10697	0.06419	0.09097	0.06536	0.00876	0.01283	0.00717	0.00971	0.00580	0.00593	0.05869	0.00163	0.11557	0.00342	0.00213	0.04620
18	0.07659	0.04064	0.00906	0.06563	0.01036	0.03558	0.04394	0.13707	0.06241	0.02365	0.05741	0.18350	0.06135	0.03700	0.05365	0.00170	0.02984	0.01719	0.00313	0.05029
19	0.04810	0.07143	0.02511	0.07553	0.03595	0.05036	0.06942	0.05853	0.05616	0.03640	0.04139	0.02196	0.00889	0.02789	0.05679	0.00157	0.09425	0.03848	0.00256	0.17921
20	0.03719	0.08630	0.07051	0.10788	0.10218	0.10187	0.06011	0.10120	0.05088	0.11632	0.02108	0.01077	0.00742	0.02194	0.01756	0.00131	0.01331	0.00351	0.03473	0.03395
21	0.09158	0.13930	0.02995	0.06220	0.07072	0.08847	0.04361	0.08830	0.02160	0.06513	0.07037	0.05786	0.05227	0.05513	0.00509	0.00138	0.03472	0.01465	0.00279	0.00489

[dist]
# distance from previous block
# <min> <max>
2	26

[block]
# block no. 1 follows, 67 sequences, length 28
# corresponding to MSA columns:
# 86-113
name=unknown_B
#
# <colnr> <probs for GDERKNQSTAVLIFYWHMCP>
#	G	D	E	R	K	N	Q	S	T	A	V	L	I	F	Y	W	H	M	C	P
0	0.02753	0.03994	0.08491	0.08428	0.10989	0.03726	0.01873	0.13275	0.06817	0.07696	0.01281	0.07474	0.08125	0.02792	0.00541	0.01696	0.07308	0.00456	0.00290	0.01996
1	0.11064	0.07068	0.01072	0.13479	0.11338	0.04865	0.03852	0.04259	0.03453	0.05235	0.04254	0.08995	0.06993	0.00571	0.00443	0.01551	0.03792	0.01562	0.01741	0.04415
2	0.09329	0.04961	0.09271	0.10606	0.19074	0.05559	0.04343	0.09644	0.05630	0.03624	0.02911	0.04274	0.00777	0.00461	0.00437	0.00125	0.05601	0.00374	0.00251	0.02747
3	0.21094	0.08144	0.04779	0.04260	0.08106	0.09354	0.04932	0.03369	0.01966	0.05586	0.00771	0.00884	0.01743	0.00381	0.00345	0.00105	0.01922	0.00288	0.00241	0.21730
4	0.04306	0.01931	0.03922	0.05070	0.13216	0.00695	0.03557	0.09960	0.03825	0.09303	0.03081	0.27074	0.03483	0.01933	0.00448	0.00136	0.00356	0.00618	0.03072	0.04014
5	0.01074	0.01071	0.03599	0.08866	0.16157	0.10912	0.08712	0.16184	0.02369	0.01407	0.03810	0.01030	0.00722	0.00492	0.00618	0.00134	0.20372	0.00370	0.01565	0.00537
6	0.00612	0.00413	0.00510	0.00518	0.00618	0.00370	0.00381	0.00736	0.00949	0.07490	0.25466	0.29067	0.26281	0.01000	0.00483	0.00142	0.00225	0.03964	0.00401	0.00373
7	0.00721	0.00501	0.00620	0.00630	0.00716	0.00508	0.00486	0.09719	0.00917	0.02618	0.04610	0.11639	0.03516	0.27920	0.00997	0.00236	0.00360	0.32583	0.00338	0.00364
8	0.00559	0.00411	0.00489	0.00469	0.00574	0.00368	0.00346	0.00699	0.01007	0.02991	0.45607	0.04606	0.31857	0.07537	0.00595	0.00151	0.00214	0.00758	0.00401	0.00359
9	0.00555	0.00382	0.00468	0.00499	0.00518	0.00375	0.00317	0.00600	0.00691	0.00928	0.06562	0.28886	0.01994	0.47734	0.04280	0.00302	0.00351	0.03972	0.00300	0.00286
10	0.00495	0.00354	0.00473	0.00566	0.00592	0.00331	0.00383	0.00569	0.00774	0.01031	0.02207	0.82394	0.02639	0.01251	0.00514	0.00164	0.00238	0.04327	0.00372	0.00327
11	0.88738	0.00776	0.00589	0.00527	0.00776	0.00900	0.00434	0.01179	0.00683	0.01799	0.00558	0.00651	0.00434	0.00372	0.00248	0.00124	0.00310	0.00217	0.00248	0.00434
12	0.01525	0.01123	0.01204	0.00923	0.01244	0.01244	0.00762	0.82067	0.01886	0.02528	0.00963	0.00963	0.00682	0.00481	0.00401	0.00120	0.00441	0.00361	0.00401	0.00682
13	0.88738	0.00776	0.00589	0.00527	0.00776	0.00900	0.00434	0.01179	0.00683	0.01799	0.00558	0.00651	0.00434	0.00372	0.00248	0.00124	0.00310	0.00217	0.00248	0.00434
14	0.88738	0.00776	0.00589	0.00527	0.00776	0.00900	0.00434	0.01179	0.00683	0.01799	0.00558	0.00651	0.00434	0.00372	0.00248	0.00124	0.00310	0.00217	0.00248	0.00434
15	0.00877	0.00877	0.01228	0.01053	0.01053	0.01228	0.00877	0.00965	0.00614	0.00965	0.00526	0.00877	0.00526	0.00702	0.01316	0.00175	0.85172	0.00351	0.00175	0.00439
16	0.01021	0.00856	0.00908	0.00813	0.01042	0.00986	0.00633	0.02126	0.80304	0.04066	0.01631	0.01492	0.01217	0.00543	0.00408	0.00136	0.00318	0.00452	0.00411	0.00636
17	0.83414	0.00781	0.00609	0.00545	0.00792	0.00906	0.00446	0.01237	0.05659	0.01792	0.00624	0.00703	0.00482	0.00383	0.00258	0.00125	0.00311	0.00232	0.00258	0.00446
18	0.00804	0.02074	0.83828	0.01143	0.01736	0.00931	0.01482	0.01270	0.00847	0.01270	0.00720	0.00847	0.00508	0.00381	0.00381	0.00127	0.00593	0.00296	0.00169	0.00593
19	0.00633	0.00452	0.00631	0.00723	0.00809	0.00450	0.00623	0.00807	0.00910	0.01185	0.02131	0.11548	0.02338	0.01121	0.00550	0.00183	0.00357	0.73815	0.00370	0.00366
20	0.00523	0.00376	0.00485	0.00562	0.00608	0.00354	0.00401	0.00614	0.00800	0.01055	0.02320	0.57594	0.10924	0.05863	0.00595	0.00175	0.00260	0.14056	0.02108	0.00331
21	0.06144	0.00769	0.01182	0.66459	0.09810	0.03100	0.01047	0.02489	0.00836	0.01124	0.00796	0.01098	0.02682	0.00413	0.00392	0.00131	0.00511	0.00358	0.00194	0.00464
22	0.00500	0.00395	0.00453	0.00491	0.00587	0.00349	0.00364	0.00603	0.00877	0.01091	0.05169	0.28392	0.48347	0.01093	0.00494	0.00149	0.00230	0.09704	0.00374	0.00339
23	0.00506	0.00371	0.00477	0.00544	0.00589	0.00346	0.00372	0.00614	0.02509	0.01105	0.10982	0.67566	0.10186	0.01173	0.00502	0.00156	0.00227	0.01055	0.00380	0.00339
24	0.09317	0.06593	0.26030	0.02502	0.09117	0.01063	0.08482	0.24125	0.02151	0.04093	0.00808	0.00912	0.00596	0.00412	0.00396	0.00123	0.02093	0.00331	0.00261	0.00595
25	0.02538	0.01275	0.01387	0.02488	0.11743	0.30972	0.17913	0.03956	0.11402	0.02610	0.02930	0.02439	0.00773	0.00438	0.00424	0.00120	0.02732	0.00375	0.00250	0.03235
26	0.00591	0.00429	0.00580	0.00593	0.00657	0.00457	0.00438	0.01983	0.02805	0.01075	0.10048	0.22148	0.04189	0.07811	0.34738	0.03782	0.01722	0.03020	0.02584	0.00350
27	0.03264	0.23269	0.09441	0.07764	0.19989	0.13015	0.09459	0.03525	0.00927	0.02129	0.00691	0.00856	0.00563	0.00374	0.00368	0.00112	0.01555	0.00307	0.00200	0.02194

[dist]
# distance from previous block
# <min> <max>
5	16

[block]
# block no. 2 follows, 67 sequences, length 20
# corresponding to MSA columns:
# 130-149
name=unknown_C
#
# <colnr> <probs for GDERKNQSTAVLIFYWHMCP>
#	G	D	E	R	K	N	Q	S	T	A	V	L	I	F	Y	W	H	M	C	P
0	0.00944	0.02259	0.05093	0.04344	0.03284	0.03154	0.06858	0.08810	0.36863	0.01536	0.06807	0.01604	0.08404	0.00603	0.01874	0.00140	0.03648	0.00469	0.02755	0.00553
1	0.00569	0.00382	0.00505	0.00528	0.00575	0.00375	0.00370	0.00602	0.00723	0.00962	0.08000	0.23289	0.13494	0.10841	0.14227	0.20990	0.00406	0.02578	0.00292	0.00293
2	0.00680	0.00527	0.00687	0.03659	0.00793	0.00577	0.00506	0.02445	0.05093	0.03676	0.28723	0.05748	0.14354	0.01198	0.15904	0.00230	0.11537	0.00605	0.02654	0.00405
3	0.03348	0.00482	0.00577	0.00546	0.00666	0.00480	0.00415	0.04460	0.06544	0.01438	0.40910	0.07160	0.18810	0.01111	0.11059	0.00196	0.00330	0.00684	0.00385	0.00398
4	0.37703	0.00847	0.00859	0.00709	0.00960	0.00938	0.03361	0.29269	0.03316	0.04314	0.00931	0.06325	0.00765	0.02833	0.00386	0.00132	0.00360	0.00365	0.05106	0.00521
5	0.00984	0.04231	0.00917	0.00744	0.00929	0.00846	0.00596	0.32468	0.05027	0.01615	0.05245	0.01425	0.01035	0.06200	0.35475	0.00353	0.00683	0.00419	0.00308	0.00498
6	0.32478	0.01046	0.02860	0.00784	0.01075	0.05906	0.00654	0.41725	0.04282	0.04351	0.00835	0.00866	0.00609	0.00439	0.00344	0.00122	0.00407	0.00307	0.00333	0.00578
7	0.01060	0.82438	0.05707	0.00706	0.01061	0.01558	0.00721	0.01204	0.00816	0.00958	0.00565	0.00652	0.00514	0.00345	0.00263	0.00088	0.00436	0.00218	0.00171	0.00518
8	0.03443	0.06609	0.29326	0.03324	0.02714	0.10950	0.06356	0.11021	0.09509	0.03645	0.03306	0.03264	0.01958	0.00472	0.00392	0.00125	0.00508	0.02259	0.00261	0.00557
9	0.03349	0.11447	0.03986	0.05096	0.03341	0.06207	0.03658	0.07826	0.16945	0.24266	0.04258	0.03618	0.01963	0.00508	0.00390	0.00123	0.00403	0.01682	0.00353	0.00581
10	0.01505	0.01114	0.01193	0.00919	0.01236	0.01235	0.00758	0.79132	0.04852	0.02496	0.00987	0.00982	0.00702	0.00484	0.00401	0.00121	0.00437	0.00364	0.00401	0.00680
11	0.00709	0.00570	0.00864	0.09324	0.05874	0.00576	0.08145	0.04461	0.03149	0.04174	0.07631	0.37040	0.09066	0.00950	0.03379	0.00163	0.01314	0.01859	0.00331	0.00421
12	0.00931	0.03959	0.14867	0.02316	0.05150	0.04756	0.06254	0.04477	0.04961	0.12261	0.06132	0.17433	0.09277	0.00673	0.00449	0.00133	0.02343	0.01467	0.01660	0.00501
13	0.00938	0.00883	0.01386	0.31031	0.39822	0.04297	0.02997	0.03506	0.00905	0.02351	0.00794	0.01110	0.00648	0.00411	0.00427	0.00127	0.03013	0.02288	0.02524	0.00543
14	0.04619	0.00460	0.00546	0.00515	0.00608	0.00438	0.00356	0.00887	0.00786	0.16494	0.05039	0.12273	0.09134	0.39893	0.01173	0.00252	0.00327	0.03106	0.02728	0.00365
15	0.00884	0.02326	0.13902	0.15621	0.26726	0.00898	0.11743	0.03373	0.02868	0.02404	0.03135	0.05551	0.03361	0.00470	0.00449	0.00130	0.03853	0.00430	0.01333	0.00541
16	0.01030	0.04951	0.09623	0.05324	0.18922	0.07767	0.12931	0.08560	0.02369	0.05798	0.03654	0.06810	0.00886	0.00501	0.00492	0.00130	0.07986	0.01469	0.00253	0.00545
17	0.00825	0.01945	0.02748	0.00805	0.05423	0.00642	0.05705	0.10877	0.06053	0.05294	0.01401	0.20601	0.01432	0.21222	0.08603	0.01778	0.00444	0.03467	0.00307	0.00429
18	0.00805	0.01115	0.31883	0.02326	0.02723	0.00667	0.04824	0.02181	0.00898	0.09329	0.07132	0.07217	0.14067	0.07276	0.02816	0.00167	0.00445	0.03359	0.00284	0.00486
19	0.07469	0.09421	0.17776	0.07050	0.16826	0.05985	0.06694	0.03704	0.00934	0.08706	0.04273	0.01074	0.02670	0.00419	0.00385	0.00118	0.01478	0.00349	0.00242	0.04426

[dist]
# distance from previous block
# <min> <max>
1	21

[block]
# block no. 3 follows, 67 sequences, length 34
# corresponding to MSA columns:
# 171-204
name=unknown_D
#
# <colnr> <probs for GDERKNQSTAVLIFYWHMCP>
#	G	D	E	R	K	N	Q	S	T	A	V	L	I	F	Y	W	H	M	C	P
0	0.06233	0.00606	0.00690	0.00612	0.00779	0.01898	0.00477	0.11716	0.05546	0.08104	0.27032	0.04660	0.12686	0.03412	0.09280	0.00189	0.00366	0.02203	0.00375	0.03136
1	0.02835	0.02275	0.16532	0.04820	0.17040	0.09329	0.11340	0.07177	0.10583	0.01384	0.05461	0.01152	0.02244	0.00455	0.00458	0.00127	0.05598	0.00386	0.00249	0.00557
2	0.00607	0.00447	0.00600	0.00591	0.00666	0.00488	0.00441	0.03054	0.03106	0.01064	0.09471	0.06543	0.05600	0.15022	0.48490	0.00464	0.00738	0.00540	0.01713	0.00357
3	0.00628	0.00498	0.02284	0.00591	0.00690	0.00498	0.00460	0.00811	0.05100	0.03168	0.13384	0.14676	0.18039	0.04784	0.20328	0.00269	0.05955	0.02357	0.05100	0.00381
4	0.02792	0.02835	0.16935	0.13813	0.08470	0.02583	0.08870	0.06163	0.10932	0.01342	0.02106	0.01295	0.05661	0.02143	0.00457	0.00130	0.03189	0.01531	0.01593	0.07161
5	0.00533	0.00383	0.00458	0.00488	0.00532	0.00360	0.00322	0.00601	0.00777	0.01024	0.12277	0.30704	0.15877	0.30906	0.01039	0.00234	0.00280	0.02565	0.00335	0.00306
6	0.10141	0.02174	0.00916	0.02352	0.09464	0.00709	0.01853	0.03235	0.05618	0.02743	0.03103	0.07427	0.03347	0.00684	0.06389	0.00147	0.05705	0.02794	0.00268	0.30932
7	0.00868	0.00825	0.01402	0.46277	0.40565	0.00920	0.01169	0.01121	0.00854	0.01159	0.00732	0.01033	0.00582	0.00381	0.00399	0.00127	0.00507	0.00357	0.00188	0.00534
8	0.01799	0.00683	0.00931	0.00714	0.01024	0.00589	0.00589	0.01954	0.01148	0.83682	0.01582	0.01365	0.00993	0.00496	0.00403	0.00124	0.00341	0.00403	0.00496	0.00683
9	0.00757	0.00713	0.01203	0.84942	0.02762	0.00891	0.01114	0.01025	0.00802	0.01025	0.00713	0.01069	0.00535	0.00401	0.00401	0.00134	0.00535	0.00356	0.00178	0.00446
10	0.01047	0.06649	0.32121	0.04176	0.15854	0.17268	0.03521	0.04487	0.04811	0.03344	0.00805	0.02697	0.00634	0.00413	0.00381	0.00120	0.00556	0.00333	0.00216	0.00566
11	0.00556	0.00410	0.00520	0.00493	0.00592	0.00374	0.00370	0.00735	0.01109	0.01545	0.73651	0.03100	0.13365	0.00844	0.00473	0.00127	0.00191	0.00740	0.00433	0.00374
12	0.66719	0.00971	0.00777	0.00715	0.03363	0.13979	0.02595	0.01241	0.00764	0.01610	0.00579	0.00693	0.00461	0.00391	0.00319	0.00123	0.03778	0.00240	0.00236	0.00448
13	0.01241	0.04410	0.32027	0.01036	0.01467	0.00940	0.11008	0.18124	0.01151	0.23144	0.01002	0.01028	0.00684	0.00425	0.00398	0.00124	0.00500	0.00357	0.00307	0.00626
14	0.30147	0.01020	0.00957	0.00769	0.01059	0.06679	0.00627	0.40762	0.03765	0.02055	0.00805	0.00849	0.00598	0.00427	0.00340	0.00116	0.00401	0.00299	0.00324	0.08002
15	0.00725	0.00563	0.00816	0.02041	0.19899	0.00551	0.00612	0.02988	0.00861	0.04860	0.04410	0.27043	0.12661	0.03483	0.11078	0.01505	0.00414	0.02040	0.00308	0.03142
16	0.03219	0.00461	0.00559	0.00580	0.02768	0.00427	0.00402	0.03002	0.00877	0.04919	0.11324	0.33501	0.18828	0.09721	0.00627	0.00165	0.00264	0.02332	0.00357	0.05670
17	0.05399	0.02388	0.04921	0.05541	0.05675	0.03682	0.12337	0.28953	0.04742	0.08642	0.01196	0.09463	0.04173	0.00537	0.00414	0.00128	0.00447	0.00465	0.00327	0.00570
18	0.01520	0.01039	0.01140	0.00884	0.01196	0.01130	0.00727	0.64002	0.08529	0.13992	0.01107	0.01065	0.00771	0.00489	0.00402	0.00122	0.00417	0.00375	0.00415	0.00678
19	0.00575	0.00429	0.00504	0.00498	0.00606	0.00393	0.00369	0.00752	0.04796	0.03349	0.31592	0.14282	0.33320	0.04054	0.00533	0.00146	0.00222	0.02813	0.00397	0.00371
20	0.02679	0.00651	0.01966	0.09850	0.18763	0.01574	0.05635	0.00907	0.00860	0.02310	0.09105	0.14265	0.11858	0.10133	0.00606	0.00157	0.00368	0.00592	0.03090	0.04632
21	0.05865	0.01083	0.01104	0.04257	0.01227	0.07828	0.00739	0.46773	0.19055	0.02042	0.01026	0.01042	0.00759	0.00492	0.00439	0.00126	0.04801	0.00365	0.00359	0.00620
22	0.00831	0.00688	0.00731	0.00658	0.00849	0.00737	0.00511	0.09530	0.38624	0.01560	0.11309	0.02386	0.28499	0.00724	0.00436	0.00133	0.00278	0.00604	0.00399	0.00514
23	0.00751	0.00499	0.00598	0.00570	0.00689	0.00480	0.00419	0.09156	0.03186	0.08992	0.18788	0.29393	0.16941	0.06937	0.00581	0.00158	0.00263	0.00796	0.00393	0.00411
24	0.03540	0.00806	0.03761	0.16509	0.18353	0.03577	0.10155	0.01141	0.02151	0.09580	0.03889	0.05960	0.03050	0.05179	0.07661	0.00188	0.01493	0.02252	0.00259	0.00496
25	0.01292	0.00944	0.01017	0.00830	0.01099	0.01048	0.00669	0.41645	0.31439	0.07388	0.01274	0.01223	0.00926	0.00504	0.00395	0.00124	0.00371	0.00399	0.06767	0.00642
26	0.04423	0.00418	0.00497	0.00515	0.00574	0.00405	0.00349	0.00706	0.02210	0.04859	0.05817	0.30504	0.10550	0.29196	0.01034	0.03397	0.00298	0.03595	0.00327	0.00325
27	0.00711	0.00445	0.00564	0.00571	0.02380	0.00406	0.00411	0.00822	0.00905	0.12779	0.14351	0.21913	0.26352	0.05141	0.05471	0.02401	0.00302	0.03309	0.00376	0.00390
28	0.06014	0.02873	0.03631	0.04515	0.04063	0.02495	0.11206	0.21915	0.10178	0.05764	0.06346	0.01478	0.04800	0.06687	0.03163	0.00163	0.02282	0.01572	0.00319	0.00536
29	0.02743	0.00873	0.00951	0.00788	0.01042	0.00955	0.00631	0.31734	0.30703	0.11621	0.03113	0.02971	0.03579	0.00541	0.00400	0.00126	0.00350	0.00435	0.05825	0.00618
30	0.02007	0.00434	0.00536	0.00536	0.00617	0.00416	0.00386	0.01875	0.00852	0.07316	0.16071	0.19119	0.11939	0.23403	0.04831	0.00233	0.00328	0.08397	0.00350	0.00354
31	0.04156	0.01970	0.01062	0.09399	0.18436	0.05514	0.06863	0.05046	0.03603	0.01247	0.08052	0.08687	0.09931	0.05081	0.00601	0.06226	0.01808	0.01592	0.00271	0.00455
32	0.03173	0.00820	0.00984	0.00955	0.08619	0.09788	0.06718	0.04208	0.12121	0.07618	0.09787	0.14430	0.05970	0.00729	0.02791	0.00148	0.07415	0.00555	0.02680	0.00489
33	0.00552	0.00406	0.00507	0.00534	0.00599	0.00387	0.00377	0.00709	0.04831	0.01216	0.26649	0.37062	0.09842	0.10611	0.00666	0.00174	0.00244	0.03904	0.00380	0.00350

[dist]
# distance from previous block
# <min> <max>
1	16

[block]
# block no. 4 follows, 67 sequences, length 27
# corresponding to MSA columns:
# 221-247
name=unknown_E
#
# <colnr> <probs for GDERKNQSTAVLIFYWHMCP>
#	G	D	E	R	K	N	Q	S	T	A	V	L	I	F	Y	W	H	M	C	P
0	0.20237	0.04260	0.04165	0.02723	0.03287	0.08886	0.07239	0.04918	0.05139	0.05872	0.04137	0.02369	0.02006	0.01752	0.03905	0.01417	0.13445	0.02066	0.00261	0.01915
1	0.05936	0.00827	0.01286	0.04541	0.25093	0.03448	0.15442	0.03774	0.01877	0.04288	0.01142	0.07387	0.05107	0.06630	0.03574	0.00164	0.01764	0.02349	0.00252	0.05117
2	0.02928	0.00770	0.00922	0.03967	0.03244	0.02867	0.03023	0.02166	0.00856	0.01315	0.00714	0.00847	0.00589	0.00311	0.00311	0.00070	0.00336	0.00254	0.00235	0.74273
3	0.01082	0.32989	0.01529	0.00877	0.01082	0.04815	0.01956	0.11405	0.05133	0.03277	0.00698	0.00857	0.00601	0.00562	0.02629	0.00139	0.29321	0.00307	0.00225	0.00515
4	0.00529	0.00396	0.00493	0.00517	0.00593	0.00365	0.00369	0.00678	0.02938	0.01280	0.34355	0.36570	0.17384	0.01025	0.00487	0.00143	0.00212	0.00908	0.00400	0.00356
5	0.00548	0.00412	0.00498	0.00516	0.00592	0.00388	0.00364	0.00715	0.05553	0.01230	0.27403	0.32148	0.18133	0.08868	0.00628	0.00166	0.00233	0.00866	0.00384	0.00354
6	0.00506	0.00366	0.00480	0.00553	0.00595	0.00340	0.00384	0.00598	0.00829	0.01106	0.11877	0.66452	0.07609	0.01182	0.00507	0.00158	0.00233	0.05508	0.00380	0.00335
7	0.00564	0.00389	0.00481	0.00530	0.00583	0.00376	0.00366	0.00715	0.04870	0.01185	0.12568	0.53420	0.04162	0.05253	0.00545	0.00158	0.00232	0.00914	0.12339	0.00351
8	0.01498	0.01911	0.01137	0.01033	0.01240	0.84295	0.00775	0.01601	0.01137	0.00982	0.00620	0.00723	0.00517	0.00413	0.00362	0.00103	0.00723	0.00258	0.00207	0.00465
9	0.88738	0.00776	0.00589	0.00527	0.00776	0.00900	0.00434	0.01179	0.00683	0.01799	0.00558	0.00651	0.00434	0.00372	0.00248	0.00124	0.00310	0.00217	0.00248	0.00434
10	0.00832	0.00713	0.00832	0.00594	0.00950	0.00535	0.00475	0.01010	0.00832	0.01307	0.00713	0.00832	0.00594	0.00297	0.00297	0.00059	0.00297	0.00238	0.00238	0.88357
11	0.84863	0.00771	0.00605	0.00536	0.00787	0.00886	0.00441	0.01213	0.00703	0.05449	0.00604	0.00683	0.00459	0.00378	0.00255	0.00124	0.00312	0.00225	0.00259	0.00445
12	0.01065	0.00895	0.00945	0.00830	0.01069	0.01029	0.00651	0.12363	0.72338	0.01786	0.01547	0.01428	0.01155	0.00536	0.00407	0.00134	0.00333	0.00442	0.00407	0.00641
13	0.01010	0.00572	0.00612	0.00533	0.00697	0.00593	0.00419	0.17332	0.04351	0.09236	0.01277	0.01377	0.00963	0.00476	0.00321	0.00103	0.00257	0.00377	0.59019	0.00474
14	0.00621	0.00397	0.00469	0.00451	0.00549	0.00373	0.00338	0.00801	0.01015	0.01523	0.48080	0.02559	0.09935	0.00717	0.00407	0.00116	0.00190	0.00616	0.30471	0.00373
15	0.00637	0.00527	0.00607	0.00521	0.00729	0.00426	0.00402	0.00778	0.00890	0.01225	0.10304	0.10203	0.30921	0.00733	0.00410	0.00109	0.00250	0.04176	0.00325	0.35830
16	0.00488	0.00384	0.00442	0.00476	0.00563	0.00337	0.00338	0.00585	0.00875	0.01107	0.10427	0.36645	0.43721	0.01095	0.00489	0.00146	0.00214	0.00954	0.00379	0.00337
17	0.03462	0.00687	0.00827	0.00673	0.00919	0.01879	0.00542	0.09864	0.07437	0.45789	0.05627	0.04270	0.01163	0.00532	0.00387	0.00121	0.00318	0.00433	0.14477	0.00593
18	0.09605	0.00463	0.00572	0.00575	0.00661	0.00501	0.00428	0.02020	0.01853	0.01085	0.03636	0.13777	0.09039	0.13704	0.37870	0.00400	0.00640	0.02545	0.00274	0.00353
19	0.00760	0.00459	0.00589	0.00563	0.00654	0.00451	0.00414	0.03783	0.05016	0.08003	0.08523	0.06474	0.15409	0.05898	0.05277	0.31545	0.00346	0.05193	0.00305	0.00337
20	0.00654	0.00404	0.00517	0.00538	0.00603	0.00378	0.00370	0.00733	0.00806	0.09729	0.08273	0.44174	0.08613	0.17957	0.04149	0.00218	0.00303	0.00869	0.00359	0.00353
21	0.00753	0.00645	0.00998	0.10323	0.25211	0.00666	0.04883	0.00928	0.04035	0.01067	0.04088	0.05127	0.01185	0.35376	0.02859	0.00245	0.00443	0.00505	0.00239	0.00422
22	0.03691	0.00420	0.00496	0.00516	0.00592	0.00399	0.00361	0.00714	0.03136	0.03877	0.13305	0.32648	0.18138	0.16580	0.00765	0.00191	0.00262	0.03204	0.00359	0.00346
23	0.00529	0.00380	0.00491	0.00547	0.00589	0.00369	0.00381	0.00605	0.00747	0.00988	0.02079	0.45769	0.10347	0.15646	0.10368	0.01546	0.00365	0.07606	0.00329	0.00318
24	0.00973	0.08808	0.21807	0.09560	0.35155	0.07410	0.03310	0.02556	0.00899	0.01220	0.00710	0.00909	0.00570	0.00386	0.00419	0.00121	0.04097	0.00325	0.00190	0.00573
25	0.00585	0.00395	0.00483	0.00498	0.00557	0.00373	0.00337	0.00649	0.00773	0.04267	0.09070	0.26576	0.18296	0.25755	0.05953	0.03675	0.00327	0.00783	0.00329	0.00319
26	0.00552	0.00402	0.00493	0.00524	0.00580	0.00386	0.00362	0.00680	0.04058	0.01115	0.16742	0.34527	0.11539	0.20555	0.00850	0.00205	0.00269	0.05471	0.00356	0.00332

[dist]
# distance from previous block
# <min> <max>
2	13

[block]
# block no. 5 follows, 67 sequences, length 26
# corresponding to MSA columns:
# 261-286
name=unknown_F
#
# <colnr> <probs for GDERKNQSTAVLIFYWHMCP>
#	G	D	E	R	K	N	Q	S	T	A	V	L	I	F	Y	W	H	M	C	P
0	0.08167	0.06563	0.01005	0.07506	0.06037	0.04160	0.03561	0.09463	0.13413	0.06974	0.01103	0.02402	0.01908	0.00475	0.00400	0.00118	0.04521	0.00373	0.19742	0.02109
1	0.02486	0.03350	0.01174	0.19253	0.11171	0.12440	0.00846	0.22073	0.06241	0.02464	0.00895	0.04269	0.00727	0.00506	0.01558	0.00129	0.04473	0.00372	0.01867	0.03705
2	0.01162	0.00896	0.00963	0.00811	0.01057	0.01000	0.00644	0.29751	0.42269	0.04250	0.03119	0.01423	0.01096	0.03891	0.00468	0.00138	0.00358	0.01733	0.03015	0.01957
3	0.01013	0.01043	0.01395	0.24412	0.40423	0.14639	0.01089	0.02743	0.00916	0.01176	0.00708	0.00960	0.00581	0.00406	0.00461	0.00125	0.06829	0.00340	0.00196	0.00542
4	0.00486	0.00403	0.00426	0.00432	0.00555	0.00343	0.00322	0.00593	0.00920	0.01122	0.09993	0.10167	0.69239	0.01021	0.00478	0.00138	0.00208	0.02435	0.00378	0.00341
5	0.00528	0.00404	0.00479	0.00468	0.00571	0.00360	0.00346	0.00670	0.01011	0.01346	0.45540	0.08348	0.33755	0.03749	0.00528	0.00141	0.00204	0.00792	0.00404	0.00356
6	0.00573	0.00430	0.00645	0.00645	0.00716	0.00501	0.00501	0.00716	0.00645	0.00931	0.01074	0.01576	0.01003	0.03008	0.84316	0.00645	0.01074	0.00430	0.00215	0.00358
7	0.00534	0.00413	0.00489	0.00481	0.00594	0.00368	0.00369	0.00684	0.01022	0.01347	0.42119	0.03498	0.38123	0.00929	0.00480	0.00135	0.00210	0.07441	0.00406	0.00360
8	0.00804	0.02074	0.83828	0.01143	0.01736	0.00931	0.01482	0.01270	0.00847	0.01270	0.00720	0.00847	0.00508	0.00381	0.00381	0.00127	0.00593	0.00296	0.00169	0.00593
9	0.01525	0.01123	0.01204	0.00923	0.01244	0.01244	0.00762	0.82067	0.01886	0.02528	0.00963	0.00963	0.00682	0.00481	0.00401	0.00120	0.00441	0.00361	0.00401	0.00682
10	0.00492	0.00352	0.00462	0.00549	0.00575	0.00329	0.00365	0.00560	0.00765	0.01016	0.02231	0.79895	0.05104	0.04526	0.00570	0.00171	0.00238	0.01109	0.00367	0.00323
11	0.01757	0.00692	0.00929	0.00719	0.01025	0.00611	0.00592	0.01964	0.05413	0.79391	0.01585	0.01372	0.01005	0.00499	0.00404	0.00125	0.00340	0.00406	0.00492	0.00680
12	0.00757	0.00713	0.01203	0.84942	0.02762	0.00891	0.01114	0.01025	0.00802	0.01025	0.00713	0.01069	0.00535	0.00401	0.00401	0.00134	0.00535	0.00356	0.00178	0.00446
13	0.00646	0.00487	0.00567	0.00531	0.00661	0.00474	0.00403	0.00969	0.14476	0.03019	0.46258	0.02864	0.22018	0.00801	0.00454	0.00129	0.00216	0.00689	0.03922	0.00417
14	0.01264	0.07786	0.11837	0.03299	0.10955	0.45473	0.02593	0.05731	0.04058	0.01168	0.00704	0.00824	0.00566	0.00408	0.00381	0.00111	0.01810	0.00292	0.00215	0.00523
15	0.01167	0.08181	0.07471	0.06217	0.11650	0.08403	0.03183	0.25631	0.19653	0.01673	0.01005	0.02286	0.00775	0.00457	0.00389	0.00122	0.00462	0.00370	0.00304	0.00602
16	0.00503	0.00364	0.00481	0.00560	0.00597	0.00334	0.00377	0.00577	0.00770	0.01036	0.02148	0.82125	0.02567	0.01217	0.00503	0.00159	0.00235	0.01103	0.00367	0.03978
17	0.01525	0.01123	0.01204	0.00923	0.01244	0.01244	0.00762	0.82067	0.01886	0.02528	0.00963	0.00963	0.00682	0.00481	0.00401	0.00120	0.00441	0.00361	0.00401	0.00682
18	0.00524	0.00381	0.00499	0.00577	0.00620	0.00364	0.00405	0.00647	0.03528	0.01093	0.06263	0.68982	0.04693	0.01191	0.00509	0.00162	0.00245	0.08596	0.00377	0.00343
19	0.01288	0.01006	0.01071	0.00875	0.01154	0.01133	0.00705	0.46261	0.38076	0.02147	0.01263	0.01202	0.00925	0.00510	0.00404	0.00127	0.00386	0.00402	0.00404	0.00661
20	0.88738	0.00776	0.00589	0.00527	0.00776	0.00900	0.00434	0.01179	0.00683	0.01799	0.00558	0.00651	0.00434	0.00372	0.00248	0.00124	0.00310	0.00217	0.00248	0.00434
21	0.00869	0.00769	0.01237	0.17479	0.43856	0.01977	0.00975	0.01062	0.00862	0.03557	0.01082	0.12180	0.02220	0.03142	0.00506	0.02873	0.00440	0.04161	0.00237	0.00516
22	0.00494	0.00374	0.00445	0.00499	0.00568	0.00335	0.00349	0.00582	0.00833	0.01071	0.04274	0.50460	0.32464	0.01137	0.00492	0.00151	0.00222	0.02295	0.02621	0.00333
23	0.00547	0.00378	0.00464	0.00514	0.00580	0.00343	0.00358	0.00640	0.00836	0.03731	0.06458	0.54637	0.21461	0.01106	0.00483	0.00149	0.00224	0.00981	0.05764	0.00346
24	0.00587	0.00463	0.00667	0.04687	0.01875	0.01647	0.02212	0.00720	0.00731	0.00996	0.01537	0.24389	0.04684	0.03200	0.43675	0.00411	0.00710	0.06178	0.00272	0.00361
25	0.00770	0.00607	0.00741	0.00597	0.00834	0.00511	0.00459	0.04000	0.00803	0.01198	0.00937	0.10183	0.00898	0.02623	0.10436	0.10287	0.00395	0.00383	0.00249	0.53089

[dist]
# distance from previous block
# <min> <max>
0	2

[block]
# block no. 6 follows, 67 sequences, length 14
# corresponding to MSA columns:
# 289-302
name=unknown_G
#
# <colnr> <probs for GDERKNQSTAVLIFYWHMCP>
#	G	D	E	R	K	N	Q	S	T	A	V	L	I	F	Y	W	H	M	C	P
0	0.00500	0.00388	0.00450	0.00486	0.00569	0.00345	0.00348	0.00595	0.00862	0.01091	0.08883	0.33233	0.40644	0.05127	0.00566	0.00159	0.00230	0.04819	0.00371	0.00334
1	0.01358	0.00724	0.00876	0.00709	0.00958	0.00722	0.00573	0.18405	0.10440	0.36947	0.13438	0.01551	0.01368	0.00601	0.02318	0.00134	0.00341	0.00446	0.07491	0.00600
2	0.01096	0.77247	0.02003	0.00723	0.01045	0.07455	0.00699	0.01221	0.00831	0.00947	0.00561	0.00657	0.00515	0.00360	0.00301	0.00090	0.03343	0.00222	0.00174	0.00509
3	0.00764	0.01157	0.29292	0.46541	0.04838	0.00863	0.01185	0.01087	0.00833	0.01140	0.03397	0.03903	0.00738	0.00449	0.00403	0.00133	0.00528	0.02061	0.00195	0.00494
4	0.00581	0.00391	0.00442	0.00446	0.00461	0.00386	0.00264	0.00602	0.00633	0.00848	0.03270	0.04369	0.06055	0.73184	0.01804	0.00351	0.00365	0.02740	0.02547	0.00260
5	0.00507	0.00397	0.00459	0.00465	0.00567	0.00349	0.00341	0.00631	0.00959	0.01242	0.29262	0.18180	0.43219	0.00995	0.00480	0.00137	0.00204	0.00860	0.00395	0.00349
6	0.00563	0.00410	0.00530	0.00500	0.00597	0.00377	0.00375	0.00749	0.01125	0.01585	0.79642	0.03035	0.07349	0.00829	0.00473	0.00127	0.00190	0.00731	0.00438	0.00377
7	0.00947	0.01082	0.02366	0.01690	0.02096	0.01014	0.81947	0.01285	0.00947	0.01285	0.00811	0.01082	0.00609	0.00338	0.00473	0.00135	0.00676	0.00473	0.00203	0.00541
8	0.00697	0.00348	0.00522	0.00522	0.00522	0.00348	0.00348	0.00522	0.00522	0.00697	0.00697	0.01219	0.00697	0.01393	0.01567	0.88332	0.00348	0.00348	0.00174	0.00174
9	0.00967	0.05863	0.28596	0.04363	0.08419	0.02313	0.08505	0.06697	0.00946	0.05751	0.00781	0.00908	0.00590	0.00365	0.00365	0.00107	0.00481	0.00310	0.00227	0.23446
10	0.00979	0.10834	0.27535	0.04649	0.09043	0.02219	0.18756	0.04855	0.02368	0.05848	0.00804	0.00954	0.00606	0.00424	0.01983	0.00128	0.00544	0.00343	0.00219	0.06909
11	0.00497	0.00358	0.00472	0.00558	0.00591	0.00333	0.00381	0.00576	0.00791	0.01051	0.04659	0.76582	0.05948	0.01228	0.00511	0.00162	0.00236	0.04364	0.00374	0.00330
12	0.01197	0.00730	0.02380	0.03134	0.06282	0.02284	0.04327	0.07054	0.04308	0.31340	0.01359	0.06502	0.03271	0.02360	0.10072	0.00192	0.05228	0.00455	0.06978	0.00546
13	0.00916	0.08045	0.12839	0.04196	0.14168	0.08839	0.09623	0.03361	0.02783	0.02913	0.07334	0.08717	0.02872	0.02655	0.02848	0.00146	0.03236	0.01724	0.00251	0.02535

[dist]
# distance from previous block
# <min> <max>
2	6

[block]
# block no. 7 follows, 67 sequences, length 7
# corresponding to MSA columns:
# 310-316
name=unknown_H
#
# <colnr> <probs for GDERKNQSTAVLIFYWHMCP>
#	G	D	E	R	K	N	Q	S	T	A	V	L	I	F	Y	W	H	M	C	P
0	0.01522	0.00747	0.00918	0.00727	0.01003	0.00727	0.00592	0.17544	0.08778	0.49355	0.06233	0.01403	0.01119	0.00515	0.00398	0.00122	0.00338	0.00416	0.06903	0.00638
1	0.00877	0.01382	0.37221	0.21442	0.15855	0.00945	0.03390	0.07257	0.00920	0.01298	0.00776	0.03027	0.00605	0.00419	0.00422	0.00129	0.02923	0.00353	0.00200	0.00559
2	0.00685	0.00441	0.00584	0.00568	0.00637	0.00490	0.00428	0.03822	0.00718	0.01092	0.01060	0.01503	0.00954	0.06138	0.38701	0.14917	0.03491	0.00404	0.23026	0.00341
3	0.00618	0.00471	0.00657	0.00683	0.04445	0.00534	0.00469	0.00710	0.00633	0.00896	0.01088	0.01875	0.01115	0.32424	0.45063	0.00495	0.06792	0.00476	0.00221	0.00335
4	0.77350	0.00873	0.05205	0.00591	0.00864	0.00927	0.00517	0.07268	0.00782	0.01825	0.00598	0.00686	0.00457	0.00381	0.00267	0.00124	0.00336	0.00232	0.00255	0.00462
5	0.00565	0.00438	0.00474	0.00465	0.00603	0.00385	0.00357	0.00722	0.04068	0.04320	0.11583	0.03631	0.63955	0.00964	0.00474	0.00137	0.00222	0.05883	0.00385	0.00369
6	0.00498	0.00359	0.00473	0.00561	0.00595	0.00335	0.00386	0.00576	0.00786	0.01038	0.02309	0.75962	0.07169	0.01234	0.00512	0.00163	0.00240	0.06102	0.00372	0.00329

[dist]
# distance from previous block
# <min> <max>
0	1

# created by:
# /st0/software/busco_prod/Augustus/scripts/msa2prfl.pl ./align_prep/35669.fa
