[name]
unknown

[dist]
# distance from previous block
# <min> <max>
0	67

[block]
# block no. 0 follows, 58 sequences, length 8
# corresponding to MSA columns:
# 67-74
name=unknown_A
#
# <colnr> <probs for GDERKNQSTAVLIFYWHMCP>
#	G	D	E	R	K	N	Q	S	T	A	V	L	I	F	Y	W	H	M	C	P
0	0.09466	0.01032	0.03532	0.00940	0.02663	0.02795	0.03203	0.33256	0.10066	0.06275	0.05109	0.01802	0.06220	0.00635	0.00454	0.00143	0.00435	0.07832	0.00404	0.03738
1	0.12876	0.08116	0.03780	0.02793	0.04874	0.04252	0.00724	0.19522	0.01226	0.05331	0.07969	0.07400	0.10425	0.00667	0.00504	0.00141	0.06421	0.00515	0.00350	0.02112
2	0.09029	0.04266	0.10481	0.04392	0.10009	0.03466	0.03833	0.12829	0.05433	0.12957	0.02496	0.12762	0.04866	0.00639	0.00447	0.00143	0.00454	0.00537	0.00353	0.00607
3	0.00758	0.00552	0.00701	0.00731	0.03850	0.00531	0.00508	0.05567	0.03847	0.04680	0.07851	0.40521	0.10760	0.03021	0.07533	0.00211	0.00374	0.00904	0.00394	0.06708
4	0.00640	0.06463	0.00760	0.06566	0.00896	0.00549	0.02800	0.00789	0.01021	0.01307	0.19414	0.20401	0.34729	0.01019	0.00514	0.00151	0.00290	0.00883	0.00394	0.00413
5	0.19730	0.00874	0.03153	0.08658	0.01263	0.00883	0.00703	0.13826	0.06599	0.26580	0.05744	0.06036	0.01154	0.00579	0.00421	0.00142	0.00397	0.00460	0.02176	0.00622
6	0.07094	0.01081	0.01581	0.09884	0.31428	0.04305	0.10621	0.15189	0.01201	0.05906	0.00910	0.01093	0.00700	0.00432	0.00434	0.00132	0.00534	0.00393	0.00284	0.06796
7	0.00761	0.06514	0.00837	0.00692	0.00812	0.00681	0.00538	0.05325	0.00850	0.01188	0.03410	0.05039	0.05217	0.13198	0.43256	0.00476	0.03726	0.00529	0.03039	0.03913

[dist]
# distance from previous block
# <min> <max>
1	3

[block]
# block no. 1 follows, 58 sequences, length 14
# corresponding to MSA columns:
# 78-91
name=unknown_B
#
# <colnr> <probs for GDERKNQSTAVLIFYWHMCP>
#	G	D	E	R	K	N	Q	S	T	A	V	L	I	F	Y	W	H	M	C	P
0	0.02949	0.11763	0.27236	0.01217	0.06931	0.02748	0.08687	0.16536	0.04128	0.05391	0.01012	0.01105	0.02666	0.00460	0.00420	0.00131	0.00550	0.00378	0.00284	0.05408
1	0.03602	0.02742	0.08611	0.01726	0.26398	0.03302	0.22851	0.02490	0.05173	0.03298	0.06046	0.03694	0.03883	0.00530	0.00475	0.00144	0.00550	0.03592	0.00280	0.00613
2	0.00944	0.00962	0.01833	0.19902	0.09520	0.00979	0.37024	0.01321	0.06951	0.01390	0.04900	0.09957	0.01119	0.00544	0.00501	0.00152	0.00591	0.00576	0.00269	0.00564
3	0.01030	0.00893	0.05694	0.05424	0.11985	0.05644	0.02207	0.09564	0.03974	0.09130	0.08461	0.21898	0.04640	0.02211	0.05005	0.00185	0.00467	0.00678	0.00363	0.00546
4	0.04277	0.11147	0.29693	0.05298	0.12906	0.01109	0.09054	0.08259	0.01086	0.09698	0.00950	0.02914	0.00723	0.00457	0.00425	0.00136	0.00564	0.00389	0.00266	0.00650
5	0.00637	0.00464	0.00596	0.06751	0.00848	0.00438	0.00477	0.00758	0.00952	0.04440	0.07816	0.41595	0.24830	0.02946	0.00581	0.00173	0.00288	0.04605	0.00406	0.00397
6	0.03377	0.00510	0.00635	0.00607	0.00752	0.00462	0.00453	0.01049	0.01060	0.18929	0.18013	0.29251	0.17156	0.01002	0.00508	0.00154	0.00270	0.00872	0.04470	0.00470
7	0.02549	0.06683	0.15686	0.01020	0.01363	0.06253	0.10288	0.13536	0.06975	0.10146	0.07150	0.09264	0.02705	0.00608	0.00452	0.00140	0.00491	0.00520	0.03566	0.00606
8	0.04544	0.17778	0.22852	0.02611	0.07689	0.14754	0.02943	0.10217	0.05389	0.02669	0.00869	0.01028	0.00693	0.03565	0.00467	0.00138	0.00581	0.00345	0.00255	0.00614
9	0.00596	0.00427	0.00552	0.00634	0.00677	0.00408	0.00436	0.03014	0.00896	0.01189	0.02410	0.69439	0.04969	0.06515	0.00675	0.00197	0.00286	0.05901	0.00407	0.00373
10	0.00987	0.00641	0.00774	0.03750	0.00934	0.00636	0.00544	0.14904	0.02691	0.12310	0.17392	0.21905	0.15160	0.02546	0.00538	0.00156	0.00318	0.00789	0.02513	0.00510
11	0.01097	0.14214	0.23448	0.04541	0.08830	0.03179	0.12184	0.10024	0.04613	0.03539	0.03095	0.05263	0.00909	0.02555	0.00480	0.00143	0.00559	0.00438	0.00269	0.00619
12	0.01215	0.15226	0.12358	0.04587	0.14277	0.19717	0.05908	0.01518	0.06257	0.04847	0.00962	0.03106	0.00800	0.00489	0.00434	0.00130	0.02184	0.02113	0.03277	0.00595
13	0.09647	0.13834	0.06572	0.00770	0.00994	0.09583	0.01930	0.01155	0.00966	0.08908	0.01819	0.27344	0.11437	0.00834	0.00470	0.00146	0.02071	0.00690	0.00337	0.00491

[dist]
# distance from previous block
# <min> <max>
1	13

[block]
# block no. 2 follows, 58 sequences, length 12
# corresponding to MSA columns:
# 105-116
name=unknown_C
#
# <colnr> <probs for GDERKNQSTAVLIFYWHMCP>
#	G	D	E	R	K	N	Q	S	T	A	V	L	I	F	Y	W	H	M	C	P
0	0.00722	0.00557	0.03059	0.00610	0.00718	0.00510	0.00453	0.06003	0.00983	0.03499	0.16153	0.17373	0.14628	0.23471	0.09001	0.00284	0.00415	0.00787	0.00372	0.00401
1	0.07421	0.14269	0.18966	0.04648	0.05906	0.05029	0.03121	0.12035	0.06962	0.07005	0.06438	0.01281	0.00992	0.00505	0.00414	0.00133	0.00504	0.02203	0.00306	0.01862
2	0.10152	0.03192	0.17115	0.00996	0.04416	0.00878	0.07844	0.04054	0.12004	0.11555	0.08180	0.04222	0.08696	0.04116	0.00524	0.00156	0.00444	0.00519	0.00350	0.00588
3	0.00656	0.00432	0.00548	0.00594	0.00668	0.00401	0.00423	0.00778	0.00964	0.04765	0.14632	0.46599	0.10740	0.03656	0.00587	0.00173	0.00263	0.05151	0.07577	0.00395
4	0.00962	0.00658	0.00784	0.00705	0.00856	0.02918	0.02190	0.10216	0.01081	0.08507	0.07412	0.16293	0.07004	0.04498	0.09064	0.00213	0.05098	0.00641	0.18055	0.02845
5	0.06716	0.23298	0.41586	0.01090	0.01599	0.03728	0.04165	0.10285	0.01068	0.01510	0.00775	0.00892	0.00590	0.00425	0.00385	0.00128	0.00582	0.00315	0.00227	0.00632
6	0.00589	0.00513	0.04081	0.00596	0.00708	0.00419	0.00461	0.00740	0.01034	0.01381	0.27745	0.33451	0.22303	0.01136	0.00542	0.00160	0.00258	0.03054	0.00430	0.00400
7	0.00569	0.00424	0.00509	0.00556	0.00632	0.00385	0.00390	0.00674	0.00943	0.01230	0.11060	0.40718	0.27358	0.06868	0.00664	0.00184	0.00260	0.03612	0.02593	0.00370
8	0.13216	0.26359	0.06838	0.04203	0.02561	0.12415	0.02398	0.13396	0.03847	0.03757	0.02661	0.00977	0.00733	0.00464	0.00394	0.00124	0.02550	0.00327	0.02192	0.00588
9	0.06051	0.05298	0.08981	0.00893	0.01194	0.03342	0.05983	0.15090	0.08341	0.14324	0.13416	0.06045	0.05816	0.02618	0.00499	0.00147	0.00427	0.00541	0.00395	0.00600
10	0.00833	0.00620	0.00718	0.00671	0.00822	0.00630	0.00510	0.09913	0.11153	0.04418	0.19050	0.17273	0.21260	0.04637	0.00616	0.00167	0.02131	0.03662	0.00434	0.00482
11	0.03427	0.19899	0.18693	0.01148	0.07641	0.06109	0.03212	0.17688	0.05354	0.05398	0.00905	0.00992	0.00692	0.00459	0.00426	0.00127	0.02852	0.00345	0.00285	0.04348

[dist]
# distance from previous block
# <min> <max>
1	17

[block]
# block no. 3 follows, 58 sequences, length 8
# corresponding to MSA columns:
# 136-143
name=unknown_D
#
# <colnr> <probs for GDERKNQSTAVLIFYWHMCP>
#	G	D	E	R	K	N	Q	S	T	A	V	L	I	F	Y	W	H	M	C	P
0	0.05571	0.04959	0.05855	0.04627	0.20035	0.04859	0.05535	0.03971	0.05067	0.04069	0.05017	0.10628	0.04612	0.02308	0.00476	0.00140	0.00453	0.00521	0.02578	0.08719
1	0.00714	0.00505	0.00597	0.00578	0.00699	0.00480	0.00427	0.02764	0.05900	0.04458	0.30102	0.13949	0.21989	0.08077	0.00666	0.00174	0.00267	0.02853	0.04374	0.00428
2	0.01012	0.00886	0.05132	0.02562	0.07272	0.02514	0.05566	0.13719	0.10831	0.04222	0.07439	0.11475	0.03894	0.02645	0.12006	0.00232	0.02697	0.00584	0.04752	0.00557
3	0.04813	0.05085	0.14354	0.03068	0.05824	0.07570	0.04919	0.10232	0.04041	0.11697	0.01116	0.02700	0.03061	0.00487	0.00431	0.00124	0.02080	0.00390	0.01820	0.16187
4	0.05000	0.01029	0.03937	0.15552	0.21306	0.05975	0.07039	0.08956	0.05168	0.08862	0.05811	0.03813	0.04513	0.00539	0.00454	0.00141	0.00506	0.00475	0.00313	0.00610
5	0.00634	0.00485	0.00573	0.00582	0.00690	0.00456	0.00426	0.03169	0.04607	0.01418	0.24228	0.25986	0.27036	0.04060	0.00600	0.00168	0.00259	0.03779	0.00434	0.00409
6	0.03370	0.04883	0.05035	0.03617	0.02288	0.00775	0.03317	0.14263	0.02548	0.03576	0.07572	0.23280	0.09238	0.04736	0.05001	0.03010	0.01922	0.00715	0.00361	0.00494
7	0.07806	0.11886	0.19598	0.04931	0.12711	0.07790	0.07029	0.04598	0.01024	0.05356	0.01005	0.09809	0.00884	0.00527	0.00420	0.00135	0.00538	0.00443	0.00262	0.03246

[dist]
# distance from previous block
# <min> <max>
10	25

[block]
# block no. 4 follows, 58 sequences, length 13
# corresponding to MSA columns:
# 169-181
name=unknown_E
#
# <colnr> <probs for GDERKNQSTAVLIFYWHMCP>
#	G	D	E	R	K	N	Q	S	T	A	V	L	I	F	Y	W	H	M	C	P
0	0.02829	0.10969	0.14548	0.03459	0.11034	0.06432	0.05638	0.06471	0.07416	0.08230	0.01128	0.07339	0.00952	0.00838	0.09305	0.00198	0.00595	0.00451	0.00292	0.01875
1	0.00809	0.03017	0.00743	0.02980	0.00855	0.01947	0.00524	0.04731	0.06295	0.05913	0.08341	0.29750	0.07499	0.07876	0.09906	0.03060	0.00433	0.04503	0.00380	0.00440
2	0.09713	0.11161	0.17270	0.08296	0.05562	0.02592	0.05058	0.09586	0.04558	0.06861	0.01007	0.03748	0.02081	0.00536	0.00504	0.02492	0.05062	0.00396	0.00280	0.03237
3	0.03956	0.08374	0.04113	0.02717	0.05540	0.07636	0.04142	0.15044	0.09761	0.10050	0.05939	0.03089	0.09727	0.00722	0.03640	0.00161	0.03940	0.00491	0.00358	0.00599
4	0.00794	0.00536	0.00643	0.02171	0.00788	0.00514	0.00468	0.05033	0.04531	0.08860	0.08230	0.25710	0.24523	0.09736	0.02123	0.00198	0.00321	0.03964	0.00415	0.00440
5	0.08404	0.00589	0.00696	0.00646	0.00814	0.00566	0.00486	0.04869	0.02724	0.19777	0.06930	0.26048	0.15864	0.06238	0.03110	0.00190	0.00339	0.00791	0.00428	0.00492
6	0.06617	0.01103	0.08156	0.07373	0.29506	0.04538	0.11909	0.03367	0.02797	0.03615	0.01084	0.06634	0.00963	0.00537	0.00457	0.00143	0.00534	0.05917	0.00269	0.04482
7	0.00607	0.00424	0.00550	0.00605	0.00657	0.00404	0.00417	0.00703	0.00888	0.02850	0.10262	0.50575	0.08446	0.11170	0.07111	0.00246	0.00352	0.02966	0.00395	0.00372
8	0.00883	0.00561	0.00641	0.00605	0.00761	0.00540	0.00459	0.07922	0.04931	0.09933	0.07934	0.20056	0.24378	0.00930	0.00482	0.00147	0.00278	0.02199	0.15885	0.00475
9	0.09757	0.03193	0.06294	0.04200	0.07898	0.07642	0.03704	0.09963	0.07400	0.13577	0.04878	0.05255	0.02594	0.00612	0.02055	0.00146	0.00464	0.00455	0.06523	0.03392
10	0.01101	0.01012	0.03325	0.04540	0.34034	0.03071	0.11573	0.09001	0.04536	0.04820	0.03218	0.09532	0.02641	0.02333	0.00524	0.00149	0.01845	0.00532	0.01589	0.00624
11	0.00769	0.00539	0.00638	0.00636	0.00746	0.00525	0.00459	0.09534	0.02834	0.04863	0.06998	0.37557	0.17524	0.10873	0.00740	0.00196	0.00309	0.03418	0.00413	0.00429
12	0.03392	0.16572	0.04786	0.04444	0.04735	0.04011	0.02866	0.04217	0.00997	0.04944	0.00859	0.03255	0.00721	0.00409	0.00360	0.00096	0.00429	0.00323	0.00265	0.42320

[dist]
# distance from previous block
# <min> <max>
0	2

[block]
# block no. 5 follows, 58 sequences, length 15
# corresponding to MSA columns:
# 184-198
name=unknown_F
#
# <colnr> <probs for GDERKNQSTAVLIFYWHMCP>
#	G	D	E	R	K	N	Q	S	T	A	V	L	I	F	Y	W	H	M	C	P
0	0.06841	0.06475	0.10753	0.09418	0.14773	0.04857	0.10995	0.11088	0.04644	0.03020	0.04111	0.01163	0.00833	0.00517	0.01937	0.00145	0.02857	0.00399	0.00275	0.04900
1	0.00850	0.00568	0.00688	0.00676	0.00802	0.00560	0.00493	0.07787	0.08638	0.09151	0.10869	0.42869	0.09509	0.03631	0.00582	0.00171	0.00297	0.00947	0.00439	0.00473
2	0.00994	0.00851	0.05621	0.08278	0.03163	0.04678	0.05657	0.09073	0.06059	0.04790	0.01208	0.03457	0.03271	0.09871	0.08218	0.17169	0.00537	0.00473	0.04397	0.02236
3	0.02818	0.07510	0.11354	0.03557	0.13202	0.06360	0.06985	0.12553	0.05700	0.08872	0.04733	0.03108	0.00963	0.00548	0.01565	0.00142	0.03353	0.00423	0.01674	0.04578
4	0.03296	0.17143	0.09252	0.05929	0.12367	0.01097	0.12964	0.03275	0.02989	0.05576	0.01043	0.07502	0.00941	0.05819	0.00610	0.00157	0.05646	0.01697	0.00263	0.02434
5	0.00643	0.00462	0.00546	0.00556	0.00648	0.00429	0.00396	0.00779	0.02828	0.03387	0.18173	0.17913	0.26427	0.18712	0.00908	0.00218	0.00292	0.05897	0.00404	0.00381
6	0.06566	0.02524	0.10726	0.00939	0.01172	0.05515	0.13744	0.02370	0.00979	0.01354	0.07883	0.26435	0.09641	0.03065	0.01914	0.00172	0.02143	0.02056	0.00328	0.00474
7	0.01157	0.25697	0.14492	0.03900	0.09363	0.04005	0.06547	0.10491	0.08420	0.03027	0.02600	0.02732	0.00873	0.00488	0.00405	0.00128	0.00518	0.01978	0.02556	0.00622
8	0.00885	0.02809	0.01033	0.06974	0.08732	0.00698	0.06829	0.00954	0.02596	0.04170	0.02423	0.02989	0.00991	0.11702	0.05716	0.32079	0.05874	0.00464	0.01692	0.00392
9	0.00747	0.00523	0.00607	0.00591	0.00737	0.00486	0.00449	0.02480	0.06839	0.07694	0.16743	0.16060	0.35999	0.01036	0.00523	0.00155	0.00266	0.05445	0.02173	0.00447
10	0.05606	0.00842	0.03461	0.03199	0.04738	0.02300	0.03747	0.15103	0.07129	0.05916	0.14672	0.09937	0.09657	0.00912	0.05239	0.00182	0.03583	0.02846	0.00386	0.00546
11	0.06670	0.08612	0.06029	0.06096	0.04850	0.07293	0.10774	0.13000	0.09073	0.06143	0.03711	0.03857	0.00965	0.00614	0.03129	0.00155	0.02525	0.00435	0.04184	0.01885
12	0.03327	0.03588	0.09465	0.05364	0.11895	0.04453	0.07680	0.06180	0.03907	0.06903	0.02932	0.10082	0.08170	0.02707	0.00630	0.02641	0.07329	0.01884	0.00307	0.00554
13	0.00577	0.00433	0.00531	0.00595	0.00658	0.00406	0.00411	0.00713	0.04118	0.01191	0.04883	0.55607	0.18775	0.06165	0.00658	0.00189	0.00269	0.03034	0.00410	0.00378
14	0.01031	0.06698	0.07801	0.04886	0.12514	0.05039	0.05060	0.11792	0.04625	0.02917	0.09983	0.11848	0.02972	0.00805	0.04692	0.00172	0.01661	0.01966	0.02973	0.00565

[dist]
# distance from previous block
# <min> <max>
3	42

[block]
# block no. 6 follows, 58 sequences, length 16
# corresponding to MSA columns:
# 259-274
name=unknown_G
#
# <colnr> <probs for GDERKNQSTAVLIFYWHMCP>
#	G	D	E	R	K	N	Q	S	T	A	V	L	I	F	Y	W	H	M	C	P
0	0.01066	0.08062	0.15052	0.04744	0.01312	0.06231	0.04048	0.08989	0.09751	0.06802	0.04273	0.14278	0.02399	0.04392	0.02342	0.00166	0.00487	0.00554	0.01284	0.03769
1	0.04788	0.13864	0.20306	0.05743	0.01505	0.10887	0.05102	0.12764	0.03597	0.03503	0.01105	0.02954	0.04046	0.00633	0.03394	0.00157	0.01672	0.03110	0.00279	0.00592
2	0.06500	0.00676	0.04915	0.03248	0.00913	0.00597	0.00554	0.05665	0.04205	0.09805	0.11539	0.18101	0.25618	0.03130	0.00544	0.00161	0.00320	0.02623	0.00410	0.00479
3	0.00838	0.09382	0.12759	0.02960	0.06070	0.04059	0.03527	0.01095	0.04904	0.02885	0.13020	0.23621	0.09068	0.03155	0.00531	0.00156	0.00407	0.00724	0.00340	0.00499
4	0.03456	0.02500	0.02278	0.05270	0.05079	0.08125	0.00710	0.15263	0.04917	0.11192	0.12658	0.14389	0.01714	0.02724	0.04785	0.00182	0.00464	0.03346	0.00389	0.00557
5	0.00678	0.01848	0.04867	0.02422	0.00825	0.00529	0.00526	0.04301	0.04189	0.01323	0.06164	0.44640	0.13597	0.01253	0.05568	0.00197	0.00353	0.00952	0.05343	0.00426
6	0.00577	0.00413	0.00511	0.00565	0.00606	0.00387	0.00372	0.00651	0.00859	0.01137	0.09151	0.48019	0.11670	0.21792	0.00984	0.00237	0.00295	0.01042	0.00386	0.00347
7	0.05327	0.08816	0.11600	0.02499	0.08751	0.07992	0.08871	0.22005	0.04563	0.09781	0.00981	0.01070	0.00727	0.00484	0.00476	0.00136	0.04561	0.00383	0.00319	0.00659
8	0.00664	0.00482	0.00598	0.00632	0.02752	0.00491	0.00400	0.02367	0.00803	0.01083	0.06868	0.23598	0.05589	0.43947	0.04169	0.00323	0.03756	0.00805	0.00327	0.00344
9	0.00570	0.00505	0.04765	0.00636	0.00718	0.00407	0.00478	0.00685	0.00908	0.01201	0.06371	0.62588	0.13881	0.01286	0.00557	0.00174	0.00278	0.03201	0.00407	0.00385
10	0.01061	0.07789	0.44693	0.01242	0.04913	0.03906	0.07653	0.09527	0.01116	0.03789	0.07579	0.01182	0.00924	0.00482	0.00456	0.00138	0.02265	0.00393	0.00257	0.00637
11	0.06939	0.00809	0.01124	0.01154	0.14479	0.02482	0.07788	0.07264	0.07979	0.09141	0.10494	0.08626	0.02613	0.03049	0.04962	0.06289	0.00460	0.00552	0.03250	0.00548
12	0.00692	0.00491	0.00613	0.00623	0.00705	0.00487	0.00442	0.00891	0.07104	0.04383	0.19938	0.33035	0.08739	0.12795	0.05072	0.00230	0.02036	0.00907	0.00407	0.00411
13	0.05743	0.00574	0.00714	0.00662	0.00749	0.00620	0.02202	0.05689	0.02726	0.02834	0.06521	0.05131	0.01531	0.38633	0.20463	0.00410	0.03521	0.00585	0.00301	0.00392
14	0.01003	0.00784	0.01105	0.03860	0.04882	0.00803	0.10346	0.10838	0.14567	0.07221	0.06572	0.17464	0.08840	0.00830	0.00511	0.00158	0.00407	0.08852	0.00400	0.00557
15	0.05053	0.03893	0.05854	0.02079	0.08089	0.08594	0.05452	0.06687	0.02169	0.16793	0.05547	0.09942	0.03596	0.08398	0.02306	0.01430	0.02669	0.00541	0.00347	0.00558

[dist]
# distance from previous block
# <min> <max>
4	16

[block]
# block no. 7 follows, 58 sequences, length 34
# corresponding to MSA columns:
# 291-324
name=unknown_H
#
# <colnr> <probs for GDERKNQSTAVLIFYWHMCP>
#	G	D	E	R	K	N	Q	S	T	A	V	L	I	F	Y	W	H	M	C	P
0	0.02888	0.12269	0.02909	0.01016	0.04405	0.10872	0.04713	0.21597	0.05516	0.05823	0.02462	0.09305	0.02677	0.00658	0.01941	0.00145	0.03481	0.01917	0.00339	0.05069
1	0.02759	0.02652	0.07565	0.01037	0.07418	0.03104	0.04534	0.19138	0.08521	0.05651	0.05860	0.06692	0.02253	0.02369	0.00626	0.09510	0.00447	0.01774	0.00344	0.07747
2	0.01208	0.06336	0.14465	0.02685	0.12888	0.04113	0.06402	0.22265	0.07207	0.03442	0.01164	0.06134	0.02400	0.00566	0.00492	0.00142	0.04050	0.01922	0.01476	0.00645
3	0.00685	0.00457	0.00564	0.00597	0.00686	0.00420	0.00420	0.01996	0.02023	0.07129	0.06114	0.49032	0.21262	0.04379	0.00629	0.01456	0.00272	0.01054	0.00421	0.00403
4	0.04301	0.54690	0.01960	0.00860	0.01194	0.05938	0.07534	0.01331	0.00964	0.04276	0.06655	0.01059	0.00905	0.00634	0.05883	0.00150	0.00541	0.00333	0.00239	0.00554
5	0.03909	0.02301	0.03059	0.13584	0.23050	0.07582	0.03891	0.02311	0.02519	0.02890	0.01138	0.09185	0.02503	0.05776	0.04737	0.00187	0.03983	0.01651	0.00264	0.05479
6	0.06986	0.00510	0.00636	0.00668	0.02089	0.00496	0.02800	0.00824	0.04815	0.01317	0.08813	0.43048	0.20104	0.01213	0.03389	0.00184	0.00311	0.00985	0.00398	0.00411
7	0.00646	0.00450	0.00585	0.06651	0.00834	0.00432	0.00470	0.00768	0.00926	0.04041	0.05276	0.50162	0.15897	0.01163	0.00529	0.00165	0.00281	0.02814	0.07511	0.00397
8	0.00647	0.00446	0.00553	0.00576	0.00655	0.00432	0.00414	0.02452	0.00983	0.01386	0.20029	0.30828	0.10559	0.05889	0.08025	0.00220	0.00340	0.02212	0.12963	0.00393
9	0.02299	0.00589	0.00735	0.00753	0.04315	0.00570	0.00525	0.08030	0.02139	0.07708	0.03762	0.34240	0.09987	0.08995	0.04638	0.00210	0.00372	0.03809	0.00389	0.05936
10	0.00666	0.00445	0.00565	0.00612	0.00662	0.00439	0.00416	0.00791	0.03880	0.03963	0.02031	0.47837	0.02297	0.19880	0.07517	0.00275	0.00382	0.02609	0.04356	0.00376
11	0.00695	0.00559	0.00727	0.00734	0.00815	0.02269	0.03473	0.05142	0.00980	0.01303	0.08194	0.53799	0.08037	0.01191	0.00615	0.00173	0.05835	0.04648	0.00397	0.00414
12	0.38080	0.00939	0.00992	0.00817	0.01101	0.04605	0.05743	0.09269	0.05293	0.18103	0.02586	0.02648	0.02371	0.00521	0.00421	0.00141	0.03591	0.00386	0.01810	0.00583
13	0.01155	0.00777	0.00845	0.00722	0.00914	0.03328	0.00567	0.21127	0.02507	0.10976	0.03984	0.05072	0.12936	0.06632	0.00636	0.00157	0.06181	0.00550	0.20398	0.00538
14	0.07609	0.26103	0.05343	0.04907	0.09513	0.24550	0.02053	0.01491	0.03935	0.03465	0.03146	0.01039	0.02509	0.00466	0.00399	0.00121	0.02201	0.00336	0.00246	0.00566
15	0.01134	0.40922	0.13349	0.00852	0.01214	0.09487	0.00839	0.09064	0.01097	0.01334	0.04166	0.01407	0.12381	0.00539	0.00378	0.00118	0.00493	0.00396	0.00263	0.00566
16	0.02480	0.13704	0.42756	0.04456	0.05167	0.02682	0.01232	0.05789	0.01012	0.04169	0.00891	0.01029	0.01838	0.00544	0.03516	0.00150	0.00593	0.00339	0.00232	0.07422
17	0.01142	0.06922	0.16561	0.05296	0.16274	0.07711	0.08463	0.09719	0.06864	0.04586	0.02781	0.02237	0.06053	0.00510	0.00441	0.00135	0.00541	0.00438	0.00288	0.03038
18	0.00563	0.00446	0.00515	0.00523	0.00640	0.00399	0.00386	0.00696	0.01028	0.01317	0.21210	0.15854	0.46349	0.01287	0.06556	0.00195	0.00299	0.00929	0.00420	0.00387
19	0.09232	0.01008	0.01121	0.03753	0.01271	0.04130	0.00736	0.32774	0.02897	0.32983	0.01394	0.02781	0.02761	0.00557	0.00436	0.00138	0.00439	0.00432	0.00455	0.00701
20	0.03226	0.02413	0.10054	0.02876	0.06541	0.17042	0.00866	0.15600	0.10413	0.12382	0.04114	0.03926	0.03201	0.03509	0.01729	0.00155	0.00528	0.00450	0.00354	0.00621
21	0.02541	0.00867	0.03272	0.05569	0.06867	0.02140	0.06654	0.13812	0.05867	0.18070	0.06100	0.09370	0.06902	0.04528	0.00555	0.00158	0.00427	0.02292	0.03414	0.00593
22	0.01620	0.00817	0.00985	0.00786	0.01078	0.00804	0.00642	0.20743	0.05153	0.41247	0.03965	0.01602	0.02276	0.00578	0.00434	0.00134	0.00372	0.01897	0.14184	0.00682
23	0.01487	0.01068	0.02763	0.00954	0.01265	0.01125	0.02296	0.47384	0.12007	0.11472	0.02940	0.07594	0.01152	0.00630	0.00462	0.00142	0.00440	0.02162	0.01959	0.00699
24	0.02577	0.01100	0.01704	0.05146	0.39863	0.06035	0.15000	0.10246	0.01162	0.04669	0.02540	0.02871	0.00840	0.00458	0.00453	0.00136	0.00553	0.00441	0.03555	0.00651
25	0.00784	0.00536	0.00631	0.00638	0.00755	0.02083	0.00465	0.02572	0.06285	0.09029	0.12315	0.40663	0.16381	0.01104	0.00528	0.00162	0.00282	0.02058	0.02280	0.00447
26	0.00612	0.00439	0.00563	0.00633	0.00692	0.00420	0.00461	0.00738	0.02016	0.01214	0.06716	0.43606	0.09469	0.10860	0.00766	0.00209	0.00308	0.17837	0.02068	0.00373
27	0.04895	0.00859	0.01417	0.61230	0.20682	0.01010	0.01237	0.01203	0.00916	0.01255	0.00798	0.01152	0.00616	0.00435	0.00438	0.00145	0.00570	0.00391	0.00207	0.00544
28	0.00834	0.00472	0.00676	0.00647	0.00663	0.00507	0.00453	0.04280	0.00660	0.00893	0.00777	0.01319	0.00762	0.01450	0.01668	0.76607	0.06495	0.00389	0.00206	0.00242
29	0.00983	0.00997	0.03079	0.46421	0.07497	0.10212	0.06449	0.01242	0.02614	0.02484	0.00993	0.01298	0.04361	0.00553	0.00567	0.04962	0.04132	0.00420	0.00226	0.00510
30	0.00759	0.03787	0.02051	0.00628	0.00795	0.02099	0.00504	0.03358	0.07180	0.03953	0.20549	0.04975	0.35783	0.02823	0.00572	0.00157	0.02037	0.07120	0.00417	0.00454
31	0.02942	0.17017	0.11211	0.03913	0.11180	0.06039	0.07489	0.10184	0.04713	0.05757	0.02848	0.03591	0.02084	0.00499	0.00454	0.00130	0.03666	0.00405	0.00283	0.05594
32	0.01290	0.06556	0.07782	0.02062	0.01294	0.02430	0.04819	0.33320	0.03975	0.07053	0.02452	0.07076	0.01058	0.03651	0.04391	0.00176	0.03328	0.02011	0.02976	0.02296
33	0.00595	0.00449	0.00507	0.00515	0.00624	0.00400	0.00368	0.00702	0.00968	0.03065	0.11581	0.17245	0.45612	0.11305	0.03857	0.00211	0.00296	0.00920	0.00402	0.00377

[dist]
# distance from previous block
# <min> <max>
2	10

[block]
# block no. 8 follows, 58 sequences, length 14
# corresponding to MSA columns:
# 335-348
name=unknown_I
#
# <colnr> <probs for GDERKNQSTAVLIFYWHMCP>
#	G	D	E	R	K	N	Q	S	T	A	V	L	I	F	Y	W	H	M	C	P
0	0.02938	0.47867	0.07242	0.00855	0.03437	0.03271	0.00779	0.06649	0.03189	0.04122	0.00941	0.01160	0.02911	0.08618	0.00557	0.00144	0.02722	0.00343	0.01690	0.00564
1	0.06931	0.13652	0.05086	0.05174	0.12598	0.07622	0.05780	0.06729	0.08928	0.03642	0.02821	0.10609	0.02671	0.01896	0.00483	0.00142	0.02646	0.00493	0.00299	0.01798
2	0.00858	0.07171	0.00867	0.04115	0.03755	0.02739	0.00544	0.04549	0.02484	0.05717	0.03174	0.19685	0.03792	0.27237	0.08105	0.00289	0.02413	0.01753	0.00323	0.00428
3	0.00688	0.00537	0.00629	0.00621	0.00747	0.00531	0.00463	0.01034	0.15904	0.01498	0.28050	0.18153	0.22086	0.01031	0.00563	0.02841	0.00263	0.03472	0.00441	0.00446
4	0.00777	0.00389	0.00583	0.00583	0.00583	0.00389	0.00389	0.00583	0.00583	0.00777	0.00777	0.01360	0.00777	0.01554	0.01748	0.86985	0.00389	0.00389	0.00194	0.00194
5	0.03526	0.19940	0.10345	0.01170	0.10786	0.11901	0.03087	0.09141	0.08613	0.07899	0.02306	0.03061	0.00871	0.02902	0.00483	0.00138	0.02530	0.00389	0.00294	0.00618
6	0.00783	0.00680	0.05900	0.00741	0.02189	0.00585	0.03812	0.06605	0.04021	0.03620	0.12096	0.23163	0.17522	0.04105	0.02825	0.00179	0.00353	0.02909	0.07446	0.00463
7	0.00562	0.00449	0.00505	0.00510	0.00635	0.00391	0.00380	0.00699	0.01064	0.01351	0.23385	0.12841	0.51065	0.01111	0.00536	0.00154	0.00232	0.03308	0.00434	0.00388
8	0.00987	0.02988	0.06738	0.08682	0.12959	0.00820	0.05337	0.08094	0.02916	0.05873	0.01186	0.06956	0.01116	0.22267	0.03250	0.00228	0.00500	0.00515	0.00291	0.08298
9	0.03374	0.04305	0.06564	0.09868	0.06881	0.08792	0.06507	0.04822	0.14060	0.09498	0.01392	0.11945	0.02502	0.00752	0.04052	0.00170	0.00520	0.01917	0.01498	0.00581
10	0.00682	0.00463	0.00594	0.00640	0.00715	0.00445	0.00459	0.02588	0.03044	0.04594	0.10929	0.51581	0.06127	0.03502	0.03285	0.00196	0.00310	0.06348	0.03092	0.00408
11	0.00788	0.00794	0.09650	0.02050	0.00989	0.03715	0.01988	0.03929	0.00952	0.03150	0.04514	0.26685	0.05245	0.08556	0.09119	0.00244	0.02703	0.10599	0.00341	0.03988
12	0.01239	0.09172	0.08969	0.05640	0.09973	0.07434	0.08380	0.12205	0.13768	0.09171	0.04137	0.05773	0.01064	0.00545	0.00445	0.00138	0.00510	0.00466	0.00335	0.00638
13	0.03423	0.11260	0.08652	0.04980	0.01323	0.06888	0.02243	0.21421	0.09341	0.06138	0.04625	0.03255	0.03209	0.02249	0.00455	0.00134	0.00469	0.00428	0.03013	0.06495

[dist]
# distance from previous block
# <min> <max>
2	8

[block]
# block no. 9 follows, 58 sequences, length 16
# corresponding to MSA columns:
# 357-372
name=unknown_J
#
# <colnr> <probs for GDERKNQSTAVLIFYWHMCP>
#	G	D	E	R	K	N	Q	S	T	A	V	L	I	F	Y	W	H	M	C	P
0	0.05479	0.03438	0.01864	0.03062	0.03195	0.04400	0.02611	0.03417	0.02901	0.07768	0.06845	0.05007	0.02654	0.08979	0.04782	0.30179	0.02239	0.00488	0.00289	0.00402
1	0.01057	0.03890	0.03352	0.01799	0.34740	0.01043	0.11513	0.01321	0.03512	0.05790	0.06123	0.03162	0.04731	0.00567	0.00643	0.00149	0.15240	0.00483	0.00271	0.00612
2	0.00842	0.00787	0.06050	0.04900	0.07212	0.00693	0.11278	0.03182	0.03854	0.04397	0.10356	0.12546	0.11438	0.09880	0.04639	0.00206	0.00461	0.02269	0.01516	0.03492
3	0.01100	0.02743	0.04161	0.21997	0.20688	0.03136	0.01040	0.14051	0.10102	0.01583	0.01035	0.01263	0.02010	0.02875	0.02253	0.00158	0.03760	0.00412	0.00283	0.05350
4	0.01501	0.03023	0.05645	0.01079	0.01324	0.50744	0.00870	0.09343	0.01262	0.06120	0.02278	0.04326	0.00851	0.00565	0.00500	0.00131	0.06466	0.03133	0.00284	0.00552
5	0.36301	0.00803	0.00858	0.05208	0.01090	0.00846	0.00600	0.06596	0.02752	0.29126	0.02725	0.01247	0.02085	0.00557	0.01887	0.00148	0.00384	0.00374	0.05820	0.00593
6	0.00610	0.00435	0.00584	0.00629	0.00671	0.00448	0.00441	0.00704	0.00787	0.01073	0.03798	0.34076	0.02108	0.21563	0.25293	0.00401	0.00586	0.05107	0.00331	0.00356
7	0.03077	0.00674	0.00802	0.00856	0.08286	0.00687	0.00588	0.08854	0.14101	0.01597	0.12159	0.15454	0.23574	0.00907	0.00500	0.00152	0.00316	0.04375	0.02532	0.00508
8	0.00616	0.00434	0.00538	0.00577	0.00597	0.00431	0.00372	0.00671	0.00788	0.01061	0.07124	0.36612	0.02349	0.39819	0.01385	0.00297	0.02577	0.03075	0.00347	0.00329
9	0.00731	0.00472	0.00681	0.00657	0.00717	0.00467	0.04066	0.01770	0.02000	0.01071	0.06079	0.19939	0.09314	0.01304	0.01148	0.42669	0.02384	0.00670	0.03550	0.00312
10	0.00549	0.00396	0.00522	0.00621	0.00655	0.00368	0.00420	0.00632	0.00869	0.01151	0.02557	0.78081	0.06541	0.01384	0.00570	0.00181	0.00262	0.03458	0.00415	0.00365
11	0.00854	0.00803	0.01375	0.76992	0.02971	0.00983	0.04868	0.01153	0.00903	0.01172	0.00820	0.01207	0.00616	0.00446	0.00447	0.00148	0.00592	0.00404	0.02744	0.00500
12	0.00864	0.00591	0.00722	0.00680	0.00797	0.00624	0.00506	0.11912	0.03099	0.05206	0.01693	0.10002	0.06735	0.23250	0.23521	0.00382	0.00609	0.05030	0.03337	0.00439
13	0.00563	0.00405	0.00527	0.00608	0.00649	0.00378	0.00415	0.00655	0.00895	0.01192	0.09072	0.65634	0.07343	0.05850	0.00659	0.00191	0.00269	0.03914	0.00414	0.00366
14	0.01222	0.05699	0.01114	0.04813	0.06192	0.14701	0.00763	0.15406	0.05554	0.08998	0.02510	0.14482	0.03426	0.00754	0.00474	0.00148	0.00473	0.11014	0.01694	0.00564
15	0.09552	0.02778	0.12950	0.05531	0.05468	0.11817	0.02206	0.10194	0.12267	0.06169	0.03670	0.04649	0.02984	0.03439	0.04255	0.00175	0.00537	0.00449	0.00321	0.00588

[dist]
# distance from previous block
# <min> <max>
9	25

[block]
# block no. 10 follows, 58 sequences, length 39
# corresponding to MSA columns:
# 402-417,420-442
name=unknown_K
#
# <colnr> <probs for GDERKNQSTAVLIFYWHMCP>
#	G	D	E	R	K	N	Q	S	T	A	V	L	I	F	Y	W	H	M	C	P
0	0.00690	0.00557	0.04460	0.00651	0.02946	0.00478	0.00469	0.00806	0.00890	0.04602	0.12786	0.17472	0.15601	0.26610	0.08738	0.00293	0.00420	0.00786	0.00355	0.00390
1	0.00699	0.00481	0.00599	0.00618	0.00722	0.00453	0.00462	0.00839	0.02149	0.06999	0.10922	0.29709	0.24648	0.04833	0.02434	0.00191	0.02114	0.10296	0.00418	0.00412
2	0.03100	0.06251	0.05526	0.05865	0.26050	0.02938	0.17157	0.13081	0.04623	0.01631	0.02026	0.02433	0.01851	0.00480	0.00463	0.00139	0.01590	0.01728	0.02430	0.00637
3	0.08173	0.04456	0.02616	0.05565	0.08125	0.08567	0.04195	0.15220	0.29869	0.01801	0.01372	0.02740	0.04256	0.00553	0.00434	0.00141	0.00467	0.00450	0.00358	0.00640
4	0.08822	0.26952	0.20889	0.02687	0.02841	0.05769	0.04574	0.06765	0.05517	0.05425	0.00874	0.01012	0.00693	0.03236	0.00438	0.00134	0.00529	0.00334	0.00257	0.02252
5	0.02854	0.12427	0.20112	0.02255	0.07799	0.07826	0.09182	0.09609	0.02481	0.10865	0.02206	0.03969	0.00876	0.02507	0.00491	0.00143	0.01928	0.01554	0.00292	0.00624
6	0.00641	0.00470	0.00673	0.00673	0.00737	0.00534	0.00502	0.00769	0.00705	0.01005	0.01240	0.01989	0.01219	0.19401	0.66599	0.00662	0.01047	0.00513	0.00246	0.00374
7	0.00818	0.00431	0.00616	0.00601	0.00618	0.00437	0.00407	0.04362	0.00657	0.00877	0.00808	0.01388	0.00799	0.03740	0.01701	0.80516	0.00395	0.00396	0.00208	0.00223
8	0.13470	0.03309	0.09572	0.08405	0.13610	0.03588	0.07348	0.04838	0.04424	0.06356	0.02195	0.08123	0.01036	0.02103	0.02601	0.00167	0.03883	0.04108	0.00293	0.00570
9	0.00990	0.02711	0.00910	0.02333	0.00966	0.06591	0.02814	0.06372	0.03919	0.10097	0.07913	0.14504	0.05803	0.10175	0.12585	0.02155	0.06448	0.00634	0.01602	0.00478
10	0.00549	0.00414	0.00508	0.00569	0.00638	0.00373	0.00395	0.00649	0.00941	0.01222	0.10501	0.53825	0.25236	0.01279	0.00555	0.00169	0.00246	0.01135	0.00423	0.00373
11	0.01021	0.01112	0.02236	0.07141	0.12654	0.02412	0.55168	0.01344	0.01019	0.01381	0.00988	0.07063	0.00835	0.00470	0.00540	0.00151	0.03094	0.00547	0.00236	0.00589
12	0.03557	0.10027	0.01344	0.09356	0.07046	0.12531	0.05926	0.10952	0.06322	0.08756	0.01130	0.05466	0.00970	0.05834	0.05851	0.00192	0.01945	0.01914	0.00309	0.00571
13	0.58570	0.00900	0.02949	0.00678	0.00979	0.00948	0.00574	0.08134	0.00990	0.16609	0.02483	0.01041	0.02594	0.00477	0.00338	0.00138	0.00368	0.00323	0.00347	0.00559
14	0.00555	0.00397	0.00530	0.00627	0.00660	0.00371	0.00427	0.00643	0.00881	0.01177	0.05903	0.77624	0.03000	0.01374	0.00571	0.00181	0.00263	0.04031	0.00418	0.00368
15	0.10601	0.04238	0.04451	0.02614	0.01126	0.14698	0.00689	0.11711	0.06422	0.13416	0.05313	0.07161	0.13080	0.00679	0.00442	0.00140	0.00445	0.01833	0.00377	0.00565
16	0.02764	0.04127	0.01434	0.01111	0.01348	0.07648	0.05117	0.38874	0.01448	0.03464	0.00869	0.01020	0.00682	0.00595	0.00769	0.00152	0.27226	0.00390	0.00328	0.00635
17	0.01140	0.23812	0.16968	0.04062	0.14132	0.07091	0.01039	0.08756	0.09152	0.01463	0.02136	0.03909	0.00890	0.00508	0.00408	0.00130	0.00525	0.02990	0.00268	0.00622
18	0.01033	0.00757	0.00864	0.00738	0.00941	0.00788	0.00582	0.26361	0.06037	0.04417	0.32514	0.06159	0.13758	0.00815	0.00515	0.00144	0.01887	0.00682	0.00458	0.00550
19	0.00986	0.00951	0.01348	0.01145	0.01179	0.01288	0.02690	0.01098	0.00716	0.02857	0.00653	0.01028	0.00626	0.00866	0.04926	0.00212	0.73472	0.00395	0.00208	0.03354
20	0.00914	0.10653	0.70323	0.01194	0.01801	0.01086	0.01509	0.01379	0.00945	0.01380	0.02356	0.02941	0.00694	0.00453	0.00416	0.00138	0.00624	0.00353	0.00200	0.00641
21	0.00760	0.00770	0.04783	0.00861	0.00970	0.02197	0.02967	0.00904	0.00822	0.01129	0.01897	0.06580	0.21848	0.02564	0.21008	0.00310	0.28305	0.00607	0.00278	0.00441
22	0.00884	0.00835	0.01412	0.71247	0.14734	0.01004	0.01262	0.01177	0.00913	0.01190	0.00802	0.01180	0.00613	0.00440	0.00447	0.00147	0.00587	0.00398	0.00202	0.00528
23	0.01098	0.01054	0.01800	0.05405	0.78897	0.01061	0.01369	0.01365	0.01014	0.01451	0.00840	0.01110	0.00705	0.00400	0.00443	0.00133	0.00534	0.00399	0.00221	0.00702
24	0.00603	0.00437	0.00560	0.00590	0.00644	0.00437	0.00409	0.00695	0.00819	0.01099	0.07304	0.26582	0.11402	0.23889	0.20404	0.00370	0.00524	0.02537	0.00340	0.00354
25	0.23315	0.00894	0.00914	0.00752	0.01024	0.00971	0.00610	0.29623	0.04851	0.10818	0.06058	0.01302	0.01034	0.00531	0.00386	0.00132	0.00370	0.00399	0.15408	0.00608
26	0.00589	0.00432	0.00575	0.00636	0.00693	0.00404	0.02043	0.00706	0.02626	0.02153	0.04957	0.67664	0.09943	0.03553	0.00607	0.00183	0.00273	0.01169	0.00412	0.00381
27	0.01611	0.01176	0.01272	0.00991	0.01326	0.01301	0.00814	0.69252	0.05986	0.04287	0.01140	0.01156	0.00823	0.00664	0.04029	0.00160	0.00507	0.00413	0.02357	0.00735
28	0.00547	0.00446	0.00484	0.00490	0.00620	0.00383	0.00362	0.00672	0.01040	0.01293	0.16445	0.13474	0.59929	0.01130	0.00533	0.00153	0.00228	0.00961	0.00428	0.00383
29	0.00556	0.00408	0.00517	0.00595	0.00644	0.00376	0.00407	0.00645	0.00891	0.01165	0.05040	0.62105	0.15424	0.05394	0.00648	0.00189	0.00267	0.03953	0.00410	0.00365
30	0.01093	0.01090	0.02008	0.11971	0.41029	0.01096	0.27609	0.05871	0.01078	0.01492	0.00870	0.01149	0.00688	0.00405	0.00472	0.00141	0.00612	0.00442	0.00233	0.00651
31	0.00650	0.00470	0.00660	0.00691	0.00766	0.00448	0.03915	0.02620	0.00933	0.03134	0.06293	0.60583	0.05469	0.02627	0.03294	0.00197	0.00327	0.05035	0.01490	0.00399
32	0.01395	0.01064	0.01142	0.00938	0.01236	0.01184	0.00754	0.41582	0.32587	0.04643	0.02800	0.02954	0.04443	0.00611	0.00457	0.00143	0.00416	0.00488	0.00452	0.00712
33	0.00565	0.00425	0.00523	0.00560	0.00642	0.00383	0.00397	0.00689	0.01013	0.01339	0.24619	0.40214	0.24614	0.01195	0.00548	0.00162	0.00237	0.01056	0.00436	0.00383
34	0.01045	0.02886	0.05902	0.02937	0.25983	0.02431	0.35956	0.02470	0.04461	0.01432	0.01061	0.05870	0.02370	0.00482	0.00511	0.00146	0.02677	0.00511	0.00248	0.00621
35	0.01223	0.01034	0.03211	0.08767	0.15603	0.05176	0.06323	0.24932	0.03546	0.06230	0.03174	0.15129	0.01210	0.00644	0.00471	0.00144	0.00487	0.00564	0.01511	0.00621
36	0.00590	0.00439	0.00496	0.00526	0.00628	0.00387	0.00374	0.00689	0.00944	0.03224	0.03453	0.30327	0.44668	0.07159	0.00663	0.00181	0.00259	0.02324	0.02292	0.00376
37	0.03568	0.12848	0.01288	0.02412	0.03297	0.15630	0.00736	0.17691	0.05009	0.10177	0.03343	0.02496	0.00880	0.00484	0.00393	0.00115	0.00480	0.00365	0.01467	0.17320
38	0.04602	0.03465	0.07334	0.03382	0.09430	0.01019	0.05049	0.14753	0.14043	0.06213	0.03699	0.03394	0.03663	0.03506	0.00582	0.00151	0.07041	0.00464	0.03634	0.04576

[dist]
# distance from previous block
# <min> <max>
4	13

[block]
# block no. 11 follows, 58 sequences, length 7
# corresponding to MSA columns:
# 470-476
name=unknown_L
#
# <colnr> <probs for GDERKNQSTAVLIFYWHMCP>
#	G	D	E	R	K	N	Q	S	T	A	V	L	I	F	Y	W	H	M	C	P
0	0.07766	0.00486	0.00551	0.00566	0.00664	0.00474	0.00415	0.00764	0.00901	0.01251	0.10327	0.12209	0.24863	0.20455	0.06345	0.00262	0.00374	0.10591	0.00366	0.00370
1	0.01163	0.00973	0.03395	0.06030	0.20110	0.02785	0.03853	0.11766	0.13155	0.09395	0.10522	0.01618	0.04334	0.00672	0.03133	0.00162	0.05459	0.00491	0.00354	0.00630
2	0.00758	0.00438	0.00639	0.07387	0.00799	0.00461	0.00461	0.00694	0.00673	0.00932	0.03627	0.01604	0.01007	0.08648	0.08994	0.55769	0.00466	0.00436	0.05937	0.00267
3	0.03295	0.25558	0.06839	0.05736	0.09823	0.12634	0.00915	0.10044	0.03434	0.03752	0.02414	0.04233	0.02221	0.00523	0.00473	0.00129	0.06738	0.00384	0.00267	0.00589
4	0.07304	0.06424	0.04264	0.00964	0.06468	0.02307	0.06192	0.06776	0.05029	0.10787	0.05296	0.01883	0.08493	0.00600	0.00434	0.00130	0.00417	0.08288	0.00346	0.17596
5	0.01184	0.07309	0.11595	0.03112	0.07060	0.03521	0.04228	0.21099	0.08993	0.05501	0.07791	0.09010	0.01264	0.00597	0.00446	0.00135	0.00466	0.00501	0.00353	0.05835
6	0.01182	0.07813	0.18207	0.04460	0.12031	0.05508	0.08545	0.08316	0.02692	0.11341	0.02564	0.06051	0.00942	0.02407	0.02149	0.00156	0.02654	0.00450	0.00296	0.02235

[dist]
# distance from previous block
# <min> <max>
0	6

[block]
# block no. 12 follows, 58 sequences, length 36
# corresponding to MSA columns:
# 483-518
name=unknown_M
#
# <colnr> <probs for GDERKNQSTAVLIFYWHMCP>
#	G	D	E	R	K	N	Q	S	T	A	V	L	I	F	Y	W	H	M	C	P
0	0.02655	0.00839	0.01928	0.02832	0.02851	0.10828	0.05825	0.01107	0.06376	0.02350	0.01716	0.08541	0.13017	0.04735	0.25474	0.00335	0.05934	0.01898	0.00297	0.00463
1	0.00637	0.00488	0.00612	0.00647	0.00734	0.00473	0.01580	0.01856	0.08242	0.01308	0.09982	0.48138	0.14972	0.03383	0.00595	0.00177	0.00281	0.05063	0.00420	0.00411
2	0.02654	0.06496	0.28145	0.04303	0.12708	0.11399	0.04346	0.04709	0.04896	0.09948	0.00979	0.01160	0.00753	0.04969	0.00524	0.00151	0.00583	0.00379	0.00269	0.00629
3	0.01159	0.01420	0.29494	0.01045	0.01445	0.02478	0.04468	0.20608	0.06388	0.08284	0.01366	0.08293	0.04080	0.03354	0.01655	0.00163	0.00527	0.02802	0.00339	0.00632
4	0.00773	0.00390	0.00580	0.00580	0.00580	0.00390	0.00385	0.00585	0.00585	0.00780	0.00797	0.01410	0.00804	0.04226	0.01765	0.84190	0.00390	0.00397	0.00197	0.00197
5	0.01261	0.06644	0.04490	0.09511	0.35089	0.01129	0.08999	0.14993	0.03089	0.09001	0.00975	0.01139	0.00742	0.00444	0.00443	0.00135	0.00536	0.00406	0.00292	0.00681
6	0.00972	0.00980	0.03570	0.46771	0.29495	0.03282	0.04322	0.01282	0.02601	0.01283	0.00834	0.01157	0.00652	0.00431	0.00447	0.00143	0.00583	0.00400	0.00213	0.00582
7	0.00647	0.00447	0.00556	0.00556	0.00579	0.00471	0.00356	0.00694	0.00671	0.00918	0.01347	0.02584	0.01477	0.60503	0.25849	0.00517	0.00658	0.00600	0.00262	0.00309
8	0.00968	0.00748	0.00810	0.00746	0.00944	0.00816	0.00582	0.04627	0.41762	0.03410	0.08437	0.02366	0.11576	0.02543	0.00501	0.00153	0.00319	0.05973	0.12141	0.00578
9	0.01113	0.00961	0.01011	0.00910	0.01163	0.01113	0.00708	0.02377	0.80681	0.01871	0.01821	0.01669	0.01365	0.00607	0.00455	0.00152	0.00354	0.00506	0.00455	0.00708
10	0.00560	0.00396	0.00514	0.00604	0.00638	0.00369	0.00404	0.00643	0.00866	0.01165	0.04176	0.73763	0.05594	0.04492	0.00625	0.00187	0.00262	0.01199	0.03180	0.00363
11	0.00640	0.00471	0.00678	0.00676	0.00745	0.00533	0.00508	0.00779	0.00738	0.01053	0.05545	0.02019	0.01362	0.15427	0.65989	0.00645	0.01030	0.00523	0.00258	0.00381
12	0.00939	0.02304	0.77612	0.01268	0.01906	0.05429	0.01610	0.01437	0.00962	0.01399	0.00797	0.00937	0.00567	0.00427	0.00424	0.00140	0.00669	0.00328	0.00191	0.00653
13	0.00544	0.00456	0.00475	0.00478	0.00623	0.00387	0.00363	0.00668	0.01035	0.01251	0.09225	0.04280	0.72758	0.01124	0.00533	0.00153	0.00234	0.04609	0.00420	0.00382
14	0.00597	0.00449	0.00556	0.00563	0.00667	0.00407	0.00421	0.00760	0.01117	0.01500	0.42419	0.17050	0.24124	0.01075	0.00542	0.00155	0.00238	0.06507	0.00454	0.00400
15	0.32404	0.00841	0.00926	0.00743	0.01063	0.00848	0.00612	0.08027	0.02887	0.45386	0.01305	0.01207	0.00864	0.00504	0.00388	0.00138	0.00377	0.00373	0.00444	0.00661
16	0.00546	0.00425	0.00496	0.00539	0.00630	0.00375	0.00381	0.00652	0.00969	0.01232	0.10621	0.39802	0.39272	0.01233	0.00547	0.00164	0.00240	0.01078	0.00422	0.00375
17	0.01176	0.79085	0.07633	0.00799	0.01200	0.01721	0.00824	0.01345	0.00911	0.01077	0.00634	0.00733	0.00574	0.00386	0.00296	0.00099	0.00491	0.00245	0.00191	0.00580
18	0.01121	0.00962	0.01017	0.00904	0.01165	0.01100	0.00705	0.04361	0.75533	0.01880	0.01761	0.01625	0.01322	0.00594	0.00450	0.00148	0.00357	0.00494	0.00448	0.04054
19	0.01845	0.00999	0.01182	0.00909	0.01259	0.01013	0.00750	0.39163	0.03141	0.42787	0.01438	0.01312	0.00947	0.00547	0.00449	0.00137	0.00433	0.00428	0.00501	0.00760
20	0.00556	0.00397	0.00532	0.00635	0.00666	0.00373	0.00434	0.00642	0.00867	0.01154	0.02459	0.79063	0.02935	0.01391	0.00574	0.00183	0.00269	0.06088	0.00415	0.00366
21	0.01430	0.01730	0.01303	0.01160	0.01310	0.54196	0.00904	0.01539	0.01064	0.01088	0.00655	0.00867	0.00580	0.00573	0.00775	0.00143	0.29631	0.00324	0.00218	0.00508
22	0.01056	0.01207	0.02640	0.01885	0.02338	0.01131	0.79864	0.01433	0.01056	0.01433	0.00905	0.01207	0.00679	0.00377	0.00528	0.00151	0.00754	0.00528	0.00226	0.00603
23	0.01194	0.00605	0.00754	0.00661	0.00860	0.00559	0.00506	0.03133	0.05155	0.32642	0.04761	0.14193	0.16796	0.08988	0.03306	0.00194	0.00354	0.00695	0.04101	0.00544
24	0.00932	0.01902	0.55341	0.01454	0.06111	0.01039	0.19028	0.01384	0.00977	0.01421	0.02588	0.01133	0.02371	0.00444	0.00470	0.00144	0.02012	0.00402	0.00210	0.00637
25	0.05497	0.10496	0.04070	0.00801	0.01159	0.00814	0.00698	0.02019	0.01203	0.66214	0.01550	0.01375	0.01000	0.00523	0.00423	0.00134	0.00400	0.00412	0.00487	0.00724
26	0.16836	0.00806	0.00988	0.00772	0.01107	0.00757	0.00638	0.06224	0.01234	0.63676	0.01529	0.01360	0.00980	0.00529	0.00420	0.00138	0.00381	0.00411	0.00500	0.00713
27	0.01325	0.01015	0.01301	0.05719	0.09458	0.02413	0.05916	0.28911	0.12126	0.09821	0.05743	0.01470	0.02824	0.02878	0.02497	0.00164	0.04910	0.00469	0.00383	0.00656
28	0.12787	0.04564	0.03849	0.04706	0.01365	0.25523	0.06927	0.10665	0.03304	0.08977	0.00979	0.01138	0.01869	0.04984	0.00503	0.00142	0.00566	0.00367	0.00300	0.06484
