[name]
unknown

[dist]
# distance from previous block
# <min> <max>
0	30

[block]
# block no. 0 follows, 67 sequences, length 13
# corresponding to MSA columns:
# 30-42
name=unknown_A
#
# <colnr> <probs for GDERKNQSTAVLIFYWHMCP>
#	G	D	E	R	K	N	Q	S	T	A	V	L	I	F	Y	W	H	M	C	P
0	0.88738	0.00776	0.00589	0.00527	0.00776	0.00900	0.00434	0.01179	0.00683	0.01799	0.00558	0.00651	0.00434	0.00372	0.00248	0.00124	0.00310	0.00217	0.00248	0.00434
1	0.88738	0.00776	0.00589	0.00527	0.00776	0.00900	0.00434	0.01179	0.00683	0.01799	0.00558	0.00651	0.00434	0.00372	0.00248	0.00124	0.00310	0.00217	0.00248	0.00434
2	0.00993	0.00953	0.01628	0.02462	0.83404	0.00953	0.01231	0.01231	0.00913	0.01310	0.00754	0.00993	0.00635	0.00357	0.00397	0.00119	0.00476	0.00357	0.00199	0.00635
3	0.01252	0.01445	0.01376	0.01728	0.41217	0.43745	0.00997	0.01421	0.01028	0.01141	0.00685	0.00854	0.00574	0.00386	0.00379	0.00111	0.00603	0.00306	0.00203	0.00548
4	0.43565	0.00743	0.00904	0.43870	0.01796	0.00895	0.00783	0.01100	0.00744	0.01402	0.00638	0.00866	0.00486	0.00387	0.00327	0.00129	0.00425	0.00289	0.00212	0.00440
5	0.00757	0.00713	0.01203	0.84942	0.02762	0.00891	0.01114	0.01025	0.00802	0.01025	0.00713	0.01069	0.00535	0.00401	0.00401	0.00134	0.00535	0.00356	0.00178	0.00446
6	0.00777	0.00733	0.01238	0.78123	0.09429	0.00896	0.01123	0.01042	0.00811	0.01048	0.00716	0.01063	0.00543	0.00397	0.00401	0.00132	0.00530	0.00356	0.00180	0.00461
7	0.88738	0.00776	0.00589	0.00527	0.00776	0.00900	0.00434	0.01179	0.00683	0.01799	0.00558	0.00651	0.00434	0.00372	0.00248	0.00124	0.00310	0.00217	0.00248	0.00434
8	0.00993	0.00953	0.01628	0.02462	0.83404	0.00953	0.01231	0.01231	0.00913	0.01310	0.00754	0.00993	0.00635	0.00357	0.00397	0.00119	0.00476	0.00357	0.00199	0.00635
9	0.08415	0.01821	0.01093	0.00993	0.01203	0.77683	0.00748	0.01568	0.01101	0.01046	0.00615	0.00718	0.00510	0.00410	0.00353	0.00105	0.00690	0.00255	0.00210	0.00463
10	0.00927	0.54008	0.18138	0.00739	0.01084	0.01239	0.00781	0.01121	0.00844	0.01071	0.09007	0.01110	0.03165	0.04798	0.00401	0.00115	0.00429	0.00318	0.00207	0.00498
11	0.08340	0.01449	0.01072	0.00928	0.01168	0.43481	0.00721	0.23336	0.10664	0.01543	0.00836	0.00893	0.00649	0.00512	0.02570	0.00128	0.00577	0.00310	0.00286	0.00538
12	0.16358	0.32328	0.09686	0.00724	0.01011	0.01139	0.00681	0.10451	0.05716	0.02900	0.00781	0.00988	0.00672	0.08500	0.02126	0.01889	0.03007	0.00303	0.00239	0.00500

[dist]
# distance from previous block
# <min> <max>
0	1

[block]
# block no. 1 follows, 67 sequences, length 103
# corresponding to MSA columns:
# 44-146
name=unknown_B
#
# <colnr> <probs for GDERKNQSTAVLIFYWHMCP>
#	G	D	E	R	K	N	Q	S	T	A	V	L	I	F	Y	W	H	M	C	P
0	0.00922	0.00946	0.01752	0.01257	0.01639	0.00849	0.48712	0.03393	0.02907	0.01336	0.00800	0.00999	0.00620	0.00332	0.00407	0.00108	0.00526	0.00386	0.00226	0.31884
1	0.00993	0.00953	0.01628	0.02462	0.83404	0.00953	0.01231	0.01231	0.00913	0.01310	0.00754	0.00993	0.00635	0.00357	0.00397	0.00119	0.00476	0.00357	0.00199	0.00635
2	0.00757	0.00713	0.01203	0.84942	0.02762	0.00891	0.01114	0.01025	0.00802	0.01025	0.00713	0.01069	0.00535	0.00401	0.00401	0.00134	0.00535	0.00356	0.00178	0.00446
3	0.00804	0.02074	0.83828	0.01143	0.01736	0.00931	0.01482	0.01270	0.00847	0.01270	0.00720	0.00847	0.00508	0.00381	0.00381	0.00127	0.00593	0.00296	0.00169	0.00593
4	0.00489	0.00349	0.00465	0.00558	0.00582	0.00326	0.00372	0.00558	0.00768	0.01024	0.02210	0.85644	0.02653	0.01256	0.00512	0.00163	0.00233	0.01140	0.00372	0.00326
5	0.00505	0.00424	0.00452	0.00448	0.00578	0.00378	0.00338	0.00650	0.03635	0.01112	0.07297	0.03518	0.68855	0.01185	0.08647	0.00185	0.00291	0.00787	0.00361	0.00352
6	0.00589	0.00452	0.00639	0.00646	0.00709	0.00517	0.00489	0.00755	0.04405	0.00979	0.01309	0.18330	0.01337	0.05562	0.57016	0.00495	0.04578	0.00575	0.00254	0.00364
7	0.00984	0.00914	0.01553	0.13255	0.70576	0.00935	0.01198	0.01223	0.00905	0.03501	0.00771	0.01013	0.00632	0.00367	0.00398	0.00121	0.00480	0.00358	0.00204	0.00612
8	0.00922	0.38900	0.48030	0.00943	0.01426	0.01219	0.01133	0.01240	0.00833	0.01127	0.00649	0.00758	0.00511	0.00364	0.00327	0.00109	0.00521	0.00260	0.00170	0.00559
9	0.00828	0.09627	0.76486	0.01102	0.01672	0.00990	0.01410	0.01264	0.00844	0.01241	0.00705	0.00828	0.00509	0.00378	0.00370	0.00123	0.00578	0.00289	0.00170	0.00586
10	0.76540	0.05165	0.00765	0.00600	0.00857	0.00938	0.04522	0.02743	0.00724	0.01725	0.00592	0.00715	0.00471	0.01952	0.00296	0.00128	0.00339	0.00239	0.00245	0.00445
11	0.00947	0.01082	0.02366	0.01690	0.02096	0.01014	0.81947	0.01285	0.00947	0.01285	0.00811	0.01082	0.00609	0.00338	0.00473	0.00135	0.00676	0.00473	0.00203	0.00541
12	0.00804	0.02074	0.83828	0.01143	0.01736	0.00931	0.01482	0.01270	0.00847	0.01270	0.00720	0.00847	0.00508	0.00381	0.00381	0.00127	0.00593	0.00296	0.00169	0.00593
13	0.00573	0.00430	0.00645	0.00645	0.00716	0.00501	0.00501	0.00716	0.00645	0.00931	0.01074	0.01576	0.01003	0.03008	0.84316	0.00645	0.01074	0.00430	0.00215	0.00358
14	0.04440	0.00685	0.00920	0.00708	0.01016	0.00599	0.00585	0.01931	0.01134	0.81194	0.01551	0.01343	0.00976	0.00493	0.00399	0.00124	0.00340	0.00398	0.00489	0.00675
15	0.00947	0.01082	0.02366	0.01690	0.02096	0.01014	0.81947	0.01285	0.00947	0.01285	0.00811	0.01082	0.00609	0.00338	0.00473	0.00135	0.00676	0.00473	0.00203	0.00541
16	0.00478	0.00406	0.00412	0.00411	0.00544	0.00340	0.00308	0.00584	0.00924	0.01107	0.07670	0.03820	0.79619	0.01007	0.00474	0.00135	0.00203	0.00841	0.00376	0.00340
17	0.01008	0.00856	0.00907	0.00808	0.01034	0.00983	0.00630	0.06595	0.74387	0.01723	0.05312	0.01534	0.01310	0.00553	0.00411	0.00135	0.00319	0.00461	0.00409	0.00626
18	0.00993	0.00953	0.01628	0.02462	0.83404	0.00953	0.01231	0.01231	0.00913	0.01310	0.00754	0.00993	0.00635	0.00357	0.00397	0.00119	0.00476	0.00357	0.00199	0.00635
19	0.00646	0.00462	0.00646	0.00739	0.00831	0.00462	0.00646	0.00831	0.00923	0.01200	0.02123	0.04524	0.02308	0.01108	0.00554	0.00185	0.00369	0.80704	0.00369	0.00369
20	0.00489	0.00349	0.00465	0.00558	0.00582	0.00326	0.00372	0.00558	0.00768	0.01024	0.02210	0.85644	0.02653	0.01256	0.00512	0.00163	0.00233	0.01140	0.00372	0.00326
21	0.88738	0.00776	0.00589	0.00527	0.00776	0.00900	0.00434	0.01179	0.00683	0.01799	0.00558	0.00651	0.00434	0.00372	0.00248	0.00124	0.00310	0.00217	0.00248	0.00434
22	0.01498	0.01911	0.01137	0.01033	0.01240	0.84295	0.00775	0.01601	0.01137	0.00982	0.00620	0.00723	0.00517	0.00413	0.00362	0.00103	0.00723	0.00258	0.00207	0.00465
23	0.82297	0.00801	0.00635	0.00557	0.00810	0.00925	0.00459	0.07153	0.00771	0.01853	0.00588	0.00674	0.00453	0.00380	0.00259	0.00124	0.00320	0.00228	0.00259	0.00453
24	0.00757	0.00713	0.01203	0.84942	0.02762	0.00891	0.01114	0.01025	0.00802	0.01025	0.00713	0.01069	0.00535	0.00401	0.00401	0.00134	0.00535	0.00356	0.00178	0.00446
25	0.00545	0.00406	0.00507	0.00487	0.00587	0.00368	0.00363	0.00711	0.01074	0.01476	0.63530	0.07081	0.19625	0.00880	0.00475	0.00130	0.00194	0.00769	0.00424	0.00368
26	0.00877	0.05714	0.64531	0.01155	0.01690	0.00989	0.09527	0.05742	0.03652	0.01339	0.00766	0.00889	0.00552	0.00386	0.00387	0.00126	0.00576	0.00319	0.00194	0.00590
27	0.01457	0.00607	0.00821	0.00655	0.00906	0.00531	0.00531	0.01622	0.01144	0.60886	0.24249	0.01818	0.01768	0.00586	0.00423	0.00125	0.00299	0.00493	0.00481	0.00598
28	0.01355	0.01081	0.01221	0.00963	0.01262	0.05704	0.08005	0.47614	0.21289	0.05599	0.01119	0.01107	0.00811	0.00481	0.00407	0.00125	0.00444	0.00390	0.00378	0.00646
29	0.00748	0.00374	0.00374	0.00374	0.00467	0.00374	0.00280	0.00934	0.00841	0.01495	0.01308	0.01495	0.01028	0.00467	0.00280	0.00093	0.00187	0.00374	0.88132	0.00374
30	0.00583	0.00390	0.00445	0.00445	0.00447	0.00393	0.00252	0.00588	0.00585	0.00783	0.01257	0.02588	0.01442	0.83038	0.04887	0.00398	0.00413	0.00578	0.00242	0.00247
31	0.01072	0.86147	0.02102	0.00686	0.01029	0.01587	0.00686	0.01201	0.00815	0.00944	0.00558	0.00643	0.00515	0.00343	0.00257	0.00086	0.00429	0.00214	0.00172	0.00515
32	0.82460	0.02932	0.00643	0.00543	0.00794	0.00915	0.00449	0.01221	0.03184	0.03093	0.00608	0.00688	0.00469	0.00379	0.00256	0.00123	0.00314	0.00227	0.00255	0.00446
33	0.00662	0.00719	0.09052	0.00586	0.00767	0.06972	0.00505	0.00876	0.04720	0.02607	0.28113	0.03873	0.37410	0.00816	0.00452	0.00129	0.00287	0.00685	0.00364	0.00406
34	0.00932	0.00918	0.04209	0.05580	0.64375	0.00891	0.01114	0.01218	0.05022	0.01347	0.09554	0.01229	0.00991	0.00418	0.00405	0.00122	0.00444	0.00399	0.00233	0.00599
35	0.00757	0.00713	0.01203	0.84942	0.02762	0.00891	0.01114	0.01025	0.00802	0.01025	0.00713	0.01069	0.00535	0.00401	0.00401	0.00134	0.00535	0.00356	0.00178	0.00446
36	0.00600	0.00443	0.00584	0.00657	0.00754	0.00427	0.00557	0.00760	0.00912	0.01165	0.02545	0.09093	0.19724	0.01097	0.00534	0.00173	0.00326	0.58919	0.00370	0.00360
37	0.28033	0.00711	0.00828	0.00657	0.00949	0.00683	0.00543	0.01720	0.01007	0.58974	0.01273	0.01150	0.00824	0.00459	0.00357	0.00124	0.00332	0.00347	0.00421	0.00608
38	0.00877	0.00877	0.01228	0.01053	0.01053	0.01228	0.00877	0.00965	0.00614	0.00965	0.00526	0.00877	0.00526	0.00702	0.01316	0.00175	0.85172	0.00351	0.00175	0.00439
39	0.00474	0.00406	0.00406	0.00406	0.00542	0.00339	0.00305	0.00576	0.00914	0.01083	0.04063	0.03860	0.83241	0.01016	0.00474	0.00135	0.00203	0.00846	0.00372	0.00339
40	0.00757	0.00713	0.01203	0.84942	0.02762	0.00891	0.01114	0.01025	0.00802	0.01025	0.00713	0.01069	0.00535	0.00401	0.00401	0.00134	0.00535	0.00356	0.00178	0.00446
41	0.88738	0.00776	0.00589	0.00527	0.00776	0.00900	0.00434	0.01179	0.00683	0.01799	0.00558	0.00651	0.00434	0.00372	0.00248	0.00124	0.00310	0.00217	0.00248	0.00434
42	0.01030	0.01024	0.01592	0.02356	0.77335	0.07109	0.01197	0.01258	0.00930	0.01286	0.00744	0.00973	0.00626	0.00361	0.00394	0.00118	0.00495	0.00350	0.00199	0.00623
43	0.00498	0.00356	0.00476	0.00569	0.00596	0.00334	0.00388	0.00575	0.00777	0.01034	0.02205	0.80853	0.02632	0.01248	0.00514	0.00164	0.00241	0.05840	0.00372	0.00328
44	0.00757	0.00713	0.01203	0.84942	0.02762	0.00891	0.01114	0.01025	0.00802	0.01025	0.00713	0.01069	0.00535	0.00401	0.00401	0.00134	0.00535	0.00356	0.00178	0.00446
45	0.00993	0.00953	0.01628	0.02462	0.83404	0.00953	0.01231	0.01231	0.00913	0.01310	0.00754	0.00993	0.00635	0.00357	0.00397	0.00119	0.00476	0.00357	0.00199	0.00635
46	0.00929	0.00888	0.01514	0.24596	0.61763	0.00936	0.01199	0.01175	0.00883	0.01234	0.00743	0.01013	0.00608	0.00369	0.00398	0.00123	0.00492	0.00357	0.00193	0.00584
47	0.00659	0.00430	0.00565	0.00520	0.00631	0.00394	0.00394	0.00845	0.01136	0.07670	0.77165	0.02875	0.03578	0.00796	0.00468	0.00126	0.00200	0.00702	0.00446	0.00401
48	0.00697	0.00348	0.00522	0.00522	0.00522	0.00348	0.00348	0.00522	0.00522	0.00697	0.00697	0.01219	0.00697	0.01393	0.01567	0.88332	0.00348	0.00348	0.00174	0.00174
49	0.00646	0.00462	0.00646	0.00739	0.00831	0.00462	0.00646	0.00831	0.00923	0.01200	0.02123	0.04524	0.02308	0.01108	0.00554	0.00185	0.00369	0.80704	0.00369	0.00369
50	0.50963	0.00846	0.00804	0.00661	0.00938	0.00932	0.00545	0.21242	0.02205	0.16177	0.00851	0.00864	0.00603	0.00423	0.00315	0.00123	0.00348	0.00288	0.00331	0.00541
51	0.00941	0.01065	0.02296	0.01640	0.02044	0.00992	0.78233	0.01272	0.00941	0.01286	0.00807	0.01070	0.00608	0.00336	0.00465	0.00132	0.00659	0.00463	0.00204	0.04544
52	0.88738	0.00776	0.00589	0.00527	0.00776	0.00900	0.00434	0.01179	0.00683	0.01799	0.00558	0.00651	0.00434	0.00372	0.00248	0.00124	0.00310	0.00217	0.00248	0.00434
53	0.01072	0.86147	0.02102	0.00686	0.01029	0.01587	0.00686	0.01201	0.00815	0.00944	0.00558	0.00643	0.00515	0.00343	0.00257	0.00086	0.00429	0.00214	0.00172	0.00515
54	0.00474	0.00406	0.00406	0.00406	0.00542	0.00339	0.00305	0.00576	0.00914	0.01083	0.04063	0.03860	0.83241	0.01016	0.00474	0.00135	0.00203	0.00846	0.00372	0.00339
55	0.00474	0.00406	0.00406	0.00406	0.00542	0.00339	0.00305	0.00576	0.00914	0.01083	0.04063	0.03860	0.83241	0.01016	0.00474	0.00135	0.00203	0.00846	0.00372	0.00339
56	0.00489	0.00349	0.00465	0.00558	0.00582	0.00326	0.00372	0.00558	0.00768	0.01024	0.02210	0.85644	0.02653	0.01256	0.00512	0.00163	0.00233	0.01140	0.00372	0.00326
57	0.00571	0.00409	0.00533	0.00502	0.00597	0.00378	0.00377	0.00760	0.01130	0.01606	0.81657	0.02968	0.03732	0.00813	0.00469	0.00126	0.00189	0.00719	0.02086	0.00378
58	0.01514	0.01042	0.01135	0.00874	0.01183	0.01134	0.00721	0.69944	0.01759	0.10666	0.01043	0.01030	0.00731	0.00482	0.00395	0.00119	0.00419	0.00366	0.04777	0.00667
59	0.00489	0.00349	0.00465	0.00558	0.00582	0.00326	0.00372	0.00558	0.00768	0.01024	0.02210	0.85644	0.02653	0.01256	0.00512	0.00163	0.00233	0.01140	0.00372	0.00326
60	0.00757	0.00713	0.01203	0.84942	0.02762	0.00891	0.01114	0.01025	0.00802	0.01025	0.00713	0.01069	0.00535	0.00401	0.00401	0.00134	0.00535	0.00356	0.00178	0.00446
61	0.01065	0.80546	0.06221	0.00715	0.01068	0.02877	0.00728	0.01211	0.00822	0.00961	0.00567	0.00655	0.00514	0.00346	0.00265	0.00088	0.00442	0.00219	0.00172	0.00518
62	0.00583	0.00389	0.00437	0.00437	0.00437	0.00389	0.00243	0.00583	0.00583	0.00778	0.01264	0.02624	0.01458	0.85906	0.02041	0.00389	0.00389	0.00583	0.00243	0.00243
63	0.00942	0.01112	0.04841	0.01674	0.02085	0.01012	0.79503	0.01284	0.00944	0.01284	0.00809	0.01075	0.00605	0.00339	0.00470	0.00135	0.00674	0.00468	0.00202	0.00542
64	0.02510	0.82687	0.02083	0.00708	0.01051	0.01562	0.02647	0.01203	0.00816	0.00966	0.00564	0.00654	0.00516	0.00343	0.00262	0.00088	0.00433	0.00221	0.00174	0.00514
65	0.01059	0.69009	0.13876	0.00773	0.01144	0.06369	0.00807	0.01235	0.00838	0.00993	0.00585	0.00677	0.00514	0.00353	0.00281	0.00093	0.00470	0.00229	0.00173	0.00523
66	0.00958	0.01040	0.02218	0.01635	0.04469	0.00979	0.73184	0.01295	0.02531	0.03514	0.00890	0.03720	0.00695	0.00375	0.00469	0.00135	0.00640	0.00488	0.00220	0.00543
67	0.00780	0.00383	0.00391	0.00384	0.00485	0.00381	0.00290	0.00966	0.00851	0.04059	0.01317	0.01491	0.01027	0.00468	0.00284	0.00094	0.00192	0.00375	0.85398	0.00383
68	0.01072	0.86147	0.02102	0.00686	0.01029	0.01587	0.00686	0.01201	0.00815	0.00944	0.00558	0.00643	0.00515	0.00343	0.00257	0.00086	0.00429	0.00214	0.00172	0.00515
69	0.00568	0.00410	0.00536	0.00505	0.00599	0.00378	0.00378	0.00757	0.01135	0.01608	0.83192	0.02996	0.03784	0.00820	0.00473	0.00126	0.00189	0.00725	0.00441	0.00378
70	0.00548	0.00405	0.00512	0.00494	0.00589	0.00369	0.00367	0.00715	0.01075	0.01487	0.65448	0.09229	0.15512	0.00881	0.00476	0.00130	0.00194	0.00774	0.00426	0.00369
71	0.00883	0.00894	0.01318	0.01103	0.01135	0.01211	0.07287	0.00990	0.00640	0.00990	0.00549	0.00894	0.00533	0.00673	0.01250	0.00172	0.78492	0.00361	0.00178	0.00447
72	0.00993	0.00953	0.01628	0.02462	0.83404	0.00953	0.01231	0.01231	0.00913	0.01310	0.00754	0.00993	0.00635	0.00357	0.00397	0.00119	0.00476	0.00357	0.00199	0.00635
73	0.00574	0.00426	0.00627	0.00627	0.00692	0.00492	0.00479	0.00705	0.00639	0.00918	0.01090	0.01665	0.01041	0.10071	0.77307	0.00623	0.01016	0.00443	0.00217	0.00348
74	0.01483	0.01879	0.01129	0.01026	0.01234	0.81697	0.00771	0.01618	0.03680	0.01003	0.00651	0.00747	0.00539	0.00417	0.00363	0.00104	0.00711	0.00264	0.00213	0.00470
75	0.01088	0.00673	0.00802	0.00708	0.00889	0.00684	0.00544	0.26416	0.03274	0.17912	0.04482	0.37431	0.01709	0.00830	0.00452	0.00140	0.00320	0.00718	0.00409	0.00518
76	0.01072	0.86147	0.02102	0.00686	0.01029	0.01587	0.00686	0.01201	0.00815	0.00944	0.00558	0.00643	0.00515	0.00343	0.00257	0.00086	0.00429	0.00214	0.00172	0.00515
77	0.00804	0.02074	0.83828	0.01143	0.01736	0.00931	0.01482	0.01270	0.00847	0.01270	0.00720	0.00847	0.00508	0.00381	0.00381	0.00127	0.00593	0.00296	0.00169	0.00593
78	0.01799	0.00683	0.00931	0.00714	0.01024	0.00589	0.00589	0.01954	0.01148	0.83682	0.01582	0.01365	0.00993	0.00496	0.00403	0.00124	0.00341	0.00403	0.00496	0.00683
79	0.00757	0.00713	0.01203	0.84942	0.02762	0.00891	0.01114	0.01025	0.00802	0.01025	0.00713	0.01069	0.00535	0.00401	0.00401	0.00134	0.00535	0.00356	0.00178	0.00446
80	0.01153	0.00907	0.01009	0.00861	0.01112	0.04750	0.04807	0.05564	0.59868	0.13073	0.01508	0.01398	0.01104	0.00518	0.00408	0.00132	0.00363	0.00435	0.00400	0.00631
81	0.00489	0.00349	0.00465	0.00558	0.00582	0.00326	0.00372	0.00558	0.00768	0.01024	0.02210	0.85644	0.02653	0.01256	0.00512	0.00163	0.00233	0.01140	0.00372	0.00326
82	0.00945	0.00898	0.01511	0.02259	0.75044	0.00893	0.01141	0.01174	0.00925	0.01314	0.05143	0.01238	0.04901	0.00414	0.00405	0.00120	0.00448	0.00400	0.00220	0.00607
83	0.01402	0.01311	0.01280	0.01028	0.01314	0.25967	0.10323	0.37220	0.10138	0.04636	0.00935	0.00976	0.00693	0.00451	0.00399	0.00119	0.00537	0.00355	0.00324	0.00596
84	0.00854	0.00852	0.01624	0.01236	0.01518	0.02783	0.47363	0.01136	0.03228	0.03875	0.10582	0.09799	0.05007	0.00591	0.00477	0.00140	0.00511	0.07656	0.00283	0.00483
85	0.88738	0.00776	0.00589	0.00527	0.00776	0.00900	0.00434	0.01179	0.00683	0.01799	0.00558	0.00651	0.00434	0.00372	0.00248	0.00124	0.00310	0.00217	0.00248	0.00434
86	0.00804	0.02074	0.83828	0.01143	0.01736	0.00931	0.01482	0.01270	0.00847	0.01270	0.00720	0.00847	0.00508	0.00381	0.00381	0.00127	0.00593	0.00296	0.00169	0.00593
87	0.00488	0.00350	0.00464	0.00556	0.00581	0.00326	0.00371	0.00559	0.00770	0.01025	0.02241	0.84280	0.03996	0.01252	0.00511	0.00162	0.00232	0.01135	0.00372	0.00326
88	0.00832	0.00713	0.00832	0.00594	0.00950	0.00535	0.00475	0.01010	0.00832	0.01307	0.00713	0.00832	0.00594	0.00297	0.00297	0.00059	0.00297	0.00238	0.00238	0.88357
89	0.00799	0.02019	0.80950	0.01129	0.01704	0.00915	0.01453	0.01255	0.00849	0.01268	0.00768	0.00974	0.00570	0.00406	0.00387	0.00129	0.00585	0.03078	0.00176	0.00585
90	0.01457	0.04560	0.01171	0.00979	0.01220	0.55314	0.00759	0.21593	0.06703	0.01410	0.00770	0.00831	0.00604	0.00436	0.00371	0.00109	0.00616	0.00295	0.00267	0.00532
91	0.01799	0.00683	0.00931	0.00714	0.01024	0.00589	0.00589	0.01954	0.01148	0.83682	0.01582	0.01365	0.00993	0.00496	0.00403	0.00124	0.00341	0.00403	0.00496	0.00683
92	0.00981	0.00941	0.01606	0.06629	0.79329	0.00950	0.01225	0.01220	0.00908	0.01296	0.00752	0.00996	0.00630	0.00360	0.00397	0.00120	0.00479	0.00357	0.00197	0.00626
93	0.00474	0.00406	0.00406	0.00406	0.00542	0.00339	0.00305	0.00576	0.00914	0.01083	0.04063	0.03860	0.83241	0.01016	0.00474	0.00135	0.00203	0.00846	0.00372	0.00339
94	0.01414	0.01777	0.01092	0.00998	0.01192	0.76709	0.00750	0.01521	0.01092	0.00977	0.00661	0.00800	0.00561	0.00648	0.07962	0.00152	0.00755	0.00274	0.00207	0.00455
95	0.00819	0.01974	0.75607	0.01198	0.01772	0.00940	0.09602	0.01272	0.00857	0.01272	0.00729	0.00870	0.00518	0.00377	0.00390	0.00128	0.00601	0.00314	0.00173	0.00587
96	0.03609	0.00859	0.00897	0.00808	0.01035	0.00995	0.00629	0.02103	0.80239	0.01681	0.01600	0.01471	0.01201	0.00539	0.00403	0.00136	0.00317	0.00446	0.00403	0.00629
97	0.01084	0.79804	0.04490	0.00716	0.01060	0.05338	0.00714	0.01221	0.00830	0.00955	0.00565	0.00653	0.00515	0.00347	0.00266	0.00088	0.00447	0.00219	0.00173	0.00515
98	0.01188	0.01290	0.00978	0.00892	0.01095	0.37740	0.00679	0.01782	0.40095	0.01313	0.01185	0.01311	0.00960	0.04397	0.00467	0.00135	0.00502	0.03149	0.00310	0.00533
99	0.04602	0.00406	0.00444	0.00442	0.00453	0.00412	0.00252	0.00610	0.00588	0.00824	0.01231	0.02535	0.01411	0.82006	0.01960	0.00377	0.00385	0.00567	0.00243	0.00252
100	0.85731	0.00772	0.00601	0.00534	0.00784	0.00889	0.00440	0.01206	0.00699	0.04632	0.00594	0.00676	0.00454	0.00377	0.00254	0.00124	0.00311	0.00224	0.00257	0.00443
101	0.14718	0.05957	0.06210	0.00619	0.00787	0.02112	0.01524	0.01060	0.00758	0.16349	0.01111	0.01775	0.01051	0.38200	0.01128	0.00242	0.03347	0.02359	0.00281	0.00412
102	0.02349	0.44554	0.39485	0.00889	0.01340	0.01251	0.01040	0.01223	0.00834	0.01120	0.02277	0.00783	0.00575	0.00370	0.00318	0.00106	0.00497	0.00262	0.00177	0.00546

[dist]
# distance from previous block
# <min> <max>
0	1

[block]
# block no. 2 follows, 67 sequences, length 14
# corresponding to MSA columns:
# 148-161
name=unknown_C
#
# <colnr> <probs for GDERKNQSTAVLIFYWHMCP>
#	G	D	E	R	K	N	Q	S	T	A	V	L	I	F	Y	W	H	M	C	P
0	0.01064	0.71803	0.11629	0.00758	0.01123	0.05919	0.00784	0.01230	0.00836	0.00984	0.00580	0.00671	0.00514	0.00351	0.00277	0.00092	0.00464	0.00226	0.00173	0.00521
1	0.03968	0.16120	0.67177	0.01045	0.01583	0.01040	0.01311	0.01255	0.00836	0.01234	0.00687	0.00806	0.00507	0.00374	0.00356	0.00120	0.00555	0.00280	0.00173	0.00574
2	0.01018	0.61581	0.23153	0.00816	0.01219	0.04241	0.00894	0.01232	0.00834	0.01029	0.00602	0.00699	0.00513	0.00355	0.00293	0.00097	0.00481	0.00237	0.00172	0.00533
3	0.00674	0.00433	0.00571	0.00531	0.00642	0.00397	0.00404	0.00856	0.01117	0.08664	0.70962	0.05712	0.03460	0.00815	0.00471	0.00129	0.00209	0.03106	0.00442	0.00403
4	0.01498	0.01911	0.01137	0.01033	0.01240	0.84295	0.00775	0.01601	0.01137	0.00982	0.00620	0.00723	0.00517	0.00413	0.00362	0.00103	0.00723	0.00258	0.00207	0.00465
5	0.00583	0.00389	0.00437	0.00437	0.00437	0.00389	0.00243	0.00583	0.00583	0.00778	0.01264	0.02624	0.01458	0.85906	0.02041	0.00389	0.00389	0.00583	0.00243	0.00243
6	0.00804	0.02074	0.83828	0.01143	0.01736	0.00931	0.01482	0.01270	0.00847	0.01270	0.00720	0.00847	0.00508	0.00381	0.00381	0.00127	0.00593	0.00296	0.00169	0.00593
7	0.00583	0.00389	0.00437	0.00437	0.00437	0.00389	0.00243	0.00583	0.00583	0.00778	0.01264	0.02624	0.01458	0.85906	0.02041	0.00389	0.00389	0.00583	0.00243	0.00243
8	0.88738	0.00776	0.00589	0.00527	0.00776	0.00900	0.00434	0.01179	0.00683	0.01799	0.00558	0.00651	0.00434	0.00372	0.00248	0.00124	0.00310	0.00217	0.00248	0.00434
9	0.10617	0.09407	0.03089	0.00819	0.01080	0.24710	0.00679	0.01608	0.01016	0.35228	0.01000	0.00988	0.00705	0.00457	0.00429	0.00118	0.06849	0.00318	0.00324	0.00558
10	0.01415	0.12368	0.24320	0.00840	0.01231	0.03414	0.00858	0.01652	0.01019	0.47125	0.01176	0.01105	0.00779	0.00441	0.00377	0.00119	0.00435	0.00344	0.00353	0.00628
11	0.01156	0.65925	0.04611	0.00750	0.01097	0.01495	0.00728	0.17800	0.01036	0.01279	0.00646	0.00716	0.00549	0.00373	0.00291	0.00094	0.00437	0.00247	0.00219	0.00552
12	0.01019	0.38420	0.37095	0.00915	0.01362	0.01258	0.01038	0.12266	0.00975	0.01300	0.00683	0.00774	0.00535	0.00378	0.00330	0.00108	0.00501	0.00270	0.00202	0.00571
13	0.01073	0.45903	0.27187	0.00861	0.01277	0.01308	0.00940	0.12475	0.00983	0.03652	0.00694	0.00771	0.00550	0.00378	0.00320	0.00104	0.00479	0.00266	0.00212	0.00567

[dist]
# distance from previous block
# <min> <max>
1	8

[block]
# block no. 3 follows, 67 sequences, length 9
# corresponding to MSA columns:
# 170-178
name=unknown_D
#
# <colnr> <probs for GDERKNQSTAVLIFYWHMCP>
#	G	D	E	R	K	N	Q	S	T	A	V	L	I	F	Y	W	H	M	C	P
0	0.06437	0.46660	0.21826	0.00857	0.03811	0.03568	0.00875	0.01305	0.00860	0.09485	0.00709	0.00780	0.00561	0.00372	0.00309	0.00104	0.00463	0.00260	0.00210	0.00548
1	0.10541	0.34168	0.30578	0.00898	0.01319	0.01219	0.04327	0.10374	0.00938	0.01345	0.00671	0.00770	0.00526	0.00375	0.00325	0.00110	0.00485	0.00271	0.00206	0.00553
2	0.00930	0.26976	0.55683	0.00987	0.01493	0.01110	0.01204	0.01282	0.00851	0.05025	0.00712	0.00811	0.00533	0.00375	0.00345	0.00115	0.00532	0.00277	0.00185	0.00574
3	0.00509	0.00358	0.00459	0.00532	0.00550	0.00339	0.00344	0.00564	0.00728	0.00970	0.02005	0.67632	0.02393	0.19622	0.00844	0.00212	0.00267	0.01019	0.00344	0.00308
4	0.01072	0.86147	0.02102	0.00686	0.01029	0.01587	0.00686	0.01201	0.00815	0.00944	0.00558	0.00643	0.00515	0.00343	0.00257	0.00086	0.00429	0.00214	0.00172	0.00515
5	0.00474	0.00406	0.00406	0.00406	0.00542	0.00339	0.00305	0.00576	0.00914	0.01083	0.04063	0.03860	0.83241	0.01016	0.00474	0.00135	0.00203	0.00846	0.00372	0.00339
6	0.01072	0.86147	0.02102	0.00686	0.01029	0.01587	0.00686	0.01201	0.00815	0.00944	0.00558	0.00643	0.00515	0.00343	0.00257	0.00086	0.00429	0.00214	0.00172	0.00515
7	0.01053	0.79957	0.08119	0.00720	0.01081	0.01539	0.00745	0.01206	0.00817	0.00968	0.00569	0.00658	0.00514	0.00346	0.00266	0.00089	0.00441	0.00220	0.00171	0.00520
8	0.00475	0.00403	0.00410	0.00416	0.00544	0.00338	0.00309	0.00574	0.00905	0.01080	0.03943	0.09143	0.78035	0.01031	0.00476	0.00137	0.00205	0.00865	0.00372	0.00338

[dist]
# distance from previous block
# <min> <max>
0	0

# created by:
# /st0/software/busco_prod/Augustus/scripts/msa2prfl.pl ./align_prep/35760.fa
