[name]
unknown

[dist]
# distance from previous block
# <min> <max>
2	23

[block]
# block no. 0 follows, 71 sequences, length 13
# corresponding to MSA columns:
# 28-40
name=unknown_A
#
# <colnr> <probs for GDERKNQSTAVLIFYWHMCP>
#	G	D	E	R	K	N	Q	S	T	A	V	L	I	F	Y	W	H	M	C	P
0	0.04090	0.02481	0.02265	0.07890	0.05026	0.10985	0.03353	0.19973	0.02056	0.15751	0.00893	0.00974	0.00663	0.00551	0.05377	0.00136	0.02135	0.00321	0.00292	0.14789
1	0.08143	0.06076	0.03444	0.19113	0.10387	0.04631	0.00791	0.10369	0.04595	0.05518	0.00914	0.10193	0.00810	0.00585	0.02852	0.00141	0.10298	0.00405	0.00249	0.00484
2	0.26823	0.05249	0.00997	0.15621	0.02850	0.13812	0.02377	0.15703	0.00975	0.03467	0.00698	0.00835	0.00541	0.00498	0.04180	0.00135	0.00466	0.00283	0.00244	0.04245
3	0.10702	0.03421	0.01036	0.03296	0.06922	0.09443	0.04330	0.19065	0.05616	0.11849	0.04240	0.05103	0.00873	0.00588	0.04398	0.00140	0.03548	0.00377	0.00302	0.04751
4	0.17662	0.00900	0.00915	0.11856	0.01187	0.08683	0.00638	0.26812	0.02810	0.05829	0.00940	0.01061	0.04258	0.04102	0.00426	0.00123	0.01707	0.00331	0.00289	0.09470
5	0.00787	0.00644	0.00849	0.06533	0.08131	0.00667	0.04443	0.15454	0.09858	0.01460	0.18672	0.14246	0.15265	0.00703	0.00428	0.00127	0.00313	0.00615	0.00344	0.00459
6	0.00933	0.26702	0.29491	0.00967	0.01359	0.05027	0.14476	0.01197	0.00846	0.05557	0.02393	0.04743	0.00686	0.00398	0.00349	0.00109	0.00493	0.00335	0.00203	0.03738
7	0.00651	0.00428	0.00555	0.00565	0.00661	0.00404	0.00434	0.03699	0.00946	0.07662	0.26892	0.29082	0.08667	0.00947	0.00472	0.00143	0.00249	0.16784	0.00386	0.00374
8	0.07771	0.00950	0.10348	0.04405	0.01155	0.00876	0.00724	0.26432	0.08342	0.25664	0.01199	0.01168	0.04530	0.00480	0.00413	0.00122	0.04112	0.00368	0.00355	0.00586
9	0.06810	0.15811	0.03720	0.03758	0.06440	0.09323	0.12573	0.12987	0.02320	0.10334	0.03229	0.00941	0.00687	0.00406	0.00398	0.00111	0.04830	0.00326	0.00258	0.04737
10	0.04883	0.00513	0.00618	0.00556	0.00702	0.00497	0.00422	0.04514	0.06431	0.18994	0.23669	0.11376	0.11934	0.09129	0.03882	0.00169	0.00293	0.00607	0.00379	0.00431
11	0.00623	0.00455	0.00577	0.00637	0.05970	0.00425	0.00429	0.04187	0.00846	0.05058	0.03588	0.35207	0.24837	0.05145	0.03558	0.00166	0.00286	0.04078	0.00337	0.03592
12	0.34508	0.10967	0.03387	0.00741	0.01008	0.10942	0.04181	0.11964	0.08270	0.08050	0.00773	0.00821	0.00584	0.00399	0.00326	0.00114	0.01911	0.00279	0.00270	0.00503

[dist]
# distance from previous block
# <min> <max>
2	4

[block]
# block no. 1 follows, 71 sequences, length 16
# corresponding to MSA columns:
# 45-60
name=unknown_B
#
# <colnr> <probs for GDERKNQSTAVLIFYWHMCP>
#	G	D	E	R	K	N	Q	S	T	A	V	L	I	F	Y	W	H	M	C	P
0	0.05551	0.01094	0.00942	0.00797	0.01017	0.26123	0.00627	0.23990	0.05953	0.11353	0.15772	0.01258	0.01186	0.00503	0.00395	0.00114	0.02091	0.00381	0.00334	0.00519
1	0.05318	0.00858	0.01428	0.18485	0.64084	0.00897	0.01117	0.01136	0.00841	0.01223	0.00704	0.00947	0.00579	0.00350	0.00373	0.00117	0.00458	0.00335	0.00188	0.00562
2	0.00566	0.00408	0.00462	0.00456	0.00575	0.00359	0.00338	0.00698	0.02892	0.06683	0.15689	0.16822	0.50793	0.00936	0.00453	0.00132	0.00208	0.00800	0.00375	0.00356
3	0.00935	0.00897	0.01462	0.11622	0.68781	0.02992	0.01128	0.02657	0.00884	0.01232	0.00758	0.01054	0.00644	0.00372	0.00384	0.00117	0.00464	0.02845	0.00196	0.00576
4	0.00947	0.00898	0.01505	0.07857	0.74911	0.00915	0.01146	0.03214	0.02580	0.01271	0.00741	0.00963	0.00614	0.00351	0.00380	0.00115	0.00455	0.00344	0.00197	0.00596
5	0.00909	0.00889	0.01572	0.15290	0.62120	0.00908	0.10363	0.01152	0.00860	0.01207	0.00721	0.00970	0.00589	0.00346	0.00388	0.00118	0.00486	0.00354	0.00187	0.00569
6	0.00471	0.00393	0.00413	0.00419	0.00543	0.00335	0.00321	0.00578	0.00885	0.01070	0.07708	0.03700	0.73433	0.00969	0.00459	0.00133	0.00206	0.07278	0.00359	0.00328
7	0.00764	0.00723	0.01223	0.70690	0.17240	0.00862	0.01085	0.01015	0.00786	0.01029	0.00689	0.01009	0.00528	0.00376	0.00383	0.00125	0.00501	0.00341	0.00174	0.00458
8	0.01095	0.62908	0.03580	0.00725	0.01039	0.07932	0.00684	0.10421	0.06437	0.01129	0.00653	0.00714	0.00555	0.00362	0.00281	0.00091	0.00430	0.00241	0.00206	0.00516
9	0.00463	0.00380	0.00408	0.00419	0.00529	0.00325	0.00307	0.00563	0.00872	0.01072	0.10780	0.16113	0.64462	0.00989	0.00459	0.00133	0.00197	0.00841	0.00362	0.00325
10	0.00815	0.01731	0.64724	0.04833	0.01681	0.00916	0.09387	0.04334	0.04078	0.01261	0.00736	0.00870	0.00530	0.00377	0.00392	0.00123	0.02160	0.00312	0.00183	0.00558
11	0.00853	0.00836	0.01143	0.70438	0.02380	0.10329	0.01006	0.06508	0.00872	0.01071	0.00687	0.00978	0.00519	0.00390	0.00379	0.00124	0.00525	0.00331	0.00188	0.00443
12	0.00515	0.00363	0.00481	0.00538	0.00580	0.00348	0.00371	0.00622	0.02461	0.02419	0.12418	0.64678	0.02483	0.03179	0.06438	0.00187	0.00280	0.00955	0.00354	0.00330
13	0.00479	0.00358	0.00495	0.00557	0.00597	0.00332	0.02805	0.00556	0.00748	0.00990	0.02186	0.78497	0.07645	0.01160	0.00486	0.00153	0.00233	0.01053	0.00351	0.00318
14	0.01098	0.00898	0.01446	0.08317	0.33302	0.02977	0.16356	0.08218	0.06106	0.14858	0.02026	0.01075	0.00726	0.00391	0.00396	0.00119	0.00465	0.00378	0.00267	0.00580
15	0.00900	0.00881	0.01405	0.28785	0.54346	0.04796	0.01121	0.01130	0.00849	0.01151	0.00703	0.00960	0.00571	0.00357	0.00379	0.00118	0.00484	0.00337	0.00184	0.00542

[dist]
# distance from previous block
# <min> <max>
0	8

[block]
# block no. 2 follows, 71 sequences, length 61
# corresponding to MSA columns:
# 69-129
name=unknown_C
#
# <colnr> <probs for GDERKNQSTAVLIFYWHMCP>
#	G	D	E	R	K	N	Q	S	T	A	V	L	I	F	Y	W	H	M	C	P
0	0.00942	0.56017	0.10647	0.00812	0.05800	0.02377	0.03057	0.01119	0.00819	0.01039	0.06538	0.00843	0.00730	0.00362	0.00291	0.00090	0.00413	0.00266	0.00190	0.07646
1	0.02737	0.02956	0.03299	0.00912	0.10347	0.18474	0.00652	0.08183	0.17024	0.01369	0.12840	0.01548	0.09801	0.00529	0.00381	0.00113	0.00393	0.01333	0.00301	0.06808
2	0.00538	0.00399	0.00518	0.00574	0.00619	0.00397	0.00409	0.04205	0.00796	0.01061	0.03071	0.68233	0.06083	0.01120	0.00518	0.00154	0.03863	0.06756	0.00350	0.00335
3	0.00907	0.06893	0.00910	0.00614	0.00940	0.04198	0.00499	0.03018	0.04492	0.05400	0.00753	0.00834	0.00607	0.00316	0.00296	0.00068	0.00316	0.00246	0.00245	0.68446
4	0.02639	0.29669	0.07280	0.00735	0.01059	0.01016	0.00683	0.14039	0.01065	0.35482	0.01006	0.00963	0.00703	0.00416	0.00347	0.00107	0.01570	0.00308	0.00326	0.00586
5	0.00989	0.28166	0.01345	0.00836	0.03007	0.06512	0.06500	0.01525	0.35202	0.02652	0.01076	0.04798	0.00884	0.00458	0.00362	0.00112	0.01855	0.00369	0.00279	0.03074
6	0.00664	0.00519	0.00761	0.00844	0.15015	0.00484	0.03987	0.00843	0.01004	0.05044	0.48364	0.02534	0.17005	0.00708	0.00437	0.00121	0.00257	0.00630	0.00363	0.00417
7	0.00616	0.00548	0.00828	0.36937	0.08698	0.00598	0.00712	0.00787	0.00804	0.01027	0.03176	0.18814	0.23556	0.00709	0.00424	0.00132	0.00358	0.00623	0.00263	0.00390
8	0.00561	0.00422	0.00498	0.04211	0.00664	0.00385	0.00372	0.00718	0.03256	0.04725	0.27447	0.09235	0.44362	0.00872	0.00448	0.00128	0.00215	0.00746	0.00374	0.00361
9	0.00863	0.07204	0.71921	0.01036	0.01561	0.02879	0.01297	0.01260	0.00833	0.06648	0.00730	0.00827	0.00517	0.00370	0.00358	0.00118	0.00544	0.00284	0.00183	0.00565
10	0.01060	0.01164	0.01270	0.01528	0.35561	0.30515	0.05809	0.02856	0.00938	0.01115	0.00807	0.07003	0.00733	0.00627	0.07194	0.00153	0.00579	0.00374	0.00210	0.00503
11	0.00782	0.06313	0.80323	0.01071	0.01625	0.00922	0.01378	0.01211	0.00808	0.01198	0.00680	0.00800	0.00486	0.00362	0.00358	0.00119	0.00559	0.00279	0.00162	0.00563
12	0.00724	0.00681	0.01150	0.85604	0.02641	0.00852	0.01065	0.00980	0.00767	0.00980	0.00681	0.01022	0.00511	0.00383	0.00383	0.00128	0.00511	0.00341	0.00170	0.00426
13	0.02552	0.00721	0.02275	0.00704	0.00960	0.02201	0.00580	0.06768	0.16022	0.48521	0.01566	0.01518	0.05655	0.00647	0.04729	0.00148	0.00368	0.03059	0.00416	0.00592
14	0.00474	0.00339	0.00451	0.00529	0.00558	0.00316	0.00356	0.00550	0.00764	0.01026	0.09072	0.79180	0.02628	0.01166	0.00486	0.00153	0.00219	0.01056	0.00362	0.00316
15	0.01008	0.06184	0.21602	0.05250	0.32015	0.05682	0.08597	0.02872	0.00903	0.09945	0.00803	0.02032	0.00620	0.00377	0.00375	0.00116	0.00496	0.00339	0.00217	0.00567
16	0.09412	0.00680	0.00858	0.00678	0.00960	0.00635	0.00555	0.01822	0.10573	0.67481	0.01431	0.01259	0.00927	0.00469	0.00373	0.00120	0.00321	0.00375	0.00444	0.00626
17	0.00473	0.00339	0.00457	0.00540	0.00565	0.00323	0.00365	0.00545	0.00726	0.00972	0.02036	0.80219	0.02423	0.01321	0.06528	0.00189	0.00280	0.01041	0.00345	0.00314
18	0.02413	0.00914	0.03377	0.22327	0.45757	0.04674	0.07420	0.01146	0.02238	0.01169	0.00732	0.01789	0.00600	0.00401	0.01353	0.00126	0.02490	0.00352	0.00191	0.00534
19	0.00583	0.04264	0.02299	0.00564	0.00655	0.00476	0.01831	0.01778	0.03167	0.01181	0.28229	0.27786	0.07949	0.10095	0.01714	0.00167	0.03130	0.03434	0.00342	0.00355
20	0.00813	0.08460	0.65337	0.01156	0.05120	0.00949	0.09050	0.01223	0.02226	0.01199	0.00701	0.00832	0.00512	0.00359	0.00364	0.00119	0.00553	0.00298	0.00170	0.00559
21	0.00570	0.00372	0.00507	0.00595	0.02897	0.00346	0.00393	0.00647	0.00764	0.06946	0.02032	0.77845	0.02369	0.01126	0.00479	0.00152	0.00236	0.01019	0.00360	0.00344
22	0.00952	0.03701	0.27847	0.06138	0.21268	0.05640	0.16168	0.01245	0.00870	0.07742	0.00782	0.02128	0.00600	0.00382	0.00409	0.00121	0.02905	0.00348	0.00205	0.00549
23	0.02492	0.14291	0.03979	0.00991	0.05641	0.46950	0.02442	0.06022	0.02917	0.06717	0.00696	0.00781	0.00556	0.00401	0.00373	0.00104	0.03657	0.00273	0.00224	0.00494
24	0.01208	0.00757	0.00922	0.02756	0.05440	0.06516	0.04063	0.10109	0.06256	0.32939	0.11123	0.01689	0.12388	0.00560	0.00412	0.00120	0.01352	0.00466	0.00380	0.00541
25	0.00853	0.02461	0.33444	0.02646	0.05238	0.06834	0.24640	0.01184	0.02757	0.02608	0.04085	0.02155	0.06649	0.00434	0.00419	0.00123	0.02342	0.00400	0.00212	0.00513
26	0.08474	0.00593	0.02706	0.07368	0.04269	0.02363	0.04790	0.02448	0.04433	0.01163	0.08456	0.35253	0.01744	0.07363	0.00577	0.00158	0.03249	0.03907	0.00300	0.00384
27	0.02748	0.15551	0.03016	0.17699	0.18701	0.18591	0.07067	0.02312	0.00898	0.01094	0.03410	0.01067	0.05441	0.00410	0.00360	0.00111	0.00498	0.00341	0.00203	0.00484
28	0.00850	0.00836	0.02197	0.08537	0.02523	0.10257	0.24637	0.03656	0.01729	0.04491	0.06438	0.21583	0.02453	0.00642	0.00469	0.00134	0.03696	0.04156	0.00272	0.00441
29	0.00897	0.00864	0.01385	0.06455	0.64655	0.03793	0.02154	0.01117	0.01691	0.01222	0.04426	0.06005	0.02779	0.00430	0.00391	0.00118	0.00437	0.00410	0.00214	0.00557
30	0.04068	0.00839	0.08785	0.00741	0.01008	0.06639	0.05264	0.01446	0.07758	0.36682	0.12097	0.01646	0.10245	0.00543	0.00396	0.00120	0.00357	0.00453	0.00375	0.00537
31	0.00905	0.00899	0.01628	0.12325	0.56611	0.00906	0.17318	0.01153	0.00866	0.01211	0.00777	0.01018	0.01894	0.00353	0.00396	0.00119	0.00496	0.00371	0.00191	0.00563
32	0.00953	0.01764	0.09848	0.02818	0.47439	0.05796	0.07277	0.01182	0.00882	0.05744	0.02914	0.01135	0.05266	0.00416	0.00432	0.00119	0.04871	0.00374	0.00216	0.00555
33	0.00948	0.01075	0.00798	0.04979	0.00967	0.40202	0.00579	0.01057	0.00924	0.00984	0.05473	0.14394	0.12564	0.02356	0.09783	0.00177	0.00545	0.01554	0.00257	0.00387
34	0.01508	0.04492	0.00938	0.00695	0.00968	0.00687	0.00573	0.15531	0.01188	0.57260	0.07282	0.04918	0.01136	0.00519	0.00388	0.00118	0.00332	0.00423	0.00437	0.00610
35	0.00947	0.00975	0.07423	0.03947	0.59408	0.00910	0.06122	0.04308	0.07036	0.02239	0.00827	0.02664	0.00680	0.00379	0.00386	0.00118	0.00458	0.00366	0.00216	0.00591
36	0.00917	0.00878	0.01498	0.14206	0.72531	0.00903	0.01161	0.01149	0.00858	0.01214	0.00716	0.00959	0.00594	0.00348	0.00380	0.00116	0.00463	0.00342	0.00187	0.00582
37	0.00548	0.00411	0.00616	0.00616	0.00685	0.00479	0.00479	0.00685	0.00616	0.00890	0.01027	0.01506	0.00959	0.02876	0.85006	0.00616	0.01027	0.00411	0.00205	0.00342
38	0.00831	0.00828	0.01173	0.07051	0.01123	0.01151	0.00855	0.00927	0.00600	0.00927	0.00516	0.00852	0.00504	0.00651	0.01196	0.00165	0.79728	0.00336	0.00168	0.00420
39	0.00658	0.00500	0.00737	0.03327	0.10058	0.00505	0.00692	0.00842	0.00878	0.01154	0.01847	0.03857	0.01981	0.00960	0.00509	0.00168	0.00369	0.70244	0.00330	0.00383
40	0.00523	0.00390	0.00486	0.00464	0.00561	0.00353	0.00347	0.00684	0.01036	0.01424	0.65955	0.04471	0.20232	0.00830	0.00453	0.00123	0.00184	0.00724	0.00407	0.00353
41	0.00744	0.00702	0.01186	0.78238	0.09851	0.00857	0.01075	0.00997	0.00776	0.01004	0.00685	0.01016	0.00520	0.00380	0.00383	0.00127	0.00506	0.00341	0.00172	0.00442
42	0.00558	0.00372	0.00418	0.00418	0.00418	0.00372	0.00232	0.00558	0.00558	0.00743	0.01208	0.02509	0.01394	0.86525	0.01952	0.00372	0.00372	0.00558	0.00232	0.00232
43	0.00556	0.00372	0.00418	0.00418	0.00420	0.00371	0.00233	0.00557	0.00562	0.00748	0.01248	0.02527	0.02629	0.85245	0.01929	0.00368	0.00369	0.00561	0.00234	0.00234
44	0.00769	0.01983	0.84538	0.01093	0.01659	0.00890	0.01417	0.01214	0.00810	0.01214	0.00688	0.00810	0.00486	0.00364	0.00364	0.00121	0.00567	0.00283	0.00162	0.00567
45	0.00807	0.00763	0.01281	0.55061	0.30363	0.00875	0.01091	0.01074	0.02927	0.01089	0.00718	0.01008	0.00561	0.00373	0.00382	0.00123	0.00487	0.00343	0.00183	0.00492
46	0.00936	0.00910	0.01589	0.05975	0.74669	0.00913	0.06999	0.01172	0.00871	0.01239	0.00723	0.00958	0.00601	0.00342	0.00385	0.00116	0.00472	0.00350	0.00189	0.00593
47	0.00949	0.00911	0.01556	0.02353	0.84133	0.00911	0.01177	0.01177	0.00873	0.01253	0.00721	0.00949	0.00607	0.00342	0.00380	0.00114	0.00456	0.00342	0.00190	0.00607
48	0.01676	0.00678	0.00900	0.00695	0.00989	0.00608	0.00573	0.05437	0.04615	0.77288	0.01489	0.01293	0.00945	0.00476	0.00386	0.00119	0.00329	0.00386	0.00467	0.00651
49	0.00682	0.00479	0.00574	0.00575	0.00684	0.00471	0.00429	0.06690	0.09217	0.06567	0.09233	0.38473	0.16820	0.00946	0.00458	0.00142	0.00252	0.06538	0.00374	0.00397
50	0.00743	0.00700	0.01183	0.78754	0.09346	0.00857	0.01074	0.00996	0.00775	0.01002	0.00685	0.01016	0.00519	0.00380	0.00383	0.00127	0.00507	0.00341	0.00172	0.00441
51	0.00871	0.00853	0.01266	0.25083	0.42953	0.07525	0.01000	0.01076	0.00846	0.01126	0.04293	0.04574	0.00804	0.03573	0.00464	0.00129	0.02470	0.00387	0.00203	0.00503
52	0.00523	0.00386	0.00552	0.00573	0.00631	0.00414	0.00427	0.00646	0.00716	0.01006	0.12870	0.26559	0.01791	0.02094	0.48462	0.00412	0.00673	0.00649	0.00280	0.00336
53	0.00941	0.00919	0.01377	0.05301	0.63293	0.06515	0.01039	0.02320	0.05245	0.01237	0.00975	0.02568	0.05748	0.00411	0.00384	0.00116	0.00445	0.00381	0.00216	0.00568
54	0.02224	0.01019	0.01870	0.07616	0.26959	0.06335	0.45798	0.01213	0.00894	0.01207	0.00737	0.00979	0.00577	0.00338	0.00416	0.00122	0.00577	0.00394	0.00192	0.00532
55	0.01469	0.03154	0.02347	0.00685	0.00952	0.00636	0.00568	0.10608	0.02082	0.58319	0.05079	0.08879	0.01157	0.00545	0.00392	0.00120	0.00326	0.00451	0.01632	0.00599
56	0.00789	0.00708	0.00991	0.22201	0.16232	0.05402	0.03612	0.05878	0.04089	0.02197	0.11175	0.20392	0.03478	0.00632	0.00417	0.00128	0.00388	0.00566	0.00278	0.00450
57	0.00948	0.00936	0.02707	0.07624	0.66982	0.04050	0.05394	0.01176	0.00878	0.02470	0.00802	0.01016	0.02553	0.00362	0.00384	0.00116	0.00472	0.00355	0.00197	0.00578
58	0.01085	0.03833	0.20733	0.02352	0.09993	0.07580	0.13739	0.05891	0.05446	0.17768	0.01018	0.07091	0.00800	0.00453	0.00390	0.00121	0.00477	0.00401	0.00274	0.00555
59	0.04074	0.01477	0.00607	0.00618	0.03357	0.05669	0.00435	0.00761	0.00830	0.03198	0.22132	0.25764	0.06578	0.09095	0.09960	0.00209	0.02826	0.01734	0.00320	0.00357
60	0.00963	0.24807	0.26762	0.00999	0.10053	0.05685	0.02558	0.03110	0.01633	0.07640	0.00970	0.03614	0.05996	0.00433	0.00358	0.00110	0.01685	0.00339	0.00220	0.02068

[dist]
# distance from previous block
# <min> <max>
0	32

[block]
# block no. 3 follows, 71 sequences, length 31
# corresponding to MSA columns:
# 162-192
name=unknown_D
#
# <colnr> <probs for GDERKNQSTAVLIFYWHMCP>
#	G	D	E	R	K	N	Q	S	T	A	V	L	I	F	Y	W	H	M	C	P
0	0.01017	0.07754	0.13841	0.08430	0.39263	0.04330	0.02142	0.02284	0.03590	0.10868	0.02352	0.00991	0.00682	0.00380	0.00369	0.00114	0.00460	0.00334	0.00229	0.00571
1	0.00866	0.12039	0.14043	0.02602	0.08165	0.05027	0.14020	0.01108	0.02178	0.07003	0.22419	0.04796	0.01466	0.02095	0.00423	0.00122	0.00417	0.00457	0.00273	0.00481
2	0.00519	0.00387	0.00503	0.05274	0.00682	0.00376	0.00397	0.00648	0.03022	0.01100	0.16043	0.49300	0.10641	0.04632	0.00529	0.00153	0.00240	0.03066	0.02155	0.00334
3	0.03174	0.00830	0.08165	0.26887	0.21624	0.00807	0.06595	0.02556	0.02381	0.01163	0.05393	0.10009	0.00938	0.00535	0.01372	0.01544	0.04894	0.00440	0.00219	0.00474
4	0.02580	0.03202	0.13805	0.01274	0.16585	0.04154	0.08738	0.01091	0.00744	0.03793	0.00663	0.00940	0.00575	0.03894	0.00805	0.00148	0.35992	0.00341	0.00188	0.00489
5	0.07151	0.00751	0.05946	0.15947	0.04758	0.00725	0.00683	0.12583	0.03683	0.21184	0.01060	0.01146	0.00764	0.00526	0.03673	0.00134	0.00388	0.00349	0.18031	0.00516
6	0.00925	0.01397	0.40826	0.01345	0.16718	0.00867	0.14725	0.02878	0.02992	0.08985	0.00865	0.01075	0.00655	0.00397	0.00391	0.00123	0.00519	0.03529	0.00219	0.00568
7	0.00587	0.00435	0.00489	0.00470	0.00597	0.00395	0.00354	0.02097	0.05760	0.05552	0.22135	0.10866	0.47080	0.00888	0.00448	0.00129	0.00211	0.00757	0.00380	0.00371
8	0.00984	0.68886	0.17782	0.00746	0.01117	0.03019	0.00803	0.01168	0.00791	0.00963	0.00564	0.00654	0.00491	0.00336	0.00271	0.00090	0.00445	0.00221	0.00164	0.00505
9	0.00476	0.00343	0.00451	0.00521	0.00557	0.00318	0.00354	0.00559	0.00785	0.01052	0.12605	0.72044	0.06238	0.01138	0.00483	0.00150	0.00216	0.01027	0.00364	0.00318
10	0.00994	0.00457	0.00567	0.00510	0.00659	0.00423	0.00395	0.01144	0.00904	0.29017	0.06053	0.14086	0.02784	0.00664	0.02490	0.00126	0.00258	0.01531	0.36490	0.00448
11	0.00548	0.00411	0.00616	0.00616	0.00685	0.00479	0.00479	0.00685	0.00616	0.00890	0.01027	0.01506	0.00959	0.02876	0.85006	0.00616	0.01027	0.00411	0.00205	0.00342
12	0.00700	0.00499	0.00588	0.00538	0.00664	0.02755	0.00410	0.00968	0.10037	0.08106	0.60556	0.02581	0.08626	0.00733	0.00437	0.00121	0.00221	0.00636	0.00412	0.00411
13	0.00573	0.00399	0.00513	0.00498	0.00594	0.00373	0.00376	0.00724	0.00963	0.04604	0.48599	0.10665	0.15689	0.01054	0.08976	0.00176	0.00283	0.02959	0.01621	0.00360
14	0.01132	0.01346	0.00916	0.00870	0.01014	0.55924	0.00657	0.01233	0.00973	0.00966	0.01023	0.16717	0.01052	0.00668	0.02022	0.00130	0.03921	0.08788	0.00241	0.00408
15	0.00557	0.00374	0.00429	0.00429	0.00432	0.00377	0.00246	0.00564	0.00561	0.00751	0.01198	0.02456	0.01371	0.82062	0.06383	0.00385	0.00407	0.00550	0.00231	0.00238
16	0.00823	0.00698	0.00810	0.00581	0.00921	0.00540	0.00466	0.04472	0.00838	0.01299	0.00692	0.00800	0.00572	0.00292	0.00288	0.00059	0.00290	0.00232	0.00234	0.85092
17	0.00925	0.00906	0.01477	0.13253	0.65583	0.04192	0.03508	0.01150	0.00865	0.01197	0.00748	0.03099	0.00638	0.00370	0.00384	0.00117	0.00472	0.00360	0.00192	0.00567
18	0.02631	0.12139	0.06389	0.00734	0.00975	0.02286	0.00630	0.14516	0.30637	0.05432	0.03510	0.08645	0.01924	0.00544	0.00371	0.00120	0.00343	0.01931	0.05706	0.00538
19	0.00789	0.01576	0.58147	0.03168	0.03753	0.00845	0.04029	0.04549	0.03496	0.01244	0.02465	0.01061	0.04777	0.00458	0.00443	0.03630	0.02841	0.00339	0.01863	0.00528
20	0.00949	0.00911	0.01556	0.02353	0.84133	0.00911	0.01177	0.01177	0.00873	0.01253	0.00721	0.00949	0.00607	0.00342	0.00380	0.00114	0.00456	0.00342	0.00190	0.00607
21	0.00548	0.00411	0.00616	0.00616	0.00685	0.00479	0.00479	0.00685	0.00616	0.00890	0.01027	0.01506	0.00959	0.02876	0.85006	0.00616	0.01027	0.00411	0.00205	0.00342
22	0.00471	0.00388	0.00415	0.00411	0.00530	0.00331	0.00307	0.00584	0.00912	0.01134	0.19741	0.05751	0.65817	0.00940	0.00454	0.00128	0.00192	0.00794	0.00369	0.00331
23	0.01583	0.00873	0.01026	0.00787	0.01089	0.00891	0.00650	0.44241	0.01466	0.41505	0.01203	0.01104	0.00794	0.00467	0.00385	0.00117	0.00376	0.00364	0.00427	0.00652
24	0.00466	0.00337	0.00442	0.00525	0.00554	0.00312	0.00352	0.00535	0.00742	0.00982	0.02216	0.81484	0.07261	0.01188	0.00487	0.00154	0.00221	0.01074	0.00356	0.00312
25	0.00549	0.00405	0.00587	0.00587	0.00646	0.00464	0.00443	0.00666	0.00608	0.00869	0.01053	0.01652	0.01022	0.15043	0.72925	0.00581	0.00932	0.00432	0.00209	0.00326
26	0.00860	0.00675	0.00794	0.00583	0.00905	0.00531	0.00466	0.01075	0.04906	0.07349	0.04077	0.00945	0.00746	0.00329	0.00303	0.00067	0.00284	0.00267	0.00261	0.74575
27	0.02674	0.04631	0.03049	0.00957	0.06233	0.27843	0.00729	0.27411	0.13301	0.03905	0.02599	0.00986	0.01737	0.00442	0.00365	0.00110	0.00481	0.00329	0.00298	0.01919
28	0.12307	0.08309	0.21811	0.00860	0.02281	0.11219	0.02842	0.09164	0.08173	0.04665	0.01795	0.00937	0.00656	0.00403	0.00351	0.00110	0.01597	0.01835	0.00245	0.10440
29	0.06904	0.15245	0.19608	0.00956	0.08271	0.10199	0.01939	0.09609	0.06701	0.05944	0.04599	0.02264	0.00764	0.00413	0.00344	0.00109	0.00444	0.00319	0.00248	0.05119
30	0.05262	0.15436	0.14285	0.00859	0.05726	0.09134	0.00750	0.12458	0.07674	0.07314	0.09615	0.02200	0.02664	0.00456	0.00353	0.00109	0.00410	0.00355	0.00279	0.04661

[dist]
# distance from previous block
# <min> <max>
2	31

[block]
# block no. 4 follows, 71 sequences, length 24
# corresponding to MSA columns:
# 224-247
name=unknown_E
#
# <colnr> <probs for GDERKNQSTAVLIFYWHMCP>
#	G	D	E	R	K	N	Q	S	T	A	V	L	I	F	Y	W	H	M	C	P
0	0.02542	0.03339	0.13690	0.05205	0.35156	0.02322	0.07451	0.03196	0.00883	0.06863	0.01001	0.04896	0.03576	0.00468	0.00420	0.00124	0.03065	0.05037	0.00231	0.00538
1	0.01056	0.00848	0.00895	0.00776	0.01010	0.02683	0.00610	0.11094	0.62552	0.07032	0.03079	0.01355	0.01111	0.00505	0.00386	0.00124	0.00323	0.00414	0.00386	0.03760
2	0.04495	0.11858	0.24291	0.02265	0.02159	0.14661	0.03366	0.08470	0.03416	0.06500	0.02399	0.05465	0.01900	0.01767	0.00378	0.00115	0.00472	0.00347	0.00241	0.05435
3	0.02615	0.01093	0.23753	0.02390	0.17432	0.00776	0.12015	0.04446	0.00928	0.17460	0.02578	0.07412	0.04409	0.00475	0.00397	0.00123	0.00450	0.00428	0.00270	0.00550
4	0.02059	0.08987	0.05522	0.38365	0.20848	0.00895	0.04581	0.01090	0.03190	0.03336	0.00853	0.01116	0.03349	0.03739	0.00433	0.00129	0.00468	0.00356	0.00199	0.00485
5	0.00780	0.00729	0.01213	0.70194	0.15273	0.00871	0.01072	0.03389	0.00813	0.01064	0.00695	0.01008	0.00530	0.00379	0.00383	0.00125	0.00500	0.00341	0.00180	0.00461
6	0.02507	0.07043	0.16679	0.10735	0.17337	0.06666	0.09983	0.04102	0.02534	0.03661	0.00988	0.12829	0.02292	0.00494	0.00388	0.00122	0.00469	0.00440	0.00228	0.00504
7	0.01093	0.03556	0.23991	0.00952	0.04142	0.00774	0.10867	0.07975	0.02823	0.24782	0.01097	0.02503	0.02078	0.08666	0.02848	0.00158	0.00465	0.00391	0.00292	0.00547
8	0.00545	0.00381	0.00480	0.00487	0.00520	0.00393	0.00325	0.00597	0.00626	0.00846	0.03559	0.08344	0.07174	0.45712	0.23879	0.02950	0.00517	0.02139	0.00248	0.00278
9	0.00716	0.00631	0.01035	0.39547	0.20259	0.00712	0.00871	0.00888	0.00755	0.01012	0.00976	0.17742	0.00954	0.00685	0.02822	0.07410	0.01861	0.00489	0.00212	0.00421
10	0.01051	0.08948	0.13198	0.01632	0.43635	0.04668	0.02696	0.05321	0.02387	0.10156	0.00856	0.00980	0.02007	0.00379	0.00367	0.00113	0.00459	0.00333	0.00230	0.00584
11	0.00778	0.00895	0.20306	0.00980	0.10488	0.00630	0.06610	0.01735	0.02186	0.09325	0.04600	0.29976	0.02302	0.00787	0.03501	0.00152	0.01890	0.02106	0.00287	0.00466
12	0.00582	0.00405	0.00489	0.00470	0.00575	0.00368	0.00353	0.00716	0.00942	0.05497	0.38081	0.03060	0.29264	0.08888	0.02290	0.00160	0.00238	0.05571	0.01700	0.00351
13	0.03716	0.01261	0.36623	0.04310	0.09947	0.00783	0.01003	0.04968	0.02315	0.26213	0.01090	0.01109	0.04085	0.00427	0.00374	0.00120	0.00447	0.00347	0.00283	0.00581
14	0.04447	0.04572	0.17809	0.06917	0.29506	0.03044	0.06029	0.08507	0.01840	0.08263	0.03107	0.01040	0.02422	0.00398	0.00374	0.00117	0.00463	0.00348	0.00237	0.00561
15	0.00745	0.00724	0.02347	0.06007	0.05876	0.00737	0.25696	0.03416	0.00840	0.01139	0.01343	0.20447	0.04152	0.00710	0.00559	0.00146	0.10757	0.13666	0.00262	0.00431
16	0.00587	0.00424	0.00524	0.00554	0.00625	0.01904	0.00417	0.00673	0.00799	0.03571	0.07833	0.28425	0.18285	0.05383	0.03150	0.06968	0.02514	0.16707	0.00331	0.00327
17	0.00958	0.30031	0.15405	0.03470	0.24692	0.01067	0.05866	0.02608	0.00850	0.05503	0.00779	0.05715	0.00673	0.00399	0.00343	0.00108	0.00451	0.00338	0.00204	0.00538
18	0.01180	0.12032	0.22942	0.00975	0.03374	0.19703	0.04368	0.15308	0.05768	0.09551	0.00823	0.00875	0.00608	0.00400	0.00356	0.00111	0.00512	0.00303	0.00254	0.00554
19	0.51059	0.07216	0.05708	0.00820	0.08459	0.18896	0.00629	0.01224	0.00783	0.01423	0.00572	0.00677	0.00459	0.00361	0.00281	0.00112	0.00419	0.00232	0.00215	0.00453
20	0.00987	0.04104	0.12215	0.02167	0.17671	0.04219	0.00844	0.04656	0.43465	0.03843	0.01167	0.01167	0.00883	0.00447	0.00377	0.00122	0.00395	0.00374	0.00304	0.00592
21	0.00484	0.00359	0.00473	0.00542	0.00572	0.00348	0.00371	0.00559	0.00752	0.01005	0.05863	0.74476	0.07135	0.01149	0.00516	0.00153	0.03546	0.01027	0.00352	0.00319
22	0.00822	0.09597	0.04782	0.00655	0.03194	0.01942	0.00540	0.00998	0.00799	0.01200	0.00707	0.03206	0.00612	0.00321	0.00293	0.00067	0.00319	0.00255	0.00220	0.69469
23	0.00570	0.00436	0.00501	0.00489	0.00561	0.02959	0.00344	0.00712	0.03136	0.01237	0.45006	0.11663	0.08658	0.21107	0.00806	0.00184	0.00250	0.00691	0.00358	0.00332

[dist]
# distance from previous block
# <min> <max>
0	2

[block]
# block no. 5 follows, 71 sequences, length 12
# corresponding to MSA columns:
# 250-261
name=unknown_F
#
# <colnr> <probs for GDERKNQSTAVLIFYWHMCP>
#	G	D	E	R	K	N	Q	S	T	A	V	L	I	F	Y	W	H	M	C	P
0	0.02566	0.15349	0.37979	0.00987	0.05541	0.09057	0.02292	0.07496	0.00916	0.04439	0.00794	0.06205	0.00657	0.00421	0.00350	0.00112	0.00491	0.00329	0.00213	0.03807
1	0.02338	0.44462	0.13013	0.04754	0.03444	0.04752	0.02872	0.06701	0.03257	0.04596	0.00766	0.00991	0.00654	0.00406	0.00319	0.00104	0.00444	0.05401	0.00214	0.00512
2	0.11533	0.00546	0.00535	0.00492	0.00648	0.05028	0.00375	0.00881	0.00889	0.13118	0.10830	0.04345	0.42325	0.06189	0.00507	0.00140	0.00263	0.00623	0.00349	0.00386
3	0.00586	0.00505	0.04453	0.00675	0.05197	0.00441	0.00484	0.05836	0.00847	0.01132	0.05781	0.52587	0.09457	0.03464	0.00511	0.00153	0.00273	0.06913	0.00339	0.00365
4	0.04282	0.04573	0.08745	0.06172	0.23755	0.06835	0.15683	0.08082	0.05455	0.10350	0.00866	0.01016	0.00658	0.00389	0.00382	0.00118	0.00485	0.01346	0.00248	0.00560
5	0.69085	0.00804	0.00649	0.02348	0.04255	0.07578	0.00479	0.01117	0.00728	0.01587	0.04543	0.00876	0.03897	0.00403	0.00273	0.00118	0.00330	0.00265	0.00244	0.00420
6	0.02755	0.09550	0.06407	0.05135	0.42176	0.04189	0.04265	0.07169	0.00936	0.05874	0.00896	0.01084	0.03935	0.00406	0.00387	0.00115	0.02083	0.01854	0.00225	0.00558
7	0.04591	0.00882	0.01215	0.10660	0.31644	0.06382	0.06037	0.05723	0.14666	0.01337	0.04411	0.01203	0.04025	0.00481	0.02223	0.00128	0.00441	0.00383	0.00252	0.03315
8	0.07898	0.00626	0.00715	0.02802	0.05922	0.04293	0.00513	0.06569	0.08735	0.11832	0.12358	0.23777	0.09681	0.01982	0.00437	0.00133	0.00299	0.00630	0.00352	0.00447
9	0.03934	0.12478	0.15457	0.08120	0.09722	0.07907	0.03960	0.04973	0.06117	0.02768	0.07997	0.02991	0.03067	0.00516	0.02502	0.00127	0.03294	0.00368	0.00238	0.03464
10	0.00929	0.04526	0.10258	0.10739	0.19552	0.09704	0.02077	0.01203	0.06890	0.06921	0.08122	0.04422	0.03239	0.00463	0.00387	0.00113	0.01537	0.00392	0.00252	0.08274
11	0.00965	0.28337	0.17561	0.00951	0.08425	0.09591	0.03401	0.06809	0.07274	0.01210	0.05706	0.01118	0.06237	0.00435	0.00343	0.00107	0.00446	0.00339	0.00230	0.00514

[dist]
# distance from previous block
# <min> <max>
13	54

[block]
# block no. 6 follows, 71 sequences, length 10
# corresponding to MSA columns:
# 316-325
name=unknown_G
#
# <colnr> <probs for GDERKNQSTAVLIFYWHMCP>
#	G	D	E	R	K	N	Q	S	T	A	V	L	I	F	Y	W	H	M	C	P
0	0.09581	0.05749	0.16707	0.02143	0.04566	0.13640	0.24609	0.06601	0.00940	0.04445	0.02108	0.00933	0.01679	0.00384	0.00392	0.00117	0.02378	0.00340	0.00220	0.02468
1	0.08816	0.21517	0.31651	0.00935	0.03916	0.11540	0.03807	0.03962	0.04729	0.01216	0.02601	0.00876	0.02108	0.00388	0.00332	0.00109	0.00488	0.00289	0.00203	0.00516
2	0.03864	0.18428	0.31947	0.01036	0.03117	0.04460	0.14831	0.06801	0.04758	0.01263	0.02142	0.02566	0.00642	0.00387	0.00356	0.00113	0.00502	0.00327	0.00208	0.02254
3	0.00882	0.11129	0.52408	0.01208	0.09184	0.04882	0.10744	0.01234	0.00842	0.03022	0.00698	0.00833	0.00519	0.00357	0.00362	0.00116	0.00549	0.00300	0.00177	0.00553
4	0.03049	0.21277	0.49101	0.01006	0.03860	0.01035	0.05141	0.05750	0.00871	0.01236	0.03837	0.00860	0.00622	0.00374	0.00343	0.00112	0.00502	0.00293	0.00189	0.00541
5	0.01007	0.80837	0.07771	0.00687	0.01031	0.01473	0.00709	0.01153	0.00781	0.00924	0.00544	0.00629	0.00492	0.00331	0.00254	0.00085	0.00421	0.00210	0.00164	0.00497
6	0.04452	0.47718	0.30513	0.00804	0.01209	0.01205	0.00904	0.01222	0.00808	0.07092	0.00658	0.00733	0.00520	0.00352	0.00297	0.00100	0.00454	0.00245	0.00189	0.00527
7	0.00553	0.00370	0.00420	0.00425	0.00426	0.00368	0.00239	0.00556	0.00567	0.00756	0.01258	0.07144	0.01457	0.81804	0.01871	0.00360	0.00363	0.00587	0.00239	0.00237
8	0.00552	0.00369	0.00420	0.00425	0.00426	0.00368	0.00240	0.00556	0.00568	0.00758	0.01262	0.07521	0.01462	0.81420	0.01864	0.00359	0.00363	0.00589	0.00240	0.00237
9	0.00856	0.07780	0.72740	0.01033	0.01563	0.00910	0.01302	0.01257	0.00828	0.07220	0.00737	0.00832	0.00520	0.00370	0.00358	0.00118	0.00538	0.00285	0.00185	0.00568

[dist]
# distance from previous block
# <min> <max>
0	89

# created by:
# /st0/software/busco_prod/Augustus/scripts/msa2prfl.pl ./align_prep/35787.fa
