[name]
unknown

[dist]
# distance from previous block
# <min> <max>
14	40

[block]
# block no. 0 follows, 67 sequences, length 47
# corresponding to MSA columns:
# 49-95
name=unknown_A
#
# <colnr> <probs for GDERKNQSTAVLIFYWHMCP>
#	G	D	E	R	K	N	Q	S	T	A	V	L	I	F	Y	W	H	M	C	P
0	0.03430	0.00807	0.00929	0.19072	0.01317	0.08507	0.00694	0.17504	0.01038	0.08420	0.01142	0.07903	0.03195	0.07945	0.10216	0.00211	0.03852	0.01415	0.01929	0.00474
1	0.04547	0.00862	0.01021	0.05259	0.07157	0.07797	0.04586	0.15602	0.09107	0.05000	0.09576	0.03359	0.03649	0.05452	0.04939	0.01723	0.08335	0.00448	0.01081	0.00501
2	0.03332	0.00864	0.01125	0.23352	0.04061	0.06465	0.07386	0.17291	0.02611	0.02554	0.01882	0.02350	0.04009	0.00746	0.10116	0.00179	0.00540	0.00388	0.00262	0.10488
3	0.04154	0.00911	0.01051	0.06900	0.12738	0.09176	0.01692	0.19624	0.02872	0.11348	0.01007	0.03737	0.00831	0.07248	0.03242	0.01028	0.00456	0.01261	0.01179	0.09547
4	0.05437	0.09528	0.00899	0.00746	0.06787	0.01842	0.00520	0.13432	0.03553	0.05522	0.01267	0.08666	0.04982	0.27521	0.02654	0.00214	0.00391	0.00494	0.00291	0.05254
5	0.07487	0.06287	0.00994	0.03193	0.08022	0.12348	0.05299	0.08650	0.03260	0.03841	0.01121	0.12871	0.01122	0.22059	0.00809	0.00192	0.00440	0.01294	0.00272	0.00441
6	0.05358	0.03047	0.03585	0.00758	0.00980	0.01853	0.04736	0.09367	0.20290	0.08965	0.01413	0.09252	0.02667	0.10187	0.00595	0.00159	0.00369	0.07968	0.00340	0.08111
7	0.11339	0.08862	0.22938	0.08496	0.18413	0.05309	0.06278	0.01300	0.03506	0.05990	0.00772	0.00914	0.00589	0.00381	0.00364	0.00119	0.00495	0.00316	0.00218	0.03400
8	0.00869	0.01691	0.04225	0.18843	0.09075	0.02111	0.08089	0.07833	0.06102	0.01287	0.04747	0.01366	0.02032	0.08700	0.04055	0.00168	0.04617	0.01506	0.00249	0.12434
9	0.10876	0.00729	0.00933	0.09964	0.05140	0.02821	0.05808	0.01318	0.16598	0.11835	0.06209	0.01828	0.08856	0.03061	0.02907	0.00155	0.01674	0.06790	0.00327	0.02173
10	0.00988	0.00731	0.00893	0.03088	0.01037	0.00598	0.01758	0.06143	0.00946	0.11746	0.03236	0.00980	0.00741	0.00352	0.00328	0.00077	0.00321	0.00287	0.00284	0.65465
11	0.41261	0.00863	0.00866	0.00702	0.00977	0.00947	0.00580	0.25518	0.01139	0.19499	0.00897	0.00904	0.00631	0.00442	0.00361	0.00125	0.03076	0.00304	0.00345	0.00562
12	0.00832	0.00713	0.00832	0.00594	0.00950	0.00535	0.00475	0.01010	0.00832	0.01307	0.00713	0.00832	0.00594	0.00297	0.00297	0.00059	0.00297	0.00238	0.00238	0.88357
13	0.00819	0.00704	0.00829	0.00605	0.00938	0.00549	0.00483	0.00990	0.00825	0.01285	0.00799	0.02857	0.02050	0.00345	0.00338	0.00067	0.03042	0.00273	0.00241	0.81963
14	0.00901	0.00912	0.04649	0.23389	0.43178	0.00886	0.06681	0.01154	0.00874	0.01233	0.00741	0.00992	0.00597	0.00360	0.00390	0.00117	0.00487	0.00347	0.00198	0.11916
15	0.00489	0.00349	0.00465	0.00558	0.00582	0.00326	0.00372	0.00558	0.00768	0.01024	0.02210	0.85644	0.02653	0.01256	0.00512	0.00163	0.00233	0.01140	0.00372	0.00326
16	0.00931	0.08491	0.00992	0.00675	0.03238	0.00680	0.00534	0.05258	0.00899	0.04506	0.00746	0.00846	0.00608	0.00320	0.00306	0.00069	0.00323	0.00252	0.00249	0.70076
17	0.00926	0.02469	0.06775	0.12382	0.55123	0.00917	0.05952	0.01178	0.00887	0.01255	0.00792	0.03724	0.00674	0.00389	0.00397	0.00120	0.00485	0.00377	0.00202	0.04976
18	0.00862	0.06410	0.65322	0.01207	0.06751	0.03652	0.03975	0.01280	0.02169	0.01244	0.00722	0.00860	0.00532	0.00389	0.00405	0.00125	0.03030	0.00304	0.00178	0.00582
19	0.00882	0.19717	0.54277	0.01129	0.01640	0.01083	0.13419	0.01258	0.00855	0.01203	0.00699	0.00839	0.00525	0.00367	0.00369	0.00120	0.00571	0.00306	0.00175	0.00568
20	0.00947	0.01082	0.02366	0.01690	0.02096	0.01014	0.81947	0.01285	0.00947	0.01285	0.00811	0.01082	0.00609	0.00338	0.00473	0.00135	0.00676	0.00473	0.00203	0.00541
21	0.00870	0.09248	0.60055	0.01229	0.11820	0.00955	0.01304	0.01251	0.00859	0.03909	0.00802	0.04497	0.00632	0.00416	0.00378	0.00124	0.00540	0.00336	0.00192	0.00583
22	0.00804	0.02074	0.83828	0.01143	0.01736	0.00931	0.01482	0.01270	0.00847	0.01270	0.00720	0.00847	0.00508	0.00381	0.00381	0.00127	0.00593	0.00296	0.00169	0.00593
23	0.00583	0.00389	0.00437	0.00437	0.00437	0.00389	0.00243	0.00583	0.00583	0.00778	0.01264	0.02624	0.01458	0.85906	0.02041	0.00389	0.00389	0.00583	0.00243	0.00243
24	0.00804	0.02074	0.83828	0.01143	0.01736	0.00931	0.01482	0.01270	0.00847	0.01270	0.00720	0.00847	0.00508	0.00381	0.00381	0.00127	0.00593	0.00296	0.00169	0.00593
25	0.00922	0.00824	0.03173	0.49050	0.24599	0.00889	0.05206	0.01180	0.00871	0.08267	0.00804	0.01070	0.00605	0.00394	0.00403	0.00129	0.00510	0.00365	0.00212	0.00526
26	0.00489	0.00349	0.00465	0.00558	0.00582	0.00326	0.00372	0.00558	0.00768	0.01024	0.02210	0.85644	0.02653	0.01256	0.00512	0.00163	0.00233	0.01140	0.00372	0.00326
27	0.00875	0.00970	0.02060	0.01497	0.01851	0.00907	0.68869	0.01176	0.00940	0.01267	0.03923	0.06355	0.06353	0.00454	0.00476	0.00137	0.00602	0.00546	0.00232	0.00509
28	0.00943	0.01001	0.06411	0.21522	0.39585	0.04144	0.10266	0.04366	0.00932	0.01268	0.02211	0.01081	0.02059	0.00400	0.00424	0.00126	0.02118	0.00377	0.00207	0.00559
29	0.00693	0.00571	0.03394	0.09161	0.05839	0.00512	0.02838	0.00872	0.03148	0.08042	0.06416	0.15649	0.37148	0.00883	0.01929	0.00146	0.00315	0.01683	0.00343	0.00418
30	0.01792	0.00694	0.00938	0.00719	0.01030	0.00607	0.00594	0.04096	0.01168	0.81512	0.01566	0.01354	0.00984	0.00496	0.00403	0.00124	0.00344	0.00402	0.00494	0.00683
31	0.02489	0.01561	0.01341	0.01117	0.01366	0.52273	0.15483	0.10636	0.02005	0.02370	0.00758	0.01849	0.00620	0.00438	0.00414	0.00116	0.02682	0.01740	0.00239	0.00504
32	0.01348	0.01103	0.06028	0.00904	0.01216	0.01149	0.00768	0.54815	0.23060	0.03677	0.01136	0.01103	0.00820	0.00492	0.00402	0.00125	0.00416	0.00382	0.00391	0.00664
33	0.06174	0.01099	0.06969	0.03238	0.01905	0.01000	0.62261	0.05549	0.03620	0.01393	0.02269	0.01083	0.00670	0.00367	0.00447	0.00133	0.00614	0.00443	0.00224	0.00543
34	0.01102	0.07659	0.17897	0.00816	0.01129	0.06893	0.03356	0.07407	0.07445	0.19893	0.06442	0.04310	0.12792	0.00571	0.00405	0.00124	0.00411	0.00466	0.00335	0.00548
35	0.01509	0.00671	0.00858	0.00687	0.00954	0.00618	0.00553	0.03253	0.11145	0.60032	0.01772	0.01664	0.08147	0.05620	0.00507	0.00142	0.00331	0.00458	0.00458	0.00621
36	0.00494	0.00402	0.00420	0.00421	0.00533	0.00347	0.00303	0.00587	0.00881	0.01074	0.08349	0.06273	0.65582	0.11762	0.00674	0.00168	0.00227	0.00815	0.00360	0.00328
37	0.00973	0.36459	0.33964	0.04395	0.01414	0.03629	0.03633	0.01249	0.00853	0.03894	0.00681	0.00793	0.00537	0.00365	0.00329	0.00106	0.00503	0.00270	0.00188	0.05765
38	0.02395	0.11933	0.39235	0.01214	0.11413	0.00992	0.09089	0.04577	0.03576	0.08130	0.00916	0.01013	0.02938	0.00406	0.00381	0.00122	0.00515	0.00342	0.00228	0.00586
39	0.00640	0.00534	0.00684	0.00672	0.00744	0.05499	0.00517	0.00771	0.00690	0.00955	0.03725	0.04410	0.01115	0.05949	0.66489	0.00547	0.05016	0.00455	0.00226	0.00363
40	0.01468	0.01794	0.03442	0.01007	0.01227	0.74148	0.00779	0.01587	0.01122	0.05909	0.00731	0.00893	0.00605	0.00441	0.00371	0.00108	0.00685	0.02976	0.00228	0.00478
41	0.01082	0.11542	0.23334	0.12998	0.09947	0.05445	0.03496	0.03186	0.03690	0.15033	0.00880	0.00980	0.00644	0.00399	0.00372	0.00117	0.00490	0.00326	0.00249	0.05790
42	0.03852	0.08846	0.17933	0.04931	0.09768	0.03342	0.26417	0.15019	0.01061	0.02186	0.00807	0.02557	0.00627	0.00398	0.00403	0.00124	0.00550	0.00378	0.00233	0.00570
43	0.02298	0.00599	0.03518	0.00702	0.03445	0.01530	0.05325	0.00905	0.03217	0.08700	0.11517	0.13756	0.28509	0.05298	0.00583	0.00153	0.04048	0.05131	0.00350	0.00415
44	0.10406	0.10023	0.20233	0.03117	0.07547	0.02532	0.03000	0.06780	0.08589	0.10548	0.01066	0.04392	0.00855	0.00518	0.00416	0.00140	0.00475	0.00389	0.00313	0.08662
45	0.11115	0.05394	0.14219	0.01040	0.10625	0.10752	0.07047	0.03028	0.03441	0.08490	0.02526	0.01269	0.06056	0.06376	0.01808	0.00146	0.02243	0.00379	0.00256	0.03791
46	0.01114	0.25336	0.12692	0.00962	0.06008	0.10922	0.03589	0.10432	0.08011	0.06477	0.03575	0.05683	0.00859	0.00473	0.00383	0.00115	0.02187	0.00368	0.00264	0.00551

[dist]
# distance from previous block
# <min> <max>
3	47

[block]
# block no. 1 follows, 67 sequences, length 7
# corresponding to MSA columns:
# 143-149
name=unknown_B
#
# <colnr> <probs for GDERKNQSTAVLIFYWHMCP>
#	G	D	E	R	K	N	Q	S	T	A	V	L	I	F	Y	W	H	M	C	P
0	0.13839	0.04076	0.01174	0.04015	0.22147	0.04086	0.04696	0.17027	0.07377	0.02971	0.01178	0.04650	0.06269	0.00517	0.00391	0.00127	0.00417	0.04202	0.00292	0.00550
1	0.01255	0.03418	0.01187	0.01228	0.21689	0.08785	0.02325	0.15481	0.11814	0.18437	0.05747	0.03193	0.02636	0.00496	0.00403	0.00122	0.00421	0.00417	0.00343	0.00604
2	0.09348	0.28794	0.06579	0.00827	0.01142	0.01092	0.09172	0.07868	0.11145	0.06945	0.00960	0.07004	0.00810	0.00457	0.00348	0.00113	0.00412	0.00369	0.00271	0.06345
3	0.00805	0.20726	0.00941	0.00551	0.00772	0.00720	0.00464	0.05011	0.00980	0.06825	0.13878	0.02375	0.34811	0.00699	0.00398	0.00114	0.00285	0.00568	0.00332	0.08746
4	0.44391	0.00811	0.08496	0.00669	0.04089	0.00762	0.00551	0.06358	0.00834	0.01560	0.05128	0.07099	0.10485	0.06682	0.00460	0.00147	0.00334	0.00426	0.00281	0.00439
5	0.29145	0.00980	0.07569	0.00856	0.01116	0.04753	0.09438	0.11076	0.10852	0.04694	0.00973	0.08934	0.00826	0.00517	0.00434	0.00133	0.06499	0.00403	0.00289	0.00514
6	0.00702	0.00532	0.00693	0.04598	0.00794	0.00556	0.04549	0.06171	0.06443	0.01091	0.05277	0.02440	0.03614	0.45717	0.07318	0.00309	0.00442	0.08119	0.00283	0.00353

[dist]
# distance from previous block
# <min> <max>
1	3

[block]
# block no. 2 follows, 67 sequences, length 30
# corresponding to MSA columns:
# 153-182
name=unknown_C
#
# <colnr> <probs for GDERKNQSTAVLIFYWHMCP>
#	G	D	E	R	K	N	Q	S	T	A	V	L	I	F	Y	W	H	M	C	P
0	0.00707	0.00534	0.00674	0.00641	0.01968	0.02564	0.03121	0.07404	0.00786	0.02383	0.03155	0.07322	0.04624	0.35062	0.26893	0.00391	0.00601	0.00549	0.00266	0.00355
1	0.02273	0.00653	0.00792	0.10412	0.02149	0.00711	0.00576	0.21175	0.07289	0.01426	0.01450	0.24631	0.02440	0.16369	0.03097	0.00201	0.00387	0.03195	0.00327	0.00446
2	0.00956	0.00913	0.01529	0.12452	0.67292	0.00943	0.01174	0.01210	0.02516	0.01272	0.00759	0.01004	0.00630	0.00375	0.00422	0.00121	0.02926	0.00356	0.00201	0.02949
3	0.00903	0.00771	0.00832	0.03531	0.01010	0.00863	0.00591	0.04480	0.59285	0.01558	0.01926	0.05940	0.12854	0.00632	0.00419	0.00135	0.00308	0.00531	0.00389	0.03043
4	0.00538	0.00468	0.00493	0.00520	0.02978	0.03216	0.00368	0.00650	0.00919	0.01127	0.11337	0.11917	0.59223	0.01048	0.03251	0.00153	0.00259	0.00817	0.00363	0.00355
5	0.00894	0.06445	0.00922	0.00606	0.00959	0.00608	0.00495	0.01068	0.00846	0.05238	0.00744	0.00845	0.00608	0.00310	0.00299	0.00064	0.00308	0.00244	0.00246	0.78252
6	0.00825	0.08663	0.77423	0.01107	0.01680	0.00983	0.01419	0.01265	0.00844	0.01244	0.00707	0.00831	0.00509	0.00378	0.00371	0.00124	0.00580	0.00290	0.00170	0.00587
7	0.00583	0.00389	0.00437	0.00437	0.00437	0.00389	0.00243	0.00583	0.00583	0.00778	0.01264	0.02624	0.01458	0.85906	0.02041	0.00389	0.00389	0.00583	0.00243	0.00243
8	0.00840	0.01940	0.75300	0.01119	0.01677	0.00913	0.03264	0.02990	0.00888	0.03356	0.03549	0.00940	0.00637	0.00400	0.00387	0.00127	0.00571	0.00319	0.00192	0.00588
9	0.88738	0.00776	0.00589	0.00527	0.00776	0.00900	0.00434	0.01179	0.00683	0.01799	0.00558	0.00651	0.00434	0.00372	0.00248	0.00124	0.00310	0.00217	0.00248	0.00434
10	0.01101	0.57528	0.15665	0.00820	0.01184	0.13669	0.00835	0.03242	0.00894	0.01043	0.00604	0.00697	0.00518	0.00363	0.00297	0.00096	0.00500	0.00238	0.00182	0.00525
11	0.00698	0.00575	0.00833	0.05541	0.18806	0.00573	0.00620	0.00964	0.06565	0.01506	0.53747	0.02369	0.04233	0.00681	0.00448	0.00126	0.00280	0.00609	0.00371	0.00455
12	0.01498	0.01911	0.01137	0.01033	0.01240	0.84295	0.00775	0.01601	0.01137	0.00982	0.00620	0.00723	0.00517	0.00413	0.00362	0.00103	0.00723	0.00258	0.00207	0.00465
13	0.00832	0.00713	0.00832	0.00594	0.00950	0.00535	0.00475	0.01010	0.00832	0.01307	0.00713	0.00832	0.00594	0.00297	0.00297	0.00059	0.00297	0.00238	0.00238	0.88357
14	0.00950	0.02388	0.10280	0.01796	0.51441	0.02365	0.01045	0.02598	0.00964	0.05364	0.11109	0.01390	0.05629	0.00463	0.00406	0.00121	0.00435	0.00421	0.00253	0.00581
15	0.00998	0.00862	0.00907	0.00816	0.01043	0.00998	0.00635	0.02131	0.82679	0.01678	0.01632	0.01496	0.01224	0.00544	0.00408	0.00136	0.00317	0.00453	0.00408	0.00635
16	0.88738	0.00776	0.00589	0.00527	0.00776	0.00900	0.00434	0.01179	0.00683	0.01799	0.00558	0.00651	0.00434	0.00372	0.00248	0.00124	0.00310	0.00217	0.00248	0.00434
17	0.00804	0.02074	0.83828	0.01143	0.01736	0.00931	0.01482	0.01270	0.00847	0.01270	0.00720	0.00847	0.00508	0.00381	0.00381	0.00127	0.00593	0.00296	0.00169	0.00593
18	0.00602	0.00512	0.00696	0.21484	0.04012	0.00523	0.00567	0.00797	0.02687	0.01247	0.26861	0.02758	0.34209	0.00771	0.00451	0.00132	0.00293	0.00663	0.00340	0.00394
19	0.75021	0.00954	0.00675	0.00607	0.00849	0.14013	0.00488	0.01245	0.00754	0.01671	0.00568	0.00663	0.00447	0.00379	0.00266	0.00121	0.00375	0.00224	0.00242	0.00439
20	0.88738	0.00776	0.00589	0.00527	0.00776	0.00900	0.00434	0.01179	0.00683	0.01799	0.00558	0.00651	0.00434	0.00372	0.00248	0.00124	0.00310	0.00217	0.00248	0.00434
21	0.00832	0.00713	0.00832	0.00594	0.00950	0.00535	0.00475	0.01010	0.00832	0.01307	0.00713	0.00832	0.00594	0.00297	0.00297	0.00059	0.00297	0.00238	0.00238	0.88357
22	0.00984	0.00944	0.01612	0.05601	0.80335	0.00951	0.01226	0.01223	0.00909	0.01299	0.00753	0.00996	0.00631	0.00359	0.00397	0.00120	0.00479	0.00357	0.00198	0.00628
23	0.00947	0.01082	0.02366	0.01690	0.02096	0.01014	0.81947	0.01285	0.00947	0.01285	0.00811	0.01082	0.00609	0.00338	0.00473	0.00135	0.00676	0.00473	0.00203	0.00541
24	0.01045	0.77683	0.10329	0.00732	0.01100	0.01521	0.00766	0.01208	0.00818	0.00976	0.00574	0.00664	0.00514	0.00347	0.00270	0.00090	0.00445	0.00223	0.00171	0.00523
25	0.00832	0.00713	0.00832	0.00594	0.00950	0.00535	0.00475	0.01010	0.00832	0.01307	0.00713	0.00832	0.00594	0.00297	0.00297	0.00059	0.00297	0.00238	0.00238	0.88357
26	0.00516	0.00379	0.00488	0.00569	0.00606	0.00363	0.00385	0.00645	0.05265	0.01061	0.02223	0.79061	0.04512	0.01212	0.00505	0.00161	0.00237	0.01095	0.00374	0.00343
27	0.00857	0.00815	0.01383	0.49941	0.36983	0.00917	0.01163	0.01112	0.00849	0.01146	0.00730	0.01037	0.00577	0.00382	0.00399	0.00127	0.00510	0.00357	0.00187	0.00526
28	0.00845	0.00835	0.01187	0.04143	0.01108	0.02370	0.03732	0.00954	0.00644	0.00972	0.00620	0.00998	0.00599	0.02370	0.10656	0.00228	0.66758	0.00367	0.00183	0.00431
29	0.67720	0.00905	0.03251	0.00625	0.00886	0.05083	0.00525	0.07192	0.07903	0.01785	0.00689	0.00757	0.00527	0.00397	0.00283	0.00124	0.00350	0.00253	0.00269	0.00476

[dist]
# distance from previous block
# <min> <max>
0	2

[block]
# block no. 3 follows, 67 sequences, length 11
# corresponding to MSA columns:
# 185-195
name=unknown_D
#
# <colnr> <probs for GDERKNQSTAVLIFYWHMCP>
#	G	D	E	R	K	N	Q	S	T	A	V	L	I	F	Y	W	H	M	C	P
0	0.00996	0.62186	0.25394	0.00816	0.01231	0.01400	0.00913	0.01221	0.00824	0.01037	0.00604	0.00701	0.00513	0.00354	0.00293	0.00098	0.00476	0.00238	0.00171	0.00537
1	0.00639	0.00386	0.00579	0.00579	0.00612	0.00419	0.00419	0.00612	0.00579	0.00806	0.00872	0.01385	0.00839	0.02143	0.40010	0.47595	0.00686	0.00386	0.00193	0.00260
2	0.01460	0.01066	0.01149	0.00898	0.01205	0.01179	0.00736	0.66955	0.13602	0.05937	0.01087	0.01058	0.00774	0.00491	0.00402	0.00123	0.00419	0.00376	0.00406	0.00675
3	0.00580	0.00402	0.00506	0.00506	0.00530	0.00426	0.00328	0.00627	0.00604	0.00828	0.01201	0.02277	0.01307	0.58479	0.29262	0.00473	0.00616	0.00532	0.00234	0.00281
4	0.01498	0.01911	0.01137	0.01033	0.01240	0.84295	0.00775	0.01601	0.01137	0.00982	0.00620	0.00723	0.00517	0.00413	0.00362	0.00103	0.00723	0.00258	0.00207	0.00465
5	0.88738	0.00776	0.00589	0.00527	0.00776	0.00900	0.00434	0.01179	0.00683	0.01799	0.00558	0.00651	0.00434	0.00372	0.00248	0.00124	0.00310	0.00217	0.00248	0.00434
6	0.00757	0.00713	0.01203	0.84942	0.02762	0.00891	0.01114	0.01025	0.00802	0.01025	0.00713	0.01069	0.00535	0.00401	0.00401	0.00134	0.00535	0.00356	0.00178	0.00446
7	0.00692	0.00491	0.00599	0.00554	0.00677	0.00486	0.00421	0.01034	0.14427	0.04411	0.61629	0.02595	0.03087	0.00740	0.00447	0.00125	0.00215	0.00646	0.06292	0.00430
8	0.00873	0.00753	0.00788	0.00718	0.00923	0.00840	0.00556	0.01760	0.63194	0.01536	0.02212	0.02059	0.20769	0.00656	0.00424	0.00136	0.00290	0.00547	0.00400	0.00564
9	0.01072	0.86147	0.02102	0.00686	0.01029	0.01587	0.00686	0.01201	0.00815	0.00944	0.00558	0.00643	0.00515	0.00343	0.00257	0.00086	0.00429	0.00214	0.00172	0.00515
10	0.00583	0.00389	0.00437	0.00437	0.00437	0.00389	0.00243	0.00583	0.00583	0.00778	0.01264	0.02624	0.01458	0.85906	0.02041	0.00389	0.00389	0.00583	0.00243	0.00243

[dist]
# distance from previous block
# <min> <max>
0	0

# created by:
# /st0/software/busco_prod/Augustus/scripts/msa2prfl.pl ./align_prep/35823.fa
