[name]
unknown

[dist]
# distance from previous block
# <min> <max>
8	32

[block]
# block no. 0 follows, 68 sequences, length 61
# corresponding to MSA columns:
# 39-99
name=unknown_A
#
# <colnr> <probs for GDERKNQSTAVLIFYWHMCP>
#	G	D	E	R	K	N	Q	S	T	A	V	L	I	F	Y	W	H	M	C	P
0	0.05018	0.22418	0.17572	0.05998	0.04468	0.10587	0.10526	0.05685	0.03605	0.01212	0.00795	0.06195	0.00687	0.00441	0.00390	0.00117	0.03199	0.00354	0.00214	0.00517
1	0.00602	0.01732	0.00552	0.00560	0.00638	0.01339	0.00401	0.00766	0.05967	0.04369	0.14804	0.47005	0.10767	0.02872	0.05530	0.00181	0.00291	0.00886	0.00369	0.00369
2	0.54197	0.04231	0.02455	0.00638	0.00895	0.02527	0.00533	0.11003	0.09632	0.06283	0.00831	0.03826	0.00656	0.00437	0.00303	0.00123	0.00340	0.00301	0.00293	0.00496
3	0.06091	0.04371	0.02798	0.02640	0.11781	0.06348	0.20387	0.20092	0.07876	0.07537	0.00929	0.02294	0.00707	0.00418	0.00395	0.00120	0.00485	0.00379	0.00287	0.04063
4	0.03194	0.03298	0.01135	0.04661	0.03452	0.08971	0.07080	0.23747	0.14862	0.14809	0.01258	0.01308	0.04995	0.00582	0.03304	0.00141	0.00455	0.01822	0.00346	0.00580
5	0.00574	0.00473	0.00559	0.00616	0.02550	0.04172	0.01649	0.00701	0.03545	0.01091	0.08252	0.52493	0.14848	0.03714	0.00532	0.00157	0.00268	0.03097	0.00356	0.00353
6	0.00701	0.00614	0.02615	0.02335	0.00764	0.06254	0.00475	0.08407	0.04721	0.01176	0.03567	0.45434	0.08910	0.09778	0.00643	0.00171	0.01891	0.00823	0.00337	0.00383
7	0.04860	0.10295	0.15239	0.07105	0.05683	0.07462	0.29204	0.07518	0.00982	0.06751	0.00787	0.00944	0.00588	0.00375	0.00393	0.00122	0.00558	0.00358	0.00226	0.00548
8	0.04372	0.03223	0.04069	0.28521	0.21587	0.00953	0.14280	0.10276	0.02514	0.01350	0.02523	0.02036	0.01715	0.00410	0.00401	0.00126	0.00499	0.00385	0.00226	0.00533
9	0.00934	0.01030	0.01934	0.05184	0.05103	0.04313	0.52033	0.01191	0.00854	0.01170	0.00718	0.01002	0.00576	0.00430	0.00664	0.00142	0.21604	0.00420	0.00193	0.00506
10	0.02101	0.01940	0.03345	0.02744	0.07047	0.14822	0.02418	0.34697	0.06815	0.05809	0.01140	0.03204	0.05543	0.02022	0.02693	0.00139	0.02231	0.00397	0.00323	0.00569
11	0.02380	0.19314	0.16044	0.06049	0.06883	0.15237	0.08659	0.05974	0.02819	0.03723	0.03449	0.03853	0.02106	0.00440	0.00378	0.00115	0.01473	0.00354	0.00228	0.00522
12	0.00859	0.01593	0.46245	0.01334	0.01816	0.02297	0.34102	0.01247	0.00875	0.01246	0.00771	0.02577	0.00584	0.00383	0.00435	0.00130	0.02384	0.00381	0.00185	0.00555
13	0.00491	0.00354	0.00467	0.00552	0.00584	0.00332	0.00376	0.00567	0.00768	0.01018	0.02243	0.75854	0.06697	0.02154	0.02216	0.00172	0.00252	0.04214	0.00363	0.00324
14	0.01178	0.09080	0.10544	0.05218	0.13698	0.10785	0.04939	0.22115	0.05300	0.07350	0.00939	0.05416	0.00754	0.00459	0.00386	0.00119	0.00482	0.00377	0.00282	0.00578
15	0.01020	0.08441	0.16207	0.02609	0.01215	0.05625	0.03475	0.05873	0.36225	0.06532	0.01229	0.02238	0.02010	0.00611	0.04801	0.00152	0.00456	0.00392	0.00312	0.00577
16	0.00936	0.01070	0.02340	0.01671	0.02072	0.01003	0.82152	0.01270	0.00936	0.01270	0.00802	0.01070	0.00602	0.00334	0.00468	0.00134	0.00668	0.00468	0.00201	0.00535
17	0.00485	0.00348	0.00458	0.00545	0.00571	0.00324	0.00363	0.00553	0.00760	0.01009	0.02223	0.81538	0.05113	0.02986	0.00536	0.00165	0.00232	0.01107	0.00365	0.00321
18	0.01186	0.01070	0.06527	0.02758	0.07765	0.05017	0.28686	0.18634	0.07141	0.13107	0.01019	0.02707	0.00760	0.00435	0.00422	0.00127	0.00515	0.01235	0.00300	0.00590
19	0.00589	0.00446	0.00598	0.00598	0.03874	0.00414	0.02084	0.00777	0.02591	0.02443	0.58414	0.09537	0.14457	0.00835	0.00466	0.00129	0.00218	0.00738	0.00407	0.00386
20	0.00572	0.00385	0.00438	0.00440	0.00446	0.00385	0.00252	0.00580	0.00590	0.00785	0.01329	0.04275	0.03413	0.79855	0.04394	0.00381	0.00397	0.00589	0.00245	0.00248
21	0.00925	0.01022	0.02150	0.09205	0.11838	0.00985	0.65285	0.01241	0.00919	0.01250	0.00787	0.01058	0.00598	0.00342	0.00453	0.00132	0.00632	0.00444	0.00198	0.00537
22	0.02346	0.11185	0.18189	0.00993	0.02167	0.14042	0.07401	0.26556	0.03830	0.06271	0.02759	0.00947	0.00691	0.00426	0.00376	0.00116	0.00511	0.00332	0.00281	0.00581
23	0.03614	0.00722	0.01053	0.21837	0.09240	0.02324	0.03975	0.02847	0.00996	0.37054	0.04602	0.04661	0.04294	0.00506	0.00405	0.00127	0.00403	0.00436	0.00348	0.00556
24	0.00482	0.00348	0.00457	0.00545	0.00573	0.00323	0.00365	0.00553	0.00766	0.01015	0.02278	0.81676	0.06693	0.01230	0.00504	0.00160	0.00229	0.01113	0.00368	0.00323
25	0.00705	0.00492	0.00583	0.00563	0.02230	0.00460	0.00418	0.03868	0.06725	0.08949	0.26289	0.09724	0.33996	0.00858	0.00458	0.00133	0.00237	0.02498	0.00399	0.00416
26	0.01965	0.03589	0.13417	0.01089	0.04390	0.34850	0.09892	0.11278	0.01110	0.07741	0.02234	0.00949	0.01562	0.00471	0.01890	0.00125	0.02338	0.00330	0.00249	0.00531
27	0.00576	0.00385	0.00437	0.00437	0.00439	0.00387	0.00246	0.00580	0.00578	0.00772	0.01245	0.02571	0.01431	0.84184	0.03885	0.00390	0.00400	0.00573	0.00240	0.00243
28	0.04207	0.00715	0.00976	0.00844	0.06664	0.00661	0.03199	0.08845	0.01141	0.56581	0.05125	0.04806	0.03326	0.00530	0.00405	0.00124	0.00350	0.00444	0.00435	0.00623
29	0.01006	0.06078	0.05746	0.06650	0.36898	0.09669	0.05932	0.08289	0.02377	0.01313	0.03446	0.05748	0.02149	0.00457	0.00417	0.00121	0.02513	0.00402	0.00233	0.00554
30	0.02343	0.20113	0.34750	0.01129	0.10744	0.01036	0.07139	0.05622	0.00911	0.02959	0.03681	0.01054	0.03950	0.01519	0.00396	0.00120	0.01431	0.00340	0.00212	0.00551
31	0.00867	0.00871	0.01168	0.01010	0.01023	0.04105	0.00836	0.00958	0.00628	0.00952	0.00564	0.00913	0.00555	0.00854	0.07465	0.00206	0.76070	0.00350	0.00177	0.00429
32	0.16465	0.01328	0.04074	0.05004	0.05661	0.36143	0.00751	0.11434	0.01083	0.09836	0.00757	0.00838	0.00574	0.00418	0.00372	0.00114	0.02453	0.00289	0.00261	0.02146
33	0.01118	0.16730	0.15831	0.04597	0.19878	0.11027	0.06146	0.12301	0.01035	0.05230	0.00754	0.00882	0.00586	0.00391	0.00381	0.00114	0.01885	0.00315	0.00228	0.00571
34	0.00862	0.11042	0.65996	0.01090	0.01621	0.00998	0.05512	0.02605	0.03290	0.02358	0.00741	0.00855	0.00538	0.00378	0.00370	0.00122	0.00559	0.00300	0.00184	0.00579
35	0.00478	0.00383	0.00428	0.00463	0.00557	0.00334	0.00334	0.00570	0.00854	0.01054	0.03328	0.32357	0.53131	0.01089	0.00484	0.00145	0.00215	0.03097	0.00368	0.00331
36	0.02672	0.00865	0.03523	0.24645	0.30198	0.02563	0.05089	0.07345	0.03398	0.01314	0.04594	0.01397	0.04985	0.00473	0.00418	0.00128	0.01396	0.04231	0.00240	0.00526
37	0.03533	0.06548	0.17983	0.05143	0.05087	0.16249	0.04686	0.15444	0.05219	0.12615	0.00927	0.03222	0.00701	0.00442	0.00379	0.00119	0.00505	0.00348	0.00280	0.00569
38	0.01367	0.13331	0.04480	0.00955	0.01195	0.62408	0.00767	0.05934	0.01110	0.01082	0.03469	0.00799	0.00630	0.00415	0.00350	0.00102	0.00637	0.00272	0.00217	0.00480
39	0.02191	0.02341	0.05220	0.00658	0.00967	0.00612	0.00556	0.05773	0.00927	0.16005	0.01074	0.09600	0.02376	0.00463	0.00366	0.00092	0.02035	0.00377	0.00300	0.48066
40	0.00927	0.15447	0.38699	0.02274	0.13755	0.01043	0.09670	0.04416	0.02398	0.02723	0.02293	0.00919	0.00622	0.00388	0.00397	0.00120	0.02813	0.00324	0.00200	0.00570
41	0.00575	0.00393	0.00454	0.00462	0.00480	0.00388	0.00278	0.02094	0.00665	0.00887	0.05391	0.15568	0.04322	0.64520	0.01630	0.00324	0.00346	0.00673	0.00276	0.00270
42	0.00837	0.00742	0.01228	0.71269	0.08541	0.00888	0.02399	0.04024	0.00856	0.04373	0.00752	0.01059	0.00560	0.00399	0.00397	0.00130	0.00516	0.00356	0.00199	0.00474
43	0.03308	0.00960	0.01823	0.07255	0.03381	0.14012	0.01723	0.17766	0.10840	0.16028	0.05203	0.04129	0.05297	0.00563	0.00419	0.00127	0.01558	0.04715	0.00348	0.00545
44	0.00952	0.01291	0.23324	0.02944	0.46124	0.05361	0.09084	0.01277	0.03500	0.01273	0.00762	0.00955	0.00603	0.00367	0.00394	0.00121	0.00529	0.00346	0.00196	0.00597
45	0.00576	0.00385	0.00436	0.00435	0.00438	0.00384	0.00245	0.00583	0.00596	0.00798	0.04154	0.02608	0.01523	0.83051	0.01963	0.00375	0.00377	0.00582	0.00247	0.00245
46	0.00968	0.00729	0.00827	0.00729	0.00924	0.04420	0.03144	0.15124	0.17110	0.09620	0.09146	0.07401	0.15044	0.00771	0.02072	0.00146	0.00352	0.10587	0.00382	0.00502
47	0.00915	0.01093	0.10483	0.20169	0.22684	0.04972	0.28284	0.01202	0.00882	0.01192	0.00737	0.00995	0.00574	0.00374	0.00449	0.00128	0.03761	0.00380	0.00190	0.00536
48	0.00574	0.00435	0.00547	0.00599	0.00701	0.00413	0.00493	0.00742	0.02715	0.01165	0.06753	0.10964	0.28690	0.01052	0.00511	0.00161	0.00290	0.42465	0.00371	0.00358
49	0.00783	0.00416	0.00423	0.00406	0.00512	0.00423	0.00309	0.05959	0.00901	0.01544	0.02822	0.01474	0.01047	0.00469	0.00288	0.00095	0.00200	0.00375	0.81166	0.00389
50	0.01194	0.00998	0.05440	0.05844	0.01345	0.03917	0.12572	0.31350	0.06971	0.10857	0.01180	0.05794	0.04251	0.00556	0.01522	0.00135	0.04727	0.00439	0.00332	0.00576
51	0.01307	0.00940	0.01088	0.02042	0.04958	0.04690	0.03912	0.42747	0.04867	0.13662	0.06368	0.08550	0.01928	0.00558	0.00413	0.00124	0.00406	0.00461	0.00381	0.00599
52	0.00500	0.00396	0.00422	0.00423	0.00521	0.00348	0.00298	0.00587	0.00850	0.01054	0.10743	0.06690	0.55823	0.18678	0.00792	0.00186	0.00239	0.00783	0.00348	0.00318
53	0.86147	0.00802	0.00600	0.00537	0.00781	0.03490	0.00440	0.01179	0.00689	0.01754	0.00554	0.00646	0.00432	0.00369	0.00249	0.00122	0.00319	0.00216	0.00244	0.00430
54	0.00518	0.00405	0.00472	0.00463	0.00575	0.00358	0.00351	0.00661	0.01000	0.01310	0.39811	0.05226	0.42019	0.00926	0.00472	0.00132	0.00203	0.04347	0.00399	0.00354
55	0.01083	0.77400	0.01968	0.00701	0.01030	0.07614	0.00678	0.01210	0.00829	0.00947	0.00561	0.00648	0.00511	0.00343	0.00263	0.00085	0.00441	0.00216	0.00174	0.03297
56	0.00843	0.00700	0.00814	0.00594	0.00923	0.00549	0.00471	0.03536	0.02250	0.02387	0.02738	0.00966	0.00715	0.03714	0.00373	0.00077	0.00300	0.00270	0.00251	0.77529
57	0.00522	0.00380	0.00484	0.00553	0.00597	0.00359	0.00377	0.03789	0.00816	0.01076	0.02300	0.75136	0.09751	0.01191	0.00498	0.00157	0.00236	0.01071	0.00369	0.00337
58	0.01052	0.07880	0.14481	0.03513	0.03017	0.05821	0.06302	0.16294	0.04538	0.09951	0.08620	0.06545	0.02809	0.02108	0.02693	0.00140	0.00448	0.00441	0.02814	0.00533
59	0.02643	0.00471	0.00557	0.00576	0.00665	0.02153	0.00418	0.05021	0.02292	0.05049	0.12032	0.47283	0.11730	0.01102	0.03762	0.00166	0.00287	0.03043	0.00372	0.00378
60	0.00859	0.00625	0.00675	0.00619	0.00728	0.04724	0.00444	0.16644	0.03180	0.05622	0.06586	0.17722	0.01580	0.32241	0.04413	0.00247	0.00392	0.01977	0.00324	0.00399

[dist]
# distance from previous block
# <min> <max>
4	30

[block]
# block no. 1 follows, 68 sequences, length 38
# corresponding to MSA columns:
# 130-167
name=unknown_B
#
# <colnr> <probs for GDERKNQSTAVLIFYWHMCP>
#	G	D	E	R	K	N	Q	S	T	A	V	L	I	F	Y	W	H	M	C	P
0	0.02416	0.21883	0.05916	0.04418	0.16271	0.11970	0.02544	0.08906	0.05748	0.03540	0.02561	0.00922	0.00674	0.00435	0.00459	0.00117	0.10130	0.00318	0.00231	0.00541
1	0.03328	0.06215	0.06299	0.02179	0.06260	0.07006	0.00617	0.02852	0.08350	0.03139	0.26448	0.04082	0.08040	0.00632	0.00409	0.00120	0.00338	0.05282	0.00328	0.08077
2	0.01131	0.21931	0.12495	0.00928	0.01227	0.31007	0.05879	0.05112	0.03689	0.01149	0.03004	0.01102	0.03008	0.00449	0.00359	0.00109	0.00544	0.04268	0.00225	0.02386
3	0.02481	0.47582	0.20889	0.00848	0.01215	0.17026	0.00873	0.01297	0.02656	0.01044	0.00623	0.00716	0.00522	0.00366	0.00305	0.00099	0.00512	0.00244	0.00182	0.00519
4	0.00614	0.00457	0.00621	0.08321	0.06024	0.00488	0.00438	0.00685	0.00634	0.00862	0.01148	0.03915	0.01236	0.53298	0.19264	0.00393	0.00544	0.00521	0.00228	0.00309
5	0.02613	0.00570	0.00685	0.02279	0.00775	0.06003	0.00508	0.02930	0.02414	0.01000	0.02216	0.01660	0.04529	0.11577	0.54817	0.00485	0.03897	0.00442	0.00232	0.00368
6	0.00760	0.00720	0.00672	0.00648	0.00745	0.17179	0.00478	0.00906	0.03977	0.01010	0.07435	0.03837	0.08049	0.16114	0.33432	0.00365	0.00674	0.00489	0.02144	0.00366
7	0.15606	0.04668	0.35994	0.04162	0.01481	0.06447	0.10519	0.05444	0.00902	0.06987	0.00746	0.00867	0.00546	0.00396	0.00397	0.00124	0.03640	0.00310	0.00221	0.00542
8	0.00486	0.00362	0.00453	0.00516	0.00568	0.00329	0.00354	0.00572	0.00820	0.01072	0.09263	0.61563	0.19883	0.01156	0.00495	0.00152	0.00220	0.01032	0.00374	0.00329
9	0.07902	0.00629	0.00716	0.00589	0.00807	0.00625	0.00476	0.14460	0.01096	0.31264	0.01279	0.01284	0.00904	0.00467	0.00338	0.00110	0.00289	0.00366	0.35866	0.00533
10	0.00544	0.00399	0.00499	0.00493	0.00585	0.00364	0.00368	0.00703	0.01027	0.01416	0.55047	0.12529	0.17309	0.00894	0.00470	0.00132	0.00201	0.03723	0.02938	0.00361
11	0.00888	0.00911	0.05508	0.32279	0.50315	0.00919	0.01187	0.01145	0.00860	0.01191	0.00729	0.01002	0.00586	0.00370	0.00393	0.00123	0.00497	0.00350	0.00188	0.00558
12	0.00517	0.00410	0.00468	0.00470	0.00583	0.00365	0.00356	0.00663	0.02361	0.01234	0.26444	0.09485	0.47713	0.00964	0.00475	0.00137	0.00212	0.06402	0.00388	0.00352
13	0.00512	0.00405	0.00459	0.00453	0.00563	0.00360	0.00339	0.00637	0.00939	0.01204	0.26905	0.03435	0.49152	0.06001	0.03701	0.00167	0.00246	0.03805	0.00375	0.00343
14	0.00804	0.01993	0.79174	0.01162	0.01737	0.00926	0.06244	0.01257	0.00843	0.01257	0.00717	0.00851	0.00508	0.00374	0.00382	0.00126	0.00591	0.00303	0.00169	0.00583
15	0.00556	0.00445	0.00533	0.00532	0.02508	0.00400	0.02328	0.00705	0.03346	0.02946	0.15317	0.09905	0.52021	0.03604	0.02928	0.00156	0.00255	0.00781	0.00366	0.00365
16	0.00771	0.00416	0.00427	0.00411	0.00517	0.00423	0.00312	0.04599	0.02867	0.01534	0.05321	0.01528	0.01140	0.00482	0.00295	0.00096	0.00199	0.00388	0.77886	0.00390
17	0.00900	0.00975	0.02696	0.39475	0.02205	0.08611	0.30156	0.01218	0.05281	0.01138	0.00775	0.01045	0.00589	0.00391	0.00443	0.00131	0.02894	0.00389	0.00200	0.00488
18	0.01020	0.06159	0.24738	0.04401	0.08240	0.07965	0.14705	0.06984	0.02310	0.08612	0.01022	0.04261	0.03598	0.00465	0.00414	0.00125	0.01688	0.02496	0.00247	0.00549
19	0.00939	0.00804	0.00856	0.00783	0.00991	0.00922	0.00608	0.01956	0.74448	0.01599	0.01712	0.05770	0.03196	0.00600	0.00414	0.00137	0.00309	0.02959	0.00400	0.00598
20	0.00918	0.00888	0.05440	0.39208	0.36017	0.00912	0.02250	0.04244	0.00896	0.04341	0.00765	0.01022	0.00592	0.00383	0.00395	0.00125	0.00499	0.00353	0.00205	0.00544
21	0.03097	0.63777	0.03818	0.00716	0.01045	0.06256	0.00684	0.04241	0.04903	0.02673	0.00654	0.00723	0.00561	0.00360	0.00281	0.00091	0.00429	0.00238	0.00203	0.05249
22	0.00617	0.02569	0.00625	0.00621	0.02481	0.00468	0.01847	0.02634	0.05114	0.02575	0.11992	0.28357	0.23906	0.00982	0.00479	0.00147	0.00267	0.13569	0.00369	0.00383
23	0.01447	0.01835	0.01105	0.01007	0.01206	0.81336	0.00756	0.01551	0.01105	0.00969	0.00630	0.00746	0.00529	0.00504	0.03501	0.00122	0.00728	0.00262	0.00205	0.00456
24	0.88866	0.00767	0.00583	0.00521	0.00767	0.00889	0.00429	0.01166	0.00675	0.01779	0.00552	0.00644	0.00429	0.00368	0.00245	0.00123	0.00307	0.00215	0.00245	0.00429
25	0.88866	0.00767	0.00583	0.00521	0.00767	0.00889	0.00429	0.01166	0.00675	0.01779	0.00552	0.00644	0.00429	0.00368	0.00245	0.00123	0.00307	0.00215	0.00245	0.00429
26	0.00502	0.00379	0.00466	0.00507	0.00580	0.00343	0.00364	0.00609	0.00880	0.01151	0.18424	0.41101	0.26825	0.01080	0.00490	0.00147	0.00220	0.05213	0.00381	0.00338
27	0.00513	0.00424	0.00454	0.00462	0.00584	0.00379	0.00346	0.00678	0.05758	0.01133	0.08178	0.13297	0.61348	0.00997	0.00472	0.00138	0.00216	0.03894	0.00374	0.00354
28	0.01386	0.00984	0.01132	0.02690	0.06657	0.01042	0.00735	0.54836	0.03814	0.11028	0.01013	0.02403	0.00740	0.00464	0.00388	0.00115	0.00409	0.00364	0.00373	0.09429
29	0.00544	0.00395	0.00496	0.00511	0.00576	0.00377	0.00366	0.00654	0.00857	0.01155	0.27030	0.18246	0.14106	0.18865	0.06967	0.00229	0.00317	0.07629	0.00351	0.00329
30	0.01084	0.21200	0.10466	0.03848	0.34033	0.06251	0.02004	0.09073	0.02997	0.04337	0.00759	0.00894	0.00608	0.00378	0.00358	0.00111	0.00479	0.00313	0.00222	0.00585
31	0.00860	0.16211	0.64577	0.01097	0.03470	0.02425	0.03633	0.01249	0.00841	0.01198	0.00686	0.00811	0.00509	0.00369	0.00359	0.00118	0.00561	0.00285	0.00170	0.00570
32	0.00500	0.00362	0.00469	0.00536	0.00578	0.00336	0.00369	0.00588	0.00815	0.01085	0.12026	0.63245	0.09714	0.03767	0.00546	0.00162	0.00232	0.03969	0.00372	0.00328
33	0.00698	0.00708	0.06881	0.07632	0.06398	0.00676	0.05881	0.00948	0.07858	0.01833	0.09330	0.24624	0.10465	0.00836	0.02604	0.00156	0.11076	0.00663	0.00299	0.00434
34	0.03433	0.03097	0.04471	0.07752	0.22156	0.04342	0.06990	0.25538	0.04147	0.05353	0.02905	0.01112	0.00767	0.04632	0.00472	0.00133	0.00464	0.00374	0.00284	0.01579
35	0.12431	0.02628	0.02768	0.18723	0.01235	0.02733	0.03890	0.04047	0.04958	0.01278	0.07129	0.08528	0.17659	0.00757	0.03629	0.00153	0.00390	0.05588	0.01053	0.00423
36	0.00524	0.00392	0.00507	0.00545	0.00595	0.00393	0.00385	0.00613	0.00760	0.01020	0.06163	0.43497	0.14717	0.08652	0.14625	0.00253	0.03415	0.00858	0.01756	0.00330
37	0.02932	0.01081	0.02520	0.02800	0.09063	0.24377	0.13370	0.04295	0.06278	0.03125	0.00979	0.02426	0.01942	0.21265	0.00789	0.00183	0.00526	0.00416	0.00243	0.01391

[dist]
# distance from previous block
# <min> <max>
3	19

[block]
# block no. 2 follows, 68 sequences, length 13
# corresponding to MSA columns:
# 187-199
name=unknown_C
#
# <colnr> <probs for GDERKNQSTAVLIFYWHMCP>
#	G	D	E	R	K	N	Q	S	T	A	V	L	I	F	Y	W	H	M	C	P
0	0.00595	0.00429	0.00518	0.02390	0.00645	0.00386	0.00377	0.00729	0.00954	0.05062	0.31916	0.08562	0.31671	0.07500	0.00584	0.00151	0.00235	0.03932	0.00380	0.02985
1	0.05372	0.05050	0.09038	0.02765	0.05552	0.06265	0.06191	0.20556	0.25663	0.02694	0.05992	0.01191	0.00966	0.00472	0.00389	0.00123	0.00428	0.00387	0.00322	0.00584
2	0.00874	0.09315	0.23954	0.06765	0.05729	0.00859	0.05729	0.04124	0.04609	0.05562	0.03393	0.04160	0.03363	0.02174	0.00475	0.00137	0.03833	0.11973	0.00259	0.02713
3	0.04175	0.12630	0.18850	0.01169	0.14632	0.12587	0.02772	0.09378	0.03667	0.07828	0.02267	0.00928	0.00662	0.00419	0.00414	0.00117	0.05183	0.00318	0.00243	0.01762
4	0.01048	0.75559	0.07100	0.00729	0.01068	0.03780	0.00737	0.01194	0.00809	0.00955	0.00562	0.00659	0.00509	0.00357	0.00304	0.00091	0.03637	0.00223	0.00171	0.00509
5	0.00539	0.00399	0.00456	0.00466	0.00573	0.00347	0.00340	0.00647	0.00910	0.04455	0.15478	0.23975	0.47968	0.01013	0.00475	0.00139	0.00211	0.00873	0.00383	0.00351
6	0.00812	0.04756	0.35227	0.01043	0.02763	0.01688	0.13502	0.01129	0.02579	0.03772	0.08104	0.08153	0.04815	0.00558	0.00480	0.00133	0.06434	0.03299	0.00244	0.00509
7	0.00926	0.01010	0.08291	0.08774	0.47358	0.03710	0.09199	0.02523	0.04099	0.01290	0.04226	0.01211	0.04766	0.00418	0.00405	0.00122	0.00482	0.00398	0.00222	0.00570
8	0.03814	0.00828	0.00988	0.00763	0.01062	0.00827	0.00629	0.32469	0.01387	0.46846	0.01293	0.01187	0.00852	0.00481	0.00388	0.00120	0.00367	0.00377	0.04668	0.00654
9	0.00514	0.00389	0.00459	0.00476	0.00568	0.00348	0.00348	0.00637	0.00929	0.01225	0.26306	0.23611	0.35106	0.00990	0.00473	0.00138	0.00208	0.03322	0.03607	0.00345
10	0.05739	0.12830	0.18948	0.02075	0.06136	0.11599	0.02024	0.14017	0.08952	0.08492	0.00933	0.02576	0.01587	0.00436	0.00363	0.00116	0.00473	0.00335	0.00272	0.02097
11	0.00831	0.03208	0.00809	0.00769	0.03310	0.04393	0.00609	0.11893	0.06005	0.02577	0.06019	0.09123	0.10148	0.00920	0.03635	0.00167	0.04921	0.28504	0.01720	0.00441
12	0.00494	0.00359	0.00468	0.00552	0.00591	0.00334	0.00383	0.00575	0.00785	0.01031	0.02350	0.71791	0.10175	0.01208	0.00506	0.00160	0.00238	0.07306	0.00368	0.00327

[dist]
# distance from previous block
# <min> <max>
4	6

[block]
# block no. 3 follows, 68 sequences, length 9
# corresponding to MSA columns:
# 207-215
name=unknown_D
#
# <colnr> <probs for GDERKNQSTAVLIFYWHMCP>
#	G	D	E	R	K	N	Q	S	T	A	V	L	I	F	Y	W	H	M	C	P
0	0.57116	0.01087	0.15547	0.00689	0.00993	0.07424	0.00656	0.05237	0.00815	0.03868	0.00654	0.00742	0.00493	0.00384	0.00290	0.00121	0.00392	0.00248	0.02768	0.00477
1	0.00544	0.00384	0.00477	0.00500	0.00529	0.00387	0.00326	0.00596	0.00656	0.00879	0.01634	0.23072	0.07258	0.42952	0.17711	0.00362	0.00467	0.00701	0.00275	0.00289
2	0.05318	0.09522	0.38887	0.01215	0.07491	0.01031	0.15516	0.05277	0.05111	0.01323	0.00755	0.00900	0.00572	0.00394	0.00427	0.00125	0.05039	0.00331	0.00203	0.00563
3	0.00580	0.00472	0.00558	0.00601	0.04891	0.00444	0.00418	0.02568	0.07179	0.01235	0.15833	0.17706	0.41525	0.00937	0.00467	0.00138	0.00237	0.03454	0.00373	0.00385
4	0.00548	0.00479	0.04894	0.00515	0.00604	0.00394	0.00393	0.00650	0.00806	0.01058	0.13257	0.16788	0.23114	0.27043	0.00951	0.00217	0.00294	0.07342	0.00327	0.00325
5	0.00961	0.06452	0.09796	0.05462	0.10346	0.10186	0.07558	0.04845	0.15434	0.03168	0.07744	0.02672	0.05081	0.02218	0.00424	0.00124	0.00439	0.00419	0.01797	0.04873
6	0.00521	0.00450	0.00450	0.00452	0.00568	0.03410	0.00332	0.00626	0.00912	0.01113	0.12978	0.12004	0.60137	0.03631	0.00517	0.00142	0.00227	0.00823	0.00366	0.00340
7	0.27197	0.01029	0.01027	0.16889	0.11688	0.19167	0.00778	0.03039	0.00882	0.08045	0.00707	0.00859	0.00547	0.00415	0.00404	0.00123	0.06185	0.00294	0.00236	0.00489
8	0.30769	0.04938	0.01079	0.03529	0.07224	0.21695	0.03356	0.13717	0.00998	0.01510	0.00653	0.00778	0.00521	0.00418	0.00404	0.00120	0.07273	0.00280	0.00242	0.00497

[dist]
# distance from previous block
# <min> <max>
0	2

[block]
# block no. 4 follows, 68 sequences, length 8
# corresponding to MSA columns:
# 219-226
name=unknown_E
#
# <colnr> <probs for GDERKNQSTAVLIFYWHMCP>
#	G	D	E	R	K	N	Q	S	T	A	V	L	I	F	Y	W	H	M	C	P
0	0.00968	0.03650	0.08437	0.05039	0.50252	0.00971	0.02662	0.07557	0.03645	0.01351	0.02654	0.02316	0.01954	0.00428	0.00457	0.00124	0.06350	0.00376	0.00224	0.00587
1	0.01013	0.02421	0.07222	0.10151	0.31277	0.11321	0.04959	0.08481	0.06315	0.01315	0.00896	0.05643	0.00774	0.00468	0.00439	0.00126	0.04189	0.02203	0.00236	0.00552
2	0.00603	0.00388	0.00535	0.00544	0.00583	0.00404	0.00387	0.00628	0.00656	0.00904	0.06561	0.06895	0.03882	0.17056	0.26370	0.26116	0.00544	0.04778	0.01886	0.00280
3	0.00492	0.00372	0.00435	0.00479	0.00554	0.00332	0.00336	0.00584	0.00837	0.01081	0.06268	0.44549	0.36159	0.01091	0.00479	0.00145	0.00214	0.00956	0.04305	0.00332
4	0.00898	0.00834	0.01385	0.32492	0.40967	0.00902	0.03835	0.05865	0.00934	0.01281	0.06123	0.01139	0.00796	0.00405	0.00402	0.00124	0.00478	0.00381	0.00216	0.00542
5	0.01247	0.01038	0.01012	0.00831	0.01048	0.12666	0.00654	0.46489	0.03461	0.01823	0.03051	0.01272	0.00874	0.14632	0.03918	0.00183	0.04542	0.00392	0.00328	0.00540
6	0.00721	0.00501	0.00598	0.00548	0.00672	0.00487	0.00410	0.08944	0.04420	0.06004	0.41375	0.09404	0.14815	0.08600	0.00599	0.00152	0.00249	0.00691	0.00400	0.00409
7	0.06022	0.00882	0.02574	0.00740	0.01050	0.04409	0.03262	0.18218	0.04966	0.01555	0.00841	0.04084	0.00697	0.00404	0.00367	0.00092	0.03006	0.00317	0.00277	0.46236

[dist]
# distance from previous block
# <min> <max>
0	7

[block]
# block no. 5 follows, 68 sequences, length 17
# corresponding to MSA columns:
# 234-249,255
name=unknown_F
#
# <colnr> <probs for GDERKNQSTAVLIFYWHMCP>
#	G	D	E	R	K	N	Q	S	T	A	V	L	I	F	Y	W	H	M	C	P
0	0.12458	0.04910	0.07415	0.02418	0.03638	0.17042	0.23833	0.05886	0.03600	0.01318	0.01085	0.02971	0.07220	0.00477	0.00397	0.00125	0.00522	0.03948	0.00244	0.00494
1	0.10139	0.03751	0.46131	0.01028	0.01469	0.13549	0.04689	0.08949	0.02368	0.03313	0.00738	0.00838	0.00540	0.00393	0.00364	0.00121	0.00552	0.00296	0.00216	0.00558
2	0.00490	0.00362	0.00452	0.00520	0.00567	0.00332	0.00356	0.00565	0.00783	0.01016	0.02502	0.61852	0.18979	0.05965	0.00585	0.00169	0.00237	0.03583	0.00361	0.00321
3	0.01327	0.04274	0.01112	0.00907	0.01161	0.27488	0.00717	0.29917	0.25839	0.01709	0.01029	0.01024	0.00777	0.00468	0.00381	0.00117	0.00487	0.00347	0.00330	0.00587
4	0.05797	0.03589	0.01161	0.09454	0.10719	0.21446	0.04352	0.12977	0.08515	0.04260	0.05235	0.01063	0.00816	0.01340	0.00402	0.00117	0.01449	0.00347	0.00272	0.06689
5	0.01077	0.82919	0.02039	0.00692	0.01026	0.04893	0.00682	0.01203	0.00818	0.00934	0.00554	0.00639	0.00509	0.00342	0.00259	0.00085	0.00436	0.00214	0.00171	0.00507
6	0.00935	0.01180	0.10356	0.01542	0.01922	0.03968	0.64545	0.01254	0.00906	0.01232	0.00763	0.01017	0.00582	0.00371	0.00523	0.00135	0.07611	0.00433	0.00195	0.00529
7	0.01104	0.00912	0.01078	0.04991	0.12702	0.06466	0.03366	0.19704	0.23746	0.07057	0.03153	0.04852	0.05903	0.00595	0.02447	0.00139	0.00418	0.00451	0.00341	0.00576
8	0.00902	0.00844	0.02279	0.03832	0.37707	0.03124	0.06602	0.01280	0.15432	0.02861	0.08198	0.05224	0.04416	0.00534	0.00422	0.00129	0.00413	0.04967	0.00282	0.00551
9	0.00568	0.00414	0.00479	0.00461	0.00582	0.00361	0.00346	0.00704	0.00994	0.05239	0.34831	0.06979	0.44778	0.00914	0.00467	0.00131	0.00203	0.00782	0.00401	0.00366
10	0.00518	0.00387	0.00518	0.00565	0.00610	0.00395	0.00400	0.00607	0.00728	0.00979	0.01988	0.48266	0.10562	0.06251	0.22845	0.00297	0.02577	0.00861	0.00315	0.00330
11	0.04783	0.09838	0.56966	0.01034	0.01526	0.00966	0.05302	0.03534	0.03711	0.05608	0.02670	0.00922	0.00633	0.00395	0.00369	0.00122	0.00527	0.00313	0.00210	0.00573
12	0.00856	0.00544	0.00646	0.00598	0.00756	0.00532	0.00454	0.01202	0.19175	0.17330	0.15889	0.19635	0.19140	0.00818	0.00448	0.00136	0.00256	0.00706	0.00411	0.00470
13	0.00832	0.00421	0.00452	0.00427	0.00545	0.00418	0.00326	0.01059	0.04806	0.08724	0.05926	0.01550	0.01175	0.00488	0.00305	0.00099	0.00204	0.00395	0.71438	0.00409
14	0.18533	0.09019	0.20720	0.00967	0.03165	0.08899	0.08338	0.14762	0.03539	0.02911	0.00752	0.00877	0.00579	0.02114	0.00413	0.00125	0.03195	0.00309	0.00243	0.00538
15	0.00808	0.00656	0.00660	0.00601	0.00721	0.11712	0.03317	0.02488	0.00892	0.08837	0.11158	0.08992	0.20598	0.25773	0.00903	0.00203	0.00359	0.00628	0.00322	0.00373
16	0.00539	0.00409	0.00509	0.00569	0.00650	0.00384	0.00437	0.00680	0.03120	0.01099	0.02670	0.35658	0.25704	0.01110	0.00505	0.00159	0.00264	0.24819	0.00368	0.00347

[dist]
# distance from previous block
# <min> <max>
0	1

[block]
# block no. 6 follows, 68 sequences, length 38
# corresponding to MSA columns:
# 257-294
name=unknown_G
#
# <colnr> <probs for GDERKNQSTAVLIFYWHMCP>
#	G	D	E	R	K	N	Q	S	T	A	V	L	I	F	Y	W	H	M	C	P
0	0.85613	0.00773	0.00621	0.00592	0.03833	0.00891	0.00459	0.01167	0.00683	0.01761	0.00559	0.00657	0.00437	0.00368	0.00251	0.00123	0.00313	0.00220	0.00244	0.00437
1	0.00642	0.00489	0.00683	0.00650	0.00719	0.00564	0.01493	0.05014	0.00692	0.00980	0.01056	0.01680	0.01029	0.19015	0.57560	0.00525	0.06182	0.00447	0.00225	0.00356
2	0.00955	0.00512	0.00657	0.00568	0.00738	0.00464	0.00443	0.04230	0.01116	0.26634	0.42858	0.05407	0.12316	0.00739	0.00445	0.00126	0.00246	0.00635	0.00441	0.00471
3	0.01296	0.01006	0.01071	0.00870	0.01149	0.01131	0.00703	0.49795	0.34683	0.02158	0.01220	0.01166	0.00891	0.00501	0.00399	0.00125	0.00387	0.00394	0.00399	0.00655
4	0.00673	0.00522	0.00645	0.03078	0.03661	0.01374	0.00479	0.05117	0.03883	0.03434	0.25454	0.06196	0.24771	0.01063	0.10054	0.00189	0.01227	0.05108	0.00357	0.02714
5	0.07078	0.00938	0.01076	0.24538	0.01569	0.05507	0.00788	0.31981	0.08214	0.05937	0.00904	0.01003	0.00662	0.00434	0.00377	0.00119	0.00441	0.00340	0.00306	0.07789
6	0.00497	0.00369	0.00467	0.00536	0.00591	0.00339	0.00381	0.00586	0.00813	0.01055	0.04390	0.58648	0.19703	0.01168	0.00501	0.00157	0.00236	0.08863	0.00369	0.00330
7	0.00482	0.00350	0.00455	0.00540	0.00572	0.00323	0.00363	0.00553	0.00771	0.01017	0.02336	0.79044	0.09288	0.01223	0.00503	0.00159	0.00228	0.01103	0.00368	0.00323
8	0.00823	0.00726	0.01180	0.48976	0.12584	0.00837	0.04786	0.03888	0.00863	0.03235	0.00992	0.02903	0.04310	0.00478	0.00443	0.00132	0.04129	0.03379	0.04869	0.00469
9	0.01161	0.54920	0.01596	0.00662	0.00959	0.01177	0.00614	0.01292	0.00895	0.20798	0.03731	0.06276	0.03503	0.00468	0.00318	0.00101	0.00376	0.00350	0.00274	0.00527
10	0.01481	0.01890	0.01124	0.01021	0.01226	0.84474	0.00766	0.01583	0.01124	0.00970	0.00613	0.00715	0.00511	0.00409	0.00358	0.00102	0.00715	0.00255	0.00204	0.00460
11	0.00536	0.00379	0.00498	0.00543	0.00572	0.00384	0.00369	0.00605	0.00685	0.00928	0.01660	0.39339	0.01903	0.26770	0.19202	0.00332	0.00462	0.04231	0.00296	0.00307
12	0.35907	0.09522	0.08218	0.01981	0.04250	0.12172	0.13050	0.03549	0.00851	0.03040	0.00651	0.00782	0.00510	0.00384	0.00360	0.00120	0.03655	0.00284	0.00223	0.00490
13	0.00689	0.00344	0.00517	0.00517	0.00517	0.00344	0.00344	0.00517	0.00517	0.00689	0.00689	0.01205	0.00689	0.01377	0.01550	0.88464	0.00344	0.00344	0.00172	0.00172
14	0.03314	0.30404	0.11035	0.04578	0.28778	0.04092	0.01840	0.04248	0.04454	0.01215	0.00734	0.00914	0.00615	0.00381	0.00343	0.00110	0.00467	0.01717	0.00204	0.00560
15	0.01097	0.00911	0.01189	0.10975	0.22101	0.06163	0.02908	0.16101	0.07238	0.08361	0.00923	0.01060	0.00711	0.00593	0.06519	0.00151	0.00489	0.00352	0.00278	0.11880
16	0.02894	0.00456	0.00556	0.00524	0.00644	0.00432	0.00394	0.02494	0.03006	0.08308	0.37580	0.11027	0.19948	0.04042	0.05754	0.00171	0.00280	0.00707	0.00392	0.00394
17	0.00761	0.00717	0.01211	0.80744	0.07003	0.00884	0.01107	0.01024	0.00799	0.01028	0.00707	0.01053	0.00534	0.00394	0.00396	0.00131	0.00526	0.00352	0.00177	0.00450
18	0.07461	0.00727	0.00765	0.00635	0.00847	0.00776	0.00510	0.33846	0.02616	0.07328	0.01315	0.03010	0.06065	0.00514	0.00350	0.00112	0.00309	0.00401	0.31896	0.00518
19	0.00942	0.08227	0.08587	0.13002	0.34919	0.03645	0.11288	0.04040	0.02733	0.01246	0.01936	0.02634	0.02304	0.00411	0.00414	0.00122	0.02407	0.00378	0.00211	0.00554
20	0.01378	0.03200	0.01204	0.00917	0.01214	0.03828	0.09447	0.33081	0.16284	0.21244	0.01181	0.01153	0.00835	0.00533	0.02522	0.00136	0.00441	0.00390	0.00382	0.00631
21	0.00724	0.00509	0.00596	0.00552	0.00676	0.03610	0.00417	0.00946	0.05931	0.09310	0.55839	0.08089	0.09665	0.00793	0.00456	0.00127	0.00233	0.00690	0.00421	0.00414
22	0.00485	0.00363	0.00451	0.00517	0.00571	0.00329	0.00357	0.00567	0.00808	0.01047	0.05035	0.61735	0.22372	0.01168	0.00497	0.00154	0.00224	0.02621	0.00370	0.00328
23	0.01036	0.40365	0.22016	0.02140	0.09002	0.11296	0.05244	0.02698	0.00886	0.01097	0.00639	0.00761	0.00527	0.00361	0.00325	0.00104	0.00518	0.00268	0.00181	0.00536
24	0.06521	0.21226	0.44902	0.00991	0.03659	0.01091	0.02098	0.08552	0.02941	0.03504	0.00733	0.00825	0.00549	0.00382	0.00345	0.00115	0.00502	0.00285	0.00209	0.00570
25	0.00621	0.00444	0.00618	0.00710	0.00793	0.00441	0.00608	0.00790	0.00895	0.01166	0.02109	0.13839	0.02321	0.01112	0.00543	0.00180	0.00350	0.71734	0.00365	0.00360
26	0.00578	0.00421	0.00513	0.00487	0.00599	0.00383	0.00366	0.00760	0.03063	0.03750	0.54730	0.05701	0.25455	0.00861	0.00466	0.00129	0.00200	0.00747	0.00416	0.00376
27	0.03501	0.00806	0.04008	0.04113	0.01113	0.00776	0.00684	0.23901	0.03777	0.33104	0.01420	0.04598	0.01138	0.00609	0.00423	0.00134	0.00381	0.14522	0.00405	0.00588
28	0.01309	0.09243	0.02076	0.01090	0.10817	0.40115	0.00784	0.14596	0.04451	0.04429	0.00877	0.00957	0.03383	0.00492	0.02104	0.00121	0.02056	0.00318	0.00255	0.00528
29	0.86404	0.00776	0.00600	0.00532	0.00780	0.00899	0.00439	0.03451	0.00708	0.01799	0.00563	0.00653	0.00436	0.00371	0.00250	0.00123	0.00310	0.00219	0.00250	0.00436
30	0.00516	0.00375	0.00472	0.00525	0.00569	0.00359	0.00362	0.00590	0.00748	0.00980	0.02195	0.44983	0.14621	0.17868	0.06961	0.00237	0.00326	0.06670	0.00332	0.00313
31	0.00489	0.00351	0.00464	0.00545	0.00576	0.00326	0.00367	0.00567	0.00789	0.01056	0.08275	0.78147	0.04164	0.01206	0.00503	0.00158	0.00226	0.01091	0.00373	0.00326
32	0.00689	0.00344	0.00517	0.00517	0.00517	0.00344	0.00344	0.00517	0.00517	0.00689	0.00689	0.01205	0.00689	0.01377	0.01550	0.88464	0.00344	0.00344	0.00172	0.00172
33	0.00524	0.00408	0.00477	0.00465	0.00574	0.00365	0.00347	0.00684	0.02440	0.01335	0.43110	0.07782	0.38232	0.00913	0.00469	0.00131	0.00198	0.00786	0.00403	0.00359
34	0.01060	0.86304	0.02078	0.00678	0.01018	0.01569	0.00678	0.01187	0.00806	0.00933	0.00551	0.00636	0.00509	0.00339	0.00254	0.00085	0.00424	0.00212	0.00170	0.00509
35	0.04767	0.08009	0.19813	0.00982	0.07250	0.15417	0.00858	0.11719	0.05851	0.04621	0.05355	0.05737	0.03599	0.00552	0.02069	0.00130	0.02077	0.00392	0.00268	0.00530
36	0.00912	0.01033	0.03758	0.01501	0.01866	0.02653	0.67862	0.01234	0.02370	0.01246	0.00840	0.01121	0.00653	0.02179	0.04925	0.00162	0.00658	0.00452	0.01750	0.02825
37	0.27270	0.09227	0.02469	0.00768	0.05327	0.03236	0.01744	0.04984	0.02419	0.32141	0.03086	0.01037	0.00779	0.00430	0.00336	0.00117	0.00361	0.00322	0.01592	0.02358

[dist]
# distance from previous block
# <min> <max>
0	15

[block]
# block no. 7 follows, 68 sequences, length 9
# corresponding to MSA columns:
# 310-318
name=unknown_H
#
# <colnr> <probs for GDERKNQSTAVLIFYWHMCP>
#	G	D	E	R	K	N	Q	S	T	A	V	L	I	F	Y	W	H	M	C	P
0	0.27598	0.09705	0.10184	0.03410	0.03649	0.04881	0.04929	0.05451	0.09930	0.03870	0.02618	0.02402	0.00703	0.00445	0.00412	0.00124	0.07291	0.00323	0.00254	0.01821
1	0.10370	0.05881	0.58827	0.01042	0.03239	0.00933	0.03411	0.03440	0.00856	0.03221	0.00715	0.00830	0.00520	0.00374	0.00356	0.00120	0.00524	0.00288	0.00194	0.04858
2	0.00781	0.01729	0.00769	0.05275	0.05543	0.00632	0.00539	0.01177	0.23199	0.04042	0.12109	0.06310	0.14493	0.03013	0.00535	0.06218	0.00300	0.01648	0.00334	0.11353
3	0.00783	0.00792	0.06123	0.10455	0.09349	0.00738	0.22738	0.01020	0.02726	0.03403	0.01287	0.22171	0.03165	0.02013	0.01759	0.00151	0.04612	0.02665	0.03589	0.00462
4	0.00568	0.00419	0.00609	0.00609	0.00670	0.00480	0.00460	0.00690	0.00629	0.00899	0.01088	0.01701	0.01054	0.14470	0.73084	0.00602	0.00968	0.00446	0.00216	0.00338
5	0.00675	0.00353	0.00530	0.00530	0.00538	0.00361	0.00361	0.00538	0.00530	0.00714	0.00730	0.01244	0.00722	0.01554	0.10728	0.78746	0.00424	0.00353	0.00177	0.00192
6	0.00960	0.30684	0.19779	0.00765	0.01089	0.01016	0.00776	0.06750	0.05995	0.07864	0.04210	0.10550	0.06911	0.00546	0.00363	0.00116	0.00401	0.00434	0.00271	0.00520
7	0.00903	0.00789	0.00840	0.00640	0.00957	0.06596	0.00505	0.01153	0.08070	0.04043	0.00861	0.03994	0.00724	0.00365	0.00319	0.00074	0.00325	0.00293	0.00261	0.68287
8	0.03569	0.01014	0.01055	0.00857	0.01132	0.07021	0.00704	0.49906	0.07199	0.12286	0.01167	0.01403	0.00910	0.00543	0.00408	0.00126	0.00424	0.09273	0.00388	0.00615

[dist]
# distance from previous block
# <min> <max>
0	13

# created by:
# /st0/software/busco_prod/Augustus/scripts/msa2prfl.pl ./align_prep/35842.fa
