[name]
unknown

[dist]
# distance from previous block
# <min> <max>
0	47

[block]
# block no. 0 follows, 69 sequences, length 6
# corresponding to MSA columns:
# 60-65
name=unknown_A
#
# <colnr> <probs for GDERKNQSTAVLIFYWHMCP>
#	G	D	E	R	K	N	Q	S	T	A	V	L	I	F	Y	W	H	M	C	P
0	0.05737	0.05118	0.15631	0.02527	0.04602	0.08780	0.02965	0.10039	0.09599	0.09648	0.05898	0.05124	0.03540	0.00580	0.02712	0.00135	0.00442	0.02618	0.00296	0.04011
1	0.13249	0.07901	0.20898	0.03816	0.03739	0.06714	0.07173	0.11462	0.04912	0.06628	0.05392	0.01127	0.04453	0.00445	0.00366	0.00119	0.00453	0.00356	0.00265	0.00532
2	0.03487	0.10363	0.22065	0.00941	0.04984	0.14533	0.00866	0.05778	0.07024	0.09931	0.00842	0.00948	0.00650	0.03040	0.00448	0.00120	0.04796	0.00308	0.00247	0.08629
3	0.06820	0.11028	0.22889	0.00899	0.05216	0.10221	0.00834	0.09123	0.05601	0.06416	0.04732	0.01167	0.03269	0.05576	0.02443	0.00142	0.00470	0.00349	0.00256	0.02551
4	0.08579	0.20397	0.10604	0.03290	0.06418	0.05138	0.04651	0.16454	0.05131	0.03711	0.03619	0.01023	0.03553	0.00422	0.00346	0.00109	0.00431	0.00328	0.00260	0.05535
5	0.16194	0.18177	0.09335	0.00796	0.04558	0.09626	0.02872	0.01211	0.03131	0.08657	0.03435	0.06684	0.04757	0.00471	0.00337	0.00110	0.00401	0.00365	0.00257	0.08628

[dist]
# distance from previous block
# <min> <max>
13	32

[block]
# block no. 1 follows, 69 sequences, length 6
# corresponding to MSA columns:
# 98-103
name=unknown_B
#
# <colnr> <probs for GDERKNQSTAVLIFYWHMCP>
#	G	D	E	R	K	N	Q	S	T	A	V	L	I	F	Y	W	H	M	C	P
0	0.14280	0.05138	0.15456	0.09905	0.01323	0.18088	0.00812	0.05955	0.07779	0.14357	0.00872	0.00927	0.00635	0.00413	0.00351	0.00116	0.00475	0.00305	0.00269	0.02544
1	0.00935	0.06518	0.56951	0.01204	0.10391	0.07944	0.01263	0.07998	0.00941	0.01306	0.00710	0.00831	0.00525	0.00379	0.00367	0.00119	0.00557	0.00294	0.00191	0.00576
2	0.01274	0.00941	0.01037	0.07861	0.01226	0.03901	0.00703	0.47002	0.12062	0.08797	0.01175	0.10171	0.00950	0.00552	0.00403	0.00125	0.00403	0.00446	0.00373	0.00597
3	0.00488	0.00355	0.00442	0.00506	0.00543	0.00329	0.00336	0.00552	0.00750	0.00978	0.02332	0.61471	0.15627	0.12517	0.00694	0.00184	0.00243	0.00995	0.00347	0.00310
4	0.01199	0.55813	0.01713	0.00794	0.01081	0.31655	0.00702	0.01316	0.00910	0.00936	0.00567	0.00657	0.00504	0.00360	0.00288	0.00090	0.00523	0.00225	0.00180	0.00485
5	0.00515	0.00364	0.00480	0.00559	0.00590	0.00348	0.00391	0.00592	0.00751	0.00997	0.02024	0.61567	0.02382	0.12532	0.00706	0.00192	0.00270	0.14079	0.00347	0.00315

[dist]
# distance from previous block
# <min> <max>
0	2

[block]
# block no. 2 follows, 69 sequences, length 25
# corresponding to MSA columns:
# 106-130
name=unknown_C
#
# <colnr> <probs for GDERKNQSTAVLIFYWHMCP>
#	G	D	E	R	K	N	Q	S	T	A	V	L	I	F	Y	W	H	M	C	P
0	0.01229	0.49633	0.01644	0.00818	0.01096	0.37727	0.00709	0.01344	0.00933	0.00939	0.00572	0.00663	0.00504	0.00365	0.00296	0.00091	0.00545	0.00228	0.00183	0.00482
1	0.00524	0.00384	0.00499	0.00578	0.00623	0.00371	0.00411	0.00663	0.05203	0.01059	0.02166	0.68766	0.04561	0.01166	0.00499	0.00160	0.00248	0.11412	0.00365	0.00341
2	0.02328	0.08254	0.05452	0.01006	0.08977	0.02694	0.03909	0.25589	0.25317	0.05619	0.01135	0.05226	0.00893	0.00492	0.00395	0.00123	0.01258	0.00403	0.00332	0.00598
3	0.07917	0.02337	0.02719	0.17567	0.06599	0.31084	0.03116	0.07438	0.06237	0.01228	0.00810	0.05463	0.00687	0.00460	0.00404	0.00119	0.03712	0.00351	0.01270	0.00481
4	0.28810	0.00780	0.00848	0.00694	0.00948	0.02182	0.03593	0.18252	0.02670	0.23242	0.02650	0.06825	0.04857	0.00517	0.00359	0.00124	0.00345	0.00404	0.01367	0.00533
5	0.09174	0.21569	0.11309	0.03695	0.04502	0.25864	0.00804	0.10142	0.01963	0.06544	0.00714	0.00792	0.00557	0.00392	0.00332	0.00107	0.00513	0.00272	0.00233	0.00523
6	0.00961	0.01108	0.04779	0.24596	0.12600	0.14319	0.33519	0.01228	0.00908	0.01141	0.00726	0.00978	0.00560	0.00363	0.00413	0.00124	0.00602	0.00377	0.00190	0.00505
7	0.00938	0.00970	0.01795	0.09749	0.42851	0.02410	0.30560	0.01202	0.00890	0.01231	0.00745	0.01001	0.00597	0.00357	0.00441	0.00125	0.02995	0.00388	0.00193	0.00562
8	0.00519	0.00399	0.00474	0.00455	0.00564	0.00355	0.00342	0.00670	0.01025	0.01370	0.52225	0.03261	0.35171	0.00877	0.00463	0.00127	0.00190	0.00756	0.00405	0.00355
9	0.00681	0.00340	0.00511	0.00511	0.00511	0.00340	0.00340	0.00511	0.00511	0.00681	0.00681	0.01192	0.00681	0.01362	0.01532	0.88594	0.00340	0.00340	0.00170	0.00170
10	0.00480	0.00342	0.00454	0.00542	0.00564	0.00320	0.00360	0.00547	0.00745	0.00994	0.02133	0.83461	0.02558	0.03781	0.00545	0.00166	0.00232	0.01098	0.00360	0.00316
11	0.00551	0.00398	0.00520	0.00496	0.00585	0.00367	0.00370	0.00729	0.01090	0.01541	0.79190	0.07396	0.03640	0.00824	0.00464	0.00125	0.00187	0.00731	0.00428	0.00367
12	0.00834	0.00793	0.01345	0.51445	0.35801	0.00896	0.01135	0.01084	0.00828	0.01116	0.00713	0.01015	0.00563	0.00375	0.00390	0.00125	0.00499	0.00349	0.00182	0.00511
13	0.00482	0.00345	0.00459	0.00543	0.00570	0.00322	0.00364	0.00558	0.00772	0.01035	0.07103	0.80926	0.02660	0.01202	0.00498	0.00157	0.00225	0.01090	0.00368	0.00322
14	0.00822	0.00705	0.00817	0.00593	0.00934	0.00548	0.00473	0.01049	0.05483	0.01298	0.00748	0.00850	0.00616	0.00304	0.00296	0.00062	0.00291	0.00244	0.00242	0.83623
15	0.00790	0.00708	0.01097	0.31351	0.22466	0.00751	0.00901	0.01050	0.04845	0.01167	0.01033	0.06215	0.00956	0.00521	0.00405	0.00126	0.00425	0.12167	0.00236	0.12791
16	0.00622	0.00457	0.00663	0.01974	0.00694	0.00477	0.06598	0.00703	0.00633	0.02660	0.01136	0.02048	0.01185	0.47862	0.30175	0.00437	0.00633	0.00503	0.00229	0.00311
17	0.00477	0.00344	0.00452	0.00540	0.00567	0.00319	0.00361	0.00547	0.00757	0.01003	0.02237	0.82528	0.05983	0.01218	0.00499	0.00158	0.00226	0.01102	0.00364	0.00319
18	0.01559	0.00703	0.00906	0.00719	0.00996	0.00655	0.00595	0.14398	0.01211	0.60107	0.03914	0.01630	0.03047	0.00553	0.00410	0.00126	0.00344	0.07046	0.00456	0.00625
19	0.00927	0.17103	0.52505	0.01045	0.02866	0.01033	0.05684	0.06601	0.02122	0.04374	0.01827	0.00870	0.00587	0.00382	0.00359	0.00117	0.00525	0.00302	0.00202	0.00570
20	0.00861	0.02020	0.03251	0.10416	0.48222	0.02597	0.05845	0.01099	0.02335	0.01241	0.07696	0.03625	0.08144	0.00473	0.00406	0.00122	0.00436	0.00443	0.00233	0.00537
21	0.00671	0.00341	0.00508	0.00512	0.00514	0.00339	0.00342	0.00512	0.00522	0.00697	0.00753	0.05327	0.00774	0.01355	0.01482	0.84280	0.00335	0.00378	0.00180	0.00177
22	0.00934	0.00846	0.01290	0.33892	0.29517	0.02744	0.03252	0.09158	0.06531	0.02530	0.04851	0.01127	0.00779	0.00415	0.00396	0.00124	0.00469	0.00375	0.00236	0.00536
23	0.05868	0.43420	0.03559	0.02154	0.04082	0.22414	0.03090	0.03726	0.00895	0.01056	0.00591	0.00709	0.00512	0.00384	0.00366	0.00101	0.06140	0.00250	0.00189	0.00492
24	0.00884	0.10699	0.07941	0.16166	0.14694	0.05378	0.03111	0.03038	0.05141	0.01188	0.01007	0.01179	0.07116	0.00429	0.00383	0.00109	0.02414	0.01414	0.00223	0.17487

[dist]
# distance from previous block
# <min> <max>
3	5

[block]
# block no. 3 follows, 69 sequences, length 14
# corresponding to MSA columns:
# 137,140-152
name=unknown_D
#
# <colnr> <probs for GDERKNQSTAVLIFYWHMCP>
#	G	D	E	R	K	N	Q	S	T	A	V	L	I	F	Y	W	H	M	C	P
0	0.88991	0.00758	0.00576	0.00516	0.00758	0.00879	0.00425	0.01152	0.00667	0.01759	0.00546	0.00637	0.00425	0.00364	0.00243	0.00121	0.00303	0.00212	0.00243	0.00425
1	0.00946	0.01049	0.03952	0.08771	0.19605	0.03486	0.51728	0.03226	0.00932	0.01260	0.00769	0.01019	0.00591	0.00346	0.00434	0.00127	0.00601	0.00416	0.00199	0.00543
2	0.00858	0.08387	0.33379	0.01299	0.05352	0.00968	0.32318	0.01215	0.03100	0.01213	0.00833	0.05966	0.00684	0.00414	0.00425	0.00127	0.02320	0.00406	0.00198	0.00538
3	0.00481	0.00347	0.00450	0.00530	0.00559	0.00322	0.00353	0.00548	0.00752	0.00994	0.02244	0.76299	0.08203	0.05207	0.00568	0.00168	0.00233	0.01069	0.00358	0.00316
4	0.82886	0.00752	0.00600	0.00528	0.00775	0.00858	0.00435	0.01205	0.00699	0.07518	0.00616	0.00686	0.00463	0.00372	0.00253	0.00121	0.00305	0.00225	0.00260	0.00442
5	0.01038	0.01062	0.02972	0.07848	0.47172	0.13232	0.04327	0.06019	0.06450	0.01300	0.00842	0.01113	0.00703	0.00410	0.00393	0.00120	0.00499	0.03708	0.00226	0.00570
6	0.00502	0.00394	0.00454	0.00449	0.00556	0.00346	0.00333	0.00633	0.00969	0.01262	0.36109	0.10476	0.44249	0.00935	0.00466	0.00131	0.00196	0.00804	0.00391	0.00346
7	0.00868	0.00824	0.01384	0.39156	0.45125	0.00906	0.01134	0.01142	0.03474	0.01168	0.00747	0.01019	0.00596	0.00374	0.00390	0.00123	0.00486	0.00352	0.00192	0.00539
8	0.00463	0.00397	0.00397	0.00397	0.00530	0.00331	0.00298	0.00563	0.00894	0.01059	0.03971	0.03773	0.83618	0.00993	0.00463	0.00132	0.00199	0.00827	0.00364	0.00331
9	0.01053	0.02939	0.06494	0.16326	0.23372	0.24121	0.05943	0.02508	0.05978	0.01165	0.00741	0.00921	0.00592	0.00388	0.00391	0.00115	0.01915	0.00323	0.00208	0.04506
10	0.00990	0.01044	0.01765	0.05101	0.47552	0.08192	0.27066	0.01244	0.00918	0.01235	0.00742	0.00978	0.00599	0.00350	0.00409	0.00121	0.00551	0.00377	0.00195	0.00570
11	0.13260	0.21544	0.01242	0.03807	0.05391	0.21890	0.00685	0.07566	0.06263	0.09490	0.00789	0.00857	0.00617	0.00463	0.02489	0.00119	0.00480	0.00283	0.00254	0.02512
12	0.13771	0.14187	0.01031	0.00737	0.02925	0.05653	0.00590	0.14358	0.14593	0.05395	0.04361	0.05260	0.04658	0.00511	0.00354	0.00114	0.00359	0.02586	0.00310	0.08246
13	0.08688	0.02971	0.03549	0.06796	0.09818	0.02242	0.14212	0.17332	0.03159	0.07711	0.02127	0.01038	0.02291	0.00426	0.00438	0.00118	0.06232	0.00358	0.00272	0.10221

[dist]
# distance from previous block
# <min> <max>
0	26

[block]
# block no. 4 follows, 69 sequences, length 8
# corresponding to MSA columns:
# 179-186
name=unknown_E
#
# <colnr> <probs for GDERKNQSTAVLIFYWHMCP>
#	G	D	E	R	K	N	Q	S	T	A	V	L	I	F	Y	W	H	M	C	P
0	0.00961	0.04211	0.16613	0.01367	0.20980	0.04265	0.14783	0.06623	0.12146	0.03400	0.05528	0.01149	0.00865	0.00546	0.04700	0.00148	0.00515	0.00387	0.00251	0.00563
1	0.00573	0.00413	0.00480	0.00467	0.00589	0.00362	0.00355	0.00704	0.00967	0.05864	0.28469	0.07600	0.46048	0.00921	0.00465	0.00133	0.00211	0.04625	0.00392	0.00363
2	0.00911	0.06719	0.01675	0.04883	0.42013	0.00931	0.23409	0.01170	0.03012	0.01216	0.00875	0.05291	0.00774	0.03151	0.00460	0.00131	0.00498	0.02120	0.00211	0.00548
3	0.00596	0.00388	0.00519	0.00585	0.00646	0.00364	0.00430	0.00694	0.00813	0.06691	0.02182	0.59982	0.06010	0.01138	0.00500	0.00160	0.00261	0.17320	0.00372	0.00351
4	0.00605	0.00663	0.11177	0.00681	0.00854	0.00493	0.08601	0.00798	0.00935	0.01287	0.36162	0.10896	0.12769	0.08830	0.00602	0.00155	0.00312	0.03451	0.00339	0.00389
5	0.00480	0.00351	0.00452	0.00526	0.00565	0.00322	0.00356	0.00557	0.00785	0.01036	0.06389	0.72200	0.12181	0.01179	0.00494	0.00154	0.00222	0.01061	0.00367	0.00322
6	0.01290	0.21485	0.07947	0.01005	0.05301	0.51480	0.00814	0.04378	0.01031	0.01044	0.00618	0.00720	0.00516	0.00385	0.00334	0.00100	0.00608	0.00254	0.00198	0.00492
7	0.00976	0.20391	0.30971	0.01236	0.13866	0.06532	0.09130	0.05801	0.03037	0.01231	0.00707	0.00844	0.00555	0.00377	0.00382	0.00114	0.02793	0.00305	0.00195	0.00558

[dist]
# distance from previous block
# <min> <max>
1	10

[block]
# block no. 5 follows, 69 sequences, length 34
# corresponding to MSA columns:
# 197-230
name=unknown_F
#
# <colnr> <probs for GDERKNQSTAVLIFYWHMCP>
#	G	D	E	R	K	N	Q	S	T	A	V	L	I	F	Y	W	H	M	C	P
0	0.01095	0.05846	0.02971	0.00893	0.01076	0.30389	0.05454	0.08460	0.05757	0.03359	0.05298	0.11027	0.01056	0.04220	0.00561	0.00135	0.09908	0.01764	0.00266	0.00464
1	0.00991	0.20655	0.17064	0.05718	0.25626	0.03072	0.03097	0.04747	0.03583	0.04205	0.00749	0.01613	0.00606	0.00394	0.00403	0.00114	0.04931	0.00316	0.00209	0.01906
2	0.02048	0.28782	0.22961	0.01997	0.12543	0.07598	0.02689	0.08914	0.02961	0.03612	0.00741	0.02165	0.00598	0.00389	0.00340	0.00109	0.00487	0.00298	0.00214	0.00554
3	0.00493	0.00398	0.00445	0.00473	0.00574	0.00355	0.00349	0.00616	0.03000	0.01063	0.03244	0.25802	0.52883	0.01090	0.02202	0.00153	0.00237	0.05925	0.00362	0.00337
4	0.00839	0.10186	0.00950	0.00591	0.00938	0.00636	0.00487	0.01008	0.00811	0.01238	0.00680	0.00793	0.00572	0.00295	0.00286	0.00061	0.00305	0.00230	0.00225	0.78869
5	0.00841	0.00835	0.01331	0.08573	0.15018	0.01026	0.10567	0.00994	0.00716	0.01047	0.00743	0.08308	0.00723	0.00610	0.00894	0.00153	0.46537	0.00426	0.00195	0.00464
6	0.00949	0.02924	0.52989	0.04900	0.03622	0.12855	0.07679	0.05331	0.01780	0.02334	0.00727	0.00858	0.00532	0.00381	0.00378	0.00121	0.00583	0.00307	0.00192	0.00557
7	0.00561	0.00418	0.00618	0.00618	0.00684	0.00484	0.00475	0.00692	0.00627	0.00901	0.01061	0.01600	0.01006	0.07818	0.79827	0.00615	0.01011	0.00429	0.00212	0.00343
8	0.01001	0.60778	0.21071	0.00818	0.01206	0.04901	0.03267	0.01209	0.00821	0.01008	0.00592	0.00691	0.00504	0.00347	0.00290	0.00095	0.00476	0.00237	0.00170	0.00519
9	0.00481	0.00363	0.00445	0.00498	0.00559	0.00327	0.00345	0.00569	0.00827	0.01073	0.10550	0.54095	0.26211	0.01119	0.00486	0.00148	0.00215	0.00992	0.00370	0.00327
10	0.01031	0.06445	0.20357	0.08971	0.15197	0.13180	0.10732	0.10259	0.03154	0.02257	0.00826	0.00968	0.02389	0.00396	0.00381	0.00117	0.00534	0.00338	0.00221	0.02248
11	0.00526	0.00390	0.00500	0.00565	0.00636	0.00365	0.00432	0.00642	0.00848	0.01097	0.06960	0.38618	0.20139	0.01109	0.00503	0.00158	0.00260	0.25549	0.00367	0.00337
12	0.00835	0.00654	0.00728	0.00690	0.00833	0.02513	0.00520	0.05554	0.32580	0.06190	0.01890	0.31340	0.08604	0.00814	0.00478	0.00142	0.04084	0.00696	0.00374	0.00483
13	0.01094	0.01196	0.01441	0.10220	0.46810	0.26088	0.05091	0.01295	0.00949	0.01155	0.00697	0.00903	0.00575	0.00369	0.00382	0.00114	0.00554	0.00326	0.00195	0.00548
14	0.01030	0.00886	0.01350	0.05261	0.32828	0.00914	0.09968	0.06203	0.19777	0.07521	0.01001	0.01107	0.00768	0.00413	0.00418	0.00120	0.02836	0.00378	0.00276	0.06945
15	0.00757	0.04028	0.04034	0.00943	0.03825	0.00687	0.23273	0.01060	0.08745	0.03470	0.25465	0.07697	0.08721	0.00741	0.04629	0.00153	0.00412	0.00585	0.00316	0.00458
16	0.00555	0.00401	0.00524	0.00493	0.00586	0.00370	0.00370	0.00740	0.01110	0.01572	0.83570	0.02928	0.03699	0.00801	0.00462	0.00123	0.00185	0.00709	0.00432	0.00370
17	0.00877	0.14351	0.40122	0.11864	0.06235	0.03140	0.08159	0.02180	0.01837	0.02036	0.00749	0.00983	0.00590	0.00399	0.00390	0.00121	0.02285	0.02956	0.00188	0.00536
18	0.01464	0.01868	0.01111	0.01010	0.01212	0.84648	0.00757	0.01565	0.01111	0.00959	0.00606	0.00707	0.00505	0.00404	0.00353	0.00101	0.00707	0.00252	0.00202	0.00454
19	0.00962	0.01592	0.47072	0.01183	0.01658	0.00991	0.19158	0.17306	0.03658	0.01500	0.00799	0.00921	0.00574	0.00388	0.00397	0.00125	0.00560	0.00345	0.00225	0.00587
20	0.00562	0.00414	0.00598	0.00598	0.00656	0.00472	0.00450	0.00679	0.00620	0.00886	0.01080	0.01705	0.01052	0.16309	0.71398	0.00590	0.00943	0.00444	0.00214	0.00332
21	0.00673	0.00432	0.00533	0.00489	0.00619	0.00383	0.00373	0.00829	0.01047	0.11394	0.50047	0.02986	0.27068	0.00820	0.00454	0.00126	0.00207	0.00706	0.00418	0.00394
22	0.00570	0.00380	0.00428	0.00428	0.00428	0.00380	0.00238	0.00570	0.00570	0.00760	0.01235	0.02566	0.01425	0.86222	0.01995	0.00380	0.00380	0.00570	0.00238	0.00238
23	0.01269	0.01018	0.01026	0.00852	0.01115	0.07356	0.00681	0.35762	0.38524	0.06256	0.01244	0.01180	0.00910	0.00494	0.00392	0.00124	0.00392	0.00388	0.00386	0.00630
24	0.00786	0.02028	0.84191	0.01117	0.01697	0.00910	0.01448	0.01242	0.00828	0.01242	0.00704	0.00828	0.00497	0.00372	0.00372	0.00124	0.00579	0.00290	0.00166	0.00579
25	0.00973	0.01204	0.18994	0.05180	0.10908	0.00970	0.35840	0.08756	0.08222	0.03731	0.00870	0.01032	0.00644	0.00379	0.00418	0.00127	0.00555	0.00395	0.00233	0.00570
26	0.01323	0.05118	0.13054	0.01046	0.01317	0.65081	0.05163	0.01488	0.01049	0.01014	0.00627	0.00740	0.00508	0.00393	0.00358	0.00105	0.00675	0.00267	0.00195	0.00478
27	0.00496	0.00352	0.00464	0.00535	0.00561	0.00336	0.00357	0.00565	0.00739	0.00994	0.05462	0.68719	0.02425	0.10767	0.05077	0.00207	0.00286	0.01000	0.00345	0.00313
28	0.00986	0.10763	0.05956	0.06980	0.50545	0.04556	0.03773	0.05073	0.02475	0.01279	0.03447	0.00992	0.00703	0.00377	0.00376	0.00114	0.00473	0.00344	0.00210	0.00578
29	0.04678	0.00988	0.05140	0.16658	0.41285	0.05869	0.07677	0.01163	0.00843	0.01190	0.00692	0.00942	0.00569	0.00399	0.00489	0.00126	0.10221	0.00343	0.00190	0.00539
30	0.00587	0.00427	0.00549	0.00534	0.00577	0.00455	0.00366	0.00650	0.00612	0.00856	0.01155	0.05602	0.01242	0.46103	0.30300	0.00432	0.03890	0.00515	0.00231	0.04919
31	0.00966	0.01046	0.06886	0.07363	0.45589	0.03126	0.21713	0.04375	0.02694	0.01299	0.00770	0.00991	0.00611	0.00359	0.00406	0.00122	0.00528	0.00374	0.00204	0.00580
32	0.01026	0.02700	0.03574	0.04977	0.07035	0.05871	0.45352	0.07494	0.04647	0.05020	0.00835	0.01020	0.00630	0.00375	0.00446	0.00124	0.03077	0.00402	0.00233	0.05162
33	0.05434	0.04530	0.29051	0.35662	0.01984	0.04696	0.06866	0.01125	0.00808	0.01126	0.00704	0.00970	0.00543	0.03340	0.00442	0.00134	0.01591	0.00328	0.00180	0.00486

[dist]
# distance from previous block
# <min> <max>
0	3

[block]
# block no. 6 follows, 69 sequences, length 13
# corresponding to MSA columns:
# 234-246
name=unknown_G
#
# <colnr> <probs for GDERKNQSTAVLIFYWHMCP>
#	G	D	E	R	K	N	Q	S	T	A	V	L	I	F	Y	W	H	M	C	P
0	0.08555	0.20256	0.08618	0.10169	0.02383	0.11042	0.01538	0.03202	0.00889	0.07996	0.06021	0.09764	0.02665	0.00634	0.04536	0.00141	0.00459	0.00407	0.00254	0.00471
1	0.06508	0.06519	0.01158	0.07447	0.05832	0.09890	0.06112	0.08525	0.30339	0.01444	0.01010	0.01067	0.00781	0.00445	0.00413	0.00120	0.04639	0.00354	0.00287	0.07111
2	0.08515	0.01442	0.42265	0.01087	0.06566	0.00896	0.07713	0.06588	0.08004	0.05511	0.00833	0.00925	0.00607	0.00386	0.00368	0.00119	0.00489	0.00319	0.00232	0.07135
3	0.00735	0.08049	0.01004	0.00861	0.06280	0.07858	0.11699	0.00896	0.00927	0.01204	0.22458	0.23689	0.05683	0.00771	0.00445	0.00132	0.00357	0.06224	0.00316	0.00411
4	0.07434	0.06279	0.08222	0.00769	0.01064	0.05026	0.00673	0.17439	0.14861	0.19606	0.05576	0.02877	0.00968	0.00476	0.00369	0.00116	0.00379	0.00373	0.00350	0.07141
5	0.03121	0.07145	0.17799	0.01046	0.08365	0.13261	0.07457	0.10389	0.01961	0.11410	0.06995	0.01059	0.00844	0.00421	0.00373	0.00112	0.00477	0.00344	0.00269	0.07151
6	0.00889	0.22863	0.01191	0.00988	0.14199	0.13305	0.00703	0.01033	0.00881	0.01065	0.01303	0.15010	0.03096	0.00692	0.00406	0.00129	0.00420	0.21119	0.00261	0.00446
7	0.00943	0.11836	0.08223	0.05690	0.01155	0.08020	0.00658	0.07152	0.00913	0.01274	0.00688	0.00805	0.00560	0.00332	0.00312	0.00079	0.00392	0.00252	0.00224	0.50490
8	0.00969	0.16122	0.31900	0.00875	0.01244	0.07873	0.02811	0.08216	0.02809	0.04846	0.04902	0.01095	0.00799	0.08145	0.00501	0.00134	0.00480	0.00333	0.00232	0.05713
9	0.00965	0.08307	0.01483	0.01243	0.12574	0.08139	0.26135	0.01359	0.17468	0.04283	0.01238	0.08248	0.05775	0.00499	0.00413	0.00125	0.00472	0.00476	0.00270	0.00527
10	0.01049	0.01101	0.06177	0.01059	0.06658	0.13267	0.16931	0.14239	0.01051	0.01416	0.00745	0.00877	0.00584	0.00353	0.00361	0.00096	0.00477	0.00311	0.00240	0.33007
11	0.00905	0.12498	0.06428	0.10745	0.27538	0.00963	0.03728	0.03039	0.08067	0.03114	0.04015	0.01280	0.07909	0.00475	0.00457	0.00122	0.07557	0.00393	0.00237	0.00531
12	0.00860	0.00881	0.08159	0.00882	0.01093	0.11273	0.15730	0.01090	0.05737	0.08421	0.01650	0.29207	0.08532	0.00751	0.00447	0.00137	0.00416	0.03978	0.00308	0.00448

[dist]
# distance from previous block
# <min> <max>
18	75

[block]
# block no. 7 follows, 69 sequences, length 35
# corresponding to MSA columns:
# 327-338,340-362
name=unknown_H
#
# <colnr> <probs for GDERKNQSTAVLIFYWHMCP>
#	G	D	E	R	K	N	Q	S	T	A	V	L	I	F	Y	W	H	M	C	P
0	0.18312	0.03090	0.01144	0.32606	0.07534	0.10844	0.07994	0.01125	0.00809	0.02480	0.00708	0.00985	0.00574	0.03869	0.03482	0.00151	0.02019	0.00327	0.00204	0.01744
1	0.05445	0.49753	0.07902	0.02709	0.09537	0.07208	0.07448	0.03946	0.00870	0.01107	0.00617	0.00738	0.00524	0.00351	0.00306	0.00099	0.00473	0.00261	0.00187	0.00519
2	0.41359	0.03871	0.11549	0.00826	0.07251	0.00850	0.04637	0.04186	0.00804	0.04698	0.00684	0.00812	0.00535	0.02110	0.00336	0.00116	0.00378	0.00267	0.00238	0.14496
3	0.03199	0.03674	0.03631	0.29806	0.03788	0.03877	0.03564	0.11265	0.07363	0.01326	0.09248	0.01529	0.04852	0.06957	0.00517	0.00144	0.00429	0.02504	0.00268	0.02056
4	0.00914	0.31179	0.11738	0.21591	0.21916	0.01118	0.00991	0.01141	0.00822	0.01082	0.00654	0.00845	0.00539	0.00355	0.00335	0.00107	0.00471	0.00288	0.00178	0.03736
5	0.00904	0.03960	0.01421	0.37889	0.39135	0.00946	0.02920	0.05961	0.00900	0.01218	0.00726	0.00990	0.00577	0.00374	0.00387	0.00122	0.00491	0.00347	0.00196	0.00538
6	0.00646	0.00453	0.00643	0.00611	0.00695	0.00490	0.02269	0.00805	0.03661	0.05249	0.09796	0.01849	0.01346	0.17673	0.51475	0.00476	0.00765	0.00478	0.00259	0.00362
7	0.00523	0.00420	0.00459	0.00444	0.00569	0.00371	0.00334	0.03410	0.00978	0.01239	0.24570	0.05804	0.57628	0.00932	0.00462	0.00130	0.00204	0.00788	0.00383	0.00352
8	0.00853	0.00721	0.00835	0.00600	0.00946	0.00564	0.00481	0.05844	0.00874	0.01349	0.00711	0.00821	0.00586	0.00301	0.00296	0.00062	0.00299	0.00239	0.00242	0.83376
9	0.00562	0.00401	0.00530	0.00530	0.00569	0.00435	0.00368	0.00636	0.00609	0.00844	0.01214	0.02075	0.03380	0.41558	0.44048	0.00501	0.00716	0.00501	0.00227	0.00297
10	0.00724	0.00438	0.00578	0.00522	0.00644	0.00399	0.00399	0.00905	0.01111	0.13176	0.72030	0.02704	0.03315	0.00757	0.00453	0.00123	0.00206	0.00665	0.00439	0.00412
11	0.00963	0.00924	0.01577	0.05194	0.81050	0.00929	0.01199	0.01196	0.00889	0.01271	0.00736	0.00973	0.00618	0.00351	0.00388	0.00117	0.00468	0.00349	0.00193	0.00615
12	0.00975	0.00842	0.00886	0.00798	0.01019	0.00975	0.00621	0.02083	0.83069	0.01640	0.01596	0.01463	0.01197	0.00532	0.00399	0.00133	0.00310	0.00443	0.00399	0.00621
13	0.00463	0.00397	0.00397	0.00397	0.00530	0.00331	0.00298	0.00563	0.00894	0.01059	0.03971	0.03773	0.83618	0.00993	0.00463	0.00132	0.00199	0.00827	0.00364	0.00331
14	0.00813	0.00697	0.00813	0.00581	0.00929	0.00523	0.00465	0.00987	0.00813	0.01277	0.00697	0.00813	0.00581	0.00290	0.00290	0.00058	0.00290	0.00232	0.00232	0.88619
15	0.00970	0.00931	0.01591	0.02406	0.83777	0.00931	0.01203	0.01203	0.00893	0.01281	0.00737	0.00970	0.00621	0.00349	0.00388	0.00116	0.00466	0.00349	0.00194	0.00621
16	0.00978	0.03505	0.01602	0.05121	0.73141	0.03445	0.04084	0.01208	0.00894	0.01250	0.00728	0.00958	0.00610	0.00351	0.00386	0.00116	0.00480	0.00346	0.00193	0.00603
17	0.00975	0.00842	0.00886	0.00798	0.01019	0.00975	0.00621	0.02083	0.83069	0.01640	0.01596	0.01463	0.01197	0.00532	0.00399	0.00133	0.00310	0.00443	0.00399	0.00621
18	0.03509	0.00932	0.05828	0.02141	0.05465	0.03450	0.00721	0.26196	0.02195	0.43646	0.01208	0.01129	0.00802	0.00461	0.00387	0.00120	0.00398	0.00365	0.00403	0.00643
19	0.00489	0.00372	0.00452	0.00504	0.00574	0.00336	0.00361	0.00583	0.00833	0.01069	0.07898	0.46773	0.30331	0.01110	0.00488	0.00149	0.00225	0.06755	0.00368	0.00329
20	0.00784	0.00523	0.00661	0.05458	0.00833	0.00524	0.00486	0.04552	0.10225	0.10435	0.39275	0.08447	0.06656	0.00744	0.00442	0.00130	0.00260	0.05513	0.03610	0.00440
21	0.88991	0.00758	0.00576	0.00516	0.00758	0.00879	0.00425	0.01152	0.00667	0.01759	0.00546	0.00637	0.00425	0.00364	0.00243	0.00121	0.00303	0.00212	0.00243	0.00425
22	0.00993	0.00886	0.01266	0.01659	0.45485	0.00941	0.00932	0.01606	0.36801	0.03573	0.01133	0.01195	0.00882	0.00433	0.00393	0.00124	0.00394	0.00392	0.00291	0.00622
23	0.00515	0.00399	0.00468	0.00451	0.00561	0.00353	0.00338	0.00662	0.01015	0.01347	0.48604	0.03299	0.38806	0.00886	0.00463	0.00127	0.00191	0.00761	0.00402	0.00353
24	0.00744	0.02272	0.00508	0.00451	0.00567	0.00412	0.00347	0.00917	0.00937	0.08220	0.27907	0.02045	0.06782	0.00678	0.03035	0.00123	0.00229	0.00504	0.42929	0.00392
25	0.00860	0.00865	0.01241	0.01052	0.01066	0.01193	0.03801	0.00955	0.00612	0.00955	0.00525	0.00865	0.00518	0.00673	0.01257	0.00170	0.82440	0.00347	0.00173	0.00432
26	0.00883	0.33304	0.53764	0.00952	0.01441	0.01148	0.01160	0.01216	0.00816	0.01123	0.00645	0.00754	0.00499	0.00359	0.00328	0.00109	0.00520	0.00260	0.00166	0.00551
27	0.00797	0.00385	0.00400	0.00387	0.00492	0.00379	0.00294	0.00978	0.00841	0.06787	0.01296	0.01453	0.01003	0.00459	0.00282	0.00093	0.00192	0.00367	0.82730	0.00385
28	0.00943	0.01019	0.02034	0.01527	0.04642	0.01012	0.63022	0.03771	0.08356	0.01303	0.00845	0.01071	0.00646	0.00383	0.00520	0.00135	0.07572	0.00444	0.00220	0.00536
29	0.00625	0.00419	0.00521	0.00488	0.00604	0.00375	0.00368	0.00781	0.01043	0.07992	0.54067	0.06248	0.23315	0.00841	0.00459	0.00127	0.00202	0.00729	0.00416	0.00382
30	0.00586	0.00477	0.00555	0.03622	0.00726	0.02252	0.00445	0.00791	0.05575	0.01267	0.27497	0.03353	0.33175	0.00892	0.00470	0.00139	0.00257	0.17174	0.00376	0.00372
31	0.00813	0.00697	0.00813	0.00581	0.00929	0.00523	0.00465	0.00987	0.00813	0.01277	0.00697	0.00813	0.00581	0.00290	0.00290	0.00058	0.00290	0.00232	0.00232	0.88619
32	0.01249	0.00913	0.01002	0.00813	0.01064	0.00997	0.00656	0.55865	0.09211	0.04381	0.07093	0.10951	0.01194	0.00600	0.00413	0.00126	0.00375	0.02109	0.00394	0.00595
33	0.00702	0.00617	0.00960	0.19633	0.20976	0.00639	0.02541	0.00896	0.00877	0.01151	0.05118	0.04924	0.17762	0.00715	0.00450	0.00141	0.00385	0.20798	0.00280	0.00436
34	0.04113	0.07860	0.02777	0.03601	0.11029	0.25424	0.00757	0.13068	0.13211	0.02893	0.00975	0.08864	0.00846	0.00503	0.00395	0.00118	0.02379	0.00391	0.00274	0.00525

[dist]
# distance from previous block
# <min> <max>
0	2

[block]
# block no. 8 follows, 69 sequences, length 9
# corresponding to MSA columns:
# 365-373
name=unknown_I
#
# <colnr> <probs for GDERKNQSTAVLIFYWHMCP>
#	G	D	E	R	K	N	Q	S	T	A	V	L	I	F	Y	W	H	M	C	P
0	0.11766	0.55567	0.01623	0.00693	0.00998	0.05023	0.00640	0.06032	0.08136	0.05304	0.00713	0.00760	0.00588	0.00375	0.00283	0.00097	0.00405	0.00250	0.00228	0.00519
1	0.01128	0.11281	0.01270	0.08385	0.10285	0.07504	0.04946	0.18910	0.06675	0.06799	0.00850	0.00938	0.00651	0.00390	0.00355	0.00103	0.00432	0.00317	0.00273	0.18508
2	0.01096	0.04585	0.04933	0.17770	0.13905	0.34129	0.05721	0.03157	0.00947	0.01066	0.00704	0.00968	0.00595	0.06049	0.00502	0.00132	0.02741	0.00324	0.00198	0.00478
3	0.00812	0.00649	0.00808	0.00828	0.07199	0.08363	0.00591	0.00943	0.00735	0.08708	0.01000	0.01411	0.00899	0.07459	0.50475	0.00441	0.07637	0.00400	0.00232	0.00409
4	0.12610	0.00848	0.02870	0.00888	0.07501	0.03402	0.00665	0.21561	0.06506	0.12653	0.03080	0.13808	0.02143	0.00599	0.00480	0.00131	0.08921	0.00469	0.00333	0.00533
5	0.00985	0.06750	0.16034	0.06257	0.35837	0.09456	0.10459	0.01264	0.02566	0.03347	0.02882	0.00980	0.00671	0.00377	0.00384	0.00117	0.00519	0.00345	0.00205	0.00563
6	0.00607	0.00463	0.00557	0.00569	0.00676	0.00455	0.00443	0.05399	0.04999	0.01218	0.11001	0.16882	0.26572	0.04178	0.06001	0.00187	0.00319	0.18744	0.00359	0.00371
7	0.00678	0.00516	0.00564	0.00573	0.00668	0.05824	0.00414	0.03171	0.03138	0.06535	0.13430	0.43239	0.15716	0.01029	0.02472	0.00153	0.00282	0.00852	0.00369	0.00378
8	0.00950	0.04424	0.23165	0.06591	0.13115	0.03831	0.06942	0.05003	0.00942	0.09867	0.01121	0.03475	0.00993	0.00550	0.00418	0.00134	0.00478	0.17213	0.00263	0.00527

[dist]
# distance from previous block
# <min> <max>
6	10

[block]
# block no. 9 follows, 69 sequences, length 8
# corresponding to MSA columns:
# 384-391
name=unknown_J
#
# <colnr> <probs for GDERKNQSTAVLIFYWHMCP>
#	G	D	E	R	K	N	Q	S	T	A	V	L	I	F	Y	W	H	M	C	P
0	0.00997	0.09052	0.07017	0.01025	0.11792	0.15603	0.00774	0.01185	0.02651	0.03727	0.04651	0.00938	0.00722	0.00436	0.00511	0.00108	0.15883	0.00305	0.00221	0.22403
1	0.00855	0.00814	0.01383	0.43864	0.43218	0.00901	0.01146	0.01102	0.00838	0.01141	0.00717	0.01008	0.00572	0.00371	0.00390	0.00124	0.00494	0.00349	0.00184	0.00528
2	0.00878	0.00999	0.15035	0.06668	0.16311	0.00742	0.03274	0.06127	0.00895	0.01327	0.00723	0.00875	0.00576	0.00334	0.00340	0.00091	0.00406	0.00285	0.00219	0.43895
3	0.00972	0.00868	0.01241	0.20817	0.31762	0.00960	0.00954	0.09683	0.25775	0.01446	0.01008	0.01133	0.00777	0.00427	0.00393	0.00125	0.00428	0.00378	0.00271	0.00583
4	0.00515	0.00399	0.00468	0.00451	0.00561	0.00353	0.00338	0.00662	0.01015	0.01347	0.48715	0.03298	0.38694	0.00885	0.00463	0.00127	0.00191	0.00761	0.00402	0.00353
5	0.01014	0.00988	0.01027	0.00887	0.01112	0.13898	0.08254	0.01824	0.56476	0.01493	0.07590	0.01419	0.01223	0.00514	0.00403	0.00127	0.00395	0.00436	0.00352	0.00567
6	0.00635	0.00614	0.08378	0.00618	0.00743	0.00529	0.00502	0.00936	0.14597	0.01199	0.19570	0.18550	0.01974	0.17483	0.11668	0.00247	0.00401	0.00641	0.00322	0.00393
7	0.00498	0.00365	0.00473	0.00551	0.00599	0.00339	0.00394	0.00587	0.00792	0.01034	0.02400	0.62740	0.13782	0.01175	0.00501	0.00159	0.00243	0.12681	0.00364	0.00326

[dist]
# distance from previous block
# <min> <max>
0	1

[block]
# block no. 10 follows, 69 sequences, length 7
# corresponding to MSA columns:
# 393-399
name=unknown_K
#
# <colnr> <probs for GDERKNQSTAVLIFYWHMCP>
#	G	D	E	R	K	N	Q	S	T	A	V	L	I	F	Y	W	H	M	C	P
0	0.12546	0.33821	0.11247	0.00896	0.04768	0.14019	0.04341	0.06763	0.04417	0.02907	0.00684	0.00770	0.00551	0.00375	0.00314	0.00105	0.00474	0.00266	0.00216	0.00520
1	0.03064	0.05326	0.55709	0.01053	0.01522	0.08054	0.07402	0.01263	0.00887	0.05138	0.06325	0.00987	0.00742	0.00404	0.00376	0.00121	0.00545	0.00328	0.00206	0.00548
2	0.06949	0.05060	0.00847	0.06378	0.00982	0.04712	0.00596	0.06631	0.15515	0.04165	0.06510	0.05024	0.15754	0.00695	0.00492	0.00136	0.07788	0.10981	0.00324	0.00459
3	0.00917	0.00810	0.11608	0.00671	0.00961	0.00593	0.00604	0.08192	0.01017	0.12701	0.21211	0.05737	0.01496	0.00516	0.00377	0.00102	0.00317	0.00434	0.00328	0.31408
4	0.77651	0.00746	0.00620	0.00539	0.00790	0.00840	0.00444	0.01251	0.00726	0.12457	0.00676	0.00728	0.00496	0.00380	0.00262	0.00121	0.00307	0.00236	0.00274	0.00456
5	0.00623	0.00502	0.00719	0.00869	0.17148	0.00474	0.00528	0.00801	0.01020	0.01424	0.53559	0.08515	0.10773	0.00760	0.00450	0.00125	0.00245	0.00678	0.00373	0.00412
6	0.00818	0.00658	0.00735	0.00687	0.00854	0.00712	0.00540	0.09381	0.35890	0.01522	0.12599	0.09924	0.11717	0.00754	0.00443	0.00139	0.00292	0.11448	0.00390	0.00495

[dist]
# distance from previous block
# <min> <max>
2	4

[block]
# block no. 11 follows, 69 sequences, length 8
# corresponding to MSA columns:
# 404-411
name=unknown_L
#
# <colnr> <probs for GDERKNQSTAVLIFYWHMCP>
#	G	D	E	R	K	N	Q	S	T	A	V	L	I	F	Y	W	H	M	C	P
0	0.01439	0.00659	0.00837	0.00676	0.00939	0.00613	0.00547	0.01754	0.15502	0.57661	0.05030	0.01674	0.09744	0.00559	0.00405	0.00125	0.00310	0.00460	0.00455	0.00612
1	0.67957	0.00765	0.00652	0.00575	0.00819	0.00871	0.00468	0.01362	0.13963	0.08222	0.00794	0.00825	0.00592	0.00401	0.00280	0.00123	0.00307	0.00264	0.00287	0.00475
2	0.00724	0.00593	0.00720	0.00600	0.00847	0.00475	0.00478	0.00881	0.00819	0.01212	0.01192	0.15780	0.01222	0.00591	0.00371	0.00097	0.00293	0.15014	0.00278	0.57813
3	0.01442	0.01292	0.01135	0.00924	0.01199	0.24427	0.00739	0.53562	0.08087	0.01984	0.00900	0.00917	0.00664	0.00457	0.00382	0.00114	0.00499	0.00332	0.00340	0.00604
4	0.00516	0.00390	0.00479	0.00530	0.00608	0.00359	0.00401	0.00623	0.00840	0.01071	0.05332	0.32038	0.30409	0.04542	0.00557	0.00163	0.00254	0.20197	0.00360	0.00331
5	0.00854	0.00780	0.01292	0.24556	0.22990	0.00861	0.10043	0.01140	0.06915	0.03538	0.01007	0.05575	0.00901	0.00529	0.00508	0.00138	0.08798	0.08839	0.00236	0.00500
6	0.34611	0.00852	0.00894	0.11295	0.04124	0.00978	0.00653	0.19553	0.20300	0.01779	0.00906	0.00962	0.00679	0.00430	0.00337	0.00124	0.00367	0.00320	0.00303	0.00533
7	0.27605	0.31615	0.01323	0.05918	0.06245	0.16629	0.00674	0.03956	0.00856	0.01260	0.00591	0.00703	0.00494	0.00365	0.00289	0.00104	0.00447	0.00240	0.00206	0.00479

[dist]
# distance from previous block
# <min> <max>
11	16

[block]
# block no. 12 follows, 69 sequences, length 87
# corresponding to MSA columns:
# 431-517
name=unknown_M
#
# <colnr> <probs for GDERKNQSTAVLIFYWHMCP>
#	G	D	E	R	K	N	Q	S	T	A	V	L	I	F	Y	W	H	M	C	P
0	0.00986	0.02814	0.01516	0.11885	0.65854	0.05162	0.01142	0.03702	0.00918	0.01261	0.00728	0.00957	0.00603	0.00360	0.00384	0.00117	0.00482	0.00341	0.00198	0.00590
1	0.13449	0.01180	0.05951	0.00876	0.01152	0.23959	0.06377	0.16117	0.02117	0.18377	0.01016	0.04185	0.02604	0.00466	0.00371	0.00118	0.00480	0.00359	0.00310	0.00539
2	0.01016	0.08789	0.45088	0.01005	0.01428	0.24758	0.01093	0.02179	0.03832	0.01164	0.00696	0.00800	0.00531	0.00380	0.00353	0.00111	0.00574	0.00275	0.00191	0.05735
3	0.54708	0.00740	0.00690	0.00600	0.00829	0.02622	0.03743	0.01226	0.09364	0.06715	0.06533	0.01234	0.08671	0.00477	0.00315	0.00124	0.00311	0.00350	0.00295	0.00452
4	0.00773	0.00731	0.01236	0.73338	0.14384	0.00880	0.01105	0.01031	0.00800	0.01042	0.00703	0.01034	0.00537	0.00386	0.00391	0.00129	0.00514	0.00349	0.00177	0.00462
5	0.01674	0.00813	0.00966	0.00752	0.01048	0.05653	0.00616	0.16600	0.01246	0.62957	0.01373	0.01229	0.00888	0.00515	0.01683	0.00127	0.00384	0.00379	0.00447	0.00650
6	0.00673	0.00504	0.00531	0.00484	0.00648	0.00462	0.00374	0.10336	0.02438	0.06190	0.05242	0.03235	0.65670	0.00889	0.00450	0.00130	0.00236	0.00736	0.00377	0.00396
7	0.00740	0.00697	0.01176	0.85280	0.02700	0.00871	0.01089	0.01002	0.00784	0.01002	0.00697	0.01045	0.00523	0.00392	0.00392	0.00131	0.00523	0.00348	0.00174	0.00436
8	0.00625	0.00447	0.00624	0.00713	0.00801	0.00446	0.00620	0.00801	0.00898	0.01167	0.02102	0.06866	0.03278	0.01086	0.00539	0.00179	0.00355	0.77733	0.00361	0.00359
9	0.00898	0.09183	0.07679	0.00677	0.01046	0.00692	0.00592	0.01072	0.00854	0.01300	0.00747	0.00884	0.00627	0.00345	0.00322	0.00078	0.00349	0.00257	0.00242	0.72158
10	0.00906	0.00923	0.03424	0.21306	0.49595	0.00927	0.14829	0.01167	0.00872	0.01212	0.00737	0.00999	0.00591	0.00356	0.00401	0.00123	0.00514	0.00367	0.00190	0.00562
11	0.01004	0.08847	0.04776	0.01963	0.55146	0.04897	0.10850	0.03748	0.02710	0.01273	0.00744	0.00942	0.00611	0.00357	0.00383	0.00115	0.00496	0.00346	0.00202	0.00591
12	0.00907	0.37850	0.37275	0.00921	0.01341	0.01186	0.04801	0.01215	0.03464	0.01117	0.02931	0.00833	0.00615	0.00383	0.00363	0.00109	0.03689	0.00282	0.00183	0.00534
13	0.00476	0.00349	0.00447	0.00524	0.00563	0.00320	0.00354	0.00548	0.00771	0.01009	0.02422	0.74122	0.14269	0.01194	0.00495	0.00155	0.00223	0.01073	0.00364	0.00320
14	0.00509	0.00364	0.00483	0.00567	0.00604	0.00345	0.00403	0.00595	0.00773	0.01021	0.02156	0.64860	0.04973	0.05370	0.00580	0.00173	0.00258	0.15286	0.00357	0.00322
15	0.01112	0.66384	0.01865	0.00848	0.06783	0.15399	0.00722	0.01241	0.00856	0.00953	0.00569	0.00666	0.00512	0.00348	0.00278	0.00089	0.00471	0.00226	0.00175	0.00503
16	0.00533	0.00396	0.00556	0.00643	0.04636	0.00395	0.00428	0.00635	0.00765	0.01050	0.11273	0.49887	0.02219	0.05279	0.19098	0.00266	0.00422	0.00853	0.00324	0.00342
17	0.00478	0.00341	0.00455	0.00546	0.00569	0.00318	0.00364	0.00546	0.00751	0.01001	0.02161	0.85966	0.02593	0.01228	0.00500	0.00159	0.00227	0.01114	0.00364	0.00318
18	0.00565	0.00381	0.00426	0.00426	0.00432	0.00378	0.00240	0.00570	0.00585	0.00774	0.01362	0.02622	0.05246	0.82261	0.01924	0.00369	0.00372	0.00582	0.00243	0.00242
19	0.05018	0.05033	0.01382	0.32774	0.40190	0.04094	0.01067	0.03721	0.00876	0.01208	0.00706	0.00955	0.00567	0.00371	0.00375	0.00120	0.00485	0.00332	0.00194	0.00533
20	0.00494	0.00350	0.00468	0.00557	0.00586	0.00330	0.00384	0.00574	0.00764	0.01022	0.02139	0.77974	0.02539	0.01203	0.00500	0.00160	0.00237	0.07533	0.01863	0.00323
21	0.00570	0.00380	0.00428	0.00428	0.00428	0.00380	0.00238	0.00570	0.00570	0.00760	0.01235	0.02566	0.01425	0.86222	0.01995	0.00380	0.00380	0.00570	0.00238	0.00238
22	0.05345	0.44292	0.21754	0.00837	0.01205	0.14623	0.00865	0.05031	0.00897	0.01118	0.00612	0.00705	0.00506	0.00363	0.00303	0.00100	0.00499	0.00243	0.00187	0.00518
23	0.00810	0.04601	0.72301	0.01164	0.01715	0.00940	0.10594	0.01241	0.00838	0.01233	0.00709	0.00847	0.00508	0.00367	0.00379	0.00124	0.00584	0.00307	0.00169	0.00571
24	0.00556	0.00416	0.00622	0.00626	0.00694	0.00482	0.00484	0.00693	0.00636	0.00914	0.01102	0.05465	0.01055	0.02861	0.80756	0.00608	0.01012	0.00452	0.00217	0.00349
25	0.00960	0.45206	0.37274	0.00883	0.01315	0.06180	0.01010	0.01226	0.00828	0.01062	0.00617	0.00719	0.00500	0.00355	0.00309	0.00102	0.00505	0.00247	0.00169	0.00533
26	0.00560	0.00420	0.00630	0.00630	0.00700	0.00490	0.00490	0.00700	0.00630	0.00910	0.01050	0.01540	0.00980	0.02940	0.84669	0.00630	0.01050	0.00420	0.00210	0.00350
27	0.00681	0.00340	0.00511	0.00511	0.00511	0.00340	0.00340	0.00511	0.00511	0.00681	0.00681	0.01192	0.00681	0.01362	0.01532	0.88594	0.00340	0.00340	0.00170	0.00170
28	0.01342	0.01024	0.01093	0.00872	0.01159	0.01147	0.00709	0.59340	0.25214	0.02232	0.01130	0.01091	0.00819	0.00488	0.00394	0.00122	0.00397	0.00379	0.00394	0.00653
29	0.00533	0.00385	0.00515	0.00600	0.00654	0.00367	0.00457	0.00644	0.00815	0.01067	0.02253	0.50777	0.07978	0.01159	0.00513	0.00165	0.00274	0.30145	0.00363	0.00335
30	0.00970	0.00931	0.01591	0.02406	0.83777	0.00931	0.01203	0.01203	0.00893	0.01281	0.00737	0.00970	0.00621	0.00349	0.00388	0.00116	0.00466	0.00349	0.00194	0.00621
31	0.88991	0.00758	0.00576	0.00516	0.00758	0.00879	0.00425	0.01152	0.00667	0.01759	0.00546	0.00637	0.00425	0.00364	0.00243	0.00121	0.00303	0.00212	0.00243	0.00425
32	0.00476	0.00348	0.00448	0.00528	0.00564	0.00320	0.00356	0.00548	0.00767	0.01008	0.02374	0.76270	0.12151	0.01200	0.00496	0.00156	0.00224	0.01081	0.00364	0.00320
33	0.00935	0.00895	0.01527	0.15288	0.71174	0.00922	0.01185	0.01172	0.00876	0.01237	0.00731	0.00982	0.00606	0.00356	0.00389	0.00119	0.00475	0.00349	0.00191	0.00592
34	0.00798	0.05952	0.80373	0.01097	0.01665	0.00940	0.01412	0.01238	0.00826	0.01227	0.00696	0.00818	0.00497	0.00371	0.00367	0.00122	0.00572	0.00286	0.00166	0.00576
35	0.00810	0.00768	0.01301	0.60307	0.27132	0.00889	0.01123	0.01062	0.00817	0.01086	0.00709	0.01023	0.00552	0.00379	0.00391	0.00126	0.00505	0.00349	0.00180	0.00491
36	0.00975	0.00842	0.00886	0.00798	0.01019	0.00975	0.00621	0.02083	0.83069	0.01640	0.01596	0.01463	0.01197	0.00532	0.00399	0.00133	0.00310	0.00443	0.00399	0.00621
37	0.01018	0.01060	0.01307	0.33480	0.30667	0.19676	0.01039	0.04987	0.00944	0.01158	0.00702	0.00938	0.00560	0.00383	0.00382	0.00118	0.00540	0.00327	0.00198	0.00515
38	0.00925	0.01058	0.02313	0.01652	0.02049	0.00991	0.82353	0.01256	0.00925	0.01256	0.00793	0.01058	0.00595	0.00330	0.00463	0.00132	0.00661	0.00463	0.00198	0.00529
39	0.00813	0.00697	0.00813	0.00581	0.00929	0.00523	0.00465	0.00987	0.00813	0.01277	0.00697	0.00813	0.00581	0.00290	0.00290	0.00058	0.00290	0.00232	0.00232	0.88619
40	0.00786	0.02028	0.84191	0.01117	0.01697	0.00910	0.01448	0.01242	0.00828	0.01242	0.00704	0.00828	0.00497	0.00372	0.00372	0.00124	0.00579	0.00290	0.00166	0.00579
41	0.01367	0.00737	0.00895	0.00716	0.00971	0.00733	0.00580	0.21859	0.09265	0.38585	0.18331	0.01577	0.01480	0.00551	0.00408	0.00122	0.00325	0.00454	0.00442	0.00601
42	0.00603	0.00482	0.00708	0.00683	0.00741	0.00590	0.00537	0.00732	0.00624	0.00911	0.00977	0.01465	0.00923	0.04513	0.70770	0.00558	0.13205	0.00412	0.00205	0.00359
43	0.00478	0.00341	0.00455	0.00546	0.00569	0.00318	0.00364	0.00546	0.00751	0.01001	0.02161	0.85966	0.02593	0.01228	0.00500	0.00159	0.00227	0.01114	0.00364	0.00318
44	0.00970	0.00931	0.01591	0.02406	0.83777	0.00931	0.01203	0.01203	0.00893	0.01281	0.00737	0.00970	0.00621	0.00349	0.00388	0.00116	0.00466	0.00349	0.00194	0.00621
45	0.00800	0.06497	0.79843	0.01094	0.01660	0.00944	0.01407	0.01238	0.00826	0.01225	0.00695	0.00817	0.00497	0.00371	0.00366	0.00122	0.00571	0.00285	0.00166	0.00575
46	0.01008	0.00669	0.00693	0.00589	0.00765	0.02168	0.00467	0.29842	0.03803	0.01823	0.06784	0.01364	0.01067	0.00487	0.00334	0.00104	0.00284	0.00385	0.46881	0.00482
47	0.00478	0.00341	0.00455	0.00546	0.00569	0.00318	0.00364	0.00546	0.00751	0.01001	0.02161	0.85966	0.02593	0.01228	0.00500	0.00159	0.00227	0.01114	0.00364	0.00318
48	0.00954	0.56035	0.31651	0.00832	0.01255	0.01320	0.00951	0.01198	0.00808	0.01037	0.00602	0.00701	0.00501	0.00349	0.00295	0.00098	0.00477	0.00238	0.00167	0.00531
49	0.01192	0.01051	0.01488	0.01386	0.18909	0.04225	0.18258	0.36454	0.03912	0.01767	0.00864	0.02022	0.00667	0.00436	0.00459	0.00124	0.05512	0.00383	0.00288	0.00600
50	0.00507	0.00399	0.00458	0.00443	0.00557	0.00350	0.00333	0.00648	0.00998	0.01306	0.42249	0.03367	0.45186	0.00901	0.00463	0.00128	0.00192	0.00770	0.00397	0.00350
51	0.01759	0.00667	0.00910	0.00698	0.01001	0.00576	0.00576	0.01911	0.01122	0.84048	0.01547	0.01334	0.00970	0.00485	0.00394	0.00121	0.00334	0.00394	0.00485	0.00667
