[name]
unknown

[dist]
# distance from previous block
# <min> <max>
0	87

[block]
# block no. 0 follows, 66 sequences, length 16
# corresponding to MSA columns:
# 90-105
name=unknown_A
#
# <colnr> <probs for GDERKNQSTAVLIFYWHMCP>
#	G	D	E	R	K	N	Q	S	T	A	V	L	I	F	Y	W	H	M	C	P
0	0.04001	0.28429	0.04543	0.02731	0.01110	0.04687	0.03930	0.10349	0.04709	0.04365	0.02542	0.05406	0.01103	0.00594	0.00413	0.00127	0.02599	0.16039	0.00283	0.02042
1	0.07743	0.10312	0.15992	0.00937	0.03776	0.07188	0.04876	0.14568	0.08461	0.06040	0.03055	0.03506	0.00836	0.03414	0.02231	0.00141	0.02140	0.00371	0.00281	0.04131
2	0.00668	0.00486	0.02616	0.00556	0.02450	0.00466	0.00359	0.00761	0.04369	0.03897	0.03000	0.02381	0.01410	0.65023	0.09597	0.00378	0.00457	0.00553	0.00261	0.00312
3	0.02765	0.22766	0.17605	0.03190	0.04551	0.15242	0.07886	0.04644	0.07320	0.04883	0.02005	0.02128	0.00695	0.00425	0.00384	0.00116	0.02283	0.00330	0.00234	0.00549
4	0.02167	0.09312	0.15784	0.07050	0.10070	0.05382	0.08990	0.05553	0.08506	0.06949	0.04335	0.06895	0.04513	0.00510	0.00403	0.00125	0.00464	0.00440	0.00274	0.02276
5	0.03362	0.12887	0.06754	0.08901	0.15535	0.06668	0.04528	0.04516	0.03356	0.13805	0.04287	0.02585	0.05068	0.01701	0.00439	0.00137	0.00467	0.00421	0.04000	0.00584
6	0.01065	0.00890	0.00939	0.00822	0.01062	0.01015	0.00646	0.14154	0.66438	0.01799	0.01664	0.01544	0.05003	0.00563	0.00415	0.00135	0.00335	0.00463	0.00410	0.00635
7	0.01162	0.13271	0.22070	0.03957	0.09271	0.04790	0.09764	0.06550	0.04502	0.11738	0.03787	0.02773	0.00872	0.00496	0.00452	0.00138	0.03108	0.00397	0.00287	0.00616
8	0.08451	0.02832	0.09970	0.04532	0.10865	0.14318	0.07692	0.07921	0.02730	0.19406	0.01026	0.05536	0.00794	0.00469	0.00392	0.00124	0.00486	0.00389	0.01496	0.00569
9	0.00589	0.00398	0.00465	0.00465	0.00472	0.00405	0.00274	0.00604	0.00597	0.00803	0.01258	0.02543	0.01426	0.76978	0.10762	0.00421	0.00467	0.00574	0.00243	0.00258
10	0.02013	0.02004	0.06424	0.02577	0.04475	0.02003	0.04388	0.08354	0.04231	0.03485	0.18225	0.22685	0.03817	0.02157	0.04598	0.02430	0.03260	0.02091	0.00336	0.00448
11	0.02920	0.19201	0.13859	0.06389	0.06006	0.10291	0.14371	0.08027	0.04836	0.02848	0.00772	0.00918	0.00607	0.00413	0.00432	0.00121	0.05761	0.00333	0.01348	0.00548
12	0.00698	0.00355	0.00523	0.00523	0.00523	0.00355	0.00346	0.00532	0.00532	0.00710	0.00740	0.01321	0.00752	0.06638	0.01615	0.82752	0.00355	0.00367	0.00180	0.00180
13	0.00667	0.00417	0.00547	0.00591	0.00660	0.00392	0.00413	0.00803	0.04524	0.10146	0.06598	0.67912	0.02497	0.01130	0.00499	0.00157	0.00249	0.01017	0.00396	0.00386
14	0.01006	0.02760	0.08798	0.03491	0.11445	0.04133	0.13243	0.08761	0.07098	0.08654	0.06005	0.09395	0.04402	0.00569	0.00466	0.00132	0.03894	0.02027	0.00301	0.03420
15	0.06175	0.09816	0.10421	0.04007	0.11242	0.07293	0.06082	0.08426	0.15000	0.08986	0.01012	0.02121	0.00775	0.00447	0.00391	0.00122	0.01707	0.00364	0.05038	0.00575

[dist]
# distance from previous block
# <min> <max>
1	3

[block]
# block no. 1 follows, 66 sequences, length 12
# corresponding to MSA columns:
# 109-113,115-121
name=unknown_B
#
# <colnr> <probs for GDERKNQSTAVLIFYWHMCP>
#	G	D	E	R	K	N	Q	S	T	A	V	L	I	F	Y	W	H	M	C	P
0	0.00646	0.05114	0.02221	0.00587	0.02255	0.00512	0.00446	0.03725	0.02764	0.02595	0.30268	0.13674	0.22374	0.03943	0.06886	0.00181	0.00317	0.00724	0.00370	0.00398
1	0.00903	0.05499	0.18386	0.07684	0.15874	0.03387	0.06098	0.05662	0.07124	0.01249	0.02163	0.01182	0.00773	0.05188	0.04703	0.10593	0.00513	0.00374	0.02141	0.00504
2	0.00526	0.00412	0.00478	0.00491	0.00593	0.00370	0.00360	0.00674	0.03046	0.01242	0.24633	0.21963	0.39782	0.01019	0.00488	0.00142	0.00215	0.02809	0.00396	0.00359
3	0.01563	0.01153	0.01191	0.00924	0.01240	0.06645	0.00758	0.70193	0.01798	0.08936	0.01001	0.00991	0.00704	0.00484	0.00403	0.00121	0.00457	0.00362	0.00401	0.00676
4	0.05314	0.22562	0.06673	0.00795	0.02826	0.02910	0.03929	0.08990	0.04821	0.01379	0.00745	0.00841	0.00605	0.00357	0.00320	0.00090	0.00399	0.00272	0.00241	0.35930
5	0.03721	0.04418	0.05002	0.02119	0.63742	0.09258	0.01151	0.03463	0.00959	0.01325	0.00740	0.00946	0.00616	0.00371	0.00387	0.00118	0.00504	0.00339	0.00206	0.00614
6	0.00526	0.00406	0.00467	0.00462	0.00563	0.00361	0.00335	0.00650	0.00967	0.01261	0.33014	0.09542	0.40346	0.08549	0.00624	0.00159	0.00219	0.00809	0.00391	0.00348
7	0.01014	0.03838	0.17121	0.07673	0.31947	0.00930	0.04360	0.05983	0.05106	0.08131	0.04755	0.02306	0.00855	0.01683	0.00450	0.00130	0.02479	0.00390	0.00254	0.00592
8	0.00506	0.00399	0.00457	0.00469	0.00571	0.00350	0.00342	0.00624	0.00949	0.01216	0.23463	0.21194	0.45959	0.01030	0.00487	0.00141	0.00208	0.00889	0.00394	0.00350
9	0.05866	0.04013	0.13703	0.00949	0.07034	0.00804	0.04793	0.06642	0.04296	0.18927	0.13831	0.05726	0.02510	0.00585	0.00502	0.01797	0.06682	0.00464	0.00332	0.00545
10	0.04461	0.69603	0.01965	0.04593	0.01156	0.04334	0.03469	0.01213	0.00826	0.01006	0.00581	0.00698	0.00522	0.00368	0.00321	0.00096	0.03858	0.00240	0.00179	0.00510
11	0.01907	0.00554	0.00686	0.00704	0.02637	0.02112	0.00501	0.07412	0.03991	0.01156	0.01594	0.40166	0.01774	0.11494	0.09804	0.01690	0.08459	0.02659	0.00316	0.00385

[dist]
# distance from previous block
# <min> <max>
2	6

[block]
# block no. 2 follows, 66 sequences, length 38
# corresponding to MSA columns:
# 130-167
name=unknown_C
#
# <colnr> <probs for GDERKNQSTAVLIFYWHMCP>
#	G	D	E	R	K	N	Q	S	T	A	V	L	I	F	Y	W	H	M	C	P
0	0.06541	0.09450	0.10052	0.01041	0.04944	0.03298	0.18163	0.10651	0.04945	0.05039	0.07867	0.07398	0.04787	0.02194	0.00458	0.00133	0.01747	0.00476	0.00288	0.00527
1	0.26148	0.06880	0.01175	0.00946	0.02939	0.28176	0.08143	0.05236	0.00933	0.02201	0.00660	0.00829	0.00548	0.01984	0.01707	0.00135	0.10356	0.00295	0.00228	0.00480
2	0.00912	0.01210	0.15181	0.02994	0.01984	0.00976	0.63188	0.01254	0.00919	0.01265	0.00829	0.01141	0.00645	0.04960	0.00548	0.00149	0.00652	0.00454	0.00202	0.00538
3	0.82058	0.00871	0.00638	0.00572	0.00820	0.07167	0.00465	0.01225	0.00725	0.01758	0.00570	0.00665	0.00446	0.00380	0.00260	0.00124	0.00345	0.00223	0.00248	0.00442
4	0.00758	0.00712	0.01194	0.82362	0.02730	0.00885	0.01103	0.01024	0.00814	0.01038	0.00818	0.01162	0.02893	0.00423	0.00408	0.00135	0.00531	0.00375	0.00186	0.00448
5	0.41688	0.00687	0.00658	0.00568	0.00787	0.00742	0.00457	0.08157	0.00902	0.15438	0.00978	0.01093	0.00740	0.03565	0.03540	0.00148	0.00336	0.00318	0.18717	0.00480
6	0.00547	0.00402	0.00517	0.00542	0.00621	0.00372	0.00404	0.00690	0.00981	0.01328	0.38402	0.27999	0.14008	0.01024	0.00500	0.00147	0.00228	0.10520	0.00407	0.00360
7	0.00537	0.00427	0.00512	0.02964	0.01792	0.00385	0.00387	0.00680	0.00996	0.01297	0.33623	0.09060	0.41893	0.00944	0.00481	0.00136	0.00220	0.02906	0.00395	0.00365
8	0.01753	0.00688	0.00921	0.00712	0.01015	0.00606	0.00586	0.03119	0.02946	0.76967	0.01581	0.01383	0.01006	0.00502	0.00403	0.00124	0.00339	0.00407	0.04265	0.00676
9	0.02641	0.00810	0.04107	0.04875	0.03116	0.04629	0.01474	0.15155	0.19230	0.01572	0.13608	0.16678	0.08976	0.00721	0.00439	0.00135	0.00347	0.00615	0.00366	0.00506
10	0.04714	0.08766	0.36335	0.04718	0.05409	0.05374	0.20856	0.03148	0.02712	0.03102	0.00771	0.00927	0.00574	0.00381	0.00394	0.00125	0.00578	0.00344	0.00205	0.00567
11	0.01144	0.58109	0.04510	0.00844	0.04268	0.10237	0.02532	0.02543	0.00899	0.06158	0.00710	0.02917	0.00622	0.00434	0.01507	0.00106	0.01443	0.00278	0.00209	0.00528
12	0.00494	0.00412	0.00431	0.00426	0.00557	0.00349	0.00320	0.00610	0.00959	0.01178	0.16251	0.03770	0.70854	0.00997	0.00479	0.00136	0.00203	0.00837	0.00388	0.00349
13	0.02724	0.06701	0.17719	0.01194	0.14406	0.10302	0.08511	0.03425	0.00990	0.15551	0.02454	0.02282	0.02466	0.00440	0.00388	0.00118	0.00488	0.01326	0.02011	0.06504
14	0.02670	0.02103	0.29129	0.03661	0.29360	0.03280	0.05324	0.02653	0.04015	0.04550	0.03802	0.01041	0.00738	0.00400	0.00393	0.00121	0.00504	0.00352	0.00226	0.05679
15	0.32851	0.48301	0.02981	0.00679	0.00991	0.04892	0.02199	0.01227	0.00793	0.01283	0.00575	0.00670	0.00493	0.00361	0.00268	0.00103	0.00411	0.00226	0.00204	0.00491
16	0.00870	0.03217	0.74769	0.01133	0.01702	0.00941	0.03115	0.01339	0.03259	0.04809	0.00792	0.00900	0.00558	0.00394	0.00387	0.00128	0.00580	0.00312	0.00193	0.00602
17	0.00819	0.02666	0.08117	0.02361	0.11478	0.00690	0.03417	0.01109	0.10107	0.01520	0.34470	0.07397	0.09411	0.00768	0.00490	0.00149	0.00352	0.02636	0.00384	0.01659
18	0.00497	0.00359	0.00467	0.00550	0.00582	0.00333	0.00368	0.00570	0.00788	0.01042	0.03522	0.76378	0.08261	0.03507	0.00556	0.00168	0.00237	0.01111	0.00374	0.00329
19	0.00656	0.00409	0.00474	0.00464	0.00484	0.00405	0.00273	0.00669	0.00628	0.05399	0.01319	0.04783	0.01474	0.77513	0.03147	0.00376	0.00397	0.00593	0.00263	0.00275
20	0.01044	0.01379	0.31677	0.05291	0.14232	0.01011	0.01098	0.18224	0.16726	0.02793	0.00981	0.01056	0.00724	0.00438	0.00398	0.00127	0.00485	0.00359	0.01331	0.00625
21	0.00495	0.00400	0.00440	0.00454	0.00563	0.00345	0.00331	0.00603	0.00925	0.01154	0.14099	0.19570	0.57104	0.01049	0.00487	0.00141	0.00209	0.00898	0.00386	0.00345
22	0.00926	0.00762	0.00915	0.00692	0.03037	0.00612	0.01790	0.06840	0.00931	0.03814	0.00768	0.00875	0.00620	0.00322	0.00316	0.00069	0.00323	0.00261	0.00258	0.75871
23	0.00804	0.00794	0.03135	0.70534	0.09590	0.02557	0.01110	0.01084	0.02445	0.01074	0.00754	0.01106	0.00583	0.02294	0.00441	0.00139	0.00533	0.00364	0.00188	0.00470
24	0.06062	0.16813	0.11554	0.00916	0.03019	0.10821	0.00811	0.29666	0.09899	0.01701	0.00925	0.04407	0.00743	0.00471	0.00369	0.00118	0.00468	0.00352	0.00298	0.00587
25	0.01191	0.00763	0.00915	0.04768	0.02907	0.02557	0.00629	0.21849	0.06027	0.21064	0.12941	0.09166	0.03508	0.01711	0.00485	0.00135	0.03726	0.02056	0.03046	0.00555
26	0.00600	0.00429	0.00519	0.00530	0.00625	0.00399	0.00384	0.02586	0.02651	0.04338	0.18966	0.31957	0.25910	0.04276	0.02171	0.00165	0.00254	0.02480	0.00389	0.00371
27	0.00496	0.00364	0.00461	0.00536	0.00576	0.00334	0.00360	0.00569	0.00791	0.01034	0.02474	0.69520	0.14688	0.05025	0.00582	0.00171	0.00238	0.01084	0.00371	0.00328
28	0.02839	0.01798	0.01125	0.01008	0.01226	0.73187	0.00763	0.07468	0.01192	0.02946	0.00688	0.00779	0.00555	0.00425	0.00366	0.00106	0.00684	0.00274	0.02081	0.00489
29	0.00571	0.00422	0.00510	0.00482	0.00598	0.00376	0.00362	0.00735	0.01067	0.02576	0.54231	0.03201	0.28043	0.00868	0.00470	0.00128	0.00200	0.00750	0.02346	0.02063
30	0.02666	0.17263	0.20324	0.03426	0.06169	0.02446	0.03588	0.04664	0.12041	0.05109	0.02283	0.04833	0.05609	0.00569	0.02049	0.00136	0.04075	0.01943	0.00265	0.00545
31	0.01177	0.01211	0.01059	0.00933	0.01162	0.26217	0.03724	0.04649	0.50539	0.01485	0.01266	0.01231	0.00967	0.00503	0.00418	0.00128	0.02013	0.00395	0.00339	0.00585
32	0.10644	0.06729	0.01034	0.00777	0.01036	0.09925	0.00632	0.37477	0.03503	0.07384	0.01005	0.02784	0.00773	0.01944	0.00390	0.00120	0.00411	0.00356	0.12509	0.00569
33	0.01355	0.00974	0.03095	0.03940	0.03463	0.00986	0.10960	0.37749	0.06669	0.17960	0.01173	0.06212	0.00886	0.00511	0.00420	0.00127	0.00441	0.00438	0.00376	0.02265
34	0.00525	0.02037	0.04556	0.00591	0.00653	0.00387	0.00436	0.00618	0.00785	0.01046	0.02176	0.73466	0.05466	0.03202	0.00543	0.00166	0.00262	0.02380	0.00360	0.00345
35	0.09268	0.00710	0.00778	0.04248	0.00930	0.02560	0.00536	0.18407	0.06875	0.09584	0.19497	0.03398	0.08718	0.05459	0.00504	0.00141	0.00326	0.01551	0.04799	0.01711
36	0.01807	0.05836	0.08144	0.06818	0.29717	0.02736	0.08923	0.08942	0.06055	0.03220	0.05297	0.03510	0.02454	0.00475	0.00424	0.00127	0.01770	0.02069	0.01105	0.00572
37	0.04006	0.24565	0.14443	0.05021	0.08811	0.03423	0.03032	0.02099	0.01728	0.01170	0.02903	0.15015	0.04859	0.02998	0.00423	0.00128	0.00420	0.00476	0.03994	0.00484

[dist]
# distance from previous block
# <min> <max>
6	14

[block]
# block no. 3 follows, 66 sequences, length 17
# corresponding to MSA columns:
# 205-221
name=unknown_D
#
# <colnr> <probs for GDERKNQSTAVLIFYWHMCP>
#	G	D	E	R	K	N	Q	S	T	A	V	L	I	F	Y	W	H	M	C	P
0	0.08132	0.04275	0.17662	0.05722	0.15838	0.07245	0.04851	0.13164	0.05644	0.07598	0.02710	0.02478	0.00752	0.00443	0.00402	0.00125	0.01744	0.00362	0.00270	0.00582
1	0.00536	0.00397	0.00511	0.00558	0.00622	0.00373	0.00395	0.00654	0.02133	0.01130	0.12119	0.52498	0.10706	0.03312	0.05520	0.00189	0.00291	0.04506	0.00369	0.03180
2	0.37527	0.16448	0.04254	0.00724	0.00995	0.19045	0.00618	0.02833	0.05000	0.01423	0.00709	0.03475	0.00600	0.00417	0.00305	0.00113	0.00437	0.00277	0.00240	0.04561
3	0.00994	0.01052	0.07205	0.01231	0.01458	0.01112	0.26632	0.14370	0.00963	0.01363	0.00791	0.04975	0.00686	0.00561	0.00805	0.00151	0.34466	0.00430	0.00233	0.00522
4	0.00705	0.00352	0.00529	0.00529	0.00529	0.00352	0.00352	0.00529	0.00529	0.00705	0.00705	0.01233	0.00705	0.01409	0.01586	0.88196	0.00352	0.00352	0.00176	0.00176
5	0.00859	0.06819	0.54891	0.01043	0.01508	0.02313	0.04420	0.06551	0.02571	0.01319	0.01020	0.08571	0.03995	0.00502	0.00414	0.00130	0.01884	0.00408	0.00220	0.00561
6	0.42391	0.00843	0.02771	0.00721	0.01013	0.00861	0.05684	0.11204	0.02794	0.21657	0.00934	0.00951	0.00658	0.00422	0.00331	0.00123	0.00364	0.00311	0.02588	0.03376
7	0.00494	0.00353	0.00471	0.00565	0.00588	0.00330	0.00377	0.00565	0.00777	0.01036	0.02236	0.85477	0.02683	0.01271	0.00518	0.00165	0.00235	0.01153	0.00377	0.00330
8	0.00519	0.00434	0.00455	0.00446	0.00581	0.00381	0.00336	0.00686	0.04909	0.01204	0.15728	0.03659	0.67296	0.00975	0.00476	0.00136	0.00209	0.00819	0.00389	0.00363
9	0.00550	0.00408	0.00488	0.00528	0.00613	0.00373	0.00379	0.00682	0.03725	0.03174	0.06277	0.44499	0.31257	0.01115	0.00498	0.00152	0.00234	0.04305	0.00384	0.00358
10	0.00830	0.00486	0.00564	0.00523	0.00656	0.00492	0.00403	0.03161	0.08222	0.09189	0.15816	0.01903	0.06352	0.00885	0.10383	0.00177	0.00331	0.00485	0.38705	0.00436
11	0.00523	0.00389	0.00489	0.00549	0.00614	0.00358	0.00399	0.00626	0.00861	0.01119	0.09243	0.46136	0.21405	0.02914	0.00544	0.00163	0.00248	0.12696	0.00379	0.00342
12	0.02680	0.00478	0.00605	0.00616	0.00706	0.00473	0.00453	0.07205	0.00902	0.08259	0.04755	0.42485	0.03748	0.08201	0.06185	0.01984	0.00347	0.09163	0.00364	0.00390
13	0.00619	0.00481	0.00720	0.00778	0.06807	0.00548	0.00546	0.00756	0.00666	0.00956	0.01068	0.01634	0.01019	0.10645	0.68152	0.00577	0.02994	0.00442	0.00218	0.00374
14	0.00892	0.01939	0.73763	0.01120	0.01671	0.00930	0.01404	0.01322	0.00868	0.07351	0.00784	0.00897	0.00551	0.00409	0.00430	0.00131	0.04431	0.00310	0.00196	0.00599
15	0.04230	0.00497	0.00668	0.05619	0.02706	0.00505	0.01503	0.04412	0.00832	0.04870	0.01742	0.22346	0.09455	0.05754	0.05722	0.14410	0.00380	0.13674	0.00312	0.00365
16	0.00998	0.00935	0.06906	0.02851	0.30009	0.00909	0.03058	0.18634	0.01068	0.01497	0.00999	0.04429	0.00897	0.06589	0.04387	0.00173	0.06190	0.04986	0.03934	0.00552

[dist]
# distance from previous block
# <min> <max>
0	13

[block]
# block no. 4 follows, 66 sequences, length 13
# corresponding to MSA columns:
# 235-247
name=unknown_E
#
# <colnr> <probs for GDERKNQSTAVLIFYWHMCP>
#	G	D	E	R	K	N	Q	S	T	A	V	L	I	F	Y	W	H	M	C	P
0	0.09539	0.05683	0.09735	0.09546	0.24141	0.05925	0.10815	0.06055	0.00954	0.04859	0.00886	0.04668	0.00752	0.01760	0.00421	0.00131	0.00497	0.02846	0.00239	0.00548
1	0.01456	0.01181	0.05226	0.00979	0.03478	0.03867	0.00808	0.69610	0.03527	0.02358	0.00988	0.02880	0.00732	0.00496	0.00406	0.00123	0.00457	0.00378	0.00382	0.00668
2	0.00946	0.00853	0.01350	0.24848	0.27694	0.02851	0.08410	0.02403	0.02423	0.05226	0.00837	0.01140	0.00684	0.05893	0.00531	0.00139	0.02769	0.00375	0.00224	0.10408
3	0.00694	0.00356	0.00521	0.00521	0.00521	0.00356	0.00343	0.00534	0.00534	0.00712	0.00757	0.01362	0.00775	0.09067	0.01629	0.80223	0.00356	0.00374	0.00183	0.00183
4	0.02387	0.00646	0.00864	0.00947	0.14433	0.02885	0.00604	0.07665	0.01883	0.10448	0.02865	0.05228	0.03140	0.06163	0.06896	0.26774	0.03664	0.00437	0.01652	0.00419
5	0.04777	0.08804	0.08005	0.00826	0.02171	0.04414	0.05747	0.06820	0.00933	0.06007	0.00765	0.00882	0.00607	0.00380	0.00406	0.00096	0.06643	0.00288	0.01389	0.40038
6	0.00593	0.00430	0.00631	0.00631	0.00705	0.00497	0.00490	0.00741	0.00667	0.00985	0.01105	0.01588	0.01016	0.02848	0.77771	0.00610	0.01019	0.00430	0.06878	0.00363
7	0.00562	0.00385	0.00454	0.00482	0.00496	0.00376	0.00293	0.00589	0.00662	0.00876	0.01666	0.25076	0.04931	0.57665	0.01551	0.00317	0.00343	0.02713	0.00289	0.00275
8	0.03240	0.15542	0.05370	0.11797	0.12884	0.24133	0.08850	0.04605	0.00988	0.03151	0.00732	0.00898	0.00586	0.00398	0.00383	0.00114	0.01922	0.00316	0.03566	0.00523
9	0.00581	0.00437	0.00542	0.00526	0.00630	0.00411	0.00396	0.00803	0.05578	0.01491	0.57496	0.09392	0.15373	0.00888	0.00481	0.00135	0.00211	0.03816	0.00426	0.00387
10	0.00530	0.00367	0.00478	0.00546	0.00578	0.00346	0.00370	0.00579	0.00755	0.00994	0.02148	0.59043	0.08865	0.09439	0.00766	0.08404	0.00266	0.04871	0.00345	0.00310
11	0.00900	0.00826	0.00868	0.00639	0.00987	0.07790	0.00507	0.01073	0.00868	0.01293	0.00713	0.00832	0.00594	0.00311	0.00306	0.00064	0.00338	0.00242	0.00238	0.80610
12	0.01023	0.09772	0.08515	0.03527	0.12635	0.03672	0.07578	0.05342	0.10778	0.11546	0.01461	0.06905	0.10564	0.03134	0.00473	0.00136	0.01613	0.00481	0.00302	0.00545

[dist]
# distance from previous block
# <min> <max>
2	10

[block]
# block no. 5 follows, 66 sequences, length 12
# corresponding to MSA columns:
# 258,259,261-270
name=unknown_F
#
# <colnr> <probs for GDERKNQSTAVLIFYWHMCP>
#	G	D	E	R	K	N	Q	S	T	A	V	L	I	F	Y	W	H	M	C	P
0	0.01337	0.19255	0.04192	0.01053	0.05045	0.48692	0.02868	0.06948	0.01084	0.01124	0.00648	0.00765	0.00542	0.00416	0.00396	0.00108	0.04533	0.00275	0.00212	0.00509
1	0.03795	0.01102	0.01322	0.01050	0.01328	0.13621	0.19475	0.20835	0.20943	0.03375	0.04104	0.01249	0.00932	0.04425	0.00494	0.00139	0.00496	0.00419	0.00323	0.00572
2	0.00533	0.00395	0.00513	0.00569	0.00631	0.00353	0.00388	0.00616	0.00784	0.01068	0.02065	0.75918	0.02448	0.01161	0.00493	0.00153	0.00243	0.01050	0.00361	0.10256
3	0.00597	0.00442	0.00577	0.00632	0.00732	0.00421	0.00527	0.00761	0.00956	0.01241	0.14477	0.07921	0.19933	0.01065	0.00529	0.00166	0.00304	0.47967	0.00385	0.00366
4	0.00596	0.00434	0.00579	0.00577	0.00614	0.00482	0.00408	0.00673	0.00635	0.00885	0.01215	0.05209	0.01289	0.39087	0.39392	0.00488	0.04406	0.02477	0.00238	0.00314
5	0.00705	0.00352	0.00529	0.00529	0.00529	0.00352	0.00352	0.00529	0.00529	0.00705	0.00705	0.01233	0.00705	0.01409	0.01586	0.88196	0.00352	0.00352	0.00176	0.00176
6	0.01362	0.13204	0.05991	0.00954	0.03074	0.18569	0.00797	0.36505	0.10952	0.03345	0.00917	0.00943	0.00690	0.00452	0.00377	0.00116	0.00497	0.00331	0.00317	0.00609
7	0.02542	0.37041	0.21532	0.00997	0.04113	0.04203	0.09364	0.03724	0.02448	0.06192	0.00738	0.00840	0.00582	0.00382	0.00356	0.00110	0.01875	0.00294	0.00213	0.02453
8	0.04939	0.16607	0.41111	0.03397	0.05337	0.09415	0.03572	0.04018	0.02432	0.04520	0.00746	0.00856	0.00561	0.00391	0.00362	0.00118	0.00546	0.00297	0.00207	0.00569
9	0.00874	0.15113	0.60803	0.01153	0.01689	0.01056	0.11318	0.01276	0.00864	0.01235	0.00714	0.00854	0.00528	0.00374	0.00377	0.00123	0.00584	0.00309	0.00176	0.00581
10	0.00612	0.00427	0.00553	0.03866	0.00724	0.00412	0.00428	0.03425	0.02464	0.04824	0.06353	0.62272	0.09861	0.01118	0.00497	0.00155	0.00256	0.01000	0.00380	0.00373
11	0.05426	0.09009	0.24378	0.01199	0.11848	0.09748	0.09298	0.05561	0.01009	0.15507	0.02682	0.01003	0.00705	0.00413	0.00384	0.00121	0.00518	0.00342	0.00262	0.00587

[dist]
# distance from previous block
# <min> <max>
0	1

[block]
# block no. 6 follows, 66 sequences, length 26
# corresponding to MSA columns:
# 272-297
name=unknown_G
#
# <colnr> <probs for GDERKNQSTAVLIFYWHMCP>
#	G	D	E	R	K	N	Q	S	T	A	V	L	I	F	Y	W	H	M	C	P
0	0.06968	0.05314	0.01978	0.02296	0.06417	0.05225	0.02752	0.05784	0.03218	0.09935	0.01277	0.17802	0.01242	0.03807	0.04654	0.01389	0.16075	0.03017	0.00324	0.00526
1	0.00494	0.00353	0.00471	0.00565	0.00588	0.00330	0.00377	0.00565	0.00777	0.01036	0.02236	0.85477	0.02683	0.01271	0.00518	0.00165	0.00235	0.01153	0.00377	0.00330
2	0.03517	0.01146	0.13084	0.08937	0.29906	0.04707	0.12493	0.06660	0.05505	0.06930	0.00866	0.01030	0.00659	0.00405	0.00427	0.00127	0.02396	0.00369	0.00242	0.00595
3	0.10692	0.00728	0.00814	0.00593	0.00942	0.00582	0.00476	0.01041	0.00824	0.01378	0.00704	0.00821	0.00583	0.00309	0.00295	0.00067	0.00302	0.00238	0.00242	0.78370
4	0.01542	0.01136	0.01218	0.00933	0.01258	0.01258	0.00771	0.81858	0.01908	0.02557	0.00974	0.00974	0.00690	0.00487	0.00406	0.00122	0.00446	0.00365	0.00406	0.00690
5	0.09509	0.00519	0.00595	0.00608	0.00710	0.02408	0.00447	0.02308	0.05764	0.05317	0.01675	0.41269	0.01795	0.03515	0.12032	0.00223	0.00394	0.03509	0.05381	0.02022
6	0.00545	0.00412	0.00503	0.00489	0.00594	0.00371	0.00367	0.00705	0.01062	0.01437	0.54618	0.06910	0.26908	0.00913	0.00482	0.00133	0.00201	0.02559	0.00422	0.00369
7	0.02689	0.00427	0.00540	0.02921	0.00682	0.00418	0.00411	0.02119	0.03264	0.01308	0.27576	0.41607	0.06852	0.01043	0.02281	0.00156	0.00253	0.00879	0.04203	0.00371
8	0.04571	0.24291	0.25960	0.01042	0.06376	0.08228	0.03579	0.13366	0.06453	0.01413	0.00772	0.00861	0.00599	0.00401	0.00354	0.00114	0.00509	0.00301	0.00232	0.00578
9	0.00793	0.00736	0.01235	0.72545	0.11738	0.00890	0.01110	0.01057	0.00825	0.01086	0.00747	0.01088	0.00570	0.00403	0.00401	0.00132	0.00522	0.00361	0.03292	0.00470
10	0.00504	0.00409	0.00448	0.00449	0.00569	0.00353	0.00335	0.00625	0.00963	0.01207	0.20692	0.09194	0.59260	0.01004	0.00483	0.00138	0.00208	0.02417	0.00392	0.00351
11	0.84928	0.04366	0.00661	0.00540	0.00795	0.00939	0.00450	0.01194	0.00696	0.01784	0.00565	0.00659	0.00443	0.00375	0.00251	0.00124	0.00319	0.00220	0.00248	0.00443
12	0.00930	0.02775	0.02890	0.26541	0.41222	0.02055	0.02854	0.02596	0.00918	0.03296	0.04349	0.01238	0.02342	0.00436	0.00427	0.00128	0.02151	0.02076	0.00222	0.00553
13	0.03702	0.25198	0.33355	0.01947	0.05848	0.02730	0.04560	0.02536	0.00910	0.11886	0.01803	0.00908	0.00633	0.00400	0.00372	0.00117	0.01984	0.00307	0.00228	0.00576
14	0.15720	0.03839	0.18910	0.01146	0.10038	0.04782	0.12163	0.12592	0.03827	0.07999	0.02461	0.02294	0.01596	0.00433	0.00383	0.00126	0.00484	0.00364	0.00272	0.00572
15	0.01718	0.00817	0.00980	0.00764	0.01065	0.05470	0.00625	0.13573	0.01269	0.64054	0.04335	0.01343	0.01031	0.00507	0.00408	0.00124	0.00377	0.00405	0.00469	0.00667
16	0.00844	0.05205	0.39712	0.12480	0.15161	0.02563	0.04948	0.01177	0.00871	0.01228	0.03893	0.06240	0.00803	0.00461	0.00425	0.00130	0.02714	0.00393	0.00203	0.00549
17	0.02792	0.05150	0.32855	0.03972	0.05479	0.09978	0.08749	0.03984	0.02289	0.16554	0.02449	0.02328	0.00734	0.00432	0.00395	0.00125	0.00532	0.00359	0.00263	0.00583
18	0.04544	0.03472	0.00727	0.00734	0.00855	0.00573	0.00631	0.04864	0.03646	0.01312	0.03488	0.08237	0.02120	0.01014	0.00520	0.00174	0.00364	0.61955	0.00366	0.00404
19	0.00598	0.00451	0.00640	0.00632	0.00684	0.00523	0.00473	0.00708	0.00642	0.00916	0.01128	0.04425	0.01131	0.19532	0.59903	0.00556	0.06007	0.00484	0.00226	0.00343
20	0.01097	0.06925	0.19306	0.09437	0.11121	0.10699	0.10574	0.06094	0.00990	0.10095	0.02320	0.01064	0.00700	0.00441	0.00459	0.00127	0.06019	0.01728	0.00242	0.00561
21	0.04296	0.03928	0.07802	0.24480	0.27864	0.03971	0.06634	0.03469	0.03877	0.01269	0.02038	0.05136	0.02590	0.00451	0.00404	0.00128	0.00494	0.00408	0.00224	0.00538
22	0.00590	0.00482	0.00551	0.00597	0.03465	0.04029	0.00408	0.00723	0.01938	0.01236	0.25839	0.31161	0.21213	0.03884	0.00535	0.00150	0.00252	0.00858	0.01724	0.00367
23	0.00621	0.00472	0.00639	0.03335	0.04452	0.00463	0.02545	0.00758	0.02510	0.02453	0.08674	0.25908	0.16000	0.14505	0.02004	0.00197	0.01598	0.10308	0.02190	0.00367
24	0.10566	0.06524	0.07099	0.04037	0.16196	0.02398	0.01720	0.05679	0.01767	0.06898	0.00895	0.04637	0.02038	0.00438	0.00406	0.00110	0.04889	0.00347	0.00255	0.23101
25	0.02025	0.02544	0.01932	0.02024	0.05170	0.03508	0.03075	0.04484	0.04161	0.05531	0.05243	0.11443	0.07462	0.09757	0.08853	0.00204	0.04470	0.02104	0.05725	0.10287

[dist]
# distance from previous block
# <min> <max>
6	15

[block]
# block no. 7 follows, 66 sequences, length 30
# corresponding to MSA columns:
# 315-344
name=unknown_H
#
# <colnr> <probs for GDERKNQSTAVLIFYWHMCP>
#	G	D	E	R	K	N	Q	S	T	A	V	L	I	F	Y	W	H	M	C	P
0	0.04289	0.19907	0.11135	0.00983	0.06371	0.10925	0.04894	0.12006	0.06753	0.04423	0.00861	0.01840	0.00707	0.03953	0.04454	0.00151	0.02241	0.00337	0.00253	0.03518
1	0.00607	0.00460	0.00555	0.00553	0.00647	0.00453	0.00405	0.00860	0.10844	0.01336	0.33958	0.16869	0.13425	0.10464	0.02178	0.00179	0.00265	0.05167	0.00391	0.00384
2	0.01236	0.02930	0.06508	0.00896	0.01192	0.03613	0.00758	0.35357	0.39261	0.01992	0.01254	0.01203	0.00925	0.00505	0.00403	0.00128	0.00406	0.00398	0.00383	0.00652
3	0.00622	0.00420	0.00595	0.00612	0.02272	0.00410	0.03397	0.00648	0.02689	0.00941	0.03909	0.27396	0.08125	0.12812	0.03874	0.29670	0.00345	0.00691	0.00279	0.00292
4	0.00958	0.29134	0.45492	0.01086	0.05706	0.04859	0.03843	0.02433	0.00881	0.01186	0.00679	0.00802	0.00529	0.00373	0.00348	0.00114	0.00546	0.00281	0.00180	0.00570
5	0.01026	0.14199	0.34091	0.06381	0.05551	0.05171	0.04286	0.07491	0.02363	0.08392	0.00917	0.06721	0.00745	0.00461	0.00385	0.00123	0.00512	0.00375	0.00242	0.00569
6	0.00584	0.00397	0.00471	0.00476	0.00487	0.00405	0.00286	0.00607	0.00607	0.00819	0.01298	0.06366	0.01470	0.70900	0.12824	0.00417	0.00477	0.00596	0.00248	0.00265
7	0.00865	0.03812	0.00985	0.02508	0.00964	0.09166	0.03359	0.02208	0.00890	0.04865	0.18889	0.13421	0.03390	0.00813	0.02781	0.00160	0.28143	0.02054	0.00295	0.00433
8	0.00838	0.02731	0.01212	0.17411	0.17660	0.02867	0.07283	0.01043	0.01813	0.03408	0.05658	0.05743	0.03220	0.00969	0.14707	0.00225	0.12042	0.00455	0.00235	0.00478
9	0.00614	0.00430	0.00539	0.00515	0.00629	0.00390	0.00396	0.00785	0.01085	0.05085	0.56435	0.03260	0.20803	0.00879	0.00482	0.00134	0.00214	0.06510	0.00429	0.00387
10	0.12434	0.00703	0.00897	0.00696	0.01003	0.00634	0.00575	0.01861	0.01097	0.71734	0.01455	0.01281	0.00926	0.00482	0.00386	0.00124	0.00340	0.00381	0.00466	0.02524
11	0.03852	0.01069	0.01118	0.00890	0.01184	0.03449	0.00724	0.59982	0.14688	0.04091	0.01120	0.04061	0.00844	0.00520	0.00406	0.00126	0.00421	0.00402	0.00398	0.00656
12	0.00595	0.00461	0.00538	0.00548	0.00649	0.00447	0.00397	0.02122	0.11451	0.01261	0.17442	0.31181	0.26412	0.01017	0.00520	0.03092	0.00237	0.00859	0.00388	0.00384
13	0.00487	0.00411	0.00422	0.00419	0.00553	0.00346	0.00314	0.00597	0.00943	0.01139	0.10470	0.03834	0.76659	0.01012	0.00479	0.00136	0.00204	0.00846	0.00382	0.00346
14	0.00639	0.00456	0.00637	0.00730	0.00817	0.00454	0.00628	0.00815	0.00919	0.01198	0.02156	0.12116	0.02367	0.01135	0.00556	0.00185	0.00361	0.73087	0.00374	0.00369
15	0.01634	0.00989	0.01127	0.00864	0.01185	0.01040	0.00713	0.55512	0.01661	0.29251	0.01181	0.01108	0.00794	0.00492	0.00407	0.00123	0.00413	0.00379	0.00438	0.00690
16	0.00580	0.00435	0.00652	0.00652	0.00724	0.00507	0.00507	0.00724	0.00652	0.00942	0.01087	0.01594	0.01014	0.03043	0.84134	0.00652	0.01087	0.00435	0.00217	0.00362
17	0.05409	0.01121	0.01190	0.00916	0.01237	0.01243	0.00756	0.78276	0.01853	0.02524	0.00956	0.00960	0.00679	0.00482	0.00399	0.00122	0.00441	0.00359	0.00399	0.00679
18	0.00590	0.00393	0.00442	0.00442	0.00442	0.00393	0.00246	0.00590	0.00590	0.00787	0.01278	0.02655	0.01475	0.85742	0.02065	0.00393	0.00393	0.00590	0.00246	0.00246
19	0.01100	0.82995	0.02091	0.00707	0.01049	0.04541	0.00697	0.01229	0.00836	0.00956	0.00566	0.00654	0.00521	0.00350	0.00264	0.00087	0.00444	0.00219	0.00175	0.00519
20	0.00680	0.00460	0.00608	0.00613	0.03421	0.00435	0.00451	0.00885	0.02833	0.06070	0.55457	0.04931	0.05655	0.00853	0.01792	0.00141	0.00247	0.08939	0.05117	0.00410
21	0.04520	0.16347	0.52738	0.04678	0.01634	0.01054	0.07350	0.02572	0.00867	0.01262	0.00704	0.00842	0.00526	0.00375	0.00364	0.00120	0.00552	0.00298	0.00184	0.03012
22	0.02145	0.06104	0.02229	0.19019	0.10681	0.02544	0.00776	0.02598	0.03767	0.01183	0.06367	0.15254	0.07613	0.00701	0.00545	0.00142	0.10954	0.05582	0.01344	0.00452
23	0.05586	0.00855	0.06980	0.00810	0.05100	0.02886	0.02604	0.08218	0.05163	0.08561	0.06901	0.05224	0.05100	0.03274	0.01722	0.00125	0.02100	0.00417	0.00304	0.28070
24	0.10350	0.26395	0.14180	0.01117	0.16536	0.06577	0.02736	0.03429	0.00902	0.03929	0.03391	0.01024	0.02468	0.03764	0.00409	0.00122	0.00463	0.00321	0.00223	0.01664
25	0.00969	0.11485	0.20508	0.02898	0.03517	0.03868	0.05806	0.09720	0.01996	0.05570	0.02537	0.01222	0.00812	0.10235	0.08333	0.00198	0.03323	0.00371	0.01445	0.05188
26	0.03646	0.20744	0.18228	0.01100	0.07639	0.14935	0.08268	0.12274	0.03686	0.01373	0.02764	0.00949	0.01847	0.00415	0.00367	0.00115	0.00529	0.00326	0.00235	0.00559
27	0.05160	0.18588	0.23734	0.00973	0.05477	0.03385	0.04964	0.09398	0.02706	0.08173	0.04134	0.01049	0.02746	0.00424	0.00362	0.00113	0.00463	0.00335	0.00257	0.07559
28	0.06071	0.26847	0.26080	0.00922	0.04145	0.07471	0.00921	0.04928	0.03335	0.05901	0.01731	0.04497	0.00745	0.00448	0.00351	0.00115	0.00478	0.02201	0.00235	0.02577
29	0.03769	0.21951	0.34751	0.01023	0.05021	0.05825	0.05078	0.04100	0.03196	0.01270	0.05305	0.03131	0.00824	0.01590	0.00390	0.00122	0.00507	0.01383	0.00219	0.00545

[dist]
# distance from previous block
# <min> <max>
4	119

[block]
# block no. 8 follows, 66 sequences, length 30
# corresponding to MSA columns:
# 469-498
name=unknown_I
#
# <colnr> <probs for GDERKNQSTAVLIFYWHMCP>
#	G	D	E	R	K	N	Q	S	T	A	V	L	I	F	Y	W	H	M	C	P
0	0.07578	0.07319	0.18166	0.05080	0.08296	0.02580	0.04290	0.04193	0.00875	0.08585	0.01124	0.10233	0.04072	0.03657	0.04817	0.06055	0.00473	0.00448	0.00258	0.01902
1	0.02157	0.14549	0.17496	0.04133	0.04282	0.19704	0.01699	0.05382	0.02184	0.05155	0.00889	0.01104	0.02665	0.06442	0.06815	0.00174	0.02962	0.00339	0.00229	0.01641
2	0.02235	0.55791	0.12895	0.01990	0.01150	0.03132	0.00791	0.05300	0.03087	0.02242	0.04359	0.01993	0.00731	0.00407	0.00321	0.00101	0.01463	0.00285	0.00213	0.01513
3	0.44091	0.03854	0.12650	0.05994	0.03240	0.03208	0.01714	0.05082	0.08233	0.01603	0.00786	0.00884	0.01888	0.00417	0.00344	0.00125	0.02491	0.00290	0.00252	0.02854
4	0.00680	0.00491	0.00628	0.00607	0.00698	0.01767	0.00456	0.05254	0.00786	0.02165	0.04646	0.08021	0.02423	0.13955	0.44250	0.00437	0.00720	0.01728	0.07235	0.03053
5	0.00549	0.00408	0.00506	0.00532	0.00603	0.00392	0.00381	0.01864	0.00842	0.01110	0.12415	0.29012	0.21107	0.12551	0.11514	0.00247	0.00364	0.04916	0.00348	0.00340
6	0.01002	0.00969	0.01674	0.02462	0.80294	0.00966	0.04140	0.01247	0.00925	0.01325	0.00765	0.01007	0.00642	0.00361	0.00404	0.00121	0.00489	0.00366	0.00201	0.00639
7	0.04475	0.00981	0.01050	0.00823	0.01108	0.01073	0.00675	0.61202	0.02862	0.06942	0.01058	0.01075	0.00760	0.00483	0.00382	0.00118	0.00396	0.00366	0.13538	0.00634
8	0.00645	0.00463	0.00643	0.00733	0.00827	0.00460	0.00638	0.00827	0.00930	0.01207	0.02208	0.06253	0.04742	0.01121	0.00557	0.00185	0.00366	0.76449	0.00374	0.00372
9	0.00557	0.00414	0.00518	0.00492	0.00595	0.00375	0.00369	0.00731	0.01107	0.01528	0.68311	0.03193	0.18576	0.00866	0.00479	0.00129	0.00194	0.00757	0.00434	0.00375
10	0.00997	0.00710	0.00846	0.00619	0.00962	0.00555	0.00497	0.01193	0.02542	0.14315	0.00895	0.00958	0.00689	0.00342	0.00319	0.00073	0.00305	0.00275	0.02659	0.70248
11	0.00524	0.00370	0.00484	0.00557	0.00586	0.00351	0.00378	0.00601	0.00787	0.01054	0.07624	0.63015	0.02572	0.12866	0.00731	0.00195	0.00263	0.06354	0.00363	0.00325
12	0.01820	0.00690	0.00942	0.00722	0.01036	0.00596	0.00596	0.01977	0.01161	0.83492	0.01601	0.01381	0.01004	0.00502	0.00408	0.00126	0.00345	0.00408	0.00502	0.00690
13	0.01072	0.81915	0.06082	0.00717	0.01076	0.01573	0.00733	0.01218	0.00826	0.00971	0.00572	0.00661	0.00520	0.00349	0.00266	0.00089	0.00442	0.00221	0.00173	0.00524
14	0.00892	0.00741	0.00814	0.00768	0.00956	0.00827	0.00607	0.04486	0.53665	0.01554	0.01942	0.07208	0.07807	0.00732	0.00451	0.00148	0.00321	0.15127	0.00401	0.00553
15	0.00494	0.00353	0.00471	0.00565	0.00588	0.00330	0.00377	0.00565	0.00777	0.01036	0.02236	0.85477	0.02683	0.01271	0.00518	0.00165	0.00235	0.01153	0.00377	0.00330
16	0.01516	0.01934	0.01150	0.01045	0.01254	0.84113	0.00784	0.01620	0.01150	0.00993	0.00627	0.00732	0.00523	0.00418	0.00366	0.00105	0.00732	0.00261	0.00209	0.00470
17	0.01739	0.00821	0.01023	0.00784	0.01101	0.00791	0.00648	0.25434	0.01380	0.59725	0.01417	0.01261	0.00912	0.00498	0.00407	0.00124	0.00375	0.00395	0.00474	0.00690
18	0.01134	0.65083	0.01893	0.00783	0.01077	0.14445	0.00726	0.01256	0.00857	0.00963	0.00571	0.00685	0.00522	0.00391	0.00375	0.00098	0.08221	0.00237	0.00179	0.00506
19	0.01059	0.00896	0.00945	0.00836	0.01074	0.01032	0.00654	0.09613	0.74939	0.01778	0.01588	0.01463	0.01187	0.00545	0.00412	0.00136	0.00333	0.00450	0.00412	0.00647
20	0.01117	0.01144	0.01271	0.04683	0.12721	0.20148	0.04245	0.07031	0.09659	0.02730	0.00809	0.01040	0.00681	0.00538	0.00711	0.00140	0.28610	0.01955	0.00240	0.00524
21	0.00675	0.00580	0.00933	0.04249	0.21628	0.00579	0.05506	0.00814	0.00812	0.01112	0.01606	0.47774	0.01805	0.03242	0.05141	0.00184	0.01818	0.00816	0.00299	0.00428
22	0.00958	0.00726	0.00727	0.03578	0.00828	0.12189	0.00512	0.03572	0.00942	0.08799	0.12416	0.01586	0.01295	0.07224	0.01919	0.00147	0.10426	0.00427	0.31298	0.00429
23	0.01516	0.01934	0.01150	0.01045	0.01254	0.84113	0.00784	0.01620	0.01150	0.00993	0.00627	0.00732	0.00523	0.00418	0.00366	0.00105	0.00732	0.00261	0.00209	0.00470
24	0.01782	0.00682	0.00929	0.00715	0.01023	0.00590	0.00590	0.01940	0.01161	0.80996	0.04082	0.01431	0.01090	0.00512	0.00410	0.00126	0.00341	0.00418	0.00500	0.00681
25	0.01230	0.01350	0.01065	0.03964	0.02206	0.41126	0.00742	0.10964	0.06584	0.01273	0.03267	0.01182	0.06950	0.00535	0.00524	0.00123	0.12729	0.00367	0.03328	0.00490
26	0.00497	0.00359	0.00470	0.00554	0.00587	0.00332	0.00373	0.00574	0.00800	0.01063	0.05575	0.77575	0.07263	0.01240	0.00514	0.00162	0.00232	0.01120	0.00379	0.00332
27	0.03135	0.00749	0.04576	0.00732	0.03277	0.06441	0.00574	0.02117	0.20730	0.01344	0.12352	0.03874	0.16534	0.08537	0.00600	0.00164	0.00345	0.13116	0.00352	0.00453
28	0.00733	0.02658	0.00824	0.00738	0.00845	0.05210	0.03038	0.03322	0.00748	0.03160	0.01072	0.01484	0.02408	0.02431	0.63765	0.00525	0.05989	0.00421	0.00229	0.00401
29	0.02533	0.23758	0.26340	0.00938	0.01334	0.01174	0.04068	0.15792	0.11785	0.04404	0.00878	0.00935	0.00664	0.00423	0.00380	0.00118	0.02166	0.00320	0.00261	0.01732

[dist]
# distance from previous block
# <min> <max>
1	6

[block]
# block no. 9 follows, 66 sequences, length 39
# corresponding to MSA columns:
# 505-543
name=unknown_J
#
# <colnr> <probs for GDERKNQSTAVLIFYWHMCP>
#	G	D	E	R	K	N	Q	S	T	A	V	L	I	F	Y	W	H	M	C	P
0	0.13675	0.27926	0.17359	0.00937	0.05533	0.06194	0.03601	0.06699	0.09338	0.01363	0.00810	0.03461	0.00670	0.00422	0.00338	0.00115	0.00461	0.00316	0.00235	0.00546
1	0.07559	0.03439	0.03251	0.00920	0.05513	0.07530	0.05249	0.20708	0.06944	0.05807	0.07061	0.03884	0.01093	0.08512	0.00615	0.00153	0.06021	0.01934	0.03282	0.00525
2	0.00499	0.00355	0.00469	0.00559	0.00582	0.00333	0.00370	0.00566	0.00768	0.01024	0.02191	0.81563	0.02626	0.05262	0.00591	0.00176	0.00243	0.01127	0.00370	0.00326
3	0.00738	0.00668	0.03670	0.03848	0.20824	0.00620	0.00669	0.04763	0.04506	0.01463	0.34318	0.02413	0.18481	0.00698	0.00448	0.00128	0.00308	0.00612	0.00351	0.00473
4	0.00645	0.00460	0.00632	0.00718	0.00812	0.00456	0.00623	0.00826	0.00928	0.01213	0.02219	0.06061	0.06036	0.01102	0.00548	0.00182	0.00358	0.73119	0.02690	0.00371
5	0.00803	0.00684	0.00980	0.10693	0.24501	0.00718	0.00748	0.01177	0.15703	0.01405	0.19877	0.04094	0.06915	0.01987	0.01574	0.00139	0.00355	0.00523	0.06620	0.00505
6	0.01699	0.00798	0.00992	0.00765	0.01072	0.00767	0.00630	0.23701	0.01351	0.57894	0.01418	0.01276	0.00920	0.00497	0.00402	0.00123	0.00366	0.00395	0.04257	0.00677
7	0.00624	0.02034	0.02467	0.00543	0.00696	0.00514	0.00428	0.00954	0.16242	0.01355	0.25265	0.05847	0.39785	0.00865	0.00462	0.00134	0.00237	0.00734	0.00395	0.00418
8	0.01093	0.03360	0.04639	0.05378	0.55001	0.03660	0.04937	0.05232	0.00981	0.07992	0.00824	0.01013	0.00653	0.00393	0.00429	0.00123	0.03079	0.00361	0.00232	0.00620
9	0.01042	0.27604	0.03060	0.00857	0.09100	0.04311	0.00664	0.02195	0.02227	0.08096	0.01984	0.00939	0.00694	0.02973	0.00371	0.00096	0.00391	0.00284	0.00243	0.32868
10	0.00480	0.00411	0.00411	0.00411	0.00548	0.00343	0.00308	0.00582	0.00925	0.01096	0.04110	0.03905	0.83046	0.01028	0.00480	0.00137	0.00206	0.00856	0.00377	0.00343
11	0.04262	0.02294	0.05205	0.05222	0.33070	0.02177	0.02002	0.04111	0.02210	0.08681	0.00944	0.04274	0.01900	0.01569	0.00400	0.00114	0.00418	0.00369	0.00256	0.20522
12	0.04260	0.00903	0.01373	0.01790	0.49493	0.02137	0.02091	0.06557	0.02149	0.18960	0.01010	0.01203	0.00783	0.00430	0.00403	0.00123	0.00442	0.03311	0.00290	0.02295
13	0.76869	0.00902	0.00698	0.00617	0.00862	0.08799	0.02175	0.01231	0.00738	0.01715	0.00576	0.00679	0.00453	0.00386	0.00287	0.00125	0.01966	0.00232	0.00245	0.00445
14	0.05745	0.14772	0.56005	0.01071	0.01575	0.02124	0.05889	0.04708	0.00893	0.01310	0.00705	0.00832	0.00525	0.00386	0.00380	0.00123	0.01897	0.00296	0.00189	0.00575
15	0.00954	0.01119	0.04356	0.01697	0.02112	0.01024	0.79799	0.01299	0.00955	0.01299	0.00819	0.01089	0.00613	0.00343	0.00477	0.00137	0.00682	0.00474	0.00204	0.00548
16	0.00532	0.00413	0.00483	0.00466	0.00580	0.00365	0.00349	0.00683	0.01048	0.01389	0.47624	0.03422	0.39350	0.00918	0.00479	0.00132	0.00198	0.00789	0.00415	0.00365
17	0.00581	0.00428	0.00619	0.00619	0.00680	0.00489	0.00466	0.00703	0.00642	0.00917	0.01117	0.01761	0.01087	0.16080	0.71196	0.00611	0.00977	0.00459	0.00222	0.00344
18	0.01516	0.01934	0.01150	0.01045	0.01254	0.84113	0.00784	0.01620	0.01150	0.00993	0.00627	0.00732	0.00523	0.00418	0.00366	0.00105	0.00732	0.00261	0.00209	0.00470
19	0.00773	0.00669	0.00677	0.00629	0.00803	0.02949	0.00478	0.03780	0.35761	0.01387	0.03837	0.05092	0.36274	0.04427	0.00515	0.00148	0.00285	0.00651	0.00384	0.00481
20	0.00580	0.00435	0.00652	0.00652	0.00724	0.00507	0.00507	0.00724	0.00652	0.00942	0.01087	0.01594	0.01014	0.03043	0.84134	0.00652	0.01087	0.00435	0.00217	0.00362
21	0.66808	0.00851	0.00732	0.00621	0.00884	0.00969	0.00509	0.18415	0.00957	0.03427	0.00684	0.00777	0.00522	0.02006	0.00321	0.00130	0.00344	0.00261	0.00289	0.00494
22	0.01025	0.29957	0.40818	0.00970	0.01417	0.12903	0.01089	0.03725	0.00919	0.01173	0.00666	0.00774	0.00524	0.00379	0.00340	0.00110	0.00553	0.00268	0.00186	0.02206
23	0.00761	0.00702	0.00995	0.00890	0.00914	0.00914	0.02682	0.00854	0.00661	0.00977	0.00969	0.13203	0.01045	0.09804	0.10656	0.00251	0.50144	0.02956	0.00224	0.00398
24	0.00963	0.00767	0.00884	0.00644	0.00993	0.00632	0.00518	0.11516	0.00990	0.04216	0.00795	0.00889	0.00634	0.00335	0.00317	0.00071	0.00319	0.00265	0.01975	0.72276
25	0.01516	0.01934	0.01150	0.01045	0.01254	0.84113	0.00784	0.01620	0.01150	0.00993	0.00627	0.00732	0.00523	0.00418	0.00366	0.00105	0.00732	0.00261	0.00209	0.00470
26	0.04357	0.00966	0.01073	0.00834	0.01134	0.01030	0.00684	0.53544	0.03452	0.21250	0.01144	0.01127	0.00798	0.02057	0.00426	0.00127	0.00403	0.00377	0.04559	0.00658
27	0.00841	0.10539	0.75438	0.01110	0.01684	0.01009	0.01418	0.01278	0.00853	0.01252	0.00712	0.00836	0.00515	0.00382	0.00373	0.00124	0.00583	0.00291	0.00172	0.00592
28	0.00491	0.00387	0.00436	0.00474	0.00559	0.00340	0.00332	0.00576	0.00850	0.01057	0.03231	0.36269	0.47249	0.05127	0.00570	0.00160	0.00226	0.00962	0.00371	0.00333
29	0.00494	0.00353	0.00471	0.00565	0.00588	0.00330	0.00377	0.00565	0.00777	0.01036	0.02236	0.85477	0.02683	0.01271	0.00518	0.00165	0.00235	0.01153	0.00377	0.00330
30	0.00766	0.00721	0.01217	0.84767	0.02794	0.00901	0.01127	0.01037	0.00811	0.01037	0.00721	0.01082	0.00541	0.00406	0.00406	0.00135	0.00541	0.00361	0.00180	0.00451
31	0.00785	0.00740	0.01251	0.78252	0.09161	0.00906	0.01136	0.01053	0.00820	0.01059	0.00724	0.01076	0.00549	0.00402	0.00405	0.00134	0.00536	0.00361	0.00182	0.00466
32	0.00580	0.00435	0.00652	0.00652	0.00724	0.00507	0.00507	0.00724	0.00652	0.00942	0.01087	0.01594	0.01014	0.03043	0.84134	0.00652	0.01087	0.00435	0.00217	0.00362
33	0.88607	0.00785	0.00596	0.00534	0.00785	0.00910	0.00439	0.01193	0.00690	0.01820	0.00565	0.00659	0.00439	0.00377	0.00251	0.00126	0.00314	0.00220	0.00251	0.00439
34	0.00580	0.00435	0.00652	0.00652	0.00724	0.00507	0.00507	0.00724	0.00652	0.00942	0.01087	0.01594	0.01014	0.03043	0.84134	0.00652	0.01087	0.00435	0.00217	0.00362
35	0.00618	0.00433	0.00558	0.00520	0.00627	0.00402	0.00392	0.00827	0.02990	0.04112	0.75395	0.02982	0.06956	0.00821	0.00475	0.00128	0.00200	0.00723	0.00445	0.00396
