[name]
unknown

[dist]
# distance from previous block
# <min> <max>
3	5

[block]
# block no. 0 follows, 53 sequences, length 8
# corresponding to MSA columns:
# 23-30
name=unknown_A
#
# <colnr> <probs for GDERKNQSTAVLIFYWHMCP>
#	G	D	E	R	K	N	Q	S	T	A	V	L	I	F	Y	W	H	M	C	P
0	0.00793	0.00544	0.00699	0.03122	0.00860	0.00511	0.00498	0.00919	0.00944	0.07265	0.05166	0.26823	0.12164	0.13121	0.14036	0.00301	0.00491	0.00840	0.00380	0.10522
1	0.01210	0.63088	0.02274	0.08497	0.10708	0.01677	0.00933	0.01394	0.00976	0.01184	0.00732	0.00904	0.00654	0.00537	0.03407	0.00137	0.00558	0.00301	0.00211	0.00616
2	0.00986	0.00765	0.03682	0.01198	0.17502	0.00706	0.00764	0.06977	0.01120	0.09615	0.04616	0.29274	0.10731	0.02883	0.06717	0.00217	0.00459	0.00835	0.00395	0.00557
3	0.07242	0.01794	0.43721	0.10677	0.01845	0.08321	0.01325	0.01388	0.01045	0.01486	0.04036	0.01686	0.06484	0.00597	0.00471	0.00155	0.00618	0.06240	0.00261	0.00607
4	0.09593	0.01060	0.01241	0.01151	0.10558	0.05727	0.00828	0.20574	0.01479	0.37408	0.01441	0.04562	0.01027	0.00584	0.00464	0.00146	0.00473	0.00466	0.00469	0.00747
5	0.01148	0.19717	0.02396	0.10367	0.09721	0.03505	0.39553	0.01455	0.01059	0.01381	0.00873	0.01156	0.00699	0.00501	0.02388	0.00160	0.02609	0.00455	0.00229	0.00626
6	0.04029	0.03059	0.10696	0.08401	0.13864	0.03767	0.02286	0.09365	0.09811	0.01717	0.03390	0.01220	0.00893	0.00485	0.00467	0.00130	0.02842	0.00395	0.00304	0.22880
7	0.13887	0.02268	0.05974	0.04500	0.05924	0.03634	0.04370	0.11820	0.04460	0.16873	0.02788	0.03219	0.00958	0.00671	0.00610	0.10268	0.00479	0.00433	0.00364	0.06500

[dist]
# distance from previous block
# <min> <max>
1	67

[block]
# block no. 1 follows, 53 sequences, length 29
# corresponding to MSA columns:
# 98-124,129,131
name=unknown_B
#
# <colnr> <probs for GDERKNQSTAVLIFYWHMCP>
#	G	D	E	R	K	N	Q	S	T	A	V	L	I	F	Y	W	H	M	C	P
0	0.03978	0.05744	0.01490	0.06656	0.08277	0.13145	0.13720	0.04377	0.08759	0.08260	0.12354	0.07438	0.01515	0.00630	0.00491	0.00148	0.00542	0.00559	0.00357	0.01561
1	0.03168	0.03560	0.05076	0.01107	0.06763	0.04192	0.14547	0.07474	0.04363	0.01569	0.06355	0.09357	0.28832	0.00838	0.00526	0.00156	0.00456	0.00741	0.00371	0.00550
2	0.05737	0.10806	0.05497	0.00718	0.00959	0.03234	0.00609	0.01233	0.12039	0.03777	0.07891	0.10381	0.29746	0.00909	0.00521	0.01930	0.00360	0.00730	0.00394	0.02530
3	0.20690	0.06653	0.09877	0.07645	0.06592	0.13049	0.05306	0.12276	0.03547	0.04459	0.00902	0.01043	0.00691	0.00527	0.01569	0.00151	0.01934	0.00364	0.00298	0.02429
4	0.03797	0.02830	0.11349	0.08394	0.15496	0.11172	0.08074	0.09108	0.08094	0.07598	0.04224	0.01355	0.00975	0.03106	0.00556	0.00158	0.02285	0.00447	0.00318	0.00664
5	0.01049	0.00704	0.00820	0.00757	0.00951	0.00709	0.00570	0.03083	0.23750	0.13866	0.08540	0.21818	0.12688	0.04996	0.00623	0.00178	0.00334	0.00814	0.00474	0.03276
6	0.01585	0.08240	0.01455	0.06862	0.03565	0.11004	0.00905	0.48673	0.01825	0.02353	0.05542	0.01331	0.03369	0.00581	0.00465	0.00140	0.00549	0.00442	0.00404	0.00711
7	0.05890	0.08479	0.08931	0.03988	0.07384	0.13964	0.07690	0.10574	0.10639	0.04451	0.01298	0.05944	0.03764	0.00607	0.00493	0.00149	0.02534	0.02254	0.00329	0.00639
8	0.05058	0.00888	0.06264	0.01224	0.06730	0.00791	0.20553	0.01153	0.04722	0.01450	0.01856	0.34233	0.04601	0.00930	0.00565	0.00173	0.01835	0.03305	0.03140	0.00529
9	0.00600	0.00446	0.00536	0.00592	0.00656	0.00407	0.00400	0.00690	0.00956	0.01239	0.07930	0.45267	0.23418	0.13536	0.00866	0.00223	0.00292	0.01136	0.00426	0.00382
10	0.01482	0.01364	0.10201	0.03985	0.03742	0.06589	0.19825	0.22325	0.07488	0.14112	0.03250	0.01338	0.00952	0.00526	0.00496	0.00150	0.00603	0.00473	0.00380	0.00719
11	0.01239	0.15963	0.15695	0.02725	0.03449	0.02487	0.07032	0.09818	0.12918	0.09393	0.07049	0.07638	0.01308	0.00616	0.00467	0.00146	0.00512	0.00518	0.00359	0.00666
12	0.00693	0.00493	0.00650	0.00635	0.00667	0.00485	0.04172	0.00732	0.00767	0.01026	0.01717	0.21096	0.01981	0.57063	0.03809	0.02078	0.00457	0.00830	0.00320	0.00331
13	0.17756	0.00971	0.03579	0.00837	0.01147	0.04165	0.00701	0.11107	0.08086	0.28501	0.05905	0.01920	0.08249	0.00669	0.00463	0.00153	0.00417	0.04249	0.00462	0.00664
14	0.04127	0.01459	0.13237	0.03168	0.03300	0.16547	0.04344	0.12121	0.11606	0.01649	0.01292	0.09272	0.03600	0.00678	0.00623	0.00159	0.11355	0.00518	0.00325	0.00621
15	0.04128	0.04017	0.05589	0.05104	0.01494	0.08928	0.15563	0.12434	0.01205	0.04120	0.01494	0.27607	0.01505	0.00821	0.00560	0.00164	0.03618	0.00729	0.00349	0.00570
16	0.00698	0.00540	0.00619	0.00596	0.00740	0.00497	0.00450	0.06151	0.01248	0.01634	0.31658	0.11683	0.37845	0.01112	0.00565	0.00161	0.00263	0.02615	0.00476	0.00448
17	0.07822	0.01363	0.01524	0.04465	0.12714	0.15457	0.08284	0.29729	0.02765	0.08412	0.01070	0.02360	0.00808	0.00525	0.00466	0.00144	0.00595	0.00427	0.00366	0.00704
18	0.03960	0.03289	0.05290	0.01562	0.14699	0.11118	0.21378	0.07333	0.03819	0.01597	0.05259	0.04995	0.07009	0.00615	0.00555	0.00154	0.04497	0.01945	0.00307	0.00619
19	0.00632	0.00453	0.00553	0.00605	0.00636	0.00439	0.00391	0.00688	0.00848	0.01117	0.02404	0.43623	0.10516	0.31702	0.01300	0.00291	0.02005	0.01058	0.00382	0.00356
20	0.08280	0.20050	0.17672	0.07583	0.04640	0.06454	0.11155	0.11891	0.05032	0.01662	0.00898	0.01046	0.00694	0.00465	0.00428	0.00139	0.00607	0.00376	0.00271	0.00657
21	0.02796	0.01105	0.01660	0.22384	0.39036	0.06009	0.04695	0.04026	0.04518	0.05247	0.02310	0.01311	0.01820	0.00483	0.00476	0.00148	0.00583	0.00444	0.00275	0.00673
22	0.01042	0.01248	0.16199	0.06213	0.18299	0.02817	0.18759	0.01380	0.03022	0.05340	0.02716	0.18141	0.01313	0.00675	0.00520	0.00160	0.00580	0.00647	0.00302	0.00626
23	0.02779	0.01020	0.06941	0.19694	0.05586	0.04597	0.07427	0.09246	0.04852	0.01689	0.09083	0.01745	0.06046	0.00600	0.00489	0.00147	0.02105	0.00511	0.14870	0.00574
24	0.07421	0.02150	0.04467	0.11640	0.21974	0.08149	0.12809	0.06266	0.04104	0.05337	0.02308	0.04901	0.02668	0.00548	0.00513	0.00152	0.03165	0.00487	0.00296	0.00643
25	0.00964	0.00951	0.01627	0.01498	0.12232	0.04801	0.28395	0.02345	0.01066	0.01430	0.03488	0.27535	0.01694	0.02712	0.00621	0.00175	0.02341	0.03240	0.02334	0.00549
26	0.00594	0.00444	0.00552	0.00612	0.00685	0.00402	0.00426	0.00709	0.01029	0.01352	0.15888	0.51136	0.21745	0.01343	0.00592	0.00179	0.00260	0.01194	0.00457	0.00402
27	0.79827	0.00968	0.03247	0.00662	0.00975	0.01056	0.00566	0.01453	0.00846	0.05886	0.00730	0.00825	0.00552	0.00451	0.00310	0.00148	0.00382	0.00272	0.00307	0.00538
28	0.01403	0.01133	0.01201	0.01016	0.01324	0.01289	0.00808	0.28428	0.53121	0.02344	0.01674	0.01567	0.01239	0.00623	0.00484	0.00156	0.00429	0.00503	0.00484	0.00776

[dist]
# distance from previous block
# <min> <max>
0	1

[block]
# block no. 2 follows, 53 sequences, length 14
# corresponding to MSA columns:
# 133-137,141-149
name=unknown_C
#
# <colnr> <probs for GDERKNQSTAVLIFYWHMCP>
#	G	D	E	R	K	N	Q	S	T	A	V	L	I	F	Y	W	H	M	C	P
0	0.01154	0.01082	0.04531	0.19649	0.39425	0.01095	0.03633	0.03782	0.11335	0.04993	0.03843	0.01380	0.00967	0.00497	0.00482	0.00150	0.00550	0.00460	0.00295	0.00696
1	0.01033	0.01052	0.01450	0.67240	0.07195	0.11544	0.01282	0.01324	0.01015	0.01233	0.00838	0.01216	0.00641	0.00477	0.00471	0.00154	0.00663	0.00410	0.00218	0.00546
2	0.12419	0.72706	0.02269	0.00793	0.01187	0.01784	0.00779	0.01428	0.00951	0.01258	0.00665	0.00768	0.00601	0.00413	0.00305	0.00108	0.00493	0.00256	0.00216	0.00601
3	0.09238	0.08775	0.01375	0.01055	0.03109	0.17972	0.03033	0.31180	0.06645	0.02084	0.01055	0.01139	0.00810	0.00605	0.02555	0.00151	0.00574	0.00388	0.07594	0.00663
4	0.01083	0.02599	0.03193	0.03656	0.05304	0.03706	0.17862	0.07699	0.06517	0.06186	0.06697	0.03443	0.18326	0.00734	0.00558	0.00156	0.03255	0.04431	0.00369	0.04227
5	0.01257	0.18340	0.16329	0.04599	0.03355	0.03538	0.13142	0.05442	0.10761	0.09420	0.02726	0.01281	0.02028	0.00510	0.00478	0.00142	0.02628	0.00428	0.00311	0.03285
6	0.00692	0.00476	0.00619	0.00670	0.00743	0.00450	0.00473	0.00859	0.03762	0.04313	0.20409	0.52577	0.04717	0.03221	0.00634	0.00188	0.00283	0.04019	0.00466	0.00431
7	0.00921	0.00875	0.01438	0.71500	0.03026	0.01114	0.01291	0.01212	0.00926	0.01212	0.00821	0.01244	0.00636	0.00525	0.00620	0.00166	0.11307	0.00424	0.00212	0.00530
8	0.03168	0.13730	0.06935	0.03591	0.06952	0.11078	0.05054	0.09106	0.17871	0.03666	0.01218	0.01340	0.02250	0.00884	0.09815	0.00214	0.01727	0.00430	0.00323	0.00648
9	0.05220	0.01272	0.01360	0.13208	0.09759	0.17596	0.04196	0.17160	0.09845	0.06055	0.01228	0.07725	0.01026	0.00607	0.00477	0.00150	0.00577	0.01538	0.00352	0.00647
10	0.00685	0.00498	0.00556	0.00546	0.00698	0.00428	0.00407	0.00822	0.01129	0.06433	0.16113	0.12921	0.54723	0.01166	0.00564	0.00162	0.00254	0.00991	0.00466	0.00435
11	0.03725	0.19089	0.36489	0.01391	0.11954	0.07034	0.01328	0.10799	0.01179	0.01613	0.00843	0.00980	0.00650	0.00458	0.00422	0.00137	0.00627	0.00346	0.00246	0.00690
12	0.11461	0.11892	0.08375	0.02252	0.01278	0.03695	0.00819	0.09503	0.23101	0.09941	0.04722	0.03009	0.02821	0.00706	0.03251	0.00169	0.00483	0.01467	0.00391	0.00664
13	0.03210	0.04145	0.25337	0.01095	0.06343	0.00907	0.01011	0.10130	0.03542	0.06391	0.03886	0.22347	0.03776	0.00942	0.04586	0.00191	0.00525	0.00675	0.00352	0.00610

[dist]
# distance from previous block
# <min> <max>
0	1

[block]
# block no. 3 follows, 53 sequences, length 13
# corresponding to MSA columns:
# 152-164
name=unknown_D
#
# <colnr> <probs for GDERKNQSTAVLIFYWHMCP>
#	G	D	E	R	K	N	Q	S	T	A	V	L	I	F	Y	W	H	M	C	P
0	0.00832	0.00753	0.04229	0.00763	0.00963	0.03761	0.05780	0.01114	0.08603	0.05758	0.11371	0.15691	0.33895	0.03550	0.00607	0.00172	0.00357	0.00879	0.00428	0.00494
1	0.03692	0.04175	0.07558	0.03676	0.15259	0.02659	0.07837	0.09909	0.04882	0.04486	0.07153	0.01321	0.01057	0.00485	0.00444	0.00126	0.00496	0.00422	0.00320	0.24045
2	0.01234	0.06263	0.11636	0.09329	0.16579	0.12252	0.09948	0.10621	0.03540	0.01575	0.01019	0.06163	0.00870	0.00599	0.01718	0.00159	0.05105	0.00468	0.00278	0.00646
3	0.00813	0.00515	0.00537	0.00526	0.00663	0.00496	0.00394	0.06164	0.01106	0.01644	0.02727	0.11257	0.27365	0.00873	0.00449	0.00139	0.00255	0.00727	0.42900	0.00450
4	0.06371	0.07722	0.22136	0.01222	0.01638	0.14575	0.08593	0.17204	0.06238	0.01781	0.00995	0.01203	0.00782	0.00535	0.00507	0.00148	0.04472	0.02913	0.00301	0.00664
5	0.05146	0.08355	0.26490	0.10861	0.07011	0.01148	0.02773	0.08972	0.11535	0.05250	0.03416	0.04885	0.01004	0.00555	0.00459	0.00150	0.00552	0.00456	0.00313	0.00671
6	0.05432	0.00644	0.00758	0.00777	0.00887	0.05971	0.03999	0.00909	0.01006	0.01356	0.06218	0.40874	0.09235	0.01350	0.05211	0.00216	0.00421	0.12413	0.01889	0.00433
7	0.05500	0.12478	0.17602	0.24585	0.03959	0.03565	0.01144	0.07122	0.01049	0.01449	0.00991	0.08081	0.00873	0.00695	0.03552	0.00176	0.05876	0.00458	0.00256	0.00588
8	0.05295	0.25164	0.01756	0.12740	0.07907	0.08061	0.06602	0.10672	0.04656	0.03472	0.01078	0.05606	0.02524	0.00547	0.00450	0.00139	0.01980	0.00439	0.00292	0.00623
9	0.01450	0.01168	0.08516	0.13834	0.05247	0.06386	0.12746	0.08484	0.02494	0.25626	0.01372	0.08217	0.01059	0.00595	0.00498	0.00154	0.00567	0.00530	0.00382	0.00678
10	0.00632	0.00492	0.00542	0.00567	0.00689	0.00447	0.00410	0.00821	0.05325	0.01374	0.07590	0.26900	0.44335	0.01207	0.00558	0.00167	0.00258	0.01039	0.06222	0.00424
11	0.01174	0.02788	0.23430	0.07881	0.16252	0.07529	0.12569	0.11017	0.02449	0.01645	0.01115	0.04162	0.02483	0.00541	0.00489	0.00152	0.00640	0.02740	0.00278	0.00668
12	0.04881	0.07153	0.05196	0.02387	0.14457	0.06955	0.11357	0.13337	0.06986	0.05599	0.03851	0.03716	0.03018	0.00585	0.00578	0.00152	0.08323	0.00481	0.00328	0.00661

[dist]
# distance from previous block
# <min> <max>
1	40

[block]
# block no. 4 follows, 53 sequences, length 37
# corresponding to MSA columns:
# 205-214,216-227,231-240,252-256
name=unknown_E
#
# <colnr> <probs for GDERKNQSTAVLIFYWHMCP>
#	G	D	E	R	K	N	Q	S	T	A	V	L	I	F	Y	W	H	M	C	P
0	0.05696	0.06400	0.01667	0.10122	0.05121	0.06733	0.22554	0.02920	0.03746	0.01498	0.09739	0.06424	0.05831	0.00649	0.00608	0.00158	0.08689	0.00575	0.00303	0.00567
1	0.00837	0.02916	0.00966	0.09212	0.13736	0.00683	0.00720	0.01020	0.02208	0.05031	0.08011	0.22435	0.18762	0.06306	0.00684	0.00186	0.01965	0.03446	0.00380	0.00499
2	0.02064	0.05986	0.02793	0.00777	0.00929	0.02587	0.00620	0.03435	0.07885	0.02647	0.16648	0.08043	0.04429	0.13590	0.11661	0.00288	0.05672	0.06881	0.00372	0.02692
3	0.04412	0.01012	0.04558	0.01104	0.06631	0.00981	0.08111	0.19200	0.13523	0.03405	0.02883	0.03821	0.16291	0.00751	0.00535	0.02098	0.00453	0.04912	0.00399	0.04919
4	0.10836	0.01570	0.19198	0.04819	0.28317	0.16195	0.02900	0.01491	0.01078	0.01504	0.01042	0.01233	0.04680	0.00567	0.02477	0.00159	0.00641	0.00403	0.00247	0.00643
5	0.14016	0.17351	0.31648	0.01081	0.01565	0.10149	0.01153	0.12928	0.01194	0.01719	0.00822	0.00932	0.00628	0.00464	0.00401	0.00135	0.00602	0.00325	0.00264	0.02624
6	0.01078	0.01025	0.01740	0.26215	0.54604	0.01087	0.01388	0.01365	0.01043	0.01449	0.00948	0.04189	0.00809	0.00480	0.00480	0.00149	0.00578	0.00460	0.00237	0.00677
7	0.00595	0.00427	0.00576	0.00671	0.00707	0.00408	0.00457	0.00691	0.00922	0.01242	0.05902	0.72826	0.03060	0.01645	0.07182	0.00239	0.00357	0.01268	0.00432	0.00394
8	0.01082	0.03319	0.01172	0.12988	0.04649	0.02535	0.03850	0.11865	0.08805	0.05989	0.22607	0.05812	0.03516	0.02531	0.03567	0.00184	0.03924	0.00620	0.00401	0.00583
9	0.07174	0.01379	0.03969	0.05875	0.14065	0.15086	0.03819	0.27123	0.07384	0.03309	0.01181	0.01276	0.03873	0.00547	0.00480	0.00145	0.01843	0.00431	0.00352	0.00690
10	0.01125	0.36998	0.33718	0.01242	0.01782	0.01462	0.14630	0.01481	0.01013	0.01350	0.00794	0.00954	0.00630	0.00426	0.00410	0.00132	0.00640	0.00348	0.00210	0.00656
11	0.02548	0.00489	0.00582	0.00580	0.00632	0.00490	0.00376	0.00832	0.00818	0.04793	0.04584	0.12177	0.04367	0.48793	0.10432	0.00402	0.00496	0.00735	0.05513	0.00364
12	0.03285	0.05163	0.04669	0.10267	0.07573	0.10677	0.14890	0.12256	0.02732	0.12728	0.03537	0.03093	0.00967	0.02269	0.00563	0.00156	0.03717	0.00471	0.00336	0.00653
13	0.10631	0.08370	0.23959	0.04845	0.03098	0.10101	0.02191	0.09149	0.02754	0.05750	0.01090	0.01385	0.02519	0.00621	0.00547	0.05205	0.02097	0.04782	0.00292	0.00615
14	0.00698	0.00459	0.00591	0.00650	0.00726	0.00417	0.00452	0.00804	0.01003	0.06914	0.08790	0.60902	0.13086	0.01356	0.00591	0.00183	0.00278	0.01213	0.00461	0.00425
15	0.01196	0.03258	0.05698	0.01670	0.26299	0.08974	0.05762	0.06966	0.04099	0.04224	0.02839	0.05178	0.01051	0.07422	0.03712	0.00201	0.10029	0.00498	0.00292	0.00629
16	0.04881	0.08456	0.06845	0.05440	0.29871	0.08102	0.02543	0.06086	0.05268	0.05372	0.06405	0.03085	0.01109	0.00550	0.00486	0.00145	0.02361	0.02021	0.00306	0.00666
17	0.01376	0.04914	0.22559	0.02298	0.08611	0.16878	0.07303	0.09799	0.07798	0.09143	0.02840	0.02384	0.00902	0.00522	0.00467	0.00144	0.00633	0.00426	0.00317	0.00686
18	0.00683	0.00506	0.00614	0.00646	0.00682	0.02494	0.00431	0.00755	0.00800	0.01072	0.01794	0.28375	0.02033	0.35309	0.21204	0.00443	0.00615	0.00853	0.00330	0.00362
19	0.02200	0.01132	0.03033	0.03856	0.03511	0.13339	0.22120	0.04036	0.02621	0.04321	0.04170	0.17734	0.08671	0.00778	0.00603	0.00163	0.06125	0.00698	0.00333	0.00556
20	0.01148	0.05326	0.01522	0.15837	0.16609	0.03728	0.08584	0.11361	0.03479	0.04426	0.05639	0.09411	0.02760	0.00671	0.00545	0.00157	0.03725	0.04123	0.00331	0.00618
21	0.02403	0.00779	0.02461	0.00786	0.00988	0.00764	0.00615	0.22252	0.03191	0.07745	0.11069	0.29927	0.13024	0.01022	0.00542	0.00165	0.00357	0.00879	0.00467	0.00562
22	0.01052	0.01085	0.08589	0.10058	0.26825	0.00980	0.12359	0.02938	0.03346	0.04891	0.08353	0.05070	0.07223	0.01833	0.00570	0.00159	0.03154	0.00570	0.00309	0.00633
23	0.01025	0.02700	0.01557	0.55138	0.15087	0.06756	0.04477	0.01344	0.02823	0.01302	0.00969	0.01310	0.02522	0.00487	0.00476	0.00153	0.00631	0.00435	0.00231	0.00577
24	0.01264	0.08076	0.10682	0.05057	0.04030	0.07324	0.16189	0.17894	0.03122	0.03576	0.04182	0.04987	0.03366	0.01866	0.00591	0.00157	0.06167	0.00506	0.00322	0.00643
25	0.00726	0.00516	0.00753	0.00745	0.00830	0.00587	0.00569	0.00880	0.00778	0.03388	0.01321	0.01999	0.01250	0.11663	0.70883	0.00719	0.01171	0.00530	0.00269	0.00424
26	0.01361	0.07169	0.11764	0.05496	0.03294	0.24665	0.12669	0.06003	0.05459	0.06912	0.01064	0.03923	0.00859	0.00745	0.06350	0.00188	0.00726	0.00439	0.00292	0.00623
27	0.04988	0.10568	0.47282	0.01332	0.06420	0.03266	0.04612	0.05831	0.04560	0.05428	0.00946	0.01063	0.00694	0.00468	0.00441	0.00145	0.00632	0.00369	0.00258	0.00698
28	0.03151	0.01066	0.01630	0.19457	0.44294	0.05208	0.02922	0.03833	0.01099	0.03003	0.01069	0.06869	0.00951	0.00548	0.00485	0.00151	0.00570	0.02769	0.00268	0.00658
29	0.01078	0.00960	0.01550	0.06315	0.52912	0.00961	0.01182	0.02850	0.02085	0.03912	0.04556	0.07934	0.08165	0.00637	0.00501	0.00152	0.00495	0.02783	0.00305	0.00668
30	0.01254	0.01110	0.01336	0.14456	0.09589	0.13050	0.05774	0.14212	0.01296	0.06835	0.04618	0.12581	0.01382	0.00731	0.00551	0.00160	0.03539	0.06573	0.00353	0.00600
31	0.04604	0.02803	0.03133	0.05738	0.13887	0.04113	0.03153	0.25898	0.06591	0.07638	0.06005	0.09366	0.03642	0.00664	0.00488	0.00151	0.00489	0.00560	0.00398	0.00678
32	0.00877	0.00668	0.00833	0.03347	0.00961	0.00725	0.00591	0.04114	0.11953	0.04365	0.16274	0.04335	0.10134	0.13272	0.16961	0.00324	0.06520	0.00659	0.00383	0.02702
33	0.00954	0.00799	0.00950	0.00813	0.04705	0.00674	0.00601	0.05563	0.04353	0.01616	0.05317	0.07867	0.10531	0.00620	0.00433	0.00109	0.00351	0.02156	0.00347	0.51240
34	0.00605	0.00458	0.00554	0.00594	0.00685	0.00413	0.00423	0.00732	0.01067	0.01393	0.20282	0.36157	0.28401	0.03391	0.00633	0.00181	0.00263	0.02903	0.00458	0.00406
35	0.01153	0.01225	0.04070	0.21059	0.26118	0.11433	0.12249	0.04211	0.01131	0.01467	0.03690	0.03628	0.01928	0.00516	0.00509	0.00149	0.02242	0.00474	0.00260	0.02488
36	0.01247	0.08574	0.23987	0.03259	0.06978	0.09511	0.02804	0.08467	0.12420	0.06441	0.06690	0.01439	0.01123	0.00553	0.00462	0.00144	0.00567	0.02190	0.00329	0.02816

[dist]
# distance from previous block
# <min> <max>
1	54

[block]
# block no. 5 follows, 53 sequences, length 7
# corresponding to MSA columns:
# 345-351
name=unknown_F
#
# <colnr> <probs for GDERKNQSTAVLIFYWHMCP>
#	G	D	E	R	K	N	Q	S	T	A	V	L	I	F	Y	W	H	M	C	P
0	0.07318	0.08657	0.45674	0.01142	0.01673	0.06981	0.01298	0.07376	0.01105	0.01603	0.00951	0.06062	0.00783	0.00519	0.00433	0.00141	0.00610	0.00398	0.00254	0.07019
1	0.01220	0.06417	0.06414	0.19597	0.13406	0.11123	0.12710	0.04235	0.13989	0.03232	0.01058	0.01248	0.00814	0.00495	0.00492	0.00149	0.02027	0.00437	0.00285	0.00652
2	0.01336	0.07926	0.07139	0.01160	0.07406	0.06159	0.00912	0.09853	0.44047	0.06646	0.01524	0.01468	0.01141	0.00577	0.00464	0.00150	0.00474	0.00466	0.00414	0.00738
3	0.07413	0.00926	0.01202	0.00994	0.06621	0.00808	0.06460	0.03437	0.05889	0.11269	0.01049	0.01141	0.00805	0.00422	0.00400	0.00105	0.00416	0.00356	0.00333	0.49956
4	0.00979	0.00816	0.00884	0.00827	0.00985	0.05412	0.00622	0.13995	0.10447	0.01672	0.07790	0.35047	0.07986	0.01040	0.00606	0.00168	0.05463	0.00884	0.00428	0.03950
5	0.16243	0.00911	0.06270	0.05517	0.01122	0.06967	0.00723	0.01068	0.00943	0.01423	0.03739	0.30939	0.06577	0.00975	0.00648	0.00175	0.11433	0.03509	0.00343	0.00477
6	0.07739	0.14836	0.07855	0.02952	0.02648	0.03001	0.16548	0.05946	0.01111	0.12128	0.02227	0.07297	0.01008	0.00785	0.06402	0.00191	0.03251	0.00489	0.00317	0.03268

[dist]
# distance from previous block
# <min> <max>
1	27

[block]
# block no. 6 follows, 53 sequences, length 99
# corresponding to MSA columns:
# 379-477
name=unknown_G
#
# <colnr> <probs for GDERKNQSTAVLIFYWHMCP>
#	G	D	E	R	K	N	Q	S	T	A	V	L	I	F	Y	W	H	M	C	P
0	0.02747	0.02947	0.12233	0.01563	0.05145	0.01104	0.39313	0.05441	0.08729	0.01646	0.04125	0.05830	0.03407	0.00546	0.00520	0.00156	0.00634	0.00569	0.00301	0.03043
1	0.01083	0.04564	0.12628	0.01597	0.03499	0.02504	0.45316	0.03837	0.01150	0.03022	0.08539	0.06014	0.01228	0.02122	0.00569	0.00162	0.00670	0.00586	0.00288	0.00621
2	0.02682	0.01123	0.08396	0.04291	0.09940	0.01986	0.31820	0.01385	0.02488	0.05631	0.09726	0.06267	0.04679	0.00611	0.00550	0.01991	0.00584	0.00592	0.00312	0.04947
3	0.01202	0.16634	0.09103	0.04014	0.06217	0.06294	0.24185	0.04596	0.04571	0.04363	0.03290	0.01356	0.00922	0.00574	0.02491	0.00158	0.02284	0.02913	0.00279	0.04555
4	0.02480	0.03370	0.10691	0.02674	0.02104	0.03705	0.49404	0.03459	0.01130	0.04924	0.01141	0.02790	0.03369	0.00572	0.03135	0.00174	0.00730	0.00530	0.00270	0.03348
5	0.01263	0.20284	0.11831	0.04208	0.01550	0.03777	0.10071	0.10250	0.10519	0.07952	0.04613	0.01325	0.01013	0.00734	0.06270	0.00183	0.00603	0.00430	0.00325	0.02796
6	0.09166	0.03282	0.12651	0.03818	0.02996	0.04283	0.18248	0.05048	0.12068	0.09003	0.01379	0.09453	0.02732	0.01587	0.00530	0.00161	0.02066	0.00551	0.00341	0.00637
7	0.00667	0.00535	0.02134	0.00593	0.00731	0.00460	0.00450	0.00859	0.03353	0.03203	0.29427	0.17187	0.34940	0.02548	0.00598	0.00168	0.00263	0.00977	0.00468	0.00440
8	0.02924	0.09713	0.08442	0.03347	0.01481	0.16043	0.02533	0.25892	0.10170	0.03324	0.01112	0.04189	0.00885	0.00549	0.00445	0.00135	0.00567	0.00419	0.00354	0.07477
9	0.02813	0.02970	0.21615	0.01729	0.02242	0.07145	0.49790	0.01566	0.01112	0.02986	0.00930	0.01177	0.00691	0.00426	0.00516	0.00154	0.00765	0.00481	0.00239	0.00653
10	0.01380	0.20216	0.10465	0.01038	0.01422	0.02826	0.05402	0.10309	0.25301	0.12726	0.01337	0.01327	0.00995	0.00611	0.02443	0.00157	0.00522	0.00430	0.00379	0.00713
11	0.01027	0.12725	0.66278	0.01274	0.01921	0.01221	0.01592	0.03388	0.03566	0.01516	0.00875	0.01007	0.00639	0.00457	0.00437	0.00145	0.00667	0.00349	0.00218	0.00699
12	0.00593	0.00426	0.00563	0.00653	0.00694	0.00396	0.00442	0.00694	0.00972	0.01305	0.11852	0.71385	0.05394	0.01428	0.00603	0.00188	0.00270	0.01291	0.00453	0.00396
13	0.01242	0.31290	0.12667	0.01329	0.01770	0.10263	0.26119	0.04556	0.01118	0.01390	0.00879	0.03649	0.00739	0.00464	0.00440	0.00135	0.00664	0.00417	0.00239	0.00630
14	0.00679	0.00484	0.00651	0.00661	0.00707	0.00525	0.00461	0.00773	0.00752	0.01047	0.01492	0.09693	0.01588	0.35065	0.42644	0.00595	0.00865	0.00661	0.00286	0.00369
15	0.01066	0.01122	0.03143	0.01348	0.01423	0.02725	0.10362	0.01215	0.00795	0.01203	0.00674	0.01071	0.00639	0.00772	0.01408	0.00201	0.69644	0.00433	0.00214	0.00542
16	0.01317	0.01027	0.01083	0.02615	0.01234	0.05176	0.00744	0.26589	0.23506	0.06447	0.05935	0.10275	0.07908	0.00781	0.00509	0.00158	0.00431	0.03132	0.00464	0.00670
17	0.00878	0.05233	0.00837	0.00724	0.00880	0.00603	0.02708	0.03206	0.02883	0.10309	0.08698	0.34406	0.17971	0.01228	0.03491	0.00193	0.00362	0.04459	0.00443	0.00488
18	0.00581	0.00443	0.00534	0.00600	0.00678	0.00396	0.00416	0.00684	0.00995	0.01277	0.07042	0.52336	0.29546	0.01375	0.00592	0.00181	0.00263	0.01216	0.00448	0.00396
19	0.01052	0.00914	0.01376	0.01122	0.01378	0.00959	0.19313	0.03053	0.24757	0.06212	0.06787	0.11352	0.11318	0.00787	0.00621	0.00167	0.07113	0.00702	0.00403	0.00610
20	0.01082	0.01870	0.39787	0.04857	0.02226	0.04337	0.31671	0.03690	0.01095	0.01529	0.00898	0.01128	0.00660	0.00449	0.00525	0.00156	0.02703	0.00440	0.00228	0.00668
21	0.03203	0.01940	0.50846	0.01436	0.02022	0.01073	0.20815	0.01498	0.01070	0.04119	0.06600	0.01277	0.00933	0.00483	0.00486	0.00154	0.00678	0.00444	0.00250	0.00671
22	0.00903	0.00850	0.01434	0.82054	0.03292	0.01062	0.01327	0.01221	0.00956	0.01221	0.00850	0.01274	0.00637	0.00478	0.00478	0.00159	0.00637	0.00425	0.00212	0.00531
23	0.01648	0.08475	0.12680	0.01156	0.01546	0.25613	0.02468	0.32306	0.01626	0.06559	0.00983	0.01041	0.00727	0.00517	0.00448	0.00136	0.00650	0.00373	0.00349	0.00700
24	0.05523	0.05339	0.15477	0.22438	0.02310	0.07261	0.24949	0.03697	0.05613	0.01501	0.00932	0.01178	0.00702	0.00459	0.00480	0.00152	0.00680	0.00437	0.00249	0.00622
25	0.01259	0.04869	0.45966	0.01353	0.01929	0.03370	0.15127	0.01687	0.01110	0.17184	0.01071	0.01169	0.00742	0.00472	0.00473	0.00150	0.00662	0.00411	0.00288	0.00709
26	0.00576	0.00479	0.00504	0.00511	0.00656	0.00406	0.00378	0.00703	0.01097	0.01340	0.11316	0.11426	0.66532	0.01215	0.00569	0.00163	0.00244	0.01027	0.00451	0.00406
27	0.12285	0.02898	0.16747	0.01253	0.06130	0.07234	0.08088	0.19653	0.13355	0.06083	0.01121	0.01183	0.00824	0.00513	0.00453	0.00148	0.00565	0.00413	0.00351	0.00705
28	0.01164	0.04461	0.01888	0.33808	0.09494	0.10311	0.22633	0.05808	0.03074	0.01448	0.00910	0.01209	0.00699	0.00461	0.00489	0.00151	0.00686	0.00447	0.00248	0.00610
29	0.00625	0.00490	0.00537	0.00526	0.00676	0.00421	0.00394	0.00771	0.01152	0.03088	0.22669	0.07135	0.57533	0.01152	0.00565	0.00160	0.00243	0.00976	0.00467	0.00423
30	0.01337	0.01151	0.01462	0.01209	0.01364	0.06530	0.05240	0.11843	0.06359	0.10549	0.00956	0.01177	0.00776	0.00714	0.01096	0.00182	0.46690	0.00436	0.00312	0.00619
31	0.04518	0.05506	0.20499	0.01260	0.06339	0.04658	0.05335	0.18619	0.24658	0.01979	0.01232	0.01269	0.00918	0.00533	0.00462	0.00149	0.00551	0.00432	0.00357	0.00726
32	0.55987	0.00918	0.00973	0.00792	0.01123	0.00975	0.06176	0.01682	0.00997	0.24804	0.01040	0.01060	0.00725	0.00484	0.00369	0.00149	0.00412	0.00345	0.00378	0.00612
33	0.00646	0.00487	0.00596	0.00569	0.00695	0.00438	0.00427	0.00843	0.01281	0.01745	0.59354	0.03853	0.25232	0.01041	0.00564	0.00153	0.00230	0.00904	0.00504	0.00438
34	0.04425	0.01201	0.08523	0.05594	0.03615	0.01060	0.47232	0.03359	0.01126	0.01574	0.04735	0.04151	0.01180	0.00580	0.00549	0.00166	0.00677	0.09361	0.00287	0.00606
35	0.01032	0.21176	0.62668	0.01237	0.01874	0.01290	0.01547	0.01495	0.01000	0.01424	0.00813	0.00953	0.00607	0.00444	0.00420	0.00140	0.00661	0.00331	0.00202	0.00685
36	0.00635	0.00484	0.00583	0.00564	0.00690	0.00433	0.00421	0.00820	0.01248	0.01679	0.51708	0.06800	0.30045	0.01075	0.00566	0.00156	0.00233	0.00931	0.00495	0.00433
37	0.01785	0.02278	0.01354	0.01231	0.01478	0.81284	0.00924	0.01909	0.01354	0.01170	0.00739	0.00862	0.00616	0.00493	0.00431	0.00123	0.00862	0.00308	0.00246	0.00554
38	0.01872	0.01023	0.01270	0.03350	0.05817	0.01033	0.00835	0.27451	0.07765	0.42092	0.01562	0.01446	0.01043	0.00578	0.00480	0.00148	0.00459	0.00464	0.00515	0.00798
39	0.00572	0.00486	0.00493	0.00497	0.00657	0.00408	0.00376	0.00696	0.01090	0.01296	0.04767	0.04625	0.77530	0.01214	0.00568	0.00163	0.00248	0.03465	0.00444	0.00405
40	0.00697	0.00469	0.00543	0.00546	0.00554	0.00474	0.00321	0.00713	0.00711	0.00952	0.01522	0.03121	0.01735	0.76218	0.06958	0.00474	0.00510	0.02888	0.00292	0.00302
41	0.01130	0.01093	0.01793	0.08827	0.56465	0.01203	0.01362	0.01377	0.00998	0.01443	0.00834	0.01159	0.00719	0.00522	0.00719	0.00158	0.18859	0.00424	0.00229	0.00687
42	0.01215	0.49009	0.02637	0.01320	0.01760	0.01605	0.33397	0.01473	0.01037	0.01295	0.00791	0.00986	0.00660	0.00406	0.00415	0.00127	0.00635	0.00385	0.00220	0.00626
43	0.00582	0.00416	0.00555	0.00666	0.00693	0.00388	0.00444	0.00666	0.00915	0.01220	0.02634	0.82891	0.03161	0.01497	0.00610	0.00194	0.00277	0.01359	0.00444	0.00388
44	0.62024	0.08048	0.00998	0.00754	0.01060	0.07783	0.00626	0.09678	0.01023	0.02055	0.00722	0.00826	0.00567	0.00465	0.00347	0.00142	0.01735	0.00283	0.00302	0.00560
45	0.01444	0.01287	0.09854	0.01210	0.01593	0.01217	0.13677	0.30247	0.16035	0.09497	0.01304	0.01384	0.00960	0.02345	0.03607	0.00183	0.02544	0.00477	0.00404	0.00731
46	0.00605	0.00434	0.00579	0.00686	0.00728	0.00408	0.00481	0.00706	0.00943	0.01248	0.02693	0.70932	0.05595	0.01467	0.00615	0.00196	0.00296	0.10550	0.00443	0.00395
47	0.00662	0.00487	0.00620	0.00589	0.00706	0.00445	0.00441	0.00874	0.01316	0.01835	0.70287	0.05086	0.12845	0.01012	0.00565	0.00152	0.00228	0.00889	0.00516	0.00445
48	0.03694	0.07083	0.01930	0.12017	0.09103	0.11688	0.23768	0.05985	0.02375	0.01461	0.00850	0.01126	0.00688	0.00521	0.00678	0.00157	0.15581	0.00435	0.00249	0.00612
49	0.01086	0.03210	0.28234	0.01730	0.02271	0.03487	0.48232	0.01523	0.01097	0.01515	0.02399	0.01218	0.00752	0.00433	0.00519	0.00156	0.00759	0.00488	0.00233	0.00658
50	0.01128	0.01289	0.02820	0.02015	0.02498	0.01209	0.78485	0.01531	0.01128	0.01531	0.00967	0.01289	0.00725	0.00403	0.00564	0.00161	0.00806	0.00564	0.00242	0.00645
51	0.86579	0.00924	0.00702	0.00629	0.00924	0.01072	0.00518	0.01405	0.00813	0.02144	0.00666	0.00776	0.00518	0.00444	0.00296	0.00148	0.00370	0.00259	0.00296	0.00518
52	0.02629	0.08072	0.50964	0.01447	0.06137	0.04090	0.11725	0.04570	0.01082	0.01541	0.00908	0.03059	0.00700	0.00474	0.00460	0.00148	0.00680	0.00402	0.00229	0.00681
53	0.01210	0.09430	0.04959	0.01746	0.04089	0.08811	0.53683	0.04546	0.01166	0.01505	0.00972	0.03819	0.00783	0.00456	0.00519	0.00151	0.00745	0.00520	0.00253	0.00636
54	0.00624	0.00472	0.00576	0.00580	0.00690	0.00424	0.00424	0.00790	0.01185	0.01589	0.41978	0.20258	0.26361	0.01153	0.00574	0.00163	0.00241	0.01009	0.00485	0.00424
55	0.01333	0.70832	0.02317	0.00870	0.01256	0.09772	0.00827	0.02743	0.04131	0.01193	0.00730	0.00822	0.00650	0.00429	0.00329	0.00107	0.00541	0.00275	0.00224	0.00616
56	0.01266	0.02953	0.04375	0.03948	0.01374	0.05786	0.00836	0.09401	0.57184	0.03189	0.01704	0.03286	0.01299	0.00630	0.00479	0.00157	0.00444	0.00515	0.00445	0.00730
57	0.00606	0.00487	0.00541	0.00532	0.00677	0.00423	0.00402	0.00762	0.01172	0.01490	0.28191	0.04302	0.54258	0.01141	0.00567	0.00160	0.00243	0.03158	0.00469	0.00419
58	0.01088	0.29661	0.52426	0.01173	0.01771	0.01382	0.01426	0.03453	0.01028	0.01421	0.00800	0.00931	0.00613	0.00442	0.00405	0.00135	0.00636	0.00322	0.00210	0.00678
59	0.10298	0.31860	0.09302	0.01011	0.01382	0.22676	0.03814	0.05352	0.01160	0.04623	0.03924	0.01000	0.00794	0.00477	0.00388	0.00125	0.00605	0.00332	0.00268	0.00609
60	0.01785	0.02278	0.01354	0.01231	0.01478	0.81284	0.00924	0.01909	0.01354	0.01170	0.00739	0.00862	0.00616	0.00493	0.00431	0.00123	0.00862	0.00308	0.00246	0.00554
61	0.00620	0.00495	0.00564	0.00591	0.00729	0.00439	0.00464	0.00770	0.01106	0.01375	0.11210	0.09312	0.51818	0.01229	0.00588	0.00175	0.00285	0.17364	0.00451	0.00415
62	0.08750	0.00943	0.00939	0.00876	0.01075	0.08688	0.00684	0.18746	0.09114	0.03461	0.01874	0.24318	0.03752	0.02327	0.00557	0.00175	0.00438	0.12296	0.00423	0.00564
63	0.18494	0.02987	0.02760	0.01325	0.01686	0.09439	0.28693	0.08798	0.12049	0.04350	0.01044	0.01185	0.00789	0.00494	0.00508	0.00153	0.03843	0.00443	0.00318	0.00642
64	0.00636	0.00476	0.00637	0.00696	0.00750	0.00485	0.00500	0.00747	0.00908	0.01221	0.04665	0.47811	0.09174	0.05495	0.15876	0.00312	0.03724	0.05092	0.00394	0.00402
65	0.06350	0.01037	0.01296	0.01031	0.01322	0.02442	0.03695	0.19040	0.05562	0.34704	0.01354	0.01341	0.00942	0.00623	0.00690	0.00160	0.16790	0.00448	0.00450	0.00726
66	0.31970	0.11702	0.01335	0.00964	0.01278	0.18998	0.06163	0.11157	0.05266	0.03051	0.00912	0.03597	0.00748	0.00510	0.00392	0.00139	0.00545	0.00366	0.00311	0.00596
67	0.01718	0.04424	0.01403	0.01210	0.01459	0.66534	0.02485	0.01885	0.03505	0.05288	0.00828	0.00943	0.00671	0.00517	0.00497	0.00130	0.05327	0.00333	0.00267	0.00575
68	0.01115	0.01059	0.00980	0.00936	0.01116	0.16809	0.00719	0.01698	0.29774	0.02946	0.06693	0.18431	0.01941	0.00894	0.00565	0.00168	0.03428	0.09729	0.00419	0.00578
69	0.01146	0.01233	0.02574	0.04828	0.03670	0.01210	0.64665	0.01509	0.01092	0.04040	0.00960	0.01275	0.00728	0.00453	0.00650	0.00165	0.08378	0.00540	0.00249	0.00637
70	0.05372	0.05350	0.04858	0.14012	0.11651	0.12294	0.18709	0.04294	0.01133	0.07348	0.01084	0.08065	0.00921	0.00556	0.00506	0.00151	0.02288	0.00504	0.00287	0.00618
71	0.02128	0.00840	0.01126	0.00863	0.01234	0.00743	0.00713	0.06260	0.01413	0.76557	0.01848	0.01602	0.01164	0.00591	0.00481	0.00148	0.00413	0.00478	0.00586	0.00813
72	0.01679	0.08212	0.04998	0.01137	0.01477	0.32360	0.02262	0.29693	0.07235	0.04910	0.01020	0.01067	0.00770	0.00527	0.00447	0.00134	0.00653	0.00378	0.00355	0.00685
73	0.01092	0.04083	0.15703	0.24014	0.06653	0.06393	0.12556	0.03992	0.01021	0.01377	0.00821	0.01129	0.00653	0.00537	0.00707	0.00163	0.17857	0.00418	0.00226	0.00603
74	0.01017	0.02036	0.52521	0.01572	0.02181	0.01154	0.26844	0.01507	0.01039	0.01507	0.00886	0.01102	0.00645	0.00450	0.00528	0.00157	0.03534	0.00424	0.00215	0.00680
75	0.00582	0.00416	0.00555	0.00666	0.00693	0.00388	0.00444	0.00666	0.00915	0.01220	0.02634	0.82891	0.03161	0.01497	0.00610	0.00194	0.00277	0.01359	0.00444	0.00388
76	0.09317	0.00971	0.01124	0.09768	0.04902	0.05676	0.03341	0.05910	0.23790	0.01768	0.13389	0.02012	0.06903	0.00699	0.00561	0.00159	0.05984	0.02738	0.00388	0.00602
77	0.01141	0.01093	0.01865	0.14634	0.68844	0.01125	0.01446	0.01431	0.01069	0.01511	0.00892	0.01196	0.00739	0.00434	0.00474	0.00145	0.00578	0.00426	0.00233	0.00724
78	0.02144	0.00813	0.01109	0.00850	0.01220	0.00702	0.00702	0.02329	0.01368	0.80552	0.01886	0.01627	0.01183	0.00592	0.00481	0.00148	0.00407	0.00481	0.00592	0.00813
79	0.01222	0.48628	0.16654	0.01022	0.01406	0.08011	0.01038	0.01439	0.00970	0.01204	0.00700	0.00865	0.00614	0.00494	0.00550	0.00130	0.13930	0.00304	0.00208	0.00611
80	0.01233	0.05884	0.29599	0.08960	0.09266	0.19267	0.10458	0.01616	0.03639	0.03219	0.00893	0.01077	0.00680	0.00469	0.00476	0.00145	0.01844	0.00386	0.00239	0.00650
81	0.00937	0.00786	0.00959	0.00887	0.01014	0.06141	0.00701	0.11012	0.00995	0.01363	0.01166	0.01638	0.01054	0.02732	0.58002	0.00592	0.08768	0.00479	0.00280	0.00494
82	0.01128	0.01289	0.02820	0.02015	0.02498	0.01209	0.78485	0.01531	0.01128	0.01531	0.00967	0.01289	0.00725	0.00403	0.00564	0.00161	0.00806	0.00564	0.00242	0.00645
83	0.01066	0.01006	0.01692	0.39925	0.42506	0.01109	0.01389	0.03026	0.01051	0.01434	0.00881	0.01225	0.00702	0.00453	0.00475	0.00150	0.00599	0.00425	0.00231	0.00652
84	0.01248	0.02626	0.01976	0.11341	0.43779	0.02684	0.16395	0.07250	0.01184	0.05446	0.00966	0.01219	0.00757	0.00447	0.00488	0.00147	0.00616	0.00450	0.00270	0.00710
85	0.01068	0.01019	0.01733	0.35289	0.48761	0.01105	0.01410	0.01366	0.01034	0.01422	0.00879	0.01220	0.00708	0.00447	0.00475	0.00149	0.00596	0.00425	0.00227	0.00665
86	0.25498	0.01458	0.01232	0.16061	0.06741	0.30111	0.00917	0.09866	0.01207	0.01678	0.00793	0.00965	0.00622	0.00480	0.00409	0.00140	0.00627	0.00336	0.00278	0.00580
87	0.01116	0.01062	0.01775	0.21759	0.57749	0.01121	0.01397	0.01463	0.05089	0.01503	0.00941	0.01236	0.00765	0.00450	0.00475	0.00147	0.00575	0.00432	0.00244	0.00703
88	0.00844	0.00431	0.00545	0.00545	0.00589	0.00431	0.00374	0.00822	0.00778	0.01212	0.01169	0.01710	0.01055	0.07445	0.01307	0.45706	0.00343	0.00448	0.33939	0.00308
89	0.32311	0.01124	0.01049	0.02278	0.01208	0.05321	0.00711	0.33566	0.05882	0.02395	0.01032	0.01099	0.00770	0.00523	0.00396	0.00142	0.00451	0.00370	0.08723	0.00649
90	0.00879	0.00528	0.00600	0.02372	0.02165	0.00530	0.00466	0.01159	0.06653	0.03919	0.02085	0.11278	0.09261	0.00788	0.00433	0.00140	0.00279	0.06577	0.49414	0.00475
91	0.00691	0.00499	0.00568	0.00563	0.00707	0.00436	0.00422	0.00829	0.01118	0.06024	0.16696	0.12712	0.48661	0.03822	0.00629	0.00175	0.00269	0.04287	0.00461	0.00432
92	0.00845	0.00628	0.00728	0.00731	0.00865	0.00645	0.00529	0.01308	0.23761	0.05421	0.05989	0.37620	0.12034	0.05777	0.00663	0.00192	0.00317	0.00975	0.00458	0.00515
93	0.00591	0.00420	0.00552	0.00654	0.00680	0.00394	0.00431	0.00668	0.00898	0.01197	0.02544	0.76532	0.03048	0.08011	0.00755	0.00216	0.00292	0.01306	0.00431	0.00380
94	0.00779	0.00522	0.00640	0.00612	0.00742	0.00488	0.00455	0.01020	0.05077	0.06455	0.43647	0.12644	0.14573	0.03355	0.00597	0.00164	0.00259	0.00869	0.06634	0.00469
95	0.01160	0.00598	0.00750	0.00655	0.00857	0.00528	0.00504	0.01317	0.01206	0.29051	0.21519	0.04972	0.23137	0.09358	0.00730	0.00187	0.00322	0.02104	0.00499	0.00547
96	0.00595	0.00443	0.00556	0.00634	0.00701	0.00405	0.00445	0.00703	0.00991	0.01290	0.07750	0.56210	0.20342	0.01392	0.00600	0.00186	0.00276	0.05635	0.00448	0.00398
97	0.00966	0.00597	0.00697	0.00629	0.00801	0.00580	0.00485	0.05378	0.07016	0.10065	0.33535	0.02808	0.12523	0.00820	0.00490	0.00143	0.00273	0.00695	0.20976	0.00523
98	0.00634	0.00486	0.00582	0.00566	0.00694	0.00433	0.00425	0.00816	0.01236	0.01653	0.48193	0.06862	0.32054	0.01088	0.00568	0.00157	0.00238	0.02394	0.00491	0.00431

[dist]
# distance from previous block
# <min> <max>
4	5

[block]
# block no. 7 follows, 53 sequences, length 6
# corresponding to MSA columns:
# 484-489
name=unknown_H
#
# <colnr> <probs for GDERKNQSTAVLIFYWHMCP>
#	G	D	E	R	K	N	Q	S	T	A	V	L	I	F	Y	W	H	M	C	P
0	0.00728	0.00528	0.00631	0.00601	0.00737	0.00490	0.00447	0.00976	0.06049	0.04641	0.43775	0.07712	0.25193	0.04586	0.00639	0.00170	0.00259	0.00888	0.00489	0.00460
1	0.00592	0.00424	0.00564	0.00659	0.00695	0.00395	0.00444	0.00691	0.00962	0.01295	0.10975	0.74336	0.03307	0.01441	0.00605	0.00189	0.00272	0.01305	0.00453	0.00395
2	0.01717	0.00712	0.00957	0.00785	0.01073	0.00620	0.00627	0.01884	0.01279	0.58646	0.06901	0.14698	0.06345	0.00794	0.00511	0.00156	0.00366	0.00673	0.00556	0.00700
3	0.00858	0.00533	0.00656	0.00604	0.00767	0.00471	0.00460	0.01037	0.01249	0.13583	0.40054	0.07492	0.28377	0.01020	0.00554	0.00156	0.00261	0.00877	0.00505	0.00487
4	0.00605	0.00457	0.00539	0.00574	0.00659	0.00412	0.00398	0.00713	0.01017	0.01317	0.15231	0.33347	0.30234	0.11291	0.00810	0.00209	0.00280	0.01078	0.00438	0.00391
5	0.09505	0.01261	0.01343	0.01038	0.01412	0.01385	0.00857	0.65774	0.02050	0.08901	0.01161	0.01151	0.00815	0.00563	0.00462	0.00144	0.00503	0.00419	0.00470	0.00786

[dist]
# distance from previous block
# <min> <max>
0	0

# created by:
# /st0/software/busco_prod/Augustus/scripts/msa2prfl.pl ./align_prep/35904.fa
