[name]
unknown

[dist]
# distance from previous block
# <min> <max>
0	2

[block]
# block no. 0 follows, 66 sequences, length 21
# corresponding to MSA columns:
# 2-22
name=unknown_A
#
# <colnr> <probs for GDERKNQSTAVLIFYWHMCP>
#	G	D	E	R	K	N	Q	S	T	A	V	L	I	F	Y	W	H	M	C	P
0	0.00841	0.00603	0.00782	0.00854	0.00963	0.00574	0.00710	0.00975	0.01070	0.01426	0.08922	0.04602	0.02585	0.01201	0.00630	0.00214	0.00423	0.71709	0.00439	0.00475
1	0.00688	0.00479	0.00557	0.00531	0.00578	0.00500	0.00346	0.09596	0.00755	0.01017	0.01275	0.07125	0.01398	0.60559	0.12570	0.00384	0.00481	0.00577	0.00267	0.00315
2	0.00793	0.00748	0.01264	0.75665	0.11690	0.00908	0.01140	0.01060	0.00824	0.01069	0.00726	0.01073	0.00552	0.00401	0.00405	0.00134	0.00534	0.00361	0.00183	0.00472
3	0.01125	0.74512	0.04132	0.00745	0.01083	0.10715	0.00725	0.01261	0.00861	0.00967	0.00575	0.00665	0.00521	0.00356	0.00275	0.00090	0.00471	0.00224	0.00177	0.00517
4	0.00766	0.00721	0.01217	0.84767	0.02794	0.00901	0.01127	0.01037	0.00811	0.01037	0.00721	0.01082	0.00541	0.00406	0.00406	0.00135	0.00541	0.00361	0.00180	0.00451
5	0.01009	0.00872	0.00917	0.00826	0.01055	0.01009	0.00642	0.02156	0.82478	0.01697	0.01651	0.01514	0.01238	0.00550	0.00413	0.00138	0.00321	0.00459	0.00413	0.00642
6	0.01466	0.01840	0.01198	0.01184	0.09136	0.76117	0.00828	0.01584	0.01128	0.01025	0.00640	0.00758	0.00534	0.00413	0.00369	0.00106	0.00708	0.00271	0.00208	0.00487
7	0.00494	0.00353	0.00471	0.00565	0.00588	0.00330	0.00377	0.00565	0.00777	0.01036	0.02236	0.85477	0.02683	0.01271	0.00518	0.00165	0.00235	0.01153	0.00377	0.00330
8	0.00586	0.00408	0.00515	0.00515	0.00541	0.00433	0.00337	0.00637	0.00612	0.00841	0.01212	0.02286	0.01315	0.56973	0.30615	0.00483	0.00635	0.00536	0.00236	0.00286
9	0.00506	0.00381	0.00489	0.00576	0.02478	0.00349	0.00383	0.00592	0.00825	0.01078	0.05872	0.64064	0.18550	0.01184	0.00506	0.00157	0.00233	0.01059	0.00375	0.00341
10	0.01554	0.01118	0.01206	0.00925	0.01249	0.01230	0.00764	0.78485	0.01876	0.05974	0.01001	0.00991	0.00703	0.00488	0.00406	0.00122	0.00442	0.00367	0.00410	0.00690
11	0.00580	0.00435	0.00652	0.00652	0.00724	0.00507	0.00507	0.00724	0.00652	0.00942	0.01087	0.01594	0.01014	0.03043	0.84134	0.00652	0.01087	0.00435	0.00217	0.00362
12	0.00773	0.00730	0.01218	0.80255	0.02701	0.00920	0.01114	0.01033	0.00801	0.01033	0.00711	0.01071	0.00540	0.00422	0.00456	0.00137	0.05093	0.00360	0.00180	0.00450
13	0.00863	0.00808	0.01361	0.62960	0.11527	0.00944	0.07708	0.06781	0.00913	0.01197	0.00752	0.01067	0.00569	0.00401	0.00411	0.00133	0.00539	0.00371	0.00200	0.00497
14	0.01053	0.00893	0.00942	0.00834	0.01072	0.01029	0.00653	0.08674	0.75888	0.01767	0.01596	0.01470	0.01194	0.00545	0.00412	0.00136	0.00331	0.00451	0.00412	0.00646
15	0.00576	0.00420	0.00519	0.00515	0.00571	0.00433	0.00355	0.00673	0.02356	0.00952	0.06128	0.02525	0.15244	0.38740	0.27830	0.00413	0.00570	0.00591	0.00273	0.00315
16	0.00902	0.00752	0.00862	0.00636	0.00971	0.00623	0.00505	0.08318	0.05140	0.01430	0.00815	0.00964	0.00678	0.03909	0.00390	0.00084	0.00319	0.00277	0.00264	0.72159
17	0.00835	0.00812	0.01247	0.40581	0.05237	0.01070	0.01015	0.01016	0.00723	0.01019	0.00631	0.00984	0.00541	0.00552	0.00857	0.00155	0.41732	0.00358	0.00180	0.00455
18	0.02381	0.09367	0.02310	0.04119	0.02257	0.22696	0.07548	0.09979	0.02103	0.05481	0.01734	0.02275	0.00708	0.04879	0.00658	0.00140	0.17708	0.00356	0.00245	0.03054
19	0.02988	0.00903	0.04424	0.11374	0.01231	0.08902	0.01953	0.10872	0.14967	0.05677	0.08532	0.03491	0.06280	0.04107	0.03200	0.00151	0.01588	0.00450	0.00318	0.08593
20	0.06292	0.03131	0.04291	0.09682	0.16521	0.06097	0.10799	0.06865	0.05589	0.05010	0.00908	0.04721	0.00757	0.02225	0.01397	0.00131	0.02911	0.00387	0.00254	0.12033

[dist]
# distance from previous block
# <min> <max>
8	27

[block]
# block no. 1 follows, 66 sequences, length 9
# corresponding to MSA columns:
# 52-60
name=unknown_B
#
# <colnr> <probs for GDERKNQSTAVLIFYWHMCP>
#	G	D	E	R	K	N	Q	S	T	A	V	L	I	F	Y	W	H	M	C	P
0	0.00966	0.18169	0.31699	0.02435	0.01368	0.02307	0.05857	0.07329	0.04398	0.05672	0.01026	0.08078	0.00898	0.00519	0.00392	0.00126	0.00485	0.05966	0.00252	0.02059
1	0.05592	0.01968	0.69696	0.01104	0.01646	0.06188	0.01359	0.05518	0.00921	0.01362	0.00726	0.00844	0.00520	0.00392	0.00378	0.00126	0.00585	0.00297	0.00190	0.00588
2	0.02628	0.03258	0.29312	0.00945	0.01300	0.05565	0.04845	0.07960	0.07408	0.14516	0.01265	0.07711	0.05192	0.00554	0.00450	0.00133	0.04035	0.02059	0.00298	0.00565
3	0.00827	0.09592	0.33820	0.02563	0.01355	0.00930	0.07759	0.04622	0.00829	0.01177	0.00844	0.03036	0.00732	0.06271	0.15516	0.00240	0.08804	0.00378	0.00203	0.00503
4	0.25053	0.05361	0.00896	0.04339	0.01026	0.05639	0.00551	0.07859	0.00915	0.04965	0.00789	0.04526	0.00661	0.00402	0.00316	0.00098	0.00358	0.00297	0.00266	0.35683
5	0.00546	0.00395	0.00518	0.00594	0.00649	0.00375	0.00442	0.00653	0.00837	0.01097	0.04780	0.47613	0.10347	0.05698	0.00608	0.00179	0.00279	0.23679	0.00371	0.00340
6	0.08752	0.00613	0.05039	0.00625	0.00803	0.00537	0.02888	0.00964	0.07557	0.06467	0.09568	0.10661	0.30731	0.00861	0.00459	0.00144	0.00295	0.12246	0.00366	0.00424
7	0.16371	0.18499	0.07008	0.00737	0.00982	0.11337	0.02265	0.03620	0.03837	0.03971	0.01322	0.11543	0.08723	0.00668	0.02330	0.00138	0.00427	0.05480	0.00276	0.00469
8	0.08578	0.04721	0.02305	0.01731	0.01045	0.19129	0.01585	0.16454	0.02004	0.03048	0.02660	0.05104	0.05987	0.02114	0.00482	0.00139	0.03844	0.16512	0.00309	0.02248

[dist]
# distance from previous block
# <min> <max>
9	53

[block]
# block no. 2 follows, 66 sequences, length 20
# corresponding to MSA columns:
# 115-134
name=unknown_C
#
# <colnr> <probs for GDERKNQSTAVLIFYWHMCP>
#	G	D	E	R	K	N	Q	S	T	A	V	L	I	F	Y	W	H	M	C	P
0	0.05176	0.00872	0.02624	0.03489	0.07387	0.05741	0.06194	0.20581	0.05356	0.09116	0.04987	0.10938	0.13447	0.00639	0.00426	0.00130	0.00394	0.00542	0.00347	0.01614
1	0.00626	0.00437	0.00545	0.00514	0.00589	0.00410	0.03590	0.00679	0.00741	0.04676	0.02146	0.08405	0.25463	0.42539	0.03437	0.03556	0.00353	0.00681	0.00300	0.00313
2	0.00698	0.00558	0.00734	0.00758	0.07214	0.02992	0.04732	0.00848	0.03603	0.03292	0.18015	0.12365	0.10043	0.26171	0.00962	0.00215	0.01771	0.04324	0.00325	0.00381
3	0.05156	0.46380	0.18783	0.00831	0.01200	0.08648	0.00853	0.06637	0.03747	0.01201	0.00711	0.02912	0.00607	0.00403	0.00317	0.00105	0.00481	0.00280	0.00209	0.00539
4	0.00528	0.00457	0.02629	0.00507	0.00623	0.00383	0.00389	0.00656	0.02076	0.01122	0.07748	0.22494	0.45392	0.04533	0.02179	0.00165	0.00260	0.05648	0.00365	0.01845
5	0.06662	0.00945	0.05333	0.00821	0.01104	0.02361	0.02459	0.26437	0.19971	0.17172	0.05220	0.03887	0.04706	0.00551	0.00408	0.00129	0.00380	0.00445	0.00395	0.00611
6	0.04947	0.09393	0.11084	0.07190	0.12543	0.09274	0.13903	0.06575	0.00945	0.02401	0.00869	0.03737	0.00766	0.04050	0.00535	0.00141	0.06454	0.04442	0.00229	0.00521
7	0.02700	0.26386	0.29424	0.08767	0.02692	0.02929	0.07128	0.02661	0.00872	0.01192	0.01980	0.02648	0.00633	0.00398	0.00365	0.00113	0.01561	0.00315	0.00196	0.07039
8	0.05203	0.00461	0.00507	0.00500	0.00622	0.00431	0.00371	0.05254	0.00988	0.01322	0.20730	0.19598	0.40621	0.00967	0.00471	0.00139	0.00228	0.00827	0.00387	0.00374
9	0.01057	0.60209	0.18072	0.00824	0.01199	0.07664	0.00866	0.01251	0.00848	0.01023	0.00600	0.00706	0.00520	0.00373	0.00330	0.00099	0.03412	0.00241	0.00176	0.00530
10	0.05927	0.16288	0.26243	0.06439	0.04941	0.00952	0.00921	0.06300	0.04021	0.06802	0.04565	0.06693	0.02211	0.02727	0.00425	0.00132	0.00447	0.03170	0.00261	0.00534
11	0.02614	0.01000	0.04756	0.02373	0.03450	0.21704	0.01854	0.08738	0.00989	0.02597	0.01377	0.14564	0.07664	0.01080	0.14336	0.00218	0.03476	0.04077	0.02682	0.00448
12	0.00523	0.00384	0.00493	0.00571	0.00612	0.00367	0.00388	0.00654	0.05093	0.01086	0.04085	0.75612	0.06190	0.01213	0.00510	0.00161	0.00238	0.01094	0.00380	0.00348
13	0.02859	0.06824	0.08311	0.00944	0.05605	0.04674	0.02824	0.12302	0.07458	0.25651	0.03023	0.06135	0.01861	0.00545	0.00495	0.00130	0.09000	0.00424	0.00346	0.00589
14	0.04942	0.06805	0.22412	0.07180	0.03289	0.00925	0.12247	0.08224	0.03897	0.04646	0.05949	0.02714	0.03658	0.06197	0.00564	0.00148	0.05004	0.00419	0.00256	0.00524
15	0.00730	0.00569	0.00564	0.00528	0.00682	0.06475	0.00401	0.00899	0.04677	0.09568	0.16127	0.05597	0.49906	0.00884	0.00462	0.00133	0.00262	0.00739	0.00390	0.00407
16	0.02316	0.22309	0.18538	0.06245	0.19237	0.06251	0.06095	0.03574	0.03808	0.06812	0.00790	0.00917	0.00615	0.00388	0.00365	0.00116	0.00508	0.00319	0.00222	0.00577
17	0.02388	0.05413	0.06672	0.10452	0.19983	0.00957	0.05586	0.09657	0.17437	0.04832	0.06070	0.01318	0.03795	0.00478	0.00418	0.00126	0.01641	0.00414	0.00294	0.02070
18	0.00885	0.02134	0.04540	0.08335	0.20502	0.07747	0.15388	0.03071	0.00900	0.01202	0.01123	0.21940	0.01122	0.00623	0.00500	0.00137	0.06296	0.00566	0.02493	0.00495
19	0.00670	0.00526	0.00621	0.00632	0.00762	0.00530	0.00506	0.02896	0.16024	0.01331	0.11368	0.11117	0.24100	0.00958	0.00495	0.00154	0.00287	0.26212	0.00391	0.00419

[dist]
# distance from previous block
# <min> <max>
0	1

[block]
# block no. 3 follows, 66 sequences, length 18
# corresponding to MSA columns:
# 136-153
name=unknown_D
#
# <colnr> <probs for GDERKNQSTAVLIFYWHMCP>
#	G	D	E	R	K	N	Q	S	T	A	V	L	I	F	Y	W	H	M	C	P
0	0.04305	0.08933	0.14815	0.09927	0.06290	0.10469	0.04793	0.05962	0.09060	0.03375	0.05593	0.07609	0.02806	0.00528	0.00433	0.00128	0.03756	0.00430	0.00265	0.00523
1	0.00934	0.09977	0.33922	0.07644	0.08559	0.01032	0.25001	0.02383	0.00905	0.03503	0.00766	0.00952	0.00573	0.00378	0.00418	0.00127	0.01803	0.00359	0.00197	0.00570
2	0.00494	0.00353	0.00471	0.00565	0.00588	0.00330	0.00377	0.00565	0.00777	0.01036	0.02236	0.85477	0.02683	0.01271	0.00518	0.00165	0.00235	0.01153	0.00377	0.00330
3	0.08573	0.09416	0.03231	0.00900	0.01159	0.28382	0.03450	0.13862	0.12073	0.06823	0.03562	0.01118	0.00836	0.00479	0.00391	0.00119	0.01865	0.02920	0.00297	0.00543
4	0.05600	0.00926	0.01279	0.04524	0.27523	0.03740	0.06735	0.18283	0.07172	0.07636	0.03780	0.04132	0.00913	0.02168	0.03659	0.00151	0.00472	0.00418	0.00300	0.00588
5	0.00569	0.00447	0.00682	0.00748	0.04246	0.00423	0.06356	0.00682	0.00822	0.01101	0.04074	0.65063	0.02438	0.01138	0.00514	0.00162	0.00292	0.09521	0.00358	0.00365
6	0.00604	0.00470	0.00698	0.00684	0.00751	0.00565	0.00537	0.00744	0.00650	0.00945	0.01043	0.01539	0.00977	0.02860	0.77657	0.00615	0.07650	0.00428	0.00214	0.00369
7	0.00945	0.00915	0.01594	0.21777	0.59098	0.00953	0.06393	0.01200	0.00900	0.01256	0.00757	0.01028	0.00617	0.00371	0.00408	0.00125	0.00509	0.00369	0.00196	0.00591
8	0.01006	0.00995	0.05099	0.06308	0.61230	0.00957	0.07201	0.01329	0.06852	0.03801	0.00854	0.01057	0.00684	0.00381	0.00408	0.00124	0.00489	0.00376	0.00223	0.00626
9	0.01078	0.01127	0.00830	0.00799	0.00936	0.39821	0.00585	0.01180	0.01008	0.07052	0.07456	0.33294	0.01629	0.00780	0.00435	0.00131	0.00474	0.00648	0.00312	0.00426
10	0.00861	0.00583	0.00667	0.00613	0.00775	0.00569	0.00470	0.18485	0.01121	0.09942	0.02554	0.26875	0.30471	0.00929	0.00470	0.00142	0.00287	0.03337	0.00396	0.00452
11	0.00489	0.00375	0.00448	0.00506	0.00573	0.00334	0.00351	0.00572	0.00833	0.01059	0.02951	0.54344	0.33355	0.01178	0.00503	0.00154	0.00224	0.01040	0.00377	0.00334
12	0.06843	0.00707	0.00779	0.00610	0.00907	0.00618	0.00483	0.01168	0.14702	0.01402	0.03460	0.01359	0.10402	0.00447	0.00342	0.00089	0.00291	0.00361	0.00292	0.54740
13	0.45221	0.04003	0.00950	0.06686	0.01139	0.15615	0.04065	0.08466	0.05381	0.04060	0.00724	0.00816	0.00554	0.00406	0.00319	0.00122	0.00436	0.00279	0.00264	0.00494
14	0.00764	0.06614	0.00920	0.00921	0.15374	0.00659	0.04619	0.04805	0.00752	0.01013	0.01092	0.02022	0.01162	0.53247	0.04163	0.00305	0.00452	0.00501	0.00238	0.00377
15	0.03746	0.13042	0.17222	0.03796	0.01343	0.22915	0.06517	0.13245	0.02785	0.01350	0.03070	0.04516	0.00779	0.03433	0.00437	0.00127	0.00545	0.00361	0.00245	0.00526
16	0.01118	0.62773	0.12107	0.00796	0.01163	0.07739	0.00807	0.07371	0.00935	0.01120	0.00620	0.00707	0.00533	0.00368	0.00295	0.00096	0.00478	0.00242	0.00194	0.00539
17	0.01004	0.07167	0.01488	0.16184	0.48612	0.08459	0.01089	0.01279	0.05573	0.01237	0.00827	0.01117	0.00697	0.00410	0.00395	0.00122	0.00498	0.03054	0.00214	0.00576

[dist]
# distance from previous block
# <min> <max>
3	5

[block]
# block no. 4 follows, 66 sequences, length 31
# corresponding to MSA columns:
# 160-190
name=unknown_E
#
# <colnr> <probs for GDERKNQSTAVLIFYWHMCP>
#	G	D	E	R	K	N	Q	S	T	A	V	L	I	F	Y	W	H	M	C	P
0	0.00819	0.11657	0.58592	0.00995	0.01467	0.02258	0.01205	0.01178	0.00843	0.01192	0.00946	0.01290	0.03459	0.07160	0.00516	0.00148	0.00540	0.04998	0.00197	0.00539
1	0.01158	0.04439	0.12734	0.05716	0.24822	0.14235	0.13368	0.05100	0.02950	0.10315	0.00858	0.00997	0.00648	0.00398	0.00402	0.00122	0.00549	0.00357	0.00244	0.00588
2	0.01990	0.02156	0.32297	0.04102	0.25904	0.00866	0.07587	0.01899	0.00891	0.01274	0.02183	0.08126	0.05620	0.00508	0.00426	0.00131	0.01411	0.01849	0.00222	0.00556
3	0.00493	0.00410	0.00430	0.00428	0.00557	0.00348	0.00320	0.00607	0.00953	0.01168	0.14872	0.05329	0.70682	0.01005	0.00480	0.00136	0.00204	0.00845	0.00386	0.00348
4	0.00910	0.09296	0.64295	0.01156	0.03732	0.05854	0.04194	0.03736	0.00908	0.01279	0.00720	0.00847	0.00527	0.00385	0.00378	0.00123	0.00588	0.00300	0.00183	0.00587
5	0.02855	0.18604	0.30252	0.03397	0.19918	0.03588	0.05754	0.05115	0.02350	0.03442	0.00752	0.00890	0.00583	0.00382	0.00368	0.00118	0.00522	0.00315	0.00207	0.00587
6	0.00561	0.00425	0.00530	0.00587	0.00648	0.00419	0.00415	0.01848	0.07238	0.01120	0.02345	0.62029	0.12056	0.01201	0.02396	0.00171	0.01382	0.03893	0.00374	0.00365
7	0.03668	0.01356	0.01139	0.00946	0.01218	0.28680	0.00750	0.42543	0.12417	0.01905	0.00939	0.00958	0.00702	0.00470	0.00390	0.00118	0.00521	0.00340	0.00338	0.00604
8	0.00632	0.00500	0.00580	0.00581	0.00631	0.05313	0.00408	0.00711	0.00672	0.00894	0.01276	0.07285	0.02734	0.36278	0.38168	0.00470	0.00707	0.01598	0.00243	0.00319
9	0.02873	0.10260	0.14952	0.05000	0.17040	0.04232	0.19134	0.04751	0.07077	0.01346	0.05178	0.02764	0.01702	0.00441	0.00407	0.00126	0.00512	0.01408	0.00239	0.00558
10	0.00547	0.00443	0.00471	0.00460	0.00597	0.00393	0.00346	0.00727	0.06077	0.02475	0.14383	0.06437	0.63267	0.00971	0.00475	0.00137	0.00214	0.00818	0.00390	0.00372
11	0.00754	0.00633	0.00685	0.00660	0.00824	0.00676	0.00507	0.01369	0.40735	0.01391	0.02509	0.13478	0.26214	0.00834	0.00458	0.00145	0.00279	0.06965	0.00394	0.00490
12	0.01086	0.01045	0.03107	0.07431	0.34133	0.05809	0.22723	0.08082	0.03492	0.06254	0.00919	0.01101	0.02093	0.00399	0.00423	0.00126	0.00536	0.00401	0.00245	0.00595
13	0.05586	0.07333	0.05844	0.03007	0.15660	0.11433	0.00754	0.06044	0.01994	0.03259	0.01258	0.22891	0.01283	0.00823	0.05116	0.00163	0.00465	0.06321	0.00282	0.00482
14	0.00560	0.00391	0.00449	0.00463	0.00488	0.00381	0.00282	0.00590	0.00665	0.00871	0.01801	0.14988	0.12802	0.58962	0.04344	0.00333	0.00367	0.00704	0.00282	0.00275
15	0.00889	0.01192	0.16748	0.06317	0.01909	0.00980	0.50947	0.01212	0.00885	0.01230	0.00819	0.02524	0.00655	0.03152	0.01981	0.00156	0.07236	0.00444	0.00200	0.00527
16	0.04758	0.00888	0.05962	0.19871	0.20354	0.05121	0.05148	0.01896	0.02412	0.05540	0.06700	0.03653	0.04792	0.00594	0.02413	0.00146	0.03897	0.05090	0.00258	0.00508
17	0.00858	0.00566	0.00525	0.00493	0.00622	0.07030	0.00379	0.06537	0.00973	0.03289	0.04481	0.01765	0.08672	0.00551	0.00333	0.00105	0.00259	0.02461	0.59692	0.00410
18	0.00704	0.00600	0.00828	0.00754	0.00852	0.04655	0.06342	0.03523	0.00730	0.01006	0.01033	0.01591	0.00982	0.13204	0.55702	0.00509	0.05938	0.00442	0.00224	0.00382
19	0.11565	0.01170	0.03898	0.01059	0.13324	0.25624	0.00742	0.11925	0.01139	0.08703	0.11007	0.01322	0.05816	0.00506	0.00388	0.00119	0.00472	0.00392	0.00302	0.00527
20	0.03943	0.00559	0.02769	0.00682	0.03724	0.00531	0.00513	0.05641	0.00969	0.07688	0.19352	0.22883	0.13348	0.01075	0.07706	0.00187	0.03228	0.04413	0.00366	0.00423
21	0.00538	0.00438	0.00483	0.00491	0.00618	0.00393	0.00380	0.00709	0.04623	0.01200	0.13119	0.06250	0.56795	0.01002	0.00488	0.00143	0.00232	0.11346	0.00386	0.00365
22	0.01027	0.01020	0.01634	0.04106	0.74039	0.05804	0.03910	0.01264	0.00936	0.01299	0.00756	0.00993	0.00633	0.00365	0.00402	0.00120	0.00505	0.00360	0.00201	0.00625
23	0.01003	0.01036	0.06106	0.13136	0.35114	0.09035	0.02494	0.07776	0.07813	0.01337	0.00915	0.03926	0.00773	0.03006	0.04645	0.00159	0.00528	0.00395	0.00239	0.00563
24	0.00528	0.00377	0.00456	0.00500	0.00534	0.00355	0.00323	0.00585	0.00751	0.00987	0.05959	0.42505	0.13231	0.29809	0.01034	0.00237	0.00283	0.00903	0.00336	0.00305
25	0.00984	0.19511	0.27379	0.01364	0.13529	0.02112	0.21078	0.02370	0.03556	0.03262	0.00774	0.00927	0.00597	0.00373	0.00386	0.00120	0.00552	0.00344	0.00204	0.00579
26	0.03293	0.05164	0.10288	0.13376	0.02417	0.03217	0.02468	0.08415	0.13728	0.09087	0.03102	0.01420	0.00958	0.08896	0.08657	0.00205	0.02353	0.02148	0.00290	0.00518
27	0.03724	0.00588	0.02445	0.00692	0.02712	0.00563	0.05248	0.08616	0.00947	0.01266	0.04954	0.28567	0.29055	0.03820	0.00569	0.00154	0.04537	0.00796	0.00344	0.00403
28	0.02843	0.06810	0.02433	0.06300	0.18253	0.06751	0.13586	0.09788	0.01957	0.05359	0.01166	0.03669	0.07249	0.06273	0.04502	0.00168	0.01665	0.00442	0.00261	0.00523
29	0.03647	0.03008	0.17502	0.07265	0.14584	0.06306	0.11455	0.13027	0.03771	0.01461	0.04998	0.04868	0.02680	0.00489	0.00430	0.00129	0.02056	0.01511	0.00258	0.00555
30	0.01963	0.08709	0.08237	0.07279	0.01449	0.18358	0.14388	0.09255	0.12326	0.04489	0.00976	0.05915	0.00799	0.00474	0.00410	0.00123	0.01588	0.00400	0.00269	0.02592

[dist]
# distance from previous block
# <min> <max>
1	23

[block]
# block no. 5 follows, 66 sequences, length 47
# corresponding to MSA columns:
# 214-260
name=unknown_F
#
# <colnr> <probs for GDERKNQSTAVLIFYWHMCP>
#	G	D	E	R	K	N	Q	S	T	A	V	L	I	F	Y	W	H	M	C	P
0	0.21851	0.18817	0.13673	0.00873	0.01211	0.09151	0.08689	0.08080	0.00975	0.07963	0.04625	0.00932	0.00719	0.00413	0.00343	0.00117	0.00466	0.00312	0.00257	0.00532
1	0.00944	0.25623	0.40583	0.00975	0.01409	0.05784	0.04873	0.02839	0.04967	0.01191	0.00810	0.00980	0.01812	0.05039	0.00448	0.00131	0.00530	0.00316	0.00199	0.00548
2	0.00624	0.05812	0.04572	0.04830	0.00824	0.01792	0.00507	0.00816	0.06958	0.01114	0.05337	0.47139	0.09969	0.05026	0.00549	0.00161	0.00300	0.02939	0.00341	0.00386
3	0.00872	0.00872	0.10129	0.07006	0.10855	0.06358	0.00737	0.07333	0.01037	0.07152	0.10438	0.04724	0.23504	0.00703	0.00443	0.00133	0.00384	0.06513	0.00325	0.00482
4	0.00537	0.00420	0.00495	0.00527	0.00636	0.00378	0.00415	0.00667	0.00933	0.01172	0.11033	0.12980	0.45019	0.01060	0.00505	0.00152	0.00252	0.22083	0.00383	0.00353
5	0.00621	0.00474	0.00641	0.00675	0.04598	0.00450	0.04253	0.04524	0.00924	0.01260	0.11920	0.40814	0.17106	0.00975	0.00471	0.00143	0.00263	0.00869	0.08631	0.00385
6	0.06616	0.27512	0.22729	0.00886	0.01255	0.05397	0.04820	0.05369	0.07664	0.05162	0.01003	0.01172	0.04115	0.00458	0.00358	0.00118	0.00471	0.04102	0.00246	0.00547
7	0.01516	0.01910	0.01152	0.01042	0.01254	0.81694	0.00784	0.03962	0.01172	0.01039	0.00637	0.00739	0.00527	0.00420	0.00367	0.00105	0.00723	0.00264	0.00215	0.00477
8	0.00631	0.00420	0.00550	0.00598	0.00672	0.00407	0.00456	0.00748	0.00834	0.04977	0.03224	0.30453	0.09346	0.10264	0.06895	0.00224	0.00357	0.24697	0.03887	0.00357
9	0.02247	0.01055	0.08328	0.10310	0.43845	0.05446	0.10999	0.01264	0.03549	0.02273	0.00848	0.02985	0.00696	0.00402	0.00404	0.00124	0.00509	0.00386	0.03750	0.00578
10	0.00914	0.00860	0.01401	0.09279	0.60018	0.00875	0.01073	0.01191	0.05363	0.01313	0.05027	0.01408	0.08586	0.00461	0.00414	0.00125	0.00438	0.00431	0.00239	0.00585
11	0.01318	0.02092	0.01126	0.07517	0.07803	0.35937	0.01717	0.08828	0.06499	0.12475	0.01038	0.05687	0.01692	0.00513	0.00416	0.00122	0.02076	0.02319	0.00291	0.00533
12	0.00568	0.00416	0.00598	0.00622	0.00681	0.00460	0.00468	0.00691	0.00690	0.00972	0.01392	0.19387	0.01455	0.07551	0.56671	0.00505	0.00822	0.04365	0.01336	0.00349
13	0.01820	0.00690	0.00942	0.00722	0.01036	0.00596	0.00596	0.01977	0.01161	0.83492	0.01601	0.01381	0.01004	0.00502	0.00408	0.00126	0.00345	0.00408	0.00502	0.00690
14	0.00935	0.02995	0.02583	0.02061	0.01058	0.11235	0.09858	0.07053	0.13392	0.05988	0.06172	0.28654	0.04777	0.00760	0.00449	0.00138	0.00397	0.00672	0.00343	0.00482
15	0.00944	0.00890	0.01473	0.12832	0.62434	0.00919	0.01136	0.01238	0.05839	0.01321	0.04958	0.02521	0.00858	0.00417	0.00409	0.00124	0.00461	0.00399	0.00226	0.00600
16	0.00604	0.00500	0.00524	0.00498	0.00649	0.00469	0.00379	0.04856	0.10378	0.01292	0.11812	0.04709	0.60001	0.00929	0.00469	0.00136	0.00230	0.00778	0.00390	0.00398
17	0.00958	0.01094	0.02394	0.01710	0.02120	0.01026	0.81737	0.01300	0.00958	0.01300	0.00821	0.01094	0.00616	0.00342	0.00479	0.00137	0.00684	0.00479	0.00205	0.00547
18	0.02030	0.23044	0.15825	0.00879	0.02599	0.05926	0.06314	0.07287	0.04863	0.06486	0.08819	0.05119	0.03827	0.01924	0.00446	0.02966	0.00444	0.00413	0.00272	0.00520
19	0.02090	0.00892	0.08999	0.10720	0.09228	0.01918	0.02368	0.18120	0.03889	0.07635	0.05134	0.20727	0.01299	0.00703	0.01922	0.00146	0.02795	0.00565	0.00322	0.00528
20	0.01456	0.01074	0.01159	0.00908	0.01209	0.01186	0.00746	0.74151	0.03286	0.02429	0.01081	0.05363	0.00844	0.00545	0.00416	0.00126	0.00432	0.02523	0.00404	0.00662
21	0.05473	0.01104	0.01007	0.00973	0.06215	0.25903	0.03785	0.07514	0.18031	0.01360	0.02989	0.16988	0.01216	0.00638	0.00442	0.00132	0.02797	0.02622	0.00308	0.00503
22	0.00869	0.00936	0.07850	0.05493	0.25269	0.05526	0.07907	0.02607	0.10924	0.01333	0.09282	0.08152	0.10935	0.00587	0.00432	0.00131	0.00426	0.00529	0.00286	0.00527
23	0.00589	0.00396	0.00457	0.00457	0.00462	0.00401	0.00264	0.00599	0.00594	0.00797	0.01265	0.02582	0.01443	0.80073	0.07690	0.00411	0.00441	0.00579	0.00244	0.00254
24	0.00782	0.00737	0.01245	0.79343	0.08095	0.00906	0.01135	0.01050	0.00819	0.01056	0.00724	0.01077	0.00548	0.00403	0.00405	0.00134	0.00537	0.00361	0.00182	0.00463
25	0.00973	0.01023	0.05211	0.05300	0.23933	0.18145	0.00827	0.04953	0.01071	0.02484	0.22890	0.02637	0.04649	0.00573	0.00425	0.00124	0.00445	0.03539	0.00295	0.00504
26	0.00524	0.00374	0.00505	0.00599	0.00635	0.00355	0.00428	0.00616	0.00806	0.01069	0.02220	0.70510	0.02619	0.01243	0.00526	0.00169	0.00261	0.15829	0.00376	0.00338
27	0.00958	0.01094	0.02394	0.01710	0.02120	0.01026	0.81737	0.01300	0.00958	0.01300	0.00821	0.01094	0.00616	0.00342	0.00479	0.00137	0.00684	0.00479	0.00205	0.00547
28	0.08186	0.01733	0.01117	0.00990	0.01219	0.66000	0.00756	0.12961	0.01222	0.01278	0.00672	0.00760	0.00540	0.00425	0.00363	0.00109	0.00659	0.00273	0.00240	0.00499
29	0.01453	0.01740	0.01187	0.05310	0.05792	0.67105	0.00825	0.09620	0.01196	0.01170	0.00674	0.00788	0.00547	0.00421	0.00374	0.00109	0.00680	0.00282	0.00227	0.00501
30	0.00591	0.00452	0.00675	0.00668	0.00738	0.00535	0.00522	0.00734	0.00651	0.00943	0.01065	0.01567	0.00996	0.02953	0.80958	0.00634	0.04306	0.00432	0.00216	0.00365
31	0.00509	0.00388	0.00473	0.00534	0.00606	0.00351	0.00387	0.00606	0.00848	0.01079	0.02883	0.46686	0.30865	0.01167	0.00510	0.00158	0.00242	0.10993	0.00376	0.00340
32	0.01000	0.00984	0.01562	0.13540	0.67867	0.05487	0.01204	0.01237	0.00921	0.01268	0.00750	0.01000	0.00622	0.00371	0.00400	0.00122	0.00504	0.00356	0.00198	0.00607
33	0.00737	0.00484	0.00569	0.00532	0.00588	0.00501	0.00349	0.08361	0.00750	0.04877	0.01237	0.02284	0.01313	0.61826	0.13572	0.00392	0.00495	0.00538	0.00269	0.00325
34	0.00494	0.00353	0.00471	0.00565	0.00588	0.00330	0.00377	0.00565	0.00777	0.01036	0.02236	0.85477	0.02683	0.01271	0.00518	0.00165	0.00235	0.01153	0.00377	0.00330
35	0.01189	0.01305	0.01371	0.14342	0.35844	0.32705	0.01029	0.05184	0.01040	0.01213	0.00715	0.00910	0.00584	0.00396	0.00389	0.00117	0.00585	0.00323	0.00211	0.00550
36	0.01041	0.20398	0.05810	0.05715	0.43536	0.08077	0.07376	0.01266	0.00914	0.01196	0.00707	0.00905	0.00592	0.00365	0.00372	0.00114	0.00516	0.00326	0.00193	0.00582
37	0.01105	0.71587	0.08295	0.00763	0.01116	0.09363	0.00765	0.01259	0.00858	0.00984	0.00583	0.00674	0.00520	0.00357	0.00280	0.00092	0.00475	0.00228	0.00177	0.00522
38	0.01042	0.58110	0.25253	0.00827	0.01244	0.01369	0.00918	0.01271	0.00849	0.04936	0.00660	0.00744	0.00542	0.00365	0.00303	0.00100	0.00477	0.00250	0.00188	0.00551
39	0.04874	0.19615	0.02320	0.00572	0.00714	0.00725	0.00449	0.03058	0.00756	0.01027	0.01337	0.15093	0.05400	0.30783	0.05970	0.00247	0.00406	0.01855	0.00260	0.04538
40	0.00936	0.06965	0.29539	0.01584	0.32664	0.00956	0.04222	0.05016	0.00927	0.02472	0.00851	0.01162	0.00708	0.01981	0.04401	0.00155	0.00545	0.04117	0.00213	0.00586
41	0.00908	0.09993	0.06966	0.00734	0.02415	0.02135	0.01407	0.03449	0.08040	0.05126	0.02836	0.01566	0.03565	0.06086	0.00477	0.00121	0.00367	0.08742	0.00282	0.34786
42	0.00792	0.18910	0.06823	0.00773	0.05030	0.03188	0.02080	0.01051	0.09864	0.01166	0.03247	0.23054	0.12463	0.02142	0.00434	0.00129	0.00350	0.00608	0.00294	0.07602
43	0.06476	0.02914	0.04462	0.04645	0.02209	0.04294	0.09300	0.07120	0.03304	0.01346	0.01125	0.14021	0.03640	0.03845	0.00447	0.00121	0.00392	0.00464	0.00271	0.29605
44	0.05436	0.06843	0.03568	0.04584	0.06143	0.06106	0.03219	0.14504	0.04186	0.08528	0.01320	0.13989	0.06576	0.00633	0.01822	0.00131	0.01372	0.00489	0.00311	0.10239
45	0.00963	0.11813	0.02569	0.01012	0.12963	0.06244	0.05576	0.09262	0.04055	0.06733	0.02527	0.21344	0.07808	0.04694	0.00500	0.00142	0.00399	0.00592	0.00307	0.00497
46	0.02199	0.01140	0.03737	0.01220	0.15323	0.18464	0.08459	0.14360	0.07902	0.10314	0.01087	0.07519	0.01894	0.00499	0.00407	0.00122	0.00492	0.00424	0.00303	0.04136

[dist]
# distance from previous block
# <min> <max>
36	66

[block]
# block no. 6 follows, 66 sequences, length 92
# corresponding to MSA columns:
# 339-430
name=unknown_G
#
# <colnr> <probs for GDERKNQSTAVLIFYWHMCP>
#	G	D	E	R	K	N	Q	S	T	A	V	L	I	F	Y	W	H	M	C	P
0	0.00612	0.00442	0.00604	0.00597	0.00653	0.00463	0.02467	0.00702	0.00706	0.02554	0.03203	0.14130	0.05402	0.31262	0.26832	0.00393	0.02681	0.05691	0.00276	0.00330
1	0.00499	0.00371	0.00463	0.00534	0.00584	0.00339	0.00368	0.00579	0.00810	0.01049	0.02625	0.62502	0.20484	0.03355	0.00550	0.00165	0.00237	0.03781	0.00373	0.00332
2	0.01018	0.01147	0.20723	0.18386	0.03474	0.03981	0.17656	0.01301	0.00916	0.15466	0.00997	0.07338	0.00791	0.00483	0.00467	0.00135	0.04491	0.00434	0.00255	0.00543
3	0.00939	0.02570	0.24662	0.05306	0.03640	0.00999	0.46864	0.04479	0.01871	0.02213	0.02001	0.01051	0.00644	0.00374	0.00440	0.00133	0.00622	0.00416	0.00211	0.00565
4	0.00766	0.00721	0.01217	0.84767	0.02794	0.00901	0.01127	0.01037	0.00811	0.01037	0.00721	0.01082	0.00541	0.00406	0.00406	0.00135	0.00541	0.00361	0.00180	0.00451
5	0.00918	0.34367	0.52284	0.00979	0.01481	0.01197	0.01189	0.01258	0.00844	0.01158	0.00665	0.00777	0.00517	0.00371	0.00337	0.00112	0.00536	0.00268	0.00172	0.00569
6	0.00868	0.01299	0.30100	0.29964	0.05010	0.00940	0.21203	0.01222	0.00877	0.03538	0.00775	0.01013	0.00567	0.00384	0.00417	0.00132	0.00589	0.00370	0.00193	0.00540
7	0.00818	0.03459	0.82317	0.01149	0.01744	0.00953	0.01486	0.01284	0.00856	0.01279	0.00725	0.00853	0.00514	0.00385	0.00383	0.00128	0.00597	0.00298	0.00171	0.00598
8	0.00480	0.00411	0.00411	0.00411	0.00548	0.00343	0.00308	0.00582	0.00925	0.01096	0.04110	0.03905	0.83046	0.01028	0.00480	0.00137	0.00206	0.00856	0.00377	0.00343
9	0.01085	0.00871	0.00921	0.00811	0.02067	0.05927	0.00626	0.19870	0.33129	0.05410	0.09385	0.01542	0.01293	0.04731	0.10278	0.00202	0.00458	0.00452	0.00373	0.00568
10	0.00969	0.01153	0.13146	0.05140	0.43896	0.00984	0.24091	0.03279	0.00945	0.01333	0.00778	0.01012	0.00615	0.00364	0.00422	0.00127	0.00557	0.00386	0.00202	0.00604
11	0.00490	0.00368	0.00455	0.00524	0.00578	0.00333	0.00358	0.00570	0.00816	0.01052	0.02734	0.63824	0.24015	0.01206	0.00508	0.00157	0.00227	0.01075	0.00377	0.00333
12	0.01770	0.00751	0.00977	0.00751	0.01065	0.00689	0.00620	0.12245	0.02745	0.71595	0.01521	0.01331	0.00968	0.00501	0.00408	0.00125	0.00358	0.00403	0.00488	0.00690
13	0.00879	0.00914	0.03702	0.12817	0.15654	0.00905	0.33435	0.01182	0.03631	0.01249	0.01051	0.01712	0.00939	0.00524	0.00510	0.00145	0.04921	0.15077	0.00237	0.00518
14	0.75404	0.00940	0.00682	0.00609	0.00856	0.11610	0.00491	0.03111	0.00778	0.01731	0.00582	0.00676	0.00456	0.00384	0.00269	0.00123	0.00371	0.00228	0.00249	0.00449
15	0.00542	0.00413	0.00498	0.00477	0.00587	0.00369	0.00358	0.00704	0.01073	0.01448	0.56400	0.03325	0.30537	0.00896	0.00479	0.00131	0.00196	0.00775	0.00423	0.00369
16	0.00505	0.00368	0.00474	0.00540	0.00583	0.00342	0.00368	0.00590	0.00821	0.01090	0.10237	0.64180	0.11593	0.04037	0.02091	0.00175	0.00249	0.01048	0.00376	0.00334
17	0.00814	0.02099	0.83640	0.01156	0.01756	0.00942	0.01499	0.01285	0.00857	0.01285	0.00728	0.00857	0.00514	0.00385	0.00385	0.00128	0.00600	0.00300	0.00171	0.00600
18	0.00524	0.00410	0.00474	0.00464	0.00577	0.00360	0.00346	0.00666	0.01021	0.01337	0.40305	0.07212	0.42959	0.00947	0.00481	0.00134	0.00200	0.00813	0.00409	0.00360
19	0.03139	0.01198	0.01193	0.00932	0.01244	0.09431	0.00762	0.70458	0.01792	0.04402	0.00948	0.00954	0.00677	0.00479	0.00399	0.00120	0.00470	0.00353	0.00386	0.00664
20	0.01037	0.00904	0.04668	0.00820	0.01069	0.00961	0.00668	0.05185	0.67146	0.05843	0.03544	0.01562	0.03652	0.00559	0.00415	0.00136	0.00334	0.00463	0.00406	0.00630
21	0.00487	0.00413	0.00421	0.00425	0.00560	0.00348	0.00322	0.00593	0.00925	0.01101	0.04029	0.03932	0.79731	0.01031	0.00483	0.00139	0.00212	0.04127	0.00377	0.00344
22	0.00590	0.00393	0.00442	0.00442	0.00442	0.00393	0.00246	0.00590	0.00590	0.00787	0.01278	0.02655	0.01475	0.85742	0.02065	0.00393	0.00393	0.00590	0.00246	0.00246
23	0.00925	0.00883	0.01503	0.29997	0.56326	0.00943	0.01206	0.01175	0.00886	0.01229	0.00749	0.01030	0.00609	0.00376	0.00403	0.00125	0.00502	0.00361	0.00194	0.00578
24	0.00862	0.16924	0.69234	0.01075	0.01630	0.01059	0.01357	0.01272	0.00851	0.01226	0.00699	0.00820	0.00515	0.00379	0.00363	0.00121	0.00570	0.00285	0.00172	0.00586
25	0.00598	0.00427	0.00590	0.00684	0.00753	0.00419	0.00558	0.00745	0.00879	0.01152	0.02179	0.32662	0.02456	0.01173	0.00546	0.00179	0.00326	0.52941	0.00375	0.00358
26	0.00907	0.03441	0.32786	0.01479	0.01959	0.01008	0.49835	0.01292	0.00917	0.01286	0.00780	0.00995	0.00575	0.00358	0.00439	0.00133	0.00647	0.00406	0.00192	0.00566
27	0.02398	0.06609	0.04786	0.00930	0.01198	0.29891	0.00762	0.20641	0.21910	0.04295	0.01000	0.01010	0.00758	0.00468	0.00394	0.00119	0.01597	0.00340	0.00313	0.00581
28	0.00572	0.00411	0.00559	0.00650	0.00711	0.00398	0.00511	0.00701	0.00859	0.01125	0.02248	0.43214	0.04889	0.01190	0.00538	0.00175	0.00303	0.40218	0.00375	0.00352
29	0.00534	0.00413	0.00487	0.00469	0.00582	0.00366	0.00352	0.00689	0.01055	0.01404	0.49911	0.03397	0.37053	0.00913	0.00479	0.00132	0.00197	0.00785	0.00417	0.00366
30	0.00495	0.00410	0.00433	0.00431	0.00558	0.00348	0.00322	0.00610	0.00955	0.01177	0.16378	0.06083	0.68392	0.01003	0.00480	0.00136	0.00204	0.00846	0.00388	0.00348
31	0.01064	0.75290	0.10835	0.00751	0.01122	0.03216	0.00782	0.01231	0.00834	0.00991	0.00583	0.00674	0.00520	0.00353	0.00276	0.00092	0.00458	0.00227	0.00174	0.00528
32	0.00958	0.01094	0.02394	0.01710	0.02120	0.01026	0.81737	0.01300	0.00958	0.01300	0.00821	0.01094	0.00616	0.00342	0.00479	0.00137	0.00684	0.00479	0.00205	0.00547
33	0.79995	0.00819	0.00658	0.00573	0.00831	0.00945	0.00472	0.09172	0.00811	0.01893	0.00605	0.00690	0.00464	0.00388	0.00266	0.00125	0.00327	0.00234	0.00266	0.00464
34	0.01139	0.00936	0.00991	0.00852	0.01105	0.01070	0.00674	0.21597	0.62825	0.01907	0.01486	0.01382	0.01105	0.00535	0.00411	0.00134	0.00352	0.00436	0.00411	0.00654
35	0.00521	0.00414	0.00471	0.00484	0.00599	0.00365	0.00371	0.00648	0.00958	0.01208	0.18938	0.10142	0.51485	0.01020	0.00492	0.00144	0.00226	0.10771	0.00390	0.00353
36	0.00518	0.00381	0.00486	0.00526	0.00589	0.00349	0.00369	0.00633	0.00918	0.01236	0.28725	0.47312	0.14277	0.01094	0.00500	0.00149	0.00217	0.00976	0.00399	0.00349
37	0.01127	0.77671	0.02029	0.00729	0.01062	0.09767	0.00703	0.01255	0.00857	0.00958	0.00570	0.00659	0.00521	0.00354	0.00271	0.00089	0.00463	0.00221	0.00177	0.00516
38	0.00865	0.00798	0.01215	0.73997	0.02597	0.03398	0.01081	0.09049	0.00930	0.01186	0.00743	0.01061	0.00555	0.00414	0.00404	0.00133	0.00537	0.00358	0.00203	0.00475
39	0.00481	0.00411	0.00413	0.00412	0.00549	0.00343	0.00309	0.00585	0.00928	0.01103	0.05202	0.03892	0.81950	0.01025	0.00479	0.00137	0.00205	0.00855	0.00378	0.00343
40	0.01080	0.75164	0.10154	0.00741	0.01112	0.01510	0.00771	0.01244	0.00838	0.03429	0.00611	0.00693	0.00534	0.00355	0.00277	0.00092	0.00448	0.00231	0.00183	0.00533
41	0.00675	0.00503	0.00703	0.00675	0.00771	0.00579	0.00527	0.08747	0.00775	0.01098	0.01080	0.01557	0.00993	0.04710	0.73946	0.00594	0.01007	0.00431	0.00237	0.00392
42	0.01516	0.01934	0.01150	0.01045	0.01254	0.84113	0.00784	0.01620	0.01150	0.00993	0.00627	0.00732	0.00523	0.00418	0.00366	0.00105	0.00732	0.00261	0.00209	0.00470
43	0.00496	0.00373	0.00461	0.00527	0.00585	0.00338	0.00366	0.00581	0.00829	0.01069	0.04402	0.59585	0.24372	0.01192	0.00508	0.00157	0.00230	0.03216	0.00378	0.00335
44	0.02379	0.03975	0.42424	0.00976	0.01389	0.02941	0.03060	0.05834	0.12360	0.06904	0.02004	0.01174	0.03254	0.00708	0.08676	0.00180	0.00562	0.00368	0.00257	0.00573
45	0.01330	0.01662	0.03986	0.11103	0.03118	0.60137	0.06162	0.02563	0.02407	0.01071	0.00710	0.00903	0.00584	0.00427	0.00385	0.00114	0.00679	0.01962	0.00213	0.00484
46	0.00904	0.00755	0.00818	0.00753	0.00939	0.00855	0.00580	0.01786	0.61506	0.01569	0.09227	0.01967	0.01574	0.09040	0.00592	0.00165	0.00320	0.05691	0.00397	0.00561
47	0.00910	0.00689	0.00928	0.01921	0.05708	0.06178	0.08568	0.02783	0.02109	0.13032	0.47685	0.02205	0.02500	0.00662	0.00471	0.00127	0.02073	0.00586	0.00390	0.00475
48	0.00815	0.03699	0.09266	0.00827	0.01049	0.08939	0.10644	0.01101	0.08294	0.02930	0.22040	0.04252	0.18416	0.00682	0.00492	0.00132	0.05058	0.00579	0.00324	0.00461
49	0.01031	0.40540	0.28295	0.00931	0.01328	0.10087	0.03518	0.02908	0.00884	0.01109	0.00649	0.00774	0.00535	0.00436	0.01994	0.00119	0.03870	0.00269	0.00183	0.00539
50	0.00518	0.00373	0.00492	0.00551	0.00598	0.00347	0.00383	0.00624	0.00881	0.01197	0.23573	0.60461	0.04517	0.01147	0.00508	0.00155	0.00226	0.02710	0.00395	0.00345
51	0.00947	0.00913	0.01538	0.07848	0.61986	0.02054	0.05938	0.01187	0.00938	0.01323	0.08892	0.01209	0.00945	0.00417	0.00431	0.00124	0.02091	0.00404	0.00224	0.00592
52	0.14441	0.03640	0.17905	0.01186	0.04208	0.03257	0.24302	0.18119	0.02888	0.02968	0.00805	0.00939	0.00598	0.00405	0.00417	0.00128	0.02606	0.00358	0.00255	0.00573
53	0.03304	0.00786	0.00993	0.00763	0.01078	0.00741	0.00630	0.18698	0.01309	0.65085	0.01451	0.01283	0.00928	0.00497	0.00405	0.00125	0.00366	0.00396	0.00478	0.00686
54	0.01119	0.38415	0.04913	0.01140	0.09408	0.15549	0.13387	0.03425	0.00926	0.01108	0.00649	0.00802	0.00553	0.00391	0.00413	0.00110	0.06673	0.00297	0.00194	0.00530
55	0.02623	0.00903	0.01513	0.28445	0.51780	0.02151	0.04360	0.01186	0.00888	0.01238	0.00746	0.01022	0.00604	0.00376	0.00403	0.00126	0.00509	0.00362	0.00196	0.00572
56	0.00837	0.01937	0.70556	0.01246	0.01815	0.00956	0.14421	0.01287	0.00873	0.01287	0.00743	0.00895	0.00530	0.00378	0.00400	0.00130	0.00613	0.00329	0.00177	0.00591
57	0.00503	0.00367	0.00473	0.00554	0.00594	0.00340	0.00380	0.00582	0.00797	0.01046	0.02418	0.70061	0.11627	0.03310	0.00554	0.00168	0.00243	0.05279	0.00373	0.00331
58	0.02758	0.18579	0.07837	0.01900	0.07232	0.11364	0.02392	0.01157	0.08761	0.01223	0.11382	0.07494	0.15113	0.00618	0.00397	0.00121	0.00400	0.00506	0.00287	0.00480
59	0.02530	0.00921	0.03899	0.13165	0.46541	0.00912	0.08492	0.03843	0.03634	0.01319	0.01123	0.01314	0.08790	0.00446	0.00423	0.00127	0.01298	0.00420	0.00229	0.00573
60	0.08790	0.00753	0.00948	0.00733	0.01043	0.00703	0.00605	0.11777	0.01215	0.66908	0.01440	0.01272	0.00920	0.00490	0.00395	0.00125	0.00355	0.00388	0.00470	0.00670
61	0.02694	0.01148	0.17916	0.02313	0.06559	0.00985	0.12122	0.07169	0.31544	0.03582	0.04517	0.01257	0.00969	0.00485	0.00462	0.00135	0.04825	0.00415	0.00306	0.00597
62	0.18203	0.00842	0.01052	0.15292	0.12211	0.03692	0.00799	0.05013	0.08555	0.01409	0.08950	0.01193	0.01775	0.00526	0.00582	0.00138	0.18635	0.00380	0.00258	0.00495
63	0.00622	0.00478	0.00697	0.00680	0.00753	0.00568	0.00531	0.02729	0.00680	0.00981	0.01054	0.01557	0.00986	0.04424	0.75532	0.00606	0.06098	0.00431	0.00220	0.00373
64	0.01013	0.01177	0.02271	0.01644	0.02035	0.09245	0.73730	0.01331	0.00977	0.01269	0.00802	0.01059	0.00606	0.00350	0.00468	0.00134	0.00689	0.00457	0.00206	0.00540
65	0.01027	0.00971	0.01628	0.02423	0.79675	0.00977	0.01225	0.04723	0.00966	0.01379	0.00772	0.01003	0.00645	0.00367	0.00402	0.00121	0.00480	0.00362	0.00210	0.00645
66	0.00857	0.00815	0.01287	0.70752	0.03618	0.04891	0.06126	0.03155	0.00873	0.02722	0.00747	0.01068	0.00559	0.00406	0.00408	0.00133	0.00552	0.00364	0.00196	0.00471
67	0.01056	0.01053	0.10858	0.00879	0.01166	0.01034	0.00762	0.12496	0.62150	0.01760	0.01452	0.01364	0.01080	0.00522	0.00409	0.00134	0.00371	0.00427	0.00383	0.00643
68	0.02886	0.01087	0.01636	0.06489	0.01670	0.11279	0.37831	0.01600	0.24949	0.04730	0.01061	0.01175	0.00795	0.00424	0.00433	0.00132	0.00553	0.00430	0.00278	0.00563
69	0.00999	0.00958	0.01637	0.04400	0.81344	0.00963	0.01242	0.01240	0.00921	0.01319	0.00762	0.01006	0.00640	0.00363	0.00402	0.00121	0.00483	0.00361	0.00200	0.00638
70	0.00756	0.00378	0.00378	0.00378	0.00473	0.00378	0.00284	0.00945	0.00851	0.01513	0.01324	0.01513	0.01040	0.00473	0.00284	0.00095	0.00189	0.00378	0.87994	0.00378
71	0.01000	0.00959	0.01638	0.04076	0.81660	0.00963	0.01243	0.01241	0.00922	0.01320	0.00762	0.01006	0.00641	0.00362	0.00402	0.00121	0.00483	0.00361	0.00200	0.00639
72	0.00533	0.00413	0.00457	0.00455	0.00576	0.00356	0.00338	0.00653	0.00962	0.03222	0.20119	0.11897	0.56592	0.00998	0.00481	0.00138	0.00209	0.00850	0.00394	0.00358
73	0.00540	0.00457	0.00472	0.00460	0.00603	0.00412	0.00347	0.00753	0.09010	0.01199	0.10350	0.03596	0.68443	0.00964	0.00473	0.00136	0.00216	0.00807	0.00386	0.00375
74	0.00540	0.00376	0.00476	0.00538	0.00560	0.00362	0.00355	0.00596	0.00726	0.00966	0.01904	0.50765	0.02245	0.29868	0.01045	0.00244	0.00300	0.07494	0.00332	0.00305
75	0.00526	0.00367	0.00461	0.00524	0.00540	0.00351	0.00333	0.00573	0.00714	0.00952	0.01916	0.57778	0.02279	0.29522	0.01035	0.00241	0.00288	0.00965	0.00333	0.00302
76	0.00501	0.00358	0.00478	0.00572	0.00599	0.00335	0.00388	0.00576	0.00783	0.01043	0.02233	0.82202	0.02669	0.01265	0.00520	0.00166	0.00241	0.04365	0.00376	0.00331
77	0.01180	0.00865	0.00952	0.00777	0.01017	0.00939	0.00624	0.43481	0.13648	0.03787	0.22244	0.01619	0.01604	0.00584	0.00420	0.00124	0.00347	0.00476	0.04724	0.00588
78	0.00494	0.00353	0.00471	0.00565	0.00588	0.00330	0.00377	0.00565	0.00777	0.01036	0.02236	0.85477	0.02683	0.01271	0.00518	0.00165	0.00235	0.01153	0.00377	0.00330
79	0.00823	0.00559	0.00630	0.00639	0.00738	0.00505	0.00450	0.01800	0.01063	0.01543	0.22100	0.28532	0.13835	0.01027	0.00530	0.00172	0.00290	0.00842	0.23444	0.00479
80	0.00604	0.00425	0.00520	0.00493	0.00598	0.00400	0.00371	0.00819	0.03910	0.01560	0.61174	0.02863	0.11413	0.00792	0.00450	0.00124	0.00197	0.00689	0.12209	0.00387
81	0.00538	0.00386	0.00467	0.00502	0.00546	0.00363	0.00335	0.00608	0.00784	0.01032	0.10547	0.33733	0.15179	0.28755	0.01014	0.00232	0.00283	0.04043	0.00341	0.00312
82	0.08548	0.00591	0.00729	0.00634	0.00825	0.00564	0.00487	0.01390	0.07301	0.37562	0.09133	0.15336	0.01589	0.11511	0.00633	0.00168	0.00315	0.01752	0.00414	0.00517
83	0.00524	0.00368	0.00480	0.00551	0.00585	0.00347	0.00375	0.00610	0.00808	0.01097	0.10117	0.64960	0.02635	0.07760	0.00628	0.00177	0.00247	0.04147	0.03252	0.00332
84	0.00595	0.00390	0.00469	0.00494	0.00518	0.00376	0.00306	0.00629	0.00687	0.03757	0.01724	0.31955	0.04654	0.50021	0.01406	0.00294	0.00329	0.00792	0.00305	0.00294
85	0.00590	0.00425	0.00529	0.00571	0.00645	0.00408	0.00441	0.00706	0.00847	0.01104	0.07315	0.09310	0.17866	0.22264	0.00908	0.00222	0.00321	0.33062	0.02133	0.00333
86	0.00539	0.00399	0.00466	0.00487	0.00551	0.00371	0.00332	0.00633	0.01994	0.01074	0.12942	0.24760	0.25723	0.24844	0.00936	0.00216	0.00270	0.02793	0.00349	0.00322
87	0.00553	0.00397	0.00512	0.00515	0.00585	0.00369	0.00367	0.00694	0.00998	0.01387	0.53144	0.23550	0.05501	0.08816	0.00635	0.00162	0.00221	0.00828	0.00409	0.00356
