[name]
unknown

[dist]
# distance from previous block
# <min> <max>
0	24

[block]
# block no. 0 follows, 64 sequences, length 15
# corresponding to MSA columns:
# 24-38
name=unknown_A
#
# <colnr> <probs for GDERKNQSTAVLIFYWHMCP>
#	G	D	E	R	K	N	Q	S	T	A	V	L	I	F	Y	W	H	M	C	P
0	0.00760	0.00696	0.01149	0.71791	0.02544	0.00850	0.01063	0.01021	0.00855	0.01097	0.03305	0.01582	0.03160	0.00514	0.00434	0.00143	0.00518	0.07852	0.00217	0.00449
1	0.01567	0.01506	0.01217	0.01004	0.01286	0.35932	0.00795	0.47908	0.01627	0.01945	0.00848	0.00893	0.00634	0.00469	0.00398	0.00117	0.00580	0.00329	0.00331	0.00612
2	0.00644	0.00457	0.00568	0.00649	0.08165	0.00457	0.00347	0.00667	0.00636	0.00857	0.01259	0.02560	0.01430	0.77440	0.01955	0.00377	0.00411	0.00582	0.00247	0.00290
3	0.00850	0.00795	0.01334	0.48190	0.30351	0.00895	0.01124	0.01109	0.00903	0.01220	0.08418	0.01267	0.00905	0.00440	0.00421	0.00132	0.00499	0.00405	0.00217	0.00523
4	0.00506	0.00361	0.00482	0.00578	0.00602	0.00337	0.00386	0.00578	0.00795	0.01060	0.02289	0.85131	0.02747	0.01301	0.00530	0.00169	0.00241	0.01181	0.00386	0.00337
5	0.00506	0.00361	0.00482	0.00578	0.00602	0.00337	0.00386	0.00578	0.00795	0.01060	0.02289	0.85131	0.02747	0.01301	0.00530	0.00169	0.00241	0.01181	0.00386	0.00337
6	0.00833	0.02149	0.83250	0.01184	0.01798	0.00965	0.01535	0.01315	0.00877	0.01315	0.00745	0.00877	0.00526	0.00395	0.00395	0.00132	0.00614	0.00307	0.00175	0.00614
7	0.00833	0.02149	0.83250	0.01184	0.01798	0.00965	0.01535	0.01315	0.00877	0.01315	0.00745	0.00877	0.00526	0.00395	0.00395	0.00132	0.00614	0.00307	0.00175	0.00614
8	0.00506	0.00361	0.00482	0.00578	0.00602	0.00337	0.00386	0.00578	0.00795	0.01060	0.02289	0.85131	0.02747	0.01301	0.00530	0.00169	0.00241	0.01181	0.00386	0.00337
9	0.00849	0.06795	0.78739	0.01158	0.01757	0.01002	0.01489	0.01311	0.00875	0.01297	0.00736	0.00865	0.00527	0.00392	0.00388	0.00129	0.00604	0.00302	0.00176	0.00609
10	0.01053	0.01048	0.01616	0.07946	0.71028	0.07477	0.01230	0.01291	0.00956	0.01310	0.00767	0.01011	0.00641	0.00378	0.00409	0.00123	0.00518	0.00362	0.00205	0.00631
11	0.88336	0.00803	0.00611	0.00546	0.00803	0.00932	0.00450	0.01221	0.00707	0.01864	0.00578	0.00675	0.00450	0.00386	0.00257	0.00129	0.00321	0.00225	0.00257	0.00450
12	0.00833	0.02149	0.83250	0.01184	0.01798	0.00965	0.01535	0.01315	0.00877	0.01315	0.00745	0.00877	0.00526	0.00395	0.00395	0.00132	0.00614	0.00307	0.00175	0.00614
13	0.01028	0.00987	0.01686	0.02550	0.82811	0.00987	0.01275	0.01275	0.00946	0.01357	0.00781	0.01028	0.00658	0.00370	0.00411	0.00123	0.00493	0.00370	0.00206	0.00658
14	0.82512	0.00797	0.00634	0.00559	0.00821	0.00910	0.00461	0.01275	0.00739	0.07335	0.00650	0.00725	0.00489	0.00394	0.00268	0.00129	0.00323	0.00238	0.00274	0.00467

[dist]
# distance from previous block
# <min> <max>
0	1

[block]
# block no. 1 follows, 64 sequences, length 67
# corresponding to MSA columns:
# 40-106
name=unknown_B
#
# <colnr> <probs for GDERKNQSTAVLIFYWHMCP>
#	G	D	E	R	K	N	Q	S	T	A	V	L	I	F	Y	W	H	M	C	P
0	0.84858	0.00818	0.00636	0.00563	0.00823	0.00946	0.00463	0.04436	0.00757	0.01894	0.00595	0.00688	0.00460	0.00390	0.00263	0.00128	0.00327	0.00231	0.00263	0.00460
1	0.01390	0.00820	0.00984	0.00736	0.01079	0.00736	0.00601	0.19043	0.01222	0.31888	0.01128	0.01096	0.00788	0.00426	0.00372	0.00100	0.00357	0.00338	0.00382	0.36514
2	0.00900	0.15824	0.58181	0.01187	0.01730	0.01089	0.12897	0.01306	0.00886	0.01262	0.00731	0.00877	0.00542	0.00382	0.00387	0.00126	0.00598	0.00319	0.00181	0.00593
3	0.01470	0.00976	0.01101	0.00868	0.01158	0.01049	0.00709	0.56273	0.01656	0.15343	0.03941	0.04781	0.00980	0.00748	0.06803	0.00169	0.00472	0.00434	0.00417	0.00654
4	0.00710	0.00395	0.00395	0.00395	0.00502	0.00379	0.00296	0.00883	0.00888	0.01451	0.02007	0.02108	0.19708	0.00614	0.00336	0.00107	0.00197	0.00499	0.67752	0.00379
5	0.01579	0.01163	0.01247	0.00956	0.01288	0.01288	0.00789	0.81426	0.01953	0.02618	0.00997	0.00997	0.00706	0.00499	0.00416	0.00125	0.00457	0.00374	0.00416	0.00706
6	0.00585	0.00437	0.00651	0.00659	0.00729	0.00503	0.00507	0.00727	0.00679	0.00973	0.01219	0.09201	0.01193	0.02951	0.76211	0.00622	0.01034	0.00512	0.00237	0.00368
7	0.88336	0.00803	0.00611	0.00546	0.00803	0.00932	0.00450	0.01221	0.00707	0.01864	0.00578	0.00675	0.00450	0.00386	0.00257	0.00129	0.00321	0.00225	0.00257	0.00450
8	0.00506	0.00361	0.00482	0.00578	0.00602	0.00337	0.00386	0.00578	0.00795	0.01060	0.02289	0.85131	0.02747	0.01301	0.00530	0.00169	0.00241	0.01181	0.00386	0.00337
9	0.01467	0.03310	0.01074	0.01997	0.01130	0.00765	0.06102	0.05691	0.14680	0.46961	0.07764	0.01557	0.03285	0.00547	0.00439	0.00131	0.01550	0.00459	0.00446	0.00643
10	0.01231	0.58855	0.01862	0.00823	0.01129	0.23011	0.00743	0.03435	0.00953	0.01031	0.00604	0.00704	0.00538	0.00390	0.00335	0.00098	0.03299	0.00243	0.00193	0.00522
11	0.16320	0.01030	0.01320	0.01015	0.01331	0.05224	0.19077	0.30602	0.01292	0.06465	0.00971	0.06205	0.00775	0.00480	0.00404	0.00127	0.00475	0.00414	0.00324	0.06149
12	0.07799	0.64424	0.09514	0.00772	0.01132	0.08360	0.00775	0.01283	0.00864	0.01080	0.00599	0.00693	0.00526	0.00367	0.00287	0.00097	0.00476	0.00234	0.00187	0.00530
13	0.01111	0.85652	0.02177	0.00711	0.01066	0.01644	0.00711	0.01244	0.00844	0.00977	0.00577	0.00666	0.00533	0.00355	0.00267	0.00089	0.00444	0.00222	0.00178	0.00533
14	0.00599	0.00497	0.00511	0.00491	0.00640	0.01424	0.00376	0.06817	0.01038	0.01274	0.09078	0.05787	0.65519	0.00998	0.00487	0.00140	0.00241	0.03309	0.00391	0.00383
15	0.01173	0.01030	0.02650	0.00879	0.01135	0.07733	0.00701	0.11632	0.60774	0.05310	0.01501	0.01399	0.01116	0.00539	0.00417	0.00135	0.00385	0.00436	0.00404	0.00650
16	0.00657	0.00469	0.00655	0.00751	0.00841	0.00467	0.00648	0.00839	0.00944	0.01229	0.02206	0.10844	0.02418	0.01159	0.00570	0.00190	0.00372	0.73980	0.00383	0.00379
17	0.01039	0.00885	0.00937	0.00836	0.01070	0.01017	0.00652	0.05865	0.74786	0.01776	0.05172	0.01591	0.01357	0.00573	0.00425	0.00140	0.00329	0.00477	0.00424	0.00648
18	0.00961	0.05121	0.07573	0.03322	0.09163	0.15863	0.00843	0.02126	0.03959	0.01123	0.02391	0.01339	0.00865	0.03760	0.16838	0.00252	0.19373	0.04424	0.00227	0.00479
19	0.00722	0.00361	0.00541	0.00541	0.00541	0.00361	0.00361	0.00541	0.00541	0.00722	0.00722	0.01263	0.00722	0.01443	0.01623	0.87915	0.00361	0.00361	0.00180	0.00180
20	0.01552	0.01980	0.01177	0.01070	0.01284	0.83735	0.00803	0.01659	0.01177	0.01017	0.00642	0.00749	0.00535	0.00428	0.00375	0.00107	0.00749	0.00268	0.00214	0.00482
21	0.79905	0.00794	0.00645	0.00565	0.00828	0.00900	0.00466	0.01299	0.00754	0.09784	0.00682	0.00747	0.00506	0.00398	0.00273	0.00129	0.00324	0.00244	0.00282	0.00475
22	0.01033	0.00892	0.00939	0.00845	0.01080	0.01033	0.00657	0.02207	0.82061	0.01738	0.01691	0.01550	0.01268	0.00564	0.00423	0.00141	0.00329	0.00470	0.00423	0.00657
23	0.00503	0.00424	0.00437	0.00441	0.00578	0.00358	0.00336	0.00614	0.00953	0.01142	0.06131	0.04009	0.76524	0.01052	0.00495	0.00143	0.00219	0.04901	0.00387	0.00353
24	0.00506	0.00363	0.00480	0.00574	0.00601	0.00338	0.00384	0.00579	0.00799	0.01062	0.02341	0.82959	0.04886	0.01295	0.00529	0.00168	0.00240	0.01173	0.00386	0.00338
25	0.88336	0.00803	0.00611	0.00546	0.00803	0.00932	0.00450	0.01221	0.00707	0.01864	0.00578	0.00675	0.00450	0.00386	0.00257	0.00129	0.00321	0.00225	0.00257	0.00450
26	0.00953	0.00735	0.00871	0.00627	0.00991	0.00559	0.00503	0.01135	0.00891	0.08812	0.00820	0.00912	0.00653	0.00326	0.00318	0.00068	0.00312	0.00262	0.00271	0.79982
27	0.00842	0.00722	0.00839	0.00605	0.00963	0.00543	0.00483	0.01023	0.00866	0.01342	0.00915	0.01021	0.04790	0.00345	0.00317	0.00066	0.00303	0.00278	0.00253	0.83484
28	0.01044	0.01119	0.01251	0.05324	0.01223	0.17741	0.00898	0.02726	0.00780	0.01038	0.00583	0.00889	0.00547	0.00647	0.01099	0.00163	0.61924	0.00345	0.00193	0.00465
29	0.01560	0.01145	0.01226	0.00942	0.01269	0.01266	0.00778	0.79495	0.01927	0.02592	0.01006	0.01010	0.00715	0.00498	0.00413	0.00124	0.00451	0.00374	0.02511	0.00699
30	0.01244	0.01222	0.00963	0.00846	0.01054	0.34350	0.00651	0.13011	0.08485	0.07131	0.20814	0.01635	0.05654	0.00590	0.00421	0.00121	0.00481	0.00459	0.00350	0.00517
31	0.00887	0.00878	0.01230	0.01062	0.01065	0.01221	0.00881	0.00979	0.00642	0.01000	0.00615	0.03457	0.00627	0.00819	0.03919	0.00197	0.79495	0.00391	0.00189	0.00448
32	0.00959	0.01975	0.72258	0.01134	0.01709	0.00946	0.01419	0.04784	0.00951	0.08833	0.00838	0.00931	0.00580	0.00410	0.00398	0.00131	0.00583	0.00320	0.00217	0.00626
33	0.01552	0.01980	0.01177	0.01070	0.01284	0.83735	0.00803	0.01659	0.01177	0.01017	0.00642	0.00749	0.00535	0.00428	0.00375	0.00107	0.00749	0.00268	0.00214	0.00482
34	0.00784	0.00738	0.01246	0.84404	0.02861	0.00923	0.01154	0.01061	0.00831	0.01061	0.00738	0.01107	0.00554	0.00415	0.00415	0.00138	0.00554	0.00369	0.00185	0.00461
35	0.00491	0.00421	0.00421	0.00421	0.00561	0.00351	0.00316	0.00596	0.00947	0.01122	0.04208	0.03997	0.82643	0.01052	0.00491	0.00140	0.00210	0.00877	0.00386	0.00351
36	0.00594	0.00444	0.00661	0.00661	0.00733	0.00516	0.00511	0.00738	0.00666	0.00959	0.01118	0.01664	0.01053	0.05583	0.81308	0.00660	0.01091	0.00450	0.00223	0.00367
37	0.01477	0.01095	0.01174	0.00916	0.01220	0.01214	0.00746	0.70342	0.08002	0.02438	0.01070	0.01146	0.00799	0.05777	0.00522	0.00143	0.00444	0.00396	0.00406	0.00674
38	0.00530	0.00380	0.00504	0.00562	0.00608	0.00354	0.00387	0.00640	0.00909	0.01241	0.26206	0.60701	0.03096	0.01167	0.00518	0.00157	0.00228	0.01053	0.00407	0.00354
39	0.01279	0.01096	0.08663	0.05754	0.06129	0.05995	0.02204	0.24960	0.18979	0.13401	0.04677	0.02916	0.01013	0.00517	0.00419	0.00130	0.00443	0.00422	0.00369	0.00634
40	0.00500	0.00406	0.00443	0.00466	0.00575	0.00350	0.00337	0.00602	0.00922	0.01137	0.08068	0.24134	0.58408	0.01103	0.00501	0.00147	0.00217	0.00945	0.00390	0.00350
41	0.00797	0.02397	0.39020	0.01024	0.06591	0.00831	0.01036	0.01224	0.09967	0.01403	0.18645	0.01675	0.07584	0.00578	0.00481	0.00135	0.05317	0.00470	0.00282	0.00544
42	0.00845	0.00411	0.00433	0.00416	0.00529	0.00403	0.00316	0.01037	0.00903	0.07307	0.03938	0.01588	0.01152	0.00498	0.00306	0.00100	0.00205	0.00401	0.78803	0.00410
43	0.57065	0.24923	0.01087	0.00622	0.00899	0.04840	0.00544	0.01240	0.00768	0.01556	0.00592	0.00692	0.00488	0.00386	0.00282	0.00117	0.01652	0.00231	0.01541	0.00474
44	0.01012	0.07876	0.31487	0.00998	0.03814	0.06244	0.04606	0.06754	0.00981	0.04512	0.00781	0.00892	0.00595	0.00376	0.00364	0.00105	0.00495	0.00298	0.00232	0.27579
45	0.02407	0.17414	0.15201	0.01956	0.04424	0.19580	0.02035	0.15257	0.09021	0.04532	0.00853	0.00925	0.00658	0.00444	0.00409	0.00119	0.03595	0.00320	0.00266	0.00584
46	0.00593	0.00445	0.00668	0.00668	0.00742	0.00519	0.00519	0.00742	0.00668	0.00964	0.01113	0.01632	0.01038	0.03115	0.83756	0.00668	0.01113	0.00445	0.00223	0.00371
47	0.00861	0.00738	0.00861	0.00615	0.00984	0.00554	0.00492	0.01046	0.00861	0.01354	0.00738	0.00861	0.00615	0.00308	0.00308	0.00062	0.00308	0.00246	0.00246	0.87941
48	0.01047	0.60027	0.21275	0.00882	0.01299	0.03068	0.05008	0.01273	0.00865	0.01076	0.00632	0.00741	0.00536	0.00366	0.00310	0.00102	0.00503	0.00257	0.00180	0.00552
49	0.01013	0.01166	0.13941	0.02807	0.34163	0.06017	0.14713	0.02275	0.00981	0.04967	0.07360	0.02275	0.00932	0.00447	0.00459	0.00130	0.03492	0.00418	0.01856	0.00587
50	0.00938	0.00736	0.00869	0.00625	0.00990	0.00558	0.00501	0.01121	0.00886	0.07611	0.00807	0.00904	0.00647	0.00323	0.00316	0.00067	0.00311	0.00259	0.00267	0.81263
51	0.00861	0.00738	0.00861	0.00615	0.00984	0.00554	0.00492	0.01046	0.00861	0.01354	0.00738	0.00861	0.00615	0.00308	0.00308	0.00062	0.00308	0.00246	0.00246	0.87941
52	0.00885	0.01891	0.03821	0.02674	0.36857	0.00842	0.04844	0.02703	0.12214	0.01379	0.06688	0.06895	0.13296	0.00598	0.00462	0.00134	0.02427	0.00536	0.00292	0.00561
53	0.00564	0.00422	0.00524	0.00503	0.00607	0.00381	0.00375	0.00737	0.01114	0.01529	0.63088	0.06011	0.20798	0.00908	0.00491	0.00134	0.00201	0.00792	0.00440	0.00381
54	0.00982	0.00952	0.01623	0.12941	0.47381	0.00985	0.13425	0.01372	0.12027	0.01357	0.00918	0.01152	0.00737	0.01800	0.00453	0.00135	0.00509	0.00406	0.00234	0.00610
55	0.00604	0.00403	0.00453	0.00453	0.00453	0.00403	0.00252	0.00604	0.00604	0.00805	0.01309	0.02718	0.01510	0.85402	0.02114	0.00403	0.00403	0.00604	0.00252	0.00252
56	0.00572	0.00465	0.00565	0.00545	0.00665	0.00432	0.02470	0.00768	0.05814	0.01309	0.26193	0.16502	0.39012	0.00982	0.00505	0.00143	0.01423	0.00848	0.00401	0.00386
57	0.01518	0.01133	0.01212	0.00943	0.01265	0.01260	0.00775	0.72538	0.10941	0.02519	0.01075	0.01059	0.00769	0.00506	0.00416	0.00126	0.00443	0.00385	0.00416	0.00701
58	0.01017	0.00968	0.01641	0.11265	0.70195	0.00990	0.02831	0.03657	0.00964	0.01363	0.00784	0.01037	0.00648	0.00378	0.00413	0.00125	0.00503	0.00372	0.00210	0.00636
59	0.00507	0.00421	0.00443	0.00437	0.00571	0.00357	0.00328	0.00627	0.00984	0.01210	0.16901	0.03853	0.69894	0.01019	0.00491	0.00139	0.00208	0.00856	0.00397	0.00357
60	0.01552	0.01959	0.01179	0.01067	0.01284	0.81647	0.00802	0.03678	0.01197	0.01057	0.00651	0.00755	0.00539	0.00430	0.00376	0.00107	0.00742	0.00270	0.00219	0.00487
61	0.00576	0.00381	0.00506	0.00583	0.00625	0.00352	0.00396	0.00655	0.00823	0.05244	0.03347	0.78166	0.04280	0.01250	0.00523	0.00166	0.00246	0.01130	0.00393	0.00357
62	0.00932	0.07118	0.01034	0.00683	0.01048	0.02072	0.03045	0.05170	0.00925	0.01384	0.00741	0.00860	0.00613	0.00324	0.00317	0.00070	0.00345	0.00259	0.00248	0.72815
63	0.02467	0.00430	0.00431	0.00417	0.00526	0.00438	0.00315	0.04587	0.00912	0.01589	0.01323	0.01529	0.01045	0.02051	0.00329	0.00104	0.00212	0.00387	0.80507	0.00400
64	0.00585	0.00424	0.00551	0.00520	0.00619	0.00391	0.00390	0.00779	0.01169	0.01651	0.80415	0.03128	0.06105	0.00855	0.00490	0.00131	0.00196	0.00755	0.00455	0.00391
65	0.01233	0.58102	0.01854	0.03452	0.01188	0.21772	0.00751	0.05434	0.00982	0.01073	0.00620	0.00717	0.00543	0.00382	0.00305	0.00097	0.00523	0.00246	0.00199	0.00527
66	0.02334	0.07432	0.07251	0.01292	0.04565	0.02641	0.33979	0.20308	0.01190	0.05227	0.00868	0.01013	0.00647	0.00394	0.00420	0.00123	0.00553	0.00391	0.00272	0.09101

[dist]
# distance from previous block
# <min> <max>
0	1

[block]
# block no. 2 follows, 64 sequences, length 6
# corresponding to MSA columns:
# 108-113
name=unknown_C
#
# <colnr> <probs for GDERKNQSTAVLIFYWHMCP>
#	G	D	E	R	K	N	Q	S	T	A	V	L	I	F	Y	W	H	M	C	P
0	0.01135	0.09419	0.04837	0.01064	0.05515	0.12908	0.08740	0.06872	0.41793	0.01538	0.01216	0.01216	0.00929	0.00481	0.00405	0.00129	0.00466	0.00400	0.00326	0.00612
1	0.88336	0.00803	0.00611	0.00546	0.00803	0.00932	0.00450	0.01221	0.00707	0.01864	0.00578	0.00675	0.00450	0.00386	0.00257	0.00129	0.00321	0.00225	0.00257	0.00450
2	0.00979	0.08612	0.21554	0.03905	0.11371	0.09555	0.06621	0.07456	0.03615	0.01347	0.06312	0.04483	0.05485	0.00586	0.02530	0.00142	0.04218	0.00428	0.00252	0.00546
3	0.00569	0.00424	0.00529	0.00503	0.00609	0.00384	0.00377	0.00748	0.01132	0.01561	0.67465	0.03275	0.19112	0.00888	0.00490	0.00132	0.00199	0.00775	0.00443	0.00384
4	0.00825	0.14608	0.06605	0.03221	0.08776	0.05403	0.03103	0.04201	0.02753	0.01251	0.08443	0.12389	0.19731	0.00744	0.00438	0.00134	0.00384	0.06214	0.00308	0.00469
5	0.01001	0.05254	0.04243	0.02433	0.05716	0.00728	0.02915	0.06134	0.06581	0.13071	0.16174	0.04871	0.05513	0.00564	0.00428	0.00115	0.02310	0.00475	0.00345	0.21128

[dist]
# distance from previous block
# <min> <max>
0	1

[block]
# block no. 3 follows, 64 sequences, length 42
# corresponding to MSA columns:
# 115-156
name=unknown_D
#
# <colnr> <probs for GDERKNQSTAVLIFYWHMCP>
#	G	D	E	R	K	N	Q	S	T	A	V	L	I	F	Y	W	H	M	C	P
0	0.01041	0.04966	0.11304	0.07378	0.42293	0.02596	0.09086	0.05325	0.02817	0.04520	0.03298	0.01126	0.00770	0.00413	0.00415	0.00127	0.00514	0.01162	0.00236	0.00615
1	0.00591	0.00399	0.00463	0.00473	0.00482	0.00394	0.00277	0.00613	0.00665	0.00893	0.06820	0.12644	0.01819	0.69690	0.01816	0.00357	0.00370	0.00683	0.00281	0.00271
2	0.03206	0.15403	0.03504	0.07149	0.02395	0.08308	0.03051	0.06842	0.00930	0.05007	0.00722	0.00887	0.00595	0.00451	0.00554	0.00115	0.17915	0.00304	0.00235	0.22430
3	0.01002	0.00760	0.00824	0.00738	0.00952	0.00833	0.00576	0.03701	0.52019	0.07757	0.04856	0.03223	0.08459	0.00622	0.00421	0.00135	0.00305	0.02023	0.08456	0.02337
4	0.00518	0.00373	0.00493	0.00582	0.00618	0.00348	0.00401	0.00602	0.00820	0.01086	0.03723	0.74550	0.06511	0.01272	0.00531	0.00168	0.00248	0.06428	0.00387	0.00342
5	0.09515	0.01000	0.01307	0.18725	0.24187	0.10499	0.04897	0.07004	0.01043	0.16513	0.00914	0.01052	0.00673	0.00422	0.00399	0.00127	0.00501	0.00359	0.00279	0.00585
6	0.02556	0.17300	0.08542	0.08040	0.02599	0.39314	0.05239	0.03993	0.01028	0.01124	0.00664	0.00816	0.00547	0.00427	0.00432	0.00116	0.06250	0.00294	0.00206	0.00513
7	0.00722	0.00361	0.00541	0.00541	0.00541	0.00361	0.00361	0.00541	0.00541	0.00722	0.00722	0.01263	0.00722	0.01443	0.01623	0.87915	0.00361	0.00361	0.00180	0.00180
8	0.01026	0.00992	0.01723	0.05756	0.71090	0.00996	0.07962	0.02979	0.00966	0.01370	0.00789	0.01038	0.00652	0.00373	0.00418	0.00125	0.00512	0.00380	0.00210	0.00643
9	0.00825	0.05289	0.01274	0.74834	0.02652	0.00940	0.01092	0.01088	0.00839	0.02563	0.00746	0.01079	0.00564	0.00409	0.00403	0.00132	0.00534	0.00357	0.00193	0.04186
10	0.01469	0.03696	0.04701	0.00931	0.01260	0.01214	0.00791	0.62146	0.10791	0.05885	0.01098	0.02250	0.00799	0.00509	0.00413	0.00126	0.00441	0.00391	0.00403	0.00687
11	0.00684	0.00545	0.00710	0.00691	0.00781	0.03307	0.00533	0.02596	0.06151	0.01055	0.01137	0.01624	0.01046	0.06823	0.66817	0.00571	0.02401	0.00445	0.01685	0.00397
12	0.02569	0.05638	0.01094	0.00886	0.01144	0.12472	0.00703	0.17784	0.49445	0.01774	0.01332	0.01269	0.01004	0.00518	0.00404	0.00130	0.00418	0.00406	0.00377	0.00633
13	0.00618	0.00461	0.00597	0.00665	0.00774	0.00441	0.00567	0.00784	0.00953	0.01208	0.02782	0.04486	0.25686	0.01120	0.00550	0.00176	0.00333	0.57043	0.00383	0.00373
14	0.00839	0.02108	0.80060	0.01206	0.01813	0.00968	0.04684	0.01316	0.00881	0.01316	0.00749	0.00887	0.00530	0.00393	0.00398	0.00132	0.00617	0.00314	0.00177	0.00612
15	0.00913	0.07910	0.01016	0.00889	0.06700	0.02014	0.00660	0.01574	0.42121	0.01428	0.01948	0.01941	0.18194	0.00660	0.00516	0.00140	0.08439	0.02028	0.00353	0.00556
16	0.00549	0.00406	0.00503	0.00514	0.00600	0.00368	0.00372	0.00691	0.01015	0.01380	0.42005	0.25969	0.20261	0.01010	0.00497	0.00143	0.00211	0.00889	0.02250	0.00368
17	0.00506	0.00361	0.00482	0.00578	0.00602	0.00337	0.00386	0.00578	0.00795	0.01060	0.02289	0.85131	0.02747	0.01301	0.00530	0.00169	0.00241	0.01181	0.00386	0.00337
18	0.00521	0.00381	0.00528	0.00600	0.00637	0.00356	0.02116	0.00605	0.00820	0.01099	0.06569	0.78932	0.02765	0.01257	0.00527	0.00166	0.00248	0.01143	0.00386	0.00345
19	0.00991	0.37454	0.44525	0.00971	0.01461	0.01269	0.01146	0.05579	0.00921	0.01242	0.00688	0.00794	0.00539	0.00384	0.00342	0.00113	0.00534	0.00275	0.00189	0.00585
20	0.00505	0.00367	0.00476	0.00563	0.00598	0.00339	0.00379	0.00580	0.00810	0.01066	0.02475	0.77297	0.10462	0.01277	0.00526	0.00166	0.00238	0.01151	0.00386	0.00339
21	0.00784	0.00738	0.01246	0.84404	0.02861	0.00923	0.01154	0.01061	0.00831	0.01061	0.00738	0.01107	0.00554	0.00415	0.00415	0.00138	0.00554	0.00369	0.00185	0.00461
22	0.01019	0.00957	0.01592	0.15501	0.65707	0.00993	0.01229	0.05537	0.00981	0.01378	0.00786	0.01039	0.00644	0.00384	0.00412	0.00126	0.00501	0.00370	0.00214	0.00629
23	0.00987	0.09447	0.53224	0.01070	0.01570	0.01064	0.02616	0.11395	0.09909	0.02446	0.00885	0.00965	0.00645	0.00424	0.00389	0.00127	0.00541	0.00331	0.01344	0.00620
24	0.00666	0.00476	0.00664	0.00755	0.00850	0.00474	0.00658	0.00857	0.00966	0.01261	0.05615	0.04618	0.02455	0.01135	0.00570	0.00189	0.00375	0.76648	0.00386	0.00383
25	0.14549	0.00693	0.00863	0.00683	0.00975	0.00634	0.00560	0.01772	0.01102	0.63031	0.04500	0.01526	0.06174	0.00541	0.00401	0.00129	0.00334	0.00430	0.00466	0.00635
26	0.01218	0.02881	0.07998	0.00943	0.02560	0.02358	0.02340	0.36939	0.19991	0.03536	0.01260	0.09474	0.01044	0.01426	0.00471	0.00138	0.02919	0.01508	0.00371	0.00624
27	0.07688	0.00808	0.00914	0.00679	0.01027	0.00709	0.00550	0.13578	0.02258	0.10483	0.00878	0.00939	0.00671	0.00369	0.00334	0.00085	0.00337	0.00286	0.00305	0.57102
28	0.02757	0.00900	0.03389	0.00811	0.01109	0.03565	0.00676	0.21009	0.07711	0.42355	0.03454	0.03783	0.02308	0.00547	0.00438	0.00129	0.02183	0.00434	0.00441	0.02000
29	0.01506	0.01904	0.01184	0.01072	0.01270	0.77880	0.00810	0.01612	0.01139	0.01015	0.00635	0.00760	0.00536	0.00449	0.00445	0.00112	0.06705	0.00274	0.00212	0.00480
30	0.00972	0.00930	0.01585	0.21287	0.64509	0.00972	0.01247	0.01226	0.00919	0.01289	0.00771	0.01046	0.00634	0.00380	0.00412	0.00127	0.00507	0.00370	0.00201	0.00613
31	0.01064	0.00945	0.01595	0.06570	0.71627	0.00948	0.01212	0.01306	0.00956	0.06803	0.00865	0.01131	0.00712	0.00398	0.00415	0.00126	0.00485	0.01967	0.00229	0.00646
32	0.00506	0.00361	0.00482	0.00578	0.00602	0.00337	0.00386	0.00578	0.00795	0.01060	0.02289	0.85131	0.02747	0.01301	0.00530	0.00169	0.00241	0.01181	0.00386	0.00337
33	0.01031	0.00797	0.01028	0.08698	0.04321	0.00737	0.03478	0.07770	0.08481	0.09836	0.02130	0.02861	0.00812	0.00418	0.00384	0.00099	0.01834	0.00349	0.00300	0.44634
34	0.01031	0.01124	0.02350	0.01684	0.02097	0.01070	0.74560	0.08039	0.01062	0.01438	0.00853	0.01110	0.00637	0.00363	0.00484	0.00139	0.00680	0.00480	0.00227	0.00572
35	0.00871	0.00770	0.00994	0.00710	0.01084	0.00595	0.07260	0.01070	0.00871	0.01352	0.00747	0.00883	0.00616	0.00311	0.00323	0.00068	0.00341	0.00267	0.00243	0.80623
36	0.01143	0.00964	0.10242	0.08131	0.16450	0.00789	0.02578	0.05447	0.04634	0.19247	0.02492	0.01119	0.00792	0.00415	0.00387	0.00111	0.00421	0.00354	0.00304	0.23980
37	0.00849	0.02051	0.76419	0.01298	0.08583	0.00967	0.01513	0.01312	0.00883	0.01319	0.00748	0.00890	0.00537	0.00393	0.00396	0.00131	0.00604	0.00312	0.00178	0.00618
38	0.81094	0.00795	0.00640	0.00562	0.00825	0.00905	0.00463	0.01288	0.00747	0.08667	0.00667	0.00737	0.00498	0.00396	0.00271	0.00129	0.00324	0.00241	0.00279	0.00471
39	0.01322	0.01111	0.06693	0.01064	0.08077	0.01131	0.00837	0.44065	0.22481	0.04507	0.01197	0.01258	0.00896	0.00518	0.00420	0.00131	0.00432	0.02801	0.00386	0.00674
40	0.00953	0.00851	0.02822	0.00805	0.01008	0.03842	0.00635	0.04729	0.54473	0.01602	0.03876	0.13304	0.02487	0.00698	0.00444	0.00145	0.00339	0.04829	0.01579	0.00579
41	0.00682	0.00479	0.00585	0.00560	0.00611	0.00512	0.00378	0.07415	0.00736	0.01005	0.01223	0.02245	0.01300	0.53340	0.26728	0.00460	0.00623	0.00537	0.00257	0.00326

[dist]
# distance from previous block
# <min> <max>
0	3

# created by:
# /st0/software/busco_prod/Augustus/scripts/msa2prfl.pl ./align_prep/35931.fa
