[name]
unknown

[dist]
# distance from previous block
# <min> <max>
0	225

[block]
# block no. 0 follows, 74 sequences, length 36
# corresponding to MSA columns:
# 315-350
name=unknown_A
#
# <colnr> <probs for GDERKNQSTAVLIFYWHMCP>
#	G	D	E	R	K	N	Q	S	T	A	V	L	I	F	Y	W	H	M	C	P
0	0.00855	0.27889	0.14152	0.00827	0.05389	0.03689	0.05767	0.02988	0.00820	0.01104	0.02374	0.03201	0.02691	0.00400	0.00319	0.00093	0.00399	0.04672	0.00206	0.22165
1	0.00545	0.00706	0.18794	0.00724	0.05277	0.00459	0.00614	0.00704	0.00750	0.01025	0.02630	0.54762	0.07045	0.00920	0.00441	0.00140	0.00302	0.03493	0.00296	0.00373
2	0.01117	0.00954	0.01247	0.00957	0.01251	0.02981	0.18519	0.36415	0.20866	0.01761	0.00977	0.01015	0.00723	0.00412	0.00377	0.00112	0.00422	0.00363	0.00314	0.09215
3	0.00959	0.00710	0.01064	0.04919	0.01122	0.00693	0.18381	0.14472	0.03675	0.13432	0.01060	0.06761	0.00930	0.19159	0.00710	0.00166	0.00404	0.00442	0.00284	0.10657
4	0.00854	0.00459	0.00559	0.00489	0.00657	0.00396	0.00382	0.00980	0.00956	0.28244	0.19718	0.03909	0.39430	0.00750	0.00418	0.00121	0.00227	0.00632	0.00395	0.00424
5	0.00780	0.27550	0.37090	0.00827	0.01197	0.00940	0.05182	0.01054	0.00837	0.01152	0.18749	0.01168	0.01133	0.00428	0.00341	0.00106	0.00426	0.00346	0.00213	0.00481
6	0.00887	0.19512	0.01557	0.19246	0.45099	0.01000	0.05405	0.01096	0.00806	0.01083	0.00654	0.00868	0.00543	0.00335	0.00344	0.00107	0.00452	0.00308	0.00175	0.00523
7	0.00484	0.00346	0.00467	0.00553	0.00588	0.00329	0.00399	0.00571	0.00742	0.00983	0.02028	0.68859	0.02386	0.01133	0.00482	0.00155	0.00243	0.18597	0.00344	0.00310
8	0.00713	0.00683	0.01187	0.80256	0.02514	0.00833	0.06684	0.00965	0.00751	0.00965	0.00666	0.00990	0.00500	0.00367	0.00376	0.00124	0.00504	0.00337	0.00167	0.00418
9	0.00579	0.00473	0.00664	0.07792	0.05288	0.00520	0.00519	0.03366	0.00737	0.01000	0.01647	0.55724	0.04688	0.00993	0.02659	0.00157	0.11739	0.00809	0.00294	0.00352
10	0.00621	0.00341	0.00490	0.00501	0.00523	0.00336	0.00356	0.00526	0.00563	0.00737	0.01080	0.01739	0.07814	0.01225	0.01242	0.69936	0.00314	0.11259	0.00200	0.00198
11	0.00715	0.00658	0.01099	0.75702	0.08098	0.00803	0.00997	0.00957	0.00751	0.00990	0.00692	0.01006	0.00526	0.00372	0.00365	0.00121	0.00474	0.00331	0.04923	0.00421
12	0.00973	0.00864	0.01126	0.01004	0.05479	0.08026	0.03482	0.01077	0.00699	0.12106	0.00664	0.00919	0.00577	0.03090	0.00981	0.00152	0.57793	0.00334	0.00208	0.00446
13	0.01037	0.62498	0.03181	0.00739	0.01047	0.06768	0.05080	0.08041	0.06596	0.01066	0.00635	0.00704	0.00539	0.00346	0.00278	0.00089	0.00423	0.00242	0.00195	0.00496
14	0.01616	0.00658	0.00872	0.00671	0.00954	0.00589	0.00553	0.08336	0.01117	0.76153	0.03519	0.01272	0.00961	0.00466	0.00375	0.00115	0.00320	0.00378	0.00451	0.00625
15	0.00479	0.00341	0.00440	0.00491	0.00527	0.00324	0.00333	0.00542	0.00710	0.00944	0.07294	0.53717	0.10785	0.10667	0.06568	0.04075	0.00285	0.00868	0.00317	0.00293
16	0.02882	0.00838	0.23362	0.00746	0.00957	0.00555	0.00754	0.00891	0.03782	0.01124	0.01599	0.09691	0.04550	0.04475	0.00510	0.00158	0.00379	0.42063	0.00286	0.00399
17	0.00876	0.01001	0.02190	0.01564	0.01940	0.00939	0.83292	0.01189	0.00876	0.01189	0.00751	0.01001	0.00563	0.00313	0.00438	0.00125	0.00626	0.00438	0.00188	0.00501
18	0.00806	0.00798	0.01165	0.12417	0.08141	0.01074	0.00868	0.00921	0.00615	0.00927	0.00528	0.00845	0.00497	0.00586	0.01035	0.00153	0.67714	0.00326	0.00165	0.00422
19	0.00783	0.00792	0.01346	0.12498	0.07145	0.02870	0.24667	0.00970	0.00751	0.01034	0.00886	0.09303	0.00855	0.00570	0.00665	0.00141	0.26108	0.07978	0.00206	0.00432
20	0.00528	0.00396	0.00592	0.00595	0.00660	0.00460	0.00461	0.00659	0.00599	0.00864	0.01020	0.03569	0.00966	0.02744	0.83380	0.00586	0.00975	0.00414	0.00202	0.00331
21	0.08830	0.14306	0.11727	0.15173	0.23157	0.04038	0.03693	0.06106	0.05170	0.01226	0.01486	0.00910	0.01901	0.00370	0.00338	0.00110	0.00441	0.00307	0.00204	0.00508
22	0.00945	0.00811	0.00846	0.00758	0.00970	0.01958	0.00590	0.03095	0.80779	0.02593	0.01490	0.01368	0.01115	0.00501	0.00377	0.00125	0.00300	0.00416	0.00376	0.00587
23	0.01657	0.00646	0.00870	0.00667	0.00955	0.00567	0.00551	0.04649	0.01086	0.82023	0.01444	0.01250	0.00909	0.00459	0.00373	0.00115	0.00319	0.00372	0.00456	0.00632
24	0.00728	0.01497	0.58068	0.01045	0.07112	0.00791	0.02468	0.01062	0.00782	0.02102	0.02657	0.08144	0.05431	0.00479	0.00428	0.00123	0.05997	0.00387	0.00194	0.00505
25	0.00541	0.00389	0.00507	0.00506	0.00533	0.00425	0.00345	0.00599	0.00572	0.00793	0.01124	0.06505	0.01214	0.46463	0.34401	0.00434	0.03649	0.00504	0.00219	0.00277
26	0.00473	0.00378	0.00446	0.00447	0.00547	0.00351	0.00336	0.00586	0.00816	0.01046	0.15831	0.08072	0.48574	0.01324	0.18839	0.00227	0.00362	0.00699	0.00323	0.00322
27	0.60727	0.00950	0.00699	0.00615	0.00844	0.19132	0.00492	0.04179	0.00795	0.07786	0.00614	0.00677	0.00466	0.00365	0.00268	0.00111	0.00376	0.00227	0.00244	0.00434
28	0.01043	0.72509	0.01784	0.00683	0.00980	0.12832	0.00645	0.01193	0.03776	0.00902	0.00560	0.00634	0.00500	0.00333	0.00256	0.00083	0.00430	0.00212	0.00171	0.00474
29	0.00998	0.00884	0.01348	0.01841	0.60522	0.00907	0.00989	0.18913	0.02115	0.01454	0.01944	0.02108	0.03500	0.00394	0.00373	0.00112	0.00417	0.00361	0.00237	0.00581
30	0.00478	0.00366	0.00438	0.00444	0.00532	0.00326	0.00324	0.00599	0.00902	0.01193	0.36972	0.21226	0.33033	0.00913	0.00446	0.00127	0.00189	0.00796	0.00371	0.00326
31	0.00530	0.00352	0.00464	0.00503	0.00552	0.00363	0.00362	0.00638	0.00687	0.01012	0.01523	0.40290	0.01635	0.02866	0.27005	0.00279	0.00452	0.00688	0.19480	0.00319
32	0.01323	0.06148	0.03457	0.00737	0.01007	0.04171	0.00621	0.30798	0.11483	0.27328	0.01128	0.01077	0.00788	0.00443	0.00353	0.00110	0.00360	0.00344	0.07742	0.00583
33	0.00500	0.00369	0.00466	0.00514	0.00574	0.00353	0.00381	0.00591	0.00740	0.00958	0.02204	0.31688	0.20322	0.12646	0.07730	0.00214	0.00321	0.18807	0.00316	0.00305
34	0.00834	0.00706	0.00754	0.00695	0.00875	0.00796	0.00533	0.04033	0.63571	0.01449	0.01751	0.12918	0.08224	0.00626	0.00395	0.00129	0.00278	0.00532	0.00370	0.00528
35	0.15657	0.05993	0.02026	0.03840	0.24977	0.28843	0.01482	0.06098	0.00912	0.02047	0.00625	0.00765	0.00512	0.00373	0.00366	0.00108	0.04411	0.00272	0.00204	0.00487

[dist]
# distance from previous block
# <min> <max>
3	16

[block]
# block no. 1 follows, 74 sequences, length 24
# corresponding to MSA columns:
# 368-391
name=unknown_B
#
# <colnr> <probs for GDERKNQSTAVLIFYWHMCP>
#	G	D	E	R	K	N	Q	S	T	A	V	L	I	F	Y	W	H	M	C	P
0	0.00992	0.87178	0.01945	0.00635	0.00953	0.01469	0.00635	0.01111	0.00754	0.00873	0.00516	0.00595	0.00476	0.00318	0.00238	0.00079	0.00397	0.00198	0.00159	0.00476
1	0.02790	0.00582	0.00772	0.00611	0.00844	0.00514	0.00485	0.01560	0.00969	0.67592	0.03551	0.01485	0.01049	0.14723	0.00623	0.00155	0.00319	0.00406	0.00416	0.00554
2	0.00538	0.00367	0.00443	0.00443	0.00457	0.00381	0.00273	0.00565	0.00551	0.00748	0.01134	0.02234	0.01265	0.70026	0.18702	0.00407	0.00487	0.00511	0.00220	0.00246
3	0.00661	0.00586	0.14421	0.00578	0.00669	0.00411	0.00495	0.00598	0.00533	0.00732	0.00648	0.01071	0.00616	0.01135	0.01270	0.74516	0.00360	0.00314	0.00160	0.00225
4	0.00500	0.00382	0.00523	0.00569	0.00623	0.00366	0.03378	0.00635	0.05223	0.01001	0.02061	0.69814	0.06861	0.01076	0.00467	0.00148	0.00240	0.05465	0.00341	0.00327
5	0.06572	0.00586	0.00772	0.00627	0.00867	0.00522	0.00504	0.01554	0.00979	0.66224	0.01505	0.15311	0.01142	0.00569	0.00382	0.00121	0.00298	0.00476	0.00427	0.00564
6	0.00945	0.01103	0.01938	0.01426	0.01758	0.14849	0.66647	0.01213	0.00899	0.01134	0.00769	0.04080	0.00618	0.00355	0.00422	0.00121	0.00618	0.00428	0.00194	0.00482
7	0.02188	0.00417	0.00497	0.00467	0.00575	0.00392	0.00353	0.02809	0.04022	0.01403	0.59141	0.02819	0.21984	0.00776	0.00430	0.00119	0.00190	0.00671	0.00388	0.00358
8	0.00579	0.00460	0.00648	0.00622	0.00663	0.00556	0.00474	0.00675	0.00582	0.00840	0.00960	0.02947	0.00961	0.19077	0.53093	0.00468	0.15448	0.00424	0.00200	0.00323
9	0.00530	0.00389	0.00549	0.00549	0.00602	0.00437	0.00407	0.00633	0.00590	0.00833	0.01097	0.01722	0.02953	0.21389	0.64997	0.00533	0.00835	0.00438	0.00208	0.00307
10	0.02123	0.01091	0.00978	0.00852	0.01057	0.31485	0.05146	0.16874	0.02203	0.11209	0.01072	0.03184	0.00945	0.00635	0.03803	0.00139	0.00508	0.15931	0.00292	0.00475
11	0.01121	0.01045	0.05877	0.09977	0.07103	0.12226	0.12024	0.25281	0.07557	0.07490	0.00933	0.01146	0.00725	0.00439	0.00383	0.00118	0.00473	0.05265	0.00281	0.00535
12	0.66635	0.00875	0.03392	0.00754	0.09992	0.08138	0.00550	0.03762	0.00732	0.01557	0.00558	0.00658	0.00438	0.00350	0.00262	0.00113	0.00349	0.00225	0.00224	0.00437
13	0.01139	0.04256	0.16172	0.00977	0.01270	0.27063	0.11693	0.19703	0.01082	0.04189	0.00749	0.00915	0.00592	0.05826	0.00478	0.00125	0.02718	0.00317	0.00235	0.00501
14	0.00545	0.00409	0.00599	0.00593	0.00653	0.00480	0.00458	0.00669	0.00597	0.00868	0.00991	0.01488	0.00937	0.07470	0.75407	0.00554	0.04055	0.00402	0.02496	0.00328
15	0.00672	0.00592	0.00892	0.00783	0.02716	0.03625	0.17748	0.02396	0.04402	0.03957	0.09538	0.28571	0.17500	0.00858	0.03842	0.00149	0.00355	0.00703	0.00309	0.00392
16	0.02466	0.00698	0.01133	0.60397	0.18060	0.00818	0.00985	0.01022	0.04836	0.01051	0.01925	0.01092	0.03185	0.00392	0.00371	0.00121	0.00457	0.00351	0.00189	0.00450
17	0.01478	0.00598	0.00790	0.00623	0.00877	0.00534	0.00509	0.01669	0.05023	0.68442	0.04783	0.01343	0.01037	0.00471	0.00364	0.00112	0.00294	0.00385	0.10083	0.00587
18	0.00686	0.00595	0.02079	0.18836	0.14126	0.02719	0.00652	0.00870	0.00903	0.04248	0.33061	0.02007	0.12958	0.00639	0.01825	0.00127	0.02441	0.00521	0.00297	0.00412
19	0.00938	0.15737	0.32152	0.01042	0.03500	0.13564	0.12691	0.05323	0.02480	0.01133	0.00690	0.02775	0.00556	0.00389	0.00398	0.00112	0.05520	0.00308	0.00187	0.00504
20	0.00461	0.00334	0.00435	0.00502	0.00537	0.00312	0.00341	0.00536	0.00737	0.00982	0.08029	0.69930	0.08477	0.03439	0.02925	0.00165	0.00236	0.00975	0.00342	0.00305
21	0.00472	0.00338	0.00429	0.00491	0.00520	0.00317	0.00327	0.00534	0.00706	0.00933	0.04159	0.61909	0.08600	0.15274	0.00705	0.00183	0.00240	0.03247	0.00326	0.00292
22	0.01009	0.00865	0.03322	0.03696	0.01185	0.03008	0.14258	0.23577	0.23136	0.05195	0.01226	0.08712	0.01828	0.02476	0.00434	0.00130	0.00400	0.04692	0.00322	0.00528
23	0.11392	0.01035	0.15589	0.15342	0.15754	0.05279	0.00880	0.16085	0.04584	0.01407	0.00855	0.02813	0.02992	0.00417	0.00363	0.00116	0.01732	0.00334	0.02526	0.00506

[dist]
# distance from previous block
# <min> <max>
0	12

[block]
# block no. 2 follows, 74 sequences, length 40
# corresponding to MSA columns:
# 404-443
name=unknown_C
#
# <colnr> <probs for GDERKNQSTAVLIFYWHMCP>
#	G	D	E	R	K	N	Q	S	T	A	V	L	I	F	Y	W	H	M	C	P
0	0.05351	0.07453	0.09353	0.02421	0.03106	0.22785	0.08405	0.03086	0.02015	0.01971	0.00819	0.01029	0.03021	0.00604	0.08013	0.00143	0.00523	0.03094	0.00211	0.16596
1	0.00654	0.09058	0.21168	0.02105	0.02609	0.03792	0.04210	0.00825	0.00748	0.00999	0.01369	0.39802	0.03864	0.00802	0.01625	0.02939	0.02136	0.00648	0.00252	0.00397
2	0.00682	0.24227	0.04181	0.00581	0.00710	0.00735	0.00482	0.00774	0.00686	0.02045	0.03806	0.20793	0.03738	0.20248	0.08501	0.00216	0.06466	0.00534	0.00237	0.00358
3	0.02237	0.06479	0.20719	0.01042	0.12892	0.02632	0.02381	0.19219	0.09861	0.09992	0.00995	0.07049	0.00803	0.00461	0.00367	0.00116	0.00417	0.01506	0.00280	0.00555
4	0.00945	0.18390	0.06768	0.04289	0.16687	0.05934	0.06678	0.10843	0.07285	0.03192	0.08245	0.02865	0.05420	0.00449	0.00357	0.00109	0.00409	0.00379	0.00252	0.00506
5	0.02763	0.01079	0.01101	0.00876	0.01119	0.09975	0.00717	0.61889	0.01489	0.01975	0.00795	0.00852	0.00591	0.00466	0.00484	0.00117	0.12495	0.00321	0.00321	0.00575
6	0.00543	0.00414	0.00492	0.00460	0.00588	0.00355	0.00343	0.00673	0.00892	0.02929	0.31688	0.15625	0.29582	0.00807	0.00419	0.00116	0.00202	0.00698	0.00352	0.12820
7	0.03653	0.00634	0.00744	0.06680	0.00940	0.00663	0.00555	0.25169	0.02492	0.04374	0.04205	0.09023	0.17381	0.00762	0.02391	0.00140	0.00337	0.16286	0.00335	0.03236
8	0.00862	0.00464	0.00490	0.00440	0.00570	0.00473	0.00342	0.12525	0.00934	0.07423	0.01184	0.01306	0.00904	0.00436	0.00283	0.00092	0.00216	0.00346	0.70303	0.00406
9	0.00682	0.00638	0.01059	0.68256	0.05847	0.00760	0.02987	0.00912	0.00774	0.00996	0.04812	0.01313	0.08572	0.00439	0.00382	0.00123	0.00452	0.00391	0.00195	0.00410
10	0.00530	0.00398	0.00597	0.00597	0.00663	0.00464	0.00464	0.00663	0.00597	0.00862	0.00994	0.01458	0.00928	0.02784	0.85484	0.00597	0.00994	0.00398	0.00199	0.00331
11	0.00500	0.00370	0.00472	0.00537	0.00579	0.00362	0.00368	0.00663	0.08590	0.01030	0.05787	0.74791	0.02378	0.01082	0.00463	0.00147	0.00221	0.00978	0.00351	0.00331
12	0.02280	0.00549	0.00688	0.00618	0.01633	0.00539	0.00479	0.06205	0.08674	0.29174	0.07372	0.09362	0.03456	0.08526	0.04811	0.00169	0.00330	0.08713	0.05955	0.00468
13	0.34951	0.00633	0.00671	0.00555	0.00790	0.00642	0.00453	0.02259	0.02912	0.38584	0.01063	0.01028	0.00729	0.00413	0.00303	0.00111	0.00285	0.00305	0.12808	0.00503
14	0.00486	0.00365	0.00518	0.04506	0.00673	0.00368	0.01545	0.00572	0.00695	0.00936	0.01785	0.67379	0.02083	0.02238	0.12770	0.00216	0.01337	0.00904	0.00310	0.00314
15	0.00903	0.00533	0.00559	0.00486	0.00632	0.00560	0.00383	0.22352	0.01037	0.03717	0.01134	0.01253	0.00867	0.00437	0.00291	0.00094	0.00238	0.00344	0.63753	0.00427
16	0.00486	0.00343	0.00469	0.00536	0.00569	0.00323	0.01444	0.00558	0.00715	0.02359	0.01965	0.77647	0.02325	0.03296	0.03011	0.00169	0.00252	0.02886	0.00337	0.00310
17	0.00540	0.00427	0.00501	0.00492	0.00594	0.00423	0.00370	0.00756	0.10016	0.01104	0.17259	0.04432	0.33234	0.08978	0.15572	0.00231	0.00362	0.04041	0.00323	0.00347
18	0.00960	0.05904	0.17307	0.04250	0.45240	0.02002	0.08158	0.01214	0.00852	0.09470	0.00760	0.00915	0.00586	0.00347	0.00364	0.00112	0.00467	0.00325	0.00204	0.00564
19	0.00553	0.00356	0.00478	0.00540	0.00588	0.00331	0.00381	0.00636	0.00758	0.06914	0.04425	0.70880	0.02349	0.01089	0.00469	0.00149	0.00232	0.08187	0.00354	0.00330
20	0.04266	0.05154	0.51713	0.01219	0.11593	0.05419	0.11401	0.02882	0.00830	0.01198	0.00668	0.00808	0.00497	0.00347	0.00355	0.00115	0.00532	0.00295	0.00173	0.00534
21	0.00903	0.00988	0.04806	0.14312	0.37714	0.15799	0.06172	0.01104	0.00854	0.01087	0.00846	0.08938	0.00781	0.00450	0.00382	0.00117	0.00481	0.03574	0.00202	0.00490
22	0.00580	0.00370	0.00532	0.00531	0.00559	0.00404	0.00378	0.00576	0.00547	0.00760	0.00905	0.03998	0.00916	0.14444	0.36250	0.34906	0.02496	0.00407	0.00192	0.00251
23	0.00898	0.48942	0.24375	0.00850	0.01213	0.01209	0.08290	0.02089	0.00775	0.01004	0.00616	0.02697	0.00531	0.00364	0.00344	0.00100	0.04774	0.00268	0.00168	0.00492
24	0.00856	0.30548	0.44082	0.00985	0.01426	0.02374	0.12620	0.01160	0.00791	0.01071	0.00626	0.00749	0.00485	0.00336	0.00326	0.00105	0.00510	0.00271	0.00162	0.00516
25	0.01493	0.00596	0.00793	0.00620	0.00885	0.00513	0.00509	0.01630	0.01032	0.73113	0.01787	0.01588	0.12657	0.00527	0.00382	0.00116	0.00298	0.00431	0.00443	0.00587
26	0.00453	0.00330	0.00427	0.00504	0.00538	0.00305	0.00342	0.00523	0.00728	0.00956	0.02230	0.76421	0.11317	0.01137	0.00471	0.00148	0.00214	0.02308	0.00345	0.00303
27	0.01122	0.59393	0.04324	0.00676	0.00985	0.03309	0.01935	0.01274	0.02256	0.18645	0.00775	0.02544	0.00623	0.00371	0.00283	0.00092	0.00390	0.00264	0.00231	0.00509
28	0.00503	0.00391	0.00493	0.00526	0.02522	0.00370	0.00382	0.00637	0.01926	0.01106	0.21655	0.18709	0.29522	0.01185	0.12394	0.00197	0.00322	0.06492	0.00336	0.00334
29	0.00483	0.00373	0.00443	0.00451	0.00539	0.00336	0.00328	0.00619	0.02557	0.01179	0.32911	0.23177	0.33421	0.00918	0.00446	0.00128	0.00192	0.00800	0.00369	0.00330
30	0.81573	0.02418	0.00594	0.00510	0.00740	0.00852	0.00420	0.01154	0.06527	0.01642	0.00587	0.00658	0.00455	0.00355	0.00240	0.00115	0.00290	0.00216	0.00239	0.00417
31	0.00777	0.13239	0.74002	0.01002	0.01520	0.00943	0.01274	0.01167	0.00780	0.01135	0.00646	0.00759	0.00471	0.00348	0.00337	0.00112	0.00528	0.00264	0.00157	0.00539
32	0.13411	0.00800	0.04395	0.02150	0.00928	0.03795	0.00569	0.11748	0.31434	0.07436	0.09490	0.03647	0.02940	0.03025	0.02500	0.00138	0.00340	0.00413	0.00335	0.00506
33	0.01372	0.05954	0.01077	0.00913	0.01118	0.72576	0.00697	0.01502	0.03646	0.06866	0.00663	0.00730	0.00530	0.00388	0.00334	0.00097	0.00619	0.00252	0.00214	0.00452
34	0.00739	0.00806	0.12575	0.00614	0.00948	0.00530	0.00561	0.00939	0.00790	0.01216	0.06628	0.03617	0.00807	0.00348	0.00304	0.00071	0.00304	0.00286	0.00228	0.67687
35	0.00600	0.06720	0.12410	0.00522	0.00625	0.00514	0.00427	0.00676	0.00592	0.00802	0.01044	0.02020	0.01143	0.64460	0.05733	0.00318	0.00421	0.00471	0.00209	0.00293
36	0.01045	0.02226	0.02202	0.06980	0.26345	0.00846	0.09471	0.10048	0.14930	0.14707	0.01083	0.01169	0.03380	0.01854	0.01283	0.00126	0.01084	0.00380	0.00284	0.00558
37	0.02492	0.35491	0.07882	0.02587	0.10052	0.09505	0.00732	0.06991	0.06523	0.01848	0.00812	0.06937	0.00736	0.00431	0.00319	0.00101	0.00416	0.02643	0.00219	0.03283
38	0.01308	0.25249	0.15509	0.02378	0.01293	0.04380	0.00849	0.14770	0.03603	0.08605	0.01293	0.01495	0.06831	0.04440	0.00540	0.00170	0.01695	0.00423	0.00351	0.04819
39	0.00909	0.10956	0.12340	0.02528	0.05892	0.08786	0.02123	0.08214	0.02253	0.07054	0.05133	0.04749	0.12580	0.01742	0.00421	0.00112	0.04575	0.00406	0.00259	0.08967

[dist]
# distance from previous block
# <min> <max>
2	50

[block]
# block no. 3 follows, 74 sequences, length 67
# corresponding to MSA columns:
# 503-569
name=unknown_D
#
# <colnr> <probs for GDERKNQSTAVLIFYWHMCP>
#	G	D	E	R	K	N	Q	S	T	A	V	L	I	F	Y	W	H	M	C	P
0	0.03443	0.00833	0.05702	0.13212	0.27095	0.04211	0.03255	0.11085	0.01672	0.02704	0.00999	0.03646	0.05284	0.12628	0.01327	0.00153	0.00428	0.00398	0.00231	0.01694
1	0.01063	0.07865	0.04331	0.00862	0.01079	0.33773	0.07856	0.08648	0.04710	0.02846	0.02984	0.01019	0.02123	0.00830	0.15532	0.00191	0.00616	0.00324	0.01667	0.01682
2	0.02685	0.11218	0.04088	0.00803	0.01035	0.05304	0.11427	0.08577	0.16110	0.05276	0.02359	0.09566	0.01558	0.00817	0.12431	0.00181	0.00478	0.00422	0.00272	0.05393
3	0.00974	0.78087	0.06886	0.00737	0.04871	0.01405	0.00702	0.01117	0.00760	0.00907	0.00533	0.00622	0.00481	0.00320	0.00251	0.00083	0.00408	0.00209	0.00160	0.00486
4	0.63813	0.00728	0.02727	0.00569	0.00789	0.00794	0.00485	0.07454	0.00762	0.03995	0.00773	0.01133	0.00672	0.00490	0.01737	0.00131	0.01352	0.10914	0.00259	0.00421
5	0.77948	0.00666	0.00531	0.00492	0.00694	0.00763	0.00394	0.01016	0.00642	0.01572	0.00716	0.11839	0.00670	0.00451	0.00262	0.00120	0.00278	0.00312	0.00245	0.00389
6	0.00680	0.00490	0.00533	0.00479	0.00635	0.00456	0.00372	0.11491	0.02427	0.07763	0.13415	0.02904	0.55349	0.00808	0.00424	0.00122	0.00227	0.00672	0.00366	0.00389
7	0.00929	0.03336	0.01434	0.13765	0.64351	0.00912	0.01076	0.07500	0.00898	0.01254	0.00703	0.00917	0.00575	0.00345	0.00365	0.00111	0.00445	0.00327	0.00195	0.00564
8	0.00536	0.00385	0.00488	0.00540	0.00588	0.00374	0.00375	0.06964	0.00800	0.01064	0.03663	0.70743	0.04770	0.02539	0.00504	0.01559	0.00236	0.03200	0.00343	0.00326
9	0.00760	0.01663	0.66316	0.07809	0.12498	0.00854	0.01299	0.01146	0.00793	0.01168	0.01959	0.00848	0.00534	0.00357	0.00357	0.00117	0.00525	0.00292	0.00165	0.00540
10	0.01443	0.00855	0.00983	0.00768	0.01050	0.00894	0.00630	0.42107	0.12217	0.33270	0.01187	0.01096	0.00805	0.00458	0.00373	0.00115	0.00359	0.00360	0.00405	0.00626
11	0.01300	0.08264	0.01128	0.00814	0.01087	0.05020	0.00672	0.66246	0.01549	0.02042	0.00935	0.07520	0.00753	0.00488	0.00366	0.00111	0.00405	0.00374	0.00343	0.00583
12	0.00540	0.00387	0.00530	0.00614	0.00676	0.00378	0.00496	0.00669	0.00801	0.01047	0.02041	0.34887	0.04350	0.01074	0.00496	0.00162	0.00291	0.49892	0.00343	0.00326
13	0.00669	0.00367	0.00398	0.00402	0.00485	0.00372	0.00299	0.03169	0.00783	0.01314	0.01294	0.12509	0.01137	0.00711	0.06909	0.00135	0.00249	0.00442	0.68009	0.00347
14	0.00517	0.00375	0.00526	0.00543	0.00588	0.00411	0.00394	0.00610	0.00608	0.00851	0.01239	0.18683	0.01315	0.18855	0.52214	0.00461	0.00715	0.00557	0.00233	0.00305
15	0.00452	0.00326	0.00429	0.00509	0.00537	0.00303	0.00341	0.00520	0.00722	0.00957	0.03099	0.81507	0.06633	0.01147	0.00472	0.00149	0.00213	0.01037	0.00345	0.00303
16	0.00704	0.00758	0.07630	0.79462	0.02483	0.00828	0.01057	0.00966	0.00745	0.00966	0.00660	0.00974	0.00493	0.00370	0.00370	0.00123	0.00499	0.00326	0.00164	0.00423
17	0.89577	0.00718	0.00546	0.00488	0.00718	0.00833	0.00402	0.01091	0.00632	0.01665	0.00517	0.00603	0.00402	0.00345	0.00230	0.00115	0.00287	0.00201	0.00230	0.00402
18	0.00758	0.00778	0.05336	0.07592	0.36974	0.00722	0.13945	0.00967	0.00818	0.01133	0.03532	0.18875	0.03234	0.00554	0.00409	0.00125	0.00415	0.03124	0.00231	0.00479
19	0.00520	0.00390	0.00423	0.00408	0.00535	0.00332	0.00308	0.00629	0.00890	0.05640	0.16818	0.04209	0.65816	0.00887	0.00435	0.00124	0.00193	0.00746	0.00361	0.00337
20	0.00544	0.00413	0.00582	0.00580	0.00623	0.00476	0.00431	0.00639	0.00599	0.00849	0.01124	0.12711	0.01171	0.17929	0.52432	0.00461	0.07398	0.00504	0.00220	0.00314
21	0.01123	0.00622	0.00753	0.00649	0.00842	0.01285	0.00514	0.14755	0.09098	0.31518	0.05192	0.16969	0.02525	0.03034	0.00443	0.00132	0.00304	0.06379	0.03355	0.00508
22	0.01261	0.00969	0.01009	0.04661	0.16428	0.23146	0.00709	0.05723	0.00999	0.29544	0.01077	0.07675	0.01662	0.00537	0.02809	0.00126	0.00455	0.00384	0.00303	0.00523
23	0.00795	0.00844	0.01731	0.01439	0.12439	0.00799	0.54954	0.01046	0.00841	0.01145	0.01017	0.17111	0.00960	0.00492	0.00437	0.00129	0.00518	0.02610	0.00220	0.00471
24	0.01389	0.01711	0.01057	0.00948	0.01148	0.78774	0.00716	0.07983	0.01107	0.01022	0.00599	0.00687	0.00490	0.00388	0.00338	0.00097	0.00649	0.00247	0.00206	0.00446
25	0.01292	0.04612	0.01225	0.01009	0.01230	0.64160	0.11482	0.04918	0.01036	0.02185	0.00627	0.00739	0.00508	0.00380	0.00362	0.00101	0.02148	0.00272	0.01264	0.00451
26	0.00520	0.00363	0.00436	0.00453	0.00478	0.00362	0.00291	0.00560	0.00611	0.00811	0.01535	0.15148	0.08497	0.53634	0.10826	0.00327	0.00394	0.04239	0.00255	0.00261
27	0.00931	0.24468	0.44433	0.00931	0.03037	0.08054	0.01031	0.06101	0.04097	0.02691	0.00680	0.00765	0.00518	0.00359	0.00323	0.00105	0.00494	0.00263	0.00188	0.00528
28	0.08250	0.00722	0.01150	0.38087	0.29897	0.00803	0.02207	0.02485	0.00792	0.01135	0.00805	0.03570	0.00705	0.01586	0.00392	0.00125	0.00439	0.06184	0.00199	0.00465
29	0.01662	0.00637	0.00865	0.00663	0.00950	0.00554	0.00548	0.02963	0.01072	0.83730	0.01456	0.01258	0.00915	0.00459	0.00373	0.00115	0.00317	0.00373	0.00458	0.00632
30	0.00907	0.00883	0.02203	0.05737	0.78213	0.00881	0.02535	0.01141	0.01718	0.01204	0.00706	0.00927	0.00588	0.00334	0.00369	0.00111	0.00446	0.00333	0.00185	0.00579
31	0.00806	0.14962	0.45502	0.12039	0.01521	0.02011	0.02723	0.01229	0.11339	0.01151	0.02845	0.00910	0.00636	0.00378	0.00344	0.00113	0.00479	0.00301	0.00194	0.00517
32	0.01081	0.00767	0.11681	0.00622	0.00861	0.00633	0.00567	0.18851	0.01053	0.21107	0.01130	0.01172	0.00812	0.00431	0.00322	0.00103	0.00306	0.00340	0.37659	0.00501
33	0.00515	0.00367	0.00492	0.00512	0.00545	0.00390	0.00354	0.00587	0.00603	0.00833	0.01299	0.21568	0.01428	0.31443	0.36930	0.00411	0.00595	0.00599	0.00242	0.00288
34	0.00858	0.00813	0.01332	0.18424	0.56550	0.00853	0.02016	0.01157	0.08595	0.01184	0.00885	0.01079	0.03853	0.00378	0.00373	0.00115	0.00430	0.00358	0.00204	0.00542
35	0.00787	0.03395	0.63542	0.07807	0.12488	0.03298	0.01281	0.01161	0.00796	0.01149	0.00664	0.00810	0.00488	0.00351	0.00353	0.00116	0.00531	0.00283	0.00162	0.00538
36	0.01625	0.00697	0.00902	0.00691	0.00980	0.00642	0.00571	0.14793	0.01171	0.71759	0.01373	0.01204	0.00873	0.00457	0.00373	0.00114	0.00331	0.00367	0.00445	0.00632
37	0.00509	0.00367	0.00454	0.00451	0.00534	0.00336	0.00331	0.00652	0.00941	0.01308	0.51187	0.16366	0.17543	0.00834	0.00432	0.00122	0.00184	0.00731	0.06383	0.00336
38	0.00619	0.00499	0.00765	0.01523	0.02352	0.00490	0.12317	0.00817	0.07987	0.02559	0.03370	0.38419	0.03416	0.12650	0.00647	0.00171	0.00320	0.08692	0.02024	0.00363
39	0.00723	0.00451	0.00564	0.00508	0.00641	0.00420	0.00390	0.00951	0.07465	0.14429	0.54827	0.02531	0.13201	0.00715	0.00423	0.00118	0.00208	0.00620	0.00406	0.00408
40	0.00992	0.87178	0.01945	0.00635	0.00953	0.01469	0.00635	0.01111	0.00754	0.00873	0.00516	0.00595	0.00476	0.00318	0.00238	0.00079	0.00397	0.00198	0.00159	0.00476
41	0.00635	0.00458	0.00564	0.00485	0.00642	0.00391	0.00371	0.00792	0.00949	0.05903	0.48743	0.02307	0.12131	0.02835	0.00433	0.00109	0.00212	0.00559	0.00355	0.21126
42	0.00933	0.00847	0.01390	0.08582	0.67347	0.00867	0.01057	0.01226	0.08259	0.04679	0.00799	0.00980	0.00643	0.00355	0.00369	0.00113	0.00427	0.00340	0.00211	0.00576
43	0.01055	0.01089	0.00715	0.00665	0.00806	0.44808	0.00499	0.01187	0.00921	0.01136	0.00878	0.01011	0.00704	0.00406	0.00299	0.00091	0.00432	0.00290	0.42618	0.00390
44	0.00535	0.00379	0.00504	0.00504	0.00539	0.00414	0.00349	0.00604	0.00569	0.00793	0.01079	0.01926	0.01131	0.43313	0.45232	0.00483	0.00689	0.00466	0.00211	0.00280
45	0.00764	0.08541	0.78580	0.01025	0.01556	0.00909	0.01314	0.01171	0.00781	0.01152	0.00654	0.00769	0.00471	0.00350	0.00344	0.00115	0.00537	0.00268	0.00157	0.00543
46	0.01626	0.00695	0.00901	0.00691	0.00979	0.00640	0.00570	0.14497	0.01169	0.72059	0.01375	0.01206	0.00874	0.00457	0.00373	0.00114	0.00330	0.00367	0.00446	0.00632
47	0.00537	0.00365	0.00432	0.00433	0.00443	0.00373	0.00260	0.00557	0.00550	0.00743	0.01159	0.03659	0.01308	0.73784	0.13567	0.00390	0.00446	0.00528	0.00223	0.00241
48	0.01053	0.32470	0.15532	0.02177	0.12070	0.14131	0.03757	0.01848	0.01693	0.08704	0.00683	0.00777	0.00542	0.00361	0.00339	0.00101	0.02785	0.00268	0.00199	0.00510
49	0.00718	0.01370	0.49118	0.02650	0.01416	0.00767	0.12482	0.02721	0.00796	0.01141	0.00986	0.12226	0.02915	0.00603	0.04180	0.00147	0.02398	0.02680	0.00202	0.00484
50	0.00455	0.00325	0.00433	0.00520	0.00542	0.00304	0.00349	0.00521	0.00713	0.00950	0.02044	0.85347	0.02450	0.01161	0.00474	0.00151	0.00217	0.02398	0.00345	0.00302
51	0.00519	0.00417	0.00468	0.00457	0.00570	0.00388	0.00341	0.00737	0.09689	0.01210	0.28904	0.10415	0.42817	0.00856	0.00435	0.00125	0.00198	0.00733	0.00368	0.00353
52	0.08097	0.06465	0.02265	0.06104	0.05355	0.06891	0.00707	0.44919	0.05700	0.04354	0.01550	0.00934	0.00658	0.00427	0.00358	0.00111	0.01376	0.01081	0.02090	0.00557
53	0.01203	0.01312	0.01207	0.01346	0.26659	0.40190	0.00852	0.13835	0.01057	0.01219	0.00654	0.00791	0.00536	0.00397	0.00419	0.00108	0.07207	0.00288	0.00214	0.00507
54	0.01148	0.06218	0.01243	0.00989	0.01174	0.42233	0.10957	0.07640	0.00949	0.01057	0.00621	0.00786	0.00522	0.00492	0.02660	0.00126	0.18673	0.00293	0.01770	0.00448
55	0.00478	0.00351	0.00459	0.00523	0.00570	0.00336	0.00376	0.00565	0.00730	0.00960	0.02135	0.55167	0.12943	0.03739	0.08577	0.00198	0.00305	0.10952	0.00327	0.00309
56	0.00510	0.00365	0.00496	0.00580	0.00629	0.00351	0.00443	0.00617	0.00770	0.01013	0.02049	0.52456	0.04016	0.01104	0.00488	0.00158	0.00265	0.33030	0.00343	0.00318
57	0.01050	0.00852	0.00915	0.00802	0.02332	0.00968	0.00625	0.22066	0.60169	0.02902	0.01350	0.01288	0.01010	0.00492	0.00378	0.00122	0.00325	0.01385	0.00374	0.00596
58	0.00854	0.00721	0.00893	0.00812	0.11831	0.00619	0.00560	0.07429	0.05675	0.02257	0.00760	0.01992	0.00625	0.00323	0.00304	0.00073	0.00308	0.00268	0.00240	0.63457
59	0.01149	0.08694	0.07636	0.03295	0.10339	0.08736	0.11466	0.17754	0.03757	0.16442	0.03086	0.03443	0.01658	0.00427	0.00369	0.00112	0.00442	0.00365	0.00286	0.00544
60	0.00760	0.06282	0.79271	0.01045	0.01579	0.00895	0.02811	0.01172	0.00784	0.01160	0.00660	0.00778	0.00472	0.00350	0.00348	0.00116	0.00542	0.00273	0.00157	0.00544
61	0.00734	0.01511	0.55298	0.01083	0.01538	0.00808	0.19709	0.01095	0.00813	0.01156	0.01089	0.01197	0.11454	0.00420	0.00383	0.00120	0.00519	0.00378	0.00188	0.00507
62	0.00652	0.00400	0.00625	0.07214	0.01862	0.00408	0.03957	0.00610	0.02059	0.01616	0.00910	0.11177	0.01940	0.01115	0.01129	0.61086	0.00336	0.02468	0.00198	0.00236
63	0.00904	0.32072	0.35518	0.01023	0.10659	0.02781	0.02262	0.03033	0.04317	0.02544	0.00680	0.00796	0.00540	0.00353	0.00318	0.00103	0.00467	0.00919	0.00182	0.00527
64	0.00489	0.00339	0.00419	0.00467	0.00481	0.00326	0.00293	0.00527	0.00641	0.00852	0.01707	0.49714	0.03441	0.37322	0.01070	0.00238	0.00276	0.00833	0.00294	0.00269
65	0.00488	0.00365	0.00455	0.00478	0.00550	0.00345	0.00344	0.00586	0.00774	0.01893	0.13382	0.30681	0.27226	0.05001	0.15444	0.00225	0.00346	0.00776	0.00324	0.00317
66	0.03459	0.06543	0.09439	0.03342	0.01883	0.22290	0.04968	0.12003	0.08241	0.14730	0.00967	0.02866	0.00766	0.00459	0.00375	0.00114	0.01656	0.05109	0.00280	0.00513

[dist]
# distance from previous block
# <min> <max>
5	14

[block]
# block no. 4 follows, 74 sequences, length 14
# corresponding to MSA columns:
# 586-599
name=unknown_E
#
# <colnr> <probs for GDERKNQSTAVLIFYWHMCP>
#	G	D	E	R	K	N	Q	S	T	A	V	L	I	F	Y	W	H	M	C	P
0	0.04337	0.16613	0.22925	0.03304	0.07962	0.06713	0.08232	0.05457	0.00910	0.13208	0.06231	0.00975	0.00758	0.00390	0.00345	0.00109	0.00452	0.00319	0.00238	0.00520
1	0.00802	0.16385	0.61035	0.00989	0.01465	0.03300	0.05835	0.01153	0.00793	0.01112	0.00744	0.00852	0.03226	0.00364	0.00340	0.00111	0.00519	0.00286	0.00166	0.00523
2	0.00492	0.00354	0.00461	0.00519	0.00566	0.00334	0.00373	0.00585	0.00774	0.01029	0.12483	0.49480	0.08460	0.07947	0.00587	0.00165	0.00241	0.14499	0.00343	0.00309
3	0.00473	0.00377	0.00427	0.00430	0.00536	0.00330	0.00325	0.00592	0.00893	0.01138	0.25446	0.09171	0.51470	0.00912	0.00446	0.00128	0.00196	0.06025	0.00362	0.00324
4	0.00873	0.00837	0.01418	0.18360	0.65804	0.00880	0.01106	0.01094	0.00815	0.01150	0.00683	0.00928	0.00566	0.00350	0.00399	0.00115	0.03565	0.00330	0.00179	0.00548
5	0.01095	0.03237	0.00938	0.00767	0.00964	0.16600	0.08226	0.12281	0.01012	0.18863	0.01220	0.18159	0.01094	0.00646	0.02862	0.00131	0.00414	0.02712	0.08310	0.00469
6	0.00550	0.00452	0.00498	0.00557	0.00602	0.05905	0.00380	0.00682	0.06510	0.00977	0.01873	0.71361	0.02184	0.04942	0.00522	0.00155	0.00257	0.00935	0.00331	0.00326
7	0.00530	0.00398	0.00597	0.00597	0.00663	0.00464	0.00464	0.00663	0.00597	0.00862	0.00994	0.01458	0.00928	0.02784	0.85484	0.00597	0.00994	0.00398	0.00199	0.00331
8	0.00785	0.00623	0.00753	0.00768	0.07686	0.00676	0.00548	0.03803	0.34791	0.04126	0.09872	0.01829	0.10345	0.00951	0.14314	0.00200	0.00399	0.03780	0.03272	0.00477
9	0.00784	0.00651	0.00782	0.00842	0.12075	0.00687	0.00561	0.11513	0.27226	0.01379	0.04581	0.17567	0.18424	0.00693	0.00408	0.00126	0.00288	0.00598	0.00339	0.00476
10	0.00864	0.00820	0.03826	0.41148	0.13422	0.08598	0.00923	0.03644	0.00844	0.05810	0.00879	0.01379	0.00755	0.00473	0.00421	0.00126	0.04053	0.11345	0.00217	0.00453
11	0.00495	0.00358	0.00441	0.00493	0.00549	0.00334	0.00346	0.02705	0.00782	0.01040	0.04694	0.58667	0.17984	0.01044	0.00452	0.00141	0.00216	0.03570	0.05373	0.00318
12	0.04383	0.01143	0.01096	0.00899	0.03546	0.14912	0.00710	0.64848	0.01568	0.02050	0.00821	0.00846	0.00597	0.00429	0.00360	0.00109	0.00448	0.00314	0.00332	0.00589
13	0.00982	0.00969	0.01373	0.01857	0.59031	0.10923	0.03583	0.06884	0.02718	0.01239	0.00735	0.00935	0.00611	0.00508	0.05921	0.00141	0.00505	0.00330	0.00203	0.00553

[dist]
# distance from previous block
# <min> <max>
15	51

[block]
# block no. 5 follows, 74 sequences, length 37
# corresponding to MSA columns:
# 680-716
name=unknown_F
#
# <colnr> <probs for GDERKNQSTAVLIFYWHMCP>
#	G	D	E	R	K	N	Q	S	T	A	V	L	I	F	Y	W	H	M	C	P
0	0.00897	0.24512	0.36319	0.02739	0.11923	0.07833	0.06120	0.01198	0.03189	0.01085	0.00652	0.00776	0.00513	0.00345	0.00329	0.00105	0.00500	0.00274	0.00172	0.00520
1	0.00811	0.07889	0.58026	0.01064	0.06456	0.06046	0.02734	0.01187	0.04132	0.01140	0.01611	0.00852	0.00561	0.00475	0.04236	0.00136	0.01654	0.00290	0.00175	0.00525
2	0.00621	0.00540	0.00655	0.00639	0.00711	0.08205	0.00493	0.00743	0.00634	0.00862	0.00940	0.01396	0.00884	0.05816	0.70581	0.00522	0.04837	0.00386	0.00198	0.00340
3	0.06084	0.16297	0.05297	0.05362	0.09030	0.21072	0.00762	0.10135	0.05115	0.01175	0.00697	0.02752	0.00592	0.00491	0.02747	0.00124	0.11279	0.00298	0.00213	0.00478
4	0.00464	0.00329	0.00434	0.00512	0.00534	0.00310	0.00342	0.00526	0.00701	0.00933	0.01970	0.77124	0.02352	0.08377	0.00594	0.00169	0.00231	0.03465	0.00334	0.00296
5	0.24182	0.08070	0.16313	0.01616	0.14010	0.06069	0.02369	0.06227	0.02314	0.03756	0.00792	0.08576	0.00693	0.00457	0.01019	0.00119	0.02369	0.00341	0.00227	0.00482
6	0.04803	0.25713	0.16332	0.00836	0.02846	0.16072	0.00784	0.11969	0.05622	0.02706	0.00810	0.01070	0.00690	0.00431	0.00331	0.00107	0.00458	0.07692	0.00230	0.00497
7	0.01320	0.07092	0.01091	0.00915	0.01119	0.70491	0.00700	0.03410	0.08574	0.00998	0.00663	0.00735	0.00541	0.00391	0.00333	0.00098	0.00612	0.00255	0.00210	0.00452
8	0.05074	0.00696	0.00820	0.05147	0.16355	0.07140	0.00601	0.04912	0.08581	0.05447	0.17871	0.02408	0.11863	0.00551	0.00391	0.00114	0.02106	0.00460	0.09012	0.00451
9	0.02062	0.68376	0.09339	0.00686	0.01008	0.05179	0.00693	0.01162	0.04759	0.00948	0.00654	0.00721	0.02414	0.00347	0.00264	0.00087	0.00412	0.00231	0.00176	0.00482
10	0.00485	0.00363	0.00441	0.00452	0.00525	0.00331	0.00321	0.00594	0.00856	0.01142	0.33135	0.24466	0.24294	0.08767	0.01997	0.00158	0.00219	0.00783	0.00355	0.00316
11	0.00570	0.00497	0.00736	0.00710	0.02692	0.02392	0.11987	0.00704	0.00814	0.01049	0.05363	0.33907	0.20441	0.00917	0.00461	0.00142	0.00304	0.15646	0.00317	0.00351
12	0.00673	0.00578	0.00776	0.10374	0.04166	0.04416	0.05583	0.02295	0.06371	0.03153	0.09335	0.35833	0.06718	0.02586	0.00504	0.00139	0.05120	0.00695	0.00300	0.00386
13	0.01297	0.01002	0.00985	0.00792	0.01039	0.11809	0.00636	0.51656	0.05495	0.08601	0.04176	0.01075	0.00814	0.03789	0.01640	0.00126	0.00417	0.00352	0.03739	0.00562
14	0.00800	0.05798	0.15949	0.26064	0.18892	0.04007	0.10183	0.01862	0.00813	0.01081	0.00948	0.01136	0.08140	0.00409	0.00391	0.00117	0.02376	0.00363	0.00189	0.00480
15	0.01050	0.00526	0.00650	0.00546	0.00744	0.00471	0.00434	0.04364	0.03269	0.38424	0.13133	0.04185	0.28160	0.00670	0.00404	0.00119	0.00255	0.00560	0.01558	0.00480
16	0.00891	0.37808	0.34928	0.01018	0.08873	0.03489	0.06017	0.01155	0.00790	0.01044	0.00608	0.00726	0.00489	0.00334	0.00310	0.00101	0.00483	0.00256	0.00163	0.00515
17	0.00633	0.00527	0.00700	0.05460	0.07796	0.02142	0.02139	0.04549	0.07086	0.01083	0.01741	0.33764	0.11252	0.02664	0.10536	0.00196	0.01709	0.05345	0.00297	0.00382
18	0.00506	0.00348	0.00463	0.00526	0.00562	0.00338	0.00368	0.00586	0.00706	0.02244	0.01831	0.60088	0.02120	0.08834	0.08315	0.00209	0.00311	0.08277	0.03061	0.00308
19	0.00583	0.00458	0.00522	0.00514	0.00552	0.04656	0.00352	0.00641	0.00609	0.00811	0.01222	0.05278	0.05247	0.44900	0.27190	0.00388	0.03783	0.00502	0.01508	0.00284
20	0.00813	0.00786	0.00754	0.00685	0.00838	0.17127	0.04263	0.05254	0.15412	0.01238	0.16773	0.05606	0.15848	0.04891	0.00483	0.00134	0.00353	0.08008	0.00320	0.00413
21	0.00920	0.01021	0.04013	0.01456	0.04608	0.02627	0.64269	0.06802	0.04708	0.01267	0.00777	0.00989	0.00588	0.00347	0.00454	0.00124	0.03894	0.00414	0.00207	0.00513
22	0.05080	0.00412	0.00415	0.00394	0.00496	0.00426	0.00297	0.06578	0.00821	0.01416	0.01140	0.01353	0.00913	0.04390	0.00368	0.02177	0.00207	0.00346	0.72412	0.00359
23	0.01055	0.02562	0.01336	0.09733	0.48940	0.17933	0.00982	0.09278	0.00968	0.02705	0.00699	0.00873	0.00565	0.00358	0.00359	0.00108	0.00486	0.00311	0.00206	0.00543
24	0.00538	0.00368	0.00447	0.00447	0.00462	0.00383	0.00278	0.00567	0.00552	0.00751	0.01131	0.02215	0.01257	0.68439	0.20279	0.00412	0.00499	0.00509	0.00219	0.00248
25	0.05430	0.19616	0.03051	0.01898	0.03046	0.12429	0.12706	0.15959	0.07483	0.07205	0.01018	0.05280	0.00850	0.00525	0.00415	0.00137	0.00499	0.00396	0.00313	0.01743
26	0.00910	0.11168	0.36287	0.01255	0.12912	0.03738	0.19081	0.02165	0.01916	0.06047	0.00729	0.00862	0.00544	0.00347	0.00361	0.00113	0.00519	0.00316	0.00192	0.00538
27	0.00706	0.00359	0.00361	0.00356	0.00446	0.00361	0.00268	0.02456	0.00797	0.01402	0.01205	0.01374	0.00945	0.00433	0.00262	0.00087	0.00178	0.00346	0.87307	0.00351
28	0.00472	0.00351	0.00464	0.03815	0.00630	0.00333	0.00384	0.00556	0.00740	0.00967	0.02196	0.66562	0.12422	0.01094	0.00469	0.00148	0.00233	0.07516	0.00337	0.00310
29	0.00921	0.13908	0.28720	0.01069	0.12685	0.06452	0.04923	0.05150	0.04366	0.06014	0.07935	0.02326	0.01663	0.00419	0.00368	0.00111	0.01882	0.00343	0.00228	0.00518
30	0.00521	0.00393	0.00522	0.08264	0.00744	0.00388	0.00416	0.00658	0.03073	0.02266	0.16499	0.43243	0.15201	0.01019	0.03749	0.00155	0.00265	0.01954	0.00336	0.00336
31	0.00688	0.00347	0.00353	0.00353	0.00439	0.00349	0.00265	0.00859	0.00773	0.01370	0.01205	0.01386	0.00951	0.00497	0.02589	0.00100	0.00195	0.00347	0.86588	0.00346
32	0.00762	0.01875	0.81352	0.01047	0.01582	0.00869	0.01339	0.02754	0.02866	0.01207	0.00691	0.00801	0.00490	0.00358	0.00354	0.00118	0.00540	0.00279	0.00166	0.00551
33	0.01724	0.00836	0.07796	0.07673	0.29059	0.01863	0.06178	0.01240	0.11778	0.12295	0.02667	0.07245	0.02122	0.04220	0.01553	0.00136	0.00410	0.00422	0.00263	0.00520
34	0.00694	0.00422	0.00519	0.00481	0.00604	0.00385	0.00364	0.00810	0.00867	0.15593	0.20332	0.03904	0.31713	0.09684	0.10299	0.00200	0.00320	0.02089	0.00350	0.00370
35	0.00469	0.00339	0.00447	0.00525	0.00561	0.00317	0.00368	0.00549	0.00742	0.00981	0.04172	0.70979	0.07300	0.01125	0.00475	0.00151	0.00226	0.09622	0.00346	0.00308
36	0.00967	0.06289	0.36266	0.02229	0.11467	0.07690	0.03350	0.11592	0.04157	0.06453	0.00834	0.04784	0.00660	0.01190	0.00373	0.00116	0.00479	0.00337	0.00227	0.00539

[dist]
# distance from previous block
# <min> <max>
0	2

[block]
# block no. 6 follows, 74 sequences, length 49
# corresponding to MSA columns:
# 719-767
name=unknown_G
#
# <colnr> <probs for GDERKNQSTAVLIFYWHMCP>
#	G	D	E	R	K	N	Q	S	T	A	V	L	I	F	Y	W	H	M	C	P
0	0.01761	0.04106	0.03643	0.14795	0.23197	0.05119	0.06771	0.00962	0.00790	0.02151	0.03346	0.06453	0.06443	0.00817	0.12259	0.00187	0.03714	0.02824	0.00216	0.00447
1	0.01015	0.82232	0.01893	0.00654	0.00964	0.06333	0.00640	0.01133	0.00771	0.00875	0.00519	0.00600	0.00476	0.00321	0.00244	0.00080	0.00413	0.00201	0.00161	0.00474
2	0.00862	0.03042	0.34823	0.03607	0.06447	0.00785	0.11268	0.03639	0.00837	0.06875	0.00745	0.01683	0.00563	0.00351	0.00363	0.00103	0.02040	0.00302	0.00206	0.21457
3	0.00540	0.00390	0.00509	0.00517	0.00547	0.00424	0.00356	0.00618	0.01789	0.00841	0.01251	0.17585	0.01368	0.36785	0.29163	0.00383	0.04129	0.00574	0.01943	0.00289
4	0.01353	0.01658	0.01090	0.01050	0.07434	0.74026	0.00748	0.06383	0.01078	0.01017	0.00602	0.00701	0.00496	0.00382	0.00339	0.00098	0.00636	0.00252	0.00202	0.00454
5	0.02529	0.00669	0.11143	0.00628	0.04107	0.02661	0.00487	0.02935	0.02562	0.00989	0.02775	0.10956	0.04677	0.38209	0.04587	0.00241	0.00383	0.00509	0.01941	0.07011
6	0.01186	0.21913	0.08054	0.00929	0.08464	0.12463	0.00756	0.24717	0.06827	0.08497	0.00810	0.00847	0.00614	0.00391	0.00331	0.00102	0.00437	0.00291	0.00267	0.02104
7	0.00649	0.00436	0.00522	0.00484	0.00612	0.00403	0.00368	0.00861	0.07619	0.10302	0.39640	0.06519	0.28600	0.00782	0.00428	0.00122	0.00206	0.00672	0.00389	0.00386
8	0.00460	0.00337	0.00438	0.00511	0.00549	0.00315	0.00353	0.00535	0.00728	0.00957	0.02202	0.69807	0.12107	0.01198	0.04024	0.00167	0.00250	0.04417	0.00338	0.00306
9	0.00819	0.00693	0.00791	0.00596	0.00898	0.00594	0.00475	0.05040	0.14636	0.01328	0.02999	0.00930	0.00728	0.00334	0.00301	0.00071	0.00282	0.00270	0.00258	0.67958
10	0.00922	0.00935	0.00789	0.00747	0.02333	0.27248	0.00558	0.01220	0.17950	0.04278	0.04841	0.10145	0.12628	0.00831	0.08844	0.00166	0.04372	0.00478	0.00285	0.00430
11	0.00530	0.00398	0.00597	0.00597	0.00663	0.00464	0.00464	0.00663	0.00597	0.00862	0.00994	0.01458	0.00928	0.02784	0.85484	0.00597	0.00994	0.00398	0.00199	0.00331
12	0.00455	0.00345	0.00418	0.00466	0.00525	0.00310	0.00323	0.00537	0.00778	0.01004	0.09085	0.51805	0.28889	0.02642	0.00486	0.00144	0.00206	0.00928	0.00347	0.00308
13	0.03299	0.00937	0.01096	0.00853	0.01138	0.01014	0.06297	0.51879	0.15316	0.12696	0.01050	0.01022	0.00742	0.00446	0.00374	0.00115	0.00390	0.00358	0.00368	0.00610
14	0.00846	0.00481	0.00500	0.00447	0.00577	0.00500	0.00349	0.16273	0.00965	0.03310	0.01157	0.01289	0.00891	0.00435	0.00283	0.00092	0.00220	0.00344	0.70635	0.00405
15	0.00452	0.00323	0.00431	0.00517	0.00538	0.00301	0.00345	0.00517	0.00711	0.00948	0.02046	0.86713	0.02455	0.01163	0.00474	0.00151	0.00215	0.01055	0.00345	0.00301
