[name]
unknown

[dist]
# distance from previous block
# <min> <max>
6	47

[block]
# block no. 0 follows, 69 sequences, length 46
# corresponding to MSA columns:
# 52-97
name=unknown_A
#
# <colnr> <probs for GDERKNQSTAVLIFYWHMCP>
#	G	D	E	R	K	N	Q	S	T	A	V	L	I	F	Y	W	H	M	C	P
0	0.07353	0.12241	0.14420	0.01037	0.10735	0.03377	0.06411	0.09528	0.14233	0.05666	0.03062	0.01065	0.02337	0.00421	0.00361	0.00114	0.00427	0.00345	0.00270	0.06596
1	0.04541	0.01042	0.08398	0.02693	0.29990	0.04512	0.13901	0.06922	0.12633	0.03207	0.01716	0.01841	0.00731	0.00398	0.00389	0.00119	0.00468	0.00371	0.00250	0.05878
2	0.02042	0.07214	0.06375	0.03749	0.11066	0.02520	0.06292	0.13581	0.11349	0.06348	0.03356	0.01333	0.09361	0.00476	0.00392	0.00113	0.01594	0.00398	0.00292	0.12150
3	0.07451	0.03403	0.14596	0.04459	0.20102	0.02459	0.12814	0.07263	0.00960	0.11488	0.01687	0.00984	0.00656	0.00381	0.00373	0.00115	0.00464	0.00341	0.02120	0.07881
4	0.00928	0.01087	0.13945	0.05084	0.54970	0.00923	0.07609	0.02149	0.02041	0.01275	0.00744	0.00957	0.00602	0.00361	0.00405	0.00118	0.02120	0.00346	0.00196	0.04141
5	0.00944	0.00882	0.01386	0.01746	0.49239	0.00852	0.06625	0.03244	0.08499	0.01341	0.00816	0.00985	0.00664	0.00354	0.00372	0.00106	0.00424	0.00339	0.00227	0.20956
6	0.00828	0.00808	0.01262	0.61632	0.19918	0.05017	0.01092	0.01071	0.00819	0.01058	0.00697	0.01009	0.00543	0.00390	0.00408	0.00127	0.02323	0.00344	0.00180	0.00476
7	0.00605	0.00430	0.00536	0.00613	0.08137	0.00430	0.00329	0.00628	0.00603	0.00813	0.01207	0.04019	0.01373	0.76650	0.01818	0.00351	0.00385	0.00560	0.00236	0.00275
8	0.00838	0.01707	0.59535	0.01407	0.18313	0.00922	0.07042	0.01257	0.03027	0.01261	0.00740	0.00889	0.00547	0.00369	0.00383	0.00123	0.00555	0.00318	0.00180	0.00585
9	0.00504	0.00399	0.00454	0.00440	0.00555	0.00348	0.00330	0.00642	0.00990	0.01288	0.39449	0.03397	0.47997	0.00908	0.00463	0.00128	0.00193	0.00775	0.00394	0.00348
10	0.00933	0.00889	0.01489	0.15877	0.66445	0.00924	0.01156	0.01214	0.04922	0.01253	0.00773	0.01007	0.00633	0.00365	0.00389	0.00120	0.00467	0.00354	0.00201	0.00591
11	0.00965	0.00926	0.01581	0.04387	0.81839	0.00930	0.01200	0.01198	0.00890	0.01274	0.00736	0.00972	0.00619	0.00350	0.00388	0.00117	0.00467	0.00349	0.00194	0.00617
12	0.00691	0.00497	0.08249	0.00567	0.00620	0.00393	0.00443	0.00578	0.00540	0.00733	0.00683	0.01158	0.00664	0.01270	0.01425	0.80413	0.00363	0.00336	0.00170	0.00208
13	0.01047	0.00922	0.00924	0.00819	0.01047	0.05730	0.00639	0.08936	0.71478	0.01673	0.01484	0.01375	0.01112	0.00519	0.00396	0.00130	0.00343	0.00425	0.00387	0.00615
14	0.01734	0.00707	0.00934	0.00716	0.01021	0.00635	0.00592	0.09360	0.01189	0.76505	0.01491	0.01298	0.00942	0.00484	0.00394	0.00121	0.00343	0.00390	0.00477	0.00667
15	0.00639	0.00536	0.00578	0.00541	0.00644	0.08163	0.00406	0.00816	0.01110	0.01515	0.75898	0.02723	0.03404	0.00765	0.00452	0.00121	0.00233	0.00667	0.00410	0.00378
16	0.13574	0.00712	0.00872	0.00690	0.00978	0.00679	0.00566	0.04922	0.08665	0.62067	0.01391	0.01236	0.00905	0.00472	0.00374	0.00122	0.00331	0.00372	0.00441	0.00630
17	0.00639	0.00514	0.00493	0.00494	0.00520	0.08163	0.00302	0.00659	0.00651	0.00816	0.01370	0.12230	0.04004	0.65681	0.01621	0.00321	0.00387	0.00613	0.00253	0.00270
18	0.00671	0.00344	0.00503	0.00503	0.00503	0.00344	0.00331	0.00516	0.00516	0.00688	0.00732	0.01319	0.00750	0.09209	0.01575	0.80437	0.00344	0.00362	0.00176	0.00176
19	0.01402	0.01011	0.01099	0.00854	0.01144	0.01107	0.00701	0.69875	0.03706	0.05506	0.08621	0.01153	0.00972	0.00503	0.00399	0.00119	0.00402	0.00390	0.00400	0.00638
20	0.00708	0.00387	0.00545	0.00537	0.00558	0.00399	0.00366	0.00656	0.08145	0.00770	0.00766	0.01217	0.00729	0.01285	0.01427	0.80414	0.00338	0.00350	0.00191	0.00212
21	0.01056	0.84774	0.02036	0.00678	0.01010	0.03205	0.00673	0.01182	0.00803	0.00923	0.00546	0.00630	0.00503	0.00337	0.00254	0.00084	0.00425	0.00210	0.00168	0.00502
22	0.00528	0.00458	0.00601	0.04638	0.00775	0.00415	0.06191	0.00657	0.00876	0.01076	0.03194	0.12548	0.56433	0.00952	0.00472	0.00140	0.00267	0.09086	0.00343	0.00352
23	0.01123	0.16178	0.05041	0.00872	0.01162	0.02863	0.16552	0.01395	0.07142	0.24991	0.16235	0.01447	0.02291	0.00489	0.00394	0.00118	0.00402	0.00433	0.00333	0.00540
24	0.00749	0.00652	0.00643	0.00582	0.00719	0.10499	0.00444	0.09787	0.01151	0.01505	0.50153	0.02599	0.17494	0.00752	0.00442	0.00122	0.00277	0.00637	0.00388	0.00406
25	0.00966	0.25447	0.52111	0.00947	0.01428	0.01053	0.01136	0.01296	0.00851	0.10252	0.00752	0.00828	0.00550	0.00375	0.00341	0.00113	0.00508	0.00279	0.00201	0.00568
26	0.01267	0.13075	0.01194	0.00909	0.01140	0.46397	0.02191	0.01660	0.24057	0.03048	0.00900	0.00929	0.00711	0.00431	0.00355	0.00109	0.00547	0.00307	0.00259	0.00514
27	0.00731	0.00365	0.00365	0.00365	0.00457	0.00365	0.00274	0.00913	0.00822	0.01462	0.01279	0.01462	0.01005	0.00457	0.00274	0.00091	0.00183	0.00365	0.88399	0.00365
28	0.01707	0.00677	0.00910	0.00696	0.01001	0.00586	0.00574	0.03398	0.01121	0.78412	0.01493	0.01301	0.00945	0.00475	0.00389	0.00118	0.00333	0.00385	0.00471	0.05006
29	0.00463	0.00397	0.00397	0.00397	0.00530	0.00331	0.00298	0.00563	0.00894	0.01059	0.03971	0.03773	0.83618	0.00993	0.00463	0.00132	0.00199	0.00827	0.00364	0.00331
30	0.00731	0.00365	0.00365	0.00365	0.00457	0.00365	0.00274	0.00913	0.00822	0.01462	0.01279	0.01462	0.01005	0.00457	0.00274	0.00091	0.00183	0.00365	0.88399	0.00365
31	0.00770	0.00727	0.01229	0.74583	0.13166	0.00879	0.01104	0.01028	0.00798	0.01038	0.00702	0.01036	0.00535	0.00386	0.00391	0.00129	0.00515	0.00349	0.00177	0.00459
32	0.01467	0.01784	0.01118	0.00998	0.01212	0.75480	0.00756	0.10456	0.01191	0.01126	0.00643	0.00733	0.00523	0.00411	0.00358	0.00103	0.00677	0.00264	0.00223	0.00478
33	0.00924	0.00969	0.01191	0.01027	0.01049	0.10371	0.00847	0.01012	0.00657	0.00945	0.00525	0.00841	0.00514	0.00655	0.01184	0.00164	0.76187	0.00333	0.00175	0.00432
34	0.00472	0.00364	0.00431	0.00484	0.00552	0.00324	0.00337	0.00553	0.00810	0.01025	0.02911	0.51899	0.36176	0.01131	0.00485	0.00148	0.00215	0.00995	0.00364	0.00324
35	0.00632	0.00451	0.00632	0.00722	0.00812	0.00451	0.00632	0.00812	0.00902	0.01173	0.02076	0.04422	0.02256	0.01083	0.00541	0.00180	0.00361	0.81138	0.00361	0.00361
36	0.00807	0.08587	0.77810	0.01083	0.01643	0.00960	0.01388	0.01236	0.00825	0.01217	0.00691	0.00812	0.00497	0.00370	0.00363	0.00121	0.00567	0.00283	0.00166	0.00573
37	0.00842	0.00716	0.00902	0.00651	0.00993	0.00561	0.05603	0.01048	0.02857	0.02976	0.00754	0.00868	0.00613	0.00306	0.00306	0.00067	0.00313	0.00258	0.02047	0.77318
38	0.00731	0.00365	0.00365	0.00365	0.00457	0.00365	0.00274	0.00913	0.00822	0.01462	0.01279	0.01462	0.01005	0.00457	0.00274	0.00091	0.00183	0.00365	0.88399	0.00365
39	0.00478	0.00398	0.00417	0.00412	0.00538	0.00337	0.00309	0.00591	0.00928	0.01141	0.16638	0.03639	0.70900	0.00962	0.00463	0.00131	0.00196	0.00809	0.00375	0.00337
40	0.00929	0.26024	0.45275	0.01038	0.01502	0.05235	0.10208	0.03392	0.00871	0.01171	0.00670	0.00794	0.00514	0.00361	0.00348	0.00112	0.00545	0.00286	0.00178	0.00548
41	0.00731	0.00365	0.00365	0.00365	0.00457	0.00365	0.00274	0.00913	0.00822	0.01462	0.01279	0.01462	0.01005	0.00457	0.00274	0.00091	0.00183	0.00365	0.88399	0.00365
42	0.03084	0.01041	0.03261	0.01561	0.01944	0.00973	0.73876	0.01277	0.00920	0.05101	0.00815	0.01053	0.00605	0.00346	0.00470	0.00132	0.02349	0.00449	0.00212	0.00531
43	0.05644	0.00898	0.00982	0.00744	0.01064	0.11886	0.06731	0.04713	0.00936	0.11569	0.00800	0.00878	0.00615	0.00344	0.00327	0.00083	0.00386	0.00277	0.00264	0.50858
44	0.01258	0.10833	0.05340	0.01129	0.12348	0.44126	0.01738	0.03110	0.07023	0.05051	0.00805	0.01810	0.00667	0.00429	0.00362	0.00109	0.00569	0.02549	0.00233	0.00512
45	0.03244	0.03311	0.03146	0.00824	0.01135	0.03647	0.05526	0.26289	0.03235	0.37888	0.01235	0.01166	0.02679	0.00463	0.00386	0.00117	0.00398	0.00373	0.00392	0.04545

[dist]
# distance from previous block
# <min> <max>
1	16

[block]
# block no. 1 follows, 69 sequences, length 44
# corresponding to MSA columns:
# 114-157
name=unknown_B
#
# <colnr> <probs for GDERKNQSTAVLIFYWHMCP>
#	G	D	E	R	K	N	Q	S	T	A	V	L	I	F	Y	W	H	M	C	P
0	0.03776	0.19139	0.12375	0.07898	0.09735	0.08036	0.05432	0.11185	0.04083	0.04563	0.00749	0.00874	0.00587	0.00403	0.00410	0.00114	0.05974	0.00307	0.00229	0.04132
1	0.03755	0.05919	0.17288	0.00899	0.02117	0.23500	0.03848	0.03215	0.10832	0.06694	0.02736	0.01253	0.07016	0.04751	0.00485	0.00131	0.03374	0.00371	0.00259	0.01558
2	0.02865	0.11415	0.61020	0.01158	0.07777	0.02382	0.03538	0.03288	0.00859	0.01247	0.00691	0.00819	0.00512	0.00368	0.00360	0.00119	0.00547	0.00289	0.00177	0.00569
3	0.00731	0.00365	0.00365	0.00365	0.00457	0.00365	0.00274	0.00913	0.00822	0.01462	0.01279	0.01462	0.01005	0.00457	0.00274	0.00091	0.00183	0.00365	0.88399	0.00365
4	0.00700	0.00563	0.00603	0.00536	0.00704	0.04518	0.00410	0.02200	0.05851	0.04942	0.30001	0.04360	0.28255	0.00740	0.00424	0.00116	0.00249	0.00626	0.00367	0.13835
5	0.01256	0.00651	0.00880	0.14342	0.01205	0.00636	0.00624	0.01549	0.11193	0.43247	0.13512	0.01561	0.02835	0.00524	0.00401	0.00122	0.00335	0.00440	0.00403	0.04284
6	0.01748	0.00685	0.00921	0.00706	0.01010	0.00602	0.00583	0.05194	0.01151	0.80723	0.01522	0.01318	0.00958	0.00485	0.00394	0.00121	0.00338	0.00393	0.00481	0.00667
7	0.00697	0.00405	0.00552	0.00539	0.00576	0.00416	0.00374	0.00714	0.10091	0.00881	0.08104	0.01456	0.03650	0.01206	0.01274	0.67875	0.00319	0.00400	0.00226	0.00245
8	0.87185	0.00756	0.00583	0.00519	0.00763	0.00873	0.00428	0.01168	0.00677	0.03463	0.00567	0.00651	0.00436	0.00366	0.00246	0.00121	0.00304	0.00216	0.00248	0.00430
9	0.00814	0.06006	0.04686	0.05559	0.03094	0.00679	0.03092	0.02102	0.17284	0.07606	0.32982	0.02178	0.05624	0.00650	0.00426	0.00127	0.00310	0.05940	0.00364	0.00476
10	0.00731	0.00365	0.00365	0.00365	0.00457	0.00365	0.00274	0.00913	0.00822	0.01462	0.01279	0.01462	0.01005	0.00457	0.00274	0.00091	0.00183	0.00365	0.88399	0.00365
11	0.08722	0.01757	0.01068	0.00966	0.01174	0.75649	0.00730	0.03523	0.01092	0.01063	0.00609	0.00707	0.00502	0.00402	0.00345	0.00103	0.00667	0.00252	0.00210	0.00457
12	0.00858	0.00858	0.01201	0.01029	0.01029	0.01201	0.00858	0.00943	0.00600	0.00943	0.00515	0.00858	0.00515	0.00686	0.01287	0.00172	0.85505	0.00343	0.00172	0.00429
13	0.05490	0.00774	0.00948	0.00737	0.01032	0.00751	0.00606	0.20726	0.04611	0.56183	0.03120	0.01251	0.00943	0.00485	0.00389	0.00121	0.00351	0.00385	0.00448	0.00648
14	0.00570	0.00380	0.00428	0.00428	0.00428	0.00380	0.00238	0.00570	0.00570	0.00760	0.01235	0.02566	0.01425	0.86222	0.01995	0.00380	0.00380	0.00570	0.00238	0.00238
15	0.00858	0.00858	0.01201	0.01029	0.01029	0.01201	0.00858	0.00943	0.00600	0.00943	0.00515	0.00858	0.00515	0.00686	0.01287	0.00172	0.85505	0.00343	0.00172	0.00429
16	0.00555	0.00399	0.00521	0.00600	0.02188	0.00388	0.00408	0.03928	0.00792	0.01056	0.01967	0.62709	0.02306	0.11091	0.00673	0.00185	0.00272	0.09282	0.00347	0.00333
17	0.00858	0.00858	0.01201	0.01029	0.01029	0.01201	0.00858	0.00943	0.00600	0.00943	0.00515	0.00858	0.00515	0.00686	0.01287	0.00172	0.85505	0.00343	0.00172	0.00429
18	0.00731	0.00365	0.00365	0.00365	0.00457	0.00365	0.00274	0.00913	0.00822	0.01462	0.01279	0.01462	0.01005	0.00457	0.00274	0.00091	0.00183	0.00365	0.88399	0.00365
19	0.00463	0.00397	0.00397	0.00397	0.00530	0.00331	0.00298	0.00563	0.00894	0.01059	0.03971	0.03773	0.83618	0.00993	0.00463	0.00132	0.00199	0.00827	0.00364	0.00331
20	0.01268	0.06598	0.02863	0.03696	0.06581	0.31539	0.07463	0.19658	0.12732	0.02558	0.00857	0.00928	0.00660	0.00423	0.00376	0.00113	0.00539	0.00328	0.00272	0.00550
21	0.00863	0.00835	0.01434	0.38881	0.30176	0.00916	0.11271	0.01200	0.08236	0.01186	0.00804	0.01059	0.00626	0.00382	0.00400	0.00126	0.00501	0.00372	0.00204	0.00527
22	0.00681	0.00340	0.00511	0.00511	0.00511	0.00340	0.00340	0.00511	0.00511	0.00681	0.00681	0.01192	0.00681	0.01362	0.01532	0.88594	0.00340	0.00340	0.00170	0.00170
23	0.00485	0.00372	0.00446	0.00501	0.00566	0.00339	0.00348	0.00589	0.02812	0.01036	0.02763	0.55954	0.30108	0.01131	0.00485	0.00149	0.00220	0.01000	0.00365	0.00330
24	0.00982	0.00939	0.01613	0.02006	0.55489	0.00942	0.15867	0.07269	0.04969	0.01371	0.00860	0.04333	0.00725	0.00398	0.00407	0.00122	0.00482	0.00405	0.00226	0.00596
25	0.01117	0.00943	0.01094	0.01064	0.12211	0.02408	0.02599	0.23101	0.47427	0.01790	0.01274	0.01238	0.00955	0.00485	0.00396	0.00126	0.00378	0.00404	0.00362	0.00628
26	0.00740	0.00697	0.01176	0.85280	0.02700	0.00871	0.01089	0.01002	0.00784	0.01002	0.00697	0.01045	0.00523	0.00392	0.00392	0.00131	0.00523	0.00348	0.00174	0.00436
27	0.01333	0.12862	0.02245	0.02553	0.01224	0.54294	0.04335	0.03307	0.01043	0.05789	0.00675	0.00770	0.00544	0.00395	0.00360	0.00101	0.01971	0.00269	0.00218	0.05711
28	0.01091	0.00590	0.00746	0.00623	0.00819	0.00564	0.00494	0.09906	0.05668	0.29990	0.42143	0.02090	0.02303	0.00643	0.00428	0.00123	0.00269	0.00549	0.00444	0.00517
29	0.00731	0.00365	0.00365	0.00365	0.00457	0.00365	0.00274	0.00913	0.00822	0.01462	0.01279	0.01462	0.01005	0.00457	0.00274	0.00091	0.00183	0.00365	0.88399	0.00365
30	0.00813	0.00697	0.00813	0.00581	0.00929	0.00523	0.00465	0.00987	0.00813	0.01277	0.00697	0.00813	0.00581	0.00290	0.00290	0.00058	0.00290	0.00232	0.00232	0.88619
31	0.00478	0.00341	0.00455	0.00546	0.00569	0.00318	0.00364	0.00546	0.00751	0.01001	0.02161	0.85966	0.02593	0.01228	0.00500	0.00159	0.00227	0.01114	0.00364	0.00318
32	0.01048	0.86458	0.02054	0.00671	0.01006	0.01551	0.00671	0.01174	0.00797	0.00922	0.00545	0.00629	0.00503	0.00335	0.00252	0.00084	0.00419	0.00210	0.00168	0.00503
33	0.01471	0.01680	0.01127	0.00984	0.01213	0.64255	0.00754	0.21341	0.01290	0.01329	0.00688	0.00764	0.00545	0.00420	0.00363	0.00105	0.00640	0.00277	0.00248	0.00506
34	0.02296	0.00939	0.01539	0.14026	0.16108	0.02997	0.27153	0.11104	0.10906	0.04054	0.00952	0.01206	0.00745	0.00422	0.00418	0.00128	0.00509	0.03687	0.00258	0.00553
35	0.00870	0.16917	0.27570	0.00813	0.02174	0.02486	0.00840	0.01199	0.07400	0.01229	0.02375	0.00877	0.00649	0.00357	0.00324	0.00093	0.00416	0.00274	0.00215	0.32921
36	0.00681	0.00340	0.00511	0.00511	0.00511	0.00340	0.00340	0.00511	0.00511	0.00681	0.00681	0.01192	0.00681	0.01362	0.01532	0.88594	0.00340	0.00340	0.00170	0.00170
37	0.00922	0.03102	0.19826	0.01186	0.05879	0.01975	0.24970	0.08639	0.14949	0.01447	0.10389	0.01257	0.01034	0.00450	0.00432	0.00127	0.02176	0.00423	0.00268	0.00551
38	0.00556	0.00400	0.00505	0.00529	0.00570	0.00410	0.00361	0.00666	0.04040	0.00953	0.05107	0.26335	0.04467	0.32050	0.18612	0.00334	0.00459	0.03043	0.00291	0.00312
39	0.01211	0.00892	0.01634	0.01509	0.22431	0.00840	0.32873	0.01478	0.03083	0.28390	0.01046	0.01136	0.00740	0.00391	0.00420	0.00125	0.00495	0.00411	0.00296	0.00600
40	0.00899	0.03760	0.08594	0.23189	0.49893	0.00936	0.01153	0.01192	0.04366	0.01210	0.00755	0.00987	0.00606	0.00369	0.00384	0.00120	0.00482	0.00343	0.00194	0.00566
41	0.00591	0.00398	0.00519	0.00516	0.00583	0.00423	0.00381	0.00719	0.00732	0.01088	0.11884	0.03566	0.04143	0.15882	0.38752	0.00390	0.00609	0.00498	0.17993	0.00336
42	0.68360	0.04452	0.00666	0.00560	0.00780	0.06921	0.00452	0.01117	0.00726	0.01593	0.03341	0.08140	0.00727	0.00455	0.00280	0.00122	0.00327	0.00309	0.00253	0.00419
43	0.00974	0.04231	0.01364	0.29067	0.27729	0.09511	0.04944	0.04387	0.07044	0.02429	0.00781	0.00996	0.00617	0.00401	0.00421	0.00123	0.03892	0.00347	0.00214	0.00529

[dist]
# distance from previous block
# <min> <max>
0	2

# created by:
# /st0/software/busco_prod/Augustus/scripts/msa2prfl.pl ./align_prep/36106.fa
