[name]
unknown

[dist]
# distance from previous block
# <min> <max>
0	189

[block]
# block no. 0 follows, 67 sequences, length 13
# corresponding to MSA columns:
# 189-201
name=unknown_A
#
# <colnr> <probs for GDERKNQSTAVLIFYWHMCP>
#	G	D	E	R	K	N	Q	S	T	A	V	L	I	F	Y	W	H	M	C	P
0	0.00646	0.00462	0.00646	0.00739	0.00831	0.00462	0.00646	0.00831	0.00923	0.01200	0.02123	0.04524	0.02308	0.01108	0.00554	0.00185	0.00369	0.80704	0.00369	0.00369
1	0.01525	0.01123	0.01204	0.00923	0.01244	0.01244	0.00762	0.82067	0.01886	0.02528	0.00963	0.00963	0.00682	0.00481	0.00401	0.00120	0.00441	0.00361	0.00401	0.00682
2	0.00697	0.00348	0.00522	0.00522	0.00522	0.00348	0.00348	0.00522	0.00522	0.00697	0.00697	0.01219	0.00697	0.01393	0.01567	0.88332	0.00348	0.00348	0.00174	0.00174
3	0.01140	0.08336	0.01937	0.01390	0.01724	0.28699	0.48342	0.01383	0.00999	0.01156	0.00727	0.00927	0.00570	0.00363	0.00419	0.00121	0.00671	0.00381	0.00202	0.00514
4	0.01693	0.00774	0.01085	0.00822	0.01141	0.00711	0.07333	0.12452	0.01228	0.66185	0.01437	0.01289	0.00920	0.00481	0.00409	0.00125	0.00382	0.00404	0.00460	0.00671
5	0.00581	0.00427	0.00632	0.00632	0.00705	0.00495	0.00491	0.00726	0.00654	0.00957	0.01085	0.01572	0.01004	0.02891	0.80464	0.00619	0.01034	0.00427	0.04245	0.00359
6	0.00935	0.00796	0.00853	0.00771	0.00978	0.00907	0.00597	0.01930	0.70767	0.01668	0.13547	0.01715	0.01598	0.00584	0.00418	0.00135	0.00299	0.00493	0.00413	0.00597
7	0.01060	0.70727	0.10243	0.00752	0.01110	0.04890	0.00768	0.01262	0.04189	0.01008	0.00621	0.00702	0.00543	0.00358	0.00280	0.00093	0.00453	0.00234	0.00182	0.00525
8	0.08669	0.01666	0.01080	0.00965	0.01187	0.63531	0.00735	0.08962	0.07319	0.01243	0.00723	0.00798	0.00578	0.00426	0.00359	0.00109	0.00633	0.00279	0.00243	0.00495
9	0.00487	0.00357	0.00457	0.00537	0.00576	0.00328	0.00363	0.00561	0.00788	0.01032	0.02468	0.74284	0.13846	0.01223	0.00507	0.00159	0.00229	0.01099	0.00372	0.00328
10	0.00571	0.00450	0.00542	0.00573	0.02680	0.00428	0.00402	0.00796	0.09147	0.01283	0.26137	0.27766	0.25793	0.00967	0.00477	0.00141	0.00226	0.00848	0.00392	0.00383
11	0.14014	0.00942	0.00976	0.00813	0.03257	0.11784	0.00639	0.15809	0.01203	0.44767	0.01180	0.01099	0.00787	0.00462	0.00375	0.00121	0.00408	0.00349	0.00398	0.00617
12	0.03203	0.00932	0.00962	0.00829	0.01078	0.04235	0.00654	0.16044	0.57351	0.07988	0.01447	0.01344	0.01066	0.00521	0.00401	0.00131	0.00356	0.00420	0.00402	0.00635

[dist]
# distance from previous block
# <min> <max>
0	1

[block]
# block no. 1 follows, 67 sequences, length 12
# corresponding to MSA columns:
# 203-214
name=unknown_B
#
# <colnr> <probs for GDERKNQSTAVLIFYWHMCP>
#	G	D	E	R	K	N	Q	S	T	A	V	L	I	F	Y	W	H	M	C	P
0	0.05770	0.00860	0.01403	0.02061	0.66350	0.00871	0.01052	0.01138	0.00854	0.01265	0.00810	0.01162	0.00723	0.08676	0.05186	0.00174	0.00492	0.00375	0.00206	0.00571
1	0.00606	0.00463	0.00527	0.00510	0.00624	0.00435	0.00376	0.08400	0.01013	0.01318	0.22094	0.19294	0.36160	0.05659	0.00561	0.00151	0.00239	0.00814	0.00384	0.00373
2	0.05948	0.73392	0.01926	0.00711	0.01035	0.09449	0.00681	0.01238	0.00838	0.00994	0.00564	0.00651	0.00510	0.00351	0.00267	0.00090	0.00450	0.00219	0.00179	0.00505
3	0.09358	0.00925	0.01524	0.07195	0.68402	0.00946	0.03411	0.01215	0.00885	0.01339	0.00735	0.00967	0.00609	0.00361	0.00385	0.00121	0.00470	0.00347	0.00202	0.00602
4	0.01784	0.00707	0.00946	0.00725	0.01036	0.00626	0.00599	0.06436	0.01189	0.79141	0.01548	0.01343	0.00975	0.00496	0.00403	0.00124	0.00347	0.00401	0.00491	0.00682
5	0.01497	0.00713	0.00900	0.00712	0.00983	0.00675	0.00580	0.15099	0.04363	0.52091	0.14470	0.01620	0.03318	0.00559	0.00416	0.00125	0.00330	0.00460	0.00466	0.00624
6	0.00479	0.00385	0.00428	0.00463	0.00557	0.00334	0.00330	0.00569	0.00859	0.01061	0.03368	0.34535	0.53014	0.01106	0.00488	0.00146	0.00214	0.00957	0.00372	0.00334
7	0.00575	0.00423	0.00612	0.00612	0.00672	0.00484	0.00461	0.00695	0.00635	0.00907	0.01104	0.01741	0.01074	0.16079	0.71343	0.00604	0.00966	0.00454	0.00219	0.00340
8	0.07699	0.01080	0.01148	0.00886	0.01201	0.01191	0.00732	0.72917	0.01769	0.05955	0.00961	0.00958	0.00678	0.00474	0.00390	0.00121	0.00428	0.00353	0.00394	0.00665
9	0.03072	0.00710	0.01129	0.59236	0.05359	0.00815	0.00969	0.01235	0.00887	0.19321	0.02818	0.01166	0.00713	0.00429	0.00399	0.00131	0.00476	0.00372	0.00257	0.00503
10	0.01554	0.23262	0.01223	0.00697	0.01007	0.00844	0.00606	0.01703	0.01059	0.58260	0.04843	0.01245	0.00987	0.00470	0.00368	0.00114	0.00358	0.00367	0.00408	0.00625
11	0.88738	0.00776	0.00589	0.00527	0.00776	0.00900	0.00434	0.01179	0.00683	0.01799	0.00558	0.00651	0.00434	0.00372	0.00248	0.00124	0.00310	0.00217	0.00248	0.00434

[dist]
# distance from previous block
# <min> <max>
0	1

[block]
# block no. 2 follows, 67 sequences, length 6
# corresponding to MSA columns:
# 216-221
name=unknown_C
#
# <colnr> <probs for GDERKNQSTAVLIFYWHMCP>
#	G	D	E	R	K	N	Q	S	T	A	V	L	I	F	Y	W	H	M	C	P
0	0.08961	0.01000	0.01082	0.00846	0.01151	0.01088	0.00696	0.55426	0.08554	0.15487	0.01085	0.01047	0.00757	0.00480	0.00389	0.00123	0.00403	0.00363	0.00404	0.00657
1	0.00617	0.00443	0.00642	0.00616	0.00714	0.00407	0.06068	0.00752	0.00933	0.05790	0.28667	0.41385	0.09432	0.00988	0.00487	0.00145	0.00253	0.00893	0.00390	0.00379
2	0.00697	0.00348	0.00522	0.00522	0.00522	0.00348	0.00348	0.00522	0.00522	0.00697	0.00697	0.01219	0.00697	0.01393	0.01567	0.88332	0.00348	0.00348	0.00174	0.00174
3	0.01697	0.00689	0.00906	0.00701	0.00995	0.00619	0.00577	0.07528	0.01176	0.71453	0.01517	0.01347	0.00974	0.00493	0.00393	0.00121	0.00336	0.00398	0.07421	0.00658
4	0.01187	0.01129	0.10237	0.01059	0.01390	0.05570	0.18075	0.17610	0.26929	0.10798	0.01166	0.01175	0.00844	0.00458	0.00415	0.00129	0.00473	0.00406	0.00336	0.00616
5	0.01427	0.01075	0.01149	0.00903	0.01206	0.01198	0.00739	0.67247	0.16865	0.02370	0.01087	0.01062	0.00783	0.00493	0.00402	0.00123	0.00418	0.00378	0.00402	0.00673

[dist]
# distance from previous block
# <min> <max>
0	1

[block]
# block no. 3 follows, 67 sequences, length 92
# corresponding to MSA columns:
# 223-314
name=unknown_D
#
# <colnr> <probs for GDERKNQSTAVLIFYWHMCP>
#	G	D	E	R	K	N	Q	S	T	A	V	L	I	F	Y	W	H	M	C	P
0	0.52301	0.03996	0.00846	0.00704	0.00953	0.21557	0.00565	0.08412	0.02994	0.03539	0.00660	0.00734	0.00512	0.00398	0.00298	0.00118	0.00429	0.00250	0.00259	0.00477
1	0.00542	0.00372	0.00461	0.00508	0.00525	0.00364	0.00323	0.00587	0.00685	0.00922	0.01729	0.42306	0.02024	0.39312	0.04086	0.00280	0.00334	0.02552	0.01796	0.00291
2	0.05962	0.01143	0.04604	0.01165	0.03098	0.14921	0.29199	0.10442	0.12550	0.03773	0.03491	0.01258	0.05615	0.00458	0.00418	0.00127	0.00529	0.00426	0.00281	0.00543
3	0.00499	0.00365	0.00459	0.00522	0.00566	0.00336	0.00352	0.00576	0.00801	0.01052	0.07724	0.61121	0.15216	0.07664	0.00620	0.00173	0.00237	0.01025	0.00367	0.00325
4	0.04677	0.03267	0.05828	0.01073	0.01413	0.06821	0.25089	0.17110	0.03204	0.15367	0.00976	0.02495	0.00722	0.00464	0.01815	0.00128	0.00509	0.00388	0.00302	0.08354
5	0.04676	0.00811	0.01074	0.00799	0.01135	0.00731	0.09720	0.12439	0.04020	0.22780	0.01010	0.01032	0.00727	0.00390	0.00361	0.00098	0.00372	0.00331	0.00330	0.37165
6	0.05627	0.04496	0.04273	0.01108	0.04471	0.24161	0.20654	0.03325	0.05252	0.10086	0.00846	0.00948	0.00641	0.00389	0.00381	0.00111	0.00541	0.00338	0.00255	0.12100
7	0.00804	0.02074	0.83828	0.01143	0.01736	0.00931	0.01482	0.01270	0.00847	0.01270	0.00720	0.00847	0.00508	0.00381	0.00381	0.00127	0.00593	0.00296	0.00169	0.00593
8	0.00506	0.00417	0.00429	0.00423	0.00559	0.00354	0.00318	0.01606	0.00936	0.02017	0.07411	0.05194	0.76456	0.00999	0.00473	0.00135	0.00207	0.00835	0.00377	0.00348
9	0.09211	0.00924	0.01072	0.00899	0.03262	0.05623	0.07140	0.21755	0.18925	0.18510	0.02040	0.05484	0.00967	0.01833	0.00424	0.00131	0.00404	0.00426	0.00373	0.00597
10	0.05031	0.01669	0.53685	0.01142	0.07959	0.04073	0.01218	0.05685	0.03853	0.10703	0.00854	0.00933	0.00605	0.00404	0.00380	0.00125	0.00529	0.00317	0.00235	0.00600
11	0.00487	0.00399	0.00432	0.00454	0.00566	0.00344	0.00337	0.00589	0.00890	0.01085	0.04579	0.19003	0.62885	0.01063	0.00485	0.00143	0.00218	0.05330	0.00373	0.00338
12	0.01514	0.00649	0.00855	0.00677	0.00943	0.00582	0.00551	0.05666	0.02418	0.61183	0.15132	0.01704	0.04279	0.00567	0.00416	0.00125	0.00314	0.00470	0.01338	0.00617
13	0.09461	0.00883	0.01354	0.12065	0.18746	0.03666	0.16181	0.01422	0.07551	0.18175	0.00995	0.02514	0.00746	0.00429	0.00422	0.00127	0.02535	0.00391	0.00283	0.02055
14	0.76528	0.00799	0.00660	0.00571	0.00829	0.00911	0.00470	0.07972	0.00809	0.06506	0.00650	0.00718	0.00487	0.00388	0.00270	0.00124	0.00323	0.00240	0.00275	0.00469
15	0.00582	0.00395	0.00471	0.00471	0.00482	0.00407	0.00284	0.00605	0.00593	0.00802	0.01233	0.02456	0.01385	0.72602	0.15245	0.00430	0.00499	0.00559	0.00238	0.00261
16	0.01153	0.61879	0.06644	0.00786	0.02520	0.05957	0.00747	0.07792	0.02622	0.05674	0.00685	0.00749	0.00571	0.00373	0.00295	0.00096	0.00449	0.00251	0.00215	0.00544
17	0.01247	0.41257	0.07914	0.00875	0.01180	0.35672	0.00787	0.04871	0.00996	0.01053	0.00613	0.00706	0.00522	0.00381	0.00316	0.00098	0.00563	0.00245	0.00196	0.00507
18	0.01088	0.00723	0.00887	0.00647	0.00992	0.00575	0.01560	0.03683	0.00941	0.21281	0.00932	0.00968	0.00693	0.00351	0.00328	0.00078	0.00317	0.00284	0.00305	0.63366
19	0.02550	0.01080	0.04781	0.00889	0.01214	0.01113	0.00756	0.61975	0.04932	0.14133	0.01882	0.01054	0.00769	0.00484	0.00400	0.00122	0.00425	0.00370	0.00404	0.00670
20	0.38292	0.03002	0.03499	0.01712	0.01161	0.15549	0.13217	0.02859	0.00848	0.03736	0.00661	0.00804	0.00522	0.00439	0.01467	0.00130	0.07813	0.00291	0.00232	0.03766
21	0.00488	0.00353	0.00461	0.00547	0.00579	0.00327	0.00367	0.00560	0.00778	0.01028	0.02344	0.79730	0.08480	0.01239	0.00509	0.00161	0.00231	0.01119	0.00372	0.00327
22	0.00918	0.01027	0.02197	0.01588	0.01953	0.00984	0.73031	0.01230	0.00911	0.01245	0.00822	0.01126	0.00641	0.01876	0.05144	0.00169	0.03945	0.00468	0.00203	0.00522
23	0.01513	0.00920	0.03422	0.00870	0.01183	0.00903	0.05201	0.33079	0.07493	0.35894	0.01299	0.01309	0.00905	0.00506	0.00412	0.00127	0.00405	0.03481	0.00422	0.00656
24	0.03242	0.01227	0.01155	0.01015	0.03587	0.25329	0.02143	0.19678	0.12587	0.01469	0.02279	0.00978	0.00717	0.00524	0.00623	0.00132	0.22157	0.00346	0.00276	0.00535
25	0.88738	0.00776	0.00589	0.00527	0.00776	0.00900	0.00434	0.01179	0.00683	0.01799	0.00558	0.00651	0.00434	0.00372	0.00248	0.00124	0.00310	0.00217	0.00248	0.00434
26	0.00494	0.00355	0.00464	0.00548	0.00578	0.00331	0.00368	0.00565	0.00771	0.01020	0.02275	0.76636	0.07072	0.04498	0.00569	0.00170	0.00239	0.02354	0.00367	0.00324
27	0.00839	0.00822	0.01163	0.02643	0.01047	0.01123	0.02098	0.00935	0.00639	0.00977	0.02201	0.01074	0.02165	0.03893	0.05008	0.00201	0.72176	0.00381	0.00189	0.00427
28	0.00619	0.00422	0.00526	0.00512	0.00622	0.00383	0.00384	0.00762	0.00989	0.07156	0.37309	0.14686	0.25717	0.01047	0.05383	0.00165	0.00265	0.02272	0.00401	0.00380
29	0.05833	0.01130	0.09789	0.01529	0.08018	0.03290	0.54364	0.01273	0.00923	0.03932	0.01639	0.03317	0.00686	0.00388	0.00457	0.00133	0.02098	0.00443	0.00218	0.00540
30	0.80662	0.00812	0.00691	0.00620	0.02468	0.01868	0.03081	0.03532	0.00736	0.01785	0.00583	0.00682	0.00452	0.00375	0.00264	0.00124	0.00334	0.00233	0.00250	0.00449
31	0.00915	0.01054	0.05751	0.01586	0.07791	0.00957	0.61902	0.01281	0.05720	0.01300	0.02235	0.04421	0.02219	0.00408	0.00461	0.00135	0.00604	0.00492	0.00226	0.00541
32	0.00993	0.00953	0.01628	0.02462	0.83404	0.00953	0.01231	0.01231	0.00913	0.01310	0.00754	0.00993	0.00635	0.00357	0.00397	0.00119	0.00476	0.00357	0.00199	0.00635
33	0.00656	0.00548	0.00684	0.00651	0.00723	0.06447	0.03577	0.00761	0.00673	0.00902	0.01088	0.01809	0.01089	0.27500	0.50526	0.00510	0.00829	0.00465	0.00222	0.00338
34	0.00606	0.00417	0.00520	0.00556	0.00594	0.00416	0.00402	0.00682	0.00727	0.00960	0.03288	0.04374	0.01847	0.50567	0.01419	0.00302	0.00375	0.31356	0.00297	0.00295
35	0.00525	0.00357	0.00462	0.00541	0.00575	0.00337	0.00369	0.00612	0.00785	0.01088	0.03526	0.71359	0.02468	0.02247	0.00507	0.00158	0.00233	0.03528	0.09990	0.00332
36	0.00484	0.00365	0.00449	0.00515	0.00570	0.00329	0.00353	0.00563	0.00810	0.01041	0.02739	0.62315	0.25641	0.01188	0.00501	0.00155	0.00224	0.01056	0.00372	0.00329
37	0.00810	0.00767	0.01298	0.66454	0.20838	0.00905	0.01140	0.01071	0.00827	0.01089	0.00722	0.01052	0.00557	0.00391	0.00400	0.00130	0.00522	0.00357	0.00183	0.00488
38	0.01766	0.00785	0.00957	0.00745	0.01049	0.06169	0.00610	0.05740	0.01182	0.74342	0.01489	0.01303	0.00946	0.00490	0.00400	0.00123	0.00371	0.00392	0.00473	0.00668
39	0.01072	0.86147	0.02102	0.00686	0.01029	0.01587	0.00686	0.01201	0.00815	0.00944	0.00558	0.00643	0.00515	0.00343	0.00257	0.00086	0.00429	0.00214	0.00172	0.00515
40	0.01033	0.53053	0.23989	0.00810	0.01219	0.01297	0.00886	0.02704	0.00861	0.05303	0.00669	0.00751	0.00545	0.00361	0.00303	0.00098	0.00462	0.00250	0.00195	0.05212
41	0.00762	0.00717	0.01211	0.83436	0.04235	0.00892	0.01116	0.01028	0.00804	0.01030	0.00714	0.01068	0.00536	0.00400	0.00401	0.00133	0.00534	0.00356	0.00179	0.00449
42	0.01494	0.01108	0.01186	0.00917	0.01232	0.01229	0.00755	0.77387	0.06615	0.02478	0.01002	0.00994	0.00714	0.00485	0.00402	0.00121	0.00434	0.00366	0.00402	0.00679
43	0.00476	0.00405	0.00410	0.00411	0.00544	0.00339	0.00307	0.00579	0.00916	0.01093	0.05628	0.05229	0.80272	0.01016	0.00475	0.00136	0.00203	0.00849	0.00374	0.00339
44	0.00593	0.00454	0.00677	0.00666	0.00732	0.00541	0.00521	0.00727	0.00641	0.00929	0.01035	0.01528	0.00969	0.02844	0.77997	0.02165	0.05984	0.00424	0.00212	0.00360
45	0.77632	0.00764	0.00633	0.00551	0.00807	0.00860	0.00454	0.01278	0.00742	0.12260	0.00689	0.00743	0.00506	0.00388	0.00268	0.00124	0.00314	0.00241	0.00280	0.00466
46	0.00892	0.00850	0.01446	0.37833	0.48820	0.00926	0.01181	0.01142	0.00865	0.01188	0.00737	0.01025	0.00592	0.00376	0.00399	0.00125	0.00501	0.00357	0.00190	0.00554
47	0.00902	0.00883	0.01320	0.01143	0.04678	0.01137	0.09785	0.05485	0.00741	0.01102	0.00687	0.05206	0.00669	0.01840	0.01103	0.00168	0.62076	0.00408	0.00203	0.00464
48	0.04727	0.41972	0.35788	0.00920	0.01365	0.01241	0.05147	0.01246	0.00835	0.02534	0.00655	0.00762	0.00521	0.00362	0.00322	0.00108	0.00503	0.00265	0.00181	0.00548
49	0.01485	0.07953	0.09305	0.00810	0.01140	0.01942	0.05680	0.01713	0.03743	0.54900	0.06129	0.01327	0.01046	0.00482	0.00397	0.00122	0.00390	0.00400	0.00409	0.00628
50	0.00874	0.06797	0.64245	0.02783	0.01702	0.00979	0.08569	0.03160	0.03171	0.02950	0.00767	0.00892	0.00552	0.00385	0.00384	0.00126	0.00573	0.00317	0.00191	0.00586
51	0.88738	0.00776	0.00589	0.00527	0.00776	0.00900	0.00434	0.01179	0.00683	0.01799	0.00558	0.00651	0.00434	0.00372	0.00248	0.00124	0.00310	0.00217	0.00248	0.00434
52	0.00572	0.00415	0.00506	0.00490	0.00600	0.00372	0.00370	0.00725	0.01036	0.03787	0.48116	0.08119	0.28911	0.00908	0.00476	0.00133	0.00207	0.03472	0.00415	0.00371
53	0.00530	0.00406	0.00471	0.00465	0.00570	0.00362	0.00346	0.00664	0.00977	0.01285	0.35409	0.06420	0.39079	0.05909	0.00566	0.00149	0.00216	0.03858	0.01967	0.00350
54	0.01082	0.00491	0.00585	0.00513	0.00684	0.00454	0.00401	0.01261	0.02400	0.30069	0.01683	0.06310	0.07789	0.00567	0.00354	0.00112	0.00247	0.00466	0.44050	0.00480
55	0.00568	0.00410	0.00536	0.00505	0.00599	0.00378	0.00378	0.00757	0.01135	0.01608	0.83192	0.02996	0.03784	0.00820	0.00473	0.00126	0.00189	0.00725	0.00441	0.00378
56	0.00810	0.00770	0.01315	0.66128	0.19471	0.00906	0.02798	0.01073	0.00828	0.01089	0.00723	0.01054	0.00557	0.00391	0.00402	0.00131	0.00525	0.00359	0.00183	0.00487
57	0.01030	0.00878	0.00925	0.00823	0.01055	0.01013	0.00643	0.07024	0.77734	0.01730	0.01591	0.01464	0.01191	0.00540	0.00408	0.00135	0.00325	0.00448	0.00408	0.00638
58	0.03032	0.00992	0.01543	0.02274	0.73921	0.05820	0.01161	0.01253	0.02168	0.01303	0.00782	0.02522	0.00670	0.00380	0.00394	0.00119	0.00480	0.00364	0.00207	0.00615
59	0.00947	0.01082	0.02366	0.01690	0.02096	0.01014	0.81947	0.01285	0.00947	0.01285	0.00811	0.01082	0.00609	0.00338	0.00473	0.00135	0.00676	0.00473	0.00203	0.00541
60	0.01452	0.00782	0.00937	0.00768	0.01045	0.00796	0.00618	0.06717	0.34903	0.45024	0.01567	0.01396	0.01070	0.00515	0.00405	0.00129	0.00337	0.00422	0.00454	0.00663
61	0.00483	0.00401	0.00422	0.00428	0.00550	0.00340	0.00317	0.00588	0.00918	0.01119	0.10088	0.11582	0.69337	0.01023	0.00478	0.00137	0.00205	0.00865	0.00378	0.00340
62	0.00494	0.00366	0.00462	0.00526	0.00576	0.00334	0.00361	0.00583	0.00833	0.01097	0.11187	0.62250	0.17129	0.01167	0.00501	0.00154	0.00223	0.01044	0.00380	0.00334
63	0.00506	0.00399	0.00457	0.00460	0.00566	0.00349	0.00338	0.00631	0.00963	0.01242	0.29072	0.15719	0.45894	0.00989	0.00479	0.00137	0.00203	0.00851	0.00394	0.00349
64	0.09070	0.00702	0.00900	0.00704	0.01004	0.00642	0.00579	0.01900	0.06305	0.71559	0.01499	0.01313	0.00960	0.00489	0.00391	0.00125	0.00337	0.00391	0.00470	0.00659
65	0.00877	0.00877	0.01228	0.01053	0.01053	0.01228	0.00877	0.00965	0.00614	0.00965	0.00526	0.00877	0.00526	0.00702	0.01316	0.00175	0.85172	0.00351	0.00175	0.00439
66	0.00610	0.00456	0.00666	0.00655	0.00736	0.00530	0.00511	0.03846	0.00692	0.00992	0.01070	0.01552	0.00990	0.02911	0.81087	0.00624	0.01050	0.00427	0.00222	0.00371
67	0.03095	0.00739	0.00844	0.00618	0.00962	0.00598	0.00494	0.04142	0.05659	0.01387	0.00772	0.00871	0.00630	0.00320	0.00306	0.00068	0.00304	0.00254	0.00254	0.77682
68	0.02371	0.00919	0.08746	0.02524	0.05966	0.00759	0.00721	0.16359	0.01149	0.32421	0.01086	0.01069	0.00751	0.00420	0.00371	0.00107	0.00383	0.00337	0.00355	0.23184
69	0.70371	0.00795	0.00663	0.00580	0.00834	0.00904	0.00472	0.04212	0.10570	0.01785	0.00710	0.00774	0.00547	0.00393	0.00276	0.00122	0.00315	0.00252	0.00272	0.05154
70	0.00599	0.00454	0.00557	0.00527	0.00637	0.00436	0.00396	0.00871	0.09415	0.01541	0.63853	0.05035	0.12503	0.00825	0.00467	0.00129	0.00205	0.00722	0.00428	0.00399
71	0.00883	0.01014	0.05096	0.01486	0.01851	0.00913	0.66340	0.01202	0.00972	0.01334	0.13565	0.01369	0.01097	0.00414	0.00470	0.00134	0.00598	0.00506	0.00239	0.00518
72	0.01477	0.00693	0.00898	0.00674	0.00999	0.00571	0.00551	0.01639	0.01042	0.56202	0.01292	0.01187	0.00860	0.00430	0.00368	0.00103	0.00326	0.00348	0.00410	0.29930
73	0.75546	0.00857	0.00732	0.00627	0.00885	0.05776	0.05073	0.01220	0.00735	0.03101	0.00597	0.00696	0.00461	0.00373	0.00271	0.00122	0.00355	0.00238	0.00247	0.02089
74	0.04259	0.09161	0.65078	0.01097	0.01631	0.00989	0.06046	0.02874	0.00872	0.03377	0.00732	0.00851	0.00527	0.00380	0.00372	0.00124	0.00563	0.00301	0.00187	0.00581
75	0.01738	0.00664	0.00898	0.00694	0.00991	0.00577	0.00571	0.01895	0.01130	0.78871	0.01566	0.01373	0.00995	0.00495	0.00396	0.00122	0.00332	0.00402	0.05626	0.00664
76	0.01137	0.00853	0.00927	0.00809	0.01052	0.00957	0.00636	0.06787	0.66948	0.12793	0.01586	0.01447	0.01161	0.00534	0.00407	0.00133	0.00328	0.00441	0.00420	0.00644
77	0.01045	0.00890	0.01313	0.01675	0.43591	0.00928	0.03207	0.03072	0.27990	0.07391	0.02532	0.02682	0.00944	0.00454	0.00407	0.00126	0.00410	0.00415	0.00300	0.00627
78	0.00523	0.00417	0.00463	0.00453	0.00567	0.00370	0.00334	0.00672	0.03033	0.01244	0.28700	0.05439	0.49411	0.05917	0.00565	0.00148	0.00213	0.00790	0.00387	0.00353
79	0.00568	0.00410	0.00536	0.00505	0.00599	0.00378	0.00378	0.00757	0.01135	0.01608	0.83192	0.02996	0.03784	0.00820	0.00473	0.00126	0.00189	0.00725	0.00441	0.00378
80	0.00804	0.02074	0.83828	0.01143	0.01736	0.00931	0.01482	0.01270	0.00847	0.01270	0.00720	0.00847	0.00508	0.00381	0.00381	0.00127	0.00593	0.00296	0.00169	0.00593
81	0.01011	0.01003	0.01957	0.01992	0.39087	0.00965	0.41023	0.01294	0.00942	0.05496	0.00825	0.01056	0.00640	0.00355	0.00435	0.00127	0.00568	0.00417	0.00216	0.00591
82	0.00504	0.00357	0.00479	0.00569	0.00597	0.00336	0.00390	0.00579	0.00779	0.01038	0.03298	0.77689	0.02612	0.01243	0.00532	0.01651	0.00243	0.06407	0.00370	0.00327
83	0.09881	0.00691	0.00899	0.00696	0.01001	0.00618	0.00575	0.01882	0.01105	0.76070	0.01487	0.01299	0.00941	0.00485	0.00389	0.00124	0.00338	0.00386	0.00473	0.00659
84	0.01072	0.86147	0.02102	0.00686	0.01029	0.01587	0.00686	0.01201	0.00815	0.00944	0.00558	0.00643	0.00515	0.00343	0.00257	0.00086	0.00429	0.00214	0.00172	0.00515
85	0.00573	0.00430	0.00645	0.00645	0.00716	0.00501	0.00501	0.00716	0.00645	0.00931	0.01074	0.01576	0.01003	0.03008	0.84316	0.00645	0.01074	0.00430	0.00215	0.00358
86	0.00489	0.00349	0.00465	0.00558	0.00582	0.00326	0.00372	0.00558	0.00768	0.01024	0.02210	0.85644	0.02653	0.01256	0.00512	0.00163	0.00233	0.01140	0.00372	0.00326
87	0.00474	0.00406	0.00406	0.00406	0.00542	0.00339	0.00305	0.00576	0.00914	0.01083	0.04063	0.03860	0.83241	0.01016	0.00474	0.00135	0.00203	0.00846	0.00372	0.00339
88	0.21443	0.01081	0.01060	0.00838	0.01137	0.05090	0.00688	0.59789	0.01575	0.02288	0.00854	0.00880	0.00618	0.00453	0.00364	0.00120	0.00425	0.00323	0.00357	0.00615
89	0.00674	0.00455	0.00585	0.00541	0.00652	0.00428	0.00408	0.04809	0.01144	0.05999	0.68451	0.09265	0.03394	0.00820	0.00469	0.00129	0.00213	0.00723	0.00437	0.00406
90	0.45674	0.01025	0.01216	0.00977	0.02744	0.10825	0.23277	0.07403	0.00906	0.01605	0.00671	0.00810	0.00515	0.00376	0.00339	0.00124	0.00474	0.00307	0.00241	0.00490
91	0.00573	0.00429	0.00641	0.00641	0.00711	0.00499	0.00497	0.00714	0.00643	0.00928	0.01078	0.01594	0.01011	0.04476	0.82859	0.00640	0.01062	0.00432	0.00215	0.00356

[dist]
# distance from previous block
# <min> <max>
0	0

# created by:
# /st0/software/busco_prod/Augustus/scripts/msa2prfl.pl ./align_prep/36113.fa
