[name]
unknown

[dist]
# distance from previous block
# <min> <max>
0	46

[block]
# block no. 0 follows, 70 sequences, length 45
# corresponding to MSA columns:
# 46-90
name=unknown_A
#
# <colnr> <probs for GDERKNQSTAVLIFYWHMCP>
#	G	D	E	R	K	N	Q	S	T	A	V	L	I	F	Y	W	H	M	C	P
0	0.00625	0.00446	0.00625	0.00714	0.00803	0.00446	0.00625	0.00803	0.00892	0.01160	0.02053	0.04373	0.02231	0.01071	0.00535	0.00178	0.00357	0.81348	0.00357	0.00357
1	0.89114	0.00750	0.00570	0.00510	0.00750	0.00870	0.00420	0.01140	0.00660	0.01739	0.00540	0.00630	0.00420	0.00360	0.00240	0.00120	0.00300	0.00210	0.00240	0.00420
2	0.00549	0.00396	0.00518	0.00488	0.00579	0.00366	0.00366	0.00732	0.01097	0.01555	0.83752	0.02896	0.03658	0.00793	0.00457	0.00122	0.00183	0.00701	0.00427	0.00366
3	0.00895	0.00922	0.01217	0.06792	0.02215	0.07513	0.04269	0.01045	0.04003	0.00983	0.00586	0.00883	0.00541	0.00612	0.01061	0.00158	0.65339	0.00342	0.00183	0.00441
4	0.17911	0.00938	0.01088	0.00974	0.09934	0.01010	0.03662	0.44949	0.01365	0.10479	0.00927	0.03446	0.00694	0.00451	0.00365	0.00119	0.00399	0.00353	0.00341	0.00594
5	0.00488	0.00345	0.00449	0.00523	0.00543	0.00328	0.00343	0.00547	0.00712	0.00951	0.01971	0.71307	0.02350	0.14488	0.02542	0.00201	0.00266	0.01004	0.00337	0.00303
6	0.00673	0.00337	0.00505	0.00505	0.00505	0.00337	0.00337	0.00505	0.00505	0.00673	0.00673	0.01178	0.00673	0.01347	0.01515	0.88721	0.00337	0.00337	0.00168	0.00168
7	0.02594	0.49667	0.12682	0.00907	0.07106	0.06813	0.02544	0.06185	0.06164	0.01141	0.00673	0.00758	0.00559	0.00363	0.00303	0.00098	0.00454	0.00259	0.00200	0.00529
8	0.00500	0.00396	0.00426	0.00422	0.00544	0.00338	0.00315	0.00611	0.00914	0.02853	0.16361	0.08144	0.64914	0.00955	0.00459	0.00131	0.00199	0.00807	0.00373	0.00340
9	0.00534	0.00380	0.00491	0.00502	0.00575	0.00348	0.00362	0.00670	0.00960	0.02554	0.48623	0.31668	0.08989	0.00947	0.00469	0.00135	0.00201	0.00843	0.00400	0.00350
10	0.55574	0.01075	0.20134	0.00693	0.01018	0.02316	0.00691	0.06276	0.00807	0.07361	0.00670	0.00741	0.00490	0.00377	0.00291	0.00120	0.00380	0.00250	0.00247	0.00487
11	0.00827	0.00704	0.00824	0.02322	0.00965	0.00554	0.00484	0.03657	0.02218	0.01302	0.00712	0.00823	0.00586	0.00299	0.00294	0.00062	0.00297	0.00239	0.00236	0.82594
12	0.01112	0.00871	0.00977	0.00821	0.01066	0.00971	0.03299	0.22403	0.50949	0.06371	0.05817	0.01374	0.01152	0.00516	0.00398	0.00126	0.00343	0.00428	0.00393	0.00611
13	0.01658	0.00762	0.00959	0.00739	0.01039	0.00725	0.00609	0.20289	0.03526	0.63334	0.01394	0.01234	0.00897	0.00478	0.00390	0.00119	0.00351	0.00382	0.00457	0.00658
14	0.00796	0.00752	0.01270	0.56214	0.28498	0.00863	0.01089	0.01039	0.00808	0.01078	0.00749	0.03783	0.00615	0.00401	0.00390	0.00126	0.00489	0.00370	0.00185	0.00485
15	0.00848	0.00688	0.00808	0.00580	0.00922	0.00519	0.00465	0.01019	0.00818	0.05183	0.00729	0.00828	0.00592	0.00296	0.00292	0.00060	0.00289	0.00237	0.00242	0.84583
16	0.00545	0.00396	0.00514	0.00484	0.00577	0.00364	0.00363	0.00725	0.01090	0.01536	0.80866	0.02926	0.06555	0.00799	0.00457	0.00122	0.00183	0.00705	0.00424	0.00364
17	0.00786	0.00752	0.01207	0.62378	0.18586	0.03335	0.01054	0.01024	0.00804	0.01044	0.00765	0.05167	0.00636	0.00420	0.00391	0.00127	0.00497	0.00379	0.00186	0.00462
18	0.00475	0.00339	0.00452	0.00538	0.00563	0.00317	0.00360	0.00546	0.00754	0.01009	0.04881	0.83324	0.02601	0.01200	0.00494	0.00156	0.00224	0.01089	0.00362	0.00317
19	0.00812	0.12168	0.72906	0.01076	0.03136	0.00977	0.01335	0.01219	0.00816	0.01190	0.00677	0.00797	0.00494	0.00363	0.00354	0.00118	0.00552	0.00278	0.00164	0.00565
20	0.03131	0.00957	0.01077	0.00827	0.01133	0.01014	0.00683	0.57917	0.01596	0.25998	0.01096	0.01037	0.00742	0.00468	0.00386	0.00117	0.00396	0.00358	0.00412	0.00655
21	0.00483	0.00345	0.00462	0.00552	0.00579	0.00324	0.00378	0.00558	0.00752	0.01001	0.02131	0.80626	0.02542	0.01205	0.00498	0.00159	0.00234	0.06497	0.00360	0.00318
22	0.01267	0.01179	0.05205	0.08005	0.03364	0.14974	0.09593	0.38412	0.03798	0.04830	0.00845	0.00934	0.00624	0.00439	0.00432	0.00120	0.04766	0.00344	0.00296	0.00573
23	0.05320	0.27045	0.04836	0.28864	0.05561	0.17773	0.00864	0.03602	0.00876	0.01061	0.00628	0.00807	0.00511	0.00371	0.00330	0.00108	0.00508	0.00275	0.00186	0.00476
24	0.00918	0.00910	0.01597	0.15296	0.54034	0.02089	0.14652	0.01178	0.02013	0.01218	0.00761	0.01038	0.00624	0.00363	0.00398	0.00121	0.00501	0.01529	0.00195	0.00564
25	0.00785	0.00728	0.01204	0.36833	0.34758	0.00793	0.00989	0.01015	0.00866	0.01178	0.11887	0.01383	0.05042	0.00454	0.00399	0.00123	0.00434	0.00415	0.00223	0.00490
26	0.00527	0.00376	0.00513	0.00602	0.00649	0.00362	0.00455	0.00634	0.00796	0.01051	0.02107	0.56827	0.02445	0.01163	0.00509	0.00165	0.00272	0.29858	0.00359	0.00330
27	0.01739	0.00660	0.00900	0.00690	0.00990	0.00570	0.00570	0.01889	0.01110	0.84226	0.01529	0.01320	0.00960	0.00480	0.00390	0.00120	0.00330	0.00390	0.00480	0.00660
28	0.00531	0.00396	0.00494	0.00469	0.00568	0.00358	0.00352	0.00697	0.01056	0.01455	0.68129	0.03059	0.19343	0.00830	0.00457	0.00124	0.00186	0.00724	0.00414	0.00358
29	0.01036	0.86609	0.02032	0.00663	0.00995	0.01534	0.00663	0.01161	0.00788	0.00912	0.00539	0.00622	0.00498	0.00332	0.00249	0.00083	0.00415	0.00207	0.00166	0.00498
30	0.01739	0.00660	0.00900	0.00690	0.00990	0.00570	0.00570	0.01889	0.01110	0.84226	0.01529	0.01320	0.00960	0.00480	0.00390	0.00120	0.00330	0.00390	0.00480	0.00660
31	0.01474	0.01086	0.01163	0.00892	0.01202	0.01202	0.00737	0.82664	0.01823	0.02443	0.00931	0.00931	0.00659	0.00465	0.00388	0.00116	0.00427	0.00349	0.00388	0.00659
32	0.00458	0.00393	0.00393	0.00393	0.00524	0.00327	0.00295	0.00556	0.00884	0.01047	0.03927	0.03731	0.83800	0.00982	0.00458	0.00131	0.00196	0.00818	0.00360	0.00327
33	0.00673	0.00337	0.00505	0.00505	0.00505	0.00337	0.00337	0.00505	0.00505	0.00673	0.00673	0.01178	0.00673	0.01347	0.01515	0.88721	0.00337	0.00337	0.00168	0.00168
34	0.00463	0.00385	0.00405	0.00416	0.00531	0.00327	0.00306	0.00560	0.00871	0.01056	0.06296	0.14935	0.70102	0.01007	0.00463	0.00134	0.00200	0.00853	0.00362	0.00327
35	0.00554	0.00415	0.00623	0.00623	0.00692	0.00485	0.00485	0.00692	0.00623	0.00900	0.01038	0.01523	0.00969	0.02908	0.84839	0.00623	0.01038	0.00415	0.00208	0.00346
36	0.00912	0.01036	0.02234	0.01604	0.01977	0.00991	0.78557	0.01227	0.00899	0.01227	0.00771	0.01036	0.00584	0.00344	0.00497	0.00133	0.04808	0.00452	0.00195	0.00518
37	0.00564	0.00376	0.00423	0.00423	0.00423	0.00376	0.00235	0.00564	0.00564	0.00752	0.01222	0.02537	0.01409	0.86375	0.01973	0.00376	0.00376	0.00564	0.00235	0.00235
38	0.00480	0.00353	0.00452	0.00529	0.00572	0.00325	0.00367	0.00559	0.00774	0.01010	0.02405	0.68193	0.14979	0.01170	0.00492	0.00155	0.00229	0.06277	0.00360	0.00320
39	0.00960	0.00910	0.01489	0.02187	0.73893	0.00926	0.01120	0.01295	0.10877	0.01310	0.00832	0.01019	0.00683	0.00367	0.00385	0.00117	0.00442	0.00357	0.00216	0.00614
40	0.01739	0.00660	0.00900	0.00690	0.00990	0.00570	0.00570	0.01889	0.01110	0.84226	0.01529	0.01320	0.00960	0.00480	0.00390	0.00120	0.00330	0.00390	0.00480	0.00660
41	0.00613	0.00422	0.00552	0.00543	0.00641	0.00398	0.00420	0.00807	0.03283	0.04921	0.56026	0.10689	0.04880	0.00858	0.00468	0.00134	0.00224	0.13334	0.00410	0.00378
42	0.00755	0.00710	0.01191	0.75479	0.10095	0.00857	0.01070	0.01008	0.00786	0.01023	0.00693	0.01020	0.00527	0.00381	0.00384	0.00126	0.00505	0.00341	0.00176	0.02871
43	0.03913	0.71128	0.01855	0.00708	0.01001	0.04910	0.00677	0.02397	0.00794	0.00966	0.00545	0.00651	0.00499	0.00369	0.00349	0.00093	0.08260	0.00223	0.00173	0.00489
44	0.07010	0.02459	0.03225	0.01718	0.41567	0.05038	0.17181	0.07722	0.00962	0.02926	0.02272	0.00966	0.00650	0.00363	0.00382	0.00115	0.00483	0.00353	0.00222	0.04386

[dist]
# distance from previous block
# <min> <max>
3	15

[block]
# block no. 1 follows, 70 sequences, length 71
# corresponding to MSA columns:
# 107-177
name=unknown_B
#
# <colnr> <probs for GDERKNQSTAVLIFYWHMCP>
#	G	D	E	R	K	N	Q	S	T	A	V	L	I	F	Y	W	H	M	C	P
0	0.01340	0.00779	0.01065	0.04924	0.06655	0.00775	0.06224	0.22031	0.03022	0.35700	0.08909	0.04608	0.01133	0.00511	0.00404	0.00122	0.00376	0.00437	0.00392	0.00595
1	0.00516	0.00369	0.00483	0.00549	0.00592	0.00351	0.00394	0.00608	0.00786	0.01043	0.08516	0.51589	0.06169	0.10186	0.00655	0.00181	0.00261	0.16083	0.00351	0.00319
2	0.05812	0.00768	0.01131	0.19316	0.23862	0.01849	0.04758	0.04761	0.01775	0.03935	0.03144	0.02716	0.09206	0.00462	0.00411	0.00116	0.03446	0.00399	0.00241	0.11892
3	0.02930	0.02393	0.01259	0.01017	0.01255	0.34673	0.14906	0.15751	0.01111	0.06848	0.00792	0.00941	0.00625	0.01621	0.07979	0.00163	0.04650	0.00334	0.00251	0.00501
4	0.01554	0.00917	0.01054	0.00812	0.01115	0.00956	0.00670	0.49346	0.04680	0.33015	0.01180	0.01096	0.00792	0.00473	0.00389	0.00118	0.00386	0.00368	0.00423	0.00658
5	0.00848	0.00848	0.01187	0.01018	0.01018	0.01187	0.00848	0.00933	0.00594	0.00933	0.00509	0.00848	0.00509	0.00679	0.01272	0.00170	0.85666	0.00339	0.00170	0.00424
6	0.00471	0.00386	0.00415	0.00423	0.00535	0.00330	0.00311	0.00575	0.00890	0.01099	0.12979	0.14268	0.63996	0.00990	0.00463	0.00133	0.00198	0.00841	0.00368	0.00330
7	0.00578	0.00440	0.00538	0.00513	0.00621	0.00423	0.00388	0.00839	0.09567	0.01459	0.58886	0.05757	0.14830	0.00814	0.00454	0.00127	0.00204	0.02770	0.00410	0.00384
8	0.89114	0.00750	0.00570	0.00510	0.00750	0.00870	0.00420	0.01140	0.00660	0.01739	0.00540	0.00630	0.00420	0.00360	0.00240	0.00120	0.00300	0.00210	0.00240	0.00420
9	0.00563	0.00376	0.00425	0.00424	0.00426	0.00376	0.00238	0.00567	0.00575	0.00768	0.02905	0.02544	0.01455	0.84629	0.01942	0.00371	0.00372	0.00567	0.00239	0.00238
10	0.00558	0.00375	0.00432	0.00437	0.00441	0.00377	0.00252	0.00568	0.00576	0.00771	0.01266	0.07195	0.01457	0.78293	0.05163	0.00373	0.00394	0.00588	0.00241	0.00244
11	0.00739	0.00697	0.01176	0.82759	0.05297	0.00863	0.01080	0.00997	0.00779	0.00999	0.00690	0.01031	0.00520	0.00386	0.00387	0.00129	0.00515	0.00345	0.00173	0.00437
12	0.00732	0.00689	0.01163	0.85444	0.02670	0.00861	0.01077	0.00991	0.00775	0.00991	0.00689	0.01034	0.00517	0.00388	0.00388	0.00129	0.00517	0.00345	0.00172	0.00431
13	0.00460	0.00393	0.00395	0.00394	0.00525	0.00328	0.00296	0.00560	0.00888	0.01057	0.05407	0.03715	0.82314	0.00978	0.00458	0.00131	0.00196	0.00816	0.00361	0.00328
14	0.00723	0.00361	0.00361	0.00361	0.00452	0.00361	0.00271	0.00903	0.00813	0.01445	0.01265	0.01445	0.00994	0.00452	0.00271	0.00090	0.00181	0.00361	0.88528	0.00361
15	0.00960	0.00921	0.01574	0.02380	0.83957	0.00921	0.01190	0.01190	0.00883	0.01267	0.00729	0.00960	0.00614	0.00345	0.00384	0.00115	0.00461	0.00345	0.00192	0.00614
16	0.00477	0.00342	0.00454	0.00539	0.00567	0.00319	0.00364	0.00549	0.00756	0.01007	0.04040	0.81305	0.03934	0.01198	0.00494	0.00157	0.00226	0.02596	0.00361	0.00317
17	0.00472	0.00339	0.00449	0.00537	0.00561	0.00315	0.00358	0.00540	0.00745	0.00991	0.02177	0.84292	0.04369	0.01209	0.00494	0.00157	0.00224	0.01096	0.00360	0.00315
18	0.00577	0.00441	0.00633	0.00620	0.00674	0.00519	0.00472	0.00690	0.00611	0.00879	0.01028	0.01634	0.01005	0.16000	0.65506	0.00550	0.07183	0.00433	0.00209	0.00334
19	0.00560	0.00383	0.00462	0.00464	0.00478	0.00395	0.00286	0.00588	0.00579	0.00785	0.01207	0.04199	0.01350	0.68439	0.17868	0.00419	0.00500	0.00547	0.00232	0.00258
20	0.85683	0.00799	0.03824	0.00533	0.00786	0.00871	0.00459	0.01143	0.00666	0.01720	0.00546	0.00637	0.00423	0.00360	0.00245	0.00120	0.00311	0.00213	0.00237	0.00426
21	0.00465	0.00394	0.00402	0.00403	0.00532	0.00331	0.00305	0.00568	0.00891	0.01068	0.06667	0.03717	0.79132	0.00977	0.00460	0.00132	0.00200	0.02664	0.00362	0.00329
22	0.00815	0.00809	0.03951	0.06948	0.44706	0.02573	0.06650	0.01015	0.00830	0.01150	0.01045	0.17606	0.01038	0.03258	0.04865	0.00160	0.00467	0.01382	0.00227	0.00505
23	0.00804	0.00689	0.00804	0.00574	0.00919	0.00517	0.00459	0.00976	0.00804	0.01263	0.00689	0.00804	0.00574	0.00287	0.00287	0.00057	0.00287	0.00230	0.00230	0.88745
24	0.00523	0.00392	0.00485	0.00468	0.00565	0.00354	0.00349	0.00680	0.01027	0.01404	0.60457	0.07758	0.22391	0.00861	0.00460	0.00126	0.00188	0.00751	0.00407	0.00354
25	0.00564	0.00376	0.00423	0.00423	0.00423	0.00376	0.00235	0.00564	0.00564	0.00752	0.01222	0.02537	0.01409	0.86375	0.01973	0.00376	0.00376	0.00564	0.00235	0.00235
26	0.00541	0.00396	0.00508	0.00480	0.00575	0.00363	0.00360	0.00717	0.01080	0.01514	0.77282	0.02964	0.10154	0.00808	0.00457	0.00123	0.00184	0.00711	0.00421	0.00363
27	0.00564	0.00376	0.00423	0.00423	0.00423	0.00376	0.00235	0.00564	0.00564	0.00752	0.01222	0.02537	0.01409	0.86375	0.01973	0.00376	0.00376	0.00564	0.00235	0.00235
28	0.01036	0.86609	0.02032	0.00663	0.00995	0.01534	0.00663	0.01161	0.00788	0.00912	0.00539	0.00622	0.00498	0.00332	0.00249	0.00083	0.00415	0.00207	0.00166	0.00498
29	0.89114	0.00750	0.00570	0.00510	0.00750	0.00870	0.00420	0.01140	0.00660	0.01739	0.00540	0.00630	0.00420	0.00360	0.00240	0.00120	0.00300	0.00210	0.00240	0.00420
30	0.74588	0.02517	0.06811	0.00570	0.00840	0.00863	0.00510	0.01200	0.00706	0.07612	0.00622	0.00693	0.00465	0.00369	0.00260	0.00119	0.00324	0.00228	0.00250	0.00450
31	0.01176	0.00535	0.00719	0.00594	0.00796	0.00473	0.00473	0.01342	0.01104	0.45126	0.40417	0.02065	0.02236	0.00628	0.00422	0.00121	0.00260	0.00537	0.00455	0.00521
32	0.00810	0.00674	0.00783	0.00571	0.00891	0.00528	0.00456	0.02307	0.00818	0.01291	0.00733	0.00854	0.00606	0.00309	0.00304	0.00063	0.01702	0.00243	0.06752	0.79306
33	0.00992	0.00734	0.10262	0.00662	0.00917	0.00552	0.01710	0.02219	0.05324	0.26222	0.21239	0.06277	0.08510	0.00598	0.00403	0.00116	0.00304	0.00508	0.00372	0.12081
34	0.00472	0.00340	0.00448	0.00534	0.00561	0.00315	0.00357	0.00540	0.00748	0.00992	0.02209	0.82819	0.05821	0.01205	0.00493	0.00156	0.00224	0.01091	0.00360	0.00315
35	0.00960	0.00921	0.01574	0.02380	0.83957	0.00921	0.01190	0.01190	0.00883	0.01267	0.00729	0.00960	0.00614	0.00345	0.00384	0.00115	0.00461	0.00345	0.00192	0.00614
36	0.00805	0.00762	0.01293	0.51010	0.31834	0.00861	0.02002	0.01046	0.00814	0.01093	0.00766	0.04608	0.00639	0.00407	0.00392	0.00125	0.00486	0.00378	0.00188	0.00493
37	0.01006	0.10353	0.17384	0.10846	0.15383	0.13484	0.18529	0.05172	0.00936	0.02283	0.00711	0.00888	0.00551	0.00365	0.00378	0.00116	0.00557	0.00330	0.00197	0.00532
38	0.00907	0.00778	0.00825	0.00746	0.00951	0.00887	0.00579	0.01884	0.72939	0.01586	0.07581	0.01673	0.05816	0.00570	0.00402	0.00131	0.00292	0.00478	0.00395	0.00580
39	0.00478	0.00410	0.00412	0.00408	0.00542	0.00352	0.00307	0.00615	0.04083	0.01070	0.03836	0.03642	0.80591	0.00964	0.00456	0.00131	0.00201	0.00803	0.00361	0.00338
40	0.00931	0.00870	0.01297	0.23172	0.14825	0.09652	0.16534	0.03545	0.00907	0.06469	0.02068	0.07164	0.00910	0.03934	0.00478	0.00138	0.00498	0.05887	0.00240	0.00479
41	0.00966	0.01155	0.16644	0.06066	0.22428	0.03822	0.32725	0.01261	0.00900	0.07536	0.00823	0.02426	0.00632	0.00371	0.00411	0.00124	0.00553	0.00391	0.00212	0.00554
42	0.00732	0.00689	0.01163	0.85444	0.02670	0.00861	0.01077	0.00991	0.00775	0.00991	0.00689	0.01034	0.00517	0.00388	0.00388	0.00129	0.00517	0.00345	0.00172	0.00431
43	0.00917	0.00913	0.01509	0.20001	0.53355	0.04545	0.08939	0.01155	0.00872	0.01187	0.00787	0.01030	0.02310	0.00368	0.00392	0.00119	0.00496	0.00362	0.00192	0.00553
44	0.00857	0.03421	0.58517	0.01250	0.05671	0.05914	0.16483	0.01246	0.00856	0.01209	0.00705	0.00857	0.00516	0.00361	0.00382	0.00122	0.00587	0.00317	0.00173	0.00557
45	0.00811	0.00746	0.01162	0.65412	0.11683	0.04198	0.01021	0.01049	0.00821	0.04034	0.01991	0.01142	0.03490	0.00413	0.00389	0.00126	0.00495	0.00364	0.00197	0.00456
46	0.00761	0.00719	0.01215	0.74821	0.13065	0.00869	0.01091	0.01016	0.00789	0.01026	0.00694	0.01024	0.00529	0.00382	0.00387	0.00127	0.00510	0.00345	0.00175	0.00454
47	0.00891	0.03231	0.30751	0.01359	0.01799	0.00961	0.45792	0.05924	0.00927	0.01293	0.00789	0.03020	0.00605	0.00371	0.00419	0.00127	0.00597	0.00402	0.00199	0.00543
48	0.68791	0.04117	0.02488	0.00684	0.05681	0.00885	0.03086	0.02882	0.00711	0.01616	0.00603	0.00745	0.00487	0.02112	0.03686	0.00144	0.00364	0.00245	0.00233	0.00439
49	0.01084	0.01141	0.01359	0.09395	0.39577	0.24659	0.05336	0.02331	0.00939	0.02852	0.00723	0.00919	0.00590	0.00384	0.00407	0.00114	0.03702	0.00326	0.03631	0.00530
50	0.00862	0.00844	0.07143	0.56813	0.10798	0.00881	0.04279	0.05531	0.02701	0.05319	0.00773	0.01029	0.00573	0.00391	0.00389	0.00126	0.00501	0.00350	0.00207	0.00491
51	0.00895	0.25443	0.52444	0.00995	0.03227	0.01061	0.02839	0.01240	0.01900	0.04433	0.00717	0.00846	0.00548	0.00372	0.00341	0.00112	0.00512	0.01339	0.00184	0.00553
52	0.02564	0.10209	0.01165	0.00873	0.01132	0.26487	0.00702	0.31292	0.18784	0.01646	0.00921	0.00934	0.00702	0.00443	0.00361	0.00111	0.00481	0.00321	0.00307	0.00566
53	0.01394	0.00673	0.00866	0.02496	0.02594	0.00641	0.00575	0.07642	0.11087	0.51767	0.06025	0.06954	0.04373	0.00563	0.00403	0.00124	0.00321	0.00470	0.00435	0.00598
54	0.01101	0.01004	0.12028	0.11059	0.17141	0.05040	0.10734	0.04887	0.05828	0.20256	0.03758	0.02816	0.01687	0.00439	0.00397	0.00122	0.00460	0.00394	0.00286	0.00564
55	0.00986	0.06275	0.11364	0.06569	0.07348	0.05856	0.20172	0.06052	0.07020	0.09314	0.09659	0.02409	0.02615	0.00467	0.00405	0.00122	0.00470	0.02097	0.00275	0.00525
56	0.00973	0.00782	0.00852	0.02184	0.00998	0.00886	0.00597	0.01916	0.69553	0.06809	0.08699	0.01557	0.01373	0.00544	0.00400	0.00130	0.00301	0.00457	0.00399	0.00592
57	0.01739	0.00660	0.00900	0.00690	0.00990	0.00570	0.00570	0.01889	0.01110	0.84226	0.01529	0.01320	0.00960	0.00480	0.00390	0.00120	0.00330	0.00390	0.00480	0.00660
58	0.00877	0.00930	0.03003	0.31778	0.19349	0.04184	0.28403	0.01161	0.02436	0.01146	0.00739	0.01009	0.00573	0.00368	0.00428	0.00126	0.02412	0.00380	0.00189	0.00506
59	0.00888	0.00848	0.01445	0.28409	0.58484	0.00902	0.01154	0.01127	0.00849	0.01180	0.00717	0.00983	0.00584	0.00359	0.00385	0.00120	0.00478	0.00345	0.00186	0.00557
60	0.00471	0.00344	0.00443	0.00523	0.00558	0.00316	0.00352	0.00542	0.00759	0.00996	0.02343	0.76626	0.11928	0.01188	0.00491	0.00154	0.00222	0.01069	0.00360	0.00316
61	0.00476	0.00339	0.00449	0.00535	0.00557	0.00317	0.00355	0.00541	0.00735	0.00980	0.02100	0.82771	0.02518	0.04629	0.00554	0.00166	0.00231	0.01081	0.00355	0.00312
62	0.01688	0.00716	0.00906	0.00707	0.00999	0.03968	0.00579	0.01884	0.05316	0.76657	0.01495	0.01301	0.00953	0.00479	0.00388	0.00120	0.00344	0.00387	0.00464	0.00649
63	0.00570	0.00473	0.00637	0.06939	0.07514	0.00458	0.01858	0.00727	0.03498	0.01085	0.04390	0.25997	0.31657	0.02808	0.00497	0.00147	0.00282	0.09764	0.00329	0.00369
64	0.00905	0.01053	0.04311	0.03197	0.01978	0.00987	0.74707	0.01221	0.00893	0.01221	0.00766	0.01030	0.00580	0.00347	0.00496	0.00132	0.05021	0.00445	0.00193	0.00517
65	0.00527	0.00370	0.00485	0.00549	0.00604	0.00345	0.00396	0.00626	0.00818	0.02887	0.09838	0.57260	0.10253	0.01117	0.00491	0.00154	0.00239	0.12339	0.00368	0.00334
66	0.00862	0.00930	0.01867	0.01388	0.01670	0.00943	0.57606	0.02551	0.00854	0.01179	0.00879	0.09308	0.00777	0.00534	0.02534	0.00151	0.14772	0.00498	0.00211	0.00485
67	0.02150	0.01021	0.01347	0.26834	0.29402	0.15987	0.07206	0.05276	0.03401	0.01196	0.00754	0.02322	0.00610	0.00392	0.00385	0.00119	0.00523	0.00350	0.00207	0.00517
68	0.07293	0.02723	0.12555	0.04934	0.15406	0.06246	0.17876	0.05058	0.00900	0.04705	0.00994	0.08781	0.02221	0.01926	0.02313	0.00142	0.01614	0.03571	0.00238	0.00502
69	0.05549	0.03593	0.02712	0.01866	0.05774	0.08696	0.09242	0.07581	0.02768	0.34709	0.05447	0.03407	0.03467	0.00501	0.00393	0.00121	0.00408	0.02854	0.00355	0.00559
70	0.05271	0.16571	0.26930	0.04391	0.03089	0.05182	0.06186	0.05615	0.02738	0.04286	0.02763	0.09608	0.00866	0.00493	0.00388	0.00121	0.02375	0.02388	0.00232	0.00507

[dist]
# distance from previous block
# <min> <max>
6	82

[block]
# block no. 2 follows, 70 sequences, length 19
# corresponding to MSA columns:
# 269-287
name=unknown_C
#
# <colnr> <probs for GDERKNQSTAVLIFYWHMCP>
#	G	D	E	R	K	N	Q	S	T	A	V	L	I	F	Y	W	H	M	C	P
0	0.06718	0.05341	0.08998	0.02570	0.03580	0.04189	0.04119	0.24015	0.10568	0.11585	0.02882	0.04362	0.02187	0.01927	0.00420	0.00125	0.01797	0.02017	0.00322	0.02278
1	0.02657	0.09429	0.12306	0.03071	0.09462	0.08967	0.02165	0.15379	0.07666	0.01402	0.02481	0.02488	0.08745	0.01961	0.00392	0.00114	0.00423	0.00376	0.00265	0.10250
2	0.09578	0.01125	0.15544	0.02361	0.18318	0.06390	0.08511	0.10963	0.11166	0.01448	0.00901	0.05385	0.00738	0.00432	0.00374	0.00119	0.00453	0.00371	0.00252	0.05570
3	0.11552	0.05280	0.02331	0.00966	0.11774	0.10454	0.02896	0.15824	0.06363	0.05442	0.04353	0.01059	0.03413	0.00428	0.00368	0.00107	0.02148	0.00334	0.00279	0.14628
4	0.00925	0.00891	0.04000	0.03809	0.25061	0.06438	0.03158	0.05728	0.07760	0.03901	0.04667	0.02624	0.08053	0.00557	0.01365	0.00131	0.12704	0.03044	0.00259	0.04923
5	0.03567	0.00651	0.00902	0.14431	0.12262	0.00686	0.02447	0.09494	0.05206	0.03137	0.10902	0.09540	0.11058	0.01771	0.03225	0.00148	0.01383	0.05770	0.00302	0.03119
6	0.00611	0.00452	0.00543	0.00523	0.00543	0.00496	0.00343	0.00695	0.05156	0.00864	0.03921	0.06757	0.01418	0.61685	0.05005	0.00330	0.09559	0.00560	0.00249	0.00289
7	0.00807	0.03573	0.01251	0.36239	0.17523	0.00862	0.07986	0.02342	0.08081	0.01170	0.05905	0.02664	0.03287	0.00537	0.03308	0.00143	0.03205	0.00409	0.00226	0.00483
8	0.05000	0.00776	0.01161	0.11199	0.32110	0.00761	0.03762	0.05368	0.00871	0.01284	0.00836	0.07489	0.00746	0.00492	0.03142	0.00122	0.00420	0.00373	0.00226	0.23862
9	0.01030	0.07816	0.06965	0.02958	0.10209	0.16020	0.15934	0.07523	0.04144	0.03987	0.03280	0.03697	0.00778	0.01660	0.05019	0.00151	0.07710	0.00380	0.00234	0.00505
10	0.01075	0.79154	0.01956	0.00683	0.01013	0.01505	0.00670	0.08265	0.00878	0.01046	0.00573	0.00649	0.00512	0.00343	0.00261	0.00086	0.00416	0.00220	0.00185	0.00512
11	0.00826	0.13301	0.66255	0.01064	0.01584	0.00992	0.05662	0.01246	0.03410	0.01198	0.00707	0.00824	0.00519	0.00366	0.00358	0.00118	0.00548	0.00290	0.00173	0.00561
12	0.00590	0.00391	0.00583	0.00583	0.00629	0.00438	0.00434	0.00633	0.00586	0.00829	0.00935	0.01448	0.00893	0.04719	0.57846	0.26769	0.00812	0.00396	0.00197	0.00290
13	0.00929	0.27038	0.15829	0.00944	0.01177	0.01235	0.04292	0.05457	0.00771	0.01072	0.00584	0.00787	0.00514	0.00494	0.00725	0.00131	0.37057	0.00296	0.00180	0.00489
14	0.00472	0.00337	0.00450	0.00540	0.00562	0.00315	0.00360	0.00540	0.00742	0.00990	0.02137	0.86122	0.02564	0.01215	0.00495	0.00157	0.00225	0.01102	0.00360	0.00315
15	0.00808	0.00704	0.00865	0.00618	0.00964	0.00536	0.03833	0.00987	0.00808	0.01262	0.00693	0.00814	0.00575	0.00289	0.00294	0.00060	0.00302	0.00239	0.00228	0.85119
16	0.00909	0.12490	0.34720	0.02957	0.08151	0.08011	0.09376	0.01273	0.07618	0.01178	0.01890	0.00965	0.00644	0.00413	0.00431	0.00121	0.06408	0.01711	0.00199	0.00535
17	0.00523	0.00446	0.00618	0.03612	0.00757	0.00406	0.07529	0.00646	0.00852	0.01076	0.07212	0.28326	0.41512	0.00967	0.00470	0.00140	0.00262	0.03956	0.00342	0.00347
18	0.02721	0.17219	0.15598	0.02774	0.20450	0.05949	0.02174	0.02965	0.04218	0.02656	0.00718	0.00845	0.00579	0.00356	0.00347	0.00100	0.01708	0.00284	0.00208	0.18129

[dist]
# distance from previous block
# <min> <max>
5	10

[block]
# block no. 3 follows, 70 sequences, length 8
# corresponding to MSA columns:
# 298-305
name=unknown_D
#
# <colnr> <probs for GDERKNQSTAVLIFYWHMCP>
#	G	D	E	R	K	N	Q	S	T	A	V	L	I	F	Y	W	H	M	C	P
0	0.09542	0.27329	0.08051	0.02646	0.07369	0.15418	0.00769	0.11933	0.02467	0.01264	0.00677	0.00817	0.00566	0.02077	0.03106	0.00128	0.04841	0.00277	0.00217	0.00505
1	0.01036	0.86609	0.02032	0.00663	0.00995	0.01534	0.00663	0.01161	0.00788	0.00912	0.00539	0.00622	0.00498	0.00332	0.00249	0.00083	0.00415	0.00207	0.00166	0.00498
2	0.10975	0.03717	0.11177	0.04672	0.08358	0.04517	0.12831	0.05152	0.14529	0.07731	0.01102	0.05371	0.02861	0.00479	0.00384	0.00125	0.00434	0.03216	0.00277	0.02092
3	0.00732	0.00689	0.01163	0.85444	0.02670	0.00861	0.01077	0.00991	0.00775	0.00991	0.00689	0.01034	0.00517	0.00388	0.00388	0.00129	0.00517	0.00345	0.00172	0.00431
4	0.00504	0.00387	0.00459	0.00478	0.00568	0.00348	0.00355	0.00621	0.00895	0.01158	0.22715	0.19784	0.36632	0.04664	0.00538	0.00149	0.00222	0.08819	0.00371	0.00333
5	0.00890	0.02901	0.00768	0.00717	0.00867	0.14969	0.00581	0.05805	0.07328	0.06470	0.08256	0.07879	0.09543	0.00802	0.00452	0.00141	0.00378	0.30482	0.00344	0.00428
6	0.01134	0.07413	0.00983	0.00724	0.00990	0.03951	0.00588	0.15951	0.21248	0.15400	0.01292	0.03360	0.05567	0.00489	0.00385	0.00109	0.02237	0.00386	0.00343	0.17450
7	0.02739	0.22427	0.19090	0.00812	0.01144	0.07736	0.02270	0.04203	0.11700	0.12048	0.01067	0.03346	0.03803	0.00457	0.00351	0.00112	0.00430	0.02198	0.00268	0.03799

[dist]
# distance from previous block
# <min> <max>
8	16

[block]
# block no. 4 follows, 70 sequences, length 85
# corresponding to MSA columns:
# 322-329,331-407
name=unknown_E
#
# <colnr> <probs for GDERKNQSTAVLIFYWHMCP>
#	G	D	E	R	K	N	Q	S	T	A	V	L	I	F	Y	W	H	M	C	P
0	0.02463	0.67873	0.06715	0.00685	0.01007	0.02812	0.00686	0.01172	0.00814	0.04755	0.00748	0.00906	0.02568	0.00390	0.00281	0.00093	0.00412	0.03528	0.01598	0.00495
1	0.06254	0.10500	0.31649	0.04690	0.01231	0.01953	0.00907	0.04376	0.02729	0.02408	0.05489	0.04943	0.07750	0.00596	0.02970	0.00141	0.10303	0.00395	0.00229	0.00486
2	0.04145	0.00392	0.00481	0.00506	0.00580	0.00365	0.00357	0.00671	0.00845	0.04924	0.20436	0.42758	0.14874	0.05056	0.00549	0.01259	0.00228	0.00866	0.00367	0.00342
3	0.14390	0.49601	0.12051	0.00781	0.01123	0.06422	0.05754	0.02506	0.02316	0.01137	0.00603	0.00698	0.00506	0.00350	0.00286	0.00099	0.00447	0.00242	0.00188	0.00498
4	0.58920	0.11713	0.00813	0.00585	0.00812	0.07408	0.00482	0.03480	0.01613	0.01506	0.00662	0.04207	0.00584	0.04314	0.00358	0.00128	0.01475	0.00273	0.00237	0.00428
5	0.00483	0.00392	0.00433	0.00431	0.00545	0.00341	0.00321	0.00599	0.00912	0.01149	0.21209	0.07811	0.58588	0.01031	0.03881	0.00150	0.00229	0.00791	0.00368	0.00336
6	0.01078	0.75321	0.01903	0.00698	0.01016	0.09650	0.00669	0.02395	0.00834	0.00945	0.00554	0.00638	0.00502	0.00339	0.00261	0.00085	0.00440	0.00214	0.00174	0.02285
7	0.00515	0.00399	0.00475	0.00524	0.00597	0.00378	0.00371	0.00683	0.07885	0.01066	0.02602	0.52675	0.25856	0.01084	0.00477	0.00148	0.00228	0.03330	0.00363	0.00345
8	0.01129	0.43447	0.15026	0.02823	0.01199	0.20110	0.00815	0.04603	0.01858	0.04832	0.00654	0.00734	0.00533	0.00369	0.00308	0.00098	0.00502	0.00250	0.00199	0.00513
9	0.01230	0.01100	0.07790	0.02301	0.09312	0.05671	0.00805	0.38901	0.22855	0.04428	0.01058	0.01060	0.00777	0.00457	0.00386	0.00120	0.00424	0.00363	0.00342	0.00621
10	0.00505	0.00397	0.00438	0.00427	0.00548	0.00342	0.00321	0.00628	0.00947	0.02550	0.26856	0.04708	0.58122	0.00923	0.00457	0.00129	0.00195	0.00782	0.00381	0.00344
11	0.01221	0.48553	0.01613	0.00814	0.01086	0.38927	0.00702	0.01335	0.00927	0.00929	0.00566	0.00657	0.00498	0.00362	0.00294	0.00091	0.00542	0.00226	0.00181	0.00476
12	0.00783	0.00662	0.00771	0.00561	0.00876	0.00505	0.00440	0.00941	0.00783	0.01219	0.00735	0.00953	0.00646	0.07692	0.00432	0.00085	0.00295	0.00258	0.00230	0.81132
13	0.03509	0.00905	0.01109	0.01848	0.13630	0.09258	0.04517	0.11085	0.09008	0.39289	0.01184	0.01138	0.00813	0.00443	0.00385	0.00118	0.00412	0.00367	0.00367	0.00613
14	0.01474	0.01086	0.01163	0.00892	0.01202	0.01202	0.00737	0.82664	0.01823	0.02443	0.00931	0.00931	0.00659	0.00465	0.00388	0.00116	0.00427	0.00349	0.00388	0.00659
15	0.00987	0.01085	0.17680	0.04443	0.41122	0.01834	0.04600	0.01248	0.00886	0.10386	0.00805	0.00955	0.00617	0.00359	0.00372	0.00111	0.00460	0.00328	0.00222	0.11498
16	0.00839	0.10737	0.72829	0.01044	0.01582	0.00954	0.01322	0.01245	0.00826	0.04172	0.00709	0.00816	0.00509	0.00369	0.00357	0.00119	0.00548	0.00282	0.00175	0.00568
17	0.00564	0.00376	0.00423	0.00423	0.00423	0.00376	0.00235	0.00564	0.00564	0.00752	0.01222	0.02537	0.01409	0.86375	0.01973	0.00376	0.00376	0.00564	0.00235	0.00235
18	0.02744	0.20235	0.23246	0.00892	0.04541	0.06093	0.01830	0.05685	0.02917	0.21036	0.00981	0.06481	0.00771	0.00451	0.00355	0.00114	0.00442	0.00355	0.00275	0.00556
19	0.01007	0.01609	0.48912	0.02182	0.07365	0.08398	0.03384	0.10160	0.01814	0.08314	0.00829	0.01932	0.00612	0.00408	0.00378	0.00121	0.00532	0.01241	0.00228	0.00573
20	0.00472	0.00337	0.00450	0.00540	0.00562	0.00315	0.00360	0.00540	0.00742	0.00990	0.02137	0.86122	0.02564	0.01215	0.00495	0.00157	0.00225	0.01102	0.00360	0.00315
21	0.00818	0.00698	0.00821	0.02584	0.00967	0.00541	0.00481	0.02911	0.00827	0.01285	0.00695	0.00812	0.00575	0.00294	0.00292	0.00061	0.00296	0.00235	0.00232	0.84575
22	0.00743	0.00649	0.00920	0.01243	0.31701	0.03833	0.00701	0.02096	0.01876	0.02663	0.03666	0.31492	0.11556	0.00781	0.00440	0.00135	0.00339	0.04420	0.00296	0.00451
23	0.02493	0.00967	0.07390	0.00808	0.01121	0.02806	0.00700	0.30948	0.11134	0.33129	0.01197	0.01118	0.00814	0.00463	0.00382	0.00118	0.00387	0.00363	0.00395	0.03266
24	0.00952	0.00795	0.00848	0.00763	0.00974	0.00907	0.00592	0.03002	0.73453	0.03562	0.05166	0.03480	0.02658	0.00559	0.00400	0.00131	0.00300	0.00469	0.00396	0.00593
25	0.00915	0.01046	0.02288	0.01634	0.02026	0.00980	0.82549	0.01242	0.00915	0.01242	0.00784	0.01046	0.00588	0.00327	0.00458	0.00131	0.00654	0.00458	0.00196	0.00523
26	0.00554	0.00415	0.00619	0.00619	0.00687	0.00482	0.00479	0.00690	0.00622	0.00897	0.01042	0.01544	0.00978	0.04617	0.83142	0.00618	0.01025	0.00418	0.00208	0.00344
27	0.00637	0.00521	0.00816	0.00785	0.00918	0.00505	0.11992	0.00838	0.02990	0.01157	0.03134	0.12527	0.11597	0.00955	0.00507	0.00162	0.00362	0.48881	0.00337	0.00379
28	0.00547	0.00402	0.00445	0.00440	0.00563	0.00345	0.00328	0.00655	0.00908	0.05972	0.13893	0.13304	0.58909	0.00956	0.00458	0.00132	0.00206	0.00812	0.00376	0.00350
29	0.00475	0.00341	0.00452	0.00534	0.00562	0.00318	0.00359	0.00549	0.00762	0.01017	0.05893	0.80272	0.04651	0.01190	0.00492	0.00155	0.00222	0.01077	0.00363	0.00318
30	0.01368	0.01082	0.01079	0.00864	0.01131	0.10880	0.00699	0.59311	0.04538	0.04581	0.00936	0.00987	0.00694	0.00676	0.07130	0.02254	0.00498	0.00347	0.00349	0.00597
31	0.01129	0.00908	0.01143	0.00959	0.02127	0.08225	0.07270	0.03237	0.16944	0.18843	0.01924	0.01095	0.00782	0.00547	0.00729	0.00140	0.32803	0.00375	0.00292	0.00528
32	0.00595	0.00375	0.00498	0.00558	0.00608	0.00349	0.00383	0.01785	0.00789	0.08169	0.02068	0.77657	0.02400	0.01141	0.00484	0.00154	0.00237	0.01030	0.00371	0.00349
33	0.00732	0.00689	0.01163	0.85444	0.02670	0.00861	0.01077	0.00991	0.00775	0.00991	0.00689	0.01034	0.00517	0.00388	0.00388	0.00129	0.00517	0.00345	0.00172	0.00431
34	0.00525	0.00381	0.00489	0.00559	0.00601	0.00367	0.00383	0.03751	0.02668	0.01065	0.02118	0.77474	0.04370	0.01162	0.00488	0.00155	0.00236	0.02511	0.00362	0.00336
35	0.00844	0.00804	0.01366	0.44431	0.42805	0.00891	0.01133	0.01089	0.00828	0.01127	0.00709	0.00997	0.00565	0.00367	0.00386	0.00122	0.00489	0.00345	0.00182	0.00521
36	0.01474	0.01086	0.01163	0.00892	0.01202	0.01202	0.00737	0.82664	0.01823	0.02443	0.00931	0.00931	0.00659	0.00465	0.00388	0.00116	0.00427	0.00349	0.00388	0.00659
37	0.00732	0.00689	0.01163	0.85444	0.02670	0.00861	0.01077	0.00991	0.00775	0.00991	0.00689	0.01034	0.00517	0.00388	0.00388	0.00129	0.00517	0.00345	0.00172	0.00431
38	0.00472	0.00337	0.00450	0.00540	0.00562	0.00315	0.00360	0.00540	0.00742	0.00990	0.02137	0.86122	0.02564	0.01215	0.00495	0.00157	0.00225	0.01102	0.00360	0.00315
39	0.00732	0.00689	0.01163	0.85444	0.02670	0.00861	0.01077	0.00991	0.00775	0.00991	0.00689	0.01034	0.00517	0.00388	0.00388	0.00129	0.00517	0.00345	0.00172	0.00431
40	0.00603	0.00431	0.00600	0.00689	0.00769	0.00427	0.00587	0.00765	0.00871	0.01136	0.02065	0.16120	0.02279	0.01092	0.00530	0.00175	0.00338	0.69816	0.00357	0.00351
41	0.89114	0.00750	0.00570	0.00510	0.00750	0.00870	0.00420	0.01140	0.00660	0.01739	0.00540	0.00630	0.00420	0.00360	0.00240	0.00120	0.00300	0.00210	0.00240	0.00420
42	0.00555	0.00412	0.00605	0.00605	0.00668	0.00475	0.00462	0.00681	0.00618	0.00887	0.01055	0.01614	0.01009	0.10412	0.77389	0.00601	0.00979	0.00429	0.00210	0.00336
43	0.01199	0.00972	0.01074	0.07719	0.01263	0.03189	0.02598	0.40273	0.33879	0.01936	0.01155	0.01140	0.00849	0.00478	0.00391	0.00123	0.00399	0.00384	0.00364	0.00614
44	0.00965	0.00873	0.01469	0.03910	0.73386	0.00871	0.01112	0.01187	0.00896	0.05033	0.02742	0.01141	0.02375	0.00389	0.00390	0.00117	0.00442	0.01889	0.00216	0.00596
45	0.00869	0.12954	0.63031	0.01047	0.01550	0.04498	0.03923	0.03654	0.02804	0.01221	0.00702	0.00813	0.00517	0.00370	0.00356	0.00117	0.00550	0.00286	0.00179	0.00560
46	0.00915	0.01046	0.02288	0.01634	0.02026	0.00980	0.82549	0.01242	0.00915	0.01242	0.00784	0.01046	0.00588	0.00327	0.00458	0.00131	0.00654	0.00458	0.00196	0.00523
47	0.00472	0.00337	0.00450	0.00540	0.00562	0.00315	0.00360	0.00540	0.00742	0.00990	0.02137	0.86122	0.02564	0.01215	0.00495	0.00157	0.00225	0.01102	0.00360	0.00315
48	0.00828	0.05681	0.65059	0.03102	0.04867	0.03356	0.09339	0.01228	0.00836	0.01203	0.00696	0.00839	0.00507	0.00363	0.00372	0.00121	0.00572	0.00302	0.00169	0.00559
49	0.02499	0.03060	0.16906	0.01037	0.05007	0.17524	0.08772	0.07984	0.14160	0.12463	0.02300	0.01028	0.00746	0.00437	0.00421	0.00120	0.04355	0.00348	0.00278	0.00556
50	0.00493	0.00369	0.00462	0.00521	0.00583	0.00338	0.00376	0.00591	0.00824	0.01070	0.09239	0.49377	0.22457	0.01106	0.00488	0.00151	0.00230	0.10632	0.00365	0.00327
51	0.00564	0.00376	0.00426	0.00426	0.00427	0.00377	0.00239	0.00566	0.00565	0.00754	0.01219	0.02522	0.01403	0.85143	0.03197	0.00380	0.00386	0.00562	0.00235	0.00237
52	0.00829	0.00708	0.00825	0.00612	0.01934	0.00556	0.00481	0.03132	0.03937	0.01307	0.00729	0.00833	0.00600	0.00301	0.00295	0.00062	0.00294	0.00242	0.00240	0.82081
53	0.01214	0.39804	0.04023	0.02137	0.02404	0.37901	0.00739	0.03783	0.02913	0.01007	0.00612	0.00702	0.00521	0.00372	0.00308	0.00095	0.00544	0.00242	0.00193	0.00487
54	0.03917	0.01033	0.01130	0.00912	0.04518	0.01118	0.00720	0.69431	0.01657	0.02266	0.00889	0.00911	0.00643	0.00441	0.00374	0.00111	0.00411	0.00334	0.00361	0.08825
55	0.00613	0.00464	0.00668	0.02457	0.03245	0.00463	0.02453	0.00776	0.00871	0.01143	0.05190	0.16248	0.05998	0.01020	0.00524	0.00167	0.01592	0.55399	0.00345	0.00363
56	0.00981	0.63991	0.20842	0.00792	0.01179	0.02606	0.02782	0.01184	0.00802	0.00993	0.00582	0.00678	0.00498	0.00341	0.00283	0.00093	0.00461	0.00232	0.00167	0.00515
57	0.00564	0.00376	0.00423	0.00423	0.00423	0.00376	0.00235	0.00564	0.00564	0.00752	0.01222	0.02537	0.01409	0.86375	0.01973	0.00376	0.00376	0.00564	0.00235	0.00235
58	0.01474	0.01086	0.01163	0.00892	0.01202	0.01202	0.00737	0.82664	0.01823	0.02443	0.00931	0.00931	0.00659	0.00465	0.00388	0.00116	0.00427	0.00349	0.00388	0.00659
59	0.00911	0.00872	0.01487	0.19935	0.66777	0.00908	0.01166	0.01148	0.00860	0.01208	0.00721	0.00975	0.00594	0.00354	0.00385	0.00118	0.00472	0.00345	0.00188	0.00575
60	0.00564	0.00376	0.00423	0.00423	0.00423	0.00376	0.00235	0.00564	0.00564	0.00752	0.01222	0.02537	0.01409	0.86375	0.01973	0.00376	0.00376	0.00564	0.00235	0.00235
61	0.00915	0.01046	0.02288	0.01634	0.02026	0.00980	0.82549	0.01242	0.00915	0.01242	0.00784	0.01046	0.00588	0.00327	0.00458	0.00131	0.00654	0.00458	0.00196	0.00523
62	0.00458	0.00393	0.00393	0.00393	0.00524	0.00327	0.00295	0.00556	0.00884	0.01047	0.03927	0.03731	0.83800	0.00982	0.00458	0.00131	0.00196	0.00818	0.00360	0.00327
63	0.00992	0.28305	0.12512	0.02736	0.09485	0.08396	0.28631	0.02476	0.00887	0.01127	0.00675	0.00842	0.00542	0.00345	0.00361	0.00110	0.00547	0.00324	0.00185	0.00524
64	0.00709	0.00645	0.02557	0.09400	0.01305	0.00627	0.20823	0.00937	0.00885	0.01165	0.01581	0.03160	0.01626	0.00808	0.00499	0.00161	0.00450	0.51959	0.00296	0.00409
65	0.00547	0.00395	0.00517	0.00489	0.00579	0.00365	0.00366	0.00728	0.01090	0.01543	0.82081	0.04600	0.03636	0.00801	0.00458	0.00123	0.00184	0.00709	0.00425	0.00365
66	0.00992	0.00938	0.01804	0.07349	0.35317	0.00913	0.37053	0.01260	0.00909	0.08373	0.00820	0.01033	0.00626	0.00352	0.00417	0.00123	0.00538	0.00399	0.00217	0.00566
67	0.00846	0.00820	0.01437	0.42296	0.37785	0.00897	0.08133	0.01098	0.00834	0.01132	0.00715	0.01003	0.00565	0.00364	0.00392	0.00123	0.00504	0.00355	0.00183	0.00518
68	0.00732	0.00689	0.01163	0.85444	0.02670	0.00861	0.01077	0.00991	0.00775	0.00991	0.00689	0.01034	0.00517	0.00388	0.00388	0.00129	0.00517	0.00345	0.00172	0.00431
69	0.01448	0.01848	0.01099	0.00999	0.01199	0.84819	0.00749	0.01548	0.01099	0.00949	0.00599	0.00699	0.00499	0.00400	0.00350	0.00100	0.00699	0.00250	0.00200	0.00449
70	0.00615	0.00399	0.00495	0.00485	0.00516	0.00412	0.00313	0.00656	0.00603	0.04584	0.01190	0.02227	0.01278	0.61497	0.22723	0.00426	0.00540	0.00519	0.00239	0.00282
71	0.00542	0.00380	0.00489	0.00508	0.00533	0.00396	0.00336	0.00598	0.00618	0.00846	0.01354	0.19417	0.01513	0.43541	0.26810	0.00406	0.00546	0.00629	0.00252	0.00285
72	0.00996	0.00848	0.00894	0.00795	0.01020	0.00979	0.00621	0.07007	0.78259	0.01672	0.01538	0.01415	0.01151	0.00522	0.00394	0.00131	0.00314	0.00433	0.00394	0.00616
73	0.00915	0.01046	0.02288	0.01634	0.02026	0.00980	0.82549	0.01242	0.00915	0.01242	0.00784	0.01046	0.00588	0.00327	0.00458	0.00131	0.00654	0.00458	0.00196	0.00523
74	0.00910	0.00874	0.01500	0.20098	0.64941	0.00910	0.02816	0.01148	0.00860	0.01207	0.00722	0.00977	0.00593	0.00354	0.00386	0.00118	0.00476	0.00348	0.00188	0.00573
75	0.00476	0.00343	0.00451	0.00531	0.00562	0.00318	0.00358	0.00551	0.00768	0.01024	0.06783	0.78255	0.05781	0.01182	0.00491	0.00154	0.00221	0.01069	0.00364	0.00318
76	0.00584	0.00425	0.00574	0.00654	0.00738	0.00414	0.00550	0.00738	0.00870	0.01123	0.02270	0.16178	0.11197	0.01082	0.00521	0.00170	0.00320	0.60887	0.00358	0.00348
77	0.09011	0.13534	0.01180	0.00926	0.04044	0.48940	0.00707	0.05800	0.08257	0.03137	0.00716	0.00784	0.00576	0.00401	0.00334	0.00104	0.00558	0.00269	0.00232	0.00490
78	0.00848	0.00543	0.00661	0.00586	0.00743	0.00532	0.00456	0.08587	0.09670	0.14095	0.42500	0.06216	0.09672	0.00729	0.00438	0.00126	0.00248	0.02474	0.00417	0.00457
79	0.05134	0.00860	0.00919	0.00782	0.01025	0.00965	0.00622	0.21505	0.50562	0.07710	0.04702	0.01334	0.01106	0.00511	0.00388	0.00126	0.00332	0.00413	0.00393	0.00609
80	0.80331	0.03757	0.00655	0.00547	0.00788	0.06420	0.00450	0.01167	0.00693	0.01659	0.00544	0.00634	0.00428	0.00362	0.00247	0.00117	0.00330	0.00212	0.00235	0.00424
81	0.00655	0.00478	0.00639	0.00718	0.03959	0.00480	0.00560	0.00880	0.07376	0.03135	0.05691	0.13454	0.06524	0.05354	0.02510	0.00183	0.00341	0.46329	0.00351	0.00382
82	0.12981	0.23075	0.07558	0.00857	0.01070	0.08996	0.02561	0.04665	0.01814	0.01150	0.00585	0.00759	0.00510	0.00469	0.00624	0.00124	0.29165	0.00277	0.00195	0.02565
83	0.12157	0.45135	0.15346	0.00811	0.04736	0.03745	0.00779	0.03175	0.00846	0.09133	0.00680	0.00747	0.00540	0.00361	0.00293	0.00100	0.00429	0.00249	0.00212	0.00523
84	0.38408	0.22551	0.05907	0.00718	0.02014	0.10727	0.02110	0.05152	0.03209	0.02628	0.00670	0.00817	0.00553	0.00390	0.00290	0.00111	0.00407	0.02633	0.00229	0.00475

[dist]
# distance from previous block
# <min> <max>
0	11

[block]
# block no. 5 follows, 70 sequences, length 9
# corresponding to MSA columns:
# 419-427
name=unknown_F
#
# <colnr> <probs for GDERKNQSTAVLIFYWHMCP>
#	G	D	E	R	K	N	Q	S	T	A	V	L	I	F	Y	W	H	M	C	P
0	0.04740	0.00660	0.03207	0.00721	0.05540	0.00621	0.01675	0.09753	0.09963	0.05965	0.27844	0.04661	0.10905	0.00666	0.01562	0.00125	0.00296	0.01628	0.00357	0.09111
1	0.04904	0.02743	0.02408	0.04702	0.03826	0.09027	0.00628	0.15480	0.23607	0.03721	0.07362	0.01632	0.13981	0.00621	0.02296	0.00134	0.01626	0.00454	0.00333	0.00515
2	0.14893	0.03355	0.01199	0.27577	0.22145	0.08937	0.02570	0.08630	0.04764	0.01338	0.00728	0.00918	0.00569	0.00385	0.00358	0.00119	0.00468	0.00318	0.00221	0.00509
3	0.00797	0.00738	0.01218	0.70470	0.13432	0.00885	0.01076	0.04792	0.00838	0.01094	0.00706	0.01019	0.00536	0.00386	0.00387	0.00127	0.00505	0.00345	0.00185	0.00466
4	0.00491	0.00390	0.00441	0.00437	0.00546	0.00340	0.00324	0.00616	0.00946	0.01218	0.31429	0.10043	0.49536	0.00935	0.00461	0.00130	0.00194	0.00800	0.00383	0.00340
5	0.01577	0.00837	0.03800	0.00764	0.01069	0.00783	0.00647	0.28551	0.01335	0.51433	0.04211	0.01230	0.00940	0.00482	0.00391	0.00119	0.00365	0.00384	0.00437	0.00646
6	0.70368	0.00862	0.00693	0.00597	0.00846	0.05419	0.00488	0.14232	0.00870	0.01810	0.00606	0.00682	0.00463	0.00379	0.00270	0.00118	0.00342	0.00234	0.00261	0.00460
7	0.00938	0.21482	0.21033	0.04121	0.04383	0.01096	0.27393	0.05199	0.08337	0.01245	0.00779	0.00920	0.00600	0.00365	0.00373	0.00116	0.00525	0.00344	0.00208	0.00543
