[name]
unknown

[dist]
# distance from previous block
# <min> <max>
0	906

[block]
# block no. 0 follows, 54 sequences, length 20
# corresponding to MSA columns:
# 907-926
name=unknown_A
#
# <colnr> <probs for GDERKNQSTAVLIFYWHMCP>
#	G	D	E	R	K	N	Q	S	T	A	V	L	I	F	Y	W	H	M	C	P
0	0.06868	0.14988	0.13460	0.02861	0.10419	0.11702	0.01005	0.13061	0.03869	0.08110	0.01154	0.03650	0.02511	0.00558	0.00436	0.00140	0.00553	0.03686	0.00318	0.00652
1	0.01148	0.09021	0.12086	0.04532	0.21728	0.06765	0.04826	0.04601	0.10296	0.04068	0.05490	0.06409	0.01156	0.00647	0.02783	0.00160	0.00557	0.00488	0.00305	0.02933
2	0.01070	0.05936	0.09776	0.05151	0.15489	0.04634	0.07516	0.07127	0.03550	0.04587	0.07145	0.04447	0.14022	0.00679	0.00509	0.00148	0.01966	0.03117	0.00333	0.02798
3	0.00780	0.00747	0.03538	0.00772	0.02397	0.09031	0.00568	0.00972	0.04393	0.01392	0.16619	0.40569	0.10776	0.01125	0.00568	0.00168	0.01829	0.00983	0.02326	0.00450
4	0.06825	0.01626	0.30542	0.05136	0.01808	0.01191	0.09940	0.24285	0.06145	0.06407	0.01051	0.01145	0.00749	0.00497	0.00462	0.00149	0.00595	0.00410	0.00328	0.00709
5	0.01110	0.09488	0.16315	0.07080	0.22252	0.09395	0.06674	0.01389	0.01062	0.04265	0.03946	0.11226	0.01127	0.00641	0.01872	0.00156	0.00591	0.00520	0.00272	0.00621
6	0.01652	0.00979	0.01111	0.00888	0.01199	0.03760	0.00722	0.27869	0.04686	0.32009	0.05374	0.01833	0.09994	0.00715	0.01851	0.00156	0.02045	0.00528	0.01918	0.00712
7	0.00641	0.00463	0.00613	0.06879	0.00841	0.00463	0.00472	0.00721	0.00847	0.01124	0.02120	0.49078	0.02482	0.26411	0.01143	0.00271	0.00364	0.04328	0.00374	0.00366
8	0.00959	0.11856	0.19648	0.07861	0.02796	0.04162	0.02091	0.04083	0.03904	0.03839	0.05366	0.23219	0.06714	0.00807	0.00488	0.00154	0.00479	0.00688	0.00329	0.00558
9	0.23720	0.10504	0.07424	0.01319	0.17532	0.01100	0.06078	0.05018	0.01056	0.13980	0.00993	0.01128	0.00756	0.00694	0.06623	0.00187	0.00556	0.00377	0.00309	0.00644
10	0.00583	0.00414	0.00545	0.00646	0.00671	0.00389	0.00426	0.00659	0.00886	0.01181	0.02513	0.76988	0.03011	0.07758	0.00740	0.00212	0.00288	0.01290	0.00426	0.00376
11	0.05985	0.00909	0.01205	0.00985	0.04663	0.00853	0.03007	0.13170	0.01429	0.60264	0.01631	0.01469	0.01053	0.00562	0.00467	0.00145	0.00435	0.00457	0.00529	0.00781
12	0.06873	0.16120	0.22832	0.03259	0.10176	0.09588	0.03547	0.07312	0.07165	0.05890	0.02397	0.01104	0.00795	0.00479	0.00423	0.00137	0.00581	0.00372	0.00284	0.00665
13	0.00894	0.00640	0.00637	0.00615	0.00730	0.08033	0.00453	0.02580	0.01059	0.03105	0.16249	0.08836	0.10339	0.00987	0.02299	0.12888	0.00344	0.00633	0.28257	0.00421
14	0.00946	0.02439	0.80987	0.01344	0.02041	0.01095	0.01742	0.01493	0.00995	0.01493	0.00846	0.00995	0.00597	0.00448	0.00448	0.00149	0.00697	0.00348	0.00199	0.00697
15	0.01041	0.14950	0.11679	0.01316	0.11368	0.02813	0.15035	0.06150	0.02702	0.01571	0.15956	0.06739	0.03609	0.02398	0.00522	0.00150	0.00519	0.00566	0.00317	0.00598
16	0.02892	0.20494	0.34022	0.02819	0.11035	0.02823	0.06791	0.04448	0.01081	0.04480	0.04262	0.01115	0.00819	0.00464	0.00428	0.00137	0.00600	0.00377	0.00248	0.00665
17	0.00692	0.00517	0.00671	0.00724	0.00838	0.00504	0.00590	0.00901	0.03085	0.01419	0.13509	0.12145	0.18681	0.01405	0.06810	0.00233	0.00412	0.35999	0.00434	0.00430
18	0.05628	0.20503	0.31242	0.01121	0.01621	0.05999	0.06728	0.07635	0.01123	0.06460	0.00879	0.00988	0.00663	0.00446	0.00409	0.00130	0.00593	0.00342	0.00261	0.07229
19	0.01148	0.05893	0.19246	0.01673	0.24757	0.01046	0.10539	0.05374	0.03405	0.08065	0.09702	0.04684	0.01256	0.00551	0.00481	0.00146	0.00547	0.00503	0.00311	0.00674

[dist]
# distance from previous block
# <min> <max>
0	2

[block]
# block no. 1 follows, 54 sequences, length 64
# corresponding to MSA columns:
# 929-967,969-993
name=unknown_B
#
# <colnr> <probs for GDERKNQSTAVLIFYWHMCP>
#	G	D	E	R	K	N	Q	S	T	A	V	L	I	F	Y	W	H	M	C	P
0	0.01251	0.00637	0.00804	0.00684	0.00912	0.00574	0.00539	0.03563	0.02964	0.32397	0.27191	0.04508	0.18285	0.00846	0.00516	0.00150	0.00307	0.00717	0.02566	0.00589
1	0.01030	0.22456	0.59423	0.01201	0.01813	0.01287	0.01484	0.01501	0.03139	0.01412	0.00828	0.00957	0.00622	0.00442	0.00413	0.00138	0.00640	0.00330	0.00207	0.00676
2	0.01117	0.03202	0.09227	0.22163	0.39642	0.05360	0.01304	0.01409	0.01063	0.04651	0.03191	0.01335	0.03320	0.00485	0.00465	0.00144	0.00579	0.00435	0.00252	0.00655
3	0.01165	0.32373	0.28379	0.01351	0.07961	0.01382	0.14382	0.01501	0.01024	0.05144	0.00845	0.00996	0.00659	0.00427	0.00415	0.00132	0.00617	0.00359	0.00228	0.00661
4	0.01084	0.00602	0.00766	0.00667	0.00859	0.00556	0.00520	0.03451	0.03808	0.22095	0.46933	0.02933	0.09368	0.00850	0.00523	0.00148	0.00282	0.00732	0.03271	0.00552
5	0.01098	0.06863	0.62817	0.01297	0.01912	0.08843	0.03399	0.03987	0.01075	0.03255	0.00858	0.00993	0.00621	0.00455	0.00442	0.00144	0.00691	0.00349	0.00222	0.00682
6	0.00792	0.00822	0.05480	0.02354	0.06690	0.03940	0.09223	0.02801	0.01087	0.01391	0.08748	0.15638	0.33835	0.02328	0.00597	0.00166	0.02405	0.00843	0.00375	0.00486
7	0.00712	0.00527	0.00704	0.00696	0.00769	0.00583	0.00509	0.02886	0.02481	0.01130	0.01551	0.06272	0.05051	0.24122	0.48030	0.00586	0.02087	0.00613	0.00289	0.00401
8	0.00938	0.00889	0.01494	0.67212	0.15326	0.01072	0.01322	0.01241	0.00956	0.01255	0.00839	0.01236	0.00647	0.00475	0.00505	0.00156	0.03247	0.00419	0.00213	0.00559
9	0.00738	0.00548	0.00597	0.00621	0.00743	0.03723	0.00451	0.00850	0.01035	0.07309	0.03419	0.36831	0.36721	0.01239	0.00567	0.00172	0.00296	0.03270	0.00441	0.00430
10	0.01267	0.05026	0.01764	0.10307	0.47973	0.08280	0.02921	0.10417	0.04556	0.01635	0.00931	0.01153	0.00751	0.00456	0.00459	0.00140	0.00582	0.00410	0.00268	0.00704
11	0.01064	0.00967	0.02590	0.05977	0.41379	0.03814	0.03655	0.01332	0.03597	0.05722	0.03494	0.12307	0.08836	0.00686	0.00502	0.00153	0.00490	0.02488	0.00317	0.00632
12	0.00996	0.00752	0.00869	0.00835	0.01015	0.00813	0.00646	0.02990	0.36997	0.06114	0.08693	0.17772	0.02194	0.04296	0.00614	0.00185	0.00359	0.12806	0.00466	0.00589
13	0.01239	0.01235	0.07398	0.03654	0.15525	0.02351	0.30538	0.08811	0.09853	0.07502	0.02797	0.02597	0.00943	0.00504	0.00535	0.00154	0.02860	0.00505	0.00316	0.00684
14	0.06272	0.03110	0.01162	0.00926	0.06214	0.00850	0.02365	0.10394	0.02239	0.04367	0.00908	0.01028	0.00725	0.00406	0.00395	0.00096	0.01675	0.00321	0.00309	0.56235
15	0.00710	0.00512	0.00610	0.00601	0.00737	0.00466	0.00460	0.02535	0.01168	0.04602	0.28326	0.09478	0.33737	0.04236	0.00636	0.00175	0.00279	0.09830	0.00464	0.00437
16	0.00676	0.00496	0.00710	0.00709	0.00779	0.00562	0.00530	0.00815	0.00759	0.01081	0.03232	0.02119	0.01357	0.18094	0.65097	0.00688	0.01090	0.00547	0.00265	0.00397
17	0.01215	0.10351	0.24511	0.04336	0.15482	0.04475	0.04501	0.04977	0.03635	0.11625	0.02576	0.06021	0.03132	0.00556	0.00459	0.00144	0.00559	0.00469	0.00305	0.00670
18	0.01151	0.06232	0.14904	0.10998	0.37622	0.04667	0.04123	0.05389	0.06054	0.01545	0.00963	0.02546	0.00780	0.00471	0.00459	0.00143	0.00590	0.00421	0.00255	0.00689
19	0.00890	0.00838	0.01414	0.82296	0.03247	0.01048	0.01309	0.01205	0.00943	0.01205	0.00838	0.01257	0.00629	0.00471	0.00471	0.00157	0.00629	0.00419	0.00210	0.00524
20	0.02576	0.20189	0.01641	0.35554	0.06030	0.05814	0.03091	0.08926	0.01085	0.01383	0.00861	0.01150	0.00698	0.00754	0.08190	0.00197	0.00659	0.00383	0.00243	0.00575
21	0.03198	0.10401	0.22254	0.02538	0.14136	0.06352	0.07056	0.11612	0.02660	0.08629	0.02439	0.02553	0.00842	0.00502	0.00464	0.00142	0.01785	0.00414	0.01341	0.00682
22	0.00761	0.00509	0.00625	0.00626	0.00752	0.00473	0.00463	0.00882	0.01015	0.10036	0.05012	0.29822	0.34644	0.01429	0.08322	0.00227	0.02540	0.00986	0.00432	0.00444
23	0.00663	0.00534	0.00591	0.00608	0.00731	0.00511	0.00436	0.00942	0.12450	0.01344	0.05156	0.28240	0.38190	0.06567	0.00680	0.00188	0.00283	0.01011	0.00436	0.00438
24	0.03333	0.05781	0.07447	0.01635	0.26820	0.07096	0.05398	0.11694	0.05063	0.08557	0.04481	0.08301	0.01145	0.00583	0.00471	0.00145	0.00530	0.00508	0.00335	0.00677
25	0.13983	0.11602	0.05552	0.05304	0.19704	0.13467	0.10036	0.04883	0.04412	0.03271	0.02974	0.01111	0.00795	0.00465	0.00427	0.00138	0.00584	0.00387	0.00273	0.00633
26	0.00581	0.00474	0.00514	0.00513	0.00654	0.00407	0.00381	0.00720	0.01118	0.01397	0.20314	0.09384	0.59573	0.01165	0.00560	0.00159	0.00238	0.00988	0.00455	0.00407
27	0.01040	0.10048	0.01165	0.00769	0.02845	0.02219	0.00612	0.01240	0.00989	0.02816	0.00864	0.02357	0.00736	0.00382	0.00354	0.00079	0.00379	0.00301	0.00277	0.70527
28	0.12843	0.06164	0.10524	0.03809	0.21035	0.12046	0.10699	0.06417	0.02328	0.01586	0.00905	0.01206	0.00753	0.03503	0.00538	0.00155	0.02543	0.02056	0.00262	0.00628
29	0.00678	0.00455	0.00523	0.00530	0.00534	0.00456	0.00304	0.00688	0.00702	0.00938	0.01552	0.08281	0.01792	0.75976	0.04364	0.00448	0.00466	0.00724	0.00295	0.00296
30	0.00819	0.00410	0.00614	0.00614	0.00614	0.00410	0.00410	0.00614	0.00614	0.00819	0.00819	0.01433	0.00819	0.01638	0.01843	0.86282	0.00410	0.00410	0.00205	0.00205
31	0.00945	0.00849	0.01271	0.03323	0.31271	0.03807	0.00966	0.02537	0.00934	0.01307	0.01094	0.01605	0.00999	0.04039	0.36723	0.00428	0.04794	0.02296	0.00251	0.00560
32	0.00644	0.00530	0.00572	0.00552	0.00710	0.00484	0.00417	0.00905	0.08659	0.01494	0.23240	0.04020	0.53917	0.01084	0.00550	0.00157	0.00248	0.00916	0.00462	0.00443
33	0.00689	0.00488	0.00628	0.00590	0.00710	0.00446	0.00444	0.00903	0.01316	0.03462	0.73010	0.03558	0.10034	0.00973	0.00555	0.00149	0.00227	0.00856	0.00514	0.00449
34	0.00574	0.00412	0.00545	0.00652	0.00683	0.00383	0.00436	0.00657	0.00907	0.01206	0.02658	0.80972	0.05230	0.01469	0.00601	0.00191	0.00273	0.01331	0.00438	0.00383
35	0.01820	0.01074	0.01372	0.01050	0.01419	0.02506	0.08246	0.31364	0.05129	0.37136	0.02990	0.01423	0.01050	0.00567	0.00482	0.00146	0.00487	0.00470	0.00496	0.00772
36	0.01043	0.01588	0.26690	0.01698	0.02220	0.01128	0.49383	0.01504	0.03254	0.01535	0.04537	0.01302	0.00868	0.00445	0.00521	0.00156	0.00727	0.00505	0.00246	0.00649
37	0.01265	0.01410	0.01377	0.01205	0.01288	0.27614	0.00970	0.01378	0.00932	0.01161	0.00684	0.00996	0.00634	0.00705	0.01141	0.00175	0.53192	0.00378	0.02972	0.00523
38	0.02878	0.22827	0.18570	0.01030	0.01466	0.02661	0.02855	0.24341	0.06363	0.01872	0.02319	0.02568	0.00834	0.00503	0.00416	0.00130	0.00531	0.00382	0.00317	0.07141
39	0.01256	0.68547	0.11886	0.00893	0.01327	0.03658	0.00926	0.04634	0.01024	0.01234	0.00700	0.00803	0.00612	0.00417	0.00330	0.00109	0.00536	0.00272	0.00214	0.00623
40	0.00686	0.00457	0.00514	0.00514	0.00514	0.00457	0.00286	0.00686	0.00686	0.00914	0.01486	0.03086	0.01714	0.83430	0.02400	0.00457	0.00457	0.00686	0.00286	0.00286
41	0.04848	0.00915	0.01272	0.00968	0.01335	0.00854	0.08976	0.12198	0.02525	0.52502	0.01670	0.01542	0.03202	0.00566	0.00473	0.00144	0.00448	0.00477	0.01630	0.03455
42	0.01328	0.30248	0.27284	0.01116	0.01560	0.28400	0.01142	0.01596	0.01097	0.01248	0.00741	0.00865	0.00603	0.00445	0.00390	0.00123	0.00682	0.00300	0.00215	0.00615
43	0.00675	0.00500	0.00734	0.00734	0.00810	0.00576	0.00559	0.00827	0.00751	0.01077	0.01285	0.01974	0.01232	0.11424	0.73746	0.00728	0.01183	0.00523	0.00256	0.00408
44	0.00646	0.00486	0.00559	0.00547	0.00687	0.00425	0.00411	0.00804	0.01166	0.03763	0.31554	0.08391	0.45072	0.01112	0.00559	0.00158	0.00244	0.02518	0.00471	0.00426
45	0.03473	0.01017	0.01511	0.41709	0.02420	0.02841	0.11352	0.16157	0.02530	0.01660	0.00931	0.01202	0.00699	0.00471	0.00463	0.00144	0.00590	0.00420	0.01603	0.08806
46	0.02729	0.00811	0.00964	0.00778	0.01076	0.03745	0.00621	0.03027	0.07755	0.36137	0.19906	0.01957	0.03076	0.00641	0.00470	0.00134	0.00365	0.00533	0.00488	0.14786
47	0.04503	0.15403	0.27757	0.01127	0.01614	0.01310	0.04845	0.26896	0.01420	0.09287	0.01000	0.01062	0.00721	0.00489	0.00433	0.00139	0.00572	0.00375	0.00330	0.00716
48	0.01283	0.80025	0.02419	0.00825	0.01221	0.05473	0.00811	0.01433	0.00975	0.01111	0.00659	0.00761	0.00605	0.00407	0.00308	0.00102	0.00520	0.00254	0.00204	0.00602
49	0.00654	0.00461	0.00568	0.00626	0.00657	0.00453	0.00411	0.00760	0.03816	0.01131	0.02122	0.42804	0.02467	0.34131	0.01318	0.00298	0.00362	0.06222	0.00378	0.00361
50	0.01154	0.01107	0.01877	0.06222	0.72431	0.01121	0.03004	0.01480	0.04164	0.01542	0.00927	0.01196	0.00768	0.00431	0.00469	0.00142	0.00561	0.00427	0.00242	0.00735
51	0.00676	0.00497	0.00716	0.00716	0.00785	0.00567	0.00537	0.00815	0.00745	0.01063	0.01301	0.02065	0.01271	0.17328	0.67895	0.00706	0.01124	0.00536	0.00258	0.00398
52	0.00590	0.00454	0.00541	0.00580	0.00678	0.00405	0.00417	0.00716	0.01055	0.01361	0.17292	0.34772	0.34462	0.01266	0.00577	0.00172	0.00256	0.03552	0.00452	0.00402
53	0.01086	0.38708	0.45949	0.01104	0.01670	0.01439	0.01325	0.01457	0.00979	0.01322	0.00761	0.00889	0.00601	0.00428	0.00383	0.00128	0.00611	0.00305	0.00200	0.00656
54	0.01036	0.00738	0.00811	0.00755	0.00901	0.07367	0.02180	0.05413	0.06056	0.09900	0.01666	0.18924	0.01594	0.11200	0.14194	0.00287	0.00543	0.00670	0.15268	0.00497
55	0.00563	0.00475	0.00487	0.00490	0.00642	0.00399	0.00365	0.00685	0.01078	0.01296	0.07812	0.07893	0.73815	0.01197	0.00559	0.00160	0.00240	0.01004	0.00441	0.00399
56	0.01236	0.14386	0.12446	0.06181	0.24992	0.02464	0.02885	0.13139	0.11105	0.02860	0.01067	0.03322	0.00859	0.00504	0.00446	0.00140	0.00544	0.00425	0.00300	0.00699
57	0.01419	0.38429	0.07129	0.01237	0.12161	0.14784	0.00982	0.13173	0.01241	0.04230	0.00825	0.00929	0.00673	0.00453	0.00386	0.00120	0.00580	0.00323	0.00266	0.00657
58	0.00574	0.00472	0.00505	0.00510	0.00651	0.00403	0.00378	0.00705	0.01096	0.01355	0.15243	0.11352	0.62749	0.01187	0.00561	0.00161	0.00240	0.01006	0.00449	0.00403
59	0.00887	0.06302	0.08453	0.04516	0.16471	0.00895	0.02552	0.02287	0.02353	0.01302	0.04043	0.01584	0.01088	0.03628	0.38389	0.00437	0.03546	0.00469	0.00255	0.00542
60	0.00655	0.00481	0.00617	0.00602	0.00713	0.00442	0.00455	0.00858	0.01264	0.01752	0.62430	0.08694	0.12436	0.01042	0.00565	0.00156	0.00241	0.05663	0.00500	0.00435
61	0.01125	0.12197	0.15849	0.02663	0.13506	0.06821	0.02403	0.05161	0.08882	0.01470	0.04584	0.01255	0.00940	0.00771	0.06381	0.00193	0.14488	0.00415	0.00269	0.00626
62	0.00784	0.00511	0.00739	0.03322	0.00842	0.00544	0.00547	0.00785	0.00738	0.01021	0.01131	0.01958	0.01125	0.05922	0.24106	0.39289	0.03546	0.07804	0.00248	0.05039
63	0.01984	0.18119	0.04474	0.00937	0.07634	0.02113	0.00713	0.01086	0.00966	0.02750	0.01587	0.26991	0.02928	0.00885	0.00527	0.03653	0.00408	0.07919	0.00325	0.14003

[dist]
# distance from previous block
# <min> <max>
0	16

[block]
# block no. 2 follows, 54 sequences, length 14
# corresponding to MSA columns:
# 1010-1023
name=unknown_C
#
# <colnr> <probs for GDERKNQSTAVLIFYWHMCP>
#	G	D	E	R	K	N	Q	S	T	A	V	L	I	F	Y	W	H	M	C	P
0	0.01439	0.23608	0.01662	0.01166	0.06701	0.30876	0.00901	0.08356	0.04528	0.01385	0.00801	0.00937	0.00676	0.00499	0.00512	0.00126	0.09040	0.00328	0.00260	0.06201
1	0.01055	0.00923	0.01032	0.00949	0.06230	0.07647	0.00686	0.07253	0.05923	0.03234	0.08940	0.01743	0.05177	0.07808	0.08690	0.00215	0.07452	0.00480	0.00330	0.24231
2	0.10220	0.06491	0.01457	0.38341	0.17138	0.03681	0.01124	0.03522	0.10744	0.01499	0.00954	0.01200	0.00741	0.00477	0.00440	0.00148	0.00552	0.00401	0.00264	0.00606
3	0.06890	0.47955	0.06454	0.00973	0.04093	0.14579	0.00868	0.03406	0.02891	0.01313	0.00763	0.00881	0.00653	0.00449	0.00378	0.00117	0.02721	0.00295	0.03722	0.00599
4	0.00684	0.00462	0.00540	0.00537	0.00551	0.00466	0.00318	0.00710	0.00731	0.00988	0.06361	0.03020	0.01844	0.72294	0.08243	0.00461	0.00503	0.00682	0.00298	0.00306
5	0.01482	0.06175	0.04587	0.06682	0.04259	0.03977	0.04523	0.37794	0.10023	0.07085	0.01253	0.01310	0.02907	0.00635	0.02464	0.00160	0.03132	0.00444	0.00394	0.00714
6	0.00610	0.00474	0.00519	0.00529	0.00665	0.00407	0.00388	0.00732	0.01073	0.03355	0.10588	0.18478	0.58108	0.01210	0.00563	0.00164	0.00248	0.01032	0.00448	0.00410
7	0.01169	0.01027	0.01099	0.05013	0.04044	0.03706	0.00785	0.06501	0.60738	0.01900	0.01948	0.01844	0.06828	0.00654	0.00482	0.00157	0.00406	0.00542	0.00447	0.00708
8	0.00625	0.00467	0.00510	0.00510	0.00590	0.00428	0.00336	0.00699	0.00919	0.01167	0.10106	0.06359	0.35802	0.37888	0.01381	0.00292	0.00336	0.00855	0.00377	0.00352
9	0.03269	0.08462	0.22310	0.01364	0.09905	0.04631	0.08982	0.07795	0.08784	0.06193	0.01087	0.04527	0.00876	0.00625	0.02647	0.00166	0.06974	0.00446	0.00294	0.00663
10	0.00686	0.00457	0.00514	0.00514	0.00514	0.00457	0.00286	0.00686	0.00686	0.00914	0.01486	0.03086	0.01714	0.83430	0.02400	0.00457	0.00457	0.00686	0.00286	0.00286
11	0.07940	0.11621	0.15044	0.01449	0.17268	0.10962	0.05455	0.06840	0.03034	0.05227	0.02430	0.05128	0.00886	0.00534	0.00487	0.00142	0.04199	0.00426	0.00282	0.00645
12	0.32271	0.10890	0.10470	0.01033	0.06333	0.04517	0.02690	0.15683	0.03113	0.06097	0.00887	0.00971	0.00669	0.00469	0.00382	0.00138	0.00492	0.00335	0.00316	0.02244
13	0.01032	0.07102	0.04366	0.00817	0.02956	0.07510	0.00658	0.16385	0.02674	0.01657	0.05793	0.06503	0.32398	0.00832	0.00488	0.00142	0.00403	0.00676	0.00388	0.07220

[dist]
# distance from previous block
# <min> <max>
0	6

[block]
# block no. 3 follows, 54 sequences, length 16
# corresponding to MSA columns:
# 1030-1045
name=unknown_D
#
# <colnr> <probs for GDERKNQSTAVLIFYWHMCP>
#	G	D	E	R	K	N	Q	S	T	A	V	L	I	F	Y	W	H	M	C	P
0	0.32653	0.15304	0.08327	0.00906	0.04053	0.05848	0.00785	0.08525	0.01061	0.04673	0.03008	0.00999	0.00745	0.00564	0.02887	0.00151	0.02272	0.00325	0.00293	0.06622
1	0.05433	0.33569	0.09542	0.01005	0.07528	0.06058	0.00846	0.01289	0.03325	0.01316	0.03852	0.14307	0.04283	0.00762	0.02944	0.00156	0.00504	0.02437	0.00284	0.00563
2	0.00649	0.00479	0.00536	0.00533	0.00608	0.00450	0.00352	0.00757	0.02821	0.01220	0.14990	0.07404	0.26686	0.38895	0.01403	0.00296	0.00341	0.00836	0.00382	0.00362
3	0.01121	0.03971	0.18724	0.01172	0.11131	0.02330	0.02907	0.01437	0.02757	0.08211	0.00951	0.01073	0.00734	0.00411	0.00404	0.00108	0.00481	0.00340	0.00282	0.41454
4	0.03136	0.05071	0.25926	0.01202	0.05320	0.07841	0.04950	0.08375	0.07468	0.22638	0.01209	0.01224	0.00847	0.00504	0.00453	0.00143	0.00568	0.00405	0.00357	0.02364
5	0.01113	0.01272	0.02782	0.01987	0.02464	0.01192	0.78776	0.01510	0.01113	0.01510	0.00954	0.01272	0.00715	0.00397	0.00556	0.00159	0.00795	0.00556	0.00238	0.00636
6	0.01137	0.01205	0.13395	0.01177	0.09048	0.01077	0.02468	0.14990	0.29405	0.01917	0.06997	0.01880	0.10127	0.00659	0.00511	0.00153	0.02228	0.00546	0.00399	0.00682
7	0.00629	0.00478	0.00578	0.00558	0.00682	0.00428	0.00417	0.00813	0.01236	0.01667	0.53155	0.06636	0.28893	0.01056	0.00558	0.00153	0.00230	0.00916	0.00490	0.00428
8	0.01237	0.01050	0.03770	0.00981	0.01273	0.01126	0.03083	0.08731	0.59451	0.06030	0.04840	0.01728	0.01435	0.00628	0.00480	0.00156	0.00401	0.00526	0.02343	0.00730
9	0.01167	0.01120	0.01914	0.02894	0.80488	0.01120	0.01447	0.01447	0.01074	0.01540	0.00887	0.01167	0.00747	0.00420	0.00467	0.00140	0.00560	0.00420	0.00233	0.00747
10	0.01083	0.03562	0.01464	0.03525	0.23218	0.04884	0.05791	0.05187	0.09510	0.01553	0.12060	0.01629	0.02452	0.02310	0.04667	0.00191	0.15487	0.00506	0.00310	0.00610
11	0.00696	0.00456	0.00510	0.00510	0.00516	0.00456	0.00288	0.00707	0.00701	0.00957	0.01488	0.03018	0.01688	0.79212	0.02295	0.00439	0.00445	0.00673	0.04649	0.00294
12	0.01112	0.01266	0.11229	0.09903	0.36068	0.03149	0.12923	0.03239	0.06675	0.01507	0.00964	0.01248	0.00778	0.02368	0.00591	0.01795	0.03823	0.00443	0.00251	0.00669
13	0.00820	0.00710	0.03037	0.07883	0.03761	0.00700	0.00648	0.05830	0.11252	0.01514	0.12165	0.13555	0.24677	0.02724	0.00661	0.04154	0.02567	0.02445	0.00402	0.00495
14	0.00860	0.01060	0.19049	0.00942	0.04704	0.00752	0.03641	0.05896	0.05583	0.01611	0.17003	0.03915	0.16724	0.04929	0.05053	0.00197	0.00465	0.00643	0.06430	0.00542
15	0.00963	0.03089	0.04411	0.03203	0.20823	0.09655	0.02365	0.01168	0.01086	0.01415	0.14633	0.04747	0.16487	0.00878	0.03972	0.00178	0.08234	0.01822	0.00325	0.00545

[dist]
# distance from previous block
# <min> <max>
0	26

[block]
# block no. 4 follows, 54 sequences, length 31
# corresponding to MSA columns:
# 1078-1108
name=unknown_E
#
# <colnr> <probs for GDERKNQSTAVLIFYWHMCP>
#	G	D	E	R	K	N	Q	S	T	A	V	L	I	F	Y	W	H	M	C	P
0	0.01061	0.25401	0.33494	0.01180	0.07223	0.01236	0.01202	0.05601	0.01065	0.01444	0.01131	0.01550	0.03600	0.00615	0.02002	0.00152	0.00581	0.08654	0.00254	0.02557
1	0.04240	0.27558	0.21546	0.01101	0.01543	0.09418	0.06672	0.07712	0.10356	0.04225	0.00958	0.01039	0.00740	0.00470	0.00409	0.00132	0.00585	0.00357	0.00278	0.00660
2	0.42662	0.05361	0.28791	0.00908	0.01331	0.02551	0.00973	0.02694	0.00929	0.01785	0.02295	0.01065	0.03948	0.00493	0.00398	0.00147	0.02486	0.00336	0.00265	0.00580
3	0.02392	0.06461	0.33303	0.01129	0.05055	0.00934	0.05217	0.04297	0.03973	0.01444	0.03229	0.17065	0.01357	0.09671	0.02248	0.00199	0.00552	0.00607	0.00290	0.00577
4	0.26370	0.05680	0.44916	0.06230	0.01705	0.01099	0.01257	0.01451	0.00941	0.03446	0.00803	0.00946	0.00589	0.00445	0.00395	0.00145	0.00571	0.00322	0.00238	0.02451
5	0.00897	0.00776	0.01173	0.20871	0.16946	0.00853	0.02875	0.03575	0.03811	0.01311	0.04171	0.07807	0.03657	0.20627	0.04432	0.00255	0.04574	0.00594	0.00287	0.00508
6	0.00589	0.00427	0.00549	0.00635	0.00686	0.00393	0.00437	0.00677	0.00939	0.01231	0.05300	0.64084	0.14168	0.01419	0.00634	0.02833	0.00277	0.03907	0.00433	0.00383
7	0.00952	0.00915	0.07095	0.02201	0.05544	0.00859	0.00738	0.07202	0.28139	0.01776	0.16709	0.05544	0.16839	0.00867	0.02354	0.00169	0.00386	0.00679	0.00432	0.00600
8	0.01792	0.01321	0.01415	0.01085	0.01462	0.01462	0.00896	0.78916	0.02217	0.02972	0.01132	0.01132	0.00802	0.00566	0.00472	0.00142	0.00519	0.00425	0.00472	0.00802
9	0.01069	0.05097	0.53267	0.01336	0.05521	0.01156	0.04169	0.08468	0.10583	0.01665	0.01034	0.02759	0.00779	0.00497	0.00456	0.00149	0.00623	0.00404	0.00265	0.00703
10	0.01121	0.00862	0.01030	0.00845	0.05524	0.02479	0.00625	0.02662	0.01069	0.10254	0.05597	0.01243	0.00989	0.01894	0.00422	0.00096	0.00375	0.00352	0.00327	0.62233
11	0.00871	0.00551	0.00680	0.00620	0.00768	0.00528	0.00474	0.03116	0.05450	0.08366	0.54135	0.02971	0.05214	0.00849	0.00509	0.00143	0.00253	0.00735	0.13270	0.00497
12	0.01261	0.29655	0.24373	0.01116	0.04835	0.05233	0.02417	0.06166	0.08383	0.07788	0.01015	0.02876	0.00802	0.00490	0.00408	0.00131	0.00556	0.00373	0.00283	0.01841
13	0.00593	0.00479	0.00528	0.00515	0.00659	0.00413	0.00387	0.00746	0.01160	0.01476	0.29471	0.04205	0.55476	0.01119	0.00557	0.00156	0.00233	0.00949	0.00464	0.00413
14	0.01052	0.02907	0.25432	0.01884	0.29618	0.01078	0.14260	0.03346	0.04393	0.01557	0.03247	0.01456	0.06615	0.00507	0.00483	0.00148	0.00598	0.00476	0.00262	0.00679
15	0.00819	0.00410	0.00614	0.00614	0.00614	0.00410	0.00410	0.00614	0.00614	0.00819	0.00819	0.01433	0.00819	0.01638	0.01843	0.86282	0.00410	0.00410	0.00205	0.00205
16	0.00978	0.00838	0.00978	0.00698	0.01117	0.00629	0.00559	0.01187	0.00978	0.01536	0.00838	0.00978	0.00698	0.00349	0.00349	0.00070	0.00349	0.00279	0.00279	0.86312
17	0.01242	0.03242	0.06615	0.02030	0.36908	0.03563	0.15337	0.08010	0.02589	0.06663	0.04438	0.01302	0.00933	0.00537	0.01952	0.00157	0.03035	0.00459	0.00290	0.00696
18	0.07397	0.05142	0.36643	0.01225	0.04396	0.01239	0.02815	0.28581	0.01427	0.05335	0.00970	0.01054	0.00694	0.00490	0.00443	0.00144	0.00588	0.00376	0.00319	0.00721
19	0.00637	0.00461	0.00640	0.00688	0.00738	0.00486	0.00492	0.00750	0.00818	0.01125	0.01876	0.35259	0.02089	0.13269	0.35460	0.00470	0.00726	0.03290	0.00338	0.00388
20	0.02666	0.40333	0.06092	0.01141	0.06053	0.10011	0.06979	0.11796	0.02717	0.04884	0.00848	0.00955	0.00687	0.00460	0.00416	0.00124	0.02584	0.00338	0.00270	0.00648
21	0.08012	0.13132	0.06557	0.03241	0.18048	0.04085	0.01016	0.25339	0.05651	0.04397	0.00976	0.01091	0.00755	0.00520	0.00494	0.01390	0.03891	0.00383	0.00327	0.00694
22	0.00564	0.00474	0.00485	0.00488	0.00636	0.00400	0.00361	0.00681	0.01062	0.01274	0.06304	0.07564	0.73119	0.03728	0.00616	0.00169	0.00247	0.00996	0.00435	0.00395
23	0.01649	0.05229	0.01302	0.01123	0.01367	0.65922	0.00854	0.04525	0.04525	0.01297	0.00852	0.00965	0.00695	0.00497	0.00417	0.00122	0.00756	0.00326	0.07018	0.00558
24	0.00978	0.00838	0.00978	0.00698	0.01117	0.00629	0.00559	0.01187	0.00978	0.01536	0.00838	0.00978	0.00698	0.00349	0.00349	0.00070	0.00349	0.00279	0.00279	0.86312
25	0.02668	0.09167	0.08135	0.01048	0.01351	0.06679	0.05221	0.19127	0.04539	0.11337	0.02890	0.04464	0.04913	0.00716	0.02082	0.00164	0.10990	0.03505	0.00364	0.00641
26	0.00849	0.00712	0.02604	0.01286	0.22347	0.00672	0.00761	0.02393	0.05179	0.03980	0.04745	0.40691	0.07936	0.02870	0.00585	0.00175	0.00373	0.00928	0.00384	0.00529
27	0.00571	0.00473	0.00500	0.00505	0.00648	0.00402	0.00374	0.00699	0.01091	0.01339	0.13216	0.10432	0.65745	0.01190	0.00561	0.00160	0.00240	0.01005	0.00447	0.00402
28	0.01159	0.01179	0.10926	0.09635	0.32080	0.01056	0.05351	0.10127	0.06623	0.04948	0.07180	0.02995	0.01174	0.00553	0.00486	0.00149	0.00537	0.02843	0.00317	0.00683
29	0.01201	0.37610	0.14458	0.02921	0.05067	0.01440	0.12703	0.07892	0.03887	0.02808	0.00950	0.03563	0.00807	0.00490	0.00415	0.00132	0.00569	0.02184	0.00260	0.00643
30	0.01221	0.01309	0.05974	0.09615	0.54539	0.12830	0.01331	0.01487	0.01091	0.02757	0.00888	0.01173	0.00738	0.02452	0.00507	0.00147	0.00611	0.00407	0.00238	0.00685

[dist]
# distance from previous block
# <min> <max>
1	11

[block]
# block no. 5 follows, 54 sequences, length 39
# corresponding to MSA columns:
# 1120-1143,1147-1161
name=unknown_F
#
# <colnr> <probs for GDERKNQSTAVLIFYWHMCP>
#	G	D	E	R	K	N	Q	S	T	A	V	L	I	F	Y	W	H	M	C	P
0	0.01099	0.21540	0.41237	0.01331	0.10013	0.02605	0.03564	0.03834	0.01057	0.03465	0.02416	0.02404	0.02498	0.00483	0.00426	0.00137	0.00603	0.00383	0.00238	0.00666
1	0.38055	0.19362	0.14445	0.00898	0.01277	0.01218	0.07337	0.03342	0.00922	0.01673	0.00787	0.01028	0.00661	0.06681	0.00505	0.00161	0.00497	0.00332	0.00256	0.00563
2	0.01158	0.01111	0.01898	0.05458	0.77994	0.01118	0.01443	0.01439	0.01069	0.01530	0.00885	0.01170	0.00743	0.00422	0.00467	0.00141	0.00562	0.00420	0.00233	0.00740
3	0.01135	0.01089	0.01873	0.08754	0.70533	0.01103	0.03620	0.01419	0.01065	0.01511	0.00925	0.01279	0.00786	0.00445	0.00474	0.00144	0.00569	0.02320	0.00237	0.00719
4	0.01489	0.04008	0.03515	0.10039	0.18502	0.49132	0.01077	0.02885	0.01227	0.01279	0.00813	0.02362	0.00685	0.00485	0.00440	0.00131	0.00737	0.00360	0.00242	0.00594
5	0.00674	0.00505	0.00758	0.00758	0.00842	0.00589	0.00589	0.00842	0.00758	0.01095	0.01263	0.01852	0.01179	0.03536	0.81561	0.00758	0.01263	0.00505	0.00253	0.00421
6	0.00890	0.00838	0.01414	0.82296	0.03247	0.01048	0.01309	0.01205	0.00943	0.01205	0.00838	0.01257	0.00629	0.00471	0.00471	0.00157	0.00629	0.00419	0.00210	0.00524
7	0.01142	0.01011	0.04029	0.01378	0.08373	0.00967	0.24775	0.03090	0.20152	0.10300	0.01718	0.12818	0.05036	0.00687	0.00524	0.00161	0.00516	0.02298	0.00378	0.00645
8	0.86760	0.00912	0.00693	0.00620	0.00912	0.01058	0.00511	0.01386	0.00802	0.02115	0.00657	0.00766	0.00511	0.00438	0.00292	0.00146	0.00365	0.00255	0.00292	0.00511
9	0.00760	0.00543	0.00760	0.00868	0.00977	0.00543	0.00760	0.00977	0.01085	0.01411	0.02496	0.05319	0.02714	0.01303	0.00651	0.00217	0.00434	0.77315	0.00434	0.00434
10	0.01124	0.01077	0.01837	0.15166	0.68550	0.01109	0.01426	0.01410	0.01053	0.01489	0.00879	0.01181	0.00729	0.00428	0.00468	0.00143	0.00571	0.00420	0.00230	0.00712
11	0.01683	0.01266	0.01354	0.01063	0.01421	0.01411	0.00870	0.65441	0.15870	0.02795	0.01271	0.01243	0.00914	0.00579	0.00473	0.00145	0.00493	0.00444	0.00473	0.00792
12	0.00670	0.00453	0.00520	0.00531	0.00541	0.00447	0.00308	0.00688	0.00736	0.00981	0.03914	0.11867	0.03518	0.70488	0.02114	0.00413	0.00426	0.00768	0.00312	0.00303
13	0.00686	0.00457	0.00514	0.00514	0.00514	0.00457	0.00286	0.00686	0.00686	0.00914	0.01486	0.03086	0.01714	0.83430	0.02400	0.00457	0.00457	0.00686	0.00286	0.00286
14	0.19774	0.00989	0.01112	0.00871	0.01224	0.01013	0.00719	0.26357	0.01509	0.39663	0.01377	0.01279	0.00914	0.00547	0.00435	0.00145	0.00431	0.00413	0.00487	0.00741
15	0.00795	0.00418	0.00596	0.00596	0.00596	0.00418	0.00387	0.00627	0.00627	0.00836	0.00939	0.01731	0.00980	0.16355	0.01943	0.70840	0.00418	0.00459	0.00219	0.00219
16	0.00694	0.00454	0.00521	0.00521	0.00521	0.00454	0.00294	0.00681	0.00681	0.00908	0.01442	0.02978	0.01656	0.78103	0.02364	0.06047	0.00454	0.00668	0.00280	0.00280
17	0.05982	0.04029	0.09522	0.13972	0.22568	0.10287	0.04274	0.10694	0.01217	0.08119	0.01015	0.01299	0.00801	0.00505	0.00458	0.00145	0.00591	0.03567	0.00295	0.00661
18	0.00819	0.00410	0.00614	0.00614	0.00614	0.00410	0.00410	0.00614	0.00614	0.00819	0.00819	0.01433	0.00819	0.01638	0.01843	0.86282	0.00410	0.00410	0.00205	0.00205
19	0.01198	0.01025	0.01080	0.00965	0.01236	0.01184	0.00752	0.05575	0.76526	0.02013	0.01887	0.01734	0.01414	0.00637	0.00479	0.00159	0.00379	0.00529	0.00479	0.00749
20	0.86760	0.00912	0.00693	0.00620	0.00912	0.01058	0.00511	0.01386	0.00802	0.02115	0.00657	0.00766	0.00511	0.00438	0.00292	0.00146	0.00365	0.00255	0.00292	0.00511
21	0.00840	0.00906	0.10215	0.09081	0.19414	0.00779	0.00946	0.01133	0.06242	0.01373	0.01783	0.35569	0.03147	0.00940	0.00554	0.00170	0.02179	0.03845	0.00340	0.00545
22	0.01160	0.01113	0.01901	0.04980	0.78460	0.01118	0.01443	0.01441	0.01070	0.01532	0.00886	0.01169	0.00744	0.00421	0.00467	0.00140	0.00562	0.00420	0.00233	0.00741
23	0.01023	0.00826	0.00984	0.00742	0.01092	0.00697	0.00594	0.03870	0.01034	0.05445	0.03334	0.03001	0.05840	0.00497	0.00474	0.00097	0.06537	0.00386	0.00315	0.63211
24	0.78644	0.00952	0.00753	0.02872	0.01007	0.03245	0.00555	0.02942	0.00860	0.03751	0.00698	0.00807	0.00536	0.00446	0.00308	0.00145	0.00389	0.00269	0.00298	0.00524
25	0.01167	0.01120	0.01914	0.02894	0.80488	0.01120	0.01447	0.01447	0.01074	0.01540	0.00887	0.01167	0.00747	0.00420	0.00467	0.00140	0.00560	0.00420	0.00233	0.00747
26	0.00946	0.02439	0.80987	0.01344	0.02041	0.01095	0.01742	0.01493	0.00995	0.01493	0.00846	0.00995	0.00597	0.00448	0.00448	0.00149	0.00697	0.00348	0.00199	0.00697
27	0.00684	0.00462	0.00540	0.00540	0.00549	0.00471	0.00318	0.00702	0.00693	0.00934	0.01462	0.02953	0.01657	0.74846	0.10905	0.00489	0.00544	0.00666	0.00282	0.00300
28	0.00954	0.00851	0.01216	0.43013	0.02231	0.00868	0.00957	0.03285	0.00993	0.01403	0.00846	0.01127	0.00665	0.00418	0.00416	0.00117	0.00499	0.00356	0.00248	0.39537
29	0.04346	0.05148	0.01376	0.01143	0.01378	0.45553	0.00900	0.16424	0.01360	0.01526	0.00800	0.00956	0.00661	0.00642	0.03091	0.00158	0.13322	0.00346	0.00281	0.00588
30	0.86760	0.00912	0.00693	0.00620	0.00912	0.01058	0.00511	0.01386	0.00802	0.02115	0.00657	0.00766	0.00511	0.00438	0.00292	0.00146	0.00365	0.00255	0.00292	0.00511
31	0.03426	0.38943	0.41757	0.01097	0.01646	0.01443	0.02977	0.01454	0.00976	0.01338	0.00758	0.00888	0.00601	0.00427	0.00381	0.00128	0.00603	0.00307	0.00204	0.00649
32	0.23490	0.30332	0.21415	0.00927	0.01370	0.01393	0.00972	0.10969	0.01089	0.03118	0.00783	0.00880	0.00613	0.00447	0.00360	0.00130	0.00516	0.00302	0.00264	0.00631
33	0.00588	0.00419	0.00544	0.00634	0.00665	0.00393	0.00419	0.00666	0.00895	0.01192	0.04461	0.70171	0.05373	0.10234	0.00792	0.00218	0.00291	0.01248	0.00423	0.00375
34	0.01892	0.00825	0.01067	0.00847	0.01185	0.00763	0.00690	0.02270	0.14637	0.64111	0.03529	0.01733	0.02981	0.00614	0.00479	0.00149	0.00389	0.00503	0.00562	0.00777
35	0.01287	0.01352	0.04620	0.23930	0.01950	0.21813	0.05184	0.09635	0.16395	0.03198	0.02273	0.04227	0.00956	0.00558	0.00471	0.00148	0.00614	0.00457	0.00319	0.00614
36	0.00617	0.00423	0.00566	0.00667	0.00704	0.00395	0.00453	0.00705	0.00919	0.03142	0.02578	0.79029	0.03060	0.01451	0.00600	0.00191	0.00281	0.03384	0.00441	0.00395
37	0.00599	0.00459	0.00504	0.00525	0.00613	0.00413	0.00355	0.00679	0.00937	0.01172	0.04889	0.19455	0.41806	0.24224	0.01081	0.00249	0.00306	0.00973	0.00397	0.00365
38	0.01219	0.00809	0.00928	0.02477	0.01072	0.03302	0.00649	0.14695	0.10855	0.16078	0.22048	0.05849	0.08263	0.00816	0.00515	0.00154	0.00371	0.06424	0.02871	0.00604

[dist]
# distance from previous block
# <min> <max>
0	1

[block]
# block no. 6 follows, 54 sequences, length 20
# corresponding to MSA columns:
# 1163-1182
name=unknown_G
#
# <colnr> <probs for GDERKNQSTAVLIFYWHMCP>
#	G	D	E	R	K	N	Q	S	T	A	V	L	I	F	Y	W	H	M	C	P
0	0.01214	0.68031	0.12599	0.00886	0.01319	0.01723	0.00925	0.01490	0.05823	0.01213	0.00758	0.00849	0.00656	0.00424	0.00332	0.00111	0.00521	0.00282	0.00219	0.00626
1	0.00570	0.00447	0.00517	0.00566	0.00662	0.00393	0.00399	0.00677	0.01006	0.01269	0.07118	0.41028	0.41044	0.01315	0.00578	0.00174	0.00254	0.01149	0.00441	0.00393
2	0.00681	0.00476	0.00609	0.00609	0.00642	0.00509	0.00404	0.00746	0.00714	0.00984	0.01399	0.02606	0.01506	0.52388	0.33157	0.00574	0.00770	0.00616	0.00273	0.00338
3	0.00900	0.00754	0.00894	0.00686	0.01029	0.00582	0.00534	0.01092	0.00987	0.01508	0.05728	0.13240	0.01274	0.00551	0.00399	0.00092	0.00331	0.00469	0.00317	0.68633
4	0.05025	0.03341	0.01080	0.00948	0.01116	0.29392	0.00734	0.03862	0.01050	0.04183	0.01210	0.01540	0.05778	0.06450	0.22990	0.00331	0.09747	0.00444	0.00277	0.00501
5	0.08250	0.00756	0.00910	0.00733	0.01023	0.00719	0.00596	0.08730	0.01285	0.45898	0.01613	0.01541	0.01096	0.00561	0.00420	0.00136	0.00359	0.00443	0.24250	0.00679
6	0.00735	0.00565	0.00685	0.00679	0.00798	0.00568	0.00499	0.01130	0.16594	0.01679	0.38844	0.26792	0.06476	0.01061	0.00555	0.00164	0.00268	0.00940	0.00484	0.00484
7	0.01172	0.09301	0.01858	0.06797	0.59371	0.04764	0.01306	0.01446	0.02612	0.01452	0.00901	0.02750	0.00777	0.00462	0.00485	0.00140	0.03056	0.00419	0.00238	0.00698
8	0.00691	0.00525	0.00757	0.00750	0.00817	0.00612	0.00570	0.00831	0.00753	0.01079	0.01313	0.05574	0.01300	0.13193	0.63613	0.00664	0.05727	0.00559	0.00262	0.00408
9	0.00674	0.00505	0.00758	0.00758	0.00842	0.00589	0.00589	0.00842	0.00758	0.01095	0.01263	0.01852	0.01179	0.03536	0.81561	0.00758	0.01263	0.00505	0.00253	0.00421
10	0.01058	0.00818	0.00889	0.00797	0.01031	0.00877	0.00620	0.04193	0.43649	0.07792	0.11625	0.02592	0.20475	0.00802	0.00506	0.00157	0.00330	0.00672	0.00482	0.00635
11	0.00868	0.05556	0.47464	0.01135	0.01608	0.00924	0.05371	0.01260	0.01020	0.01449	0.07181	0.13695	0.04344	0.00713	0.00494	0.00158	0.00563	0.05316	0.00283	0.00597
12	0.07378	0.00809	0.01069	0.00825	0.01185	0.00716	0.00682	0.02241	0.01316	0.75921	0.01785	0.01553	0.01126	0.00575	0.00463	0.00146	0.00399	0.00461	0.00565	0.00784
13	0.00962	0.00790	0.01332	0.01194	0.05794	0.00771	0.20611	0.05932	0.01113	0.06010	0.03349	0.26769	0.03881	0.00938	0.00586	0.00174	0.02451	0.13121	0.03689	0.00533
14	0.01146	0.01048	0.01185	0.23701	0.05197	0.11950	0.00886	0.11777	0.03381	0.03171	0.09527	0.04651	0.03566	0.00581	0.00459	0.00134	0.00510	0.00481	0.00327	0.16323
15	0.14555	0.30361	0.06562	0.00933	0.01292	0.19716	0.00835	0.08674	0.04194	0.04587	0.00830	0.00908	0.00666	0.00459	0.00369	0.00122	0.00560	0.00307	0.00278	0.03791
16	0.08204	0.23882	0.10412	0.00790	0.01072	0.01020	0.00735	0.05955	0.01059	0.03140	0.05923	0.19671	0.10041	0.01920	0.00483	0.00153	0.00415	0.04252	0.00340	0.00532
17	0.09516	0.12220	0.26446	0.01119	0.01548	0.04615	0.11311	0.05932	0.01117	0.05923	0.07422	0.06102	0.02394	0.00577	0.00452	0.00146	0.00558	0.01686	0.00299	0.00617
18	0.13100	0.40562	0.20795	0.00974	0.01413	0.03126	0.05779	0.01396	0.00966	0.01376	0.00931	0.03138	0.03742	0.00479	0.00372	0.00127	0.00540	0.00352	0.00232	0.00601
19	0.01167	0.28157	0.42257	0.01161	0.01713	0.01394	0.04186	0.11972	0.01154	0.01572	0.00828	0.00948	0.00632	0.00448	0.00409	0.00133	0.00615	0.00336	0.00238	0.00680

[dist]
# distance from previous block
# <min> <max>
3	17

[block]
# block no. 7 follows, 54 sequences, length 9
# corresponding to MSA columns:
# 1200-1208
name=unknown_H
#
# <colnr> <probs for GDERKNQSTAVLIFYWHMCP>
#	G	D	E	R	K	N	Q	S	T	A	V	L	I	F	Y	W	H	M	C	P
0	0.01496	0.16524	0.22046	0.01088	0.01551	0.01400	0.01086	0.40830	0.01628	0.06445	0.01011	0.01054	0.00733	0.00507	0.00435	0.00136	0.00556	0.00376	0.00359	0.00739
1	0.15038	0.23913	0.16292	0.00862	0.01232	0.03802	0.00852	0.09378	0.01095	0.01581	0.01442	0.08127	0.11140	0.00626	0.00409	0.00136	0.00473	0.00477	0.00298	0.02828
2	0.15783	0.10237	0.48214	0.01144	0.01704	0.01132	0.05192	0.01472	0.00973	0.03822	0.00828	0.00962	0.00611	0.00437	0.00407	0.00139	0.00596	0.00332	0.00233	0.05781
3	0.11557	0.01393	0.28359	0.05801	0.01541	0.00870	0.01011	0.01384	0.00982	0.06319	0.00880	0.01012	0.00665	0.00415	0.00391	0.00116	0.00490	0.00320	0.00267	0.36227
4	0.00602	0.00432	0.00536	0.00601	0.00641	0.00404	0.00395	0.00676	0.00893	0.01178	0.06187	0.52516	0.11578	0.19901	0.01000	0.00246	0.00309	0.01131	0.00407	0.00366
5	0.01254	0.40804	0.20661	0.01194	0.05510	0.14792	0.06988	0.01518	0.01047	0.01259	0.00746	0.00888	0.00619	0.00428	0.00384	0.00122	0.00631	0.00315	0.00212	0.00626
6	0.00682	0.00463	0.00600	0.00669	0.00749	0.00428	0.00489	0.00801	0.00996	0.05289	0.05992	0.52243	0.14408	0.01343	0.00595	0.00187	0.00297	0.12904	0.00448	0.00417
7	0.06967	0.17879	0.12108	0.00991	0.01420	0.01321	0.02894	0.33023	0.01474	0.02068	0.00914	0.00992	0.00697	0.00469	0.00404	0.00123	0.00508	0.00348	0.00331	0.15067
8	0.04436	0.15866	0.17424	0.00974	0.03298	0.03083	0.00904	0.16504	0.01245	0.05831	0.07162	0.14291	0.01413	0.04857	0.00553	0.00160	0.00485	0.00562	0.00345	0.00608

[dist]
# distance from previous block
# <min> <max>
0	48

# created by:
# /st0/software/busco_prod/Augustus/scripts/msa2prfl.pl ./align_prep/36167.fa
