[name]
unknown

[dist]
# distance from previous block
# <min> <max>
4	118

[block]
# block no. 0 follows, 62 sequences, length 47
# corresponding to MSA columns:
# 177-197,202-227
name=unknown_A
#
# <colnr> <probs for GDERKNQSTAVLIFYWHMCP>
#	G	D	E	R	K	N	Q	S	T	A	V	L	I	F	Y	W	H	M	C	P
0	0.06231	0.00844	0.04269	0.05156	0.03197	0.07092	0.17081	0.00999	0.00802	0.01111	0.02872	0.01789	0.01075	0.33217	0.08342	0.00291	0.04491	0.00492	0.00238	0.00413
1	0.06267	0.10171	0.33278	0.03894	0.09815	0.02449	0.12695	0.07412	0.05772	0.01473	0.02365	0.01014	0.00690	0.00419	0.00404	0.00130	0.00556	0.00359	0.00233	0.00605
2	0.00646	0.00518	0.00709	0.00661	0.00771	0.00510	0.05625	0.00793	0.02187	0.03508	0.17991	0.26705	0.26268	0.03239	0.00631	0.00161	0.07432	0.00866	0.00380	0.00399
3	0.00766	0.00573	0.00845	0.00796	0.02757	0.00545	0.09839	0.04987	0.02788	0.06994	0.05737	0.39705	0.13541	0.03634	0.00564	0.00165	0.00335	0.04611	0.00380	0.00437
4	0.01175	0.04786	0.16921	0.01315	0.04326	0.07345	0.30285	0.03595	0.03543	0.14737	0.02843	0.01191	0.00802	0.02532	0.00509	0.00142	0.02656	0.00424	0.00277	0.00597
5	0.16979	0.06611	0.08733	0.10177	0.08322	0.06226	0.05679	0.07850	0.01022	0.14866	0.00988	0.05424	0.00788	0.00496	0.00425	0.00134	0.03125	0.01293	0.00294	0.00568
6	0.00697	0.00544	0.02707	0.00714	0.00823	0.00588	0.00574	0.05163	0.00772	0.02869	0.01136	0.01613	0.01032	0.02920	0.75041	0.00628	0.01074	0.00448	0.00244	0.00412
7	0.00916	0.05323	0.20124	0.49118	0.03673	0.09052	0.01209	0.01218	0.00893	0.01142	0.00735	0.01015	0.00559	0.00427	0.00437	0.00136	0.02970	0.00346	0.00190	0.00517
8	0.03123	0.19145	0.09027	0.12826	0.21099	0.03412	0.09116	0.02802	0.04949	0.04845	0.00860	0.01095	0.00701	0.04687	0.00481	0.00139	0.00519	0.00366	0.00232	0.00576
9	0.00544	0.00393	0.00501	0.00565	0.00606	0.00371	0.00383	0.00624	0.00822	0.01088	0.06225	0.54998	0.10984	0.12953	0.04296	0.00224	0.00307	0.03403	0.00372	0.00340
10	0.03132	0.13745	0.21181	0.19877	0.08166	0.04914	0.09216	0.05144	0.02222	0.04706	0.00817	0.01009	0.00624	0.00494	0.02882	0.00145	0.00580	0.00351	0.00224	0.00571
11	0.03385	0.10355	0.08846	0.04681	0.10429	0.10987	0.13663	0.15525	0.01158	0.04790	0.04963	0.02366	0.00838	0.00477	0.00475	0.00130	0.05679	0.00395	0.00272	0.00584
12	0.01092	0.13726	0.27094	0.13501	0.14171	0.06722	0.05596	0.03370	0.00981	0.08646	0.00830	0.00983	0.00623	0.00411	0.00397	0.00126	0.00562	0.00341	0.00228	0.00599
13	0.00604	0.00463	0.00591	0.00612	0.00716	0.00434	0.01858	0.02002	0.02550	0.01315	0.19248	0.24268	0.24198	0.01090	0.00529	0.00160	0.00274	0.18293	0.00408	0.00387
14	0.04717	0.00902	0.01269	0.09509	0.23606	0.04306	0.06573	0.08561	0.06005	0.11754	0.07008	0.01601	0.08032	0.00545	0.00457	0.00135	0.02128	0.01985	0.00321	0.00586
15	0.03146	0.05974	0.10671	0.05222	0.24034	0.16973	0.04143	0.04750	0.04843	0.05318	0.03251	0.02449	0.00800	0.00509	0.01766	0.00138	0.04799	0.00378	0.00252	0.00585
16	0.09543	0.35492	0.09050	0.01034	0.02771	0.07598	0.15992	0.01334	0.00913	0.05001	0.00767	0.03315	0.00649	0.00429	0.00406	0.00120	0.04477	0.00339	0.00222	0.00547
17	0.00907	0.03005	0.04978	0.44156	0.09188	0.07568	0.00994	0.03616	0.00916	0.03091	0.00985	0.09687	0.00890	0.06035	0.02092	0.00166	0.00538	0.00466	0.00234	0.00487
18	0.01290	0.00790	0.00973	0.00911	0.08172	0.03882	0.00657	0.11276	0.07157	0.29144	0.19920	0.05470	0.03051	0.00635	0.00469	0.00133	0.02350	0.00531	0.00431	0.02757
19	0.00997	0.06711	0.22817	0.10999	0.14638	0.02357	0.12903	0.06143	0.02564	0.04575	0.00991	0.07152	0.00841	0.00501	0.00448	0.00137	0.01865	0.02530	0.00247	0.00583
20	0.01240	0.00593	0.00770	0.00660	0.00877	0.00532	0.00525	0.01442	0.04559	0.40894	0.17974	0.09371	0.13108	0.00774	0.00471	0.00141	0.00301	0.04733	0.00475	0.00559
21	0.01235	0.02068	0.03091	0.00783	0.01011	0.04655	0.00643	0.06187	0.13800	0.28093	0.05131	0.05396	0.10727	0.00854	0.06345	0.00179	0.06758	0.02063	0.00404	0.00577
22	0.02868	0.00862	0.01451	0.44511	0.31531	0.00963	0.04543	0.01204	0.02902	0.01250	0.00844	0.01222	0.00684	0.00432	0.00429	0.00138	0.00535	0.02866	0.00212	0.00552
23	0.32991	0.08948	0.19161	0.00839	0.01181	0.10656	0.00813	0.02637	0.14312	0.01586	0.02699	0.00956	0.00721	0.00442	0.00346	0.00128	0.00459	0.00310	0.00267	0.00547
24	0.46441	0.03599	0.17856	0.02449	0.05393	0.05930	0.04700	0.01361	0.02357	0.05398	0.00730	0.00839	0.00550	0.00406	0.00333	0.00131	0.00455	0.00288	0.00250	0.00533
25	0.30217	0.36243	0.01388	0.00679	0.01001	0.01179	0.00614	0.01465	0.00906	0.21566	0.00862	0.00875	0.00644	0.00415	0.00308	0.00115	0.00390	0.00278	0.00295	0.00562
26	0.08494	0.02694	0.00673	0.00614	0.01716	0.00608	0.00463	0.08812	0.06899	0.01515	0.18806	0.15206	0.27430	0.02196	0.00495	0.00147	0.00277	0.02120	0.00394	0.00441
27	0.17153	0.06281	0.06995	0.06965	0.06120	0.10235	0.02986	0.12905	0.03256	0.18868	0.01005	0.02906	0.00746	0.00473	0.00395	0.00129	0.01301	0.00362	0.00324	0.00595
28	0.00616	0.00511	0.00622	0.00657	0.03287	0.02250	0.02294	0.00798	0.04768	0.01270	0.15805	0.27376	0.30108	0.01050	0.00512	0.00153	0.00274	0.06856	0.00395	0.00397
29	0.01237	0.00659	0.00821	0.00686	0.00914	0.00624	0.00551	0.11382	0.03987	0.32682	0.26281	0.02368	0.11010	0.00721	0.00466	0.00136	0.00311	0.04123	0.00473	0.00569
30	0.00804	0.00632	0.00814	0.04518	0.04224	0.00651	0.02925	0.13164	0.08051	0.01496	0.10868	0.30402	0.10284	0.02306	0.00525	0.00158	0.00333	0.06990	0.00387	0.00467
31	0.02798	0.23004	0.21582	0.01306	0.15049	0.10936	0.05436	0.04906	0.02250	0.01283	0.00726	0.00882	0.00591	0.00425	0.00453	0.00123	0.07138	0.00317	0.00209	0.00585
32	0.01016	0.03957	0.02829	0.20955	0.05817	0.12026	0.03036	0.07736	0.04191	0.01259	0.03212	0.03012	0.00807	0.00786	0.08006	0.00193	0.20012	0.00401	0.00239	0.00508
33	0.00518	0.00386	0.00486	0.00561	0.00612	0.00354	0.00384	0.00601	0.00843	0.01097	0.02723	0.65389	0.19441	0.01334	0.02961	0.00182	0.00266	0.01122	0.00390	0.00349
34	0.02421	0.23574	0.16049	0.03976	0.19182	0.09204	0.04604	0.03345	0.06736	0.01285	0.00858	0.04064	0.00728	0.00482	0.01655	0.00130	0.00535	0.00360	0.00227	0.00585
35	0.01071	0.08388	0.33299	0.05509	0.09505	0.02907	0.06732	0.02882	0.03869	0.12560	0.03842	0.02462	0.02115	0.00472	0.00438	0.00132	0.02551	0.00392	0.00265	0.00607
36	0.00823	0.00477	0.00597	0.00566	0.00707	0.00421	0.00424	0.00957	0.01040	0.18157	0.22639	0.24101	0.25489	0.00978	0.00497	0.00146	0.00250	0.00849	0.00441	0.00442
37	0.02575	0.27087	0.16191	0.03113	0.06303	0.21338	0.00951	0.03015	0.05742	0.04158	0.00769	0.00878	0.00619	0.00435	0.00417	0.00118	0.05200	0.00301	0.00226	0.00566
38	0.04148	0.07375	0.13733	0.11736	0.10877	0.04577	0.06815	0.10476	0.04113	0.08367	0.03610	0.02280	0.02191	0.00508	0.00467	0.00135	0.04563	0.03164	0.00282	0.00582
39	0.00584	0.00442	0.00519	0.00584	0.00643	0.02960	0.00402	0.00669	0.00871	0.02986	0.04570	0.65091	0.15636	0.01234	0.00528	0.00164	0.00260	0.01101	0.00394	0.00363
40	0.00616	0.00425	0.00527	0.00527	0.00549	0.00447	0.00336	0.00659	0.00637	0.00872	0.01283	0.02466	0.01408	0.61587	0.25436	0.00490	0.00621	0.00572	0.00249	0.00293
41	0.07975	0.07526	0.16041	0.02108	0.09226	0.11031	0.04325	0.13120	0.04690	0.09976	0.02747	0.01060	0.00764	0.00538	0.03013	0.00143	0.01919	0.00355	0.00289	0.03153
42	0.03195	0.07505	0.07835	0.12108	0.19435	0.08570	0.10121	0.02227	0.07266	0.05107	0.02369	0.03428	0.04581	0.00541	0.01696	0.00141	0.00525	0.02522	0.00262	0.00565
43	0.03333	0.00572	0.00766	0.02627	0.02837	0.00557	0.03041	0.02834	0.06249	0.12480	0.34952	0.12010	0.06467	0.02144	0.00513	0.00149	0.00298	0.07274	0.00425	0.00473
44	0.05815	0.02417	0.08347	0.05616	0.25135	0.02051	0.23625	0.06795	0.08074	0.03327	0.03165	0.01184	0.01615	0.00429	0.00436	0.00134	0.00540	0.00423	0.00261	0.00610
45	0.19163	0.05061	0.04113	0.05160	0.14484	0.06473	0.07470	0.13786	0.08681	0.04771	0.02146	0.03342	0.00829	0.00482	0.00396	0.00132	0.00468	0.02162	0.00298	0.00583
46	0.02456	0.05211	0.08986	0.01002	0.05424	0.04733	0.07923	0.15655	0.06320	0.04057	0.05315	0.17314	0.07682	0.00703	0.00505	0.00142	0.05106	0.00595	0.00332	0.00541

[dist]
# distance from previous block
# <min> <max>
1	7

[block]
# block no. 1 follows, 62 sequences, length 54
# corresponding to MSA columns:
# 236-289
name=unknown_B
#
# <colnr> <probs for GDERKNQSTAVLIFYWHMCP>
#	G	D	E	R	K	N	Q	S	T	A	V	L	I	F	Y	W	H	M	C	P
0	0.03250	0.20049	0.07153	0.04697	0.15133	0.18947	0.04945	0.06464	0.01051	0.02295	0.02556	0.01239	0.03767	0.00485	0.00414	0.00123	0.02334	0.04302	0.00243	0.00553
1	0.01257	0.01309	0.01099	0.01080	0.08136	0.32455	0.00768	0.10892	0.23051	0.01504	0.05232	0.07068	0.01160	0.00581	0.00427	0.00130	0.00520	0.02435	0.00329	0.00567
2	0.08430	0.01087	0.03247	0.07962	0.10578	0.10237	0.00821	0.21822	0.13178	0.09489	0.04739	0.01192	0.00921	0.00488	0.00407	0.00128	0.00459	0.00387	0.00344	0.04082
3	0.00548	0.00414	0.00501	0.00535	0.00618	0.00375	0.00387	0.00664	0.00948	0.01237	0.19763	0.32054	0.28451	0.05324	0.00606	0.00169	0.00245	0.06397	0.00403	0.00361
4	0.00741	0.00710	0.07824	0.00760	0.00868	0.00667	0.03042	0.02903	0.00803	0.03336	0.03403	0.20065	0.06491	0.22859	0.06053	0.00259	0.15953	0.02569	0.00293	0.00402
5	0.01290	0.00712	0.04113	0.02251	0.01007	0.02707	0.00619	0.01452	0.01062	0.41028	0.06967	0.19878	0.01651	0.00756	0.00485	0.00143	0.02461	0.06064	0.00435	0.04919
6	0.00948	0.01119	0.13988	0.03664	0.24672	0.00980	0.16824	0.04711	0.04479	0.01353	0.00936	0.03350	0.00793	0.00796	0.10292	0.00206	0.08411	0.01667	0.00233	0.00578
7	0.01138	0.85302	0.02230	0.00728	0.01092	0.01684	0.00728	0.01274	0.00865	0.01001	0.00592	0.00683	0.00546	0.00364	0.00273	0.00091	0.00455	0.00228	0.00182	0.00546
8	0.01697	0.01036	0.01177	0.00906	0.01240	0.01092	0.00747	0.54026	0.03602	0.28131	0.01247	0.01171	0.00842	0.00517	0.00427	0.00129	0.00431	0.00400	0.00458	0.00723
9	0.01013	0.01202	0.24520	0.25612	0.14899	0.00911	0.03187	0.01317	0.00929	0.12914	0.00971	0.05269	0.00760	0.00484	0.00469	0.00139	0.04162	0.00412	0.00249	0.00581
10	0.01338	0.00780	0.00862	0.00732	0.00970	0.07737	0.00577	0.01671	0.14835	0.37867	0.15050	0.05327	0.09052	0.00667	0.00449	0.00135	0.00348	0.00555	0.00457	0.00594
11	0.00623	0.00420	0.00530	0.00566	0.00621	0.00398	0.00394	0.00712	0.00855	0.03998	0.12543	0.34411	0.08020	0.24085	0.00979	0.00232	0.00304	0.09590	0.00371	0.00348
12	0.00925	0.00754	0.01182	0.04510	0.37326	0.00764	0.00903	0.03113	0.00996	0.06509	0.11102	0.16504	0.01638	0.00710	0.00506	0.00145	0.03649	0.07904	0.00315	0.00546
13	0.08835	0.12438	0.27550	0.04976	0.04976	0.11100	0.02971	0.15785	0.04814	0.01566	0.00808	0.00914	0.00612	0.00428	0.00382	0.00125	0.00548	0.00321	0.00251	0.00599
14	0.04725	0.00606	0.00662	0.00602	0.00785	0.00599	0.00465	0.05687	0.15778	0.09230	0.15076	0.06839	0.35594	0.00852	0.00470	0.00141	0.00270	0.00714	0.00422	0.00482
15	0.21902	0.01063	0.01084	0.00856	0.01173	0.02657	0.00704	0.50424	0.03186	0.11411	0.01002	0.00999	0.00707	0.00485	0.00387	0.00129	0.00427	0.00352	0.00395	0.00657
16	0.02155	0.16604	0.39096	0.01183	0.07073	0.05259	0.06557	0.06729	0.01000	0.05207	0.00841	0.02861	0.00658	0.00495	0.02386	0.00139	0.00579	0.00347	0.00227	0.00603
17	0.00654	0.00557	0.00936	0.00827	0.00941	0.00529	0.17998	0.00780	0.00819	0.01097	0.02984	0.41016	0.03772	0.20574	0.02993	0.00234	0.00412	0.02177	0.00321	0.00378
18	0.01657	0.00706	0.00933	0.00748	0.01033	0.00639	0.00607	0.05810	0.04140	0.63157	0.06151	0.08121	0.01377	0.00624	0.00444	0.00137	0.00349	0.02200	0.00502	0.00668
19	0.01319	0.08345	0.11008	0.01194	0.09764	0.01019	0.12453	0.18275	0.01238	0.20961	0.06388	0.01240	0.00960	0.00486	0.00460	0.00131	0.03364	0.00414	0.00342	0.00641
20	0.00606	0.04699	0.00612	0.00570	0.00684	0.00499	0.00422	0.00821	0.09559	0.01187	0.02965	0.37472	0.33860	0.01098	0.00503	0.00155	0.00259	0.03244	0.00388	0.00398
21	0.05366	0.01292	0.01118	0.00925	0.01210	0.26661	0.00735	0.27412	0.07058	0.20398	0.01098	0.01078	0.00782	0.00491	0.00404	0.00124	0.00516	0.00360	0.02345	0.00630
22	0.01120	0.00618	0.00768	0.00669	0.00874	0.00589	0.00528	0.03262	0.12702	0.28970	0.24863	0.05938	0.12173	0.00763	0.00471	0.00140	0.00293	0.04244	0.00466	0.00549
23	0.00883	0.00942	0.07020	0.58208	0.11880	0.02294	0.05780	0.02476	0.04099	0.01208	0.00809	0.01120	0.00613	0.00422	0.00428	0.00139	0.00565	0.00383	0.00206	0.00525
24	0.01544	0.01906	0.01219	0.01115	0.02729	0.73254	0.00832	0.05243	0.02495	0.01132	0.00689	0.00804	0.00571	0.00456	0.00432	0.00115	0.04436	0.00288	0.00230	0.00508
25	0.00577	0.00433	0.00537	0.00585	0.00656	0.00411	0.00419	0.02859	0.01746	0.01201	0.08498	0.50252	0.20449	0.01195	0.00562	0.01606	0.01650	0.05600	0.00394	0.00368
26	0.01014	0.02880	0.01631	0.15239	0.64738	0.02369	0.01243	0.01265	0.00958	0.01336	0.02804	0.01105	0.00735	0.00399	0.00420	0.00128	0.00511	0.00383	0.00213	0.00630
27	0.00570	0.00401	0.00493	0.00537	0.00567	0.00386	0.00350	0.00628	0.00767	0.01018	0.05537	0.37821	0.07807	0.34779	0.03245	0.00278	0.00336	0.03826	0.00339	0.00316
28	0.53748	0.27630	0.02396	0.00649	0.00948	0.03841	0.00580	0.01305	0.03294	0.01581	0.00632	0.00722	0.00518	0.00392	0.00278	0.00119	0.00388	0.00240	0.00240	0.00498
29	0.01138	0.32121	0.15647	0.05084	0.01336	0.09592	0.03039	0.03513	0.08414	0.08081	0.04039	0.01156	0.04205	0.00467	0.00371	0.00118	0.00492	0.00355	0.00265	0.00570
30	0.04242	0.00980	0.02884	0.00862	0.01131	0.02523	0.00707	0.40580	0.12177	0.09304	0.04431	0.08665	0.02803	0.01361	0.02302	0.00152	0.01226	0.02634	0.00410	0.00627
31	0.37669	0.06317	0.12626	0.13797	0.07408	0.01012	0.06360	0.04299	0.00870	0.03044	0.00729	0.00920	0.00567	0.02316	0.00389	0.00138	0.00463	0.00313	0.00239	0.00525
32	0.13063	0.00850	0.02911	0.11515	0.20460	0.02547	0.03146	0.09145	0.01807	0.03314	0.06886	0.05351	0.11725	0.00636	0.01511	0.00144	0.01577	0.02582	0.00300	0.00529
33	0.09808	0.00758	0.00856	0.00747	0.00946	0.02036	0.00593	0.20386	0.04165	0.14292	0.11298	0.16111	0.05030	0.01707	0.00518	0.00148	0.04382	0.05278	0.00405	0.00536
34	0.00539	0.00400	0.00504	0.00565	0.00623	0.00370	0.00391	0.00659	0.02506	0.01200	0.14228	0.59003	0.15021	0.01212	0.00529	0.00162	0.00237	0.01084	0.00406	0.00362
35	0.05629	0.14718	0.03002	0.01156	0.11400	0.34218	0.00843	0.12222	0.05788	0.04785	0.00823	0.00910	0.00654	0.00476	0.01513	0.00124	0.00585	0.00314	0.00266	0.00575
36	0.00812	0.02886	0.08978	0.04085	0.01066	0.00670	0.06396	0.07932	0.02594	0.02491	0.12234	0.15992	0.06805	0.12688	0.00693	0.00171	0.00384	0.00624	0.00324	0.12174
37	0.03295	0.24114	0.23346	0.08004	0.12721	0.07560	0.01065	0.05708	0.03037	0.02255	0.01995	0.00939	0.00653	0.00437	0.00407	0.01710	0.01638	0.00318	0.00219	0.00579
38	0.02479	0.47091	0.20612	0.00890	0.01286	0.03331	0.04552	0.02866	0.03117	0.01208	0.04224	0.01080	0.02758	0.00443	0.00347	0.00113	0.00492	0.02337	0.00219	0.00556
39	0.00617	0.00434	0.00505	0.00504	0.00559	0.00418	0.00335	0.00699	0.01843	0.01944	0.13339	0.04946	0.16306	0.47277	0.03479	0.00307	0.00359	0.05481	0.00328	0.00320
40	0.00765	0.00595	0.00700	0.00698	0.02494	0.04641	0.02154	0.02808	0.07256	0.05399	0.22157	0.25272	0.12055	0.04570	0.00573	0.00162	0.00308	0.06560	0.00401	0.00433
41	0.08987	0.03149	0.01259	0.04993	0.15506	0.26591	0.02661	0.11899	0.07130	0.08313	0.00979	0.01066	0.02571	0.00470	0.00423	0.00126	0.02648	0.00357	0.00291	0.00583
42	0.07963	0.00871	0.01122	0.13966	0.18331	0.05044	0.00842	0.14313	0.01076	0.08145	0.00979	0.01193	0.00770	0.00892	0.13757	0.00217	0.01803	0.00380	0.07778	0.00555
43	0.00899	0.00532	0.00662	0.00642	0.00759	0.00518	0.00472	0.07987	0.03151	0.14563	0.03917	0.36347	0.03930	0.11585	0.00736	0.02560	0.00317	0.05934	0.04046	0.00441
44	0.00990	0.02769	0.01487	0.11338	0.51890	0.00940	0.02946	0.01301	0.06932	0.03460	0.03339	0.03319	0.04309	0.00488	0.00434	0.00133	0.00471	0.02585	0.00256	0.00612
45	0.00996	0.01027	0.11782	0.28666	0.18318	0.02729	0.03374	0.06480	0.04605	0.07025	0.02354	0.07197	0.02565	0.00516	0.00435	0.00138	0.00504	0.00456	0.00267	0.00567
46	0.00659	0.00499	0.00609	0.00607	0.00658	0.03933	0.00429	0.00743	0.00687	0.00943	0.01222	0.04309	0.01259	0.32813	0.43426	0.02953	0.00787	0.00524	0.02606	0.00334
47	0.00816	0.00481	0.00649	0.00685	0.00785	0.00459	0.00539	0.00948	0.00924	0.13656	0.02083	0.27688	0.02235	0.11131	0.00738	0.00205	0.00347	0.34820	0.00397	0.00413
48	0.10398	0.00783	0.00799	0.02625	0.03020	0.11759	0.02483	0.06609	0.03210	0.05944	0.05010	0.40592	0.03301	0.00895	0.00464	0.00149	0.00373	0.00774	0.00357	0.00454
49	0.05431	0.02870	0.05146	0.13154	0.22453	0.00930	0.04603	0.01389	0.15896	0.03265	0.01895	0.01214	0.00830	0.02451	0.04612	0.00161	0.02727	0.00390	0.00266	0.10317
50	0.01060	0.37204	0.25501	0.00930	0.01333	0.07594	0.02820	0.05041	0.06386	0.01252	0.00924	0.04443	0.02915	0.00462	0.00361	0.00117	0.00513	0.00346	0.00228	0.00570
51	0.06669	0.02802	0.06923	0.03190	0.05029	0.02953	0.04732	0.06386	0.02574	0.06751	0.03818	0.03194	0.00976	0.04051	0.25426	0.00309	0.09277	0.00427	0.00270	0.04242
52	0.02647	0.07695	0.01009	0.00778	0.00938	0.04891	0.07831	0.10488	0.04622	0.03501	0.04439	0.13208	0.03190	0.26202	0.00995	0.00223	0.02728	0.03858	0.00314	0.00444
53	0.00992	0.09677	0.18218	0.02428	0.12604	0.04955	0.17780	0.07598	0.03225	0.01411	0.05360	0.06274	0.02691	0.00577	0.02265	0.00146	0.00550	0.02422	0.00259	0.00569

[dist]
# distance from previous block
# <min> <max>
2	62

[block]
# block no. 2 follows, 62 sequences, length 41
# corresponding to MSA columns:
# 359-399
name=unknown_C
#
# <colnr> <probs for GDERKNQSTAVLIFYWHMCP>
#	G	D	E	R	K	N	Q	S	T	A	V	L	I	F	Y	W	H	M	C	P
0	0.00881	0.09909	0.07535	0.03166	0.00910	0.02989	0.00575	0.08031	0.03183	0.05494	0.02255	0.08290	0.05348	0.31936	0.07468	0.00277	0.00480	0.00548	0.00292	0.00433
1	0.08539	0.09876	0.10257	0.04225	0.01287	0.09269	0.06927	0.08353	0.08329	0.12099	0.07011	0.03595	0.04124	0.00522	0.00404	0.00127	0.00460	0.00424	0.00321	0.03851
2	0.04665	0.12128	0.03234	0.05653	0.15243	0.07930	0.07812	0.03956	0.06764	0.15771	0.02000	0.01283	0.03103	0.00482	0.00430	0.00127	0.02665	0.02545	0.00301	0.03907
3	0.00929	0.05944	0.15972	0.08366	0.03157	0.10360	0.02293	0.06054	0.02774	0.02458	0.00948	0.01269	0.00807	0.03567	0.31571	0.00343	0.02071	0.00387	0.00233	0.00498
4	0.02944	0.17801	0.15604	0.04237	0.07656	0.14017	0.02814	0.04459	0.07333	0.03656	0.00835	0.01005	0.00681	0.01954	0.04618	0.00159	0.09094	0.00338	0.00236	0.00559
5	0.05240	0.12630	0.19205	0.02450	0.04306	0.04188	0.10371	0.05977	0.12490	0.05633	0.01077	0.04056	0.02088	0.03028	0.00505	0.00142	0.04324	0.01435	0.00275	0.00578
6	0.00688	0.00502	0.00532	0.00515	0.00556	0.02930	0.00319	0.02323	0.02778	0.00950	0.01439	0.02679	0.04382	0.68970	0.01834	0.00358	0.00407	0.02803	0.02023	0.03009
7	0.04064	0.03991	0.07498	0.02863	0.02707	0.35052	0.00811	0.09204	0.04667	0.10688	0.00957	0.01152	0.00767	0.02877	0.03252	0.00148	0.01728	0.02983	0.00288	0.04302
8	0.03481	0.07042	0.05143	0.04993	0.16633	0.04259	0.33672	0.10441	0.06349	0.01506	0.00879	0.01072	0.00678	0.00408	0.00451	0.00133	0.01591	0.00415	0.00249	0.00604
9	0.00646	0.00461	0.00559	0.02714	0.00631	0.00487	0.00365	0.00762	0.05751	0.00943	0.02353	0.03802	0.02762	0.58452	0.17170	0.00428	0.00540	0.00589	0.00268	0.00317
10	0.01541	0.11150	0.01320	0.01053	0.01291	0.72130	0.00811	0.03818	0.01190	0.01082	0.00660	0.00765	0.00553	0.00432	0.00373	0.00108	0.00725	0.00272	0.00221	0.00505
11	0.00739	0.00370	0.00554	0.00554	0.00554	0.00370	0.00370	0.00554	0.00554	0.00739	0.00739	0.01293	0.00739	0.01478	0.01663	0.87620	0.00370	0.00370	0.00185	0.00185
12	0.03336	0.00586	0.02506	0.02568	0.00740	0.03482	0.00442	0.04673	0.00839	0.06327	0.01732	0.20044	0.08153	0.35695	0.05568	0.00287	0.00418	0.01911	0.00320	0.00374
13	0.01014	0.00987	0.01608	0.17569	0.55230	0.03126	0.04445	0.01316	0.05018	0.01330	0.00829	0.01087	0.00677	0.00412	0.00460	0.00133	0.03535	0.00386	0.00217	0.00620
14	0.00695	0.00438	0.00584	0.00637	0.00715	0.00411	0.00475	0.00809	0.00907	0.08791	0.05957	0.47924	0.05893	0.04717	0.00607	0.00181	0.00295	0.19167	0.00404	0.00391
15	0.83261	0.00831	0.00654	0.00577	0.00844	0.00957	0.00475	0.03617	0.00775	0.04040	0.00633	0.00721	0.00484	0.00402	0.00272	0.00132	0.00334	0.00240	0.00275	0.00475
16	0.04716	0.00694	0.00841	0.00741	0.00956	0.00701	0.00588	0.06360	0.16808	0.29289	0.05627	0.14982	0.05898	0.00761	0.00483	0.00148	0.02220	0.07170	0.00442	0.00576
17	0.00558	0.00403	0.00559	0.00629	0.00668	0.00382	0.02268	0.00640	0.00816	0.01085	0.02194	0.67131	0.02590	0.07287	0.00688	0.02160	0.00287	0.08933	0.00376	0.00346
18	0.00687	0.00473	0.00627	0.00613	0.00677	0.00513	0.00439	0.03799	0.00732	0.03534	0.01275	0.05414	0.01299	0.33094	0.44352	0.00525	0.00786	0.00543	0.00263	0.00357
19	0.00983	0.07863	0.02485	0.03456	0.03773	0.11144	0.14337	0.04563	0.02315	0.03459	0.00978	0.04270	0.00876	0.05017	0.22958	0.00296	0.09085	0.00438	0.01216	0.00487
20	0.02767	0.01188	0.02469	0.03623	0.07126	0.17936	0.10465	0.23249	0.09049	0.02651	0.03420	0.09944	0.02132	0.00575	0.00450	0.00134	0.01430	0.00485	0.00326	0.00580
21	0.00850	0.00673	0.00886	0.10294	0.06785	0.03626	0.02897	0.01125	0.09548	0.07680	0.15422	0.19411	0.09404	0.01995	0.00544	0.00149	0.04751	0.00686	0.02797	0.00476
22	0.15291	0.01148	0.01173	0.00915	0.01241	0.02674	0.00754	0.66997	0.01785	0.02531	0.00947	0.00965	0.00679	0.00491	0.00399	0.00128	0.00451	0.00357	0.00396	0.00678
23	0.04256	0.01090	0.01338	0.22172	0.32845	0.17573	0.01045	0.03234	0.00982	0.01258	0.00859	0.03742	0.00751	0.03008	0.02429	0.00151	0.00568	0.01928	0.00225	0.00546
24	0.03855	0.02208	0.01323	0.22985	0.24046	0.05131	0.03338	0.06903	0.05390	0.09174	0.03877	0.02557	0.00924	0.00502	0.00454	0.00137	0.02639	0.03699	0.00283	0.00578
25	0.01206	0.00726	0.00889	0.00681	0.00989	0.00623	0.00548	0.08754	0.01145	0.26168	0.15215	0.01520	0.02773	0.00507	0.00395	0.00103	0.00322	0.00418	0.00391	0.36626
26	0.02623	0.01913	0.03335	0.00665	0.00896	0.01580	0.01878	0.03812	0.05546	0.13118	0.18417	0.04415	0.13991	0.04084	0.03665	0.00156	0.00349	0.02622	0.00377	0.16559
27	0.03236	0.00804	0.00909	0.00785	0.01015	0.00860	0.02493	0.14094	0.34663	0.03184	0.12313	0.08088	0.06859	0.00674	0.00445	0.00137	0.00333	0.01769	0.00409	0.06928
28	0.00900	0.00671	0.00763	0.00682	0.00863	0.00698	0.00532	0.11986	0.20768	0.03988	0.27137	0.03323	0.09426	0.04117	0.00530	0.00148	0.00300	0.05598	0.04351	0.03219
29	0.05911	0.59816	0.08850	0.00815	0.01174	0.07388	0.02680	0.03096	0.00905	0.01130	0.00652	0.00771	0.00571	0.00507	0.04087	0.00127	0.00523	0.00259	0.00197	0.00542
30	0.00834	0.00731	0.00929	0.00821	0.00845	0.02349	0.00628	0.04581	0.00733	0.01048	0.04166	0.01777	0.01107	0.35076	0.01611	0.00272	0.41375	0.00487	0.00238	0.00391
31	0.00539	0.00386	0.00510	0.00602	0.00637	0.00364	0.00417	0.00624	0.00829	0.01097	0.02356	0.70659	0.05192	0.04724	0.00613	0.00184	0.00268	0.09264	0.00389	0.00347
32	0.00738	0.00666	0.00708	0.00720	0.00802	0.11647	0.02893	0.03038	0.00903	0.01140	0.03789	0.48791	0.03532	0.04881	0.08021	0.00217	0.01779	0.04090	0.01254	0.00388
33	0.85375	0.00820	0.00637	0.00566	0.00831	0.00944	0.00466	0.01276	0.00739	0.04419	0.00626	0.00715	0.00479	0.00399	0.00268	0.00132	0.00330	0.00237	0.00272	0.00469
34	0.00927	0.00760	0.00889	0.00642	0.01014	0.00584	0.00514	0.01145	0.03308	0.04497	0.00821	0.00925	0.00666	0.00331	0.00323	0.00068	0.00318	0.00266	0.00268	0.81735
35	0.00545	0.00382	0.00486	0.00558	0.00576	0.00364	0.00358	0.00600	0.00762	0.01016	0.02076	0.62784	0.02474	0.23781	0.00978	0.00237	0.00291	0.01051	0.00358	0.00322
36	0.04647	0.05890	0.20615	0.01022	0.04615	0.00974	0.04269	0.18482	0.03728	0.26425	0.01132	0.01141	0.00786	0.00573	0.03660	0.00152	0.00502	0.00377	0.00353	0.00658
37	0.00835	0.00606	0.00669	0.00622	0.00785	0.02291	0.00474	0.05600	0.13970	0.09244	0.15637	0.14278	0.29004	0.02126	0.00509	0.00148	0.00282	0.02027	0.00422	0.00472
38	0.00888	0.01879	0.61037	0.01330	0.06570	0.00990	0.11548	0.01383	0.05684	0.01373	0.00920	0.01056	0.02562	0.00423	0.00422	0.00136	0.00606	0.00366	0.00206	0.00621
39	0.00964	0.00918	0.01612	0.27629	0.41310	0.00960	0.11280	0.01234	0.00947	0.02673	0.03733	0.01169	0.00763	0.00409	0.00433	0.00132	0.00534	0.00406	0.00220	0.02673
40	0.00989	0.00943	0.01591	0.23535	0.59784	0.00995	0.01257	0.01275	0.03063	0.01322	0.00814	0.01088	0.00663	0.00396	0.00423	0.00131	0.00517	0.00382	0.00211	0.00622

[dist]
# distance from previous block
# <min> <max>
1	3

[block]
# block no. 3 follows, 62 sequences, length 7
# corresponding to MSA columns:
# 403-409
name=unknown_D
#
# <colnr> <probs for GDERKNQSTAVLIFYWHMCP>
#	G	D	E	R	K	N	Q	S	T	A	V	L	I	F	Y	W	H	M	C	P
0	0.02490	0.00905	0.05468	0.08339	0.05259	0.08312	0.02670	0.04515	0.13061	0.14883	0.20737	0.05438	0.04839	0.00635	0.00447	0.00135	0.00399	0.00539	0.00379	0.00549
1	0.02762	0.00804	0.00974	0.00840	0.03541	0.07431	0.07109	0.07152	0.02986	0.09408	0.15652	0.06210	0.05334	0.07557	0.04366	0.00172	0.02296	0.00525	0.00340	0.14540
2	0.04988	0.00867	0.01128	0.29095	0.11336	0.04772	0.00884	0.07783	0.12656	0.07060	0.07930	0.01429	0.03835	0.00510	0.00422	0.00133	0.00450	0.00431	0.00307	0.03984
3	0.04183	0.01110	0.13392	0.01228	0.07370	0.02332	0.22368	0.03926	0.12083	0.05565	0.10147	0.01447	0.03653	0.00503	0.00475	0.00134	0.03408	0.00464	0.00299	0.05913
4	0.06312	0.00763	0.01166	0.55915	0.07247	0.00900	0.01010	0.01129	0.04693	0.01209	0.00967	0.04557	0.03327	0.00489	0.00446	0.00138	0.03154	0.00416	0.00225	0.05936
5	0.01045	0.03454	0.03286	0.24589	0.06613	0.16390	0.06192	0.04101	0.07829	0.03600	0.05661	0.05407	0.02893	0.00515	0.00423	0.00128	0.00518	0.00438	0.00271	0.06648
6	0.00921	0.00783	0.04268	0.28664	0.06913	0.04032	0.04244	0.01146	0.01002	0.11481	0.15856	0.05777	0.10098	0.00622	0.00451	0.00137	0.00431	0.00545	0.00318	0.02312

[dist]
# distance from previous block
# <min> <max>
5	10

[block]
# block no. 4 follows, 62 sequences, length 11
# corresponding to MSA columns:
# 420-430
name=unknown_E
#
# <colnr> <probs for GDERKNQSTAVLIFYWHMCP>
#	G	D	E	R	K	N	Q	S	T	A	V	L	I	F	Y	W	H	M	C	P
0	0.01240	0.00833	0.03948	0.01058	0.11946	0.00791	0.02908	0.12492	0.11200	0.24479	0.06575	0.13432	0.01470	0.00674	0.00458	0.00142	0.00387	0.04948	0.00408	0.00611
1	0.00974	0.00790	0.02596	0.03688	0.06967	0.00818	0.00664	0.10132	0.29960	0.05474	0.25282	0.02088	0.07426	0.00664	0.00455	0.00137	0.00330	0.00566	0.00415	0.00573
2	0.01042	0.00930	0.01156	0.05459	0.11713	0.01047	0.04870	0.02031	0.62942	0.01673	0.01517	0.01473	0.01147	0.00533	0.00435	0.00142	0.00390	0.00464	0.00381	0.00658
3	0.01764	0.00715	0.00961	0.00737	0.01061	0.00611	0.00606	0.01933	0.01187	0.72133	0.04835	0.01467	0.01135	0.00521	0.00421	0.00126	0.00351	0.00426	0.00500	0.08510
4	0.01107	0.12452	0.21868	0.09866	0.09736	0.07613	0.11767	0.06953	0.07863	0.05446	0.00894	0.01027	0.00674	0.00423	0.00407	0.00128	0.00561	0.00362	0.00248	0.00603
5	0.01040	0.01000	0.04197	0.17538	0.28628	0.06748	0.10329	0.02409	0.02362	0.07281	0.04123	0.04519	0.03638	0.00500	0.00478	0.00136	0.03789	0.00453	0.00259	0.00572
6	0.00645	0.00507	0.00693	0.03552	0.08217	0.00475	0.00516	0.00826	0.01072	0.01484	0.46333	0.13358	0.12047	0.00877	0.00491	0.00138	0.00261	0.03553	0.00405	0.04551
7	0.03728	0.04208	0.04542	0.01014	0.01334	0.04108	0.09743	0.29785	0.29800	0.05408	0.01231	0.01218	0.00904	0.00502	0.00424	0.00134	0.00458	0.00416	0.00378	0.00663
8	0.03777	0.00981	0.05421	0.06369	0.14563	0.04795	0.06792	0.09418	0.02382	0.33959	0.02402	0.03244	0.00912	0.00489	0.00425	0.00131	0.00460	0.00420	0.00370	0.02690
9	0.03361	0.09740	0.21985	0.03248	0.05240	0.09385	0.00994	0.23167	0.05407	0.04120	0.00991	0.03125	0.00802	0.00512	0.00426	0.00131	0.02065	0.04397	0.00295	0.00610
10	0.03672	0.40869	0.09294	0.02185	0.01220	0.03373	0.00804	0.17152	0.06007	0.07501	0.03605	0.00975	0.00779	0.00443	0.00349	0.00112	0.00457	0.00319	0.00284	0.00600

[dist]
# distance from previous block
# <min> <max>
3	5

[block]
# block no. 5 follows, 62 sequences, length 18
# corresponding to MSA columns:
# 439-456
name=unknown_F
#
# <colnr> <probs for GDERKNQSTAVLIFYWHMCP>
#	G	D	E	R	K	N	Q	S	T	A	V	L	I	F	Y	W	H	M	C	P
0	0.04283	0.13549	0.20112	0.03014	0.08251	0.01101	0.20972	0.05520	0.09160	0.04126	0.00901	0.01033	0.00684	0.00407	0.00406	0.00127	0.00540	0.00373	0.00248	0.05193
1	0.04458	0.13952	0.30320	0.01167	0.06537	0.02385	0.10508	0.05663	0.12514	0.04465	0.01035	0.01116	0.03137	0.00446	0.00401	0.00129	0.00524	0.00373	0.00259	0.00611
2	0.03506	0.18940	0.09764	0.01392	0.17186	0.05311	0.19653	0.01306	0.02022	0.04309	0.04045	0.03947	0.03038	0.00459	0.00422	0.00125	0.01698	0.00417	0.00241	0.02218
3	0.01283	0.12828	0.03300	0.00983	0.01268	0.14542	0.04893	0.21996	0.26550	0.01709	0.01086	0.01110	0.00834	0.00503	0.00458	0.00129	0.05196	0.00379	0.00331	0.00622
4	0.01103	0.00936	0.00987	0.00875	0.01123	0.01079	0.00684	0.08537	0.75275	0.01852	0.01675	0.01542	0.01253	0.00572	0.00432	0.00143	0.00347	0.00473	0.00432	0.00677
5	0.01191	0.00826	0.03964	0.00744	0.01056	0.00722	0.00618	0.11521	0.09918	0.20766	0.07678	0.04609	0.01179	0.00586	0.02716	0.00126	0.00371	0.00422	0.00378	0.30609
6	0.03282	0.02643	0.20921	0.01197	0.12407	0.08197	0.00994	0.05230	0.06343	0.07526	0.03713	0.05832	0.00935	0.00718	0.05647	0.00174	0.12980	0.00422	0.00271	0.00569
7	0.01076	0.00897	0.01285	0.01081	0.02546	0.09819	0.21377	0.03647	0.01044	0.13675	0.01580	0.05139	0.05582	0.03884	0.01804	0.00171	0.03096	0.21456	0.00333	0.00509
8	0.00774	0.00546	0.00678	0.00619	0.00759	0.00536	0.00483	0.09227	0.04421	0.04507	0.59729	0.02983	0.05108	0.00839	0.00496	0.00139	0.00255	0.06989	0.00457	0.00455
9	0.00906	0.01072	0.12449	0.23503	0.30347	0.00943	0.13992	0.01207	0.00943	0.01300	0.04173	0.01313	0.05059	0.00447	0.00441	0.00136	0.00545	0.00433	0.00221	0.00572
10	0.01060	0.01033	0.06535	0.24495	0.17158	0.05809	0.07396	0.12584	0.04029	0.04468	0.01018	0.04593	0.00847	0.00581	0.02786	0.00153	0.00549	0.04066	0.00270	0.00571
11	0.00789	0.00494	0.00581	0.00545	0.00653	0.00512	0.00421	0.04007	0.00999	0.04224	0.20626	0.05987	0.07582	0.00753	0.02187	0.00137	0.06944	0.01900	0.40238	0.00421
12	0.00614	0.00431	0.00559	0.00559	0.00592	0.00464	0.00376	0.00680	0.00647	0.00895	0.01254	0.02304	0.01338	0.49714	0.37213	0.00530	0.00726	0.00548	0.00245	0.00311
13	0.04221	0.08661	0.06188	0.13538	0.33811	0.01092	0.08542	0.04942	0.03244	0.03810	0.00815	0.01034	0.00651	0.00430	0.00488	0.00133	0.07198	0.00372	0.00229	0.00601
14	0.00776	0.00704	0.03344	0.03753	0.11232	0.00681	0.03200	0.01211	0.19334	0.01532	0.30092	0.02556	0.15672	0.00741	0.00474	0.00140	0.00321	0.03345	0.00387	0.00505
15	0.00553	0.00394	0.00504	0.00560	0.00593	0.00382	0.00372	0.00623	0.00777	0.01039	0.04782	0.49741	0.06988	0.21374	0.09028	0.00277	0.00370	0.00963	0.00349	0.00331
16	0.00990	0.00915	0.04926	0.12218	0.15856	0.06451	0.09549	0.02983	0.01834	0.08808	0.05461	0.09728	0.06884	0.00670	0.02281	0.00152	0.04978	0.01613	0.03175	0.00529
17	0.01023	0.03247	0.26665	0.05686	0.26268	0.05183	0.12578	0.04350	0.08220	0.01415	0.00875	0.01047	0.00672	0.00411	0.00424	0.00132	0.00572	0.00377	0.00228	0.00626

[dist]
# distance from previous block
# <min> <max>
2	23

[block]
# block no. 6 follows, 62 sequences, length 38
# corresponding to MSA columns:
# 491-528
name=unknown_G
#
# <colnr> <probs for GDERKNQSTAVLIFYWHMCP>
#	G	D	E	R	K	N	Q	S	T	A	V	L	I	F	Y	W	H	M	C	P
0	0.08314	0.08333	0.24194	0.04514	0.12515	0.12426	0.10147	0.06345	0.02003	0.06140	0.00817	0.00952	0.00616	0.00413	0.00396	0.00127	0.00571	0.00340	0.00239	0.00595
1	0.09876	0.02855	0.08039	0.11368	0.22640	0.01024	0.16346	0.12088	0.01066	0.02843	0.00819	0.01013	0.00630	0.00399	0.00409	0.00127	0.00522	0.00371	0.00249	0.07317
2	0.00557	0.00451	0.00516	0.00531	0.02350	0.00400	0.00386	0.00710	0.02200	0.01313	0.25057	0.06724	0.51886	0.01044	0.01789	0.00151	0.00240	0.02903	0.00409	0.00383
3	0.07870	0.01785	0.01169	0.01030	0.01275	0.62870	0.00788	0.14192	0.01291	0.01370	0.00712	0.00804	0.00571	0.00445	0.00380	0.00113	0.00680	0.00288	0.00256	0.02111
4	0.00547	0.00389	0.00492	0.00556	0.00588	0.00367	0.00367	0.00616	0.00807	0.01073	0.06829	0.56602	0.06995	0.19247	0.00887	0.00221	0.00281	0.02437	0.00370	0.00332
5	0.00618	0.00416	0.00480	0.00479	0.00486	0.00419	0.00277	0.00632	0.00637	0.00857	0.03378	0.02730	0.01581	0.78151	0.06846	0.00421	0.00449	0.00613	0.00261	0.00269
6	0.00974	0.02937	0.22015	0.08066	0.46432	0.01005	0.06103	0.01312	0.02643	0.01363	0.02637	0.01078	0.00716	0.00402	0.00421	0.00130	0.00542	0.00378	0.00211	0.00633
7	0.00690	0.00433	0.00514	0.00503	0.00529	0.00434	0.00306	0.00714	0.00663	0.05555	0.01366	0.04492	0.01505	0.71090	0.09143	0.00415	0.00470	0.00607	0.00274	0.00297
8	0.00632	0.00434	0.00501	0.00490	0.00562	0.00406	0.00331	0.00716	0.00867	0.03701	0.19544	0.03201	0.22285	0.39287	0.01258	0.00265	0.00312	0.03216	0.01656	0.00335
9	0.00509	0.00422	0.00447	0.00467	0.00588	0.00359	0.00343	0.00613	0.00943	0.01141	0.03923	0.18312	0.66637	0.01125	0.00512	0.00150	0.00225	0.02532	0.00395	0.00357
10	0.01287	0.44744	0.01743	0.00909	0.01179	0.32612	0.00785	0.01409	0.00971	0.01019	0.00613	0.00741	0.00548	0.00433	0.00434	0.00108	0.09489	0.00261	0.00197	0.00517
11	0.00906	0.00770	0.00895	0.00641	0.01018	0.00591	0.00514	0.03589	0.00918	0.01427	0.00765	0.00887	0.00633	0.00321	0.00319	0.00065	0.00320	0.00256	0.00258	0.84908
12	0.04228	0.03110	0.06639	0.06649	0.07536	0.28744	0.02010	0.04414	0.15570	0.01301	0.00958	0.02190	0.00808	0.07358	0.00615	0.00153	0.06539	0.00380	0.00264	0.00534
13	0.01618	0.01192	0.01277	0.00979	0.01320	0.01320	0.00809	0.80973	0.02001	0.02682	0.01022	0.01022	0.00724	0.00511	0.00426	0.00128	0.00468	0.00383	0.00426	0.00724
14	0.00617	0.00419	0.00496	0.00496	0.00507	0.00430	0.00297	0.00639	0.00628	0.00849	0.01312	0.02624	0.01477	0.73223	0.13894	0.00452	0.00518	0.00595	0.00254	0.00275
15	0.15129	0.00869	0.00989	0.00772	0.01088	0.00872	0.00635	0.25413	0.01343	0.38439	0.01248	0.01175	0.00839	0.00488	0.00390	0.00125	0.00380	0.00372	0.03668	0.05763
16	0.00974	0.00972	0.01832	0.27656	0.29917	0.01006	0.27437	0.01269	0.00948	0.02637	0.00821	0.01116	0.00638	0.00389	0.00449	0.00137	0.00592	0.00420	0.00211	0.00579
17	0.01496	0.01131	0.01209	0.00954	0.01273	0.01263	0.00779	0.63865	0.19306	0.02486	0.01176	0.01145	0.00849	0.00525	0.00427	0.00131	0.00440	0.00404	0.00427	0.00713
18	0.00576	0.00433	0.00534	0.00511	0.00620	0.00390	0.00382	0.00752	0.01140	0.01559	0.61631	0.04835	0.23215	0.00929	0.00503	0.00137	0.00205	0.00809	0.00449	0.00390
19	0.00853	0.02201	0.82841	0.01213	0.01842	0.00988	0.01572	0.01348	0.00898	0.01348	0.00764	0.00898	0.00539	0.00404	0.00404	0.00135	0.00629	0.00314	0.00180	0.00629
20	0.01515	0.01886	0.01164	0.01057	0.01260	0.74957	0.00797	0.01629	0.01163	0.01072	0.00695	0.00822	0.00580	0.00455	0.00423	0.00112	0.04408	0.00285	0.05234	0.00486
21	0.00549	0.00392	0.00529	0.00627	0.00665	0.00372	0.00448	0.00645	0.00845	0.01120	0.02328	0.70260	0.02748	0.01304	0.00551	0.00177	0.00273	0.15418	0.00394	0.00354
22	0.00612	0.00410	0.00466	0.00473	0.00475	0.00408	0.00267	0.00617	0.00632	0.00843	0.01410	0.08408	0.01634	0.79304	0.02054	0.00396	0.00401	0.00659	0.00267	0.00264
23	0.00609	0.00448	0.00641	0.00639	0.00704	0.00505	0.00479	0.00739	0.00703	0.01002	0.05835	0.01942	0.01313	0.16549	0.65211	0.00607	0.00966	0.00501	0.00247	0.00361
24	0.01002	0.00846	0.00891	0.00807	0.01031	0.00966	0.00626	0.02062	0.70519	0.01736	0.04437	0.01759	0.05246	0.00606	0.00431	0.00141	0.00319	0.00505	0.05436	0.00634
25	0.03771	0.01183	0.01261	0.00969	0.01307	0.01310	0.00800	0.78987	0.01969	0.02662	0.01011	0.01013	0.00717	0.00508	0.00422	0.00128	0.00465	0.00379	0.00422	0.00717
26	0.00619	0.00413	0.00464	0.00464	0.00464	0.00413	0.00258	0.00619	0.00619	0.00825	0.01341	0.02785	0.01547	0.85046	0.02166	0.00413	0.00413	0.00619	0.00258	0.00258
27	0.00530	0.00378	0.00507	0.00606	0.00635	0.00355	0.00415	0.00612	0.00826	0.01099	0.02339	0.79283	0.02789	0.01322	0.00546	0.00174	0.00257	0.06582	0.00395	0.00349
28	0.00519	0.00423	0.00460	0.00469	0.00589	0.00363	0.00345	0.00635	0.00981	0.01219	0.15063	0.15487	0.59796	0.01085	0.00508	0.00146	0.00218	0.00924	0.00405	0.00363
29	0.01137	0.01181	0.01526	0.16670	0.49086	0.17923	0.01169	0.03877	0.01029	0.01306	0.00770	0.01008	0.00631	0.00404	0.00414	0.00126	0.00569	0.00357	0.00215	0.00603
30	0.03105	0.32765	0.30361	0.00957	0.01346	0.07221	0.01031	0.01283	0.00870	0.02322	0.00707	0.00868	0.00586	0.00617	0.06137	0.00159	0.08624	0.00294	0.00194	0.00553
31	0.76249	0.00914	0.00692	0.00614	0.00877	0.07557	0.00499	0.01333	0.00791	0.06391	0.00659	0.00740	0.00501	0.00406	0.00282	0.00130	0.00366	0.00245	0.00275	0.00478
32	0.00934	0.00890	0.01487	0.32563	0.43842	0.00989	0.01201	0.01180	0.00895	0.01239	0.00814	0.03731	0.00693	0.00456	0.00505	0.00138	0.07262	0.00405	0.00207	0.00572
33	0.00528	0.00395	0.00491	0.00551	0.00615	0.00358	0.00385	0.00627	0.00900	0.01177	0.12004	0.54314	0.22003	0.01215	0.00530	0.00162	0.00237	0.02749	0.00403	0.00356
34	0.00710	0.00637	0.02286	0.05939	0.17080	0.00599	0.03182	0.00940	0.03593	0.01400	0.26793	0.03819	0.25233	0.00796	0.00483	0.00140	0.00327	0.05218	0.00360	0.00464
35	0.00552	0.00396	0.00530	0.00622	0.00665	0.00374	0.00447	0.00654	0.00863	0.01146	0.05573	0.65642	0.04154	0.01282	0.00549	0.00175	0.00271	0.15353	0.00397	0.00356
36	0.15045	0.09295	0.32042	0.00879	0.01237	0.00894	0.02761	0.01168	0.03478	0.01363	0.06522	0.03909	0.02367	0.02289	0.14769	0.00231	0.00592	0.00401	0.00243	0.00516
37	0.00911	0.07706	0.33071	0.04246	0.11408	0.00992	0.07769	0.03023	0.02461	0.02332	0.06055	0.07290	0.00982	0.00530	0.00513	0.00138	0.08180	0.00439	0.00237	0.01719

[dist]
# distance from previous block
# <min> <max>
0	2

[block]
# block no. 7 follows, 62 sequences, length 13
# corresponding to MSA columns:
# 531-543
name=unknown_H
#
# <colnr> <probs for GDERKNQSTAVLIFYWHMCP>
#	G	D	E	R	K	N	Q	S	T	A	V	L	I	F	Y	W	H	M	C	P
0	0.04241	0.11112	0.30825	0.01225	0.11978	0.09351	0.04877	0.03947	0.00990	0.06871	0.00863	0.00976	0.01915	0.00411	0.00384	0.00119	0.00541	0.00328	0.00234	0.08810
1	0.01153	0.40023	0.17455	0.00964	0.01334	0.16578	0.05279	0.05076	0.00986	0.01176	0.00722	0.02718	0.00621	0.00476	0.01961	0.00123	0.02291	0.00305	0.00208	0.00553
2	0.77391	0.00937	0.00700	0.00621	0.00884	0.07709	0.00505	0.04597	0.00817	0.01870	0.00616	0.00711	0.00479	0.00403	0.00280	0.00130	0.00371	0.00240	0.00266	0.00474
3	0.00591	0.00443	0.00546	0.00551	0.00635	0.00434	0.00401	0.00734	0.02973	0.01183	0.17939	0.10726	0.22190	0.17655	0.16266	0.00300	0.00439	0.05282	0.00353	0.00360
4	0.00882	0.00756	0.00882	0.00630	0.01008	0.00567	0.00504	0.01071	0.00882	0.01387	0.00756	0.00882	0.00630	0.00315	0.00315	0.00063	0.00315	0.00252	0.00252	0.87647
5	0.02599	0.00687	0.03577	0.00747	0.00941	0.00676	0.02601	0.06007	0.13104	0.13510	0.03489	0.02079	0.04596	0.01279	0.20414	0.00272	0.00543	0.11212	0.11154	0.00514
6	0.00528	0.00425	0.00471	0.00474	0.00594	0.00368	0.00350	0.00654	0.01008	0.01275	0.22633	0.13070	0.54542	0.01057	0.00507	0.00145	0.00216	0.00903	0.00413	0.00368
7	0.01001	0.04692	0.08555	0.30721	0.11323	0.01007	0.17629	0.06720	0.03920	0.05238	0.00941	0.03289	0.00743	0.00454	0.00439	0.00138	0.00556	0.01824	0.00246	0.00565
8	0.02854	0.00722	0.06867	0.11005	0.03950	0.00618	0.02603	0.03844	0.03177	0.04725	0.08711	0.07860	0.31945	0.00824	0.02227	0.00148	0.00361	0.00653	0.00340	0.06568
9	0.00971	0.00707	0.01039	0.04163	0.24675	0.00675	0.00754	0.01208	0.03822	0.12461	0.20328	0.06719	0.01722	0.00690	0.03238	0.00145	0.00383	0.02493	0.02398	0.11410
10	0.06003	0.11425	0.22351	0.01092	0.06525	0.09108	0.05071	0.12774	0.09324	0.01550	0.00865	0.00957	0.00664	0.00421	0.00381	0.00119	0.00514	0.00329	0.00261	0.10264
11	0.07144	0.02361	0.09025	0.02357	0.07420	0.06247	0.06373	0.06866	0.02285	0.02975	0.06717	0.01374	0.06750	0.00501	0.00453	0.00117	0.05379	0.01490	0.00279	0.23888
12	0.04540	0.13609	0.08272	0.02896	0.04988	0.03970	0.08853	0.06583	0.00992	0.05375	0.04428	0.20124	0.05693	0.00708	0.00463	0.02238	0.00427	0.02125	0.00302	0.03414

[dist]
# distance from previous block
# <min> <max>
3	17

[block]
# block no. 8 follows, 62 sequences, length 32
# corresponding to MSA columns:
# 565-593,596-598
name=unknown_I
#
# <colnr> <probs for GDERKNQSTAVLIFYWHMCP>
#	G	D	E	R	K	N	Q	S	T	A	V	L	I	F	Y	W	H	M	C	P
0	0.04904	0.11502	0.06530	0.29226	0.03391	0.06577	0.00924	0.12789	0.10486	0.01477	0.04493	0.02240	0.00850	0.00474	0.00399	0.00129	0.00492	0.00380	0.00272	0.02466
1	0.04114	0.04719	0.07780	0.20450	0.07939	0.23631	0.00960	0.12192	0.05721	0.01408	0.02188	0.02109	0.02000	0.00477	0.00428	0.00128	0.02583	0.00365	0.00257	0.00550
