[name]
unknown

[dist]
# distance from previous block
# <min> <max>
0	77

[block]
# block no. 0 follows, 65 sequences, length 18
# corresponding to MSA columns:
# 77-94
name=unknown_A
#
# <colnr> <probs for GDERKNQSTAVLIFYWHMCP>
#	G	D	E	R	K	N	Q	S	T	A	V	L	I	F	Y	W	H	M	C	P
0	0.06793	0.01366	0.35874	0.01071	0.05773	0.02050	0.05649	0.03681	0.07033	0.14259	0.02354	0.01365	0.00877	0.00488	0.00408	0.00133	0.00488	0.07166	0.00284	0.02888
1	0.00700	0.00467	0.00641	0.05223	0.03630	0.00435	0.00483	0.00817	0.00871	0.09294	0.09242	0.55496	0.02299	0.01013	0.00482	0.00148	0.00276	0.00911	0.00372	0.07199
2	0.00775	0.00730	0.01231	0.84587	0.02827	0.00912	0.01140	0.01049	0.00821	0.01049	0.00730	0.01094	0.00547	0.00410	0.00410	0.00137	0.00547	0.00365	0.00182	0.00456
3	0.00819	0.00795	0.01291	0.75036	0.06561	0.03702	0.03901	0.01088	0.00843	0.01070	0.00732	0.01079	0.00554	0.00406	0.00411	0.00135	0.00556	0.00366	0.00185	0.00469
4	0.06211	0.01131	0.01198	0.00923	0.01247	0.01254	0.00762	0.77341	0.01864	0.02547	0.00963	0.00968	0.00685	0.00487	0.00402	0.00123	0.00445	0.00362	0.00402	0.00685
5	0.04594	0.00973	0.05638	0.00909	0.04898	0.02008	0.00733	0.23632	0.20740	0.26279	0.01354	0.01276	0.02536	0.00504	0.00405	0.00128	0.00392	0.00402	0.00407	0.02192
6	0.00808	0.00777	0.01247	0.78657	0.06061	0.03470	0.01134	0.01076	0.00836	0.01059	0.00728	0.01080	0.00551	0.00409	0.00409	0.00135	0.00551	0.00362	0.00184	0.00465
7	0.00752	0.00524	0.00638	0.00657	0.04301	0.02334	0.00461	0.00959	0.06511	0.10370	0.27546	0.24077	0.17456	0.00906	0.00476	0.00140	0.00259	0.00793	0.00408	0.00431
8	0.01536	0.00912	0.02886	0.03159	0.14533	0.02159	0.03101	0.19302	0.04532	0.41642	0.01267	0.01213	0.00856	0.00473	0.00412	0.00126	0.00419	0.00394	0.00405	0.00673
9	0.08859	0.01033	0.03080	0.02808	0.07504	0.09886	0.00743	0.22638	0.10861	0.25255	0.01168	0.02499	0.00837	0.00487	0.00395	0.00126	0.00432	0.00380	0.00377	0.00630
10	0.02627	0.00911	0.02775	0.11078	0.23673	0.02846	0.07708	0.13093	0.02154	0.06750	0.02550	0.05154	0.06451	0.00514	0.00468	0.00129	0.04967	0.00445	0.00281	0.05426
11	0.02232	0.09035	0.08790	0.04575	0.30831	0.06165	0.03249	0.10871	0.03209	0.05029	0.03568	0.01034	0.00753	0.00414	0.00399	0.00117	0.01668	0.00350	0.00253	0.07459
12	0.03484	0.06383	0.07962	0.08860	0.06727	0.10002	0.05072	0.07733	0.05018	0.17930	0.05472	0.04050	0.02908	0.00510	0.00441	0.00126	0.03911	0.00413	0.00311	0.02686
13	0.02185	0.06417	0.10875	0.00903	0.04806	0.02758	0.04304	0.07018	0.12846	0.11308	0.03774	0.04218	0.03899	0.03396	0.01528	0.00136	0.03867	0.01233	0.00311	0.14220
14	0.02787	0.03109	0.19267	0.01109	0.11419	0.09599	0.02811	0.11669	0.04290	0.06039	0.03262	0.08669	0.03112	0.04478	0.00531	0.00142	0.04468	0.00447	0.00280	0.02514
15	0.07645	0.08749	0.10329	0.04872	0.04218	0.04869	0.05281	0.10811	0.05391	0.09582	0.06610	0.01189	0.02047	0.02047	0.00480	0.00127	0.06488	0.00373	0.00290	0.08603
16	0.05215	0.03940	0.14641	0.01055	0.12033	0.02876	0.02285	0.10123	0.08239	0.11067	0.04120	0.06024	0.08003	0.00555	0.00444	0.00128	0.03868	0.00452	0.00312	0.04619
17	0.02478	0.09405	0.22939	0.02245	0.08335	0.03128	0.02911	0.10241	0.06933	0.02792	0.05936	0.01174	0.03756	0.00457	0.00407	0.00116	0.02785	0.00364	0.00264	0.13336

[dist]
# distance from previous block
# <min> <max>
4	96

[block]
# block no. 1 follows, 65 sequences, length 12
# corresponding to MSA columns:
# 208-219
name=unknown_B
#
# <colnr> <probs for GDERKNQSTAVLIFYWHMCP>
#	G	D	E	R	K	N	Q	S	T	A	V	L	I	F	Y	W	H	M	C	P
0	0.04920	0.06928	0.21475	0.01248	0.19373	0.04134	0.00985	0.09948	0.04862	0.12586	0.05137	0.01100	0.00843	0.00437	0.00386	0.00121	0.00463	0.00356	0.00284	0.04414
1	0.01153	0.05931	0.22475	0.01221	0.15177	0.00978	0.04506	0.17512	0.06271	0.12061	0.03620	0.01164	0.02693	0.00455	0.00401	0.00124	0.00468	0.00380	0.00301	0.03109
2	0.06353	0.06888	0.14671	0.01132	0.13886	0.13441	0.02217	0.06742	0.07943	0.08122	0.06421	0.01228	0.04232	0.00478	0.00407	0.00122	0.02127	0.00378	0.00282	0.02931
3	0.03483	0.06641	0.11369	0.02327	0.11118	0.02824	0.06294	0.11223	0.15783	0.03055	0.09699	0.01392	0.04338	0.00541	0.01846	0.00132	0.00434	0.00421	0.00305	0.06776
4	0.02337	0.02572	0.07827	0.01136	0.15587	0.05461	0.02943	0.12197	0.11976	0.14285	0.04795	0.06443	0.01049	0.00571	0.02325	0.00136	0.00437	0.00434	0.00331	0.07158
5	0.08689	0.05163	0.13034	0.01139	0.14526	0.02636	0.02724	0.18261	0.05425	0.12207	0.06246	0.01138	0.00898	0.00464	0.00415	0.00124	0.02725	0.00370	0.00313	0.03501
6	0.08169	0.11918	0.05567	0.01030	0.12312	0.02070	0.03499	0.16310	0.08203	0.08047	0.02749	0.03474	0.04999	0.00481	0.00377	0.00117	0.00407	0.00390	0.00307	0.09575
7	0.03363	0.06987	0.06397	0.00873	0.05428	0.04576	0.00704	0.22168	0.06933	0.09852	0.06722	0.05788	0.06200	0.00662	0.03410	0.00142	0.00421	0.02284	0.00345	0.06745
8	0.03396	0.00997	0.04611	0.02878	0.29811	0.04656	0.03920	0.12309	0.07468	0.09988	0.01027	0.01145	0.02608	0.00553	0.03843	0.00145	0.03950	0.00379	0.00286	0.06028
9	0.08026	0.03492	0.57129	0.02635	0.07507	0.00954	0.05128	0.01278	0.02910	0.01346	0.02570	0.00990	0.02038	0.00415	0.00402	0.00130	0.01937	0.00333	0.00200	0.00579
10	0.00501	0.00369	0.00470	0.00546	0.00590	0.00338	0.00371	0.00582	0.00823	0.01081	0.05724	0.69716	0.14924	0.01231	0.00516	0.00161	0.00232	0.01105	0.00384	0.00338
11	0.03567	0.07146	0.48459	0.01248	0.01744	0.04381	0.22625	0.01290	0.00896	0.01280	0.00785	0.03301	0.00608	0.00402	0.00406	0.00129	0.00605	0.00366	0.00192	0.00569

[dist]
# distance from previous block
# <min> <max>
0	1

[block]
# block no. 2 follows, 65 sequences, length 6
# corresponding to MSA columns:
# 221-226
name=unknown_C
#
# <colnr> <probs for GDERKNQSTAVLIFYWHMCP>
#	G	D	E	R	K	N	Q	S	T	A	V	L	I	F	Y	W	H	M	C	P
0	0.76137	0.00844	0.00693	0.00597	0.00862	0.00971	0.00492	0.12624	0.00873	0.01947	0.00630	0.00712	0.00481	0.00397	0.00276	0.00126	0.00337	0.00243	0.00276	0.00481
1	0.00994	0.68116	0.07328	0.00715	0.01037	0.01396	0.00711	0.01141	0.00829	0.01000	0.00822	0.12687	0.00837	0.00486	0.00309	0.00102	0.00422	0.00360	0.00205	0.00505
2	0.00927	0.04518	0.33544	0.03292	0.21900	0.03801	0.02613	0.02714	0.00943	0.05302	0.04240	0.03372	0.07662	0.00482	0.00405	0.00125	0.00493	0.00410	0.00239	0.03016
3	0.00547	0.00436	0.00484	0.00498	0.00615	0.00391	0.00373	0.03685	0.00957	0.01191	0.07836	0.20059	0.53485	0.01064	0.00496	0.00147	0.00235	0.06754	0.00386	0.00362
4	0.00916	0.00768	0.00886	0.00639	0.01000	0.00614	0.00513	0.08413	0.00950	0.01452	0.00753	0.00863	0.00616	0.00321	0.00314	0.00067	0.00318	0.00255	0.00259	0.80084
5	0.01101	0.56291	0.14471	0.00895	0.03835	0.04359	0.03142	0.03914	0.00900	0.04090	0.00663	0.00763	0.00556	0.00382	0.00342	0.00103	0.03183	0.00263	0.00198	0.00551

[dist]
# distance from previous block
# <min> <max>
1	3

[block]
# block no. 3 follows, 65 sequences, length 14
# corresponding to MSA columns:
# 231-244
name=unknown_D
#
# <colnr> <probs for GDERKNQSTAVLIFYWHMCP>
#	G	D	E	R	K	N	Q	S	T	A	V	L	I	F	Y	W	H	M	C	P
0	0.00947	0.01080	0.17176	0.00990	0.07956	0.02827	0.00831	0.04470	0.38069	0.03329	0.11694	0.02691	0.03957	0.00569	0.00424	0.00134	0.00388	0.01528	0.00351	0.00590
1	0.00502	0.00362	0.00472	0.00559	0.00588	0.00336	0.00373	0.00573	0.00789	0.01044	0.02342	0.78045	0.07295	0.03896	0.00570	0.00172	0.00241	0.01132	0.00377	0.00332
2	0.00823	0.00865	0.09531	0.03136	0.31134	0.00736	0.06493	0.02123	0.02921	0.02541	0.04310	0.26843	0.01444	0.00692	0.00451	0.00139	0.00415	0.02688	0.00281	0.02433
3	0.01311	0.23944	0.01356	0.00914	0.01146	0.52307	0.00728	0.01452	0.03429	0.01019	0.00793	0.08260	0.00744	0.00485	0.00357	0.00107	0.00604	0.00339	0.00223	0.00482
4	0.00940	0.04444	0.21057	0.01564	0.02021	0.01040	0.60153	0.01308	0.00940	0.01299	0.00799	0.01035	0.00596	0.00356	0.00455	0.00135	0.00663	0.00433	0.00199	0.00565
5	0.01145	0.52531	0.14163	0.00911	0.04071	0.18898	0.00864	0.01328	0.00912	0.01037	0.00616	0.00720	0.00530	0.00373	0.00310	0.00099	0.00530	0.00247	0.00184	0.00532
6	0.31288	0.13981	0.21233	0.00871	0.01240	0.08272	0.04756	0.11457	0.00969	0.01575	0.00682	0.00782	0.00523	0.00395	0.00330	0.00120	0.00478	0.00277	0.00237	0.00536
7	0.01034	0.04721	0.36593	0.01344	0.17124	0.18232	0.03241	0.01365	0.02984	0.03044	0.05855	0.01032	0.00787	0.00424	0.00394	0.00122	0.00570	0.00342	0.00219	0.00573
8	0.00954	0.19419	0.42134	0.01115	0.08947	0.01082	0.01139	0.06874	0.04600	0.01338	0.00798	0.02741	0.00633	0.00408	0.00365	0.00117	0.00509	0.00318	0.00213	0.06296
9	0.00559	0.00453	0.00598	0.00550	0.00677	0.00405	0.05032	0.00717	0.01034	0.01370	0.40902	0.08881	0.35458	0.00922	0.00487	0.00136	0.00231	0.00806	0.00404	0.00377
10	0.01451	0.12919	0.01373	0.01063	0.06544	0.31721	0.02420	0.31353	0.01386	0.04794	0.00807	0.00871	0.00620	0.00437	0.00377	0.00112	0.00559	0.00314	0.00292	0.00587
11	0.00510	0.00364	0.00482	0.00563	0.00593	0.00340	0.00378	0.00591	0.00814	0.01094	0.09492	0.75454	0.02783	0.03735	0.00567	0.00170	0.00239	0.01112	0.00384	0.00336
12	0.01031	0.00798	0.01220	0.08313	0.31210	0.00803	0.04477	0.07967	0.04484	0.11275	0.02375	0.12597	0.01081	0.04632	0.00524	0.01533	0.00422	0.00501	0.00296	0.04459
13	0.02311	0.16100	0.27988	0.01532	0.27641	0.02501	0.07792	0.03125	0.02735	0.03425	0.00772	0.00924	0.00604	0.00381	0.00380	0.00120	0.00528	0.00330	0.00207	0.00603

[dist]
# distance from previous block
# <min> <max>
4	9

[block]
# block no. 4 follows, 65 sequences, length 12
# corresponding to MSA columns:
# 255-266
name=unknown_E
#
# <colnr> <probs for GDERKNQSTAVLIFYWHMCP>
#	G	D	E	R	K	N	Q	S	T	A	V	L	I	F	Y	W	H	M	C	P
0	0.02789	0.03561	0.01538	0.08160	0.60546	0.04136	0.01133	0.04092	0.03003	0.01353	0.00778	0.00997	0.00644	0.00384	0.00410	0.00121	0.01904	0.00352	0.00216	0.03883
1	0.00549	0.00433	0.00514	0.00508	0.00619	0.00404	0.00378	0.00700	0.02781	0.01208	0.20787	0.10548	0.38341	0.03698	0.14400	0.00231	0.00366	0.00764	0.00364	0.02406
2	0.00571	0.00432	0.00569	0.00614	0.04660	0.00398	0.00419	0.00727	0.01034	0.01421	0.49636	0.22131	0.13958	0.00946	0.00490	0.00139	0.00220	0.00839	0.00414	0.00382
3	0.00626	0.00438	0.00555	0.00530	0.00637	0.00406	0.00395	0.00826	0.03645	0.04806	0.59928	0.11579	0.12301	0.00886	0.00483	0.00134	0.00210	0.00778	0.00438	0.00398
4	0.00504	0.00409	0.00430	0.00437	0.00546	0.00354	0.00312	0.00595	0.00887	0.01082	0.06418	0.10847	0.62454	0.12065	0.00697	0.00175	0.00235	0.00853	0.00366	0.00334
5	0.00596	0.00402	0.00470	0.00470	0.00477	0.00410	0.00276	0.00611	0.00603	0.00812	0.01273	0.02575	0.01444	0.77016	0.10581	0.00425	0.00471	0.00581	0.00246	0.00261
6	0.04393	0.00741	0.00939	0.00737	0.01027	0.00696	0.00603	0.14741	0.01266	0.58464	0.07484	0.04656	0.01222	0.00556	0.00417	0.00128	0.00349	0.00453	0.00475	0.00654
7	0.00685	0.00594	0.00697	0.00686	0.00769	0.09159	0.00524	0.00818	0.00708	0.00947	0.01065	0.01597	0.01007	0.08540	0.69584	0.00584	0.01013	0.00433	0.00221	0.00370
8	0.00851	0.00730	0.00851	0.00608	0.00973	0.00547	0.00486	0.01034	0.00851	0.01338	0.00730	0.00851	0.00608	0.00304	0.00304	0.00061	0.00304	0.00243	0.00243	0.88083
9	0.00961	0.00919	0.01567	0.21275	0.64688	0.00961	0.01232	0.01212	0.00909	0.01274	0.00762	0.01034	0.00627	0.00376	0.00407	0.00125	0.00501	0.00366	0.00198	0.00606
10	0.01842	0.00699	0.00953	0.00730	0.01048	0.00603	0.00603	0.02000	0.01175	0.83298	0.01619	0.01397	0.01016	0.00508	0.00413	0.00127	0.00349	0.00413	0.00508	0.00699
11	0.10502	0.01097	0.01099	0.00874	0.01168	0.06091	0.00717	0.61490	0.01666	0.02312	0.00984	0.01103	0.00742	0.00501	0.00392	0.00124	0.00439	0.03378	0.04688	0.00631

[dist]
# distance from previous block
# <min> <max>
0	4

[block]
# block no. 5 follows, 65 sequences, length 19
# corresponding to MSA columns:
# 271-289
name=unknown_F
#
# <colnr> <probs for GDERKNQSTAVLIFYWHMCP>
#	G	D	E	R	K	N	Q	S	T	A	V	L	I	F	Y	W	H	M	C	P
0	0.01021	0.00889	0.00987	0.00969	0.07548	0.01017	0.00698	0.02108	0.75840	0.01687	0.01600	0.01491	0.01205	0.00542	0.00417	0.00138	0.00338	0.00456	0.00401	0.00650
1	0.12225	0.00774	0.00883	0.00742	0.06270	0.00676	0.00548	0.08078	0.00935	0.01500	0.00913	0.01011	0.04880	0.00373	0.00323	0.00083	0.00326	0.00292	0.00264	0.58905
2	0.88473	0.00794	0.00603	0.00540	0.00794	0.00921	0.00445	0.01207	0.00699	0.01842	0.00572	0.00667	0.00445	0.00381	0.00254	0.00127	0.00318	0.00222	0.00254	0.00445
3	0.11016	0.00431	0.00408	0.00401	0.00515	0.00445	0.00305	0.00986	0.00842	0.01567	0.01249	0.01429	0.00981	0.00467	0.00283	0.00099	0.00206	0.00364	0.77615	0.00390
4	0.01126	0.00858	0.00931	0.00822	0.01065	0.00968	0.00644	0.02158	0.71933	0.12117	0.01664	0.01514	0.01223	0.00551	0.00417	0.00138	0.00328	0.00458	0.00429	0.00656
5	0.00825	0.00911	0.10854	0.52905	0.17443	0.00887	0.01139	0.01110	0.00851	0.01171	0.00787	0.01088	0.00603	0.00405	0.00398	0.00130	0.00515	0.00359	0.07118	0.00504
6	0.00969	0.01107	0.02422	0.01730	0.02145	0.01038	0.81522	0.01315	0.00969	0.01315	0.00830	0.01107	0.00623	0.00346	0.00484	0.00138	0.00692	0.00484	0.00208	0.00554
7	0.01397	0.00594	0.00804	0.00664	0.00896	0.00522	0.00528	0.01552	0.01122	0.55089	0.19183	0.12597	0.01851	0.00680	0.00443	0.00133	0.00301	0.00581	0.00480	0.00584
8	0.00917	0.00589	0.00764	0.00691	0.03908	0.00585	0.07590	0.10293	0.02545	0.06861	0.01586	0.05843	0.09248	0.00564	0.00365	0.00114	0.00293	0.00481	0.46299	0.00463
9	0.74898	0.00779	0.00658	0.00570	0.00834	0.00871	0.00469	0.01331	0.00773	0.14606	0.00736	0.00781	0.00534	0.00401	0.00279	0.00127	0.00323	0.00252	0.00294	0.00484
10	0.00596	0.00411	0.00512	0.00514	0.00537	0.00432	0.00333	0.00641	0.00623	0.00850	0.01260	0.02433	0.01383	0.60499	0.24914	0.00466	0.00593	0.02473	0.00244	0.00285
11	0.03103	0.01017	0.12118	0.42942	0.13819	0.00945	0.16371	0.01182	0.00874	0.02628	0.00767	0.01051	0.00578	0.00390	0.00417	0.00134	0.00565	0.00377	0.00196	0.00525
12	0.01131	0.46968	0.03203	0.05449	0.20530	0.08785	0.00880	0.05307	0.00947	0.02421	0.00672	0.00804	0.00573	0.00374	0.00326	0.00103	0.00485	0.00277	0.00203	0.00560
13	0.01203	0.05653	0.02525	0.00997	0.03833	0.44936	0.00759	0.03679	0.03159	0.01084	0.00918	0.07781	0.02794	0.00756	0.07120	0.00166	0.11544	0.00388	0.00234	0.00471
14	0.00702	0.05910	0.02625	0.00770	0.00903	0.00648	0.09976	0.00852	0.00710	0.02725	0.01062	0.01647	0.01009	0.16733	0.49806	0.00487	0.02364	0.00454	0.00225	0.00391
15	0.02478	0.06862	0.19536	0.01173	0.11368	0.09767	0.06728	0.16739	0.01133	0.07408	0.00834	0.00931	0.00625	0.00401	0.00380	0.00113	0.00508	0.00326	0.00264	0.12426
16	0.00883	0.20010	0.36341	0.00937	0.05161	0.00970	0.00967	0.04216	0.00850	0.02650	0.02002	0.01299	0.00818	0.20359	0.00764	0.00183	0.00499	0.00367	0.00212	0.00509
17	0.00526	0.00376	0.00489	0.00553	0.00583	0.00366	0.00369	0.00595	0.00745	0.00995	0.02043	0.57555	0.05871	0.16466	0.10210	0.00262	0.00362	0.00970	0.00339	0.00323
18	0.01042	0.00996	0.03551	0.02992	0.55529	0.03390	0.06886	0.05673	0.02976	0.04126	0.02313	0.01247	0.03970	0.00436	0.00431	0.00126	0.01606	0.01851	0.00243	0.00615

[dist]
# distance from previous block
# <min> <max>
0	5

[block]
# block no. 6 follows, 65 sequences, length 46
# corresponding to MSA columns:
# 298-343
name=unknown_G
#
# <colnr> <probs for GDERKNQSTAVLIFYWHMCP>
#	G	D	E	R	K	N	Q	S	T	A	V	L	I	F	Y	W	H	M	C	P
0	0.10743	0.08251	0.01164	0.06906	0.12050	0.12874	0.00789	0.02671	0.00845	0.01177	0.01015	0.01250	0.08244	0.00767	0.07625	0.00180	0.21382	0.01368	0.00225	0.00474
1	0.03369	0.00659	0.00857	0.00689	0.00949	0.00603	0.00557	0.03708	0.06174	0.55649	0.20312	0.01764	0.01669	0.00584	0.00426	0.00128	0.00314	0.00487	0.00482	0.00618
2	0.01159	0.00811	0.06690	0.00934	0.09313	0.00732	0.00707	0.05993	0.17770	0.26033	0.10000	0.08886	0.02589	0.00699	0.02831	0.00150	0.00377	0.03340	0.00398	0.00588
3	0.00560	0.00418	0.00517	0.00492	0.00596	0.00379	0.00367	0.00729	0.01096	0.01504	0.63148	0.03252	0.21295	0.03208	0.00528	0.00139	0.00202	0.00766	0.00431	0.00374
4	0.00579	0.00401	0.00490	0.00499	0.00524	0.00405	0.00317	0.00628	0.00684	0.00926	0.07852	0.13087	0.03997	0.53737	0.13800	0.00379	0.00460	0.00665	0.00281	0.00290
5	0.88473	0.00794	0.00603	0.00540	0.00794	0.00921	0.00445	0.01207	0.00699	0.01842	0.00572	0.00667	0.00445	0.00381	0.00254	0.00127	0.00318	0.00222	0.00254	0.00445
6	0.00500	0.00368	0.00469	0.00546	0.00590	0.00337	0.00370	0.00580	0.00821	0.01075	0.04974	0.70121	0.15277	0.01234	0.00517	0.00161	0.00232	0.01107	0.00383	0.00337
7	0.01560	0.01150	0.01232	0.00944	0.01273	0.01273	0.00780	0.81645	0.01930	0.02587	0.00986	0.00986	0.00698	0.00493	0.00411	0.00123	0.00452	0.00370	0.00411	0.00698
8	0.05466	0.00751	0.00964	0.00752	0.01056	0.00705	0.00619	0.08019	0.05698	0.67355	0.01506	0.01331	0.00970	0.00509	0.00426	0.00129	0.02184	0.00403	0.00478	0.00680
9	0.01097	0.85821	0.02151	0.00702	0.01054	0.01624	0.00702	0.01229	0.00834	0.00966	0.00571	0.00658	0.00527	0.00351	0.00263	0.00088	0.00439	0.00219	0.00176	0.00527
10	0.01303	0.03994	0.04961	0.01092	0.09129	0.07092	0.04171	0.39166	0.12749	0.04545	0.01065	0.04325	0.00827	0.00494	0.00407	0.00124	0.00459	0.00400	0.00347	0.03349
11	0.00823	0.00607	0.00728	0.00578	0.00833	0.00497	0.00454	0.01026	0.03189	0.08419	0.25762	0.01888	0.09802	0.00562	0.00388	0.00097	0.00266	0.00475	0.00347	0.43261
12	0.01206	0.01033	0.01347	0.04485	0.40229	0.10594	0.00981	0.07784	0.09192	0.12335	0.02071	0.01138	0.01598	0.00448	0.00442	0.00126	0.03706	0.00380	0.00286	0.00619
13	0.01621	0.01005	0.06829	0.02000	0.01213	0.03104	0.00747	0.31626	0.03580	0.42006	0.01284	0.01189	0.00850	0.00492	0.00409	0.00126	0.00418	0.00386	0.00434	0.00681
14	0.00976	0.01115	0.02200	0.01603	0.01977	0.06780	0.70274	0.01286	0.00970	0.01275	0.00916	0.06901	0.00761	0.00416	0.00479	0.00138	0.00664	0.00516	0.00220	0.00533
15	0.00931	0.00872	0.01436	0.04383	0.56765	0.00885	0.04520	0.01244	0.08737	0.01326	0.01086	0.12614	0.01014	0.00523	0.00430	0.00132	0.00447	0.01811	0.00251	0.00593
16	0.03067	0.07247	0.01355	0.02501	0.24463	0.35684	0.00907	0.09026	0.06219	0.02469	0.00779	0.00902	0.00630	0.00424	0.00403	0.00116	0.02686	0.00317	0.00242	0.00562
17	0.00597	0.00398	0.00448	0.00448	0.00448	0.00398	0.00249	0.00597	0.00597	0.00796	0.01293	0.02686	0.01492	0.85574	0.02089	0.00398	0.00398	0.00597	0.00249	0.00249
18	0.00947	0.00993	0.05197	0.01676	0.22800	0.00905	0.40956	0.01233	0.00975	0.04706	0.08313	0.01426	0.05815	0.00450	0.00469	0.00133	0.01713	0.00487	0.00249	0.00558
19	0.01030	0.03298	0.13354	0.01031	0.04042	0.05791	0.10477	0.08513	0.32901	0.03498	0.07315	0.04650	0.01187	0.00530	0.00423	0.00133	0.00441	0.00461	0.00334	0.00592
20	0.01040	0.01068	0.07350	0.02316	0.71688	0.00994	0.01245	0.06818	0.00999	0.01424	0.00784	0.01003	0.00644	0.00376	0.00406	0.00123	0.00493	0.00362	0.00215	0.00650
21	0.00921	0.01018	0.02079	0.01546	0.02947	0.02258	0.63179	0.01213	0.00916	0.01248	0.00916	0.06990	0.00780	0.00573	0.04533	0.00168	0.07461	0.00515	0.00218	0.00521
22	0.13210	0.07174	0.04600	0.03429	0.07278	0.19454	0.02470	0.23831	0.01922	0.02461	0.00750	0.00868	0.00588	0.00459	0.00473	0.00125	0.09767	0.00315	0.00269	0.00558
23	0.00616	0.00391	0.00514	0.00572	0.00625	0.00360	0.00391	0.00696	0.00825	0.07813	0.04372	0.69788	0.05389	0.04836	0.00580	0.00171	0.00252	0.01058	0.00388	0.00362
24	0.00870	0.01011	0.13898	0.00926	0.03688	0.00699	0.13286	0.01125	0.00874	0.01328	0.00748	0.00898	0.00598	0.00326	0.00348	0.00085	0.00417	0.00294	0.00226	0.58356
25	0.00590	0.00426	0.00588	0.00588	0.00636	0.00474	0.00424	0.00687	0.00638	0.00900	0.01165	0.01976	0.01184	0.30997	0.56244	0.00571	0.00862	0.00493	0.00230	0.00327
26	0.01062	0.56575	0.04144	0.02784	0.03371	0.02395	0.00753	0.05134	0.00876	0.01109	0.00619	0.00746	0.00549	0.00394	0.00395	0.00099	0.08866	0.00254	0.00196	0.09680
27	0.00502	0.00361	0.00477	0.00564	0.00595	0.00336	0.00379	0.00579	0.00804	0.01070	0.05046	0.79653	0.05589	0.01262	0.00521	0.00164	0.00236	0.01142	0.00383	0.00336
28	0.00503	0.00361	0.00473	0.00560	0.00591	0.00335	0.00376	0.00572	0.00791	0.01045	0.02362	0.77935	0.08239	0.01272	0.00543	0.01964	0.00238	0.01129	0.00377	0.00331
29	0.01433	0.01031	0.01100	0.00859	0.01151	0.01136	0.00705	0.68326	0.03082	0.02415	0.01049	0.01076	0.00760	0.00492	0.00392	0.00119	0.00411	0.00373	0.13439	0.00650
30	0.01097	0.85821	0.02151	0.00702	0.01054	0.01624	0.00702	0.01229	0.00834	0.00966	0.00571	0.00658	0.00527	0.00351	0.00263	0.00088	0.00439	0.00219	0.00176	0.00527
31	0.00889	0.00758	0.00882	0.00664	0.02278	0.00609	0.00519	0.03839	0.06158	0.01404	0.00800	0.00902	0.00653	0.00328	0.00317	0.00069	0.00313	0.00264	0.00260	0.78095
32	0.06651	0.05405	0.13843	0.01698	0.37947	0.04286	0.06457	0.13067	0.04089	0.01529	0.00807	0.00964	0.00634	0.00396	0.00392	0.00123	0.00504	0.00348	0.00240	0.00618
33	0.00841	0.00790	0.01312	0.60458	0.20225	0.00935	0.01134	0.02339	0.00851	0.01129	0.00746	0.01099	0.00590	0.02065	0.00479	0.00140	0.03808	0.00369	0.00192	0.00498
34	0.00890	0.05217	0.51270	0.01525	0.23950	0.00988	0.04110	0.01269	0.00886	0.01296	0.02196	0.00947	0.00620	0.00397	0.00419	0.00128	0.02767	0.00332	0.00188	0.00605
35	0.00519	0.00365	0.00471	0.00547	0.00566	0.00346	0.00355	0.00577	0.00749	0.00998	0.02072	0.69028	0.02474	0.17893	0.00832	0.00212	0.00270	0.01055	0.00355	0.00317
36	0.00491	0.00415	0.00424	0.00424	0.00558	0.00349	0.00317	0.00599	0.00945	0.01137	0.08440	0.05326	0.77111	0.01033	0.00486	0.00139	0.00208	0.00865	0.00385	0.00349
37	0.66264	0.00943	0.09132	0.00665	0.00939	0.00949	0.00603	0.02562	0.03957	0.03894	0.00664	0.00762	0.00510	0.00418	0.00357	0.00131	0.06254	0.00257	0.00256	0.00480
38	0.00734	0.00515	0.00654	0.01723	0.03014	0.00462	0.00467	0.01993	0.00914	0.08729	0.08767	0.32916	0.16192	0.00901	0.00475	0.00135	0.01773	0.03620	0.00364	0.15652
39	0.00500	0.00357	0.00476	0.00572	0.00595	0.00333	0.00381	0.00572	0.00786	0.01048	0.02262	0.85306	0.02715	0.01286	0.00524	0.00167	0.00238	0.01167	0.00381	0.00333
40	0.82363	0.00807	0.00678	0.00678	0.06538	0.00925	0.00502	0.01210	0.00715	0.01807	0.00586	0.00691	0.00459	0.00380	0.00265	0.00127	0.00329	0.00232	0.00250	0.00459
41	0.04224	0.00671	0.00888	0.00692	0.00986	0.00591	0.00569	0.01878	0.01131	0.73167	0.01563	0.01389	0.01003	0.00502	0.00396	0.00124	0.00333	0.00404	0.08826	0.00661
42	0.01071	0.00997	0.01571	0.05080	0.67581	0.02377	0.01176	0.09310	0.04197	0.01464	0.00825	0.01031	0.00673	0.00388	0.00407	0.00123	0.00484	0.00368	0.00232	0.00645
43	0.01052	0.01044	0.01631	0.02417	0.77302	0.06771	0.01227	0.01286	0.00951	0.01318	0.00763	0.00997	0.00642	0.00370	0.00404	0.00121	0.00505	0.00359	0.00204	0.00638
44	0.07158	0.03068	0.05854	0.01082	0.08968	0.02084	0.05818	0.19550	0.29793	0.01728	0.01114	0.01187	0.00859	0.02750	0.00519	0.00141	0.06998	0.00396	0.00326	0.00607
45	0.01040	0.06688	0.00968	0.00658	0.00998	0.00685	0.00538	0.04136	0.06569	0.13086	0.02852	0.01020	0.00785	0.00373	0.00333	0.00081	0.00324	0.00297	0.00299	0.58269

[dist]
# distance from previous block
# <min> <max>
0	5

[block]
# block no. 7 follows, 65 sequences, length 10
# corresponding to MSA columns:
# 349-358
name=unknown_H
#
# <colnr> <probs for GDERKNQSTAVLIFYWHMCP>
#	G	D	E	R	K	N	Q	S	T	A	V	L	I	F	Y	W	H	M	C	P
0	0.70086	0.00851	0.00780	0.00786	0.09250	0.00965	0.00564	0.09956	0.00857	0.01872	0.00637	0.00737	0.00493	0.00392	0.00287	0.00126	0.00350	0.00253	0.00266	0.00493
1	0.00730	0.00596	0.00648	0.00595	0.00761	0.00608	0.00457	0.06061	0.24488	0.01513	0.23471	0.02845	0.33997	0.00815	0.00461	0.00135	0.00253	0.00688	0.00412	0.00466
2	0.00744	0.00647	0.00955	0.01112	0.22043	0.00617	0.06318	0.00991	0.06557	0.03278	0.17592	0.04899	0.31116	0.00740	0.00459	0.00133	0.00324	0.00657	0.00342	0.00476
3	0.00775	0.00730	0.01231	0.84587	0.02827	0.00912	0.01140	0.01049	0.00821	0.01049	0.00730	0.01094	0.00547	0.00410	0.00410	0.00137	0.00547	0.00365	0.00182	0.00456
4	0.01560	0.01150	0.01232	0.00944	0.01273	0.01273	0.00780	0.81645	0.01930	0.02587	0.00986	0.00986	0.00698	0.00493	0.00411	0.00123	0.00452	0.00370	0.00411	0.00698
5	0.00871	0.04802	0.01230	0.01012	0.01037	0.01188	0.00844	0.00970	0.00642	0.00983	0.00605	0.00970	0.00595	0.00975	0.10858	0.00231	0.71199	0.00362	0.00184	0.00443
6	0.00679	0.00369	0.00509	0.00509	0.00509	0.00369	0.00325	0.00553	0.00553	0.00737	0.00882	0.01668	0.00941	0.25990	0.01746	0.62468	0.00369	0.00427	0.00199	0.00199
7	0.00528	0.00418	0.00475	0.00461	0.00581	0.00365	0.00345	0.00672	0.01036	0.01348	0.39147	0.03557	0.47709	0.00950	0.00485	0.00134	0.00202	0.00811	0.00413	0.00365
8	0.00598	0.00396	0.00452	0.00452	0.00461	0.00391	0.00261	0.00592	0.00616	0.00811	0.01447	0.02669	0.06993	0.73716	0.01945	0.06718	0.00382	0.00598	0.00253	0.00250
9	0.00903	0.06806	0.02375	0.00975	0.15031	0.00687	0.02667	0.04726	0.01048	0.10903	0.32207	0.07611	0.02099	0.04519	0.02267	0.00151	0.02112	0.00572	0.01851	0.00492

[dist]
# distance from previous block
# <min> <max>
0	1

[block]
# block no. 8 follows, 65 sequences, length 27
# corresponding to MSA columns:
# 360-386
name=unknown_I
#
# <colnr> <probs for GDERKNQSTAVLIFYWHMCP>
#	G	D	E	R	K	N	Q	S	T	A	V	L	I	F	Y	W	H	M	C	P
0	0.01213	0.54463	0.03202	0.00877	0.02397	0.25896	0.02908	0.01350	0.00933	0.00998	0.00602	0.00708	0.00532	0.00380	0.00326	0.00097	0.02169	0.00246	0.00188	0.00514
1	0.85681	0.00805	0.00624	0.00553	0.00809	0.00932	0.00455	0.03791	0.00738	0.01866	0.00585	0.00677	0.00453	0.00385	0.00259	0.00127	0.00322	0.00227	0.00259	0.00453
2	0.00885	0.00838	0.04085	0.01828	0.53663	0.00785	0.00987	0.01110	0.00980	0.02905	0.18689	0.04912	0.05488	0.00541	0.00431	0.00126	0.00402	0.00502	0.00277	0.00566
3	0.00499	0.00360	0.00474	0.00565	0.00594	0.00334	0.00378	0.00572	0.00792	0.01050	0.02341	0.81921	0.06049	0.01276	0.00522	0.00166	0.00237	0.01154	0.00381	0.00334
4	0.02705	0.00817	0.04169	0.13737	0.34620	0.00788	0.00930	0.03834	0.00999	0.11573	0.13779	0.01543	0.05589	0.00530	0.00449	0.02223	0.00415	0.00452	0.00292	0.00555
5	0.00690	0.10251	0.01903	0.00583	0.00712	0.00633	0.00464	0.03400	0.02402	0.01324	0.35786	0.03554	0.15590	0.12000	0.03076	0.00180	0.06074	0.00631	0.00350	0.00399
6	0.01031	0.01024	0.04848	0.04174	0.73920	0.00988	0.01243	0.05342	0.00980	0.01396	0.00781	0.01010	0.00645	0.00374	0.00406	0.00123	0.00492	0.00363	0.00212	0.00647
7	0.00982	0.03951	0.10220	0.36937	0.19696	0.07198	0.04863	0.03812	0.00930	0.04615	0.00773	0.01017	0.00592	0.00408	0.00423	0.00129	0.02350	0.00354	0.00210	0.00540
8	0.00523	0.00412	0.00472	0.00469	0.00581	0.00361	0.00347	0.00658	0.01008	0.01308	0.33995	0.11424	0.45007	0.00987	0.00488	0.00138	0.00205	0.00848	0.00408	0.00361
9	0.26188	0.00959	0.01524	0.01576	0.29114	0.00978	0.23629	0.05457	0.00938	0.04758	0.00775	0.00955	0.00600	0.00377	0.00385	0.00128	0.00489	0.00360	0.00242	0.00568
10	0.00528	0.00416	0.00476	0.00464	0.00582	0.00364	0.00347	0.00671	0.01032	0.01346	0.38995	0.05578	0.45825	0.00957	0.00486	0.00135	0.00202	0.00819	0.00413	0.00364
11	0.03993	0.01108	0.01189	0.00916	0.01236	0.01220	0.00756	0.74900	0.01853	0.05077	0.02996	0.01040	0.00779	0.00499	0.00408	0.00124	0.00438	0.00376	0.00410	0.00683
12	0.00880	0.00746	0.00866	0.00622	0.00985	0.00576	0.00498	0.04274	0.00895	0.01388	0.00740	0.00857	0.00612	0.00312	0.00308	0.00063	0.00310	0.00248	0.00250	0.84571
13	0.00826	0.07876	0.69021	0.01110	0.01660	0.00964	0.04596	0.01249	0.00873	0.01264	0.00953	0.01063	0.05911	0.00428	0.00391	0.00128	0.00572	0.00342	0.00188	0.00582
14	0.04564	0.09840	0.05471	0.02665	0.04539	0.02557	0.06442	0.05079	0.05052	0.17275	0.20488	0.02933	0.06980	0.00592	0.00417	0.00126	0.00370	0.02057	0.00357	0.02196
15	0.01560	0.01150	0.01232	0.00944	0.01273	0.01273	0.00780	0.81645	0.01930	0.02587	0.00986	0.00986	0.00698	0.00493	0.00411	0.00123	0.00452	0.00370	0.00411	0.00698
16	0.00557	0.00414	0.00489	0.00476	0.00560	0.00384	0.00336	0.00674	0.00933	0.01246	0.35923	0.03166	0.26152	0.22239	0.04502	0.00222	0.00288	0.00729	0.00370	0.00340
17	0.04061	0.07093	0.15605	0.03626	0.06149	0.10926	0.04379	0.12800	0.14597	0.11084	0.01062	0.01095	0.02067	0.00452	0.00389	0.00122	0.00482	0.00360	0.00303	0.03349
18	0.16322	0.21843	0.20460	0.01062	0.10652	0.02315	0.03192	0.13929	0.02230	0.01518	0.00759	0.02639	0.00612	0.00413	0.00346	0.00118	0.00470	0.00312	0.00238	0.00570
19	0.20399	0.00743	0.00878	0.00693	0.00990	0.00714	0.00571	0.08009	0.01121	0.56243	0.01400	0.01271	0.02812	0.00492	0.00378	0.00127	0.00345	0.00379	0.01805	0.00631
20	0.02903	0.00853	0.06631	0.02680	0.40201	0.03557	0.00906	0.01025	0.00899	0.01248	0.03998	0.19468	0.08691	0.00733	0.02738	0.00150	0.00428	0.02106	0.00268	0.00517
21	0.01078	0.06619	0.27872	0.01496	0.25319	0.06295	0.06277	0.05894	0.06741	0.07209	0.00879	0.00996	0.00663	0.00406	0.00396	0.00124	0.00529	0.00348	0.00241	0.00617
22	0.00982	0.12775	0.43034	0.01105	0.03864	0.01014	0.09007	0.08391	0.00986	0.06143	0.03413	0.02263	0.00738	0.00535	0.03867	0.00147	0.00563	0.00356	0.00232	0.00585
23	0.00744	0.00458	0.00574	0.00526	0.00664	0.00408	0.00401	0.00906	0.01093	0.13819	0.47838	0.06265	0.23015	0.00857	0.00475	0.00133	0.00222	0.00740	0.00440	0.00422
24	0.00834	0.04835	0.19075	0.04465	0.11910	0.00791	0.03986	0.05371	0.08950	0.02907	0.03399	0.23051	0.04863	0.00701	0.00441	0.00140	0.00415	0.03053	0.00297	0.00518
25	0.06300	0.06452	0.35278	0.01301	0.16755	0.06881	0.04348	0.02975	0.02532	0.10413	0.00871	0.02600	0.00661	0.00419	0.00386	0.00125	0.00526	0.00343	0.00239	0.00596
26	0.00767	0.00590	0.08308	0.00611	0.00733	0.00456	0.00483	0.00875	0.00808	0.13437	0.03368	0.34892	0.03866	0.25189	0.02488	0.00230	0.00349	0.00770	0.01389	0.00393

[dist]
# distance from previous block
# <min> <max>
0	161

# created by:
# /st0/software/busco_prod/Augustus/scripts/msa2prfl.pl ./align_prep/36195.fa
