[name]
unknown

[dist]
# distance from previous block
# <min> <max>
0	80

[block]
# block no. 0 follows, 53 sequences, length 21
# corresponding to MSA columns:
# 83-103
name=unknown_A
#
# <colnr> <probs for GDERKNQSTAVLIFYWHMCP>
#	G	D	E	R	K	N	Q	S	T	A	V	L	I	F	Y	W	H	M	C	P
0	0.12727	0.01170	0.05537	0.08763	0.30024	0.06213	0.01079	0.06425	0.04725	0.04879	0.00991	0.01236	0.00796	0.00479	0.00437	0.00138	0.00526	0.02375	0.00293	0.11186
1	0.09363	0.03254	0.18636	0.04117	0.24989	0.04141	0.11598	0.05437	0.02395	0.02857	0.02957	0.01169	0.00798	0.00472	0.00491	0.00146	0.03053	0.00414	0.00265	0.03446
2	0.00961	0.05229	0.25111	0.03306	0.01491	0.05387	0.10062	0.02664	0.01112	0.04557	0.10975	0.14370	0.11236	0.00771	0.00511	0.00156	0.00521	0.00674	0.00335	0.00571
3	0.01723	0.02248	0.05474	0.01230	0.01501	0.74518	0.00962	0.01908	0.03865	0.01215	0.00784	0.00899	0.00642	0.00496	0.00434	0.00126	0.00838	0.00318	0.00252	0.00569
4	0.01109	0.06414	0.11957	0.01110	0.04918	0.05067	0.11634	0.03328	0.01116	0.06560	0.06784	0.05595	0.04102	0.00544	0.00450	0.00124	0.00500	0.00478	0.00314	0.27896
5	0.00896	0.00830	0.01088	0.00992	0.01046	0.05160	0.00796	0.01030	0.00781	0.01124	0.00981	0.01512	0.00941	0.04979	0.40295	0.00485	0.35891	0.00468	0.00237	0.00470
6	0.00571	0.00479	0.00497	0.00505	0.00653	0.00404	0.00374	0.00694	0.01086	0.01313	0.07959	0.11282	0.70098	0.01225	0.00569	0.00164	0.00244	0.01032	0.00447	0.00404
7	0.00991	0.00850	0.00991	0.00708	0.01133	0.00637	0.00566	0.01203	0.00991	0.01557	0.00850	0.00991	0.00708	0.00354	0.00354	0.00071	0.00354	0.00283	0.00283	0.86124
8	0.03209	0.01159	0.01720	0.18872	0.42368	0.08214	0.05306	0.03458	0.01081	0.01470	0.00879	0.01186	0.00723	0.00579	0.03397	0.00171	0.04893	0.00421	0.00240	0.00658
9	0.00687	0.00495	0.00682	0.00682	0.00737	0.00550	0.00490	0.00798	0.00743	0.01046	0.01359	0.02316	0.01385	0.31472	0.53681	0.00661	0.00994	0.00576	0.00268	0.00379
10	0.00565	0.00484	0.00484	0.00484	0.00646	0.00403	0.00363	0.00686	0.01089	0.01291	0.04842	0.04600	0.80027	0.01210	0.00565	0.00161	0.00242	0.01009	0.00444	0.00403
11	0.01311	0.01028	0.01554	0.11616	0.30086	0.01061	0.06107	0.16422	0.03028	0.11174	0.01384	0.07477	0.04394	0.00597	0.00496	0.00151	0.00525	0.00539	0.00353	0.00697
12	0.01485	0.20593	0.09750	0.02712	0.04263	0.26032	0.00977	0.14424	0.07458	0.04221	0.03130	0.01094	0.00844	0.00509	0.00425	0.00131	0.00624	0.00366	0.00307	0.00654
13	0.01168	0.00992	0.01740	0.07269	0.23112	0.00976	0.22538	0.01544	0.07356	0.11117	0.11924	0.03535	0.03356	0.00578	0.00518	0.00154	0.00544	0.00574	0.00348	0.00659
14	0.00991	0.00850	0.00991	0.00708	0.01133	0.00637	0.00566	0.01203	0.00991	0.01557	0.00850	0.00991	0.00708	0.00354	0.00354	0.00071	0.00354	0.00283	0.00283	0.86124
15	0.00834	0.00441	0.00670	0.05400	0.00779	0.00453	0.00469	0.00658	0.00642	0.00853	0.00831	0.01442	0.00819	0.01591	0.01786	0.81053	0.00428	0.00416	0.00208	0.00227
16	0.00685	0.00504	0.00726	0.00726	0.00797	0.00575	0.00545	0.00827	0.00756	0.01078	0.01319	0.02091	0.01287	0.17139	0.67880	0.00716	0.01141	0.00543	0.00262	0.00403
17	0.00883	0.00780	0.01218	0.01075	0.03380	0.03111	0.14984	0.05358	0.00977	0.01337	0.03456	0.05378	0.03355	0.08296	0.38280	0.00468	0.03678	0.03201	0.00292	0.00493
18	0.12873	0.08663	0.17142	0.04364	0.23004	0.06679	0.07428	0.03524	0.03778	0.04915	0.00914	0.01081	0.00708	0.00454	0.00433	0.00141	0.00585	0.00380	0.00266	0.02667
19	0.04572	0.25271	0.10024	0.02655	0.08230	0.07055	0.07300	0.18151	0.04635	0.03162	0.03953	0.01133	0.00869	0.00494	0.00426	0.00134	0.00567	0.00389	0.00307	0.00675
20	0.08484	0.16398	0.09865	0.01303	0.04751	0.05728	0.07038	0.10675	0.11423	0.04426	0.01771	0.06389	0.07648	0.00827	0.00591	0.00205	0.00621	0.00601	0.00448	0.00808

[dist]
# distance from previous block
# <min> <max>
1	43

[block]
# block no. 1 follows, 53 sequences, length 11
# corresponding to MSA columns:
# 147-157
name=unknown_B
#
# <colnr> <probs for GDERKNQSTAVLIFYWHMCP>
#	G	D	E	R	K	N	Q	S	T	A	V	L	I	F	Y	W	H	M	C	P
0	0.04160	0.08161	0.11832	0.03443	0.13607	0.12676	0.05387	0.10883	0.03289	0.09666	0.03418	0.01323	0.04000	0.00521	0.00451	0.00137	0.00571	0.00424	0.00323	0.05728
1	0.10469	0.13357	0.22637	0.03837	0.05841	0.09534	0.05152	0.04006	0.07443	0.01578	0.05098	0.01171	0.00901	0.00510	0.00479	0.00142	0.04348	0.00388	0.00273	0.02837
2	0.01278	0.83490	0.02505	0.00818	0.01227	0.01891	0.00818	0.01431	0.00971	0.01125	0.00664	0.00767	0.00613	0.00409	0.00307	0.00102	0.00511	0.00256	0.00204	0.00613
3	0.00901	0.02462	0.03044	0.06140	0.03316	0.00718	0.02935	0.01126	0.02500	0.08614	0.01375	0.01779	0.03656	0.02491	0.52158	0.00542	0.00998	0.00499	0.00293	0.04451
4	0.00590	0.00419	0.00552	0.00656	0.00681	0.00393	0.00433	0.00668	0.00900	0.01200	0.02557	0.77434	0.03064	0.07087	0.00735	0.00213	0.00290	0.01313	0.00433	0.00381
5	0.10090	0.00997	0.05565	0.06057	0.05850	0.00948	0.00823	0.20513	0.01422	0.22993	0.09880	0.04491	0.04884	0.00723	0.02494	0.00165	0.00463	0.00528	0.00441	0.00675
6	0.01046	0.01046	0.01464	0.01255	0.01255	0.01464	0.01046	0.01150	0.00732	0.01150	0.00627	0.01046	0.00627	0.00837	0.01569	0.00209	0.82328	0.00418	0.00209	0.00523
7	0.01083	0.01155	0.02074	0.01597	0.01814	0.01349	0.35898	0.01322	0.00910	0.01322	0.00780	0.01155	0.00671	0.00641	0.01116	0.00188	0.45638	0.00484	0.00224	0.00578
8	0.00903	0.00850	0.01434	0.82054	0.03292	0.01062	0.01327	0.01221	0.00956	0.01221	0.00850	0.01274	0.00637	0.00478	0.00478	0.00159	0.00637	0.00425	0.00212	0.00531
9	0.01138	0.01090	0.01696	0.10840	0.29359	0.05338	0.15092	0.09669	0.03012	0.01607	0.01320	0.12742	0.03686	0.00628	0.00511	0.00155	0.00574	0.00597	0.00303	0.00644
10	0.05147	0.16308	0.03157	0.04165	0.10310	0.06420	0.03434	0.10248	0.13132	0.03086	0.10335	0.03060	0.04567	0.00616	0.00499	0.00144	0.03897	0.00492	0.00349	0.00634

[dist]
# distance from previous block
# <min> <max>
2	19

[block]
# block no. 2 follows, 53 sequences, length 15
# corresponding to MSA columns:
# 178-192
name=unknown_C
#
# <colnr> <probs for GDERKNQSTAVLIFYWHMCP>
#	G	D	E	R	K	N	Q	S	T	A	V	L	I	F	Y	W	H	M	C	P
0	0.05194	0.00876	0.08373	0.03622	0.06820	0.00742	0.00764	0.03663	0.01173	0.16432	0.19201	0.08871	0.13661	0.00814	0.00570	0.00156	0.05132	0.00676	0.00421	0.02840
1	0.68799	0.00981	0.00940	0.00791	0.01104	0.01112	0.06924	0.05036	0.07275	0.02122	0.00816	0.00917	0.00624	0.00463	0.00341	0.00150	0.00413	0.00314	0.00315	0.00561
2	0.06454	0.00958	0.02863	0.12215	0.06813	0.04551	0.05244	0.06999	0.11047	0.10349	0.01478	0.09838	0.02469	0.09041	0.00723	0.00190	0.03160	0.03349	0.00362	0.01897
3	0.78615	0.04722	0.04632	0.00672	0.00993	0.01111	0.00591	0.01411	0.00830	0.02068	0.00675	0.00787	0.00526	0.00443	0.00304	0.00146	0.00392	0.00263	0.00287	0.00531
4	0.00604	0.00530	0.00564	0.00547	0.00695	0.00490	0.00419	0.00724	0.01060	0.01280	0.04498	0.04310	0.73541	0.01180	0.00647	0.00165	0.06947	0.00961	0.00425	0.00413
5	0.01311	0.10008	0.06191	0.03393	0.11338	0.13432	0.09654	0.17955	0.03896	0.01766	0.08809	0.04079	0.01208	0.02374	0.00541	0.00150	0.02438	0.00486	0.00328	0.00644
6	0.01262	0.79378	0.06475	0.00845	0.01269	0.01852	0.00866	0.01435	0.00973	0.01144	0.00674	0.00779	0.00613	0.00411	0.00314	0.00105	0.00521	0.00261	0.00204	0.00618
7	0.01239	0.08456	0.40808	0.02994	0.08040	0.02515	0.01315	0.03277	0.06756	0.15081	0.01213	0.02842	0.02315	0.00524	0.00456	0.00147	0.00585	0.00421	0.00308	0.00709
8	0.00750	0.07275	0.00761	0.02788	0.00734	0.00624	0.00428	0.00845	0.02406	0.01099	0.08589	0.04521	0.03487	0.51535	0.11860	0.00417	0.00543	0.00662	0.00308	0.00368
9	0.00900	0.08030	0.19582	0.01084	0.08347	0.00885	0.03004	0.03200	0.08200	0.01585	0.17724	0.12424	0.11508	0.00798	0.00506	0.00154	0.00437	0.00687	0.00365	0.00580
10	0.06342	0.05805	0.08925	0.04260	0.11653	0.05001	0.08995	0.07675	0.06501	0.01608	0.05682	0.03201	0.08428	0.02172	0.08109	0.00211	0.02378	0.00520	0.00314	0.02220
11	0.08569	0.08847	0.01015	0.00819	0.03048	0.05335	0.00633	0.04175	0.07726	0.02956	0.26080	0.05025	0.11566	0.00948	0.04311	0.00181	0.05584	0.02254	0.00400	0.00527
12	0.11135	0.05519	0.03955	0.11570	0.14064	0.09739	0.02697	0.07454	0.07835	0.03350	0.09662	0.01638	0.06781	0.00588	0.00457	0.00144	0.00506	0.00482	0.00332	0.02091
13	0.13902	0.06962	0.11962	0.14395	0.06338	0.04663	0.02344	0.06923	0.03950	0.01652	0.03351	0.02337	0.04172	0.00512	0.00422	0.00134	0.00509	0.00406	0.00289	0.14778
14	0.04264	0.01161	0.05889	0.07945	0.11092	0.06812	0.02377	0.14712	0.14654	0.07233	0.09130	0.01634	0.02780	0.00607	0.00514	0.00149	0.03196	0.01776	0.00380	0.03693

[dist]
# distance from previous block
# <min> <max>
0	114

[block]
# block no. 3 follows, 53 sequences, length 19
# corresponding to MSA columns:
# 318-336
name=unknown_D
#
# <colnr> <probs for GDERKNQSTAVLIFYWHMCP>
#	G	D	E	R	K	N	Q	S	T	A	V	L	I	F	Y	W	H	M	C	P
0	0.07348	0.14244	0.12143	0.12145	0.18731	0.09144	0.01114	0.05475	0.03243	0.02804	0.04888	0.01236	0.00909	0.02634	0.00503	0.00148	0.01989	0.00399	0.00270	0.00633
1	0.01226	0.22294	0.16215	0.02480	0.11212	0.07418	0.03051	0.09784	0.04558	0.03583	0.03102	0.01425	0.07420	0.01813	0.00492	0.00142	0.02413	0.00433	0.00293	0.00648
2	0.06905	0.15794	0.12056	0.01129	0.05838	0.15651	0.02264	0.10722	0.09435	0.07186	0.06155	0.01262	0.01031	0.00584	0.01876	0.00148	0.00575	0.00403	0.00330	0.00656
3	0.12910	0.17780	0.18176	0.01060	0.04168	0.01149	0.06183	0.07964	0.02740	0.03456	0.07241	0.09035	0.01275	0.00674	0.01791	0.00157	0.00517	0.02802	0.00314	0.00609
4	0.04562	0.49853	0.01982	0.00929	0.01277	0.20071	0.00827	0.07623	0.02608	0.01337	0.00772	0.00889	0.00669	0.00594	0.04091	0.00144	0.00621	0.00299	0.00247	0.00606
5	0.00754	0.00462	0.00682	0.00682	0.00720	0.00501	0.00489	0.00732	0.00694	0.00964	0.01081	0.01761	0.01058	0.08162	0.37981	0.41438	0.00811	0.00478	0.00235	0.00313
6	0.01254	0.71695	0.04868	0.00835	0.01233	0.01754	0.00829	0.04972	0.01056	0.01276	0.05823	0.00974	0.00874	0.00455	0.00336	0.00109	0.00500	0.00306	0.00238	0.00615
7	0.06902	0.01001	0.04048	0.00899	0.01250	0.00954	0.00757	0.19109	0.11757	0.39069	0.01849	0.01700	0.07265	0.00630	0.00475	0.00150	0.00425	0.00501	0.00509	0.00752
8	0.01129	0.01090	0.01888	0.17524	0.62348	0.01125	0.05053	0.01424	0.01066	0.01497	0.00893	0.01205	0.00733	0.00434	0.00478	0.00146	0.00592	0.00432	0.00232	0.00710
9	0.00996	0.00968	0.01606	0.59343	0.19482	0.03153	0.05095	0.01306	0.01002	0.01307	0.00863	0.01245	0.00666	0.00464	0.00480	0.00155	0.00636	0.00429	0.00220	0.00585
10	0.01278	0.83490	0.02505	0.00818	0.01227	0.01891	0.00818	0.01431	0.00971	0.01125	0.00664	0.00767	0.00613	0.00409	0.00307	0.00102	0.00511	0.00256	0.00204	0.00613
11	0.00884	0.00824	0.01382	0.77284	0.03140	0.01022	0.01276	0.01189	0.00953	0.01221	0.00954	0.06058	0.00785	0.00538	0.00486	0.00161	0.00616	0.00480	0.00226	0.00523
12	0.00830	0.00415	0.00623	0.00623	0.00623	0.00415	0.00415	0.00623	0.00623	0.00830	0.00830	0.01453	0.00830	0.01660	0.01868	0.86094	0.00415	0.00415	0.00208	0.00208
13	0.00788	0.00646	0.00886	0.00827	0.00862	0.00798	0.00627	0.00887	0.00735	0.01064	0.01168	0.02037	0.01206	0.27807	0.34186	0.00516	0.23753	0.00543	0.00253	0.00411
14	0.86579	0.00924	0.00702	0.00629	0.00924	0.01072	0.00518	0.01405	0.00813	0.02144	0.00666	0.00776	0.00518	0.00444	0.00296	0.00148	0.00370	0.00259	0.00296	0.00518
15	0.00725	0.00557	0.00792	0.00777	0.00858	0.00654	0.00596	0.00930	0.04396	0.01135	0.01301	0.01956	0.01233	0.11196	0.65836	0.00682	0.05145	0.00527	0.00268	0.00433
16	0.01449	0.18624	0.12621	0.01135	0.05080	0.10449	0.00994	0.23005	0.12967	0.05566	0.02893	0.01189	0.00914	0.00528	0.00437	0.00137	0.00554	0.00398	0.00353	0.00708
17	0.31278	0.05883	0.01008	0.00784	0.01071	0.04719	0.00634	0.06239	0.09554	0.11693	0.03008	0.06512	0.02447	0.00613	0.00459	0.01901	0.02516	0.00438	0.00369	0.08873
18	0.05141	0.12440	0.24523	0.01669	0.24244	0.03021	0.06196	0.07529	0.01126	0.03482	0.00965	0.01144	0.02273	0.00509	0.00496	0.03319	0.00594	0.00394	0.00256	0.00679

[dist]
# distance from previous block
# <min> <max>
1	3

[block]
# block no. 4 follows, 53 sequences, length 6
# corresponding to MSA columns:
# 340-345
name=unknown_E
#
# <colnr> <probs for GDERKNQSTAVLIFYWHMCP>
#	G	D	E	R	K	N	Q	S	T	A	V	L	I	F	Y	W	H	M	C	P
0	0.01188	0.35253	0.11921	0.01085	0.06921	0.11768	0.00939	0.01529	0.09895	0.01349	0.03911	0.10069	0.01137	0.00594	0.00416	0.00133	0.00535	0.00462	0.00281	0.00614
1	0.01251	0.08251	0.31415	0.05197	0.16211	0.08521	0.03216	0.05582	0.06958	0.07421	0.01013	0.01138	0.00756	0.00479	0.00453	0.00144	0.00623	0.00390	0.00278	0.00702
2	0.00886	0.00861	0.03750	0.05819	0.04342	0.06774	0.07809	0.01141	0.04127	0.02960	0.20837	0.11108	0.14108	0.01060	0.05810	0.00201	0.04661	0.02856	0.00380	0.00508
3	0.00813	0.00638	0.05347	0.00864	0.06794	0.00526	0.00607	0.00946	0.01008	0.08301	0.10218	0.43009	0.08862	0.03958	0.00705	0.05182	0.00342	0.00997	0.00417	0.00466
4	0.01226	0.03186	0.09459	0.09475	0.28761	0.01095	0.08492	0.06057	0.04653	0.10087	0.06994	0.01418	0.01079	0.00533	0.00548	0.00152	0.05311	0.00471	0.00314	0.00689
5	0.03295	0.04544	0.06299	0.06751	0.27002	0.20130	0.09852	0.04437	0.05068	0.01521	0.03903	0.01288	0.02802	0.00500	0.00469	0.00142	0.00638	0.00435	0.00273	0.00651

[dist]
# distance from previous block
# <min> <max>
4	39

[block]
# block no. 5 follows, 53 sequences, length 27
# corresponding to MSA columns:
# 386-412
name=unknown_F
#
# <colnr> <probs for GDERKNQSTAVLIFYWHMCP>
#	G	D	E	R	K	N	Q	S	T	A	V	L	I	F	Y	W	H	M	C	P
0	0.08298	0.05093	0.15317	0.01176	0.05636	0.10198	0.08895	0.05864	0.07997	0.10285	0.05128	0.03685	0.01881	0.04408	0.00550	0.00159	0.00553	0.00469	0.00336	0.04071
1	0.03033	0.13063	0.12779	0.05834	0.01557	0.09505	0.10198	0.04937	0.10514	0.02771	0.10514	0.03012	0.03143	0.00658	0.02141	0.00159	0.02774	0.01374	0.00320	0.01712
2	0.04319	0.15534	0.20421	0.04005	0.07723	0.14657	0.10092	0.05165	0.01153	0.06755	0.01040	0.03490	0.02590	0.00508	0.00445	0.00140	0.00634	0.00414	0.00272	0.00645
3	0.03068	0.12574	0.21116	0.01224	0.05856	0.04558	0.09144	0.01485	0.02761	0.11471	0.02400	0.09278	0.01068	0.00791	0.05448	0.00189	0.06135	0.00503	0.00301	0.00629
4	0.07275	0.28741	0.07539	0.11898	0.03308	0.05813	0.02305	0.09501	0.02731	0.05914	0.00941	0.03203	0.00786	0.02899	0.00502	0.00144	0.03478	0.00382	0.00282	0.02359
5	0.05550	0.08402	0.21132	0.01140	0.04100	0.03456	0.05593	0.18057	0.05585	0.08533	0.04435	0.04639	0.02312	0.02992	0.00523	0.00157	0.00542	0.01825	0.00352	0.00673
6	0.00887	0.19133	0.01116	0.00749	0.00915	0.00857	0.00615	0.03267	0.04633	0.01300	0.07727	0.11907	0.06922	0.01431	0.12456	0.13294	0.00525	0.11471	0.00336	0.00460
7	0.01293	0.69679	0.04421	0.00845	0.01241	0.01765	0.00827	0.08682	0.01080	0.01304	0.00755	0.00919	0.00684	0.04290	0.00426	0.00124	0.00516	0.00295	0.00234	0.00620
8	0.01104	0.05068	0.15522	0.00977	0.01310	0.01104	0.00892	0.07437	0.43200	0.01830	0.04320	0.04511	0.05885	0.04018	0.00562	0.00169	0.00442	0.00556	0.00410	0.00684
9	0.01210	0.67218	0.06395	0.00832	0.01223	0.04889	0.00828	0.01384	0.01010	0.01187	0.03767	0.01149	0.06286	0.00491	0.00347	0.00111	0.00507	0.00337	0.00234	0.00596
10	0.00875	0.01655	0.44406	0.01192	0.01657	0.00920	0.09380	0.01271	0.00970	0.01405	0.04365	0.01580	0.04156	0.05064	0.18688	0.00306	0.00796	0.00474	0.00245	0.00595
11	0.00971	0.01842	0.50985	0.04264	0.01834	0.00987	0.07083	0.04971	0.01085	0.03597	0.03817	0.11326	0.03882	0.00632	0.00492	0.00157	0.00610	0.00541	0.00277	0.00645
12	0.00706	0.00683	0.06995	0.00714	0.00887	0.00538	0.03300	0.00871	0.01053	0.04192	0.10189	0.27103	0.35593	0.01150	0.00604	0.00171	0.03386	0.00991	0.00421	0.00455
13	0.00959	0.02472	0.80726	0.01362	0.02069	0.01110	0.01766	0.01514	0.01009	0.01514	0.00858	0.01009	0.00605	0.00454	0.00454	0.00151	0.00706	0.00353	0.00202	0.00706
14	0.00650	0.00477	0.00654	0.04023	0.00884	0.00468	0.00571	0.00785	0.00969	0.01276	0.02572	0.52206	0.05965	0.01474	0.03613	0.00220	0.00372	0.21984	0.00426	0.00410
15	0.01132	0.01150	0.15967	0.04926	0.05540	0.02450	0.08295	0.03300	0.09667	0.13357	0.06350	0.03164	0.07698	0.02256	0.04632	0.00197	0.00551	0.08370	0.00374	0.00624
16	0.01075	0.01683	0.38013	0.10264	0.26141	0.01074	0.02856	0.01510	0.03330	0.05270	0.01084	0.01266	0.03342	0.00484	0.00470	0.00150	0.00619	0.00420	0.00249	0.00699
17	0.00589	0.00421	0.00562	0.00673	0.00704	0.00394	0.00455	0.00677	0.00922	0.01228	0.02631	0.80095	0.03146	0.01491	0.00612	0.00195	0.00283	0.04087	0.00444	0.00390
18	0.71335	0.01100	0.06287	0.00838	0.04049	0.03976	0.03547	0.01438	0.00868	0.02022	0.00701	0.00830	0.00544	0.00444	0.00328	0.00148	0.00434	0.00285	0.00283	0.00545
19	0.00581	0.00420	0.00551	0.00655	0.00691	0.00389	0.00439	0.00667	0.00925	0.01224	0.02758	0.78488	0.07484	0.01481	0.00608	0.00192	0.00275	0.01339	0.00444	0.00389
20	0.04197	0.14858	0.02940	0.00972	0.06413	0.00939	0.04601	0.06942	0.02143	0.05921	0.07655	0.11620	0.06505	0.03193	0.15732	0.01543	0.00593	0.00605	0.00341	0.02289
21	0.01134	0.10844	0.08482	0.12678	0.23639	0.07830	0.02066	0.02321	0.04698	0.01464	0.04087	0.02154	0.00900	0.00484	0.00462	0.00132	0.02347	0.00403	0.00262	0.13613
22	0.01460	0.30867	0.14299	0.01619	0.18490	0.05026	0.06980	0.05616	0.01239	0.04467	0.01082	0.01330	0.00909	0.00699	0.03508	0.00192	0.00686	0.00433	0.00320	0.00777
23	0.01417	0.31806	0.16036	0.01185	0.04435	0.06824	0.02041	0.07408	0.05444	0.02852	0.04010	0.03312	0.01168	0.06343	0.00658	0.00192	0.02060	0.00472	0.00349	0.01988
24	0.00941	0.02222	0.06269	0.06074	0.06136	0.00726	0.04357	0.05276	0.03750	0.07586	0.19111	0.14861	0.10858	0.04952	0.00632	0.00177	0.00404	0.04720	0.00411	0.00538
25	0.20076	0.03225	0.03972	0.04911	0.08158	0.08734	0.03359	0.08780	0.07150	0.01761	0.07101	0.04931	0.05501	0.03660	0.00533	0.00160	0.01480	0.02756	0.00340	0.03413
26	0.17507	0.04379	0.02398	0.03019	0.14869	0.06276	0.03384	0.09218	0.08878	0.03092	0.01322	0.08347	0.03788	0.09289	0.00674	0.00184	0.01930	0.00522	0.00331	0.00593

[dist]
# distance from previous block
# <min> <max>
1	26

[block]
# block no. 6 follows, 53 sequences, length 21
# corresponding to MSA columns:
# 450-457,461-473
name=unknown_G
#
# <colnr> <probs for GDERKNQSTAVLIFYWHMCP>
#	G	D	E	R	K	N	Q	S	T	A	V	L	I	F	Y	W	H	M	C	P
0	0.10415	0.05111	0.14462	0.06385	0.10819	0.00924	0.01963	0.03510	0.01035	0.04472	0.01129	0.04520	0.04387	0.00501	0.00415	0.00124	0.00470	0.00409	0.00287	0.28661
1	0.13003	0.00881	0.02834	0.02732	0.07781	0.03724	0.00750	0.10919	0.05345	0.05737	0.02784	0.20209	0.06218	0.00962	0.02622	0.00184	0.02668	0.09694	0.00391	0.00561
2	0.02809	0.01590	0.32914	0.14822	0.16635	0.05313	0.01373	0.02881	0.01061	0.03388	0.03141	0.01415	0.00897	0.00704	0.05365	0.00190	0.00669	0.03939	0.00252	0.00643
3	0.01249	0.00995	0.01358	0.06326	0.29864	0.05771	0.02328	0.03155	0.08637	0.14355	0.01830	0.03828	0.12985	0.00648	0.00494	0.00149	0.00484	0.02448	0.00365	0.02730
4	0.01443	0.01061	0.01175	0.00957	0.01280	0.01121	0.00785	0.41160	0.12096	0.06230	0.01679	0.01989	0.06641	0.00694	0.00493	0.00148	0.00451	0.09687	0.00456	0.10455
5	0.00740	0.00539	0.00636	0.00613	0.00759	0.00500	0.00462	0.01001	0.07391	0.05378	0.34067	0.11674	0.30757	0.01075	0.00561	0.00161	0.00262	0.02468	0.00487	0.00469
6	0.00903	0.00850	0.01434	0.82054	0.03292	0.01062	0.01327	0.01221	0.00956	0.01221	0.00850	0.01274	0.00637	0.00478	0.00478	0.00159	0.00637	0.00425	0.00212	0.00531
7	0.01056	0.23945	0.05913	0.00806	0.01059	0.01024	0.00699	0.12085	0.01163	0.05710	0.01899	0.33158	0.07788	0.00930	0.00487	0.00154	0.00407	0.00786	0.00375	0.00554
8	0.00857	0.00780	0.01290	0.67443	0.02844	0.00951	0.01190	0.01143	0.00961	0.01235	0.01163	0.10873	0.01064	0.00649	0.00505	0.00167	0.00583	0.05538	0.00254	0.00509
9	0.01079	0.16008	0.40690	0.05907	0.01989	0.05903	0.15560	0.01483	0.01032	0.01397	0.00854	0.01060	0.00655	0.00566	0.03685	0.00168	0.00719	0.00383	0.00215	0.00649
10	0.01195	0.66396	0.14247	0.00897	0.01333	0.01698	0.00949	0.01410	0.00965	0.01183	0.00730	0.00868	0.00646	0.00601	0.05041	0.00148	0.00585	0.00285	0.00207	0.00617
11	0.01014	0.00939	0.01533	0.13461	0.42508	0.00964	0.04240	0.01349	0.05673	0.01588	0.15743	0.01865	0.05880	0.00590	0.00500	0.00149	0.00495	0.00551	0.00313	0.00644
12	0.01652	0.00829	0.01059	0.00790	0.01183	0.00675	0.00644	0.01849	0.01207	0.46834	0.01443	0.01355	0.00980	0.00490	0.00427	0.00115	0.00384	0.00396	0.00460	0.37228
13	0.01758	0.00916	0.01206	0.08982	0.07543	0.02847	0.00829	0.11875	0.01410	0.47373	0.06553	0.01687	0.03594	0.00605	0.00486	0.00148	0.00452	0.00500	0.00495	0.00740
14	0.00683	0.00512	0.00768	0.00768	0.00853	0.00597	0.00597	0.00853	0.00768	0.01110	0.01280	0.01878	0.01195	0.03585	0.81308	0.00768	0.01280	0.00512	0.00256	0.00427
15	0.00577	0.00436	0.00534	0.00611	0.00679	0.00393	0.00420	0.00672	0.00967	0.01241	0.03292	0.59556	0.26071	0.01412	0.00597	0.00184	0.00267	0.01254	0.00444	0.00393
16	0.01152	0.02440	0.14814	0.03238	0.10110	0.16667	0.08909	0.06292	0.02990	0.01448	0.01166	0.10739	0.01077	0.00964	0.09237	0.00221	0.05495	0.02161	0.00282	0.00595
17	0.08431	0.34689	0.01682	0.00939	0.02716	0.22185	0.00786	0.03257	0.01170	0.10445	0.08608	0.01182	0.01060	0.00514	0.00390	0.00123	0.00552	0.00362	0.00305	0.00604
18	0.00599	0.00478	0.00543	0.00564	0.00690	0.00422	0.00421	0.00734	0.01084	0.01364	0.14122	0.18289	0.49425	0.01308	0.02986	0.00187	0.00289	0.05637	0.00449	0.00410
19	0.10762	0.01560	0.04460	0.04628	0.10827	0.33096	0.00951	0.04836	0.13725	0.01542	0.00999	0.01140	0.00801	0.00703	0.05368	0.00179	0.03135	0.00381	0.00295	0.00614
20	0.03616	0.06463	0.01337	0.00996	0.01335	0.07930	0.00815	0.43748	0.09420	0.11177	0.01438	0.01434	0.05135	0.02359	0.00507	0.00149	0.00505	0.00458	0.00445	0.00733

[dist]
# distance from previous block
# <min> <max>
12	51

[block]
# block no. 7 follows, 53 sequences, length 8
# corresponding to MSA columns:
# 526-533
name=unknown_H
#
# <colnr> <probs for GDERKNQSTAVLIFYWHMCP>
#	G	D	E	R	K	N	Q	S	T	A	V	L	I	F	Y	W	H	M	C	P
0	0.01344	0.09512	0.13142	0.01334	0.12546	0.05759	0.03230	0.11866	0.24286	0.07824	0.01277	0.01302	0.00957	0.00527	0.00456	0.00143	0.00526	0.00430	0.00362	0.03178
1	0.01041	0.02844	0.09456	0.06728	0.15506	0.00889	0.02789	0.07687	0.08792	0.06470	0.06685	0.21170	0.06298	0.00813	0.00516	0.00160	0.00449	0.00718	0.00377	0.00610
2	0.71290	0.00997	0.00832	0.00779	0.04239	0.04375	0.00599	0.04304	0.00933	0.06937	0.00771	0.00863	0.00583	0.00459	0.00327	0.00146	0.00406	0.00288	0.00316	0.00558
3	0.00915	0.00907	0.12111	0.00883	0.03519	0.00744	0.00728	0.09116	0.05734	0.03901	0.03468	0.14492	0.03883	0.21030	0.16080	0.00347	0.00613	0.00676	0.00344	0.00510
4	0.00664	0.00542	0.00595	0.00600	0.00711	0.03589	0.00434	0.00805	0.01109	0.01435	0.27072	0.19076	0.30378	0.06189	0.04442	0.00209	0.00330	0.00963	0.00444	0.00415
5	0.01576	0.35822	0.01830	0.01061	0.01374	0.48491	0.00880	0.01711	0.01196	0.01151	0.00708	0.00823	0.00615	0.00458	0.00380	0.00114	0.00717	0.00286	0.00229	0.00579
6	0.01181	0.31728	0.24630	0.01068	0.04430	0.04760	0.01071	0.06134	0.01089	0.03326	0.00934	0.05980	0.00810	0.00501	0.00400	0.00124	0.00550	0.00380	0.00257	0.10645
7	0.01186	0.17926	0.15254	0.13762	0.20705	0.08454	0.05350	0.05040	0.01092	0.01419	0.00848	0.01108	0.00696	0.02685	0.00517	0.00148	0.02546	0.00383	0.00234	0.00646

[dist]
# distance from previous block
# <min> <max>
0	1

[block]
# block no. 8 follows, 53 sequences, length 7
# corresponding to MSA columns:
# 535-541
name=unknown_I
#
# <colnr> <probs for GDERKNQSTAVLIFYWHMCP>
#	G	D	E	R	K	N	Q	S	T	A	V	L	I	F	Y	W	H	M	C	P
0	0.18091	0.01448	0.01373	0.01397	0.15233	0.24721	0.03931	0.12597	0.09999	0.01795	0.00949	0.01070	0.00748	0.00512	0.00480	0.00144	0.04179	0.00377	0.00312	0.00644
1	0.00912	0.04756	0.17064	0.09365	0.01778	0.00915	0.19581	0.01239	0.01059	0.01421	0.01650	0.07071	0.03779	0.00813	0.00558	0.00178	0.00588	0.26407	0.00313	0.00554
2	0.00694	0.00468	0.00546	0.00546	0.00555	0.00477	0.00320	0.00711	0.00702	0.00945	0.01483	0.03002	0.01683	0.75214	0.10347	0.00494	0.00545	0.00677	0.00286	0.00303
3	0.00755	0.00612	0.00866	0.12392	0.01162	0.00678	0.00663	0.00969	0.01166	0.01646	0.50995	0.05609	0.03208	0.01053	0.05259	0.00196	0.11141	0.00740	0.00421	0.00468
4	0.00996	0.00945	0.01602	0.55674	0.28941	0.01086	0.01374	0.01303	0.01000	0.01335	0.00866	0.01244	0.00677	0.00461	0.00476	0.00154	0.00614	0.00425	0.00220	0.00606
5	0.01039	0.01136	0.09331	0.01542	0.16763	0.01196	0.05509	0.04837	0.00929	0.01368	0.00864	0.01237	0.00767	0.01176	0.15471	0.00285	0.35286	0.00439	0.00237	0.00590
6	0.00857	0.00761	0.05436	0.03374	0.05552	0.00690	0.03629	0.12164	0.01143	0.01540	0.02098	0.52100	0.02350	0.01162	0.00571	0.00180	0.00394	0.05085	0.00409	0.00506

[dist]
# distance from previous block
# <min> <max>
0	1

[block]
# block no. 9 follows, 53 sequences, length 21
# corresponding to MSA columns:
# 543-549,554-567
name=unknown_J
#
# <colnr> <probs for GDERKNQSTAVLIFYWHMCP>
#	G	D	E	R	K	N	Q	S	T	A	V	L	I	F	Y	W	H	M	C	P
0	0.71713	0.03654	0.00878	0.00819	0.06608	0.01094	0.00610	0.01482	0.03421	0.05025	0.00770	0.00870	0.00594	0.00454	0.00322	0.00146	0.00390	0.00288	0.00306	0.00557
1	0.01104	0.27385	0.53447	0.01174	0.01775	0.01335	0.01431	0.01521	0.01012	0.04533	0.00839	0.00959	0.00631	0.00446	0.00410	0.00136	0.00634	0.00328	0.00218	0.00682
2	0.28203	0.00938	0.03481	0.00808	0.01147	0.00905	0.00684	0.11091	0.01289	0.38255	0.07452	0.01436	0.01172	0.00569	0.00429	0.00148	0.00405	0.00431	0.00469	0.00690
3	0.01039	0.04148	0.05939	0.03823	0.13572	0.00840	0.10911	0.02615	0.05945	0.10096	0.06952	0.24341	0.06060	0.00837	0.00528	0.00162	0.00456	0.00766	0.00379	0.00592
4	0.01067	0.06011	0.53213	0.04166	0.09194	0.03787	0.10295	0.04047	0.01078	0.01530	0.00870	0.01053	0.00641	0.00450	0.00462	0.00148	0.00693	0.00382	0.00221	0.00692
5	0.00630	0.00442	0.00565	0.00624	0.00654	0.00429	0.00408	0.00704	0.00870	0.01174	0.07668	0.47880	0.02697	0.26196	0.06529	0.00310	0.00396	0.01068	0.00391	0.00366
6	0.09902	0.09391	0.25328	0.05710	0.05799	0.07185	0.02341	0.08402	0.11374	0.02820	0.03385	0.01349	0.00947	0.00538	0.00444	0.00148	0.00568	0.03406	0.00304	0.00658
7	0.01167	0.05517	0.15609	0.05956	0.21863	0.07529	0.16877	0.03089	0.07167	0.03107	0.06570	0.01356	0.01028	0.00496	0.00485	0.00147	0.00622	0.00464	0.00281	0.00671
8	0.00745	0.00536	0.00711	0.00744	0.00843	0.00519	0.02586	0.02635	0.06066	0.04375	0.06464	0.53043	0.08315	0.01295	0.00593	0.00187	0.00320	0.09119	0.00451	0.00454
9	0.03860	0.01527	0.02058	0.01898	0.19104	0.24479	0.32219	0.04094	0.01201	0.01488	0.00874	0.01116	0.00694	0.00452	0.00522	0.00146	0.02933	0.00442	0.00250	0.00641
10	0.01121	0.01190	0.08887	0.15314	0.40646	0.01116	0.07728	0.03169	0.07141	0.02941	0.01115	0.01349	0.03284	0.00492	0.00509	0.00151	0.02430	0.00459	0.00267	0.00692
11	0.00730	0.00538	0.00686	0.06454	0.05779	0.00545	0.00474	0.00795	0.00799	0.01054	0.01784	0.05739	0.08058	0.58433	0.01865	0.00375	0.00457	0.04771	0.00306	0.00357
12	0.01860	0.00817	0.01065	0.00842	0.01169	0.00750	0.00685	0.08816	0.04401	0.59169	0.10701	0.04545	0.01605	0.00666	0.00494	0.00150	0.00391	0.00552	0.00565	0.00756
13	0.00936	0.00735	0.01124	0.31615	0.05486	0.02914	0.03915	0.04060	0.00895	0.01160	0.01004	0.04551	0.02363	0.01017	0.01059	0.35515	0.00529	0.00471	0.00238	0.00417
14	0.07248	0.15813	0.35610	0.01264	0.04569	0.01229	0.09753	0.04268	0.05381	0.06226	0.00969	0.01101	0.00727	0.00567	0.03154	0.00164	0.00632	0.00381	0.00265	0.00675
15	0.00974	0.01206	0.15713	0.02429	0.11603	0.04417	0.11180	0.04932	0.01059	0.01454	0.03925	0.20701	0.03997	0.00908	0.03858	0.00191	0.09888	0.00682	0.00305	0.00576
16	0.01605	0.17900	0.03644	0.01153	0.04479	0.16947	0.07988	0.04916	0.08357	0.23986	0.01203	0.01217	0.00877	0.00520	0.00477	0.00138	0.03137	0.00405	0.00364	0.00688
17	0.01172	0.03739	0.01618	0.11976	0.36113	0.10037	0.05349	0.07373	0.01184	0.01552	0.04959	0.10472	0.01179	0.00597	0.00489	0.00148	0.00568	0.00542	0.00290	0.00643
18	0.01131	0.04658	0.21669	0.14262	0.27149	0.01153	0.14952	0.03551	0.01092	0.04497	0.00928	0.01172	0.00707	0.00446	0.00479	0.00149	0.00645	0.00427	0.00244	0.00688
19	0.06712	0.07104	0.08145	0.03690	0.05544	0.04650	0.05280	0.14868	0.04971	0.08533	0.03278	0.01579	0.01058	0.03981	0.07739	0.00220	0.07173	0.04507	0.00340	0.00629
20	0.34866	0.03149	0.20783	0.05968	0.07575	0.01072	0.05212	0.05172	0.01011	0.01811	0.02953	0.03540	0.02561	0.00527	0.00412	0.00152	0.00511	0.01846	0.00283	0.00598

[dist]
# distance from previous block
# <min> <max>
0	92

[block]
# block no. 10 follows, 53 sequences, length 22
# corresponding to MSA columns:
# 660-681
name=unknown_K
#
# <colnr> <probs for GDERKNQSTAVLIFYWHMCP>
#	G	D	E	R	K	N	Q	S	T	A	V	L	I	F	Y	W	H	M	C	P
0	0.05639	0.05085	0.00948	0.00780	0.00980	0.00713	0.05531	0.03322	0.08933	0.03454	0.13210	0.26861	0.12169	0.00964	0.00520	0.00158	0.00346	0.01916	0.00416	0.08054
1	0.04157	0.13618	0.06146	0.04173	0.11244	0.29957	0.05049	0.09952	0.04274	0.05742	0.00919	0.01036	0.00719	0.00483	0.00434	0.00133	0.00661	0.00364	0.00289	0.00648
2	0.01139	0.09313	0.01344	0.01086	0.03394	0.10314	0.00853	0.10261	0.01050	0.01384	0.01166	0.14256	0.02592	0.04009	0.03658	0.00204	0.32578	0.00566	0.00292	0.00540
3	0.01191	0.01109	0.01022	0.00893	0.01088	0.18813	0.00694	0.16669	0.04080	0.01924	0.39205	0.02271	0.02569	0.00769	0.00575	0.00147	0.05372	0.00616	0.00434	0.00561
4	0.00865	0.00530	0.00698	0.00702	0.00822	0.00485	0.00513	0.00994	0.01012	0.12186	0.08738	0.42637	0.02575	0.06947	0.05000	0.00226	0.00376	0.07063	0.00437	0.07194
5	0.00993	0.01483	0.39075	0.00983	0.01422	0.00794	0.01103	0.01357	0.01153	0.12203	0.21004	0.02226	0.12791	0.00707	0.00500	0.00152	0.00483	0.00588	0.00368	0.00615
6	0.02020	0.00818	0.01092	0.00845	0.01197	0.00726	0.00695	0.06293	0.01414	0.70668	0.07556	0.01743	0.01407	0.00619	0.00487	0.00148	0.00400	0.00506	0.00581	0.00787
7	0.01777	0.01862	0.01376	0.01170	0.01471	0.46881	0.00912	0.32265	0.04483	0.01928	0.00943	0.01008	0.00724	0.00530	0.00452	0.00133	0.00712	0.00365	0.00346	0.00664
8	0.00991	0.00850	0.00991	0.00708	0.01133	0.00637	0.00566	0.01203	0.00991	0.01557	0.00850	0.00991	0.00708	0.00354	0.00354	0.00071	0.00354	0.00283	0.00283	0.86124
9	0.01149	0.00992	0.01042	0.00941	0.01205	0.01138	0.00731	0.02421	0.74336	0.01954	0.02131	0.01964	0.06499	0.00685	0.00491	0.00162	0.00370	0.00570	0.00484	0.00734
10	0.07386	0.00814	0.01236	0.01572	0.30102	0.00795	0.02754	0.01341	0.01064	0.15253	0.01677	0.26977	0.01661	0.00834	0.00516	0.00164	0.00434	0.04427	0.00377	0.00616
11	0.00883	0.05865	0.00881	0.00784	0.00918	0.00649	0.00637	0.01055	0.00963	0.09229	0.04947	0.09920	0.01894	0.05230	0.33376	0.00432	0.00760	0.20743	0.00364	0.00474
12	0.00917	0.10840	0.33431	0.01031	0.01425	0.00943	0.01130	0.03980	0.01094	0.01499	0.06650	0.07242	0.04649	0.00822	0.00517	0.00168	0.00529	0.22231	0.00324	0.00578
13	0.00750	0.00607	0.00918	0.07000	0.02926	0.00579	0.07585	0.00923	0.01014	0.02867	0.06472	0.37073	0.11823	0.01181	0.02671	0.00190	0.00402	0.08676	0.00395	0.05950
14	0.01025	0.00950	0.09391	0.04122	0.21926	0.00791	0.06419	0.01266	0.01058	0.10400	0.01727	0.26866	0.01747	0.00878	0.00542	0.00170	0.00479	0.09288	0.00360	0.00594
15	0.01012	0.00864	0.05142	0.04876	0.05377	0.06459	0.02127	0.03056	0.02450	0.09370	0.04065	0.10849	0.11580	0.01005	0.00569	0.00180	0.00460	0.29621	0.00408	0.00529
16	0.01147	0.01198	0.03813	0.27152	0.42416	0.10508	0.01345	0.01428	0.01077	0.01404	0.00917	0.01306	0.00764	0.00480	0.00475	0.00148	0.00623	0.02910	0.00236	0.00651
17	0.01110	0.08165	0.23822	0.04418	0.21240	0.03516	0.18276	0.02832	0.02476	0.01492	0.00952	0.01273	0.00771	0.00533	0.01875	0.00161	0.03254	0.02923	0.00240	0.00671
18	0.03954	0.04393	0.10662	0.03012	0.26010	0.05355	0.14266	0.01533	0.06582	0.05514	0.01185	0.06580	0.01030	0.00580	0.00529	0.00155	0.03397	0.04308	0.00292	0.00660
19	0.05257	0.02857	0.18813	0.05955	0.20922	0.04731	0.16830	0.05213	0.05803	0.03566	0.01004	0.02510	0.00785	0.00473	0.00474	0.00148	0.00623	0.00441	0.00272	0.03323
20	0.03636	0.06500	0.28177	0.03204	0.18414	0.08645	0.10766	0.06377	0.02164	0.02956	0.00972	0.04283	0.00786	0.00496	0.00465	0.00146	0.00644	0.00432	0.00259	0.00678
21	0.04017	0.05203	0.33908	0.04369	0.06368	0.05955	0.05494	0.07496	0.02186	0.09462	0.01093	0.01250	0.02528	0.00510	0.00480	0.00145	0.02463	0.01613	0.00290	0.05167

[dist]
# distance from previous block
# <min> <max>
4	47

[block]
# block no. 11 follows, 53 sequences, length 10
# corresponding to MSA columns:
# 738-747
name=unknown_L
#
# <colnr> <probs for GDERKNQSTAVLIFYWHMCP>
#	G	D	E	R	K	N	Q	S	T	A	V	L	I	F	Y	W	H	M	C	P
0	0.01320	0.03579	0.02933	0.06825	0.21268	0.01147	0.08035	0.14614	0.17300	0.09406	0.02964	0.04778	0.01109	0.00576	0.00507	0.00152	0.01889	0.00509	0.00374	0.00716
1	0.01124	0.09428	0.01810	0.19495	0.42642	0.04658	0.04639	0.01395	0.01062	0.01415	0.00988	0.01479	0.00865	0.00507	0.00474	0.00148	0.00590	0.06381	0.00245	0.00655
2	0.01315	0.05202	0.01853	0.19620	0.21224	0.10237	0.16396	0.10593	0.01244	0.06311	0.00960	0.01190	0.00733	0.00467	0.00480	0.00146	0.00646	0.00435	0.00281	0.00665
3	0.01199	0.09229	0.18103	0.03702	0.08471	0.01186	0.16440	0.15006	0.02766	0.02856	0.01088	0.02672	0.02265	0.00513	0.00488	0.00142	0.02046	0.02195	0.00295	0.09339
4	0.00637	0.00477	0.00605	0.00646	0.00734	0.00432	0.00449	0.00745	0.00947	0.01280	0.06604	0.54987	0.10741	0.04998	0.04558	0.00215	0.00335	0.01118	0.00416	0.09076
5	0.00826	0.00654	0.02251	0.04565	0.08041	0.00628	0.03964	0.03285	0.02595	0.04658	0.03591	0.38125	0.06050	0.03991	0.04627	0.00220	0.00437	0.10607	0.00397	0.00488
6	0.01224	0.32081	0.13730	0.01409	0.14881	0.03390	0.09449	0.05196	0.02430	0.04536	0.00998	0.05078	0.00867	0.00513	0.00429	0.00135	0.00572	0.02161	0.00265	0.00658
7	0.00978	0.00851	0.01384	0.20295	0.34712	0.00891	0.01132	0.01225	0.01044	0.03473	0.01523	0.13165	0.03593	0.00754	0.00526	0.00166	0.00510	0.12876	0.00307	0.00596
8	0.00798	0.00596	0.00836	0.00802	0.00917	0.00687	0.00629	0.08732	0.00918	0.01302	0.01267	0.01804	0.01156	0.03280	0.73120	0.00705	0.01204	0.00504	0.00279	0.00466
9	0.44794	0.12965	0.03556	0.00961	0.08603	0.03227	0.00734	0.02836	0.00945	0.04111	0.00966	0.06703	0.00879	0.00571	0.00404	0.00148	0.02573	0.04160	0.00300	0.00563

[dist]
# distance from previous block
# <min> <max>
0	118

# created by:
# /st0/software/busco_prod/Augustus/scripts/msa2prfl.pl ./align_prep/36239.fa
