[name]
unknown

[dist]
# distance from previous block
# <min> <max>
0	415

[block]
# block no. 0 follows, 73 sequences, length 61
# corresponding to MSA columns:
# 415-475
name=unknown_A
#
# <colnr> <probs for GDERKNQSTAVLIFYWHMCP>
#	G	D	E	R	K	N	Q	S	T	A	V	L	I	F	Y	W	H	M	C	P
0	0.00544	0.00415	0.00513	0.02834	0.00629	0.00396	0.00375	0.00748	0.05691	0.01344	0.54247	0.02869	0.19718	0.04769	0.00508	0.00134	0.00210	0.03321	0.00380	0.00356
1	0.00919	0.00892	0.01041	0.00891	0.00979	0.10910	0.02994	0.10950	0.04274	0.01167	0.08194	0.03878	0.00910	0.03536	0.01802	0.00154	0.45449	0.00390	0.00234	0.00436
2	0.00481	0.00398	0.00420	0.00415	0.00533	0.00351	0.00308	0.00628	0.04706	0.01092	0.14007	0.05672	0.65009	0.03712	0.00489	0.00134	0.00200	0.00760	0.00354	0.00331
3	0.00542	0.00433	0.03239	0.00554	0.00614	0.00392	0.00412	0.03588	0.00744	0.00993	0.01804	0.46381	0.04769	0.17148	0.05425	0.00216	0.00323	0.11795	0.00312	0.00318
4	0.85369	0.00729	0.00565	0.00506	0.00737	0.00846	0.00415	0.01144	0.04486	0.01678	0.00569	0.00646	0.00440	0.00356	0.00239	0.00117	0.00291	0.00213	0.00239	0.00415
5	0.00904	0.00869	0.01367	0.02012	0.70441	0.04733	0.01020	0.01094	0.00827	0.01151	0.00758	0.01102	0.00682	0.10808	0.00556	0.00141	0.00446	0.00356	0.00191	0.00542
6	0.14752	0.00751	0.00888	0.07195	0.01071	0.00779	0.00597	0.19053	0.03366	0.31696	0.01019	0.01042	0.00717	0.02816	0.00429	0.00120	0.04497	0.00328	0.00342	0.08541
7	0.00549	0.00429	0.00439	0.00445	0.00489	0.04275	0.00283	0.00589	0.00679	0.00855	0.04162	0.13985	0.20745	0.49028	0.01264	0.00261	0.00313	0.00662	0.00275	0.00272
8	0.00881	0.00899	0.08648	0.20868	0.43228	0.00829	0.04552	0.02372	0.00843	0.05033	0.00779	0.03830	0.00639	0.00378	0.00374	0.00115	0.00454	0.00355	0.00202	0.04722
9	0.49975	0.00780	0.00765	0.00655	0.00847	0.04467	0.00538	0.02287	0.00735	0.16257	0.00694	0.00780	0.00524	0.00438	0.00478	0.00125	0.18679	0.00264	0.00259	0.00453
10	0.01061	0.03469	0.01254	0.01543	0.40539	0.23446	0.00900	0.01347	0.11688	0.03484	0.00849	0.01073	0.00712	0.00416	0.00391	0.00113	0.02861	0.04095	0.00227	0.00533
11	0.00991	0.01019	0.25023	0.04836	0.04034	0.00702	0.08429	0.05102	0.03144	0.21810	0.02899	0.04088	0.00865	0.08292	0.03188	0.03956	0.00451	0.00394	0.00274	0.00505
12	0.00620	0.00511	0.00684	0.00671	0.06370	0.00449	0.03211	0.00787	0.03134	0.01203	0.20470	0.25995	0.08863	0.00714	0.00402	0.00112	0.00254	0.00636	0.00313	0.24602
13	0.00516	0.00399	0.00473	0.00457	0.00561	0.00365	0.00341	0.00700	0.04801	0.01310	0.48528	0.07651	0.30843	0.00840	0.00442	0.00123	0.00189	0.00727	0.00386	0.00350
14	0.00945	0.03887	0.01344	0.30361	0.20139	0.05022	0.09432	0.13857	0.03696	0.01273	0.00730	0.00943	0.00569	0.00392	0.00428	0.00120	0.05801	0.00339	0.00214	0.00508
15	0.00559	0.00439	0.00496	0.00478	0.00596	0.00423	0.00361	0.03480	0.05280	0.02949	0.05407	0.06835	0.50705	0.05158	0.13573	0.00212	0.01696	0.00678	0.00325	0.00350
16	0.57876	0.00694	0.00666	0.00556	0.00809	0.00737	0.00459	0.01364	0.00795	0.31570	0.00867	0.00850	0.00594	0.00390	0.00284	0.00116	0.00301	0.00266	0.00316	0.00490
17	0.00474	0.00340	0.00454	0.00539	0.00570	0.00320	0.00376	0.00552	0.00738	0.00978	0.02097	0.75245	0.04250	0.01154	0.00483	0.00154	0.00232	0.10387	0.00348	0.00310
18	0.01509	0.00712	0.00949	0.00836	0.08552	0.00667	0.00620	0.14506	0.01162	0.59501	0.05989	0.01272	0.01000	0.00467	0.00380	0.00115	0.00337	0.00384	0.00422	0.00618
19	0.01149	0.00945	0.01398	0.04199	0.28228	0.00987	0.13605	0.32688	0.03999	0.06614	0.00858	0.00968	0.00641	0.00395	0.00396	0.00116	0.01581	0.00358	0.00281	0.00592
20	0.02261	0.00933	0.04156	0.04289	0.47375	0.02086	0.04480	0.12273	0.11331	0.05792	0.00871	0.00995	0.00674	0.00381	0.00374	0.00115	0.00430	0.00348	0.00250	0.00587
21	0.00505	0.00371	0.00405	0.00407	0.00461	0.00346	0.00263	0.00553	0.00694	0.00880	0.05760	0.04110	0.33314	0.47615	0.01242	0.00256	0.00287	0.01975	0.00285	0.00270
22	0.00541	0.00384	0.00511	0.00511	0.00546	0.00419	0.00354	0.00611	0.00576	0.00803	0.01089	0.01940	0.01140	0.42715	0.45704	0.00489	0.00700	0.00470	0.00213	0.00284
23	0.86285	0.00722	0.00563	0.00500	0.00734	0.00831	0.00412	0.01129	0.00654	0.04692	0.00557	0.00634	0.00425	0.00352	0.00237	0.00116	0.00291	0.00209	0.00241	0.00415
24	0.00467	0.00371	0.00419	0.00428	0.00526	0.00323	0.00313	0.00576	0.00879	0.01120	0.22605	0.18820	0.49930	0.00948	0.00450	0.00129	0.00192	0.00816	0.00364	0.00323
25	0.82865	0.00741	0.00589	0.00517	0.00754	0.00852	0.00426	0.05453	0.00708	0.03568	0.00564	0.00640	0.00430	0.00356	0.00243	0.00116	0.00297	0.00214	0.00245	0.00424
26	0.00681	0.01266	0.03022	0.02506	0.07234	0.04542	0.01321	0.01942	0.02868	0.01782	0.03037	0.26270	0.06662	0.03686	0.10612	0.00183	0.02327	0.02530	0.00270	0.17256
27	0.03329	0.02850	0.03761	0.03403	0.33287	0.06548	0.13842	0.02901	0.05723	0.02461	0.00871	0.01902	0.03378	0.04105	0.00530	0.00130	0.09213	0.00373	0.00213	0.01181
28	0.02321	0.02883	0.05368	0.00812	0.01047	0.10176	0.04159	0.04487	0.55802	0.01455	0.03649	0.01339	0.03856	0.00493	0.00376	0.00121	0.00366	0.00405	0.00333	0.00551
29	0.01557	0.00681	0.00879	0.00680	0.00958	0.00628	0.00560	0.13950	0.01173	0.66124	0.06070	0.01350	0.02623	0.00488	0.00382	0.00116	0.00323	0.00396	0.00446	0.00616
30	0.02878	0.01337	0.37339	0.02394	0.12484	0.00892	0.14894	0.03606	0.14683	0.04528	0.00868	0.00969	0.00639	0.00379	0.00376	0.00120	0.00491	0.00342	0.00224	0.00558
31	0.00805	0.00879	0.09227	0.35149	0.28594	0.00842	0.07712	0.01098	0.04530	0.01845	0.00843	0.02248	0.02470	0.00396	0.00383	0.00121	0.00475	0.01688	0.00196	0.00499
32	0.00462	0.00363	0.00418	0.00441	0.00528	0.00319	0.00317	0.00561	0.00846	0.01077	0.16623	0.30105	0.44623	0.00992	0.00455	0.00133	0.00197	0.00861	0.00359	0.00319
33	0.00705	0.00377	0.00390	0.00391	0.00485	0.00384	0.00300	0.00924	0.04916	0.01390	0.01286	0.01575	0.01045	0.00478	0.00284	0.00095	0.00191	0.05415	0.79007	0.00362
34	0.01564	0.00830	0.00989	0.00759	0.01053	0.00836	0.00627	0.39715	0.01395	0.46394	0.01210	0.01102	0.00793	0.00458	0.00376	0.00114	0.00363	0.00359	0.00423	0.00638
35	0.00889	0.00902	0.04330	0.13934	0.65772	0.00886	0.05538	0.01128	0.00839	0.01186	0.00702	0.00938	0.00576	0.00340	0.00375	0.00114	0.00467	0.00338	0.00182	0.00563
36	0.00523	0.00367	0.00459	0.00500	0.00556	0.00347	0.00350	0.03365	0.00832	0.01148	0.17180	0.55253	0.07998	0.00996	0.00447	0.00137	0.00211	0.00890	0.08110	0.00330
37	0.86470	0.00713	0.00547	0.00491	0.00715	0.00826	0.00400	0.01084	0.00635	0.01651	0.00545	0.00672	0.00439	0.03261	0.00289	0.00124	0.00293	0.00215	0.00232	0.00400
38	0.00495	0.00362	0.00405	0.00421	0.00467	0.00337	0.00269	0.00539	0.00680	0.00865	0.02210	0.18792	0.28821	0.42368	0.01157	0.00246	0.00279	0.00725	0.00290	0.00271
39	0.00644	0.00480	0.00664	0.00632	0.00726	0.00552	0.00495	0.10665	0.00743	0.01050	0.00995	0.01417	0.00907	0.03596	0.73981	0.00541	0.00925	0.00396	0.00222	0.00370
40	0.11517	0.00674	0.00751	0.00548	0.00869	0.00541	0.00440	0.00964	0.00761	0.01278	0.00649	0.00758	0.00538	0.00286	0.00272	0.00063	0.00279	0.00220	0.00223	0.78368
41	0.04731	0.04815	0.01803	0.07637	0.08053	0.09761	0.10480	0.13551	0.01623	0.02427	0.00776	0.01123	0.00673	0.03044	0.00704	0.22368	0.02087	0.03706	0.00223	0.00415
42	0.00656	0.00484	0.00632	0.00711	0.03788	0.00496	0.00575	0.00934	0.10898	0.01199	0.01915	0.03482	0.06346	0.00889	0.00469	0.00155	0.00319	0.57386	0.08283	0.00383
43	0.00731	0.00693	0.01181	0.77042	0.09634	0.00841	0.02667	0.00980	0.00762	0.00986	0.00672	0.00994	0.00510	0.00370	0.00376	0.00124	0.00498	0.00336	0.00169	0.00434
44	0.00585	0.00418	0.00570	0.00629	0.00712	0.00412	0.00531	0.00746	0.00879	0.01164	0.16483	0.03860	0.03972	0.06168	0.00587	0.00174	0.00314	0.61105	0.00350	0.00339
45	0.04725	0.01128	0.08497	0.01004	0.01126	0.18607	0.05874	0.01079	0.00717	0.00983	0.00544	0.00791	0.00490	0.00540	0.00878	0.00142	0.51961	0.00307	0.00174	0.00434
46	0.00879	0.01165	0.15722	0.01478	0.01884	0.00942	0.67446	0.03470	0.00895	0.01232	0.00749	0.00973	0.00556	0.00327	0.00427	0.00125	0.00614	0.00413	0.00190	0.00518
47	0.00457	0.00326	0.00435	0.00522	0.00544	0.00305	0.00348	0.00522	0.00718	0.00958	0.02068	0.86570	0.02481	0.01175	0.00479	0.00152	0.00218	0.01067	0.00348	0.00305
48	0.01097	0.02876	0.01010	0.11117	0.01243	0.06858	0.00696	0.27678	0.40016	0.01688	0.01135	0.01124	0.00845	0.00461	0.00373	0.00119	0.00387	0.00368	0.00336	0.00573
49	0.00758	0.01901	0.81342	0.01091	0.01638	0.00875	0.04876	0.01189	0.00796	0.01189	0.00677	0.00801	0.00479	0.00355	0.00360	0.00119	0.00558	0.00284	0.00160	0.00552
50	0.05408	0.00884	0.04184	0.00871	0.01192	0.04737	0.19111	0.05967	0.11160	0.06492	0.00847	0.00933	0.00646	0.00348	0.00343	0.00095	0.00400	0.00315	0.00255	0.35812
51	0.00912	0.07553	0.05073	0.03340	0.01817	0.05548	0.65354	0.01198	0.00871	0.01148	0.00719	0.00949	0.00551	0.00333	0.00439	0.00122	0.02988	0.00402	0.00185	0.00497
52	0.03720	0.00424	0.00443	0.00433	0.00560	0.00389	0.00326	0.00697	0.07272	0.01156	0.16047	0.05910	0.59553	0.00873	0.00432	0.00126	0.00201	0.00733	0.00357	0.00347
53	0.00542	0.00393	0.00547	0.03703	0.00738	0.00389	0.00505	0.00669	0.00794	0.01043	0.01975	0.41071	0.02244	0.01075	0.00495	0.00162	0.00294	0.42690	0.00340	0.00330
54	0.06732	0.09619	0.10733	0.00794	0.01106	0.07902	0.02522	0.19753	0.05144	0.30478	0.01016	0.00979	0.00701	0.00420	0.00350	0.00111	0.00409	0.00321	0.00332	0.00577
55	0.00461	0.00366	0.00416	0.00448	0.00537	0.00321	0.00327	0.00554	0.00819	0.01020	0.06124	0.30333	0.50012	0.01021	0.00459	0.00137	0.00208	0.05769	0.00351	0.00316
56	0.01109	0.00959	0.00881	0.00777	0.00991	0.17338	0.00604	0.04051	0.50258	0.11859	0.06086	0.01310	0.01113	0.00493	0.00376	0.00119	0.00370	0.00395	0.00357	0.00556
57	0.01032	0.00931	0.01414	0.01947	0.64038	0.02089	0.01040	0.17142	0.04125	0.01456	0.00773	0.00937	0.00622	0.00364	0.00372	0.00112	0.00437	0.00337	0.00230	0.00601
58	0.00748	0.01768	0.73457	0.01037	0.01520	0.00874	0.01291	0.01139	0.00771	0.01157	0.01915	0.00847	0.00538	0.00471	0.03287	0.00139	0.08052	0.00292	0.00164	0.00532
59	0.00458	0.00333	0.00432	0.00507	0.00541	0.00307	0.00342	0.00529	0.00742	0.00979	0.04679	0.75976	0.10509	0.01141	0.00474	0.00149	0.00214	0.01028	0.00350	0.00307
60	0.01388	0.01094	0.01093	0.00862	0.01145	0.09051	0.00702	0.67613	0.08337	0.03516	0.00931	0.00926	0.00669	0.00449	0.00372	0.00112	0.00427	0.00336	0.00360	0.00615

[dist]
# distance from previous block
# <min> <max>
0	1

[block]
# block no. 1 follows, 73 sequences, length 57
# corresponding to MSA columns:
# 477-533
name=unknown_B
#
# <colnr> <probs for GDERKNQSTAVLIFYWHMCP>
#	G	D	E	R	K	N	Q	S	T	A	V	L	I	F	Y	W	H	M	C	P
0	0.04025	0.14954	0.18022	0.01071	0.09708	0.19718	0.07807	0.04215	0.12544	0.02423	0.00772	0.00859	0.00602	0.00381	0.00352	0.00109	0.01402	0.00299	0.00218	0.00519
1	0.00551	0.00397	0.00547	0.00621	0.00689	0.00393	0.00505	0.00688	0.00808	0.01066	0.04536	0.27346	0.04324	0.01202	0.07028	0.00197	0.00351	0.48079	0.00337	0.00333
2	0.00894	0.03520	0.02436	0.00914	0.09176	0.00864	0.03240	0.01669	0.57049	0.03453	0.01437	0.10081	0.01188	0.00553	0.00390	0.00127	0.00323	0.01787	0.00343	0.00554
3	0.00462	0.00380	0.00406	0.00401	0.00519	0.00324	0.00300	0.00574	0.00897	0.01117	0.20786	0.04495	0.66209	0.00914	0.00444	0.00125	0.00188	0.00771	0.00362	0.00324
4	0.02766	0.11398	0.73744	0.01009	0.01530	0.00939	0.01281	0.01179	0.00785	0.01165	0.00653	0.00767	0.00474	0.00352	0.00341	0.00114	0.00531	0.00267	0.00160	0.00543
5	0.47774	0.11989	0.00955	0.00789	0.09238	0.05872	0.00584	0.09811	0.04796	0.01531	0.00631	0.00719	0.00502	0.00374	0.00307	0.00112	0.03063	0.00247	0.00236	0.00470
6	0.00930	0.23764	0.12378	0.02937	0.09648	0.08394	0.07637	0.02832	0.00805	0.03189	0.00774	0.05936	0.02348	0.00466	0.00505	0.00117	0.16319	0.00345	0.00196	0.00479
7	0.00946	0.00480	0.00668	0.00692	0.06121	0.00435	0.00476	0.01052	0.00860	0.32311	0.01760	0.49134	0.01779	0.00855	0.00434	0.00136	0.00270	0.00761	0.00381	0.00448
8	0.00799	0.00720	0.01204	0.43155	0.33714	0.00797	0.01003	0.01018	0.00797	0.03663	0.00840	0.09077	0.00737	0.00438	0.00384	0.00122	0.00447	0.00404	0.00200	0.00481
9	0.01234	0.07756	0.03111	0.02348	0.05005	0.03670	0.23344	0.07412	0.05904	0.31199	0.01032	0.01062	0.00722	0.00410	0.00418	0.00118	0.04015	0.00370	0.00309	0.00564
10	0.00706	0.00818	0.12132	0.02234	0.23346	0.00652	0.11823	0.01996	0.00892	0.01221	0.16392	0.05849	0.19185	0.00586	0.00412	0.00121	0.00372	0.00536	0.00268	0.00459
11	0.00495	0.00391	0.00450	0.00446	0.00554	0.00349	0.00339	0.00643	0.02618	0.01206	0.32525	0.06996	0.44859	0.00891	0.00448	0.00128	0.00198	0.05756	0.00372	0.00337
12	0.03711	0.00975	0.01105	0.32581	0.20524	0.22859	0.00887	0.01100	0.00849	0.01031	0.00804	0.10364	0.00734	0.00457	0.00372	0.00117	0.00496	0.00387	0.00200	0.00449
13	0.03914	0.17406	0.26691	0.02080	0.01265	0.12915	0.04047	0.09746	0.02823	0.14504	0.00801	0.00848	0.00583	0.00383	0.00338	0.00108	0.00479	0.00288	0.00243	0.00538
14	0.01301	0.23365	0.01293	0.00883	0.01110	0.62905	0.00704	0.02547	0.00997	0.00929	0.00570	0.00661	0.00485	0.00371	0.00314	0.00093	0.00603	0.00233	0.00188	0.00450
15	0.00444	0.00378	0.00383	0.00387	0.00509	0.00316	0.00288	0.00538	0.00849	0.01011	0.03719	0.07500	0.80485	0.00961	0.00445	0.00128	0.00191	0.00805	0.00348	0.00316
16	0.05158	0.00927	0.07430	0.06567	0.17867	0.04742	0.17635	0.02418	0.00934	0.30117	0.00966	0.01033	0.00676	0.00388	0.00389	0.00118	0.01435	0.00357	0.00284	0.00560
17	0.00585	0.00445	0.00665	0.10262	0.06496	0.00445	0.02623	0.00706	0.00772	0.03448	0.03902	0.51242	0.03522	0.02472	0.00485	0.00150	0.00295	0.10814	0.00315	0.00357
18	0.00917	0.00884	0.01528	0.02234	0.79183	0.00881	0.04578	0.01140	0.00853	0.01219	0.00738	0.02793	0.00634	0.00352	0.00377	0.00113	0.00449	0.00355	0.00189	0.00584
19	0.00742	0.00700	0.01152	0.51811	0.24861	0.00798	0.00984	0.00964	0.00787	0.01037	0.01023	0.01268	0.09855	0.00433	0.00398	0.00122	0.02036	0.00385	0.00192	0.00454
20	0.00997	0.11594	0.09732	0.18011	0.14613	0.06175	0.00863	0.10727	0.10713	0.07507	0.00986	0.01077	0.04563	0.00419	0.00358	0.00113	0.00434	0.00342	0.00250	0.00526
21	0.00600	0.00488	0.00494	0.00471	0.00618	0.02136	0.00358	0.00853	0.14247	0.05025	0.03210	0.05496	0.62929	0.00851	0.00429	0.00126	0.00224	0.00710	0.00356	0.00379
22	0.78582	0.00775	0.00656	0.00673	0.08350	0.03568	0.00484	0.01120	0.00672	0.01617	0.00541	0.00641	0.00426	0.00348	0.00248	0.00115	0.00317	0.00216	0.00227	0.00424
23	0.01333	0.00994	0.01075	0.03307	0.01163	0.01103	0.00696	0.71412	0.07860	0.02216	0.01011	0.01010	0.02541	0.00463	0.00375	0.00114	0.00397	0.00354	0.01957	0.00616
24	0.00539	0.00403	0.00597	0.02091	0.00687	0.00465	0.00463	0.00664	0.00608	0.00867	0.01072	0.01554	0.03050	0.06028	0.77197	0.01826	0.00940	0.00415	0.00205	0.00329
25	0.01190	0.00968	0.16729	0.02744	0.01251	0.00751	0.12747	0.10757	0.01040	0.33551	0.08666	0.01213	0.00965	0.00453	0.00423	0.00119	0.04016	0.00386	0.00330	0.01702
26	0.89465	0.00726	0.00551	0.00493	0.00726	0.00842	0.00406	0.01103	0.00638	0.01683	0.00522	0.00609	0.00406	0.00348	0.00232	0.00116	0.00290	0.00203	0.00232	0.00406
27	0.01810	0.00524	0.00734	0.11015	0.00996	0.01575	0.05512	0.05841	0.02092	0.01118	0.01721	0.24957	0.07134	0.05856	0.01913	0.00168	0.00356	0.26004	0.00305	0.00368
28	0.00709	0.00667	0.01125	0.85913	0.02584	0.00834	0.01042	0.00959	0.00750	0.00959	0.00667	0.01000	0.00500	0.00375	0.00375	0.00125	0.00500	0.00333	0.00167	0.00417
29	0.00821	0.00821	0.01149	0.00985	0.00985	0.01149	0.00821	0.00903	0.00575	0.00903	0.00492	0.00821	0.00492	0.00657	0.01231	0.00164	0.86128	0.00328	0.00164	0.00410
30	0.01492	0.00685	0.02172	0.00803	0.07612	0.00611	0.00607	0.04709	0.04909	0.64689	0.06592	0.01330	0.01059	0.00473	0.00381	0.00116	0.00326	0.00392	0.00427	0.00614
31	0.00706	0.00588	0.04852	0.00731	0.00865	0.03084	0.08738	0.02515	0.00835	0.07707	0.01715	0.36985	0.02772	0.00917	0.00490	0.02359	0.00339	0.23100	0.00323	0.00382
32	0.65777	0.00886	0.00700	0.00618	0.00826	0.11812	0.00500	0.04757	0.00737	0.01540	0.00544	0.00651	0.00435	0.00387	0.00347	0.00118	0.08491	0.00226	0.00227	0.00421
33	0.00477	0.00339	0.00448	0.00520	0.00544	0.00325	0.00350	0.00542	0.00696	0.00931	0.01900	0.69251	0.02250	0.11061	0.05774	0.00204	0.00286	0.03479	0.00325	0.00299
34	0.00778	0.00667	0.00778	0.00556	0.00889	0.00500	0.00445	0.00945	0.00778	0.01223	0.00667	0.00778	0.00556	0.00278	0.00278	0.00056	0.00278	0.00222	0.00222	0.89108
35	0.00552	0.00389	0.00504	0.00472	0.00567	0.00357	0.00355	0.00724	0.01053	0.03290	0.78705	0.02807	0.07271	0.00769	0.00441	0.00118	0.00181	0.00677	0.00411	0.00358
36	0.00746	0.00719	0.01140	0.67853	0.04839	0.02376	0.01003	0.00965	0.00730	0.00957	0.00638	0.00963	0.00501	0.00420	0.00515	0.00131	0.14583	0.00331	0.00167	0.00422
37	0.89465	0.00726	0.00551	0.00493	0.00726	0.00842	0.00406	0.01103	0.00638	0.01683	0.00522	0.00609	0.00406	0.00348	0.00232	0.00116	0.00290	0.00203	0.00232	0.00406
38	0.00886	0.01012	0.02214	0.01581	0.01961	0.00949	0.83112	0.01202	0.00886	0.01202	0.00759	0.01012	0.00569	0.00316	0.00443	0.00127	0.00633	0.00443	0.00190	0.00506
39	0.12316	0.00863	0.01094	0.47421	0.12187	0.12183	0.00916	0.01070	0.00779	0.01076	0.00630	0.00885	0.00497	0.00387	0.00409	0.00121	0.06243	0.00304	0.00181	0.00439
40	0.00941	0.00810	0.00853	0.00765	0.00978	0.00937	0.00596	0.03231	0.82547	0.01582	0.01517	0.01392	0.01138	0.00508	0.00382	0.00127	0.00299	0.00423	0.00382	0.00595
41	0.00782	0.00742	0.01259	0.57829	0.30090	0.00853	0.01079	0.01023	0.00785	0.01048	0.00680	0.00976	0.00532	0.00361	0.00374	0.00120	0.00482	0.00334	0.00173	0.00476
42	0.01208	0.01317	0.00997	0.04867	0.01159	0.43746	0.00692	0.11061	0.26584	0.01287	0.00922	0.00958	0.00716	0.00485	0.02260	0.00121	0.00528	0.00317	0.00271	0.00504
43	0.01401	0.01788	0.01063	0.00967	0.01160	0.85309	0.00725	0.01498	0.01063	0.00918	0.00580	0.00677	0.00483	0.00387	0.00338	0.00097	0.00677	0.00242	0.00193	0.00435
44	0.16147	0.00671	0.00822	0.00644	0.00922	0.00629	0.00531	0.06211	0.01036	0.64719	0.01337	0.01193	0.02530	0.00454	0.00355	0.00116	0.00317	0.00355	0.00419	0.00594
45	0.01005	0.00912	0.01445	0.06000	0.41712	0.04357	0.14613	0.11872	0.00982	0.05559	0.00862	0.01070	0.02347	0.00457	0.02901	0.00131	0.01377	0.01614	0.00231	0.00553
46	0.00939	0.00858	0.00835	0.00755	0.00959	0.07942	0.00584	0.01852	0.71055	0.01481	0.02476	0.01486	0.06065	0.00528	0.00382	0.00125	0.00321	0.00434	0.00364	0.00561
47	0.01683	0.00638	0.00871	0.00668	0.00958	0.00551	0.00551	0.01828	0.01074	0.84734	0.01480	0.01277	0.00929	0.00464	0.00377	0.00116	0.00319	0.00377	0.00464	0.00638
48	0.03233	0.00805	0.01271	0.45891	0.36127	0.04188	0.01057	0.01063	0.00802	0.01086	0.00675	0.00947	0.00536	0.00358	0.00368	0.00118	0.00479	0.00327	0.00177	0.00490
49	0.00854	0.00828	0.01383	0.33596	0.49911	0.02569	0.03281	0.01087	0.00820	0.01119	0.00690	0.00953	0.00556	0.00350	0.00374	0.00117	0.00476	0.00335	0.00179	0.00522
50	0.00486	0.00348	0.00453	0.00527	0.00557	0.00330	0.00356	0.02371	0.00739	0.00984	0.02026	0.77718	0.03585	0.04975	0.00541	0.00161	0.00231	0.02959	0.00343	0.00310
51	0.01401	0.01788	0.01063	0.00967	0.01160	0.85309	0.00725	0.01498	0.01063	0.00918	0.00580	0.00677	0.00483	0.00387	0.00338	0.00097	0.00677	0.00242	0.00193	0.00435
52	0.00801	0.00762	0.01289	0.49719	0.36145	0.00864	0.01082	0.01036	0.00789	0.01067	0.00679	0.00967	0.00539	0.00365	0.00393	0.00120	0.02385	0.00334	0.00174	0.00489
53	0.00536	0.00421	0.00499	0.03191	0.00632	0.02266	0.00373	0.01753	0.03039	0.01109	0.21306	0.34154	0.17949	0.07846	0.03033	0.00166	0.00261	0.00795	0.00341	0.00332
54	0.02202	0.37273	0.19002	0.03452	0.02797	0.08021	0.00768	0.01093	0.00784	0.01015	0.00664	0.03278	0.00592	0.04410	0.00370	0.00104	0.00434	0.00272	0.00182	0.13288
55	0.00729	0.00653	0.01089	0.79486	0.02443	0.00803	0.00996	0.00972	0.00774	0.03418	0.04556	0.01092	0.00653	0.00396	0.00378	0.00124	0.00480	0.00351	0.00187	0.00420
56	0.00751	0.03394	0.01077	0.37998	0.17431	0.01782	0.00858	0.00953	0.02587	0.01852	0.00812	0.01194	0.01747	0.08686	0.10476	0.01033	0.06387	0.00364	0.00190	0.00428

[dist]
# distance from previous block
# <min> <max>
0	35

# created by:
# /st0/software/busco_prod/Augustus/scripts/msa2prfl.pl ./align_prep/36248.fa
