[name]
unknown

[dist]
# distance from previous block
# <min> <max>
0	0

[block]
# block no. 0 follows, 58 sequences, length 19
# corresponding to MSA columns:
# 153-171
name=unknown_A
#
# <colnr> <probs for GDERKNQSTAVLIFYWHMCP>
#	G	D	E	R	K	N	Q	S	T	A	V	L	I	F	Y	W	H	M	C	P
0	0.00721	0.00515	0.00721	0.00824	0.00927	0.00515	0.00721	0.00927	0.01030	0.01339	0.02368	0.05046	0.02574	0.01236	0.00618	0.00206	0.00412	0.78478	0.00412	0.00412
1	0.01044	0.01012	0.01778	0.08258	0.61864	0.01016	0.09579	0.01310	0.01002	0.01413	0.00959	0.06935	0.00855	0.00470	0.00461	0.00139	0.00540	0.00473	0.00234	0.00658
2	0.00593	0.00442	0.00552	0.00554	0.00651	0.00401	0.00404	0.00756	0.01129	0.01536	0.48922	0.20783	0.19506	0.01063	0.00537	0.00152	0.00225	0.00935	0.00460	0.00401
3	0.01073	0.08644	0.33709	0.01419	0.13010	0.06007	0.08465	0.01573	0.13155	0.03111	0.00961	0.01089	0.00733	0.00464	0.00481	0.00140	0.04692	0.00380	0.00248	0.00647
4	0.00601	0.00454	0.00516	0.00510	0.00626	0.00404	0.00370	0.00726	0.01024	0.02926	0.22581	0.09757	0.44159	0.10363	0.02828	0.00196	0.00276	0.00881	0.00416	0.00384
5	0.01012	0.01082	0.06759	0.07796	0.28095	0.08585	0.05825	0.01417	0.13066	0.01471	0.11131	0.09194	0.01423	0.00598	0.00468	0.00143	0.00492	0.00540	0.00306	0.00597
6	0.04784	0.07159	0.28912	0.05611	0.14620	0.19949	0.06896	0.02750	0.01040	0.01353	0.00771	0.00949	0.00602	0.00433	0.00439	0.00133	0.02433	0.00342	0.00215	0.00608
7	0.00682	0.00425	0.00568	0.00554	0.00619	0.00400	0.00394	0.00692	0.00914	0.01236	0.32242	0.02589	0.14921	0.01242	0.01086	0.39848	0.00295	0.00638	0.00344	0.00311
8	0.01021	0.01003	0.01351	0.03499	0.10146	0.08513	0.07141	0.06020	0.00906	0.01249	0.00833	0.01195	0.00746	0.01276	0.20663	0.00299	0.32973	0.00416	0.00230	0.00521
9	0.25175	0.00804	0.00858	0.00698	0.00985	0.00802	0.02008	0.11313	0.03228	0.11817	0.01127	0.06230	0.00909	0.00509	0.00365	0.00120	0.00349	0.00394	0.12178	0.20131
10	0.00629	0.00454	0.00593	0.00568	0.00663	0.00429	0.00419	0.00815	0.01167	0.01644	0.65834	0.06345	0.05527	0.06586	0.06170	0.00201	0.00294	0.00797	0.00456	0.00407
11	0.01170	0.00663	0.00783	0.00674	0.00842	0.00670	0.00498	0.11971	0.06793	0.20887	0.04559	0.02083	0.01394	0.31418	0.05147	0.00272	0.00430	0.00533	0.08697	0.00514
12	0.01464	0.00997	0.02793	0.00891	0.01189	0.03212	0.00725	0.20043	0.31286	0.23665	0.03998	0.01585	0.02700	0.02750	0.00501	0.00150	0.00407	0.00478	0.00464	0.00702
13	0.00777	0.00389	0.00583	0.00583	0.00583	0.00389	0.00389	0.00583	0.00583	0.00777	0.00777	0.01360	0.00777	0.01554	0.01748	0.86985	0.00389	0.00389	0.00194	0.00194
14	0.03536	0.01033	0.01294	0.01077	0.02805	0.02884	0.04658	0.28762	0.03697	0.08841	0.03165	0.01213	0.00864	0.00848	0.07655	0.00204	0.26085	0.00423	0.00339	0.00615
15	0.00777	0.00389	0.00583	0.00583	0.00583	0.00389	0.00389	0.00583	0.00583	0.00777	0.00777	0.01360	0.00777	0.01554	0.01748	0.86985	0.00389	0.00389	0.00194	0.00194
16	0.01185	0.65495	0.02182	0.00994	0.07633	0.01630	0.02871	0.01340	0.00909	0.03140	0.00672	0.00807	0.00602	0.00427	0.00424	0.00111	0.08511	0.00279	0.00204	0.00582
17	0.00656	0.00500	0.00571	0.00567	0.00696	0.00463	0.00422	0.02827	0.05462	0.03016	0.19982	0.17203	0.38645	0.03229	0.00576	0.00163	0.00258	0.03911	0.00434	0.00419
18	0.03369	0.02247	0.01036	0.03442	0.01171	0.00759	0.02318	0.10318	0.02807	0.11845	0.02406	0.02607	0.00854	0.00439	0.00392	0.00098	0.01594	0.00352	0.02954	0.48991

[dist]
# distance from previous block
# <min> <max>
1	40

[block]
# block no. 1 follows, 58 sequences, length 30
# corresponding to MSA columns:
# 217-237,266-274
name=unknown_B
#
# <colnr> <probs for GDERKNQSTAVLIFYWHMCP>
#	G	D	E	R	K	N	Q	S	T	A	V	L	I	F	Y	W	H	M	C	P
0	0.00999	0.32710	0.49774	0.01068	0.01606	0.01294	0.01288	0.01368	0.00924	0.01269	0.00749	0.00887	0.00588	0.00507	0.03101	0.00144	0.00611	0.00302	0.00191	0.00620
1	0.01054	0.45390	0.40256	0.01008	0.01523	0.01422	0.01188	0.01376	0.00926	0.01226	0.00708	0.00826	0.00571	0.00403	0.00353	0.00118	0.00565	0.00283	0.00190	0.00616
2	0.00605	0.00434	0.00567	0.00579	0.00654	0.00403	0.00413	0.00763	0.01104	0.01538	0.51778	0.29927	0.03691	0.04714	0.00618	0.00167	0.00237	0.00955	0.00457	0.00396
3	0.00834	0.00417	0.00417	0.00417	0.00521	0.00417	0.00313	0.01042	0.00938	0.01668	0.01459	0.01668	0.01147	0.00521	0.00313	0.00104	0.00208	0.00417	0.86763	0.00417
4	0.87439	0.00865	0.00657	0.00588	0.00865	0.01003	0.00484	0.01315	0.00761	0.02007	0.00623	0.00727	0.00484	0.00415	0.00277	0.00138	0.00346	0.00242	0.00277	0.00484
5	0.00529	0.00453	0.00453	0.00453	0.00604	0.00378	0.00340	0.00642	0.01020	0.01208	0.04532	0.04305	0.81307	0.01133	0.00529	0.00151	0.00227	0.00944	0.00415	0.00378
6	0.00834	0.00417	0.00417	0.00417	0.00521	0.00417	0.00313	0.01042	0.00938	0.01668	0.01459	0.01668	0.01147	0.00521	0.00313	0.00104	0.00208	0.00417	0.86763	0.00417
7	0.00845	0.00795	0.01342	0.83204	0.03081	0.00994	0.01242	0.01143	0.00894	0.01143	0.00795	0.01193	0.00596	0.00447	0.00447	0.00149	0.00596	0.00398	0.00199	0.00497
8	0.03941	0.00704	0.00801	0.00690	0.00890	0.06455	0.00536	0.01402	0.03477	0.27930	0.42116	0.02419	0.02658	0.03325	0.00537	0.00147	0.00325	0.00622	0.00479	0.00546
9	0.05712	0.01197	0.01241	0.06899	0.01436	0.07554	0.00822	0.50779	0.06056	0.06238	0.01057	0.01089	0.00764	0.00509	0.00428	0.00130	0.00493	0.00384	0.00397	0.06814
10	0.00644	0.00459	0.00615	0.00615	0.00659	0.00503	0.00429	0.00732	0.00688	0.00961	0.01294	0.02285	0.01347	0.39868	0.46307	0.00590	0.00853	0.00557	0.00254	0.00341
11	0.01362	0.39917	0.03192	0.00947	0.01243	0.37174	0.00815	0.01497	0.01063	0.01085	0.00825	0.00928	0.04099	0.00466	0.00397	0.00111	0.03823	0.00299	0.00218	0.00539
12	0.57513	0.00863	0.00814	0.07916	0.01133	0.03211	0.00604	0.01479	0.00901	0.18186	0.00922	0.01054	0.00683	0.00471	0.00340	0.00141	0.00390	0.02508	0.00329	0.00541
13	0.01131	0.00889	0.00974	0.00867	0.01117	0.00987	0.00682	0.03639	0.60713	0.07792	0.06893	0.01910	0.01557	0.00645	0.00463	0.00149	0.00352	0.04770	0.00455	0.04015
14	0.00834	0.00417	0.00417	0.00417	0.00521	0.00417	0.00313	0.01042	0.00938	0.01668	0.01459	0.01668	0.01147	0.00521	0.00313	0.00104	0.00208	0.00417	0.86763	0.00417
15	0.00977	0.00824	0.00954	0.00686	0.01081	0.00647	0.00551	0.06181	0.01003	0.01545	0.00813	0.00937	0.00669	0.00344	0.00339	0.00071	0.00342	0.00274	0.00277	0.81487
16	0.07418	0.01573	0.01195	0.01019	0.01293	0.40131	0.00796	0.26471	0.04872	0.05256	0.05040	0.01084	0.00872	0.00515	0.00419	0.00127	0.00608	0.00364	0.00339	0.00606
17	0.00834	0.00417	0.00417	0.00417	0.00521	0.00417	0.00313	0.01042	0.00938	0.01668	0.01459	0.01668	0.01147	0.00521	0.00313	0.00104	0.00208	0.00417	0.86763	0.00417
18	0.01110	0.03876	0.04873	0.05580	0.65864	0.01095	0.01306	0.03817	0.05393	0.01498	0.00891	0.01121	0.00732	0.00417	0.00438	0.00134	0.00526	0.00397	0.00238	0.00696
19	0.00695	0.00566	0.00677	0.00670	0.00739	0.05000	0.00490	0.00804	0.00778	0.01043	0.04004	0.07241	0.07174	0.22485	0.42533	0.00509	0.03341	0.00600	0.00277	0.00374
20	0.00928	0.00795	0.00928	0.00663	0.01060	0.00596	0.00530	0.01126	0.00928	0.01458	0.00795	0.00928	0.00663	0.00331	0.00331	0.00066	0.00331	0.00265	0.00265	0.87014
21	0.78977	0.00901	0.00796	0.00678	0.00968	0.01027	0.04837	0.04756	0.00836	0.02011	0.00658	0.00768	0.00507	0.00418	0.00298	0.00139	0.00375	0.00265	0.00282	0.00503
22	0.01150	0.55270	0.09989	0.02383	0.03735	0.04297	0.00859	0.05512	0.03443	0.01286	0.07577	0.01035	0.00922	0.00452	0.00347	0.00111	0.00486	0.00323	0.00241	0.00585
23	0.20534	0.15641	0.14498	0.03572	0.02712	0.03340	0.10250	0.08377	0.08074	0.01637	0.00881	0.01040	0.00694	0.00446	0.00383	0.00131	0.00505	0.01696	0.00270	0.05318
24	0.00834	0.00417	0.00417	0.00417	0.00521	0.00417	0.00313	0.01042	0.00938	0.01668	0.01459	0.01668	0.01147	0.00521	0.00313	0.00104	0.00208	0.00417	0.86763	0.00417
25	0.00990	0.00788	0.00918	0.00667	0.01045	0.00615	0.00534	0.03805	0.00981	0.04620	0.00878	0.00996	0.00709	0.00357	0.00339	0.00073	0.00332	0.00285	0.05008	0.76059
26	0.00548	0.00412	0.00508	0.00573	0.00639	0.00372	0.00396	0.00646	0.00933	0.01213	0.09502	0.56427	0.23625	0.01291	0.00556	0.00170	0.00247	0.01148	0.00422	0.00372
27	0.00645	0.00462	0.00581	0.00551	0.00668	0.00418	0.00413	0.00834	0.01213	0.03523	0.64174	0.05733	0.17202	0.00957	0.00527	0.00144	0.00219	0.00837	0.00479	0.00421
28	0.00606	0.00438	0.00548	0.00570	0.00661	0.00397	0.00412	0.00746	0.01059	0.02923	0.32919	0.33029	0.20308	0.01139	0.00544	0.00159	0.00239	0.02458	0.00447	0.00397
29	0.87439	0.00865	0.00657	0.00588	0.00865	0.01003	0.00484	0.01315	0.00761	0.02007	0.00623	0.00727	0.00484	0.00415	0.00277	0.00138	0.00346	0.00242	0.00277	0.00484

[dist]
# distance from previous block
# <min> <max>
0	1

[block]
# block no. 2 follows, 58 sequences, length 40
# corresponding to MSA columns:
# 276-315
name=unknown_C
#
# <colnr> <probs for GDERKNQSTAVLIFYWHMCP>
#	G	D	E	R	K	N	Q	S	T	A	V	L	I	F	Y	W	H	M	C	P
0	0.17827	0.06564	0.22287	0.04745	0.05193	0.02350	0.02250	0.08151	0.09706	0.01666	0.06743	0.08445	0.01134	0.00570	0.00416	0.00142	0.00468	0.00458	0.00302	0.00583
1	0.00834	0.00417	0.00417	0.00417	0.00521	0.00417	0.00313	0.01042	0.00938	0.01668	0.01459	0.01668	0.01147	0.00521	0.00313	0.00104	0.00208	0.00417	0.86763	0.00417
2	0.03556	0.01360	0.01320	0.01142	0.02993	0.26442	0.08942	0.07694	0.26396	0.03735	0.01132	0.01218	0.00884	0.01913	0.00576	0.00147	0.09206	0.00413	0.00324	0.00608
3	0.00979	0.00979	0.01370	0.01174	0.01174	0.01370	0.00979	0.01077	0.00685	0.01077	0.00587	0.00979	0.00587	0.00783	0.01468	0.00196	0.83461	0.00391	0.00196	0.00489
4	0.01571	0.01715	0.01251	0.10535	0.01538	0.54876	0.00881	0.08914	0.01290	0.08407	0.02530	0.00996	0.00720	0.00491	0.00443	0.00125	0.02540	0.00339	0.00280	0.00557
5	0.00651	0.00434	0.00488	0.00488	0.00488	0.00434	0.00271	0.00651	0.00651	0.00867	0.01409	0.02927	0.01626	0.84279	0.02277	0.00434	0.00434	0.00651	0.00271	0.00271
6	0.00979	0.00979	0.01370	0.01174	0.01174	0.01370	0.00979	0.01077	0.00685	0.01077	0.00587	0.00979	0.00587	0.00783	0.01468	0.00196	0.83461	0.00391	0.00196	0.00489
7	0.00658	0.02805	0.04062	0.00663	0.00777	0.00503	0.00530	0.00863	0.03164	0.01462	0.35567	0.26881	0.03137	0.02791	0.03808	0.00189	0.00325	0.10971	0.00423	0.00421
8	0.00979	0.00979	0.01370	0.01174	0.01174	0.01370	0.00979	0.01077	0.00685	0.01077	0.00587	0.00979	0.00587	0.00783	0.01468	0.00196	0.83461	0.00391	0.00196	0.00489
9	0.00834	0.00417	0.00417	0.00417	0.00521	0.00417	0.00313	0.01042	0.00938	0.01668	0.01459	0.01668	0.01147	0.00521	0.00313	0.00104	0.00208	0.00417	0.86763	0.00417
10	0.00537	0.00449	0.00467	0.00472	0.00612	0.00380	0.00351	0.00654	0.01025	0.01243	0.09523	0.09758	0.70723	0.01137	0.00532	0.00152	0.00228	0.00958	0.00421	0.00380
11	0.00758	0.00652	0.03079	0.00919	0.05179	0.00621	0.09137	0.05111	0.02650	0.01345	0.11980	0.28506	0.02066	0.06393	0.14994	0.03032	0.00527	0.02259	0.00345	0.00448
12	0.01035	0.01085	0.04703	0.16369	0.42607	0.01048	0.20483	0.01339	0.01000	0.01397	0.00846	0.01133	0.00675	0.00400	0.00459	0.00138	0.00594	0.00422	0.00219	0.04048
13	0.00777	0.00389	0.00583	0.00583	0.00583	0.00389	0.00389	0.00583	0.00583	0.00777	0.00777	0.01360	0.00777	0.01554	0.01748	0.86985	0.00389	0.00389	0.00194	0.00194
14	0.00551	0.00394	0.00524	0.00619	0.00650	0.00367	0.00416	0.00638	0.00884	0.01186	0.07802	0.78525	0.03044	0.01368	0.00568	0.00179	0.00256	0.01240	0.00420	0.00367
15	0.01168	0.24804	0.35144	0.01114	0.04775	0.08620	0.01163	0.05593	0.02349	0.06512	0.00902	0.01103	0.00717	0.00467	0.00397	0.00128	0.00576	0.03594	0.00245	0.00628
16	0.01030	0.00957	0.01368	0.01115	0.01399	0.01026	0.20940	0.01926	0.50213	0.01704	0.05992	0.05172	0.03855	0.00614	0.00485	0.00152	0.00441	0.00573	0.00396	0.00641
17	0.01158	0.14211	0.35705	0.01017	0.01486	0.02901	0.01106	0.11791	0.04271	0.08710	0.02326	0.04105	0.00830	0.00489	0.00409	0.00128	0.00526	0.00380	0.00287	0.08165
18	0.01285	0.01066	0.01069	0.00933	0.01203	0.07190	0.00732	0.10866	0.60215	0.07834	0.01650	0.01528	0.01221	0.00584	0.00450	0.00146	0.00405	0.00474	0.00445	0.00704
19	0.01755	0.01166	0.01288	0.00988	0.01344	0.01257	0.00816	0.66155	0.01957	0.16868	0.01197	0.01154	0.00822	0.00540	0.00448	0.00135	0.00472	0.00411	0.00466	0.00761
20	0.01052	0.01007	0.01717	0.19539	0.65124	0.01048	0.01346	0.01325	0.00993	0.01395	0.00832	0.01125	0.00685	0.00409	0.00444	0.00136	0.00545	0.00398	0.00217	0.00664
21	0.77575	0.00984	0.00730	0.00649	0.00925	0.07913	0.00528	0.03744	0.00845	0.01954	0.00642	0.00744	0.00501	0.00423	0.00293	0.00136	0.00389	0.00251	0.00278	0.00496
22	0.00618	0.00420	0.00553	0.00638	0.00682	0.00396	0.00433	0.00732	0.03067	0.04343	0.02420	0.78472	0.02842	0.01346	0.00563	0.00179	0.00267	0.01218	0.00422	0.00389
23	0.00834	0.00417	0.00417	0.00417	0.00521	0.00417	0.00313	0.01042	0.00938	0.01668	0.01459	0.01668	0.01147	0.00521	0.00313	0.00104	0.00208	0.00417	0.86763	0.00417
24	0.00928	0.00795	0.00928	0.00663	0.01060	0.00596	0.00530	0.01126	0.00928	0.01458	0.00795	0.00928	0.00663	0.00331	0.00331	0.00066	0.00331	0.00265	0.00265	0.87014
25	0.00712	0.00508	0.00710	0.00813	0.00912	0.00507	0.00705	0.00911	0.01021	0.01328	0.02374	0.09187	0.02595	0.01244	0.00615	0.00205	0.00404	0.74428	0.00412	0.00409
26	0.00834	0.00417	0.00417	0.00417	0.00521	0.00417	0.00313	0.01042	0.00938	0.01668	0.01459	0.01668	0.01147	0.00521	0.00313	0.00104	0.00208	0.00417	0.86763	0.00417
27	0.00845	0.00795	0.01342	0.83204	0.03081	0.00994	0.01242	0.01143	0.00894	0.01143	0.00795	0.01193	0.00596	0.00447	0.00447	0.00149	0.00596	0.00398	0.00199	0.00497
28	0.01037	0.01170	0.02525	0.09082	0.02404	0.01119	0.72906	0.01407	0.01042	0.01407	0.00895	0.01205	0.00671	0.00383	0.00521	0.00151	0.00740	0.00516	0.00224	0.00594
29	0.05483	0.00800	0.04994	0.05554	0.04787	0.00706	0.04352	0.03627	0.07919	0.08998	0.07803	0.05191	0.18392	0.02461	0.00524	0.02442	0.00374	0.00571	0.00356	0.14667
30	0.00651	0.00434	0.00488	0.00488	0.00488	0.00434	0.00271	0.00651	0.00651	0.00867	0.01409	0.02927	0.01626	0.84279	0.02277	0.00434	0.00434	0.00651	0.00271	0.00271
31	0.01205	0.02509	0.05411	0.05229	0.10542	0.03663	0.19103	0.15113	0.17816	0.06216	0.04606	0.02968	0.02471	0.00528	0.00469	0.00143	0.00524	0.00488	0.00344	0.00651
32	0.00773	0.00606	0.06178	0.00687	0.00805	0.00501	0.00533	0.00952	0.05267	0.09336	0.02126	0.46148	0.04654	0.13349	0.02271	0.00220	0.00353	0.04417	0.00392	0.00433
33	0.04716	0.08454	0.03499	0.14215	0.40949	0.05994	0.05978	0.01349	0.01006	0.03572	0.03326	0.03273	0.00834	0.00454	0.00431	0.00134	0.00541	0.00414	0.00240	0.00620
34	0.04886	0.05539	0.19991	0.12066	0.13129	0.02902	0.06388	0.05630	0.07341	0.01510	0.04103	0.01153	0.00826	0.00460	0.00453	0.00133	0.03065	0.00385	0.00258	0.09782
35	0.31302	0.10280	0.03750	0.06481	0.04423	0.07404	0.06746	0.05963	0.03480	0.01619	0.02571	0.04503	0.07483	0.00534	0.00383	0.00135	0.00455	0.00414	0.00286	0.01788
36	0.03355	0.08007	0.08311	0.04131	0.05760	0.03690	0.00731	0.02649	0.10236	0.08888	0.19319	0.11928	0.05577	0.00859	0.04435	0.00170	0.00424	0.00615	0.00372	0.00541
37	0.08440	0.08204	0.03802	0.12854	0.08083	0.03897	0.06511	0.03528	0.03989	0.15355	0.09354	0.05656	0.01237	0.02138	0.00466	0.00141	0.00458	0.00472	0.00333	0.05083
38	0.03581	0.05465	0.00930	0.00761	0.02753	0.03040	0.09557	0.00956	0.03364	0.02729	0.16869	0.07597	0.38913	0.00894	0.00500	0.00146	0.00335	0.00774	0.00383	0.00453
39	0.08681	0.01535	0.02996	0.01061	0.03465	0.42765	0.02947	0.10253	0.03361	0.04105	0.02404	0.10932	0.01015	0.00601	0.00431	0.00133	0.00612	0.01855	0.00304	0.00544

[dist]
# distance from previous block
# <min> <max>
0	6

[block]
# block no. 3 follows, 58 sequences, length 11
# corresponding to MSA columns:
# 322-332
name=unknown_D
#
# <colnr> <probs for GDERKNQSTAVLIFYWHMCP>
#	G	D	E	R	K	N	Q	S	T	A	V	L	I	F	Y	W	H	M	C	P
0	0.17252	0.13392	0.06404	0.00967	0.04810	0.03579	0.09091	0.06902	0.03563	0.05329	0.06114	0.02493	0.00985	0.01751	0.00416	0.00129	0.00450	0.01706	0.02563	0.12104
1	0.07648	0.07664	0.09382	0.04757	0.01418	0.04823	0.12117	0.07104	0.04212	0.05154	0.05662	0.01404	0.05854	0.00713	0.04440	0.00175	0.16184	0.00447	0.00285	0.00557
2	0.02649	0.00781	0.06107	0.05875	0.06691	0.00716	0.04062	0.04306	0.06907	0.07925	0.05756	0.16519	0.08308	0.02625	0.09621	0.01867	0.01894	0.03867	0.00348	0.03175
3	0.07463	0.13698	0.16750	0.02387	0.02943	0.04786	0.04011	0.09649	0.02591	0.11255	0.07997	0.01538	0.02937	0.00566	0.00458	0.00137	0.03108	0.05208	0.00322	0.02195
4	0.01108	0.08557	0.08919	0.08592	0.19378	0.06103	0.04614	0.01431	0.08033	0.08806	0.02649	0.09891	0.01053	0.00576	0.00506	0.00141	0.05604	0.00486	0.00291	0.03263
5	0.00898	0.04476	0.00881	0.00751	0.00884	0.08327	0.04062	0.10291	0.01000	0.01283	0.01566	0.26333	0.01722	0.27081	0.01052	0.00239	0.00435	0.03844	0.00331	0.04544
6	0.04491	0.04549	0.16645	0.07525	0.14973	0.00981	0.09146	0.01400	0.07282	0.07619	0.03693	0.04989	0.00997	0.00658	0.03979	0.00169	0.05648	0.01930	0.00281	0.03044
7	0.01096	0.01189	0.13464	0.05110	0.10796	0.06228	0.05383	0.16453	0.07014	0.02979	0.03370	0.08916	0.08162	0.00636	0.00477	0.00142	0.01627	0.01912	0.00328	0.04718
8	0.03482	0.04473	0.04306	0.00787	0.00939	0.06946	0.05441	0.00975	0.00983	0.05121	0.12775	0.38478	0.07803	0.00995	0.00553	0.00159	0.04091	0.00868	0.00373	0.00449
9	0.03381	0.00831	0.03958	0.02166	0.01046	0.05418	0.04652	0.07912	0.02877	0.06387	0.12934	0.15357	0.13940	0.01006	0.05663	0.00190	0.10740	0.00684	0.00364	0.00496
10	0.01010	0.16322	0.03734	0.02848	0.02935	0.04830	0.05301	0.09933	0.01076	0.03363	0.05167	0.09162	0.08235	0.09382	0.00685	0.00170	0.04172	0.06734	0.00316	0.04628

[dist]
# distance from previous block
# <min> <max>
1	75

# created by:
# /st0/software/busco_prod/Augustus/scripts/msa2prfl.pl ./align_prep/36316.fa
