[name]
unknown

[dist]
# distance from previous block
# <min> <max>
0	29

[block]
# block no. 0 follows, 64 sequences, length 13
# corresponding to MSA columns:
# 29-41
name=unknown_A
#
# <colnr> <probs for GDERKNQSTAVLIFYWHMCP>
#	G	D	E	R	K	N	Q	S	T	A	V	L	I	F	Y	W	H	M	C	P
0	0.05905	0.01008	0.03432	0.07952	0.12168	0.06619	0.09260	0.12231	0.09281	0.06930	0.01990	0.01151	0.00783	0.00457	0.00452	0.00124	0.05014	0.02084	0.00289	0.12871
1	0.01010	0.09624	0.09211	0.00748	0.01976	0.05788	0.00656	0.08265	0.03623	0.07941	0.02751	0.01446	0.12076	0.02464	0.02052	0.00120	0.00401	0.00393	0.00294	0.29162
2	0.15462	0.10837	0.11935	0.00927	0.06292	0.03410	0.03231	0.14660	0.09225	0.03431	0.09065	0.02546	0.03412	0.00499	0.00379	0.00123	0.00416	0.00394	0.00305	0.03454
3	0.00874	0.07251	0.04950	0.00975	0.05932	0.04759	0.15744	0.02576	0.05535	0.02903	0.12248	0.06503	0.06539	0.09737	0.01867	0.00161	0.00440	0.00523	0.00291	0.10193
4	0.40720	0.05306	0.05325	0.00720	0.00974	0.05651	0.00621	0.07299	0.05970	0.02786	0.01004	0.01079	0.07163	0.00493	0.00431	0.00129	0.08998	0.00329	0.00274	0.04726
5	0.00875	0.05630	0.09445	0.00821	0.01091	0.00723	0.10604	0.03431	0.09956	0.07438	0.08666	0.12987	0.11743	0.03253	0.00485	0.00136	0.00377	0.00583	0.00330	0.11426
6	0.07832	0.06570	0.01133	0.00955	0.05741	0.14587	0.00719	0.24603	0.22030	0.01757	0.01119	0.06324	0.00914	0.00523	0.00392	0.00125	0.00444	0.00406	0.00338	0.03489
7	0.47111	0.00762	0.00740	0.00726	0.07492	0.00807	0.00519	0.07138	0.00870	0.01660	0.01224	0.01341	0.12924	0.04272	0.00406	0.00134	0.00331	0.00366	0.00283	0.10895
8	0.00993	0.07217	0.01394	0.42179	0.25200	0.00946	0.01067	0.01234	0.00903	0.09548	0.00831	0.01071	0.00633	0.00403	0.00398	0.00126	0.00496	0.00357	0.00227	0.04780
9	0.13111	0.01128	0.11241	0.07767	0.33191	0.05656	0.03096	0.08734	0.04846	0.01509	0.00879	0.01173	0.00725	0.00444	0.00398	0.00130	0.00491	0.04647	0.00247	0.00586
10	0.00547	0.00450	0.00501	0.00481	0.00626	0.00385	0.00361	0.00669	0.00930	0.01187	0.11686	0.10958	0.53484	0.01107	0.05695	0.00167	0.00278	0.00800	0.00369	0.09319
11	0.00699	0.00476	0.00585	0.00607	0.05059	0.00427	0.00412	0.00824	0.00974	0.09611	0.22031	0.08337	0.35937	0.11360	0.00682	0.00170	0.00263	0.00758	0.00390	0.00401
12	0.00564	0.00414	0.00554	0.00578	0.00631	0.00434	0.00412	0.00659	0.00715	0.00972	0.01756	0.22488	0.09901	0.18951	0.38546	0.00439	0.00665	0.00701	0.00285	0.00337

[dist]
# distance from previous block
# <min> <max>
5	6

[block]
# block no. 1 follows, 64 sequences, length 20
# corresponding to MSA columns:
# 48-67
name=unknown_B
#
# <colnr> <probs for GDERKNQSTAVLIFYWHMCP>
#	G	D	E	R	K	N	Q	S	T	A	V	L	I	F	Y	W	H	M	C	P
0	0.00738	0.00393	0.00411	0.00408	0.00495	0.00389	0.00297	0.00913	0.00877	0.01488	0.09904	0.01827	0.01409	0.08870	0.00491	0.00130	0.00214	0.00447	0.69925	0.00374
1	0.00740	0.00657	0.00990	0.51944	0.02018	0.00777	0.00866	0.01050	0.09367	0.01112	0.01341	0.09935	0.07832	0.08927	0.00601	0.00168	0.00455	0.00526	0.00253	0.00440
2	0.01176	0.00873	0.01092	0.00994	0.09702	0.00878	0.03440	0.24562	0.12268	0.10017	0.10607	0.01471	0.01223	0.00519	0.00413	0.00119	0.00381	0.03229	0.00370	0.16664
3	0.00882	0.00604	0.00525	0.00504	0.00627	0.09226	0.00380	0.01162	0.08884	0.01511	0.01313	0.01465	0.01029	0.00486	0.00312	0.00102	0.00265	0.00383	0.69916	0.00424
4	0.13152	0.01551	0.01047	0.00933	0.01164	0.51687	0.00715	0.09998	0.09013	0.01374	0.00952	0.01006	0.04747	0.00474	0.00374	0.00117	0.00593	0.00323	0.00270	0.00511
5	0.01254	0.00943	0.02558	0.01020	0.09154	0.01002	0.00748	0.22286	0.37229	0.12810	0.01429	0.05454	0.01092	0.00555	0.00424	0.00135	0.00382	0.00461	0.00405	0.00660
6	0.00526	0.00375	0.00489	0.00564	0.00593	0.00358	0.00377	0.00596	0.00771	0.01027	0.02163	0.65735	0.05210	0.12673	0.04853	0.00224	0.00307	0.02471	0.00359	0.00329
7	0.00785	0.00745	0.07480	0.04940	0.10386	0.00658	0.05576	0.03893	0.09943	0.04118	0.10153	0.35990	0.01928	0.00838	0.00474	0.00147	0.00359	0.00759	0.00345	0.00482
8	0.05337	0.49889	0.01706	0.00778	0.01105	0.01437	0.00707	0.18996	0.13721	0.01498	0.00843	0.00877	0.00682	0.00421	0.00323	0.00107	0.00423	0.00294	0.00272	0.00587
9	0.00654	0.00610	0.08635	0.00542	0.00641	0.00474	0.00403	0.00720	0.00658	0.00913	0.01193	0.02342	0.01319	0.68086	0.01755	0.00340	0.00413	0.00537	0.00244	0.09520
10	0.01053	0.00957	0.01792	0.08906	0.29157	0.00939	0.32518	0.01359	0.03834	0.09928	0.00991	0.04904	0.00792	0.00430	0.00449	0.00134	0.00548	0.00462	0.00254	0.00594
11	0.04815	0.00689	0.00931	0.00959	0.10666	0.00723	0.04682	0.15973	0.01006	0.02586	0.01307	0.06675	0.01303	0.20115	0.12563	0.00278	0.00522	0.13442	0.00303	0.00459
12	0.09879	0.00630	0.00782	0.00651	0.00882	0.00587	0.00519	0.05034	0.01129	0.42002	0.20405	0.08597	0.05795	0.00668	0.00431	0.00133	0.00302	0.00558	0.00455	0.00561
13	0.07429	0.00885	0.01068	0.00961	0.06421	0.02251	0.04308	0.11678	0.31263	0.23015	0.01424	0.01470	0.01053	0.00534	0.00418	0.00136	0.00387	0.04253	0.00405	0.00641
14	0.43613	0.00816	0.00789	0.00672	0.01872	0.03631	0.00537	0.05057	0.01936	0.18899	0.01048	0.01090	0.04774	0.01833	0.00399	0.00129	0.03931	0.00326	0.00321	0.08328
15	0.26771	0.00877	0.04684	0.07529	0.16432	0.00887	0.00779	0.05713	0.10926	0.11240	0.02093	0.01349	0.01886	0.01604	0.00402	0.00138	0.00399	0.05425	0.00309	0.00558
16	0.13021	0.00701	0.00821	0.00900	0.12303	0.02788	0.01397	0.03909	0.13445	0.02777	0.14427	0.12210	0.14269	0.01928	0.00457	0.00140	0.00322	0.02157	0.00352	0.01676
17	0.12640	0.03750	0.01117	0.05042	0.15678	0.02562	0.00765	0.13029	0.06564	0.22521	0.01199	0.01351	0.02678	0.01690	0.00441	0.00133	0.02235	0.04057	0.00348	0.02200
18	0.09324	0.01692	0.08131	0.04739	0.11119	0.02560	0.00782	0.05527	0.07595	0.18391	0.03738	0.01728	0.02387	0.01717	0.00437	0.00136	0.00406	0.11549	0.00338	0.07703
19	0.06964	0.00880	0.01106	0.09339	0.12060	0.02755	0.02040	0.14810	0.14733	0.21820	0.02661	0.02265	0.02978	0.00500	0.00408	0.00129	0.00408	0.00414	0.00367	0.03364

[dist]
# distance from previous block
# <min> <max>
0	45

[block]
# block no. 2 follows, 64 sequences, length 70
# corresponding to MSA columns:
# 113-182
name=unknown_C
#
# <colnr> <probs for GDERKNQSTAVLIFYWHMCP>
#	G	D	E	R	K	N	Q	S	T	A	V	L	I	F	Y	W	H	M	C	P
0	0.04231	0.06746	0.05807	0.02053	0.05858	0.08058	0.00709	0.08426	0.07582	0.08640	0.02171	0.01039	0.01819	0.00424	0.00395	0.00103	0.03595	0.00323	0.00287	0.31734
1	0.24017	0.01005	0.08766	0.03318	0.10739	0.05016	0.03652	0.09703	0.05512	0.04703	0.03207	0.06007	0.03242	0.01731	0.00422	0.00132	0.02260	0.00401	0.00287	0.05880
2	0.02845	0.04299	0.02372	0.00891	0.04755	0.02041	0.01904	0.28345	0.12992	0.12561	0.04959	0.04051	0.06609	0.00608	0.01910	0.00136	0.01793	0.00453	0.00379	0.06096
3	0.05357	0.06187	0.13253	0.10570	0.20032	0.04935	0.02110	0.07143	0.03807	0.04888	0.03058	0.05317	0.02125	0.00520	0.01962	0.00133	0.00479	0.00397	0.00258	0.07469
4	0.06889	0.06038	0.03301	0.01006	0.09283	0.03366	0.04719	0.13819	0.17891	0.09711	0.06487	0.02674	0.03889	0.00520	0.00427	0.00126	0.02638	0.00425	0.00342	0.06448
5	0.03931	0.03215	0.08229	0.00772	0.02200	0.02344	0.00651	0.04250	0.06118	0.03576	0.02609	0.01534	0.03254	0.04261	0.47963	0.00444	0.03515	0.00430	0.00255	0.00449
6	0.01191	0.02259	0.04756	0.05850	0.05701	0.04495	0.07073	0.08121	0.03420	0.23496	0.04044	0.03995	0.00984	0.00807	0.10671	0.00188	0.00517	0.00419	0.00333	0.11680
7	0.01036	0.00993	0.01626	0.09424	0.57936	0.02756	0.08013	0.05853	0.04083	0.01402	0.00854	0.02603	0.00708	0.00405	0.00420	0.00127	0.00509	0.00397	0.00228	0.00625
8	0.02284	0.27015	0.23474	0.00911	0.01284	0.02687	0.09133	0.02350	0.02460	0.03086	0.14644	0.01340	0.03965	0.00482	0.00381	0.00117	0.00462	0.00397	0.00254	0.03275
9	0.02180	0.41238	0.10809	0.00663	0.00945	0.02610	0.00656	0.01126	0.00850	0.01189	0.00975	0.01134	0.03497	0.02257	0.04059	0.00131	0.00419	0.00318	0.24464	0.00481
10	0.00861	0.00738	0.00861	0.00615	0.00984	0.00554	0.00492	0.01046	0.00861	0.01354	0.00738	0.00861	0.00615	0.00308	0.00308	0.00062	0.00308	0.00246	0.00246	0.87941
11	0.00947	0.00736	0.00870	0.00626	0.00991	0.00559	0.00502	0.01129	0.00889	0.08323	0.00815	0.00908	0.00650	0.00325	0.00317	0.00067	0.00312	0.00261	0.00269	0.80504
12	0.01111	0.85652	0.02177	0.00711	0.01066	0.01644	0.00711	0.01244	0.00844	0.00977	0.00577	0.00666	0.00533	0.00355	0.00267	0.00089	0.00444	0.00222	0.00178	0.00533
13	0.00615	0.00446	0.00573	0.00533	0.00639	0.00417	0.00402	0.03133	0.01194	0.01683	0.78713	0.03058	0.05331	0.00843	0.00488	0.00131	0.00204	0.00743	0.00455	0.00400
14	0.03515	0.01837	0.56068	0.02738	0.01676	0.08695	0.06603	0.01445	0.08171	0.04147	0.00852	0.00958	0.00616	0.00414	0.00399	0.00131	0.00588	0.00333	0.00218	0.00597
15	0.00894	0.01294	0.28203	0.03225	0.14405	0.02392	0.21179	0.01231	0.02021	0.03719	0.09098	0.08302	0.01123	0.00508	0.00443	0.00135	0.00533	0.00487	0.00249	0.00560
16	0.00505	0.00365	0.00478	0.00568	0.00600	0.00338	0.00381	0.00580	0.00805	0.01065	0.02419	0.79651	0.08144	0.01284	0.00528	0.00167	0.00239	0.01160	0.00386	0.00338
17	0.88336	0.00803	0.00611	0.00546	0.00803	0.00932	0.00450	0.01221	0.00707	0.01864	0.00578	0.00675	0.00450	0.00386	0.00257	0.00129	0.00321	0.00225	0.00257	0.00450
18	0.00953	0.00853	0.01299	0.55018	0.18811	0.05371	0.01104	0.02296	0.00918	0.06541	0.02417	0.01130	0.00673	0.00423	0.00414	0.00133	0.00530	0.00375	0.00221	0.00520
19	0.01600	0.02498	0.01221	0.00923	0.01247	0.01195	0.00764	0.66984	0.01798	0.14313	0.01075	0.01051	0.00747	0.00503	0.00431	0.00126	0.02025	0.00378	0.00422	0.00699
20	0.01429	0.01089	0.01162	0.00925	0.01231	0.01218	0.00753	0.59655	0.23968	0.02376	0.01188	0.01149	0.00861	0.00516	0.00417	0.00129	0.00422	0.00400	0.00417	0.00693
21	0.00722	0.00361	0.00541	0.00541	0.00541	0.00361	0.00361	0.00541	0.00541	0.00722	0.00722	0.01263	0.00722	0.01443	0.01623	0.87915	0.00361	0.00361	0.00180	0.00180
22	0.01096	0.04055	0.01014	0.00861	0.01103	0.07138	0.00675	0.05351	0.69923	0.01693	0.01545	0.01436	0.01165	0.00543	0.00413	0.00136	0.00369	0.00442	0.00398	0.00642
23	0.00541	0.00376	0.00472	0.00534	0.00550	0.00360	0.00338	0.00587	0.00728	0.00971	0.01944	0.56135	0.02312	0.30891	0.01087	0.00251	0.00298	0.00978	0.00338	0.00307
24	0.00505	0.00364	0.00479	0.00571	0.00601	0.00338	0.00382	0.00579	0.00802	0.01063	0.02374	0.81543	0.06281	0.01290	0.00528	0.00167	0.00240	0.01167	0.00386	0.00338
25	0.00909	0.00909	0.01272	0.01091	0.01091	0.01272	0.00909	0.01000	0.00636	0.01000	0.00545	0.00909	0.00545	0.00727	0.01363	0.00182	0.84642	0.00364	0.00182	0.00454
26	0.01470	0.01045	0.01138	0.00903	0.01208	0.01148	0.00736	0.54821	0.19325	0.10420	0.01235	0.02634	0.00897	0.00528	0.00419	0.00129	0.00415	0.00413	0.00426	0.00689
27	0.00582	0.00437	0.00514	0.00529	0.00650	0.00390	0.00415	0.00720	0.00983	0.03413	0.16543	0.09162	0.45330	0.01040	0.00509	0.00151	0.00250	0.17607	0.00400	0.00373
28	0.01731	0.00734	0.00952	0.00744	0.01049	0.00674	0.00610	0.06475	0.07861	0.68264	0.01594	0.01407	0.01031	0.00516	0.00412	0.00128	0.00350	0.00418	0.04358	0.00689
29	0.01864	0.00707	0.00964	0.00739	0.01060	0.00611	0.00611	0.02024	0.01189	0.83099	0.01639	0.01414	0.01028	0.00514	0.00418	0.00129	0.00353	0.00418	0.00514	0.00707
30	0.01136	0.01024	0.01298	0.07512	0.26669	0.07992	0.03824	0.11112	0.26689	0.04334	0.01120	0.01204	0.00860	0.00535	0.02728	0.00145	0.00483	0.00401	0.00309	0.00625
31	0.00594	0.00444	0.00660	0.00660	0.00732	0.00515	0.00510	0.00737	0.00665	0.00959	0.01119	0.01669	0.01055	0.05942	0.80952	0.00658	0.01088	0.00450	0.00224	0.00367
32	0.00861	0.00738	0.00861	0.00615	0.00984	0.00554	0.00492	0.01046	0.00861	0.01354	0.00738	0.00861	0.00615	0.00308	0.00308	0.00062	0.00308	0.00246	0.00246	0.87941
33	0.02569	0.09529	0.42206	0.03465	0.11388	0.04022	0.05524	0.03109	0.05785	0.03439	0.04509	0.01043	0.00762	0.00423	0.00394	0.00127	0.00540	0.00349	0.00226	0.00594
34	0.01123	0.01229	0.07481	0.02351	0.21427	0.16840	0.12989	0.05708	0.14568	0.03521	0.05238	0.01219	0.01999	0.00463	0.00439	0.00128	0.02006	0.00408	0.00276	0.00586
35	0.00962	0.00735	0.00872	0.00628	0.00992	0.00559	0.00504	0.01144	0.00894	0.09546	0.00829	0.00917	0.00657	0.00328	0.00319	0.00068	0.00312	0.00263	0.00273	0.79199
36	0.01351	0.05705	0.01184	0.02741	0.01236	0.10051	0.00748	0.41423	0.26179	0.02032	0.01162	0.02395	0.00877	0.00513	0.00407	0.00127	0.00447	0.00396	0.00378	0.00647
37	0.01053	0.17587	0.11928	0.00896	0.04063	0.13327	0.01929	0.05160	0.10386	0.03573	0.02695	0.07709	0.03631	0.00507	0.00376	0.00113	0.00452	0.00402	0.00273	0.13942
38	0.01002	0.01098	0.15607	0.04215	0.20449	0.02195	0.05740	0.07353	0.14403	0.05717	0.06571	0.02516	0.03182	0.02509	0.00500	0.00141	0.03270	0.02647	0.00296	0.00587
39	0.00970	0.05026	0.15362	0.03073	0.03667	0.02426	0.59268	0.01338	0.02227	0.01309	0.00820	0.01060	0.00617	0.00364	0.00459	0.00136	0.00663	0.00440	0.00206	0.00568
40	0.00994	0.01080	0.03710	0.03314	0.35329	0.01021	0.45620	0.01303	0.00962	0.01337	0.00813	0.01077	0.00638	0.00360	0.00455	0.00133	0.00611	0.00435	0.00207	0.00600
41	0.12754	0.05981	0.10308	0.03604	0.08545	0.04325	0.17233	0.14092	0.04751	0.06298	0.01038	0.03815	0.03024	0.00474	0.00406	0.00131	0.00496	0.01869	0.00283	0.00572
42	0.00973	0.35518	0.40989	0.01016	0.01489	0.04042	0.06305	0.01287	0.00876	0.01163	0.00689	0.00820	0.00547	0.00435	0.02124	0.00126	0.00567	0.00286	0.00181	0.00568
43	0.00637	0.00464	0.00624	0.00708	0.00798	0.00459	0.00591	0.00827	0.03176	0.01215	0.02350	0.19167	0.08343	0.01152	0.00556	0.00182	0.00343	0.57646	0.00384	0.00380
44	0.01136	0.01033	0.03022	0.06378	0.53727	0.03088	0.02108	0.15063	0.04050	0.03834	0.02026	0.01077	0.00733	0.00414	0.00414	0.00125	0.00488	0.00379	0.00260	0.00647
45	0.01116	0.05100	0.04852	0.02906	0.02749	0.03940	0.42793	0.18685	0.06797	0.01607	0.02233	0.01214	0.00781	0.00434	0.00452	0.00134	0.00586	0.02757	0.00275	0.00588
46	0.00604	0.00403	0.00453	0.00453	0.00453	0.00403	0.00252	0.00604	0.00604	0.00805	0.01309	0.02718	0.01510	0.85402	0.02114	0.00403	0.00403	0.00604	0.00252	0.00252
47	0.00556	0.00409	0.00521	0.00588	0.00655	0.00383	0.00439	0.00667	0.00873	0.01134	0.06448	0.39961	0.17771	0.06046	0.00624	0.00181	0.00279	0.21734	0.00381	0.00349
48	0.04116	0.01256	0.01287	0.06290	0.21339	0.25464	0.03900	0.08127	0.19710	0.01439	0.00955	0.01057	0.00750	0.00451	0.00419	0.00125	0.02093	0.00362	0.00275	0.00584
49	0.00580	0.00460	0.00516	0.00536	0.00648	0.00429	0.00394	0.04015	0.05553	0.01203	0.03182	0.31745	0.43542	0.01092	0.00501	0.00152	0.00245	0.04438	0.00389	0.00380
50	0.00600	0.00401	0.00454	0.00459	0.00460	0.00400	0.00258	0.00603	0.00613	0.00817	0.01352	0.06363	0.01565	0.81682	0.02044	0.00392	0.00396	0.00630	0.00258	0.00255
51	0.23824	0.01010	0.01046	0.00822	0.01134	0.01107	0.00679	0.50304	0.01532	0.13161	0.00976	0.00970	0.00684	0.00472	0.00375	0.00126	0.00409	0.00342	0.00388	0.00641
52	0.07618	0.01082	0.01284	0.14618	0.17756	0.15616	0.00966	0.02627	0.00853	0.01178	0.00651	0.00920	0.00563	0.00524	0.00748	0.00145	0.31807	0.00339	0.00202	0.00505
53	0.00563	0.00415	0.00491	0.00493	0.00570	0.00383	0.00347	0.00673	0.00925	0.01227	0.30126	0.10246	0.24399	0.22747	0.00916	0.00209	0.00265	0.04289	0.00376	0.00340
54	0.00593	0.00445	0.00668	0.00668	0.00742	0.00519	0.00519	0.00742	0.00668	0.00964	0.01113	0.01632	0.01038	0.03115	0.83756	0.00668	0.01113	0.00445	0.00223	0.00371
55	0.00861	0.00738	0.00861	0.00615	0.00984	0.00554	0.00492	0.01046	0.00861	0.01354	0.00738	0.00861	0.00615	0.00308	0.00308	0.00062	0.00308	0.00246	0.00246	0.87941
56	0.00774	0.00387	0.00387	0.00387	0.00484	0.00387	0.00290	0.00968	0.00871	0.01549	0.01355	0.01549	0.01065	0.00484	0.00290	0.00097	0.00194	0.00387	0.87708	0.00387
57	0.03162	0.06072	0.00815	0.00676	0.00760	0.10730	0.00498	0.06104	0.03129	0.00976	0.00768	0.01200	0.00729	0.05700	0.01250	0.51764	0.04789	0.00355	0.00213	0.00313
58	0.00699	0.00430	0.00587	0.00571	0.00593	0.00461	0.00391	0.02854	0.00622	0.00848	0.00948	0.01701	0.00982	0.24658	0.15309	0.43553	0.03879	0.00442	0.00213	0.00257
59	0.00774	0.00387	0.00387	0.00387	0.00484	0.00387	0.00290	0.00968	0.00871	0.01549	0.01355	0.01549	0.01065	0.00484	0.00290	0.00097	0.00194	0.00387	0.87708	0.00387
60	0.12577	0.00720	0.00929	0.03339	0.01085	0.00660	0.00608	0.01894	0.01118	0.70430	0.01479	0.01312	0.00941	0.00495	0.00398	0.00129	0.00356	0.00392	0.00472	0.00667
61	0.03684	0.16656	0.17333	0.03043	0.38810	0.01097	0.01127	0.05710	0.02318	0.03965	0.00807	0.01000	0.00653	0.00400	0.00380	0.00121	0.00492	0.01564	0.00224	0.00617
62	0.01111	0.85652	0.02177	0.00711	0.01066	0.01644	0.00711	0.01244	0.00844	0.00977	0.00577	0.00666	0.00533	0.00355	0.00267	0.00089	0.00444	0.00222	0.00178	0.00533
63	0.00604	0.00403	0.00453	0.00453	0.00453	0.00403	0.00252	0.00604	0.00604	0.00805	0.01309	0.02718	0.01510	0.85402	0.02114	0.00403	0.00403	0.00604	0.00252	0.00252
64	0.00889	0.03491	0.36802	0.12368	0.08721	0.00954	0.16255	0.01308	0.05685	0.02595	0.06209	0.01155	0.00835	0.00428	0.00422	0.00133	0.00560	0.00393	0.00224	0.00575
65	0.01026	0.06483	0.13862	0.05871	0.49064	0.03275	0.05086	0.04399	0.00971	0.02679	0.00821	0.03115	0.00682	0.00406	0.00406	0.00125	0.00518	0.00376	0.00217	0.00619
66	0.00644	0.00485	0.00646	0.00634	0.00683	0.02289	0.00466	0.00724	0.00650	0.00907	0.01090	0.01819	0.01094	0.23605	0.50166	0.07709	0.05363	0.00470	0.00224	0.00332
67	0.00603	0.00467	0.00518	0.00518	0.00651	0.00423	0.00397	0.05302	0.01003	0.02707	0.07617	0.13779	0.54212	0.01041	0.00499	0.00147	0.00248	0.09091	0.00393	0.00381
68	0.03718	0.02457	0.10707	0.21843	0.21153	0.02427	0.07342	0.06216	0.07095	0.08975	0.02351	0.01124	0.00743	0.00433	0.00425	0.00131	0.01631	0.00382	0.00260	0.00586
69	0.01039	0.09054	0.19249	0.02874	0.35584	0.07257	0.04266	0.05053	0.03125	0.02240	0.00858	0.03620	0.00722	0.00437	0.00413	0.00125	0.01486	0.01772	0.00224	0.00603

[dist]
# distance from previous block
# <min> <max>
0	2

[block]
# block no. 3 follows, 64 sequences, length 43
# corresponding to MSA columns:
# 185-227
name=unknown_D
#
# <colnr> <probs for GDERKNQSTAVLIFYWHMCP>
#	G	D	E	R	K	N	Q	S	T	A	V	L	I	F	Y	W	H	M	C	P
0	0.01367	0.06824	0.02247	0.02392	0.04852	0.52972	0.03053	0.06453	0.02208	0.01148	0.00685	0.00834	0.00574	0.00507	0.01938	0.00129	0.10789	0.00301	0.00222	0.00507
1	0.01302	0.01314	0.29971	0.01192	0.12718	0.00873	0.03046	0.10662	0.01118	0.29418	0.01086	0.01101	0.00742	0.00440	0.00407	0.00127	0.00483	0.00364	0.00326	0.03311
2	0.00821	0.00695	0.00817	0.00605	0.00936	0.00530	0.00478	0.00999	0.00877	0.01352	0.05531	0.05337	0.02421	0.00403	0.00333	0.00072	0.00296	0.00334	0.00268	0.76895
3	0.01017	0.05365	0.05371	0.14119	0.47749	0.04384	0.10902	0.01292	0.02124	0.02582	0.00791	0.01028	0.00637	0.00382	0.00412	0.00126	0.00536	0.00372	0.00209	0.00603
4	0.00700	0.00571	0.00641	0.00603	0.00723	0.04730	0.00453	0.01033	0.13485	0.01607	0.61291	0.07644	0.03273	0.00811	0.00476	0.00133	0.00247	0.00709	0.00435	0.00434
5	0.09057	0.17781	0.18226	0.03283	0.11476	0.11253	0.03064	0.10126	0.05969	0.02730	0.00827	0.00991	0.00661	0.00429	0.00369	0.00121	0.00512	0.02306	0.00245	0.00576
6	0.05321	0.01153	0.01139	0.00921	0.01216	0.08290	0.00744	0.52059	0.20979	0.02236	0.01114	0.01094	0.00814	0.00503	0.00407	0.00127	0.00445	0.00381	0.00393	0.00664
7	0.00929	0.00977	0.01747	0.38354	0.13635	0.05195	0.30664	0.01220	0.00919	0.01199	0.00777	0.01083	0.00595	0.00386	0.00440	0.00135	0.00609	0.00409	0.00198	0.00526
8	0.00969	0.43110	0.43480	0.00952	0.01439	0.01298	0.01131	0.01280	0.00861	0.01150	0.00663	0.00774	0.00530	0.00375	0.00332	0.00111	0.00531	0.00265	0.00177	0.00574
9	0.05482	0.15801	0.44637	0.01017	0.03681	0.02305	0.01129	0.04952	0.00953	0.10016	0.02028	0.01021	0.03126	0.00436	0.00388	0.00124	0.01745	0.00329	0.00238	0.00592
10	0.00540	0.00376	0.00472	0.00535	0.00550	0.00360	0.00339	0.00587	0.00728	0.00971	0.01947	0.56348	0.02315	0.30674	0.01083	0.00250	0.00297	0.00979	0.00339	0.00307
11	0.71773	0.00914	0.00728	0.00630	0.00896	0.05198	0.00515	0.12470	0.00905	0.01926	0.00640	0.00724	0.00490	0.00404	0.00285	0.00127	0.00362	0.00248	0.00277	0.00487
12	0.00886	0.00851	0.01397	0.36941	0.30260	0.03471	0.06847	0.01127	0.00893	0.01183	0.00953	0.03143	0.02823	0.00496	0.00464	0.02552	0.00520	0.04460	0.00214	0.00520
13	0.00722	0.00361	0.00541	0.00541	0.00541	0.00361	0.00361	0.00541	0.00541	0.00722	0.00722	0.01263	0.00722	0.01443	0.01623	0.87915	0.00361	0.00361	0.00180	0.00180
14	0.00564	0.00406	0.00544	0.00631	0.00687	0.00388	0.00477	0.00680	0.00863	0.01134	0.03915	0.50630	0.06823	0.02368	0.00564	0.00177	0.00289	0.28121	0.00384	0.00353
15	0.00774	0.00387	0.00387	0.00387	0.00484	0.00387	0.00290	0.00968	0.00871	0.01549	0.01355	0.01549	0.01065	0.00484	0.00290	0.00097	0.00194	0.00387	0.87708	0.00387
16	0.10265	0.25805	0.32610	0.01001	0.05158	0.05821	0.03056	0.01298	0.02037	0.03225	0.00860	0.01025	0.03164	0.00428	0.00354	0.00119	0.00509	0.02496	0.00213	0.00555
17	0.01837	0.00719	0.01008	0.00769	0.01093	0.00624	0.03012	0.02004	0.01183	0.80665	0.01615	0.01405	0.01016	0.00509	0.00420	0.00129	0.00364	0.00420	0.00505	0.00703
18	0.00909	0.00909	0.01272	0.01091	0.01091	0.01272	0.00909	0.01000	0.00636	0.01000	0.00545	0.00909	0.00545	0.00727	0.01363	0.00182	0.84642	0.00364	0.00182	0.00454
19	0.01552	0.01980	0.01177	0.01070	0.01284	0.83735	0.00803	0.01659	0.01177	0.01017	0.00642	0.00749	0.00535	0.00428	0.00375	0.00107	0.00749	0.00268	0.00214	0.00482
20	0.01028	0.16179	0.44221	0.01128	0.06847	0.01094	0.02584	0.10667	0.01015	0.05563	0.00893	0.00990	0.03029	0.00432	0.00406	0.00124	0.02633	0.00332	0.00230	0.00606
21	0.00588	0.00425	0.00555	0.00523	0.00621	0.00392	0.00392	0.00784	0.01176	0.01666	0.82592	0.03103	0.03919	0.00849	0.00490	0.00131	0.00196	0.00751	0.00457	0.00392
22	0.01552	0.01980	0.01177	0.01070	0.01284	0.83735	0.00803	0.01659	0.01177	0.01017	0.00642	0.00749	0.00535	0.00428	0.00375	0.00107	0.00749	0.00268	0.00214	0.00482
23	0.03449	0.00888	0.10786	0.13934	0.22866	0.00765	0.03327	0.01165	0.03525	0.06574	0.24489	0.01727	0.03653	0.00550	0.00433	0.00131	0.00411	0.00490	0.00304	0.00533
24	0.01028	0.00987	0.01686	0.02550	0.82811	0.00987	0.01275	0.01275	0.00946	0.01357	0.00781	0.01028	0.00658	0.00370	0.00411	0.00123	0.00493	0.00370	0.00206	0.00658
25	0.00505	0.00367	0.00476	0.00563	0.00598	0.00339	0.00379	0.00580	0.00810	0.01066	0.02474	0.77321	0.10438	0.01277	0.00526	0.00166	0.00238	0.01152	0.00386	0.00339
26	0.75080	0.00909	0.00699	0.02900	0.02252	0.08614	0.00519	0.01252	0.00762	0.01745	0.00618	0.00763	0.00495	0.00402	0.00280	0.00128	0.00371	0.01505	0.00252	0.00455
27	0.01028	0.00987	0.01686	0.02550	0.82811	0.00987	0.01275	0.01275	0.00946	0.01357	0.00781	0.01028	0.00658	0.00370	0.00411	0.00123	0.00493	0.00370	0.00206	0.00658
28	0.00915	0.01126	0.21036	0.00978	0.08461	0.00728	0.03931	0.02902	0.00909	0.03445	0.00776	0.00907	0.00610	0.00345	0.00350	0.00090	0.00418	0.00288	0.00234	0.51549
29	0.00918	0.01195	0.21845	0.05149	0.34287	0.00893	0.10333	0.01244	0.03172	0.03263	0.04626	0.03762	0.05231	0.00469	0.00426	0.00130	0.00503	0.00438	0.00238	0.01879
30	0.00604	0.00403	0.00453	0.00453	0.00453	0.00403	0.00252	0.00604	0.00604	0.00805	0.01309	0.02718	0.01510	0.85402	0.02114	0.00403	0.00403	0.00604	0.00252	0.00252
31	0.01201	0.66017	0.01955	0.00832	0.03158	0.18812	0.00744	0.01331	0.00916	0.00995	0.00596	0.00693	0.00537	0.00371	0.00293	0.00094	0.00509	0.00235	0.00186	0.00525
32	0.00774	0.00387	0.00387	0.00387	0.00484	0.00387	0.00290	0.00968	0.00871	0.01549	0.01355	0.01549	0.01065	0.00484	0.00290	0.00097	0.00194	0.00387	0.87708	0.00387
33	0.01395	0.14493	0.03499	0.01143	0.06288	0.52539	0.06765	0.03280	0.02297	0.03598	0.00711	0.00821	0.00578	0.00413	0.00372	0.00110	0.00656	0.00294	0.00223	0.00524
34	0.00610	0.00483	0.00529	0.00581	0.00616	0.05203	0.00382	0.00699	0.03299	0.01010	0.01909	0.55264	0.02237	0.24064	0.00948	0.00228	0.00317	0.00949	0.00340	0.00332
35	0.00722	0.00361	0.00541	0.00541	0.00541	0.00361	0.00361	0.00541	0.00541	0.00722	0.00722	0.01263	0.00722	0.01443	0.01623	0.87915	0.00361	0.00361	0.00180	0.00180
36	0.00979	0.03974	0.14192	0.04007	0.59279	0.00989	0.04477	0.01271	0.01995	0.01327	0.00824	0.03320	0.00696	0.00402	0.00411	0.00126	0.00511	0.00384	0.00208	0.00630
37	0.01056	0.01206	0.10224	0.04836	0.45642	0.08151	0.18044	0.01336	0.00968	0.03381	0.00798	0.01020	0.00634	0.00379	0.00423	0.00127	0.00570	0.00381	0.00211	0.00612
38	0.00784	0.00738	0.01246	0.84404	0.02861	0.00923	0.01154	0.01061	0.00831	0.01061	0.00738	0.01107	0.00554	0.00415	0.00415	0.00138	0.00554	0.00369	0.00185	0.00461
39	0.00722	0.00361	0.00541	0.00541	0.00541	0.00361	0.00361	0.00541	0.00541	0.00722	0.00722	0.01263	0.00722	0.01443	0.01623	0.87915	0.00361	0.00361	0.00180	0.00180
40	0.00879	0.00815	0.01349	0.09125	0.51852	0.00827	0.02335	0.01100	0.00948	0.01330	0.11838	0.08621	0.04626	0.00551	0.00453	0.00131	0.01885	0.00512	0.00259	0.00561
41	0.01107	0.74765	0.06309	0.00753	0.01112	0.04255	0.00754	0.01304	0.04512	0.01030	0.00638	0.00720	0.00566	0.00369	0.00284	0.00094	0.00458	0.00239	0.00190	0.00541
42	0.84191	0.00863	0.02480	0.00574	0.00838	0.03013	0.00483	0.01234	0.00723	0.01830	0.00584	0.00681	0.00454	0.00387	0.00263	0.00128	0.00339	0.00228	0.00254	0.00454

[dist]
# distance from previous block
# <min> <max>
2	14

# created by:
# /st0/software/busco_prod/Augustus/scripts/msa2prfl.pl ./align_prep/36486.fa
