[name]
unknown

[dist]
# distance from previous block
# <min> <max>
0	35

[block]
# block no. 0 follows, 68 sequences, length 8
# corresponding to MSA columns:
# 44-51
name=unknown_A
#
# <colnr> <probs for GDERKNQSTAVLIFYWHMCP>
#	G	D	E	R	K	N	Q	S	T	A	V	L	I	F	Y	W	H	M	C	P
0	0.02687	0.20712	0.15989	0.02209	0.06893	0.06402	0.03303	0.19314	0.05444	0.03682	0.00854	0.01036	0.00687	0.00434	0.00373	0.00114	0.01630	0.03908	0.00259	0.04070
1	0.00663	0.00454	0.00561	0.00549	0.00655	0.00436	0.00410	0.04441	0.04248	0.05939	0.30707	0.24701	0.13904	0.01003	0.04354	0.00160	0.00270	0.02686	0.03466	0.00394
2	0.03483	0.03232	0.02720	0.00769	0.00961	0.04957	0.04459	0.06744	0.02616	0.24525	0.04468	0.08267	0.07237	0.03414	0.07968	0.01734	0.11132	0.00484	0.00333	0.00497
3	0.01134	0.07259	0.24611	0.07209	0.02709	0.03058	0.05975	0.05214	0.03123	0.24114	0.05853	0.01190	0.00889	0.02739	0.00461	0.00130	0.03097	0.00373	0.00296	0.00567
4	0.03088	0.03098	0.10088	0.07913	0.02695	0.04419	0.11671	0.02847	0.00897	0.01217	0.12537	0.17957	0.10131	0.00774	0.03263	0.00151	0.03387	0.01849	0.00284	0.01733
5	0.01434	0.01287	0.01066	0.00903	0.01137	0.35155	0.00712	0.25181	0.01303	0.15339	0.03220	0.03019	0.00833	0.00508	0.00432	0.00118	0.04451	0.03030	0.00323	0.00549
6	0.00980	0.29744	0.14367	0.00812	0.01102	0.07978	0.02869	0.08437	0.03675	0.03248	0.04786	0.08650	0.00950	0.00734	0.08388	0.00163	0.01984	0.00390	0.00244	0.00501
7	0.00746	0.00578	0.00779	0.02465	0.06273	0.00567	0.05644	0.04474	0.10486	0.06334	0.12425	0.16146	0.24175	0.02805	0.00493	0.00143	0.00301	0.04365	0.00361	0.00440

[dist]
# distance from previous block
# <min> <max>
1	5

[block]
# block no. 1 follows, 68 sequences, length 10
# corresponding to MSA columns:
# 57-66
name=unknown_B
#
# <colnr> <probs for GDERKNQSTAVLIFYWHMCP>
#	G	D	E	R	K	N	Q	S	T	A	V	L	I	F	Y	W	H	M	C	P
0	0.00940	0.00861	0.03256	0.03103	0.11506	0.02204	0.07339	0.17776	0.02664	0.01384	0.01052	0.17765	0.01032	0.03220	0.00681	0.00147	0.20437	0.00516	0.00273	0.03842
1	0.04086	0.02628	0.01075	0.04973	0.13576	0.06411	0.00722	0.23315	0.03776	0.01596	0.02186	0.02538	0.00741	0.00493	0.02398	0.00119	0.04165	0.00340	0.05107	0.19755
2	0.00555	0.00381	0.00466	0.00486	0.00501	0.00386	0.00303	0.00589	0.00625	0.00842	0.01429	0.20656	0.01639	0.56305	0.12811	0.00370	0.00442	0.00677	0.00264	0.00273
3	0.00943	0.00903	0.01540	0.16001	0.70323	0.00932	0.01198	0.01183	0.00885	0.01249	0.00739	0.00994	0.00612	0.00360	0.00393	0.00120	0.00480	0.00353	0.00193	0.00597
4	0.01159	0.01113	0.01352	0.14163	0.16478	0.19771	0.12756	0.12020	0.04096	0.06565	0.00848	0.00998	0.00646	0.00404	0.00391	0.00117	0.00530	0.00352	0.03514	0.02729
5	0.01147	0.00920	0.00954	0.02754	0.01070	0.13758	0.02581	0.12581	0.04192	0.14705	0.05329	0.06521	0.00968	0.00478	0.00389	0.00103	0.02111	0.00383	0.00316	0.28741
6	0.04565	0.01083	0.01176	0.00997	0.03980	0.18491	0.11624	0.09954	0.17823	0.04383	0.01037	0.02839	0.02837	0.00473	0.00456	0.00119	0.07033	0.00378	0.00285	0.10466
7	0.00790	0.01876	0.00803	0.04545	0.02389	0.06127	0.03791	0.00859	0.03814	0.04289	0.01047	0.04332	0.04622	0.01383	0.18359	0.32446	0.06533	0.01430	0.00225	0.00340
8	0.00855	0.00871	0.05147	0.19853	0.44426	0.00860	0.03898	0.01090	0.00868	0.01211	0.04541	0.04064	0.04445	0.00454	0.00441	0.00125	0.03930	0.00415	0.00214	0.02290
9	0.00977	0.04657	0.01326	0.10907	0.31985	0.05819	0.04630	0.05206	0.02216	0.04203	0.05597	0.02237	0.02081	0.00443	0.00459	0.00118	0.07284	0.00376	0.00238	0.09241

[dist]
# distance from previous block
# <min> <max>
1	29

[block]
# block no. 2 follows, 68 sequences, length 20
# corresponding to MSA columns:
# 96-115
name=unknown_C
#
# <colnr> <probs for GDERKNQSTAVLIFYWHMCP>
#	G	D	E	R	K	N	Q	S	T	A	V	L	I	F	Y	W	H	M	C	P
0	0.02382	0.00756	0.01169	0.62866	0.12761	0.04032	0.01028	0.01034	0.00835	0.01086	0.04072	0.01221	0.04261	0.00433	0.00398	0.00129	0.00497	0.00382	0.00200	0.00458
1	0.00748	0.00699	0.01174	0.78740	0.05280	0.00861	0.01073	0.01008	0.00811	0.01047	0.04294	0.01137	0.00671	0.00413	0.00399	0.00131	0.00512	0.00368	0.00188	0.00444
2	0.00847	0.00817	0.00953	0.00849	0.00911	0.10450	0.00677	0.04453	0.00774	0.01062	0.08392	0.01320	0.00994	0.06530	0.20977	0.00282	0.38674	0.00404	0.00224	0.00411
3	0.00968	0.00929	0.01586	0.07047	0.79080	0.00939	0.01210	0.01205	0.00897	0.01280	0.00744	0.00986	0.00622	0.00356	0.00393	0.00119	0.00474	0.00353	0.00195	0.00618
4	0.05942	0.00940	0.00920	0.00731	0.01021	0.12643	0.00580	0.14241	0.08741	0.14216	0.00958	0.01017	0.00728	0.03141	0.00398	0.00105	0.00388	0.00312	0.00312	0.32665
5	0.03949	0.00720	0.00875	0.00720	0.00964	0.00722	0.02149	0.14121	0.15734	0.34870	0.05772	0.08482	0.04373	0.00587	0.00406	0.00127	0.00326	0.00489	0.04027	0.00586
6	0.00843	0.00801	0.01360	0.51457	0.35647	0.00906	0.01148	0.01096	0.00838	0.01128	0.00721	0.01026	0.00569	0.00379	0.00395	0.00126	0.00505	0.00353	0.00184	0.00517
7	0.01009	0.01016	0.02075	0.01504	0.01873	0.02610	0.67763	0.01330	0.02933	0.08956	0.00943	0.04403	0.00729	0.00391	0.00459	0.00133	0.00613	0.00482	0.00239	0.00540
8	0.00493	0.00364	0.00463	0.00526	0.00576	0.00333	0.00364	0.00584	0.00828	0.01093	0.12002	0.61097	0.15751	0.01150	0.00496	0.00153	0.00223	0.02796	0.00376	0.00331
9	0.00504	0.00392	0.00458	0.00493	0.00577	0.00354	0.00355	0.00621	0.02472	0.01103	0.09924	0.34988	0.37940	0.03214	0.00525	0.00152	0.00226	0.04993	0.00371	0.00338
10	0.07724	0.01015	0.00981	0.00806	0.01070	0.13003	0.00646	0.29497	0.13974	0.19041	0.04414	0.01239	0.03808	0.00503	0.00387	0.00121	0.00410	0.00386	0.00379	0.00595
11	0.01008	0.69788	0.18139	0.00767	0.01155	0.01442	0.00833	0.01201	0.00812	0.00996	0.00583	0.00675	0.00508	0.00347	0.00278	0.00093	0.00456	0.00228	0.00169	0.00524
12	0.00795	0.02051	0.84011	0.01130	0.01716	0.00921	0.01465	0.01256	0.00837	0.01256	0.00712	0.00837	0.00502	0.00377	0.00377	0.00126	0.00586	0.00293	0.00167	0.00586
13	0.00882	0.00737	0.01156	0.00924	0.01121	0.04255	0.24499	0.08858	0.03144	0.04840	0.04552	0.09385	0.08425	0.04272	0.00756	0.19424	0.00436	0.01641	0.00276	0.00416
14	0.00941	0.00901	0.01537	0.16706	0.69634	0.00932	0.01197	0.01182	0.00884	0.01247	0.00739	0.00994	0.00611	0.00361	0.00393	0.00120	0.00481	0.00353	0.00193	0.00596
15	0.00703	0.00632	0.01031	0.57490	0.02080	0.00783	0.00915	0.00926	0.00759	0.01009	0.03855	0.01242	0.00761	0.01056	0.21028	0.00257	0.04478	0.00383	0.00195	0.00417
16	0.00483	0.00372	0.00443	0.00489	0.00561	0.00331	0.00342	0.00574	0.00843	0.01079	0.09039	0.47600	0.34189	0.01117	0.00489	0.00148	0.00215	0.00983	0.00373	0.00331
17	0.01253	0.01247	0.01412	0.03418	0.05865	0.28748	0.21974	0.05642	0.13754	0.11272	0.00959	0.01038	0.00715	0.00419	0.00403	0.00120	0.00563	0.00371	0.00277	0.00551
18	0.01279	0.04343	0.04248	0.02468	0.04041	0.16078	0.06848	0.17732	0.12795	0.16879	0.01129	0.06902	0.00887	0.00507	0.00414	0.00123	0.02009	0.00412	0.00331	0.00574
19	0.02963	0.01820	0.07138	0.04440	0.30818	0.04542	0.00826	0.01086	0.04300	0.05179	0.09114	0.13286	0.10555	0.00618	0.00428	0.00128	0.01431	0.00542	0.00283	0.00505

[dist]
# distance from previous block
# <min> <max>
2	28

[block]
# block no. 3 follows, 68 sequences, length 48
# corresponding to MSA columns:
# 144-156,159-180,182-194
name=unknown_D
#
# <colnr> <probs for GDERKNQSTAVLIFYWHMCP>
#	G	D	E	R	K	N	Q	S	T	A	V	L	I	F	Y	W	H	M	C	P
0	0.06463	0.08317	0.03912	0.01080	0.18998	0.09911	0.02370	0.01165	0.03913	0.06025	0.04865	0.09278	0.02543	0.04243	0.00440	0.00122	0.00403	0.00418	0.00261	0.15273
1	0.02603	0.00728	0.04561	0.09961	0.14437	0.03587	0.00682	0.02224	0.04015	0.04780	0.14432	0.01884	0.09744	0.10904	0.03504	0.00171	0.02403	0.02269	0.00285	0.06827
2	0.01102	0.34856	0.03380	0.00793	0.01070	0.22553	0.00687	0.01375	0.12306	0.01113	0.02906	0.00871	0.00701	0.00406	0.00356	0.00098	0.03778	0.00279	0.00226	0.11144
3	0.00924	0.03076	0.08638	0.14139	0.17608	0.05002	0.02525	0.03591	0.18320	0.04165	0.01163	0.07535	0.03001	0.03313	0.00452	0.00134	0.00430	0.01258	0.00272	0.04455
4	0.00710	0.00550	0.00634	0.00560	0.00733	0.03189	0.00422	0.00881	0.02855	0.05221	0.29022	0.18284	0.09163	0.00730	0.00418	0.00113	0.00254	0.00634	0.00355	0.25272
5	0.01088	0.00991	0.00947	0.00839	0.01067	0.10872	0.00654	0.10353	0.62709	0.01646	0.01413	0.01336	0.01066	0.00577	0.02511	0.00142	0.00393	0.00415	0.00374	0.00606
6	0.00585	0.00439	0.00647	0.00640	0.00700	0.00515	0.00492	0.00702	0.00630	0.00907	0.01052	0.03242	0.01011	0.06954	0.71230	0.04171	0.05085	0.00439	0.00213	0.00344
7	0.00702	0.00580	0.00706	0.00630	0.00707	0.04526	0.07475	0.02352	0.07711	0.00967	0.02245	0.06251	0.04421	0.55261	0.01470	0.00295	0.02539	0.00569	0.00263	0.00331
8	0.01426	0.01381	0.01110	0.00935	0.01189	0.35690	0.00734	0.36427	0.10707	0.03668	0.00922	0.02372	0.00708	0.00468	0.00383	0.00115	0.00532	0.00339	0.00319	0.00574
9	0.00522	0.00395	0.00477	0.00474	0.00567	0.00355	0.00346	0.00660	0.00986	0.01322	0.44768	0.14878	0.28093	0.03730	0.00524	0.00141	0.00204	0.00807	0.00399	0.00350
10	0.02288	0.09701	0.25223	0.01066	0.01446	0.10644	0.16365	0.08662	0.07093	0.08268	0.02003	0.01099	0.00734	0.00429	0.00391	0.00122	0.00530	0.03121	0.00255	0.00560
11	0.01759	0.00707	0.00940	0.00721	0.01028	0.00631	0.00596	0.07962	0.01190	0.77760	0.01518	0.01320	0.00958	0.00490	0.00399	0.00122	0.00345	0.00396	0.00484	0.00675
12	0.00808	0.00689	0.00812	0.00590	0.00927	0.00527	0.00471	0.00982	0.00812	0.01271	0.00725	0.00863	0.00610	0.00443	0.04998	0.00091	0.00337	0.00246	0.00234	0.83565
13	0.00822	0.00705	0.00822	0.00587	0.00940	0.00529	0.00470	0.00998	0.00822	0.01292	0.00705	0.00822	0.00587	0.00294	0.00294	0.00059	0.00294	0.00235	0.00235	0.88490
14	0.01502	0.01097	0.01179	0.00906	0.01222	0.01213	0.00748	0.79193	0.03466	0.03979	0.00976	0.00970	0.00691	0.00477	0.00397	0.00119	0.00432	0.00360	0.00399	0.00673
15	0.00551	0.00427	0.00577	0.00599	0.00675	0.00404	0.03967	0.02255	0.03840	0.01141	0.09580	0.56459	0.13172	0.01087	0.00492	0.00152	0.00253	0.03645	0.00369	0.00357
16	0.00789	0.00722	0.01182	0.19842	0.40296	0.00762	0.00940	0.00995	0.00843	0.01160	0.04101	0.07419	0.07165	0.00824	0.11066	0.00191	0.00511	0.00467	0.00228	0.00499
17	0.00822	0.00705	0.00822	0.00587	0.00940	0.00529	0.00470	0.00998	0.00822	0.01292	0.00705	0.00822	0.00587	0.00294	0.00294	0.00059	0.00294	0.00235	0.00235	0.88490
18	0.02968	0.00766	0.01035	0.11880	0.05223	0.01925	0.07427	0.10336	0.13216	0.17204	0.06738	0.03308	0.09079	0.00542	0.00421	0.00125	0.01636	0.00464	0.01756	0.03953
19	0.00964	0.00920	0.01566	0.04302	0.78857	0.00924	0.01194	0.01198	0.00901	0.01285	0.00791	0.01103	0.00683	0.00380	0.00398	0.00120	0.00469	0.03128	0.00202	0.00615
20	0.00963	0.00893	0.01276	0.07152	0.38985	0.05922	0.00951	0.01226	0.09732	0.03258	0.02534	0.01073	0.00737	0.00537	0.00651	0.07322	0.15670	0.00365	0.00224	0.00529
21	0.00574	0.00420	0.00630	0.00630	0.00697	0.00487	0.00487	0.00697	0.00630	0.00907	0.01040	0.01537	0.00973	0.02879	0.79586	0.05835	0.01020	0.00420	0.00210	0.00343
22	0.00739	0.00370	0.00370	0.00370	0.00462	0.00370	0.00277	0.00924	0.00831	0.01478	0.01293	0.01478	0.01016	0.00462	0.00277	0.00092	0.00185	0.00370	0.88267	0.00370
23	0.01060	0.86304	0.02078	0.00678	0.01018	0.01569	0.00678	0.01187	0.00806	0.00933	0.00551	0.00636	0.00509	0.00339	0.00254	0.00085	0.00424	0.00212	0.00170	0.00509
24	0.00478	0.00402	0.00415	0.00412	0.00542	0.00339	0.00309	0.00588	0.00927	0.01126	0.12435	0.03725	0.74978	0.00984	0.00469	0.00133	0.00199	0.00824	0.00375	0.00339
25	0.00986	0.00852	0.00897	0.00807	0.01031	0.00986	0.00628	0.02107	0.82876	0.01659	0.01614	0.01479	0.01210	0.00538	0.00403	0.00134	0.00314	0.00448	0.00403	0.00628
26	0.88866	0.00767	0.00583	0.00521	0.00767	0.00889	0.00429	0.01166	0.00675	0.01779	0.00552	0.00644	0.00429	0.00368	0.00245	0.00123	0.00307	0.00215	0.00245	0.00429
27	0.00483	0.00345	0.00460	0.00552	0.00575	0.00322	0.00368	0.00552	0.00759	0.01012	0.02185	0.85807	0.02622	0.01242	0.00506	0.00161	0.00230	0.01127	0.00368	0.00322
28	0.00889	0.01076	0.18514	0.04831	0.34011	0.00801	0.01005	0.02179	0.00879	0.02557	0.02486	0.01004	0.02084	0.00372	0.00377	0.00105	0.01520	0.00325	0.00215	0.24769
29	0.42087	0.00793	0.00787	0.00659	0.00924	0.00863	0.00537	0.09912	0.15272	0.22947	0.01039	0.01003	0.00733	0.00440	0.00328	0.00124	0.00329	0.00318	0.00352	0.00552
30	0.02058	0.01160	0.01223	0.07103	0.23573	0.26142	0.02951	0.08539	0.02732	0.01264	0.03470	0.03604	0.00767	0.01586	0.01404	0.00127	0.06534	0.00360	0.00235	0.05169
31	0.00566	0.00425	0.00637	0.00637	0.00708	0.00496	0.00496	0.00708	0.00637	0.00920	0.01062	0.01558	0.00991	0.02974	0.84494	0.00637	0.01062	0.00425	0.00212	0.00354
32	0.00913	0.00872	0.01486	0.26691	0.59868	0.00924	0.01183	0.01157	0.00871	0.01213	0.00734	0.01004	0.00599	0.00366	0.00394	0.00122	0.00488	0.00353	0.00190	0.00573
33	0.01502	0.01030	0.01076	0.00848	0.01137	0.07571	0.00694	0.53388	0.01582	0.19035	0.01098	0.01133	0.00783	0.00489	0.00392	0.00119	0.00424	0.02481	0.04585	0.00635
34	0.00844	0.00696	0.00816	0.00592	0.00928	0.00536	0.00473	0.02670	0.00867	0.03285	0.05282	0.00955	0.00772	0.00330	0.00308	0.00065	0.00292	0.00268	0.00255	0.79765
35	0.15521	0.00921	0.00967	0.03574	0.01079	0.05658	0.00665	0.24392	0.16767	0.07289	0.04466	0.03626	0.00910	0.00531	0.00498	0.00131	0.11737	0.00385	0.00333	0.00550
36	0.01440	0.01642	0.01116	0.00980	0.01208	0.60516	0.00751	0.17372	0.08826	0.01332	0.00772	0.00832	0.00607	0.00434	0.00369	0.00108	0.00624	0.00293	0.00260	0.00517
37	0.35846	0.01160	0.01209	0.00969	0.01248	0.23586	0.20924	0.05194	0.00935	0.04517	0.00688	0.00810	0.00527	0.00380	0.00344	0.00120	0.00515	0.00302	0.00239	0.00485
38	0.00489	0.00363	0.00458	0.00527	0.00578	0.00332	0.00366	0.00573	0.00807	0.01051	0.05286	0.62982	0.19098	0.01173	0.00499	0.00155	0.00228	0.04337	0.00370	0.00328
39	0.00750	0.00704	0.01187	0.81596	0.04439	0.00874	0.01091	0.01011	0.00792	0.01017	0.00713	0.01066	0.00540	0.00448	0.02116	0.00142	0.00538	0.00354	0.00177	0.00443
40	0.00572	0.00403	0.00528	0.00528	0.00561	0.00436	0.00360	0.00638	0.00605	0.00840	0.01162	0.02110	0.01231	0.47259	0.40537	0.00502	0.00701	0.00506	0.00227	0.00293
41	0.00717	0.00625	0.00882	0.00801	0.00840	0.00816	0.00648	0.00835	0.00642	0.00980	0.01938	0.01267	0.00819	0.02902	0.38153	0.00376	0.39954	0.00391	0.06023	0.00391
42	0.01416	0.15002	0.01272	0.00968	0.01193	0.71596	0.00752	0.01522	0.01074	0.00965	0.00603	0.00703	0.00510	0.00398	0.00341	0.00099	0.00670	0.00249	0.00199	0.00467
43	0.04771	0.00797	0.01016	0.00983	0.12354	0.00822	0.02713	0.29743	0.01309	0.13409	0.19110	0.04963	0.01519	0.00584	0.00419	0.00126	0.00362	0.04063	0.00377	0.00561
44	0.00795	0.02051	0.84011	0.01130	0.01716	0.00921	0.01465	0.01256	0.00837	0.01256	0.00712	0.00837	0.00502	0.00377	0.00377	0.00126	0.00586	0.00293	0.00167	0.00586
45	0.00527	0.00401	0.00457	0.00443	0.00556	0.00355	0.00332	0.00672	0.00997	0.01330	0.39483	0.03284	0.42423	0.00883	0.00456	0.00127	0.00194	0.00753	0.05970	0.00355
46	0.00597	0.00430	0.00636	0.00631	0.00705	0.00494	0.00488	0.00734	0.00647	0.02990	0.01082	0.01592	0.01008	0.06084	0.79241	0.00615	0.01018	0.00430	0.00220	0.00358
47	0.01117	0.06210	0.11524	0.02612	0.01665	0.03816	0.37297	0.23257	0.03886	0.03416	0.00853	0.00993	0.00629	0.00392	0.00417	0.00125	0.00562	0.00391	0.00261	0.00579

[dist]
# distance from previous block
# <min> <max>
0	1

[block]
# block no. 4 follows, 68 sequences, length 24
# corresponding to MSA columns:
# 196-219
name=unknown_E
#
# <colnr> <probs for GDERKNQSTAVLIFYWHMCP>
#	G	D	E	R	K	N	Q	S	T	A	V	L	I	F	Y	W	H	M	C	P
0	0.00530	0.00402	0.00488	0.00471	0.00574	0.00360	0.00351	0.00686	0.01042	0.01410	0.56071	0.06168	0.28228	0.00885	0.00469	0.00129	0.00193	0.00768	0.00413	0.00360
1	0.00502	0.00403	0.00448	0.00437	0.00556	0.00349	0.00328	0.00634	0.00983	0.01260	0.32882	0.03505	0.54448	0.00934	0.00468	0.00131	0.00196	0.00793	0.00393	0.00349
2	0.00940	0.00905	0.01557	0.16572	0.67549	0.00933	0.03378	0.01183	0.00885	0.01246	0.00740	0.00997	0.00610	0.00360	0.00395	0.00121	0.00486	0.00356	0.00193	0.00593
3	0.01121	0.04741	0.01093	0.00855	0.01116	0.34237	0.03717	0.02824	0.03176	0.01153	0.00680	0.00805	0.00567	0.00386	0.00412	0.00093	0.07467	0.00268	0.00221	0.35068
4	0.00599	0.00437	0.00587	0.00666	0.00756	0.00425	0.00564	0.00758	0.00896	0.01152	0.02378	0.12711	0.13738	0.01098	0.00532	0.00173	0.00328	0.61478	0.00366	0.00356
5	0.01331	0.00731	0.00956	0.00737	0.01035	0.00664	0.03901	0.04896	0.09438	0.41706	0.01269	0.03618	0.00905	0.00463	0.00403	0.00110	0.02828	0.00380	0.00384	0.24243
6	0.01002	0.00768	0.00942	0.00690	0.01032	0.00647	0.04156	0.10067	0.03731	0.09530	0.00851	0.00921	0.00657	0.00343	0.00327	0.00078	0.00331	0.00282	0.00282	0.63363
7	0.86103	0.00778	0.00602	0.00534	0.00781	0.00900	0.00440	0.03731	0.00712	0.01802	0.00565	0.00654	0.00437	0.00371	0.00250	0.00123	0.00311	0.00219	0.00250	0.00437
8	0.00664	0.00470	0.00564	0.00528	0.00640	0.02821	0.00398	0.00844	0.02232	0.06892	0.61070	0.06163	0.10398	0.02434	0.00492	0.00132	0.00224	0.02222	0.00419	0.00392
9	0.01043	0.80763	0.07466	0.00708	0.01064	0.01526	0.00730	0.01192	0.00808	0.00954	0.00562	0.00649	0.00508	0.00342	0.00262	0.00087	0.00435	0.00217	0.00169	0.00514
10	0.00936	0.01070	0.02340	0.01671	0.02072	0.01003	0.82152	0.01270	0.00936	0.01270	0.00802	0.01070	0.00602	0.00334	0.00468	0.00134	0.00668	0.00468	0.00201	0.00535
11	0.00968	0.04408	0.39781	0.01282	0.01753	0.02807	0.32645	0.01331	0.00909	0.09097	0.00820	0.00966	0.00587	0.00370	0.00410	0.00127	0.00592	0.00367	0.00212	0.00569
12	0.00566	0.00425	0.00637	0.00637	0.00708	0.00496	0.00496	0.00708	0.00637	0.00920	0.01062	0.01558	0.00991	0.02974	0.84494	0.00637	0.01062	0.00425	0.00212	0.00354
13	0.00483	0.00345	0.00460	0.00552	0.00575	0.00322	0.00368	0.00552	0.00759	0.01012	0.02185	0.85807	0.02622	0.01242	0.00506	0.00161	0.00230	0.01127	0.00368	0.00322
14	0.06853	0.01275	0.26547	0.04304	0.32520	0.00952	0.05801	0.10799	0.00989	0.05101	0.00785	0.00935	0.00593	0.00382	0.00383	0.00122	0.00498	0.00335	0.00227	0.00598
15	0.00483	0.00345	0.00460	0.00552	0.00575	0.00322	0.00368	0.00552	0.00759	0.01012	0.02185	0.85807	0.02622	0.01242	0.00506	0.00161	0.00230	0.01127	0.00368	0.00322
16	0.00749	0.00705	0.01189	0.85113	0.02731	0.00881	0.01101	0.01013	0.00793	0.01013	0.00705	0.01057	0.00529	0.00396	0.00396	0.00132	0.00529	0.00352	0.00176	0.00440
17	0.65739	0.00939	0.00737	0.00680	0.03254	0.12516	0.00527	0.03998	0.00799	0.04572	0.00615	0.00705	0.00477	0.00390	0.00304	0.00121	0.02682	0.00239	0.00250	0.00456
18	0.01573	0.25217	0.01252	0.00698	0.01014	0.00865	0.00610	0.01719	0.01040	0.60097	0.01274	0.01145	0.00846	0.00447	0.00357	0.00112	0.00362	0.00345	0.00399	0.00627
19	0.01386	0.09822	0.01222	0.00991	0.01189	0.69086	0.00767	0.01489	0.01047	0.00965	0.00599	0.00721	0.00511	0.00428	0.00433	0.00107	0.08318	0.00260	0.00198	0.00462
20	0.00577	0.00420	0.00514	0.00490	0.00571	0.00401	0.00349	0.00756	0.04621	0.01364	0.54744	0.02875	0.09070	0.20582	0.00824	0.00186	0.00239	0.00681	0.00384	0.00351
21	0.00536	0.00404	0.00495	0.00472	0.00577	0.00363	0.00354	0.00699	0.01062	0.01448	0.61617	0.03196	0.25596	0.00864	0.00468	0.00127	0.00191	0.00750	0.00418	0.00363
22	0.00483	0.00345	0.00460	0.00552	0.00575	0.00322	0.00368	0.00552	0.00759	0.01012	0.02185	0.85807	0.02622	0.01242	0.00506	0.00161	0.00230	0.01127	0.00368	0.00322
23	0.00943	0.00903	0.01540	0.16036	0.70289	0.00932	0.01198	0.01183	0.00885	0.01249	0.00739	0.00994	0.00612	0.00360	0.00393	0.00120	0.00480	0.00353	0.00193	0.00597

[dist]
# distance from previous block
# <min> <max>
0	0

# created by:
# /st0/software/busco_prod/Augustus/scripts/msa2prfl.pl ./align_prep/36573.fa
