[name]
unknown

[dist]
# distance from previous block
# <min> <max>
0	40

[block]
# block no. 0 follows, 72 sequences, length 9
# corresponding to MSA columns:
# 40-48
name=unknown_A
#
# <colnr> <probs for GDERKNQSTAVLIFYWHMCP>
#	G	D	E	R	K	N	Q	S	T	A	V	L	I	F	Y	W	H	M	C	P
0	0.00855	0.00685	0.00871	0.17870	0.01241	0.04102	0.04222	0.06142	0.14000	0.07950	0.06230	0.07922	0.09130	0.00593	0.00401	0.00123	0.00358	0.06942	0.01906	0.08460
1	0.05684	0.00685	0.00976	0.02772	0.01031	0.00705	0.14923	0.08043	0.10551	0.05619	0.07399	0.08298	0.11096	0.03390	0.00509	0.00134	0.05914	0.03930	0.02998	0.05342
2	0.02972	0.00673	0.00757	0.00648	0.00837	0.02502	0.00507	0.19654	0.09953	0.19835	0.06041	0.09379	0.06356	0.08509	0.02189	0.00154	0.00334	0.02865	0.05340	0.00495
3	0.00740	0.00582	0.00642	0.02512	0.02066	0.05941	0.00448	0.05336	0.05051	0.05020	0.33565	0.08886	0.11230	0.00735	0.02573	0.00127	0.00283	0.00576	0.05399	0.08288
4	0.00781	0.00709	0.01138	0.78205	0.02484	0.00872	0.01024	0.08274	0.00850	0.01095	0.00695	0.01002	0.00518	0.00386	0.00379	0.00125	0.00498	0.00337	0.00187	0.00441
5	0.00623	0.00401	0.00515	0.00515	0.00556	0.00417	0.00353	0.00683	0.00646	0.06009	0.01325	0.19471	0.01423	0.35989	0.18770	0.02566	0.03666	0.00595	0.05171	0.00306
6	0.01351	0.01596	0.01249	0.01054	0.01288	0.64510	0.13601	0.04284	0.01072	0.05538	0.00675	0.00778	0.00532	0.00386	0.00362	0.00104	0.00648	0.00287	0.00216	0.00469
7	0.01434	0.01023	0.01108	0.00855	0.01153	0.01125	0.00704	0.73808	0.05753	0.07673	0.00980	0.00960	0.00689	0.00459	0.00380	0.00115	0.00405	0.00348	0.00386	0.00643
8	0.00963	0.00789	0.00818	0.00724	0.00931	0.03987	0.00565	0.08242	0.55544	0.05879	0.08444	0.01656	0.08666	0.00564	0.00394	0.00125	0.00305	0.00467	0.00382	0.00555

[dist]
# distance from previous block
# <min> <max>
2	23

[block]
# block no. 1 follows, 72 sequences, length 45
# corresponding to MSA columns:
# 72-116
name=unknown_B
#
# <colnr> <probs for GDERKNQSTAVLIFYWHMCP>
#	G	D	E	R	K	N	Q	S	T	A	V	L	I	F	Y	W	H	M	C	P
0	0.01120	0.65365	0.01770	0.00711	0.01024	0.06019	0.00668	0.17257	0.00986	0.01189	0.00606	0.00672	0.00518	0.00354	0.00275	0.00088	0.00423	0.00232	0.00207	0.00515
1	0.00846	0.00833	0.10930	0.00635	0.00996	0.00563	0.00574	0.02203	0.00820	0.06125	0.00726	0.00819	0.00575	0.00304	0.00298	0.00068	0.00319	0.00242	0.00233	0.71887
2	0.00924	0.00886	0.01513	0.07831	0.78917	0.00897	0.01157	0.01151	0.00857	0.01221	0.00711	0.00943	0.00594	0.00341	0.00376	0.00114	0.00454	0.00338	0.00186	0.00589
3	0.00455	0.00381	0.00395	0.00398	0.00518	0.00322	0.00296	0.00555	0.00871	0.01054	0.09041	0.08130	0.74364	0.00961	0.00450	0.00129	0.00193	0.00808	0.00356	0.00322
4	0.02499	0.01007	0.07948	0.00901	0.02232	0.00981	0.06479	0.38146	0.19260	0.14892	0.01103	0.01075	0.00780	0.00450	0.00382	0.00119	0.00403	0.00367	0.00359	0.00615
5	0.07064	0.00946	0.01224	0.01144	0.14836	0.08381	0.12821	0.15200	0.12743	0.20235	0.01024	0.01049	0.00737	0.00415	0.00377	0.00117	0.00433	0.00360	0.00316	0.00578
6	0.00449	0.00382	0.00386	0.00389	0.00514	0.00320	0.00290	0.00544	0.00859	0.01022	0.03778	0.06675	0.81168	0.00969	0.00450	0.00129	0.00193	0.00811	0.00352	0.00320
7	0.00537	0.00388	0.00507	0.00477	0.00567	0.00358	0.00358	0.00716	0.01074	0.01521	0.84106	0.02833	0.03578	0.00775	0.00447	0.00119	0.00179	0.00686	0.00417	0.00358
8	0.01015	0.58821	0.09673	0.00863	0.02787	0.06507	0.10489	0.04073	0.00845	0.01021	0.00591	0.00697	0.00505	0.00336	0.00292	0.00093	0.00466	0.00249	0.00176	0.00501
9	0.01046	0.24957	0.11822	0.01095	0.01463	0.01153	0.30101	0.21301	0.01067	0.01413	0.00725	0.00854	0.00556	0.00359	0.00364	0.00111	0.00510	0.00333	0.00226	0.00543
10	0.00454	0.00384	0.00392	0.00390	0.00516	0.00323	0.00293	0.00556	0.00878	0.01057	0.09137	0.03596	0.78837	0.00948	0.00448	0.00127	0.00191	0.00793	0.00356	0.00323
11	0.01404	0.01110	0.06643	0.00881	0.01201	0.01139	0.00761	0.75289	0.01698	0.04694	0.00912	0.00914	0.00643	0.00449	0.00378	0.00114	0.00424	0.00339	0.00368	0.00639
12	0.00948	0.00886	0.01481	0.02656	0.39812	0.00902	0.19310	0.01401	0.21334	0.04367	0.02412	0.01122	0.00796	0.00390	0.00396	0.00120	0.00447	0.00393	0.00252	0.00576
13	0.00462	0.00330	0.00440	0.00528	0.00550	0.00308	0.00352	0.00528	0.00726	0.00968	0.02090	0.86424	0.02508	0.01188	0.00484	0.00154	0.00220	0.01078	0.00352	0.00308
14	0.00998	0.00915	0.00884	0.00793	0.01008	0.09019	0.00615	0.03535	0.74125	0.01539	0.01440	0.01335	0.01084	0.00502	0.00382	0.00125	0.00339	0.00409	0.00368	0.00586
15	0.00461	0.00335	0.00435	0.00515	0.00547	0.00309	0.00346	0.00530	0.00739	0.00973	0.02252	0.78791	0.10037	0.01167	0.00481	0.00152	0.00217	0.01053	0.00352	0.00309
16	0.00466	0.00335	0.00440	0.00518	0.00547	0.00312	0.00348	0.00537	0.00744	0.00991	0.05755	0.77927	0.05847	0.02650	0.00506	0.00155	0.00220	0.01040	0.00353	0.00309
17	0.00761	0.01962	0.84707	0.01081	0.01641	0.00881	0.01401	0.01201	0.00801	0.01201	0.00681	0.00801	0.00480	0.00360	0.00360	0.00120	0.00560	0.00280	0.00160	0.00560
18	0.00943	0.00815	0.00858	0.00772	0.00986	0.00943	0.00600	0.02015	0.83621	0.01586	0.01544	0.01415	0.01158	0.00515	0.00386	0.00129	0.00300	0.00429	0.00386	0.00600
19	0.01467	0.01021	0.01113	0.00853	0.01156	0.01115	0.00705	0.75045	0.01714	0.10483	0.00968	0.00948	0.00674	0.00457	0.00380	0.00114	0.00408	0.00345	0.00388	0.00645
20	0.01307	0.05926	0.03261	0.00948	0.01256	0.05576	0.16092	0.31691	0.06007	0.20554	0.01958	0.01043	0.00743	0.00453	0.01320	0.00121	0.00452	0.00365	0.00336	0.00589
21	0.00462	0.00330	0.00440	0.00528	0.00550	0.00308	0.00352	0.00528	0.00726	0.00968	0.02090	0.86424	0.02508	0.01188	0.00484	0.00154	0.00220	0.01078	0.00352	0.00308
22	0.00472	0.00385	0.00417	0.00409	0.00527	0.00330	0.00307	0.00591	0.00921	0.01159	0.25585	0.03429	0.62325	0.00910	0.00448	0.00126	0.00189	0.00769	0.00370	0.00330
23	0.04131	0.01014	0.01056	0.00967	0.08182	0.12723	0.03244	0.23362	0.30128	0.09542	0.01109	0.01088	0.00817	0.00451	0.00374	0.00118	0.00410	0.00361	0.00338	0.00585
24	0.00780	0.01763	0.72487	0.01032	0.01522	0.00855	0.01283	0.01169	0.00794	0.03959	0.00775	0.05509	0.00608	0.00427	0.00419	0.00125	0.05442	0.00330	0.00181	0.00541
25	0.00462	0.00330	0.00440	0.00528	0.00550	0.00308	0.00352	0.00528	0.00726	0.00968	0.02090	0.86424	0.02508	0.01188	0.00484	0.00154	0.00220	0.01078	0.00352	0.00308
26	0.00939	0.00901	0.01539	0.02328	0.84306	0.00901	0.01164	0.01164	0.00864	0.01239	0.00713	0.00939	0.00601	0.00338	0.00375	0.00113	0.00451	0.00338	0.00188	0.00601
27	0.01000	0.03919	0.17194	0.00851	0.01153	0.00983	0.01717	0.18015	0.45681	0.01644	0.03044	0.01195	0.00949	0.00470	0.00377	0.00122	0.00379	0.00381	0.00332	0.00591
28	0.00841	0.00818	0.01487	0.37139	0.19339	0.00877	0.23276	0.01150	0.05612	0.02845	0.02418	0.01064	0.00651	0.00372	0.00399	0.00124	0.00508	0.00380	0.00202	0.00497
29	0.00462	0.00330	0.00440	0.00528	0.00550	0.00308	0.00352	0.00528	0.00726	0.00968	0.02090	0.86424	0.02508	0.01188	0.00484	0.00154	0.00220	0.01078	0.00352	0.00308
30	0.01381	0.07710	0.01146	0.00977	0.02539	0.77933	0.00734	0.01482	0.01050	0.00931	0.00584	0.00683	0.00490	0.00385	0.00336	0.00097	0.00661	0.00243	0.00193	0.00446
31	0.00448	0.00384	0.00384	0.00384	0.00512	0.00320	0.00288	0.00544	0.00864	0.01025	0.03842	0.03650	0.84152	0.00960	0.00448	0.00128	0.00192	0.00800	0.00352	0.00320
32	0.00931	0.00733	0.00845	0.00615	0.00945	0.00612	0.00497	0.13744	0.00955	0.05316	0.00749	0.00829	0.00592	0.00317	0.00301	0.00068	0.00304	0.00250	0.00260	0.71136
33	0.00987	0.77890	0.10762	0.00695	0.01044	0.01435	0.00729	0.01143	0.00774	0.00925	0.00544	0.00629	0.00486	0.00328	0.00256	0.00085	0.00422	0.00211	0.00162	0.00495
34	0.00503	0.00417	0.00442	0.00443	0.00567	0.00375	0.00339	0.00671	0.06322	0.01083	0.06990	0.03480	0.64669	0.04064	0.00505	0.00141	0.00219	0.08077	0.00353	0.00340
35	0.01595	0.00837	0.00959	0.00749	0.01036	0.06515	0.00613	0.22715	0.03517	0.55442	0.01285	0.01155	0.00838	0.00462	0.00378	0.00115	0.00371	0.00363	0.00425	0.00630
36	0.00551	0.00387	0.00488	0.00524	0.00569	0.00375	0.00376	0.00630	0.00721	0.00961	0.06427	0.21730	0.03717	0.35194	0.01064	0.00240	0.00313	0.22986	0.00303	0.02445
37	0.05861	0.00688	0.00809	0.00603	0.00917	0.00573	0.00489	0.05932	0.00901	0.18500	0.00882	0.00973	0.00675	0.00352	0.00311	0.00078	0.00300	0.02242	0.00288	0.58625
38	0.01278	0.00599	0.00781	0.00629	0.00864	0.00539	0.00511	0.07035	0.01102	0.48791	0.22280	0.01774	0.02668	0.00564	0.00399	0.00117	0.00290	0.03715	0.00430	0.05634
39	0.21531	0.00653	0.00771	0.00620	0.00890	0.00607	0.00513	0.01467	0.00925	0.46955	0.01199	0.01306	0.00865	0.00462	0.00345	0.00113	0.00312	0.06902	0.00371	0.13193
40	0.59614	0.00728	0.00733	0.00617	0.00862	0.00787	0.06149	0.04454	0.00765	0.04635	0.02502	0.01033	0.00672	0.00416	0.00292	0.00117	0.00324	0.06693	0.00258	0.08349
41	0.14699	0.00623	0.00759	0.00635	0.00866	0.00596	0.00521	0.04438	0.02867	0.45272	0.06685	0.01719	0.01201	0.04004	0.00443	0.00134	0.00316	0.11418	0.00394	0.02411
42	0.07613	0.00662	0.00930	0.00739	0.01000	0.00614	0.07715	0.03781	0.02970	0.53529	0.07192	0.01604	0.01170	0.00525	0.00395	0.00124	0.00343	0.08117	0.00409	0.00568
43	0.03966	0.00677	0.00813	0.00628	0.00901	0.00607	0.00501	0.08858	0.05577	0.32942	0.02366	0.01203	0.00860	0.08188	0.00484	0.00120	0.00317	0.00342	0.00344	0.30305
44	0.11807	0.00701	0.00807	0.00643	0.00906	0.05208	0.00521	0.02765	0.01002	0.51911	0.07495	0.03561	0.01051	0.00475	0.00359	0.00111	0.00323	0.00379	0.00393	0.09583

[dist]
# distance from previous block
# <min> <max>
7	24

[block]
# block no. 2 follows, 72 sequences, length 79
# corresponding to MSA columns:
# 141-219
name=unknown_C
#
# <colnr> <probs for GDERKNQSTAVLIFYWHMCP>
#	G	D	E	R	K	N	Q	S	T	A	V	L	I	F	Y	W	H	M	C	P
0	0.02848	0.03666	0.40846	0.01061	0.10992	0.01734	0.01866	0.03995	0.00912	0.18728	0.04649	0.01007	0.00741	0.00397	0.00362	0.00114	0.00454	0.00323	0.00253	0.05052
1	0.01007	0.01092	0.28884	0.00898	0.04817	0.01996	0.05189	0.01315	0.04970	0.23919	0.17504	0.01382	0.01266	0.00474	0.00387	0.00117	0.00399	0.00404	0.00312	0.03668
2	0.00966	0.01202	0.29883	0.01411	0.30084	0.00816	0.03816	0.03406	0.03162	0.12484	0.04971	0.01042	0.00767	0.00390	0.00374	0.00115	0.00452	0.00343	0.00240	0.04077
3	0.02228	0.01620	0.61979	0.01007	0.03197	0.00805	0.02998	0.01220	0.00827	0.08296	0.01661	0.00868	0.00566	0.00363	0.00354	0.00112	0.00499	0.00291	0.00199	0.10909
4	0.00867	0.00932	0.20277	0.01011	0.16887	0.00634	0.00795	0.01109	0.00925	0.12788	0.23805	0.01453	0.01434	0.00472	0.00377	0.00108	0.00356	0.00408	0.00290	0.15074
5	0.00736	0.00783	0.11807	0.00971	0.16702	0.00596	0.03420	0.02652	0.00953	0.02518	0.36111	0.01703	0.01846	0.00519	0.00389	0.00106	0.00322	0.00461	0.00297	0.17108
6	0.00817	0.01750	0.68968	0.01138	0.04772	0.00866	0.07747	0.01231	0.01941	0.04734	0.02122	0.00886	0.00573	0.00370	0.00370	0.00120	0.00543	0.00309	0.00184	0.00559
7	0.00785	0.03476	0.78600	0.01045	0.01581	0.00869	0.01336	0.01204	0.00815	0.03450	0.02976	0.00866	0.00577	0.00374	0.00361	0.00119	0.00541	0.00293	0.00176	0.00556
8	0.00935	0.00912	0.01604	0.02261	0.76743	0.00906	0.08676	0.01169	0.00866	0.01237	0.00718	0.00946	0.00598	0.00336	0.00382	0.00114	0.00468	0.00348	0.00188	0.00593
9	0.00990	0.00834	0.00883	0.00781	0.01003	0.00958	0.00614	0.10740	0.73120	0.01664	0.01485	0.01418	0.01123	0.00519	0.00388	0.00128	0.00314	0.02054	0.00384	0.00600
10	0.00503	0.00419	0.00444	0.00444	0.00567	0.00379	0.00333	0.00690	0.08110	0.01108	0.09381	0.10173	0.62449	0.00928	0.00447	0.00131	0.00206	0.02581	0.00360	0.00347
11	0.00552	0.00368	0.00414	0.00414	0.00414	0.00368	0.00230	0.00552	0.00552	0.00735	0.01195	0.02482	0.01379	0.86672	0.01930	0.00368	0.00368	0.00552	0.00230	0.00230
12	0.03690	0.01092	0.00994	0.00824	0.01079	0.21404	0.00655	0.26733	0.17487	0.20521	0.01079	0.01033	0.00768	0.00452	0.00368	0.00114	0.00434	0.00340	0.00353	0.00580
13	0.00477	0.00380	0.00427	0.00425	0.00532	0.00331	0.00315	0.00595	0.00916	0.01171	0.28219	0.10807	0.52218	0.00924	0.00451	0.00128	0.00191	0.00790	0.00372	0.00331
14	0.00939	0.00901	0.01539	0.02328	0.84306	0.00901	0.01164	0.01164	0.00864	0.01239	0.00713	0.00939	0.00601	0.00338	0.00375	0.00113	0.00451	0.00338	0.00188	0.00601
15	0.00462	0.00331	0.00439	0.00525	0.00549	0.00308	0.00351	0.00528	0.00729	0.00969	0.02123	0.84872	0.04039	0.01184	0.00483	0.00154	0.00220	0.01073	0.00352	0.00308
16	0.00814	0.10660	0.72680	0.01034	0.01560	0.00937	0.02593	0.01212	0.00807	0.03359	0.00688	0.00797	0.00495	0.00359	0.00350	0.00116	0.00540	0.00278	0.00169	0.00554
17	0.03241	0.01042	0.02432	0.00855	0.01161	0.01123	0.00714	0.74635	0.01698	0.07863	0.00938	0.00928	0.00657	0.00453	0.00376	0.00114	0.00411	0.00340	0.00379	0.00639
18	0.00551	0.00369	0.00421	0.00421	0.00424	0.00372	0.00239	0.00556	0.00554	0.00741	0.01188	0.02443	0.01362	0.83354	0.05224	0.00377	0.00393	0.00546	0.00229	0.00234
19	0.01004	0.83478	0.05320	0.00666	0.01000	0.01476	0.00679	0.01138	0.00772	0.00905	0.00533	0.00616	0.00486	0.00326	0.00248	0.00083	0.00412	0.00206	0.00162	0.00490
20	0.01498	0.00674	0.00868	0.00678	0.00964	0.00610	0.00553	0.01787	0.13486	0.63970	0.01423	0.01261	0.00935	0.00458	0.00372	0.00113	0.00315	0.00373	0.00433	0.09228
21	0.00939	0.00901	0.01539	0.02328	0.84306	0.00901	0.01164	0.01164	0.00864	0.01239	0.00713	0.00939	0.00601	0.00338	0.00375	0.00113	0.00451	0.00338	0.00188	0.00601
22	0.04332	0.00994	0.01059	0.00828	0.01118	0.03269	0.00679	0.60581	0.08387	0.13327	0.01021	0.00988	0.00715	0.00457	0.00374	0.00115	0.00398	0.00347	0.00382	0.00628
23	0.00939	0.00901	0.01539	0.02328	0.84306	0.00901	0.01164	0.01164	0.00864	0.01239	0.00713	0.00939	0.00601	0.00338	0.00375	0.00113	0.00451	0.00338	0.00188	0.00601
24	0.01076	0.00665	0.00816	0.00598	0.00921	0.00522	0.00484	0.01238	0.00881	0.27638	0.00935	0.00946	0.00681	0.00341	0.00313	0.00076	0.00294	0.00274	0.00302	0.61000
25	0.00939	0.00901	0.01539	0.02328	0.84306	0.00901	0.01164	0.01164	0.00864	0.01239	0.00713	0.00939	0.00601	0.00338	0.00375	0.00113	0.00451	0.00338	0.00188	0.00601
26	0.00494	0.00389	0.00447	0.00441	0.00551	0.00342	0.00336	0.00627	0.00948	0.01229	0.35744	0.03363	0.46986	0.00892	0.00452	0.00127	0.00196	0.05720	0.00378	0.00337
27	0.00448	0.00384	0.00384	0.00384	0.00512	0.00320	0.00288	0.00544	0.00864	0.01025	0.03842	0.03650	0.84152	0.00960	0.00448	0.00128	0.00192	0.00800	0.00352	0.00320
28	0.00939	0.00901	0.01539	0.02328	0.84306	0.00901	0.01164	0.01164	0.00864	0.01239	0.00713	0.00939	0.00601	0.00338	0.00375	0.00113	0.00451	0.00338	0.00188	0.00601
29	0.00761	0.01962	0.84707	0.01081	0.01641	0.00881	0.01401	0.01201	0.00801	0.01201	0.00681	0.00801	0.00480	0.00360	0.00360	0.00120	0.00560	0.00280	0.00160	0.00560
30	0.00522	0.00387	0.00486	0.00461	0.00557	0.00351	0.00346	0.00686	0.01038	0.01436	0.70316	0.02973	0.17421	0.00807	0.00447	0.00121	0.00181	0.00706	0.00406	0.00351
31	0.00939	0.00901	0.01539	0.02328	0.84306	0.00901	0.01164	0.01164	0.00864	0.01239	0.00713	0.00939	0.00601	0.00338	0.00375	0.00113	0.00451	0.00338	0.00188	0.00601
32	0.26865	0.01161	0.00906	0.00779	0.01016	0.27792	0.00615	0.20551	0.12187	0.03531	0.00795	0.00829	0.00603	0.00413	0.00326	0.00112	0.00448	0.00284	0.00282	0.00506
33	0.00478	0.00344	0.00457	0.00539	0.00573	0.00322	0.00376	0.00559	0.00754	0.01002	0.04459	0.73653	0.04835	0.01156	0.00486	0.00154	0.00231	0.08954	0.00354	0.00314
34	0.00462	0.00330	0.00440	0.00528	0.00550	0.00308	0.00352	0.00528	0.00726	0.00968	0.02090	0.86424	0.02508	0.01188	0.00484	0.00154	0.00220	0.01078	0.00352	0.00308
35	0.84981	0.02665	0.00605	0.00512	0.00751	0.00874	0.00425	0.03351	0.00679	0.01702	0.00538	0.00624	0.00419	0.00354	0.00239	0.00116	0.00299	0.00209	0.00237	0.00419
36	0.00462	0.00330	0.00440	0.00528	0.00550	0.00308	0.00352	0.00528	0.00726	0.00968	0.02090	0.86424	0.02508	0.01188	0.00484	0.00154	0.00220	0.01078	0.00352	0.00308
37	0.01442	0.01062	0.01138	0.00873	0.01176	0.01176	0.00721	0.83041	0.01783	0.02390	0.00911	0.00911	0.00645	0.00455	0.00379	0.00114	0.00417	0.00341	0.00379	0.00645
38	0.00462	0.00330	0.00440	0.00528	0.00550	0.00308	0.00352	0.00528	0.00726	0.00968	0.02090	0.86424	0.02508	0.01188	0.00484	0.00154	0.00220	0.01078	0.00352	0.00308
39	0.00537	0.00388	0.00507	0.00477	0.00567	0.00358	0.00358	0.00716	0.01074	0.01521	0.84106	0.02833	0.03578	0.00775	0.00447	0.00119	0.00179	0.00686	0.00417	0.00358
40	0.00818	0.21054	0.66113	0.00984	0.01491	0.01020	0.01232	0.01186	0.00794	0.01132	0.00646	0.00757	0.00482	0.00352	0.00334	0.00111	0.00526	0.00263	0.00161	0.00544
41	0.01592	0.00822	0.00989	0.00758	0.01056	0.00819	0.00627	0.36207	0.01381	0.49793	0.01248	0.01130	0.00814	0.00463	0.00381	0.00116	0.00363	0.00364	0.00431	0.00645
42	0.00939	0.00901	0.01539	0.02328	0.84306	0.00901	0.01164	0.01164	0.00864	0.01239	0.00713	0.00939	0.00601	0.00338	0.00375	0.00113	0.00451	0.00338	0.00188	0.00601
43	0.00934	0.00896	0.01531	0.04029	0.82640	0.00900	0.01162	0.01160	0.00861	0.01234	0.00713	0.00940	0.00599	0.00339	0.00376	0.00113	0.00452	0.00338	0.00187	0.00597
44	0.00543	0.00367	0.00414	0.00418	0.00424	0.00363	0.00238	0.00550	0.00572	0.00758	0.01343	0.06609	0.04709	0.79123	0.01801	0.00348	0.00354	0.00587	0.00241	0.00237
45	0.00571	0.00395	0.00518	0.00483	0.00578	0.00364	0.00364	0.00749	0.01074	0.03929	0.81710	0.02788	0.03502	0.00766	0.00445	0.00119	0.00183	0.00677	0.00419	0.00366
46	0.00771	0.05323	0.81433	0.01064	0.01615	0.00905	0.01371	0.01198	0.00800	0.01189	0.00675	0.00793	0.00481	0.00359	0.00356	0.00119	0.00554	0.00277	0.00160	0.00558
47	0.07445	0.00794	0.00947	0.00731	0.01024	0.00788	0.00604	0.29551	0.01295	0.50966	0.01232	0.01116	0.00803	0.00457	0.00371	0.00116	0.00353	0.00356	0.00423	0.00630
48	0.01694	0.00657	0.00887	0.00680	0.00974	0.00574	0.00562	0.04064	0.01105	0.82326	0.01480	0.01280	0.00931	0.00469	0.00381	0.00117	0.00325	0.00380	0.00467	0.00645
49	0.00786	0.00674	0.00786	0.00562	0.00899	0.00506	0.00449	0.00955	0.00786	0.01236	0.00674	0.00786	0.00562	0.00281	0.00281	0.00056	0.00281	0.00225	0.00225	0.88990
50	0.00939	0.00901	0.01539	0.02328	0.84306	0.00901	0.01164	0.01164	0.00864	0.01239	0.00713	0.00939	0.00601	0.00338	0.00375	0.00113	0.00451	0.00338	0.00188	0.00601
51	0.00539	0.00407	0.00502	0.00487	0.00587	0.00379	0.00370	0.00736	0.04619	0.01383	0.56839	0.05959	0.19284	0.00831	0.00451	0.00126	0.00198	0.05549	0.00397	0.00359
52	0.00464	0.00338	0.00437	0.00511	0.00547	0.00311	0.00346	0.00537	0.00754	0.00996	0.05514	0.74709	0.10843	0.01149	0.00479	0.00150	0.00216	0.01034	0.00355	0.00311
53	0.00932	0.00895	0.01528	0.04671	0.82012	0.00899	0.01161	0.01158	0.00861	0.01231	0.00712	0.00941	0.00598	0.00339	0.00376	0.00113	0.00452	0.00338	0.00187	0.00596
54	0.00832	0.25992	0.61304	0.00959	0.01452	0.01056	0.01188	0.01183	0.00792	0.01114	0.00637	0.00746	0.00482	0.00350	0.00327	0.00109	0.00517	0.00258	0.00161	0.00540
55	0.06702	0.01713	0.01046	0.00944	0.01146	0.76760	0.00713	0.04717	0.01077	0.01033	0.00596	0.00689	0.00490	0.00391	0.00337	0.00100	0.00650	0.00246	0.00205	0.00446
56	0.00534	0.00390	0.00504	0.00488	0.00578	0.00360	0.00371	0.00705	0.01037	0.01446	0.70688	0.04628	0.09312	0.00817	0.00454	0.00125	0.00193	0.06611	0.00406	0.00354
57	0.08125	0.00708	0.00865	0.00667	0.00961	0.00654	0.00547	0.09900	0.05346	0.51383	0.01225	0.01121	0.00816	0.00429	0.00353	0.00107	0.00322	0.00340	0.00396	0.15737
58	0.00939	0.00901	0.01539	0.02328	0.84306	0.00901	0.01164	0.01164	0.00864	0.01239	0.00713	0.00939	0.00601	0.00338	0.00375	0.00113	0.00451	0.00338	0.00188	0.00601
59	0.00841	0.19928	0.64795	0.00978	0.01481	0.01003	0.01218	0.01206	0.00802	0.03501	0.00671	0.00774	0.00495	0.00356	0.00336	0.00112	0.00521	0.00267	0.00169	0.00547
60	0.00980	0.75368	0.13218	0.00708	0.01064	0.01416	0.00751	0.01145	0.00775	0.00934	0.00548	0.00634	0.00486	0.00329	0.00259	0.00086	0.00427	0.00213	0.00162	0.00497
61	0.01702	0.00645	0.00880	0.00675	0.00968	0.00557	0.00557	0.01848	0.01085	0.84568	0.01496	0.01291	0.00939	0.00469	0.00381	0.00117	0.00323	0.00381	0.00469	0.00645
62	0.00898	0.35901	0.45492	0.00914	0.01363	0.01135	0.03757	0.03326	0.00821	0.02288	0.00640	0.00741	0.00497	0.00349	0.00317	0.00105	0.00494	0.00258	0.00172	0.00533
63	0.03886	0.00896	0.01499	0.02161	0.74553	0.00899	0.03553	0.03326	0.00888	0.03648	0.00736	0.00940	0.00604	0.00345	0.00373	0.00113	0.00447	0.00338	0.00202	0.00594
64	0.00466	0.00385	0.00412	0.00422	0.00538	0.00330	0.00320	0.00571	0.00868	0.01057	0.08069	0.08729	0.68468	0.00971	0.00456	0.00133	0.00205	0.06920	0.00356	0.00324
65	0.00939	0.00901	0.01539	0.02328	0.84306	0.00901	0.01164	0.01164	0.00864	0.01239	0.00713	0.00939	0.00601	0.00338	0.00375	0.00113	0.00451	0.00338	0.00188	0.00601
66	0.04302	0.08353	0.05400	0.00935	0.11997	0.00817	0.00702	0.07407	0.14144	0.40189	0.01200	0.01129	0.00827	0.00436	0.00363	0.00115	0.00361	0.00354	0.00362	0.00606
67	0.01082	0.00752	0.00843	0.00731	0.00952	0.00821	0.00575	0.07061	0.53590	0.18059	0.07554	0.03886	0.01297	0.00540	0.00392	0.00125	0.00301	0.00451	0.00403	0.00586
68	0.00464	0.00333	0.00437	0.00519	0.00544	0.00310	0.00346	0.00529	0.00726	0.00963	0.02127	0.80550	0.05536	0.03997	0.00530	0.00160	0.00224	0.01050	0.00348	0.00306
69	0.00761	0.01962	0.84707	0.01081	0.01641	0.00881	0.01401	0.01201	0.00801	0.01201	0.00681	0.00801	0.00480	0.00360	0.00360	0.00120	0.00560	0.00280	0.00160	0.00560
70	0.46692	0.09928	0.00897	0.00732	0.08146	0.00857	0.00549	0.03650	0.00826	0.23331	0.00809	0.00829	0.00581	0.00382	0.00291	0.00113	0.00330	0.00267	0.00289	0.00504
71	0.00467	0.00333	0.00443	0.00524	0.00549	0.00311	0.00350	0.00537	0.00740	0.00991	0.05967	0.81118	0.02541	0.02534	0.00505	0.00156	0.00220	0.01051	0.00353	0.00309
72	0.89350	0.00733	0.00557	0.00499	0.00733	0.00851	0.00411	0.01115	0.00645	0.01702	0.00528	0.00616	0.00411	0.00352	0.00235	0.00117	0.00293	0.00205	0.00235	0.00411
73	0.15043	0.00671	0.00838	0.00654	0.00938	0.00620	0.00540	0.04052	0.01038	0.69604	0.01332	0.01177	0.00850	0.00451	0.00359	0.00117	0.00321	0.00353	0.00431	0.00610
74	0.00939	0.00901	0.01539	0.02328	0.84306	0.00901	0.01164	0.01164	0.00864	0.01239	0.00713	0.00939	0.00601	0.00338	0.00375	0.00113	0.00451	0.00338	0.00188	0.00601
75	0.00505	0.00384	0.00465	0.00450	0.00548	0.00344	0.00335	0.00652	0.00991	0.01337	0.54734	0.06832	0.29335	0.00853	0.00449	0.00124	0.00185	0.00740	0.00394	0.00344
76	0.01163	0.03080	0.00941	0.00739	0.00979	0.00897	0.00599	0.39460	0.16634	0.10335	0.18221	0.01473	0.02702	0.00538	0.00392	0.00117	0.00333	0.00436	0.00391	0.00568
77	0.00470	0.00336	0.00449	0.00537	0.00563	0.00315	0.00366	0.00542	0.00734	0.00977	0.02086	0.81944	0.02491	0.01181	0.00486	0.00155	0.00227	0.05478	0.00352	0.00310
78	0.00765	0.03417	0.83289	0.01074	0.01630	0.00891	0.01388	0.01200	0.00800	0.01196	0.00678	0.00797	0.00481	0.00360	0.00358	0.00119	0.00558	0.00279	0.00160	0.00559

[dist]
# distance from previous block
# <min> <max>
0	0

# created by:
# /st0/software/busco_prod/Augustus/scripts/msa2prfl.pl ./align_prep/36583.fa
