[name]
unknown

[dist]
# distance from previous block
# <min> <max>
5	50

[block]
# block no. 0 follows, 71 sequences, length 71
# corresponding to MSA columns:
# 50-120
name=unknown_A
#
# <colnr> <probs for GDERKNQSTAVLIFYWHMCP>
#	G	D	E	R	K	N	Q	S	T	A	V	L	I	F	Y	W	H	M	C	P
0	0.00805	0.00777	0.01358	0.49896	0.26158	0.00869	0.09135	0.01068	0.01850	0.01106	0.02862	0.01055	0.00634	0.00377	0.00391	0.00124	0.00497	0.00362	0.00188	0.00488
1	0.01080	0.00655	0.00808	0.00601	0.00911	0.00519	0.00483	0.01237	0.00887	0.28190	0.01006	0.03704	0.00769	0.01955	0.00354	0.00086	0.00297	0.00312	0.00312	0.55834
2	0.00774	0.00730	0.01205	0.44203	0.32517	0.00808	0.01010	0.00999	0.00819	0.01088	0.01095	0.01327	0.10939	0.00441	0.00391	0.00123	0.00451	0.00399	0.00201	0.00480
3	0.00596	0.06928	0.22408	0.00625	0.00863	0.00562	0.00631	0.00800	0.00881	0.01172	0.19422	0.10731	0.31434	0.00751	0.00419	0.00125	0.00306	0.00633	0.00306	0.00406
4	0.73141	0.00900	0.00655	0.00584	0.00818	0.12908	0.00470	0.02425	0.00743	0.03701	0.00573	0.00654	0.00443	0.00366	0.00259	0.00116	0.00356	0.00220	0.00240	0.00429
5	0.89233	0.00741	0.00564	0.00504	0.00741	0.00860	0.00415	0.01127	0.00653	0.01720	0.00534	0.00623	0.00415	0.00356	0.00237	0.00119	0.00297	0.00208	0.00237	0.00415
6	0.00467	0.00334	0.00445	0.00534	0.00556	0.00311	0.00356	0.00534	0.00734	0.00979	0.02113	0.86275	0.02536	0.01201	0.00489	0.00156	0.00222	0.01090	0.00356	0.00311
7	0.01433	0.01807	0.01088	0.00985	0.01185	0.82696	0.00741	0.03753	0.01106	0.00979	0.00602	0.00698	0.00498	0.00397	0.00347	0.00099	0.00684	0.00250	0.00203	0.00450
8	0.01079	0.76088	0.01902	0.00684	0.01010	0.01476	0.00665	0.11321	0.00907	0.01091	0.00581	0.00653	0.00512	0.00344	0.00263	0.00086	0.00412	0.00222	0.00191	0.00512
9	0.00825	0.00681	0.00798	0.00572	0.00911	0.00513	0.00458	0.00994	0.00805	0.03921	0.00708	0.00811	0.00580	0.00290	0.00287	0.00059	0.00285	0.00232	0.00235	0.86034
10	0.00699	0.00646	0.01075	0.72303	0.05032	0.00786	0.00980	0.00931	0.00766	0.00988	0.00861	0.11635	0.00766	0.00484	0.00396	0.00131	0.00473	0.00434	0.00194	0.00418
11	0.00467	0.00334	0.00445	0.00534	0.00556	0.00311	0.00356	0.00534	0.00734	0.00979	0.02113	0.86275	0.02536	0.01201	0.00489	0.00156	0.00222	0.01090	0.00356	0.00311
12	0.89233	0.00741	0.00564	0.00504	0.00741	0.00860	0.00415	0.01127	0.00653	0.01720	0.00534	0.00623	0.00415	0.00356	0.00237	0.00119	0.00297	0.00208	0.00237	0.00415
13	0.01394	0.01043	0.01115	0.00869	0.01165	0.01159	0.00713	0.72712	0.12049	0.02314	0.01001	0.00985	0.00717	0.00468	0.00384	0.00117	0.00407	0.00356	0.00384	0.00646
14	0.00483	0.00403	0.00423	0.00416	0.00542	0.00350	0.00313	0.00626	0.03596	0.01133	0.16315	0.03487	0.68725	0.00927	0.00451	0.00128	0.00196	0.00779	0.00367	0.00339
15	0.01025	0.86756	0.02009	0.00656	0.00984	0.01517	0.00656	0.01148	0.00779	0.00902	0.00533	0.00615	0.00492	0.00328	0.00246	0.00082	0.00410	0.00205	0.00164	0.00492
16	0.00726	0.00681	0.01140	0.83280	0.02593	0.00843	0.01048	0.00979	0.00767	0.00987	0.00681	0.01016	0.00513	0.00381	0.00381	0.00126	0.00505	0.00338	0.00172	0.02842
17	0.01410	0.01714	0.01073	0.00964	0.01167	0.75319	0.00729	0.07176	0.01122	0.02173	0.00642	0.00742	0.00526	0.00479	0.03035	0.00117	0.00678	0.00261	0.00215	0.00459
18	0.00649	0.00551	0.00530	0.00533	0.00570	0.10909	0.00347	0.00690	0.00662	0.00828	0.01273	0.17256	0.01436	0.50483	0.11362	0.00328	0.00463	0.00597	0.00247	0.00286
19	0.00876	0.00820	0.01383	0.13816	0.62335	0.00844	0.01091	0.01101	0.00859	0.01201	0.00879	0.01380	0.00793	0.00437	0.00399	0.00124	0.00451	0.10453	0.00207	0.00550
20	0.00715	0.00357	0.00357	0.00357	0.00447	0.00357	0.00268	0.00893	0.00804	0.01429	0.01251	0.01429	0.00983	0.00447	0.00268	0.00089	0.00179	0.00357	0.88654	0.00357
21	0.00896	0.01095	0.07517	0.01583	0.01982	0.00965	0.77547	0.01227	0.00899	0.01227	0.00770	0.01020	0.00576	0.00326	0.00447	0.00129	0.00641	0.00442	0.00192	0.00520
22	0.00954	0.00824	0.00867	0.00780	0.00997	0.00954	0.00607	0.02037	0.83441	0.01604	0.01561	0.01431	0.01170	0.00520	0.00390	0.00130	0.00303	0.00433	0.00390	0.00607
23	0.00715	0.00357	0.00357	0.00357	0.00447	0.00357	0.00268	0.00893	0.00804	0.01429	0.01251	0.01429	0.00983	0.00447	0.00268	0.00089	0.00179	0.00357	0.88654	0.00357
24	0.56889	0.00828	0.00947	0.00767	0.01004	0.00946	0.12718	0.08776	0.00790	0.01613	0.00602	0.00739	0.00473	0.00400	0.00410	0.00126	0.11009	0.00273	0.00236	0.00453
25	0.00776	0.04312	0.82272	0.01081	0.01641	0.00908	0.01396	0.01212	0.00809	0.01206	0.00684	0.00804	0.00486	0.00363	0.00361	0.00120	0.00562	0.00281	0.00162	0.00565
26	0.56788	0.28904	0.01053	0.00566	0.00834	0.01082	0.00503	0.02226	0.02983	0.01458	0.00567	0.00646	0.00464	0.00353	0.00246	0.00107	0.00336	0.00215	0.00219	0.00449
27	0.00653	0.00448	0.00626	0.00705	0.00800	0.00445	0.00616	0.00828	0.00889	0.03789	0.02014	0.04229	0.02167	0.01041	0.00525	0.00175	0.00352	0.78977	0.00357	0.00363
28	0.01476	0.01232	0.01146	0.00926	0.01196	0.32169	0.07515	0.22989	0.01263	0.24863	0.00953	0.00953	0.00671	0.00429	0.00376	0.00111	0.00514	0.00329	0.00324	0.00564
29	0.00847	0.27664	0.59538	0.00961	0.01455	0.01080	0.01186	0.01194	0.00800	0.01120	0.00641	0.00751	0.00488	0.00353	0.00328	0.00109	0.00519	0.00260	0.00163	0.00544
30	0.00715	0.00357	0.00357	0.00357	0.00447	0.00357	0.00268	0.00893	0.00804	0.01429	0.01251	0.01429	0.00983	0.00447	0.00268	0.00089	0.00179	0.00357	0.88654	0.00357
31	0.00792	0.00671	0.00781	0.00561	0.00894	0.00506	0.00448	0.00963	0.00795	0.01255	0.00700	0.00815	0.00581	0.00289	0.00283	0.00058	0.00281	0.00231	0.03068	0.86025
32	0.89233	0.00741	0.00564	0.00504	0.00741	0.00860	0.00415	0.01127	0.00653	0.01720	0.00534	0.00623	0.00415	0.00356	0.00237	0.00119	0.00297	0.00208	0.00237	0.00415
33	0.00839	0.00839	0.01174	0.01007	0.01007	0.01174	0.00839	0.00923	0.00587	0.00923	0.00503	0.00839	0.00503	0.00671	0.01258	0.00168	0.85823	0.00336	0.00168	0.00419
34	0.00558	0.00372	0.00418	0.00418	0.00418	0.00372	0.00232	0.00558	0.00558	0.00743	0.01208	0.02509	0.01394	0.86525	0.01952	0.00372	0.00372	0.00558	0.00232	0.00232
35	0.89233	0.00741	0.00564	0.00504	0.00741	0.00860	0.00415	0.01127	0.00653	0.01720	0.00534	0.00623	0.00415	0.00356	0.00237	0.00119	0.00297	0.00208	0.00237	0.00415
36	0.00839	0.00839	0.01174	0.01007	0.01007	0.01174	0.00839	0.00923	0.00587	0.00923	0.00503	0.00839	0.00503	0.00671	0.01258	0.00168	0.85823	0.00336	0.00168	0.00419
37	0.00459	0.00390	0.00396	0.00399	0.00527	0.00328	0.00302	0.00558	0.00874	0.01039	0.03824	0.03711	0.81318	0.00974	0.00456	0.00131	0.00199	0.03436	0.00356	0.00325
38	0.00805	0.13755	0.73078	0.01032	0.01566	0.00977	0.01311	0.01205	0.00805	0.01171	0.00667	0.00783	0.00487	0.00359	0.00348	0.00116	0.00545	0.00272	0.00162	0.00556
39	0.00467	0.00334	0.00445	0.00534	0.00556	0.00311	0.00356	0.00534	0.00734	0.00979	0.02113	0.86275	0.02536	0.01201	0.00489	0.00156	0.00222	0.01090	0.00356	0.00311
40	0.01681	0.00669	0.00894	0.00691	0.00984	0.00594	0.00569	0.03588	0.04695	0.79064	0.01502	0.01302	0.00952	0.00476	0.00386	0.00119	0.00327	0.00387	0.00469	0.00651
41	0.00934	0.00895	0.01529	0.08014	0.78592	0.00907	0.01169	0.01163	0.00866	0.01234	0.00719	0.00954	0.00601	0.00344	0.00380	0.00115	0.00459	0.00342	0.00188	0.00595
42	0.00795	0.00681	0.00795	0.00568	0.00909	0.00511	0.00454	0.00965	0.00795	0.01249	0.00681	0.00795	0.00568	0.00284	0.00284	0.00057	0.00284	0.00227	0.00227	0.88869
43	0.00543	0.00392	0.00513	0.00482	0.00573	0.00362	0.00362	0.00724	0.01085	0.01538	0.83931	0.02864	0.03618	0.00784	0.00452	0.00121	0.00181	0.00693	0.00422	0.00362
44	0.00556	0.00371	0.00419	0.00420	0.00421	0.00371	0.00235	0.00557	0.00561	0.00748	0.01224	0.03994	0.01414	0.85012	0.01926	0.00368	0.00369	0.00567	0.00235	0.00234
45	0.00913	0.00962	0.01163	0.01004	0.01029	0.11610	0.00827	0.00998	0.00649	0.00925	0.00514	0.00821	0.00502	0.00637	0.01145	0.00159	0.75224	0.00325	0.00171	0.00423
46	0.00465	0.00389	0.00404	0.00400	0.00525	0.00329	0.00300	0.00572	0.00901	0.01100	0.14096	0.03585	0.73726	0.00947	0.00453	0.00128	0.00193	0.00794	0.00364	0.00329
47	0.78337	0.00730	0.00604	0.00526	0.00771	0.00823	0.00434	0.01219	0.00708	0.12015	0.00656	0.00708	0.00482	0.00371	0.00256	0.00119	0.00300	0.00230	0.00267	0.00445
48	0.00556	0.00377	0.00446	0.00446	0.00455	0.00387	0.00267	0.00575	0.00566	0.00764	0.01183	0.02370	0.01334	0.74914	0.13480	0.00406	0.00463	0.00537	0.00229	0.00248
49	0.00457	0.00378	0.00401	0.00418	0.00526	0.00322	0.00305	0.00550	0.00851	0.01034	0.05047	0.19392	0.66972	0.01011	0.00460	0.00134	0.00199	0.00860	0.00357	0.00322
50	0.10837	0.00923	0.00944	0.00753	0.01034	0.08739	0.00610	0.27012	0.09261	0.26396	0.01065	0.01020	0.00743	0.00437	0.00356	0.00111	0.00381	0.00331	0.00364	0.08682
51	0.00919	0.00881	0.01503	0.13297	0.73421	0.00903	0.01162	0.01151	0.00859	0.01217	0.00716	0.00959	0.00595	0.00347	0.00380	0.00116	0.00463	0.00342	0.00187	0.00583
52	0.00453	0.00388	0.00388	0.00388	0.00518	0.00324	0.00291	0.00550	0.00874	0.01036	0.03884	0.03690	0.83978	0.00971	0.00453	0.00129	0.00194	0.00809	0.00356	0.00324
53	0.00949	0.00911	0.01556	0.02353	0.84133	0.00911	0.01177	0.01177	0.00873	0.01253	0.00721	0.00949	0.00607	0.00342	0.00380	0.00114	0.00456	0.00342	0.00190	0.00607
54	0.00949	0.00911	0.01556	0.02353	0.84133	0.00911	0.01177	0.01177	0.00873	0.01253	0.00721	0.00949	0.00607	0.00342	0.00380	0.00114	0.00456	0.00342	0.00190	0.00607
55	0.00573	0.00399	0.00506	0.00476	0.00578	0.00363	0.00358	0.00740	0.01047	0.04401	0.67720	0.04398	0.14279	0.00801	0.00448	0.00122	0.00189	0.00701	0.01533	0.00366
56	0.00685	0.00358	0.00381	0.00394	0.00474	0.00352	0.00288	0.00844	0.00796	0.02587	0.01409	0.16595	0.01260	0.00582	0.00309	0.00102	0.00189	0.00489	0.71554	0.00354
57	0.00773	0.03402	0.83158	0.01086	0.01648	0.00901	0.01404	0.01213	0.00809	0.01209	0.00685	0.00806	0.00486	0.00364	0.00362	0.00121	0.00564	0.00282	0.00162	0.00565
58	0.01000	0.00596	0.00633	0.00538	0.00706	0.00627	0.00427	0.26474	0.01131	0.06157	0.01162	0.01264	0.00878	0.00452	0.00310	0.00099	0.00262	0.00355	0.56463	0.00465
59	0.00537	0.00404	0.00498	0.00474	0.00575	0.00373	0.00355	0.00729	0.03720	0.01430	0.63883	0.04144	0.19815	0.00819	0.00451	0.00123	0.00188	0.00714	0.00407	0.00361
60	0.00715	0.00357	0.00357	0.00357	0.00447	0.00357	0.00268	0.00893	0.00804	0.01429	0.01251	0.01429	0.00983	0.00447	0.00268	0.00089	0.00179	0.00357	0.88654	0.00357
61	0.00590	0.00425	0.00567	0.00632	0.00715	0.00417	0.00530	0.00739	0.00856	0.01111	0.05976	0.05220	0.10266	0.09763	0.00663	0.00189	0.00329	0.60330	0.00344	0.00338
62	0.00940	0.01007	0.01159	0.01003	0.01037	0.15464	0.00822	0.01026	0.00672	0.00925	0.00519	0.00814	0.00502	0.00624	0.01103	0.00156	0.71309	0.00320	0.00173	0.00424
63	0.00715	0.00357	0.00357	0.00357	0.00447	0.00357	0.00268	0.00893	0.00804	0.01429	0.01251	0.01429	0.00983	0.00447	0.00268	0.00089	0.00179	0.00357	0.88654	0.00357
64	0.89233	0.00741	0.00564	0.00504	0.00741	0.00860	0.00415	0.01127	0.00653	0.01720	0.00534	0.00623	0.00415	0.00356	0.00237	0.00119	0.00297	0.00208	0.00237	0.00415
65	0.00949	0.00911	0.01556	0.02353	0.84133	0.00911	0.01177	0.01177	0.00873	0.01253	0.00721	0.00949	0.00607	0.00342	0.00380	0.00114	0.00456	0.00342	0.00190	0.00607
66	0.00470	0.00340	0.00445	0.00522	0.00555	0.00315	0.00352	0.00545	0.00762	0.01013	0.06759	0.76503	0.07673	0.01164	0.00485	0.00152	0.00218	0.01051	0.00360	0.00315
67	0.00502	0.00376	0.00525	0.02966	0.05066	0.00360	0.00419	0.00585	0.00752	0.01008	0.04205	0.77140	0.02407	0.01122	0.00480	0.00152	0.00242	0.01019	0.00344	0.00332
68	0.00514	0.00406	0.00628	0.00638	0.00700	0.00379	0.08487	0.00612	0.00768	0.01030	0.05914	0.73852	0.02395	0.01095	0.00484	0.00151	0.00262	0.01008	0.00343	0.00334
69	0.01025	0.86756	0.02009	0.00656	0.00984	0.01517	0.00656	0.01148	0.00779	0.00902	0.00533	0.00615	0.00492	0.00328	0.00246	0.00082	0.00410	0.00205	0.00164	0.00492
70	0.00785	0.07397	0.79268	0.01065	0.01616	0.00930	0.01368	0.01210	0.00808	0.01194	0.00678	0.00797	0.00486	0.00362	0.00357	0.00119	0.00557	0.00278	0.00162	0.00562

[dist]
# distance from previous block
# <min> <max>
0	1

[block]
# block no. 1 follows, 71 sequences, length 36
# corresponding to MSA columns:
# 122-157
name=unknown_B
#
# <colnr> <probs for GDERKNQSTAVLIFYWHMCP>
#	G	D	E	R	K	N	Q	S	T	A	V	L	I	F	Y	W	H	M	C	P
0	0.01033	0.00953	0.02893	0.00853	0.01010	0.10677	0.00690	0.16065	0.21244	0.03716	0.00965	0.01157	0.00798	0.07041	0.05694	0.00180	0.23879	0.00372	0.00280	0.00502
1	0.01389	0.11192	0.01192	0.00945	0.01163	0.71097	0.00731	0.05996	0.01092	0.01016	0.00604	0.00696	0.00502	0.00391	0.00337	0.00098	0.00645	0.00248	0.00204	0.00461
2	0.00758	0.04289	0.30569	0.00771	0.02181	0.00665	0.00795	0.01008	0.00785	0.01179	0.00827	0.08408	0.00744	0.03939	0.00399	0.00103	0.00389	0.00337	0.00213	0.41640
3	0.00847	0.04188	0.01095	0.00872	0.01061	0.03698	0.22274	0.01023	0.02659	0.13739	0.01569	0.38142	0.03280	0.00769	0.00447	0.00137	0.00381	0.03064	0.00318	0.00438
4	0.00596	0.00417	0.00550	0.00606	0.00663	0.00418	0.00483	0.00711	0.00765	0.01003	0.01725	0.03637	0.01899	0.30327	0.03037	0.00254	0.00376	0.51916	0.00308	0.00312
5	0.01191	0.00732	0.01124	0.28171	0.20224	0.00758	0.00863	0.04101	0.02218	0.33818	0.01046	0.01142	0.00733	0.01699	0.00407	0.00124	0.00418	0.00363	0.00305	0.00563
6	0.00961	0.00999	0.02105	0.03587	0.05317	0.00944	0.71028	0.02756	0.00928	0.06207	0.00818	0.01045	0.00604	0.00337	0.00443	0.00128	0.00612	0.00439	0.00213	0.00529
7	0.01636	0.00634	0.00861	0.00666	0.00949	0.00549	0.00548	0.01785	0.01092	0.78564	0.05739	0.01431	0.02710	0.00500	0.00390	0.00119	0.00316	0.00409	0.00470	0.00631
8	0.00483	0.00390	0.00426	0.00444	0.00557	0.00339	0.00340	0.00592	0.00871	0.01072	0.06778	0.10595	0.62223	0.00985	0.00463	0.00136	0.00216	0.10898	0.01863	0.00328
9	0.00985	0.00849	0.01401	0.20667	0.54203	0.00885	0.02076	0.05282	0.00914	0.07881	0.00786	0.00993	0.00615	0.00367	0.00382	0.00118	0.00458	0.00346	0.00218	0.00572
10	0.00459	0.00385	0.00400	0.00407	0.00527	0.00326	0.00304	0.00558	0.00869	0.01045	0.05567	0.09801	0.74533	0.00985	0.00457	0.00132	0.00199	0.02363	0.00358	0.00324
11	0.00864	0.00824	0.01403	0.33796	0.53355	0.00889	0.01134	0.01102	0.00833	0.01150	0.00706	0.00977	0.00571	0.00357	0.00381	0.00119	0.00477	0.00341	0.00182	0.00539
12	0.01025	0.86756	0.02009	0.00656	0.00984	0.01517	0.00656	0.01148	0.00779	0.00902	0.00533	0.00615	0.00492	0.00328	0.00246	0.00082	0.00410	0.00205	0.00164	0.00492
13	0.00895	0.00742	0.00848	0.00619	0.00951	0.00620	0.00498	0.12823	0.02970	0.01427	0.00738	0.00829	0.00595	0.00315	0.00301	0.00067	0.00304	0.00249	0.00254	0.73956
14	0.00941	0.00902	0.01541	0.05450	0.81102	0.00909	0.01173	0.01169	0.00869	0.01242	0.00720	0.00952	0.00604	0.00343	0.00380	0.00114	0.00458	0.00342	0.00189	0.00601
15	0.00889	0.00849	0.01447	0.24712	0.62247	0.00895	0.01147	0.01124	0.00844	0.01179	0.00711	0.00969	0.00581	0.00353	0.00381	0.00118	0.00470	0.00341	0.00185	0.00559
16	0.00724	0.00681	0.01150	0.85604	0.02641	0.00852	0.01065	0.00980	0.00767	0.00980	0.00681	0.01022	0.00511	0.00383	0.00383	0.00128	0.00511	0.00341	0.00170	0.00426
17	0.00558	0.00372	0.00418	0.00418	0.00418	0.00372	0.00232	0.00558	0.00558	0.00743	0.01208	0.02509	0.01394	0.86525	0.01952	0.00372	0.00372	0.00558	0.00232	0.00232
18	0.03543	0.01644	0.01169	0.01015	0.01231	0.68967	0.07975	0.01499	0.01049	0.05521	0.00655	0.00757	0.00525	0.00398	0.00376	0.00105	0.02625	0.00274	0.00213	0.00461
19	0.01720	0.00653	0.00890	0.00682	0.00979	0.00564	0.00564	0.01869	0.01097	0.84399	0.01513	0.01305	0.00949	0.00475	0.00386	0.00119	0.00326	0.00386	0.00475	0.00653
20	0.00541	0.00401	0.00506	0.00478	0.00576	0.00371	0.00359	0.00733	0.02948	0.01480	0.72562	0.02929	0.13080	0.00800	0.00451	0.00122	0.00185	0.00701	0.00414	0.00363
21	0.00666	0.00333	0.00500	0.00500	0.00500	0.00333	0.00333	0.00500	0.00500	0.00666	0.00666	0.01166	0.00666	0.01332	0.01499	0.88844	0.00333	0.00333	0.00167	0.00167
22	0.03269	0.01087	0.01067	0.04358	0.01199	0.15250	0.03296	0.34135	0.26213	0.04574	0.01055	0.01050	0.00778	0.00458	0.00378	0.00118	0.00436	0.00357	0.00339	0.00584
23	0.00490	0.00363	0.00460	0.00522	0.00569	0.00341	0.00358	0.00608	0.03815	0.01057	0.09487	0.66476	0.11805	0.01113	0.00478	0.00149	0.00219	0.00999	0.00363	0.00328
24	0.00764	0.00393	0.00401	0.00386	0.00488	0.00397	0.00293	0.04463	0.00852	0.02854	0.01241	0.01405	0.00968	0.00448	0.00275	0.00091	0.00192	0.00357	0.83358	0.00375
25	0.00942	0.00904	0.01544	0.04785	0.81753	0.00909	0.01173	0.01171	0.00870	0.01245	0.00720	0.00951	0.00605	0.00343	0.00380	0.00114	0.00457	0.00342	0.00189	0.00602
26	0.03080	0.00810	0.00888	0.00762	0.01001	0.00896	0.00603	0.10565	0.56645	0.16558	0.02962	0.01362	0.01103	0.00507	0.00386	0.00126	0.00318	0.00415	0.00402	0.00611
27	0.00888	0.00844	0.01415	0.05560	0.71526	0.00845	0.01077	0.01106	0.00877	0.01236	0.04006	0.01225	0.06890	0.00406	0.00388	0.00116	0.00428	0.00389	0.00210	0.00570
28	0.00735	0.00568	0.00693	0.00735	0.00853	0.03637	0.00630	0.06995	0.07240	0.01269	0.01859	0.03719	0.01950	0.00949	0.00501	0.00166	0.00367	0.66382	0.00352	0.00398
29	0.00555	0.00424	0.00514	0.00489	0.00597	0.00399	0.00370	0.00785	0.07136	0.01425	0.58603	0.02970	0.20898	0.00811	0.00450	0.00124	0.00197	0.02478	0.00404	0.00371
30	0.00715	0.00357	0.00357	0.00357	0.00447	0.00357	0.00268	0.00893	0.00804	0.01429	0.01251	0.01429	0.00983	0.00447	0.00268	0.00089	0.00179	0.00357	0.88654	0.00357
31	0.00821	0.19062	0.67912	0.01005	0.01523	0.01017	0.01263	0.01201	0.00803	0.01151	0.00657	0.00770	0.00487	0.00357	0.00340	0.00113	0.00535	0.00268	0.00162	0.00552
32	0.01083	0.00748	0.00845	0.00722	0.00954	0.00799	0.00570	0.05546	0.49693	0.18609	0.09868	0.01491	0.01316	0.00522	0.00389	0.00122	0.00300	0.00434	0.00401	0.05586
33	0.01039	0.66188	0.13334	0.00741	0.01094	0.06122	0.00766	0.03064	0.00832	0.02990	0.00590	0.00670	0.00506	0.00343	0.00275	0.00090	0.00446	0.00226	0.00178	0.00507
34	0.00715	0.04131	0.02619	0.00599	0.00750	0.05659	0.02304	0.00933	0.05713	0.04979	0.44389	0.06622	0.05875	0.02004	0.04026	0.00142	0.00305	0.02124	0.00356	0.05754
35	0.00798	0.04191	0.00808	0.00593	0.00859	0.02902	0.02022	0.03836	0.01781	0.03707	0.12086	0.04531	0.08579	0.00476	0.00343	0.00085	0.00291	0.01444	0.00281	0.50387

[dist]
# distance from previous block
# <min> <max>
0	14

[block]
# block no. 2 follows, 71 sequences, length 29
# corresponding to MSA columns:
# 172-200
name=unknown_C
#
# <colnr> <probs for GDERKNQSTAVLIFYWHMCP>
#	G	D	E	R	K	N	Q	S	T	A	V	L	I	F	Y	W	H	M	C	P
0	0.00719	0.00677	0.02639	0.00899	0.05120	0.00703	0.13094	0.02347	0.07144	0.01142	0.08134	0.12612	0.06875	0.04303	0.12537	0.00211	0.14664	0.00534	0.00263	0.05384
1	0.02394	0.00554	0.00659	0.02391	0.02348	0.01726	0.00466	0.03200	0.03904	0.02188	0.23298	0.03331	0.28671	0.01831	0.02521	0.00138	0.10761	0.00587	0.00325	0.08706
2	0.06653	0.00951	0.01121	0.02903	0.03667	0.02288	0.05526	0.48472	0.05155	0.04229	0.02095	0.04454	0.00771	0.00537	0.02081	0.00132	0.06660	0.00381	0.00331	0.01594
3	0.00753	0.00715	0.01183	0.70526	0.08511	0.00890	0.01049	0.00988	0.00756	0.00994	0.00666	0.00997	0.00517	0.00411	0.00475	0.00131	0.09487	0.00340	0.00172	0.00439
4	0.85087	0.00745	0.00578	0.00517	0.00754	0.00865	0.00424	0.01170	0.04541	0.01715	0.00582	0.00661	0.00451	0.00364	0.00244	0.00119	0.00297	0.00218	0.00244	0.00424
5	0.89233	0.00741	0.00564	0.00504	0.00741	0.00860	0.00415	0.01127	0.00653	0.01720	0.00534	0.00623	0.00415	0.00356	0.00237	0.00119	0.00297	0.00208	0.00237	0.00415
6	0.00715	0.00357	0.00357	0.00357	0.00447	0.00357	0.00268	0.00893	0.00804	0.01429	0.01251	0.01429	0.00983	0.00447	0.00268	0.00089	0.00179	0.00357	0.88654	0.00357
7	0.89233	0.00741	0.00564	0.00504	0.00741	0.00860	0.00415	0.01127	0.00653	0.01720	0.00534	0.00623	0.00415	0.00356	0.00237	0.00119	0.00297	0.00208	0.00237	0.00415
8	0.01171	0.01329	0.01125	0.00986	0.01101	0.42296	0.00781	0.04356	0.00889	0.02638	0.00583	0.00779	0.00513	0.00524	0.00760	0.00131	0.39104	0.00293	0.00197	0.00445
9	0.01001	0.00682	0.00773	0.00663	0.00873	0.00708	0.00522	0.10285	0.31889	0.16329	0.16193	0.01887	0.12569	0.00605	0.00405	0.00122	0.00284	0.00505	0.00400	0.03307
10	0.00905	0.01034	0.02262	0.01616	0.02004	0.00970	0.82741	0.01228	0.00905	0.01228	0.00776	0.01034	0.00582	0.00323	0.00452	0.00129	0.00646	0.00452	0.00194	0.00517
11	0.00795	0.00681	0.00795	0.00568	0.00909	0.00511	0.00454	0.00965	0.00795	0.01249	0.00681	0.00795	0.00568	0.00284	0.00284	0.00057	0.00284	0.00227	0.00227	0.88869
12	0.01031	0.00892	0.01167	0.00940	0.01201	0.00973	0.15853	0.19498	0.45432	0.01708	0.06109	0.01330	0.01091	0.00486	0.00404	0.00126	0.00386	0.00433	0.00354	0.00586
13	0.00484	0.00390	0.00432	0.00421	0.00537	0.00337	0.00316	0.00611	0.00947	0.01210	0.31717	0.03403	0.56036	0.00906	0.00453	0.00126	0.00190	0.00769	0.00379	0.00337
14	0.00756	0.00714	0.01208	0.73744	0.14250	0.00860	0.01081	0.01008	0.00782	0.01019	0.00687	0.01012	0.00525	0.00377	0.00383	0.00126	0.00503	0.00341	0.00173	0.00452
15	0.00787	0.00726	0.01203	0.41347	0.33767	0.00806	0.00989	0.00996	0.00778	0.01051	0.00772	0.01206	0.00674	0.12639	0.00605	0.00157	0.00470	0.00372	0.00187	0.00468
16	0.01101	0.71004	0.01838	0.00718	0.01021	0.16998	0.00672	0.01219	0.00836	0.00909	0.00544	0.00629	0.00492	0.00340	0.00265	0.00085	0.00462	0.00213	0.00170	0.00483
17	0.89233	0.00741	0.00564	0.00504	0.00741	0.00860	0.00415	0.01127	0.00653	0.01720	0.00534	0.00623	0.00415	0.00356	0.00237	0.00119	0.00297	0.00208	0.00237	0.00415
18	0.00470	0.00348	0.00441	0.00513	0.00558	0.00319	0.00354	0.00547	0.00766	0.00996	0.02439	0.67869	0.17629	0.01153	0.00484	0.00152	0.00222	0.04071	0.00356	0.00315
19	0.17382	0.00891	0.01297	0.05835	0.53390	0.00937	0.00969	0.12320	0.00954	0.01485	0.00712	0.00888	0.00573	0.00363	0.00354	0.00116	0.00424	0.00317	0.00224	0.00569
20	0.00483	0.00343	0.00438	0.00507	0.00529	0.00323	0.00331	0.00539	0.00706	0.00937	0.02007	0.67850	0.05172	0.17018	0.00759	0.00195	0.00249	0.00981	0.00333	0.00297
21	0.00600	0.00378	0.00509	0.00511	0.00560	0.00368	0.00363	0.00651	0.04311	0.01053	0.27143	0.14034	0.05831	0.01083	0.00905	0.38165	0.00262	0.02695	0.00297	0.00279
22	0.68841	0.00710	0.00623	0.00537	0.00779	0.00783	0.00441	0.01250	0.00755	0.17374	0.04306	0.00848	0.00654	0.00397	0.00275	0.00119	0.00297	0.00262	0.00290	0.00458
23	0.00977	0.00855	0.01098	0.00902	0.01149	0.00938	0.13889	0.12731	0.52156	0.01634	0.06140	0.01439	0.03302	0.00507	0.00405	0.00127	0.00365	0.00449	0.00358	0.00577
24	0.00640	0.00347	0.00505	0.00505	0.00514	0.00356	0.00341	0.00529	0.00520	0.00702	0.00769	0.01352	0.00781	0.10628	0.12035	0.68310	0.00424	0.00367	0.00178	0.00196
25	0.00937	0.00899	0.01535	0.06752	0.79827	0.00908	0.01171	0.01166	0.00867	0.01238	0.00719	0.00953	0.00602	0.00344	0.00380	0.00115	0.00458	0.00342	0.00189	0.00598
26	0.00919	0.00892	0.01543	0.09673	0.59357	0.00922	0.10015	0.02743	0.00872	0.01234	0.02461	0.00998	0.00654	0.00375	0.00443	0.00120	0.05657	0.00361	0.00196	0.00565
27	0.11118	0.23883	0.08096	0.01108	0.17628	0.18139	0.00818	0.10304	0.03362	0.01285	0.00668	0.00771	0.00544	0.00371	0.00321	0.00104	0.00474	0.00269	0.00215	0.00524
28	0.04309	0.04988	0.01353	0.03411	0.52280	0.09261	0.00954	0.03082	0.00893	0.01248	0.01799	0.00900	0.00617	0.00348	0.00352	0.00103	0.00443	0.00309	0.00204	0.13146

[dist]
# distance from previous block
# <min> <max>
2	13

[block]
# block no. 3 follows, 71 sequences, length 400
# corresponding to MSA columns:
# 214-613
name=unknown_D
#
# <colnr> <probs for GDERKNQSTAVLIFYWHMCP>
#	G	D	E	R	K	N	Q	S	T	A	V	L	I	F	Y	W	H	M	C	P
0	0.13385	0.07964	0.05106	0.00780	0.01032	0.23148	0.00652	0.09792	0.09288	0.15828	0.00994	0.04841	0.00797	0.00474	0.00351	0.00114	0.00441	0.03155	0.00298	0.01560
1	0.00976	0.52966	0.30216	0.00807	0.01215	0.01250	0.00911	0.01211	0.00807	0.05617	0.00640	0.00720	0.00515	0.00349	0.00294	0.00098	0.00459	0.00242	0.00180	0.00526
2	0.00882	0.01268	0.22525	0.01421	0.01839	0.02571	0.56430	0.02582	0.02357	0.01241	0.00834	0.01034	0.02364	0.00354	0.00426	0.00127	0.00608	0.00412	0.00196	0.00528
3	0.00819	0.00712	0.00824	0.00603	0.00929	0.02893	0.02234	0.00999	0.01913	0.02393	0.00781	0.02517	0.01883	0.00322	0.00299	0.00064	0.00301	0.00263	0.00236	0.79013
4	0.00774	0.03481	0.83080	0.01085	0.01648	0.00902	0.01403	0.01213	0.00809	0.01209	0.00685	0.00806	0.00486	0.00364	0.00362	0.00121	0.00564	0.00282	0.00162	0.00565
5	0.00807	0.00802	0.01469	0.46436	0.20406	0.00877	0.19217	0.01067	0.00820	0.01095	0.00748	0.03174	0.00599	0.00382	0.00401	0.00126	0.00522	0.00385	0.00185	0.00483
6	0.00744	0.00702	0.01186	0.78332	0.09759	0.00857	0.01075	0.00997	0.00776	0.01003	0.00685	0.01016	0.00520	0.00380	0.00383	0.00127	0.00506	0.00341	0.00172	0.00442
7	0.00650	0.00548	0.00719	0.00653	0.00781	0.05099	0.09432	0.00817	0.03760	0.04426	0.19635	0.29168	0.18955	0.00913	0.02503	0.00146	0.00307	0.00765	0.00346	0.00379
8	0.00463	0.00349	0.00429	0.00494	0.00546	0.00315	0.00338	0.00538	0.00772	0.00994	0.02598	0.63679	0.24819	0.01138	0.00479	0.00149	0.00215	0.01013	0.00356	0.00315
9	0.02345	0.00960	0.00989	0.00850	0.02767	0.06164	0.00663	0.34311	0.36444	0.04731	0.01220	0.03540	0.00927	0.00536	0.01669	0.00129	0.00387	0.00398	0.00369	0.00602
10	0.01036	0.00672	0.00812	0.00623	0.00922	0.00565	0.00503	0.01299	0.09713	0.22659	0.03343	0.01189	0.00879	0.00402	0.00336	0.00087	0.00297	0.03476	0.00318	0.50869
11	0.06003	0.11664	0.26989	0.00888	0.01266	0.01040	0.02570	0.29284	0.06194	0.08103	0.00877	0.01952	0.00645	0.00420	0.00356	0.00115	0.00446	0.00321	0.00284	0.00583
12	0.00779	0.05128	0.81477	0.01077	0.01634	0.00914	0.01388	0.01212	0.00808	0.01203	0.00682	0.00802	0.00486	0.00363	0.00360	0.00120	0.00561	0.00280	0.00162	0.00564
13	0.00477	0.00389	0.00421	0.00413	0.00532	0.00334	0.00310	0.00596	0.00929	0.01168	0.24900	0.03473	0.62880	0.00922	0.00453	0.00127	0.00191	0.00779	0.00373	0.00334
14	0.00473	0.00343	0.00470	0.00549	0.00576	0.00321	0.01493	0.00543	0.00736	0.00982	0.02095	0.85099	0.02509	0.01189	0.00489	0.00155	0.00228	0.01081	0.00354	0.00314
15	0.01397	0.01744	0.04004	0.00988	0.01211	0.72679	0.01871	0.08369	0.02305	0.01086	0.00640	0.00730	0.00518	0.00400	0.00352	0.00102	0.00658	0.00262	0.00215	0.00470
16	0.00555	0.00400	0.00486	0.00459	0.00569	0.00357	0.00346	0.00708	0.01018	0.04256	0.55592	0.03073	0.29101	0.00833	0.00450	0.00123	0.00190	0.00720	0.00403	0.00360
17	0.00554	0.00370	0.00419	0.00422	0.00423	0.00370	0.00237	0.00557	0.00564	0.00752	0.01241	0.05532	0.01435	0.83446	0.01899	0.00364	0.00366	0.00577	0.00237	0.00235
18	0.00911	0.00872	0.01487	0.16567	0.70220	0.00901	0.01158	0.01143	0.00855	0.01206	0.00714	0.00961	0.00591	0.00349	0.00380	0.00116	0.00465	0.00341	0.00186	0.00576
19	0.00839	0.00839	0.01174	0.01007	0.01007	0.01174	0.00839	0.00923	0.00587	0.00923	0.00503	0.00839	0.00503	0.00671	0.01258	0.00168	0.85823	0.00336	0.00168	0.00419
20	0.00455	0.00389	0.00391	0.00393	0.00521	0.00325	0.00296	0.00553	0.00874	0.01037	0.03860	0.03698	0.82925	0.00972	0.00454	0.00130	0.00196	0.01849	0.00356	0.00324
21	0.01381	0.01065	0.01100	0.00860	0.01151	0.05148	0.00703	0.69893	0.06293	0.02228	0.01005	0.02010	0.02274	0.00475	0.00382	0.00114	0.00418	0.00360	0.00370	0.02768
22	0.00934	0.04579	0.02055	0.00681	0.03018	0.00677	0.00538	0.15792	0.02101	0.05564	0.06741	0.07466	0.00970	0.00438	0.00338	0.00087	0.00313	0.00360	0.00289	0.47062
23	0.00791	0.01786	0.69324	0.01185	0.05994	0.00897	0.07785	0.01221	0.02819	0.01219	0.00732	0.01885	0.00541	0.00379	0.00388	0.00123	0.01883	0.00314	0.00174	0.00560
24	0.01025	0.86756	0.02009	0.00656	0.00984	0.01517	0.00656	0.01148	0.00779	0.00902	0.00533	0.00615	0.00492	0.00328	0.00246	0.00082	0.00410	0.00205	0.00164	0.00492
25	0.03023	0.00602	0.00636	0.00548	0.00710	0.00637	0.00430	0.27129	0.01125	0.03174	0.03244	0.04935	0.03269	0.02728	0.00369	0.00111	0.00269	0.00407	0.46205	0.00452
26	0.00755	0.00664	0.02582	0.10393	0.02957	0.05299	0.07308	0.01986	0.08027	0.02530	0.08972	0.04661	0.04975	0.05840	0.11799	0.15363	0.04802	0.00455	0.00248	0.00383
27	0.00863	0.00819	0.01255	0.50418	0.27048	0.05207	0.01054	0.03174	0.02134	0.02268	0.00737	0.01032	0.00580	0.00385	0.00382	0.00122	0.00494	0.01343	0.00193	0.00492
28	0.00479	0.00342	0.00458	0.00547	0.00575	0.00321	0.00376	0.00554	0.00746	0.00992	0.02107	0.79928	0.02510	0.01190	0.00493	0.00157	0.00233	0.07322	0.00356	0.00315
29	0.89233	0.00741	0.00564	0.00504	0.00741	0.00860	0.00415	0.01127	0.00653	0.01720	0.00534	0.00623	0.00415	0.00356	0.00237	0.00119	0.00297	0.00208	0.00237	0.00415
30	0.00546	0.00367	0.00422	0.00433	0.00436	0.00364	0.00248	0.00555	0.00580	0.00774	0.01324	0.13213	0.01540	0.75622	0.01765	0.00344	0.00353	0.00626	0.00248	0.00242
31	0.01359	0.10485	0.01189	0.00951	0.01155	0.68742	0.00737	0.04455	0.01054	0.00988	0.00594	0.00700	0.00500	0.00406	0.00387	0.00101	0.05292	0.00251	0.00199	0.00456
32	0.00759	0.01912	0.80781	0.01066	0.01611	0.00867	0.01369	0.01192	0.00822	0.01229	0.04410	0.00901	0.00626	0.00383	0.00368	0.00121	0.00549	0.00302	0.00174	0.00557
33	0.00986	0.67396	0.14484	0.00744	0.01099	0.04284	0.02045	0.01162	0.00804	0.00972	0.02681	0.00711	0.00572	0.00347	0.00276	0.00090	0.00441	0.00235	0.00172	0.00499
34	0.00563	0.00409	0.00574	0.00558	0.00606	0.00445	0.02371	0.00643	0.00597	0.00835	0.01087	0.01893	0.01119	0.36533	0.47825	0.02219	0.00740	0.00470	0.00215	0.00299
35	0.01667	0.00738	0.00943	0.00723	0.01021	0.00690	0.00597	0.18298	0.01241	0.67768	0.01393	0.01227	0.00889	0.00472	0.00385	0.00118	0.00346	0.00377	0.00456	0.00652
36	0.00724	0.00681	0.01150	0.85604	0.02641	0.00852	0.01065	0.00980	0.00767	0.00980	0.00681	0.01022	0.00511	0.00383	0.00383	0.00128	0.00511	0.00341	0.00170	0.00426
37	0.00795	0.00681	0.00795	0.00568	0.00909	0.00511	0.00454	0.00965	0.00795	0.01249	0.00681	0.00795	0.00568	0.00284	0.00284	0.00057	0.00284	0.00227	0.00227	0.88869
38	0.00779	0.05129	0.81476	0.01077	0.01634	0.00914	0.01388	0.01212	0.00808	0.01203	0.00682	0.00802	0.00486	0.00363	0.00360	0.00120	0.00561	0.00280	0.00162	0.00564
39	0.00666	0.00333	0.00500	0.00500	0.00500	0.00333	0.00333	0.00500	0.00500	0.00666	0.00666	0.01166	0.00666	0.01332	0.01499	0.88844	0.00333	0.00333	0.00167	0.00167
40	0.00596	0.00426	0.00593	0.00681	0.00760	0.00423	0.00580	0.00757	0.00861	0.01123	0.02042	0.16050	0.02254	0.01080	0.00524	0.00174	0.00334	0.70041	0.00353	0.00347
41	0.00464	0.00370	0.00414	0.00446	0.00535	0.00323	0.00319	0.00552	0.00825	0.01023	0.04756	0.32494	0.51647	0.02239	0.00488	0.00143	0.00209	0.02079	0.00356	0.00319
42	0.00460	0.00362	0.00416	0.00460	0.00537	0.00318	0.00323	0.00542	0.00805	0.01008	0.03015	0.44247	0.43982	0.01084	0.00471	0.00142	0.00208	0.00947	0.00356	0.00318
43	0.00998	0.00851	0.00887	0.00786	0.01008	0.02037	0.00614	0.08627	0.74672	0.01660	0.01492	0.01379	0.01117	0.00513	0.00387	0.00128	0.00317	0.00423	0.01499	0.00605
44	0.00552	0.00398	0.00511	0.00482	0.00575	0.00371	0.00362	0.00745	0.02436	0.01524	0.78527	0.02824	0.05458	0.00775	0.00447	0.00120	0.00183	0.00683	0.02661	0.00365
45	0.00467	0.00334	0.00445	0.00534	0.00556	0.00311	0.00356	0.00534	0.00734	0.00979	0.02113	0.86275	0.02536	0.01201	0.00489	0.00156	0.00222	0.01090	0.00356	0.00311
46	0.00795	0.00681	0.00795	0.00568	0.00909	0.00511	0.00454	0.00965	0.00795	0.01249	0.00681	0.00795	0.00568	0.00284	0.00284	0.00057	0.00284	0.00227	0.00227	0.88869
47	0.00543	0.00392	0.00513	0.00482	0.00573	0.00362	0.00362	0.00724	0.01085	0.01538	0.83931	0.02864	0.03618	0.00784	0.00452	0.00121	0.00181	0.00693	0.00422	0.00362
48	0.00795	0.00681	0.00795	0.00568	0.00909	0.00511	0.00454	0.00965	0.00795	0.01249	0.00681	0.00795	0.00568	0.00284	0.00284	0.00057	0.00284	0.00227	0.00227	0.88869
49	0.00795	0.00681	0.00795	0.00568	0.00909	0.00511	0.00454	0.00965	0.00795	0.01249	0.00681	0.00795	0.00568	0.00284	0.00284	0.00057	0.00284	0.00227	0.00227	0.88869
50	0.00795	0.00681	0.00795	0.00568	0.00909	0.00511	0.00454	0.00965	0.00795	0.01249	0.00681	0.00795	0.00568	0.00284	0.00284	0.00057	0.00284	0.00227	0.00227	0.88869
51	0.00814	0.00669	0.00814	0.00590	0.00913	0.00516	0.03212	0.00990	0.00806	0.03164	0.00746	0.00862	0.00608	0.00302	0.00291	0.00063	0.00289	0.00248	0.06781	0.77322
52	0.00543	0.00392	0.00513	0.00482	0.00573	0.00362	0.00362	0.00724	0.01085	0.01538	0.83931	0.02864	0.03618	0.00784	0.00452	0.00121	0.00181	0.00693	0.00422	0.00362
53	0.00724	0.00681	0.01150	0.85604	0.02641	0.00852	0.01065	0.00980	0.00767	0.00980	0.00681	0.01022	0.00511	0.00383	0.00383	0.00128	0.00511	0.00341	0.00170	0.00426
54	0.00795	0.00681	0.00795	0.00568	0.00909	0.00511	0.00454	0.00965	0.00795	0.01249	0.00681	0.00795	0.00568	0.00284	0.00284	0.00057	0.00284	0.00227	0.00227	0.88869
55	0.01458	0.01074	0.01151	0.00882	0.01189	0.01189	0.00729	0.82855	0.01803	0.02416	0.00921	0.00921	0.00652	0.00460	0.00384	0.00115	0.00422	0.00345	0.00384	0.00652
56	0.00470	0.00389	0.00412	0.00406	0.00528	0.00331	0.00304	0.00583	0.00913	0.01130	0.18844	0.03536	0.68959	0.00936	0.00453	0.00128	0.00192	0.00788	0.00368	0.00331
57	0.01594	0.00834	0.01028	0.00786	0.01089	0.00830	0.02511	0.35131	0.01383	0.48809	0.01252	0.01141	0.00819	0.00465	0.00386	0.00117	0.00373	0.00371	0.00431	0.00649
58	0.00546	0.00377	0.00423	0.00426	0.00447	0.00368	0.00256	0.00568	0.00621	0.00813	0.03470	0.02729	0.12025	0.70755	0.01678	0.00328	0.00344	0.03318	0.00257	0.00251
59	0.01366	0.04574	0.01093	0.00954	0.01158	0.72899	0.00723	0.01574	0.10169	0.01011	0.00698	0.00770	0.00569	0.00407	0.00347	0.00102	0.00639	0.00266	0.00218	0.00464
60	0.00877	0.37638	0.49827	0.00909	0.01375	0.01154	0.01097	0.01186	0.00797	0.01083	0.00623	0.00728	0.00488	0.00349	0.00315	0.00105	0.00501	0.00250	0.00163	0.00535
61	0.01228	0.00948	0.01013	0.00831	0.01095	0.01066	0.00668	0.43465	0.39903	0.03716	0.01231	0.01167	0.00900	0.00489	0.00387	0.00122	0.00365	0.00387	0.00388	0.00631
62	0.01230	0.00867	0.01615	0.01289	0.08955	0.00805	0.40474	0.01501	0.03755	0.33799	0.01086	0.01146	0.00748	0.00391	0.00418	0.00124	0.00492	0.00416	0.00310	0.00581
63	0.00730	0.00693	0.01187	0.82777	0.02619	0.00856	0.03813	0.00988	0.00771	0.00988	0.00685	0.01023	0.00513	0.00381	0.00386	0.00128	0.00516	0.00345	0.00171	0.00429
64	0.82511	0.00767	0.00609	0.00533	0.00776	0.00885	0.00439	0.07386	0.00741	0.01774	0.00563	0.00646	0.00433	0.00364	0.00248	0.00118	0.00306	0.00218	0.00248	0.00433
65	0.00774	0.01951	0.81770	0.01110	0.01671	0.00893	0.04153	0.01215	0.00813	0.01215	0.00691	0.00817	0.00489	0.00363	0.00367	0.00122	0.00569	0.00289	0.00163	0.00565
66	0.01025	0.86756	0.02009	0.00656	0.00984	0.01517	0.00656	0.01148	0.00779	0.00902	0.00533	0.00615	0.00492	0.00328	0.00246	0.00082	0.00410	0.00205	0.00164	0.00492
67	0.01025	0.86756	0.02009	0.00656	0.00984	0.01517	0.00656	0.01148	0.00779	0.00902	0.00533	0.00615	0.00492	0.00328	0.00246	0.00082	0.00410	0.00205	0.00164	0.00492
68	0.00467	0.00334	0.00445	0.00534	0.00556	0.00311	0.00356	0.00534	0.00734	0.00979	0.02113	0.86275	0.02536	0.01201	0.00489	0.00156	0.00222	0.01090	0.00356	0.00311
69	0.00954	0.00824	0.00867	0.00780	0.00997	0.00954	0.00607	0.02037	0.83441	0.01604	0.01561	0.01431	0.01170	0.00520	0.00390	0.00130	0.00303	0.00433	0.00390	0.00607
70	0.00587	0.00427	0.00566	0.00553	0.00597	0.00477	0.00394	0.02882	0.00623	0.00871	0.01083	0.01892	0.01119	0.38086	0.44778	0.00484	0.03587	0.00469	0.00220	0.00307
71	0.00949	0.00911	0.01556	0.02353	0.84133	0.00911	0.01177	0.01177	0.00873	0.01253	0.00721	0.00949	0.00607	0.00342	0.00380	0.00114	0.00456	0.00342	0.00190	0.00607
72	0.00467	0.00334	0.00445	0.00534	0.00556	0.00311	0.00356	0.00534	0.00734	0.00979	0.02113	0.86275	0.02536	0.01201	0.00489	0.00156	0.00222	0.01090	0.00356	0.00311
73	0.24186	0.00713	0.00829	0.00654	0.00936	0.00695	0.00540	0.08817	0.01045	0.55926	0.01209	0.01096	0.00786	0.00443	0.00347	0.00118	0.00327	0.00336	0.00406	0.00592
74	0.01014	0.83142	0.05527	0.00675	0.01013	0.01490	0.00688	0.01151	0.00780	0.00915	0.00540	0.00623	0.00492	0.00330	0.00251	0.00084	0.00417	0.00208	0.00164	0.00495
75	0.00465	0.00389	0.00404	0.00400	0.00525	0.00329	0.00300	0.00572	0.00901	0.01100	0.14067	0.03585	0.73755	0.00947	0.00453	0.00128	0.00193	0.00794	0.00364	0.00329
76	0.00475	0.00349	0.00448	0.00522	0.00564	0.00321	0.00361	0.00555	0.00770	0.01009	0.04230	0.68259	0.14024	0.01151	0.00486	0.00152	0.00225	0.05426	0.00357	0.00317
77	0.00949	0.00911	0.01556	0.02353	0.84133	0.00911	0.01177	0.01177	0.00873	0.01253	0.00721	0.00949	0.00607	0.00342	0.00380	0.00114	0.00456	0.00342	0.00190	0.00607
78	0.01679	0.00655	0.00887	0.00685	0.00975	0.00575	0.00564	0.02887	0.02293	0.80229	0.01495	0.01307	0.00949	0.00530	0.02322	0.00130	0.00343	0.00386	0.00466	0.00645
79	0.01434	0.01781	0.01091	0.00981	0.01186	0.79787	0.00740	0.06576	0.01131	0.01030	0.00613	0.00706	0.00504	0.00399	0.00348	0.00100	0.00675	0.00253	0.00209	0.00457
80	0.00616	0.00432	0.00465	0.00441	0.00591	0.00370	0.00341	0.02159	0.00915	0.10244	0.03503	0.03402	0.70385	0.00911	0.00447	0.00130	0.00219	0.03694	0.00369	0.00367
81	0.01438	0.01668	0.01100	0.00966	0.01186	0.67312	0.00738	0.18684	0.01238	0.01250	0.00662	0.00740	0.00527	0.00409	0.00354	0.00102	0.00635	0.00268	0.00237	0.00488
82	0.00530	0.00382	0.00501	0.00491	0.00570	0.00353	0.00361	0.00691	0.01024	0.01441	0.69736	0.17336	0.03430	0.00856	0.00459	0.00127	0.00188	0.00762	0.00411	0.00353
83	0.00880	0.02706	0.16510	0.03228	0.01939	0.00963	0.65508	0.01219	0.00883	0.01215	0.00754	0.00988	0.00562	0.00332	0.00432	0.00127	0.00626	0.00416	0.00187	0.00523
84	0.00844	0.00788	0.01246	0.41128	0.31486	0.00891	0.01025	0.01234	0.15149	0.01186	0.00848	0.01067	0.00660	0.00392	0.00383	0.00123	0.00455	0.00357	0.00215	0.00522
85	0.00503	0.00339	0.00432	0.00506	0.00535	0.00320	0.00339	0.00581	0.00734	0.01025	0.01959	0.71370	0.02282	0.05243	0.00532	0.00158	0.00224	0.00971	0.11633	0.00313
86	0.00772	0.05729	0.78552	0.01058	0.01599	0.00903	0.01354	0.01193	0.00806	0.01194	0.00720	0.03134	0.00542	0.00386	0.00362	0.00121	0.00550	0.00302	0.00167	0.00556
87	0.00656	0.00584	0.00865	0.00782	0.00907	0.00622	0.11047	0.00851	0.04777	0.01101	0.02092	0.07389	0.23960	0.00856	0.00616	0.00153	0.15167	0.26885	0.00303	0.00387
88	0.01130	0.43037	0.14774	0.00844	0.01163	0.31167	0.00807	0.01295	0.00893	0.00965	0.00579	0.00673	0.00492	0.00358	0.00300	0.00094	0.00535	0.00232	0.00176	0.00487
89	0.89233	0.00741	0.00564	0.00504	0.00741	0.00860	0.00415	0.01127	0.00653	0.01720	0.00534	0.00623	0.00415	0.00356	0.00237	0.00119	0.00297	0.00208	0.00237	0.00415
90	0.01551	0.00924	0.01058	0.00811	0.01114	0.00966	0.00670	0.53992	0.01551	0.31634	0.01132	0.01058	0.00758	0.00465	0.00384	0.00116	0.00388	0.00360	0.00416	0.00652
91	0.00795	0.00681	0.00795	0.00568	0.00909	0.00511	0.00454	0.00965	0.00795	0.01249	0.00681	0.00795	0.00568	0.00284	0.00284	0.00057	0.00284	0.00227	0.00227	0.88869
92	0.02534	0.00937	0.01851	0.01363	0.01663	0.00943	0.56142	0.01228	0.00863	0.10337	0.00836	0.02973	0.00650	0.00421	0.00582	0.00135	0.15373	0.00435	0.00225	0.00509
93	0.00839	0.00839	0.01174	0.01007	0.01007	0.01174	0.00839	0.00923	0.00587	0.00923	0.00503	0.00839	0.00503	0.00671	0.01258	0.00168	0.85823	0.00336	0.00168	0.00419
94	0.00745	0.00452	0.00583	0.00524	0.00654	0.00418	0.00402	0.00956	0.04547	0.14739	0.64625	0.02583	0.05793	0.00730	0.00439	0.00121	0.00210	0.00637	0.00427	0.00417
95	0.00456	0.00387	0.00394	0.00396	0.00521	0.00324	0.00296	0.00555	0.00875	0.01049	0.06219	0.06609	0.78667	0.00974	0.00454	0.00130	0.00195	0.00816	0.00358	0.00324
96	0.01151	0.01371	0.15802	0.01082	0.01401	0.21510	0.17398	0.24994	0.01175	0.01477	0.00851	0.00960	0.03457	0.00429	0.00436	0.00118	0.05256	0.00348	0.00249	0.00535
97	0.00788	0.08262	0.78426	0.01060	0.01609	0.00937	0.01360	0.01209	0.00807	0.01191	0.00677	0.00795	0.00486	0.00362	0.00356	0.00119	0.00555	0.00278	0.00162	0.00561
98	0.00922	0.00551	0.00641	0.00555	0.00669	0.00556	0.00391	0.15846	0.00903	0.15598	0.04027	0.02016	0.02447	0.49810	0.03221	0.00274	0.00379	0.00494	0.00310	0.00390
99	0.00769	0.01983	0.84538	0.01093	0.01659	0.00890	0.01417	0.01214	0.00810	0.01214	0.00688	0.00810	0.00486	0.00364	0.00364	0.00121	0.00567	0.00283	0.00162	0.00567
100	0.01459	0.00901	0.01092	0.00935	0.07262	0.03806	0.03451	0.35062	0.04804	0.33353	0.01168	0.01169	0.00813	0.00467	0.00389	0.00118	0.00398	0.02333	0.00391	0.00628
101	0.00467	0.00334	0.00445	0.00534	0.00556	0.00311	0.00356	0.00534	0.00734	0.00979	0.02113	0.86275	0.02536	0.01201	0.00489	0.00156	0.00222	0.01090	0.00356	0.00311
102	0.00467	0.00334	0.00445	0.00534	0.00556	0.00311	0.00356	0.00534	0.00734	0.00979	0.02113	0.86275	0.02536	0.01201	0.00489	0.00156	0.00222	0.01090	0.00356	0.00311
