[name]
unknown

[dist]
# distance from previous block
# <min> <max>
0	113

[block]
# block no. 0 follows, 71 sequences, length 53
# corresponding to MSA columns:
# 117-169
name=unknown_A
#
# <colnr> <probs for GDERKNQSTAVLIFYWHMCP>
#	G	D	E	R	K	N	Q	S	T	A	V	L	I	F	Y	W	H	M	C	P
0	0.01005	0.06615	0.10607	0.00953	0.02097	0.13483	0.12996	0.13500	0.02588	0.04257	0.01065	0.08445	0.00980	0.00552	0.00418	0.00123	0.02176	0.12035	0.00269	0.05836
1	0.01091	0.04912	0.02665	0.02014	0.01190	0.01994	0.13541	0.31496	0.11908	0.05368	0.04446	0.01402	0.08842	0.00501	0.00395	0.00118	0.00404	0.01981	0.00329	0.05405
2	0.00488	0.00362	0.00503	0.07582	0.00729	0.00356	0.00415	0.00571	0.00737	0.00979	0.01995	0.79212	0.02368	0.01133	0.00481	0.00153	0.00246	0.01028	0.00341	0.00321
3	0.03236	0.00811	0.01370	0.16186	0.52419	0.00833	0.06511	0.01072	0.00850	0.01196	0.02061	0.03349	0.07578	0.00427	0.00391	0.00120	0.00443	0.00407	0.00209	0.00531
4	0.00517	0.00386	0.00480	0.00466	0.00560	0.00349	0.00346	0.00671	0.01011	0.01384	0.59983	0.09952	0.20764	0.00859	0.00456	0.00125	0.00187	0.00751	0.00402	0.00349
5	0.00776	0.00704	0.01297	0.10376	0.05395	0.00716	0.30134	0.00964	0.00771	0.04889	0.01023	0.09743	0.00970	0.16215	0.10378	0.00231	0.04264	0.00504	0.00227	0.00422
6	0.00490	0.00362	0.00480	0.02135	0.02749	0.00341	0.00378	0.00565	0.00742	0.00985	0.02146	0.70814	0.09126	0.05087	0.00547	0.00161	0.00238	0.01001	0.01335	0.00319
7	0.00684	0.00627	0.01040	0.72352	0.02316	0.00768	0.00954	0.00910	0.00762	0.00980	0.00905	0.14302	0.00827	0.00511	0.00400	0.00132	0.00466	0.00457	0.00199	0.00408
8	0.04261	0.01098	0.01129	0.00875	0.01175	0.05058	0.00719	0.76479	0.01733	0.02326	0.00893	0.00900	0.00637	0.00454	0.00377	0.00114	0.00430	0.00336	0.00370	0.00635
9	0.08430	0.07847	0.21852	0.00878	0.06391	0.02740	0.00808	0.07334	0.02736	0.21380	0.00912	0.01819	0.00661	0.00393	0.00341	0.00106	0.00406	0.00306	0.00280	0.14380
10	0.01113	0.30277	0.02384	0.03735	0.15981	0.21782	0.00793	0.04822	0.10050	0.02161	0.00729	0.00826	0.00601	0.00387	0.00352	0.00103	0.02887	0.00282	0.00215	0.00519
11	0.09898	0.00661	0.00859	0.00666	0.00957	0.00591	0.00550	0.01799	0.01056	0.76673	0.01421	0.01241	0.00899	0.00463	0.00372	0.00119	0.00323	0.00369	0.00452	0.00630
12	0.00865	0.00780	0.01107	0.10355	0.34322	0.00840	0.00833	0.01370	0.29911	0.01292	0.01240	0.01418	0.05799	0.07587	0.00518	0.00143	0.00385	0.00419	0.00272	0.00540
13	0.01102	0.00576	0.00730	0.00618	0.00815	0.00538	0.00485	0.08027	0.05492	0.34320	0.22792	0.14144	0.04378	0.00670	0.00417	0.00123	0.00275	0.00574	0.00420	0.03503
14	0.00795	0.00681	0.00795	0.00568	0.00909	0.00511	0.00454	0.00965	0.00795	0.01249	0.00681	0.00795	0.00568	0.00284	0.00284	0.00057	0.00284	0.00227	0.00227	0.88869
15	0.01034	0.00818	0.00878	0.00776	0.01002	0.00929	0.00607	0.04760	0.73854	0.08491	0.01535	0.01403	0.01135	0.00514	0.00390	0.00129	0.00309	0.00427	0.00397	0.00612
16	0.00915	0.00912	0.01384	0.29579	0.50500	0.07857	0.01104	0.01141	0.00856	0.01137	0.00698	0.00952	0.00566	0.00360	0.00378	0.00117	0.00493	0.00333	0.00184	0.00534
17	0.81900	0.00737	0.00612	0.07555	0.00899	0.00859	0.00469	0.01115	0.00662	0.01659	0.00546	0.00656	0.00423	0.00358	0.00249	0.00119	0.00314	0.00219	0.00232	0.00416
18	0.01458	0.01074	0.01151	0.00882	0.01189	0.01189	0.00729	0.82855	0.01803	0.02416	0.00921	0.00921	0.00652	0.00460	0.00384	0.00115	0.00422	0.00345	0.00384	0.00652
19	0.01076	0.00753	0.09542	0.00691	0.01800	0.00595	0.00598	0.05553	0.06121	0.30185	0.14700	0.08272	0.05534	0.00575	0.00405	0.00116	0.01414	0.00482	0.00371	0.11216
20	0.00842	0.03539	0.01540	0.00689	0.00822	0.01636	0.01546	0.13131	0.12136	0.07269	0.01533	0.36708	0.01577	0.04651	0.03606	0.00167	0.05874	0.01952	0.00338	0.00444
21	0.01687	0.00705	0.00922	0.00707	0.01005	0.00642	0.00584	0.11988	0.01186	0.74154	0.01439	0.01257	0.00912	0.00473	0.00385	0.00118	0.00338	0.00381	0.00463	0.00652
22	0.01720	0.00653	0.00890	0.00682	0.00979	0.00564	0.00564	0.01869	0.01097	0.84399	0.01513	0.01305	0.00949	0.00475	0.00386	0.00119	0.00326	0.00386	0.00475	0.00653
23	0.89233	0.00741	0.00564	0.00504	0.00741	0.00860	0.00415	0.01127	0.00653	0.01720	0.00534	0.00623	0.00415	0.00356	0.00237	0.00119	0.00297	0.00208	0.00237	0.00415
24	0.00550	0.00409	0.00614	0.00614	0.00681	0.00476	0.00476	0.00681	0.00614	0.00885	0.01019	0.01499	0.00952	0.02843	0.83240	0.02482	0.01012	0.00409	0.00205	0.00339
25	0.01025	0.86756	0.02009	0.00656	0.00984	0.01517	0.00656	0.01148	0.00779	0.00902	0.00533	0.00615	0.00492	0.00328	0.00246	0.00082	0.00410	0.00205	0.00164	0.00492
26	0.00467	0.00368	0.00422	0.00461	0.00544	0.00323	0.00330	0.00556	0.00823	0.01030	0.05265	0.37474	0.45874	0.01063	0.00470	0.00141	0.00210	0.03501	0.00358	0.00321
27	0.00548	0.00410	0.00612	0.00612	0.00679	0.00477	0.00474	0.00682	0.00615	0.00887	0.01031	0.01529	0.00968	0.04788	0.83107	0.00611	0.01012	0.00414	0.00206	0.00340
28	0.01647	0.00769	0.00962	0.00738	0.01037	0.00737	0.00609	0.24304	0.01293	0.61688	0.01349	0.01199	0.00867	0.00471	0.00385	0.00118	0.00353	0.00374	0.00449	0.00652
29	0.01521	0.00972	0.01088	0.00834	0.01138	0.01038	0.00689	0.63338	0.01633	0.22173	0.01063	0.01013	0.00724	0.00464	0.00384	0.00116	0.00399	0.00355	0.00405	0.00652
30	0.00871	0.01533	0.48384	0.01388	0.13829	0.00898	0.21344	0.01241	0.00855	0.04933	0.00751	0.00907	0.00548	0.00356	0.00389	0.00122	0.00559	0.00338	0.00188	0.00564
31	0.02099	0.14488	0.18343	0.00926	0.07620	0.02395	0.03978	0.04464	0.01872	0.23750	0.00905	0.00938	0.00652	0.00382	0.00353	0.00104	0.01413	0.00304	0.00273	0.14741
32	0.06137	0.01560	0.00854	0.00758	0.04768	0.00763	0.00574	0.08287	0.29959	0.27195	0.01474	0.01392	0.05233	0.00535	0.01666	0.00128	0.00323	0.00405	0.07413	0.00574
33	0.00629	0.00487	0.00601	0.00563	0.00683	0.00483	0.02088	0.02015	0.15927	0.02354	0.44888	0.13991	0.12195	0.00798	0.00445	0.00128	0.00225	0.00701	0.00395	0.00405
34	0.00469	0.00388	0.00412	0.00409	0.00529	0.00330	0.00305	0.00580	0.00907	0.01122	0.17877	0.05669	0.67791	0.00944	0.00454	0.00129	0.00193	0.00796	0.00368	0.00330
35	0.00813	0.00698	0.00830	0.00644	0.04083	0.00543	0.00488	0.02147	0.02097	0.01272	0.00700	0.00813	0.00580	0.00292	0.00291	0.00061	0.00293	0.00236	0.00230	0.82889
36	0.13107	0.00703	0.00887	0.00727	0.03620	0.00659	0.00576	0.07624	0.01083	0.64997	0.01317	0.01177	0.00847	0.00454	0.00366	0.00118	0.00333	0.00358	0.00428	0.00620
37	0.02006	0.00926	0.02899	0.39313	0.07620	0.12586	0.07245	0.01074	0.00799	0.01021	0.00703	0.01066	0.00590	0.00488	0.01696	0.00138	0.15688	0.03509	0.00185	0.00446
38	0.89233	0.00741	0.00564	0.00504	0.00741	0.00860	0.00415	0.01127	0.00653	0.01720	0.00534	0.00623	0.00415	0.00356	0.00237	0.00119	0.00297	0.00208	0.00237	0.00415
39	0.00831	0.00910	0.01884	0.18375	0.02009	0.00892	0.59513	0.01122	0.00875	0.01162	0.01014	0.01252	0.07477	0.00389	0.00439	0.00129	0.00582	0.00460	0.00203	0.00483
40	0.58703	0.00741	0.00654	0.00563	0.00799	0.04456	0.00458	0.01275	0.00806	0.19922	0.07662	0.00962	0.00802	0.00419	0.00293	0.00118	0.00311	0.00289	0.00303	0.00464
41	0.07879	0.00402	0.00503	0.00569	0.00634	0.00394	0.00425	0.00672	0.00784	0.02409	0.04371	0.52992	0.05078	0.01066	0.00474	0.00155	0.00259	0.20247	0.00349	0.00337
42	0.00605	0.00406	0.00529	0.00490	0.00594	0.00372	0.00371	0.00781	0.01079	0.06150	0.76510	0.02806	0.06296	0.00773	0.00449	0.00121	0.00189	0.00680	0.00423	0.00377
43	0.08274	0.04869	0.01060	0.00830	0.05306	0.00943	0.00649	0.40874	0.01326	0.15582	0.00918	0.00926	0.00658	0.00412	0.00349	0.00104	0.00373	0.00314	0.00340	0.15894
44	0.00931	0.00801	0.00847	0.00769	0.00977	0.00924	0.00595	0.01968	0.79612	0.01575	0.01586	0.05359	0.01234	0.00552	0.00395	0.00131	0.00300	0.00464	0.00389	0.00593
45	0.14817	0.67697	0.04382	0.00647	0.00968	0.01362	0.00640	0.01171	0.00771	0.03867	0.00571	0.00646	0.00495	0.00339	0.00253	0.00090	0.00394	0.00214	0.00186	0.00488
46	0.00478	0.00380	0.00429	0.00437	0.00538	0.00331	0.00320	0.00592	0.00904	0.01154	0.23952	0.17326	0.49878	0.00962	0.00459	0.00132	0.00196	0.00827	0.00373	0.00331
47	0.01438	0.00985	0.01081	0.00842	0.01137	0.01073	0.00691	0.62085	0.10922	0.14110	0.01078	0.01033	0.00753	0.00469	0.00385	0.00117	0.00395	0.00361	0.00397	0.00647
48	0.00528	0.00386	0.00449	0.00449	0.00514	0.00359	0.00311	0.00616	0.00811	0.01070	0.24621	0.04653	0.24251	0.32924	0.01019	0.00221	0.00268	0.05920	0.00328	0.00302
49	0.00894	0.00634	0.00699	0.00620	0.00812	0.00657	0.00484	0.05172	0.34481	0.13120	0.09662	0.02193	0.26033	0.00668	0.00411	0.00126	0.00266	0.00557	0.02006	0.00504
50	0.00535	0.00388	0.00479	0.00459	0.00555	0.00353	0.00343	0.00698	0.01021	0.01427	0.62438	0.05070	0.17840	0.00808	0.00442	0.00121	0.00184	0.00704	0.05782	0.00353
51	0.00795	0.00681	0.00795	0.00568	0.00909	0.00511	0.00454	0.00965	0.00795	0.01249	0.00681	0.00795	0.00568	0.00284	0.00284	0.00057	0.00284	0.00227	0.00227	0.88869
52	0.02892	0.01744	0.11647	0.01499	0.00861	0.00522	0.06207	0.00829	0.01974	0.02538	0.29181	0.07012	0.17257	0.01971	0.10327	0.00185	0.00385	0.01413	0.00316	0.01240

[dist]
# distance from previous block
# <min> <max>
0	1

[block]
# block no. 1 follows, 71 sequences, length 70
# corresponding to MSA columns:
# 171-240
name=unknown_B
#
# <colnr> <probs for GDERKNQSTAVLIFYWHMCP>
#	G	D	E	R	K	N	Q	S	T	A	V	L	I	F	Y	W	H	M	C	P
0	0.80878	0.03367	0.00644	0.00541	0.00771	0.03279	0.00447	0.01132	0.00666	0.01645	0.00534	0.00632	0.00423	0.00368	0.00278	0.00119	0.03413	0.00213	0.00231	0.00419
1	0.00948	0.00813	0.00855	0.00770	0.00984	0.00940	0.00599	0.02011	0.81517	0.01600	0.01553	0.01430	0.01166	0.00518	0.00387	0.00129	0.00301	0.00432	0.02445	0.00601
2	0.00548	0.00411	0.00616	0.00616	0.00685	0.00479	0.00479	0.00685	0.00616	0.00890	0.01027	0.01506	0.00959	0.02876	0.85006	0.00616	0.01027	0.00411	0.00205	0.00342
3	0.81706	0.00734	0.00592	0.00520	0.00762	0.00835	0.00428	0.01191	0.00691	0.08832	0.00618	0.00682	0.00461	0.00366	0.00250	0.00119	0.00299	0.00223	0.00258	0.00436
4	0.00724	0.00681	0.01150	0.85604	0.02641	0.00852	0.01065	0.00980	0.00767	0.00980	0.00681	0.01022	0.00511	0.00383	0.00383	0.00128	0.00511	0.00341	0.00170	0.00426
5	0.00502	0.00390	0.00457	0.00440	0.00548	0.00345	0.00330	0.00646	0.00990	0.01312	0.47966	0.03235	0.39723	0.00868	0.00453	0.00125	0.00187	0.00745	0.00392	0.00345
6	0.01720	0.00653	0.00890	0.00682	0.00979	0.00564	0.00564	0.01869	0.01097	0.84399	0.01513	0.01305	0.00949	0.00475	0.00386	0.00119	0.00326	0.00386	0.00475	0.00653
7	0.00795	0.00681	0.00795	0.00568	0.00909	0.00511	0.00454	0.00965	0.00795	0.01249	0.00681	0.00795	0.00568	0.00284	0.00284	0.00057	0.00284	0.00227	0.00227	0.88869
8	0.00724	0.00681	0.01150	0.85604	0.02641	0.00852	0.01065	0.00980	0.00767	0.00980	0.00681	0.01022	0.00511	0.00383	0.00383	0.00128	0.00511	0.00341	0.00170	0.00426
9	0.01458	0.01074	0.01151	0.00882	0.01189	0.01189	0.00729	0.82855	0.01803	0.02416	0.00921	0.00921	0.00652	0.00460	0.00384	0.00115	0.00422	0.00345	0.00384	0.00652
10	0.89233	0.00741	0.00564	0.00504	0.00741	0.00860	0.00415	0.01127	0.00653	0.01720	0.00534	0.00623	0.00415	0.00356	0.00237	0.00119	0.00297	0.00208	0.00237	0.00415
11	0.00467	0.00335	0.00444	0.00531	0.00555	0.00312	0.00355	0.00534	0.00736	0.00980	0.02143	0.84904	0.03887	0.01197	0.00489	0.00155	0.00222	0.01085	0.00356	0.00312
12	0.01720	0.00653	0.00890	0.00682	0.00979	0.00564	0.00564	0.01869	0.01097	0.84399	0.01513	0.01305	0.00949	0.00475	0.00386	0.00119	0.00326	0.00386	0.00475	0.00653
13	0.00669	0.00419	0.00553	0.00510	0.00620	0.00383	0.00388	0.00842	0.01070	0.10466	0.70540	0.05748	0.03264	0.00771	0.00448	0.00123	0.00201	0.02171	0.00424	0.00391
14	0.00949	0.00911	0.01556	0.02353	0.84133	0.00911	0.01177	0.01177	0.00873	0.01253	0.00721	0.00949	0.00607	0.00342	0.00380	0.00114	0.00456	0.00342	0.00190	0.00607
15	0.00932	0.00996	0.01140	0.00990	0.01027	0.15703	0.00810	0.01020	0.00675	0.00924	0.00536	0.00836	0.00517	0.00697	0.03911	0.00171	0.68196	0.00323	0.00174	0.00421
16	0.85600	0.00755	0.00588	0.00520	0.00760	0.00874	0.00428	0.04510	0.00700	0.01749	0.00550	0.00635	0.00425	0.00360	0.00243	0.00118	0.00302	0.00213	0.00243	0.00425
17	0.00454	0.00386	0.00391	0.00395	0.00520	0.00323	0.00294	0.00550	0.00868	0.01033	0.03805	0.07360	0.80359	0.00981	0.00455	0.00131	0.00195	0.00822	0.00356	0.00323
18	0.01289	0.09262	0.01481	0.01046	0.01358	0.13085	0.20376	0.41539	0.01367	0.04247	0.00820	0.00898	0.00606	0.00406	0.00382	0.00113	0.00510	0.00345	0.00294	0.00575
19	0.00946	0.00809	0.00851	0.00767	0.00980	0.00936	0.00597	0.02003	0.80926	0.01599	0.01551	0.01430	0.01165	0.00518	0.00386	0.00129	0.00300	0.00431	0.03076	0.00599
20	0.85611	0.00738	0.00577	0.00512	0.00751	0.00848	0.00421	0.01158	0.00671	0.05143	0.00574	0.00651	0.00437	0.00361	0.00243	0.00119	0.00298	0.00215	0.00247	0.00425
21	0.01720	0.00653	0.00890	0.00682	0.00979	0.00564	0.00564	0.01869	0.01097	0.84399	0.01513	0.01305	0.00949	0.00475	0.00386	0.00119	0.00326	0.00386	0.00475	0.00653
22	0.89233	0.00741	0.00564	0.00504	0.00741	0.00860	0.00415	0.01127	0.00653	0.01720	0.00534	0.00623	0.00415	0.00356	0.00237	0.00119	0.00297	0.00208	0.00237	0.00415
23	0.00543	0.00392	0.00513	0.00482	0.00573	0.00362	0.00362	0.00724	0.01085	0.01538	0.83931	0.02864	0.03618	0.00784	0.00452	0.00121	0.00181	0.00693	0.00422	0.00362
24	0.00501	0.00390	0.00454	0.00438	0.00547	0.00344	0.00329	0.00642	0.00986	0.01301	0.46244	0.03253	0.41452	0.00872	0.00453	0.00125	0.00187	0.00748	0.00391	0.00344
25	0.01025	0.86756	0.02009	0.00656	0.00984	0.01517	0.00656	0.01148	0.00779	0.00902	0.00533	0.00615	0.00492	0.00328	0.00246	0.00082	0.00410	0.00205	0.00164	0.00492
26	0.01241	0.00665	0.00989	0.35165	0.01644	0.00697	0.00768	0.04160	0.00960	0.43109	0.01128	0.01189	0.00762	0.00571	0.05115	0.00150	0.00444	0.00367	0.00333	0.00543
27	0.01025	0.86756	0.02009	0.00656	0.00984	0.01517	0.00656	0.01148	0.00779	0.00902	0.00533	0.00615	0.00492	0.00328	0.00246	0.00082	0.00410	0.00205	0.00164	0.00492
28	0.00548	0.00411	0.00616	0.00616	0.00685	0.00479	0.00479	0.00685	0.00616	0.00890	0.01027	0.01506	0.00959	0.02876	0.85006	0.00616	0.01027	0.00411	0.00205	0.00342
29	0.00817	0.00739	0.01035	0.51164	0.01973	0.00893	0.00879	0.01409	0.34334	0.01233	0.01038	0.01188	0.00779	0.00439	0.00386	0.00129	0.00427	0.00378	0.00260	0.00499
30	0.89233	0.00741	0.00564	0.00504	0.00741	0.00860	0.00415	0.01127	0.00653	0.01720	0.00534	0.00623	0.00415	0.00356	0.00237	0.00119	0.00297	0.00208	0.00237	0.00415
31	0.00771	0.01900	0.79197	0.01059	0.01612	0.00866	0.01355	0.01198	0.00809	0.01216	0.00688	0.00809	0.00491	0.00359	0.00359	0.00117	0.00549	0.00280	0.00166	0.06199
32	0.00534	0.00390	0.00501	0.00477	0.00568	0.00357	0.00356	0.00705	0.01059	0.01483	0.75475	0.05499	0.09539	0.00811	0.00453	0.00122	0.00183	0.00714	0.00415	0.00357
33	0.07174	0.00886	0.01463	0.06951	0.73613	0.00904	0.01117	0.01162	0.00851	0.01270	0.00706	0.00930	0.00588	0.00345	0.00370	0.00115	0.00447	0.00332	0.00192	0.00583
34	0.00520	0.00391	0.00481	0.00459	0.00559	0.00352	0.00344	0.00680	0.01032	0.01412	0.63840	0.03071	0.23788	0.00831	0.00452	0.00123	0.00184	0.00722	0.00406	0.00352
35	0.00551	0.00395	0.00507	0.00512	0.00602	0.00365	0.00391	0.00703	0.00979	0.02735	0.48193	0.14295	0.14812	0.00901	0.00467	0.00135	0.00216	0.12495	0.00395	0.00353
36	0.00467	0.00334	0.00445	0.00534	0.00556	0.00311	0.00356	0.00534	0.00734	0.00979	0.02113	0.86275	0.02536	0.01201	0.00489	0.00156	0.00222	0.01090	0.00356	0.00311
37	0.00558	0.00372	0.00418	0.00418	0.00418	0.00372	0.00232	0.00558	0.00558	0.00743	0.01208	0.02509	0.01394	0.86525	0.01952	0.00372	0.00372	0.00558	0.00232	0.00232
38	0.01432	0.01827	0.01087	0.00988	0.01185	0.84986	0.00741	0.01531	0.01087	0.00938	0.00593	0.00691	0.00494	0.00395	0.00346	0.00099	0.00691	0.00247	0.00198	0.00444
39	0.00839	0.00839	0.01174	0.01007	0.01007	0.01174	0.00839	0.00923	0.00587	0.00923	0.00503	0.00839	0.00503	0.00671	0.01258	0.00168	0.85823	0.00336	0.00168	0.00419
40	0.09140	0.02681	0.01114	0.00888	0.03920	0.02566	0.00708	0.65704	0.04032	0.04140	0.00899	0.00910	0.00646	0.00446	0.00368	0.00115	0.00411	0.00332	0.00359	0.00622
41	0.00973	0.37661	0.22872	0.01006	0.07182	0.02102	0.08997	0.04760	0.07270	0.02763	0.00726	0.00820	0.00576	0.00362	0.00327	0.00105	0.00470	0.00287	0.00202	0.00540
42	0.00979	0.01014	0.08908	0.04845	0.52702	0.04330	0.07254	0.02252	0.04323	0.05875	0.03263	0.01031	0.00718	0.00375	0.00385	0.00117	0.00470	0.00358	0.00221	0.00580
43	0.01044	0.79083	0.04251	0.00679	0.01006	0.02606	0.00678	0.01176	0.00792	0.03715	0.00571	0.00648	0.00507	0.00340	0.00270	0.00086	0.01659	0.00216	0.00175	0.00498
44	0.00557	0.00375	0.00433	0.00432	0.00438	0.00379	0.00250	0.00568	0.00569	0.00765	0.02429	0.02449	0.01399	0.79758	0.07380	0.00384	0.00412	0.00550	0.00233	0.00241
45	0.00938	0.02497	0.33505	0.01176	0.11773	0.04254	0.10414	0.05781	0.08148	0.06267	0.02061	0.03397	0.00722	0.00413	0.00388	0.00118	0.01452	0.00357	0.01188	0.05149
46	0.00489	0.00390	0.00438	0.00426	0.00540	0.00339	0.00319	0.00620	0.00958	0.01236	0.35894	0.03360	0.51842	0.00896	0.00453	0.00126	0.00189	0.00763	0.00382	0.00339
47	0.01026	0.01263	0.19207	0.03251	0.26666	0.15811	0.08709	0.03746	0.03223	0.06615	0.05177	0.01050	0.01718	0.00403	0.00383	0.00116	0.00510	0.00352	0.00229	0.00545
48	0.00966	0.00839	0.06695	0.05455	0.40084	0.00752	0.06258	0.01198	0.01946	0.14113	0.07754	0.01387	0.07287	0.00453	0.00393	0.00118	0.00406	0.00417	0.02930	0.00548
49	0.89233	0.00741	0.00564	0.00504	0.00741	0.00860	0.00415	0.01127	0.00653	0.01720	0.00534	0.00623	0.00415	0.00356	0.00237	0.00119	0.00297	0.00208	0.00237	0.00415
50	0.01018	0.84346	0.04355	0.00668	0.01003	0.01499	0.00678	0.01150	0.00780	0.00911	0.00537	0.00621	0.00492	0.00329	0.00249	0.00083	0.00414	0.00207	0.00164	0.00494
51	0.00724	0.00681	0.01150	0.85604	0.02641	0.00852	0.01065	0.00980	0.00767	0.00980	0.00681	0.01022	0.00511	0.00383	0.00383	0.00128	0.00511	0.00341	0.00170	0.00426
52	0.00492	0.00390	0.00442	0.00429	0.00542	0.00340	0.00322	0.00625	0.00965	0.01252	0.38361	0.03334	0.49366	0.00890	0.00453	0.00126	0.00188	0.00759	0.00384	0.00340
53	0.01720	0.00653	0.00890	0.00682	0.00979	0.00564	0.00564	0.01869	0.01097	0.84399	0.01513	0.01305	0.00949	0.00475	0.00386	0.00119	0.00326	0.00386	0.00475	0.00653
54	0.00905	0.01034	0.02262	0.01616	0.02004	0.00970	0.82741	0.01228	0.00905	0.01228	0.00776	0.01034	0.00582	0.00323	0.00452	0.00129	0.00646	0.00452	0.00194	0.00517
55	0.00483	0.00344	0.00456	0.00541	0.00566	0.00324	0.00369	0.00555	0.00736	0.00979	0.02059	0.75706	0.02450	0.05745	0.00570	0.00169	0.00240	0.07048	0.00349	0.00310
56	0.00488	0.00390	0.00436	0.00425	0.00539	0.00338	0.00318	0.00617	0.00955	0.01229	0.34661	0.03372	0.53081	0.00899	0.00453	0.00126	0.00189	0.00765	0.00381	0.00338
57	0.00467	0.00336	0.00443	0.00529	0.00555	0.00312	0.00354	0.00534	0.00739	0.00981	0.02178	0.83279	0.05490	0.01193	0.00488	0.00155	0.00221	0.01080	0.00356	0.00312
58	0.00769	0.01983	0.84538	0.01093	0.01659	0.00890	0.01417	0.01214	0.00810	0.01214	0.00688	0.00810	0.00486	0.00364	0.00364	0.00121	0.00567	0.00283	0.00162	0.00567
59	0.00862	0.00829	0.01426	0.28857	0.46280	0.00883	0.07411	0.01136	0.03842	0.01184	0.03105	0.01051	0.00680	0.00373	0.00389	0.00120	0.00475	0.00363	0.00198	0.00535
60	0.00456	0.00389	0.00396	0.00396	0.00523	0.00329	0.00298	0.00555	0.00865	0.01031	0.03788	0.03617	0.81191	0.01035	0.03292	0.00146	0.00222	0.00796	0.00351	0.00324
61	0.00576	0.00409	0.00518	0.00491	0.00592	0.00380	0.00369	0.00764	0.03372	0.03936	0.64033	0.07588	0.12406	0.00848	0.01894	0.00132	0.00207	0.00708	0.00408	0.00370
62	0.01015	0.26383	0.10615	0.00799	0.01065	0.23368	0.00722	0.01307	0.12399	0.01100	0.03689	0.05280	0.00905	0.00480	0.00345	0.00108	0.00462	0.05582	0.00237	0.04140
63	0.01273	0.37041	0.01354	0.00665	0.00977	0.03099	0.00593	0.01434	0.02838	0.33527	0.00961	0.00930	0.00697	0.00385	0.00312	0.00094	0.00364	0.00285	0.00300	0.12872
64	0.01277	0.26987	0.18052	0.00783	0.01146	0.00929	0.03236	0.01483	0.00932	0.38339	0.01013	0.00979	0.00699	0.00400	0.00339	0.00107	0.00409	0.00309	0.00305	0.02278
65	0.00645	0.01020	0.31598	0.00769	0.03439	0.00588	0.02713	0.01925	0.00912	0.02292	0.20993	0.03429	0.26830	0.00661	0.00417	0.00124	0.00352	0.00559	0.00293	0.00443
66	0.00766	0.00748	0.08228	0.02432	0.07466	0.03808	0.10468	0.01857	0.00960	0.07715	0.28127	0.04816	0.17127	0.00652	0.00453	0.00124	0.02915	0.00573	0.00322	0.00441
67	0.00679	0.00897	0.24599	0.00734	0.00984	0.00562	0.05219	0.01997	0.00988	0.04491	0.47081	0.06545	0.02361	0.00645	0.00426	0.00123	0.00327	0.00568	0.00333	0.00441
68	0.00580	0.00499	0.03988	0.00529	0.00649	0.00405	0.00411	0.00708	0.00993	0.01333	0.40636	0.14180	0.31735	0.00928	0.00482	0.00141	0.00232	0.00788	0.00400	0.00386
69	0.00893	0.08970	0.03986	0.00724	0.00933	0.05762	0.05150	0.09114	0.18328	0.04941	0.34710	0.01792	0.01942	0.00577	0.00401	0.00117	0.00328	0.00491	0.00354	0.00487

[dist]
# distance from previous block
# <min> <max>
3	8

[block]
# block no. 2 follows, 71 sequences, length 14
# corresponding to MSA columns:
# 249-262
name=unknown_C
#
# <colnr> <probs for GDERKNQSTAVLIFYWHMCP>
#	G	D	E	R	K	N	Q	S	T	A	V	L	I	F	Y	W	H	M	C	P
0	0.00985	0.10219	0.37859	0.00953	0.01346	0.10692	0.05989	0.08464	0.04138	0.06587	0.05527	0.01070	0.03649	0.00428	0.00367	0.00115	0.00497	0.00340	0.00238	0.00536
1	0.01132	0.00912	0.00967	0.00816	0.01065	0.01037	0.00650	0.30562	0.54627	0.01891	0.01335	0.01251	0.00987	0.00499	0.00388	0.00125	0.00345	0.00402	0.00388	0.00623
2	0.01096	0.09286	0.24398	0.00822	0.01163	0.00801	0.04029	0.05621	0.09023	0.26023	0.04828	0.05273	0.04949	0.00499	0.00380	0.00120	0.00399	0.00412	0.00320	0.00559
3	0.00724	0.00681	0.01150	0.85604	0.02641	0.00852	0.01065	0.00980	0.00767	0.00980	0.00681	0.01022	0.00511	0.00383	0.00383	0.00128	0.00511	0.00341	0.00170	0.00426
4	0.89233	0.00741	0.00564	0.00504	0.00741	0.00860	0.00415	0.01127	0.00653	0.01720	0.00534	0.00623	0.00415	0.00356	0.00237	0.00119	0.00297	0.00208	0.00237	0.00415
5	0.01170	0.01275	0.38900	0.00877	0.01278	0.00759	0.00955	0.05931	0.03081	0.33772	0.02830	0.01157	0.03369	0.00451	0.00400	0.00122	0.02413	0.00356	0.00313	0.00591
6	0.80470	0.00821	0.00618	0.00548	0.00786	0.06032	0.00447	0.04297	0.00723	0.01699	0.00552	0.00639	0.00429	0.00362	0.00250	0.00117	0.00326	0.00215	0.00240	0.00426
7	0.83290	0.00735	0.00586	0.00516	0.00758	0.00840	0.00425	0.01177	0.00683	0.07336	0.00600	0.00669	0.00451	0.00364	0.00247	0.00119	0.00299	0.00220	0.00253	0.00431
8	0.00558	0.00372	0.00418	0.00418	0.00418	0.00372	0.00232	0.00558	0.00558	0.00743	0.01208	0.02509	0.01394	0.86525	0.01952	0.00372	0.00372	0.00558	0.00232	0.00232
9	0.89233	0.00741	0.00564	0.00504	0.00741	0.00860	0.00415	0.01127	0.00653	0.01720	0.00534	0.00623	0.00415	0.00356	0.00237	0.00119	0.00297	0.00208	0.00237	0.00415
10	0.01458	0.01074	0.01151	0.00882	0.01189	0.01189	0.00729	0.82855	0.01803	0.02416	0.00921	0.00921	0.00652	0.00460	0.00384	0.00115	0.00422	0.00345	0.00384	0.00652
11	0.00954	0.00824	0.00867	0.00780	0.00997	0.00954	0.00607	0.02037	0.83441	0.01604	0.01561	0.01431	0.01170	0.00520	0.00390	0.00130	0.00303	0.00433	0.00390	0.00607
12	0.89233	0.00741	0.00564	0.00504	0.00741	0.00860	0.00415	0.01127	0.00653	0.01720	0.00534	0.00623	0.00415	0.00356	0.00237	0.00119	0.00297	0.00208	0.00237	0.00415
13	0.07740	0.00953	0.01290	0.04606	0.50184	0.09697	0.00960	0.02979	0.05410	0.03774	0.02547	0.01020	0.02194	0.00403	0.00412	0.00117	0.04595	0.00343	0.00224	0.00552

[dist]
# distance from previous block
# <min> <max>
0	7

# created by:
# /st0/software/busco_prod/Augustus/scripts/msa2prfl.pl ./align_prep/36716.fa
