[name]
unknown

[dist]
# distance from previous block
# <min> <max>
2	73

[block]
# block no. 0 follows, 69 sequences, length 6
# corresponding to MSA columns:
# 74-79
name=unknown_A
#
# <colnr> <probs for GDERKNQSTAVLIFYWHMCP>
#	G	D	E	R	K	N	Q	S	T	A	V	L	I	F	Y	W	H	M	C	P
0	0.15035	0.00680	0.00770	0.00707	0.03048	0.04558	0.04069	0.01097	0.12465	0.04370	0.21012	0.07317	0.11570	0.02105	0.00495	0.00133	0.06758	0.00535	0.00330	0.02948
1	0.00836	0.00728	0.01085	0.01304	0.31385	0.00715	0.02855	0.06243	0.00855	0.01228	0.00934	0.07657	0.00883	0.08104	0.12734	0.00206	0.02685	0.00415	0.00233	0.18913
2	0.00875	0.00573	0.00721	0.00731	0.07084	0.00574	0.00500	0.02981	0.15768	0.14789	0.17604	0.08319	0.06288	0.17655	0.00742	0.00180	0.00308	0.03486	0.00366	0.00457
3	0.00905	0.03153	0.12835	0.05549	0.40103	0.00862	0.08687	0.04679	0.00914	0.03001	0.01043	0.05804	0.06089	0.00448	0.00397	0.00120	0.00459	0.00417	0.00226	0.04310
4	0.00644	0.00505	0.00630	0.00737	0.08950	0.02724	0.00474	0.00822	0.06691	0.04500	0.08474	0.44219	0.17192	0.00962	0.00464	0.00142	0.00266	0.00854	0.00355	0.00394
5	0.00793	0.00679	0.00808	0.00604	0.00888	0.00566	0.00476	0.00942	0.00771	0.01198	0.00734	0.00989	0.00658	0.08771	0.00543	0.00099	0.07552	0.00275	0.00228	0.72426

[dist]
# distance from previous block
# <min> <max>
0	3

[block]
# block no. 1 follows, 69 sequences, length 77
# corresponding to MSA columns:
# 83-159
name=unknown_B
#
# <colnr> <probs for GDERKNQSTAVLIFYWHMCP>
#	G	D	E	R	K	N	Q	S	T	A	V	L	I	F	Y	W	H	M	C	P
0	0.11212	0.00849	0.00963	0.00767	0.01006	0.00918	0.00626	0.23621	0.05814	0.01609	0.00795	0.02844	0.00655	0.00466	0.00531	0.00112	0.17981	0.00319	0.00278	0.28633
1	0.27683	0.00699	0.02300	0.00599	0.00809	0.00729	0.00484	0.07952	0.16076	0.07286	0.04048	0.07540	0.06080	0.00540	0.00343	0.00120	0.00289	0.00423	0.12591	0.03408
2	0.00681	0.00570	0.00722	0.05421	0.05449	0.04187	0.00515	0.00799	0.03287	0.00903	0.01030	0.01791	0.01054	0.36489	0.25926	0.00383	0.09769	0.00459	0.00220	0.00345
3	0.00571	0.00472	0.00537	0.00554	0.02902	0.03179	0.00387	0.00707	0.01986	0.01208	0.25943	0.22845	0.27630	0.03298	0.00498	0.00137	0.00238	0.00781	0.00362	0.05764
4	0.01337	0.05871	0.01180	0.06237	0.06701	0.64805	0.00794	0.01519	0.06046	0.01023	0.00677	0.00787	0.00556	0.00404	0.00356	0.00105	0.00641	0.00274	0.00210	0.00477
5	0.05995	0.00703	0.00860	0.00708	0.00954	0.00704	0.00567	0.03426	0.23922	0.46589	0.01405	0.01307	0.00967	0.00572	0.00500	0.07989	0.01432	0.00392	0.00414	0.00594
6	0.05244	0.00736	0.01111	0.61280	0.07916	0.03524	0.00984	0.03396	0.00827	0.01106	0.00808	0.03147	0.00674	0.00527	0.03193	0.00148	0.00514	0.04219	0.00201	0.00446
7	0.00555	0.00428	0.00511	0.00493	0.00605	0.00398	0.00375	0.00768	0.06052	0.01390	0.48740	0.04117	0.28566	0.00863	0.00463	0.00130	0.00206	0.04565	0.00404	0.00372
8	0.00486	0.00376	0.00446	0.00496	0.00573	0.00336	0.00358	0.00579	0.00832	0.01052	0.04526	0.42128	0.37445	0.01106	0.00487	0.00149	0.00225	0.07707	0.00365	0.00328
9	0.00803	0.00760	0.01288	0.62827	0.24666	0.00887	0.01120	0.01056	0.00813	0.01077	0.00708	0.01025	0.00549	0.00380	0.00391	0.00127	0.00507	0.00349	0.00180	0.00486
10	0.01048	0.86458	0.02054	0.00671	0.01006	0.01551	0.00671	0.01174	0.00797	0.00922	0.00545	0.00629	0.00503	0.00335	0.00252	0.00084	0.00419	0.00210	0.00168	0.00503
11	0.01271	0.01515	0.01288	0.01093	0.01282	0.53035	0.11678	0.03029	0.00995	0.02349	0.00634	0.00800	0.00530	0.00456	0.00564	0.00121	0.18387	0.00304	0.00203	0.00467
12	0.00702	0.00425	0.00513	0.00485	0.00526	0.00425	0.00309	0.00738	0.00663	0.09686	0.05783	0.02358	0.01457	0.65764	0.06369	0.00348	0.02332	0.00545	0.00272	0.00301
13	0.00936	0.00893	0.01508	0.02263	0.77736	0.00889	0.01139	0.01161	0.00898	0.01276	0.02799	0.01154	0.04811	0.00392	0.00394	0.00117	0.00446	0.00381	0.00208	0.00601
14	0.00740	0.00697	0.01176	0.85280	0.02700	0.00871	0.01089	0.01002	0.00784	0.01002	0.00697	0.01045	0.00523	0.00392	0.00392	0.00131	0.00523	0.00348	0.00174	0.00436
15	0.00828	0.00899	0.02893	0.01297	0.01562	0.00896	0.49820	0.01096	0.03104	0.01182	0.02968	0.11409	0.05051	0.00546	0.00599	0.00142	0.14458	0.00542	0.00232	0.00477
16	0.00875	0.00858	0.01663	0.01264	0.01556	0.02722	0.50246	0.01141	0.00949	0.05436	0.07946	0.01995	0.03640	0.00554	0.00473	0.00140	0.00531	0.17260	0.00271	0.00480
17	0.00888	0.00512	0.00633	0.00557	0.00675	0.00503	0.00404	0.08556	0.00940	0.17667	0.22042	0.02185	0.01805	0.33467	0.07240	0.00258	0.00376	0.00539	0.00348	0.00405
18	0.01658	0.00779	0.05516	0.00800	0.03763	0.01819	0.02081	0.02776	0.01103	0.73233	0.01440	0.01276	0.00916	0.00471	0.00393	0.00121	0.00364	0.00386	0.00448	0.00655
19	0.00860	0.05393	0.64916	0.01178	0.03565	0.01724	0.11369	0.01267	0.00853	0.04227	0.00738	0.00868	0.00529	0.00370	0.00379	0.00123	0.00572	0.00312	0.00182	0.00573
20	0.01124	0.01216	0.01172	0.01006	0.01151	0.31815	0.06690	0.02448	0.10070	0.03962	0.00761	0.00949	0.00640	0.01617	0.04024	0.00156	0.30163	0.00337	0.00226	0.00473
21	0.00786	0.02028	0.84191	0.01117	0.01697	0.00910	0.01448	0.01242	0.00828	0.01242	0.00704	0.00828	0.00497	0.00372	0.00372	0.00124	0.00579	0.00290	0.00166	0.00579
22	0.00588	0.00420	0.00521	0.00498	0.00604	0.00388	0.00372	0.00780	0.04078	0.04301	0.55577	0.10357	0.18332	0.00854	0.00461	0.00128	0.00201	0.00746	0.00414	0.00378
23	0.00985	0.01002	0.11178	0.00826	0.01085	0.05061	0.00712	0.01854	0.59875	0.05618	0.01487	0.05469	0.02014	0.00542	0.00399	0.00131	0.00359	0.00449	0.00362	0.00592
24	0.00831	0.00737	0.01127	0.32480	0.01706	0.00814	0.12075	0.08622	0.13615	0.02077	0.13787	0.01616	0.07024	0.00524	0.00420	0.00129	0.00423	0.01220	0.00289	0.00482
25	0.00984	0.01048	0.01372	0.28868	0.28322	0.18763	0.08340	0.01221	0.02746	0.01120	0.00760	0.03302	0.00629	0.00401	0.00392	0.00121	0.00543	0.00362	0.00199	0.00509
26	0.01702	0.00692	0.00917	0.00710	0.01009	0.00622	0.00584	0.04549	0.06169	0.76336	0.01530	0.01329	0.00974	0.00488	0.00394	0.00122	0.00335	0.00396	0.00477	0.00664
27	0.00478	0.00341	0.00455	0.00546	0.00569	0.00318	0.00364	0.00546	0.00751	0.01001	0.02161	0.85966	0.02593	0.01228	0.00500	0.00159	0.00227	0.01114	0.00364	0.00318
28	0.00948	0.00909	0.01551	0.10503	0.75855	0.00926	0.01192	0.01183	0.00882	0.01254	0.00733	0.00978	0.00611	0.00353	0.00388	0.00118	0.00471	0.00349	0.00192	0.00603
29	0.00714	0.00560	0.00697	0.00650	0.00727	0.02920	0.00490	0.09780	0.00760	0.01049	0.01031	0.01661	0.01010	0.23898	0.45068	0.00458	0.07487	0.00441	0.00234	0.00365
30	0.00467	0.00396	0.00403	0.00408	0.00536	0.00333	0.00306	0.00566	0.00889	0.01059	0.03878	0.06516	0.79500	0.01002	0.00466	0.00134	0.00202	0.02243	0.00364	0.00331
31	0.01663	0.00744	0.00950	0.00731	0.01029	0.00697	0.00603	0.17958	0.01266	0.64884	0.04282	0.01311	0.01005	0.00493	0.00396	0.00121	0.00348	0.00397	0.00465	0.00657
32	0.00751	0.00715	0.01221	0.73938	0.03955	0.00876	0.05095	0.01005	0.00781	0.01014	0.00709	0.01056	0.00544	0.00487	0.03360	0.00149	0.03371	0.00356	0.00177	0.00440
33	0.01464	0.01868	0.01111	0.01010	0.01212	0.84648	0.00757	0.01565	0.01111	0.00959	0.00606	0.00707	0.00505	0.00404	0.00353	0.00101	0.00707	0.00252	0.00202	0.00454
34	0.00968	0.00908	0.07952	0.00809	0.01054	0.00912	0.00684	0.05307	0.62151	0.04190	0.03870	0.02996	0.01256	0.00562	0.00407	0.00134	0.00337	0.04528	0.00380	0.00595
35	0.01021	0.03442	0.16374	0.00819	0.01097	0.03552	0.01796	0.05440	0.31748	0.14067	0.02290	0.14248	0.01198	0.00590	0.00404	0.00130	0.00376	0.00496	0.00348	0.00563
36	0.00480	0.00343	0.00457	0.00544	0.00569	0.00320	0.00364	0.00553	0.00763	0.01021	0.04996	0.83074	0.02631	0.01213	0.00499	0.00158	0.00226	0.01100	0.00366	0.00320
37	0.00836	0.00704	0.00849	0.00607	0.00956	0.00534	0.02323	0.01013	0.00822	0.03049	0.00717	0.00830	0.00589	0.00295	0.00296	0.00061	0.00300	0.00241	0.00237	0.84738
38	0.02920	0.00739	0.00999	0.00827	0.03286	0.00694	0.09013	0.05408	0.14491	0.16622	0.04080	0.01575	0.01076	0.00500	0.00389	0.00113	0.00357	0.10504	0.00333	0.26073
39	0.00847	0.00798	0.01339	0.50891	0.34544	0.00902	0.01126	0.02825	0.00849	0.01143	0.00718	0.01014	0.00564	0.00377	0.00390	0.00125	0.00498	0.00349	0.00187	0.00513
40	0.01237	0.00632	0.00859	0.00702	0.00931	0.00592	0.04582	0.04931	0.08794	0.41969	0.20060	0.06980	0.03289	0.00619	0.00424	0.00127	0.00310	0.01971	0.00435	0.00556
41	0.00740	0.00697	0.01176	0.85280	0.02700	0.00871	0.01089	0.01002	0.00784	0.01002	0.00697	0.01045	0.00523	0.00392	0.00392	0.00131	0.00523	0.00348	0.00174	0.00436
42	0.00512	0.00375	0.00487	0.00552	0.00609	0.00350	0.00404	0.00618	0.00837	0.01104	0.11497	0.51054	0.13358	0.01123	0.00499	0.00156	0.00243	0.15517	0.00371	0.00334
43	0.00821	0.01783	0.63525	0.01252	0.01786	0.00931	0.21869	0.01245	0.00852	0.01245	0.00726	0.00886	0.00521	0.00362	0.00395	0.00126	0.00600	0.00333	0.00174	0.00567
44	0.01759	0.00667	0.00910	0.00698	0.01001	0.00576	0.00576	0.01911	0.01122	0.84048	0.01547	0.01334	0.00970	0.00485	0.00394	0.00121	0.00334	0.00394	0.00485	0.00667
45	0.00930	0.01059	0.02240	0.01612	0.01986	0.02230	0.77111	0.01245	0.00912	0.01236	0.00777	0.01042	0.00590	0.00349	0.00502	0.00134	0.04872	0.00454	0.00197	0.00523
46	0.00478	0.00346	0.00452	0.00534	0.00566	0.00320	0.00359	0.00551	0.00768	0.01016	0.03856	0.78558	0.08341	0.01203	0.00497	0.00157	0.00225	0.01086	0.00365	0.00320
47	0.00915	0.01014	0.02140	0.08651	0.11035	0.00975	0.66763	0.01229	0.00910	0.01237	0.00779	0.01047	0.00592	0.00338	0.00449	0.00130	0.00628	0.00441	0.00196	0.00531
48	0.00482	0.00344	0.00460	0.00551	0.00575	0.00322	0.00371	0.00553	0.00755	0.01006	0.02158	0.83679	0.02583	0.01224	0.00502	0.00160	0.00231	0.03359	0.00364	0.00320
49	0.01367	0.00975	0.01009	0.00828	0.01087	0.09419	0.00665	0.27444	0.24247	0.22021	0.03135	0.01203	0.00938	0.00499	0.00422	0.00123	0.03223	0.00386	0.00391	0.00618
50	0.01273	0.00810	0.00982	0.00807	0.02162	0.00841	0.03336	0.29060	0.14783	0.23175	0.14394	0.01560	0.01363	0.00550	0.00412	0.00124	0.00353	0.03005	0.00413	0.00597
51	0.00636	0.00446	0.00622	0.00708	0.00796	0.00443	0.00610	0.00807	0.00894	0.02356	0.02075	0.10824	0.02264	0.01086	0.00536	0.00178	0.00350	0.73647	0.00363	0.00362
52	0.00813	0.00697	0.00813	0.00581	0.00929	0.00523	0.00465	0.00987	0.00813	0.01277	0.00697	0.00813	0.00581	0.00290	0.00290	0.00058	0.00290	0.00232	0.00232	0.88619
53	0.01219	0.01396	0.01198	0.01334	0.22718	0.47112	0.00852	0.01360	0.00996	0.02955	0.04783	0.00936	0.00718	0.00504	0.02719	0.00127	0.08048	0.00316	0.00215	0.00494
54	0.00555	0.00415	0.00608	0.00610	0.00677	0.00474	0.00468	0.00685	0.00639	0.00910	0.01180	0.04361	0.03472	0.06962	0.75406	0.00588	0.00966	0.00462	0.00221	0.00343
55	0.01011	0.00847	0.00902	0.00802	0.01026	0.00970	0.00632	0.10924	0.69180	0.01709	0.02558	0.01562	0.01219	0.00554	0.00406	0.00133	0.00325	0.04233	0.00397	0.00610
56	0.00962	0.00848	0.01209	0.47662	0.15621	0.05072	0.00993	0.14698	0.01001	0.03536	0.00780	0.01025	0.00593	0.00471	0.02656	0.00137	0.00512	0.00348	0.01367	0.00509
57	0.00741	0.00538	0.00705	0.01757	0.00838	0.00519	0.02714	0.05260	0.03256	0.05839	0.03032	0.06677	0.12319	0.06198	0.07661	0.00198	0.00393	0.30200	0.00330	0.10825
58	0.01058	0.01014	0.00929	0.00830	0.01033	0.16804	0.00648	0.07806	0.49288	0.01502	0.04225	0.01467	0.04070	0.00552	0.00442	0.00129	0.04616	0.02682	0.00349	0.00557
59	0.01000	0.01059	0.04844	0.01510	0.01897	0.00972	0.67938	0.04900	0.04001	0.06511	0.00873	0.01077	0.00640	0.00355	0.00450	0.00131	0.00615	0.00447	0.00231	0.00549
60	0.00599	0.00435	0.00505	0.00484	0.00606	0.00398	0.00363	0.00796	0.06141	0.05409	0.33361	0.09230	0.37069	0.00876	0.00455	0.00130	0.00209	0.00751	0.01802	0.00380
61	0.00932	0.00892	0.01432	0.27490	0.52863	0.03322	0.01135	0.04119	0.00897	0.01227	0.00726	0.00983	0.00588	0.00372	0.00398	0.00121	0.01401	0.00346	0.00195	0.00559
62	0.05283	0.22600	0.03002	0.00882	0.01137	0.52089	0.00720	0.03730	0.01014	0.01051	0.00604	0.00699	0.00509	0.00381	0.00322	0.00097	0.00587	0.00243	0.00202	0.04849
63	0.00740	0.00697	0.01176	0.85280	0.02700	0.00871	0.01089	0.01002	0.00784	0.01002	0.00697	0.01045	0.00523	0.00392	0.00392	0.00131	0.00523	0.00348	0.00174	0.00436
64	0.00731	0.00365	0.00365	0.00365	0.00457	0.00365	0.00274	0.00913	0.00822	0.01462	0.01279	0.01462	0.01005	0.00457	0.00274	0.00091	0.00183	0.00365	0.88399	0.00365
65	0.00550	0.00412	0.00507	0.00486	0.00584	0.00383	0.00360	0.00740	0.03997	0.01419	0.58713	0.06795	0.18186	0.04497	0.00528	0.00138	0.00202	0.00734	0.00407	0.00364
66	0.03014	0.14519	0.29369	0.00803	0.01150	0.00817	0.00849	0.02332	0.02089	0.20793	0.07706	0.08902	0.01135	0.01748	0.00403	0.00126	0.00411	0.03005	0.00296	0.00534
67	0.01266	0.00980	0.01043	0.00850	0.01122	0.01102	0.00686	0.48056	0.35163	0.02112	0.01216	0.01164	0.00890	0.00496	0.00393	0.00123	0.00377	0.00390	0.01928	0.00643
68	0.88991	0.00758	0.00576	0.00516	0.00758	0.00879	0.00425	0.01152	0.00667	0.01759	0.00546	0.00637	0.00425	0.00364	0.00243	0.00121	0.00303	0.00212	0.00243	0.00425
69	0.00994	0.00985	0.01138	0.16925	0.08036	0.14294	0.00852	0.08603	0.09595	0.01201	0.00771	0.00993	0.00639	0.00639	0.05114	0.00163	0.27022	0.00346	0.01202	0.00487
70	0.28656	0.00835	0.00893	0.00707	0.00995	0.00877	0.00584	0.27698	0.01214	0.32243	0.01042	0.00992	0.00703	0.00443	0.00347	0.00120	0.00356	0.00325	0.00380	0.00592
71	0.00815	0.00773	0.01311	0.58392	0.29005	0.00891	0.01126	0.01067	0.00819	0.01092	0.00710	0.01021	0.00555	0.00378	0.00391	0.00126	0.00504	0.00349	0.00181	0.00496
72	0.21839	0.00838	0.00898	0.00741	0.02448	0.00899	0.00584	0.35834	0.01245	0.17839	0.00980	0.01106	0.00739	0.08393	0.00548	0.03446	0.00375	0.00348	0.00349	0.00551
73	0.00540	0.00398	0.00505	0.00484	0.00578	0.00363	0.00361	0.00709	0.01066	0.01482	0.69963	0.06831	0.13572	0.00845	0.00464	0.00126	0.00189	0.00742	0.00420	0.00363
74	0.00504	0.00405	0.00441	0.00469	0.00549	0.01958	0.00327	0.00588	0.00828	0.01037	0.07748	0.31559	0.41010	0.09988	0.00634	0.00166	0.00236	0.00880	0.00352	0.00322
75	0.08945	0.00919	0.01180	0.21664	0.16241	0.01036	0.00877	0.33943	0.06326	0.01749	0.00840	0.00975	0.00631	0.00429	0.00400	0.00123	0.02520	0.00344	0.00286	0.00572
76	0.01029	0.63422	0.12801	0.00815	0.03038	0.01365	0.04099	0.01210	0.00819	0.04451	0.00624	0.00717	0.00530	0.00351	0.00302	0.00094	0.01802	0.00244	0.00184	0.02102

[dist]
# distance from previous block
# <min> <max>
0	1

[block]
# block no. 2 follows, 69 sequences, length 25
# corresponding to MSA columns:
# 161-185
name=unknown_C
#
# <colnr> <probs for GDERKNQSTAVLIFYWHMCP>
#	G	D	E	R	K	N	Q	S	T	A	V	L	I	F	Y	W	H	M	C	P
0	0.00563	0.00383	0.00436	0.00433	0.00450	0.00376	0.00255	0.00588	0.00645	0.00863	0.10136	0.02670	0.06168	0.72476	0.01749	0.00339	0.00349	0.00599	0.00265	0.00257
1	0.08157	0.00787	0.01268	0.47188	0.30123	0.00903	0.01065	0.01081	0.00805	0.01158	0.00692	0.00980	0.00548	0.00385	0.00408	0.00126	0.03305	0.00337	0.00187	0.00498
2	0.00499	0.00362	0.00474	0.00548	0.00588	0.00340	0.00379	0.00600	0.02146	0.01065	0.08216	0.70624	0.06267	0.01167	0.00496	0.00156	0.00231	0.05142	0.00369	0.00330
3	0.04594	0.01119	0.00762	0.00699	0.00859	0.39697	0.00529	0.05386	0.01003	0.01291	0.00919	0.01051	0.00732	0.00429	0.00316	0.00098	0.00444	0.00306	0.39340	0.00425
4	0.00740	0.00697	0.01176	0.85280	0.02700	0.00871	0.01089	0.01002	0.00784	0.01002	0.00697	0.01045	0.00523	0.00392	0.00392	0.00131	0.00523	0.00348	0.00174	0.00436
5	0.00819	0.00728	0.00762	0.00705	0.00856	0.06230	0.00544	0.02951	0.36465	0.01283	0.01739	0.01901	0.14526	0.06564	0.15751	0.00239	0.04805	0.02336	0.00323	0.00474
6	0.01005	0.02218	0.05917	0.01449	0.11735	0.00885	0.46136	0.01320	0.04270	0.11270	0.02386	0.03109	0.00763	0.00389	0.00427	0.00124	0.00537	0.00435	0.00248	0.05379
7	0.00570	0.00380	0.00428	0.00428	0.00428	0.00380	0.00238	0.00570	0.00570	0.00760	0.01235	0.02566	0.01425	0.86222	0.01995	0.00380	0.00380	0.00570	0.00238	0.00238
8	0.00740	0.00697	0.01176	0.85280	0.02700	0.00871	0.01089	0.01002	0.00784	0.01002	0.00697	0.01045	0.00523	0.00392	0.00392	0.00131	0.00523	0.00348	0.00174	0.00436
9	0.00935	0.10645	0.40598	0.01014	0.02524	0.09046	0.06567	0.01305	0.07004	0.05730	0.00952	0.05280	0.00796	0.00472	0.00384	0.00124	0.00514	0.05343	0.00229	0.00538
10	0.00830	0.00758	0.03154	0.24356	0.21178	0.02628	0.08865	0.01049	0.00864	0.05361	0.01173	0.12667	0.01128	0.00602	0.00435	0.00138	0.00454	0.13629	0.00253	0.00477
11	0.01672	0.00662	0.00892	0.00690	0.00980	0.00581	0.00568	0.04163	0.01142	0.76288	0.06902	0.01427	0.01140	0.00506	0.00399	0.00121	0.00327	0.00414	0.00479	0.00648
12	0.00634	0.00558	0.00892	0.28171	0.09728	0.00594	0.04858	0.00797	0.00798	0.01048	0.01647	0.37748	0.09364	0.00801	0.00449	0.00142	0.00366	0.00729	0.00277	0.00399
13	0.04291	0.01068	0.05606	0.04054	0.16039	0.13616	0.05099	0.15437	0.01150	0.28231	0.01008	0.01032	0.00706	0.00425	0.00384	0.00118	0.00467	0.00348	0.00323	0.00598
14	0.88991	0.00758	0.00576	0.00516	0.00758	0.00879	0.00425	0.01152	0.00667	0.01759	0.00546	0.00637	0.00425	0.00364	0.00243	0.00121	0.00303	0.00212	0.00243	0.00425
15	0.01818	0.14536	0.37877	0.01017	0.04697	0.03889	0.08142	0.04496	0.00880	0.01210	0.02734	0.13964	0.02060	0.00516	0.00384	0.00123	0.00485	0.00438	0.00220	0.00514
16	0.00479	0.00353	0.00443	0.00514	0.00556	0.00323	0.00347	0.00550	0.00770	0.01002	0.02460	0.67443	0.17563	0.04538	0.00553	0.00163	0.00228	0.01040	0.00359	0.00318
17	0.00866	0.00716	0.00832	0.00602	0.00945	0.00563	0.00482	0.04347	0.02928	0.03228	0.00749	0.00846	0.00609	0.00308	0.00300	0.00064	0.00298	0.00246	0.00249	0.80822
18	0.80564	0.00879	0.08565	0.00573	0.00848	0.00882	0.00522	0.01161	0.00683	0.01709	0.00561	0.00655	0.00431	0.00365	0.00255	0.00122	0.00330	0.00220	0.00235	0.00439
19	0.00564	0.00399	0.00533	0.00507	0.00592	0.00379	0.00379	0.00721	0.01025	0.01450	0.70256	0.02682	0.03242	0.01043	0.08578	0.05967	0.00278	0.00657	0.00393	0.00355
20	0.00928	0.00859	0.01401	0.12466	0.57370	0.00892	0.02183	0.01234	0.08253	0.02826	0.00979	0.01209	0.04069	0.00418	0.00410	0.00123	0.01680	0.01898	0.00225	0.00578
21	0.06621	0.00777	0.01204	0.12042	0.46736	0.00799	0.00926	0.03821	0.00921	0.01325	0.10287	0.01495	0.10438	0.00483	0.00396	0.00121	0.00399	0.00435	0.00247	0.00526
22	0.56915	0.00739	0.00708	0.00589	0.00855	0.00790	0.00486	0.04178	0.00859	0.29228	0.00893	0.00880	0.00615	0.00408	0.00298	0.00121	0.00318	0.00278	0.00329	0.00514
23	0.09404	0.00776	0.00790	0.00676	0.00874	0.06233	0.00538	0.25702	0.05443	0.04501	0.28034	0.01968	0.08917	0.00637	0.00411	0.00123	0.00325	0.03779	0.00378	0.00490
24	0.00681	0.00340	0.00511	0.00511	0.00511	0.00340	0.00340	0.00511	0.00511	0.00681	0.00681	0.01192	0.00681	0.01362	0.01532	0.88594	0.00340	0.00340	0.00170	0.00170

[dist]
# distance from previous block
# <min> <max>
0	0

# created by:
# /st0/software/busco_prod/Augustus/scripts/msa2prfl.pl ./align_prep/36787.fa
