[name]
unknown

[dist]
# distance from previous block
# <min> <max>
5	77

[block]
# block no. 0 follows, 73 sequences, length 18
# corresponding to MSA columns:
# 94-111
name=unknown_A
#
# <colnr> <probs for GDERKNQSTAVLIFYWHMCP>
#	G	D	E	R	K	N	Q	S	T	A	V	L	I	F	Y	W	H	M	C	P
0	0.01886	0.16791	0.31331	0.00910	0.01276	0.03028	0.10453	0.07723	0.02195	0.05084	0.07183	0.02297	0.00865	0.02731	0.00399	0.00119	0.00459	0.02598	0.00230	0.02440
1	0.00837	0.10960	0.38566	0.00934	0.01317	0.00890	0.09425	0.07078	0.08888	0.02421	0.09864	0.01239	0.02924	0.00447	0.00372	0.00117	0.00453	0.02508	0.00240	0.00520
2	0.00898	0.15518	0.25270	0.00978	0.03910	0.08433	0.14137	0.04748	0.00865	0.03419	0.02022	0.03981	0.02349	0.06731	0.00473	0.00129	0.00485	0.02072	0.00210	0.03371
3	0.04908	0.13060	0.44738	0.00914	0.01325	0.00884	0.05651	0.01182	0.00813	0.09375	0.02348	0.02489	0.01657	0.00413	0.00376	0.00115	0.03223	0.02455	0.00212	0.03864
4	0.10228	0.09234	0.30268	0.00913	0.01280	0.03523	0.13028	0.04339	0.02068	0.07233	0.05609	0.03724	0.02572	0.00420	0.00355	0.00114	0.00451	0.00354	0.00233	0.04056
5	0.00833	0.07160	0.49684	0.00908	0.01321	0.00796	0.04785	0.02209	0.02609	0.09306	0.09956	0.03332	0.04567	0.00458	0.00372	0.00118	0.00453	0.00379	0.00238	0.00519
6	0.00657	0.00463	0.00631	0.00626	0.03829	0.00448	0.02023	0.02578	0.02100	0.06690	0.16277	0.23599	0.04014	0.09385	0.17504	0.00242	0.00414	0.00627	0.00308	0.07584
7	0.00945	0.73788	0.04636	0.00672	0.00981	0.01345	0.02970	0.01081	0.00773	0.00916	0.00738	0.02731	0.03745	0.00387	0.00272	0.00089	0.00399	0.02882	0.00178	0.00470
8	0.00933	0.00792	0.04256	0.16117	0.12391	0.04334	0.00746	0.08693	0.12683	0.10268	0.01212	0.13597	0.04014	0.00548	0.00418	0.00122	0.03511	0.00464	0.00287	0.04615
9	0.00985	0.25125	0.33879	0.00891	0.01265	0.17765	0.00944	0.03039	0.10629	0.01120	0.00718	0.00791	0.00561	0.00373	0.00324	0.00105	0.00503	0.00268	0.00197	0.00517
10	0.00929	0.00891	0.01523	0.02303	0.84475	0.00891	0.01151	0.01151	0.00854	0.01226	0.00706	0.00929	0.00594	0.00334	0.00371	0.00111	0.00446	0.00334	0.00186	0.00594
11	0.00456	0.00380	0.00391	0.00392	0.00510	0.00323	0.00292	0.00551	0.00848	0.01021	0.06949	0.03530	0.74978	0.05400	0.00521	0.00140	0.00202	0.02458	0.00345	0.00314
12	0.00888	0.00829	0.01335	0.14060	0.53811	0.00866	0.03203	0.04275	0.09248	0.01264	0.03092	0.01127	0.03542	0.00394	0.00379	0.00116	0.00427	0.00371	0.00221	0.00552
13	0.00465	0.00352	0.00429	0.00480	0.00542	0.00318	0.00338	0.00550	0.00785	0.01012	0.07529	0.50322	0.28212	0.02555	0.00492	0.00147	0.00215	0.04594	0.00350	0.00312
14	0.00457	0.00326	0.00435	0.00522	0.00544	0.00305	0.00348	0.00522	0.00718	0.00958	0.02068	0.86570	0.02481	0.01175	0.00479	0.00152	0.00218	0.01067	0.00348	0.00305
15	0.00853	0.00731	0.00903	0.00753	0.07512	0.00617	0.02509	0.07739	0.05017	0.01333	0.00734	0.00837	0.00595	0.00309	0.00302	0.00070	0.00312	0.00256	0.00239	0.68379
16	0.50468	0.01028	0.09285	0.00809	0.01099	0.09742	0.14525	0.06775	0.00817	0.01519	0.00609	0.00722	0.00465	0.00355	0.00301	0.00116	0.00423	0.00264	0.00223	0.00457
17	0.05289	0.00706	0.00870	0.00677	0.00954	0.00670	0.00557	0.18293	0.01179	0.57805	0.01503	0.01355	0.07402	0.00495	0.00376	0.00116	0.00327	0.00394	0.00427	0.00603

[dist]
# distance from previous block
# <min> <max>
0	8

[block]
# block no. 1 follows, 73 sequences, length 57
# corresponding to MSA columns:
# 120-176
name=unknown_B
#
# <colnr> <probs for GDERKNQSTAVLIFYWHMCP>
#	G	D	E	R	K	N	Q	S	T	A	V	L	I	F	Y	W	H	M	C	P
0	0.01300	0.00989	0.01114	0.00979	0.08998	0.01088	0.00731	0.64752	0.09923	0.02134	0.00981	0.03565	0.00741	0.00467	0.00379	0.00115	0.00398	0.00368	0.00357	0.00619
1	0.00844	0.07451	0.55164	0.00949	0.02398	0.00840	0.03505	0.04587	0.00860	0.07302	0.01029	0.01093	0.08445	0.00418	0.00359	0.00114	0.00478	0.00334	0.00211	0.03618
2	0.01003	0.87041	0.01966	0.00642	0.00963	0.01485	0.00642	0.01123	0.00762	0.00883	0.00522	0.00602	0.00481	0.00321	0.00241	0.00080	0.00401	0.00201	0.00160	0.00481
3	0.78513	0.08886	0.00714	0.00560	0.03201	0.00904	0.00450	0.01106	0.00657	0.01594	0.00528	0.00618	0.00419	0.00345	0.00237	0.00113	0.00305	0.00207	0.00224	0.00419
4	0.00960	0.00776	0.00873	0.00818	0.05014	0.00876	0.00611	0.13502	0.52684	0.03315	0.01344	0.01410	0.01050	0.03120	0.08451	0.00176	0.00390	0.02473	0.01599	0.00557
5	0.03023	0.00758	0.00804	0.00652	0.00884	0.08636	0.00525	0.17485	0.01129	0.38561	0.01200	0.01164	0.00828	0.00445	0.00342	0.00106	0.00335	0.00347	0.22230	0.00544
6	0.01529	0.00602	0.00800	0.00626	0.00886	0.00530	0.00513	0.02773	0.01047	0.71250	0.03495	0.01325	0.00994	0.00468	0.00365	0.00113	0.00299	0.00381	0.11408	0.00596
7	0.01416	0.01046	0.01120	0.00861	0.01160	0.01159	0.00711	0.81530	0.03474	0.02348	0.00914	0.00911	0.00649	0.00452	0.00375	0.00113	0.00410	0.00340	0.00375	0.00637
8	0.00546	0.00364	0.00409	0.00409	0.00409	0.00364	0.00227	0.00546	0.00546	0.00727	0.01182	0.02455	0.01364	0.86815	0.01910	0.00364	0.00364	0.00546	0.00227	0.00227
9	0.00873	0.01017	0.04207	0.06053	0.01986	0.00941	0.76720	0.01189	0.00876	0.01189	0.00752	0.01006	0.00563	0.00320	0.00437	0.00126	0.00624	0.00433	0.00188	0.00502
10	0.00451	0.00378	0.00389	0.00390	0.00508	0.00320	0.00289	0.00547	0.00853	0.01029	0.07828	0.05990	0.75300	0.03462	0.00487	0.00134	0.00195	0.00787	0.00348	0.00316
11	0.00810	0.00621	0.00711	0.00718	0.05592	0.04294	0.00511	0.10962	0.13636	0.06758	0.12938	0.26414	0.09705	0.00774	0.00426	0.00130	0.00290	0.03909	0.00357	0.00443
12	0.00942	0.50622	0.27175	0.00852	0.01240	0.06093	0.06234	0.01170	0.00797	0.00998	0.00587	0.00691	0.00485	0.00335	0.00295	0.00096	0.00479	0.00242	0.00164	0.00503
13	0.00752	0.01941	0.84871	0.01069	0.01624	0.00871	0.01386	0.01188	0.00792	0.01188	0.00673	0.00792	0.00475	0.00356	0.00356	0.00119	0.00554	0.00277	0.00158	0.00554
14	0.01003	0.87041	0.01966	0.00642	0.00963	0.01485	0.00642	0.01123	0.00762	0.00883	0.00522	0.00602	0.00481	0.00321	0.00241	0.00080	0.00401	0.00201	0.00160	0.00481
15	0.00821	0.00821	0.01149	0.00985	0.00985	0.01149	0.00821	0.00903	0.00575	0.00903	0.00492	0.00821	0.00492	0.00657	0.01231	0.00164	0.86128	0.00328	0.00164	0.00410
16	0.00933	0.00806	0.00848	0.00764	0.00976	0.00933	0.00594	0.01994	0.83797	0.01569	0.01527	0.01400	0.01145	0.00509	0.00382	0.00127	0.00297	0.00424	0.00382	0.00594
17	0.00458	0.00329	0.00435	0.00517	0.00543	0.00306	0.00346	0.00526	0.00727	0.00967	0.03311	0.82925	0.04894	0.01163	0.00477	0.00151	0.00216	0.01053	0.00349	0.00306
18	0.89465	0.00726	0.00551	0.00493	0.00726	0.00842	0.00406	0.01103	0.00638	0.01683	0.00522	0.00609	0.00406	0.00348	0.00232	0.00116	0.00290	0.00203	0.00232	0.00406
19	0.01376	0.01747	0.01050	0.00956	0.01145	0.82798	0.00717	0.01474	0.01050	0.00917	0.00592	0.00700	0.00497	0.00458	0.02853	0.00112	0.00686	0.00246	0.00194	0.00432
20	0.01472	0.00666	0.00857	0.00667	0.00939	0.00609	0.00546	0.10418	0.03933	0.60687	0.09199	0.01358	0.01131	0.00483	0.00378	0.00113	0.00313	0.00395	0.00434	0.05403
21	0.00457	0.00326	0.00435	0.00522	0.00544	0.00305	0.00348	0.00522	0.00718	0.00958	0.02068	0.86570	0.02481	0.01175	0.00479	0.00152	0.00218	0.01067	0.00348	0.00305
22	0.00721	0.00690	0.01190	0.79590	0.02522	0.00845	0.05871	0.00972	0.00755	0.00972	0.00669	0.00998	0.00504	0.00376	0.00393	0.00126	0.01877	0.00340	0.00168	0.00422
23	0.00541	0.00410	0.00613	0.00610	0.00676	0.00482	0.00476	0.00674	0.00602	0.00872	0.00995	0.01461	0.00929	0.02773	0.83721	0.00595	0.02632	0.00401	0.00200	0.00336
24	0.00504	0.00395	0.00466	0.00493	0.00600	0.00357	0.00396	0.00632	0.00875	0.01097	0.11299	0.06163	0.47399	0.00966	0.00468	0.00141	0.00239	0.26825	0.00354	0.00329
25	0.00444	0.00379	0.00382	0.00384	0.00508	0.00316	0.00287	0.00538	0.00851	0.01012	0.03752	0.05921	0.82043	0.00956	0.00444	0.00127	0.00191	0.00799	0.00348	0.00316
26	0.00599	0.00430	0.00596	0.00679	0.00767	0.00428	0.00593	0.00768	0.00863	0.01119	0.02054	0.04209	0.05202	0.01033	0.00515	0.00171	0.00340	0.78944	0.00346	0.00344
27	0.00929	0.00891	0.01523	0.02303	0.84475	0.00891	0.01151	0.01151	0.00854	0.01226	0.00706	0.00929	0.00594	0.00334	0.00371	0.00111	0.00446	0.00334	0.00186	0.00594
28	0.01401	0.01788	0.01063	0.00967	0.01160	0.85309	0.00725	0.01498	0.01063	0.00918	0.00580	0.00677	0.00483	0.00387	0.00338	0.00097	0.00677	0.00242	0.00193	0.00435
29	0.00788	0.00797	0.08741	0.00635	0.02221	0.00552	0.00548	0.02290	0.00796	0.01238	0.00672	0.00784	0.00550	0.00289	0.00288	0.00063	0.00309	0.00231	0.00218	0.77990
30	0.02138	0.25338	0.46740	0.00965	0.01402	0.09887	0.06330	0.01202	0.00816	0.01083	0.00625	0.00739	0.00483	0.00347	0.00326	0.00106	0.00526	0.00262	0.00166	0.00517
31	0.00531	0.00383	0.00501	0.00472	0.00560	0.00354	0.00354	0.00708	0.01062	0.01504	0.84277	0.02802	0.03540	0.00767	0.00442	0.00118	0.00177	0.00678	0.00413	0.00354
32	0.00752	0.01941	0.84871	0.01069	0.01624	0.00871	0.01386	0.01188	0.00792	0.01188	0.00673	0.00792	0.00475	0.00356	0.00356	0.00119	0.00554	0.00277	0.00158	0.00554
33	0.00545	0.00365	0.00416	0.00416	0.00419	0.00368	0.00236	0.00550	0.00548	0.00733	0.01176	0.02419	0.01348	0.83704	0.04999	0.00373	0.00387	0.00540	0.00226	0.00231
34	0.00783	0.00379	0.00407	0.00386	0.00493	0.00369	0.00295	0.00955	0.00829	0.09279	0.05798	0.01464	0.01100	0.00458	0.00283	0.00092	0.00189	0.00370	0.75695	0.00377
35	0.89465	0.00726	0.00551	0.00493	0.00726	0.00842	0.00406	0.01103	0.00638	0.01683	0.00522	0.00609	0.00406	0.00348	0.00232	0.00116	0.00290	0.00203	0.00232	0.00406
36	0.00536	0.00402	0.00603	0.00603	0.00670	0.00469	0.00469	0.00670	0.00603	0.00871	0.01005	0.01474	0.00938	0.02814	0.85328	0.00603	0.01005	0.00402	0.00201	0.00335
37	0.01426	0.01051	0.01126	0.00863	0.01163	0.01163	0.00713	0.83224	0.01764	0.02364	0.00901	0.00901	0.00638	0.00450	0.00375	0.00113	0.00413	0.00338	0.00375	0.00638
38	0.00443	0.00380	0.00380	0.00380	0.00507	0.00317	0.00285	0.00538	0.00855	0.01014	0.03801	0.03611	0.84322	0.00950	0.00443	0.00127	0.00190	0.00792	0.00348	0.00317
39	0.00778	0.00667	0.00778	0.00556	0.00889	0.00500	0.00445	0.00945	0.00778	0.01223	0.00667	0.00778	0.00556	0.00278	0.00278	0.00056	0.00278	0.00222	0.00222	0.89108
40	0.00821	0.00821	0.01149	0.00985	0.00985	0.01149	0.00821	0.00903	0.00575	0.00903	0.00492	0.00821	0.00492	0.00657	0.01231	0.00164	0.86128	0.00328	0.00164	0.00410
41	0.00778	0.00667	0.00778	0.00556	0.00889	0.00500	0.00445	0.00945	0.00778	0.01223	0.00667	0.00778	0.00556	0.00278	0.00278	0.00056	0.00278	0.00222	0.00222	0.89108
42	0.01426	0.01032	0.01112	0.00855	0.01153	0.01138	0.00705	0.78901	0.03262	0.05200	0.00932	0.00923	0.00657	0.00452	0.00375	0.00113	0.00407	0.00341	0.00379	0.00637
43	0.00752	0.01941	0.84871	0.01069	0.01624	0.00871	0.01386	0.01188	0.00792	0.01188	0.00673	0.00792	0.00475	0.00356	0.00356	0.00119	0.00554	0.00277	0.00158	0.00554
44	0.01265	0.01294	0.03132	0.00857	0.01105	0.42707	0.03078	0.04781	0.11166	0.13140	0.00858	0.00887	0.00647	0.00397	0.00346	0.00099	0.00507	0.00291	0.00266	0.13176
45	0.00736	0.00632	0.01005	0.01399	0.41549	0.00639	0.00752	0.00877	0.00756	0.02294	0.02078	0.21086	0.01194	0.11134	0.08645	0.01447	0.02555	0.00540	0.00236	0.00446
46	0.00474	0.00339	0.00455	0.00542	0.00571	0.00319	0.00378	0.00552	0.00735	0.00977	0.02058	0.77101	0.02444	0.01159	0.00483	0.00155	0.00232	0.10369	0.00348	0.00309
47	0.01282	0.01589	0.01081	0.00970	0.01124	0.68008	0.00745	0.01376	0.00963	0.00915	0.00562	0.00706	0.00485	0.00442	0.00522	0.00111	0.18243	0.00259	0.00187	0.00430
48	0.00457	0.00361	0.00409	0.00437	0.00521	0.00316	0.00311	0.00545	0.00814	0.01021	0.08741	0.32615	0.47952	0.03127	0.00492	0.00141	0.00203	0.00874	0.00350	0.00313
49	0.00709	0.00667	0.01125	0.85913	0.02584	0.00834	0.01042	0.00959	0.00750	0.00959	0.00667	0.01000	0.00500	0.00375	0.00375	0.00125	0.00500	0.00333	0.00167	0.00417
50	0.00445	0.00380	0.00382	0.00382	0.00508	0.00317	0.00286	0.00542	0.00859	0.01022	0.05270	0.03596	0.82847	0.00947	0.00443	0.00127	0.00190	0.00790	0.00350	0.00317
51	0.00886	0.01012	0.02214	0.01581	0.01961	0.00949	0.83112	0.01202	0.00886	0.01202	0.00759	0.01012	0.00569	0.00316	0.00443	0.00127	0.00633	0.00443	0.00190	0.00506
52	0.00911	0.00763	0.00801	0.00724	0.00925	0.00878	0.00563	0.01888	0.75953	0.01553	0.01498	0.01400	0.01128	0.00502	0.00370	0.00123	0.00285	0.00417	0.08746	0.00571
53	0.00536	0.00401	0.00597	0.00597	0.00662	0.00466	0.00462	0.00666	0.00601	0.00867	0.01010	0.01503	0.00950	0.05279	0.82880	0.00596	0.00986	0.00406	0.00202	0.00332
54	0.81083	0.00840	0.08519	0.00548	0.00810	0.00844	0.00499	0.01111	0.00653	0.01636	0.00537	0.00627	0.00413	0.00349	0.00244	0.00116	0.00315	0.00210	0.00225	0.00420
55	0.08245	0.18356	0.14463	0.01062	0.12552	0.25943	0.03261	0.06329	0.00937	0.04638	0.00658	0.00758	0.00521	0.00364	0.00325	0.00103	0.00508	0.00266	0.00206	0.00505
56	0.00696	0.00552	0.00601	0.00554	0.00711	0.00554	0.00438	0.14513	0.11568	0.01351	0.08397	0.02854	0.42803	0.01843	0.01452	0.00137	0.00269	0.09938	0.00358	0.00410

[dist]
# distance from previous block
# <min> <max>
0	2

[block]
# block no. 2 follows, 73 sequences, length 29
# corresponding to MSA columns:
# 179-207
name=unknown_C
#
# <colnr> <probs for GDERKNQSTAVLIFYWHMCP>
#	G	D	E	R	K	N	Q	S	T	A	V	L	I	F	Y	W	H	M	C	P
0	0.01031	0.00854	0.00903	0.00783	0.01013	0.00979	0.00617	0.18087	0.67545	0.01727	0.01403	0.01301	0.01045	0.00497	0.00380	0.00124	0.00320	0.00407	0.00380	0.00603
1	0.01563	0.00614	0.00815	0.00635	0.00902	0.00541	0.00521	0.03447	0.01055	0.73290	0.01438	0.01283	0.00926	0.00461	0.00364	0.00113	0.00304	0.00373	0.10750	0.00605
2	0.00504	0.00379	0.00461	0.00447	0.00539	0.00342	0.00330	0.00645	0.00967	0.01311	0.54669	0.07632	0.25245	0.04258	0.00503	0.00132	0.00190	0.00725	0.00385	0.00336
3	0.00820	0.14399	0.53766	0.01122	0.01602	0.00980	0.19826	0.01182	0.00809	0.01146	0.00670	0.00814	0.00498	0.00342	0.00359	0.00115	0.00549	0.00303	0.00166	0.00533
4	0.01464	0.00590	0.00800	0.00630	0.00882	0.00514	0.00514	0.01615	0.01072	0.68866	0.17266	0.01568	0.01427	0.00522	0.00390	0.00116	0.00292	0.00435	0.00455	0.00584
5	0.00465	0.00330	0.00433	0.00513	0.00533	0.00310	0.00338	0.00524	0.00704	0.00938	0.01992	0.79395	0.02386	0.08480	0.00601	0.00170	0.00230	0.01022	0.00338	0.00298
6	0.00820	0.00943	0.08637	0.05607	0.03375	0.01047	0.18041	0.00994	0.00675	0.01000	0.00588	0.00883	0.00519	0.00579	0.02571	0.00158	0.52597	0.00350	0.00170	0.00446
7	0.00910	0.00897	0.01621	0.02021	0.59625	0.00885	0.19752	0.03013	0.00879	0.01237	0.00788	0.03131	0.00675	0.00371	0.00394	0.00117	0.00479	0.02443	0.00199	0.00562
8	0.79246	0.00728	0.00596	0.00520	0.00759	0.00827	0.00428	0.03717	0.00711	0.08785	0.00616	0.00675	0.00458	0.00361	0.00249	0.00116	0.00297	0.00222	0.00256	0.00433
9	0.00461	0.00329	0.00440	0.00527	0.00551	0.00308	0.00355	0.00530	0.00722	0.00962	0.02066	0.84269	0.02472	0.01172	0.00480	0.00153	0.00221	0.03327	0.00348	0.00306
10	0.03612	0.47527	0.08031	0.04303	0.03921	0.01205	0.17070	0.01204	0.04284	0.04657	0.00675	0.00786	0.00548	0.00340	0.00310	0.00100	0.00453	0.00281	0.00192	0.00502
11	0.01149	0.51501	0.01593	0.00778	0.01039	0.33451	0.00680	0.01259	0.00871	0.00897	0.00543	0.00638	0.00483	0.00358	0.00313	0.00089	0.03506	0.00221	0.00173	0.00461
12	0.00456	0.00333	0.00429	0.00506	0.00540	0.00306	0.00341	0.00524	0.00734	0.00964	0.02269	0.76920	0.12002	0.01149	0.00475	0.00149	0.00214	0.01035	0.00348	0.00306
13	0.00914	0.00638	0.00754	0.00687	0.00859	0.00662	0.00568	0.26029	0.04842	0.07142	0.10583	0.05400	0.09528	0.00763	0.00443	0.00138	0.00325	0.28891	0.00372	0.00462
14	0.00955	0.50380	0.27075	0.00837	0.01229	0.02695	0.05464	0.03710	0.00821	0.02882	0.00615	0.00708	0.00499	0.00340	0.00296	0.00097	0.00464	0.00246	0.00175	0.00512
15	0.00529	0.00362	0.00485	0.00554	0.00604	0.00341	0.00405	0.00625	0.00781	0.03635	0.06436	0.60252	0.04929	0.01097	0.00481	0.00153	0.00244	0.17408	0.00355	0.00326
16	0.00699	0.00350	0.00350	0.00350	0.00437	0.00350	0.00262	0.00874	0.00787	0.01399	0.01224	0.01399	0.00962	0.00437	0.00262	0.00087	0.00175	0.00350	0.88898	0.00350
17	0.08216	0.45480	0.02487	0.00700	0.00982	0.07296	0.00630	0.10788	0.14245	0.02708	0.02759	0.00838	0.00681	0.00387	0.00294	0.00098	0.00392	0.00271	0.00240	0.00509
18	0.00829	0.00587	0.00787	0.00684	0.00777	0.00676	0.00546	0.01002	0.04594	0.14536	0.36285	0.01825	0.01919	0.04076	0.00749	0.00143	0.28732	0.00498	0.00330	0.00424
19	0.00519	0.00399	0.00476	0.00454	0.00560	0.00365	0.00341	0.00704	0.04282	0.01348	0.54904	0.03009	0.29629	0.00816	0.00440	0.00121	0.00186	0.00705	0.00391	0.00351
20	0.12045	0.01731	0.69768	0.01061	0.05862	0.00869	0.01249	0.01175	0.00776	0.01253	0.00656	0.00776	0.00473	0.00354	0.00341	0.00118	0.00515	0.00271	0.00169	0.00538
21	0.03121	0.44751	0.22831	0.00838	0.03711	0.03802	0.02451	0.02722	0.04622	0.06982	0.00693	0.00760	0.00548	0.00354	0.00299	0.00099	0.00442	0.00255	0.00200	0.00520
22	0.00916	0.02362	0.04027	0.04846	0.49524	0.02879	0.00944	0.08163	0.08634	0.01344	0.08328	0.04527	0.00976	0.00436	0.00380	0.00115	0.00406	0.00396	0.00245	0.00551
23	0.00545	0.00366	0.00422	0.00422	0.00426	0.00370	0.00243	0.00554	0.00549	0.00737	0.01171	0.02392	0.01337	0.81441	0.07246	0.00379	0.00405	0.00536	0.00226	0.00234
24	0.02087	0.03642	0.04430	0.10889	0.01227	0.00892	0.02775	0.18372	0.30816	0.13056	0.03021	0.01313	0.02839	0.00484	0.00379	0.00121	0.00367	0.02387	0.00342	0.00561
25	0.02109	0.10967	0.39305	0.03971	0.01648	0.00958	0.28830	0.01216	0.03189	0.03239	0.00727	0.00879	0.00538	0.00346	0.00373	0.00117	0.00545	0.00332	0.00184	0.00527
26	0.01086	0.00765	0.01218	0.18285	0.31266	0.01668	0.05654	0.02340	0.03022	0.24812	0.05366	0.01154	0.00838	0.00407	0.00382	0.00117	0.00416	0.00372	0.00280	0.00552
27	0.00484	0.00375	0.00441	0.00439	0.00535	0.00332	0.00324	0.00612	0.00930	0.01224	0.39266	0.13648	0.38248	0.00897	0.00447	0.00126	0.00188	0.00776	0.00377	0.00332
28	0.01122	0.02389	0.14531	0.16426	0.10998	0.15680	0.02670	0.17740	0.03653	0.09987	0.00815	0.00918	0.00597	0.00396	0.00365	0.00114	0.00492	0.00317	0.00252	0.00538

[dist]
# distance from previous block
# <min> <max>
0	10

# created by:
# /st0/software/busco_prod/Augustus/scripts/msa2prfl.pl ./align_prep/36811.fa
