[name]
unknown

[dist]
# distance from previous block
# <min> <max>
0	272

[block]
# block no. 0 follows, 66 sequences, length 44
# corresponding to MSA columns:
# 276-319
name=unknown_A
#
# <colnr> <probs for GDERKNQSTAVLIFYWHMCP>
#	G	D	E	R	K	N	Q	S	T	A	V	L	I	F	Y	W	H	M	C	P
0	0.03059	0.01984	0.01138	0.00921	0.02851	0.05796	0.04099	0.38761	0.19412	0.10004	0.01221	0.01193	0.03168	0.00494	0.00401	0.00123	0.00420	0.00393	0.00380	0.04180
1	0.01226	0.00904	0.02789	0.00990	0.08929	0.04236	0.03128	0.06019	0.34917	0.21650	0.03866	0.01347	0.01067	0.00501	0.00424	0.00127	0.02039	0.00417	0.00382	0.05043
2	0.02918	0.00987	0.01620	0.02217	0.66218	0.02828	0.07903	0.03543	0.04248	0.01373	0.00820	0.02020	0.00683	0.00383	0.00406	0.00123	0.00490	0.00379	0.00219	0.00624
3	0.01772	0.00704	0.00943	0.00726	0.01038	0.00618	0.00598	0.03338	0.03444	0.78032	0.01572	0.01366	0.00997	0.00499	0.00406	0.00124	0.00345	0.00405	0.00492	0.02579
4	0.01150	0.07747	0.01264	0.00940	0.01206	0.05891	0.14453	0.14605	0.21099	0.12109	0.03121	0.11276	0.02159	0.00572	0.00422	0.00130	0.00425	0.00503	0.00352	0.00573
5	0.01743	0.02680	0.01017	0.00779	0.01082	0.10571	0.00637	0.09242	0.01221	0.64556	0.01406	0.01251	0.00908	0.00488	0.00400	0.00122	0.00402	0.00383	0.00452	0.00661
6	0.01755	0.00705	0.00940	0.00730	0.01037	0.00629	0.00600	0.01992	0.07688	0.76926	0.01605	0.01392	0.01023	0.00506	0.00408	0.00127	0.00343	0.00412	0.00495	0.00687
7	0.00996	0.00956	0.01633	0.05144	0.80617	0.00962	0.01241	0.01238	0.00920	0.01316	0.00762	0.01007	0.00639	0.00363	0.00402	0.00121	0.00484	0.00361	0.00200	0.00636
8	0.00995	0.00955	0.01630	0.05608	0.80163	0.00962	0.01241	0.01237	0.00920	0.01315	0.00762	0.01007	0.00639	0.00363	0.00402	0.00121	0.00484	0.00361	0.00200	0.00635
9	0.01717	0.00764	0.00974	0.00750	0.01059	0.00712	0.00618	0.17006	0.01293	0.65089	0.01577	0.01400	0.04054	0.00519	0.00410	0.00125	0.00359	0.00417	0.00479	0.00677
10	0.01195	0.00552	0.00741	0.00616	0.00820	0.00489	0.00489	0.01369	0.01155	0.42418	0.42439	0.02209	0.02421	0.00666	0.00443	0.00127	0.00268	0.00571	0.00474	0.00536
11	0.00660	0.00494	0.00578	0.00586	0.00671	0.03591	0.00421	0.04673	0.02650	0.03583	0.30889	0.41721	0.04416	0.02481	0.00514	0.00149	0.00256	0.00882	0.00399	0.00386
12	0.00990	0.00950	0.01621	0.07388	0.78424	0.00960	0.01238	0.01233	0.00917	0.01308	0.00761	0.01009	0.00637	0.00364	0.00402	0.00121	0.00485	0.00361	0.00200	0.00631
13	0.88607	0.00785	0.00596	0.00534	0.00785	0.00910	0.00439	0.01193	0.00690	0.01820	0.00565	0.00659	0.00439	0.00377	0.00251	0.00126	0.00314	0.00220	0.00251	0.00439
14	0.01058	0.00830	0.00878	0.00772	0.00991	0.04022	0.00603	0.07803	0.50816	0.09078	0.15142	0.01734	0.03297	0.00593	0.00422	0.00132	0.00324	0.00494	0.00417	0.00594
15	0.01397	0.01691	0.01120	0.01008	0.01199	0.66517	0.00768	0.06332	0.01118	0.01082	0.00678	0.00827	0.00573	0.00654	0.07161	0.00155	0.06740	0.00288	0.00219	0.00473
16	0.52435	0.00870	0.00849	0.00691	0.00975	0.00956	0.02966	0.21409	0.01057	0.10853	0.00792	0.00834	0.00573	0.00415	0.00315	0.00123	0.00361	0.00285	0.00315	0.02926
17	0.01108	0.01018	0.01529	0.02123	0.64058	0.04017	0.01127	0.15546	0.01104	0.01526	0.00825	0.02670	0.00687	0.00404	0.00403	0.00121	0.00480	0.00374	0.00241	0.00639
18	0.01004	0.00964	0.01647	0.02490	0.83211	0.00964	0.01245	0.01245	0.00924	0.01325	0.00763	0.01004	0.00643	0.00361	0.00402	0.00120	0.00482	0.00361	0.00201	0.00643
19	0.01345	0.00700	0.00908	0.00754	0.02762	0.00669	0.02227	0.12811	0.06060	0.40832	0.22184	0.01805	0.03918	0.00594	0.00429	0.00127	0.00325	0.00500	0.00453	0.00596
20	0.00597	0.00468	0.00572	0.00611	0.00681	0.02098	0.01314	0.00823	0.10857	0.01211	0.14356	0.57992	0.03701	0.01084	0.00496	0.00154	0.00255	0.01962	0.00386	0.00382
21	0.01004	0.00964	0.01647	0.02490	0.83211	0.00964	0.01245	0.01245	0.00924	0.01325	0.00763	0.01004	0.00643	0.00361	0.00402	0.00120	0.00482	0.00361	0.00201	0.00643
22	0.00583	0.00433	0.00550	0.00520	0.00624	0.00409	0.00392	0.00800	0.04169	0.01551	0.69205	0.02981	0.10452	0.00941	0.04460	0.00154	0.00240	0.00720	0.00428	0.00388
23	0.00766	0.00721	0.01217	0.84767	0.02794	0.00901	0.01127	0.01037	0.00811	0.01037	0.00721	0.01082	0.00541	0.00406	0.00406	0.00135	0.00541	0.00361	0.00180	0.00451
24	0.01078	0.00943	0.00954	0.00845	0.01081	0.04866	0.00660	0.08895	0.71887	0.01738	0.01547	0.01432	0.01159	0.00539	0.00410	0.00135	0.00351	0.00442	0.00403	0.00638
25	0.01496	0.07400	0.01273	0.00923	0.01238	0.07818	0.00764	0.68064	0.03349	0.02299	0.00930	0.00942	0.00675	0.00473	0.00392	0.00118	0.00466	0.00348	0.00373	0.00659
26	0.01332	0.00800	0.00932	0.00775	0.01048	0.00828	0.00619	0.04477	0.43451	0.33570	0.01555	0.01405	0.01092	0.00515	0.00404	0.00128	0.00333	0.00423	0.00437	0.05876
27	0.01099	0.00914	0.01017	0.00963	0.07669	0.01028	0.00703	0.19253	0.54615	0.01825	0.01551	0.01470	0.04968	0.00544	0.00414	0.00133	0.00356	0.00450	0.00393	0.00638
28	0.00590	0.00393	0.00442	0.00442	0.00442	0.00393	0.00246	0.00590	0.00590	0.00787	0.01278	0.02655	0.01475	0.85742	0.02065	0.00393	0.00393	0.00590	0.00246	0.00246
29	0.00865	0.00736	0.01205	0.70083	0.04015	0.00904	0.01068	0.01111	0.00827	0.07656	0.00778	0.01089	0.00579	0.00436	0.00477	0.00137	0.06991	0.00364	0.00206	0.00473
30	0.00580	0.00578	0.07331	0.14967	0.01103	0.00497	0.03022	0.00725	0.00794	0.01064	0.01815	0.61813	0.02083	0.01025	0.00487	0.00156	0.00330	0.00930	0.00322	0.00378
31	0.00851	0.00751	0.00966	0.00690	0.01055	0.00580	0.07003	0.01044	0.00851	0.01320	0.00729	0.00862	0.00602	0.00304	0.00315	0.00066	0.00331	0.00260	0.00238	0.81184
32	0.01003	0.01082	0.08214	0.02343	0.74378	0.03290	0.01253	0.01259	0.00925	0.01313	0.00757	0.00985	0.00629	0.00365	0.00399	0.00121	0.00498	0.00354	0.00199	0.00634
33	0.01031	0.00871	0.00924	0.00819	0.01050	0.00999	0.00640	0.08487	0.72138	0.01763	0.05471	0.01543	0.01318	0.00559	0.00415	0.00136	0.00325	0.00464	0.00414	0.00634
34	0.00494	0.00353	0.00471	0.00565	0.00588	0.00330	0.00377	0.00565	0.00777	0.01036	0.02236	0.85477	0.02683	0.01271	0.00518	0.00165	0.00235	0.01153	0.00377	0.00330
35	0.01010	0.00989	0.05505	0.13237	0.57011	0.00952	0.06889	0.03659	0.00947	0.04727	0.00801	0.01029	0.00637	0.00377	0.00407	0.00124	0.00503	0.00369	0.00216	0.00612
36	0.00510	0.00370	0.00488	0.00567	0.00606	0.00339	0.00381	0.00586	0.00780	0.01049	0.02166	0.81570	0.02587	0.01226	0.00508	0.00160	0.00238	0.01111	0.00370	0.04386
37	0.01470	0.00752	0.00958	0.00730	0.01052	0.00670	0.01873	0.07746	0.07292	0.48583	0.01317	0.01216	0.00888	0.00450	0.00381	0.00109	0.00345	0.00366	0.00416	0.23387
38	0.00800	0.00756	0.01279	0.72954	0.14340	0.00910	0.01144	0.01067	0.00827	0.01078	0.00727	0.01071	0.00555	0.00399	0.00405	0.00133	0.00532	0.00361	0.00183	0.00478
39	0.01412	0.01136	0.01214	0.07384	0.08750	0.15392	0.03305	0.33455	0.08008	0.14329	0.01022	0.01053	0.00736	0.00461	0.00402	0.00122	0.00488	0.00364	0.00345	0.00622
40	0.00841	0.00721	0.00841	0.00601	0.00961	0.00541	0.00481	0.01022	0.00841	0.01322	0.00721	0.00841	0.00601	0.00300	0.00300	0.00060	0.00300	0.00240	0.00240	0.88222
41	0.01010	0.00906	0.01566	0.09416	0.60213	0.00909	0.07611	0.01248	0.00926	0.06802	0.00890	0.05066	0.00753	0.00417	0.00414	0.00126	0.00482	0.00412	0.00228	0.00606
42	0.00585	0.00442	0.00663	0.02947	0.00775	0.00515	0.00518	0.00730	0.00655	0.00941	0.01081	0.01604	0.01012	0.04818	0.80011	0.00632	0.01056	0.00436	0.00217	0.00362
43	0.01444	0.00802	0.01194	0.00911	0.01226	0.00753	0.15431	0.05705	0.12503	0.46497	0.02434	0.01394	0.03211	0.00489	0.00420	0.00127	0.00401	0.00435	0.00416	0.04206

[dist]
# distance from previous block
# <min> <max>
0	1

[block]
# block no. 1 follows, 66 sequences, length 94
# corresponding to MSA columns:
# 321-414
name=unknown_B
#
# <colnr> <probs for GDERKNQSTAVLIFYWHMCP>
#	G	D	E	R	K	N	Q	S	T	A	V	L	I	F	Y	W	H	M	C	P
0	0.00994	0.00950	0.01596	0.05875	0.76129	0.00963	0.01213	0.01277	0.04592	0.01330	0.00801	0.01030	0.00665	0.00372	0.00402	0.00122	0.00477	0.00366	0.00210	0.00635
1	0.01512	0.00950	0.01077	0.00839	0.01138	0.01003	0.00688	0.51072	0.05039	0.23421	0.07973	0.01273	0.01055	0.00522	0.00413	0.00124	0.00394	0.00411	0.00434	0.00663
2	0.00564	0.00412	0.00530	0.00506	0.00601	0.00378	0.00377	0.00744	0.01117	0.01564	0.73945	0.06560	0.09460	0.00862	0.00480	0.00130	0.00194	0.00760	0.00439	0.00378
3	0.01097	0.05449	0.00947	0.00644	0.00992	0.00636	0.00528	0.03872	0.00947	0.19785	0.00918	0.00956	0.00690	0.00354	0.00326	0.00078	0.00323	0.00281	0.00301	0.60875
4	0.00893	0.00891	0.01260	0.01125	0.04520	0.01231	0.00903	0.00988	0.00634	0.00991	0.00542	0.00893	0.00537	0.00695	0.01292	0.00175	0.81445	0.00355	0.00179	0.00452
5	0.00752	0.00489	0.00708	0.00665	0.00781	0.00532	0.00523	0.00899	0.00725	0.11124	0.01121	0.01514	0.00982	0.02540	0.67838	0.00547	0.02318	0.00419	0.00253	0.05269
6	0.01284	0.01448	0.06387	0.06736	0.01323	0.42299	0.01748	0.07271	0.05067	0.06207	0.00848	0.00932	0.01956	0.00422	0.00370	0.00106	0.00568	0.00306	0.00254	0.14468
7	0.00776	0.00731	0.01235	0.81306	0.06176	0.00904	0.01132	0.01045	0.00816	0.01049	0.00723	0.01078	0.00545	0.00404	0.00405	0.00135	0.00538	0.00361	0.00181	0.00459
8	0.00578	0.00382	0.00507	0.00580	0.00629	0.00354	0.00405	0.00662	0.00815	0.05570	0.02274	0.71754	0.05946	0.01208	0.00513	0.00163	0.00250	0.06673	0.00383	0.00353
9	0.01085	0.85986	0.02126	0.00694	0.01041	0.01605	0.00694	0.01215	0.00824	0.00955	0.00564	0.00651	0.00521	0.00347	0.00260	0.00087	0.00434	0.00217	0.00174	0.00521
10	0.02487	0.04879	0.10969	0.00935	0.01293	0.01998	0.06600	0.35874	0.01409	0.27782	0.01105	0.01076	0.00751	0.00461	0.00401	0.00123	0.00451	0.00370	0.00380	0.00656
11	0.00592	0.00449	0.00661	0.00654	0.00720	0.00527	0.00505	0.00725	0.00647	0.00933	0.01078	0.01634	0.01025	0.08070	0.76030	0.00619	0.04116	0.00441	0.00218	0.00358
12	0.01050	0.03575	0.01674	0.02249	0.68197	0.01013	0.06575	0.08217	0.01008	0.01419	0.00779	0.00997	0.00641	0.00371	0.00403	0.00121	0.00491	0.00365	0.00218	0.00637
13	0.00553	0.00428	0.00506	0.00484	0.00599	0.00388	0.00364	0.00743	0.03674	0.01435	0.51463	0.03302	0.32792	0.00893	0.00477	0.00131	0.00201	0.00770	0.00420	0.00376
14	0.00485	0.00411	0.00418	0.00416	0.00551	0.00345	0.00312	0.00592	0.00937	0.01124	0.08314	0.03858	0.78824	0.01017	0.00479	0.00136	0.00205	0.00850	0.00380	0.00345
15	0.00701	0.01177	0.35702	0.00912	0.04051	0.00668	0.05166	0.01010	0.00978	0.01398	0.32942	0.05652	0.06701	0.00631	0.00438	0.00130	0.00402	0.00550	0.00302	0.00487
16	0.07557	0.01000	0.01427	0.05882	0.11588	0.05622	0.18695	0.18773	0.02228	0.17410	0.00958	0.01055	0.00692	0.00438	0.00456	0.00129	0.04802	0.00382	0.00309	0.00596
17	0.00880	0.00794	0.00872	0.00642	0.00981	0.05193	0.00512	0.01053	0.00851	0.01292	0.00709	0.00837	0.00594	0.00321	0.00340	0.00067	0.03282	0.00246	0.00236	0.80297
18	0.00528	0.00444	0.00499	0.00483	0.00598	0.00415	0.00367	0.00647	0.00944	0.01194	0.19847	0.05993	0.58567	0.00972	0.00542	0.00139	0.06283	0.00804	0.00377	0.00358
19	0.01361	0.01154	0.01006	0.00871	0.01117	0.25117	0.00679	0.07656	0.34542	0.18957	0.02480	0.01241	0.00979	0.00501	0.00399	0.00124	0.00453	0.00388	0.00373	0.00602
20	0.01421	0.01134	0.01146	0.00917	0.01213	0.07143	0.00743	0.58324	0.19828	0.02253	0.01100	0.01077	0.00800	0.00496	0.00405	0.00124	0.00439	0.00379	0.00393	0.00664
21	0.00814	0.02099	0.83640	0.01156	0.01756	0.00942	0.01499	0.01285	0.00857	0.01285	0.00728	0.00857	0.00514	0.00385	0.00385	0.00128	0.00600	0.00300	0.00171	0.00600
22	0.01064	0.00877	0.00937	0.00816	0.01050	0.00997	0.00642	0.16105	0.60906	0.01843	0.08877	0.01555	0.01375	0.00564	0.00418	0.00134	0.00332	0.00467	0.00415	0.00627
23	0.01735	0.00747	0.00967	0.00750	0.01059	0.00691	0.00617	0.09846	0.07065	0.69668	0.01543	0.01350	0.00990	0.00504	0.00408	0.00126	0.00353	0.00407	0.00486	0.00687
24	0.00647	0.00482	0.00629	0.00692	0.00797	0.00481	0.00583	0.00890	0.07119	0.01244	0.05932	0.09329	0.11645	0.01063	0.00534	0.00173	0.00333	0.56658	0.00380	0.00388
25	0.01002	0.00971	0.01688	0.02447	0.78720	0.00967	0.05702	0.01248	0.00926	0.01324	0.00766	0.01009	0.00641	0.00360	0.00406	0.00121	0.00493	0.00368	0.00201	0.00637
26	0.00983	0.01005	0.05286	0.02364	0.75152	0.00951	0.03859	0.01234	0.00919	0.01316	0.00796	0.02842	0.00681	0.00382	0.00406	0.00122	0.00488	0.00380	0.00203	0.00631
27	0.00550	0.00407	0.00513	0.00501	0.00595	0.00370	0.00370	0.00712	0.01069	0.01472	0.60765	0.12745	0.16605	0.00913	0.00483	0.00133	0.00199	0.00802	0.00427	0.00370
28	0.00814	0.02099	0.83640	0.01156	0.01756	0.00942	0.01499	0.01285	0.00857	0.01285	0.00728	0.00857	0.00514	0.00385	0.00385	0.00128	0.00600	0.00300	0.00171	0.00600
29	0.01119	0.67576	0.08788	0.00780	0.01148	0.01459	0.03589	0.04846	0.00898	0.05636	0.00662	0.00738	0.00558	0.00365	0.00293	0.00096	0.00452	0.00250	0.00203	0.00545
30	0.50212	0.01027	0.06078	0.00720	0.01013	0.06193	0.00623	0.22349	0.01073	0.06278	0.00741	0.00797	0.00545	0.00415	0.00316	0.00123	0.00394	0.00275	0.00297	0.00530
31	0.01516	0.01934	0.01150	0.01045	0.01254	0.84113	0.00784	0.01620	0.01150	0.00993	0.00627	0.00732	0.00523	0.00418	0.00366	0.00105	0.00732	0.00261	0.00209	0.00470
32	0.00921	0.00795	0.00833	0.00757	0.00971	0.00899	0.00587	0.01895	0.68949	0.01597	0.02059	0.01910	0.14810	0.00630	0.00424	0.00138	0.00302	0.00525	0.00407	0.00592
33	0.00493	0.00357	0.00466	0.00554	0.00586	0.00330	0.00372	0.00566	0.00787	0.01040	0.02370	0.79628	0.08445	0.01254	0.00515	0.00163	0.00233	0.01132	0.00377	0.00330
34	0.00574	0.00415	0.00542	0.00510	0.00606	0.00383	0.00383	0.00766	0.01148	0.01627	0.82997	0.03031	0.03828	0.00829	0.00479	0.00128	0.00191	0.00734	0.00447	0.00383
35	0.00582	0.00391	0.00448	0.00455	0.00460	0.00388	0.00261	0.00594	0.00624	0.00836	0.04208	0.09262	0.01653	0.76051	0.01886	0.00366	0.00374	0.00640	0.00263	0.00257
36	0.00922	0.01029	0.02020	0.01502	0.03404	0.04429	0.63386	0.01248	0.03803	0.01273	0.01216	0.03713	0.09110	0.00449	0.00471	0.00136	0.00608	0.00524	0.00235	0.00522
37	0.00574	0.00415	0.00542	0.00510	0.00606	0.00383	0.00383	0.00766	0.01148	0.01627	0.82997	0.03031	0.03828	0.00829	0.00479	0.00128	0.00191	0.00734	0.00447	0.00383
38	0.01325	0.37686	0.01591	0.00828	0.01140	0.03888	0.00734	0.35260	0.01300	0.06719	0.00801	0.00848	0.00623	0.00438	0.00393	0.00109	0.05126	0.00300	0.00293	0.00597
39	0.00525	0.00409	0.00508	0.00588	0.03121	0.00372	0.00413	0.00629	0.00860	0.01092	0.02912	0.40240	0.33999	0.01128	0.00505	0.00155	0.00250	0.11574	0.00371	0.00350
40	0.01003	0.00967	0.01661	0.02475	0.81624	0.00965	0.02821	0.01246	0.00924	0.01325	0.00764	0.01006	0.00642	0.00361	0.00403	0.00121	0.00486	0.00364	0.00201	0.00641
41	0.01742	0.00816	0.01019	0.00782	0.01099	0.00783	0.00646	0.24533	0.01372	0.60639	0.01424	0.01266	0.00916	0.00498	0.00407	0.00124	0.00374	0.00396	0.00475	0.00690
42	0.01516	0.01934	0.01150	0.01045	0.01254	0.84113	0.00784	0.01620	0.01150	0.00993	0.00627	0.00732	0.00523	0.00418	0.00366	0.00105	0.00732	0.00261	0.00209	0.00470
43	0.01004	0.00964	0.01647	0.02490	0.83211	0.00964	0.01245	0.01245	0.00924	0.01325	0.00763	0.01004	0.00643	0.00361	0.00402	0.00120	0.00482	0.00361	0.00201	0.00643
44	0.00825	0.00811	0.01002	0.06899	0.01081	0.10109	0.01719	0.00956	0.00731	0.01001	0.04228	0.01232	0.00846	0.01499	0.31011	0.00335	0.34701	0.00391	0.00207	0.00416
45	0.00950	0.01073	0.02275	0.01643	0.02011	0.01048	0.73348	0.01266	0.00923	0.01266	0.00791	0.01073	0.00607	0.00380	0.00567	0.00141	0.09432	0.00466	0.00202	0.00536
46	0.00480	0.00411	0.00411	0.00411	0.00548	0.00343	0.00308	0.00582	0.00925	0.01096	0.04110	0.03905	0.83046	0.01028	0.00480	0.00137	0.00206	0.00856	0.00377	0.00343
47	0.00984	0.00943	0.01610	0.09550	0.76310	0.00959	0.01235	0.01227	0.00914	0.01301	0.00760	0.01011	0.00634	0.00365	0.00402	0.00122	0.00487	0.00361	0.00199	0.00626
48	0.01136	0.17960	0.01766	0.05443	0.25901	0.02230	0.19237	0.11056	0.02236	0.07951	0.00838	0.00988	0.00649	0.00386	0.00392	0.00119	0.00507	0.00363	0.00247	0.00595
49	0.01820	0.00690	0.00942	0.00722	0.01036	0.00596	0.00596	0.01977	0.01161	0.83492	0.01601	0.01381	0.01004	0.00502	0.00408	0.00126	0.00345	0.00408	0.00502	0.00690
50	0.00586	0.00419	0.00533	0.00509	0.00605	0.00386	0.00381	0.00755	0.01078	0.02585	0.64936	0.03134	0.11119	0.06945	0.00595	0.00150	0.00217	0.04271	0.00423	0.00373
51	0.01004	0.00964	0.01647	0.02490	0.83211	0.00964	0.01245	0.01245	0.00924	0.01325	0.00763	0.01004	0.00643	0.00361	0.00402	0.00120	0.00482	0.00361	0.00201	0.00643
52	0.00951	0.09706	0.54249	0.01244	0.11446	0.04724	0.01285	0.07089	0.03207	0.01348	0.00756	0.00876	0.00563	0.00392	0.00377	0.00122	0.00557	0.00307	0.00200	0.00599
53	0.00494	0.00353	0.00471	0.00565	0.00588	0.00330	0.00377	0.00565	0.00777	0.01036	0.02236	0.85477	0.02683	0.01271	0.00518	0.00165	0.00235	0.01153	0.00377	0.00330
54	0.00580	0.00432	0.00640	0.00640	0.00709	0.00501	0.00493	0.00717	0.00649	0.00933	0.01097	0.01653	0.01040	0.07622	0.79589	0.00638	0.01048	0.00443	0.00219	0.00356
55	0.05869	0.16835	0.46780	0.01023	0.01478	0.17144	0.02142	0.02177	0.00911	0.01213	0.00674	0.00789	0.00516	0.00385	0.00353	0.00116	0.00579	0.00276	0.00186	0.00552
56	0.00701	0.00443	0.00581	0.00531	0.00650	0.00404	0.00404	0.00888	0.01146	0.10067	0.73312	0.02875	0.04826	0.00799	0.00471	0.00128	0.00208	0.00702	0.00451	0.00414
57	0.00984	0.54890	0.32342	0.00866	0.01306	0.01360	0.00993	0.01241	0.00836	0.01077	0.00625	0.00727	0.00518	0.00361	0.00307	0.00102	0.00495	0.00248	0.00173	0.00550
58	0.00784	0.00463	0.00598	0.00537	0.00675	0.00416	0.00412	0.00959	0.01125	0.16033	0.59699	0.02838	0.12281	0.00794	0.00466	0.00128	0.00220	0.00690	0.00449	0.00433
59	0.01002	0.04736	0.11157	0.05504	0.02812	0.00666	0.04931	0.05319	0.00964	0.21714	0.01556	0.31508	0.01510	0.00765	0.00448	0.00142	0.00379	0.04031	0.00351	0.00507
60	0.01164	0.00974	0.01360	0.01689	0.42803	0.03516	0.00977	0.25324	0.01200	0.04864	0.00889	0.01066	0.00708	0.00711	0.09788	0.00181	0.01522	0.00370	0.00276	0.00620
61	0.00560	0.00414	0.00522	0.00495	0.00597	0.00377	0.00371	0.00738	0.01114	0.01546	0.70937	0.03164	0.15938	0.00860	0.00479	0.00129	0.00194	0.00752	0.00436	0.00377
62	0.01479	0.01857	0.01133	0.01029	0.01240	0.78155	0.00774	0.01658	0.06981	0.01043	0.00701	0.00788	0.00574	0.00428	0.00369	0.00107	0.00702	0.00275	0.00224	0.00483
63	0.01009	0.00872	0.00917	0.00826	0.01055	0.01009	0.00642	0.02156	0.82478	0.01697	0.01651	0.01514	0.01238	0.00550	0.00413	0.00138	0.00321	0.00459	0.00413	0.00642
64	0.00497	0.00355	0.00474	0.00568	0.00593	0.00332	0.00382	0.00570	0.00780	0.01039	0.02235	0.83981	0.02677	0.01268	0.00519	0.00165	0.00238	0.02620	0.00377	0.00330
65	0.00519	0.00413	0.00466	0.00453	0.00572	0.00359	0.00340	0.00659	0.01019	0.01320	0.37318	0.03537	0.49699	0.00944	0.00479	0.00133	0.00200	0.00805	0.00406	0.00359
66	0.00803	0.00744	0.01172	0.72150	0.02533	0.00918	0.01054	0.01205	0.13086	0.01136	0.00861	0.01147	0.00646	0.00427	0.00407	0.00136	0.00508	0.00375	0.00215	0.00479
67	0.00865	0.00725	0.00846	0.00610	0.00966	0.00557	0.00488	0.01076	0.03465	0.02886	0.00768	0.00873	0.00629	0.00312	0.00306	0.00064	0.00302	0.00251	0.00251	0.83761
68	0.01404	0.11958	0.01254	0.01008	0.02757	0.64325	0.00768	0.01617	0.09186	0.01065	0.00724	0.00805	0.00596	0.00422	0.00358	0.00106	0.00650	0.00277	0.00225	0.00497
69	0.88607	0.00785	0.00596	0.00534	0.00785	0.00910	0.00439	0.01193	0.00690	0.01820	0.00565	0.00659	0.00439	0.00377	0.00251	0.00126	0.00314	0.00220	0.00251	0.00439
70	0.01098	0.00918	0.00977	0.00889	0.03580	0.02592	0.00676	0.10611	0.67621	0.04026	0.01531	0.01422	0.01142	0.00534	0.00411	0.00134	0.00348	0.00441	0.00404	0.00645
71	0.01004	0.00964	0.01647	0.02490	0.83211	0.00964	0.01245	0.01245	0.00924	0.01325	0.00763	0.01004	0.00643	0.00361	0.00402	0.00120	0.00482	0.00361	0.00201	0.00643
72	0.01004	0.00964	0.01647	0.02490	0.83211	0.00964	0.01245	0.01245	0.00924	0.01325	0.00763	0.01004	0.00643	0.00361	0.00402	0.00120	0.00482	0.00361	0.00201	0.00643
73	0.01820	0.00690	0.00942	0.00722	0.01036	0.00596	0.00596	0.01977	0.01161	0.83492	0.01601	0.01381	0.01004	0.00502	0.00408	0.00126	0.00345	0.00408	0.00502	0.00690
74	0.00583	0.00422	0.00587	0.00587	0.00637	0.00472	0.00426	0.00683	0.00633	0.00893	0.01146	0.01924	0.01158	0.28806	0.58567	0.00571	0.00871	0.00483	0.00226	0.00326
75	0.00541	0.00411	0.00498	0.00481	0.00587	0.00368	0.00359	0.00700	0.01064	0.01437	0.55062	0.06170	0.29026	0.00908	0.00480	0.00132	0.00197	0.00787	0.00422	0.00368
76	0.00786	0.00741	0.01252	0.78078	0.09332	0.00906	0.01136	0.01054	0.00820	0.01060	0.00725	0.01075	0.00549	0.00402	0.00405	0.00134	0.00536	0.00361	0.00182	0.00466
77	0.00494	0.00353	0.00471	0.00565	0.00588	0.00330	0.00377	0.00565	0.00777	0.01036	0.02236	0.85477	0.02683	0.01271	0.00518	0.00165	0.00235	0.01153	0.00377	0.00330
78	0.01067	0.00859	0.00919	0.00818	0.01054	0.00980	0.00639	0.02143	0.76648	0.07562	0.01648	0.01504	0.01222	0.00547	0.00412	0.00137	0.00323	0.00455	0.00419	0.00646
79	0.01641	0.00778	0.00989	0.00769	0.02174	0.00714	0.00623	0.16223	0.01254	0.57877	0.01370	0.01237	0.00894	0.00473	0.00395	0.00117	0.00360	0.00379	0.00449	0.11286
80	0.01053	0.76101	0.11732	0.00749	0.01126	0.01527	0.00789	0.01223	0.00828	0.00993	0.00583	0.00675	0.00520	0.00352	0.00275	0.00092	0.00453	0.00227	0.00173	0.00530
81	0.00775	0.00728	0.00949	0.00848	0.00910	0.06772	0.04236	0.00887	0.00682	0.00954	0.00869	0.01394	0.00848	0.12476	0.34374	0.00388	0.30897	0.00416	0.00206	0.00392
82	0.01085	0.85986	0.02126	0.00694	0.01041	0.01605	0.00694	0.01215	0.00824	0.00955	0.00564	0.00651	0.00521	0.00347	0.00260	0.00087	0.00434	0.00217	0.00174	0.00521
83	0.01731	0.00671	0.00913	0.00707	0.01005	0.00581	0.00581	0.01890	0.01160	0.77622	0.07436	0.01499	0.01207	0.00526	0.00413	0.00126	0.00334	0.00431	0.00498	0.00668
84	0.00501	0.00358	0.00479	0.00573	0.00600	0.00336	0.00389	0.00577	0.00784	0.01044	0.02232	0.81885	0.02668	0.01264	0.00520	0.00166	0.00242	0.04675	0.00376	0.00331
85	0.01055	0.76941	0.10915	0.00744	0.01118	0.01534	0.00781	0.01222	0.00828	0.00990	0.00582	0.00673	0.00520	0.00351	0.00274	0.00091	0.00452	0.00226	0.00173	0.00529
86	0.00510	0.00412	0.00454	0.00443	0.00567	0.00356	0.00333	0.00642	0.00998	0.01269	0.29841	0.03619	0.57207	0.00963	0.00479	0.00134	0.00201	0.00816	0.00400	0.00356
87	0.01820	0.00690	0.00942	0.00722	0.01036	0.00596	0.00596	0.01977	0.01161	0.83492	0.01601	0.01381	0.01004	0.00502	0.00408	0.00126	0.00345	0.00408	0.00502	0.00690
88	0.01521	0.01760	0.01164	0.01021	0.01255	0.66076	0.00781	0.19087	0.01315	0.01333	0.00703	0.00784	0.00559	0.00433	0.00375	0.00108	0.00670	0.00284	0.00252	0.00518
89	0.00859	0.06203	0.01405	0.54455	0.27098	0.00965	0.01135	0.01111	0.00846	0.01119	0.00724	0.01031	0.00570	0.00389	0.00395	0.00128	0.00516	0.00352	0.00186	0.00513
90	0.00625	0.00439	0.00480	0.00454	0.00604	0.00373	0.00346	0.00743	0.00975	0.09380	0.13244	0.03549	0.65436	0.00952	0.00472	0.00135	0.00218	0.00797	0.00398	0.00382
91	0.88607	0.00785	0.00596	0.00534	0.00785	0.00910	0.00439	0.01193	0.00690	0.01820	0.00565	0.00659	0.00439	0.00377	0.00251	0.00126	0.00314	0.00220	0.00251	0.00439
92	0.00581	0.00430	0.00628	0.00628	0.00692	0.00494	0.00477	0.00709	0.00645	0.00924	0.01109	0.01717	0.01068	0.12644	0.74606	0.00622	0.01006	0.00453	0.00221	0.00349
93	0.00483	0.00408	0.00419	0.00423	0.00552	0.00343	0.00314	0.00587	0.00924	0.01110	0.06557	0.08393	0.76034	0.01035	0.00482	0.00138	0.00207	0.00869	0.00379	0.00343

[dist]
# distance from previous block
# <min> <max>
0	0

# created by:
# /st0/software/busco_prod/Augustus/scripts/msa2prfl.pl ./align_prep/36882.fa
