[name]
unknown

[dist]
# distance from previous block
# <min> <max>
2	53

[block]
# block no. 0 follows, 62 sequences, length 18
# corresponding to MSA columns:
# 57-73,75
name=unknown_A
#
# <colnr> <probs for GDERKNQSTAVLIFYWHMCP>
#	G	D	E	R	K	N	Q	S	T	A	V	L	I	F	Y	W	H	M	C	P
0	0.00724	0.00512	0.00598	0.00584	0.00702	0.00498	0.00424	0.03145	0.10895	0.06424	0.16229	0.24681	0.21742	0.10049	0.00677	0.00178	0.00274	0.00834	0.00407	0.00423
1	0.02927	0.00453	0.00535	0.00544	0.00640	0.00427	0.00386	0.00823	0.03840	0.06437	0.14616	0.31012	0.19261	0.10951	0.00689	0.00181	0.00263	0.00865	0.04761	0.00388
2	0.06372	0.00697	0.00824	0.00702	0.00930	0.00690	0.00555	0.11897	0.09379	0.29970	0.07615	0.12583	0.08204	0.02465	0.00479	0.00145	0.00328	0.01950	0.03640	0.00574
3	0.01013	0.00596	0.00728	0.00676	0.00840	0.00581	0.00510	0.07792	0.10056	0.21078	0.04410	0.33583	0.10626	0.03335	0.00535	0.00159	0.00306	0.02238	0.00432	0.00506
4	0.03069	0.00446	0.00546	0.00557	0.00646	0.00417	0.00393	0.00800	0.02178	0.07459	0.19486	0.35861	0.14105	0.11194	0.00706	0.00184	0.00265	0.00901	0.00401	0.00386
5	0.05179	0.00583	0.00669	0.00617	0.00771	0.00581	0.00467	0.08756	0.07179	0.11049	0.15101	0.16233	0.13881	0.08226	0.00611	0.00166	0.00296	0.03093	0.06075	0.00465
6	0.03098	0.00528	0.00588	0.00581	0.00712	0.00521	0.00438	0.04175	0.11474	0.01396	0.14458	0.17941	0.30523	0.03351	0.00538	0.00156	0.00265	0.05945	0.02892	0.00422
7	0.04614	0.00490	0.00571	0.00546	0.00672	0.00461	0.00404	0.02585	0.03338	0.07004	0.30337	0.15045	0.24501	0.06792	0.00605	0.00162	0.00253	0.00794	0.00416	0.00411
8	0.24242	0.00685	0.00689	0.00620	0.00809	0.00734	0.00480	0.12585	0.07386	0.05792	0.07321	0.12378	0.06884	0.05158	0.00484	0.00149	0.00310	0.00537	0.12274	0.00483
9	0.02503	0.00470	0.00570	0.00578	0.00688	0.00440	0.00427	0.02147	0.03083	0.07622	0.15730	0.31997	0.22008	0.03268	0.01924	0.00170	0.00276	0.05284	0.00410	0.00406
10	0.00634	0.00427	0.00526	0.00530	0.00594	0.00405	0.00366	0.03286	0.00847	0.01109	0.12841	0.18145	0.21234	0.13596	0.01052	0.22722	0.00297	0.00745	0.00331	0.00314
11	0.00645	0.00464	0.00619	0.00610	0.00682	0.00499	0.00448	0.02589	0.02668	0.01081	0.09022	0.03564	0.07167	0.19334	0.40868	0.06300	0.00723	0.02080	0.00281	0.00357
12	0.00664	0.00500	0.00609	0.00603	0.00665	0.00535	0.00423	0.00869	0.10260	0.01096	0.07085	0.12437	0.06154	0.35199	0.14539	0.00345	0.03922	0.03414	0.00314	0.00365
13	0.00718	0.00527	0.00591	0.00590	0.00666	0.03221	0.00417	0.02924	0.04489	0.03474	0.10015	0.13299	0.08721	0.35574	0.02704	0.00271	0.00373	0.10721	0.00343	0.00363
14	0.01199	0.00866	0.02515	0.00797	0.01023	0.00901	0.00634	0.36949	0.09124	0.08212	0.03483	0.12633	0.03429	0.13272	0.00709	0.00181	0.00398	0.02705	0.00400	0.00571
15	0.12879	0.01136	0.01080	0.03213	0.02533	0.13000	0.00725	0.37124	0.10147	0.05758	0.01085	0.05402	0.00864	0.02621	0.00448	0.00137	0.00465	0.00408	0.00364	0.00611
16	0.10566	0.03598	0.02752	0.05205	0.03384	0.13083	0.07072	0.30485	0.02575	0.03709	0.00936	0.01037	0.02219	0.00541	0.02721	0.00140	0.02693	0.00359	0.00311	0.06615
17	0.11098	0.11287	0.07262	0.01139	0.09658	0.10446	0.09349	0.15484	0.08113	0.03926	0.03225	0.01038	0.00775	0.00441	0.00387	0.00122	0.00497	0.00356	0.00288	0.05109

[dist]
# distance from previous block
# <min> <max>
16	85

[block]
# block no. 1 follows, 62 sequences, length 127
# corresponding to MSA columns:
# 165-291
name=unknown_B
#
# <colnr> <probs for GDERKNQSTAVLIFYWHMCP>
#	G	D	E	R	K	N	Q	S	T	A	V	L	I	F	Y	W	H	M	C	P
0	0.02520	0.13034	0.06763	0.03969	0.10971	0.08109	0.03976	0.15407	0.04709	0.08099	0.03703	0.07122	0.02238	0.00573	0.01631	0.00133	0.00477	0.01576	0.00308	0.04683
1	0.03943	0.03607	0.14959	0.01203	0.10933	0.01843	0.12538	0.03935	0.14524	0.05828	0.08518	0.05468	0.02180	0.01779	0.00503	0.00143	0.03906	0.01967	0.00306	0.01918
2	0.13023	0.13323	0.09873	0.02756	0.15221	0.02249	0.05262	0.07093	0.05338	0.07878	0.01810	0.02490	0.02645	0.00520	0.02536	0.00137	0.00470	0.00368	0.00276	0.06734
3	0.06462	0.12027	0.16531	0.01163	0.14970	0.06315	0.04007	0.03586	0.03612	0.05092	0.03037	0.10133	0.04342	0.03167	0.00459	0.00137	0.00467	0.00464	0.00270	0.03761
4	0.02834	0.08496	0.02504	0.05420	0.07179	0.02066	0.01835	0.04577	0.06812	0.04100	0.05481	0.04499	0.22236	0.12325	0.00678	0.00172	0.00371	0.04329	0.00325	0.03762
5	0.03459	0.04136	0.08766	0.03177	0.14908	0.02974	0.04922	0.01348	0.17930	0.03677	0.11251	0.11379	0.04148	0.00677	0.01723	0.00146	0.00416	0.01704	0.00327	0.02934
6	0.14776	0.14683	0.16308	0.00957	0.06754	0.05564	0.03388	0.04714	0.01918	0.05596	0.02129	0.03077	0.00796	0.05397	0.02021	0.00146	0.00477	0.01416	0.00256	0.09626
7	0.14487	0.04963	0.05526	0.02460	0.09764	0.04879	0.11795	0.04614	0.12419	0.07993	0.03718	0.03547	0.06641	0.00532	0.00413	0.00133	0.00444	0.02249	0.00312	0.03111
8	0.02367	0.00861	0.00969	0.00750	0.01078	0.00818	0.00603	0.18275	0.15912	0.08041	0.03621	0.01201	0.02136	0.00451	0.00377	0.00101	0.00350	0.00361	0.00352	0.41377
9	0.00547	0.00424	0.00446	0.00445	0.00535	0.00380	0.00301	0.00617	0.00846	0.01042	0.04724	0.03598	0.51232	0.31760	0.01111	0.00242	0.00287	0.00793	0.00346	0.00323
10	0.00721	0.00517	0.00708	0.00791	0.00898	0.00522	0.00690	0.03949	0.01019	0.01327	0.02206	0.04655	0.02383	0.01150	0.00582	0.00193	0.00395	0.76497	0.00393	0.00405
11	0.02766	0.00806	0.02719	0.00659	0.01037	0.00615	0.00542	0.04171	0.00932	0.03824	0.00790	0.00901	0.00641	0.00332	0.00324	0.00071	0.00330	0.00263	0.00265	0.78013
12	0.04382	0.01072	0.03320	0.04100	0.39651	0.05365	0.02218	0.20475	0.01199	0.02909	0.00950	0.05561	0.00813	0.00500	0.00467	0.00133	0.04077	0.01897	0.00281	0.00629
13	0.00667	0.00476	0.00664	0.00762	0.00852	0.00473	0.00653	0.00849	0.00961	0.01252	0.02263	0.13874	0.02490	0.01193	0.00583	0.00193	0.00375	0.70641	0.00392	0.00387
14	0.14179	0.00824	0.02492	0.00742	0.01080	0.00735	0.03652	0.02809	0.09874	0.23978	0.01103	0.01101	0.00796	0.00421	0.00362	0.00107	0.00356	0.00336	0.00350	0.34705
15	0.01367	0.40236	0.01669	0.00921	0.01207	0.43501	0.00775	0.01520	0.03337	0.01044	0.00658	0.00752	0.00569	0.00408	0.00334	0.00102	0.00612	0.00259	0.00208	0.00523
16	0.00930	0.05993	0.42646	0.01288	0.04555	0.00974	0.20853	0.01323	0.02115	0.03972	0.02456	0.05076	0.00779	0.00446	0.00428	0.00133	0.00582	0.00413	0.00224	0.04816
17	0.01025	0.06608	0.15392	0.01233	0.14023	0.01080	0.04602	0.01849	0.46123	0.01575	0.01305	0.01306	0.00991	0.00493	0.00419	0.00136	0.00439	0.00421	0.00328	0.00653
18	0.01191	0.00575	0.00748	0.00669	0.00858	0.00521	0.00512	0.04055	0.02577	0.37767	0.04924	0.33138	0.08872	0.00891	0.00480	0.00148	0.00303	0.00775	0.00458	0.00538
19	0.01027	0.00984	0.01680	0.11173	0.74036	0.01004	0.01293	0.01283	0.00956	0.01358	0.00796	0.01062	0.00663	0.00384	0.00422	0.00128	0.00512	0.00379	0.00208	0.00653
20	0.01434	0.01037	0.11850	0.01311	0.14349	0.00818	0.16712	0.01694	0.01095	0.41750	0.02774	0.01288	0.00902	0.00461	0.00440	0.00134	0.00486	0.00427	0.00369	0.00668
21	0.00988	0.01844	0.59109	0.01323	0.05818	0.00967	0.13085	0.01418	0.00948	0.09240	0.00868	0.00996	0.00611	0.00408	0.00422	0.00135	0.00610	0.00356	0.00220	0.00632
22	0.00521	0.00373	0.00496	0.00590	0.00618	0.00348	0.00395	0.00600	0.00828	0.01108	0.05109	0.81944	0.02856	0.01317	0.00542	0.00171	0.00245	0.01194	0.00398	0.00348
23	0.88052	0.00823	0.00625	0.00560	0.00823	0.00955	0.00461	0.01251	0.00724	0.01909	0.00592	0.00691	0.00461	0.00395	0.00263	0.00132	0.00329	0.00230	0.00263	0.00461
24	0.01041	0.01140	0.01255	0.58995	0.02443	0.25813	0.01073	0.01272	0.00958	0.01073	0.00727	0.01024	0.00561	0.00429	0.00413	0.00132	0.00628	0.00347	0.00198	0.00479
25	0.01842	0.00769	0.01008	0.00777	0.01102	0.00698	0.00640	0.09993	0.02539	0.71867	0.03121	0.01440	0.01079	0.00532	0.00429	0.00131	0.00369	0.00431	0.00514	0.00717
26	0.04966	0.01056	0.01169	0.00906	0.01236	0.01133	0.00746	0.55763	0.05913	0.20922	0.01193	0.01136	0.00819	0.00513	0.00420	0.00130	0.00432	0.00393	0.00443	0.00711
27	0.00739	0.00370	0.00554	0.00554	0.00554	0.00370	0.00370	0.00554	0.00554	0.00739	0.00739	0.01293	0.00739	0.01478	0.01663	0.87620	0.00370	0.00370	0.00185	0.00185
28	0.01022	0.00978	0.01632	0.10524	0.67130	0.01022	0.01250	0.01302	0.03794	0.01354	0.00816	0.01073	0.00679	0.00411	0.00476	0.00132	0.05165	0.00382	0.00215	0.00642
29	0.00564	0.00411	0.00578	0.00626	0.00674	0.00431	0.00450	0.00672	0.00759	0.01047	0.03600	0.43207	0.02023	0.05346	0.37039	0.00406	0.00645	0.00845	0.00318	0.00359
30	0.00601	0.00405	0.00469	0.00486	0.00491	0.00401	0.00282	0.00614	0.00653	0.00870	0.01516	0.17054	0.01768	0.70476	0.01883	0.00371	0.00384	0.00722	0.00282	0.00273
31	0.00931	0.00931	0.01303	0.01117	0.01117	0.01303	0.00931	0.01024	0.00652	0.01024	0.00559	0.00931	0.00559	0.00745	0.01396	0.00186	0.84267	0.00372	0.00186	0.00465
32	0.01058	0.00914	0.00962	0.00866	0.01106	0.01058	0.00673	0.02261	0.81623	0.01780	0.01732	0.01588	0.01299	0.00577	0.00433	0.00144	0.00337	0.00481	0.00433	0.00673
33	0.00542	0.00415	0.00498	0.00524	0.00616	0.00371	0.00381	0.00667	0.00985	0.01286	0.24848	0.29531	0.32690	0.01106	0.00519	0.00152	0.00228	0.03859	0.00415	0.00368
34	0.00523	0.00374	0.00499	0.00598	0.00625	0.00350	0.00403	0.00601	0.00819	0.01092	0.02343	0.82430	0.02804	0.01328	0.00544	0.00173	0.00251	0.03500	0.00395	0.00347
35	0.01893	0.00750	0.01004	0.00769	0.01099	0.00664	0.00636	0.06459	0.01261	0.78240	0.01642	0.01425	0.01035	0.00526	0.00428	0.00131	0.00368	0.00425	0.00521	0.00724
36	0.00822	0.00791	0.01387	0.76639	0.02867	0.00957	0.08336	0.01112	0.00865	0.01112	0.00766	0.01136	0.00574	0.00419	0.00432	0.00142	0.00581	0.00389	0.00191	0.00482
37	0.00613	0.00436	0.00586	0.00586	0.00628	0.00478	0.00409	0.00697	0.00655	0.00915	0.01230	0.02169	0.01280	0.39801	0.47045	0.00562	0.00814	0.00529	0.00241	0.00325
38	0.00882	0.00756	0.00882	0.00630	0.01008	0.00567	0.00504	0.01071	0.00882	0.01387	0.00756	0.00882	0.00630	0.00315	0.00315	0.00063	0.00315	0.00252	0.00252	0.87647
39	0.00993	0.46486	0.32431	0.00941	0.03234	0.01322	0.01037	0.01271	0.00902	0.01187	0.06042	0.00937	0.00775	0.00413	0.00341	0.00111	0.00505	0.00299	0.00201	0.00571
40	0.00985	0.05776	0.39398	0.03015	0.21745	0.03648	0.01264	0.03431	0.09660	0.02279	0.00971	0.01093	0.02791	0.00442	0.00422	0.00132	0.01726	0.00363	0.00232	0.00628
41	0.00882	0.00756	0.00882	0.00630	0.01008	0.00567	0.00504	0.01071	0.00882	0.01387	0.00756	0.00882	0.00630	0.00315	0.00315	0.00063	0.00315	0.00252	0.00252	0.87647
42	0.01298	0.01071	0.01095	0.00920	0.01198	0.04827	0.00732	0.32639	0.47284	0.02095	0.01410	0.01332	0.01043	0.00545	0.00428	0.00136	0.00407	0.00434	0.00421	0.00685
43	0.01049	0.07158	0.24572	0.01143	0.09118	0.04539	0.06811	0.05922	0.09886	0.06927	0.04128	0.01311	0.04044	0.00479	0.00411	0.00125	0.00489	0.01874	0.00283	0.09730
44	0.01008	0.09464	0.30980	0.04224	0.02817	0.06384	0.23297	0.01337	0.00952	0.05885	0.00956	0.06083	0.01787	0.00470	0.00453	0.00135	0.02539	0.00428	0.00229	0.00573
45	0.00883	0.01996	0.67206	0.01326	0.01916	0.01005	0.17002	0.01351	0.00919	0.01351	0.00783	0.00947	0.00560	0.00395	0.00423	0.00136	0.00646	0.00351	0.00187	0.00618
46	0.00916	0.00893	0.01599	0.51256	0.15123	0.00997	0.17453	0.04325	0.00946	0.01254	0.00795	0.01120	0.00606	0.00408	0.00440	0.00139	0.00584	0.00404	0.00207	0.00535
47	0.04014	0.07870	0.24190	0.01122	0.03849	0.06376	0.10040	0.15257	0.14316	0.05640	0.01028	0.02674	0.00779	0.00468	0.00412	0.00131	0.00525	0.00387	0.00295	0.00626
48	0.01051	0.00943	0.01340	0.01706	0.39851	0.01026	0.00986	0.01677	0.33861	0.03182	0.01194	0.01291	0.00942	0.00573	0.03059	0.00155	0.05780	0.00424	0.00307	0.00652
49	0.00520	0.00372	0.00495	0.00591	0.00618	0.00347	0.00395	0.00597	0.00824	0.01100	0.04169	0.82905	0.02842	0.01322	0.00542	0.00172	0.00246	0.01200	0.00397	0.00347
50	0.05528	0.08616	0.06372	0.04944	0.19329	0.05164	0.00915	0.18706	0.06270	0.07991	0.04112	0.02370	0.02067	0.00501	0.00461	0.00130	0.05208	0.00394	0.00308	0.00614
51	0.04487	0.05613	0.07860	0.01232	0.03831	0.12483	0.24336	0.11812	0.17040	0.01573	0.02394	0.02377	0.00866	0.00473	0.00433	0.00134	0.00556	0.01614	0.00293	0.00594
52	0.00609	0.00427	0.00549	0.00555	0.00585	0.00455	0.00369	0.00671	0.00654	0.00901	0.01316	0.06598	0.01428	0.49483	0.33065	0.00504	0.00681	0.00587	0.00254	0.00309
53	0.00510	0.00414	0.00453	0.00479	0.00588	0.00357	0.00345	0.00612	0.00934	0.01149	0.06160	0.26281	0.57953	0.01142	0.00514	0.00151	0.00224	0.00980	0.00397	0.00357
54	0.02304	0.02929	0.05844	0.04477	0.01435	0.04539	0.20697	0.03704	0.08488	0.01257	0.00918	0.02324	0.00784	0.02320	0.14743	0.00247	0.21809	0.00432	0.00237	0.00513
55	0.00612	0.00440	0.00562	0.00624	0.00676	0.00431	0.00430	0.07146	0.00905	0.01210	0.02190	0.74489	0.02578	0.02636	0.02713	0.00186	0.00291	0.01113	0.00391	0.00376
56	0.00611	0.00426	0.00543	0.00547	0.00575	0.00453	0.00360	0.00668	0.00649	0.00893	0.01306	0.05409	0.01422	0.52817	0.31016	0.00500	0.00665	0.00583	0.00252	0.00305
57	0.07980	0.00817	0.01015	0.00784	0.01110	0.00777	0.00647	0.16544	0.01327	0.62211	0.01480	0.01316	0.00950	0.00514	0.00416	0.00131	0.00379	0.00406	0.00489	0.00705
58	0.00920	0.01555	0.37239	0.10436	0.06976	0.01020	0.33023	0.01323	0.00940	0.01328	0.00804	0.01032	0.00593	0.00387	0.00446	0.00138	0.00650	0.00400	0.00197	0.00593
59	0.00561	0.00404	0.00531	0.00561	0.00626	0.00374	0.00397	0.00699	0.01014	0.01401	0.42732	0.42095	0.04826	0.01094	0.00522	0.00153	0.00223	0.00982	0.00432	0.00374
60	0.00608	0.00456	0.00684	0.00684	0.00760	0.00532	0.00532	0.00760	0.00684	0.00988	0.01140	0.01672	0.01064	0.03191	0.83360	0.00684	0.01140	0.00456	0.00228	0.00380
61	0.00882	0.00756	0.00882	0.00630	0.01008	0.00567	0.00504	0.01071	0.00882	0.01387	0.00756	0.00882	0.00630	0.00315	0.00315	0.00063	0.00315	0.00252	0.00252	0.87647
62	0.00793	0.00397	0.00397	0.00397	0.00496	0.00397	0.00297	0.00991	0.00892	0.01586	0.01388	0.01586	0.01091	0.00496	0.00297	0.00099	0.00198	0.00397	0.87408	0.00397
63	0.84710	0.00820	0.00650	0.03756	0.00904	0.00954	0.00488	0.01245	0.00729	0.01878	0.00599	0.00708	0.00465	0.00396	0.00270	0.00132	0.00338	0.00236	0.00260	0.00461
64	0.00967	0.32500	0.48043	0.01074	0.01593	0.01248	0.06532	0.01322	0.00893	0.01222	0.00707	0.00836	0.00549	0.00387	0.00363	0.00119	0.00571	0.00295	0.00183	0.00595
65	0.00793	0.00397	0.00397	0.00397	0.00496	0.00397	0.00297	0.00991	0.00892	0.01586	0.01388	0.01586	0.01091	0.00496	0.00297	0.00099	0.00198	0.00397	0.87408	0.00397
66	0.01779	0.00932	0.01116	0.00856	0.01190	0.00934	0.00707	0.37195	0.01566	0.47073	0.01386	0.01258	0.00907	0.00520	0.00427	0.00130	0.00409	0.00408	0.00482	0.00724
67	0.03092	0.00944	0.15428	0.29866	0.04568	0.00832	0.03428	0.02683	0.00853	0.01209	0.05119	0.01330	0.00889	0.01236	0.23984	0.00294	0.03128	0.00409	0.00221	0.00485
68	0.00931	0.00931	0.01303	0.01117	0.01117	0.01303	0.00931	0.01024	0.00652	0.01024	0.00559	0.00931	0.00559	0.00745	0.01396	0.00186	0.84267	0.00372	0.00186	0.00465
69	0.00617	0.00412	0.00465	0.00466	0.00467	0.00411	0.00260	0.00618	0.00622	0.00829	0.01357	0.04156	0.01568	0.83646	0.02139	0.00409	0.00410	0.00629	0.00260	0.00259
70	0.00865	0.00836	0.01373	0.04550	0.01390	0.05656	0.29788	0.02276	0.04123	0.02686	0.33021	0.04057	0.03958	0.00642	0.00490	0.00139	0.00456	0.02859	0.00343	0.00490
71	0.05619	0.01085	0.08116	0.02972	0.45974	0.02243	0.13624	0.04191	0.00981	0.01415	0.00983	0.03295	0.03840	0.02214	0.00479	0.00139	0.01561	0.00430	0.00232	0.00608
72	0.00603	0.00420	0.00567	0.00647	0.00703	0.00407	0.00481	0.00723	0.02158	0.02387	0.02241	0.53256	0.04370	0.01338	0.03763	0.03418	0.00326	0.21444	0.00383	0.00364
73	0.00520	0.00380	0.00490	0.00577	0.00617	0.00350	0.00392	0.00600	0.00836	0.01097	0.02570	0.73970	0.11956	0.01301	0.00539	0.00170	0.00246	0.02647	0.00395	0.00348
74	0.01230	0.05478	0.10201	0.01750	0.39092	0.07001	0.04637	0.07067	0.02132	0.13647	0.03054	0.01120	0.00798	0.00431	0.00416	0.00126	0.00510	0.00381	0.00279	0.00649
75	0.01055	0.01059	0.06049	0.07189	0.69270	0.01008	0.01283	0.03171	0.01955	0.02688	0.00826	0.01061	0.00675	0.00391	0.00421	0.00128	0.00511	0.00378	0.00220	0.00662
76	0.00720	0.00580	0.00707	0.00686	0.00749	0.05805	0.00509	0.02329	0.00722	0.00977	0.01118	0.04794	0.01121	0.18044	0.45932	0.08158	0.05968	0.00489	0.00237	0.00358
77	0.00882	0.00756	0.00882	0.00630	0.01008	0.00567	0.00504	0.01071	0.00882	0.01387	0.00756	0.00882	0.00630	0.00315	0.00315	0.00063	0.00315	0.00252	0.00252	0.87647
78	0.00840	0.00710	0.00835	0.00615	0.00954	0.00543	0.00488	0.01029	0.00924	0.01422	0.11001	0.01230	0.02602	0.00399	0.00342	0.00073	0.00299	0.00329	0.00282	0.75084
79	0.01004	0.01148	0.02511	0.01793	0.02224	0.01076	0.80846	0.01363	0.01004	0.01363	0.00861	0.01148	0.00646	0.00359	0.00502	0.00143	0.00717	0.00502	0.00215	0.00574
80	0.00909	0.00754	0.00826	0.00758	0.00949	0.00837	0.00582	0.03982	0.52014	0.01711	0.19817	0.08596	0.05017	0.00719	0.00459	0.00144	0.00299	0.00616	0.00436	0.00577
81	0.06816	0.01167	0.01269	0.01127	0.09982	0.04415	0.00835	0.60985	0.04129	0.03601	0.00988	0.01018	0.00717	0.00489	0.00414	0.00128	0.00470	0.00373	0.00386	0.00692
82	0.01602	0.01215	0.01266	0.00980	0.01314	0.04331	0.00806	0.76008	0.04042	0.02598	0.01027	0.01027	0.00732	0.00510	0.00424	0.00127	0.00476	0.00382	0.00418	0.00714
83	0.00809	0.00767	0.01309	0.81845	0.02912	0.00949	0.03292	0.01094	0.00855	0.01094	0.00759	0.01135	0.00569	0.00424	0.00427	0.00142	0.00571	0.00381	0.00190	0.00475
84	0.01008	0.00953	0.04469	0.01400	0.25171	0.03309	0.07269	0.06343	0.21673	0.03672	0.05298	0.04069	0.09676	0.03179	0.00499	0.00145	0.00431	0.00515	0.00327	0.00595
85	0.01439	0.00880	0.00962	0.00807	0.01077	0.06739	0.00642	0.04511	0.31678	0.36658	0.06098	0.01616	0.03791	0.00575	0.00433	0.00135	0.00372	0.00469	0.00459	0.00659
86	0.01888	0.00719	0.00981	0.00753	0.01079	0.00622	0.00622	0.02053	0.01218	0.81355	0.03002	0.01477	0.01102	0.00532	0.00429	0.00132	0.00359	0.00434	0.00526	0.00719
87	0.01826	0.00774	0.01012	0.00786	0.01108	0.00707	0.00651	0.11905	0.01307	0.69553	0.01618	0.01523	0.01065	0.00550	0.00434	0.00134	0.00376	0.03452	0.00509	0.00711
88	0.00657	0.00524	0.00784	0.00770	0.00884	0.00509	0.08422	0.00877	0.05431	0.01292	0.12637	0.33702	0.05776	0.01076	0.00539	0.00169	0.00335	0.24819	0.00388	0.00408
89	0.00739	0.00370	0.00554	0.00554	0.00554	0.00370	0.00370	0.00554	0.00554	0.00739	0.00739	0.01293	0.00739	0.01478	0.01663	0.87620	0.00370	0.00370	0.00185	0.00185
90	0.85533	0.00820	0.00636	0.00565	0.00831	0.00945	0.00466	0.01275	0.00739	0.04271	0.00624	0.00713	0.00478	0.00399	0.00268	0.00132	0.00330	0.00236	0.00271	0.00469
91	0.00793	0.00397	0.00397	0.00397	0.00496	0.00397	0.00297	0.00991	0.00892	0.01586	0.01388	0.01586	0.01091	0.00496	0.00297	0.00099	0.00198	0.00397	0.87408	0.00397
92	0.00973	0.12917	0.01324	0.00970	0.01058	0.01238	0.00812	0.07395	0.02339	0.01152	0.00731	0.02157	0.00710	0.06837	0.05412	0.00209	0.52678	0.00387	0.00219	0.00481
93	0.00559	0.00437	0.00511	0.00512	0.00631	0.00388	0.00393	0.00710	0.01052	0.01365	0.32563	0.06420	0.42455	0.01020	0.00513	0.00147	0.00230	0.09294	0.00422	0.00378
94	0.00931	0.00931	0.01303	0.01117	0.01117	0.01303	0.00931	0.01024	0.00652	0.01024	0.00559	0.00931	0.00559	0.00745	0.01396	0.00186	0.84267	0.00372	0.00186	0.00465
95	0.01589	0.02028	0.01206	0.01096	0.01315	0.83338	0.00822	0.01699	0.01206	0.01041	0.00658	0.00767	0.00548	0.00438	0.00384	0.00110	0.00767	0.00274	0.00219	0.00493
96	0.00842	0.00801	0.01395	0.07797	0.31280	0.00790	0.15757	0.01073	0.00962	0.01308	0.07075	0.09215	0.11997	0.00711	0.02832	0.00157	0.00479	0.04720	0.00278	0.00528
97	0.00602	0.00435	0.00569	0.00535	0.00636	0.00401	0.00401	0.00803	0.01204	0.01706	0.82167	0.03178	0.04015	0.00870	0.00502	0.00134	0.00201	0.00770	0.00468	0.00401
98	0.01589	0.02028	0.01206	0.01096	0.01315	0.83338	0.00822	0.01699	0.01206	0.01041	0.00658	0.00767	0.00548	0.00438	0.00384	0.00110	0.00767	0.00274	0.00219	0.00493
99	0.00952	0.07325	0.49266	0.01313	0.11669	0.00996	0.06437	0.02986	0.03230	0.04641	0.05017	0.02566	0.00827	0.00448	0.00414	0.00132	0.00557	0.00378	0.00231	0.00616
100	0.00837	0.00744	0.01140	0.36978	0.09195	0.00902	0.00932	0.05127	0.00848	0.01157	0.02261	0.01366	0.00814	0.09059	0.13543	0.00256	0.13734	0.00419	0.00220	0.00467
101	0.00518	0.00370	0.00494	0.00592	0.00617	0.00346	0.00395	0.00592	0.00815	0.01086	0.02345	0.84768	0.02814	0.01333	0.00543	0.00173	0.00247	0.01210	0.00395	0.00346
102	0.26514	0.01189	0.11943	0.01548	0.31854	0.07558	0.03262	0.01302	0.00879	0.01474	0.00703	0.00896	0.00573	0.00425	0.00461	0.00134	0.08174	0.00322	0.00221	0.00569
103	0.01051	0.01010	0.01720	0.02587	0.81034	0.01016	0.01300	0.01301	0.00964	0.01384	0.00796	0.01051	0.00672	0.00385	0.00438	0.00127	0.01905	0.00379	0.00210	0.00671
104	0.01002	0.19431	0.09568	0.00840	0.05389	0.01921	0.00724	0.03733	0.03031	0.03049	0.00775	0.00882	0.00633	0.00357	0.00330	0.00086	0.00399	0.00274	0.00243	0.47332
105	0.00747	0.03618	0.26480	0.02133	0.01243	0.00724	0.09327	0.01040	0.03216	0.02709	0.05260	0.08920	0.27766	0.00746	0.00481	0.00143	0.01780	0.02875	0.00302	0.00492
106	0.00619	0.00461	0.00660	0.00655	0.00714	0.00531	0.00492	0.00741	0.00671	0.00958	0.01161	0.01860	0.01140	0.18543	0.65731	0.00619	0.03368	0.00484	0.00232	0.00359
107	0.01154	0.78525	0.02138	0.00745	0.01101	0.05938	0.00727	0.01291	0.00883	0.01014	0.00600	0.00693	0.00549	0.00367	0.00280	0.00091	0.00467	0.00231	0.00186	0.03021
108	0.00793	0.00397	0.00397	0.00397	0.00496	0.00397	0.00297	0.00991	0.00892	0.01586	0.01388	0.01586	0.01091	0.00496	0.00297	0.00099	0.00198	0.00397	0.87408	0.00397
109	0.03241	0.03437	0.03480	0.00932	0.01230	0.12842	0.00766	0.35310	0.23139	0.07820	0.02720	0.01190	0.00924	0.00517	0.00415	0.00129	0.00464	0.00395	0.00389	0.00658
110	0.01122	0.02290	0.05170	0.03319	0.13421	0.16169	0.00878	0.03536	0.34196	0.01447	0.01144	0.01220	0.00901	0.00623	0.03697	0.00159	0.09404	0.00399	0.00304	0.00599
111	0.00513	0.00431	0.00445	0.00442	0.00581	0.00363	0.00331	0.00630	0.00994	0.01206	0.12159	0.04003	0.74336	0.01057	0.00503	0.00143	0.00214	0.00885	0.00403	0.00363
112	0.03183	0.00444	0.00565	0.00618	0.00677	0.00436	0.00433	0.02488	0.00860	0.04984	0.02283	0.68445	0.07326	0.01211	0.00557	0.00167	0.03476	0.01075	0.00390	0.00381
113	0.00913	0.09899	0.68747	0.01174	0.03415	0.01050	0.01433	0.01390	0.04130	0.02877	0.00804	0.00919	0.00583	0.00409	0.00394	0.00131	0.00593	0.00316	0.00197	0.00626
114	0.03344	0.68782	0.03704	0.00821	0.04552	0.02514	0.00749	0.01230	0.00861	0.01055	0.00718	0.06159	0.00697	0.00441	0.00334	0.00103	0.02899	0.00304	0.00200	0.00535
115	0.00608	0.00456	0.00684	0.00684	0.00760	0.00532	0.00532	0.00760	0.00684	0.00988	0.01140	0.01672	0.01064	0.03191	0.83360	0.00684	0.01140	0.00456	0.00228	0.00380
116	0.01137	0.74835	0.02192	0.00891	0.05681	0.03435	0.04491	0.01289	0.00884	0.01041	0.00617	0.00727	0.00558	0.00366	0.00294	0.00096	0.00477	0.00250	0.00186	0.00553
117	0.00793	0.00397	0.00397	0.00397	0.00496	0.00397	0.00297	0.00991	0.00892	0.01586	0.01388	0.01586	0.01091	0.00496	0.00297	0.00099	0.00198	0.00397	0.87408	0.00397
118	0.88052	0.00823	0.00625	0.00560	0.00823	0.00955	0.00461	0.01251	0.00724	0.01909	0.00592	0.00691	0.00461	0.00395	0.00263	0.00132	0.00329	0.00230	0.00263	0.00461
119	0.00793	0.00397	0.00397	0.00397	0.00496	0.00397	0.00297	0.00991	0.00892	0.01586	0.01388	0.01586	0.01091	0.00496	0.00297	0.00099	0.00198	0.00397	0.87408	0.00397
120	0.67668	0.03110	0.00785	0.00639	0.00919	0.01012	0.00530	0.12832	0.02145	0.06015	0.00726	0.00790	0.00543	0.00420	0.00298	0.00130	0.00354	0.00266	0.00300	0.00517
121	0.13079	0.39726	0.17354	0.00832	0.01226	0.01324	0.00853	0.11518	0.03506	0.02606	0.00737	0.00816	0.00590	0.00402	0.00325	0.00111	0.00463	0.00276	0.00239	0.04019
122	0.10855	0.51263	0.17708	0.00848	0.02913	0.01387	0.00868	0.02560	0.02401	0.02573	0.00680	0.00774	0.00565	0.00383	0.00310	0.00106	0.00469	0.00259	0.00207	0.02871
123	0.02821	0.15508	0.46366	0.01018	0.01513	0.07197	0.01168	0.02883	0.02339	0.05570	0.00793	0.00890	0.00592	0.00402	0.00371	0.00118	0.00551	0.00299	0.00219	0.09381
124	0.23963	0.04681	0.10482	0.01260	0.21049	0.00899	0.06930	0.01304	0.02168	0.09861	0.04918	0.06532	0.03215	0.00506	0.00392	0.00133	0.00430	0.00428	0.00285	0.00562
125	0.06788	0.08243	0.21759	0.02712	0.24457	0.07460	0.03323	0.01437	0.02481	0.11184	0.00871	0.00990	0.00659	0.00408	0.00389	0.00123	0.00517	0.00337	0.00249	0.05614
126	0.06841	0.08664	0.08845	0.05382	0.08386	0.06822	0.05182	0.03416	0.00992	0.07711	0.03802	0.05859	0.20508	0.00626	0.00420	0.00129	0.00422	0.00521	0.00302	0.05171

[dist]
# distance from previous block
# <min> <max>
0	98

# created by:
# /st0/software/busco_prod/Augustus/scripts/msa2prfl.pl ./align_prep/36899.fa
