[name]
unknown

[dist]
# distance from previous block
# <min> <max>
0	32

[block]
# block no. 0 follows, 68 sequences, length 22
# corresponding to MSA columns:
# 161-182
name=unknown_A
#
# <colnr> <probs for GDERKNQSTAVLIFYWHMCP>
#	G	D	E	R	K	N	Q	S	T	A	V	L	I	F	Y	W	H	M	C	P
0	0.00993	0.04236	0.05280	0.02002	0.10334	0.03693	0.02601	0.17234	0.18753	0.02635	0.10454	0.01645	0.06302	0.00557	0.00420	0.00124	0.01679	0.05033	0.00331	0.05694
1	0.00767	0.00676	0.05664	0.02858	0.01987	0.01570	0.00545	0.04284	0.13643	0.05268	0.04385	0.30231	0.10199	0.00772	0.00426	0.00128	0.00301	0.00671	0.00339	0.15286
2	0.00788	0.04064	0.15192	0.00998	0.03841	0.02938	0.21841	0.04279	0.04373	0.01249	0.02787	0.04093	0.26322	0.00605	0.00431	0.00128	0.00438	0.01846	0.00273	0.03515
3	0.00984	0.17003	0.05269	0.00774	0.03634	0.05738	0.02856	0.05002	0.05942	0.05567	0.05461	0.02331	0.00838	0.00394	0.00332	0.00090	0.00376	0.00313	0.00260	0.36836
4	0.01195	0.03281	0.09128	0.04282	0.04797	0.05203	0.03886	0.34442	0.10807	0.07043	0.01136	0.07398	0.02208	0.00517	0.00399	0.00123	0.00433	0.00423	0.01496	0.01802
5	0.16954	0.28342	0.23302	0.00931	0.08001	0.02351	0.02023	0.01218	0.02966	0.02791	0.00790	0.00885	0.03524	0.00392	0.00332	0.00111	0.01665	0.00285	0.00207	0.02930
6	0.00535	0.03482	0.00541	0.00516	0.00596	0.00402	0.00376	0.00649	0.00876	0.01166	0.24632	0.32382	0.19115	0.04553	0.06805	0.00188	0.00290	0.02189	0.00363	0.00345
7	0.00495	0.00399	0.00441	0.00439	0.00554	0.00345	0.00326	0.00617	0.00954	0.01210	0.25820	0.09206	0.55868	0.00967	0.00471	0.00133	0.00199	0.00824	0.00387	0.00345
8	0.01263	0.25811	0.10745	0.00924	0.01208	0.49583	0.00811	0.01415	0.01001	0.01006	0.02517	0.00758	0.00584	0.00395	0.00333	0.00100	0.00606	0.00258	0.00196	0.00486
9	0.00679	0.00344	0.00514	0.00518	0.00519	0.00343	0.00345	0.00518	0.00528	0.00704	0.00761	0.05291	0.00782	0.01371	0.01499	0.84200	0.00339	0.00382	0.00182	0.00179
10	0.04655	0.18304	0.04966	0.00802	0.01085	0.12330	0.00687	0.11959	0.25725	0.05874	0.02146	0.01095	0.00841	0.00453	0.00355	0.00112	0.00417	0.01643	0.00305	0.06245
11	0.00581	0.00481	0.00519	0.00496	0.00635	0.00457	0.00376	0.00880	0.15171	0.01301	0.23143	0.03200	0.49552	0.00876	0.00457	0.00132	0.00217	0.00740	0.00391	0.00395
12	0.00531	0.00365	0.00446	0.00491	0.00503	0.00354	0.00303	0.00565	0.00666	0.00888	0.01710	0.43516	0.02022	0.44352	0.01275	0.00275	0.00308	0.00847	0.00303	0.00280
13	0.04107	0.04858	0.04542	0.00998	0.01272	0.40697	0.06297	0.25645	0.05242	0.01516	0.00775	0.00846	0.00597	0.00425	0.00372	0.00112	0.00580	0.00308	0.00270	0.00543
14	0.00814	0.01920	0.73132	0.01202	0.01763	0.00932	0.12214	0.01258	0.00850	0.01258	0.00724	0.00868	0.00515	0.00371	0.00389	0.00127	0.00597	0.00316	0.00172	0.00579
15	0.00480	0.00380	0.00432	0.00465	0.00554	0.00332	0.00331	0.00573	0.00861	0.01079	0.07933	0.35237	0.47776	0.01084	0.00483	0.00144	0.00211	0.00941	0.00372	0.00332
16	0.00517	0.00393	0.00493	0.02923	0.00633	0.00361	0.00374	0.00645	0.00936	0.01248	0.33649	0.30431	0.23963	0.00991	0.00479	0.00139	0.00215	0.00873	0.00389	0.00349
17	0.03506	0.01007	0.10027	0.00930	0.01240	0.00919	0.10617	0.30946	0.07816	0.14704	0.05126	0.05054	0.01030	0.00561	0.01590	0.00135	0.00437	0.03408	0.00357	0.00592
18	0.00633	0.00452	0.00632	0.00723	0.00812	0.00451	0.00628	0.00811	0.00907	0.01180	0.02103	0.07686	0.02295	0.01101	0.00546	0.00182	0.00360	0.77771	0.00365	0.00363
19	0.01040	0.80020	0.08189	0.00712	0.01070	0.01521	0.00737	0.01192	0.00808	0.00957	0.00563	0.00651	0.00508	0.00342	0.00264	0.00088	0.00436	0.00218	0.00169	0.00515
20	0.00800	0.10912	0.69039	0.01039	0.01556	0.00945	0.01299	0.01196	0.00828	0.01203	0.00804	0.07154	0.00661	0.00437	0.00373	0.00124	0.00542	0.00347	0.00183	0.00558
21	0.01060	0.86304	0.02078	0.00678	0.01018	0.01569	0.00678	0.01187	0.00806	0.00933	0.00551	0.00636	0.00509	0.00339	0.00254	0.00085	0.00424	0.00212	0.00170	0.00509

[dist]
# distance from previous block
# <min> <max>
0	23

[block]
# block no. 1 follows, 68 sequences, length 27
# corresponding to MSA columns:
# 215-241
name=unknown_B
#
# <colnr> <probs for GDERKNQSTAVLIFYWHMCP>
#	G	D	E	R	K	N	Q	S	T	A	V	L	I	F	Y	W	H	M	C	P
0	0.00942	0.27932	0.49127	0.00964	0.01435	0.03710	0.01136	0.06657	0.00901	0.01224	0.00682	0.00792	0.00525	0.00420	0.01874	0.00121	0.00539	0.00274	0.00185	0.00560
1	0.00900	0.01350	0.34451	0.07611	0.01429	0.07171	0.00971	0.03694	0.00885	0.03418	0.00751	0.00926	0.00585	0.00382	0.00382	0.00104	0.03096	0.01790	0.00213	0.29889
2	0.39510	0.23397	0.19722	0.00726	0.01075	0.01093	0.00748	0.05101	0.03148	0.01472	0.00637	0.00724	0.00500	0.00372	0.00289	0.00114	0.00406	0.00245	0.00220	0.00503
3	0.00577	0.00384	0.00432	0.00432	0.00432	0.00384	0.00240	0.00577	0.00577	0.00769	0.01249	0.02595	0.01441	0.86066	0.02018	0.00384	0.00384	0.00577	0.00240	0.00240
4	0.01535	0.01066	0.01162	0.00891	0.01207	0.01164	0.00736	0.74099	0.01790	0.10775	0.01014	0.00992	0.00706	0.00477	0.00397	0.00119	0.00426	0.00361	0.00406	0.00674
5	0.00915	0.00900	0.01612	0.11047	0.53034	0.00914	0.15646	0.01156	0.00878	0.01230	0.00823	0.05046	0.00718	0.01855	0.00460	0.00130	0.02454	0.00414	0.00203	0.00566
6	0.18152	0.01192	0.12319	0.02323	0.01254	0.08516	0.05429	0.37378	0.01299	0.01878	0.00871	0.01083	0.00682	0.00465	0.00375	0.00124	0.00467	0.05326	0.00302	0.00565
7	0.00482	0.00350	0.00455	0.00540	0.00572	0.00323	0.00363	0.00553	0.00771	0.01017	0.02333	0.79175	0.09159	0.01223	0.00503	0.00159	0.00228	0.01104	0.00368	0.00323
8	0.00523	0.00391	0.00444	0.00448	0.00534	0.00353	0.00317	0.00629	0.00884	0.01163	0.23089	0.13242	0.36572	0.14785	0.00716	0.00174	0.00230	0.00778	0.04397	0.00329
9	0.00725	0.00931	0.17480	0.02531	0.01227	0.00694	0.18909	0.03400	0.05205	0.01223	0.04175	0.12773	0.20960	0.00709	0.00497	0.02442	0.02290	0.03089	0.00282	0.00455
10	0.00978	0.03637	0.01632	0.01224	0.01532	0.05171	0.40024	0.01614	0.34609	0.01412	0.03189	0.01254	0.00923	0.00434	0.00429	0.00131	0.00505	0.00448	0.00289	0.00564
11	0.00567	0.00391	0.00484	0.00491	0.00510	0.00407	0.00312	0.00607	0.00605	0.00824	0.01275	0.08701	0.01423	0.59437	0.21902	0.00429	0.00537	0.00582	0.00243	0.00274
12	0.00591	0.00457	0.00597	0.00661	0.07657	0.00441	0.00432	0.00744	0.02704	0.01226	0.31691	0.06322	0.18056	0.16160	0.07907	0.00219	0.00334	0.03092	0.00343	0.00366
13	0.01008	0.41782	0.31914	0.00895	0.01316	0.03685	0.02416	0.08043	0.03421	0.01211	0.00682	0.00772	0.00543	0.00372	0.00322	0.00105	0.00494	0.00267	0.00197	0.00554
14	0.00936	0.01070	0.02340	0.01671	0.02072	0.01003	0.82152	0.01270	0.00936	0.01270	0.00802	0.01070	0.00602	0.00334	0.00468	0.00134	0.00668	0.00468	0.00201	0.00535
15	0.01356	0.00573	0.00758	0.00614	0.00835	0.00508	0.00487	0.01503	0.01052	0.54207	0.16259	0.01778	0.01529	0.09335	0.00568	0.00148	0.00303	0.00472	0.07161	0.00553
16	0.01000	0.10195	0.25814	0.01056	0.06132	0.08816	0.08751	0.07536	0.09533	0.05281	0.03287	0.04560	0.03844	0.00483	0.00391	0.00122	0.00488	0.01901	0.00260	0.00549
17	0.06705	0.12309	0.21480	0.00895	0.01239	0.04584	0.03327	0.09658	0.30857	0.03457	0.01052	0.01058	0.00788	0.00443	0.00367	0.00122	0.00435	0.00347	0.00292	0.00585
18	0.00896	0.00772	0.00811	0.00737	0.00944	0.00871	0.00571	0.01837	0.68288	0.01565	0.03738	0.01877	0.14144	0.00617	0.00415	0.00134	0.00293	0.00515	0.00399	0.00576
19	0.00613	0.00391	0.00446	0.00442	0.00454	0.00388	0.00255	0.00625	0.00605	0.03211	0.01287	0.05005	0.01452	0.78742	0.01879	0.00362	0.00373	0.00582	0.02629	0.00259
20	0.07739	0.14497	0.13397	0.02040	0.12521	0.07844	0.08399	0.04483	0.06112	0.07565	0.02857	0.05459	0.00804	0.00459	0.00410	0.00121	0.04132	0.00373	0.00250	0.00538
21	0.00933	0.16490	0.25589	0.01457	0.17990	0.01074	0.24628	0.02255	0.02164	0.01227	0.00730	0.00909	0.00571	0.00362	0.00401	0.00120	0.01999	0.00345	0.00190	0.00565
22	0.00514	0.00412	0.00463	0.00490	0.00604	0.00366	0.00385	0.00631	0.00890	0.01088	0.03384	0.07314	0.57604	0.03631	0.00537	0.00155	0.00248	0.20580	0.00364	0.00339
23	0.02635	0.32192	0.29356	0.01028	0.01445	0.03918	0.16609	0.03694	0.00875	0.01166	0.00688	0.00857	0.00556	0.02909	0.00396	0.00119	0.00532	0.00305	0.00186	0.00533
24	0.01025	0.07085	0.20476	0.07874	0.03369	0.10636	0.13861	0.07431	0.09064	0.06262	0.02288	0.06177	0.00818	0.00465	0.00407	0.00125	0.01437	0.00402	0.00255	0.00542
25	0.00953	0.01107	0.17371	0.00891	0.01119	0.15637	0.05584	0.01140	0.00873	0.10885	0.01244	0.19198	0.04099	0.00854	0.07560	0.00178	0.10045	0.00524	0.00269	0.00469
26	0.00488	0.00358	0.00450	0.00520	0.00566	0.00327	0.00355	0.00570	0.00799	0.01053	0.05406	0.66591	0.16981	0.01169	0.00493	0.00154	0.00222	0.01046	0.02125	0.00327

[dist]
# distance from previous block
# <min> <max>
3	46

[block]
# block no. 2 follows, 68 sequences, length 42
# corresponding to MSA columns:
# 288-329
name=unknown_C
#
# <colnr> <probs for GDERKNQSTAVLIFYWHMCP>
#	G	D	E	R	K	N	Q	S	T	A	V	L	I	F	Y	W	H	M	C	P
0	0.01229	0.32332	0.08242	0.00959	0.04710	0.37081	0.01882	0.05085	0.01000	0.01076	0.00625	0.00726	0.00525	0.00378	0.00325	0.00099	0.00565	0.00254	0.00198	0.02711
1	0.00486	0.00346	0.00459	0.00548	0.00570	0.00324	0.00364	0.00553	0.00753	0.01004	0.02152	0.82874	0.02581	0.04232	0.00559	0.00169	0.00235	0.01108	0.00364	0.00319
2	0.02003	0.17384	0.18959	0.04031	0.17345	0.08140	0.00942	0.08047	0.05550	0.06186	0.03539	0.01092	0.04252	0.00433	0.00365	0.00115	0.00468	0.00344	0.00246	0.00560
3	0.00972	0.02246	0.17974	0.02902	0.31838	0.05554	0.18561	0.01261	0.01986	0.05067	0.00880	0.02960	0.02296	0.00411	0.00437	0.00125	0.03357	0.00389	0.00214	0.00569
4	0.00481	0.00352	0.00453	0.00533	0.00570	0.00324	0.00360	0.00554	0.00777	0.01020	0.02417	0.75445	0.12835	0.01212	0.00501	0.00158	0.00226	0.01090	0.00368	0.00324
5	0.07035	0.08770	0.02458	0.00835	0.01133	0.06327	0.00700	0.49831	0.01491	0.12394	0.00995	0.04533	0.00752	0.00485	0.00376	0.00117	0.00425	0.00365	0.00361	0.00614
6	0.05375	0.02545	0.04714	0.01008	0.03867	0.13973	0.06575	0.49092	0.01503	0.06189	0.00879	0.00921	0.00637	0.00441	0.00386	0.00118	0.00492	0.00340	0.00332	0.00613
7	0.00598	0.00440	0.00600	0.00633	0.00694	0.00433	0.03141	0.05345	0.01942	0.02433	0.02014	0.70784	0.02343	0.01130	0.00513	0.00158	0.01953	0.04121	0.00363	0.00363
8	0.86772	0.00775	0.00597	0.00531	0.00778	0.00898	0.00437	0.03110	0.00703	0.01796	0.00562	0.00651	0.00435	0.00371	0.00249	0.00123	0.00310	0.00218	0.00249	0.00435
9	0.00867	0.00867	0.01214	0.01041	0.01041	0.01214	0.00867	0.00954	0.00607	0.00954	0.00520	0.00867	0.00520	0.00694	0.01301	0.00173	0.85340	0.00347	0.00173	0.00434
10	0.00573	0.00397	0.00498	0.00498	0.00520	0.00420	0.00322	0.00619	0.00596	0.00817	0.01190	0.02264	0.01298	0.59564	0.28323	0.00465	0.00601	0.00528	0.00231	0.00277
11	0.00483	0.00345	0.00460	0.00552	0.00575	0.00322	0.00368	0.00552	0.00759	0.01012	0.02185	0.85807	0.02622	0.01242	0.00506	0.00161	0.00230	0.01127	0.00368	0.00322
12	0.00959	0.00919	0.01569	0.10356	0.75844	0.00936	0.01206	0.01197	0.00892	0.01268	0.00742	0.00989	0.00619	0.00357	0.00393	0.00119	0.00477	0.00353	0.00194	0.00610
13	0.88866	0.00767	0.00583	0.00521	0.00767	0.00889	0.00429	0.01166	0.00675	0.01779	0.00552	0.00644	0.00429	0.00368	0.00245	0.00123	0.00307	0.00215	0.00245	0.00429
14	0.01476	0.01087	0.01168	0.00901	0.01210	0.01202	0.00742	0.79801	0.01831	0.02454	0.00989	0.03516	0.00733	0.00499	0.00400	0.00120	0.00430	0.00380	0.00396	0.00664
15	0.01623	0.00925	0.01075	0.00824	0.01137	0.00954	0.00681	0.48072	0.01554	0.37136	0.01213	0.01121	0.00805	0.00482	0.00398	0.00121	0.00394	0.00375	0.00437	0.00674
16	0.01747	0.00725	0.00951	0.00729	0.01037	0.00658	0.00603	0.11264	0.01220	0.74415	0.01493	0.01303	0.00946	0.00489	0.00398	0.00122	0.00349	0.00394	0.00480	0.00675
17	0.01690	0.00765	0.00970	0.00749	0.01054	0.00724	0.00617	0.17034	0.05201	0.64629	0.01452	0.01281	0.00935	0.00490	0.00399	0.00123	0.00355	0.00393	0.00469	0.00672
18	0.00483	0.00345	0.00460	0.00552	0.00575	0.00322	0.00368	0.00552	0.00759	0.01012	0.02185	0.85807	0.02622	0.01242	0.00506	0.00161	0.00230	0.01127	0.00368	0.00322
19	0.88866	0.00767	0.00583	0.00521	0.00767	0.00889	0.00429	0.01166	0.00675	0.01779	0.00552	0.00644	0.00429	0.00368	0.00245	0.00123	0.00307	0.00215	0.00245	0.00429
20	0.00483	0.00345	0.00460	0.00552	0.00575	0.00322	0.00368	0.00552	0.00759	0.01012	0.02185	0.85807	0.02622	0.01242	0.00506	0.00161	0.00230	0.01127	0.00368	0.00322
21	0.02354	0.00987	0.05327	0.01216	0.02502	0.00948	0.37866	0.06584	0.19477	0.02968	0.03052	0.01243	0.03254	0.00442	0.00471	0.00129	0.04816	0.00439	0.00275	0.05653
22	0.00884	0.00808	0.01333	0.44999	0.29575	0.00905	0.03536	0.03243	0.05083	0.03002	0.00819	0.01122	0.00646	0.00405	0.00401	0.00128	0.00493	0.01882	0.00211	0.00525
23	0.00498	0.00405	0.00442	0.00441	0.00564	0.00350	0.00336	0.00621	0.00951	0.01189	0.20923	0.03669	0.61866	0.00968	0.00473	0.00135	0.00207	0.05237	0.00383	0.00345
24	0.01454	0.00833	0.01296	0.03796	0.02749	0.00795	0.19273	0.15065	0.01184	0.44775	0.01264	0.03756	0.00872	0.00470	0.00417	0.00126	0.00435	0.00427	0.00390	0.00623
25	0.02815	0.00772	0.07288	0.00691	0.00833	0.09397	0.01751	0.07095	0.04375	0.05503	0.01008	0.03252	0.03566	0.06919	0.09191	0.34067	0.00477	0.00396	0.00241	0.00362
26	0.03915	0.00993	0.17464	0.00971	0.01289	0.00753	0.19419	0.07096	0.01012	0.15926	0.15273	0.01479	0.02813	0.00742	0.08883	0.00178	0.00513	0.00451	0.00306	0.00526
27	0.00739	0.00370	0.00370	0.00370	0.00462	0.00370	0.00277	0.00924	0.00831	0.01478	0.01293	0.01478	0.01016	0.00462	0.00277	0.00092	0.00185	0.00370	0.88267	0.00370
28	0.04554	0.01996	0.80451	0.01104	0.01676	0.00919	0.01421	0.01252	0.00830	0.01278	0.00705	0.00829	0.00499	0.00376	0.00371	0.00125	0.00574	0.00290	0.00171	0.00579
29	0.00755	0.00702	0.01175	0.64964	0.13895	0.00833	0.01044	0.00995	0.00805	0.01053	0.00860	0.09577	0.00753	0.00475	0.00407	0.00133	0.00490	0.00430	0.00198	0.00455
30	0.00469	0.00400	0.00403	0.00405	0.00537	0.00334	0.00303	0.00569	0.00900	0.01070	0.03970	0.05904	0.81373	0.01010	0.00470	0.00135	0.00202	0.00844	0.00368	0.00334
31	0.00936	0.01070	0.02340	0.01671	0.02072	0.01003	0.82152	0.01270	0.00936	0.01270	0.00802	0.01070	0.00602	0.00334	0.00468	0.00134	0.00668	0.00468	0.00201	0.00535
32	0.01414	0.04169	0.01159	0.01014	0.01203	0.74636	0.00773	0.01515	0.01068	0.00968	0.00603	0.00727	0.00512	0.00432	0.00440	0.00108	0.08339	0.00262	0.00201	0.00459
33	0.00585	0.00407	0.00563	0.00583	0.00650	0.00426	0.00430	0.00693	0.00716	0.04493	0.01693	0.27718	0.08612	0.06669	0.43365	0.00412	0.00664	0.00683	0.00287	0.00350
34	0.79434	0.00775	0.00642	0.00585	0.02613	0.00882	0.00465	0.03490	0.00740	0.06547	0.00626	0.00701	0.00473	0.00378	0.00262	0.00122	0.00316	0.00232	0.00263	0.00455
35	0.00996	0.00890	0.01242	0.19541	0.17305	0.09133	0.05827	0.01172	0.00849	0.10404	0.00900	0.08760	0.00791	0.00541	0.00612	0.00137	0.19741	0.00425	0.00237	0.00498
36	0.04690	0.00897	0.01467	0.08834	0.61369	0.02329	0.03830	0.01167	0.00874	0.01262	0.00794	0.01130	0.00686	0.00483	0.03216	0.00141	0.02426	0.03627	0.00204	0.00574
37	0.05182	0.01983	0.03878	0.13372	0.20496	0.05834	0.02358	0.03367	0.03497	0.05120	0.06143	0.03682	0.14983	0.00582	0.00455	0.00129	0.04636	0.03542	0.00273	0.00488
38	0.01088	0.13151	0.32190	0.04561	0.01420	0.23873	0.01006	0.09667	0.01019	0.01259	0.01942	0.00829	0.00578	0.00393	0.00354	0.00109	0.00559	0.00284	0.00210	0.05507
39	0.16409	0.05960	0.08244	0.00668	0.02095	0.09186	0.01468	0.01940	0.00757	0.02401	0.02598	0.10913	0.01134	0.29814	0.00941	0.00213	0.02204	0.00477	0.02196	0.00384
40	0.05190	0.34761	0.07469	0.00749	0.01063	0.02137	0.00692	0.13062	0.13021	0.08912	0.01874	0.00990	0.00748	0.03387	0.00385	0.00115	0.00402	0.00311	0.00278	0.04452
41	0.15969	0.08634	0.00935	0.00793	0.05670	0.22318	0.00575	0.05948	0.00948	0.05122	0.10185	0.03965	0.02066	0.12966	0.02182	0.00163	0.00449	0.00399	0.00271	0.00442

[dist]
# distance from previous block
# <min> <max>
0	107

[block]
# block no. 3 follows, 68 sequences, length 33
# corresponding to MSA columns:
# 437-469
name=unknown_D
#
# <colnr> <probs for GDERKNQSTAVLIFYWHMCP>
#	G	D	E	R	K	N	Q	S	T	A	V	L	I	F	Y	W	H	M	C	P
0	0.01893	0.11160	0.07474	0.03297	0.05775	0.08661	0.06313	0.13831	0.03503	0.03340	0.06184	0.12570	0.03454	0.00562	0.00410	0.00119	0.02372	0.00469	0.03620	0.04994
1	0.02129	0.20154	0.02492	0.00800	0.01078	0.12633	0.02076	0.16548	0.14551	0.05382	0.04107	0.01083	0.02889	0.00454	0.00376	0.00108	0.02561	0.00339	0.00294	0.09945
2	0.02583	0.52572	0.06382	0.00719	0.01043	0.09067	0.00685	0.03245	0.00893	0.03570	0.05886	0.00852	0.00739	0.00381	0.00297	0.00091	0.00427	0.00265	0.00213	0.10089
3	0.04410	0.13198	0.23495	0.04788	0.04137	0.07059	0.08894	0.10573	0.07336	0.08451	0.00900	0.03478	0.00695	0.00429	0.00374	0.00120	0.00494	0.00351	0.00256	0.00563
4	0.00799	0.09943	0.04148	0.00846	0.04032	0.02584	0.09653	0.05948	0.02133	0.01119	0.06156	0.10717	0.03443	0.22437	0.03293	0.00211	0.11344	0.00525	0.00255	0.00415
5	0.00622	0.00377	0.00531	0.00537	0.00578	0.00394	0.00384	0.00622	0.00632	0.00891	0.02683	0.07668	0.05538	0.03940	0.27740	0.38099	0.00542	0.00468	0.07482	0.00272
6	0.00720	0.00538	0.04308	0.04144	0.00779	0.00469	0.00465	0.03917	0.02495	0.10367	0.05446	0.25176	0.23673	0.09174	0.04136	0.00183	0.00319	0.00738	0.02555	0.00398
7	0.04170	0.15004	0.13203	0.03829	0.10488	0.02933	0.10739	0.04458	0.01896	0.17752	0.01051	0.04814	0.02981	0.02698	0.01278	0.00132	0.01363	0.00392	0.00272	0.00549
8	0.03189	0.00565	0.02711	0.00657	0.03282	0.02716	0.01401	0.07379	0.00903	0.07348	0.01717	0.39007	0.04177	0.05399	0.00516	0.00151	0.00296	0.03886	0.14293	0.00407
9	0.00506	0.02561	0.00451	0.00421	0.00548	0.00369	0.00317	0.00614	0.00895	0.01111	0.06811	0.09338	0.67110	0.00961	0.00453	0.00132	0.00207	0.00807	0.06047	0.00342
10	0.03286	0.01025	0.14391	0.19123	0.13170	0.00885	0.14143	0.06883	0.06189	0.09672	0.00957	0.03264	0.00743	0.00497	0.02427	0.00141	0.00509	0.01891	0.00254	0.00550
11	0.01043	0.25028	0.21265	0.06038	0.07286	0.10301	0.07722	0.06117	0.07702	0.02804	0.00771	0.00880	0.00601	0.00387	0.00354	0.00112	0.00514	0.00307	0.00217	0.00551
12	0.03241	0.00824	0.00987	0.00781	0.01064	0.05965	0.04059	0.12217	0.09339	0.49226	0.03547	0.01351	0.03043	0.00500	0.00398	0.00122	0.00375	0.00407	0.01929	0.00624
13	0.00563	0.00382	0.00508	0.00581	0.01995	0.00359	0.00390	0.00645	0.00786	0.04544	0.06030	0.63778	0.04935	0.07445	0.02985	0.00186	0.00274	0.02914	0.00360	0.00341
14	0.01075	0.09529	0.23405	0.02304	0.06145	0.12061	0.08106	0.10319	0.04872	0.07785	0.02942	0.05570	0.00816	0.01548	0.00421	0.00124	0.01787	0.00382	0.00258	0.00550
15	0.01002	0.01049	0.06486	0.03123	0.19970	0.11796	0.17336	0.07546	0.02991	0.03846	0.01009	0.10994	0.00912	0.01622	0.01233	0.00136	0.03806	0.02043	0.02577	0.00523
16	0.01580	0.00644	0.00859	0.00674	0.00946	0.00570	0.00551	0.04325	0.01145	0.67912	0.11697	0.01542	0.01316	0.00529	0.00403	0.00122	0.00316	0.00436	0.03809	0.00626
17	0.03315	0.00810	0.02743	0.46581	0.27421	0.00884	0.06399	0.01080	0.00832	0.01143	0.00786	0.04820	0.00655	0.00416	0.00400	0.00129	0.00501	0.00390	0.00194	0.00501
18	0.03203	0.19932	0.08675	0.03303	0.07090	0.04841	0.07761	0.01139	0.07355	0.03519	0.07112	0.10790	0.07090	0.00625	0.01742	0.00132	0.01411	0.03529	0.00269	0.00483
19	0.12710	0.06401	0.48420	0.00924	0.01347	0.03219	0.01066	0.03288	0.00836	0.04790	0.00799	0.03133	0.00629	0.00700	0.09924	0.00181	0.00573	0.00320	0.00209	0.00530
20	0.00574	0.00393	0.00478	0.00477	0.00494	0.00407	0.00297	0.00609	0.00605	0.00823	0.03531	0.02390	0.01413	0.66423	0.19081	0.00429	0.00519	0.00549	0.00240	0.00268
21	0.05325	0.06832	0.11423	0.01130	0.14054	0.06521	0.10012	0.04371	0.04906	0.10488	0.06710	0.04993	0.07253	0.00518	0.00432	0.00125	0.03657	0.00440	0.00281	0.00530
22	0.00983	0.05561	0.17180	0.04053	0.16972	0.03945	0.06768	0.02936	0.00929	0.14352	0.02900	0.15235	0.03612	0.00563	0.00408	0.00127	0.00434	0.00497	0.02011	0.00532
23	0.01492	0.00819	0.00979	0.00774	0.01055	0.00832	0.00632	0.29665	0.09474	0.39749	0.05573	0.01317	0.01041	0.00612	0.03968	0.00144	0.00392	0.00407	0.00435	0.00641
24	0.02462	0.00808	0.04231	0.35482	0.34991	0.00841	0.01043	0.01052	0.00823	0.01136	0.00902	0.01230	0.04127	0.05074	0.04047	0.00161	0.00504	0.00383	0.00198	0.00502
25	0.02419	0.03426	0.12991	0.05150	0.24393	0.03629	0.05372	0.07282	0.03738	0.11361	0.05571	0.02993	0.06920	0.00498	0.00404	0.00124	0.00439	0.02450	0.00282	0.00558
26	0.00873	0.04399	0.30258	0.00784	0.01078	0.00652	0.00810	0.01104	0.00864	0.16003	0.08646	0.16891	0.01361	0.05304	0.06697	0.02520	0.00451	0.00526	0.00294	0.00485
27	0.00485	0.00347	0.00458	0.00546	0.00570	0.00324	0.00363	0.00553	0.00757	0.01007	0.02193	0.82040	0.04055	0.03563	0.00547	0.00167	0.00234	0.01107	0.00365	0.00320
28	0.04719	0.10576	0.06008	0.03015	0.01250	0.09497	0.03209	0.41712	0.02500	0.08005	0.00867	0.00914	0.00637	0.00451	0.00419	0.00118	0.04860	0.00329	0.00318	0.00597
29	0.06782	0.14237	0.15668	0.05252	0.22895	0.07529	0.06178	0.02604	0.02026	0.09420	0.00778	0.00909	0.00600	0.00390	0.00390	0.00117	0.03119	0.00318	0.00225	0.00561
30	0.00576	0.00424	0.00580	0.00575	0.00621	0.00476	0.00416	0.00668	0.00622	0.00874	0.01181	0.01941	0.03152	0.30781	0.52226	0.00526	0.03334	0.00484	0.00224	0.00318
31	0.00570	0.00411	0.00566	0.00566	0.00613	0.00457	0.00407	0.00662	0.00616	0.00868	0.01127	0.01917	0.01147	0.31770	0.55911	0.00550	0.00827	0.00477	0.00222	0.00315
32	0.19062	0.13209	0.08125	0.02693	0.18776	0.15388	0.06228	0.02398	0.00887	0.05189	0.00688	0.00825	0.00549	0.00388	0.00379	0.00116	0.04065	0.00293	0.00217	0.00523

[dist]
# distance from previous block
# <min> <max>
0	28

# created by:
# /st0/software/busco_prod/Augustus/scripts/msa2prfl.pl ./align_prep/36968.fa
