[name]
unknown

[dist]
# distance from previous block
# <min> <max>
3	32

[block]
# block no. 0 follows, 61 sequences, length 8
# corresponding to MSA columns:
# 37-44
name=unknown_A
#
# <colnr> <probs for GDERKNQSTAVLIFYWHMCP>
#	G	D	E	R	K	N	Q	S	T	A	V	L	I	F	Y	W	H	M	C	P
0	0.02567	0.06673	0.17563	0.00910	0.01238	0.27813	0.00840	0.01361	0.02323	0.05016	0.01286	0.01350	0.11994	0.00562	0.01779	0.00126	0.02234	0.00383	0.00260	0.13725
1	0.05317	0.01067	0.01139	0.00898	0.01205	0.01171	0.00735	0.57407	0.08425	0.02354	0.01365	0.01352	0.08430	0.00569	0.00453	0.00131	0.02651	0.00432	0.00407	0.04492
2	0.01459	0.13347	0.10401	0.00983	0.01289	0.41267	0.00849	0.01696	0.05947	0.15155	0.03056	0.01012	0.00780	0.00465	0.00389	0.00118	0.00605	0.00328	0.00285	0.00571
3	0.01512	0.01075	0.01192	0.00936	0.01243	0.01183	0.00769	0.64982	0.01793	0.07118	0.01090	0.01151	0.00800	0.00897	0.11994	0.00208	0.00563	0.00401	0.00409	0.00684
4	0.00963	0.09956	0.67487	0.01159	0.01744	0.01098	0.01439	0.08732	0.01010	0.01457	0.00781	0.00900	0.00564	0.00415	0.00399	0.00132	0.00605	0.00316	0.00205	0.00638
5	0.01396	0.01028	0.01259	0.08864	0.12708	0.01118	0.00872	0.42006	0.10979	0.09757	0.04769	0.01256	0.00961	0.00516	0.00435	0.00133	0.00451	0.00420	0.00391	0.00681
6	0.01082	0.18529	0.46166	0.01169	0.06100	0.05782	0.01256	0.12462	0.01080	0.01468	0.00771	0.00885	0.00581	0.00417	0.00386	0.00125	0.00580	0.00312	0.00221	0.00628
7	0.06220	0.01024	0.01159	0.05540	0.01304	0.01122	0.00766	0.42272	0.07838	0.07056	0.01011	0.01065	0.00747	0.00506	0.00498	0.00128	0.08200	0.00370	0.00368	0.12803

[dist]
# distance from previous block
# <min> <max>
1	51

[block]
# block no. 1 follows, 61 sequences, length 13
# corresponding to MSA columns:
# 96-108
name=unknown_B
#
# <colnr> <probs for GDERKNQSTAVLIFYWHMCP>
#	G	D	E	R	K	N	Q	S	T	A	V	L	I	F	Y	W	H	M	C	P
0	0.11132	0.01131	0.01157	0.00945	0.01218	0.10587	0.04044	0.31626	0.14784	0.04197	0.02842	0.02549	0.00879	0.00533	0.00486	0.00134	0.06851	0.00397	0.00358	0.04148
1	0.13209	0.00994	0.01044	0.00854	0.01133	0.05984	0.01999	0.23439	0.15977	0.13282	0.03535	0.02554	0.02025	0.00536	0.00453	0.00131	0.04509	0.00407	0.00382	0.07553
2	0.11829	0.01410	0.01099	0.00944	0.01206	0.33616	0.00739	0.23003	0.12708	0.04005	0.04636	0.01084	0.00873	0.00501	0.00399	0.00125	0.00543	0.00359	0.00334	0.00586
3	0.09100	0.01003	0.01062	0.00865	0.01161	0.03721	0.00699	0.31426	0.22872	0.18425	0.04273	0.01316	0.01048	0.00539	0.00420	0.00135	0.00404	0.00421	0.00434	0.00676
4	0.10224	0.00946	0.01277	0.41634	0.19713	0.08177	0.01050	0.01248	0.02800	0.01292	0.00772	0.01041	0.00607	0.00413	0.00400	0.00130	0.00528	0.00351	0.00218	0.07179
5	0.11638	0.01131	0.01132	0.01027	0.07360	0.13444	0.00764	0.24660	0.11120	0.15616	0.01167	0.01171	0.02710	0.00518	0.00456	0.00133	0.04564	0.00384	0.00369	0.00635
6	0.08843	0.01209	0.01320	0.01054	0.01339	0.15121	0.10977	0.28187	0.07522	0.09904	0.02396	0.01095	0.00791	0.00508	0.00507	0.00135	0.07740	0.00389	0.00344	0.00619
7	0.31629	0.01022	0.01120	0.00919	0.01193	0.11210	0.14175	0.03742	0.14800	0.05754	0.09387	0.01254	0.01067	0.00491	0.00390	0.00135	0.00449	0.00400	0.00322	0.00542
8	0.01151	0.01017	0.01677	0.02436	0.72670	0.01018	0.01252	0.05931	0.01056	0.06342	0.00876	0.01088	0.00708	0.00400	0.00427	0.00128	0.00501	0.00387	0.00245	0.00688
9	0.01436	0.01047	0.01661	0.01244	0.01590	0.05881	0.31841	0.12241	0.01220	0.29223	0.01185	0.01311	0.00842	0.00487	0.00512	0.00140	0.04650	0.02493	0.00358	0.00638
10	0.00870	0.00823	0.01394	0.65636	0.20715	0.00972	0.01224	0.01150	0.00888	0.01169	0.00776	0.01130	0.00598	0.00420	0.00430	0.00140	0.00560	0.00383	0.00196	0.00524
11	0.01063	0.01049	0.00890	0.00837	0.00991	0.24967	0.00622	0.13431	0.04354	0.01374	0.01532	0.38370	0.01643	0.00870	0.00493	0.00144	0.02636	0.00729	0.00343	0.03661
12	0.01225	0.01050	0.01373	0.01105	0.01392	0.07957	0.18947	0.05062	0.37467	0.12362	0.01388	0.03074	0.01044	0.00535	0.00491	0.00143	0.03902	0.00474	0.00371	0.00637

[dist]
# distance from previous block
# <min> <max>
0	1

[block]
# block no. 2 follows, 61 sequences, length 21
# corresponding to MSA columns:
# 110-124,134-139
name=unknown_C
#
# <colnr> <probs for GDERKNQSTAVLIFYWHMCP>
#	G	D	E	R	K	N	Q	S	T	A	V	L	I	F	Y	W	H	M	C	P
0	0.01576	0.00715	0.00987	0.00786	0.01072	0.00646	0.04272	0.05070	0.03474	0.56617	0.07499	0.06904	0.05233	0.00643	0.00457	0.00139	0.00362	0.02406	0.00490	0.00652
1	0.01255	0.00953	0.01796	0.01335	0.01693	0.00893	0.43954	0.01603	0.07011	0.25432	0.01311	0.05669	0.01004	0.00511	0.00486	0.00145	0.00555	0.03435	0.00343	0.00615
2	0.00981	0.01010	0.01990	0.01478	0.01821	0.03239	0.56792	0.03035	0.01020	0.04541	0.01288	0.15414	0.04110	0.00570	0.00507	0.00148	0.00608	0.00633	0.00273	0.00541
3	0.01190	0.01113	0.02239	0.01614	0.02027	0.02815	0.64338	0.03129	0.01077	0.14473	0.01004	0.01200	0.00720	0.00395	0.00492	0.00142	0.00664	0.00489	0.00273	0.00607
4	0.01002	0.00644	0.01073	0.00892	0.01093	0.00648	0.14044	0.01197	0.00903	0.20847	0.05069	0.01620	0.01145	0.01982	0.45263	0.00438	0.00846	0.00478	0.00313	0.00503
5	0.00748	0.00743	0.01427	0.01136	0.01365	0.00690	0.37147	0.00960	0.00933	0.01236	0.01939	0.36118	0.11915	0.00865	0.00526	0.00158	0.00464	0.00856	0.00316	0.00458
6	0.01052	0.01004	0.01762	0.14120	0.43298	0.03132	0.19138	0.01322	0.00984	0.05217	0.00918	0.04422	0.00761	0.00433	0.00450	0.00136	0.00559	0.00445	0.00234	0.00614
7	0.01119	0.27976	0.33557	0.01048	0.01489	0.14800	0.04996	0.02940	0.00985	0.03374	0.00788	0.02441	0.00644	0.00435	0.00376	0.00120	0.00588	0.01529	0.00212	0.00580
8	0.00557	0.00397	0.00515	0.00578	0.00608	0.00388	0.00385	0.00627	0.00772	0.01034	0.02079	0.54177	0.05181	0.19246	0.11094	0.00289	0.00396	0.00993	0.00350	0.00336
9	0.00654	0.00499	0.00573	0.00592	0.00686	0.03317	0.00425	0.00827	0.04706	0.03977	0.23974	0.39097	0.16884	0.01084	0.00517	0.00154	0.00258	0.00956	0.00420	0.00401
10	0.01330	0.00993	0.04775	0.16940	0.13247	0.05048	0.06678	0.11106	0.03021	0.25145	0.01166	0.04698	0.00869	0.00509	0.00462	0.00137	0.02472	0.00437	0.00341	0.00627
11	0.01024	0.00981	0.04117	0.13383	0.34261	0.01023	0.01042	0.03019	0.31591	0.01529	0.01197	0.02984	0.00948	0.00490	0.00434	0.00138	0.00454	0.00438	0.00302	0.00646
12	0.00936	0.00939	0.01247	0.01083	0.01101	0.04807	0.00894	0.01038	0.00688	0.01033	0.00633	0.01016	0.00620	0.01008	0.10210	0.00240	0.71468	0.00382	0.00195	0.00463
13	0.00538	0.00438	0.00477	0.00467	0.00600	0.00376	0.00350	0.00674	0.01050	0.01326	0.26729	0.03878	0.59533	0.01030	0.00509	0.00143	0.00214	0.00872	0.00421	0.00376
14	0.01183	0.02686	0.01253	0.01069	0.01234	0.25009	0.04298	0.01641	0.25760	0.01293	0.00975	0.01105	0.00797	0.00588	0.00756	0.00149	0.28990	0.00385	0.00277	0.00551
15	0.01599	0.05002	0.01284	0.02971	0.01352	0.40363	0.00822	0.34185	0.01529	0.05581	0.00866	0.00920	0.00652	0.00475	0.00404	0.00120	0.00615	0.00331	0.00320	0.00608
16	0.01609	0.02053	0.01221	0.01110	0.01332	0.83132	0.00832	0.01720	0.01221	0.01054	0.00666	0.00777	0.00555	0.00444	0.00388	0.00111	0.00777	0.00277	0.00222	0.00499
17	0.40818	0.03795	0.01034	0.00858	0.00999	0.03323	0.00714	0.01168	0.00715	0.01447	0.00585	0.00818	0.00519	0.00570	0.00822	0.00158	0.40653	0.00303	0.00225	0.00473
18	0.00915	0.00829	0.04521	0.03260	0.01121	0.00606	0.00583	0.01123	0.00901	0.03409	0.00789	0.00916	0.00643	0.00332	0.00329	0.00071	0.00342	0.00266	0.00257	0.78785
19	0.03112	0.21558	0.09348	0.02295	0.13397	0.09296	0.12143	0.08007	0.05899	0.03685	0.00871	0.02115	0.00703	0.00442	0.00427	0.00125	0.03405	0.00364	0.02214	0.00595
20	0.01061	0.37630	0.05545	0.00798	0.01057	0.17025	0.00703	0.03069	0.02271	0.01134	0.03290	0.20431	0.03086	0.00651	0.00386	0.00121	0.00468	0.00513	0.00264	0.00497

[dist]
# distance from previous block
# <min> <max>
0	4

[block]
# block no. 3 follows, 61 sequences, length 27
# corresponding to MSA columns:
# 144-170
name=unknown_D
#
# <colnr> <probs for GDERKNQSTAVLIFYWHMCP>
#	G	D	E	R	K	N	Q	S	T	A	V	L	I	F	Y	W	H	M	C	P
0	0.00929	0.01969	0.05284	0.17107	0.32975	0.04033	0.05364	0.02102	0.04872	0.01278	0.01231	0.04798	0.07129	0.08378	0.00604	0.00162	0.00500	0.00483	0.00248	0.00551
1	0.02644	0.02371	0.09227	0.00805	0.04915	0.02683	0.00669	0.02423	0.02086	0.03302	0.03059	0.01211	0.05324	0.00417	0.00358	0.00089	0.00371	0.01348	0.00271	0.56427
2	0.00930	0.00845	0.01320	0.08142	0.42082	0.00844	0.02919	0.04530	0.03889	0.01401	0.03327	0.11658	0.08081	0.00587	0.00445	0.00133	0.00433	0.00539	0.00278	0.07619
3	0.02549	0.00650	0.00769	0.02394	0.00913	0.00574	0.00501	0.05847	0.03586	0.04043	0.19618	0.08396	0.10653	0.00714	0.02437	0.00125	0.00314	0.00550	0.00355	0.35014
4	0.04144	0.26850	0.03689	0.01069	0.03502	0.12044	0.05832	0.01279	0.02789	0.01122	0.00650	0.00868	0.00583	0.00536	0.00760	0.00140	0.33096	0.00324	0.00203	0.00522
5	0.00953	0.00764	0.00899	0.00645	0.01025	0.00578	0.00517	0.01143	0.00913	0.06043	0.00819	0.00926	0.00663	0.00331	0.00326	0.00068	0.00322	0.00265	0.00271	0.82530
6	0.00676	0.00437	0.00581	0.00636	0.00705	0.00411	0.00459	0.02247	0.00933	0.07145	0.09814	0.60070	0.02752	0.01212	0.00540	0.00170	0.00275	0.10125	0.00417	0.00396
7	0.01156	0.77972	0.05954	0.00775	0.01150	0.04900	0.00781	0.01310	0.00891	0.01031	0.00610	0.00705	0.00553	0.00373	0.00287	0.00095	0.00481	0.00236	0.00186	0.00555
8	0.00623	0.00416	0.00471	0.00474	0.00475	0.00416	0.00265	0.00626	0.00633	0.00843	0.01389	0.05347	0.01606	0.82279	0.02142	0.00410	0.00412	0.00645	0.00265	0.00264
9	0.01078	0.04010	0.44045	0.01131	0.01595	0.09917	0.05652	0.11275	0.06157	0.03475	0.02522	0.03225	0.00817	0.00491	0.00425	0.00135	0.00582	0.02592	0.00261	0.00615
10	0.02126	0.02042	0.14764	0.04658	0.04671	0.07878	0.04490	0.22192	0.13761	0.11262	0.01164	0.03779	0.00889	0.00529	0.00456	0.00137	0.02540	0.01675	0.00345	0.00642
11	0.00634	0.04470	0.00692	0.00645	0.00711	0.00528	0.00482	0.00733	0.00725	0.00999	0.01432	0.19741	0.01524	0.11952	0.43838	0.05851	0.00764	0.03649	0.00272	0.00359
12	0.01339	0.13825	0.01332	0.00907	0.03166	0.06168	0.00737	0.38773	0.04946	0.01959	0.00905	0.00957	0.00695	0.00441	0.00377	0.00107	0.00447	0.00329	0.00332	0.22258
13	0.01079	0.51015	0.18430	0.00852	0.01241	0.06489	0.00888	0.02684	0.04768	0.01184	0.03542	0.01027	0.04320	0.00443	0.00339	0.00109	0.00492	0.00314	0.00221	0.00563
14	0.01157	0.22540	0.32411	0.01125	0.08479	0.01179	0.01103	0.12335	0.03504	0.08943	0.00965	0.01032	0.02517	0.00444	0.00386	0.00124	0.00516	0.00341	0.00264	0.00637
15	0.01096	0.04091	0.00885	0.00717	0.00894	0.04661	0.02280	0.08853	0.16332	0.14908	0.02960	0.02039	0.04703	0.32443	0.01097	0.00241	0.00413	0.00525	0.00360	0.00502
16	0.00524	0.00379	0.00496	0.00589	0.00622	0.00351	0.00395	0.00601	0.00835	0.01104	0.02502	0.79426	0.07921	0.01333	0.00547	0.00173	0.00248	0.01204	0.00400	0.00351
17	0.00864	0.03188	0.02922	0.58349	0.02363	0.05213	0.01039	0.01128	0.02437	0.03016	0.02185	0.09984	0.00922	0.00559	0.00465	0.00145	0.02620	0.01885	0.00235	0.00479
18	0.01082	0.01091	0.03095	0.33209	0.33323	0.12100	0.02134	0.04650	0.01016	0.03081	0.00803	0.01064	0.00631	0.00419	0.00424	0.00132	0.00572	0.00370	0.00222	0.00581
19	0.00615	0.00462	0.00692	0.00692	0.00769	0.00538	0.00538	0.00769	0.00692	0.01000	0.01154	0.01692	0.01077	0.03231	0.83154	0.00692	0.01154	0.00462	0.00231	0.00385
20	0.01193	0.01086	0.01419	0.17073	0.36025	0.12079	0.01080	0.11787	0.01141	0.06339	0.00958	0.02858	0.00793	0.00480	0.00433	0.00133	0.00535	0.03707	0.00270	0.00611
21	0.01038	0.45539	0.12594	0.10163	0.07798	0.01354	0.02788	0.02815	0.04293	0.01180	0.00807	0.05003	0.00716	0.00449	0.00370	0.00116	0.01858	0.00343	0.00214	0.00564
22	0.00948	0.00915	0.01384	0.18693	0.27186	0.03387	0.03289	0.01212	0.05642	0.01236	0.00941	0.05766	0.00859	0.00615	0.01515	0.00159	0.21773	0.03703	0.00234	0.00545
23	0.00636	0.00476	0.00660	0.00653	0.00700	0.00546	0.00479	0.00738	0.00678	0.00960	0.01232	0.05907	0.01268	0.26358	0.50699	0.00556	0.06318	0.00540	0.00245	0.00353
24	0.21643	0.01148	0.04220	0.01087	0.05604	0.16428	0.14301	0.07234	0.01022	0.04156	0.01097	0.09342	0.04687	0.00563	0.00472	0.00139	0.05600	0.00457	0.00280	0.00523
25	0.00609	0.00466	0.00619	0.00751	0.06571	0.00453	0.00477	0.00767	0.05800	0.01152	0.02244	0.60547	0.06700	0.07929	0.00665	0.00188	0.00290	0.03006	0.00377	0.00389
26	0.04674	0.17172	0.01392	0.00950	0.02292	0.29324	0.04092	0.08428	0.01090	0.01326	0.00711	0.00836	0.00592	0.00418	0.00411	0.00105	0.05070	0.00288	0.00241	0.20586

[dist]
# distance from previous block
# <min> <max>
1	14

[block]
# block no. 4 follows, 61 sequences, length 12
# corresponding to MSA columns:
# 185-196
name=unknown_E
#
# <colnr> <probs for GDERKNQSTAVLIFYWHMCP>
#	G	D	E	R	K	N	Q	S	T	A	V	L	I	F	Y	W	H	M	C	P
0	0.01016	0.03356	0.12212	0.02378	0.07794	0.03309	0.03291	0.06410	0.01000	0.04023	0.00813	0.00940	0.00643	0.00365	0.00360	0.00091	0.00424	0.00299	0.00257	0.51017
1	0.01152	0.44274	0.05057	0.09766	0.03942	0.04760	0.00824	0.07432	0.07315	0.03571	0.00802	0.00901	0.00654	0.00409	0.00340	0.00107	0.00472	0.00297	0.00242	0.07683
2	0.01160	0.01074	0.00945	0.00798	0.01041	0.22228	0.01779	0.11230	0.04224	0.06889	0.03619	0.01742	0.18166	0.00605	0.00447	0.00119	0.03274	0.00467	0.05172	0.15021
3	0.00775	0.04592	0.08183	0.05346	0.10866	0.00698	0.05029	0.04203	0.02541	0.01279	0.04961	0.32003	0.01849	0.06716	0.00612	0.00174	0.00404	0.08980	0.00323	0.00467
4	0.01385	0.01081	0.01151	0.00940	0.01240	0.01218	0.00758	0.45791	0.37383	0.02308	0.01355	0.01289	0.00992	0.00547	0.00434	0.00137	0.00415	0.00432	0.00434	0.00710
5	0.00595	0.00456	0.00576	0.05214	0.00783	0.00445	0.00457	0.00763	0.04855	0.01212	0.11458	0.38021	0.18660	0.07436	0.00652	0.00182	0.00285	0.07183	0.00388	0.00379
6	0.01300	0.04830	0.01523	0.04607	0.03139	0.35306	0.19240	0.06016	0.01105	0.04631	0.00827	0.01071	0.00682	0.05201	0.02267	0.00154	0.05322	0.00377	0.00244	0.02158
7	0.58321	0.01112	0.11600	0.00739	0.01065	0.04421	0.00682	0.11439	0.00961	0.05211	0.00726	0.00805	0.00539	0.00423	0.00318	0.00132	0.00411	0.00274	0.00285	0.00535
8	0.00929	0.20914	0.05725	0.00796	0.00996	0.09502	0.00689	0.05480	0.00872	0.01117	0.00934	0.01315	0.00858	0.06435	0.38188	0.00394	0.03781	0.00382	0.00227	0.00466
9	0.00537	0.00412	0.00497	0.00558	0.00638	0.00371	0.00404	0.00639	0.00903	0.01145	0.03128	0.44913	0.33200	0.01233	0.00539	0.00166	0.00254	0.09701	0.00400	0.00360
10	0.00531	0.00380	0.00505	0.00596	0.00626	0.00354	0.00400	0.00615	0.00853	0.01145	0.08152	0.78673	0.02937	0.01315	0.00547	0.00172	0.00247	0.01192	0.00405	0.00354
11	0.29315	0.01374	0.16118	0.05525	0.01331	0.20141	0.02938	0.06620	0.01009	0.05515	0.00853	0.05892	0.00703	0.00484	0.00373	0.00132	0.00523	0.00354	0.00267	0.00533

[dist]
# distance from previous block
# <min> <max>
0	1

[block]
# block no. 5 follows, 61 sequences, length 13
# corresponding to MSA columns:
# 198,202-213
name=unknown_F
#
# <colnr> <probs for GDERKNQSTAVLIFYWHMCP>
#	G	D	E	R	K	N	Q	S	T	A	V	L	I	F	Y	W	H	M	C	P
0	0.01637	0.01207	0.01293	0.00991	0.01336	0.01336	0.00819	0.80738	0.02025	0.02715	0.01034	0.01034	0.00733	0.00517	0.00431	0.00129	0.00474	0.00388	0.00431	0.00733
1	0.01010	0.07603	0.36177	0.03847	0.21461	0.02459	0.11599	0.01365	0.00949	0.04533	0.00812	0.00991	0.00618	0.00406	0.00437	0.00131	0.02387	0.00358	0.00211	0.02646
2	0.00565	0.00448	0.00514	0.00555	0.00650	0.00418	0.00394	0.00753	0.07851	0.01187	0.03152	0.43785	0.35807	0.01175	0.00523	0.00160	0.00245	0.01029	0.00403	0.00384
3	0.81636	0.00826	0.00660	0.00581	0.00852	0.00942	0.00479	0.01327	0.00770	0.07804	0.00680	0.00756	0.00510	0.00410	0.00279	0.00133	0.00336	0.00248	0.00286	0.00486
4	0.02590	0.01235	0.12674	0.01848	0.37076	0.04722	0.12978	0.11277	0.01122	0.05376	0.00938	0.03225	0.00759	0.00448	0.00439	0.00134	0.00549	0.01704	0.00261	0.00645
5	0.01091	0.01118	0.04634	0.11747	0.47670	0.06048	0.07019	0.07096	0.01035	0.01416	0.00799	0.01049	0.00650	0.00428	0.00499	0.00135	0.06330	0.00384	0.00225	0.00627
6	0.01155	0.00967	0.01021	0.00894	0.01152	0.01111	0.00702	0.13917	0.69632	0.01937	0.01647	0.01522	0.01229	0.00574	0.00437	0.00144	0.00361	0.00472	0.00437	0.00689
7	0.00713	0.00680	0.07149	0.00781	0.00905	0.00642	0.05231	0.03428	0.00766	0.01077	0.01227	0.07815	0.02468	0.18365	0.37204	0.03567	0.06798	0.00537	0.00249	0.00399
8	0.01602	0.01157	0.01249	0.00969	0.01304	0.01277	0.00797	0.69709	0.09117	0.06669	0.01132	0.01108	0.00802	0.00524	0.00432	0.00131	0.00457	0.00399	0.00437	0.00728
9	0.05802	0.00638	0.00869	0.00891	0.09188	0.00673	0.00614	0.06008	0.00893	0.16313	0.01191	0.01632	0.01034	0.14043	0.34167	0.02345	0.02460	0.00452	0.00302	0.00485
10	0.00984	0.00979	0.05087	0.17435	0.51946	0.00960	0.01196	0.04795	0.01003	0.01385	0.01121	0.01402	0.07004	0.00474	0.00437	0.00134	0.00502	0.02307	0.00236	0.00613
11	0.01076	0.01080	0.01444	0.32185	0.20169	0.13126	0.06278	0.08495	0.01042	0.01324	0.00827	0.03553	0.00683	0.00476	0.00501	0.00138	0.06419	0.00401	0.00230	0.00553
12	0.07666	0.03416	0.01287	0.03604	0.14539	0.41310	0.04936	0.05374	0.01133	0.04047	0.01031	0.02726	0.06126	0.00492	0.00405	0.00123	0.00609	0.00377	0.00258	0.00539

[dist]
# distance from previous block
# <min> <max>
0	52

[block]
# block no. 6 follows, 61 sequences, length 18
# corresponding to MSA columns:
# 269-286
name=unknown_G
#
# <colnr> <probs for GDERKNQSTAVLIFYWHMCP>
#	G	D	E	R	K	N	Q	S	T	A	V	L	I	F	Y	W	H	M	C	P
0	0.14166	0.15977	0.01272	0.00957	0.07641	0.09691	0.00730	0.04356	0.07342	0.20581	0.01010	0.01056	0.00759	0.00562	0.03095	0.00144	0.06711	0.00341	0.00318	0.03291
1	0.02890	0.00745	0.01197	0.59355	0.08826	0.00887	0.01055	0.03378	0.00914	0.01227	0.06026	0.05622	0.00949	0.00639	0.04401	0.00169	0.00548	0.00452	0.00233	0.00486
2	0.00584	0.00477	0.00589	0.09774	0.00883	0.00450	0.00468	0.00747	0.01043	0.01339	0.28077	0.03559	0.44466	0.00957	0.00505	0.00145	0.00262	0.04883	0.00400	0.00392
3	0.01217	0.00961	0.01099	0.00920	0.01184	0.01065	0.03194	0.26335	0.36564	0.04618	0.01451	0.05199	0.01161	0.00611	0.00486	0.00142	0.04025	0.04189	0.00408	0.05171
4	0.01016	0.00967	0.01642	0.11525	0.69505	0.00987	0.01264	0.01273	0.00979	0.01389	0.04693	0.01178	0.00832	0.00413	0.00431	0.00130	0.00504	0.00403	0.00223	0.00647
5	0.03416	0.09001	0.01377	0.08337	0.20451	0.09364	0.05412	0.02585	0.03965	0.03858	0.01955	0.02907	0.02388	0.00438	0.00405	0.00113	0.01782	0.00369	0.00254	0.21623
6	0.00956	0.18932	0.45686	0.02171	0.05271	0.01123	0.09356	0.01359	0.03522	0.02441	0.04683	0.01041	0.00765	0.00425	0.00399	0.00128	0.00569	0.00352	0.00215	0.00606
7	0.00587	0.00421	0.00555	0.00646	0.02290	0.00402	0.00434	0.00707	0.03188	0.02534	0.03929	0.66464	0.06597	0.03985	0.03049	0.00194	0.00293	0.02961	0.00391	0.00374
8	0.01726	0.00755	0.01032	0.10021	0.01302	0.00706	0.00698	0.07240	0.01244	0.64213	0.05337	0.01484	0.01130	0.00537	0.00436	0.00134	0.00389	0.00441	0.00485	0.00689
9	0.01475	0.05645	0.07834	0.02473	0.09854	0.23377	0.00909	0.24678	0.02739	0.12779	0.00972	0.01930	0.00728	0.00483	0.00431	0.00126	0.02249	0.00361	0.00324	0.00633
10	0.03543	0.01226	0.17881	0.01208	0.11800	0.08516	0.04907	0.05489	0.01027	0.11092	0.06000	0.05420	0.06124	0.00596	0.00585	0.00143	0.13118	0.00465	0.00292	0.00569
11	0.00608	0.00433	0.00551	0.00544	0.00640	0.00401	0.00408	0.00789	0.01124	0.01581	0.57506	0.12323	0.10079	0.00942	0.00504	0.00142	0.00220	0.04896	0.05913	0.00396
12	0.01063	0.01123	0.10683	0.12231	0.48481	0.01021	0.06422	0.03832	0.00992	0.05214	0.00843	0.01078	0.00667	0.00418	0.00473	0.00135	0.04069	0.00387	0.00228	0.00641
13	0.01140	0.16218	0.09086	0.11762	0.30030	0.07394	0.03644	0.05540	0.03773	0.05070	0.00836	0.01009	0.00663	0.00419	0.00413	0.00125	0.01673	0.00352	0.00237	0.00615
14	0.00949	0.03761	0.01351	0.01118	0.01130	0.01332	0.00936	0.01045	0.00667	0.01036	0.00567	0.00934	0.00565	0.00741	0.01376	0.00185	0.81274	0.00372	0.00188	0.00474
15	0.00623	0.00418	0.00477	0.00480	0.00483	0.00419	0.00273	0.00630	0.00634	0.00847	0.01379	0.04973	0.01586	0.80285	0.04472	0.00419	0.00434	0.00638	0.00264	0.00267
16	0.01036	0.06859	0.03258	0.00832	0.01016	0.20315	0.00664	0.03888	0.14406	0.04168	0.05136	0.22765	0.02654	0.00814	0.00465	0.00146	0.00443	0.10287	0.00351	0.00497
17	0.08182	0.01273	0.03643	0.00940	0.01241	0.22609	0.02371	0.22171	0.07332	0.22667	0.01143	0.02650	0.00827	0.00507	0.00411	0.00128	0.00511	0.00382	0.00378	0.00634

[dist]
# distance from previous block
# <min> <max>
0	1

[block]
# block no. 7 follows, 61 sequences, length 27
# corresponding to MSA columns:
# 288-314
name=unknown_H
#
# <colnr> <probs for GDERKNQSTAVLIFYWHMCP>
#	G	D	E	R	K	N	Q	S	T	A	V	L	I	F	Y	W	H	M	C	P
0	0.00848	0.00688	0.00904	0.00866	0.03277	0.03391	0.05478	0.07687	0.10198	0.03581	0.05153	0.26682	0.01749	0.01398	0.18007	0.00271	0.03669	0.05328	0.00348	0.00476
1	0.04828	0.01155	0.01137	0.00917	0.01218	0.21297	0.08450	0.06988	0.11911	0.01486	0.04005	0.01215	0.03109	0.00461	0.00392	0.00109	0.00481	0.01380	0.00295	0.29167
2	0.00855	0.00530	0.00639	0.00573	0.00733	0.00495	0.00439	0.03187	0.05488	0.12496	0.37719	0.04355	0.15121	0.01899	0.00485	0.00135	0.00250	0.00672	0.10607	0.03322
3	0.01011	0.00967	0.01649	0.20346	0.64903	0.01009	0.01295	0.01274	0.00955	0.01340	0.00801	0.01084	0.00659	0.00394	0.00427	0.00131	0.00525	0.00384	0.00208	0.00638
4	0.00872	0.04524	0.80404	0.01214	0.01843	0.01020	0.01568	0.01362	0.00908	0.01354	0.00768	0.00903	0.00546	0.00408	0.00406	0.00135	0.00632	0.00316	0.00182	0.00634
5	0.01439	0.01300	0.01160	0.00976	0.01246	0.24977	0.02682	0.27216	0.18534	0.07778	0.05444	0.01322	0.01045	0.00543	0.00430	0.00130	0.00516	0.02262	0.00375	0.00625
6	0.00968	0.25194	0.54500	0.01068	0.01599	0.03882	0.01289	0.01363	0.02476	0.01272	0.02268	0.00901	0.00629	0.00411	0.00374	0.00123	0.00578	0.00304	0.00194	0.00605
7	0.00685	0.00471	0.00498	0.00487	0.00618	0.00449	0.00369	0.02307	0.06444	0.01452	0.11723	0.04888	0.34664	0.00826	0.00433	0.00130	0.00228	0.02293	0.30624	0.00410
8	0.00524	0.00433	0.00459	0.00461	0.00593	0.00369	0.00343	0.00644	0.01005	0.01237	0.14893	0.08964	0.66433	0.01078	0.00511	0.00146	0.00218	0.00911	0.00410	0.00369
9	0.01080	0.00840	0.00946	0.00769	0.01078	0.00819	0.00611	0.04678	0.35601	0.08460	0.01324	0.01370	0.01023	0.00484	0.00392	0.00111	0.00341	0.02689	0.00368	0.37014
10	0.10020	0.01456	0.01427	0.01211	0.04430	0.37721	0.16936	0.03117	0.02237	0.10912	0.00845	0.00967	0.00646	0.00454	0.00473	0.00129	0.05846	0.00353	0.00267	0.00552
11	0.00626	0.00418	0.00470	0.00470	0.00470	0.00418	0.00261	0.00626	0.00626	0.00835	0.01357	0.02819	0.01566	0.84862	0.02192	0.00418	0.00418	0.00626	0.00261	0.00261
12	0.00525	0.00422	0.00469	0.00501	0.00610	0.00367	0.00367	0.00631	0.00944	0.01165	0.05483	0.26321	0.54634	0.01162	0.00524	0.00156	0.00235	0.04721	0.00401	0.00362
13	0.00615	0.00462	0.00692	0.00692	0.00769	0.00538	0.00538	0.00769	0.00692	0.01000	0.01154	0.01692	0.01077	0.03231	0.83154	0.00692	0.01154	0.00462	0.00231	0.00385
14	0.01073	0.01012	0.01667	0.05616	0.71468	0.01033	0.01261	0.03703	0.06245	0.01459	0.00877	0.01104	0.00721	0.00403	0.00428	0.00130	0.00502	0.00391	0.00233	0.00676
15	0.00646	0.00450	0.00580	0.00542	0.00654	0.00411	0.00408	0.00842	0.01203	0.04349	0.73817	0.03226	0.09476	0.00884	0.00506	0.00136	0.00210	0.00777	0.00471	0.00414
16	0.01019	0.01012	0.01589	0.13988	0.56011	0.05980	0.04895	0.01264	0.00980	0.01322	0.01065	0.01297	0.06781	0.00446	0.00435	0.00131	0.00525	0.00423	0.00225	0.00613
17	0.01484	0.01808	0.01219	0.01094	0.01291	0.64712	0.00836	0.03529	0.06628	0.01142	0.00735	0.00862	0.00612	0.00497	0.00529	0.00124	0.11840	0.00308	0.00237	0.00514
18	0.01022	0.03187	0.17709	0.06358	0.07180	0.02268	0.48986	0.05357	0.01036	0.01417	0.00842	0.01084	0.00631	0.00386	0.00469	0.00140	0.00669	0.00441	0.00219	0.00598
19	0.07686	0.32518	0.03676	0.03893	0.32474	0.10601	0.00986	0.01346	0.00945	0.01250	0.00697	0.00864	0.00597	0.00388	0.00354	0.00114	0.00514	0.00302	0.00206	0.00590
20	0.01041	0.01111	0.07759	0.11088	0.60307	0.03400	0.02944	0.02828	0.00991	0.01383	0.00836	0.01139	0.00696	0.00412	0.00430	0.00132	0.00537	0.02104	0.00217	0.00644
21	0.01098	0.12632	0.10727	0.08933	0.28304	0.01027	0.02364	0.04641	0.02642	0.10512	0.02299	0.01202	0.02422	0.00660	0.06661	0.00171	0.02446	0.00388	0.00262	0.00609
22	0.00626	0.00421	0.00487	0.00487	0.00492	0.00427	0.00282	0.00637	0.00631	0.00848	0.01342	0.02734	0.01529	0.78715	0.08289	0.00438	0.00473	0.00614	0.00259	0.00270
23	0.01009	0.00957	0.01586	0.21076	0.57958	0.01012	0.01245	0.01344	0.07009	0.01367	0.00871	0.01126	0.00705	0.00410	0.00428	0.00133	0.00513	0.00391	0.00225	0.00636
24	0.00619	0.00440	0.00596	0.00688	0.00749	0.00429	0.00539	0.00751	0.00895	0.01176	0.02250	0.37906	0.02564	0.07557	0.00696	0.00205	0.00337	0.40849	0.00388	0.00367
25	0.01021	0.03957	0.34838	0.03028	0.01538	0.08605	0.07084	0.05420	0.18927	0.01460	0.01028	0.01138	0.00778	0.00590	0.03456	0.02769	0.00574	0.00378	0.02810	0.00599
26	0.00618	0.00416	0.00470	0.00474	0.00480	0.00413	0.00269	0.00625	0.00646	0.00857	0.01496	0.06447	0.04154	0.78562	0.02067	0.00398	0.00404	0.00662	0.00271	0.00268

[dist]
# distance from previous block
# <min> <max>
0	21

# created by:
# /st0/software/busco_prod/Augustus/scripts/msa2prfl.pl ./align_prep/36980.fa
