[name]
unknown

[dist]
# distance from previous block
# <min> <max>
0	255

[block]
# block no. 0 follows, 65 sequences, length 12
# corresponding to MSA columns:
# 323-334
name=unknown_A
#
# <colnr> <probs for GDERKNQSTAVLIFYWHMCP>
#	G	D	E	R	K	N	Q	S	T	A	V	L	I	F	Y	W	H	M	C	P
0	0.03142	0.04756	0.04503	0.02037	0.14643	0.10461	0.07726	0.16423	0.11283	0.06512	0.02145	0.04660	0.00875	0.00513	0.00484	0.00131	0.07099	0.01724	0.00299	0.00583
1	0.15110	0.07724	0.10532	0.10119	0.22269	0.00996	0.01842	0.11540	0.03999	0.04720	0.00911	0.02683	0.00752	0.00460	0.00382	0.00128	0.00452	0.04549	0.00262	0.00569
2	0.02403	0.03755	0.12154	0.05233	0.11028	0.05269	0.03781	0.01014	0.03725	0.03030	0.06096	0.07998	0.07818	0.22885	0.00861	0.00201	0.00432	0.01606	0.00269	0.00443
3	0.00786	0.00723	0.00701	0.00647	0.00795	0.09957	0.00497	0.07417	0.09048	0.01286	0.08288	0.05520	0.36852	0.02349	0.08003	0.00187	0.05522	0.00648	0.00344	0.00428
4	0.08546	0.16669	0.15223	0.01184	0.14347	0.04016	0.08073	0.06272	0.12132	0.02991	0.02510	0.01057	0.02171	0.00425	0.00372	0.00120	0.00469	0.00351	0.00255	0.02818
5	0.20370	0.09180	0.07423	0.01069	0.09909	0.25610	0.03249	0.05841	0.03069	0.05394	0.00733	0.00841	0.00578	0.00422	0.00398	0.00120	0.04727	0.00294	0.00243	0.00531
6	0.00702	0.07391	0.00946	0.16254	0.05490	0.00659	0.04594	0.04826	0.00870	0.01147	0.01632	0.50216	0.01828	0.00915	0.00468	0.00149	0.00357	0.00828	0.00312	0.00417
7	0.00996	0.00756	0.01046	0.01024	0.16875	0.00639	0.03688	0.01189	0.00937	0.12896	0.05127	0.01233	0.04884	0.00409	0.00364	0.00092	0.00350	0.00355	0.00289	0.46851
8	0.01420	0.01170	0.01337	0.01354	0.22066	0.07828	0.00903	0.54777	0.01615	0.02143	0.00903	0.00974	0.00672	0.00455	0.00406	0.00121	0.00484	0.00360	0.00342	0.00668
9	0.00972	0.08144	0.35612	0.03109	0.04484	0.09323	0.14986	0.01375	0.07986	0.03491	0.00928	0.06092	0.00755	0.00454	0.00407	0.00129	0.00562	0.00397	0.00227	0.00566
10	0.07969	0.00769	0.02066	0.22687	0.10182	0.00813	0.08024	0.02278	0.12027	0.10321	0.01320	0.09063	0.04615	0.00612	0.01793	0.00147	0.00441	0.04052	0.00299	0.00521
11	0.01000	0.04192	0.41692	0.01392	0.16138	0.09148	0.06311	0.01330	0.00906	0.05158	0.00758	0.00918	0.00576	0.00421	0.00482	0.00130	0.08331	0.00330	0.00201	0.00586

[dist]
# distance from previous block
# <min> <max>
0	5

[block]
# block no. 1 follows, 65 sequences, length 217
# corresponding to MSA columns:
# 340-349,353-559
name=unknown_B
#
# <colnr> <probs for GDERKNQSTAVLIFYWHMCP>
#	G	D	E	R	K	N	Q	S	T	A	V	L	I	F	Y	W	H	M	C	P
0	0.00922	0.00922	0.11439	0.20384	0.15097	0.02999	0.01810	0.07053	0.02755	0.07677	0.05121	0.16055	0.03810	0.00620	0.00435	0.00137	0.00441	0.01515	0.00289	0.00521
1	0.00908	0.00861	0.03106	0.15587	0.09636	0.06878	0.06046	0.06836	0.00903	0.03575	0.01114	0.07856	0.04732	0.02993	0.12515	0.00222	0.13956	0.01551	0.00248	0.00477
2	0.02999	0.00864	0.01373	0.51740	0.07074	0.04831	0.12205	0.03110	0.02480	0.03274	0.03031	0.01126	0.00681	0.00427	0.00445	0.00135	0.03106	0.00387	0.00216	0.00495
3	0.08202	0.01042	0.05290	0.16085	0.17589	0.07660	0.03082	0.17620	0.07243	0.01551	0.00907	0.01166	0.00730	0.00565	0.03629	0.00151	0.03221	0.03436	0.00268	0.00562
4	0.01113	0.07425	0.08683	0.11256	0.17547	0.02650	0.17672	0.14609	0.02512	0.07228	0.00889	0.02417	0.00685	0.00424	0.00430	0.00127	0.02086	0.00389	0.00260	0.01597
5	0.00642	0.00388	0.00526	0.00555	0.00588	0.00377	0.00382	0.00635	0.01937	0.02448	0.03520	0.27504	0.06068	0.09131	0.02224	0.36542	0.00323	0.05645	0.00287	0.00278
6	0.01566	0.00977	0.01118	0.00888	0.02440	0.01032	0.00717	0.50289	0.06132	0.25458	0.03160	0.01192	0.00899	0.00541	0.01527	0.00132	0.00419	0.00397	0.00434	0.00683
7	0.00919	0.07212	0.08710	0.30446	0.36476	0.01004	0.07050	0.01192	0.00885	0.01208	0.00744	0.01010	0.00592	0.00381	0.00402	0.00126	0.00530	0.00358	0.00192	0.00564
8	0.01000	0.00911	0.01472	0.17157	0.56716	0.02638	0.01139	0.02789	0.02683	0.03529	0.00805	0.01058	0.00656	0.00443	0.00472	0.04874	0.00489	0.00366	0.00215	0.00588
9	0.00520	0.00378	0.00491	0.00571	0.00615	0.00352	0.00400	0.00609	0.00825	0.01086	0.04829	0.64623	0.10881	0.02866	0.00554	0.00169	0.00251	0.09262	0.00380	0.00339
10	0.05680	0.09003	0.44372	0.03092	0.05278	0.04895	0.03361	0.05041	0.06301	0.06073	0.02635	0.00979	0.00685	0.00418	0.00381	0.00125	0.00529	0.00329	0.00234	0.00589
11	0.00869	0.00735	0.04204	0.03392	0.05789	0.04862	0.05410	0.02065	0.06996	0.08451	0.05388	0.09491	0.01365	0.27054	0.06067	0.00251	0.05283	0.01601	0.00293	0.00434
12	0.00787	0.00730	0.00845	0.03180	0.07278	0.12007	0.00644	0.00994	0.05214	0.01046	0.01075	0.01572	0.00989	0.03251	0.52732	0.00465	0.02376	0.04158	0.00234	0.00422
13	0.00642	0.00410	0.00536	0.00574	0.00639	0.00386	0.00406	0.00736	0.00842	0.07760	0.09242	0.48047	0.06700	0.10840	0.04608	0.00210	0.00310	0.06374	0.00375	0.00363
14	0.03478	0.57881	0.09808	0.00882	0.06274	0.01390	0.02129	0.03219	0.04711	0.03644	0.02786	0.00841	0.00671	0.00387	0.00309	0.00101	0.00445	0.00275	0.00214	0.00552
15	0.01335	0.10302	0.15260	0.02610	0.03143	0.04671	0.00906	0.51072	0.01533	0.02040	0.00903	0.02748	0.00682	0.00470	0.00392	0.00121	0.00487	0.00355	0.00328	0.00641
16	0.00619	0.00390	0.00517	0.00580	0.00634	0.00358	0.00398	0.00700	0.00826	0.08383	0.02271	0.74977	0.05368	0.01208	0.00513	0.00162	0.00247	0.01089	0.00392	0.00366
17	0.00972	0.01066	0.02017	0.08501	0.13272	0.04920	0.50982	0.01257	0.00926	0.01247	0.00801	0.02444	0.00643	0.00409	0.00545	0.00139	0.08667	0.00447	0.00205	0.00542
18	0.07401	0.15034	0.38260	0.03199	0.07351	0.04276	0.01099	0.07056	0.04702	0.05119	0.00797	0.00893	0.00597	0.00402	0.00363	0.00120	0.00512	0.00305	0.00228	0.02285
19	0.01123	0.00933	0.00986	0.00856	0.01106	0.01069	0.00674	0.17251	0.67036	0.01882	0.01541	0.01428	0.01148	0.00545	0.00416	0.00136	0.00349	0.00446	0.00416	0.00659
20	0.00591	0.00424	0.00474	0.00475	0.00598	0.00366	0.00349	0.00697	0.00931	0.06809	0.09053	0.19011	0.54389	0.03291	0.00530	0.00149	0.00227	0.00876	0.00391	0.00369
21	0.00728	0.00553	0.00626	0.00645	0.04693	0.02528	0.00404	0.06784	0.05209	0.01073	0.01467	0.11372	0.04634	0.52097	0.01441	0.00295	0.00383	0.02092	0.00289	0.02688
22	0.00917	0.00787	0.00866	0.04623	0.01051	0.01887	0.02164	0.06867	0.49372	0.01584	0.05752	0.02021	0.16972	0.02696	0.00474	0.00143	0.00329	0.00545	0.00390	0.00560
23	0.01635	0.00669	0.00893	0.00707	0.00990	0.00592	0.00575	0.01838	0.04961	0.68889	0.06882	0.04830	0.03458	0.00576	0.00424	0.00130	0.00330	0.00478	0.00492	0.00653
24	0.04995	0.00953	0.01003	0.00849	0.01110	0.01082	0.00676	0.27951	0.50418	0.02004	0.03565	0.01357	0.01107	0.00536	0.00410	0.00133	0.00362	0.00430	0.00409	0.00650
25	0.00880	0.00843	0.01447	0.48008	0.33447	0.00944	0.04863	0.01160	0.02213	0.01184	0.00766	0.01072	0.00602	0.00393	0.00412	0.00131	0.00527	0.00372	0.00195	0.00538
26	0.01421	0.00654	0.00840	0.00694	0.00945	0.00605	0.00554	0.01712	0.12635	0.52835	0.07000	0.09535	0.07414	0.00648	0.00434	0.00133	0.00315	0.00545	0.00470	0.00612
27	0.00519	0.00372	0.00489	0.00561	0.00598	0.00348	0.00383	0.00609	0.00837	0.01125	0.13050	0.66277	0.04947	0.04683	0.00583	0.00171	0.00242	0.03481	0.00385	0.00339
28	0.01533	0.01956	0.01163	0.01058	0.01269	0.83926	0.00793	0.01639	0.01163	0.01005	0.00635	0.00740	0.00529	0.00423	0.00370	0.00106	0.00740	0.00264	0.00212	0.00476
29	0.01073	0.73706	0.12134	0.00768	0.01147	0.03323	0.00805	0.01247	0.00845	0.01008	0.00592	0.00686	0.00526	0.00358	0.00281	0.00093	0.00466	0.00231	0.00176	0.00536
30	0.00577	0.00415	0.00525	0.00512	0.00606	0.00378	0.00377	0.00738	0.01070	0.02719	0.58672	0.13849	0.14299	0.02777	0.00524	0.00141	0.00208	0.00806	0.00430	0.00376
31	0.01021	0.00882	0.00928	0.00835	0.01067	0.01021	0.00650	0.02181	0.82272	0.01717	0.01671	0.01532	0.01253	0.00557	0.00418	0.00139	0.00325	0.00464	0.00418	0.00650
32	0.88473	0.00794	0.00603	0.00540	0.00794	0.00921	0.00445	0.01207	0.00699	0.01842	0.00572	0.00667	0.00445	0.00381	0.00254	0.00127	0.00318	0.00222	0.00254	0.00445
33	0.00586	0.00440	0.00660	0.00660	0.00733	0.00513	0.00513	0.00733	0.00660	0.00953	0.01100	0.01613	0.01026	0.03079	0.83947	0.00660	0.01100	0.00440	0.00220	0.00367
34	0.01472	0.01173	0.01168	0.00933	0.01233	0.09183	0.00756	0.58890	0.15437	0.03905	0.01080	0.01063	0.00782	0.00497	0.00408	0.00124	0.00456	0.00376	0.00395	0.00668
35	0.10049	0.00911	0.01136	0.09220	0.12957	0.00964	0.00789	0.31683	0.01325	0.22464	0.01059	0.01127	0.00757	0.03189	0.00449	0.00134	0.00425	0.00372	0.00363	0.00628
36	0.00492	0.00416	0.00425	0.00423	0.00559	0.00349	0.00317	0.00602	0.00952	0.01147	0.09766	0.03887	0.77215	0.01025	0.00485	0.00138	0.00207	0.00857	0.00386	0.00349
37	0.00956	0.04070	0.35245	0.01327	0.01788	0.06704	0.34281	0.01315	0.00941	0.03878	0.00960	0.01120	0.04648	0.00409	0.00429	0.00131	0.00618	0.00404	0.00211	0.00563
38	0.02323	0.00970	0.04687	0.10896	0.48941	0.01801	0.07466	0.01334	0.08735	0.03974	0.02432	0.02942	0.00802	0.00422	0.00415	0.00128	0.00484	0.00405	0.00240	0.00605
39	0.00500	0.00357	0.00476	0.00572	0.00595	0.00333	0.00381	0.00572	0.00786	0.01048	0.02262	0.85306	0.02715	0.01286	0.00524	0.00167	0.00238	0.01167	0.00381	0.00333
40	0.00905	0.00862	0.01466	0.40238	0.46160	0.00946	0.01205	0.01163	0.00882	0.01207	0.00753	0.01052	0.00603	0.00386	0.00408	0.00129	0.00515	0.00365	0.00194	0.00561
41	0.01094	0.06554	0.11650	0.03046	0.34839	0.15335	0.08077	0.03076	0.04019	0.03466	0.00859	0.02687	0.00716	0.00427	0.00403	0.00123	0.00544	0.02274	0.00227	0.00585
42	0.01346	0.03395	0.06278	0.00953	0.03699	0.04341	0.00787	0.51446	0.11354	0.03904	0.03116	0.03475	0.02967	0.00528	0.00411	0.00126	0.00438	0.00413	0.00378	0.00646
43	0.00495	0.00416	0.00429	0.00426	0.00560	0.00351	0.00319	0.00608	0.00958	0.01163	0.12074	0.03861	0.74897	0.01019	0.00485	0.00138	0.00206	0.00854	0.00388	0.00351
44	0.02018	0.17025	0.32954	0.00937	0.02980	0.03805	0.03901	0.03702	0.04386	0.02180	0.13776	0.06117	0.03478	0.00532	0.00395	0.00124	0.00461	0.00437	0.00260	0.00533
45	0.03013	0.10419	0.11803	0.00875	0.04079	0.03801	0.05588	0.03637	0.06482	0.08377	0.06767	0.14088	0.07260	0.03299	0.00508	0.00145	0.02848	0.06201	0.00314	0.00496
46	0.00758	0.00715	0.00966	0.06171	0.03297	0.09137	0.12083	0.00920	0.00896	0.01131	0.01747	0.27976	0.05333	0.03233	0.00565	0.00165	0.02452	0.21735	0.00313	0.00408
47	0.00877	0.03869	0.74645	0.01167	0.01746	0.02009	0.04752	0.01326	0.00884	0.03920	0.00764	0.00887	0.00540	0.00392	0.00392	0.00129	0.00600	0.00312	0.00186	0.00604
48	0.03893	0.08169	0.15389	0.03427	0.17573	0.11029	0.12757	0.04850	0.01938	0.04185	0.03624	0.01251	0.07404	0.00464	0.00423	0.00125	0.02305	0.00399	0.00243	0.00552
49	0.00967	0.13650	0.16434	0.05164	0.15540	0.01754	0.23920	0.02205	0.02948	0.04429	0.00940	0.08474	0.00808	0.00458	0.00415	0.00128	0.00533	0.00441	0.00230	0.00561
50	0.00510	0.00372	0.00482	0.00568	0.00605	0.00347	0.00387	0.00600	0.01758	0.01066	0.02406	0.75309	0.09153	0.01253	0.00521	0.00165	0.00241	0.03537	0.00381	0.00340
51	0.03467	0.08158	0.15701	0.14984	0.27888	0.07310	0.08759	0.01303	0.03552	0.02768	0.00774	0.00974	0.00608	0.00393	0.00406	0.00125	0.01706	0.00346	0.00207	0.00571
52	0.03472	0.14303	0.21244	0.05998	0.09724	0.08025	0.09579	0.04135	0.02710	0.07329	0.03754	0.01102	0.03254	0.00443	0.00418	0.00123	0.03222	0.00362	0.00241	0.00559
53	0.01071	0.00710	0.02635	0.01591	0.02404	0.01654	0.02267	0.04334	0.23178	0.22189	0.06379	0.21195	0.04418	0.00740	0.00448	0.00141	0.00327	0.02168	0.01600	0.00549
54	0.00954	0.00912	0.01554	0.23652	0.62366	0.00959	0.01229	0.01205	0.00905	0.01266	0.00761	0.01036	0.00624	0.00377	0.00407	0.00126	0.00503	0.00365	0.00198	0.00600
55	0.06000	0.09039	0.19049	0.05606	0.14930	0.02774	0.05036	0.10282	0.03088	0.06939	0.01051	0.07181	0.03543	0.00503	0.00427	0.00129	0.03178	0.00415	0.00264	0.00568
56	0.01042	0.10702	0.23978	0.03573	0.08572	0.14573	0.06581	0.06020	0.05632	0.03376	0.00953	0.09206	0.00828	0.00530	0.01441	0.00132	0.01655	0.00411	0.00243	0.00551
57	0.00605	0.00442	0.00552	0.01598	0.00661	0.00417	0.00405	0.01865	0.02069	0.03674	0.39349	0.22677	0.20410	0.00963	0.00507	0.00141	0.02028	0.00839	0.00411	0.00384
58	0.01037	0.00994	0.02874	0.09972	0.49453	0.03464	0.05637	0.06854	0.05838	0.02496	0.01716	0.01110	0.00726	0.00425	0.00460	0.00129	0.04664	0.01309	0.00236	0.00608
59	0.01048	0.09666	0.20691	0.06960	0.12585	0.05206	0.09717	0.03911	0.03624	0.10983	0.05872	0.02997	0.02856	0.00470	0.00418	0.00126	0.01631	0.00404	0.00265	0.00570
60	0.01251	0.00676	0.00811	0.01789	0.00918	0.01765	0.00546	0.15221	0.04899	0.30389	0.04949	0.11565	0.01299	0.01697	0.05145	0.00159	0.00369	0.00509	0.15487	0.00555
61	0.00996	0.00954	0.01629	0.09473	0.76220	0.00970	0.01250	0.01242	0.00925	0.01316	0.00769	0.01023	0.00641	0.00370	0.00407	0.00123	0.00493	0.00366	0.00201	0.00634
62	0.03357	0.09230	0.13985	0.00917	0.04182	0.01919	0.08114	0.07983	0.08348	0.10780	0.05372	0.13254	0.06798	0.03343	0.00474	0.00140	0.00414	0.00535	0.00320	0.00533
63	0.01111	0.03884	0.21542	0.04932	0.03740	0.07516	0.08467	0.01427	0.06421	0.20298	0.04860	0.09306	0.02178	0.00546	0.00436	0.00132	0.01864	0.00467	0.00310	0.00565
64	0.00631	0.00505	0.00741	0.00715	0.00777	0.00617	0.00563	0.00767	0.00654	0.00955	0.01023	0.01531	0.00965	0.04321	0.70556	0.00586	0.13070	0.00431	0.00215	0.00376
65	0.09790	0.04268	0.15957	0.00961	0.02370	0.11820	0.05462	0.12244	0.12899	0.14081	0.01062	0.02580	0.00802	0.00481	0.00407	0.00128	0.01871	0.01914	0.00315	0.00589
66	0.01116	0.21836	0.19699	0.05354	0.07934	0.07346	0.05295	0.07643	0.07670	0.08287	0.00949	0.01057	0.02204	0.00433	0.00375	0.00119	0.00501	0.01348	0.00255	0.00581
67	0.01789	0.00736	0.00971	0.00746	0.01060	0.00663	0.00616	0.09579	0.01247	0.73894	0.03247	0.01393	0.01045	0.00513	0.00414	0.00127	0.00356	0.00416	0.00498	0.00692
68	0.00507	0.00421	0.00459	0.00477	0.02004	0.00362	0.00343	0.00622	0.00952	0.01175	0.13678	0.10283	0.65245	0.01023	0.00487	0.00139	0.00213	0.00866	0.00387	0.00356
69	0.01126	0.12385	0.16851	0.01189	0.04776	0.08155	0.21349	0.09899	0.01053	0.09148	0.02795	0.03976	0.00775	0.00454	0.00450	0.00127	0.04267	0.00398	0.00258	0.00570
70	0.00969	0.01159	0.18378	0.16418	0.09901	0.09908	0.04305	0.05229	0.03562	0.06190	0.09465	0.07674	0.02226	0.00541	0.00442	0.00132	0.02245	0.00459	0.00271	0.00528
71	0.00790	0.00750	0.01284	0.78930	0.05874	0.00918	0.03587	0.01065	0.00830	0.01068	0.00734	0.01092	0.00553	0.00407	0.00412	0.00136	0.00549	0.00368	0.00184	0.00466
72	0.01427	0.02543	0.01079	0.00861	0.01137	0.11403	0.00692	0.38623	0.11548	0.16044	0.03260	0.04740	0.03667	0.00551	0.00413	0.00125	0.00431	0.00431	0.00398	0.00627
73	0.02008	0.07027	0.09172	0.04854	0.03854	0.12630	0.18345	0.07842	0.08758	0.09844	0.01000	0.05573	0.00803	0.00488	0.00474	0.00131	0.05945	0.00417	0.00277	0.00560
74	0.01453	0.01055	0.01146	0.00904	0.01202	0.01159	0.00740	0.68422	0.05144	0.04865	0.01149	0.06616	0.00908	0.00565	0.00423	0.00129	0.00427	0.02619	0.00411	0.00664
75	0.00969	0.01107	0.02422	0.01730	0.02145	0.01038	0.81522	0.01315	0.00969	0.01315	0.00830	0.01107	0.00623	0.00346	0.00484	0.00138	0.00692	0.00484	0.00208	0.00554
76	0.03370	0.00858	0.01386	0.34754	0.37940	0.02635	0.03409	0.02060	0.00913	0.01259	0.05466	0.01199	0.02140	0.00424	0.00411	0.00129	0.00496	0.00392	0.00216	0.00542
77	0.00874	0.01855	0.63474	0.03928	0.03234	0.00985	0.11549	0.04397	0.00913	0.01335	0.00753	0.00912	0.00544	0.00399	0.00433	0.00132	0.03166	0.00334	0.00188	0.00595
78	0.00542	0.00411	0.00501	0.00501	0.00599	0.00369	0.00371	0.00691	0.01033	0.01385	0.45077	0.15430	0.27501	0.00973	0.00493	0.00139	0.00209	0.02990	0.00418	0.00367
79	0.01534	0.01947	0.01164	0.01056	0.01269	0.82986	0.00793	0.02549	0.01172	0.01023	0.00638	0.00743	0.00531	0.00424	0.00371	0.00106	0.00737	0.00266	0.00214	0.00478
80	0.00905	0.07207	0.69718	0.01183	0.05507	0.02119	0.01403	0.01330	0.00886	0.04960	0.00766	0.00883	0.00549	0.00392	0.00384	0.00127	0.00581	0.00305	0.00190	0.00606
81	0.00500	0.00357	0.00476	0.00572	0.00595	0.00333	0.00381	0.00572	0.00786	0.01048	0.02262	0.85306	0.02715	0.01286	0.00524	0.00167	0.00238	0.01167	0.00381	0.00333
82	0.00500	0.00357	0.00476	0.00572	0.00595	0.00333	0.00381	0.00572	0.00786	0.01048	0.02262	0.85306	0.02715	0.01286	0.00524	0.00167	0.00238	0.01167	0.00381	0.00333
83	0.00962	0.01194	0.13598	0.01419	0.01815	0.01022	0.49251	0.01536	0.21921	0.01416	0.01034	0.01182	0.00771	0.00407	0.00454	0.00137	0.00585	0.00453	0.00257	0.00586
84	0.00775	0.00730	0.01231	0.84587	0.02827	0.00912	0.01140	0.01049	0.00821	0.01049	0.00730	0.01094	0.00547	0.00410	0.00410	0.00137	0.00547	0.00365	0.00182	0.00456
85	0.01012	0.00985	0.01724	0.02459	0.76816	0.00980	0.07411	0.01264	0.00937	0.01339	0.00777	0.01023	0.00648	0.00364	0.00412	0.00123	0.00503	0.00375	0.00204	0.00643
86	0.01215	0.01244	0.01219	0.01040	0.01168	0.24820	0.00840	0.16125	0.01854	0.02362	0.00674	0.00882	0.00579	0.00588	0.00874	0.00147	0.43287	0.00336	0.00238	0.00508
87	0.01408	0.05196	0.01209	0.04182	0.01281	0.20849	0.03343	0.35360	0.07050	0.08960	0.01074	0.02306	0.01839	0.00510	0.00406	0.00123	0.00505	0.03459	0.00344	0.00598
88	0.00713	0.00357	0.00535	0.00535	0.00535	0.00357	0.00357	0.00535	0.00535	0.00713	0.00713	0.01248	0.00713	0.01426	0.01604	0.88057	0.00357	0.00357	0.00178	0.00178
89	0.02949	0.02906	0.01180	0.00958	0.03292	0.07689	0.00758	0.53157	0.19078	0.02197	0.01084	0.01072	0.00795	0.00493	0.00403	0.00125	0.00445	0.00376	0.00384	0.00661
90	0.01061	0.00810	0.00975	0.00741	0.01064	0.00733	0.03698	0.17808	0.05960	0.07723	0.01022	0.07189	0.00851	0.00447	0.00364	0.00094	0.00349	0.00373	0.00317	0.48419
91	0.05466	0.06243	0.19020	0.02706	0.02915	0.07460	0.15513	0.11552	0.10063	0.08593	0.04707	0.01121	0.00839	0.00448	0.00416	0.00127	0.01557	0.00383	0.00286	0.00584
92	0.01069	0.77129	0.10593	0.00751	0.01129	0.01555	0.00787	0.01237	0.00837	0.01000	0.00588	0.00680	0.00526	0.00355	0.00277	0.00092	0.00456	0.00228	0.00175	0.00535
93	0.00505	0.00361	0.00481	0.00568	0.00597	0.00337	0.00381	0.00584	0.00810	0.01085	0.07326	0.80135	0.02788	0.01258	0.00521	0.00164	0.00235	0.01140	0.00385	0.00337
94	0.00855	0.11253	0.70672	0.01139	0.02942	0.01020	0.02443	0.01283	0.00867	0.01263	0.00747	0.00919	0.00558	0.00399	0.00381	0.00126	0.00583	0.01779	0.00178	0.00594
95	0.00897	0.00913	0.01328	0.59366	0.08165	0.10078	0.06953	0.02078	0.00888	0.01102	0.00788	0.01095	0.01996	0.00422	0.00432	0.00133	0.02321	0.00371	0.00195	0.00480
96	0.00597	0.00398	0.00448	0.00448	0.00448	0.00398	0.00249	0.00597	0.00597	0.00796	0.01293	0.02686	0.01492	0.85574	0.02089	0.00398	0.00398	0.00597	0.00249	0.00249
97	0.01021	0.00882	0.00928	0.00835	0.01067	0.01021	0.00650	0.02181	0.82272	0.01717	0.01671	0.01532	0.01253	0.00557	0.00418	0.00139	0.00325	0.00464	0.00418	0.00650
98	0.00973	0.02726	0.26171	0.08265	0.15103	0.12793	0.12815	0.02709	0.02711	0.01244	0.00898	0.06227	0.01833	0.00466	0.00445	0.00130	0.03319	0.00406	0.00215	0.00551
99	0.00534	0.00390	0.00496	0.00566	0.00613	0.00366	0.00387	0.03177	0.00845	0.01114	0.03824	0.72719	0.10990	0.01227	0.00516	0.00162	0.00241	0.01103	0.00383	0.00347
100	0.00587	0.00438	0.00649	0.00649	0.00719	0.00507	0.00500	0.00726	0.00657	0.00945	0.01109	0.01667	0.01050	0.07253	0.79805	0.00646	0.01064	0.00448	0.00221	0.00361
101	0.03689	0.00828	0.01368	0.35728	0.35372	0.00907	0.03839	0.01165	0.03493	0.01238	0.00929	0.01348	0.02092	0.00453	0.00418	0.00134	0.00496	0.05749	0.00218	0.00538
102	0.01284	0.26300	0.08512	0.00917	0.01205	0.42026	0.00798	0.04170	0.03123	0.02386	0.03223	0.00913	0.02637	0.00434	0.00350	0.00106	0.00585	0.00294	0.00226	0.00512
103	0.03770	0.73069	0.03441	0.02733	0.01106	0.03237	0.00717	0.01283	0.02917	0.03661	0.00640	0.00720	0.00559	0.00366	0.00280	0.00094	0.00441	0.00238	0.00196	0.00532
104	0.01185	0.00881	0.01196	0.00989	0.01112	0.01096	0.02486	0.09281	0.04420	0.19849	0.00883	0.01052	0.00696	0.00634	0.00984	0.00159	0.51889	0.00380	0.00288	0.00541
105	0.01002	0.05140	0.15416	0.00881	0.01160	0.11091	0.06380	0.06141	0.11305	0.08482	0.08754	0.12042	0.07192	0.00644	0.00431	0.00133	0.00437	0.02520	0.00326	0.00524
106	0.01282	0.01561	0.01014	0.00950	0.01114	0.61966	0.00705	0.01395	0.02263	0.01024	0.00999	0.19050	0.01013	0.00621	0.00435	0.00122	0.03323	0.00466	0.00250	0.00447
107	0.00994	0.06524	0.30282	0.01046	0.01433	0.00905	0.14424	0.10970	0.02825	0.08808	0.05646	0.12113	0.01093	0.00549	0.00426	0.00133	0.00491	0.00487	0.00286	0.00565
108	0.00967	0.01014	0.04410	0.10509	0.27937	0.02950	0.27988	0.01321	0.07947	0.02526	0.03008	0.01202	0.02453	0.00423	0.00469	0.00133	0.03507	0.00430	0.00234	0.00573
109	0.00964	0.02976	0.05958	0.17678	0.14957	0.05860	0.09467	0.05200	0.08197	0.04859	0.03649	0.08845	0.00981	0.00619	0.02757	0.02449	0.03332	0.00463	0.00264	0.00526
110	0.00791	0.01758	0.64386	0.01065	0.01568	0.00850	0.04687	0.01209	0.00915	0.01361	0.13050	0.01232	0.01047	0.00459	0.00404	0.00129	0.00532	0.00380	0.03615	0.00563
111	0.02641	0.01262	0.25058	0.06496	0.10111	0.04771	0.14831	0.04051	0.03273	0.11052	0.01199	0.02306	0.06741	0.00489	0.00433	0.00133	0.01343	0.02977	0.00265	0.00568
112	0.01015	0.14006	0.39972	0.04113	0.05686	0.03988	0.11166	0.03904	0.02279	0.07091	0.00803	0.00930	0.00595	0.00401	0.00407	0.00125	0.02384	0.00331	0.00217	0.00587
113	0.01264	0.00759	0.00867	0.00778	0.02663	0.05433	0.00593	0.09647	0.15098	0.31013	0.01640	0.20444	0.01410	0.00698	0.00435	0.00137	0.00350	0.02606	0.03590	0.00574
114	0.01072	0.01215	0.18655	0.01659	0.35601	0.04164	0.04788	0.08422	0.01004	0.07782	0.00888	0.03298	0.00723	0.03030	0.00519	0.00137	0.05806	0.00386	0.00244	0.00605
115	0.01029	0.04291	0.14269	0.10010	0.09502	0.13915	0.08241	0.01300	0.04350	0.09906	0.07115	0.09340	0.03857	0.00550	0.00421	0.00129	0.00493	0.00475	0.00279	0.00527
116	0.01050	0.02361	0.11780	0.10172	0.37395	0.04704	0.06514	0.04846	0.02534	0.07170	0.00902	0.02594	0.00733	0.00440	0.00440	0.00129	0.02890	0.02510	0.00240	0.00596
117	0.00525	0.00376	0.00500	0.00563	0.00607	0.00351	0.00391	0.00631	0.00885	0.01204	0.22597	0.62230	0.02997	0.01169	0.00515	0.00158	0.00231	0.03322	0.00399	0.00348
118	0.01927	0.04700	0.20865	0.03554	0.20376	0.12179	0.11159	0.02331	0.03977	0.08866	0.02403	0.02920	0.02022	0.00438	0.00407	0.00125	0.00539	0.00385	0.00246	0.00581
119	0.01221	0.08926	0.34002	0.02971	0.05091	0.04540	0.05453	0.04546	0.04554	0.14960	0.01118	0.02957	0.00875	0.00614	0.02600	0.00166	0.02554	0.01884	0.00310	0.00659
120	0.01087	0.00567	0.00746	0.00711	0.03374	0.00528	0.00530	0.02130	0.06649	0.31986	0.06944	0.24649	0.08573	0.00850	0.00491	0.02068	0.00304	0.06875	0.00426	0.00510
121	0.00831	0.04518	0.81121	0.01157	0.01756	0.00973	0.01493	0.01298	0.00866	0.01290	0.00732	0.00861	0.00520	0.00389	0.00386	0.00129	0.00602	0.00301	0.00173	0.00604
122	0.01314	0.05126	0.02835	0.02870	0.08043	0.02551	0.07553	0.26197	0.02016	0.21035	0.06140	0.05480	0.02471	0.00541	0.00458	0.00129	0.03818	0.00450	0.00365	0.00608
123	0.01007	0.01021	0.07082	0.07424	0.46730	0.05273	0.07567	0.01252	0.00950	0.05943	0.04477	0.04953	0.00911	0.00461	0.00434	0.00129	0.01587	0.01970	0.00240	0.00587
124	0.00844	0.01341	0.37604	0.01036	0.01423	0.02594	0.14089	0.01198	0.02667	0.05762	0.20967	0.06043	0.01517	0.00552	0.00437	0.00133	0.00483	0.00495	0.00282	0.00533
125	0.00947	0.34006	0.47296	0.00999	0.02807	0.03721	0.01161	0.01272	0.00865	0.01161	0.00724	0.00834	0.01799	0.00386	0.00343	0.00113	0.00539	0.00280	0.00179	0.00569
126	0.04997	0.14067	0.27542	0.01127	0.07095	0.01058	0.10345	0.11120	0.05209	0.10162	0.00898	0.00988	0.00663	0.00475	0.02391	0.00136	0.00521	0.00344	0.00261	0.00602
127	0.00725	0.00522	0.00603	0.00595	0.00710	0.02692	0.00438	0.04017	0.06954	0.07494	0.17114	0.32666	0.17878	0.01075	0.04402	0.00169	0.00301	0.00834	0.00395	0.00416
128	0.02137	0.01144	0.04660	0.01286	0.01579	0.07280	0.33701	0.19114	0.03711	0.01521	0.00828	0.01034	0.00647	0.00561	0.03700	0.00159	0.15718	0.00408	0.00254	0.00558
129	0.01127	0.23207	0.05455	0.00817	0.01051	0.25971	0.00687	0.05350	0.03432	0.05557	0.03064	0.20249	0.01166	0.00623	0.00387	0.00120	0.00479	0.00492	0.00277	0.00489
130	0.01990	0.17032	0.12340	0.03901	0.21130	0.15626	0.07809	0.05324	0.00999	0.05106	0.00824	0.04609	0.00692	0.00430	0.00382	0.00118	0.00537	0.00359	0.00228	0.00566
131	0.00504	0.00360	0.00480	0.00576	0.00601	0.00336	0.00387	0.00578	0.00789	0.01052	0.02260	0.83537	0.02707	0.01283	0.00525	0.00167	0.00241	0.02901	0.00381	0.00334
132	0.00791	0.00651	0.00770	0.00714	0.00865	0.00735	0.00561	0.06314	0.27764	0.01347	0.01861	0.02033	0.16607	0.01520	0.28709	0.00317	0.04979	0.02650	0.00330	0.00482
133	0.00948	0.00997	0.01674	0.37219	0.06554	0.07674	0.30803	0.02813	0.04886	0.01221	0.00812	0.01086	0.00616	0.00394	0.00435	0.00134	0.00601	0.00406	0.00211	0.00518
134	0.03649	0.00842	0.00998	0.00791	0.01078	0.00851	0.00644	0.32185	0.04019	0.38715	0.03575	0.08476	0.01111	0.00576	0.00420	0.00129	0.00373	0.00467	0.00449	0.00651
135	0.00485	0.00416	0.00416	0.00416	0.00554	0.00347	0.00312	0.00589	0.00936	0.01109	0.04158	0.03950	0.82847	0.01040	0.00485	0.00139	0.00208	0.00866	0.00381	0.00347
136	0.00546	0.00391	0.00519	0.00606	0.00647	0.00374	0.00430	0.02389	0.00834	0.01107	0.02222	0.71946	0.02620	0.01247	0.00528	0.00169	0.00263	0.12433	0.00381	0.00348
137	0.01115	0.01068	0.03457	0.00863	0.01104	0.14182	0.00686	0.02009	0.60739	0.05126	0.01555	0.01457	0.03722	0.00544	0.00411	0.00133	0.00397	0.00438	0.00380	0.00613
138	0.00775	0.00730	0.01231	0.84587	0.02827	0.00912	0.01140	0.01049	0.00821	0.01049	0.00730	0.01094	0.00547	0.00410	0.00410	0.00137	0.00547	0.00365	0.00182	0.00456
139	0.00586	0.00440	0.00660	0.00660	0.00733	0.00513	0.00513	0.00733	0.00660	0.00953	0.01100	0.01613	0.01026	0.03079	0.83947	0.00660	0.01100	0.00440	0.00220	0.00367
140	0.00898	0.00898	0.01257	0.01078	0.01078	0.01257	0.00898	0.00988	0.00629	0.00988	0.00539	0.00898	0.00539	0.00718	0.01347	0.00180	0.84823	0.00359	0.00180	0.00449
141	0.00823	0.02123	0.83447	0.01170	0.01777	0.00953	0.01517	0.01300	0.00867	0.01300	0.00737	0.00867	0.00520	0.00390	0.00390	0.00130	0.00607	0.00303	0.00173	0.00607
142	0.00823	0.02123	0.83447	0.01170	0.01777	0.00953	0.01517	0.01300	0.00867	0.01300	0.00737	0.00867	0.00520	0.00390	0.00390	0.00130	0.00607	0.00303	0.00173	0.00607
143	0.00969	0.01107	0.02422	0.01730	0.02145	0.01038	0.81522	0.01315	0.00969	0.01315	0.00830	0.01107	0.00623	0.00346	0.00484	0.00138	0.00692	0.00484	0.00208	0.00554
144	0.00508	0.00418	0.00448	0.00444	0.00574	0.00358	0.00336	0.00632	0.00979	0.01214	0.19058	0.03801	0.65620	0.01004	0.00487	0.00138	0.00210	0.03021	0.00395	0.00355
145	0.00713	0.00357	0.00535	0.00535	0.00535	0.00357	0.00357	0.00535	0.00535	0.00713	0.00713	0.01248	0.00713	0.01426	0.01604	0.88057	0.00357	0.00357	0.00178	0.00178
146	0.01560	0.01150	0.01232	0.00944	0.01273	0.01273	0.00780	0.81645	0.01930	0.02587	0.00986	0.00986	0.00698	0.00493	0.00411	0.00123	0.00452	0.00370	0.00411	0.00698
147	0.01097	0.85821	0.02151	0.00702	0.01054	0.01624	0.00702	0.01229	0.00834	0.00966	0.00571	0.00658	0.00527	0.00351	0.00263	0.00088	0.00439	0.00219	0.00176	0.00527
148	0.01010	0.00969	0.01656	0.04499	0.81079	0.00974	0.01257	0.01255	0.00932	0.01334	0.00771	0.01018	0.00648	0.00367	0.00406	0.00122	0.00489	0.00366	0.00203	0.00646
149	0.00485	0.00416	0.00416	0.00416	0.00554	0.00347	0.00312	0.00589	0.00936	0.01109	0.04158	0.03950	0.82847	0.01040	0.00485	0.00139	0.00208	0.00866	0.00381	0.00347
150	0.00775	0.00730	0.01231	0.84587	0.02827	0.00912	0.01140	0.01049	0.00821	0.01049	0.00730	0.01094	0.00547	0.00410	0.00410	0.00137	0.00547	0.00365	0.00182	0.00456
151	0.00869	0.00848	0.01519	0.56313	0.10284	0.00958	0.17771	0.04294	0.00906	0.01192	0.00765	0.01085	0.00579	0.00396	0.00425	0.00135	0.00568	0.00390	0.00199	0.00504
152	0.03211	0.00749	0.00839	0.00731	0.00936	0.00805	0.00560	0.08825	0.37620	0.17354	0.03764	0.05608	0.01320	0.14978	0.00702	0.00180	0.00345	0.00503	0.00401	0.00569
153	0.01535	0.01131	0.01214	0.00936	0.01257	0.01250	0.00771	0.79705	0.01903	0.02550	0.01016	0.03003	0.00746	0.00512	0.00413	0.00124	0.00447	0.00389	0.00410	0.00689
154	0.01028	0.00881	0.00928	0.00831	0.01064	0.01016	0.00647	0.04728	0.78100	0.01734	0.01696	0.01560	0.02806	0.00564	0.00419	0.00139	0.00327	0.00469	0.00417	0.00645
155	0.00710	0.00358	0.00537	0.00537	0.00539	0.00360	0.00360	0.00539	0.00537	0.00718	0.00721	0.01256	0.00720	0.01462	0.03406	0.86145	0.00373	0.00358	0.00179	0.00182
156	0.84898	0.00808	0.00629	0.00556	0.00814	0.00935	0.00458	0.04516	0.00749	0.01872	0.00589	0.00680	0.00455	0.00386	0.00260	0.00127	0.00323	0.00228	0.00260	0.00455
157	0.01033	0.00888	0.00935	0.00838	0.01072	0.01027	0.00653	0.03920	0.80514	0.01736	0.01656	0.01520	0.01241	0.00556	0.00418	0.00139	0.00328	0.00462	0.00418	0.00651
158	0.00612	0.00385	0.00476	0.00483	0.00507	0.00373	0.00306	0.00588	0.00664	0.00878	0.05365	0.09146	0.11109	0.38287	0.01528	0.26757	0.00338	0.00607	0.01337	0.00254
159	0.04247	0.00457	0.00519	0.00526	0.00631	0.00435	0.00386	0.00786	0.05832	0.03021	0.15211	0.19379	0.29429	0.11127	0.00675	0.00176	0.00261	0.06156	0.00376	0.00371
160	0.00496	0.00373	0.00460	0.00530	0.00584	0.00337	0.00363	0.00576	0.00826	0.01064	0.02770	0.63530	0.24164	0.01220	0.00514	0.00159	0.00230	0.01086	0.00381	0.00337
161	0.00664	0.00478	0.00659	0.00745	0.00841	0.00480	0.00644	0.00876	0.03178	0.01249	0.04612	0.07086	0.02389	0.01114	0.00559	0.00185	0.00366	0.73109	0.00381	0.00384
162	0.65311	0.00737	0.00635	0.00555	0.00802	0.00818	0.00454	0.01304	0.01819	0.13730	0.00855	0.00907	0.01605	0.00419	0.00285	0.00124	0.00309	0.00276	0.08577	0.00477
163	0.00558	0.00419	0.00512	0.00522	0.00618	0.00384	0.00395	0.00700	0.00991	0.01314	0.34844	0.10802	0.27036	0.06693	0.00608	0.00162	0.00243	0.12440	0.00400	0.00360
164	0.01533	0.01956	0.01163	0.01058	0.01269	0.83926	0.00793	0.01639	0.01163	0.01005	0.00635	0.00740	0.00529	0.00423	0.00370	0.00106	0.00740	0.00264	0.00212	0.00476
165	0.00557	0.00409	0.00484	0.00496	0.00597	0.00361	0.00360	0.00676	0.00956	0.03861	0.23134	0.27394	0.37138	0.01044	0.00494	0.00144	0.00218	0.00909	0.00403	0.00364
166	0.00550	0.00384	0.00483	0.00534	0.00570	0.00366	0.00360	0.00629	0.00796	0.01076	0.10566	0.45240	0.05584	0.22314	0.00906	0.00219	0.00279	0.05705	0.03115	0.00323
167	0.00511	0.00364	0.00484	0.00577	0.00603	0.00342	0.00390	0.00585	0.00788	0.01049	0.02229	0.79056	0.02662	0.03791	0.00573	0.00175	0.00249	0.04863	0.00377	0.00333
168	0.00593	0.00401	0.00466	0.00470	0.00484	0.00396	0.00282	0.00622	0.00676	0.00911	0.10006	0.06665	0.01829	0.70068	0.01799	0.00352	0.00368	0.03059	0.00280	0.00271
169	0.00585	0.00417	0.00516	0.00538	0.00613	0.00391	0.00381	0.00730	0.03760	0.03188	0.24151	0.35051	0.14715	0.10098	0.00670	0.00176	0.00248	0.03022	0.00390	0.00362
170	0.00564	0.00421	0.00524	0.00509	0.00608	0.00387	0.00377	0.00746	0.02649	0.01480	0.57925	0.11545	0.17847	0.01960	0.00507	0.00138	0.00206	0.00801	0.00429	0.00378
171	0.00902	0.00479	0.00618	0.00558	0.00678	0.00441	0.00404	0.01022	0.00972	0.22409	0.31379	0.10693	0.02364	0.24180	0.00913	0.00206	0.00295	0.00659	0.00403	0.00424
172	0.01005	0.01044	0.02038	0.01496	0.01867	0.01022	0.60665	0.01533	0.19710	0.03657	0.01046	0.01213	0.00779	0.00399	0.00467	0.00138	0.00598	0.00478	0.00264	0.00580
173	0.00524	0.00369	0.00468	0.00537	0.00558	0.00350	0.00347	0.00578	0.00742	0.00986	0.02060	0.62990	0.04076	0.22321	0.00914	0.00224	0.00277	0.01018	0.00348	0.00313
174	0.07233	0.00425	0.00505	0.00534	0.00606	0.00407	0.00370	0.00711	0.00833	0.04574	0.12621	0.44195	0.11024	0.13184	0.00714	0.00187	0.00263	0.00895	0.00367	0.00353
175	0.00542	0.00384	0.00496	0.00543	0.00584	0.00362	0.00370	0.00637	0.00857	0.01166	0.22868	0.47791	0.02799	0.15161	0.00775	0.00196	0.00258	0.03500	0.00377	0.00335
176	0.00823	0.02123	0.83447	0.01170	0.01777	0.00953	0.01517	0.01300	0.00867	0.01300	0.00737	0.00867	0.00520	0.00390	0.00390	0.00130	0.00607	0.00303	0.00173	0.00607
177	0.00851	0.00730	0.00851	0.00608	0.00973	0.00547	0.00486	0.01034	0.00851	0.01338	0.00730	0.00851	0.00608	0.00304	0.00304	0.00061	0.00304	0.00243	0.00243	0.88083
178	0.00702	0.00359	0.00529	0.00531	0.00532	0.00358	0.00352	0.00539	0.00544	0.00725	0.00779	0.03338	0.00800	0.05590	0.01602	0.81605	0.00356	0.00388	0.00187	0.00185
179	0.01012	0.00971	0.01658	0.03983	0.81583	0.00974	0.01258	0.01256	0.00933	0.01336	0.00771	0.01017	0.00648	0.00367	0.00406	0.00122	0.00489	0.00366	0.00203	0.00647
180	0.00775	0.00730	0.01231	0.84587	0.02827	0.00912	0.01140	0.01049	0.00821	0.01049	0.00730	0.01094	0.00547	0.00410	0.00410	0.00137	0.00547	0.00365	0.00182	0.00456
181	0.00908	0.00797	0.01263	0.51723	0.19260	0.01808	0.01065	0.06939	0.00918	0.03166	0.00788	0.01097	0.00613	0.00541	0.03006	0.04494	0.00533	0.00367	0.00212	0.00504
182	0.00801	0.00756	0.01278	0.75679	0.11531	0.00919	0.01153	0.01072	0.00833	0.01081	0.00734	0.01086	0.00558	0.00406	0.00410	0.00135	0.00541	0.00365	0.00185	0.00477
183	0.00511	0.00365	0.00489	0.00584	0.00612	0.00343	0.00400	0.00590	0.00796	0.01060	0.02257	0.79953	0.02692	0.01276	0.00527	0.00168	0.00247	0.06414	0.00381	0.00336
184	0.00682	0.00527	0.00635	0.00598	0.00722	0.00537	0.00451	0.01101	0.20834	0.01617	0.56864	0.09054	0.03147	0.00805	0.00471	0.00134	0.00229	0.00708	0.00438	0.00447
185	0.28024	0.07066	0.01121	0.16982	0.01423	0.16771	0.04521	0.11020	0.00994	0.03821	0.00734	0.01913	0.00583	0.01353	0.00385	0.00127	0.02100	0.00312	0.00251	0.00498
186	0.04692	0.01080	0.01156	0.00964	0.05035	0.06168	0.00750	0.54558	0.01633	0.15428	0.01083	0.03732	0.00792	0.00506	0.00406	0.00124	0.00443	0.00390	0.00398	0.00661
187	0.00597	0.00398	0.00448	0.00448	0.00448	0.00398	0.00249	0.00597	0.00597	0.00796	0.01293	0.02686	0.01492	0.85574	0.02089	0.00398	0.00398	0.00597	0.00249	0.00249
188	0.00876	0.05122	0.72417	0.01171	0.01745	0.00997	0.05562	0.05071	0.00921	0.01349	0.00747	0.00877	0.00534	0.00391	0.00391	0.00129	0.00598	0.00313	0.00186	0.00605
189	0.10472	0.49051	0.09634	0.02426	0.03385	0.02417	0.01963	0.03682	0.00884	0.04823	0.01808	0.00944	0.02233	0.00419	0.00338	0.00108	0.02460	0.02205	0.00220	0.00530
190	0.01036	0.01058	0.05841	0.04110	0.70269	0.02585	0.02652	0.05040	0.00980	0.01384	0.00778	0.01005	0.00641	0.00375	0.00407	0.00123	0.00502	0.00363	0.00211	0.00641
191	0.00583	0.00421	0.00550	0.00522	0.00617	0.00390	0.00393	0.00774	0.01148	0.01623	0.79466	0.03104	0.03799	0.02010	0.00508	0.00134	0.00202	0.02922	0.00447	0.00385
192	0.01007	0.01048	0.04284	0.09678	0.55741	0.04874	0.10925	0.01309	0.04674	0.01312	0.00809	0.01040	0.00655	0.00380	0.00414	0.00126	0.00526	0.00378	0.00211	0.00611
193	0.00958	0.12769	0.08832	0.02805	0.05492	0.04700	0.16191	0.04473	0.04803	0.06052	0.09165	0.09606	0.05650	0.00588	0.00477	0.00132	0.05215	0.01291	0.00285	0.00516
194	0.01283	0.00639	0.00923	0.00842	0.06606	0.00579	0.04380	0.02986	0.01089	0.43422	0.13639	0.14818	0.03459	0.00689	0.00449	0.00136	0.00334	0.02718	0.00437	0.00569
195	0.00516	0.00370	0.00474	0.00548	0.00580	0.00346	0.00366	0.00586	0.00787	0.01042	0.04489	0.66142	0.08201	0.11247	0.00706	0.00192	0.00256	0.02459	0.00367	0.00327
196	0.02937	0.20334	0.25233	0.00929	0.02329	0.04593	0.05275	0.04460	0.03152	0.10658	0.09558	0.03744	0.01043	0.01387	0.00424	0.00125	0.02611	0.00388	0.00270	0.00553
197	0.08768	0.13760	0.28360	0.01100	0.05612	0.07745	0.10396	0.02843	0.08980	0.06294	0.00872	0.02011	0.00667	0.00417	0.00376	0.00123	0.00521	0.00340	0.00241	0.00574
198	0.02053	0.05861	0.02891	0.00914	0.03031	0.11420	0.11938	0.04848	0.02243	0.02678	0.02549	0.09187	0.07292	0.10004	0.13714	0.00245	0.06169	0.02252	0.00265	0.00445
199	0.04005	0.05843	0.07128	0.01027	0.06778	0.03333	0.06843	0.28386	0.02649	0.19290	0.03041	0.01194	0.00851	0.00485	0.00427	0.00126	0.02706	0.02106	0.03161	0.00622
200	0.02030	0.02839	0.13693	0.01084	0.10006	0.01841	0.11274	0.03927	0.05863	0.12266	0.04618	0.16418	0.05940	0.00719	0.02846	0.00153	0.01752	0.01884	0.00315	0.00532
201	0.00911	0.10513	0.28877	0.02490	0.02465	0.04211	0.08291	0.06537	0.06797	0.02681	0.04463	0.15073	0.01910	0.00585	0.00436	0.00133	0.02329	0.00497	0.00266	0.00536
202	0.04089	0.05137	0.01570	0.05379	0.03698	0.12023	0.31228	0.01272	0.02717	0.06386	0.04927	0.03256	0.05122	0.00519	0.00514	0.00136	0.07477	0.03783	0.00259	0.00508
203	0.01101	0.05542	0.10211	0.08000	0.06696	0.16514	0.09635	0.15184	0.08114	0.01437	0.02504	0.04869	0.04664	0.00531	0.00448	0.02797	0.00519	0.00419	0.00273	0.00541
204	0.12888	0.09069	0.11491	0.01690	0.05086	0.07807	0.04317	0.02089	0.07279	0.10479	0.05267	0.14183	0.01170	0.00579	0.00392	0.00127	0.00415	0.01359	0.00301	0.04013
205	0.00960	0.07136	0.02538	0.06760	0.19383	0.07823	0.04796	0.05770	0.01989	0.06215	0.06445	0.11510	0.11491	0.02031	0.00485	0.00135	0.03193	0.00540	0.00292	0.00508
206	0.00826	0.00735	0.05389	0.00871	0.07374	0.04434	0.03993	0.10028	0.02255	0.04281	0.07549	0.30463	0.06328	0.05816	0.02198	0.02084	0.00379	0.04210	0.00339	0.00448
207	0.03439	0.24422	0.14286	0.03860	0.07703	0.07776	0.02885	0.05119	0.06604	0.05476	0.02335	0.04709	0.05773	0.01890	0.00398	0.00122	0.00459	0.00388	0.00256	0.02102
208	0.03379	0.04504	0.23980	0.03052	0.12226	0.02030	0.10318	0.05447	0.07763	0.03208	0.02231	0.10341	0.00930	0.00501	0.00407	0.00126	0.00475	0.00444	0.00258	0.08380
209	0.03359	0.00649	0.04288	0.00830	0.08089	0.03225	0.00606	0.02614	0.02323	0.01205	0.02085	0.27832	0.15387	0.02015	0.00537	0.00156	0.03692	0.17207	0.00333	0.03567
210	0.05591	0.00805	0.04274	0.00770	0.02015	0.04728	0.04376	0.19354	0.01160	0.07272	0.10538	0.18682	0.14531	0.01914	0.00485	0.00140	0.01864	0.00645	0.00365	0.00489
211	0.03371	0.11779	0.09851	0.03063	0.08513	0.04882	0.08979	0.06963	0.12354	0.11380	0.05189	0.05417	0.02948	0.02025	0.00432	0.00130	0.00444	0.00437	0.00306	0.01538
212	0.02034	0.05996	0.09137	0.03115	0.16455	0.12338	0.08163	0.04622	0.04641	0.06808	0.02368	0.07059	0.02138	0.00554	0.01437	0.00135	0.07474	0.02022	0.00262	0.03243
213	0.00822	0.04176	0.08181	0.03761	0.04638	0.05952	0.08357	0.03004	0.06845	0.03015	0.05513	0.14614	0.18326	0.00742	0.00507	0.00140	0.05667	0.03632	0.00308	0.01801
214	0.02720	0.07469	0.18363	0.01103	0.09406	0.07321	0.04407	0.19748	0.05398	0.07410	0.02904	0.01165	0.00812	0.03222	0.01542	0.00139	0.01566	0.02089	0.00289	0.02927
215	0.05676	0.05468	0.10622	0.04456	0.01297	0.12609	0.09070	0.11288	0.12917	0.03708	0.02887	0.09240	0.02245	0.01404	0.00420	0.00128	0.00471	0.00446	0.00295	0.05351
216	0.02885	0.03748	0.09961	0.05440	0.13433	0.06424	0.03200	0.11912	0.09247	0.03929	0.04043	0.08584	0.06057	0.00546	0.00407	0.00123	0.00429	0.00462	0.00297	0.08871

[dist]
# distance from previous block
# <min> <max>
33	109

[block]
# block no. 2 follows, 65 sequences, length 14
# corresponding to MSA columns:
# 770-783
name=unknown_C
#
# <colnr> <probs for GDERKNQSTAVLIFYWHMCP>
#	G	D	E	R	K	N	Q	S	T	A	V	L	I	F	Y	W	H	M	C	P
0	0.03922	0.00616	0.00688	0.00681	0.03170	0.04159	0.00486	0.06003	0.10528	0.06990	0.17135	0.24334	0.09656	0.07221	0.02376	0.00171	0.00320	0.00721	0.00379	0.00443
1	0.03332	0.02627	0.10013	0.01085	0.05926	0.04915	0.14045	0.05005	0.23092	0.05751	0.05677	0.02733	0.03217	0.02770	0.00531	0.00143	0.06101	0.02166	0.00310	0.00561
2	0.00655	0.00465	0.00546	0.00544	0.00615	0.00463	0.00378	0.05552	0.05028	0.01173	0.11321	0.19186	0.11546	0.28830	0.01067	0.04635	0.00311	0.04663	0.02674	0.00347
3	0.01062	0.20146	0.05032	0.04493	0.03877	0.06791	0.05721	0.08742	0.23577	0.01385	0.00979	0.01065	0.00776	0.00511	0.00465	0.06998	0.00442	0.00348	0.00275	0.07315
4	0.04212	0.04181	0.01164	0.04430	0.27444	0.05929	0.00817	0.05037	0.09764	0.04324	0.10237	0.04650	0.03322	0.00534	0.00431	0.00124	0.02622	0.02698	0.00294	0.07789
5	0.07726	0.00692	0.05613	0.00680	0.00872	0.00620	0.02657	0.04237	0.09953	0.07744	0.09994	0.20988	0.06677	0.07259	0.02488	0.00166	0.01732	0.00630	0.00346	0.08928
6	0.00901	0.12507	0.45398	0.01128	0.03755	0.01034	0.09444	0.04360	0.00889	0.01275	0.00752	0.00937	0.00586	0.01755	0.03357	0.00147	0.06029	0.00327	0.01417	0.04003
7	0.00672	0.00443	0.00523	0.00521	0.00590	0.00422	0.00352	0.03877	0.00831	0.06209	0.07528	0.22574	0.14983	0.35573	0.01144	0.00250	0.00314	0.02510	0.00341	0.00343
8	0.08507	0.07341	0.04693	0.03745	0.01061	0.03131	0.04774	0.06285	0.04733	0.15978	0.02100	0.01347	0.03516	0.02315	0.21790	0.05510	0.01989	0.00398	0.00293	0.00494
9	0.05232	0.00575	0.00676	0.00630	0.00767	0.00590	0.00478	0.07784	0.09186	0.09158	0.16329	0.20783	0.13143	0.04202	0.00594	0.02812	0.03508	0.02721	0.00386	0.00445
