[name]
unknown

[dist]
# distance from previous block
# <min> <max>
6	34

[block]
# block no. 0 follows, 61 sequences, length 8
# corresponding to MSA columns:
# 40-47
name=unknown_A
#
# <colnr> <probs for GDERKNQSTAVLIFYWHMCP>
#	G	D	E	R	K	N	Q	S	T	A	V	L	I	F	Y	W	H	M	C	P
0	0.05481	0.07252	0.07570	0.03972	0.13108	0.05485	0.11182	0.16462	0.03040	0.04859	0.02446	0.04662	0.06344	0.00533	0.00467	0.00133	0.03979	0.00449	0.00296	0.02280
1	0.08268	0.12433	0.06623	0.04756	0.10566	0.09303	0.07508	0.08918	0.05464	0.04903	0.04074	0.02413	0.04523	0.00509	0.00436	0.00128	0.03167	0.01912	0.00284	0.03813
2	0.00654	0.00539	0.03538	0.00634	0.00725	0.00492	0.02041	0.02893	0.00891	0.02758	0.12122	0.32936	0.12616	0.17078	0.04195	0.00230	0.04056	0.00862	0.00359	0.00381
3	0.00812	0.00580	0.00667	0.00659	0.00750	0.00542	0.00451	0.00887	0.03422	0.03509	0.12171	0.13777	0.20555	0.27969	0.10791	0.00329	0.00465	0.00808	0.00405	0.00450
4	0.03348	0.04853	0.15989	0.03854	0.14547	0.07764	0.04433	0.09588	0.08767	0.09822	0.02809	0.05128	0.04771	0.00536	0.00443	0.00134	0.01854	0.00445	0.00307	0.00608
5	0.08523	0.10213	0.13447	0.07571	0.06719	0.14046	0.10362	0.08282	0.04509	0.03994	0.02430	0.03090	0.02617	0.00470	0.00404	0.00128	0.00545	0.00387	0.00263	0.02001
6	0.00860	0.04814	0.00714	0.00601	0.00742	0.04352	0.00461	0.04765	0.04981	0.05845	0.22177	0.10950	0.08761	0.03372	0.01922	0.00148	0.01772	0.00626	0.21687	0.00450
7	0.04578	0.02661	0.04639	0.00629	0.00753	0.00511	0.00488	0.03015	0.03078	0.04611	0.13129	0.45355	0.10849	0.02978	0.00540	0.00162	0.00285	0.00929	0.00392	0.00416

[dist]
# distance from previous block
# <min> <max>
1	18

[block]
# block no. 1 follows, 61 sequences, length 9
# corresponding to MSA columns:
# 66-74
name=unknown_B
#
# <colnr> <probs for GDERKNQSTAVLIFYWHMCP>
#	G	D	E	R	K	N	Q	S	T	A	V	L	I	F	Y	W	H	M	C	P
0	0.04782	0.08943	0.07263	0.02470	0.07394	0.07122	0.01827	0.05667	0.05841	0.05908	0.10297	0.11056	0.08107	0.02214	0.00469	0.00137	0.01580	0.00546	0.06617	0.01760
1	0.13081	0.11832	0.03999	0.00885	0.01182	0.12152	0.03240	0.21395	0.06618	0.07100	0.00938	0.01032	0.00726	0.01977	0.03460	0.00148	0.03167	0.00343	0.01900	0.04825
2	0.07768	0.03177	0.05928	0.07766	0.08543	0.05003	0.12923	0.11640	0.10815	0.02956	0.06294	0.01532	0.08167	0.00635	0.03500	0.00156	0.00500	0.00466	0.01664	0.00566
3	0.00565	0.05234	0.00583	0.00542	0.00634	0.00439	0.00390	0.00663	0.00907	0.01158	0.09224	0.42702	0.30414	0.03799	0.00568	0.00164	0.00252	0.01004	0.00389	0.00368
4	0.01122	0.64723	0.06618	0.00827	0.02877	0.04019	0.00787	0.03111	0.03452	0.01127	0.03346	0.00883	0.00719	0.02090	0.00376	0.00109	0.02767	0.00282	0.00211	0.00554
5	0.00547	0.00432	0.00493	0.00491	0.00608	0.00378	0.00363	0.00687	0.01053	0.01362	0.32384	0.11577	0.46014	0.01039	0.00513	0.00145	0.00216	0.00892	0.00427	0.00378
6	0.00553	0.00415	0.00512	0.00542	0.00618	0.00386	0.00383	0.00665	0.00925	0.01221	0.19351	0.33125	0.24473	0.07206	0.07395	0.00218	0.00317	0.00941	0.00392	0.00362
7	0.00572	0.00437	0.00529	0.00559	0.00646	0.00407	0.00399	0.00751	0.05382	0.01314	0.23055	0.39270	0.22841	0.01124	0.00523	0.00156	0.00235	0.00992	0.00421	0.00386
8	0.04464	0.03364	0.03854	0.05293	0.01059	0.07115	0.03169	0.03172	0.17503	0.01408	0.10226	0.27010	0.05310	0.00849	0.00474	0.00150	0.00372	0.04357	0.00365	0.00484

[dist]
# distance from previous block
# <min> <max>
6	15

[block]
# block no. 2 follows, 61 sequences, length 17
# corresponding to MSA columns:
# 94-110
name=unknown_C
#
# <colnr> <probs for GDERKNQSTAVLIFYWHMCP>
#	G	D	E	R	K	N	Q	S	T	A	V	L	I	F	Y	W	H	M	C	P
0	0.02651	0.12469	0.11491	0.04659	0.03265	0.16276	0.01945	0.06133	0.08322	0.03213	0.03441	0.01297	0.01716	0.07951	0.08508	0.00206	0.05276	0.00390	0.00262	0.00527
1	0.01019	0.08787	0.16043	0.06046	0.04413	0.02266	0.15690	0.04575	0.03254	0.08356	0.04413	0.04179	0.03485	0.02633	0.05417	0.00179	0.07962	0.00458	0.00271	0.00557
2	0.00625	0.00437	0.00557	0.00617	0.00677	0.00421	0.00428	0.00795	0.06750	0.04032	0.07314	0.64253	0.05083	0.03730	0.00584	0.00176	0.00264	0.02459	0.00408	0.00390
3	0.01269	0.32400	0.12592	0.03356	0.01411	0.20994	0.07207	0.03263	0.01020	0.07867	0.00764	0.00874	0.00608	0.00428	0.00411	0.00117	0.04317	0.00307	0.00230	0.00567
4	0.01045	0.05076	0.09232	0.05389	0.07284	0.11528	0.02109	0.09397	0.07312	0.04611	0.03572	0.07689	0.02657	0.03861	0.12468	0.00226	0.04260	0.00474	0.01277	0.00533
5	0.00727	0.00518	0.00633	0.00641	0.03648	0.00492	0.00456	0.00981	0.08801	0.06835	0.29968	0.12567	0.24792	0.02392	0.02106	0.00158	0.00270	0.00783	0.02791	0.00443
6	0.00540	0.00390	0.00522	0.00597	0.00637	0.00372	0.00410	0.00636	0.00858	0.01157	0.10394	0.67098	0.05184	0.01450	0.07365	0.00213	0.00319	0.01107	0.00393	0.00359
7	0.26580	0.07809	0.01056	0.03272	0.01093	0.04496	0.06267	0.12158	0.01054	0.10801	0.04194	0.10266	0.01057	0.02135	0.03567	0.00160	0.00436	0.00452	0.02619	0.00527
8	0.03358	0.03033	0.09276	0.02675	0.17933	0.03246	0.10446	0.11171	0.11383	0.01538	0.03644	0.02744	0.00956	0.02845	0.04163	0.00173	0.08338	0.02205	0.00283	0.00590
9	0.00575	0.00423	0.00529	0.00577	0.00630	0.00413	0.00396	0.00698	0.03917	0.01098	0.04287	0.45416	0.12586	0.16001	0.08925	0.00262	0.00368	0.02180	0.00362	0.00355
10	0.00740	0.00547	0.00760	0.00755	0.00836	0.00600	0.00568	0.00848	0.00766	0.01103	0.01282	0.01934	0.01221	0.09998	0.75018	0.00681	0.01120	0.00512	0.00274	0.00438
11	0.10433	0.06264	0.06723	0.01040	0.01362	0.12166	0.11802	0.20694	0.13081	0.04043	0.01041	0.01217	0.00816	0.00498	0.00430	0.00133	0.01866	0.03901	0.00320	0.02169
12	0.03294	0.01823	0.00911	0.02786	0.05451	0.03738	0.06086	0.09894	0.04446	0.05241	0.02983	0.24240	0.18572	0.01004	0.05440	0.00179	0.00410	0.00736	0.02286	0.00480
13	0.01145	0.00738	0.00846	0.00732	0.00949	0.00757	0.00571	0.18039	0.16529	0.17399	0.07169	0.14756	0.13427	0.02712	0.00506	0.00149	0.00332	0.00652	0.02019	0.00572
14	0.00936	0.00797	0.01239	0.66535	0.02582	0.00960	0.01089	0.07766	0.04700	0.04928	0.03713	0.01247	0.00765	0.00465	0.00434	0.00142	0.00533	0.00404	0.00248	0.00518
15	0.01116	0.18105	0.21907	0.06214	0.04680	0.09140	0.02263	0.08421	0.05862	0.06004	0.07598	0.03034	0.00992	0.00499	0.00423	0.00127	0.02366	0.00389	0.00275	0.00585
16	0.00914	0.00808	0.06262	0.00932	0.06761	0.00740	0.06953	0.11496	0.04798	0.05880	0.16999	0.07309	0.15248	0.03420	0.03706	0.00171	0.03940	0.00623	0.02526	0.00514

[dist]
# distance from previous block
# <min> <max>
2	18

[block]
# block no. 3 follows, 61 sequences, length 12
# corresponding to MSA columns:
# 129-140
name=unknown_D
#
# <colnr> <probs for GDERKNQSTAVLIFYWHMCP>
#	G	D	E	R	K	N	Q	S	T	A	V	L	I	F	Y	W	H	M	C	P
0	0.00987	0.08340	0.13294	0.07257	0.06139	0.05629	0.06321	0.06689	0.12488	0.02999	0.01276	0.14142	0.01183	0.03030	0.00490	0.00147	0.00474	0.04561	0.00300	0.04256
1	0.00795	0.00555	0.00664	0.00651	0.02221	0.00554	0.00463	0.03205	0.13488	0.07277	0.19604	0.15793	0.11471	0.17801	0.00837	0.00203	0.00308	0.03266	0.00401	0.00443
2	0.12412	0.13446	0.08985	0.02794	0.05207	0.09392	0.02431	0.13183	0.01066	0.01538	0.00774	0.00942	0.00635	0.03572	0.00440	0.00121	0.01970	0.00307	0.00257	0.20527
3	0.00584	0.00483	0.00518	0.00506	0.00648	0.00441	0.00380	0.00818	0.08973	0.01326	0.18084	0.07150	0.56522	0.01014	0.00504	0.00145	0.00229	0.00857	0.00417	0.00402
4	0.01326	0.12016	0.04015	0.12092	0.01557	0.42023	0.05153	0.06323	0.06558	0.01232	0.00796	0.00940	0.00640	0.00526	0.02901	0.00137	0.00667	0.00326	0.00239	0.00535
5	0.00583	0.00439	0.00539	0.00514	0.00627	0.00395	0.00386	0.00762	0.01157	0.01579	0.61569	0.03461	0.24535	0.00936	0.00508	0.00138	0.00207	0.00813	0.00455	0.00395
6	0.05226	0.00416	0.00509	0.00573	0.00624	0.00403	0.00390	0.00650	0.00809	0.01118	0.02315	0.58228	0.10945	0.09884	0.05614	0.00225	0.00322	0.01031	0.00369	0.00351
7	0.00616	0.00437	0.00524	0.00527	0.00573	0.00421	0.00337	0.00667	0.00724	0.00981	0.03832	0.19879	0.05523	0.48782	0.08366	0.00346	0.00422	0.00731	0.00300	0.06013
8	0.05084	0.07247	0.09150	0.06403	0.05357	0.45977	0.04334	0.01602	0.01133	0.05590	0.00837	0.01003	0.00676	0.00567	0.03013	0.00151	0.00707	0.00337	0.00257	0.00573
9	0.11439	0.05880	0.05493	0.05832	0.09958	0.07656	0.14284	0.06546	0.03015	0.01449	0.05866	0.05297	0.04935	0.00652	0.03993	0.00159	0.04508	0.00458	0.00271	0.02308
10	0.03177	0.09582	0.05825	0.02421	0.03475	0.05550	0.04403	0.10421	0.04022	0.04295	0.02799	0.09140	0.03274	0.12814	0.00795	0.04857	0.05211	0.00493	0.01658	0.05788
11	0.04559	0.07704	0.04908	0.03236	0.07630	0.11495	0.01888	0.10749	0.02203	0.03469	0.10505	0.05094	0.02630	0.00960	0.11969	0.00210	0.07041	0.01303	0.00295	0.02152

[dist]
# distance from previous block
# <min> <max>
1	12

[block]
# block no. 4 follows, 61 sequences, length 6
# corresponding to MSA columns:
# 153-158
name=unknown_E
#
# <colnr> <probs for GDERKNQSTAVLIFYWHMCP>
#	G	D	E	R	K	N	Q	S	T	A	V	L	I	F	Y	W	H	M	C	P
0	0.06780	0.05873	0.06147	0.03798	0.12197	0.12927	0.08478	0.10603	0.07624	0.03201	0.03280	0.04127	0.02536	0.00528	0.00472	0.00133	0.05077	0.02013	0.02000	0.02207
1	0.04809	0.00494	0.00617	0.00612	0.00662	0.03076	0.00433	0.00771	0.04621	0.00964	0.01013	0.07054	0.00998	0.04602	0.15924	0.49134	0.00510	0.00453	0.02964	0.00290
2	0.05227	0.32699	0.10156	0.01079	0.08247	0.11229	0.04802	0.09280	0.08137	0.01387	0.00819	0.00927	0.00666	0.00510	0.03010	0.00134	0.00542	0.00318	0.00245	0.00587
3	0.00849	0.02392	0.02171	0.03647	0.14012	0.02348	0.02161	0.03452	0.00977	0.05029	0.18957	0.11771	0.06176	0.04588	0.05775	0.03431	0.08514	0.02952	0.00327	0.00471
4	0.04381	0.00590	0.00718	0.00679	0.00827	0.00530	0.03146	0.00981	0.01068	0.10662	0.16124	0.21791	0.27052	0.04102	0.00608	0.00181	0.00318	0.02870	0.02889	0.00485
5	0.00671	0.00476	0.00602	0.00595	0.00648	0.00503	0.00414	0.00778	0.02993	0.03688	0.05525	0.14989	0.07773	0.34829	0.18719	0.00375	0.05074	0.00688	0.00306	0.00354

[dist]
# distance from previous block
# <min> <max>
24	98

[block]
# block no. 5 follows, 61 sequences, length 82
# corresponding to MSA columns:
# 263-344
name=unknown_F
#
# <colnr> <probs for GDERKNQSTAVLIFYWHMCP>
#	G	D	E	R	K	N	Q	S	T	A	V	L	I	F	Y	W	H	M	C	P
0	0.02631	0.10163	0.05605	0.00881	0.02429	0.09304	0.03681	0.12258	0.03174	0.09524	0.03818	0.10958	0.07273	0.00766	0.04168	0.00157	0.04868	0.02145	0.00327	0.05867
1	0.04964	0.05544	0.16152	0.02588	0.09263	0.07428	0.03398	0.09787	0.06284	0.04962	0.05380	0.03774	0.05912	0.00672	0.04011	0.01258	0.01799	0.01389	0.00295	0.05139
2	0.07423	0.11650	0.09150	0.06074	0.06208	0.07014	0.03292	0.10573	0.03787	0.01472	0.05776	0.11870	0.06262	0.00612	0.00429	0.00130	0.01724	0.00501	0.00296	0.05757
3	0.09649	0.12413	0.06423	0.03706	0.11849	0.03301	0.04449	0.16564	0.06813	0.03136	0.02323	0.04827	0.03801	0.00609	0.03448	0.00147	0.00477	0.00416	0.01542	0.04107
4	0.04883	0.11530	0.10144	0.02497	0.07383	0.06401	0.07694	0.09219	0.11937	0.04420	0.04781	0.07019	0.03559	0.03478	0.00491	0.00142	0.01436	0.00468	0.00305	0.02214
5	0.10424	0.08598	0.09128	0.02361	0.08725	0.08266	0.06118	0.09665	0.07849	0.04488	0.01029	0.03199	0.02320	0.02002	0.02841	0.02044	0.00493	0.00385	0.02827	0.07237
6	0.06175	0.09749	0.09819	0.03641	0.07052	0.08711	0.02123	0.16285	0.05947	0.05399	0.01027	0.03418	0.01801	0.04726	0.00526	0.00141	0.03916	0.01383	0.01735	0.06425
7	0.04775	0.04446	0.04471	0.07941	0.17152	0.04300	0.00849	0.15349	0.01116	0.10317	0.02041	0.06685	0.00993	0.07079	0.05010	0.00185	0.02949	0.01820	0.00308	0.02214
8	0.06144	0.26668	0.08173	0.02122	0.05773	0.07888	0.04395	0.13046	0.05366	0.05476	0.04493	0.01108	0.02225	0.00512	0.01909	0.00129	0.00492	0.00355	0.01631	0.02096
9	0.01037	0.03481	0.18685	0.09253	0.03456	0.04516	0.04514	0.04010	0.00967	0.13842	0.02102	0.04931	0.01045	0.04595	0.11054	0.00226	0.04738	0.06717	0.00289	0.00539
10	0.15587	0.08253	0.12686	0.01254	0.13301	0.19719	0.07545	0.05232	0.01001	0.01403	0.00733	0.00903	0.00593	0.00506	0.02441	0.01581	0.03689	0.00321	0.00229	0.03022
11	0.03561	0.01053	0.10999	0.05222	0.17970	0.00924	0.20816	0.08688	0.01033	0.01478	0.02437	0.08458	0.03328	0.00644	0.03904	0.00162	0.02708	0.00502	0.05552	0.00563
12	0.00695	0.00566	0.03360	0.00725	0.02970	0.00590	0.00538	0.00812	0.00714	0.02967	0.02974	0.02002	0.02695	0.27414	0.41761	0.00499	0.07575	0.00512	0.00250	0.00379
13	0.01186	0.13059	0.09766	0.09285	0.13782	0.06629	0.05827	0.10996	0.05707	0.08192	0.00930	0.01089	0.00722	0.00451	0.00437	0.00125	0.03400	0.01469	0.00275	0.06671
14	0.00699	0.00517	0.00623	0.00580	0.00715	0.00501	0.00440	0.01031	0.12579	0.04065	0.56013	0.03082	0.15775	0.00861	0.00496	0.00138	0.00230	0.00748	0.00459	0.00449
15	0.01231	0.00906	0.01002	0.00832	0.01083	0.00987	0.00668	0.37154	0.19924	0.04884	0.19539	0.01811	0.01696	0.00636	0.00451	0.00136	0.00368	0.02985	0.03080	0.00627
16	0.01933	0.00733	0.01000	0.00766	0.01100	0.00633	0.00633	0.02099	0.01233	0.82473	0.01699	0.01466	0.01066	0.00533	0.00433	0.00133	0.00367	0.00433	0.00533	0.00733
17	0.00568	0.00412	0.00536	0.00562	0.00632	0.00380	0.00400	0.00710	0.01035	0.01425	0.43331	0.38752	0.07462	0.01096	0.00526	0.00153	0.00224	0.00980	0.00438	0.00380
18	0.87904	0.00833	0.00633	0.00566	0.00833	0.00966	0.00467	0.01266	0.00733	0.01933	0.00600	0.00700	0.00467	0.00400	0.00267	0.00133	0.00333	0.00233	0.00267	0.00467
19	0.87904	0.00833	0.00633	0.00566	0.00833	0.00966	0.00467	0.01266	0.00733	0.01933	0.00600	0.00700	0.00467	0.00400	0.00267	0.00133	0.00333	0.00233	0.00267	0.00467
20	0.01071	0.00925	0.00974	0.00877	0.01120	0.01071	0.00682	0.02289	0.81396	0.01802	0.01753	0.01607	0.01315	0.00584	0.00438	0.00146	0.00341	0.00487	0.00438	0.00682
21	0.00626	0.00418	0.00470	0.00470	0.00470	0.00418	0.00261	0.00626	0.00626	0.00835	0.01357	0.02819	0.01566	0.84862	0.02192	0.00418	0.00418	0.00626	0.00261	0.00261
22	0.01152	0.85121	0.02257	0.00737	0.01106	0.01704	0.00737	0.01290	0.00875	0.01013	0.00599	0.00691	0.00553	0.00369	0.00276	0.00092	0.00461	0.00230	0.00184	0.00553
23	0.00942	0.00942	0.01319	0.01131	0.01131	0.01319	0.00942	0.01037	0.00660	0.01037	0.00565	0.00942	0.00565	0.00754	0.01414	0.00188	0.84073	0.00377	0.00188	0.00471
24	0.00526	0.00398	0.00477	0.00539	0.00601	0.00359	0.00368	0.00607	0.00863	0.01104	0.02955	0.53309	0.28443	0.06555	0.00641	0.00181	0.00250	0.01084	0.00391	0.00349
25	0.00942	0.00942	0.01319	0.01131	0.01131	0.01319	0.00942	0.01037	0.00660	0.01037	0.00565	0.00942	0.00565	0.00754	0.01414	0.00188	0.84073	0.00377	0.00188	0.00471
26	0.01143	0.79687	0.03395	0.00736	0.01101	0.01633	0.00736	0.01287	0.00886	0.02612	0.00736	0.00813	0.02998	0.00394	0.00288	0.00095	0.00454	0.00256	0.00197	0.00552
27	0.84823	0.00829	0.00646	0.00574	0.00843	0.00954	0.00472	0.01296	0.00751	0.04819	0.00639	0.00727	0.00488	0.00405	0.00273	0.00133	0.00334	0.00240	0.00276	0.00476
28	0.00942	0.00942	0.01319	0.01131	0.01131	0.01319	0.00942	0.01037	0.00660	0.01037	0.00565	0.00942	0.00565	0.00754	0.01414	0.00188	0.84073	0.00377	0.00188	0.00471
29	0.01066	0.01023	0.01748	0.02644	0.82174	0.01023	0.01322	0.01322	0.00981	0.01407	0.00810	0.01066	0.00682	0.00384	0.00426	0.00128	0.00512	0.00384	0.00213	0.00682
30	0.00510	0.00432	0.00440	0.00447	0.00585	0.00363	0.00332	0.00617	0.00972	0.01160	0.04235	0.09354	0.76874	0.01108	0.00512	0.00147	0.00220	0.00930	0.00400	0.00363
31	0.00525	0.00375	0.00500	0.00600	0.00625	0.00350	0.00400	0.00600	0.00825	0.01100	0.02374	0.84580	0.02849	0.01350	0.00550	0.00175	0.00250	0.01225	0.00400	0.00350
32	0.00524	0.00377	0.00498	0.00595	0.00623	0.00350	0.00398	0.00600	0.00830	0.01102	0.02437	0.82047	0.05342	0.01341	0.00549	0.00174	0.00249	0.01215	0.00400	0.00350
33	0.04615	0.01063	0.01168	0.00938	0.01239	0.01177	0.02921	0.49985	0.21289	0.03847	0.01270	0.05022	0.00973	0.00563	0.00432	0.00136	0.00426	0.00449	0.01803	0.00683
34	0.00736	0.00485	0.00613	0.00608	0.00736	0.00449	0.00477	0.00928	0.03268	0.09267	0.29801	0.13109	0.19844	0.01002	0.00522	0.00155	0.00271	0.16861	0.00439	0.00428
35	0.05976	0.00846	0.01039	0.00805	0.01131	0.00819	0.00663	0.20420	0.03130	0.56656	0.01486	0.01334	0.00965	0.00523	0.00422	0.00132	0.00386	0.00413	0.02139	0.00713
36	0.10882	0.00756	0.00891	0.00733	0.00999	0.02244	0.00591	0.07774	0.07530	0.42497	0.08769	0.04324	0.03620	0.00719	0.04294	0.00161	0.00388	0.00481	0.01724	0.00622
37	0.00619	0.00416	0.00488	0.00497	0.00504	0.00418	0.00293	0.00631	0.00647	0.00868	0.01427	0.10247	0.01638	0.70574	0.06965	0.02110	0.00446	0.00667	0.00271	0.00275
38	0.00603	0.00416	0.00536	0.00596	0.00658	0.00389	0.00414	0.00724	0.02831	0.04546	0.07907	0.63607	0.10353	0.01292	0.02793	0.00181	0.00275	0.01092	0.00407	0.00380
39	0.01284	0.00906	0.01001	0.00862	0.01131	0.01001	0.00681	0.07624	0.59786	0.18140	0.01693	0.01539	0.01225	0.00569	0.00437	0.00142	0.00355	0.00469	0.00457	0.00696
40	0.02896	0.01094	0.02647	0.12970	0.16191	0.05977	0.03107	0.35596	0.02944	0.05162	0.02116	0.01168	0.00788	0.03529	0.00489	0.00141	0.00503	0.00397	0.01650	0.00636
41	0.01142	0.09718	0.14268	0.10264	0.15456	0.02420	0.10624	0.17140	0.05054	0.03548	0.01942	0.01072	0.00720	0.00453	0.00466	0.00133	0.04308	0.00383	0.00268	0.00623
42	0.00962	0.00942	0.02967	0.38025	0.32786	0.02448	0.01189	0.02477	0.06262	0.01288	0.00838	0.01122	0.00665	0.00444	0.00490	0.00140	0.05771	0.00387	0.00220	0.00576
43	0.00534	0.00384	0.00507	0.00592	0.00629	0.00357	0.00402	0.00623	0.00866	0.01157	0.09075	0.73565	0.05900	0.01298	0.00546	0.00171	0.00247	0.02385	0.00406	0.00356
44	0.00514	0.00437	0.00443	0.00442	0.00585	0.00366	0.00331	0.00628	0.00994	0.01192	0.08274	0.04099	0.78072	0.01080	0.00509	0.00145	0.00217	0.00903	0.00404	0.00366
45	0.00571	0.00438	0.00513	0.00494	0.00614	0.00388	0.00370	0.00734	0.01111	0.01484	0.47144	0.03580	0.37282	0.00963	0.00504	0.00139	0.00210	0.00827	0.02246	0.00388
46	0.87904	0.00833	0.00633	0.00566	0.00833	0.00966	0.00467	0.01266	0.00733	0.01933	0.00600	0.00700	0.00467	0.00400	0.00267	0.00133	0.00333	0.00233	0.00267	0.00467
47	0.00557	0.00429	0.00509	0.00509	0.00616	0.00381	0.00374	0.00703	0.01064	0.01407	0.38942	0.16096	0.34787	0.01036	0.00515	0.00146	0.00216	0.00899	0.00433	0.00381
48	0.01121	0.00914	0.00976	0.00870	0.01119	0.01046	0.00679	0.02278	0.76746	0.06482	0.01750	0.01599	0.01300	0.00581	0.00438	0.00145	0.00342	0.00484	0.00444	0.00685
49	0.40725	0.32938	0.01296	0.00663	0.00965	0.03865	0.00591	0.02824	0.00872	0.06372	0.01950	0.00865	0.01991	0.00420	0.00296	0.00116	0.00394	0.00271	0.02066	0.00517
50	0.00995	0.04558	0.26711	0.02454	0.05483	0.02407	0.21559	0.06232	0.02335	0.01442	0.00819	0.00991	0.00626	0.00391	0.00429	0.00121	0.01912	0.00361	0.00230	0.19946
51	0.02695	0.03056	0.51594	0.01457	0.13747	0.03834	0.05789	0.02843	0.01031	0.07090	0.00932	0.01097	0.00696	0.00471	0.00451	0.00149	0.00621	0.00372	0.00252	0.01823
52	0.00534	0.00382	0.00511	0.00611	0.00640	0.00358	0.00417	0.00616	0.00834	0.01110	0.02369	0.80049	0.02828	0.01340	0.00552	0.00176	0.00258	0.05661	0.00400	0.00353
53	0.00525	0.00375	0.00500	0.00600	0.00625	0.00350	0.00400	0.00600	0.00825	0.01100	0.02374	0.84580	0.02849	0.01350	0.00550	0.00175	0.00250	0.01225	0.00400	0.00350
54	0.03859	0.00872	0.04816	0.05424	0.23340	0.01952	0.11219	0.02789	0.04096	0.06333	0.18959	0.05142	0.06974	0.00611	0.00462	0.00138	0.00431	0.01706	0.00325	0.00552
55	0.01489	0.01811	0.01327	0.01421	0.18021	0.63751	0.00931	0.02777	0.02411	0.01162	0.00718	0.00853	0.00595	0.00435	0.00398	0.00115	0.00711	0.00304	0.00226	0.00543
56	0.01066	0.01023	0.01748	0.02644	0.82174	0.01023	0.01322	0.01322	0.00981	0.01407	0.00810	0.01066	0.00682	0.00384	0.00426	0.00128	0.00512	0.00384	0.00213	0.00682
57	0.01069	0.01028	0.01767	0.03996	0.76021	0.01030	0.04740	0.02615	0.00997	0.01422	0.00816	0.01071	0.00680	0.00386	0.00430	0.00129	0.00521	0.00389	0.00217	0.00675
58	0.00643	0.00479	0.00649	0.00635	0.00676	0.00547	0.00457	0.00732	0.00664	0.00937	0.01192	0.02087	0.01235	0.35562	0.44984	0.00546	0.06872	0.00521	0.00240	0.00342
59	0.01329	0.00946	0.01387	0.07055	0.37749	0.02341	0.01000	0.11001	0.01161	0.22264	0.02531	0.01192	0.00834	0.00454	0.00441	0.00128	0.01912	0.00395	0.00327	0.05554
60	0.01009	0.13500	0.54668	0.01168	0.02822	0.01112	0.06031	0.08325	0.01025	0.03711	0.02289	0.00965	0.00650	0.00422	0.00401	0.00130	0.00586	0.00336	0.00222	0.00629
61	0.00788	0.00622	0.02380	0.00862	0.02935	0.00593	0.13202	0.00976	0.02229	0.06725	0.13639	0.12075	0.01804	0.15807	0.18298	0.00310	0.00567	0.03936	0.01816	0.00434
62	0.00547	0.00392	0.00524	0.00620	0.00658	0.00369	0.00435	0.00641	0.00856	0.01135	0.03753	0.71507	0.04468	0.01316	0.00554	0.00177	0.00267	0.11023	0.00401	0.00357
63	0.00927	0.04329	0.51821	0.01422	0.01979	0.01053	0.29592	0.01367	0.00946	0.01359	0.00803	0.00992	0.00584	0.00392	0.00440	0.00138	0.00663	0.00383	0.00195	0.00614
64	0.01403	0.07769	0.01240	0.00881	0.01221	0.05846	0.00727	0.43034	0.07489	0.05592	0.01001	0.01022	0.00745	0.00463	0.00392	0.00112	0.00441	0.00349	0.00365	0.19905
65	0.00612	0.00426	0.00539	0.00550	0.00576	0.00445	0.00359	0.00668	0.00676	0.00925	0.02569	0.11343	0.01598	0.50848	0.25563	0.00467	0.00611	0.00645	0.00270	0.00309
66	0.01077	0.27221	0.33340	0.01018	0.02706	0.08671	0.02551	0.04269	0.02196	0.03867	0.00921	0.01056	0.03637	0.00450	0.00389	0.00120	0.01697	0.01626	0.00225	0.02962
67	0.00962	0.02355	0.16808	0.04201	0.10856	0.02410	0.07151	0.02645	0.14405	0.01528	0.13699	0.02012	0.06331	0.03423	0.05617	0.00199	0.00526	0.03940	0.00339	0.00592
68	0.00813	0.00766	0.01292	0.83826	0.02967	0.00957	0.01196	0.01101	0.00861	0.01101	0.00766	0.01148	0.00574	0.00431	0.00431	0.00144	0.00574	0.00383	0.00191	0.00479
69	0.00984	0.00824	0.05177	0.08093	0.12965	0.00769	0.11190	0.09334	0.01098	0.06850	0.09314	0.04820	0.05445	0.00583	0.00435	0.00133	0.00416	0.03238	0.17796	0.00536
70	0.05468	0.07199	0.13905	0.05616	0.12808	0.12116	0.04348	0.08219	0.01063	0.10261	0.00990	0.06529	0.00825	0.00523	0.00476	0.00134	0.05875	0.01264	0.01799	0.00582
71	0.02401	0.01323	0.02738	0.05251	0.12570	0.31328	0.00860	0.11639	0.01185	0.06658	0.05119	0.03996	0.02182	0.00618	0.02961	0.00146	0.06412	0.00404	0.01658	0.00552
72	0.00667	0.00470	0.00601	0.00559	0.00676	0.00440	0.00422	0.00908	0.04530	0.04295	0.73187	0.03129	0.06739	0.00865	0.00503	0.00136	0.00215	0.00761	0.00472	0.00427
73	0.00792	0.00802	0.08289	0.12838	0.06644	0.02208	0.03060	0.02383	0.08752	0.01358	0.07957	0.15409	0.12128	0.00750	0.00493	0.00145	0.03419	0.02651	0.09443	0.00482
74	0.06292	0.07771	0.11456	0.06251	0.18547	0.09065	0.10584	0.09602	0.03457	0.07616	0.00925	0.02273	0.00729	0.00456	0.00432	0.00132	0.01999	0.01537	0.00269	0.00608
75	0.00621	0.00418	0.00483	0.00487	0.00492	0.00421	0.00282	0.00633	0.00639	0.00855	0.01392	0.06399	0.01598	0.76934	0.06296	0.00421	0.00448	0.00645	0.00266	0.00271
76	0.00595	0.00417	0.00531	0.00574	0.00644	0.00385	0.00402	0.00722	0.02220	0.03810	0.19412	0.51816	0.13190	0.02475	0.00556	0.00165	0.00244	0.01044	0.00418	0.00380
77	0.03917	0.07836	0.04392	0.02946	0.16334	0.21938	0.11511	0.03559	0.02216	0.12987	0.00895	0.01024	0.00686	0.00452	0.00479	0.00129	0.06378	0.00363	0.01367	0.00591
78	0.00765	0.00640	0.02521	0.18042	0.10994	0.00663	0.00739	0.02210	0.03634	0.03784	0.02795	0.27675	0.04294	0.06858	0.09681	0.00231	0.01886	0.01826	0.00306	0.00453
79	0.00644	0.00463	0.00571	0.00580	0.00674	0.00442	0.00425	0.00778	0.02259	0.05355	0.17771	0.31306	0.25771	0.03972	0.00620	0.00166	0.04076	0.03326	0.00407	0.00393
80	0.00966	0.06018	0.01280	0.02967	0.37252	0.04897	0.00901	0.02684	0.00951	0.04440	0.02675	0.12794	0.04167	0.05973	0.06243	0.00192	0.01940	0.02840	0.00274	0.00545
81	0.02525	0.05892	0.02556	0.02766	0.03363	0.03355	0.00616	0.07113	0.00991	0.02870	0.00812	0.02200	0.00674	0.00368	0.00339	0.00081	0.00371	0.00290	0.00266	0.62550

[dist]
# distance from previous block
# <min> <max>
0	4

[block]
# block no. 6 follows, 61 sequences, length 61
# corresponding to MSA columns:
# 381-441
name=unknown_G
#
# <colnr> <probs for GDERKNQSTAVLIFYWHMCP>
#	G	D	E	R	K	N	Q	S	T	A	V	L	I	F	Y	W	H	M	C	P
0	0.21496	0.06535	0.05816	0.07020	0.01272	0.03452	0.03419	0.15690	0.10185	0.08536	0.02990	0.01255	0.03346	0.01661	0.00435	0.00137	0.02386	0.01545	0.00328	0.02496
1	0.00570	0.00436	0.00609	0.00685	0.03682	0.00405	0.02637	0.00683	0.00912	0.01224	0.15055	0.59306	0.09792	0.01190	0.00534	0.00164	0.00263	0.01076	0.00400	0.00379
2	0.00985	0.02735	0.13573	0.13805	0.17551	0.02820	0.07257	0.07777	0.06869	0.01417	0.04276	0.02945	0.00911	0.05289	0.00614	0.00154	0.07477	0.00429	0.00256	0.02860
3	0.00774	0.00531	0.00641	0.00617	0.00727	0.00492	0.00441	0.00885	0.01999	0.06465	0.23921	0.12037	0.18094	0.16880	0.10991	0.00277	0.00416	0.00771	0.00407	0.02634
4	0.01016	0.13570	0.43516	0.01251	0.07842	0.01122	0.07125	0.06438	0.05198	0.03546	0.00854	0.00987	0.00644	0.00491	0.02317	0.00144	0.02743	0.00346	0.00227	0.00625
5	0.00666	0.00518	0.00563	0.00537	0.00690	0.00478	0.00404	0.02533	0.08822	0.03891	0.08764	0.08778	0.49549	0.06085	0.00598	0.00161	0.00261	0.02756	0.00400	0.03545
6	0.00686	0.00626	0.04891	0.00692	0.00799	0.01740	0.00557	0.01900	0.02817	0.01241	0.21119	0.06902	0.07788	0.11087	0.26559	0.00349	0.08908	0.00615	0.00316	0.00407
7	0.01072	0.01162	0.20940	0.01069	0.04569	0.00782	0.13273	0.02602	0.01000	0.15148	0.01156	0.03403	0.03140	0.00475	0.00419	0.00120	0.00476	0.03781	0.00294	0.25121
8	0.00513	0.00420	0.00453	0.00480	0.00593	0.00360	0.00347	0.00613	0.00940	0.01147	0.03835	0.25541	0.60946	0.01160	0.00520	0.00153	0.00227	0.00993	0.00400	0.00360
9	0.01268	0.03163	0.03150	0.21028	0.12856	0.38748	0.01010	0.04892	0.01079	0.01191	0.00719	0.00931	0.00585	0.00458	0.00485	0.00128	0.07230	0.00330	0.00218	0.00532
10	0.01152	0.85121	0.02257	0.00737	0.01106	0.01704	0.00737	0.01290	0.00875	0.01013	0.00599	0.00691	0.00553	0.00369	0.00276	0.00092	0.00461	0.00230	0.00184	0.00553
11	0.00598	0.00449	0.00556	0.00527	0.00640	0.00411	0.00396	0.00803	0.02749	0.01615	0.64745	0.03373	0.19705	0.00917	0.00507	0.00138	0.00209	0.00799	0.00459	0.00403
12	0.00821	0.00421	0.00460	0.00451	0.00557	0.00427	0.00343	0.01014	0.00889	0.04500	0.01384	0.01612	0.01099	0.00846	0.10717	0.00176	0.00327	0.00410	0.73132	0.00412
13	0.87904	0.00833	0.00633	0.00566	0.00833	0.00966	0.00467	0.01266	0.00733	0.01933	0.00600	0.00700	0.00467	0.00400	0.00267	0.00133	0.00333	0.00233	0.00267	0.00467
14	0.00900	0.00786	0.00979	0.00700	0.01085	0.00601	0.04702	0.01100	0.00900	0.01402	0.00771	0.00907	0.00639	0.00321	0.00329	0.00068	0.00340	0.00268	0.00253	0.82946
15	0.01101	0.00940	0.00991	0.00883	0.01131	0.01085	0.00689	0.06394	0.77243	0.01850	0.01716	0.01577	0.01284	0.00581	0.00438	0.00145	0.00348	0.00482	0.00438	0.00684
16	0.68806	0.00786	0.00678	0.00594	0.00855	0.00873	0.00485	0.01341	0.00831	0.13211	0.05061	0.03295	0.00806	0.00470	0.00311	0.00135	0.00329	0.00318	0.00319	0.00498
17	0.00988	0.00748	0.00948	0.03849	0.04218	0.00830	0.02666	0.07435	0.28298	0.07654	0.02675	0.01679	0.01183	0.10632	0.22762	0.00320	0.01746	0.00480	0.00344	0.00546
18	0.00628	0.04897	0.09034	0.00586	0.00766	0.00517	0.00514	0.00817	0.01063	0.01423	0.39016	0.05256	0.29712	0.03248	0.00535	0.00146	0.00273	0.00755	0.00397	0.00417
19	0.00931	0.02838	0.22789	0.09561	0.06561	0.03397	0.00941	0.02807	0.00933	0.01370	0.00769	0.00930	0.00607	0.00368	0.00365	0.00099	0.00462	0.00296	0.00228	0.43748
20	0.02468	0.32650	0.31023	0.00966	0.01408	0.11042	0.01044	0.03464	0.00995	0.10090	0.00801	0.00874	0.00610	0.00414	0.00359	0.00116	0.00550	0.00294	0.00233	0.00600
21	0.00509	0.00435	0.00438	0.00440	0.00583	0.00363	0.00329	0.00618	0.00978	0.01162	0.04316	0.06081	0.80095	0.01097	0.00510	0.00146	0.00219	0.00917	0.00400	0.00363
22	0.01055	0.39884	0.27997	0.01117	0.02721	0.04782	0.14330	0.01347	0.00926	0.01194	0.00706	0.00848	0.00569	0.00384	0.00364	0.00116	0.00575	0.00309	0.00191	0.00584
23	0.10393	0.00800	0.00903	0.00726	0.01005	0.03341	0.00590	0.15088	0.01251	0.42132	0.01462	0.02708	0.02674	0.00534	0.00397	0.00128	0.00363	0.00418	0.14458	0.00631
24	0.00525	0.00375	0.00500	0.00600	0.00625	0.00350	0.00400	0.00600	0.00825	0.01100	0.02374	0.84580	0.02849	0.01350	0.00550	0.00175	0.00250	0.01225	0.00400	0.00350
25	0.00596	0.00442	0.00531	0.00510	0.00629	0.00394	0.00382	0.00761	0.01123	0.03005	0.50266	0.05805	0.32059	0.00963	0.00508	0.00140	0.00213	0.00832	0.00446	0.00395
26	0.00585	0.00441	0.00542	0.00531	0.00637	0.00403	0.00393	0.00771	0.02804	0.01517	0.51914	0.13609	0.22299	0.00983	0.00512	0.00143	0.00216	0.00860	0.00447	0.00395
27	0.01637	0.01207	0.01293	0.00991	0.01336	0.01336	0.00819	0.80738	0.02025	0.02715	0.01034	0.01034	0.00733	0.00517	0.00431	0.00129	0.00474	0.00388	0.00431	0.00733
28	0.05509	0.03123	0.18852	0.30475	0.09838	0.00999	0.07390	0.04421	0.00937	0.04914	0.00856	0.03172	0.00673	0.00511	0.01943	0.00151	0.05057	0.00392	0.00228	0.00557
29	0.00864	0.02228	0.82630	0.01228	0.01864	0.01000	0.01592	0.01364	0.00909	0.01364	0.00773	0.00909	0.00546	0.00409	0.00409	0.00136	0.00637	0.00318	0.00182	0.00637
30	0.01136	0.00958	0.01011	0.00890	0.01145	0.01102	0.00698	0.11291	0.72289	0.01907	0.01671	0.01541	0.01248	0.00577	0.00437	0.00144	0.00356	0.00476	0.00437	0.00688
31	0.00845	0.00754	0.06648	0.12354	0.07379	0.00680	0.02908	0.07165	0.02706	0.06294	0.19323	0.11959	0.14361	0.00830	0.02567	0.00157	0.00391	0.01824	0.00360	0.00495
32	0.04215	0.01176	0.08092	0.01512	0.24515	0.02906	0.07911	0.29604	0.01380	0.12942	0.01003	0.01087	0.00729	0.00454	0.00429	0.00131	0.00507	0.00390	0.00334	0.00683
33	0.87904	0.00833	0.00633	0.00566	0.00833	0.00966	0.00467	0.01266	0.00733	0.01933	0.00600	0.00700	0.00467	0.00400	0.00267	0.00133	0.00333	0.00233	0.00267	0.00467
34	0.62269	0.00817	0.00751	0.00632	0.00919	0.00887	0.00521	0.03723	0.00904	0.23700	0.00909	0.00916	0.00636	0.00439	0.00316	0.00133	0.00346	0.00292	0.00343	0.00546
35	0.09270	0.11789	0.31400	0.02328	0.14834	0.02293	0.07592	0.03901	0.02596	0.05993	0.02463	0.01006	0.00693	0.00424	0.00409	0.00130	0.01681	0.00348	0.00238	0.00612
36	0.00768	0.00511	0.00614	0.00593	0.00689	0.00515	0.00426	0.00965	0.08855	0.08014	0.04659	0.03737	0.13190	0.35063	0.12411	0.00333	0.00466	0.07460	0.00338	0.00392
37	0.00591	0.00440	0.00550	0.00522	0.00632	0.00398	0.00392	0.00776	0.01175	0.01621	0.67352	0.03392	0.18726	0.00920	0.00508	0.00137	0.00206	0.00803	0.00460	0.00398
38	0.01609	0.02053	0.01221	0.01110	0.01332	0.83132	0.00832	0.01720	0.01221	0.01054	0.00666	0.00777	0.00555	0.00444	0.00388	0.00111	0.00777	0.00277	0.00222	0.00499
39	0.01191	0.18112	0.05117	0.03038	0.43317	0.12448	0.01092	0.04492	0.01035	0.04084	0.00803	0.01938	0.00672	0.00412	0.00392	0.00120	0.00535	0.00347	0.00229	0.00626
40	0.00865	0.00764	0.07051	0.03078	0.03039	0.00722	0.00650	0.01362	0.24904	0.06312	0.16385	0.03279	0.01716	0.09709	0.17941	0.00284	0.00527	0.00540	0.00357	0.00515
41	0.00813	0.00766	0.01292	0.83826	0.02967	0.00957	0.01196	0.01101	0.00861	0.01101	0.00766	0.01148	0.00574	0.00431	0.00431	0.00144	0.00574	0.00383	0.00191	0.00479
42	0.00968	0.00984	0.07169	0.21142	0.29711	0.04799	0.04712	0.02501	0.02095	0.04686	0.06554	0.06654	0.05087	0.00539	0.00446	0.00137	0.00497	0.00489	0.00265	0.00565
43	0.01035	0.06991	0.50860	0.05565	0.05773	0.01064	0.05449	0.09385	0.02980	0.05647	0.00866	0.00987	0.00624	0.00426	0.00412	0.00133	0.00583	0.00346	0.00235	0.00638
44	0.00968	0.00931	0.01570	0.19675	0.48645	0.01009	0.04479	0.01207	0.00913	0.01283	0.00859	0.05483	0.00759	0.00485	0.00547	0.00141	0.09804	0.00432	0.00216	0.00594
45	0.70851	0.05543	0.00817	0.02960	0.03013	0.04413	0.00552	0.01302	0.00783	0.04003	0.00642	0.00750	0.00502	0.00411	0.00308	0.00131	0.02019	0.00251	0.00263	0.00486
46	0.00619	0.00418	0.00541	0.00588	0.00618	0.00415	0.00407	0.00669	0.00749	0.00997	0.01757	0.27077	0.02006	0.32685	0.06144	0.08244	0.00404	0.15031	0.00318	0.00312
47	0.02603	0.01051	0.02318	0.08725	0.18900	0.05209	0.00923	0.23482	0.03056	0.05882	0.00890	0.01036	0.00689	0.00474	0.00522	0.00127	0.10136	0.00362	0.00298	0.13315
48	0.02080	0.01352	0.31181	0.01178	0.08466	0.00861	0.08872	0.04371	0.03742	0.12794	0.01111	0.06861	0.01860	0.00490	0.00422	0.00129	0.00500	0.00427	0.00285	0.13020
49	0.00524	0.00376	0.00498	0.00596	0.00624	0.00350	0.00398	0.00600	0.00829	0.01101	0.02426	0.82503	0.04893	0.01343	0.00549	0.00174	0.00249	0.01216	0.00400	0.00350
50	0.01066	0.29967	0.24065	0.02475	0.12680	0.01170	0.01022	0.02647	0.04587	0.07361	0.06686	0.01162	0.02457	0.00458	0.00379	0.00120	0.00483	0.00360	0.00254	0.00601
51	0.00574	0.00454	0.00519	0.00507	0.00632	0.00409	0.00378	0.00765	0.04377	0.01415	0.35716	0.08549	0.42150	0.01000	0.00508	0.00143	0.00219	0.00858	0.00432	0.00393
52	0.00789	0.00643	0.02353	0.00726	0.00822	0.00712	0.00573	0.03833	0.07538	0.02413	0.16803	0.03697	0.06477	0.09939	0.13904	0.04834	0.17595	0.00553	0.05366	0.00429
53	0.00815	0.00893	0.17259	0.00722	0.00974	0.00630	0.00687	0.05715	0.06286	0.06127	0.38224	0.02507	0.13557	0.00745	0.00469	0.00136	0.00327	0.00633	0.02792	0.00502
54	0.00571	0.00439	0.00522	0.00501	0.00620	0.00390	0.00376	0.00738	0.01128	0.01510	0.52049	0.03575	0.34098	0.00962	0.00508	0.00139	0.00209	0.00829	0.00446	0.00390
55	0.07349	0.16772	0.03708	0.01259	0.14089	0.43181	0.02751	0.01507	0.01067	0.01186	0.00726	0.00930	0.00625	0.00436	0.00375	0.00116	0.00631	0.02534	0.00221	0.00539
56	0.00592	0.00438	0.00552	0.00526	0.00633	0.00398	0.00394	0.00777	0.01172	0.01623	0.67745	0.05222	0.16479	0.00925	0.00509	0.00138	0.00207	0.00810	0.00461	0.00398
57	0.00530	0.00407	0.00486	0.00530	0.00611	0.00363	0.00373	0.00635	0.00936	0.01206	0.13564	0.43291	0.33141	0.01190	0.00529	0.00159	0.00232	0.01046	0.00410	0.00363
58	0.83388	0.00897	0.00664	0.00595	0.00859	0.05266	0.00486	0.01290	0.00759	0.01887	0.00603	0.00704	0.00471	0.00402	0.00273	0.00132	0.00356	0.00236	0.00264	0.00468
59	0.69647	0.09284	0.00823	0.00604	0.00875	0.02948	0.00507	0.04282	0.00816	0.01834	0.00657	0.00758	0.00519	0.00407	0.00278	0.00127	0.00355	0.00248	0.04546	0.00483
60	0.07355	0.23826	0.14956	0.06009	0.11348	0.10795	0.08036	0.03468	0.03246	0.02611	0.03068	0.00974	0.00706	0.00423	0.00390	0.00122	0.01530	0.00335	0.00229	0.00574

[dist]
# distance from previous block
# <min> <max>
0	17

[block]
# block no. 7 follows, 61 sequences, length 15
# corresponding to MSA columns:
# 460-474
name=unknown_H
#
# <colnr> <probs for GDERKNQSTAVLIFYWHMCP>
#	G	D	E	R	K	N	Q	S	T	A	V	L	I	F	Y	W	H	M	C	P
0	0.17093	0.09433	0.43933	0.01005	0.01461	0.07545	0.01136	0.01394	0.02567	0.05156	0.00773	0.00890	0.00577	0.00450	0.00428	0.02009	0.03048	0.00303	0.00223	0.00577
1	0.01066	0.01023	0.01748	0.02644	0.82174	0.01023	0.01322	0.01322	0.00981	0.01407	0.00810	0.01066	0.00682	0.00384	0.00426	0.00128	0.00512	0.00384	0.00213	0.00682
2	0.00548	0.00400	0.00520	0.00603	0.00654	0.00372	0.00428	0.00648	0.00881	0.01159	0.06272	0.62023	0.11730	0.01279	0.00549	0.00173	0.00262	0.10738	0.00403	0.00360
3	0.01637	0.01207	0.01293	0.00991	0.01336	0.01336	0.00819	0.80738	0.02025	0.02715	0.01034	0.01034	0.00733	0.00517	0.00431	0.00129	0.00474	0.00388	0.00431	0.00733
4	0.01637	0.01207	0.01293	0.00991	0.01336	0.01336	0.00819	0.80738	0.02025	0.02715	0.01034	0.01034	0.00733	0.00517	0.00431	0.00129	0.00474	0.00388	0.00431	0.00733
5	0.01071	0.00925	0.00974	0.00877	0.01120	0.01071	0.00682	0.02289	0.81396	0.01802	0.01753	0.01607	0.01315	0.00584	0.00438	0.00146	0.00341	0.00487	0.00438	0.00682
6	0.01006	0.31066	0.33743	0.01091	0.03643	0.01248	0.08215	0.03445	0.06194	0.01290	0.00810	0.00945	0.00642	0.00537	0.04261	0.00148	0.00580	0.00326	0.00212	0.00597
7	0.00541	0.00408	0.00498	0.00550	0.00619	0.00376	0.00387	0.00635	0.00874	0.01126	0.05574	0.43733	0.27525	0.07061	0.04611	0.00207	0.00299	0.04238	0.00385	0.00354
8	0.00813	0.00766	0.01292	0.83826	0.02967	0.00957	0.01196	0.01101	0.00861	0.01101	0.00766	0.01148	0.00574	0.00431	0.00431	0.00144	0.00574	0.00383	0.00191	0.00479
9	0.00965	0.03393	0.17572	0.20840	0.36003	0.01030	0.11447	0.01286	0.00941	0.01315	0.00795	0.01057	0.00624	0.00396	0.00431	0.00134	0.00577	0.00383	0.00202	0.00610
10	0.00822	0.00840	0.08936	0.35002	0.06601	0.00796	0.05443	0.01071	0.00901	0.04762	0.01390	0.12394	0.06379	0.00766	0.03724	0.00173	0.02377	0.06869	0.00267	0.00488
11	0.00892	0.07630	0.34984	0.02554	0.07878	0.00910	0.02433	0.03175	0.02341	0.04447	0.02865	0.11711	0.08347	0.00625	0.00493	0.00141	0.05639	0.00511	0.01868	0.00558
12	0.00896	0.00636	0.00819	0.00816	0.04678	0.00674	0.00600	0.14412	0.03404	0.06052	0.04105	0.16206	0.05119	0.06322	0.21060	0.02244	0.02309	0.08827	0.00348	0.00471
13	0.00960	0.04193	0.35624	0.04469	0.13298	0.05651	0.04862	0.06006	0.04684	0.01407	0.02517	0.05319	0.04665	0.00577	0.02038	0.00147	0.00558	0.02185	0.00249	0.00591
14	0.04192	0.01029	0.09853	0.16776	0.29208	0.02530	0.02436	0.02757	0.06195	0.07487	0.02473	0.04699	0.00909	0.00557	0.01947	0.00150	0.03429	0.02512	0.00267	0.00593

[dist]
# distance from previous block
# <min> <max>
0	14

# created by:
# /st0/software/busco_prod/Augustus/scripts/msa2prfl.pl ./align_prep/37075.fa
