[name]
unknown

[dist]
# distance from previous block
# <min> <max>
0	42

[block]
# block no. 0 follows, 69 sequences, length 13
# corresponding to MSA columns:
# 42-54
name=unknown_A
#
# <colnr> <probs for GDERKNQSTAVLIFYWHMCP>
#	G	D	E	R	K	N	Q	S	T	A	V	L	I	F	Y	W	H	M	C	P
0	0.03530	0.00712	0.00895	0.00714	0.00991	0.00676	0.00585	0.09455	0.10904	0.55289	0.04666	0.01478	0.01107	0.00519	0.00397	0.00123	0.00334	0.03946	0.00445	0.03231
1	0.01441	0.00957	0.01123	0.00969	0.08467	0.01004	0.00728	0.49830	0.05114	0.19821	0.01069	0.01044	0.00746	0.00456	0.00387	0.00116	0.00400	0.00359	0.00386	0.05584
2	0.00716	0.00533	0.00677	0.00644	0.00761	0.04157	0.05021	0.04216	0.00952	0.07654	0.18566	0.34410	0.11161	0.00928	0.00471	0.00142	0.00290	0.07936	0.00372	0.00393
3	0.00949	0.00681	0.00815	0.00627	0.00917	0.00576	0.00498	0.09085	0.00936	0.11608	0.00991	0.09252	0.00859	0.00588	0.05557	0.00117	0.00351	0.00362	0.00291	0.54943
4	0.00961	0.00920	0.01147	0.07510	0.01184	0.05798	0.00819	0.10179	0.07628	0.01193	0.00680	0.00921	0.00591	0.00592	0.00945	0.00150	0.53618	0.00343	0.00220	0.04601
5	0.00815	0.00713	0.00917	0.00739	0.06093	0.00562	0.04338	0.01001	0.00838	0.01291	0.04824	0.00939	0.00739	0.00321	0.00313	0.00068	0.00313	0.00274	0.00238	0.74661
6	0.00971	0.00925	0.01537	0.02282	0.77357	0.00935	0.01158	0.01271	0.07268	0.01309	0.00804	0.01008	0.00666	0.00363	0.00389	0.00118	0.00454	0.00357	0.00210	0.00621
7	0.00463	0.00397	0.00397	0.00397	0.00530	0.00331	0.00298	0.00563	0.00894	0.01059	0.03971	0.03773	0.83618	0.00993	0.00463	0.00132	0.00199	0.00827	0.00364	0.00331
8	0.00555	0.00401	0.00524	0.00493	0.00586	0.00370	0.00370	0.00740	0.01110	0.01572	0.83570	0.02928	0.03699	0.00801	0.00462	0.00123	0.00185	0.00709	0.00432	0.00370
9	0.00970	0.00931	0.01591	0.02406	0.83777	0.00931	0.01203	0.01203	0.00893	0.01281	0.00737	0.00970	0.00621	0.00349	0.00388	0.00116	0.00466	0.00349	0.00194	0.00621
10	0.00970	0.00931	0.01591	0.02406	0.83777	0.00931	0.01203	0.01203	0.00893	0.01281	0.00737	0.00970	0.00621	0.00349	0.00388	0.00116	0.00466	0.00349	0.00194	0.00621
11	0.00768	0.00720	0.00986	0.00943	0.06010	0.03404	0.00715	0.00876	0.00651	0.00955	0.02367	0.01219	0.00784	0.06968	0.26397	0.00317	0.44935	0.00386	0.00195	0.00404
12	0.04722	0.00866	0.00969	0.02619	0.02457	0.00975	0.03101	0.11682	0.59848	0.04713	0.01398	0.01320	0.01040	0.00500	0.00391	0.00129	0.00343	0.00414	0.00378	0.02136

[dist]
# distance from previous block
# <min> <max>
0	1

[block]
# block no. 1 follows, 69 sequences, length 116
# corresponding to MSA columns:
# 56-171
name=unknown_B
#
# <colnr> <probs for GDERKNQSTAVLIFYWHMCP>
#	G	D	E	R	K	N	Q	S	T	A	V	L	I	F	Y	W	H	M	C	P
0	0.00971	0.00926	0.01548	0.02309	0.78749	0.00934	0.01168	0.01257	0.05885	0.01303	0.00790	0.01000	0.00656	0.00360	0.00389	0.00117	0.00456	0.00355	0.00207	0.00621
1	0.01021	0.00893	0.01518	0.08971	0.65275	0.00897	0.04530	0.01263	0.01873	0.08742	0.00820	0.01019	0.00650	0.00366	0.00392	0.00119	0.00465	0.00359	0.00221	0.00606
2	0.00570	0.00380	0.00428	0.00428	0.00428	0.00380	0.00238	0.00570	0.00570	0.00760	0.01235	0.02566	0.01425	0.86222	0.01995	0.00380	0.00380	0.00570	0.00238	0.00238
3	0.00988	0.00976	0.01540	0.06716	0.74462	0.06014	0.01170	0.01214	0.00900	0.01246	0.00727	0.00958	0.00609	0.00355	0.00386	0.00116	0.00483	0.00343	0.00193	0.00601
4	0.00740	0.00697	0.01176	0.85280	0.02700	0.00871	0.01089	0.01002	0.00784	0.01002	0.00697	0.01045	0.00523	0.00392	0.00392	0.00131	0.00523	0.00348	0.00174	0.00436
5	0.00825	0.00805	0.01119	0.00967	0.00969	0.01111	0.00794	0.00905	0.00599	0.00927	0.00591	0.01022	0.00605	0.08007	0.03761	0.00203	0.75839	0.00365	0.00178	0.00410
6	0.00867	0.00886	0.01357	0.01117	0.01172	0.01171	0.12302	0.00987	0.00646	0.00987	0.00554	0.00886	0.00526	0.00636	0.01171	0.00166	0.73590	0.00360	0.00175	0.00443
7	0.01477	0.01093	0.01177	0.00905	0.01212	0.01215	0.00747	0.80810	0.01818	0.02440	0.00933	0.00940	0.00664	0.00475	0.00410	0.00119	0.02163	0.00353	0.00388	0.00662
8	0.01048	0.86458	0.02054	0.00671	0.01006	0.01551	0.00671	0.01174	0.00797	0.00922	0.00545	0.00629	0.00503	0.00335	0.00252	0.00084	0.00419	0.00210	0.00168	0.00503
9	0.00740	0.00697	0.01176	0.85280	0.02700	0.00871	0.01089	0.01002	0.00784	0.01002	0.00697	0.01045	0.00523	0.00392	0.00392	0.00131	0.00523	0.00348	0.00174	0.00436
10	0.00555	0.00415	0.00600	0.00600	0.00668	0.00472	0.00458	0.00681	0.00641	0.00907	0.01242	0.01757	0.06036	0.09458	0.72966	0.00580	0.00945	0.00457	0.00222	0.00340
11	0.00920	0.06518	0.01232	0.01154	0.14163	0.02848	0.00837	0.01039	0.00728	0.05799	0.00892	0.01164	0.06537	0.00621	0.00930	0.00150	0.51812	0.01974	0.00211	0.00470
12	0.06101	0.00701	0.01139	0.80131	0.02582	0.00872	0.01048	0.01011	0.00777	0.01048	0.00688	0.01020	0.00517	0.00390	0.00383	0.00130	0.00509	0.00340	0.00178	0.00435
13	0.00555	0.00401	0.00524	0.00493	0.00586	0.00370	0.00370	0.00740	0.01110	0.01572	0.83570	0.02928	0.03699	0.00801	0.00462	0.00123	0.00185	0.00709	0.00432	0.00370
14	0.26347	0.00827	0.00902	0.00734	0.02467	0.00859	0.00591	0.25237	0.02206	0.31964	0.01047	0.01002	0.00712	0.00439	0.00348	0.00118	0.00354	0.00326	0.00376	0.03143
15	0.00788	0.01947	0.79126	0.01085	0.01650	0.00887	0.01389	0.01226	0.00827	0.01244	0.00703	0.00827	0.00502	0.00367	0.00367	0.00120	0.00562	0.00286	0.00170	0.05928
16	0.01490	0.01522	0.01123	0.00953	0.01201	0.49695	0.00743	0.30891	0.01377	0.06182	0.00780	0.00827	0.00590	0.00433	0.00370	0.00108	0.00586	0.00297	0.00287	0.00543
17	0.00690	0.00368	0.00547	0.00538	0.00538	0.00386	0.00368	0.00534	0.00515	0.00695	0.00672	0.01174	0.00672	0.01326	0.01519	0.83905	0.04857	0.00341	0.00170	0.00184
18	0.00740	0.00697	0.01176	0.85280	0.02700	0.00871	0.01089	0.01002	0.00784	0.01002	0.00697	0.01045	0.00523	0.00392	0.00392	0.00131	0.00523	0.00348	0.00174	0.00436
19	0.00953	0.00911	0.01552	0.02341	0.80877	0.00910	0.01174	0.01180	0.00888	0.01271	0.00787	0.03933	0.00690	0.00380	0.00392	0.00118	0.00457	0.00376	0.00200	0.00610
20	0.00906	0.00996	0.02059	0.01471	0.01859	0.00912	0.68495	0.01210	0.00906	0.01259	0.00777	0.01016	0.00592	0.00324	0.00433	0.00120	0.00598	0.00424	0.00204	0.15436
21	0.00955	0.00927	0.01613	0.06755	0.74512	0.00932	0.06127	0.01196	0.00889	0.01264	0.00739	0.00980	0.00614	0.00350	0.00393	0.00118	0.00481	0.00356	0.00193	0.00606
22	0.84746	0.00741	0.00574	0.00514	0.00750	0.00855	0.00422	0.01133	0.00688	0.01750	0.04532	0.00747	0.00582	0.00385	0.00253	0.00121	0.00298	0.00236	0.00252	0.00422
23	0.00464	0.00394	0.00400	0.00404	0.00531	0.00330	0.00301	0.00562	0.00887	0.01056	0.03885	0.07719	0.79728	0.01004	0.00465	0.00134	0.00200	0.00841	0.00364	0.00330
24	0.01045	0.82348	0.01998	0.00677	0.01007	0.01524	0.00668	0.01218	0.04747	0.00957	0.00595	0.00669	0.00536	0.00345	0.00259	0.00086	0.00414	0.00221	0.00179	0.00509
25	0.06757	0.01041	0.01105	0.00861	0.01157	0.01152	0.00707	0.73596	0.01719	0.02357	0.00976	0.05005	0.00744	0.00501	0.00388	0.00120	0.00414	0.00381	0.00382	0.00635
26	0.00756	0.00404	0.00472	0.00447	0.00555	0.00384	0.00338	0.00931	0.00941	0.09117	0.28448	0.05990	0.01965	0.00610	0.00358	0.00108	0.00200	0.00517	0.47066	0.00393
27	0.00556	0.00401	0.00527	0.00510	0.00599	0.00372	0.00386	0.00735	0.01080	0.01520	0.74711	0.07006	0.03558	0.00839	0.00469	0.00129	0.00198	0.05614	0.00424	0.00367
28	0.00743	0.00761	0.05161	0.81239	0.02652	0.00873	0.01106	0.01013	0.00786	0.01013	0.00697	0.01035	0.00521	0.00391	0.00391	0.00130	0.00525	0.00346	0.00174	0.00442
29	0.00755	0.00773	0.05183	0.76844	0.06951	0.00876	0.01112	0.01024	0.00792	0.01028	0.00699	0.01031	0.00527	0.00389	0.00391	0.00130	0.00522	0.00346	0.00175	0.00452
30	0.00767	0.04827	0.01240	0.76823	0.06918	0.00907	0.01075	0.01021	0.00790	0.01013	0.00692	0.01021	0.00527	0.00387	0.00385	0.00128	0.00515	0.00342	0.00175	0.00449
31	0.00614	0.00415	0.00464	0.00450	0.00465	0.00420	0.00262	0.04502	0.00631	0.00842	0.01221	0.02488	0.01389	0.82105	0.01918	0.00367	0.00383	0.00560	0.00245	0.00258
32	0.00749	0.00768	0.05173	0.78840	0.04999	0.00875	0.01109	0.01019	0.00789	0.01021	0.00698	0.01033	0.00524	0.00390	0.00391	0.00130	0.00524	0.00346	0.00174	0.00448
33	0.88991	0.00758	0.00576	0.00516	0.00758	0.00879	0.00425	0.01152	0.00667	0.01759	0.00546	0.00637	0.00425	0.00364	0.00243	0.00121	0.00303	0.00212	0.00243	0.00425
34	0.01128	0.01230	0.01971	0.00939	0.01163	0.31934	0.07173	0.01743	0.40925	0.01314	0.01127	0.01148	0.00874	0.00594	0.04856	0.00147	0.00527	0.00371	0.00297	0.00537
35	0.00503	0.00431	0.00444	0.00418	0.00575	0.00353	0.00317	0.00611	0.00884	0.01084	0.03599	0.03436	0.74170	0.00913	0.00444	0.00124	0.00209	0.00760	0.00349	0.10376
36	0.01209	0.03284	0.02838	0.13527	0.06375	0.00937	0.00760	0.35808	0.01286	0.10710	0.00891	0.00964	0.00649	0.00410	0.00367	0.00107	0.00410	0.00326	0.00314	0.18830
37	0.00839	0.01401	0.40805	0.01208	0.01636	0.00847	0.27309	0.01197	0.00882	0.04121	0.00994	0.01528	0.00843	0.00483	0.00431	0.00136	0.00560	0.14031	0.00220	0.00529
38	0.00813	0.00697	0.00813	0.00581	0.00929	0.00523	0.00465	0.00987	0.00813	0.01277	0.00697	0.00813	0.00581	0.00290	0.00290	0.00058	0.00290	0.00232	0.00232	0.88619
39	0.01080	0.01111	0.01279	0.01628	0.41393	0.19296	0.00934	0.01541	0.25055	0.01316	0.00960	0.01057	0.00765	0.00415	0.00384	0.00118	0.00473	0.00356	0.00256	0.00584
40	0.00463	0.00397	0.00397	0.00397	0.00530	0.00331	0.00298	0.00563	0.00894	0.01059	0.03971	0.03773	0.83618	0.00993	0.00463	0.00132	0.00199	0.00827	0.00364	0.00331
41	0.88991	0.00758	0.00576	0.00516	0.00758	0.00879	0.00425	0.01152	0.00667	0.01759	0.00546	0.00637	0.00425	0.00364	0.00243	0.00121	0.00303	0.00212	0.00243	0.00425
42	0.00560	0.00419	0.00626	0.00626	0.00694	0.00488	0.00485	0.00697	0.00629	0.00907	0.01054	0.01561	0.00989	0.04656	0.82965	0.00625	0.01036	0.00423	0.00211	0.00348
43	0.85963	0.00756	0.00597	0.03424	0.00825	0.00879	0.00447	0.01147	0.00671	0.01733	0.00551	0.00651	0.00428	0.00365	0.00248	0.00122	0.00311	0.00217	0.00240	0.00425
44	0.01473	0.01089	0.01167	0.00898	0.01209	0.01208	0.00741	0.79711	0.04630	0.02442	0.00964	0.00959	0.00685	0.00473	0.00392	0.00118	0.00427	0.00356	0.00392	0.00665
45	0.01458	0.04781	0.01139	0.00989	0.01199	0.78590	0.00749	0.02450	0.01108	0.03189	0.00633	0.00724	0.00519	0.00404	0.00351	0.00101	0.00684	0.00256	0.00210	0.00464
46	0.01030	0.01054	0.01538	0.04064	0.68748	0.12074	0.03342	0.01248	0.00920	0.01231	0.00721	0.00939	0.00603	0.00357	0.00386	0.00115	0.00504	0.00339	0.00195	0.00592
47	0.00941	0.00873	0.01482	0.20608	0.63719	0.00909	0.01161	0.01178	0.00875	0.03425	0.00750	0.00996	0.00609	0.00362	0.00389	0.00120	0.00475	0.00350	0.00197	0.00581
48	0.00975	0.00842	0.00886	0.00798	0.01019	0.00975	0.00621	0.02083	0.83069	0.01640	0.01596	0.01463	0.01197	0.00532	0.00399	0.00133	0.00310	0.00443	0.00399	0.00621
49	0.00908	0.00868	0.01478	0.24987	0.61685	0.00915	0.01172	0.01148	0.00863	0.01205	0.00726	0.00991	0.00594	0.00361	0.00389	0.00120	0.00481	0.00349	0.00189	0.00570
50	0.01664	0.00532	0.00692	0.00641	0.00656	0.00646	0.00466	0.00709	0.00591	0.00852	0.00983	0.01861	0.01068	0.45396	0.16376	0.00360	0.25504	0.00473	0.00213	0.00316
51	0.00542	0.00387	0.00528	0.00619	0.00670	0.00374	0.00475	0.00656	0.00814	0.01072	0.02125	0.52145	0.02453	0.01168	0.00517	0.00168	0.00283	0.34305	0.00363	0.00336
52	0.05138	0.00887	0.00900	0.06458	0.01110	0.12014	0.00668	0.19553	0.12944	0.08981	0.01410	0.04865	0.03873	0.00644	0.00421	0.00135	0.00412	0.18729	0.00346	0.00513
53	0.00818	0.00705	0.00840	0.00644	0.03822	0.00537	0.00490	0.00995	0.00816	0.01278	0.00698	0.00818	0.00582	0.00292	0.00294	0.00060	0.00296	0.00236	0.00231	0.85547
54	0.01461	0.07980	0.01241	0.00878	0.01193	0.01227	0.00735	0.73861	0.01740	0.04416	0.00925	0.00926	0.00661	0.00460	0.00381	0.00115	0.00428	0.00342	0.00376	0.00654
55	0.88991	0.00758	0.00576	0.00516	0.00758	0.00879	0.00425	0.01152	0.00667	0.01759	0.00546	0.00637	0.00425	0.00364	0.00243	0.00121	0.00303	0.00212	0.00243	0.00425
56	0.00828	0.00810	0.01166	0.10028	0.04062	0.01102	0.00862	0.00938	0.00631	0.00956	0.00585	0.00953	0.00562	0.02549	0.05522	0.00194	0.67295	0.00353	0.00176	0.00428
57	0.00956	0.00915	0.01562	0.04329	0.80143	0.00921	0.01186	0.01188	0.00885	0.01267	0.00743	0.00984	0.00626	0.00404	0.02130	0.00127	0.00479	0.00351	0.00194	0.00611
58	0.01043	0.00635	0.00761	0.00657	0.00856	0.00644	0.00516	0.03024	0.28502	0.24396	0.30145	0.01981	0.03897	0.00622	0.00421	0.00126	0.00273	0.00529	0.00433	0.00540
59	0.00558	0.00385	0.00473	0.00477	0.00502	0.00389	0.00304	0.00610	0.00670	0.00916	0.12555	0.10260	0.01780	0.54408	0.13746	0.00361	0.00437	0.00618	0.00272	0.00280
60	0.00526	0.00402	0.00518	0.04883	0.00694	0.02100	0.00410	0.00627	0.00828	0.01108	0.17474	0.64128	0.02653	0.01088	0.00485	0.00150	0.00244	0.00981	0.00364	0.00337
61	0.00544	0.00400	0.00510	0.00482	0.00579	0.00365	0.00362	0.00720	0.01085	0.01513	0.74477	0.03025	0.12829	0.00823	0.00462	0.00124	0.00187	0.00723	0.00424	0.00365
62	0.01422	0.00991	0.01133	0.03378	0.13728	0.12920	0.02433	0.22049	0.01226	0.30017	0.01064	0.01101	0.00757	0.02772	0.00448	0.00125	0.02134	0.00360	0.01343	0.00600
63	0.01464	0.01868	0.01111	0.01010	0.01212	0.84648	0.00757	0.01565	0.01111	0.00959	0.00606	0.00707	0.00505	0.00404	0.00353	0.00101	0.00707	0.00252	0.00202	0.00454
64	0.03461	0.00478	0.02263	0.00532	0.00651	0.00436	0.00408	0.00845	0.07294	0.04587	0.40507	0.18519	0.16819	0.00859	0.00453	0.00132	0.00223	0.00749	0.00395	0.00390
65	0.01067	0.00969	0.03723	0.02104	0.66664	0.02772	0.03296	0.04852	0.00959	0.08596	0.00815	0.00994	0.00647	0.00368	0.00390	0.00117	0.00466	0.00353	0.00228	0.00620
66	0.02554	0.74276	0.11313	0.00722	0.01083	0.01463	0.00756	0.02263	0.00812	0.00994	0.00568	0.00656	0.00503	0.00342	0.00267	0.00090	0.00436	0.00221	0.00172	0.00513
67	0.00482	0.00344	0.00459	0.00543	0.00570	0.00321	0.00364	0.00556	0.00770	0.01031	0.06537	0.81502	0.02652	0.01205	0.00498	0.00157	0.00225	0.01093	0.00368	0.00321
68	0.00909	0.33935	0.49290	0.00937	0.01410	0.01163	0.01120	0.03546	0.02275	0.01163	0.00666	0.00767	0.00516	0.00364	0.00328	0.00109	0.00510	0.00264	0.00177	0.00554
69	0.00616	0.00442	0.00563	0.00571	0.00666	0.00423	0.00426	0.00833	0.07722	0.03506	0.31604	0.32731	0.02690	0.00929	0.00468	0.00140	0.00239	0.09698	0.01305	0.04429
70	0.00478	0.00341	0.00455	0.00546	0.00569	0.00318	0.00364	0.00546	0.00751	0.01001	0.02161	0.85966	0.02593	0.01228	0.00500	0.00159	0.00227	0.01114	0.00364	0.00318
71	0.00658	0.00516	0.00617	0.00643	0.00744	0.00544	0.00482	0.01070	0.26128	0.01258	0.06891	0.41297	0.03757	0.00962	0.00472	0.00152	0.00270	0.12739	0.00378	0.00421
72	0.00573	0.00410	0.00564	0.00651	0.00717	0.00401	0.00526	0.00713	0.00854	0.01123	0.04696	0.33915	0.02424	0.01127	0.00524	0.00171	0.00307	0.49592	0.00364	0.00346
73	0.00871	0.00879	0.01223	0.01040	0.01058	0.02928	0.03438	0.00966	0.00624	0.00961	0.00536	0.00869	0.00523	0.00666	0.01227	0.00168	0.79899	0.00345	0.01347	0.00432
74	0.01056	0.00945	0.00968	0.00846	0.01079	0.06941	0.02858	0.09467	0.67500	0.01658	0.01443	0.01350	0.01082	0.00512	0.00397	0.00129	0.00359	0.00422	0.00379	0.00611
75	0.00943	0.00939	0.03271	0.09849	0.70724	0.00929	0.05207	0.01188	0.00883	0.01253	0.00736	0.00978	0.00608	0.00353	0.00392	0.00119	0.00483	0.00354	0.00192	0.00599
76	0.01099	0.00908	0.01018	0.00880	0.02806	0.01022	0.03512	0.23327	0.54769	0.01838	0.03561	0.01339	0.01090	0.00512	0.00401	0.00128	0.00355	0.00425	0.00387	0.00623
77	0.00565	0.00424	0.00624	0.00621	0.00685	0.00493	0.00477	0.00694	0.00625	0.00900	0.01055	0.01604	0.01005	0.08947	0.77404	0.00605	0.02285	0.00430	0.00211	0.00343
78	0.01759	0.00667	0.00910	0.00698	0.01001	0.00576	0.00576	0.01911	0.01122	0.84048	0.01547	0.01334	0.00970	0.00485	0.00394	0.00121	0.00334	0.00394	0.00485	0.00667
79	0.03377	0.00669	0.00904	0.00694	0.00996	0.00582	0.00573	0.01897	0.01114	0.82522	0.01528	0.01321	0.00960	0.00483	0.00391	0.00121	0.00333	0.00391	0.00481	0.00663
80	0.00786	0.02028	0.84191	0.01117	0.01697	0.00910	0.01448	0.01242	0.00828	0.01242	0.00704	0.00828	0.00497	0.00372	0.00372	0.00124	0.00579	0.00290	0.00166	0.00579
81	0.00463	0.00397	0.00397	0.00397	0.00530	0.00331	0.00298	0.00563	0.00894	0.01059	0.03971	0.03773	0.83618	0.00993	0.00463	0.00132	0.00199	0.00827	0.00364	0.00331
82	0.04517	0.00727	0.00929	0.00732	0.01982	0.02371	0.00594	0.07279	0.01153	0.73251	0.01445	0.01268	0.00919	0.00477	0.00388	0.00121	0.00348	0.00382	0.00462	0.00654
83	0.00969	0.00900	0.01197	0.01007	0.01062	0.01203	0.00838	0.15296	0.00819	0.01212	0.00590	0.00872	0.00541	0.00648	0.01129	0.00162	0.70528	0.00345	0.00210	0.00471
84	0.03292	0.01583	0.01068	0.00940	0.01166	0.61858	0.00719	0.07650	0.04341	0.12580	0.00798	0.00839	0.00606	0.00424	0.00361	0.00107	0.00611	0.00286	0.00264	0.00505
85	0.00550	0.00401	0.00517	0.00488	0.00582	0.00368	0.00366	0.00729	0.01097	0.01542	0.78933	0.02978	0.08355	0.00813	0.00462	0.00124	0.00186	0.00716	0.00428	0.00368
86	0.01490	0.01098	0.01177	0.00902	0.01216	0.01216	0.00745	0.82470	0.01843	0.02471	0.00941	0.00941	0.00667	0.00471	0.00392	0.00118	0.00431	0.00353	0.00392	0.00667
87	0.01519	0.00959	0.01081	0.00834	0.01136	0.01019	0.00687	0.57368	0.03332	0.23511	0.03737	0.01117	0.00853	0.00486	0.00395	0.00119	0.00396	0.00377	0.00418	0.00656
88	0.00919	0.00879	0.01499	0.20858	0.65725	0.00918	0.01178	0.01158	0.00868	0.01219	0.00728	0.00987	0.00599	0.00359	0.00389	0.00120	0.00478	0.00349	0.00190	0.00580
89	0.01367	0.01684	0.01205	0.01284	0.17443	0.68191	0.00845	0.01494	0.01068	0.01023	0.00632	0.00759	0.00528	0.00393	0.00360	0.00104	0.00660	0.00272	0.00200	0.00487
90	0.00740	0.00697	0.01176	0.85280	0.02700	0.00871	0.01089	0.01002	0.00784	0.01002	0.00697	0.01045	0.00523	0.00392	0.00392	0.00131	0.00523	0.00348	0.00174	0.00436
91	0.00608	0.00412	0.00527	0.00496	0.00602	0.00374	0.00373	0.00775	0.01066	0.06132	0.65175	0.07402	0.12916	0.00829	0.00461	0.00126	0.00197	0.00727	0.00423	0.00379
92	0.07906	0.16705	0.28910	0.00838	0.01203	0.00975	0.00883	0.05655	0.10112	0.12526	0.06057	0.01054	0.00845	0.00440	0.00384	0.00118	0.03395	0.00331	0.00271	0.01392
93	0.00465	0.00392	0.00402	0.00411	0.00533	0.00330	0.00304	0.00561	0.00881	0.01054	0.03806	0.11269	0.76228	0.01014	0.00467	0.00135	0.00201	0.00854	0.00364	0.00330
94	0.00504	0.00363	0.00477	0.00524	0.00573	0.00336	0.00364	0.00613	0.00878	0.01198	0.30117	0.55272	0.05169	0.01076	0.00486	0.00146	0.00212	0.00968	0.00387	0.00336
95	0.01485	0.00946	0.12930	0.00941	0.08577	0.00750	0.00780	0.11664	0.04385	0.51454	0.01281	0.01186	0.00843	0.00457	0.00391	0.00121	0.00392	0.00372	0.00398	0.00649
96	0.00837	0.00854	0.05156	0.47375	0.35959	0.00898	0.01152	0.01095	0.00831	0.01127	0.00714	0.01004	0.00562	0.00374	0.00389	0.00125	0.00502	0.00346	0.00182	0.00518
97	0.01759	0.00667	0.00910	0.00698	0.01001	0.00576	0.00576	0.01911	0.01122	0.84048	0.01547	0.01334	0.00970	0.00485	0.00394	0.00121	0.00334	0.00394	0.00485	0.00667
98	0.00958	0.00926	0.01544	0.10050	0.74805	0.02416	0.01185	0.01191	0.00886	0.01249	0.00731	0.00973	0.00610	0.00354	0.00388	0.00117	0.00475	0.00347	0.00192	0.00601
99	0.01512	0.00847	0.03992	0.01070	0.16456	0.00780	0.00755	0.16500	0.03011	0.49021	0.01257	0.01180	0.00838	0.00454	0.00392	0.00120	0.00384	0.00376	0.00401	0.00654
100	0.00532	0.00426	0.00488	0.00557	0.00606	0.04199	0.00388	0.00611	0.00792	0.01014	0.02301	0.65598	0.12706	0.02283	0.00511	0.00157	0.00256	0.05893	0.00355	0.00328
101	0.87161	0.00781	0.00587	0.00526	0.00768	0.02631	0.00432	0.01161	0.00676	0.01742	0.00547	0.00638	0.00426	0.00365	0.00245	0.00121	0.00312	0.00213	0.00242	0.00425
102	0.00518	0.00392	0.00477	0.00471	0.00567	0.00352	0.00348	0.00663	0.01001	0.01348	0.49627	0.13433	0.27551	0.00912	0.00467	0.00130	0.00194	0.00795	0.00403	0.00352
103	0.00963	0.00932	0.01605	0.03845	0.74639	0.00935	0.06112	0.01231	0.03543	0.01286	0.00768	0.00993	0.00636	0.00355	0.00393	0.00118	0.00474	0.00359	0.00201	0.00612
104	0.00545	0.00400	0.00510	0.00482	0.00579	0.00366	0.00362	0.00720	0.01086	0.01515	0.74655	0.03023	0.12650	0.00823	0.00462	0.00124	0.00186	0.00722	0.00424	0.00366
105	0.00975	0.00842	0.00886	0.00798	0.01019	0.00975	0.00621	0.02083	0.83069	0.01640	0.01596	0.01463	0.01197	0.00532	0.00399	0.00133	0.00310	0.00443	0.00399	0.00621
106	0.01464	0.01868	0.01111	0.01010	0.01212	0.84648	0.00757	0.01565	0.01111	0.00959	0.00606	0.00707	0.00505	0.00404	0.00353	0.00101	0.00707	0.00252	0.00202	0.00454
107	0.00984	0.00717	0.00848	0.00616	0.00956	0.00572	0.00497	0.06064	0.00918	0.12703	0.00828	0.00892	0.00639	0.00328	0.00311	0.00070	0.00305	0.00262	0.00277	0.71212
108	0.03446	0.01010	0.01493	0.02032	0.61945	0.07921	0.03923	0.06181	0.00960	0.03533	0.00750	0.00947	0.00614	0.00375	0.00413	0.00118	0.03185	0.00343	0.00215	0.00596
109	0.74138	0.00743	0.00633	0.00547	0.00799	0.00828	0.00450	0.01282	0.00745	0.15771	0.00716	0.00756	0.00518	0.00385	0.00268	0.00121	0.00308	0.00243	0.00284	0.00466
110	0.00759	0.00716	0.01210	0.78439	0.09393	0.00876	0.01098	0.01018	0.00793	0.01025	0.00700	0.01039	0.00531	0.00388	0.00392	0.00129	0.00518	0.00348	0.00176	0.00451
111	0.00532	0.00362	0.00482	0.00541	0.00585	0.00336	0.00372	0.00624	0.00826	0.03742	0.16645	0.68483	0.02738	0.01129	0.00490	0.00152	0.00223	0.01019	0.00380	0.00339
112	0.09639	0.00885	0.00968	0.05898	0.01148	0.07536	0.00649	0.19644	0.08393	0.39397	0.01197	0.01126	0.00808	0.00463	0.00377	0.00120	0.00392	0.00358	0.00393	0.00609
113	0.00606	0.00390	0.00530	0.00616	0.03250	0.00361	0.00408	0.00687	0.00790	0.08307	0.02094	0.74366	0.03830	0.01131	0.00487	0.00154	0.00244	0.01022	0.00369	0.00359
114	0.00863	0.01802	0.65728	0.01153	0.01680	0.00938	0.10984	0.06351	0.03520	0.02226	0.00766	0.00888	0.00546	0.00380	0.00385	0.00125	0.00569	0.00320	0.00194	0.00581
115	0.01759	0.00667	0.00910	0.00698	0.01001	0.00576	0.00576	0.01911	0.01122	0.84048	0.01547	0.01334	0.00970	0.00485	0.00394	0.00121	0.00334	0.00394	0.00485	0.00667

[dist]
# distance from previous block
# <min> <max>
0	0

# created by:
# /st0/software/busco_prod/Augustus/scripts/msa2prfl.pl ./align_prep/37126.fa
