[name]
unknown

[dist]
# distance from previous block
# <min> <max>
0	22

[block]
# block no. 0 follows, 67 sequences, length 6
# corresponding to MSA columns:
# 23-28
name=unknown_A
#
# <colnr> <probs for GDERKNQSTAVLIFYWHMCP>
#	G	D	E	R	K	N	Q	S	T	A	V	L	I	F	Y	W	H	M	C	P
0	0.00566	0.00405	0.00555	0.00647	0.00705	0.00393	0.00508	0.00693	0.00845	0.01111	0.02167	0.45594	0.02482	0.01183	0.00533	0.00174	0.00300	0.40422	0.00371	0.00347
1	0.01145	0.06905	0.01259	0.29653	0.07110	0.27295	0.00910	0.12183	0.04398	0.01251	0.00740	0.00923	0.00582	0.00426	0.00412	0.00120	0.03634	0.00320	0.00227	0.00508
2	0.00513	0.00397	0.00451	0.00456	0.00549	0.00353	0.00325	0.00620	0.00910	0.01172	0.23710	0.14846	0.41761	0.11337	0.00670	0.00168	0.00226	0.00824	0.00374	0.00335
3	0.00636	0.00450	0.00530	0.00495	0.00627	0.00408	0.00376	0.00835	0.05122	0.07047	0.41747	0.03155	0.35351	0.00862	0.00465	0.00130	0.00212	0.00738	0.00416	0.00396
4	0.00832	0.00713	0.00832	0.00594	0.00950	0.00535	0.00475	0.01010	0.00832	0.01307	0.00713	0.00832	0.00594	0.00297	0.00297	0.00059	0.00297	0.00238	0.00238	0.88357
5	0.05605	0.07970	0.20038	0.01015	0.05710	0.07633	0.06348	0.17411	0.06972	0.03482	0.00923	0.06023	0.00753	0.00456	0.00377	0.00117	0.00472	0.00371	0.00270	0.08054

[dist]
# distance from previous block
# <min> <max>
0	3

[block]
# block no. 1 follows, 67 sequences, length 11
# corresponding to MSA columns:
# 32-42
name=unknown_B
#
# <colnr> <probs for GDERKNQSTAVLIFYWHMCP>
#	G	D	E	R	K	N	Q	S	T	A	V	L	I	F	Y	W	H	M	C	P
0	0.04971	0.11474	0.03782	0.01011	0.04100	0.32496	0.06133	0.17397	0.08297	0.05385	0.00832	0.00893	0.00640	0.00424	0.00368	0.00113	0.00546	0.00314	0.00272	0.00552
1	0.00857	0.00771	0.01206	0.09211	0.09909	0.02499	0.15619	0.04607	0.04333	0.03083	0.00946	0.01464	0.00869	0.20324	0.10457	0.00254	0.12470	0.00441	0.00231	0.00450
2	0.00917	0.04629	0.07381	0.13477	0.15153	0.02578	0.14970	0.04138	0.03197	0.02648	0.00862	0.06838	0.00747	0.00468	0.00502	0.00126	0.09880	0.00408	0.00226	0.10857
3	0.01413	0.08743	0.01226	0.00883	0.01186	0.05156	0.00731	0.56034	0.13918	0.05108	0.01034	0.01018	0.00752	0.00476	0.00388	0.00119	0.00431	0.00358	0.00376	0.00650
4	0.01229	0.01040	0.03697	0.06329	0.06673	0.05194	0.16682	0.26453	0.11154	0.10614	0.01019	0.01121	0.00753	0.02327	0.00485	0.00134	0.03784	0.00396	0.00318	0.00599
5	0.00541	0.00405	0.00502	0.00486	0.00585	0.00366	0.00361	0.00703	0.01061	0.01451	0.59918	0.08728	0.21631	0.00893	0.00476	0.00131	0.00195	0.00780	0.00421	0.00366
6	0.01437	0.10304	0.01297	0.03059	0.04786	0.16726	0.02667	0.40478	0.02966	0.11038	0.00919	0.00946	0.00671	0.00446	0.00380	0.00115	0.00489	0.00335	0.00332	0.00611
7	0.01270	0.01014	0.01028	0.00855	0.01111	0.08639	0.00682	0.29933	0.32280	0.08667	0.04250	0.01245	0.01005	0.00515	0.00430	0.00125	0.03135	0.00400	0.00384	0.03031
8	0.07948	0.06537	0.00971	0.00774	0.00998	0.05682	0.02518	0.05266	0.39776	0.09057	0.07683	0.05951	0.02435	0.00567	0.00412	0.00129	0.01906	0.00461	0.00367	0.00561
9	0.01149	0.13196	0.07181	0.04360	0.17181	0.01097	0.16773	0.18892	0.04568	0.07893	0.00873	0.00993	0.00660	0.00411	0.00420	0.00122	0.03002	0.00364	0.00268	0.00598
10	0.11142	0.03917	0.02518	0.00637	0.00787	0.08198	0.01857	0.02788	0.03955	0.11430	0.03791	0.01735	0.02484	0.30279	0.12562	0.00285	0.00498	0.00445	0.00281	0.00409

[dist]
# distance from previous block
# <min> <max>
4	15

[block]
# block no. 2 follows, 67 sequences, length 10
# corresponding to MSA columns:
# 58-67
name=unknown_C
#
# <colnr> <probs for GDERKNQSTAVLIFYWHMCP>
#	G	D	E	R	K	N	Q	S	T	A	V	L	I	F	Y	W	H	M	C	P
0	0.01165	0.00585	0.00758	0.00642	0.00841	0.00551	0.00509	0.01395	0.07566	0.39089	0.24179	0.07444	0.08785	0.00690	0.00472	0.00131	0.03643	0.00578	0.00443	0.00534
1	0.04420	0.02963	0.00991	0.03699	0.02627	0.00681	0.05061	0.07961	0.00926	0.04648	0.00783	0.00936	0.00637	0.03155	0.00380	0.00089	0.00351	0.00284	0.00256	0.59153
2	0.26668	0.00863	0.00915	0.00734	0.01022	0.00919	0.00603	0.26662	0.08638	0.27434	0.01099	0.01046	0.00756	0.00460	0.00358	0.00124	0.00361	0.00341	0.00387	0.00607
3	0.00543	0.00390	0.00505	0.00575	0.00618	0.00373	0.00401	0.03445	0.00829	0.01104	0.05210	0.68604	0.04400	0.04195	0.00563	0.00169	0.00254	0.07109	0.00371	0.00341
4	0.00967	0.00881	0.01171	0.03265	0.01235	0.03756	0.13691	0.12620	0.04070	0.01437	0.00899	0.01028	0.03520	0.00403	0.00434	0.00098	0.06925	0.00335	0.00259	0.43005
5	0.01044	0.77175	0.10823	0.00735	0.01105	0.01517	0.00771	0.01208	0.00818	0.00978	0.00575	0.00665	0.00514	0.00347	0.00271	0.00090	0.00446	0.00223	0.00171	0.00523
6	0.00970	0.00856	0.00912	0.03679	0.08187	0.08464	0.00659	0.04761	0.39850	0.04226	0.07261	0.04774	0.09614	0.00619	0.00422	0.00132	0.00360	0.03344	0.00363	0.00549
7	0.00507	0.00363	0.00464	0.00537	0.00568	0.00341	0.00360	0.00574	0.00759	0.01001	0.02215	0.64560	0.08587	0.13118	0.00725	0.00193	0.00258	0.04198	0.00354	0.00317
8	0.00807	0.00768	0.01272	0.63123	0.15160	0.00937	0.01107	0.01050	0.00799	0.01063	0.00699	0.01037	0.00549	0.00426	0.00498	0.00136	0.09558	0.00356	0.00181	0.00474
9	0.02744	0.08574	0.10013	0.00939	0.01226	0.06067	0.10691	0.14853	0.14447	0.07357	0.01184	0.04586	0.00999	0.00590	0.01825	0.00140	0.01876	0.09344	0.01992	0.00551

[dist]
# distance from previous block
# <min> <max>
1	4

[block]
# block no. 3 follows, 67 sequences, length 7
# corresponding to MSA columns:
# 72-78
name=unknown_D
#
# <colnr> <probs for GDERKNQSTAVLIFYWHMCP>
#	G	D	E	R	K	N	Q	S	T	A	V	L	I	F	Y	W	H	M	C	P
0	0.01187	0.00713	0.00918	0.00699	0.00999	0.00624	0.04084	0.07209	0.03317	0.28543	0.01110	0.01162	0.00814	0.02616	0.04542	0.00129	0.00374	0.00343	0.04946	0.35670
1	0.00772	0.00529	0.00709	0.09021	0.03377	0.00531	0.00534	0.04975	0.05336	0.09581	0.31404	0.23087	0.04703	0.00823	0.00462	0.00138	0.00283	0.02910	0.00389	0.00437
2	0.01096	0.01014	0.01064	0.00808	0.01137	0.13656	0.06056	0.19097	0.01120	0.01526	0.00761	0.00861	0.00603	0.00359	0.00342	0.00085	0.00420	0.00284	0.00267	0.49445
3	0.00533	0.00414	0.00556	0.00582	0.00666	0.00380	0.03514	0.00650	0.00873	0.01136	0.11185	0.41081	0.23452	0.01092	0.00502	0.00154	0.00257	0.12249	0.00373	0.00349
4	0.01452	0.01018	0.04723	0.00887	0.01188	0.07705	0.04969	0.31055	0.06120	0.28692	0.01166	0.01151	0.00813	0.00652	0.06369	0.00159	0.00488	0.00380	0.00383	0.00627
5	0.01245	0.05157	0.01073	0.00845	0.01108	0.01047	0.00700	0.41116	0.22666	0.05886	0.01323	0.01645	0.01076	0.00587	0.00419	0.00133	0.00393	0.12577	0.00391	0.00614
6	0.00922	0.01071	0.08624	0.05568	0.25249	0.03501	0.37961	0.01213	0.00921	0.01256	0.00908	0.03862	0.00779	0.00432	0.00444	0.00133	0.00573	0.05821	0.00214	0.00547

[dist]
# distance from previous block
# <min> <max>
0	3

[block]
# block no. 4 follows, 67 sequences, length 46
# corresponding to MSA columns:
# 82-127
name=unknown_E
#
# <colnr> <probs for GDERKNQSTAVLIFYWHMCP>
#	G	D	E	R	K	N	Q	S	T	A	V	L	I	F	Y	W	H	M	C	P
0	0.00617	0.00556	0.00542	0.00571	0.00665	0.09212	0.00415	0.00741	0.02810	0.01105	0.08181	0.37106	0.29225	0.01032	0.00481	0.00146	0.00282	0.05596	0.00360	0.00358
1	0.03059	0.01675	0.01114	0.01027	0.03741	0.65517	0.00760	0.04662	0.07381	0.06256	0.00773	0.00838	0.00609	0.00429	0.00368	0.00109	0.00643	0.00288	0.00248	0.00504
2	0.30988	0.28071	0.01255	0.00752	0.01016	0.29913	0.00631	0.01332	0.00881	0.01247	0.00579	0.00674	0.00488	0.00377	0.00290	0.00105	0.00490	0.00231	0.00210	0.00470
3	0.00825	0.00783	0.01327	0.55786	0.26443	0.00903	0.02279	0.01076	0.00833	0.01111	0.00761	0.03164	0.00618	0.00414	0.00420	0.00131	0.02059	0.00378	0.00189	0.00500
4	0.00877	0.00877	0.01228	0.01053	0.01053	0.01228	0.00877	0.00965	0.00614	0.00965	0.00526	0.00877	0.00526	0.00702	0.01316	0.00175	0.85172	0.00351	0.00175	0.00439
5	0.00832	0.00713	0.00832	0.00594	0.00950	0.00535	0.00475	0.01010	0.00832	0.01307	0.00713	0.00832	0.00594	0.00297	0.00297	0.00059	0.00297	0.00238	0.00238	0.88357
6	0.00488	0.00353	0.00461	0.00548	0.00579	0.00327	0.00368	0.00560	0.00778	0.01028	0.02335	0.80133	0.08083	0.01240	0.00509	0.00161	0.00231	0.01120	0.00372	0.00327
7	0.00831	0.01821	0.64304	0.01249	0.01789	0.00937	0.18627	0.01262	0.00870	0.01271	0.00775	0.00992	0.00576	0.00391	0.00405	0.00130	0.00605	0.02407	0.00182	0.00576
8	0.04711	0.09111	0.03771	0.00910	0.03843	0.06102	0.02120	0.35961	0.04020	0.20582	0.01020	0.01011	0.00722	0.00459	0.00403	0.00119	0.02618	0.00346	0.00359	0.01812
9	0.00808	0.00761	0.01271	0.69971	0.09557	0.00912	0.04111	0.02609	0.03977	0.01112	0.00760	0.01078	0.00575	0.00402	0.00404	0.00132	0.00525	0.00365	0.00194	0.00477
10	0.00497	0.00382	0.00455	0.00491	0.00569	0.00340	0.00347	0.00600	0.00888	0.01149	0.17117	0.39822	0.33725	0.01088	0.00491	0.00146	0.00214	0.00955	0.00384	0.00340
11	0.02877	0.01112	0.13336	0.11542	0.10821	0.07036	0.19956	0.03519	0.09570	0.08864	0.01016	0.06766	0.00817	0.00462	0.00417	0.00130	0.00515	0.00433	0.00261	0.00552
12	0.02866	0.04492	0.01315	0.01126	0.03844	0.62865	0.10440	0.03407	0.01984	0.01083	0.00667	0.00796	0.00547	0.00435	0.01306	0.00115	0.01723	0.00292	0.00212	0.00486
13	0.00697	0.00348	0.00522	0.00522	0.00522	0.00348	0.00348	0.00522	0.00522	0.00697	0.00697	0.01219	0.00697	0.01393	0.01567	0.88332	0.00348	0.00348	0.00174	0.00174
14	0.00919	0.31616	0.52704	0.00979	0.01473	0.03583	0.01182	0.01255	0.00844	0.01147	0.00660	0.00772	0.00511	0.00369	0.00337	0.00112	0.00539	0.00266	0.00171	0.00562
15	0.01071	0.03449	0.25503	0.01288	0.11148	0.04419	0.17613	0.07923	0.08456	0.10220	0.02236	0.01061	0.00728	0.00420	0.00430	0.00127	0.02680	0.00375	0.00261	0.00593
16	0.01012	0.00923	0.01033	0.02454	0.09933	0.06036	0.03069	0.01901	0.61170	0.01556	0.01409	0.01366	0.01071	0.00508	0.00416	0.00131	0.01718	0.00426	0.03262	0.00607
17	0.00995	0.01145	0.10329	0.01536	0.01948	0.00975	0.65340	0.01360	0.03789	0.07139	0.00885	0.01093	0.00647	0.00361	0.00457	0.00134	0.00632	0.00450	0.00227	0.00559
18	0.00760	0.00808	0.07411	0.23231	0.02488	0.00815	0.14041	0.00993	0.03601	0.01060	0.00972	0.06777	0.00919	0.14618	0.06063	0.00216	0.12484	0.02092	0.00218	0.00432
19	0.02219	0.12786	0.12226	0.12158	0.09589	0.15283	0.20904	0.01339	0.00939	0.07706	0.00772	0.00937	0.00588	0.00380	0.00388	0.00119	0.00571	0.00343	0.00215	0.00538
20	0.00801	0.00707	0.00934	0.31863	0.01579	0.04619	0.02053	0.03859	0.15797	0.02037	0.01377	0.22592	0.01338	0.00704	0.00454	0.00144	0.01597	0.06793	0.00296	0.00457
21	0.00962	0.06135	0.01787	0.19076	0.27068	0.03708	0.29758	0.01249	0.02699	0.02527	0.00782	0.01027	0.00612	0.00367	0.00416	0.00126	0.00559	0.00389	0.00204	0.00550
22	0.00583	0.00452	0.00683	0.00708	0.00781	0.00442	0.06698	0.00708	0.00821	0.01091	0.02015	0.50068	0.02312	0.03351	0.00580	0.00174	0.02175	0.25653	0.00351	0.00356
23	0.00839	0.01952	0.72063	0.01205	0.01766	0.03032	0.11036	0.01280	0.00866	0.01265	0.00728	0.00872	0.00520	0.00377	0.00392	0.00127	0.00606	0.00316	0.00174	0.00583
24	0.03675	0.00999	0.01756	0.01323	0.01648	0.04591	0.49320	0.04360	0.14787	0.02539	0.01158	0.01468	0.03703	0.00464	0.00453	0.00136	0.00554	0.06258	0.00268	0.00538
25	0.00669	0.00611	0.03280	0.06361	0.00917	0.06940	0.00586	0.00829	0.00706	0.00971	0.01012	0.01451	0.00920	0.02467	0.66828	0.00534	0.00966	0.00406	0.03167	0.00380
26	0.00807	0.00763	0.01293	0.67534	0.19782	0.00904	0.01138	0.01068	0.00825	0.01085	0.00722	0.01053	0.00556	0.00392	0.00400	0.00131	0.00522	0.00357	0.00182	0.00486
27	0.00914	0.00912	0.02750	0.44714	0.04853	0.03093	0.28192	0.04999	0.00924	0.03598	0.00782	0.01063	0.00582	0.00385	0.00424	0.00132	0.00576	0.00394	0.00208	0.00504
28	0.00562	0.00467	0.00502	0.00491	0.00607	0.02961	0.00365	0.00734	0.04107	0.01298	0.33858	0.10021	0.40724	0.00924	0.00471	0.00133	0.00221	0.00791	0.00395	0.00368
29	0.00589	0.00405	0.00474	0.00472	0.00476	0.00419	0.00281	0.00601	0.00594	0.00800	0.01263	0.05400	0.01447	0.76232	0.05886	0.00386	0.03185	0.00588	0.00244	0.00258
30	0.88738	0.00776	0.00589	0.00527	0.00776	0.00900	0.00434	0.01179	0.00683	0.01799	0.00558	0.00651	0.00434	0.00372	0.00248	0.00124	0.00310	0.00217	0.00248	0.00434
31	0.00972	0.00504	0.00648	0.00587	0.00758	0.00443	0.00457	0.01106	0.00994	0.29709	0.13642	0.19441	0.18975	0.00842	0.00457	0.00137	0.00270	0.06468	0.00421	0.03170
32	0.23658	0.00745	0.00888	0.00712	0.00973	0.00764	0.00588	0.05016	0.01004	0.50708	0.01184	0.01116	0.00789	0.00486	0.00462	0.00129	0.09440	0.00349	0.00395	0.00594
33	0.00853	0.12829	0.60269	0.01000	0.01486	0.00936	0.01216	0.01217	0.00848	0.05093	0.00899	0.09943	0.00762	0.00475	0.00380	0.00125	0.00521	0.00381	0.00207	0.00558
34	0.00832	0.00713	0.00832	0.00594	0.00950	0.00535	0.00475	0.01010	0.00832	0.01307	0.00713	0.00832	0.00594	0.00297	0.00297	0.00059	0.00297	0.00238	0.00238	0.88357
35	0.00550	0.00425	0.00514	0.00555	0.00663	0.00389	0.00450	0.00688	0.00923	0.01160	0.08246	0.09108	0.40843	0.01055	0.00508	0.00156	0.00270	0.32766	0.00376	0.00353
36	0.00942	0.00902	0.01537	0.20038	0.66219	0.00940	0.01206	0.01187	0.00889	0.01249	0.00746	0.01009	0.00614	0.00367	0.00398	0.00122	0.00489	0.00357	0.00194	0.00595
37	0.00744	0.00694	0.01146	0.71031	0.07260	0.00837	0.01036	0.00994	0.00827	0.01063	0.03376	0.01339	0.07104	0.00459	0.00409	0.00133	0.00495	0.00406	0.00202	0.00446
38	0.00849	0.01068	0.24226	0.00876	0.02205	0.00777	0.02635	0.03179	0.25484	0.04407	0.13290	0.03805	0.03585	0.00631	0.00434	0.00138	0.00392	0.11149	0.00335	0.00537
39	0.00843	0.00604	0.00785	0.00867	0.00975	0.00578	0.00726	0.00973	0.01044	0.01381	0.02274	0.04680	0.02439	0.01213	0.00631	0.00218	0.00435	0.78433	0.00430	0.00471
40	0.00840	0.13333	0.72883	0.01082	0.01641	0.01019	0.01375	0.01261	0.00842	0.01226	0.00698	0.00819	0.00509	0.00376	0.00364	0.00121	0.00571	0.00285	0.00170	0.00582
41	0.00585	0.00429	0.00608	0.00769	0.09488	0.00405	0.00478	0.00680	0.00803	0.03462	0.02081	0.69385	0.04455	0.01127	0.00497	0.00157	0.00266	0.03597	0.00357	0.00371
42	0.06138	0.01364	0.24344	0.02407	0.16228	0.10268	0.14430	0.06979	0.00991	0.09071	0.00812	0.00947	0.00603	0.00401	0.00424	0.00125	0.03312	0.00345	0.00236	0.00576
43	0.00485	0.00398	0.00429	0.00448	0.00560	0.00341	0.00330	0.00586	0.00894	0.01092	0.06095	0.18823	0.63404	0.01057	0.00484	0.00142	0.00214	0.03505	0.00374	0.00338
44	0.00556	0.00409	0.00519	0.00492	0.00592	0.00373	0.00369	0.00733	0.01107	0.01541	0.73006	0.03107	0.14013	0.00845	0.00473	0.00127	0.00191	0.00741	0.00433	0.00373
45	0.00952	0.20387	0.34063	0.04590	0.07839	0.04219	0.17661	0.03554	0.00904	0.01219	0.00708	0.00868	0.00546	0.00367	0.00374	0.00118	0.00563	0.00322	0.00187	0.00560

[dist]
# distance from previous block
# <min> <max>
2	4

[block]
# block no. 5 follows, 67 sequences, length 6
# corresponding to MSA columns:
# 132-137
name=unknown_F
#
# <colnr> <probs for GDERKNQSTAVLIFYWHMCP>
#	G	D	E	R	K	N	Q	S	T	A	V	L	I	F	Y	W	H	M	C	P
0	0.09399	0.00497	0.00546	0.00522	0.00593	0.00517	0.00346	0.04775	0.04726	0.05099	0.01313	0.11457	0.01404	0.53029	0.03889	0.00307	0.00381	0.00579	0.00285	0.00337
1	0.01127	0.01053	0.01063	0.06145	0.15771	0.21895	0.00769	0.16076	0.01183	0.05610	0.11903	0.01665	0.07250	0.00566	0.00416	0.00123	0.00464	0.06096	0.00308	0.00518
2	0.00838	0.00700	0.00795	0.00594	0.00909	0.00571	0.00474	0.08935	0.00950	0.01389	0.01315	0.01367	0.14852	0.00439	0.00338	0.00079	0.00295	0.00355	0.00277	0.64529
3	0.07349	0.00709	0.03007	0.00714	0.00894	0.03407	0.04690	0.11436	0.10160	0.06388	0.16433	0.22862	0.07149	0.00772	0.00441	0.00137	0.00323	0.02290	0.00371	0.00469
4	0.05629	0.02926	0.00823	0.00719	0.00894	0.21295	0.00563	0.09159	0.01080	0.07579	0.12758	0.07248	0.17449	0.00709	0.00454	0.00129	0.03353	0.06448	0.00335	0.00450
5	0.00896	0.03552	0.17037	0.00840	0.01076	0.11939	0.04870	0.04573	0.04946	0.06509	0.10459	0.26820	0.01603	0.00722	0.00452	0.00135	0.02167	0.00620	0.00310	0.00474

[dist]
# distance from previous block
# <min> <max>
1	11

[block]
# block no. 6 follows, 67 sequences, length 23
# corresponding to MSA columns:
# 154-176
name=unknown_G
#
# <colnr> <probs for GDERKNQSTAVLIFYWHMCP>
#	G	D	E	R	K	N	Q	S	T	A	V	L	I	F	Y	W	H	M	C	P
0	0.05009	0.01239	0.03352	0.04953	0.01268	0.21068	0.00755	0.38625	0.07582	0.06857	0.00922	0.00953	0.00676	0.00451	0.00381	0.00116	0.00490	0.00332	0.00330	0.04640
1	0.00531	0.00400	0.00498	0.00546	0.00629	0.00368	0.00415	0.00652	0.00897	0.01160	0.13579	0.31354	0.27172	0.01091	0.00505	0.00155	0.00249	0.19074	0.00381	0.00347
2	0.00911	0.00894	0.01254	0.01061	0.01087	0.01224	0.02755	0.05016	0.00685	0.01050	0.00555	0.00886	0.00536	0.00682	0.01251	0.00172	0.78984	0.00354	0.00187	0.00453
3	0.00879	0.00954	0.10046	0.34025	0.16530	0.00903	0.13663	0.06301	0.00918	0.02496	0.00883	0.07806	0.00747	0.00461	0.00431	0.00133	0.01655	0.00432	0.00219	0.00519
4	0.01092	0.82239	0.02057	0.00702	0.01039	0.05424	0.00690	0.01219	0.00830	0.00945	0.00560	0.00647	0.00515	0.00346	0.00262	0.00087	0.00443	0.00216	0.00173	0.00512
5	0.00496	0.00410	0.00436	0.00437	0.00565	0.00350	0.00332	0.00613	0.00944	0.01160	0.14628	0.03778	0.68307	0.00994	0.00478	0.00137	0.00210	0.04997	0.00382	0.00346
6	0.00494	0.00357	0.00468	0.00547	0.00581	0.00330	0.00369	0.00575	0.00804	0.01072	0.08616	0.75080	0.06802	0.01210	0.00507	0.00159	0.00228	0.01093	0.00378	0.00330
7	0.00717	0.00674	0.00731	0.09999	0.05407	0.13418	0.00590	0.00834	0.00852	0.01051	0.01713	0.50524	0.01947	0.00969	0.00475	0.00150	0.00368	0.08884	0.00316	0.00381
8	0.09806	0.01742	0.01074	0.00969	0.01185	0.72195	0.00733	0.01579	0.01094	0.05182	0.00662	0.00748	0.00533	0.00414	0.00353	0.00106	0.00665	0.00262	0.00225	0.00473
9	0.00966	0.00920	0.01535	0.11851	0.69094	0.00949	0.01181	0.01262	0.05896	0.01300	0.00803	0.01032	0.00660	0.00374	0.00398	0.00122	0.00473	0.00363	0.00209	0.00613
10	0.00979	0.42083	0.39544	0.00911	0.01367	0.01264	0.01056	0.06451	0.00899	0.01196	0.00658	0.00757	0.00522	0.00369	0.00323	0.00107	0.00505	0.00261	0.00185	0.00561
11	0.01215	0.00698	0.00813	0.00696	0.00905	0.02869	0.00547	0.06316	0.22525	0.30046	0.01415	0.03034	0.01061	0.03769	0.08353	0.04434	0.00403	0.00427	0.09922	0.00554
12	0.03098	0.09899	0.01208	0.04374	0.01221	0.03356	0.00728	0.48521	0.18575	0.02051	0.01039	0.01041	0.00768	0.00473	0.00382	0.00120	0.00419	0.00360	0.01739	0.00629
13	0.00529	0.00399	0.00485	0.00482	0.00576	0.00359	0.00353	0.00670	0.01001	0.01346	0.45792	0.15798	0.26730	0.03036	0.00518	0.00141	0.00205	0.00820	0.00406	0.00355
14	0.01106	0.73785	0.06523	0.00727	0.01082	0.01502	0.00733	0.06443	0.00894	0.03228	0.00619	0.00694	0.00538	0.00358	0.00277	0.00091	0.00436	0.00233	0.00195	0.00534
15	0.00685	0.00356	0.00534	0.00534	0.00541	0.00363	0.00363	0.00541	0.00534	0.00719	0.00732	0.01252	0.00725	0.01544	0.09306	0.80131	0.00416	0.00356	0.00178	0.00191
16	0.00818	0.04883	0.75980	0.01122	0.01670	0.00972	0.01418	0.01249	0.00831	0.01240	0.00702	0.00842	0.00509	0.00399	0.00434	0.00129	0.05754	0.00297	0.00170	0.00581
17	0.01055	0.80721	0.07376	0.00716	0.01075	0.01545	0.00738	0.01205	0.00817	0.00965	0.00568	0.00656	0.00514	0.00346	0.00265	0.00088	0.00439	0.00220	0.00171	0.00520
18	0.00525	0.00408	0.00476	0.00459	0.00573	0.00360	0.00345	0.00674	0.01034	0.01367	0.46827	0.03393	0.40300	0.00910	0.00473	0.00130	0.00196	0.00781	0.00410	0.00360
19	0.00574	0.00427	0.00630	0.00630	0.00697	0.00493	0.00483	0.00707	0.00640	0.00920	0.01087	0.01648	0.01034	0.08762	0.78605	0.00627	0.01027	0.00440	0.00217	0.00350
20	0.03946	0.02435	0.01024	0.04686	0.11066	0.03655	0.03081	0.03334	0.13804	0.03878	0.00922	0.01050	0.00739	0.00621	0.08200	0.00147	0.00439	0.00324	0.00264	0.36383
21	0.44897	0.13461	0.04101	0.00800	0.06626	0.07735	0.01812	0.04038	0.04454	0.04806	0.00694	0.00776	0.00543	0.00384	0.00297	0.00115	0.00394	0.00260	0.00248	0.03558
22	0.17485	0.06520	0.10177	0.00790	0.01069	0.05594	0.02254	0.24538	0.05773	0.05260	0.00983	0.06530	0.00840	0.08644	0.00523	0.00147	0.00421	0.00391	0.00303	0.01757

[dist]
# distance from previous block
# <min> <max>
2	13

[block]
# block no. 7 follows, 67 sequences, length 12
# corresponding to MSA columns:
# 194-205
name=unknown_H
#
# <colnr> <probs for GDERKNQSTAVLIFYWHMCP>
#	G	D	E	R	K	N	Q	S	T	A	V	L	I	F	Y	W	H	M	C	P
0	0.02942	0.09489	0.01141	0.05925	0.06687	0.09703	0.02654	0.13786	0.10618	0.06761	0.03173	0.03534	0.01067	0.00566	0.00433	0.00127	0.03244	0.12325	0.00309	0.05516
1	0.09152	0.64626	0.01799	0.00709	0.01030	0.08441	0.00668	0.03621	0.00877	0.05097	0.00625	0.00695	0.00536	0.00363	0.00277	0.00094	0.00439	0.00232	0.00204	0.00516
2	0.00558	0.00402	0.00490	0.00495	0.00560	0.00381	0.00349	0.00662	0.00866	0.01164	0.29372	0.10340	0.15211	0.27682	0.02955	0.00230	0.00294	0.07314	0.00351	0.00324
3	0.00932	0.00898	0.01226	0.01042	0.01069	0.01230	0.00868	0.07855	0.00722	0.01098	0.00564	0.00885	0.00540	0.00683	0.01238	0.00171	0.77974	0.00352	0.00195	0.00459
4	0.12675	0.00917	0.00956	0.00793	0.01063	0.03703	0.00638	0.22899	0.31647	0.18557	0.01274	0.01195	0.00910	0.00491	0.00383	0.00127	0.00367	0.00382	0.00397	0.00625
5	0.01037	0.03691	0.36668	0.02653	0.17247	0.00874	0.07287	0.03299	0.00953	0.15587	0.03594	0.01116	0.00769	0.00421	0.00396	0.00125	0.00501	0.01500	0.01687	0.00596
6	0.00521	0.00412	0.00477	0.00515	0.00623	0.00369	0.00403	0.00639	0.00895	0.01105	0.03292	0.15815	0.50605	0.01074	0.00500	0.00152	0.00251	0.21635	0.00372	0.00345
7	0.00814	0.02005	0.78120	0.01181	0.01761	0.00937	0.07119	0.01271	0.00854	0.01271	0.00726	0.00863	0.00515	0.00378	0.00387	0.00128	0.00599	0.00309	0.00172	0.00589
8	0.03168	0.01023	0.01381	0.21664	0.36672	0.12119	0.03730	0.05887	0.04943	0.02603	0.00786	0.00996	0.00624	0.00401	0.00413	0.00123	0.02336	0.00350	0.00222	0.00558
9	0.01097	0.00993	0.01534	0.10931	0.38745	0.05815	0.12753	0.09352	0.02943	0.07375	0.00843	0.01030	0.00654	0.00403	0.00443	0.00125	0.03756	0.00374	0.00243	0.00591
10	0.00602	0.00451	0.00584	0.00618	0.00669	0.00471	0.00458	0.00756	0.05280	0.01114	0.10755	0.34755	0.02271	0.15716	0.00831	0.00202	0.06239	0.17533	0.00345	0.00351
11	0.61766	0.00884	0.00819	0.10321	0.10127	0.07959	0.00628	0.01203	0.00760	0.01589	0.00603	0.00742	0.00475	0.00377	0.00291	0.00123	0.00389	0.00252	0.00231	0.00460

[dist]
# distance from previous block
# <min> <max>
0	2

# created by:
# /st0/software/busco_prod/Augustus/scripts/msa2prfl.pl ./align_prep/37136.fa
