[name]
unknown

[dist]
# distance from previous block
# <min> <max>
2	52

[block]
# block no. 0 follows, 65 sequences, length 8
# corresponding to MSA columns:
# 92-99
name=unknown_A
#
# <colnr> <probs for GDERKNQSTAVLIFYWHMCP>
#	G	D	E	R	K	N	Q	S	T	A	V	L	I	F	Y	W	H	M	C	P
0	0.00908	0.09024	0.23043	0.00950	0.06509	0.05337	0.02631	0.04469	0.04159	0.06458	0.06622	0.16793	0.03806	0.03119	0.02538	0.00151	0.00452	0.00533	0.00287	0.02210
1	0.00922	0.05195	0.00869	0.02384	0.03113	0.08249	0.00567	0.05353	0.04348	0.09191	0.13248	0.13040	0.12342	0.04387	0.01667	0.00150	0.06901	0.01796	0.00340	0.05940
2	0.01012	0.03116	0.39930	0.01316	0.17055	0.04346	0.01187	0.01354	0.02847	0.09716	0.00832	0.00958	0.00621	0.00425	0.00470	0.00126	0.07798	0.00328	0.00226	0.06336
3	0.07235	0.00947	0.05899	0.06219	0.28661	0.02318	0.10385	0.07861	0.03261	0.03326	0.09065	0.01403	0.06484	0.00477	0.00412	0.00125	0.00447	0.00433	0.00273	0.04769
4	0.00825	0.00697	0.01011	0.06088	0.27334	0.00645	0.00732	0.01016	0.00928	0.03728	0.11166	0.08020	0.10785	0.00565	0.00405	0.00113	0.00346	0.00501	0.02416	0.22678
5	0.00860	0.00845	0.06817	0.00769	0.06218	0.00603	0.00609	0.01067	0.00858	0.01335	0.00733	0.00863	0.00604	0.00314	0.00317	0.00070	0.00337	0.00255	0.00236	0.76291
6	0.01163	0.11436	0.18284	0.01046	0.07281	0.03250	0.06895	0.14028	0.02901	0.13612	0.00974	0.04313	0.00754	0.00443	0.00384	0.00115	0.00465	0.00367	0.00289	0.12000
7	0.42325	0.23477	0.10470	0.00751	0.01063	0.03663	0.03328	0.03832	0.00812	0.01483	0.00612	0.00727	0.00497	0.00397	0.00349	0.00120	0.05122	0.00253	0.00222	0.00497

[dist]
# distance from previous block
# <min> <max>
0	2

[block]
# block no. 1 follows, 65 sequences, length 30
# corresponding to MSA columns:
# 102-129,135,136
name=unknown_B
#
# <colnr> <probs for GDERKNQSTAVLIFYWHMCP>
#	G	D	E	R	K	N	Q	S	T	A	V	L	I	F	Y	W	H	M	C	P
0	0.07628	0.06123	0.00733	0.00738	0.05907	0.00543	0.01550	0.00782	0.00855	0.01207	0.08332	0.44130	0.04548	0.01014	0.00480	0.00155	0.00298	0.14237	0.00349	0.00390
1	0.01351	0.01159	0.07332	0.04376	0.01322	0.03884	0.00813	0.50388	0.17160	0.03638	0.01080	0.01081	0.00782	0.00486	0.00406	0.00125	0.00446	0.00376	0.00375	0.03420
2	0.00713	0.00357	0.00535	0.00535	0.00535	0.00357	0.00357	0.00535	0.00535	0.00713	0.00713	0.01248	0.00713	0.01426	0.01604	0.88057	0.00357	0.00357	0.00178	0.00178
3	0.00922	0.01562	0.39376	0.01452	0.01953	0.00990	0.43200	0.01323	0.00927	0.03133	0.00805	0.01004	0.00585	0.00370	0.00440	0.00134	0.00645	0.00400	0.00199	0.00581
4	0.00982	0.16376	0.27245	0.05556	0.05419	0.06204	0.19389	0.05899	0.00984	0.01312	0.06169	0.01048	0.00785	0.00411	0.00397	0.00122	0.00560	0.00366	0.00218	0.00557
5	0.00717	0.00381	0.00581	0.06098	0.00686	0.00393	0.00408	0.00569	0.00554	0.00735	0.00714	0.01238	0.00702	0.01359	0.01525	0.82238	0.00369	0.00357	0.00179	0.00197
6	0.00898	0.00898	0.01257	0.01078	0.01078	0.01257	0.00898	0.00988	0.00629	0.00988	0.00539	0.00898	0.00539	0.00718	0.01347	0.00180	0.84823	0.00359	0.00180	0.00449
7	0.00661	0.00472	0.00661	0.00756	0.00850	0.00472	0.00661	0.00850	0.00945	0.01228	0.02173	0.04630	0.02362	0.01134	0.00567	0.00189	0.00378	0.80250	0.00378	0.00378
8	0.00941	0.06566	0.07189	0.03404	0.32942	0.00880	0.16838	0.01175	0.00917	0.06093	0.01221	0.09733	0.06674	0.03029	0.00479	0.00138	0.00479	0.00500	0.00250	0.00554
9	0.00980	0.03126	0.24868	0.02371	0.01448	0.02171	0.11060	0.11047	0.00934	0.02303	0.02983	0.00988	0.00661	0.00535	0.00767	0.00148	0.32478	0.00367	0.00221	0.00541
10	0.00823	0.02123	0.83447	0.01170	0.01777	0.00953	0.01517	0.01300	0.00867	0.01300	0.00737	0.00867	0.00520	0.00390	0.00390	0.00130	0.00607	0.00303	0.00173	0.00607
11	0.00898	0.00898	0.01257	0.01078	0.01078	0.01257	0.00898	0.00988	0.00629	0.00988	0.00539	0.00898	0.00539	0.00718	0.01347	0.00180	0.84823	0.00359	0.00180	0.00449
12	0.19562	0.06708	0.06116	0.01315	0.05742	0.11968	0.38841	0.01314	0.00919	0.01359	0.00747	0.02211	0.00594	0.00382	0.00398	0.00128	0.00581	0.00377	0.00216	0.00523
13	0.00582	0.00431	0.00542	0.00609	0.01772	0.00409	0.00446	0.00728	0.03897	0.02210	0.02582	0.38807	0.21018	0.05396	0.00597	0.00175	0.00279	0.18785	0.00374	0.00363
14	0.01115	0.44811	0.13494	0.01003	0.07691	0.02213	0.05953	0.04970	0.03845	0.07593	0.01838	0.00885	0.00657	0.00397	0.00354	0.00109	0.01974	0.00300	0.00229	0.00571
15	0.05864	0.15487	0.24955	0.01241	0.13605	0.02350	0.07048	0.17199	0.03905	0.01539	0.00788	0.00907	0.00605	0.00410	0.00397	0.00122	0.02409	0.00327	0.00241	0.00601
16	0.00691	0.00494	0.00684	0.00658	0.00734	0.00565	0.00499	0.00859	0.04737	0.05100	0.01156	0.01749	0.01092	0.17448	0.56178	0.00532	0.05730	0.00463	0.00247	0.00381
17	0.01076	0.59362	0.06972	0.00768	0.01108	0.01438	0.00744	0.03651	0.18956	0.01198	0.00837	0.00874	0.00692	0.00403	0.00310	0.00103	0.00425	0.00283	0.00236	0.00564
18	0.06262	0.00764	0.00896	0.00681	0.01011	0.00673	0.00551	0.06390	0.08424	0.24999	0.01077	0.01067	0.00780	0.00402	0.00349	0.00095	0.00329	0.00319	0.00346	0.44586
19	0.05320	0.13473	0.43255	0.01114	0.07010	0.02280	0.04359	0.02485	0.00903	0.06455	0.02184	0.01097	0.02012	0.00444	0.00411	0.00127	0.03182	0.03094	0.00221	0.00573
20	0.01205	0.01003	0.04458	0.00987	0.02787	0.01038	0.09098	0.30379	0.27813	0.06352	0.04958	0.04249	0.01092	0.00541	0.00445	0.00133	0.01994	0.00457	0.00380	0.00631
21	0.00594	0.00402	0.00465	0.00460	0.00476	0.00396	0.00273	0.00628	0.00695	0.00943	0.15399	0.02752	0.01904	0.70909	0.01811	0.00351	0.00363	0.00622	0.00284	0.00273
22	0.00594	0.00397	0.00449	0.00452	0.00453	0.00396	0.00253	0.00596	0.00603	0.00804	0.01325	0.05422	0.01533	0.82783	0.02037	0.00390	0.00393	0.00616	0.00253	0.00252
23	0.04943	0.06214	0.01210	0.03700	0.21898	0.02456	0.03586	0.04985	0.14927	0.15921	0.03408	0.04946	0.05603	0.00539	0.00435	0.00130	0.02695	0.01491	0.00329	0.00586
24	0.00506	0.00375	0.00475	0.00551	0.00600	0.00343	0.00382	0.00592	0.00828	0.01079	0.04214	0.65081	0.17347	0.01225	0.00518	0.00162	0.00238	0.04763	0.00382	0.00339
25	0.00898	0.00898	0.01257	0.01078	0.01078	0.01257	0.00898	0.00988	0.00629	0.00988	0.00539	0.00898	0.00539	0.00718	0.01347	0.00180	0.84823	0.00359	0.00180	0.00449
26	0.01119	0.79406	0.02050	0.00699	0.01041	0.01542	0.00689	0.01254	0.00859	0.04943	0.02857	0.00759	0.00641	0.00372	0.00277	0.00091	0.00428	0.00243	0.00199	0.00531
27	0.00752	0.00667	0.02239	0.00719	0.03359	0.05768	0.00531	0.05929	0.13930	0.01337	0.10441	0.27205	0.15996	0.01003	0.04033	0.00167	0.00345	0.04771	0.00369	0.00441
28	0.17255	0.04708	0.03850	0.14559	0.22578	0.09516	0.04887	0.11564	0.03277	0.02962	0.00775	0.00937	0.00602	0.00405	0.00373	0.00124	0.00492	0.00330	0.00246	0.00559
29	0.14568	0.05014	0.03726	0.04222	0.20197	0.31373	0.03899	0.04060	0.00985	0.01282	0.00673	0.00839	0.00554	0.00419	0.00434	0.00121	0.06589	0.00303	0.00217	0.00525

[dist]
# distance from previous block
# <min> <max>
0	1

[block]
# block no. 2 follows, 65 sequences, length 18
# corresponding to MSA columns:
# 138-155
name=unknown_C
#
# <colnr> <probs for GDERKNQSTAVLIFYWHMCP>
#	G	D	E	R	K	N	Q	S	T	A	V	L	I	F	Y	W	H	M	C	P
0	0.01149	0.01029	0.01493	0.01872	0.48167	0.07483	0.06807	0.09530	0.05729	0.07414	0.04593	0.01147	0.00850	0.00424	0.00414	0.00124	0.00486	0.00393	0.00271	0.00626
1	0.58935	0.05865	0.00914	0.03799	0.06141	0.12205	0.02409	0.03265	0.00825	0.01625	0.00614	0.00731	0.00488	0.00387	0.00294	0.00122	0.00412	0.00251	0.00241	0.00476
2	0.00784	0.00623	0.02692	0.03844	0.02711	0.00644	0.04914	0.06911	0.04646	0.05362	0.06133	0.06517	0.04545	0.09320	0.35943	0.00382	0.02790	0.00518	0.00285	0.00436
3	0.00599	0.00371	0.00501	0.00545	0.00565	0.00359	0.00366	0.00578	0.00683	0.00903	0.01630	0.35657	0.04732	0.13525	0.01140	0.31780	0.00311	0.05197	0.00289	0.00268
4	0.04354	0.40648	0.09005	0.00826	0.01147	0.10317	0.00773	0.09990	0.10895	0.02999	0.00834	0.02952	0.00695	0.00439	0.00357	0.00110	0.02546	0.00309	0.00249	0.00556
5	0.04797	0.04442	0.08191	0.19224	0.12086	0.00916	0.00891	0.12751	0.04358	0.12116	0.01053	0.02996	0.03387	0.00469	0.00418	0.00124	0.02825	0.00382	0.00288	0.08290
6	0.04301	0.17512	0.07220	0.02366	0.14447	0.14891	0.04115	0.07408	0.11558	0.05416	0.00909	0.02566	0.00733	0.00510	0.02534	0.00133	0.02204	0.00348	0.00261	0.00569
7	0.01065	0.75939	0.11749	0.00758	0.01139	0.01545	0.00799	0.01238	0.00838	0.01005	0.00590	0.00683	0.00526	0.00356	0.00278	0.00093	0.00459	0.00229	0.00175	0.00536
8	0.00493	0.00414	0.00428	0.00429	0.00560	0.00349	0.00320	0.00602	0.00946	0.01145	0.09678	0.07269	0.73893	0.01036	0.00487	0.00139	0.00208	0.00870	0.00386	0.00349
9	0.00500	0.00359	0.00474	0.00566	0.00594	0.00334	0.00378	0.00572	0.00791	0.01050	0.02332	0.82312	0.05664	0.01277	0.00523	0.00166	0.00237	0.01156	0.00381	0.00334
10	0.03106	0.01253	0.01075	0.11464	0.02845	0.32520	0.00771	0.14217	0.11519	0.05825	0.01016	0.01120	0.02721	0.00706	0.07893	0.00169	0.00602	0.00359	0.00287	0.00532
11	0.00607	0.00425	0.00563	0.00634	0.00706	0.00409	0.00487	0.00755	0.02855	0.03355	0.05208	0.44606	0.07804	0.01162	0.00529	0.00170	0.00288	0.28680	0.00387	0.00369
12	0.00586	0.00440	0.00660	0.00660	0.00733	0.00513	0.00513	0.00733	0.00660	0.00953	0.01100	0.01613	0.01026	0.03079	0.83947	0.00660	0.01100	0.00440	0.00220	0.00367
13	0.88473	0.00794	0.00603	0.00540	0.00794	0.00921	0.00445	0.01207	0.00699	0.01842	0.00572	0.00667	0.00445	0.00381	0.00254	0.00127	0.00318	0.00222	0.00254	0.00445
14	0.00511	0.00367	0.00487	0.00575	0.00608	0.00343	0.00394	0.00594	0.00812	0.01079	0.04932	0.75624	0.05364	0.01255	0.00524	0.00166	0.00243	0.05402	0.00383	0.00338
15	0.01026	0.04385	0.01014	0.00911	0.05398	0.15243	0.03936	0.08331	0.11987	0.06192	0.09345	0.17379	0.04417	0.00745	0.02009	0.00145	0.04793	0.01909	0.00335	0.00501
16	0.00849	0.00840	0.01245	0.61975	0.04732	0.05862	0.01079	0.01078	0.00809	0.01043	0.00690	0.01035	0.00548	0.00466	0.00580	0.00142	0.16023	0.00358	0.00184	0.00462
17	0.06502	0.27967	0.23315	0.02744	0.10169	0.02715	0.02810	0.06644	0.02059	0.02904	0.00724	0.00839	0.00574	0.00379	0.00340	0.00109	0.00481	0.00287	0.00216	0.08224

[dist]
# distance from previous block
# <min> <max>
0	1

[block]
# block no. 3 follows, 65 sequences, length 12
# corresponding to MSA columns:
# 157-168
name=unknown_D
#
# <colnr> <probs for GDERKNQSTAVLIFYWHMCP>
#	G	D	E	R	K	N	Q	S	T	A	V	L	I	F	Y	W	H	M	C	P
0	0.00571	0.00541	0.05969	0.03508	0.00744	0.00429	0.00458	0.00750	0.01037	0.01393	0.44987	0.03151	0.31029	0.03015	0.00516	0.00140	0.00243	0.00740	0.00394	0.00386
1	0.00556	0.00419	0.00514	0.00490	0.00598	0.00377	0.00368	0.00726	0.01103	0.01506	0.62220	0.03298	0.24537	0.00892	0.00484	0.00132	0.00197	0.00775	0.00433	0.00377
2	0.88473	0.00794	0.00603	0.00540	0.00794	0.00921	0.00445	0.01207	0.00699	0.01842	0.00572	0.00667	0.00445	0.00381	0.00254	0.00127	0.00318	0.00222	0.00254	0.00445
3	0.01241	0.40264	0.01701	0.03036	0.12556	0.03893	0.02468	0.16311	0.04707	0.08961	0.00833	0.00898	0.00656	0.00407	0.00343	0.00108	0.00452	0.00307	0.00266	0.00594
4	0.88473	0.00794	0.00603	0.00540	0.00794	0.00921	0.00445	0.01207	0.00699	0.01842	0.00572	0.00667	0.00445	0.00381	0.00254	0.00127	0.00318	0.00222	0.00254	0.00445
5	0.03928	0.43603	0.01651	0.00808	0.01135	0.04396	0.00723	0.30789	0.06593	0.01637	0.00797	0.00839	0.00635	0.00420	0.00331	0.00106	0.00443	0.00292	0.00281	0.00593
6	0.88473	0.00794	0.00603	0.00540	0.00794	0.00921	0.00445	0.01207	0.00699	0.01842	0.00572	0.00667	0.00445	0.00381	0.00254	0.00127	0.00318	0.00222	0.00254	0.00445
7	0.10379	0.00524	0.00658	0.00720	0.00837	0.00543	0.00615	0.00949	0.05475	0.01330	0.04739	0.07668	0.02156	0.01015	0.00519	0.00176	0.00356	0.60573	0.00369	0.00399
8	0.88473	0.00794	0.00603	0.00540	0.00794	0.00921	0.00445	0.01207	0.00699	0.01842	0.00572	0.00667	0.00445	0.00381	0.00254	0.00127	0.00318	0.00222	0.00254	0.00445
9	0.05768	0.03669	0.14168	0.02763	0.12389	0.07625	0.19405	0.18978	0.03693	0.02864	0.02113	0.01009	0.00681	0.00423	0.00433	0.00128	0.02664	0.00374	0.00262	0.00592
10	0.00927	0.05983	0.05794	0.01023	0.01097	0.06735	0.00880	0.01049	0.00725	0.01048	0.05961	0.01014	0.00755	0.00667	0.01109	0.00163	0.64044	0.00367	0.00199	0.00460
11	0.04247	0.61259	0.03438	0.00839	0.05877	0.03729	0.00739	0.09440	0.00966	0.02797	0.00749	0.00825	0.02830	0.00392	0.00301	0.00098	0.00442	0.00268	0.00217	0.00547

[dist]
# distance from previous block
# <min> <max>
1	4

[block]
# block no. 4 follows, 65 sequences, length 37
# corresponding to MSA columns:
# 183-219
name=unknown_E
#
# <colnr> <probs for GDERKNQSTAVLIFYWHMCP>
#	G	D	E	R	K	N	Q	S	T	A	V	L	I	F	Y	W	H	M	C	P
0	0.12146	0.01033	0.15339	0.03055	0.08831	0.00847	0.11987	0.07908	0.03777	0.11632	0.08185	0.05554	0.02324	0.00536	0.00434	0.00135	0.02085	0.03336	0.00306	0.00552
1	0.00522	0.00417	0.00470	0.00461	0.00581	0.00365	0.00345	0.00658	0.01006	0.01294	0.31945	0.05159	0.51177	0.01025	0.02618	0.00149	0.00226	0.00817	0.00402	0.00361
2	0.01186	0.35510	0.01522	0.00848	0.03544	0.04251	0.00713	0.20558	0.18749	0.01554	0.00928	0.00953	0.00735	0.00429	0.00343	0.00107	0.00420	0.00316	0.00291	0.07043
3	0.00995	0.06912	0.22729	0.01318	0.11295	0.04644	0.22026	0.04169	0.02600	0.03754	0.02033	0.00992	0.00663	0.00379	0.00398	0.00117	0.00539	0.00357	0.00226	0.13856
4	0.03057	0.14261	0.46274	0.01112	0.04557	0.02738	0.05986	0.09515	0.02547	0.02313	0.02124	0.02253	0.00657	0.00418	0.00380	0.00123	0.00542	0.00333	0.00220	0.00590
5	0.00810	0.03924	0.02603	0.00663	0.00800	0.01616	0.00517	0.01091	0.13022	0.11203	0.11704	0.36329	0.05119	0.00934	0.00486	0.00149	0.01221	0.06963	0.00393	0.00452
6	0.08450	0.00940	0.01515	0.03324	0.42181	0.00936	0.12430	0.07866	0.01036	0.14666	0.00916	0.01058	0.00689	0.00397	0.00405	0.00125	0.00476	0.00377	0.00274	0.01939
7	0.02149	0.41872	0.07134	0.02409	0.18809	0.10844	0.00892	0.02904	0.03013	0.03547	0.00701	0.00821	0.00589	0.00387	0.00353	0.00106	0.02420	0.00282	0.00207	0.00561
8	0.02516	0.02658	0.05688	0.36511	0.15356	0.05389	0.07532	0.01131	0.00847	0.01139	0.00787	0.03041	0.00669	0.00480	0.00542	0.00139	0.12078	0.02797	0.00200	0.00500
9	0.00675	0.00439	0.00562	0.00526	0.00643	0.00397	0.00396	0.00845	0.01104	0.08869	0.58836	0.09342	0.14058	0.00870	0.00481	0.00133	0.00213	0.00762	0.00442	0.00406
10	0.02320	0.00433	0.00537	0.00517	0.00615	0.00407	0.00381	0.00774	0.02247	0.03037	0.53279	0.09032	0.13679	0.07192	0.03588	0.00172	0.00254	0.00747	0.00411	0.00378
11	0.01184	0.05493	0.12804	0.06862	0.17220	0.13842	0.10895	0.20937	0.04081	0.01560	0.00824	0.00963	0.00630	0.00415	0.00403	0.00123	0.00555	0.00353	0.00256	0.00598
12	0.00877	0.00849	0.06544	0.00961	0.11085	0.06194	0.02036	0.06737	0.13226	0.02636	0.03728	0.14799	0.04471	0.19470	0.00842	0.00196	0.03993	0.00579	0.00305	0.00472
13	0.00524	0.00413	0.00472	0.00467	0.00581	0.00362	0.00347	0.00661	0.01014	0.01316	0.34915	0.09519	0.45994	0.00979	0.00488	0.00137	0.00205	0.00839	0.00409	0.00362
14	0.02712	0.00476	0.00616	0.00697	0.03679	0.00475	0.00507	0.04166	0.00861	0.01159	0.01923	0.28502	0.03735	0.18215	0.00841	0.00217	0.00342	0.30170	0.00345	0.00363
15	0.08605	0.02860	0.08716	0.15486	0.27549	0.05576	0.08445	0.07138	0.03885	0.04896	0.00828	0.01016	0.00640	0.00454	0.02076	0.00137	0.00523	0.00357	0.00238	0.00575
16	0.00549	0.00375	0.00495	0.00575	0.00614	0.00348	0.00392	0.00627	0.00805	0.03611	0.02287	0.75292	0.05486	0.03023	0.00554	0.00170	0.00249	0.03823	0.00382	0.00345
17	0.00534	0.00397	0.00488	0.00540	0.00606	0.00367	0.00389	0.00630	0.00851	0.01098	0.07318	0.38647	0.24071	0.10003	0.00681	0.00184	0.00264	0.12224	0.00371	0.00337
18	0.01126	0.71133	0.01985	0.00810	0.05383	0.05006	0.00723	0.01266	0.00866	0.03801	0.00627	0.00714	0.00554	0.00358	0.00282	0.00090	0.00445	0.00237	0.00193	0.04402
19	0.04676	0.00715	0.00879	0.00846	0.06656	0.00775	0.00617	0.11612	0.15301	0.08233	0.25404	0.07826	0.03849	0.00695	0.00530	0.00138	0.08495	0.01847	0.00385	0.00520
20	0.05138	0.43724	0.01649	0.00900	0.03685	0.34806	0.00747	0.03134	0.00988	0.01067	0.00612	0.00710	0.00531	0.00385	0.00314	0.00099	0.00557	0.00246	0.00199	0.00510
21	0.11637	0.33860	0.01537	0.00992	0.10033	0.16133	0.00762	0.13942	0.02411	0.02723	0.00704	0.00795	0.00578	0.00404	0.00344	0.00108	0.01968	0.00277	0.00241	0.00552
22	0.01114	0.64057	0.05363	0.00755	0.01102	0.11268	0.00727	0.01262	0.00876	0.01021	0.00601	0.00696	0.00535	0.00357	0.00285	0.00089	0.00469	0.00231	0.00186	0.09008
23	0.35321	0.15196	0.05945	0.06502	0.02224	0.05213	0.00698	0.13818	0.08848	0.01665	0.00768	0.00848	0.00594	0.00415	0.00322	0.00121	0.00415	0.00287	0.00269	0.00532
24	0.09439	0.01088	0.12199	0.13563	0.32346	0.04474	0.05500	0.01271	0.04722	0.02638	0.04063	0.01073	0.00749	0.00426	0.00444	0.00130	0.04719	0.00366	0.00225	0.00564
25	0.00506	0.00417	0.00444	0.00437	0.00567	0.00355	0.00328	0.00629	0.00984	0.01224	0.21003	0.03761	0.65930	0.00997	0.00485	0.00137	0.00205	0.00840	0.00396	0.00355
26	0.01249	0.02805	0.06938	0.00887	0.01178	0.02743	0.00755	0.36681	0.29055	0.04818	0.01279	0.04887	0.00994	0.00564	0.00434	0.01525	0.00410	0.01776	0.00385	0.00638
27	0.00877	0.00813	0.03847	0.08216	0.41051	0.00778	0.06246	0.01080	0.00888	0.04006	0.02678	0.12629	0.03211	0.07144	0.00582	0.01281	0.00446	0.03447	0.00254	0.00527
28	0.01038	0.24805	0.32073	0.01167	0.08923	0.05005	0.09348	0.04080	0.00943	0.05732	0.00838	0.00949	0.02560	0.00400	0.00370	0.00117	0.00536	0.00325	0.00213	0.00579
29	0.00854	0.02074	0.77208	0.01190	0.01775	0.03776	0.04893	0.01312	0.00881	0.01291	0.00737	0.00873	0.00525	0.00389	0.00393	0.00130	0.00615	0.00310	0.00176	0.00600
30	0.00655	0.00391	0.00570	0.00570	0.00597	0.00417	0.00401	0.00613	0.00586	0.00808	0.00914	0.01534	0.00910	0.11090	0.31235	0.47214	0.00628	0.00412	0.00201	0.00253
31	0.00583	0.00462	0.00675	0.06472	0.05519	0.00450	0.03096	0.00708	0.00854	0.01134	0.07347	0.52496	0.08933	0.01080	0.00507	0.00159	0.00296	0.08498	0.00356	0.00376
32	0.01076	0.13442	0.18788	0.04126	0.14279	0.11398	0.07442	0.05400	0.05267	0.06277	0.01021	0.04118	0.03602	0.00468	0.00395	0.00123	0.00517	0.01445	0.00249	0.00567
33	0.00588	0.00405	0.00476	0.00476	0.00496	0.00411	0.00291	0.00616	0.00629	0.00840	0.01463	0.02618	0.07032	0.67790	0.13844	0.00418	0.00487	0.00593	0.00254	0.00273
34	0.01445	0.00804	0.00978	0.00784	0.01045	0.00828	0.00640	0.26180	0.05030	0.36015	0.02916	0.01418	0.04440	0.00792	0.08550	0.00180	0.04249	0.00427	0.02656	0.00624
35	0.01181	0.01261	0.11130	0.05014	0.37392	0.14388	0.03962	0.10005	0.03426	0.07048	0.00853	0.00998	0.00658	0.00408	0.00403	0.00122	0.00534	0.00353	0.00250	0.00614
36	0.03037	0.04063	0.05280	0.17983	0.18631	0.24887	0.02346	0.07872	0.02045	0.05856	0.00780	0.00948	0.00607	0.00425	0.00424	0.00123	0.03576	0.00331	0.00236	0.00549

[dist]
# distance from previous block
# <min> <max>
1	2

[block]
# block no. 5 follows, 65 sequences, length 13
# corresponding to MSA columns:
# 231-243
name=unknown_F
#
# <colnr> <probs for GDERKNQSTAVLIFYWHMCP>
#	G	D	E	R	K	N	Q	S	T	A	V	L	I	F	Y	W	H	M	C	P
0	0.03495	0.02869	0.31008	0.03769	0.30411	0.02300	0.07804	0.03855	0.00936	0.01353	0.03240	0.02728	0.02004	0.00428	0.00423	0.00128	0.02067	0.00379	0.00213	0.00590
1	0.00565	0.00384	0.00478	0.00524	0.00541	0.00374	0.00337	0.00600	0.00698	0.00928	0.01740	0.38033	0.02039	0.40519	0.01301	0.03968	0.00327	0.06046	0.00311	0.00290
2	0.00899	0.00728	0.00856	0.00614	0.00976	0.00550	0.00492	0.01080	0.00867	0.05259	0.00772	0.00877	0.00628	0.00314	0.00309	0.00064	0.00306	0.00251	0.00256	0.83903
3	0.01118	0.81913	0.02105	0.00719	0.01064	0.05459	0.00707	0.01248	0.00849	0.00968	0.00574	0.00662	0.00527	0.00355	0.00268	0.00089	0.00453	0.00222	0.00177	0.00524
4	0.00547	0.00381	0.00485	0.00549	0.00572	0.00368	0.00365	0.00607	0.00740	0.00984	0.01941	0.50889	0.02287	0.28472	0.01033	0.00243	0.00303	0.08585	0.00338	0.00310
5	0.81811	0.00852	0.00692	0.00604	0.00862	0.04232	0.03423	0.01228	0.00727	0.01789	0.00584	0.00686	0.00454	0.00381	0.00267	0.00127	0.00348	0.00234	0.00251	0.00450
6	0.00573	0.00417	0.00555	0.00544	0.00625	0.00409	0.00402	0.00730	0.00977	0.01372	0.50300	0.09945	0.05602	0.06823	0.18596	0.00264	0.00407	0.00709	0.00380	0.00368
7	0.88473	0.00794	0.00603	0.00540	0.00794	0.00921	0.00445	0.01207	0.00699	0.01842	0.00572	0.00667	0.00445	0.00381	0.00254	0.00127	0.00318	0.00222	0.00254	0.00445
8	0.00744	0.00612	0.00850	0.00683	0.00897	0.00545	0.08555	0.05683	0.01098	0.01566	0.45116	0.02210	0.05858	0.00639	0.00433	0.00112	0.00288	0.00570	0.00368	0.23174
9	0.88473	0.00794	0.00603	0.00540	0.00794	0.00921	0.00445	0.01207	0.00699	0.01842	0.00572	0.00667	0.00445	0.00381	0.00254	0.00127	0.00318	0.00222	0.00254	0.00445
10	0.00898	0.00898	0.01257	0.01078	0.01078	0.01257	0.00898	0.00988	0.00629	0.00988	0.00539	0.00898	0.00539	0.00718	0.01347	0.00180	0.84823	0.00359	0.00180	0.00449
11	0.00886	0.01091	0.14231	0.01092	0.01188	0.01209	0.00996	0.01037	0.00666	0.01037	0.00570	0.00893	0.00536	0.00667	0.01196	0.00172	0.71529	0.00350	0.00179	0.00474
12	0.13725	0.00678	0.00769	0.00699	0.00877	0.00713	0.00545	0.21697	0.01114	0.11375	0.01523	0.30745	0.01523	0.00978	0.06447	0.00182	0.00388	0.05158	0.00374	0.00492

[dist]
# distance from previous block
# <min> <max>
0	1

[block]
# block no. 6 follows, 65 sequences, length 17
# corresponding to MSA columns:
# 245-261
name=unknown_G
#
# <colnr> <probs for GDERKNQSTAVLIFYWHMCP>
#	G	D	E	R	K	N	Q	S	T	A	V	L	I	F	Y	W	H	M	C	P
0	0.09798	0.70578	0.01924	0.00706	0.01045	0.01526	0.00683	0.07697	0.00909	0.01183	0.00604	0.00686	0.00532	0.00366	0.00274	0.00095	0.00428	0.00232	0.00202	0.00532
1	0.00596	0.00401	0.00461	0.00461	0.00466	0.00405	0.00266	0.00606	0.00601	0.00806	0.01281	0.02617	0.01462	0.80223	0.07399	0.00415	0.00443	0.00587	0.00247	0.00256
2	0.00823	0.02123	0.83447	0.01170	0.01777	0.00953	0.01517	0.01300	0.00867	0.01300	0.00737	0.00867	0.00520	0.00390	0.00390	0.00130	0.00607	0.00303	0.00173	0.00607
3	0.03259	0.00994	0.17684	0.03057	0.10344	0.00784	0.02042	0.12202	0.04279	0.07362	0.01339	0.19679	0.03012	0.03978	0.04840	0.00176	0.02438	0.01699	0.00305	0.00525
4	0.00823	0.02123	0.83447	0.01170	0.01777	0.00953	0.01517	0.01300	0.00867	0.01300	0.00737	0.00867	0.00520	0.00390	0.00390	0.00130	0.00607	0.00303	0.00173	0.00607
5	0.00587	0.00436	0.00638	0.00638	0.00704	0.00501	0.00486	0.00719	0.00653	0.00937	0.01119	0.01722	0.01074	0.11500	0.75591	0.00633	0.01028	0.00456	0.00223	0.00354
6	0.00907	0.05409	0.71839	0.01140	0.01696	0.09450	0.01411	0.01332	0.00896	0.01257	0.00720	0.00846	0.00521	0.00392	0.00383	0.00126	0.00614	0.00296	0.00177	0.00590
7	0.00688	0.00863	0.15846	0.09788	0.06388	0.03500	0.02830	0.00909	0.00945	0.01259	0.19328	0.12241	0.19484	0.02099	0.00482	0.00141	0.00373	0.02083	0.00313	0.00441
8	0.00898	0.00898	0.01257	0.01078	0.01078	0.01257	0.00898	0.00988	0.00629	0.00988	0.00539	0.00898	0.00539	0.00718	0.01347	0.00180	0.84823	0.00359	0.00180	0.00449
9	0.00898	0.00898	0.01257	0.01078	0.01078	0.01257	0.00898	0.00988	0.00629	0.00988	0.00539	0.00898	0.00539	0.00718	0.01347	0.00180	0.84823	0.00359	0.00180	0.00449
10	0.00713	0.00357	0.00535	0.00535	0.00535	0.00357	0.00357	0.00535	0.00535	0.00713	0.00713	0.01248	0.00713	0.01426	0.01604	0.88057	0.00357	0.00357	0.00178	0.00178
11	0.01253	0.01509	0.01071	0.06983	0.06533	0.57056	0.00769	0.01374	0.01057	0.01039	0.01002	0.14532	0.02972	0.00573	0.00403	0.00120	0.00616	0.00439	0.00241	0.00459
12	0.00967	0.01244	0.20563	0.01957	0.47787	0.00981	0.09286	0.01369	0.09226	0.01367	0.00861	0.01043	0.00679	0.00389	0.00412	0.00127	0.00519	0.00373	0.00219	0.00630
13	0.00629	0.00489	0.00689	0.00665	0.00713	0.00583	0.00503	0.00735	0.00641	0.00922	0.01071	0.01764	0.01069	0.21460	0.54779	0.00539	0.11712	0.00465	0.00221	0.00350
14	0.00898	0.00898	0.01257	0.01078	0.01078	0.01257	0.00898	0.00988	0.00629	0.00988	0.00539	0.00898	0.00539	0.00718	0.01347	0.00180	0.84823	0.00359	0.00180	0.00449
15	0.01257	0.00869	0.01398	0.11091	0.28201	0.00865	0.10264	0.08839	0.01089	0.25623	0.01121	0.01343	0.00841	0.00464	0.00427	0.00131	0.00468	0.04768	0.00320	0.00620
16	0.01130	0.38657	0.15548	0.01002	0.04972	0.22224	0.05286	0.01333	0.00948	0.01095	0.03883	0.00850	0.00669	0.00396	0.00339	0.00105	0.00550	0.00287	0.00198	0.00529

[dist]
# distance from previous block
# <min> <max>
0	3

[block]
# block no. 7 follows, 65 sequences, length 25
# corresponding to MSA columns:
# 265-289
name=unknown_H
#
# <colnr> <probs for GDERKNQSTAVLIFYWHMCP>
#	G	D	E	R	K	N	Q	S	T	A	V	L	I	F	Y	W	H	M	C	P
0	0.01108	0.59781	0.14934	0.00809	0.01184	0.06602	0.00834	0.04540	0.00909	0.03186	0.00656	0.00750	0.00556	0.00431	0.02121	0.00111	0.00497	0.00251	0.00196	0.00544
1	0.00614	0.00579	0.07092	0.00575	0.00723	0.00462	0.00483	0.00873	0.05526	0.01566	0.63642	0.02902	0.11774	0.00809	0.00473	0.00131	0.00235	0.00706	0.00421	0.00415
2	0.00971	0.02862	0.06960	0.04091	0.52330	0.04868	0.03162	0.02063	0.02626	0.01280	0.00908	0.07380	0.00826	0.00518	0.01795	0.00138	0.04699	0.01713	0.00223	0.00587
3	0.00781	0.00784	0.00698	0.00674	0.02883	0.16035	0.01585	0.01035	0.10858	0.01261	0.16079	0.02800	0.41354	0.00807	0.00453	0.00131	0.00333	0.00667	0.00359	0.00425
4	0.00746	0.00661	0.01063	0.07306	0.18978	0.00653	0.09923	0.01007	0.04592	0.01450	0.38577	0.04214	0.07805	0.00660	0.00460	0.00131	0.00349	0.00609	0.00342	0.00476
5	0.00898	0.00898	0.01257	0.01078	0.01078	0.01257	0.00898	0.00988	0.00629	0.00988	0.00539	0.00898	0.00539	0.00718	0.01347	0.00180	0.84823	0.00359	0.00180	0.00449
6	0.01003	0.00886	0.01446	0.15798	0.54258	0.00888	0.01101	0.01239	0.00919	0.06096	0.00809	0.01030	0.00649	0.00373	0.00394	0.00117	0.00466	0.00352	0.00223	0.11952
7	0.00855	0.02079	0.80899	0.01156	0.01754	0.00942	0.01488	0.01322	0.00876	0.03833	0.00764	0.00883	0.00535	0.00394	0.00391	0.00130	0.00599	0.00307	0.00184	0.00609
8	0.01097	0.85821	0.02151	0.00702	0.01054	0.01624	0.00702	0.01229	0.00834	0.00966	0.00571	0.00658	0.00527	0.00351	0.00263	0.00088	0.00439	0.00219	0.00176	0.00527
9	0.00553	0.06717	0.00578	0.00468	0.00607	0.00449	0.00362	0.00678	0.00972	0.01218	0.21796	0.07926	0.54335	0.00956	0.00471	0.00134	0.00223	0.00807	0.00382	0.00368
10	0.00884	0.02039	0.78541	0.01144	0.01733	0.00932	0.01462	0.01342	0.00885	0.06177	0.00789	0.00898	0.00549	0.00397	0.00391	0.00130	0.00591	0.00310	0.00193	0.00612
11	0.00898	0.00898	0.01257	0.01078	0.01078	0.01257	0.00898	0.00988	0.00629	0.00988	0.00539	0.00898	0.00539	0.00718	0.01347	0.00180	0.84823	0.00359	0.00180	0.00449
12	0.00904	0.26825	0.59454	0.01032	0.01563	0.01151	0.01276	0.01279	0.00857	0.01201	0.00688	0.00805	0.00522	0.00379	0.00353	0.00118	0.00557	0.00279	0.00174	0.00583
13	0.00598	0.00407	0.00563	0.06787	0.00792	0.00395	0.00458	0.00693	0.00814	0.05523	0.02112	0.72099	0.02452	0.01175	0.00511	0.00163	0.00271	0.03451	0.00373	0.00364
14	0.00500	0.00357	0.00476	0.00572	0.00595	0.00333	0.00381	0.00572	0.00786	0.01048	0.02262	0.85306	0.02715	0.01286	0.00524	0.00167	0.00238	0.01167	0.00381	0.00333
15	0.00858	0.00839	0.01181	0.01024	0.01034	0.01162	0.00849	0.00955	0.00633	0.00983	0.00611	0.00990	0.00601	0.01021	0.11932	0.00241	0.74094	0.00370	0.00185	0.00438
16	0.00873	0.00862	0.01210	0.01045	0.01051	0.01199	0.00868	0.00968	0.00631	0.00985	0.00583	0.00954	0.00577	0.00905	0.07860	0.00217	0.78221	0.00366	0.00183	0.00443
17	0.00940	0.02446	0.46053	0.01084	0.05518	0.00813	0.05029	0.01274	0.00891	0.12986	0.01045	0.05882	0.00855	0.03690	0.07058	0.00184	0.00570	0.02868	0.00249	0.00565
18	0.00871	0.00858	0.01233	0.01049	0.01069	0.01165	0.04393	0.00967	0.00642	0.00987	0.00622	0.01058	0.00626	0.07026	0.03506	0.00206	0.72713	0.00384	0.00187	0.00437
19	0.00919	0.05550	0.68499	0.01183	0.05209	0.01002	0.01397	0.07642	0.00957	0.02830	0.00766	0.00883	0.00549	0.00397	0.00387	0.00127	0.00578	0.00310	0.00199	0.00614
20	0.00562	0.00474	0.00561	0.00552	0.00651	0.00474	0.00425	0.00675	0.00905	0.01155	0.12430	0.13363	0.48561	0.01011	0.00605	0.00149	0.11063	0.05654	0.00363	0.00365
21	0.07327	0.11717	0.66470	0.01093	0.03040	0.01029	0.01339	0.01284	0.00852	0.01302	0.00706	0.00830	0.00517	0.00384	0.00366	0.00125	0.00564	0.00289	0.00180	0.00586
22	0.02261	0.12006	0.15538	0.01117	0.02673	0.01210	0.08574	0.01128	0.00743	0.02516	0.00627	0.00889	0.00551	0.00565	0.00914	0.00153	0.47498	0.00343	0.00188	0.00503
23	0.02510	0.12626	0.37964	0.01000	0.01433	0.05587	0.02580	0.11374	0.14804	0.04867	0.00934	0.00983	0.00689	0.00432	0.00380	0.00124	0.00511	0.00332	0.00262	0.00608
24	0.02195	0.07465	0.39838	0.01080	0.04789	0.02253	0.01122	0.01210	0.02008	0.03580	0.02383	0.01914	0.00664	0.00549	0.02608	0.00147	0.20353	0.00336	0.00204	0.05305

[dist]
# distance from previous block
# <min> <max>
6	38

[block]
# block no. 8 follows, 65 sequences, length 12
# corresponding to MSA columns:
# 328-339
name=unknown_I
#
# <colnr> <probs for GDERKNQSTAVLIFYWHMCP>
#	G	D	E	R	K	N	Q	S	T	A	V	L	I	F	Y	W	H	M	C	P
0	0.05971	0.00956	0.01080	0.00915	0.04528	0.02892	0.02398	0.43020	0.07012	0.13032	0.01166	0.05787	0.00922	0.05358	0.02932	0.00158	0.00439	0.00432	0.00382	0.00617
1	0.00839	0.03812	0.03747	0.26931	0.06722	0.02396	0.14915	0.01076	0.00878	0.01203	0.04873	0.03902	0.00887	0.00526	0.02201	0.02175	0.00493	0.03235	0.00228	0.18961
2	0.00502	0.00415	0.00433	0.00429	0.00555	0.00354	0.00317	0.00610	0.00943	0.01153	0.12899	0.03784	0.69624	0.05477	0.00570	0.00151	0.00216	0.00838	0.00382	0.00346
3	0.01028	0.08091	0.06366	0.14756	0.16389	0.19637	0.03586	0.02731	0.00949	0.03099	0.01022	0.11801	0.02730	0.00552	0.00448	0.00129	0.04080	0.01862	0.00238	0.00505
4	0.00632	0.00572	0.04997	0.01813	0.03148	0.00496	0.01976	0.04931	0.00921	0.01234	0.13060	0.34885	0.17707	0.07043	0.00620	0.00164	0.02303	0.00838	0.00353	0.02306
5	0.01029	0.12215	0.25128	0.01339	0.13372	0.03635	0.15441	0.07045	0.02243	0.04659	0.00825	0.01032	0.00650	0.00477	0.02086	0.00138	0.05945	0.01934	0.00225	0.00581
6	0.01375	0.01598	0.01206	0.07836	0.13054	0.58237	0.00862	0.01520	0.01104	0.04902	0.04036	0.00932	0.00706	0.00435	0.00385	0.00112	0.00649	0.00313	0.00232	0.00506
7	0.00503	0.00407	0.00446	0.00456	0.00570	0.00351	0.00335	0.00615	0.00947	0.01183	0.16191	0.16708	0.57759	0.01047	0.00491	0.00142	0.00210	0.00895	0.00392	0.00351
8	0.00899	0.00753	0.00931	0.02915	0.07559	0.00607	0.00573	0.01117	0.03304	0.03914	0.00789	0.00908	0.00642	0.00326	0.00322	0.00072	0.00327	0.00268	0.00252	0.73523
9	0.04781	0.03295	0.05573	0.02709	0.09470	0.07228	0.09403	0.12215	0.05225	0.08157	0.00958	0.04486	0.00778	0.02375	0.00421	0.00117	0.00447	0.00375	0.00286	0.21701
10	0.00950	0.00872	0.01460	0.09334	0.63434	0.00881	0.01125	0.01176	0.00919	0.03148	0.01035	0.07621	0.03240	0.00482	0.00422	0.00129	0.00460	0.02487	0.00231	0.00595
11	0.00592	0.00419	0.00554	0.00554	0.00590	0.00455	0.00381	0.00665	0.00628	0.00874	0.01197	0.02150	0.01260	0.44388	0.42957	0.00529	0.00748	0.00518	0.00234	0.00308

[dist]
# distance from previous block
# <min> <max>
0	9

# created by:
# /st0/software/busco_prod/Augustus/scripts/msa2prfl.pl ./align_prep/37165.fa
