[name]
unknown

[dist]
# distance from previous block
# <min> <max>
0	33

[block]
# block no. 0 follows, 66 sequences, length 11
# corresponding to MSA columns:
# 37-47
name=unknown_A
#
# <colnr> <probs for GDERKNQSTAVLIFYWHMCP>
#	G	D	E	R	K	N	Q	S	T	A	V	L	I	F	Y	W	H	M	C	P
0	0.22170	0.00753	0.00802	0.00805	0.05163	0.04826	0.00630	0.08481	0.05388	0.01517	0.01325	0.02344	0.01297	0.00687	0.00417	0.00142	0.00378	0.32377	0.00317	0.10183
1	0.07063	0.00985	0.01030	0.00887	0.04264	0.04967	0.00682	0.40544	0.16988	0.02018	0.06539	0.05333	0.01070	0.00535	0.00399	0.00123	0.00393	0.00425	0.00372	0.05383
2	0.38113	0.04492	0.06594	0.02835	0.05184	0.22352	0.02733	0.05713	0.00934	0.04609	0.00677	0.00778	0.00525	0.00395	0.00322	0.00117	0.00476	0.00268	0.00244	0.02637
3	0.00766	0.00721	0.01217	0.84767	0.02794	0.00901	0.01127	0.01037	0.00811	0.01037	0.00721	0.01082	0.00541	0.00406	0.00406	0.00135	0.00541	0.00361	0.00180	0.00451
4	0.00494	0.00353	0.00471	0.00565	0.00588	0.00330	0.00377	0.00565	0.00777	0.01036	0.02236	0.85477	0.02683	0.01271	0.00518	0.00165	0.00235	0.01153	0.00377	0.00330
5	0.01010	0.31153	0.11827	0.00775	0.01149	0.07857	0.02980	0.01207	0.00875	0.03490	0.00686	0.00789	0.00567	0.00344	0.00310	0.00086	0.00433	0.00253	0.00212	0.33997
6	0.11764	0.01061	0.01105	0.00872	0.01176	0.01185	0.00715	0.62060	0.12140	0.02359	0.01013	0.01006	0.00731	0.00482	0.00388	0.00124	0.00415	0.00360	0.00388	0.00654
7	0.00491	0.00366	0.00458	0.00531	0.00580	0.00332	0.00361	0.00569	0.00810	0.01049	0.02651	0.67426	0.20467	0.01217	0.00509	0.00159	0.00229	0.01088	0.00377	0.00332
8	0.13043	0.01232	0.01149	0.03958	0.12926	0.23388	0.00795	0.27303	0.06319	0.04829	0.00853	0.00924	0.00646	0.00438	0.00374	0.00119	0.00502	0.00325	0.00299	0.00580
9	0.08241	0.09145	0.01404	0.27755	0.01802	0.06489	0.13939	0.14753	0.05668	0.01440	0.00798	0.00979	0.00609	0.00405	0.00383	0.00122	0.00507	0.00348	0.00245	0.04967
10	0.18066	0.03036	0.01105	0.17935	0.13698	0.06328	0.00794	0.12831	0.01017	0.08161	0.00795	0.00930	0.00602	0.00398	0.00354	0.00115	0.00435	0.00311	0.00266	0.12824

[dist]
# distance from previous block
# <min> <max>
2	41

[block]
# block no. 1 follows, 66 sequences, length 27
# corresponding to MSA columns:
# 89-115
name=unknown_B
#
# <colnr> <probs for GDERKNQSTAVLIFYWHMCP>
#	G	D	E	R	K	N	Q	S	T	A	V	L	I	F	Y	W	H	M	C	P
0	0.08778	0.00913	0.01435	0.03860	0.62039	0.00909	0.01067	0.02539	0.00916	0.04019	0.00771	0.00971	0.00631	0.00364	0.00379	0.00115	0.00445	0.00338	0.00222	0.09288
1	0.06684	0.00814	0.01018	0.00948	0.13028	0.00738	0.02348	0.07824	0.07815	0.05453	0.00861	0.00952	0.00677	0.00361	0.00339	0.00090	0.00352	0.00298	0.00275	0.49126
2	0.28777	0.00900	0.00939	0.00775	0.02954	0.00958	0.00617	0.30411	0.05562	0.14711	0.00950	0.00955	0.00680	0.00438	0.00348	0.00119	0.00370	0.00319	0.00352	0.08865
3	0.03041	0.00393	0.00503	0.00565	0.00617	0.00366	0.00383	0.00646	0.00780	0.03578	0.02060	0.73031	0.02424	0.05166	0.00571	0.00169	0.00251	0.01039	0.00365	0.04053
4	0.00990	0.00949	0.01620	0.07527	0.78288	0.00960	0.01238	0.01232	0.00917	0.01308	0.00761	0.01009	0.00636	0.00364	0.00402	0.00121	0.00486	0.00361	0.00200	0.00631
5	0.00590	0.00393	0.00442	0.00442	0.00442	0.00393	0.00246	0.00590	0.00590	0.00787	0.01278	0.02655	0.01475	0.85742	0.02065	0.00393	0.00393	0.00590	0.00246	0.00246
6	0.00997	0.00956	0.01633	0.05043	0.80716	0.00962	0.01241	0.01239	0.00920	0.01316	0.00762	0.01007	0.00639	0.00363	0.00402	0.00121	0.00484	0.00361	0.00200	0.00637
7	0.00841	0.00721	0.00841	0.00601	0.00961	0.00541	0.00481	0.01022	0.00841	0.01322	0.00721	0.00841	0.00601	0.00300	0.00300	0.00060	0.00300	0.00240	0.00240	0.88222
8	0.01004	0.00964	0.01647	0.02490	0.83211	0.00964	0.01245	0.01245	0.00924	0.01325	0.00763	0.01004	0.00643	0.00361	0.00402	0.00120	0.00482	0.00361	0.00201	0.00643
9	0.01052	0.00571	0.00706	0.00614	0.00792	0.02844	0.00478	0.01254	0.04436	0.30447	0.38489	0.06842	0.05915	0.01976	0.00474	0.00134	0.00275	0.01756	0.00447	0.00498
10	0.00595	0.00416	0.00540	0.00517	0.00613	0.00381	0.00384	0.00769	0.01101	0.03709	0.69107	0.11314	0.07273	0.00874	0.00481	0.00132	0.00201	0.00773	0.00438	0.00384
11	0.01505	0.00783	0.03400	0.00862	0.01177	0.00679	0.12230	0.05919	0.01155	0.55049	0.09831	0.01464	0.01202	0.00505	0.00423	0.00126	0.00389	0.00443	0.00434	0.02424
12	0.00766	0.00721	0.01217	0.84767	0.02794	0.00901	0.01127	0.01037	0.00811	0.01037	0.00721	0.01082	0.00541	0.00406	0.00406	0.00135	0.00541	0.00361	0.00180	0.00451
13	0.00896	0.00854	0.01452	0.39802	0.46743	0.00936	0.01191	0.01151	0.00873	0.01194	0.00744	0.01039	0.00596	0.00382	0.00403	0.00127	0.00509	0.00361	0.00192	0.00556
14	0.01341	0.01034	0.01105	0.00887	0.01181	0.01152	0.00719	0.52568	0.28861	0.02229	0.01193	0.01151	0.00871	0.00502	0.00405	0.00125	0.00400	0.00393	0.00403	0.03482
15	0.01004	0.00964	0.01647	0.02490	0.83211	0.00964	0.01245	0.01245	0.00924	0.01325	0.00763	0.01004	0.00643	0.00361	0.00402	0.00120	0.00482	0.00361	0.00201	0.00643
16	0.00849	0.02049	0.80739	0.01141	0.01731	0.00930	0.01467	0.01309	0.00867	0.04168	0.00759	0.00875	0.00531	0.00390	0.00386	0.00128	0.00591	0.00304	0.00183	0.00603
17	0.00844	0.07173	0.75464	0.01107	0.01676	0.00965	0.01411	0.01283	0.00866	0.02798	0.02369	0.00897	0.00589	0.00394	0.00380	0.00126	0.00577	0.00305	0.00183	0.00592
18	0.00766	0.00721	0.01217	0.84767	0.02794	0.00901	0.01127	0.01037	0.00811	0.01037	0.00721	0.01082	0.00541	0.00406	0.00406	0.00135	0.00541	0.00361	0.00180	0.00451
19	0.01084	0.36502	0.36972	0.00897	0.01348	0.01161	0.01025	0.01365	0.00891	0.14094	0.00798	0.00854	0.00594	0.00388	0.00337	0.00111	0.00491	0.00283	0.00224	0.00581
20	0.01487	0.00873	0.03145	0.02737	0.28753	0.03907	0.00856	0.03371	0.01084	0.47705	0.01234	0.01204	0.00838	0.00447	0.00404	0.00123	0.00417	0.00383	0.00374	0.00660
21	0.01309	0.13834	0.12775	0.00874	0.01192	0.12768	0.01810	0.17818	0.03107	0.19378	0.07950	0.01151	0.00960	0.00480	0.00409	0.00118	0.02793	0.00363	0.00326	0.00585
22	0.04643	0.00658	0.02076	0.00701	0.00949	0.00588	0.03388	0.02734	0.04719	0.47400	0.15918	0.07691	0.05472	0.00629	0.00428	0.00130	0.00319	0.00534	0.00447	0.00577
23	0.00907	0.00729	0.00950	0.00847	0.09895	0.00598	0.02806	0.02762	0.00898	0.06621	0.02643	0.07709	0.00868	0.00414	0.00347	0.00084	0.00329	0.00357	0.00271	0.59968
24	0.00915	0.00777	0.02231	0.04908	0.31145	0.02693	0.03759	0.02714	0.06747	0.07851	0.16277	0.06281	0.09358	0.00602	0.00435	0.00129	0.00382	0.01945	0.00317	0.00533
25	0.00816	0.00667	0.00788	0.00758	0.04840	0.05905	0.03721	0.03424	0.09735	0.06267	0.18242	0.19370	0.12876	0.00779	0.00449	0.00131	0.00315	0.02432	0.00365	0.08121
26	0.01048	0.01041	0.12037	0.01340	0.24705	0.05575	0.05962	0.04903	0.09183	0.11697	0.09569	0.01478	0.06815	0.00502	0.00416	0.00125	0.00437	0.00441	0.00304	0.02425

[dist]
# distance from previous block
# <min> <max>
20	44

[block]
# block no. 2 follows, 66 sequences, length 12
# corresponding to MSA columns:
# 170-174,176-182
name=unknown_C
#
# <colnr> <probs for GDERKNQSTAVLIFYWHMCP>
#	G	D	E	R	K	N	Q	S	T	A	V	L	I	F	Y	W	H	M	C	P
0	0.25823	0.00989	0.01118	0.20680	0.20376	0.12121	0.00862	0.07459	0.00942	0.03426	0.00715	0.00892	0.00557	0.00396	0.00354	0.00122	0.00472	0.00307	0.00235	0.02155
1	0.15415	0.00843	0.00909	0.07288	0.03649	0.12996	0.02630	0.04003	0.00880	0.12658	0.00973	0.01282	0.00811	0.03332	0.24967	0.00288	0.03608	0.02730	0.00268	0.00468
2	0.00637	0.00507	0.00749	0.12281	0.07335	0.00539	0.00609	0.02802	0.00801	0.01091	0.01549	0.36943	0.01687	0.01476	0.21606	0.00278	0.00527	0.05681	0.00293	0.02608
3	0.02676	0.00863	0.04621	0.00807	0.01058	0.09610	0.08558	0.04267	0.05769	0.28013	0.10835	0.07343	0.12541	0.00632	0.00432	0.00129	0.00389	0.00540	0.00382	0.00536
4	0.37047	0.01486	0.12213	0.00851	0.01131	0.38694	0.00741	0.01399	0.00922	0.01371	0.00615	0.00719	0.00487	0.00397	0.00322	0.00116	0.00543	0.00250	0.00221	0.00475
5	0.07701	0.00802	0.00841	0.00760	0.00973	0.00916	0.00591	0.01891	0.65043	0.01697	0.12701	0.01655	0.01531	0.00575	0.00409	0.00135	0.00303	0.00478	0.00405	0.00591
6	0.01028	0.00869	0.01314	0.09627	0.05700	0.01060	0.09621	0.01279	0.08423	0.12396	0.00846	0.01062	0.00679	0.00578	0.00884	0.00155	0.43327	0.00386	0.00248	0.00519
7	0.00612	0.00466	0.00575	0.00587	0.00685	0.00460	0.00441	0.00892	0.12131	0.01377	0.33006	0.26045	0.09981	0.00966	0.00490	0.00147	0.00244	0.10088	0.00408	0.00399
8	0.00726	0.00449	0.00573	0.00526	0.00655	0.00403	0.00400	0.00893	0.01097	0.12718	0.55484	0.06984	0.15852	0.00837	0.00471	0.00131	0.00217	0.00729	0.00440	0.00416
9	0.05265	0.00890	0.01005	0.00832	0.01089	0.03419	0.03477	0.30110	0.16571	0.14542	0.05532	0.03014	0.03737	0.00596	0.00424	0.00133	0.00388	0.07985	0.00400	0.00596
10	0.01609	0.00950	0.01089	0.00852	0.01159	0.05490	0.02692	0.31597	0.08438	0.39824	0.01299	0.01198	0.00872	0.00492	0.00407	0.00124	0.00410	0.00390	0.00435	0.00670
11	0.88607	0.00785	0.00596	0.00534	0.00785	0.00910	0.00439	0.01193	0.00690	0.01820	0.00565	0.00659	0.00439	0.00377	0.00251	0.00126	0.00314	0.00220	0.00251	0.00439

[dist]
# distance from previous block
# <min> <max>
0	1

[block]
# block no. 3 follows, 66 sequences, length 9
# corresponding to MSA columns:
# 184-192
name=unknown_D
#
# <colnr> <probs for GDERKNQSTAVLIFYWHMCP>
#	G	D	E	R	K	N	Q	S	T	A	V	L	I	F	Y	W	H	M	C	P
0	0.00521	0.00367	0.00477	0.00555	0.00579	0.00349	0.00372	0.00586	0.00755	0.01004	0.02068	0.66359	0.02456	0.15621	0.00783	0.00205	0.00271	0.05999	0.00354	0.00318
1	0.12146	0.00818	0.00968	0.00755	0.01062	0.00812	0.00622	0.21775	0.03837	0.50976	0.01322	0.01197	0.00866	0.00485	0.00389	0.00125	0.00366	0.00376	0.00445	0.00659
2	0.05187	0.05468	0.04295	0.00816	0.01104	0.00909	0.00702	0.22700	0.04882	0.36861	0.01258	0.01333	0.00904	0.00532	0.00468	0.00130	0.06549	0.04871	0.00401	0.00629
3	0.67336	0.00939	0.09652	0.00632	0.00927	0.00909	0.00577	0.03729	0.04805	0.01752	0.00657	0.00742	0.00503	0.00385	0.00281	0.00123	0.00349	0.00246	0.00255	0.05200
4	0.01280	0.05894	0.01040	0.00842	0.01067	0.31704	0.00657	0.13560	0.13290	0.09573	0.08122	0.01378	0.05110	0.04144	0.00465	0.00129	0.00487	0.00402	0.00326	0.00530
5	0.00672	0.00471	0.00657	0.00584	0.00676	0.00451	0.06264	0.00785	0.00858	0.05688	0.28751	0.02601	0.06716	0.36520	0.06350	0.00273	0.00377	0.00625	0.00330	0.00351
6	0.16358	0.00867	0.00916	0.00748	0.00997	0.00941	0.00600	0.39879	0.05728	0.08729	0.07752	0.05511	0.03338	0.05250	0.00484	0.00142	0.00368	0.00443	0.00380	0.00568
7	0.23588	0.08206	0.02580	0.00706	0.00931	0.04229	0.00590	0.17931	0.01055	0.06615	0.03621	0.08247	0.10825	0.00613	0.00443	0.00130	0.06521	0.02357	0.00317	0.00495
8	0.39556	0.05901	0.03673	0.00762	0.04453	0.09755	0.02297	0.03935	0.00895	0.07266	0.06725	0.01025	0.00816	0.00430	0.00323	0.00116	0.00387	0.01852	0.00274	0.09557

[dist]
# distance from previous block
# <min> <max>
24	77

[block]
# block no. 4 follows, 66 sequences, length 17
# corresponding to MSA columns:
# 295-311
name=unknown_E
#
# <colnr> <probs for GDERKNQSTAVLIFYWHMCP>
#	G	D	E	R	K	N	Q	S	T	A	V	L	I	F	Y	W	H	M	C	P
0	0.04935	0.39673	0.21296	0.00911	0.04117	0.02092	0.03486	0.04245	0.00879	0.02864	0.00792	0.02497	0.00701	0.02065	0.01415	0.00125	0.02438	0.04729	0.00211	0.00530
1	0.04527	0.20164	0.29640	0.00954	0.03878	0.01075	0.03356	0.16015	0.01044	0.05007	0.03480	0.01064	0.00752	0.06786	0.00489	0.00137	0.00483	0.00338	0.00249	0.00563
2	0.10310	0.18368	0.11115	0.00851	0.07245	0.02492	0.00713	0.10482	0.00985	0.07539	0.07970	0.01451	0.07114	0.09286	0.00558	0.00146	0.02182	0.00403	0.00281	0.00507
3	0.08617	0.21314	0.17316	0.00921	0.04066	0.05077	0.05301	0.12273	0.01027	0.09732	0.01034	0.02420	0.05521	0.00537	0.03052	0.00134	0.00483	0.00354	0.00266	0.00554
4	0.08116	0.20965	0.11715	0.12064	0.03427	0.10373	0.04547	0.09086	0.02655	0.03073	0.06995	0.01079	0.00844	0.00438	0.00362	0.00116	0.00481	0.01521	0.00246	0.01896
5	0.04217	0.32897	0.19236	0.02628	0.09923	0.04044	0.00908	0.07271	0.08044	0.01291	0.00945	0.01021	0.05123	0.00427	0.00344	0.00112	0.00461	0.00322	0.00229	0.00558
6	0.23786	0.26044	0.01260	0.05424	0.03697	0.10475	0.00667	0.06406	0.03040	0.07245	0.00821	0.04285	0.00701	0.00455	0.00346	0.00116	0.02141	0.02328	0.00257	0.00507
7	0.04227	0.04451	0.04602	0.05096	0.11407	0.00780	0.03817	0.08008	0.08050	0.07925	0.07541	0.04837	0.07449	0.00560	0.00413	0.00121	0.01198	0.04933	0.00313	0.14272
8	0.01140	0.01017	0.05906	0.06477	0.08295	0.11807	0.01965	0.05714	0.27523	0.14011	0.02539	0.04096	0.06628	0.00543	0.00412	0.00129	0.00423	0.00449	0.00345	0.00579
9	0.00913	0.00812	0.01346	0.33375	0.40660	0.00877	0.01089	0.01176	0.02790	0.04756	0.05769	0.02941	0.00867	0.00436	0.00411	0.00128	0.00472	0.00404	0.00229	0.00550
10	0.00499	0.00405	0.00420	0.00425	0.00533	0.00350	0.00302	0.00583	0.00861	0.01041	0.03535	0.08209	0.65028	0.15137	0.00745	0.00181	0.00238	0.00828	0.00355	0.00326
11	0.01400	0.24547	0.01412	0.00951	0.01197	0.61915	0.00760	0.01511	0.01062	0.00983	0.00610	0.00710	0.00522	0.00399	0.00337	0.00100	0.00652	0.00249	0.00199	0.00484
12	0.00630	0.00454	0.00622	0.00703	0.00795	0.00447	0.00601	0.00805	0.00937	0.01222	0.07121	0.09053	0.07214	0.01106	0.00548	0.00179	0.00345	0.66470	0.00378	0.00370
13	0.45620	0.01045	0.00846	0.00726	0.00984	0.15720	0.00582	0.14259	0.07612	0.07967	0.00807	0.00846	0.00601	0.00425	0.00321	0.00122	0.00412	0.00284	0.00300	0.00520
14	0.00937	0.00946	0.04073	0.22030	0.49227	0.00957	0.08395	0.01256	0.05792	0.01275	0.00810	0.01057	0.00648	0.00382	0.00410	0.00127	0.00508	0.00376	0.00208	0.00587
15	0.00924	0.03118	0.55912	0.01256	0.11431	0.00917	0.04390	0.04511	0.00946	0.06475	0.05659	0.01046	0.00767	0.00418	0.00397	0.00127	0.00540	0.00348	0.00222	0.00598
16	0.00717	0.00502	0.00685	0.00655	0.00742	0.00564	0.00498	0.04301	0.03361	0.05898	0.01199	0.06316	0.01146	0.14396	0.53185	0.00499	0.04197	0.00490	0.00260	0.00389

[dist]
# distance from previous block
# <min> <max>
3	64

[block]
# block no. 5 follows, 66 sequences, length 20
# corresponding to MSA columns:
# 382-401
name=unknown_F
#
# <colnr> <probs for GDERKNQSTAVLIFYWHMCP>
#	G	D	E	R	K	N	Q	S	T	A	V	L	I	F	Y	W	H	M	C	P
0	0.00991	0.10455	0.22490	0.17092	0.05152	0.02678	0.05101	0.15744	0.02840	0.02938	0.05171	0.02482	0.01974	0.00472	0.00398	0.00126	0.00496	0.02592	0.00256	0.00553
1	0.00773	0.11104	0.27777	0.00835	0.01130	0.00773	0.03758	0.01037	0.03093	0.03886	0.03734	0.16682	0.08424	0.04704	0.00529	0.00151	0.02520	0.08341	0.00276	0.00474
2	0.09653	0.04785	0.09789	0.00807	0.01094	0.00912	0.01960	0.03150	0.40082	0.16482	0.03898	0.03476	0.01106	0.00521	0.00392	0.00131	0.00361	0.00423	0.00373	0.00604
3	0.00820	0.08429	0.25547	0.09054	0.01406	0.04210	0.07590	0.02271	0.00906	0.01243	0.15428	0.04818	0.04299	0.00604	0.01939	0.00141	0.10105	0.00453	0.00246	0.00490
4	0.00522	0.00370	0.00489	0.00562	0.00589	0.00358	0.00380	0.00593	0.00747	0.01001	0.02006	0.63512	0.02366	0.13552	0.07137	0.00236	0.00329	0.04581	0.00345	0.00322
5	0.00586	0.00391	0.00444	0.00448	0.00449	0.00390	0.00252	0.00589	0.00599	0.00798	0.01323	0.06547	0.01532	0.81772	0.01992	0.00383	0.00386	0.00616	0.00252	0.00250
6	0.00841	0.00721	0.00841	0.00601	0.00961	0.00541	0.00481	0.01022	0.00841	0.01322	0.00721	0.00841	0.00601	0.00300	0.00300	0.00060	0.00300	0.00240	0.00240	0.88222
7	0.00565	0.00427	0.00561	0.00525	0.00628	0.00390	0.02374	0.00735	0.01072	0.01479	0.61996	0.06983	0.16147	0.03676	0.00533	0.00140	0.00215	0.00762	0.00420	0.00373
8	0.00776	0.00727	0.01205	0.81528	0.02727	0.00906	0.01108	0.01080	0.03962	0.01062	0.00757	0.01098	0.00568	0.00411	0.00406	0.00135	0.00532	0.00364	0.00189	0.00458
9	0.01251	0.05740	0.00968	0.00664	0.01005	0.00650	0.00547	0.04312	0.01000	0.32388	0.01053	0.01039	0.00752	0.00386	0.00343	0.00089	0.00330	0.00307	0.00341	0.46835
10	0.00776	0.02064	0.12860	0.00759	0.00985	0.00646	0.06751	0.07506	0.02207	0.03255	0.23055	0.10386	0.07640	0.08562	0.00615	0.00153	0.02694	0.01620	0.00327	0.07137
11	0.00813	0.00763	0.01257	0.68721	0.13549	0.00916	0.01114	0.01131	0.05630	0.01114	0.00781	0.01097	0.00596	0.00408	0.00406	0.00133	0.00520	0.00366	0.00197	0.00488
12	0.00873	0.23679	0.05212	0.00677	0.00895	0.05348	0.00595	0.01122	0.08419	0.05062	0.21501	0.01933	0.14960	0.00702	0.02739	0.00135	0.04866	0.00499	0.00314	0.00470
13	0.00990	0.15307	0.20866	0.14704	0.19710	0.04638	0.06045	0.01288	0.03141	0.05338	0.00781	0.00953	0.00606	0.00395	0.00400	0.00121	0.02569	0.00331	0.01255	0.00563
14	0.09025	0.00868	0.03996	0.00899	0.01001	0.03996	0.00754	0.02209	0.02070	0.04681	0.04998	0.03614	0.00836	0.00841	0.07873	0.00196	0.47077	0.00386	0.00232	0.04447
15	0.01810	0.07825	0.32432	0.03349	0.03063	0.00839	0.04633	0.03810	0.04196	0.05385	0.04377	0.05557	0.09519	0.05647	0.03523	0.00164	0.02643	0.00457	0.00257	0.00514
16	0.02315	0.30053	0.22447	0.01010	0.08465	0.03630	0.02919	0.03306	0.05634	0.08078	0.00804	0.00882	0.00624	0.00385	0.00341	0.00107	0.00469	0.00294	0.00231	0.08006
17	0.03251	0.10180	0.04615	0.08502	0.02527	0.05243	0.03064	0.02990	0.01720	0.06056	0.15888	0.10254	0.10248	0.02424	0.07568	0.00177	0.00431	0.02850	0.00309	0.01702
18	0.18170	0.18465	0.23192	0.00905	0.04314	0.01020	0.05047	0.05121	0.03974	0.06659	0.04313	0.01052	0.03543	0.00430	0.00348	0.00118	0.00439	0.00331	0.00252	0.02308
19	0.09519	0.06174	0.16670	0.00941	0.07613	0.04897	0.02336	0.10224	0.06561	0.06040	0.13155	0.05683	0.02306	0.00624	0.03416	0.00143	0.00437	0.00437	0.00302	0.02523

[dist]
# distance from previous block
# <min> <max>
3	72

[block]
# block no. 6 follows, 66 sequences, length 23
# corresponding to MSA columns:
# 510-532
name=unknown_G
#
# <colnr> <probs for GDERKNQSTAVLIFYWHMCP>
#	G	D	E	R	K	N	Q	S	T	A	V	L	I	F	Y	W	H	M	C	P
0	0.03927	0.05086	0.12332	0.02543	0.07453	0.03344	0.04636	0.06710	0.05852	0.08869	0.05404	0.08266	0.04093	0.04112	0.05462	0.00169	0.01775	0.03626	0.00296	0.06044
1	0.02703	0.03574	0.38536	0.01072	0.01466	0.00827	0.18053	0.01099	0.00855	0.01226	0.02338	0.11588	0.06316	0.03544	0.01663	0.00150	0.02100	0.00493	0.00228	0.02169
2	0.05720	0.04802	0.12601	0.00737	0.00995	0.03634	0.00669	0.07753	0.05972	0.18772	0.09706	0.07279	0.11687	0.03560	0.00498	0.00140	0.02846	0.01755	0.00353	0.00520
3	0.04125	0.07166	0.04275	0.05988	0.11814	0.02397	0.09012	0.04259	0.06815	0.11011	0.06720	0.09943	0.08532	0.00619	0.00438	0.00133	0.01581	0.04340	0.00314	0.00518
4	0.01006	0.17402	0.24242	0.02909	0.03397	0.00955	0.09666	0.04296	0.03328	0.12357	0.02579	0.08008	0.04386	0.00559	0.01989	0.00135	0.01535	0.00432	0.00268	0.00550
5	0.00840	0.04581	0.79203	0.01137	0.01723	0.00970	0.01457	0.03240	0.00881	0.01306	0.00729	0.00853	0.00518	0.00387	0.00382	0.00127	0.00591	0.00299	0.00177	0.00599
6	0.01023	0.05876	0.02704	0.05783	0.13236	0.03989	0.04234	0.05849	0.16089	0.10582	0.08657	0.07249	0.02806	0.00644	0.02620	0.00146	0.05826	0.01818	0.00322	0.00546
7	0.01187	0.07350	0.07576	0.04986	0.19048	0.08941	0.08292	0.11123	0.03890	0.14514	0.01106	0.03750	0.04146	0.00473	0.00417	0.00124	0.01801	0.00403	0.00289	0.00585
8	0.02561	0.00750	0.01183	0.27309	0.22048	0.00807	0.04802	0.06468	0.02740	0.04805	0.06855	0.10863	0.01148	0.00580	0.00459	0.02440	0.00440	0.02968	0.00269	0.00505
9	0.00532	0.00402	0.00513	0.02211	0.00653	0.00386	0.00411	0.00625	0.00823	0.01074	0.05848	0.48993	0.18500	0.06202	0.00624	0.00173	0.02427	0.08902	0.00363	0.00339
10	0.01074	0.00918	0.05651	0.00760	0.01845	0.15775	0.03268	0.03986	0.05185	0.18428	0.08677	0.06008	0.17528	0.04796	0.02241	0.00150	0.00413	0.00539	0.02268	0.00490
11	0.01129	0.15200	0.15592	0.07408	0.07019	0.10336	0.09887	0.08104	0.05749	0.09710	0.00956	0.01051	0.02992	0.00435	0.00409	0.00121	0.02727	0.00354	0.00256	0.00566
12	0.01069	0.80976	0.06994	0.00722	0.01084	0.01566	0.00742	0.01219	0.00826	0.00974	0.00574	0.00663	0.00520	0.00349	0.00268	0.00089	0.00444	0.00222	0.00173	0.00525
13	0.00869	0.00763	0.01105	0.03091	0.01075	0.02725	0.06348	0.02632	0.00729	0.05949	0.00817	0.01170	0.00730	0.01430	0.28709	0.00326	0.40478	0.00392	0.00217	0.00444
14	0.00959	0.03838	0.21279	0.10645	0.14746	0.02613	0.11780	0.05778	0.00959	0.07734	0.02502	0.06038	0.05211	0.01921	0.00462	0.00135	0.02161	0.00441	0.00250	0.00548
15	0.01020	0.05694	0.09089	0.07866	0.11289	0.01002	0.10365	0.07834	0.00919	0.09755	0.00916	0.02669	0.02400	0.00670	0.05745	0.00171	0.21419	0.00394	0.00246	0.00536
16	0.00500	0.00404	0.00434	0.00449	0.00557	0.00351	0.00327	0.00596	0.00886	0.01086	0.06400	0.14428	0.60293	0.07967	0.00617	0.00163	0.00230	0.03608	0.00368	0.00335
17	0.00904	0.00681	0.00821	0.02110	0.05668	0.06220	0.02054	0.07380	0.04683	0.10615	0.18996	0.23474	0.04665	0.00864	0.02490	0.02379	0.04504	0.00669	0.00363	0.00461
18	0.07358	0.21531	0.06098	0.05244	0.28694	0.08028	0.07845	0.02340	0.03130	0.03662	0.00751	0.00907	0.00608	0.00378	0.00358	0.00114	0.00492	0.00319	0.01579	0.00563
19	0.00853	0.00740	0.01067	0.03615	0.35794	0.04013	0.00807	0.04120	0.00944	0.03718	0.06361	0.20875	0.07368	0.03562	0.00501	0.00144	0.00386	0.04337	0.00295	0.00499
20	0.00512	0.00378	0.00467	0.00521	0.00576	0.00347	0.00359	0.00597	0.00830	0.01084	0.09735	0.50290	0.20173	0.08887	0.00649	0.00177	0.00244	0.03472	0.00371	0.00331
21	0.07605	0.04990	0.06338	0.01086	0.12300	0.08710	0.04651	0.06203	0.20608	0.04386	0.04263	0.05948	0.04113	0.00544	0.00464	0.00131	0.06371	0.00438	0.00301	0.00550
22	0.09532	0.10826	0.04214	0.12100	0.23569	0.02257	0.04386	0.11110	0.05869	0.03835	0.00799	0.00963	0.00631	0.00429	0.00455	0.00126	0.07750	0.00339	0.00244	0.00566

[dist]
# distance from previous block
# <min> <max>
3	51

[block]
# block no. 7 follows, 66 sequences, length 10
# corresponding to MSA columns:
# 606-615
name=unknown_H
#
# <colnr> <probs for GDERKNQSTAVLIFYWHMCP>
#	G	D	E	R	K	N	Q	S	T	A	V	L	I	F	Y	W	H	M	C	P
0	0.03937	0.14749	0.11593	0.02999	0.01279	0.09522	0.10315	0.05870	0.00961	0.07308	0.00873	0.06495	0.00737	0.00431	0.00362	0.00106	0.00463	0.00357	0.00250	0.21394
1	0.05973	0.14412	0.14342	0.11061	0.08357	0.15767	0.02511	0.05107	0.00958	0.05799	0.00745	0.00881	0.00582	0.00432	0.01808	0.00119	0.00521	0.00297	0.00225	0.10103
2	0.01086	0.03307	0.04764	0.08264	0.39570	0.16710	0.05739	0.04787	0.03252	0.01285	0.00759	0.00951	0.00617	0.00388	0.00406	0.00117	0.01957	0.00339	0.00216	0.05486
3	0.00608	0.00435	0.00564	0.00570	0.00623	0.00455	0.00402	0.02802	0.00702	0.00965	0.01384	0.14335	0.01501	0.34766	0.30224	0.00421	0.00609	0.05730	0.00267	0.02637
4	0.00598	0.00439	0.00551	0.00579	0.00653	0.00435	0.00430	0.02190	0.04378	0.01162	0.12983	0.23909	0.11111	0.15808	0.07330	0.00237	0.00354	0.16146	0.00353	0.00355
5	0.00617	0.00422	0.00515	0.00544	0.00587	0.00417	0.00362	0.00745	0.06223	0.03426	0.05220	0.37072	0.02088	0.34846	0.01125	0.00252	0.00312	0.04563	0.00333	0.00332
6	0.00570	0.00395	0.00473	0.00486	0.00515	0.00385	0.00310	0.00623	0.00728	0.00980	0.13332	0.15738	0.05758	0.51182	0.03829	0.00308	0.00350	0.03441	0.00305	0.00291
7	0.00945	0.01057	0.02185	0.01593	0.01929	0.01065	0.67067	0.01241	0.00897	0.01241	0.00768	0.01057	0.00601	0.00409	0.00634	0.00144	0.15983	0.00456	0.00200	0.00528
8	0.00517	0.00369	0.00477	0.00548	0.00580	0.00347	0.00369	0.00593	0.00788	0.01051	0.07204	0.63467	0.05619	0.11916	0.00711	0.00191	0.00257	0.04307	0.00364	0.00325
9	0.00918	0.00719	0.00849	0.00610	0.00967	0.00545	0.00490	0.01096	0.00866	0.07762	0.00790	0.00884	0.00633	0.00316	0.00309	0.00065	0.00304	0.00254	0.00261	0.81362

[dist]
# distance from previous block
# <min> <max>
0	1

[block]
# block no. 8 follows, 66 sequences, length 7
# corresponding to MSA columns:
# 617-623
name=unknown_I
#
# <colnr> <probs for GDERKNQSTAVLIFYWHMCP>
#	G	D	E	R	K	N	Q	S	T	A	V	L	I	F	Y	W	H	M	C	P
0	0.00872	0.02211	0.03490	0.04198	0.09694	0.06191	0.06840	0.08338	0.05610	0.02757	0.20556	0.05615	0.12937	0.00671	0.00507	0.00133	0.06463	0.02106	0.00326	0.00483
1	0.00618	0.00450	0.00550	0.00588	0.00655	0.00440	0.00410	0.09915	0.00912	0.01205	0.02215	0.64782	0.09556	0.04946	0.00571	0.00168	0.00264	0.01011	0.00374	0.00368
2	0.01030	0.00840	0.00892	0.00677	0.01002	0.07643	0.00537	0.08333	0.00987	0.08546	0.00883	0.04850	0.00735	0.00390	0.00335	0.00080	0.00351	0.00311	0.00282	0.61298
3	0.00908	0.07329	0.25488	0.04859	0.05504	0.02403	0.03374	0.03753	0.06498	0.07977	0.06793	0.03607	0.06340	0.09375	0.00589	0.00155	0.01534	0.01635	0.00275	0.01605
4	0.00860	0.03389	0.09105	0.00674	0.00824	0.07436	0.00549	0.08110	0.00839	0.06169	0.01131	0.04019	0.01120	0.37450	0.16287	0.00334	0.00566	0.00478	0.00261	0.00399
5	0.01107	0.07250	0.27472	0.03607	0.07434	0.05239	0.07328	0.11970	0.05362	0.11818	0.03353	0.01136	0.02742	0.00490	0.01808	0.00133	0.00511	0.00371	0.00277	0.00591
6	0.03533	0.13197	0.10958	0.09584	0.05913	0.08887	0.07525	0.05373	0.02571	0.11858	0.04384	0.04983	0.00906	0.00480	0.00399	0.00121	0.01560	0.02393	0.00272	0.05104

[dist]
# distance from previous block
# <min> <max>
0	76

[block]
# block no. 9 follows, 66 sequences, length 23
# corresponding to MSA columns:
# 701-723
name=unknown_J
#
# <colnr> <probs for GDERKNQSTAVLIFYWHMCP>
#	G	D	E	R	K	N	Q	S	T	A	V	L	I	F	Y	W	H	M	C	P
0	0.19686	0.03148	0.10592	0.00914	0.05621	0.11913	0.05972	0.02365	0.05614	0.08405	0.00842	0.02533	0.00660	0.00402	0.00346	0.00110	0.00439	0.00313	0.00261	0.19863
1	0.00627	0.00523	0.00664	0.00652	0.00747	0.03478	0.05476	0.00798	0.06684	0.01108	0.03979	0.51533	0.06752	0.09324	0.00639	0.00173	0.00304	0.00895	0.00344	0.05300
2	0.01151	0.08844	0.10803	0.09862	0.01411	0.04690	0.07660	0.17065	0.09243	0.12966	0.04244	0.01287	0.03813	0.00551	0.02430	0.00138	0.01714	0.01241	0.00314	0.00573
3	0.83833	0.05433	0.00680	0.00542	0.00799	0.00948	0.00453	0.01194	0.00698	0.01773	0.00565	0.00659	0.00444	0.00375	0.00252	0.00123	0.00320	0.00220	0.00247	0.00444
4	0.00955	0.07868	0.10806	0.10022	0.07211	0.15537	0.12772	0.01194	0.02890	0.02682	0.05547	0.08904	0.04823	0.00553	0.00465	0.00130	0.05047	0.01855	0.00245	0.00492
5	0.00509	0.00410	0.00449	0.00442	0.00561	0.00355	0.00328	0.00632	0.00972	0.01229	0.25395	0.05327	0.57362	0.03585	0.00529	0.00143	0.00208	0.00821	0.00392	0.00350
6	0.84042	0.00780	0.00614	0.00543	0.00798	0.00894	0.00448	0.01234	0.00715	0.06117	0.00619	0.00697	0.00469	0.00383	0.00259	0.00126	0.00315	0.00230	0.00264	0.00453
7	0.01165	0.01090	0.05227	0.06211	0.17029	0.06308	0.09848	0.24087	0.12201	0.03819	0.00956	0.01096	0.00736	0.02430	0.00508	0.00135	0.05876	0.00385	0.00293	0.00601
8	0.00495	0.00373	0.00459	0.00520	0.00578	0.00336	0.00358	0.00582	0.00839	0.01087	0.07562	0.58222	0.24762	0.01178	0.00505	0.00155	0.00225	0.01047	0.00381	0.00336
9	0.00963	0.01041	0.01163	0.56222	0.02237	0.24031	0.00993	0.01179	0.00895	0.01019	0.00718	0.01016	0.00565	0.00574	0.05619	0.00159	0.00628	0.00338	0.00191	0.00451
10	0.00552	0.00420	0.00505	0.01971	0.00620	0.00387	0.00371	0.00687	0.00966	0.01280	0.36506	0.03312	0.30729	0.12260	0.02580	0.00182	0.00261	0.05679	0.00381	0.00351
11	0.00880	0.00877	0.01241	0.06287	0.01173	0.01221	0.00903	0.00980	0.00633	0.00980	0.00544	0.00900	0.00533	0.00691	0.01274	0.00175	0.79730	0.00355	0.00178	0.00444
12	0.00964	0.01036	0.06254	0.08860	0.54027	0.00972	0.19386	0.01243	0.00919	0.01294	0.00771	0.01023	0.00621	0.00362	0.00418	0.00126	0.00539	0.00384	0.00199	0.00603
13	0.01481	0.01091	0.01174	0.00912	0.01219	0.01204	0.00748	0.77106	0.01841	0.02468	0.01048	0.05914	0.00806	0.00533	0.00412	0.00124	0.00434	0.00411	0.00404	0.00669
14	0.88607	0.00785	0.00596	0.00534	0.00785	0.00910	0.00439	0.01193	0.00690	0.01820	0.00565	0.00659	0.00439	0.00377	0.00251	0.00126	0.00314	0.00220	0.00251	0.00439
15	0.00934	0.00888	0.01508	0.22529	0.60795	0.00932	0.01196	0.01181	0.00897	0.01251	0.00799	0.01143	0.00675	0.00398	0.00408	0.00126	0.00493	0.03058	0.00202	0.00587
16	0.00531	0.00413	0.00483	0.00505	0.00602	0.00375	0.00373	0.00674	0.02963	0.01204	0.18900	0.23153	0.38205	0.02842	0.00527	0.00151	0.00230	0.07124	0.00388	0.00355
17	0.01237	0.00985	0.01046	0.00872	0.01142	0.01116	0.00697	0.36277	0.47985	0.02065	0.01361	0.01283	0.01004	0.00523	0.00410	0.00131	0.00375	0.00419	0.00410	0.00663
18	0.00590	0.00436	0.00530	0.00545	0.00664	0.00397	0.00439	0.00741	0.00987	0.03417	0.22048	0.03837	0.37594	0.00995	0.00502	0.00150	0.00257	0.25105	0.00396	0.00371
19	0.01050	0.11435	0.03087	0.10552	0.44906	0.08542	0.03748	0.05989	0.02526	0.01291	0.00786	0.02857	0.00663	0.00401	0.00387	0.00119	0.00503	0.00357	0.00216	0.00584
20	0.00522	0.00395	0.00459	0.00485	0.00571	0.00353	0.00349	0.00604	0.00861	0.01088	0.09695	0.23895	0.41859	0.06398	0.00662	0.05656	0.00242	0.05216	0.00362	0.00328
21	0.78028	0.00803	0.00671	0.05483	0.00932	0.00931	0.00500	0.06228	0.00774	0.01821	0.00600	0.00703	0.00461	0.00385	0.00270	0.00126	0.00335	0.00237	0.00257	0.00456
22	0.15204	0.13676	0.01243	0.01019	0.07397	0.49335	0.00751	0.04813	0.01045	0.01209	0.00633	0.00739	0.00525	0.00400	0.00337	0.00107	0.00592	0.00260	0.00218	0.00495

[dist]
# distance from previous block
# <min> <max>
0	2

[block]
# block no. 10 follows, 66 sequences, length 22
# corresponding to MSA columns:
# 726-747
name=unknown_K
#
# <colnr> <probs for GDERKNQSTAVLIFYWHMCP>
#	G	D	E	R	K	N	Q	S	T	A	V	L	I	F	Y	W	H	M	C	P
0	0.00766	0.00631	0.00643	0.00594	0.00736	0.08077	0.00451	0.01076	0.13285	0.04948	0.43602	0.02634	0.16895	0.00761	0.00450	0.00128	0.00269	0.00647	0.02972	0.00435
1	0.00772	0.00713	0.03328	0.04414	0.08908	0.08396	0.00576	0.00991	0.04822	0.04694	0.31704	0.03984	0.22033	0.00733	0.00446	0.00127	0.00317	0.00626	0.00359	0.02057
2	0.00596	0.00422	0.00567	0.00647	0.00705	0.00415	0.00509	0.00720	0.00835	0.01096	0.02044	0.28622	0.02311	0.13866	0.00773	0.00211	0.00335	0.44630	0.00355	0.00341
3	0.02529	0.55166	0.09543	0.00831	0.01180	0.11659	0.04075	0.03017	0.04067	0.03653	0.00681	0.00761	0.00569	0.00375	0.00307	0.00099	0.00488	0.00259	0.00205	0.00535
4	0.00593	0.00426	0.00521	0.00497	0.00606	0.00390	0.00372	0.00782	0.02905	0.03084	0.56625	0.05767	0.20645	0.00859	0.00469	0.00130	0.00202	0.00747	0.03997	0.00384
5	0.08972	0.02181	0.00968	0.00788	0.01040	0.05093	0.00629	0.24693	0.22128	0.17422	0.02615	0.03174	0.01001	0.05785	0.00508	0.00144	0.01457	0.00415	0.00386	0.00599
6	0.04504	0.00923	0.05963	0.36573	0.27421	0.00931	0.10240	0.02680	0.00896	0.04880	0.00783	0.01041	0.00599	0.00388	0.00405	0.00129	0.00522	0.00367	0.00210	0.00544
7	0.80241	0.00795	0.00642	0.00561	0.00819	0.00909	0.00462	0.04793	0.00769	0.06111	0.00637	0.00711	0.00480	0.00388	0.00266	0.00125	0.00321	0.00236	0.00271	0.00464
8	0.16895	0.00776	0.00880	0.00713	0.00984	0.00790	0.00583	0.18286	0.06908	0.35200	0.08569	0.01463	0.03290	0.00537	0.00392	0.00127	0.00342	0.02245	0.00420	0.00599
9	0.01056	0.04458	0.32054	0.03428	0.04762	0.02912	0.03862	0.10728	0.01021	0.10606	0.00849	0.00936	0.00619	0.00388	0.00370	0.00110	0.00478	0.00313	0.00255	0.20795
10	0.01305	0.00947	0.00997	0.00833	0.01093	0.05202	0.00661	0.23957	0.38705	0.16085	0.01389	0.01349	0.01020	0.03991	0.00475	0.00140	0.00384	0.00420	0.00409	0.00639
11	0.02647	0.13031	0.02513	0.00930	0.05336	0.11620	0.00729	0.13166	0.28029	0.06879	0.01078	0.01085	0.00824	0.00473	0.00424	0.00120	0.05046	0.00354	0.00318	0.05398
12	0.00579	0.00390	0.00451	0.00460	0.00468	0.00386	0.00268	0.00597	0.00641	0.00860	0.05863	0.11825	0.01737	0.71757	0.01807	0.00354	0.00365	0.00660	0.00271	0.00263
13	0.00530	0.00391	0.00528	0.02492	0.03046	0.00372	0.00414	0.00621	0.00815	0.01095	0.10377	0.64932	0.04748	0.05801	0.00592	0.00171	0.00255	0.02109	0.00367	0.00343
14	0.00958	0.01094	0.02394	0.01710	0.02120	0.01026	0.81737	0.01300	0.00958	0.01300	0.00821	0.01094	0.00616	0.00342	0.00479	0.00137	0.00684	0.00479	0.00205	0.00547
15	0.00949	0.30698	0.48547	0.01010	0.01498	0.03607	0.04049	0.03161	0.00882	0.01194	0.00678	0.00794	0.00524	0.00374	0.00346	0.00114	0.00546	0.00278	0.00180	0.00569
16	0.00572	0.00400	0.00511	0.00523	0.00601	0.00366	0.00375	0.00704	0.00976	0.03724	0.40724	0.32382	0.12356	0.03230	0.00532	0.00149	0.00218	0.00884	0.00410	0.00365
17	0.00664	0.00453	0.00561	0.00521	0.00644	0.00420	0.00395	0.02060	0.02518	0.07255	0.50012	0.02965	0.21418	0.02912	0.05243	0.00165	0.00267	0.00708	0.00416	0.00400
18	0.01111	0.00619	0.00814	0.00723	0.02070	0.01934	0.03615	0.05851	0.04039	0.29958	0.13511	0.17068	0.04966	0.00752	0.00451	0.00138	0.00320	0.07535	0.04009	0.00516
19	0.00550	0.02046	0.00521	0.00527	0.00613	0.00382	0.00386	0.00666	0.00915	0.02530	0.20108	0.36954	0.25135	0.01068	0.00495	0.00148	0.00232	0.05976	0.00390	0.00357
20	0.01143	0.38152	0.19375	0.01016	0.06978	0.22971	0.00931	0.03124	0.00947	0.01097	0.00639	0.00748	0.00532	0.00378	0.00328	0.00104	0.00551	0.00260	0.00189	0.00537
21	0.02679	0.08931	0.14145	0.04254	0.05429	0.05856	0.03188	0.05762	0.01944	0.09961	0.04273	0.06982	0.03074	0.00686	0.03090	0.00151	0.07822	0.09674	0.00284	0.01813

[dist]
# distance from previous block
# <min> <max>
3	44

[block]
# block no. 11 follows, 66 sequences, length 18
# corresponding to MSA columns:
# 792-809
name=unknown_L
#
# <colnr> <probs for GDERKNQSTAVLIFYWHMCP>
#	G	D	E	R	K	N	Q	S	T	A	V	L	I	F	Y	W	H	M	C	P
0	0.07072	0.03101	0.14730	0.06422	0.13721	0.08685	0.05675	0.11265	0.13874	0.05284	0.01029	0.01147	0.02752	0.02965	0.00441	0.00133	0.00482	0.00373	0.00277	0.00574
1	0.00775	0.00492	0.00567	0.00533	0.00665	0.02375	0.00405	0.03107	0.01027	0.11700	0.27567	0.13176	0.20217	0.00826	0.00445	0.00130	0.00243	0.02627	0.12706	0.00415
2	0.00743	0.01068	0.24791	0.02107	0.03174	0.04975	0.05333	0.01006	0.02780	0.01127	0.04117	0.05726	0.06073	0.04618	0.26565	0.00305	0.04337	0.00463	0.00232	0.00458
3	0.00775	0.00779	0.05137	0.17352	0.03044	0.06411	0.05235	0.01965	0.00835	0.02051	0.04862	0.27730	0.01405	0.00843	0.03718	0.00166	0.13521	0.00627	0.03121	0.00427
4	0.00506	0.00363	0.00476	0.00556	0.00588	0.00339	0.00376	0.00584	0.00796	0.01062	0.06479	0.73092	0.05100	0.04993	0.00584	0.00173	0.00242	0.02987	0.00374	0.00330
5	0.88607	0.00785	0.00596	0.00534	0.00785	0.00910	0.00439	0.01193	0.00690	0.01820	0.00565	0.00659	0.00439	0.00377	0.00251	0.00126	0.00314	0.00220	0.00251	0.00439
6	0.01001	0.03026	0.08433	0.14293	0.04492	0.05051	0.17486	0.07954	0.16051	0.03200	0.00984	0.01159	0.01919	0.02050	0.00561	0.00141	0.10990	0.00402	0.00259	0.00547
7	0.00599	0.00422	0.00521	0.00503	0.00614	0.00379	0.00378	0.00754	0.01050	0.05059	0.48490	0.10167	0.25560	0.00915	0.00481	0.00135	0.00211	0.02960	0.00422	0.00381
8	0.03321	0.24332	0.13419	0.00943	0.05482	0.10082	0.04193	0.04246	0.08922	0.12854	0.03326	0.01118	0.00827	0.03880	0.00430	0.00126	0.00468	0.01201	0.00273	0.00557
9	0.37663	0.08613	0.23946	0.00847	0.03141	0.03146	0.00838	0.06007	0.03306	0.03397	0.00695	0.00797	0.00531	0.00410	0.00373	0.00125	0.05131	0.00274	0.00235	0.00523
10	0.00972	0.00950	0.01532	0.20575	0.62167	0.04309	0.01200	0.01214	0.00908	0.01248	0.00748	0.01010	0.00615	0.00374	0.00401	0.00123	0.00505	0.00357	0.00197	0.00593
11	0.00656	0.00435	0.00530	0.00513	0.00631	0.00394	0.00383	0.00783	0.00953	0.09418	0.24218	0.13361	0.32383	0.04922	0.07252	0.00190	0.00301	0.01903	0.00389	0.00384
12	0.00699	0.00529	0.00619	0.00591	0.00714	0.00481	0.00438	0.00882	0.05417	0.01586	0.54568	0.03343	0.24874	0.00945	0.00527	0.00154	0.00250	0.02472	0.00462	0.00449
13	0.06304	0.00572	0.00713	0.00611	0.00806	0.00540	0.00484	0.01323	0.07628	0.30511	0.37839	0.02252	0.05949	0.00679	0.00436	0.00129	0.00267	0.01996	0.00447	0.00514
14	0.00967	0.00819	0.00897	0.00791	0.01013	0.00920	0.02340	0.07843	0.61095	0.01695	0.08315	0.01794	0.08515	0.00605	0.00425	0.00136	0.00318	0.00509	0.00407	0.00597
15	0.00824	0.00703	0.00823	0.00599	0.00943	0.00530	0.00475	0.00999	0.00838	0.01308	0.00798	0.05115	0.00706	0.00349	0.00311	0.00065	0.00297	0.00286	0.00247	0.83783
16	0.01051	0.00913	0.03073	0.21594	0.21956	0.05184	0.02473	0.12334	0.06539	0.06917	0.01030	0.02484	0.02492	0.00497	0.01394	0.00133	0.02674	0.01221	0.05484	0.00556
17	0.00523	0.00392	0.00445	0.00465	0.00532	0.00357	0.00312	0.00595	0.00810	0.01034	0.09064	0.22835	0.34012	0.25694	0.00949	0.00217	0.00266	0.00840	0.00344	0.00315

[dist]
# distance from previous block
# <min> <max>
0	11

# created by:
# /st0/software/busco_prod/Augustus/scripts/msa2prfl.pl ./align_prep/37194.fa
