[name]
unknown

[dist]
# distance from previous block
# <min> <max>
1	56

[block]
# block no. 0 follows, 71 sequences, length 76
# corresponding to MSA columns:
# 56-131
name=unknown_A
#
# <colnr> <probs for GDERKNQSTAVLIFYWHMCP>
#	G	D	E	R	K	N	Q	S	T	A	V	L	I	F	Y	W	H	M	C	P
0	0.02231	0.00383	0.00452	0.00478	0.00500	0.00380	0.00302	0.02084	0.00656	0.00889	0.01538	0.29134	0.02478	0.51546	0.01348	0.00283	0.00321	0.04441	0.00281	0.00275
1	0.49989	0.05132	0.05984	0.00709	0.00991	0.03024	0.08237	0.05465	0.02077	0.06194	0.00720	0.00882	0.00567	0.00389	0.00300	0.00116	0.00371	0.03153	0.00251	0.05451
2	0.16719	0.02388	0.02491	0.04432	0.08752	0.13408	0.04554	0.19551	0.05526	0.09056	0.01749	0.01013	0.00698	0.04130	0.03789	0.00146	0.00464	0.00331	0.00283	0.00520
3	0.00930	0.00915	0.01379	0.19854	0.51518	0.07228	0.01803	0.02850	0.01857	0.01176	0.00722	0.00967	0.00595	0.00458	0.03357	0.00135	0.03183	0.00339	0.00193	0.00541
4	0.00954	0.00772	0.01145	0.05340	0.39201	0.00774	0.00838	0.04862	0.11088	0.09196	0.11681	0.01372	0.03948	0.00457	0.00387	0.00114	0.00369	0.00410	0.00287	0.06804
5	0.00557	0.00373	0.00424	0.00424	0.00426	0.00375	0.00240	0.00562	0.00559	0.00748	0.01202	0.02478	0.01380	0.83918	0.04540	0.00379	0.00392	0.00553	0.00231	0.00236
6	0.00735	0.00680	0.01137	0.67990	0.11333	0.00814	0.01022	0.00980	0.00798	0.01042	0.04194	0.01286	0.00750	0.00435	0.00394	0.00129	0.00482	0.05167	0.00194	0.00439
7	0.25137	0.00966	0.00972	0.00773	0.01054	0.01083	0.00635	0.55004	0.07320	0.02170	0.00862	0.00877	0.00625	0.00436	0.00345	0.00117	0.00380	0.00314	0.00345	0.00585
8	0.00994	0.00865	0.01408	0.14959	0.52979	0.00888	0.03957	0.06807	0.02709	0.06797	0.00800	0.00991	0.00628	0.00366	0.00381	0.00116	0.00451	0.00347	0.00225	0.03333
9	0.00900	0.00804	0.01348	0.40018	0.37538	0.00880	0.03670	0.04108	0.00870	0.05104	0.00750	0.01001	0.00581	0.00371	0.00384	0.00121	0.00479	0.00347	0.00202	0.00526
10	0.01759	0.03155	0.32384	0.01348	0.01794	0.00950	0.45782	0.04139	0.00901	0.02948	0.00756	0.00940	0.00553	0.00347	0.00410	0.00125	0.00594	0.00378	0.00194	0.00541
11	0.00893	0.01072	0.06859	0.02401	0.03323	0.03859	0.67883	0.01201	0.00892	0.01200	0.00808	0.02326	0.00638	0.00432	0.03079	0.00144	0.00640	0.01648	0.00197	0.00507
12	0.01051	0.00839	0.16907	0.01640	0.02720	0.00585	0.05219	0.02162	0.00914	0.32746	0.01563	0.21091	0.06529	0.03642	0.00468	0.00138	0.00365	0.00564	0.00346	0.00510
13	0.01181	0.00715	0.07637	0.07273	0.04103	0.00606	0.00655	0.03721	0.01981	0.41299	0.03082	0.19103	0.02956	0.00629	0.00436	0.00129	0.03055	0.00533	0.00374	0.00535
14	0.00569	0.00411	0.00585	0.00579	0.00629	0.00466	0.00432	0.00648	0.00604	0.00850	0.01111	0.01681	0.04392	0.14902	0.56750	0.10517	0.03917	0.00437	0.00210	0.00308
15	0.00946	0.25935	0.37376	0.02792	0.01404	0.12140	0.06331	0.01252	0.03717	0.01089	0.00661	0.00780	0.00520	0.00371	0.00364	0.00110	0.03240	0.00275	0.00178	0.00520
16	0.01195	0.00905	0.01238	0.12728	0.37935	0.10475	0.00922	0.01397	0.01831	0.25263	0.00953	0.01072	0.00703	0.00401	0.00380	0.00116	0.00450	0.01186	0.00274	0.00575
17	0.01244	0.00968	0.01031	0.00839	0.01108	0.01089	0.00677	0.48669	0.36336	0.02073	0.01191	0.01136	0.00871	0.00486	0.00386	0.00121	0.00372	0.00383	0.00386	0.00633
18	0.00526	0.00373	0.00447	0.00469	0.00509	0.00352	0.00305	0.00574	0.00689	0.00912	0.05224	0.29187	0.12074	0.38056	0.01919	0.02089	0.00297	0.02662	0.00296	0.03039
19	0.03558	0.00618	0.00846	0.05451	0.01003	0.00572	0.02972	0.02393	0.03599	0.50474	0.04749	0.04531	0.05231	0.02260	0.03103	0.03794	0.00351	0.00437	0.00393	0.03667
20	0.89233	0.00741	0.00564	0.00504	0.00741	0.00860	0.00415	0.01127	0.00653	0.01720	0.00534	0.00623	0.00415	0.00356	0.00237	0.00119	0.00297	0.00208	0.00237	0.00415
21	0.00791	0.00743	0.01246	0.54215	0.28657	0.00850	0.01063	0.01037	0.01819	0.01070	0.00781	0.01070	0.02548	0.00404	0.00405	0.01804	0.00480	0.00353	0.00184	0.00479
22	0.00548	0.00411	0.00616	0.00616	0.00685	0.00479	0.00479	0.00685	0.00616	0.00890	0.01027	0.01506	0.00959	0.02876	0.85006	0.00616	0.01027	0.00411	0.00205	0.00342
23	0.00949	0.00927	0.06176	0.03101	0.04394	0.00839	0.44791	0.08036	0.00962	0.08983	0.02524	0.07978	0.00884	0.00590	0.05168	0.00156	0.00557	0.02218	0.00255	0.00512
24	0.01036	0.00955	0.01423	0.07368	0.52817	0.07517	0.05938	0.06203	0.03528	0.06302	0.00869	0.01035	0.02497	0.00382	0.00384	0.00116	0.00469	0.00357	0.00228	0.00576
25	0.03613	0.00677	0.00842	0.14068	0.01134	0.08307	0.05292	0.05823	0.00883	0.11437	0.01427	0.39205	0.01480	0.00771	0.00454	0.00137	0.03040	0.00676	0.00310	0.00423
26	0.00508	0.00366	0.00472	0.00515	0.00565	0.00347	0.00364	0.00605	0.00808	0.01086	0.19620	0.42588	0.09005	0.10926	0.03658	0.00189	0.00268	0.07441	0.00350	0.00319
27	0.00969	0.01037	0.06078	0.20868	0.39319	0.12114	0.05310	0.04050	0.00917	0.02419	0.02837	0.00981	0.00646	0.00376	0.00381	0.00117	0.00506	0.00341	0.00202	0.00533
28	0.02548	0.00956	0.04946	0.13131	0.64141	0.04245	0.01134	0.01174	0.00864	0.02207	0.00716	0.00941	0.00586	0.00352	0.00376	0.00116	0.00472	0.00333	0.00191	0.00572
29	0.01240	0.01476	0.01146	0.08184	0.08069	0.55142	0.00819	0.03954	0.00986	0.01012	0.00607	0.00771	0.00511	0.00435	0.00497	0.00114	0.14101	0.00280	0.00196	0.00459
30	0.00943	0.00798	0.00954	0.00731	0.00989	0.00801	0.00597	0.18006	0.00958	0.01419	0.00691	0.00831	0.00571	0.00407	0.00523	0.00094	0.19449	0.00276	0.00246	0.50715
31	0.00554	0.00370	0.00419	0.00422	0.00423	0.00370	0.00237	0.00557	0.00564	0.00752	0.01240	0.05491	0.01435	0.83488	0.01899	0.00364	0.00366	0.00577	0.00237	0.00235
32	0.00525	0.00355	0.00462	0.00518	0.00562	0.00327	0.00353	0.00595	0.00769	0.03913	0.07904	0.64846	0.09300	0.03821	0.00562	0.03314	0.00229	0.00970	0.00354	0.00320
33	0.00552	0.00388	0.00535	0.00542	0.00585	0.00420	0.00388	0.00630	0.00633	0.00884	0.05832	0.08792	0.01357	0.25353	0.44325	0.05840	0.00682	0.01722	0.00237	0.00300
34	0.00538	0.00367	0.00439	0.00455	0.00467	0.00366	0.00277	0.00567	0.00618	0.00832	0.04785	0.19151	0.01688	0.61146	0.06416	0.00333	0.00372	0.00661	0.00263	0.00260
35	0.89233	0.00741	0.00564	0.00504	0.00741	0.00860	0.00415	0.01127	0.00653	0.01720	0.00534	0.00623	0.00415	0.00356	0.00237	0.00119	0.00297	0.00208	0.00237	0.00415
36	0.02317	0.00352	0.00448	0.00519	0.00561	0.00329	0.00356	0.00562	0.00767	0.01032	0.06574	0.70558	0.10525	0.01137	0.00479	0.00151	0.00221	0.02435	0.00357	0.00318
37	0.00795	0.00681	0.00795	0.00568	0.00909	0.00511	0.00454	0.00965	0.00795	0.01249	0.00681	0.00795	0.00568	0.00284	0.00284	0.00057	0.00284	0.00227	0.00227	0.88869
38	0.00566	0.00382	0.00450	0.00461	0.00476	0.00381	0.00291	0.00597	0.00622	0.00828	0.04208	0.02777	0.01586	0.71526	0.01699	0.00336	0.00362	0.11944	0.00256	0.00254
39	0.00583	0.00378	0.00451	0.00491	0.00562	0.00364	0.00371	0.00708	0.00797	0.01144	0.03537	0.21609	0.12665	0.09378	0.00574	0.00159	0.00251	0.19608	0.26043	0.00329
40	0.18520	0.00672	0.00733	0.00645	0.00841	0.00710	0.00504	0.14962	0.12930	0.16828	0.06391	0.21205	0.02192	0.00650	0.00386	0.00129	0.00299	0.00539	0.00368	0.00498
41	0.00927	0.00662	0.00753	0.00674	0.00843	0.00693	0.00527	0.29113	0.07443	0.05815	0.03873	0.23422	0.11277	0.03846	0.00491	0.00144	0.00316	0.08338	0.00371	0.00473
42	0.00508	0.00394	0.00470	0.00494	0.00593	0.00355	0.00384	0.00636	0.00901	0.01153	0.19199	0.13832	0.40240	0.00981	0.00474	0.00141	0.00229	0.18310	0.00369	0.00336
43	0.08315	0.00461	0.00557	0.00513	0.00640	0.00443	0.00389	0.00917	0.02525	0.13337	0.41071	0.08844	0.08179	0.05324	0.03598	0.00154	0.00259	0.00612	0.03462	0.00399
44	0.03931	0.00439	0.00573	0.00566	0.00676	0.00412	0.00421	0.00899	0.00851	0.19935	0.10460	0.41217	0.05503	0.02243	0.06510	0.00178	0.00308	0.04104	0.00373	0.00401
45	0.76548	0.00745	0.00621	0.00538	0.00784	0.00842	0.00443	0.04464	0.00745	0.10426	0.00652	0.00706	0.00481	0.00373	0.00259	0.00118	0.00305	0.00232	0.00268	0.00450
46	0.01350	0.01057	0.01200	0.00929	0.01225	0.04191	0.07424	0.63417	0.08776	0.03074	0.00961	0.00983	0.00696	0.00506	0.02288	0.00128	0.00452	0.00360	0.00359	0.00623
47	0.00538	0.00411	0.00554	0.00551	0.00617	0.00441	0.00412	0.00652	0.00723	0.00995	0.12900	0.10507	0.13840	0.10774	0.40374	0.00386	0.04132	0.00588	0.00274	0.00331
48	0.06135	0.00381	0.00506	0.00525	0.00572	0.00394	0.00374	0.00609	0.00636	0.00923	0.03081	0.23293	0.05465	0.01530	0.19908	0.31514	0.00444	0.00570	0.02863	0.00277
49	0.00471	0.00335	0.00444	0.00529	0.00551	0.00314	0.00351	0.00535	0.00727	0.00969	0.02077	0.82894	0.02490	0.04645	0.00548	0.00164	0.00228	0.01069	0.00351	0.00308
50	0.01279	0.01009	0.04334	0.00989	0.01305	0.01023	0.16314	0.41611	0.14534	0.11977	0.01059	0.01066	0.00751	0.00442	0.00397	0.00121	0.00439	0.00382	0.00351	0.00616
51	0.17186	0.12897	0.12883	0.01108	0.14688	0.17563	0.05963	0.07177	0.01856	0.01298	0.00670	0.00802	0.00538	0.00454	0.03282	0.00127	0.00510	0.00282	0.00210	0.00507
52	0.00548	0.00370	0.00425	0.00436	0.00442	0.00367	0.00254	0.00561	0.00587	0.00780	0.01358	0.10782	0.02825	0.74852	0.01752	0.00342	0.00354	0.02472	0.00249	0.00244
53	0.00944	0.00814	0.00845	0.00766	0.00966	0.04349	0.00594	0.03121	0.67515	0.02961	0.01486	0.04498	0.01163	0.00731	0.07318	0.00169	0.00378	0.00446	0.00367	0.00569
54	0.01534	0.00811	0.02974	0.00890	0.04184	0.00744	0.09494	0.16867	0.01194	0.55248	0.01275	0.01180	0.00831	0.00448	0.00392	0.00119	0.00389	0.00381	0.00410	0.00634
55	0.00582	0.00456	0.00533	0.00519	0.00621	0.02013	0.00387	0.02652	0.06565	0.01352	0.44553	0.15459	0.17733	0.00906	0.02608	0.00141	0.00237	0.01925	0.00386	0.00371
56	0.00824	0.00783	0.01330	0.48648	0.38816	0.00878	0.01114	0.01067	0.00814	0.01101	0.00699	0.00990	0.00554	0.00365	0.00382	0.00122	0.00486	0.00341	0.00179	0.00506
57	0.00561	0.00393	0.00562	0.00562	0.00619	0.00433	0.00420	0.00632	0.00613	0.00853	0.01214	0.01706	0.07739	0.09046	0.57418	0.15483	0.00790	0.00442	0.00213	0.00302
58	0.00797	0.09429	0.73986	0.01075	0.01614	0.00949	0.04579	0.01209	0.00811	0.01187	0.00678	0.00801	0.00490	0.00359	0.00357	0.00118	0.00556	0.00283	0.00163	0.00558
59	0.00843	0.00868	0.01646	0.35602	0.12121	0.02199	0.35579	0.01116	0.00849	0.02050	0.00816	0.01085	0.02687	0.00369	0.00413	0.00126	0.00554	0.00399	0.00191	0.00487
60	0.01771	0.11582	0.04189	0.19218	0.08374	0.00903	0.04882	0.02875	0.00763	0.06546	0.00778	0.01072	0.00658	0.03435	0.15805	0.01307	0.14834	0.00347	0.00205	0.00454
61	0.01025	0.86756	0.02009	0.00656	0.00984	0.01517	0.00656	0.01148	0.00779	0.00902	0.00533	0.00615	0.00492	0.00328	0.00246	0.00082	0.00410	0.00205	0.00164	0.00492
62	0.03211	0.05627	0.16083	0.29743	0.09901	0.01914	0.08579	0.02805	0.05066	0.12159	0.00841	0.00998	0.00613	0.00387	0.00375	0.00121	0.00483	0.00340	0.00230	0.00524
63	0.00902	0.00864	0.01469	0.18789	0.66507	0.00904	0.01148	0.01133	0.00847	0.01193	0.00709	0.00961	0.00586	0.00356	0.00396	0.00118	0.02021	0.00341	0.00186	0.00568
64	0.00622	0.00454	0.00598	0.00546	0.00660	0.00444	0.02184	0.04125	0.00990	0.04394	0.46875	0.03879	0.16426	0.01095	0.12992	0.00197	0.02133	0.00639	0.00368	0.00379
65	0.00920	0.00918	0.01645	0.16573	0.18413	0.01847	0.35044	0.05826	0.10451	0.01300	0.00855	0.01059	0.00654	0.00371	0.00409	0.00124	0.00522	0.00398	0.02139	0.00533
66	0.00860	0.01544	0.50758	0.01192	0.01666	0.00875	0.24758	0.02444	0.00871	0.05803	0.00865	0.01068	0.02189	0.00393	0.00398	0.00125	0.00561	0.02882	0.00201	0.00547
67	0.00516	0.00379	0.00486	0.00532	0.00599	0.00354	0.00398	0.00633	0.00857	0.01135	0.19929	0.34834	0.15654	0.04164	0.00538	0.00156	0.00242	0.17900	0.00365	0.00330
68	0.09623	0.17986	0.04722	0.02807	0.03145	0.25848	0.04655	0.18895	0.06440	0.01401	0.00726	0.00802	0.00571	0.00394	0.00334	0.00106	0.00499	0.00284	0.00245	0.00518
69	0.04706	0.03008	0.74737	0.01037	0.01569	0.00878	0.01311	0.01249	0.00819	0.06198	0.00728	0.00828	0.00510	0.00370	0.00358	0.00121	0.00538	0.00285	0.00184	0.00564
70	0.00895	0.18354	0.49965	0.00996	0.02341	0.01039	0.04020	0.05247	0.06473	0.02983	0.00742	0.00840	0.00557	0.00384	0.00380	0.00116	0.03624	0.00292	0.00197	0.00554
71	0.00878	0.32051	0.46349	0.00993	0.04802	0.01119	0.03491	0.01219	0.03745	0.01119	0.00668	0.00775	0.00520	0.00355	0.00326	0.00108	0.00499	0.00268	0.00173	0.00542
72	0.00792	0.00512	0.00717	0.00669	0.00808	0.00484	0.06009	0.06251	0.00941	0.14204	0.07083	0.29894	0.11284	0.00898	0.00466	0.00145	0.00302	0.17757	0.00369	0.00414
73	0.00524	0.00556	0.10416	0.00584	0.00699	0.00404	0.00486	0.00675	0.02316	0.01100	0.12349	0.50652	0.13343	0.01003	0.00464	0.00144	0.00260	0.03327	0.00342	0.00356
74	0.02960	0.07947	0.02252	0.04312	0.42851	0.09076	0.03811	0.15213	0.01049	0.05791	0.00766	0.00908	0.00604	0.00374	0.00366	0.00111	0.00468	0.00325	0.00237	0.00579
75	0.00597	0.00439	0.00558	0.00601	0.00687	0.00431	0.00471	0.05697	0.02626	0.01195	0.09323	0.33000	0.11743	0.01028	0.00488	0.00154	0.00277	0.29962	0.00363	0.00359

[dist]
# distance from previous block
# <min> <max>
0	3

[block]
# block no. 1 follows, 71 sequences, length 12
# corresponding to MSA columns:
# 135-146
name=unknown_B
#
# <colnr> <probs for GDERKNQSTAVLIFYWHMCP>
#	G	D	E	R	K	N	Q	S	T	A	V	L	I	F	Y	W	H	M	C	P
0	0.07215	0.02982	0.02489	0.04554	0.12681	0.55375	0.02018	0.03454	0.02387	0.01098	0.00639	0.00761	0.00523	0.00384	0.00345	0.00104	0.00598	0.00269	0.00205	0.01919
1	0.02671	0.00906	0.03167	0.26386	0.46040	0.03713	0.09311	0.01136	0.00847	0.01169	0.00706	0.00961	0.00567	0.00354	0.00384	0.00119	0.00498	0.00345	0.00185	0.00535
2	0.00745	0.00705	0.01177	0.75531	0.07726	0.00874	0.01059	0.00989	0.00763	0.00994	0.00674	0.01007	0.00517	0.00397	0.00433	0.00129	0.05331	0.00341	0.00171	0.00437
3	0.00938	0.02323	0.08829	0.01562	0.39436	0.03856	0.06652	0.04983	0.05411	0.01297	0.00757	0.00919	0.00611	0.00353	0.00377	0.00105	0.02027	0.00320	0.00215	0.19030
4	0.00544	0.00384	0.00469	0.00452	0.00508	0.00364	0.00306	0.00648	0.00862	0.01193	0.46728	0.02760	0.06564	0.35385	0.01057	0.00222	0.00259	0.00644	0.00342	0.00308
5	0.01087	0.73947	0.01873	0.00701	0.01015	0.10473	0.00668	0.04701	0.00856	0.00971	0.00556	0.00636	0.00499	0.00341	0.00263	0.00085	0.00441	0.00216	0.00177	0.00494
6	0.00614	0.00517	0.00730	0.00938	0.20166	0.00485	0.00571	0.00758	0.00864	0.01142	0.09412	0.19007	0.26963	0.00845	0.00449	0.00135	0.00286	0.12828	0.00319	0.02970
7	0.00943	0.00920	0.01499	0.10599	0.73115	0.03845	0.01150	0.01169	0.00870	0.01214	0.00713	0.00947	0.00594	0.00348	0.00379	0.00115	0.00469	0.00338	0.00188	0.00584
8	0.00906	0.26020	0.51077	0.01000	0.04106	0.08443	0.01133	0.01222	0.00827	0.01103	0.00637	0.00748	0.00492	0.00356	0.00330	0.00108	0.00529	0.00260	0.00167	0.00536
9	0.00838	0.21777	0.59982	0.01024	0.01523	0.01042	0.06406	0.01200	0.00808	0.01142	0.00657	0.00778	0.00493	0.00353	0.00342	0.00113	0.00535	0.00276	0.00164	0.00546
10	0.00550	0.00403	0.00575	0.00575	0.00629	0.00457	0.00428	0.00658	0.00604	0.00859	0.01065	0.01716	0.01050	0.20366	0.67639	0.00565	0.00890	0.00441	0.00211	0.00319
11	0.00548	0.00411	0.00616	0.00616	0.00685	0.00479	0.00479	0.00685	0.00616	0.00890	0.01027	0.01506	0.00959	0.02876	0.85006	0.00616	0.01027	0.00411	0.00205	0.00342

[dist]
# distance from previous block
# <min> <max>
0	7

[block]
# block no. 2 follows, 71 sequences, length 6
# corresponding to MSA columns:
# 154-159
name=unknown_C
#
# <colnr> <probs for GDERKNQSTAVLIFYWHMCP>
#	G	D	E	R	K	N	Q	S	T	A	V	L	I	F	Y	W	H	M	C	P
0	0.00778	0.00748	0.01298	0.64445	0.18104	0.00871	0.06261	0.01033	0.00796	0.01047	0.00695	0.01009	0.00534	0.00372	0.00387	0.00125	0.00509	0.00348	0.00176	0.00466
1	0.00481	0.00344	0.00461	0.00550	0.00578	0.00323	0.00380	0.00558	0.00748	0.00994	0.02106	0.78688	0.02505	0.01188	0.00493	0.00158	0.00235	0.08540	0.00356	0.00315
2	0.00907	0.00983	0.02050	0.01485	0.01839	0.00933	0.71052	0.06474	0.00950	0.01286	0.00888	0.07612	0.00737	0.00400	0.00451	0.00130	0.00599	0.00495	0.00219	0.00510
3	0.66533	0.00904	0.00873	0.00722	0.00977	0.10077	0.12659	0.01186	0.00737	0.01562	0.00576	0.00691	0.00449	0.00355	0.00281	0.00118	0.00392	0.00248	0.00227	0.00434
4	0.00479	0.00356	0.00440	0.00502	0.00552	0.00326	0.00348	0.00555	0.00764	0.00987	0.02465	0.56196	0.21661	0.06875	0.00582	0.00165	0.00234	0.05853	0.00347	0.00312
5	0.20793	0.03569	0.00768	0.02829	0.00877	0.00677	0.02632	0.05890	0.08641	0.15236	0.07972	0.17607	0.01439	0.00662	0.00389	0.00132	0.00310	0.08772	0.00343	0.00462

[dist]
# distance from previous block
# <min> <max>
1	12

[block]
# block no. 3 follows, 71 sequences, length 11
# corresponding to MSA columns:
# 172-182
name=unknown_D
#
# <colnr> <probs for GDERKNQSTAVLIFYWHMCP>
#	G	D	E	R	K	N	Q	S	T	A	V	L	I	F	Y	W	H	M	C	P
0	0.03956	0.70093	0.05824	0.00710	0.01032	0.11059	0.00694	0.01195	0.00812	0.00948	0.00547	0.00633	0.00489	0.00338	0.00263	0.00087	0.00446	0.00214	0.00170	0.00488
1	0.00625	0.00360	0.00540	0.00540	0.00564	0.00384	0.00384	0.00564	0.00540	0.00745	0.00793	0.01285	0.00769	0.01874	0.30798	0.57889	0.00576	0.00360	0.00180	0.00228
2	0.00795	0.10437	0.76309	0.01049	0.01592	0.00953	0.01341	0.01208	0.00806	0.01183	0.00673	0.00790	0.00486	0.00361	0.00352	0.00117	0.00551	0.00276	0.00162	0.00559
3	0.00696	0.00622	0.00833	0.00642	0.00912	0.00504	0.09895	0.00863	0.00836	0.01178	0.01719	0.01871	0.25572	0.00534	0.00367	0.00093	0.00303	0.04667	0.00268	0.47624
4	0.00695	0.00601	0.00923	0.05511	0.32050	0.00589	0.00696	0.00888	0.00966	0.01347	0.39666	0.02142	0.11141	0.00618	0.00422	0.00119	0.00302	0.00556	0.00315	0.00453
5	0.00724	0.00681	0.01150	0.85604	0.02641	0.00852	0.01065	0.00980	0.00767	0.00980	0.00681	0.01022	0.00511	0.00383	0.00383	0.00128	0.00511	0.00341	0.00170	0.00426
6	0.00536	0.00394	0.00514	0.00489	0.00580	0.00371	0.00369	0.00706	0.01018	0.01428	0.68701	0.02784	0.09697	0.01023	0.09520	0.00174	0.00273	0.00672	0.00394	0.00357
7	0.00864	0.00937	0.11823	0.01082	0.15010	0.00725	0.10046	0.01120	0.03401	0.03678	0.00743	0.00887	0.00592	0.00340	0.00382	0.00092	0.04431	0.00295	0.00218	0.43334
8	0.00724	0.00681	0.01150	0.85604	0.02641	0.00852	0.01065	0.00980	0.00767	0.00980	0.00681	0.01022	0.00511	0.00383	0.00383	0.00128	0.00511	0.00341	0.00170	0.00426
9	0.02448	0.00593	0.00957	0.03833	0.22738	0.00583	0.08827	0.00831	0.00798	0.01094	0.01563	0.29749	0.06618	0.07729	0.00569	0.00159	0.00362	0.09858	0.00278	0.00414
10	0.00960	0.12551	0.10063	0.01665	0.47518	0.07648	0.01007	0.01179	0.00861	0.01176	0.00677	0.00850	0.00565	0.00339	0.00346	0.00102	0.00458	0.00296	0.00189	0.11549

[dist]
# distance from previous block
# <min> <max>
0	1

[block]
# block no. 4 follows, 71 sequences, length 6
# corresponding to MSA columns:
# 184-189
name=unknown_E
#
# <colnr> <probs for GDERKNQSTAVLIFYWHMCP>
#	G	D	E	R	K	N	Q	S	T	A	V	L	I	F	Y	W	H	M	C	P
0	0.00769	0.01983	0.84538	0.01093	0.01659	0.00890	0.01417	0.01214	0.00810	0.01214	0.00688	0.00810	0.00486	0.00364	0.00364	0.00121	0.00567	0.00283	0.00162	0.00567
1	0.07926	0.20951	0.01387	0.01097	0.17793	0.01184	0.00778	0.41202	0.01290	0.01777	0.00761	0.00833	0.00588	0.00398	0.00340	0.00107	0.00416	0.00301	0.00282	0.00588
2	0.00862	0.32616	0.54716	0.00935	0.01415	0.01117	0.01142	0.01190	0.00799	0.01101	0.00632	0.00739	0.00488	0.00351	0.00322	0.00107	0.00510	0.00255	0.00163	0.00540
3	0.01296	0.01582	0.01024	0.00898	0.01126	0.66893	0.00679	0.01410	0.01024	0.01005	0.00612	0.00714	0.00510	0.00371	0.00332	0.00090	0.00604	0.00243	0.00204	0.19383
4	0.00690	0.00466	0.00649	0.00683	0.08739	0.00434	0.00459	0.00872	0.01066	0.09077	0.68309	0.02535	0.03081	0.00713	0.00439	0.00120	0.00221	0.00631	0.00404	0.00412
5	0.00608	0.00339	0.00475	0.00493	0.00498	0.00335	0.00321	0.00516	0.00556	0.00741	0.01045	0.18504	0.01160	0.15093	0.01369	0.56686	0.00317	0.00522	0.00215	0.00206

[dist]
# distance from previous block
# <min> <max>
0	6

# created by:
# /st0/software/busco_prod/Augustus/scripts/msa2prfl.pl ./align_prep/37216.fa
