[name]
unknown

[dist]
# distance from previous block
# <min> <max>
0	9

[block]
# block no. 0 follows, 64 sequences, length 9
# corresponding to MSA columns:
# 9-17
name=unknown_A
#
# <colnr> <probs for GDERKNQSTAVLIFYWHMCP>
#	G	D	E	R	K	N	Q	S	T	A	V	L	I	F	Y	W	H	M	C	P
0	0.05630	0.00823	0.02509	0.01882	0.02010	0.04364	0.03538	0.21342	0.09156	0.03673	0.04900	0.11808	0.18526	0.00748	0.00449	0.00139	0.00367	0.05736	0.00370	0.02030
1	0.01060	0.01065	0.06355	0.02549	0.01166	0.15591	0.07111	0.11996	0.11203	0.04867	0.08624	0.08289	0.05961	0.04355	0.02184	0.00154	0.03819	0.00509	0.00323	0.02819
2	0.00628	0.00451	0.00517	0.00519	0.00629	0.00417	0.00375	0.00782	0.05337	0.06083	0.05105	0.21240	0.40023	0.10307	0.05491	0.00205	0.00305	0.00835	0.00373	0.00378
3	0.01079	0.65756	0.10823	0.00784	0.01141	0.07056	0.00795	0.01249	0.00859	0.01016	0.00633	0.00753	0.00563	0.00532	0.05349	0.00130	0.00524	0.00248	0.00183	0.00529
4	0.00996	0.24871	0.19123	0.00886	0.01254	0.01039	0.07318	0.04393	0.04572	0.06394	0.09908	0.01211	0.02601	0.00460	0.00397	0.00113	0.02659	0.00369	0.00264	0.11172
5	0.01017	0.00784	0.00882	0.00765	0.00992	0.00830	0.00594	0.14075	0.34542	0.05300	0.01469	0.14104	0.01269	0.00788	0.05029	0.02416	0.00377	0.00523	0.00376	0.13869
6	0.20498	0.22399	0.08130	0.00721	0.01045	0.03612	0.00669	0.01493	0.00962	0.29614	0.04194	0.01128	0.02983	0.00460	0.00345	0.00118	0.00394	0.00336	0.00329	0.00570
7	0.00730	0.00487	0.00635	0.00603	0.00688	0.00518	0.00439	0.03192	0.04322	0.06633	0.10648	0.02111	0.01521	0.28672	0.36476	0.00446	0.00676	0.00528	0.00293	0.00380
8	0.00566	0.00410	0.00517	0.00515	0.00604	0.00376	0.00377	0.00725	0.01059	0.01470	0.53361	0.19216	0.14151	0.00951	0.00491	0.00138	0.00207	0.00839	0.03653	0.00376

[dist]
# distance from previous block
# <min> <max>
5	8

[block]
# block no. 1 follows, 64 sequences, length 57
# corresponding to MSA columns:
# 26-32,34-83
name=unknown_B
#
# <colnr> <probs for GDERKNQSTAVLIFYWHMCP>
#	G	D	E	R	K	N	Q	S	T	A	V	L	I	F	Y	W	H	M	C	P
0	0.01315	0.01180	0.01067	0.00898	0.01156	0.18979	0.00707	0.34080	0.19933	0.01864	0.01152	0.06014	0.00926	0.00573	0.01606	0.00131	0.00474	0.00415	0.02539	0.04990
1	0.00506	0.00361	0.00482	0.00578	0.00602	0.00337	0.00386	0.00578	0.00795	0.01060	0.02289	0.85131	0.02747	0.01301	0.00530	0.00169	0.00241	0.01181	0.00386	0.00337
2	0.02509	0.00848	0.06329	0.12529	0.15571	0.00786	0.07639	0.03187	0.09105	0.12501	0.01315	0.13431	0.02253	0.00589	0.00433	0.00136	0.00427	0.03265	0.02581	0.04566
3	0.00588	0.00398	0.00456	0.00468	0.00475	0.00393	0.00270	0.00601	0.00639	0.00847	0.01522	0.13088	0.04180	0.72246	0.01865	0.00365	0.00376	0.00685	0.00273	0.00265
4	0.09808	0.04517	0.11700	0.01055	0.08432	0.02289	0.07742	0.15424	0.04458	0.10477	0.00967	0.04354	0.00759	0.00458	0.00414	0.00121	0.02916	0.00374	0.00298	0.13436
5	0.01164	0.63095	0.03210	0.00781	0.01103	0.16222	0.00727	0.01345	0.04637	0.01029	0.00744	0.00818	0.02851	0.00398	0.00301	0.00097	0.00490	0.00261	0.00201	0.00526
6	0.00908	0.11335	0.61527	0.01144	0.05700	0.01001	0.01325	0.01308	0.00885	0.03801	0.00755	0.00876	0.00555	0.00386	0.00375	0.00121	0.00559	0.00300	0.00193	0.06945
7	0.01007	0.00969	0.01647	0.08753	0.67073	0.00988	0.05623	0.01319	0.06003	0.01356	0.00838	0.01072	0.00686	0.00385	0.00417	0.00127	0.00499	0.00383	0.00218	0.00637
8	0.01097	0.01073	0.02250	0.01615	0.02021	0.01004	0.70076	0.03189	0.01026	0.10924	0.00937	0.01152	0.00678	0.00373	0.00480	0.00138	0.00654	0.00479	0.00250	0.00581
9	0.00945	0.04949	0.04204	0.05732	0.01997	0.01032	0.61900	0.01262	0.00948	0.01280	0.00918	0.01371	0.00757	0.00434	0.00515	0.00143	0.04009	0.06848	0.00219	0.00537
10	0.05768	0.00725	0.00957	0.00737	0.01056	0.00646	0.00609	0.04449	0.01191	0.76927	0.01571	0.01367	0.00992	0.00508	0.00410	0.00128	0.00355	0.00408	0.00499	0.00695
11	0.00999	0.01043	0.01306	0.40396	0.23162	0.17622	0.01068	0.01253	0.03447	0.01150	0.00822	0.04387	0.00687	0.00446	0.00411	0.00129	0.00558	0.00384	0.00211	0.00518
12	0.00602	0.00402	0.00454	0.00456	0.00457	0.00401	0.00255	0.00603	0.00609	0.00811	0.01332	0.04658	0.01539	0.83423	0.02077	0.00397	0.00399	0.00618	0.00255	0.00254
13	0.00861	0.02110	0.81055	0.01172	0.01778	0.00955	0.01510	0.01334	0.00885	0.03497	0.00769	0.00891	0.00540	0.00398	0.00395	0.00131	0.00607	0.00310	0.00184	0.00616
14	0.00506	0.00361	0.00482	0.00578	0.00602	0.00337	0.00386	0.00578	0.00795	0.01060	0.02289	0.85131	0.02747	0.01301	0.00530	0.00169	0.00241	0.01181	0.00386	0.00337
15	0.85336	0.00800	0.00623	0.00553	0.00812	0.00921	0.00455	0.01249	0.00724	0.04682	0.00615	0.00700	0.00470	0.00390	0.00263	0.00129	0.00322	0.00232	0.00266	0.00459
16	0.00585	0.00423	0.00546	0.00517	0.00616	0.00389	0.00387	0.00775	0.01156	0.01631	0.76851	0.04464	0.07189	0.00860	0.00488	0.00131	0.00197	0.00759	0.01647	0.00389
17	0.01324	0.00890	0.00954	0.00764	0.01019	0.00965	0.00620	0.49959	0.04044	0.06144	0.01162	0.01207	0.00851	0.00497	0.00377	0.00117	0.00366	0.00383	0.27753	0.00605
18	0.00668	0.00477	0.00667	0.00760	0.00855	0.00476	0.00663	0.00859	0.00961	0.01252	0.03963	0.04651	0.02424	0.01141	0.00572	0.00190	0.00378	0.78276	0.00384	0.00383
19	0.00984	0.00526	0.00704	0.00672	0.00823	0.00499	0.00540	0.01130	0.00978	0.25942	0.05429	0.18031	0.10357	0.01040	0.05019	0.00183	0.02830	0.21278	0.02564	0.00471
20	0.00536	0.00423	0.00484	0.00468	0.00589	0.00370	0.00351	0.00684	0.01054	0.01376	0.40805	0.03580	0.45887	0.00957	0.00490	0.00136	0.00204	0.00818	0.00419	0.00370
21	0.00688	0.00584	0.00849	0.00795	0.00847	0.00746	0.00636	0.00819	0.00658	0.00975	0.00942	0.01414	0.00890	0.02397	0.58994	0.00522	0.26217	0.00421	0.00210	0.00396
22	0.12445	0.00945	0.01435	0.14200	0.51806	0.01002	0.01099	0.09598	0.01003	0.01511	0.00771	0.00990	0.00620	0.00392	0.00392	0.00126	0.00476	0.00351	0.00231	0.00607
23	0.00722	0.00361	0.00541	0.00541	0.00541	0.00361	0.00361	0.00541	0.00541	0.00722	0.00722	0.01263	0.00722	0.01443	0.01623	0.87915	0.00361	0.00361	0.00180	0.00180
24	0.01022	0.47796	0.29217	0.00914	0.01335	0.05758	0.02443	0.01274	0.00866	0.01099	0.00654	0.00778	0.00545	0.00447	0.02342	0.00121	0.02389	0.00266	0.00181	0.00552
25	0.01370	0.08244	0.18647	0.00828	0.01195	0.00825	0.00807	0.04593	0.09693	0.39970	0.01486	0.01390	0.06156	0.00510	0.00403	0.00126	0.00408	0.00407	0.00386	0.02558
26	0.00506	0.00361	0.00482	0.00578	0.00602	0.00337	0.00386	0.00578	0.00795	0.01060	0.02289	0.85131	0.02747	0.01301	0.00530	0.00169	0.00241	0.01181	0.00386	0.00337
27	0.01194	0.25846	0.14659	0.00934	0.01291	0.08402	0.04889	0.12551	0.18130	0.06720	0.00983	0.01009	0.00747	0.00441	0.00371	0.00118	0.00482	0.00339	0.00288	0.00604
28	0.00717	0.00601	0.00646	0.00613	0.00775	0.00622	0.00465	0.01249	0.32708	0.01427	0.13055	0.09440	0.34352	0.00855	0.00467	0.00142	0.00257	0.00726	0.00409	0.00475
29	0.01864	0.00707	0.00964	0.00739	0.01060	0.00611	0.00611	0.02024	0.01189	0.83099	0.01639	0.01414	0.01028	0.00514	0.00418	0.00129	0.00353	0.00418	0.00514	0.00707
30	0.00588	0.00425	0.00555	0.00523	0.00621	0.00392	0.00392	0.00784	0.01176	0.01666	0.82592	0.03103	0.03919	0.00849	0.00490	0.00131	0.00196	0.00751	0.00457	0.00392
31	0.01024	0.20324	0.29215	0.00964	0.01367	0.01014	0.09005	0.02760	0.05985	0.11115	0.11093	0.01279	0.02145	0.00473	0.00393	0.00123	0.00476	0.00393	0.00277	0.00575
32	0.01567	0.01916	0.01166	0.01053	0.01273	0.79563	0.00793	0.01677	0.01178	0.05136	0.00692	0.00782	0.00560	0.00432	0.00377	0.00108	0.00729	0.00275	0.00229	0.00493
33	0.17890	0.01085	0.01387	0.01143	0.05010	0.11176	0.23226	0.21193	0.01172	0.01685	0.00964	0.10367	0.00841	0.00511	0.00414	0.00132	0.00512	0.00455	0.00290	0.00545
34	0.00722	0.00361	0.00541	0.00541	0.00541	0.00361	0.00361	0.00541	0.00541	0.00722	0.00722	0.01263	0.00722	0.01443	0.01623	0.87915	0.00361	0.00361	0.00180	0.00180
35	0.88336	0.00803	0.00611	0.00546	0.00803	0.00932	0.00450	0.01221	0.00707	0.01864	0.00578	0.00675	0.00450	0.00386	0.00257	0.00129	0.00321	0.00225	0.00257	0.00450
36	0.88336	0.00803	0.00611	0.00546	0.00803	0.00932	0.00450	0.01221	0.00707	0.01864	0.00578	0.00675	0.00450	0.00386	0.00257	0.00129	0.00321	0.00225	0.00257	0.00450
37	0.00993	0.00729	0.00907	0.00664	0.01013	0.00567	0.02877	0.01176	0.00914	0.13031	0.02082	0.03575	0.00787	0.00377	0.00338	0.00078	0.00322	0.00314	0.00291	0.68966
38	0.01070	0.18470	0.26012	0.01301	0.10634	0.13311	0.14277	0.02289	0.01953	0.02438	0.00736	0.00892	0.00580	0.00400	0.00424	0.00122	0.03992	0.00328	0.00202	0.00571
39	0.04126	0.01153	0.01228	0.00944	0.01274	0.01278	0.00780	0.79071	0.01916	0.02596	0.00985	0.00988	0.00699	0.00495	0.00411	0.00125	0.00453	0.00370	0.00411	0.00699
40	0.04047	0.00984	0.11822	0.00900	0.04455	0.00791	0.00783	0.14799	0.01249	0.53756	0.01353	0.01240	0.00879	0.00487	0.00410	0.00128	0.00409	0.00389	0.00434	0.00686
41	0.02583	0.21880	0.56219	0.01034	0.01556	0.02326	0.01254	0.02506	0.00901	0.05078	0.00746	0.00848	0.00553	0.00393	0.00363	0.00121	0.00556	0.00291	0.00197	0.00595
42	0.01028	0.00987	0.01686	0.02550	0.82811	0.00987	0.01275	0.01275	0.00946	0.01357	0.00781	0.01028	0.00658	0.00370	0.00411	0.00123	0.00493	0.00370	0.00206	0.00658
43	0.00784	0.00738	0.01246	0.84404	0.02861	0.00923	0.01154	0.01061	0.00831	0.01061	0.00738	0.01107	0.00554	0.00415	0.00415	0.00138	0.00554	0.00369	0.00185	0.00461
44	0.01111	0.85652	0.02177	0.00711	0.01066	0.01644	0.00711	0.01244	0.00844	0.00977	0.00577	0.00666	0.00533	0.00355	0.00267	0.00089	0.00444	0.00222	0.00178	0.00533
45	0.00722	0.00361	0.00541	0.00541	0.00541	0.00361	0.00361	0.00541	0.00541	0.00722	0.00722	0.01263	0.00722	0.01443	0.01623	0.87915	0.00361	0.00361	0.00180	0.00180
46	0.00518	0.00414	0.00464	0.00476	0.00589	0.00361	0.00353	0.00638	0.00968	0.01223	0.19226	0.16517	0.52214	0.01054	0.00499	0.00144	0.00218	0.03367	0.00400	0.00358
47	0.01321	0.01037	0.01084	0.00890	0.01169	0.03669	0.00715	0.42411	0.33154	0.03778	0.05365	0.01319	0.01088	0.00540	0.00421	0.00131	0.00401	0.00428	0.00416	0.00665
48	0.44278	0.02273	0.00839	0.00667	0.00957	0.00860	0.00552	0.09416	0.02429	0.32460	0.01037	0.00999	0.00708	0.00448	0.00336	0.00128	0.00349	0.00316	0.00371	0.00577
49	0.00580	0.00459	0.00511	0.00484	0.00619	0.00413	0.00367	0.04721	0.01080	0.01393	0.32231	0.03525	0.50223	0.00951	0.00487	0.00136	0.00218	0.00806	0.00413	0.00383
50	0.00560	0.00422	0.00517	0.00497	0.00604	0.00379	0.00371	0.00728	0.01104	0.01503	0.59378	0.05532	0.25051	0.00916	0.00491	0.00134	0.00201	0.00796	0.00436	0.00379
51	0.00572	0.00424	0.00501	0.00486	0.00601	0.00376	0.00363	0.00723	0.01055	0.03026	0.42821	0.08115	0.35933	0.00945	0.00488	0.00136	0.00208	0.00814	0.02035	0.00378
52	0.02487	0.71009	0.15026	0.00783	0.01178	0.01524	0.00837	0.01255	0.00847	0.01045	0.00604	0.00700	0.00531	0.00362	0.00287	0.00096	0.00469	0.00236	0.00179	0.00545
53	0.00613	0.00471	0.04322	0.00625	0.00699	0.00390	0.00466	0.00715	0.00831	0.06135	0.02174	0.72067	0.02521	0.01203	0.00519	0.00166	0.00272	0.05051	0.00384	0.00375
54	0.00604	0.00403	0.00453	0.00453	0.00453	0.00403	0.00252	0.00604	0.00604	0.00805	0.01309	0.02718	0.01510	0.85402	0.02114	0.00403	0.00403	0.00604	0.00252	0.00252
55	0.02115	0.13480	0.03273	0.05254	0.39409	0.06382	0.02391	0.03294	0.08620	0.02268	0.00979	0.06495	0.00871	0.00481	0.00401	0.00125	0.00472	0.02855	0.00247	0.00587
56	0.05573	0.07030	0.29255	0.01114	0.03730	0.19369	0.07725	0.08058	0.09425	0.02588	0.00862	0.01927	0.00662	0.00433	0.00390	0.00124	0.00571	0.00340	0.00245	0.00578

[dist]
# distance from previous block
# <min> <max>
0	1

[block]
# block no. 2 follows, 64 sequences, length 65
# corresponding to MSA columns:
# 85-149
name=unknown_C
#
# <colnr> <probs for GDERKNQSTAVLIFYWHMCP>
#	G	D	E	R	K	N	Q	S	T	A	V	L	I	F	Y	W	H	M	C	P
0	0.01037	0.00991	0.01542	0.12254	0.52958	0.04657	0.04800	0.06846	0.02519	0.01380	0.00814	0.01056	0.00666	0.00498	0.03589	0.00146	0.01587	0.00374	0.00223	0.02065
1	0.00823	0.03236	0.13234	0.00656	0.00893	0.00581	0.00606	0.01083	0.06182	0.13381	0.18330	0.03887	0.29119	0.00900	0.05086	0.00164	0.00355	0.00633	0.00374	0.00477
2	0.00566	0.00416	0.00530	0.00517	0.00611	0.00380	0.00382	0.00736	0.01101	0.01525	0.63115	0.13141	0.13579	0.00929	0.00495	0.00136	0.00203	0.00819	0.00440	0.00380
3	0.01095	0.80869	0.06821	0.00738	0.01108	0.01605	0.00758	0.01248	0.00846	0.00997	0.00587	0.00678	0.00533	0.00358	0.00274	0.00091	0.00454	0.00227	0.00178	0.00538
4	0.00744	0.00535	0.00592	0.00543	0.00689	0.03724	0.00414	0.03549	0.01113	0.09213	0.39050	0.04455	0.32065	0.00870	0.00477	0.00133	0.00248	0.00741	0.00424	0.00420
5	0.04548	0.00916	0.12081	0.00920	0.01232	0.00717	0.17243	0.02473	0.04981	0.21863	0.06804	0.01965	0.18040	0.02851	0.00490	0.00142	0.00421	0.01419	0.00352	0.00543
6	0.00668	0.03195	0.00648	0.00642	0.00723	0.00494	0.00477	0.05996	0.01887	0.03371	0.04658	0.53187	0.02290	0.01360	0.09811	0.00219	0.00376	0.09239	0.00369	0.00392
7	0.00499	0.00415	0.00436	0.00443	0.00569	0.00352	0.00328	0.00607	0.00947	0.01152	0.09215	0.12041	0.69442	0.01063	0.00495	0.00142	0.00212	0.00899	0.00390	0.00352
8	0.00847	0.01924	0.68388	0.01167	0.01670	0.01020	0.01421	0.01258	0.00833	0.01258	0.00709	0.00883	0.00530	0.00455	0.00570	0.00141	0.15847	0.00317	0.00177	0.00585
9	0.00856	0.09044	0.76556	0.01145	0.01737	0.01021	0.01467	0.01310	0.00874	0.01288	0.00732	0.00860	0.00527	0.00391	0.00384	0.00128	0.00600	0.00300	0.00176	0.00607
10	0.00941	0.00804	0.00876	0.03483	0.01061	0.00917	0.00631	0.01908	0.65870	0.01623	0.03940	0.09846	0.03736	0.00661	0.00439	0.00144	0.00321	0.01787	0.00411	0.00600
11	0.00512	0.00370	0.00486	0.00576	0.00611	0.00344	0.00393	0.00591	0.00812	0.01072	0.02409	0.76556	0.07887	0.01279	0.00529	0.00168	0.00245	0.04435	0.00385	0.00340
12	0.00529	0.00370	0.00479	0.00556	0.00583	0.00349	0.00368	0.00602	0.00793	0.01073	0.05722	0.69636	0.02608	0.10745	0.00700	0.00191	0.00256	0.01072	0.03037	0.00332
13	0.09603	0.00770	0.00750	0.00723	0.00839	0.16336	0.00555	0.00958	0.00766	0.01058	0.00978	0.01413	0.00903	0.05710	0.56192	0.00496	0.00935	0.00396	0.00226	0.00395
14	0.02998	0.00686	0.00907	0.00709	0.01004	0.00605	0.00581	0.04152	0.01188	0.69198	0.06839	0.01661	0.06397	0.00567	0.00424	0.00129	0.00337	0.00464	0.00496	0.00661
15	0.00667	0.00476	0.00666	0.00762	0.00856	0.00476	0.00664	0.00856	0.00953	0.01240	0.02201	0.06082	0.02397	0.01150	0.00573	0.00191	0.00380	0.78647	0.00383	0.00382
16	0.00786	0.00843	0.16205	0.00778	0.01010	0.00599	0.06706	0.02147	0.03208	0.07542	0.30608	0.05077	0.06142	0.09494	0.00640	0.00166	0.00369	0.06863	0.00356	0.00462
17	0.01111	0.85652	0.02177	0.00711	0.01066	0.01644	0.00711	0.01244	0.00844	0.00977	0.00577	0.00666	0.00533	0.00355	0.00267	0.00089	0.00444	0.00222	0.00178	0.00533
18	0.00833	0.02149	0.83250	0.01184	0.01798	0.00965	0.01535	0.01315	0.00877	0.01315	0.00745	0.00877	0.00526	0.00395	0.00395	0.00132	0.00614	0.00307	0.00175	0.00614
19	0.00604	0.00403	0.00453	0.00453	0.00453	0.00403	0.00252	0.00604	0.00604	0.00805	0.01309	0.02718	0.01510	0.85402	0.02114	0.00403	0.00403	0.00604	0.00252	0.00252
20	0.03817	0.56098	0.24964	0.00829	0.01241	0.01382	0.00918	0.01239	0.00840	0.01095	0.00653	0.00804	0.00566	0.03596	0.00373	0.00114	0.00487	0.00261	0.00182	0.00543
21	0.00961	0.00794	0.00843	0.00761	0.00965	0.02987	0.00589	0.01817	0.56358	0.04724	0.19271	0.01953	0.04904	0.00639	0.00438	0.00137	0.00307	0.00539	0.00427	0.00586
22	0.01161	0.01499	0.12594	0.01056	0.01318	0.37465	0.09573	0.04382	0.04963	0.01214	0.03508	0.05366	0.03532	0.02794	0.00511	0.00136	0.04776	0.03400	0.00253	0.00500
23	0.00568	0.00421	0.00523	0.00502	0.00606	0.00382	0.00375	0.00741	0.01111	0.01532	0.62696	0.06374	0.19590	0.00902	0.00489	0.00134	0.00201	0.00787	0.01685	0.00382
24	0.00931	0.30148	0.53687	0.01042	0.01563	0.01195	0.03578	0.01292	0.00869	0.01202	0.00692	0.00813	0.00532	0.00380	0.00354	0.00117	0.00559	0.00284	0.00177	0.00585
25	0.01220	0.64949	0.01929	0.00800	0.01120	0.21956	0.00733	0.01346	0.00926	0.00987	0.00593	0.00687	0.00534	0.00373	0.00293	0.00093	0.00520	0.00233	0.00187	0.00520
26	0.07289	0.66299	0.10868	0.00803	0.01182	0.01489	0.04837	0.01254	0.00845	0.01095	0.00609	0.00713	0.00531	0.00362	0.00291	0.00099	0.00467	0.00245	0.00185	0.00537
27	0.01545	0.01147	0.01228	0.00949	0.01275	0.01272	0.00781	0.76554	0.06880	0.02564	0.01040	0.01031	0.00741	0.00503	0.00416	0.00126	0.00449	0.00380	0.00416	0.00703
28	0.08111	0.00799	0.00963	0.00768	0.01069	0.00788	0.00627	0.10456	0.16879	0.52740	0.01501	0.01341	0.00997	0.00512	0.00406	0.00131	0.00357	0.00409	0.00467	0.00678
29	0.00535	0.00399	0.00558	0.00603	0.00656	0.00370	0.03078	0.00637	0.00868	0.01170	0.15385	0.66493	0.05304	0.01188	0.00521	0.00161	0.00248	0.01079	0.00391	0.00354
30	0.00766	0.00902	0.15324	0.00704	0.01028	0.00600	0.00661	0.00983	0.00886	0.01302	0.06306	0.06479	0.11762	0.00555	0.00417	0.00103	0.03316	0.03085	0.00275	0.44546
31	0.00507	0.00419	0.00445	0.00443	0.00572	0.00357	0.00331	0.00626	0.00979	0.01209	0.17035	0.06899	0.66686	0.01028	0.00492	0.00140	0.00209	0.00867	0.00397	0.00357
32	0.07971	0.00748	0.00956	0.00742	0.01057	0.00688	0.00612	0.07109	0.03292	0.70017	0.01523	0.01338	0.00972	0.00505	0.00406	0.00129	0.00357	0.00403	0.00487	0.00687
33	0.01411	0.11900	0.01199	0.00856	0.02906	0.04211	0.05449	0.02920	0.09803	0.40594	0.05471	0.04176	0.01141	0.00592	0.02126	0.00139	0.02642	0.01453	0.00398	0.00614
34	0.24434	0.00864	0.04258	0.07465	0.10878	0.06905	0.08107	0.01128	0.00864	0.05356	0.01179	0.22433	0.01171	0.00645	0.00409	0.00140	0.00421	0.02584	0.00283	0.00477
35	0.00526	0.00424	0.00469	0.00462	0.00589	0.00367	0.00350	0.00660	0.01015	0.01287	0.27331	0.03756	0.56681	0.00995	0.00493	0.00139	0.00212	0.03474	0.00407	0.00364
36	0.00529	0.00412	0.00484	0.00513	0.00611	0.00367	0.00382	0.00649	0.00947	0.01210	0.16778	0.25128	0.40514	0.01092	0.00509	0.00151	0.00233	0.08736	0.00397	0.00357
37	0.05353	0.14489	0.12087	0.03593	0.28523	0.11706	0.07842	0.03682	0.02124	0.03152	0.00828	0.02321	0.01698	0.00412	0.00384	0.00120	0.00530	0.00351	0.00222	0.00580
38	0.00577	0.00404	0.00473	0.01741	0.00605	0.00377	0.00364	0.00691	0.00868	0.01189	0.08424	0.27994	0.24584	0.09679	0.00639	0.00171	0.00251	0.05404	0.15215	0.00349
39	0.00596	0.00443	0.00665	0.00665	0.00737	0.00515	0.00515	0.00737	0.00665	0.00959	0.01103	0.01623	0.01031	0.03076	0.81828	0.02716	0.01095	0.00443	0.00222	0.00366
40	0.00947	0.03767	0.03048	0.34635	0.41418	0.03769	0.04105	0.01205	0.00905	0.01215	0.00754	0.01038	0.00605	0.00389	0.00409	0.00128	0.00534	0.00365	0.00196	0.00566
41	0.00975	0.18870	0.34154	0.01297	0.05766	0.05728	0.23503	0.01310	0.00918	0.01232	0.00758	0.02260	0.00599	0.00389	0.00397	0.00124	0.00599	0.00356	0.00193	0.00573
42	0.00802	0.00412	0.00450	0.00431	0.00541	0.00401	0.00327	0.00994	0.00944	0.06170	0.15993	0.01821	0.01576	0.00551	0.00333	0.00105	0.00203	0.00454	0.67085	0.00406
43	0.01267	0.09030	0.06635	0.05998	0.04364	0.00800	0.09585	0.03950	0.01032	0.33553	0.04655	0.03089	0.01053	0.03800	0.05035	0.00167	0.00469	0.02045	0.02893	0.00579
44	0.01186	0.11693	0.12103	0.04178	0.01332	0.06213	0.12011	0.06947	0.01066	0.21713	0.03577	0.07048	0.06696	0.00555	0.00420	0.00129	0.00467	0.01777	0.00325	0.00565
45	0.15823	0.01097	0.13121	0.06031	0.08760	0.07063	0.17747	0.04215	0.00929	0.01389	0.02072	0.13081	0.01001	0.00563	0.00435	0.00139	0.01614	0.04158	0.00255	0.00508
46	0.01176	0.28104	0.10289	0.02162	0.13952	0.27804	0.05147	0.01368	0.00981	0.01110	0.00801	0.00927	0.03675	0.00412	0.00359	0.00110	0.00574	0.00309	0.00203	0.00538
47	0.00596	0.00431	0.00598	0.00597	0.00650	0.00479	0.00433	0.00702	0.00667	0.00942	0.04234	0.02017	0.01290	0.27983	0.55870	0.00567	0.00863	0.00505	0.00240	0.00336
48	0.05155	0.15113	0.08562	0.00940	0.04457	0.08384	0.01795	0.20164	0.11765	0.16458	0.02561	0.01085	0.00823	0.00465	0.00382	0.00121	0.00453	0.00356	0.00339	0.00623
49	0.02336	0.03597	0.07350	0.11470	0.08471	0.08352	0.03960	0.03698	0.28936	0.02527	0.06708	0.05598	0.04099	0.00556	0.00422	0.00134	0.00435	0.00473	0.00318	0.00561
50	0.00562	0.00428	0.00519	0.00497	0.00611	0.00381	0.00371	0.00725	0.01084	0.01471	0.53932	0.06735	0.27286	0.00916	0.00488	0.00133	0.00205	0.00795	0.00428	0.02433
51	0.00956	0.28261	0.32597	0.05403	0.07158	0.01205	0.12791	0.01266	0.00873	0.01187	0.00699	0.00869	0.00555	0.00389	0.00412	0.00121	0.04187	0.00317	0.00184	0.00569
52	0.02281	0.06122	0.23364	0.05167	0.11380	0.02065	0.10561	0.08824	0.02652	0.15085	0.01071	0.04278	0.02310	0.00476	0.00429	0.00131	0.01809	0.01109	0.00283	0.00602
53	0.00612	0.00427	0.00566	0.00642	0.00701	0.00413	0.00475	0.03713	0.00886	0.02702	0.02206	0.60466	0.02550	0.01218	0.00535	0.00172	0.00286	0.20671	0.00388	0.00369
54	0.00594	0.00443	0.00657	0.00657	0.00728	0.00513	0.00506	0.00735	0.00664	0.00956	0.01122	0.01685	0.01062	0.07167	0.79736	0.00655	0.01078	0.00453	0.00224	0.00365
55	0.06893	0.02374	0.12405	0.01001	0.05507	0.01920	0.10067	0.09585	0.07883	0.18973	0.03241	0.15897	0.01198	0.00607	0.00431	0.00137	0.00426	0.00532	0.00348	0.00575
56	0.01083	0.04869	0.11464	0.10089	0.40605	0.04233	0.05875	0.02655	0.03064	0.09245	0.00898	0.02514	0.00708	0.00415	0.00409	0.00126	0.00511	0.00380	0.00241	0.00615
57	0.00696	0.00376	0.00557	0.00557	0.00569	0.00388	0.00381	0.00576	0.00564	0.00764	0.00811	0.01388	0.00808	0.05548	0.14818	0.69923	0.00483	0.00385	0.00190	0.00214
58	0.00922	0.00972	0.07305	0.01286	0.07255	0.03348	0.32159	0.02276	0.10603	0.04444	0.03248	0.16773	0.01289	0.00626	0.00475	0.00145	0.00505	0.05543	0.00295	0.00532
59	0.01094	0.01454	0.38846	0.01176	0.04800	0.02149	0.14448	0.02423	0.00983	0.19595	0.01169	0.02595	0.05041	0.00470	0.00439	0.00133	0.01892	0.00410	0.00276	0.00606
60	0.01036	0.01026	0.01604	0.11398	0.68667	0.06466	0.01230	0.01277	0.00949	0.01302	0.00767	0.01018	0.00638	0.00379	0.00409	0.00124	0.00517	0.00363	0.00204	0.00625
61	0.04296	0.01187	0.13046	0.02753	0.07518	0.00990	0.53435	0.03390	0.00975	0.01382	0.02019	0.02291	0.02224	0.00399	0.00457	0.00136	0.00620	0.00460	0.01862	0.00560
62	0.02798	0.07728	0.14260	0.06137	0.18029	0.09467	0.13975	0.07682	0.02400	0.10316	0.00908	0.02062	0.00698	0.00427	0.00408	0.00126	0.00543	0.01184	0.00258	0.00595
63	0.01159	0.04021	0.04545	0.07598	0.07440	0.17180	0.08193	0.17237	0.10655	0.02910	0.01063	0.03651	0.02746	0.00720	0.07622	0.00174	0.01831	0.00409	0.00287	0.00559
64	0.13935	0.00990	0.02138	0.23945	0.29895	0.07667	0.05913	0.05135	0.02066	0.01393	0.01711	0.01007	0.00635	0.00402	0.00391	0.00128	0.00509	0.00351	0.00225	0.01564

[dist]
# distance from previous block
# <min> <max>
1	7

[block]
# block no. 3 follows, 64 sequences, length 17
# corresponding to MSA columns:
# 157-173
name=unknown_D
#
# <colnr> <probs for GDERKNQSTAVLIFYWHMCP>
#	G	D	E	R	K	N	Q	S	T	A	V	L	I	F	Y	W	H	M	C	P
0	0.02415	0.01924	0.03530	0.03090	0.18489	0.04777	0.09857	0.05675	0.11238	0.14516	0.05804	0.01380	0.02491	0.03466	0.03384	0.00154	0.01435	0.00428	0.00315	0.05631
1	0.00940	0.00914	0.05946	0.29450	0.13164	0.04129	0.03323	0.07770	0.03095	0.04130	0.03329	0.05922	0.03163	0.02049	0.03125	0.00160	0.08178	0.00446	0.00252	0.00516
2	0.00974	0.02676	0.03154	0.01371	0.26902	0.13166	0.04657	0.02397	0.02138	0.03590	0.09325	0.01688	0.13869	0.00703	0.04702	0.00156	0.06100	0.00477	0.00274	0.01683
3	0.00587	0.00426	0.00519	0.00502	0.00613	0.00381	0.00374	0.00743	0.01073	0.03726	0.49253	0.10112	0.28285	0.00940	0.00492	0.00137	0.00209	0.00816	0.00431	0.00383
4	0.00925	0.02060	0.07246	0.01229	0.08648	0.04707	0.17076	0.02838	0.07493	0.01337	0.15829	0.01407	0.01253	0.00582	0.00718	0.00146	0.25265	0.00460	0.00265	0.00518
5	0.00581	0.00452	0.00519	0.00492	0.00619	0.00407	0.00371	0.03831	0.01098	0.01447	0.42523	0.03442	0.40850	0.00931	0.00487	0.00135	0.00213	0.00796	0.00422	0.00385
6	0.11553	0.02051	0.18610	0.00938	0.02295	0.11351	0.05895	0.02962	0.05485	0.05867	0.11809	0.02615	0.06433	0.00564	0.00511	0.00135	0.09693	0.00434	0.00285	0.00515
7	0.14954	0.09186	0.37980	0.00962	0.01382	0.10908	0.01046	0.02469	0.02400	0.10847	0.00809	0.00888	0.00591	0.00424	0.00397	0.00126	0.03521	0.00300	0.00240	0.00572
8	0.01081	0.71435	0.08446	0.00748	0.01110	0.01513	0.00763	0.04386	0.00907	0.01103	0.04753	0.00819	0.00711	0.00389	0.00294	0.00096	0.00446	0.00262	0.00201	0.00539
9	0.01084	0.11395	0.05617	0.00739	0.01110	0.00880	0.00647	0.19446	0.01119	0.04010	0.00805	0.00885	0.00633	0.00368	0.00335	0.00085	0.00377	0.00281	0.00280	0.49902
10	0.08642	0.14220	0.07662	0.00832	0.01077	0.17409	0.00717	0.17385	0.01109	0.01444	0.02680	0.13767	0.01042	0.00649	0.00474	0.04589	0.02164	0.03353	0.00284	0.00500
11	0.01369	0.15746	0.06876	0.00971	0.01248	0.47800	0.00811	0.10797	0.05272	0.01256	0.00856	0.00926	0.03446	0.00450	0.00369	0.00111	0.00615	0.00306	0.00245	0.00529
12	0.03479	0.13653	0.15446	0.00765	0.01167	0.00881	0.00739	0.10204	0.00980	0.01448	0.00740	0.00845	0.00593	0.00354	0.00327	0.00087	0.00399	0.00267	0.00243	0.47381
13	0.02500	0.49732	0.11036	0.00805	0.01160	0.04725	0.00793	0.14533	0.03381	0.01364	0.03574	0.00883	0.00713	0.00414	0.00323	0.00104	0.00457	0.00289	0.02654	0.00562
14	0.04581	0.13083	0.20300	0.00779	0.01091	0.00880	0.00777	0.13519	0.02287	0.04845	0.26675	0.01772	0.06551	0.00594	0.00411	0.00125	0.00384	0.00482	0.00334	0.00529
15	0.05771	0.18601	0.09859	0.00904	0.01252	0.07289	0.00823	0.44989	0.01470	0.01968	0.00846	0.00895	0.00635	0.00447	0.00369	0.00116	0.00479	0.00321	0.02341	0.00625
16	0.07382	0.40324	0.21996	0.00881	0.01277	0.04872	0.02972	0.10552	0.01000	0.01349	0.03467	0.00856	0.00663	0.00404	0.00333	0.00110	0.00490	0.00288	0.00222	0.00561

[dist]
# distance from previous block
# <min> <max>
17	37

[block]
# block no. 4 follows, 64 sequences, length 19
# corresponding to MSA columns:
# 217-235
name=unknown_E
#
# <colnr> <probs for GDERKNQSTAVLIFYWHMCP>
#	G	D	E	R	K	N	Q	S	T	A	V	L	I	F	Y	W	H	M	C	P
0	0.01102	0.13222	0.17896	0.05683	0.05486	0.10720	0.12034	0.10401	0.02786	0.04650	0.00899	0.02023	0.02345	0.00471	0.01551	0.00128	0.02313	0.00359	0.00245	0.05686
1	0.05240	0.03232	0.17159	0.06907	0.03800	0.07902	0.13553	0.11208	0.05393	0.11877	0.02238	0.04127	0.01841	0.00479	0.00430	0.00130	0.01935	0.00409	0.00291	0.01850
2	0.00973	0.03900	0.01187	0.13541	0.18272	0.05680	0.04853	0.03180	0.02057	0.07425	0.05860	0.03409	0.07022	0.00593	0.03703	0.00138	0.00458	0.00428	0.00274	0.17049
3	0.01079	0.07933	0.02568	0.05657	0.06133	0.08966	0.15328	0.06186	0.05713	0.05894	0.02638	0.01032	0.00739	0.00391	0.00380	0.00105	0.00472	0.00347	0.00264	0.28175
4	0.23923	0.01476	0.41635	0.01037	0.03553	0.00910	0.08419	0.01323	0.00882	0.07988	0.04579	0.00996	0.00716	0.00418	0.00374	0.00131	0.00502	0.00333	0.00241	0.00564
5	0.00893	0.00789	0.03685	0.00644	0.01017	0.00581	0.00535	0.01111	0.02821	0.03699	0.00787	0.00894	0.00640	0.00323	0.00317	0.00068	0.00320	0.00258	0.00256	0.80364
6	0.00570	0.00605	0.08732	0.00544	0.00718	0.00442	0.00472	0.00768	0.03065	0.01330	0.28928	0.05257	0.45224	0.00915	0.00480	0.00137	0.00250	0.00776	0.00389	0.00398
7	0.00547	0.00419	0.00502	0.00489	0.00598	0.00373	0.00364	0.00702	0.01067	0.01428	0.48807	0.08929	0.32362	0.00953	0.00493	0.00137	0.00204	0.00825	0.00427	0.00373
8	0.01111	0.85652	0.02177	0.00711	0.01066	0.01644	0.00711	0.01244	0.00844	0.00977	0.00577	0.00666	0.00533	0.00355	0.00267	0.00089	0.00444	0.00222	0.00178	0.00533
9	0.01001	0.52602	0.34265	0.00898	0.01356	0.01375	0.01037	0.01272	0.00857	0.01111	0.00644	0.00750	0.00530	0.00371	0.00317	0.00106	0.00511	0.00256	0.00177	0.00565
10	0.01129	0.82203	0.02135	0.00726	0.01075	0.05028	0.00715	0.01261	0.00858	0.00979	0.00580	0.00670	0.00533	0.00358	0.00271	0.00090	0.00457	0.00224	0.00179	0.00531
11	0.88336	0.00803	0.00611	0.00546	0.00803	0.00932	0.00450	0.01221	0.00707	0.01864	0.00578	0.00675	0.00450	0.00386	0.00257	0.00129	0.00321	0.00225	0.00257	0.00450
12	0.00604	0.00403	0.00453	0.00453	0.00453	0.00403	0.00252	0.00604	0.00604	0.00805	0.01309	0.02718	0.01510	0.85402	0.02114	0.00403	0.00403	0.00604	0.00252	0.00252
13	0.00893	0.01765	0.56715	0.01168	0.01678	0.00989	0.09570	0.01514	0.18838	0.01410	0.00964	0.01051	0.00701	0.00427	0.00411	0.00134	0.00560	0.00362	0.00234	0.00618
14	0.00520	0.00383	0.00490	0.00564	0.00615	0.00353	0.00395	0.00613	0.00851	0.01116	0.06881	0.61997	0.15536	0.01226	0.00525	0.00164	0.00244	0.06793	0.00389	0.00346
15	0.00584	0.00424	0.00551	0.00519	0.00618	0.00390	0.00389	0.00777	0.01168	0.01647	0.79838	0.03134	0.06685	0.00856	0.00490	0.00131	0.00196	0.00756	0.00455	0.00390
16	0.00986	0.01046	0.02068	0.04008	0.05698	0.01023	0.58895	0.03826	0.11797	0.01430	0.04189	0.01248	0.00847	0.00406	0.00473	0.00139	0.00610	0.00485	0.00253	0.00573
17	0.04520	0.00980	0.01462	0.14657	0.50499	0.03484	0.01109	0.10538	0.02635	0.01475	0.00804	0.01018	0.00646	0.00396	0.00401	0.00123	0.00489	0.00358	0.00235	0.04171
18	0.06627	0.00967	0.01550	0.09019	0.65273	0.00999	0.01178	0.06901	0.00992	0.01454	0.00780	0.01010	0.00640	0.00384	0.00402	0.00125	0.00485	0.00361	0.00222	0.00632

[dist]
# distance from previous block
# <min> <max>
0	30

# created by:
# /st0/software/busco_prod/Augustus/scripts/msa2prfl.pl ./align_prep/37231.fa
