[name]
unknown

[dist]
# distance from previous block
# <min> <max>
0	43

[block]
# block no. 0 follows, 71 sequences, length 11
# corresponding to MSA columns:
# 43-53
name=unknown_A
#
# <colnr> <probs for GDERKNQSTAVLIFYWHMCP>
#	G	D	E	R	K	N	Q	S	T	A	V	L	I	F	Y	W	H	M	C	P
0	0.00890	0.00715	0.00994	0.22222	0.11902	0.00784	0.00809	0.21543	0.01087	0.01447	0.04429	0.05121	0.01254	0.00642	0.00433	0.00138	0.00412	0.24404	0.00297	0.00478
1	0.04467	0.01006	0.01031	0.04123	0.01155	0.06969	0.00685	0.51268	0.14742	0.03694	0.01062	0.06210	0.00832	0.00504	0.00383	0.00120	0.00407	0.00394	0.00358	0.00592
2	0.00830	0.14933	0.35675	0.00876	0.01222	0.09798	0.04184	0.01105	0.00902	0.01210	0.21831	0.01299	0.01289	0.00475	0.00394	0.00114	0.02767	0.00380	0.00234	0.00484
3	0.00709	0.00593	0.00985	0.63950	0.02096	0.00720	0.00879	0.00857	0.00699	0.00900	0.00678	0.01059	0.00551	0.00625	0.00667	0.22700	0.00466	0.00339	0.00169	0.00360
4	0.01424	0.00581	0.00770	0.00615	0.00836	0.00515	0.00479	0.01535	0.00960	0.63114	0.01435	0.01611	0.01062	0.22368	0.00784	0.00183	0.00338	0.00429	0.00413	0.00546
5	0.00971	0.00432	0.00493	0.00440	0.00582	0.00410	0.00343	0.01142	0.00879	0.22539	0.01317	0.01398	0.00974	0.00454	0.00298	0.00097	0.00216	0.00365	0.66218	0.00432
6	0.00681	0.00585	0.01025	0.00926	0.01086	0.00567	0.21495	0.00887	0.00878	0.01157	0.01716	0.08964	0.01815	0.00881	0.00507	0.00163	0.00419	0.55542	0.00313	0.00392
7	0.00725	0.00529	0.00629	0.00614	0.00717	0.00539	0.00449	0.21496	0.01040	0.01394	0.08901	0.54961	0.04537	0.00970	0.00458	0.00142	0.00269	0.00858	0.00369	0.00403
8	0.00776	0.00476	0.00487	0.00465	0.00587	0.00509	0.00354	0.01184	0.21829	0.01474	0.01330	0.01430	0.01031	0.00465	0.00299	0.00100	0.00210	0.00377	0.66197	0.00421
9	0.89233	0.00741	0.00564	0.00504	0.00741	0.00860	0.00415	0.01127	0.00653	0.01720	0.00534	0.00623	0.00415	0.00356	0.00237	0.00119	0.00297	0.00208	0.00237	0.00415
10	0.00468	0.00386	0.00416	0.00425	0.00539	0.00333	0.00318	0.00572	0.00867	0.01062	0.08700	0.11497	0.65969	0.01041	0.02974	0.00147	0.00226	0.03379	0.00356	0.00326

[dist]
# distance from previous block
# <min> <max>
0	1

[block]
# block no. 1 follows, 71 sequences, length 21
# corresponding to MSA columns:
# 55-75
name=unknown_B
#
# <colnr> <probs for GDERKNQSTAVLIFYWHMCP>
#	G	D	E	R	K	N	Q	S	T	A	V	L	I	F	Y	W	H	M	C	P
0	0.00816	0.00954	0.06492	0.05315	0.01773	0.00850	0.60664	0.01100	0.00865	0.01174	0.00990	0.15242	0.00899	0.00475	0.00451	0.00133	0.00565	0.00544	0.00218	0.00481
1	0.01016	0.00817	0.00936	0.00767	0.03004	0.00817	0.02280	0.19891	0.26686	0.03946	0.01136	0.01135	0.03419	0.00426	0.00353	0.00100	0.00331	0.00348	0.00323	0.32268
2	0.04493	0.00640	0.04102	0.00651	0.00794	0.00644	0.00514	0.05672	0.25516	0.03641	0.04078	0.13335	0.01472	0.17992	0.06443	0.00217	0.00374	0.08662	0.00325	0.00435
3	0.02194	0.02789	0.01214	0.19851	0.19589	0.19461	0.04267	0.06714	0.02003	0.14178	0.00927	0.01047	0.03251	0.00412	0.00375	0.00115	0.00493	0.00344	0.00252	0.00524
4	0.00873	0.08202	0.33131	0.12828	0.07885	0.00880	0.08094	0.02353	0.03834	0.07318	0.06948	0.01129	0.02676	0.00423	0.00391	0.00120	0.01802	0.00360	0.00226	0.00526
5	0.00555	0.00373	0.00424	0.00424	0.00430	0.00374	0.00242	0.00562	0.00567	0.00755	0.01264	0.02502	0.03311	0.81600	0.04819	0.00375	0.00390	0.00558	0.00234	0.00238
6	0.02898	0.00787	0.01005	0.05934	0.13526	0.08150	0.07819	0.07795	0.09780	0.04327	0.15665	0.05412	0.07056	0.00611	0.01740	0.00131	0.00391	0.03897	0.02597	0.00479
7	0.04510	0.16957	0.10288	0.18003	0.07987	0.09266	0.05403	0.10911	0.07929	0.04073	0.00779	0.00903	0.00598	0.00388	0.00351	0.00113	0.00476	0.00311	0.00230	0.00523
8	0.00969	0.16359	0.19583	0.02344	0.07860	0.15793	0.06988	0.02314	0.07907	0.02439	0.02572	0.02073	0.02641	0.02188	0.03380	0.00136	0.03397	0.00339	0.00216	0.00503
9	0.81757	0.00770	0.00614	0.00536	0.00780	0.00888	0.00442	0.08088	0.00750	0.01780	0.00567	0.00648	0.00435	0.00365	0.00250	0.00118	0.00307	0.00219	0.00250	0.00435
10	0.00715	0.00357	0.00357	0.00357	0.00447	0.00357	0.00268	0.00893	0.00804	0.01429	0.01251	0.01429	0.00983	0.00447	0.00268	0.00089	0.00179	0.00357	0.88654	0.00357
11	0.00833	0.00680	0.00799	0.00573	0.00912	0.00513	0.00459	0.01002	0.00807	0.04659	0.00716	0.00816	0.00584	0.00292	0.00288	0.00059	0.00286	0.00234	0.00237	0.85252
12	0.01432	0.01827	0.01087	0.00988	0.01185	0.84986	0.00741	0.01531	0.01087	0.00938	0.00593	0.00691	0.00494	0.00395	0.00346	0.00099	0.00691	0.00247	0.00198	0.00444
13	0.00715	0.00357	0.00357	0.00357	0.00447	0.00357	0.00268	0.00893	0.00804	0.01429	0.01251	0.01429	0.00983	0.00447	0.00268	0.00089	0.00179	0.00357	0.88654	0.00357
14	0.00894	0.10785	0.32590	0.01141	0.01552	0.02744	0.27524	0.08129	0.00952	0.01309	0.07983	0.01047	0.00805	0.00392	0.00389	0.00119	0.00532	0.00370	0.00215	0.00529
15	0.23020	0.08456	0.01072	0.00762	0.01054	0.01115	0.00640	0.52789	0.01406	0.04978	0.00812	0.00834	0.00590	0.00424	0.00336	0.00113	0.00387	0.00301	0.00332	0.00580
16	0.00490	0.00377	0.00448	0.00458	0.00547	0.00335	0.00333	0.00611	0.00920	0.01209	0.33253	0.22818	0.34909	0.00956	0.00461	0.00132	0.00196	0.00832	0.00381	0.00335
17	0.00504	0.00349	0.00434	0.00487	0.00500	0.00336	0.00305	0.00544	0.00662	0.00882	0.01743	0.51993	0.02069	0.36121	0.01088	0.00244	0.00284	0.00872	0.00305	0.00279
18	0.00971	0.27127	0.19899	0.04569	0.02577	0.09183	0.02419	0.03273	0.00808	0.03039	0.00616	0.00776	0.00514	0.00432	0.00539	0.00117	0.20527	0.00278	0.00183	0.02152
19	0.00695	0.00950	0.23322	0.00787	0.04347	0.05609	0.01759	0.02970	0.00788	0.01067	0.06106	0.07494	0.07165	0.19296	0.14268	0.00256	0.00522	0.01953	0.00239	0.00404
20	0.08951	0.00749	0.01151	0.06090	0.06012	0.00736	0.15783	0.03770	0.05916	0.37609	0.01140	0.01172	0.00794	0.00630	0.07592	0.00164	0.00462	0.00381	0.00337	0.00561

[dist]
# distance from previous block
# <min> <max>
0	10

[block]
# block no. 2 follows, 71 sequences, length 16
# corresponding to MSA columns:
# 86-101
name=unknown_C
#
# <colnr> <probs for GDERKNQSTAVLIFYWHMCP>
#	G	D	E	R	K	N	Q	S	T	A	V	L	I	F	Y	W	H	M	C	P
0	0.00773	0.00705	0.01115	0.11541	0.01306	0.05099	0.20764	0.00985	0.02513	0.04714	0.02470	0.07779	0.08884	0.00913	0.10087	0.00194	0.03557	0.15913	0.00267	0.00421
1	0.00964	0.39781	0.38978	0.00869	0.01301	0.01179	0.00999	0.06765	0.00874	0.04120	0.00664	0.00748	0.00516	0.00359	0.00313	0.00103	0.00478	0.00256	0.00189	0.00542
2	0.00714	0.00389	0.00401	0.00398	0.00493	0.00396	0.00298	0.00949	0.06435	0.01424	0.03920	0.05436	0.01151	0.00498	0.00292	0.00096	0.00189	0.00407	0.75740	0.00372
3	0.00886	0.00765	0.00803	0.00728	0.00933	0.00869	0.00564	0.01837	0.72336	0.01528	0.01873	0.01734	0.12307	0.00581	0.00399	0.00130	0.00289	0.00484	0.00386	0.00569
4	0.01458	0.01074	0.01151	0.00882	0.01189	0.01189	0.00729	0.82855	0.01803	0.02416	0.00921	0.00921	0.00652	0.00460	0.00384	0.00115	0.00422	0.00345	0.00384	0.00652
5	0.00830	0.00702	0.00814	0.00584	0.00923	0.00547	0.00469	0.05277	0.00848	0.01311	0.00694	0.00802	0.00572	0.00293	0.00289	0.00060	0.00291	0.00233	0.00235	0.84224
6	0.01399	0.01007	0.01089	0.00853	0.01145	0.01110	0.00699	0.64921	0.14175	0.08000	0.01059	0.01025	0.00752	0.00470	0.00385	0.00118	0.00397	0.00361	0.00391	0.00645
7	0.00557	0.00373	0.00426	0.00426	0.00428	0.00376	0.00242	0.00562	0.00560	0.00749	0.01201	0.02471	0.01377	0.83363	0.05091	0.00381	0.00396	0.00552	0.00231	0.00236
8	0.00769	0.01983	0.84538	0.01093	0.01659	0.00890	0.01417	0.01214	0.00810	0.01214	0.00688	0.00810	0.00486	0.00364	0.00364	0.00121	0.00567	0.00283	0.00162	0.00567
9	0.89233	0.00741	0.00564	0.00504	0.00741	0.00860	0.00415	0.01127	0.00653	0.01720	0.00534	0.00623	0.00415	0.00356	0.00237	0.00119	0.00297	0.00208	0.00237	0.00415
10	0.00499	0.00388	0.01749	0.00570	0.00616	0.00354	0.01633	0.00601	0.02277	0.01003	0.02062	0.72479	0.04274	0.02472	0.02272	0.00168	0.00261	0.05651	0.00346	0.00326
11	0.00530	0.00391	0.00495	0.00475	0.00570	0.00357	0.00358	0.00695	0.01040	0.01439	0.67937	0.04941	0.15571	0.00829	0.00455	0.00124	0.00188	0.02840	0.00409	0.00355
12	0.26152	0.00654	0.00744	0.00600	0.00857	0.00639	0.00492	0.03522	0.00956	0.49779	0.01194	0.01118	0.00796	0.00438	0.00331	0.00115	0.00303	0.00331	0.10425	0.00552
13	0.00563	0.00446	0.00525	0.00567	0.00652	0.02997	0.00438	0.00716	0.03424	0.01135	0.13602	0.27785	0.20231	0.01007	0.00481	0.00149	0.00266	0.24311	0.00360	0.00346
14	0.38735	0.00620	0.00561	0.02406	0.00717	0.03259	0.00425	0.03913	0.00778	0.01509	0.00968	0.05170	0.00841	0.00488	0.00322	0.00115	0.02923	0.05757	0.30095	0.00396
15	0.08389	0.19919	0.18985	0.02654	0.32729	0.02441	0.03547	0.01210	0.00834	0.04918	0.00692	0.00834	0.00552	0.00351	0.00337	0.00110	0.00460	0.00292	0.00195	0.00551

[dist]
# distance from previous block
# <min> <max>
1	2

[block]
# block no. 3 follows, 71 sequences, length 36
# corresponding to MSA columns:
# 104-139
name=unknown_D
#
# <colnr> <probs for GDERKNQSTAVLIFYWHMCP>
#	G	D	E	R	K	N	Q	S	T	A	V	L	I	F	Y	W	H	M	C	P
0	0.04500	0.07403	0.14779	0.03371	0.20839	0.05157	0.02761	0.16541	0.16004	0.03586	0.00898	0.00971	0.00682	0.00406	0.00365	0.00116	0.00444	0.00333	0.00265	0.00580
1	0.09393	0.01033	0.08978	0.04569	0.44818	0.05787	0.05224	0.05732	0.00910	0.05258	0.00776	0.00943	0.01620	0.00379	0.00394	0.00117	0.02958	0.00332	0.00217	0.00561
2	0.01458	0.01074	0.01151	0.00882	0.01189	0.01189	0.00729	0.82855	0.01803	0.02416	0.00921	0.00921	0.00652	0.00460	0.00384	0.00115	0.00422	0.00345	0.00384	0.00652
3	0.00673	0.00353	0.00517	0.00503	0.00523	0.00343	0.00340	0.00526	0.00517	0.00700	0.00667	0.01144	0.00660	0.01271	0.01428	0.83717	0.00330	0.00327	0.00170	0.05289
4	0.05679	0.00409	0.00502	0.00473	0.00572	0.00390	0.00357	0.00761	0.01037	0.01539	0.72120	0.02613	0.03210	0.00731	0.00424	0.00118	0.00187	0.00637	0.07876	0.00364
5	0.11633	0.00697	0.00874	0.00678	0.00969	0.00648	0.00560	0.08405	0.01105	0.68311	0.01353	0.01196	0.00864	0.00460	0.00369	0.00118	0.00331	0.00362	0.00440	0.00626
6	0.00850	0.00883	0.06189	0.34936	0.47405	0.00887	0.01147	0.01102	0.00828	0.01143	0.00704	0.00970	0.00563	0.00359	0.00380	0.00120	0.00484	0.00338	0.00181	0.00534
7	0.00669	0.00353	0.00537	0.05414	0.00623	0.00363	0.00375	0.00527	0.00515	0.00684	0.00667	0.01157	0.00657	0.01277	0.01434	0.83721	0.00343	0.00333	0.00167	0.00181
8	0.00474	0.00347	0.00448	0.00526	0.00565	0.00320	0.00363	0.00551	0.00760	0.00995	0.02326	0.71398	0.12542	0.01165	0.00487	0.00154	0.00226	0.05682	0.00356	0.00315
9	0.00947	0.00820	0.01149	0.59808	0.02199	0.03036	0.00963	0.23891	0.01064	0.01380	0.00746	0.00986	0.00550	0.00405	0.00382	0.00124	0.00491	0.00340	0.00231	0.00490
10	0.00496	0.00389	0.00440	0.00428	0.00533	0.00342	0.00316	0.00620	0.00937	0.01218	0.35891	0.03277	0.46041	0.06720	0.00555	0.00142	0.00201	0.00746	0.00374	0.00333
11	0.01066	0.59844	0.12881	0.00770	0.01111	0.12979	0.00773	0.04845	0.00871	0.01016	0.00579	0.00665	0.00499	0.00348	0.00282	0.00091	0.00470	0.00228	0.00178	0.00503
12	0.08283	0.01082	0.01235	0.03562	0.09647	0.15258	0.11622	0.27391	0.04549	0.04186	0.00821	0.00944	0.00629	0.00414	0.00393	0.00114	0.02625	0.01330	0.00278	0.05637
13	0.02110	0.00506	0.00547	0.00535	0.00581	0.06495	0.00364	0.01912	0.00636	0.00849	0.01086	0.01980	0.01153	0.48990	0.30216	0.00428	0.00618	0.00476	0.00223	0.00295
14	0.00609	0.00547	0.02406	0.00651	0.01861	0.01567	0.10034	0.00811	0.03806	0.02320	0.37352	0.05102	0.28479	0.00768	0.00460	0.00126	0.01680	0.00676	0.00357	0.00388
15	0.00969	0.02408	0.00862	0.00615	0.00941	0.00563	0.01843	0.02416	0.02205	0.15611	0.00861	0.02089	0.00671	0.00338	0.00310	0.00073	0.00301	0.00275	0.00275	0.66374
16	0.87002	0.00739	0.00572	0.00509	0.00748	0.00853	0.00419	0.01146	0.00664	0.03829	0.00559	0.00640	0.00429	0.00359	0.00241	0.00119	0.00297	0.00212	0.00243	0.00421
17	0.00533	0.00384	0.00513	0.00594	0.00647	0.00372	0.00451	0.00657	0.02226	0.01047	0.02106	0.49990	0.04912	0.03302	0.00539	0.00168	0.00275	0.30602	0.00352	0.00330
18	0.00548	0.00411	0.00616	0.00616	0.00685	0.00479	0.00479	0.00685	0.00616	0.00890	0.01027	0.01506	0.00959	0.02876	0.85006	0.00616	0.01027	0.00411	0.00205	0.00342
19	0.01720	0.00653	0.00890	0.00682	0.00979	0.00564	0.00564	0.01869	0.01097	0.84399	0.01513	0.01305	0.00949	0.00475	0.00386	0.00119	0.00326	0.00386	0.00475	0.00653
20	0.00523	0.00391	0.00485	0.00462	0.00561	0.00353	0.00346	0.00685	0.01039	0.01427	0.66341	0.03046	0.21277	0.00825	0.00452	0.00123	0.00184	0.00719	0.00408	0.00353
21	0.00927	0.00889	0.01517	0.10312	0.76343	0.00905	0.01166	0.01158	0.00863	0.01227	0.00717	0.00956	0.00598	0.00346	0.00380	0.00115	0.00461	0.00342	0.00188	0.00590
22	0.00518	0.00391	0.00479	0.00457	0.00558	0.00351	0.00343	0.00676	0.01028	0.01400	0.62046	0.03090	0.25589	0.00835	0.00452	0.00123	0.00185	0.00725	0.00404	0.00351
23	0.01167	0.31370	0.01416	0.00884	0.02756	0.41289	0.04337	0.01303	0.01939	0.00986	0.04324	0.02823	0.00740	0.00423	0.00330	0.00099	0.00539	0.02609	0.00206	0.00460
24	0.89233	0.00741	0.00564	0.00504	0.00741	0.00860	0.00415	0.01127	0.00653	0.01720	0.00534	0.00623	0.00415	0.00356	0.00237	0.00119	0.00297	0.00208	0.00237	0.00415
25	0.00818	0.00777	0.01320	0.50874	0.36637	0.00877	0.01112	0.01062	0.00811	0.01094	0.00698	0.00992	0.00551	0.00366	0.00382	0.00122	0.00488	0.00341	0.00178	0.00502
26	0.00467	0.00334	0.00445	0.00534	0.00556	0.00311	0.00356	0.00534	0.00734	0.00979	0.02113	0.86275	0.02536	0.01201	0.00489	0.00156	0.00222	0.01090	0.00356	0.00311
27	0.00795	0.00681	0.00795	0.00568	0.00909	0.00511	0.00454	0.00965	0.00795	0.01249	0.00681	0.00795	0.00568	0.00284	0.00284	0.00057	0.00284	0.00227	0.00227	0.88869
28	0.00850	0.06557	0.13366	0.04496	0.01101	0.00677	0.05394	0.05473	0.00928	0.07834	0.13759	0.03333	0.06577	0.00473	0.00363	0.00100	0.00353	0.00401	0.00278	0.27688
29	0.00888	0.25029	0.37590	0.00917	0.01276	0.01107	0.01012	0.04998	0.00809	0.02256	0.00713	0.00852	0.02479	0.00471	0.01787	0.00127	0.16703	0.00290	0.00184	0.00514
30	0.00499	0.00389	0.00447	0.00433	0.00539	0.00343	0.00321	0.00631	0.00958	0.01255	0.40752	0.03256	0.43172	0.04691	0.00519	0.00136	0.00196	0.00745	0.00381	0.00337
31	0.00643	0.00473	0.00585	0.04030	0.02829	0.00454	0.00424	0.04818	0.04106	0.05042	0.37464	0.08428	0.25903	0.02509	0.00472	0.00131	0.00235	0.00687	0.00378	0.00390
32	0.10800	0.20843	0.24113	0.03301	0.01295	0.04239	0.06741	0.14590	0.00988	0.07002	0.02271	0.00852	0.00604	0.00385	0.00336	0.00111	0.00463	0.00294	0.00237	0.00537
33	0.00884	0.33566	0.08708	0.01642	0.00966	0.04695	0.01889	0.04333	0.03206	0.04848	0.02002	0.24871	0.01198	0.00632	0.00384	0.00118	0.02391	0.02954	0.00258	0.00455
34	0.00470	0.00339	0.00447	0.00532	0.00560	0.00315	0.00360	0.00541	0.00744	0.00986	0.02190	0.80541	0.06151	0.01187	0.00489	0.00155	0.00224	0.03100	0.00356	0.00313
35	0.02172	0.02486	0.20296	0.00773	0.02236	0.01975	0.02572	0.01135	0.03100	0.09509	0.00844	0.03097	0.00676	0.00542	0.06184	0.00127	0.01961	0.00305	0.00239	0.39771

[dist]
# distance from previous block
# <min> <max>
0	4

[block]
# block no. 4 follows, 71 sequences, length 11
# corresponding to MSA columns:
# 144-154
name=unknown_E
#
# <colnr> <probs for GDERKNQSTAVLIFYWHMCP>
#	G	D	E	R	K	N	Q	S	T	A	V	L	I	F	Y	W	H	M	C	P
0	0.00817	0.00803	0.03769	0.00877	0.02377	0.03880	0.02611	0.06695	0.05052	0.01142	0.07518	0.01452	0.08490	0.02399	0.08286	0.00192	0.40901	0.02062	0.00241	0.00432
1	0.00549	0.00406	0.00590	0.00590	0.00650	0.00465	0.00447	0.00668	0.00609	0.00871	0.01051	0.01637	0.01015	0.13784	0.74175	0.00584	0.00942	0.00430	0.00209	0.00328
2	0.00756	0.00699	0.01152	0.43489	0.27896	0.00777	0.00965	0.00984	0.00848	0.01141	0.11731	0.01390	0.05664	0.00456	0.00395	0.00123	0.00433	0.00413	0.00220	0.00469
3	0.00795	0.00681	0.00795	0.00568	0.00909	0.00511	0.00454	0.00965	0.00795	0.01249	0.00681	0.00795	0.00568	0.00284	0.00284	0.00057	0.00284	0.00227	0.00227	0.88869
4	0.00724	0.00681	0.01150	0.85604	0.02641	0.00852	0.01065	0.00980	0.00767	0.00980	0.00681	0.01022	0.00511	0.00383	0.00383	0.00128	0.00511	0.00341	0.00170	0.00426
5	0.01025	0.86756	0.02009	0.00656	0.00984	0.01517	0.00656	0.01148	0.00779	0.00902	0.00533	0.00615	0.00492	0.00328	0.00246	0.00082	0.00410	0.00205	0.00164	0.00492
6	0.89233	0.00741	0.00564	0.00504	0.00741	0.00860	0.00415	0.01127	0.00653	0.01720	0.00534	0.00623	0.00415	0.00356	0.00237	0.00119	0.00297	0.00208	0.00237	0.00415
7	0.01373	0.01032	0.01103	0.00865	0.01157	0.01149	0.00708	0.69216	0.15580	0.02279	0.01029	0.01007	0.00740	0.00470	0.00385	0.00118	0.00402	0.00360	0.00385	0.00644
8	0.01003	0.00707	0.01212	0.00928	0.01169	0.00674	0.26373	0.03584	0.01015	0.22971	0.25716	0.01747	0.05178	0.00551	0.00479	0.00126	0.05213	0.00512	0.00346	0.00496
9	0.00745	0.00934	0.17816	0.00921	0.01195	0.02510	0.20860	0.01066	0.06550	0.03016	0.30979	0.03752	0.04996	0.00577	0.00429	0.00125	0.00400	0.02364	0.00302	0.00463
10	0.00928	0.58992	0.17870	0.00721	0.01052	0.01241	0.00762	0.01076	0.00749	0.00932	0.00581	0.00725	0.00513	0.00466	0.00432	0.11665	0.00430	0.00237	0.00164	0.00464

[dist]
# distance from previous block
# <min> <max>
0	1

# created by:
# /st0/software/busco_prod/Augustus/scripts/msa2prfl.pl ./align_prep/37266.fa
