[name]
unknown

[dist]
# distance from previous block
# <min> <max>
0	50

[block]
# block no. 0 follows, 63 sequences, length 23
# corresponding to MSA columns:
# 64-86
name=unknown_A
#
# <colnr> <probs for GDERKNQSTAVLIFYWHMCP>
#	G	D	E	R	K	N	Q	S	T	A	V	L	I	F	Y	W	H	M	C	P
0	0.01106	0.00973	0.00951	0.00842	0.01065	0.14094	0.00681	0.21493	0.07282	0.01617	0.02858	0.04327	0.01326	0.02967	0.00504	0.00143	0.01367	0.22535	0.00346	0.13521
1	0.00803	0.00724	0.01139	0.65477	0.02431	0.00865	0.01016	0.05770	0.00914	0.01179	0.01111	0.07367	0.06193	0.00530	0.00431	0.00140	0.00502	0.00464	0.00231	0.02713
2	0.00663	0.00455	0.00586	0.00544	0.00659	0.00423	0.00411	0.00883	0.03356	0.05392	0.73552	0.03054	0.06725	0.00844	0.00491	0.00133	0.00210	0.00742	0.00462	0.00417
3	0.05403	0.00985	0.01020	0.00905	0.04753	0.12809	0.00684	0.17502	0.07353	0.29422	0.01391	0.10918	0.02200	0.00600	0.00441	0.00133	0.01991	0.00480	0.00400	0.00611
4	0.01044	0.01066	0.02131	0.01685	0.10114	0.01050	0.56964	0.04346	0.01008	0.05048	0.02860	0.01163	0.00735	0.00417	0.00563	0.00143	0.08379	0.00471	0.00237	0.00575
5	0.00532	0.00384	0.00476	0.00537	0.00574	0.00358	0.00354	0.00598	0.00797	0.01046	0.04466	0.55573	0.13245	0.18007	0.00850	0.00213	0.00271	0.01026	0.00365	0.00327
6	0.01124	0.85479	0.02203	0.00719	0.01079	0.01663	0.00719	0.01259	0.00854	0.00989	0.00584	0.00674	0.00539	0.00360	0.00270	0.00090	0.00450	0.00225	0.00180	0.00539
7	0.10592	0.00914	0.01056	0.00818	0.01141	0.00931	0.00675	0.34307	0.01469	0.41825	0.01283	0.01182	0.00848	0.00501	0.00405	0.00128	0.00397	0.00385	0.00453	0.00689
8	0.04366	0.03829	0.01226	0.02486	0.09720	0.07008	0.12742	0.10950	0.06217	0.02546	0.09807	0.14254	0.03444	0.00784	0.04897	0.00167	0.04160	0.00565	0.00313	0.00518
9	0.00984	0.00922	0.10662	0.00878	0.04801	0.07688	0.04302	0.07625	0.02020	0.13207	0.03934	0.22567	0.15834	0.00796	0.00465	0.00142	0.00396	0.01914	0.00357	0.00505
10	0.00512	0.00366	0.00488	0.00585	0.00610	0.00341	0.00390	0.00585	0.00805	0.01073	0.02317	0.84952	0.02780	0.01317	0.00537	0.00171	0.00244	0.01195	0.00390	0.00341
11	0.01120	0.73717	0.04007	0.04601	0.01218	0.03380	0.02781	0.03150	0.00892	0.01050	0.00614	0.00721	0.00547	0.00368	0.00291	0.00096	0.00472	0.00245	0.00187	0.00542
12	0.06613	0.13493	0.01396	0.01021	0.02482	0.34658	0.07982	0.15690	0.02213	0.03830	0.00924	0.01006	0.04289	0.00464	0.00402	0.00118	0.02267	0.00339	0.00269	0.00546
13	0.00922	0.13787	0.65512	0.01138	0.01703	0.01090	0.03810	0.04986	0.00936	0.01344	0.00745	0.00871	0.00545	0.00397	0.00385	0.00127	0.00593	0.00307	0.00190	0.00612
14	0.00520	0.00385	0.00486	0.00556	0.00611	0.00352	0.00386	0.00611	0.00864	0.01130	0.07781	0.61430	0.18445	0.01234	0.00528	0.00163	0.00239	0.03535	0.00395	0.00349
15	0.04321	0.09183	0.00995	0.02434	0.00911	0.03947	0.04189	0.02999	0.02875	0.01109	0.04858	0.06322	0.04268	0.21652	0.12598	0.00283	0.15882	0.00507	0.00257	0.00410
16	0.06066	0.14751	0.07652	0.02983	0.03842	0.13729	0.05190	0.23692	0.10913	0.03815	0.00912	0.00977	0.00696	0.00456	0.00408	0.00123	0.02552	0.00343	0.00298	0.00603
17	0.02560	0.00665	0.00919	0.00821	0.00967	0.02735	0.11838	0.04404	0.11521	0.01291	0.04312	0.31590	0.09988	0.03156	0.00624	0.04181	0.03605	0.04042	0.00345	0.00437
18	0.00530	0.00388	0.00484	0.00548	0.00594	0.00361	0.00371	0.00607	0.00815	0.01065	0.03998	0.54956	0.16323	0.11976	0.02772	0.00208	0.00284	0.03014	0.00370	0.00336
19	0.02082	0.00731	0.01001	0.03719	0.19878	0.06493	0.03121	0.05653	0.00808	0.01078	0.00801	0.02572	0.00742	0.02500	0.03199	0.42594	0.02044	0.00384	0.00213	0.00386
20	0.03931	0.06687	0.10588	0.06802	0.12056	0.07405	0.09158	0.18536	0.10393	0.08863	0.00988	0.01070	0.00731	0.00445	0.00408	0.00128	0.00510	0.00374	0.00302	0.00624
21	0.00999	0.08648	0.11415	0.01348	0.05909	0.03953	0.35091	0.06945	0.07722	0.01400	0.01117	0.07988	0.02873	0.00504	0.00450	0.00136	0.00562	0.02115	0.00260	0.00565
22	0.00576	0.00419	0.00522	0.00556	0.00604	0.00415	0.00376	0.00699	0.04253	0.01080	0.08707	0.37648	0.08420	0.23498	0.10007	0.00281	0.00381	0.00870	0.00344	0.00342

[dist]
# distance from previous block
# <min> <max>
0	23

[block]
# block no. 1 follows, 63 sequences, length 22
# corresponding to MSA columns:
# 110-131
name=unknown_B
#
# <colnr> <probs for GDERKNQSTAVLIFYWHMCP>
#	G	D	E	R	K	N	Q	S	T	A	V	L	I	F	Y	W	H	M	C	P
0	0.09117	0.10994	0.04587	0.03772	0.01206	0.09545	0.04739	0.19737	0.11461	0.05924	0.04779	0.02476	0.06352	0.00555	0.00432	0.02574	0.00445	0.00415	0.00327	0.00563
1	0.03353	0.03041	0.03877	0.12598	0.21464	0.09817	0.12869	0.05925	0.07659	0.04440	0.00883	0.02054	0.00704	0.00461	0.00517	0.00135	0.08988	0.00392	0.00248	0.00576
2	0.00952	0.05477	0.01075	0.00891	0.01009	0.15627	0.03366	0.05577	0.00847	0.01086	0.00860	0.01268	0.00801	0.06746	0.29945	0.02327	0.21092	0.00392	0.00223	0.00438
3	0.05431	0.02334	0.07544	0.05268	0.11557	0.05238	0.00758	0.07991	0.07961	0.06909	0.03808	0.10247	0.06315	0.00614	0.01743	0.00132	0.00414	0.00479	0.00311	0.14946
4	0.02564	0.15312	0.39241	0.05584	0.04185	0.08508	0.03624	0.06074	0.04566	0.03905	0.00800	0.00918	0.00602	0.00418	0.00399	0.00125	0.02040	0.00319	0.00222	0.00592
5	0.00823	0.04303	0.59201	0.01028	0.01499	0.00858	0.01232	0.01213	0.02356	0.03769	0.01073	0.14479	0.00972	0.04745	0.00505	0.00151	0.00531	0.00471	0.00231	0.00559
6	0.00745	0.00470	0.00635	0.00687	0.05286	0.00462	0.00451	0.02513	0.03272	0.05447	0.03496	0.22518	0.08889	0.07376	0.05485	0.28400	0.00366	0.00659	0.02496	0.00346
7	0.01005	0.05228	0.09176	0.11004	0.23298	0.00990	0.12976	0.13060	0.03935	0.01501	0.04373	0.08079	0.01002	0.00516	0.00437	0.00134	0.00500	0.01933	0.00270	0.00582
8	0.00581	0.00389	0.00505	0.00567	0.00603	0.00365	0.00377	0.00653	0.00812	0.03908	0.07172	0.63624	0.02592	0.14820	0.00789	0.00205	0.00271	0.01047	0.00377	0.00344
9	0.04397	0.00438	0.00544	0.00573	0.00659	0.00406	0.00404	0.00794	0.00883	0.10259	0.08132	0.52577	0.12277	0.04889	0.00576	0.00169	0.00260	0.00973	0.00398	0.00390
10	0.00607	0.00399	0.00513	0.00571	0.00627	0.00369	0.00394	0.00696	0.00853	0.05516	0.06354	0.60981	0.08837	0.05964	0.00611	0.00176	0.00257	0.03084	0.02827	0.00363
11	0.01163	0.17804	0.06366	0.07056	0.26923	0.21494	0.01015	0.03177	0.02969	0.01203	0.00721	0.00899	0.00604	0.00424	0.00446	0.00120	0.06519	0.00318	0.00210	0.00568
12	0.01024	0.00718	0.00820	0.00744	0.00928	0.00764	0.00568	0.16696	0.24822	0.09796	0.04974	0.29104	0.03425	0.00819	0.00463	0.00146	0.00320	0.00707	0.02614	0.00549
13	0.00527	0.00379	0.00493	0.00568	0.00609	0.00352	0.00388	0.00609	0.00843	0.01119	0.08670	0.66834	0.09605	0.02675	0.00581	0.01984	0.00246	0.02785	0.00389	0.00343
14	0.00591	0.00434	0.00514	0.00518	0.00621	0.00394	0.00377	0.00742	0.02968	0.03599	0.26692	0.20668	0.32214	0.05561	0.00591	0.00160	0.00236	0.02334	0.00409	0.00377
15	0.00614	0.00410	0.00482	0.00482	0.00490	0.00418	0.00284	0.00623	0.00616	0.00828	0.01287	0.02598	0.01457	0.74653	0.10027	0.03153	0.00476	0.00588	0.00250	0.00264
16	0.00855	0.00797	0.01156	0.08898	0.32420	0.05233	0.00889	0.01037	0.00877	0.01192	0.04755	0.08386	0.04224	0.05634	0.11846	0.00228	0.06796	0.04029	0.00251	0.00499
17	0.00744	0.00484	0.01764	0.00566	0.00641	0.02068	0.00398	0.00837	0.00829	0.09323	0.07441	0.30988	0.02008	0.26313	0.03560	0.00242	0.00342	0.02140	0.08940	0.00371
18	0.06217	0.00906	0.00976	0.00826	0.01085	0.01005	0.00655	0.21121	0.42788	0.10927	0.05150	0.01476	0.01202	0.03168	0.00472	0.00144	0.00363	0.00449	0.00423	0.00646
19	0.00938	0.00756	0.00791	0.00706	0.00895	0.05182	0.00546	0.08194	0.29791	0.05062	0.28522	0.02273	0.11308	0.00705	0.00452	0.00134	0.00307	0.00593	0.02311	0.00532
20	0.02894	0.00683	0.01072	0.06536	0.20882	0.00725	0.05055	0.04751	0.02371	0.02008	0.00864	0.04908	0.00796	0.00974	0.03454	0.35649	0.05325	0.00415	0.00223	0.00415
21	0.01129	0.18253	0.01422	0.06054	0.20714	0.09122	0.00853	0.13469	0.07729	0.02897	0.00971	0.01169	0.02215	0.04278	0.07799	0.00180	0.00542	0.00369	0.00265	0.00571

[dist]
# distance from previous block
# <min> <max>
0	30

[block]
# block no. 2 follows, 63 sequences, length 8
# corresponding to MSA columns:
# 162-169
name=unknown_C
#
# <colnr> <probs for GDERKNQSTAVLIFYWHMCP>
#	G	D	E	R	K	N	Q	S	T	A	V	L	I	F	Y	W	H	M	C	P
0	0.25235	0.04163	0.04936	0.00806	0.01083	0.05830	0.00682	0.21094	0.18261	0.04073	0.04605	0.01168	0.02566	0.00507	0.00405	0.00131	0.03162	0.00370	0.00342	0.00579
1	0.01191	0.01028	0.05226	0.02641	0.01365	0.01044	0.14088	0.24063	0.27606	0.06797	0.01362	0.01375	0.04110	0.00573	0.02067	0.00147	0.02133	0.00450	0.02102	0.00633
2	0.01138	0.00917	0.00983	0.00855	0.01095	0.01035	0.00671	0.24107	0.50055	0.01927	0.01586	0.11158	0.01299	0.00639	0.00438	0.00141	0.00359	0.00532	0.00421	0.00641
3	0.00644	0.00505	0.00778	0.00866	0.08919	0.00573	0.00602	0.00805	0.00704	0.01016	0.01093	0.01590	0.01013	0.02876	0.75263	0.00621	0.01063	0.00443	0.00223	0.00404
4	0.70167	0.00930	0.00713	0.00632	0.00891	0.09170	0.00511	0.01377	0.04558	0.06806	0.00710	0.00778	0.00539	0.00411	0.00290	0.00128	0.00371	0.00255	0.00280	0.00484
5	0.07214	0.00742	0.00838	0.00762	0.00944	0.00792	0.00601	0.29388	0.05152	0.04507	0.01634	0.27525	0.01658	0.03488	0.00523	0.00160	0.00362	0.12799	0.00393	0.00514
6	0.02368	0.00827	0.03690	0.08385	0.19390	0.00829	0.05797	0.10769	0.03660	0.06569	0.03740	0.06401	0.04738	0.16187	0.00796	0.00187	0.04343	0.00510	0.00293	0.00521
7	0.00522	0.00373	0.00496	0.00579	0.00612	0.00348	0.00391	0.00610	0.00850	0.01145	0.11675	0.75390	0.02919	0.01264	0.00532	0.00166	0.00239	0.01144	0.00399	0.00348

[dist]
# distance from previous block
# <min> <max>
0	3

[block]
# block no. 3 follows, 63 sequences, length 6
# corresponding to MSA columns:
# 173-178
name=unknown_D
#
# <colnr> <probs for GDERKNQSTAVLIFYWHMCP>
#	G	D	E	R	K	N	Q	S	T	A	V	L	I	F	Y	W	H	M	C	P
0	0.01187	0.01071	0.01572	0.01214	0.01528	0.04459	0.28857	0.19474	0.23548	0.04764	0.01175	0.01322	0.00895	0.00497	0.00492	0.00140	0.04015	0.02835	0.00334	0.00620
1	0.40873	0.01478	0.08202	0.00852	0.01125	0.38669	0.00716	0.01446	0.00948	0.01445	0.00630	0.00735	0.00502	0.00411	0.00327	0.00120	0.00549	0.00255	0.00233	0.00485
2	0.08434	0.00559	0.00586	0.00602	0.00703	0.04880	0.00435	0.00913	0.08129	0.01364	0.19570	0.38810	0.07484	0.00967	0.00471	0.00148	0.00272	0.00845	0.04424	0.00403
3	0.01129	0.04498	0.04974	0.06358	0.17286	0.02652	0.03067	0.13228	0.05947	0.14208	0.07732	0.06347	0.05082	0.00704	0.04759	0.00160	0.00461	0.00487	0.00338	0.00584
4	0.00589	0.00421	0.00553	0.00580	0.00625	0.00438	0.00410	0.00674	0.00716	0.00970	0.01658	0.18404	0.05347	0.30884	0.28707	0.00421	0.00605	0.07383	0.00288	0.00327
5	0.01041	0.00948	0.04700	0.09293	0.12140	0.04291	0.09213	0.15111	0.11713	0.03987	0.06734	0.03702	0.02832	0.02608	0.03780	0.00163	0.00487	0.03767	0.02925	0.00563

[dist]
# distance from previous block
# <min> <max>
2	24

[block]
# block no. 4 follows, 63 sequences, length 28
# corresponding to MSA columns:
# 203-230
name=unknown_E
#
# <colnr> <probs for GDERKNQSTAVLIFYWHMCP>
#	G	D	E	R	K	N	Q	S	T	A	V	L	I	F	Y	W	H	M	C	P
0	0.03868	0.00910	0.01497	0.15679	0.58797	0.00949	0.01168	0.01246	0.03785	0.01339	0.00904	0.05075	0.00791	0.00446	0.00420	0.00131	0.00484	0.01677	0.00226	0.00607
1	0.08821	0.00763	0.01100	0.22552	0.21704	0.00838	0.00873	0.09010	0.00963	0.01381	0.01283	0.20097	0.04952	0.00657	0.00464	0.00142	0.03046	0.00570	0.00278	0.00506
2	0.06988	0.00707	0.00817	0.07086	0.01049	0.00759	0.00588	0.09011	0.23236	0.09370	0.02884	0.14503	0.10372	0.03107	0.03918	0.01384	0.00370	0.00591	0.00375	0.02884
3	0.00607	0.00420	0.00552	0.00603	0.00665	0.00412	0.00427	0.00737	0.03511	0.04375	0.03407	0.54388	0.07869	0.04435	0.12961	0.00250	0.00390	0.03249	0.00368	0.00372
4	0.10768	0.00457	0.00541	0.00558	0.00622	0.00475	0.00385	0.00736	0.00730	0.02603	0.04094	0.27175	0.03323	0.27984	0.17367	0.00338	0.00479	0.00718	0.00305	0.00343
5	0.03598	0.00450	0.00577	0.00602	0.00683	0.00431	0.02325	0.00772	0.04167	0.03495	0.11398	0.50082	0.10598	0.05099	0.00585	0.00170	0.00267	0.03032	0.01289	0.00380
6	0.06754	0.00635	0.00758	0.00656	0.00856	0.00622	0.00513	0.08263	0.07682	0.25068	0.22216	0.08631	0.08505	0.04685	0.00529	0.00150	0.00305	0.02208	0.00437	0.00527
7	0.01080	0.04442	0.00984	0.00825	0.01018	0.15221	0.02395	0.07881	0.24912	0.05881	0.10764	0.10079	0.02798	0.05323	0.01595	0.00157	0.03217	0.00536	0.00360	0.00532
8	0.00541	0.00421	0.00495	0.00495	0.00603	0.00376	0.00366	0.00680	0.01019	0.01336	0.34221	0.13540	0.39225	0.01092	0.03543	0.00161	0.00245	0.00860	0.00412	0.00370
9	0.04883	0.00417	0.00512	0.00559	0.00624	0.00395	0.00390	0.00689	0.00866	0.02899	0.13138	0.50943	0.10613	0.07801	0.00639	0.00179	0.00258	0.03449	0.00386	0.00358
10	0.41941	0.00709	0.00712	0.00653	0.01893	0.00761	0.01816	0.07970	0.00933	0.08848	0.05150	0.15157	0.06375	0.02310	0.00413	0.00145	0.00326	0.03078	0.00339	0.00471
11	0.16066	0.14908	0.09647	0.03460	0.07666	0.06719	0.03577	0.07565	0.04755	0.01456	0.00761	0.00894	0.00613	0.00468	0.02291	0.00126	0.03554	0.00301	0.00243	0.14930
12	0.00630	0.00525	0.02926	0.03744	0.00841	0.00575	0.00564	0.00774	0.00678	0.00972	0.01098	0.01705	0.01051	0.12406	0.64956	0.00587	0.04909	0.00459	0.00224	0.00375
13	0.04585	0.00444	0.00537	0.00564	0.00649	0.00421	0.00398	0.00786	0.03476	0.06049	0.13238	0.45874	0.14319	0.05917	0.00594	0.00170	0.00256	0.00945	0.00395	0.00384
14	0.03512	0.00592	0.00701	0.01720	0.00768	0.03754	0.00494	0.05750	0.02520	0.03335	0.04473	0.12159	0.09324	0.11668	0.13883	0.16369	0.07746	0.00575	0.00288	0.00371
15	0.01099	0.06326	0.06016	0.10162	0.29293	0.04904	0.12284	0.09192	0.05375	0.05081	0.00992	0.01152	0.03295	0.00430	0.00417	0.00127	0.00518	0.00395	0.00257	0.02685
16	0.00999	0.01039	0.05970	0.07838	0.64784	0.00993	0.05730	0.01264	0.00944	0.01346	0.02319	0.01079	0.00709	0.00397	0.00448	0.00129	0.02784	0.00385	0.00209	0.00634
17	0.00584	0.00413	0.00508	0.00555	0.00613	0.00389	0.00381	0.02917	0.00868	0.02158	0.07076	0.52263	0.13527	0.11380	0.00713	0.00190	0.00265	0.02189	0.02659	0.00353
18	0.01101	0.03717	0.20926	0.01242	0.01633	0.02361	0.25729	0.19568	0.03627	0.03548	0.01029	0.01229	0.03418	0.00483	0.00507	0.00138	0.06291	0.02580	0.00274	0.00599
19	0.02576	0.03304	0.03525	0.04120	0.05822	0.02554	0.03406	0.43558	0.08287	0.04202	0.00975	0.01079	0.00739	0.02171	0.00577	0.00141	0.11599	0.00385	0.00344	0.00637
20	0.00760	0.00560	0.00781	0.08523	0.04219	0.00616	0.00595	0.03103	0.04589	0.06091	0.05200	0.10736	0.07447	0.07084	0.32879	0.00368	0.03996	0.00571	0.01454	0.00430
21	0.00668	0.00454	0.00573	0.00601	0.00693	0.00424	0.00441	0.03417	0.00917	0.05980	0.05841	0.43970	0.14172	0.05351	0.01964	0.00181	0.00294	0.10766	0.00388	0.02906
22	0.00668	0.00487	0.00683	0.00651	0.00744	0.00509	0.03026	0.02938	0.00780	0.03298	0.04492	0.12999	0.05432	0.16916	0.41466	0.00451	0.00727	0.00604	0.00283	0.02848
23	0.02585	0.03870	0.03486	0.07258	0.03094	0.16774	0.03724	0.34738	0.06661	0.06565	0.01053	0.01120	0.03070	0.01310	0.00453	0.00129	0.02787	0.00379	0.00333	0.00610
24	0.04674	0.07824	0.05633	0.07440	0.03778	0.04931	0.05143	0.07129	0.08758	0.04465	0.05074	0.11919	0.08426	0.04205	0.04256	0.00173	0.02450	0.02914	0.00311	0.00497
25	0.04618	0.27134	0.13485	0.00921	0.01260	0.14778	0.02618	0.12753	0.10203	0.01418	0.00833	0.00917	0.00664	0.00518	0.03032	0.00133	0.02090	0.00311	0.00254	0.02060
26	0.07887	0.14700	0.15323	0.03163	0.09884	0.08324	0.00863	0.03551	0.08697	0.05886	0.01074	0.02738	0.04892	0.00628	0.03369	0.04826	0.01922	0.00373	0.00259	0.01640
27	0.03644	0.13039	0.10990	0.03329	0.08462	0.09492	0.01525	0.07376	0.05623	0.05271	0.01113	0.05326	0.04285	0.02727	0.03769	0.04660	0.01553	0.00407	0.04116	0.03292

[dist]
# distance from previous block
# <min> <max>
1	55

[block]
# block no. 5 follows, 63 sequences, length 23
# corresponding to MSA columns:
# 286-308
name=unknown_F
#
# <colnr> <probs for GDERKNQSTAVLIFYWHMCP>
#	G	D	E	R	K	N	Q	S	T	A	V	L	I	F	Y	W	H	M	C	P
0	0.00750	0.00486	0.00637	0.00628	0.00728	0.00494	0.00466	0.05877	0.00883	0.08646	0.03705	0.28061	0.09581	0.05445	0.27704	0.02643	0.00562	0.00731	0.01566	0.00406
1	0.02512	0.02408	0.03577	0.21003	0.18872	0.03895	0.00935	0.10208	0.12506	0.03525	0.01106	0.04520	0.02441	0.00508	0.00431	0.00131	0.01747	0.02756	0.00284	0.06635
2	0.03044	0.00660	0.00882	0.08106	0.11392	0.02258	0.02741	0.04500	0.08247	0.04246	0.10654	0.10384	0.09615	0.10013	0.02069	0.08401	0.00386	0.01632	0.00319	0.00449
3	0.00786	0.00489	0.00606	0.00593	0.00712	0.00458	0.00439	0.03805	0.03391	0.12582	0.14545	0.29977	0.17184	0.05860	0.00617	0.01985	0.00277	0.04864	0.00409	0.00421
4	0.02996	0.15529	0.12461	0.02927	0.05394	0.16240	0.02763	0.16514	0.08704	0.06881	0.03090	0.02933	0.00823	0.00474	0.00388	0.00121	0.00512	0.00364	0.00293	0.00593
5	0.01142	0.05316	0.02700	0.04034	0.25390	0.14784	0.02461	0.04869	0.06092	0.08632	0.03912	0.05736	0.04791	0.00547	0.00501	0.00131	0.07668	0.00442	0.00283	0.00568
6	0.05645	0.00509	0.00588	0.00584	0.00690	0.00509	0.00421	0.05042	0.07302	0.04886	0.09077	0.32477	0.12989	0.08209	0.00677	0.04750	0.00282	0.00800	0.04161	0.00402
7	0.00768	0.00545	0.00711	0.00675	0.00783	0.00594	0.00516	0.07883	0.06130	0.04234	0.08016	0.08752	0.05037	0.07170	0.36813	0.05660	0.02310	0.02676	0.00309	0.00417
8	0.04645	0.04563	0.02757	0.02887	0.21309	0.07439	0.05588	0.21136	0.05535	0.07011	0.00996	0.01110	0.02949	0.00490	0.00515	0.00132	0.09646	0.00384	0.00296	0.00613
9	0.06301	0.00528	0.00579	0.00568	0.00692	0.02761	0.00420	0.00932	0.06276	0.06629	0.18321	0.23290	0.19839	0.03364	0.02985	0.00166	0.00289	0.00777	0.04870	0.00413
10	0.00839	0.00459	0.00610	0.00605	0.00691	0.00439	0.00434	0.02447	0.00848	0.15099	0.04118	0.32681	0.01845	0.11692	0.05141	0.13656	0.00356	0.04475	0.03181	0.00385
11	0.01266	0.32082	0.09455	0.00925	0.02821	0.15666	0.00829	0.20979	0.05692	0.01501	0.00813	0.00890	0.00649	0.00481	0.01945	0.00121	0.00524	0.00304	0.02471	0.00584
12	0.00632	0.00414	0.00530	0.00573	0.00626	0.00392	0.00389	0.00736	0.02627	0.05943	0.08806	0.53707	0.04141	0.16183	0.00810	0.00207	0.00280	0.02262	0.00381	0.00361
13	0.03314	0.00614	0.00738	0.00683	0.00824	0.02679	0.03600	0.08196	0.07998	0.07616	0.10835	0.29943	0.08475	0.06211	0.03276	0.00179	0.00343	0.00763	0.03262	0.00452
14	0.01434	0.01716	0.01122	0.01015	0.01236	0.62559	0.00768	0.03602	0.17451	0.01217	0.00978	0.01024	0.03112	0.00481	0.00393	0.00117	0.00649	0.00333	0.00269	0.00525
15	0.00636	0.00439	0.00515	0.02855	0.00581	0.00446	0.00324	0.02854	0.00688	0.00914	0.01455	0.08318	0.03361	0.68934	0.03346	0.00369	0.00411	0.02995	0.00273	0.00288
16	0.00766	0.00503	0.00611	0.00601	0.00719	0.00489	0.00444	0.03732	0.09124	0.08866	0.18920	0.33654	0.10637	0.00959	0.00482	0.00147	0.00257	0.02007	0.06644	0.00438
17	0.00970	0.04801	0.01266	0.04791	0.04901	0.05471	0.16882	0.06639	0.03723	0.07461	0.08779	0.17356	0.03492	0.04263	0.00597	0.00154	0.06186	0.01450	0.00317	0.00500
18	0.00605	0.00406	0.00468	0.00474	0.00478	0.00407	0.00272	0.00614	0.00626	0.00837	0.01381	0.07949	0.01592	0.77141	0.04758	0.00401	0.00421	0.00643	0.00262	0.00264
19	0.00512	0.00376	0.00481	0.00561	0.00604	0.00345	0.00380	0.00593	0.00837	0.01098	0.04646	0.71324	0.14163	0.01269	0.00530	0.00166	0.00238	0.01140	0.00392	0.00345
20	0.01067	0.00709	0.00809	0.00694	0.00885	0.02863	0.00543	0.22196	0.01280	0.13834	0.21796	0.06606	0.10476	0.06906	0.04896	0.00182	0.00379	0.02956	0.00413	0.00512
21	0.13542	0.04788	0.01106	0.03051	0.04051	0.16277	0.02079	0.21070	0.11605	0.07041	0.01048	0.05170	0.00851	0.02283	0.02924	0.00150	0.01672	0.00394	0.00326	0.00571
22	0.47540	0.05305	0.03867	0.00737	0.03148	0.05615	0.00604	0.09573	0.02218	0.06112	0.00798	0.00982	0.00641	0.01760	0.00378	0.02120	0.00391	0.02935	0.00284	0.04991

[dist]
# distance from previous block
# <min> <max>
1	9

[block]
# block no. 6 follows, 63 sequences, length 15
# corresponding to MSA columns:
# 318-332
name=unknown_G
#
# <colnr> <probs for GDERKNQSTAVLIFYWHMCP>
#	G	D	E	R	K	N	Q	S	T	A	V	L	I	F	Y	W	H	M	C	P
0	0.00667	0.00495	0.00675	0.00653	0.00721	0.00565	0.00488	0.04899	0.00726	0.01025	0.01147	0.01860	0.01132	0.22949	0.56381	0.00564	0.03963	0.00483	0.00241	0.00367
1	0.00819	0.00636	0.00820	0.00698	0.00912	0.00572	0.05257	0.07817	0.03396	0.05063	0.01816	0.29206	0.11639	0.00851	0.02653	0.00140	0.00338	0.00688	0.00343	0.26338
2	0.01418	0.04430	0.01198	0.00943	0.01234	0.13483	0.00760	0.43740	0.24658	0.02090	0.01140	0.01119	0.00845	0.00507	0.00411	0.00127	0.00469	0.00384	0.00383	0.00660
3	0.00619	0.00484	0.00586	0.00575	0.00704	0.00424	0.00411	0.00768	0.03863	0.01202	0.07137	0.44413	0.12919	0.03866	0.00529	0.00147	0.00261	0.00869	0.00360	0.19863
4	0.00728	0.00574	0.00633	0.00650	0.02408	0.05394	0.00459	0.01793	0.07494	0.04274	0.11098	0.28716	0.17587	0.05226	0.03121	0.05019	0.00327	0.02185	0.00367	0.01947
5	0.00865	0.00836	0.01017	0.00921	0.00999	0.09129	0.02856	0.01065	0.06805	0.01083	0.01041	0.06799	0.01020	0.03443	0.22271	0.00304	0.33416	0.05446	0.00244	0.00442
6	0.00840	0.00786	0.01298	0.64245	0.15476	0.00937	0.01141	0.01159	0.05055	0.01154	0.00816	0.01148	0.00630	0.00506	0.03006	0.00154	0.00556	0.00381	0.00204	0.00506
7	0.00588	0.00411	0.00497	0.00531	0.00617	0.00367	0.00374	0.00686	0.00905	0.05428	0.09481	0.43601	0.30343	0.03447	0.00557	0.00162	0.00240	0.00996	0.00399	0.00368
8	0.00599	0.00411	0.00509	0.00559	0.00597	0.00403	0.00372	0.03652	0.00805	0.01106	0.01928	0.53800	0.02228	0.20653	0.03717	0.00236	0.00316	0.00945	0.06824	0.00340
9	0.25230	0.07583	0.01228	0.20549	0.09690	0.16015	0.03850	0.04266	0.02474	0.01394	0.00701	0.00889	0.00559	0.00420	0.00395	0.00127	0.03581	0.00310	0.00228	0.00509
10	0.00527	0.00423	0.00472	0.00477	0.00595	0.00367	0.00356	0.00654	0.00997	0.01261	0.22215	0.11903	0.53745	0.01045	0.00503	0.00144	0.00218	0.03327	0.00407	0.00364
11	0.03165	0.00963	0.05304	0.20243	0.22890	0.00992	0.05436	0.11923	0.07116	0.03712	0.02473	0.01234	0.03562	0.00520	0.01776	0.00144	0.06056	0.00407	0.00267	0.01817
12	0.00877	0.00705	0.05464	0.00694	0.00881	0.00648	0.00575	0.11329	0.06241	0.06534	0.03032	0.13331	0.11617	0.05242	0.09642	0.00209	0.02937	0.05526	0.07633	0.06882
13	0.01043	0.00929	0.03530	0.01124	0.14379	0.05773	0.03732	0.09319	0.26530	0.05461	0.08341	0.05107	0.06104	0.02148	0.02190	0.00152	0.00419	0.02777	0.00358	0.00582
14	0.00945	0.00779	0.01028	0.09703	0.06913	0.02026	0.05110	0.08396	0.09297	0.05204	0.02814	0.11400	0.05925	0.00624	0.01862	0.00129	0.00397	0.01899	0.00315	0.25234

[dist]
# distance from previous block
# <min> <max>
2	13

[block]
# block no. 7 follows, 63 sequences, length 28
# corresponding to MSA columns:
# 346-373
name=unknown_H
#
# <colnr> <probs for GDERKNQSTAVLIFYWHMCP>
#	G	D	E	R	K	N	Q	S	T	A	V	L	I	F	Y	W	H	M	C	P
0	0.05841	0.00961	0.06436	0.04773	0.04837	0.01856	0.15575	0.14876	0.13519	0.04730	0.03083	0.04734	0.01047	0.13722	0.00714	0.00179	0.01779	0.00480	0.00311	0.00546
1	0.08997	0.05860	0.04884	0.00978	0.01246	0.35656	0.06090	0.14826	0.02829	0.04643	0.03955	0.06355	0.00875	0.00510	0.00396	0.00122	0.00567	0.00387	0.00287	0.00536
2	0.14255	0.00967	0.01048	0.00942	0.06639	0.01057	0.00707	0.29282	0.26728	0.03153	0.01160	0.01200	0.00879	0.00494	0.00392	0.00127	0.00387	0.01825	0.00370	0.08384
3	0.06710	0.05447	0.07577	0.12227	0.01183	0.02199	0.02459	0.07389	0.01074	0.01490	0.26852	0.02366	0.14777	0.00707	0.00447	0.00136	0.00363	0.05794	0.00342	0.00460
4	0.01038	0.02466	0.04552	0.00937	0.03019	0.22865	0.04289	0.05645	0.15876	0.01296	0.03532	0.06712	0.01129	0.03411	0.18747	0.00258	0.00657	0.02781	0.00290	0.00501
5	0.05189	0.00723	0.00843	0.00693	0.00929	0.00720	0.00556	0.21510	0.03265	0.23363	0.24725	0.02115	0.12223	0.00678	0.00445	0.00132	0.00318	0.00559	0.00448	0.00565
6	0.20050	0.01333	0.01076	0.00903	0.01179	0.27331	0.00717	0.31981	0.06040	0.04274	0.00864	0.00904	0.00647	0.00462	0.00374	0.00122	0.00517	0.00319	0.00325	0.00584
7	0.00607	0.00473	0.00640	0.00616	0.00705	0.00466	0.04833	0.00745	0.03184	0.01084	0.06844	0.15092	0.18775	0.23270	0.15620	0.00312	0.00470	0.05586	0.00321	0.00356
8	0.00916	0.06656	0.66358	0.01217	0.01782	0.05967	0.08704	0.01349	0.00913	0.01296	0.00748	0.00890	0.00543	0.00395	0.00400	0.00130	0.00628	0.00320	0.00183	0.00604
9	0.00605	0.00414	0.00499	0.00502	0.00518	0.00425	0.00309	0.00639	0.00645	0.00875	0.03484	0.05588	0.01558	0.65970	0.15860	0.00437	0.00518	0.00609	0.00260	0.00282
10	0.00976	0.01051	0.02168	0.01582	0.01947	0.01016	0.65264	0.05658	0.01009	0.01374	0.00956	0.06659	0.00796	0.00549	0.03766	0.00165	0.03751	0.00529	0.00235	0.00549
11	0.01536	0.06045	0.01247	0.01059	0.01285	0.72774	0.00809	0.06406	0.01210	0.01124	0.00666	0.00773	0.00552	0.00440	0.00398	0.00110	0.02561	0.00277	0.00226	0.00503
12	0.00898	0.00812	0.01252	0.64146	0.06964	0.00979	0.01091	0.07567	0.09655	0.01289	0.00874	0.01156	0.00656	0.00441	0.00421	0.00138	0.00525	0.00385	0.00232	0.00519
13	0.00992	0.01134	0.02481	0.01772	0.02197	0.01063	0.81077	0.01347	0.00992	0.01347	0.00850	0.01134	0.00638	0.00354	0.00496	0.00142	0.00709	0.00496	0.00213	0.00567
14	0.00512	0.00366	0.00488	0.00585	0.00610	0.00341	0.00390	0.00585	0.00805	0.01073	0.02317	0.84952	0.02780	0.01317	0.00537	0.00171	0.00244	0.01195	0.00390	0.00341
15	0.00541	0.00400	0.00507	0.00553	0.00622	0.00366	0.00396	0.00659	0.00942	0.01254	0.23528	0.44772	0.17073	0.01144	0.00521	0.00157	0.00235	0.05559	0.00409	0.00361
16	0.00706	0.00381	0.00572	0.00572	0.00586	0.00395	0.00395	0.00586	0.00572	0.00776	0.00804	0.01348	0.00790	0.01777	0.16957	0.71488	0.00507	0.00381	0.00191	0.00219
17	0.01556	0.01914	0.01188	0.01068	0.01293	0.75449	0.00807	0.07018	0.03772	0.01160	0.00707	0.00800	0.00576	0.00442	0.00383	0.00111	0.00725	0.00284	0.00237	0.00508
18	0.01426	0.00819	0.04468	0.00777	0.01061	0.00758	0.00651	0.09901	0.18282	0.40974	0.14614	0.01670	0.01510	0.00579	0.00434	0.00133	0.00349	0.00479	0.00467	0.00649
19	0.00639	0.00433	0.00531	0.00553	0.00641	0.00399	0.00405	0.00745	0.00901	0.06038	0.10901	0.24946	0.23665	0.14895	0.00784	0.00199	0.00285	0.12290	0.00383	0.00365
20	0.00708	0.00566	0.00657	0.00681	0.00787	0.00601	0.00490	0.01194	0.30690	0.01328	0.02146	0.52015	0.04387	0.01035	0.00495	0.00160	0.00276	0.00921	0.00404	0.00461
21	0.00902	0.01973	0.64461	0.01300	0.01868	0.04549	0.16388	0.01349	0.00920	0.01321	0.00768	0.00928	0.00553	0.00392	0.00417	0.00134	0.00644	0.00344	0.00186	0.00605
22	0.00565	0.00393	0.00474	0.00511	0.00533	0.00378	0.00319	0.00610	0.00738	0.00981	0.06225	0.35303	0.06608	0.42934	0.01328	0.00285	0.00321	0.00865	0.00327	0.00302
23	0.00530	0.00380	0.00476	0.00545	0.00576	0.00356	0.00357	0.00592	0.00782	0.01029	0.02309	0.61034	0.10209	0.17750	0.00847	0.00214	0.00273	0.01051	0.00364	0.00326
24	0.03027	0.01090	0.00903	0.00866	0.04155	0.29452	0.00630	0.06350	0.05282	0.06477	0.20390	0.11621	0.05463	0.00692	0.00440	0.00130	0.00450	0.01746	0.00349	0.00485
25	0.02311	0.00805	0.00752	0.00727	0.03059	0.13604	0.00508	0.05403	0.11928	0.03541	0.04646	0.02276	0.08481	0.33090	0.02782	0.00250	0.00444	0.04657	0.00314	0.00423
26	0.00853	0.02811	0.05495	0.00835	0.01054	0.08106	0.09970	0.01256	0.19447	0.02426	0.05658	0.07699	0.25551	0.03028	0.00540	0.00148	0.03668	0.00626	0.00339	0.00488
27	0.00620	0.00449	0.00562	0.00598	0.00668	0.00434	0.00424	0.06864	0.00964	0.01291	0.14865	0.53582	0.07657	0.04896	0.00592	0.00171	0.00265	0.04323	0.00398	0.00378

[dist]
# distance from previous block
# <min> <max>
3	5

[block]
# block no. 8 follows, 63 sequences, length 7
# corresponding to MSA columns:
# 379-385
name=unknown_I
#
# <colnr> <probs for GDERKNQSTAVLIFYWHMCP>
#	G	D	E	R	K	N	Q	S	T	A	V	L	I	F	Y	W	H	M	C	P
0	0.02939	0.01080	0.03455	0.14718	0.07304	0.14810	0.00833	0.15190	0.06294	0.09151	0.01048	0.03355	0.02936	0.00529	0.00492	0.02534	0.05029	0.00389	0.00297	0.07616
1	0.04192	0.00817	0.01197	0.09294	0.31846	0.02937	0.03875	0.05030	0.05094	0.03697	0.02824	0.09287	0.04957	0.08424	0.04548	0.00185	0.00477	0.00512	0.00275	0.00533
2	0.00674	0.00522	0.00600	0.04641	0.00753	0.04853	0.00441	0.03343	0.00838	0.01080	0.07152	0.29611	0.10176	0.16308	0.04226	0.11228	0.00370	0.02524	0.00320	0.00339
3	0.04947	0.00794	0.01117	0.09327	0.12884	0.00856	0.06763	0.12892	0.11290	0.04234	0.03077	0.17227	0.01280	0.03081	0.04624	0.00177	0.02841	0.01732	0.00322	0.00535
4	0.00950	0.00825	0.01201	0.20166	0.23832	0.04563	0.03233	0.03824	0.04205	0.05175	0.01164	0.06387	0.03979	0.04754	0.02544	0.03631	0.03282	0.03748	0.00261	0.02277
5	0.00969	0.04138	0.01019	0.09947	0.03590	0.06259	0.05442	0.11206	0.08083	0.05550	0.02909	0.11719	0.04631	0.13159	0.00706	0.00182	0.00435	0.09245	0.00327	0.00484
6	0.00947	0.02255	0.03140	0.07384	0.09781	0.02855	0.02247	0.07025	0.07333	0.10233	0.03730	0.17577	0.07359	0.06668	0.04598	0.00183	0.00423	0.02163	0.00336	0.03763

[dist]
# distance from previous block
# <min> <max>
3	49

[block]
# block no. 9 follows, 63 sequences, length 13
# corresponding to MSA columns:
# 437-449
name=unknown_J
#
# <colnr> <probs for GDERKNQSTAVLIFYWHMCP>
#	G	D	E	R	K	N	Q	S	T	A	V	L	I	F	Y	W	H	M	C	P
0	0.04472	0.02610	0.05464	0.07763	0.09988	0.13446	0.04224	0.10071	0.04213	0.02719	0.04367	0.05833	0.06690	0.03026	0.00520	0.00137	0.05311	0.01437	0.00283	0.07425
1	0.08215	0.02542	0.06884	0.00980	0.10350	0.02707	0.05227	0.04426	0.05065	0.03936	0.04592	0.08869	0.04362	0.09951	0.13788	0.00248	0.02811	0.00505	0.00283	0.04260
2	0.03054	0.02831	0.03627	0.13962	0.13769	0.02937	0.05590	0.12591	0.13753	0.04774	0.01328	0.01424	0.09242	0.00529	0.00479	0.00134	0.05530	0.00437	0.00301	0.03709
3	0.05961	0.03381	0.07034	0.04306	0.07738	0.13141	0.05379	0.07037	0.08057	0.01338	0.00962	0.05255	0.00867	0.10691	0.00686	0.00160	0.07540	0.00413	0.00260	0.09796
4	0.03758	0.03061	0.00928	0.02734	0.04787	0.05883	0.03765	0.07782	0.18276	0.07019	0.01723	0.32884	0.04016	0.00817	0.00459	0.00146	0.00365	0.00714	0.00369	0.00512
5	0.05580	0.08980	0.03773	0.04303	0.03051	0.14956	0.02119	0.09033	0.07208	0.04039	0.00837	0.00945	0.00666	0.00467	0.01962	0.00116	0.04106	0.00308	0.00267	0.27286
6	0.07103	0.03536	0.15821	0.02939	0.15573	0.02383	0.05669	0.06629	0.02918	0.05335	0.07718	0.04436	0.07532	0.00536	0.00443	0.00128	0.03110	0.00450	0.00284	0.07459
7	0.01123	0.09676	0.05659	0.11326	0.10937	0.07002	0.03730	0.19309	0.07917	0.04182	0.04889	0.04431	0.03562	0.03850	0.00482	0.00139	0.00472	0.00438	0.00304	0.00572
8	0.00952	0.03578	0.09520	0.02694	0.01282	0.11966	0.14650	0.04724	0.06942	0.01376	0.15371	0.04605	0.06551	0.00611	0.00556	0.00137	0.10565	0.00508	0.02909	0.00503
9	0.00784	0.00392	0.00392	0.00392	0.00490	0.00392	0.00294	0.00980	0.00882	0.01567	0.01371	0.01567	0.01077	0.00490	0.00294	0.00098	0.00196	0.00392	0.87560	0.00392
10	0.01259	0.00730	0.00915	0.00715	0.01015	0.00646	0.00580	0.03497	0.05666	0.32292	0.04972	0.02783	0.01084	0.00507	0.00433	0.00110	0.04006	0.03817	0.00382	0.34589
11	0.00803	0.00820	0.04351	0.09060	0.05910	0.09777	0.00682	0.04427	0.03149	0.01199	0.02144	0.07740	0.28069	0.01042	0.09229	0.00199	0.06174	0.04477	0.00302	0.00444
12	0.00784	0.00392	0.00392	0.00392	0.00490	0.00392	0.00294	0.00980	0.00882	0.01567	0.01371	0.01567	0.01077	0.00490	0.00294	0.00098	0.00196	0.00392	0.87560	0.00392

[dist]
# distance from previous block
# <min> <max>
1	39

[block]
# block no. 10 follows, 63 sequences, length 9
# corresponding to MSA columns:
# 489-497
name=unknown_K
#
# <colnr> <probs for GDERKNQSTAVLIFYWHMCP>
#	G	D	E	R	K	N	Q	S	T	A	V	L	I	F	Y	W	H	M	C	P
0	0.10135	0.04226	0.22624	0.02313	0.01277	0.13798	0.04252	0.01390	0.12059	0.02952	0.01010	0.06488	0.00858	0.03334	0.01759	0.00150	0.05940	0.00403	0.04503	0.00528
1	0.01996	0.04305	0.02883	0.04168	0.00886	0.01788	0.00535	0.05120	0.05596	0.04400	0.06037	0.15445	0.01548	0.23030	0.06102	0.00241	0.03741	0.03796	0.00310	0.08071
2	0.00726	0.00602	0.00703	0.00559	0.00817	0.00477	0.00436	0.00899	0.00968	0.01398	0.21485	0.02090	0.18505	0.00603	0.00395	0.00096	0.00263	0.00507	0.00331	0.48141
3	0.01020	0.00892	0.00889	0.00794	0.01007	0.07049	0.00616	0.07906	0.50501	0.01725	0.14721	0.01842	0.05649	0.00624	0.00434	0.00136	0.00343	0.00517	0.02745	0.00590
4	0.01409	0.01746	0.01164	0.01043	0.01258	0.67452	0.04464	0.01565	0.03513	0.01098	0.03531	0.01180	0.05679	0.00505	0.00402	0.00116	0.00683	0.02467	0.00245	0.00483
5	0.00943	0.00755	0.00883	0.00645	0.01007	0.00595	0.00516	0.01193	0.06115	0.06252	0.00864	0.00950	0.00690	0.00340	0.00325	0.00071	0.00315	0.00274	0.00277	0.76988
6	0.00666	0.00514	0.00714	0.00689	0.00760	0.00608	0.00532	0.00853	0.04737	0.01065	0.04538	0.01726	0.01176	0.09776	0.55751	0.00521	0.09664	0.00467	0.04851	0.00390
7	0.00834	0.00891	0.10365	0.13124	0.11200	0.00781	0.07272	0.07457	0.07181	0.01410	0.11850	0.03964	0.15083	0.06082	0.00560	0.00154	0.00425	0.00556	0.00306	0.00507
8	0.01035	0.00796	0.00863	0.00768	0.00986	0.00873	0.00599	0.10310	0.46859	0.07390	0.02019	0.04759	0.13028	0.04580	0.00524	0.00155	0.00333	0.03115	0.00418	0.00591

[dist]
# distance from previous block
# <min> <max>
0	1

[block]
# block no. 11 follows, 63 sequences, length 16
# corresponding to MSA columns:
# 499-514
name=unknown_L
#
# <colnr> <probs for GDERKNQSTAVLIFYWHMCP>
#	G	D	E	R	K	N	Q	S	T	A	V	L	I	F	Y	W	H	M	C	P
0	0.01074	0.04268	0.04094	0.00755	0.00959	0.22685	0.05577	0.05604	0.03060	0.01437	0.01065	0.01215	0.00839	0.00456	0.00343	0.00106	0.00425	0.00354	0.42847	0.02837
1	0.00784	0.00392	0.00392	0.00392	0.00490	0.00392	0.00294	0.00980	0.00882	0.01567	0.01371	0.01567	0.01077	0.00490	0.00294	0.00098	0.00196	0.00392	0.87560	0.00392
2	0.47645	0.01044	0.04375	0.05980	0.05519	0.08690	0.07154	0.08125	0.00924	0.03232	0.00696	0.00830	0.00535	0.00417	0.00368	0.00131	0.03270	0.00295	0.00258	0.00513
3	0.04367	0.00915	0.01167	0.04475	0.07774	0.03834	0.00827	0.11120	0.03996	0.12383	0.00895	0.01077	0.00711	0.00588	0.00822	0.00150	0.37059	0.00375	0.06919	0.00546
4	0.00738	0.00651	0.00708	0.00687	0.02843	0.07290	0.02287	0.00981	0.09024	0.02920	0.20232	0.13740	0.27464	0.00952	0.03289	0.00157	0.02387	0.00736	0.00376	0.02540
5	0.00598	0.00442	0.00646	0.00650	0.00716	0.00506	0.00493	0.00730	0.00675	0.00964	0.01199	0.05502	0.01176	0.11131	0.71835	0.00627	0.01016	0.00500	0.00236	0.00362
6	0.00834	0.00441	0.00446	0.00428	0.00541	0.00449	0.00325	0.05982	0.00950	0.01635	0.01349	0.01532	0.01055	0.00491	0.00302	0.00100	0.00213	0.00391	0.82126	0.00412
7	0.00601	0.00450	0.00676	0.00676	0.00751	0.00525	0.00525	0.00751	0.00676	0.00976	0.01126	0.01651	0.01051	0.03153	0.83560	0.00676	0.01126	0.00450	0.00225	0.00375
8	0.00605	0.00439	0.00538	0.00524	0.00631	0.00404	0.00389	0.00770	0.02636	0.03264	0.42488	0.09666	0.25532	0.03007	0.03723	0.02447	0.00259	0.01881	0.00415	0.00383
9	0.00784	0.00392	0.00392	0.00392	0.00490	0.00392	0.00294	0.00980	0.00882	0.01567	0.01371	0.01567	0.01077	0.00490	0.00294	0.00098	0.00196	0.00392	0.87560	0.00392
10	0.02561	0.00467	0.00542	0.00539	0.00655	0.00437	0.00401	0.03462	0.02543	0.03771	0.22027	0.20389	0.29807	0.03863	0.00548	0.00155	0.00248	0.04520	0.02674	0.00392
11	0.00834	0.00542	0.00720	0.00705	0.02780	0.00521	0.02682	0.06227	0.03095	0.11148	0.20410	0.27643	0.07227	0.00928	0.00490	0.00149	0.00293	0.08748	0.04406	0.00453
12	0.02234	0.02913	0.01231	0.06186	0.27169	0.07754	0.00884	0.07416	0.26004	0.02856	0.03907	0.03387	0.03535	0.00567	0.02000	0.00142	0.00451	0.00443	0.00315	0.00607
13	0.01064	0.00988	0.08307	0.09172	0.19541	0.03871	0.05640	0.09380	0.10218	0.08575	0.12247	0.01482	0.02557	0.00513	0.00427	0.00130	0.00443	0.00450	0.04411	0.00585
14	0.00538	0.00387	0.00483	0.00549	0.00586	0.00363	0.00368	0.00607	0.00792	0.01037	0.02351	0.54332	0.12377	0.18386	0.00861	0.00217	0.00280	0.04796	0.00362	0.00328
15	0.01062	0.11916	0.31361	0.01251	0.12073	0.14705	0.06213	0.03503	0.00993	0.04207	0.01024	0.03211	0.05746	0.00466	0.00399	0.00124	0.00564	0.00378	0.00228	0.00574

[dist]
# distance from previous block
# <min> <max>
0	40

[block]
# block no. 12 follows, 63 sequences, length 11
# corresponding to MSA columns:
# 555-565
name=unknown_M
#
# <colnr> <probs for GDERKNQSTAVLIFYWHMCP>
#	G	D	E	R	K	N	Q	S	T	A	V	L	I	F	Y	W	H	M	C	P
0	0.07283	0.08302	0.03598	0.10340	0.03762	0.03194	0.00654	0.07924	0.03847	0.07700	0.02818	0.10890	0.06122	0.04569	0.06241	0.08952	0.00449	0.00497	0.00295	0.02566
1	0.05311	0.00986	0.11444	0.04785	0.12569	0.05952	0.04713	0.12482	0.00988	0.01361	0.03324	0.04738	0.02182	0.00779	0.00743	0.22921	0.00467	0.03532	0.00255	0.00469
2	0.07516	0.02363	0.07220	0.08025	0.03431	0.11074	0.08144	0.04762	0.04035	0.04113	0.02770	0.05862	0.02772	0.06203	0.01941	0.00160	0.09388	0.02160	0.00265	0.07793
3	0.00784	0.00392	0.00392	0.00392	0.00490	0.00392	0.00294	0.00980	0.00882	0.01567	0.01371	0.01567	0.01077	0.00490	0.00294	0.00098	0.00196	0.00392	0.87560	0.00392
4	0.00885	0.05685	0.02902	0.00829	0.03354	0.03364	0.07289	0.08004	0.02507	0.06554	0.01612	0.34739	0.04035	0.00932	0.04605	0.00164	0.00405	0.00712	0.02393	0.09033
5	0.06285	0.01025	0.01199	0.40600	0.03723	0.17424	0.04697	0.06490	0.01012	0.04875	0.04862	0.01187	0.00792	0.03543	0.00473	0.00141	0.00553	0.00380	0.00245	0.00495
6	0.00784	0.00392	0.00392	0.00392	0.00490	0.00392	0.00294	0.00980	0.00882	0.01567	0.01371	0.01567	0.01077	0.00490	0.00294	0.00098	0.00196	0.00392	0.87560	0.00392
7	0.38558	0.13794	0.01108	0.06104	0.06460	0.12697	0.00680	0.02792	0.00855	0.03223	0.00679	0.00850	0.00563	0.02142	0.03045	0.00147	0.05293	0.00282	0.00237	0.00492
8	0.01186	0.01296	0.17866	0.01180	0.09721	0.07501	0.05633	0.24098	0.12610	0.04843	0.01174	0.04587	0.02258	0.00532	0.00430	0.00134	0.00498	0.03505	0.00323	0.00624
9	0.01043	0.02903	0.02814	0.10937	0.26688	0.04649	0.07494	0.09411	0.16113	0.01503	0.02330	0.03274	0.02286	0.00486	0.00425	0.00130	0.00475	0.02138	0.00284	0.04619
10	0.07187	0.00921	0.03198	0.00905	0.07754	0.16202	0.02809	0.05482	0.03422	0.04665	0.17199	0.19206	0.07866	0.00749	0.00447	0.00136	0.00399	0.00636	0.00344	0.00475

[dist]
# distance from previous block
# <min> <max>
0	1

[block]
# block no. 13 follows, 63 sequences, length 6
# corresponding to MSA columns:
# 567-572
name=unknown_N
#
# <colnr> <probs for GDERKNQSTAVLIFYWHMCP>
#	G	D	E	R	K	N	Q	S	T	A	V	L	I	F	Y	W	H	M	C	P
0	0.00903	0.04339	0.17112	0.05270	0.05737	0.04360	0.06615	0.06195	0.04937	0.05679	0.01629	0.14337	0.11769	0.07005	0.00574	0.00159	0.00448	0.02126	0.00300	0.00507
1	0.01033	0.00784	0.01102	0.01109	0.13550	0.00839	0.06129	0.15306	0.11083	0.04958	0.01079	0.01483	0.00930	0.04893	0.05343	0.19797	0.05108	0.04679	0.00293	0.00500
2	0.15561	0.00638	0.00789	0.00666	0.00861	0.00629	0.04793	0.04482	0.00949	0.26219	0.03987	0.06062	0.01251	0.19812	0.00791	0.00195	0.00361	0.02935	0.08530	0.00490
3	0.04746	0.00959	0.06497	0.15475	0.21689	0.02267	0.08801	0.05967	0.08002	0.03565	0.03298	0.02769	0.03808	0.00639	0.04748	0.00165	0.03804	0.01977	0.00265	0.00559
4	0.00879	0.00897	0.10714	0.02674	0.05360	0.00673	0.05850	0.05201	0.00992	0.04010	0.12315	0.04444	0.04476	0.00563	0.02552	0.00119	0.00397	0.00430	0.00292	0.37162
5	0.00629	0.00469	0.00629	0.00660	0.02916	0.00501	0.00460	0.00773	0.04912	0.01048	0.05498	0.17091	0.07208	0.16814	0.31068	0.05489	0.02533	0.00651	0.00290	0.00361

[dist]
# distance from previous block
# <min> <max>
0	147

# created by:
# /st0/software/busco_prod/Augustus/scripts/msa2prfl.pl ./align_prep/37340.fa
