[name]
unknown

[dist]
# distance from previous block
# <min> <max>
0	112

[block]
# block no. 0 follows, 70 sequences, length 11
# corresponding to MSA columns:
# 134-144
name=unknown_A
#
# <colnr> <probs for GDERKNQSTAVLIFYWHMCP>
#	G	D	E	R	K	N	Q	S	T	A	V	L	I	F	Y	W	H	M	C	P
0	0.02074	0.00872	0.03695	0.02690	0.38068	0.03211	0.04581	0.03021	0.03573	0.07728	0.03698	0.01265	0.00853	0.00435	0.00415	0.00115	0.03491	0.05939	0.00249	0.14028
1	0.00965	0.00908	0.01358	0.12584	0.43210	0.06485	0.06846	0.04071	0.04569	0.03545	0.00819	0.01090	0.00682	0.06308	0.00493	0.00133	0.00472	0.00362	0.00219	0.04882
2	0.10163	0.00871	0.01124	0.07794	0.18653	0.00924	0.03714	0.25778	0.09089	0.04363	0.03302	0.03475	0.00805	0.00440	0.00372	0.00116	0.00397	0.00369	0.00298	0.07954
3	0.06197	0.00851	0.00979	0.08648	0.02667	0.08691	0.00700	0.09137	0.05960	0.01156	0.00786	0.01195	0.00730	0.15420	0.03172	0.00195	0.32489	0.00372	0.00225	0.00431
4	0.12680	0.00829	0.00971	0.07882	0.09036	0.00863	0.00666	0.21943	0.12520	0.03787	0.00880	0.00961	0.00672	0.00426	0.00379	0.02781	0.00365	0.00314	0.00290	0.21753
5	0.00521	0.00371	0.00460	0.00483	0.00528	0.00354	0.00325	0.00592	0.00759	0.01015	0.16363	0.29300	0.12847	0.25019	0.06578	0.02773	0.00314	0.00776	0.00321	0.00301
6	0.10216	0.00688	0.00980	0.40596	0.09017	0.00785	0.00810	0.02865	0.08148	0.05625	0.06480	0.01320	0.02695	0.06450	0.00488	0.00142	0.00416	0.00389	0.00248	0.01641
7	0.16256	0.01050	0.01144	0.17446	0.24712	0.18732	0.00869	0.07397	0.06461	0.01340	0.00733	0.00892	0.00579	0.00389	0.00353	0.00117	0.00481	0.00308	0.00226	0.00514
8	0.00734	0.00476	0.00563	0.03565	0.00666	0.00483	0.00370	0.00920	0.11675	0.10058	0.01582	0.11030	0.07580	0.47178	0.01265	0.00265	0.00338	0.00595	0.00303	0.00354
9	0.00512	0.00364	0.00464	0.00509	0.00557	0.00341	0.00353	0.00610	0.00825	0.01123	0.21287	0.47067	0.07736	0.09650	0.00628	0.00168	0.00233	0.04292	0.02959	0.00323
10	0.03797	0.00429	0.00502	0.00502	0.00566	0.00424	0.00341	0.02546	0.04871	0.03471	0.12266	0.23079	0.09578	0.29639	0.01022	0.05342	0.00288	0.00696	0.00317	0.00324

[dist]
# distance from previous block
# <min> <max>
5	9

[block]
# block no. 1 follows, 70 sequences, length 9
# corresponding to MSA columns:
# 154-162
name=unknown_B
#
# <colnr> <probs for GDERKNQSTAVLIFYWHMCP>
#	G	D	E	R	K	N	Q	S	T	A	V	L	I	F	Y	W	H	M	C	P
0	0.00545	0.00411	0.00591	0.00591	0.00664	0.00464	0.00455	0.00673	0.00647	0.00908	0.01336	0.01789	0.09284	0.06397	0.72732	0.00563	0.00925	0.00462	0.00224	0.00339
1	0.35793	0.00648	0.00688	0.00586	0.00816	0.00660	0.00471	0.01364	0.04198	0.33027	0.07201	0.07705	0.04264	0.00532	0.00347	0.00124	0.00293	0.00414	0.00365	0.00504
2	0.44328	0.00648	0.00615	0.00547	0.00756	0.00695	0.00437	0.01218	0.08463	0.14618	0.06880	0.05661	0.09277	0.00533	0.00329	0.00123	0.00279	0.00405	0.03734	0.00455
3	0.63931	0.00752	0.00661	0.00578	0.00822	0.00849	0.00470	0.01383	0.14290	0.11816	0.00832	0.00848	0.00611	0.00402	0.00284	0.00122	0.00305	0.00269	0.00295	0.00481
4	0.04763	0.00445	0.00537	0.00521	0.00639	0.00419	0.00394	0.00842	0.04262	0.08934	0.33427	0.18303	0.19272	0.00864	0.00450	0.00133	0.00226	0.04787	0.00392	0.00388
5	0.02249	0.00529	0.00655	0.00576	0.00742	0.00509	0.00443	0.01094	0.08965	0.19069	0.08134	0.03138	0.11827	0.08695	0.17242	0.02739	0.00432	0.00484	0.03199	0.09279
6	0.04315	0.00453	0.00586	0.00570	0.00682	0.00441	0.00425	0.00905	0.02477	0.17147	0.09102	0.31404	0.08164	0.03714	0.17505	0.00243	0.00412	0.00704	0.00351	0.00401
7	0.01464	0.00861	0.01038	0.09273	0.01251	0.00903	0.00696	0.36776	0.07723	0.34117	0.01190	0.01132	0.00803	0.00468	0.00389	0.00120	0.00389	0.00371	0.00403	0.00633
8	0.00916	0.01961	0.10699	0.00779	0.00998	0.00695	0.05456	0.03538	0.19494	0.14993	0.05692	0.21608	0.03162	0.00691	0.00458	0.00135	0.03772	0.02904	0.01546	0.00503

[dist]
# distance from previous block
# <min> <max>
3	7

[block]
# block no. 2 follows, 70 sequences, length 9
# corresponding to MSA columns:
# 171-179
name=unknown_C
#
# <colnr> <probs for GDERKNQSTAVLIFYWHMCP>
#	G	D	E	R	K	N	Q	S	T	A	V	L	I	F	Y	W	H	M	C	P
0	0.02426	0.05291	0.09102	0.08420	0.24325	0.02913	0.14509	0.03156	0.04359	0.07276	0.00925	0.01147	0.02781	0.05915	0.00484	0.00133	0.00469	0.00373	0.00232	0.05763
1	0.00645	0.00420	0.00505	0.00488	0.00562	0.00408	0.00337	0.00777	0.04473	0.06856	0.20273	0.10028	0.10991	0.32729	0.05362	0.00245	0.00320	0.00638	0.03606	0.00339
2	0.14518	0.04980	0.05894	0.08194	0.02730	0.10126	0.11637	0.05370	0.02377	0.06997	0.00983	0.02706	0.00862	0.00692	0.06874	0.00167	0.02592	0.11578	0.00256	0.00470
3	0.01092	0.36204	0.21101	0.00952	0.06539	0.15179	0.00893	0.06534	0.02984	0.04226	0.00686	0.00769	0.00548	0.00371	0.00320	0.00102	0.00497	0.00264	0.00204	0.00534
4	0.00707	0.00565	0.00580	0.00565	0.00651	0.08856	0.00398	0.00814	0.04449	0.04131	0.08435	0.19036	0.08785	0.20976	0.05996	0.07931	0.00373	0.01983	0.00294	0.04476
5	0.00546	0.00381	0.00469	0.00475	0.00505	0.00383	0.00307	0.00603	0.00673	0.00915	0.11910	0.11791	0.04736	0.49634	0.14707	0.00349	0.00433	0.00627	0.00274	0.00282
6	0.00719	0.00658	0.03404	0.03264	0.00829	0.04916	0.00507	0.03610	0.20819	0.01330	0.15419	0.06438	0.26173	0.00753	0.00429	0.00130	0.00288	0.06092	0.03789	0.00433
7	0.04503	0.31418	0.27516	0.00911	0.01284	0.09566	0.05184	0.04891	0.03455	0.02902	0.00676	0.00778	0.00536	0.00382	0.00369	0.00109	0.04525	0.00273	0.00197	0.00525
8	0.00931	0.00989	0.01014	0.02955	0.10008	0.25874	0.04578	0.02537	0.00835	0.01005	0.00870	0.06573	0.00823	0.04285	0.25260	0.00278	0.10150	0.00398	0.00212	0.00425

[dist]
# distance from previous block
# <min> <max>
0	1

[block]
# block no. 3 follows, 70 sequences, length 17
# corresponding to MSA columns:
# 181-197
name=unknown_D
#
# <colnr> <probs for GDERKNQSTAVLIFYWHMCP>
#	G	D	E	R	K	N	Q	S	T	A	V	L	I	F	Y	W	H	M	C	P
0	0.00538	0.00402	0.00497	0.00478	0.00574	0.00362	0.00349	0.00680	0.00967	0.01330	0.50407	0.12825	0.16933	0.06789	0.00558	0.00142	0.00209	0.00735	0.00384	0.04842
1	0.00804	0.00689	0.00804	0.00574	0.00919	0.00517	0.00459	0.00976	0.00804	0.01263	0.00689	0.00804	0.00574	0.00287	0.00287	0.00057	0.00287	0.00230	0.00230	0.88745
2	0.13197	0.00465	0.00543	0.00540	0.00622	0.00496	0.00388	0.03713	0.00706	0.03174	0.01378	0.20705	0.04457	0.23331	0.24241	0.00334	0.00509	0.00590	0.00273	0.00340
3	0.33113	0.00714	0.00795	0.00659	0.00891	0.00765	0.00541	0.07407	0.00911	0.33462	0.00998	0.01025	0.00708	0.00696	0.08913	0.00174	0.07051	0.00320	0.00335	0.00523
4	0.00854	0.08562	0.59217	0.01022	0.03975	0.02486	0.01188	0.03812	0.02862	0.03853	0.00945	0.01026	0.05898	0.00414	0.00365	0.00118	0.00510	0.00323	0.00202	0.02368
5	0.07796	0.10544	0.31242	0.05718	0.03968	0.07802	0.05962	0.08874	0.03071	0.06359	0.00756	0.00861	0.00562	0.00390	0.00376	0.00116	0.02657	0.00301	0.00224	0.02420
6	0.00674	0.00425	0.00540	0.00546	0.00638	0.00398	0.00396	0.03045	0.02001	0.10867	0.15390	0.42085	0.12490	0.03747	0.03600	0.00167	0.00270	0.01968	0.00376	0.00378
7	0.00532	0.00403	0.00496	0.00514	0.00605	0.00374	0.00389	0.00695	0.03438	0.01249	0.31642	0.20952	0.24166	0.00962	0.00474	0.00140	0.00223	0.12007	0.00384	0.00351
8	0.03790	0.39022	0.15151	0.02317	0.04224	0.12362	0.06248	0.02443	0.02372	0.01072	0.00666	0.00838	0.00567	0.00443	0.02393	0.00117	0.03343	0.01940	0.00188	0.00501
9	0.00732	0.00536	0.00663	0.03125	0.04714	0.02124	0.00478	0.07447	0.06340	0.04239	0.04357	0.20637	0.04740	0.19793	0.09540	0.04783	0.00406	0.04665	0.00302	0.00378
10	0.00565	0.00434	0.00532	0.00519	0.00620	0.00435	0.00391	0.03904	0.03009	0.01114	0.13423	0.06401	0.31756	0.05471	0.26791	0.02857	0.00482	0.00636	0.00312	0.00350
11	0.00846	0.23190	0.50860	0.03375	0.04574	0.01035	0.04195	0.01171	0.00811	0.01132	0.02192	0.00838	0.00566	0.00396	0.00381	0.02933	0.00515	0.00286	0.00172	0.00533
12	0.01050	0.13259	0.08306	0.00999	0.10183	0.15113	0.00776	0.16377	0.06268	0.01323	0.02408	0.02802	0.00771	0.03468	0.10220	0.00181	0.05393	0.00348	0.00246	0.00510
13	0.17227	0.00610	0.00752	0.03747	0.00869	0.03770	0.06316	0.02315	0.04685	0.02878	0.01127	0.05516	0.05169	0.08766	0.28776	0.05822	0.00598	0.00432	0.00244	0.00381
14	0.02290	0.02051	0.09629	0.18142	0.10561	0.02785	0.06710	0.13767	0.09852	0.01362	0.02333	0.06772	0.05411	0.00546	0.00466	0.04365	0.01765	0.00432	0.00260	0.00501
15	0.00814	0.11954	0.02448	0.03655	0.04799	0.09764	0.00569	0.05008	0.05853	0.02155	0.06738	0.08432	0.10049	0.09992	0.13308	0.00223	0.00482	0.03067	0.00272	0.00418
16	0.19471	0.13692	0.12217	0.06420	0.06408	0.09272	0.03993	0.02948	0.03058	0.03714	0.00779	0.07138	0.00683	0.00463	0.00421	0.00121	0.08155	0.00343	0.00223	0.00482

[dist]
# distance from previous block
# <min> <max>
35	92

[block]
# block no. 4 follows, 70 sequences, length 8
# corresponding to MSA columns:
# 331-338
name=unknown_E
#
# <colnr> <probs for GDERKNQSTAVLIFYWHMCP>
#	G	D	E	R	K	N	Q	S	T	A	V	L	I	F	Y	W	H	M	C	P
0	0.00918	0.10503	0.10875	0.04084	0.09193	0.02774	0.02532	0.06605	0.05439	0.08695	0.14129	0.07290	0.03619	0.00554	0.00421	0.00119	0.03534	0.02466	0.00294	0.05956
1	0.02960	0.02383	0.02454	0.01143	0.21731	0.09227	0.04804	0.06064	0.03462	0.10253	0.07886	0.11364	0.08710	0.01859	0.00429	0.00126	0.00391	0.01829	0.00300	0.02627
2	0.02000	0.02053	0.09940	0.02592	0.02977	0.00541	0.00565	0.03893	0.06585	0.04239	0.06514	0.40963	0.07645	0.00888	0.01894	0.00144	0.00310	0.00744	0.00327	0.05186
3	0.02590	0.05548	0.02729	0.13534	0.14565	0.07564	0.05347	0.06468	0.10535	0.05227	0.04073	0.02508	0.04812	0.00486	0.00480	0.00124	0.09773	0.00390	0.00257	0.02991
4	0.00475	0.00346	0.00449	0.00523	0.00560	0.00319	0.00354	0.00552	0.00775	0.01027	0.06953	0.73851	0.10048	0.01169	0.00489	0.00153	0.00220	0.01053	0.00364	0.00319
5	0.00882	0.00828	0.05411	0.00761	0.05035	0.02421	0.02941	0.08102	0.00900	0.01356	0.00737	0.00863	0.00597	0.00334	0.00342	0.00077	0.03059	0.00266	0.04794	0.60294
6	0.00863	0.00769	0.04797	0.00889	0.09224	0.06626	0.04245	0.03457	0.07806	0.08198	0.01419	0.25743	0.03843	0.03334	0.00482	0.00134	0.02348	0.03412	0.00303	0.12107
7	0.00513	0.00404	0.00495	0.00556	0.04845	0.00366	0.00367	0.00618	0.00859	0.01113	0.17872	0.25824	0.35870	0.07807	0.00585	0.00155	0.00230	0.00829	0.00354	0.00338

[dist]
# distance from previous block
# <min> <max>
3	12

[block]
# block no. 5 follows, 70 sequences, length 24
# corresponding to MSA columns:
# 351-374
name=unknown_F
#
# <colnr> <probs for GDERKNQSTAVLIFYWHMCP>
#	G	D	E	R	K	N	Q	S	T	A	V	L	I	F	Y	W	H	M	C	P
0	0.05861	0.07368	0.04556	0.00823	0.05765	0.04192	0.04131	0.13981	0.05028	0.11599	0.10989	0.12889	0.05804	0.00619	0.00400	0.00124	0.00358	0.03313	0.00333	0.01867
1	0.01087	0.47769	0.05603	0.00759	0.01058	0.12168	0.01967	0.07049	0.05035	0.03433	0.02099	0.00815	0.00634	0.00425	0.01744	0.00104	0.02068	0.00266	0.02441	0.03475
2	0.00940	0.05576	0.14949	0.00797	0.02731	0.01441	0.04023	0.09044	0.02475	0.06768	0.00836	0.03770	0.00683	0.01919	0.00384	0.00097	0.02103	0.00313	0.00251	0.40901
3	0.01026	0.02305	0.12071	0.13040	0.11138	0.04783	0.02758	0.17884	0.08770	0.07526	0.08140	0.03073	0.02672	0.00492	0.00403	0.00123	0.01188	0.01769	0.00295	0.00544
4	0.00657	0.00469	0.00542	0.00535	0.00617	0.03044	0.00381	0.02315	0.04056	0.05782	0.25469	0.23049	0.08050	0.19152	0.00783	0.00187	0.00276	0.03922	0.00356	0.00356
5	0.01022	0.07250	0.10102	0.06196	0.23820	0.09150	0.11371	0.05741	0.05412	0.06590	0.03168	0.02678	0.00763	0.02007	0.00440	0.00124	0.03014	0.00371	0.00237	0.00543
6	0.04967	0.06022	0.15416	0.02481	0.15680	0.05284	0.05446	0.20582	0.01109	0.11416	0.00838	0.00920	0.00617	0.00397	0.00379	0.00113	0.01721	0.00322	0.00271	0.06021
7	0.00714	0.00513	0.00604	0.00584	0.00703	0.00521	0.00431	0.03557	0.19329	0.06686	0.16880	0.27961	0.12103	0.05297	0.02151	0.00158	0.00269	0.00736	0.00379	0.00422
8	0.00591	0.00417	0.00501	0.00477	0.00591	0.00377	0.00357	0.00756	0.03092	0.05955	0.43743	0.08176	0.30270	0.02373	0.00481	0.00132	0.00205	0.00739	0.00399	0.00370
9	0.03575	0.14396	0.14203	0.02569	0.09014	0.15080	0.08453	0.10878	0.05744	0.09162	0.00830	0.01688	0.00636	0.00405	0.00374	0.00113	0.01757	0.00323	0.00249	0.00549
10	0.04222	0.04001	0.08596	0.00881	0.01171	0.05082	0.04316	0.39953	0.03263	0.12484	0.02354	0.02594	0.00768	0.02881	0.00479	0.00128	0.05545	0.00366	0.00332	0.00584
11	0.00521	0.00370	0.00458	0.00486	0.00526	0.00353	0.00324	0.00595	0.00762	0.01023	0.17083	0.32549	0.09131	0.28739	0.03327	0.00233	0.00289	0.02602	0.00327	0.00301
12	0.01427	0.01788	0.01103	0.03579	0.01244	0.79596	0.00759	0.04106	0.01112	0.00998	0.00613	0.00717	0.00505	0.00401	0.00352	0.00101	0.00685	0.00256	0.00205	0.00456
13	0.05384	0.17781	0.13460	0.03486	0.07644	0.05003	0.02244	0.10754	0.06525	0.11782	0.02187	0.02686	0.03196	0.00524	0.02967	0.00131	0.03091	0.00349	0.00269	0.00540
14	0.00718	0.01587	0.00734	0.00665	0.00788	0.00538	0.06745	0.03991	0.12123	0.06415	0.10464	0.34507	0.05931	0.08217	0.03152	0.00175	0.00320	0.02170	0.00350	0.00409
15	0.00501	0.00403	0.00443	0.00439	0.00552	0.00358	0.00324	0.00646	0.03529	0.01174	0.22893	0.08856	0.53673	0.03854	0.00510	0.00139	0.00205	0.00788	0.00373	0.00342
16	0.03051	0.19719	0.07427	0.02620	0.08723	0.04776	0.12543	0.10077	0.06004	0.12870	0.03156	0.03975	0.02494	0.00442	0.00368	0.00114	0.00443	0.00377	0.00275	0.00546
17	0.01146	0.02233	0.06549	0.01005	0.11806	0.03612	0.02403	0.23015	0.09710	0.15660	0.03187	0.12925	0.01124	0.00576	0.00406	0.00126	0.00389	0.03215	0.00346	0.00566
18	0.00543	0.00395	0.00449	0.00455	0.00563	0.00343	0.00332	0.00646	0.00884	0.05576	0.13135	0.22392	0.49432	0.02456	0.00489	0.00140	0.00212	0.00842	0.00372	0.00345
19	0.01311	0.14125	0.02349	0.03534	0.01192	0.57475	0.00734	0.07724	0.01085	0.01085	0.02213	0.00809	0.01884	0.00408	0.00341	0.00100	0.00602	0.00271	0.00215	0.02544
20	0.04052	0.08984	0.16940	0.03394	0.07781	0.10550	0.02039	0.11013	0.11305	0.13670	0.03510	0.02201	0.01980	0.00447	0.00368	0.00117	0.00446	0.00354	0.00289	0.00560
21	0.12259	0.02461	0.04343	0.05698	0.09752	0.05516	0.22180	0.18138	0.02782	0.04384	0.00803	0.00992	0.00621	0.00418	0.00446	0.00125	0.06422	0.01869	0.00253	0.00536
22	0.07266	0.04400	0.05188	0.01133	0.15925	0.10560	0.05815	0.22854	0.02951	0.05687	0.04529	0.03592	0.00814	0.00450	0.00397	0.00116	0.02842	0.00364	0.01954	0.03162
23	0.01914	0.00537	0.00627	0.00617	0.02395	0.03095	0.01980	0.07481	0.02876	0.06197	0.05752	0.33226	0.21793	0.05757	0.01738	0.00157	0.01099	0.00769	0.00347	0.01640

[dist]
# distance from previous block
# <min> <max>
1	9

[block]
# block no. 6 follows, 70 sequences, length 19
# corresponding to MSA columns:
# 384-402
name=unknown_G
#
# <colnr> <probs for GDERKNQSTAVLIFYWHMCP>
#	G	D	E	R	K	N	Q	S	T	A	V	L	I	F	Y	W	H	M	C	P
0	0.03059	0.11887	0.33233	0.01040	0.07449	0.05055	0.05477	0.05114	0.03557	0.07519	0.01924	0.02650	0.00698	0.00417	0.00376	0.00115	0.01895	0.02150	0.00229	0.06154
1	0.03659	0.16889	0.13938	0.02256	0.14941	0.04199	0.00843	0.09212	0.07876	0.09339	0.01728	0.00986	0.02230	0.00410	0.00371	0.00109	0.02738	0.00319	0.00256	0.07702
2	0.02258	0.02374	0.04661	0.00975	0.06582	0.00743	0.15867	0.06472	0.10871	0.10021	0.05946	0.20694	0.04700	0.00658	0.00469	0.00134	0.04304	0.01459	0.00318	0.00493
3	0.00715	0.00510	0.00685	0.02605	0.06834	0.00501	0.01896	0.02792	0.02765	0.09020	0.19573	0.10558	0.21051	0.07585	0.07859	0.00192	0.02661	0.01455	0.00340	0.00404
4	0.07963	0.12131	0.14650	0.06011	0.11435	0.14357	0.05024	0.04373	0.04735	0.09084	0.02017	0.00961	0.00668	0.01806	0.03070	0.00133	0.00504	0.00317	0.00237	0.00524
5	0.02324	0.03264	0.08393	0.02744	0.07928	0.02703	0.06789	0.23187	0.04413	0.23844	0.04122	0.03205	0.00883	0.00500	0.01737	0.00126	0.00427	0.00388	0.00341	0.02679
6	0.00494	0.00380	0.00443	0.00464	0.00548	0.00340	0.00334	0.00596	0.00863	0.01109	0.17930	0.24906	0.38303	0.07363	0.00584	0.00156	0.00221	0.04278	0.00363	0.00326
7	0.03049	0.05590	0.03101	0.02562	0.07881	0.09433	0.09793	0.10982	0.10593	0.04619	0.06226	0.10791	0.07562	0.00583	0.00454	0.00126	0.05371	0.00491	0.00295	0.00497
8	0.09428	0.10265	0.23449	0.01101	0.13064	0.03865	0.04974	0.10629	0.04223	0.06485	0.00895	0.04618	0.01927	0.01192	0.00394	0.00121	0.02228	0.00353	0.00245	0.00545
9	0.07148	0.01039	0.02186	0.00846	0.03933	0.17764	0.00653	0.30029	0.04734	0.10586	0.05462	0.06989	0.00973	0.00561	0.02030	0.00126	0.00437	0.00400	0.03564	0.00540
10	0.00585	0.00452	0.00571	0.00551	0.00629	0.00477	0.00411	0.04135	0.00799	0.01075	0.12714	0.09986	0.21593	0.12954	0.23750	0.01720	0.06336	0.00624	0.00295	0.00342
11	0.08300	0.07982	0.07910	0.01058	0.12398	0.11859	0.05333	0.10591	0.08639	0.10420	0.02108	0.04294	0.01999	0.00475	0.00395	0.00120	0.02640	0.02660	0.00281	0.00538
12	0.04310	0.04821	0.12856	0.01184	0.13177	0.09032	0.16011	0.06775	0.04001	0.14353	0.03205	0.03373	0.03145	0.01536	0.00410	0.00123	0.00477	0.00394	0.00272	0.00546
13	0.00539	0.00363	0.00477	0.00542	0.00590	0.00335	0.00377	0.00622	0.00790	0.04826	0.05775	0.69599	0.08000	0.01141	0.00488	0.00153	0.00232	0.04448	0.00368	0.00335
14	0.04559	0.07891	0.01070	0.02516	0.06322	0.04263	0.02584	0.25957	0.05995	0.16951	0.03774	0.04930	0.04786	0.02537	0.02331	0.00136	0.00401	0.02100	0.00343	0.00553
15	0.05199	0.06689	0.12168	0.00987	0.05699	0.07852	0.06867	0.22105	0.07612	0.11618	0.03154	0.01969	0.00790	0.00458	0.00413	0.00120	0.03859	0.01573	0.00300	0.00568
16	0.02781	0.05010	0.08450	0.02771	0.27748	0.09054	0.03422	0.07485	0.09393	0.13471	0.00979	0.01056	0.02037	0.00420	0.00394	0.00117	0.02394	0.00350	0.02093	0.00575
17	0.00549	0.00381	0.00485	0.00517	0.00585	0.00357	0.00368	0.00645	0.00809	0.04514	0.12089	0.42144	0.17514	0.06619	0.08082	0.00203	0.00305	0.03149	0.00351	0.00337
18	0.02172	0.03586	0.02504	0.03495	0.06613	0.19240	0.10280	0.07804	0.09235	0.07410	0.06151	0.04516	0.02253	0.02501	0.02412	0.00140	0.07527	0.01389	0.00275	0.00497

[dist]
# distance from previous block
# <min> <max>
16	31

[block]
# block no. 7 follows, 70 sequences, length 11
# corresponding to MSA columns:
# 436-446
name=unknown_H
#
# <colnr> <probs for GDERKNQSTAVLIFYWHMCP>
#	G	D	E	R	K	N	Q	S	T	A	V	L	I	F	Y	W	H	M	C	P
0	0.03370	0.03815	0.25376	0.12841	0.18808	0.03262	0.04598	0.12341	0.02783	0.06237	0.00801	0.00945	0.00598	0.00437	0.02030	0.00129	0.00506	0.00329	0.00230	0.00563
1	0.00586	0.00449	0.00592	0.00624	0.03793	0.00459	0.01476	0.00707	0.03146	0.02561	0.05275	0.25060	0.17509	0.15872	0.13928	0.00259	0.04767	0.02288	0.00302	0.00346
2	0.03426	0.03673	0.19752	0.04572	0.25808	0.06379	0.03800	0.06469	0.10587	0.08394	0.00957	0.01048	0.02590	0.00410	0.00377	0.00119	0.00467	0.00348	0.00250	0.00575
3	0.05160	0.04582	0.13190	0.05420	0.14638	0.06109	0.12238	0.09282	0.04714	0.11979	0.03743	0.03424	0.02900	0.00443	0.00387	0.00120	0.00463	0.00389	0.00271	0.00549
4	0.00979	0.03981	0.07373	0.08983	0.45655	0.06669	0.03496	0.04581	0.00909	0.04225	0.00851	0.01077	0.03003	0.03665	0.00466	0.00127	0.02838	0.00357	0.00212	0.00553
5	0.00864	0.01337	0.40763	0.03192	0.14095	0.00816	0.01060	0.06551	0.05883	0.05810	0.04281	0.01366	0.11339	0.00481	0.00390	0.00123	0.00453	0.00399	0.00249	0.00550
6	0.00932	0.00841	0.06921	0.00901	0.09166	0.09458	0.04204	0.07160	0.05786	0.11350	0.15339	0.18948	0.06000	0.00675	0.00423	0.00127	0.00366	0.00587	0.00335	0.00480
7	0.01057	0.05664	0.39941	0.01054	0.05079	0.05664	0.07982	0.06476	0.00969	0.16659	0.02772	0.01056	0.03043	0.00417	0.00379	0.00119	0.00501	0.00345	0.00254	0.00570
8	0.00622	0.00469	0.00688	0.00656	0.00758	0.00443	0.08396	0.04602	0.00881	0.04216	0.10772	0.51013	0.10000	0.00993	0.00476	0.00146	0.00278	0.03862	0.00357	0.00372
9	0.00872	0.05962	0.07691	0.02973	0.04697	0.04614	0.07318	0.03757	0.30141	0.02780	0.07089	0.11499	0.05581	0.00604	0.00409	0.00129	0.00374	0.02680	0.00320	0.00512
10	0.03200	0.08711	0.22406	0.05661	0.13352	0.06935	0.16000	0.05195	0.03460	0.10198	0.00820	0.00940	0.00607	0.00379	0.00377	0.00118	0.00516	0.00337	0.00231	0.00558

[dist]
# distance from previous block
# <min> <max>
0	4

[block]
# block no. 8 follows, 70 sequences, length 114
# corresponding to MSA columns:
# 451-564
name=unknown_I
#
# <colnr> <probs for GDERKNQSTAVLIFYWHMCP>
#	G	D	E	R	K	N	Q	S	T	A	V	L	I	F	Y	W	H	M	C	P
0	0.01114	0.07145	0.09824	0.02923	0.23392	0.21525	0.15190	0.10691	0.02216	0.01292	0.00725	0.00879	0.00573	0.00374	0.00378	0.00113	0.00556	0.00328	0.00215	0.00548
1	0.00541	0.00373	0.00484	0.00511	0.00538	0.00380	0.00342	0.00587	0.00639	0.00864	0.01489	0.26348	0.03459	0.34489	0.19832	0.05716	0.00473	0.02386	0.00266	0.00283
2	0.00747	0.03658	0.06191	0.05027	0.02355	0.05140	0.02202	0.04770	0.11477	0.02816	0.04186	0.31990	0.09830	0.02212	0.00485	0.00142	0.02790	0.03236	0.00319	0.00427
3	0.03436	0.14646	0.13991	0.03944	0.11334	0.14397	0.09574	0.05857	0.00894	0.01163	0.01951	0.00939	0.00627	0.03411	0.03924	0.00146	0.08743	0.00323	0.00201	0.00499
4	0.03371	0.16521	0.23313	0.03484	0.16429	0.04757	0.18777	0.01267	0.03862	0.03580	0.00740	0.00891	0.00573	0.00359	0.00367	0.00115	0.00522	0.00326	0.00198	0.00547
5	0.00586	0.00382	0.00465	0.00476	0.00499	0.00379	0.00298	0.00622	0.00641	0.03874	0.03616	0.20101	0.01661	0.56063	0.08397	0.00334	0.00392	0.00663	0.00273	0.00280
6	0.01128	0.07258	0.15030	0.03834	0.03367	0.29284	0.09245	0.07061	0.09439	0.03951	0.00863	0.00985	0.02056	0.02772	0.00431	0.00121	0.02097	0.00331	0.00235	0.00514
7	0.01945	0.09173	0.11816	0.06523	0.05371	0.07454	0.08189	0.12471	0.08667	0.12599	0.03408	0.02519	0.03093	0.00493	0.01482	0.00126	0.03464	0.00378	0.00284	0.00545
8	0.00741	0.01029	0.30341	0.00799	0.03143	0.00633	0.02773	0.01008	0.05823	0.06123	0.01310	0.08755	0.06217	0.25999	0.01883	0.00209	0.00432	0.02092	0.00253	0.00437
9	0.00901	0.00890	0.02862	0.10152	0.60907	0.00882	0.07900	0.01155	0.02275	0.01250	0.04388	0.01131	0.02783	0.00386	0.00395	0.00119	0.00463	0.00382	0.00208	0.00570
10	0.01100	0.02931	0.06555	0.07649	0.15406	0.04293	0.12571	0.06807	0.11177	0.17997	0.03661	0.03882	0.00932	0.00468	0.00402	0.00124	0.00442	0.02737	0.00302	0.00563
11	0.02015	0.01187	0.20332	0.09206	0.05022	0.07361	0.24801	0.01285	0.05622	0.08461	0.02257	0.03511	0.01914	0.00434	0.00450	0.00127	0.04860	0.00399	0.00233	0.00523
12	0.00504	0.00372	0.00460	0.00519	0.00570	0.00346	0.00358	0.02478	0.00789	0.01027	0.02395	0.60415	0.18045	0.06243	0.00575	0.00165	0.00238	0.03827	0.00353	0.00322
13	0.00778	0.02800	0.65928	0.01040	0.01529	0.00868	0.04024	0.01244	0.07789	0.01243	0.00959	0.03527	0.03474	0.00444	0.00383	0.00126	0.00523	0.02567	0.00202	0.00552
14	0.01010	0.06960	0.14524	0.02752	0.28522	0.03038	0.14174	0.05353	0.02402	0.09747	0.00984	0.03239	0.03464	0.00424	0.00392	0.00120	0.00479	0.01611	0.00241	0.00564
15	0.00940	0.00909	0.01312	0.15817	0.33830	0.08518	0.06900	0.04836	0.02350	0.02809	0.05226	0.03073	0.04024	0.00461	0.00467	0.00124	0.07256	0.00401	0.00228	0.00518
16	0.00822	0.00680	0.00825	0.00775	0.03070	0.04196	0.00582	0.11693	0.06917	0.02690	0.02435	0.11574	0.01113	0.11137	0.23246	0.00297	0.16769	0.00489	0.00267	0.00423
17	0.02765	0.11000	0.05834	0.02877	0.15997	0.21058	0.09832	0.10811	0.02364	0.07301	0.00819	0.03198	0.00666	0.00423	0.00391	0.00114	0.02511	0.01260	0.00243	0.00535
18	0.01088	0.08640	0.27004	0.02524	0.15934	0.03636	0.09813	0.08337	0.00981	0.15603	0.00882	0.02342	0.00654	0.00399	0.00377	0.00118	0.00491	0.00345	0.00251	0.00580
19	0.00823	0.02661	0.11117	0.26596	0.11863	0.02244	0.24065	0.02470	0.02363	0.01170	0.02601	0.03953	0.05456	0.00435	0.00410	0.00126	0.00516	0.00426	0.00210	0.00493
20	0.00475	0.00340	0.00453	0.00538	0.00563	0.00317	0.00360	0.00547	0.00756	0.01012	0.05320	0.82876	0.02607	0.01198	0.00493	0.00156	0.00223	0.01086	0.00362	0.00317
21	0.01192	0.05398	0.12012	0.04134	0.06341	0.09482	0.08087	0.10035	0.03992	0.24009	0.03630	0.01306	0.07689	0.00475	0.00389	0.00118	0.00442	0.00396	0.00315	0.00557
22	0.01120	0.02502	0.05553	0.01148	0.13894	0.10690	0.10602	0.11537	0.14153	0.11900	0.06939	0.01922	0.01005	0.00475	0.00412	0.00122	0.01808	0.02506	0.01154	0.00559
23	0.02574	0.05108	0.58785	0.01053	0.04162	0.02577	0.01207	0.08938	0.00946	0.09928	0.00794	0.00872	0.00558	0.00387	0.00365	0.00120	0.00522	0.00300	0.00221	0.00583
24	0.00485	0.00369	0.00446	0.00479	0.00553	0.00331	0.00339	0.00589	0.00870	0.01137	0.21262	0.39677	0.29979	0.01041	0.00474	0.00141	0.00206	0.00916	0.00375	0.00331
25	0.01013	0.06616	0.22885	0.04728	0.25935	0.03555	0.10701	0.07772	0.04876	0.07001	0.00821	0.00952	0.00619	0.00379	0.00380	0.00118	0.00500	0.00340	0.00228	0.00580
26	0.01440	0.00843	0.07926	0.00805	0.02513	0.00730	0.02060	0.13392	0.07093	0.49664	0.01361	0.06242	0.00965	0.00515	0.00417	0.00124	0.02459	0.00420	0.00409	0.00620
27	0.01262	0.01017	0.00922	0.00827	0.03258	0.24365	0.00620	0.03771	0.18130	0.23979	0.01246	0.02438	0.03361	0.08764	0.00573	0.00144	0.04074	0.00395	0.00331	0.00524
28	0.00914	0.01302	0.28562	0.10607	0.26979	0.06649	0.06974	0.01283	0.07556	0.02863	0.00816	0.02332	0.00638	0.00391	0.00385	0.00121	0.00515	0.00348	0.00206	0.00559
29	0.00956	0.04996	0.21607	0.03558	0.16267	0.04406	0.30451	0.03163	0.01539	0.05423	0.03355	0.01014	0.00680	0.00372	0.00402	0.00121	0.00549	0.00376	0.00213	0.00550
30	0.01156	0.00726	0.00877	0.02951	0.07505	0.05203	0.00611	0.01540	0.21540	0.30766	0.09265	0.12069	0.01402	0.00599	0.00423	0.00127	0.01790	0.00508	0.00388	0.00552
31	0.00558	0.00432	0.00501	0.00519	0.00614	0.00410	0.00378	0.06093	0.03668	0.01151	0.05436	0.38597	0.33996	0.01080	0.02781	0.00156	0.00254	0.02659	0.00361	0.00356
32	0.00971	0.05290	0.07102	0.02148	0.05511	0.00796	0.03239	0.23063	0.02279	0.08114	0.01353	0.28405	0.01341	0.00718	0.00459	0.00134	0.03876	0.04373	0.00328	0.00500
33	0.01304	0.04291	0.01263	0.01042	0.09164	0.00741	0.17484	0.06098	0.02118	0.41056	0.01290	0.10299	0.00989	0.00508	0.00409	0.00124	0.00406	0.00467	0.00362	0.00583
34	0.01051	0.01069	0.19427	0.08536	0.23722	0.00841	0.09473	0.01311	0.00887	0.19951	0.00901	0.01037	0.00660	0.00491	0.03300	0.00141	0.06027	0.00356	0.00249	0.00569
35	0.01162	0.00724	0.01141	0.00950	0.04509	0.00743	0.14422	0.01353	0.03186	0.34170	0.03992	0.03657	0.02809	0.02913	0.07179	0.00178	0.15616	0.00438	0.00327	0.00530
36	0.01141	0.05858	0.18747	0.06785	0.03806	0.08678	0.00813	0.06908	0.05257	0.23952	0.09961	0.03165	0.02254	0.00488	0.00384	0.00119	0.00424	0.00395	0.00317	0.00549
37	0.01435	0.01787	0.01095	0.00988	0.01193	0.78966	0.00745	0.04899	0.03493	0.01030	0.00641	0.00730	0.00526	0.00406	0.00352	0.00101	0.00677	0.00259	0.00213	0.00463
38	0.00947	0.02400	0.28621	0.04544	0.04304	0.00714	0.11108	0.01213	0.00901	0.19573	0.03413	0.09726	0.09728	0.00546	0.00408	0.00127	0.00437	0.00481	0.00286	0.00524
39	0.00584	0.00417	0.00498	0.00486	0.00595	0.00380	0.00361	0.00752	0.04194	0.05424	0.34633	0.14860	0.30599	0.02808	0.00492	0.00137	0.00212	0.01808	0.00391	0.00367
40	0.02510	0.02465	0.06221	0.03901	0.13317	0.00802	0.05781	0.11695	0.11216	0.25100	0.06656	0.04163	0.01084	0.00502	0.00399	0.00124	0.00388	0.02748	0.00348	0.00580
41	0.03844	0.00678	0.03014	0.00882	0.04035	0.01938	0.13508	0.05759	0.02324	0.15319	0.01533	0.23337	0.01519	0.03312	0.00498	0.00150	0.00382	0.17173	0.00335	0.00460
42	0.00763	0.00540	0.00699	0.00671	0.02396	0.03358	0.04821	0.02225	0.06018	0.11741	0.18234	0.35170	0.08593	0.00870	0.00455	0.00137	0.00282	0.02236	0.00373	0.00416
43	0.01087	0.00958	0.06156	0.17932	0.13561	0.03243	0.03678	0.29355	0.01183	0.05728	0.00997	0.01245	0.03512	0.02942	0.00471	0.00132	0.03290	0.03700	0.00282	0.00548
44	0.00578	0.00426	0.00476	0.00461	0.00588	0.00377	0.00348	0.03431	0.00951	0.05410	0.17745	0.11352	0.53335	0.00929	0.00457	0.00132	0.00214	0.02051	0.00379	0.00362
45	0.00967	0.08433	0.30065	0.03735	0.12718	0.07202	0.04844	0.02713	0.17757	0.05059	0.00929	0.02324	0.00713	0.00415	0.00373	0.00119	0.00483	0.00345	0.00241	0.00566
46	0.03424	0.00923	0.01803	0.06145	0.04003	0.00893	0.53713	0.04030	0.04437	0.09331	0.03506	0.04225	0.00811	0.00406	0.00435	0.00129	0.00547	0.00461	0.00251	0.00527
47	0.00676	0.02966	0.03608	0.02784	0.00915	0.00600	0.09636	0.01034	0.16665	0.01365	0.33056	0.14979	0.08673	0.00732	0.00441	0.00130	0.00294	0.00658	0.00357	0.00432
48	0.00938	0.06754	0.21091	0.09478	0.38412	0.04301	0.07618	0.04626	0.00902	0.01244	0.00713	0.00907	0.00564	0.00360	0.00376	0.00117	0.00513	0.00328	0.00191	0.00568
49	0.00931	0.01623	0.47366	0.04585	0.09427	0.09328	0.13480	0.04317	0.00911	0.03365	0.00732	0.00879	0.00537	0.00370	0.00383	0.00121	0.00573	0.00321	0.00192	0.00557
50	0.00582	0.00394	0.00447	0.00442	0.00455	0.00397	0.00258	0.02666	0.00609	0.00812	0.01296	0.04816	0.03254	0.77952	0.03799	0.00363	0.00384	0.00575	0.00244	0.00253
51	0.01229	0.04950	0.18922	0.00960	0.03526	0.29054	0.00856	0.07513	0.15571	0.12253	0.00941	0.00960	0.00694	0.00426	0.00366	0.00114	0.00516	0.00318	0.00276	0.00555
52	0.04004	0.08084	0.05174	0.01790	0.50726	0.06864	0.05446	0.04287	0.03211	0.04006	0.02319	0.00961	0.00669	0.00371	0.00371	0.00114	0.00469	0.00337	0.00218	0.00578
53	0.00620	0.00579	0.05347	0.00634	0.03007	0.02123	0.02491	0.02147	0.03272	0.03297	0.14027	0.19151	0.33360	0.00883	0.00478	0.00136	0.02638	0.05076	0.00346	0.00386
54	0.00495	0.00386	0.00449	0.00450	0.00550	0.00340	0.00331	0.00621	0.00946	0.01234	0.34333	0.14872	0.41722	0.00942	0.00463	0.00131	0.00195	0.00813	0.00386	0.00340
55	0.01162	0.02992	0.14079	0.03304	0.20143	0.00957	0.02806	0.24691	0.09943	0.12162	0.03245	0.01076	0.00790	0.00432	0.00385	0.00119	0.00432	0.00362	0.00307	0.00610
56	0.01787	0.13170	0.44000	0.01216	0.12388	0.04319	0.06761	0.07813	0.02716	0.01292	0.00718	0.00842	0.00543	0.00370	0.00360	0.00116	0.00527	0.00301	0.00195	0.00566
57	0.00919	0.00837	0.01348	0.15311	0.54327	0.00877	0.01042	0.01252	0.10968	0.03302	0.03009	0.03450	0.00809	0.00413	0.00391	0.00121	0.00434	0.00388	0.00231	0.00571
58	0.00493	0.00380	0.00450	0.00462	0.00552	0.00337	0.00335	0.00613	0.00922	0.01207	0.30933	0.23885	0.36087	0.00974	0.00467	0.00134	0.00199	0.00848	0.00383	0.00337
59	0.00984	0.39504	0.33558	0.00917	0.01335	0.06738	0.05562	0.03697	0.00865	0.02668	0.00647	0.00749	0.00514	0.00357	0.00320	0.00104	0.00506	0.00262	0.00182	0.00533
60	0.02990	0.06111	0.16987	0.02844	0.16557	0.14282	0.14541	0.11688	0.06360	0.01359	0.00800	0.02302	0.00631	0.00397	0.00380	0.00117	0.00528	0.00346	0.00229	0.00552
61	0.00838	0.07075	0.73142	0.01079	0.01620	0.00928	0.04090	0.01251	0.00832	0.04623	0.00723	0.00835	0.00514	0.00369	0.00365	0.00120	0.00556	0.00292	0.00178	0.00570
62	0.00753	0.00700	0.01172	0.77007	0.02525	0.00860	0.03300	0.03520	0.00805	0.01039	0.00714	0.01051	0.00542	0.00492	0.03863	0.00149	0.00539	0.00351	0.00181	0.00437
63	0.01248	0.11932	0.13425	0.01026	0.01326	0.45678	0.09512	0.06947	0.01777	0.02690	0.00674	0.00778	0.00533	0.00386	0.00355	0.00106	0.00613	0.00283	0.00210	0.00501
64	0.69273	0.00890	0.03452	0.01578	0.00874	0.07384	0.00512	0.05775	0.00787	0.05637	0.00621	0.00696	0.00469	0.00375	0.00270	0.00118	0.00351	0.00234	0.00253	0.00452
65	0.00820	0.00776	0.01314	0.47318	0.37149	0.00869	0.01101	0.01060	0.00820	0.01108	0.00754	0.03830	0.00626	0.00397	0.00390	0.00124	0.00483	0.00370	0.00187	0.00505
66	0.00512	0.00369	0.00488	0.00559	0.00595	0.00359	0.00383	0.03282	0.00768	0.01030	0.02004	0.76151	0.02366	0.01333	0.07610	0.00195	0.00300	0.01019	0.00348	0.00329
67	0.03484	0.00835	0.02666	0.01144	0.19061	0.00791	0.05154	0.14113	0.03874	0.43020	0.01187	0.01146	0.00805	0.00437	0.00388	0.00119	0.00393	0.00373	0.00374	0.00634
68	0.05087	0.02913	0.01282	0.07651	0.24116	0.32999	0.05736	0.03094	0.00944	0.01130	0.00708	0.00967	0.00606	0.00469	0.02099	0.00127	0.06330	0.03044	0.00204	0.00495
69	0.00480	0.00345	0.00443	0.00517	0.00546	0.00322	0.00343	0.00543	0.00737	0.00972	0.02194	0.71761	0.08926	0.09142	0.00630	0.00176	0.00237	0.01029	0.00348	0.00308
70	0.01992	0.22887	0.31854	0.01092	0.09340	0.08664	0.06215	0.07529	0.00930	0.01232	0.02823	0.02393	0.00642	0.00391	0.00348	0.00111	0.00508	0.00309	0.00201	0.00539
71	0.01064	0.10941	0.30265	0.01166	0.14952	0.04741	0.05520	0.02796	0.00928	0.17808	0.02534	0.01073	0.03674	0.00414	0.00371	0.00116	0.00475	0.00344	0.00251	0.00569
72	0.00477	0.00341	0.00450	0.00532	0.00557	0.00318	0.00355	0.00546	0.00747	0.00997	0.04166	0.79977	0.03784	0.04077	0.00543	0.00164	0.00229	0.01070	0.00357	0.00314
73	0.03244	0.21097	0.06123	0.00894	0.03403	0.27465	0.02651	0.11336	0.02406	0.12663	0.00827	0.00882	0.01441	0.00477	0.02690	0.00120	0.01205	0.00294	0.00257	0.00526
74	0.05499	0.11075	0.09497	0.01046	0.11001	0.06077	0.04856	0.23269	0.07586	0.13360	0.00929	0.00970	0.00683	0.00461	0.01896	0.00124	0.00453	0.00332	0.00299	0.00586
75	0.02107	0.01911	0.05798	0.29315	0.14256	0.02502	0.02001	0.19344	0.05471	0.08563	0.00880	0.01039	0.00653	0.00515	0.03857	0.00142	0.00487	0.00351	0.00264	0.00546
76	0.00553	0.00402	0.00500	0.00502	0.00587	0.00375	0.00364	0.00724	0.04336	0.02722	0.43028	0.25261	0.14972	0.03263	0.00505	0.00140	0.00209	0.00806	0.00393	0.00358
77	0.06967	0.08598	0.21547	0.02308	0.08536	0.09307	0.03010	0.08812	0.10997	0.09762	0.01551	0.01048	0.01447	0.03951	0.00426	0.00127	0.00460	0.00335	0.00263	0.00548
78	0.04630	0.14554	0.29924	0.02046	0.05004	0.09923	0.06903	0.12014	0.05197	0.05130	0.00777	0.00863	0.00582	0.00388	0.00355	0.00114	0.00507	0.00304	0.00230	0.00556
79	0.00492	0.00359	0.00457	0.00520	0.00567	0.00333	0.00362	0.00576	0.00788	0.01037	0.08274	0.57630	0.14143	0.06196	0.00577	0.00166	0.00236	0.06610	0.00357	0.00319
80	0.02014	0.01355	0.37457	0.01003	0.01406	0.01555	0.11033	0.10759	0.12330	0.09030	0.01953	0.02098	0.01755	0.00432	0.00385	0.00123	0.00476	0.00368	0.03898	0.00570
81	0.01070	0.18571	0.07567	0.01379	0.28070	0.08733	0.07228	0.06441	0.06831	0.05600	0.00794	0.00908	0.00629	0.00373	0.00355	0.00108	0.00469	0.00317	0.00229	0.04329
82	0.00802	0.04087	0.00682	0.00585	0.00702	0.02231	0.00429	0.12178	0.04634	0.07322	0.10768	0.22370	0.05777	0.22288	0.03223	0.00206	0.00336	0.00649	0.00335	0.00399
83	0.00875	0.00760	0.12531	0.00692	0.00912	0.00588	0.02647	0.07443	0.06542	0.15434	0.24078	0.13603	0.08508	0.01743	0.00449	0.00132	0.00314	0.01905	0.00370	0.00476
84	0.00826	0.18953	0.15041	0.00789	0.02438	0.00821	0.06020	0.02389	0.06921	0.06816	0.04576	0.20841	0.09306	0.00654	0.00409	0.00125	0.01765	0.00557	0.00283	0.00471
85	0.05094	0.05107	0.09246	0.07107	0.16712	0.03705	0.17540	0.15316	0.03851	0.05180	0.01831	0.01002	0.00665	0.00498	0.03875	0.00141	0.01972	0.00360	0.00247	0.00552
86	0.00632	0.00438	0.00538	0.00551	0.00630	0.00424	0.00392	0.07047	0.02824	0.04595	0.13652	0.47245	0.09485	0.07983	0.00593	0.00163	0.00252	0.01822	0.00367	0.00365
87	0.06257	0.21269	0.27291	0.00897	0.01253	0.17509	0.03607	0.08064	0.00938	0.03506	0.00706	0.00866	0.00572	0.05195	0.00424	0.00123	0.00518	0.00286	0.00208	0.00511
88	0.02660	0.06670	0.09858	0.02981	0.18170	0.05503	0.13976	0.11474	0.05642	0.04301	0.01751	0.02753	0.03487	0.03976	0.00500	0.00132	0.04994	0.00390	0.00247	0.00535
89	0.00882	0.00777	0.01123	0.05121	0.03463	0.07301	0.18536	0.02229	0.04731	0.09212	0.05827	0.10245	0.10895	0.04803	0.04173	0.00165	0.09248	0.00536	0.00283	0.00450
90	0.00701	0.00433	0.00538	0.00529	0.00643	0.00395	0.00391	0.00854	0.04297	0.13984	0.18041	0.32732	0.22253	0.00934	0.00459	0.00138	0.00231	0.01661	0.00393	0.00394
91	0.04601	0.06666	0.05984	0.00835	0.05983	0.08307	0.01938	0.08286	0.13228	0.04912	0.15366	0.07337	0.03488	0.00634	0.00409	0.00128	0.00369	0.10719	0.00326	0.00484
92	0.03877	0.01105	0.08707	0.10691	0.24803	0.12436	0.03693	0.12218	0.06640	0.10770	0.00875	0.00982	0.00653	0.00403	0.00378	0.00118	0.00481	0.00338	0.00262	0.00570
93	0.01305	0.03664	0.01053	0.02286	0.04994	0.25012	0.00691	0.24693	0.02762	0.14592	0.03268	0.01091	0.01972	0.00733	0.09968	0.00170	0.00550	0.00348	0.00309	0.00539
94	0.02902	0.06003	0.39762	0.01001	0.02528	0.00913	0.07140	0.04368	0.05343	0.02813	0.04481	0.05761	0.03390	0.00501	0.00497	0.00129	0.11330	0.00393	0.00225	0.00520
95	0.03626	0.00779	0.01820	0.05747	0.12136	0.04588	0.04403	0.11630	0.08221	0.18480	0.08721	0.06465	0.04145	0.00532	0.00392	0.00121	0.00366	0.00455	0.06842	0.00532
96	0.00826	0.00617	0.00877	0.05279	0.21557	0.00620	0.00648	0.02397	0.08816	0.10236	0.11670	0.10477	0.12622	0.05822	0.05645	0.00171	0.00370	0.00561	0.00317	0.00472
97	0.02413	0.00891	0.01090	0.02770	0.16378	0.06412	0.04093	0.13340	0.24695	0.13855	0.08920	0.01314	0.01108	0.00480	0.00394	0.00121	0.00389	0.00409	0.00344	0.00583
98	0.00921	0.03396	0.10882	0.06070	0.13521	0.05351	0.31356	0.01184	0.01641	0.07006	0.02911	0.09525	0.02237	0.01697	0.00441	0.00130	0.00514	0.00469	0.00236	0.00511
99	0.00483	0.00362	0.00440	0.00491	0.00548	0.00329	0.00339	0.00564	0.00794	0.01027	0.07524	0.50235	0.25317	0.07074	0.00587	0.00164	0.00228	0.02822	0.00355	0.00317
100	0.00977	0.00949	0.03978	0.05648	0.08237	0.04336	0.24700	0.11625	0.13646	0.03432	0.02060	0.01252	0.01786	0.04563	0.03402	0.00158	0.06727	0.01736	0.00263	0.00525
101	0.00777	0.04220	0.01094	0.05983	0.11945	0.02614	0.13525	0.04885	0.07347	0.02166	0.04905	0.28936	0.05255	0.00768	0.02604	0.00147	0.01439	0.00648	0.00291	0.00453
102	0.01169	0.00823	0.03089	0.00816	0.02384	0.03325	0.04797	0.26702	0.08660	0.19001	0.05205	0.17179	0.02537	0.00633	0.00417	0.00128	0.00366	0.01839	0.00379	0.00551
103	0.00536	0.00399	0.00486	0.00509	0.00589	0.00372	0.00364	0.01845	0.04200	0.02067	0.23353	0.40005	0.21823	0.01006	0.00470	0.00140	0.00215	0.00888	0.00380	0.00351
104	0.05202	0.06668	0.05707	0.00855	0.01143	0.17223	0.01647	0.31973	0.09261	0.13441	0.02515	0.00990	0.00747	0.00447	0.00367	0.00114	0.00454	0.00333	0.00331	0.00582
105	0.04018	0.06319	0.06425	0.05795	0.30430	0.10142	0.04282	0.10708	0.02342	0.05416	0.00949	0.08365	0.02197	0.00464	0.00381	0.00118	0.00459	0.00401	0.00248	0.00543
106	0.00488	0.00362	0.00449	0.00502	0.00557	0.00332	0.00350	0.00574	0.00802	0.01046	0.09649	0.51284	0.21067	0.06302	0.00575	0.00163	0.00230	0.04591	0.00358	0.00319
107	0.00950	0.01006	0.04111	0.15636	0.43817	0.09804	0.09317	0.01225	0.05066	0.01184	0.00773	0.01026	0.00635	0.03272	0.00442	0.00127	0.00508	0.00357	0.00201	0.00543
108	0.09327	0.03177	0.03334	0.07063	0.06942	0.16460	0.03716	0.20683	0.07707	0.07247	0.00946	0.05930	0.00777	0.03139	0.00435	0.00127	0.01797	0.00376	0.00289	0.00527
109	0.00839	0.00629	0.00973	0.04731	0.32759	0.00614	0.00733	0.01006	0.01833	0.11415	0.06986	0.28069	0.04661	0.02392	0.00459	0.00136	0.00340	0.00636	0.00305	0.00483
110	0.00479	0.00347	0.00449	0.00528	0.00560	0.00322	0.00357	0.00550	0.00751	0.00989	0.02240	0.73758	0.08989	0.04695	0.00554	0.00165	0.00233	0.03367	0.00355	0.00314
111	0.00994	0.04533	0.06471	0.02849	0.05879	0.13232	0.11821	0.07078	0.04856	0.09634	0.02567	0.14187	0.03130	0.05547	0.03990	0.00159	0.01815	0.00495	0.00280	0.00481
112	0.04891	0.03941	0.03904	0.02492	0.01171	0.04701	0.06165	0.35194	0.09895	0.10626	0.01774	0.07055	0.00864	0.00515	0.00435	0.00124	0.04931	0.00409	0.00339	0.00574
113	0.11533	0.08398	0.09739	0.00817	0.02062	0.18701	0.00707	0.13127	0.08648	0.04206	0.00810	0.02392	0.00642	0.00410	0.00350	0.00105	0.01900	0.00297	0.00260	0.14896

[dist]
# distance from previous block
# <min> <max>
1	11

[block]
# block no. 9 follows, 70 sequences, length 14
# corresponding to MSA columns:
# 577-590
name=unknown_J
#
# <colnr> <probs for GDERKNQSTAVLIFYWHMCP>
#	G	D	E	R	K	N	Q	S	T	A	V	L	I	F	Y	W	H	M	C	P
0	0.00753	0.00861	0.13606	0.05321	0.19038	0.00679	0.10770	0.01011	0.03341	0.03715	0.15119	0.08023	0.14919	0.00600	0.00424	0.00126	0.00389	0.00546	0.00281	0.00479
1	0.04213	0.11631	0.10759	0.01008	0.08819	0.06527	0.06393	0.20780	0.04755	0.06539	0.00910	0.05776	0.00752	0.02511	0.00423	0.00120	0.02214	0.00368	0.00274	0.05227
2	0.00486	0.00365	0.00445	0.00494	0.00554	0.00334	0.00344	0.00568	0.00789	0.01020	0.06462	0.46990	0.26307	0.07149	0.03083	0.00178	0.00253	0.03510	0.00350	0.00318
3	0.07967	0.11917	0.05607	0.01017	0.13160	0.09985	0.03924	0.10961	0.08015	0.08612	0.07589	0.02806	0.04629	0.00477	0.00380	0.00116	0.01638	0.00384	0.00286	0.00529
4	0.04104	0.08164	0.02693	0.01978	0.11819	0.05431	0.02406	0.17111	0.02634	0.06152	0.02047	0.02004	0.00683	0.00381	0.00337	0.00094	0.00387	0.00305	0.00268	0.31001
5	0.00744	0.11881	0.27096	0.02601	0.03844	0.01982	0.07622	0.00987	0.00757	0.01049	0.00962	0.04095	0.03728	0.04984	0.23933	0.00271	0.02420	0.00389	0.00197	0.00457
6	0.00542	0.00381	0.00471	0.00488	0.00565	0.00346	0.00346	0.00650	0.00883	0.04088	0.26778	0.34090	0.21645	0.06218	0.00562	0.00153	0.00219	0.00859	0.00376	0.00340
