[name]
unknown

[dist]
# distance from previous block
# <min> <max>
0	193

[block]
# block no. 0 follows, 71 sequences, length 22
# corresponding to MSA columns:
# 214-235
name=unknown_A
#
# <colnr> <probs for GDERKNQSTAVLIFYWHMCP>
#	G	D	E	R	K	N	Q	S	T	A	V	L	I	F	Y	W	H	M	C	P
0	0.00850	0.00804	0.06946	0.06286	0.21919	0.01965	0.01994	0.06892	0.02091	0.03915	0.09796	0.01555	0.05154	0.04722	0.00458	0.00123	0.00376	0.05354	0.01735	0.17065
1	0.00480	0.00369	0.00439	0.00464	0.00545	0.00328	0.00332	0.00587	0.00874	0.01137	0.22756	0.33677	0.34612	0.01010	0.00466	0.00137	0.00201	0.00884	0.00372	0.00328
2	0.00693	0.00507	0.00682	0.00747	0.11465	0.00483	0.00489	0.00930	0.06825	0.07124	0.50768	0.02520	0.13827	0.00712	0.00434	0.00121	0.00237	0.00624	0.00384	0.00426
3	0.00949	0.00911	0.01556	0.02353	0.84133	0.00911	0.01177	0.01177	0.00873	0.01253	0.00721	0.00949	0.00607	0.00342	0.00380	0.00114	0.00456	0.00342	0.00190	0.00607
4	0.00520	0.00401	0.00427	0.00418	0.00538	0.00358	0.00314	0.00679	0.03918	0.01201	0.19285	0.03182	0.55443	0.00857	0.00429	0.00123	0.00194	0.00720	0.10649	0.00345
5	0.00715	0.00357	0.00357	0.00357	0.00447	0.00357	0.00268	0.00893	0.00804	0.01429	0.01251	0.01429	0.00983	0.00447	0.00268	0.00089	0.00179	0.00357	0.88654	0.00357
6	0.89233	0.00741	0.00564	0.00504	0.00741	0.00860	0.00415	0.01127	0.00653	0.01720	0.00534	0.00623	0.00415	0.00356	0.00237	0.00119	0.00297	0.00208	0.00237	0.00415
7	0.00487	0.00366	0.00453	0.00508	0.00564	0.00339	0.00352	0.00604	0.03482	0.01063	0.10073	0.59028	0.19084	0.01094	0.00475	0.00146	0.00215	0.00975	0.00363	0.00328
8	0.00893	0.00903	0.01695	0.23507	0.30049	0.00927	0.30962	0.04123	0.00891	0.01216	0.00738	0.00998	0.00575	0.00350	0.00407	0.00123	0.00538	0.00382	0.00193	0.00529
9	0.01086	0.10848	0.01293	0.04241	0.06285	0.01079	0.10259	0.24072	0.33536	0.01658	0.01089	0.01104	0.00821	0.00442	0.00378	0.00119	0.00406	0.00376	0.00319	0.00589
10	0.00774	0.00585	0.04737	0.00625	0.00798	0.00506	0.03495	0.01048	0.10591	0.13043	0.29387	0.14830	0.09747	0.00769	0.01836	0.00134	0.00281	0.01954	0.00375	0.04484
11	0.03002	0.15645	0.50609	0.00996	0.02604	0.04040	0.05086	0.01265	0.05768	0.03959	0.00808	0.01906	0.01902	0.00390	0.00351	0.00115	0.00507	0.00307	0.00197	0.00543
12	0.05712	0.17516	0.04733	0.00701	0.01013	0.00823	0.00623	0.07494	0.01052	0.54676	0.01197	0.01089	0.00793	0.00435	0.00350	0.00111	0.00358	0.00335	0.00383	0.00606
13	0.01516	0.00610	0.00809	0.00635	0.00905	0.00525	0.00520	0.01657	0.01061	0.70990	0.01894	0.01689	0.14304	0.00554	0.00396	0.00120	0.00305	0.00454	0.00455	0.00600
14	0.00934	0.02636	0.29903	0.03506	0.09019	0.02977	0.22317	0.06362	0.01798	0.07311	0.02555	0.04511	0.02088	0.00426	0.00413	0.00124	0.01957	0.00396	0.00229	0.00540
15	0.00772	0.01783	0.04864	0.06960	0.08084	0.00621	0.02408	0.01067	0.10542	0.07639	0.21714	0.01764	0.05656	0.00941	0.14027	0.00200	0.02614	0.00476	0.07418	0.00450
16	0.01528	0.00609	0.00808	0.00634	0.00901	0.00526	0.00519	0.01672	0.01058	0.71008	0.01777	0.01588	0.10616	0.00531	0.00388	0.00119	0.00304	0.00434	0.04379	0.00601
17	0.00578	0.00393	0.00468	0.00480	0.00581	0.00346	0.00351	0.00679	0.00866	0.08134	0.11173	0.32328	0.38627	0.00992	0.00462	0.00138	0.00217	0.02465	0.00373	0.00352
18	0.03879	0.39279	0.14463	0.03054	0.01132	0.12950	0.01702	0.04888	0.00885	0.03972	0.03115	0.06070	0.00737	0.00468	0.01812	0.00111	0.00466	0.00314	0.00212	0.00488
19	0.01397	0.02246	0.02706	0.01806	0.01133	0.22929	0.00707	0.34074	0.02301	0.17185	0.00940	0.02217	0.00700	0.02256	0.00459	0.00121	0.05595	0.00340	0.00326	0.00563
20	0.65741	0.03399	0.00726	0.00643	0.03194	0.13778	0.00499	0.03597	0.00767	0.01576	0.00579	0.00673	0.00457	0.00366	0.00263	0.00114	0.00365	0.00225	0.02604	0.00433
21	0.01672	0.00852	0.01030	0.00839	0.01101	0.04503	0.00667	0.05804	0.04357	0.60485	0.04887	0.01491	0.01132	0.00605	0.00535	0.00152	0.08294	0.00438	0.00472	0.00685

[dist]
# distance from previous block
# <min> <max>
0	4

[block]
# block no. 1 follows, 71 sequences, length 29
# corresponding to MSA columns:
# 240-268
name=unknown_B
#
# <colnr> <probs for GDERKNQSTAVLIFYWHMCP>
#	G	D	E	R	K	N	Q	S	T	A	V	L	I	F	Y	W	H	M	C	P
0	0.04345	0.39782	0.01420	0.00740	0.01008	0.13622	0.00644	0.07878	0.14784	0.06391	0.01824	0.02103	0.01512	0.00421	0.00331	0.00102	0.02022	0.00298	0.00254	0.00517
1	0.00549	0.00427	0.00581	0.00620	0.00647	0.00469	0.00455	0.00630	0.00707	0.00966	0.01730	0.54100	0.02014	0.06551	0.06872	0.00207	0.13053	0.08784	0.00309	0.00329
2	0.00486	0.00363	0.00453	0.00502	0.00560	0.00334	0.00349	0.00596	0.02445	0.01090	0.15271	0.55182	0.18808	0.01077	0.00474	0.00145	0.00212	0.00959	0.00367	0.00328
3	0.89233	0.00741	0.00564	0.00504	0.00741	0.00860	0.00415	0.01127	0.00653	0.01720	0.00534	0.00623	0.00415	0.00356	0.00237	0.00119	0.00297	0.00208	0.00237	0.00415
4	0.00586	0.00413	0.00496	0.00499	0.00607	0.00383	0.00394	0.00749	0.02462	0.03565	0.26081	0.03251	0.29292	0.03240	0.00492	0.00140	0.00235	0.18561	0.08197	0.00356
5	0.00456	0.00389	0.00393	0.00392	0.00520	0.00325	0.00294	0.00557	0.00882	0.01054	0.06803	0.03660	0.81048	0.00964	0.00453	0.00129	0.00194	0.00805	0.00358	0.00325
6	0.00588	0.00360	0.00435	0.00485	0.00543	0.00350	0.00354	0.00714	0.00783	0.01181	0.03276	0.37866	0.01872	0.03420	0.00452	0.00139	0.00227	0.11908	0.34714	0.00334
7	0.00597	0.00404	0.00530	0.00492	0.00592	0.00371	0.00371	0.00777	0.01086	0.05392	0.80097	0.02792	0.03494	0.00769	0.00449	0.00121	0.00188	0.00679	0.00425	0.00375
8	0.00795	0.00681	0.00795	0.00568	0.00909	0.00511	0.00454	0.00965	0.00795	0.01249	0.00681	0.00795	0.00568	0.00284	0.00284	0.00057	0.00284	0.00227	0.00227	0.88869
9	0.29807	0.04432	0.00972	0.00832	0.01050	0.53270	0.02181	0.01381	0.00932	0.01195	0.00575	0.00673	0.00470	0.00379	0.00309	0.00105	0.00553	0.00237	0.00209	0.00438
10	0.00750	0.00699	0.01171	0.65306	0.16638	0.00828	0.01030	0.00984	0.00775	0.01016	0.00745	0.02966	0.00614	0.04402	0.00458	0.00137	0.00489	0.00368	0.00181	0.00446
11	0.07803	0.03050	0.02450	0.09404	0.36647	0.00855	0.02782	0.08656	0.00975	0.19734	0.00891	0.00994	0.00657	0.00385	0.00366	0.00115	0.00417	0.00336	0.00272	0.03211
12	0.00724	0.00681	0.01150	0.85604	0.02641	0.00852	0.01065	0.00980	0.00767	0.00980	0.00681	0.01022	0.00511	0.00383	0.00383	0.00128	0.00511	0.00341	0.00170	0.00426
13	0.01051	0.00872	0.00922	0.00800	0.01034	0.00999	0.00631	0.17695	0.67624	0.01761	0.01437	0.01332	0.01070	0.00509	0.00389	0.00127	0.00326	0.00416	0.00389	0.00616
14	0.00510	0.00389	0.00456	0.00440	0.00536	0.00348	0.00322	0.00640	0.00951	0.01265	0.44920	0.03142	0.34017	0.09668	0.00607	0.00150	0.00206	0.00724	0.00377	0.00334
15	0.04168	0.37582	0.16446	0.02944	0.03428	0.02819	0.05955	0.05705	0.03188	0.01170	0.00701	0.02161	0.00590	0.00370	0.00312	0.00099	0.00437	0.01178	0.01152	0.09595
16	0.00823	0.01550	0.01959	0.09767	0.04225	0.01884	0.02803	0.03532	0.02637	0.07642	0.05278	0.12232	0.06285	0.04029	0.00540	0.00124	0.10011	0.00467	0.00272	0.23938
17	0.05285	0.12417	0.26228	0.00947	0.05866	0.05377	0.03989	0.14464	0.02217	0.09312	0.02443	0.02147	0.02382	0.00420	0.00352	0.00112	0.00449	0.00331	0.03577	0.01683
18	0.00789	0.03218	0.09975	0.00749	0.00963	0.10584	0.07764	0.02330	0.11809	0.02445	0.32456	0.02026	0.12077	0.00619	0.00415	0.00120	0.00353	0.00533	0.00328	0.00447
19	0.05302	0.00707	0.00908	0.00699	0.00994	0.00651	0.00577	0.11593	0.01164	0.71110	0.01401	0.01231	0.00891	0.00468	0.00379	0.00118	0.00337	0.00373	0.00454	0.00643
20	0.00918	0.05381	0.02401	0.18819	0.34678	0.06604	0.07420	0.04255	0.02207	0.02827	0.02967	0.05880	0.03094	0.00439	0.00387	0.00119	0.00464	0.00402	0.00221	0.00517
21	0.02238	0.04675	0.28760	0.02844	0.12291	0.03404	0.20012	0.05748	0.02414	0.11198	0.00852	0.02370	0.00635	0.00387	0.00386	0.00120	0.00516	0.00358	0.00232	0.00561
22	0.00471	0.00385	0.00405	0.00406	0.00517	0.00331	0.00296	0.00567	0.00865	0.01060	0.11532	0.06601	0.66447	0.07727	0.00573	0.00149	0.00208	0.00788	0.00353	0.00320
23	0.01395	0.00917	0.01085	0.03197	0.07453	0.00975	0.00715	0.49657	0.04550	0.20314	0.03526	0.01098	0.00824	0.00507	0.01881	0.00126	0.00405	0.00369	0.00381	0.00627
24	0.01969	0.09609	0.11408	0.09640	0.11006	0.04442	0.18576	0.08312	0.02960	0.13006	0.02057	0.02711	0.00710	0.00432	0.01382	0.00124	0.00493	0.00369	0.00252	0.00542
25	0.00655	0.00438	0.00611	0.07117	0.02934	0.00423	0.01392	0.00774	0.00836	0.09371	0.13118	0.39220	0.08070	0.05558	0.01773	0.00162	0.00287	0.06543	0.00347	0.00371
26	0.00674	0.00415	0.00514	0.00478	0.00595	0.00377	0.00365	0.00834	0.01006	0.10298	0.48469	0.04638	0.16532	0.00757	0.00426	0.00120	0.00202	0.02012	0.10905	0.00385
27	0.02376	0.05273	0.04749	0.25291	0.24282	0.06538	0.04621	0.02717	0.00811	0.01098	0.00686	0.02341	0.00579	0.00476	0.02094	0.00135	0.14916	0.00341	0.00187	0.00490
28	0.05886	0.06393	0.14633	0.05834	0.16278	0.04669	0.06618	0.11401	0.03122	0.09281	0.00861	0.03981	0.00686	0.01674	0.00414	0.00120	0.02895	0.00351	0.00250	0.04654

[dist]
# distance from previous block
# <min> <max>
0	48

[block]
# block no. 2 follows, 71 sequences, length 21
# corresponding to MSA columns:
# 317-337
name=unknown_C
#
# <colnr> <probs for GDERKNQSTAVLIFYWHMCP>
#	G	D	E	R	K	N	Q	S	T	A	V	L	I	F	Y	W	H	M	C	P
0	0.09186	0.03519	0.03663	0.02601	0.11022	0.29425	0.06167	0.05223	0.03981	0.04522	0.02629	0.04012	0.00713	0.00484	0.01962	0.00122	0.05683	0.00335	0.00235	0.04516
1	0.51845	0.05248	0.00975	0.07688	0.05317	0.07679	0.02283	0.03072	0.03714	0.03168	0.00845	0.02590	0.00705	0.00503	0.00368	0.00148	0.00432	0.00327	0.00298	0.02796
2	0.00795	0.00673	0.00826	0.05980	0.02971	0.00589	0.02051	0.01096	0.12233	0.02938	0.05786	0.01262	0.07431	0.00411	0.00335	0.00085	0.00300	0.00345	0.00271	0.53622
3	0.00728	0.00627	0.00754	0.05598	0.10260	0.09145	0.02517	0.00828	0.00711	0.02422	0.01085	0.06513	0.01115	0.34164	0.17962	0.00317	0.00545	0.01886	0.02469	0.00354
4	0.00736	0.00526	0.00629	0.00667	0.00737	0.00484	0.00457	0.03999	0.02596	0.02617	0.10380	0.63246	0.06807	0.03185	0.00585	0.00185	0.00297	0.01008	0.00421	0.00438
5	0.00559	0.00409	0.00527	0.00494	0.00590	0.00386	0.00372	0.00777	0.04423	0.01540	0.80592	0.02806	0.03519	0.00773	0.00450	0.00121	0.00186	0.00683	0.00421	0.00372
6	0.85678	0.00738	0.00577	0.00511	0.00751	0.00848	0.00421	0.01157	0.00671	0.05080	0.00574	0.00651	0.00437	0.00361	0.00243	0.00119	0.00298	0.00215	0.00247	0.00425
7	0.00543	0.00392	0.00513	0.00482	0.00573	0.00362	0.00362	0.00724	0.01085	0.01538	0.83931	0.02864	0.03618	0.00784	0.00452	0.00121	0.00181	0.00693	0.00422	0.00362
8	0.00555	0.00375	0.00432	0.00427	0.00440	0.00370	0.00251	0.00581	0.00633	0.00856	0.12964	0.02560	0.01710	0.74340	0.01738	0.00336	0.00345	0.00577	0.00259	0.00251
9	0.00783	0.00787	0.01467	0.59078	0.06479	0.00886	0.22883	0.01056	0.00809	0.01059	0.00709	0.01022	0.00535	0.00365	0.00402	0.00127	0.00545	0.00371	0.00178	0.00459
10	0.01349	0.08771	0.01211	0.01100	0.09647	0.69476	0.00778	0.01463	0.01039	0.00967	0.00601	0.00711	0.00505	0.00384	0.00341	0.00099	0.00644	0.00253	0.00194	0.00465
11	0.00905	0.01034	0.02262	0.01616	0.02004	0.00970	0.82741	0.01228	0.00905	0.01228	0.00776	0.01034	0.00582	0.00323	0.00452	0.00129	0.00646	0.00452	0.00194	0.00517
12	0.04795	0.02889	0.02035	0.00790	0.01081	0.05732	0.01763	0.36197	0.12908	0.05397	0.00927	0.00948	0.00691	0.00420	0.00369	0.00104	0.02096	0.00319	0.00323	0.20215
13	0.00602	0.00504	0.02169	0.03587	0.10426	0.00449	0.00483	0.00730	0.00836	0.02421	0.13682	0.19422	0.24117	0.09574	0.00589	0.00152	0.00277	0.02731	0.00316	0.06934
14	0.02894	0.19794	0.48873	0.01012	0.04767	0.02573	0.02938	0.04578	0.01886	0.03232	0.00691	0.00797	0.00521	0.00366	0.00350	0.00111	0.01629	0.00277	0.00188	0.02522
15	0.00878	0.30731	0.38435	0.00916	0.01324	0.03391	0.05544	0.01216	0.06162	0.01106	0.00741	0.02749	0.00605	0.00490	0.04058	0.00131	0.00516	0.00298	0.00186	0.00522
16	0.00512	0.00391	0.00470	0.00450	0.00554	0.00349	0.00338	0.00664	0.01013	0.01366	0.56548	0.03147	0.31108	0.00848	0.00453	0.00124	0.00185	0.00733	0.00399	0.00349
17	0.00792	0.09560	0.04542	0.03204	0.07009	0.11629	0.04397	0.03163	0.00821	0.02021	0.03059	0.25565	0.03512	0.13410	0.03668	0.00180	0.01453	0.01356	0.00260	0.00399
18	0.02163	0.01055	0.08000	0.17110	0.22040	0.10319	0.06299	0.13770	0.01018	0.08480	0.00793	0.00955	0.00600	0.00439	0.01742	0.00127	0.03973	0.00337	0.00239	0.00543
19	0.00575	0.00428	0.00525	0.00548	0.01602	0.00398	0.01887	0.02478	0.04551	0.04018	0.02639	0.38978	0.32687	0.00994	0.00460	0.00141	0.00238	0.04163	0.02329	0.00359
20	0.01020	0.00641	0.00912	0.01880	0.06758	0.01717	0.08757	0.06969	0.02527	0.25415	0.10944	0.09676	0.13818	0.00721	0.03816	0.00144	0.00359	0.00549	0.02882	0.00495

[dist]
# distance from previous block
# <min> <max>
0	3

[block]
# block no. 3 follows, 71 sequences, length 17
# corresponding to MSA columns:
# 341-357
name=unknown_D
#
# <colnr> <probs for GDERKNQSTAVLIFYWHMCP>
#	G	D	E	R	K	N	Q	S	T	A	V	L	I	F	Y	W	H	M	C	P
0	0.02036	0.11586	0.14254	0.09607	0.11223	0.10037	0.07819	0.04872	0.02774	0.02158	0.00809	0.03193	0.02466	0.00421	0.00424	0.00113	0.06925	0.00337	0.01223	0.07722
1	0.00980	0.19190	0.36272	0.02266	0.06373	0.00990	0.03728	0.07024	0.04901	0.09784	0.00864	0.04479	0.00677	0.00415	0.00354	0.00114	0.00467	0.00333	0.00232	0.00556
2	0.00543	0.00390	0.00527	0.00552	0.00613	0.00406	0.00406	0.00652	0.00730	0.02390	0.06192	0.34241	0.10215	0.01704	0.31454	0.00316	0.02746	0.00722	0.04864	0.00338
3	0.28350	0.13939	0.05362	0.04597	0.02008	0.12751	0.00624	0.03822	0.00832	0.05611	0.00654	0.00752	0.00518	0.00367	0.00320	0.00102	0.02992	0.00247	0.01303	0.14850
4	0.00505	0.00390	0.00464	0.00509	0.00564	0.02346	0.00352	0.00597	0.00826	0.01087	0.18026	0.52813	0.15312	0.03696	0.00518	0.00150	0.00226	0.00934	0.00361	0.00324
5	0.01025	0.70475	0.01798	0.00685	0.00992	0.03687	0.00650	0.01303	0.14235	0.01017	0.00702	0.00750	0.00602	0.00361	0.00272	0.00090	0.00400	0.00243	0.00202	0.00509
6	0.00666	0.00478	0.00580	0.00532	0.00611	0.00501	0.00393	0.00749	0.00778	0.07728	0.12021	0.02536	0.28007	0.25588	0.01007	0.00203	0.14184	0.00600	0.02494	0.00345
7	0.00527	0.00397	0.00455	0.00437	0.00554	0.00347	0.00329	0.00661	0.00970	0.03560	0.38018	0.03271	0.47344	0.00877	0.00451	0.00125	0.00192	0.00748	0.00388	0.00349
8	0.00905	0.01034	0.02262	0.01616	0.02004	0.00970	0.82741	0.01228	0.00905	0.01228	0.00776	0.01034	0.00582	0.00323	0.00452	0.00129	0.00646	0.00452	0.00194	0.00517
9	0.00473	0.00346	0.00439	0.00506	0.00545	0.00318	0.00341	0.00546	0.00761	0.01001	0.05967	0.67140	0.13962	0.05048	0.00549	0.00160	0.00223	0.01009	0.00353	0.00312
10	0.00839	0.00839	0.01174	0.01007	0.01007	0.01174	0.00839	0.00923	0.00587	0.00923	0.00503	0.00839	0.00503	0.00671	0.01258	0.00168	0.85823	0.00336	0.00168	0.00419
11	0.72258	0.17295	0.00842	0.00533	0.00788	0.00987	0.00462	0.01131	0.00677	0.01563	0.00534	0.00621	0.00430	0.00351	0.00239	0.00112	0.00318	0.00207	0.00223	0.00430
12	0.03179	0.18970	0.01354	0.00934	0.05924	0.08221	0.02435	0.48338	0.01403	0.03232	0.00794	0.00841	0.00599	0.00419	0.00363	0.00108	0.01689	0.00307	0.00302	0.00588
13	0.00881	0.05486	0.68519	0.01055	0.01560	0.10302	0.01283	0.04435	0.00878	0.01217	0.00680	0.00793	0.00493	0.00370	0.00358	0.00117	0.00568	0.00278	0.00175	0.00553
14	0.01059	0.38426	0.03684	0.00744	0.01053	0.17109	0.02566	0.06942	0.00919	0.01116	0.00675	0.00762	0.01981	0.00352	0.00295	0.00085	0.00441	0.00247	0.00205	0.21339
15	0.00747	0.00750	0.13767	0.03672	0.12254	0.00588	0.00673	0.03858	0.00756	0.03277	0.05498	0.06864	0.06300	0.07627	0.00874	0.26305	0.03129	0.00442	0.00230	0.02388
16	0.00852	0.09056	0.11418	0.04920	0.09529	0.00766	0.08638	0.08452	0.03066	0.03454	0.02586	0.12148	0.00945	0.00682	0.00603	0.17195	0.00409	0.01561	0.00240	0.03481

[dist]
# distance from previous block
# <min> <max>
4	59

[block]
# block no. 4 follows, 71 sequences, length 15
# corresponding to MSA columns:
# 417-431
name=unknown_E
#
# <colnr> <probs for GDERKNQSTAVLIFYWHMCP>
#	G	D	E	R	K	N	Q	S	T	A	V	L	I	F	Y	W	H	M	C	P
0	0.08645	0.07251	0.03481	0.03197	0.05013	0.00622	0.02329	0.03750	0.01965	0.03551	0.08732	0.11378	0.24084	0.00722	0.02423	0.00130	0.01401	0.00556	0.02233	0.08537
1	0.08506	0.13343	0.10885	0.01064	0.15815	0.12813	0.02525	0.05596	0.02029	0.01258	0.02658	0.00840	0.00615	0.00368	0.00351	0.00099	0.02776	0.00280	0.00214	0.17963
2	0.00669	0.00490	0.00656	0.00736	0.10254	0.00486	0.00473	0.00872	0.07358	0.04848	0.25912	0.11354	0.06402	0.16615	0.06792	0.00208	0.00336	0.03656	0.01495	0.00389
3	0.16853	0.00708	0.00804	0.04375	0.02801	0.01917	0.02429	0.05055	0.05573	0.02569	0.04105	0.07339	0.00855	0.00421	0.00321	0.00093	0.00313	0.00341	0.01504	0.41626
4	0.00529	0.00405	0.00475	0.00475	0.00566	0.00377	0.00344	0.00698	0.05955	0.01208	0.30979	0.17268	0.29939	0.06111	0.00573	0.02406	0.00215	0.00767	0.00369	0.00343
5	0.00463	0.00387	0.00397	0.00398	0.00517	0.00327	0.00294	0.00559	0.00867	0.01047	0.07762	0.05540	0.74388	0.04718	0.00520	0.00140	0.00202	0.00799	0.00354	0.00321
6	0.02661	0.00865	0.01278	0.03789	0.50645	0.02505	0.00933	0.05545	0.07521	0.03766	0.00844	0.03138	0.00700	0.00382	0.00366	0.00108	0.00409	0.00348	0.00235	0.13962
7	0.00798	0.00705	0.01154	0.76208	0.05174	0.00858	0.01036	0.04607	0.00827	0.03968	0.00722	0.01025	0.00536	0.00389	0.00383	0.00126	0.00499	0.00343	0.00191	0.00450
8	0.00556	0.00386	0.00496	0.00498	0.00536	0.00403	0.00341	0.00624	0.00651	0.00900	0.09225	0.04084	0.03549	0.42094	0.27564	0.02568	0.00545	0.03003	0.01691	0.00287
9	0.03538	0.00515	0.00663	0.00590	0.00730	0.00509	0.05241	0.02943	0.12009	0.02738	0.45987	0.06717	0.12695	0.00731	0.00432	0.00124	0.00240	0.00642	0.02546	0.00410
10	0.00584	0.03410	0.00553	0.00483	0.00579	0.00421	0.00338	0.00667	0.00745	0.01016	0.13335	0.13584	0.11051	0.33182	0.02971	0.00224	0.00308	0.02963	0.00290	0.13296
11	0.08639	0.06555	0.00951	0.00672	0.00980	0.10917	0.02598	0.05956	0.03803	0.01311	0.00696	0.00792	0.00567	0.00326	0.00299	0.00077	0.00361	0.00246	0.00234	0.54020
12	0.04082	0.07942	0.08489	0.17365	0.15075	0.10012	0.12873	0.04064	0.10162	0.05060	0.00821	0.00967	0.00627	0.00384	0.00372	0.00117	0.00496	0.00339	0.00227	0.00526
13	0.00944	0.50786	0.11562	0.02849	0.02565	0.02886	0.03181	0.02664	0.03062	0.01050	0.03519	0.00848	0.00658	0.02865	0.00363	0.00102	0.02386	0.00269	0.00192	0.07250
14	0.02079	0.08609	0.02260	0.03684	0.03148	0.12537	0.02037	0.02399	0.05509	0.02886	0.06528	0.05175	0.10711	0.01675	0.00368	0.00111	0.00332	0.01384	0.28150	0.00416

[dist]
# distance from previous block
# <min> <max>
5	25

[block]
# block no. 5 follows, 71 sequences, length 17
# corresponding to MSA columns:
# 457-473
name=unknown_F
#
# <colnr> <probs for GDERKNQSTAVLIFYWHMCP>
#	G	D	E	R	K	N	Q	S	T	A	V	L	I	F	Y	W	H	M	C	P
0	0.08670	0.02479	0.07905	0.09196	0.13889	0.08951	0.04419	0.03732	0.03851	0.08464	0.02244	0.06480	0.00837	0.00591	0.04497	0.00144	0.04384	0.02292	0.02813	0.04161
1	0.04535	0.02510	0.04256	0.04390	0.07991	0.14623	0.04901	0.02167	0.03213	0.01091	0.06292	0.10164	0.02651	0.08751	0.00728	0.00154	0.19181	0.00452	0.00235	0.01715
2	0.00844	0.00490	0.00568	0.00518	0.00648	0.00482	0.00390	0.09330	0.03601	0.12583	0.13169	0.13716	0.07501	0.07422	0.00502	0.00136	0.00250	0.00560	0.26871	0.00417
3	0.00586	0.00442	0.00555	0.00569	0.00651	0.00434	0.01923	0.06159	0.04447	0.01131	0.05909	0.42613	0.15481	0.06629	0.03305	0.01532	0.00287	0.06651	0.00343	0.00352
4	0.00857	0.00629	0.00737	0.00578	0.00836	0.00539	0.00456	0.05219	0.06868	0.09794	0.14808	0.01534	0.08684	0.02217	0.00384	0.00095	0.00273	0.00400	0.00316	0.44778
5	0.00467	0.00334	0.00445	0.00534	0.00556	0.00311	0.00356	0.00534	0.00734	0.00979	0.02113	0.86275	0.02536	0.01201	0.00489	0.00156	0.00222	0.01090	0.00356	0.00311
6	0.00518	0.00358	0.00433	0.00473	0.00488	0.00347	0.00295	0.00553	0.00649	0.00861	0.01693	0.37535	0.04580	0.46057	0.01258	0.00269	0.00303	0.02767	0.00291	0.00271
7	0.01025	0.86756	0.02009	0.00656	0.00984	0.01517	0.00656	0.01148	0.00779	0.00902	0.00533	0.00615	0.00492	0.00328	0.00246	0.00082	0.00410	0.00205	0.00164	0.00492
8	0.09586	0.01006	0.01070	0.00830	0.01127	0.01107	0.00685	0.67262	0.03876	0.08223	0.00945	0.00935	0.00666	0.00453	0.00370	0.00116	0.00400	0.00338	0.00377	0.00629
9	0.07314	0.05162	0.66686	0.00991	0.01497	0.00880	0.01227	0.01271	0.00826	0.09619	0.00754	0.00838	0.00528	0.00373	0.00352	0.00119	0.00516	0.00285	0.00199	0.00561
10	0.04562	0.00774	0.07551	0.00783	0.02925	0.02220	0.05991	0.05325	0.05456	0.37034	0.09349	0.10977	0.02953	0.01786	0.00423	0.00128	0.00351	0.00492	0.00377	0.00541
11	0.89233	0.00741	0.00564	0.00504	0.00741	0.00860	0.00415	0.01127	0.00653	0.01720	0.00534	0.00623	0.00415	0.00356	0.00237	0.00119	0.00297	0.00208	0.00237	0.00415
12	0.89233	0.00741	0.00564	0.00504	0.00741	0.00860	0.00415	0.01127	0.00653	0.01720	0.00534	0.00623	0.00415	0.00356	0.00237	0.00119	0.00297	0.00208	0.00237	0.00415
13	0.00956	0.01502	0.41124	0.00960	0.01351	0.09305	0.01020	0.08575	0.28481	0.01421	0.00990	0.01014	0.00729	0.00428	0.00373	0.00121	0.00479	0.00335	0.00261	0.00575
14	0.89233	0.00741	0.00564	0.00504	0.00741	0.00860	0.00415	0.01127	0.00653	0.01720	0.00534	0.00623	0.00415	0.00356	0.00237	0.00119	0.00297	0.00208	0.00237	0.00415
15	0.00903	0.02760	0.35820	0.01490	0.30132	0.00862	0.07453	0.01232	0.02552	0.07209	0.02156	0.01062	0.03851	0.00393	0.00381	0.00119	0.00489	0.00352	0.00213	0.00570
16	0.00701	0.00613	0.00917	0.05382	0.17812	0.00608	0.06479	0.00983	0.11036	0.01254	0.17155	0.21543	0.07752	0.00692	0.00426	0.00127	0.00318	0.00630	0.00311	0.05262

[dist]
# distance from previous block
# <min> <max>
0	1

[block]
# block no. 6 follows, 71 sequences, length 7
# corresponding to MSA columns:
# 475-481
name=unknown_G
#
# <colnr> <probs for GDERKNQSTAVLIFYWHMCP>
#	G	D	E	R	K	N	Q	S	T	A	V	L	I	F	Y	W	H	M	C	P
0	0.03489	0.00463	0.00552	0.00537	0.00644	0.03150	0.04492	0.00662	0.00869	0.01138	0.17486	0.29535	0.33697	0.00938	0.00454	0.00135	0.00243	0.00821	0.00351	0.00343
1	0.01100	0.63880	0.06270	0.00744	0.01064	0.14149	0.00715	0.06351	0.00892	0.01020	0.00575	0.00656	0.00502	0.00349	0.00276	0.00089	0.00462	0.00224	0.00183	0.00499
2	0.00671	0.00363	0.00555	0.07739	0.00682	0.00377	0.00395	0.00540	0.00522	0.00693	0.00667	0.01153	0.00653	0.01251	0.01404	0.81298	0.00348	0.00334	0.00167	0.00189
3	0.04628	0.11753	0.13717	0.03084	0.08552	0.08898	0.04551	0.21685	0.06775	0.06782	0.00831	0.00896	0.00623	0.00396	0.00352	0.00110	0.00456	0.00311	0.00267	0.05334
4	0.11481	0.10687	0.04040	0.06324	0.01140	0.04333	0.10027	0.11313	0.02898	0.11712	0.03530	0.09802	0.00957	0.03995	0.05962	0.00162	0.00449	0.00425	0.00282	0.00483
5	0.00694	0.00426	0.00503	0.00480	0.00615	0.00372	0.00365	0.00811	0.00915	0.15276	0.12849	0.15343	0.43023	0.00885	0.00444	0.00131	0.00224	0.03240	0.03019	0.00384
6	0.05441	0.05761	0.05737	0.00879	0.02772	0.16773	0.03616	0.19821	0.12289	0.11843	0.03867	0.01023	0.00792	0.00447	0.00399	0.00114	0.03919	0.00337	0.00306	0.03863

[dist]
# distance from previous block
# <min> <max>
1	14

[block]
# block no. 7 follows, 71 sequences, length 17
# corresponding to MSA columns:
# 496-512
name=unknown_H
#
# <colnr> <probs for GDERKNQSTAVLIFYWHMCP>
#	G	D	E	R	K	N	Q	S	T	A	V	L	I	F	Y	W	H	M	C	P
0	0.21241	0.09271	0.06951	0.03425	0.09870	0.11316	0.04607	0.10216	0.03705	0.01366	0.00734	0.00954	0.00618	0.08256	0.00483	0.00134	0.01445	0.00305	0.00231	0.04875
1	0.25994	0.00629	0.00655	0.02585	0.00799	0.01866	0.00461	0.04553	0.10286	0.12782	0.12703	0.10137	0.04417	0.07592	0.00494	0.00145	0.00297	0.01722	0.00334	0.01548
2	0.04312	0.00967	0.05819	0.16425	0.33349	0.07559	0.06599	0.05373	0.04575	0.03207	0.02679	0.01082	0.02190	0.02413	0.00430	0.00125	0.01786	0.00360	0.00222	0.00528
3	0.00639	0.00406	0.00510	0.00493	0.00545	0.00413	0.00333	0.00699	0.00649	0.07311	0.04029	0.02216	0.05692	0.49656	0.24396	0.00398	0.00532	0.00522	0.00257	0.00304
4	0.00478	0.00381	0.00431	0.00453	0.00553	0.00334	0.00338	0.00584	0.00868	0.01087	0.12034	0.20879	0.51995	0.01006	0.00466	0.00138	0.00211	0.07072	0.00363	0.00328
5	0.00477	0.00347	0.00452	0.00532	0.00570	0.00322	0.00369	0.00555	0.00760	0.00997	0.02291	0.71649	0.10955	0.01167	0.00489	0.00155	0.00229	0.07015	0.00356	0.00316
6	0.01687	0.00660	0.00889	0.00686	0.00980	0.00581	0.00565	0.01876	0.04678	0.80798	0.01515	0.01310	0.00959	0.00477	0.00386	0.00119	0.00325	0.00388	0.00471	0.00651
7	0.89233	0.00741	0.00564	0.00504	0.00741	0.00860	0.00415	0.01127	0.00653	0.01720	0.00534	0.00623	0.00415	0.00356	0.00237	0.00119	0.00297	0.00208	0.00237	0.00415
8	0.89233	0.00741	0.00564	0.00504	0.00741	0.00860	0.00415	0.01127	0.00653	0.01720	0.00534	0.00623	0.00415	0.00356	0.00237	0.00119	0.00297	0.00208	0.00237	0.00415
9	0.00466	0.00337	0.00442	0.00526	0.00554	0.00312	0.00352	0.00535	0.00742	0.00982	0.02207	0.81884	0.06866	0.01189	0.00487	0.00154	0.00221	0.01075	0.00356	0.00312
10	0.03030	0.02405	0.00965	0.00859	0.02884	0.23154	0.00654	0.10366	0.41856	0.01484	0.06047	0.01216	0.01031	0.00488	0.00390	0.00119	0.01802	0.00378	0.00326	0.00545
11	0.00826	0.00714	0.02848	0.00592	0.00922	0.00545	0.00486	0.03562	0.02713	0.03239	0.02761	0.00944	0.02676	0.00330	0.00302	0.00067	0.00292	0.00266	0.00248	0.75667
12	0.00944	0.26549	0.39095	0.00910	0.01320	0.02977	0.03542	0.09687	0.00912	0.03135	0.01863	0.02482	0.00623	0.02506	0.00392	0.00116	0.01908	0.00302	0.00204	0.00533
13	0.01432	0.01827	0.01087	0.00988	0.01185	0.84986	0.00741	0.01531	0.01087	0.00938	0.00593	0.00691	0.00494	0.00395	0.00346	0.00099	0.00691	0.00247	0.00198	0.00444
14	0.00520	0.00383	0.00486	0.00477	0.00563	0.00350	0.00352	0.00673	0.01007	0.01391	0.61597	0.14939	0.14100	0.00869	0.00458	0.00127	0.00189	0.00766	0.00404	0.00350
15	0.07564	0.00821	0.03949	0.11940	0.09954	0.02132	0.09419	0.12462	0.00984	0.14131	0.03012	0.06157	0.03117	0.02130	0.00463	0.00128	0.04901	0.02310	0.00286	0.04141
16	0.00939	0.13422	0.21426	0.02229	0.10879	0.02960	0.08729	0.08704	0.04580	0.05771	0.05144	0.03989	0.06038	0.00471	0.00403	0.00118	0.03029	0.00394	0.00248	0.00527

[dist]
# distance from previous block
# <min> <max>
1	6

[block]
# block no. 8 follows, 71 sequences, length 14
# corresponding to MSA columns:
# 519-532
name=unknown_I
#
# <colnr> <probs for GDERKNQSTAVLIFYWHMCP>
#	G	D	E	R	K	N	Q	S	T	A	V	L	I	F	Y	W	H	M	C	P
0	0.02804	0.08593	0.08385	0.02352	0.12205	0.09726	0.06046	0.07371	0.03373	0.04604	0.00737	0.00856	0.00585	0.00366	0.00378	0.00098	0.04402	0.00290	0.00229	0.26598
1	0.54066	0.01063	0.04077	0.00809	0.07728	0.20623	0.00607	0.01245	0.02600	0.01459	0.00591	0.00695	0.00471	0.00375	0.00305	0.00115	0.02262	0.00239	0.00223	0.00448
2	0.00611	0.00408	0.00487	0.00466	0.00577	0.00371	0.00350	0.00775	0.02622	0.06503	0.39851	0.09675	0.25324	0.00811	0.00431	0.00123	0.00199	0.00700	0.09347	0.00370
3	0.00683	0.00638	0.00604	0.04385	0.02282	0.13845	0.00452	0.00802	0.00908	0.02706	0.15404	0.15626	0.31887	0.02245	0.02184	0.00141	0.00321	0.02997	0.01525	0.00363
4	0.82786	0.00725	0.00574	0.00510	0.00744	0.00831	0.00419	0.01139	0.00685	0.04739	0.03621	0.00730	0.00552	0.00376	0.00251	0.00119	0.00293	0.00232	0.00253	0.00422
5	0.00560	0.00396	0.00509	0.00493	0.00574	0.00377	0.00364	0.00702	0.00934	0.02801	0.51408	0.05110	0.09138	0.12598	0.08987	0.00207	0.00302	0.03829	0.00366	0.00343
6	0.01025	0.86756	0.02009	0.00656	0.00984	0.01517	0.00656	0.01148	0.00779	0.00902	0.00533	0.00615	0.00492	0.00328	0.00246	0.00082	0.00410	0.00205	0.00164	0.00492
7	0.00537	0.00392	0.00504	0.00476	0.00569	0.00359	0.00357	0.00712	0.01072	0.01505	0.78714	0.02918	0.08855	0.00796	0.00452	0.00121	0.00182	0.00701	0.00418	0.00359
8	0.01458	0.01074	0.01151	0.00882	0.01189	0.01189	0.00729	0.82855	0.01803	0.02416	0.00921	0.00921	0.00652	0.00460	0.00384	0.00115	0.00422	0.00345	0.00384	0.00652
9	0.74083	0.00799	0.00665	0.00569	0.00819	0.00917	0.00469	0.15234	0.00851	0.01840	0.00601	0.00674	0.00456	0.00374	0.00263	0.00118	0.00318	0.00231	0.00263	0.00456
10	0.89233	0.00741	0.00564	0.00504	0.00741	0.00860	0.00415	0.01127	0.00653	0.01720	0.00534	0.00623	0.00415	0.00356	0.00237	0.00119	0.00297	0.00208	0.00237	0.00415
11	0.00551	0.00403	0.00520	0.00501	0.00589	0.00381	0.00372	0.00757	0.04575	0.01473	0.70586	0.12807	0.03383	0.00823	0.00454	0.00125	0.00191	0.00730	0.00413	0.00366
12	0.00769	0.01983	0.84538	0.01093	0.01659	0.00890	0.01417	0.01214	0.00810	0.01214	0.00688	0.00810	0.00486	0.00364	0.00364	0.00121	0.00567	0.00283	0.00162	0.00567
13	0.05873	0.09733	0.01017	0.00809	0.02727	0.10776	0.00631	0.06593	0.52678	0.01501	0.02876	0.01205	0.00987	0.00475	0.00362	0.00119	0.00367	0.00374	0.00332	0.00564

[dist]
# distance from previous block
# <min> <max>
0	3

[block]
# block no. 9 follows, 71 sequences, length 17
# corresponding to MSA columns:
# 536-552
name=unknown_J
#
# <colnr> <probs for GDERKNQSTAVLIFYWHMCP>
#	G	D	E	R	K	N	Q	S	T	A	V	L	I	F	Y	W	H	M	C	P
0	0.02252	0.33733	0.09130	0.00822	0.01101	0.23391	0.05306	0.02581	0.03720	0.01078	0.08026	0.01006	0.02750	0.00493	0.02994	0.00117	0.00502	0.00311	0.00215	0.00473
1	0.80311	0.00778	0.02053	0.00531	0.00779	0.02366	0.00445	0.01156	0.00683	0.04521	0.00576	0.00656	0.00441	0.00359	0.00248	0.00116	0.00309	0.00216	0.00243	0.03212
2	0.01724	0.04271	0.12722	0.03026	0.09190	0.05503	0.04980	0.03867	0.05333	0.05281	0.18317	0.04677	0.05409	0.00685	0.03131	0.03156	0.02628	0.05351	0.00287	0.00462
3	0.00947	0.00916	0.01583	0.02325	0.80974	0.00913	0.04314	0.01179	0.00874	0.01252	0.00723	0.00952	0.00606	0.00341	0.00382	0.00114	0.00463	0.00346	0.00190	0.00604
4	0.01213	0.79685	0.02045	0.00794	0.01121	0.03832	0.00732	0.01283	0.00923	0.01114	0.03012	0.00954	0.00764	0.00473	0.00342	0.00120	0.00477	0.00287	0.00240	0.00588
5	0.03410	0.00624	0.03310	0.02834	0.02732	0.05395	0.00530	0.06249	0.00835	0.03690	0.02822	0.28208	0.05207	0.10611	0.06172	0.00198	0.04897	0.09648	0.00298	0.02330
6	0.02008	0.16128	0.13184	0.02723	0.06281	0.15876	0.02075	0.05785	0.17248	0.07992	0.02258	0.04087	0.00804	0.00443	0.00355	0.00112	0.00451	0.00346	0.00266	0.01579
7	0.00967	0.00917	0.01542	0.02300	0.81112	0.00921	0.01160	0.04152	0.00907	0.01295	0.00728	0.00948	0.00609	0.00346	0.00380	0.00114	0.00454	0.00342	0.00197	0.00609
8	0.00464	0.00385	0.00406	0.00408	0.00527	0.00327	0.00304	0.00569	0.00890	0.01090	0.13056	0.08744	0.69581	0.00964	0.00455	0.00130	0.00194	0.00813	0.00364	0.00327
9	0.01003	0.06511	0.20940	0.15965	0.15909	0.01984	0.05385	0.02962	0.05979	0.03522	0.02280	0.01406	0.07828	0.00552	0.00501	0.00151	0.05835	0.00425	0.00271	0.00591
10	0.02550	0.05056	0.07767	0.10294	0.09447	0.08286	0.13489	0.10346	0.06533	0.06398	0.01033	0.08184	0.00901	0.00510	0.00411	0.00126	0.01584	0.06313	0.00264	0.00510
11	0.00557	0.00374	0.00429	0.00429	0.00433	0.00378	0.00246	0.00565	0.00561	0.00751	0.01198	0.02454	0.01370	0.81933	0.06511	0.00385	0.00408	0.00550	0.00231	0.00238
12	0.00618	0.00413	0.00482	0.00461	0.00587	0.00359	0.00347	0.00739	0.00938	0.10407	0.23985	0.12188	0.45280	0.00893	0.00449	0.00129	0.00209	0.00763	0.00386	0.00369
13	0.02263	0.00884	0.07286	0.10885	0.21477	0.02145	0.07442	0.06637	0.07806	0.18524	0.03456	0.05351	0.00893	0.01586	0.00424	0.00126	0.01562	0.00410	0.00290	0.00554
14	0.03105	0.01494	0.12395	0.02326	0.02309	0.45313	0.05569	0.06174	0.02783	0.06756	0.01895	0.02751	0.03329	0.00441	0.00380	0.00111	0.01815	0.00328	0.00237	0.00488
15	0.25190	0.00682	0.00773	0.00626	0.00887	0.00676	0.00512	0.04895	0.06175	0.46695	0.03619	0.01238	0.03597	0.00469	0.00347	0.00119	0.00309	0.00361	0.02271	0.00560
16	0.00950	0.00987	0.08440	0.08321	0.44010	0.04770	0.01872	0.08065	0.02372	0.02575	0.02211	0.02396	0.02099	0.02212	0.01689	0.00132	0.05763	0.00366	0.00220	0.00549

[dist]
# distance from previous block
# <min> <max>
0	17

# created by:
# /st0/software/busco_prod/Augustus/scripts/msa2prfl.pl ./align_prep/37483.fa
