[name]
unknown

[dist]
# distance from previous block
# <min> <max>
1	54

[block]
# block no. 0 follows, 61 sequences, length 9
# corresponding to MSA columns:
# 111-119
name=unknown_A
#
# <colnr> <probs for GDERKNQSTAVLIFYWHMCP>
#	G	D	E	R	K	N	Q	S	T	A	V	L	I	F	Y	W	H	M	C	P
0	0.05559	0.00879	0.01031	0.15142	0.03988	0.09797	0.03677	0.05993	0.04578	0.04532	0.04758	0.05924	0.04160	0.10283	0.04299	0.00192	0.07346	0.00479	0.00285	0.07099
1	0.05383	0.00889	0.01083	0.10193	0.09101	0.09400	0.06260	0.09752	0.02654	0.01369	0.01327	0.16182	0.05449	0.06442	0.02621	0.01748	0.03724	0.00564	0.00291	0.05567
2	0.03655	0.00818	0.01004	0.09489	0.04405	0.06259	0.03253	0.07248	0.03814	0.11621	0.04635	0.12374	0.04445	0.03790	0.04760	0.00173	0.06344	0.00531	0.00327	0.11057
3	0.05634	0.00792	0.02274	0.07515	0.05894	0.02996	0.02180	0.10451	0.02616	0.11742	0.02917	0.08898	0.10976	0.05474	0.00564	0.00150	0.02950	0.03167	0.02008	0.10802
4	0.03655	0.04202	0.00981	0.03563	0.07306	0.04287	0.03847	0.05901	0.02757	0.06093	0.08461	0.12404	0.06232	0.10621	0.02493	0.00176	0.03378	0.00567	0.01834	0.11243
5	0.00925	0.00832	0.01088	0.17046	0.04466	0.08247	0.06450	0.05224	0.00981	0.03830	0.08614	0.16606	0.01398	0.02295	0.03097	0.00164	0.09067	0.00573	0.03035	0.06062
6	0.04973	0.00841	0.03658	0.12087	0.11586	0.04534	0.06744	0.03866	0.05166	0.03157	0.10108	0.12411	0.06824	0.04753	0.00574	0.00154	0.03611	0.00579	0.00307	0.04069
7	0.04072	0.00823	0.03687	0.10345	0.06607	0.00806	0.10509	0.10994	0.06284	0.05121	0.03456	0.07258	0.11600	0.03764	0.04677	0.00176	0.00467	0.01898	0.02956	0.04500
8	0.07154	0.00825	0.01085	0.06233	0.01234	0.02387	0.10197	0.14101	0.06706	0.14947	0.01292	0.08614	0.01114	0.11863	0.00667	0.00172	0.00434	0.01885	0.02657	0.06433

[dist]
# distance from previous block
# <min> <max>
0	1

[block]
# block no. 1 follows, 61 sequences, length 18
# corresponding to MSA columns:
# 121-138
name=unknown_B
#
# <colnr> <probs for GDERKNQSTAVLIFYWHMCP>
#	G	D	E	R	K	N	Q	S	T	A	V	L	I	F	Y	W	H	M	C	P
0	0.03939	0.00812	0.01252	0.55355	0.08779	0.00939	0.01061	0.07756	0.01017	0.11465	0.02928	0.01209	0.00741	0.00457	0.00427	0.00139	0.00518	0.00394	0.00265	0.00545
1	0.08559	0.01000	0.01019	0.05778	0.01221	0.06615	0.00708	0.20888	0.34929	0.03873	0.01348	0.05408	0.01077	0.04001	0.00507	0.00151	0.01458	0.00460	0.00383	0.00617
2	0.00762	0.00597	0.00733	0.00709	0.04059	0.03667	0.00515	0.04395	0.01139	0.03341	0.51269	0.03900	0.05716	0.01023	0.07843	0.01535	0.03319	0.00659	0.00404	0.04416
3	0.00876	0.00795	0.01275	0.04608	0.48435	0.00786	0.00975	0.01100	0.01024	0.01422	0.17325	0.02100	0.11746	0.00619	0.00463	0.00136	0.00409	0.05041	0.00298	0.00564
4	0.01068	0.00917	0.00987	0.00883	0.01114	0.01069	0.00691	0.04960	0.72245	0.01773	0.01658	0.01565	0.01256	0.00696	0.03830	0.00169	0.03558	0.00478	0.00420	0.00664
5	0.01329	0.08950	0.01241	0.00877	0.01183	0.01147	0.00724	0.48817	0.01553	0.02107	0.01063	0.09306	0.00904	0.00564	0.00452	0.00122	0.04042	0.00434	0.00365	0.14819
6	0.01243	0.05010	0.01156	0.03119	0.04779	0.16357	0.00761	0.15617	0.38401	0.01718	0.01360	0.01335	0.03548	0.00532	0.00418	0.00131	0.00459	0.00418	0.00362	0.03274
7	0.00630	0.00487	0.00566	0.00550	0.00666	0.00465	0.00409	0.00880	0.09073	0.01428	0.35492	0.05140	0.26988	0.10255	0.00694	0.00175	0.00257	0.05023	0.00419	0.00403
8	0.01152	0.85121	0.02257	0.00737	0.01106	0.01704	0.00737	0.01290	0.00875	0.01013	0.00599	0.00691	0.00553	0.00369	0.00276	0.00092	0.00461	0.00230	0.00184	0.00553
9	0.00748	0.00374	0.00561	0.00561	0.00561	0.00374	0.00374	0.00561	0.00561	0.00748	0.00748	0.01309	0.00748	0.01496	0.01684	0.87467	0.00374	0.00374	0.00187	0.00187
10	0.01109	0.03207	0.04046	0.02150	0.58737	0.12908	0.01168	0.01364	0.02648	0.01375	0.06444	0.01171	0.00904	0.00432	0.00423	0.00126	0.00528	0.00392	0.00236	0.00632
11	0.00893	0.00766	0.00893	0.00638	0.01021	0.00574	0.00510	0.01085	0.00893	0.01404	0.00766	0.00893	0.00638	0.00319	0.00319	0.00064	0.00319	0.00255	0.00255	0.87495
12	0.00575	0.00448	0.00527	0.00559	0.00673	0.00405	0.00440	0.00712	0.00984	0.01238	0.11160	0.10218	0.43728	0.03910	0.00592	0.00170	0.00275	0.22609	0.00402	0.00373
13	0.01027	0.00971	0.01583	0.05020	0.65665	0.00998	0.01199	0.01363	0.08667	0.01411	0.01007	0.04172	0.02126	0.00459	0.00456	0.00134	0.02413	0.00432	0.00243	0.00654
14	0.06639	0.01049	0.01113	0.00909	0.01209	0.01173	0.00734	0.41177	0.32780	0.06622	0.01324	0.01260	0.00961	0.00537	0.00424	0.00136	0.00408	0.00420	0.00429	0.00697
15	0.04240	0.01052	0.05243	0.01227	0.14919	0.04780	0.04352	0.16517	0.21944	0.01775	0.12402	0.01462	0.01298	0.00559	0.00505	0.00139	0.06164	0.00458	0.00348	0.00616
16	0.01044	0.05414	0.06123	0.07971	0.41699	0.05463	0.02884	0.03030	0.04217	0.01374	0.03145	0.01090	0.00765	0.00431	0.00466	0.00125	0.05216	0.00372	0.00233	0.08937
17	0.14740	0.01242	0.04551	0.02663	0.03743	0.17409	0.11744	0.10282	0.24498	0.01660	0.01120	0.01172	0.02335	0.00484	0.00410	0.00134	0.00513	0.00394	0.00315	0.00592

[dist]
# distance from previous block
# <min> <max>
1	13

[block]
# block no. 2 follows, 61 sequences, length 51
# corresponding to MSA columns:
# 157-207
name=unknown_C
#
# <colnr> <probs for GDERKNQSTAVLIFYWHMCP>
#	G	D	E	R	K	N	Q	S	T	A	V	L	I	F	Y	W	H	M	C	P
0	0.03980	0.06443	0.08533	0.09685	0.35186	0.07095	0.01086	0.06549	0.01075	0.14903	0.00934	0.01068	0.00703	0.00428	0.00409	0.00128	0.00513	0.00364	0.00276	0.00642
1	0.17328	0.00907	0.01051	0.04800	0.06650	0.03618	0.02114	0.16776	0.07375	0.12323	0.01136	0.01376	0.02233	0.00624	0.01782	0.03602	0.06076	0.05336	0.00338	0.04556
2	0.13672	0.00973	0.01141	0.03440	0.13782	0.03964	0.02688	0.19692	0.05066	0.01758	0.00875	0.01035	0.00701	0.03268	0.00449	0.00123	0.01621	0.00339	0.00295	0.25118
3	0.02233	0.00564	0.00723	0.00829	0.11517	0.00558	0.00510	0.00917	0.08491	0.01213	0.10548	0.06864	0.17491	0.22061	0.02285	0.08055	0.00355	0.01955	0.00324	0.02508
4	0.25043	0.00739	0.00749	0.00666	0.00871	0.00796	0.00515	0.12729	0.12426	0.07384	0.06935	0.10632	0.09382	0.08616	0.00578	0.00167	0.00336	0.00552	0.00374	0.00508
5	0.00883	0.00835	0.01417	0.63800	0.19316	0.00980	0.03149	0.02337	0.00907	0.01195	0.00781	0.01130	0.00601	0.00421	0.00432	0.00140	0.00563	0.00386	0.00200	0.00527
6	0.09423	0.00848	0.01238	0.20183	0.31457	0.03252	0.00982	0.03811	0.00928	0.02736	0.00981	0.02796	0.00879	0.05440	0.07947	0.00204	0.00553	0.05559	0.00246	0.00538
7	0.00602	0.00447	0.00502	0.00487	0.00591	0.00404	0.00345	0.00730	0.02192	0.02923	0.24920	0.03485	0.38786	0.20665	0.00901	0.00206	0.00266	0.00791	0.00391	0.00364
8	0.00675	0.00443	0.00532	0.00519	0.00598	0.00411	0.00354	0.00771	0.00917	0.06598	0.24200	0.12847	0.16812	0.31147	0.01114	0.00243	0.00299	0.00778	0.00379	0.00361
9	0.00562	0.00381	0.00501	0.00576	0.00595	0.00362	0.00376	0.00600	0.00769	0.01025	0.02059	0.63978	0.02446	0.13894	0.00910	0.08948	0.00288	0.01050	0.00358	0.00320
10	0.56788	0.00815	0.00723	0.00638	0.00888	0.00916	0.00519	0.09784	0.06472	0.03984	0.05531	0.02984	0.04923	0.00534	0.00342	0.00137	0.00337	0.02853	0.00328	0.00504
11	0.00524	0.00378	0.00497	0.00592	0.00623	0.00351	0.00396	0.00601	0.00832	0.01103	0.02468	0.80784	0.06585	0.01337	0.00548	0.00174	0.00248	0.01210	0.00400	0.00351
12	0.00638	0.00456	0.00630	0.00729	0.00804	0.00447	0.00596	0.00795	0.00936	0.01226	0.02312	0.31351	0.02602	0.01243	0.00580	0.00191	0.00348	0.53339	0.00398	0.00381
13	0.00601	0.00424	0.00452	0.00458	0.00560	0.00390	0.00328	0.00715	0.00884	0.01200	0.02933	0.07450	0.42258	0.14034	0.05685	0.00212	0.00303	0.00740	0.20018	0.00357
14	0.04262	0.00650	0.00868	0.00720	0.00977	0.00575	0.00572	0.01713	0.01119	0.60432	0.01827	0.21403	0.01476	0.00725	0.00456	0.00143	0.00337	0.00617	0.00493	0.00633
15	0.00759	0.00555	0.00722	0.00781	0.00907	0.00568	0.00667	0.01090	0.11880	0.03019	0.03542	0.04285	0.06692	0.01084	0.00564	0.00186	0.00376	0.61477	0.00406	0.00440
16	0.00893	0.00766	0.00893	0.00638	0.01021	0.00574	0.00510	0.01085	0.00893	0.01404	0.00766	0.00893	0.00638	0.00319	0.00319	0.00064	0.00319	0.00255	0.00255	0.87495
17	0.00607	0.00441	0.00539	0.00527	0.00640	0.00395	0.00393	0.00767	0.01100	0.03663	0.46185	0.12596	0.27148	0.00992	0.00513	0.00144	0.00221	0.02289	0.00444	0.00396
18	0.00580	0.00457	0.00518	0.00496	0.00627	0.00406	0.00373	0.02631	0.01110	0.01446	0.37965	0.03668	0.46209	0.00986	0.00507	0.00141	0.00218	0.00840	0.00433	0.00391
19	0.01569	0.01097	0.01198	0.00943	0.01267	0.01201	0.00771	0.56642	0.16624	0.12254	0.01248	0.01193	0.00881	0.00532	0.00433	0.00133	0.00436	0.00412	0.00445	0.00723
20	0.00608	0.00410	0.00475	0.00493	0.00498	0.00405	0.00286	0.00622	0.00662	0.00883	0.01540	0.17507	0.01797	0.69859	0.01897	0.00374	0.00387	0.00734	0.00286	0.00277
21	0.13379	0.00562	0.00737	0.08997	0.02495	0.00626	0.00575	0.00938	0.00779	0.05183	0.03840	0.01821	0.03201	0.09565	0.36541	0.03426	0.00721	0.04144	0.02057	0.00411
22	0.00525	0.00375	0.00500	0.00600	0.00625	0.00350	0.00400	0.00600	0.00825	0.01100	0.02374	0.84580	0.02849	0.01350	0.00550	0.00175	0.00250	0.01225	0.00400	0.00350
23	0.79299	0.00823	0.00670	0.00586	0.00860	0.00933	0.00483	0.01350	0.00783	0.09994	0.00710	0.00776	0.00527	0.00413	0.00283	0.00133	0.00337	0.00253	0.00293	0.00493
24	0.00954	0.00716	0.00757	0.00700	0.00874	0.02731	0.00549	0.09744	0.27873	0.01652	0.01690	0.02028	0.05615	0.03888	0.05885	0.00181	0.00380	0.08105	0.25155	0.00523
25	0.00748	0.00374	0.00561	0.00561	0.00561	0.00374	0.00374	0.00561	0.00561	0.00748	0.00748	0.01309	0.00748	0.01496	0.01684	0.87467	0.00374	0.00374	0.00187	0.00187
26	0.01017	0.01162	0.02542	0.01816	0.02251	0.01089	0.80610	0.01380	0.01017	0.01380	0.00871	0.01162	0.00654	0.00363	0.00508	0.00145	0.00726	0.00508	0.00218	0.00581
27	0.00585	0.00423	0.00566	0.00607	0.00670	0.00412	0.00438	0.00734	0.02583	0.01300	0.26734	0.42700	0.02930	0.01407	0.10369	0.01615	0.00354	0.04795	0.00400	0.00378
28	0.00927	0.00982	0.05959	0.40030	0.28220	0.01012	0.10625	0.01216	0.00912	0.01244	0.00784	0.01102	0.00616	0.00420	0.00480	0.00140	0.04171	0.00394	0.00201	0.00564
29	0.00813	0.00766	0.01292	0.83826	0.02967	0.00957	0.01196	0.01101	0.00861	0.01101	0.00766	0.01148	0.00574	0.00431	0.00431	0.00144	0.00574	0.00383	0.00191	0.00479
30	0.00525	0.00375	0.00500	0.00600	0.00625	0.00350	0.00400	0.00600	0.00825	0.01100	0.02374	0.84580	0.02849	0.01350	0.00550	0.00175	0.00250	0.01225	0.00400	0.00350
31	0.02548	0.02555	0.06635	0.04605	0.46485	0.08673	0.12512	0.06028	0.01062	0.03576	0.00832	0.01043	0.00662	0.00401	0.00429	0.00130	0.00567	0.00384	0.00234	0.00641
32	0.00748	0.00374	0.00561	0.00561	0.00561	0.00374	0.00374	0.00561	0.00561	0.00748	0.00748	0.01309	0.00748	0.01496	0.01684	0.87467	0.00374	0.00374	0.00187	0.00187
33	0.01066	0.01023	0.01748	0.02644	0.82174	0.01023	0.01322	0.01322	0.00981	0.01407	0.00810	0.01066	0.00682	0.00384	0.00426	0.00128	0.00512	0.00384	0.00213	0.00682
34	0.01173	0.01174	0.01006	0.03782	0.01185	0.24022	0.00707	0.01904	0.44784	0.03089	0.11193	0.01552	0.01406	0.00575	0.00432	0.00135	0.00455	0.00459	0.00375	0.00591
35	0.01233	0.15400	0.10613	0.03650	0.21305	0.21059	0.11173	0.05851	0.01080	0.03589	0.00780	0.00940	0.00622	0.00409	0.00401	0.00122	0.00604	0.00343	0.00228	0.00597
36	0.00527	0.00377	0.00502	0.00598	0.00625	0.00352	0.00400	0.00606	0.00837	0.01119	0.04843	0.82056	0.02887	0.01335	0.00549	0.00174	0.00248	0.01211	0.00402	0.00352
37	0.00525	0.00436	0.00460	0.00456	0.00592	0.00370	0.00341	0.00649	0.01017	0.01252	0.16636	0.05374	0.68284	0.01062	0.00510	0.00144	0.00216	0.00894	0.00412	0.00370
38	0.01776	0.00788	0.01008	0.00788	0.01108	0.00735	0.00646	0.09939	0.08675	0.64326	0.01728	0.01526	0.03788	0.00555	0.00436	0.00134	0.00370	0.00450	0.00510	0.00716
39	0.01116	0.09601	0.15399	0.10002	0.17754	0.01094	0.03542	0.15064	0.11620	0.04589	0.03091	0.03382	0.00883	0.00484	0.00419	0.00132	0.00492	0.00410	0.00293	0.00631
40	0.03069	0.00554	0.00564	0.00509	0.00657	0.00580	0.00396	0.15047	0.01097	0.01809	0.01320	0.01483	0.01023	0.00502	0.00323	0.00106	0.00252	0.00395	0.69851	0.00461
41	0.00864	0.02228	0.82630	0.01228	0.01864	0.01000	0.01592	0.01364	0.00909	0.01364	0.00773	0.00909	0.00546	0.00409	0.00409	0.00136	0.00637	0.00318	0.00182	0.00637
42	0.01218	0.43851	0.09877	0.00904	0.01240	0.17211	0.00850	0.05670	0.09093	0.01227	0.00767	0.00852	0.00639	0.00435	0.00391	0.00112	0.04574	0.00289	0.00230	0.00569
43	0.01025	0.00910	0.01318	0.47086	0.16471	0.07543	0.02496	0.03718	0.00978	0.07789	0.00948	0.06123	0.00774	0.00488	0.00435	0.00139	0.00543	0.00431	0.00246	0.00539
44	0.00525	0.00375	0.00500	0.00600	0.00625	0.00350	0.00400	0.00600	0.00825	0.01100	0.02374	0.84580	0.02849	0.01350	0.00550	0.00175	0.00250	0.01225	0.00400	0.00350
45	0.01248	0.00968	0.09119	0.00852	0.01151	0.00891	0.00738	0.04888	0.41258	0.23042	0.03307	0.01726	0.06238	0.00599	0.00442	0.00142	0.00373	0.01920	0.00435	0.00663
46	0.00862	0.00687	0.04911	0.00855	0.01036	0.00659	0.09562	0.05191	0.00874	0.09893	0.01242	0.07065	0.01115	0.04400	0.49036	0.00473	0.00881	0.00508	0.00282	0.00469
47	0.00975	0.12425	0.09337	0.02471	0.11910	0.02419	0.00780	0.02694	0.00931	0.01360	0.00753	0.00895	0.00622	0.00351	0.00342	0.00087	0.00411	0.00280	0.00234	0.50721
48	0.01006	0.00761	0.00896	0.00662	0.01012	0.00612	0.00530	0.06276	0.01023	0.08784	0.07139	0.01187	0.02325	0.00407	0.00354	0.00081	0.00323	0.00331	0.00311	0.65980
49	0.00717	0.00527	0.00593	0.00567	0.00714	0.00497	0.00431	0.07670	0.04486	0.04623	0.15288	0.15428	0.40109	0.00994	0.00500	0.00147	0.00259	0.03497	0.02521	0.00430
50	0.00993	0.06794	0.12442	0.00980	0.10380	0.03653	0.00788	0.02496	0.00944	0.03731	0.00788	0.00916	0.00635	0.00356	0.00348	0.00088	0.00414	0.00285	0.00245	0.52722

[dist]
# distance from previous block
# <min> <max>
3	33

[block]
# block no. 3 follows, 61 sequences, length 6
# corresponding to MSA columns:
# 243-248
name=unknown_D
#
# <colnr> <probs for GDERKNQSTAVLIFYWHMCP>
#	G	D	E	R	K	N	Q	S	T	A	V	L	I	F	Y	W	H	M	C	P
0	0.01222	0.13543	0.06023	0.04295	0.07214	0.24505	0.00890	0.09958	0.06701	0.01347	0.04006	0.01044	0.00793	0.00597	0.03171	0.00148	0.13381	0.00352	0.00255	0.00554
1	0.00591	0.00416	0.00485	0.00498	0.00536	0.00397	0.00314	0.00646	0.00790	0.01048	0.13011	0.17201	0.12982	0.47571	0.01450	0.00300	0.00332	0.00789	0.00333	0.00310
2	0.03344	0.27212	0.06950	0.03749	0.05778	0.11728	0.02947	0.03253	0.19487	0.01355	0.00982	0.01126	0.00805	0.00459	0.00372	0.00118	0.00484	0.02742	0.00269	0.06840
3	0.00926	0.00876	0.06754	0.00963	0.08996	0.00669	0.06634	0.01151	0.00935	0.05213	0.05000	0.04858	0.00944	0.00520	0.03222	0.00115	0.00412	0.00376	0.00273	0.51165
4	0.01158	0.25628	0.28030	0.01050	0.03933	0.07993	0.04095	0.09292	0.03096	0.06569	0.04655	0.01024	0.00794	0.00443	0.00383	0.00121	0.00536	0.00339	0.00256	0.00606
5	0.00903	0.26147	0.04792	0.00737	0.00974	0.00906	0.02890	0.04627	0.01048	0.04948	0.17449	0.05670	0.10508	0.00760	0.00446	0.00137	0.00375	0.15857	0.00341	0.00486

[dist]
# distance from previous block
# <min> <max>
1	2

[block]
# block no. 4 follows, 61 sequences, length 41
# corresponding to MSA columns:
# 253-293
name=unknown_E
#
# <colnr> <probs for GDERKNQSTAVLIFYWHMCP>
#	G	D	E	R	K	N	Q	S	T	A	V	L	I	F	Y	W	H	M	C	P
0	0.00953	0.13048	0.42703	0.01147	0.08772	0.01005	0.01175	0.01323	0.03005	0.03532	0.01917	0.02231	0.00691	0.00419	0.00396	0.00119	0.01680	0.00330	0.00221	0.15332
1	0.01250	0.39777	0.11278	0.00976	0.01316	0.29407	0.04750	0.01430	0.01000	0.01089	0.00697	0.02775	0.00613	0.00427	0.00363	0.00110	0.01702	0.00296	0.00204	0.00540
2	0.00744	0.00528	0.00634	0.00620	0.00634	0.04484	0.00420	0.00694	0.00654	0.00860	0.01102	0.10163	0.01214	0.29625	0.02832	0.34942	0.08796	0.00542	0.00236	0.00275
3	0.00853	0.01921	0.64645	0.01232	0.01793	0.00952	0.11102	0.01300	0.00930	0.01350	0.01077	0.01288	0.06144	0.00475	0.00434	0.00140	0.00611	0.02942	0.00208	0.00604
4	0.00617	0.00456	0.00664	0.00664	0.00731	0.00523	0.00503	0.00751	0.00684	0.00979	0.01180	0.01837	0.01140	0.13733	0.72739	0.00657	0.01059	0.00483	0.00235	0.00369
5	0.00848	0.00773	0.01299	0.79421	0.05286	0.00951	0.01187	0.01131	0.00874	0.03052	0.00789	0.01154	0.00589	0.00432	0.00431	0.00143	0.00567	0.00384	0.00200	0.00491
6	0.00919	0.00871	0.01452	0.31832	0.45302	0.00933	0.01177	0.01171	0.00938	0.01272	0.01150	0.01405	0.08794	0.00472	0.00436	0.00135	0.00505	0.00436	0.00224	0.00577
7	0.00620	0.00433	0.00543	0.00531	0.00604	0.00415	0.00377	0.00760	0.01001	0.01406	0.46353	0.05695	0.05390	0.22980	0.04396	0.00235	0.00308	0.03515	0.04074	0.00364
8	0.00898	0.00940	0.09246	0.04474	0.23474	0.03261	0.00880	0.06637	0.10260	0.01420	0.03960	0.14953	0.10368	0.00870	0.06249	0.00180	0.00473	0.00597	0.00310	0.00550
9	0.00594	0.00432	0.00524	0.00541	0.00633	0.00402	0.00393	0.00769	0.03472	0.01404	0.31446	0.28264	0.19390	0.01034	0.00504	0.00148	0.00228	0.02176	0.07259	0.00388
10	0.01010	0.00979	0.04961	0.05491	0.40403	0.00977	0.01030	0.02746	0.26031	0.01566	0.09236	0.01446	0.01208	0.00501	0.00438	0.00135	0.00436	0.00453	0.00310	0.00644
11	0.87904	0.00833	0.00633	0.00566	0.00833	0.00966	0.00467	0.01266	0.00733	0.01933	0.00600	0.00700	0.00467	0.00400	0.00267	0.00133	0.00333	0.00233	0.00267	0.00467
12	0.00949	0.01242	0.20422	0.11856	0.13493	0.01129	0.06126	0.01204	0.00824	0.02729	0.00715	0.01002	0.00594	0.00550	0.00836	0.00158	0.35044	0.00374	0.00199	0.00553
13	0.00638	0.00417	0.00499	0.00499	0.00507	0.00424	0.00298	0.00633	0.00626	0.00842	0.01277	0.02564	0.01439	0.68999	0.09587	0.09168	0.00481	0.00586	0.00251	0.00265
14	0.00975	0.48481	0.01764	0.02499	0.08037	0.01243	0.06080	0.01137	0.00915	0.01150	0.07398	0.14630	0.01261	0.00587	0.00377	0.00119	0.00429	0.02150	0.00251	0.00517
15	0.00840	0.00801	0.01017	0.00923	0.00976	0.07183	0.00744	0.00963	0.00718	0.01021	0.00849	0.01282	0.00805	0.01893	0.39718	0.00419	0.38794	0.00409	0.00211	0.00433
16	0.01261	0.32172	0.20594	0.00979	0.01401	0.02747	0.03308	0.29560	0.01302	0.01711	0.00803	0.00879	0.00618	0.00432	0.00371	0.00118	0.00519	0.00316	0.00273	0.00636
17	0.00971	0.01393	0.23378	0.21457	0.08567	0.07300	0.22506	0.01306	0.00939	0.01262	0.00778	0.01039	0.00594	0.00426	0.00508	0.00141	0.06276	0.00391	0.00200	0.00566
18	0.00864	0.02228	0.82630	0.01228	0.01864	0.01000	0.01592	0.01364	0.00909	0.01364	0.00773	0.00909	0.00546	0.00409	0.00409	0.00136	0.00637	0.00318	0.00182	0.00637
19	0.00595	0.00442	0.00570	0.02059	0.00741	0.00420	0.00492	0.00729	0.00934	0.01211	0.08544	0.29244	0.19361	0.05228	0.00631	0.00185	0.00303	0.27546	0.00394	0.00371
20	0.00620	0.00416	0.00477	0.00482	0.00485	0.00416	0.00275	0.00628	0.00639	0.00854	0.01411	0.07487	0.01629	0.78220	0.03930	0.00410	0.00425	0.00657	0.00268	0.00269
21	0.00587	0.00423	0.00555	0.00557	0.00639	0.00391	0.00405	0.00756	0.01114	0.01559	0.60630	0.25014	0.03739	0.01006	0.00519	0.00146	0.00216	0.00898	0.00454	0.00391
22	0.87904	0.00833	0.00633	0.00566	0.00833	0.00966	0.00467	0.01266	0.00733	0.01933	0.00600	0.00700	0.00467	0.00400	0.00267	0.00133	0.00333	0.00233	0.00267	0.00467
23	0.00893	0.00766	0.00893	0.00638	0.01021	0.00574	0.00510	0.01085	0.00893	0.01404	0.00766	0.00893	0.00638	0.00319	0.00319	0.00064	0.00319	0.00255	0.00255	0.87495
24	0.01070	0.00958	0.01503	0.67546	0.16464	0.01081	0.01289	0.01288	0.01018	0.01357	0.00984	0.01417	0.00794	0.00562	0.00520	0.00179	0.00630	0.00451	0.00268	0.00623
25	0.00681	0.00506	0.00642	0.00666	0.03279	0.00487	0.00479	0.04085	0.04982	0.02644	0.37239	0.22364	0.12402	0.00990	0.00514	0.00151	0.00260	0.06771	0.00431	0.00427
26	0.00938	0.00902	0.01470	0.38907	0.36352	0.02281	0.01204	0.01187	0.00899	0.01224	0.00801	0.02933	0.00669	0.00460	0.00518	0.00141	0.07946	0.00400	0.00205	0.00562
27	0.03834	0.24928	0.04098	0.00984	0.02346	0.47754	0.00805	0.01496	0.01059	0.01081	0.00710	0.00910	0.00627	0.02345	0.02723	0.00133	0.01619	0.01821	0.00215	0.00510
28	0.61527	0.08671	0.06702	0.00798	0.03675	0.01062	0.06057	0.04665	0.00841	0.01788	0.00656	0.00771	0.00511	0.00400	0.00306	0.00130	0.00404	0.00269	0.00255	0.00512
29	0.00865	0.01169	0.22337	0.04129	0.06760	0.00840	0.20092	0.01234	0.05997	0.03399	0.10746	0.01920	0.12197	0.01938	0.00510	0.00147	0.01597	0.03287	0.00290	0.00546
30	0.01018	0.00919	0.01480	0.03931	0.59139	0.00925	0.01112	0.05091	0.03482	0.02606	0.04345	0.10626	0.01090	0.00528	0.00443	0.00134	0.00459	0.00497	0.00267	0.01909
31	0.87904	0.00833	0.00633	0.00566	0.00833	0.00966	0.00467	0.01266	0.00733	0.01933	0.00600	0.00700	0.00467	0.00400	0.00267	0.00133	0.00333	0.00233	0.00267	0.00467
32	0.00616	0.00459	0.00682	0.00682	0.00755	0.00533	0.00525	0.00762	0.00689	0.00992	0.01164	0.01747	0.01101	0.07177	0.79241	0.00679	0.01118	0.00469	0.00232	0.00379
33	0.00671	0.00543	0.00719	0.03736	0.06087	0.01860	0.02143	0.02570	0.05715	0.01251	0.07153	0.46737	0.09867	0.02508	0.01630	0.00173	0.00324	0.05518	0.00377	0.00418
34	0.00547	0.00392	0.00519	0.00585	0.00630	0.00365	0.00402	0.00655	0.00927	0.01262	0.22982	0.63509	0.03164	0.01228	0.00539	0.00165	0.00238	0.01109	0.00419	0.00365
35	0.00592	0.00430	0.00506	0.00502	0.00564	0.00415	0.00336	0.00673	0.00829	0.01097	0.16542	0.04630	0.21125	0.39181	0.10467	0.00328	0.00410	0.00714	0.00332	0.00327
36	0.01013	0.00811	0.00849	0.00773	0.00985	0.00926	0.00599	0.02009	0.63865	0.01759	0.01677	0.01607	0.01269	0.00566	0.00408	0.00136	0.00310	0.00468	0.19347	0.00621
37	0.00893	0.00766	0.00893	0.00638	0.01021	0.00574	0.00510	0.01085	0.00893	0.01404	0.00766	0.00893	0.00638	0.00319	0.00319	0.00064	0.00319	0.00255	0.00255	0.87495
38	0.00619	0.00415	0.00477	0.00489	0.00493	0.00413	0.00283	0.00630	0.00652	0.00869	0.01470	0.10326	0.01703	0.75458	0.02009	0.00391	0.00402	0.02354	0.00277	0.00272
39	0.00595	0.00544	0.04508	0.00569	0.01990	0.00440	0.00449	0.00792	0.02712	0.01460	0.41185	0.03445	0.37863	0.00936	0.00501	0.00140	0.00238	0.00801	0.00423	0.00409
40	0.00776	0.00724	0.01240	0.62897	0.02493	0.00857	0.06794	0.01031	0.00866	0.01121	0.01063	0.16186	0.00990	0.00591	0.00458	0.00149	0.00527	0.00544	0.00231	0.00463

[dist]
# distance from previous block
# <min> <max>
0	12

[block]
# block no. 5 follows, 61 sequences, length 25
# corresponding to MSA columns:
# 337-361
name=unknown_F
#
# <colnr> <probs for GDERKNQSTAVLIFYWHMCP>
#	G	D	E	R	K	N	Q	S	T	A	V	L	I	F	Y	W	H	M	C	P
0	0.01329	0.03130	0.11451	0.01496	0.25133	0.02351	0.03692	0.33486	0.02574	0.07167	0.00980	0.01074	0.00726	0.00457	0.00422	0.00129	0.00501	0.00382	0.02838	0.00683
1	0.01261	0.48973	0.01776	0.00849	0.01149	0.19513	0.00751	0.10078	0.01057	0.01205	0.00706	0.00857	0.00624	0.02763	0.04270	0.00140	0.02976	0.00283	0.00224	0.00543
2	0.40134	0.11666	0.01008	0.03123	0.01052	0.01113	0.00613	0.04947	0.29180	0.01778	0.01028	0.01045	0.00790	0.00467	0.00340	0.00133	0.00365	0.00333	0.00321	0.00565
3	0.81060	0.00843	0.00673	0.00591	0.00863	0.00966	0.00487	0.04256	0.00802	0.05369	0.00662	0.00745	0.00502	0.00410	0.00280	0.00133	0.00340	0.00247	0.00284	0.00488
4	0.15187	0.09613	0.34128	0.04745	0.13215	0.01046	0.08108	0.01321	0.00899	0.02553	0.00754	0.00916	0.00576	0.00394	0.00381	0.00128	0.00537	0.00323	0.00213	0.04965
5	0.00969	0.11854	0.04305	0.19769	0.30341	0.00991	0.01020	0.01236	0.03201	0.01293	0.00845	0.01057	0.01936	0.00396	0.00386	0.00114	0.00472	0.00345	0.00222	0.19249
6	0.00539	0.00423	0.00486	0.00506	0.00609	0.00372	0.00367	0.00658	0.00985	0.01257	0.19262	0.23774	0.43919	0.02539	0.00549	0.00156	0.00230	0.02587	0.00412	0.00368
7	0.00539	0.00387	0.00502	0.00588	0.00622	0.00362	0.00398	0.00615	0.00827	0.01092	0.02416	0.70018	0.07622	0.07635	0.00673	0.00192	0.00267	0.04509	0.00389	0.00346
8	0.00545	0.00438	0.00486	0.00474	0.00604	0.00379	0.00355	0.00687	0.01066	0.01362	0.31728	0.03818	0.54511	0.01017	0.00509	0.00142	0.00213	0.00863	0.00426	0.00379
9	0.01038	0.10439	0.73025	0.01267	0.01877	0.01146	0.01548	0.01454	0.00998	0.01464	0.00901	0.01087	0.00685	0.00501	0.00458	0.00158	0.00663	0.00358	0.00233	0.00700
10	0.00813	0.00766	0.01292	0.83826	0.02967	0.00957	0.01196	0.01101	0.00861	0.01101	0.00766	0.01148	0.00574	0.00431	0.00431	0.00144	0.00574	0.00383	0.00191	0.00479
11	0.87904	0.00833	0.00633	0.00566	0.00833	0.00966	0.00467	0.01266	0.00733	0.01933	0.00600	0.00700	0.00467	0.00400	0.00267	0.00133	0.00333	0.00233	0.00267	0.00467
12	0.00736	0.00378	0.00552	0.00552	0.00552	0.00378	0.00363	0.00567	0.00567	0.00757	0.00807	0.01456	0.00828	0.09585	0.01733	0.79021	0.00378	0.00399	0.00194	0.00194
13	0.00530	0.00437	0.00465	0.00458	0.00595	0.00373	0.00344	0.00659	0.01031	0.01281	0.20548	0.03952	0.65742	0.01047	0.00509	0.00143	0.00215	0.00882	0.00415	0.00373
14	0.01461	0.01048	0.01247	0.05809	0.03656	0.02629	0.03050	0.43544	0.07058	0.14041	0.01159	0.04242	0.00870	0.00560	0.00520	0.00139	0.07471	0.00432	0.00395	0.00668
15	0.01047	0.23266	0.40356	0.01351	0.17384	0.01173	0.01255	0.02738	0.00951	0.05559	0.00788	0.00915	0.00605	0.00402	0.00380	0.00123	0.00550	0.00316	0.00211	0.00631
16	0.02827	0.35646	0.32069	0.03480	0.06289	0.04706	0.03063	0.02546	0.00928	0.02502	0.00714	0.00844	0.00570	0.00401	0.00372	0.00118	0.01842	0.00293	0.00199	0.00591
17	0.01168	0.01235	0.01576	0.05763	0.56319	0.19764	0.01182	0.01387	0.01021	0.01300	0.00795	0.01069	0.00678	0.00425	0.00451	0.00128	0.03101	0.01801	0.00217	0.00620
18	0.00593	0.00438	0.00554	0.00528	0.00634	0.00399	0.00395	0.00780	0.01177	0.01632	0.69023	0.05099	0.15305	0.00921	0.00509	0.00138	0.00206	0.00807	0.00462	0.00399
19	0.00865	0.06341	0.00788	0.00643	0.00803	0.08886	0.00494	0.03472	0.01108	0.07871	0.31644	0.17277	0.13526	0.00858	0.00473	0.00136	0.00314	0.00732	0.00402	0.03366
20	0.00890	0.00777	0.00979	0.00738	0.02818	0.00601	0.04471	0.01087	0.00899	0.01392	0.00828	0.03825	0.00717	0.00358	0.00339	0.00073	0.00341	0.00304	0.00258	0.78304
21	0.06299	0.05900	0.22348	0.02217	0.01372	0.06019	0.04333	0.10844	0.16329	0.05713	0.01083	0.01229	0.00837	0.00689	0.06657	0.00174	0.00549	0.02440	0.00300	0.04669
22	0.01136	0.03855	0.06237	0.12143	0.09957	0.07877	0.04368	0.19159	0.17650	0.01684	0.04574	0.07261	0.01084	0.00557	0.00437	0.00136	0.00482	0.00471	0.00327	0.00604
23	0.00813	0.00766	0.01292	0.83826	0.02967	0.00957	0.01196	0.01101	0.00861	0.01101	0.00766	0.01148	0.00574	0.00431	0.00431	0.00144	0.00574	0.00383	0.00191	0.00479
24	0.06041	0.01211	0.02738	0.09741	0.16998	0.17435	0.00922	0.17765	0.13391	0.04824	0.01020	0.01176	0.00795	0.00490	0.00431	0.00132	0.01673	0.02291	0.00310	0.00615

[dist]
# distance from previous block
# <min> <max>
0	5

[block]
# block no. 6 follows, 61 sequences, length 9
# corresponding to MSA columns:
# 367-375
name=unknown_G
#
# <colnr> <probs for GDERKNQSTAVLIFYWHMCP>
#	G	D	E	R	K	N	Q	S	T	A	V	L	I	F	Y	W	H	M	C	P
0	0.00545	0.00389	0.00523	0.00622	0.00656	0.00367	0.00434	0.00634	0.00844	0.01122	0.02363	0.75272	0.02806	0.01331	0.00555	0.00178	0.00267	0.10338	0.00399	0.00355
1	0.01066	0.00988	0.03786	0.15240	0.13066	0.01048	0.14422	0.15855	0.03491	0.03315	0.01006	0.07245	0.00865	0.00561	0.00596	0.00147	0.12703	0.01932	0.00278	0.02390
2	0.01008	0.01004	0.01312	0.05218	0.01243	0.05366	0.00943	0.05575	0.00775	0.01135	0.00607	0.00950	0.00575	0.00709	0.01259	0.00179	0.71079	0.00373	0.00204	0.00488
3	0.00525	0.00375	0.00500	0.00600	0.00625	0.00350	0.00400	0.00600	0.00825	0.01100	0.02374	0.84580	0.02849	0.01350	0.00550	0.00175	0.00250	0.01225	0.00400	0.00350
4	0.01700	0.01107	0.01231	0.00944	0.01286	0.01188	0.00780	0.64161	0.01858	0.19528	0.01174	0.01125	0.00803	0.00520	0.00431	0.00130	0.00451	0.00397	0.00452	0.00733
5	0.00618	0.00426	0.00551	0.03524	0.00719	0.00416	0.00443	0.00757	0.00919	0.01294	0.15865	0.35575	0.06362	0.04775	0.03506	0.00186	0.00300	0.09808	0.13582	0.00375
6	0.00893	0.00766	0.00893	0.00638	0.01021	0.00574	0.00510	0.01085	0.00893	0.01404	0.00766	0.00893	0.00638	0.00319	0.00319	0.00064	0.00319	0.00255	0.00255	0.87495
7	0.01011	0.01259	0.17768	0.04022	0.07459	0.01014	0.31183	0.07690	0.11056	0.01523	0.01059	0.01393	0.00846	0.00471	0.00462	0.00141	0.00578	0.05887	0.00268	0.04913
8	0.68995	0.00914	0.03904	0.00661	0.00934	0.00996	0.00567	0.06161	0.00822	0.01872	0.00639	0.00755	0.00501	0.00428	0.00364	0.00134	0.06151	0.00257	0.00268	0.04679

[dist]
# distance from previous block
# <min> <max>
0	2

[block]
# block no. 7 follows, 61 sequences, length 12
# corresponding to MSA columns:
# 378-389
name=unknown_H
#
# <colnr> <probs for GDERKNQSTAVLIFYWHMCP>
#	G	D	E	R	K	N	Q	S	T	A	V	L	I	F	Y	W	H	M	C	P
0	0.01040	0.05165	0.32553	0.01029	0.01397	0.22979	0.02599	0.01383	0.06439	0.01262	0.03522	0.01437	0.12158	0.00553	0.00468	0.00132	0.04672	0.00417	0.00250	0.00545
1	0.00579	0.00458	0.00524	0.00510	0.00635	0.00414	0.00381	0.00777	0.04775	0.01431	0.37286	0.07579	0.41115	0.00990	0.00507	0.00143	0.00219	0.00850	0.00433	0.00396
2	0.00960	0.05484	0.39247	0.06416	0.16174	0.01053	0.04244	0.01532	0.17850	0.01432	0.00981	0.01098	0.00738	0.00439	0.00417	0.00136	0.00543	0.00372	0.00243	0.00639
3	0.00551	0.00426	0.00503	0.00509	0.00614	0.00377	0.00372	0.00690	0.01042	0.01368	0.33853	0.19715	0.36308	0.01061	0.00517	0.00147	0.00219	0.00921	0.00429	0.00377
4	0.00832	0.01360	0.36782	0.01125	0.09686	0.00831	0.02556	0.01275	0.09822	0.01463	0.15464	0.01807	0.08058	0.00594	0.00461	0.00139	0.01866	0.02647	0.02666	0.00567
5	0.08671	0.00502	0.00554	0.00509	0.00662	0.00491	0.00393	0.01183	0.00975	0.16366	0.09463	0.06693	0.01441	0.00588	0.00358	0.00117	0.00246	0.00480	0.49844	0.00465
6	0.00562	0.00407	0.00515	0.00579	0.00631	0.00382	0.00407	0.00655	0.00867	0.01139	0.07920	0.48099	0.13483	0.12172	0.00761	0.00203	0.00281	0.10203	0.00386	0.00349
7	0.00590	0.00429	0.00537	0.00553	0.00630	0.00400	0.00401	0.00723	0.00994	0.01342	0.34693	0.19457	0.14395	0.13870	0.00783	0.00194	0.00267	0.08967	0.00408	0.00366
8	0.00893	0.00846	0.01435	0.58417	0.27758	0.00978	0.01236	0.01170	0.00899	0.01197	0.00780	0.01123	0.00608	0.00416	0.00429	0.00139	0.00555	0.00383	0.00198	0.00542
9	0.00856	0.00705	0.03147	0.00895	0.11386	0.03712	0.00612	0.01064	0.02352	0.06826	0.31688	0.02273	0.05280	0.06247	0.03715	0.00164	0.00366	0.03399	0.01600	0.13713
10	0.01061	0.00734	0.00874	0.00709	0.01004	0.00647	0.00579	0.08193	0.05951	0.14047	0.01581	0.01991	0.08755	0.00600	0.00417	0.00115	0.00344	0.13238	0.00361	0.38798
11	0.01059	0.00961	0.03585	0.15372	0.25597	0.06293	0.02665	0.01286	0.00965	0.08536	0.00937	0.03335	0.00777	0.00449	0.00430	0.00119	0.02427	0.02525	0.00258	0.22424

[dist]
# distance from previous block
# <min> <max>
0	1

[block]
# block no. 8 follows, 61 sequences, length 9
# corresponding to MSA columns:
# 391-399
name=unknown_I
#
# <colnr> <probs for GDERKNQSTAVLIFYWHMCP>
#	G	D	E	R	K	N	Q	S	T	A	V	L	I	F	Y	W	H	M	C	P
0	0.01062	0.09611	0.10747	0.01307	0.20202	0.05108	0.03862	0.04126	0.05749	0.04481	0.04907	0.01107	0.00852	0.00441	0.00447	0.00116	0.05142	0.00359	0.00261	0.20113
1	0.00880	0.00810	0.01333	0.22786	0.41427	0.00845	0.01061	0.01103	0.00914	0.01264	0.01129	0.18782	0.01112	0.00598	0.00449	0.00139	0.00464	0.00557	0.00249	0.04097
2	0.34044	0.00998	0.00985	0.00791	0.01102	0.01100	0.00649	0.37021	0.06754	0.05734	0.00930	0.00956	0.00680	0.00465	0.00362	0.00128	0.00397	0.00330	0.00363	0.06211
3	0.01237	0.00978	0.01162	0.08499	0.06518	0.06905	0.02386	0.19601	0.13425	0.10918	0.01217	0.01554	0.00993	0.04144	0.03189	0.00174	0.09512	0.06648	0.00347	0.00594
4	0.10024	0.00478	0.00539	0.00573	0.00643	0.00484	0.00400	0.00781	0.04003	0.01159	0.01985	0.30657	0.08599	0.27991	0.01044	0.00247	0.00330	0.09368	0.00342	0.00353
5	0.01003	0.01058	0.02063	0.01525	0.01872	0.01056	0.56033	0.04323	0.09687	0.01457	0.05262	0.03905	0.00969	0.00482	0.00571	0.00149	0.07220	0.00528	0.00266	0.00572
6	0.00666	0.00415	0.00565	0.00592	0.00628	0.00415	0.00422	0.00656	0.00711	0.00941	0.01554	0.10958	0.06779	0.16447	0.09539	0.34216	0.00440	0.13497	0.00275	0.00283
7	0.01070	0.32603	0.26518	0.04570	0.08598	0.01234	0.06188	0.04102	0.00968	0.05862	0.00917	0.01028	0.03733	0.00427	0.00375	0.00120	0.00526	0.00338	0.00225	0.00598
8	0.00985	0.00966	0.01581	0.14106	0.39563	0.01115	0.05347	0.01198	0.00859	0.01238	0.00726	0.01043	0.00626	0.00512	0.00757	0.00151	0.28059	0.00388	0.00202	0.00577

[dist]
# distance from previous block
# <min> <max>
1	2

[block]
# block no. 9 follows, 61 sequences, length 20
# corresponding to MSA columns:
# 403-422
name=unknown_J
#
# <colnr> <probs for GDERKNQSTAVLIFYWHMCP>
#	G	D	E	R	K	N	Q	S	T	A	V	L	I	F	Y	W	H	M	C	P
0	0.00976	0.04912	0.10378	0.09873	0.22763	0.00913	0.07745	0.05166	0.02300	0.01423	0.02559	0.01203	0.00790	0.00423	0.00405	0.00116	0.00481	0.03454	0.00245	0.23876
1	0.32356	0.15251	0.15397	0.00874	0.01221	0.16914	0.02351	0.06720	0.02856	0.01552	0.00704	0.00802	0.00553	0.00416	0.00336	0.00123	0.00510	0.00278	0.00244	0.00542
2	0.03976	0.02796	0.01223	0.00945	0.01267	0.01251	0.00777	0.60756	0.13691	0.05479	0.01169	0.01194	0.00855	0.00535	0.00428	0.00133	0.00444	0.01947	0.00426	0.00707
3	0.00885	0.00866	0.01334	0.70885	0.10813	0.05735	0.01188	0.01159	0.00894	0.01129	0.00764	0.01119	0.00584	0.00427	0.00428	0.00140	0.00580	0.00377	0.00195	0.00500
4	0.00623	0.00511	0.00571	0.00631	0.00691	0.06093	0.00445	0.00730	0.00931	0.01212	0.15300	0.58195	0.05511	0.01192	0.00533	0.00164	0.00286	0.05607	0.00400	0.00373
5	0.00694	0.00397	0.00543	0.00543	0.00550	0.00405	0.00352	0.00604	0.00596	0.00802	0.00994	0.01859	0.01058	0.29959	0.09780	0.49484	0.00465	0.00468	0.00216	0.00231
6	0.00974	0.01082	0.03409	0.09001	0.01866	0.06308	0.42168	0.01241	0.00907	0.01223	0.00817	0.01146	0.00667	0.00767	0.09729	0.00211	0.17301	0.00447	0.00211	0.00524
7	0.00614	0.00467	0.00612	0.00583	0.00678	0.00470	0.00443	0.00784	0.01044	0.01455	0.50029	0.02930	0.13614	0.03735	0.16377	0.00254	0.04407	0.00712	0.00398	0.00396
8	0.00840	0.00614	0.00739	0.00631	0.00841	0.00549	0.00489	0.05337	0.02177	0.07575	0.17990	0.14450	0.14835	0.00769	0.00478	0.00124	0.02954	0.02005	0.00377	0.26224
9	0.01150	0.78938	0.06076	0.00770	0.01148	0.03843	0.00780	0.01305	0.00886	0.01031	0.00609	0.00704	0.00553	0.00372	0.00286	0.00095	0.00478	0.00236	0.00185	0.00555
10	0.00606	0.00435	0.00532	0.00540	0.00637	0.00397	0.00393	0.00735	0.00989	0.03926	0.26426	0.21774	0.27295	0.06396	0.04604	0.00194	0.00288	0.03043	0.00409	0.00381
11	0.02354	0.09673	0.17142	0.00910	0.05479	0.06852	0.00810	0.02910	0.00916	0.01300	0.02380	0.02191	0.00780	0.03111	0.09969	0.01205	0.00540	0.00335	0.00236	0.30905
12	0.01292	0.30452	0.18717	0.05692	0.01381	0.01114	0.02567	0.02800	0.01026	0.25953	0.04330	0.01119	0.00858	0.00454	0.00378	0.00120	0.00471	0.00350	0.00307	0.00619
13	0.00675	0.00487	0.00668	0.00760	0.00860	0.00481	0.00657	0.00862	0.00986	0.01274	0.02444	0.07283	0.08605	0.01187	0.00587	0.00194	0.00378	0.70823	0.00397	0.00393
14	0.01492	0.00699	0.00868	0.00713	0.00965	0.00666	0.00567	0.08449	0.08459	0.46158	0.01632	0.07277	0.01214	0.04667	0.00506	0.00146	0.00342	0.00493	0.14058	0.00627
15	0.01264	0.04409	0.19933	0.06974	0.24706	0.03489	0.01100	0.04463	0.03246	0.22968	0.01123	0.01190	0.02277	0.00457	0.00420	0.00131	0.00501	0.00386	0.00306	0.00657
16	0.01082	0.01177	0.21370	0.05095	0.03112	0.00859	0.18425	0.05473	0.04714	0.15423	0.10097	0.01613	0.02743	0.04265	0.00535	0.00152	0.00511	0.02444	0.00321	0.00588
17	0.01293	0.00939	0.01006	0.00846	0.01104	0.03725	0.00672	0.25588	0.31595	0.11952	0.09230	0.04233	0.01391	0.00603	0.00439	0.00136	0.00377	0.00492	0.03726	0.00649
18	0.59038	0.03317	0.03072	0.02565	0.01030	0.16669	0.00622	0.01337	0.00832	0.01647	0.00618	0.00746	0.00497	0.00432	0.00375	0.00132	0.06087	0.00257	0.00247	0.00480
19	0.01229	0.00763	0.00836	0.00704	0.00929	0.00810	0.00561	0.22738	0.16411	0.13208	0.03690	0.01479	0.01123	0.00537	0.00386	0.00122	0.00323	0.00429	0.33133	0.00589

[dist]
# distance from previous block
# <min> <max>
0	1

[block]
# block no. 10 follows, 61 sequences, length 20
# corresponding to MSA columns:
# 424-443
name=unknown_K
#
# <colnr> <probs for GDERKNQSTAVLIFYWHMCP>
#	G	D	E	R	K	N	Q	S	T	A	V	L	I	F	Y	W	H	M	C	P
0	0.03468	0.00748	0.03824	0.07392	0.10881	0.00716	0.03438	0.06703	0.08545	0.07015	0.04990	0.22057	0.11458	0.00801	0.00474	0.00148	0.00373	0.04122	0.00358	0.02491
1	0.00926	0.00813	0.03708	0.00721	0.03444	0.00599	0.00573	0.01126	0.00907	0.04250	0.00837	0.02820	0.00701	0.00355	0.00335	0.00073	0.00336	0.00289	0.00265	0.76923
2	0.00538	0.00423	0.00487	0.00502	0.00608	0.00371	0.00365	0.00663	0.01004	0.01290	0.23445	0.23191	0.43382	0.01100	0.00519	0.00150	0.00222	0.00952	0.00419	0.00371
3	0.00797	0.03687	0.01063	0.00910	0.00975	0.02243	0.03146	0.00925	0.00705	0.01026	0.00908	0.03419	0.00881	0.04067	0.38066	0.00415	0.35679	0.00440	0.00216	0.00430
4	0.00893	0.00479	0.00590	0.00568	0.00677	0.00451	0.00407	0.02313	0.00924	0.16941	0.05946	0.26725	0.04985	0.17007	0.02459	0.00206	0.00314	0.00736	0.16950	0.00427
5	0.01034	0.01098	0.02341	0.01682	0.02096	0.01024	0.71863	0.01373	0.01026	0.05530	0.01116	0.01350	0.05378	0.00414	0.00505	0.00145	0.00678	0.00528	0.00245	0.00576
6	0.01373	0.00687	0.01020	0.00837	0.01092	0.00626	0.08311	0.03184	0.01163	0.43472	0.13180	0.02373	0.01736	0.03052	0.00532	0.00155	0.00387	0.15767	0.00458	0.00593
7	0.00582	0.00430	0.00516	0.00556	0.00654	0.00385	0.00413	0.00698	0.00950	0.03310	0.08821	0.33254	0.35691	0.01168	0.00533	0.00162	0.00255	0.10838	0.00408	0.00375
8	0.00756	0.00832	0.13310	0.00884	0.03294	0.00689	0.05028	0.06603	0.00882	0.01249	0.03182	0.03156	0.05802	0.02108	0.48058	0.00457	0.00874	0.00481	0.01889	0.00466
9	0.01211	0.74679	0.02134	0.00773	0.01134	0.04780	0.00748	0.08191	0.00988	0.01162	0.00639	0.00724	0.00568	0.00384	0.00294	0.00096	0.00474	0.00246	0.00207	0.00566
10	0.00620	0.00421	0.00557	0.00626	0.00673	0.00409	0.00449	0.00714	0.00829	0.03323	0.02099	0.47606	0.02413	0.16014	0.04888	0.00246	0.00357	0.17030	0.00370	0.00356
11	0.01054	0.00990	0.01476	0.10444	0.39245	0.03673	0.03100	0.08045	0.06069	0.01414	0.00869	0.01125	0.00721	0.00673	0.06477	0.00180	0.13206	0.00395	0.00242	0.00604
12	0.01159	0.76019	0.06851	0.00785	0.01161	0.05888	0.00791	0.01316	0.00895	0.01036	0.00612	0.00708	0.00552	0.00375	0.00290	0.00096	0.00487	0.00238	0.00186	0.00555
13	0.00965	0.00978	0.01384	0.04088	0.07210	0.03985	0.04244	0.01091	0.00724	0.01080	0.00619	0.00978	0.00589	0.00742	0.02981	0.00189	0.67088	0.00382	0.00194	0.00491
14	0.00931	0.04074	0.06862	0.04658	0.06991	0.05202	0.00734	0.01151	0.02425	0.03055	0.07719	0.03425	0.02876	0.00542	0.02046	0.00118	0.08321	0.00383	0.00268	0.38220
15	0.00812	0.13998	0.16497	0.02314	0.01001	0.00764	0.00711	0.03877	0.00848	0.01140	0.07414	0.06621	0.07307	0.01136	0.08750	0.25181	0.00488	0.00474	0.00250	0.00415
16	0.00871	0.07960	0.11071	0.03615	0.03043	0.02219	0.00659	0.02487	0.02585	0.03689	0.04801	0.01487	0.06777	0.03300	0.04014	0.28701	0.00438	0.00411	0.00250	0.11624
17	0.02149	0.02284	0.09908	0.09121	0.08700	0.03159	0.05027	0.03710	0.12078	0.04951	0.05894	0.09334	0.05048	0.00667	0.00526	0.00146	0.06477	0.06748	0.00315	0.03759
18	0.05873	0.05592	0.07739	0.04143	0.22184	0.09305	0.00908	0.04512	0.08260	0.08776	0.04509	0.01270	0.03846	0.00486	0.00432	0.00126	0.02936	0.00392	0.02076	0.06635
19	0.04591	0.12331	0.14746	0.02129	0.06535	0.11516	0.03987	0.07613	0.04833	0.08264	0.03374	0.01262	0.06079	0.00558	0.02484	0.00136	0.01746	0.00385	0.00285	0.07147

[dist]
# distance from previous block
# <min> <max>
13	61

[block]
# block no. 11 follows, 61 sequences, length 59
# corresponding to MSA columns:
# 520-578
name=unknown_L
#
# <colnr> <probs for GDERKNQSTAVLIFYWHMCP>
#	G	D	E	R	K	N	Q	S	T	A	V	L	I	F	Y	W	H	M	C	P
0	0.03947	0.04323	0.08060	0.03830	0.19055	0.06786	0.12708	0.08150	0.01955	0.02741	0.05321	0.06287	0.03039	0.01442	0.01512	0.00142	0.01401	0.01841	0.02930	0.04527
1	0.04097	0.13743	0.02276	0.00915	0.06062	0.00967	0.01960	0.14280	0.06154	0.20099	0.05675	0.07797	0.02533	0.00658	0.02343	0.00144	0.03833	0.02163	0.00369	0.03933
2	0.02445	0.16933	0.11377	0.04193	0.05346	0.05347	0.06515	0.07452	0.08779	0.03252	0.06946	0.02182	0.03288	0.01988	0.01821	0.00134	0.00476	0.00402	0.00283	0.10840
3	0.02076	0.10199	0.08751	0.02307	0.04523	0.05414	0.10231	0.06769	0.07758	0.08416	0.01297	0.05861	0.06296	0.05712	0.02019	0.00157	0.03898	0.00467	0.00298	0.07551
4	0.01181	0.50314	0.13418	0.00855	0.01236	0.06571	0.00855	0.09491	0.03536	0.03128	0.00758	0.00859	0.00631	0.01441	0.02107	0.00122	0.00512	0.00285	0.00231	0.02469
5	0.01105	0.17860	0.20407	0.02735	0.01375	0.01164	0.03806	0.14297	0.05860	0.04666	0.01921	0.02484	0.00757	0.01640	0.00538	0.00132	0.10833	0.00363	0.00269	0.07787
6	0.03071	0.10560	0.07913	0.00881	0.01183	0.02834	0.02163	0.20428	0.25157	0.05566	0.06291	0.04770	0.02621	0.00581	0.00423	0.00133	0.00414	0.02169	0.00374	0.02466
