[name]
unknown

[dist]
# distance from previous block
# <min> <max>
0	28

[block]
# block no. 0 follows, 55 sequences, length 14
# corresponding to MSA columns:
# 503-516
name=unknown_A
#
# <colnr> <probs for GDERKNQSTAVLIFYWHMCP>
#	G	D	E	R	K	N	Q	S	T	A	V	L	I	F	Y	W	H	M	C	P
0	0.01297	0.12186	0.11562	0.02471	0.09518	0.04316	0.02544	0.28841	0.01425	0.01920	0.03571	0.05468	0.00961	0.01806	0.00465	0.00135	0.00515	0.00434	0.00331	0.10234
1	0.01108	0.01236	0.18106	0.05576	0.04985	0.01021	0.00966	0.11051	0.29203	0.04628	0.05190	0.04061	0.07569	0.00636	0.00474	0.00150	0.00456	0.00529	0.00384	0.02671
2	0.00965	0.00827	0.00965	0.00689	0.01102	0.00620	0.00551	0.01171	0.00965	0.01516	0.00827	0.00965	0.00689	0.00345	0.00345	0.00069	0.00345	0.00276	0.00276	0.86494
3	0.07570	0.12883	0.13099	0.04893	0.03283	0.05234	0.03835	0.09632	0.10291	0.03389	0.02298	0.04984	0.00917	0.00518	0.00429	0.00130	0.01554	0.00410	0.00306	0.14345
4	0.01229	0.01032	0.01093	0.00951	0.01236	0.01171	0.00748	0.12479	0.66196	0.02056	0.01744	0.01620	0.01305	0.00609	0.00467	0.00151	0.00386	0.00501	0.00464	0.04563
5	0.00965	0.00827	0.00965	0.00689	0.01102	0.00620	0.00551	0.01171	0.00965	0.01516	0.00827	0.00965	0.00689	0.00345	0.00345	0.00069	0.00345	0.00276	0.00276	0.86494
6	0.00848	0.02280	0.07500	0.07676	0.01249	0.00734	0.04924	0.06192	0.08462	0.01484	0.05260	0.32311	0.07081	0.00905	0.00509	0.00155	0.00395	0.00803	0.00370	0.10862
7	0.01136	0.05509	0.01323	0.01065	0.01149	0.01215	0.00884	0.01250	0.00845	0.13001	0.01105	0.07795	0.03892	0.00821	0.01190	0.00186	0.56305	0.00502	0.00285	0.00541
8	0.01092	0.03192	0.05738	0.00794	0.01139	0.00755	0.02508	0.01423	0.08652	0.10917	0.08140	0.01393	0.01167	0.00494	0.00443	0.00109	0.03531	0.00399	0.06514	0.41604
9	0.17454	0.12480	0.11773	0.02941	0.09206	0.06431	0.05734	0.03678	0.01099	0.22124	0.01043	0.01096	0.00750	0.00467	0.00407	0.00136	0.00517	0.00365	0.00329	0.01971
10	0.06440	0.00880	0.01152	0.00852	0.01243	0.00756	0.06883	0.05890	0.01153	0.27583	0.01171	0.01186	0.00836	0.00441	0.00404	0.00109	0.00407	0.00367	0.00382	0.41867
11	0.04766	0.34827	0.08114	0.01003	0.01351	0.35449	0.00895	0.01646	0.01123	0.05883	0.00762	0.00854	0.00626	0.00448	0.00371	0.00116	0.00646	0.00291	0.00242	0.00588
12	0.01084	0.12123	0.38533	0.01174	0.01681	0.01143	0.09089	0.07887	0.07423	0.03338	0.06297	0.01230	0.00958	0.00487	0.00441	0.00138	0.00575	0.00405	0.00279	0.05713
13	0.01069	0.03447	0.38245	0.01356	0.01817	0.10476	0.16553	0.01501	0.05395	0.01422	0.02895	0.03483	0.00827	0.00525	0.00576	0.00152	0.08959	0.00434	0.00240	0.00626

[dist]
# distance from previous block
# <min> <max>
8	15

[block]
# block no. 1 follows, 55 sequences, length 15
# corresponding to MSA columns:
# 538-552
name=unknown_B
#
# <colnr> <probs for GDERKNQSTAVLIFYWHMCP>
#	G	D	E	R	K	N	Q	S	T	A	V	L	I	F	Y	W	H	M	C	P
0	0.03584	0.04454	0.03166	0.00709	0.00893	0.04750	0.00577	0.04601	0.01132	0.08758	0.11168	0.18228	0.24052	0.01020	0.00529	0.00162	0.00353	0.10956	0.00423	0.00483
1	0.01172	0.10668	0.10185	0.01062	0.01368	0.07792	0.12227	0.07181	0.03345	0.10871	0.01491	0.15853	0.01411	0.02266	0.02096	0.00172	0.00541	0.09369	0.00348	0.00582
2	0.09789	0.43642	0.08695	0.00888	0.01251	0.08868	0.03388	0.01451	0.01001	0.08079	0.00955	0.08357	0.00863	0.00524	0.00371	0.00124	0.00512	0.00388	0.00266	0.00588
3	0.00575	0.00419	0.00543	0.00631	0.00678	0.00387	0.00432	0.00671	0.00937	0.01239	0.07353	0.68676	0.11088	0.01395	0.00588	0.00184	0.00267	0.03116	0.00436	0.00384
4	0.01285	0.66894	0.08393	0.00890	0.01290	0.12274	0.00881	0.01460	0.00997	0.01130	0.00671	0.00777	0.00597	0.00412	0.00325	0.00106	0.00557	0.00263	0.00204	0.00596
5	0.00575	0.00411	0.00547	0.00642	0.00677	0.00383	0.00432	0.00669	0.00929	0.01249	0.09634	0.76101	0.03196	0.01412	0.00590	0.00185	0.00265	0.01279	0.00439	0.00383
6	0.08326	0.21232	0.07875	0.01026	0.03343	0.33744	0.00866	0.03946	0.01148	0.01369	0.04817	0.00985	0.00802	0.00466	0.00384	0.00117	0.00613	0.00319	0.00254	0.08367
7	0.01238	0.08663	0.06169	0.00835	0.01236	0.00943	0.00730	0.18236	0.01249	0.08012	0.00971	0.01065	0.00754	0.00558	0.03966	0.00128	0.00460	0.00333	0.00327	0.44126
8	0.10956	0.34855	0.19170	0.00897	0.01308	0.03108	0.00927	0.07949	0.03927	0.03903	0.00888	0.00982	0.00701	0.00453	0.00359	0.00123	0.00499	0.00319	0.08057	0.00617
9	0.00949	0.13283	0.04345	0.05347	0.01181	0.04416	0.05277	0.07834	0.02908	0.03373	0.01851	0.34639	0.05587	0.02693	0.00547	0.00166	0.00431	0.04305	0.00359	0.00508
10	0.06167	0.31451	0.26537	0.00996	0.01419	0.09933	0.01053	0.03892	0.01002	0.01333	0.00806	0.00982	0.00669	0.00827	0.10907	0.00204	0.00683	0.00322	0.00223	0.00596
11	0.04006	0.21114	0.18234	0.00941	0.01311	0.07269	0.00924	0.11880	0.07791	0.02721	0.04884	0.01541	0.08184	0.00749	0.05196	0.00171	0.00555	0.01609	0.00310	0.00610
12	0.01203	0.29350	0.10566	0.00905	0.01245	0.05743	0.00844	0.13616	0.06470	0.04012	0.04743	0.07060	0.01105	0.00834	0.07793	0.00184	0.00563	0.00442	0.00311	0.03011
13	0.05809	0.18077	0.15927	0.00954	0.01301	0.09437	0.04307	0.08101	0.03582	0.04432	0.05380	0.11777	0.06055	0.00653	0.00440	0.00139	0.00504	0.00528	0.00316	0.02281
14	0.07430	0.15368	0.16050	0.01164	0.09569	0.02486	0.03729	0.16707	0.04942	0.01753	0.04338	0.03455	0.06077	0.00595	0.01567	0.00144	0.00512	0.00444	0.00312	0.03358

[dist]
# distance from previous block
# <min> <max>
22	141

[block]
# block no. 2 follows, 55 sequences, length 19
# corresponding to MSA columns:
# 707-725
name=unknown_C
#
# <colnr> <probs for GDERKNQSTAVLIFYWHMCP>
#	G	D	E	R	K	N	Q	S	T	A	V	L	I	F	Y	W	H	M	C	P
0	0.00912	0.00806	0.02321	0.33442	0.06380	0.00865	0.05550	0.07102	0.01089	0.02972	0.09088	0.12242	0.08597	0.01711	0.00548	0.00159	0.02571	0.00630	0.00318	0.02694
1	0.00916	0.00937	0.04510	0.03081	0.02498	0.10967	0.06521	0.02884	0.03502	0.03243	0.15842	0.07583	0.26998	0.00857	0.00571	0.00151	0.05054	0.00717	0.00375	0.02794
2	0.01367	0.11326	0.01701	0.01232	0.01557	0.27778	0.18977	0.10150	0.08444	0.01512	0.01042	0.04885	0.00884	0.00528	0.00454	0.00134	0.00647	0.02188	0.00295	0.04900
3	0.00669	0.00505	0.00597	0.00571	0.00703	0.00443	0.00411	0.00764	0.00956	0.01269	0.11954	0.15218	0.28704	0.10947	0.02742	0.08363	0.00322	0.01946	0.00376	0.12540
4	0.11551	0.01087	0.01125	0.03289	0.08831	0.11319	0.02381	0.10634	0.22625	0.01774	0.05863	0.05723	0.06046	0.00713	0.02358	0.00163	0.03018	0.00519	0.00369	0.00612
5	0.01405	0.07648	0.03947	0.00973	0.01255	0.14596	0.00799	0.37198	0.03536	0.02001	0.01369	0.13112	0.03017	0.04047	0.00547	0.00156	0.00522	0.02860	0.00384	0.00630
6	0.01012	0.00859	0.01027	0.07022	0.01287	0.00707	0.00631	0.06388	0.01044	0.01585	0.00846	0.00996	0.00691	0.00368	0.00362	0.00080	0.00377	0.00296	0.00283	0.74139
7	0.00676	0.00526	0.03541	0.00535	0.00573	0.00470	0.00341	0.00706	0.00718	0.00951	0.01692	0.03077	0.07729	0.74164	0.02155	0.00417	0.00443	0.00688	0.00290	0.00306
8	0.10629	0.16857	0.08206	0.03390	0.03773	0.05928	0.03530	0.23984	0.07410	0.04333	0.01052	0.02979	0.01806	0.00532	0.00457	0.00138	0.03611	0.00397	0.00331	0.00656
9	0.03466	0.05767	0.15335	0.01189	0.05294	0.03293	0.05723	0.35007	0.09426	0.04141	0.01118	0.03005	0.00847	0.00528	0.00451	0.00140	0.00536	0.00425	0.00365	0.03946
10	0.07359	0.02450	0.03458	0.01030	0.01355	0.15296	0.10023	0.09305	0.04901	0.16897	0.03590	0.01348	0.03604	0.00611	0.02684	0.00150	0.03472	0.00426	0.00357	0.11687
11	0.00964	0.03994	0.03945	0.03134	0.06843	0.06819	0.00728	0.03534	0.08397	0.04174	0.12035	0.01839	0.03826	0.03162	0.27563	0.00343	0.00713	0.00507	0.00325	0.07156
12	0.03448	0.12955	0.13023	0.03742	0.15321	0.09327	0.11330	0.02644	0.03084	0.05630	0.08970	0.04132	0.01178	0.02637	0.00501	0.00147	0.00562	0.00469	0.00288	0.00613
13	0.00742	0.00609	0.02307	0.00773	0.00891	0.02935	0.04951	0.02749	0.01013	0.03718	0.08075	0.44028	0.09641	0.01380	0.06833	0.00221	0.00416	0.07873	0.00407	0.00438
14	0.03032	0.01043	0.07045	0.02891	0.02484	0.06120	0.08048	0.10323	0.11059	0.04281	0.04193	0.14858	0.03826	0.05708	0.00604	0.00162	0.01461	0.00604	0.00356	0.11901
15	0.02968	0.03942	0.05789	0.07801	0.22898	0.05973	0.08896	0.12441	0.07274	0.04737	0.01186	0.06685	0.02187	0.02941	0.00545	0.00155	0.02127	0.00496	0.00311	0.00648
16	0.01177	0.00880	0.01063	0.00995	0.06234	0.03588	0.03377	0.20001	0.07090	0.09964	0.03147	0.18105	0.12381	0.00945	0.03659	0.00179	0.02803	0.01922	0.00417	0.02075
17	0.04765	0.14155	0.08284	0.03700	0.05306	0.11590	0.09475	0.13138	0.04398	0.05531	0.06812	0.02869	0.01052	0.01661	0.01481	0.00147	0.01870	0.00433	0.00314	0.03019
18	0.03767	0.09463	0.07417	0.02289	0.03126	0.04792	0.07819	0.07435	0.03291	0.04593	0.03219	0.05152	0.01156	0.20389	0.02596	0.00222	0.03305	0.00500	0.00299	0.09171

[dist]
# distance from previous block
# <min> <max>
1	37

[block]
# block no. 3 follows, 55 sequences, length 34
# corresponding to MSA columns:
# 763-796
name=unknown_D
#
# <colnr> <probs for GDERKNQSTAVLIFYWHMCP>
#	G	D	E	R	K	N	Q	S	T	A	V	L	I	F	Y	W	H	M	C	P
0	0.05530	0.01022	0.02584	0.05252	0.05196	0.07659	0.07360	0.11330	0.10479	0.08896	0.10647	0.05880	0.04986	0.00644	0.00493	0.00143	0.02083	0.01606	0.00380	0.07829
1	0.04249	0.04986	0.01470	0.09135	0.07436	0.15474	0.07601	0.22481	0.04253	0.03442	0.04497	0.01237	0.02035	0.00530	0.00503	0.00138	0.04733	0.00418	0.00326	0.05054
2	0.03512	0.04697	0.01581	0.12251	0.06668	0.05126	0.15062	0.11595	0.03843	0.08003	0.01102	0.02256	0.03203	0.00537	0.00586	0.00145	0.10370	0.00444	0.00305	0.08713
3	0.07785	0.07008	0.02818	0.42827	0.07234	0.05761	0.03006	0.03909	0.02436	0.03804	0.00851	0.01125	0.00657	0.00470	0.00474	0.00143	0.03838	0.00381	0.00245	0.05229
4	0.04023	0.01052	0.06167	0.37134	0.15816	0.05512	0.04863	0.01341	0.01021	0.05240	0.04502	0.01263	0.00841	0.00467	0.00450	0.00140	0.00568	0.00413	0.00255	0.08932
5	0.00615	0.00442	0.00555	0.00612	0.00688	0.00406	0.00429	0.00721	0.00959	0.03428	0.07223	0.52132	0.22175	0.01464	0.05651	0.00212	0.00323	0.01137	0.00429	0.00399
6	0.01668	0.01227	0.01320	0.01038	0.01390	0.01360	0.00849	0.62005	0.16478	0.05850	0.01289	0.01249	0.00921	0.00573	0.00467	0.00143	0.00481	0.00441	0.00471	0.00781
7	0.03591	0.05156	0.05594	0.02704	0.02832	0.06323	0.00775	0.17015	0.04991	0.04296	0.01741	0.21745	0.03643	0.00891	0.00528	0.00163	0.01873	0.13805	0.00387	0.01948
8	0.06130	0.01110	0.01271	0.01001	0.01331	0.06112	0.06455	0.36257	0.01576	0.14419	0.01257	0.07582	0.00997	0.00704	0.03685	0.00162	0.00521	0.00480	0.00414	0.08538
9	0.01098	0.01255	0.02745	0.01961	0.02431	0.01176	0.79059	0.01490	0.01098	0.01490	0.00941	0.01255	0.00706	0.00392	0.00549	0.00157	0.00784	0.00549	0.00235	0.00627
10	0.01091	0.01301	0.05862	0.01936	0.02415	0.01173	0.75988	0.01490	0.01093	0.01490	0.00937	0.01244	0.00701	0.00394	0.00545	0.00156	0.00780	0.00541	0.00234	0.00630
11	0.05381	0.01231	0.01375	0.01058	0.01418	0.01346	0.04778	0.66969	0.02001	0.02718	0.01312	0.01318	0.05758	0.00583	0.00467	0.00142	0.00502	0.00453	0.00444	0.00745
12	0.01117	0.01083	0.01786	0.17064	0.64932	0.03075	0.01390	0.01396	0.01043	0.01451	0.00863	0.01160	0.00713	0.00425	0.00460	0.00141	0.00572	0.00411	0.00226	0.00693
13	0.00642	0.00441	0.00521	0.00548	0.00566	0.00429	0.00333	0.00679	0.00780	0.01040	0.05860	0.24709	0.04930	0.54523	0.01736	0.00355	0.00383	0.00869	0.00339	0.00319
14	0.00653	0.00518	0.00576	0.00557	0.00709	0.00467	0.00428	0.04705	0.01188	0.01515	0.25022	0.04083	0.50935	0.01092	0.00551	0.00157	0.00257	0.05703	0.00455	0.00428
15	0.01580	0.05216	0.05318	0.01056	0.01358	0.34634	0.00866	0.21058	0.07728	0.08034	0.04950	0.01250	0.00982	0.00549	0.00442	0.00133	0.00614	0.01460	0.02135	0.00639
16	0.00661	0.00492	0.00711	0.00711	0.00789	0.00560	0.00541	0.00808	0.00753	0.01068	0.01407	0.02061	0.04371	0.11810	0.70243	0.00693	0.01123	0.00536	0.00260	0.00400
17	0.00685	0.00454	0.00501	0.00510	0.00626	0.00418	0.00379	0.00854	0.01060	0.01527	0.17185	0.11899	0.29040	0.00954	0.00481	0.00144	0.00236	0.03029	0.29605	0.00415
18	0.01224	0.78837	0.07361	0.00829	0.01245	0.01793	0.00854	0.01398	0.00948	0.01118	0.00659	0.00761	0.00597	0.00401	0.00307	0.00102	0.00509	0.00255	0.00199	0.00603
19	0.06070	0.15449	0.34487	0.01236	0.06549	0.06292	0.04115	0.01579	0.04465	0.09414	0.00926	0.01037	0.00694	0.00476	0.00479	0.00141	0.05322	0.00356	0.00259	0.00656
20	0.01058	0.01403	0.17151	0.14656	0.13251	0.05239	0.32088	0.01460	0.03858	0.01435	0.01025	0.01275	0.02992	0.00452	0.00494	0.00150	0.00680	0.00468	0.00237	0.00629
21	0.00579	0.00413	0.00536	0.00627	0.00657	0.00387	0.00414	0.00655	0.00882	0.01173	0.03938	0.71398	0.05233	0.09809	0.00772	0.00214	0.00286	0.01238	0.00418	0.00370
22	0.00681	0.00461	0.00627	0.00721	0.00786	0.00439	0.00543	0.00808	0.00964	0.04185	0.02505	0.55422	0.02879	0.01370	0.00605	0.00195	0.00325	0.25640	0.00436	0.00409
23	0.05562	0.04382	0.10281	0.04634	0.13200	0.05901	0.32088	0.02480	0.01091	0.10682	0.00988	0.01193	0.00740	0.00534	0.02967	0.00165	0.01748	0.00448	0.00273	0.00646
24	0.00566	0.00472	0.00494	0.00489	0.00638	0.00400	0.00366	0.00699	0.01099	0.01349	0.16189	0.04325	0.69026	0.01144	0.00550	0.00155	0.00233	0.00961	0.00444	0.00400
25	0.01087	0.01231	0.02650	0.04892	0.02418	0.01180	0.73504	0.01466	0.01079	0.01466	0.00926	0.01246	0.00699	0.00409	0.00580	0.00158	0.03617	0.00539	0.00233	0.00619
26	0.00879	0.00827	0.01395	0.82532	0.03204	0.01034	0.01292	0.01189	0.00930	0.01189	0.00827	0.01240	0.00620	0.00465	0.00465	0.00155	0.00620	0.00413	0.00207	0.00517
27	0.05435	0.01046	0.01738	0.11893	0.65445	0.01077	0.01346	0.01384	0.01031	0.01506	0.00904	0.01261	0.00768	0.00446	0.00458	0.00143	0.00547	0.02645	0.00236	0.00691
28	0.00676	0.00460	0.00546	0.00547	0.00565	0.00466	0.00336	0.00713	0.00733	0.00990	0.06012	0.03012	0.01822	0.68200	0.10332	0.00457	0.00518	0.03009	0.00296	0.00309
29	0.00612	0.00474	0.00557	0.00536	0.00666	0.00419	0.00402	0.00788	0.01207	0.01605	0.48010	0.03905	0.37045	0.01048	0.00549	0.00151	0.00226	0.00902	0.00478	0.00419
30	0.01120	0.01161	0.02243	0.04899	0.44547	0.01134	0.34964	0.01447	0.01072	0.01497	0.00902	0.01199	0.00720	0.00406	0.00499	0.00147	0.00655	0.00473	0.00232	0.00683
31	0.01467	0.01386	0.01514	0.01243	0.03223	0.19583	0.12235	0.33620	0.01528	0.01932	0.00971	0.01147	0.00762	0.00865	0.09764	0.00211	0.07155	0.00419	0.00330	0.00644
32	0.00906	0.00912	0.01744	0.31320	0.04589	0.00951	0.31015	0.01200	0.00998	0.01320	0.01310	0.15438	0.03313	0.00642	0.00525	0.00162	0.00607	0.02244	0.00268	0.00537
33	0.38561	0.00993	0.00987	0.00810	0.01131	0.01086	0.00663	0.21627	0.10039	0.18128	0.01145	0.01123	0.00809	0.00515	0.00390	0.00144	0.00407	0.00368	0.00412	0.00661

[dist]
# distance from previous block
# <min> <max>
2	37

[block]
# block no. 4 follows, 55 sequences, length 26
# corresponding to MSA columns:
# 834-859
name=unknown_E
#
# <colnr> <probs for GDERKNQSTAVLIFYWHMCP>
#	G	D	E	R	K	N	Q	S	T	A	V	L	I	F	Y	W	H	M	C	P
0	0.29913	0.01232	0.18176	0.00977	0.03499	0.01013	0.05109	0.12549	0.01111	0.03624	0.02654	0.01492	0.10133	0.00658	0.02793	0.00166	0.02564	0.01435	0.00315	0.00587
1	0.05589	0.06204	0.06094	0.00953	0.07963	0.02094	0.00721	0.02499	0.08990	0.01346	0.01543	0.03324	0.08571	0.07542	0.30245	0.00384	0.00735	0.01801	0.00296	0.03106
2	0.00932	0.00813	0.05758	0.02665	0.05243	0.03762	0.02959	0.04576	0.04076	0.06875	0.02889	0.07276	0.01264	0.06084	0.40335	0.00457	0.01645	0.00541	0.00304	0.01550
3	0.10336	0.03017	0.02561	0.00958	0.01290	0.11261	0.00784	0.30327	0.15228	0.08781	0.01194	0.01233	0.00890	0.00536	0.00431	0.00135	0.00489	0.01610	0.00401	0.08539
4	0.00621	0.00436	0.00547	0.00606	0.00660	0.00402	0.00406	0.00691	0.00872	0.01176	0.02413	0.55173	0.09626	0.11153	0.00847	0.04951	0.00297	0.01082	0.04006	0.04036
5	0.05784	0.05576	0.10704	0.00883	0.01191	0.01014	0.00785	0.21390	0.11689	0.05604	0.05546	0.07769	0.08114	0.04964	0.00585	0.00161	0.02502	0.00551	0.00387	0.04800
6	0.01139	0.09211	0.08289	0.04485	0.05096	0.06725	0.22607	0.06012	0.02151	0.02689	0.00942	0.04533	0.00788	0.00486	0.00519	0.00133	0.05996	0.00435	0.00264	0.17501
7	0.00568	0.00419	0.00532	0.00615	0.00668	0.00383	0.00419	0.00662	0.00939	0.01231	0.06519	0.66233	0.16338	0.01387	0.00584	0.00182	0.00262	0.01242	0.00436	0.00383
8	0.00702	0.00469	0.00568	0.00605	0.00707	0.00425	0.00433	0.00828	0.02185	0.07216	0.03128	0.44566	0.27517	0.02354	0.00584	0.00176	0.00275	0.03219	0.03622	0.00421
9	0.01256	0.05818	0.10729	0.06434	0.11088	0.09624	0.19549	0.04851	0.01137	0.11888	0.01158	0.06596	0.00968	0.00564	0.00515	0.00150	0.03013	0.03732	0.00301	0.00630
10	0.05368	0.57306	0.13129	0.05410	0.01462	0.01610	0.03991	0.04739	0.01001	0.01295	0.00714	0.00842	0.00605	0.00416	0.00344	0.00115	0.00536	0.00290	0.00216	0.00610
11	0.00601	0.00443	0.00564	0.00633	0.00691	0.00420	0.00437	0.00739	0.03331	0.01279	0.10778	0.58313	0.11382	0.03903	0.02979	0.00205	0.00300	0.02175	0.00432	0.00395
12	0.01254	0.15729	0.03941	0.01685	0.30303	0.02839	0.05284	0.15420	0.07015	0.03206	0.01059	0.04657	0.00890	0.00634	0.03939	0.00162	0.00559	0.00441	0.00300	0.00683
13	0.04948	0.06820	0.11058	0.04901	0.11941	0.07046	0.05554	0.18956	0.09583	0.06480	0.01052	0.01150	0.00792	0.00496	0.00465	0.00138	0.02522	0.00398	0.01353	0.04348
14	0.00676	0.00471	0.00593	0.00588	0.00694	0.00427	0.00429	0.00840	0.01164	0.04676	0.45292	0.21694	0.16664	0.02925	0.00596	0.00164	0.00246	0.00956	0.00478	0.00428
15	0.00700	0.00484	0.00599	0.00592	0.00700	0.00446	0.00429	0.00877	0.02873	0.05389	0.37962	0.21127	0.17672	0.07188	0.00688	0.00180	0.00263	0.00936	0.00465	0.00429
16	0.01291	0.53274	0.06375	0.00916	0.01270	0.15240	0.00856	0.04054	0.04886	0.01229	0.00819	0.04062	0.00740	0.00484	0.00387	0.00116	0.02841	0.00328	0.00237	0.00594
17	0.00663	0.00475	0.00568	0.00597	0.00649	0.00464	0.00403	0.00790	0.04196	0.01185	0.09661	0.23306	0.09466	0.36905	0.01353	0.00296	0.00359	0.07925	0.00376	0.00363
18	0.00573	0.00458	0.00512	0.00528	0.00650	0.00398	0.00385	0.00701	0.01072	0.01352	0.17913	0.20493	0.50938	0.01195	0.00559	0.00162	0.00240	0.01027	0.00446	0.00398
19	0.00803	0.00408	0.00611	0.00611	0.00614	0.00411	0.00411	0.00614	0.00611	0.00818	0.00824	0.01429	0.00821	0.01686	0.04783	0.83287	0.00435	0.00408	0.00204	0.00210
20	0.00675	0.00495	0.00671	0.00665	0.00750	0.00531	0.00497	0.00861	0.03073	0.01280	0.18190	0.05857	0.05382	0.12087	0.43704	0.00502	0.00796	0.00646	0.02926	0.00411
21	0.01661	0.01182	0.01290	0.01013	0.01349	0.01290	0.00826	0.66809	0.02006	0.07045	0.01307	0.09685	0.01048	0.00653	0.00479	0.00145	0.00480	0.00515	0.00468	0.00748
22	0.00604	0.00489	0.00541	0.00551	0.00684	0.00438	0.00409	0.00792	0.04908	0.01372	0.15257	0.17182	0.50571	0.01167	0.00556	0.00162	0.00251	0.03207	0.00446	0.00415
23	0.01105	0.24356	0.09754	0.00951	0.01242	0.07194	0.07666	0.07305	0.02587	0.02732	0.01067	0.04931	0.01003	0.15985	0.06235	0.00231	0.02865	0.00460	0.01790	0.00541
24	0.24400	0.01110	0.02679	0.03019	0.05221	0.06369	0.17960	0.06801	0.06838	0.03606	0.00971	0.04541	0.00802	0.00555	0.00573	0.01515	0.09564	0.00435	0.00295	0.02745
25	0.02717	0.03001	0.02364	0.03463	0.17623	0.04320	0.00831	0.06569	0.13688	0.01631	0.11275	0.06041	0.10339	0.00728	0.00558	0.00152	0.06415	0.03095	0.04607	0.00584

[dist]
# distance from previous block
# <min> <max>
0	60

[block]
# block no. 5 follows, 55 sequences, length 29
# corresponding to MSA columns:
# 972-1000
name=unknown_F
#
# <colnr> <probs for GDERKNQSTAVLIFYWHMCP>
#	G	D	E	R	K	N	Q	S	T	A	V	L	I	F	Y	W	H	M	C	P
0	0.01543	0.07263	0.01438	0.01151	0.06537	0.12338	0.03260	0.40730	0.01685	0.06212	0.08486	0.01298	0.01095	0.00562	0.00482	0.00136	0.02644	0.00433	0.00392	0.02316
1	0.05322	0.06540	0.04630	0.08328	0.09507	0.01153	0.03209	0.12276	0.30079	0.01835	0.04753	0.03231	0.01164	0.00570	0.00472	0.00146	0.02051	0.00471	0.00367	0.03897
2	0.02899	0.06050	0.01025	0.00868	0.01048	0.16540	0.02820	0.09136	0.06351	0.03205	0.03665	0.28901	0.05075	0.01170	0.08873	0.00215	0.00543	0.00739	0.00364	0.00513
3	0.00680	0.00484	0.00562	0.00542	0.00598	0.00469	0.00343	0.00729	0.00760	0.01023	0.03695	0.02946	0.10187	0.58811	0.10273	0.00417	0.00498	0.00669	0.00300	0.06013
4	0.81325	0.00893	0.00710	0.00626	0.00919	0.01020	0.00516	0.01427	0.00827	0.07311	0.00726	0.00810	0.00547	0.00441	0.00300	0.00144	0.00362	0.00266	0.00307	0.00523
5	0.01093	0.01239	0.02658	0.01912	0.02351	0.01193	0.73898	0.01466	0.01073	0.01466	0.00919	0.01239	0.00700	0.00420	0.00614	0.00160	0.06208	0.00540	0.00233	0.00620
6	0.03289	0.06100	0.09994	0.00968	0.02400	0.00950	0.06804	0.08868	0.18019	0.05000	0.15250	0.02098	0.06573	0.00672	0.00479	0.00146	0.00429	0.05376	0.00391	0.06193
7	0.01224	0.08247	0.22079	0.01056	0.01418	0.05940	0.03360	0.15971	0.01192	0.09219	0.01050	0.01263	0.00828	0.02750	0.17445	0.00274	0.05353	0.00408	0.00300	0.00624
8	0.00662	0.00494	0.00719	0.00719	0.00797	0.00565	0.00549	0.00813	0.00751	0.01070	0.01368	0.02010	0.03562	0.10276	0.72604	0.00705	0.01148	0.00528	0.00257	0.00403
9	0.00600	0.00435	0.00575	0.00646	0.00693	0.00426	0.00449	0.00695	0.00867	0.01156	0.02405	0.52678	0.08728	0.09616	0.14330	0.00306	0.00454	0.04177	0.00387	0.00378
10	0.00578	0.00469	0.00516	0.00533	0.00667	0.00407	0.00402	0.00709	0.01066	0.01317	0.11414	0.13286	0.58383	0.01197	0.00562	0.00164	0.00254	0.07237	0.00439	0.00398
11	0.01084	0.01032	0.01760	0.28692	0.47506	0.01100	0.06092	0.04494	0.01065	0.01467	0.00873	0.01185	0.00699	0.00435	0.00468	0.00145	0.00587	0.00423	0.00232	0.00661
12	0.00576	0.00462	0.00515	0.00529	0.00655	0.00401	0.00390	0.00707	0.01077	0.01354	0.17504	0.17472	0.52739	0.01187	0.00559	0.00162	0.00243	0.02624	0.00446	0.00399
13	0.01379	0.00717	0.00910	0.00804	0.01031	0.00691	0.00639	0.12153	0.03776	0.32828	0.04322	0.23374	0.01898	0.00903	0.00521	0.00163	0.00372	0.10193	0.02709	0.00618
14	0.42162	0.41828	0.01570	0.00721	0.01054	0.01448	0.00663	0.01373	0.00865	0.01569	0.00646	0.00759	0.00553	0.00426	0.00330	0.00124	0.02863	0.00255	0.00242	0.00550
15	0.01253	0.75583	0.04724	0.00828	0.01229	0.01781	0.00826	0.04570	0.03432	0.01206	0.00710	0.00799	0.00630	0.00413	0.00315	0.00104	0.00500	0.00267	0.00218	0.00612
16	0.00632	0.00446	0.00564	0.00632	0.00669	0.00430	0.00423	0.02576	0.00892	0.01187	0.03607	0.55983	0.04140	0.20420	0.01002	0.00248	0.00324	0.05055	0.00399	0.00370
17	0.00798	0.01179	0.28859	0.00896	0.01214	0.00689	0.00926	0.03225	0.01034	0.03371	0.05758	0.24811	0.13131	0.00941	0.00523	0.00164	0.00437	0.08582	0.00353	0.03109
18	0.01219	0.77420	0.08730	0.00838	0.01259	0.01780	0.00870	0.01399	0.00948	0.01125	0.00662	0.00765	0.00596	0.00402	0.00310	0.00103	0.00513	0.00256	0.00199	0.00604
19	0.00680	0.00486	0.00719	0.00719	0.00789	0.00556	0.00546	0.00799	0.00729	0.01042	0.01214	0.01855	0.01157	0.07902	0.69107	0.09452	0.01115	0.00499	0.00246	0.00386
20	0.00667	0.00497	0.00600	0.00628	0.00732	0.00469	0.00457	0.02367	0.05505	0.02631	0.17381	0.37816	0.22813	0.01208	0.00565	0.00171	0.00271	0.04339	0.00452	0.00430
21	0.03878	0.13326	0.22200	0.00968	0.01361	0.04741	0.00967	0.11132	0.10170	0.10809	0.11572	0.01570	0.03069	0.00583	0.00444	0.00140	0.00491	0.01571	0.00359	0.00650
22	0.01121	0.01101	0.01643	0.03647	0.50279	0.06132	0.01226	0.01349	0.02170	0.01371	0.00841	0.01155	0.00733	0.00693	0.04809	0.02399	0.18047	0.00411	0.00229	0.00642
23	0.00671	0.00474	0.00625	0.00625	0.00666	0.00515	0.00428	0.00752	0.00711	0.00989	0.01358	0.02449	0.01433	0.44434	0.41231	0.00596	0.00840	0.00589	0.00266	0.00347
24	0.01188	0.30309	0.12072	0.09836	0.06741	0.05165	0.00991	0.08053	0.06095	0.02904	0.00924	0.03605	0.00773	0.00486	0.00419	0.00126	0.02282	0.00368	0.00264	0.07400
25	0.00695	0.00547	0.00636	0.02029	0.00780	0.01652	0.00469	0.02114	0.08621	0.01267	0.02582	0.41856	0.16401	0.13276	0.00837	0.00215	0.01573	0.02005	0.00402	0.02045
26	0.06617	0.06394	0.05276	0.03375	0.09489	0.07883	0.00814	0.07895	0.10014	0.13885	0.01560	0.10577	0.06339	0.03160	0.00545	0.00156	0.02892	0.00544	0.00368	0.02218
27	0.06914	0.08874	0.14781	0.01000	0.02391	0.08526	0.04814	0.08855	0.08731	0.05610	0.01226	0.03105	0.03473	0.13551	0.00785	0.00190	0.04329	0.00460	0.00308	0.02074
28	0.00929	0.13960	0.05523	0.00783	0.00964	0.07044	0.01521	0.02429	0.02641	0.04434	0.01669	0.29257	0.01810	0.14472	0.02886	0.00219	0.00458	0.05977	0.00339	0.02686

[dist]
# distance from previous block
# <min> <max>
1	48

[block]
# block no. 6 follows, 55 sequences, length 21
# corresponding to MSA columns:
# 1049-1064,1068-1072
name=unknown_G
#
# <colnr> <probs for GDERKNQSTAVLIFYWHMCP>
#	G	D	E	R	K	N	Q	S	T	A	V	L	I	F	Y	W	H	M	C	P
0	0.01085	0.00855	0.02163	0.06780	0.04376	0.00866	0.05321	0.23374	0.03369	0.04299	0.14625	0.14756	0.07613	0.04948	0.00602	0.00166	0.00418	0.00689	0.00409	0.03287
1	0.03088	0.05932	0.03143	0.08533	0.34575	0.00962	0.03114	0.03362	0.03620	0.04004	0.08434	0.04439	0.04896	0.03927	0.02330	0.00171	0.00499	0.04054	0.00305	0.00610
2	0.00732	0.00476	0.00595	0.00600	0.00694	0.00440	0.00423	0.00850	0.01013	0.07880	0.20492	0.28609	0.16049	0.14450	0.04337	0.00236	0.00334	0.00946	0.00430	0.00415
3	0.00667	0.00441	0.00509	0.00531	0.00543	0.00435	0.00315	0.00697	0.00739	0.01013	0.01690	0.19129	0.01938	0.61736	0.01879	0.00376	0.00399	0.00791	0.05860	0.00311
4	0.03426	0.03085	0.06320	0.04957	0.51232	0.03219	0.01247	0.01584	0.13961	0.01566	0.01085	0.01373	0.00899	0.00489	0.00459	0.00144	0.00529	0.03449	0.00276	0.00700
5	0.00645	0.00441	0.00529	0.00566	0.00581	0.00431	0.00350	0.00683	0.00772	0.01030	0.03475	0.28018	0.02215	0.53219	0.01712	0.00354	0.00389	0.03928	0.00339	0.00321
6	0.00687	0.00463	0.00594	0.00637	0.00673	0.00459	0.00430	0.00743	0.00835	0.03836	0.02116	0.44439	0.04541	0.25553	0.01204	0.04167	0.03581	0.04306	0.00373	0.00364
7	0.01181	0.00854	0.01357	0.05931	0.07685	0.00841	0.17227	0.09836	0.01153	0.15633	0.02594	0.04416	0.05181	0.17520	0.00891	0.00216	0.00516	0.06035	0.00361	0.00571
8	0.00925	0.00903	0.06432	0.01329	0.25134	0.02665	0.00836	0.04899	0.03435	0.04555	0.04468	0.02771	0.38178	0.00806	0.00503	0.00148	0.00400	0.00687	0.00361	0.00566
9	0.00603	0.00431	0.00544	0.00617	0.00674	0.00401	0.00430	0.00709	0.00949	0.01272	0.08766	0.54410	0.12725	0.05645	0.00669	0.00193	0.00279	0.05935	0.04365	0.00385
10	0.01244	0.83930	0.02438	0.00796	0.01194	0.01841	0.00796	0.01393	0.00945	0.01095	0.00647	0.00746	0.00597	0.00398	0.00299	0.00100	0.00498	0.00249	0.00199	0.00597
11	0.01055	0.01075	0.01217	0.12213	0.17415	0.18062	0.02991	0.01324	0.06605	0.01366	0.08296	0.18426	0.01608	0.01793	0.00541	0.00157	0.02110	0.02884	0.00319	0.00543
12	0.00791	0.00710	0.01096	0.10709	0.01341	0.00708	0.14249	0.04217	0.01093	0.01412	0.10808	0.03163	0.30625	0.05510	0.00680	0.00179	0.03239	0.08637	0.00364	0.00471
13	0.00670	0.00454	0.00537	0.00558	0.00609	0.00428	0.00360	0.00732	0.00863	0.03687	0.07763	0.26192	0.14548	0.38922	0.01391	0.00299	0.00348	0.00913	0.00374	0.00354
14	0.01669	0.01037	0.01208	0.03538	0.02682	0.01087	0.00788	0.44467	0.01768	0.23501	0.07724	0.01542	0.03375	0.00606	0.00471	0.00141	0.00446	0.00481	0.02735	0.00733
15	0.00785	0.00645	0.00907	0.22752	0.06789	0.00699	0.00720	0.03432	0.03914	0.01290	0.08337	0.11467	0.11899	0.19519	0.04655	0.00250	0.00471	0.00692	0.00325	0.00453
16	0.00612	0.00436	0.00554	0.00634	0.00680	0.00412	0.00429	0.02635	0.00935	0.01254	0.04272	0.68922	0.07285	0.05150	0.00660	0.00195	0.00280	0.01213	0.03055	0.00388
17	0.00615	0.00512	0.00603	0.00685	0.05832	0.00458	0.00459	0.00769	0.02756	0.01312	0.08337	0.20307	0.51979	0.01163	0.00553	0.00163	0.00269	0.02381	0.00424	0.00423
18	0.01189	0.56541	0.11661	0.00865	0.01257	0.04433	0.00873	0.01444	0.04711	0.03754	0.05342	0.01083	0.01944	0.00547	0.02518	0.00131	0.00524	0.00332	0.00247	0.00602
19	0.57707	0.05522	0.04226	0.00851	0.01164	0.04761	0.10111	0.01367	0.00865	0.01813	0.00742	0.00914	0.00594	0.00673	0.06868	0.00191	0.00525	0.00313	0.00268	0.00526
20	0.03776	0.04884	0.04276	0.02292	0.07059	0.03732	0.07784	0.08858	0.08224	0.03712	0.03484	0.12127	0.03267	0.10883	0.13287	0.00278	0.00599	0.00603	0.00331	0.00542

[dist]
# distance from previous block
# <min> <max>
1	40

[block]
# block no. 7 follows, 55 sequences, length 27
# corresponding to MSA columns:
# 1113-1139
name=unknown_H
#
# <colnr> <probs for GDERKNQSTAVLIFYWHMCP>
#	G	D	E	R	K	N	Q	S	T	A	V	L	I	F	Y	W	H	M	C	P
0	0.00726	0.00486	0.00618	0.00665	0.00757	0.00461	0.00510	0.00865	0.00998	0.04765	0.08281	0.23208	0.13300	0.12224	0.00819	0.00219	0.00340	0.25695	0.04657	0.00409
1	0.03451	0.04349	0.01342	0.01088	0.01393	0.33498	0.00861	0.34680	0.11322	0.02016	0.01028	0.01062	0.00779	0.00528	0.00439	0.00133	0.00621	0.00375	0.00364	0.00671
2	0.23808	0.04236	0.01118	0.03605	0.02673	0.10260	0.04480	0.11608	0.07553	0.07635	0.05148	0.09179	0.01151	0.00599	0.00422	0.00141	0.00459	0.00475	0.00357	0.05092
3	0.01157	0.00999	0.01052	0.00947	0.01210	0.01157	0.00736	0.02472	0.79908	0.01946	0.01893	0.01736	0.01420	0.00631	0.00473	0.00158	0.00368	0.00526	0.00473	0.00736
4	0.03511	0.26531	0.41920	0.01215	0.01754	0.01299	0.12159	0.01423	0.00979	0.01371	0.00841	0.03471	0.00682	0.00453	0.00414	0.00136	0.00622	0.00371	0.00212	0.00637
5	0.00923	0.00676	0.00947	0.03859	0.17081	0.00659	0.00725	0.03376	0.04051	0.08904	0.07687	0.21360	0.16411	0.00948	0.00529	0.00162	0.00366	0.08278	0.02524	0.00533
6	0.00682	0.00522	0.00631	0.00596	0.00728	0.00495	0.00449	0.00981	0.08362	0.01753	0.58526	0.03515	0.19076	0.00967	0.00542	0.00149	0.00236	0.00840	0.00493	0.00457
7	0.00879	0.00827	0.01395	0.82532	0.03204	0.01034	0.01292	0.01189	0.00930	0.01189	0.00827	0.01240	0.00620	0.00465	0.00465	0.00155	0.00620	0.00413	0.00207	0.00517
8	0.00610	0.00440	0.00550	0.00619	0.00683	0.00410	0.00440	0.00718	0.00949	0.01254	0.06668	0.46559	0.16735	0.08098	0.00726	0.00203	0.00293	0.10152	0.03510	0.00384
9	0.01141	0.02685	0.06396	0.03962	0.09487	0.02258	0.00789	0.12213	0.06834	0.11835	0.05789	0.11040	0.07769	0.03564	0.02847	0.00178	0.00445	0.04457	0.05717	0.00593
10	0.36884	0.00917	0.00914	0.00745	0.01069	0.00943	0.00610	0.15906	0.01151	0.07593	0.01010	0.03535	0.00833	0.00517	0.00374	0.00129	0.00388	0.04237	0.00350	0.21896
11	0.00556	0.00469	0.00481	0.00484	0.00633	0.00394	0.00361	0.00677	0.01067	0.01284	0.08370	0.07455	0.73827	0.01178	0.00551	0.00158	0.00236	0.00988	0.00436	0.00394
12	0.01261	0.00618	0.00788	0.00667	0.00896	0.00548	0.00528	0.01466	0.02878	0.35392	0.27133	0.02778	0.18397	0.00817	0.00505	0.00146	0.00301	0.00690	0.03606	0.00585
13	0.01189	0.01802	0.38817	0.05251	0.01810	0.07622	0.05836	0.18172	0.07025	0.01775	0.01061	0.01324	0.00820	0.00530	0.00466	0.00149	0.00627	0.04756	0.00294	0.00675
14	0.00879	0.00827	0.01395	0.82532	0.03204	0.01034	0.01292	0.01189	0.00930	0.01189	0.00827	0.01240	0.00620	0.00465	0.00465	0.00155	0.00620	0.00413	0.00207	0.00517
15	0.00989	0.00815	0.00895	0.00844	0.01037	0.00906	0.00637	0.06025	0.48419	0.01761	0.04531	0.25360	0.04027	0.00890	0.00512	0.00165	0.00340	0.00771	0.00461	0.00618
16	0.00914	0.00863	0.01459	0.72321	0.13142	0.01043	0.01309	0.01219	0.00947	0.01231	0.00833	0.01229	0.00635	0.00459	0.00465	0.00153	0.00612	0.00414	0.00210	0.00545
17	0.00689	0.00513	0.00635	0.00660	0.00773	0.00499	0.00503	0.00919	0.06666	0.02903	0.14883	0.21857	0.22282	0.03058	0.08103	0.00232	0.00383	0.13578	0.00429	0.00434
18	0.01002	0.00760	0.02759	0.13009	0.13324	0.00732	0.06162	0.01246	0.03484	0.13302	0.07300	0.24357	0.05862	0.00850	0.00523	0.00162	0.00430	0.03803	0.00379	0.00555
19	0.00594	0.00456	0.00546	0.00590	0.00688	0.00410	0.00434	0.00721	0.01032	0.01324	0.13933	0.31450	0.33967	0.02598	0.00604	0.00178	0.00270	0.09370	0.00440	0.00396
20	0.00855	0.00708	0.00888	0.00725	0.00990	0.00618	0.04394	0.05490	0.03741	0.01632	0.20706	0.04220	0.16462	0.00738	0.00473	0.00125	0.00329	0.04493	0.00387	0.32027
21	0.05688	0.03289	0.08886	0.07951	0.05424	0.09167	0.05965	0.22454	0.04735	0.04633	0.02757	0.05702	0.06864	0.00614	0.00479	0.01185	0.00528	0.00494	0.00346	0.02838
22	0.00895	0.00775	0.01206	0.03914	0.34840	0.00795	0.00916	0.03075	0.00963	0.01333	0.01519	0.06717	0.07952	0.10204	0.19333	0.00320	0.00653	0.03760	0.00283	0.00547
23	0.00617	0.00443	0.00536	0.00579	0.00625	0.00422	0.00384	0.00687	0.00855	0.01119	0.04664	0.33493	0.14943	0.30920	0.04340	0.00299	0.00372	0.03977	0.00373	0.00351
24	0.07953	0.24884	0.40658	0.03809	0.01691	0.01321	0.04069	0.04033	0.00986	0.01439	0.00769	0.00923	0.00598	0.00450	0.00448	0.00137	0.04655	0.00325	0.00216	0.00634
25	0.02572	0.04188	0.13728	0.04811	0.08772	0.03294	0.10554	0.08633	0.03523	0.06542	0.02837	0.01494	0.04909	0.00694	0.04539	0.00172	0.05680	0.02709	0.00302	0.10045
26	0.00937	0.00864	0.01355	0.01115	0.02706	0.05161	0.25399	0.02608	0.04783	0.03418	0.08082	0.12785	0.10609	0.09635	0.00725	0.00188	0.00496	0.03665	0.04961	0.00508

[dist]
# distance from previous block
# <min> <max>
0	52

[block]
# block no. 8 follows, 55 sequences, length 20
# corresponding to MSA columns:
# 1197-1216
name=unknown_I
#
# <colnr> <probs for GDERKNQSTAVLIFYWHMCP>
#	G	D	E	R	K	N	Q	S	T	A	V	L	I	F	Y	W	H	M	C	P
0	0.06359	0.04211	0.08053	0.01866	0.05145	0.10251	0.03126	0.01165	0.01002	0.07004	0.01833	0.29689	0.08887	0.00939	0.02202	0.00168	0.03088	0.00747	0.00345	0.03919
1	0.00638	0.00616	0.05339	0.04887	0.00919	0.00504	0.03720	0.00786	0.00984	0.01263	0.08771	0.23655	0.34693	0.10202	0.00750	0.00196	0.00335	0.00940	0.00388	0.00413
2	0.01216	0.12405	0.01603	0.03802	0.03320	0.16640	0.10025	0.06201	0.05389	0.01357	0.00929	0.01307	0.00821	0.00718	0.03951	0.00177	0.21905	0.04877	0.00262	0.03094
3	0.33119	0.05794	0.10336	0.00834	0.04472	0.00940	0.00711	0.01269	0.05577	0.01699	0.08826	0.05660	0.08096	0.01974	0.00490	0.00153	0.04867	0.00482	0.04174	0.00526
4	0.00646	0.00472	0.00655	0.00673	0.00733	0.00514	0.00489	0.00763	0.00771	0.01071	0.01653	0.15944	0.04838	0.18618	0.49335	0.00571	0.00885	0.00692	0.00294	0.00382
5	0.04446	0.14159	0.24922	0.01267	0.01606	0.01338	0.12242	0.01327	0.00884	0.01309	0.00730	0.00989	0.00612	0.00567	0.00836	0.00162	0.31426	0.00378	0.00209	0.00591
6	0.11478	0.00754	0.08590	0.00760	0.00912	0.00688	0.00645	0.00954	0.00895	0.01396	0.16189	0.13187	0.01895	0.08226	0.24712	0.00358	0.06952	0.00638	0.00323	0.00449
7	0.00905	0.01894	0.58623	0.01226	0.04838	0.00939	0.01412	0.01336	0.00974	0.03738	0.01247	0.07071	0.05483	0.00815	0.07291	0.00201	0.00665	0.00469	0.00244	0.00631
8	0.00817	0.00553	0.00653	0.00616	0.00769	0.00510	0.00463	0.06898	0.01209	0.08830	0.24664	0.19092	0.31024	0.01068	0.00544	0.00158	0.00274	0.00919	0.00470	0.00470
9	0.38041	0.01192	0.01076	0.00881	0.01204	0.07433	0.00719	0.37640	0.04009	0.02403	0.00911	0.00961	0.00674	0.00501	0.00386	0.00141	0.00468	0.00342	0.00373	0.00648
10	0.01038	0.01389	0.21644	0.26993	0.27156	0.04702	0.01382	0.01464	0.07066	0.01421	0.00921	0.01167	0.00710	0.00457	0.00456	0.00146	0.00606	0.00400	0.00234	0.00647
11	0.00628	0.00490	0.00573	0.00573	0.00694	0.00449	0.00421	0.00843	0.05417	0.01515	0.33189	0.18290	0.32995	0.01112	0.00553	0.00159	0.00243	0.00965	0.00465	0.00426
12	0.00664	0.00481	0.00671	0.00676	0.00733	0.00536	0.00491	0.00779	0.00734	0.01035	0.01367	0.05829	0.01397	0.25936	0.55827	0.00639	0.00979	0.00586	0.00267	0.00376
13	0.00932	0.03953	0.73259	0.01315	0.01962	0.01073	0.04849	0.01440	0.00983	0.01455	0.00902	0.04171	0.00690	0.00478	0.00449	0.00148	0.00672	0.00388	0.00207	0.00671
14	0.51135	0.01350	0.22312	0.01021	0.07371	0.03296	0.02621	0.01400	0.00887	0.01819	0.00769	0.02810	0.00612	0.00458	0.00359	0.00145	0.00483	0.00322	0.00260	0.00571
15	0.00921	0.00723	0.00784	0.00713	0.00903	0.00754	0.00541	0.09638	0.25350	0.03244	0.11394	0.07268	0.26247	0.08586	0.00687	0.00183	0.00329	0.00747	0.00446	0.00542
16	0.03155	0.00454	0.00577	0.00661	0.00719	0.00436	0.00465	0.00760	0.03253	0.01292	0.06808	0.64939	0.06163	0.01351	0.00581	0.00185	0.00283	0.07086	0.00433	0.00400
17	0.01115	0.33901	0.39982	0.01154	0.01694	0.01404	0.07251	0.05961	0.01047	0.01412	0.00786	0.00919	0.00613	0.00428	0.00396	0.00129	0.00611	0.00327	0.00216	0.00654
18	0.00980	0.00851	0.01353	0.67204	0.04854	0.02392	0.01205	0.02780	0.00982	0.05873	0.00944	0.02451	0.00733	0.00570	0.02261	0.00168	0.02060	0.01559	0.00242	0.00539
19	0.04442	0.00748	0.00793	0.00712	0.00913	0.00807	0.00553	0.13137	0.22551	0.04685	0.04063	0.08439	0.04636	0.00678	0.00427	0.00139	0.00319	0.00557	0.30824	0.00578

[dist]
# distance from previous block
# <min> <max>
0	4

# created by:
# /st0/software/busco_prod/Augustus/scripts/msa2prfl.pl ./align_prep/37581.fa
