[name]
unknown

[dist]
# distance from previous block
# <min> <max>
0	18

[block]
# block no. 0 follows, 71 sequences, length 43
# corresponding to MSA columns:
# 18-60
name=unknown_A
#
# <colnr> <probs for GDERKNQSTAVLIFYWHMCP>
#	G	D	E	R	K	N	Q	S	T	A	V	L	I	F	Y	W	H	M	C	P
0	0.00586	0.00454	0.00542	0.00512	0.00628	0.00440	0.00389	0.00878	0.12717	0.01442	0.55085	0.02852	0.18559	0.00789	0.00445	0.00125	0.00205	0.02560	0.00403	0.00389
1	0.00558	0.00469	0.02390	0.00570	0.02069	0.00425	0.02332	0.00767	0.07344	0.01246	0.31450	0.23459	0.19811	0.03584	0.01635	0.00147	0.00245	0.00767	0.00365	0.00368
2	0.00548	0.00411	0.00616	0.00616	0.00685	0.00479	0.00479	0.00685	0.00616	0.00890	0.01027	0.01506	0.00959	0.02876	0.85006	0.00616	0.01027	0.00411	0.00205	0.00342
3	0.00715	0.00357	0.00357	0.00357	0.00447	0.00357	0.00268	0.00893	0.00804	0.01429	0.01251	0.01429	0.00983	0.00447	0.00268	0.00089	0.00179	0.00357	0.88654	0.00357
4	0.63843	0.04399	0.07971	0.04837	0.06280	0.00891	0.03129	0.01148	0.00706	0.03026	0.00591	0.00703	0.00456	0.00357	0.00274	0.00118	0.00356	0.00240	0.00224	0.00451
5	0.00520	0.00391	0.00481	0.00458	0.00559	0.00352	0.00344	0.00679	0.01032	0.01410	0.63576	0.03074	0.24053	0.00831	0.00452	0.00123	0.00184	0.00723	0.00405	0.00352
6	0.00715	0.00357	0.00357	0.00357	0.00447	0.00357	0.00268	0.00893	0.00804	0.01429	0.01251	0.01429	0.00983	0.00447	0.00268	0.00089	0.00179	0.00357	0.88654	0.00357
7	0.02641	0.03661	0.01050	0.00826	0.01095	0.01096	0.00670	0.45186	0.35882	0.02018	0.01170	0.01119	0.00860	0.00479	0.00380	0.00120	0.00370	0.00375	0.00377	0.00624
8	0.00553	0.00375	0.00492	0.00504	0.00529	0.00394	0.00337	0.00589	0.00595	0.00814	0.01223	0.13489	0.01343	0.40393	0.27835	0.08915	0.00554	0.00562	0.00234	0.00271
9	0.00795	0.00681	0.00795	0.00568	0.00909	0.00511	0.00454	0.00965	0.00795	0.01249	0.00681	0.00795	0.00568	0.00284	0.00284	0.00057	0.00284	0.00227	0.00227	0.88869
10	0.00742	0.00589	0.00702	0.00552	0.00803	0.00478	0.00431	0.00942	0.04138	0.03929	0.20881	0.05751	0.04292	0.00489	0.00348	0.00084	0.00255	0.00416	0.00299	0.53881
11	0.00819	0.18480	0.68479	0.01008	0.01528	0.01012	0.01269	0.01201	0.00804	0.01154	0.00658	0.00772	0.00487	0.00357	0.00341	0.00114	0.00536	0.00268	0.00162	0.00552
12	0.00551	0.00398	0.00553	0.00553	0.00600	0.00445	0.00401	0.00644	0.00598	0.00844	0.01085	0.01825	0.01097	0.29438	0.58633	0.00539	0.00819	0.00457	0.00214	0.00307
13	0.00715	0.00357	0.00357	0.00357	0.00447	0.00357	0.00268	0.00893	0.00804	0.01429	0.01251	0.01429	0.00983	0.00447	0.00268	0.00089	0.00179	0.00357	0.88654	0.00357
14	0.00793	0.10005	0.76729	0.01051	0.01596	0.00950	0.01345	0.01208	0.00807	0.01185	0.00673	0.00791	0.00486	0.00361	0.00353	0.00118	0.00552	0.00276	0.00162	0.00560
15	0.00557	0.00375	0.00437	0.00437	0.00443	0.00382	0.00256	0.00570	0.00563	0.00757	0.01191	0.02414	0.01353	0.78609	0.09811	0.00395	0.00434	0.00544	0.00230	0.00243
16	0.48032	0.00928	0.00787	0.00675	0.00920	0.08906	0.00543	0.18616	0.14356	0.01775	0.00788	0.00823	0.00595	0.00408	0.00303	0.00118	0.00362	0.00277	0.00289	0.00499
17	0.46531	0.00694	0.00773	0.00911	0.19007	0.00743	0.00573	0.01060	0.00778	0.05317	0.08096	0.06991	0.06172	0.00492	0.00325	0.00121	0.00311	0.00385	0.00269	0.00451
18	0.01084	0.00899	0.01269	0.01542	0.40410	0.00934	0.02203	0.20836	0.13801	0.05325	0.00976	0.03655	0.00777	0.00427	0.00383	0.00116	0.00407	0.00379	0.00287	0.04289
19	0.00689	0.00447	0.00598	0.02666	0.06656	0.00438	0.00422	0.00761	0.00733	0.10274	0.02969	0.33133	0.04977	0.30353	0.00986	0.00221	0.02299	0.00721	0.00307	0.00350
20	0.00995	0.00911	0.01431	0.06286	0.63477	0.03767	0.02455	0.01298	0.08701	0.05681	0.00837	0.01010	0.00670	0.00369	0.00381	0.00116	0.00448	0.00351	0.00223	0.00593
21	0.00825	0.00785	0.01333	0.48162	0.39291	0.00878	0.01115	0.01068	0.00815	0.01102	0.00699	0.00989	0.00554	0.00365	0.00382	0.00122	0.00486	0.00341	0.00179	0.00508
22	0.00715	0.00357	0.00357	0.00357	0.00447	0.00357	0.00268	0.00893	0.00804	0.01429	0.01251	0.01429	0.00983	0.00447	0.00268	0.00089	0.00179	0.00357	0.88654	0.00357
23	0.00919	0.00897	0.01589	0.04670	0.67921	0.00894	0.11375	0.01155	0.00871	0.01233	0.00784	0.03150	0.00676	0.00374	0.00394	0.00118	0.00474	0.01731	0.00197	0.00579
24	0.01005	0.02020	0.16536	0.00801	0.04128	0.00651	0.03110	0.04460	0.07731	0.23854	0.23771	0.03409	0.02491	0.01753	0.00428	0.00126	0.00347	0.02499	0.00358	0.00522
25	0.00690	0.00356	0.00520	0.00511	0.00521	0.00359	0.00345	0.03036	0.00540	0.00720	0.00674	0.01158	0.00666	0.01305	0.01464	0.86112	0.00336	0.00333	0.00173	0.00181
26	0.00471	0.00337	0.00448	0.00531	0.00557	0.00314	0.00356	0.00543	0.00752	0.01007	0.06248	0.82060	0.02591	0.01180	0.00488	0.00154	0.00220	0.01070	0.00359	0.00314
27	0.00939	0.03300	0.25878	0.02706	0.11639	0.03758	0.25606	0.07416	0.02376	0.04285	0.00828	0.04577	0.00660	0.00412	0.00433	0.00124	0.03918	0.00387	0.00217	0.00542
28	0.00933	0.10105	0.47394	0.01099	0.07568	0.00974	0.04980	0.10186	0.06095	0.04442	0.02203	0.00915	0.00631	0.00388	0.00364	0.00117	0.00499	0.00315	0.00220	0.00571
29	0.01315	0.03102	0.07496	0.00996	0.03665	0.62227	0.00783	0.02403	0.06594	0.04122	0.02168	0.00822	0.00616	0.00413	0.00366	0.00105	0.01826	0.00280	0.00223	0.00479
30	0.00929	0.16009	0.04085	0.00947	0.02192	0.12134	0.02579	0.01043	0.00712	0.00943	0.00636	0.00880	0.02480	0.00651	0.04349	0.00158	0.48338	0.00316	0.00178	0.00440
31	0.00877	0.00729	0.00978	0.07576	0.03258	0.00643	0.07236	0.05940	0.02418	0.05670	0.00909	0.01884	0.04098	0.00369	0.00354	0.00085	0.02373	0.00313	0.00250	0.54043
32	0.02528	0.28680	0.39793	0.00920	0.01354	0.01083	0.05272	0.05399	0.02555	0.07982	0.00737	0.00815	0.00552	0.00368	0.00332	0.00109	0.00484	0.00280	0.00207	0.00550
33	0.00546	0.00517	0.06208	0.02705	0.09092	0.00428	0.00528	0.00665	0.00773	0.01041	0.03689	0.61713	0.06713	0.01015	0.00466	0.00147	0.00276	0.02791	0.00323	0.00364
34	0.00551	0.00397	0.00546	0.00546	0.00591	0.00441	0.00392	0.00640	0.00595	0.00838	0.01091	0.01861	0.01112	0.32430	0.55661	0.00530	0.00795	0.00463	0.00215	0.00303
35	0.01117	0.09149	0.18865	0.01032	0.02778	0.09183	0.16775	0.08710	0.10412	0.14157	0.00929	0.00983	0.00675	0.00397	0.00374	0.00115	0.00489	0.00343	0.00268	0.03248
36	0.01012	0.02459	0.03509	0.05276	0.46824	0.02110	0.14295	0.12028	0.02943	0.03083	0.02254	0.01002	0.00672	0.00372	0.00391	0.00117	0.00478	0.00364	0.00229	0.00583
37	0.00496	0.00374	0.01560	0.00529	0.00577	0.00343	0.00375	0.00570	0.00738	0.00978	0.04339	0.56608	0.11745	0.04368	0.07640	0.04412	0.00304	0.03402	0.00329	0.00312
38	0.00548	0.00411	0.00616	0.00616	0.00685	0.00479	0.00479	0.00685	0.00616	0.00890	0.01027	0.01506	0.00959	0.02876	0.85006	0.00616	0.01027	0.00411	0.00205	0.00342
39	0.27818	0.03854	0.02608	0.00698	0.00985	0.02414	0.00586	0.31373	0.03119	0.09676	0.00828	0.00856	0.00605	0.00402	0.00320	0.00108	0.00359	0.00288	0.01850	0.11254
40	0.05045	0.34274	0.12350	0.00777	0.01090	0.12325	0.00739	0.11686	0.05240	0.06523	0.05937	0.00916	0.00768	0.00407	0.00321	0.00102	0.00440	0.00293	0.00247	0.00520
41	0.06567	0.25863	0.18023	0.00923	0.08968	0.04628	0.00818	0.09848	0.04024	0.08577	0.03850	0.02173	0.03342	0.00424	0.00335	0.00108	0.00423	0.00323	0.00249	0.00534
42	0.06206	0.10183	0.19563	0.02284	0.03276	0.03784	0.00774	0.05309	0.04891	0.30078	0.03250	0.01194	0.05262	0.00453	0.00360	0.00115	0.00398	0.00355	0.00316	0.01949

[dist]
# distance from previous block
# <min> <max>
0	53

[block]
# block no. 1 follows, 71 sequences, length 30
# corresponding to MSA columns:
# 114-143
name=unknown_B
#
# <colnr> <probs for GDERKNQSTAVLIFYWHMCP>
#	G	D	E	R	K	N	Q	S	T	A	V	L	I	F	Y	W	H	M	C	P
0	0.04444	0.06226	0.03723	0.00871	0.01175	0.08419	0.00736	0.65682	0.01610	0.02138	0.00849	0.00869	0.00616	0.00440	0.00367	0.00112	0.00445	0.00322	0.00343	0.00614
1	0.03893	0.04850	0.15209	0.00874	0.01204	0.01091	0.00806	0.45331	0.19440	0.01949	0.00993	0.00991	0.00723	0.00448	0.00371	0.00118	0.00416	0.00344	0.00334	0.00614
2	0.00605	0.08851	0.04227	0.00539	0.00660	0.00472	0.00425	0.00706	0.00802	0.05934	0.02348	0.46592	0.24479	0.00974	0.00444	0.00138	0.00254	0.00850	0.00336	0.00364
3	0.23518	0.00863	0.00888	0.00714	0.00967	0.00948	0.00583	0.45832	0.01369	0.04931	0.14538	0.01179	0.01092	0.00488	0.00358	0.00117	0.00347	0.00369	0.00356	0.00544
4	0.04451	0.16667	0.14202	0.00652	0.00893	0.00734	0.00615	0.04516	0.03182	0.09278	0.05816	0.19946	0.16196	0.00688	0.00388	0.00123	0.00329	0.00572	0.00302	0.00451
5	0.00956	0.06259	0.62308	0.01026	0.02899	0.03796	0.01215	0.03449	0.00884	0.12527	0.00795	0.00868	0.00556	0.00381	0.00361	0.00118	0.00524	0.00294	0.00212	0.00573
6	0.00911	0.00856	0.01424	0.26659	0.49447	0.00914	0.04604	0.05978	0.03182	0.01250	0.00747	0.00986	0.00596	0.00365	0.00384	0.00119	0.00474	0.00349	0.00201	0.00553
7	0.00825	0.01608	0.53944	0.01103	0.01560	0.04490	0.14273	0.01288	0.09595	0.01265	0.05717	0.01028	0.00759	0.00400	0.00386	0.00123	0.00534	0.00349	0.00208	0.00546
8	0.02382	0.05941	0.49558	0.01212	0.13100	0.05135	0.04922	0.01304	0.04050	0.07713	0.00780	0.00883	0.00569	0.00373	0.00364	0.00118	0.00520	0.00306	0.00204	0.00566
9	0.00944	0.01033	0.11117	0.02143	0.69773	0.00903	0.04131	0.01199	0.00872	0.03154	0.00738	0.00944	0.00600	0.00347	0.00381	0.00115	0.00472	0.00340	0.00193	0.00600
10	0.00536	0.00407	0.00481	0.00503	0.00589	0.00378	0.00364	0.05444	0.00897	0.01164	0.13802	0.39252	0.30458	0.01018	0.00467	0.00140	0.00223	0.03165	0.00367	0.00344
11	0.00979	0.07780	0.40162	0.01114	0.06348	0.05297	0.08453	0.11285	0.05604	0.04505	0.00783	0.00886	0.00580	0.00396	0.00407	0.00119	0.04203	0.00317	0.00221	0.00562
12	0.00934	0.01005	0.09079	0.16972	0.37874	0.02392	0.18148	0.03855	0.00897	0.04036	0.00753	0.00974	0.00585	0.00357	0.00394	0.00120	0.00514	0.00359	0.00201	0.00552
13	0.01074	0.38834	0.18197	0.01003	0.11555	0.01221	0.00885	0.18252	0.01020	0.03644	0.00696	0.00779	0.00551	0.00369	0.00319	0.00102	0.00447	0.00272	0.00221	0.00559
14	0.00470	0.00344	0.00442	0.00516	0.00555	0.00316	0.00352	0.00545	0.00764	0.01004	0.04483	0.72003	0.13160	0.01158	0.00484	0.00152	0.00220	0.02359	0.00358	0.00315
15	0.01078	0.00987	0.11929	0.02188	0.17011	0.04731	0.21873	0.01313	0.00924	0.22495	0.01086	0.10738	0.00886	0.00475	0.00409	0.00124	0.00471	0.00455	0.00279	0.00547
16	0.00934	0.00896	0.01529	0.07936	0.78669	0.00907	0.01169	0.01164	0.00866	0.01234	0.00719	0.00954	0.00601	0.00344	0.00380	0.00115	0.00459	0.00342	0.00188	0.00595
17	0.00722	0.02676	0.01026	0.10190	0.23791	0.00638	0.06213	0.00897	0.00828	0.02577	0.01459	0.25801	0.03062	0.00753	0.00446	0.00141	0.00378	0.17689	0.00277	0.00438
18	0.00893	0.01205	0.21341	0.02999	0.01829	0.00905	0.54997	0.01228	0.00891	0.05148	0.02983	0.02230	0.00682	0.00365	0.00428	0.00127	0.00592	0.00423	0.00207	0.00526
19	0.01124	0.00666	0.00965	0.05823	0.06493	0.00672	0.06082	0.05498	0.05124	0.32760	0.01459	0.19107	0.04040	0.00638	0.00487	0.00132	0.07506	0.00543	0.00356	0.00522
20	0.00893	0.00854	0.01456	0.22989	0.63933	0.00896	0.01149	0.01128	0.00847	0.01185	0.00711	0.00967	0.00583	0.00352	0.00381	0.00117	0.00469	0.00341	0.00185	0.00562
21	0.00831	0.03488	0.55905	0.01239	0.01738	0.02943	0.25982	0.01225	0.00844	0.01205	0.00709	0.00871	0.00515	0.00352	0.00388	0.00122	0.00590	0.00332	0.00172	0.00547
22	0.00844	0.01848	0.75132	0.01083	0.01623	0.00870	0.04568	0.01263	0.00834	0.07336	0.00752	0.00855	0.00524	0.00371	0.00369	0.00122	0.00552	0.00298	0.00186	0.00571
23	0.01267	0.00939	0.01006	0.06126	0.14596	0.19792	0.00715	0.05608	0.01026	0.29895	0.01226	0.10354	0.02869	0.00532	0.00391	0.00119	0.00433	0.02249	0.00324	0.00533
24	0.00882	0.00842	0.01435	0.27304	0.59710	0.00893	0.01143	0.01118	0.00841	0.01171	0.00709	0.00971	0.00578	0.00354	0.00381	0.00118	0.00472	0.00341	0.00184	0.00553
25	0.00920	0.10548	0.29398	0.01040	0.01417	0.00848	0.22689	0.01201	0.00864	0.12759	0.01063	0.11803	0.02751	0.00485	0.00396	0.00123	0.00485	0.00448	0.00243	0.00519
26	0.00821	0.01544	0.49444	0.01390	0.13973	0.00897	0.21525	0.01194	0.00844	0.01218	0.00804	0.00966	0.02856	0.00368	0.00391	0.00122	0.00560	0.00349	0.00179	0.00554
27	0.00735	0.00682	0.01141	0.65573	0.13542	0.00810	0.01019	0.00972	0.00784	0.01024	0.00830	0.06200	0.00717	0.00455	0.00395	0.00130	0.00480	0.03880	0.00192	0.00441
28	0.00787	0.01897	0.77065	0.01139	0.05518	0.02829	0.01369	0.01207	0.00817	0.01205	0.00715	0.02465	0.00531	0.00380	0.00367	0.00121	0.00558	0.00301	0.00168	0.00561
29	0.00539	0.00436	0.00685	0.00705	0.02662	0.00419	0.09153	0.00639	0.00754	0.01012	0.01888	0.69859	0.02213	0.02219	0.00521	0.00156	0.02200	0.03267	0.00329	0.00343

[dist]
# distance from previous block
# <min> <max>
0	1

[block]
# block no. 2 follows, 71 sequences, length 31
# corresponding to MSA columns:
# 145-175
name=unknown_C
#
# <colnr> <probs for GDERKNQSTAVLIFYWHMCP>
#	G	D	E	R	K	N	Q	S	T	A	V	L	I	F	Y	W	H	M	C	P
0	0.01197	0.01103	0.20935	0.01136	0.09482	0.00818	0.16113	0.11269	0.01045	0.28638	0.01052	0.03765	0.00753	0.00429	0.00395	0.00122	0.00463	0.00387	0.00306	0.00592
1	0.01005	0.05416	0.03672	0.05190	0.58911	0.12176	0.03020	0.02646	0.00906	0.01197	0.00717	0.02105	0.00607	0.00364	0.00371	0.00112	0.00490	0.00334	0.00194	0.00566
2	0.00804	0.00751	0.01276	0.01742	0.52477	0.00738	0.07163	0.00996	0.00848	0.01182	0.02365	0.20031	0.04539	0.00582	0.00418	0.00127	0.00401	0.02806	0.00241	0.00513
3	0.00658	0.00561	0.00897	0.01064	0.19750	0.00545	0.08250	0.04123	0.00826	0.01123	0.01622	0.55383	0.01837	0.00893	0.00457	0.00142	0.00323	0.00829	0.00304	0.00412
4	0.01362	0.01177	0.02839	0.00964	0.03354	0.19664	0.03380	0.39341	0.01344	0.11118	0.00850	0.00906	0.00626	0.00463	0.00483	0.00119	0.10799	0.00329	0.00311	0.00571
5	0.01356	0.00998	0.01086	0.00861	0.01141	0.01099	0.00715	0.72941	0.01692	0.02263	0.01055	0.01332	0.00840	0.00533	0.00401	0.00122	0.00414	0.10156	0.00380	0.00616
6	0.00938	0.00920	0.01631	0.04393	0.72128	0.00917	0.11027	0.01178	0.00874	0.01243	0.00727	0.00961	0.00602	0.00340	0.00388	0.00116	0.00480	0.00355	0.00190	0.00592
7	0.00501	0.00390	0.00454	0.00438	0.00547	0.00344	0.00329	0.00642	0.00986	0.01302	0.46354	0.03252	0.41342	0.00872	0.00453	0.00125	0.00187	0.00748	0.00391	0.00344
8	0.00554	0.00432	0.00497	0.00496	0.00590	0.00419	0.00357	0.00777	0.11077	0.01173	0.21556	0.18306	0.27570	0.11303	0.03007	0.00175	0.00255	0.00746	0.00356	0.00355
9	0.00464	0.00387	0.00405	0.00404	0.00526	0.00328	0.00302	0.00570	0.00894	0.01092	0.13121	0.06479	0.71797	0.00957	0.00454	0.00129	0.00194	0.00806	0.00364	0.00328
10	0.00930	0.00892	0.01523	0.09252	0.77381	0.00906	0.01167	0.01160	0.00864	0.01230	0.00718	0.00955	0.00599	0.00345	0.00380	0.00115	0.00460	0.00342	0.00188	0.00592
11	0.00799	0.00733	0.01119	0.61441	0.07568	0.00883	0.00973	0.02779	0.17493	0.01151	0.00866	0.01098	0.00653	0.00410	0.00384	0.00127	0.00464	0.00360	0.00220	0.00479
12	0.00658	0.00983	0.22645	0.00649	0.00901	0.10702	0.00644	0.00849	0.00890	0.01088	0.05276	0.02542	0.49256	0.00735	0.00417	0.00123	0.00352	0.00599	0.00288	0.00404
13	0.01120	0.11634	0.34430	0.00888	0.01305	0.00867	0.04519	0.07254	0.00960	0.24176	0.00916	0.00939	0.00638	0.00388	0.00354	0.00110	0.00449	0.00309	0.00271	0.08473
14	0.00724	0.00681	0.01150	0.85604	0.02641	0.00852	0.01065	0.00980	0.00767	0.00980	0.00681	0.01022	0.00511	0.00383	0.00383	0.00128	0.00511	0.00341	0.00170	0.00426
15	0.01178	0.01221	0.00975	0.00867	0.01085	0.32368	0.00668	0.09138	0.45311	0.01429	0.01141	0.01108	0.00871	0.00468	0.00373	0.00117	0.00459	0.00356	0.00318	0.00550
16	0.00936	0.00898	0.01533	0.07057	0.79529	0.00908	0.01170	0.01166	0.00867	0.01237	0.00719	0.00953	0.00602	0.00344	0.00380	0.00115	0.00459	0.00342	0.00189	0.00597
17	0.00759	0.00723	0.01189	0.66975	0.09632	0.00900	0.01045	0.00989	0.00752	0.00996	0.00661	0.00991	0.00519	0.00418	0.00500	0.00132	0.11866	0.00340	0.00172	0.00441
18	0.00949	0.00911	0.01556	0.02353	0.84133	0.00911	0.01177	0.01177	0.00873	0.01253	0.00721	0.00949	0.00607	0.00342	0.00380	0.00114	0.00456	0.00342	0.00190	0.00607
19	0.00927	0.00818	0.01007	0.08910	0.01122	0.06520	0.04219	0.08448	0.12077	0.03408	0.00888	0.01141	0.00743	0.05877	0.02243	0.00158	0.29759	0.00368	0.10909	0.00458
20	0.00613	0.00453	0.00523	0.00504	0.00635	0.00418	0.00398	0.06202	0.00999	0.04186	0.23755	0.03306	0.42604	0.00885	0.00457	0.00133	0.00235	0.12945	0.00378	0.00371
21	0.00546	0.00440	0.00479	0.00462	0.00589	0.00411	0.00348	0.00787	0.10900	0.01251	0.24840	0.04320	0.48572	0.00852	0.00440	0.00126	0.00204	0.00722	0.03341	0.00369
22	0.01471	0.00886	0.06601	0.00787	0.01094	0.00808	0.02140	0.31322	0.01332	0.42088	0.06491	0.01226	0.00973	0.00479	0.00389	0.00118	0.00374	0.00385	0.00412	0.00626
23	0.00466	0.00389	0.00406	0.00402	0.00526	0.00329	0.00301	0.00575	0.00904	0.01106	0.15114	0.03574	0.72704	0.00945	0.00453	0.00128	0.00192	0.00793	0.00365	0.00329
24	0.02764	0.00902	0.01147	0.00886	0.01169	0.00953	0.09721	0.46289	0.02557	0.17413	0.01031	0.01078	0.00740	0.00739	0.10612	0.00178	0.00498	0.00372	0.00356	0.00595
25	0.84301	0.00803	0.00593	0.00531	0.00766	0.05586	0.00434	0.01150	0.00677	0.01676	0.00537	0.00627	0.00420	0.00358	0.00243	0.00118	0.00319	0.00210	0.00235	0.00417
26	0.00621	0.00374	0.00501	0.00550	0.00608	0.00344	0.00381	0.00701	0.00790	0.11075	0.04730	0.73268	0.02380	0.01100	0.00476	0.00150	0.00234	0.00992	0.00372	0.00354
27	0.00733	0.01784	0.74379	0.01025	0.01526	0.00821	0.01288	0.01132	0.00800	0.01186	0.00860	0.11134	0.00733	0.00465	0.00379	0.00126	0.00525	0.00381	0.00185	0.00536
28	0.00565	0.00599	0.10691	0.00575	0.00734	0.00435	0.02655	0.00768	0.01009	0.01408	0.58674	0.05020	0.13878	0.00758	0.00443	0.00123	0.00243	0.00664	0.00374	0.00384
29	0.00545	0.00369	0.00431	0.00440	0.00460	0.00360	0.00268	0.00583	0.00662	0.00900	0.11402	0.14468	0.03994	0.59354	0.01476	0.00296	0.00317	0.00651	0.02759	0.00265
30	0.13572	0.13630	0.31480	0.00856	0.01212	0.13245	0.02082	0.01172	0.00833	0.01196	0.00793	0.01165	0.00693	0.00440	0.00342	0.00114	0.00480	0.10072	0.00206	0.06417

[dist]
# distance from previous block
# <min> <max>
1	13

[block]
# block no. 3 follows, 71 sequences, length 22
# corresponding to MSA columns:
# 189-210
name=unknown_D
#
# <colnr> <probs for GDERKNQSTAVLIFYWHMCP>
#	G	D	E	R	K	N	Q	S	T	A	V	L	I	F	Y	W	H	M	C	P
0	0.01067	0.66638	0.08841	0.00736	0.01072	0.07998	0.00732	0.07181	0.00881	0.01042	0.00579	0.00660	0.00503	0.00346	0.00274	0.00089	0.00446	0.00225	0.00183	0.00506
1	0.00601	0.00441	0.00578	0.00639	0.00726	0.00435	0.00520	0.03287	0.03317	0.01145	0.02121	0.27488	0.08199	0.01047	0.00500	0.00162	0.00304	0.46417	0.00354	0.01718
2	0.00949	0.00911	0.01556	0.02353	0.84133	0.00911	0.01177	0.01177	0.00873	0.01253	0.00721	0.00949	0.00607	0.00342	0.00380	0.00114	0.00456	0.00342	0.00190	0.00607
3	0.00994	0.00925	0.01520	0.02223	0.76784	0.00936	0.01137	0.08413	0.00955	0.01356	0.00739	0.00946	0.00611	0.00352	0.00380	0.00114	0.00453	0.00342	0.00207	0.00611
4	0.00496	0.00361	0.00472	0.00553	0.00587	0.00347	0.00379	0.00614	0.04495	0.01015	0.02084	0.78665	0.02459	0.01164	0.00487	0.00156	0.00232	0.04750	0.00357	0.00327
5	0.01549	0.00798	0.01057	0.00807	0.01106	0.00774	0.06639	0.26031	0.01285	0.51549	0.01297	0.03414	0.00875	0.00478	0.00393	0.00119	0.00376	0.00397	0.00424	0.00633
6	0.00949	0.00911	0.01556	0.02353	0.84133	0.00911	0.01177	0.01177	0.00873	0.01253	0.00721	0.00949	0.00607	0.00342	0.00380	0.00114	0.00456	0.00342	0.00190	0.00607
7	0.00934	0.00836	0.01069	0.01135	0.18007	0.00922	0.05138	0.01766	0.58856	0.01509	0.04630	0.01368	0.01121	0.00484	0.00394	0.00126	0.00348	0.00426	0.00340	0.00592
8	0.00553	0.00370	0.00420	0.00424	0.00426	0.00368	0.00239	0.00556	0.00567	0.00756	0.01257	0.07021	0.01455	0.81929	0.01873	0.00360	0.00364	0.00586	0.00239	0.00237
9	0.01654	0.00758	0.00955	0.00732	0.01031	0.00720	0.00605	0.22165	0.01274	0.63852	0.01364	0.01209	0.00875	0.00471	0.00385	0.00118	0.00350	0.00375	0.00452	0.00652
10	0.05348	0.01123	0.01120	0.00882	0.01168	0.10374	0.02184	0.66740	0.01630	0.02166	0.00894	0.02994	0.00669	0.00464	0.00377	0.00115	0.00445	0.00349	0.00352	0.00608
11	0.00932	0.00894	0.01526	0.08652	0.77968	0.00907	0.01168	0.01162	0.00865	0.01232	0.00718	0.00955	0.00600	0.00345	0.00380	0.00115	0.00460	0.00342	0.00188	0.00594
12	0.00558	0.00372	0.00418	0.00418	0.00418	0.00372	0.00232	0.00558	0.00558	0.00743	0.01208	0.02509	0.01394	0.86525	0.01952	0.00372	0.00372	0.00558	0.00232	0.00232
13	0.01720	0.00653	0.00890	0.00682	0.00979	0.00564	0.00564	0.01869	0.01097	0.84399	0.01513	0.01305	0.00949	0.00475	0.00386	0.00119	0.00326	0.00386	0.00475	0.00653
14	0.00954	0.00824	0.00867	0.00780	0.00997	0.00954	0.00607	0.02037	0.83441	0.01604	0.01561	0.01431	0.01170	0.00520	0.00390	0.00130	0.00303	0.00433	0.00390	0.00607
15	0.89233	0.00741	0.00564	0.00504	0.00741	0.00860	0.00415	0.01127	0.00653	0.01720	0.00534	0.00623	0.00415	0.00356	0.00237	0.00119	0.00297	0.00208	0.00237	0.00415
16	0.01145	0.00570	0.00661	0.00558	0.00750	0.00563	0.00444	0.08728	0.09511	0.29503	0.01341	0.01342	0.00961	0.00465	0.00331	0.00106	0.00263	0.00374	0.41876	0.00509
17	0.01452	0.01059	0.01138	0.00875	0.01180	0.01169	0.00722	0.79122	0.03700	0.04259	0.00949	0.00941	0.00671	0.00462	0.00384	0.00116	0.00417	0.00348	0.00386	0.00651
18	0.00522	0.00389	0.00485	0.00466	0.00561	0.00352	0.00348	0.00681	0.01029	0.01415	0.64752	0.06756	0.19148	0.00839	0.00454	0.00124	0.00185	0.00734	0.00406	0.00352
19	0.04964	0.00784	0.00848	0.00719	0.00934	0.00863	0.00571	0.26822	0.31847	0.03083	0.20418	0.01625	0.03724	0.00566	0.00397	0.00122	0.00309	0.00465	0.00389	0.00549
20	0.00957	0.10361	0.01606	0.02167	0.74980	0.00978	0.01119	0.01174	0.00863	0.01214	0.00700	0.00912	0.00595	0.00340	0.00365	0.00110	0.00450	0.00327	0.00187	0.00595
21	0.02825	0.01606	0.01066	0.00989	0.03767	0.65303	0.00730	0.05601	0.12360	0.01125	0.00744	0.00811	0.00596	0.00413	0.00353	0.00105	0.00611	0.00280	0.00233	0.00482

[dist]
# distance from previous block
# <min> <max>
0	5

[block]
# block no. 4 follows, 71 sequences, length 23
# corresponding to MSA columns:
# 216-238
name=unknown_E
#
# <colnr> <probs for GDERKNQSTAVLIFYWHMCP>
#	G	D	E	R	K	N	Q	S	T	A	V	L	I	F	Y	W	H	M	C	P
0	0.00812	0.10180	0.68158	0.01176	0.09838	0.00954	0.01318	0.01204	0.00813	0.01188	0.00676	0.00804	0.00498	0.00358	0.00354	0.00117	0.00540	0.00281	0.00165	0.00563
1	0.00471	0.00384	0.00417	0.00420	0.00532	0.00329	0.00311	0.00580	0.00899	0.01122	0.18306	0.11795	0.61180	0.00960	0.00457	0.00130	0.00195	0.00816	0.00368	0.00329
2	0.00553	0.00412	0.00505	0.00493	0.00589	0.00383	0.00367	0.04279	0.01009	0.01368	0.47993	0.17080	0.20344	0.00885	0.00457	0.00129	0.00204	0.02198	0.00394	0.00358
3	0.00480	0.00383	0.00430	0.00431	0.00538	0.00333	0.00318	0.00597	0.00918	0.01170	0.26173	0.12793	0.52195	0.00944	0.00457	0.00130	0.00194	0.00808	0.00375	0.00333
4	0.00905	0.01034	0.02262	0.01616	0.02004	0.00970	0.82741	0.01228	0.00905	0.01228	0.00776	0.01034	0.00582	0.00323	0.00452	0.00129	0.00646	0.00452	0.00194	0.00517
5	0.89233	0.00741	0.00564	0.00504	0.00741	0.00860	0.00415	0.01127	0.00653	0.01720	0.00534	0.00623	0.00415	0.00356	0.00237	0.00119	0.00297	0.00208	0.00237	0.00415
6	0.01025	0.86756	0.02009	0.00656	0.00984	0.01517	0.00656	0.01148	0.00779	0.00902	0.00533	0.00615	0.00492	0.00328	0.00246	0.00082	0.00410	0.00205	0.00164	0.00492
7	0.00526	0.00382	0.00495	0.00486	0.00567	0.00352	0.00357	0.00684	0.01017	0.01420	0.66450	0.16508	0.07597	0.00862	0.00458	0.00127	0.00188	0.00764	0.00408	0.00352
8	0.21660	0.00670	0.00749	0.00640	0.00856	0.00685	0.00513	0.15375	0.01022	0.28472	0.01315	0.12948	0.02099	0.04924	0.00455	0.00140	0.00324	0.06283	0.00365	0.00504
9	0.03044	0.60947	0.18540	0.00754	0.01119	0.02678	0.00802	0.01222	0.05913	0.01028	0.00629	0.00706	0.00531	0.00349	0.00280	0.00094	0.00437	0.00236	0.00180	0.00512
10	0.04152	0.12480	0.57220	0.01021	0.01508	0.00946	0.07632	0.01261	0.00832	0.08434	0.00741	0.00839	0.00532	0.00366	0.00353	0.00117	0.00522	0.00293	0.00195	0.00555
11	0.00786	0.00449	0.00587	0.00528	0.00664	0.00405	0.00411	0.00954	0.01062	0.18868	0.56459	0.02671	0.09292	0.00747	0.00442	0.00124	0.00221	0.04488	0.00425	0.00419
12	0.00809	0.05720	0.58577	0.04203	0.13017	0.00931	0.03592	0.01177	0.00811	0.01187	0.01797	0.00862	0.00549	0.00380	0.00410	0.00121	0.04832	0.00303	0.00171	0.00552
13	0.01118	0.02020	0.19489	0.01003	0.09240	0.02718	0.07433	0.06392	0.05228	0.26790	0.05516	0.04973	0.05344	0.00496	0.00395	0.00121	0.00413	0.00427	0.00321	0.00562
14	0.00552	0.00414	0.00588	0.00585	0.00642	0.00472	0.00440	0.00663	0.00618	0.00875	0.01170	0.03574	0.04114	0.16168	0.64312	0.00536	0.03271	0.00462	0.00218	0.00325
15	0.00459	0.00378	0.00403	0.00419	0.00527	0.00322	0.00306	0.00552	0.00854	0.01040	0.05999	0.19539	0.65859	0.01010	0.00460	0.00134	0.00199	0.00860	0.00358	0.00322
16	0.00879	0.01094	0.15489	0.04698	0.03526	0.11620	0.03091	0.03937	0.08581	0.01154	0.05743	0.07573	0.03119	0.00585	0.00664	0.00137	0.26990	0.00419	0.00234	0.00468
17	0.15588	0.07074	0.08158	0.01246	0.21406	0.05200	0.09936	0.14026	0.04346	0.08276	0.00804	0.00901	0.00607	0.00382	0.00354	0.00115	0.00447	0.00321	0.00256	0.00557
18	0.00505	0.00382	0.00545	0.00592	0.00646	0.00360	0.04017	0.00600	0.00769	0.01018	0.03471	0.65458	0.07296	0.01166	0.02497	0.00166	0.00272	0.09566	0.00346	0.00327
19	0.00476	0.00340	0.00456	0.00545	0.00571	0.00319	0.00372	0.00550	0.00743	0.00989	0.02108	0.81194	0.02516	0.01192	0.00492	0.00157	0.00231	0.06079	0.00356	0.00314
20	0.00931	0.05192	0.39628	0.01438	0.23861	0.00926	0.10460	0.04117	0.00886	0.06612	0.00759	0.00900	0.00566	0.00367	0.00388	0.00119	0.01750	0.00324	0.00201	0.00575
21	0.00842	0.06592	0.67791	0.01143	0.06077	0.00916	0.05195	0.01238	0.00828	0.04869	0.00722	0.00839	0.00518	0.00364	0.00364	0.00119	0.00545	0.00295	0.00179	0.00566
22	0.00907	0.03655	0.11887	0.06333	0.52873	0.00944	0.11413	0.01165	0.00847	0.01204	0.00706	0.00931	0.00576	0.00360	0.00425	0.00119	0.04559	0.00344	0.00184	0.00569

[dist]
# distance from previous block
# <min> <max>
2	4

[block]
# block no. 5 follows, 71 sequences, length 12
# corresponding to MSA columns:
# 243-254
name=unknown_F
#
# <colnr> <probs for GDERKNQSTAVLIFYWHMCP>
#	G	D	E	R	K	N	Q	S	T	A	V	L	I	F	Y	W	H	M	C	P
0	0.10708	0.42306	0.18283	0.00788	0.01134	0.10986	0.02121	0.01268	0.04265	0.04071	0.00653	0.00729	0.00529	0.00359	0.00295	0.00100	0.00458	0.00246	0.00197	0.00504
1	0.00520	0.00391	0.00482	0.00459	0.00559	0.00352	0.00344	0.00681	0.01033	0.01413	0.64105	0.03069	0.23522	0.00830	0.00452	0.00123	0.00184	0.00722	0.00406	0.00352
2	0.00940	0.00962	0.05531	0.02293	0.80183	0.00910	0.01188	0.01179	0.00870	0.01251	0.00720	0.00942	0.00602	0.00343	0.00379	0.00114	0.00461	0.00339	0.00188	0.00605
3	0.00523	0.00390	0.00487	0.00473	0.00568	0.00354	0.00355	0.00682	0.01019	0.01397	0.61184	0.06959	0.19951	0.00850	0.00457	0.00126	0.00191	0.03280	0.00403	0.00351
4	0.00801	0.01868	0.77856	0.01053	0.01590	0.00857	0.01341	0.01224	0.00832	0.04777	0.03806	0.00907	0.00621	0.00385	0.00368	0.00121	0.00542	0.00303	0.00185	0.00563
5	0.00802	0.00817	0.01504	0.06442	0.12685	0.00827	0.35861	0.01092	0.06422	0.01198	0.05915	0.06663	0.09818	0.00521	0.00503	0.00132	0.07565	0.00511	0.00243	0.00480
6	0.00541	0.00431	0.00491	0.00474	0.00594	0.00401	0.00361	0.00765	0.08465	0.01296	0.36150	0.03173	0.40667	0.00857	0.00450	0.00128	0.00205	0.03798	0.00386	0.00366
7	0.00986	0.53804	0.11001	0.00714	0.01034	0.01242	0.00712	0.06790	0.07757	0.02889	0.08988	0.00964	0.00879	0.00406	0.00304	0.00097	0.00395	0.00295	0.00230	0.00511
8	0.06022	0.21303	0.27311	0.00830	0.01194	0.04935	0.00867	0.07624	0.07892	0.12519	0.02218	0.01042	0.00732	0.00425	0.00343	0.00113	0.00441	0.03386	0.00258	0.00545
9	0.01037	0.00871	0.01463	0.08989	0.60959	0.00874	0.04918	0.03606	0.00920	0.11405	0.00823	0.01002	0.00641	0.00364	0.00384	0.00116	0.00452	0.00352	0.00229	0.00595
10	0.00913	0.00773	0.01248	0.07494	0.53264	0.00765	0.00937	0.01104	0.00846	0.07393	0.00954	0.04889	0.02098	0.07574	0.00514	0.00136	0.00415	0.02263	0.00229	0.06190
11	0.00896	0.00897	0.04833	0.04867	0.61662	0.00856	0.01045	0.01194	0.07723	0.01257	0.00977	0.01143	0.05671	0.00394	0.00380	0.00114	0.00425	0.00369	0.00217	0.05080

[dist]
# distance from previous block
# <min> <max>
0	32

# created by:
# /st0/software/busco_prod/Augustus/scripts/msa2prfl.pl ./align_prep/37625.fa
