[name]
unknown

[dist]
# distance from previous block
# <min> <max>
0	41

[block]
# block no. 0 follows, 62 sequences, length 16
# corresponding to MSA columns:
# 44-55,59-62
name=unknown_A
#
# <colnr> <probs for GDERKNQSTAVLIFYWHMCP>
#	G	D	E	R	K	N	Q	S	T	A	V	L	I	F	Y	W	H	M	C	P
0	0.04012	0.02642	0.01027	0.00983	0.11133	0.03238	0.03089	0.11953	0.16411	0.07733	0.10546	0.03409	0.14543	0.00627	0.00434	0.00130	0.00366	0.00529	0.00371	0.06824
1	0.03999	0.00502	0.00580	0.00558	0.00678	0.00487	0.00411	0.04743	0.04051	0.04000	0.24478	0.14924	0.24227	0.09594	0.04687	0.00197	0.00307	0.00777	0.00395	0.00405
2	0.03183	0.00424	0.00505	0.00552	0.00633	0.00398	0.00393	0.00678	0.02582	0.01177	0.07119	0.45518	0.27193	0.01279	0.04817	0.00187	0.00288	0.02319	0.00387	0.00366
3	0.02040	0.00437	0.00516	0.00531	0.00633	0.00397	0.00383	0.00741	0.02503	0.04137	0.20668	0.30684	0.31096	0.02577	0.00538	0.00155	0.00236	0.00933	0.00412	0.00383
4	0.03355	0.00873	0.01008	0.00822	0.01115	0.00903	0.00661	0.17468	0.28465	0.31604	0.01520	0.03887	0.01092	0.00552	0.00424	0.00133	0.00368	0.00448	0.00452	0.04851
5	0.02818	0.00468	0.00556	0.00555	0.00670	0.00436	0.00404	0.02372	0.02326	0.10014	0.10919	0.33172	0.20716	0.03441	0.00530	0.00155	0.00255	0.00860	0.08920	0.00413
6	0.05723	0.00443	0.00540	0.00562	0.00653	0.00415	0.00401	0.00775	0.00938	0.06461	0.20216	0.42829	0.13802	0.03538	0.00552	0.00162	0.00249	0.00944	0.00408	0.00388
7	0.00728	0.00458	0.00573	0.00574	0.00686	0.00417	0.00418	0.00880	0.03199	0.11779	0.20353	0.36303	0.19902	0.01051	0.00507	0.00152	0.00247	0.00924	0.00429	0.00419
8	0.24939	0.00612	0.00635	0.00583	0.00766	0.00629	0.00453	0.01145	0.08930	0.09466	0.24516	0.08644	0.15625	0.00748	0.00425	0.00139	0.00271	0.00615	0.00396	0.00464
9	0.00575	0.00418	0.00504	0.00545	0.00614	0.00387	0.00378	0.00687	0.02647	0.02539	0.08402	0.41354	0.22924	0.12619	0.00748	0.00195	0.00267	0.03456	0.00385	0.00356
10	0.03332	0.00438	0.00511	0.00519	0.00625	0.00396	0.00376	0.00729	0.00978	0.04299	0.23297	0.25776	0.32630	0.03455	0.00551	0.00156	0.00235	0.00905	0.00411	0.00380
11	0.00978	0.00716	0.00806	0.00730	0.00917	0.00758	0.00560	0.15280	0.25485	0.07412	0.09548	0.21905	0.11459	0.00831	0.00473	0.00146	0.00313	0.00712	0.00428	0.00544
12	0.01041	0.00717	0.00808	0.00722	0.00925	0.00750	0.00558	0.10948	0.28606	0.13269	0.05376	0.16264	0.14234	0.00780	0.00460	0.00144	0.00312	0.00662	0.02860	0.00562
13	0.04296	0.00524	0.00655	0.00629	0.00768	0.00498	0.00468	0.03768	0.03121	0.19739	0.09439	0.39064	0.08329	0.01038	0.03039	0.00168	0.00306	0.00837	0.02850	0.00466
14	0.02769	0.00509	0.00636	0.00603	0.00730	0.00480	0.00442	0.02913	0.03741	0.16611	0.22244	0.28510	0.07852	0.09173	0.00655	0.00174	0.00281	0.00808	0.00424	0.00446
15	0.04870	0.00521	0.00638	0.00621	0.00735	0.00518	0.02423	0.03549	0.07700	0.03822	0.12862	0.30056	0.15723	0.07629	0.04640	0.01752	0.00328	0.00824	0.00380	0.00410

[dist]
# distance from previous block
# <min> <max>
9	26

[block]
# block no. 1 follows, 62 sequences, length 27
# corresponding to MSA columns:
# 90-116
name=unknown_B
#
# <colnr> <probs for GDERKNQSTAVLIFYWHMCP>
#	G	D	E	R	K	N	Q	S	T	A	V	L	I	F	Y	W	H	M	C	P
0	0.03480	0.02613	0.01361	0.01497	0.29082	0.04338	0.06254	0.13286	0.10944	0.02942	0.03704	0.05963	0.00974	0.00499	0.00441	0.00127	0.02347	0.00438	0.00299	0.09409
1	0.01270	0.01197	0.01076	0.01002	0.05277	0.26893	0.00741	0.16771	0.06740	0.07107	0.01139	0.07405	0.02461	0.02251	0.10857	0.00205	0.06313	0.00442	0.00311	0.00542
2	0.07397	0.03226	0.01226	0.14735	0.18649	0.06940	0.02744	0.11564	0.03028	0.04456	0.00918	0.01187	0.00753	0.03397	0.13422	0.00225	0.03563	0.00383	0.01641	0.00545
3	0.02539	0.07113	0.05718	0.01713	0.31137	0.04999	0.17501	0.06619	0.07186	0.03954	0.02040	0.01141	0.02009	0.00439	0.00466	0.00132	0.04017	0.00406	0.00255	0.00617
4	0.00890	0.00773	0.00941	0.02548	0.04935	0.00614	0.00567	0.01082	0.00880	0.01372	0.00754	0.00897	0.00629	0.00331	0.00348	0.00071	0.02290	0.00264	0.00247	0.79569
5	0.01186	0.00950	0.01009	0.00896	0.03138	0.03539	0.00685	0.19069	0.47577	0.05783	0.04827	0.01599	0.03560	0.03620	0.00497	0.00148	0.00378	0.00477	0.00418	0.00646
6	0.00601	0.00417	0.00488	0.00490	0.00518	0.00413	0.00303	0.00641	0.00708	0.00944	0.07317	0.06915	0.09480	0.60314	0.08390	0.00377	0.00430	0.00672	0.00290	0.00292
7	0.00573	0.00413	0.00503	0.00532	0.00615	0.00371	0.00376	0.00682	0.00944	0.03448	0.19209	0.38699	0.26531	0.04359	0.00582	0.00164	0.00238	0.00983	0.00408	0.00368
8	0.00514	0.00428	0.00449	0.00452	0.00584	0.00363	0.00336	0.00630	0.00985	0.01204	0.12355	0.09042	0.69051	0.01072	0.00505	0.00144	0.00216	0.00904	0.00403	0.00363
9	0.01145	0.00573	0.00721	0.00638	0.00827	0.00531	0.00493	0.03147	0.05867	0.32488	0.12053	0.19672	0.09207	0.00791	0.00455	0.00139	0.00287	0.00679	0.09755	0.00532
10	0.88052	0.00823	0.00625	0.00560	0.00823	0.00955	0.00461	0.01251	0.00724	0.01909	0.00592	0.00691	0.00461	0.00395	0.00263	0.00132	0.00329	0.00230	0.00263	0.00461
11	0.01079	0.00803	0.00955	0.00716	0.01060	0.02288	0.02562	0.07152	0.03023	0.12534	0.01010	0.05402	0.00825	0.00422	0.00360	0.00088	0.00349	0.00348	0.00313	0.58712
12	0.01443	0.01321	0.01326	0.01105	0.04402	0.24540	0.09835	0.32505	0.02535	0.06614	0.03157	0.01071	0.00790	0.00472	0.00416	0.00121	0.00552	0.00375	0.03482	0.03938
13	0.28934	0.03738	0.01924	0.00946	0.02957	0.38253	0.03180	0.07289	0.01052	0.01454	0.00691	0.00822	0.00562	0.00550	0.03970	0.00146	0.02495	0.00287	0.00246	0.00504
14	0.05938	0.01093	0.01188	0.00921	0.01251	0.01189	0.00758	0.61833	0.05692	0.14104	0.01129	0.01094	0.00786	0.00511	0.00418	0.00129	0.00440	0.00387	0.00432	0.00708
15	0.88052	0.00823	0.00625	0.00560	0.00823	0.00955	0.00461	0.01251	0.00724	0.01909	0.00592	0.00691	0.00461	0.00395	0.00263	0.00132	0.00329	0.00230	0.00263	0.00461
16	0.01074	0.01018	0.01710	0.02551	0.79374	0.01022	0.01287	0.04271	0.01007	0.01438	0.00809	0.01052	0.00676	0.00384	0.00421	0.00126	0.00504	0.00379	0.00219	0.00676
17	0.01077	0.00923	0.00973	0.00870	0.01114	0.01067	0.00678	0.04886	0.78968	0.01810	0.01708	0.01569	0.01280	0.00575	0.00433	0.00144	0.00341	0.00478	0.00433	0.00675
18	0.04326	0.01011	0.01044	0.00854	0.01129	0.07935	0.00685	0.34589	0.11704	0.18025	0.07546	0.05433	0.01202	0.00580	0.00428	0.00131	0.00415	0.00461	0.01862	0.00640
19	0.00531	0.00377	0.00495	0.00582	0.00605	0.00357	0.00384	0.00599	0.00791	0.01057	0.02213	0.74361	0.02642	0.09897	0.02767	0.00210	0.00286	0.01131	0.00377	0.00338
20	0.00639	0.00445	0.00521	0.00519	0.00543	0.00462	0.00320	0.00728	0.05196	0.00908	0.01368	0.05065	0.01510	0.67304	0.12377	0.00425	0.00496	0.00608	0.00268	0.00299
21	0.03953	0.01189	0.09315	0.00959	0.01167	0.18270	0.03242	0.05824	0.15060	0.01309	0.00990	0.01238	0.00835	0.04741	0.16890	0.00259	0.13587	0.00392	0.00264	0.00516
22	0.00732	0.00606	0.00913	0.14144	0.13501	0.00638	0.02249	0.03611	0.02966	0.01209	0.02886	0.36024	0.04636	0.01052	0.04921	0.03780	0.01595	0.03784	0.00314	0.00441
23	0.00526	0.00373	0.00493	0.00583	0.00610	0.00349	0.00388	0.00593	0.00807	0.01072	0.02330	0.78315	0.04791	0.03919	0.00617	0.02090	0.00254	0.01165	0.00386	0.00340
24	0.00972	0.00839	0.01051	0.04500	0.07287	0.00922	0.05456	0.06415	0.45318	0.01662	0.08575	0.06720	0.05164	0.00646	0.00455	0.00144	0.00368	0.02516	0.00391	0.00598
25	0.02716	0.04595	0.10167	0.01065	0.06114	0.12882	0.04027	0.14438	0.24622	0.03092	0.01144	0.01277	0.00901	0.02838	0.05460	0.00173	0.01865	0.01702	0.00319	0.00603
26	0.25377	0.27406	0.04560	0.03138	0.06583	0.09175	0.02729	0.01243	0.00855	0.01322	0.00796	0.05207	0.01845	0.00484	0.00409	0.00124	0.06485	0.01528	0.00229	0.00507

[dist]
# distance from previous block
# <min> <max>
2	31

[block]
# block no. 2 follows, 62 sequences, length 14
# corresponding to MSA columns:
# 148-161
name=unknown_C
#
# <colnr> <probs for GDERKNQSTAVLIFYWHMCP>
#	G	D	E	R	K	N	Q	S	T	A	V	L	I	F	Y	W	H	M	C	P
0	0.05672	0.04236	0.02698	0.14701	0.13307	0.00828	0.02478	0.05068	0.09343	0.05600	0.11669	0.06991	0.06905	0.04111	0.00520	0.00147	0.01830	0.00524	0.00318	0.03054
1	0.06623	0.06110	0.01148	0.00946	0.05542	0.09196	0.05579	0.09289	0.10744	0.04536	0.01126	0.12756	0.01018	0.00566	0.00452	0.00123	0.04856	0.00462	0.00307	0.18622
2	0.01075	0.00903	0.00952	0.00848	0.01085	0.01038	0.00660	0.07295	0.71867	0.01807	0.01665	0.01583	0.01262	0.02828	0.00475	0.00149	0.00343	0.00476	0.03031	0.00657
3	0.00643	0.00441	0.00574	0.00544	0.00649	0.00404	0.00407	0.00828	0.01165	0.04789	0.69667	0.09518	0.06954	0.00901	0.00502	0.00137	0.00211	0.00796	0.00462	0.00408
4	0.01126	0.00832	0.00943	0.00830	0.01060	0.00896	0.00674	0.24863	0.24952	0.06289	0.05593	0.05777	0.03601	0.00732	0.00469	0.00148	0.00374	0.17097	0.00421	0.03324
5	0.01575	0.01208	0.01250	0.00976	0.01304	0.04895	0.00799	0.71642	0.07890	0.02543	0.01058	0.01053	0.00759	0.00513	0.00424	0.00128	0.00472	0.00386	0.00417	0.00710
6	0.00817	0.00827	0.01563	0.01209	0.01480	0.00786	0.41532	0.01143	0.07620	0.01327	0.05516	0.18616	0.12329	0.00713	0.00507	0.00150	0.00492	0.02569	0.00310	0.00495
7	0.00871	0.04603	0.53915	0.01048	0.01527	0.00901	0.03968	0.02595	0.04919	0.03770	0.11834	0.01402	0.03599	0.02660	0.00467	0.00141	0.00526	0.00417	0.00255	0.00582
8	0.04304	0.00735	0.00901	0.00671	0.01004	0.00594	0.03836	0.01120	0.02408	0.05828	0.04550	0.02501	0.02610	0.03866	0.00421	0.00095	0.00331	0.00342	0.00284	0.63598
9	0.04316	0.01676	0.01216	0.01062	0.01300	0.56249	0.05334	0.12330	0.04681	0.01344	0.00866	0.06032	0.00746	0.00503	0.00404	0.00120	0.00659	0.00367	0.00268	0.00526
10	0.00734	0.06008	0.07626	0.00756	0.06163	0.00648	0.00587	0.04308	0.06411	0.01366	0.20293	0.04202	0.24146	0.09703	0.03704	0.00185	0.00358	0.01999	0.00351	0.00450
11	0.13736	0.02912	0.07729	0.00917	0.07803	0.04206	0.00717	0.06772	0.09632	0.18374	0.02564	0.06866	0.01028	0.00699	0.05270	0.00164	0.01831	0.00434	0.07774	0.00572
12	0.01043	0.06555	0.18459	0.06181	0.11695	0.06831	0.01796	0.07776	0.08333	0.04633	0.01097	0.06583	0.03216	0.00596	0.01505	0.00146	0.11320	0.01393	0.00268	0.00572
13	0.01066	0.21721	0.01319	0.02295	0.06164	0.12917	0.03965	0.11017	0.01119	0.03212	0.09422	0.06972	0.13356	0.00635	0.00429	0.00125	0.01776	0.01671	0.00305	0.00514

[dist]
# distance from previous block
# <min> <max>
3	14

[block]
# block no. 3 follows, 62 sequences, length 20
# corresponding to MSA columns:
# 176-195
name=unknown_D
#
# <colnr> <probs for GDERKNQSTAVLIFYWHMCP>
#	G	D	E	R	K	N	Q	S	T	A	V	L	I	F	Y	W	H	M	C	P
0	0.02179	0.06261	0.07654	0.07970	0.17254	0.07144	0.02254	0.10359	0.04982	0.03825	0.08629	0.03378	0.04450	0.00536	0.00434	0.00126	0.01774	0.02643	0.00294	0.07854
1	0.02700	0.00497	0.00600	0.00580	0.00640	0.00535	0.00408	0.00799	0.05276	0.01070	0.09031	0.02559	0.10000	0.39851	0.16377	0.00368	0.05898	0.02167	0.00294	0.00348
2	0.01069	0.06603	0.04062	0.07503	0.17402	0.10920	0.17277	0.05594	0.09706	0.02819	0.04034	0.01368	0.06091	0.00566	0.03001	0.00148	0.00553	0.00441	0.00271	0.00572
3	0.00529	0.00387	0.00493	0.00560	0.00608	0.00356	0.00381	0.00619	0.00872	0.01154	0.11482	0.61940	0.13456	0.04306	0.00592	0.00173	0.00244	0.01097	0.00398	0.00350
4	0.00581	0.00443	0.00504	0.00507	0.00634	0.00391	0.00388	0.00711	0.00992	0.03516	0.15978	0.08369	0.51914	0.02626	0.02671	0.00167	0.00264	0.08565	0.00403	0.00377
5	0.01074	0.66647	0.20326	0.00837	0.01260	0.01528	0.00918	0.01291	0.00872	0.01079	0.00630	0.00731	0.00544	0.00373	0.00302	0.00101	0.00494	0.00247	0.00181	0.00565
6	0.00620	0.00445	0.00557	0.00556	0.00601	0.00472	0.00376	0.00725	0.03549	0.00943	0.01503	0.04658	0.06600	0.45971	0.30124	0.00473	0.00645	0.00591	0.00266	0.00324
7	0.00882	0.00756	0.00882	0.00630	0.01008	0.00567	0.00504	0.01071	0.00882	0.01387	0.00756	0.00882	0.00630	0.00315	0.00315	0.00063	0.00315	0.00252	0.00252	0.87647
8	0.79148	0.00832	0.00675	0.00589	0.00860	0.00949	0.00485	0.04592	0.00807	0.06945	0.00677	0.00752	0.00508	0.00408	0.00280	0.00131	0.00337	0.00249	0.00286	0.00488
9	0.01105	0.01200	0.01328	0.01135	0.01212	0.20264	0.04066	0.03431	0.00831	0.01088	0.00606	0.00904	0.00564	0.00652	0.01100	0.00165	0.59307	0.00355	0.00202	0.00483
10	0.00781	0.01893	0.02876	0.00735	0.03355	0.04159	0.03366	0.04237	0.04308	0.04578	0.17791	0.26149	0.12501	0.05480	0.00571	0.00156	0.00325	0.00770	0.00373	0.05596
11	0.01072	0.01027	0.01760	0.02494	0.73996	0.01027	0.06409	0.04486	0.01012	0.01440	0.00813	0.01058	0.00674	0.00383	0.00427	0.00128	0.00518	0.00387	0.00219	0.00670
12	0.00567	0.00435	0.00620	0.00649	0.00708	0.00430	0.03627	0.00671	0.00825	0.01111	0.06424	0.55566	0.07563	0.03795	0.12710	0.00249	0.02336	0.00992	0.00359	0.00364
13	0.03404	0.00931	0.02439	0.31033	0.15561	0.02138	0.06018	0.14440	0.04013	0.03737	0.00895	0.02781	0.00714	0.01627	0.00546	0.02081	0.06420	0.00405	0.00259	0.00559
14	0.02516	0.01092	0.03152	0.01145	0.06739	0.16675	0.12247	0.10884	0.04618	0.01346	0.00927	0.01199	0.00781	0.01297	0.25618	0.00301	0.08292	0.00400	0.00252	0.00519
15	0.03888	0.02051	0.07896	0.06433	0.18748	0.05990	0.02589	0.00979	0.00904	0.01233	0.04329	0.36664	0.02892	0.00839	0.00472	0.00149	0.00407	0.02760	0.00303	0.00474
16	0.00608	0.00410	0.00554	0.00613	0.00660	0.00404	0.00431	0.00699	0.00797	0.04284	0.02003	0.54401	0.02292	0.09841	0.15274	0.00286	0.00433	0.05292	0.00357	0.00361
17	0.00726	0.00715	0.06992	0.04864	0.05870	0.04443	0.00615	0.02921	0.04167	0.01192	0.06911	0.26665	0.06295	0.16168	0.05429	0.00229	0.00423	0.04638	0.00322	0.00416
18	0.01083	0.16497	0.09638	0.05252	0.13200	0.05540	0.05258	0.07375	0.10624	0.04619	0.00943	0.01090	0.00751	0.00705	0.08712	0.00177	0.01720	0.00360	0.00261	0.06195
19	0.03448	0.03142	0.04200	0.00763	0.00993	0.01782	0.02052	0.05562	0.19874	0.12516	0.01512	0.19569	0.01377	0.03488	0.07012	0.00186	0.00418	0.00579	0.00365	0.11163

[dist]
# distance from previous block
# <min> <max>
4	11

[block]
# block no. 4 follows, 62 sequences, length 13
# corresponding to MSA columns:
# 207-219
name=unknown_E
#
# <colnr> <probs for GDERKNQSTAVLIFYWHMCP>
#	G	D	E	R	K	N	Q	S	T	A	V	L	I	F	Y	W	H	M	C	P
0	0.07680	0.06427	0.03095	0.05382	0.20016	0.06402	0.03544	0.12675	0.12293	0.03746	0.01065	0.03619	0.02419	0.01773	0.00425	0.00128	0.00455	0.00398	0.00295	0.08163
1	0.01368	0.04429	0.01326	0.05683	0.13288	0.39415	0.02654	0.12212	0.05333	0.03194	0.00829	0.00981	0.00669	0.01984	0.01693	0.00135	0.03648	0.00339	0.00260	0.00561
2	0.00538	0.00412	0.00461	0.00484	0.00587	0.00362	0.00350	0.00652	0.00946	0.01221	0.11765	0.26205	0.46381	0.01087	0.00500	0.00148	0.00221	0.00936	0.06381	0.00362
3	0.01065	0.00984	0.01629	0.11182	0.59290	0.01035	0.03565	0.05471	0.00994	0.03243	0.00811	0.01063	0.00664	0.00421	0.00497	0.00133	0.06707	0.00383	0.00225	0.00638
4	0.78838	0.00781	0.00614	0.00553	0.00794	0.00897	0.00447	0.01194	0.00744	0.01842	0.04972	0.00933	0.00707	0.04835	0.00375	0.00146	0.00327	0.00279	0.00274	0.00447
5	0.00525	0.00413	0.00475	0.00500	0.00599	0.00362	0.00359	0.00638	0.00961	0.01226	0.17138	0.29453	0.43595	0.01123	0.00515	0.00151	0.00223	0.00974	0.00408	0.00362
6	0.00577	0.00435	0.00491	0.00486	0.00612	0.00377	0.00361	0.00706	0.01019	0.04056	0.23271	0.12867	0.51152	0.01036	0.00505	0.00144	0.00220	0.00885	0.00418	0.00381
7	0.00608	0.00431	0.00571	0.00575	0.00615	0.00463	0.00397	0.00690	0.00686	0.00953	0.05005	0.06569	0.01505	0.39372	0.39154	0.00511	0.00727	0.00582	0.00261	0.00325
8	0.00612	0.00439	0.00572	0.00584	0.00680	0.00412	0.00455	0.00793	0.01088	0.01505	0.48173	0.11756	0.08815	0.00986	0.00518	0.00151	0.00249	0.18360	0.03461	0.00391
9	0.00571	0.00445	0.00522	0.00518	0.00636	0.00402	0.00393	0.00748	0.02976	0.01402	0.36488	0.07995	0.37926	0.00999	0.00509	0.00145	0.00226	0.06286	0.00426	0.00386
10	0.01138	0.85302	0.02230	0.00728	0.01092	0.01684	0.00728	0.01274	0.00865	0.01001	0.00592	0.00683	0.00546	0.00364	0.00273	0.00091	0.00455	0.00228	0.00182	0.00546
11	0.01673	0.01103	0.01222	0.00937	0.01275	0.01188	0.00774	0.66014	0.01852	0.17851	0.01146	0.01102	0.00786	0.00514	0.00426	0.00128	0.00448	0.00392	0.00445	0.00724
12	0.01287	0.01013	0.01061	0.00894	0.01167	0.03537	0.00711	0.27655	0.46812	0.06377	0.03837	0.01420	0.01157	0.00558	0.00431	0.00137	0.00389	0.00449	0.00430	0.00679

[dist]
# distance from previous block
# <min> <max>
3	31

[block]
# block no. 5 follows, 62 sequences, length 19
# corresponding to MSA columns:
# 251-269
name=unknown_F
#
# <colnr> <probs for GDERKNQSTAVLIFYWHMCP>
#	G	D	E	R	K	N	Q	S	T	A	V	L	I	F	Y	W	H	M	C	P
0	0.06011	0.06407	0.22784	0.03817	0.25406	0.05938	0.07623	0.01339	0.02687	0.04816	0.02041	0.03441	0.02387	0.00445	0.00407	0.00128	0.00527	0.00388	0.00236	0.03171
1	0.05181	0.02260	0.10871	0.07368	0.19206	0.10538	0.06308	0.05987	0.00982	0.05429	0.00952	0.05487	0.00813	0.00903	0.13314	0.00218	0.02966	0.00416	0.00249	0.00551
2	0.00634	0.00521	0.04823	0.00572	0.00681	0.00436	0.00444	0.03639	0.00961	0.01349	0.16261	0.36497	0.14042	0.02693	0.00512	0.00151	0.00258	0.00869	0.14265	0.00392
3	0.01049	0.03062	0.15911	0.04716	0.06273	0.04662	0.05083	0.06160	0.26584	0.06360	0.05426	0.03904	0.04405	0.00562	0.00472	0.00139	0.03834	0.00466	0.00331	0.00602
4	0.00982	0.09152	0.21311	0.02295	0.07707	0.04309	0.04817	0.08364	0.06317	0.05153	0.04763	0.19130	0.01288	0.00650	0.00452	0.00138	0.01761	0.00555	0.00299	0.00556
5	0.00955	0.00671	0.00781	0.00694	0.00899	0.00685	0.02430	0.02788	0.29168	0.12762	0.10638	0.02541	0.23555	0.00753	0.00460	0.00141	0.00300	0.04254	0.04987	0.00538
6	0.01674	0.00752	0.00964	0.00760	0.01058	0.00702	0.00620	0.09522	0.07716	0.59656	0.08841	0.01577	0.01308	0.00559	0.00432	0.00132	0.00352	0.00458	0.02232	0.00685
7	0.01105	0.01662	0.35882	0.05044	0.28845	0.07344	0.06570	0.01414	0.01013	0.01422	0.00881	0.01127	0.00705	0.00489	0.00512	0.00154	0.04529	0.00389	0.00237	0.00674
8	0.03315	0.12801	0.04762	0.03259	0.00921	0.00721	0.07856	0.00862	0.00748	0.01018	0.01253	0.11557	0.02331	0.35249	0.11300	0.00314	0.00526	0.00571	0.00252	0.00384
9	0.00527	0.00378	0.00499	0.00593	0.00623	0.00353	0.00402	0.00605	0.00822	0.01090	0.02379	0.77557	0.05129	0.03016	0.00577	0.00178	0.00255	0.04280	0.00392	0.00346
10	0.00605	0.00447	0.00575	0.00584	0.00645	0.00469	0.00417	0.00729	0.02937	0.01038	0.05759	0.13287	0.11419	0.25801	0.29839	0.00414	0.01654	0.02733	0.00300	0.00348
11	0.01115	0.19897	0.23948	0.03768	0.04948	0.17356	0.04541	0.05186	0.05983	0.01290	0.00827	0.03267	0.00678	0.00437	0.00379	0.00118	0.00562	0.00336	0.00228	0.05135
12	0.00535	0.00404	0.00471	0.00509	0.00595	0.00360	0.00361	0.00643	0.00925	0.01205	0.11609	0.38188	0.35863	0.01134	0.00509	0.00153	0.00226	0.00991	0.04960	0.00360
13	0.00542	0.00385	0.00500	0.00577	0.00605	0.00367	0.00386	0.00612	0.00789	0.01050	0.02199	0.64514	0.04673	0.14432	0.03476	0.00227	0.00305	0.03657	0.00368	0.00335
14	0.02511	0.01118	0.03863	0.02238	0.09089	0.13372	0.07551	0.24423	0.04194	0.06282	0.03450	0.11862	0.01117	0.00597	0.00440	0.00133	0.00488	0.02726	0.00338	0.04208
15	0.00704	0.00582	0.02132	0.03266	0.04510	0.00533	0.05244	0.03345	0.03279	0.04514	0.14664	0.12005	0.34906	0.04759	0.03478	0.00175	0.00336	0.00766	0.00372	0.00430
16	0.01046	0.00889	0.00945	0.00848	0.01081	0.01020	0.00659	0.05457	0.72423	0.01796	0.05390	0.03885	0.01440	0.00608	0.00439	0.00144	0.00334	0.00510	0.00433	0.00654
17	0.00853	0.02201	0.82841	0.01213	0.01842	0.00988	0.01572	0.01348	0.00898	0.01348	0.00764	0.00898	0.00539	0.00404	0.00404	0.00135	0.00629	0.00314	0.00180	0.00629
18	0.06379	0.03313	0.01361	0.27540	0.20184	0.03742	0.03444	0.19301	0.02865	0.03439	0.01918	0.03003	0.00743	0.00461	0.00415	0.00133	0.00503	0.00394	0.00275	0.00586

[dist]
# distance from previous block
# <min> <max>
1	4

[block]
# block no. 6 follows, 62 sequences, length 49
# corresponding to MSA columns:
# 274-322
name=unknown_G
#
# <colnr> <probs for GDERKNQSTAVLIFYWHMCP>
#	G	D	E	R	K	N	Q	S	T	A	V	L	I	F	Y	W	H	M	C	P
0	0.00985	0.00929	0.03523	0.05021	0.03824	0.06971	0.03663	0.03579	0.02438	0.03562	0.00855	0.01116	0.00725	0.02682	0.00485	0.00106	0.06528	0.02866	0.00257	0.49885
1	0.16848	0.08517	0.09007	0.00946	0.01228	0.37293	0.03325	0.01497	0.05601	0.02649	0.00853	0.03000	0.00731	0.00481	0.00374	0.00122	0.00576	0.04075	0.00250	0.02625
2	0.76260	0.00859	0.03304	0.00595	0.00879	0.00919	0.00508	0.01291	0.00765	0.06387	0.00667	0.00749	0.00505	0.00399	0.00280	0.00128	0.00340	0.00245	0.00275	0.04646
3	0.00578	0.00450	0.00529	0.00503	0.00629	0.00402	0.00378	0.00763	0.02798	0.01479	0.47665	0.03460	0.35058	0.00934	0.00497	0.00136	0.00212	0.00803	0.00434	0.02290
4	0.02550	0.78678	0.02139	0.00749	0.01102	0.06848	0.00730	0.01301	0.00884	0.01018	0.00596	0.00688	0.00545	0.00369	0.00280	0.00093	0.00473	0.00231	0.00186	0.00541
5	0.00553	0.00430	0.00483	0.00487	0.00586	0.00392	0.00351	0.00655	0.00901	0.01138	0.11967	0.06201	0.45652	0.18279	0.06376	0.00237	0.00324	0.04279	0.00364	0.00346
6	0.00565	0.00407	0.00565	0.00633	0.00682	0.00384	0.02582	0.00669	0.00851	0.01155	0.04484	0.67903	0.02666	0.01236	0.00533	0.00170	0.00271	0.09169	0.04715	0.00361
7	0.00551	0.00423	0.00469	0.00474	0.00565	0.00380	0.00330	0.00644	0.00905	0.01150	0.15198	0.10736	0.42193	0.21929	0.00921	0.00212	0.00267	0.01942	0.00372	0.00340
8	0.07099	0.00682	0.00883	0.00698	0.00977	0.00612	0.00562	0.01809	0.01112	0.64920	0.03064	0.01583	0.01126	0.09751	0.00605	0.00161	0.00358	0.00442	0.02913	0.00642
9	0.00791	0.00427	0.00473	0.00456	0.00572	0.00406	0.00344	0.00974	0.00974	0.06800	0.16303	0.05561	0.09689	0.00657	0.00373	0.00115	0.00213	0.00549	0.53909	0.00413
10	0.01575	0.01997	0.01199	0.01090	0.01310	0.81051	0.00818	0.01715	0.03441	0.01062	0.00688	0.00790	0.00569	0.00442	0.00385	0.00111	0.00755	0.00280	0.00225	0.00498
11	0.01043	0.01001	0.01709	0.05965	0.79118	0.01008	0.01301	0.01297	0.00964	0.01378	0.00799	0.01056	0.00670	0.00381	0.00421	0.00127	0.00508	0.00379	0.00210	0.00666
12	0.02554	0.01133	0.01281	0.01058	0.04102	0.09375	0.09617	0.39086	0.13358	0.04650	0.01111	0.01183	0.00831	0.02538	0.00463	0.00135	0.00484	0.00406	0.05997	0.00639
13	0.01017	0.49975	0.36498	0.00934	0.01411	0.01388	0.01087	0.01305	0.00879	0.01148	0.00665	0.00774	0.00543	0.00381	0.00329	0.00110	0.00529	0.00264	0.00181	0.00581
14	0.00899	0.00657	0.00761	0.00711	0.00851	0.00682	0.00530	0.27914	0.01242	0.01661	0.06707	0.46126	0.05437	0.03044	0.00538	0.00160	0.00322	0.00875	0.00406	0.00476
15	0.00619	0.00413	0.00464	0.00464	0.00464	0.00413	0.00258	0.00619	0.00619	0.00825	0.01341	0.02785	0.01547	0.85046	0.02166	0.00413	0.00413	0.00619	0.00258	0.00258
16	0.04835	0.22289	0.01312	0.00832	0.01114	0.08290	0.00695	0.12412	0.30967	0.06637	0.03064	0.01291	0.02197	0.00516	0.00385	0.00125	0.00419	0.01661	0.00349	0.00612
17	0.01677	0.00996	0.01147	0.00891	0.01217	0.01039	0.00736	0.48298	0.03739	0.31069	0.01313	0.01310	0.00911	0.00540	0.00432	0.00132	0.00425	0.02957	0.00461	0.00712
18	0.00812	0.00752	0.01233	0.43099	0.20502	0.00838	0.03154	0.01073	0.02418	0.01226	0.07068	0.07248	0.07688	0.00564	0.00447	0.00140	0.00476	0.00511	0.00250	0.00502
19	0.00945	0.00831	0.01117	0.00996	0.12259	0.00697	0.05864	0.05431	0.00961	0.01448	0.00821	0.02905	0.00694	0.00361	0.00353	0.00083	0.00374	0.00315	0.00257	0.63289
20	0.00956	0.00682	0.00801	0.00634	0.00902	0.00594	0.00502	0.10666	0.01119	0.09579	0.17625	0.01905	0.13585	0.00616	0.00441	0.02457	0.00302	0.00488	0.00363	0.35783
21	0.00931	0.00751	0.00967	0.01862	0.08149	0.03638	0.02646	0.05843	0.09399	0.06906	0.05907	0.20435	0.01552	0.11509	0.00859	0.00188	0.15699	0.01944	0.00329	0.00484
22	0.00997	0.00950	0.01607	0.16732	0.62430	0.00985	0.02531	0.01281	0.03116	0.01343	0.00865	0.01202	0.00728	0.00417	0.00429	0.00132	0.00512	0.02895	0.00219	0.00628
23	0.00532	0.00429	0.00472	0.00476	0.00597	0.00372	0.00354	0.00656	0.00997	0.01251	0.19412	0.09967	0.56326	0.03035	0.00548	0.00152	0.00225	0.03428	0.00406	0.00365
24	0.00970	0.00980	0.04387	0.20901	0.54335	0.01870	0.03584	0.01233	0.00944	0.01314	0.02577	0.03392	0.00773	0.00427	0.00429	0.00132	0.00519	0.00410	0.00215	0.00607
25	0.04821	0.12085	0.31129	0.01072	0.02618	0.09632	0.06439	0.08485	0.13827	0.02471	0.01002	0.01070	0.02612	0.00453	0.00396	0.00128	0.00539	0.00357	0.00262	0.00604
26	0.01108	0.00607	0.00848	0.00808	0.04716	0.00563	0.03347	0.01323	0.05306	0.30053	0.09894	0.20085	0.07677	0.00846	0.00488	0.00151	0.00333	0.10878	0.00435	0.00532
27	0.00527	0.00380	0.00501	0.00595	0.00630	0.00354	0.00407	0.00609	0.00831	0.01100	0.02438	0.76333	0.06763	0.01312	0.00544	0.00173	0.00253	0.05507	0.00395	0.00349
28	0.00876	0.01960	0.67818	0.01197	0.01765	0.00969	0.07612	0.03758	0.02225	0.01393	0.00953	0.01078	0.03962	0.00436	0.00415	0.00135	0.00601	0.00360	0.01873	0.00613
29	0.01121	0.03943	0.10441	0.05059	0.18812	0.09823	0.04170	0.05389	0.12337	0.10115	0.01341	0.06199	0.06219	0.02576	0.00471	0.00140	0.00481	0.00468	0.00306	0.00590
30	0.00886	0.02090	0.74597	0.01279	0.04628	0.01001	0.04830	0.03407	0.00934	0.01384	0.00776	0.00917	0.00553	0.00404	0.00409	0.00135	0.00624	0.00326	0.00189	0.00631
31	0.00527	0.00424	0.00463	0.00481	0.00594	0.00370	0.00353	0.00633	0.00940	0.01158	0.08029	0.15652	0.57341	0.06198	0.00614	0.00166	0.00240	0.05071	0.00391	0.00355
32	0.18449	0.21322	0.07529	0.00961	0.04039	0.11755	0.07382	0.05143	0.10460	0.07893	0.00882	0.00945	0.00678	0.00427	0.00357	0.00121	0.00486	0.00321	0.00274	0.00572
33	0.01046	0.01979	0.08249	0.06998	0.40934	0.09383	0.05785	0.02654	0.05147	0.02444	0.03198	0.06374	0.00903	0.00486	0.00454	0.00133	0.02552	0.00438	0.00245	0.00600
34	0.00558	0.00446	0.00553	0.00566	0.00665	0.00414	0.02634	0.00691	0.02629	0.01168	0.05755	0.35300	0.37312	0.01204	0.03944	0.00176	0.01620	0.00954	0.03040	0.00372
35	0.00642	0.00545	0.00723	0.14481	0.04430	0.00548	0.02091	0.00828	0.03721	0.01204	0.08190	0.05192	0.43003	0.02033	0.01917	0.02828	0.01684	0.02856	0.02680	0.00406
36	0.00968	0.02604	0.21983	0.08892	0.26622	0.00989	0.08031	0.05439	0.02946	0.02573	0.06311	0.02592	0.01689	0.00481	0.00494	0.00137	0.05993	0.00419	0.00242	0.00597
37	0.00971	0.03251	0.03219	0.34776	0.01824	0.15752	0.00896	0.06173	0.05485	0.01221	0.01169	0.14720	0.03614	0.00623	0.00481	0.00141	0.04429	0.00511	0.00262	0.00485
38	0.00993	0.01352	0.24344	0.13968	0.28935	0.06395	0.07678	0.01307	0.00938	0.03461	0.00811	0.01044	0.00634	0.00524	0.03881	0.00156	0.02403	0.00368	0.00208	0.00596
39	0.01058	0.00768	0.01038	0.04860	0.15683	0.02512	0.03753	0.12692	0.03576	0.13656	0.02449	0.18676	0.11644	0.04234	0.00536	0.00153	0.00393	0.01416	0.00362	0.00543
40	0.03597	0.02088	0.03289	0.06770	0.43577	0.07892	0.08424	0.11519	0.01107	0.02601	0.00889	0.03340	0.00744	0.00444	0.00426	0.00130	0.00532	0.01759	0.00251	0.00623
41	0.09525	0.04006	0.01215	0.03108	0.01298	0.24299	0.02146	0.36641	0.04929	0.07419	0.00931	0.00967	0.00686	0.00474	0.00396	0.00123	0.00533	0.00343	0.00342	0.00618
42	0.00636	0.00493	0.00678	0.04222	0.07700	0.00484	0.00522	0.02844	0.03033	0.01312	0.19999	0.48614	0.05704	0.01061	0.00511	0.00156	0.00279	0.00954	0.00389	0.00410
43	0.26673	0.08872	0.03643	0.02319	0.05401	0.12235	0.00733	0.23342	0.01213	0.07192	0.00878	0.03217	0.00696	0.00474	0.00363	0.00126	0.00462	0.01277	0.00311	0.00576
44	0.03960	0.03801	0.08259	0.02408	0.24184	0.03456	0.05148	0.14978	0.12436	0.09742	0.02086	0.03430	0.00900	0.02759	0.00467	0.00139	0.00471	0.00421	0.00317	0.00636
45	0.03195	0.00721	0.00837	0.00770	0.03704	0.06318	0.03567	0.03431	0.12429	0.10976	0.37212	0.04315	0.09321	0.00730	0.00466	0.00135	0.00320	0.00629	0.00420	0.00504
46	0.10561	0.06241	0.06390	0.06710	0.13351	0.07548	0.02729	0.26594	0.04054	0.03950	0.01014	0.01109	0.04042	0.00483	0.00433	0.00129	0.03380	0.00372	0.00303	0.00608
47	0.24308	0.04666	0.07247	0.03942	0.19082	0.07293	0.00856	0.04108	0.04061	0.08008	0.00929	0.02413	0.02458	0.00543	0.02586	0.00147	0.06170	0.00355	0.00268	0.00560
48	0.14828	0.15544	0.03648	0.02755	0.08909	0.13395	0.02843	0.09924	0.03070	0.06118	0.02299	0.01365	0.11873	0.00518	0.00380	0.00122	0.00457	0.00396	0.00290	0.01266

[dist]
# distance from previous block
# <min> <max>
2	43

[block]
# block no. 7 follows, 62 sequences, length 6
# corresponding to MSA columns:
# 367-372
name=unknown_H
#
# <colnr> <probs for GDERKNQSTAVLIFYWHMCP>
#	G	D	E	R	K	N	Q	S	T	A	V	L	I	F	Y	W	H	M	C	P
0	0.00990	0.09423	0.05968	0.00826	0.01031	0.10202	0.06317	0.02695	0.06623	0.06605	0.05552	0.10176	0.02539	0.03977	0.00751	0.16698	0.02448	0.02710	0.00288	0.04182
1	0.07102	0.04404	0.03538	0.02012	0.03287	0.03832	0.00598	0.10552	0.05407	0.08658	0.03577	0.25795	0.05614	0.06196	0.03926	0.00185	0.00398	0.04076	0.00358	0.00485
2	0.05144	0.07426	0.05290	0.00831	0.03286	0.08289	0.02666	0.11600	0.04780	0.10430	0.07224	0.18327	0.03752	0.05078	0.00572	0.03457	0.00408	0.00584	0.00346	0.00510
3	0.00905	0.04002	0.13918	0.02818	0.03347	0.06503	0.02244	0.04627	0.02947	0.06708	0.08917	0.13331	0.08971	0.10133	0.00686	0.01817	0.02756	0.00584	0.00313	0.04471
4	0.07259	0.00608	0.00736	0.03006	0.00851	0.03479	0.03578	0.03246	0.00944	0.08200	0.14075	0.18465	0.09307	0.12707	0.02655	0.00197	0.03761	0.03601	0.02904	0.00421
5	0.20355	0.08277	0.05582	0.00898	0.01182	0.07031	0.12353	0.07483	0.04708	0.07529	0.03921	0.04637	0.03492	0.05417	0.00518	0.00147	0.02749	0.00423	0.00295	0.03003

[dist]
# distance from previous block
# <min> <max>
2	4

[block]
# block no. 8 follows, 62 sequences, length 21
# corresponding to MSA columns:
# 378-398
name=unknown_I
#
# <colnr> <probs for GDERKNQSTAVLIFYWHMCP>
#	G	D	E	R	K	N	Q	S	T	A	V	L	I	F	Y	W	H	M	C	P
0	0.18299	0.08240	0.05460	0.09638	0.13934	0.03379	0.04004	0.12312	0.02516	0.14058	0.02674	0.01057	0.00746	0.00447	0.00394	0.00129	0.01462	0.00354	0.00302	0.00595
1	0.00619	0.00413	0.00464	0.00464	0.00464	0.00413	0.00258	0.00619	0.00619	0.00825	0.01341	0.02785	0.01547	0.85046	0.02166	0.00413	0.00413	0.00619	0.00258	0.00258
2	0.01101	0.03902	0.07598	0.07253	0.39392	0.04065	0.07230	0.09889	0.12464	0.01531	0.00942	0.01104	0.00740	0.00426	0.00422	0.00130	0.00515	0.00390	0.00261	0.00644
3	0.00607	0.00408	0.00468	0.00479	0.00482	0.00405	0.00274	0.00616	0.00642	0.00856	0.01459	0.12400	0.01696	0.75228	0.01975	0.00384	0.00393	0.00688	0.00274	0.00268
4	0.01143	0.37919	0.23454	0.00960	0.01381	0.03111	0.06578	0.09359	0.01042	0.06904	0.03889	0.00956	0.00736	0.00421	0.00361	0.00115	0.00512	0.00321	0.00244	0.00593
5	0.01048	0.07147	0.01300	0.04049	0.07531	0.07821	0.13808	0.03953	0.02224	0.11061	0.02368	0.17343	0.01300	0.03253	0.01606	0.00160	0.06305	0.05847	0.01362	0.00514
6	0.00526	0.00380	0.00500	0.00594	0.00629	0.00354	0.00406	0.00608	0.00831	0.01099	0.02441	0.76544	0.06842	0.01312	0.00543	0.00173	0.00253	0.05222	0.00395	0.00349
7	0.00933	0.25373	0.60363	0.01078	0.01633	0.01182	0.01337	0.01327	0.00889	0.01251	0.00716	0.00838	0.00541	0.00393	0.00368	0.00123	0.00580	0.00290	0.00180	0.00606
8	0.70552	0.00837	0.00713	0.00617	0.00890	0.00946	0.00506	0.05641	0.04705	0.10129	0.00780	0.00828	0.00575	0.00423	0.00297	0.00132	0.00340	0.00271	0.00307	0.00512
9	0.01418	0.05708	0.09356	0.01017	0.01295	0.48244	0.00849	0.12314	0.04722	0.04122	0.03747	0.03578	0.00814	0.00494	0.00399	0.00119	0.00629	0.00352	0.00275	0.00548
10	0.00620	0.00455	0.00580	0.00569	0.00668	0.00431	0.00433	0.00833	0.03818	0.01548	0.57243	0.05489	0.08729	0.05896	0.00610	0.00160	0.00244	0.10838	0.00438	0.00397
11	0.01045	0.47325	0.12927	0.00875	0.01236	0.01322	0.06385	0.06045	0.04838	0.01288	0.08152	0.01230	0.01002	0.00472	0.00359	0.00114	0.00466	0.04115	0.00246	0.00556
12	0.00962	0.00537	0.00659	0.00586	0.00711	0.00516	0.00419	0.04690	0.03016	0.19983	0.17217	0.04827	0.04973	0.35826	0.03021	0.00263	0.00364	0.00614	0.00381	0.00434
13	0.02738	0.00549	0.00655	0.00668	0.04845	0.00524	0.00474	0.07414	0.01051	0.07829	0.12620	0.11048	0.28403	0.07263	0.00602	0.00163	0.00292	0.05980	0.06445	0.00437
14	0.17348	0.16194	0.25249	0.00980	0.03171	0.01093	0.06215	0.09247	0.02463	0.11706	0.00866	0.00935	0.00633	0.00419	0.00366	0.00125	0.00486	0.00320	0.00272	0.01912
15	0.88052	0.00823	0.00625	0.00560	0.00823	0.00955	0.00461	0.01251	0.00724	0.01909	0.00592	0.00691	0.00461	0.00395	0.00263	0.00132	0.00329	0.00230	0.00263	0.00461
16	0.01613	0.01326	0.01266	0.00998	0.01319	0.14455	0.00811	0.68277	0.01873	0.02419	0.00963	0.00981	0.00696	0.00499	0.00419	0.00125	0.00516	0.00366	0.00393	0.00687
17	0.00699	0.00462	0.00588	0.00553	0.00674	0.00424	0.00421	0.00897	0.02386	0.07566	0.59260	0.06370	0.11824	0.00882	0.00495	0.00138	0.00224	0.03348	0.02368	0.00422
18	0.00742	0.04629	0.00809	0.00762	0.03347	0.02367	0.02589	0.05701	0.07024	0.01219	0.01839	0.43765	0.04372	0.09361	0.04008	0.00205	0.04355	0.02138	0.00345	0.00422
19	0.01135	0.01109	0.01606	0.04460	0.64071	0.08837	0.01199	0.06695	0.04136	0.01450	0.00836	0.01046	0.00686	0.00402	0.00419	0.00126	0.00523	0.00373	0.00234	0.00655
20	0.14099	0.06931	0.03893	0.07543	0.14758	0.35007	0.05702	0.03335	0.01038	0.01306	0.00713	0.00874	0.00577	0.00413	0.00375	0.00120	0.00599	0.00310	0.01876	0.00533

[dist]
# distance from previous block
# <min> <max>
0	1

[block]
# block no. 9 follows, 62 sequences, length 12
# corresponding to MSA columns:
# 400-411
name=unknown_J
#
# <colnr> <probs for GDERKNQSTAVLIFYWHMCP>
#	G	D	E	R	K	N	Q	S	T	A	V	L	I	F	Y	W	H	M	C	P
0	0.00644	0.00485	0.00556	0.00543	0.00671	0.00454	0.00410	0.02175	0.07701	0.02895	0.19701	0.08992	0.40473	0.01026	0.00590	0.06862	0.00253	0.04775	0.00400	0.00395
1	0.12896	0.23999	0.16308	0.00903	0.01268	0.02567	0.05528	0.17169	0.05653	0.01628	0.05880	0.01066	0.00852	0.02083	0.00401	0.00127	0.00470	0.00347	0.00277	0.00578
2	0.12660	0.02929	0.01343	0.03651	0.28932	0.15147	0.05795	0.01412	0.07649	0.03192	0.00929	0.01248	0.00789	0.00475	0.00441	0.00131	0.03685	0.05630	0.00256	0.03705
3	0.00700	0.00379	0.00543	0.00545	0.00565	0.00370	0.00370	0.00579	0.00647	0.00859	0.07093	0.05867	0.07341	0.01395	0.01432	0.70038	0.00339	0.00482	0.00232	0.00222
4	0.02491	0.03993	0.31614	0.03567	0.07680	0.05533	0.15553	0.01250	0.03003	0.01326	0.04388	0.05474	0.03839	0.00627	0.04414	0.00161	0.00580	0.00448	0.03507	0.00552
5	0.05568	0.12671	0.19376	0.04087	0.02502	0.22136	0.02522	0.04388	0.01026	0.06054	0.00924	0.01036	0.02037	0.00443	0.00365	0.00117	0.00530	0.00327	0.13353	0.00538
6	0.00739	0.00370	0.00554	0.00554	0.00554	0.00370	0.00370	0.00554	0.00554	0.00739	0.00739	0.01293	0.00739	0.01478	0.01663	0.87620	0.00370	0.00370	0.00185	0.00185
7	0.00555	0.00429	0.00500	0.00526	0.00626	0.00387	0.00394	0.00674	0.00945	0.01199	0.13066	0.16900	0.40744	0.08308	0.00665	0.00178	0.00262	0.12890	0.00392	0.00359
8	0.05974	0.47551	0.12184	0.02177	0.01217	0.04000	0.02484	0.04243	0.00894	0.02385	0.00696	0.00847	0.00598	0.00625	0.06763	0.00155	0.06175	0.00284	0.00206	0.00541
9	0.05514	0.04677	0.67304	0.01127	0.01682	0.03438	0.01391	0.04334	0.00936	0.01398	0.00815	0.04040	0.00628	0.00443	0.00398	0.00134	0.00591	0.00342	0.00203	0.00606
10	0.00909	0.00879	0.01366	0.31557	0.29337	0.04274	0.03039	0.01142	0.00919	0.01245	0.08221	0.04397	0.01002	0.00517	0.00538	0.00140	0.09312	0.00444	0.00231	0.00532
11	0.07092	0.00618	0.00745	0.00646	0.00844	0.00593	0.00502	0.07492	0.03877	0.27003	0.21108	0.12709	0.09892	0.04282	0.00529	0.00150	0.00302	0.00648	0.00443	0.00524

[dist]
# distance from previous block
# <min> <max>
0	6

# created by:
# /st0/software/busco_prod/Augustus/scripts/msa2prfl.pl ./align_prep/37641.fa
