[name]
unknown

[dist]
# distance from previous block
# <min> <max>
0	0

[block]
# block no. 0 follows, 75 sequences, length 13
# corresponding to MSA columns:
# 0-12
name=unknown_A
#
# <colnr> <probs for GDERKNQSTAVLIFYWHMCP>
#	G	D	E	R	K	N	Q	S	T	A	V	L	I	F	Y	W	H	M	C	P
0	0.00592	0.00423	0.00592	0.00676	0.00761	0.00423	0.00592	0.00761	0.00845	0.01099	0.01945	0.04143	0.02114	0.01015	0.00507	0.00169	0.00338	0.82329	0.00338	0.00338
1	0.09039	0.00407	0.00496	0.00464	0.00564	0.00392	0.00351	0.00730	0.01000	0.01490	0.76573	0.02538	0.03172	0.00712	0.00414	0.00115	0.00184	0.00620	0.00387	0.00351
2	0.00571	0.00500	0.00855	0.04362	0.07781	0.00480	0.15397	0.00699	0.00745	0.01002	0.01628	0.60815	0.01861	0.00899	0.00450	0.00140	0.00316	0.00846	0.00293	0.00362
3	0.00576	0.00389	0.00497	0.00501	0.00548	0.00400	0.00347	0.00678	0.08599	0.00899	0.07281	0.15144	0.07619	0.17309	0.12466	0.25285	0.00376	0.00551	0.00256	0.00281
4	0.00606	0.00498	0.00697	0.00643	0.00693	0.00586	0.03277	0.02386	0.00625	0.00879	0.01133	0.07359	0.05683	0.23005	0.31710	0.00359	0.18841	0.00478	0.00216	0.00326
5	0.00908	0.01106	0.20067	0.10647	0.32300	0.04966	0.03647	0.08185	0.00883	0.03060	0.00728	0.00935	0.00577	0.00385	0.00417	0.00116	0.06186	0.01485	0.02877	0.00526
6	0.01266	0.09569	0.01099	0.00853	0.01072	0.43072	0.00674	0.21792	0.06363	0.03679	0.00781	0.04316	0.00644	0.00436	0.00364	0.00103	0.02867	0.00307	0.00255	0.00489
7	0.03260	0.01003	0.12900	0.05402	0.06125	0.04413	0.02942	0.23194	0.21127	0.05930	0.05097	0.01211	0.04832	0.00461	0.00369	0.00116	0.00390	0.00377	0.00306	0.00543
8	0.00802	0.03410	0.01105	0.00919	0.00964	0.05958	0.04625	0.00898	0.00616	0.00892	0.00602	0.02795	0.00592	0.02524	0.10291	0.00203	0.61889	0.00346	0.00173	0.00396
9	0.00817	0.03023	0.10019	0.02656	0.00938	0.06049	0.03024	0.09789	0.16273	0.05149	0.13068	0.05851	0.20595	0.00618	0.00392	0.00118	0.00328	0.00517	0.00320	0.00457
10	0.00542	0.00396	0.00531	0.00523	0.00556	0.00445	0.00370	0.00612	0.00564	0.00791	0.01038	0.01842	0.01084	0.40347	0.44196	0.00465	0.04754	0.00453	0.00207	0.00284
11	0.03672	0.36166	0.06635	0.00850	0.05963	0.22550	0.02984	0.01195	0.00834	0.03377	0.00593	0.00692	0.00499	0.00341	0.00309	0.00089	0.02341	0.00236	0.00185	0.10489
12	0.02052	0.00909	0.03100	0.04238	0.03707	0.20185	0.00629	0.05231	0.02607	0.00984	0.03425	0.01264	0.00823	0.19936	0.07840	0.00214	0.21896	0.00366	0.00209	0.00385

[dist]
# distance from previous block
# <min> <max>
0	1

[block]
# block no. 1 follows, 75 sequences, length 32
# corresponding to MSA columns:
# 14-45
name=unknown_B
#
# <colnr> <probs for GDERKNQSTAVLIFYWHMCP>
#	G	D	E	R	K	N	Q	S	T	A	V	L	I	F	Y	W	H	M	C	P
0	0.01059	0.60227	0.01628	0.00702	0.00985	0.14091	0.00640	0.06257	0.09444	0.01027	0.00643	0.00698	0.00548	0.00351	0.00272	0.00088	0.00424	0.00233	0.00197	0.00485
1	0.00534	0.00356	0.00401	0.00401	0.00401	0.00356	0.00223	0.00534	0.00534	0.00712	0.01157	0.02403	0.01335	0.87092	0.01869	0.00356	0.00356	0.00534	0.00223	0.00223
2	0.02853	0.05929	0.16149	0.06304	0.03114	0.09889	0.12996	0.09524	0.03056	0.15918	0.00838	0.00921	0.00609	0.00416	0.01650	0.00117	0.02554	0.00318	0.01124	0.05723
3	0.00970	0.08935	0.03398	0.00727	0.00956	0.00927	0.00598	0.12735	0.52477	0.04392	0.03002	0.03910	0.02209	0.00497	0.00361	0.00117	0.00315	0.00405	0.02511	0.00554
4	0.00690	0.00430	0.00543	0.00497	0.00602	0.00409	0.00367	0.00887	0.06571	0.11943	0.52707	0.05008	0.02614	0.14343	0.00649	0.00155	0.00229	0.00601	0.00378	0.00377
5	0.01323	0.00927	0.01013	0.00800	0.01074	0.01016	0.00653	0.55841	0.19477	0.12336	0.01084	0.01033	0.00767	0.00455	0.00369	0.00114	0.00368	0.00354	0.00380	0.00615
6	0.00545	0.00399	0.00532	0.02367	0.00636	0.00393	0.02934	0.03966	0.01656	0.01035	0.07192	0.48072	0.04637	0.13766	0.02319	0.00180	0.00277	0.04692	0.04081	0.00320
7	0.01571	0.00665	0.00868	0.00669	0.00947	0.00606	0.00551	0.11817	0.01134	0.71481	0.04748	0.01265	0.00978	0.00465	0.00372	0.00113	0.00318	0.00377	0.00442	0.00614
8	0.00528	0.00376	0.00484	0.00486	0.00529	0.00391	0.00341	0.00606	0.00646	0.00885	0.10943	0.02289	0.05751	0.39559	0.29233	0.00382	0.00533	0.05508	0.00248	0.00283
9	0.00509	0.00356	0.00410	0.00425	0.00450	0.00345	0.00264	0.00539	0.00612	0.00799	0.01665	0.14979	0.13213	0.57896	0.03255	0.00293	0.00324	0.03153	0.00260	0.00252
10	0.01290	0.01625	0.00985	0.00905	0.01081	0.78060	0.00676	0.01382	0.01014	0.00904	0.00735	0.06436	0.02483	0.00442	0.00343	0.00099	0.00622	0.00302	0.00203	0.00415
11	0.00740	0.00701	0.01186	0.67991	0.20383	0.00828	0.01043	0.00979	0.00757	0.00995	0.00661	0.00964	0.00510	0.00359	0.00366	0.00120	0.00478	0.00327	0.00167	0.00446
12	0.00525	0.00394	0.00590	0.00590	0.00656	0.00459	0.00459	0.00656	0.00590	0.00853	0.00984	0.01443	0.00918	0.02755	0.85637	0.00590	0.00984	0.00394	0.00197	0.00328
13	0.00762	0.00653	0.00762	0.00544	0.00870	0.00490	0.00435	0.00925	0.00762	0.01197	0.00653	0.00762	0.00544	0.00272	0.00272	0.00054	0.00272	0.00218	0.00218	0.89338
14	0.01372	0.01750	0.01041	0.00946	0.01135	0.85618	0.00710	0.01467	0.01041	0.00899	0.00568	0.00662	0.00473	0.00378	0.00331	0.00095	0.00662	0.00237	0.00189	0.00426
15	0.00762	0.00653	0.00762	0.00544	0.00870	0.00490	0.00435	0.00925	0.00762	0.01197	0.00653	0.00762	0.00544	0.00272	0.00272	0.00054	0.00272	0.00218	0.00218	0.89338
16	0.00557	0.00435	0.00662	0.00619	0.00687	0.00487	0.05486	0.00668	0.00594	0.00842	0.00991	0.01606	0.00974	0.21134	0.59187	0.00496	0.03632	0.00425	0.00201	0.00317
17	0.01574	0.00776	0.00921	0.00713	0.00995	0.04734	0.00586	0.21416	0.01213	0.61179	0.01271	0.01134	0.00820	0.00448	0.00367	0.00112	0.00351	0.00354	0.00421	0.00615
18	0.01903	0.00850	0.01080	0.03354	0.22866	0.01940	0.01830	0.29920	0.14862	0.03378	0.01026	0.09044	0.00858	0.00474	0.00371	0.00114	0.00374	0.00405	0.00301	0.05050
19	0.00841	0.00861	0.01112	0.00958	0.00974	0.06282	0.00792	0.00947	0.02747	0.00902	0.00513	0.00810	0.00498	0.00623	0.01130	0.00156	0.78960	0.00319	0.00168	0.00408
20	0.00524	0.00395	0.00487	0.00461	0.00559	0.00367	0.00346	0.00725	0.04962	0.01396	0.67140	0.02810	0.16915	0.00769	0.00431	0.00117	0.00181	0.00671	0.00392	0.00352
21	0.00590	0.00508	0.02234	0.03298	0.18002	0.00478	0.01798	0.03244	0.00783	0.01054	0.03025	0.53400	0.08363	0.00887	0.00435	0.00135	0.00282	0.00804	0.00299	0.00379
22	0.01403	0.01018	0.01096	0.00840	0.01134	0.01123	0.00694	0.81410	0.01709	0.04507	0.00897	0.00892	0.00632	0.00441	0.00367	0.00110	0.00402	0.00332	0.00370	0.00625
23	0.00660	0.02432	0.00569	0.00492	0.00640	0.00499	0.00383	0.10047	0.08521	0.03540	0.21532	0.02643	0.41448	0.00748	0.00407	0.00118	0.00224	0.00626	0.04082	0.00391
24	0.00982	0.87313	0.01925	0.00628	0.00943	0.01453	0.00628	0.01100	0.00746	0.00864	0.00511	0.00589	0.00471	0.00314	0.00236	0.00079	0.00393	0.00196	0.00157	0.00471
25	0.00809	0.00690	0.00735	0.00670	0.00853	0.00775	0.00518	0.01631	0.64563	0.01451	0.09384	0.03518	0.11649	0.00588	0.00389	0.00124	0.00265	0.00495	0.00372	0.00521
26	0.00447	0.00348	0.00406	0.00444	0.00517	0.00307	0.00313	0.00532	0.00790	0.01002	0.08954	0.42487	0.40104	0.01020	0.00450	0.00135	0.00198	0.00893	0.00346	0.00307
27	0.02441	0.14398	0.22949	0.00868	0.02898	0.06371	0.00838	0.33195	0.01168	0.06048	0.00823	0.04904	0.00647	0.00425	0.00343	0.00108	0.00439	0.00323	0.00267	0.00548
28	0.00783	0.00727	0.01123	0.46039	0.05082	0.02666	0.10071	0.05110	0.10374	0.01150	0.04048	0.01174	0.03446	0.00419	0.00392	0.00120	0.02282	0.00375	0.04173	0.00447
29	0.00788	0.03225	0.15040	0.11406	0.10479	0.01818	0.04439	0.07913	0.04150	0.01117	0.00794	0.01113	0.00683	0.08215	0.14882	0.00220	0.11645	0.00350	0.01273	0.00450
30	0.00486	0.00366	0.00436	0.00445	0.00527	0.00332	0.00323	0.00610	0.01744	0.01156	0.31785	0.21247	0.30102	0.04406	0.00496	0.00136	0.00198	0.02417	0.02468	0.00321
31	0.00879	0.58436	0.05547	0.02583	0.04804	0.01163	0.00641	0.03591	0.00808	0.01001	0.07562	0.05699	0.05113	0.00434	0.00293	0.00093	0.00366	0.00327	0.00204	0.00455

[dist]
# distance from previous block
# <min> <max>
1	25

[block]
# block no. 2 follows, 75 sequences, length 24
# corresponding to MSA columns:
# 71-94
name=unknown_C
#
# <colnr> <probs for GDERKNQSTAVLIFYWHMCP>
#	G	D	E	R	K	N	Q	S	T	A	V	L	I	F	Y	W	H	M	C	P
0	0.77382	0.03656	0.00653	0.00567	0.02637	0.03514	0.00453	0.01083	0.00644	0.01549	0.00516	0.00616	0.00411	0.00356	0.00284	0.00114	0.04730	0.00209	0.00219	0.00405
1	0.00906	0.03255	0.03883	0.22647	0.26606	0.18428	0.06370	0.01104	0.00848	0.01060	0.03561	0.02703	0.02192	0.00397	0.00376	0.00111	0.02024	0.00344	0.02718	0.00468
2	0.00447	0.00320	0.00426	0.00511	0.00533	0.00298	0.00341	0.00511	0.00703	0.00938	0.02024	0.86853	0.02429	0.01151	0.00469	0.00149	0.00213	0.01044	0.00341	0.00298
3	0.00734	0.00662	0.00898	0.14173	0.08554	0.04260	0.00689	0.01770	0.00726	0.01034	0.08244	0.03106	0.01979	0.05383	0.07055	0.00178	0.27937	0.03772	0.08456	0.00391
4	0.00863	0.00735	0.00919	0.02682	0.02550	0.00804	0.08809	0.11125	0.43285	0.01452	0.06971	0.04837	0.04943	0.07726	0.00513	0.00142	0.00334	0.00470	0.00333	0.00505
5	0.00862	0.00749	0.00836	0.02497	0.04885	0.00858	0.00596	0.01727	0.67788	0.01459	0.05654	0.01499	0.05317	0.00526	0.00404	0.00124	0.02880	0.00437	0.00354	0.00547
6	0.00734	0.00694	0.01174	0.70492	0.17932	0.00827	0.01040	0.00974	0.00753	0.00987	0.00660	0.00966	0.00507	0.00360	0.00367	0.00120	0.00480	0.00327	0.00167	0.00441
7	0.00452	0.00326	0.00425	0.00497	0.00528	0.00302	0.00334	0.00521	0.00723	0.00959	0.05635	0.75738	0.08080	0.02983	0.00495	0.00150	0.00213	0.00998	0.00341	0.00300
8	0.00474	0.00374	0.00407	0.00409	0.00522	0.00321	0.00306	0.00577	0.00853	0.02720	0.13128	0.11137	0.63471	0.00922	0.00438	0.00126	0.00194	0.02949	0.00351	0.00320
9	0.00712	0.00616	0.00979	0.23367	0.27974	0.00650	0.00783	0.00922	0.02331	0.02346	0.25008	0.03680	0.03311	0.00567	0.01726	0.01699	0.00364	0.02267	0.00259	0.00440
10	0.00909	0.00873	0.01491	0.02254	0.84801	0.00873	0.01127	0.01127	0.00836	0.01200	0.00691	0.00909	0.00582	0.00327	0.00364	0.00109	0.00436	0.00327	0.00182	0.00582
11	0.00893	0.02418	0.04044	0.02753	0.15272	0.00845	0.08713	0.07612	0.36542	0.03095	0.02116	0.05772	0.03546	0.00507	0.00387	0.00123	0.00365	0.04160	0.00304	0.00534
12	0.89687	0.00710	0.00540	0.00483	0.00710	0.00824	0.00398	0.01080	0.00625	0.01648	0.00511	0.00597	0.00398	0.00341	0.00227	0.00114	0.00284	0.00199	0.00227	0.00398
13	0.00872	0.00796	0.01225	0.36837	0.35021	0.03121	0.00985	0.08763	0.00880	0.02344	0.00733	0.03115	0.00595	0.00377	0.00365	0.00114	0.00450	0.00341	0.00200	0.02865
14	0.00455	0.00325	0.00434	0.00519	0.00544	0.00304	0.00353	0.00524	0.00710	0.00945	0.02020	0.82826	0.02414	0.01144	0.00471	0.00150	0.00219	0.05001	0.00341	0.00300
15	0.00762	0.00653	0.00762	0.00544	0.00870	0.00490	0.00435	0.00925	0.00762	0.01197	0.00653	0.00762	0.00544	0.00272	0.00272	0.00054	0.00272	0.00218	0.00218	0.89338
16	0.07429	0.02932	0.04256	0.23305	0.16340	0.06815	0.10605	0.09724	0.02625	0.02647	0.03094	0.03062	0.02567	0.00420	0.00367	0.00117	0.00451	0.02539	0.00225	0.00478
17	0.00602	0.00336	0.00459	0.00463	0.00467	0.00336	0.00301	0.00510	0.00514	0.00684	0.00867	0.01674	0.00932	0.28928	0.01532	0.56446	0.00332	0.04243	0.00188	0.00188
18	0.00653	0.00449	0.00520	0.00483	0.00614	0.00424	0.00368	0.02351	0.09998	0.08731	0.30955	0.06597	0.31050	0.00759	0.00414	0.00119	0.00209	0.00647	0.04272	0.00387
19	0.00881	0.00838	0.03026	0.14504	0.52206	0.00836	0.03768	0.04007	0.04957	0.02185	0.00762	0.00994	0.00622	0.00356	0.00363	0.00110	0.00429	0.01844	0.00203	0.07109
20	0.00796	0.00647	0.00753	0.00578	0.00847	0.00551	0.00457	0.09238	0.03853	0.01259	0.00809	0.02755	0.00713	0.04549	0.03740	0.03097	0.00320	0.02746	0.00242	0.62049
21	0.00509	0.00355	0.00408	0.00417	0.00443	0.00342	0.00256	0.00544	0.00638	0.00843	0.08885	0.13585	0.12076	0.57573	0.01382	0.00279	0.00300	0.00642	0.00269	0.00254
22	0.00459	0.00332	0.00435	0.00502	0.00538	0.00308	0.00345	0.00540	0.00754	0.01009	0.11989	0.70099	0.07079	0.01087	0.00464	0.00144	0.00210	0.03050	0.00348	0.00306
23	0.71849	0.00728	0.00663	0.09538	0.04991	0.02344	0.00508	0.01095	0.00667	0.04046	0.00564	0.00673	0.00433	0.00347	0.00255	0.00114	0.00321	0.00224	0.00225	0.00415

[dist]
# distance from previous block
# <min> <max>
0	5

[block]
# block no. 3 follows, 75 sequences, length 43
# corresponding to MSA columns:
# 100-142
name=unknown_D
#
# <colnr> <probs for GDERKNQSTAVLIFYWHMCP>
#	G	D	E	R	K	N	Q	S	T	A	V	L	I	F	Y	W	H	M	C	P
0	0.01992	0.00577	0.00582	0.02399	0.03344	0.06806	0.00419	0.07253	0.02135	0.03815	0.09852	0.02696	0.53270	0.00767	0.00429	0.00120	0.02213	0.00630	0.00327	0.00375
1	0.03332	0.00850	0.00859	0.00738	0.00939	0.07899	0.00577	0.36397	0.16898	0.04319	0.01258	0.21936	0.01149	0.00618	0.00387	0.00121	0.00352	0.00511	0.00346	0.00515
2	0.03192	0.27217	0.27935	0.03683	0.04569	0.11436	0.04724	0.02613	0.05340	0.01075	0.00645	0.00758	0.00515	0.00363	0.00357	0.00105	0.04531	0.00265	0.00180	0.00495
3	0.01302	0.00976	0.01045	0.00822	0.01097	0.01085	0.00672	0.69498	0.13830	0.02166	0.01000	0.03092	0.00743	0.00467	0.00371	0.00113	0.00383	0.00361	0.00368	0.00610
4	0.00638	0.00361	0.00488	0.00492	0.00506	0.02167	0.00337	0.00540	0.00533	0.00714	0.00803	0.02979	0.00818	0.07751	0.04099	0.68001	0.00344	0.04613	0.03621	0.00194
5	0.00467	0.00391	0.00410	0.00410	0.00533	0.00342	0.00313	0.00606	0.04024	0.01049	0.08561	0.03439	0.71541	0.00908	0.00436	0.00126	0.00198	0.05577	0.00346	0.00324
6	0.00455	0.00360	0.00411	0.00436	0.00524	0.00316	0.00318	0.00552	0.00823	0.01038	0.12805	0.27345	0.47902	0.00976	0.00447	0.00132	0.00199	0.04300	0.00348	0.00312
7	0.00737	0.01900	0.85189	0.01047	0.01590	0.00853	0.01357	0.01163	0.00775	0.01163	0.00659	0.00775	0.00465	0.00349	0.00349	0.00116	0.00543	0.00271	0.00155	0.00543
8	0.00826	0.03355	0.02378	0.05185	0.34458	0.02749	0.02852	0.04221	0.09963	0.01178	0.04887	0.01415	0.01887	0.06998	0.05843	0.00166	0.05098	0.05823	0.00234	0.00483
9	0.01160	0.00854	0.00924	0.00749	0.00992	0.00933	0.00604	0.50169	0.17800	0.05833	0.04121	0.04692	0.08429	0.00535	0.00381	0.00116	0.00343	0.00428	0.00371	0.00566
10	0.00541	0.00529	0.06644	0.05137	0.00745	0.00436	0.00453	0.01655	0.05359	0.01207	0.30367	0.04307	0.36080	0.00807	0.01953	0.00130	0.00251	0.02696	0.00339	0.00363
11	0.00488	0.00373	0.00447	0.00432	0.00530	0.00332	0.00323	0.00630	0.00960	0.01290	0.54003	0.05173	0.32038	0.00824	0.00434	0.00119	0.00179	0.00713	0.00380	0.00332
12	0.01117	0.57755	0.01619	0.00738	0.01009	0.30529	0.00656	0.01226	0.00848	0.00876	0.00530	0.00614	0.00472	0.00336	0.00269	0.00084	0.00486	0.00210	0.00168	0.00456
13	0.00799	0.00652	0.00810	0.07866	0.03851	0.00546	0.00517	0.02298	0.03157	0.04870	0.03054	0.02213	0.01358	0.00337	0.00302	0.00072	0.00297	0.00961	0.00238	0.65802
14	0.00910	0.05929	0.04242	0.07457	0.34216	0.06029	0.11422	0.03143	0.00878	0.05855	0.07638	0.02655	0.02077	0.00428	0.00402	0.00115	0.03096	0.02781	0.00226	0.00504
15	0.02029	0.05015	0.06958	0.11807	0.15815	0.11505	0.03276	0.11843	0.15179	0.04489	0.00936	0.06668	0.00772	0.00447	0.00375	0.00115	0.01633	0.00372	0.00255	0.00513
16	0.07228	0.00919	0.04146	0.06206	0.28729	0.04143	0.27948	0.05770	0.00876	0.02116	0.00775	0.02565	0.00635	0.00408	0.01817	0.00124	0.00494	0.02122	0.02473	0.00506
17	0.00745	0.00890	0.16917	0.03106	0.07252	0.01488	0.03490	0.01275	0.30716	0.01327	0.16918	0.04552	0.08653	0.00553	0.00389	0.00121	0.00336	0.00477	0.00306	0.00488
18	0.00521	0.00379	0.00506	0.00575	0.00642	0.00364	0.00458	0.00646	0.00807	0.01053	0.06838	0.32208	0.11352	0.01037	0.00482	0.00154	0.00270	0.41043	0.00343	0.00322
19	0.00758	0.03714	0.09684	0.09664	0.12386	0.03379	0.10589	0.01059	0.11649	0.01119	0.04976	0.11889	0.02816	0.00613	0.01886	0.04638	0.03873	0.02969	0.01895	0.00445
20	0.01095	0.00828	0.00893	0.00756	0.00989	0.00928	0.00601	0.25049	0.51473	0.08139	0.01318	0.02382	0.00978	0.00486	0.00370	0.00119	0.00321	0.00395	0.02291	0.00588
21	0.00559	0.00452	0.03476	0.07057	0.00791	0.00473	0.00499	0.00674	0.00603	0.00861	0.00954	0.03704	0.00900	0.05485	0.59523	0.09465	0.00793	0.00398	0.03012	0.00320
22	0.00983	0.00857	0.00971	0.00820	0.01046	0.05337	0.07946	0.13778	0.52108	0.02871	0.04523	0.01383	0.03333	0.00496	0.00382	0.00121	0.00350	0.01796	0.00347	0.00552
23	0.00979	0.00765	0.01175	0.36723	0.13451	0.00843	0.07121	0.17491	0.00988	0.10763	0.00823	0.01005	0.00606	0.00459	0.03071	0.00131	0.00463	0.00343	0.02297	0.00502
24	0.01372	0.01750	0.01041	0.00946	0.01135	0.85618	0.00710	0.01467	0.01041	0.00899	0.00568	0.00662	0.00473	0.00378	0.00331	0.00095	0.00662	0.00237	0.00189	0.00426
25	0.00453	0.00337	0.00422	0.00476	0.00527	0.00306	0.00328	0.00535	0.00769	0.01008	0.11478	0.59955	0.19946	0.01060	0.00458	0.00140	0.00203	0.00945	0.00348	0.00306
26	0.00987	0.83160	0.03687	0.00646	0.00962	0.03724	0.00646	0.01111	0.00755	0.00871	0.00515	0.00595	0.00471	0.00317	0.00241	0.00080	0.00403	0.00199	0.00158	0.00472
27	0.00794	0.00788	0.01100	0.00945	0.00945	0.01099	0.00784	0.00872	0.00562	0.00878	0.00505	0.00858	0.00511	0.03584	0.01228	0.00167	0.83493	0.00329	0.00163	0.00396
28	0.00806	0.00711	0.00903	0.25222	0.03430	0.00827	0.01776	0.01496	0.49144	0.01304	0.02641	0.07183	0.01949	0.00508	0.00381	0.00125	0.00347	0.00439	0.00304	0.00504
29	0.03578	0.00836	0.01259	0.28339	0.40913	0.05276	0.02141	0.04028	0.04002	0.01153	0.00706	0.00935	0.00568	0.00413	0.02209	0.00125	0.02497	0.00325	0.00192	0.00504
30	0.00471	0.00366	0.00397	0.00400	0.00480	0.00328	0.00277	0.00544	0.00758	0.00947	0.09109	0.07715	0.49430	0.24188	0.02833	0.00198	0.00251	0.00707	0.00311	0.00289
31	0.00464	0.00365	0.00423	0.00456	0.00545	0.00324	0.00342	0.00564	0.00813	0.01019	0.07586	0.26511	0.46360	0.00992	0.00453	0.00137	0.00213	0.11778	0.00344	0.00313
32	0.00812	0.00813	0.01492	0.31275	0.33919	0.00853	0.21104	0.01059	0.00808	0.01098	0.00764	0.01018	0.02602	0.00352	0.00384	0.00118	0.00493	0.00364	0.00180	0.00494
33	0.00502	0.00375	0.00466	0.00443	0.00538	0.00339	0.00332	0.00658	0.00997	0.01372	0.67580	0.02910	0.20557	0.00789	0.00433	0.00117	0.00176	0.00688	0.00391	0.00339
34	0.00729	0.06274	0.65375	0.00949	0.01405	0.00837	0.02345	0.01114	0.03425	0.01149	0.03762	0.01064	0.06962	0.00416	0.00376	0.00116	0.02678	0.00327	0.00185	0.00512
35	0.00746	0.05154	0.82017	0.01031	0.01565	0.00876	0.01329	0.01161	0.00774	0.01152	0.00653	0.00768	0.00465	0.00348	0.00345	0.00115	0.00537	0.00269	0.00155	0.00540
36	0.00592	0.00459	0.00634	0.03800	0.03364	0.00519	0.00467	0.02823	0.03494	0.00939	0.05833	0.03518	0.02694	0.20286	0.43878	0.00411	0.05277	0.00451	0.00227	0.00337
37	0.00936	0.00809	0.00796	0.00724	0.00899	0.11609	0.01480	0.06792	0.41864	0.06345	0.04154	0.17529	0.02173	0.00617	0.00391	0.00124	0.00332	0.01580	0.00346	0.00499
38	0.00947	0.02302	0.02300	0.05514	0.17922	0.08496	0.02797	0.02832	0.30711	0.05992	0.01091	0.03463	0.02010	0.01465	0.01606	0.00129	0.07432	0.00381	0.02090	0.00519
39	0.00526	0.00390	0.00572	0.00572	0.00632	0.00449	0.00437	0.00644	0.00585	0.00839	0.01000	0.01533	0.00957	0.10704	0.77742	0.00568	0.00925	0.00407	0.00199	0.00318
40	0.00911	0.03586	0.13442	0.11633	0.21633	0.05504	0.15092	0.10599	0.05331	0.01256	0.00785	0.00960	0.01534	0.00469	0.03866	0.00134	0.02198	0.00341	0.00210	0.00517
41	0.07833	0.00574	0.01861	0.04138	0.05133	0.00618	0.02001	0.07514	0.08778	0.04157	0.01002	0.01355	0.00874	0.11005	0.34565	0.00330	0.00600	0.00379	0.06881	0.00404
42	0.03992	0.27423	0.09415	0.02511	0.03160	0.15100	0.00682	0.06452	0.11855	0.02647	0.02598	0.02437	0.08446	0.00447	0.00333	0.00103	0.01351	0.00334	0.00237	0.00476

[dist]
# distance from previous block
# <min> <max>
2	11

[block]
# block no. 4 follows, 75 sequences, length 15
# corresponding to MSA columns:
# 154-168
name=unknown_E
#
# <colnr> <probs for GDERKNQSTAVLIFYWHMCP>
#	G	D	E	R	K	N	Q	S	T	A	V	L	I	F	Y	W	H	M	C	P
0	0.09042	0.01837	0.07289	0.03707	0.11485	0.06992	0.02430	0.12067	0.10343	0.04527	0.08375	0.04445	0.06040	0.01844	0.06048	0.00150	0.00412	0.01370	0.01122	0.00475
1	0.00839	0.00716	0.00764	0.00695	0.00884	0.00812	0.00541	0.01717	0.69343	0.01481	0.08425	0.01705	0.07389	0.00563	0.00386	0.00125	0.00275	0.02429	0.00373	0.00537
2	0.00862	0.05764	0.01064	0.06371	0.15126	0.08082	0.07518	0.08687	0.06294	0.03082	0.04826	0.08466	0.09974	0.02821	0.00498	0.03194	0.04395	0.02267	0.00259	0.00449
3	0.00921	0.00623	0.00835	0.00685	0.00869	0.04421	0.10107	0.09414	0.01055	0.18768	0.34892	0.07261	0.04039	0.00607	0.00404	0.00116	0.00303	0.00538	0.03693	0.00449
4	0.02567	0.07935	0.12807	0.04256	0.09828	0.09794	0.10169	0.10686	0.07405	0.03832	0.04600	0.01071	0.01823	0.04686	0.00496	0.00126	0.06842	0.00348	0.00235	0.00493
5	0.02744	0.00877	0.00932	0.00765	0.00992	0.03858	0.00617	0.44673	0.18810	0.03393	0.06856	0.01158	0.00948	0.00641	0.06479	0.00148	0.02771	0.00371	0.02416	0.00551
6	0.00913	0.08403	0.12347	0.08431	0.27326	0.06658	0.07877	0.04164	0.12707	0.02192	0.00841	0.01046	0.00679	0.00421	0.01551	0.00120	0.00463	0.03118	0.00218	0.00525
7	0.00520	0.00375	0.00491	0.00462	0.00549	0.00347	0.00347	0.00693	0.01040	0.01473	0.84608	0.02743	0.03465	0.00751	0.00433	0.00116	0.00173	0.00664	0.00404	0.00347
8	0.00851	0.00918	0.11043	0.14074	0.48715	0.00830	0.01030	0.05207	0.03976	0.01193	0.00781	0.04921	0.00665	0.00421	0.00408	0.03451	0.00435	0.00357	0.00199	0.00525
9	0.00528	0.00357	0.00399	0.00399	0.00406	0.00353	0.00226	0.00534	0.00552	0.00728	0.01306	0.02469	0.06161	0.82102	0.01786	0.00343	0.00346	0.00548	0.00229	0.00228
10	0.01074	0.00844	0.03211	0.00763	0.03001	0.00881	0.00610	0.49725	0.08497	0.01850	0.04252	0.09503	0.10719	0.00575	0.00384	0.00116	0.00341	0.00468	0.02652	0.00533
11	0.01396	0.01029	0.01102	0.00845	0.01139	0.01139	0.00698	0.83577	0.01727	0.02315	0.00882	0.00882	0.00625	0.00441	0.00367	0.00110	0.00404	0.00331	0.00367	0.00625
12	0.42147	0.02456	0.04885	0.00751	0.00994	0.28937	0.05381	0.04341	0.02620	0.03597	0.00610	0.00694	0.00474	0.00362	0.00292	0.00108	0.00448	0.00242	0.00222	0.00439
13	0.00511	0.00354	0.00405	0.00415	0.00435	0.00343	0.00250	0.00538	0.00613	0.00808	0.05515	0.13918	0.10356	0.62333	0.01461	0.00292	0.00310	0.00634	0.00260	0.00248
14	0.11200	0.00989	0.07716	0.08881	0.10079	0.16892	0.03305	0.06804	0.04847	0.05174	0.01810	0.01216	0.05096	0.08766	0.00531	0.00138	0.04010	0.01861	0.00236	0.00451

[dist]
# distance from previous block
# <min> <max>
0	53

[block]
# block no. 5 follows, 75 sequences, length 37
# corresponding to MSA columns:
# 222-258
name=unknown_F
#
# <colnr> <probs for GDERKNQSTAVLIFYWHMCP>
#	G	D	E	R	K	N	Q	S	T	A	V	L	I	F	Y	W	H	M	C	P
0	0.64110	0.03839	0.00684	0.00566	0.00763	0.02144	0.00466	0.03456	0.01553	0.03395	0.03509	0.03237	0.00602	0.00419	0.00361	0.00118	0.09869	0.00264	0.00237	0.00410
1	0.00473	0.00362	0.00413	0.00429	0.00504	0.00326	0.00303	0.00557	0.00782	0.00997	0.13378	0.19204	0.39243	0.16906	0.00710	0.00173	0.00228	0.04386	0.00327	0.00298
2	0.10736	0.00802	0.01276	0.23524	0.52357	0.00859	0.01008	0.03070	0.00808	0.01210	0.00666	0.00892	0.00539	0.00342	0.00349	0.00113	0.00432	0.00313	0.00187	0.00518
3	0.02669	0.21061	0.11184	0.04711	0.04345	0.21486	0.09574	0.14820	0.00988	0.01209	0.00646	0.00774	0.00518	0.01270	0.00373	0.00106	0.03286	0.00280	0.00206	0.00492
4	0.00804	0.00762	0.01278	0.43361	0.41616	0.00846	0.01056	0.01063	0.03621	0.01083	0.00700	0.00959	0.00555	0.00353	0.00366	0.00116	0.00457	0.00330	0.00179	0.00497
5	0.00445	0.00370	0.00390	0.00396	0.00510	0.00315	0.00297	0.00543	0.00840	0.01021	0.08484	0.09432	0.71452	0.00937	0.00439	0.00127	0.00192	0.03156	0.00345	0.00312
6	0.00737	0.01900	0.85189	0.01047	0.01590	0.00853	0.01357	0.01163	0.00775	0.01163	0.00659	0.00775	0.00465	0.00349	0.00349	0.00116	0.00543	0.00271	0.00155	0.00543
7	0.01046	0.09580	0.10064	0.07528	0.14415	0.10169	0.18199	0.11910	0.03391	0.08063	0.00772	0.00896	0.00582	0.00367	0.00372	0.00111	0.01454	0.00327	0.00228	0.00526
8	0.00614	0.00329	0.00472	0.00476	0.00481	0.00331	0.00316	0.00499	0.00503	0.00672	0.00782	0.03411	0.00817	0.13358	0.04372	0.69865	0.00345	0.01998	0.00177	0.00181
9	0.11194	0.00931	0.00975	0.00761	0.01032	0.01028	0.00627	0.66046	0.01514	0.04139	0.00878	0.00896	0.00631	0.00429	0.00343	0.00109	0.00371	0.00318	0.07202	0.00578
10	0.00724	0.00687	0.01082	0.18812	0.09996	0.00835	0.06909	0.00878	0.00705	0.01000	0.07243	0.08557	0.00962	0.02041	0.04195	0.00161	0.32505	0.02093	0.00206	0.00408
11	0.01173	0.07783	0.02152	0.07428	0.12307	0.23664	0.03372	0.18881	0.09889	0.07203	0.00818	0.00890	0.00623	0.00399	0.00363	0.00107	0.01857	0.00308	0.00259	0.00524
12	0.00879	0.00807	0.01302	0.31045	0.41465	0.00875	0.03586	0.10234	0.02396	0.01235	0.00769	0.00988	0.02057	0.00367	0.00369	0.00115	0.00450	0.00340	0.00202	0.00519
13	0.00536	0.00364	0.00431	0.00436	0.00447	0.00371	0.00268	0.00559	0.00556	0.00748	0.01178	0.02386	0.01329	0.73306	0.11113	0.00373	0.00425	0.04709	0.00226	0.00240
14	0.06440	0.20254	0.07768	0.00820	0.01080	0.05678	0.07550	0.14088	0.06550	0.06797	0.03400	0.02573	0.00724	0.00439	0.00435	0.00111	0.10679	0.01284	0.00248	0.03083
15	0.00878	0.05090	0.45795	0.03860	0.15107	0.00905	0.02992	0.11476	0.04864	0.02796	0.00767	0.02488	0.00584	0.00379	0.00355	0.00114	0.00479	0.00313	0.00206	0.00550
16	0.03038	0.01529	0.01035	0.10404	0.01277	0.66193	0.00733	0.06926	0.03636	0.01033	0.00626	0.00733	0.00504	0.00384	0.00337	0.00100	0.00607	0.00258	0.00205	0.00441
17	0.00475	0.00371	0.00435	0.00460	0.00549	0.00334	0.00344	0.00596	0.02023	0.01075	0.15958	0.24093	0.41014	0.00959	0.00450	0.00134	0.00209	0.09850	0.00351	0.00320
18	0.02563	0.00897	0.07879	0.04553	0.31827	0.07016	0.06522	0.05717	0.00866	0.04028	0.01017	0.09375	0.02966	0.04027	0.00473	0.00131	0.03190	0.06239	0.00232	0.00484
19	0.02943	0.03755	0.01238	0.22622	0.34517	0.23291	0.00935	0.01177	0.02546	0.01055	0.00661	0.00863	0.00539	0.00397	0.01864	0.00117	0.00511	0.00299	0.00184	0.00485
20	0.01321	0.00994	0.01071	0.00837	0.01112	0.01112	0.00688	0.71396	0.11363	0.02178	0.00941	0.00937	0.00678	0.00454	0.00395	0.00113	0.03096	0.00340	0.00362	0.00613
21	0.00723	0.00681	0.01144	0.77256	0.06005	0.00829	0.03395	0.02329	0.02211	0.00990	0.00675	0.00982	0.00509	0.00367	0.00369	0.00122	0.00486	0.00331	0.00172	0.00425
22	0.00737	0.02258	0.34850	0.02734	0.06222	0.06822	0.08216	0.01003	0.00802	0.01088	0.01093	0.14839	0.01074	0.00592	0.00415	0.00130	0.01844	0.14605	0.00223	0.00453
23	0.89687	0.00710	0.00540	0.00483	0.00710	0.00824	0.00398	0.01080	0.00625	0.01648	0.00511	0.00597	0.00398	0.00341	0.00227	0.00114	0.00284	0.00199	0.00227	0.00398
24	0.00521	0.00378	0.00500	0.00571	0.00634	0.00363	0.00451	0.00636	0.00779	0.01011	0.02130	0.32860	0.11361	0.05398	0.00554	0.00167	0.00279	0.40758	0.00334	0.00315
25	0.04718	0.02894	0.01092	0.02781	0.18755	0.06087	0.07684	0.11212	0.04745	0.19113	0.03346	0.04901	0.03780	0.01611	0.00398	0.00120	0.00391	0.05553	0.00301	0.00518
26	0.00540	0.00369	0.00482	0.00485	0.00508	0.00393	0.00325	0.00570	0.00562	0.00770	0.01130	0.07504	0.02455	0.42937	0.27636	0.10298	0.02062	0.00500	0.00216	0.00258
27	0.00610	0.00442	0.00615	0.00667	0.09931	0.00412	0.00440	0.00785	0.01012	0.05114	0.69257	0.02497	0.05395	0.00696	0.00423	0.00115	0.00209	0.00617	0.00380	0.00384
28	0.00549	0.00402	0.00536	0.00599	0.00684	0.00388	0.00503	0.00698	0.00846	0.01097	0.08583	0.11823	0.14396	0.00995	0.00487	0.00156	0.00291	0.56292	0.00344	0.00331
29	0.00929	0.14285	0.24796	0.03760	0.08482	0.13645	0.14503	0.03547	0.01896	0.02811	0.00775	0.02903	0.00652	0.00402	0.00358	0.00112	0.00509	0.04946	0.00197	0.00493
30	0.02372	0.00881	0.05233	0.17787	0.34417	0.07108	0.04783	0.07005	0.00857	0.01159	0.00781	0.04704	0.00678	0.02940	0.07576	0.00161	0.00506	0.00363	0.00201	0.00488
31	0.00490	0.00355	0.00439	0.00477	0.00526	0.00340	0.00328	0.00587	0.02752	0.00976	0.08600	0.43428	0.15030	0.13665	0.05874	0.01096	0.00277	0.01652	0.02809	0.00302
32	0.00867	0.04969	0.19723	0.09722	0.36177	0.04466	0.10479	0.01175	0.05258	0.01149	0.00712	0.00894	0.00562	0.00350	0.00377	0.00113	0.01967	0.00322	0.00184	0.00532
33	0.00778	0.04813	0.36123	0.04565	0.04038	0.02560	0.12802	0.01070	0.02398	0.05537	0.00995	0.15968	0.00913	0.00549	0.01660	0.00130	0.01826	0.02579	0.00219	0.00478
34	0.04473	0.00780	0.01221	0.30273	0.22303	0.02869	0.08468	0.04209	0.00847	0.10915	0.02461	0.00988	0.00630	0.00383	0.00407	0.00116	0.04806	0.00338	0.00221	0.03291
35	0.17446	0.01735	0.00973	0.17224	0.05807	0.08137	0.06507	0.11605	0.03776	0.06438	0.02259	0.10517	0.02101	0.00505	0.01096	0.00123	0.02639	0.00400	0.00258	0.00455
36	0.13525	0.00896	0.07288	0.05603	0.07574	0.10545	0.06463	0.10625	0.03745	0.02843	0.02234	0.10484	0.00850	0.03098	0.02138	0.05678	0.01858	0.01076	0.00243	0.03235

[dist]
# distance from previous block
# <min> <max>
0	32

# created by:
# /st0/software/busco_prod/Augustus/scripts/msa2prfl.pl ./align_prep/37677.fa
