[name]
unknown

[dist]
# distance from previous block
# <min> <max>
0	75

[block]
# block no. 0 follows, 71 sequences, length 91
# corresponding to MSA columns:
# 75-165
name=unknown_A
#
# <colnr> <probs for GDERKNQSTAVLIFYWHMCP>
#	G	D	E	R	K	N	Q	S	T	A	V	L	I	F	Y	W	H	M	C	P
0	0.36944	0.00695	0.00730	0.00602	0.00852	0.00703	0.00495	0.02157	0.00800	0.17277	0.00875	0.01971	0.00703	0.00434	0.00361	0.00110	0.05315	0.05542	0.00286	0.23149
1	0.19749	0.00705	0.00782	0.00597	0.00896	0.00634	0.01281	0.02566	0.03194	0.10897	0.00819	0.00884	0.01848	0.00351	0.00318	0.00085	0.02379	0.00263	0.00265	0.51487
2	0.23993	0.00993	0.10006	0.00853	0.01067	0.01047	0.02230	0.19650	0.06541	0.01552	0.00703	0.00842	0.00559	0.00492	0.00624	0.00135	0.27656	0.00308	0.00250	0.00501
3	0.06825	0.00725	0.00885	0.00724	0.04087	0.02950	0.00562	0.01381	0.00911	0.36707	0.01013	0.01008	0.00716	0.00403	0.00401	0.00099	0.06599	0.00306	0.00327	0.33372
4	0.14825	0.00861	0.01303	0.04679	0.50544	0.02946	0.04046	0.01117	0.00800	0.01256	0.00695	0.00930	0.00588	0.00557	0.06638	0.00156	0.07006	0.00327	0.00196	0.00530
5	0.07669	0.00761	0.00859	0.00730	0.00965	0.00822	0.00582	0.05310	0.43481	0.26742	0.04525	0.01349	0.01100	0.00506	0.00404	0.00126	0.02670	0.00406	0.00399	0.00594
6	0.00549	0.00408	0.00600	0.00600	0.00663	0.00471	0.00459	0.00674	0.00612	0.00878	0.01042	0.01587	0.00993	0.09580	0.78349	0.00597	0.00974	0.00423	0.00208	0.00334
7	0.00594	0.00429	0.00588	0.00669	0.00756	0.00423	0.00574	0.00756	0.00871	0.01126	0.02173	0.10615	0.08234	0.01064	0.00521	0.00171	0.00331	0.69404	0.00354	0.00348
8	0.89233	0.00741	0.00564	0.00504	0.00741	0.00860	0.00415	0.01127	0.00653	0.01720	0.00534	0.00623	0.00415	0.00356	0.00237	0.00119	0.00297	0.00208	0.00237	0.00415
9	0.00679	0.00370	0.00549	0.00537	0.00537	0.00395	0.00370	0.00531	0.00506	0.00685	0.00654	0.01142	0.00654	0.01283	0.01481	0.82336	0.06608	0.00333	0.00167	0.00185
10	0.00666	0.00333	0.00500	0.00500	0.00500	0.00333	0.00333	0.00500	0.00500	0.00666	0.00666	0.01166	0.00666	0.01332	0.01499	0.88844	0.00333	0.00333	0.00167	0.00167
11	0.89233	0.00741	0.00564	0.00504	0.00741	0.00860	0.00415	0.01127	0.00653	0.01720	0.00534	0.00623	0.00415	0.00356	0.00237	0.00119	0.00297	0.00208	0.00237	0.00415
12	0.01159	0.10111	0.02217	0.00885	0.01076	0.07350	0.00743	0.34480	0.01157	0.03515	0.00742	0.00904	0.00606	0.02152	0.03870	0.00151	0.27761	0.00326	0.00268	0.00525
13	0.00522	0.00389	0.00497	0.00563	0.00639	0.00365	0.00441	0.00639	0.00827	0.01058	0.02531	0.33597	0.23116	0.01088	0.00496	0.00157	0.00266	0.32123	0.00355	0.00331
14	0.82791	0.00766	0.00607	0.00532	0.00774	0.00884	0.00438	0.07126	0.00737	0.01771	0.00562	0.00645	0.00433	0.00364	0.00248	0.00118	0.00306	0.00218	0.00248	0.00433
15	0.09230	0.01055	0.01071	0.00838	0.01130	0.06496	0.00687	0.63091	0.01591	0.09663	0.00919	0.00914	0.00648	0.00448	0.00368	0.00115	0.00420	0.00330	0.00367	0.00618
16	0.00778	0.00650	0.00784	0.00579	0.00872	0.00512	0.02581	0.00943	0.02095	0.02118	0.00780	0.01053	0.00696	0.12171	0.00521	0.00104	0.00306	0.00284	0.00232	0.71941
17	0.01015	0.00820	0.01263	0.03530	0.49596	0.00792	0.00915	0.01289	0.07315	0.12198	0.01784	0.01029	0.00720	0.00369	0.00365	0.00106	0.00395	0.00338	0.00251	0.15910
18	0.00872	0.00987	0.02125	0.01526	0.01895	0.00922	0.76689	0.01178	0.00903	0.01214	0.01004	0.01229	0.06703	0.00371	0.00453	0.00129	0.00613	0.00479	0.00206	0.00503
19	0.00913	0.00874	0.01491	0.15733	0.71037	0.00902	0.01159	0.01145	0.00856	0.01209	0.00715	0.00961	0.00592	0.00348	0.00380	0.00116	0.00464	0.00341	0.00187	0.00578
20	0.56599	0.00676	0.00616	0.03723	0.00807	0.03525	0.00466	0.01001	0.00660	0.01417	0.00691	0.00916	0.00589	0.02199	0.24431	0.00263	0.00527	0.00276	0.00224	0.00393
21	0.00475	0.00389	0.00419	0.00411	0.00531	0.00333	0.00309	0.00593	0.00926	0.01159	0.23470	0.03488	0.64316	0.00925	0.00453	0.00127	0.00191	0.00781	0.00372	0.00333
22	0.01076	0.00878	0.00889	0.00786	0.01011	0.06645	0.00614	0.03403	0.67680	0.10336	0.01478	0.01358	0.01092	0.00506	0.00387	0.00126	0.00334	0.00414	0.00386	0.00601
23	0.03514	0.00892	0.01161	0.06059	0.01277	0.00964	0.14051	0.31817	0.22315	0.02813	0.01339	0.01376	0.08753	0.00501	0.00401	0.00124	0.00406	0.01337	0.00335	0.00563
24	0.00559	0.00427	0.00637	0.00631	0.00697	0.00505	0.00493	0.00694	0.00615	0.00891	0.01007	0.01481	0.00942	0.02793	0.81884	0.00599	0.04188	0.00408	0.00204	0.00345
25	0.01379	0.00834	0.00958	0.00774	0.01046	0.00880	0.00627	0.25467	0.29771	0.31945	0.01357	0.01237	0.00939	0.00486	0.00387	0.00122	0.00346	0.00390	0.00419	0.00637
26	0.00530	0.00391	0.00495	0.00469	0.00565	0.00356	0.00352	0.00699	0.01055	0.01466	0.72498	0.02982	0.15096	0.00811	0.00452	0.00122	0.00183	0.00710	0.00413	0.00356
27	0.01449	0.01070	0.01146	0.00880	0.01186	0.01185	0.00727	0.81489	0.03183	0.02403	0.00931	0.00929	0.00661	0.00461	0.00384	0.00115	0.00420	0.00347	0.00384	0.00651
28	0.10415	0.00703	0.00783	0.00573	0.00901	0.00575	0.00460	0.04076	0.00818	0.01345	0.00675	0.00781	0.00555	0.00298	0.00283	0.00066	0.00291	0.00230	0.00234	0.75940
29	0.00571	0.00437	0.00597	0.00595	0.00656	0.02402	0.00448	0.00684	0.00617	0.00867	0.01038	0.01625	0.01006	0.14668	0.70190	0.01719	0.00917	0.00427	0.00209	0.00327
30	0.01609	0.00647	0.00898	0.07172	0.01094	0.00580	0.00596	0.01766	0.01072	0.75536	0.03918	0.01330	0.00996	0.00477	0.00387	0.00119	0.00336	0.00391	0.00450	0.00626
31	0.02610	0.00958	0.01866	0.01363	0.01713	0.00924	0.59210	0.03107	0.11910	0.10849	0.00963	0.01108	0.00701	0.00370	0.00431	0.00128	0.00553	0.00436	0.00257	0.00546
32	0.00968	0.03523	0.01393	0.20695	0.49852	0.03366	0.01052	0.08793	0.00948	0.02784	0.02534	0.00993	0.00654	0.00375	0.00377	0.00116	0.00462	0.00343	0.00213	0.00558
33	0.00788	0.00673	0.00787	0.00565	0.00899	0.00507	0.00452	0.00958	0.00803	0.01258	0.03099	0.00855	0.00656	0.00298	0.00289	0.00059	0.00281	0.00241	0.00233	0.86299
34	0.00495	0.00346	0.00440	0.00504	0.00521	0.00331	0.00326	0.00545	0.00687	0.00915	0.01856	0.61169	0.02207	0.25307	0.00903	0.00217	0.00267	0.02351	0.00321	0.00290
35	0.07972	0.00907	0.01198	0.02453	0.34031	0.09869	0.02826	0.01441	0.01863	0.29019	0.00960	0.01020	0.00695	0.00407	0.00402	0.00117	0.03611	0.00339	0.00291	0.00579
36	0.81381	0.00804	0.00613	0.00548	0.00775	0.05478	0.00448	0.01142	0.00674	0.01650	0.00536	0.00634	0.00423	0.00369	0.00278	0.00119	0.03264	0.00214	0.00233	0.00417
37	0.01187	0.00677	0.00768	0.00631	0.00854	0.04506	0.00505	0.15091	0.01161	0.34593	0.13823	0.02011	0.21274	0.00633	0.00409	0.00120	0.00307	0.00519	0.00410	0.00522
38	0.00820	0.00453	0.00587	0.00555	0.00657	0.00435	0.00401	0.02396	0.02312	0.20080	0.10719	0.25285	0.01802	0.21340	0.09340	0.00240	0.00365	0.01476	0.00347	0.00391
39	0.00764	0.00959	0.16316	0.00945	0.03180	0.03472	0.00848	0.00933	0.00659	0.00976	0.00695	0.01022	0.00632	0.01226	0.24916	0.00284	0.41219	0.00345	0.00179	0.00430
40	0.01418	0.01425	0.01089	0.05684	0.06133	0.51933	0.00752	0.09720	0.01130	0.15937	0.00802	0.00857	0.00598	0.00412	0.00361	0.00106	0.00576	0.00292	0.00264	0.00511
41	0.01620	0.00672	0.00885	0.00684	0.00969	0.00603	0.00563	0.08709	0.01152	0.72052	0.05017	0.01391	0.02852	0.00497	0.00390	0.00119	0.00325	0.00404	0.00462	0.00633
42	0.00515	0.00385	0.00455	0.00446	0.00527	0.00353	0.00317	0.00629	0.00891	0.01188	0.37600	0.06532	0.27827	0.17763	0.02751	0.00186	0.00244	0.00712	0.00357	0.00322
43	0.06276	0.00406	0.00444	0.00437	0.00459	0.00418	0.00259	0.01659	0.00582	0.00833	0.01154	0.02331	0.01306	0.76831	0.04839	0.00361	0.00391	0.00527	0.00234	0.00254
44	0.01432	0.01827	0.01087	0.00988	0.01185	0.84986	0.00741	0.01531	0.01087	0.00938	0.00593	0.00691	0.00494	0.00395	0.00346	0.00099	0.00691	0.00247	0.00198	0.00444
45	0.00907	0.00743	0.00804	0.00715	0.00903	0.00834	0.00551	0.10319	0.54518	0.01618	0.15556	0.02518	0.01561	0.06101	0.00502	0.00143	0.00299	0.00483	0.00384	0.00543
46	0.00633	0.00414	0.00476	0.00463	0.00490	0.00422	0.00282	0.00713	0.06883	0.03627	0.01209	0.02288	0.01310	0.70490	0.03085	0.05796	0.00373	0.00526	0.00248	0.00273
47	0.00724	0.00681	0.01150	0.85604	0.02641	0.00852	0.01065	0.00980	0.00767	0.00980	0.00681	0.01022	0.00511	0.00383	0.00383	0.00128	0.00511	0.00341	0.00170	0.00426
48	0.00724	0.00681	0.01150	0.85604	0.02641	0.00852	0.01065	0.00980	0.00767	0.00980	0.00681	0.01022	0.00511	0.00383	0.00383	0.00128	0.00511	0.00341	0.00170	0.00426
49	0.00726	0.00534	0.00623	0.00571	0.00692	0.00556	0.00422	0.02436	0.24807	0.04747	0.39817	0.02289	0.02335	0.16921	0.00714	0.00171	0.00262	0.00575	0.00378	0.00424
50	0.02131	0.00898	0.01472	0.10630	0.68711	0.00925	0.01122	0.07151	0.00928	0.01317	0.00729	0.00950	0.00598	0.00355	0.00378	0.00115	0.00457	0.00340	0.00203	0.00590
51	0.06668	0.01169	0.01022	0.00836	0.01102	0.27047	0.00667	0.29776	0.01312	0.25203	0.00964	0.00941	0.00673	0.00438	0.00364	0.00111	0.00471	0.00318	0.00343	0.00574
52	0.00929	0.01027	0.02169	0.01642	0.08001	0.00974	0.73656	0.04308	0.00937	0.01275	0.00777	0.01024	0.00586	0.00330	0.00445	0.00128	0.00624	0.00440	0.00201	0.00529
53	0.00905	0.00492	0.00610	0.00537	0.00678	0.00461	0.00401	0.01085	0.06700	0.25104	0.23248	0.02343	0.11233	0.22259	0.00807	0.00186	0.00284	0.01864	0.00379	0.00426
54	0.00496	0.00343	0.00449	0.00525	0.00549	0.00322	0.00347	0.00558	0.00722	0.02294	0.02012	0.76432	0.02395	0.09825	0.00636	0.00177	0.00239	0.01025	0.00345	0.00309
55	0.00547	0.00397	0.00556	0.00566	0.00616	0.00440	0.00417	0.00647	0.00621	0.00871	0.01188	0.08074	0.01225	0.22639	0.55798	0.00507	0.00786	0.03561	0.00228	0.00314
56	0.00518	0.00388	0.00474	0.00462	0.00553	0.00352	0.00341	0.00660	0.00975	0.01321	0.52273	0.07702	0.23593	0.06378	0.00553	0.00142	0.00202	0.02385	0.00388	0.00341
57	0.00917	0.00499	0.00628	0.00563	0.00724	0.00460	0.00433	0.01131	0.08018	0.27164	0.24037	0.16758	0.15559	0.00768	0.00433	0.00128	0.00246	0.00663	0.00413	0.00458
58	0.00536	0.00393	0.00451	0.00446	0.00555	0.00344	0.00329	0.00651	0.00913	0.04742	0.24680	0.14458	0.46266	0.02895	0.00489	0.00136	0.00204	0.00792	0.00376	0.00344
59	0.00795	0.00681	0.00795	0.00568	0.00909	0.00511	0.00454	0.00965	0.00795	0.01249	0.00681	0.00795	0.00568	0.00284	0.00284	0.00057	0.00284	0.00227	0.00227	0.88869
60	0.25705	0.00622	0.00700	0.00585	0.00800	0.00619	0.00466	0.04398	0.00930	0.36079	0.11411	0.01512	0.01205	0.10682	0.00542	0.00150	0.00310	0.02427	0.00367	0.00493
61	0.27841	0.00608	0.00654	0.00564	0.00765	0.00623	0.00451	0.06187	0.01912	0.21595	0.16661	0.02658	0.10244	0.01673	0.05825	0.00155	0.00326	0.00444	0.00352	0.00462
62	0.00481	0.00381	0.00427	0.00443	0.00540	0.00335	0.00325	0.00583	0.00861	0.01081	0.13743	0.17373	0.51135	0.05780	0.00547	0.00149	0.00215	0.04921	0.00358	0.00323
63	0.00540	0.00399	0.00546	0.00536	0.00611	0.00417	0.00403	0.00678	0.00798	0.01120	0.30906	0.02233	0.07985	0.08800	0.41845	0.00384	0.00610	0.00553	0.00296	0.00339
64	0.00619	0.00355	0.00528	0.00534	0.00555	0.00372	0.00375	0.00553	0.00549	0.00751	0.00872	0.07507	0.00884	0.01751	0.24617	0.57831	0.00518	0.00410	0.00191	0.00226
65	0.00993	0.00959	0.07581	0.00810	0.02706	0.18039	0.00667	0.07722	0.09183	0.09670	0.06349	0.01486	0.01072	0.01174	0.23736	0.00257	0.00615	0.06224	0.00284	0.00472
66	0.00605	0.00396	0.00500	0.00487	0.00556	0.00382	0.00348	0.00672	0.06808	0.01013	0.18832	0.02204	0.23335	0.01063	0.00924	0.40504	0.00263	0.00541	0.00286	0.00281
67	0.00661	0.00359	0.00501	0.00501	0.00505	0.01481	0.00332	0.00523	0.00519	0.00686	0.00745	0.02446	0.00766	0.09627	0.03252	0.76016	0.00355	0.00366	0.00177	0.00182
68	0.01067	0.02753	0.02981	0.00840	0.09052	0.00713	0.00616	0.06131	0.21840	0.23518	0.13060	0.01612	0.05694	0.00712	0.06605	0.00157	0.00369	0.00451	0.01280	0.00546
69	0.01098	0.04590	0.02856	0.09553	0.18628	0.37353	0.06612	0.01264	0.02172	0.01048	0.03886	0.00928	0.00667	0.00454	0.00451	0.05671	0.01786	0.00316	0.00200	0.00467
70	0.06678	0.00700	0.00824	0.00654	0.00912	0.03395	0.00534	0.11313	0.01108	0.53877	0.01313	0.01219	0.00873	0.00459	0.00357	0.00113	0.00325	0.00361	0.14402	0.00585
71	0.00798	0.00865	0.07999	0.55317	0.02092	0.06072	0.00978	0.04336	0.01961	0.01106	0.07776	0.01129	0.00787	0.00443	0.00450	0.00127	0.06754	0.00361	0.00204	0.00444
72	0.00992	0.54121	0.17263	0.00997	0.13548	0.01280	0.00875	0.03123	0.00830	0.02965	0.00622	0.00724	0.00522	0.00343	0.00294	0.00096	0.00444	0.00248	0.00180	0.00531
73	0.00586	0.00452	0.00670	0.00720	0.06129	0.00513	0.00510	0.00746	0.02980	0.00923	0.01035	0.01541	0.00974	0.08783	0.70975	0.00552	0.00921	0.00418	0.00212	0.00359
74	0.01432	0.01827	0.01087	0.00988	0.01185	0.84986	0.00741	0.01531	0.01087	0.00938	0.00593	0.00691	0.00494	0.00395	0.00346	0.00099	0.00691	0.00247	0.00198	0.00444
75	0.00865	0.08043	0.67038	0.01023	0.01523	0.00936	0.01258	0.03198	0.02560	0.05996	0.00741	0.00840	0.00532	0.00384	0.00389	0.00120	0.03508	0.00290	0.00190	0.00564
76	0.00568	0.00391	0.00560	0.00560	0.00605	0.00436	0.00410	0.00632	0.00587	0.00828	0.01007	0.01647	0.00997	0.18700	0.56310	0.14040	0.00795	0.00427	0.00205	0.00294
77	0.00469	0.00335	0.00447	0.00532	0.00557	0.00313	0.00356	0.00539	0.00744	0.00995	0.04436	0.83906	0.02567	0.01189	0.00488	0.00155	0.00221	0.01079	0.00358	0.00313
78	0.00548	0.00411	0.00616	0.00616	0.00685	0.00479	0.00479	0.00685	0.00616	0.00890	0.01027	0.01506	0.00959	0.02876	0.85006	0.00616	0.01027	0.00411	0.00205	0.00342
79	0.00985	0.00839	0.00885	0.00787	0.01009	0.00968	0.00614	0.07052	0.78375	0.01654	0.01521	0.01399	0.01138	0.00516	0.00390	0.00129	0.00311	0.00428	0.00390	0.00610
80	0.00949	0.00911	0.01556	0.02353	0.84133	0.00911	0.01177	0.01177	0.00873	0.01253	0.00721	0.00949	0.00607	0.00342	0.00380	0.00114	0.00456	0.00342	0.00190	0.00607
81	0.01576	0.08108	0.08507	0.00717	0.01040	0.00674	0.00648	0.01748	0.01044	0.69805	0.01355	0.01202	0.00869	0.00452	0.00372	0.00116	0.00355	0.00361	0.00420	0.00631
82	0.89233	0.00741	0.00564	0.00504	0.00741	0.00860	0.00415	0.01127	0.00653	0.01720	0.00534	0.00623	0.00415	0.00356	0.00237	0.00119	0.00297	0.00208	0.00237	0.00415
83	0.00747	0.00704	0.01191	0.77292	0.10777	0.00858	0.01076	0.00999	0.00777	0.01007	0.00685	0.01015	0.00521	0.00379	0.00383	0.00126	0.00506	0.00341	0.00172	0.00444
84	0.00796	0.04255	0.71843	0.01200	0.09625	0.00918	0.01356	0.01201	0.00809	0.01201	0.00682	0.00818	0.00498	0.00370	0.00387	0.00121	0.02904	0.00288	0.00165	0.00564
85	0.00790	0.07246	0.70757	0.01022	0.01535	0.00919	0.01277	0.01252	0.06874	0.01218	0.00833	0.00925	0.02907	0.00391	0.00361	0.00120	0.00527	0.00304	0.00184	0.00558
86	0.00467	0.00334	0.00445	0.00534	0.00556	0.00311	0.00356	0.00534	0.00734	0.00979	0.02113	0.86275	0.02536	0.01201	0.00489	0.00156	0.00222	0.01090	0.00356	0.00311
87	0.00898	0.09470	0.65243	0.01058	0.04655	0.00914	0.01250	0.01275	0.00839	0.09826	0.00761	0.00849	0.00539	0.00372	0.00356	0.00117	0.00523	0.00289	0.00196	0.00570
88	0.00807	0.00688	0.01128	0.62669	0.12755	0.00800	0.00987	0.01039	0.00812	0.07141	0.00976	0.01224	0.06520	0.00427	0.00388	0.00125	0.00468	0.00378	0.00208	0.00458
89	0.00632	0.00407	0.00527	0.00502	0.00603	0.00370	0.00374	0.00786	0.01017	0.08973	0.57935	0.15578	0.09160	0.00834	0.00452	0.00126	0.00202	0.00735	0.00412	0.00378
90	0.01341	0.01670	0.07189	0.00957	0.01190	0.63736	0.00770	0.12243	0.01147	0.01158	0.00749	0.03150	0.02179	0.00435	0.00358	0.00105	0.00624	0.00297	0.00227	0.00475

[dist]
# distance from previous block
# <min> <max>
0	23

# created by:
# /st0/software/busco_prod/Augustus/scripts/msa2prfl.pl ./align_prep/37680.fa
