[name]
unknown

[dist]
# distance from previous block
# <min> <max>
12	120

[block]
# block no. 0 follows, 64 sequences, length 13
# corresponding to MSA columns:
# 153-165
name=unknown_A
#
# <colnr> <probs for GDERKNQSTAVLIFYWHMCP>
#	G	D	E	R	K	N	Q	S	T	A	V	L	I	F	Y	W	H	M	C	P
0	0.08870	0.17080	0.26603	0.00942	0.02757	0.06342	0.01866	0.15817	0.02749	0.03707	0.05998	0.02236	0.00835	0.00454	0.00370	0.00120	0.00485	0.00343	0.00266	0.02161
1	0.04103	0.26193	0.19227	0.00923	0.04287	0.02604	0.00882	0.18800	0.03004	0.07042	0.05571	0.02353	0.02369	0.00469	0.00368	0.00117	0.00457	0.00356	0.00285	0.00590
2	0.09950	0.18035	0.27431	0.00855	0.01214	0.03143	0.02327	0.06126	0.04185	0.04730	0.05205	0.03701	0.02331	0.07010	0.01957	0.00153	0.00476	0.00383	0.00256	0.00532
3	0.06631	0.23815	0.21897	0.00920	0.02762	0.08961	0.02338	0.12622	0.01045	0.03465	0.02817	0.04786	0.02020	0.02158	0.01963	0.00134	0.00506	0.00359	0.00250	0.00551
4	0.02565	0.23872	0.44984	0.00974	0.01431	0.01078	0.02891	0.02511	0.02209	0.03816	0.02872	0.07346	0.00812	0.00472	0.00375	0.00123	0.00512	0.00372	0.00220	0.00567
5	0.02754	0.13664	0.29746	0.03018	0.01413	0.06776	0.02391	0.18967	0.04246	0.04246	0.00911	0.04732	0.00726	0.00518	0.02080	0.00134	0.00526	0.00361	0.00266	0.02525
6	0.06228	0.35341	0.28219	0.00897	0.01323	0.01274	0.00970	0.13693	0.03022	0.04389	0.00763	0.00835	0.00589	0.00403	0.00340	0.00113	0.00488	0.00286	0.00237	0.00591
7	0.07299	0.51387	0.18057	0.00786	0.01168	0.01337	0.00831	0.05946	0.00914	0.01216	0.00913	0.00983	0.06810	0.00427	0.00317	0.00106	0.00452	0.00298	0.00213	0.00540
8	0.01039	0.58838	0.18595	0.00816	0.01200	0.03091	0.00866	0.03582	0.00884	0.01098	0.00707	0.04131	0.00638	0.00476	0.02402	0.00117	0.00494	0.00289	0.00194	0.00542
9	0.01194	0.39476	0.20247	0.00954	0.03924	0.14572	0.00930	0.07053	0.01007	0.06095	0.00726	0.00807	0.00578	0.00396	0.00337	0.00107	0.00529	0.00276	0.00221	0.00570
10	0.00608	0.00439	0.00508	0.00519	0.00566	0.00439	0.00338	0.00738	0.06932	0.01003	0.04489	0.17412	0.11074	0.46723	0.03968	0.00305	0.00361	0.02944	0.00313	0.00321
11	0.00968	0.00923	0.04626	0.00707	0.01059	0.06991	0.00588	0.08830	0.00989	0.01437	0.00816	0.04102	0.00696	0.00377	0.00336	0.00078	0.00367	0.00299	0.00262	0.65551
12	0.00923	0.00827	0.01184	0.25239	0.23190	0.04033	0.02034	0.04841	0.10150	0.03356	0.04462	0.08838	0.05671	0.00573	0.00446	0.00137	0.01426	0.01858	0.00280	0.00534

[dist]
# distance from previous block
# <min> <max>
1	8

[block]
# block no. 1 follows, 64 sequences, length 76
# corresponding to MSA columns:
# 191-266
name=unknown_B
#
# <colnr> <probs for GDERKNQSTAVLIFYWHMCP>
#	G	D	E	R	K	N	Q	S	T	A	V	L	I	F	Y	W	H	M	C	P
0	0.02253	0.00889	0.01223	0.05120	0.38789	0.08790	0.02694	0.01158	0.04069	0.01271	0.01447	0.08762	0.08492	0.00641	0.00449	0.00139	0.00453	0.12558	0.00273	0.00531
1	0.05474	0.01009	0.01261	0.05599	0.27338	0.04701	0.00895	0.24797	0.12017	0.03659	0.03776	0.01134	0.00851	0.00455	0.00402	0.00123	0.00443	0.00380	0.00316	0.05368
2	0.03683	0.01186	0.01465	0.01889	0.48455	0.18486	0.02844	0.09264	0.01102	0.03698	0.03458	0.01036	0.00747	0.00415	0.00404	0.00121	0.00530	0.00361	0.00246	0.00610
3	0.03647	0.06337	0.06824	0.02149	0.08726	0.05878	0.00860	0.05869	0.09074	0.04963	0.01959	0.05721	0.02071	0.00609	0.00758	0.00147	0.31818	0.00412	0.00259	0.01919
4	0.04263	0.56686	0.09561	0.00835	0.03009	0.04300	0.00799	0.08738	0.06158	0.01251	0.00710	0.00785	0.00595	0.00390	0.00309	0.00102	0.00461	0.00265	0.00220	0.00563
5	0.01121	0.71587	0.03869	0.00892	0.08525	0.01522	0.00776	0.01293	0.02381	0.03856	0.00657	0.00746	0.00575	0.00367	0.00291	0.00095	0.00447	0.00249	0.00196	0.00555
6	0.72842	0.09616	0.04500	0.00607	0.00889	0.03491	0.00536	0.01241	0.00743	0.01723	0.00588	0.00685	0.00464	0.00384	0.00268	0.00124	0.00360	0.00230	0.00244	0.00467
7	0.01531	0.01097	0.01242	0.02381	0.06860	0.01196	0.00809	0.65146	0.04842	0.09069	0.01057	0.01056	0.00748	0.00492	0.00416	0.00126	0.00448	0.00381	0.00406	0.00697
8	0.03985	0.06186	0.34817	0.01064	0.05527	0.04333	0.02818	0.11095	0.03770	0.19394	0.01049	0.01076	0.02137	0.00447	0.00395	0.00127	0.00504	0.00353	0.00297	0.00628
9	0.16769	0.16353	0.04280	0.02589	0.03042	0.08702	0.05585	0.30001	0.05920	0.01812	0.00827	0.00896	0.00631	0.00433	0.00361	0.00120	0.00473	0.00320	0.00297	0.00589
10	0.00604	0.00403	0.00453	0.00453	0.00453	0.00403	0.00252	0.00604	0.00604	0.00805	0.01309	0.02718	0.01510	0.85402	0.02114	0.00403	0.00403	0.00604	0.00252	0.00252
11	0.01689	0.00988	0.01138	0.00872	0.01200	0.01027	0.00721	0.50865	0.01659	0.33594	0.01244	0.01158	0.00830	0.00505	0.00416	0.00126	0.00417	0.00391	0.00453	0.00707
12	0.02390	0.03509	0.01270	0.01222	0.14351	0.24961	0.01920	0.25988	0.16257	0.02586	0.00977	0.01026	0.00748	0.00463	0.00400	0.00122	0.00524	0.00357	0.00315	0.00615
13	0.01844	0.00738	0.00983	0.00754	0.01076	0.00657	0.00623	0.07452	0.01241	0.77597	0.01595	0.01385	0.01006	0.00513	0.00418	0.00128	0.00361	0.00415	0.00507	0.00707
14	0.00582	0.00414	0.00516	0.00536	0.00594	0.00394	0.00379	0.00687	0.00884	0.01193	0.26202	0.17901	0.08995	0.26979	0.01008	0.00230	0.00294	0.11514	0.00365	0.00335
15	0.02942	0.01534	0.01112	0.00981	0.01220	0.46826	0.00754	0.13986	0.23642	0.01475	0.00985	0.01007	0.00762	0.00476	0.00392	0.00119	0.00581	0.00339	0.00303	0.00564
16	0.01777	0.00941	0.01038	0.00817	0.01127	0.10997	0.00665	0.15405	0.01317	0.59347	0.01407	0.01261	0.00913	0.00501	0.00412	0.00125	0.00420	0.00392	0.00460	0.00679
17	0.00493	0.00414	0.00428	0.00438	0.00566	0.00349	0.00323	0.00594	0.00930	0.01115	0.03994	0.13036	0.73742	0.01080	0.00495	0.00143	0.00214	0.00911	0.00386	0.00349
18	0.00513	0.00377	0.00481	0.00549	0.00598	0.00345	0.00376	0.00604	0.00860	0.01136	0.11462	0.64111	0.14633	0.01215	0.00520	0.00160	0.00232	0.01089	0.00394	0.00345
19	0.45018	0.09818	0.01012	0.00745	0.01022	0.15154	0.00613	0.19414	0.01082	0.01799	0.00684	0.00759	0.00531	0.00415	0.00314	0.00120	0.00437	0.00266	0.00277	0.00522
20	0.01527	0.01138	0.01217	0.00945	0.01268	0.01264	0.00777	0.73886	0.09578	0.02534	0.01063	0.01050	0.00760	0.00505	0.00416	0.00126	0.00445	0.00383	0.00416	0.00702
21	0.00983	0.00934	0.01421	0.12125	0.31804	0.01123	0.01068	0.06608	0.00866	0.01251	0.00689	0.00984	0.00599	0.00539	0.00824	0.00151	0.36908	0.00367	0.00207	0.00548
22	0.00505	0.00366	0.00478	0.00568	0.00600	0.00338	0.00381	0.00580	0.00806	0.01065	0.02421	0.79585	0.08209	0.01284	0.00527	0.00167	0.00239	0.01160	0.00386	0.00338
23	0.01028	0.00987	0.01686	0.02550	0.82811	0.00987	0.01275	0.01275	0.00946	0.01357	0.00781	0.01028	0.00658	0.00370	0.00411	0.00123	0.00493	0.00370	0.00206	0.00658
24	0.01744	0.00782	0.01102	0.00925	0.06717	0.00712	0.04231	0.08533	0.01226	0.67224	0.01492	0.01340	0.00959	0.00496	0.00420	0.00128	0.00387	0.00414	0.00471	0.00697
25	0.00671	0.00559	0.00816	0.00771	0.00827	0.00704	0.00615	0.00805	0.00660	0.00973	0.00973	0.01454	0.00917	0.02529	0.63534	0.00548	0.21613	0.00425	0.00213	0.00391
26	0.01180	0.70137	0.01994	0.02595	0.01138	0.10510	0.00732	0.04553	0.00930	0.02150	0.00619	0.00708	0.00547	0.00373	0.00290	0.00094	0.00479	0.00239	0.00196	0.00535
27	0.00801	0.00755	0.01276	0.78808	0.08326	0.00927	0.01162	0.01076	0.00838	0.01081	0.00741	0.01102	0.00561	0.00412	0.00415	0.00137	0.00550	0.00369	0.00186	0.00475
28	0.01122	0.02167	0.01476	0.03900	0.57650	0.06238	0.01085	0.03291	0.02821	0.09451	0.02474	0.01224	0.04372	0.00435	0.00413	0.00124	0.00474	0.00398	0.00258	0.00628
29	0.01154	0.70374	0.04855	0.00764	0.01107	0.10626	0.00742	0.01298	0.00894	0.02509	0.02125	0.00742	0.00605	0.00377	0.00290	0.00094	0.00478	0.00243	0.00193	0.00531
30	0.00861	0.00738	0.00861	0.00615	0.00984	0.00554	0.00492	0.01046	0.00861	0.01354	0.00738	0.00861	0.00615	0.00308	0.00308	0.00062	0.00308	0.00246	0.00246	0.87941
31	0.00496	0.00422	0.00428	0.00431	0.00570	0.00354	0.00326	0.00604	0.00947	0.01126	0.04151	0.04017	0.80361	0.01055	0.00493	0.00142	0.00215	0.03127	0.00386	0.00352
32	0.00575	0.00410	0.00559	0.00653	0.00706	0.00397	0.00500	0.00696	0.00858	0.01131	0.02233	0.50250	0.02575	0.02905	0.00580	0.00183	0.00303	0.33751	0.00382	0.00354
33	0.01593	0.00674	0.00888	0.00702	0.00984	0.00600	0.00572	0.03924	0.03795	0.63601	0.10861	0.01773	0.06930	0.00590	0.00431	0.00130	0.00328	0.00487	0.00493	0.00646
34	0.00791	0.00745	0.01257	0.82275	0.04941	0.00925	0.01157	0.01067	0.00834	0.01069	0.00739	0.01105	0.00556	0.00414	0.00415	0.00138	0.00552	0.00369	0.00185	0.00467
35	0.01501	0.01562	0.01291	0.01176	0.08024	0.44424	0.04383	0.27256	0.01399	0.03907	0.00805	0.00887	0.00618	0.00445	0.00397	0.00116	0.00621	0.00324	0.00286	0.00578
36	0.01022	0.00981	0.01675	0.04550	0.80857	0.00985	0.01272	0.01270	0.00943	0.01350	0.00780	0.01030	0.00655	0.00371	0.00411	0.00124	0.00495	0.00370	0.00205	0.00653
37	0.05673	0.00957	0.01333	0.10854	0.35903	0.05022	0.03526	0.11411	0.09032	0.02424	0.07876	0.02229	0.01001	0.00467	0.00414	0.00128	0.00460	0.00414	0.00281	0.00593
38	0.04609	0.00801	0.04633	0.00842	0.03470	0.00782	0.05980	0.09135	0.22061	0.07514	0.29110	0.01978	0.04710	0.00635	0.00458	0.00134	0.01660	0.00546	0.00397	0.00545
39	0.00684	0.00436	0.00585	0.00610	0.00694	0.00400	0.02183	0.01878	0.00885	0.10330	0.04328	0.62301	0.10795	0.01144	0.00510	0.00159	0.00262	0.01027	0.00398	0.00392
40	0.00995	0.01022	0.05280	0.10028	0.67995	0.00983	0.05087	0.01259	0.00934	0.01327	0.00779	0.01033	0.00641	0.00374	0.00415	0.00126	0.00514	0.00373	0.00203	0.00633
41	0.01062	0.06803	0.02885	0.02160	0.56158	0.01026	0.17189	0.01320	0.00957	0.05246	0.00820	0.01038	0.00660	0.00372	0.00417	0.00125	0.00526	0.00385	0.00219	0.00632
42	0.00899	0.00782	0.00706	0.00688	0.00807	0.16677	0.00497	0.06460	0.03209	0.06586	0.01919	0.35051	0.10857	0.11003	0.00667	0.00175	0.00382	0.01873	0.00348	0.00416
43	0.00868	0.10647	0.71534	0.01160	0.01739	0.01038	0.04830	0.01309	0.00878	0.01281	0.00732	0.00866	0.00531	0.00389	0.00386	0.00128	0.00600	0.00306	0.00177	0.00603
44	0.01392	0.09197	0.08199	0.01034	0.02379	0.03117	0.09879	0.42100	0.06769	0.10277	0.01018	0.01043	0.00731	0.00462	0.00408	0.00125	0.00485	0.00375	0.00353	0.00657
45	0.01083	0.51303	0.23154	0.00868	0.01281	0.02166	0.02006	0.07785	0.00963	0.03020	0.02543	0.00827	0.00634	0.00393	0.00324	0.00106	0.00488	0.00277	0.00211	0.00569
46	0.01023	0.00982	0.01677	0.04140	0.81258	0.00986	0.01272	0.01271	0.00944	0.01351	0.00780	0.01030	0.00656	0.00371	0.00411	0.00124	0.00495	0.00370	0.00205	0.00654
47	0.00506	0.00361	0.00482	0.00578	0.00602	0.00337	0.00386	0.00578	0.00795	0.01060	0.02289	0.85131	0.02747	0.01301	0.00530	0.00169	0.00241	0.01181	0.00386	0.00337
48	0.00849	0.06976	0.78563	0.01157	0.01755	0.01004	0.01487	0.01311	0.00875	0.01296	0.00736	0.00865	0.00527	0.00392	0.00387	0.00129	0.00604	0.00302	0.00176	0.00609
49	0.01117	0.00894	0.04918	0.05035	0.04778	0.03398	0.19582	0.10710	0.01080	0.17666	0.03572	0.14666	0.01198	0.00718	0.03434	0.01706	0.02034	0.02617	0.00331	0.00546
50	0.01024	0.00999	0.01754	0.02479	0.75665	0.00993	0.08367	0.01280	0.00949	0.01355	0.00787	0.01036	0.00655	0.00368	0.00418	0.00125	0.00512	0.00381	0.00206	0.00649
51	0.01864	0.00707	0.00964	0.00739	0.01060	0.00611	0.00611	0.02024	0.01189	0.83099	0.01639	0.01414	0.01028	0.00514	0.00418	0.00129	0.00353	0.00418	0.00514	0.00707
52	0.00975	0.00927	0.01575	0.15186	0.66971	0.00956	0.01231	0.01224	0.00928	0.01306	0.00834	0.01193	0.00714	0.00410	0.00419	0.00129	0.00498	0.03699	0.00210	0.00616
53	0.00867	0.00823	0.01395	0.56596	0.30022	0.00945	0.01195	0.01134	0.00870	0.01162	0.00753	0.01080	0.00589	0.00400	0.00414	0.00133	0.00533	0.00369	0.00192	0.00528
54	0.01262	0.00693	0.05613	0.00771	0.01010	0.00562	0.05567	0.01425	0.01024	0.43599	0.03022	0.28966	0.01610	0.00773	0.00462	0.00144	0.00351	0.02157	0.00430	0.00560
55	0.00516	0.00384	0.00483	0.00558	0.00614	0.00352	0.00393	0.00605	0.00842	0.01089	0.02712	0.60460	0.20626	0.01233	0.00525	0.00164	0.00246	0.07469	0.00385	0.00344
56	0.00728	0.00586	0.00670	0.02239	0.00798	0.06176	0.01582	0.07874	0.02208	0.02847	0.04411	0.62424	0.02290	0.01091	0.00515	0.00157	0.01663	0.00970	0.00372	0.00401
57	0.01421	0.00788	0.01076	0.04537	0.01208	0.03484	0.08343	0.08798	0.04521	0.42751	0.07343	0.02745	0.03589	0.00591	0.00444	0.00135	0.00403	0.06785	0.00428	0.00610
58	0.00836	0.02130	0.81824	0.01194	0.01804	0.00966	0.02943	0.01316	0.00879	0.01316	0.00747	0.00881	0.00528	0.00394	0.00396	0.00132	0.00615	0.00310	0.00176	0.00613
59	0.01020	0.00979	0.01672	0.05151	0.80270	0.00985	0.01271	0.01268	0.00942	0.01348	0.00780	0.01031	0.00655	0.00372	0.00411	0.00124	0.00495	0.00370	0.00205	0.00652
60	0.01037	0.01011	0.01655	0.03768	0.77274	0.03475	0.01251	0.01277	0.00944	0.01334	0.00771	0.01018	0.00650	0.00381	0.00431	0.00124	0.02381	0.00367	0.00205	0.00645
61	0.01074	0.04250	0.06218	0.03539	0.40146	0.02250	0.21332	0.04550	0.01014	0.06956	0.03997	0.01132	0.00788	0.00401	0.00428	0.00127	0.00533	0.00408	0.00243	0.00615
62	0.02293	0.00533	0.00795	0.11685	0.08739	0.00537	0.04103	0.00801	0.00845	0.02632	0.05565	0.38638	0.08377	0.08951	0.00642	0.00177	0.00345	0.03619	0.00325	0.00399
63	0.00639	0.00634	0.06430	0.02121	0.01954	0.00586	0.06759	0.00771	0.00790	0.01087	0.01727	0.51657	0.01977	0.04228	0.03330	0.00190	0.11274	0.03136	0.00316	0.00394
64	0.04407	0.35856	0.01544	0.00917	0.04546	0.25461	0.00743	0.03951	0.14566	0.03155	0.00829	0.00881	0.00676	0.00421	0.00338	0.00108	0.00510	0.00292	0.00248	0.00550
65	0.01106	0.00987	0.01601	0.07143	0.57995	0.03134	0.05990	0.04380	0.00992	0.07842	0.00845	0.01056	0.00673	0.00404	0.00456	0.00128	0.04021	0.00378	0.00236	0.00633
66	0.01205	0.07543	0.01155	0.00878	0.01106	0.09542	0.05240	0.12897	0.18107	0.12451	0.03486	0.02635	0.02561	0.00586	0.01783	0.00139	0.10296	0.00418	0.07402	0.00569
67	0.00784	0.00738	0.01246	0.84404	0.02861	0.00923	0.01154	0.01061	0.00831	0.01061	0.00738	0.01107	0.00554	0.00415	0.00415	0.00138	0.00554	0.00369	0.00185	0.00461
68	0.00865	0.00847	0.01000	0.05184	0.24972	0.12182	0.00744	0.01105	0.05720	0.01344	0.21889	0.02173	0.18983	0.00656	0.00444	0.00128	0.00388	0.00564	0.00319	0.00492
69	0.01004	0.00995	0.04951	0.11398	0.56600	0.00981	0.02733	0.04849	0.07487	0.01408	0.01990	0.02142	0.00762	0.00415	0.00416	0.00128	0.00487	0.00393	0.00234	0.00627
70	0.01220	0.34219	0.15042	0.00950	0.01286	0.22129	0.03732	0.03190	0.00972	0.06707	0.00710	0.00813	0.00574	0.00420	0.00413	0.00112	0.06465	0.00284	0.00216	0.00544
71	0.00526	0.00516	0.06115	0.00541	0.00666	0.00390	0.00431	0.00650	0.00897	0.01145	0.08060	0.35658	0.40723	0.01093	0.00500	0.00150	0.00249	0.00950	0.00376	0.00366
72	0.00546	0.06216	0.00581	0.00532	0.00621	0.00438	0.00385	0.00636	0.00846	0.01070	0.02810	0.46427	0.31195	0.02539	0.03020	0.00172	0.00273	0.00975	0.00364	0.00355
73	0.00842	0.00730	0.00880	0.00640	0.00993	0.00562	0.02907	0.01042	0.02156	0.01343	0.00994	0.01094	0.06233	0.00364	0.00327	0.00071	0.00313	0.00300	0.00257	0.77950
74	0.00996	0.00844	0.02847	0.00939	0.08510	0.02150	0.02372	0.16603	0.26592	0.03539	0.09646	0.07615	0.13121	0.00678	0.00446	0.00137	0.00355	0.01659	0.00385	0.00567
75	0.04098	0.17392	0.02763	0.00730	0.01006	0.08922	0.00622	0.03565	0.02060	0.35375	0.16606	0.01515	0.02521	0.00539	0.00393	0.00119	0.00385	0.00426	0.00388	0.00576

[dist]
# distance from previous block
# <min> <max>
1	15

[block]
# block no. 2 follows, 64 sequences, length 40
# corresponding to MSA columns:
# 282-321
name=unknown_C
#
# <colnr> <probs for GDERKNQSTAVLIFYWHMCP>
#	G	D	E	R	K	N	Q	S	T	A	V	L	I	F	Y	W	H	M	C	P
0	0.05187	0.09683	0.36996	0.02865	0.01432	0.07412	0.01053	0.09287	0.06244	0.10537	0.03319	0.02503	0.00784	0.00457	0.00386	0.00126	0.00512	0.00351	0.00272	0.00596
1	0.01060	0.04182	0.22406	0.04481	0.17356	0.13805	0.11348	0.07518	0.06257	0.01372	0.00936	0.04679	0.01822	0.00456	0.00414	0.00128	0.00563	0.00397	0.00238	0.00581
2	0.00755	0.00466	0.00566	0.00522	0.00669	0.00409	0.00398	0.00902	0.01066	0.14817	0.33832	0.08089	0.34134	0.00900	0.00481	0.00136	0.00230	0.00771	0.00434	0.00424
3	0.00817	0.00776	0.01307	0.72438	0.05702	0.00938	0.05258	0.01147	0.05375	0.01124	0.00798	0.01130	0.00601	0.00419	0.00419	0.00138	0.00546	0.00381	0.00200	0.00485
4	0.00979	0.05933	0.30115	0.03596	0.17522	0.00939	0.10710	0.04391	0.03549	0.07121	0.04092	0.03786	0.02294	0.02607	0.00459	0.00137	0.00516	0.00415	0.00250	0.00588
5	0.00607	0.00453	0.00543	0.00536	0.00652	0.00422	0.00405	0.00812	0.05629	0.03363	0.34115	0.12539	0.29676	0.01024	0.02879	0.00157	0.00254	0.05125	0.00414	0.00394
6	0.00510	0.00387	0.00467	0.00528	0.00594	0.00349	0.00368	0.00596	0.00848	0.01081	0.02917	0.51900	0.30149	0.03619	0.00564	0.00166	0.00240	0.03994	0.00382	0.00341
7	0.02382	0.10998	0.59588	0.01154	0.01689	0.01034	0.09186	0.01337	0.00892	0.05351	0.00775	0.00902	0.00561	0.00398	0.00406	0.00128	0.02102	0.00321	0.00197	0.00599
8	0.01009	0.02399	0.01601	0.15061	0.44380	0.04769	0.08325	0.03493	0.00925	0.01273	0.00744	0.01013	0.00617	0.00431	0.00546	0.00134	0.12120	0.00373	0.00205	0.00581
9	0.00833	0.02149	0.83250	0.01184	0.01798	0.00965	0.01535	0.01315	0.00877	0.01315	0.00745	0.00877	0.00526	0.00395	0.00395	0.00132	0.00614	0.00307	0.00175	0.00614
10	0.01016	0.00860	0.01383	0.35135	0.35943	0.00938	0.01114	0.03084	0.06701	0.08431	0.00908	0.01130	0.00693	0.00417	0.00414	0.00131	0.00493	0.00381	0.00244	0.00584
11	0.01015	0.02238	0.01499	0.21745	0.38226	0.02396	0.09612	0.01263	0.02064	0.08109	0.00895	0.01209	0.00728	0.06593	0.00543	0.00149	0.00513	0.00401	0.00233	0.00570
12	0.00539	0.00383	0.00512	0.00591	0.00623	0.00372	0.00410	0.00621	0.00781	0.01044	0.02086	0.62364	0.02449	0.09975	0.07464	0.00235	0.00342	0.08517	0.00358	0.00336
13	0.00934	0.00891	0.01516	0.34248	0.51850	0.00962	0.01228	0.01192	0.00901	0.01242	0.00765	0.01059	0.00618	0.00388	0.00413	0.00129	0.00517	0.00370	0.00197	0.00582
14	0.01023	0.00982	0.01677	0.04222	0.81177	0.00986	0.01272	0.01270	0.00943	0.01351	0.00780	0.01030	0.00656	0.00371	0.00411	0.00124	0.00495	0.00370	0.00205	0.00654
15	0.00588	0.00480	0.00527	0.00505	0.00643	0.00447	0.00382	0.00853	0.10963	0.01369	0.28628	0.03415	0.47831	0.00928	0.00482	0.00137	0.00220	0.00787	0.00413	0.00401
16	0.01864	0.00707	0.00964	0.00739	0.01060	0.00611	0.00611	0.02024	0.01189	0.83099	0.01639	0.01414	0.01028	0.00514	0.00418	0.00129	0.00353	0.00418	0.00514	0.00707
17	0.00970	0.01101	0.02390	0.05938	0.02206	0.01044	0.77242	0.01317	0.00973	0.01317	0.00835	0.01120	0.00626	0.00353	0.00486	0.00140	0.00693	0.00484	0.00209	0.00555
18	0.00938	0.00895	0.01524	0.32666	0.53395	0.00963	0.01230	0.01196	0.00903	0.01248	0.00765	0.01057	0.00620	0.00387	0.00413	0.00129	0.00516	0.00370	0.00198	0.00586
19	0.88336	0.00803	0.00611	0.00546	0.00803	0.00932	0.00450	0.01221	0.00707	0.01864	0.00578	0.00675	0.00450	0.00386	0.00257	0.00129	0.00321	0.00225	0.00257	0.00450
20	0.00750	0.00460	0.00607	0.00550	0.00676	0.00420	0.00420	0.00941	0.01177	0.12005	0.72313	0.02888	0.03552	0.00807	0.00481	0.00130	0.00216	0.00709	0.00464	0.00432
21	0.00562	0.00424	0.00519	0.00495	0.00604	0.00381	0.00371	0.00733	0.01113	0.01518	0.61264	0.03346	0.25340	0.00904	0.00490	0.00133	0.00200	0.00785	0.00438	0.00381
22	0.00940	0.00897	0.01526	0.32266	0.53786	0.00964	0.01231	0.01197	0.00904	0.01250	0.00766	0.01057	0.00620	0.00387	0.00413	0.00129	0.00515	0.00370	0.00198	0.00587
23	0.00506	0.00361	0.00482	0.00578	0.00602	0.00337	0.00386	0.00578	0.00795	0.01060	0.02289	0.85131	0.02747	0.01301	0.00530	0.00169	0.00241	0.01181	0.00386	0.00337
24	0.00604	0.00403	0.00453	0.00453	0.00453	0.00403	0.00252	0.00604	0.00604	0.00805	0.01309	0.02718	0.01510	0.85402	0.02114	0.00403	0.00403	0.00604	0.00252	0.00252
25	0.01552	0.01980	0.01177	0.01070	0.01284	0.83735	0.00803	0.01659	0.01177	0.01017	0.00642	0.00749	0.00535	0.00428	0.00375	0.00107	0.00749	0.00268	0.00214	0.00482
26	0.01727	0.00677	0.00920	0.00716	0.01013	0.00587	0.00587	0.01891	0.01187	0.74367	0.10319	0.01595	0.01338	0.00550	0.00425	0.00129	0.00337	0.00453	0.00508	0.00673
27	0.00520	0.00422	0.00461	0.00451	0.00579	0.00363	0.00338	0.00652	0.01015	0.01285	0.27703	0.03729	0.59046	0.00991	0.00491	0.00137	0.00206	0.00839	0.00407	0.00363
28	0.00543	0.00396	0.00516	0.00603	0.00642	0.00381	0.00416	0.00679	0.04989	0.01106	0.02253	0.76183	0.02650	0.01254	0.00527	0.00169	0.00254	0.05695	0.00387	0.00356
29	0.01505	0.00960	0.01091	0.00871	0.01165	0.01019	0.00717	0.49569	0.05779	0.21049	0.01325	0.04546	0.01019	0.00587	0.00433	0.00133	0.00413	0.06721	0.00435	0.00665
30	0.01064	0.00908	0.00957	0.00852	0.01092	0.01048	0.00665	0.06714	0.77504	0.01788	0.01651	0.01518	0.01236	0.00560	0.00422	0.00140	0.00336	0.00464	0.00422	0.00660
31	0.00980	0.01120	0.02451	0.01751	0.02171	0.01050	0.81303	0.01331	0.00980	0.01331	0.00840	0.01120	0.00630	0.00350	0.00490	0.00140	0.00700	0.00490	0.00210	0.00560
32	0.00689	0.00557	0.00624	0.00590	0.00723	0.02461	0.00444	0.02843	0.16031	0.01527	0.41669	0.10372	0.18148	0.00859	0.00477	0.00137	0.00246	0.00743	0.00424	0.00437
33	0.01052	0.01072	0.06152	0.13187	0.49540	0.03752	0.05504	0.08983	0.04107	0.01437	0.00827	0.01043	0.00659	0.00398	0.00415	0.00127	0.00518	0.00374	0.00230	0.00623
34	0.01045	0.00898	0.00946	0.00848	0.01085	0.01039	0.00660	0.03963	0.80285	0.01757	0.01675	0.01537	0.01256	0.00562	0.00422	0.00141	0.00332	0.00467	0.00422	0.00659
35	0.01121	0.11146	0.33016	0.01035	0.02429	0.21397	0.01049	0.06263	0.07836	0.03368	0.00941	0.01018	0.03674	0.00458	0.00418	0.00123	0.03570	0.00332	0.00237	0.00569
36	0.01031	0.01124	0.05411	0.16183	0.29096	0.10043	0.18278	0.03882	0.04833	0.01316	0.02252	0.01081	0.00699	0.00411	0.00449	0.00131	0.02591	0.00393	0.00223	0.00573
37	0.00952	0.15288	0.49741	0.01058	0.01549	0.01035	0.06655	0.03629	0.03833	0.05703	0.03015	0.01090	0.03792	0.00437	0.00389	0.00126	0.00538	0.00352	0.00227	0.00591
38	0.06007	0.00606	0.03747	0.00603	0.00762	0.01662	0.00491	0.06953	0.02878	0.03605	0.33640	0.08769	0.20579	0.00859	0.00472	0.00140	0.00275	0.07121	0.00402	0.00429
39	0.06562	0.03934	0.10732	0.03248	0.09906	0.13902	0.02331	0.28715	0.05038	0.10248	0.00941	0.00992	0.00687	0.00451	0.00394	0.00123	0.00506	0.00347	0.00319	0.00624

[dist]
# distance from previous block
# <min> <max>
3	12

[block]
# block no. 3 follows, 64 sequences, length 26
# corresponding to MSA columns:
# 335-360
name=unknown_D
#
# <colnr> <probs for GDERKNQSTAVLIFYWHMCP>
#	G	D	E	R	K	N	Q	S	T	A	V	L	I	F	Y	W	H	M	C	P
0	0.01807	0.00647	0.00967	0.03963	0.26240	0.00655	0.00721	0.00980	0.01976	0.04274	0.27339	0.13239	0.06828	0.03279	0.00559	0.00145	0.04926	0.00638	0.00334	0.00481
1	0.49966	0.01232	0.00879	0.00845	0.05452	0.30550	0.00622	0.01375	0.00893	0.01518	0.00617	0.00726	0.00497	0.00398	0.00309	0.00119	0.00483	0.00249	0.00239	0.03031
2	0.00976	0.02592	0.08253	0.18874	0.12499	0.00949	0.27886	0.04484	0.00971	0.06354	0.02548	0.04318	0.00838	0.00472	0.00477	0.00139	0.03230	0.03346	0.00244	0.00550
3	0.05250	0.07460	0.04382	0.01069	0.09384	0.04175	0.08680	0.16143	0.15371	0.12006	0.05597	0.01350	0.04583	0.00501	0.00408	0.00126	0.00431	0.00422	0.00343	0.02317
4	0.01021	0.03871	0.34251	0.07069	0.31080	0.00957	0.04588	0.01356	0.00934	0.09721	0.00849	0.01006	0.00632	0.00396	0.00405	0.00128	0.00538	0.00350	0.00223	0.00625
5	0.00945	0.00952	0.03692	0.27348	0.49673	0.00972	0.07949	0.01216	0.00912	0.01264	0.00772	0.01056	0.00621	0.00383	0.00419	0.00130	0.00532	0.00378	0.00199	0.00589
6	0.00987	0.06794	0.32471	0.05043	0.36171	0.02129	0.01284	0.05679	0.03081	0.01380	0.00787	0.00959	0.00613	0.00393	0.00396	0.00125	0.00535	0.00338	0.00209	0.00626
7	0.00881	0.04861	0.54106	0.07168	0.08823	0.01006	0.11313	0.01309	0.02793	0.01295	0.00772	0.00945	0.00570	0.00397	0.00422	0.00132	0.02081	0.00341	0.00189	0.00596
8	0.00531	0.00388	0.00522	0.03107	0.00689	0.00371	0.00427	0.00627	0.00834	0.01110	0.07142	0.67812	0.05976	0.01253	0.01710	0.00173	0.00268	0.06330	0.00381	0.00348
9	0.00561	0.00424	0.00523	0.00572	0.00663	0.00392	0.00444	0.00689	0.00922	0.01180	0.09749	0.23182	0.29950	0.03977	0.00580	0.00171	0.00275	0.25002	0.00386	0.00357
10	0.01282	0.01323	0.01044	0.00930	0.01161	0.33717	0.00715	0.07535	0.40125	0.03392	0.03663	0.01238	0.01013	0.00513	0.00405	0.00126	0.00501	0.00390	0.00343	0.00585
11	0.00885	0.17639	0.68210	0.01096	0.01662	0.01091	0.01382	0.01302	0.00871	0.01253	0.00714	0.00838	0.00527	0.00387	0.00371	0.00124	0.00582	0.00291	0.00176	0.00599
12	0.00551	0.00412	0.00515	0.00531	0.00620	0.00375	0.00393	0.00695	0.01013	0.01360	0.38874	0.23787	0.21536	0.01030	0.00506	0.00147	0.00224	0.06645	0.00418	0.00368
13	0.01559	0.01154	0.01235	0.00952	0.01281	0.01279	0.00785	0.78538	0.04874	0.02586	0.01023	0.01017	0.00727	0.00501	0.00416	0.00125	0.00452	0.00377	0.00416	0.00705
14	0.01028	0.00987	0.01686	0.02550	0.82811	0.00987	0.01275	0.01275	0.00946	0.01357	0.00781	0.01028	0.00658	0.00370	0.00411	0.00123	0.00493	0.00370	0.00206	0.00658
15	0.00916	0.07046	0.67212	0.01112	0.01656	0.04229	0.01367	0.04770	0.00935	0.02700	0.00813	0.03945	0.00624	0.00433	0.00392	0.00129	0.00584	0.00337	0.00201	0.00599
16	0.01052	0.01037	0.01617	0.04696	0.69556	0.05980	0.02789	0.01344	0.05380	0.01348	0.00822	0.01044	0.00680	0.00385	0.00411	0.00124	0.00506	0.00372	0.00217	0.00640
17	0.00604	0.00403	0.00453	0.00453	0.00453	0.00403	0.00252	0.00604	0.00604	0.00805	0.01309	0.02718	0.01510	0.85402	0.02114	0.00403	0.00403	0.00604	0.00252	0.00252
18	0.00524	0.00372	0.00491	0.00580	0.00606	0.00351	0.00392	0.00598	0.00790	0.01051	0.02206	0.73695	0.02628	0.07953	0.00658	0.00189	0.00262	0.05946	0.00375	0.00333
19	0.01111	0.85652	0.02177	0.00711	0.01066	0.01644	0.00711	0.01244	0.00844	0.00977	0.00577	0.00666	0.00533	0.00355	0.00267	0.00089	0.00444	0.00222	0.00178	0.00533
20	0.00529	0.00378	0.00508	0.00605	0.00639	0.00357	0.00426	0.00618	0.00818	0.01086	0.02277	0.73781	0.02697	0.01280	0.00536	0.00172	0.00261	0.12304	0.00385	0.00344
21	0.00563	0.00424	0.00521	0.00497	0.00606	0.00382	0.00373	0.00736	0.01118	0.01528	0.62809	0.03329	0.23788	0.00900	0.00490	0.00133	0.00200	0.00783	0.00439	0.00382
22	0.01091	0.00994	0.01832	0.03546	0.49843	0.00968	0.24652	0.01361	0.00978	0.09314	0.00881	0.01094	0.00684	0.00379	0.00435	0.00129	0.00541	0.00410	0.00237	0.00631
23	0.01671	0.00807	0.03769	0.05869	0.02452	0.00719	0.02635	0.06546	0.05408	0.63334	0.01488	0.01348	0.00962	0.00500	0.00419	0.00130	0.00389	0.00412	0.00461	0.00682
24	0.03911	0.00709	0.00945	0.00733	0.01044	0.00627	0.00603	0.01981	0.03914	0.76410	0.03559	0.01441	0.01092	0.00521	0.00416	0.00129	0.00348	0.00423	0.00503	0.00691
25	0.78167	0.00792	0.00652	0.00569	0.00834	0.00894	0.00469	0.01315	0.00764	0.11417	0.00703	0.00762	0.00518	0.00401	0.00276	0.00129	0.00325	0.00248	0.00287	0.00480

[dist]
# distance from previous block
# <min> <max>
0	8

# created by:
# /st0/software/busco_prod/Augustus/scripts/msa2prfl.pl ./align_prep/37735.fa
