[name]
unknown

[dist]
# distance from previous block
# <min> <max>
0	47

[block]
# block no. 0 follows, 66 sequences, length 11
# corresponding to MSA columns:
# 47-57
name=unknown_A
#
# <colnr> <probs for GDERKNQSTAVLIFYWHMCP>
#	G	D	E	R	K	N	Q	S	T	A	V	L	I	F	Y	W	H	M	C	P
0	0.04201	0.07092	0.12369	0.00995	0.03686	0.07023	0.06302	0.21167	0.12433	0.05209	0.01119	0.01482	0.00929	0.00541	0.00439	0.00133	0.03045	0.10949	0.00313	0.00574
1	0.03991	0.13790	0.11090	0.00984	0.01302	0.32547	0.06292	0.13519	0.02504	0.07373	0.00783	0.00856	0.00599	0.00414	0.00366	0.00111	0.00570	0.00302	0.00255	0.02351
2	0.08423	0.12993	0.26573	0.00831	0.01148	0.10213	0.00841	0.02593	0.00901	0.07252	0.02662	0.19809	0.02921	0.00613	0.00390	0.00128	0.00448	0.00497	0.00266	0.00499
3	0.00514	0.00408	0.00464	0.00485	0.00584	0.00365	0.00350	0.00652	0.03314	0.01178	0.15782	0.28082	0.44261	0.01055	0.00489	0.00144	0.00216	0.00914	0.00389	0.00354
4	0.01516	0.00920	0.01052	0.00826	0.01116	0.00965	0.00671	0.46261	0.05655	0.27324	0.01268	0.04803	0.00933	0.04165	0.00482	0.00137	0.00398	0.00426	0.00428	0.00653
5	0.01559	0.00962	0.01090	0.00847	0.01151	0.01016	0.00693	0.50541	0.06432	0.26444	0.01211	0.01187	0.00844	0.03525	0.00466	0.00133	0.00407	0.00391	0.00429	0.00671
6	0.00609	0.00391	0.00520	0.00565	0.00625	0.00360	0.00394	0.00711	0.00884	0.07211	0.19341	0.61798	0.02803	0.01121	0.00501	0.00154	0.00234	0.01010	0.00401	0.00367
7	0.00582	0.00426	0.00610	0.00610	0.00668	0.00484	0.00455	0.00698	0.00640	0.00911	0.01125	0.01807	0.01107	0.19618	0.67685	0.00600	0.00948	0.00466	0.00223	0.00339
8	0.00841	0.00721	0.00841	0.00601	0.00961	0.00541	0.00481	0.01022	0.00841	0.01322	0.00721	0.00841	0.00601	0.00300	0.00300	0.00060	0.00300	0.00240	0.00240	0.88222
9	0.00877	0.00714	0.00847	0.03070	0.01005	0.00572	0.00509	0.04721	0.00895	0.03824	0.00862	0.06591	0.00756	0.00384	0.00326	0.00074	0.00311	0.00316	0.00263	0.73082
10	0.00893	0.00719	0.00847	0.00607	0.00965	0.00544	0.00487	0.01072	0.00858	0.05672	0.00768	0.00870	0.00622	0.00311	0.00306	0.00064	0.00303	0.00249	0.00254	0.83588

[dist]
# distance from previous block
# <min> <max>
0	1

[block]
# block no. 1 follows, 66 sequences, length 17
# corresponding to MSA columns:
# 59-75
name=unknown_B
#
# <colnr> <probs for GDERKNQSTAVLIFYWHMCP>
#	G	D	E	R	K	N	Q	S	T	A	V	L	I	F	Y	W	H	M	C	P
0	0.00927	0.00680	0.00814	0.00602	0.00920	0.00528	0.00476	0.01085	0.00869	0.10583	0.04090	0.01075	0.00813	0.03834	0.00435	0.03115	0.00307	0.00297	0.00276	0.68273
1	0.00582	0.00424	0.00599	0.00599	0.00653	0.00478	0.00441	0.00690	0.00636	0.00902	0.01135	0.01863	0.01131	0.24028	0.63309	0.00586	0.00911	0.00474	0.00225	0.00333
2	0.00583	0.00444	0.00565	0.00555	0.00653	0.00451	0.00421	0.03472	0.00868	0.01165	0.16926	0.05287	0.24732	0.06784	0.33336	0.00353	0.00572	0.02150	0.00320	0.00364
3	0.00980	0.01062	0.07867	0.07960	0.60206	0.02750	0.07826	0.01277	0.03717	0.01306	0.00790	0.01017	0.00641	0.00372	0.00407	0.00124	0.00511	0.00368	0.00205	0.00614
4	0.00722	0.00458	0.00590	0.00567	0.00619	0.00485	0.00393	0.00787	0.00687	0.09019	0.01316	0.10349	0.01374	0.42786	0.20429	0.00383	0.05719	0.00573	0.02405	0.00340
5	0.00589	0.00397	0.00463	0.00463	0.00470	0.00405	0.00272	0.00603	0.00596	0.00802	0.01259	0.02551	0.01430	0.77600	0.10145	0.00419	0.00462	0.00575	0.00243	0.00257
6	0.01029	0.00881	0.00928	0.00830	0.01062	0.01018	0.00647	0.05094	0.79508	0.01729	0.01626	0.01494	0.01218	0.00548	0.00413	0.00137	0.00326	0.00455	0.00413	0.00644
7	0.02316	0.11265	0.19766	0.02725	0.08041	0.04810	0.08623	0.04597	0.09959	0.09264	0.00937	0.01988	0.00716	0.00420	0.00393	0.00117	0.02044	0.00348	0.02402	0.09270
8	0.00906	0.08590	0.63363	0.01161	0.04321	0.00993	0.05414	0.02531	0.03279	0.04613	0.00787	0.00899	0.00567	0.00390	0.00383	0.00125	0.00566	0.00314	0.00198	0.00598
9	0.01466	0.01829	0.01127	0.01024	0.01235	0.75931	0.00770	0.01673	0.09157	0.01062	0.00728	0.00809	0.00593	0.00431	0.00370	0.00108	0.00691	0.00281	0.00229	0.00487
10	0.00669	0.00491	0.00623	0.01722	0.02060	0.00496	0.00456	0.02881	0.08977	0.03842	0.27264	0.30921	0.09637	0.00958	0.00553	0.03702	0.03157	0.00803	0.00386	0.00402
11	0.03273	0.12401	0.19764	0.02390	0.06621	0.06187	0.05178	0.05344	0.11738	0.15929	0.05177	0.01139	0.00887	0.00453	0.00398	0.00123	0.01749	0.00365	0.00296	0.00587
12	0.01039	0.00885	0.01387	0.14988	0.48390	0.03965	0.02520	0.01281	0.02922	0.10615	0.00981	0.07466	0.00832	0.00460	0.00412	0.00127	0.00466	0.00427	0.00251	0.00586
13	0.00666	0.00421	0.00552	0.00577	0.00639	0.00406	0.00406	0.00753	0.00825	0.09440	0.09404	0.49696	0.04662	0.12038	0.03282	0.00202	0.02886	0.02411	0.00368	0.00366
14	0.01149	0.01241	0.20975	0.05377	0.14891	0.07026	0.09465	0.08853	0.01052	0.16224	0.01032	0.01117	0.03490	0.00428	0.00401	0.00122	0.00504	0.00370	0.00276	0.06010
15	0.02711	0.04461	0.35858	0.03779	0.08374	0.12494	0.05316	0.06815	0.04588	0.06600	0.02531	0.01051	0.02772	0.00431	0.00391	0.00124	0.00543	0.00348	0.00241	0.00575
16	0.01706	0.00431	0.00591	0.00588	0.00666	0.00426	0.01434	0.00798	0.00774	0.10052	0.04294	0.31054	0.04422	0.02468	0.15132	0.15741	0.01414	0.00689	0.06963	0.00358

[dist]
# distance from previous block
# <min> <max>
2	36

[block]
# block no. 2 follows, 66 sequences, length 15
# corresponding to MSA columns:
# 137-151
name=unknown_C
#
# <colnr> <probs for GDERKNQSTAVLIFYWHMCP>
#	G	D	E	R	K	N	Q	S	T	A	V	L	I	F	Y	W	H	M	C	P
0	0.01976	0.05338	0.09163	0.00881	0.07361	0.00663	0.07634	0.02129	0.02156	0.06412	0.03586	0.18174	0.12022	0.01855	0.00435	0.00124	0.00363	0.00570	0.00296	0.18864
1	0.05619	0.07436	0.12092	0.05479	0.07064	0.04170	0.02826	0.04083	0.09462	0.03792	0.01178	0.03910	0.07997	0.00483	0.00401	0.00113	0.03178	0.00387	0.00265	0.20065
2	0.23690	0.09324	0.12019	0.03483	0.06150	0.03804	0.05103	0.10402	0.05194	0.02888	0.00814	0.00949	0.00637	0.02395	0.00376	0.00122	0.00424	0.00310	0.05862	0.06056
3	0.02851	0.23149	0.35620	0.00988	0.01414	0.01084	0.08007	0.02589	0.00859	0.03801	0.00721	0.00861	0.00565	0.00469	0.02918	0.00131	0.05521	0.00299	0.00199	0.07955
4	0.00500	0.00362	0.00469	0.00553	0.00587	0.00336	0.00374	0.00574	0.00789	0.01039	0.02374	0.74067	0.09738	0.03474	0.00556	0.00169	0.00240	0.03096	0.00373	0.00330
5	0.00989	0.18076	0.14400	0.15946	0.26502	0.01085	0.09296	0.04412	0.00923	0.03583	0.00749	0.00943	0.00590	0.00377	0.00380	0.00119	0.00516	0.00336	0.00204	0.00572
6	0.00596	0.00429	0.00549	0.00546	0.00570	0.00467	0.00367	0.00649	0.00623	0.00860	0.01247	0.07910	0.01370	0.50669	0.26607	0.00444	0.04988	0.00570	0.00243	0.00297
7	0.00547	0.00424	0.00624	0.00648	0.00695	0.00412	0.05889	0.00630	0.00768	0.01030	0.02002	0.69863	0.02369	0.08485	0.00675	0.00183	0.03035	0.01033	0.00347	0.00341
8	0.00638	0.00583	0.05182	0.00618	0.03389	0.00499	0.00479	0.03179	0.07874	0.01449	0.41011	0.02903	0.26349	0.03438	0.00513	0.00139	0.00252	0.00696	0.00393	0.00418
9	0.00877	0.00756	0.00936	0.03480	0.08134	0.00614	0.00578	0.03825	0.00884	0.01356	0.00733	0.00868	0.00606	0.00316	0.00316	0.00070	0.00329	0.00259	0.00241	0.74824
10	0.00841	0.00721	0.00841	0.00601	0.00961	0.00541	0.00481	0.01022	0.00841	0.01322	0.00721	0.00841	0.00601	0.00300	0.00300	0.00060	0.00300	0.00240	0.00240	0.88222
11	0.00982	0.03020	0.19044	0.03631	0.13140	0.04370	0.04577	0.10453	0.03981	0.02405	0.00881	0.02416	0.02027	0.00400	0.00371	0.00106	0.00453	0.00336	0.00246	0.27160
12	0.00741	0.00598	0.00884	0.02947	0.06279	0.00537	0.09079	0.00919	0.00936	0.05256	0.14587	0.14176	0.14326	0.00747	0.00450	0.00129	0.00328	0.09716	0.00333	0.17030
13	0.00841	0.00721	0.00841	0.00601	0.00961	0.00541	0.00481	0.01022	0.00841	0.01322	0.00721	0.00841	0.00601	0.00300	0.00300	0.00060	0.00300	0.00240	0.00240	0.88222
14	0.02415	0.09435	0.12692	0.04712	0.14458	0.04529	0.00890	0.16732	0.12758	0.09680	0.03555	0.03181	0.00878	0.00469	0.00389	0.00122	0.00443	0.00381	0.00306	0.01976

[dist]
# distance from previous block
# <min> <max>
1	10

[block]
# block no. 3 follows, 66 sequences, length 29
# corresponding to MSA columns:
# 162-190
name=unknown_D
#
# <colnr> <probs for GDERKNQSTAVLIFYWHMCP>
#	G	D	E	R	K	N	Q	S	T	A	V	L	I	F	Y	W	H	M	C	P
0	0.01043	0.00986	0.01558	0.01195	0.01459	0.02945	0.30061	0.09020	0.14066	0.04749	0.00920	0.01084	0.00716	0.00481	0.00643	0.00138	0.20547	0.00408	0.00266	0.07717
1	0.00580	0.00433	0.00645	0.00645	0.00716	0.00504	0.00499	0.00720	0.00650	0.00937	0.01093	0.01627	0.01029	0.05651	0.81546	0.00644	0.01065	0.00440	0.00218	0.00359
2	0.00762	0.00715	0.01186	0.75796	0.02588	0.00898	0.01079	0.01012	0.00798	0.01033	0.00776	0.04798	0.00635	0.00463	0.00469	0.00139	0.05825	0.00395	0.00189	0.00445
3	0.23540	0.00925	0.00947	0.00757	0.01043	0.04327	0.00620	0.33078	0.01327	0.23561	0.03168	0.01059	0.00793	0.00469	0.00365	0.00122	0.00385	0.00345	0.02568	0.00602
4	0.00582	0.00399	0.00486	0.00492	0.00508	0.00412	0.00306	0.00616	0.00614	0.00833	0.01297	0.07416	0.01455	0.64060	0.18454	0.00432	0.00523	0.00593	0.00248	0.00274
5	0.88607	0.00785	0.00596	0.00534	0.00785	0.00910	0.00439	0.01193	0.00690	0.01820	0.00565	0.00659	0.00439	0.00377	0.00251	0.00126	0.00314	0.00220	0.00251	0.00439
6	0.01394	0.17008	0.03147	0.00939	0.01216	0.28518	0.00784	0.34082	0.01360	0.01626	0.00753	0.00827	0.00591	0.00450	0.00421	0.00113	0.05619	0.00302	0.00280	0.00570
7	0.00552	0.00437	0.00535	0.05553	0.00732	0.00409	0.00414	0.00720	0.02786	0.01299	0.32476	0.12034	0.35382	0.00937	0.00481	0.00138	0.00233	0.04120	0.00391	0.00370
8	0.00705	0.00352	0.00529	0.00529	0.00529	0.00352	0.00352	0.00529	0.00529	0.00705	0.00705	0.01233	0.00705	0.01409	0.01586	0.88196	0.00352	0.00352	0.00176	0.00176
9	0.01142	0.01078	0.01508	0.01176	0.02711	0.12164	0.28631	0.18839	0.01130	0.04480	0.00886	0.04870	0.00728	0.00524	0.00565	0.05794	0.06497	0.00418	0.00267	0.06593
10	0.00610	0.00449	0.00520	0.00509	0.00577	0.00444	0.00344	0.00802	0.09431	0.01177	0.25049	0.09550	0.11309	0.36173	0.01135	0.00243	0.00294	0.00693	0.00346	0.00344
11	0.00985	0.03515	0.28236	0.01770	0.39688	0.07338	0.06366	0.01291	0.00929	0.02785	0.02834	0.00990	0.00674	0.00386	0.00397	0.00122	0.00541	0.00348	0.00203	0.00601
12	0.01086	0.74935	0.03945	0.00734	0.01067	0.04648	0.00719	0.01267	0.04440	0.00997	0.00618	0.00703	0.00553	0.00369	0.00301	0.00093	0.02582	0.00235	0.00186	0.00524
13	0.00939	0.01150	0.17779	0.03567	0.53903	0.00925	0.04718	0.01217	0.00907	0.02573	0.00967	0.01158	0.05566	0.00417	0.00428	0.00125	0.02464	0.00385	0.00210	0.00604
14	0.00545	0.00419	0.00571	0.00599	0.00657	0.00396	0.03384	0.00626	0.00774	0.01036	0.02117	0.62538	0.08179	0.09379	0.00677	0.00180	0.02590	0.00992	0.00346	0.03994
15	0.00823	0.00657	0.00780	0.00591	0.00895	0.00511	0.00471	0.01001	0.00901	0.04695	0.11633	0.01421	0.04866	0.00440	0.00345	0.00080	0.00286	0.03222	0.00289	0.66092
16	0.05123	0.26498	0.04840	0.00935	0.06227	0.04914	0.01893	0.22684	0.18036	0.01621	0.00927	0.00960	0.00721	0.00432	0.00352	0.00113	0.00432	0.00325	0.00293	0.02674
17	0.00494	0.00353	0.00471	0.00565	0.00588	0.00330	0.00377	0.00565	0.00777	0.01036	0.02236	0.85477	0.02683	0.01271	0.00518	0.00165	0.00235	0.01153	0.00377	0.00330
18	0.00992	0.01434	0.35519	0.01633	0.33294	0.00966	0.03288	0.09064	0.03570	0.03828	0.00874	0.01014	0.01877	0.00403	0.00399	0.00125	0.00519	0.00351	0.00227	0.00624
19	0.01142	0.21349	0.26334	0.01009	0.05172	0.01107	0.04307	0.13585	0.08115	0.11675	0.01900	0.00990	0.00715	0.00423	0.00370	0.00118	0.00475	0.00333	0.00275	0.00607
20	0.01025	0.00746	0.00900	0.00810	0.00998	0.03807	0.04127	0.21488	0.07084	0.09019	0.05345	0.15852	0.01703	0.00815	0.00476	0.00150	0.00382	0.24380	0.00387	0.00506
21	0.72901	0.00922	0.00799	0.00680	0.00941	0.09013	0.07183	0.01243	0.00757	0.01697	0.00592	0.00702	0.00462	0.00378	0.00281	0.00124	0.00385	0.00245	0.00243	0.00451
22	0.00560	0.00397	0.00486	0.00507	0.00590	0.00361	0.00375	0.00616	0.00840	0.01066	0.10190	0.14555	0.37046	0.01137	0.00736	0.19381	0.00260	0.10246	0.00339	0.00312
23	0.00921	0.01032	0.12168	0.08946	0.09014	0.00894	0.13762	0.02581	0.25813	0.01424	0.02298	0.01162	0.00836	0.00421	0.00398	0.00119	0.00447	0.00385	0.00275	0.17105
24	0.00986	0.01195	0.07121	0.02862	0.07869	0.06471	0.64690	0.01312	0.00960	0.01277	0.00797	0.01050	0.00604	0.00352	0.00459	0.00133	0.00666	0.00444	0.00203	0.00551
25	0.00546	0.00370	0.00489	0.00564	0.00605	0.00342	0.00383	0.00626	0.00810	0.04109	0.05554	0.76776	0.04869	0.01218	0.00511	0.00161	0.00237	0.01101	0.00384	0.00345
26	0.00623	0.00463	0.00664	0.00652	0.00731	0.00533	0.00503	0.04301	0.00704	0.01004	0.01093	0.01630	0.01028	0.07896	0.75506	0.00613	0.01017	0.00441	0.00227	0.00370
27	0.01059	0.17755	0.08778	0.05147	0.20333	0.11777	0.08160	0.08639	0.01015	0.01299	0.02722	0.01930	0.03726	0.00421	0.00375	0.00113	0.00503	0.00354	0.00228	0.05666
28	0.07466	0.28047	0.06235	0.01031	0.13425	0.11560	0.00785	0.10314	0.03251	0.02475	0.01949	0.01005	0.04283	0.01390	0.00359	0.00110	0.00456	0.00316	0.00242	0.05303

[dist]
# distance from previous block
# <min> <max>
2	44

[block]
# block no. 4 follows, 66 sequences, length 96
# corresponding to MSA columns:
# 235-265,272-336
name=unknown_E
#
# <colnr> <probs for GDERKNQSTAVLIFYWHMCP>
#	G	D	E	R	K	N	Q	S	T	A	V	L	I	F	Y	W	H	M	C	P
0	0.06990	0.14879	0.03356	0.00781	0.02377	0.15122	0.00620	0.08377	0.18342	0.01328	0.01851	0.01304	0.00905	0.16623	0.00676	0.00165	0.00441	0.00371	0.00277	0.05215
1	0.01065	0.00872	0.00997	0.00837	0.01055	0.05771	0.04138	0.30410	0.12200	0.01696	0.05478	0.01340	0.01019	0.01306	0.26883	0.00290	0.00641	0.00415	0.00324	0.03262
2	0.04741	0.04848	0.16400	0.06007	0.05549	0.02735	0.31810	0.05875	0.05895	0.01359	0.02279	0.05583	0.00785	0.00451	0.00460	0.00133	0.03875	0.00435	0.00234	0.00544
3	0.02723	0.08842	0.14422	0.00834	0.01121	0.08595	0.02723	0.02785	0.14872	0.13676	0.01132	0.01243	0.02237	0.02154	0.16847	0.00227	0.00578	0.00374	0.00289	0.04327
4	0.00904	0.00851	0.01398	0.27785	0.47460	0.00902	0.01112	0.01184	0.04402	0.01242	0.00837	0.03926	0.00704	0.00411	0.00402	0.00124	0.00475	0.00386	0.00212	0.05283
5	0.00525	0.00445	0.00529	0.00496	0.00635	0.00388	0.03846	0.00667	0.02116	0.01203	0.17489	0.06808	0.61477	0.00966	0.00480	0.00136	0.00227	0.00825	0.00382	0.00362
6	0.01018	0.11324	0.10144	0.01308	0.16884	0.08723	0.16147	0.04857	0.05569	0.03719	0.05316	0.04837	0.00923	0.02549	0.00457	0.00128	0.01892	0.00414	0.00249	0.03543
7	0.00852	0.02047	0.78165	0.01160	0.01740	0.03112	0.03403	0.01305	0.00872	0.02627	0.00742	0.00868	0.00525	0.00387	0.00388	0.00128	0.00601	0.00305	0.00179	0.00596
8	0.00525	0.00376	0.00496	0.00581	0.00614	0.00357	0.00397	0.02501	0.00810	0.01079	0.02203	0.80293	0.02622	0.01247	0.00517	0.00165	0.00246	0.04256	0.00377	0.00340
9	0.00929	0.00970	0.05041	0.09286	0.37915	0.01063	0.05444	0.01132	0.00801	0.01168	0.00676	0.00967	0.00586	0.00493	0.00747	0.00144	0.31539	0.00363	0.00189	0.00545
10	0.00989	0.00952	0.01627	0.07089	0.73985	0.00964	0.03722	0.01259	0.03049	0.01318	0.00786	0.01025	0.00652	0.00368	0.00405	0.00122	0.00487	0.00368	0.00205	0.00629
11	0.00524	0.00374	0.00499	0.00589	0.00625	0.00355	0.00418	0.00612	0.00800	0.01059	0.02228	0.67925	0.04119	0.03786	0.00571	0.00175	0.00263	0.14372	0.00372	0.00335
12	0.00769	0.00584	0.00692	0.00698	0.00822	0.00618	0.00533	0.06620	0.24364	0.03074	0.01984	0.37920	0.03355	0.00964	0.00485	0.00157	0.00301	0.15209	0.00391	0.00459
13	0.00995	0.19849	0.01700	0.09742	0.51638	0.01931	0.02814	0.01210	0.00883	0.01198	0.00714	0.00938	0.00607	0.00409	0.01575	0.00123	0.02567	0.00332	0.00193	0.00585
14	0.01528	0.01129	0.01210	0.00931	0.01253	0.01252	0.00768	0.79776	0.04013	0.02534	0.00992	0.00988	0.00704	0.00489	0.00406	0.00122	0.00443	0.00368	0.00406	0.00689
15	0.00497	0.00355	0.00473	0.00563	0.00589	0.00331	0.00377	0.00572	0.00789	0.01056	0.04994	0.82661	0.02722	0.01256	0.00516	0.00163	0.00234	0.01139	0.00379	0.00331
16	0.00494	0.00356	0.00468	0.00557	0.00586	0.00330	0.00373	0.00566	0.00785	0.01039	0.02337	0.81089	0.07006	0.01258	0.00516	0.00163	0.00234	0.01137	0.00377	0.00330
17	0.00500	0.00361	0.00473	0.00552	0.00588	0.00334	0.00373	0.00581	0.00814	0.01085	0.08587	0.74565	0.07240	0.01223	0.00513	0.00160	0.00230	0.01104	0.00382	0.00334
18	0.01411	0.01712	0.01218	0.01099	0.03820	0.67722	0.07109	0.01545	0.01123	0.03340	0.04243	0.00899	0.00698	0.00431	0.00380	0.00109	0.00677	0.00308	0.01672	0.00482
19	0.00590	0.00405	0.00496	0.00500	0.00520	0.00421	0.00319	0.00629	0.00618	0.00838	0.01273	0.02507	0.01412	0.64460	0.19626	0.00440	0.00541	0.03882	0.00245	0.00276
20	0.00502	0.00361	0.00477	0.00555	0.00589	0.00335	0.00376	0.00586	0.00819	0.01099	0.10675	0.74907	0.04775	0.01219	0.00513	0.00160	0.00230	0.01102	0.00384	0.00335
21	0.01990	0.02039	0.79708	0.01137	0.01719	0.00944	0.01456	0.01313	0.03642	0.01306	0.00757	0.00876	0.00538	0.00391	0.00385	0.00129	0.00586	0.00304	0.00181	0.00599
22	0.00502	0.00360	0.00469	0.00549	0.00578	0.00336	0.00365	0.00573	0.00783	0.01040	0.04711	0.74152	0.06112	0.06647	0.00614	0.00177	0.00243	0.01092	0.00370	0.00326
23	0.00666	0.00481	0.00561	0.00535	0.00667	0.00454	0.00402	0.00929	0.11132	0.06623	0.31001	0.12432	0.30794	0.00893	0.00471	0.00136	0.00227	0.00769	0.00414	0.00415
24	0.81858	0.00822	0.00635	0.00562	0.00815	0.03244	0.00461	0.02943	0.00743	0.04120	0.00605	0.00688	0.00463	0.00384	0.00262	0.00125	0.00329	0.00229	0.00260	0.00453
25	0.00580	0.00443	0.00495	0.00487	0.00605	0.00405	0.00361	0.05423	0.01001	0.01307	0.20220	0.17056	0.43522	0.00964	0.00471	0.00136	0.00221	0.00825	0.05106	0.00371
26	0.00571	0.00396	0.00522	0.00586	0.00646	0.00372	0.00430	0.00681	0.00865	0.03349	0.10895	0.50753	0.08532	0.02910	0.00548	0.00167	0.00262	0.16778	0.00384	0.00353
27	0.12985	0.01007	0.01085	0.03374	0.01203	0.01104	0.00709	0.54376	0.05953	0.12645	0.01029	0.01017	0.00722	0.00475	0.00386	0.00124	0.00412	0.00356	0.00391	0.00647
28	0.00686	0.00610	0.00740	0.00875	0.15910	0.04995	0.00542	0.02435	0.01031	0.01341	0.29931	0.03576	0.34191	0.00796	0.00458	0.00129	0.00285	0.00684	0.00359	0.00425
29	0.01376	0.23595	0.07410	0.00929	0.01221	0.42673	0.00799	0.09555	0.01121	0.06752	0.00719	0.00788	0.00571	0.00410	0.00347	0.00105	0.00590	0.00273	0.00237	0.00530
30	0.00880	0.00744	0.00862	0.00619	0.00978	0.00581	0.00497	0.05520	0.00901	0.01391	0.00735	0.00849	0.00606	0.00311	0.00306	0.00064	0.00309	0.00247	0.00250	0.83351
31	0.02581	0.04056	0.35020	0.01110	0.05758	0.07066	0.06351	0.13234	0.06009	0.08806	0.00990	0.02642	0.02460	0.00453	0.00409	0.00126	0.01702	0.00366	0.00266	0.00595
32	0.01990	0.00839	0.03891	0.05648	0.14714	0.03054	0.25784	0.03018	0.00909	0.01244	0.05468	0.15097	0.03045	0.00890	0.10502	0.00199	0.00563	0.02401	0.00258	0.00484
33	0.00778	0.00460	0.00584	0.00547	0.00619	0.00466	0.00376	0.02230	0.00727	0.12656	0.03731	0.02183	0.01347	0.48293	0.22876	0.00409	0.00560	0.00525	0.00284	0.00351
34	0.00953	0.04030	0.22849	0.00988	0.03019	0.06625	0.08868	0.03646	0.00894	0.04928	0.00780	0.00947	0.00618	0.00589	0.06619	0.00149	0.07657	0.00318	0.00223	0.25299
35	0.01018	0.05449	0.14169	0.02637	0.08500	0.03110	0.06509	0.06703	0.07352	0.12364	0.10574	0.06659	0.01214	0.00605	0.03247	0.00139	0.00442	0.00449	0.00309	0.08552
36	0.01013	0.00994	0.01590	0.04906	0.72755	0.04569	0.01202	0.01240	0.00914	0.01283	0.00744	0.00989	0.00628	0.00384	0.00450	0.00123	0.05041	0.00357	0.00199	0.00619
37	0.00524	0.00406	0.00475	0.00479	0.00581	0.00361	0.00353	0.00655	0.00977	0.01276	0.32392	0.14368	0.38901	0.03329	0.00530	0.00146	0.00215	0.03281	0.00398	0.00354
38	0.00915	0.17395	0.53562	0.01174	0.08057	0.03237	0.03232	0.02939	0.00886	0.01243	0.01595	0.00860	0.00568	0.00390	0.00387	0.00121	0.02375	0.00300	0.00184	0.00580
39	0.01086	0.27915	0.04760	0.04607	0.01273	0.19758	0.06315	0.01231	0.00843	0.01010	0.00599	0.00800	0.00532	0.00480	0.00646	0.00126	0.27050	0.00297	0.00185	0.00487
40	0.00502	0.00406	0.00450	0.00476	0.00587	0.00354	0.00358	0.00610	0.00905	0.01111	0.05744	0.18973	0.57914	0.01076	0.00495	0.00147	0.00228	0.08942	0.00378	0.00344
41	0.02035	0.00859	0.01329	0.57836	0.12838	0.04362	0.05740	0.07927	0.00939	0.01225	0.00748	0.01044	0.00569	0.00403	0.00406	0.00131	0.00538	0.00362	0.00205	0.00502
42	0.00728	0.00578	0.00654	0.00631	0.00771	0.00605	0.00472	0.01238	0.31894	0.02983	0.18272	0.22631	0.15207	0.00857	0.00462	0.00142	0.00257	0.00745	0.00407	0.00468
43	0.00484	0.00397	0.00427	0.00448	0.00558	0.00340	0.00325	0.00581	0.00893	0.01089	0.04699	0.23057	0.63133	0.01082	0.00488	0.00143	0.00212	0.00924	0.00378	0.00340
44	0.00554	0.00371	0.00485	0.00558	0.00592	0.00346	0.00372	0.00622	0.00778	0.04201	0.02159	0.73557	0.03879	0.08666	0.00649	0.00183	0.00253	0.01070	0.00370	0.00336
45	0.00507	0.00417	0.00441	0.00435	0.00561	0.00361	0.00323	0.00636	0.02105	0.01180	0.17142	0.03673	0.65251	0.04514	0.00544	0.00146	0.00213	0.00819	0.00383	0.00349
46	0.01516	0.01934	0.01150	0.01045	0.01254	0.84113	0.00784	0.01620	0.01150	0.00993	0.00627	0.00732	0.00523	0.00418	0.00366	0.00105	0.00732	0.00261	0.00209	0.00470
47	0.00516	0.00411	0.00459	0.00486	0.00592	0.00363	0.00367	0.00621	0.00885	0.01086	0.03372	0.14885	0.54483	0.06513	0.00599	0.00165	0.00248	0.13244	0.00368	0.00339
48	0.01034	0.01131	0.01221	0.01061	0.01109	0.20495	0.00864	0.01126	0.00744	0.00980	0.00555	0.00851	0.00530	0.00642	0.01107	0.00161	0.65423	0.00333	0.00185	0.00450
49	0.00876	0.00870	0.01219	0.01049	0.01052	0.01214	0.00873	0.00966	0.00623	0.00975	0.00554	0.00915	0.00552	0.00802	0.04590	0.00196	0.81697	0.00358	0.00179	0.00441
50	0.00493	0.00359	0.00464	0.00549	0.00584	0.00331	0.00369	0.00567	0.00792	0.01042	0.02435	0.76824	0.11208	0.01245	0.00514	0.00162	0.00232	0.01122	0.00377	0.00331
51	0.00494	0.00356	0.00468	0.00557	0.00586	0.00330	0.00373	0.00566	0.00785	0.01039	0.02337	0.81089	0.07006	0.01258	0.00516	0.00163	0.00234	0.01137	0.00377	0.00330
52	0.01516	0.01934	0.01150	0.01045	0.01254	0.84113	0.00784	0.01620	0.01150	0.00993	0.00627	0.00732	0.00523	0.00418	0.00366	0.00105	0.00732	0.00261	0.00209	0.00470
53	0.00997	0.03650	0.37607	0.00984	0.01387	0.00986	0.01881	0.16732	0.20023	0.02494	0.01123	0.04124	0.00894	0.00513	0.00408	0.00133	0.00475	0.04692	0.00294	0.00604
54	0.00580	0.00435	0.00652	0.00652	0.00724	0.00507	0.00507	0.00724	0.00652	0.00942	0.01087	0.01594	0.01014	0.03043	0.84134	0.00652	0.01087	0.00435	0.00217	0.00362
55	0.00766	0.00721	0.01217	0.84767	0.02794	0.00901	0.01127	0.01037	0.00811	0.01037	0.00721	0.01082	0.00541	0.00406	0.00406	0.00135	0.00541	0.00361	0.00180	0.00451
56	0.00775	0.00651	0.00771	0.00594	0.00891	0.00501	0.00461	0.00935	0.00829	0.01268	0.01009	0.16900	0.00996	0.00485	0.00342	0.00080	0.00288	0.00414	0.00266	0.71546
57	0.00888	0.00888	0.01243	0.01065	0.01065	0.01243	0.00888	0.00976	0.00621	0.00976	0.00533	0.00888	0.00533	0.00710	0.01331	0.00178	0.84999	0.00355	0.00178	0.00444
58	0.00958	0.01094	0.02394	0.01710	0.02120	0.01026	0.81737	0.01300	0.00958	0.01300	0.00821	0.01094	0.00616	0.00342	0.00479	0.00137	0.00684	0.00479	0.00205	0.00547
59	0.01512	0.01056	0.01152	0.00897	0.01210	0.01155	0.00737	0.63634	0.11166	0.11558	0.01123	0.01082	0.00789	0.00496	0.00407	0.00124	0.00421	0.00381	0.00417	0.00684
60	0.00766	0.00721	0.01217	0.84767	0.02794	0.00901	0.01127	0.01037	0.00811	0.01037	0.00721	0.01082	0.00541	0.00406	0.00406	0.00135	0.00541	0.00361	0.00180	0.00451
61	0.00825	0.05722	0.80119	0.01136	0.01725	0.00971	0.01464	0.01282	0.00855	0.01271	0.00721	0.00848	0.00514	0.00384	0.00380	0.00127	0.00592	0.00296	0.00171	0.00596
62	0.04375	0.01038	0.01100	0.00864	0.01162	0.01144	0.00708	0.65494	0.08123	0.02332	0.01296	0.01270	0.08156	0.00537	0.00408	0.00125	0.00410	0.00412	0.00399	0.00646
63	0.00497	0.00355	0.00474	0.00568	0.00593	0.00332	0.00381	0.00569	0.00779	0.01039	0.02235	0.84148	0.02678	0.01269	0.00519	0.00165	0.00238	0.02457	0.00377	0.00330
64	0.00513	0.00435	0.00480	0.00512	0.04125	0.00374	0.00357	0.00632	0.00951	0.01167	0.13080	0.03678	0.70334	0.00976	0.00476	0.00135	0.00216	0.00821	0.00377	0.00360
65	0.00655	0.00476	0.00620	0.00681	0.00769	0.00476	0.00550	0.05134	0.03180	0.01229	0.02163	0.27927	0.06069	0.03660	0.00577	0.00179	0.00328	0.44573	0.00374	0.00380
66	0.00602	0.00524	0.03920	0.00854	0.11446	0.00462	0.00555	0.02309	0.00832	0.01123	0.01983	0.64162	0.03486	0.01091	0.00497	0.00157	0.00293	0.04970	0.00346	0.00391
67	0.00534	0.00383	0.00504	0.00586	0.00629	0.00364	0.00422	0.00625	0.00804	0.01058	0.02243	0.58303	0.06612	0.07396	0.00638	0.00185	0.00274	0.17741	0.00366	0.00333
68	0.00855	0.01714	0.56615	0.07625	0.13291	0.00951	0.07838	0.01292	0.03658	0.01287	0.00771	0.00936	0.00567	0.00386	0.00398	0.00129	0.00576	0.00333	0.00187	0.00592
69	0.03079	0.03701	0.31052	0.04558	0.16961	0.09399	0.12677	0.07849	0.02130	0.03655	0.00786	0.00937	0.00591	0.00391	0.00397	0.00124	0.00566	0.00342	0.00219	0.00586
70	0.00977	0.01079	0.02208	0.01872	0.20104	0.02380	0.62539	0.01293	0.00953	0.01300	0.00805	0.01068	0.00620	0.00348	0.00460	0.00133	0.00640	0.00449	0.00204	0.00567
71	0.00504	0.00405	0.00482	0.05012	0.00686	0.00369	0.00381	0.00605	0.00867	0.01085	0.05500	0.35907	0.44585	0.01084	0.00491	0.00148	0.00235	0.00943	0.00368	0.00344
72	0.02442	0.16893	0.37501	0.02447	0.01496	0.13349	0.06524	0.05810	0.00980	0.07816	0.00770	0.00866	0.00571	0.00396	0.00368	0.00117	0.00561	0.00303	0.00220	0.00570
73	0.03644	0.06983	0.10474	0.03603	0.06659	0.02297	0.06993	0.05394	0.03362	0.09684	0.01086	0.02214	0.04346	0.03163	0.14206	0.00226	0.12822	0.02081	0.00259	0.00507
74	0.01022	0.11528	0.01651	0.04975	0.64881	0.03548	0.01137	0.01278	0.03815	0.01273	0.00765	0.00973	0.00642	0.00370	0.00384	0.00117	0.00480	0.00344	0.00205	0.00616
75	0.00916	0.00909	0.01305	0.26215	0.33527	0.09693	0.03987	0.01150	0.02588	0.01168	0.00958	0.09675	0.00886	0.02337	0.00454	0.00136	0.00500	0.02855	0.00224	0.00516
76	0.04982	0.04868	0.06617	0.13849	0.11630	0.08182	0.09061	0.07768	0.03472	0.18308	0.01043	0.04572	0.00815	0.00474	0.00404	0.00127	0.00483	0.02486	0.00294	0.00565
77	0.00868	0.04415	0.65815	0.01132	0.01646	0.01004	0.03858	0.04531	0.03667	0.01316	0.00752	0.00887	0.00551	0.00419	0.00463	0.00132	0.07451	0.00315	0.00191	0.00588
78	0.00531	0.00450	0.00464	0.00458	0.00600	0.00402	0.00348	0.00725	0.07609	0.01170	0.07146	0.03690	0.70924	0.00983	0.00476	0.00138	0.00219	0.02914	0.00383	0.00370
79	0.01020	0.05354	0.20818	0.05732	0.12151	0.03727	0.13357	0.04191	0.04189	0.11032	0.03815	0.04855	0.00928	0.00501	0.00448	0.01008	0.02176	0.03871	0.00266	0.00561
80	0.04143	0.04375	0.24765	0.01340	0.16486	0.17422	0.08052	0.01307	0.02824	0.02350	0.00798	0.04880	0.00674	0.00459	0.00479	0.00128	0.08400	0.00364	0.00211	0.00544
81	0.00513	0.00427	0.00451	0.00453	0.00584	0.00372	0.00344	0.00658	0.03471	0.01160	0.09984	0.05800	0.68284	0.01008	0.00482	0.00140	0.00217	0.04914	0.00383	0.00356
82	0.02307	0.21893	0.25612	0.09690	0.14468	0.11865	0.01081	0.01259	0.00876	0.01137	0.00666	0.00836	0.00540	0.00399	0.00414	0.00118	0.05819	0.00293	0.00184	0.00543
83	0.03710	0.05845	0.09375	0.09127	0.18538	0.07100	0.15991	0.05154	0.07033	0.08629	0.00960	0.05047	0.00770	0.00444	0.00407	0.00127	0.00510	0.00407	0.00258	0.00569
84	0.00863	0.04330	0.00832	0.00742	0.04630	0.00713	0.00552	0.06280	0.25204	0.05568	0.37855	0.02249	0.05066	0.00682	0.00440	0.00130	0.00282	0.02662	0.00409	0.00510
85	0.00863	0.00536	0.00506	0.00478	0.00600	0.05369	0.00365	0.05946	0.03195	0.02684	0.03747	0.01524	0.01097	0.00493	0.00311	0.00101	0.00245	0.01591	0.69935	0.00414
86	0.01056	0.22102	0.16359	0.05439	0.08548	0.05544	0.09041	0.06998	0.02030	0.07867	0.02254	0.07274	0.00818	0.00472	0.00403	0.00121	0.02484	0.00392	0.00247	0.00551
87	0.00967	0.13807	0.21148	0.04280	0.11762	0.03859	0.19631	0.05270	0.00950	0.02679	0.04357	0.04304	0.00801	0.00443	0.00440	0.00126	0.04006	0.00397	0.00222	0.00551
88	0.00551	0.00417	0.00511	0.00496	0.00603	0.00376	0.00377	0.00716	0.01070	0.01446	0.54956	0.03381	0.26955	0.00905	0.00484	0.00134	0.00207	0.05623	0.00422	0.00370
89	0.00887	0.01406	0.35642	0.13270	0.26248	0.00957	0.07939	0.01283	0.05219	0.01282	0.00792	0.00987	0.00603	0.00390	0.00412	0.00129	0.01419	0.00351	0.00197	0.00588
90	0.03481	0.14317	0.17167	0.02713	0.08605	0.04508	0.10711	0.12294	0.04057	0.15177	0.02553	0.01031	0.00736	0.00422	0.00384	0.00120	0.00489	0.00353	0.00283	0.00597
91	0.00959	0.00919	0.01525	0.12319	0.51795	0.03410	0.09365	0.01222	0.03174	0.02677	0.03431	0.05642	0.00855	0.00438	0.00418	0.00127	0.00488	0.00428	0.00227	0.00580
92	0.00494	0.00383	0.00451	0.00495	0.00573	0.00339	0.00348	0.00588	0.00869	0.01108	0.09328	0.44149	0.37162	0.01132	0.00498	0.00150	0.00219	0.00994	0.00382	0.00339
93	0.02907	0.05275	0.08492	0.16977	0.22899	0.02499	0.01972	0.04550	0.02531	0.13103	0.01740	0.07928	0.02626	0.04180	0.00475	0.00139	0.00449	0.00440	0.00272	0.00546
94	0.02864	0.06839	0.11259	0.05976	0.22042	0.04412	0.05717	0.11245	0.10360	0.08370	0.03964	0.01175	0.00851	0.00450	0.00408	0.00125	0.01310	0.01756	0.00282	0.00595
95	0.00554	0.00416	0.00517	0.00578	0.00645	0.00398	0.00416	0.01912	0.05236	0.01133	0.03632	0.55727	0.16180	0.01156	0.00508	0.00160	0.00253	0.09839	0.00380	0.00360

[dist]
# distance from previous block
# <min> <max>
0	86

# created by:
# /st0/software/busco_prod/Augustus/scripts/msa2prfl.pl ./align_prep/37786.fa
