[name]
unknown

[dist]
# distance from previous block
# <min> <max>
0	68

[block]
# block no. 0 follows, 72 sequences, length 38
# corresponding to MSA columns:
# 68-105
name=unknown_A
#
# <colnr> <probs for GDERKNQSTAVLIFYWHMCP>
#	G	D	E	R	K	N	Q	S	T	A	V	L	I	F	Y	W	H	M	C	P
0	0.02928	0.01907	0.00949	0.02515	0.05887	0.03048	0.02232	0.21497	0.18437	0.15836	0.01316	0.03928	0.04053	0.02795	0.04625	0.00152	0.00397	0.04976	0.00348	0.02175
1	0.00559	0.00410	0.00577	0.00571	0.00645	0.00449	0.00432	0.00682	0.00631	0.00919	0.01095	0.07155	0.01071	0.10242	0.62885	0.00500	0.00820	0.00451	0.04602	0.05303
2	0.00980	0.10299	0.06937	0.04899	0.41083	0.01817	0.07368	0.08651	0.05580	0.03209	0.00801	0.00956	0.00635	0.00367	0.00361	0.00111	0.00444	0.00334	0.04603	0.00563
3	0.00957	0.42911	0.19833	0.03524	0.01142	0.02874	0.00795	0.08743	0.00883	0.03267	0.04300	0.00926	0.00704	0.04719	0.02853	0.00127	0.00454	0.00287	0.00206	0.00496
4	0.00615	0.00419	0.00510	0.00504	0.00607	0.00379	0.00369	0.02794	0.00870	0.07210	0.16409	0.29555	0.22613	0.06948	0.00552	0.00149	0.00237	0.04162	0.00358	0.04739
5	0.00664	0.00580	0.08334	0.02736	0.03148	0.00465	0.00480	0.03973	0.00918	0.01380	0.26670	0.08764	0.06635	0.00615	0.00369	0.00109	0.00248	0.00526	0.28610	0.04777
6	0.00995	0.08749	0.00965	0.00678	0.00965	0.00811	0.00552	0.12525	0.24051	0.07006	0.01019	0.02757	0.00798	0.00405	0.00331	0.00093	0.00318	0.00324	0.00304	0.36355
7	0.06685	0.00408	0.00450	0.00443	0.00544	0.00376	0.00320	0.00638	0.00845	0.01164	0.24109	0.13697	0.33939	0.11781	0.00622	0.00157	0.00224	0.00719	0.00342	0.02538
8	0.64734	0.00769	0.00679	0.00579	0.00821	0.00872	0.00476	0.15317	0.00866	0.06510	0.00674	0.00749	0.00508	0.00500	0.04473	0.00141	0.00352	0.00249	0.00272	0.00461
9	0.03895	0.00830	0.00865	0.00772	0.00971	0.05908	0.02661	0.11793	0.49972	0.01544	0.01442	0.13425	0.01230	0.00597	0.00396	0.00129	0.00336	0.02335	0.00358	0.00540
10	0.28726	0.00671	0.00700	0.00599	0.00817	0.00703	0.00478	0.09649	0.10039	0.22087	0.05119	0.07295	0.08718	0.02319	0.00384	0.00127	0.00296	0.00432	0.00351	0.00492
11	0.00501	0.00374	0.00494	0.00555	0.00593	0.00369	0.00397	0.00587	0.00761	0.01017	0.07254	0.61584	0.07466	0.02727	0.00549	0.00157	0.04478	0.09472	0.00344	0.00320
12	0.00557	0.00411	0.00445	0.00425	0.00561	0.00354	0.00322	0.00687	0.02540	0.06919	0.14417	0.03332	0.65896	0.00893	0.00442	0.00126	0.00202	0.00749	0.00370	0.00353
13	0.00558	0.00498	0.00489	0.00506	0.00596	0.08185	0.00364	0.00658	0.00871	0.01081	0.16681	0.32260	0.33960	0.00956	0.00451	0.00133	0.00245	0.00827	0.00349	0.00333
14	0.14346	0.00603	0.00663	0.00570	0.00763	0.00604	0.00446	0.09310	0.07340	0.19323	0.06402	0.06406	0.11874	0.07213	0.00486	0.00137	0.00286	0.01756	0.06629	0.04845
15	0.14327	0.00828	0.00926	0.00731	0.01012	0.00864	0.00600	0.31725	0.08829	0.34552	0.01143	0.01063	0.00773	0.00451	0.00360	0.00117	0.00351	0.00345	0.00394	0.00607
16	0.00988	0.00763	0.00826	0.00720	0.00926	0.00851	0.00565	0.16698	0.48776	0.04600	0.09759	0.04286	0.01332	0.00546	0.00386	0.00123	0.00299	0.00453	0.06544	0.00559
17	0.07168	0.00834	0.00880	0.00711	0.00933	0.00917	0.00564	0.49308	0.07026	0.02907	0.01014	0.01235	0.00820	0.14441	0.00610	0.00154	0.00368	0.00374	0.09206	0.00529
18	0.00588	0.00409	0.00455	0.00447	0.00467	0.00421	0.00264	0.00687	0.08251	0.00814	0.01227	0.02383	0.01358	0.78686	0.01787	0.00346	0.00361	0.00540	0.00244	0.00264
19	0.17467	0.00499	0.00528	0.00506	0.00633	0.00504	0.00378	0.06022	0.01646	0.06388	0.08489	0.21624	0.17137	0.08641	0.00532	0.00150	0.00258	0.02122	0.06099	0.00375
20	0.00527	0.00383	0.00495	0.00562	0.00618	0.00366	0.00417	0.02680	0.00798	0.01044	0.02184	0.51862	0.10559	0.04106	0.00539	0.00163	0.00261	0.21762	0.00348	0.00326
21	0.89350	0.00733	0.00557	0.00499	0.00733	0.00851	0.00411	0.01115	0.00645	0.01702	0.00528	0.00616	0.00411	0.00352	0.00235	0.00117	0.00293	0.00205	0.00235	0.00411
22	0.00659	0.00441	0.00560	0.00534	0.00645	0.00418	0.00410	0.03217	0.04232	0.07683	0.49298	0.12143	0.09143	0.00818	0.00449	0.00129	0.00223	0.08210	0.00400	0.00388
23	0.00541	0.00373	0.00434	0.00444	0.00506	0.00345	0.00300	0.00618	0.00770	0.03177	0.13919	0.20794	0.23178	0.27496	0.00904	0.00204	0.00253	0.00734	0.04704	0.00305
24	0.00574	0.00412	0.00550	0.00544	0.00608	0.00446	0.00398	0.01804	0.01891	0.02521	0.01376	0.04910	0.08822	0.23569	0.49331	0.00464	0.00716	0.00502	0.00239	0.00323
25	0.19812	0.00876	0.00909	0.00723	0.00997	0.05620	0.00592	0.31439	0.01249	0.30319	0.03131	0.01016	0.00763	0.00443	0.00350	0.00115	0.00368	0.00330	0.00371	0.00577
26	0.01312	0.04780	0.01234	0.01018	0.01242	0.64759	0.10958	0.05341	0.01061	0.01036	0.00643	0.00778	0.00530	0.01970	0.00381	0.00106	0.00642	0.00280	0.01473	0.00455
27	0.00675	0.00506	0.00893	0.00761	0.00861	0.00489	0.19468	0.01532	0.01546	0.00892	0.01056	0.19708	0.01109	0.06474	0.01021	0.40639	0.00381	0.01475	0.00222	0.00292
28	0.01049	0.00832	0.00904	0.00697	0.00998	0.08477	0.02942	0.07414	0.11420	0.13380	0.00915	0.00946	0.00692	0.00362	0.00327	0.00084	0.00347	0.00290	0.00288	0.47635
29	0.00542	0.00405	0.00602	0.00602	0.00667	0.00470	0.00464	0.00672	0.00607	0.00875	0.01023	0.01529	0.00965	0.06179	0.81858	0.00600	0.00990	0.00412	0.00204	0.00334
30	0.01009	0.80906	0.01909	0.00657	0.00974	0.01462	0.00646	0.01197	0.06539	0.00941	0.00598	0.00665	0.00533	0.00338	0.00253	0.00084	0.00398	0.00219	0.00178	0.00495
31	0.00599	0.03238	0.00610	0.00557	0.00623	0.00494	0.00414	0.00690	0.00663	0.03670	0.03504	0.09833	0.09562	0.22012	0.36074	0.00388	0.05953	0.00538	0.00249	0.00328
32	0.04354	0.02922	0.02059	0.02845	0.09485	0.13007	0.02707	0.02578	0.00759	0.01936	0.00778	0.02786	0.00734	0.11976	0.12112	0.00215	0.17331	0.00355	0.00207	0.10852
33	0.00696	0.00575	0.00637	0.00617	0.00757	0.00617	0.00465	0.01253	0.39734	0.01321	0.09183	0.22142	0.16531	0.00791	0.00430	0.00135	0.00253	0.03035	0.00374	0.00453
34	0.00462	0.00330	0.00440	0.00528	0.00550	0.00308	0.00352	0.00528	0.00726	0.00968	0.02090	0.86424	0.02508	0.01188	0.00484	0.00154	0.00220	0.01078	0.00352	0.00308
35	0.00592	0.00355	0.00461	0.00461	0.00470	0.00358	0.00291	0.00537	0.00541	0.00723	0.01036	0.01889	0.03467	0.42398	0.07901	0.37253	0.00395	0.00456	0.00204	0.00213
36	0.01837	0.13816	0.01244	0.10255	0.06741	0.19612	0.05833	0.12437	0.10647	0.04361	0.01735	0.01014	0.02123	0.02930	0.00398	0.00115	0.00469	0.00329	0.00252	0.03853
37	0.05396	0.02986	0.01108	0.04049	0.08144	0.00786	0.10690	0.06060	0.05921	0.11187	0.03638	0.02323	0.02366	0.01257	0.04043	0.00135	0.10372	0.00363	0.00265	0.18912

[dist]
# distance from previous block
# <min> <max>
1	7

[block]
# block no. 1 follows, 72 sequences, length 142
# corresponding to MSA columns:
# 115-256
name=unknown_B
#
# <colnr> <probs for GDERKNQSTAVLIFYWHMCP>
#	G	D	E	R	K	N	Q	S	T	A	V	L	I	F	Y	W	H	M	C	P
0	0.05627	0.11460	0.13992	0.01037	0.01402	0.00883	0.30216	0.01230	0.04463	0.08306	0.00818	0.02534	0.00632	0.00359	0.00363	0.00108	0.00470	0.00348	0.00226	0.15527
1	0.02033	0.04693	0.36198	0.01054	0.08019	0.06124	0.03197	0.15395	0.02841	0.15532	0.00869	0.00917	0.00613	0.00396	0.00364	0.00115	0.00482	0.00314	0.00261	0.00580
2	0.08401	0.10630	0.02408	0.02359	0.05118	0.02763	0.04410	0.02529	0.01684	0.20758	0.04809	0.01198	0.00853	0.02006	0.03494	0.00149	0.22068	0.03602	0.00273	0.00488
3	0.00611	0.00386	0.00455	0.00442	0.00469	0.00382	0.00270	0.00638	0.00620	0.05365	0.05818	0.02406	0.03305	0.70557	0.06470	0.00349	0.00388	0.00547	0.00254	0.00268
4	0.01038	0.43416	0.11739	0.03359	0.05238	0.01149	0.05850	0.06196	0.03144	0.10373	0.00884	0.00940	0.04393	0.00389	0.00318	0.00101	0.00423	0.00300	0.00227	0.00524
5	0.01069	0.03325	0.00970	0.13259	0.04376	0.28801	0.02639	0.03688	0.02597	0.12297	0.03530	0.18778	0.01911	0.00581	0.00390	0.00119	0.00460	0.00482	0.00277	0.00452
6	0.01447	0.00852	0.00981	0.00765	0.01039	0.00887	0.00622	0.43984	0.05847	0.31657	0.01174	0.01181	0.00828	0.06351	0.00486	0.00133	0.00374	0.00375	0.00402	0.00614
7	0.00527	0.00359	0.00483	0.00566	0.02405	0.00335	0.00375	0.00603	0.00757	0.04338	0.05430	0.74360	0.04068	0.02823	0.00504	0.00154	0.00230	0.01002	0.00353	0.00329
8	0.01047	0.07564	0.02743	0.22122	0.12967	0.05272	0.13987	0.04900	0.03734	0.15978	0.02412	0.01071	0.01696	0.00405	0.00400	0.00118	0.02449	0.00362	0.00252	0.00522
9	0.00826	0.00825	0.01155	0.00991	0.00992	0.01154	0.00826	0.00910	0.00581	0.00912	0.00504	0.00837	0.00503	0.00689	0.02214	0.00171	0.84996	0.00333	0.00166	0.00414
10	0.00540	0.00405	0.00605	0.00608	0.00674	0.00470	0.00471	0.00674	0.00612	0.00883	0.01042	0.03522	0.00985	0.02805	0.83143	0.00599	0.00997	0.00422	0.00207	0.00338
11	0.00904	0.00923	0.01663	0.05512	0.05387	0.05015	0.48183	0.04594	0.06644	0.03494	0.03125	0.05962	0.04197	0.02070	0.00457	0.00131	0.00527	0.00477	0.00241	0.00495
12	0.00880	0.00803	0.00911	0.03898	0.01023	0.11162	0.07710	0.02855	0.26693	0.04644	0.09533	0.13223	0.04621	0.01822	0.00481	0.00134	0.05035	0.03779	0.00322	0.00469
13	0.00576	0.00348	0.00491	0.03909	0.00594	0.00344	0.00359	0.00531	0.00604	0.00800	0.01312	0.32585	0.03761	0.07051	0.01073	0.44254	0.00295	0.00633	0.00243	0.00236
14	0.16069	0.00733	0.00756	0.00658	0.00838	0.09930	0.00515	0.06023	0.00878	0.26038	0.01080	0.05858	0.00894	0.08685	0.16165	0.00232	0.03489	0.00390	0.00307	0.00463
15	0.06658	0.10036	0.12153	0.00949	0.05553	0.21292	0.05860	0.10269	0.07398	0.01245	0.00785	0.00955	0.00644	0.03465	0.10076	0.00175	0.01457	0.00314	0.00226	0.00488
16	0.02642	0.00728	0.02658	0.00706	0.00920	0.00744	0.03836	0.12605	0.31398	0.09615	0.09549	0.03234	0.15066	0.00608	0.00402	0.00125	0.00306	0.02413	0.01926	0.00518
17	0.04922	0.00746	0.00834	0.00620	0.00932	0.02910	0.00500	0.08382	0.00891	0.07021	0.00736	0.00823	0.00584	0.00328	0.00328	0.00073	0.03151	0.00249	0.00253	0.65719
18	0.01805	0.00713	0.03802	0.12070	0.14737	0.02792	0.03358	0.03188	0.02586	0.09455	0.04217	0.07975	0.02790	0.00601	0.00410	0.00126	0.00382	0.18115	0.00285	0.10594
19	0.00716	0.00572	0.00729	0.08072	0.05985	0.01945	0.00510	0.04870	0.01640	0.02779	0.02914	0.01643	0.09375	0.17339	0.18016	0.01965	0.00482	0.00422	0.00244	0.19783
20	0.00611	0.00445	0.00528	0.00496	0.00616	0.00412	0.00371	0.04791	0.03413	0.04235	0.37131	0.13772	0.24608	0.02846	0.00473	0.00130	0.00217	0.00712	0.00378	0.03817
21	0.00649	0.00569	0.00782	0.00758	0.04467	0.00646	0.02352	0.02090	0.00752	0.01056	0.09511	0.25129	0.11131	0.03983	0.03596	0.00166	0.26250	0.00635	0.00275	0.05204
22	0.06833	0.00581	0.00808	0.00729	0.00803	0.00714	0.03364	0.00783	0.00649	0.00985	0.03033	0.01463	0.10001	0.01593	0.36117	0.02466	0.28079	0.00418	0.00214	0.00368
23	0.06915	0.00515	0.00565	0.00525	0.00676	0.00510	0.00404	0.01012	0.16898	0.07066	0.21802	0.04243	0.30598	0.02374	0.00445	0.00130	0.00236	0.03087	0.00370	0.01628
24	0.00550	0.00383	0.00508	0.00554	0.00595	0.00384	0.00393	0.00627	0.00717	0.03791	0.01849	0.52677	0.04635	0.12133	0.07740	0.00219	0.03842	0.07761	0.00320	0.00320
25	0.21102	0.00727	0.00907	0.00784	0.00883	0.00916	0.01497	0.02141	0.00687	0.08616	0.01704	0.02942	0.01911	0.00703	0.05409	0.00170	0.43496	0.01546	0.03432	0.00427
26	0.16638	0.00528	0.00586	0.00523	0.00662	0.00533	0.00385	0.01905	0.06172	0.18027	0.16313	0.03902	0.04418	0.26843	0.00845	0.00196	0.00298	0.00491	0.00332	0.00402
27	0.00522	0.00384	0.00471	0.00452	0.00543	0.00350	0.00333	0.00671	0.00986	0.01359	0.59177	0.04191	0.20140	0.06046	0.00534	0.00136	0.00194	0.00700	0.02469	0.00341
28	0.06900	0.00519	0.00627	0.00572	0.00729	0.00508	0.00446	0.02849	0.07337	0.21607	0.11718	0.11887	0.15487	0.03595	0.08916	0.00184	0.00342	0.04974	0.00365	0.00438
29	0.30111	0.00588	0.00603	0.00544	0.00708	0.00619	0.00418	0.06885	0.02985	0.12718	0.07875	0.10829	0.04680	0.14484	0.00605	0.00164	0.00298	0.03113	0.01359	0.00413
30	0.00475	0.00355	0.00438	0.00480	0.00539	0.00322	0.00333	0.00567	0.00817	0.01075	0.17484	0.48034	0.22614	0.03990	0.00518	0.00149	0.00211	0.00920	0.00360	0.00317
31	0.84929	0.00729	0.00574	0.00508	0.00745	0.00836	0.00418	0.01152	0.00668	0.05881	0.00577	0.00650	0.00437	0.00358	0.00242	0.00117	0.00295	0.00214	0.00247	0.00423
32	0.00503	0.00354	0.00449	0.00500	0.00528	0.00340	0.00334	0.00566	0.00707	0.00944	0.06639	0.47498	0.05101	0.25669	0.02923	0.00224	0.00286	0.05825	0.00317	0.00292
33	0.00543	0.00414	0.00477	0.00480	0.00578	0.00386	0.00348	0.02467	0.05786	0.02352	0.19745	0.24701	0.34658	0.04673	0.00516	0.00143	0.00217	0.00800	0.00365	0.00349
34	0.87280	0.00731	0.00565	0.00503	0.00739	0.00844	0.00414	0.01132	0.00656	0.03659	0.00551	0.00632	0.00423	0.00355	0.00238	0.00117	0.00294	0.00210	0.00240	0.00416
35	0.06601	0.00656	0.00712	0.00627	0.00761	0.04157	0.00493	0.15249	0.00941	0.08713	0.01209	0.04078	0.04299	0.11761	0.00670	0.00153	0.11392	0.05673	0.21427	0.00426
36	0.01864	0.00403	0.00477	0.00495	0.00552	0.00395	0.00340	0.00707	0.05242	0.03456	0.06938	0.26210	0.09782	0.31931	0.00986	0.00223	0.00285	0.06808	0.02592	0.00316
37	0.00534	0.00414	0.00442	0.00426	0.00557	0.00361	0.00324	0.03042	0.00913	0.03840	0.11880	0.03396	0.66632	0.02928	0.00481	0.00133	0.00210	0.02784	0.00361	0.00343
38	0.00856	0.00816	0.01390	0.33430	0.53851	0.00879	0.01123	0.01091	0.00824	0.01138	0.00699	0.00966	0.00565	0.00353	0.00377	0.00118	0.00471	0.00338	0.00181	0.00534
39	0.00478	0.00378	0.00431	0.00451	0.00543	0.00337	0.00326	0.00601	0.02809	0.01097	0.15658	0.28577	0.44979	0.00990	0.00457	0.00135	0.00201	0.00858	0.00363	0.00329
40	0.00550	0.00406	0.00579	0.00576	0.00640	0.00458	0.00436	0.00683	0.02202	0.00909	0.05220	0.01715	0.03572	0.11484	0.65913	0.02811	0.00850	0.00446	0.00223	0.00328
41	0.00977	0.00951	0.01505	0.02218	0.77753	0.05067	0.01130	0.03594	0.00901	0.01258	0.00713	0.00925	0.00597	0.00344	0.00374	0.00112	0.00461	0.00333	0.00194	0.00594
42	0.00786	0.00674	0.00786	0.00562	0.00899	0.00506	0.00449	0.00955	0.00786	0.01236	0.00674	0.00786	0.00562	0.00281	0.00281	0.00056	0.00281	0.00225	0.00225	0.88990
43	0.01218	0.09706	0.01888	0.00902	0.02935	0.34948	0.00710	0.14840	0.08158	0.04357	0.02391	0.00900	0.01568	0.00448	0.00450	0.00110	0.10402	0.00304	0.00252	0.03513
44	0.01762	0.07249	0.33310	0.00779	0.01197	0.00742	0.00841	0.02096	0.02407	0.04060	0.00712	0.00808	0.00549	0.00328	0.00315	0.00087	0.00401	0.00255	0.00209	0.41890
45	0.01017	0.55083	0.22863	0.00773	0.01154	0.01265	0.00838	0.05759	0.00855	0.06369	0.00649	0.00717	0.00523	0.00350	0.00289	0.00095	0.00440	0.00242	0.00193	0.00524
46	0.00894	0.00658	0.00710	0.00660	0.00801	0.10581	0.02450	0.03259	0.08357	0.16409	0.07802	0.30730	0.06737	0.00928	0.06214	0.00164	0.00368	0.01497	0.00349	0.00433
47	0.00936	0.00929	0.01687	0.04290	0.41385	0.00927	0.29739	0.05958	0.05602	0.01300	0.00797	0.01010	0.00632	0.00414	0.02585	0.00132	0.00522	0.00383	0.00211	0.00560
48	0.00564	0.00434	0.00559	0.00594	0.00657	0.02885	0.00443	0.00703	0.03398	0.01909	0.02310	0.36734	0.03439	0.01787	0.34804	0.00337	0.00569	0.07244	0.00290	0.00342
49	0.00551	0.00369	0.00419	0.00419	0.00421	0.00371	0.00237	0.00555	0.00553	0.00740	0.01190	0.02453	0.01366	0.84201	0.04383	0.00375	0.00387	0.00547	0.00229	0.00233
50	0.00797	0.14275	0.72715	0.01018	0.01545	0.00971	0.01292	0.01192	0.00796	0.01156	0.00658	0.00773	0.00481	0.00355	0.00343	0.00114	0.00538	0.00269	0.00160	0.00550
51	0.11129	0.00445	0.00603	0.00596	0.00684	0.00519	0.00467	0.00729	0.00614	0.00978	0.00958	0.01386	0.00884	0.02547	0.75043	0.00551	0.00930	0.00382	0.00207	0.00347
52	0.66297	0.00714	0.00626	0.00539	0.00779	0.00792	0.00442	0.03362	0.03012	0.15611	0.00757	0.00792	0.00549	0.00383	0.00268	0.00116	0.00297	0.00251	0.03953	0.00459
53	0.01285	0.00976	0.01041	0.00831	0.01105	0.01091	0.00676	0.58602	0.24305	0.02144	0.01093	0.01062	0.00795	0.00471	0.00378	0.00117	0.00379	0.00366	0.02657	0.00625
54	0.00480	0.00340	0.00445	0.00521	0.00543	0.00321	0.00348	0.00544	0.00715	0.00953	0.02856	0.71742	0.02367	0.11676	0.00663	0.00181	0.00243	0.04423	0.00338	0.00301
55	0.29970	0.00528	0.00545	0.00494	0.00642	0.00543	0.00374	0.00945	0.00824	0.11706	0.25318	0.04348	0.06597	0.14921	0.00617	0.00161	0.00268	0.00486	0.00327	0.00386
56	0.00543	0.00368	0.00496	0.00563	0.00614	0.00347	0.00413	0.00644	0.00800	0.04033	0.09317	0.59277	0.02481	0.01097	0.00485	0.00154	0.00246	0.17427	0.00361	0.00333
57	0.00537	0.00387	0.00524	0.00542	0.00588	0.00414	0.00392	0.00627	0.00641	0.00881	0.02275	0.12765	0.03949	0.26516	0.40392	0.00428	0.00642	0.06947	0.00248	0.00304
58	0.00548	0.00396	0.00510	0.00524	0.00602	0.00375	0.00405	0.00692	0.00922	0.01253	0.41097	0.06533	0.10030	0.11488	0.00653	0.00167	0.00252	0.22851	0.00367	0.00334
59	0.00576	0.00386	0.00471	0.00480	0.00565	0.00347	0.00343	0.00676	0.00850	0.07330	0.19477	0.31018	0.25321	0.08556	0.00587	0.00156	0.00226	0.01928	0.00364	0.00341
60	0.45180	0.00702	0.00706	0.00585	0.00829	0.00740	0.00474	0.07169	0.02107	0.30560	0.00953	0.01011	0.00689	0.06297	0.00414	0.00134	0.00318	0.00303	0.00329	0.00500
61	0.00522	0.00409	0.00476	0.00467	0.00576	0.00375	0.00353	0.00710	0.05498	0.01275	0.38690	0.07446	0.36650	0.00870	0.00449	0.00128	0.00200	0.04172	0.00382	0.00353
62	0.00685	0.00388	0.00424	0.00406	0.00514	0.00369	0.00308	0.00863	0.02331	0.05547	0.17875	0.02055	0.15259	0.00596	0.00339	0.00103	0.00189	0.00495	0.50886	0.00368
63	0.00523	0.00391	0.00457	0.00452	0.00549	0.00357	0.00336	0.00674	0.02620	0.01249	0.36686	0.07647	0.31982	0.05574	0.00523	0.00139	0.00206	0.04102	0.05195	0.00339
64	0.00548	0.00389	0.00524	0.00524	0.00564	0.00428	0.00369	0.00628	0.00588	0.00828	0.01094	0.01901	0.01128	0.37666	0.49243	0.00501	0.00733	0.00466	0.01583	0.00294
65	0.00524	0.00360	0.00452	0.00501	0.00563	0.00325	0.00348	0.00604	0.00785	0.05244	0.04723	0.61014	0.20978	0.01089	0.00470	0.00145	0.00218	0.00969	0.00360	0.00329
66	0.01033	0.00859	0.00908	0.00790	0.01020	0.00985	0.00622	0.16629	0.68861	0.01731	0.01429	0.01324	0.01065	0.00504	0.00385	0.00126	0.00321	0.00413	0.00385	0.00608
67	0.01417	0.01808	0.01075	0.00977	0.01172	0.85149	0.00733	0.01514	0.01075	0.00928	0.00586	0.00684	0.00489	0.00391	0.00342	0.00098	0.00684	0.00244	0.00195	0.00440
68	0.00479	0.00367	0.00440	0.00465	0.00544	0.00328	0.00334	0.00588	0.00871	0.01138	0.24499	0.32887	0.32493	0.00994	0.00462	0.00136	0.00201	0.02081	0.00369	0.00326
69	0.00823	0.00783	0.01331	0.45549	0.41986	0.00871	0.01107	0.01063	0.00809	0.01099	0.00693	0.00976	0.00551	0.00359	0.00377	0.00120	0.00479	0.00337	0.00178	0.00508
70	0.00763	0.00649	0.00725	0.07379	0.00947	0.00719	0.00530	0.01425	0.47651	0.01364	0.09056	0.04023	0.17150	0.05325	0.00489	0.00141	0.00287	0.00537	0.00356	0.00485
71	0.85844	0.00730	0.00570	0.00506	0.00743	0.00839	0.00417	0.01144	0.00663	0.05017	0.00567	0.00643	0.00432	0.00357	0.00241	0.00117	0.00295	0.00212	0.00244	0.00420
72	0.02770	0.00433	0.00513	0.00476	0.00612	0.00385	0.00364	0.00822	0.00948	0.14313	0.28683	0.06370	0.36412	0.02706	0.00468	0.00131	0.00220	0.02602	0.00386	0.00384
73	0.00977	0.10579	0.30577	0.00958	0.01304	0.18534	0.09281	0.01237	0.01620	0.07349	0.01997	0.03051	0.01980	0.00604	0.06852	0.00151	0.00570	0.01669	0.00214	0.00496
74	0.01305	0.00917	0.00984	0.00774	0.01037	0.01005	0.00633	0.62380	0.05632	0.05234	0.01018	0.01033	0.00736	0.00456	0.00361	0.00110	0.00368	0.00349	0.15073	0.00594
75	0.01264	0.00625	0.00749	0.00609	0.00829	0.00610	0.00491	0.15085	0.05367	0.37731	0.06448	0.01364	0.01074	0.00480	0.00352	0.00109	0.00287	0.00388	0.25595	0.00542
76	0.00600	0.00537	0.02686	0.00690	0.05628	0.01641	0.04948	0.03170	0.00899	0.01200	0.24498	0.20618	0.22919	0.03554	0.00530	0.00139	0.04317	0.00719	0.00333	0.00373
77	0.01079	0.04185	0.00976	0.00807	0.02951	0.01738	0.00637	0.16128	0.22326	0.14849	0.08607	0.01301	0.01082	0.01882	0.05054	0.00156	0.14970	0.00400	0.00336	0.00537
78	0.63128	0.00792	0.00745	0.10270	0.01018	0.04553	0.01723	0.01861	0.00684	0.01493	0.00551	0.00697	0.00440	0.00393	0.00377	0.00123	0.10276	0.00241	0.00218	0.00417
79	0.01025	0.18484	0.22787	0.01061	0.04588	0.25049	0.13552	0.02204	0.02241	0.01082	0.01477	0.01878	0.02180	0.00384	0.00351	0.00108	0.00552	0.00309	0.00191	0.00498
80	0.00659	0.00329	0.00494	0.00494	0.00494	0.00329	0.00329	0.00494	0.00494	0.00659	0.00659	0.01153	0.00659	0.01318	0.01482	0.88966	0.00329	0.00329	0.00165	0.00165
81	0.85798	0.00720	0.00559	0.00503	0.00731	0.00836	0.00413	0.01097	0.00644	0.01669	0.00548	0.00651	0.00432	0.00452	0.03632	0.00137	0.00322	0.00213	0.00233	0.00408
82	0.00856	0.33837	0.53664	0.00919	0.01391	0.01113	0.01119	0.01177	0.00789	0.01085	0.00623	0.00729	0.00483	0.00347	0.00316	0.00105	0.00502	0.00251	0.00161	0.00533
83	0.00530	0.00387	0.00498	0.00470	0.00563	0.00355	0.00353	0.00703	0.01058	0.01484	0.78155	0.02894	0.09552	0.00789	0.00447	0.00120	0.00180	0.00694	0.00413	0.00355
84	0.01027	0.48087	0.01503	0.00711	0.00996	0.02306	0.00636	0.08431	0.28483	0.01259	0.00903	0.00908	0.00725	0.00399	0.00304	0.00099	0.00372	0.00291	0.00257	0.02301
85	0.00812	0.01410	0.46485	0.01107	0.02320	0.00811	0.18542	0.02631	0.00848	0.04309	0.00906	0.01320	0.00748	0.00536	0.03222	0.01429	0.00547	0.10235	0.00208	0.01573
86	0.01179	0.01324	0.02765	0.02321	0.08879	0.45226	0.04899	0.01350	0.04256	0.05861	0.00773	0.01005	0.00655	0.05154	0.01523	0.00129	0.05959	0.02287	0.00222	0.04233
87	0.00919	0.00927	0.03401	0.01116	0.01408	0.00948	0.34182	0.01670	0.47940	0.01426	0.01207	0.01241	0.00904	0.00431	0.00410	0.00128	0.00445	0.00433	0.00301	0.00563
88	0.89350	0.00733	0.00557	0.00499	0.00733	0.00851	0.00411	0.01115	0.00645	0.01702	0.00528	0.00616	0.00411	0.00352	0.00235	0.00117	0.00293	0.00205	0.00235	0.00411
89	0.00464	0.00358	0.00424	0.00464	0.00536	0.00318	0.00327	0.00553	0.00817	0.01045	0.10823	0.44455	0.35949	0.01055	0.00466	0.00140	0.00205	0.00926	0.00359	0.00318
90	0.07566	0.01184	0.01112	0.00908	0.01167	0.34870	0.10910	0.03623	0.03477	0.30048	0.00956	0.00959	0.00674	0.00412	0.00364	0.00111	0.00508	0.00322	0.00303	0.00528
91	0.00532	0.00385	0.00501	0.00477	0.00565	0.00355	0.00356	0.00704	0.01055	0.01487	0.78937	0.06196	0.05430	0.00796	0.00449	0.00121	0.00181	0.00704	0.00413	0.00355
92	0.00485	0.00385	0.00441	0.00470	0.00572	0.00342	0.00362	0.00595	0.00853	0.01059	0.07007	0.17139	0.51910	0.01005	0.00468	0.00140	0.00225	0.15861	0.00355	0.00325
93	0.15697	0.00671	0.00832	0.00651	0.00931	0.00625	0.00537	0.04957	0.01043	0.66418	0.02909	0.01197	0.00893	0.00456	0.00359	0.00117	0.00319	0.00357	0.00427	0.00602
94	0.01590	0.00780	0.00955	0.00734	0.01026	0.00763	0.00606	0.29381	0.01315	0.54714	0.01291	0.01165	0.00840	0.00464	0.00378	0.00115	0.00351	0.00367	0.02525	0.00638
95	0.01431	0.01057	0.01132	0.00871	0.01172	0.01171	0.00718	0.81379	0.03461	0.02374	0.00924	0.00921	0.00655	0.00456	0.00380	0.00114	0.00415	0.00343	0.00380	0.00644
96	0.01100	0.01516	0.16519	0.01205	0.01534	0.36423	0.29625	0.02577	0.03766	0.01122	0.00704	0.00852	0.00542	0.00366	0.00384	0.00114	0.00629	0.00330	0.00197	0.00495
97	0.02687	0.00426	0.00489	0.00477	0.00585	0.00399	0.00355	0.01944	0.04820	0.03311	0.29011	0.11533	0.32450	0.06405	0.00539	0.00144	0.00222	0.03483	0.00367	0.00355
98	0.00511	0.00395	0.00472	0.00514	0.00609	0.00361	0.00407	0.00627	0.00838	0.01046	0.02880	0.14624	0.41980	0.04012	0.00531	0.00156	0.00257	0.29109	0.00347	0.00326
99	0.00473	0.00369	0.00429	0.00466	0.00548	0.00328	0.00339	0.00566	0.00817	0.01028	0.06612	0.33011	0.42633	0.03372	0.00507	0.00147	0.00219	0.07467	0.00352	0.00317
100	0.02286	0.00395	0.01303	0.00488	0.00574	0.00353	0.00359	0.00652	0.00895	0.03044	0.33216	0.32094	0.20225	0.00942	0.00455	0.00134	0.00207	0.01662	0.00375	0.00342
101	0.00626	0.00393	0.00481	0.00473	0.00543	0.00366	0.00325	0.00711	0.00802	0.08718	0.21043	0.18603	0.12636	0.29375	0.00939	0.00210	0.00266	0.01610	0.01552	0.00327
102	0.00623	0.00416	0.00516	0.00510	0.00610	0.00387	0.00378	0.00790	0.04677	0.08181	0.31257	0.22109	0.18289	0.04659	0.00517	0.00143	0.00226	0.04964	0.00381	0.00368
103	0.00501	0.00350	0.00430	0.00474	0.00493	0.00337	0.00300	0.00544	0.00664	0.00881	0.03106	0.44694	0.05957	0.36969	0.02355	0.00248	0.00292	0.00828	0.00300	0.00277
104	0.07327	0.00474	0.00548	0.00539	0.00648	0.00473	0.00401	0.05381	0.07100	0.03817	0.22324	0.28697	0.13086	0.03596	0.00483	0.00142	0.00242	0.03979	0.00363	0.00380
105	0.87529	0.00726	0.00554	0.00497	0.00727	0.00841	0.00407	0.01103	0.00644	0.01682	0.00542	0.00654	0.00431	0.02122	0.00269	0.00122	0.00295	0.00212	0.00235	0.00407
106	0.00524	0.00393	0.00486	0.00462	0.00561	0.00359	0.00347	0.00699	0.02251	0.01418	0.66113	0.02983	0.20379	0.00810	0.00447	0.00121	0.00183	0.00706	0.00403	0.00354
107	0.00470	0.00351	0.00437	0.00487	0.00544	0.00318	0.00338	0.00560	0.00811	0.01065	0.14857	0.54608	0.21626	0.01073	0.00470	0.00143	0.00207	0.00955	0.00362	0.00318
108	0.07631	0.00428	0.00506	0.00488	0.00594	0.00406	0.00363	0.00770	0.01775	0.06754	0.37691	0.14152	0.15966	0.07682	0.00552	0.00147	0.00227	0.03140	0.00369	0.00360
109	0.00461	0.00334	0.00436	0.00517	0.00547	0.00309	0.00347	0.00529	0.00737	0.00973	0.02227	0.79955	0.08889	0.01170	0.00481	0.00152	0.00218	0.01056	0.00352	0.00309
110	0.00895	0.01023	0.02238	0.01598	0.01982	0.00959	0.82928	0.01215	0.00895	0.01215	0.00767	0.01023	0.00575	0.00320	0.00448	0.00128	0.00639	0.00448	0.00192	0.00512
111	0.32149	0.00618	0.00646	0.00556	0.00762	0.00631	0.00441	0.06354	0.00896	0.24742	0.07098	0.07982	0.10371	0.04657	0.00423	0.00133	0.00288	0.00446	0.00344	0.00461
112	0.87896	0.00732	0.00563	0.00502	0.00737	0.00846	0.00413	0.01127	0.00653	0.03077	0.00544	0.00627	0.00419	0.00354	0.00237	0.00117	0.00294	0.00208	0.00239	0.00415
113	0.00532	0.00439	0.00707	0.00684	0.00768	0.00410	0.12333	0.00642	0.00766	0.01016	0.01990	0.65218	0.06663	0.01042	0.00479	0.00150	0.00286	0.05207	0.00329	0.00340
114	0.00606	0.00368	0.00529	0.00527	0.00556	0.00391	0.00372	0.00589	0.01553	0.00783	0.03692	0.01478	0.00944	0.11439	0.29967	0.44812	0.00562	0.00394	0.00196	0.00243
115	0.00559	0.00394	0.00588	0.00588	0.00644	0.00450	0.00447	0.00647	0.00591	0.00844	0.00968	0.01465	0.00917	0.04722	0.70835	0.13535	0.00899	0.00399	0.00198	0.00310
116	0.02776	0.00778	0.00929	0.00738	0.01016	0.00785	0.00602	0.20240	0.19155	0.46737	0.01360	0.01222	0.00912	0.00474	0.00380	0.00119	0.00339	0.00380	0.00427	0.00632
117	0.00978	0.02194	0.26948	0.03362	0.09162	0.17085	0.12251	0.02195	0.07297	0.04504	0.02770	0.00972	0.00670	0.01821	0.00458	0.00123	0.06141	0.00336	0.00214	0.00518
118	0.00659	0.00433	0.00604	0.02112	0.03955	0.02428	0.00429	0.00618	0.00588	0.00795	0.04364	0.01368	0.02816	0.05071	0.17266	0.51772	0.03900	0.00378	0.00192	0.00251
119	0.00871	0.26422	0.35320	0.00842	0.01211	0.00963	0.02723	0.01142	0.01685	0.07493	0.00774	0.00924	0.00616	0.00830	0.16408	0.00202	0.00582	0.00295	0.00196	0.00503
120	0.00775	0.35913	0.03999	0.00651	0.00838	0.01812	0.00577	0.00938	0.04010	0.00923	0.00876	0.06250	0.00848	0.06340	0.29912	0.00293	0.04067	0.00364	0.00201	0.00413
121	0.01013	0.10647	0.17978	0.05781	0.07320	0.06548	0.26296	0.04504	0.00917	0.11129	0.00841	0.03839	0.00651	0.00390	0.00383	0.00117	0.00520	0.00370	0.00227	0.00529
122	0.00882	0.00890	0.03840	0.13829	0.35289	0.01830	0.20216	0.05609	0.02061	0.01281	0.08796	0.01156	0.00878	0.00418	0.01272	0.00124	0.00484	0.00397	0.00221	0.00527
123	0.00654	0.00610	0.02754	0.40796	0.03787	0.01996	0.04854	0.00842	0.00791	0.01888	0.05825	0.26630	0.05708	0.00669	0.00420	0.00133	0.00394	0.00604	0.00251	0.00394
124	0.00692	0.00585	0.00928	0.03825	0.28021	0.00575	0.04455	0.00860	0.02933	0.03058	0.01575	0.41551	0.04918	0.00797	0.00439	0.00137	0.00331	0.03598	0.00289	0.00434
125	0.02230	0.02869	0.16412	0.03088	0.22208	0.04545	0.05970	0.04170	0.04215	0.24532	0.01906	0.01856	0.02396	0.00420	0.00387	0.00117	0.01461	0.00361	0.00283	0.00573
126	0.00998	0.06414	0.25691	0.01337	0.24610	0.03715	0.08546	0.01281	0.02394	0.14610	0.03159	0.01089	0.03647	0.00402	0.00374	0.00116	0.00466	0.00354	0.00240	0.00559
127	0.00647	0.00398	0.00478	0.00462	0.00489	0.00400	0.00287	0.00664	0.00600	0.07289	0.01200	0.04416	0.01307	0.68286	0.06684	0.03418	0.01925	0.00532	0.00247	0.00272
128	0.00692	0.02186	0.04779	0.05061	0.04227	0.08643	0.04436	0.00825	0.00728	0.02150	0.01226	0.15466	0.03986	0.13540	0.27669	0.00316	0.01467	0.01998	0.00236	0.00369
129	0.01037	0.02487	0.21472	0.09315	0.13243	0.00709	0.02153	0.02180	0.00904	0.26260	0.01224	0.07978	0.03745	0.00516	0.00392	0.00124	0.00414	0.05016	0.00293	0.00537
130	0.02615	0.05858	0.47650	0.02651	0.14546	0.06167	0.06623	0.02411	0.01617	0.05336	0.00727	0.00852	0.00537	0.00363	0.00361	0.00116	0.00526	0.00301	0.00191	0.00553
131	0.00762	0.02951	0.66311	0.01062	0.01550	0.02527	0.08667	0.01148	0.00811	0.01171	0.00878	0.02730	0.04673	0.00467	0.02557	0.00133	0.00554	0.00339	0.00178	0.00530
132	0.02042	0.00886	0.14858	0.07618	0.10187	0.00688	0.02606	0.03501	0.05180	0.34808	0.01225	0.10954	0.00956	0.00507	0.00387	0.00122	0.00386	0.00435	0.00330	0.02323
133	0.01131	0.03531	0.14565	0.08305	0.28527	0.01469	0.05893	0.01376	0.01707	0.27412	0.00987	0.01058	0.01508	0.00393	0.00376	0.00117	0.00440	0.00350	0.00273	0.00581
134	0.00976	0.04075	0.38549	0.03241	0.07203	0.02367	0.00977	0.02459	0.04801	0.18901	0.03167	0.05276	0.03656	0.00511	0.02065	0.00129	0.00454	0.00381	0.00266	0.00546
135	0.01171	0.03984	0.17016	0.04255	0.14770	0.03221	0.10009	0.03856	0.02136	0.30292	0.01097	0.01124	0.03492	0.00415	0.00379	0.00117	0.00441	0.00363	0.00294	0.01569
136	0.02899	0.00894	0.10000	0.02326	0.08841	0.05738	0.03445	0.07087	0.05034	0.35118	0.04894	0.07523	0.01022	0.00537	0.01776	0.00127	0.00397	0.00420	0.00346	0.01575
137	0.02314	0.02434	0.12493	0.02826	0.11028	0.05198	0.03006	0.03805	0.03041	0.38801	0.03627	0.05990	0.01769	0.00478	0.00381	0.00118	0.00394	0.00401	0.00340	0.01556
138	0.01230	0.00856	0.06219	0.06472	0.16256	0.03300	0.09295	0.05935	0.02756	0.35105	0.03922	0.03221	0.01706	0.00446	0.00389	0.00118	0.00411	0.00395	0.00328	0.01641
139	0.04580	0.00914	0.10412	0.02229	0.14563	0.04561	0.07617	0.05284	0.06753	0.22789	0.03243	0.08256	0.02309	0.00527	0.01792	0.00127	0.00413	0.00425	0.00306	0.02899
140	0.04276	0.02149	0.24857	0.01167	0.14992	0.00826	0.09856	0.08142	0.04290	0.18506	0.01887	0.03911	0.00749	0.00419	0.00377	0.00118	0.00446	0.00367	0.00273	0.02393
141	0.02481	0.03514	0.18451	0.03629	0.22475	0.01587	0.05959	0.05415	0.07866	0.17294	0.00942	0.01046	0.00700	0.02931	0.00415	0.00122	0.00437	0.00344	0.00265	0.04128

[dist]
# distance from previous block
# <min> <max>
2	82

# created by:
# /st0/software/busco_prod/Augustus/scripts/msa2prfl.pl ./align_prep/37840.fa
