[name]
unknown

[dist]
# distance from previous block
# <min> <max>
0	77

[block]
# block no. 0 follows, 69 sequences, length 15
# corresponding to MSA columns:
# 272-286
name=unknown_A
#
# <colnr> <probs for GDERKNQSTAVLIFYWHMCP>
#	G	D	E	R	K	N	Q	S	T	A	V	L	I	F	Y	W	H	M	C	P
0	0.02604	0.02640	0.00929	0.00732	0.00977	0.00734	0.02363	0.16920	0.07712	0.33090	0.09900	0.08192	0.01315	0.00579	0.00427	0.00123	0.02567	0.02420	0.00403	0.05373
1	0.00970	0.00931	0.01591	0.02406	0.83777	0.00931	0.01203	0.01203	0.00893	0.01281	0.00737	0.00970	0.00621	0.00349	0.00388	0.00116	0.00466	0.00349	0.00194	0.00621
2	0.01028	0.01015	0.01441	0.10534	0.24503	0.13429	0.18631	0.07111	0.02096	0.04516	0.05368	0.03479	0.02938	0.00444	0.00422	0.00122	0.01734	0.00415	0.00244	0.00529
3	0.02383	0.04498	0.04783	0.00915	0.05031	0.00711	0.15914	0.03433	0.06774	0.17136	0.14842	0.09621	0.05296	0.02514	0.00471	0.00133	0.01930	0.00534	0.02581	0.00502
4	0.00532	0.00379	0.00483	0.00542	0.00592	0.00358	0.00372	0.00657	0.04325	0.02768	0.08539	0.66416	0.08158	0.03245	0.00525	0.00158	0.00232	0.01006	0.00370	0.00341
5	0.00740	0.00697	0.01176	0.85280	0.02700	0.00871	0.01089	0.01002	0.00784	0.01002	0.00697	0.01045	0.00523	0.00392	0.00392	0.00131	0.00523	0.00348	0.00174	0.00436
6	0.01048	0.02235	0.03329	0.07823	0.37338	0.04281	0.00928	0.12252	0.09047	0.05648	0.03100	0.02648	0.00800	0.00420	0.00383	0.00115	0.00430	0.00368	0.00266	0.07542
7	0.05465	0.02303	0.06050	0.05107	0.07463	0.00943	0.31934	0.11809	0.02664	0.04787	0.00922	0.07723	0.00776	0.00534	0.02639	0.00145	0.07514	0.00446	0.00249	0.00524
8	0.00514	0.00396	0.00477	0.00494	0.00583	0.00366	0.00363	0.00649	0.02499	0.01163	0.21624	0.24150	0.32456	0.02883	0.06162	0.00178	0.00272	0.04061	0.00367	0.00343
9	0.02870	0.00877	0.01294	0.07171	0.44360	0.04455	0.03027	0.08675	0.03066	0.07491	0.00988	0.07844	0.00864	0.00527	0.02174	0.00134	0.00455	0.02905	0.00258	0.00565
10	0.04833	0.00970	0.07615	0.04024	0.20937	0.03410	0.09262	0.13248	0.04600	0.14146	0.04279	0.02877	0.00857	0.02375	0.00461	0.00129	0.03405	0.00392	0.00290	0.01892
11	0.02310	0.00747	0.01007	0.13373	0.16791	0.05357	0.02722	0.05083	0.04979	0.07169	0.09672	0.09889	0.05058	0.02020	0.01663	0.00141	0.06115	0.02986	0.02438	0.00479
12	0.04051	0.00378	0.00477	0.00539	0.00593	0.00356	0.00375	0.00628	0.00794	0.03340	0.06914	0.66541	0.08880	0.01126	0.00483	0.00153	0.00233	0.03435	0.00366	0.00337
13	0.03857	0.04873	0.03544	0.17604	0.15642	0.09147	0.02219	0.18211	0.01075	0.06595	0.00914	0.03634	0.01673	0.00463	0.00415	0.00121	0.03789	0.01915	0.03778	0.00531
14	0.06958	0.02995	0.07487	0.04342	0.19078	0.05379	0.10980	0.08127	0.07573	0.13475	0.01013	0.02193	0.02471	0.01691	0.01976	0.00136	0.02910	0.00380	0.00276	0.00560

[dist]
# distance from previous block
# <min> <max>
0	1

[block]
# block no. 1 follows, 69 sequences, length 19
# corresponding to MSA columns:
# 288-302,306-309
name=unknown_B
#
# <colnr> <probs for GDERKNQSTAVLIFYWHMCP>
#	G	D	E	R	K	N	Q	S	T	A	V	L	I	F	Y	W	H	M	C	P
0	0.02668	0.09638	0.01107	0.00811	0.03304	0.06561	0.00645	0.27189	0.15987	0.03961	0.00937	0.00961	0.00715	0.00412	0.00347	0.00100	0.00386	0.00315	0.00311	0.23646
1	0.00963	0.04610	0.04719	0.04075	0.10576	0.05154	0.24854	0.04562	0.00942	0.08578	0.04394	0.02886	0.06455	0.00586	0.05002	0.00146	0.02084	0.00428	0.00255	0.08732
2	0.05033	0.17532	0.19299	0.04986	0.08288	0.04845	0.07570	0.07645	0.03682	0.08940	0.02275	0.00966	0.01695	0.00396	0.00355	0.00112	0.00466	0.00322	0.00242	0.05352
3	0.01130	0.10247	0.17915	0.03241	0.01252	0.04784	0.02655	0.29745	0.06138	0.06163	0.06770	0.01166	0.03414	0.00509	0.01540	0.00125	0.01961	0.00371	0.00305	0.00570
4	0.00493	0.00383	0.00450	0.00487	0.00566	0.00345	0.00345	0.00612	0.02882	0.01104	0.12087	0.41849	0.34843	0.01069	0.00479	0.00144	0.00213	0.00938	0.00372	0.00337
5	0.01032	0.10089	0.09760	0.04191	0.07409	0.09552	0.11400	0.06424	0.03545	0.10778	0.02902	0.03531	0.08737	0.02935	0.00494	0.00130	0.05893	0.00421	0.00267	0.00512
6	0.02980	0.02429	0.09758	0.09423	0.07455	0.06268	0.06409	0.09648	0.07324	0.13034	0.03033	0.08332	0.03943	0.01534	0.00483	0.00132	0.06550	0.00445	0.00293	0.00526
7	0.00909	0.01088	0.07280	0.01566	0.01961	0.00960	0.73931	0.01241	0.00915	0.01264	0.00808	0.01060	0.00606	0.00338	0.00449	0.00130	0.00636	0.00448	0.03886	0.00525
8	0.06282	0.01042	0.01121	0.00863	0.01172	0.01142	0.00713	0.71065	0.01717	0.09494	0.00972	0.00959	0.00680	0.00466	0.00384	0.00118	0.00416	0.00349	0.00392	0.00654
9	0.00963	0.02965	0.09589	0.12973	0.04927	0.07439	0.13335	0.05159	0.06995	0.09141	0.04542	0.04754	0.08427	0.00527	0.00472	0.00129	0.06436	0.00449	0.00272	0.00505
10	0.03076	0.02212	0.08673	0.02671	0.08017	0.07262	0.03727	0.09048	0.05674	0.13648	0.05613	0.10394	0.05973	0.00671	0.03530	0.00145	0.04949	0.00479	0.03730	0.00509
11	0.00590	0.00492	0.00518	0.00501	0.00629	0.02481	0.00375	0.03624	0.08211	0.01260	0.20206	0.11574	0.46297	0.00903	0.00456	0.00132	0.00229	0.00767	0.00378	0.00378
12	0.01036	0.00637	0.00791	0.03294	0.00906	0.00672	0.00548	0.10906	0.12704	0.21755	0.02815	0.22985	0.01412	0.06844	0.02805	0.00167	0.06325	0.00593	0.02309	0.00497
13	0.01118	0.12330	0.06943	0.13202	0.08328	0.18499	0.07704	0.09475	0.03339	0.07451	0.00876	0.04144	0.01735	0.00443	0.00399	0.00117	0.02776	0.00357	0.00243	0.00521
14	0.01179	0.00870	0.04039	0.05071	0.08660	0.06394	0.05356	0.12161	0.09289	0.23651	0.06952	0.05413	0.04744	0.02526	0.00458	0.00131	0.01744	0.00456	0.00350	0.00556
15	0.00560	0.00372	0.00487	0.00536	0.00593	0.00342	0.00372	0.00653	0.00837	0.05696	0.14939	0.62742	0.08187	0.01105	0.00486	0.00150	0.00225	0.00992	0.00381	0.00347
16	0.00845	0.02165	0.10426	0.11993	0.11387	0.00676	0.09026	0.02440	0.00892	0.11363	0.03899	0.18303	0.09209	0.01839	0.00453	0.00137	0.00402	0.03776	0.00292	0.00477
17	0.02382	0.03284	0.07902	0.10593	0.08215	0.09010	0.07066	0.12209	0.10633	0.04237	0.00860	0.00966	0.00657	0.00389	0.00364	0.00107	0.00450	0.00325	0.00260	0.20091
18	0.00698	0.00566	0.00632	0.00613	0.00706	0.04421	0.00454	0.04529	0.07919	0.03386	0.11372	0.30586	0.16145	0.05755	0.00622	0.00155	0.08356	0.00750	0.01944	0.00390

[dist]
# distance from previous block
# <min> <max>
3	20

[block]
# block no. 2 follows, 69 sequences, length 11
# corresponding to MSA columns:
# 332-342
name=unknown_C
#
# <colnr> <probs for GDERKNQSTAVLIFYWHMCP>
#	G	D	E	R	K	N	Q	S	T	A	V	L	I	F	Y	W	H	M	C	P
0	0.01197	0.00708	0.00918	0.00789	0.03276	0.02845	0.02310	0.09646	0.02256	0.32257	0.01156	0.01365	0.00901	0.10354	0.15524	0.00243	0.10173	0.00400	0.00333	0.03351
1	0.01064	0.03155	0.01258	0.10499	0.17645	0.19021	0.08235	0.08740	0.07454	0.03398	0.03673	0.05111	0.00845	0.00507	0.01696	0.00129	0.04418	0.00394	0.02242	0.00517
2	0.03726	0.02672	0.01171	0.11343	0.13759	0.16293	0.00823	0.27694	0.05270	0.03139	0.05467	0.01041	0.00798	0.00457	0.00425	0.00119	0.04612	0.00352	0.00286	0.00552
3	0.00517	0.00397	0.00460	0.00446	0.00546	0.00354	0.00326	0.00647	0.00965	0.01274	0.41485	0.03255	0.37719	0.09164	0.00611	0.00152	0.00210	0.00746	0.00384	0.00340
4	0.33577	0.00727	0.00805	0.00644	0.00926	0.00727	0.00531	0.06685	0.01001	0.48902	0.01143	0.01055	0.00752	0.00440	0.00339	0.00121	0.00329	0.00325	0.00391	0.00579
5	0.00624	0.00373	0.00425	0.00434	0.00513	0.00361	0.00316	0.00776	0.00861	0.01342	0.18778	0.15884	0.07274	0.03607	0.02975	0.00138	0.00224	0.00599	0.44143	0.00352
6	0.00564	0.00403	0.00546	0.00546	0.00587	0.00444	0.00385	0.00646	0.00605	0.00848	0.01127	0.01966	0.01165	0.37528	0.50333	0.00526	0.00772	0.00482	0.00221	0.00303
7	0.00601	0.00429	0.00595	0.00679	0.00757	0.00424	0.00571	0.00762	0.00888	0.01166	0.06670	0.18405	0.02395	0.01092	0.00530	0.00174	0.00328	0.62813	0.00365	0.00354
8	0.04119	0.10737	0.01183	0.00885	0.01122	0.36544	0.00710	0.21705	0.01173	0.01394	0.00696	0.00793	0.00561	0.00429	0.00423	0.00107	0.07882	0.00281	0.02313	0.06944
9	0.00615	0.00439	0.00612	0.00703	0.00785	0.00437	0.00602	0.00783	0.00886	0.01154	0.02085	0.13386	0.02293	0.01099	0.00537	0.00178	0.00346	0.72342	0.00361	0.00356
10	0.09540	0.40839	0.15045	0.00704	0.01074	0.01100	0.00718	0.01132	0.00793	0.01153	0.00613	0.00712	0.00516	0.00332	0.00281	0.00087	0.00399	0.00229	0.00192	0.24540

[dist]
# distance from previous block
# <min> <max>
1	13

[block]
# block no. 3 follows, 69 sequences, length 14
# corresponding to MSA columns:
# 357-370
name=unknown_D
#
# <colnr> <probs for GDERKNQSTAVLIFYWHMCP>
#	G	D	E	R	K	N	Q	S	T	A	V	L	I	F	Y	W	H	M	C	P
0	0.00786	0.02028	0.84191	0.01117	0.01697	0.00910	0.01448	0.01242	0.00828	0.01242	0.00704	0.00828	0.00497	0.00372	0.00372	0.00124	0.00579	0.00290	0.00166	0.00579
1	0.00645	0.00428	0.00539	0.00518	0.00629	0.00393	0.00391	0.00820	0.03233	0.08384	0.46296	0.14696	0.16828	0.00871	0.00463	0.00132	0.00216	0.03719	0.00412	0.00388
2	0.00956	0.11863	0.04767	0.15391	0.19418	0.07286	0.18211	0.03398	0.03042	0.01194	0.02092	0.00963	0.00632	0.00378	0.00407	0.00116	0.03108	0.00347	0.00204	0.06229
3	0.00975	0.00842	0.00886	0.00798	0.01019	0.00975	0.00621	0.02083	0.83069	0.01640	0.01596	0.01463	0.01197	0.00532	0.00399	0.00133	0.00310	0.00443	0.00399	0.00621
4	0.08150	0.10185	0.10269	0.03032	0.03477	0.02093	0.05566	0.03699	0.03237	0.01207	0.02890	0.21236	0.06311	0.01996	0.00470	0.00142	0.03056	0.12268	0.00282	0.00434
5	0.02163	0.09592	0.14240	0.00818	0.03341	0.01962	0.03710	0.06017	0.02763	0.07313	0.00870	0.04151	0.00726	0.02021	0.05808	0.00139	0.04434	0.00333	0.01909	0.27688
6	0.00479	0.00385	0.00429	0.00455	0.00555	0.00335	0.00334	0.00578	0.00867	0.01074	0.07335	0.25231	0.54871	0.01049	0.00476	0.00141	0.00213	0.04493	0.00367	0.00331
7	0.00479	0.00383	0.00430	0.00460	0.00556	0.00334	0.00335	0.00575	0.00859	0.01065	0.06273	0.28703	0.52466	0.01061	0.00478	0.00142	0.00214	0.04490	0.00366	0.00330
8	0.00938	0.04293	0.21645	0.13995	0.26326	0.00932	0.10423	0.04284	0.02786	0.05708	0.00858	0.01032	0.02381	0.00396	0.00410	0.00123	0.02336	0.00357	0.00215	0.00562
9	0.02421	0.00982	0.08397	0.05441	0.03894	0.11167	0.05467	0.13877	0.04190	0.04246	0.00893	0.04562	0.00770	0.02973	0.11604	0.08478	0.09535	0.00387	0.00248	0.00468
10	0.00756	0.00432	0.00517	0.00516	0.00624	0.00406	0.00381	0.04064	0.00887	0.12375	0.02079	0.35296	0.14214	0.00863	0.00420	0.00132	0.00237	0.02663	0.22743	0.00394
11	0.00569	0.00402	0.00463	0.00457	0.00475	0.00411	0.00280	0.00590	0.00609	0.00807	0.01492	0.02578	0.10168	0.69590	0.06140	0.00359	0.03522	0.00581	0.00247	0.00260
12	0.04047	0.16602	0.18515	0.05692	0.13500	0.05926	0.10045	0.06562	0.02947	0.06184	0.00827	0.04602	0.00675	0.00420	0.00382	0.00117	0.01834	0.00353	0.00227	0.00544
13	0.02201	0.16739	0.04632	0.03167	0.02150	0.04337	0.17665	0.02474	0.04443	0.06581	0.02946	0.13992	0.01107	0.00580	0.00452	0.00127	0.05592	0.05523	0.04815	0.00475

[dist]
# distance from previous block
# <min> <max>
0	7

[block]
# block no. 4 follows, 69 sequences, length 13
# corresponding to MSA columns:
# 378-390
name=unknown_E
#
# <colnr> <probs for GDERKNQSTAVLIFYWHMCP>
#	G	D	E	R	K	N	Q	S	T	A	V	L	I	F	Y	W	H	M	C	P
0	0.42948	0.06600	0.04807	0.00886	0.09839	0.16234	0.02574	0.01214	0.00806	0.01411	0.00678	0.00791	0.02433	0.00386	0.00321	0.00113	0.02335	0.00262	0.00221	0.05141
1	0.01014	0.00953	0.01521	0.02145	0.68825	0.02523	0.02681	0.08270	0.02463	0.01371	0.00771	0.00983	0.00638	0.00421	0.02062	0.00128	0.02052	0.00353	0.00215	0.00611
2	0.01028	0.04115	0.06120	0.16038	0.09142	0.05774	0.06627	0.13998	0.10307	0.06161	0.00951	0.04731	0.00780	0.03595	0.00539	0.00138	0.08763	0.00397	0.00266	0.00529
3	0.00594	0.00405	0.00532	0.00507	0.00600	0.00373	0.00377	0.00766	0.01073	0.04768	0.71985	0.11381	0.03478	0.00833	0.00464	0.00127	0.00195	0.00738	0.00427	0.00376
4	0.00564	0.00404	0.00547	0.00547	0.00588	0.00445	0.00387	0.00647	0.00605	0.00849	0.01126	0.01960	0.01163	0.37073	0.50785	0.00528	0.00775	0.00482	0.00221	0.00304
5	0.00477	0.00344	0.00452	0.00538	0.00566	0.00319	0.00360	0.00547	0.00759	0.01004	0.02261	0.81400	0.07094	0.01215	0.00498	0.00158	0.00226	0.01099	0.00364	0.00319
6	0.00813	0.00697	0.00813	0.00581	0.00929	0.00523	0.00465	0.00987	0.00813	0.01277	0.00697	0.00813	0.00581	0.00290	0.00290	0.00058	0.00290	0.00232	0.00232	0.88619
7	0.00783	0.00742	0.01220	0.54523	0.20841	0.00873	0.01045	0.01014	0.00802	0.01065	0.00912	0.01197	0.06115	0.00444	0.00462	0.00131	0.06790	0.00380	0.00191	0.00470
8	0.00653	0.00375	0.00375	0.00375	0.00478	0.00355	0.00281	0.00812	0.00843	0.01345	0.02061	0.02133	0.25014	0.00613	0.00329	0.00103	0.00187	0.00500	0.62814	0.00355
9	0.01017	0.00992	0.05840	0.00822	0.02613	0.13191	0.00654	0.07414	0.40213	0.04449	0.09167	0.03909	0.03730	0.03664	0.00459	0.00135	0.00382	0.00456	0.00350	0.00544
10	0.01007	0.11221	0.01136	0.00911	0.06192	0.16603	0.03253	0.09055	0.10789	0.01270	0.05220	0.05871	0.03944	0.00665	0.05361	0.00146	0.08955	0.00402	0.00266	0.07734
11	0.00892	0.00832	0.04800	0.00762	0.00968	0.05783	0.03255	0.07689	0.35988	0.02955	0.06263	0.17039	0.07259	0.00673	0.00420	0.00131	0.00337	0.00576	0.00359	0.03019
12	0.03154	0.03822	0.04258	0.09182	0.13172	0.08212	0.07628	0.17457	0.02865	0.07743	0.03942	0.05220	0.00839	0.00457	0.00401	0.00116	0.02085	0.00386	0.00279	0.08782

[dist]
# distance from previous block
# <min> <max>
1	37

[block]
# block no. 5 follows, 69 sequences, length 7
# corresponding to MSA columns:
# 428-434
name=unknown_F
#
# <colnr> <probs for GDERKNQSTAVLIFYWHMCP>
#	G	D	E	R	K	N	Q	S	T	A	V	L	I	F	Y	W	H	M	C	P
0	0.08501	0.03366	0.05933	0.07779	0.22476	0.02166	0.14919	0.05123	0.00877	0.01292	0.03511	0.05248	0.00795	0.00467	0.00496	0.00127	0.10523	0.01791	0.00223	0.04388
1	0.05304	0.03803	0.01235	0.14644	0.18576	0.03643	0.04968	0.11549	0.00928	0.01318	0.00790	0.06322	0.00696	0.00476	0.00519	0.00123	0.13950	0.00375	0.00230	0.10551
2	0.02716	0.05409	0.01091	0.12578	0.06253	0.22107	0.00751	0.09495	0.03970	0.03729	0.00837	0.01111	0.00702	0.00457	0.00432	0.00113	0.07015	0.05216	0.03093	0.12923
3	0.00787	0.00789	0.07268	0.00860	0.00965	0.00875	0.03392	0.04964	0.03749	0.01101	0.00856	0.03325	0.00787	0.04529	0.21605	0.00278	0.36491	0.00396	0.06556	0.00428
4	0.00517	0.00370	0.00499	0.00580	0.00623	0.00352	0.00423	0.00619	0.00812	0.01083	0.08402	0.61700	0.02604	0.01164	0.00506	0.00161	0.00253	0.18630	0.00368	0.00332
5	0.00920	0.03745	0.03381	0.05695	0.06143	0.00884	0.03036	0.14864	0.23118	0.01504	0.07360	0.01805	0.06277	0.00684	0.03155	0.00151	0.06820	0.09613	0.00325	0.00521
6	0.00584	0.00403	0.00506	0.00548	0.00583	0.00401	0.00395	0.00658	0.00710	0.00935	0.01632	0.10938	0.01841	0.46849	0.01319	0.00286	0.00359	0.30469	0.00295	0.00291

[dist]
# distance from previous block
# <min> <max>
3	4

[block]
# block no. 6 follows, 69 sequences, length 9
# corresponding to MSA columns:
# 439-447
name=unknown_G
#
# <colnr> <probs for GDERKNQSTAVLIFYWHMCP>
#	G	D	E	R	K	N	Q	S	T	A	V	L	I	F	Y	W	H	M	C	P
0	0.04069	0.05757	0.01159	0.00880	0.01165	0.16505	0.00717	0.51030	0.07647	0.05851	0.00924	0.00930	0.00675	0.00453	0.00374	0.00114	0.00464	0.00331	0.00346	0.00608
1	0.00610	0.00482	0.02537	0.02924	0.00740	0.00467	0.02830	0.00678	0.00696	0.00942	0.01514	0.18621	0.08685	0.13627	0.12839	0.15193	0.04447	0.07456	0.00261	0.04451
2	0.07700	0.11817	0.24950	0.01039	0.05275	0.05378	0.10088	0.10355	0.04708	0.12132	0.00851	0.00923	0.00622	0.00402	0.00381	0.00119	0.02113	0.00323	0.00256	0.00568
3	0.01029	0.14050	0.19070	0.01078	0.03605	0.02833	0.18162	0.08990	0.05033	0.08906	0.00951	0.01128	0.02567	0.00489	0.01941	0.00133	0.06411	0.02829	0.00248	0.00547
4	0.00623	0.00411	0.00521	0.00494	0.00599	0.00374	0.00370	0.00784	0.01040	0.06887	0.57646	0.10089	0.13576	0.00829	0.00454	0.00126	0.00200	0.00725	0.03871	0.00380
5	0.00837	0.06559	0.09589	0.07375	0.06647	0.02841	0.09953	0.01108	0.07964	0.06934	0.02928	0.18987	0.08257	0.00649	0.00477	0.00133	0.06134	0.00562	0.01591	0.00474
6	0.01266	0.06686	0.09519	0.04195	0.04847	0.17801	0.07418	0.10853	0.09949	0.19684	0.01032	0.03309	0.00770	0.00449	0.00383	0.00118	0.00484	0.00365	0.00305	0.00568
7	0.00495	0.00354	0.00475	0.00566	0.00596	0.00334	0.00395	0.00576	0.00768	0.01020	0.02151	0.76647	0.02554	0.01212	0.00505	0.00162	0.00243	0.10260	0.00364	0.00323
8	0.00933	0.00987	0.10890	0.08052	0.34381	0.00858	0.11754	0.02947	0.04147	0.05387	0.03903	0.03258	0.00796	0.00411	0.00414	0.00119	0.02320	0.00387	0.00232	0.07825

[dist]
# distance from previous block
# <min> <max>
0	4

[block]
# block no. 7 follows, 69 sequences, length 13
# corresponding to MSA columns:
# 452-464
name=unknown_H
#
# <colnr> <probs for GDERKNQSTAVLIFYWHMCP>
#	G	D	E	R	K	N	Q	S	T	A	V	L	I	F	Y	W	H	M	C	P
0	0.10752	0.00724	0.00872	0.00635	0.00974	0.00590	0.05165	0.01021	0.00803	0.01330	0.00685	0.00807	0.00564	0.00301	0.00295	0.00069	0.00313	0.00243	0.00231	0.73623
1	0.00913	0.00908	0.03422	0.12995	0.08142	0.00908	0.34747	0.06803	0.10217	0.02800	0.06632	0.01337	0.02197	0.01822	0.00480	0.00135	0.02845	0.01919	0.00256	0.00522
2	0.79064	0.00769	0.00647	0.00573	0.00789	0.00916	0.00473	0.01129	0.00660	0.01667	0.00542	0.00662	0.00435	0.00400	0.00360	0.00127	0.09900	0.00227	0.00235	0.00425
3	0.00937	0.00890	0.01367	0.09767	0.55771	0.03182	0.01033	0.01262	0.10147	0.01296	0.03768	0.01084	0.00780	0.00387	0.00384	0.00115	0.00438	0.00362	0.00227	0.06804
4	0.00562	0.00413	0.00595	0.00595	0.00653	0.00471	0.00447	0.00678	0.00620	0.00884	0.01082	0.01716	0.01057	0.17238	0.70475	0.00587	0.00935	0.00446	0.00215	0.00331
5	0.04121	0.01019	0.01601	0.04520	0.29221	0.08231	0.26912	0.04157	0.10203	0.03460	0.00882	0.02338	0.00698	0.00392	0.00407	0.00123	0.00519	0.00396	0.00237	0.00562
6	0.00474	0.00356	0.00440	0.00507	0.00558	0.00322	0.00347	0.00550	0.00788	0.01016	0.02637	0.64362	0.23891	0.01166	0.00491	0.00152	0.00220	0.01039	0.00364	0.00322
7	0.00729	0.00671	0.01134	0.39475	0.19586	0.00740	0.05585	0.00935	0.00806	0.01076	0.01110	0.24187	0.01113	0.00607	0.00425	0.00135	0.00438	0.00564	0.00232	0.00449
8	0.00786	0.02028	0.84191	0.01117	0.01697	0.00910	0.01448	0.01242	0.00828	0.01242	0.00704	0.00828	0.00497	0.00372	0.00372	0.00124	0.00579	0.00290	0.00166	0.00579
9	0.00813	0.00697	0.00813	0.00581	0.00929	0.00523	0.00465	0.00987	0.00813	0.01277	0.00697	0.00813	0.00581	0.00290	0.00290	0.00058	0.00290	0.00232	0.00232	0.88619
10	0.01009	0.07344	0.14212	0.00844	0.01166	0.00860	0.07572	0.16338	0.10930	0.07974	0.05973	0.04246	0.04920	0.00495	0.00384	0.00114	0.00397	0.01545	0.00308	0.13369
11	0.07334	0.04776	0.17092	0.03322	0.06490	0.02919	0.02179	0.08742	0.04015	0.07257	0.04440	0.08795	0.05546	0.05526	0.02217	0.00147	0.00412	0.02249	0.01420	0.05125
12	0.40878	0.05268	0.22600	0.02240	0.02327	0.02948	0.01798	0.01178	0.02698	0.03153	0.01852	0.00905	0.03273	0.00472	0.02508	0.00134	0.02805	0.00286	0.00227	0.02449

[dist]
# distance from previous block
# <min> <max>
5	84

[block]
# block no. 8 follows, 69 sequences, length 14
# corresponding to MSA columns:
# 551-564
name=unknown_I
#
# <colnr> <probs for GDERKNQSTAVLIFYWHMCP>
#	G	D	E	R	K	N	Q	S	T	A	V	L	I	F	Y	W	H	M	C	P
0	0.25403	0.17651	0.06727	0.03295	0.07052	0.05806	0.10968	0.02714	0.00826	0.04089	0.00745	0.00914	0.02156	0.00405	0.00383	0.00117	0.05575	0.01695	0.00220	0.03259
1	0.00487	0.00356	0.00460	0.00535	0.00577	0.00329	0.00370	0.00570	0.00790	0.01041	0.05909	0.68839	0.11886	0.01175	0.00497	0.00156	0.00229	0.05104	0.00367	0.00324
2	0.04983	0.73804	0.07606	0.00729	0.01079	0.01457	0.03613	0.01180	0.00797	0.00994	0.00565	0.00658	0.00502	0.00339	0.00267	0.00090	0.00434	0.00224	0.00172	0.00506
3	0.00561	0.00390	0.00501	0.00513	0.00591	0.00358	0.00372	0.00692	0.00947	0.03980	0.40696	0.31253	0.11205	0.03074	0.00513	0.00144	0.00216	0.03244	0.00397	0.00355
4	0.00501	0.00390	0.00458	0.00481	0.00576	0.00347	0.00358	0.00618	0.00905	0.01161	0.19643	0.23007	0.40843	0.01017	0.00479	0.00141	0.00217	0.08142	0.00378	0.00339
5	0.00487	0.00375	0.00446	0.00482	0.00561	0.00334	0.00345	0.00588	0.00865	0.01113	0.14906	0.38373	0.35600	0.01066	0.00481	0.00144	0.00213	0.02915	0.00374	0.00332
6	0.00546	0.00395	0.00521	0.00539	0.00617	0.00370	0.00409	0.00701	0.00986	0.01358	0.48809	0.21976	0.06270	0.00951	0.00484	0.00141	0.00224	0.13945	0.00402	0.00355
7	0.00813	0.00697	0.00813	0.00581	0.00929	0.00523	0.00465	0.00987	0.00813	0.01277	0.00697	0.00813	0.00581	0.00290	0.00290	0.00058	0.00290	0.00232	0.00232	0.88619
8	0.71290	0.00764	0.00654	0.00565	0.00817	0.00860	0.00464	0.04651	0.03948	0.11862	0.00725	0.00767	0.00531	0.00390	0.00273	0.00122	0.00313	0.00249	0.00285	0.00472
9	0.00548	0.00395	0.00521	0.00516	0.00598	0.00368	0.00386	0.00716	0.01042	0.01460	0.66014	0.15414	0.03438	0.00884	0.00473	0.00132	0.00203	0.06111	0.00417	0.00362
10	0.21306	0.00648	0.00766	0.00628	0.00880	0.00617	0.00508	0.02976	0.00989	0.50714	0.03848	0.08854	0.04490	0.00554	0.00374	0.00125	0.00309	0.00444	0.00411	0.00559
11	0.00569	0.00385	0.00453	0.00463	0.00474	0.00387	0.00282	0.00591	0.00604	0.00807	0.01327	0.06847	0.01516	0.72138	0.06046	0.00369	0.00405	0.05832	0.00251	0.00255
12	0.06370	0.18950	0.04698	0.00734	0.00995	0.06578	0.00634	0.16323	0.22243	0.04049	0.01039	0.01061	0.00796	0.00441	0.00334	0.00110	0.00375	0.00331	0.13396	0.00543
13	0.00868	0.00735	0.03505	0.05499	0.25128	0.00688	0.03216	0.05556	0.04964	0.07396	0.05954	0.16324	0.08263	0.00616	0.00415	0.00124	0.00361	0.01613	0.00298	0.08478

[dist]
# distance from previous block
# <min> <max>
1	6

[block]
# block no. 9 follows, 69 sequences, length 21
# corresponding to MSA columns:
# 571-591
name=unknown_J
#
# <colnr> <probs for GDERKNQSTAVLIFYWHMCP>
#	G	D	E	R	K	N	Q	S	T	A	V	L	I	F	Y	W	H	M	C	P
0	0.39894	0.00644	0.00704	0.06458	0.12778	0.00706	0.00545	0.01024	0.00759	0.01481	0.01008	0.07943	0.03399	0.00488	0.00314	0.00120	0.00308	0.02047	0.18951	0.00428
1	0.07131	0.04408	0.07795	0.04070	0.10811	0.06961	0.07580	0.03975	0.01981	0.25122	0.01146	0.01212	0.05118	0.00650	0.06979	0.00161	0.03682	0.00377	0.00297	0.00544
2	0.00740	0.00697	0.01176	0.85280	0.02700	0.00871	0.01089	0.01002	0.00784	0.01002	0.00697	0.01045	0.00523	0.00392	0.00392	0.00131	0.00523	0.00348	0.00174	0.00436
3	0.00531	0.00394	0.00505	0.00570	0.00637	0.00374	0.00428	0.00667	0.02991	0.01101	0.06737	0.45535	0.15529	0.01113	0.00500	0.00158	0.00257	0.21264	0.00368	0.00342
4	0.88991	0.00758	0.00576	0.00516	0.00758	0.00879	0.00425	0.01152	0.00667	0.01759	0.00546	0.00637	0.00425	0.00364	0.00243	0.00121	0.00303	0.00212	0.00243	0.00425
5	0.00819	0.00790	0.01123	0.06133	0.01082	0.01085	0.00819	0.00908	0.00610	0.00932	0.00576	0.00939	0.00560	0.00878	0.07857	0.04231	0.69725	0.00349	0.00175	0.00411
6	0.88991	0.00758	0.00576	0.00516	0.00758	0.00879	0.00425	0.01152	0.00667	0.01759	0.00546	0.00637	0.00425	0.00364	0.00243	0.00121	0.00303	0.00212	0.00243	0.00425
7	0.08746	0.00708	0.00986	0.00991	0.16491	0.00655	0.00669	0.01642	0.01041	0.56593	0.06404	0.01307	0.01029	0.00469	0.00385	0.00121	0.00347	0.00390	0.00407	0.00620
8	0.85450	0.00754	0.00590	0.00523	0.00768	0.00867	0.00431	0.01183	0.00686	0.05100	0.00587	0.00665	0.00447	0.00369	0.00249	0.00121	0.00304	0.00220	0.00252	0.00434
9	0.00567	0.00394	0.00498	0.00498	0.00522	0.00418	0.00325	0.00615	0.00591	0.00812	0.01171	0.02211	0.01271	0.57396	0.30611	0.00467	0.00612	0.00518	0.00228	0.00276
10	0.00560	0.00420	0.00630	0.00630	0.00700	0.00490	0.00490	0.00700	0.00630	0.00910	0.01050	0.01540	0.00980	0.02940	0.84669	0.00630	0.01050	0.00420	0.00210	0.00350
11	0.01048	0.86458	0.02054	0.00671	0.01006	0.01551	0.00671	0.01174	0.00797	0.00922	0.00545	0.00629	0.00503	0.00335	0.00252	0.00084	0.00419	0.00210	0.00168	0.00503
12	0.01058	0.51167	0.19964	0.00847	0.02957	0.06428	0.00861	0.06827	0.02852	0.02873	0.00661	0.00741	0.00542	0.00365	0.00303	0.00099	0.00470	0.00252	0.00197	0.00537
13	0.00567	0.00393	0.00495	0.00495	0.00518	0.00417	0.00322	0.00613	0.00590	0.00810	0.01173	0.02224	0.01277	0.58446	0.29569	0.00463	0.00604	0.00520	0.00228	0.00275
14	0.00500	0.00385	0.00435	0.00452	0.00534	0.00345	0.00318	0.00588	0.00836	0.01059	0.12208	0.19331	0.42428	0.15560	0.00734	0.00180	0.00238	0.03200	0.00350	0.00318
15	0.01027	0.01000	0.03562	0.03922	0.26127	0.07729	0.11804	0.08795	0.06846	0.04459	0.00846	0.02227	0.00700	0.03032	0.01979	0.00145	0.14636	0.00381	0.00238	0.00543
16	0.00815	0.02564	0.02582	0.53183	0.08336	0.00842	0.02572	0.01146	0.09485	0.04486	0.04632	0.03429	0.00838	0.01731	0.01644	0.00140	0.00472	0.00399	0.00230	0.00474
17	0.00702	0.00587	0.00787	0.00730	0.00791	0.00730	0.00572	0.00932	0.10828	0.01023	0.01029	0.04075	0.00970	0.09887	0.36240	0.00376	0.24741	0.00435	0.04171	0.00395
18	0.00789	0.03341	0.05803	0.04786	0.11382	0.04041	0.15187	0.02062	0.04341	0.02369	0.05341	0.16480	0.09503	0.01830	0.05134	0.00164	0.06154	0.00570	0.00266	0.00458
19	0.00914	0.03161	0.11257	0.03712	0.11878	0.04114	0.06347	0.05193	0.05585	0.08007	0.01249	0.09631	0.07675	0.00760	0.06775	0.00170	0.12339	0.00471	0.00264	0.00500
20	0.00831	0.00794	0.02600	0.04606	0.22705	0.04208	0.09449	0.02967	0.08789	0.01211	0.06568	0.07819	0.04416	0.00875	0.10714	0.04050	0.06191	0.00475	0.00253	0.00481

[dist]
# distance from previous block
# <min> <max>
1	49

[block]
# block no. 10 follows, 69 sequences, length 16
# corresponding to MSA columns:
# 641-656
name=unknown_K
#
# <colnr> <probs for GDERKNQSTAVLIFYWHMCP>
#	G	D	E	R	K	N	Q	S	T	A	V	L	I	F	Y	W	H	M	C	P
0	0.02372	0.03535	0.08129	0.17159	0.23152	0.04138	0.05315	0.04213	0.05971	0.01248	0.02137	0.06794	0.02200	0.00470	0.00428	0.00123	0.04413	0.00406	0.03437	0.04360
1	0.02509	0.00701	0.01056	0.25153	0.19860	0.00748	0.01899	0.03054	0.05605	0.06973	0.08637	0.07782	0.04134	0.00538	0.00424	0.00126	0.02319	0.02312	0.01271	0.04899
2	0.00820	0.00703	0.00816	0.00590	0.00933	0.00541	0.00471	0.01033	0.04219	0.01292	0.00734	0.00840	0.00606	0.00300	0.00295	0.00061	0.00291	0.00241	0.00239	0.84975
3	0.00600	0.00446	0.00605	0.02861	0.04180	0.00465	0.00453	0.01908	0.02176	0.02741	0.03602	0.35859	0.06328	0.14197	0.18753	0.00287	0.03147	0.00744	0.00299	0.00352
4	0.00478	0.00341	0.00455	0.00546	0.00569	0.00318	0.00364	0.00546	0.00751	0.01001	0.02161	0.85966	0.02593	0.01228	0.00500	0.00159	0.00227	0.01114	0.00364	0.00318
5	0.00513	0.00390	0.00473	0.00480	0.00572	0.00350	0.00354	0.00648	0.00964	0.01284	0.39670	0.19258	0.29098	0.00954	0.00473	0.00135	0.00203	0.03439	0.00395	0.00347
6	0.82329	0.00751	0.00602	0.00529	0.00777	0.00856	0.00436	0.01210	0.00702	0.08044	0.00622	0.00690	0.00466	0.00373	0.00254	0.00121	0.00306	0.00226	0.00261	0.00443
7	0.00493	0.00379	0.00452	0.00483	0.00565	0.00338	0.00348	0.00600	0.00883	0.01143	0.19091	0.34569	0.34454	0.01046	0.00480	0.00142	0.00212	0.03609	0.00377	0.00335
8	0.38103	0.00710	0.00728	0.00600	0.00852	0.00740	0.00491	0.09453	0.00965	0.31121	0.01034	0.01020	0.00716	0.00429	0.00315	0.00117	0.00312	0.00310	0.11454	0.00528
9	0.00566	0.00365	0.00482	0.00547	0.00586	0.00339	0.00368	0.00635	0.00761	0.06311	0.02055	0.74540	0.02405	0.07292	0.00601	0.00173	0.00245	0.01029	0.00363	0.00335
10	0.02975	0.04152	0.11127	0.06819	0.19749	0.09076	0.13009	0.06079	0.03243	0.03993	0.06084	0.01181	0.02397	0.00436	0.00420	0.00120	0.03097	0.01886	0.00240	0.03918
11	0.00809	0.05517	0.66551	0.01131	0.01660	0.00924	0.10976	0.01221	0.00845	0.01239	0.02909	0.00902	0.00596	0.00375	0.00378	0.00122	0.00564	0.00316	0.00178	0.02787
12	0.00925	0.01058	0.02313	0.01652	0.02049	0.00991	0.82353	0.01256	0.00925	0.01256	0.00793	0.01058	0.00595	0.00330	0.00463	0.00132	0.00661	0.00463	0.00198	0.00529
13	0.00520	0.00386	0.00478	0.03343	0.00636	0.00356	0.00373	0.00614	0.00824	0.02531	0.09031	0.43479	0.27021	0.05733	0.00564	0.00159	0.00239	0.03022	0.00358	0.00333
14	0.00622	0.00464	0.01951	0.02131	0.00684	0.00423	0.00421	0.00826	0.04822	0.05600	0.45346	0.10182	0.17626	0.00942	0.04669	0.00155	0.00264	0.02092	0.00393	0.00389
15	0.04752	0.32007	0.18590	0.02442	0.02945	0.04831	0.05174	0.04973	0.02106	0.02705	0.00795	0.05143	0.01696	0.00409	0.00328	0.00103	0.00447	0.00317	0.00214	0.10024

[dist]
# distance from previous block
# <min> <max>
0	10

[block]
# block no. 11 follows, 69 sequences, length 17
# corresponding to MSA columns:
# 667-683
name=unknown_L
#
# <colnr> <probs for GDERKNQSTAVLIFYWHMCP>
#	G	D	E	R	K	N	Q	S	T	A	V	L	I	F	Y	W	H	M	C	P
0	0.02382	0.14997	0.13936	0.00893	0.03417	0.05951	0.05753	0.14194	0.01914	0.04775	0.01231	0.02853	0.10836	0.00577	0.02071	0.00131	0.07206	0.03269	0.01251	0.02362
1	0.00511	0.02442	0.03543	0.00483	0.00599	0.00385	0.00375	0.00628	0.00881	0.01126	0.16654	0.23475	0.42981	0.03496	0.00509	0.00143	0.00228	0.00836	0.00360	0.00345
2	0.00821	0.00721	0.00898	0.00660	0.00980	0.00596	0.04070	0.01030	0.03717	0.01276	0.02483	0.00894	0.00665	0.00335	0.00365	0.00072	0.05407	0.00267	0.00237	0.74505
3	0.00700	0.00662	0.06423	0.03454	0.05846	0.00616	0.01841	0.01090	0.20152	0.01286	0.10541	0.23033	0.07369	0.00828	0.02101	0.00149	0.01847	0.07211	0.04404	0.00447
4	0.00834	0.08909	0.75175	0.01069	0.01621	0.00954	0.01361	0.01254	0.00833	0.03488	0.00714	0.00825	0.00510	0.00373	0.00363	0.00121	0.00560	0.00286	0.00174	0.00576
5	0.03440	0.13231	0.15415	0.01072	0.15213	0.00904	0.03524	0.08966	0.03863	0.10073	0.03385	0.03388	0.02597	0.00427	0.00359	0.00108	0.00412	0.00353	0.00264	0.13007
6	0.00858	0.00858	0.01201	0.01029	0.01029	0.01201	0.00858	0.00943	0.00600	0.00943	0.00515	0.00858	0.00515	0.00686	0.01287	0.00172	0.85505	0.00343	0.00172	0.00429
7	0.01048	0.86458	0.02054	0.00671	0.01006	0.01551	0.00671	0.01174	0.00797	0.00922	0.00545	0.00629	0.00503	0.00335	0.00252	0.00084	0.00419	0.00210	0.00168	0.00503
8	0.00730	0.00896	0.19706	0.02176	0.02336	0.02072	0.07016	0.00869	0.00701	0.00995	0.05229	0.01246	0.00848	0.03676	0.16741	0.23411	0.10395	0.00379	0.00196	0.00383
9	0.02837	0.06021	0.01212	0.04188	0.21550	0.03882	0.07607	0.05689	0.07070	0.02371	0.04337	0.05390	0.03533	0.03005	0.02162	0.00139	0.08652	0.00420	0.04429	0.05507
10	0.00545	0.00389	0.00531	0.00616	0.00669	0.00375	0.00474	0.00665	0.00831	0.01100	0.06120	0.48412	0.02509	0.01148	0.00515	0.00166	0.00280	0.33951	0.00366	0.00338
11	0.01096	0.76764	0.01946	0.00710	0.01030	0.11074	0.00681	0.01219	0.00833	0.00927	0.00552	0.00638	0.00503	0.00343	0.00263	0.00086	0.00452	0.00215	0.00172	0.00498
12	0.09205	0.00609	0.00733	0.00668	0.03260	0.02524	0.03693	0.07296	0.02370	0.14594	0.04963	0.06486	0.02775	0.03825	0.09712	0.00182	0.01874	0.00439	0.24339	0.00454
13	0.00533	0.00393	0.00462	0.00469	0.00569	0.00346	0.00342	0.00649	0.00924	0.03810	0.24945	0.23475	0.39701	0.00982	0.00470	0.00136	0.00206	0.00852	0.00386	0.00349
14	0.00604	0.00416	0.00497	0.00473	0.00593	0.00366	0.00356	0.00744	0.00998	0.07627	0.39284	0.08651	0.36175	0.00884	0.00460	0.00129	0.00205	0.00760	0.00404	0.00373
15	0.00859	0.01827	0.00695	0.01743	0.00788	0.00644	0.00471	0.16790	0.13403	0.04432	0.16049	0.06025	0.17764	0.00688	0.00426	0.01820	0.00272	0.00558	0.14284	0.00463
16	0.45888	0.06382	0.04676	0.02542	0.02267	0.02825	0.02046	0.10330	0.00902	0.12011	0.00745	0.00801	0.00549	0.00385	0.00300	0.00114	0.00364	0.00266	0.00277	0.06329

[dist]
# distance from previous block
# <min> <max>
0	241

# created by:
# /st0/software/busco_prod/Augustus/scripts/msa2prfl.pl ./align_prep/37889.fa
