[name]
unknown

[dist]
# distance from previous block
# <min> <max>
0	29

[block]
# block no. 0 follows, 69 sequences, length 121
# corresponding to MSA columns:
# 29-149
name=unknown_A
#
# <colnr> <probs for GDERKNQSTAVLIFYWHMCP>
#	G	D	E	R	K	N	Q	S	T	A	V	L	I	F	Y	W	H	M	C	P
0	0.00980	0.06466	0.18657	0.01497	0.34889	0.00937	0.01030	0.12475	0.04596	0.03260	0.07647	0.01225	0.00936	0.00444	0.00389	0.00120	0.00445	0.03169	0.00254	0.00583
1	0.01095	0.07709	0.34772	0.01088	0.09348	0.01009	0.01041	0.22388	0.07042	0.08258	0.01994	0.00971	0.00685	0.00419	0.00375	0.00119	0.00474	0.00331	0.00273	0.00608
2	0.02722	0.02626	0.18949	0.01048	0.12805	0.00888	0.00860	0.20688	0.10965	0.09477	0.08113	0.01358	0.05703	0.01547	0.00413	0.00125	0.00407	0.00408	0.00318	0.00579
3	0.03017	0.04561	0.26235	0.01205	0.16829	0.01007	0.01006	0.24604	0.09204	0.05095	0.01963	0.00986	0.00698	0.00420	0.00377	0.00119	0.00458	0.00338	0.00278	0.01600
4	0.11538	0.12045	0.14793	0.00836	0.02550	0.01037	0.00770	0.24098	0.15182	0.07847	0.02482	0.01037	0.01857	0.00444	0.00355	0.00117	0.00402	0.00337	0.00311	0.01961
5	0.00769	0.02819	0.50997	0.01134	0.11604	0.00813	0.02696	0.01150	0.03652	0.01291	0.12883	0.01355	0.06208	0.00474	0.00394	0.00123	0.00475	0.00398	0.00228	0.00538
6	0.01110	0.74569	0.01932	0.00703	0.01035	0.01505	0.00681	0.12497	0.00942	0.01138	0.00600	0.00672	0.00526	0.00354	0.00271	0.00089	0.00421	0.00230	0.00199	0.00526
7	0.01302	0.01617	0.01003	0.00934	0.01106	0.70759	0.00693	0.01398	0.01052	0.00966	0.00862	0.14749	0.00849	0.00540	0.00378	0.00111	0.00628	0.00394	0.00229	0.00432
8	0.00560	0.00419	0.00622	0.00622	0.00690	0.00486	0.00480	0.00695	0.00628	0.00904	0.01057	0.01579	0.00997	0.06090	0.81542	0.00621	0.01025	0.00426	0.00211	0.00346
9	0.00883	0.33214	0.53852	0.00952	0.01442	0.01147	0.01161	0.01217	0.00816	0.01124	0.00645	0.00754	0.00499	0.00359	0.00328	0.00109	0.00520	0.00260	0.00166	0.00551
10	0.01218	0.00831	0.01365	0.01522	0.34601	0.00799	0.12215	0.04415	0.03461	0.28811	0.02193	0.04938	0.00881	0.00447	0.00407	0.00123	0.00429	0.00422	0.00315	0.00608
11	0.00756	0.00713	0.01204	0.79671	0.08187	0.00875	0.01096	0.01015	0.00791	0.01021	0.00700	0.01040	0.00529	0.00389	0.00392	0.00130	0.00519	0.00348	0.00176	0.00448
12	0.00535	0.00382	0.00520	0.00611	0.00659	0.00368	0.00463	0.00645	0.00807	0.01065	0.02129	0.55724	0.02468	0.01174	0.00516	0.00167	0.00277	0.30793	0.00363	0.00334
13	0.00966	0.00775	0.02200	0.00648	0.00985	0.00642	0.00530	0.13552	0.02207	0.06060	0.00818	0.02204	0.00655	0.00348	0.00318	0.00074	0.00318	0.00278	0.00274	0.66148
14	0.01508	0.00610	0.00826	0.00657	0.00905	0.00542	0.00527	0.01643	0.01029	0.66562	0.04328	0.01535	0.01114	0.09781	0.06414	0.00184	0.00383	0.00426	0.00438	0.00589
15	0.00561	0.00397	0.00515	0.00499	0.00588	0.00364	0.00369	0.00725	0.01049	0.02951	0.66554	0.14411	0.07813	0.00865	0.00466	0.00129	0.00194	0.00766	0.00420	0.00366
16	0.00549	0.00414	0.00516	0.00577	0.00631	0.00411	0.00399	0.00765	0.12227	0.01105	0.04186	0.70516	0.03974	0.01116	0.00485	0.00154	0.00237	0.01005	0.00371	0.00362
17	0.00874	0.00748	0.02445	0.00659	0.03066	0.00581	0.00520	0.04485	0.02671	0.03519	0.00750	0.00851	0.00608	0.00311	0.00304	0.00067	0.00308	0.00250	0.00247	0.76737
18	0.00570	0.00380	0.00428	0.00428	0.00428	0.00380	0.00238	0.00570	0.00570	0.00760	0.01235	0.02566	0.01425	0.86222	0.01995	0.00380	0.00380	0.00570	0.00238	0.00238
19	0.01709	0.00747	0.00959	0.00735	0.01041	0.00694	0.00607	0.16806	0.01255	0.68965	0.01435	0.01262	0.00914	0.00483	0.00394	0.00121	0.00352	0.00387	0.00468	0.00667
20	0.00930	0.00931	0.03597	0.05751	0.48484	0.00943	0.10684	0.01301	0.13245	0.01291	0.00920	0.02029	0.01943	0.00417	0.00457	0.00126	0.05755	0.00390	0.00227	0.00581
21	0.00813	0.00697	0.00813	0.00581	0.00929	0.00523	0.00465	0.00987	0.00813	0.01277	0.00697	0.00813	0.00581	0.00290	0.00290	0.00058	0.00290	0.00232	0.00232	0.88619
22	0.00478	0.00341	0.00455	0.00546	0.00569	0.00318	0.00364	0.00546	0.00751	0.01001	0.02161	0.85966	0.02593	0.01228	0.00500	0.00159	0.00227	0.01114	0.00364	0.00318
23	0.01759	0.00667	0.00910	0.00698	0.01001	0.00576	0.00576	0.01911	0.01122	0.84048	0.01547	0.01334	0.00970	0.00485	0.00394	0.00121	0.00334	0.00394	0.00485	0.00667
24	0.01263	0.12889	0.01210	0.00793	0.01117	0.01097	0.00667	0.50919	0.02638	0.01964	0.00838	0.00875	0.00632	0.00411	0.00349	0.00099	0.00395	0.00306	0.00324	0.21215
25	0.00970	0.00931	0.01591	0.02406	0.83777	0.00931	0.01203	0.01203	0.00893	0.01281	0.00737	0.00970	0.00621	0.00349	0.00388	0.00116	0.00466	0.00349	0.00194	0.00621
26	0.00970	0.00931	0.01591	0.02406	0.83777	0.00931	0.01203	0.01203	0.00893	0.01281	0.00737	0.00970	0.00621	0.00349	0.00388	0.00116	0.00466	0.00349	0.00194	0.00621
27	0.00480	0.00345	0.00456	0.00540	0.00568	0.00321	0.00362	0.00554	0.00769	0.01025	0.05430	0.80539	0.04747	0.01205	0.00498	0.00157	0.00225	0.01091	0.00367	0.00321
28	0.01464	0.01868	0.01111	0.01010	0.01212	0.84648	0.00757	0.01565	0.01111	0.00959	0.00606	0.00707	0.00505	0.00404	0.00353	0.00101	0.00707	0.00252	0.00202	0.00454
29	0.00970	0.00931	0.01591	0.02406	0.83777	0.00931	0.01203	0.01203	0.00893	0.01281	0.00737	0.00970	0.00621	0.00349	0.00388	0.00116	0.00466	0.00349	0.00194	0.00621
30	0.00965	0.00926	0.01582	0.04218	0.82005	0.00930	0.01201	0.01199	0.00890	0.01275	0.00737	0.00972	0.00619	0.00350	0.00388	0.00117	0.00467	0.00349	0.00194	0.00617
31	0.00518	0.00388	0.00481	0.00482	0.00569	0.00350	0.00352	0.00659	0.00986	0.01337	0.48596	0.20395	0.21579	0.00934	0.00471	0.00133	0.00197	0.00820	0.00402	0.00350
32	0.00478	0.00341	0.00455	0.00546	0.00569	0.00318	0.00364	0.00546	0.00751	0.01001	0.02161	0.85966	0.02593	0.01228	0.00500	0.00159	0.00227	0.01114	0.00364	0.00318
33	0.00970	0.00931	0.01591	0.02406	0.83777	0.00931	0.01203	0.01203	0.00893	0.01281	0.00737	0.00970	0.00621	0.00349	0.00388	0.00116	0.00466	0.00349	0.00194	0.00621
34	0.00906	0.00772	0.00826	0.00763	0.00957	0.00884	0.00585	0.01869	0.71604	0.01551	0.01674	0.13232	0.01391	0.00629	0.00413	0.00137	0.00299	0.00537	0.00394	0.00578
35	0.00549	0.00412	0.00510	0.00483	0.00587	0.00379	0.00363	0.00742	0.03266	0.01477	0.66275	0.03049	0.18789	0.00831	0.00461	0.00125	0.00191	0.00724	0.00418	0.00369
36	0.00970	0.00931	0.01591	0.02406	0.83777	0.00931	0.01203	0.01203	0.00893	0.01281	0.00737	0.00970	0.00621	0.00349	0.00388	0.00116	0.00466	0.00349	0.00194	0.00621
37	0.00966	0.00927	0.01584	0.03821	0.82393	0.00930	0.01201	0.01200	0.00891	0.01276	0.00737	0.00972	0.00619	0.00350	0.00388	0.00117	0.00467	0.00349	0.00194	0.00618
38	0.01722	0.00727	0.00947	0.00726	0.01031	0.00665	0.00600	0.13131	0.01223	0.72686	0.01462	0.01280	0.00928	0.00483	0.00394	0.00121	0.00347	0.00388	0.00472	0.00667
39	0.01500	0.01082	0.01167	0.00895	0.01208	0.01192	0.00739	0.79536	0.01817	0.05441	0.00963	0.00956	0.00678	0.00471	0.00392	0.00118	0.00428	0.00354	0.00396	0.00667
40	0.00970	0.00931	0.01591	0.02406	0.83777	0.00931	0.01203	0.01203	0.00893	0.01281	0.00737	0.00970	0.00621	0.00349	0.00388	0.00116	0.00466	0.00349	0.00194	0.00621
41	0.01740	0.00681	0.00938	0.00717	0.01022	0.00593	0.01976	0.03173	0.01130	0.81344	0.01524	0.01323	0.00959	0.00482	0.00395	0.00121	0.00341	0.00395	0.00479	0.00665
42	0.00970	0.00931	0.01591	0.02406	0.83777	0.00931	0.01203	0.01203	0.00893	0.01281	0.00737	0.00970	0.00621	0.00349	0.00388	0.00116	0.00466	0.00349	0.00194	0.00621
43	0.01080	0.13109	0.01257	0.00948	0.01071	0.29760	0.00775	0.01189	0.01836	0.00959	0.00684	0.00883	0.03404	0.00550	0.00784	0.00133	0.40630	0.00312	0.00191	0.00447
44	0.00621	0.00405	0.00515	0.00483	0.00582	0.00376	0.00364	0.00805	0.01070	0.04421	0.69260	0.02669	0.03229	0.00742	0.00434	0.00119	0.00190	0.00650	0.12685	0.00380
45	0.00959	0.00920	0.01571	0.06413	0.79857	0.00929	0.01198	0.01193	0.00887	0.01267	0.00735	0.00974	0.00616	0.00351	0.00388	0.00117	0.00468	0.00349	0.00193	0.00612
46	0.00740	0.00697	0.01176	0.85280	0.02700	0.00871	0.01089	0.01002	0.00784	0.01002	0.00697	0.01045	0.00523	0.00392	0.00392	0.00131	0.00523	0.00348	0.00174	0.00436
47	0.88991	0.00758	0.00576	0.00516	0.00758	0.00879	0.00425	0.01152	0.00667	0.01759	0.00546	0.00637	0.00425	0.00364	0.00243	0.00121	0.00303	0.00212	0.00243	0.00425
48	0.00542	0.00400	0.00506	0.00480	0.00578	0.00364	0.00360	0.00715	0.01080	0.01501	0.72484	0.03046	0.14830	0.00828	0.00463	0.00125	0.00187	0.00725	0.00422	0.00364
49	0.00966	0.00927	0.01583	0.03989	0.82228	0.00930	0.01201	0.01199	0.00891	0.01275	0.00737	0.00972	0.00619	0.00350	0.00388	0.00117	0.00467	0.00349	0.00194	0.00617
50	0.00786	0.02028	0.84191	0.01117	0.01697	0.00910	0.01448	0.01242	0.00828	0.01242	0.00704	0.00828	0.00497	0.00372	0.00372	0.00124	0.00579	0.00290	0.00166	0.00579
51	0.00566	0.00412	0.00533	0.00501	0.00597	0.00385	0.00376	0.00774	0.03193	0.01574	0.81486	0.02891	0.03635	0.00795	0.00461	0.00124	0.00188	0.00702	0.00431	0.00376
52	0.03772	0.00413	0.00508	0.00481	0.00584	0.00383	0.00362	0.00730	0.01063	0.01507	0.69452	0.02962	0.14710	0.00812	0.00454	0.00124	0.00191	0.00707	0.00415	0.00366
53	0.00970	0.00931	0.01591	0.02406	0.83777	0.00931	0.01203	0.01203	0.00893	0.01281	0.00737	0.00970	0.00621	0.00349	0.00388	0.00116	0.00466	0.00349	0.00194	0.00621
54	0.01715	0.00738	0.00954	0.00731	0.01036	0.00682	0.00604	0.15189	0.01241	0.70602	0.01447	0.01270	0.00920	0.00483	0.00394	0.00121	0.00350	0.00387	0.00470	0.00667
55	0.00488	0.00349	0.00465	0.00539	0.00571	0.00326	0.00365	0.00573	0.00801	0.01080	0.13499	0.74401	0.02747	0.01169	0.00495	0.00154	0.00222	0.01058	0.00373	0.00326
56	0.00772	0.00729	0.01234	0.73738	0.13992	0.00879	0.01105	0.01030	0.00799	0.01041	0.00702	0.01035	0.00536	0.00386	0.00391	0.00129	0.00515	0.00349	0.00177	0.00461
57	0.00955	0.00921	0.01537	0.02215	0.72252	0.00969	0.01155	0.01167	0.00852	0.01234	0.00706	0.00955	0.00606	0.00396	0.00513	0.00124	0.12310	0.00348	0.00191	0.00594
58	0.74724	0.00939	0.00663	0.00596	0.00832	0.14534	0.00479	0.01220	0.00740	0.01629	0.00556	0.00648	0.00438	0.00370	0.00261	0.00118	0.00369	0.00219	0.00236	0.00429
59	0.00927	0.16110	0.58827	0.01016	0.01514	0.03966	0.01220	0.09726	0.00938	0.01306	0.00698	0.00802	0.00516	0.00378	0.00354	0.00116	0.00541	0.00282	0.00191	0.00571
60	0.00970	0.00931	0.01591	0.02406	0.83777	0.00931	0.01203	0.01203	0.00893	0.01281	0.00737	0.00970	0.00621	0.00349	0.00388	0.00116	0.00466	0.00349	0.00194	0.00621
61	0.88991	0.00758	0.00576	0.00516	0.00758	0.00879	0.00425	0.01152	0.00667	0.01759	0.00546	0.00637	0.00425	0.00364	0.00243	0.00121	0.00303	0.00212	0.00243	0.00425
62	0.00479	0.00342	0.00456	0.00545	0.00569	0.00320	0.00364	0.00550	0.00758	0.01013	0.03940	0.84151	0.02617	0.01219	0.00500	0.00158	0.00227	0.01106	0.00365	0.00320
63	0.00555	0.00401	0.00524	0.00493	0.00586	0.00370	0.00370	0.00740	0.01110	0.01572	0.83570	0.02928	0.03699	0.00801	0.00462	0.00123	0.00185	0.00709	0.00432	0.00370
64	0.00505	0.00399	0.00454	0.00441	0.00555	0.00349	0.00330	0.00643	0.00991	0.01291	0.39949	0.03391	0.47496	0.00906	0.00463	0.00128	0.00192	0.00774	0.00395	0.00349
65	0.00470	0.00389	0.00412	0.00424	0.00538	0.00331	0.00311	0.00568	0.00882	0.01074	0.07395	0.16301	0.67514	0.01020	0.00469	0.00136	0.00202	0.00866	0.00367	0.00331
66	0.01759	0.00667	0.00910	0.00698	0.01001	0.00576	0.00576	0.01911	0.01122	0.84048	0.01547	0.01334	0.00970	0.00485	0.00394	0.00121	0.00334	0.00394	0.00485	0.00667
67	0.87642	0.00763	0.00585	0.00522	0.00765	0.00885	0.00430	0.02406	0.00685	0.01770	0.00552	0.00642	0.00428	0.00366	0.00245	0.00121	0.00305	0.00214	0.00245	0.00428
68	0.01048	0.86458	0.02054	0.00671	0.01006	0.01551	0.00671	0.01174	0.00797	0.00922	0.00545	0.00629	0.00503	0.00335	0.00252	0.00084	0.00419	0.00210	0.00168	0.00503
69	0.00476	0.00398	0.00415	0.00411	0.00537	0.00336	0.00308	0.00587	0.00924	0.01131	0.15058	0.03655	0.72487	0.00966	0.00463	0.00131	0.00197	0.00811	0.00373	0.00336
70	0.01252	0.00913	0.01007	0.00804	0.01044	0.01008	0.00645	0.61033	0.01515	0.02037	0.00978	0.01201	0.00788	0.10376	0.10332	0.03279	0.00494	0.00385	0.00346	0.00565
71	0.00813	0.00697	0.00813	0.00581	0.00929	0.00523	0.00465	0.00987	0.00813	0.01277	0.00697	0.00813	0.00581	0.00290	0.00290	0.00058	0.00290	0.00232	0.00232	0.88619
72	0.07903	0.00655	0.00844	0.00659	0.00938	0.00577	0.03129	0.01271	0.00882	0.29151	0.01053	0.01156	0.00790	0.00795	0.13695	0.00179	0.00439	0.01614	0.00316	0.33954
73	0.01048	0.86458	0.02054	0.00671	0.01006	0.01551	0.00671	0.01174	0.00797	0.00922	0.00545	0.00629	0.00503	0.00335	0.00252	0.00084	0.00419	0.00210	0.00168	0.00503
74	0.00555	0.00401	0.00524	0.00493	0.00586	0.00370	0.00370	0.00740	0.01110	0.01572	0.83570	0.02928	0.03699	0.00801	0.00462	0.00123	0.00185	0.00709	0.00432	0.00370
75	0.00467	0.00397	0.00402	0.00401	0.00532	0.00333	0.00301	0.00570	0.00902	0.01080	0.07203	0.03739	0.80373	0.00985	0.00463	0.00132	0.00198	0.00823	0.00367	0.00333
76	0.01490	0.01098	0.01177	0.00902	0.01216	0.01216	0.00745	0.82470	0.01843	0.02471	0.00941	0.00941	0.00667	0.00471	0.00392	0.00118	0.00431	0.00353	0.00392	0.00667
77	0.00858	0.00858	0.01201	0.01029	0.01029	0.01201	0.00858	0.00943	0.00600	0.00943	0.00515	0.00858	0.00515	0.00686	0.01287	0.00172	0.85505	0.00343	0.00172	0.00429
78	0.00470	0.00372	0.00423	0.00465	0.00547	0.00325	0.00328	0.00555	0.00829	0.01033	0.03150	0.41071	0.46850	0.01100	0.00480	0.00145	0.00212	0.00958	0.00364	0.00325
79	0.00813	0.00697	0.00813	0.00581	0.00929	0.00523	0.00465	0.00987	0.00813	0.01277	0.00697	0.00813	0.00581	0.00290	0.00290	0.00058	0.00290	0.00232	0.00232	0.88619
80	0.00556	0.00400	0.00520	0.00490	0.00583	0.00369	0.00367	0.00740	0.01102	0.01563	0.81189	0.02917	0.04741	0.00799	0.00459	0.00123	0.00185	0.00705	0.01822	0.00369
81	0.00491	0.00347	0.00451	0.00529	0.00549	0.00327	0.00346	0.00549	0.00725	0.00967	0.02032	0.74351	0.02430	0.13066	0.00709	0.00190	0.00249	0.01039	0.00346	0.00307
82	0.00696	0.00362	0.00378	0.00391	0.00472	0.00359	0.00287	0.00862	0.00812	0.01397	0.01402	0.13231	0.01226	0.00564	0.00306	0.00101	0.00189	0.00470	0.76137	0.00359
83	0.00786	0.02028	0.84191	0.01117	0.01697	0.00910	0.01448	0.01242	0.00828	0.01242	0.00704	0.00828	0.00497	0.00372	0.00372	0.00124	0.00579	0.00290	0.00166	0.00579
84	0.01048	0.86458	0.02054	0.00671	0.01006	0.01551	0.00671	0.01174	0.00797	0.00922	0.00545	0.00629	0.00503	0.00335	0.00252	0.00084	0.00419	0.00210	0.00168	0.00503
85	0.01176	0.01211	0.01372	0.01103	0.01315	0.23136	0.17038	0.19598	0.04056	0.01386	0.00739	0.00906	0.00593	0.00484	0.00630	0.00131	0.22926	0.00349	0.01335	0.00515
86	0.10108	0.01156	0.01089	0.00924	0.04005	0.17325	0.00720	0.42914	0.04860	0.07748	0.00880	0.00912	0.00646	0.00457	0.00412	0.00118	0.04484	0.00326	0.00330	0.00587
87	0.00541	0.00400	0.00505	0.00479	0.00577	0.00364	0.00359	0.00713	0.01077	0.01495	0.71600	0.03055	0.15717	0.00830	0.00463	0.00125	0.00187	0.00727	0.00421	0.00364
88	0.00870	0.00727	0.00884	0.00641	0.00982	0.00579	0.03463	0.05138	0.01928	0.03209	0.00763	0.01980	0.00629	0.00321	0.00308	0.00068	0.00311	0.00265	0.00249	0.76685
89	0.00561	0.00415	0.00605	0.00605	0.00667	0.00477	0.00459	0.00684	0.00623	0.00892	0.01073	0.01665	0.01035	0.13120	0.74563	0.00599	0.00968	0.00438	0.00213	0.00336
90	0.00507	0.00391	0.00463	0.00462	0.00560	0.00347	0.00340	0.00640	0.00971	0.01283	0.39716	0.15043	0.35985	0.00940	0.00468	0.00132	0.00197	0.00815	0.00395	0.00347
91	0.00570	0.00380	0.00428	0.00428	0.00428	0.00380	0.00238	0.00570	0.00570	0.00760	0.01235	0.02566	0.01425	0.86222	0.01995	0.00380	0.00380	0.00570	0.00238	0.00238
92	0.00506	0.00395	0.00459	0.00450	0.00558	0.00348	0.00335	0.00643	0.00984	0.01292	0.40520	0.08364	0.41903	0.00919	0.00465	0.00130	0.00194	0.00790	0.00395	0.00348
93	0.00813	0.00697	0.00813	0.00581	0.00929	0.00523	0.00465	0.00987	0.00813	0.01277	0.00697	0.00813	0.00581	0.00290	0.00290	0.00058	0.00290	0.00232	0.00232	0.88619
94	0.01490	0.01098	0.01177	0.00902	0.01216	0.01216	0.00745	0.82470	0.01843	0.02471	0.00941	0.00941	0.00667	0.00471	0.00392	0.00118	0.00431	0.00353	0.00392	0.00667
95	0.00970	0.00931	0.01591	0.02406	0.83777	0.00931	0.01203	0.01203	0.00893	0.01281	0.00737	0.00970	0.00621	0.00349	0.00388	0.00116	0.00466	0.00349	0.00194	0.00621
96	0.00934	0.01554	0.43607	0.01277	0.01755	0.00982	0.30027	0.12560	0.01004	0.01418	0.00768	0.00925	0.00555	0.00371	0.00407	0.00126	0.00588	0.00360	0.00209	0.00574
97	0.01041	0.84312	0.04142	0.00682	0.01024	0.01535	0.00691	0.01176	0.00797	0.00930	0.00549	0.00634	0.00503	0.00336	0.00255	0.00085	0.00423	0.00212	0.00168	0.00505
98	0.00478	0.00341	0.00455	0.00546	0.00569	0.00318	0.00364	0.00546	0.00751	0.01001	0.02161	0.85966	0.02593	0.01228	0.00500	0.00159	0.00227	0.01114	0.00364	0.00318
99	0.88991	0.00758	0.00576	0.00516	0.00758	0.00879	0.00425	0.01152	0.00667	0.01759	0.00546	0.00637	0.00425	0.00364	0.00243	0.00121	0.00303	0.00212	0.00243	0.00425
100	0.06024	0.01161	0.01124	0.00893	0.01175	0.12792	0.00726	0.60232	0.02572	0.05151	0.00889	0.00910	0.00644	0.00465	0.00410	0.00118	0.03413	0.00334	0.00354	0.00616
101	0.01759	0.00667	0.00910	0.00698	0.01001	0.00576	0.00576	0.01911	0.01122	0.84048	0.01547	0.01334	0.00970	0.00485	0.00394	0.00121	0.00334	0.00394	0.00485	0.00667
102	0.76699	0.00703	0.00547	0.00495	0.00716	0.00808	0.00404	0.01119	0.00689	0.01718	0.00648	0.00752	0.00505	0.00377	0.00247	0.00117	0.00286	0.00234	0.12521	0.00416
103	0.04874	0.00870	0.00945	0.00749	0.01037	0.12344	0.00608	0.07778	0.01157	0.63462	0.01335	0.01193	0.00863	0.00468	0.00383	0.00118	0.00392	0.00365	0.00430	0.00629
104	0.00975	0.00842	0.00886	0.00798	0.01019	0.00975	0.00621	0.02083	0.83069	0.01640	0.01596	0.01463	0.01197	0.00532	0.00399	0.00133	0.00310	0.00443	0.00399	0.00621
105	0.00970	0.00931	0.01591	0.02406	0.83777	0.00931	0.01203	0.01203	0.00893	0.01281	0.00737	0.00970	0.00621	0.00349	0.00388	0.00116	0.00466	0.00349	0.00194	0.00621
106	0.00740	0.00697	0.01176	0.85280	0.02700	0.00871	0.01089	0.01002	0.00784	0.01002	0.00697	0.01045	0.00523	0.00392	0.00392	0.00131	0.00523	0.00348	0.00174	0.00436
107	0.00945	0.00693	0.00826	0.00597	0.00939	0.00530	0.00480	0.01116	0.00856	0.12806	0.00815	0.00886	0.00635	0.00317	0.00305	0.00067	0.00296	0.00255	0.00267	0.76369
108	0.00975	0.00842	0.00886	0.00798	0.01019	0.00975	0.00621	0.02083	0.83069	0.01640	0.01596	0.01463	0.01197	0.00532	0.00399	0.00133	0.00310	0.00443	0.00399	0.00621
109	0.01490	0.01098	0.01177	0.00902	0.01216	0.01216	0.00745	0.82470	0.01843	0.02471	0.00941	0.00941	0.00667	0.00471	0.00392	0.00118	0.00431	0.00353	0.00392	0.00667
110	0.00699	0.00453	0.00509	0.00483	0.00595	0.00462	0.00366	0.01027	0.13703	0.01533	0.33714	0.02039	0.02095	0.00604	0.00368	0.00110	0.00203	0.00513	0.40118	0.00407
111	0.00538	0.00392	0.00506	0.00494	0.00580	0.00360	0.00364	0.00701	0.01045	0.01458	0.66934	0.14550	0.08864	0.00874	0.00468	0.00129	0.00192	0.00773	0.00418	0.00360
112	0.00598	0.00412	0.00520	0.00561	0.00602	0.00412	0.00416	0.00680	0.00721	0.00947	0.01616	0.03406	0.01801	0.47676	0.01337	0.00290	0.00371	0.37047	0.00293	0.00293
113	0.00485	0.00398	0.00428	0.00420	0.00543	0.00340	0.00315	0.00605	0.00946	0.01183	0.23150	0.03569	0.64362	0.00947	0.00463	0.00130	0.00195	0.00799	0.00380	0.00340
114	0.00567	0.00416	0.00533	0.00501	0.00599	0.00390	0.00376	0.00781	0.03949	0.01559	0.78271	0.02904	0.06075	0.00798	0.00460	0.00124	0.00190	0.00703	0.00428	0.00377
115	0.00882	0.00746	0.00861	0.00629	0.00980	0.00564	0.00495	0.01037	0.00857	0.01342	0.00766	0.00908	0.00646	0.00337	0.00321	0.00071	0.00315	0.00256	0.00256	0.87734
116	0.82113	0.00832	0.00619	0.00552	0.00794	0.05961	0.00451	0.02642	0.00715	0.01723	0.00557	0.00647	0.00434	0.00368	0.00252	0.00120	0.00330	0.00217	0.00243	0.00431
117	0.43062	0.00923	0.00883	0.00712	0.00992	0.01036	0.00588	0.41325	0.01262	0.04683	0.00772	0.00809	0.00561	0.00420	0.00321	0.00120	0.00367	0.00287	0.00324	0.00552
118	0.36444	0.01261	0.00901	0.00785	0.01024	0.35044	0.00616	0.14232	0.01050	0.04404	0.00668	0.00738	0.00515	0.00401	0.00317	0.00112	0.00489	0.00257	0.00258	0.00484
119	0.00969	0.00936	0.01616	0.02380	0.80938	0.00934	0.04021	0.01205	0.00894	0.01280	0.00739	0.00973	0.00620	0.00349	0.00391	0.00117	0.00473	0.00353	0.00194	0.00618
120	0.02617	0.01008	0.01366	0.01776	0.50396	0.07027	0.00991	0.19568	0.04623	0.02507	0.00929	0.01062	0.03531	0.00413	0.00387	0.00117	0.00455	0.00362	0.00258	0.00606

[dist]
# distance from previous block
# <min> <max>
0	5

[block]
# block no. 1 follows, 69 sequences, length 19
# corresponding to MSA columns:
# 155-173
name=unknown_B
#
# <colnr> <probs for GDERKNQSTAVLIFYWHMCP>
#	G	D	E	R	K	N	Q	S	T	A	V	L	I	F	Y	W	H	M	C	P
0	0.22483	0.17781	0.11546	0.00950	0.11988	0.02989	0.00767	0.07629	0.00937	0.18274	0.00827	0.00871	0.00607	0.00391	0.00325	0.00113	0.00408	0.00288	0.00272	0.00554
1	0.01061	0.03120	0.01502	0.02091	0.67877	0.00935	0.01095	0.05249	0.04090	0.07932	0.00840	0.01008	0.00670	0.00373	0.00386	0.00117	0.00446	0.00353	0.00234	0.00624
2	0.01082	0.01165	0.24636	0.00979	0.05216	0.00876	0.04387	0.18348	0.14296	0.13121	0.04744	0.07328	0.01013	0.00512	0.00402	0.00126	0.00426	0.00431	0.00324	0.00588
3	0.00884	0.20999	0.56251	0.00969	0.01452	0.01038	0.01172	0.04961	0.00886	0.02729	0.04672	0.00898	0.00668	0.00391	0.00351	0.00115	0.00513	0.00296	0.00195	0.00558
4	0.00815	0.11208	0.75260	0.01069	0.01622	0.00980	0.01364	0.01234	0.00824	0.01207	0.00686	0.00806	0.00497	0.00368	0.00359	0.00120	0.00562	0.00281	0.00166	0.00571
5	0.00561	0.00417	0.00615	0.00615	0.00680	0.00482	0.00472	0.00691	0.00626	0.00899	0.01064	0.01615	0.01012	0.09001	0.78652	0.00612	0.01001	0.00431	0.00212	0.00342
6	0.00905	0.00866	0.01490	0.30475	0.47661	0.00924	0.07055	0.03706	0.00888	0.01222	0.00734	0.01001	0.00587	0.00366	0.00395	0.00122	0.00498	0.00357	0.00194	0.00553
7	0.00922	0.13404	0.58749	0.01116	0.07515	0.00989	0.01244	0.04118	0.00882	0.06475	0.00746	0.00847	0.00542	0.00376	0.00359	0.00118	0.00528	0.00292	0.00196	0.00581
8	0.15124	0.03400	0.06461	0.00812	0.01111	0.10320	0.00698	0.33141	0.03615	0.18473	0.00958	0.00957	0.00677	0.00488	0.01945	0.00127	0.00440	0.00324	0.00342	0.00588
9	0.00566	0.00397	0.00513	0.00513	0.00542	0.00426	0.00344	0.00625	0.00595	0.00823	0.01158	0.02135	0.01238	0.51261	0.36702	0.00485	0.00661	0.00507	0.00226	0.00285
10	0.01077	0.65978	0.10656	0.00764	0.01108	0.12786	0.00765	0.01234	0.00843	0.00961	0.00570	0.00661	0.00503	0.00349	0.00278	0.00090	0.00475	0.00224	0.00172	0.00505
11	0.00816	0.11442	0.75032	0.01068	0.01620	0.00982	0.01362	0.01234	0.00824	0.01206	0.00686	0.00806	0.00497	0.00368	0.00359	0.00120	0.00562	0.00281	0.00166	0.00571
12	0.00510	0.00397	0.00463	0.00450	0.00559	0.00350	0.00336	0.00651	0.00998	0.01316	0.43978	0.05744	0.41036	0.00903	0.00464	0.00129	0.00193	0.00776	0.00398	0.00350
13	0.00595	0.00430	0.00557	0.00529	0.00629	0.00408	0.00408	0.03672	0.01117	0.01567	0.73067	0.02996	0.03457	0.00816	0.00467	0.00128	0.00210	0.08143	0.00424	0.00380
14	0.00992	0.00972	0.01571	0.02346	0.80228	0.04530	0.01184	0.01219	0.00902	0.01267	0.00732	0.00959	0.00616	0.00352	0.00387	0.00116	0.00476	0.00345	0.00194	0.00614
15	0.00770	0.05925	0.72495	0.01043	0.01559	0.00886	0.01311	0.01174	0.00819	0.01204	0.00831	0.08701	0.00691	0.00450	0.00379	0.00125	0.00539	0.00362	0.00184	0.00552
16	0.00535	0.00412	0.00490	0.00468	0.00578	0.00373	0.00352	0.00716	0.03304	0.01397	0.53800	0.03180	0.31242	0.00860	0.00461	0.00127	0.00193	0.00743	0.00407	0.00363
17	0.04772	0.01100	0.12893	0.01450	0.31093	0.05551	0.05159	0.12064	0.03994	0.06120	0.02693	0.01056	0.00730	0.00405	0.00379	0.00115	0.00458	0.01859	0.00255	0.07854
18	0.02708	0.02793	0.01079	0.00977	0.11058	0.03869	0.00706	0.23770	0.13463	0.31366	0.03335	0.01195	0.00914	0.00472	0.00389	0.00120	0.00384	0.00381	0.00390	0.00632

[dist]
# distance from previous block
# <min> <max>
0	3

# created by:
# /st0/software/busco_prod/Augustus/scripts/msa2prfl.pl ./align_prep/37925.fa
