[name]
unknown

[dist]
# distance from previous block
# <min> <max>
0	36

[block]
# block no. 0 follows, 63 sequences, length 40
# corresponding to MSA columns:
# 59-98
name=unknown_A
#
# <colnr> <probs for GDERKNQSTAVLIFYWHMCP>
#	G	D	E	R	K	N	Q	S	T	A	V	L	I	F	Y	W	H	M	C	P
0	0.02649	0.08706	0.06636	0.02636	0.04037	0.05797	0.31976	0.08766	0.05937	0.10955	0.01019	0.02308	0.00788	0.00515	0.02481	0.00146	0.01405	0.02374	0.00283	0.00586
1	0.03956	0.41374	0.08538	0.00867	0.01232	0.03506	0.06652	0.14483	0.01083	0.06318	0.00915	0.00978	0.04033	0.00427	0.00345	0.00109	0.00468	0.00319	0.00257	0.04139
2	0.01259	0.01033	0.07131	0.00955	0.03801	0.00993	0.04907	0.35147	0.12298	0.09549	0.01410	0.01446	0.07862	0.03006	0.02962	0.00153	0.00450	0.00443	0.00374	0.04820
3	0.00819	0.00751	0.00929	0.04326	0.01056	0.08914	0.10236	0.05110	0.10949	0.01253	0.01697	0.40953	0.01822	0.06647	0.00602	0.00171	0.00401	0.02582	0.00340	0.00443
4	0.01460	0.01130	0.01121	0.00918	0.01197	0.11673	0.00740	0.48157	0.07823	0.09634	0.01226	0.07029	0.00991	0.00590	0.00432	0.00132	0.00462	0.04245	0.00400	0.00640
5	0.00959	0.00801	0.00918	0.00669	0.01034	0.00659	0.00537	0.10229	0.03284	0.01527	0.00804	0.00907	0.00652	0.00341	0.00327	0.00072	0.00329	0.00270	0.00274	0.75407
6	0.08039	0.00750	0.00918	0.11796	0.03629	0.00801	0.00663	0.23427	0.02055	0.10137	0.04675	0.21819	0.02151	0.03115	0.00517	0.02293	0.00380	0.00596	0.00362	0.01877
7	0.01002	0.00946	0.01572	0.21906	0.53159	0.01000	0.04160	0.04441	0.05154	0.01371	0.00839	0.01089	0.00673	0.00400	0.00421	0.00130	0.00512	0.00384	0.00223	0.00617
8	0.00507	0.00404	0.00460	0.00497	0.00591	0.00357	0.00355	0.00602	0.00888	0.01105	0.03393	0.34688	0.48854	0.01246	0.03897	0.00175	0.00262	0.00986	0.00384	0.00351
9	0.02454	0.00558	0.00685	0.00639	0.00779	0.00545	0.00468	0.03078	0.10927	0.21443	0.07652	0.29287	0.03903	0.14705	0.00746	0.00191	0.00312	0.00745	0.00409	0.00475
10	0.04493	0.00616	0.00786	0.00876	0.11241	0.00621	0.00566	0.06828	0.08887	0.06635	0.08989	0.25638	0.09167	0.07336	0.00644	0.03744	0.00324	0.01781	0.00363	0.00464
11	0.00992	0.01134	0.02481	0.01772	0.02197	0.01063	0.81077	0.01347	0.00992	0.01347	0.00850	0.01134	0.00638	0.00354	0.00496	0.00142	0.00709	0.00496	0.00213	0.00567
12	0.00502	0.00426	0.00432	0.00431	0.00571	0.00357	0.00323	0.00612	0.00969	0.01162	0.08010	0.04002	0.78665	0.01055	0.00497	0.00141	0.00212	0.00881	0.00394	0.00357
13	0.00557	0.00421	0.00490	0.00492	0.00598	0.00372	0.00358	0.00684	0.00998	0.02498	0.29389	0.17099	0.39055	0.04388	0.00568	0.00154	0.00223	0.00879	0.00411	0.00368
14	0.00605	0.00434	0.00590	0.00610	0.00697	0.00395	0.03690	0.00712	0.00893	0.05073	0.07988	0.53170	0.19102	0.01152	0.00520	0.00160	0.00263	0.03177	0.00394	0.00376
15	0.00530	0.00385	0.00502	0.00582	0.00628	0.00358	0.00407	0.00624	0.00860	0.01138	0.08350	0.65445	0.09997	0.01249	0.00533	0.00167	0.00249	0.07251	0.00395	0.00350
16	0.00992	0.01134	0.02481	0.01772	0.02197	0.01063	0.81077	0.01347	0.00992	0.01347	0.00850	0.01134	0.00638	0.00354	0.00496	0.00142	0.00709	0.00496	0.00213	0.00567
17	0.00705	0.00497	0.00572	0.00564	0.00670	0.00494	0.00415	0.07025	0.06183	0.01431	0.17374	0.21170	0.13846	0.08427	0.00612	0.00164	0.00267	0.04374	0.14803	0.00406
18	0.00741	0.00442	0.00520	0.00500	0.00552	0.00423	0.00314	0.00779	0.00736	0.10250	0.04226	0.08083	0.07816	0.60966	0.01661	0.00331	0.00370	0.00654	0.00311	0.00325
19	0.00601	0.00447	0.00660	0.00660	0.00729	0.00517	0.00506	0.00740	0.00671	0.00964	0.01141	0.01732	0.01086	0.09166	0.77595	0.00656	0.01073	0.00462	0.00227	0.00366
20	0.00601	0.00450	0.00676	0.00676	0.00751	0.00525	0.00525	0.00751	0.00676	0.00976	0.01126	0.01651	0.01051	0.03153	0.83560	0.00676	0.01126	0.00450	0.00225	0.00375
21	0.00857	0.00558	0.00651	0.00624	0.00745	0.01540	0.00450	0.03386	0.13692	0.12420	0.06538	0.28040	0.08905	0.15776	0.00788	0.01554	0.00311	0.00760	0.01963	0.00444
22	0.01089	0.00937	0.00932	0.00825	0.01057	0.07001	0.00648	0.13564	0.48131	0.03095	0.03188	0.01887	0.11307	0.00640	0.00439	0.00139	0.00369	0.03739	0.00407	0.00606
23	0.09991	0.00691	0.00882	0.00695	0.00983	0.00623	0.00564	0.01809	0.01104	0.65910	0.01634	0.01559	0.04231	0.06735	0.00536	0.00151	0.00353	0.00436	0.00471	0.00643
24	0.04461	0.00567	0.00661	0.00631	0.00751	0.00586	0.00463	0.11973	0.05234	0.05423	0.04440	0.27253	0.08815	0.14599	0.09276	0.00244	0.00401	0.01695	0.02099	0.00428
25	0.00610	0.00459	0.00530	0.00508	0.00631	0.00419	0.00378	0.02712	0.03124	0.03016	0.34767	0.08461	0.37518	0.04308	0.00559	0.00150	0.00229	0.00813	0.00418	0.00390
26	0.00565	0.00397	0.00505	0.00568	0.00626	0.00365	0.00398	0.00655	0.00858	0.03338	0.05819	0.58058	0.15515	0.04630	0.00593	0.00174	0.00256	0.05934	0.00391	0.00355
27	0.00640	0.00431	0.00489	0.00477	0.00522	0.00422	0.00302	0.03043	0.00760	0.01021	0.08226	0.02757	0.13871	0.52660	0.01576	0.06721	0.00349	0.00629	0.04807	0.00297
28	0.08388	0.00561	0.00758	0.04186	0.06829	0.00620	0.00572	0.01902	0.04067	0.04578	0.01184	0.06714	0.01109	0.10116	0.43093	0.00438	0.00759	0.00481	0.03218	0.00424
29	0.12956	0.00546	0.00584	0.00562	0.00674	0.00565	0.00408	0.09103	0.00914	0.02539	0.05597	0.16081	0.07339	0.24086	0.00895	0.00214	0.00323	0.05399	0.10825	0.00390
30	0.00764	0.00520	0.00648	0.00621	0.00722	0.00531	0.00463	0.04120	0.13747	0.02595	0.24229	0.06024	0.06827	0.03049	0.00872	0.26396	0.00305	0.06828	0.00354	0.00384
31	0.06894	0.00763	0.00922	0.00737	0.01014	0.00749	0.00600	0.19049	0.01270	0.45119	0.01426	0.04727	0.01009	0.00645	0.03791	0.00150	0.00388	0.00431	0.09681	0.00636
32	0.01080	0.00853	0.01068	0.04731	0.16453	0.04870	0.02081	0.22119	0.05292	0.04864	0.01255	0.15020	0.02286	0.06915	0.00683	0.08613	0.00429	0.00538	0.00321	0.00527
33	0.00534	0.00389	0.00501	0.00553	0.00608	0.00358	0.00383	0.00642	0.00918	0.01236	0.23573	0.54372	0.10716	0.02470	0.00547	0.00161	0.00231	0.01042	0.00407	0.00356
34	0.06347	0.01799	0.01975	0.00741	0.00914	0.10656	0.02747	0.12448	0.01072	0.09541	0.04831	0.20004	0.01504	0.06585	0.01646	0.02309	0.00403	0.06037	0.07972	0.00469
35	0.81318	0.00871	0.03712	0.00662	0.04272	0.00947	0.00531	0.01242	0.00732	0.01844	0.00600	0.00705	0.00467	0.00390	0.00272	0.00130	0.00343	0.00237	0.00255	0.00470
36	0.00696	0.03937	0.04289	0.04142	0.00932	0.00625	0.06058	0.00836	0.02703	0.00995	0.01166	0.05150	0.03056	0.15057	0.35788	0.10661	0.02811	0.00491	0.00233	0.00375
37	0.01090	0.25562	0.11918	0.01071	0.10374	0.01151	0.04615	0.10492	0.11072	0.04682	0.07037	0.01143	0.00952	0.00456	0.00392	0.00117	0.01684	0.00365	0.00281	0.05545
38	0.04840	0.00460	0.00532	0.00510	0.00586	0.00440	0.00338	0.00707	0.00735	0.01805	0.07309	0.10299	0.08889	0.41854	0.04730	0.06252	0.00373	0.00625	0.00291	0.08428
39	0.01201	0.04971	0.16018	0.01092	0.07902	0.09495	0.02353	0.24069	0.06225	0.05571	0.01859	0.03123	0.00804	0.00679	0.06525	0.00166	0.02921	0.00382	0.00301	0.04344

[dist]
# distance from previous block
# <min> <max>
0	6

[block]
# block no. 1 follows, 63 sequences, length 8
# corresponding to MSA columns:
# 105-112
name=unknown_B
#
# <colnr> <probs for GDERKNQSTAVLIFYWHMCP>
#	G	D	E	R	K	N	Q	S	T	A	V	L	I	F	Y	W	H	M	C	P
0	0.10338	0.31076	0.12888	0.01215	0.15409	0.07272	0.07290	0.05793	0.00968	0.03150	0.00717	0.00846	0.00580	0.00388	0.00350	0.00115	0.00510	0.00301	0.00219	0.00576
1	0.00749	0.00428	0.00593	0.00582	0.00616	0.00435	0.00403	0.06078	0.00713	0.00959	0.04888	0.11200	0.01157	0.03511	0.04514	0.61805	0.00380	0.00492	0.00240	0.00257
2	0.00531	0.00402	0.00473	0.00506	0.00592	0.00358	0.00360	0.00644	0.00936	0.01226	0.17392	0.35781	0.33815	0.01106	0.00505	0.00150	0.00222	0.00968	0.03674	0.00358
3	0.00601	0.00404	0.00467	0.00479	0.00492	0.00402	0.00285	0.00625	0.00656	0.00885	0.01528	0.12616	0.04122	0.66805	0.04947	0.00372	0.00403	0.00677	0.02959	0.00277
4	0.05355	0.11314	0.01302	0.00947	0.02958	0.09716	0.02804	0.38439	0.11685	0.07850	0.01058	0.02910	0.00803	0.00496	0.00396	0.00124	0.00464	0.00379	0.00361	0.00639
5	0.00785	0.00453	0.00624	0.00587	0.00641	0.00453	0.00411	0.05910	0.00676	0.00922	0.00795	0.01301	0.00767	0.03963	0.07072	0.67061	0.00421	0.00371	0.00208	0.06579
6	0.01017	0.04331	0.38604	0.05014	0.07743	0.04277	0.07953	0.10267	0.11339	0.01492	0.00899	0.01020	0.00670	0.00438	0.00441	0.00133	0.03142	0.00360	0.00244	0.00616
7	0.00968	0.07375	0.01012	0.00803	0.00984	0.13356	0.04228	0.08395	0.02908	0.03979	0.07192	0.22872	0.02612	0.02173	0.06600	0.00176	0.05248	0.00601	0.00314	0.08204

[dist]
# distance from previous block
# <min> <max>
2	5

[block]
# block no. 2 follows, 63 sequences, length 25
# corresponding to MSA columns:
# 118-142
name=unknown_C
#
# <colnr> <probs for GDERKNQSTAVLIFYWHMCP>
#	G	D	E	R	K	N	Q	S	T	A	V	L	I	F	Y	W	H	M	C	P
0	0.12384	0.20319	0.13412	0.00888	0.01231	0.05122	0.03479	0.18410	0.12766	0.02874	0.00968	0.04690	0.00783	0.00479	0.00369	0.00124	0.00458	0.00364	0.00294	0.00588
1	0.01417	0.08812	0.01224	0.01002	0.01235	0.58411	0.00772	0.01766	0.18968	0.01187	0.00879	0.00930	0.00705	0.00457	0.00381	0.00114	0.00638	0.00312	0.00260	0.00531
2	0.05073	0.00872	0.01002	0.07874	0.01239	0.00959	0.00705	0.23159	0.28241	0.14074	0.01451	0.08470	0.01161	0.00607	0.00431	0.00140	0.00385	0.03129	0.00407	0.00624
3	0.00650	0.00509	0.00732	0.06546	0.07757	0.00523	0.01486	0.01680	0.00847	0.01143	0.08173	0.21638	0.07088	0.12785	0.16151	0.00288	0.00494	0.10806	0.00316	0.00390
4	0.74871	0.00850	0.00695	0.00609	0.00874	0.00981	0.00499	0.08061	0.06415	0.01942	0.00699	0.00772	0.00534	0.00412	0.00285	0.00131	0.00337	0.00257	0.00285	0.00492
5	0.00602	0.07566	0.00637	0.00569	0.00631	0.00462	0.00403	0.00644	0.00787	0.01025	0.04065	0.51522	0.10553	0.03712	0.00734	0.14218	0.00281	0.00920	0.00337	0.00333
6	0.01040	0.00816	0.00892	0.00783	0.01006	0.00902	0.00616	0.13840	0.45741	0.04961	0.13136	0.01940	0.07963	0.00710	0.02495	0.00152	0.00345	0.01633	0.00427	0.00602
7	0.00611	0.00521	0.00554	0.00614	0.00677	0.07384	0.00431	0.00701	0.00870	0.01097	0.04414	0.59093	0.13362	0.01252	0.03289	0.00178	0.00317	0.03905	0.00372	0.00360
8	0.00939	0.00681	0.00778	0.07700	0.00992	0.00714	0.00549	0.21392	0.05992	0.04632	0.04650	0.02373	0.22030	0.13932	0.00708	0.00177	0.00354	0.03548	0.07382	0.00478
9	0.12081	0.00543	0.00625	0.00606	0.00738	0.00540	0.00454	0.04394	0.03343	0.11323	0.10491	0.26840	0.08902	0.10346	0.00654	0.00179	0.00302	0.06826	0.00384	0.00428
10	0.00574	0.00393	0.00491	0.00557	0.00617	0.00369	0.00400	0.00689	0.00869	0.01203	0.05744	0.50190	0.11717	0.01124	0.00498	0.00157	0.00247	0.10035	0.13765	0.00358
11	0.00730	0.00365	0.00548	0.00548	0.00548	0.00365	0.00365	0.00548	0.00548	0.00730	0.00730	0.01278	0.00730	0.01460	0.01643	0.87769	0.00365	0.00365	0.00183	0.00183
12	0.00535	0.00371	0.00478	0.00561	0.00594	0.00348	0.00376	0.00614	0.00807	0.01098	0.02275	0.73064	0.05260	0.04772	0.00586	0.00175	0.00246	0.01105	0.06394	0.00342
13	0.00574	0.00410	0.00483	0.00512	0.00577	0.00381	0.00348	0.00668	0.01784	0.02174	0.08868	0.31957	0.23022	0.21317	0.00899	0.00214	0.00275	0.02246	0.02953	0.00339
14	0.01150	0.55223	0.08701	0.00815	0.01152	0.18537	0.00782	0.01307	0.00934	0.01036	0.00866	0.00942	0.06185	0.00427	0.00319	0.00101	0.00512	0.00287	0.00202	0.00523
15	0.01576	0.06875	0.01244	0.00898	0.01225	0.01171	0.00747	0.53479	0.08397	0.18313	0.01167	0.01116	0.00814	0.00503	0.00411	0.00126	0.00430	0.00385	0.00424	0.00699
16	0.00663	0.00417	0.00543	0.00567	0.00632	0.00388	0.00391	0.00764	0.00905	0.08100	0.21837	0.45887	0.02745	0.13242	0.00748	0.00192	0.00266	0.00939	0.00400	0.00374
17	0.00552	0.00413	0.00481	0.00508	0.00576	0.00383	0.00346	0.00654	0.02440	0.01109	0.10842	0.29472	0.27027	0.21163	0.00900	0.00214	0.00272	0.01944	0.00366	0.00338
18	0.00945	0.00647	0.00643	0.00583	0.00739	0.04105	0.00450	0.10856	0.15290	0.01718	0.08202	0.01599	0.01292	0.00535	0.00353	0.00113	0.00276	0.00431	0.50741	0.00483
19	0.00792	0.00516	0.00646	0.00576	0.00716	0.00490	0.00443	0.07691	0.01240	0.08606	0.63386	0.02793	0.05959	0.00795	0.00477	0.00131	0.00235	0.00691	0.03368	0.00449
20	0.00593	0.00409	0.00498	0.00538	0.00601	0.00384	0.00380	0.00690	0.00851	0.02397	0.08337	0.32682	0.16346	0.17717	0.00829	0.00206	0.00282	0.09532	0.06380	0.00345
21	0.00651	0.00422	0.00479	0.00472	0.00506	0.00408	0.00285	0.00675	0.00690	0.04618	0.01754	0.05944	0.11941	0.67397	0.01790	0.00352	0.00374	0.00660	0.00289	0.00292
22	0.00560	0.00416	0.00530	0.00588	0.00666	0.00386	0.00445	0.00687	0.00931	0.01216	0.13735	0.36381	0.20537	0.01160	0.00533	0.00165	0.00265	0.20036	0.00399	0.00363
23	0.01111	0.00890	0.00967	0.00860	0.01098	0.01006	0.00686	0.14181	0.57685	0.04146	0.01663	0.01856	0.01324	0.00629	0.00445	0.00146	0.00360	0.09882	0.00424	0.00641
24	0.00554	0.00415	0.00500	0.00502	0.00596	0.00373	0.00364	0.00681	0.01006	0.01337	0.37497	0.16873	0.29494	0.04192	0.00604	0.03162	0.00224	0.00855	0.00409	0.00361

[dist]
# distance from previous block
# <min> <max>
0	1

[block]
# block no. 3 follows, 63 sequences, length 28
# corresponding to MSA columns:
# 144-171
name=unknown_D
#
# <colnr> <probs for GDERKNQSTAVLIFYWHMCP>
#	G	D	E	R	K	N	Q	S	T	A	V	L	I	F	Y	W	H	M	C	P
0	0.00523	0.00418	0.00460	0.00465	0.00577	0.00364	0.00337	0.00636	0.00959	0.01206	0.17756	0.13396	0.53852	0.06426	0.00606	0.00161	0.00226	0.00884	0.00395	0.00354
1	0.00629	0.00503	0.00752	0.00651	0.00787	0.00463	0.08813	0.00837	0.01153	0.01611	0.68236	0.02996	0.09279	0.00821	0.00496	0.00134	0.00253	0.00742	0.00431	0.00411
2	0.70259	0.00870	0.02201	0.07641	0.01057	0.00981	0.00570	0.09571	0.00861	0.01888	0.00646	0.00757	0.00493	0.00405	0.00293	0.00131	0.00365	0.00257	0.00269	0.00486
3	0.00794	0.00747	0.01261	0.84216	0.02895	0.00934	0.01167	0.01074	0.00841	0.01074	0.00747	0.01121	0.00560	0.00420	0.00420	0.00140	0.00560	0.00374	0.00187	0.00467
4	0.01598	0.01177	0.01262	0.00967	0.01304	0.01304	0.00799	0.81202	0.01976	0.02649	0.01009	0.01009	0.00715	0.00505	0.00421	0.00126	0.00463	0.00378	0.00421	0.00715
5	0.01020	0.00978	0.01669	0.09444	0.75903	0.00993	0.01280	0.01272	0.00947	0.01348	0.00787	0.01047	0.00657	0.00378	0.00417	0.00126	0.00505	0.00374	0.00206	0.00649
6	0.00514	0.00375	0.00486	0.00573	0.00611	0.00346	0.00389	0.00594	0.00825	0.01084	0.02518	0.74659	0.11087	0.01287	0.00533	0.00168	0.00244	0.02973	0.00390	0.00344
7	0.01484	0.00628	0.00838	0.00672	0.00932	0.00547	0.00544	0.01650	0.01180	0.58091	0.19700	0.02028	0.08529	0.00641	0.00445	0.00132	0.00310	0.00536	0.00497	0.00615
8	0.00691	0.00367	0.00535	0.00550	0.00554	0.00363	0.00365	0.00556	0.00591	0.00788	0.01006	0.14644	0.01088	0.04803	0.01487	0.70328	0.00348	0.00507	0.00218	0.00211
9	0.01124	0.85479	0.02203	0.00719	0.01079	0.01663	0.00719	0.01259	0.00854	0.00989	0.00584	0.00674	0.00539	0.00360	0.00270	0.00090	0.00450	0.00225	0.00180	0.00539
10	0.00601	0.00403	0.00462	0.00472	0.00474	0.00401	0.00269	0.00609	0.00632	0.00842	0.01428	0.11332	0.01659	0.76467	0.01972	0.00383	0.00390	0.00672	0.00269	0.00264
11	0.09580	0.00742	0.00918	0.00735	0.01027	0.00707	0.00599	0.04025	0.11849	0.56932	0.07182	0.01489	0.01215	0.00538	0.00414	0.00132	0.00343	0.00434	0.00478	0.00663
12	0.00525	0.00399	0.00483	0.00522	0.00600	0.00357	0.00369	0.00635	0.00935	0.01222	0.19745	0.41796	0.28611	0.01140	0.00515	0.00153	0.00224	0.01005	0.00405	0.00357
13	0.01103	0.00932	0.00983	0.00867	0.01115	0.01073	0.00679	0.10477	0.73507	0.01852	0.01638	0.01510	0.01224	0.00563	0.00427	0.00141	0.00346	0.00465	0.00427	0.00671
14	0.00563	0.00454	0.00507	0.00514	0.00631	0.00417	0.00377	0.00769	0.07766	0.01270	0.17121	0.20798	0.45213	0.01041	0.00499	0.00146	0.00227	0.00896	0.00406	0.00385
15	0.00889	0.00872	0.01235	0.01105	0.03691	0.01196	0.00889	0.00993	0.00657	0.01019	0.00621	0.01002	0.00609	0.00984	0.10182	0.00235	0.72795	0.00377	0.00189	0.00457
16	0.09231	0.00569	0.00664	0.00575	0.00779	0.00516	0.00447	0.01222	0.01000	0.32474	0.05257	0.06398	0.30289	0.07986	0.00589	0.00160	0.00296	0.00634	0.00419	0.00494
17	0.00509	0.00416	0.00450	0.00462	0.00581	0.00357	0.00339	0.00619	0.00956	0.01180	0.11756	0.17257	0.61486	0.01086	0.00503	0.00146	0.00217	0.00925	0.00398	0.00357
18	0.01523	0.05600	0.01227	0.01040	0.01254	0.66036	0.00801	0.01635	0.01132	0.07908	0.00724	0.00824	0.00584	0.00462	0.00461	0.00116	0.07640	0.00289	0.00238	0.00507
19	0.00537	0.00389	0.00481	0.00534	0.00578	0.00361	0.00356	0.00614	0.00831	0.01098	0.10764	0.50031	0.13803	0.16625	0.00821	0.00206	0.00265	0.01000	0.00373	0.00333
20	0.02230	0.00422	0.00498	0.00519	0.00617	0.00379	0.00373	0.00696	0.00941	0.03313	0.17893	0.35007	0.30183	0.01073	0.00498	0.00149	0.00229	0.00938	0.02449	0.01593
21	0.00599	0.00437	0.00540	0.00522	0.00629	0.00401	0.00388	0.00790	0.02994	0.02676	0.54834	0.11054	0.19420	0.00927	0.00494	0.00138	0.00211	0.00810	0.01740	0.00394
22	0.00784	0.09390	0.00785	0.00584	0.00737	0.00641	0.00463	0.06651	0.07359	0.01659	0.48084	0.03663	0.02707	0.00710	0.00431	0.00123	0.00254	0.00605	0.13917	0.00453
23	0.00787	0.00465	0.00596	0.00578	0.00638	0.00483	0.00409	0.05170	0.07861	0.01110	0.03829	0.07731	0.01114	0.02832	0.02737	0.49737	0.00344	0.00462	0.12808	0.00308
24	0.00636	0.00447	0.00524	0.00539	0.00622	0.00426	0.00376	0.00802	0.06484	0.04195	0.10261	0.29394	0.20808	0.17309	0.00813	0.00200	0.00274	0.01938	0.03580	0.00372
25	0.00791	0.00640	0.00804	0.00807	0.04494	0.06682	0.00591	0.00942	0.01922	0.05374	0.03240	0.01623	0.01079	0.09312	0.52968	0.00499	0.07120	0.00448	0.00248	0.00416
26	0.01195	0.00993	0.01009	0.00868	0.01110	0.06272	0.00682	0.28837	0.38135	0.01941	0.04431	0.10089	0.01298	0.00628	0.00436	0.00137	0.00390	0.00515	0.00409	0.00627
27	0.62855	0.00829	0.00819	0.05103	0.08554	0.00950	0.00609	0.03815	0.00798	0.05007	0.00677	0.00811	0.00528	0.00466	0.01461	0.01294	0.04398	0.00273	0.00262	0.00490

[dist]
# distance from previous block
# <min> <max>
5	9

[block]
# block no. 4 follows, 63 sequences, length 35
# corresponding to MSA columns:
# 181-215
name=unknown_E
#
# <colnr> <probs for GDERKNQSTAVLIFYWHMCP>
#	G	D	E	R	K	N	Q	S	T	A	V	L	I	F	Y	W	H	M	C	P
0	0.00997	0.00765	0.08515	0.02797	0.01034	0.00648	0.03071	0.11800	0.01884	0.17164	0.03695	0.32108	0.02836	0.01026	0.07088	0.00189	0.00425	0.01977	0.00376	0.01605
1	0.00719	0.00372	0.00559	0.00559	0.00565	0.00379	0.00379	0.00565	0.00559	0.00751	0.00764	0.01310	0.00758	0.01604	0.08617	0.80354	0.00430	0.00372	0.00186	0.00199
2	0.00694	0.00377	0.00526	0.00527	0.00532	0.00375	0.00342	0.00569	0.00587	0.00783	0.02932	0.03130	0.02037	0.19594	0.01689	0.64074	0.00366	0.00449	0.00211	0.00208
3	0.03939	0.00485	0.00567	0.00561	0.00672	0.00468	0.00408	0.02094	0.05191	0.09398	0.09347	0.26079	0.14670	0.11996	0.00686	0.00180	0.00279	0.03629	0.08942	0.00408
4	0.00589	0.00421	0.00527	0.00563	0.00630	0.00396	0.00394	0.04205	0.00911	0.01203	0.13066	0.48305	0.16667	0.01189	0.00622	0.08352	0.00253	0.00969	0.00382	0.00353
5	0.00978	0.01231	0.10017	0.01718	0.02162	0.01055	0.73639	0.01345	0.00982	0.01345	0.00841	0.01111	0.00628	0.00359	0.00487	0.00141	0.00701	0.00479	0.00209	0.00572
6	0.03468	0.00448	0.00531	0.00528	0.00626	0.00418	0.00377	0.02036	0.00958	0.05395	0.24805	0.23852	0.21365	0.12425	0.00717	0.00181	0.00258	0.00840	0.00395	0.00377
7	0.04223	0.00495	0.00610	0.00583	0.00718	0.00463	0.00434	0.01043	0.03909	0.18004	0.17822	0.30024	0.10160	0.01964	0.00488	0.00147	0.00260	0.00787	0.07416	0.00449
8	0.01558	0.08355	0.01342	0.00946	0.01285	0.01334	0.00792	0.74396	0.01881	0.02508	0.00973	0.00981	0.00700	0.00492	0.00408	0.00123	0.00461	0.00365	0.00400	0.00700
9	0.04171	0.00790	0.00869	0.00718	0.00961	0.00821	0.00578	0.30602	0.06808	0.15175	0.04720	0.03012	0.14485	0.00634	0.00418	0.00129	0.00341	0.01876	0.12315	0.00577
10	0.09023	0.00552	0.00649	0.00618	0.00754	0.00547	0.00459	0.08122	0.02653	0.12118	0.14816	0.35305	0.05814	0.04386	0.00536	0.00158	0.00285	0.00794	0.01963	0.00448
11	0.00659	0.00436	0.00500	0.00500	0.00621	0.00383	0.00366	0.00772	0.00946	0.08826	0.08643	0.22840	0.43003	0.03171	0.00528	0.00151	0.00237	0.00869	0.06161	0.00388
12	0.00662	0.00478	0.00618	0.00678	0.00759	0.00474	0.00523	0.07549	0.00967	0.01274	0.02246	0.46757	0.05445	0.01184	0.00541	0.00174	0.00311	0.28579	0.00392	0.00390
13	0.00569	0.00436	0.00525	0.00527	0.00632	0.00401	0.00391	0.00752	0.03961	0.01393	0.38064	0.17781	0.28159	0.01004	0.00504	0.00145	0.00223	0.03728	0.00423	0.00383
14	0.06051	0.00601	0.00655	0.00616	0.00732	0.00636	0.00439	0.10240	0.14727	0.01383	0.07381	0.17032	0.07581	0.28893	0.01015	0.00232	0.00338	0.00673	0.00352	0.00423
15	0.00641	0.00399	0.00533	0.00601	0.00653	0.00367	0.00412	0.00722	0.00842	0.08727	0.02255	0.77140	0.02618	0.01242	0.00526	0.00167	0.00255	0.01123	0.00402	0.00376
16	0.66961	0.00902	0.00776	0.00654	0.00933	0.01031	0.00540	0.20844	0.01025	0.02073	0.00689	0.00763	0.00519	0.00418	0.00299	0.00129	0.00359	0.00265	0.00299	0.00519
17	0.00979	0.00837	0.00891	0.00806	0.01026	0.00954	0.00625	0.02026	0.70696	0.01724	0.09370	0.01826	0.05151	0.00619	0.00437	0.00142	0.00315	0.00520	0.00429	0.00626
18	0.00691	0.00410	0.00598	0.00600	0.00633	0.00434	0.00426	0.02537	0.00645	0.00882	0.01005	0.09211	0.01019	0.01936	0.26308	0.51120	0.00586	0.00469	0.00221	0.00268
19	0.01107	0.00764	0.00876	0.00785	0.00992	0.00816	0.00618	0.16478	0.28631	0.12935	0.01783	0.17027	0.03241	0.02716	0.00503	0.00155	0.00349	0.09222	0.00423	0.00576
20	0.01350	0.00981	0.01068	0.00883	0.01168	0.01088	0.00709	0.31168	0.42772	0.11932	0.01447	0.01347	0.01045	0.00540	0.00424	0.00135	0.00383	0.00433	0.00436	0.00690
21	0.00821	0.00795	0.01402	0.73405	0.04751	0.00949	0.09733	0.01108	0.00860	0.01111	0.00759	0.01120	0.00571	0.00412	0.00428	0.00140	0.00575	0.00387	0.00190	0.00483
22	0.00756	0.00448	0.00738	0.00700	0.02780	0.00442	0.07256	0.00637	0.00598	0.00802	0.00764	0.01314	0.00750	0.04458	0.01532	0.74817	0.00399	0.00386	0.00188	0.00230
23	0.00956	0.00853	0.01285	0.35486	0.21819	0.03134	0.02639	0.09310	0.00995	0.03259	0.01050	0.01309	0.05712	0.00699	0.07526	0.00181	0.02598	0.00413	0.00241	0.00535
24	0.00843	0.02174	0.83048	0.01198	0.01819	0.00976	0.01553	0.01331	0.00888	0.01331	0.00754	0.00888	0.00533	0.00399	0.00399	0.00133	0.00621	0.00311	0.00178	0.00621
25	0.00520	0.00372	0.00495	0.00580	0.00611	0.00347	0.00391	0.00605	0.00841	0.01130	0.09806	0.77299	0.02891	0.01274	0.00533	0.00167	0.00240	0.01154	0.00397	0.00347
26	0.00863	0.00797	0.01309	0.71044	0.11348	0.00961	0.01161	0.05359	0.00913	0.01190	0.00766	0.01106	0.00580	0.00420	0.00420	0.00138	0.00549	0.00374	0.00202	0.00501
27	0.01028	0.46774	0.15842	0.04590	0.04204	0.01298	0.00871	0.01346	0.09033	0.03360	0.07242	0.01049	0.00903	0.00435	0.00342	0.00111	0.00452	0.00324	0.00237	0.00561
28	0.09198	0.00972	0.07896	0.00847	0.01116	0.00981	0.00720	0.01983	0.59468	0.05323	0.01549	0.01590	0.01191	0.00568	0.00418	0.00143	0.00361	0.04654	0.00393	0.00629
29	0.00611	0.00410	0.00473	0.00473	0.00478	0.00415	0.00273	0.00621	0.00616	0.00826	0.01311	0.02677	0.01496	0.79729	0.07593	0.00426	0.00456	0.00601	0.00253	0.00263
30	0.00611	0.00408	0.00458	0.00458	0.00458	0.00408	0.00255	0.00611	0.00611	0.00815	0.01325	0.02751	0.01528	0.85226	0.02140	0.00408	0.00408	0.00611	0.00255	0.00255
31	0.08406	0.32502	0.36637	0.00916	0.01374	0.01212	0.01042	0.02538	0.04907	0.01296	0.00729	0.00827	0.00573	0.00389	0.00337	0.00114	0.00500	0.00278	0.00205	0.05218
32	0.45628	0.08197	0.07005	0.00764	0.01060	0.11821	0.03552	0.08087	0.00949	0.01679	0.05007	0.00887	0.00699	0.00425	0.00323	0.00122	0.00433	0.00291	0.00264	0.02807
33	0.03818	0.00480	0.00624	0.00662	0.00732	0.00495	0.00506	0.00781	0.00863	0.04131	0.06387	0.39314	0.07052	0.04867	0.00672	0.00181	0.07459	0.20225	0.00370	0.00380
34	0.00747	0.00700	0.07391	0.07816	0.01038	0.02555	0.02733	0.05190	0.03892	0.04019	0.23484	0.28739	0.05145	0.00959	0.03489	0.00165	0.00363	0.00764	0.00368	0.00444

[dist]
# distance from previous block
# <min> <max>
7	123

# created by:
# /st0/software/busco_prod/Augustus/scripts/msa2prfl.pl ./align_prep/37939.fa
