[name]
unknown

[dist]
# distance from previous block
# <min> <max>
0	43

[block]
# block no. 0 follows, 74 sequences, length 87
# corresponding to MSA columns:
# 43-129
name=unknown_A
#
# <colnr> <probs for GDERKNQSTAVLIFYWHMCP>
#	G	D	E	R	K	N	Q	S	T	A	V	L	I	F	Y	W	H	M	C	P
0	0.06740	0.04503	0.02604	0.00854	0.01056	0.58017	0.00671	0.02728	0.02791	0.05683	0.00861	0.01095	0.03407	0.00455	0.00346	0.00106	0.00559	0.06853	0.00231	0.00439
1	0.00824	0.00580	0.00684	0.00608	0.00739	0.03350	0.00475	0.05923	0.06068	0.14295	0.26011	0.09763	0.16645	0.00720	0.00520	0.00126	0.11303	0.00585	0.00356	0.00424
2	0.00570	0.00432	0.00528	0.00557	0.00644	0.00419	0.00415	0.03662	0.07485	0.01092	0.02898	0.42718	0.12504	0.04384	0.00510	0.00151	0.00256	0.15488	0.00337	0.04948
3	0.00509	0.00379	0.00474	0.00450	0.00545	0.00343	0.00338	0.00670	0.01013	0.01399	0.69603	0.02920	0.18399	0.00792	0.00438	0.00118	0.00177	0.00692	0.00397	0.00343
4	0.00913	0.00876	0.01496	0.04588	0.82377	0.00880	0.01136	0.01134	0.00842	0.01205	0.00697	0.00921	0.00585	0.00332	0.00368	0.00111	0.00442	0.00331	0.00183	0.00583
5	0.00452	0.00325	0.00429	0.00512	0.00537	0.00302	0.00343	0.00517	0.00715	0.00949	0.02101	0.84041	0.05092	0.01156	0.00473	0.00150	0.00214	0.01046	0.00345	0.00302
6	0.00452	0.00377	0.00395	0.00390	0.00510	0.00319	0.00293	0.00559	0.00878	0.01078	0.16252	0.03448	0.71950	0.00912	0.00439	0.00124	0.00186	0.00766	0.00355	0.00319
7	0.00518	0.00379	0.00487	0.00460	0.00550	0.00347	0.00345	0.00687	0.01034	0.01449	0.77956	0.02837	0.10015	0.00773	0.00438	0.00117	0.00176	0.00680	0.00403	0.00347
8	0.58174	0.03324	0.06182	0.00616	0.00872	0.12928	0.00533	0.02039	0.00757	0.08861	0.00625	0.00689	0.00471	0.00359	0.00268	0.00110	0.00365	0.00228	0.00239	0.02360
9	0.01665	0.00632	0.00861	0.00660	0.00948	0.00546	0.00546	0.01809	0.01062	0.84897	0.01464	0.01263	0.00919	0.00459	0.00373	0.00115	0.00316	0.00373	0.00459	0.00632
10	0.79536	0.00727	0.00579	0.00518	0.00746	0.00843	0.00423	0.01191	0.10071	0.01653	0.00629	0.00692	0.00485	0.00363	0.00246	0.00116	0.00288	0.00226	0.00246	0.00423
11	0.00926	0.00945	0.01866	0.01746	0.29878	0.00910	0.49495	0.02575	0.02841	0.03915	0.00776	0.00989	0.00598	0.00330	0.00410	0.00120	0.00542	0.00397	0.00203	0.00539
12	0.01665	0.00632	0.00861	0.00660	0.00948	0.00546	0.00546	0.01809	0.01062	0.84897	0.01464	0.01263	0.00919	0.00459	0.00373	0.00115	0.00316	0.00373	0.00459	0.00632
13	0.01528	0.00689	0.00896	0.00738	0.03654	0.00646	0.00581	0.07338	0.11857	0.65800	0.01407	0.01243	0.00916	0.00460	0.00374	0.00116	0.00323	0.00375	0.00434	0.00625
14	0.00818	0.00658	0.00775	0.00556	0.00883	0.00498	0.00446	0.00982	0.00786	0.05767	0.00704	0.00797	0.00570	0.00285	0.00280	0.00058	0.00277	0.00228	0.00233	0.84400
15	0.01289	0.00855	0.01026	0.00815	0.01087	0.00910	0.05564	0.31498	0.27790	0.23237	0.01228	0.01151	0.00861	0.00460	0.00378	0.00118	0.00361	0.00378	0.00385	0.00610
16	0.00770	0.00660	0.00770	0.00550	0.00880	0.00495	0.00440	0.00935	0.00770	0.01210	0.00660	0.00770	0.00550	0.00275	0.00275	0.00055	0.00275	0.00220	0.00220	0.89224
17	0.00770	0.00660	0.00770	0.00550	0.00880	0.00495	0.00440	0.00935	0.00770	0.01210	0.00660	0.00770	0.00550	0.00275	0.00275	0.00055	0.00275	0.00220	0.00220	0.89224
18	0.00516	0.00379	0.00483	0.00457	0.00549	0.00346	0.00343	0.00681	0.01028	0.01433	0.75306	0.02863	0.12675	0.00779	0.00438	0.00118	0.00177	0.00684	0.00401	0.00346
19	0.89577	0.00718	0.00546	0.00488	0.00718	0.00833	0.00402	0.01091	0.00632	0.01665	0.00517	0.00603	0.00402	0.00345	0.00230	0.00115	0.00287	0.00201	0.00230	0.00402
20	0.00770	0.00660	0.00770	0.00550	0.00880	0.00495	0.00440	0.00935	0.00770	0.01210	0.00660	0.00770	0.00550	0.00275	0.00275	0.00055	0.00275	0.00220	0.00220	0.89224
21	0.01629	0.00624	0.00850	0.00654	0.00935	0.00539	0.00539	0.01773	0.01062	0.82216	0.04131	0.01312	0.01002	0.00469	0.00375	0.00115	0.00311	0.00383	0.00458	0.00623
22	0.00452	0.00323	0.00431	0.00517	0.00538	0.00301	0.00345	0.00517	0.00711	0.00948	0.02046	0.86713	0.02455	0.01163	0.00474	0.00151	0.00215	0.01055	0.00345	0.00301
23	0.89577	0.00718	0.00546	0.00488	0.00718	0.00833	0.00402	0.01091	0.00632	0.01665	0.00517	0.00603	0.00402	0.00345	0.00230	0.00115	0.00287	0.00201	0.00230	0.00402
24	0.01411	0.01040	0.01114	0.00854	0.01151	0.01151	0.00706	0.83402	0.01745	0.02339	0.00891	0.00891	0.00631	0.00446	0.00371	0.00111	0.00408	0.00334	0.00371	0.00631
25	0.00919	0.00882	0.01507	0.02278	0.84640	0.00882	0.01139	0.01139	0.00845	0.01213	0.00698	0.00919	0.00588	0.00331	0.00367	0.00110	0.00441	0.00331	0.00184	0.00588
26	0.89577	0.00718	0.00546	0.00488	0.00718	0.00833	0.00402	0.01091	0.00632	0.01665	0.00517	0.00603	0.00402	0.00345	0.00230	0.00115	0.00287	0.00201	0.00230	0.00402
27	0.00500	0.00378	0.00461	0.00441	0.00539	0.00340	0.00331	0.00652	0.00992	0.01348	0.61151	0.03003	0.26882	0.00811	0.00438	0.00119	0.00179	0.00704	0.00390	0.00340
28	0.00919	0.00882	0.01507	0.02278	0.84640	0.00882	0.01139	0.01139	0.00845	0.01213	0.00698	0.00919	0.00588	0.00331	0.00367	0.00110	0.00441	0.00331	0.00184	0.00588
29	0.01665	0.00632	0.00861	0.00660	0.00948	0.00546	0.00546	0.01809	0.01062	0.84897	0.01464	0.01263	0.00919	0.00459	0.00373	0.00115	0.00316	0.00373	0.00459	0.00632
30	0.00461	0.00383	0.00407	0.00419	0.00539	0.00329	0.00326	0.00566	0.00847	0.01018	0.03510	0.03658	0.72990	0.00952	0.00449	0.00132	0.00209	0.12144	0.00344	0.00317
31	0.00992	0.87178	0.01945	0.00635	0.00953	0.01469	0.00635	0.01111	0.00754	0.00873	0.00516	0.00595	0.00476	0.00318	0.00238	0.00079	0.00397	0.00198	0.00159	0.00476
32	0.00540	0.00360	0.00405	0.00405	0.00405	0.00360	0.00225	0.00540	0.00540	0.00720	0.01170	0.02429	0.01349	0.86955	0.01889	0.00360	0.00360	0.00540	0.00225	0.00225
33	0.00692	0.00346	0.00346	0.00346	0.00432	0.00346	0.00259	0.00865	0.00778	0.01384	0.01211	0.01384	0.00951	0.00432	0.00259	0.00086	0.00173	0.00346	0.89016	0.00346
34	0.00919	0.00882	0.01507	0.02278	0.84640	0.00882	0.01139	0.01139	0.00845	0.01213	0.00698	0.00919	0.00588	0.00331	0.00367	0.00110	0.00441	0.00331	0.00184	0.00588
35	0.00754	0.04260	0.81193	0.01056	0.01595	0.00880	0.02876	0.01174	0.00785	0.01167	0.00664	0.00783	0.00472	0.00351	0.00351	0.00117	0.00546	0.00275	0.00157	0.00546
36	0.00540	0.00360	0.00405	0.00405	0.00405	0.00360	0.00225	0.00540	0.00540	0.00720	0.01170	0.02429	0.01349	0.86955	0.01889	0.00360	0.00360	0.00540	0.00225	0.00225
37	0.01387	0.01769	0.01052	0.00956	0.01148	0.85465	0.00717	0.01482	0.01052	0.00908	0.00574	0.00669	0.00478	0.00383	0.00335	0.00096	0.00669	0.00239	0.00191	0.00430
38	0.01665	0.00632	0.00861	0.00660	0.00948	0.00546	0.00546	0.01809	0.01062	0.84897	0.01464	0.01263	0.00919	0.00459	0.00373	0.00115	0.00316	0.00373	0.00459	0.00632
39	0.00694	0.00642	0.01068	0.71237	0.07357	0.00774	0.00960	0.00932	0.00783	0.01026	0.10152	0.01187	0.00841	0.00413	0.00378	0.00122	0.00455	0.00369	0.00194	0.00416
40	0.00968	0.00820	0.00865	0.00764	0.00982	0.00944	0.00598	0.09447	0.76421	0.01625	0.01454	0.01340	0.01087	0.00498	0.00377	0.00125	0.00304	0.00412	0.00377	0.00592
41	0.05550	0.00751	0.02494	0.00719	0.01012	0.00697	0.02375	0.18421	0.01173	0.60903	0.01274	0.01143	0.00821	0.00446	0.00367	0.00114	0.00344	0.00357	0.00420	0.00617
42	0.01873	0.00994	0.01019	0.00847	0.01021	0.18600	0.04055	0.16397	0.02822	0.02812	0.00989	0.01127	0.08807	0.00522	0.00609	0.00120	0.25391	0.01235	0.00246	0.10515
43	0.00526	0.00386	0.00554	0.00560	0.00613	0.00436	0.00417	0.00633	0.00596	0.00845	0.01098	0.07735	0.01105	0.16098	0.66041	0.00527	0.00837	0.00468	0.00213	0.00312
44	0.00942	0.01039	0.09459	0.01158	0.06608	0.11600	0.29390	0.04192	0.09757	0.05818	0.01087	0.05721	0.03171	0.00481	0.00415	0.00124	0.01302	0.06991	0.00251	0.00494
45	0.02146	0.03455	0.02112	0.00587	0.00904	0.00549	0.02208	0.01012	0.01951	0.06630	0.04482	0.00897	0.00709	0.00316	0.00293	0.00067	0.00289	0.00257	0.00243	0.70893
46	0.66393	0.16671	0.00839	0.00544	0.00791	0.05074	0.00465	0.02305	0.00693	0.01486	0.00527	0.00611	0.00425	0.00342	0.00239	0.00106	0.00328	0.00205	0.00217	0.01739
47	0.00671	0.00546	0.00615	0.00571	0.00712	0.00574	0.00436	0.01184	0.34372	0.01432	0.37588	0.04303	0.14121	0.00692	0.00415	0.00122	0.00226	0.00595	0.00386	0.00439
48	0.00770	0.00660	0.00770	0.00550	0.00880	0.00495	0.00440	0.00935	0.00770	0.01210	0.00660	0.00770	0.00550	0.00275	0.00275	0.00055	0.00275	0.00220	0.00220	0.89224
49	0.00458	0.00376	0.00397	0.00392	0.00510	0.00320	0.00294	0.00567	0.00881	0.01094	0.17945	0.03399	0.68969	0.00901	0.00436	0.00123	0.00186	0.00757	0.01677	0.00320
50	0.00785	0.00669	0.00778	0.00557	0.00886	0.00510	0.00446	0.02875	0.00793	0.01236	0.00665	0.00773	0.00552	0.00279	0.00277	0.00056	0.00278	0.00223	0.00223	0.87140
51	0.00639	0.00405	0.00501	0.00466	0.00569	0.00385	0.00353	0.00850	0.04620	0.06040	0.59436	0.02348	0.02741	0.00665	0.00396	0.00111	0.00188	0.00578	0.18334	0.00375
52	0.00661	0.00500	0.00721	0.00897	0.17963	0.00488	0.00543	0.04508	0.00848	0.04815	0.12472	0.40954	0.05377	0.00942	0.04597	0.00156	0.00310	0.02529	0.00319	0.00399
53	0.00456	0.00365	0.00408	0.00421	0.00518	0.00317	0.00307	0.00557	0.00851	0.01071	0.16720	0.21307	0.53481	0.00958	0.00446	0.00129	0.00192	0.00823	0.00355	0.00317
54	0.00882	0.00795	0.00959	0.00983	0.12964	0.03626	0.04864	0.01614	0.54489	0.01387	0.02476	0.04437	0.04877	0.00538	0.00420	0.03049	0.00336	0.00441	0.00325	0.00538
55	0.00481	0.00378	0.00434	0.00420	0.00527	0.00331	0.00315	0.00614	0.00945	0.01238	0.42810	0.03185	0.45293	0.00852	0.00438	0.00121	0.00182	0.00729	0.00376	0.00331
56	0.00902	0.00881	0.01427	0.15473	0.68484	0.04094	0.01106	0.01122	0.00837	0.01159	0.00687	0.00920	0.00569	0.00339	0.00367	0.00112	0.00458	0.00327	0.00181	0.00554
57	0.02163	0.03092	0.05272	0.00580	0.00919	0.00547	0.00495	0.00966	0.00772	0.02274	0.00664	0.00769	0.00546	0.00284	0.00279	0.00061	0.00293	0.00224	0.00218	0.79583
58	0.01002	0.85053	0.01923	0.00643	0.00958	0.03559	0.00637	0.01121	0.00762	0.00874	0.00517	0.00597	0.00476	0.00319	0.00241	0.00080	0.00404	0.00199	0.00160	0.00475
59	0.00701	0.00660	0.01113	0.86063	0.02556	0.00825	0.01031	0.00948	0.00742	0.00948	0.00660	0.00990	0.00495	0.00371	0.00371	0.00124	0.00495	0.00330	0.00165	0.00412
60	0.01214	0.00942	0.01003	0.00814	0.01076	0.01059	0.00658	0.50431	0.35038	0.02021	0.01142	0.01091	0.00834	0.00469	0.00374	0.00117	0.00362	0.00369	0.00374	0.00614
61	0.00539	0.00365	0.00428	0.00428	0.00437	0.00373	0.00254	0.00555	0.00547	0.00737	0.01148	0.02309	0.01298	0.76578	0.12195	0.00389	0.00438	0.00522	0.00222	0.00238
62	0.01113	0.00893	0.01019	0.00887	0.04624	0.04005	0.04498	0.25303	0.39252	0.07282	0.03484	0.01190	0.00945	0.00475	0.00406	0.00120	0.03185	0.00386	0.00351	0.00581
63	0.00540	0.00361	0.00410	0.00410	0.00412	0.00363	0.00232	0.00543	0.00541	0.00724	0.01165	0.02402	0.01338	0.84628	0.04200	0.00366	0.00377	0.00536	0.00224	0.00228
64	0.00806	0.09135	0.62664	0.01134	0.10903	0.02299	0.01225	0.01166	0.00803	0.02565	0.02264	0.00878	0.00574	0.00367	0.00348	0.00114	0.00511	0.01529	0.00173	0.00539
65	0.00549	0.00410	0.00516	0.00565	0.00645	0.00399	0.00447	0.00718	0.05408	0.01062	0.04921	0.20355	0.18129	0.07909	0.00591	0.00169	0.00280	0.36256	0.00338	0.00333
66	0.00927	0.00872	0.01426	0.05097	0.72241	0.00892	0.01077	0.03902	0.07555	0.01268	0.00769	0.00958	0.00630	0.00350	0.00369	0.00112	0.00430	0.00338	0.00205	0.00583
67	0.01378	0.01043	0.01094	0.00850	0.01138	0.03412	0.00698	0.75709	0.07262	0.02248	0.00924	0.00918	0.00661	0.00448	0.00371	0.00112	0.00408	0.00337	0.00367	0.00623
68	0.00770	0.00660	0.00770	0.00550	0.00880	0.00495	0.00440	0.00935	0.00770	0.01210	0.00660	0.00770	0.00550	0.00275	0.00275	0.00055	0.00275	0.00220	0.00220	0.89224
69	0.00841	0.00743	0.00872	0.00650	0.00952	0.03634	0.04202	0.06557	0.04977	0.01290	0.03148	0.00875	0.00666	0.00328	0.00326	0.00072	0.02663	0.00264	0.00239	0.66700
70	0.00909	0.00782	0.00827	0.00745	0.00951	0.00903	0.00579	0.01927	0.81002	0.01550	0.04478	0.01435	0.01218	0.00513	0.00380	0.00126	0.00290	0.00429	0.00379	0.00579
71	0.45074	0.00802	0.00770	0.00632	0.00884	0.00887	0.00518	0.26948	0.04726	0.10106	0.03498	0.00866	0.00660	0.00407	0.00302	0.00113	0.00324	0.00285	0.00309	0.01888
72	0.00589	0.00374	0.00538	0.00533	0.00559	0.00411	0.00380	0.00576	0.00539	0.00750	0.00856	0.01442	0.00856	0.14586	0.34716	0.38062	0.03417	0.00385	0.00186	0.00246
73	0.00459	0.00328	0.00439	0.00525	0.00549	0.00307	0.00357	0.00529	0.00717	0.00955	0.02042	0.82797	0.02440	0.01156	0.00476	0.00152	0.00221	0.04903	0.00344	0.00303
74	0.00452	0.00329	0.00426	0.00502	0.00535	0.00303	0.00339	0.00521	0.00729	0.00961	0.03492	0.77282	0.10492	0.01135	0.00470	0.00148	0.00212	0.01023	0.00346	0.00303
75	0.00518	0.00376	0.00513	0.00611	0.03337	0.00362	0.00433	0.00616	0.00752	0.00999	0.04185	0.51139	0.02242	0.08077	0.00596	0.00171	0.00270	0.24154	0.00331	0.00317
76	0.00867	0.00879	0.02604	0.17651	0.51000	0.00883	0.18403	0.01115	0.00832	0.01158	0.00702	0.00948	0.00564	0.00335	0.00383	0.00116	0.00491	0.00352	0.00181	0.00537
77	0.01503	0.00621	0.00817	0.00639	0.00902	0.00553	0.00523	0.06422	0.01077	0.69201	0.04427	0.02844	0.04817	0.00502	0.00376	0.00115	0.00304	0.00411	0.03354	0.00592
78	0.01212	0.00538	0.00710	0.00608	0.00807	0.00482	0.00476	0.01377	0.05244	0.51916	0.01761	0.25831	0.06011	0.00690	0.00406	0.00126	0.00279	0.00593	0.00416	0.00517
79	0.65533	0.03111	0.00775	0.00684	0.04588	0.10265	0.04373	0.02021	0.00728	0.04259	0.00577	0.00668	0.00448	0.00351	0.00264	0.00112	0.00357	0.00229	0.00229	0.00430
80	0.00702	0.00521	0.00709	0.00804	0.14299	0.01847	0.02878	0.00837	0.00883	0.10607	0.14543	0.16343	0.30366	0.00771	0.00425	0.00125	0.00270	0.02330	0.00334	0.00405
81	0.00894	0.10875	0.45307	0.01152	0.14932	0.00928	0.02007	0.07829	0.03010	0.04249	0.00724	0.00828	0.00541	0.00356	0.00342	0.00109	0.00476	0.00286	0.00199	0.04956
82	0.00927	0.00889	0.01561	0.02184	0.75385	0.00882	0.08964	0.01155	0.00852	0.02577	0.00716	0.00932	0.00591	0.00331	0.00374	0.00112	0.00457	0.00342	0.00189	0.00580
83	0.81339	0.00687	0.00533	0.00479	0.00698	0.00790	0.00392	0.01082	0.00649	0.02675	0.00584	0.00674	0.00453	0.00353	0.00234	0.00113	0.00278	0.00215	0.07372	0.00400
84	0.03879	0.00762	0.00961	0.00805	0.02356	0.00827	0.02808	0.22297	0.07769	0.27055	0.01147	0.02663	0.00892	0.00553	0.00532	0.01595	0.13700	0.07517	0.01341	0.00540
85	0.49478	0.15689	0.02105	0.00571	0.00839	0.00897	0.00497	0.05708	0.00789	0.13981	0.00690	0.00729	0.00515	0.00358	0.00265	0.00105	0.00320	0.00236	0.00258	0.05969
86	0.02139	0.03340	0.06565	0.05411	0.30205	0.04421	0.19347	0.06927	0.07202	0.01300	0.07346	0.01129	0.02176	0.00396	0.00383	0.00115	0.00459	0.00383	0.00230	0.00526

[dist]
# distance from previous block
# <min> <max>
4	20

[block]
# block no. 1 follows, 74 sequences, length 46
# corresponding to MSA columns:
# 150-195
name=unknown_B
#
# <colnr> <probs for GDERKNQSTAVLIFYWHMCP>
#	G	D	E	R	K	N	Q	S	T	A	V	L	I	F	Y	W	H	M	C	P
0	0.75226	0.00733	0.02317	0.00521	0.00761	0.00800	0.00439	0.03074	0.00706	0.09211	0.00705	0.00756	0.02791	0.00374	0.00254	0.00115	0.00295	0.00237	0.00256	0.00429
1	0.00829	0.01381	0.42031	0.03515	0.05594	0.00895	0.14966	0.02611	0.21858	0.01286	0.00899	0.00987	0.00662	0.00385	0.00375	0.00121	0.00488	0.00344	0.00223	0.00550
2	0.00464	0.00355	0.00426	0.00454	0.00529	0.00317	0.00323	0.00565	0.00838	0.01092	0.21632	0.37050	0.32640	0.00989	0.00453	0.00134	0.00196	0.00868	0.00359	0.00317
3	0.01411	0.01040	0.01114	0.00854	0.01151	0.01151	0.00706	0.83402	0.01745	0.02339	0.00891	0.00891	0.00631	0.00446	0.00371	0.00111	0.00408	0.00334	0.00371	0.00631
4	0.00459	0.00329	0.00443	0.00520	0.00546	0.00313	0.00352	0.00532	0.00717	0.00963	0.05012	0.78771	0.02406	0.01240	0.05318	0.00175	0.00258	0.01004	0.00339	0.00305
5	0.00919	0.00882	0.01507	0.02278	0.84640	0.00882	0.01139	0.01139	0.00845	0.01213	0.00698	0.00919	0.00588	0.00331	0.00367	0.00110	0.00441	0.00331	0.00184	0.00588
6	0.00812	0.00812	0.01137	0.00975	0.00975	0.01137	0.00812	0.00893	0.00568	0.00893	0.00487	0.00812	0.00487	0.00650	0.01218	0.00162	0.86276	0.00325	0.00162	0.00406
7	0.00488	0.00378	0.00445	0.00428	0.00532	0.00334	0.00321	0.00628	0.00963	0.01280	0.49801	0.03116	0.38275	0.00837	0.00438	0.00120	0.00181	0.00719	0.00381	0.00334
8	0.00542	0.00390	0.00585	0.00585	0.00644	0.00449	0.00449	0.00644	0.00585	0.00839	0.00957	0.01423	0.00898	0.02626	0.76621	0.09942	0.00923	0.00390	0.00195	0.00313
9	0.00765	0.01892	0.83180	0.01049	0.01592	0.00855	0.01353	0.01189	0.00790	0.03017	0.00684	0.00794	0.00480	0.00355	0.00353	0.00117	0.00543	0.00276	0.00163	0.00550
10	0.00441	0.00374	0.00380	0.00382	0.00503	0.00314	0.00285	0.00535	0.00846	0.01010	0.05185	0.06065	0.80533	0.00943	0.00440	0.00126	0.00189	0.00790	0.00346	0.00314
11	0.01665	0.00632	0.00861	0.00660	0.00948	0.00546	0.00546	0.01809	0.01062	0.84897	0.01464	0.01263	0.00919	0.00459	0.00373	0.00115	0.00316	0.00373	0.00459	0.00632
12	0.00912	0.00881	0.01469	0.03075	0.76620	0.02117	0.02907	0.01152	0.03091	0.01208	0.00748	0.02784	0.00640	0.00354	0.00371	0.00112	0.00440	0.00350	0.00192	0.00576
13	0.00443	0.00376	0.00382	0.00381	0.00504	0.00315	0.00285	0.00541	0.00856	0.01027	0.07776	0.03532	0.80459	0.00931	0.00439	0.00125	0.00187	0.00778	0.00348	0.00315
14	0.00919	0.00882	0.01507	0.02278	0.84640	0.00882	0.01139	0.01139	0.00845	0.01213	0.00698	0.00919	0.00588	0.00331	0.00367	0.00110	0.00441	0.00331	0.00184	0.00588
15	0.00928	0.00891	0.01577	0.02161	0.73048	0.00882	0.11035	0.01158	0.00853	0.02828	0.00719	0.00935	0.00591	0.00331	0.00376	0.00112	0.00461	0.00344	0.00190	0.00578
16	0.03937	0.00821	0.00930	0.00887	0.07475	0.02477	0.02375	0.09958	0.54957	0.05707	0.01340	0.01385	0.01031	0.00497	0.00378	0.00124	0.00334	0.04465	0.00352	0.00571
17	0.00992	0.87178	0.01945	0.00635	0.00953	0.01469	0.00635	0.01111	0.00754	0.00873	0.00516	0.00595	0.00476	0.00318	0.00238	0.00079	0.00397	0.00198	0.00159	0.00476
18	0.16767	0.20340	0.27699	0.00819	0.01180	0.01000	0.05797	0.10527	0.04003	0.02472	0.00708	0.01827	0.00561	0.02488	0.00351	0.00114	0.00430	0.00283	0.00214	0.02421
19	0.00769	0.00714	0.01114	0.57396	0.08534	0.03810	0.05526	0.01041	0.05155	0.02630	0.00874	0.02635	0.02968	0.00415	0.00375	0.00121	0.00462	0.01454	0.03570	0.00437
20	0.00771	0.00753	0.01055	0.00921	0.00928	0.01037	0.00761	0.00856	0.00584	0.00899	0.00635	0.05724	0.00658	0.00808	0.05964	0.00187	0.74747	0.02138	0.00179	0.00395
21	0.01157	0.00873	0.05335	0.02994	0.39384	0.01662	0.02909	0.09684	0.04446	0.24405	0.02805	0.01065	0.00761	0.00396	0.00372	0.00113	0.00404	0.00353	0.00290	0.00590
22	0.05265	0.23056	0.05794	0.00819	0.04165	0.19597	0.00680	0.12966	0.04624	0.03354	0.00882	0.07742	0.01586	0.00525	0.02145	0.00118	0.02554	0.03407	0.00242	0.00477
23	0.00559	0.00400	0.00562	0.00572	0.01965	0.00369	0.03859	0.00680	0.00857	0.05001	0.26982	0.41500	0.10690	0.00933	0.00453	0.00135	0.00230	0.03546	0.00360	0.00347
24	0.04161	0.28716	0.30871	0.00790	0.01178	0.02991	0.00859	0.06204	0.00831	0.02043	0.00629	0.00724	0.00499	0.00339	0.00312	0.00094	0.01799	0.00242	0.00189	0.16527
25	0.00516	0.00372	0.00501	0.00582	0.00633	0.00360	0.00445	0.00638	0.02136	0.01021	0.02034	0.52364	0.03638	0.01096	0.00487	0.00158	0.00265	0.32092	0.00344	0.00322
26	0.00801	0.01396	0.43618	0.02902	0.23201	0.01708	0.12748	0.01135	0.00823	0.01184	0.02731	0.01003	0.02264	0.00372	0.00374	0.00117	0.00510	0.01532	0.00182	0.01400
27	0.24921	0.06128	0.02660	0.00774	0.02626	0.07550	0.07133	0.15578	0.01008	0.22261	0.02915	0.00940	0.00689	0.00467	0.02693	0.00125	0.00404	0.00309	0.00302	0.00517
28	0.00445	0.00376	0.00385	0.00382	0.00505	0.00316	0.00287	0.00545	0.00861	0.01037	0.09473	0.03516	0.78754	0.00927	0.00439	0.00125	0.00187	0.00775	0.00349	0.00316
29	0.00666	0.00388	0.00459	0.00430	0.00532	0.00370	0.00326	0.02006	0.00944	0.05837	0.42643	0.02100	0.03709	0.00605	0.00359	0.00104	0.00185	0.00517	0.37453	0.00367
30	0.19777	0.00815	0.01226	0.12786	0.52946	0.00865	0.00948	0.01135	0.03858	0.01287	0.00685	0.00878	0.00556	0.00345	0.00339	0.00114	0.00410	0.00306	0.00198	0.00525
31	0.04095	0.01020	0.01038	0.00814	0.01091	0.07917	0.00665	0.61720	0.02434	0.11042	0.02683	0.00956	0.00713	0.00446	0.00364	0.00111	0.00407	0.00335	0.01553	0.00598
32	0.00514	0.00390	0.00462	0.00444	0.00549	0.00351	0.00333	0.00676	0.02954	0.02297	0.48975	0.05550	0.33490	0.00829	0.00437	0.00121	0.00186	0.00715	0.00383	0.00344
33	0.00537	0.00385	0.00429	0.00420	0.00537	0.00334	0.00314	0.00650	0.00881	0.05887	0.18253	0.10455	0.53782	0.00875	0.00430	0.00124	0.00195	0.00743	0.04430	0.00339
34	0.41761	0.00865	0.03128	0.00660	0.00919	0.03578	0.00553	0.27936	0.01067	0.12050	0.00814	0.03755	0.00615	0.00421	0.00309	0.00114	0.00347	0.00298	0.00305	0.00506
35	0.00778	0.00638	0.00710	0.00644	0.00808	0.00703	0.00497	0.03382	0.49335	0.01546	0.34206	0.01921	0.02056	0.00603	0.00401	0.00122	0.00250	0.00517	0.00390	0.00495
36	0.01665	0.00632	0.00861	0.00660	0.00948	0.00546	0.00546	0.01809	0.01062	0.84897	0.01464	0.01263	0.00919	0.00459	0.00373	0.00115	0.00316	0.00373	0.00459	0.00632
37	0.00889	0.02793	0.09184	0.06871	0.61041	0.03129	0.02377	0.01154	0.04077	0.01183	0.00759	0.03504	0.00643	0.00368	0.00367	0.00113	0.00450	0.00347	0.00192	0.00557
38	0.03779	0.00922	0.02530	0.00806	0.01085	0.00972	0.03318	0.52514	0.09424	0.13418	0.04911	0.01080	0.00847	0.00459	0.00371	0.00114	0.00375	0.00362	0.02117	0.00596
39	0.00573	0.00401	0.00530	0.00568	0.00656	0.00384	0.00465	0.00728	0.00894	0.02670	0.24198	0.10920	0.10194	0.00925	0.00470	0.00146	0.00264	0.40814	0.03856	0.00343
40	0.89577	0.00718	0.00546	0.00488	0.00718	0.00833	0.00402	0.01091	0.00632	0.01665	0.00517	0.00603	0.00402	0.00345	0.00230	0.00115	0.00287	0.00201	0.00230	0.00402
41	0.00462	0.00377	0.00409	0.00401	0.00516	0.00323	0.00301	0.00578	0.00902	0.01135	0.25758	0.03354	0.62409	0.00891	0.00438	0.00123	0.00184	0.00753	0.00362	0.00323
42	0.00986	0.06827	0.18095	0.03918	0.33290	0.13815	0.03716	0.03820	0.03099	0.04252	0.00731	0.02074	0.00589	0.00376	0.00379	0.00111	0.02873	0.00314	0.00200	0.00535
43	0.00511	0.00379	0.00477	0.00452	0.00546	0.00344	0.00339	0.00674	0.01018	0.01411	0.71502	0.02901	0.16493	0.00788	0.00438	0.00118	0.00177	0.00689	0.00398	0.00344
44	0.00537	0.00438	0.03066	0.00514	0.01776	0.00379	0.00395	0.00726	0.02191	0.01430	0.71825	0.05090	0.07618	0.00762	0.00435	0.00119	0.00196	0.01752	0.00391	0.00359
45	0.00794	0.00727	0.04922	0.09726	0.04077	0.03113	0.00578	0.00974	0.00807	0.05144	0.05842	0.04321	0.02686	0.00385	0.00330	0.00081	0.01231	0.00319	0.00239	0.53704

[dist]
# distance from previous block
# <min> <max>
0	0

# created by:
# /st0/software/busco_prod/Augustus/scripts/msa2prfl.pl ./align_prep/38028.fa
