[name]
unknown

[dist]
# distance from previous block
# <min> <max>
3	177

[block]
# block no. 0 follows, 61 sequences, length 12
# corresponding to MSA columns:
# 214-225
name=unknown_A
#
# <colnr> <probs for GDERKNQSTAVLIFYWHMCP>
#	G	D	E	R	K	N	Q	S	T	A	V	L	I	F	Y	W	H	M	C	P
0	0.00675	0.00469	0.00571	0.00543	0.00640	0.00449	0.00395	0.03163	0.01059	0.03560	0.41955	0.09159	0.13718	0.14018	0.00776	0.00183	0.01908	0.00755	0.05612	0.00393
1	0.01095	0.01073	0.01162	0.11649	0.12810	0.13704	0.00861	0.03702	0.35453	0.01477	0.01378	0.01430	0.05548	0.00554	0.00498	0.00140	0.06105	0.00441	0.00323	0.00597
2	0.00529	0.00428	0.00467	0.00483	0.00600	0.00370	0.00355	0.00640	0.00965	0.01194	0.10322	0.17332	0.57759	0.03612	0.00568	0.00159	0.00233	0.03219	0.00402	0.00363
3	0.00543	0.00391	0.00512	0.00602	0.00640	0.00366	0.00416	0.00628	0.00841	0.01109	0.02440	0.69534	0.07363	0.04712	0.00618	0.00185	0.00268	0.08086	0.00394	0.00351
4	0.01193	0.00566	0.00726	0.00637	0.00844	0.00497	0.00503	0.01338	0.01086	0.38463	0.07534	0.14555	0.20482	0.00842	0.00477	0.00145	0.00299	0.05258	0.04019	0.00537
5	0.01152	0.85121	0.02257	0.00737	0.01106	0.01704	0.00737	0.01290	0.00875	0.01013	0.00599	0.00691	0.00553	0.00369	0.00276	0.00092	0.00461	0.00230	0.00184	0.00553
6	0.00874	0.00749	0.00870	0.00628	0.00999	0.00564	0.00501	0.01061	0.00898	0.01392	0.00946	0.01057	0.04723	0.00358	0.00329	0.00068	0.00314	0.00288	0.00262	0.83120
7	0.40945	0.00897	0.00888	0.00724	0.01012	0.00976	0.00592	0.24527	0.01213	0.17512	0.03004	0.01085	0.00789	0.03588	0.00423	0.00143	0.00380	0.00345	0.00370	0.00586
8	0.00748	0.00374	0.00561	0.00561	0.00561	0.00374	0.00374	0.00561	0.00561	0.00748	0.00748	0.01309	0.00748	0.01496	0.01684	0.87467	0.00374	0.00374	0.00187	0.00187
9	0.01360	0.23630	0.04868	0.00945	0.01222	0.37375	0.00794	0.10708	0.02657	0.02660	0.00845	0.00991	0.02323	0.03981	0.02003	0.00136	0.02395	0.00319	0.00249	0.00538
10	0.62590	0.00928	0.00768	0.00655	0.00931	0.04761	0.00535	0.13887	0.00975	0.01978	0.00713	0.00803	0.00547	0.00421	0.00302	0.00127	0.00370	0.00268	0.03849	0.04594
11	0.05187	0.01039	0.07542	0.07969	0.18441	0.07346	0.04522	0.12183	0.05022	0.02714	0.12128	0.04031	0.07438	0.00621	0.01827	0.00144	0.00472	0.00494	0.00313	0.00564

[dist]
# distance from previous block
# <min> <max>
2	47

[block]
# block no. 1 follows, 61 sequences, length 34
# corresponding to MSA columns:
# 273-306
name=unknown_B
#
# <colnr> <probs for GDERKNQSTAVLIFYWHMCP>
#	G	D	E	R	K	N	Q	S	T	A	V	L	I	F	Y	W	H	M	C	P
0	0.00709	0.00548	0.04951	0.00618	0.00750	0.00448	0.00492	0.00887	0.02299	0.08239	0.28827	0.30000	0.12646	0.01010	0.00510	0.00152	0.00268	0.04340	0.01882	0.00426
1	0.01111	0.11454	0.10548	0.06553	0.12150	0.01026	0.05431	0.16018	0.07363	0.07118	0.01229	0.12607	0.01096	0.00602	0.00437	0.00138	0.00465	0.03738	0.00318	0.00598
2	0.00622	0.00436	0.00564	0.00564	0.00596	0.00469	0.00378	0.00687	0.00654	0.00905	0.01271	0.02342	0.01359	0.50335	0.36436	0.00534	0.00729	0.00557	0.00248	0.00313
3	0.00653	0.00400	0.00563	0.00612	0.00645	0.00391	0.00440	0.00638	0.00739	0.00977	0.01683	0.29443	0.04640	0.01435	0.03590	0.38275	0.00355	0.13931	0.00301	0.00288
4	0.03390	0.12776	0.30290	0.01135	0.07298	0.03741	0.02409	0.16409	0.06569	0.10514	0.00963	0.01018	0.00701	0.00448	0.00399	0.00128	0.00522	0.00348	0.00291	0.00651
5	0.02258	0.09301	0.11359	0.03182	0.18214	0.10397	0.11989	0.04963	0.06027	0.01398	0.00865	0.02568	0.00705	0.00417	0.00401	0.00118	0.00532	0.00366	0.00243	0.14698
6	0.00662	0.00522	0.00680	0.00661	0.00740	0.00572	0.00505	0.00784	0.02179	0.02630	0.08258	0.16617	0.23535	0.02865	0.17881	0.04609	0.13680	0.01905	0.00327	0.00388
7	0.00560	0.00422	0.00489	0.00514	0.00616	0.00370	0.00370	0.00670	0.00962	0.03054	0.13383	0.32169	0.42595	0.01142	0.00522	0.00154	0.00231	0.00993	0.00412	0.00373
8	0.05243	0.01038	0.03112	0.04048	0.09762	0.07173	0.03682	0.18923	0.01206	0.09217	0.00905	0.00998	0.00685	0.00411	0.00382	0.00106	0.00445	0.00331	0.00308	0.32026
9	0.01073	0.09282	0.26687	0.01280	0.04782	0.03802	0.20865	0.08336	0.12173	0.03482	0.01007	0.03550	0.00782	0.00459	0.00432	0.00135	0.00569	0.00417	0.00266	0.00621
10	0.00700	0.00541	0.00623	0.00582	0.00727	0.00529	0.00442	0.02865	0.14521	0.02811	0.41479	0.04470	0.26291	0.00887	0.00495	0.00141	0.00240	0.00761	0.00445	0.00451
11	0.01222	0.63624	0.03359	0.00850	0.01184	0.16868	0.02370	0.01364	0.00936	0.01035	0.00618	0.00729	0.00556	0.00397	0.00344	0.00101	0.03458	0.00251	0.00192	0.00542
12	0.00685	0.00457	0.00536	0.00532	0.00659	0.00403	0.00395	0.00803	0.00989	0.09573	0.12745	0.18964	0.41772	0.05234	0.00597	0.00165	0.00256	0.04420	0.00415	0.00401
13	0.00533	0.00436	0.00471	0.00471	0.00603	0.00374	0.00354	0.00661	0.01021	0.01270	0.18836	0.07080	0.62345	0.01064	0.00513	0.00146	0.00221	0.02815	0.00414	0.00372
14	0.00527	0.00399	0.00487	0.00546	0.00614	0.00359	0.00379	0.00623	0.00904	0.01170	0.09533	0.53981	0.26452	0.01234	0.00534	0.00163	0.00237	0.01094	0.00406	0.00359
15	0.00521	0.00389	0.00485	0.00562	0.00615	0.00353	0.00383	0.00604	0.00861	0.01114	0.02831	0.66108	0.21026	0.01290	0.00540	0.00168	0.00243	0.01152	0.00400	0.00353
16	0.01596	0.01178	0.01261	0.00974	0.01309	0.01305	0.00802	0.75824	0.05231	0.02654	0.01071	0.01070	0.00764	0.00520	0.00428	0.00129	0.00463	0.00392	0.02306	0.00723
17	0.00977	0.01052	0.01971	0.04861	0.01803	0.01182	0.43463	0.01222	0.00858	0.01222	0.00737	0.01068	0.00613	0.00532	0.00891	0.00164	0.36202	0.00447	0.00204	0.00530
18	0.01171	0.00935	0.01041	0.00784	0.01141	0.00888	0.00635	0.29144	0.08814	0.01901	0.00952	0.01009	0.00734	0.00413	0.00369	0.00094	0.00375	0.00323	0.00334	0.48941
19	0.01078	0.00922	0.00963	0.00862	0.01100	0.02159	0.00670	0.07778	0.68653	0.01807	0.01799	0.05016	0.04016	0.00626	0.00444	0.00146	0.00349	0.00521	0.00432	0.00659
20	0.02065	0.02297	0.02304	0.00899	0.06437	0.02287	0.06306	0.02483	0.15707	0.13936	0.08163	0.02819	0.13843	0.02676	0.00475	0.00132	0.00367	0.00518	0.00367	0.15918
21	0.00994	0.19238	0.56232	0.02434	0.01687	0.03301	0.03290	0.03812	0.00954	0.03196	0.00766	0.00888	0.00568	0.00407	0.00385	0.00127	0.00594	0.00310	0.00200	0.00617
22	0.00845	0.00571	0.00652	0.00596	0.00683	0.00624	0.00430	0.11792	0.02212	0.01361	0.01258	0.01967	0.01198	0.34009	0.08866	0.00291	0.06338	0.00493	0.25416	0.00399
23	0.00526	0.00405	0.00467	0.00517	0.00601	0.00358	0.00363	0.00621	0.00901	0.01146	0.03277	0.44203	0.39926	0.01201	0.00523	0.00159	0.00233	0.01050	0.03166	0.00358
24	0.74133	0.00893	0.00738	0.00634	0.00913	0.01025	0.00523	0.13953	0.00939	0.02058	0.00669	0.00753	0.00509	0.00419	0.00293	0.00133	0.00356	0.00258	0.00293	0.00509
25	0.26329	0.00802	0.00910	0.00723	0.01033	0.00795	0.00596	0.09992	0.01164	0.49168	0.01310	0.01207	0.00862	0.00493	0.00382	0.00132	0.00364	0.00371	0.02719	0.00649
26	0.00623	0.00462	0.00655	0.00653	0.00710	0.00527	0.00486	0.00741	0.00681	0.00968	0.01215	0.04126	0.01216	0.20506	0.61707	0.00608	0.03001	0.00515	0.00241	0.00359
27	0.06338	0.00724	0.00872	0.00705	0.00979	0.00684	0.00570	0.10022	0.05801	0.40518	0.10426	0.01964	0.13881	0.00642	0.00439	0.00133	0.00332	0.00524	0.00464	0.03980
28	0.00720	0.00476	0.00625	0.00658	0.00736	0.00472	0.00484	0.05862	0.00913	0.05659	0.02030	0.46089	0.04165	0.04348	0.09778	0.04995	0.00401	0.10823	0.00374	0.00394
29	0.00536	0.00387	0.00509	0.00602	0.00641	0.00361	0.00416	0.00621	0.00847	0.01117	0.02500	0.73693	0.08075	0.01321	0.00550	0.00175	0.00258	0.06638	0.00400	0.00354
30	0.00789	0.00472	0.00629	0.00606	0.00700	0.00489	0.01760	0.00926	0.00811	0.08891	0.01449	0.12809	0.01374	0.13375	0.29430	0.00365	0.01644	0.00568	0.22508	0.00404
31	0.00804	0.00672	0.01871	0.00957	0.09385	0.00701	0.05674	0.04680	0.03176	0.03127	0.08029	0.05884	0.10460	0.16458	0.14515	0.00289	0.08960	0.03606	0.00303	0.00448
32	0.02506	0.02705	0.04098	0.06921	0.27086	0.19889	0.07715	0.01374	0.03924	0.02257	0.00933	0.01138	0.03960	0.00528	0.01729	0.00144	0.11908	0.00389	0.00230	0.00566
33	0.00700	0.05886	0.03274	0.00577	0.00637	0.02600	0.00406	0.00751	0.00676	0.00897	0.01222	0.02363	0.01348	0.61104	0.12922	0.00411	0.03108	0.00553	0.00246	0.00320

[dist]
# distance from previous block
# <min> <max>
0	6

[block]
# block no. 2 follows, 61 sequences, length 33
# corresponding to MSA columns:
# 313-345
name=unknown_C
#
# <colnr> <probs for GDERKNQSTAVLIFYWHMCP>
#	G	D	E	R	K	N	Q	S	T	A	V	L	I	F	Y	W	H	M	C	P
0	0.01377	0.01068	0.01251	0.09319	0.07892	0.04340	0.02538	0.46003	0.05395	0.05950	0.01139	0.07776	0.00915	0.00558	0.00438	0.00133	0.00471	0.00456	0.00376	0.02604
1	0.01114	0.01070	0.01297	0.38824	0.09534	0.15553	0.02819	0.05005	0.10660	0.05604	0.00927	0.01135	0.00704	0.00466	0.00460	0.00137	0.03498	0.00382	0.00258	0.00552
2	0.00536	0.00448	0.00488	0.00512	0.02424	0.00385	0.00369	0.00658	0.00996	0.01221	0.11231	0.07851	0.67302	0.01071	0.00511	0.00147	0.00229	0.02843	0.00403	0.00375
3	0.01074	0.02801	0.07950	0.02929	0.15458	0.00828	0.12422	0.02546	0.00978	0.10638	0.00892	0.01033	0.00686	0.00384	0.00412	0.00106	0.02220	0.00346	0.00267	0.36030
4	0.00629	0.00478	0.00584	0.00551	0.00671	0.00451	0.00415	0.00896	0.07437	0.01641	0.62997	0.03244	0.16599	0.00892	0.00503	0.00138	0.00216	0.00778	0.00459	0.00421
5	0.00616	0.00460	0.00684	0.00684	0.00759	0.00534	0.00529	0.00764	0.00690	0.00994	0.01161	0.01732	0.01094	0.06142	0.80267	0.00682	0.01128	0.00467	0.00232	0.00380
6	0.07087	0.00939	0.01092	0.00850	0.01178	0.00960	0.00700	0.33410	0.06259	0.40917	0.01369	0.01255	0.00911	0.00522	0.00422	0.00132	0.00406	0.00406	0.00470	0.00713
7	0.01071	0.00925	0.00974	0.00877	0.01120	0.01071	0.00682	0.02289	0.81396	0.01802	0.01753	0.01607	0.01315	0.00584	0.00438	0.00146	0.00341	0.00487	0.00438	0.00682
8	0.00560	0.00401	0.00529	0.00601	0.00640	0.00384	0.00409	0.02070	0.00866	0.01168	0.09068	0.69033	0.02781	0.04566	0.04552	0.00205	0.00300	0.01112	0.00393	0.00360
9	0.01001	0.00762	0.00904	0.00651	0.01029	0.00580	0.00523	0.01190	0.00928	0.09806	0.00862	0.00953	0.00682	0.00341	0.00331	0.00071	0.00324	0.00274	0.00284	0.78502
10	0.00622	0.00462	0.00558	0.00528	0.00651	0.00422	0.00398	0.00833	0.03982	0.03113	0.55179	0.03395	0.26411	0.00924	0.00504	0.00139	0.00216	0.00800	0.00453	0.00410
11	0.01532	0.01103	0.01091	0.00891	0.01181	0.12468	0.00714	0.31118	0.15611	0.21274	0.01395	0.01330	0.03633	0.00541	0.00424	0.00130	0.00447	0.00419	0.04032	0.00665
12	0.01368	0.01656	0.01636	0.01452	0.09614	0.48702	0.23382	0.01606	0.04194	0.01210	0.00780	0.00946	0.00624	0.00420	0.00428	0.00124	0.00720	0.00361	0.00228	0.00548
13	0.00523	0.00380	0.00494	0.00586	0.00621	0.00351	0.00394	0.00601	0.00838	0.01105	0.02545	0.77689	0.09630	0.01327	0.00546	0.00172	0.00247	0.01198	0.00400	0.00351
14	0.85080	0.00830	0.00645	0.00573	0.00842	0.00955	0.00472	0.01294	0.00749	0.04579	0.00636	0.00725	0.00486	0.00404	0.00272	0.00133	0.00334	0.00240	0.00275	0.00475
15	0.00841	0.00793	0.01341	0.75066	0.11514	0.00964	0.01210	0.01124	0.00874	0.01134	0.00770	0.01140	0.00586	0.00426	0.00430	0.00142	0.00567	0.00383	0.00194	0.00501
16	0.00599	0.00444	0.00559	0.00541	0.00645	0.00410	0.00402	0.00801	0.02961	0.01596	0.62444	0.11123	0.13974	0.00946	0.00511	0.00141	0.00213	0.00832	0.00457	0.00402
17	0.01613	0.01145	0.04267	0.00932	0.01262	0.07318	0.00780	0.41716	0.09818	0.23631	0.02321	0.01212	0.00904	0.00523	0.00429	0.00131	0.00457	0.00404	0.00434	0.00702
18	0.01057	0.00895	0.00950	0.00851	0.01088	0.01022	0.00664	0.06731	0.68901	0.01819	0.05254	0.01793	0.04554	0.00623	0.00446	0.00145	0.00339	0.01774	0.00437	0.00656
19	0.00615	0.00460	0.00528	0.00520	0.00641	0.00418	0.00384	0.00803	0.04874	0.03464	0.28106	0.13672	0.38128	0.02923	0.00543	0.00151	0.00231	0.00858	0.02282	0.00399
20	0.00986	0.37489	0.48441	0.01019	0.01542	0.01300	0.01228	0.01333	0.00895	0.01215	0.00699	0.00817	0.00549	0.00392	0.00353	0.00118	0.00562	0.00281	0.00183	0.00601
21	0.00627	0.00469	0.00660	0.03830	0.00805	0.00474	0.03307	0.03697	0.00836	0.01124	0.01894	0.50770	0.02169	0.12029	0.11865	0.01338	0.00436	0.02955	0.00344	0.00370
22	0.00610	0.00456	0.00680	0.00687	0.00760	0.00527	0.00530	0.00759	0.00700	0.01006	0.01229	0.06825	0.01187	0.03114	0.78040	0.00660	0.01098	0.00509	0.00241	0.00382
23	0.01068	0.00757	0.01134	0.45152	0.05201	0.00857	0.00941	0.01444	0.11598	0.17428	0.05770	0.01406	0.00995	0.00498	0.00431	0.00139	0.00464	0.00430	0.03730	0.00557
24	0.02981	0.01099	0.01181	0.00922	0.01248	0.04322	0.00755	0.53754	0.05332	0.20290	0.01201	0.01153	0.00830	0.00519	0.00425	0.00130	0.00448	0.00396	0.02304	0.00710
25	0.02884	0.00872	0.02721	0.08402	0.16157	0.06682	0.11622	0.02171	0.01035	0.12279	0.12308	0.07416	0.01426	0.03859	0.00516	0.00147	0.00456	0.02339	0.06171	0.00537
26	0.84490	0.00846	0.00708	0.00616	0.00889	0.00971	0.03616	0.01271	0.00744	0.01911	0.00610	0.00718	0.00474	0.00398	0.00276	0.00134	0.00349	0.00244	0.00265	0.00471
27	0.00599	0.00450	0.00555	0.00576	0.00658	0.00431	0.00421	0.00710	0.00932	0.02939	0.14911	0.32885	0.27038	0.05428	0.00661	0.00173	0.04677	0.05185	0.00396	0.00375
28	0.00615	0.00467	0.00546	0.00563	0.00670	0.00439	0.00407	0.00834	0.08619	0.03011	0.16332	0.33198	0.30520	0.01091	0.00516	0.00154	0.00242	0.00953	0.00419	0.00404
29	0.87904	0.00833	0.00633	0.00566	0.00833	0.00966	0.00467	0.01266	0.00733	0.01933	0.00600	0.00700	0.00467	0.00400	0.00267	0.00133	0.00333	0.00233	0.00267	0.00467
30	0.00939	0.00764	0.00898	0.00644	0.01024	0.00577	0.00516	0.01129	0.00908	0.04986	0.00807	0.00919	0.00657	0.00328	0.00324	0.00067	0.00321	0.00263	0.00267	0.83661
31	0.00577	0.00417	0.00542	0.00569	0.00625	0.00410	0.00397	0.00683	0.00861	0.01174	0.19243	0.30954	0.08554	0.16551	0.16136	0.00304	0.00435	0.00856	0.00360	0.00354
32	0.01104	0.19647	0.22816	0.01160	0.10389	0.08478	0.05154	0.07480	0.01928	0.04986	0.00943	0.05662	0.00804	0.03688	0.00460	0.00135	0.00527	0.00390	0.03666	0.00581

[dist]
# distance from previous block
# <min> <max>
0	1

[block]
# block no. 3 follows, 61 sequences, length 18
# corresponding to MSA columns:
# 347,356,358-369,373-376
name=unknown_D
#
# <colnr> <probs for GDERKNQSTAVLIFYWHMCP>
#	G	D	E	R	K	N	Q	S	T	A	V	L	I	F	Y	W	H	M	C	P
0	0.13947	0.03895	0.01077	0.00884	0.01152	0.14857	0.00703	0.23654	0.26561	0.03677	0.01191	0.04551	0.00936	0.00539	0.00402	0.00133	0.00450	0.00408	0.00367	0.00617
1	0.01681	0.01463	0.01144	0.00972	0.01246	0.42018	0.00758	0.11530	0.06326	0.26962	0.01104	0.01077	0.00785	0.00490	0.00411	0.00122	0.00583	0.00353	0.00359	0.00613
2	0.00813	0.00856	0.09843	0.05124	0.06001	0.00706	0.14875	0.05132	0.01963	0.03139	0.11809	0.15520	0.12721	0.06132	0.00595	0.00163	0.00427	0.01934	0.00326	0.01922
3	0.00586	0.00433	0.00552	0.00613	0.00691	0.00409	0.00467	0.00711	0.00919	0.01192	0.07700	0.30902	0.20001	0.06544	0.02308	0.00199	0.00313	0.24703	0.00391	0.00366
4	0.01005	0.32669	0.49276	0.01042	0.01561	0.05124	0.01242	0.01354	0.00912	0.01221	0.00704	0.00823	0.00549	0.00396	0.00359	0.00119	0.00579	0.00284	0.00185	0.00599
5	0.00587	0.00446	0.00603	0.00650	0.03207	0.00414	0.02164	0.00717	0.00970	0.01309	0.27184	0.38638	0.12786	0.05439	0.00613	0.00170	0.00263	0.03053	0.00406	0.00381
6	0.10376	0.23095	0.25358	0.03969	0.03816	0.11025	0.02514	0.09062	0.01039	0.02722	0.01896	0.00887	0.00625	0.00419	0.00363	0.00120	0.00542	0.00304	0.00233	0.01635
7	0.01113	0.73914	0.13123	0.00803	0.01208	0.01609	0.00853	0.01300	0.00880	0.01061	0.00622	0.00721	0.00552	0.00374	0.00294	0.00098	0.00484	0.00242	0.00184	0.00564
8	0.00555	0.00434	0.00503	0.00495	0.00612	0.00382	0.00368	0.00703	0.01076	0.01410	0.38691	0.09464	0.41735	0.01016	0.00512	0.00143	0.00214	0.00874	0.00433	0.00382
9	0.00954	0.33008	0.48441	0.01012	0.01518	0.01229	0.01212	0.01297	0.00892	0.01220	0.00791	0.05159	0.00668	0.00443	0.00367	0.00122	0.00551	0.00332	0.00194	0.00591
10	0.01058	0.07800	0.28685	0.07259	0.13645	0.11192	0.05967	0.04880	0.05404	0.02398	0.00900	0.01086	0.01739	0.02364	0.02278	0.00149	0.02008	0.00365	0.00230	0.00593
11	0.01352	0.00672	0.00859	0.00718	0.00926	0.00664	0.00567	0.15318	0.01131	0.32681	0.01297	0.01460	0.00969	0.01015	0.08475	0.20227	0.00446	0.02064	0.08623	0.00536
12	0.00622	0.00418	0.00482	0.00486	0.00490	0.00421	0.00280	0.00632	0.00638	0.00854	0.01389	0.06122	0.01596	0.77592	0.05935	0.00421	0.00445	0.00643	0.00265	0.00270
13	0.01220	0.67637	0.05059	0.00820	0.01173	0.15803	0.00785	0.01367	0.00936	0.01034	0.00617	0.00714	0.00553	0.00383	0.00301	0.00097	0.00522	0.00242	0.00191	0.00547
14	0.01062	0.00986	0.01341	0.08641	0.25581	0.05651	0.00990	0.11635	0.01000	0.01390	0.00859	0.03649	0.00772	0.03355	0.01947	0.00166	0.26222	0.01497	0.02698	0.00557
15	0.00552	0.00434	0.00470	0.00469	0.00592	0.00379	0.00347	0.00678	0.01002	0.01277	0.19111	0.06110	0.55240	0.05389	0.00590	0.00157	0.00229	0.02324	0.04283	0.00369
16	0.00888	0.03975	0.07645	0.01068	0.12132	0.07586	0.07606	0.03119	0.10540	0.01398	0.09228	0.06018	0.21787	0.00690	0.00454	0.00136	0.00411	0.00597	0.04206	0.00517
17	0.01060	0.00801	0.00946	0.00798	0.01045	0.00823	0.04156	0.13253	0.27754	0.07619	0.03207	0.12180	0.07085	0.00660	0.00437	0.00133	0.00347	0.00563	0.04897	0.12234

[dist]
# distance from previous block
# <min> <max>
0	1

[block]
# block no. 4 follows, 61 sequences, length 10
# corresponding to MSA columns:
# 378-387
name=unknown_E
#
# <colnr> <probs for GDERKNQSTAVLIFYWHMCP>
#	G	D	E	R	K	N	Q	S	T	A	V	L	I	F	Y	W	H	M	C	P
0	0.00553	0.00407	0.00519	0.00557	0.00626	0.00372	0.00392	0.00679	0.00989	0.01336	0.31458	0.44254	0.13979	0.01145	0.00529	0.00157	0.00229	0.01021	0.00427	0.00372
1	0.01135	0.01154	0.01682	0.02450	0.71946	0.11412	0.01260	0.01372	0.01011	0.01363	0.00792	0.01030	0.00666	0.00391	0.00422	0.00126	0.00545	0.00370	0.00214	0.00659
2	0.00684	0.00557	0.00801	0.00763	0.00817	0.00689	0.00597	0.00811	0.00680	0.00993	0.01051	0.01640	0.01016	0.10127	0.58942	0.00563	0.18196	0.00459	0.00225	0.00391
3	0.03872	0.01009	0.01232	0.05309	0.01333	0.03555	0.08426	0.41433	0.01467	0.08529	0.01120	0.05227	0.00919	0.09025	0.02991	0.00180	0.02942	0.00460	0.00364	0.00607
4	0.01017	0.01162	0.02542	0.01816	0.02251	0.01089	0.80610	0.01380	0.01017	0.01380	0.00871	0.01162	0.00654	0.00363	0.00508	0.00145	0.00726	0.00508	0.00218	0.00581
5	0.01217	0.03207	0.01015	0.00861	0.01089	0.17459	0.00676	0.23251	0.16121	0.04173	0.03848	0.11084	0.09107	0.00703	0.00451	0.00138	0.00446	0.04207	0.00380	0.00568
6	0.00685	0.00512	0.00619	0.00617	0.00738	0.00501	0.00470	0.00994	0.12787	0.03374	0.30777	0.18393	0.16864	0.00989	0.00514	0.00153	0.00261	0.09882	0.00435	0.00435
7	0.01313	0.30713	0.01600	0.00916	0.01230	0.13071	0.04271	0.16554	0.11755	0.05750	0.00920	0.00970	0.00723	0.00456	0.00407	0.00116	0.03664	0.00330	0.00293	0.04947
8	0.00640	0.00431	0.00561	0.00615	0.00683	0.00407	0.00436	0.00784	0.03867	0.05647	0.11466	0.60048	0.06260	0.01204	0.00535	0.00167	0.00261	0.05179	0.00417	0.00392
9	0.02500	0.00766	0.01118	0.16297	0.14997	0.03164	0.07636	0.03429	0.06329	0.01299	0.01283	0.16753	0.01256	0.10503	0.00652	0.00173	0.00446	0.02074	0.05537	0.03788

[dist]
# distance from previous block
# <min> <max>
1	7

[block]
# block no. 5 follows, 61 sequences, length 20
# corresponding to MSA columns:
# 417-436
name=unknown_F
#
# <colnr> <probs for GDERKNQSTAVLIFYWHMCP>
#	G	D	E	R	K	N	Q	S	T	A	V	L	I	F	Y	W	H	M	C	P
0	0.54560	0.00955	0.00930	0.11270	0.12312	0.07729	0.00713	0.01332	0.04075	0.01680	0.00701	0.00849	0.00551	0.00413	0.00326	0.00133	0.00424	0.00286	0.00253	0.00509
1	0.00573	0.00403	0.00512	0.00575	0.00632	0.00370	0.00398	0.00664	0.00878	0.03204	0.07314	0.59047	0.14843	0.05253	0.00618	0.00179	0.00258	0.03515	0.00401	0.00362
2	0.03523	0.00917	0.01031	0.02678	0.05002	0.01015	0.00703	0.27603	0.30926	0.03193	0.12068	0.03549	0.01462	0.03750	0.00508	0.00149	0.00380	0.00501	0.00414	0.00629
3	0.00557	0.00414	0.00506	0.00553	0.00622	0.00381	0.00392	0.00658	0.00904	0.01177	0.12258	0.37893	0.23254	0.10698	0.00725	0.00192	0.00268	0.07802	0.00393	0.00354
4	0.00871	0.00774	0.04194	0.00738	0.00933	0.00785	0.00587	0.04001	0.40822	0.01646	0.21545	0.05031	0.08076	0.07334	0.00601	0.00165	0.00317	0.00616	0.00418	0.00546
5	0.01572	0.00727	0.00940	0.00711	0.01048	0.00605	0.00581	0.01748	0.01117	0.54713	0.01410	0.01304	0.00942	0.00469	0.00393	0.00111	0.00345	0.00379	0.04601	0.26285
6	0.00632	0.00494	0.00700	0.00689	0.00755	0.00575	0.00529	0.00761	0.00714	0.01009	0.01434	0.06782	0.07365	0.09163	0.58231	0.00553	0.08436	0.00546	0.00252	0.00379
7	0.01614	0.01906	0.01233	0.01089	0.01332	0.68946	0.00830	0.15424	0.01360	0.01342	0.00730	0.00821	0.00586	0.00457	0.00396	0.00114	0.00724	0.00297	0.00258	0.00540
8	0.04162	0.01043	0.01179	0.00906	0.01245	0.01098	0.00749	0.53053	0.01732	0.28503	0.01237	0.01165	0.00833	0.00519	0.00427	0.00131	0.00435	0.00398	0.00459	0.00725
9	0.87904	0.00833	0.00633	0.00566	0.00833	0.00966	0.00467	0.01266	0.00733	0.01933	0.00600	0.00700	0.00467	0.00400	0.00267	0.00133	0.00333	0.00233	0.00267	0.00467
10	0.00836	0.00744	0.01019	0.00901	0.00948	0.00960	0.00727	0.04716	0.00810	0.01194	0.12451	0.01561	0.01253	0.06897	0.18964	0.00302	0.44551	0.00470	0.00255	0.00442
11	0.01435	0.01038	0.01057	0.00885	0.01165	0.08942	0.00704	0.20078	0.35044	0.19803	0.01460	0.01365	0.01046	0.00541	0.00426	0.00134	0.00414	0.00429	0.03355	0.00678
12	0.00701	0.00547	0.00663	0.00606	0.00789	0.00455	0.00444	0.00847	0.02189	0.02774	0.03795	0.40398	0.09282	0.00894	0.00453	0.00128	0.00276	0.00788	0.00350	0.33621
13	0.87904	0.00833	0.00633	0.00566	0.00833	0.00966	0.00467	0.01266	0.00733	0.01933	0.00600	0.00700	0.00467	0.00400	0.00267	0.00133	0.00333	0.00233	0.00267	0.00467
14	0.84937	0.00846	0.00656	0.00581	0.00850	0.00979	0.00479	0.04000	0.00778	0.01960	0.00615	0.00711	0.00476	0.00404	0.00272	0.00133	0.00338	0.00239	0.00272	0.00476
15	0.01290	0.00951	0.01021	0.00846	0.01115	0.01050	0.00678	0.35053	0.30878	0.06063	0.03690	0.01505	0.04364	0.00574	0.00426	0.00134	0.00376	0.00459	0.08867	0.00658
16	0.00646	0.00523	0.00517	0.00500	0.00602	0.03758	0.00345	0.03674	0.00913	0.01131	0.06063	0.03344	0.42701	0.30730	0.01095	0.00239	0.00320	0.00750	0.01802	0.00349
17	0.00727	0.00384	0.00559	0.00559	0.00563	0.00389	0.00371	0.00581	0.00576	0.00773	0.00840	0.01501	0.00859	0.10937	0.06472	0.72675	0.00424	0.00407	0.00198	0.00207
18	0.00792	0.00513	0.00567	0.00573	0.00674	0.02253	0.00417	0.06407	0.04335	0.03356	0.06072	0.35275	0.01940	0.00870	0.00433	0.00137	0.00262	0.00756	0.33943	0.00425
19	0.00575	0.00429	0.00479	0.00501	0.00611	0.00372	0.00359	0.00671	0.00930	0.04344	0.03531	0.28510	0.51426	0.04525	0.00586	0.00165	0.00242	0.00975	0.00400	0.00370

[dist]
# distance from previous block
# <min> <max>
0	1

[block]
# block no. 6 follows, 61 sequences, length 28
# corresponding to MSA columns:
# 438-440,453-477
name=unknown_G
#
# <colnr> <probs for GDERKNQSTAVLIFYWHMCP>
#	G	D	E	R	K	N	Q	S	T	A	V	L	I	F	Y	W	H	M	C	P
0	0.01206	0.02715	0.07193	0.00926	0.01188	0.18712	0.01981	0.12692	0.24864	0.05832	0.06417	0.06373	0.02926	0.00624	0.00442	0.00137	0.00472	0.04347	0.00365	0.00588
1	0.01128	0.01124	0.01265	0.12115	0.23420	0.16356	0.00946	0.03991	0.27262	0.01446	0.01111	0.01234	0.00875	0.00631	0.05081	0.00165	0.00549	0.00402	0.00293	0.00606
2	0.01022	0.08603	0.03837	0.13686	0.07382	0.09430	0.00826	0.14873	0.01056	0.01364	0.01036	0.01333	0.03644	0.03662	0.23473	0.00293	0.03305	0.00404	0.00257	0.00515
3	0.04133	0.01023	0.01146	0.00987	0.04875	0.09451	0.06707	0.29305	0.05359	0.10108	0.04575	0.08142	0.06884	0.03688	0.00508	0.00145	0.00453	0.00516	0.00377	0.01618
4	0.00899	0.15513	0.65919	0.01117	0.01686	0.01087	0.01400	0.01327	0.00918	0.01324	0.04455	0.00980	0.00708	0.00424	0.00392	0.00129	0.00588	0.00325	0.00196	0.00613
5	0.01027	0.00984	0.01678	0.15103	0.70018	0.01013	0.01303	0.01288	0.00962	0.01360	0.00803	0.01079	0.00666	0.00391	0.00427	0.00130	0.00521	0.00384	0.00210	0.00651
6	0.00542	0.00424	0.00493	0.00507	0.00611	0.00377	0.00368	0.00666	0.00988	0.01273	0.22280	0.21860	0.41697	0.02526	0.03251	0.00172	0.00256	0.00930	0.00410	0.00370
7	0.00545	0.00427	0.00493	0.00499	0.00609	0.00376	0.00366	0.00680	0.01035	0.01341	0.29871	0.17171	0.42923	0.01064	0.00515	0.00147	0.00218	0.00918	0.00425	0.00376
8	0.00615	0.00462	0.00692	0.00692	0.00769	0.00538	0.00538	0.00769	0.00692	0.01000	0.01154	0.01692	0.01077	0.03231	0.83154	0.00692	0.01154	0.00462	0.00231	0.00385
9	0.01789	0.00772	0.01005	0.00784	0.01100	0.00710	0.00645	0.10664	0.03676	0.66004	0.05636	0.01565	0.01209	0.00561	0.00439	0.00134	0.00370	0.01714	0.00514	0.00710
10	0.00891	0.00776	0.00971	0.07540	0.05482	0.00642	0.00613	0.01088	0.00885	0.01359	0.00776	0.00965	0.00653	0.02137	0.00397	0.00084	0.02146	0.00283	0.00246	0.72064
11	0.01157	0.00962	0.06090	0.25664	0.09324	0.03020	0.05515	0.09591	0.08941	0.15620	0.04012	0.02356	0.03779	0.00517	0.00452	0.00139	0.01498	0.00445	0.00323	0.00595
12	0.00744	0.00376	0.00558	0.00558	0.00558	0.00376	0.00370	0.00563	0.00563	0.00751	0.00769	0.01362	0.00777	0.04380	0.01701	0.84456	0.00376	0.00383	0.00190	0.00190
13	0.01611	0.01989	0.01226	0.01101	0.01332	0.76972	0.00831	0.07671	0.01281	0.01179	0.00694	0.00796	0.00568	0.00449	0.00392	0.00112	0.00754	0.00286	0.00238	0.00517
14	0.00946	0.00952	0.01375	0.01162	0.01182	0.01309	0.04584	0.01052	0.00676	0.01052	0.00579	0.00952	0.00569	0.00736	0.01372	0.00187	0.80264	0.00383	0.00190	0.00476
15	0.01371	0.01048	0.01124	0.00925	0.01217	0.01174	0.00743	0.41443	0.37472	0.04872	0.01405	0.03023	0.01047	0.00565	0.00437	0.00138	0.00406	0.00451	0.00437	0.00702
16	0.00981	0.00936	0.01594	0.30042	0.55443	0.01001	0.01280	0.01247	0.00940	0.01304	0.00795	0.01094	0.00646	0.00400	0.00428	0.00133	0.00533	0.00383	0.00206	0.00614
17	0.01201	0.76274	0.02149	0.00774	0.01130	0.08269	0.00747	0.03351	0.00932	0.01060	0.00615	0.00707	0.00558	0.00378	0.00289	0.00095	0.00487	0.00238	0.00194	0.00553
18	0.01329	0.01114	0.03964	0.00917	0.01199	0.07990	0.00755	0.36427	0.22265	0.05432	0.07347	0.02641	0.01200	0.00668	0.03211	0.00154	0.00464	0.01869	0.00406	0.00649
19	0.00571	0.00421	0.00468	0.00480	0.00540	0.00394	0.00311	0.00625	0.00784	0.00994	0.02582	0.13104	0.31386	0.41233	0.04024	0.00297	0.00348	0.00797	0.00328	0.00314
20	0.00531	0.00380	0.00506	0.00595	0.00626	0.00354	0.00400	0.00616	0.00854	0.01147	0.08367	0.78453	0.02941	0.01314	0.00547	0.00172	0.00246	0.01191	0.00405	0.00354
21	0.01440	0.04439	0.07706	0.01305	0.12703	0.57480	0.00948	0.04235	0.01169	0.01192	0.00708	0.00837	0.00580	0.00429	0.00391	0.00114	0.00695	0.00297	0.00224	0.03107
22	0.31877	0.00986	0.00960	0.00773	0.01082	0.06407	0.00632	0.23161	0.01254	0.22681	0.01013	0.01003	0.00708	0.00464	0.00365	0.00127	0.00409	0.00331	0.00376	0.05390
23	0.07463	0.00817	0.00999	0.00784	0.01100	0.00791	0.00643	0.14450	0.07351	0.55616	0.01515	0.01363	0.00994	0.00525	0.00418	0.00132	0.00374	0.00416	0.03550	0.00700
24	0.08007	0.10350	0.02834	0.03853	0.07982	0.06630	0.06803	0.23606	0.03185	0.16866	0.01055	0.01178	0.00792	0.03222	0.00464	0.00138	0.00484	0.01578	0.00344	0.00629
25	0.00577	0.00410	0.00506	0.00556	0.00596	0.00390	0.00375	0.00649	0.00813	0.01072	0.06661	0.38069	0.10111	0.28627	0.01086	0.00252	0.00313	0.08250	0.00358	0.00330
26	0.00606	0.00472	0.00541	0.00594	0.00657	0.03163	0.00410	0.03254	0.00896	0.01152	0.03784	0.58402	0.16520	0.04188	0.00623	0.02653	0.00278	0.01058	0.00385	0.00363
27	0.03992	0.30398	0.01697	0.00976	0.01307	0.09292	0.10206	0.24651	0.07675	0.01653	0.00917	0.03740	0.00753	0.00470	0.00382	0.00119	0.00506	0.00368	0.00294	0.00604

[dist]
# distance from previous block
# <min> <max>
0	8

[block]
# block no. 7 follows, 61 sequences, length 12
# corresponding to MSA columns:
# 486-497
name=unknown_H
#
# <colnr> <probs for GDERKNQSTAVLIFYWHMCP>
#	G	D	E	R	K	N	Q	S	T	A	V	L	I	F	Y	W	H	M	C	P
0	0.01323	0.01077	0.03575	0.00952	0.03721	0.04848	0.02398	0.39291	0.07956	0.05744	0.03935	0.05203	0.00980	0.00526	0.00418	0.00121	0.00435	0.00423	0.00375	0.16698
1	0.03455	0.02817	0.01271	0.00991	0.01294	0.13682	0.09430	0.22772	0.11403	0.22078	0.01211	0.01245	0.00877	0.03266	0.02109	0.00151	0.00513	0.00410	0.00384	0.00642
2	0.00543	0.00392	0.00518	0.00609	0.00650	0.00367	0.00426	0.00636	0.00860	0.01140	0.04867	0.70541	0.06538	0.01308	0.00551	0.00175	0.00261	0.08860	0.00402	0.00357
3	0.00710	0.00486	0.00638	0.00686	0.00782	0.00473	0.00544	0.02420	0.03194	0.05079	0.11238	0.27507	0.06691	0.03629	0.00600	0.00182	0.00322	0.34001	0.00411	0.00408
4	0.05494	0.00831	0.01347	0.57973	0.17915	0.00996	0.01164	0.01147	0.00863	0.01199	0.00751	0.01094	0.00589	0.00443	0.00491	0.00143	0.06470	0.00375	0.00199	0.00516
5	0.00989	0.00763	0.00903	0.00650	0.01028	0.00580	0.00522	0.01178	0.00924	0.08853	0.00851	0.00946	0.00677	0.00339	0.00330	0.00070	0.00323	0.00272	0.00281	0.79523
6	0.01379	0.01046	0.01123	0.00924	0.01219	0.01171	0.00743	0.38654	0.40406	0.06439	0.01417	0.01334	0.01032	0.00551	0.00435	0.00138	0.00404	0.00438	0.00440	0.00708
7	0.04377	0.00768	0.00931	0.00755	0.01027	0.00758	0.00610	0.13320	0.12182	0.40029	0.16138	0.01719	0.01577	0.00595	0.00437	0.00134	0.00343	0.00489	0.03163	0.00648
8	0.00570	0.00419	0.00505	0.00518	0.00591	0.00385	0.00358	0.00680	0.00951	0.01270	0.29061	0.23396	0.20523	0.17816	0.00855	0.00204	0.00261	0.00887	0.00397	0.00354
9	0.00522	0.00434	0.00456	0.00457	0.00591	0.00368	0.00340	0.00641	0.01004	0.01230	0.13822	0.07660	0.68838	0.01077	0.00511	0.00146	0.00218	0.00907	0.00409	0.00368
10	0.01128	0.00945	0.01004	0.00888	0.01139	0.01084	0.00699	0.12014	0.68636	0.01897	0.01682	0.01652	0.01284	0.00598	0.00443	0.00146	0.00359	0.03288	0.00436	0.00678
11	0.24354	0.08277	0.01105	0.00861	0.03189	0.12437	0.00682	0.21977	0.10879	0.06954	0.00970	0.01003	0.00729	0.00468	0.00363	0.00126	0.00443	0.00333	0.04255	0.00592

[dist]
# distance from previous block
# <min> <max>
2	5

[block]
# block no. 8 follows, 61 sequences, length 35
# corresponding to MSA columns:
# 505-539
name=unknown_I
#
# <colnr> <probs for GDERKNQSTAVLIFYWHMCP>
#	G	D	E	R	K	N	Q	S	T	A	V	L	I	F	Y	W	H	M	C	P
0	0.00586	0.00426	0.00514	0.00545	0.00600	0.00406	0.00368	0.00702	0.03299	0.01159	0.14853	0.33057	0.13532	0.24682	0.00997	0.00233	0.00292	0.03027	0.00374	0.00347
1	0.76494	0.00869	0.00712	0.00616	0.00893	0.00995	0.00508	0.09515	0.00881	0.04339	0.00677	0.00756	0.00511	0.00416	0.00288	0.00133	0.00349	0.00255	0.00291	0.00502
2	0.01577	0.01206	0.01258	0.00972	0.01311	0.04493	0.00797	0.70751	0.04231	0.02547	0.01025	0.01033	0.00737	0.00505	0.00423	0.00125	0.00473	0.00379	0.00413	0.05745
3	0.04291	0.00976	0.01059	0.00897	0.04341	0.04735	0.00691	0.32498	0.09387	0.12719	0.06096	0.02846	0.05877	0.00559	0.00422	0.00125	0.00403	0.00445	0.00400	0.11232
4	0.00739	0.02646	0.06342	0.03529	0.12774	0.00658	0.06109	0.00982	0.05254	0.01253	0.02980	0.31186	0.07214	0.01018	0.03788	0.00181	0.00419	0.12129	0.00331	0.00469
5	0.01185	0.00918	0.01034	0.00769	0.01133	0.00849	0.00624	0.28075	0.03727	0.04614	0.00918	0.00982	0.00705	0.00401	0.00364	0.00091	0.00374	0.00313	0.00330	0.52593
6	0.00760	0.00680	0.01019	0.00904	0.00965	0.00838	0.06629	0.00882	0.00709	0.01031	0.01050	0.09082	0.01076	0.11807	0.29208	0.00383	0.31806	0.00523	0.00233	0.00413
7	0.02655	0.00960	0.01507	0.31784	0.41454	0.03875	0.02337	0.04442	0.00994	0.04694	0.00832	0.01096	0.00652	0.00414	0.00425	0.00134	0.00536	0.00381	0.00229	0.00601
8	0.00992	0.00940	0.01574	0.23869	0.56346	0.00996	0.01250	0.01293	0.04144	0.01340	0.00868	0.01193	0.00719	0.00422	0.00432	0.00134	0.00519	0.02127	0.00220	0.00622
9	0.00841	0.00791	0.01333	0.68884	0.14706	0.00946	0.01188	0.01117	0.00878	0.01146	0.00827	0.03971	0.00668	0.00455	0.00434	0.00142	0.00554	0.00412	0.00202	0.00505
10	0.01125	0.00711	0.00835	0.00715	0.00930	0.00716	0.00569	0.18471	0.09604	0.17202	0.22798	0.05254	0.11754	0.00753	0.00471	0.00140	0.00320	0.04517	0.02555	0.00560
11	0.04459	0.03468	0.32652	0.04460	0.17879	0.04423	0.09452	0.08157	0.01031	0.03544	0.00853	0.03037	0.00669	0.00448	0.00457	0.00136	0.03644	0.00380	0.00233	0.00618
12	0.01021	0.04260	0.03310	0.04860	0.38217	0.02533	0.07199	0.02967	0.06771	0.03739	0.04315	0.03371	0.03454	0.00535	0.00506	0.00138	0.05976	0.04198	0.02031	0.00598
13	0.00624	0.00418	0.00477	0.00479	0.00482	0.00420	0.00272	0.00630	0.00632	0.00846	0.01372	0.04473	0.01578	0.80713	0.04563	0.00421	0.00436	0.00634	0.00263	0.00267
14	0.00861	0.00788	0.01127	0.06400	0.34462	0.04745	0.00868	0.01087	0.04771	0.01268	0.02998	0.21390	0.05918	0.05833	0.00578	0.00163	0.00424	0.05505	0.00296	0.00517
15	0.03024	0.29917	0.21528	0.01151	0.06007	0.05278	0.13202	0.01348	0.03760	0.02081	0.03178	0.02278	0.00789	0.00451	0.00408	0.00124	0.02268	0.02412	0.00224	0.00574
16	0.00751	0.00535	0.00652	0.00663	0.00769	0.00541	0.00486	0.05361	0.12160	0.05245	0.07012	0.43206	0.07734	0.04245	0.03820	0.00193	0.00326	0.05456	0.00406	0.00441
17	0.00599	0.00424	0.00548	0.00576	0.00656	0.00390	0.00420	0.00741	0.01023	0.03091	0.35268	0.35792	0.11325	0.01102	0.00529	0.00156	0.00240	0.06300	0.00433	0.00386
18	0.01012	0.23168	0.07725	0.19083	0.32190	0.01175	0.03425	0.01276	0.02718	0.01229	0.00764	0.00994	0.00630	0.00421	0.00418	0.02118	0.00520	0.00344	0.00203	0.00588
19	0.05476	0.01082	0.12734	0.11667	0.16896	0.06196	0.04255	0.01482	0.02683	0.22965	0.01177	0.08027	0.00938	0.01960	0.00460	0.00142	0.00489	0.00454	0.00316	0.00603
20	0.09536	0.00841	0.00955	0.03877	0.02807	0.00908	0.00662	0.08916	0.35463	0.19436	0.08516	0.01616	0.03427	0.00579	0.00427	0.00139	0.00355	0.00472	0.00430	0.00637
21	0.00541	0.00402	0.00506	0.00583	0.00634	0.00375	0.00398	0.00658	0.03297	0.01142	0.04075	0.68641	0.14602	0.01279	0.00540	0.00169	0.00247	0.01147	0.00402	0.00363
22	0.04379	0.00944	0.01225	0.01068	0.07368	0.04753	0.10075	0.21582	0.04347	0.17134	0.05654	0.01527	0.03809	0.02925	0.06172	0.00179	0.01464	0.02189	0.00369	0.02838
23	0.07344	0.01343	0.01223	0.08116	0.07753	0.30991	0.03641	0.19738	0.01288	0.04275	0.00978	0.03648	0.00833	0.00534	0.00422	0.00131	0.00579	0.06300	0.00298	0.00562
24	0.38736	0.03896	0.01006	0.00859	0.01103	0.37797	0.00675	0.05870	0.01025	0.01523	0.00652	0.00761	0.00527	0.00438	0.00373	0.00124	0.03620	0.00267	0.00250	0.00499
25	0.60056	0.00989	0.00789	0.00703	0.00953	0.09632	0.00564	0.03415	0.13331	0.01806	0.00795	0.00866	0.00618	0.00449	0.00352	0.00135	0.03461	0.00286	0.00290	0.00510
26	0.01509	0.01102	0.01143	0.00921	0.01223	0.06101	0.00744	0.44839	0.20201	0.12333	0.01276	0.01228	0.00913	0.00530	0.00425	0.00131	0.00437	0.00410	0.03839	0.00694
27	0.00888	0.00502	0.00637	0.00576	0.00734	0.00445	0.00441	0.01050	0.01135	0.20327	0.39003	0.10314	0.20477	0.00888	0.00495	0.00141	0.00249	0.00767	0.00465	0.00468
28	0.00553	0.00408	0.00510	0.00560	0.00626	0.00375	0.00395	0.00661	0.00928	0.01225	0.17530	0.44346	0.18809	0.05854	0.00628	0.00177	0.00252	0.05396	0.00406	0.00361
29	0.00518	0.00411	0.00467	0.00507	0.00601	0.00359	0.00360	0.00616	0.00923	0.01153	0.05727	0.37432	0.47022	0.01192	0.00526	0.00157	0.00231	0.01036	0.00402	0.00359
30	0.00893	0.00766	0.00893	0.00638	0.01021	0.00574	0.00510	0.01085	0.00893	0.01404	0.00766	0.00893	0.00638	0.00319	0.00319	0.00064	0.00319	0.00255	0.00255	0.87495
31	0.00973	0.00742	0.00825	0.00736	0.00934	0.00808	0.00572	0.07316	0.40746	0.04886	0.26702	0.02103	0.03383	0.00672	0.00451	0.00138	0.00297	0.00570	0.06571	0.00577
32	0.01287	0.15644	0.20727	0.01015	0.01424	0.01221	0.05084	0.28379	0.11832	0.07684	0.01032	0.01059	0.00754	0.00468	0.00405	0.00128	0.00498	0.00367	0.00327	0.00665
33	0.00553	0.00435	0.00505	0.00530	0.00642	0.00386	0.00403	0.00684	0.00995	0.01261	0.16193	0.17719	0.45108	0.01115	0.00528	0.00156	0.00246	0.11758	0.00411	0.00373
34	0.52476	0.00933	0.00860	0.00717	0.01007	0.01050	0.00588	0.22593	0.07164	0.07667	0.00878	0.00910	0.00642	0.00454	0.00335	0.00133	0.00374	0.00307	0.00342	0.00572

[dist]
# distance from previous block
# <min> <max>
0	1

[block]
# block no. 9 follows, 61 sequences, length 14
# corresponding to MSA columns:
# 541-554
name=unknown_J
#
# <colnr> <probs for GDERKNQSTAVLIFYWHMCP>
#	G	D	E	R	K	N	Q	S	T	A	V	L	I	F	Y	W	H	M	C	P
0	0.73380	0.00881	0.02955	0.00632	0.00905	0.00968	0.00539	0.07542	0.00856	0.01940	0.00741	0.00984	0.00612	0.00457	0.00303	0.00137	0.00357	0.05038	0.00285	0.00488
1	0.01001	0.09519	0.01513	0.43771	0.25205	0.09474	0.01148	0.01246	0.00934	0.01174	0.00751	0.01041	0.00601	0.00412	0.00409	0.00131	0.00566	0.00357	0.00200	0.00546
2	0.00607	0.00418	0.00490	0.00514	0.00536	0.00409	0.00322	0.00642	0.00712	0.00937	0.01799	0.16577	0.07238	0.58890	0.01683	0.00342	0.00375	0.06911	0.00304	0.00293
3	0.00541	0.00385	0.00492	0.00570	0.00597	0.00362	0.00373	0.00605	0.00800	0.01059	0.02307	0.66974	0.06654	0.15150	0.00819	0.00214	0.00276	0.01110	0.00377	0.00336
4	0.01042	0.31677	0.45809	0.01041	0.01541	0.09573	0.01211	0.01374	0.00929	0.01208	0.00700	0.00818	0.00549	0.00398	0.00360	0.00118	0.00588	0.00283	0.00187	0.00593
5	0.00534	0.00389	0.00505	0.00587	0.00631	0.00359	0.00403	0.00624	0.00869	0.01151	0.07492	0.69338	0.10363	0.01291	0.00545	0.00170	0.00249	0.03738	0.00404	0.00356
6	0.00564	0.00402	0.00489	0.00533	0.00571	0.00379	0.00347	0.00630	0.00813	0.01077	0.09355	0.41423	0.11669	0.28486	0.01077	0.00247	0.00297	0.00954	0.00361	0.00328
7	0.00814	0.00650	0.00852	0.03007	0.00915	0.00708	0.00595	0.01013	0.03513	0.05771	0.36548	0.02208	0.07806	0.00754	0.00711	0.00142	0.21943	0.00581	0.00363	0.11107
8	0.00693	0.00561	0.00812	0.00754	0.00888	0.00526	0.09224	0.06576	0.00972	0.01306	0.05353	0.50900	0.09032	0.01064	0.00517	0.00157	0.00323	0.03511	0.00375	0.06455
9	0.00598	0.00465	0.00548	0.00541	0.00658	0.00431	0.00404	0.00820	0.06334	0.01454	0.38600	0.12749	0.30733	0.00996	0.00511	0.00146	0.00228	0.02949	0.00436	0.00403
10	0.01101	0.32118	0.01705	0.01008	0.01220	0.14040	0.08101	0.01237	0.00870	0.01067	0.00747	0.06648	0.00726	0.00569	0.00693	0.00136	0.26920	0.00378	0.00209	0.00507
11	0.01116	0.30236	0.17826	0.01031	0.01406	0.11986	0.11228	0.07748	0.02597	0.01315	0.03173	0.06745	0.00853	0.00485	0.00389	0.00121	0.00548	0.00392	0.00241	0.00565
12	0.00870	0.00848	0.00904	0.00878	0.03493	0.13902	0.00650	0.00968	0.00809	0.01033	0.01297	0.07971	0.05957	0.17996	0.13270	0.00291	0.22891	0.05308	0.00256	0.00408
13	0.00625	0.00524	0.00553	0.00602	0.00669	0.06125	0.00415	0.00741	0.03217	0.01134	0.05871	0.52272	0.16668	0.07689	0.00654	0.00182	0.00295	0.01016	0.00381	0.00368

[dist]
# distance from previous block
# <min> <max>
3	26

[block]
# block no. 10 follows, 61 sequences, length 28
# corresponding to MSA columns:
# 612-639
name=unknown_K
#
# <colnr> <probs for GDERKNQSTAVLIFYWHMCP>
#	G	D	E	R	K	N	Q	S	T	A	V	L	I	F	Y	W	H	M	C	P
0	0.00700	0.00503	0.00588	0.00538	0.00706	0.00437	0.02116	0.00861	0.03089	0.08961	0.13764	0.07298	0.52299	0.02184	0.00519	0.00145	0.00253	0.00813	0.00412	0.03813
1	0.01019	0.00897	0.00974	0.00725	0.01078	0.05562	0.00581	0.09840	0.01027	0.01511	0.00781	0.00904	0.00640	0.00366	0.00382	0.00079	0.03894	0.00276	0.00270	0.69193
2	0.00573	0.00435	0.00523	0.00507	0.00616	0.00390	0.00375	0.00733	0.01103	0.01482	0.49956	0.07047	0.29704	0.03960	0.00570	0.00151	0.00218	0.00836	0.00439	0.00385
3	0.00575	0.00419	0.00581	0.00622	0.00674	0.00436	0.00446	0.00687	0.00789	0.01088	0.07736	0.37764	0.03403	0.07863	0.34370	0.00399	0.00626	0.00834	0.00327	0.00362
4	0.00575	0.00405	0.00515	0.00578	0.00613	0.00388	0.00393	0.00651	0.00817	0.01086	0.06470	0.46852	0.05215	0.23556	0.00989	0.00239	0.00307	0.09649	0.00367	0.00335
5	0.00556	0.00411	0.00516	0.00547	0.00620	0.00375	0.00386	0.00682	0.00991	0.01334	0.31957	0.38543	0.16811	0.03520	0.00574	0.00162	0.00232	0.00990	0.00423	0.00371
6	0.01631	0.01180	0.01216	0.00951	0.01274	0.07552	0.00777	0.61660	0.01818	0.12253	0.01119	0.02522	0.00805	0.00527	0.00427	0.00128	0.00474	0.00400	0.02586	0.00700
7	0.00674	0.00519	0.00750	0.00741	0.02652	0.00601	0.01884	0.00802	0.00700	0.01018	0.01138	0.01807	0.01107	0.18072	0.53028	0.00543	0.08555	0.00481	0.04548	0.00380
8	0.01454	0.01053	0.01142	0.00921	0.01223	0.01164	0.00744	0.46275	0.27691	0.09399	0.01335	0.01304	0.00972	0.02710	0.00479	0.00143	0.00420	0.00430	0.00438	0.00704
9	0.50765	0.00854	0.01002	0.20533	0.16950	0.00975	0.00802	0.01238	0.00811	0.01636	0.00679	0.00876	0.00533	0.00404	0.00336	0.00135	0.00424	0.00297	0.00239	0.00511
10	0.31499	0.00888	0.00852	0.00799	0.03862	0.04996	0.00603	0.05551	0.26464	0.07989	0.01384	0.07734	0.04536	0.00580	0.00386	0.00140	0.00362	0.00451	0.00362	0.00564
11	0.00943	0.01018	0.07793	0.40722	0.36869	0.02805	0.01273	0.01230	0.00924	0.01252	0.00783	0.01086	0.00618	0.00409	0.00426	0.00136	0.00557	0.00376	0.00201	0.00579
