[name]
unknown

[dist]
# distance from previous block
# <min> <max>
0	52

[block]
# block no. 0 follows, 64 sequences, length 22
# corresponding to MSA columns:
# 52-73
name=unknown_A
#
# <colnr> <probs for GDERKNQSTAVLIFYWHMCP>
#	G	D	E	R	K	N	Q	S	T	A	V	L	I	F	Y	W	H	M	C	P
0	0.00669	0.00478	0.00669	0.00765	0.00861	0.00478	0.00669	0.00861	0.00956	0.01243	0.02199	0.04685	0.02391	0.01147	0.00574	0.00191	0.00382	0.80015	0.00382	0.00382
1	0.00588	0.00425	0.00555	0.00523	0.00621	0.00392	0.00392	0.00784	0.01176	0.01666	0.82592	0.03103	0.03919	0.00849	0.00490	0.00131	0.00196	0.00751	0.00457	0.00392
2	0.00784	0.00738	0.01246	0.84404	0.02861	0.00923	0.01154	0.01061	0.00831	0.01061	0.00738	0.01107	0.00554	0.00415	0.00415	0.00138	0.00554	0.00369	0.00185	0.00461
3	0.00515	0.00377	0.00475	0.00543	0.00587	0.00347	0.00367	0.00595	0.00828	0.01088	0.07260	0.62715	0.14661	0.06802	0.00627	0.00178	0.00244	0.01072	0.00381	0.00337
4	0.01028	0.00987	0.01686	0.02550	0.82811	0.00987	0.01275	0.01275	0.00946	0.01357	0.00781	0.01028	0.00658	0.00370	0.00411	0.00123	0.00493	0.00370	0.00206	0.00658
5	0.01394	0.01177	0.01284	0.01024	0.01295	0.12846	0.07962	0.39405	0.09788	0.07006	0.00999	0.01055	0.00741	0.00509	0.00523	0.00131	0.10084	0.00381	0.01775	0.00623
6	0.00784	0.00738	0.01246	0.84404	0.02861	0.00923	0.01154	0.01061	0.00831	0.01061	0.00738	0.01107	0.00554	0.00415	0.00415	0.00138	0.00554	0.00369	0.00185	0.00461
7	0.00593	0.00445	0.00668	0.00668	0.00742	0.00519	0.00519	0.00742	0.00668	0.00964	0.01113	0.01632	0.01038	0.03115	0.83756	0.00668	0.01113	0.00445	0.00223	0.00371
8	0.00513	0.00419	0.00454	0.00457	0.00582	0.00360	0.00342	0.00635	0.00977	0.01215	0.17560	0.08747	0.62094	0.01035	0.00495	0.00142	0.00214	0.03001	0.00398	0.00358
9	0.00510	0.00365	0.00486	0.00576	0.00603	0.00340	0.00386	0.00589	0.00814	0.01090	0.06259	0.81076	0.02805	0.01279	0.00528	0.00167	0.00239	0.01160	0.00389	0.00340
10	0.00604	0.00403	0.00453	0.00453	0.00453	0.00403	0.00252	0.00604	0.00604	0.00805	0.01309	0.02718	0.01510	0.85402	0.02114	0.00403	0.00403	0.00604	0.00252	0.00252
11	0.00948	0.22369	0.54078	0.01065	0.01576	0.05226	0.03403	0.01350	0.04076	0.01235	0.00739	0.00852	0.00560	0.00392	0.00366	0.00121	0.00570	0.00296	0.00189	0.00588
12	0.00520	0.00416	0.00465	0.00464	0.00582	0.00361	0.00344	0.00648	0.00998	0.01272	0.26451	0.11217	0.52764	0.01017	0.00494	0.00140	0.00209	0.00869	0.00406	0.00361
13	0.00524	0.00397	0.00507	0.00567	0.00615	0.00380	0.00394	0.00611	0.00839	0.01106	0.07533	0.62459	0.16797	0.01207	0.00553	0.00162	0.03548	0.01069	0.00382	0.00348
14	0.00684	0.00522	0.00725	0.00698	0.00793	0.00608	0.00544	0.05466	0.05525	0.01101	0.01133	0.01606	0.01035	0.05211	0.69705	0.00586	0.02963	0.00445	0.00245	0.00405
15	0.00850	0.00725	0.00848	0.00611	0.00969	0.00547	0.00488	0.01035	0.00875	0.01367	0.04260	0.00958	0.00757	0.00331	0.00315	0.00064	0.00303	0.00268	0.00255	0.84174
16	0.00914	0.06157	0.08590	0.02320	0.01094	0.04075	0.02697	0.03769	0.09166	0.02570	0.06931	0.01301	0.04991	0.01631	0.00386	0.00101	0.00370	0.00365	0.02773	0.39799
17	0.04024	0.12984	0.05613	0.04428	0.02223	0.05715	0.02235	0.10550	0.17987	0.08441	0.05816	0.08724	0.02439	0.00591	0.00407	0.00129	0.00405	0.03813	0.00338	0.03138
18	0.03158	0.12770	0.19766	0.02199	0.02600	0.07831	0.00857	0.11765	0.05516	0.09786	0.05568	0.03816	0.05799	0.00574	0.01745	0.00133	0.01725	0.01523	0.00300	0.02570
19	0.04600	0.17103	0.10701	0.00862	0.02709	0.04419	0.06413	0.05885	0.11299	0.04255	0.03066	0.07386	0.03053	0.00558	0.01497	0.00127	0.00425	0.01616	0.07087	0.06940
20	0.03973	0.08865	0.07898	0.02161	0.04020	0.08909	0.03025	0.13110	0.08166	0.06721	0.01198	0.08247	0.04138	0.01825	0.02717	0.00140	0.02046	0.01718	0.00303	0.10819
21	0.06549	0.13785	0.15716	0.05515	0.03838	0.06766	0.03414	0.07907	0.10080	0.05095	0.03133	0.03469	0.00881	0.05047	0.03725	0.01818	0.00495	0.00383	0.00270	0.02114

[dist]
# distance from previous block
# <min> <max>
2	41

[block]
# block no. 1 follows, 64 sequences, length 8
# corresponding to MSA columns:
# 115-122
name=unknown_B
#
# <colnr> <probs for GDERKNQSTAVLIFYWHMCP>
#	G	D	E	R	K	N	Q	S	T	A	V	L	I	F	Y	W	H	M	C	P
0	0.04728	0.25987	0.09385	0.00965	0.06512	0.21358	0.00807	0.03064	0.05124	0.05525	0.00900	0.04781	0.00788	0.00581	0.03727	0.00137	0.00537	0.02989	0.00246	0.01859
1	0.01004	0.04154	0.00850	0.06081	0.01007	0.04421	0.00562	0.11173	0.10980	0.13213	0.07144	0.04254	0.27236	0.02230	0.00467	0.00135	0.00339	0.00583	0.00380	0.03788
2	0.00704	0.00504	0.00642	0.00637	0.00749	0.00492	0.02954	0.04116	0.07246	0.05560	0.02345	0.37076	0.17094	0.04809	0.03740	0.00185	0.00322	0.07350	0.03067	0.00409
3	0.00580	0.00421	0.00535	0.00584	0.00643	0.00405	0.00412	0.03260	0.02693	0.01222	0.15339	0.54068	0.06071	0.06227	0.00614	0.00175	0.00259	0.05737	0.00391	0.00363
4	0.04533	0.00946	0.04598	0.12886	0.03952	0.07253	0.07099	0.12137	0.13124	0.06512	0.02641	0.13790	0.04171	0.00622	0.00470	0.00139	0.03742	0.00527	0.00321	0.00536
5	0.04094	0.00733	0.00942	0.00837	0.00949	0.03943	0.06388	0.08611	0.00904	0.01244	0.01633	0.20588	0.12086	0.04357	0.05006	0.00194	0.22234	0.04528	0.00298	0.00431
6	0.00906	0.00916	0.01314	0.20466	0.01555	0.04093	0.04436	0.01052	0.00715	0.01029	0.00606	0.00958	0.00551	0.00628	0.01070	0.00167	0.58526	0.00367	0.00185	0.00462
7	0.05644	0.01013	0.02978	0.22530	0.19880	0.05982	0.17923	0.04471	0.07677	0.02783	0.00851	0.01073	0.00659	0.00422	0.00462	0.00134	0.04335	0.00389	0.00234	0.00559

[dist]
# distance from previous block
# <min> <max>
1	4

[block]
# block no. 2 follows, 64 sequences, length 70
# corresponding to MSA columns:
# 128-197
name=unknown_C
#
# <colnr> <probs for GDERKNQSTAVLIFYWHMCP>
#	G	D	E	R	K	N	Q	S	T	A	V	L	I	F	Y	W	H	M	C	P
0	0.01374	0.04332	0.03564	0.00915	0.01237	0.02721	0.02823	0.48991	0.15771	0.04860	0.01095	0.01091	0.00799	0.00484	0.00402	0.00122	0.00432	0.00377	0.01987	0.06624
1	0.01120	0.00856	0.01044	0.00912	0.09793	0.00776	0.00655	0.19979	0.01148	0.08022	0.00881	0.00969	0.00681	0.00429	0.01940	0.00100	0.00381	0.00306	0.00302	0.49705
2	0.02045	0.03845	0.03308	0.00911	0.02500	0.09625	0.05520	0.24598	0.03101	0.16038	0.02970	0.03587	0.03463	0.00503	0.00430	0.00118	0.03083	0.00400	0.00347	0.13607
3	0.01158	0.08537	0.10022	0.06038	0.02512	0.11363	0.11059	0.15292	0.04219	0.09307	0.13963	0.01383	0.02301	0.00508	0.00418	0.00125	0.00487	0.00429	0.00317	0.00562
4	0.01932	0.00426	0.00463	0.00456	0.00583	0.00371	0.00341	0.00658	0.01002	0.01283	0.25817	0.06289	0.56943	0.00993	0.00488	0.00138	0.00209	0.00841	0.00403	0.00363
5	0.01336	0.07443	0.01169	0.00941	0.01188	0.35067	0.00738	0.15884	0.26937	0.01527	0.01072	0.03042	0.00850	0.00499	0.00393	0.00121	0.00530	0.00369	0.00317	0.00577
6	0.04337	0.00854	0.01086	0.00863	0.01125	0.06060	0.10943	0.09559	0.04402	0.15794	0.04773	0.05806	0.07564	0.00661	0.03769	0.00145	0.05526	0.00466	0.00334	0.15932
7	0.00990	0.00970	0.01600	0.20471	0.59572	0.03717	0.04167	0.01243	0.00929	0.01280	0.00769	0.01040	0.00630	0.00381	0.00414	0.00127	0.00523	0.00371	0.00201	0.00605
8	0.01117	0.00900	0.00991	0.00843	0.01071	0.06939	0.04525	0.18117	0.27068	0.07792	0.12202	0.05902	0.05912	0.00646	0.00456	0.00136	0.01597	0.02812	0.00398	0.00576
9	0.00503	0.00406	0.00448	0.00469	0.00577	0.00351	0.00340	0.00609	0.00930	0.01156	0.10843	0.24143	0.55580	0.01096	0.00501	0.00146	0.00217	0.00941	0.00392	0.00351
10	0.00772	0.00579	0.00632	0.00625	0.00748	0.05107	0.00464	0.03772	0.08182	0.07814	0.13533	0.33198	0.17814	0.00980	0.00488	0.00148	0.00287	0.04028	0.00400	0.00428
11	0.01015	0.05203	0.03211	0.05043	0.01580	0.09380	0.34838	0.04239	0.00967	0.06048	0.01076	0.06118	0.03808	0.00792	0.09902	0.00196	0.05342	0.00479	0.00249	0.00514
12	0.01099	0.02318	0.34966	0.00883	0.01269	0.00739	0.00946	0.01438	0.05437	0.26479	0.05630	0.09889	0.05896	0.00593	0.00426	0.00135	0.00433	0.00493	0.00341	0.00589
13	0.00529	0.00410	0.00470	0.00498	0.00583	0.00371	0.00349	0.00647	0.02781	0.01139	0.11004	0.31676	0.37786	0.09023	0.00655	0.00174	0.00240	0.00934	0.00381	0.00348
14	0.00820	0.00776	0.01307	0.71570	0.13935	0.00938	0.01166	0.01090	0.00843	0.01101	0.00741	0.01093	0.00568	0.00414	0.00431	0.00137	0.02023	0.00369	0.00187	0.00489
15	0.02542	0.08944	0.01562	0.24810	0.35767	0.08087	0.05894	0.01275	0.01887	0.03323	0.00769	0.01007	0.00617	0.00395	0.00408	0.00125	0.01459	0.00354	0.00209	0.00566
16	0.01260	0.00997	0.06402	0.00921	0.01221	0.02516	0.08738	0.34643	0.04193	0.12980	0.14964	0.01638	0.04195	0.00577	0.00441	0.00131	0.00424	0.02759	0.00394	0.00605
17	0.00517	0.00389	0.00480	0.00536	0.00603	0.00353	0.00378	0.00617	0.00886	0.01152	0.11753	0.50402	0.25047	0.01176	0.00516	0.00157	0.00233	0.04064	0.00393	0.00349
18	0.01042	0.01175	0.10572	0.05833	0.09405	0.03727	0.47074	0.05096	0.01022	0.06206	0.02203	0.03012	0.00742	0.00409	0.00458	0.00136	0.00616	0.00456	0.00240	0.00575
19	0.00807	0.15256	0.11710	0.03586	0.02914	0.00850	0.03662	0.02251	0.09184	0.02156	0.09231	0.14235	0.07978	0.02991	0.07851	0.00188	0.03815	0.00564	0.00293	0.00480
20	0.01121	0.01245	0.01014	0.00929	0.01048	0.38592	0.00713	0.01225	0.00923	0.02857	0.02106	0.09950	0.00937	0.04152	0.12115	0.00219	0.19743	0.00433	0.00238	0.00440
21	0.00598	0.00427	0.00546	0.00554	0.00577	0.00457	0.00368	0.00652	0.00652	0.00894	0.01380	0.15158	0.01540	0.47308	0.23466	0.00428	0.03787	0.00642	0.00262	0.00304
22	0.88336	0.00803	0.00611	0.00546	0.00803	0.00932	0.00450	0.01221	0.00707	0.01864	0.00578	0.00675	0.00450	0.00386	0.00257	0.00129	0.00321	0.00225	0.00257	0.00450
23	0.02459	0.73902	0.12253	0.00767	0.01153	0.01548	0.00809	0.01252	0.00846	0.01033	0.00598	0.00693	0.00531	0.00361	0.00282	0.00095	0.00463	0.00233	0.00179	0.00542
24	0.00639	0.00514	0.00788	0.00721	0.00806	0.00546	0.08796	0.00772	0.01845	0.01008	0.03453	0.13777	0.03045	0.23638	0.34221	0.00424	0.03773	0.00609	0.00263	0.00362
25	0.80253	0.00793	0.00629	0.00557	0.00813	0.00906	0.00458	0.02857	0.00758	0.04763	0.00758	0.00830	0.03489	0.00417	0.00275	0.00129	0.00321	0.00259	0.00274	0.00461
26	0.03863	0.00805	0.00910	0.00758	0.01000	0.05252	0.00604	0.20811	0.02359	0.33051	0.04808	0.13754	0.02107	0.00757	0.04034	0.00156	0.00404	0.01430	0.02548	0.00590
27	0.78354	0.00792	0.00651	0.00568	0.00833	0.00895	0.00468	0.01314	0.00763	0.11241	0.00701	0.00760	0.00517	0.00400	0.00276	0.00129	0.00325	0.00247	0.00287	0.00480
28	0.02788	0.00890	0.01252	0.08737	0.28784	0.02120	0.04233	0.15372	0.10959	0.03525	0.07780	0.04173	0.04084	0.00522	0.00423	0.00130	0.00427	0.00461	0.02752	0.00588
29	0.07067	0.02988	0.00810	0.00643	0.00870	0.00599	0.00517	0.04941	0.01145	0.39015	0.26049	0.05418	0.05027	0.00654	0.00429	0.00129	0.00297	0.00547	0.02300	0.00554
30	0.37371	0.01069	0.00892	0.03564	0.02511	0.18020	0.00637	0.08111	0.11768	0.07786	0.00924	0.01062	0.00722	0.00467	0.00349	0.00128	0.00437	0.03352	0.00304	0.00526
31	0.05194	0.00916	0.01021	0.00853	0.01103	0.05072	0.04456	0.35328	0.05585	0.07331	0.01624	0.04551	0.10555	0.00719	0.01911	0.00148	0.00429	0.12255	0.00383	0.00567
32	0.02910	0.00680	0.00818	0.00755	0.00916	0.00721	0.03664	0.16851	0.17760	0.01577	0.05606	0.34075	0.05012	0.00894	0.00477	0.00151	0.00327	0.05923	0.00392	0.00493
33	0.00578	0.00397	0.00514	0.00577	0.00634	0.00368	0.00408	0.00672	0.00851	0.04110	0.06238	0.58034	0.11176	0.04925	0.00594	0.00175	0.00261	0.08745	0.00387	0.00356
34	0.01034	0.01015	0.01639	0.01247	0.01550	0.07676	0.39453	0.07060	0.09215	0.05232	0.07682	0.01616	0.08015	0.00526	0.00495	0.00138	0.03200	0.02366	0.00298	0.00542
35	0.00585	0.00439	0.00546	0.00562	0.00656	0.00413	0.00421	0.01624	0.03987	0.01377	0.34890	0.24099	0.17913	0.01020	0.00506	0.00149	0.00239	0.09773	0.00416	0.00383
36	0.01022	0.00981	0.01676	0.04490	0.80916	0.00985	0.01272	0.01270	0.00943	0.01350	0.00780	0.01030	0.00655	0.00371	0.00411	0.00124	0.00495	0.00370	0.00205	0.00653
37	0.00593	0.00445	0.00668	0.00668	0.00742	0.00519	0.00519	0.00742	0.00668	0.00964	0.01113	0.01632	0.01038	0.03115	0.83756	0.00668	0.01113	0.00445	0.00223	0.00371
38	0.00604	0.00403	0.00453	0.00453	0.00453	0.00403	0.00252	0.00604	0.00604	0.00805	0.01309	0.02718	0.01510	0.85402	0.02114	0.00403	0.00403	0.00604	0.00252	0.00252
39	0.01577	0.01232	0.01241	0.00965	0.01288	0.08237	0.00791	0.74703	0.01888	0.02483	0.00967	0.00976	0.00692	0.00493	0.00412	0.00123	0.00482	0.00365	0.00399	0.00687
40	0.01419	0.01756	0.03837	0.03209	0.01361	0.63033	0.05016	0.05654	0.01160	0.01156	0.00685	0.00804	0.00556	0.00416	0.00378	0.00107	0.00683	0.00287	0.00225	0.08257
41	0.01007	0.00874	0.01289	0.20193	0.35501	0.04393	0.01007	0.02932	0.08234	0.06938	0.08647	0.01468	0.01095	0.00493	0.00427	0.00132	0.00460	0.04060	0.00278	0.00573
42	0.01051	0.00901	0.00949	0.00849	0.01087	0.01041	0.00662	0.04732	0.79508	0.01766	0.01669	0.01532	0.01250	0.00561	0.00422	0.00140	0.00333	0.00467	0.00422	0.00659
43	0.01584	0.01155	0.01241	0.00952	0.01284	0.01276	0.00786	0.79967	0.01939	0.04097	0.01009	0.01005	0.00712	0.00499	0.00416	0.00125	0.00455	0.00375	0.00417	0.00706
44	0.00979	0.00849	0.00889	0.00813	0.01024	0.03153	0.00632	0.01970	0.67395	0.01670	0.08278	0.04447	0.01557	0.00631	0.00436	0.00142	0.00329	0.03779	0.00417	0.00610
45	0.88336	0.00803	0.00611	0.00546	0.00803	0.00932	0.00450	0.01221	0.00707	0.01864	0.00578	0.00675	0.00450	0.00386	0.00257	0.00129	0.00321	0.00225	0.00257	0.00450
46	0.00491	0.00421	0.00421	0.00421	0.00561	0.00351	0.00316	0.00596	0.00947	0.01122	0.04208	0.03997	0.82643	0.01052	0.00491	0.00140	0.00210	0.00877	0.00386	0.00351
47	0.00504	0.00401	0.00453	0.00486	0.00583	0.00350	0.00349	0.00603	0.00905	0.01129	0.07428	0.32399	0.49526	0.01131	0.00506	0.00150	0.00223	0.02136	0.00389	0.00349
48	0.00819	0.00774	0.01309	0.72702	0.14291	0.00932	0.01171	0.01092	0.00847	0.01104	0.00744	0.01096	0.00569	0.00409	0.00415	0.00136	0.00545	0.00369	0.00188	0.00490
49	0.00728	0.00396	0.00423	0.00417	0.00515	0.00387	0.00312	0.00919	0.00937	0.01562	0.18510	0.01941	0.03852	0.00576	0.00338	0.00105	0.00195	0.00477	0.67024	0.00387
50	0.21170	0.04143	0.01076	0.00834	0.01084	0.01120	0.00688	0.38588	0.01306	0.04081	0.00899	0.05668	0.00738	0.00540	0.00517	0.00133	0.12930	0.00375	0.00330	0.03782
51	0.00847	0.00736	0.01217	0.73903	0.04268	0.00899	0.01095	0.01105	0.00842	0.05614	0.00801	0.01165	0.00609	0.02870	0.00485	0.00146	0.02342	0.00378	0.00205	0.00473
52	0.02902	0.21618	0.43077	0.01106	0.01589	0.03831	0.11848	0.04805	0.00939	0.02491	0.00754	0.01885	0.00582	0.00398	0.00376	0.00122	0.00568	0.00323	0.00202	0.00582
53	0.01056	0.29505	0.03042	0.00925	0.03234	0.02560	0.07815	0.13850	0.02153	0.02705	0.00832	0.01113	0.00734	0.07620	0.10960	0.00211	0.10567	0.00358	0.00241	0.00519
54	0.00699	0.00518	0.00666	0.00638	0.00719	0.00580	0.00479	0.04829	0.05929	0.01195	0.08939	0.07877	0.02506	0.15589	0.33971	0.00393	0.05932	0.00546	0.07606	0.00392
55	0.00937	0.18788	0.15572	0.21079	0.10237	0.02678	0.13154	0.01222	0.01881	0.01175	0.00767	0.01054	0.00628	0.00419	0.00437	0.00127	0.04499	0.02566	0.00198	0.02582
56	0.00629	0.00560	0.03832	0.00730	0.03083	0.00516	0.03468	0.00873	0.09403	0.01178	0.03357	0.37889	0.13503	0.01318	0.11676	0.00226	0.00411	0.06591	0.00349	0.00409
57	0.00620	0.00452	0.00548	0.00528	0.00638	0.00422	0.00391	0.00832	0.05849	0.03640	0.47232	0.11406	0.20761	0.04147	0.00550	0.00148	0.00224	0.00791	0.00426	0.00396
58	0.00632	0.00445	0.00506	0.00510	0.00599	0.02608	0.00374	0.00743	0.00940	0.01300	0.25931	0.13336	0.20541	0.00962	0.00597	0.10633	0.00246	0.03609	0.15137	0.00352
59	0.09471	0.00642	0.00782	0.00678	0.00902	0.00616	0.00547	0.05692	0.05037	0.36926	0.05666	0.11273	0.08174	0.00718	0.00438	0.00140	0.00322	0.09015	0.02406	0.00553
60	0.10992	0.00749	0.00927	0.00728	0.01030	0.00707	0.00598	0.08329	0.04362	0.61357	0.02637	0.01334	0.00993	0.00505	0.00398	0.00128	0.00351	0.00400	0.02812	0.00664
61	0.00521	0.00378	0.00496	0.00585	0.00625	0.00353	0.00409	0.00608	0.00824	0.01084	0.02433	0.70512	0.09079	0.01266	0.00531	0.00169	0.00253	0.09146	0.00385	0.00343
62	0.01228	0.00835	0.00926	0.00797	0.01028	0.02544	0.00638	0.21810	0.25814	0.15544	0.01514	0.02787	0.01236	0.06494	0.00550	0.00157	0.00378	0.10476	0.04650	0.00595
63	0.00599	0.00466	0.00552	0.00619	0.00669	0.03583	0.00439	0.00722	0.03504	0.01077	0.02083	0.54745	0.03900	0.10044	0.03958	0.00212	0.00333	0.11783	0.00359	0.00352
64	0.00549	0.00441	0.00498	0.00516	0.00641	0.00395	0.00406	0.00701	0.02636	0.01208	0.10958	0.06695	0.54299	0.01051	0.00508	0.00151	0.00248	0.17340	0.00392	0.00367
65	0.01312	0.03979	0.03528	0.01268	0.09478	0.29429	0.11518	0.08755	0.23212	0.01499	0.01065	0.01157	0.00836	0.00495	0.00436	0.00136	0.00583	0.00393	0.00307	0.00616
66	0.01050	0.04366	0.06509	0.14457	0.38275	0.10577	0.05138	0.04265	0.03809	0.01305	0.00796	0.01014	0.00642	0.00411	0.00438	0.00126	0.03619	0.00358	0.02260	0.00583
67	0.00511	0.00403	0.00458	0.00486	0.00583	0.00354	0.00349	0.00614	0.00917	0.01155	0.11710	0.29356	0.46624	0.02730	0.00535	0.00154	0.00225	0.02096	0.00391	0.00349
68	0.20588	0.24991	0.16470	0.00851	0.01192	0.11536	0.03371	0.04694	0.00922	0.05062	0.00775	0.04954	0.00656	0.00445	0.00354	0.00118	0.01939	0.00318	0.00236	0.00528
69	0.24890	0.15971	0.06356	0.00852	0.03014	0.21558	0.00716	0.04326	0.10544	0.05615	0.00812	0.00868	0.00633	0.00421	0.00334	0.00117	0.00478	0.00288	0.00264	0.01942

[dist]
# distance from previous block
# <min> <max>
1	11

[block]
# block no. 3 follows, 64 sequences, length 33
# corresponding to MSA columns:
# 212-244
name=unknown_D
#
# <colnr> <probs for GDERKNQSTAVLIFYWHMCP>
#	G	D	E	R	K	N	Q	S	T	A	V	L	I	F	Y	W	H	M	C	P
0	0.17655	0.19077	0.05904	0.06495	0.12037	0.13310	0.01657	0.04900	0.00928	0.01341	0.00695	0.00860	0.00578	0.01770	0.02018	0.00125	0.00491	0.00286	0.00222	0.09649
1	0.00579	0.00423	0.00518	0.00510	0.00614	0.00381	0.00379	0.00730	0.01049	0.03044	0.45389	0.12962	0.26000	0.02659	0.00528	0.00145	0.00218	0.03072	0.00423	0.00377
2	0.00550	0.00451	0.00487	0.00492	0.00619	0.00407	0.00370	0.00733	0.06275	0.01202	0.10223	0.10095	0.57158	0.03416	0.00541	0.00152	0.00236	0.05830	0.00390	0.00372
3	0.00541	0.00419	0.00481	0.00489	0.00592	0.00375	0.00362	0.00661	0.00955	0.01225	0.22298	0.10683	0.42581	0.09321	0.00660	0.00170	0.00242	0.07200	0.00389	0.00352
4	0.01196	0.01379	0.01226	0.36158	0.01959	0.42143	0.02698	0.02953	0.04311	0.01102	0.00736	0.00945	0.00578	0.00428	0.00397	0.00123	0.00643	0.00325	0.00214	0.00486
5	0.00777	0.00545	0.00636	0.00530	0.00734	0.00468	0.00411	0.02542	0.00996	0.03894	0.26047	0.01927	0.06941	0.00572	0.00376	0.00099	0.00244	0.00481	0.21470	0.30310
6	0.00646	0.03891	0.00616	0.00539	0.00660	0.00462	0.00408	0.00843	0.04375	0.04565	0.46613	0.14138	0.18879	0.00906	0.00481	0.00136	0.00226	0.00788	0.00423	0.00405
7	0.00986	0.00969	0.01474	0.13770	0.42842	0.04276	0.01124	0.02356	0.00862	0.01214	0.00703	0.00993	0.00606	0.00486	0.00692	0.00142	0.25378	0.00364	0.00199	0.00563
8	0.00553	0.00413	0.00514	0.00509	0.00605	0.00374	0.00374	0.00709	0.01064	0.01448	0.52349	0.16636	0.20990	0.00967	0.00497	0.00139	0.00206	0.00849	0.00430	0.00374
9	0.01579	0.01163	0.01247	0.00956	0.01288	0.01288	0.00789	0.81426	0.01953	0.02618	0.00997	0.00997	0.00706	0.00499	0.00416	0.00125	0.00457	0.00374	0.00416	0.00706
10	0.83920	0.00798	0.00629	0.00556	0.00816	0.00915	0.00458	0.01262	0.00732	0.06013	0.00633	0.00713	0.00479	0.00392	0.00265	0.00129	0.00323	0.00235	0.00270	0.00463
11	0.01074	0.00913	0.00962	0.00854	0.01096	0.01052	0.00667	0.08137	0.76064	0.01803	0.01639	0.01508	0.01226	0.00559	0.00422	0.00140	0.00338	0.00462	0.00422	0.00661
12	0.00508	0.00424	0.00445	0.00448	0.00582	0.00361	0.00341	0.00625	0.00965	0.01170	0.10067	0.03967	0.72217	0.01042	0.00495	0.00142	0.00219	0.05236	0.00391	0.00356
13	0.01021	0.01004	0.01596	0.14232	0.66977	0.05390	0.01232	0.01265	0.00942	0.01296	0.00768	0.01025	0.00636	0.00380	0.00410	0.00125	0.00516	0.00364	0.00203	0.00620
14	0.01009	0.00963	0.01617	0.08871	0.72826	0.00984	0.01237	0.01301	0.04643	0.01351	0.00820	0.01058	0.00678	0.00382	0.00412	0.00125	0.00491	0.00375	0.00214	0.00643
15	0.00716	0.00429	0.00467	0.00457	0.00572	0.00405	0.00342	0.02916	0.00959	0.04379	0.11879	0.10226	0.21967	0.00748	0.00395	0.00120	0.00215	0.00629	0.41783	0.00394
16	0.00841	0.02094	0.78942	0.01214	0.01818	0.00969	0.05788	0.01316	0.00882	0.01316	0.00750	0.00890	0.00532	0.00392	0.00400	0.00132	0.00618	0.00317	0.00177	0.00611
17	0.00946	0.12028	0.22586	0.06555	0.05070	0.05673	0.31786	0.01260	0.00928	0.01231	0.00919	0.04712	0.02562	0.00438	0.00426	0.00131	0.00596	0.01397	0.00209	0.00547
18	0.00786	0.00543	0.00749	0.00739	0.03927	0.00605	0.00536	0.02313	0.00775	0.08399	0.05927	0.01938	0.01286	0.20961	0.33668	0.00410	0.10166	0.03353	0.02515	0.00402
19	0.09303	0.00831	0.00981	0.00777	0.01073	0.00831	0.00634	0.25711	0.02978	0.44010	0.01402	0.07433	0.01013	0.00557	0.00411	0.00131	0.00373	0.00445	0.00450	0.00656
20	0.01785	0.00430	0.00456	0.00457	0.00591	0.00372	0.00349	0.00645	0.00971	0.01206	0.13403	0.03886	0.66905	0.01024	0.00493	0.00142	0.00221	0.05914	0.00392	0.00359
21	0.00966	0.03842	0.12144	0.30332	0.23614	0.02002	0.02504	0.05403	0.00959	0.06182	0.01025	0.01229	0.05456	0.00497	0.02001	0.00140	0.00520	0.00392	0.00234	0.00558
22	0.00807	0.00755	0.01274	0.74757	0.10557	0.00918	0.01149	0.01071	0.00836	0.01083	0.00742	0.01103	0.00567	0.00432	0.00440	0.01936	0.00544	0.00369	0.00187	0.00475
23	0.05980	0.04602	0.01184	0.00974	0.01234	0.46142	0.00763	0.24026	0.05223	0.04825	0.00826	0.00877	0.00633	0.00453	0.00380	0.00115	0.00598	0.00309	0.00293	0.00562
24	0.01018	0.02105	0.10536	0.12563	0.35873	0.04202	0.08187	0.05589	0.01756	0.04455	0.00979	0.02668	0.03991	0.00452	0.00457	0.00131	0.03810	0.00406	0.00235	0.00589
25	0.04097	0.04472	0.19574	0.14621	0.24275	0.01930	0.13364	0.02846	0.00934	0.03090	0.00961	0.01208	0.04183	0.00433	0.00416	0.00131	0.00537	0.02138	0.00220	0.00571
26	0.00602	0.01951	0.00565	0.00594	0.00658	0.00429	0.00419	0.01823	0.04557	0.02944	0.06312	0.58668	0.07214	0.05086	0.02720	0.00185	0.00286	0.04236	0.00380	0.00371
27	0.02211	0.00511	0.00593	0.00619	0.00730	0.02587	0.00484	0.03710	0.02520	0.03197	0.10585	0.24002	0.20851	0.01040	0.00507	0.00158	0.00295	0.22952	0.02055	0.00393
28	0.01165	0.02906	0.02821	0.17183	0.13376	0.15540	0.00866	0.11965	0.08081	0.09292	0.01269	0.01371	0.08675	0.01679	0.00452	0.00131	0.01961	0.00413	0.00296	0.00557
29	0.00831	0.02500	0.09778	0.11752	0.10988	0.02811	0.02380	0.02666	0.03690	0.06748	0.11610	0.16612	0.10635	0.02633	0.02383	0.00156	0.00407	0.00621	0.00316	0.00484
30	0.00539	0.00414	0.00495	0.00540	0.00620	0.00381	0.00388	0.00675	0.03662	0.01153	0.08630	0.41037	0.29527	0.03666	0.00561	0.00164	0.00245	0.06557	0.00388	0.00357
31	0.09417	0.04401	0.04313	0.04222	0.18148	0.08952	0.14431	0.11734	0.01025	0.01442	0.00875	0.07446	0.00772	0.00552	0.02092	0.00144	0.08814	0.00422	0.00249	0.00548
32	0.13213	0.01925	0.04953	0.13588	0.18938	0.09963	0.05727	0.05416	0.04212	0.03903	0.00893	0.02627	0.00749	0.07370	0.00538	0.00150	0.01534	0.00381	0.03396	0.00524

[dist]
# distance from previous block
# <min> <max>
0	74

# created by:
# /st0/software/busco_prod/Augustus/scripts/msa2prfl.pl ./align_prep/38101.fa
