[name]
unknown

[dist]
# distance from previous block
# <min> <max>
0	11

[block]
# block no. 0 follows, 54 sequences, length 15
# corresponding to MSA columns:
# 30-44
name=unknown_A
#
# <colnr> <probs for GDERKNQSTAVLIFYWHMCP>
#	G	D	E	R	K	N	Q	S	T	A	V	L	I	F	Y	W	H	M	C	P
0	0.01025	0.00842	0.01080	0.02604	0.07212	0.04573	0.05355	0.10493	0.07694	0.04323	0.07169	0.14180	0.05470	0.06558	0.07793	0.01623	0.03520	0.05972	0.00373	0.02140
1	0.00871	0.00676	0.00807	0.02815	0.00940	0.02656	0.02007	0.10693	0.03342	0.03465	0.10992	0.30708	0.13682	0.07302	0.02092	0.00198	0.03098	0.00896	0.00416	0.02346
2	0.04178	0.00530	0.00612	0.00613	0.00725	0.00506	0.00433	0.02342	0.04193	0.06938	0.09147	0.28825	0.21812	0.15931	0.00881	0.00220	0.00315	0.00943	0.00424	0.00431
3	0.05863	0.00617	0.00703	0.00656	0.00813	0.00618	0.00488	0.04499	0.08842	0.06622	0.13083	0.12138	0.15945	0.11960	0.07764	0.00245	0.00404	0.00734	0.04472	0.03534
4	0.03059	0.00547	0.00646	0.00644	0.00753	0.00534	0.00464	0.04895	0.04383	0.04572	0.12602	0.26457	0.16067	0.14350	0.00899	0.03344	0.00327	0.04606	0.00421	0.00431
5	0.01015	0.00631	0.00771	0.00733	0.00881	0.00633	0.00542	0.08985	0.07955	0.13731	0.04088	0.34767	0.05676	0.07281	0.06437	0.00231	0.00405	0.00873	0.03843	0.00521
6	0.03739	0.00575	0.00680	0.00679	0.00788	0.00581	0.00489	0.04119	0.09096	0.05121	0.10544	0.28702	0.07954	0.17548	0.02443	0.00241	0.00359	0.05471	0.00420	0.00453
7	0.00750	0.00522	0.00640	0.00668	0.00741	0.00526	0.00469	0.03754	0.05231	0.03306	0.05716	0.44696	0.05323	0.13860	0.00868	0.00220	0.02613	0.03034	0.06635	0.00426
8	0.06598	0.00650	0.00753	0.00690	0.00877	0.00635	0.00524	0.05383	0.09038	0.14988	0.13176	0.19859	0.15641	0.02562	0.00580	0.02186	0.00318	0.00790	0.02551	0.02200
9	0.04799	0.00865	0.01046	0.00884	0.01134	0.00897	0.04236	0.18849	0.14703	0.13913	0.05213	0.13062	0.03785	0.06806	0.02255	0.00189	0.00430	0.03180	0.00443	0.03311
10	0.04915	0.00786	0.01008	0.02079	0.01110	0.02974	0.08302	0.07361	0.05821	0.08156	0.06774	0.19530	0.10204	0.06032	0.02156	0.00180	0.00419	0.00723	0.00392	0.11075
11	0.07084	0.00752	0.03409	0.00723	0.00965	0.00686	0.00589	0.06323	0.07533	0.16955	0.31072	0.04355	0.08403	0.00766	0.00489	0.00144	0.00323	0.00644	0.02616	0.06168
12	0.01364	0.03466	0.01402	0.01120	0.02754	0.08545	0.09044	0.29037	0.07204	0.04665	0.07987	0.01528	0.01201	0.06055	0.04295	0.00196	0.08633	0.00488	0.00375	0.00641
13	0.19166	0.03579	0.01065	0.00815	0.01148	0.03508	0.00668	0.06521	0.04373	0.49509	0.01488	0.01406	0.01003	0.03074	0.00489	0.00153	0.00419	0.00423	0.00481	0.00710
14	0.01154	0.03818	0.01096	0.00887	0.01054	0.16973	0.09346	0.04550	0.01003	0.08760	0.01266	0.02126	0.01250	0.43074	0.01456	0.00301	0.00573	0.00548	0.00305	0.00460

[dist]
# distance from previous block
# <min> <max>
0	1

[block]
# block no. 1 follows, 54 sequences, length 6
# corresponding to MSA columns:
# 46-51
name=unknown_B
#
# <colnr> <probs for GDERKNQSTAVLIFYWHMCP>
#	G	D	E	R	K	N	Q	S	T	A	V	L	I	F	Y	W	H	M	C	P
0	0.00663	0.00459	0.00531	0.00551	0.00579	0.00447	0.00344	0.00700	0.00781	0.01022	0.02049	0.13448	0.10473	0.58822	0.01859	0.00376	0.00409	0.05835	0.00331	0.00320
1	0.09306	0.00707	0.05209	0.00745	0.00868	0.00639	0.09683	0.00897	0.00765	0.01136	0.01305	0.02526	0.01415	0.60802	0.01865	0.00374	0.00501	0.00609	0.00276	0.00372
2	0.13771	0.33535	0.01859	0.01044	0.01363	0.17111	0.12438	0.01455	0.01002	0.01315	0.00762	0.01007	0.00675	0.05365	0.00561	0.00147	0.05451	0.00343	0.00234	0.00560
3	0.00884	0.00792	0.01020	0.00859	0.00996	0.06856	0.12771	0.03815	0.00914	0.01175	0.01634	0.04938	0.09213	0.44224	0.01553	0.00313	0.04168	0.00653	0.00298	0.02926
4	0.12265	0.00986	0.01227	0.01020	0.01206	0.11654	0.17089	0.01161	0.00941	0.01324	0.03376	0.08701	0.06104	0.21291	0.01069	0.00234	0.08992	0.00601	0.00291	0.00467
5	0.15642	0.09599	0.07985	0.04200	0.01797	0.13096	0.29690	0.01484	0.01023	0.01469	0.00794	0.01027	0.00632	0.00469	0.00559	0.00150	0.09160	0.00403	0.00237	0.00587

[dist]
# distance from previous block
# <min> <max>
1	19

[block]
# block no. 2 follows, 54 sequences, length 14
# corresponding to MSA columns:
# 78-91
name=unknown_C
#
# <colnr> <probs for GDERKNQSTAVLIFYWHMCP>
#	G	D	E	R	K	N	Q	S	T	A	V	L	I	F	Y	W	H	M	C	P
0	0.03492	0.01179	0.08690	0.04585	0.03413	0.01016	0.37140	0.03668	0.04297	0.07929	0.06771	0.01396	0.01032	0.00476	0.00509	0.00144	0.01691	0.00495	0.00304	0.11773
1	0.06493	0.04977	0.03416	0.11004	0.08425	0.03742	0.31785	0.06111	0.02190	0.06873	0.00956	0.01179	0.00724	0.00457	0.00525	0.00147	0.04340	0.00447	0.00277	0.05930
2	0.01255	0.12768	0.07619	0.03443	0.02958	0.09710	0.09627	0.10195	0.08731	0.05809	0.03288	0.01337	0.02400	0.04272	0.00523	0.00142	0.00537	0.00420	0.00318	0.14649
3	0.05624	0.08354	0.03934	0.01035	0.05219	0.03701	0.11310	0.02858	0.02926	0.07539	0.03263	0.06554	0.01053	0.05446	0.00541	0.00139	0.00470	0.00455	0.00310	0.29269
4	0.11259	0.01063	0.08545	0.02526	0.02681	0.05119	0.12876	0.09438	0.04992	0.03853	0.11837	0.08624	0.13770	0.00732	0.00494	0.00153	0.00469	0.00636	0.00369	0.00567
5	0.08137	0.15060	0.09844	0.01097	0.04580	0.04238	0.04368	0.28680	0.03774	0.02000	0.00928	0.01021	0.00714	0.00481	0.00438	0.00129	0.02372	0.00361	0.00326	0.11454
6	0.00726	0.00579	0.00815	0.00783	0.00844	0.00695	0.00601	0.00856	0.00756	0.01081	0.01358	0.02039	0.04828	0.15408	0.52932	0.00597	0.13888	0.00541	0.00259	0.00414
7	0.00974	0.02242	0.67761	0.01453	0.02112	0.01111	0.14770	0.01496	0.01015	0.01496	0.00864	0.01042	0.00617	0.00439	0.00466	0.00151	0.00713	0.00384	0.00206	0.00687
8	0.01248	0.30372	0.16080	0.01200	0.03903	0.10890	0.12160	0.04999	0.05801	0.03211	0.02864	0.01196	0.00852	0.00487	0.00423	0.00132	0.00604	0.02679	0.00264	0.00636
9	0.08861	0.05481	0.07377	0.18543	0.15435	0.01040	0.06851	0.06353	0.03442	0.11347	0.03827	0.05172	0.01044	0.00559	0.00464	0.00150	0.00526	0.02574	0.00320	0.00634
10	0.00796	0.00577	0.00652	0.00633	0.00730	0.03344	0.00454	0.00961	0.04145	0.04957	0.22438	0.03330	0.11245	0.31247	0.04706	0.00295	0.00412	0.08271	0.00396	0.00411
11	0.00587	0.00416	0.00543	0.00641	0.00665	0.00391	0.00421	0.00660	0.00878	0.01171	0.02474	0.74143	0.02961	0.10671	0.00804	0.00221	0.00294	0.01267	0.00421	0.00372
12	0.03528	0.15990	0.05157	0.01101	0.01394	0.51702	0.00907	0.05240	0.01269	0.03421	0.00874	0.01138	0.00754	0.00524	0.00419	0.00127	0.00721	0.04894	0.00266	0.00575
13	0.03718	0.01569	0.01318	0.04341	0.01476	0.34399	0.03550	0.24957	0.05263	0.08756	0.01229	0.01267	0.04948	0.00558	0.00456	0.00137	0.00634	0.00414	0.00363	0.00649

[dist]
# distance from previous block
# <min> <max>
0	1

[block]
# block no. 3 follows, 54 sequences, length 35
# corresponding to MSA columns:
# 93-95,97-128
name=unknown_D
#
# <colnr> <probs for GDERKNQSTAVLIFYWHMCP>
#	G	D	E	R	K	N	Q	S	T	A	V	L	I	F	Y	W	H	M	C	P
0	0.10037	0.20182	0.12137	0.01241	0.06435	0.13241	0.12890	0.01552	0.01057	0.07558	0.00855	0.00996	0.00670	0.00451	0.00449	0.00132	0.03573	0.00354	0.00259	0.05930
1	0.00879	0.00439	0.00439	0.00439	0.00549	0.00439	0.00330	0.01099	0.00989	0.01758	0.01538	0.01758	0.01209	0.00549	0.00330	0.00110	0.00220	0.00439	0.86047	0.00439
2	0.10299	0.17761	0.05649	0.01240	0.10323	0.10621	0.08992	0.06081	0.02313	0.09900	0.00924	0.01037	0.00716	0.00456	0.00431	0.00128	0.02367	0.00358	0.00292	0.10110
3	0.22409	0.24671	0.04333	0.04789	0.20093	0.04852	0.02277	0.01461	0.04241	0.01524	0.00784	0.00954	0.00654	0.00455	0.00432	0.00135	0.04745	0.00331	0.00246	0.00614
4	0.00674	0.00503	0.00745	0.00745	0.00825	0.00582	0.00573	0.00834	0.00754	0.01085	0.01275	0.01918	0.01207	0.07762	0.77374	0.00742	0.01220	0.00515	0.00254	0.00414
5	0.00586	0.00420	0.00558	0.00648	0.00687	0.00391	0.00439	0.00687	0.00958	0.01292	0.12612	0.72856	0.03290	0.01411	0.00596	0.00186	0.00267	0.01278	0.00448	0.00391
6	0.00879	0.00439	0.00439	0.00439	0.00549	0.00439	0.00330	0.01099	0.00989	0.01758	0.01538	0.01758	0.01209	0.00549	0.00330	0.00110	0.00220	0.00439	0.86047	0.00439
7	0.01003	0.00853	0.00991	0.00710	0.01128	0.00654	0.00569	0.03595	0.01016	0.01581	0.00847	0.00983	0.00702	0.00356	0.00353	0.00072	0.00354	0.00284	0.00285	0.83663
8	0.05908	0.54195	0.04678	0.00872	0.01234	0.01534	0.04639	0.01474	0.09331	0.01345	0.06586	0.01140	0.00994	0.00597	0.03598	0.00144	0.00513	0.00354	0.00263	0.00601
9	0.01173	0.01013	0.01066	0.00960	0.01226	0.01173	0.00746	0.02505	0.79636	0.01972	0.01919	0.01759	0.01439	0.00640	0.00480	0.00160	0.00373	0.00533	0.00480	0.00746
10	0.10327	0.00744	0.02523	0.06324	0.02347	0.03893	0.08160	0.04054	0.00997	0.01424	0.01909	0.47369	0.02134	0.01070	0.00540	0.00176	0.00411	0.04758	0.00373	0.00468
11	0.01238	0.03787	0.29671	0.01147	0.06468	0.00910	0.02896	0.01667	0.09110	0.22002	0.01670	0.07736	0.07010	0.00646	0.00481	0.00153	0.00505	0.01855	0.00370	0.00678
12	0.00879	0.00439	0.00439	0.00439	0.00549	0.00439	0.00330	0.01099	0.00989	0.01758	0.01538	0.01758	0.01209	0.00549	0.00330	0.00110	0.00220	0.00439	0.86047	0.00439
13	0.00712	0.00515	0.00662	0.00613	0.00735	0.00485	0.00463	0.04002	0.01370	0.01934	0.77084	0.03427	0.04303	0.00948	0.00553	0.00148	0.00234	0.00836	0.00517	0.00459
14	0.03096	0.15050	0.06744	0.10710	0.32804	0.02521	0.04206	0.06364	0.02634	0.05927	0.00958	0.02796	0.00779	0.00467	0.00438	0.00136	0.00549	0.00407	0.00270	0.03142
15	0.10965	0.01249	0.06181	0.02723	0.10651	0.06552	0.08462	0.21821	0.08852	0.11484	0.01131	0.01211	0.00832	0.00583	0.02124	0.00160	0.03536	0.00423	0.00366	0.00696
16	0.01274	0.00894	0.01236	0.01133	0.12270	0.00800	0.04733	0.05917	0.01146	0.18050	0.05463	0.01315	0.01018	0.00514	0.00510	0.02784	0.03398	0.00403	0.00353	0.36788
17	0.02390	0.01094	0.09886	0.03219	0.32170	0.00951	0.04665	0.09978	0.01217	0.05063	0.09657	0.03022	0.10597	0.00645	0.00516	0.01662	0.00491	0.01801	0.00331	0.00645
18	0.01177	0.49243	0.13650	0.00885	0.02484	0.01430	0.00869	0.04326	0.00991	0.05141	0.00921	0.02537	0.00849	0.12944	0.00662	0.00168	0.00518	0.00369	0.00247	0.00587
19	0.00879	0.00439	0.00439	0.00439	0.00549	0.00439	0.00330	0.01099	0.00989	0.01758	0.01538	0.01758	0.01209	0.00549	0.00330	0.00110	0.00220	0.00439	0.86047	0.00439
20	0.01077	0.00877	0.01017	0.00734	0.01148	0.00699	0.00590	0.07579	0.01090	0.03954	0.00892	0.01009	0.00720	0.00374	0.00363	0.00078	0.00365	0.00297	0.00304	0.76835
21	0.00879	0.00439	0.00439	0.00439	0.00549	0.00439	0.00330	0.01099	0.00989	0.01758	0.01538	0.01758	0.01209	0.00549	0.00330	0.00110	0.00220	0.00439	0.86047	0.00439
22	0.00985	0.00900	0.02924	0.00789	0.01218	0.00672	0.05166	0.01213	0.00986	0.01534	0.00845	0.00995	0.00697	0.00354	0.00364	0.00077	0.00383	0.00297	0.00275	0.79325
23	0.00682	0.00473	0.00594	0.00594	0.00622	0.00500	0.00385	0.00737	0.00709	0.00973	0.01413	0.02681	0.01539	0.57223	0.28366	0.00556	0.00721	0.00626	0.00275	0.00330
24	0.01015	0.00860	0.00997	0.00716	0.01133	0.00666	0.00574	0.04697	0.01034	0.01601	0.00851	0.00985	0.00703	0.00359	0.00355	0.00073	0.00357	0.00286	0.00288	0.82451
25	0.05437	0.01291	0.01574	0.08148	0.34736	0.11722	0.01139	0.25123	0.01439	0.03520	0.00946	0.01112	0.00734	0.00481	0.00455	0.00140	0.00578	0.00400	0.00315	0.00710
26	0.01735	0.01292	0.01383	0.01073	0.01440	0.01436	0.00882	0.71882	0.09344	0.02880	0.01204	0.01190	0.00861	0.00573	0.00472	0.00143	0.00505	0.00435	0.00472	0.00797
27	0.01107	0.01311	0.05395	0.01966	0.02450	0.01189	0.76202	0.01510	0.01109	0.01510	0.00950	0.01263	0.00711	0.00399	0.00553	0.00159	0.00792	0.00549	0.00237	0.00638
28	0.00602	0.00436	0.00574	0.00675	0.00725	0.00409	0.00481	0.00708	0.00944	0.01241	0.02754	0.64937	0.09129	0.01428	0.00606	0.00193	0.00296	0.13032	0.00437	0.00392
29	0.01050	0.01000	0.01702	0.36619	0.47681	0.01089	0.01389	0.01344	0.01018	0.01398	0.00866	0.01205	0.00697	0.00442	0.00469	0.00147	0.00589	0.00420	0.00223	0.00652
30	0.00879	0.00439	0.00439	0.00439	0.00549	0.00439	0.00330	0.01099	0.00989	0.01758	0.01538	0.01758	0.01209	0.00549	0.00330	0.00110	0.00220	0.00439	0.86047	0.00439
31	0.02562	0.00757	0.05156	0.00758	0.02370	0.04757	0.01604	0.02583	0.04519	0.04113	0.24521	0.12684	0.12460	0.13364	0.00814	0.00203	0.00371	0.04388	0.00411	0.01609
32	0.00577	0.00422	0.00544	0.00640	0.00686	0.00389	0.00436	0.00667	0.00928	0.01217	0.02860	0.71648	0.12455	0.01439	0.00598	0.00188	0.00273	0.03209	0.00438	0.00386
33	0.01021	0.00983	0.06626	0.00842	0.04077	0.00719	0.00690	0.04938	0.01042	0.01602	0.00854	0.00993	0.00698	0.00369	0.00366	0.00081	0.00389	0.00296	0.00281	0.73132
34	0.01419	0.35087	0.11668	0.01143	0.05264	0.31485	0.00999	0.04252	0.01149	0.01259	0.00733	0.00858	0.00619	0.00453	0.00400	0.00120	0.01959	0.00300	0.00228	0.00607

[dist]
# distance from previous block
# <min> <max>
1	5

[block]
# block no. 4 follows, 54 sequences, length 10
# corresponding to MSA columns:
# 138-147
name=unknown_E
#
# <colnr> <probs for GDERKNQSTAVLIFYWHMCP>
#	G	D	E	R	K	N	Q	S	T	A	V	L	I	F	Y	W	H	M	C	P
0	0.01211	0.16845	0.07623	0.17391	0.05468	0.17522	0.15960	0.01495	0.02831	0.01291	0.00818	0.01053	0.00659	0.00466	0.00508	0.00140	0.05634	0.00385	0.00228	0.02473
1	0.00801	0.00603	0.00777	0.00738	0.00855	0.00666	0.00556	0.01116	0.12733	0.03191	0.05448	0.02194	0.04617	0.16975	0.41060	0.00507	0.03045	0.00568	0.00321	0.03231
2	0.00623	0.00476	0.00574	0.00576	0.00695	0.00427	0.00433	0.00793	0.01178	0.01562	0.39542	0.12716	0.31606	0.01125	0.00568	0.00161	0.00247	0.05802	0.00475	0.00421
3	0.00879	0.00439	0.00439	0.00439	0.00549	0.00439	0.00330	0.01099	0.00989	0.01758	0.01538	0.01758	0.01209	0.00549	0.00330	0.00110	0.00220	0.00439	0.86047	0.00439
4	0.00557	0.00478	0.00478	0.00478	0.00637	0.00398	0.00358	0.00677	0.01075	0.01274	0.04776	0.04538	0.80297	0.01194	0.00557	0.00159	0.00239	0.00995	0.00438	0.00398
5	0.01817	0.01282	0.01391	0.01066	0.01443	0.01405	0.00881	0.73173	0.02152	0.08807	0.01187	0.01167	0.00829	0.00567	0.00472	0.00142	0.00510	0.00428	0.00480	0.00802
6	0.01167	0.01120	0.01914	0.02894	0.80488	0.01120	0.01447	0.01447	0.01074	0.01540	0.00887	0.01167	0.00747	0.00420	0.00467	0.00140	0.00560	0.00420	0.00233	0.00747
7	0.00978	0.00838	0.00978	0.00698	0.01117	0.00629	0.00559	0.01187	0.00978	0.01536	0.00838	0.00978	0.00698	0.00349	0.00349	0.00070	0.00349	0.00279	0.00279	0.86312
8	0.01877	0.00787	0.01029	0.00807	0.01118	0.00711	0.00646	0.07435	0.01310	0.63267	0.01752	0.01796	0.01224	0.13108	0.00765	0.00193	0.00418	0.00503	0.00531	0.00724
9	0.19875	0.04325	0.00934	0.00786	0.01040	0.01019	0.00622	0.04786	0.38887	0.01869	0.04108	0.04108	0.14381	0.00705	0.00449	0.00154	0.00354	0.00562	0.00420	0.00616

[dist]
# distance from previous block
# <min> <max>
0	4

[block]
# block no. 5 follows, 54 sequences, length 16
# corresponding to MSA columns:
# 152-167
name=unknown_F
#
# <colnr> <probs for GDERKNQSTAVLIFYWHMCP>
#	G	D	E	R	K	N	Q	S	T	A	V	L	I	F	Y	W	H	M	C	P
0	0.14661	0.17920	0.08795	0.03747	0.18779	0.06343	0.02251	0.07481	0.05192	0.09223	0.00955	0.01060	0.00735	0.00465	0.00405	0.00135	0.00527	0.00360	0.00297	0.00665
1	0.00671	0.00496	0.00601	0.00635	0.00721	0.00471	0.00448	0.05689	0.01061	0.01396	0.12076	0.45554	0.18424	0.07012	0.00706	0.00196	0.00292	0.02698	0.00439	0.00414
2	0.01580	0.03629	0.03203	0.02181	0.01515	0.32095	0.09761	0.22461	0.01520	0.08050	0.06375	0.01328	0.01993	0.00554	0.00468	0.00137	0.00649	0.01510	0.00352	0.00640
3	0.07157	0.13452	0.15752	0.03683	0.08472	0.06614	0.03204	0.02798	0.01133	0.22911	0.04733	0.05888	0.01083	0.00560	0.00441	0.00141	0.00517	0.00453	0.00349	0.00659
4	0.00921	0.00819	0.01090	0.04965	0.23626	0.06057	0.02559	0.01109	0.01097	0.04842	0.08494	0.12931	0.26406	0.00870	0.00523	0.00155	0.00415	0.02218	0.00364	0.00538
5	0.00674	0.00505	0.00758	0.00758	0.00842	0.00589	0.00589	0.00842	0.00758	0.01095	0.01263	0.01852	0.01179	0.03536	0.81561	0.00758	0.01263	0.00505	0.00253	0.00421
6	0.01328	0.70977	0.02310	0.00928	0.04773	0.06929	0.00837	0.01484	0.01005	0.04760	0.00725	0.00819	0.00637	0.00418	0.00326	0.00106	0.00524	0.00273	0.00223	0.00617
7	0.01288	0.79272	0.02409	0.00829	0.01224	0.06209	0.00812	0.01438	0.00979	0.01112	0.00660	0.00761	0.00605	0.00408	0.00309	0.00102	0.00523	0.00255	0.00204	0.00602
8	0.00998	0.00827	0.00993	0.00738	0.01119	0.00658	0.02464	0.03783	0.02622	0.03471	0.01189	0.05320	0.04963	0.00469	0.00387	0.00089	0.00358	0.00391	0.00312	0.68848
9	0.01163	0.00992	0.01267	0.04616	0.18037	0.10081	0.06006	0.08705	0.01322	0.08460	0.28783	0.03367	0.03817	0.00679	0.00505	0.00145	0.00465	0.00599	0.00394	0.00599
10	0.03894	0.01248	0.05103	0.03255	0.33591	0.08379	0.11392	0.03040	0.18782	0.02890	0.01162	0.01372	0.00924	0.00501	0.00476	0.00148	0.00570	0.02273	0.00305	0.00695
11	0.49539	0.01405	0.00959	0.00857	0.01135	0.31164	0.00672	0.01630	0.01037	0.06776	0.00760	0.00851	0.00589	0.00465	0.00353	0.00137	0.00549	0.00287	0.00292	0.00543
12	0.01024	0.00764	0.00917	0.00732	0.00998	0.00689	0.00562	0.12626	0.01045	0.01515	0.00941	0.01280	0.00829	0.04995	0.06999	0.20815	0.00464	0.00369	0.00289	0.42147
13	0.01196	0.01152	0.01864	0.06866	0.54878	0.06206	0.10889	0.01469	0.01092	0.04683	0.00996	0.04744	0.00848	0.00477	0.00482	0.00145	0.00593	0.00472	0.00256	0.00695
14	0.01152	0.00726	0.00979	0.00883	0.04475	0.00692	0.05997	0.03894	0.10379	0.21673	0.10761	0.08740	0.19464	0.07205	0.00666	0.00179	0.00375	0.00722	0.00455	0.00581
15	0.01220	0.25020	0.05322	0.16445	0.27242	0.06452	0.01158	0.03086	0.01053	0.04666	0.00836	0.01050	0.00683	0.00454	0.00455	0.00134	0.03477	0.00363	0.00238	0.00646

[dist]
# distance from previous block
# <min> <max>
0	5

[block]
# block no. 6 follows, 54 sequences, length 9
# corresponding to MSA columns:
# 174-182
name=unknown_G
#
# <colnr> <probs for GDERKNQSTAVLIFYWHMCP>
#	G	D	E	R	K	N	Q	S	T	A	V	L	I	F	Y	W	H	M	C	P
0	0.00645	0.00515	0.00622	0.00611	0.00746	0.00465	0.02555	0.02658	0.01106	0.01409	0.16388	0.15446	0.43154	0.04672	0.00647	0.00179	0.00288	0.07038	0.00440	0.00418
1	0.01120	0.00981	0.01487	0.53661	0.14124	0.01145	0.01243	0.17573	0.01230	0.01625	0.00907	0.01218	0.00682	0.00484	0.00471	0.00151	0.00596	0.00420	0.00268	0.00615
2	0.01242	0.66331	0.02176	0.00839	0.01214	0.01720	0.00794	0.01642	0.17494	0.01291	0.00921	0.00967	0.00780	0.00453	0.00340	0.00113	0.00477	0.00311	0.00260	0.00635
3	0.00815	0.00433	0.00462	0.00485	0.00578	0.00428	0.00352	0.01006	0.00971	0.01641	0.01761	0.18859	0.01610	0.00744	0.00387	0.00127	0.00231	0.00629	0.68054	0.00428
4	0.74430	0.00896	0.00751	0.00652	0.00954	0.01005	0.00537	0.01519	0.00882	0.13580	0.00832	0.00888	0.00606	0.00459	0.00318	0.00146	0.00370	0.00287	0.00334	0.00553
5	0.00745	0.00431	0.00571	0.00571	0.00604	0.00414	0.00381	0.00638	0.00721	0.00928	0.01748	0.02326	0.17654	0.13459	0.01654	0.55679	0.00381	0.00573	0.00266	0.00257
6	0.00766	0.00505	0.00654	0.00603	0.00736	0.00460	0.00457	0.00978	0.01318	0.07615	0.69429	0.03450	0.09320	0.00952	0.00550	0.00149	0.00237	0.00835	0.00518	0.00468
7	0.03255	0.01314	0.12854	0.01040	0.03530	0.18892	0.05679	0.08330	0.01253	0.01597	0.18085	0.09786	0.09230	0.00803	0.02129	0.00160	0.00536	0.00624	0.00353	0.00549
8	0.19118	0.17493	0.07031	0.12505	0.05527	0.04834	0.06126	0.02907	0.00996	0.05417	0.01083	0.12954	0.01001	0.00596	0.00421	0.00145	0.00506	0.00488	0.00286	0.00568

[dist]
# distance from previous block
# <min> <max>
2	17

# created by:
# /st0/software/busco_prod/Augustus/scripts/msa2prfl.pl ./align_prep/38133.fa
