[name]
unknown

[dist]
# distance from previous block
# <min> <max>
0	16

[block]
# block no. 0 follows, 66 sequences, length 16
# corresponding to MSA columns:
# 16-31
name=unknown_A
#
# <colnr> <probs for GDERKNQSTAVLIFYWHMCP>
#	G	D	E	R	K	N	Q	S	T	A	V	L	I	F	Y	W	H	M	C	P
0	0.00654	0.00467	0.00654	0.00747	0.00841	0.00467	0.00654	0.00841	0.00934	0.01214	0.02148	0.04576	0.02335	0.01121	0.00560	0.00187	0.00374	0.80480	0.00374	0.00374
1	0.00898	0.00823	0.00867	0.00638	0.00986	0.07589	0.00506	0.01072	0.00867	0.01294	0.00713	0.00832	0.00594	0.00310	0.00306	0.00064	0.00337	0.00242	0.00238	0.80821
2	0.01223	0.00916	0.01047	0.00873	0.03022	0.02360	0.03261	0.42228	0.12787	0.05841	0.14732	0.03101	0.02410	0.00615	0.02017	0.00136	0.00396	0.00466	0.01969	0.00600
3	0.01017	0.00607	0.00790	0.05642	0.03877	0.00598	0.00557	0.01364	0.14967	0.24327	0.35078	0.02167	0.05973	0.00659	0.00441	0.00129	0.00288	0.00567	0.00429	0.00524
4	0.01008	0.10111	0.19913	0.04421	0.09970	0.08549	0.05490	0.07356	0.14689	0.02502	0.05786	0.01214	0.03605	0.00461	0.00391	0.00121	0.00477	0.00381	0.00268	0.03286
5	0.00506	0.00407	0.00445	0.00446	0.00559	0.00353	0.00326	0.00620	0.00945	0.01190	0.20693	0.09904	0.56105	0.05010	0.00557	0.00149	0.00214	0.00840	0.00385	0.00346
6	0.03041	0.24329	0.04457	0.00846	0.02497	0.10662	0.00719	0.29080	0.04968	0.05502	0.04269	0.01076	0.00828	0.05474	0.00459	0.00128	0.00455	0.00342	0.00302	0.00568
7	0.00744	0.00522	0.00679	0.02664	0.04814	0.00545	0.00499	0.02135	0.10394	0.06136	0.14706	0.10996	0.06667	0.06508	0.21294	0.00276	0.00482	0.00585	0.08929	0.00428
8	0.01280	0.12374	0.06090	0.07409	0.05809	0.12943	0.00824	0.31889	0.06601	0.05715	0.00955	0.04621	0.00757	0.00479	0.00385	0.00119	0.00481	0.00369	0.00309	0.00591
9	0.04032	0.05402	0.05557	0.06780	0.15978	0.00963	0.19310	0.06800	0.04804	0.04108	0.02628	0.06238	0.00878	0.00501	0.00508	0.00133	0.08750	0.02732	0.00253	0.03644
10	0.00913	0.00591	0.02798	0.04643	0.00918	0.00551	0.02912	0.04847	0.00977	0.19876	0.12078	0.25533	0.12915	0.00858	0.00543	0.03034	0.04468	0.00710	0.00379	0.00456
11	0.02464	0.00884	0.01252	0.08037	0.09828	0.05810	0.14799	0.06536	0.09045	0.03648	0.06016	0.07006	0.02915	0.00534	0.00508	0.00129	0.09004	0.00461	0.02162	0.08963
12	0.01119	0.09404	0.10855	0.04262	0.11497	0.05784	0.10451	0.13787	0.05701	0.10256	0.01080	0.08794	0.01766	0.00500	0.00404	0.00124	0.00471	0.00434	0.00290	0.03020
13	0.06691	0.03409	0.00754	0.02792	0.00865	0.05368	0.00512	0.11924	0.06162	0.09112	0.04256	0.29045	0.15842	0.00834	0.00441	0.00138	0.00321	0.00707	0.00367	0.00460
14	0.00745	0.06325	0.00795	0.04709	0.00860	0.06294	0.04457	0.00884	0.04559	0.04764	0.02939	0.35249	0.07481	0.14668	0.00751	0.02715	0.00355	0.00751	0.00315	0.00383
15	0.01091	0.06987	0.14044	0.03660	0.11945	0.13369	0.12217	0.11253	0.04943	0.03218	0.00874	0.05102	0.00724	0.00466	0.00464	0.00126	0.06375	0.00386	0.00246	0.02509

[dist]
# distance from previous block
# <min> <max>
0	15

[block]
# block no. 1 follows, 66 sequences, length 26
# corresponding to MSA columns:
# 47-72
name=unknown_B
#
# <colnr> <probs for GDERKNQSTAVLIFYWHMCP>
#	G	D	E	R	K	N	Q	S	T	A	V	L	I	F	Y	W	H	M	C	P
0	0.17516	0.04644	0.02251	0.04863	0.09622	0.04564	0.05411	0.10591	0.02244	0.05235	0.04744	0.07803	0.05238	0.06600	0.00512	0.00143	0.01530	0.00446	0.00288	0.05757
1	0.03820	0.10101	0.01337	0.04119	0.04450	0.05102	0.14254	0.09738	0.03420	0.06730	0.00868	0.03548	0.00703	0.00404	0.00381	0.00104	0.01831	0.00348	0.00265	0.28478
2	0.01940	0.09295	0.06910	0.00891	0.03044	0.07625	0.10825	0.09712	0.11201	0.02662	0.09852	0.05020	0.05233	0.00531	0.00394	0.00119	0.00411	0.00454	0.08444	0.05439
3	0.03518	0.00664	0.00739	0.00666	0.00842	0.00701	0.00518	0.14975	0.21288	0.03526	0.20559	0.09980	0.14070	0.01991	0.00472	0.00140	0.00291	0.04161	0.00404	0.00495
4	0.00520	0.00407	0.00468	0.00464	0.00572	0.00358	0.00342	0.00652	0.00993	0.01292	0.34640	0.10523	0.43776	0.02549	0.00512	0.00140	0.00206	0.00829	0.00402	0.00355
5	0.01129	0.02230	0.03062	0.04928	0.03172	0.04748	0.06512	0.18568	0.16526	0.11453	0.04221	0.02705	0.04679	0.04803	0.02480	0.00151	0.00427	0.01696	0.02333	0.04180
6	0.04600	0.00878	0.00916	0.00818	0.01052	0.01014	0.00639	0.05121	0.76107	0.01735	0.01581	0.01459	0.01185	0.00541	0.00406	0.00137	0.00326	0.00445	0.00406	0.00636
7	0.00978	0.02088	0.03398	0.03978	0.02977	0.00704	0.01789	0.10570	0.04310	0.05086	0.00828	0.00922	0.00650	0.00351	0.00333	0.00081	0.00350	0.00284	0.00272	0.60052
8	0.02119	0.03052	0.00758	0.00681	0.00778	0.01732	0.03531	0.10719	0.03507	0.01202	0.01521	0.34687	0.01668	0.16368	0.08900	0.02236	0.04018	0.01820	0.00313	0.00391
9	0.88607	0.00785	0.00596	0.00534	0.00785	0.00910	0.00439	0.01193	0.00690	0.01820	0.00565	0.00659	0.00439	0.00377	0.00251	0.00126	0.00314	0.00220	0.00251	0.00439
10	0.00948	0.00973	0.00828	0.02105	0.00949	0.26430	0.00606	0.05308	0.08163	0.01168	0.01492	0.35875	0.01602	0.00847	0.00504	0.00143	0.05374	0.05940	0.00315	0.00431
11	0.01059	0.00673	0.00804	0.00724	0.00922	0.00694	0.00580	0.08740	0.24184	0.19444	0.10772	0.08820	0.05687	0.00742	0.00455	0.00143	0.00320	0.14267	0.00424	0.00543
12	0.00535	0.00400	0.00505	0.00568	0.00642	0.00370	0.00429	0.00649	0.00874	0.01128	0.07068	0.39684	0.23434	0.01147	0.00516	0.00161	0.00260	0.20904	0.00380	0.00347
13	0.00511	0.00376	0.00480	0.00531	0.00587	0.00344	0.00369	0.00615	0.00886	0.01186	0.21850	0.54788	0.13717	0.01133	0.00503	0.00152	0.00221	0.01013	0.00393	0.00344
14	0.00843	0.11018	0.74972	0.01107	0.01680	0.01013	0.01413	0.01277	0.00853	0.01250	0.00711	0.00835	0.00515	0.00381	0.00372	0.00124	0.00582	0.00291	0.00172	0.00591
15	0.00480	0.00411	0.00411	0.00411	0.00548	0.00343	0.00308	0.00582	0.00925	0.01096	0.04110	0.03905	0.83046	0.01028	0.00480	0.00137	0.00206	0.00856	0.00377	0.00343
16	0.00958	0.01094	0.02394	0.01710	0.02120	0.01026	0.81737	0.01300	0.00958	0.01300	0.00821	0.01094	0.00616	0.00342	0.00479	0.00137	0.00684	0.00479	0.00205	0.00547
17	0.88607	0.00785	0.00596	0.00534	0.00785	0.00910	0.00439	0.01193	0.00690	0.01820	0.00565	0.00659	0.00439	0.00377	0.00251	0.00126	0.00314	0.00220	0.00251	0.00439
18	0.00921	0.28586	0.39108	0.00912	0.01339	0.01123	0.01032	0.03270	0.10425	0.01286	0.07567	0.01050	0.00878	0.00431	0.00357	0.00116	0.00477	0.00329	0.00229	0.00564
19	0.00497	0.00361	0.00469	0.00550	0.00586	0.00333	0.00371	0.00575	0.00806	0.01067	0.05966	0.74937	0.09525	0.01231	0.00513	0.00161	0.00231	0.01110	0.00380	0.00333
20	0.01099	0.04957	0.21885	0.03383	0.01409	0.28201	0.09061	0.05441	0.02215	0.02791	0.05332	0.02592	0.04098	0.00484	0.00450	0.00123	0.05351	0.00375	0.00236	0.00516
21	0.00618	0.00465	0.00576	0.00592	0.00669	0.00469	0.00434	0.04296	0.03511	0.02304	0.09173	0.39430	0.16667	0.06210	0.03348	0.00185	0.04785	0.05533	0.00363	0.00372
22	0.05857	0.00804	0.03824	0.00753	0.04667	0.00629	0.03865	0.01098	0.03474	0.01360	0.00748	0.00871	0.00612	0.00320	0.00316	0.00075	0.00336	0.00263	0.00241	0.69886
23	0.01013	0.05615	0.07538	0.02102	0.08240	0.04075	0.09746	0.11050	0.13811	0.07234	0.02380	0.12289	0.06787	0.00600	0.00456	0.00132	0.03569	0.00516	0.00315	0.02532
24	0.00975	0.04288	0.23298	0.03323	0.08749	0.04126	0.06312	0.10000	0.06359	0.05118	0.06796	0.04979	0.04186	0.00523	0.00472	0.00129	0.06282	0.00429	0.00273	0.03383
25	0.00945	0.02844	0.05371	0.08310	0.16547	0.00725	0.01972	0.08423	0.00977	0.09654	0.06867	0.08065	0.05063	0.05857	0.02969	0.02497	0.00411	0.00474	0.00293	0.11737

[dist]
# distance from previous block
# <min> <max>
2	40

[block]
# block no. 2 follows, 66 sequences, length 11
# corresponding to MSA columns:
# 115-125
name=unknown_C
#
# <colnr> <probs for GDERKNQSTAVLIFYWHMCP>
#	G	D	E	R	K	N	Q	S	T	A	V	L	I	F	Y	W	H	M	C	P
0	0.05693	0.18928	0.05150	0.00997	0.05124	0.08247	0.10395	0.01290	0.05741	0.07194	0.00830	0.01050	0.00692	0.00513	0.01650	0.01971	0.12765	0.02993	0.00238	0.08538
1	0.01079	0.00639	0.00711	0.00621	0.00815	0.05110	0.00479	0.04459	0.04579	0.28104	0.04160	0.12133	0.20607	0.05864	0.00531	0.00146	0.00315	0.01934	0.03769	0.03943
2	0.00667	0.00561	0.04515	0.03951	0.00798	0.00498	0.00489	0.04059	0.05983	0.03216	0.48401	0.10326	0.10794	0.03307	0.00513	0.00140	0.00257	0.00707	0.00401	0.00417
3	0.00859	0.00959	0.09552	0.37732	0.28440	0.02763	0.02766	0.01118	0.00852	0.01156	0.00810	0.05657	0.00690	0.00450	0.00453	0.00133	0.04492	0.00398	0.00198	0.00523
4	0.00578	0.00394	0.00470	0.00474	0.00504	0.00386	0.00299	0.00629	0.00728	0.00992	0.15861	0.10936	0.05740	0.51637	0.04669	0.02392	0.00355	0.00668	0.01999	0.00288
5	0.88607	0.00785	0.00596	0.00534	0.00785	0.00910	0.00439	0.01193	0.00690	0.01820	0.00565	0.00659	0.00439	0.00377	0.00251	0.00126	0.00314	0.00220	0.00251	0.00439
6	0.00888	0.07198	0.11079	0.08456	0.12776	0.05224	0.04733	0.10409	0.00996	0.01320	0.05557	0.18758	0.06370	0.00652	0.00460	0.00133	0.03655	0.00559	0.00277	0.00499
7	0.00510	0.00368	0.00469	0.00541	0.00577	0.00343	0.00365	0.00583	0.00788	0.01039	0.04661	0.64109	0.10650	0.09848	0.00672	0.00185	0.00251	0.03352	0.00365	0.00325
8	0.01001	0.14396	0.24630	0.02285	0.01473	0.04454	0.15762	0.11001	0.08808	0.01404	0.03633	0.02240	0.02126	0.00454	0.00440	0.00126	0.04577	0.00380	0.00246	0.00563
9	0.00546	0.00396	0.00479	0.00495	0.00545	0.00384	0.00332	0.00617	0.00755	0.00998	0.09826	0.19929	0.17680	0.33114	0.11831	0.00304	0.00394	0.00752	0.00314	0.00310
10	0.01157	0.46586	0.12140	0.00937	0.05713	0.06176	0.02949	0.10207	0.00990	0.06183	0.00713	0.00799	0.00577	0.00392	0.00352	0.00105	0.02959	0.00277	0.00223	0.00562

[dist]
# distance from previous block
# <min> <max>
1	6

[block]
# block no. 3 follows, 66 sequences, length 8
# corresponding to MSA columns:
# 132-139
name=unknown_D
#
# <colnr> <probs for GDERKNQSTAVLIFYWHMCP>
#	G	D	E	R	K	N	Q	S	T	A	V	L	I	F	Y	W	H	M	C	P
0	0.07874	0.06045	0.03835	0.04219	0.41783	0.06350	0.04868	0.14066	0.04471	0.01520	0.00798	0.00958	0.00636	0.00394	0.00384	0.00120	0.00485	0.00344	0.00244	0.00605
1	0.00985	0.02985	0.06605	0.10554	0.36407	0.08762	0.09307	0.01330	0.10063	0.01280	0.02413	0.02524	0.02134	0.00435	0.00430	0.00126	0.02462	0.00396	0.00231	0.00571
2	0.01381	0.00624	0.00821	0.00668	0.00910	0.00568	0.00537	0.01632	0.08099	0.52185	0.25790	0.01882	0.01863	0.00604	0.00429	0.00127	0.00297	0.00509	0.00478	0.00595
3	0.00910	0.00733	0.00801	0.00739	0.00916	0.00827	0.00563	0.04006	0.56536	0.01554	0.05690	0.10579	0.01454	0.00710	0.00521	0.07654	0.00306	0.00532	0.04425	0.00545
4	0.00523	0.00374	0.00504	0.00598	0.00634	0.00355	0.00427	0.00615	0.00805	0.01068	0.02220	0.70718	0.02620	0.01244	0.00526	0.00169	0.00261	0.15626	0.00376	0.00338
5	0.00590	0.00415	0.00553	0.04288	0.00677	0.00432	0.00407	0.00656	0.00698	0.00941	0.05196	0.13260	0.05899	0.30882	0.20491	0.07868	0.00516	0.05653	0.00272	0.00306
6	0.00523	0.00413	0.00471	0.00456	0.00575	0.00361	0.00342	0.00666	0.01027	0.01339	0.40144	0.03505	0.46861	0.00937	0.00479	0.00133	0.00199	0.00800	0.00409	0.00361
7	0.68844	0.04743	0.00776	0.00628	0.00870	0.05855	0.00519	0.05992	0.00791	0.01723	0.00591	0.00696	0.00469	0.00405	0.00335	0.00126	0.05689	0.00239	0.00250	0.00460

[dist]
# distance from previous block
# <min> <max>
0	1

[block]
# block no. 4 follows, 66 sequences, length 22
# corresponding to MSA columns:
# 141-162
name=unknown_E
#
# <colnr> <probs for GDERKNQSTAVLIFYWHMCP>
#	G	D	E	R	K	N	Q	S	T	A	V	L	I	F	Y	W	H	M	C	P
0	0.01210	0.01012	0.01369	0.05667	0.34196	0.01103	0.00976	0.34839	0.07387	0.01831	0.00901	0.01027	0.00695	0.00451	0.00459	0.00126	0.05439	0.00370	0.00300	0.00641
1	0.00958	0.01094	0.02394	0.01710	0.02120	0.01026	0.81737	0.01300	0.00958	0.01300	0.00821	0.01094	0.00616	0.00342	0.00479	0.00137	0.00684	0.00479	0.00205	0.00547
2	0.00767	0.00718	0.01207	0.77223	0.06644	0.00881	0.01101	0.01027	0.00815	0.01051	0.00786	0.04596	0.00635	0.00440	0.00410	0.00136	0.00525	0.00394	0.00189	0.00455
3	0.00515	0.00368	0.00495	0.00589	0.00622	0.00348	0.00413	0.00601	0.00797	0.01059	0.02225	0.74830	0.02638	0.01251	0.00523	0.00168	0.00254	0.11594	0.00376	0.00335
4	0.00580	0.00548	0.05452	0.05669	0.00816	0.03148	0.00502	0.00715	0.00882	0.01173	0.18099	0.49156	0.08438	0.01032	0.00488	0.00150	0.00283	0.02138	0.00361	0.00369
5	0.88607	0.00785	0.00596	0.00534	0.00785	0.00910	0.00439	0.01193	0.00690	0.01820	0.00565	0.00659	0.00439	0.00377	0.00251	0.00126	0.00314	0.00220	0.00251	0.00439
6	0.01206	0.07296	0.02925	0.01338	0.22905	0.09998	0.03252	0.23914	0.18881	0.01678	0.00993	0.01071	0.00770	0.01479	0.00413	0.00124	0.00468	0.00367	0.00303	0.00620
7	0.00540	0.00408	0.00500	0.00503	0.00600	0.00368	0.00376	0.00688	0.01018	0.01365	0.43949	0.14983	0.26716	0.00966	0.00489	0.00139	0.00212	0.05404	0.00412	0.00363
8	0.00723	0.00872	0.19063	0.00886	0.09910	0.00598	0.00740	0.01011	0.03963	0.03899	0.45740	0.02288	0.06171	0.00674	0.00446	0.00129	0.00326	0.01732	0.00355	0.00476
9	0.01061	0.06999	0.03563	0.03537	0.57088	0.05444	0.02641	0.02594	0.06102	0.04189	0.00829	0.01006	0.00672	0.00382	0.00390	0.00118	0.00481	0.00352	0.00226	0.02325
10	0.00497	0.00362	0.00470	0.00552	0.00590	0.00334	0.00375	0.00576	0.00802	0.01057	0.04137	0.74520	0.10319	0.01236	0.00514	0.00162	0.00234	0.02552	0.00378	0.00333
11	0.01127	0.41822	0.13290	0.05379	0.05968	0.12936	0.03581	0.03781	0.00934	0.05145	0.00690	0.00798	0.00562	0.00377	0.00328	0.00104	0.00509	0.00274	0.00206	0.02189
12	0.00920	0.02149	0.04594	0.00973	0.12614	0.02406	0.00692	0.03291	0.24128	0.01458	0.07247	0.02484	0.01058	0.00452	0.00386	0.00105	0.01650	0.00378	0.00300	0.32714
13	0.00841	0.00721	0.00841	0.00601	0.00961	0.00541	0.00481	0.01022	0.00841	0.01322	0.00721	0.00841	0.00601	0.00300	0.00300	0.00060	0.00300	0.00240	0.00240	0.88222
14	0.00511	0.00366	0.00482	0.00563	0.00597	0.00343	0.00385	0.00593	0.00804	0.01073	0.07117	0.70997	0.04662	0.04414	0.00575	0.00172	0.00245	0.05390	0.00376	0.00332
15	0.67563	0.00762	0.00680	0.00579	0.00845	0.00834	0.00477	0.01383	0.00805	0.21624	0.00816	0.00834	0.00576	0.00407	0.00289	0.00126	0.00321	0.00265	0.00312	0.00500
16	0.00529	0.00392	0.00494	0.00518	0.00594	0.00357	0.00373	0.00659	0.00964	0.01302	0.37042	0.34551	0.17155	0.01037	0.00495	0.00144	0.00214	0.02418	0.00406	0.00355
17	0.00524	0.00375	0.00500	0.00589	0.00626	0.00355	0.00418	0.00613	0.00801	0.01060	0.02231	0.67676	0.04197	0.03728	0.00570	0.00175	0.00263	0.14593	0.00372	0.00335
18	0.00908	0.03439	0.05524	0.30000	0.42527	0.00980	0.02875	0.01159	0.00860	0.01191	0.00727	0.01007	0.00591	0.00400	0.00461	0.00129	0.06118	0.00356	0.00190	0.00557
19	0.00582	0.00427	0.00506	0.03660	0.00625	0.00417	0.00357	0.00679	0.02356	0.01031	0.12246	0.05098	0.19613	0.42166	0.01254	0.00265	0.00326	0.07764	0.00315	0.00313
20	0.01003	0.22169	0.07124	0.02576	0.04142	0.11877	0.01874	0.03594	0.03588	0.01231	0.04847	0.02172	0.00779	0.00402	0.00354	0.00094	0.02213	0.00303	0.00233	0.29425
21	0.01050	0.03110	0.05462	0.01039	0.08959	0.09776	0.04167	0.13031	0.11191	0.03917	0.04784	0.07569	0.02587	0.00564	0.00536	0.00129	0.12551	0.00439	0.01785	0.07352

[dist]
# distance from previous block
# <min> <max>
0	28

[block]
# block no. 5 follows, 66 sequences, length 23
# corresponding to MSA columns:
# 191-213
name=unknown_F
#
# <colnr> <probs for GDERKNQSTAVLIFYWHMCP>
#	G	D	E	R	K	N	Q	S	T	A	V	L	I	F	Y	W	H	M	C	P
0	0.10386	0.13530	0.08471	0.04144	0.03271	0.03387	0.02931	0.12127	0.17330	0.07197	0.06616	0.01167	0.00956	0.00474	0.00397	0.00122	0.02984	0.00367	0.02082	0.02061
1	0.16233	0.02023	0.15387	0.03828	0.14524	0.04062	0.08890	0.09598	0.07450	0.03379	0.01849	0.01080	0.03253	0.00491	0.01880	0.00138	0.04760	0.00362	0.00256	0.00556
2	0.01084	0.04798	0.09887	0.02506	0.17376	0.04562	0.16560	0.12031	0.11648	0.05686	0.00987	0.03784	0.00778	0.00436	0.00407	0.00123	0.00490	0.00401	0.00276	0.06180
3	0.00660	0.00464	0.00556	0.00520	0.00651	0.00428	0.00401	0.04607	0.01086	0.05733	0.42032	0.03148	0.29523	0.00917	0.02297	0.00144	0.00244	0.04299	0.01890	0.00399
4	0.00951	0.16537	0.29983	0.02420	0.15293	0.02362	0.14610	0.03272	0.00901	0.01252	0.00718	0.00888	0.00564	0.00376	0.00406	0.00118	0.03112	0.00325	0.00193	0.05719
5	0.00538	0.00397	0.00501	0.00550	0.00618	0.00369	0.00404	0.00651	0.00882	0.01158	0.15428	0.36419	0.18834	0.06515	0.00610	0.00172	0.00257	0.14976	0.00379	0.00343
6	0.00670	0.00636	0.04643	0.03741	0.02782	0.00563	0.12053	0.00934	0.05789	0.01399	0.35367	0.08357	0.13704	0.00770	0.00472	0.00137	0.00323	0.05696	0.01534	0.00429
7	0.01031	0.66585	0.16153	0.00833	0.01227	0.01457	0.05588	0.01232	0.00838	0.01032	0.00607	0.00712	0.00525	0.00353	0.00295	0.00097	0.00477	0.00247	0.00175	0.00536
8	0.00517	0.00410	0.00462	0.00454	0.00568	0.00358	0.00337	0.00649	0.00993	0.01281	0.32825	0.06643	0.49093	0.02975	0.00518	0.00141	0.00206	0.00816	0.00399	0.00354
9	0.00517	0.00407	0.00455	0.00456	0.00562	0.00358	0.00333	0.00633	0.00944	0.01204	0.23856	0.09590	0.48949	0.07933	0.00613	0.00158	0.00222	0.02083	0.00384	0.00344
10	0.00888	0.02406	0.10622	0.22916	0.16788	0.04140	0.03213	0.02461	0.15857	0.01251	0.00948	0.01167	0.00754	0.00796	0.12152	0.00203	0.02289	0.00379	0.00236	0.00534
11	0.00884	0.00732	0.01100	0.01215	0.20255	0.02760	0.03898	0.02316	0.00788	0.07192	0.00916	0.01265	0.00803	0.02723	0.33098	0.02433	0.16520	0.00397	0.00229	0.00477
12	0.00994	0.00954	0.01628	0.05991	0.79789	0.00961	0.01240	0.01236	0.00919	0.01313	0.00761	0.01007	0.00638	0.00363	0.00402	0.00121	0.00484	0.00361	0.00200	0.00634
13	0.00568	0.00410	0.00493	0.00498	0.00599	0.00369	0.00372	0.00708	0.00985	0.03062	0.32674	0.17300	0.30136	0.00964	0.00480	0.00139	0.00217	0.05232	0.04430	0.00366
14	0.00675	0.00479	0.00548	0.00520	0.00658	0.00441	0.00392	0.06395	0.02142	0.06954	0.18881	0.15468	0.41886	0.00972	0.01596	0.00144	0.00247	0.00800	0.00399	0.00401
15	0.00590	0.00393	0.00442	0.00442	0.00442	0.00393	0.00246	0.00590	0.00590	0.00787	0.01278	0.02655	0.01475	0.85742	0.02065	0.00393	0.00393	0.00590	0.00246	0.00246
16	0.01073	0.02417	0.02628	0.11202	0.45230	0.02366	0.02262	0.08649	0.09029	0.07060	0.01019	0.01163	0.03225	0.00427	0.00404	0.00124	0.00460	0.00386	0.00263	0.00612
17	0.05827	0.27839	0.06432	0.00963	0.01267	0.06236	0.16497	0.07327	0.10387	0.01300	0.00912	0.05030	0.00794	0.03132	0.00450	0.00128	0.02937	0.01766	0.00247	0.00527
18	0.00747	0.00692	0.01147	0.75698	0.02572	0.00850	0.01062	0.01005	0.00824	0.01051	0.00952	0.01432	0.03895	0.00479	0.00419	0.00139	0.00516	0.05878	0.00201	0.00441
19	0.00841	0.00721	0.00841	0.00601	0.00961	0.00541	0.00481	0.01022	0.00841	0.01322	0.00721	0.00841	0.00601	0.00300	0.00300	0.00060	0.00300	0.00240	0.00240	0.88222
20	0.00563	0.00726	0.18254	0.00691	0.00838	0.00461	0.00617	0.00719	0.00794	0.01089	0.01914	0.67383	0.02219	0.01082	0.00490	0.00157	0.00313	0.00971	0.00333	0.00387
21	0.00844	0.00733	0.00869	0.00633	0.00969	0.00589	0.00509	0.01018	0.00826	0.01298	0.00708	0.00844	0.00596	0.00329	0.00371	0.00068	0.06113	0.00248	0.00236	0.82198
22	0.00503	0.00413	0.00450	0.00444	0.00569	0.00360	0.00334	0.00625	0.00951	0.01187	0.18774	0.03605	0.63329	0.01108	0.05388	0.00165	0.00255	0.00808	0.00381	0.00351

[dist]
# distance from previous block
# <min> <max>
0	6

# created by:
# /st0/software/busco_prod/Augustus/scripts/msa2prfl.pl ./align_prep/38164.fa
