[name]
unknown

[dist]
# distance from previous block
# <min> <max>
0	16

[block]
# block no. 0 follows, 69 sequences, length 13
# corresponding to MSA columns:
# 16-28
name=unknown_A
#
# <colnr> <probs for GDERKNQSTAVLIFYWHMCP>
#	G	D	E	R	K	N	Q	S	T	A	V	L	I	F	Y	W	H	M	C	P
0	0.00607	0.00437	0.00537	0.00544	0.00641	0.00414	0.00411	0.05542	0.00964	0.03056	0.24028	0.25635	0.19985	0.03811	0.00529	0.00151	0.00248	0.11714	0.00382	0.00366
1	0.17096	0.00793	0.00916	0.00729	0.01007	0.00810	0.03180	0.19114	0.10412	0.30022	0.03981	0.01236	0.03583	0.00478	0.00369	0.00119	0.00346	0.00377	0.00384	0.05050
2	0.00923	0.00890	0.01472	0.12082	0.59312	0.00972	0.01128	0.01133	0.00828	0.01187	0.00693	0.00959	0.00590	0.00414	0.00549	0.00128	0.15640	0.00348	0.00188	0.00565
3	0.01459	0.01141	0.01134	0.00896	0.01190	0.10150	0.00729	0.63756	0.08191	0.05900	0.00984	0.00975	0.00705	0.00469	0.00389	0.00117	0.00447	0.00351	0.00376	0.00640
4	0.00495	0.00356	0.00472	0.00553	0.00590	0.00334	0.00386	0.00580	0.00788	0.01046	0.06121	0.71171	0.05959	0.01185	0.00501	0.00158	0.00236	0.08377	0.00367	0.00325
5	0.08851	0.00935	0.01026	0.10931	0.04280	0.06546	0.00720	0.33623	0.08089	0.07928	0.02519	0.06759	0.00862	0.00511	0.00414	0.00124	0.03242	0.00400	0.00330	0.01912
6	0.00997	0.00932	0.01506	0.02183	0.72050	0.00950	0.01127	0.05402	0.08431	0.01374	0.00826	0.01014	0.00676	0.00372	0.00389	0.00118	0.00450	0.00358	0.00223	0.00623
7	0.00524	0.00393	0.00486	0.00477	0.00570	0.00355	0.00352	0.00675	0.01016	0.01383	0.55082	0.12893	0.22561	0.00897	0.00467	0.00130	0.00193	0.00785	0.00408	0.00355
8	0.01042	0.01030	0.03221	0.01405	0.14826	0.05224	0.31533	0.11098	0.18912	0.03118	0.01005	0.02855	0.00780	0.00425	0.00432	0.00127	0.01697	0.00423	0.00273	0.00574
9	0.00974	0.08737	0.01693	0.02186	0.69444	0.00993	0.07895	0.01205	0.00887	0.01246	0.00725	0.00946	0.00608	0.00346	0.00382	0.00115	0.00478	0.00346	0.00192	0.00603
10	0.05771	0.01281	0.01316	0.03298	0.27390	0.32126	0.06923	0.08819	0.05545	0.02741	0.00761	0.00894	0.00605	0.00393	0.00374	0.00114	0.00549	0.00321	0.00234	0.00543
11	0.00569	0.00471	0.00621	0.00621	0.02198	0.02017	0.06036	0.00689	0.00866	0.02280	0.08008	0.30735	0.33062	0.02172	0.00499	0.00147	0.00273	0.08029	0.00351	0.00357
12	0.08034	0.00954	0.01366	0.08714	0.40536	0.03655	0.05199	0.18674	0.01093	0.06829	0.00813	0.00964	0.00624	0.00390	0.00381	0.00119	0.00460	0.00345	0.00258	0.00593

[dist]
# distance from previous block
# <min> <max>
1	10

[block]
# block no. 1 follows, 69 sequences, length 50
# corresponding to MSA columns:
# 39-88
name=unknown_B
#
# <colnr> <probs for GDERKNQSTAVLIFYWHMCP>
#	G	D	E	R	K	N	Q	S	T	A	V	L	I	F	Y	W	H	M	C	P
0	0.33108	0.00778	0.00873	0.00908	0.12993	0.02050	0.01876	0.07179	0.09342	0.03918	0.06503	0.05453	0.02231	0.02723	0.00440	0.00131	0.05274	0.00383	0.00285	0.03552
1	0.01142	0.00897	0.01189	0.02786	0.09780	0.05278	0.11438	0.15178	0.17098	0.14116	0.03690	0.04779	0.00994	0.00504	0.00436	0.00125	0.03216	0.02399	0.00332	0.04624
2	0.00522	0.00387	0.00492	0.00527	0.00603	0.00357	0.00393	0.00650	0.00913	0.01215	0.27755	0.31878	0.18653	0.01028	0.00488	0.00146	0.00229	0.13037	0.00384	0.00343
3	0.00858	0.00858	0.01201	0.01029	0.01029	0.01201	0.00858	0.00943	0.00600	0.00943	0.00515	0.00858	0.00515	0.00686	0.01287	0.00172	0.85505	0.00343	0.00172	0.00429
4	0.00745	0.00610	0.00712	0.00546	0.00825	0.00473	0.00429	0.00904	0.00858	0.03111	0.09185	0.04646	0.13402	0.00484	0.00343	0.00081	0.00265	0.00404	0.00282	0.61699
5	0.00963	0.01975	0.01478	0.09612	0.65638	0.06616	0.01120	0.01184	0.00883	0.01211	0.00739	0.00984	0.00621	0.00490	0.04712	0.00143	0.00517	0.00345	0.00193	0.00578
6	0.81249	0.00766	0.00616	0.00539	0.00788	0.00876	0.00444	0.04224	0.00734	0.06011	0.00612	0.00684	0.00462	0.00374	0.00256	0.00121	0.00310	0.00227	0.00261	0.00446
7	0.00740	0.00697	0.01176	0.85280	0.02700	0.00871	0.01089	0.01002	0.00784	0.01002	0.00697	0.01045	0.00523	0.00392	0.00392	0.00131	0.00523	0.00348	0.00174	0.00436
8	0.00972	0.00942	0.01565	0.05586	0.78917	0.02673	0.01189	0.01203	0.00893	0.01263	0.00733	0.00968	0.00615	0.00352	0.00388	0.00117	0.00473	0.00347	0.00193	0.00610
9	0.00690	0.00419	0.00503	0.00484	0.00528	0.00414	0.00309	0.00724	0.00662	0.09753	0.01450	0.09310	0.05220	0.61166	0.04870	0.00329	0.01990	0.00598	0.00278	0.00303
10	0.00947	0.00983	0.04217	0.06720	0.50393	0.00945	0.24886	0.01213	0.00892	0.02326	0.00757	0.00998	0.00607	0.00355	0.00426	0.00123	0.02055	0.00381	0.00197	0.00580
11	0.00903	0.00977	0.02020	0.03556	0.09912	0.00939	0.62284	0.02735	0.00922	0.01255	0.00897	0.04670	0.00752	0.00414	0.00474	0.00134	0.02297	0.04123	0.00215	0.00520
12	0.00481	0.00348	0.00455	0.00534	0.00567	0.00322	0.00360	0.00557	0.00778	0.01034	0.06449	0.76789	0.07494	0.01192	0.00496	0.00156	0.00224	0.01077	0.00367	0.00322
13	0.01368	0.01383	0.04743	0.00897	0.01140	0.43025	0.00718	0.08143	0.14027	0.15292	0.04704	0.01056	0.00849	0.00460	0.00376	0.00113	0.00530	0.00337	0.00305	0.00535
14	0.00790	0.00723	0.01184	0.72150	0.08639	0.00877	0.01058	0.01102	0.06111	0.02501	0.00773	0.01072	0.00581	0.00399	0.00392	0.00130	0.00501	0.00355	0.00196	0.00465
15	0.03029	0.00677	0.00910	0.00699	0.01002	0.00594	0.00577	0.03539	0.01130	0.81185	0.01520	0.01316	0.00956	0.00483	0.00392	0.00121	0.00335	0.00391	0.00480	0.00664
16	0.01045	0.00888	0.00993	0.00852	0.01094	0.01010	0.04399	0.13321	0.67895	0.01739	0.01467	0.01371	0.01095	0.00514	0.00401	0.00131	0.00343	0.00431	0.00389	0.00623
17	0.00505	0.00460	0.05800	0.00574	0.00647	0.00365	0.00438	0.00610	0.00789	0.01053	0.05933	0.66977	0.09104	0.01130	0.00489	0.00154	0.00251	0.04026	0.00354	0.00340
18	0.00740	0.00697	0.01176	0.85280	0.02700	0.00871	0.01089	0.01002	0.00784	0.01002	0.00697	0.01045	0.00523	0.00392	0.00392	0.00131	0.00523	0.00348	0.00174	0.00436
19	0.00877	0.29270	0.53878	0.00998	0.01490	0.01121	0.04920	0.01220	0.00822	0.01139	0.00656	0.00774	0.00503	0.00359	0.00338	0.00111	0.00531	0.00272	0.00168	0.00552
20	0.03858	0.19713	0.19861	0.03060	0.16754	0.04494	0.15330	0.05839	0.00913	0.03092	0.00709	0.00864	0.00558	0.00371	0.00389	0.00115	0.03009	0.00319	0.00201	0.00551
21	0.00976	0.00955	0.01547	0.09660	0.66620	0.04399	0.04793	0.02356	0.02579	0.01265	0.00751	0.00980	0.00619	0.00360	0.00391	0.00118	0.00486	0.00352	0.00200	0.00594
22	0.00478	0.00375	0.00433	0.00466	0.00551	0.00330	0.00331	0.00573	0.00857	0.01085	0.10861	0.36879	0.43251	0.01070	0.00478	0.00142	0.00209	0.00932	0.00370	0.00330
23	0.01237	0.01025	0.05024	0.02974	0.05843	0.13362	0.20080	0.03316	0.09749	0.25836	0.05339	0.02507	0.00944	0.00454	0.00409	0.00123	0.00480	0.00413	0.00322	0.00565
24	0.02257	0.03717	0.06510	0.01097	0.13965	0.03827	0.09639	0.05715	0.07835	0.28911	0.02644	0.07730	0.03340	0.00510	0.00403	0.00124	0.00410	0.00449	0.00339	0.00578
25	0.00978	0.00943	0.01514	0.14642	0.57586	0.04778	0.06203	0.02567	0.03171	0.02720	0.00770	0.00994	0.00622	0.00366	0.00392	0.00119	0.00490	0.00355	0.00206	0.00581
26	0.00965	0.00926	0.01582	0.04312	0.81912	0.00930	0.01201	0.01199	0.00890	0.01274	0.00736	0.00972	0.00619	0.00350	0.00388	0.00117	0.00467	0.00349	0.00194	0.00617
27	0.00843	0.00707	0.02881	0.18184	0.15888	0.00725	0.04132	0.06257	0.05124	0.07353	0.02850	0.23206	0.05666	0.00667	0.00461	0.00136	0.03558	0.00591	0.00291	0.00479
28	0.01059	0.02773	0.18044	0.02960	0.11421	0.04146	0.06618	0.03337	0.00938	0.21628	0.01238	0.11260	0.02662	0.00571	0.00452	0.00131	0.04223	0.05704	0.00298	0.00539
29	0.00889	0.00788	0.01100	0.14170	0.01269	0.01005	0.02628	0.11295	0.02901	0.02526	0.00747	0.01090	0.00662	0.04993	0.11036	0.00221	0.41637	0.00371	0.00219	0.00452
30	0.01101	0.00969	0.01032	0.00872	0.01084	0.20030	0.10720	0.10668	0.06337	0.12203	0.05968	0.08650	0.07867	0.02014	0.00463	0.00132	0.01680	0.07395	0.00326	0.00489
31	0.04190	0.19758	0.48297	0.01037	0.04157	0.05325	0.04647	0.01235	0.00844	0.02705	0.00733	0.00936	0.00581	0.00393	0.00352	0.00117	0.00528	0.03432	0.00187	0.00543
32	0.01003	0.00878	0.01424	0.28486	0.19958	0.06032	0.16757	0.01237	0.00890	0.12287	0.00845	0.01068	0.00638	0.00508	0.04297	0.00149	0.02418	0.00374	0.00228	0.00523
33	0.00899	0.00867	0.01500	0.27293	0.55635	0.00916	0.04903	0.01145	0.00861	0.01196	0.00728	0.00997	0.00590	0.00361	0.00393	0.00121	0.00492	0.00354	0.00188	0.00561
34	0.02803	0.06196	0.12643	0.00934	0.01265	0.06424	0.05677	0.43641	0.07441	0.03230	0.02258	0.01086	0.01916	0.00465	0.00386	0.00119	0.00461	0.02131	0.00323	0.00600
35	0.02585	0.07135	0.04358	0.03540	0.02943	0.30041	0.04487	0.02423	0.00905	0.01069	0.04637	0.01250	0.06416	0.00701	0.06459	0.00159	0.16211	0.02584	0.01653	0.00444
36	0.00811	0.05683	0.67917	0.04299	0.05452	0.00955	0.02730	0.01213	0.00818	0.01205	0.00689	0.00839	0.00506	0.00386	0.00417	0.00125	0.04927	0.00297	0.00168	0.00564
37	0.00611	0.00501	0.00556	0.01707	0.00686	0.06590	0.00431	0.04843	0.00839	0.01079	0.01962	0.71364	0.02301	0.01113	0.00484	0.00153	0.00282	0.03798	0.00351	0.00349
38	0.03567	0.00656	0.02681	0.00749	0.00939	0.00623	0.06955	0.10265	0.07660	0.20983	0.03310	0.32627	0.01619	0.00780	0.00443	0.00140	0.00332	0.04799	0.00379	0.00493
39	0.02318	0.00609	0.00882	0.47367	0.01770	0.00695	0.00763	0.05532	0.00875	0.01125	0.04805	0.01950	0.24091	0.05013	0.00495	0.00143	0.00402	0.00506	0.00254	0.00406
40	0.00564	0.00423	0.00538	0.00524	0.00618	0.00414	0.00393	0.00768	0.05414	0.01344	0.47335	0.08436	0.12924	0.03995	0.12245	0.00208	0.00328	0.02784	0.00378	0.00368
41	0.03839	0.04140	0.01185	0.08636	0.28197	0.02145	0.03346	0.10960	0.04940	0.03193	0.03478	0.06765	0.01005	0.07759	0.00576	0.00149	0.04336	0.04574	0.00263	0.00514
42	0.00600	0.00439	0.00518	0.00505	0.00519	0.01689	0.00323	0.00628	0.00589	0.00798	0.01152	0.02274	0.01286	0.66855	0.14484	0.00401	0.05915	0.00528	0.00229	0.00270
43	0.00512	0.00383	0.00435	0.00456	0.00521	0.00351	0.00311	0.00582	0.00773	0.00982	0.06367	0.19678	0.33977	0.28067	0.00960	0.00218	0.00269	0.04528	0.00327	0.00302
44	0.00973	0.01017	0.02125	0.01688	0.12560	0.00967	0.65973	0.01276	0.00925	0.05504	0.00819	0.01056	0.00616	0.00348	0.00466	0.00130	0.02357	0.00442	0.00212	0.00546
45	0.01003	0.30013	0.33425	0.01012	0.04925	0.03841	0.05790	0.08599	0.03828	0.03076	0.00725	0.00821	0.00561	0.00375	0.00341	0.00110	0.00502	0.00288	0.00206	0.00560
46	0.00894	0.00579	0.02486	0.02242	0.03038	0.00527	0.04229	0.05678	0.02220	0.19584	0.20002	0.15574	0.12426	0.06351	0.02224	0.00157	0.00316	0.00644	0.00377	0.00454
47	0.00564	0.00421	0.00467	0.00456	0.00584	0.00369	0.00343	0.00708	0.03294	0.05425	0.17693	0.09422	0.56061	0.00938	0.00461	0.00133	0.00210	0.01706	0.00383	0.00363
48	0.02511	0.01349	0.06706	0.01209	0.15076	0.36248	0.05922	0.07601	0.06890	0.02286	0.01921	0.07205	0.00799	0.00515	0.01940	0.00126	0.00559	0.00379	0.00246	0.00513
49	0.01116	0.07736	0.14154	0.01047	0.09247	0.10957	0.03789	0.20582	0.10338	0.05444	0.01848	0.04840	0.02070	0.00502	0.00391	0.00122	0.00462	0.04500	0.00293	0.00562

[dist]
# distance from previous block
# <min> <max>
2	23

[block]
# block no. 2 follows, 69 sequences, length 56
# corresponding to MSA columns:
# 112-167
name=unknown_C
#
# <colnr> <probs for GDERKNQSTAVLIFYWHMCP>
#	G	D	E	R	K	N	Q	S	T	A	V	L	I	F	Y	W	H	M	C	P
0	0.00871	0.03097	0.07354	0.09659	0.31168	0.02459	0.22757	0.01139	0.01997	0.01219	0.04271	0.03620	0.02831	0.02049	0.00448	0.00131	0.00503	0.03679	0.00219	0.00527
1	0.00949	0.09655	0.27270	0.02120	0.17942	0.01550	0.02389	0.05437	0.06961	0.05989	0.02083	0.03844	0.00760	0.00422	0.00368	0.00114	0.00450	0.01420	0.00240	0.10038
2	0.00965	0.00777	0.02214	0.00820	0.04529	0.00811	0.03897	0.18609	0.28040	0.04595	0.23543	0.01816	0.05685	0.01377	0.00434	0.00128	0.00323	0.00508	0.00386	0.00543
3	0.00569	0.00384	0.00459	0.00461	0.00472	0.00394	0.00279	0.00587	0.00581	0.00785	0.01215	0.04018	0.01368	0.70665	0.13967	0.02280	0.00474	0.00554	0.00235	0.00254
4	0.06135	0.14597	0.02488	0.00859	0.03353	0.03431	0.01738	0.29614	0.29018	0.01770	0.01077	0.02456	0.00829	0.00468	0.00365	0.00118	0.00392	0.00363	0.00333	0.00595
5	0.00624	0.02887	0.00690	0.03042	0.02835	0.04734	0.02047	0.00739	0.01681	0.01051	0.06594	0.43389	0.09564	0.03416	0.03920	0.00172	0.06216	0.04479	0.00317	0.01603
6	0.03400	0.19594	0.40305	0.02524	0.06100	0.03681	0.02174	0.07501	0.00918	0.04067	0.00750	0.00851	0.01514	0.00379	0.00344	0.00111	0.00497	0.00288	0.00205	0.04797
7	0.00905	0.26688	0.43912	0.01026	0.02517	0.01118	0.08216	0.03828	0.03008	0.01191	0.00712	0.00864	0.00558	0.00382	0.00369	0.00115	0.02407	0.01449	0.00186	0.00550
8	0.00654	0.00511	0.00602	0.00624	0.00750	0.00517	0.00507	0.02424	0.16467	0.01246	0.02497	0.09715	0.25423	0.00937	0.00480	0.00153	0.00291	0.33279	0.02519	0.00404
9	0.00977	0.00801	0.03516	0.12070	0.34749	0.00782	0.05139	0.03111	0.02040	0.13454	0.07197	0.06354	0.04170	0.00505	0.00431	0.00126	0.02419	0.01337	0.00277	0.00545
10	0.04664	0.05778	0.08660	0.03613	0.05210	0.00726	0.03100	0.11743	0.05867	0.07955	0.13069	0.13407	0.13278	0.00667	0.00413	0.00127	0.00340	0.00567	0.00334	0.00484
11	0.00539	0.00381	0.00437	0.00452	0.00483	0.00368	0.00283	0.00575	0.00664	0.00862	0.01877	0.14231	0.16631	0.54309	0.04119	0.00308	0.00347	0.02583	0.00280	0.00272
12	0.00540	0.00414	0.00449	0.00441	0.00569	0.00359	0.00330	0.00672	0.02663	0.04481	0.14660	0.08926	0.62204	0.00952	0.00462	0.00132	0.00206	0.00804	0.00379	0.00355
13	0.00878	0.07203	0.48690	0.04053	0.05736	0.04294	0.11846	0.03525	0.03073	0.01249	0.02677	0.00925	0.00617	0.00392	0.00409	0.00123	0.03236	0.00328	0.00192	0.00554
14	0.03182	0.05504	0.17471	0.01038	0.03810	0.03527	0.17990	0.07847	0.06680	0.12583	0.03985	0.09655	0.01030	0.00522	0.00410	0.00128	0.00462	0.03346	0.00290	0.00539
15	0.00571	0.00388	0.00474	0.00474	0.00489	0.00403	0.00295	0.00597	0.00581	0.00790	0.01180	0.02307	0.01309	0.65971	0.19839	0.02787	0.00524	0.00532	0.00230	0.00260
16	0.00471	0.00390	0.00412	0.00422	0.00538	0.00332	0.00311	0.00571	0.00888	0.01083	0.08616	0.14448	0.68143	0.01012	0.00468	0.00135	0.00202	0.00858	0.00368	0.00332
17	0.10760	0.09816	0.06707	0.00815	0.01099	0.10343	0.03924	0.23862	0.03114	0.13955	0.00922	0.00963	0.00675	0.00434	0.00376	0.00114	0.02993	0.00321	0.08255	0.00553
18	0.02483	0.00762	0.03276	0.74263	0.02581	0.00883	0.08197	0.01033	0.00795	0.01045	0.00702	0.01033	0.00526	0.00386	0.00395	0.00130	0.00532	0.00354	0.00177	0.00447
19	0.01062	0.62844	0.01738	0.00717	0.00991	0.14156	0.00656	0.01174	0.00819	0.00917	0.00612	0.00804	0.00579	0.06542	0.02009	0.00121	0.03359	0.00250	0.00179	0.00471
20	0.01059	0.66754	0.04129	0.07618	0.01186	0.06769	0.00738	0.04686	0.00859	0.01007	0.00582	0.00690	0.00512	0.00357	0.00295	0.00093	0.01751	0.00234	0.00180	0.00502
21	0.02038	0.28231	0.39043	0.00966	0.02435	0.01970	0.06565	0.01253	0.01714	0.06366	0.02747	0.00869	0.00623	0.00380	0.00355	0.00111	0.01716	0.00294	0.00201	0.02123
22	0.00791	0.01922	0.76781	0.01156	0.03675	0.00901	0.04792	0.01229	0.00840	0.01251	0.02681	0.00891	0.00580	0.00380	0.00379	0.00124	0.00571	0.00308	0.00174	0.00573
23	0.00479	0.00349	0.00451	0.00529	0.00565	0.00321	0.00357	0.00554	0.00776	0.01025	0.04945	0.75050	0.10773	0.01191	0.00495	0.00155	0.00223	0.01073	0.00366	0.00321
24	0.01053	0.17671	0.27168	0.02211	0.06312	0.12177	0.08738	0.05654	0.00965	0.08018	0.04627	0.00994	0.01912	0.00408	0.00365	0.00113	0.00514	0.00329	0.00229	0.00542
25	0.02047	0.08201	0.36640	0.04999	0.05462	0.00960	0.19398	0.03027	0.06725	0.05372	0.00880	0.01032	0.01739	0.00395	0.00390	0.00124	0.00531	0.01300	0.00218	0.00559
26	0.00492	0.00356	0.00464	0.00543	0.00582	0.00332	0.00376	0.00572	0.00779	0.01027	0.04116	0.69311	0.09566	0.02708	0.00526	0.00162	0.00237	0.07164	0.00363	0.00322
27	0.00918	0.05304	0.05120	0.15191	0.49710	0.00920	0.08364	0.01160	0.00879	0.02966	0.02213	0.01107	0.03631	0.00388	0.00392	0.00120	0.00478	0.00374	0.00205	0.00562
28	0.03988	0.08214	0.06968	0.05252	0.27272	0.04484	0.05025	0.19475	0.01117	0.11500	0.00879	0.02566	0.00676	0.00414	0.00377	0.00117	0.00459	0.00352	0.00274	0.00592
29	0.01041	0.07268	0.29489	0.01450	0.26447	0.08277	0.05557	0.06210	0.02371	0.07077	0.00788	0.00912	0.00596	0.00380	0.00375	0.00117	0.00519	0.00322	0.00219	0.00585
30	0.00760	0.00720	0.01200	0.75327	0.06890	0.00896	0.01080	0.01009	0.00778	0.01013	0.00687	0.01029	0.00527	0.00409	0.00451	0.00133	0.06125	0.00348	0.00175	0.00445
31	0.00740	0.00697	0.01176	0.85280	0.02700	0.00871	0.01089	0.01002	0.00784	0.01002	0.00697	0.01045	0.00523	0.00392	0.00392	0.00131	0.00523	0.00348	0.00174	0.00436
32	0.01119	0.02379	0.01103	0.01042	0.16982	0.02222	0.02270	0.16973	0.02094	0.12460	0.00873	0.00945	0.00662	0.00369	0.00348	0.00093	0.00374	0.00307	0.00289	0.37096
33	0.52355	0.05112	0.00843	0.00707	0.00939	0.32103	0.00560	0.01307	0.00838	0.01423	0.00568	0.00663	0.00458	0.00378	0.00284	0.00112	0.00459	0.00227	0.00224	0.00439
34	0.00740	0.00697	0.01176	0.85280	0.02700	0.00871	0.01089	0.01002	0.00784	0.01002	0.00697	0.01045	0.00523	0.00392	0.00392	0.00131	0.00523	0.00348	0.00174	0.00436
35	0.00813	0.00697	0.00813	0.00581	0.00929	0.00523	0.00465	0.00987	0.00813	0.01277	0.00697	0.00813	0.00581	0.00290	0.00290	0.00058	0.00290	0.00232	0.00232	0.88619
36	0.01051	0.00673	0.00846	0.00657	0.00944	0.00573	0.02981	0.04342	0.05147	0.23254	0.01328	0.06986	0.06372	0.00491	0.00364	0.00098	0.00311	0.02385	0.00334	0.40862
37	0.03354	0.00965	0.01025	0.00837	0.01109	0.01081	0.00676	0.44798	0.34586	0.03969	0.01263	0.01203	0.02319	0.00502	0.00393	0.00124	0.00373	0.00395	0.00393	0.00636
38	0.04902	0.01404	0.01122	0.01087	0.10428	0.43315	0.00767	0.16623	0.08417	0.07002	0.00832	0.00886	0.00637	0.00425	0.00367	0.00111	0.00552	0.00307	0.00275	0.00540
39	0.00814	0.00772	0.01309	0.58733	0.28671	0.00890	0.01125	0.01066	0.00819	0.01091	0.00710	0.01021	0.00554	0.00378	0.00391	0.00126	0.00504	0.00349	0.00181	0.00495
40	0.00905	0.01018	0.02172	0.01571	0.01927	0.00982	0.73890	0.01209	0.00897	0.01225	0.00823	0.04060	0.00660	0.00387	0.00520	0.00136	0.06424	0.00478	0.00202	0.00514
41	0.00809	0.12653	0.02776	0.01077	0.06668	0.02133	0.26868	0.02400	0.04983	0.01209	0.08276	0.19098	0.03904	0.00633	0.00433	0.00131	0.00432	0.04777	0.00274	0.00466
42	0.00620	0.00472	0.00603	0.00614	0.02256	0.00454	0.02734	0.06171	0.00899	0.03584	0.04200	0.39304	0.28422	0.01006	0.00498	0.00146	0.02699	0.04585	0.00357	0.00374
43	0.00499	0.00374	0.00533	0.00591	0.00633	0.00349	0.03675	0.00582	0.00765	0.01017	0.02153	0.78279	0.04731	0.01182	0.00499	0.00158	0.00247	0.03048	0.00357	0.00328
44	0.00845	0.02640	0.44770	0.01264	0.03891	0.00905	0.28214	0.01236	0.02717	0.02852	0.02669	0.01103	0.04258	0.00399	0.00408	0.00127	0.00566	0.00386	0.00203	0.00550
45	0.03042	0.01298	0.27127	0.01154	0.01523	0.07396	0.26976	0.05267	0.00946	0.05478	0.03684	0.03595	0.01689	0.01777	0.00463	0.00134	0.02578	0.05116	0.00237	0.00520
46	0.00889	0.00830	0.01421	0.25412	0.50642	0.00872	0.04552	0.01126	0.00871	0.02753	0.03540	0.03784	0.00764	0.00406	0.00399	0.00123	0.00471	0.00391	0.00207	0.00548
47	0.00681	0.00601	0.00922	0.30669	0.15510	0.00651	0.00770	0.00899	0.03458	0.01141	0.10159	0.15380	0.13113	0.00698	0.01325	0.00139	0.00378	0.02802	0.00275	0.00429
48	0.02461	0.20192	0.12138	0.04706	0.41811	0.03901	0.03654	0.02307	0.00882	0.03406	0.00707	0.00876	0.00577	0.00357	0.00355	0.00111	0.00480	0.00310	0.00195	0.00573
49	0.00887	0.02195	0.01940	0.02791	0.09023	0.02247	0.08010	0.08509	0.05801	0.04887	0.03590	0.11851	0.01807	0.03789	0.09923	0.00203	0.21323	0.00488	0.00265	0.00472
50	0.00850	0.22710	0.64071	0.01008	0.01528	0.01067	0.01258	0.01225	0.00820	0.01163	0.00665	0.00779	0.00498	0.00363	0.00343	0.00114	0.00540	0.00270	0.00166	0.00561
51	0.00778	0.04093	0.12749	0.07259	0.14416	0.03998	0.04681	0.02130	0.06163	0.01193	0.03018	0.18127	0.03929	0.00687	0.00442	0.01272	0.00409	0.11605	0.02586	0.00465
52	0.03231	0.02507	0.18123	0.06603	0.10867	0.04496	0.15811	0.05727	0.00850	0.01212	0.00709	0.02928	0.00593	0.00476	0.00642	0.00137	0.24013	0.00365	0.00198	0.00513
53	0.00696	0.01249	0.40872	0.00869	0.01200	0.03343	0.04325	0.00984	0.00870	0.01215	0.13504	0.15968	0.06484	0.02901	0.00466	0.00139	0.00432	0.03756	0.00263	0.00465
54	0.00554	0.00391	0.00513	0.00525	0.00556	0.00416	0.00356	0.00619	0.00618	0.00852	0.01283	0.13170	0.01400	0.41361	0.35184	0.00452	0.00630	0.00581	0.00243	0.00294
55	0.00994	0.01192	0.24724	0.06113	0.22262	0.05139	0.03364	0.05793	0.04185	0.10468	0.09694	0.02431	0.00993	0.00450	0.00395	0.00122	0.00463	0.00389	0.00264	0.00564

[dist]
# distance from previous block
# <min> <max>
0	2

[block]
# block no. 3 follows, 69 sequences, length 23
# corresponding to MSA columns:
# 170-192
name=unknown_D
#
# <colnr> <probs for GDERKNQSTAVLIFYWHMCP>
#	G	D	E	R	K	N	Q	S	T	A	V	L	I	F	Y	W	H	M	C	P
0	0.02644	0.03631	0.01021	0.02597	0.10743	0.00951	0.00692	0.12010	0.46734	0.08229	0.01457	0.01395	0.05128	0.00510	0.00392	0.00126	0.00348	0.00423	0.00365	0.00605
1	0.88991	0.00758	0.00576	0.00516	0.00758	0.00879	0.00425	0.01152	0.00667	0.01759	0.00546	0.00637	0.00425	0.00364	0.00243	0.00121	0.00303	0.00212	0.00243	0.00425
2	0.00584	0.00382	0.00478	0.00479	0.00499	0.00390	0.00307	0.00588	0.00599	0.00805	0.02748	0.02268	0.04637	0.52244	0.14532	0.15356	0.00465	0.02155	0.00233	0.00252
3	0.00748	0.02381	0.01859	0.06530	0.19262	0.01947	0.03171	0.06693	0.03556	0.01204	0.01481	0.41730	0.01610	0.01821	0.00461	0.00141	0.00351	0.02069	0.00299	0.02688
4	0.00715	0.00451	0.00533	0.00502	0.00628	0.00427	0.00387	0.03269	0.03943	0.08121	0.31593	0.05341	0.18440	0.00753	0.00420	0.00123	0.00222	0.05195	0.18535	0.00401
5	0.00805	0.00687	0.00804	0.00578	0.00918	0.00518	0.00462	0.00979	0.00822	0.01287	0.03310	0.00880	0.00679	0.00306	0.00296	0.00060	0.00287	0.00247	0.00239	0.85836
6	0.01073	0.74844	0.01930	0.00718	0.01025	0.08524	0.00688	0.01195	0.00813	0.00927	0.00549	0.00647	0.00504	0.00360	0.00315	0.00090	0.04913	0.00220	0.00171	0.00495
7	0.00477	0.00345	0.00451	0.00535	0.00566	0.00319	0.00359	0.00547	0.00761	0.01005	0.02293	0.79977	0.08497	0.01211	0.00498	0.00157	0.00225	0.01094	0.00364	0.00319
8	0.07135	0.00881	0.01001	0.11611	0.01280	0.02153	0.02772	0.23133	0.36652	0.03255	0.01215	0.02486	0.00930	0.00500	0.00390	0.00128	0.00383	0.02222	0.01294	0.00579
9	0.01077	0.68067	0.05231	0.00767	0.02595	0.06952	0.00726	0.04994	0.02076	0.01028	0.00592	0.00682	0.00523	0.00361	0.00306	0.00092	0.03001	0.00232	0.00184	0.00512
10	0.01041	0.01137	0.27480	0.01187	0.18690	0.00740	0.03421	0.01313	0.00938	0.21630	0.07850	0.02853	0.02196	0.00449	0.00389	0.00118	0.00430	0.00387	0.00285	0.07467
11	0.00921	0.17663	0.25832	0.01225	0.18429	0.00971	0.05729	0.01215	0.04328	0.06293	0.02085	0.09015	0.00834	0.00470	0.00404	0.00120	0.03301	0.00396	0.00226	0.00545
12	0.01215	0.01313	0.00992	0.00888	0.01101	0.39702	0.00680	0.06894	0.36131	0.01375	0.04921	0.01148	0.00960	0.00481	0.00380	0.00117	0.00496	0.00362	0.00309	0.00535
13	0.00568	0.00413	0.00537	0.00508	0.00604	0.00388	0.00384	0.00776	0.03171	0.01561	0.78965	0.02938	0.03591	0.00803	0.00463	0.00125	0.00194	0.03206	0.00429	0.00376
14	0.00900	0.04948	0.28589	0.07840	0.18873	0.03726	0.06822	0.02812	0.08835	0.03568	0.03474	0.01176	0.04234	0.02019	0.00418	0.00127	0.00487	0.00374	0.00229	0.00551
15	0.00859	0.00609	0.00784	0.21512	0.03232	0.04707	0.00588	0.00994	0.02728	0.13942	0.01195	0.10515	0.01160	0.32178	0.01016	0.00224	0.02573	0.00515	0.00273	0.00396
16	0.00482	0.00349	0.00456	0.00532	0.00567	0.00323	0.00360	0.00560	0.00785	0.01044	0.07949	0.74683	0.08095	0.01183	0.00495	0.00155	0.00223	0.01067	0.00369	0.00323
17	0.00778	0.00735	0.01244	0.71625	0.16059	0.00881	0.01108	0.01035	0.00802	0.01048	0.00703	0.01033	0.00539	0.00385	0.00391	0.00128	0.00513	0.00349	0.00177	0.00466
18	0.06213	0.03564	0.08702	0.04194	0.12939	0.26209	0.02910	0.02916	0.01995	0.12787	0.00976	0.07265	0.00840	0.00502	0.00400	0.00121	0.02080	0.04613	0.00263	0.00511
19	0.00675	0.00345	0.00517	0.00517	0.00521	0.00348	0.00348	0.00521	0.00517	0.00693	0.00700	0.01210	0.00697	0.01445	0.05900	0.83973	0.00378	0.00345	0.00172	0.00180
20	0.03534	0.03874	0.03496	0.01207	0.13944	0.65201	0.00835	0.01480	0.01050	0.01036	0.00626	0.00747	0.00521	0.00392	0.00354	0.00104	0.00649	0.00266	0.00200	0.00484
21	0.70598	0.00827	0.00799	0.00693	0.02274	0.04286	0.08555	0.01158	0.00715	0.01627	0.00620	0.03068	0.00511	0.00394	0.00305	0.00124	0.02504	0.00269	0.00237	0.00436
22	0.05151	0.07675	0.02730	0.00815	0.01078	0.03288	0.00669	0.23374	0.47361	0.01785	0.01247	0.01188	0.00933	0.00486	0.00377	0.00123	0.00367	0.00382	0.00362	0.00609

[dist]
# distance from previous block
# <min> <max>
0	1

[block]
# block no. 4 follows, 69 sequences, length 13
# corresponding to MSA columns:
# 194-206
name=unknown_E
#
# <colnr> <probs for GDERKNQSTAVLIFYWHMCP>
#	G	D	E	R	K	N	Q	S	T	A	V	L	I	F	Y	W	H	M	C	P
0	0.88991	0.00758	0.00576	0.00516	0.00758	0.00879	0.00425	0.01152	0.00667	0.01759	0.00546	0.00637	0.00425	0.00364	0.00243	0.00121	0.00303	0.00212	0.00243	0.00425
1	0.35854	0.00834	0.00819	0.00686	0.00941	0.04246	0.00562	0.20592	0.02689	0.19851	0.01023	0.03628	0.00796	0.00490	0.00345	0.00125	0.00358	0.05283	0.00343	0.00533
2	0.00686	0.00479	0.00596	0.00613	0.00717	0.00475	0.00468	0.03488	0.10886	0.06310	0.11551	0.35621	0.08967	0.00977	0.00479	0.00150	0.00269	0.16481	0.00384	0.00403
3	0.03915	0.01208	0.01018	0.00877	0.01118	0.26193	0.00686	0.22089	0.33253	0.03943	0.01101	0.01076	0.00826	0.00472	0.00379	0.00119	0.00460	0.00355	0.00336	0.00578
4	0.04006	0.00868	0.00917	0.02785	0.02882	0.10609	0.02709	0.07092	0.26288	0.19446	0.07241	0.01577	0.09413	0.00552	0.00413	0.00125	0.01707	0.00448	0.00369	0.00552
5	0.00584	0.00386	0.00491	0.00527	0.00587	0.00361	0.00377	0.00660	0.00796	0.04399	0.09180	0.36283	0.13245	0.11987	0.00752	0.06375	0.00267	0.10421	0.01998	0.00324
6	0.00920	0.00883	0.01520	0.06163	0.62903	0.00888	0.08200	0.01187	0.03791	0.01291	0.06117	0.02686	0.00868	0.00401	0.00402	0.00120	0.00458	0.00400	0.00219	0.00582
7	0.00674	0.00532	0.00757	0.02870	0.08423	0.00556	0.05164	0.02724	0.04555	0.01015	0.01311	0.18144	0.01410	0.33684	0.06535	0.02121	0.03908	0.02929	0.02332	0.00359
8	0.00615	0.00516	0.00554	0.00572	0.04282	0.03392	0.00404	0.00818	0.07790	0.03139	0.16507	0.04325	0.50296	0.03058	0.00490	0.00136	0.00246	0.02108	0.00364	0.00385
9	0.00760	0.00700	0.00980	0.46935	0.01835	0.04232	0.00832	0.02961	0.07038	0.01086	0.03986	0.07352	0.05296	0.05709	0.02639	0.00161	0.06379	0.00458	0.00235	0.00425
10	0.00524	0.00391	0.00463	0.00458	0.00553	0.00352	0.00335	0.00659	0.00963	0.01299	0.41140	0.11942	0.30274	0.04657	0.00526	0.00140	0.00203	0.00772	0.04004	0.00345
11	0.01248	0.05899	0.01208	0.07594	0.13611	0.25692	0.00813	0.18137	0.08254	0.07043	0.00859	0.00955	0.00664	0.00509	0.03013	0.00131	0.03222	0.00327	0.00272	0.00549
12	0.00997	0.13324	0.07758	0.05137	0.40270	0.05172	0.00985	0.04999	0.03303	0.03692	0.01807	0.01129	0.01831	0.00412	0.00371	0.00114	0.00454	0.03885	0.00225	0.04136

[dist]
# distance from previous block
# <min> <max>
0	35

# created by:
# /st0/software/busco_prod/Augustus/scripts/msa2prfl.pl ./align_prep/38176.fa
