[name]
unknown

[dist]
# distance from previous block
# <min> <max>
0	202

[block]
# block no. 0 follows, 70 sequences, length 18
# corresponding to MSA columns:
# 242-259
name=unknown_A
#
# <colnr> <probs for GDERKNQSTAVLIFYWHMCP>
#	G	D	E	R	K	N	Q	S	T	A	V	L	I	F	Y	W	H	M	C	P
0	0.02754	0.13352	0.08213	0.00866	0.02604	0.17588	0.04834	0.12003	0.05044	0.03373	0.03351	0.01954	0.00719	0.01498	0.00395	0.00105	0.03396	0.00312	0.00248	0.17390
1	0.07817	0.06833	0.06091	0.03485	0.09099	0.04489	0.04038	0.11919	0.04661	0.06219	0.03269	0.03623	0.02244	0.05121	0.00442	0.00121	0.00393	0.01940	0.00271	0.17925
2	0.05876	0.03737	0.02141	0.04336	0.02018	0.16462	0.10661	0.05348	0.03448	0.02372	0.08489	0.04895	0.08634	0.13063	0.02106	0.00164	0.01760	0.00464	0.00265	0.03760
3	0.03900	0.09255	0.07676	0.05646	0.07570	0.05683	0.03562	0.13255	0.05696	0.08415	0.05957	0.04104	0.01013	0.06477	0.01474	0.00142	0.01866	0.03847	0.00284	0.04177
4	0.06881	0.02042	0.10519	0.00870	0.02216	0.14930	0.06020	0.09847	0.07621	0.04375	0.07720	0.03859	0.03406	0.00679	0.06463	0.00156	0.05555	0.01382	0.00274	0.05186
5	0.03026	0.06941	0.05023	0.08339	0.11531	0.07611	0.05619	0.07338	0.17271	0.02600	0.10751	0.01375	0.02581	0.03576	0.00458	0.00129	0.01988	0.01230	0.00282	0.02331
6	0.00999	0.02310	0.04846	0.01982	0.06938	0.17342	0.05311	0.11472	0.03592	0.04254	0.03543	0.04257	0.06589	0.05022	0.05821	0.01135	0.05527	0.01508	0.03015	0.04537
7	0.00640	0.00561	0.02490	0.00677	0.03295	0.03422	0.03562	0.04925	0.03421	0.01218	0.16302	0.40909	0.10879	0.00910	0.00471	0.00138	0.01855	0.00806	0.00345	0.03174
8	0.01248	0.04034	0.01150	0.03302	0.07766	0.44579	0.02928	0.13836	0.02918	0.01250	0.03275	0.03348	0.00713	0.00462	0.00416	0.01739	0.03263	0.00326	0.00241	0.03206
9	0.02666	0.00908	0.03520	0.00779	0.01015	0.10696	0.03132	0.16153	0.10851	0.16074	0.01204	0.02806	0.04368	0.05399	0.07217	0.00170	0.03148	0.01173	0.00322	0.08398
10	0.00607	0.00451	0.00633	0.00629	0.00706	0.02377	0.00487	0.00741	0.00655	0.03496	0.01100	0.05862	0.01041	0.02688	0.75961	0.00572	0.00967	0.00446	0.00224	0.00357
11	0.10521	0.01013	0.01050	0.10459	0.04187	0.10921	0.00725	0.37205	0.04396	0.10235	0.00896	0.00950	0.00651	0.00474	0.01829	0.00124	0.00449	0.00327	0.00320	0.03268
12	0.00729	0.00694	0.00918	0.00819	0.00867	0.05111	0.05752	0.00814	0.00688	0.00947	0.01216	0.22216	0.05586	0.13133	0.01040	0.00188	0.38083	0.00588	0.00239	0.00372
13	0.00921	0.01977	0.04507	0.06869	0.15210	0.09557	0.02823	0.12326	0.07933	0.01355	0.11402	0.01392	0.03391	0.02183	0.13166	0.00200	0.03613	0.00414	0.00270	0.00493
14	0.01006	0.00681	0.00778	0.00606	0.00880	0.04844	0.00480	0.01163	0.00927	0.21288	0.10854	0.05447	0.03753	0.00466	0.00351	0.00090	0.00300	0.00386	0.00322	0.45378
15	0.01154	0.02938	0.01311	0.05415	0.04853	0.15777	0.16046	0.19096	0.24795	0.03101	0.01013	0.01067	0.00761	0.00434	0.00393	0.00120	0.00487	0.00375	0.00298	0.00567
16	0.00816	0.00687	0.00764	0.02236	0.00903	0.00726	0.00523	0.01469	0.45416	0.01398	0.06095	0.06565	0.05159	0.05883	0.03526	0.00152	0.00321	0.00477	0.00342	0.16544
17	0.00544	0.00418	0.00521	0.00493	0.00583	0.00404	0.00370	0.00689	0.00970	0.01328	0.52388	0.02914	0.22101	0.06422	0.03638	0.00161	0.04639	0.00691	0.00378	0.00351

[dist]
# distance from previous block
# <min> <max>
0	1

[block]
# block no. 1 follows, 70 sequences, length 12
# corresponding to MSA columns:
# 261-272
name=unknown_B
#
# <colnr> <probs for GDERKNQSTAVLIFYWHMCP>
#	G	D	E	R	K	N	Q	S	T	A	V	L	I	F	Y	W	H	M	C	P
0	0.00867	0.00726	0.00838	0.00604	0.00945	0.00581	0.00486	0.08670	0.00900	0.01374	0.00712	0.00816	0.00582	0.00304	0.00297	0.00063	0.00300	0.00241	0.00245	0.80449
1	0.00804	0.00724	0.00914	0.00686	0.00988	0.03588	0.08196	0.01012	0.02854	0.01295	0.11775	0.01191	0.01032	0.00384	0.00336	0.00079	0.00325	0.02015	0.00258	0.61545
2	0.00570	0.00391	0.00528	0.00528	0.00562	0.00425	0.00366	0.00620	0.00587	0.00816	0.01078	0.01909	0.01122	0.37358	0.42175	0.09304	0.00694	0.00469	0.00215	0.00282
3	0.00930	0.00526	0.02821	0.00580	0.00747	0.00453	0.00463	0.01111	0.03051	0.27872	0.35744	0.13590	0.07132	0.00789	0.02267	0.00138	0.00268	0.00639	0.00418	0.00462
4	0.00574	0.00442	0.00565	0.00591	0.00645	0.00457	0.00427	0.05402	0.00837	0.01124	0.08646	0.56863	0.10136	0.01061	0.00556	0.00151	0.08281	0.02541	0.00349	0.00351
5	0.01096	0.38459	0.22205	0.00899	0.04139	0.01156	0.00877	0.02986	0.04508	0.10098	0.01050	0.01145	0.05216	0.00574	0.03773	0.00144	0.00489	0.00341	0.00261	0.00582
6	0.11131	0.04466	0.10770	0.13767	0.14280	0.02211	0.00841	0.07850	0.11410	0.09552	0.03037	0.01222	0.02675	0.00500	0.02001	0.00132	0.00426	0.02920	0.00275	0.00534
7	0.00742	0.08010	0.06240	0.00883	0.01106	0.04045	0.23239	0.00932	0.00882	0.02826	0.10815	0.19732	0.14779	0.00689	0.00444	0.00129	0.01553	0.00635	0.01892	0.00426
8	0.12997	0.00707	0.02990	0.00757	0.04377	0.00684	0.05324	0.12965	0.02942	0.20682	0.02961	0.11116	0.04216	0.14793	0.00651	0.00167	0.00358	0.00492	0.00335	0.00486
9	0.09220	0.10260	0.05381	0.10010	0.23094	0.06582	0.06807	0.01137	0.02646	0.02678	0.03754	0.02581	0.02514	0.00554	0.04516	0.00145	0.07049	0.00359	0.00215	0.00497
10	0.02592	0.03562	0.01227	0.08470	0.14148	0.08033	0.08950	0.19743	0.02818	0.13340	0.02975	0.02280	0.01721	0.02104	0.00415	0.00121	0.00445	0.01194	0.01704	0.04159
11	0.07212	0.00926	0.08961	0.01008	0.05043	0.03819	0.13756	0.06825	0.03913	0.06433	0.03943	0.07933	0.00940	0.00667	0.04807	0.00158	0.16127	0.03025	0.00258	0.04248

[dist]
# distance from previous block
# <min> <max>
11	82

[block]
# block no. 2 follows, 70 sequences, length 21
# corresponding to MSA columns:
# 359-379
name=unknown_C
#
# <colnr> <probs for GDERKNQSTAVLIFYWHMCP>
#	G	D	E	R	K	N	Q	S	T	A	V	L	I	F	Y	W	H	M	C	P
0	0.15234	0.07515	0.04724	0.00764	0.00983	0.14476	0.01545	0.17561	0.04409	0.03675	0.06698	0.06968	0.02681	0.02656	0.01598	0.00134	0.05023	0.02586	0.00289	0.00481
1	0.01102	0.10359	0.01408	0.08900	0.13019	0.27457	0.11023	0.06688	0.02097	0.01145	0.01929	0.00896	0.00609	0.00480	0.02663	0.00129	0.09070	0.00322	0.00208	0.00495
2	0.00673	0.00337	0.00505	0.00505	0.00505	0.00337	0.00337	0.00505	0.00505	0.00673	0.00673	0.01178	0.00673	0.01347	0.01515	0.88721	0.00337	0.00337	0.00168	0.00168
3	0.20101	0.04294	0.00952	0.07375	0.01100	0.20962	0.01636	0.12748	0.02089	0.06383	0.00811	0.03859	0.00683	0.04389	0.03736	0.01336	0.05465	0.00332	0.01283	0.00465
4	0.02095	0.07348	0.10284	0.09055	0.11542	0.13692	0.15291	0.06011	0.13141	0.02640	0.00844	0.00968	0.00650	0.00389	0.00376	0.00115	0.00508	0.00342	0.00235	0.04474
5	0.00558	0.00386	0.00467	0.04309	0.00554	0.00391	0.00299	0.00587	0.00612	0.00818	0.03331	0.13999	0.01574	0.66920	0.03350	0.00333	0.00370	0.00628	0.00253	0.00260
6	0.00651	0.00424	0.00560	0.00608	0.03170	0.00393	0.00439	0.00771	0.00878	0.09261	0.15045	0.33491	0.13857	0.03927	0.00528	0.00154	0.00260	0.14839	0.00372	0.00372
7	0.05750	0.03302	0.16716	0.03771	0.07830	0.10931	0.14151	0.13200	0.05013	0.03626	0.04218	0.00991	0.00721	0.00413	0.00411	0.00118	0.03695	0.00346	0.00246	0.04549
8	0.01266	0.01264	0.01035	0.00929	0.03515	0.34716	0.00703	0.16639	0.22514	0.05212	0.04650	0.01074	0.00871	0.00474	0.00408	0.00116	0.03420	0.00349	0.00307	0.00541
9	0.00595	0.00438	0.00513	0.00497	0.00608	0.00408	0.00368	0.04436	0.03803	0.03699	0.30467	0.17635	0.31016	0.03134	0.00497	0.00138	0.00220	0.00775	0.00385	0.00370
10	0.28020	0.09288	0.08394	0.06893	0.14446	0.09347	0.04289	0.04937	0.05908	0.01382	0.00713	0.00873	0.00574	0.02986	0.00374	0.00123	0.00439	0.00293	0.00224	0.00497
11	0.01110	0.02416	0.03835	0.00889	0.01132	0.08417	0.12228	0.23953	0.04241	0.09961	0.02999	0.01341	0.03651	0.04639	0.09201	0.00184	0.03312	0.02132	0.03840	0.00518
12	0.01025	0.01156	0.06080	0.05730	0.01177	0.28713	0.04223	0.02196	0.08275	0.03084	0.07945	0.01186	0.04902	0.00462	0.00414	0.00106	0.04950	0.00354	0.00253	0.17768
13	0.06279	0.03036	0.02690	0.00740	0.00953	0.07504	0.06737	0.04114	0.16615	0.04189	0.16515	0.01531	0.01362	0.04473	0.02630	0.00139	0.02854	0.02068	0.03717	0.11855
14	0.05473	0.00831	0.02936	0.02040	0.01061	0.05053	0.02035	0.12819	0.09694	0.44806	0.03046	0.02683	0.00938	0.00477	0.00381	0.00118	0.00366	0.00384	0.00402	0.04457
15	0.00716	0.00563	0.00722	0.00676	0.00776	0.02324	0.00527	0.11533	0.03045	0.01144	0.03094	0.06553	0.02278	0.05128	0.53374	0.00449	0.05995	0.00458	0.00252	0.00396
16	0.05059	0.03256	0.02714	0.00673	0.00928	0.02497	0.00548	0.11177	0.15553	0.13136	0.05051	0.06899	0.04506	0.02452	0.00403	0.00114	0.00324	0.01740	0.00335	0.22636
17	0.02325	0.10754	0.03149	0.04957	0.10757	0.09282	0.07401	0.11242	0.06304	0.01308	0.00979	0.03975	0.05344	0.00458	0.00428	0.00111	0.06641	0.00367	0.00246	0.13972
18	0.10848	0.22791	0.10318	0.07319	0.10486	0.05363	0.05632	0.05867	0.04626	0.01275	0.03487	0.00891	0.00661	0.00381	0.00343	0.00107	0.01693	0.00298	0.00218	0.07396
19	0.03674	0.00932	0.04653	0.09895	0.11706	0.08846	0.20319	0.01216	0.06615	0.06909	0.06166	0.05483	0.04368	0.00504	0.00459	0.00128	0.05072	0.02302	0.00258	0.00495
20	0.00786	0.00655	0.03673	0.06035	0.10999	0.02623	0.01690	0.03187	0.05249	0.07467	0.13910	0.15459	0.08869	0.06360	0.00534	0.00143	0.01169	0.04010	0.00317	0.06863

[dist]
# distance from previous block
# <min> <max>
4	92

[block]
# block no. 3 follows, 70 sequences, length 17
# corresponding to MSA columns:
# 483-499
name=unknown_D
#
# <colnr> <probs for GDERKNQSTAVLIFYWHMCP>
#	G	D	E	R	K	N	Q	S	T	A	V	L	I	F	Y	W	H	M	C	P
0	0.09203	0.08746	0.04198	0.04211	0.10250	0.01613	0.04135	0.10099	0.02050	0.04605	0.07979	0.07976	0.15469	0.04692	0.00461	0.00132	0.00352	0.00500	0.01255	0.02074
1	0.02841	0.04447	0.10823	0.03749	0.01086	0.05005	0.12332	0.03786	0.04106	0.02349	0.01348	0.27231	0.03472	0.09143	0.00573	0.00155	0.00403	0.02032	0.00273	0.04848
2	0.04584	0.04187	0.03896	0.02365	0.04308	0.03621	0.06354	0.06401	0.10546	0.06688	0.00938	0.01112	0.00758	0.01005	0.19948	0.03630	0.00543	0.00343	0.00258	0.18515
3	0.01087	0.51210	0.04303	0.02827	0.08742	0.12695	0.00749	0.03243	0.06299	0.03320	0.00701	0.02005	0.00601	0.00378	0.00302	0.00097	0.00453	0.00268	0.00205	0.00516
4	0.00493	0.00349	0.00463	0.00537	0.00564	0.00334	0.00364	0.00559	0.00725	0.00967	0.02009	0.68714	0.03920	0.08310	0.04862	0.01963	0.00285	0.03935	0.00338	0.00309
5	0.01097	0.20342	0.26877	0.00937	0.02385	0.22583	0.00927	0.09554	0.02745	0.02679	0.00707	0.00807	0.00556	0.00442	0.02024	0.00118	0.02548	0.00277	0.01873	0.00524
6	0.32652	0.05725	0.12617	0.03155	0.03785	0.01013	0.04602	0.23073	0.07108	0.01744	0.00764	0.00838	0.00571	0.00399	0.00328	0.00119	0.00406	0.00294	0.00271	0.00535
7	0.02344	0.12878	0.16102	0.06962	0.15305	0.03149	0.00892	0.14826	0.04162	0.05148	0.00784	0.00888	0.00602	0.00376	0.00346	0.00105	0.00438	0.00300	0.00242	0.14150
8	0.00658	0.00344	0.00507	0.00507	0.00511	0.00349	0.00339	0.00521	0.00517	0.00693	0.00734	0.01295	0.00743	0.07356	0.06772	0.77054	0.00383	0.00357	0.00175	0.00184
9	0.54397	0.02183	0.08400	0.05253	0.09099	0.02164	0.01813	0.01208	0.06453	0.01536	0.00655	0.00772	0.00512	0.00385	0.00330	0.00122	0.03754	0.00262	0.00230	0.00470
10	0.89114	0.00750	0.00570	0.00510	0.00750	0.00870	0.00420	0.01140	0.00660	0.01739	0.00540	0.00630	0.00420	0.00360	0.00240	0.00120	0.00300	0.00210	0.00240	0.00420
11	0.07700	0.32290	0.21387	0.00825	0.01162	0.01139	0.03361	0.09397	0.00892	0.03425	0.00883	0.00969	0.06314	0.00437	0.00410	0.00112	0.08259	0.00308	0.00217	0.00513
12	0.00906	0.19783	0.41410	0.03325	0.11273	0.01035	0.03315	0.03185	0.06587	0.03214	0.02045	0.00895	0.00623	0.00380	0.00352	0.00114	0.00493	0.00304	0.00202	0.00560
13	0.00733	0.00695	0.01198	0.71406	0.05301	0.00833	0.06140	0.00982	0.00785	0.01016	0.00797	0.06947	0.00667	0.00440	0.00399	0.00131	0.00503	0.00404	0.00187	0.00435
14	0.06035	0.00372	0.00458	0.00531	0.00579	0.00355	0.00367	0.00588	0.00755	0.01048	0.02190	0.70782	0.09504	0.01136	0.00477	0.00153	0.00232	0.03762	0.00352	0.00324
15	0.00959	0.06933	0.13714	0.21725	0.20049	0.12889	0.10335	0.04427	0.00913	0.01166	0.00732	0.00994	0.00589	0.00387	0.00381	0.00119	0.00540	0.02435	0.00195	0.00517
16	0.05869	0.02931	0.15565	0.09566	0.03740	0.01692	0.02057	0.07044	0.07450	0.17256	0.01377	0.12989	0.07445	0.00582	0.00417	0.00128	0.02587	0.00482	0.00308	0.00515

[dist]
# distance from previous block
# <min> <max>
39	150

[block]
# block no. 4 follows, 70 sequences, length 47
# corresponding to MSA columns:
# 674-678,686-727
name=unknown_E
#
# <colnr> <probs for GDERKNQSTAVLIFYWHMCP>
#	G	D	E	R	K	N	Q	S	T	A	V	L	I	F	Y	W	H	M	C	P
0	0.01068	0.01038	0.01388	0.06935	0.50421	0.14158	0.02105	0.06059	0.00961	0.04427	0.00774	0.01022	0.00643	0.00405	0.00429	0.00118	0.04775	0.02493	0.00218	0.00564
1	0.00786	0.00760	0.01102	0.38431	0.23001	0.06624	0.00921	0.00991	0.00838	0.01070	0.01215	0.06481	0.10458	0.00568	0.01934	0.00136	0.00464	0.03544	0.00220	0.00456
2	0.00995	0.02151	0.11684	0.09048	0.23328	0.02588	0.23501	0.06771	0.07054	0.06655	0.01892	0.01045	0.00685	0.00383	0.00403	0.00123	0.00511	0.00380	0.00237	0.00566
3	0.00978	0.16191	0.10115	0.05389	0.13860	0.09967	0.20047	0.06199	0.02946	0.01218	0.01815	0.01178	0.03500	0.00423	0.00384	0.00117	0.00515	0.04423	0.00219	0.00519
4	0.00635	0.04679	0.00570	0.00519	0.00551	0.00397	0.00363	0.00568	0.00625	0.00828	0.06678	0.18189	0.03496	0.02361	0.01137	0.55518	0.00305	0.02112	0.00233	0.00236
5	0.04462	0.00802	0.02664	0.09505	0.28589	0.08140	0.01506	0.03077	0.00884	0.04970	0.04917	0.12146	0.04746	0.07068	0.00525	0.00145	0.00412	0.04708	0.00261	0.00472
6	0.00829	0.00702	0.00806	0.00596	0.00918	0.00570	0.00475	0.04775	0.06619	0.01341	0.02465	0.00995	0.03530	0.00345	0.00308	0.00069	0.00290	0.00279	0.00257	0.73832
7	0.03040	0.00751	0.01026	0.08584	0.16187	0.01551	0.04361	0.05957	0.22334	0.06641	0.04428	0.03064	0.04055	0.00728	0.07673	0.00169	0.00435	0.05065	0.00304	0.03648
8	0.00539	0.00407	0.00519	0.00603	0.04753	0.00385	0.00393	0.02783	0.00802	0.01053	0.05560	0.48321	0.17519	0.11291	0.00656	0.00175	0.00257	0.03310	0.00340	0.00335
9	0.00851	0.00889	0.10262	0.13246	0.27002	0.01949	0.02021	0.07311	0.06207	0.02150	0.02963	0.06636	0.05708	0.05969	0.02808	0.01519	0.01315	0.00444	0.00245	0.00503
10	0.00864	0.07408	0.05231	0.42954	0.20240	0.01896	0.03821	0.05780	0.00874	0.01162	0.02944	0.01011	0.00631	0.00396	0.00407	0.00122	0.03222	0.00344	0.00196	0.00498
11	0.00595	0.00425	0.00503	0.00517	0.00608	0.00399	0.00373	0.04992	0.02264	0.04311	0.08028	0.36909	0.27628	0.07038	0.00575	0.00159	0.00245	0.03715	0.00362	0.00354
12	0.01608	0.00399	0.00480	0.00513	0.00563	0.00388	0.00348	0.04706	0.00786	0.01064	0.05845	0.45911	0.08386	0.21598	0.00831	0.00202	0.00270	0.02616	0.03164	0.00320
13	0.00512	0.00382	0.00485	0.00553	0.02940	0.00355	0.00370	0.00602	0.00803	0.01057	0.12226	0.43084	0.18244	0.11470	0.00662	0.00175	0.00246	0.05160	0.00348	0.00325
14	0.06648	0.22740	0.02638	0.03135	0.01172	0.09967	0.13542	0.08289	0.07069	0.02228	0.01742	0.01042	0.00712	0.06395	0.06772	0.00168	0.04690	0.00340	0.00230	0.00481
15	0.01442	0.03996	0.01136	0.00969	0.01194	0.66726	0.00744	0.16904	0.01227	0.01231	0.00660	0.00741	0.00530	0.00410	0.00354	0.00103	0.00640	0.00267	0.00234	0.00490
16	0.00956	0.00922	0.01351	0.06426	0.01419	0.06051	0.25458	0.11459	0.00980	0.01361	0.01940	0.00934	0.00623	0.00357	0.00402	0.00100	0.03677	0.00334	0.00235	0.35016
17	0.00544	0.00407	0.00592	0.00607	0.00663	0.00461	0.00457	0.00662	0.00644	0.00913	0.01257	0.18725	0.01300	0.05637	0.62882	0.00510	0.02605	0.00559	0.00239	0.00337
18	0.00581	0.00402	0.00497	0.00504	0.00588	0.00373	0.00361	0.00727	0.03679	0.05373	0.29197	0.31161	0.17421	0.06632	0.00565	0.00153	0.00224	0.00825	0.00381	0.00356
19	0.00783	0.00667	0.00781	0.00569	0.00894	0.00504	0.00452	0.00951	0.00809	0.01257	0.02507	0.03630	0.01919	0.00338	0.00300	0.00063	0.00282	0.00276	0.00240	0.82778
20	0.00474	0.00342	0.00449	0.00531	0.00561	0.00317	0.00357	0.00547	0.00761	0.01011	0.04848	0.79311	0.06680	0.01189	0.00492	0.00155	0.00222	0.01075	0.00362	0.00317
21	0.10759	0.00574	0.00634	0.00583	0.00712	0.00601	0.00429	0.11628	0.08579	0.08389	0.06439	0.16280	0.02637	0.24360	0.00836	0.00199	0.00318	0.03297	0.02332	0.00413
22	0.00531	0.00360	0.00440	0.00481	0.00501	0.00349	0.00306	0.00581	0.00681	0.00928	0.04441	0.39923	0.02002	0.39268	0.01145	0.00251	0.00292	0.02752	0.04481	0.00284
23	0.00732	0.00689	0.01163	0.85444	0.02670	0.00861	0.01077	0.00991	0.00775	0.00991	0.00689	0.01034	0.00517	0.00388	0.00388	0.00129	0.00517	0.00345	0.00172	0.00431
24	0.01827	0.00435	0.00514	0.00518	0.00620	0.00411	0.02167	0.00726	0.06845	0.01115	0.08170	0.21479	0.35625	0.08682	0.00598	0.00161	0.00251	0.07427	0.02080	0.00348
25	0.00572	0.00422	0.00487	0.00500	0.00579	0.00406	0.00360	0.03254	0.03929	0.01084	0.07018	0.18396	0.25747	0.22226	0.00840	0.00200	0.00275	0.10133	0.03244	0.00330
26	0.00654	0.00544	0.00576	0.00548	0.00705	0.00544	0.00426	0.05303	0.21854	0.01280	0.03921	0.04909	0.49637	0.00848	0.00445	0.00134	0.00249	0.06633	0.00371	0.00420
27	0.13685	0.00440	0.00473	0.00480	0.00581	0.00430	0.00350	0.00698	0.02042	0.01191	0.15538	0.20332	0.26200	0.09391	0.00621	0.03152	0.00245	0.03479	0.00334	0.00335
28	0.00664	0.00467	0.00537	0.00517	0.00645	0.00438	0.00403	0.07271	0.00975	0.05511	0.14515	0.05374	0.37050	0.06299	0.00549	0.00150	0.00256	0.13377	0.04626	0.00377
29	0.00504	0.00352	0.00442	0.00498	0.00517	0.00336	0.00318	0.00552	0.00694	0.00925	0.03687	0.55851	0.03333	0.28990	0.00976	0.00228	0.00273	0.00914	0.00321	0.00290
30	0.01147	0.00762	0.00826	0.00681	0.00898	0.00822	0.00546	0.37013	0.11885	0.07909	0.03982	0.02933	0.00990	0.00496	0.00358	0.00112	0.00317	0.00394	0.27384	0.00546
31	0.00892	0.00520	0.00619	0.00556	0.00715	0.00502	0.00429	0.03807	0.11574	0.19316	0.19985	0.10853	0.14840	0.00705	0.00410	0.00123	0.00245	0.00601	0.12849	0.00459
32	0.00622	0.00416	0.00481	0.00454	0.00577	0.00375	0.00344	0.00786	0.02462	0.06910	0.34946	0.02914	0.34803	0.00799	0.00429	0.00122	0.00200	0.00680	0.11306	0.00374
33	0.01605	0.00786	0.00963	0.00744	0.01038	0.00767	0.00612	0.26866	0.03183	0.54237	0.01336	0.01206	0.00873	0.00475	0.00385	0.00118	0.00354	0.00377	0.03424	0.00648
34	0.00472	0.00337	0.00450	0.00540	0.00562	0.00315	0.00360	0.00540	0.00742	0.00990	0.02137	0.86122	0.02564	0.01215	0.00495	0.00157	0.00225	0.01102	0.00360	0.00315
35	0.43146	0.00759	0.00778	0.00631	0.00904	0.00796	0.00521	0.12264	0.00991	0.34239	0.00981	0.00941	0.00664	0.00421	0.00318	0.00119	0.00329	0.00299	0.00354	0.00546
36	0.00472	0.00345	0.00442	0.00520	0.00555	0.00317	0.00350	0.00542	0.00757	0.00993	0.02343	0.74580	0.12572	0.02585	0.00515	0.00158	0.00224	0.01058	0.00358	0.00315
37	0.01683	0.00750	0.00956	0.00733	0.01035	0.00704	0.00605	0.19024	0.01261	0.66877	0.01402	0.01237	0.00896	0.00477	0.00389	0.00119	0.00350	0.00381	0.00460	0.00660
38	0.06625	0.00619	0.00685	0.00583	0.00776	0.00627	0.00463	0.16821	0.06718	0.15471	0.15060	0.01903	0.15619	0.00605	0.00382	0.00117	0.00272	0.00493	0.15677	0.00484
39	0.00989	0.03531	0.01199	0.45742	0.07255	0.07433	0.00943	0.19181	0.04613	0.01350	0.00766	0.00979	0.00581	0.00417	0.00411	0.00123	0.03411	0.00338	0.00233	0.00504
40	0.00469	0.00386	0.00413	0.00422	0.00535	0.00330	0.00311	0.00572	0.00887	0.01092	0.11963	0.14789	0.64501	0.00994	0.00463	0.00134	0.00199	0.00844	0.00367	0.00330
41	0.00558	0.00424	0.02329	0.00506	0.00551	0.00411	0.00353	0.00628	0.00652	0.00890	0.06846	0.06581	0.04673	0.47738	0.22078	0.00387	0.00516	0.03334	0.00255	0.00290
42	0.00775	0.00690	0.01978	0.07775	0.04906	0.00658	0.25278	0.01038	0.04679	0.06475	0.25533	0.02008	0.13410	0.00638	0.02294	0.00137	0.00403	0.00558	0.00311	0.00455
43	0.01038	0.01145	0.02424	0.00911	0.06218	0.36572	0.01780	0.07691	0.00976	0.01093	0.01128	0.15482	0.04007	0.08888	0.04522	0.00168	0.02837	0.02440	0.00253	0.00425
44	0.01344	0.00977	0.01054	0.00839	0.01113	0.02210	0.00687	0.61800	0.08054	0.06182	0.03885	0.02548	0.00928	0.00523	0.00397	0.00121	0.00397	0.04449	0.01874	0.00617
45	0.02665	0.10337	0.04462	0.17150	0.22987	0.09422	0.06750	0.03656	0.00855	0.02770	0.00672	0.00893	0.00552	0.00419	0.00517	0.00123	0.14742	0.00324	0.00194	0.00509
46	0.08788	0.04695	0.03502	0.18520	0.04534	0.09936	0.01868	0.22703	0.02983	0.06698	0.03565	0.01045	0.00725	0.00458	0.00436	0.00122	0.06828	0.01797	0.00274	0.00522

[dist]
# distance from previous block
# <min> <max>
1	22

[block]
# block no. 5 follows, 70 sequences, length 62
# corresponding to MSA columns:
# 750-811
name=unknown_F
#
# <colnr> <probs for GDERKNQSTAVLIFYWHMCP>
#	G	D	E	R	K	N	Q	S	T	A	V	L	I	F	Y	W	H	M	C	P
0	0.20860	0.06849	0.09477	0.00775	0.02359	0.00923	0.02301	0.16667	0.06209	0.04477	0.00769	0.00847	0.00591	0.00397	0.00378	0.00107	0.05649	0.00284	0.00265	0.19817
1	0.00932	0.01039	0.03265	0.01574	0.01949	0.00978	0.75661	0.01245	0.00905	0.03461	0.00791	0.01041	0.00593	0.00347	0.00491	0.00132	0.04422	0.00448	0.00202	0.00523
2	0.00936	0.03352	0.03913	0.04603	0.05767	0.00996	0.68290	0.04846	0.00943	0.01278	0.00776	0.01020	0.00586	0.00337	0.00441	0.00128	0.00622	0.00433	0.00202	0.00530
3	0.01030	0.00682	0.00827	0.00602	0.00936	0.00530	0.00486	0.01197	0.00878	0.21325	0.00892	0.00929	0.00667	0.00334	0.00312	0.00073	0.00297	0.00268	0.00290	0.67445
4	0.03589	0.01078	0.01149	0.00883	0.01191	0.01194	0.00729	0.80697	0.01795	0.02426	0.00921	0.00924	0.00654	0.00463	0.00384	0.00116	0.00424	0.00346	0.00384	0.00654
5	0.00969	0.00832	0.00880	0.00782	0.01008	0.00950	0.00610	0.03826	0.77738	0.01624	0.01524	0.01406	0.01144	0.00514	0.00390	0.00128	0.00309	0.00427	0.00387	0.04555
6	0.00476	0.00391	0.00419	0.00423	0.00541	0.00335	0.00317	0.00586	0.00905	0.01116	0.14696	0.08464	0.65887	0.00972	0.00462	0.00133	0.00200	0.02974	0.00369	0.00333
7	0.00617	0.00439	0.00610	0.00695	0.00778	0.00438	0.00598	0.00783	0.00873	0.01137	0.02020	0.07225	0.02208	0.04740	0.00596	0.00186	0.00353	0.75001	0.00352	0.00350
8	0.01703	0.00669	0.00901	0.00692	0.00988	0.00588	0.00571	0.04759	0.01135	0.79432	0.03359	0.01341	0.01010	0.00486	0.00391	0.00120	0.00330	0.00395	0.00475	0.00653
9	0.00473	0.00384	0.00420	0.00436	0.00542	0.00331	0.00320	0.00575	0.00878	0.01087	0.11017	0.18742	0.59635	0.01009	0.00467	0.00136	0.00204	0.02649	0.00366	0.00329
10	0.00637	0.00399	0.00460	0.00438	0.00538	0.00383	0.00331	0.02910	0.00982	0.01492	0.41189	0.02315	0.08939	0.00659	0.00379	0.00109	0.00189	0.00561	0.36721	0.00368
11	0.00550	0.00394	0.00502	0.00475	0.00569	0.00363	0.00356	0.00726	0.01069	0.01512	0.74189	0.02893	0.09461	0.00791	0.00449	0.00121	0.00184	0.00695	0.04337	0.00363
12	0.01166	0.03035	0.05239	0.01287	0.01598	0.37871	0.38633	0.04294	0.01022	0.01149	0.00700	0.00872	0.00546	0.00366	0.00400	0.00115	0.00658	0.00350	0.00203	0.00497
13	0.01273	0.00890	0.00965	0.00782	0.01040	0.00976	0.00632	0.43063	0.23874	0.10238	0.01206	0.01170	0.00871	0.00482	0.00376	0.00118	0.00356	0.00379	0.10695	0.00612
14	0.00549	0.00390	0.00429	0.00421	0.00522	0.00355	0.00308	0.00689	0.01779	0.01245	0.24821	0.03821	0.37068	0.07852	0.00545	0.00141	0.00206	0.00674	0.17844	0.00340
15	0.06209	0.00723	0.00919	0.00708	0.01006	0.00672	0.00585	0.12889	0.01184	0.68796	0.01397	0.01231	0.00891	0.00472	0.00382	0.00119	0.00342	0.00375	0.00455	0.00647
16	0.00536	0.00405	0.00465	0.00473	0.00578	0.00363	0.00349	0.02056	0.01917	0.03160	0.16816	0.23255	0.44231	0.00981	0.00465	0.00136	0.00214	0.02877	0.00375	0.00349
17	0.00628	0.00404	0.00516	0.00502	0.00591	0.00370	0.00364	0.00758	0.00953	0.08400	0.44304	0.20974	0.09999	0.08742	0.00599	0.00154	0.00224	0.00760	0.00393	0.00364
18	0.00555	0.00412	0.00606	0.00606	0.00669	0.00475	0.00463	0.00681	0.00618	0.00887	0.01054	0.01611	0.01007	0.10167	0.77632	0.00602	0.00981	0.00428	0.00210	0.00336
19	0.00576	0.00556	0.07805	0.00589	0.00707	0.00447	0.00475	0.03331	0.06225	0.01214	0.18033	0.44606	0.12023	0.00963	0.00462	0.00141	0.00255	0.00853	0.00359	0.00379
20	0.02353	0.00428	0.00489	0.00471	0.00576	0.00396	0.00341	0.03448	0.00905	0.05573	0.21600	0.12907	0.31915	0.14084	0.00682	0.00168	0.00241	0.00725	0.02346	0.00352
21	0.01924	0.00413	0.00594	0.00597	0.00663	0.00473	0.00456	0.00692	0.00630	0.00924	0.01089	0.04606	0.01048	0.08205	0.72322	0.00565	0.00926	0.00445	0.03087	0.00339
22	0.00491	0.00413	0.00428	0.00421	0.00551	0.00360	0.00317	0.00642	0.04567	0.01128	0.12560	0.03538	0.71357	0.00941	0.00455	0.00130	0.00200	0.00789	0.00369	0.00344
23	0.08245	0.00755	0.00911	0.00720	0.01006	0.00742	0.00590	0.14074	0.12467	0.54228	0.01370	0.01226	0.00904	0.00475	0.00379	0.00121	0.00339	0.00377	0.00436	0.00635
24	0.00623	0.00479	0.00707	0.04871	0.00821	0.00556	0.01813	0.00768	0.02821	0.01918	0.07165	0.01574	0.03684	0.02123	0.53484	0.07806	0.07769	0.00434	0.00228	0.00356
25	0.01067	0.80346	0.01963	0.00688	0.01010	0.07687	0.00670	0.01189	0.00811	0.00915	0.00543	0.00628	0.00498	0.00337	0.00256	0.00084	0.00436	0.00210	0.00168	0.00494
26	0.00778	0.02005	0.84367	0.01105	0.01678	0.00900	0.01432	0.01228	0.00818	0.01228	0.00696	0.00818	0.00491	0.00368	0.00368	0.00123	0.00573	0.00286	0.00164	0.00573
27	0.00561	0.00388	0.00486	0.00486	0.00507	0.00410	0.00313	0.00604	0.00582	0.00798	0.01164	0.02219	0.01271	0.60173	0.27987	0.00453	0.00584	0.00517	0.00226	0.00270
28	0.01294	0.01030	0.01086	0.00959	0.06362	0.09320	0.00726	0.35983	0.22558	0.09655	0.01083	0.01074	0.00795	0.00482	0.00441	0.00122	0.05703	0.00365	0.00354	0.00609
29	0.70080	0.00801	0.00685	0.00582	0.00837	0.00909	0.00480	0.14645	0.00875	0.06158	0.00656	0.00715	0.00488	0.00384	0.00272	0.00119	0.00322	0.00242	0.00277	0.00472
30	0.00918	0.01071	0.12120	0.05773	0.54152	0.00927	0.16929	0.01196	0.00876	0.01245	0.00734	0.00962	0.00589	0.00347	0.00396	0.00120	0.00515	0.00360	0.00188	0.00583
31	0.00804	0.00689	0.00804	0.00574	0.00919	0.00517	0.00459	0.00976	0.00804	0.01263	0.00689	0.00804	0.00574	0.00287	0.00287	0.00057	0.00287	0.00230	0.00230	0.88745
32	0.00476	0.00349	0.00448	0.00523	0.00563	0.00321	0.00357	0.00553	0.00774	0.01015	0.04323	0.70839	0.13754	0.01169	0.00490	0.00153	0.00223	0.02990	0.00361	0.00319
33	0.89114	0.00750	0.00570	0.00510	0.00750	0.00870	0.00420	0.01140	0.00660	0.01739	0.00540	0.00630	0.00420	0.00360	0.00240	0.00120	0.00300	0.00210	0.00240	0.00420
34	0.00471	0.00344	0.00443	0.00523	0.00558	0.00316	0.00352	0.00542	0.00759	0.00996	0.02344	0.76575	0.11978	0.01188	0.00491	0.00154	0.00222	0.01069	0.00360	0.00316
35	0.00732	0.00689	0.01163	0.85444	0.02670	0.00861	0.01077	0.00991	0.00775	0.00991	0.00689	0.01034	0.00517	0.00388	0.00388	0.00129	0.00517	0.00345	0.00172	0.00431
36	0.01263	0.31870	0.06351	0.00886	0.01155	0.50368	0.00759	0.01392	0.00972	0.00952	0.00584	0.00679	0.00498	0.00374	0.00315	0.00095	0.00591	0.00237	0.00186	0.00474
37	0.00861	0.00687	0.00810	0.00581	0.00923	0.00520	0.00466	0.01032	0.00823	0.06316	0.00740	0.00835	0.00598	0.00299	0.00293	0.00061	0.00290	0.00239	0.00245	0.83381
38	0.02076	0.00508	0.00651	0.06298	0.00831	0.02683	0.02814	0.02738	0.04511	0.01125	0.09481	0.38715	0.05748	0.07687	0.00615	0.00166	0.03300	0.09364	0.00328	0.00363
39	0.39642	0.03801	0.07277	0.02045	0.01963	0.00878	0.00622	0.14448	0.01965	0.18511	0.00887	0.00990	0.00655	0.00433	0.00334	0.00121	0.01405	0.03192	0.00308	0.00524
40	0.00960	0.00921	0.01574	0.02380	0.83957	0.00921	0.01190	0.01190	0.00883	0.01267	0.00729	0.00960	0.00614	0.00345	0.00384	0.00115	0.00461	0.00345	0.00192	0.00614
41	0.00528	0.00388	0.00503	0.00572	0.00639	0.00366	0.00440	0.00641	0.00824	0.01068	0.04276	0.39004	0.16544	0.02988	0.00535	0.00164	0.00269	0.29562	0.00358	0.00331
42	0.03222	0.00774	0.01252	0.54025	0.25314	0.00893	0.01063	0.03835	0.03734	0.01159	0.00736	0.01013	0.00570	0.00382	0.00383	0.00125	0.00485	0.00345	0.00195	0.00496
43	0.00472	0.00340	0.00447	0.00533	0.00561	0.00315	0.00357	0.00541	0.00749	0.00992	0.02219	0.82338	0.06296	0.01204	0.00493	0.00156	0.00224	0.01089	0.00360	0.00315
44	0.00469	0.00389	0.00410	0.00414	0.00532	0.00330	0.00307	0.00573	0.00896	0.01096	0.12132	0.09731	0.69427	0.00979	0.00461	0.00132	0.00197	0.00827	0.00367	0.00330
45	0.00540	0.00386	0.00520	0.00603	0.00653	0.00374	0.00454	0.02044	0.00811	0.01071	0.02088	0.57627	0.02421	0.01154	0.00506	0.00164	0.00272	0.27617	0.00359	0.00335
46	0.00492	0.00345	0.00450	0.00525	0.00552	0.00325	0.00351	0.00563	0.00748	0.01011	0.05667	0.72697	0.02475	0.07743	0.00601	0.00171	0.00235	0.01872	0.02865	0.00313
47	0.01029	0.84199	0.04377	0.00676	0.01014	0.01516	0.00685	0.01163	0.00789	0.00921	0.00543	0.00627	0.00497	0.00333	0.00252	0.00084	0.00419	0.00210	0.00166	0.00500
48	0.00475	0.00339	0.00453	0.00543	0.00566	0.00317	0.00364	0.00544	0.00745	0.00992	0.02135	0.84829	0.02559	0.01212	0.00495	0.00158	0.00227	0.02372	0.00360	0.00316
49	0.00490	0.00346	0.00447	0.00518	0.00539	0.00327	0.00339	0.00549	0.00722	0.00965	0.04305	0.69430	0.02397	0.15794	0.00747	0.00194	0.00250	0.00998	0.00340	0.00303
50	0.00564	0.00376	0.00423	0.00423	0.00423	0.00376	0.00235	0.00564	0.00564	0.00752	0.01222	0.02537	0.01409	0.86375	0.01973	0.00376	0.00376	0.00564	0.00235	0.00235
51	0.00465	0.00392	0.00403	0.00403	0.00529	0.00330	0.00301	0.00568	0.00895	0.01082	0.09569	0.05814	0.75977	0.00974	0.00459	0.00131	0.00196	0.00817	0.00365	0.00330
52	0.00465	0.00392	0.00404	0.00406	0.00532	0.00331	0.00305	0.00568	0.00890	0.01070	0.07397	0.05847	0.76768	0.00981	0.00460	0.00132	0.00199	0.02160	0.00363	0.00329
53	0.00567	0.00374	0.00421	0.00424	0.00429	0.00373	0.00241	0.00578	0.00581	0.00790	0.01256	0.05425	0.01432	0.79695	0.01848	0.00356	0.00362	0.00574	0.04031	0.00243
54	0.01267	0.00970	0.04700	0.00803	0.01068	0.01005	0.00672	0.59210	0.03157	0.03831	0.01026	0.01232	0.00809	0.09903	0.00556	0.00145	0.00404	0.02157	0.06503	0.00581
55	0.01498	0.01047	0.01139	0.00874	0.01183	0.01144	0.00722	0.75279	0.01758	0.09921	0.00986	0.00966	0.00687	0.00467	0.00388	0.00117	0.00418	0.00353	0.00396	0.00659
56	0.01734	0.00668	0.00905	0.00694	0.00994	0.00582	0.00573	0.03482	0.01124	0.82613	0.01518	0.01312	0.00954	0.00480	0.00390	0.00120	0.00332	0.00389	0.00478	0.00660
57	0.01407	0.04642	0.01118	0.00976	0.01181	0.77340	0.00739	0.01564	0.05671	0.00985	0.00652	0.00738	0.00537	0.00404	0.00349	0.00101	0.00668	0.00259	0.00209	0.00460
58	0.00485	0.00352	0.00461	0.00542	0.00576	0.00331	0.00369	0.00576	0.02116	0.01015	0.03302	0.77454	0.06156	0.01183	0.00492	0.00156	0.00228	0.03522	0.00361	0.00322
59	0.01555	0.00926	0.01061	0.00817	0.01121	0.00969	0.00674	0.51497	0.03758	0.31781	0.01163	0.01084	0.00781	0.00472	0.00389	0.00118	0.00389	0.00366	0.00421	0.00658
60	0.00471	0.00341	0.00446	0.00529	0.00559	0.00316	0.00355	0.00541	0.00753	0.00994	0.02269	0.80035	0.08566	0.01197	0.00492	0.00155	0.00223	0.01081	0.00360	0.00316
61	0.01452	0.00760	0.00916	0.00738	0.01011	0.00765	0.00598	0.12561	0.25500	0.47150	0.01459	0.01309	0.00987	0.00491	0.00388	0.00122	0.00332	0.00398	0.02422	0.00639

[dist]
# distance from previous block
# <min> <max>
0	3

[block]
# block no. 6 follows, 70 sequences, length 12
# corresponding to MSA columns:
# 815-826
name=unknown_G
#
# <colnr> <probs for GDERKNQSTAVLIFYWHMCP>
#	G	D	E	R	K	N	Q	S	T	A	V	L	I	F	Y	W	H	M	C	P
0	0.00542	0.00418	0.00584	0.08912	0.03254	0.00417	0.00501	0.00659	0.00791	0.01034	0.02106	0.48603	0.11086	0.01098	0.02608	0.00166	0.00303	0.16241	0.00332	0.00345
1	0.00626	0.00488	0.00609	0.00599	0.00668	0.03804	0.00444	0.02631	0.03015	0.00942	0.01104	0.03702	0.01080	0.20063	0.55877	0.00502	0.00812	0.00454	0.02239	0.00341
2	0.01031	0.82467	0.02044	0.00710	0.01045	0.01507	0.04627	0.01165	0.00794	0.00928	0.00551	0.00642	0.00502	0.00331	0.00259	0.00085	0.00426	0.00219	0.00167	0.00499
3	0.04271	0.21938	0.03019	0.03204	0.20435	0.07573	0.02106	0.15815	0.05567	0.06365	0.00791	0.00881	0.00621	0.00390	0.00356	0.00107	0.01835	0.00304	0.00251	0.04169
4	0.00840	0.06748	0.22993	0.20825	0.05707	0.00951	0.28653	0.01192	0.04285	0.01170	0.00782	0.02701	0.00607	0.00379	0.00400	0.00125	0.00554	0.00378	0.00192	0.00516
5	0.00693	0.00394	0.00649	0.00596	0.00628	0.00389	0.06981	0.00565	0.00538	0.00719	0.00682	0.01168	0.00667	0.01264	0.01430	0.81561	0.00362	0.00346	0.00171	0.00197
6	0.00660	0.00521	0.00576	0.00538	0.00643	0.07197	0.00404	0.00831	0.01086	0.04364	0.71351	0.05537	0.03271	0.00764	0.00447	0.00121	0.00231	0.00668	0.00408	0.00381
7	0.00723	0.00361	0.00361	0.00361	0.00452	0.00361	0.00271	0.00903	0.00813	0.01445	0.01265	0.01445	0.00994	0.00452	0.00271	0.00090	0.00181	0.00361	0.88528	0.00361
8	0.00971	0.00955	0.06222	0.08761	0.08506	0.07657	0.08509	0.08618	0.22027	0.04628	0.09221	0.01390	0.04835	0.00507	0.00453	0.00126	0.05357	0.00426	0.00299	0.00530
9	0.13193	0.05940	0.02775	0.01869	0.03678	0.05315	0.00607	0.15307	0.06143	0.22543	0.08855	0.02411	0.04894	0.00501	0.00377	0.00117	0.01474	0.00391	0.00348	0.03261
10	0.20667	0.26980	0.02515	0.00673	0.00907	0.07000	0.00580	0.07851	0.06083	0.01294	0.00933	0.10299	0.02798	0.00636	0.05162	0.00141	0.02838	0.00368	0.00247	0.02028
11	0.08289	0.08464	0.17893	0.09697	0.05340	0.11578	0.04356	0.04433	0.07954	0.01231	0.03846	0.02541	0.00777	0.03108	0.05906	0.00159	0.03367	0.00348	0.00225	0.00488

[dist]
# distance from previous block
# <min> <max>
1	24

[block]
# block no. 7 follows, 70 sequences, length 39
# corresponding to MSA columns:
# 851-889
name=unknown_H
#
# <colnr> <probs for GDERKNQSTAVLIFYWHMCP>
#	G	D	E	R	K	N	Q	S	T	A	V	L	I	F	Y	W	H	M	C	P
0	0.00828	0.00757	0.02860	0.09513	0.29102	0.00787	0.00821	0.05370	0.13553	0.01299	0.07540	0.07126	0.04264	0.00787	0.09484	0.00179	0.03379	0.00461	0.00268	0.01622
1	0.04049	0.03948	0.00598	0.00528	0.00653	0.06135	0.00406	0.02697	0.00981	0.01300	0.35194	0.10424	0.25947	0.00830	0.00439	0.00127	0.00254	0.04756	0.00364	0.00370
2	0.10238	0.10175	0.05292	0.00818	0.02851	0.09054	0.00676	0.20212	0.04318	0.10351	0.03396	0.03952	0.00882	0.00557	0.02578	0.00132	0.00434	0.02275	0.00318	0.11492
3	0.00991	0.00755	0.01757	0.01675	0.00959	0.00828	0.00611	0.31728	0.06474	0.03747	0.04201	0.01297	0.00933	0.04523	0.28524	0.00296	0.05202	0.00393	0.00302	0.04805
4	0.00533	0.00427	0.00479	0.00491	0.00609	0.00389	0.00382	0.02428	0.03724	0.01144	0.08488	0.11129	0.52762	0.00979	0.00471	0.00141	0.00234	0.14476	0.00366	0.00351
5	0.00723	0.00361	0.00361	0.00361	0.00452	0.00361	0.00271	0.00903	0.00813	0.01445	0.01265	0.01445	0.00994	0.00452	0.00271	0.00090	0.00181	0.00361	0.88528	0.00361
6	0.00851	0.10090	0.07545	0.54401	0.05551	0.04286	0.01006	0.05569	0.00854	0.01100	0.00683	0.00940	0.00526	0.00382	0.00374	0.00119	0.01329	0.00317	0.00187	0.03888
7	0.00833	0.00837	0.04635	0.35217	0.43156	0.00862	0.01105	0.01074	0.00826	0.01136	0.00779	0.04684	0.00662	0.00451	0.02033	0.00133	0.00488	0.00377	0.00191	0.00521
8	0.00885	0.00993	0.02144	0.01541	0.01909	0.00931	0.75885	0.01200	0.00930	0.01267	0.07512	0.01196	0.00837	0.00365	0.00457	0.00130	0.00615	0.00477	0.00215	0.00510
9	0.00844	0.00836	0.03961	0.49142	0.28949	0.00900	0.04421	0.04234	0.00858	0.01154	0.00716	0.00999	0.00556	0.00374	0.00389	0.00124	0.00502	0.00348	0.00188	0.00507
10	0.11187	0.00714	0.00872	0.00693	0.00975	0.00688	0.00567	0.05332	0.13218	0.59450	0.01402	0.01246	0.00921	0.00473	0.00374	0.00122	0.00327	0.00376	0.00437	0.00627
11	0.00492	0.00368	0.00529	0.00587	0.00626	0.00344	0.03921	0.00570	0.00750	0.01001	0.02078	0.82437	0.02479	0.01176	0.00493	0.00156	0.00243	0.01074	0.00353	0.00324
12	0.01449	0.00796	0.00941	0.00745	0.01019	0.00810	0.00607	0.28191	0.12204	0.39059	0.05246	0.01290	0.01021	0.00495	0.00388	0.00119	0.00345	0.00397	0.04250	0.00627
13	0.05169	0.00856	0.01005	0.00774	0.01076	0.00868	0.00639	0.38340	0.01413	0.43939	0.01219	0.01116	0.00802	0.00468	0.00383	0.00118	0.00372	0.00364	0.00429	0.00650
14	0.00564	0.00376	0.00423	0.00423	0.00423	0.00376	0.00235	0.00564	0.00564	0.00752	0.01222	0.02537	0.01409	0.86375	0.01973	0.00376	0.00376	0.00564	0.00235	0.00235
15	0.00482	0.00397	0.03318	0.00553	0.00599	0.00335	0.00394	0.00564	0.00751	0.01000	0.02161	0.79800	0.05850	0.01176	0.00489	0.00155	0.00236	0.01062	0.00353	0.00324
16	0.00552	0.00372	0.00430	0.00444	0.00449	0.00369	0.00259	0.00565	0.00594	0.00792	0.01363	0.14192	0.01584	0.73066	0.01743	0.00342	0.00355	0.02028	0.00254	0.00248
17	0.00514	0.00389	0.00472	0.00492	0.00574	0.00356	0.00360	0.00648	0.02256	0.01194	0.27877	0.26033	0.26667	0.04291	0.00531	0.00148	0.00220	0.06265	0.00376	0.00339
18	0.04118	0.00583	0.04303	0.00578	0.00740	0.00531	0.00472	0.03708	0.13807	0.05664	0.25013	0.09398	0.23647	0.00787	0.00437	0.00131	0.00256	0.05023	0.00378	0.00426
19	0.00493	0.00355	0.00470	0.00547	0.00581	0.00335	0.00375	0.00591	0.02132	0.01054	0.08900	0.74542	0.02619	0.01162	0.00492	0.00155	0.00228	0.04279	0.00366	0.00326
20	0.00624	0.00411	0.00462	0.00445	0.00512	0.01571	0.00306	0.01497	0.00841	0.02219	0.29256	0.02416	0.06049	0.31015	0.00949	0.00205	0.00263	0.00569	0.20065	0.00324
21	0.00806	0.00558	0.00684	0.00670	0.00802	0.00578	0.00531	0.07302	0.16945	0.08062	0.10876	0.18238	0.01989	0.04650	0.00533	0.00158	0.00307	0.25489	0.00379	0.00442
22	0.00673	0.00337	0.00505	0.00505	0.00505	0.00337	0.00337	0.00505	0.00505	0.00673	0.00673	0.01178	0.00673	0.01347	0.01515	0.88721	0.00337	0.00337	0.00168	0.00168
23	0.00565	0.00392	0.00499	0.00481	0.00571	0.00365	0.00362	0.00742	0.01040	0.01496	0.66864	0.06027	0.05122	0.00785	0.00441	0.00122	0.00191	0.03440	0.10133	0.00362
24	0.01676	0.00424	0.00501	0.00515	0.00609	0.00400	0.00375	0.03540	0.04122	0.02726	0.17439	0.34689	0.26546	0.01921	0.00482	0.00142	0.00227	0.02934	0.00374	0.00359
25	0.01020	0.00879	0.00875	0.00784	0.00997	0.07704	0.00612	0.04651	0.62941	0.05235	0.05241	0.01544	0.02349	0.00546	0.00398	0.00129	0.00338	0.02794	0.00382	0.00581
26	0.00563	0.00377	0.00431	0.00431	0.00434	0.00380	0.00245	0.00569	0.00566	0.00758	0.01214	0.02496	0.01392	0.83025	0.05299	0.00386	0.00402	0.00558	0.00234	0.00239
27	0.01073	0.00811	0.00879	0.00755	0.00986	0.00897	0.00597	0.17320	0.50040	0.09146	0.05200	0.01584	0.07858	0.00559	0.00401	0.00127	0.00318	0.00459	0.00399	0.00593
28	0.04412	0.00405	0.00434	0.00431	0.00549	0.00359	0.00322	0.00621	0.00912	0.01190	0.21977	0.09806	0.55376	0.00929	0.00451	0.00130	0.00200	0.00786	0.00370	0.00339
29	0.03562	0.01068	0.01138	0.00879	0.01184	0.01185	0.00724	0.77467	0.05063	0.02393	0.00947	0.00944	0.00675	0.00465	0.00385	0.00117	0.00419	0.00349	0.00385	0.00652
30	0.00475	0.00387	0.00422	0.00438	0.00547	0.00334	0.00325	0.00579	0.00879	0.01084	0.10033	0.16777	0.60782	0.01007	0.00467	0.00137	0.00207	0.04425	0.00365	0.00330
31	0.00542	0.00394	0.00461	0.00470	0.00541	0.00367	0.00325	0.00652	0.02961	0.02328	0.17892	0.19968	0.25539	0.23245	0.00859	0.00199	0.00254	0.02339	0.00343	0.00321
32	0.00749	0.00706	0.01193	0.79338	0.08645	0.00866	0.01085	0.01005	0.00783	0.01011	0.00692	0.01028	0.00524	0.00384	0.00387	0.00128	0.00513	0.00345	0.00174	0.00444
33	0.00530	0.00392	0.00494	0.00475	0.00569	0.00357	0.00354	0.00692	0.01043	0.01440	0.66188	0.07751	0.16584	0.00847	0.00460	0.00125	0.00187	0.00743	0.00412	0.00357
34	0.00532	0.00396	0.00495	0.00470	0.00569	0.00359	0.00353	0.00699	0.01058	0.01461	0.68990	0.03050	0.18479	0.00828	0.00457	0.00124	0.00185	0.00723	0.00414	0.00359
35	0.01900	0.17496	0.33585	0.01077	0.04810	0.06168	0.12142	0.01207	0.00846	0.04515	0.03560	0.02563	0.00679	0.00417	0.00436	0.00119	0.07424	0.00333	0.00199	0.00524
36	0.00908	0.00799	0.01278	0.38218	0.34060	0.00865	0.01044	0.01157	0.04282	0.04495	0.01024	0.02778	0.04051	0.00475	0.00419	0.00135	0.00474	0.02762	0.00237	0.00539
37	0.00620	0.00413	0.00544	0.00511	0.00612	0.00382	0.00389	0.00796	0.01073	0.06117	0.72356	0.02887	0.03370	0.02820	0.00494	0.00131	0.00206	0.05478	0.00421	0.00379
38	0.03526	0.01092	0.01095	0.04265	0.01212	0.11324	0.00721	0.52616	0.07785	0.09710	0.00970	0.00974	0.00694	0.00461	0.00394	0.00117	0.01730	0.00344	0.00358	0.00612

[dist]
# distance from previous block
# <min> <max>
0	24

# created by:
# /st0/software/busco_prod/Augustus/scripts/msa2prfl.pl ./align_prep/38264.fa
