[name]
unknown

[dist]
# distance from previous block
# <min> <max>
5	81

[block]
# block no. 0 follows, 58 sequences, length 8
# corresponding to MSA columns:
# 126-133
name=unknown_A
#
# <colnr> <probs for GDERKNQSTAVLIFYWHMCP>
#	G	D	E	R	K	N	Q	S	T	A	V	L	I	F	Y	W	H	M	C	P
0	0.01041	0.09467	0.16035	0.08410	0.01457	0.04990	0.06532	0.01274	0.00918	0.10526	0.01116	0.04074	0.03294	0.03558	0.13491	0.00245	0.12322	0.00445	0.00263	0.00543
1	0.01211	0.02800	0.03813	0.03646	0.05196	0.10587	0.14982	0.07959	0.08210	0.12081	0.01395	0.06953	0.06081	0.00751	0.04655	0.00176	0.08070	0.00517	0.00328	0.00589
2	0.08030	0.00569	0.00673	0.00629	0.00776	0.00556	0.00468	0.05167	0.02788	0.14545	0.18921	0.22839	0.06242	0.06889	0.00637	0.02093	0.00300	0.00751	0.06655	0.00473
3	0.01079	0.05209	0.03870	0.17655	0.22215	0.07310	0.06009	0.06309	0.05567	0.03966	0.07439	0.03910	0.04342	0.00547	0.00479	0.00140	0.02601	0.00476	0.00288	0.00590
4	0.05662	0.06495	0.01443	0.17752	0.20065	0.03520	0.07096	0.03333	0.08286	0.04135	0.03566	0.02971	0.03422	0.00665	0.04597	0.00172	0.05518	0.00448	0.00275	0.00580
5	0.01013	0.00746	0.00850	0.03577	0.02735	0.05142	0.00601	0.10943	0.08994	0.09208	0.06515	0.17278	0.08466	0.08545	0.05535	0.04545	0.02158	0.02268	0.00381	0.00499
6	0.14729	0.00704	0.00883	0.07892	0.03741	0.00744	0.02866	0.06021	0.06503	0.11066	0.05974	0.13298	0.07079	0.05943	0.08401	0.00222	0.00459	0.02599	0.00363	0.00511
7	0.04898	0.02676	0.03303	0.13107	0.05759	0.09790	0.11606	0.06647	0.03628	0.06475	0.01050	0.01318	0.03209	0.03183	0.09048	0.01884	0.11173	0.00430	0.00270	0.00545

[dist]
# distance from previous block
# <min> <max>
0	1

[block]
# block no. 1 follows, 58 sequences, length 54
# corresponding to MSA columns:
# 135-188
name=unknown_B
#
# <colnr> <probs for GDERKNQSTAVLIFYWHMCP>
#	G	D	E	R	K	N	Q	S	T	A	V	L	I	F	Y	W	H	M	C	P
0	0.02769	0.02416	0.01747	0.13621	0.23174	0.10638	0.20503	0.04384	0.02902	0.05767	0.00916	0.02376	0.00729	0.00465	0.00519	0.00142	0.05638	0.00430	0.00254	0.00610
1	0.04249	0.00648	0.00748	0.00687	0.00857	0.02420	0.00517	0.07152	0.06695	0.18139	0.09239	0.24281	0.11848	0.07087	0.03174	0.00192	0.00358	0.00769	0.00431	0.00510
2	0.02200	0.00681	0.00967	0.16554	0.07845	0.00720	0.02870	0.07179	0.05438	0.04451	0.06760	0.24935	0.06962	0.01954	0.00558	0.02147	0.00399	0.06527	0.00359	0.00493
3	0.03928	0.22129	0.17953	0.01130	0.08577	0.12449	0.00989	0.08827	0.08820	0.04239	0.00968	0.02259	0.00793	0.01625	0.01685	0.00141	0.00553	0.02044	0.00273	0.00617
4	0.02565	0.00681	0.02780	0.08083	0.08961	0.00726	0.01601	0.02243	0.05289	0.03309	0.02246	0.01412	0.00890	0.04951	0.08248	0.35831	0.09121	0.00423	0.00240	0.00401
5	0.00659	0.00448	0.00585	0.00584	0.00620	0.00477	0.00395	0.00715	0.00697	0.00971	0.04051	0.02350	0.01447	0.42588	0.32373	0.07594	0.00706	0.00566	0.01854	0.00321
6	0.03022	0.03836	0.02944	0.06181	0.04791	0.05834	0.09646	0.08283	0.03708	0.09307	0.03384	0.09227	0.02775	0.04344	0.15952	0.00265	0.02311	0.03332	0.00321	0.00535
7	0.09400	0.07912	0.11728	0.03780	0.08230	0.07937	0.04700	0.17858	0.05247	0.12576	0.02647	0.01216	0.02433	0.01865	0.00449	0.00139	0.00511	0.00396	0.00334	0.00642
8	0.00730	0.00682	0.01254	0.03017	0.03119	0.00644	0.26241	0.00916	0.00931	0.01246	0.01954	0.50493	0.04831	0.01014	0.00550	0.00169	0.00433	0.00978	0.00344	0.00453
9	0.01189	0.00959	0.02028	0.03137	0.05217	0.00916	0.00718	0.25242	0.07259	0.03676	0.03694	0.03054	0.00925	0.00477	0.00416	0.00108	0.01569	0.00383	0.00346	0.38686
10	0.00836	0.00630	0.00835	0.07499	0.04751	0.00619	0.02354	0.02491	0.09824	0.06798	0.07290	0.25781	0.12877	0.04186	0.00571	0.00163	0.00345	0.03880	0.00385	0.07886
11	0.03472	0.00536	0.00746	0.07442	0.04923	0.00550	0.00545	0.00862	0.05109	0.02293	0.02987	0.09675	0.06094	0.02518	0.05294	0.41538	0.00422	0.00525	0.00267	0.04202
12	0.03434	0.01076	0.04325	0.04061	0.45060	0.01033	0.21169	0.01375	0.02414	0.03336	0.02746	0.01240	0.00816	0.02195	0.02409	0.00159	0.01821	0.00444	0.00242	0.00645
13	0.01021	0.01005	0.01802	0.26710	0.45708	0.01053	0.13528	0.01313	0.00987	0.01362	0.00837	0.01148	0.00670	0.00410	0.00457	0.00141	0.00585	0.00418	0.00215	0.00629
14	0.02570	0.00561	0.00653	0.00606	0.00785	0.00516	0.00468	0.01148	0.07125	0.18262	0.08852	0.10400	0.35842	0.03321	0.00555	0.00160	0.00288	0.04934	0.02466	0.00487
15	0.04637	0.00514	0.00646	0.00643	0.00764	0.00482	0.00466	0.01039	0.02783	0.18098	0.05890	0.44078	0.07745	0.07592	0.00660	0.00186	0.00303	0.02584	0.00431	0.00457
16	0.03594	0.00449	0.00522	0.00539	0.00636	0.00412	0.00385	0.00728	0.01013	0.01378	0.25761	0.26232	0.27672	0.05888	0.00627	0.00171	0.00247	0.00944	0.02416	0.00385
17	0.08841	0.00537	0.00650	0.00610	0.00757	0.00513	0.02597	0.00944	0.02856	0.06438	0.27505	0.11865	0.22383	0.01994	0.02116	0.02505	0.00294	0.03322	0.02841	0.00434
18	0.04621	0.00512	0.00605	0.00595	0.00720	0.00480	0.00437	0.03847	0.01049	0.08703	0.18128	0.27372	0.22042	0.06284	0.00631	0.00175	0.00280	0.02660	0.00429	0.00430
19	0.17468	0.00637	0.00667	0.00628	0.00792	0.03658	0.00469	0.01131	0.00956	0.17029	0.05120	0.22627	0.12382	0.10359	0.00667	0.00184	0.00335	0.02071	0.02355	0.00466
20	0.25545	0.02125	0.00667	0.00617	0.00786	0.02268	0.00475	0.01100	0.00924	0.08567	0.07237	0.22265	0.02647	0.03289	0.00476	0.00154	0.00316	0.05293	0.11912	0.03336
21	0.10624	0.00554	0.00622	0.00589	0.00739	0.00539	0.00445	0.03945	0.02273	0.08471	0.22579	0.15304	0.19860	0.05110	0.00576	0.00163	0.00280	0.02562	0.04314	0.00449
22	0.03085	0.00518	0.00616	0.00602	0.00728	0.00496	0.00444	0.02513	0.04363	0.11346	0.10813	0.24905	0.14072	0.09103	0.00668	0.00180	0.00293	0.04150	0.10659	0.00446
23	0.10861	0.00793	0.05245	0.00817	0.01029	0.03167	0.08277	0.01216	0.03548	0.14429	0.09183	0.14466	0.07049	0.10670	0.03439	0.00204	0.02332	0.02410	0.00366	0.00498
24	0.19441	0.00654	0.00704	0.00644	0.00828	0.00669	0.00495	0.05930	0.05897	0.10578	0.13519	0.13865	0.09524	0.07762	0.00603	0.00172	0.00322	0.03674	0.02361	0.02359
25	0.02206	0.00595	0.00678	0.00633	0.00796	0.00591	0.00482	0.02715	0.17087	0.07175	0.24877	0.09065	0.23253	0.03150	0.00549	0.00157	0.00277	0.02410	0.02813	0.00490
26	0.02845	0.00517	0.00641	0.00648	0.00758	0.00496	0.00474	0.03007	0.04346	0.10805	0.11290	0.38400	0.08848	0.08209	0.00682	0.00189	0.00304	0.06672	0.00427	0.00441
27	0.36402	0.03420	0.02738	0.00702	0.00951	0.00885	0.00588	0.07739	0.04279	0.11699	0.08535	0.02978	0.05304	0.02087	0.00458	0.00149	0.03122	0.04700	0.02729	0.00535
28	0.02991	0.00479	0.00548	0.00554	0.00661	0.00448	0.00398	0.03167	0.02201	0.01381	0.21353	0.24637	0.30611	0.07715	0.00668	0.00178	0.00261	0.00933	0.00420	0.00395
29	0.04318	0.00450	0.00554	0.00611	0.00674	0.00437	0.00422	0.00765	0.04521	0.01293	0.13461	0.57475	0.06577	0.05474	0.00632	0.00184	0.00268	0.01081	0.00415	0.00388
30	0.02969	0.00528	0.00651	0.00642	0.00754	0.00513	0.00479	0.02560	0.03956	0.10283	0.15112	0.17411	0.07903	0.19879	0.00928	0.00226	0.00338	0.14030	0.00409	0.00429
31	0.02232	0.00469	0.00593	0.00632	0.00717	0.00443	0.00455	0.03411	0.01003	0.05596	0.14281	0.52124	0.09752	0.01205	0.00548	0.00170	0.00273	0.05252	0.00433	0.00412
32	0.00616	0.00476	0.00577	0.03281	0.00733	0.00439	0.00424	0.00805	0.02955	0.01523	0.45471	0.03533	0.32882	0.00994	0.00561	0.02814	0.00238	0.00826	0.00444	0.00407
33	0.00700	0.00520	0.00653	0.00702	0.04940	0.02384	0.00442	0.00763	0.00711	0.00963	0.01304	0.02440	0.01401	0.49859	0.25824	0.02823	0.00672	0.02299	0.00259	0.00339
34	0.00950	0.00937	0.01331	0.07094	0.01291	0.01297	0.00974	0.01066	0.00702	0.01079	0.00637	0.01038	0.00618	0.00903	0.05948	0.00222	0.72832	0.00397	0.00198	0.00485
35	0.01206	0.05733	0.17809	0.05561	0.16946	0.16779	0.07505	0.07541	0.02421	0.04083	0.02118	0.01134	0.02747	0.00486	0.00502	0.00137	0.06032	0.00389	0.00254	0.00615
36	0.04029	0.02388	0.01335	0.15144	0.16101	0.02818	0.06741	0.06038	0.08351	0.12093	0.02477	0.01292	0.00886	0.00756	0.08588	0.00192	0.01666	0.00417	0.00308	0.08379
37	0.00553	0.00439	0.00491	0.00517	0.00626	0.00385	0.00374	0.00664	0.00985	0.01230	0.10191	0.23488	0.49976	0.04792	0.00618	0.00172	0.00248	0.03462	0.00415	0.00374
38	0.00582	0.00435	0.00533	0.00591	0.00660	0.00405	0.00418	0.00704	0.02538	0.01201	0.07039	0.44895	0.21494	0.08572	0.00710	0.00196	0.00280	0.07967	0.00407	0.00373
39	0.07004	0.11278	0.08507	0.03415	0.15150	0.05008	0.05199	0.08536	0.01026	0.05470	0.02658	0.02844	0.00778	0.00550	0.00667	0.00147	0.20515	0.00394	0.00260	0.00594
40	0.04214	0.00697	0.01023	0.03281	0.17758	0.00710	0.02603	0.02757	0.02923	0.12085	0.08036	0.07198	0.02466	0.08781	0.10146	0.09416	0.02401	0.02673	0.00324	0.00506
41	0.00604	0.00444	0.00577	0.00646	0.00723	0.00416	0.00491	0.00741	0.00985	0.01295	0.13355	0.38731	0.14962	0.01248	0.00572	0.00178	0.00291	0.22930	0.00425	0.00387
42	0.00740	0.00509	0.00679	0.00619	0.00764	0.00459	0.03431	0.00924	0.01173	0.08371	0.46927	0.07354	0.21742	0.00950	0.00527	0.00148	0.00259	0.03518	0.00463	0.00444
43	0.04771	0.11347	0.24519	0.01104	0.06829	0.05654	0.02313	0.12203	0.03776	0.03866	0.04245	0.04183	0.00923	0.00698	0.05190	0.02171	0.01920	0.00403	0.00280	0.03604
44	0.00936	0.00616	0.00768	0.00749	0.03323	0.00615	0.00553	0.03095	0.13769	0.13107	0.19008	0.10760	0.11098	0.07124	0.05984	0.00211	0.00378	0.06967	0.00431	0.00509
45	0.03472	0.01122	0.01238	0.00954	0.01299	0.01206	0.00787	0.60710	0.01877	0.17933	0.01211	0.01174	0.00835	0.00537	0.00440	0.00134	0.00458	0.00409	0.03460	0.00743
46	0.01349	0.36288	0.09216	0.01072	0.04994	0.28746	0.02765	0.03505	0.04090	0.03091	0.00762	0.00861	0.00630	0.00430	0.00366	0.00114	0.00608	0.00297	0.00231	0.00584
47	0.06342	0.18636	0.26971	0.03995	0.11927	0.01182	0.04930	0.08496	0.01034	0.01480	0.02581	0.02944	0.00766	0.00598	0.04218	0.00160	0.02517	0.00374	0.00239	0.00611
48	0.00632	0.00398	0.00536	0.00587	0.00615	0.00378	0.00393	0.00618	0.00776	0.01025	0.04124	0.42619	0.08656	0.05408	0.01057	0.30337	0.00309	0.00895	0.00334	0.00303
49	0.01141	0.01044	0.04086	0.27075	0.18260	0.04866	0.02295	0.12617	0.01099	0.06018	0.00885	0.01146	0.00693	0.00634	0.04288	0.00174	0.12422	0.00399	0.00262	0.00596
50	0.04155	0.15391	0.15526	0.01167	0.06068	0.06087	0.08424	0.17761	0.04634	0.12784	0.00998	0.01063	0.00734	0.00472	0.00444	0.00133	0.02811	0.00373	0.00315	0.00661
51	0.00866	0.00742	0.01112	0.09264	0.25842	0.01796	0.02151	0.04035	0.03149	0.01356	0.04152	0.19420	0.07649	0.00871	0.00580	0.05300	0.00425	0.10457	0.00321	0.00512
52	0.06561	0.00849	0.01162	0.08509	0.26932	0.04803	0.00854	0.03560	0.01914	0.01307	0.00853	0.01233	0.00751	0.00744	0.00778	0.23921	0.00466	0.02471	0.00237	0.12096
53	0.05889	0.00653	0.00804	0.00781	0.03410	0.00718	0.00570	0.14119	0.04276	0.01423	0.01401	0.08141	0.04257	0.13926	0.34778	0.02803	0.00733	0.00552	0.00308	0.00460

[dist]
# distance from previous block
# <min> <max>
1	3

[block]
# block no. 2 follows, 58 sequences, length 32
# corresponding to MSA columns:
# 193-224
name=unknown_C
#
# <colnr> <probs for GDERKNQSTAVLIFYWHMCP>
#	G	D	E	R	K	N	Q	S	T	A	V	L	I	F	Y	W	H	M	C	P
0	0.02562	0.00921	0.05993	0.02963	0.02485	0.01834	0.06299	0.13656	0.02554	0.05548	0.04384	0.04385	0.03035	0.00732	0.03161	0.10483	0.02496	0.00430	0.00310	0.25766
1	0.02051	0.00447	0.00543	0.00569	0.00629	0.00419	0.00378	0.00696	0.00837	0.01147	0.09084	0.38093	0.07587	0.26265	0.02567	0.01591	0.00330	0.00917	0.00361	0.05491
2	0.03114	0.00471	0.00543	0.00549	0.00677	0.00421	0.00409	0.00791	0.01031	0.05986	0.16286	0.22063	0.40633	0.01108	0.00530	0.00157	0.00251	0.04138	0.00432	0.00408
3	0.00578	0.00418	0.00510	0.00573	0.00627	0.00389	0.00393	0.00663	0.00870	0.01139	0.02678	0.47331	0.18546	0.14702	0.00833	0.00215	0.00289	0.05933	0.02956	0.00356
4	0.06310	0.00487	0.00545	0.00539	0.00620	0.00473	0.00367	0.00821	0.00831	0.06023	0.04471	0.08894	0.15916	0.41940	0.01368	0.00292	0.00359	0.05888	0.03497	0.00359
5	0.04541	0.00615	0.00734	0.00694	0.00848	0.00613	0.00522	0.09155	0.07079	0.14193	0.08511	0.33216	0.05314	0.04782	0.00584	0.00171	0.00320	0.03953	0.03654	0.00502
6	0.04115	0.00480	0.00617	0.00666	0.00752	0.00460	0.00479	0.00912	0.03509	0.10457	0.02268	0.60615	0.02545	0.02520	0.00573	0.00180	0.00296	0.07706	0.00425	0.00428
7	0.00568	0.00439	0.00518	0.00532	0.00637	0.00389	0.00386	0.00705	0.01062	0.01388	0.29697	0.23791	0.36028	0.01127	0.00539	0.00155	0.00230	0.00980	0.00441	0.00389
8	0.02926	0.00494	0.00553	0.00537	0.00590	0.00503	0.00344	0.03993	0.02363	0.01097	0.04243	0.03948	0.08954	0.57245	0.07631	0.00380	0.00453	0.00649	0.02762	0.00335
9	0.06463	0.00532	0.00600	0.00595	0.00728	0.00519	0.00449	0.00988	0.07463	0.05705	0.12344	0.14532	0.23956	0.08682	0.00665	0.00182	0.00293	0.09012	0.05859	0.00432
10	0.00632	0.00477	0.00586	0.00555	0.00676	0.00442	0.00418	0.00867	0.04484	0.01681	0.62808	0.03463	0.19353	0.00945	0.00525	0.00143	0.00220	0.00823	0.00476	0.00425
11	0.17618	0.01119	0.01177	0.00918	0.01259	0.01224	0.00758	0.55573	0.01750	0.12668	0.01078	0.01066	0.00753	0.00517	0.00416	0.00136	0.00451	0.00379	0.00429	0.00710
12	0.00646	0.00434	0.00487	0.00487	0.00492	0.00432	0.00274	0.00650	0.00665	0.00881	0.01530	0.02981	0.04714	0.81058	0.02209	0.00423	0.00426	0.00662	0.00277	0.00275
13	0.00928	0.00795	0.00928	0.00663	0.01060	0.00596	0.00530	0.01126	0.00928	0.01458	0.00795	0.00928	0.00663	0.00331	0.00331	0.00066	0.00331	0.00265	0.00265	0.87014
14	0.00928	0.00795	0.00928	0.00663	0.01060	0.00596	0.00530	0.01126	0.00928	0.01458	0.00795	0.00928	0.00663	0.00331	0.00331	0.00066	0.00331	0.00265	0.00265	0.87014
15	0.00594	0.00428	0.00571	0.00654	0.00712	0.00405	0.00482	0.00718	0.00951	0.01267	0.12035	0.53316	0.06206	0.01295	0.00575	0.00181	0.00287	0.18518	0.00424	0.00382
16	0.00637	0.00471	0.00517	0.00509	0.00658	0.00403	0.00386	0.00765	0.01051	0.06167	0.11958	0.08848	0.60962	0.01095	0.00530	0.00153	0.00243	0.03808	0.00431	0.00406
17	0.87439	0.00865	0.00657	0.00588	0.00865	0.01003	0.00484	0.01315	0.00761	0.02007	0.00623	0.00727	0.00484	0.00415	0.00277	0.00138	0.00346	0.00242	0.00277	0.00484
18	0.00645	0.00456	0.00602	0.00602	0.00641	0.00495	0.00413	0.00724	0.00684	0.00952	0.01305	0.02351	0.01376	0.44420	0.41794	0.00574	0.00810	0.00566	0.00256	0.00334
19	0.01632	0.01193	0.01285	0.01003	0.01346	0.01320	0.00823	0.66153	0.12842	0.05939	0.01205	0.01174	0.00858	0.00547	0.00449	0.00137	0.00469	0.00419	0.00453	0.00754
20	0.02521	0.00603	0.00758	0.00707	0.00857	0.00586	0.00541	0.07678	0.01049	0.22027	0.01836	0.15993	0.01821	0.23218	0.00991	0.00238	0.00390	0.17287	0.00412	0.00486
21	0.00669	0.00475	0.00592	0.00645	0.00722	0.00461	0.00451	0.00889	0.09609	0.04571	0.05739	0.61661	0.09331	0.01238	0.00548	0.00172	0.00270	0.01108	0.00428	0.00421
22	0.02846	0.01175	0.01193	0.00943	0.01259	0.08394	0.00767	0.53814	0.01795	0.11837	0.04441	0.01234	0.00951	0.00545	0.00435	0.00131	0.00473	0.00414	0.06658	0.00697
23	0.00984	0.00799	0.00883	0.00821	0.01019	0.00884	0.00639	0.08845	0.44142	0.01750	0.07415	0.11665	0.05856	0.03059	0.00543	0.00166	0.00348	0.09147	0.00441	0.00593
24	0.00896	0.00654	0.00753	0.00710	0.00860	0.00673	0.00538	0.17930	0.07675	0.02900	0.08774	0.27787	0.12263	0.06470	0.00632	0.00177	0.00332	0.06626	0.02860	0.00489
25	0.01080	0.00739	0.00822	0.00725	0.00941	0.00778	0.00567	0.07136	0.31690	0.12013	0.14714	0.02210	0.11876	0.00700	0.00456	0.00141	0.00309	0.00584	0.11928	0.00592
26	0.82247	0.00859	0.00681	0.00601	0.00882	0.00982	0.00495	0.01368	0.00793	0.06856	0.00692	0.00775	0.00522	0.00424	0.00287	0.00138	0.00348	0.00255	0.00294	0.00501
27	0.00703	0.00481	0.00638	0.00704	0.00804	0.00456	0.00567	0.00859	0.01001	0.05168	0.05865	0.27005	0.13436	0.01223	0.00581	0.00186	0.00334	0.39156	0.00423	0.00411
28	0.00663	0.00500	0.00575	0.00565	0.00697	0.00464	0.00425	0.00891	0.07176	0.03699	0.25134	0.10052	0.36798	0.05056	0.00613	0.00167	0.00260	0.05406	0.00437	0.00422
29	0.00644	0.00475	0.00706	0.00706	0.00780	0.00549	0.00543	0.00787	0.00712	0.01024	0.01193	0.01789	0.01127	0.06313	0.77002	0.03396	0.01144	0.00483	0.00239	0.00388
30	0.87439	0.00865	0.00657	0.00588	0.00865	0.01003	0.00484	0.01315	0.00761	0.02007	0.00623	0.00727	0.00484	0.00415	0.00277	0.00138	0.00346	0.00242	0.00277	0.00484
31	0.00618	0.00442	0.00520	0.00517	0.00597	0.00413	0.00358	0.00735	0.00971	0.01319	0.27853	0.10204	0.21206	0.24015	0.03109	0.00240	0.00305	0.00805	0.05409	0.00364

[dist]
# distance from previous block
# <min> <max>
0	2

[block]
# block no. 3 follows, 58 sequences, length 46
# corresponding to MSA columns:
# 227-272
name=unknown_D
#
# <colnr> <probs for GDERKNQSTAVLIFYWHMCP>
#	G	D	E	R	K	N	Q	S	T	A	V	L	I	F	Y	W	H	M	C	P
0	0.10725	0.01158	0.08902	0.03324	0.23487	0.05247	0.17533	0.01360	0.02412	0.04536	0.00915	0.02892	0.00769	0.04384	0.02338	0.00171	0.08580	0.00431	0.00247	0.00590
1	0.84837	0.00862	0.00669	0.00595	0.00874	0.00993	0.00490	0.01341	0.00777	0.04437	0.00658	0.00751	0.00503	0.00419	0.00282	0.00138	0.00347	0.00249	0.00285	0.00493
2	0.00755	0.00398	0.00574	0.00574	0.00576	0.00400	0.00377	0.00599	0.00597	0.00798	0.00880	0.01595	0.00908	0.13338	0.04413	0.71950	0.00421	0.00429	0.00207	0.00212
3	0.00784	0.00628	0.00727	0.00611	0.00837	0.00528	0.00457	0.04153	0.00955	0.01353	0.05275	0.13660	0.14022	0.13451	0.00711	0.00161	0.00323	0.02088	0.00331	0.38945
4	0.00604	0.00478	0.00546	0.00574	0.00678	0.00450	0.00410	0.00821	0.08889	0.01278	0.08626	0.35275	0.34798	0.03717	0.00591	0.00171	0.00257	0.01011	0.00420	0.00405
5	0.00622	0.00427	0.00532	0.00589	0.00665	0.00384	0.00410	0.00716	0.00926	0.05595	0.04055	0.58329	0.22536	0.01281	0.00553	0.00171	0.00257	0.01138	0.00424	0.00390
6	0.01736	0.00762	0.00989	0.00783	0.01079	0.00701	0.00634	0.10581	0.01305	0.58819	0.05621	0.01817	0.01323	0.08198	0.00625	0.00167	0.00391	0.03273	0.00508	0.00687
7	0.00991	0.00652	0.00750	0.00672	0.00851	0.00646	0.00512	0.14970	0.05996	0.11667	0.11471	0.15307	0.21356	0.07887	0.00649	0.00173	0.00323	0.01957	0.02664	0.00509
8	0.34900	0.00895	0.00927	0.00757	0.01061	0.00950	0.00617	0.15818	0.07210	0.28192	0.01192	0.01188	0.00839	0.03065	0.00439	0.00148	0.00387	0.00371	0.00411	0.00635
9	0.01434	0.01098	0.01176	0.00965	0.01273	0.01232	0.00777	0.40731	0.39071	0.05134	0.01450	0.01370	0.01058	0.00570	0.00451	0.00143	0.00423	0.00453	0.00455	0.00736
10	0.00784	0.00541	0.00652	0.00598	0.00747	0.00508	0.00455	0.06881	0.02581	0.07097	0.45351	0.08400	0.21807	0.00939	0.00518	0.00145	0.00253	0.00810	0.00469	0.00461
11	0.06700	0.00629	0.00681	0.00639	0.00799	0.00641	0.00483	0.12744	0.08096	0.01641	0.12837	0.20949	0.23382	0.02528	0.00524	0.00156	0.00294	0.00800	0.05003	0.00474
12	0.76195	0.00833	0.00683	0.00617	0.00885	0.00948	0.00512	0.01333	0.00810	0.06336	0.00817	0.01097	0.00677	0.00485	0.00312	0.00144	0.00353	0.06167	0.00302	0.00494
13	0.01638	0.01192	0.01275	0.00985	0.01324	0.01317	0.00811	0.74269	0.02019	0.02736	0.01102	0.01117	0.00789	0.00536	0.00438	0.00132	0.00472	0.00404	0.06710	0.00736
14	0.00737	0.00579	0.00653	0.00632	0.00769	0.00596	0.00469	0.01171	0.22120	0.01486	0.18506	0.12545	0.20963	0.06844	0.05124	0.00201	0.00328	0.00766	0.05042	0.00468
15	0.06196	0.00728	0.00878	0.00744	0.00987	0.00692	0.00584	0.08813	0.03463	0.37346	0.08624	0.12383	0.01613	0.00717	0.00464	0.00149	0.00350	0.00585	0.14049	0.00636
16	0.01719	0.01054	0.01188	0.00918	0.01254	0.01112	0.00756	0.52530	0.01788	0.24512	0.01294	0.01243	0.00886	0.00540	0.00438	0.00133	0.00440	0.00417	0.07044	0.00735
17	0.00643	0.00430	0.00490	0.00498	0.00500	0.00428	0.00282	0.00648	0.00666	0.00888	0.01489	0.09054	0.01727	0.78015	0.02148	0.00415	0.00421	0.00697	0.00282	0.00278
18	0.00824	0.00531	0.00652	0.00641	0.00764	0.00520	0.00476	0.02907	0.08713	0.09244	0.18596	0.28342	0.07994	0.03741	0.03353	0.00183	0.00312	0.03792	0.07951	0.00462
19	0.05508	0.00542	0.00641	0.00609	0.00741	0.00527	0.00454	0.06846	0.02057	0.04875	0.38061	0.19719	0.13342	0.03358	0.00563	0.00158	0.00267	0.00838	0.00447	0.00446
20	0.00672	0.00437	0.00504	0.00502	0.00526	0.00442	0.00307	0.00720	0.00715	0.01016	0.04284	0.02681	0.01615	0.63611	0.09144	0.00408	0.00466	0.00612	0.11033	0.00306
21	0.00995	0.00961	0.01688	0.41257	0.29573	0.01051	0.12507	0.04114	0.01003	0.01353	0.00837	0.01161	0.00652	0.00424	0.00457	0.00143	0.00593	0.00417	0.00219	0.00594
22	0.00896	0.00802	0.00974	0.09626	0.08619	0.06873	0.00736	0.01335	0.20191	0.01323	0.05646	0.01721	0.01254	0.07877	0.29730	0.00369	0.00728	0.00486	0.00301	0.00513
23	0.00604	0.00438	0.00554	0.03547	0.00703	0.00420	0.00410	0.00694	0.00897	0.01190	0.15588	0.31729	0.14836	0.19095	0.02349	0.03605	0.00319	0.02285	0.00378	0.00355
24	0.00573	0.00401	0.00511	0.00587	0.00606	0.00382	0.00377	0.00630	0.00802	0.01070	0.02187	0.62616	0.02607	0.23252	0.01021	0.00248	0.00305	0.01108	0.00377	0.00339
25	0.01038	0.00951	0.03157	0.15835	0.13956	0.02118	0.09793	0.01244	0.00912	0.08557	0.01162	0.03883	0.06741	0.00632	0.00800	0.00162	0.27767	0.00479	0.00260	0.00554
26	0.01498	0.20555	0.05396	0.01054	0.05735	0.13063	0.00867	0.30725	0.02795	0.09419	0.00956	0.00996	0.00718	0.00472	0.00399	0.00121	0.00526	0.00346	0.00335	0.04026
27	0.00972	0.00853	0.01508	0.24583	0.10638	0.00928	0.18710	0.01219	0.00913	0.07301	0.00987	0.01390	0.00814	0.05574	0.15117	0.00267	0.06989	0.00459	0.00245	0.00534
28	0.01956	0.00842	0.01088	0.00834	0.01182	0.00778	0.00689	0.15011	0.01416	0.68776	0.01651	0.01449	0.01050	0.00551	0.00449	0.00138	0.00399	0.00442	0.00536	0.00761
29	0.00893	0.01430	0.33034	0.04290	0.07644	0.00950	0.15245	0.01283	0.03783	0.01437	0.11484	0.04080	0.03675	0.00579	0.00547	0.00150	0.06557	0.02087	0.00266	0.00584
30	0.02812	0.00934	0.05800	0.37947	0.19705	0.00959	0.03646	0.03279	0.00973	0.07180	0.01075	0.01337	0.04987	0.00534	0.00536	0.03520	0.03536	0.00428	0.00249	0.00563
31	0.00566	0.00402	0.00515	0.00601	0.00641	0.00375	0.00408	0.00652	0.00867	0.01159	0.02524	0.67946	0.08727	0.05726	0.00649	0.00190	0.00269	0.03657	0.03762	0.00363
32	0.00877	0.00533	0.00659	0.00610	0.00777	0.00483	0.00479	0.01083	0.03709	0.16296	0.32033	0.04365	0.26799	0.00942	0.00521	0.00151	0.00272	0.08461	0.00470	0.00478
33	0.01097	0.07573	0.11327	0.13151	0.04542	0.10249	0.10029	0.05384	0.00985	0.02644	0.00846	0.01234	0.00725	0.00573	0.00725	0.00155	0.23303	0.04666	0.00234	0.00556
34	0.01275	0.00993	0.01247	0.05680	0.06052	0.05474	0.06372	0.24240	0.06633	0.10247	0.02552	0.06185	0.02241	0.00747	0.02592	0.00167	0.06252	0.10061	0.00376	0.00613
35	0.01575	0.01917	0.01272	0.01139	0.01348	0.66925	0.00870	0.06368	0.01242	0.01195	0.00713	0.00861	0.00600	0.00560	0.02199	0.00138	0.10002	0.00310	0.00240	0.00527
36	0.01211	0.05221	0.12913	0.14657	0.10235	0.01089	0.05847	0.21647	0.04169	0.07144	0.05802	0.01249	0.00933	0.00495	0.00454	0.00136	0.01541	0.00416	0.00319	0.04523
37	0.01177	0.01221	0.01530	0.13833	0.43828	0.17727	0.01168	0.01518	0.09247	0.01380	0.00936	0.01196	0.00771	0.00457	0.00440	0.00135	0.00577	0.01979	0.00248	0.00633
38	0.00621	0.00421	0.00496	0.00525	0.00532	0.00414	0.00311	0.00643	0.00707	0.00943	0.01701	0.25277	0.01994	0.61428	0.01806	0.00364	0.00386	0.00822	0.00311	0.00296
39	0.01064	0.02391	0.32568	0.14908	0.14704	0.00963	0.07232	0.01419	0.00988	0.11735	0.00995	0.01253	0.00753	0.02026	0.03297	0.00168	0.00608	0.02048	0.00254	0.00628
40	0.01754	0.00722	0.00959	0.00759	0.01064	0.00635	0.00618	0.04424	0.01264	0.65750	0.05078	0.06202	0.07378	0.00656	0.00465	0.00142	0.00360	0.00544	0.00530	0.00698
41	0.00591	0.00420	0.00500	0.00540	0.00575	0.00398	0.00344	0.00646	0.00808	0.01061	0.05566	0.35484	0.12983	0.36555	0.01288	0.00283	0.00327	0.00945	0.00357	0.00328
42	0.04353	0.00908	0.01024	0.00835	0.01129	0.05207	0.00672	0.12487	0.16825	0.39587	0.10685	0.01635	0.01419	0.00594	0.00451	0.00139	0.00393	0.00480	0.00487	0.00690
43	0.01332	0.01230	0.14529	0.01112	0.05524	0.01063	0.06187	0.35174	0.04265	0.09823	0.01367	0.04119	0.05230	0.05171	0.00561	0.00157	0.00498	0.01617	0.00376	0.00664
44	0.00737	0.00564	0.00622	0.00584	0.00748	0.00544	0.00445	0.01106	0.16557	0.04641	0.24465	0.03341	0.39342	0.00930	0.00504	0.00146	0.00253	0.00787	0.03215	0.00470
45	0.00565	0.00409	0.00538	0.00634	0.00679	0.00383	0.00446	0.00661	0.00890	0.01170	0.02610	0.68517	0.08835	0.01361	0.00573	0.00182	0.00275	0.10487	0.00415	0.00370

[dist]
# distance from previous block
# <min> <max>
3	9

[block]
# block no. 4 follows, 58 sequences, length 60
# corresponding to MSA columns:
# 282-341
name=unknown_E
#
# <colnr> <probs for GDERKNQSTAVLIFYWHMCP>
#	G	D	E	R	K	N	Q	S	T	A	V	L	I	F	Y	W	H	M	C	P
0	0.07895	0.01295	0.05883	0.02797	0.09605	0.04879	0.00930	0.56732	0.01768	0.02432	0.00979	0.01035	0.00713	0.00502	0.00431	0.00134	0.00511	0.00381	0.00383	0.00714
1	0.00606	0.00441	0.00593	0.00622	0.00677	0.00459	0.00441	0.00712	0.00797	0.01091	0.06340	0.26307	0.07151	0.17580	0.33603	0.00439	0.00662	0.00792	0.00323	0.00365
2	0.04592	0.00553	0.00641	0.00657	0.02359	0.04010	0.00440	0.00816	0.02344	0.02633	0.07228	0.14479	0.03718	0.24636	0.02357	0.23277	0.02120	0.02505	0.00300	0.00335
3	0.00583	0.00447	0.00541	0.00594	0.00686	0.00410	0.00440	0.00725	0.02572	0.01254	0.08545	0.36644	0.30987	0.01232	0.00557	0.00171	0.00269	0.12538	0.00421	0.00387
4	0.00549	0.00408	0.00514	0.00596	0.00652	0.00373	0.00413	0.00640	0.00898	0.01165	0.02897	0.63697	0.19465	0.01337	0.00564	0.00176	0.00259	0.04611	0.00415	0.00368
5	0.01277	0.00674	0.00817	0.00695	0.00911	0.00654	0.00540	0.06239	0.12556	0.30389	0.04337	0.02080	0.13547	0.06232	0.00731	0.10594	0.00348	0.00545	0.06274	0.00561
6	0.00577	0.00412	0.00556	0.00660	0.00700	0.00391	0.00471	0.00678	0.00888	0.01178	0.02448	0.69549	0.02888	0.01371	0.00580	0.00186	0.00287	0.15393	0.00415	0.00372
7	0.00559	0.00444	0.00502	0.00524	0.00639	0.00389	0.00387	0.00682	0.01016	0.01278	0.14516	0.20427	0.49201	0.02296	0.00566	0.00163	0.00244	0.05361	0.00424	0.00381
8	0.00865	0.00816	0.01379	0.76905	0.09219	0.00999	0.01253	0.01161	0.00904	0.01168	0.00799	0.01186	0.00605	0.00443	0.00447	0.00148	0.00591	0.00398	0.00201	0.00513
9	0.00554	0.00397	0.00528	0.00626	0.00660	0.00371	0.00427	0.00640	0.00875	0.01164	0.03926	0.77194	0.04889	0.01379	0.00571	0.00181	0.00264	0.04570	0.00416	0.00367
10	0.00871	0.00453	0.00457	0.00443	0.00558	0.00459	0.00336	0.04432	0.00988	0.01717	0.01443	0.01642	0.01130	0.00522	0.00318	0.00106	0.00221	0.00416	0.83057	0.00432
11	0.00928	0.00795	0.00928	0.00663	0.01060	0.00596	0.00530	0.01126	0.00928	0.01458	0.00795	0.00928	0.00663	0.00331	0.00331	0.00066	0.00331	0.00265	0.00265	0.87014
12	0.00639	0.00458	0.00550	0.00591	0.00627	0.00457	0.00382	0.00789	0.07599	0.01106	0.03704	0.42086	0.02306	0.35171	0.01257	0.00281	0.00338	0.00942	0.00361	0.00356
13	0.00928	0.00795	0.00928	0.00663	0.01060	0.00596	0.00530	0.01126	0.00928	0.01458	0.00795	0.00928	0.00663	0.00331	0.00331	0.00066	0.00331	0.00265	0.00265	0.87014
14	0.00640	0.00477	0.00705	0.00705	0.00780	0.00552	0.00542	0.00790	0.00715	0.01028	0.01211	0.01827	0.01149	0.08176	0.77727	0.00702	0.01153	0.00489	0.00242	0.00392
15	0.01700	0.01253	0.01342	0.01029	0.01387	0.01387	0.00850	0.79997	0.02103	0.02819	0.01074	0.01074	0.00761	0.00537	0.00447	0.00134	0.00492	0.00403	0.00447	0.00761
16	0.00582	0.00413	0.00517	0.00582	0.00613	0.00394	0.00383	0.00647	0.00813	0.01074	0.02281	0.50926	0.07971	0.24875	0.02699	0.00263	0.00331	0.03924	0.00371	0.00341
17	0.01359	0.01079	0.01146	0.00954	0.01251	0.01220	0.00764	0.36121	0.45151	0.02273	0.01541	0.01454	0.02447	0.00585	0.00453	0.00144	0.00412	0.00468	0.00451	0.00725
18	0.01671	0.02132	0.01268	0.01152	0.01383	0.82483	0.00864	0.01786	0.01268	0.01095	0.00691	0.00807	0.00576	0.00461	0.00403	0.00115	0.00807	0.00288	0.00230	0.00519
19	0.80599	0.00857	0.00688	0.00605	0.00887	0.00976	0.00498	0.01384	0.00803	0.08395	0.00714	0.00790	0.00534	0.00426	0.00291	0.00138	0.00349	0.00259	0.00299	0.00507
20	0.08640	0.00769	0.01009	0.00780	0.01120	0.00684	0.00644	0.02113	0.01240	0.75603	0.01676	0.01461	0.01059	0.00543	0.00436	0.00138	0.00378	0.00434	0.00532	0.00740
21	0.00557	0.00417	0.00520	0.00588	0.00655	0.00380	0.00415	0.00661	0.00935	0.01214	0.08320	0.54051	0.22495	0.01292	0.00560	0.00173	0.00257	0.05716	0.00420	0.00374
22	0.07853	0.00808	0.01030	0.00800	0.01136	0.00745	0.00659	0.09511	0.01314	0.67116	0.01634	0.03096	0.01069	0.00560	0.00440	0.00139	0.00386	0.00448	0.00522	0.00734
23	0.28516	0.00869	0.00933	0.00756	0.01063	0.00903	0.00619	0.14848	0.06295	0.34082	0.01279	0.01217	0.00874	0.00509	0.00388	0.00137	0.00377	0.00379	0.05305	0.00652
24	0.00603	0.00458	0.00524	0.00512	0.00643	0.00399	0.00382	0.00751	0.01104	0.03392	0.31768	0.09083	0.46665	0.01058	0.00529	0.00149	0.00227	0.00905	0.00446	0.00402
25	0.00830	0.00703	0.00905	0.00744	0.00980	0.00675	0.00594	0.01002	0.00824	0.01261	0.00916	0.01233	0.00818	0.01475	0.30080	0.00317	0.10537	0.00357	0.00248	0.45503
26	0.44958	0.08226	0.10518	0.00811	0.01127	0.05089	0.00742	0.06272	0.10824	0.01793	0.00822	0.00908	0.00638	0.00468	0.00401	0.00139	0.05114	0.00306	0.00285	0.00559
27	0.00562	0.00427	0.00518	0.00553	0.00639	0.00383	0.00393	0.00685	0.01013	0.01329	0.23218	0.37881	0.28394	0.01191	0.00546	0.00161	0.00237	0.01049	0.00435	0.00383
28	0.01400	0.01215	0.07786	0.01022	0.03418	0.01192	0.00859	0.45547	0.17826	0.02301	0.01162	0.01166	0.00854	0.00512	0.00432	0.00130	0.00458	0.00400	0.00399	0.11922
29	0.02605	0.00588	0.00707	0.00627	0.00829	0.00515	0.00477	0.02617	0.02757	0.13504	0.14361	0.21459	0.18227	0.00878	0.00479	0.00137	0.00286	0.00756	0.00417	0.17775
30	0.00994	0.00798	0.01164	0.25129	0.11218	0.00876	0.03273	0.08383	0.11635	0.06347	0.05007	0.15802	0.01392	0.00785	0.03526	0.00173	0.00482	0.02119	0.00337	0.00561
31	0.01370	0.01455	0.01118	0.02674	0.05887	0.42211	0.00779	0.01705	0.14434	0.07451	0.11555	0.01511	0.04791	0.00577	0.00440	0.00130	0.00576	0.00441	0.00333	0.00560
32	0.00647	0.00444	0.00540	0.00539	0.00560	0.00459	0.00337	0.00689	0.00689	0.00940	0.04525	0.02700	0.01623	0.64096	0.18947	0.00482	0.00584	0.00621	0.00273	0.00304
33	0.01146	0.00715	0.00825	0.00711	0.00888	0.00732	0.00528	0.18380	0.08079	0.15856	0.06830	0.08551	0.04879	0.28619	0.01077	0.00241	0.00394	0.00619	0.00407	0.00524
34	0.07850	0.00470	0.00543	0.00605	0.02281	0.00441	0.00417	0.00723	0.00910	0.02205	0.03876	0.44328	0.29234	0.01195	0.00556	0.02297	0.00265	0.01020	0.00397	0.00387
35	0.10586	0.00772	0.01000	0.00775	0.01114	0.00692	0.00640	0.02093	0.01228	0.73786	0.01650	0.01443	0.01045	0.00540	0.00432	0.00138	0.00377	0.00429	0.00526	0.00733
36	0.01422	0.01375	0.01325	0.01099	0.01394	0.22584	0.08151	0.24245	0.30016	0.01896	0.01226	0.01230	0.00922	0.00527	0.00446	0.00137	0.00550	0.00421	0.00373	0.00664
37	0.00714	0.00465	0.00575	0.00567	0.00684	0.00417	0.00416	0.00860	0.01084	0.08673	0.31483	0.23893	0.23003	0.02186	0.00550	0.00157	0.00246	0.00916	0.02690	0.00424
38	0.00622	0.00443	0.00516	0.00539	0.00647	0.00391	0.00388	0.00738	0.00995	0.04819	0.11364	0.32576	0.38831	0.01159	0.00532	0.00159	0.00243	0.01006	0.03636	0.00395
39	0.01131	0.00876	0.00954	0.00849	0.01087	0.00981	0.00667	0.07421	0.56008	0.06560	0.08997	0.01896	0.01601	0.00645	0.00459	0.00148	0.00346	0.03383	0.05329	0.00661
40	0.01478	0.01128	0.01201	0.00968	0.01283	0.01263	0.00784	0.51945	0.27525	0.02470	0.01330	0.01289	0.00971	0.00559	0.00445	0.00139	0.00437	0.00437	0.03618	0.00731
41	0.00928	0.00795	0.00928	0.00663	0.01060	0.00596	0.00530	0.01126	0.00928	0.01458	0.00795	0.00928	0.00663	0.00331	0.00331	0.00066	0.00331	0.00265	0.00265	0.87014
42	0.01107	0.01063	0.01816	0.02746	0.81489	0.01063	0.01373	0.01373	0.01019	0.01461	0.00841	0.01107	0.00709	0.00399	0.00443	0.00133	0.00531	0.00399	0.00221	0.00709
43	0.00631	0.00433	0.00566	0.00630	0.00682	0.00415	0.00434	0.02432	0.00898	0.03531	0.05413	0.63373	0.04661	0.06838	0.05295	0.00224	0.00332	0.02424	0.00404	0.00383
44	0.00598	0.00419	0.00524	0.00572	0.00605	0.00401	0.00376	0.00672	0.00850	0.01142	0.12393	0.41161	0.04686	0.29433	0.01144	0.00262	0.00317	0.03725	0.00376	0.00342
45	0.00607	0.00465	0.00545	0.00574	0.00698	0.00416	0.00449	0.00747	0.01028	0.02524	0.10701	0.14067	0.45467	0.01161	0.00553	0.00166	0.00274	0.18742	0.00424	0.00394
46	0.00800	0.00713	0.01042	0.00904	0.01024	0.00836	0.05145	0.00958	0.00781	0.01154	0.03461	0.01518	0.03783	0.01859	0.37138	0.00406	0.26374	0.00454	0.00242	0.11408
47	0.00558	0.00410	0.00513	0.00579	0.00640	0.00374	0.00399	0.00661	0.00937	0.01242	0.12040	0.57536	0.18123	0.01275	0.00552	0.00169	0.00246	0.01137	0.02233	0.00374
48	0.00650	0.00438	0.00508	0.00508	0.00514	0.00444	0.00296	0.00663	0.00656	0.00882	0.01391	0.02827	0.01583	0.77368	0.09129	0.00458	0.00499	0.00636	0.00268	0.00282
49	0.00624	0.00483	0.00557	0.00541	0.00669	0.00438	0.00403	0.04224	0.01149	0.01507	0.34881	0.12301	0.38500	0.01048	0.00529	0.00149	0.00236	0.00901	0.00448	0.00411
50	0.87439	0.00865	0.00657	0.00588	0.00865	0.01003	0.00484	0.01315	0.00761	0.02007	0.00623	0.00727	0.00484	0.00415	0.00277	0.00138	0.00346	0.00242	0.00277	0.00484
51	0.01412	0.10350	0.03804	0.01049	0.03042	0.01262	0.05977	0.44255	0.03007	0.05881	0.01216	0.01278	0.05302	0.00679	0.04126	0.00162	0.05727	0.00428	0.00371	0.00670
52	0.00957	0.00926	0.01610	0.47004	0.27584	0.01033	0.09171	0.01285	0.03604	0.01296	0.00855	0.01183	0.00665	0.00430	0.00454	0.00144	0.00584	0.00415	0.00217	0.00581
53	0.00547	0.00414	0.00501	0.00561	0.00631	0.00373	0.00387	0.00640	0.00924	0.01188	0.06925	0.52168	0.28366	0.03437	0.00599	0.00176	0.00251	0.01127	0.00415	0.00368
54	0.01154	0.01010	0.01602	0.22196	0.51230	0.04228	0.01251	0.01412	0.01024	0.09255	0.00915	0.01157	0.00715	0.00428	0.00443	0.00137	0.00543	0.00399	0.00249	0.00654
55	0.01307	0.14297	0.13640	0.06797	0.10577	0.28870	0.03004	0.10098	0.01174	0.01376	0.00790	0.00954	0.00637	0.00566	0.03929	0.00149	0.00671	0.00334	0.00239	0.00592
56	0.00590	0.00434	0.00562	0.00642	0.00708	0.00410	0.00476	0.00705	0.00914	0.01188	0.02708	0.47247	0.15597	0.03642	0.03501	0.00208	0.00328	0.19361	0.00404	0.00376
57	0.69152	0.03836	0.00789	0.00652	0.00931	0.03445	0.00541	0.04330	0.00878	0.07205	0.00794	0.00985	0.00634	0.00465	0.00314	0.00139	0.00375	0.03717	0.00303	0.00514
58	0.05937	0.17343	0.36332	0.06571	0.06258	0.02509	0.07817	0.03292	0.04309	0.04399	0.00851	0.00989	0.00641	0.00428	0.00404	0.00133	0.00580	0.00346	0.00231	0.00628
59	0.04715	0.22802	0.16609	0.00915	0.01317	0.01209	0.00895	0.13114	0.14446	0.13287	0.01097	0.01100	0.00811	0.00474	0.00390	0.00126	0.00466	0.00357	0.00332	0.05538

[dist]
# distance from previous block
# <min> <max>
1	3

[block]
# block no. 5 follows, 58 sequences, length 41
# corresponding to MSA columns:
# 345-385
name=unknown_F
#
# <colnr> <probs for GDERKNQSTAVLIFYWHMCP>
#	G	D	E	R	K	N	Q	S	T	A	V	L	I	F	Y	W	H	M	C	P
0	0.18449	0.01021	0.00965	0.00869	0.03489	0.11102	0.00656	0.05774	0.25946	0.09222	0.04030	0.01338	0.01046	0.03411	0.00501	0.02518	0.00420	0.00403	0.00364	0.08477
1	0.23881	0.00976	0.00993	0.00862	0.03126	0.05161	0.00674	0.23634	0.06949	0.13967	0.01171	0.02829	0.00929	0.02625	0.00510	0.03852	0.00427	0.04557	0.00381	0.02496
2	0.01406	0.03092	0.08211	0.01036	0.01382	0.02969	0.04914	0.36840	0.22604	0.07123	0.01322	0.01419	0.00995	0.00565	0.00455	0.00143	0.00480	0.03929	0.00410	0.00705
3	0.01003	0.00956	0.01635	0.27237	0.45362	0.01023	0.06019	0.01299	0.03153	0.01360	0.02800	0.01212	0.00775	0.00461	0.00497	0.01942	0.02005	0.00419	0.00227	0.00616
4	0.00635	0.00454	0.00548	0.00575	0.00655	0.00426	0.00401	0.00772	0.04499	0.02898	0.12371	0.33909	0.21454	0.11886	0.00825	0.04377	0.00284	0.02250	0.00400	0.00379
5	0.00744	0.00473	0.00583	0.00556	0.00646	0.00442	0.00390	0.00864	0.01007	0.08189	0.34008	0.07059	0.10167	0.29610	0.01127	0.00246	0.00311	0.02778	0.00408	0.00392
6	0.01239	0.70778	0.02170	0.00831	0.01176	0.11039	0.00788	0.01377	0.00939	0.01059	0.00628	0.00741	0.00575	0.00412	0.00361	0.00103	0.04771	0.00253	0.00196	0.00563
7	0.02859	0.00457	0.00526	0.00550	0.00622	0.00436	0.00373	0.00742	0.03732	0.01213	0.12233	0.29107	0.20829	0.23125	0.00995	0.00234	0.00298	0.00921	0.00384	0.00365
8	0.01675	0.00465	0.00564	0.00575	0.00683	0.00421	0.00419	0.00818	0.01008	0.07712	0.17248	0.28213	0.26636	0.06799	0.00656	0.00179	0.00271	0.04822	0.00429	0.00408
9	0.13337	0.01153	0.01196	0.00937	0.01271	0.01277	0.00771	0.63519	0.03549	0.02605	0.01206	0.01205	0.04866	0.00552	0.00429	0.00136	0.00456	0.00411	0.00423	0.00702
10	0.00615	0.00470	0.00501	0.00495	0.00649	0.00399	0.00378	0.00738	0.01037	0.05254	0.06871	0.06160	0.69174	0.01108	0.00530	0.00153	0.00243	0.04401	0.00425	0.00399
11	0.03071	0.00469	0.00575	0.00574	0.00678	0.00432	0.00413	0.00842	0.01034	0.07647	0.28914	0.27646	0.16695	0.08124	0.00676	0.00179	0.00264	0.00916	0.00436	0.00412
12	0.00646	0.00467	0.00543	0.00543	0.00661	0.00418	0.00398	0.00794	0.02462	0.04985	0.21603	0.17419	0.37845	0.06511	0.00647	0.00173	0.00256	0.02797	0.00431	0.00403
13	0.04409	0.00890	0.01003	0.00853	0.01141	0.00949	0.00676	0.02219	0.50459	0.25437	0.01711	0.01556	0.01223	0.00571	0.00441	0.00143	0.00360	0.00468	0.00468	0.05023
14	0.29746	0.00731	0.00730	0.00664	0.00874	0.03371	0.00526	0.04555	0.01020	0.11323	0.12342	0.09395	0.05464	0.03928	0.00495	0.00157	0.00347	0.08275	0.01686	0.04371
15	0.04322	0.00595	0.00684	0.00645	0.00803	0.00591	0.00487	0.05208	0.11368	0.10262	0.13822	0.20106	0.17538	0.03865	0.00556	0.00162	0.00294	0.02687	0.05514	0.00489
16	0.01228	0.00656	0.00805	0.00676	0.00892	0.00614	0.00527	0.10868	0.01257	0.29857	0.20113	0.04280	0.15910	0.09461	0.00674	0.00172	0.00332	0.00650	0.00470	0.00558
17	0.09287	0.00534	0.00668	0.00641	0.00751	0.00517	0.02411	0.00991	0.00879	0.14914	0.04362	0.34306	0.02010	0.24512	0.01001	0.00239	0.00349	0.00823	0.00382	0.00425
18	0.10324	0.00861	0.00943	0.00798	0.01056	0.00917	0.00641	0.20931	0.19756	0.14153	0.12277	0.01984	0.07361	0.01978	0.00484	0.00149	0.00367	0.03947	0.00447	0.00624
19	0.02893	0.00532	0.00645	0.00654	0.00777	0.00514	0.00484	0.02255	0.08481	0.09861	0.08033	0.38989	0.15285	0.02408	0.00558	0.00170	0.00291	0.06282	0.00434	0.00455
20	0.01132	0.00862	0.00943	0.00845	0.01084	0.00956	0.00656	0.02110	0.60270	0.10635	0.05546	0.06081	0.05536	0.00682	0.00467	0.00151	0.00339	0.00574	0.00464	0.00667
21	0.09497	0.00871	0.00998	0.00822	0.01123	0.00899	0.00663	0.09728	0.27585	0.36619	0.01734	0.01578	0.04699	0.00583	0.00439	0.00143	0.00373	0.00467	0.00479	0.00701
22	0.02690	0.00509	0.00700	0.00679	0.00748	0.00553	0.00504	0.07094	0.00784	0.01095	0.01050	0.01697	0.01008	0.04186	0.31177	0.39819	0.00695	0.04431	0.00246	0.00335
23	0.00581	0.00453	0.00531	0.00551	0.00654	0.00414	0.00397	0.00744	0.03737	0.01329	0.20402	0.27880	0.34829	0.02611	0.02645	0.00177	0.00266	0.00981	0.00427	0.00393
24	0.00547	0.00419	0.00502	0.00556	0.00634	0.00374	0.00388	0.00649	0.00952	0.01224	0.10153	0.47825	0.31648	0.01261	0.00552	0.00167	0.00243	0.01111	0.00422	0.00374
25	0.00639	0.00477	0.00710	0.00710	0.00786	0.00554	0.00548	0.00793	0.00716	0.01032	0.01207	0.01804	0.01139	0.06604	0.79285	0.00707	0.01167	0.00486	0.00241	0.00394
26	0.03246	0.00909	0.01104	0.05972	0.07247	0.09080	0.05595	0.08055	0.09663	0.05763	0.04257	0.01666	0.01139	0.11104	0.18689	0.00304	0.03584	0.01787	0.00308	0.00528
27	0.00978	0.00931	0.01583	0.42247	0.42994	0.01029	0.01309	0.01260	0.00958	0.01305	0.00819	0.01149	0.00653	0.00422	0.00445	0.00141	0.00563	0.00398	0.00210	0.00605
28	0.01004	0.00712	0.00839	0.00790	0.00975	0.00758	0.00625	0.01639	0.34809	0.10560	0.14313	0.06905	0.02130	0.04817	0.00593	0.00175	0.00346	0.16991	0.00452	0.00569
29	0.01079	0.01123	0.04648	0.07748	0.20117	0.05136	0.27656	0.06845	0.07390	0.01514	0.01138	0.03822	0.00979	0.00535	0.00491	0.00150	0.00594	0.08146	0.00279	0.00611
30	0.01056	0.02205	0.11378	0.14045	0.28888	0.04058	0.19887	0.01365	0.00998	0.04489	0.00897	0.01169	0.00705	0.00617	0.06134	0.00180	0.00659	0.00423	0.00230	0.00618
31	0.00928	0.00888	0.01520	0.50466	0.28611	0.01000	0.04607	0.01213	0.00946	0.01262	0.00948	0.01276	0.03513	0.00453	0.00452	0.00144	0.00569	0.00423	0.00215	0.00566
32	0.00785	0.00565	0.03613	0.00730	0.00850	0.00525	0.02532	0.00929	0.00860	0.10069	0.01785	0.27223	0.03500	0.08294	0.30529	0.00390	0.00663	0.05381	0.00343	0.00433
33	0.01144	0.03200	0.09448	0.15923	0.05352	0.04356	0.13834	0.04614	0.02399	0.16366	0.01365	0.14173	0.01967	0.00637	0.00478	0.00149	0.00521	0.03162	0.00328	0.00582
34	0.01085	0.01792	0.48251	0.01243	0.01768	0.01071	0.10955	0.14594	0.04552	0.04401	0.00962	0.01112	0.00703	0.02026	0.03368	0.00167	0.00636	0.00389	0.00264	0.00660
35	0.00655	0.00531	0.00666	0.04914	0.00862	0.03298	0.00539	0.00771	0.00875	0.01142	0.02212	0.42235	0.09572	0.05659	0.10288	0.00254	0.04162	0.10615	0.00360	0.00388
