[name]
unknown

[dist]
# distance from previous block
# <min> <max>
0	66

[block]
# block no. 0 follows, 67 sequences, length 20
# corresponding to MSA columns:
# 122-141
name=unknown_A
#
# <colnr> <probs for GDERKNQSTAVLIFYWHMCP>
#	G	D	E	R	K	N	Q	S	T	A	V	L	I	F	Y	W	H	M	C	P
0	0.00629	0.00458	0.00556	0.00539	0.00611	0.00467	0.00385	0.02709	0.03987	0.01121	0.16165	0.04951	0.10740	0.30789	0.10119	0.02357	0.02834	0.05639	0.02742	0.02202
1	0.00956	0.01833	0.03585	0.01999	0.02924	0.05132	0.02591	0.07194	0.08218	0.06462	0.08308	0.40172	0.03121	0.00972	0.00537	0.00170	0.01839	0.03068	0.00403	0.00518
2	0.02661	0.03987	0.13547	0.02421	0.07503	0.08990	0.25683	0.17708	0.02616	0.03490	0.00896	0.05485	0.00723	0.00447	0.00431	0.00127	0.02049	0.00413	0.00257	0.00565
3	0.00685	0.00352	0.00514	0.00514	0.00514	0.00352	0.00338	0.00528	0.00528	0.00705	0.00752	0.01357	0.00771	0.09703	0.01614	0.79684	0.00352	0.00371	0.00181	0.00181
4	0.09436	0.26582	0.01296	0.00796	0.02595	0.08619	0.00658	0.20749	0.14021	0.01541	0.01060	0.06445	0.03614	0.00499	0.00351	0.00114	0.00410	0.00375	0.00295	0.00546
5	0.01000	0.04539	0.00925	0.00851	0.08998	0.09563	0.00600	0.04663	0.11738	0.11576	0.25542	0.03372	0.04909	0.00583	0.00407	0.00116	0.00343	0.00490	0.00357	0.09428
6	0.01179	0.33596	0.15616	0.00915	0.02487	0.05011	0.09815	0.01395	0.00938	0.20425	0.02664	0.01021	0.02440	0.00412	0.00353	0.00110	0.00468	0.00329	0.00263	0.00563
7	0.00940	0.11463	0.35740	0.01233	0.01675	0.03028	0.26849	0.04793	0.04510	0.01289	0.00770	0.00930	0.00581	0.00389	0.00437	0.00126	0.04129	0.00354	0.00202	0.00563
8	0.00573	0.00422	0.00539	0.00521	0.00614	0.00397	0.00386	0.00785	0.04661	0.01518	0.66432	0.13323	0.06570	0.00870	0.00475	0.00132	0.00201	0.00770	0.00429	0.00382
9	0.09483	0.00671	0.00757	0.04337	0.00911	0.00700	0.00526	0.23540	0.01192	0.09093	0.15754	0.13202	0.10592	0.00691	0.00413	0.00128	0.00307	0.00574	0.06643	0.00487
10	0.01050	0.00998	0.08416	0.03837	0.07753	0.05174	0.09763	0.18769	0.14232	0.06395	0.03020	0.08319	0.09328	0.00576	0.00424	0.00130	0.00429	0.00499	0.00327	0.00558
11	0.00775	0.00456	0.00644	0.00648	0.03837	0.00476	0.00438	0.05881	0.00670	0.03705	0.00843	0.01360	0.00806	0.08543	0.12765	0.55473	0.01809	0.00382	0.00212	0.00277
12	0.00615	0.00402	0.00468	0.00490	0.00576	0.00378	0.00353	0.00769	0.03472	0.03611	0.10376	0.31736	0.19294	0.02259	0.00462	0.00138	0.00222	0.02161	0.21854	0.00365
13	0.07408	0.05192	0.08012	0.06202	0.09244	0.12102	0.05791	0.10811	0.06133	0.07610	0.02252	0.03882	0.06258	0.04139	0.00482	0.01655	0.00460	0.01566	0.00282	0.00519
14	0.03549	0.01098	0.08339	0.04707	0.04822	0.06862	0.08831	0.31732	0.06688	0.08231	0.01025	0.01246	0.00801	0.05057	0.00493	0.00139	0.00476	0.03683	0.00321	0.01900
15	0.00866	0.00910	0.10794	0.04071	0.18802	0.03034	0.00810	0.11125	0.08568	0.01418	0.09093	0.14769	0.08988	0.00688	0.01579	0.00140	0.02967	0.00560	0.00305	0.00515
16	0.12378	0.10664	0.02585	0.00649	0.00809	0.03348	0.03579	0.04765	0.02788	0.01256	0.05673	0.38876	0.08222	0.00844	0.00422	0.00137	0.00315	0.00728	0.00320	0.01644
17	0.11548	0.06005	0.08460	0.03519	0.03753	0.05002	0.09624	0.04899	0.02670	0.04030	0.04715	0.11983	0.05594	0.02729	0.03660	0.00150	0.02230	0.00479	0.01395	0.07554
18	0.08700	0.05802	0.05629	0.00779	0.06114	0.02499	0.02636	0.06593	0.00907	0.04206	0.05760	0.28994	0.08877	0.02300	0.00483	0.01708	0.01640	0.00651	0.00312	0.05411
19	0.02492	0.19300	0.10435	0.00927	0.04711	0.04727	0.11277	0.05032	0.07731	0.02722	0.04050	0.08743	0.08652	0.01777	0.00410	0.00122	0.00427	0.00460	0.00266	0.05739

[dist]
# distance from previous block
# <min> <max>
0	68

[block]
# block no. 1 follows, 67 sequences, length 10
# corresponding to MSA columns:
# 210-219
name=unknown_B
#
# <colnr> <probs for GDERKNQSTAVLIFYWHMCP>
#	G	D	E	R	K	N	Q	S	T	A	V	L	I	F	Y	W	H	M	C	P
0	0.00535	0.00399	0.00508	0.00536	0.00602	0.00391	0.00387	0.00642	0.00824	0.01107	0.14233	0.32415	0.18938	0.06533	0.13934	0.00241	0.02077	0.02921	0.02436	0.00341
1	0.14579	0.00697	0.04023	0.06532	0.05731	0.00676	0.08196	0.04068	0.02735	0.07270	0.07592	0.11400	0.08907	0.02206	0.03157	0.00151	0.01654	0.00523	0.09449	0.00456
2	0.02615	0.16181	0.15105	0.06066	0.07688	0.10139	0.08530	0.07997	0.05670	0.08272	0.02519	0.03832	0.00765	0.00437	0.00375	0.00117	0.00492	0.00360	0.00255	0.02584
3	0.01134	0.01007	0.01148	0.08629	0.03883	0.18695	0.11914	0.12369	0.04282	0.10207	0.05929	0.09045	0.01073	0.00607	0.02939	0.00139	0.00498	0.00459	0.05533	0.00512
4	0.00548	0.00383	0.00444	0.00464	0.00489	0.00368	0.00285	0.00583	0.00686	0.00902	0.04924	0.21689	0.11569	0.53280	0.01447	0.00297	0.00324	0.00747	0.00295	0.00278
5	0.00789	0.00796	0.07737	0.22740	0.12978	0.00749	0.08199	0.03010	0.00880	0.04180	0.04418	0.15625	0.09455	0.00681	0.02177	0.00148	0.04144	0.00561	0.00262	0.00471
6	0.00924	0.20023	0.37186	0.01059	0.04550	0.03737	0.08746	0.06531	0.00932	0.01260	0.02623	0.03400	0.04821	0.00447	0.00392	0.00120	0.02126	0.00362	0.00212	0.00547
7	0.01241	0.01490	0.01251	0.01084	0.01231	0.49317	0.06210	0.01355	0.00939	0.00996	0.00600	0.00802	0.00526	0.00511	0.00707	0.00131	0.30648	0.00305	0.00195	0.00461
8	0.07889	0.12104	0.09010	0.01123	0.12174	0.39293	0.00850	0.04041	0.01030	0.07906	0.00724	0.00815	0.00569	0.00400	0.00351	0.00109	0.00570	0.00282	0.00231	0.00528
9	0.00487	0.00407	0.00424	0.00420	0.00549	0.00344	0.00315	0.00600	0.00944	0.01154	0.14765	0.03743	0.72494	0.00989	0.00474	0.00134	0.00201	0.00830	0.00382	0.00344

[dist]
# distance from previous block
# <min> <max>
0	1

[block]
# block no. 2 follows, 67 sequences, length 20
# corresponding to MSA columns:
# 221-231,234-242
name=unknown_C
#
# <colnr> <probs for GDERKNQSTAVLIFYWHMCP>
#	G	D	E	R	K	N	Q	S	T	A	V	L	I	F	Y	W	H	M	C	P
0	0.01114	0.24882	0.05121	0.02829	0.01139	0.11535	0.00718	0.07651	0.33520	0.03538	0.03333	0.01119	0.00912	0.00462	0.00360	0.00116	0.00423	0.00352	0.00303	0.00571
1	0.78897	0.00735	0.00587	0.00532	0.00757	0.00850	0.00431	0.01121	0.00676	0.01696	0.00624	0.00800	0.00517	0.04247	0.06079	0.00171	0.00366	0.00248	0.00246	0.00421
2	0.04515	0.30084	0.14193	0.00844	0.01183	0.01133	0.04925	0.18783	0.01067	0.05516	0.00910	0.06917	0.00788	0.00534	0.02331	0.00126	0.00457	0.02524	0.00264	0.02907
3	0.00694	0.00545	0.00607	0.00580	0.00700	0.03755	0.00432	0.06243	0.08057	0.02877	0.35875	0.21264	0.15058	0.00880	0.00466	0.00135	0.00252	0.00765	0.00402	0.00411
4	0.00504	0.00361	0.00459	0.00527	0.00557	0.00338	0.00348	0.00569	0.00761	0.01007	0.04379	0.64851	0.08475	0.13985	0.00739	0.00194	0.00253	0.01023	0.00355	0.00316
5	0.04572	0.03471	0.01705	0.00769	0.06407	0.02028	0.01467	0.11159	0.00987	0.01428	0.05275	0.10620	0.06690	0.00544	0.00372	0.00102	0.00330	0.03574	0.00292	0.38210
6	0.00752	0.10976	0.27267	0.03384	0.01194	0.00822	0.06396	0.00979	0.00756	0.01054	0.00979	0.07115	0.00949	0.16626	0.11462	0.00244	0.05824	0.02561	0.00211	0.00447
7	0.00487	0.00357	0.00457	0.00537	0.00576	0.00328	0.00363	0.00561	0.00789	0.01032	0.02472	0.74082	0.14045	0.01222	0.00507	0.00159	0.00229	0.01099	0.00372	0.00328
8	0.04581	0.22402	0.08291	0.00882	0.03268	0.14840	0.00759	0.13132	0.22799	0.01458	0.00951	0.00979	0.00741	0.00436	0.00350	0.00113	0.00453	0.00321	0.02678	0.00565
9	0.00767	0.00619	0.00769	0.00719	0.00831	0.00682	0.02629	0.09720	0.16269	0.01364	0.08595	0.34210	0.04893	0.02986	0.00603	0.00155	0.10128	0.01802	0.01816	0.00445
10	0.03692	0.30766	0.30186	0.03153	0.01439	0.07055	0.08792	0.05487	0.00924	0.04043	0.00703	0.00814	0.00545	0.00376	0.00344	0.00112	0.00527	0.00289	0.00202	0.00551
11	0.01023	0.56715	0.07601	0.00781	0.01065	0.03373	0.00755	0.01189	0.02723	0.02965	0.00676	0.03308	0.00624	0.01832	0.00479	0.00113	0.13794	0.00287	0.00193	0.00504
12	0.00602	0.00365	0.00428	0.00472	0.00529	0.00350	0.00329	0.00724	0.00812	0.01238	0.05348	0.42531	0.03902	0.03601	0.00462	0.00139	0.00216	0.00779	0.36826	0.00346
13	0.03308	0.04660	0.01499	0.11856	0.52598	0.06671	0.03311	0.05090	0.00958	0.03245	0.00788	0.01047	0.00652	0.00391	0.00391	0.00121	0.00492	0.02121	0.00217	0.00586
14	0.00875	0.16599	0.51571	0.03326	0.01627	0.01041	0.11274	0.03245	0.00878	0.01232	0.00770	0.02950	0.00611	0.00406	0.00378	0.00123	0.00556	0.01789	0.00188	0.00560
15	0.00501	0.00382	0.00463	0.00519	0.00592	0.00345	0.00374	0.00596	0.00846	0.01078	0.05024	0.45742	0.32025	0.01143	0.00501	0.00154	0.00234	0.08769	0.00374	0.00336
16	0.38881	0.00584	0.00541	0.00525	0.00676	0.00642	0.00401	0.02251	0.04989	0.01509	0.03234	0.17732	0.01224	0.06161	0.00447	0.00145	0.00278	0.02712	0.16666	0.00400
17	0.07291	0.13215	0.05694	0.00665	0.00888	0.10119	0.02185	0.07663	0.02023	0.01329	0.15746	0.02040	0.22841	0.03971	0.00458	0.00129	0.00362	0.00513	0.00307	0.02563
18	0.14160	0.07808	0.06231	0.00882	0.02927	0.16892	0.03888	0.15550	0.08647	0.02535	0.03433	0.05061	0.03221	0.00498	0.00404	0.00120	0.03818	0.00376	0.00283	0.03265
19	0.01066	0.24734	0.08706	0.00927	0.06408	0.10004	0.03007	0.15082	0.05992	0.02493	0.03492	0.11315	0.02623	0.00531	0.00373	0.00115	0.00441	0.00426	0.00273	0.01993

[dist]
# distance from previous block
# <min> <max>
1	13

[block]
# block no. 3 follows, 67 sequences, length 17
# corresponding to MSA columns:
# 256-272
name=unknown_D
#
# <colnr> <probs for GDERKNQSTAVLIFYWHMCP>
#	G	D	E	R	K	N	Q	S	T	A	V	L	I	F	Y	W	H	M	C	P
0	0.00897	0.10068	0.02406	0.02633	0.08431	0.00861	0.02363	0.06567	0.14641	0.05500	0.03834	0.23529	0.01386	0.01941	0.00571	0.01090	0.10924	0.01554	0.00312	0.00493
1	0.04259	0.00683	0.01011	0.41690	0.01823	0.00749	0.00823	0.03181	0.03367	0.28057	0.01172	0.09502	0.00913	0.00522	0.00407	0.00133	0.00425	0.00447	0.00316	0.00522
2	0.00593	0.00448	0.00528	0.00555	0.00640	0.00397	0.00391	0.00681	0.00964	0.01274	0.23393	0.36980	0.29354	0.01112	0.00525	0.00160	0.00243	0.00956	0.00417	0.00389
3	0.00907	0.02229	0.03619	0.20551	0.20622	0.00901	0.15219	0.06163	0.05518	0.03166	0.04329	0.05648	0.04551	0.00495	0.00463	0.00132	0.04251	0.00457	0.00250	0.00528
4	0.00534	0.00387	0.00461	0.00495	0.00562	0.00353	0.00342	0.00616	0.00820	0.02630	0.08024	0.36677	0.28067	0.15016	0.00747	0.00189	0.00252	0.03143	0.00358	0.00328
5	0.00889	0.00832	0.01408	0.04515	0.62037	0.00831	0.03288	0.01101	0.00888	0.01250	0.01046	0.14905	0.01026	0.00534	0.00424	0.00130	0.00440	0.03658	0.00233	0.00566
6	0.00766	0.00733	0.03068	0.08405	0.22832	0.05274	0.00737	0.02618	0.04062	0.01229	0.09750	0.19990	0.14427	0.00738	0.00459	0.00135	0.01848	0.02167	0.00300	0.00462
7	0.06016	0.04492	0.13379	0.00821	0.03091	0.06941	0.01757	0.09450	0.01029	0.24236	0.01294	0.17543	0.01126	0.00622	0.00420	0.01562	0.00401	0.01571	0.03714	0.00535
8	0.00512	0.00407	0.00444	0.00456	0.00561	0.00361	0.00330	0.00640	0.03036	0.01137	0.11772	0.18278	0.52406	0.05274	0.00553	0.00151	0.00219	0.00853	0.02266	0.00344
9	0.04362	0.03526	0.01109	0.03108	0.01202	0.49010	0.00743	0.16373	0.04299	0.01318	0.00755	0.00877	0.00612	0.00649	0.07252	0.00155	0.03599	0.00302	0.00250	0.00502
10	0.03618	0.11008	0.11245	0.09130	0.33494	0.02543	0.02246	0.06368	0.03853	0.03472	0.00945	0.02776	0.03326	0.00444	0.00400	0.00122	0.01912	0.02298	0.00233	0.00567
11	0.00552	0.00432	0.00507	0.00573	0.00620	0.03251	0.00393	0.00670	0.04077	0.01063	0.04675	0.67571	0.07135	0.04422	0.00559	0.00166	0.00258	0.02369	0.00365	0.00343
12	0.00722	0.00654	0.02464	0.06947	0.13592	0.01736	0.07771	0.03186	0.05233	0.01235	0.09569	0.19580	0.16414	0.01790	0.00512	0.03178	0.00354	0.03279	0.01348	0.00437
13	0.01073	0.20107	0.07647	0.04937	0.05196	0.06456	0.03523	0.06597	0.07116	0.12675	0.06170	0.03021	0.05656	0.02718	0.00440	0.00126	0.01900	0.02834	0.01281	0.00528
14	0.09270	0.07463	0.13911	0.03439	0.09819	0.07071	0.09156	0.09718	0.07880	0.11368	0.03266	0.01104	0.00790	0.03499	0.00439	0.00131	0.00471	0.00362	0.00280	0.00563
15	0.00986	0.01139	0.11894	0.01357	0.19885	0.11862	0.09419	0.04543	0.02438	0.03123	0.03711	0.05404	0.00894	0.03138	0.00626	0.00143	0.15506	0.03176	0.00236	0.00520
16	0.07229	0.10339	0.11218	0.03456	0.06961	0.15042	0.03176	0.06911	0.02628	0.03789	0.00863	0.04657	0.00755	0.04959	0.08096	0.00179	0.04933	0.00363	0.01531	0.02914

[dist]
# distance from previous block
# <min> <max>
11	94

[block]
# block no. 4 follows, 67 sequences, length 21
# corresponding to MSA columns:
# 371-391
name=unknown_E
#
# <colnr> <probs for GDERKNQSTAVLIFYWHMCP>
#	G	D	E	R	K	N	Q	S	T	A	V	L	I	F	Y	W	H	M	C	P
0	0.03925	0.10214	0.10863	0.04017	0.01342	0.11832	0.08067	0.22715	0.10823	0.04659	0.00902	0.01934	0.00692	0.00458	0.00440	0.00123	0.05785	0.00351	0.00285	0.00572
1	0.07210	0.17590	0.07018	0.01007	0.06575	0.10818	0.11012	0.11418	0.02324	0.02513	0.02683	0.06508	0.03184	0.01595	0.02325	0.00133	0.02932	0.00395	0.00252	0.02509
2	0.00971	0.19443	0.23695	0.03019	0.33325	0.02352	0.04289	0.03087	0.02487	0.01245	0.00724	0.00886	0.00583	0.00367	0.00364	0.00114	0.00503	0.00314	0.00194	0.02038
3	0.00582	0.00468	0.00582	0.00603	0.00682	0.03072	0.02272	0.02253	0.00826	0.01073	0.04485	0.37262	0.16779	0.04570	0.15746	0.00251	0.00425	0.07383	0.00332	0.00352
4	0.00910	0.07949	0.01663	0.12914	0.25058	0.00942	0.26258	0.01149	0.00891	0.03524	0.01089	0.04430	0.07404	0.00460	0.00454	0.00129	0.03572	0.00452	0.00223	0.00528
5	0.00972	0.12346	0.15767	0.21021	0.17662	0.02413	0.01050	0.07946	0.06282	0.02700	0.00781	0.00962	0.00611	0.00424	0.00452	0.00125	0.07381	0.00333	0.00219	0.00553
6	0.00545	0.00392	0.00505	0.00556	0.00597	0.00388	0.00386	0.00648	0.02606	0.01016	0.05094	0.43835	0.05267	0.19023	0.10479	0.00264	0.00372	0.07370	0.00331	0.00325
7	0.02998	0.01129	0.02361	0.01107	0.01388	0.16996	0.24583	0.10917	0.19909	0.05149	0.01139	0.03723	0.02184	0.00491	0.00434	0.00130	0.01587	0.02923	0.00300	0.00553
8	0.01981	0.22932	0.26442	0.00851	0.01221	0.03690	0.00887	0.15580	0.07699	0.01433	0.04122	0.01253	0.09307	0.00485	0.00366	0.00116	0.00448	0.00370	0.00263	0.00552
9	0.01104	0.01233	0.04274	0.03893	0.07876	0.16924	0.40047	0.09152	0.07838	0.01369	0.00844	0.01020	0.00645	0.00392	0.00439	0.00127	0.01632	0.00401	0.00237	0.00552
10	0.00595	0.00434	0.00563	0.00553	0.00595	0.00478	0.00391	0.00673	0.00642	0.00900	0.01329	0.02130	0.06558	0.38000	0.35812	0.00454	0.05398	0.00516	0.03667	0.00313
11	0.02219	0.01140	0.04367	0.01005	0.04895	0.20830	0.09647	0.17310	0.10293	0.06465	0.02276	0.08127	0.06816	0.00602	0.02066	0.00135	0.00496	0.00461	0.00312	0.00537
12	0.02744	0.08062	0.08182	0.27205	0.36215	0.03518	0.02989	0.02499	0.00889	0.02929	0.00736	0.00969	0.00584	0.00378	0.00383	0.00122	0.00505	0.00338	0.00199	0.00554
13	0.00504	0.00364	0.00462	0.00534	0.00570	0.00339	0.00360	0.00573	0.00770	0.01009	0.02315	0.63722	0.11857	0.10819	0.00682	0.00186	0.00252	0.04004	0.00358	0.00319
14	0.00862	0.07742	0.01419	0.50294	0.29797	0.00968	0.01118	0.01108	0.00840	0.01114	0.00714	0.01009	0.00567	0.00382	0.00388	0.00125	0.00506	0.00345	0.00185	0.00515
15	0.02885	0.01115	0.18743	0.01057	0.10595	0.06472	0.02115	0.10000	0.15021	0.06312	0.02930	0.12030	0.01178	0.00604	0.00421	0.00134	0.00433	0.07092	0.00310	0.00550
16	0.00988	0.55988	0.17682	0.07906	0.08008	0.01352	0.00919	0.01202	0.00828	0.01043	0.00618	0.00746	0.00525	0.00356	0.00304	0.00100	0.00473	0.00254	0.00174	0.00534
17	0.00522	0.00381	0.00495	0.00551	0.00609	0.00354	0.00397	0.00633	0.00879	0.01175	0.19673	0.50075	0.11469	0.01121	0.00504	0.00155	0.00236	0.10041	0.00387	0.00343
18	0.00636	0.07474	0.00669	0.00594	0.00674	0.06588	0.00435	0.00720	0.00815	0.01021	0.03745	0.46025	0.13546	0.08076	0.00626	0.00168	0.02704	0.04805	0.00329	0.00353
19	0.00864	0.12374	0.23866	0.00835	0.01227	0.00856	0.03844	0.01113	0.00820	0.01220	0.00683	0.00824	0.00555	0.00361	0.00404	0.00094	0.07312	0.00269	0.00204	0.42275
20	0.00560	0.00552	0.07422	0.03107	0.00745	0.00425	0.00475	0.00738	0.00999	0.01347	0.41539	0.10336	0.26848	0.00873	0.00469	0.00134	0.00245	0.02421	0.00383	0.00382

[dist]
# distance from previous block
# <min> <max>
0	3

[block]
# block no. 5 follows, 67 sequences, length 7
# corresponding to MSA columns:
# 395-401
name=unknown_F
#
# <colnr> <probs for GDERKNQSTAVLIFYWHMCP>
#	G	D	E	R	K	N	Q	S	T	A	V	L	I	F	Y	W	H	M	C	P
0	0.04282	0.13774	0.01075	0.02962	0.03153	0.07912	0.00624	0.24851	0.05323	0.03002	0.09556	0.04510	0.09849	0.04493	0.00469	0.00133	0.00391	0.02802	0.00327	0.00512
1	0.01182	0.05251	0.01240	0.03671	0.18424	0.17908	0.03675	0.12670	0.09971	0.06967	0.01010	0.01083	0.03596	0.00431	0.00378	0.00111	0.00470	0.00351	0.00280	0.11330
2	0.04104	0.15704	0.12397	0.00836	0.01123	0.06667	0.04502	0.10927	0.11179	0.04058	0.10463	0.03245	0.02835	0.00580	0.02159	0.00132	0.02515	0.03343	0.00295	0.02937
3	0.03680	0.00934	0.01016	0.00844	0.03489	0.05213	0.00657	0.32948	0.10107	0.14648	0.03845	0.01193	0.00899	0.04610	0.00493	0.00129	0.03038	0.00376	0.00363	0.11516
4	0.07296	0.04703	0.04471	0.01142	0.19353	0.04044	0.02448	0.20218	0.01147	0.07563	0.06838	0.03033	0.03767	0.00467	0.00379	0.00113	0.00404	0.00386	0.00301	0.11924
5	0.03454	0.05016	0.04275	0.00895	0.05329	0.00804	0.09905	0.10216	0.07230	0.06496	0.03608	0.01194	0.02927	0.04860	0.00474	0.00117	0.02433	0.00363	0.00282	0.30121
6	0.12249	0.00724	0.04987	0.03945	0.01030	0.00675	0.08125	0.03146	0.08610	0.04235	0.01525	0.24141	0.07737	0.00705	0.00446	0.00133	0.03282	0.02732	0.00308	0.11266

[dist]
# distance from previous block
# <min> <max>
34	318

[block]
# block no. 6 follows, 67 sequences, length 9
# corresponding to MSA columns:
# 832-840
name=unknown_G
#
# <colnr> <probs for GDERKNQSTAVLIFYWHMCP>
#	G	D	E	R	K	N	Q	S	T	A	V	L	I	F	Y	W	H	M	C	P
0	0.06415	0.00856	0.02683	0.00845	0.03588	0.00879	0.03453	0.24851	0.10563	0.09274	0.09812	0.03311	0.03448	0.00580	0.01919	0.00131	0.06115	0.00426	0.00349	0.10503
1	0.09437	0.00932	0.01208	0.02702	0.05283	0.02727	0.12359	0.21757	0.13438	0.10154	0.01081	0.01131	0.02909	0.00462	0.00439	0.00123	0.04958	0.00381	0.00324	0.08194
2	0.10013	0.00997	0.06354	0.00947	0.05462	0.05260	0.05619	0.24169	0.08359	0.09804	0.05730	0.04523	0.00994	0.00517	0.00428	0.00126	0.03460	0.02422	0.00333	0.04482
3	0.13075	0.00883	0.01022	0.00836	0.01064	0.06104	0.07237	0.17883	0.05947	0.07028	0.04248	0.10916	0.01009	0.00563	0.00493	0.00127	0.10119	0.00442	0.00312	0.10693
4	0.04874	0.07203	0.04070	0.00851	0.03334	0.06659	0.03366	0.18059	0.13654	0.09636	0.03476	0.05504	0.04481	0.00535	0.00410	0.00120	0.02377	0.02321	0.00331	0.08738
5	0.18803	0.00962	0.07746	0.00758	0.01051	0.04425	0.00659	0.16502	0.05749	0.14087	0.03107	0.03062	0.00795	0.00461	0.00401	0.00116	0.04716	0.00341	0.00318	0.15942
6	0.04805	0.04792	0.03429	0.00894	0.01147	0.33250	0.00720	0.22347	0.12688	0.04142	0.02536	0.01072	0.03295	0.00538	0.02488	0.00129	0.00532	0.00346	0.00303	0.00548
7	0.00831	0.11575	0.63601	0.01098	0.01617	0.00986	0.06967	0.01229	0.00838	0.01213	0.00729	0.00885	0.00546	0.00535	0.05538	0.00155	0.00609	0.00308	0.00175	0.00566
8	0.00919	0.05960	0.00905	0.00622	0.00950	0.00623	0.00503	0.01147	0.05972	0.07939	0.00900	0.04844	0.00756	0.00376	0.00320	0.00076	0.00307	0.00305	0.00271	0.66305

[dist]
# distance from previous block
# <min> <max>
0	1

[block]
# block no. 7 follows, 67 sequences, length 25
# corresponding to MSA columns:
# 842-847,849-867
name=unknown_H
#
# <colnr> <probs for GDERKNQSTAVLIFYWHMCP>
#	G	D	E	R	K	N	Q	S	T	A	V	L	I	F	Y	W	H	M	C	P
0	0.00538	0.00399	0.00534	0.00560	0.00606	0.00383	0.03152	0.00609	0.00735	0.00971	0.02011	0.44698	0.09973	0.24247	0.06215	0.00252	0.00344	0.03136	0.00321	0.00315
1	0.00982	0.00939	0.01584	0.06078	0.76980	0.00952	0.01205	0.01253	0.03720	0.01310	0.00783	0.01013	0.00651	0.00366	0.00398	0.00120	0.00474	0.00361	0.00205	0.00627
2	0.01065	0.09271	0.01860	0.01274	0.01620	0.01039	0.44174	0.11335	0.01025	0.06404	0.00820	0.01000	0.00624	0.00390	0.00486	0.00123	0.07109	0.00396	0.00244	0.09741
3	0.00532	0.00371	0.00470	0.00533	0.00554	0.00357	0.00351	0.00588	0.00719	0.00957	0.01893	0.52093	0.02234	0.28995	0.01017	0.00239	0.00295	0.07171	0.00330	0.00302
4	0.00880	0.00881	0.01288	0.59002	0.20007	0.09006	0.01106	0.01125	0.00858	0.01082	0.00713	0.01019	0.00555	0.00393	0.00396	0.00128	0.00540	0.00347	0.00185	0.00488
5	0.01310	0.00574	0.00762	0.00625	0.00853	0.00501	0.00500	0.01464	0.01105	0.51816	0.21854	0.05807	0.09741	0.00660	0.00432	0.00127	0.00286	0.00558	0.00465	0.00558
6	0.06861	0.01077	0.01298	0.01241	0.17226	0.03992	0.05772	0.48636	0.06508	0.02064	0.00917	0.00981	0.00680	0.00443	0.00394	0.00122	0.00456	0.00360	0.00334	0.00638
7	0.00992	0.00912	0.06245	0.01404	0.29724	0.00850	0.04534	0.05993	0.17985	0.06346	0.03638	0.04009	0.01033	0.00496	0.00408	0.00124	0.00409	0.05480	0.00297	0.09120
8	0.00987	0.40973	0.32397	0.00974	0.01415	0.01264	0.09393	0.06162	0.00906	0.01197	0.00669	0.00784	0.00532	0.00365	0.00334	0.00108	0.00516	0.00281	0.00188	0.00557
9	0.01007	0.72817	0.06812	0.00696	0.01030	0.01431	0.00704	0.01162	0.00848	0.01028	0.08594	0.00884	0.00832	0.00392	0.00286	0.00092	0.00415	0.00269	0.00198	0.00506
10	0.01166	0.00914	0.01011	0.00760	0.01093	0.00892	0.00619	0.39187	0.05631	0.01900	0.00879	0.00928	0.00669	0.00397	0.00352	0.00092	0.00366	0.00307	0.00324	0.42514
11	0.00837	0.00470	0.00480	0.00447	0.00569	0.00487	0.00344	0.09373	0.04051	0.01609	0.01285	0.01440	0.01000	0.00472	0.00298	0.00098	0.00218	0.00375	0.75731	0.00416
12	0.00686	0.00933	0.21165	0.00903	0.01120	0.00707	0.09184	0.00909	0.00743	0.01070	0.01101	0.16002	0.01079	0.01536	0.31544	0.00331	0.09805	0.00518	0.00226	0.00437
13	0.00959	0.00918	0.01567	0.14364	0.71767	0.00944	0.01214	0.01201	0.00897	0.01269	0.00748	0.01004	0.00621	0.00364	0.00398	0.00121	0.00485	0.00357	0.00196	0.00608
14	0.00516	0.00406	0.00466	0.00455	0.00569	0.00356	0.00340	0.00656	0.01008	0.01315	0.39301	0.06355	0.44953	0.00937	0.00475	0.00132	0.00198	0.00803	0.00403	0.00356
15	0.00488	0.00352	0.00462	0.00549	0.00579	0.00327	0.00368	0.00559	0.00777	0.01027	0.02321	0.80778	0.07447	0.01242	0.00510	0.00161	0.00231	0.01123	0.00372	0.00327
16	0.00881	0.00850	0.01461	0.04980	0.20853	0.00780	0.24271	0.01124	0.00892	0.01278	0.00897	0.01334	0.00783	0.00411	0.00403	0.00112	0.00467	0.08664	0.00229	0.29330
17	0.01326	0.01261	0.04193	0.01039	0.01307	0.28949	0.15010	0.12077	0.01158	0.16646	0.06117	0.02479	0.00884	0.00479	0.00458	0.00122	0.05265	0.00387	0.00300	0.00543
18	0.01462	0.00610	0.00813	0.00648	0.00905	0.00529	0.00526	0.01618	0.01123	0.61774	0.15629	0.01883	0.09454	0.00602	0.00422	0.00126	0.00302	0.00501	0.00475	0.00598
19	0.00732	0.00464	0.00644	0.00706	0.00808	0.00451	0.00595	0.00894	0.00919	0.09182	0.02085	0.17807	0.02238	0.01073	0.00532	0.00175	0.00344	0.59575	0.00382	0.00392
20	0.00850	0.00800	0.01338	0.31465	0.45044	0.00858	0.01085	0.01082	0.00868	0.01186	0.02174	0.06164	0.04443	0.00462	0.00410	0.00128	0.00466	0.00430	0.00213	0.00533
21	0.04788	0.00773	0.01240	0.61236	0.14511	0.00932	0.01076	0.03315	0.00831	0.01140	0.00707	0.01024	0.00549	0.00414	0.00451	0.00133	0.05859	0.00350	0.00190	0.00479
22	0.00879	0.00888	0.01151	0.01002	0.01023	0.06386	0.00825	0.00975	0.00651	0.00962	0.00599	0.00953	0.00584	0.00966	0.11419	0.00228	0.69541	0.00355	0.00182	0.00430
23	0.20241	0.04930	0.01202	0.07619	0.21859	0.22880	0.00852	0.01261	0.00864	0.01242	0.00631	0.00821	0.00531	0.00429	0.00485	0.00124	0.13033	0.00293	0.00205	0.00498
24	0.00495	0.00383	0.00451	0.00485	0.00567	0.00340	0.00345	0.00597	0.00888	0.01141	0.15796	0.37909	0.36995	0.01085	0.00490	0.00145	0.00213	0.00950	0.00383	0.00340

[dist]
# distance from previous block
# <min> <max>
0	1

[block]
# block no. 8 follows, 67 sequences, length 14
# corresponding to MSA columns:
# 869-882
name=unknown_I
#
# <colnr> <probs for GDERKNQSTAVLIFYWHMCP>
#	G	D	E	R	K	N	Q	S	T	A	V	L	I	F	Y	W	H	M	C	P
0	0.00871	0.15510	0.13568	0.18803	0.03874	0.07579	0.01861	0.01112	0.03417	0.03125	0.09894	0.11913	0.01185	0.00564	0.00442	0.00127	0.04971	0.00461	0.00247	0.00476
1	0.08333	0.15057	0.07964	0.00971	0.02757	0.03242	0.12229	0.17799	0.04863	0.15467	0.01878	0.00998	0.00709	0.00440	0.00429	0.00122	0.05513	0.00348	0.00299	0.00581
2	0.01014	0.64296	0.07857	0.08586	0.06770	0.01424	0.00824	0.01186	0.00817	0.01000	0.00596	0.00727	0.00524	0.00361	0.00316	0.00098	0.02663	0.00247	0.00174	0.00520
3	0.00721	0.00407	0.00569	0.00562	0.00591	0.00416	0.00388	0.06231	0.00655	0.00879	0.00928	0.11961	0.00961	0.01398	0.05769	0.66275	0.00379	0.00454	0.00217	0.00239
4	0.00972	0.08708	0.01326	0.40270	0.13713	0.03985	0.00985	0.13095	0.03522	0.01295	0.00775	0.02211	0.00620	0.00440	0.00452	0.00128	0.06408	0.00355	0.00224	0.00518
5	0.06609	0.01237	0.18015	0.04435	0.23368	0.03443	0.33206	0.02518	0.00917	0.01323	0.00755	0.00971	0.00581	0.00360	0.00414	0.00127	0.00577	0.00379	0.00200	0.00566
6	0.00585	0.00448	0.00663	0.00654	0.00724	0.00525	0.00511	0.00729	0.00670	0.00969	0.05486	0.01623	0.01133	0.02792	0.76288	0.00597	0.04574	0.00442	0.00225	0.00363
7	0.07353	0.00528	0.00688	0.06455	0.00872	0.00507	0.00488	0.01114	0.01082	0.22637	0.50446	0.02271	0.02596	0.00675	0.00434	0.00126	0.00261	0.00580	0.00423	0.00465
8	0.00489	0.00349	0.00465	0.00558	0.00582	0.00326	0.00372	0.00558	0.00768	0.01024	0.02210	0.85644	0.02653	0.01256	0.00512	0.00163	0.00233	0.01140	0.00372	0.00326
9	0.00541	0.00400	0.00505	0.00497	0.00588	0.00364	0.00366	0.00699	0.01046	0.01440	0.58861	0.15295	0.16082	0.00915	0.00479	0.00133	0.00198	0.00805	0.00420	0.00364
10	0.00501	0.00404	0.00447	0.00444	0.00561	0.00349	0.00330	0.00626	0.00967	0.01228	0.26382	0.08911	0.55491	0.00976	0.00476	0.00135	0.00201	0.00831	0.00392	0.00349
11	0.03767	0.00539	0.00637	0.00548	0.00700	0.00554	0.06055	0.12001	0.00992	0.01634	0.03081	0.01400	0.00995	0.00465	0.00314	0.00102	0.00260	0.00382	0.65144	0.00430
12	0.00573	0.00428	0.00634	0.00634	0.00702	0.00495	0.00488	0.00709	0.00641	0.00923	0.01084	0.01630	0.01026	0.07335	0.80022	0.00631	0.01038	0.00438	0.00216	0.00352
13	0.63456	0.07392	0.00971	0.00720	0.00996	0.05409	0.10847	0.01241	0.00765	0.04225	0.00626	0.00732	0.00485	0.00372	0.00289	0.00121	0.00389	0.00258	0.00242	0.00464

[dist]
# distance from previous block
# <min> <max>
0	1

[block]
# block no. 9 follows, 67 sequences, length 38
# corresponding to MSA columns:
# 884-921
name=unknown_J
#
# <colnr> <probs for GDERKNQSTAVLIFYWHMCP>
#	G	D	E	R	K	N	Q	S	T	A	V	L	I	F	Y	W	H	M	C	P
0	0.01063	0.83360	0.04811	0.00701	0.01053	0.01565	0.00713	0.01203	0.00816	0.00954	0.00563	0.00650	0.00514	0.00344	0.00261	0.00087	0.00434	0.00217	0.00171	0.00517
1	0.00939	0.01036	0.05438	0.01864	0.32595	0.00985	0.38484	0.01219	0.00908	0.01277	0.03493	0.01084	0.00713	0.00394	0.00512	0.00132	0.07737	0.00420	0.00205	0.00565
2	0.00804	0.02074	0.83828	0.01143	0.01736	0.00931	0.01482	0.01270	0.00847	0.01270	0.00720	0.00847	0.00508	0.00381	0.00381	0.00127	0.00593	0.00296	0.00169	0.00593
3	0.00743	0.00693	0.01147	0.73205	0.05706	0.00842	0.01047	0.00995	0.00818	0.01045	0.00992	0.01368	0.06382	0.00464	0.00411	0.00135	0.00504	0.02862	0.00198	0.00443
4	0.00599	0.00447	0.00521	0.01348	0.00650	0.00407	0.00390	0.00781	0.04815	0.04496	0.25377	0.08485	0.40714	0.01713	0.00487	0.00139	0.00230	0.06255	0.00393	0.01754
5	0.00507	0.00367	0.00483	0.00565	0.00605	0.00343	0.00396	0.00596	0.00810	0.01073	0.06121	0.68685	0.07499	0.01207	0.00512	0.00162	0.00243	0.09119	0.00375	0.00333
6	0.24400	0.08748	0.21382	0.04037	0.17438	0.00981	0.00928	0.02951	0.09091	0.05323	0.00806	0.00905	0.00613	0.00395	0.00343	0.00122	0.00435	0.00304	0.00241	0.00557
7	0.00603	0.07163	0.04285	0.00678	0.02927	0.02175	0.00511	0.00718	0.00773	0.01028	0.01748	0.53001	0.01997	0.01400	0.14862	0.00237	0.00431	0.04780	0.00313	0.00371
8	0.02138	0.40055	0.12334	0.00849	0.01158	0.04110	0.03027	0.01350	0.06657	0.11215	0.00785	0.00868	0.00626	0.00436	0.00465	0.00115	0.12745	0.00294	0.00231	0.00541
9	0.00842	0.13837	0.72393	0.01079	0.01637	0.01023	0.01370	0.01260	0.00842	0.01224	0.00697	0.00818	0.00509	0.00376	0.00364	0.00121	0.00570	0.00285	0.00170	0.00582
10	0.01003	0.00954	0.01610	0.05500	0.72943	0.00965	0.04053	0.04405	0.02226	0.01352	0.00777	0.01005	0.00642	0.00366	0.00400	0.00121	0.00482	0.00363	0.00209	0.00626
11	0.00832	0.00713	0.00832	0.00594	0.00950	0.00535	0.00475	0.01010	0.00832	0.01307	0.00713	0.00832	0.00594	0.00297	0.00297	0.00059	0.00297	0.00238	0.00238	0.88357
12	0.04348	0.00413	0.00524	0.00516	0.00603	0.00390	0.00380	0.00735	0.01042	0.01499	0.63397	0.19466	0.03413	0.00888	0.00471	0.00133	0.00203	0.00787	0.00419	0.00370
13	0.02520	0.00749	0.09172	0.03045	0.00993	0.00645	0.04724	0.04578	0.07169	0.11038	0.25555	0.10389	0.08194	0.00713	0.00496	0.00135	0.05347	0.02893	0.00361	0.01283
14	0.00524	0.00426	0.00467	0.00457	0.00584	0.00378	0.00346	0.00693	0.04178	0.01255	0.25820	0.03543	0.56168	0.00945	0.00473	0.00134	0.00208	0.02645	0.00393	0.00362
15	0.00578	0.00394	0.00468	0.00470	0.00483	0.00401	0.00285	0.00605	0.00615	0.00833	0.04026	0.05041	0.01515	0.69841	0.12474	0.00406	0.00465	0.00585	0.00250	0.00265
16	0.00973	0.00932	0.01592	0.09502	0.76520	0.00948	0.01221	0.01213	0.00904	0.01286	0.00751	0.00999	0.00627	0.00361	0.00397	0.00120	0.00481	0.00357	0.00197	0.00619
17	0.01094	0.03426	0.47376	0.01099	0.02930	0.26702	0.01172	0.07386	0.01883	0.02277	0.00725	0.00829	0.00539	0.00400	0.00375	0.00118	0.00611	0.00292	0.00205	0.00561
18	0.00489	0.00349	0.00465	0.00558	0.00582	0.00326	0.00372	0.00558	0.00768	0.01024	0.02210	0.85644	0.02653	0.01256	0.00512	0.00163	0.00233	0.01140	0.00372	0.00326
19	0.03939	0.00993	0.01830	0.04057	0.41365	0.00989	0.32188	0.04050	0.02500	0.01352	0.00788	0.01024	0.00626	0.00366	0.00439	0.00127	0.02169	0.00399	0.00212	0.00585
20	0.02898	0.15354	0.32453	0.07687	0.09795	0.01038	0.19375	0.01220	0.00866	0.01214	0.00768	0.01037	0.00615	0.00393	0.00388	0.00124	0.00553	0.03481	0.00190	0.00549
21	0.00999	0.00889	0.05228	0.01207	0.07440	0.03024	0.28595	0.04206	0.00949	0.13963	0.01245	0.18932	0.01152	0.00621	0.00518	0.00141	0.06494	0.03589	0.00294	0.00517
22	0.79649	0.04029	0.02593	0.00631	0.04364	0.00929	0.00502	0.01184	0.00701	0.01734	0.00571	0.00670	0.00448	0.00371	0.00258	0.00123	0.00328	0.00225	0.00241	0.00450
23	0.00720	0.00637	0.01057	0.02797	0.30783	0.00630	0.06926	0.00878	0.00820	0.01134	0.01441	0.38584	0.01576	0.03571	0.06378	0.00185	0.00424	0.00725	0.00278	0.00456
24	0.01112	0.01205	0.01384	0.05130	0.04580	0.23745	0.12827	0.08287	0.00937	0.01170	0.00650	0.00887	0.00554	0.00523	0.00773	0.00141	0.35052	0.00345	0.00209	0.00490
25	0.00864	0.00712	0.00835	0.00598	0.00953	0.00536	0.00479	0.01042	0.00842	0.04080	0.00742	0.00850	0.00607	0.00304	0.00301	0.00062	0.00298	0.00243	0.00246	0.85406
26	0.01440	0.00704	0.00881	0.00705	0.00968	0.00670	0.00571	0.12648	0.08412	0.48915	0.14215	0.01689	0.05196	0.00572	0.00417	0.00125	0.00323	0.00472	0.00461	0.00615
27	0.00500	0.00404	0.00418	0.00420	0.00527	0.00351	0.00300	0.00583	0.00848	0.01025	0.03460	0.03626	0.65118	0.18039	0.00790	0.00187	0.00244	0.02496	0.00346	0.00320
28	0.00646	0.00462	0.00646	0.00739	0.00831	0.00462	0.00646	0.00831	0.00923	0.01200	0.02123	0.04524	0.02308	0.01108	0.00554	0.00185	0.00369	0.80704	0.00369	0.00369
29	0.00488	0.00352	0.00463	0.00551	0.00580	0.00326	0.00369	0.00559	0.00775	0.01027	0.02296	0.81871	0.06370	0.01245	0.00510	0.00162	0.00231	0.01127	0.00372	0.00326
30	0.00757	0.00713	0.01203	0.84942	0.02762	0.00891	0.01114	0.01025	0.00802	0.01025	0.00713	0.01069	0.00535	0.00401	0.00401	0.00134	0.00535	0.00356	0.00178	0.00446
31	0.00877	0.01205	0.19742	0.09170	0.02797	0.00985	0.39619	0.01190	0.00859	0.01210	0.00774	0.01086	0.00614	0.00426	0.00563	0.00138	0.12746	0.02595	0.00195	0.03210
32	0.00709	0.04487	0.00846	0.19976	0.08118	0.00602	0.00635	0.01705	0.00929	0.05098	0.21761	0.19354	0.12696	0.00760	0.00444	0.00134	0.00324	0.00669	0.00327	0.00423
33	0.26158	0.21440	0.13970	0.00755	0.01087	0.04834	0.03193	0.01354	0.00882	0.17591	0.04681	0.00947	0.00742	0.00413	0.00324	0.00115	0.00413	0.00299	0.00272	0.00529
34	0.12113	0.40342	0.07329	0.03210	0.09395	0.05132	0.00765	0.04262	0.05072	0.02705	0.02584	0.00850	0.00652	0.00424	0.01583	0.00112	0.00441	0.00277	0.00220	0.02532
35	0.07915	0.00682	0.00699	0.02942	0.00824	0.07079	0.00484	0.04543	0.12735	0.07003	0.07796	0.09466	0.01493	0.24959	0.00876	0.00205	0.00366	0.05876	0.00323	0.03733
36	0.03408	0.14387	0.23581	0.01071	0.10269	0.12289	0.03471	0.03489	0.06448	0.03895	0.06406	0.03665	0.00901	0.01995	0.00401	0.00121	0.00486	0.00363	0.00242	0.03111
37	0.05050	0.15121	0.27329	0.07159	0.01428	0.01765	0.07203	0.02229	0.12114	0.03484	0.00881	0.02678	0.00703	0.02706	0.00438	0.00127	0.03065	0.00345	0.00232	0.05942

[dist]
# distance from previous block
# <min> <max>
2	40

[block]
# block no. 10 follows, 67 sequences, length 7
# corresponding to MSA columns:
# 964-970
name=unknown_K
#
# <colnr> <probs for GDERKNQSTAVLIFYWHMCP>
#	G	D	E	R	K	N	Q	S	T	A	V	L	I	F	Y	W	H	M	C	P
0	0.14095	0.21895	0.13385	0.00726	0.01006	0.05878	0.00686	0.04255	0.05000	0.06197	0.08176	0.12243	0.03806	0.00564	0.00361	0.00120	0.00389	0.00444	0.00281	0.00491
1	0.00824	0.00704	0.00744	0.00682	0.00874	0.00772	0.00527	0.01607	0.54330	0.01517	0.09341	0.02241	0.22786	0.00691	0.00431	0.00135	0.00277	0.00579	0.00402	0.00535
2	0.00832	0.00713	0.00832	0.00594	0.00950	0.00535	0.00475	0.01010	0.00832	0.01307	0.00713	0.00832	0.00594	0.00297	0.00297	0.00059	0.00297	0.00238	0.00238	0.88357
3	0.88738	0.00776	0.00589	0.00527	0.00776	0.00900	0.00434	0.01179	0.00683	0.01799	0.00558	0.00651	0.00434	0.00372	0.00248	0.00124	0.00310	0.00217	0.00248	0.00434
4	0.88738	0.00776	0.00589	0.00527	0.00776	0.00900	0.00434	0.01179	0.00683	0.01799	0.00558	0.00651	0.00434	0.00372	0.00248	0.00124	0.00310	0.00217	0.00248	0.00434
5	0.00751	0.00667	0.00984	0.48902	0.01922	0.00789	0.00849	0.01154	0.16257	0.01224	0.12018	0.04554	0.04113	0.00628	0.03386	0.00152	0.00444	0.00472	0.00272	0.00461
6	0.00487	0.00354	0.00460	0.00546	0.00578	0.00327	0.00367	0.00560	0.00780	0.01029	0.02364	0.78862	0.09335	0.01236	0.00509	0.00161	0.00230	0.01116	0.00372	0.00327

[dist]
# distance from previous block
# <min> <max>
0	0

# created by:
# /st0/software/busco_prod/Augustus/scripts/msa2prfl.pl ./align_prep/38364.fa
