[name]
unknown

[dist]
# distance from previous block
# <min> <max>
21	152

[block]
# block no. 0 follows, 68 sequences, length 12
# corresponding to MSA columns:
# 237-248
name=unknown_A
#
# <colnr> <probs for GDERKNQSTAVLIFYWHMCP>
#	G	D	E	R	K	N	Q	S	T	A	V	L	I	F	Y	W	H	M	C	P
0	0.18705	0.03028	0.09148	0.06788	0.05942	0.05445	0.03295	0.19401	0.09865	0.06008	0.04457	0.01109	0.02967	0.00460	0.00380	0.00123	0.01675	0.00356	0.00299	0.00548
1	0.26357	0.01954	0.06303	0.03306	0.11163	0.00884	0.00703	0.13410	0.08116	0.09570	0.07805	0.01104	0.00907	0.00451	0.00373	0.00121	0.02366	0.00346	0.00305	0.04456
2	0.00929	0.00872	0.01221	0.01117	0.07449	0.01150	0.00867	0.04450	0.00707	0.03541	0.00594	0.00893	0.00552	0.00638	0.01129	0.00161	0.69549	0.00345	0.00196	0.03639
3	0.00983	0.00985	0.07694	0.03106	0.16245	0.02712	0.08732	0.11482	0.30194	0.01550	0.05316	0.03325	0.03759	0.00506	0.00423	0.00129	0.01520	0.00444	0.00314	0.00581
4	0.00541	0.00435	0.00567	0.00521	0.00643	0.00388	0.04393	0.00697	0.01015	0.01351	0.45490	0.06086	0.34652	0.00878	0.00469	0.00130	0.00218	0.00766	0.00396	0.00365
5	0.01018	0.01070	0.04643	0.06297	0.42540	0.16308	0.00971	0.01264	0.04822	0.03542	0.02949	0.03284	0.05511	0.00448	0.00392	0.00117	0.00478	0.00390	0.00235	0.03722
6	0.00918	0.00994	0.08460	0.03005	0.54883	0.04388	0.02969	0.01161	0.02136	0.01254	0.03085	0.05515	0.02491	0.02681	0.00439	0.00126	0.00459	0.00408	0.00219	0.04408
7	0.00741	0.03280	0.03230	0.00946	0.07223	0.00654	0.15286	0.03274	0.08074	0.01239	0.05046	0.35078	0.03210	0.00751	0.00442	0.00133	0.00360	0.00698	0.00306	0.10027
8	0.02781	0.11397	0.01063	0.00903	0.11339	0.05968	0.04162	0.05411	0.02980	0.13636	0.07794	0.10094	0.15363	0.00618	0.00400	0.00119	0.00359	0.00523	0.00321	0.04767
9	0.01073	0.05167	0.04379	0.03625	0.17623	0.07130	0.06018	0.08325	0.06143	0.11019	0.05051	0.01213	0.03971	0.01423	0.00413	0.00114	0.01780	0.00375	0.00284	0.14877
10	0.02644	0.01060	0.06715	0.02316	0.28987	0.10416	0.02803	0.10994	0.11183	0.08337	0.04737	0.01195	0.03287	0.00448	0.00392	0.00119	0.00448	0.00381	0.00287	0.03251
11	0.01125	0.04173	0.01254	0.06144	0.28156	0.04766	0.03683	0.13671	0.08696	0.12111	0.03225	0.02660	0.05455	0.00472	0.00396	0.00120	0.00423	0.00409	0.00302	0.02761

[dist]
# distance from previous block
# <min> <max>
2	23

[block]
# block no. 1 follows, 68 sequences, length 86
# corresponding to MSA columns:
# 272-357
name=unknown_B
#
# <colnr> <probs for GDERKNQSTAVLIFYWHMCP>
#	G	D	E	R	K	N	Q	S	T	A	V	L	I	F	Y	W	H	M	C	P
0	0.04687	0.10688	0.04509	0.01334	0.25323	0.04994	0.07316	0.13689	0.08068	0.06372	0.00987	0.04463	0.02338	0.00444	0.00380	0.00117	0.00444	0.00382	0.00272	0.03193
1	0.02059	0.07113	0.01327	0.02419	0.31498	0.05073	0.01888	0.18071	0.03038	0.10166	0.02861	0.01016	0.00740	0.00411	0.00390	0.00112	0.01905	0.00343	0.00281	0.09291
2	0.02285	0.05887	0.06696	0.06182	0.22512	0.10407	0.02086	0.11489	0.11517	0.07131	0.01099	0.04657	0.04131	0.00474	0.00388	0.00120	0.00451	0.00396	0.00280	0.01813
3	0.03642	0.14233	0.05429	0.02521	0.28124	0.03479	0.02229	0.11388	0.07134	0.11120	0.04036	0.01129	0.02958	0.00434	0.00373	0.00116	0.00427	0.00362	0.00280	0.00587
4	0.03526	0.09640	0.19943	0.01130	0.12208	0.07024	0.04917	0.19455	0.03376	0.05862	0.02129	0.05166	0.00782	0.00460	0.00381	0.00119	0.00476	0.01389	0.00270	0.01747
5	0.02381	0.00751	0.01139	0.03675	0.36953	0.03100	0.03715	0.05148	0.00891	0.01241	0.03913	0.19117	0.02409	0.00928	0.11640	0.00198	0.01501	0.00545	0.00256	0.00497
6	0.03284	0.00944	0.01245	0.20963	0.17483	0.01051	0.02040	0.35967	0.07204	0.01777	0.00879	0.01011	0.00659	0.00434	0.00407	0.00123	0.01827	0.00358	0.00294	0.02050
7	0.68904	0.00827	0.00702	0.00598	0.00857	0.02241	0.00492	0.12800	0.00884	0.07628	0.00681	0.00739	0.00504	0.00393	0.00279	0.00122	0.00334	0.00249	0.00284	0.00482
8	0.00514	0.00402	0.00466	0.00454	0.00565	0.00354	0.00339	0.00656	0.01007	0.01324	0.42859	0.05725	0.42084	0.00916	0.00469	0.00130	0.00195	0.00786	0.00402	0.00354
9	0.00487	0.00394	0.00434	0.00445	0.00555	0.00340	0.00328	0.00597	0.00913	0.01142	0.15696	0.17004	0.57106	0.01015	0.00476	0.00138	0.00206	0.02006	0.00378	0.00339
10	0.00567	0.00424	0.00631	0.00631	0.00700	0.00492	0.00488	0.00704	0.00635	0.00916	0.01068	0.01588	0.01005	0.05439	0.82047	0.00630	0.01042	0.00429	0.00213	0.00351
11	0.00514	0.00401	0.00467	0.00456	0.00565	0.00353	0.00340	0.00655	0.01003	0.01320	0.42384	0.07361	0.40917	0.00922	0.00470	0.00131	0.00196	0.00793	0.00401	0.00353
12	0.58601	0.00886	0.00793	0.00657	0.00927	0.01007	0.00542	0.29264	0.01087	0.02028	0.00691	0.00751	0.00514	0.00405	0.00298	0.00121	0.00352	0.00264	0.00298	0.00514
13	0.00786	0.00766	0.01186	0.80795	0.02654	0.05173	0.01084	0.01042	0.00810	0.01011	0.00700	0.01040	0.00528	0.00397	0.00394	0.00131	0.00538	0.00347	0.00178	0.00441
14	0.00479	0.00360	0.00445	0.00513	0.00565	0.00325	0.00351	0.00557	0.00797	0.01028	0.02665	0.64339	0.23781	0.01180	0.00496	0.00154	0.00222	0.01051	0.00368	0.00325
15	0.00822	0.00705	0.00822	0.00587	0.00940	0.00529	0.00470	0.00998	0.00822	0.01292	0.00705	0.00822	0.00587	0.00294	0.00294	0.00059	0.00294	0.00235	0.00235	0.88490
16	0.00966	0.06102	0.06000	0.01398	0.19345	0.06459	0.11811	0.04383	0.00827	0.01151	0.00677	0.02647	0.00602	0.00517	0.00765	0.00141	0.35136	0.00364	0.00196	0.00512
17	0.78684	0.00768	0.00660	0.02313	0.00849	0.00888	0.02447	0.02295	0.00704	0.01719	0.00619	0.02357	0.00509	0.00404	0.00290	0.00126	0.02317	0.01372	0.00247	0.00433
18	0.00572	0.00383	0.00434	0.00438	0.00439	0.00382	0.00246	0.00575	0.00585	0.00780	0.01291	0.06331	0.01494	0.82257	0.01950	0.00374	0.00377	0.00601	0.00246	0.00244
19	0.00810	0.01032	0.16216	0.01154	0.04483	0.00961	0.17202	0.01031	0.00732	0.01078	0.00732	0.01049	0.00635	0.01022	0.18086	0.00250	0.32490	0.00378	0.00187	0.00472
20	0.00795	0.02051	0.84011	0.01130	0.01716	0.00921	0.01465	0.01256	0.00837	0.01256	0.00712	0.00837	0.00502	0.00377	0.00377	0.00126	0.00586	0.00293	0.00167	0.00586
21	0.01000	0.04373	0.04884	0.27708	0.22953	0.02267	0.02116	0.11373	0.00999	0.07767	0.03047	0.01148	0.02443	0.01887	0.01611	0.00132	0.00473	0.00369	0.00248	0.03202
22	0.00809	0.01958	0.76270	0.01181	0.01750	0.00929	0.09113	0.01257	0.00846	0.01257	0.00720	0.00859	0.00512	0.00373	0.00385	0.00126	0.00594	0.00310	0.00171	0.00581
23	0.00563	0.00390	0.00527	0.00610	0.00664	0.00372	0.00459	0.00671	0.00820	0.03014	0.02181	0.56034	0.04160	0.01172	0.00516	0.00166	0.00275	0.26691	0.00370	0.00344
24	0.01149	0.00956	0.03691	0.18295	0.29042	0.02302	0.00979	0.24632	0.02339	0.08668	0.00893	0.02204	0.00681	0.00432	0.00412	0.00123	0.01960	0.00367	0.00280	0.00596
25	0.04563	0.00947	0.03741	0.11876	0.51657	0.02679	0.02742	0.02753	0.10964	0.02962	0.00857	0.01037	0.00681	0.00388	0.00389	0.00122	0.00461	0.00359	0.00230	0.00593
26	0.00566	0.00425	0.00637	0.00637	0.00708	0.00496	0.00496	0.00708	0.00637	0.00920	0.01062	0.01558	0.00991	0.02974	0.84494	0.00637	0.01062	0.00425	0.00212	0.00354
27	0.00577	0.00384	0.00432	0.00432	0.00432	0.00384	0.00240	0.00577	0.00577	0.00769	0.01249	0.02595	0.01441	0.86066	0.02018	0.00384	0.00384	0.00577	0.00240	0.00240
28	0.11284	0.02817	0.01216	0.01027	0.07774	0.07247	0.06864	0.41929	0.05966	0.08619	0.00932	0.00966	0.00677	0.00440	0.00379	0.00120	0.00447	0.00347	0.00338	0.00611
29	0.00936	0.01070	0.02340	0.01671	0.02072	0.01003	0.82152	0.01270	0.00936	0.01270	0.00802	0.01070	0.00602	0.00334	0.00468	0.00134	0.00668	0.00468	0.00201	0.00535
30	0.00577	0.00384	0.00432	0.00432	0.00432	0.00384	0.00240	0.00577	0.00577	0.00769	0.01249	0.02595	0.01441	0.86066	0.02018	0.00384	0.00384	0.00577	0.00240	0.00240
31	0.88866	0.00767	0.00583	0.00521	0.00767	0.00889	0.00429	0.01166	0.00675	0.01779	0.00552	0.00644	0.00429	0.00368	0.00245	0.00123	0.00307	0.00215	0.00245	0.00429
32	0.01054	0.58803	0.14931	0.00774	0.01140	0.05287	0.00797	0.02452	0.04545	0.03395	0.00667	0.00740	0.00558	0.00362	0.00293	0.00095	0.00452	0.00246	0.00196	0.03214
33	0.00478	0.00382	0.00429	0.00459	0.00552	0.00332	0.00328	0.00572	0.00864	0.01076	0.07348	0.32628	0.51001	0.01078	0.00482	0.00143	0.00210	0.00933	0.00372	0.00332
34	0.00902	0.00819	0.02471	0.07078	0.28430	0.00854	0.00820	0.06756	0.27515	0.01433	0.02612	0.06803	0.10668	0.00562	0.00413	0.00129	0.00373	0.00493	0.00309	0.00561
35	0.00943	0.03815	0.19104	0.29093	0.07700	0.15999	0.12746	0.01220	0.00891	0.01117	0.01644	0.00950	0.00573	0.00391	0.00410	0.00124	0.02251	0.00339	0.00187	0.00503
36	0.00588	0.00399	0.00519	0.00535	0.00610	0.00370	0.00383	0.01991	0.00955	0.04811	0.37245	0.41915	0.06170	0.01003	0.00482	0.00142	0.00218	0.00896	0.00403	0.00366
37	0.01985	0.00760	0.01203	0.64639	0.14884	0.03236	0.01059	0.01040	0.00823	0.01068	0.00876	0.01171	0.04777	0.00421	0.00396	0.00129	0.00505	0.00373	0.00191	0.00464
38	0.00495	0.00357	0.00469	0.00544	0.00582	0.00332	0.00373	0.00580	0.00808	0.01078	0.10406	0.70822	0.07059	0.01182	0.00501	0.00157	0.00228	0.03324	0.00375	0.00329
39	0.01590	0.00911	0.01061	0.00812	0.01126	0.00929	0.00670	0.45246	0.01515	0.36315	0.01196	0.01112	0.00798	0.00474	0.00393	0.00118	0.00389	0.00369	0.00429	0.04547
40	0.00749	0.00705	0.01189	0.85113	0.02731	0.00881	0.01101	0.01013	0.00793	0.01013	0.00705	0.01057	0.00529	0.00396	0.00396	0.00132	0.00529	0.00352	0.00176	0.00440
41	0.01482	0.01868	0.01125	0.01018	0.01226	0.82111	0.00766	0.03874	0.01145	0.01014	0.00622	0.00722	0.00515	0.00410	0.00359	0.00103	0.00707	0.00258	0.00210	0.00466
42	0.00977	0.00938	0.01602	0.03868	0.82189	0.00941	0.01215	0.01213	0.00901	0.01290	0.00745	0.00983	0.00626	0.00354	0.00393	0.00118	0.00472	0.00353	0.00196	0.00625
43	0.00935	0.00888	0.01475	0.06558	0.70105	0.00899	0.01123	0.01201	0.04272	0.01290	0.02530	0.01189	0.04958	0.00405	0.00399	0.00120	0.00448	0.00389	0.00217	0.00598
44	0.01057	0.00897	0.00936	0.00823	0.01058	0.02101	0.00645	0.11997	0.71812	0.01753	0.01519	0.01404	0.01135	0.00529	0.00402	0.00132	0.00334	0.00434	0.00400	0.00631
45	0.84394	0.00762	0.00600	0.00531	0.00779	0.00874	0.00437	0.01205	0.00698	0.05994	0.00604	0.00680	0.00458	0.00374	0.00253	0.00123	0.00308	0.00224	0.00258	0.00442
46	0.01317	0.01359	0.02412	0.07764	0.24198	0.40620	0.00902	0.03441	0.01053	0.12062	0.00792	0.00906	0.00611	0.00404	0.00377	0.00112	0.00575	0.00312	0.00242	0.00540
47	0.01466	0.01085	0.01165	0.00904	0.01212	0.01201	0.00746	0.77078	0.05157	0.02434	0.01006	0.01056	0.00734	0.00493	0.00400	0.00121	0.00430	0.02252	0.00396	0.00665
48	0.00872	0.00830	0.01411	0.41413	0.45470	0.00913	0.01162	0.01121	0.00851	0.01162	0.00726	0.01017	0.00581	0.00374	0.00394	0.00125	0.00498	0.00353	0.00187	0.00540
49	0.00867	0.00867	0.01214	0.01041	0.01041	0.01214	0.00867	0.00954	0.00607	0.00954	0.00520	0.00867	0.00520	0.00694	0.01301	0.00173	0.85340	0.00347	0.00173	0.00434
50	0.00568	0.00420	0.00615	0.00615	0.00678	0.00484	0.00468	0.00694	0.00631	0.00904	0.01082	0.01670	0.01040	0.12003	0.75532	0.00610	0.00988	0.00441	0.00215	0.00342
51	0.60282	0.00737	0.00693	0.00582	0.00847	0.00789	0.00480	0.01417	0.00826	0.28722	0.00884	0.00876	0.00611	0.00408	0.00296	0.00123	0.00317	0.00275	0.00326	0.00510
52	0.00581	0.00400	0.00477	0.00473	0.00483	0.00417	0.00288	0.00602	0.00586	0.00793	0.01209	0.02417	0.01361	0.72953	0.13274	0.00415	0.02227	0.00551	0.00235	0.00260
53	0.00499	0.00398	0.00448	0.00452	0.00562	0.00347	0.00337	0.00621	0.00946	0.01203	0.24343	0.12054	0.52168	0.00981	0.00474	0.00136	0.00205	0.03098	0.00386	0.00344
54	0.00807	0.01976	0.78028	0.01188	0.03724	0.00925	0.05391	0.01255	0.00844	0.01257	0.00717	0.00852	0.00510	0.00374	0.00382	0.00126	0.00587	0.00303	0.00170	0.00584
55	0.00576	0.00386	0.00440	0.00440	0.00443	0.00389	0.00250	0.00582	0.00579	0.00775	0.01242	0.02555	0.01424	0.82862	0.05198	0.00394	0.00411	0.00571	0.00239	0.00245
56	0.01012	0.08577	0.17426	0.01005	0.11242	0.02099	0.04925	0.03522	0.04778	0.17166	0.19366	0.01563	0.04567	0.00521	0.00402	0.00121	0.00396	0.00446	0.00320	0.00544
57	0.01272	0.08936	0.07785	0.00981	0.01228	0.37480	0.02790	0.16921	0.05343	0.01324	0.00744	0.01843	0.00606	0.00461	0.00476	0.00117	0.10619	0.00310	0.00244	0.00521
58	0.02209	0.00733	0.03009	0.02223	0.33547	0.00714	0.00795	0.01042	0.03411	0.04193	0.09292	0.08170	0.02272	0.04301	0.10328	0.00192	0.04301	0.00466	0.00260	0.08544
59	0.01966	0.32584	0.40486	0.05271	0.01467	0.02902	0.03743	0.01223	0.00829	0.02467	0.00666	0.00796	0.00523	0.00404	0.01410	0.00118	0.02152	0.00275	0.00177	0.00540
60	0.00856	0.36397	0.01202	0.00587	0.00803	0.00896	0.00515	0.01025	0.02312	0.07079	0.35852	0.01912	0.07918	0.00600	0.00373	0.00109	0.00300	0.00487	0.00323	0.00453
61	0.06244	0.00691	0.00910	0.00701	0.01005	0.00615	0.00579	0.03991	0.01130	0.77526	0.01496	0.01303	0.00945	0.00484	0.00391	0.00123	0.00338	0.00388	0.00476	0.00662
62	0.00927	0.00901	0.03432	0.04673	0.46794	0.04087	0.11477	0.01157	0.00933	0.04099	0.09877	0.06949	0.01116	0.00477	0.00418	0.00124	0.00458	0.01303	0.00245	0.00553
63	0.00515	0.00403	0.00467	0.00451	0.00564	0.00355	0.00338	0.00660	0.01014	0.01334	0.44196	0.03383	0.43088	0.00906	0.00468	0.00129	0.00194	0.00776	0.00403	0.00355
64	0.01671	0.00651	0.00886	0.00687	0.00975	0.00564	0.00564	0.01827	0.01134	0.76574	0.08816	0.01492	0.01226	0.00519	0.00405	0.00123	0.00324	0.00427	0.00486	0.00648
65	0.01332	0.00845	0.03062	0.01070	0.02578	0.00771	0.28741	0.05476	0.01057	0.39915	0.02564	0.01242	0.00857	0.00477	0.01673	0.00134	0.02541	0.00421	0.04649	0.00593
66	0.00842	0.16812	0.69656	0.01051	0.01594	0.01034	0.01327	0.01244	0.00832	0.01199	0.00683	0.00802	0.00503	0.00370	0.00355	0.00118	0.00558	0.00279	0.00168	0.00572
67	0.01097	0.00859	0.00923	0.00807	0.01046	0.00973	0.00635	0.08903	0.69103	0.08659	0.01553	0.01424	0.01145	0.00529	0.00402	0.00132	0.00326	0.00436	0.00410	0.00636
68	0.00639	0.00456	0.00639	0.00730	0.00821	0.00456	0.00639	0.00821	0.00913	0.01187	0.02099	0.04472	0.02282	0.01095	0.00548	0.00183	0.00365	0.80924	0.00365	0.00365
69	0.01375	0.09612	0.01222	0.00992	0.01186	0.67667	0.00769	0.01478	0.01038	0.00965	0.00597	0.00724	0.00512	0.00433	0.00451	0.00108	0.09950	0.00261	0.00198	0.00461
70	0.01481	0.01890	0.01124	0.01021	0.01226	0.84474	0.00766	0.01583	0.01124	0.00970	0.00613	0.00715	0.00511	0.00409	0.00358	0.00102	0.00715	0.00255	0.00204	0.00460
71	0.00566	0.00425	0.00637	0.00637	0.00708	0.00496	0.00496	0.00708	0.00637	0.00920	0.01062	0.01558	0.00991	0.02974	0.84494	0.00637	0.01062	0.00425	0.00212	0.00354
72	0.00483	0.00345	0.00460	0.00552	0.00575	0.00322	0.00368	0.00552	0.00759	0.01012	0.02185	0.85807	0.02622	0.01242	0.00506	0.00161	0.00230	0.01127	0.00368	0.00322
73	0.00487	0.00359	0.00456	0.00524	0.00570	0.00328	0.00358	0.00570	0.00811	0.01067	0.08885	0.66155	0.15637	0.01170	0.00497	0.00154	0.00222	0.01048	0.00373	0.00328
74	0.00586	0.00409	0.00527	0.00570	0.00614	0.00410	0.00421	0.00676	0.00742	0.00987	0.04396	0.13550	0.01934	0.36439	0.07045	0.00294	0.00399	0.29388	0.00305	0.00308
75	0.78103	0.00908	0.01990	0.00585	0.00831	0.09822	0.00482	0.01212	0.00725	0.01684	0.00561	0.00655	0.00439	0.00373	0.00259	0.00121	0.00355	0.00220	0.00240	0.00435
76	0.00899	0.00920	0.01210	0.01040	0.01050	0.05490	0.00862	0.00987	0.00634	0.00955	0.00525	0.00860	0.00520	0.00679	0.01253	0.00170	0.80995	0.00342	0.00175	0.00435
77	0.00514	0.00399	0.00569	0.00606	0.00667	0.00369	0.05081	0.00607	0.00794	0.01042	0.02330	0.67111	0.12576	0.01154	0.00501	0.00157	0.00258	0.04569	0.00358	0.00338
78	0.00481	0.00352	0.00453	0.00534	0.00570	0.00324	0.00360	0.00554	0.00776	0.01019	0.02404	0.76002	0.12286	0.01214	0.00502	0.00158	0.00227	0.01092	0.00368	0.00324
79	0.00948	0.00958	0.01781	0.09494	0.53171	0.00954	0.24342	0.01214	0.00903	0.01263	0.00758	0.01013	0.00612	0.00352	0.00414	0.00124	0.00533	0.00386	0.00196	0.00585
80	0.00618	0.00405	0.00495	0.00471	0.00567	0.00386	0.00354	0.00823	0.02750	0.01562	0.59767	0.02535	0.02961	0.00712	0.00415	0.00116	0.00189	0.00619	0.23879	0.00378
81	0.00918	0.01088	0.17277	0.13668	0.11012	0.04436	0.08513	0.08320	0.02387	0.03831	0.10277	0.01269	0.02955	0.00533	0.01867	0.00139	0.10339	0.00405	0.00248	0.00519
82	0.00662	0.00450	0.00611	0.02963	0.00732	0.01281	0.02397	0.00809	0.00966	0.08302	0.38322	0.29680	0.05164	0.00974	0.03035	0.00154	0.00271	0.02448	0.00393	0.00387
83	0.00516	0.00376	0.00486	0.00523	0.00584	0.00347	0.00371	0.00636	0.00915	0.01243	0.33493	0.44664	0.10225	0.01052	0.00489	0.00145	0.00214	0.02981	0.00394	0.00344
84	0.03911	0.06965	0.24128	0.01873	0.01239	0.03077	0.03182	0.05858	0.00906	0.04972	0.00744	0.00846	0.00573	0.00347	0.00331	0.00092	0.00420	0.00272	0.00230	0.40037
85	0.01074	0.05820	0.13808	0.01504	0.32625	0.23459	0.01002	0.02454	0.04797	0.01220	0.02787	0.00981	0.02056	0.00401	0.00373	0.00112	0.00525	0.00326	0.00216	0.04463

[dist]
# distance from previous block
# <min> <max>
1	10

[block]
# block no. 2 follows, 68 sequences, length 6
# corresponding to MSA columns:
# 368-373
name=unknown_C
#
# <colnr> <probs for GDERKNQSTAVLIFYWHMCP>
#	G	D	E	R	K	N	Q	S	T	A	V	L	I	F	Y	W	H	M	C	P
0	0.00785	0.00728	0.00922	0.04823	0.05753	0.03573	0.00663	0.05610	0.00812	0.01099	0.04358	0.01877	0.21492	0.09845	0.00961	0.00174	0.35352	0.00505	0.00254	0.00413
1	0.00933	0.16203	0.37631	0.01306	0.18531	0.03338	0.05627	0.04006	0.00893	0.01246	0.00701	0.00845	0.00547	0.00362	0.00359	0.00112	0.00518	0.00299	0.00189	0.06356
2	0.01103	0.21980	0.05841	0.04653	0.25549	0.09917	0.04635	0.09069	0.00995	0.06293	0.00838	0.05875	0.00718	0.00430	0.00365	0.00113	0.00477	0.00359	0.00236	0.00556
3	0.00611	0.00448	0.00557	0.00599	0.00668	0.00444	0.00429	0.08484	0.03828	0.01214	0.05339	0.63576	0.05222	0.01109	0.00492	0.00155	0.00258	0.05821	0.00375	0.00372
4	0.00637	0.00479	0.00639	0.00743	0.11331	0.00500	0.00423	0.00688	0.00633	0.00869	0.01169	0.05212	0.01296	0.60011	0.10042	0.00359	0.03882	0.00543	0.00234	0.00313
5	0.01012	0.06610	0.03542	0.06866	0.38489	0.07488	0.03574	0.09355	0.02904	0.01345	0.04872	0.01115	0.03064	0.00434	0.00437	0.00119	0.05193	0.00369	0.00235	0.02976

[dist]
# distance from previous block
# <min> <max>
0	3

[block]
# block no. 3 follows, 68 sequences, length 8
# corresponding to MSA columns:
# 377-384
name=unknown_D
#
# <colnr> <probs for GDERKNQSTAVLIFYWHMCP>
#	G	D	E	R	K	N	Q	S	T	A	V	L	I	F	Y	W	H	M	C	P
0	0.03032	0.05842	0.03035	0.05034	0.35106	0.19237	0.08220	0.01299	0.04033	0.01192	0.00721	0.00910	0.00596	0.00392	0.00435	0.00117	0.05980	0.00328	0.00205	0.04288
1	0.02581	0.00779	0.01150	0.40875	0.12756	0.02627	0.03216	0.09519	0.02841	0.03323	0.03921	0.03230	0.02344	0.00485	0.00406	0.00129	0.00462	0.05270	0.00248	0.03840
2	0.04390	0.00779	0.01083	0.04004	0.25549	0.04299	0.03666	0.04720	0.02392	0.16883	0.14065	0.01518	0.04586	0.02687	0.03353	0.00143	0.00409	0.00437	0.00314	0.04722
3	0.00587	0.00419	0.00515	0.00510	0.00522	0.00449	0.00327	0.00618	0.00601	0.00821	0.01247	0.08730	0.01408	0.62093	0.13679	0.00390	0.05984	0.00582	0.00242	0.00275
4	0.00944	0.00888	0.02856	0.09580	0.34959	0.03210	0.09130	0.07713	0.07193	0.02673	0.10704	0.01448	0.03997	0.00478	0.00416	0.00125	0.00443	0.02421	0.00269	0.00553
5	0.00814	0.03551	0.31037	0.03809	0.03084	0.00744	0.05432	0.04565	0.03413	0.04654	0.17994	0.05079	0.03538	0.02952	0.00448	0.00128	0.00420	0.00456	0.00277	0.07605
6	0.00965	0.04259	0.00848	0.00758	0.04795	0.09808	0.00556	0.09824	0.11216	0.08900	0.08634	0.08771	0.12535	0.07929	0.00553	0.00147	0.00360	0.04580	0.00342	0.04223
7	0.05151	0.10030	0.01162	0.00955	0.13149	0.00813	0.04490	0.07160	0.04403	0.04103	0.00787	0.00904	0.00635	0.00418	0.02664	0.00103	0.00386	0.00289	0.00248	0.42152

[dist]
# distance from previous block
# <min> <max>
1	15

[block]
# block no. 4 follows, 68 sequences, length 7
# corresponding to MSA columns:
# 400-406
name=unknown_E
#
# <colnr> <probs for GDERKNQSTAVLIFYWHMCP>
#	G	D	E	R	K	N	Q	S	T	A	V	L	I	F	Y	W	H	M	C	P
0	0.01000	0.04028	0.24756	0.03794	0.39835	0.03001	0.06742	0.06314	0.00956	0.04704	0.00776	0.00944	0.00599	0.00374	0.00389	0.00120	0.00515	0.00339	0.00212	0.00602
1	0.04693	0.14942	0.14259	0.03158	0.11911	0.01055	0.07068	0.13934	0.11763	0.01472	0.03366	0.01135	0.00808	0.00447	0.00402	0.00120	0.03052	0.03242	0.00261	0.02913
2	0.02320	0.00541	0.01954	0.01921	0.02022	0.00521	0.00470	0.08844	0.03437	0.10796	0.08971	0.05179	0.04933	0.00988	0.00956	0.42272	0.00331	0.00442	0.00285	0.02814
3	0.03783	0.09590	0.27450	0.01260	0.17872	0.11878	0.02547	0.03929	0.03232	0.10376	0.00807	0.00909	0.00608	0.00404	0.00402	0.00119	0.03720	0.00313	0.00231	0.00573
4	0.00908	0.10189	0.20765	0.09793	0.22197	0.04794	0.05034	0.02937	0.04489	0.02697	0.04453	0.05977	0.03143	0.00465	0.00389	0.00122	0.00476	0.00404	0.00229	0.00540
5	0.00586	0.00438	0.00592	0.03715	0.06298	0.00426	0.00458	0.00728	0.04514	0.03009	0.05875	0.56746	0.09371	0.04620	0.00546	0.00160	0.00265	0.00932	0.00352	0.00369
6	0.00942	0.01053	0.08982	0.01635	0.32964	0.06168	0.20527	0.05887	0.00993	0.01349	0.09203	0.03636	0.03928	0.00455	0.00421	0.00124	0.00498	0.00445	0.00242	0.00549

[dist]
# distance from previous block
# <min> <max>
0	1

[block]
# block no. 5 follows, 68 sequences, length 20
# corresponding to MSA columns:
# 408-427
name=unknown_F
#
# <colnr> <probs for GDERKNQSTAVLIFYWHMCP>
#	G	D	E	R	K	N	Q	S	T	A	V	L	I	F	Y	W	H	M	C	P
0	0.04411	0.02531	0.09728	0.21010	0.35275	0.06960	0.02877	0.03969	0.03010	0.03162	0.00798	0.03090	0.00648	0.00404	0.00386	0.00122	0.00496	0.00358	0.00214	0.00551
1	0.01203	0.04020	0.03135	0.00731	0.00941	0.00667	0.05083	0.06662	0.00955	0.35716	0.03143	0.01606	0.01062	0.17580	0.07415	0.02516	0.04536	0.02173	0.00348	0.00509
2	0.01036	0.06301	0.24276	0.02748	0.15489	0.13018	0.08211	0.04186	0.00962	0.08057	0.02623	0.03234	0.02611	0.00462	0.00409	0.00123	0.01912	0.03558	0.00239	0.00546
3	0.01122	0.09367	0.20648	0.01256	0.16615	0.03168	0.10334	0.09449	0.02361	0.15853	0.00979	0.02454	0.01905	0.00476	0.02160	0.00131	0.00497	0.00368	0.00269	0.00589
4	0.01052	0.00998	0.01438	0.18201	0.39002	0.10191	0.07834	0.08172	0.00996	0.04732	0.00819	0.03295	0.00666	0.00407	0.00399	0.00122	0.00511	0.00375	0.00228	0.00562
5	0.00877	0.00881	0.01324	0.14123	0.23132	0.05523	0.08015	0.01051	0.00792	0.01090	0.00882	0.07220	0.03635	0.00563	0.00713	0.00143	0.28916	0.00429	0.00205	0.00485
6	0.01072	0.08652	0.22301	0.02680	0.14618	0.02699	0.11114	0.08323	0.04726	0.13155	0.02466	0.03585	0.01938	0.00440	0.00393	0.00122	0.00481	0.00385	0.00268	0.00581
7	0.01081	0.06043	0.20005	0.02819	0.26462	0.05983	0.09534	0.06747	0.00985	0.11678	0.00899	0.04411	0.00710	0.00421	0.00393	0.00121	0.00502	0.00375	0.00246	0.00585
8	0.00905	0.00810	0.01365	0.43600	0.39100	0.00894	0.01127	0.01151	0.00860	0.05300	0.00766	0.01038	0.00596	0.00382	0.00395	0.00125	0.00493	0.00355	0.00201	0.00537
9	0.00861	0.00798	0.07246	0.02342	0.07930	0.04162	0.15578	0.02573	0.00934	0.09942	0.10218	0.13137	0.07422	0.07407	0.00575	0.00156	0.00414	0.07537	0.00309	0.00461
10	0.01105	0.02852	0.22287	0.01338	0.17012	0.06826	0.13513	0.07393	0.04186	0.13372	0.00924	0.02787	0.00698	0.00427	0.00431	0.00125	0.03508	0.00373	0.00258	0.00586
11	0.03303	0.01143	0.15626	0.09278	0.41310	0.05576	0.07291	0.03044	0.00929	0.04525	0.03681	0.01030	0.00708	0.00387	0.00393	0.00121	0.00504	0.00357	0.00216	0.00576
12	0.00487	0.00348	0.00464	0.00549	0.00576	0.00325	0.00368	0.00562	0.00777	0.01041	0.06262	0.81647	0.02679	0.01221	0.00504	0.00159	0.00228	0.01107	0.00371	0.00325
13	0.03475	0.03052	0.04694	0.04432	0.44881	0.02595	0.08154	0.07104	0.03272	0.10345	0.01843	0.01096	0.02447	0.00403	0.00394	0.00120	0.00464	0.00374	0.00254	0.00600
14	0.01122	0.12307	0.22048	0.04168	0.13239	0.02487	0.07847	0.17654	0.04938	0.09128	0.00871	0.00958	0.00643	0.00404	0.00378	0.00119	0.00490	0.00337	0.00263	0.00598
15	0.01105	0.00739	0.01119	0.01309	0.28402	0.00729	0.03565	0.07864	0.01003	0.22833	0.01337	0.19418	0.01219	0.00633	0.00459	0.00134	0.03229	0.04012	0.00333	0.00557
16	0.83777	0.00832	0.00614	0.00551	0.00794	0.05757	0.00449	0.01190	0.00701	0.01732	0.00556	0.00648	0.00434	0.00370	0.00252	0.00121	0.00330	0.00217	0.00243	0.00431
17	0.00482	0.00400	0.00405	0.00405	0.00523	0.00341	0.00294	0.00570	0.00865	0.01035	0.03685	0.03669	0.73608	0.11196	0.00654	0.00164	0.00223	0.00806	0.00353	0.00323
18	0.01139	0.47428	0.12527	0.00871	0.02854	0.18685	0.02101	0.03162	0.03486	0.03518	0.00665	0.00748	0.00552	0.00373	0.00310	0.00099	0.00505	0.00255	0.00200	0.00524
19	0.00568	0.00400	0.00525	0.00529	0.00561	0.00431	0.00359	0.00634	0.00612	0.00847	0.01210	0.05996	0.01297	0.45271	0.38534	0.00486	0.00678	0.00535	0.00234	0.00295

[dist]
# distance from previous block
# <min> <max>
0	34

# created by:
# /st0/software/busco_prod/Augustus/scripts/msa2prfl.pl ./align_prep/38422.fa
