[name]
unknown

[dist]
# distance from previous block
# <min> <max>
0	43

[block]
# block no. 0 follows, 63 sequences, length 26
# corresponding to MSA columns:
# 43-68
name=unknown_A
#
# <colnr> <probs for GDERKNQSTAVLIFYWHMCP>
#	G	D	E	R	K	N	Q	S	T	A	V	L	I	F	Y	W	H	M	C	P
0	0.00612	0.00438	0.00544	0.00545	0.00642	0.00405	0.00412	0.00760	0.01020	0.02987	0.38386	0.06875	0.19808	0.11211	0.00709	0.00179	0.00262	0.13422	0.00408	0.00373
1	0.01175	0.05422	0.03286	0.10941	0.30950	0.14364	0.07492	0.08643	0.08076	0.04295	0.00887	0.01046	0.00694	0.00421	0.00411	0.00126	0.00542	0.00369	0.00255	0.00606
2	0.00604	0.00468	0.00589	0.05476	0.00772	0.00450	0.00439	0.00831	0.05350	0.01493	0.50935	0.08644	0.20589	0.00894	0.00491	0.00138	0.00233	0.00779	0.00424	0.00402
3	0.01071	0.01063	0.01405	0.03909	0.43935	0.10822	0.03464	0.01535	0.21090	0.01416	0.02428	0.01284	0.03773	0.00463	0.00421	0.00129	0.00482	0.00415	0.00274	0.00621
4	0.00666	0.00470	0.00591	0.00551	0.00665	0.00443	0.00415	0.05041	0.01189	0.03258	0.65587	0.07857	0.08338	0.00867	0.00489	0.00134	0.00219	0.00760	0.02044	0.00414
5	0.00852	0.02005	0.73832	0.01135	0.01706	0.00950	0.01434	0.01366	0.05674	0.01369	0.00844	0.00964	0.00606	0.00414	0.00395	0.00132	0.00582	0.00325	0.04804	0.00612
6	0.00641	0.05526	0.04924	0.00529	0.00586	0.00503	0.00368	0.00684	0.00665	0.00885	0.01376	0.12891	0.01575	0.65155	0.01735	0.00344	0.00401	0.00646	0.00263	0.00302
7	0.00679	0.00506	0.00644	0.05587	0.00847	0.00519	0.00496	0.10091	0.04475	0.01287	0.02045	0.66568	0.02343	0.01137	0.00511	0.00162	0.00292	0.01020	0.00383	0.00407
8	0.88196	0.00813	0.00618	0.00553	0.00813	0.00943	0.00455	0.01236	0.00715	0.01886	0.00585	0.00683	0.00455	0.00390	0.00260	0.00130	0.00325	0.00228	0.00260	0.00455
9	0.88196	0.00813	0.00618	0.00553	0.00813	0.00943	0.00455	0.01236	0.00715	0.01886	0.00585	0.00683	0.00455	0.00390	0.00260	0.00130	0.00325	0.00228	0.00260	0.00455
10	0.00520	0.00372	0.00497	0.00595	0.00623	0.00349	0.00405	0.00600	0.00813	0.01082	0.02312	0.80918	0.02762	0.01309	0.00539	0.00172	0.00251	0.05147	0.00390	0.00344
11	0.01078	0.70121	0.10822	0.00800	0.01160	0.01561	0.00824	0.01248	0.00842	0.01028	0.00600	0.00716	0.00540	0.00392	0.00368	0.00102	0.06832	0.00245	0.00180	0.00542
12	0.01001	0.00675	0.00998	0.00802	0.01021	0.00643	0.12480	0.08916	0.03783	0.16855	0.40997	0.02311	0.06325	0.00688	0.00473	0.00133	0.00334	0.00618	0.00428	0.00519
13	0.00529	0.00434	0.00468	0.00467	0.00595	0.00379	0.00347	0.00677	0.03090	0.01241	0.17428	0.09957	0.60845	0.01036	0.00498	0.00142	0.00216	0.00878	0.00404	0.00369
14	0.00776	0.00525	0.00591	0.00542	0.00605	0.00538	0.00351	0.12123	0.00865	0.02776	0.07920	0.02509	0.01602	0.64585	0.01726	0.00339	0.00397	0.00587	0.00301	0.00341
15	0.22708	0.08498	0.07826	0.01006	0.05008	0.18095	0.05948	0.08254	0.07135	0.04528	0.00798	0.00899	0.00622	0.00447	0.00432	0.00127	0.06544	0.00316	0.00263	0.00547
16	0.14252	0.04749	0.01285	0.01412	0.27743	0.10772	0.00878	0.15255	0.01062	0.01535	0.00787	0.01048	0.00675	0.06873	0.00619	0.00150	0.09735	0.00352	0.00254	0.00562
17	0.07490	0.05216	0.10433	0.01198	0.08218	0.00841	0.27197	0.01164	0.01008	0.04077	0.22938	0.01735	0.05563	0.00540	0.00447	0.00133	0.00466	0.00520	0.00296	0.00520
18	0.00900	0.00768	0.01281	0.70230	0.10240	0.00916	0.01137	0.01168	0.00879	0.07300	0.00820	0.01137	0.00607	0.00424	0.00420	0.00138	0.00539	0.00377	0.00214	0.00504
19	0.00938	0.02880	0.22575	0.01284	0.17549	0.02774	0.05543	0.08103	0.10375	0.01500	0.11470	0.03243	0.03146	0.00697	0.05919	0.00168	0.00516	0.00456	0.00285	0.00578
20	0.00783	0.00697	0.00946	0.00854	0.00908	0.00887	0.00686	0.03919	0.02589	0.01094	0.01303	0.09347	0.09747	0.01409	0.20758	0.02570	0.40303	0.00524	0.00250	0.00424
21	0.01057	0.03213	0.06008	0.02693	0.44525	0.05129	0.04875	0.07250	0.10592	0.01501	0.07102	0.01279	0.00995	0.00457	0.00423	0.00128	0.00482	0.01398	0.00269	0.00624
22	0.00650	0.06856	0.00639	0.00537	0.00645	0.00476	0.00404	0.00794	0.00988	0.03400	0.31803	0.26986	0.13093	0.00935	0.00467	0.00138	0.00236	0.00816	0.09742	0.00393
23	0.01093	0.14158	0.04876	0.02180	0.14581	0.05314	0.06788	0.16202	0.11794	0.01608	0.12441	0.01395	0.03050	0.00516	0.00431	0.00126	0.02120	0.00432	0.00311	0.00586
24	0.00636	0.00531	0.00573	0.00578	0.00667	0.06676	0.00419	0.00778	0.01040	0.01378	0.42045	0.26348	0.11934	0.02689	0.00533	0.00149	0.00262	0.01975	0.00410	0.00380
25	0.01061	0.12347	0.17349	0.00914	0.04440	0.01992	0.03877	0.08035	0.03552	0.09727	0.07136	0.01194	0.02686	0.00444	0.00377	0.00108	0.00427	0.00361	0.00289	0.23684

[dist]
# distance from previous block
# <min> <max>
1	7

[block]
# block no. 1 follows, 63 sequences, length 8
# corresponding to MSA columns:
# 76-83
name=unknown_B
#
# <colnr> <probs for GDERKNQSTAVLIFYWHMCP>
#	G	D	E	R	K	N	Q	S	T	A	V	L	I	F	Y	W	H	M	C	P
0	0.10823	0.08775	0.30360	0.00927	0.01349	0.00935	0.05864	0.07351	0.02771	0.03938	0.03717	0.01153	0.03463	0.00445	0.00376	0.00119	0.00468	0.01847	0.00256	0.15063
1	0.01039	0.00668	0.03696	0.00664	0.00883	0.00580	0.00541	0.10192	0.01188	0.21152	0.30513	0.10803	0.06801	0.00730	0.00454	0.00129	0.00298	0.00625	0.00430	0.08616
2	0.01140	0.04545	0.04205	0.01028	0.07823	0.16681	0.00767	0.07249	0.42442	0.01557	0.01442	0.03197	0.04990	0.00549	0.00415	0.00132	0.00444	0.00441	0.00347	0.00606
3	0.00647	0.00442	0.00576	0.00601	0.00691	0.00416	0.00464	0.00795	0.00988	0.04663	0.28006	0.19192	0.10246	0.07707	0.00654	0.00179	0.00284	0.22660	0.00407	0.00381
4	0.27373	0.00908	0.03123	0.17970	0.26522	0.00954	0.04199	0.05506	0.00928	0.05827	0.00850	0.01029	0.02278	0.00417	0.00375	0.00131	0.00455	0.00347	0.00251	0.00556
5	0.04647	0.53365	0.12597	0.04219	0.01232	0.03295	0.00826	0.02619	0.03263	0.04233	0.00747	0.00893	0.00633	0.00520	0.03938	0.00131	0.00501	0.01583	0.00213	0.00546
6	0.00607	0.00393	0.00524	0.00592	0.00641	0.00363	0.00406	0.00694	0.00855	0.06481	0.07269	0.74367	0.02740	0.01236	0.00527	0.00166	0.00249	0.01117	0.00403	0.00369
7	0.00561	0.00462	0.00500	0.00502	0.00635	0.00419	0.00379	0.00764	0.07366	0.01244	0.12082	0.10847	0.56662	0.01031	0.00499	0.00146	0.00232	0.04882	0.00401	0.00384

[dist]
# distance from previous block
# <min> <max>
0	1

[block]
# block no. 2 follows, 63 sequences, length 8
# corresponding to MSA columns:
# 85-92
name=unknown_C
#
# <colnr> <probs for GDERKNQSTAVLIFYWHMCP>
#	G	D	E	R	K	N	Q	S	T	A	V	L	I	F	Y	W	H	M	C	P
0	0.01002	0.23517	0.15318	0.03748	0.08818	0.04201	0.08097	0.05996	0.07840	0.01312	0.03738	0.07274	0.00928	0.00557	0.02041	0.00137	0.04255	0.00415	0.00248	0.00558
1	0.00761	0.00660	0.00923	0.00870	0.03020	0.00829	0.00672	0.00937	0.05333	0.01107	0.09417	0.03627	0.01214	0.04105	0.29313	0.03550	0.32520	0.00471	0.00249	0.00422
2	0.00529	0.00418	0.00480	0.00510	0.00615	0.00369	0.00381	0.00646	0.00946	0.01188	0.11333	0.23145	0.47496	0.01114	0.00515	0.00153	0.00237	0.09167	0.00397	0.00359
3	0.01003	0.00639	0.00795	0.00778	0.06893	0.00640	0.00553	0.04929	0.16343	0.15863	0.29101	0.02132	0.05908	0.00655	0.00435	0.00129	0.00286	0.00560	0.11823	0.00535
4	0.06851	0.16184	0.18933	0.01174	0.13457	0.10228	0.02522	0.06186	0.04609	0.06831	0.00926	0.06498	0.00780	0.00482	0.00407	0.00125	0.02595	0.00378	0.00256	0.00578
5	0.01189	0.07177	0.10241	0.01158	0.10379	0.25317	0.03037	0.10625	0.12711	0.01424	0.04123	0.06582	0.00962	0.00526	0.00434	0.00126	0.02727	0.00413	0.00282	0.00566
6	0.00563	0.00422	0.00540	0.00591	0.00674	0.00398	0.00452	0.00693	0.00915	0.01194	0.11729	0.30878	0.22095	0.01303	0.06701	0.00202	0.00331	0.19569	0.00385	0.00364
7	0.00640	0.06060	0.00651	0.00567	0.00706	0.00518	0.00451	0.05280	0.00999	0.01251	0.06856	0.15707	0.42619	0.01031	0.00498	0.00151	0.00278	0.14964	0.00381	0.00393

[dist]
# distance from previous block
# <min> <max>
3	24

[block]
# block no. 3 follows, 63 sequences, length 9
# corresponding to MSA columns:
# 117-125
name=unknown_D
#
# <colnr> <probs for GDERKNQSTAVLIFYWHMCP>
#	G	D	E	R	K	N	Q	S	T	A	V	L	I	F	Y	W	H	M	C	P
0	0.05568	0.50603	0.01670	0.07110	0.01171	0.10689	0.00704	0.05544	0.00948	0.01203	0.00720	0.00842	0.00610	0.00397	0.00304	0.00101	0.00457	0.00270	0.10571	0.00516
1	0.00698	0.00800	0.13395	0.06295	0.11050	0.00627	0.00757	0.00925	0.00959	0.01338	0.27339	0.05037	0.10766	0.03113	0.10582	0.00210	0.02461	0.02874	0.00317	0.00457
2	0.11744	0.16567	0.15207	0.00863	0.01184	0.05049	0.00825	0.12718	0.01000	0.02997	0.00747	0.00875	0.00597	0.00450	0.00485	0.00119	0.12425	0.00298	0.03818	0.12030
3	0.00593	0.04976	0.00615	0.00550	0.00648	0.00450	0.00413	0.00737	0.01010	0.01359	0.38694	0.23365	0.15484	0.03607	0.00550	0.00153	0.00243	0.05766	0.00407	0.00379
4	0.00655	0.00499	0.00723	0.00639	0.00698	0.00499	0.09877	0.00714	0.00664	0.00896	0.01246	0.02434	0.01368	0.65843	0.11182	0.00406	0.00525	0.00579	0.00246	0.00305
5	0.00516	0.00407	0.00466	0.00493	0.00590	0.00357	0.00354	0.00625	0.00942	0.01196	0.15106	0.30535	0.44686	0.01118	0.00510	0.00150	0.00221	0.00970	0.00401	0.00357
6	0.00877	0.03639	0.42859	0.01218	0.01684	0.00959	0.21083	0.01365	0.10520	0.01354	0.01146	0.05466	0.04936	0.00488	0.00436	0.00138	0.00565	0.00449	0.00238	0.00583
7	0.11510	0.46772	0.10937	0.00838	0.01176	0.18031	0.00807	0.01342	0.00904	0.01143	0.00616	0.00723	0.00529	0.00393	0.00336	0.00106	0.02865	0.00248	0.00197	0.00526
8	0.40272	0.20968	0.20853	0.00787	0.01154	0.07432	0.00808	0.01298	0.00826	0.01478	0.00631	0.00736	0.00500	0.00389	0.00305	0.00120	0.00458	0.00250	0.00218	0.00517

[dist]
# distance from previous block
# <min> <max>
0	1

[block]
# block no. 4 follows, 63 sequences, length 40
# corresponding to MSA columns:
# 127-166
name=unknown_E
#
# <colnr> <probs for GDERKNQSTAVLIFYWHMCP>
#	G	D	E	R	K	N	Q	S	T	A	V	L	I	F	Y	W	H	M	C	P
0	0.02989	0.00953	0.01024	0.00962	0.06043	0.03753	0.00711	0.15841	0.49978	0.01798	0.01549	0.05123	0.03779	0.00592	0.00455	0.00140	0.02802	0.00482	0.00393	0.00633
1	0.00544	0.00428	0.00492	0.00476	0.00597	0.00375	0.00357	0.00695	0.01070	0.01402	0.42079	0.03607	0.44447	0.00965	0.00496	0.00137	0.00206	0.00826	0.00425	0.00375
2	0.00776	0.00728	0.01210	0.79127	0.02754	0.00899	0.01116	0.01045	0.00848	0.01078	0.00960	0.01298	0.05533	0.00459	0.00425	0.00140	0.00539	0.00405	0.00199	0.00460
3	0.00914	0.00746	0.00876	0.00628	0.00999	0.00563	0.00503	0.01100	0.00886	0.04804	0.00786	0.00895	0.00640	0.00320	0.00316	0.00065	0.00313	0.00256	0.00260	0.84128
4	0.88196	0.00813	0.00618	0.00553	0.00813	0.00943	0.00455	0.01236	0.00715	0.01886	0.00585	0.00683	0.00455	0.00390	0.00260	0.00130	0.00325	0.00228	0.00260	0.00455
5	0.00501	0.00426	0.00432	0.00430	0.00570	0.00357	0.00323	0.00612	0.00968	0.01160	0.07696	0.04006	0.78981	0.01056	0.00497	0.00142	0.00212	0.00882	0.00394	0.00357
6	0.00521	0.00379	0.00493	0.00581	0.00621	0.00351	0.00401	0.00604	0.00830	0.01090	0.02501	0.72161	0.10555	0.01283	0.00535	0.00169	0.00250	0.05937	0.00390	0.00346
7	0.00822	0.00673	0.00756	0.00692	0.00864	0.00728	0.00531	0.01525	0.42627	0.01699	0.37489	0.02372	0.06040	0.00720	0.00461	0.00138	0.00268	0.00619	0.00442	0.00533
8	0.00512	0.00366	0.00488	0.00585	0.00610	0.00341	0.00390	0.00585	0.00805	0.01073	0.02317	0.84952	0.02780	0.01317	0.00537	0.00171	0.00244	0.01195	0.00390	0.00341
9	0.00503	0.00426	0.00434	0.00432	0.00572	0.00357	0.00324	0.00615	0.00973	0.01170	0.09149	0.03989	0.77522	0.01052	0.00497	0.00141	0.00212	0.00879	0.00395	0.00357
10	0.01570	0.02004	0.01191	0.01083	0.01300	0.83539	0.00812	0.01679	0.01191	0.01029	0.00650	0.00758	0.00541	0.00433	0.00379	0.00108	0.00758	0.00271	0.00217	0.00487
11	0.01124	0.85479	0.02203	0.00719	0.01079	0.01663	0.00719	0.01259	0.00854	0.00989	0.00584	0.00674	0.00539	0.00360	0.00270	0.00090	0.00450	0.00225	0.00180	0.00539
12	0.01125	0.00854	0.00934	0.00821	0.01062	0.00955	0.00643	0.04816	0.63543	0.11058	0.08018	0.01657	0.01447	0.00585	0.00432	0.00140	0.00329	0.00488	0.00441	0.00652
13	0.01124	0.85479	0.02203	0.00719	0.01079	0.01663	0.00719	0.01259	0.00854	0.00989	0.00584	0.00674	0.00539	0.00360	0.00270	0.00090	0.00450	0.00225	0.00180	0.00539
14	0.00730	0.00365	0.00548	0.00548	0.00548	0.00365	0.00365	0.00548	0.00548	0.00730	0.00730	0.01278	0.00730	0.01460	0.01643	0.87769	0.00365	0.00365	0.00183	0.00183
15	0.00843	0.02174	0.83048	0.01198	0.01819	0.00976	0.01553	0.01331	0.00888	0.01331	0.00754	0.00888	0.00533	0.00399	0.00399	0.00133	0.00621	0.00311	0.00178	0.00621
16	0.00512	0.00366	0.00488	0.00585	0.00610	0.00341	0.00390	0.00585	0.00805	0.01073	0.02317	0.84952	0.02780	0.01317	0.00537	0.00171	0.00244	0.01195	0.00390	0.00341
17	0.00828	0.02026	0.76128	0.01135	0.01706	0.00928	0.01445	0.01279	0.00871	0.01305	0.00803	0.01016	0.00606	0.05553	0.00503	0.00149	0.00598	0.00331	0.02196	0.00594
18	0.67216	0.17855	0.02748	0.00610	0.00897	0.02611	0.00539	0.01251	0.00756	0.01678	0.00590	0.00687	0.00475	0.00385	0.00267	0.00122	0.00365	0.00230	0.00241	0.00476
19	0.04876	0.01728	0.57200	0.03056	0.07645	0.00916	0.04899	0.01259	0.00899	0.01346	0.00944	0.01405	0.00789	0.00494	0.00422	0.00141	0.00571	0.10617	0.00212	0.00581
20	0.02766	0.06016	0.45456	0.01420	0.20701	0.00950	0.02383	0.01256	0.02635	0.01319	0.00949	0.08823	0.00830	0.00496	0.00412	0.00134	0.00532	0.02112	0.00217	0.00593
21	0.00995	0.29764	0.50335	0.01024	0.01532	0.05356	0.01219	0.01340	0.00899	0.02967	0.00712	0.00822	0.00546	0.00391	0.00356	0.00117	0.00566	0.00283	0.00188	0.00589
22	0.00639	0.00483	0.00692	0.00684	0.00768	0.00565	0.00532	0.00853	0.05612	0.01045	0.01161	0.01632	0.01058	0.02863	0.74257	0.00615	0.02405	0.00449	0.03293	0.00395
23	0.00638	0.00837	0.20073	0.00683	0.00903	0.00526	0.00663	0.00887	0.01065	0.01502	0.49502	0.09751	0.09718	0.00807	0.00477	0.00137	0.00304	0.00702	0.00383	0.00442
24	0.00523	0.00382	0.00492	0.00559	0.00608	0.00351	0.00384	0.00619	0.00880	0.01174	0.14781	0.63699	0.11558	0.01220	0.00526	0.00162	0.00234	0.01095	0.00401	0.00351
25	0.00885	0.04723	0.57870	0.01270	0.01795	0.01023	0.16916	0.01305	0.00892	0.01308	0.00768	0.00945	0.00566	0.00412	0.00471	0.00136	0.05715	0.00349	0.02058	0.00593
26	0.01243	0.37631	0.05253	0.00901	0.02961	0.08756	0.03097	0.15654	0.01105	0.06233	0.00764	0.00848	0.00615	0.00418	0.00392	0.00107	0.04769	0.00293	0.00255	0.08707
27	0.69892	0.00922	0.00782	0.04957	0.07329	0.07740	0.00585	0.01268	0.00780	0.01735	0.00615	0.00739	0.00484	0.00394	0.00290	0.00128	0.00386	0.00250	0.00249	0.00475
28	0.01124	0.85479	0.02203	0.00719	0.01079	0.01663	0.00719	0.01259	0.00854	0.00989	0.00584	0.00674	0.00539	0.00360	0.00270	0.00090	0.00450	0.00225	0.00180	0.00539
29	0.00609	0.00494	0.00601	0.00565	0.00680	0.03096	0.02724	0.00777	0.01098	0.01477	0.52755	0.10795	0.20918	0.00919	0.00496	0.00137	0.00239	0.00805	0.00425	0.00390
30	0.00541	0.00419	0.00472	0.00472	0.00571	0.00373	0.00336	0.00653	0.00953	0.01226	0.24179	0.10555	0.42645	0.13855	0.00750	0.00182	0.00241	0.00838	0.00389	0.00349
31	0.01293	0.00976	0.01056	0.00873	0.01141	0.01081	0.00698	0.44297	0.26329	0.04298	0.01463	0.10110	0.03216	0.00625	0.00437	0.00136	0.00390	0.00508	0.00421	0.00651
32	0.00611	0.00408	0.00458	0.00458	0.00458	0.00408	0.00255	0.00611	0.00611	0.00815	0.01325	0.02751	0.01528	0.85226	0.02140	0.00408	0.00408	0.00611	0.00255	0.00255
33	0.01134	0.00883	0.00953	0.00844	0.01091	0.01001	0.00660	0.02214	0.73353	0.10303	0.01705	0.01554	0.01258	0.00565	0.00427	0.00141	0.00335	0.00470	0.00437	0.00671
34	0.01598	0.01177	0.01262	0.00967	0.01304	0.01304	0.00799	0.81202	0.01976	0.02649	0.01009	0.01009	0.00715	0.00505	0.00421	0.00126	0.00463	0.00378	0.00421	0.00715
35	0.01046	0.00903	0.00951	0.00855	0.01093	0.01046	0.00665	0.02234	0.81845	0.01759	0.01711	0.01568	0.01283	0.00570	0.00428	0.00143	0.00333	0.00475	0.00428	0.00665
36	0.00512	0.00366	0.00488	0.00585	0.00610	0.00341	0.00390	0.00585	0.00805	0.01073	0.02317	0.84952	0.02780	0.01317	0.00537	0.00171	0.00244	0.01195	0.00390	0.00341
37	0.00920	0.00920	0.01288	0.01104	0.01104	0.01288	0.00920	0.01012	0.00644	0.01012	0.00552	0.00920	0.00552	0.00736	0.01380	0.00184	0.84457	0.00368	0.00184	0.00460
38	0.85033	0.03888	0.00675	0.00559	0.00823	0.00969	0.00465	0.01237	0.00720	0.01854	0.00585	0.00683	0.00458	0.00389	0.00260	0.00129	0.00330	0.00228	0.00257	0.00458
39	0.85011	0.00797	0.00613	0.00554	0.00806	0.00921	0.00453	0.01212	0.00719	0.01857	0.00648	0.03744	0.00540	0.00424	0.00270	0.00132	0.00322	0.00263	0.00265	0.00451

[dist]
# distance from previous block
# <min> <max>
0	29

# created by:
# /st0/software/busco_prod/Augustus/scripts/msa2prfl.pl ./align_prep/38465.fa
