[name]
unknown

[dist]
# distance from previous block
# <min> <max>
0	47

[block]
# block no. 0 follows, 73 sequences, length 12
# corresponding to MSA columns:
# 50-61
name=unknown_A
#
# <colnr> <probs for GDERKNQSTAVLIFYWHMCP>
#	G	D	E	R	K	N	Q	S	T	A	V	L	I	F	Y	W	H	M	C	P
0	0.15736	0.04129	0.10699	0.00848	0.03350	0.04003	0.06326	0.21253	0.01066	0.12012	0.00977	0.01313	0.00798	0.00475	0.00362	0.00119	0.00407	0.11142	0.00294	0.04694
1	0.56998	0.00761	0.00792	0.02309	0.11985	0.00847	0.02561	0.06241	0.05661	0.04639	0.00727	0.03757	0.00586	0.00395	0.00290	0.00118	0.00329	0.00287	0.00254	0.00464
2	0.00502	0.00366	0.00425	0.00450	0.00501	0.00343	0.00304	0.00562	0.00713	0.00916	0.04924	0.21146	0.25317	0.34164	0.01023	0.00227	0.00275	0.07254	0.00304	0.00283
3	0.04373	0.00676	0.00829	0.00837	0.11366	0.02226	0.00574	0.18359	0.04126	0.15186	0.17332	0.13066	0.08193	0.00633	0.00401	0.00121	0.00308	0.00540	0.00359	0.00493
4	0.01169	0.09023	0.14689	0.06337	0.07895	0.06897	0.09146	0.16756	0.04831	0.18235	0.00908	0.00958	0.00649	0.00397	0.00364	0.00113	0.00459	0.00331	0.00280	0.00563
5	0.06047	0.61717	0.12796	0.00725	0.01058	0.10327	0.00736	0.01171	0.00791	0.00973	0.00548	0.00636	0.00477	0.00334	0.00266	0.00089	0.00445	0.00215	0.00168	0.00482
6	0.00510	0.00356	0.00456	0.00516	0.00542	0.00345	0.00355	0.00573	0.00690	0.00915	0.01780	0.46429	0.02081	0.27628	0.00928	0.00221	0.00285	0.14791	0.00310	0.00288
7	0.04167	0.00850	0.01357	0.10023	0.61230	0.00889	0.01035	0.04035	0.06666	0.01268	0.00784	0.02791	0.00657	0.00380	0.00388	0.00116	0.02243	0.00351	0.00209	0.00562
8	0.01316	0.00992	0.01157	0.03014	0.12908	0.01085	0.00770	0.62221	0.06783	0.04561	0.00925	0.00950	0.00669	0.00436	0.00375	0.00114	0.00409	0.00344	0.00347	0.00624
9	0.00806	0.00757	0.01027	0.27730	0.23009	0.08696	0.00812	0.03681	0.00790	0.01021	0.00835	0.01347	0.00771	0.17933	0.07306	0.00205	0.00508	0.02142	0.00200	0.00426
10	0.01401	0.01788	0.01063	0.00967	0.01160	0.85309	0.00725	0.01498	0.01063	0.00918	0.00580	0.00677	0.00483	0.00387	0.00338	0.00097	0.00677	0.00242	0.00193	0.00435
11	0.00544	0.00366	0.00439	0.00443	0.00453	0.00375	0.00268	0.00560	0.00558	0.00754	0.01176	0.05589	0.01327	0.69288	0.13215	0.03192	0.00444	0.00540	0.00226	0.00243

[dist]
# distance from previous block
# <min> <max>
0	21

[block]
# block no. 1 follows, 73 sequences, length 23
# corresponding to MSA columns:
# 84-106
name=unknown_B
#
# <colnr> <probs for GDERKNQSTAVLIFYWHMCP>
#	G	D	E	R	K	N	Q	S	T	A	V	L	I	F	Y	W	H	M	C	P
0	0.00646	0.00380	0.00586	0.11866	0.00788	0.00410	0.00437	0.00572	0.00537	0.00718	0.00694	0.01160	0.00664	0.01353	0.10911	0.67131	0.00427	0.00336	0.00168	0.00216
1	0.00550	0.00446	0.00472	0.00484	0.00559	0.03647	0.00337	0.00687	0.06174	0.01010	0.09295	0.24136	0.27298	0.20678	0.00783	0.00187	0.00265	0.02351	0.00322	0.00319
2	0.65584	0.00794	0.00695	0.00584	0.00834	0.00899	0.00482	0.19469	0.00911	0.05836	0.00653	0.00707	0.00483	0.00377	0.00271	0.00115	0.00319	0.00242	0.00275	0.00469
3	0.00486	0.00375	0.00476	0.00493	0.00571	0.00368	0.00364	0.00591	0.00750	0.00984	0.08372	0.21367	0.30664	0.03500	0.28544	0.00294	0.00468	0.00711	0.00302	0.00321
4	0.02049	0.00388	0.00461	0.00488	0.00567	0.00359	0.00344	0.00669	0.03807	0.05495	0.05810	0.45014	0.26398	0.05691	0.00532	0.00151	0.00225	0.00867	0.00350	0.00336
5	0.01196	0.01138	0.00945	0.00815	0.01030	0.27926	0.00635	0.26990	0.21268	0.01567	0.01030	0.05013	0.00824	0.00477	0.00361	0.00111	0.00441	0.00363	0.07348	0.00524
6	0.10738	0.00419	0.00421	0.00409	0.00534	0.00386	0.00306	0.00631	0.00842	0.01149	0.15876	0.03061	0.56491	0.06515	0.00516	0.00140	0.00211	0.00690	0.00337	0.00327
7	0.00651	0.00419	0.00483	0.00451	0.00553	0.00374	0.00313	0.00720	0.00752	0.10590	0.04052	0.10252	0.28680	0.32877	0.00974	0.00211	0.00278	0.00635	0.00309	0.06424
8	0.00608	0.00375	0.00484	0.00515	0.00582	0.00342	0.00359	0.00692	0.00793	0.10666	0.09155	0.56850	0.10334	0.05717	0.00539	0.00154	0.00231	0.00898	0.00361	0.00344
9	0.00904	0.00547	0.00568	0.00494	0.00641	0.00578	0.00389	0.24007	0.01061	0.01670	0.01133	0.01259	0.00871	0.00441	0.00294	0.00094	0.00242	0.00346	0.64030	0.00431
10	0.00479	0.00358	0.00424	0.00457	0.00519	0.00325	0.00317	0.00554	0.00772	0.00994	0.10186	0.35272	0.30283	0.12633	0.00679	0.02113	0.00230	0.02772	0.00334	0.00301
11	0.03973	0.00594	0.00782	0.00618	0.00873	0.00520	0.00504	0.01586	0.01039	0.67038	0.08933	0.01615	0.09138	0.00534	0.00385	0.00117	0.00294	0.00438	0.00442	0.00576
12	0.00539	0.00396	0.00485	0.00528	0.00572	0.00396	0.00358	0.00713	0.10290	0.01010	0.05823	0.52173	0.02128	0.19600	0.00776	0.00194	0.00260	0.03105	0.00329	0.00325
13	0.89465	0.00726	0.00551	0.00493	0.00726	0.00842	0.00406	0.01103	0.00638	0.01683	0.00522	0.00609	0.00406	0.00348	0.00232	0.00116	0.00290	0.00203	0.00232	0.00406
14	0.00461	0.00380	0.00401	0.00396	0.00512	0.00324	0.00294	0.00567	0.00879	0.01085	0.16956	0.03438	0.68188	0.03858	0.00493	0.00133	0.00194	0.00765	0.00355	0.00320
15	0.11658	0.00650	0.00804	0.00635	0.00898	0.00607	0.00521	0.07780	0.01064	0.59322	0.06529	0.01390	0.05463	0.00494	0.00368	0.00117	0.00307	0.00395	0.00421	0.00577
16	0.01279	0.01580	0.01000	0.00915	0.01094	0.71400	0.00689	0.01427	0.05047	0.00945	0.00675	0.00804	0.00568	0.00673	0.10149	0.00157	0.00696	0.00269	0.00203	0.00431
17	0.00449	0.00356	0.00405	0.00443	0.00523	0.00311	0.00313	0.00531	0.00794	0.00989	0.03032	0.40415	0.48014	0.01050	0.00459	0.00138	0.00202	0.00914	0.00348	0.00311
18	0.00567	0.00397	0.00456	0.00434	0.00476	0.00376	0.00262	0.00595	0.00596	0.00818	0.03475	0.06766	0.01391	0.69864	0.01604	0.00310	0.00341	0.00540	0.00238	0.10493
19	0.00813	0.00802	0.01132	0.10776	0.01169	0.01102	0.00835	0.00963	0.04656	0.00942	0.00563	0.00870	0.00525	0.00617	0.01091	0.00158	0.72057	0.00334	0.00175	0.00420
20	0.00635	0.00398	0.00495	0.00480	0.00553	0.00374	0.00333	0.00743	0.02170	0.09222	0.29263	0.17833	0.07590	0.27200	0.00892	0.00200	0.00258	0.00682	0.00345	0.00335
21	0.11114	0.01283	0.01040	0.00878	0.01093	0.34798	0.00696	0.31908	0.01221	0.01541	0.00683	0.00769	0.00534	0.00437	0.00443	0.00113	0.10398	0.00283	0.00262	0.00505
22	0.06648	0.00444	0.00551	0.00533	0.00655	0.00407	0.00393	0.00871	0.00826	0.18766	0.08447	0.41729	0.10206	0.00879	0.00452	0.02545	0.00244	0.00748	0.00360	0.04296

[dist]
# distance from previous block
# <min> <max>
0	1

[block]
# block no. 2 follows, 73 sequences, length 41
# corresponding to MSA columns:
# 108-148
name=unknown_C
#
# <colnr> <probs for GDERKNQSTAVLIFYWHMCP>
#	G	D	E	R	K	N	Q	S	T	A	V	L	I	F	Y	W	H	M	C	P
0	0.00519	0.00380	0.00487	0.00466	0.00555	0.00348	0.00347	0.00682	0.01025	0.01430	0.72470	0.07237	0.11043	0.00805	0.00444	0.00121	0.00180	0.00709	0.00404	0.00348
1	0.00464	0.00384	0.00399	0.00393	0.00510	0.00326	0.00289	0.00559	0.00846	0.01034	0.09897	0.03410	0.70140	0.07525	0.00553	0.00143	0.00204	0.00754	0.00342	0.01828
2	0.02454	0.00429	0.00511	0.00473	0.00610	0.00379	0.00361	0.00827	0.00937	0.16108	0.26246	0.10516	0.37092	0.00820	0.00430	0.00124	0.00214	0.00699	0.00385	0.00386
3	0.00546	0.00364	0.00409	0.00409	0.00409	0.00364	0.00227	0.00546	0.00546	0.00727	0.01182	0.02455	0.01364	0.86815	0.01910	0.00364	0.00364	0.00546	0.00227	0.00227
4	0.35762	0.00857	0.00860	0.00687	0.00959	0.00938	0.00567	0.37918	0.01213	0.15576	0.00848	0.00849	0.00595	0.00413	0.00320	0.00115	0.00350	0.00292	0.00334	0.00548
5	0.00518	0.00394	0.00419	0.00405	0.00536	0.00333	0.00307	0.00624	0.00889	0.05424	0.12583	0.03400	0.71046	0.00905	0.00440	0.00125	0.00195	0.00758	0.00362	0.00338
6	0.00460	0.00373	0.00406	0.00414	0.00518	0.00321	0.00303	0.00561	0.00861	0.01073	0.15388	0.15088	0.59463	0.02483	0.00474	0.00133	0.00195	0.00809	0.00356	0.00319
7	0.03086	0.00624	0.00743	0.00597	0.00822	0.00608	0.00485	0.16998	0.01103	0.40149	0.01267	0.01232	0.00874	0.00450	0.00336	0.00106	0.00289	0.00357	0.29334	0.00539
8	0.00465	0.00388	0.00407	0.00415	0.00530	0.00338	0.00306	0.00592	0.03884	0.01033	0.04667	0.15145	0.68601	0.00963	0.00446	0.00130	0.00198	0.00815	0.00351	0.00326
9	0.03381	0.00405	0.00502	0.00471	0.00578	0.00373	0.00356	0.00748	0.01008	0.05751	0.62932	0.05496	0.15037	0.00778	0.00434	0.00120	0.00191	0.00677	0.00398	0.00363
10	0.00883	0.01036	0.05198	0.01520	0.01897	0.00945	0.75798	0.01242	0.05196	0.01220	0.00796	0.01024	0.00596	0.00328	0.00436	0.00126	0.00612	0.00436	0.00199	0.00512
11	0.78862	0.00730	0.00599	0.00521	0.00761	0.00829	0.00430	0.04132	0.00716	0.08729	0.00617	0.00676	0.00459	0.00362	0.00250	0.00116	0.00297	0.00223	0.00257	0.00434
12	0.00533	0.00377	0.00471	0.00498	0.00565	0.00341	0.00343	0.00615	0.00751	0.02881	0.08275	0.51547	0.09082	0.11228	0.00621	0.00163	0.00237	0.01666	0.01990	0.07817
13	0.00511	0.00398	0.00463	0.00454	0.00555	0.00365	0.00335	0.00685	0.05236	0.01238	0.37920	0.11153	0.34826	0.03579	0.00489	0.00133	0.00198	0.00743	0.00374	0.00343
14	0.00473	0.00358	0.00436	0.00465	0.00537	0.00321	0.00330	0.00577	0.00851	0.01120	0.24441	0.38926	0.27807	0.00998	0.00458	0.00135	0.00198	0.00879	0.00366	0.00321
15	0.00652	0.00400	0.00509	0.00514	0.00605	0.00368	0.00371	0.00767	0.02303	0.12787	0.13960	0.40618	0.16374	0.04192	0.03619	0.00162	0.00257	0.00812	0.00365	0.00364
16	0.00537	0.00360	0.00412	0.00420	0.00422	0.00358	0.00238	0.00543	0.00561	0.00749	0.01263	0.10179	0.01467	0.78951	0.01778	0.00344	0.00350	0.00593	0.00238	0.00234
17	0.00517	0.00388	0.00480	0.00466	0.00558	0.00356	0.00346	0.00689	0.02923	0.01362	0.59459	0.10503	0.18896	0.00833	0.00445	0.00123	0.00186	0.00729	0.00394	0.00348
18	0.00752	0.01941	0.84871	0.01069	0.01624	0.00871	0.01386	0.01188	0.00792	0.01188	0.00673	0.00792	0.00475	0.00356	0.00356	0.00119	0.00554	0.00277	0.00158	0.00554
19	0.00486	0.00379	0.00441	0.00438	0.00540	0.00335	0.00328	0.00615	0.00932	0.01217	0.37040	0.09145	0.42537	0.00893	0.00448	0.00126	0.00191	0.03203	0.00375	0.00332
20	0.00778	0.00667	0.00778	0.00556	0.00889	0.00500	0.00445	0.00945	0.00778	0.01223	0.00667	0.00778	0.00556	0.00278	0.00278	0.00056	0.00278	0.00222	0.00222	0.89108
21	0.00541	0.00365	0.00413	0.00411	0.00420	0.00362	0.00236	0.00553	0.00583	0.00777	0.05416	0.02515	0.04501	0.79394	0.01783	0.00343	0.00348	0.00561	0.00241	0.00237
22	0.00467	0.00332	0.00440	0.00522	0.00545	0.00312	0.00351	0.00532	0.00714	0.00952	0.02020	0.79512	0.02414	0.05517	0.00553	0.00164	0.00229	0.03780	0.00342	0.00302
23	0.00462	0.00331	0.00444	0.00524	0.00549	0.00312	0.00353	0.00534	0.00725	0.00972	0.04622	0.80804	0.02458	0.01223	0.03593	0.00168	0.00245	0.01030	0.00345	0.00307
24	0.00872	0.00833	0.01420	0.23978	0.63245	0.00876	0.01123	0.01101	0.00827	0.01156	0.00696	0.00947	0.00570	0.00345	0.00372	0.00115	0.00460	0.00334	0.00181	0.00548
25	0.00452	0.00379	0.00379	0.00379	0.00504	0.00318	0.00284	0.00550	0.00853	0.01027	0.03713	0.03536	0.81499	0.00933	0.00437	0.00125	0.00190	0.00777	0.03348	0.00318
26	0.00672	0.00352	0.00360	0.00360	0.00432	0.00352	0.00256	0.00816	0.00744	0.01280	0.01216	0.01586	0.01033	0.15715	0.00554	0.00136	0.00208	0.00384	0.73214	0.00328
27	0.00766	0.00667	0.00839	0.15654	0.01189	0.00559	0.00550	0.00947	0.00773	0.01176	0.00667	0.00817	0.00546	0.00295	0.00295	0.00068	0.00317	0.00242	0.00212	0.73421
28	0.00482	0.00352	0.00450	0.00506	0.00555	0.00327	0.00357	0.00572	0.00785	0.01038	0.12660	0.52872	0.13805	0.05422	0.00545	0.00157	0.00228	0.08224	0.00350	0.00312
29	0.01190	0.00923	0.00996	0.00784	0.01069	0.00989	0.00636	0.48687	0.21770	0.01967	0.01013	0.01002	0.00748	0.00434	0.00360	0.00106	0.00360	0.00339	0.00350	0.16276
30	0.00963	0.58336	0.21729	0.00800	0.01176	0.02856	0.05110	0.01169	0.00790	0.03215	0.00597	0.00688	0.00497	0.00334	0.00284	0.00093	0.00453	0.00237	0.00170	0.00503
31	0.01101	0.01195	0.01002	0.16337	0.05245	0.39384	0.00735	0.06496	0.12400	0.01094	0.00780	0.00962	0.00638	0.03647	0.00499	0.06977	0.00526	0.00312	0.00225	0.00445
32	0.00539	0.00365	0.00407	0.00407	0.00415	0.00361	0.00231	0.00545	0.00565	0.00746	0.01347	0.02528	0.06598	0.81398	0.01817	0.00349	0.00353	0.00561	0.00235	0.00233
33	0.00637	0.05010	0.00604	0.00504	0.00652	0.03053	0.00392	0.01943	0.13214	0.03126	0.23742	0.02744	0.41441	0.00771	0.00418	0.00121	0.00234	0.00646	0.00358	0.00391
34	0.09074	0.06699	0.15855	0.03641	0.01187	0.24169	0.01882	0.12185	0.06121	0.10956	0.00840	0.02720	0.00648	0.01975	0.00372	0.00115	0.00482	0.00310	0.00259	0.00510
35	0.04263	0.00449	0.00480	0.00465	0.00499	0.03094	0.00294	0.00655	0.00608	0.03651	0.01291	0.05641	0.05597	0.65496	0.02749	0.00312	0.03402	0.00540	0.00243	0.00271
36	0.00484	0.00380	0.00438	0.00436	0.00540	0.00334	0.00328	0.00611	0.00924	0.01199	0.33975	0.08999	0.45084	0.00900	0.00448	0.00127	0.00193	0.03897	0.00373	0.00331
37	0.00923	0.00897	0.01487	0.18600	0.43359	0.03169	0.14103	0.06629	0.03711	0.01244	0.00741	0.00962	0.00589	0.00359	0.00395	0.00117	0.01620	0.00352	0.00202	0.00541
38	0.02435	0.00840	0.01155	0.30759	0.24037	0.09502	0.03472	0.03681	0.03977	0.01132	0.04957	0.01175	0.03383	0.03509	0.01459	0.00133	0.03347	0.00369	0.00212	0.00469
39	0.00537	0.00359	0.00411	0.00421	0.00436	0.00351	0.00251	0.00552	0.00595	0.00797	0.01455	0.12436	0.07336	0.64259	0.01559	0.03579	0.00326	0.00610	0.03485	0.00245
40	0.01077	0.33115	0.22333	0.00899	0.03426	0.22678	0.02074	0.01276	0.00866	0.06187	0.00642	0.00730	0.00513	0.00363	0.00332	0.00100	0.02451	0.00251	0.00188	0.00499

[dist]
# distance from previous block
# <min> <max>
0	1

[block]
# block no. 3 follows, 73 sequences, length 54
# corresponding to MSA columns:
# 150-203
name=unknown_D
#
# <colnr> <probs for GDERKNQSTAVLIFYWHMCP>
#	G	D	E	R	K	N	Q	S	T	A	V	L	I	F	Y	W	H	M	C	P
0	0.06916	0.13011	0.06918	0.00908	0.03941	0.05723	0.11067	0.06962	0.32812	0.02631	0.04613	0.01114	0.00895	0.00431	0.00357	0.00115	0.00400	0.00362	0.00286	0.00536
1	0.01401	0.01788	0.01063	0.00967	0.01160	0.85309	0.00725	0.01498	0.01063	0.00918	0.00580	0.00677	0.00483	0.00387	0.00338	0.00097	0.00677	0.00242	0.00193	0.00435
2	0.26710	0.00491	0.00566	0.00602	0.04819	0.00516	0.00415	0.00755	0.00632	0.02060	0.00984	0.17166	0.01027	0.02828	0.00774	0.31148	0.00302	0.05358	0.00237	0.02611
3	0.00839	0.00677	0.00917	0.06810	0.17895	0.02793	0.00643	0.02016	0.00792	0.05964	0.00828	0.01155	0.00720	0.01736	0.06693	0.08092	0.00404	0.04986	0.00227	0.35815
4	0.00728	0.00688	0.01157	0.77633	0.09032	0.00844	0.01046	0.00973	0.00755	0.00979	0.00666	0.00991	0.00507	0.00377	0.00392	0.00125	0.02174	0.00333	0.00168	0.00431
5	0.01062	0.00551	0.00659	0.00569	0.00747	0.00542	0.00446	0.06314	0.12214	0.28929	0.09739	0.08224	0.01341	0.01822	0.00383	0.00116	0.00260	0.00461	0.25130	0.00491
6	0.33698	0.00512	0.00503	0.00494	0.00638	0.00529	0.00377	0.00840	0.00761	0.06477	0.05968	0.25195	0.18721	0.00751	0.00373	0.00130	0.00247	0.03102	0.00315	0.00370
7	0.00534	0.00361	0.00421	0.00431	0.00437	0.00361	0.00253	0.00548	0.00569	0.00762	0.01283	0.12749	0.01483	0.72665	0.05335	0.00348	0.00373	0.00603	0.00241	0.00241
8	0.00536	0.00401	0.00599	0.00599	0.00665	0.00467	0.00464	0.00668	0.00602	0.00868	0.01008	0.01493	0.00946	0.04448	0.83705	0.00598	0.00992	0.00405	0.00201	0.00333
9	0.04367	0.00495	0.00612	0.00572	0.00715	0.00470	0.00431	0.02453	0.07918	0.25283	0.08315	0.35495	0.09711	0.00816	0.00424	0.00133	0.00254	0.00711	0.00386	0.00440
10	0.10050	0.00455	0.00535	0.00508	0.00635	0.00430	0.00381	0.02183	0.00893	0.14737	0.22791	0.24867	0.17137	0.02136	0.00441	0.00132	0.00232	0.00697	0.00370	0.00388
11	0.00742	0.00677	0.00662	0.00711	0.00809	0.16797	0.00583	0.00886	0.00880	0.01070	0.01701	0.14412	0.01839	0.00910	0.00470	0.00153	0.00387	0.52745	0.03209	0.00357
12	0.02768	0.00686	0.00880	0.00679	0.00961	0.00633	0.00560	0.13328	0.01153	0.68315	0.01374	0.01220	0.00882	0.00460	0.00370	0.00114	0.00326	0.00368	0.04300	0.00623
13	0.00806	0.00458	0.00569	0.00514	0.00661	0.00412	0.00394	0.00977	0.04256	0.22250	0.30599	0.11083	0.23991	0.00770	0.00428	0.00124	0.00225	0.00662	0.00401	0.00420
14	0.00496	0.00396	0.00439	0.00428	0.00542	0.00349	0.00320	0.02752	0.00933	0.01192	0.27605	0.07729	0.53698	0.00895	0.00443	0.00125	0.00193	0.00761	0.00368	0.00336
15	0.00878	0.00997	0.02172	0.01558	0.01930	0.00935	0.80953	0.01191	0.00885	0.01200	0.00791	0.01096	0.00611	0.00335	0.00445	0.00128	0.00625	0.02576	0.00194	0.00502
16	0.00608	0.00351	0.00514	0.00514	0.00534	0.00371	0.00358	0.00547	0.00527	0.00722	0.00803	0.01359	0.00801	0.09709	0.25785	0.55202	0.00526	0.00368	0.00180	0.00219
17	0.03527	0.00371	0.00434	0.00456	0.00528	0.00358	0.00324	0.00754	0.00779	0.05591	0.07802	0.37333	0.02545	0.04509	0.00445	0.00132	0.00213	0.00685	0.32873	0.00343
18	0.04288	0.01033	0.01099	0.00848	0.01144	0.01146	0.00700	0.78211	0.04080	0.02319	0.00906	0.00906	0.00645	0.00449	0.00371	0.00113	0.00406	0.00336	0.00371	0.00629
19	0.00484	0.00354	0.00432	0.00489	0.00546	0.00328	0.00343	0.00588	0.02392	0.01022	0.03401	0.56691	0.21176	0.01056	0.00457	0.00142	0.00214	0.03840	0.05728	0.00318
20	0.03754	0.00573	0.00637	0.00561	0.00738	0.00571	0.00432	0.05127	0.20283	0.16063	0.08791	0.02235	0.28148	0.08108	0.00531	0.00142	0.00267	0.00550	0.00367	0.02122
21	0.00613	0.00392	0.00488	0.00475	0.00563	0.00359	0.00341	0.00734	0.00877	0.07443	0.34293	0.21214	0.09688	0.11408	0.00609	0.00153	0.00223	0.00700	0.06824	0.02602
22	0.00793	0.00797	0.05813	0.04808	0.17237	0.00730	0.25917	0.01989	0.00864	0.02907	0.01177	0.02083	0.01121	0.00677	0.04109	0.00159	0.00498	0.27610	0.00247	0.00465
23	0.03694	0.00586	0.00736	0.00611	0.00819	0.00556	0.00487	0.05707	0.09188	0.39664	0.28661	0.03391	0.03089	0.00585	0.00398	0.00118	0.00271	0.00493	0.00424	0.00523
24	0.00969	0.00824	0.00868	0.00771	0.00989	0.00950	0.00602	0.07830	0.77902	0.01627	0.01482	0.01364	0.01109	0.00505	0.00381	0.00126	0.00305	0.00418	0.00381	0.00597
25	0.01423	0.01026	0.01107	0.00852	0.01149	0.01130	0.00703	0.77362	0.04105	0.05897	0.00944	0.00931	0.00665	0.00453	0.00376	0.00113	0.00405	0.00342	0.00379	0.00637
26	0.00457	0.00326	0.00435	0.00522	0.00544	0.00305	0.00348	0.00522	0.00718	0.00958	0.02068	0.86570	0.02481	0.01175	0.00479	0.00152	0.00218	0.01067	0.00348	0.00305
27	0.00459	0.00362	0.00407	0.00434	0.00522	0.00316	0.00311	0.00551	0.00823	0.01037	0.09061	0.31251	0.49708	0.01004	0.00452	0.00134	0.00198	0.00868	0.01786	0.00316
28	0.00756	0.00439	0.00564	0.00505	0.00630	0.00404	0.00385	0.00940	0.03174	0.16598	0.57774	0.02440	0.05138	0.04412	0.00485	0.00128	0.00214	0.00601	0.04007	0.00405
29	0.00587	0.00415	0.00524	0.00486	0.00601	0.00368	0.00363	0.00743	0.00959	0.03756	0.53335	0.14721	0.05749	0.00752	0.00418	0.00114	0.00199	0.00662	0.04278	0.10969
30	0.04568	0.00641	0.00860	0.00662	0.00950	0.00561	0.00547	0.01805	0.01060	0.82005	0.01449	0.01255	0.00912	0.00461	0.00373	0.00116	0.00318	0.00372	0.00457	0.00631
31	0.00599	0.00411	0.00473	0.00443	0.00572	0.00360	0.00337	0.01720	0.00950	0.08686	0.29694	0.04091	0.47319	0.00836	0.00434	0.00122	0.00200	0.00709	0.01679	0.00362
32	0.28446	0.00487	0.00477	0.00475	0.00579	0.00521	0.00343	0.00819	0.03579	0.01234	0.04922	0.18864	0.02618	0.21253	0.00714	0.00182	0.00275	0.03087	0.10788	0.00337
33	0.00498	0.00350	0.00450	0.00505	0.00527	0.00342	0.00336	0.00556	0.00666	0.00892	0.01717	0.50073	0.02011	0.26931	0.07344	0.00251	0.00329	0.05635	0.00301	0.00286
34	0.00953	0.00775	0.00833	0.00746	0.00949	0.00880	0.00579	0.09159	0.65605	0.04115	0.01523	0.09840	0.01226	0.00569	0.00391	0.00128	0.00300	0.00479	0.00380	0.00570
35	0.00490	0.00367	0.00406	0.00417	0.00502	0.00328	0.00295	0.00584	0.00814	0.01061	0.13084	0.17184	0.43490	0.11574	0.00617	0.00156	0.00213	0.00758	0.07348	0.00311
36	0.02741	0.00977	0.01015	0.00807	0.01082	0.07518	0.00656	0.47121	0.12213	0.19215	0.02143	0.01046	0.00786	0.00458	0.00372	0.00114	0.00394	0.00352	0.00379	0.00609
37	0.03858	0.00729	0.00867	0.00686	0.00935	0.00725	0.00555	0.27909	0.01215	0.41369	0.01302	0.01385	0.03058	0.09111	0.00528	0.00141	0.00347	0.02228	0.02486	0.00569
38	0.03025	0.00482	0.00572	0.00522	0.00669	0.00447	0.00400	0.05029	0.02199	0.20362	0.10154	0.13222	0.26887	0.07768	0.00541	0.00146	0.00258	0.04399	0.02508	0.00410
39	0.00927	0.00603	0.00652	0.00557	0.00703	0.00638	0.00424	0.29348	0.01091	0.03465	0.04748	0.03721	0.01086	0.18765	0.00666	0.00158	0.00302	0.00421	0.31296	0.00429
40	0.00536	0.00402	0.00603	0.00603	0.00670	0.00469	0.00469	0.00670	0.00603	0.00871	0.01005	0.01474	0.00938	0.02814	0.85328	0.00603	0.01005	0.00402	0.00201	0.00335
41	0.36634	0.00651	0.00705	0.00588	0.00830	0.00656	0.00477	0.01430	0.02939	0.42232	0.01149	0.08381	0.00860	0.00481	0.00328	0.00120	0.00298	0.00368	0.00359	0.00516
42	0.04844	0.00415	0.00474	0.00478	0.00571	0.00399	0.00350	0.02200	0.03993	0.01178	0.21565	0.20749	0.26655	0.07914	0.02450	0.00160	0.00243	0.03389	0.01634	0.00338
43	0.10450	0.00654	0.00843	0.00653	0.00938	0.00591	0.00540	0.03151	0.01042	0.75024	0.01374	0.01204	0.00872	0.00453	0.00363	0.00116	0.00318	0.00359	0.00440	0.00615
44	0.04461	0.00544	0.02341	0.00611	0.00775	0.00512	0.00488	0.01170	0.00809	0.36660	0.02121	0.02356	0.01024	0.12839	0.21173	0.05754	0.02139	0.03451	0.00323	0.00448
45	0.00714	0.00459	0.00563	0.00571	0.03035	0.00446	0.00389	0.01817	0.08889	0.11814	0.07292	0.24884	0.12092	0.23527	0.00823	0.00194	0.00281	0.01502	0.00334	0.00373
46	0.01002	0.00853	0.01268	0.02676	0.51528	0.02210	0.00940	0.12086	0.07566	0.05755	0.00952	0.03138	0.00810	0.02232	0.00416	0.00123	0.00414	0.05209	0.00255	0.00569
47	0.04285	0.05256	0.01230	0.06006	0.17481	0.09508	0.00861	0.03187	0.00731	0.01038	0.00566	0.00821	0.00512	0.00516	0.00815	0.00137	0.46100	0.00310	0.00179	0.00459
48	0.00886	0.01012	0.02214	0.01581	0.01961	0.00949	0.83112	0.01202	0.00886	0.01202	0.00759	0.01012	0.00569	0.00316	0.00443	0.00127	0.00633	0.00443	0.00190	0.00506
49	0.00844	0.08661	0.54181	0.01094	0.02475	0.03282	0.11512	0.04712	0.00834	0.01186	0.00665	0.00810	0.00498	0.00377	0.00428	0.00119	0.07319	0.00298	0.00174	0.00532
50	0.00536	0.00371	0.00439	0.00439	0.00460	0.00377	0.00272	0.00566	0.00580	0.00774	0.01360	0.02385	0.07858	0.66161	0.15557	0.00384	0.00456	0.00541	0.00233	0.00252
51	0.00862	0.00768	0.01266	0.03018	0.09611	0.00813	0.22975	0.07565	0.06429	0.05384	0.04055	0.13076	0.03813	0.00593	0.00554	0.00135	0.13854	0.04487	0.00268	0.00474
52	0.05755	0.07156	0.05931	0.01231	0.22241	0.28729	0.00836	0.12232	0.07159	0.02507	0.00734	0.00833	0.00583	0.00389	0.00362	0.00108	0.02166	0.00292	0.00231	0.00525
53	0.08760	0.01008	0.07612	0.00811	0.01098	0.01027	0.00699	0.44108	0.25141	0.03193	0.02101	0.01040	0.00792	0.00455	0.00364	0.00118	0.00376	0.00351	0.00350	0.00595

[dist]
# distance from previous block
# <min> <max>
13	29

# created by:
# /st0/software/busco_prod/Augustus/scripts/msa2prfl.pl ./align_prep/38461.fa
