[name]
unknown

[dist]
# distance from previous block
# <min> <max>
2	114

[block]
# block no. 0 follows, 60 sequences, length 36
# corresponding to MSA columns:
# 147-182
name=unknown_A
#
# <colnr> <probs for GDERKNQSTAVLIFYWHMCP>
#	G	D	E	R	K	N	Q	S	T	A	V	L	I	F	Y	W	H	M	C	P
0	0.05579	0.06271	0.18099	0.04793	0.02769	0.06516	0.04598	0.09550	0.02866	0.04793	0.04176	0.19117	0.03160	0.03110	0.02533	0.00164	0.00488	0.00579	0.00308	0.00533
1	0.01201	0.24781	0.12893	0.02466	0.04008	0.17928	0.03477	0.06579	0.03310	0.05010	0.00936	0.03151	0.02299	0.00623	0.05012	0.00150	0.01417	0.00355	0.00252	0.04152
2	0.01109	0.08374	0.11704	0.07103	0.17004	0.03010	0.05650	0.10503	0.04040	0.08182	0.08563	0.04695	0.02607	0.00531	0.00446	0.00132	0.01603	0.00456	0.00306	0.03983
3	0.00736	0.03017	0.00693	0.00644	0.00737	0.10313	0.02401	0.00845	0.02414	0.01129	0.09898	0.27481	0.14076	0.22544	0.00944	0.00221	0.00371	0.00817	0.00345	0.00375
4	0.05760	0.04817	0.22016	0.04572	0.08208	0.08976	0.06593	0.11642	0.02218	0.08006	0.01022	0.03600	0.01696	0.01976	0.00475	0.00140	0.02355	0.02430	0.00281	0.03218
5	0.01252	0.01275	0.06483	0.05080	0.30546	0.10355	0.14769	0.19084	0.01252	0.02947	0.00871	0.01054	0.00674	0.00434	0.00459	0.00133	0.02017	0.00396	0.00269	0.00650
6	0.00692	0.00557	0.03964	0.00640	0.00764	0.00484	0.00491	0.00940	0.08245	0.04849	0.27318	0.38100	0.06962	0.01032	0.00514	0.00154	0.00268	0.00917	0.00425	0.02685
7	0.05442	0.00970	0.06411	0.04967	0.04673	0.03114	0.14014	0.03656	0.06534	0.04091	0.00959	0.01197	0.00780	0.05689	0.03256	0.00149	0.00486	0.00377	0.02518	0.30719
8	0.00548	0.00451	0.00485	0.00492	0.00627	0.00392	0.00373	0.00689	0.02270	0.01249	0.11633	0.08390	0.63531	0.01096	0.00522	0.00151	0.00235	0.06076	0.00413	0.00379
9	0.00730	0.00566	0.02974	0.00660	0.00779	0.00559	0.00518	0.05181	0.03024	0.03420	0.21700	0.02386	0.05695	0.13404	0.34123	0.00407	0.00666	0.02452	0.00335	0.00420
10	0.11427	0.02817	0.09131	0.07611	0.11673	0.11190	0.22856	0.09841	0.02479	0.04261	0.00850	0.01028	0.00645	0.00427	0.00444	0.00136	0.01943	0.00387	0.00257	0.00595
11	0.02786	0.26831	0.03656	0.01337	0.15462	0.12295	0.12582	0.07402	0.01071	0.06055	0.00808	0.00953	0.00651	0.00428	0.00434	0.00122	0.04419	0.00344	0.01766	0.00598
12	0.00544	0.00411	0.00503	0.00549	0.00624	0.00370	0.00385	0.00656	0.00960	0.01259	0.18913	0.45380	0.25469	0.01197	0.00537	0.00161	0.00234	0.01059	0.00420	0.00370
13	0.07934	0.16317	0.06528	0.07112	0.05343	0.10478	0.00758	0.08061	0.09530	0.01505	0.02552	0.03120	0.03630	0.00508	0.00374	0.00122	0.00443	0.00390	0.14750	0.00543
14	0.03248	0.04257	0.29849	0.10949	0.03906	0.10251	0.10142	0.03888	0.02566	0.08329	0.03070	0.05384	0.00947	0.00564	0.00480	0.00157	0.00617	0.00453	0.00297	0.00646
15	0.00626	0.00438	0.00562	0.00566	0.00596	0.00466	0.00376	0.00688	0.00668	0.00920	0.01339	0.05770	0.01452	0.50571	0.32579	0.00518	0.00697	0.00596	0.00258	0.00315
16	0.00871	0.02146	0.76392	0.07359	0.01971	0.01010	0.01582	0.01361	0.00917	0.01361	0.00782	0.00939	0.00555	0.00416	0.00416	0.00139	0.00640	0.00327	0.00185	0.00633
17	0.03141	0.11143	0.24020	0.09023	0.11548	0.02125	0.10498	0.06179	0.02567	0.07673	0.02430	0.01275	0.00850	0.02883	0.00540	0.00162	0.02571	0.00418	0.00290	0.00664
18	0.03060	0.07607	0.05763	0.01007	0.08791	0.04938	0.02529	0.07837	0.20590	0.09292	0.07636	0.12048	0.05723	0.00666	0.00445	0.00139	0.00403	0.00563	0.00372	0.00589
19	0.00537	0.00387	0.00501	0.00588	0.00622	0.00360	0.00393	0.00613	0.00842	0.01114	0.03792	0.73425	0.08177	0.05633	0.00639	0.00187	0.00259	0.01180	0.00399	0.00352
20	0.09166	0.08875	0.01383	0.04817	0.01394	0.12755	0.10271	0.20693	0.08168	0.14302	0.01104	0.01155	0.01985	0.01498	0.00434	0.00134	0.00512	0.00389	0.00346	0.00621
21	0.05505	0.05998	0.19208	0.09896	0.18527	0.04382	0.11182	0.05729	0.04779	0.07628	0.00943	0.02665	0.00727	0.00446	0.00424	0.00135	0.00552	0.00394	0.00260	0.00621
22	0.00531	0.00382	0.00504	0.00602	0.00631	0.00355	0.00402	0.00608	0.00840	0.01115	0.02469	0.81802	0.05428	0.01358	0.00555	0.00176	0.00252	0.01230	0.00405	0.00355
23	0.01057	0.00766	0.00867	0.00734	0.00945	0.00797	0.00579	0.30381	0.05944	0.04767	0.31078	0.06803	0.11903	0.00778	0.00481	0.00139	0.00325	0.00654	0.00451	0.00552
24	0.01214	0.09753	0.19405	0.01159	0.06312	0.10613	0.08047	0.11410	0.14121	0.07432	0.02988	0.01201	0.00877	0.02992	0.00474	0.00140	0.00538	0.00395	0.00303	0.00627
25	0.07074	0.04174	0.01239	0.00976	0.03658	0.03855	0.00777	0.55719	0.04135	0.07996	0.01098	0.03204	0.00817	0.00528	0.00419	0.00130	0.00457	0.00401	0.02654	0.00689
26	0.00567	0.00444	0.00513	0.00496	0.00620	0.00390	0.00372	0.00725	0.01115	0.01465	0.43243	0.03726	0.42771	0.00998	0.00515	0.00142	0.00213	0.00854	0.00443	0.00390
27	0.03980	0.32085	0.01763	0.00982	0.01337	0.04752	0.10032	0.28867	0.05600	0.05296	0.00905	0.00963	0.00696	0.00448	0.00381	0.00119	0.00501	0.00346	0.00310	0.00636
28	0.01089	0.01018	0.01537	0.20014	0.21889	0.04210	0.12420	0.13935	0.06308	0.01533	0.00987	0.05929	0.00826	0.00513	0.00515	0.00143	0.05805	0.00458	0.00271	0.00598
29	0.00631	0.00435	0.00538	0.00538	0.00560	0.00457	0.00342	0.00674	0.00653	0.00892	0.01317	0.02538	0.01448	0.62080	0.24624	0.00500	0.00630	0.00588	0.00256	0.00299
30	0.01127	0.09520	0.05428	0.07258	0.41033	0.04931	0.10048	0.08373	0.01063	0.01441	0.00801	0.01028	0.00653	0.00424	0.00478	0.00132	0.05019	0.00379	0.00229	0.00635
31	0.00941	0.07847	0.17387	0.00788	0.01221	0.03208	0.00765	0.01191	0.00916	0.01371	0.00760	0.00888	0.00618	0.00349	0.00340	0.00083	0.00413	0.00270	0.00237	0.60407
32	0.06661	0.42450	0.09051	0.00941	0.02794	0.11118	0.03462	0.13194	0.04168	0.01428	0.00754	0.00840	0.00616	0.00419	0.00345	0.00112	0.00519	0.00293	0.00245	0.00591
33	0.04546	0.00981	0.13322	0.00959	0.05564	0.04031	0.06308	0.04668	0.04651	0.05974	0.08596	0.18939	0.06312	0.00734	0.00462	0.00141	0.00414	0.03793	0.00338	0.09267
34	0.04943	0.03650	0.19366	0.01189	0.11779	0.03256	0.08917	0.07223	0.03900	0.02871	0.03579	0.17462	0.04679	0.04584	0.00538	0.00157	0.00477	0.00587	0.00296	0.00549
35	0.00956	0.06662	0.00982	0.00781	0.02363	0.00712	0.05813	0.03817	0.06830	0.13613	0.09702	0.11400	0.15069	0.05414	0.08969	0.00213	0.03127	0.00642	0.00370	0.02566

[dist]
# distance from previous block
# <min> <max>
0	2

[block]
# block no. 1 follows, 60 sequences, length 20
# corresponding to MSA columns:
# 185-204
name=unknown_B
#
# <colnr> <probs for GDERKNQSTAVLIFYWHMCP>
#	G	D	E	R	K	N	Q	S	T	A	V	L	I	F	Y	W	H	M	C	P
0	0.02504	0.00609	0.00785	0.00660	0.00888	0.00542	0.00524	0.01479	0.02438	0.42849	0.19791	0.05264	0.13839	0.03499	0.00530	0.00150	0.00310	0.02282	0.00485	0.00573
1	0.09248	0.04802	0.19301	0.09289	0.08731	0.06003	0.09732	0.06008	0.04419	0.06306	0.02964	0.02220	0.00779	0.00513	0.01396	0.00146	0.06904	0.00390	0.00261	0.00587
2	0.03016	0.23250	0.10186	0.08404	0.20293	0.06707	0.07867	0.04849	0.03193	0.03839	0.03875	0.01059	0.00778	0.00429	0.00395	0.00124	0.00533	0.00361	0.00241	0.00601
3	0.00538	0.00394	0.00507	0.00591	0.00637	0.00363	0.00406	0.00627	0.00875	0.01151	0.05568	0.68727	0.12794	0.01311	0.00551	0.00173	0.00252	0.03767	0.00408	0.00360
4	0.00561	0.00451	0.00503	0.00510	0.00633	0.00401	0.00378	0.00724	0.03645	0.01306	0.19286	0.15613	0.50540	0.01086	0.00521	0.00151	0.00231	0.02656	0.00421	0.00386
5	0.03244	0.10501	0.29916	0.03890	0.07229	0.07882	0.07704	0.08925	0.03393	0.05438	0.02243	0.03235	0.00760	0.00474	0.00448	0.00134	0.03336	0.00381	0.00255	0.00611
6	0.00986	0.05744	0.00814	0.00658	0.00850	0.00677	0.00523	0.06453	0.12719	0.13534	0.16539	0.08943	0.15319	0.00789	0.00460	0.00140	0.00300	0.04564	0.09469	0.00519
7	0.01265	0.44419	0.07660	0.00884	0.01215	0.21713	0.00817	0.03689	0.03168	0.04244	0.03568	0.01048	0.00800	0.00460	0.00353	0.00111	0.00541	0.03245	0.00241	0.00557
8	0.01103	0.22743	0.07768	0.08023	0.18464	0.01195	0.08466	0.09338	0.05375	0.03719	0.01890	0.06173	0.00857	0.00492	0.00434	0.00130	0.02543	0.00420	0.00262	0.00605
9	0.01123	0.07194	0.16512	0.07935	0.17183	0.09309	0.05674	0.11409	0.06462	0.02833	0.05810	0.01283	0.02242	0.00492	0.00441	0.00133	0.01476	0.01600	0.00277	0.00610
10	0.00548	0.00410	0.00512	0.00583	0.00643	0.00379	0.00405	0.00665	0.02664	0.01170	0.05552	0.61067	0.19040	0.01275	0.00546	0.00170	0.00251	0.03345	0.00408	0.00368
11	0.01071	0.05674	0.12141	0.01104	0.10148	0.06819	0.04365	0.14172	0.06937	0.03577	0.03464	0.01435	0.00992	0.09884	0.13496	0.00250	0.00611	0.00430	0.02872	0.00560
12	0.01224	0.03777	0.14254	0.01457	0.18061	0.12432	0.11104	0.15143	0.05213	0.05214	0.02810	0.02581	0.00832	0.00566	0.03266	0.00152	0.00590	0.00410	0.00286	0.00630
13	0.03463	0.07143	0.24172	0.01152	0.05348	0.05997	0.06040	0.19765	0.16520	0.04569	0.01051	0.01099	0.00775	0.00472	0.00419	0.00134	0.00528	0.00380	0.00313	0.00659
14	0.00565	0.00443	0.00557	0.00644	0.04686	0.00401	0.00426	0.00680	0.00953	0.01238	0.13742	0.40741	0.31014	0.01160	0.00530	0.00159	0.00248	0.01023	0.00406	0.00384
15	0.06570	0.14523	0.21480	0.03296	0.12456	0.09047	0.01012	0.04030	0.03121	0.06692	0.03071	0.05203	0.00858	0.00502	0.00439	0.00130	0.04093	0.00387	0.02504	0.00586
16	0.02519	0.14318	0.16987	0.01172	0.07854	0.08138	0.11105	0.10342	0.03660	0.05365	0.04481	0.07853	0.01006	0.00527	0.00421	0.00131	0.00522	0.00449	0.02559	0.00591
17	0.00556	0.00396	0.00499	0.00566	0.00598	0.00372	0.00371	0.00625	0.00824	0.01094	0.06287	0.58129	0.07812	0.18675	0.00898	0.00224	0.00284	0.01070	0.00379	0.00339
18	0.01032	0.04425	0.11479	0.09338	0.04603	0.06044	0.09654	0.06079	0.01045	0.08115	0.04816	0.05725	0.09895	0.00585	0.00502	0.00134	0.05760	0.00490	0.00295	0.09984
19	0.01013	0.02515	0.15812	0.07085	0.23281	0.03771	0.05982	0.06509	0.02490	0.04702	0.04126	0.06223	0.02629	0.00733	0.06684	0.00179	0.02702	0.00462	0.00268	0.02835

[dist]
# distance from previous block
# <min> <max>
0	1

[block]
# block no. 2 follows, 60 sequences, length 49
# corresponding to MSA columns:
# 206-210,220-263
name=unknown_C
#
# <colnr> <probs for GDERKNQSTAVLIFYWHMCP>
#	G	D	E	R	K	N	Q	S	T	A	V	L	I	F	Y	W	H	M	C	P
0	0.00837	0.00761	0.01098	0.00969	0.01024	0.00992	0.03074	0.03272	0.00732	0.01091	0.00851	0.01303	0.00807	0.03047	0.34721	0.00400	0.43928	0.00425	0.00218	0.00449
1	0.01084	0.34486	0.04138	0.11038	0.08139	0.05657	0.17519	0.02987	0.00949	0.01195	0.00741	0.00958	0.00621	0.00531	0.03910	0.00147	0.04787	0.00349	0.00206	0.00559
2	0.01038	0.09374	0.26129	0.09382	0.14771	0.10332	0.04465	0.05101	0.01915	0.02369	0.00981	0.10353	0.00871	0.00526	0.00426	0.00135	0.00562	0.00444	0.00241	0.00584
3	0.00815	0.00651	0.00840	0.11730	0.07547	0.03496	0.02407	0.03934	0.01001	0.07257	0.03853	0.14696	0.31298	0.03133	0.05208	0.00185	0.00408	0.00732	0.00351	0.00458
4	0.23438	0.19275	0.02189	0.08194	0.05696	0.02689	0.00737	0.15160	0.03406	0.04893	0.02180	0.01097	0.00763	0.01936	0.02120	0.00143	0.00449	0.01819	0.03255	0.00562
5	0.02272	0.05498	0.05307	0.05918	0.08576	0.07958	0.07118	0.13336	0.10493	0.08637	0.03071	0.08590	0.05296	0.00675	0.02716	0.00154	0.02957	0.00505	0.00333	0.00588
6	0.00973	0.06032	0.20635	0.17549	0.09646	0.04294	0.20946	0.04186	0.00987	0.01329	0.00927	0.07475	0.00787	0.00486	0.00464	0.00141	0.01887	0.00457	0.00226	0.00572
7	0.00635	0.00435	0.00535	0.00555	0.00654	0.00389	0.00399	0.00754	0.00993	0.06399	0.19592	0.37806	0.26972	0.01135	0.00528	0.00157	0.00241	0.00998	0.00429	0.00395
8	0.02326	0.12448	0.08112	0.08833	0.24504	0.07965	0.04767	0.04209	0.01016	0.06288	0.03265	0.10037	0.01016	0.02782	0.00473	0.00140	0.00508	0.00469	0.00266	0.00577
9	0.02582	0.06590	0.10083	0.11415	0.26655	0.10099	0.04463	0.07337	0.04098	0.05374	0.03822	0.02909	0.00851	0.00470	0.00434	0.00132	0.01407	0.00402	0.00264	0.00611
10	0.00603	0.00488	0.00772	0.00756	0.00841	0.00455	0.10862	0.00718	0.00862	0.01154	0.02237	0.67452	0.05340	0.03236	0.00586	0.00177	0.00318	0.01107	0.01652	0.00384
11	0.01179	0.19897	0.22497	0.09604	0.06428	0.07725	0.03213	0.17446	0.05270	0.01554	0.00844	0.00964	0.00647	0.00439	0.00395	0.00126	0.00556	0.00338	0.00256	0.00622
12	0.02453	0.08709	0.10904	0.03265	0.16566	0.08944	0.09850	0.07008	0.09515	0.11094	0.03958	0.01288	0.03536	0.00485	0.00428	0.00132	0.00518	0.00417	0.00304	0.00626
13	0.00923	0.06873	0.42105	0.04639	0.11095	0.01014	0.06487	0.03333	0.05014	0.01413	0.05758	0.03532	0.03021	0.00499	0.00453	0.00138	0.02436	0.00420	0.00240	0.00606
14	0.01375	0.02716	0.03347	0.05609	0.02990	0.24340	0.08320	0.24642	0.04959	0.04089	0.00985	0.02937	0.02097	0.00532	0.00534	0.00136	0.09090	0.00401	0.00306	0.00596
15	0.01208	0.01209	0.10623	0.07282	0.23974	0.07874	0.04891	0.16157	0.03433	0.07599	0.01133	0.03495	0.03769	0.00522	0.00476	0.00138	0.03373	0.01916	0.00298	0.00630
16	0.01121	0.10818	0.24914	0.05289	0.08840	0.05361	0.06752	0.07544	0.02141	0.09017	0.01064	0.03980	0.03747	0.00515	0.00499	0.00137	0.06978	0.00410	0.00266	0.00604
17	0.00624	0.00465	0.00561	0.00605	0.00685	0.00448	0.00424	0.02717	0.07445	0.02206	0.05780	0.54427	0.17214	0.03518	0.00580	0.00173	0.00264	0.01056	0.00409	0.00398
18	0.02944	0.55405	0.13415	0.00877	0.01262	0.12963	0.00878	0.03723	0.02921	0.01171	0.00682	0.00776	0.00581	0.00400	0.00323	0.00106	0.00531	0.00264	0.00207	0.00571
19	0.01195	0.12366	0.17148	0.03804	0.07868	0.11410	0.09638	0.09020	0.12007	0.06431	0.01041	0.04349	0.00826	0.00487	0.00420	0.00132	0.00549	0.00407	0.00286	0.00618
20	0.03451	0.03073	0.06455	0.08284	0.25932	0.09848	0.12669	0.11522	0.03718	0.01531	0.03291	0.04639	0.00865	0.00486	0.00461	0.00136	0.02331	0.00435	0.00265	0.00607
21	0.01096	0.00831	0.00941	0.00836	0.01052	0.02419	0.02778	0.17147	0.29288	0.06401	0.01817	0.14375	0.04828	0.00758	0.00470	0.00150	0.00370	0.08119	0.05736	0.00588
22	0.02440	0.00960	0.01409	0.17645	0.40690	0.06187	0.02301	0.01352	0.04799	0.06976	0.02128	0.03452	0.05461	0.00495	0.00437	0.00135	0.00497	0.00447	0.01587	0.00603
23	0.02968	0.08841	0.11793	0.08754	0.10452	0.20823	0.03583	0.04741	0.05714	0.01289	0.01074	0.01280	0.06011	0.04525	0.01848	0.00154	0.04961	0.00395	0.00247	0.00546
24	0.00602	0.00515	0.00529	0.00531	0.00667	0.02586	0.00399	0.00789	0.06113	0.01230	0.07298	0.10186	0.56341	0.03580	0.02853	0.00174	0.00286	0.04532	0.00397	0.00392
25	0.00537	0.00385	0.00511	0.00610	0.00641	0.00360	0.00414	0.00618	0.00845	0.01122	0.02448	0.79712	0.04734	0.01355	0.00557	0.00177	0.00257	0.03955	0.00405	0.00356
26	0.06032	0.06153	0.16658	0.07281	0.26439	0.00951	0.05467	0.03806	0.03126	0.01423	0.05097	0.04290	0.08434	0.02434	0.00472	0.00142	0.00485	0.00471	0.00261	0.00578
27	0.09399	0.01271	0.21569	0.01009	0.04613	0.04742	0.03883	0.08724	0.20969	0.04497	0.04011	0.01586	0.10735	0.00569	0.00429	0.00139	0.00456	0.00462	0.00333	0.00604
28	0.00531	0.00380	0.00506	0.00607	0.00633	0.00354	0.00405	0.00607	0.00835	0.01113	0.02404	0.84388	0.02885	0.01366	0.00557	0.00177	0.00253	0.01240	0.00405	0.00354
29	0.04482	0.04044	0.00962	0.00814	0.01030	0.25138	0.00631	0.11418	0.11014	0.03872	0.12431	0.04168	0.16863	0.00684	0.00442	0.00132	0.00453	0.00539	0.00361	0.00523
30	0.01186	0.14012	0.35208	0.01155	0.02879	0.02473	0.08715	0.18245	0.04282	0.06430	0.00915	0.01000	0.00668	0.00441	0.00411	0.00130	0.00564	0.00356	0.00274	0.00653
31	0.00841	0.00454	0.00505	0.00490	0.00600	0.00466	0.00371	0.03652	0.00924	0.04383	0.01410	0.03944	0.01161	0.03137	0.12413	0.00202	0.00366	0.00445	0.63816	0.00422
32	0.02756	0.00775	0.01215	0.52715	0.02248	0.00992	0.01045	0.01057	0.00800	0.01102	0.00782	0.01202	0.00654	0.02517	0.09844	0.00222	0.19007	0.00397	0.00201	0.00468
33	0.02648	0.12322	0.04285	0.07197	0.15662	0.25975	0.03237	0.15256	0.02747	0.05433	0.00844	0.00964	0.00658	0.00444	0.00401	0.00122	0.00588	0.00340	0.00271	0.00607
34	0.01088	0.14771	0.33419	0.02166	0.08453	0.03247	0.03272	0.09005	0.05190	0.06273	0.01081	0.03371	0.02852	0.00504	0.00415	0.00133	0.00533	0.03338	0.00268	0.00622
35	0.00531	0.00380	0.00506	0.00607	0.00633	0.00354	0.00405	0.00607	0.00835	0.01113	0.02404	0.84388	0.02885	0.01366	0.00557	0.00177	0.00253	0.01240	0.00405	0.00354
36	0.01253	0.01402	0.01329	0.11641	0.21833	0.37328	0.02661	0.04337	0.01126	0.01267	0.03948	0.06184	0.00927	0.00524	0.00432	0.00129	0.00618	0.02267	0.00251	0.00545
37	0.02286	0.08317	0.06822	0.05438	0.21966	0.02901	0.03289	0.17588	0.06470	0.14925	0.01169	0.03221	0.02660	0.00498	0.00425	0.00132	0.00479	0.00419	0.00333	0.00660
38	0.00531	0.00383	0.00503	0.00598	0.00630	0.00355	0.00401	0.00608	0.00844	0.01117	0.02511	0.80108	0.07095	0.01352	0.00554	0.00176	0.00251	0.01223	0.00405	0.00355
39	0.00904	0.00775	0.00904	0.00646	0.01034	0.00581	0.00517	0.01098	0.00904	0.01421	0.00775	0.00904	0.00646	0.00323	0.00323	0.00065	0.00323	0.00258	0.00258	0.87339
40	0.04067	0.00910	0.01147	0.12979	0.20521	0.08873	0.00926	0.08190	0.04263	0.01454	0.01353	0.03672	0.01296	0.00733	0.01654	0.00161	0.00499	0.24576	0.02192	0.00535
41	0.00735	0.00494	0.00625	0.01972	0.00765	0.00471	0.00462	0.04925	0.03201	0.07295	0.09482	0.54240	0.07023	0.02947	0.00560	0.00167	0.00281	0.01002	0.00414	0.02940
42	0.01057	0.11645	0.32929	0.01025	0.04387	0.01019	0.01052	0.09382	0.03851	0.05462	0.00955	0.01045	0.02711	0.00439	0.00413	0.00118	0.02674	0.00336	0.00259	0.19241
43	0.01103	0.06550	0.18528	0.05198	0.06360	0.01027	0.30651	0.03861	0.05337	0.10907	0.01175	0.01304	0.05023	0.00458	0.00456	0.00139	0.00581	0.00452	0.00275	0.00616
44	0.00910	0.05179	0.06620	0.00851	0.06050	0.04336	0.00665	0.07077	0.07225	0.05041	0.33327	0.05152	0.08602	0.00801	0.02708	0.00151	0.02599	0.00612	0.00387	0.01706
45	0.04025	0.11463	0.34989	0.03681	0.06480	0.03219	0.13352	0.01305	0.00931	0.02594	0.03214	0.02966	0.01987	0.00516	0.01729	0.00146	0.06204	0.00394	0.00220	0.00583
46	0.02794	0.02642	0.06108	0.00913	0.06844	0.05147	0.06271	0.09605	0.00960	0.04751	0.02652	0.07137	0.01326	0.37312	0.01224	0.00263	0.00474	0.02829	0.00296	0.00451
47	0.02913	0.01750	0.47052	0.03147	0.12009	0.06723	0.07397	0.03657	0.00995	0.01406	0.02251	0.03394	0.02294	0.00481	0.00433	0.00139	0.00600	0.02526	0.00224	0.00609
48	0.02361	0.05781	0.07077	0.12097	0.15818	0.05969	0.09726	0.04649	0.03072	0.04446	0.06456	0.08840	0.03083	0.00626	0.00462	0.00144	0.00498	0.08054	0.00294	0.00549

[dist]
# distance from previous block
# <min> <max>
1	30

[block]
# block no. 3 follows, 60 sequences, length 27
# corresponding to MSA columns:
# 294-320
name=unknown_D
#
# <colnr> <probs for GDERKNQSTAVLIFYWHMCP>
#	G	D	E	R	K	N	Q	S	T	A	V	L	I	F	Y	W	H	M	C	P
0	0.01164	0.11491	0.20574	0.06103	0.11977	0.13288	0.02073	0.13750	0.03149	0.01500	0.00878	0.04102	0.00720	0.00463	0.00403	0.00123	0.00553	0.00366	0.00255	0.07068
1	0.04049	0.06108	0.05290	0.01736	0.41539	0.02223	0.02421	0.06521	0.02803	0.01440	0.01146	0.11579	0.03139	0.03838	0.00501	0.00144	0.00463	0.00498	0.00267	0.04295
2	0.00674	0.04564	0.02426	0.00714	0.05374	0.00559	0.02613	0.00908	0.05382	0.01468	0.36356	0.07268	0.28270	0.00891	0.00495	0.00141	0.00274	0.00772	0.00408	0.00442
3	0.03634	0.24929	0.04707	0.01018	0.06550	0.14501	0.04535	0.06476	0.04032	0.08637	0.00910	0.01139	0.00769	0.08472	0.02260	0.00160	0.04647	0.00357	0.00266	0.02001
4	0.01130	0.00751	0.00881	0.00746	0.00965	0.00779	0.00591	0.19919	0.14208	0.13828	0.30145	0.02178	0.05982	0.00843	0.04895	0.00168	0.00369	0.00586	0.00456	0.00579
5	0.02363	0.16093	0.12801	0.01471	0.21244	0.11750	0.08192	0.08434	0.08947	0.03325	0.00896	0.01017	0.00703	0.00431	0.00405	0.00126	0.00555	0.00359	0.00258	0.00631
6	0.00927	0.16828	0.33872	0.00942	0.01345	0.01007	0.02839	0.04671	0.07572	0.02542	0.17586	0.03354	0.03600	0.00564	0.00422	0.00131	0.00469	0.00461	0.00293	0.00575
7	0.00556	0.00415	0.00519	0.00577	0.00641	0.00384	0.00400	0.00688	0.02972	0.01241	0.15023	0.55736	0.16787	0.01227	0.00540	0.00165	0.00242	0.01095	0.00418	0.00374
8	0.00538	0.00383	0.00507	0.00601	0.00627	0.00358	0.00400	0.00614	0.00838	0.01120	0.04485	0.79139	0.02868	0.04501	0.00618	0.00185	0.00258	0.01205	0.00402	0.00352
9	0.01206	0.28020	0.11537	0.08047	0.17405	0.06172	0.02308	0.02856	0.02632	0.11854	0.00894	0.01048	0.00707	0.03027	0.00437	0.00130	0.00516	0.00343	0.00254	0.00608
10	0.00623	0.00467	0.00701	0.00701	0.00779	0.00545	0.00545	0.00779	0.00701	0.01012	0.01168	0.01713	0.01090	0.03271	0.82944	0.00701	0.01168	0.00467	0.00234	0.00389
11	0.01919	0.00804	0.01050	0.00805	0.01144	0.00732	0.00665	0.12166	0.01351	0.72068	0.01634	0.01428	0.01036	0.00538	0.00438	0.00134	0.00385	0.00433	0.00527	0.00742
12	0.00857	0.00631	0.00792	0.02528	0.00992	0.00670	0.00680	0.02622	0.21032	0.04459	0.02048	0.04909	0.02045	0.05806	0.00643	0.00195	0.00390	0.47810	0.00406	0.00485
13	0.01056	0.01012	0.01728	0.10051	0.74759	0.01030	0.01327	0.01318	0.00982	0.01397	0.00816	0.01087	0.00681	0.00393	0.00432	0.00131	0.00524	0.00389	0.00214	0.00672
14	0.00529	0.00388	0.00497	0.00585	0.00627	0.00356	0.00395	0.00610	0.00856	0.01122	0.02675	0.73608	0.13490	0.01331	0.00551	0.00173	0.00249	0.01197	0.00405	0.00356
15	0.01799	0.00916	0.01110	0.00860	0.01195	0.00909	0.00707	0.28459	0.06788	0.50248	0.01498	0.01347	0.00983	0.00538	0.00438	0.00134	0.00406	0.00427	0.00499	0.00739
16	0.01079	0.01036	0.01770	0.02677	0.81952	0.01036	0.01339	0.01339	0.00993	0.01425	0.00820	0.01079	0.00691	0.00389	0.00432	0.00130	0.00518	0.00389	0.00216	0.00691
17	0.00634	0.00423	0.00476	0.00476	0.00476	0.00423	0.00264	0.00634	0.00634	0.00846	0.01374	0.02854	0.01586	0.84672	0.02220	0.00423	0.00423	0.00634	0.00264	0.00264
18	0.01289	0.01005	0.01076	0.00913	0.01193	0.01134	0.00726	0.23761	0.55168	0.06392	0.01572	0.01460	0.01156	0.00570	0.00441	0.00143	0.00384	0.00463	0.00447	0.00707
19	0.01111	0.01013	0.01544	0.10519	0.48128	0.01100	0.01160	0.10859	0.09551	0.01559	0.00921	0.01131	0.00742	0.00466	0.00527	0.00139	0.08214	0.00399	0.00262	0.00656
20	0.01243	0.00590	0.00741	0.00620	0.00851	0.00510	0.00491	0.01389	0.01134	0.41244	0.11930	0.02701	0.30030	0.03850	0.00540	0.00150	0.00301	0.00657	0.00475	0.00554
21	0.00904	0.00775	0.00904	0.00646	0.01034	0.00581	0.00517	0.01098	0.00904	0.01421	0.00775	0.00904	0.00646	0.00323	0.00323	0.00065	0.00323	0.00258	0.00258	0.87339
22	0.01173	0.00754	0.00966	0.10426	0.01268	0.00658	0.00634	0.01424	0.05068	0.23419	0.06037	0.01273	0.01003	0.00444	0.00386	0.00102	0.00360	0.00367	0.00350	0.43887
23	0.11558	0.00883	0.00937	0.00826	0.01080	0.00988	0.00649	0.04735	0.54486	0.12497	0.01633	0.05384	0.01249	0.00597	0.00427	0.00145	0.00348	0.00487	0.00434	0.00657
24	0.00744	0.00535	0.00619	0.00596	0.00669	0.02440	0.00414	0.02662	0.05920	0.03437	0.18195	0.02719	0.02036	0.41915	0.10664	0.00343	0.00464	0.04919	0.00335	0.00373
25	0.08353	0.30963	0.06448	0.00876	0.01215	0.15065	0.03550	0.05059	0.01078	0.18974	0.02564	0.02394	0.00789	0.00461	0.00366	0.00118	0.00501	0.00337	0.00299	0.00591
26	0.13774	0.01170	0.01263	0.01425	0.25746	0.16980	0.02732	0.09867	0.06383	0.01575	0.00885	0.01102	0.00734	0.03592	0.00461	0.00134	0.00508	0.01404	0.00273	0.09991

[dist]
# distance from previous block
# <min> <max>
0	41

[block]
# block no. 4 follows, 60 sequences, length 43
# corresponding to MSA columns:
# 363-405
name=unknown_E
#
# <colnr> <probs for GDERKNQSTAVLIFYWHMCP>
#	G	D	E	R	K	N	Q	S	T	A	V	L	I	F	Y	W	H	M	C	P
0	0.01200	0.00889	0.01167	0.00964	0.01216	0.02779	0.11519	0.16803	0.19350	0.12795	0.02900	0.03081	0.01320	0.08945	0.02458	0.00188	0.00468	0.10972	0.00392	0.00593
1	0.00654	0.00518	0.00587	0.00549	0.00706	0.00460	0.00412	0.05722	0.01076	0.01414	0.19996	0.16377	0.38589	0.00980	0.00496	0.00140	0.00250	0.00839	0.00407	0.09829
2	0.43361	0.00995	0.08614	0.02230	0.01042	0.04363	0.00707	0.01171	0.00792	0.01544	0.00994	0.05586	0.05777	0.00599	0.00584	0.00151	0.18648	0.02105	0.00260	0.00477
3	0.00909	0.00792	0.00946	0.00694	0.01044	0.00653	0.00559	0.01094	0.00882	0.01386	0.00756	0.00909	0.00639	0.00365	0.00429	0.00077	0.08296	0.00270	0.00252	0.79050
4	0.01628	0.01682	0.01164	0.04434	0.01340	0.59070	0.00797	0.01760	0.01215	0.18500	0.01030	0.01068	0.03432	0.00491	0.00409	0.00120	0.00670	0.00341	0.00297	0.00551
5	0.01614	0.04865	0.01271	0.01111	0.01341	0.80191	0.00839	0.01727	0.01224	0.01066	0.00672	0.00784	0.00562	0.00447	0.00389	0.00112	0.00776	0.00279	0.00223	0.00507
6	0.00626	0.00428	0.00529	0.00540	0.00564	0.00443	0.00346	0.00676	0.00680	0.00938	0.01441	0.11524	0.01600	0.54073	0.20665	0.00450	0.00570	0.00655	0.02943	0.00308
7	0.00613	0.00504	0.00561	0.00510	0.00685	0.00426	0.00388	0.00782	0.02457	0.01377	0.23907	0.03387	0.47325	0.00917	0.00483	0.00132	0.00235	0.00774	0.00402	0.14135
8	0.00758	0.00379	0.00568	0.00568	0.00568	0.00379	0.00379	0.00568	0.00568	0.00758	0.00758	0.01326	0.00758	0.01515	0.01705	0.87311	0.00379	0.00379	0.00189	0.00189
9	0.00904	0.00775	0.00904	0.00646	0.01034	0.00581	0.00517	0.01098	0.00904	0.01421	0.00775	0.00904	0.00646	0.00323	0.00323	0.00065	0.00323	0.00258	0.00258	0.87339
10	0.17886	0.00792	0.00939	0.00756	0.01066	0.00774	0.00617	0.01998	0.13788	0.54501	0.01521	0.01362	0.01006	0.00523	0.00408	0.00137	0.00361	0.00409	0.00474	0.00683
11	0.00933	0.18886	0.66296	0.01143	0.01733	0.01156	0.01437	0.01366	0.00914	0.01310	0.00747	0.00876	0.00554	0.00406	0.00387	0.00129	0.00609	0.00304	0.00185	0.00627
12	0.03845	0.79562	0.02200	0.00754	0.01119	0.04433	0.00741	0.01320	0.00894	0.01056	0.00609	0.00703	0.00557	0.00377	0.00283	0.00095	0.00473	0.00235	0.00190	0.00555
13	0.01608	0.01244	0.13972	0.00951	0.01317	0.09630	0.00871	0.23497	0.01405	0.35058	0.01304	0.01366	0.00917	0.00538	0.00437	0.00135	0.00490	0.04161	0.00415	0.00685
14	0.00596	0.00430	0.00578	0.00674	0.00734	0.00412	0.00515	0.00722	0.00908	0.01190	0.02468	0.49906	0.06677	0.01291	0.00572	0.00185	0.00308	0.31056	0.00404	0.00373
15	0.00824	0.00775	0.01308	0.83624	0.03004	0.00969	0.01211	0.01114	0.00872	0.01114	0.00775	0.01163	0.00581	0.00436	0.00436	0.00145	0.00581	0.00388	0.00194	0.00484
16	0.00867	0.00819	0.01386	0.70034	0.16258	0.00980	0.01233	0.01152	0.00892	0.01166	0.00783	0.01149	0.00600	0.00428	0.00435	0.00143	0.00571	0.00388	0.00198	0.00519
17	0.87753	0.00843	0.00641	0.00574	0.00843	0.00978	0.00472	0.01282	0.00742	0.01957	0.00607	0.00709	0.00472	0.00405	0.00270	0.00135	0.00337	0.00236	0.00270	0.00472
18	0.00717	0.00520	0.00711	0.00795	0.00903	0.00526	0.00688	0.00968	0.04868	0.01351	0.06045	0.04683	0.02529	0.01161	0.00591	0.00195	0.00390	0.71537	0.00407	0.00416
19	0.00531	0.00380	0.00506	0.00607	0.00633	0.00354	0.00405	0.00607	0.00835	0.01113	0.02404	0.84388	0.02885	0.01366	0.00557	0.00177	0.00253	0.01240	0.00405	0.00354
20	0.01873	0.00724	0.00985	0.00762	0.01084	0.00627	0.00627	0.02044	0.01247	0.77208	0.06735	0.01596	0.01270	0.00562	0.00443	0.00135	0.00361	0.00461	0.00536	0.00722
21	0.00730	0.00564	0.00820	0.00767	0.00923	0.00530	0.09083	0.00945	0.04051	0.05193	0.10669	0.14934	0.23578	0.01024	0.00541	0.00166	0.00345	0.24303	0.00400	0.00434
22	0.01816	0.00817	0.01050	0.00815	0.01138	0.00771	0.00671	0.17067	0.01368	0.61919	0.01557	0.01415	0.01016	0.00708	0.05609	0.00170	0.00442	0.00432	0.00501	0.00720
23	0.01657	0.04046	0.01290	0.00969	0.01304	0.06375	0.00799	0.61804	0.01837	0.12284	0.01093	0.01085	0.00772	0.00567	0.01955	0.00139	0.00498	0.00387	0.00423	0.00714
24	0.00653	0.00510	0.00619	0.05821	0.00848	0.02352	0.00494	0.03316	0.02546	0.02344	0.05293	0.47192	0.18598	0.01153	0.00531	0.00165	0.00299	0.06475	0.00393	0.00398
25	0.00986	0.00969	0.01405	0.09407	0.19705	0.06736	0.09799	0.01293	0.08580	0.01296	0.01131	0.04262	0.01054	0.00652	0.00685	0.00159	0.18413	0.12657	0.00266	0.00545
26	0.12175	0.00976	0.08959	0.02958	0.04564	0.00867	0.02578	0.13058	0.03392	0.23282	0.03038	0.01385	0.03627	0.05787	0.00563	0.00150	0.03868	0.00414	0.00362	0.07996
27	0.06570	0.18415	0.18056	0.09063	0.13658	0.03686	0.04039	0.11008	0.04872	0.04058	0.00874	0.01046	0.00685	0.00441	0.00393	0.00128	0.00525	0.01610	0.00256	0.00615
28	0.02864	0.08723	0.44647	0.04770	0.12525	0.01103	0.04996	0.10086	0.01061	0.04039	0.00832	0.00972	0.00614	0.00422	0.00411	0.00133	0.00581	0.00345	0.00231	0.00645
29	0.02098	0.08408	0.07146	0.00749	0.03597	0.04810	0.00590	0.00916	0.04767	0.01199	0.02316	0.40243	0.18040	0.01013	0.00490	0.00154	0.00341	0.02334	0.00352	0.00436
30	0.08901	0.02598	0.05988	0.00738	0.00968	0.04686	0.03291	0.01318	0.22276	0.02744	0.06331	0.09396	0.26005	0.00777	0.00455	0.00143	0.00348	0.00648	0.00373	0.02016
31	0.12706	0.04229	0.07912	0.15794	0.14739	0.06429	0.04865	0.08739	0.02356	0.08441	0.02769	0.02504	0.04671	0.00527	0.01398	0.00142	0.00506	0.00410	0.00286	0.00578
32	0.03842	0.02254	0.09458	0.00899	0.03331	0.07854	0.04486	0.04605	0.07059	0.12510	0.07044	0.10947	0.14441	0.00755	0.01627	0.00150	0.05445	0.00591	0.00354	0.02348
33	0.03714	0.01357	0.25676	0.01212	0.12749	0.07156	0.04347	0.02788	0.00997	0.06915	0.02436	0.04534	0.00833	0.00461	0.00406	0.00120	0.00503	0.01740	0.00261	0.21795
34	0.22709	0.08138	0.04960	0.00772	0.01006	0.10580	0.00641	0.06878	0.07130	0.02829	0.03254	0.18994	0.02336	0.00670	0.00433	0.00138	0.03242	0.00525	0.00316	0.04450
35	0.21216	0.06607	0.18493	0.01064	0.07581	0.00984	0.08256	0.04871	0.08892	0.05000	0.07256	0.04446	0.02521	0.00517	0.00403	0.00137	0.00455	0.00427	0.00297	0.00576
36	0.05349	0.10325	0.17115	0.00921	0.02698	0.02841	0.03090	0.11486	0.08187	0.06809	0.10085	0.09961	0.03014	0.00616	0.00451	0.00135	0.02392	0.00503	0.00332	0.03691
37	0.05107	0.15776	0.08667	0.01125	0.11857	0.03132	0.04013	0.08677	0.11651	0.16060	0.03199	0.01266	0.02004	0.00487	0.00403	0.00127	0.00454	0.01515	0.00332	0.04147
38	0.03875	0.10100	0.25466	0.01166	0.07705	0.03290	0.08347	0.09908	0.08790	0.02545	0.01141	0.05445	0.04160	0.00541	0.01379	0.00138	0.00521	0.00428	0.00275	0.04779
39	0.01819	0.12243	0.32883	0.01113	0.07258	0.05379	0.03201	0.04649	0.03701	0.02242	0.06314	0.06249	0.02543	0.00542	0.00419	0.00131	0.00514	0.03085	0.00262	0.05452
40	0.02227	0.07036	0.21584	0.01225	0.11430	0.04014	0.08464	0.11041	0.03280	0.09246	0.07106	0.01406	0.06029	0.00510	0.00430	0.00131	0.00503	0.00434	0.00304	0.03599
41	0.06261	0.09096	0.16032	0.01154	0.09153	0.12324	0.08572	0.04144	0.01072	0.10601	0.07948	0.02413	0.02147	0.00495	0.00414	0.00127	0.00518	0.01497	0.00290	0.05742
42	0.05461	0.14279	0.06192	0.03033	0.08265	0.04956	0.06458	0.03146	0.02638	0.09430	0.14561	0.09070	0.06405	0.00636	0.00433	0.00132	0.00421	0.01549	0.00329	0.02606

[dist]
# distance from previous block
# <min> <max>
7	40

[block]
# block no. 5 follows, 60 sequences, length 8
# corresponding to MSA columns:
# 446-453
name=unknown_F
#
# <colnr> <probs for GDERKNQSTAVLIFYWHMCP>
#	G	D	E	R	K	N	Q	S	T	A	V	L	I	F	Y	W	H	M	C	P
0	0.06300	0.12583	0.22642	0.06277	0.06471	0.08162	0.03006	0.03891	0.00971	0.01363	0.05163	0.05302	0.00905	0.01806	0.00460	0.00130	0.03616	0.00388	0.00242	0.10321
1	0.08291	0.08097	0.05921	0.04223	0.04887	0.03571	0.06781	0.08043	0.07280	0.06791	0.08974	0.06650	0.02960	0.02595	0.00530	0.00141	0.06009	0.00476	0.00318	0.07461
2	0.06910	0.05256	0.04536	0.05455	0.08264	0.03873	0.06789	0.07017	0.09356	0.04593	0.02337	0.05552	0.04269	0.00517	0.00443	0.00123	0.03548	0.00429	0.00299	0.20434
3	0.02850	0.04527	0.14661	0.01035	0.05878	0.03820	0.05975	0.17907	0.05832	0.06235	0.05087	0.01317	0.04073	0.02634	0.00459	0.00129	0.00466	0.00406	0.00318	0.16391
4	0.01028	0.00972	0.03489	0.38827	0.21366	0.03981	0.03807	0.06597	0.04381	0.03945	0.00910	0.01241	0.00720	0.00474	0.00485	0.00143	0.04244	0.02574	0.00244	0.00574
5	0.04171	0.09179	0.08793	0.39629	0.07230	0.04739	0.01057	0.05938	0.02603	0.01324	0.00831	0.01140	0.00663	0.00444	0.00405	0.00130	0.00533	0.02524	0.00229	0.08441
6	0.25377	0.15787	0.09450	0.00833	0.01160	0.08363	0.02650	0.04973	0.10649	0.03172	0.00929	0.01001	0.02681	0.00455	0.00383	0.00123	0.03098	0.00321	0.00275	0.08319
7	0.05847	0.03051	0.04181	0.01009	0.03136	0.01212	0.02776	0.50515	0.05590	0.07134	0.03057	0.01122	0.00835	0.00524	0.00480	0.00133	0.05169	0.00394	0.00391	0.03441

[dist]
# distance from previous block
# <min> <max>
5	78

[block]
# block no. 6 follows, 60 sequences, length 17
# corresponding to MSA columns:
# 532-548
name=unknown_G
#
# <colnr> <probs for GDERKNQSTAVLIFYWHMCP>
#	G	D	E	R	K	N	Q	S	T	A	V	L	I	F	Y	W	H	M	C	P
0	0.04369	0.10510	0.08694	0.03242	0.24286	0.06731	0.06274	0.04581	0.03551	0.05999	0.02315	0.01064	0.00751	0.00482	0.02354	0.00132	0.00517	0.00356	0.00258	0.13534
1	0.07265	0.20019	0.10000	0.00963	0.03048	0.06911	0.08414	0.04228	0.03025	0.14780	0.04991	0.01169	0.00895	0.00462	0.00398	0.00120	0.01460	0.01609	0.00298	0.09945
2	0.03631	0.27430	0.11950	0.00958	0.03511	0.08566	0.05101	0.03917	0.02192	0.19054	0.00947	0.00988	0.00705	0.00426	0.00370	0.00114	0.00495	0.00324	0.00290	0.09034
3	0.04713	0.13810	0.14039	0.03406	0.01371	0.01902	0.08385	0.06193	0.01096	0.26303	0.02216	0.03692	0.00993	0.00537	0.00423	0.00134	0.00474	0.06306	0.00345	0.03662
4	0.05084	0.14789	0.05937	0.00887	0.01210	0.06267	0.05651	0.11233	0.06997	0.18413	0.03232	0.01369	0.06942	0.00529	0.00442	0.00126	0.03550	0.00412	0.00346	0.06583
5	0.04155	0.00727	0.02271	0.00700	0.00878	0.07935	0.00563	0.01179	0.03938	0.16221	0.14851	0.10328	0.19959	0.00880	0.00517	0.00151	0.02638	0.11214	0.00411	0.00483
6	0.02226	0.41226	0.02690	0.00895	0.07113	0.01182	0.01826	0.01258	0.03876	0.07371	0.03386	0.04225	0.08887	0.00616	0.00413	0.00127	0.02113	0.09745	0.00287	0.00540
7	0.00783	0.04719	0.04556	0.00664	0.00782	0.00526	0.00508	0.03688	0.00918	0.10087	0.02071	0.56754	0.03601	0.07406	0.00643	0.00183	0.00315	0.00978	0.00389	0.00428
8	0.11419	0.61418	0.04663	0.00766	0.01125	0.05938	0.00741	0.01391	0.00917	0.07253	0.00700	0.00772	0.00588	0.00395	0.00301	0.00104	0.00468	0.00255	0.00225	0.00563
9	0.00530	0.00383	0.00502	0.00597	0.00630	0.00355	0.00400	0.00608	0.00844	0.01117	0.02523	0.79628	0.07567	0.01351	0.00554	0.00175	0.00251	0.01221	0.00405	0.00355
10	0.01173	0.79824	0.04542	0.00773	0.01149	0.04397	0.00774	0.01323	0.00899	0.01038	0.00614	0.00709	0.00560	0.00377	0.00287	0.00095	0.00482	0.00237	0.00188	0.00560
11	0.00531	0.00380	0.00506	0.00607	0.00633	0.00354	0.00405	0.00607	0.00835	0.01113	0.02404	0.84388	0.02885	0.01366	0.00557	0.00177	0.00253	0.01240	0.00405	0.00354
12	0.00628	0.00424	0.00494	0.00499	0.00507	0.00428	0.00293	0.00644	0.00650	0.00872	0.01412	0.06981	0.01616	0.74253	0.08199	0.00431	0.00470	0.00653	0.00269	0.00278
13	0.05744	0.47135	0.04205	0.00920	0.02510	0.24482	0.00810	0.01411	0.00964	0.01105	0.00632	0.00756	0.00559	0.00427	0.00404	0.00110	0.06823	0.00263	0.00202	0.00538
14	0.03469	0.03609	0.10065	0.00791	0.01187	0.00825	0.00714	0.16603	0.01138	0.04230	0.00890	0.01048	0.00710	0.00406	0.00363	0.00094	0.00398	0.02395	0.00296	0.50769
15	0.01146	0.60549	0.18954	0.00875	0.01300	0.03642	0.00935	0.06033	0.00972	0.01204	0.00671	0.00769	0.00569	0.00393	0.00320	0.00105	0.00513	0.00263	0.00202	0.00587
16	0.01045	0.33977	0.41297	0.00984	0.01469	0.01252	0.01143	0.03779	0.00941	0.04696	0.00793	0.00963	0.00637	0.04760	0.00457	0.00135	0.00548	0.00311	0.00212	0.00599

[dist]
# distance from previous block
# <min> <max>
0	13

# created by:
# /st0/software/busco_prod/Augustus/scripts/msa2prfl.pl ./align_prep/38532.fa
