[name]
unknown

[dist]
# distance from previous block
# <min> <max>
0	9

[block]
# block no. 0 follows, 66 sequences, length 17
# corresponding to MSA columns:
# 9-25
name=unknown_A
#
# <colnr> <probs for GDERKNQSTAVLIFYWHMCP>
#	G	D	E	R	K	N	Q	S	T	A	V	L	I	F	Y	W	H	M	C	P
0	0.00513	0.00373	0.00487	0.00563	0.00609	0.00347	0.00396	0.00605	0.00830	0.01097	0.07799	0.64743	0.10438	0.01204	0.00515	0.00162	0.00242	0.08356	0.00381	0.00338
1	0.01214	0.25462	0.05082	0.00875	0.01158	0.24455	0.00748	0.09305	0.25125	0.01352	0.00949	0.00968	0.00749	0.00442	0.00354	0.00112	0.00493	0.00319	0.00276	0.00562
2	0.00749	0.02435	0.23558	0.00858	0.04439	0.04297	0.00786	0.02204	0.04506	0.02904	0.01411	0.23668	0.04679	0.03956	0.16017	0.00241	0.00543	0.00593	0.00271	0.01886
3	0.07625	0.16288	0.24713	0.00896	0.01200	0.06178	0.03879	0.01116	0.00906	0.01264	0.01364	0.25058	0.04454	0.02550	0.00480	0.00156	0.00471	0.00589	0.00288	0.00524
4	0.12135	0.06248	0.07989	0.00932	0.02722	0.34279	0.00771	0.11509	0.08993	0.09424	0.00863	0.00902	0.00651	0.00435	0.00362	0.00116	0.00535	0.00305	0.00281	0.00549
5	0.00505	0.00364	0.00478	0.00551	0.00589	0.00337	0.00375	0.00594	0.00834	0.01121	0.13617	0.70807	0.05922	0.01200	0.00511	0.00159	0.00228	0.01083	0.00386	0.00337
6	0.00605	0.00440	0.00579	0.00620	0.04310	0.00413	0.00426	0.00774	0.02960	0.03642	0.40453	0.26503	0.12529	0.01002	0.02721	0.00153	0.00250	0.00828	0.00402	0.00389
7	0.01064	0.06218	0.12461	0.06313	0.11577	0.11129	0.29525	0.04390	0.05802	0.04765	0.00869	0.01076	0.00671	0.00402	0.00418	0.00127	0.00581	0.01817	0.00233	0.00563
8	0.00760	0.00521	0.00627	0.00581	0.00717	0.00520	0.00444	0.01130	0.17376	0.07531	0.46102	0.06656	0.05803	0.00756	0.00448	0.00130	0.00234	0.01913	0.07298	0.00452
9	0.00501	0.00356	0.00469	0.00557	0.00579	0.00334	0.00368	0.00567	0.00764	0.01019	0.02173	0.79998	0.02603	0.06859	0.00620	0.00180	0.00246	0.01116	0.00368	0.00324
10	0.03534	0.03139	0.24823	0.03895	0.07917	0.09830	0.11305	0.01449	0.14505	0.06306	0.03139	0.01116	0.00799	0.00553	0.04191	0.00151	0.02156	0.00373	0.00254	0.00564
11	0.01010	0.00823	0.01372	0.03722	0.04350	0.00792	0.27952	0.01296	0.08756	0.11790	0.12054	0.06222	0.09978	0.02857	0.00556	0.00157	0.02807	0.00590	0.02366	0.00549
12	0.01542	0.00674	0.00884	0.00703	0.00970	0.00613	0.00570	0.09226	0.01204	0.59644	0.12314	0.07124	0.01458	0.00595	0.00424	0.00128	0.00327	0.00496	0.00477	0.00626
13	0.07424	0.15672	0.03809	0.00845	0.01155	0.08931	0.00725	0.39108	0.05515	0.09687	0.00937	0.00948	0.00688	0.00450	0.00364	0.00115	0.00445	0.00327	0.02243	0.00611
14	0.22154	0.18950	0.02929	0.00877	0.05102	0.15101	0.03182	0.09973	0.08930	0.05915	0.00887	0.00938	0.02621	0.00427	0.00336	0.00115	0.00449	0.00307	0.00271	0.00536
15	0.01290	0.01065	0.05269	0.00938	0.02746	0.06403	0.05733	0.22497	0.07221	0.11991	0.02427	0.01198	0.00865	0.00483	0.00414	0.00121	0.00445	0.01258	0.00354	0.27283
16	0.01053	0.05323	0.29689	0.08393	0.03519	0.09866	0.13165	0.14388	0.02825	0.02991	0.03021	0.02360	0.00712	0.00430	0.00403	0.00125	0.00559	0.00367	0.00242	0.00570

[dist]
# distance from previous block
# <min> <max>
2	5

[block]
# block no. 1 follows, 66 sequences, length 13
# corresponding to MSA columns:
# 31-43
name=unknown_B
#
# <colnr> <probs for GDERKNQSTAVLIFYWHMCP>
#	G	D	E	R	K	N	Q	S	T	A	V	L	I	F	Y	W	H	M	C	P
0	0.00873	0.04113	0.09774	0.02156	0.01991	0.08466	0.03184	0.06359	0.08407	0.03710	0.22624	0.09375	0.05510	0.00749	0.03626	0.00146	0.01382	0.01918	0.00332	0.05308
1	0.01012	0.00982	0.01906	0.09481	0.01899	0.00954	0.53224	0.09339	0.01059	0.05723	0.06535	0.01221	0.00857	0.00403	0.00455	0.00131	0.00582	0.00462	0.00256	0.03520
2	0.02589	0.07206	0.01676	0.16475	0.40437	0.00999	0.16652	0.01185	0.00889	0.01233	0.00855	0.01097	0.03396	0.00398	0.00436	0.00126	0.03200	0.00387	0.00202	0.00561
3	0.00957	0.02490	0.04648	0.06124	0.06505	0.09020	0.09378	0.08900	0.01021	0.09049	0.06652	0.26090	0.02917	0.02462	0.00481	0.00142	0.00421	0.01941	0.00322	0.00482
4	0.08524	0.03142	0.00967	0.00721	0.01032	0.00695	0.00599	0.07408	0.01167	0.69225	0.01448	0.01276	0.00925	0.00487	0.00391	0.00124	0.00352	0.00385	0.00467	0.00666
5	0.00830	0.04718	0.76570	0.01172	0.01753	0.00968	0.05889	0.01283	0.00861	0.01275	0.00728	0.00863	0.00520	0.00382	0.00387	0.00128	0.00599	0.00307	0.00173	0.00594
6	0.01173	0.06716	0.17625	0.04208	0.07480	0.08298	0.17861	0.11418	0.02055	0.13868	0.02064	0.02639	0.00739	0.00435	0.00419	0.00125	0.01632	0.00385	0.00274	0.00585
7	0.00960	0.01088	0.02357	0.01748	0.06100	0.01023	0.77787	0.01297	0.00956	0.01301	0.00818	0.01090	0.00617	0.00343	0.00475	0.00136	0.00674	0.00473	0.00205	0.00552
8	0.00493	0.00356	0.00467	0.00556	0.00586	0.00330	0.00373	0.00566	0.00785	0.01039	0.02343	0.80836	0.07256	0.01257	0.00516	0.00163	0.00234	0.01136	0.00377	0.00330
9	0.01063	0.00974	0.03531	0.04015	0.70028	0.00945	0.03094	0.03239	0.00961	0.07018	0.00826	0.01030	0.00663	0.00375	0.00404	0.00122	0.00480	0.00366	0.00226	0.00640
10	0.01020	0.00962	0.12395	0.01039	0.09846	0.02746	0.07669	0.10939	0.08676	0.11939	0.07577	0.12370	0.05410	0.00613	0.00446	0.00132	0.02002	0.00533	0.03138	0.00549
11	0.00693	0.00352	0.00525	0.00531	0.00532	0.00351	0.00354	0.00531	0.00542	0.00723	0.00789	0.05892	0.00814	0.01402	0.01527	0.83327	0.00346	0.00397	0.00187	0.00185
12	0.00883	0.01854	0.62088	0.06979	0.01830	0.05308	0.10687	0.03401	0.00908	0.01288	0.00739	0.00896	0.00533	0.00386	0.00397	0.00128	0.00608	0.00324	0.00184	0.00579

[dist]
# distance from previous block
# <min> <max>
0	4

[block]
# block no. 2 follows, 66 sequences, length 40
# corresponding to MSA columns:
# 48-87
name=unknown_C
#
# <colnr> <probs for GDERKNQSTAVLIFYWHMCP>
#	G	D	E	R	K	N	Q	S	T	A	V	L	I	F	Y	W	H	M	C	P
0	0.03031	0.00686	0.00858	0.02462	0.02414	0.00702	0.05970	0.11698	0.17201	0.06824	0.22000	0.02298	0.20786	0.00694	0.00443	0.00131	0.00312	0.00595	0.00391	0.00503
1	0.00855	0.11216	0.13313	0.01032	0.02336	0.00877	0.23602	0.02075	0.06754	0.03164	0.15706	0.05166	0.06692	0.00559	0.00452	0.00130	0.02587	0.01407	0.01572	0.00506
2	0.12500	0.00821	0.03776	0.04408	0.12644	0.00704	0.00658	0.04158	0.00881	0.03864	0.00759	0.01809	0.00618	0.00350	0.00325	0.00088	0.00354	0.00282	0.00247	0.50754
3	0.76190	0.00820	0.00647	0.00580	0.00827	0.02708	0.00471	0.01318	0.10548	0.01788	0.00697	0.00764	0.00537	0.00398	0.00273	0.00127	0.00324	0.00249	0.00270	0.00464
4	0.00575	0.00404	0.00525	0.00536	0.00567	0.00429	0.00360	0.00638	0.00636	0.00875	0.01321	0.12227	0.01446	0.44337	0.32875	0.00464	0.00636	0.00599	0.00251	0.00300
5	0.00844	0.00821	0.01151	0.00999	0.01006	0.01134	0.00824	0.00936	0.00624	0.00966	0.00619	0.01027	0.00618	0.04005	0.10222	0.00236	0.72985	0.00372	0.00184	0.00428
6	0.00792	0.00606	0.00820	0.00830	0.07703	0.00661	0.02220	0.14687	0.00887	0.01227	0.01114	0.04724	0.01081	0.21496	0.37804	0.00422	0.01768	0.00479	0.00260	0.00419
7	0.00809	0.00555	0.00673	0.00656	0.00769	0.02515	0.01391	0.08635	0.05779	0.09717	0.04493	0.43074	0.04344	0.05427	0.06084	0.00196	0.00356	0.03725	0.00374	0.00427
8	0.00505	0.00363	0.00493	0.00575	0.00605	0.00351	0.00392	0.00584	0.00762	0.01024	0.02098	0.75377	0.02482	0.01484	0.10586	0.00223	0.00338	0.01067	0.00357	0.00333
9	0.00958	0.01094	0.02394	0.01710	0.02120	0.01026	0.81737	0.01300	0.00958	0.01300	0.00821	0.01094	0.00616	0.00342	0.00479	0.00137	0.00684	0.00479	0.00205	0.00547
10	0.01302	0.19802	0.10637	0.00923	0.01271	0.05529	0.03433	0.39807	0.08245	0.03858	0.00906	0.00937	0.00676	0.00443	0.00373	0.00116	0.00470	0.00333	0.00315	0.00623
11	0.00623	0.00432	0.00503	0.00474	0.00606	0.00379	0.00360	0.00769	0.01033	0.07283	0.36813	0.03298	0.42012	0.00893	0.00469	0.00131	0.00209	0.00761	0.02567	0.00385
12	0.00580	0.00432	0.00637	0.00637	0.00704	0.00499	0.00489	0.00715	0.00648	0.00931	0.01100	0.01669	0.01047	0.08925	0.78296	0.00634	0.01037	0.00446	0.00219	0.00354
13	0.00534	0.00400	0.00493	0.00572	0.00614	0.01841	0.00393	0.00637	0.02475	0.01070	0.02280	0.72499	0.07296	0.01202	0.00506	0.00161	0.00248	0.03913	0.02526	0.00342
14	0.01242	0.49077	0.01734	0.00946	0.07309	0.26941	0.00764	0.03960	0.00974	0.02854	0.00634	0.00729	0.00547	0.00378	0.00311	0.00097	0.00528	0.00250	0.00201	0.00524
15	0.00761	0.00623	0.00804	0.01760	0.00906	0.00667	0.05510	0.06862	0.23640	0.01354	0.03045	0.44572	0.01928	0.00920	0.00503	0.00152	0.03042	0.02116	0.00370	0.00462
16	0.01342	0.06324	0.15568	0.00972	0.01328	0.10406	0.02122	0.46405	0.07285	0.02929	0.00922	0.00953	0.00672	0.00456	0.00391	0.00120	0.00498	0.00343	0.00328	0.00634
17	0.00849	0.00856	0.00775	0.00743	0.00848	0.23882	0.04348	0.00954	0.00905	0.01095	0.07907	0.34441	0.02521	0.04664	0.02564	0.02311	0.02621	0.00697	0.06637	0.00383
18	0.02171	0.07993	0.01047	0.00705	0.01047	0.00842	0.00582	0.21773	0.05137	0.02587	0.00827	0.00896	0.00651	0.00368	0.00330	0.00084	0.00351	0.00283	0.00289	0.52038
19	0.00528	0.00417	0.00602	0.00627	0.00696	0.00384	0.06159	0.00625	0.00815	0.01067	0.02417	0.65613	0.14673	0.01165	0.00510	0.00159	0.00265	0.02566	0.00364	0.00348
20	0.01104	0.05703	0.01922	0.03897	0.01779	0.22092	0.48002	0.02735	0.00997	0.01208	0.00746	0.00962	0.00583	0.00376	0.00456	0.00124	0.03328	0.00393	0.00208	0.03383
21	0.00577	0.00464	0.00542	0.00551	0.03277	0.00426	0.00396	0.02132	0.04887	0.01355	0.33138	0.05117	0.42902	0.00907	0.00474	0.00134	0.00221	0.01715	0.00399	0.00387
22	0.00783	0.00738	0.01247	0.78914	0.08515	0.00906	0.01135	0.01051	0.00819	0.01057	0.00724	0.01076	0.00548	0.00402	0.00405	0.00134	0.00537	0.00361	0.00182	0.00464
23	0.00764	0.00408	0.00578	0.00557	0.00580	0.00417	0.00382	0.06314	0.00627	0.00836	0.00724	0.01215	0.00704	0.01344	0.01502	0.81931	0.00359	0.00353	0.00193	0.00213
24	0.00502	0.00366	0.00475	0.00555	0.00595	0.00338	0.00381	0.00585	0.00812	0.01072	0.05539	0.71072	0.10577	0.01224	0.00514	0.00161	0.00236	0.04280	0.00379	0.00335
25	0.01787	0.00744	0.00975	0.00747	0.01062	0.00675	0.00617	0.11518	0.01250	0.73825	0.01526	0.01332	0.00967	0.00500	0.00408	0.00125	0.00357	0.00403	0.00491	0.00690
26	0.00581	0.00426	0.00486	0.00463	0.00594	0.00370	0.00350	0.00719	0.01019	0.05382	0.33185	0.03456	0.49652	0.00928	0.00476	0.00133	0.00207	0.00789	0.00409	0.00375
27	0.00480	0.00411	0.00411	0.00411	0.00548	0.00343	0.00308	0.00582	0.00925	0.01096	0.04110	0.03905	0.83046	0.01028	0.00480	0.00137	0.00206	0.00856	0.00377	0.00343
28	0.00921	0.00962	0.07135	0.01018	0.01272	0.10764	0.27748	0.04231	0.00939	0.01323	0.01018	0.03929	0.00835	0.00732	0.09828	0.00178	0.00562	0.00423	0.25712	0.00470
29	0.00578	0.00388	0.00446	0.00458	0.00461	0.00385	0.00262	0.00587	0.00614	0.00818	0.01400	0.13170	0.01628	0.75018	0.01869	0.00364	0.00373	0.00662	0.00262	0.00256
30	0.01004	0.00964	0.01647	0.02490	0.83211	0.00964	0.01245	0.01245	0.00924	0.01325	0.00763	0.01004	0.00643	0.00361	0.00402	0.00120	0.00482	0.00361	0.00201	0.00643
31	0.01425	0.01788	0.01158	0.11126	0.01440	0.74093	0.00825	0.01550	0.01109	0.00998	0.00638	0.00774	0.00525	0.00417	0.00371	0.00108	0.00709	0.00273	0.00206	0.00468
32	0.70137	0.03315	0.03609	0.00556	0.00810	0.00872	0.00477	0.03093	0.00758	0.01706	0.01008	0.01064	0.10397	0.00457	0.00287	0.00126	0.00318	0.00303	0.00265	0.00442
33	0.00593	0.00444	0.00543	0.00521	0.00628	0.00416	0.00389	0.03647	0.03078	0.01496	0.54219	0.12664	0.18045	0.00898	0.00479	0.00134	0.00211	0.00785	0.00423	0.00387
34	0.00902	0.30993	0.52804	0.00984	0.01479	0.01156	0.01194	0.01246	0.00848	0.01169	0.00718	0.00907	0.00576	0.00396	0.00348	0.00116	0.00535	0.02887	0.00179	0.00565
35	0.00963	0.00936	0.01642	0.17500	0.58465	0.00964	0.09894	0.02420	0.00922	0.01288	0.00765	0.01028	0.00622	0.00369	0.00411	0.00125	0.00514	0.00374	0.00201	0.00598
36	0.00651	0.00575	0.03793	0.00842	0.07691	0.00614	0.00615	0.00798	0.00674	0.00976	0.01016	0.01552	0.00965	0.09912	0.59589	0.00524	0.08178	0.00431	0.00213	0.00391
37	0.00705	0.00352	0.00529	0.00529	0.00529	0.00352	0.00352	0.00529	0.00529	0.00705	0.00705	0.01233	0.00705	0.01409	0.01586	0.88196	0.00352	0.00352	0.00176	0.00176
38	0.00816	0.00772	0.01307	0.67460	0.19709	0.00915	0.01152	0.01080	0.00835	0.01097	0.00730	0.01065	0.00562	0.00396	0.00405	0.00132	0.00528	0.00361	0.00185	0.00491
39	0.02295	0.00941	0.01125	0.01007	0.09744	0.00981	0.01790	0.38505	0.10954	0.15030	0.02018	0.02934	0.00868	0.00484	0.00398	0.00119	0.00397	0.00392	0.01401	0.08616

[dist]
# distance from previous block
# <min> <max>
0	5

[block]
# block no. 3 follows, 66 sequences, length 21
# corresponding to MSA columns:
# 93-113
name=unknown_D
#
# <colnr> <probs for GDERKNQSTAVLIFYWHMCP>
#	G	D	E	R	K	N	Q	S	T	A	V	L	I	F	Y	W	H	M	C	P
0	0.00486	0.00409	0.00421	0.00423	0.00553	0.00344	0.00315	0.00592	0.00932	0.01125	0.08694	0.06884	0.75387	0.01025	0.00481	0.00137	0.00206	0.00860	0.00381	0.00344
1	0.06847	0.02592	0.01200	0.03535	0.03052	0.08070	0.07904	0.34630	0.04271	0.04034	0.00887	0.01792	0.00674	0.00426	0.00376	0.00110	0.00448	0.00341	0.00314	0.18495
2	0.00969	0.06969	0.05549	0.03956	0.58976	0.00937	0.01115	0.01205	0.00910	0.02411	0.00866	0.01255	0.00763	0.00422	0.00398	0.00121	0.00465	0.06748	0.00217	0.05750
3	0.03074	0.43476	0.23532	0.00983	0.01393	0.07599	0.12393	0.01276	0.00873	0.01114	0.00648	0.00774	0.00531	0.00363	0.00332	0.00107	0.00533	0.00279	0.00182	0.00539
4	0.00828	0.01911	0.73920	0.01088	0.01636	0.00884	0.01375	0.01265	0.00891	0.04085	0.07620	0.01056	0.00807	0.00426	0.00394	0.00128	0.00557	0.00340	0.00205	0.00585
5	0.01004	0.00964	0.01647	0.02490	0.83211	0.00964	0.01245	0.01245	0.00924	0.01325	0.00763	0.01004	0.00643	0.00361	0.00402	0.00120	0.00482	0.00361	0.00201	0.00643
6	0.01116	0.05370	0.05635	0.03901	0.06640	0.02945	0.08148	0.07221	0.06090	0.22279	0.04944	0.16384	0.02693	0.02481	0.00482	0.00139	0.02093	0.00548	0.00348	0.00544
7	0.01087	0.01240	0.20960	0.01205	0.04120	0.00969	0.24672	0.22885	0.01193	0.06628	0.01148	0.03344	0.05573	0.00485	0.00434	0.00132	0.00526	0.02524	0.00288	0.00588
8	0.00480	0.00411	0.00411	0.00411	0.00548	0.00343	0.00308	0.00582	0.00925	0.01096	0.04110	0.03905	0.83046	0.01028	0.00480	0.00137	0.00206	0.00856	0.00377	0.00343
9	0.00803	0.00755	0.01244	0.58640	0.20051	0.00877	0.01081	0.01077	0.02894	0.01120	0.01001	0.01282	0.06597	0.00445	0.00410	0.00132	0.00498	0.00399	0.00205	0.00489
10	0.03967	0.04019	0.05689	0.03555	0.08650	0.06477	0.01956	0.32355	0.02178	0.20311	0.03213	0.03925	0.00871	0.00492	0.00399	0.00123	0.00441	0.00393	0.00361	0.00623
11	0.00861	0.00843	0.01305	0.55519	0.19062	0.04716	0.01111	0.01100	0.00830	0.01088	0.00706	0.01030	0.00560	0.00428	0.00498	0.00135	0.09176	0.00356	0.00186	0.00490
12	0.00566	0.00418	0.00520	0.00562	0.00626	0.00400	0.00393	0.03723	0.03769	0.01216	0.15873	0.55964	0.10368	0.02934	0.00533	0.00158	0.00240	0.00988	0.00388	0.00363
13	0.00585	0.00396	0.00467	0.00487	0.00499	0.00393	0.00301	0.00612	0.00646	0.00858	0.01476	0.12544	0.01701	0.67553	0.01736	0.00346	0.00373	0.08487	0.00274	0.00268
14	0.05056	0.35985	0.13106	0.00883	0.01210	0.20086	0.03970	0.05738	0.00958	0.02272	0.00681	0.00796	0.00563	0.00466	0.02710	0.00121	0.02213	0.00273	0.02395	0.00520
15	0.00799	0.00719	0.00707	0.00712	0.00817	0.15161	0.02280	0.04123	0.03109	0.02915	0.06443	0.42519	0.03692	0.00965	0.00477	0.00149	0.00359	0.11063	0.02593	0.00399
16	0.00539	0.00396	0.00465	0.00494	0.00586	0.00349	0.00353	0.00638	0.00890	0.03881	0.09996	0.37824	0.39938	0.01095	0.00493	0.00147	0.00221	0.00955	0.00387	0.00352
17	0.03843	0.41186	0.09991	0.00906	0.03925	0.20897	0.00814	0.05304	0.00965	0.04772	0.00667	0.00760	0.00552	0.00396	0.00355	0.00104	0.03559	0.00261	0.00211	0.00532
18	0.00844	0.01952	0.74367	0.01109	0.01665	0.00931	0.01397	0.05989	0.00934	0.01378	0.05130	0.00979	0.00701	0.00415	0.00392	0.00128	0.00569	0.00327	0.00200	0.00593
19	0.01129	0.01123	0.03068	0.03541	0.17238	0.14774	0.17498	0.15423	0.01111	0.03169	0.00826	0.01008	0.00653	0.00601	0.07097	0.00158	0.00588	0.00362	0.00250	0.10384
20	0.06127	0.01823	0.01193	0.01057	0.01280	0.74796	0.05520	0.01578	0.01114	0.01055	0.00635	0.00749	0.00524	0.00411	0.00366	0.00108	0.00707	0.00272	0.00211	0.00473

[dist]
# distance from previous block
# <min> <max>
0	1

[block]
# block no. 4 follows, 66 sequences, length 36
# corresponding to MSA columns:
# 115-150
name=unknown_E
#
# <colnr> <probs for GDERKNQSTAVLIFYWHMCP>
#	G	D	E	R	K	N	Q	S	T	A	V	L	I	F	Y	W	H	M	C	P
0	0.01324	0.06435	0.01305	0.05716	0.18304	0.50856	0.00883	0.05133	0.02357	0.01151	0.00690	0.00827	0.00569	0.00404	0.00370	0.00109	0.00624	0.00292	0.00217	0.02433
1	0.01013	0.01117	0.02020	0.01537	0.04946	0.09220	0.59382	0.06120	0.01018	0.01325	0.00920	0.07681	0.00774	0.00432	0.00463	0.00134	0.00631	0.00499	0.00231	0.00535
2	0.00504	0.00357	0.00468	0.00553	0.00574	0.00336	0.00364	0.00567	0.00759	0.01011	0.02143	0.77424	0.02566	0.09484	0.00668	0.00187	0.00251	0.01099	0.00364	0.00321
3	0.05163	0.00673	0.00695	0.00644	0.00814	0.05642	0.00508	0.05393	0.16279	0.12491	0.01501	0.08362	0.01285	0.00627	0.00387	0.00127	0.00313	0.10401	0.28205	0.00489
4	0.00530	0.00437	0.00471	0.00482	0.00608	0.00393	0.00366	0.00702	0.05826	0.01152	0.06109	0.12246	0.60796	0.01025	0.00486	0.00144	0.00229	0.07255	0.00381	0.00363
5	0.00998	0.01149	0.02236	0.01624	0.01997	0.07569	0.71115	0.01308	0.00955	0.01258	0.00790	0.01055	0.00604	0.00367	0.00515	0.00136	0.05129	0.00455	0.00204	0.00536
6	0.01409	0.01768	0.01083	0.00997	0.01187	0.75219	0.00744	0.01512	0.01107	0.00995	0.00766	0.07417	0.00706	0.00558	0.02689	0.00124	0.00702	0.00336	0.00222	0.00456
7	0.01782	0.00753	0.00980	0.00751	0.01067	0.00688	0.00621	0.13091	0.01265	0.72231	0.01513	0.01324	0.00961	0.00500	0.00408	0.00125	0.00359	0.00402	0.00489	0.00690
8	0.00800	0.00801	0.01412	0.01136	0.01289	0.00910	0.27764	0.00979	0.00763	0.01088	0.00987	0.14544	0.00978	0.01041	0.13865	0.00236	0.30197	0.00536	0.00225	0.00447
9	0.01611	0.00750	0.00942	0.00740	0.01032	0.00708	0.00605	0.15750	0.05284	0.57897	0.01665	0.04038	0.05950	0.00557	0.00416	0.00127	0.00350	0.00453	0.00470	0.00656
10	0.00758	0.00535	0.00592	0.00544	0.00709	0.00516	0.00418	0.01943	0.16791	0.09532	0.17084	0.02882	0.40005	0.00814	0.00448	0.00132	0.00241	0.00683	0.04926	0.00448
11	0.01657	0.00819	0.01041	0.07532	0.01240	0.00807	0.00688	0.24419	0.01343	0.54055	0.01353	0.01242	0.00878	0.00490	0.00407	0.00125	0.00389	0.00392	0.00449	0.00671
12	0.00829	0.00777	0.01304	0.50874	0.29131	0.00880	0.01106	0.01084	0.00875	0.01179	0.07344	0.01213	0.00838	0.00425	0.00410	0.00130	0.00493	0.00391	0.00208	0.00509
13	0.00504	0.00414	0.00448	0.00460	0.00583	0.00357	0.00351	0.00620	0.00934	0.01142	0.09423	0.08206	0.65182	0.01036	0.00489	0.00143	0.00223	0.08757	0.00381	0.00348
14	0.01426	0.00658	0.00838	0.00671	0.00919	0.00612	0.00543	0.11395	0.01219	0.48748	0.18146	0.01682	0.01547	0.00564	0.00410	0.00122	0.00311	0.00466	0.09125	0.00597
15	0.00781	0.00736	0.01243	0.79815	0.07634	0.00905	0.01134	0.01049	0.00818	0.01054	0.00724	0.01077	0.00547	0.00403	0.00405	0.00134	0.00537	0.00361	0.00182	0.00462
16	0.00613	0.00469	0.00663	0.00630	0.00707	0.00465	0.06904	0.02717	0.00765	0.01023	0.01777	0.23666	0.09735	0.29103	0.13046	0.00304	0.00455	0.04928	0.01695	0.00338
17	0.01063	0.79391	0.08534	0.00731	0.01097	0.01553	0.00757	0.01220	0.00827	0.00980	0.00577	0.00667	0.00520	0.00350	0.00270	0.00090	0.00447	0.00223	0.00173	0.00527
18	0.00586	0.00398	0.00462	0.00460	0.00473	0.00400	0.00273	0.00608	0.00631	0.00848	0.05631	0.02628	0.03345	0.73680	0.07646	0.00392	0.00427	0.00593	0.00257	0.00263
19	0.00841	0.00721	0.00841	0.00601	0.00961	0.00541	0.00481	0.01022	0.00841	0.01322	0.00721	0.00841	0.00601	0.00300	0.00300	0.00060	0.00300	0.00240	0.00240	0.88222
20	0.14900	0.00906	0.01064	0.06020	0.08509	0.08443	0.06001	0.12852	0.05605	0.09668	0.15816	0.01358	0.01240	0.00518	0.00449	0.00128	0.05255	0.00415	0.00323	0.00530
21	0.00976	0.23712	0.44350	0.01066	0.01524	0.10466	0.07638	0.01297	0.00882	0.01159	0.00676	0.00809	0.00525	0.00385	0.00386	0.00117	0.03007	0.00290	0.00179	0.00556
22	0.00705	0.00352	0.00529	0.00529	0.00529	0.00352	0.00352	0.00529	0.00529	0.00705	0.00705	0.01233	0.00705	0.01409	0.01586	0.88196	0.00352	0.00352	0.00176	0.00176
23	0.00869	0.00896	0.09092	0.00694	0.01074	0.02068	0.02059	0.02668	0.02212	0.01343	0.00742	0.00859	0.00603	0.00319	0.00317	0.00072	0.00348	0.00257	0.00238	0.73270
24	0.01283	0.20295	0.02970	0.00898	0.01168	0.26837	0.00746	0.17792	0.19418	0.01462	0.00912	0.00944	0.00716	0.00452	0.00383	0.00114	0.02439	0.00319	0.00285	0.00566
25	0.00518	0.00372	0.00496	0.00581	0.00620	0.00350	0.00410	0.00610	0.00820	0.01089	0.06218	0.68546	0.05266	0.01223	0.00520	0.00165	0.00250	0.11229	0.00380	0.00338
26	0.00579	0.00391	0.00458	0.00476	0.00485	0.00388	0.00286	0.00600	0.00635	0.00845	0.01464	0.14807	0.01696	0.68994	0.01761	0.00349	0.00369	0.04880	0.00272	0.00265
27	0.01024	0.30485	0.42971	0.00975	0.01437	0.07686	0.02606	0.01329	0.00889	0.06098	0.00719	0.00813	0.00548	0.00381	0.00344	0.00112	0.00540	0.00278	0.00196	0.00567
28	0.00998	0.37690	0.05571	0.01068	0.07700	0.04479	0.15496	0.02165	0.06894	0.01136	0.00837	0.02552	0.01728	0.02240	0.04681	0.00145	0.03531	0.00350	0.00213	0.00526
29	0.00532	0.00401	0.00470	0.00496	0.00567	0.00371	0.00342	0.00645	0.02978	0.01103	0.12699	0.31055	0.28040	0.16491	0.00780	0.00192	0.00253	0.01887	0.00362	0.00334
30	0.01049	0.03884	0.30044	0.00987	0.02459	0.09105	0.07296	0.09426	0.01889	0.10333	0.03478	0.05636	0.04669	0.00509	0.00419	0.00126	0.02169	0.00417	0.05555	0.00552
31	0.04144	0.07770	0.03055	0.06875	0.13671	0.14045	0.20766	0.06272	0.03335	0.04188	0.03511	0.03310	0.02015	0.01634	0.01823	0.00137	0.02267	0.00406	0.00246	0.00531
32	0.00728	0.00570	0.00656	0.00630	0.00752	0.04367	0.02835	0.08070	0.03554	0.04572	0.11935	0.36417	0.19305	0.02110	0.00500	0.00148	0.00290	0.01774	0.00379	0.00408
33	0.00506	0.00360	0.00477	0.00561	0.00589	0.00338	0.00377	0.00583	0.00795	0.01065	0.07059	0.75898	0.02701	0.04385	0.00574	0.00171	0.00241	0.02612	0.00376	0.00330
34	0.07746	0.05886	0.22543	0.05405	0.03568	0.10315	0.07128	0.06345	0.09940	0.08915	0.01165	0.01217	0.07146	0.00469	0.00389	0.00125	0.00490	0.00379	0.00273	0.00556
35	0.01211	0.14096	0.05646	0.03989	0.04985	0.20802	0.08952	0.17681	0.13827	0.01476	0.00965	0.01034	0.02672	0.00444	0.00383	0.00118	0.00523	0.00352	0.00275	0.00567

[dist]
# distance from previous block
# <min> <max>
0	13

[block]
# block no. 5 follows, 66 sequences, length 57
# corresponding to MSA columns:
# 164-220
name=unknown_F
#
# <colnr> <probs for GDERKNQSTAVLIFYWHMCP>
#	G	D	E	R	K	N	Q	S	T	A	V	L	I	F	Y	W	H	M	C	P
0	0.08432	0.01293	0.01428	0.08263	0.12792	0.25636	0.14965	0.07969	0.05681	0.03026	0.03754	0.01221	0.00863	0.00507	0.00448	0.00144	0.00593	0.01128	0.01266	0.00592
1	0.01286	0.29653	0.09703	0.00947	0.02275	0.40467	0.00827	0.06321	0.03007	0.01125	0.00664	0.00754	0.00550	0.00398	0.00337	0.00103	0.00590	0.00263	0.00210	0.00519
2	0.00871	0.09385	0.03047	0.00911	0.09086	0.12048	0.05042	0.03220	0.04728	0.03116	0.04232	0.15755	0.16933	0.00894	0.07176	0.00170	0.00455	0.00588	0.01022	0.01320
3	0.00567	0.00445	0.00522	0.00500	0.00619	0.00415	0.00377	0.00788	0.06599	0.01396	0.43236	0.03202	0.34243	0.00985	0.04163	0.00155	0.00245	0.00749	0.00407	0.00384
4	0.02836	0.00998	0.06254	0.11513	0.40421	0.02559	0.06723	0.08810	0.01009	0.09228	0.00859	0.01048	0.00664	0.00485	0.03080	0.00142	0.02157	0.00368	0.00246	0.00600
5	0.00688	0.00540	0.00685	0.00646	0.00775	0.00540	0.04414	0.02031	0.17492	0.03162	0.18985	0.24806	0.15410	0.04642	0.00546	0.00155	0.00277	0.03392	0.00387	0.00427
6	0.00926	0.00977	0.00933	0.00859	0.00951	0.24826	0.00671	0.01040	0.00786	0.00960	0.00825	0.01208	0.00770	0.04537	0.36901	0.00369	0.21474	0.00370	0.00206	0.00409
7	0.01516	0.01934	0.01150	0.01045	0.01254	0.84113	0.00784	0.01620	0.01150	0.00993	0.00627	0.00732	0.00523	0.00418	0.00366	0.00105	0.00732	0.00261	0.00209	0.00470
8	0.00575	0.00444	0.00529	0.00561	0.00653	0.00426	0.00412	0.01923	0.08338	0.01215	0.11575	0.38190	0.24711	0.01066	0.00495	0.00152	0.00245	0.07726	0.00388	0.00376
9	0.00506	0.00361	0.00484	0.00578	0.00607	0.00340	0.00397	0.00585	0.00788	0.01049	0.02230	0.79507	0.02658	0.01260	0.00521	0.00166	0.00246	0.07007	0.00376	0.00333
10	0.00597	0.00467	0.00536	0.00542	0.00656	0.00444	0.00406	0.04673	0.06648	0.01274	0.14078	0.25167	0.35646	0.01012	0.00487	0.00146	0.00242	0.06205	0.00390	0.00384
11	0.00645	0.00549	0.00655	0.00605	0.00713	0.00594	0.00478	0.01648	0.04845	0.02266	0.11093	0.02888	0.45404	0.00932	0.02364	0.00155	0.18633	0.02561	0.02579	0.00393
12	0.00598	0.00439	0.00543	0.00589	0.00658	0.00429	0.00416	0.03633	0.07306	0.02101	0.07194	0.59222	0.08876	0.02600	0.00527	0.00161	0.00253	0.03695	0.00384	0.00375
13	0.01516	0.01934	0.01150	0.01045	0.01254	0.84113	0.00784	0.01620	0.01150	0.00993	0.00627	0.00732	0.00523	0.00418	0.00366	0.00105	0.00732	0.00261	0.00209	0.00470
14	0.00939	0.01058	0.02280	0.09726	0.02185	0.01014	0.73958	0.01274	0.00943	0.01274	0.00811	0.01093	0.00608	0.00348	0.00472	0.00137	0.00670	0.00467	0.00203	0.00538
15	0.00516	0.00415	0.00462	0.00457	0.00579	0.00360	0.00347	0.00650	0.00994	0.01264	0.28202	0.03667	0.55122	0.00971	0.00483	0.00136	0.00209	0.04412	0.00398	0.00356
16	0.00515	0.00406	0.00464	0.00465	0.00575	0.00356	0.00345	0.00644	0.00982	0.01265	0.29829	0.12777	0.46915	0.00991	0.00485	0.00138	0.00206	0.01887	0.00400	0.00355
17	0.01004	0.00964	0.01647	0.02490	0.83211	0.00964	0.01245	0.01245	0.00924	0.01325	0.00763	0.01004	0.00643	0.00361	0.00402	0.00120	0.00482	0.00361	0.00201	0.00643
18	0.00862	0.00620	0.00680	0.00619	0.00800	0.01608	0.00477	0.03178	0.25959	0.11908	0.11733	0.08070	0.30276	0.00788	0.00449	0.00136	0.00271	0.00664	0.00410	0.00492
19	0.00521	0.00378	0.00486	0.00542	0.00592	0.00350	0.00377	0.00620	0.00863	0.01157	0.18811	0.53956	0.10054	0.05285	0.00584	0.00167	0.00237	0.04299	0.00384	0.00339
20	0.19305	0.00920	0.00977	0.00772	0.01072	0.04574	0.00634	0.29706	0.01326	0.35024	0.01129	0.01064	0.00759	0.00468	0.00374	0.00123	0.00391	0.00348	0.00405	0.00630
21	0.01131	0.00798	0.00895	0.00775	0.00998	0.02345	0.00626	0.25088	0.19194	0.11734	0.08611	0.05800	0.05483	0.00687	0.00444	0.00138	0.00356	0.12712	0.00409	0.01779
22	0.01255	0.00616	0.00790	0.00646	0.00870	0.00567	0.00518	0.09231	0.01215	0.40578	0.31544	0.02100	0.06993	0.00653	0.00438	0.00127	0.00290	0.00551	0.00465	0.00556
23	0.00796	0.00749	0.01247	0.68749	0.14135	0.00895	0.01108	0.01074	0.02418	0.01092	0.00853	0.01169	0.03186	0.00422	0.00408	0.00133	0.00518	0.00378	0.00194	0.00478
24	0.00496	0.00409	0.00422	0.00420	0.00541	0.00350	0.00306	0.00594	0.00905	0.01096	0.08353	0.03733	0.70561	0.09270	0.00634	0.00161	0.00223	0.00823	0.00368	0.00335
25	0.83927	0.00776	0.00609	0.00541	0.00792	0.00890	0.00445	0.01217	0.00716	0.05033	0.01789	0.00722	0.00510	0.00388	0.00261	0.00126	0.00313	0.00234	0.00264	0.00448
26	0.00847	0.00746	0.01246	0.62506	0.16755	0.00872	0.01089	0.01098	0.00847	0.05088	0.00838	0.04804	0.00676	0.00441	0.00410	0.00133	0.00508	0.00398	0.00208	0.00491
27	0.07883	0.00565	0.00630	0.00545	0.00732	0.00560	0.00432	0.05467	0.05996	0.23338	0.05458	0.01563	0.04731	0.00520	0.00346	0.00113	0.00262	0.00417	0.39943	0.00497
28	0.00816	0.00772	0.01306	0.67662	0.19513	0.00914	0.01151	0.01080	0.00835	0.01097	0.00730	0.01066	0.00562	0.00396	0.00405	0.00132	0.00529	0.00361	0.00185	0.00491
29	0.00926	0.00755	0.00966	0.00761	0.01012	0.00736	0.04546	0.05308	0.07085	0.06932	0.04473	0.01384	0.07567	0.00515	0.00534	0.00109	0.14745	0.02301	0.00290	0.39056
30	0.05826	0.00723	0.03134	0.00722	0.01014	0.00635	0.00608	0.01821	0.07287	0.63260	0.05833	0.01566	0.01187	0.00540	0.00410	0.00129	0.00342	0.03852	0.00466	0.00642
31	0.00615	0.00436	0.00591	0.00670	0.00737	0.00433	0.00544	0.00754	0.00851	0.01116	0.02019	0.18703	0.02248	0.13103	0.02564	0.00222	0.00367	0.53328	0.00353	0.00347
32	0.00965	0.01027	0.02202	0.01590	0.01971	0.00961	0.72760	0.01281	0.00955	0.04907	0.00949	0.06707	0.00770	0.00411	0.00478	0.00138	0.00639	0.00520	0.00230	0.00539
33	0.01409	0.01111	0.09566	0.01006	0.05259	0.02579	0.04792	0.44265	0.01502	0.17740	0.04705	0.01174	0.02001	0.00488	0.00411	0.00124	0.00447	0.00393	0.00378	0.00649
34	0.01085	0.00993	0.01592	0.02266	0.70870	0.03599	0.02909	0.05237	0.00991	0.05361	0.00811	0.01014	0.00658	0.00376	0.00403	0.00121	0.00486	0.00363	0.00226	0.00640
35	0.01145	0.00672	0.00809	0.00689	0.00906	0.00663	0.00559	0.16783	0.07272	0.25110	0.18106	0.02345	0.12712	0.00709	0.00449	0.00135	0.00317	0.09643	0.00434	0.00543
36	0.04867	0.00865	0.06930	0.00717	0.01079	0.00668	0.04161	0.06561	0.03294	0.04571	0.00870	0.00960	0.02403	0.00355	0.00331	0.00082	0.00350	0.00289	0.00263	0.60386
37	0.00652	0.04639	0.03238	0.00575	0.00698	0.00479	0.00448	0.04337	0.00906	0.05174	0.04061	0.39490	0.25812	0.02727	0.00512	0.00153	0.00272	0.05074	0.00366	0.00387
38	0.00507	0.00400	0.00452	0.00470	0.00568	0.00352	0.00340	0.00613	0.00909	0.01149	0.15264	0.21209	0.47536	0.05507	0.00573	0.00156	0.00224	0.03049	0.00380	0.00341
39	0.00761	0.00561	0.00636	0.00624	0.00702	0.00557	0.00422	0.00981	0.14722	0.01275	0.18136	0.13477	0.04762	0.37452	0.01204	0.00271	0.00352	0.02308	0.00376	0.00420
40	0.01040	0.00915	0.00979	0.00830	0.06623	0.08871	0.00611	0.10971	0.06025	0.03693	0.00826	0.00914	0.00657	0.00360	0.00336	0.00083	0.00375	0.00284	0.00272	0.55334
41	0.00641	0.00511	0.00634	0.00629	0.00710	0.00544	0.00471	0.04286	0.06767	0.01230	0.13025	0.34012	0.15837	0.03498	0.02260	0.00170	0.10009	0.04017	0.00360	0.00390
42	0.00526	0.00398	0.00490	0.00542	0.00607	0.00372	0.00379	0.00670	0.04811	0.01143	0.10893	0.54968	0.19476	0.01138	0.00501	0.00154	0.00230	0.01961	0.00386	0.00353
43	0.04925	0.00513	0.00567	0.00536	0.00666	0.02724	0.00408	0.00882	0.05716	0.04910	0.35606	0.02903	0.26073	0.04378	0.04923	0.00170	0.00291	0.03023	0.00388	0.00398
44	0.00945	0.05089	0.01598	0.32280	0.32851	0.03627	0.13203	0.03345	0.00916	0.01220	0.00748	0.01019	0.00593	0.00379	0.00407	0.00126	0.00538	0.00369	0.00198	0.00548
45	0.00619	0.00478	0.00550	0.00549	0.00655	0.00466	0.00399	0.06741	0.06380	0.01250	0.10366	0.28474	0.29753	0.06442	0.04805	0.00186	0.00295	0.00835	0.00372	0.00383
46	0.00586	0.00444	0.00665	0.00661	0.00732	0.00523	0.00515	0.00730	0.00651	0.00943	0.01075	0.01579	0.01004	0.02993	0.82353	0.00642	0.02891	0.00433	0.00216	0.00364
47	0.00783	0.00624	0.03356	0.00702	0.00830	0.00619	0.02450	0.07773	0.11153	0.05332	0.05808	0.34700	0.06156	0.04666	0.01491	0.00165	0.06180	0.03509	0.03260	0.00441
48	0.02677	0.02775	0.08404	0.03592	0.24823	0.10405	0.09811	0.07238	0.09938	0.01359	0.00972	0.01222	0.02517	0.03729	0.00528	0.00139	0.05846	0.02305	0.01165	0.00558
49	0.00966	0.00714	0.00740	0.00660	0.00786	0.07825	0.00480	0.18740	0.01001	0.07482	0.01238	0.08958	0.01220	0.33665	0.11772	0.00296	0.00502	0.00523	0.02010	0.00421
50	0.00733	0.00512	0.00565	0.00524	0.00577	0.00534	0.00333	0.11120	0.04732	0.01059	0.01257	0.02383	0.01363	0.70642	0.01771	0.00346	0.00397	0.00555	0.00275	0.00322
51	0.01139	0.08824	0.13793	0.02174	0.01539	0.30788	0.23824	0.02507	0.04356	0.01183	0.02361	0.02115	0.00674	0.00419	0.00422	0.00121	0.02665	0.00359	0.00216	0.00521
52	0.02037	0.04187	0.20463	0.03153	0.10562	0.00883	0.10912	0.10668	0.04122	0.05427	0.02547	0.04445	0.10747	0.00564	0.00454	0.00134	0.03076	0.04794	0.00280	0.00546
53	0.00702	0.00353	0.00526	0.00526	0.00526	0.00353	0.00349	0.00530	0.00530	0.00707	0.00721	0.01272	0.00726	0.03734	0.01599	0.85776	0.00353	0.00359	0.00178	0.00178
54	0.00916	0.00754	0.00819	0.00757	0.00947	0.00847	0.00588	0.04278	0.56480	0.02438	0.01813	0.04045	0.06654	0.06768	0.02135	0.00170	0.00341	0.08303	0.00391	0.00558
55	0.07269	0.03851	0.08148	0.05792	0.06348	0.04259	0.09387	0.27926	0.12205	0.06324	0.01086	0.01199	0.00826	0.00530	0.00473	0.00149	0.02803	0.00406	0.00353	0.00666
56	0.01381	0.11697	0.02886	0.01907	0.01197	0.17829	0.00743	0.37206	0.08718	0.07176	0.01003	0.04686	0.00788	0.00494	0.00385	0.00118	0.00479	0.00371	0.00336	0.00600

[dist]
# distance from previous block
# <min> <max>
2	14

[block]
# block no. 6 follows, 66 sequences, length 51
# corresponding to MSA columns:
# 238-288
name=unknown_G
#
# <colnr> <probs for GDERKNQSTAVLIFYWHMCP>
#	G	D	E	R	K	N	Q	S	T	A	V	L	I	F	Y	W	H	M	C	P
0	0.00637	0.00451	0.00564	0.00592	0.00674	0.00434	0.00417	0.01951	0.07852	0.04549	0.04659	0.56812	0.04773	0.05536	0.02344	0.00175	0.00279	0.02012	0.00370	0.04917
1	0.07927	0.02848	0.10291	0.00808	0.01117	0.00900	0.00718	0.22621	0.15108	0.22423	0.01349	0.06133	0.03565	0.00539	0.00398	0.00128	0.00384	0.00430	0.00383	0.01931
2	0.01061	0.02621	0.02110	0.01014	0.11342	0.02380	0.06439	0.19465	0.03971	0.11336	0.09534	0.11557	0.10906	0.00657	0.00471	0.00132	0.03547	0.00561	0.00355	0.00541
3	0.00599	0.00445	0.00615	0.00673	0.00763	0.00429	0.02288	0.00755	0.00913	0.01191	0.07920	0.22221	0.11786	0.01106	0.00534	0.00171	0.00318	0.46532	0.00376	0.00365
4	0.00965	0.01579	0.37766	0.01392	0.05908	0.08137	0.29451	0.01320	0.00917	0.03448	0.00767	0.00952	0.00571	0.00391	0.00464	0.00131	0.04708	0.00368	0.00197	0.00567
5	0.00568	0.00438	0.00511	0.00486	0.00605	0.00396	0.00366	0.03572	0.01076	0.01431	0.46133	0.05065	0.36058	0.00908	0.00477	0.00132	0.00207	0.00780	0.00415	0.00376
6	0.23395	0.00931	0.00901	0.00737	0.00996	0.03950	0.00599	0.39947	0.05371	0.03702	0.00961	0.01008	0.00711	0.00458	0.00346	0.00119	0.00373	0.00332	0.14598	0.00566
7	0.00595	0.00457	0.00681	0.00672	0.00741	0.00544	0.00526	0.00737	0.00651	0.00944	0.01059	0.01559	0.00990	0.02927	0.80039	0.00629	0.05237	0.00431	0.00215	0.00366
8	0.00514	0.00382	0.00483	0.00553	0.00613	0.00352	0.00398	0.00609	0.00839	0.01086	0.04419	0.54715	0.20782	0.01187	0.00514	0.00161	0.00246	0.11433	0.00378	0.00339
9	0.01292	0.00689	0.00767	0.00638	0.00855	0.03606	0.00508	0.12783	0.07062	0.31179	0.01373	0.01384	0.00982	0.02116	0.00392	0.00119	0.00314	0.00393	0.32995	0.00554
10	0.00621	0.00442	0.00552	0.00600	0.00660	0.00436	0.00418	0.09747	0.00907	0.01224	0.02063	0.73076	0.02402	0.01155	0.00497	0.00158	0.00258	0.01038	0.03374	0.00372
11	0.01004	0.00964	0.01647	0.02490	0.83211	0.00964	0.01245	0.01245	0.00924	0.01325	0.00763	0.01004	0.00643	0.00361	0.00402	0.00120	0.00482	0.00361	0.00201	0.00643
12	0.00782	0.00731	0.00655	0.00617	0.00744	0.16627	0.00462	0.01001	0.06142	0.01416	0.44233	0.06556	0.11019	0.00751	0.00441	0.00124	0.00308	0.00634	0.06348	0.00409
13	0.00609	0.00426	0.00532	0.00583	0.00655	0.00408	0.00412	0.00785	0.07975	0.05185	0.02374	0.61531	0.12046	0.01136	0.00500	0.00158	0.00249	0.03672	0.00386	0.00378
14	0.04546	0.00724	0.01190	0.81142	0.02708	0.00902	0.01097	0.01043	0.00806	0.01070	0.00714	0.01063	0.00536	0.00404	0.00399	0.00135	0.00531	0.00354	0.00183	0.00450
15	0.00760	0.00705	0.01177	0.73973	0.06067	0.00859	0.01068	0.01022	0.00845	0.01100	0.07805	0.01246	0.00828	0.00440	0.00412	0.00134	0.00508	0.00393	0.00204	0.00453
16	0.00637	0.00455	0.00537	0.00534	0.00650	0.00420	0.00398	0.04871	0.01970	0.05370	0.18583	0.25542	0.33110	0.00999	0.00485	0.00143	0.00239	0.04272	0.00398	0.00387
17	0.00558	0.00423	0.00479	0.00476	0.00594	0.00377	0.00356	0.00712	0.02913	0.02793	0.24836	0.11430	0.45585	0.00960	0.00475	0.00137	0.00214	0.02920	0.03393	0.00368
18	0.00965	0.04505	0.00795	0.00623	0.00841	0.00644	0.00495	0.03693	0.17168	0.14590	0.23041	0.01853	0.05758	0.00583	0.00395	0.00114	0.00277	0.00488	0.09147	0.14023
19	0.02787	0.38956	0.42182	0.00910	0.01368	0.01208	0.01071	0.01228	0.00852	0.01166	0.04393	0.00861	0.00666	0.00389	0.00332	0.00110	0.00502	0.00281	0.00187	0.00552
20	0.71805	0.00743	0.00610	0.00549	0.00779	0.00849	0.00445	0.01199	0.05903	0.01788	0.11198	0.01017	0.00924	0.00446	0.00290	0.00127	0.00299	0.00301	0.00286	0.00445
21	0.00643	0.00471	0.00623	0.00604	0.00660	0.00528	0.00440	0.04383	0.00708	0.01000	0.03015	0.04892	0.01250	0.29621	0.42450	0.00477	0.04908	0.00509	0.02477	0.00343
22	0.00971	0.24297	0.41452	0.03379	0.06328	0.01089	0.06049	0.01293	0.00876	0.06520	0.00748	0.00864	0.00565	0.00376	0.00358	0.00115	0.00525	0.00299	0.00200	0.03697
23	0.00978	0.00904	0.01354	0.11830	0.07459	0.06356	0.19859	0.12235	0.02160	0.03421	0.03967	0.01308	0.01712	0.05960	0.12153	0.00220	0.06943	0.00428	0.00253	0.00502
24	0.00905	0.00724	0.00877	0.00650	0.00971	0.00596	0.02054	0.03819	0.00884	0.05412	0.00834	0.03231	0.00697	0.00370	0.00365	0.00077	0.04160	0.00294	0.04036	0.69045
25	0.00998	0.04878	0.02354	0.01061	0.01220	0.11515	0.13746	0.06013	0.00859	0.02998	0.00813	0.01073	0.02887	0.00859	0.10856	0.00207	0.35399	0.00380	0.00218	0.01666
26	0.00846	0.00857	0.04827	0.32129	0.33441	0.00869	0.06537	0.01112	0.02184	0.01207	0.03582	0.07930	0.01769	0.00476	0.00420	0.00132	0.00487	0.00449	0.00220	0.00528
27	0.01245	0.45557	0.02620	0.00829	0.01124	0.26852	0.00728	0.10074	0.02493	0.01180	0.03466	0.00810	0.00665	0.00405	0.00320	0.00099	0.00518	0.00270	0.00223	0.00522
28	0.00894	0.05307	0.36341	0.01357	0.11105	0.00963	0.21509	0.02414	0.00898	0.01292	0.01941	0.00983	0.01322	0.00388	0.00436	0.00123	0.03747	0.00357	0.00199	0.08425
29	0.01277	0.19062	0.11692	0.00947	0.01268	0.05592	0.03039	0.18363	0.04328	0.07819	0.01261	0.09821	0.02898	0.00737	0.03872	0.00170	0.00519	0.00472	0.00351	0.06515
30	0.00643	0.00423	0.00508	0.00484	0.00593	0.00390	0.00362	0.00818	0.02001	0.04991	0.45765	0.05954	0.17392	0.03137	0.00488	0.00133	0.00209	0.00693	0.14632	0.00385
31	0.00915	0.00768	0.00880	0.12394	0.05606	0.10677	0.03924	0.04823	0.05954	0.06185	0.18161	0.01863	0.10710	0.00588	0.00407	0.00122	0.00370	0.00498	0.14690	0.00466
32	0.00906	0.11463	0.53566	0.05200	0.01610	0.01017	0.03847	0.05574	0.00920	0.03500	0.04280	0.00967	0.00685	0.00423	0.00424	0.00126	0.04386	0.00327	0.00207	0.00572
33	0.00588	0.00391	0.00441	0.00446	0.00454	0.00388	0.00255	0.00600	0.00616	0.00830	0.01394	0.07093	0.03329	0.76572	0.01889	0.00366	0.00374	0.00619	0.03097	0.00257
34	0.00582	0.00408	0.00518	0.00568	0.00611	0.00400	0.00411	0.00668	0.00772	0.01020	0.04953	0.22916	0.05118	0.32711	0.02331	0.00261	0.00346	0.24766	0.00327	0.00315
35	0.05043	0.12688	0.08537	0.05350	0.22933	0.11579	0.12639	0.08241	0.02820	0.05256	0.00791	0.00937	0.00617	0.00390	0.00382	0.00119	0.00528	0.00339	0.00234	0.00575
36	0.00671	0.00579	0.00611	0.00617	0.00720	0.06781	0.00467	0.03314	0.03297	0.01927	0.07454	0.28776	0.27660	0.01003	0.00533	0.00150	0.04866	0.09830	0.00360	0.00382
37	0.01282	0.00972	0.01049	0.00861	0.01131	0.01079	0.00703	0.50382	0.22135	0.02158	0.01334	0.01508	0.03010	0.00571	0.00419	0.00131	0.00395	0.07298	0.02950	0.00633
38	0.00579	0.00489	0.03089	0.00540	0.00656	0.00424	0.00415	0.03490	0.03633	0.01334	0.29949	0.25103	0.26846	0.00972	0.00482	0.00140	0.00233	0.00847	0.00396	0.00382
39	0.09177	0.09631	0.07990	0.10626	0.06963	0.09691	0.12434	0.11742	0.04163	0.04316	0.04858	0.01042	0.00767	0.00439	0.00428	0.00125	0.04449	0.00359	0.00256	0.00540
40	0.00922	0.00953	0.01348	0.01126	0.01174	0.04872	0.08583	0.01036	0.00677	0.01008	0.00564	0.00900	0.00540	0.00662	0.01208	0.00170	0.73257	0.00363	0.00182	0.00455
41	0.00561	0.00383	0.00460	0.00493	0.00504	0.00377	0.00302	0.00591	0.00660	0.00880	0.01604	0.29011	0.01876	0.55480	0.02622	0.00318	0.00352	0.02959	0.00291	0.00277
42	0.00905	0.09239	0.20846	0.05033	0.01679	0.03801	0.34595	0.02402	0.00893	0.01210	0.00838	0.03358	0.00706	0.07734	0.00557	0.00148	0.00576	0.00414	0.00206	0.04856
43	0.08860	0.03540	0.07123	0.00886	0.09646	0.05143	0.00650	0.06542	0.03686	0.03476	0.03335	0.33902	0.03479	0.02053	0.00464	0.00146	0.00360	0.05931	0.00321	0.00455
44	0.00506	0.00361	0.00470	0.00553	0.00579	0.00339	0.00368	0.00574	0.00767	0.01018	0.02202	0.73598	0.04986	0.09073	0.00661	0.00186	0.00252	0.02818	0.00364	0.00323
45	0.00523	0.00400	0.00482	0.00511	0.00596	0.00362	0.00370	0.00654	0.02135	0.01216	0.22470	0.33826	0.29743	0.01066	0.00496	0.00147	0.00221	0.04035	0.00394	0.00353
46	0.01755	0.00912	0.03523	0.05591	0.12953	0.04668	0.02928	0.20646	0.14591	0.03889	0.07814	0.04937	0.08637	0.00598	0.00440	0.00132	0.01549	0.03537	0.00341	0.00559
47	0.03260	0.08185	0.19428	0.03253	0.04078	0.22983	0.04208	0.01225	0.00915	0.02913	0.01042	0.08888	0.04377	0.00569	0.00491	0.00130	0.08965	0.04367	0.00232	0.00490
48	0.00830	0.00807	0.01190	0.05772	0.10414	0.04824	0.08166	0.00985	0.00730	0.01034	0.00784	0.01179	0.00720	0.03467	0.25806	0.00309	0.31945	0.00393	0.00198	0.00448
49	0.06133	0.32227	0.25744	0.00962	0.03104	0.03686	0.06928	0.05233	0.00905	0.03861	0.00752	0.03821	0.00626	0.00416	0.00370	0.00114	0.02802	0.00316	0.00212	0.01789
