[name]
unknown

[dist]
# distance from previous block
# <min> <max>
0	44

[block]
# block no. 0 follows, 66 sequences, length 27
# corresponding to MSA columns:
# 46-72
name=unknown_A
#
# <colnr> <probs for GDERKNQSTAVLIFYWHMCP>
#	G	D	E	R	K	N	Q	S	T	A	V	L	I	F	Y	W	H	M	C	P
0	0.03638	0.00767	0.01044	0.04834	0.22718	0.00802	0.00796	0.06617	0.18477	0.06929	0.04142	0.02046	0.02790	0.02341	0.00469	0.00144	0.00388	0.17606	0.00331	0.03120
1	0.00941	0.00808	0.01247	0.12106	0.42459	0.00847	0.00952	0.03643	0.08944	0.03758	0.09478	0.01360	0.02109	0.00465	0.00419	0.00124	0.01887	0.00418	0.07469	0.00565
2	0.50516	0.00921	0.00782	0.00653	0.00929	0.08364	0.00528	0.11183	0.03481	0.03402	0.00703	0.00777	0.00542	0.00389	0.00297	0.00112	0.00366	0.00256	0.00275	0.15525
3	0.00729	0.00770	0.13541	0.00700	0.00905	0.00561	0.00614	0.08297	0.02198	0.02630	0.01676	0.43781	0.03993	0.00870	0.00447	0.00137	0.00326	0.02629	0.01720	0.13474
4	0.00573	0.00441	0.00567	0.00540	0.00633	0.00435	0.00410	0.00735	0.01019	0.01411	0.53847	0.05317	0.17427	0.01089	0.08788	0.00185	0.05095	0.00717	0.00394	0.00376
5	0.00762	0.00714	0.01157	0.52818	0.18633	0.00812	0.01002	0.00996	0.00855	0.01106	0.01345	0.01579	0.15551	0.00510	0.00418	0.00133	0.00468	0.00451	0.00220	0.00470
6	0.00482	0.00410	0.00416	0.00417	0.00550	0.00343	0.00312	0.00587	0.00927	0.01108	0.06133	0.05842	0.79038	0.01028	0.00480	0.00137	0.00206	0.00860	0.00379	0.00343
7	0.00903	0.00760	0.01201	0.71721	0.02543	0.00919	0.01062	0.09070	0.00939	0.05864	0.00796	0.01088	0.00582	0.00419	0.00406	0.00133	0.00520	0.00364	0.00221	0.00488
8	0.00510	0.00364	0.00481	0.00552	0.00586	0.00340	0.00373	0.00597	0.00828	0.01119	0.14757	0.69653	0.02817	0.04269	0.00568	0.00167	0.00234	0.01068	0.00383	0.00335
9	0.01629	0.00763	0.01165	0.00877	0.01199	0.00685	0.13211	0.05385	0.01162	0.64138	0.04406	0.01378	0.01032	0.00488	0.00421	0.00127	0.00397	0.00429	0.00450	0.00657
10	0.00758	0.00710	0.01194	0.82209	0.02727	0.00884	0.01104	0.01022	0.00810	0.01037	0.00767	0.03646	0.00606	0.00432	0.00409	0.00136	0.00532	0.00385	0.00186	0.00447
11	0.00608	0.00443	0.00589	0.00609	0.03568	0.00436	0.03955	0.00656	0.00672	0.00897	0.01482	0.15530	0.02923	0.59597	0.01584	0.00321	0.00381	0.05182	0.00272	0.00295
12	0.84696	0.00767	0.00587	0.00527	0.00771	0.00886	0.00432	0.01182	0.00698	0.01807	0.00599	0.00697	0.00466	0.00381	0.00253	0.00124	0.00308	0.00227	0.04158	0.00437
13	0.00803	0.00759	0.01284	0.71975	0.15297	0.00911	0.01145	0.01069	0.00829	0.01082	0.00728	0.01070	0.00557	0.00399	0.00405	0.00133	0.00532	0.00361	0.00183	0.00481
14	0.01023	0.00906	0.01375	0.15675	0.45089	0.00964	0.01045	0.13786	0.07523	0.01517	0.05204	0.01167	0.00854	0.00430	0.00406	0.00125	0.00454	0.00389	0.01468	0.00601
15	0.01033	0.02395	0.01196	0.08600	0.01248	0.23210	0.00855	0.01141	0.00782	0.00980	0.00605	0.00921	0.00565	0.02923	0.02520	0.00167	0.49887	0.00336	0.00189	0.00446
16	0.01259	0.01127	0.02974	0.01244	0.01590	0.07905	0.35287	0.23426	0.08948	0.10532	0.01008	0.01098	0.00727	0.00425	0.00434	0.00129	0.00551	0.00417	0.00311	0.00605
17	0.00841	0.00721	0.00841	0.00601	0.00961	0.00541	0.00481	0.01022	0.00841	0.01322	0.00721	0.00841	0.00601	0.00300	0.00300	0.00060	0.00300	0.00240	0.00240	0.88222
18	0.00623	0.00712	0.14810	0.00698	0.03059	0.00488	0.01516	0.00808	0.00921	0.02703	0.26944	0.26799	0.09953	0.06457	0.00576	0.00158	0.00307	0.01711	0.00350	0.00406
19	0.00581	0.00430	0.00630	0.00630	0.00694	0.00495	0.00479	0.00710	0.00645	0.00925	0.01107	0.01707	0.01063	0.11856	0.75388	0.00624	0.01013	0.00451	0.00220	0.00350
20	0.01516	0.01934	0.01150	0.01045	0.01254	0.84113	0.00784	0.01620	0.01150	0.00993	0.00627	0.00732	0.00523	0.00418	0.00366	0.00105	0.00732	0.00261	0.00209	0.00470
21	0.00484	0.00411	0.00417	0.00415	0.00551	0.00344	0.00312	0.00590	0.00935	0.01120	0.07618	0.03866	0.79524	0.01019	0.00479	0.00137	0.00205	0.00851	0.00380	0.00344
22	0.00574	0.00415	0.00542	0.00510	0.00606	0.00383	0.00383	0.00766	0.01148	0.01627	0.82997	0.03031	0.03828	0.00829	0.00479	0.00128	0.00191	0.00734	0.00447	0.00383
23	0.00574	0.00415	0.00542	0.00510	0.00606	0.00383	0.00383	0.00766	0.01148	0.01627	0.82997	0.03031	0.03828	0.00829	0.00479	0.00128	0.00191	0.00734	0.00447	0.00383
24	0.01419	0.00771	0.01034	0.01027	0.13806	0.00753	0.00718	0.07825	0.13968	0.43034	0.01519	0.01638	0.02340	0.00550	0.00422	0.00132	0.00371	0.07608	0.00420	0.00642
25	0.01274	0.01385	0.01320	0.09117	0.13893	0.37014	0.06613	0.13931	0.03275	0.01339	0.00750	0.00899	0.00596	0.00426	0.00429	0.00117	0.04085	0.00326	0.00240	0.02970
26	0.01313	0.00820	0.01130	0.06979	0.20710	0.02247	0.00803	0.12875	0.05348	0.31063	0.01231	0.01277	0.02358	0.00734	0.09080	0.00179	0.00485	0.00399	0.00353	0.00616

[dist]
# distance from previous block
# <min> <max>
0	2

[block]
# block no. 1 follows, 66 sequences, length 23
# corresponding to MSA columns:
# 75-97
name=unknown_B
#
# <colnr> <probs for GDERKNQSTAVLIFYWHMCP>
#	G	D	E	R	K	N	Q	S	T	A	V	L	I	F	Y	W	H	M	C	P
0	0.03026	0.00839	0.01323	0.32036	0.26148	0.00977	0.03047	0.05200	0.01993	0.01214	0.00752	0.01078	0.00627	0.03329	0.02258	0.00156	0.14907	0.00370	0.00206	0.00515
1	0.02629	0.00956	0.01489	0.07166	0.49460	0.00991	0.05974	0.14470	0.06019	0.03686	0.00902	0.02836	0.00728	0.00418	0.00408	0.00125	0.00471	0.00391	0.00259	0.00623
2	0.06803	0.00748	0.01060	0.06321	0.08192	0.00706	0.04160	0.01787	0.05238	0.58572	0.01380	0.01281	0.00905	0.00472	0.00401	0.00127	0.00381	0.00395	0.00423	0.00647
3	0.04692	0.04510	0.01282	0.51064	0.02182	0.07930	0.09448	0.01149	0.04319	0.01127	0.00834	0.05701	0.00692	0.00447	0.00401	0.00130	0.00524	0.00397	0.00211	0.02962
4	0.01062	0.48817	0.01918	0.01098	0.11050	0.08349	0.13017	0.01252	0.02209	0.01066	0.00676	0.00833	0.00587	0.00501	0.04625	0.00131	0.01795	0.00295	0.00191	0.00528
5	0.08877	0.00901	0.01175	0.09508	0.22609	0.04972	0.02548	0.12524	0.06074	0.21471	0.01047	0.01111	0.00756	0.00437	0.00387	0.00123	0.00429	0.00365	0.04085	0.00602
6	0.00800	0.00714	0.01153	0.03135	0.36277	0.00715	0.05434	0.01050	0.06168	0.01257	0.03871	0.25149	0.01547	0.00733	0.00461	0.00143	0.00394	0.10205	0.00292	0.00506
7	0.00841	0.00721	0.00841	0.00601	0.00961	0.00541	0.00481	0.01022	0.00841	0.01322	0.00721	0.00841	0.00601	0.00300	0.00300	0.00060	0.00300	0.00240	0.00240	0.88222
8	0.00492	0.00407	0.00433	0.00446	0.00567	0.00348	0.00333	0.00599	0.00918	0.01117	0.07258	0.13246	0.67169	0.01050	0.00487	0.00142	0.00215	0.04049	0.00380	0.00344
9	0.00814	0.02099	0.83640	0.01156	0.01756	0.00942	0.01499	0.01285	0.00857	0.01285	0.00728	0.00857	0.00514	0.00385	0.00385	0.00128	0.00600	0.00300	0.00171	0.00600
10	0.00574	0.00415	0.00542	0.00510	0.00606	0.00383	0.00383	0.00766	0.01148	0.01627	0.82997	0.03031	0.03828	0.00829	0.00479	0.00128	0.00191	0.00734	0.00447	0.00383
11	0.00490	0.00382	0.00445	0.00492	0.00570	0.00337	0.00345	0.00579	0.00857	0.01083	0.05701	0.45156	0.39829	0.01144	0.00499	0.00151	0.00220	0.01003	0.00379	0.00337
12	0.88607	0.00785	0.00596	0.00534	0.00785	0.00910	0.00439	0.01193	0.00690	0.01820	0.00565	0.00659	0.00439	0.00377	0.00251	0.00126	0.00314	0.00220	0.00251	0.00439
13	0.00937	0.00870	0.05105	0.00814	0.01040	0.00930	0.00663	0.01905	0.66445	0.01584	0.03596	0.01528	0.01240	0.00848	0.10442	0.00199	0.00424	0.00455	0.00378	0.00600
14	0.00581	0.00428	0.00620	0.00620	0.00682	0.00490	0.00468	0.00704	0.00643	0.00918	0.01116	0.01755	0.01084	0.15566	0.71706	0.00613	0.00982	0.00458	0.00222	0.00345
15	0.01288	0.11149	0.01204	0.10984	0.01350	0.56895	0.00775	0.01417	0.01047	0.01021	0.02637	0.05165	0.00722	0.00463	0.00367	0.00110	0.00626	0.00327	0.01991	0.00463
16	0.00875	0.00720	0.00845	0.00605	0.00964	0.00543	0.00485	0.01054	0.00852	0.04126	0.00751	0.00860	0.00615	0.00307	0.00304	0.00062	0.00302	0.00246	0.00249	0.85235
17	0.00649	0.00560	0.00719	0.02381	0.15878	0.01749	0.00536	0.00848	0.04298	0.01308	0.24011	0.02897	0.39316	0.00802	0.00455	0.00130	0.00271	0.00689	0.02077	0.00425
18	0.00928	0.00732	0.00859	0.00622	0.00976	0.00571	0.00499	0.03101	0.02413	0.06929	0.00804	0.00894	0.00642	0.00323	0.00312	0.00067	0.00307	0.00259	0.00265	0.78496
19	0.00788	0.00717	0.02340	0.04727	0.14509	0.02803	0.05061	0.05659	0.09016	0.01402	0.18918	0.09947	0.17055	0.00696	0.00443	0.00130	0.00342	0.00614	0.00336	0.04497
20	0.00823	0.00735	0.03530	0.02357	0.03916	0.00594	0.01810	0.01055	0.04995	0.02424	0.00905	0.02906	0.01789	0.00701	0.10389	0.01553	0.00421	0.00319	0.00249	0.58529
21	0.00738	0.10826	0.02252	0.02885	0.03861	0.02772	0.05383	0.07265	0.00942	0.01230	0.08616	0.42309	0.07543	0.00898	0.00457	0.00141	0.00332	0.00797	0.00331	0.00422
22	0.02385	0.00945	0.01032	0.00953	0.07732	0.05411	0.00697	0.15697	0.38915	0.11542	0.01298	0.01245	0.00957	0.00485	0.00395	0.00123	0.00379	0.00394	0.00376	0.09041

[dist]
# distance from previous block
# <min> <max>
2	12

[block]
# block no. 2 follows, 66 sequences, length 39
# corresponding to MSA columns:
# 110-148
name=unknown_C
#
# <colnr> <probs for GDERKNQSTAVLIFYWHMCP>
#	G	D	E	R	K	N	Q	S	T	A	V	L	I	F	Y	W	H	M	C	P
0	0.04602	0.00732	0.05006	0.00908	0.08126	0.00656	0.09722	0.06934	0.03137	0.10774	0.32258	0.04971	0.07092	0.01709	0.00462	0.00132	0.00342	0.00574	0.00367	0.01494
1	0.00791	0.00652	0.00923	0.02227	0.21768	0.00648	0.02281	0.03559	0.09636	0.03979	0.12999	0.12064	0.17063	0.00803	0.02688	0.00150	0.00351	0.05400	0.00338	0.01682
2	0.00848	0.00690	0.00858	0.00693	0.04399	0.00547	0.02197	0.01012	0.00834	0.04366	0.00886	0.05444	0.00803	0.07790	0.00477	0.00101	0.00323	0.00335	0.00255	0.67143
3	0.00822	0.00655	0.04416	0.00653	0.00831	0.00625	0.00531	0.02320	0.22236	0.09694	0.15161	0.04030	0.19410	0.03916	0.11285	0.00210	0.01761	0.00590	0.00373	0.00479
4	0.01004	0.00964	0.01647	0.02490	0.83211	0.00964	0.01245	0.01245	0.00924	0.01325	0.00763	0.01004	0.00643	0.00361	0.00402	0.00120	0.00482	0.00361	0.00201	0.00643
5	0.01021	0.44600	0.10982	0.01052	0.09805	0.04884	0.03050	0.01197	0.00815	0.01046	0.00607	0.00774	0.00538	0.00429	0.00516	0.00115	0.17587	0.00278	0.00179	0.00525
6	0.00524	0.00413	0.00473	0.00458	0.00575	0.00362	0.00344	0.00669	0.01031	0.01347	0.41407	0.03491	0.45593	0.00934	0.00479	0.00133	0.00199	0.00798	0.00410	0.00362
7	0.00993	0.01538	0.36538	0.06826	0.14861	0.07698	0.13404	0.07827	0.00987	0.02348	0.00765	0.00937	0.00573	0.00396	0.00427	0.00128	0.02619	0.00346	0.00208	0.00583
8	0.00494	0.00353	0.00471	0.00565	0.00588	0.00330	0.00377	0.00565	0.00777	0.01036	0.02236	0.85477	0.02683	0.01271	0.00518	0.00165	0.00235	0.01153	0.00377	0.00330
9	0.01095	0.83948	0.02102	0.00703	0.01046	0.03606	0.00696	0.01225	0.00832	0.00955	0.00566	0.00653	0.00521	0.00349	0.00263	0.00087	0.00441	0.00218	0.00174	0.00519
10	0.00592	0.00398	0.00463	0.00475	0.00485	0.00397	0.00288	0.00612	0.00629	0.00836	0.01398	0.06328	0.01604	0.74510	0.01863	0.00365	0.00385	0.07848	0.00263	0.00261
11	0.08376	0.41987	0.04443	0.00850	0.01140	0.06762	0.05795	0.06201	0.03154	0.05119	0.00708	0.00843	0.00594	0.00431	0.00443	0.00114	0.11128	0.01165	0.00223	0.00525
12	0.00785	0.00740	0.01251	0.78316	0.09099	0.00906	0.01136	0.01053	0.00820	0.01059	0.00724	0.01076	0.00549	0.00402	0.00405	0.00134	0.00536	0.00361	0.00182	0.00466
13	0.01376	0.00863	0.00972	0.00792	0.01063	0.00920	0.00639	0.27113	0.27844	0.24235	0.01396	0.01307	0.00985	0.00511	0.00398	0.00126	0.00356	0.00408	0.08049	0.00647
14	0.01002	0.00969	0.01677	0.02459	0.79983	0.00966	0.04449	0.01247	0.00925	0.01324	0.00765	0.01008	0.00642	0.00361	0.00405	0.00121	0.00490	0.00366	0.00201	0.00639
15	0.00580	0.00435	0.00652	0.00652	0.00724	0.00507	0.00507	0.00724	0.00652	0.00942	0.01087	0.01594	0.01014	0.03043	0.84134	0.00652	0.01087	0.00435	0.00217	0.00362
16	0.00705	0.00352	0.00529	0.00529	0.00529	0.00352	0.00352	0.00529	0.00529	0.00705	0.00705	0.01233	0.00705	0.01409	0.01586	0.88196	0.00352	0.00352	0.00176	0.00176
17	0.00499	0.00390	0.00453	0.00483	0.00572	0.00344	0.00345	0.00603	0.00904	0.01154	0.15276	0.33882	0.41476	0.01088	0.00494	0.00146	0.00214	0.00948	0.00387	0.00344
18	0.59175	0.00904	0.00806	0.00669	0.00945	0.01028	0.00552	0.28462	0.01102	0.02069	0.00703	0.00766	0.00524	0.00414	0.00303	0.00124	0.00359	0.00269	0.00303	0.00524
19	0.00601	0.00468	0.00620	0.00573	0.00686	0.01699	0.03561	0.00789	0.01107	0.01530	0.66224	0.03100	0.10438	0.00841	0.00482	0.00132	0.00232	0.06108	0.00423	0.00386
20	0.79675	0.00747	0.00591	0.00531	0.00766	0.00857	0.00434	0.01149	0.00737	0.01801	0.08929	0.00900	0.00783	0.00423	0.00274	0.00126	0.00301	0.00272	0.00271	0.00434
21	0.01660	0.00701	0.00912	0.00709	0.01006	0.00628	0.00582	0.08780	0.01202	0.68096	0.01801	0.01602	0.09301	0.00554	0.00415	0.00126	0.00340	0.00450	0.00481	0.00655
22	0.00977	0.08643	0.16595	0.01371	0.01779	0.01044	0.47114	0.09426	0.01029	0.01403	0.04297	0.02759	0.00774	0.00404	0.00436	0.00130	0.00593	0.00437	0.00230	0.00557
23	0.00880	0.00698	0.00817	0.00629	0.00922	0.00587	0.00496	0.09201	0.02605	0.03653	0.09503	0.09326	0.01172	0.00479	0.00356	0.00087	0.00299	0.00402	0.00302	0.57585
24	0.01288	0.01010	0.01074	0.00882	0.01161	0.01139	0.00710	0.43852	0.40328	0.02147	0.01297	0.01231	0.00952	0.00517	0.00409	0.00129	0.00387	0.00410	0.00409	0.00667
25	0.00929	0.31434	0.23989	0.00993	0.10532	0.01079	0.00905	0.02983	0.00848	0.01155	0.00734	0.00983	0.00644	0.09021	0.00502	0.00130	0.00463	0.00300	0.00198	0.12177
26	0.00930	0.09440	0.01104	0.18480	0.04577	0.00951	0.00740	0.03828	0.35599	0.01415	0.02389	0.01348	0.03776	0.00483	0.00385	0.00121	0.00381	0.01309	0.00307	0.12440
27	0.00657	0.09106	0.00709	0.00534	0.00664	0.00512	0.00422	0.00837	0.01100	0.03800	0.66659	0.02819	0.07505	0.00787	0.00456	0.00125	0.00225	0.02262	0.00415	0.00403
28	0.04366	0.00802	0.01992	0.00917	0.09299	0.02454	0.01766	0.04602	0.36045	0.12259	0.05815	0.03690	0.05532	0.07971	0.00557	0.00155	0.00353	0.00487	0.00371	0.00566
29	0.00896	0.04408	0.01175	0.22254	0.25768	0.05631	0.00874	0.02027	0.09104	0.01133	0.00889	0.01276	0.00778	0.10838	0.01857	0.09527	0.00476	0.00387	0.00222	0.00479
30	0.00545	0.00410	0.00512	0.00580	0.00633	0.00399	0.00399	0.00728	0.09077	0.01107	0.02309	0.71181	0.08227	0.01181	0.00504	0.00160	0.00242	0.01062	0.00380	0.00362
31	0.00554	0.00382	0.00467	0.00500	0.00520	0.00370	0.00315	0.00603	0.00721	0.00971	0.09939	0.33413	0.02175	0.44458	0.01306	0.00278	0.00314	0.02106	0.00317	0.00293
32	0.00981	0.08367	0.01472	0.05050	0.49401	0.09367	0.03790	0.01188	0.00944	0.01237	0.04324	0.01370	0.07930	0.00462	0.00402	0.00120	0.00474	0.02332	0.00228	0.00561
33	0.00983	0.00933	0.01534	0.09658	0.67704	0.00963	0.01173	0.01319	0.09189	0.01337	0.00850	0.01063	0.00694	0.00385	0.00403	0.00124	0.00471	0.00371	0.00221	0.00625
34	0.04340	0.00672	0.00809	0.00651	0.00896	0.00649	0.00528	0.14928	0.01189	0.41649	0.05898	0.01414	0.01099	0.00506	0.00374	0.00117	0.00312	0.00405	0.22980	0.00585
35	0.75439	0.00790	0.00605	0.00544	0.00783	0.03617	0.00443	0.02385	0.00748	0.01731	0.00933	0.00996	0.08828	0.00446	0.00280	0.00126	0.00319	0.00288	0.00265	0.00434
36	0.00503	0.00396	0.00446	0.00466	0.00560	0.00348	0.00332	0.00603	0.00897	0.01134	0.14153	0.24585	0.46812	0.06184	0.00585	0.00158	0.00223	0.00900	0.00378	0.00339
37	0.08260	0.00552	0.00552	0.00610	0.00673	0.08882	0.00424	0.00731	0.00815	0.01112	0.03670	0.67726	0.02294	0.01097	0.00478	0.00154	0.00292	0.00973	0.00350	0.00355
38	0.16699	0.14833	0.01012	0.00650	0.00926	0.03792	0.00542	0.03671	0.02869	0.08535	0.09132	0.01100	0.00955	0.00550	0.04384	0.00125	0.02192	0.00319	0.00281	0.27433

[dist]
# distance from previous block
# <min> <max>
8	18

[block]
# block no. 3 follows, 66 sequences, length 7
# corresponding to MSA columns:
# 170-176
name=unknown_D
#
# <colnr> <probs for GDERKNQSTAVLIFYWHMCP>
#	G	D	E	R	K	N	Q	S	T	A	V	L	I	F	Y	W	H	M	C	P
0	0.05209	0.00925	0.01393	0.35259	0.24095	0.05620	0.08553	0.07069	0.02774	0.04080	0.00798	0.01034	0.00611	0.00399	0.00402	0.00128	0.00520	0.00364	0.00226	0.00542
1	0.01025	0.01037	0.11667	0.04693	0.27051	0.00857	0.09074	0.08090	0.02628	0.07244	0.02465	0.01035	0.00715	0.00384	0.00387	0.00111	0.00457	0.00351	0.00254	0.20476
2	0.00696	0.05463	0.09576	0.00657	0.00849	0.00585	0.03024	0.00983	0.07733	0.03461	0.43401	0.04846	0.12185	0.00757	0.00454	0.00131	0.00289	0.04088	0.00380	0.00441
3	0.00661	0.00524	0.02715	0.00589	0.02495	0.00470	0.00445	0.03997	0.05172	0.03932	0.44236	0.08562	0.20796	0.02971	0.00509	0.00139	0.00241	0.00729	0.00407	0.00412
4	0.00885	0.01167	0.22705	0.10540	0.05508	0.07008	0.09580	0.05897	0.02147	0.03234	0.05737	0.11659	0.04736	0.02244	0.00454	0.00134	0.00482	0.00492	0.00260	0.05131
5	0.00921	0.13158	0.16485	0.00788	0.02984	0.00811	0.00733	0.05666	0.03574	0.04883	0.00961	0.10789	0.00861	0.00466	0.00353	0.00099	0.00383	0.00379	0.00259	0.35446
6	0.00933	0.02598	0.05455	0.15356	0.10396	0.00748	0.06024	0.05755	0.00979	0.10360	0.08546	0.05401	0.07290	0.00555	0.00438	0.00124	0.02553	0.03589	0.00295	0.12607

[dist]
# distance from previous block
# <min> <max>
3	319

# created by:
# /st0/software/busco_prod/Augustus/scripts/msa2prfl.pl ./align_prep/38555.fa
