[name]
unknown

[dist]
# distance from previous block
# <min> <max>
0	3

[block]
# block no. 0 follows, 65 sequences, length 21
# corresponding to MSA columns:
# 3-20,23-25
name=unknown_A
#
# <colnr> <probs for GDERKNQSTAVLIFYWHMCP>
#	G	D	E	R	K	N	Q	S	T	A	V	L	I	F	Y	W	H	M	C	P
0	0.01328	0.02039	0.01161	0.01191	0.19809	0.00777	0.04014	0.07292	0.07381	0.34366	0.01401	0.03839	0.02199	0.00543	0.00425	0.00130	0.00397	0.07155	0.00381	0.04174
1	0.00569	0.00421	0.00479	0.00474	0.00595	0.00366	0.00352	0.00692	0.00979	0.04830	0.22173	0.14752	0.49842	0.01003	0.00487	0.00140	0.00215	0.00859	0.00403	0.00370
2	0.00767	0.02352	0.12085	0.03289	0.06185	0.00770	0.24542	0.01014	0.00802	0.01125	0.00984	0.04122	0.00879	0.06036	0.32771	0.00352	0.00787	0.00458	0.00214	0.00467
3	0.01441	0.01045	0.01136	0.00904	0.01204	0.01153	0.00741	0.59245	0.16014	0.07142	0.01198	0.01272	0.00890	0.00534	0.00419	0.00129	0.00420	0.04021	0.00416	0.00675
4	0.00503	0.00391	0.00457	0.00495	0.00579	0.00345	0.00351	0.00603	0.00896	0.01144	0.12307	0.39234	0.38983	0.01124	0.00502	0.00150	0.00219	0.00983	0.00389	0.00345
5	0.00548	0.00398	0.00553	0.00600	0.00647	0.00412	0.00432	0.00652	0.00747	0.01027	0.05151	0.42109	0.02033	0.07505	0.32145	0.00367	0.00577	0.03439	0.00314	0.00344
6	0.00504	0.00413	0.00444	0.00444	0.00568	0.00353	0.00330	0.00622	0.00967	0.01203	0.18463	0.09086	0.63139	0.01019	0.00487	0.00139	0.00207	0.00863	0.00394	0.00353
7	0.00538	0.00433	0.00484	0.00507	0.00612	0.00398	0.00366	0.00720	0.07425	0.01162	0.06986	0.31510	0.45229	0.01076	0.00493	0.00148	0.00227	0.00931	0.00387	0.00368
8	0.01536	0.01866	0.01171	0.01045	0.01269	0.74637	0.00792	0.10631	0.01249	0.01182	0.00674	0.00768	0.00548	0.00431	0.00375	0.00108	0.00708	0.00276	0.00234	0.00501
9	0.00991	0.00950	0.01621	0.11094	0.74636	0.00969	0.01247	0.01238	0.00923	0.01311	0.00768	0.01024	0.00639	0.00370	0.00407	0.00123	0.00494	0.00366	0.00201	0.00630
10	0.01634	0.01032	0.01159	0.00889	0.01214	0.01098	0.00734	0.60863	0.01733	0.23647	0.01151	0.01093	0.00781	0.00497	0.00411	0.00124	0.00425	0.00381	0.00436	0.00698
11	0.88473	0.00794	0.00603	0.00540	0.00794	0.00921	0.00445	0.01207	0.00699	0.01842	0.00572	0.00667	0.00445	0.00381	0.00254	0.00127	0.00318	0.00222	0.00254	0.00445
12	0.78706	0.00834	0.00674	0.00585	0.00848	0.00960	0.00482	0.10247	0.00837	0.01925	0.00618	0.00703	0.00473	0.00394	0.00272	0.00127	0.00333	0.00239	0.00272	0.00473
13	0.00500	0.00357	0.00476	0.00572	0.00595	0.00333	0.00381	0.00572	0.00786	0.01048	0.02262	0.85306	0.02715	0.01286	0.00524	0.00167	0.00238	0.01167	0.00381	0.00333
14	0.00508	0.00409	0.00452	0.00457	0.00572	0.00354	0.00337	0.00627	0.00966	0.01218	0.21066	0.13901	0.55639	0.01027	0.00490	0.00140	0.00209	0.00877	0.00397	0.00354
15	0.00586	0.00440	0.00660	0.00660	0.00733	0.00513	0.00513	0.00733	0.00660	0.00953	0.01100	0.01613	0.01026	0.03079	0.83947	0.00660	0.01100	0.00440	0.00220	0.00367
16	0.01008	0.01122	0.01972	0.01526	0.05316	0.09524	0.52365	0.01274	0.00924	0.01237	0.00779	0.01047	0.00618	0.00425	0.00611	0.00140	0.15260	0.00431	0.03898	0.00525
17	0.01012	0.01044	0.01344	0.37075	0.21406	0.16426	0.03284	0.01258	0.03120	0.02440	0.00750	0.01011	0.00596	0.00430	0.00477	0.00131	0.07120	0.00353	0.00205	0.00517
18	0.01196	0.49791	0.09687	0.00849	0.01187	0.20052	0.00804	0.06548	0.04415	0.01143	0.00674	0.00755	0.00568	0.00389	0.00316	0.00100	0.00519	0.00258	0.00209	0.00539
19	0.00580	0.00403	0.00482	0.00492	0.00522	0.00394	0.00308	0.00624	0.00694	0.00937	0.07216	0.18805	0.04230	0.53710	0.06218	0.00332	0.00384	0.00708	0.00291	0.02671
20	0.02537	0.04777	0.04641	0.01086	0.12572	0.25884	0.03964	0.07557	0.03899	0.02494	0.05631	0.06824	0.09260	0.00555	0.00402	0.00119	0.00486	0.00451	0.02658	0.04201

[dist]
# distance from previous block
# <min> <max>
2	15

[block]
# block no. 1 follows, 65 sequences, length 34
# corresponding to MSA columns:
# 41-74
name=unknown_B
#
# <colnr> <probs for GDERKNQSTAVLIFYWHMCP>
#	G	D	E	R	K	N	Q	S	T	A	V	L	I	F	Y	W	H	M	C	P
0	0.06883	0.01152	0.03052	0.01152	0.13546	0.16488	0.03454	0.20953	0.12170	0.06811	0.01016	0.04421	0.00806	0.00483	0.00410	0.00123	0.01781	0.00384	0.00315	0.04601
1	0.06895	0.01015	0.01495	0.10910	0.51182	0.07087	0.04839	0.04758	0.01834	0.02245	0.00769	0.00989	0.00625	0.00391	0.00418	0.00124	0.02388	0.00354	0.00220	0.01463
2	0.00552	0.00435	0.00626	0.00671	0.02550	0.00404	0.05246	0.00662	0.00850	0.01118	0.05920	0.56937	0.14777	0.01142	0.00514	0.00160	0.00274	0.06432	0.00370	0.00361
3	0.06765	0.04984	0.01154	0.02531	0.03300	0.27430	0.00750	0.26435	0.19496	0.01713	0.00974	0.00999	0.00741	0.00467	0.00383	0.00120	0.00509	0.00342	0.00320	0.00588
4	0.05394	0.00951	0.01055	0.00832	0.01131	0.01013	0.00681	0.45519	0.10252	0.21400	0.03062	0.01300	0.04452	0.00529	0.00410	0.00127	0.00392	0.00413	0.00427	0.00660
5	0.01533	0.01956	0.01163	0.01058	0.01269	0.83926	0.00793	0.01639	0.01163	0.01005	0.00635	0.00740	0.00529	0.00423	0.00370	0.00106	0.00740	0.00264	0.00212	0.00476
6	0.01013	0.59940	0.27289	0.00847	0.01277	0.01417	0.00954	0.01251	0.00844	0.01069	0.00622	0.00723	0.00525	0.00363	0.00303	0.00101	0.00491	0.00245	0.00175	0.00551
7	0.00643	0.00473	0.00683	0.00683	0.00764	0.00539	0.00539	0.02883	0.00736	0.02205	0.01256	0.04518	0.01222	0.03861	0.65225	0.00553	0.02785	0.09799	0.00252	0.00380
8	0.00500	0.00357	0.00476	0.00572	0.00595	0.00333	0.00381	0.00572	0.00786	0.01048	0.02262	0.85306	0.02715	0.01286	0.00524	0.00167	0.00238	0.01167	0.00381	0.00333
9	0.00528	0.00418	0.00475	0.00461	0.00581	0.00365	0.00346	0.00672	0.01037	0.01349	0.39306	0.03555	0.47549	0.00950	0.00485	0.00134	0.00202	0.00811	0.00413	0.00365
10	0.00531	0.00391	0.00492	0.00562	0.00608	0.00371	0.00385	0.00647	0.03919	0.01071	0.02394	0.64190	0.11903	0.06773	0.00620	0.00178	0.00254	0.03996	0.00374	0.00343
11	0.01832	0.00714	0.00962	0.00738	0.01055	0.00626	0.00609	0.04685	0.01200	0.80577	0.01598	0.01383	0.01005	0.00508	0.00413	0.00127	0.00353	0.00411	0.00505	0.00699
12	0.59279	0.00913	0.00814	0.00676	0.00955	0.01039	0.00557	0.28226	0.01112	0.02092	0.00711	0.00774	0.00530	0.00419	0.00307	0.00126	0.00363	0.00272	0.00307	0.00530
13	0.01015	0.00888	0.00911	0.00819	0.01047	0.03100	0.00636	0.04021	0.73378	0.01684	0.01776	0.01642	0.06092	0.00581	0.00420	0.00138	0.00332	0.00481	0.00410	0.00628
14	0.00505	0.00365	0.00472	0.00552	0.00586	0.00338	0.00370	0.00579	0.00798	0.01055	0.04172	0.73330	0.09144	0.04913	0.00588	0.00174	0.00242	0.01109	0.00377	0.00332
15	0.00906	0.00920	0.01382	0.01147	0.01192	0.01234	0.09501	0.01023	0.00665	0.01023	0.00570	0.00920	0.00548	0.00679	0.01255	0.00175	0.75845	0.00373	0.00183	0.00460
16	0.59574	0.00912	0.00812	0.00674	0.00953	0.01038	0.00556	0.27953	0.01108	0.02090	0.00709	0.00773	0.00529	0.00418	0.00306	0.00126	0.00362	0.00271	0.00306	0.00529
17	0.00775	0.00495	0.00614	0.00553	0.00697	0.00459	0.00425	0.03068	0.04664	0.12325	0.53386	0.02873	0.16444	0.00808	0.00470	0.00131	0.00229	0.00698	0.00445	0.00441
18	0.00732	0.00636	0.00841	0.00757	0.00777	0.00799	0.00579	0.00819	0.01811	0.00999	0.08905	0.03356	0.03937	0.29802	0.05045	0.00268	0.38811	0.00513	0.00245	0.00369
19	0.01756	0.00718	0.00950	0.00741	0.01050	0.00647	0.00608	0.02019	0.09638	0.74784	0.01625	0.01411	0.01041	0.00513	0.00413	0.00128	0.00347	0.00418	0.00499	0.00693
20	0.00487	0.00410	0.00422	0.00432	0.00559	0.00345	0.00319	0.00587	0.00920	0.01103	0.03961	0.12440	0.74485	0.01065	0.00489	0.00142	0.00211	0.00898	0.00381	0.00345
21	0.11506	0.00751	0.00908	0.00726	0.01013	0.00731	0.00592	0.08396	0.10845	0.52716	0.06387	0.01398	0.01127	0.00518	0.00399	0.00128	0.00342	0.00414	0.00457	0.00645
22	0.04425	0.01159	0.01152	0.00914	0.01219	0.09805	0.00743	0.56557	0.08850	0.09449	0.01052	0.01034	0.00749	0.00489	0.00402	0.00123	0.00457	0.00366	0.00394	0.00662
23	0.04315	0.00998	0.03163	0.08345	0.24826	0.03730	0.36731	0.01247	0.00931	0.01333	0.00841	0.01091	0.00658	0.00375	0.00422	0.00127	0.00556	0.00410	0.09352	0.00549
24	0.00502	0.00379	0.00465	0.00522	0.00585	0.00342	0.00362	0.00593	0.00860	0.01115	0.09427	0.55264	0.25740	0.01179	0.00510	0.00156	0.00226	0.01046	0.00387	0.00342
25	0.01057	0.00865	0.00951	0.04083	0.03756	0.02858	0.00673	0.09234	0.54963	0.05485	0.01578	0.10166	0.01280	0.00610	0.00426	0.00139	0.00352	0.00515	0.00397	0.00612
26	0.00900	0.00761	0.00884	0.00645	0.00990	0.00621	0.00518	0.07299	0.00930	0.01419	0.00819	0.00931	0.02419	0.00348	0.00349	0.00071	0.02951	0.00270	0.00257	0.76617
27	0.02562	0.08970	0.07035	0.07442	0.25123	0.04808	0.01724	0.06345	0.10061	0.06878	0.02368	0.02208	0.00836	0.01649	0.00412	0.00123	0.00448	0.02206	0.00270	0.08533
28	0.04637	0.03860	0.02669	0.00727	0.00987	0.04352	0.00602	0.15145	0.06246	0.32013	0.10740	0.01795	0.09934	0.02043	0.00447	0.00132	0.00359	0.02314	0.00417	0.00581
29	0.05029	0.02510	0.00724	0.00662	0.00797	0.07960	0.01867	0.04340	0.00967	0.11534	0.10727	0.39100	0.08087	0.00911	0.00474	0.00143	0.01489	0.00789	0.00373	0.01517
30	0.05278	0.03047	0.01658	0.04708	0.11857	0.03782	0.35223	0.02355	0.11260	0.02617	0.02607	0.03866	0.03600	0.00507	0.02053	0.00143	0.02153	0.00463	0.00258	0.02564
31	0.04245	0.04530	0.00918	0.02856	0.12897	0.05358	0.02001	0.03950	0.03997	0.01274	0.06132	0.17499	0.19247	0.00749	0.00464	0.00132	0.03212	0.02376	0.00311	0.07852
32	0.05545	0.04179	0.08355	0.00935	0.04457	0.14016	0.00766	0.26257	0.12362	0.03566	0.01108	0.01204	0.03913	0.03288	0.06594	0.00170	0.00519	0.00377	0.00314	0.02073
33	0.05347	0.03344	0.06760	0.02095	0.05614	0.10501	0.16865	0.16611	0.07333	0.06629	0.02971	0.03245	0.00832	0.00593	0.04546	0.00152	0.02327	0.00403	0.00291	0.03542

[dist]
# distance from previous block
# <min> <max>
1	133

[block]
# block no. 2 follows, 65 sequences, length 37
# corresponding to MSA columns:
# 243-279
name=unknown_C
#
# <colnr> <probs for GDERKNQSTAVLIFYWHMCP>
#	G	D	E	R	K	N	Q	S	T	A	V	L	I	F	Y	W	H	M	C	P
0	0.05255	0.12612	0.01127	0.04137	0.02474	0.02566	0.03902	0.08059	0.11825	0.13107	0.08309	0.01339	0.03446	0.00611	0.04613	0.00140	0.00410	0.00392	0.00325	0.15350
1	0.01379	0.05437	0.01174	0.00943	0.01185	0.33238	0.00749	0.32909	0.03135	0.01633	0.00846	0.00960	0.00672	0.00781	0.10572	0.00182	0.03023	0.00332	0.00293	0.00555
2	0.02538	0.00866	0.06311	0.00818	0.01010	0.03884	0.05406	0.22316	0.09544	0.01461	0.02072	0.01169	0.00785	0.00847	0.00892	0.33612	0.03044	0.00376	0.02604	0.00447
3	0.01466	0.01809	0.01320	0.01133	0.01376	0.69361	0.10609	0.05941	0.01181	0.01128	0.00677	0.00798	0.00549	0.00417	0.00386	0.00111	0.00719	0.00297	0.00222	0.00497
4	0.05166	0.00842	0.01299	0.22193	0.31791	0.00906	0.05049	0.04962	0.10377	0.01410	0.07977	0.01363	0.03955	0.00469	0.00415	0.00130	0.00449	0.00426	0.00263	0.00556
5	0.06595	0.01008	0.01115	0.05009	0.04894	0.01126	0.00753	0.48650	0.19006	0.02158	0.01142	0.04751	0.00880	0.00525	0.00407	0.00129	0.00413	0.00415	0.00381	0.00643
6	0.77808	0.00744	0.00576	0.00521	0.00755	0.00855	0.00425	0.01176	0.00718	0.01804	0.00665	0.00772	0.00518	0.00393	0.00258	0.00123	0.00302	0.00242	0.10906	0.00437
7	0.00504	0.00373	0.00472	0.00539	0.00590	0.00340	0.00369	0.00592	0.00845	0.01110	0.09494	0.63567	0.17297	0.01203	0.00514	0.00158	0.00229	0.01076	0.00387	0.00340
8	0.01865	0.00870	0.01478	0.44106	0.24423	0.02739	0.12126	0.02293	0.00886	0.01186	0.00774	0.01114	0.00618	0.03256	0.00473	0.00141	0.00546	0.00386	0.00198	0.00519
9	0.01085	0.01044	0.03436	0.02839	0.06244	0.05493	0.19456	0.20885	0.01106	0.01508	0.00934	0.01221	0.03075	0.02386	0.00708	0.00148	0.22472	0.02684	0.02737	0.00540
10	0.00522	0.00412	0.00473	0.00483	0.00592	0.00362	0.00361	0.00650	0.00976	0.01250	0.24788	0.15140	0.46190	0.01026	0.00495	0.00143	0.00218	0.05163	0.00400	0.00357
11	0.00980	0.13307	0.30060	0.00896	0.01268	0.03322	0.02677	0.09541	0.12757	0.03456	0.08207	0.01278	0.03013	0.00484	0.00383	0.00122	0.00449	0.00385	0.06851	0.00566
12	0.01052	0.00890	0.00944	0.00841	0.01077	0.01023	0.00661	0.08557	0.73033	0.01771	0.01632	0.01592	0.01246	0.00571	0.00422	0.00140	0.00337	0.03151	0.00416	0.00644
13	0.01122	0.58647	0.14164	0.00859	0.03272	0.05238	0.00850	0.09484	0.00969	0.01193	0.00646	0.00736	0.00547	0.00375	0.00306	0.00099	0.00480	0.00253	0.00202	0.00557
14	0.00892	0.06809	0.05809	0.02644	0.08770	0.03234	0.23514	0.01104	0.00901	0.05632	0.06480	0.10674	0.02430	0.07512	0.02111	0.00169	0.05294	0.05265	0.00268	0.00485
15	0.00647	0.00495	0.00500	0.00511	0.00533	0.06049	0.00313	0.00675	0.00681	0.00884	0.01440	0.18662	0.01651	0.60454	0.01606	0.00323	0.00383	0.00679	0.03230	0.00285
16	0.01351	0.10738	0.04627	0.01057	0.06242	0.22855	0.03153	0.29129	0.12687	0.02838	0.00925	0.00968	0.00704	0.00452	0.00386	0.00118	0.00522	0.00340	0.00307	0.00603
17	0.00546	0.00410	0.00511	0.00568	0.00648	0.00379	0.00432	0.00664	0.00891	0.01146	0.08010	0.33038	0.26025	0.03187	0.00559	0.00168	0.00267	0.21819	0.00382	0.00350
18	0.00605	0.00438	0.00591	0.00585	0.00627	0.00491	0.00418	0.00692	0.00638	0.00903	0.01161	0.02010	0.01194	0.35518	0.47148	0.00529	0.03702	0.00498	0.01928	0.00323
19	0.00554	0.00410	0.00483	0.00489	0.00582	0.00372	0.00358	0.00684	0.00962	0.01287	0.30588	0.13344	0.29999	0.08631	0.00629	0.00163	0.00232	0.04988	0.04893	0.00354
20	0.00669	0.00548	0.00668	0.00645	0.00693	0.04932	0.00471	0.00757	0.00661	0.00904	0.01091	0.01878	0.01118	0.31791	0.42920	0.00493	0.08718	0.00478	0.00226	0.00339
21	0.00966	0.01100	0.02380	0.01707	0.02107	0.01046	0.78625	0.01303	0.00957	0.01303	0.00820	0.01100	0.00620	0.00359	0.00515	0.00140	0.03715	0.00480	0.00207	0.00550
22	0.01176	0.00944	0.01005	0.00860	0.01118	0.01074	0.00681	0.22061	0.60203	0.03911	0.01498	0.01392	0.01108	0.00540	0.00416	0.00135	0.00357	0.00439	0.00418	0.00663
23	0.00556	0.00416	0.00522	0.00572	0.00645	0.00395	0.00417	0.00720	0.04907	0.01212	0.15983	0.44912	0.15754	0.01118	0.00511	0.00157	0.00246	0.10199	0.00394	0.00365
24	0.01065	0.00904	0.00953	0.00844	0.01084	0.01042	0.00660	0.08683	0.75698	0.01788	0.01615	0.01487	0.01208	0.00552	0.00417	0.00138	0.00335	0.00456	0.00417	0.00654
25	0.88473	0.00794	0.00603	0.00540	0.00794	0.00921	0.00445	0.01207	0.00699	0.01842	0.00572	0.00667	0.00445	0.00381	0.00254	0.00127	0.00318	0.00222	0.00254	0.00445
26	0.00604	0.00437	0.00530	0.00550	0.00646	0.00409	0.00400	0.00786	0.06282	0.04517	0.17189	0.36557	0.24046	0.01085	0.01808	0.00157	0.00249	0.02966	0.00399	0.00384
27	0.01001	0.00998	0.03981	0.05772	0.77481	0.00972	0.01262	0.01252	0.00928	0.01328	0.00769	0.01015	0.00642	0.00368	0.00406	0.00123	0.00493	0.00364	0.00202	0.00641
28	0.00582	0.00400	0.00447	0.00448	0.00467	0.00391	0.00262	0.00601	0.00654	0.00859	0.03933	0.04227	0.10671	0.72317	0.01838	0.00357	0.00368	0.00641	0.00271	0.00265
29	0.00528	0.00414	0.00476	0.00471	0.00583	0.00364	0.00350	0.00664	0.01007	0.01308	0.34339	0.09293	0.44085	0.02474	0.00517	0.00142	0.00210	0.02009	0.00406	0.00360
30	0.03533	0.00592	0.00710	0.00644	0.00811	0.00577	0.00492	0.13541	0.02188	0.19913	0.06084	0.29733	0.12792	0.03831	0.00520	0.00152	0.00303	0.02691	0.00410	0.00483
31	0.00551	0.00417	0.00476	0.00476	0.00581	0.00370	0.00348	0.00668	0.00951	0.02544	0.23794	0.10500	0.43185	0.09626	0.00654	0.00167	0.00235	0.03718	0.00388	0.00353
32	0.02461	0.00916	0.00964	0.00823	0.02165	0.04285	0.00643	0.28728	0.29195	0.07925	0.06887	0.01427	0.01171	0.03174	0.00457	0.00135	0.00371	0.00432	0.07233	0.00608
33	0.01507	0.02678	0.01252	0.01019	0.01311	0.11771	0.03500	0.36833	0.24093	0.08017	0.01309	0.01365	0.00995	0.00591	0.00467	0.00151	0.00497	0.01508	0.00425	0.00709
34	0.01020	0.03455	0.01388	0.04566	0.14062	0.08635	0.16213	0.05951	0.06430	0.01378	0.00820	0.00973	0.00654	0.00366	0.00378	0.00102	0.00471	0.00337	0.00244	0.32557
35	0.09787	0.08046	0.01222	0.03067	0.09052	0.25251	0.05444	0.11523	0.03479	0.04308	0.08988	0.01132	0.01831	0.00461	0.00379	0.00115	0.00499	0.00359	0.00280	0.04779
36	0.07161	0.03989	0.06182	0.00863	0.05478	0.05780	0.02061	0.07859	0.15571	0.04535	0.07822	0.08659	0.01343	0.03066	0.00458	0.00135	0.00384	0.07405	0.00327	0.10921

[dist]
# distance from previous block
# <min> <max>
2	49

[block]
# block no. 3 follows, 65 sequences, length 31
# corresponding to MSA columns:
# 329-359
name=unknown_D
#
# <colnr> <probs for GDERKNQSTAVLIFYWHMCP>
#	G	D	E	R	K	N	Q	S	T	A	V	L	I	F	Y	W	H	M	C	P
0	0.00888	0.00794	0.05594	0.11885	0.05857	0.02940	0.07001	0.08069	0.06551	0.07558	0.11722	0.07243	0.17151	0.02737	0.00489	0.00142	0.00390	0.02162	0.00335	0.00492
1	0.02957	0.00628	0.00804	0.00677	0.00908	0.00583	0.00548	0.03130	0.07022	0.45373	0.12102	0.02153	0.06847	0.03825	0.00500	0.00145	0.00322	0.08870	0.02034	0.00572
2	0.04354	0.17890	0.29854	0.00994	0.02724	0.05451	0.04038	0.08054	0.12516	0.07280	0.00909	0.00966	0.00679	0.00429	0.00389	0.00122	0.02171	0.00327	0.00259	0.00594
3	0.05835	0.06869	0.10085	0.03827	0.01161	0.32848	0.00743	0.05231	0.01026	0.04312	0.03384	0.05694	0.00852	0.02164	0.00413	0.00119	0.01769	0.00362	0.09550	0.03754
4	0.00555	0.00401	0.00477	0.00495	0.00551	0.00377	0.00331	0.00643	0.02082	0.01091	0.16661	0.24928	0.18986	0.26733	0.01015	0.02907	0.00277	0.00821	0.00348	0.00320
5	0.00568	0.00417	0.00583	0.00615	0.00662	0.00413	0.03191	0.00656	0.00748	0.01006	0.01817	0.42783	0.02086	0.20931	0.12544	0.00290	0.00426	0.09610	0.00322	0.00331
6	0.00892	0.05563	0.01276	0.44075	0.13495	0.02272	0.04038	0.02777	0.03700	0.04103	0.00991	0.02885	0.00848	0.00502	0.00420	0.00136	0.00494	0.08860	0.02175	0.00500
7	0.02736	0.01015	0.04615	0.17082	0.42012	0.05149	0.10831	0.01256	0.03703	0.01267	0.00790	0.01043	0.00639	0.00463	0.02554	0.00142	0.03546	0.00375	0.00207	0.00574
8	0.00871	0.00584	0.00670	0.00642	0.00786	0.00512	0.00468	0.00976	0.02896	0.10542	0.24750	0.16730	0.34082	0.01048	0.00553	0.00171	0.00293	0.00859	0.02069	0.00499
9	0.00629	0.00503	0.00742	0.00717	0.00780	0.00615	0.00566	0.00768	0.00655	0.00958	0.01023	0.01515	0.00959	0.02755	0.72630	0.00594	0.12570	0.00429	0.00214	0.00378
10	0.01037	0.00858	0.08903	0.03680	0.01080	0.00733	0.05195	0.14036	0.01173	0.03910	0.08855	0.08291	0.07100	0.00708	0.00459	0.00150	0.00384	0.02137	0.30758	0.00551
11	0.00618	0.00416	0.00525	0.00556	0.00624	0.00400	0.00395	0.00715	0.00842	0.05796	0.06933	0.48012	0.15539	0.04297	0.03129	0.00177	0.03422	0.00924	0.06316	0.00365
12	0.00583	0.00433	0.00639	0.00644	0.00711	0.00498	0.00492	0.00717	0.00663	0.00949	0.01169	0.05930	0.01137	0.07459	0.75264	0.00620	0.01018	0.00485	0.00230	0.00358
13	0.03793	0.00931	0.01021	0.00801	0.01085	0.00996	0.00656	0.52105	0.01588	0.15694	0.02333	0.01164	0.00848	0.00495	0.00388	0.00120	0.00385	0.00380	0.14583	0.00636
14	0.01109	0.81149	0.03613	0.00724	0.01075	0.04683	0.00721	0.01246	0.00847	0.00973	0.00576	0.00665	0.00527	0.00355	0.00270	0.00089	0.00453	0.00223	0.00177	0.00526
15	0.00583	0.00436	0.00636	0.00634	0.00707	0.00496	0.00487	0.00724	0.00691	0.00985	0.05376	0.01814	0.03790	0.06972	0.72999	0.00603	0.00990	0.00477	0.00238	0.00361
16	0.00610	0.00427	0.00555	0.00519	0.00622	0.00391	0.00390	0.00800	0.01155	0.03690	0.78253	0.03052	0.06306	0.00837	0.00482	0.00129	0.00198	0.00738	0.00451	0.00394
17	0.00635	0.00454	0.00631	0.00726	0.00809	0.00450	0.00616	0.00805	0.00919	0.01199	0.02188	0.17740	0.02420	0.01159	0.00560	0.00185	0.00355	0.67400	0.00378	0.00371
18	0.01016	0.00975	0.01666	0.02520	0.83013	0.00975	0.01260	0.01260	0.00935	0.01341	0.00772	0.01016	0.00650	0.00366	0.00406	0.00122	0.00488	0.00366	0.00203	0.00650
19	0.01387	0.30130	0.01495	0.00938	0.01197	0.56277	0.00763	0.01501	0.01053	0.00992	0.00613	0.00713	0.00528	0.00399	0.00334	0.00100	0.00639	0.00249	0.00199	0.00493
20	0.00851	0.00730	0.00851	0.00608	0.00973	0.00547	0.00486	0.01034	0.00851	0.01338	0.00730	0.00851	0.00608	0.00304	0.00304	0.00061	0.00304	0.00243	0.00243	0.88083
21	0.00617	0.00415	0.00471	0.00466	0.00476	0.00420	0.00269	0.02472	0.00633	0.00845	0.01300	0.04166	0.01487	0.80208	0.03833	0.00393	0.00412	0.00599	0.00254	0.00263
22	0.00611	0.00478	0.00737	0.00709	0.00790	0.00559	0.03001	0.00761	0.00668	0.00965	0.01069	0.01569	0.00994	0.02901	0.78098	0.00625	0.04433	0.00438	0.00218	0.00376
23	0.01384	0.03613	0.10856	0.01050	0.01414	0.03764	0.10912	0.50535	0.04449	0.06468	0.00973	0.01012	0.00695	0.00460	0.00412	0.00125	0.00498	0.00374	0.00351	0.00656
24	0.00640	0.00436	0.00567	0.00597	0.00686	0.00397	0.00433	0.00769	0.02176	0.05948	0.11299	0.53740	0.03801	0.01078	0.00496	0.00152	0.00259	0.08416	0.00385	0.07725
25	0.00962	0.47075	0.36637	0.00899	0.01349	0.01298	0.01041	0.01241	0.00841	0.01107	0.00661	0.00782	0.00543	0.00469	0.03437	0.00127	0.00535	0.00263	0.00176	0.00555
26	0.00661	0.00472	0.00661	0.00756	0.00850	0.00472	0.00661	0.00850	0.00945	0.01228	0.02173	0.04630	0.02362	0.01134	0.00567	0.00189	0.00378	0.80250	0.00378	0.00378
27	0.00858	0.00716	0.00840	0.00609	0.00961	0.00541	0.00485	0.01036	0.00855	0.02923	0.00801	0.03814	0.00690	0.00342	0.00314	0.00066	0.00303	0.00279	0.00253	0.83314
28	0.00485	0.00416	0.00416	0.00416	0.00554	0.00347	0.00312	0.00589	0.00936	0.01109	0.04158	0.03950	0.82847	0.01040	0.00485	0.00139	0.00208	0.00866	0.00381	0.00347
29	0.00907	0.00864	0.01470	0.39608	0.46775	0.00947	0.01206	0.01164	0.00883	0.01209	0.00753	0.01051	0.00604	0.00386	0.00408	0.00129	0.00515	0.00365	0.00194	0.00562
30	0.01151	0.00915	0.00898	0.00844	0.07025	0.11913	0.00611	0.30103	0.01304	0.01807	0.04296	0.03023	0.03780	0.00517	0.00371	0.00113	0.00382	0.00407	0.30012	0.00527

[dist]
# distance from previous block
# <min> <max>
0	1

[block]
# block no. 4 follows, 65 sequences, length 11
# corresponding to MSA columns:
# 361-371
name=unknown_E
#
# <colnr> <probs for GDERKNQSTAVLIFYWHMCP>
#	G	D	E	R	K	N	Q	S	T	A	V	L	I	F	Y	W	H	M	C	P
0	0.02351	0.13528	0.22160	0.02580	0.09442	0.06757	0.08886	0.10561	0.08411	0.03326	0.00867	0.01011	0.00678	0.03137	0.00436	0.00128	0.00513	0.00344	0.00247	0.04638
1	0.00618	0.00504	0.00595	0.00673	0.02942	0.04626	0.00461	0.00758	0.04123	0.01129	0.04971	0.62779	0.02407	0.01114	0.00500	0.00156	0.00285	0.06463	0.00365	0.04531
2	0.00597	0.00398	0.00448	0.00448	0.00448	0.00398	0.00249	0.00597	0.00597	0.00796	0.01293	0.02686	0.01492	0.85574	0.02089	0.00398	0.00398	0.00597	0.00249	0.00249
3	0.01082	0.65819	0.15909	0.00798	0.01191	0.01486	0.00846	0.06724	0.00914	0.01133	0.00627	0.00716	0.00537	0.00367	0.00295	0.00097	0.00468	0.00244	0.00191	0.00552
4	0.05438	0.10048	0.08271	0.07391	0.14198	0.08926	0.10861	0.07878	0.08257	0.05877	0.00999	0.05970	0.00840	0.00484	0.00402	0.00127	0.00495	0.02709	0.00268	0.00561
5	0.01016	0.00980	0.03516	0.10832	0.57233	0.03744	0.01148	0.03199	0.00943	0.03898	0.00909	0.01127	0.03767	0.00427	0.00464	0.00127	0.05466	0.00381	0.00221	0.00602
6	0.00566	0.00417	0.00531	0.00536	0.00619	0.00390	0.00389	0.00750	0.03712	0.01439	0.51460	0.26842	0.08864	0.00973	0.00494	0.00141	0.00212	0.00864	0.00425	0.00378
7	0.07426	0.00909	0.04734	0.13084	0.23786	0.03468	0.09749	0.01293	0.10592	0.04763	0.04620	0.08174	0.01049	0.00525	0.00437	0.00135	0.01834	0.02607	0.00271	0.00544
8	0.04251	0.03283	0.24169	0.06527	0.02745	0.02516	0.12872	0.12319	0.03532	0.10974	0.02176	0.06972	0.00925	0.00520	0.00422	0.00134	0.00500	0.04303	0.00290	0.00571
9	0.00611	0.00418	0.00549	0.00612	0.00674	0.00401	0.00447	0.00755	0.03953	0.04469	0.07136	0.54786	0.04326	0.03534	0.00564	0.00172	0.00273	0.15563	0.00388	0.00370
10	0.00755	0.00502	0.00615	0.00565	0.00697	0.00478	0.00428	0.06389	0.03500	0.08736	0.45120	0.09301	0.13856	0.05064	0.00556	0.00148	0.00248	0.02189	0.00426	0.00427

[dist]
# distance from previous block
# <min> <max>
0	11

# created by:
# /st0/software/busco_prod/Augustus/scripts/msa2prfl.pl ./align_prep/38648.fa
