[name]
unknown

[dist]
# distance from previous block
# <min> <max>
7	406

[block]
# block no. 0 follows, 54 sequences, length 19
# corresponding to MSA columns:
# 482-500
name=unknown_A
#
# <colnr> <probs for GDERKNQSTAVLIFYWHMCP>
#	G	D	E	R	K	N	Q	S	T	A	V	L	I	F	Y	W	H	M	C	P
0	0.11234	0.05290	0.07672	0.06135	0.03047	0.12100	0.04364	0.19273	0.08137	0.04429	0.05662	0.03051	0.01053	0.02190	0.02816	0.00167	0.01964	0.00442	0.00345	0.00630
1	0.04013	0.05591	0.00955	0.00762	0.00963	0.00870	0.00585	0.20801	0.07437	0.02953	0.07153	0.14030	0.06400	0.18095	0.00888	0.00214	0.00403	0.02726	0.00399	0.04763
2	0.00679	0.00485	0.00566	0.00574	0.00636	0.00466	0.00382	0.03064	0.00937	0.01237	0.12876	0.17194	0.15396	0.38825	0.01409	0.00301	0.00359	0.03869	0.00380	0.00364
3	0.02383	0.00963	0.01326	0.14198	0.24159	0.03419	0.01003	0.14842	0.04986	0.01714	0.08786	0.08330	0.01351	0.00875	0.07207	0.00201	0.02762	0.00546	0.00330	0.00619
4	0.01142	0.01081	0.01563	0.20246	0.18820	0.07783	0.10884	0.07340	0.04922	0.03342	0.01096	0.07516	0.00944	0.00657	0.02741	0.00171	0.06708	0.00507	0.01926	0.00611
5	0.00959	0.00740	0.04662	0.00739	0.00918	0.00687	0.00588	0.02401	0.14540	0.10207	0.09008	0.08020	0.16085	0.14049	0.00953	0.05774	0.04480	0.01983	0.00402	0.02807
6	0.03159	0.00760	0.00904	0.00880	0.03546	0.00816	0.00656	0.19347	0.05265	0.01707	0.03662	0.21695	0.07425	0.10760	0.00824	0.00208	0.05168	0.12291	0.00407	0.00522
7	0.06498	0.00996	0.01239	0.05309	0.09848	0.06650	0.05010	0.10042	0.04291	0.06522	0.01671	0.10278	0.12233	0.00762	0.00695	0.00163	0.16281	0.00594	0.00341	0.00578
8	0.01215	0.01404	0.17510	0.09199	0.30725	0.08094	0.05781	0.05348	0.01139	0.07930	0.01068	0.06533	0.00885	0.00525	0.00475	0.00147	0.00599	0.00468	0.00279	0.00676
9	0.05046	0.00456	0.00563	0.00569	0.00623	0.00450	0.00388	0.00747	0.00801	0.01161	0.06215	0.11306	0.09813	0.12500	0.01312	0.36300	0.00347	0.00635	0.10454	0.00313
10	0.04470	0.01252	0.06030	0.17179	0.18680	0.10864	0.01099	0.19828	0.01350	0.03385	0.05435	0.01412	0.00992	0.00552	0.00493	0.00147	0.02456	0.03410	0.00317	0.00648
11	0.03410	0.04537	0.03378	0.05965	0.01269	0.06577	0.00752	0.24658	0.07819	0.06072	0.14413	0.11300	0.04756	0.00743	0.00486	0.00148	0.00438	0.00613	0.02051	0.00614
12	0.14796	0.00805	0.00868	0.00778	0.00954	0.05961	0.04318	0.01341	0.12082	0.08829	0.06990	0.12570	0.05165	0.19718	0.00936	0.00226	0.02135	0.00649	0.00377	0.00502
13	0.00758	0.00525	0.00657	0.03114	0.00808	0.02038	0.00485	0.02427	0.00991	0.05545	0.14291	0.39364	0.04457	0.13990	0.04932	0.01971	0.00382	0.02439	0.00411	0.00416
14	0.01166	0.01082	0.01517	0.09452	0.18551	0.06602	0.07572	0.06600	0.05525	0.04398	0.01022	0.04608	0.00881	0.01717	0.02838	0.00182	0.22548	0.00474	0.02656	0.00609
15	0.01214	0.09889	0.01812	0.17313	0.41109	0.03100	0.04261	0.05763	0.01108	0.05453	0.00904	0.01152	0.00724	0.00461	0.00495	0.00142	0.03760	0.00407	0.00256	0.00677
16	0.00823	0.00561	0.00707	0.00757	0.05390	0.00520	0.00518	0.01023	0.05017	0.09962	0.14948	0.24265	0.26374	0.04293	0.00625	0.00176	0.00302	0.02813	0.00450	0.00479
17	0.01311	0.01012	0.01407	0.14176	0.25627	0.01088	0.01041	0.13345	0.18571	0.11387	0.01291	0.01452	0.00987	0.04541	0.00566	0.00163	0.00499	0.00465	0.00365	0.00705
18	0.05445	0.03186	0.01451	0.05035	0.10497	0.02957	0.05000	0.22265	0.05066	0.04395	0.00993	0.02709	0.00809	0.00683	0.03141	0.00173	0.19814	0.00431	0.00323	0.05625

[dist]
# distance from previous block
# <min> <max>
13	28

[block]
# block no. 1 follows, 54 sequences, length 7
# corresponding to MSA columns:
# 543-549
name=unknown_B
#
# <colnr> <probs for GDERKNQSTAVLIFYWHMCP>
#	G	D	E	R	K	N	Q	S	T	A	V	L	I	F	Y	W	H	M	C	P
0	0.08573	0.00483	0.00590	0.00667	0.00737	0.00477	0.00479	0.00773	0.00909	0.01299	0.02418	0.54756	0.06772	0.05377	0.03698	0.00223	0.00346	0.10615	0.00409	0.00399
1	0.00845	0.00520	0.00599	0.00569	0.00618	0.00519	0.00349	0.00937	0.05171	0.08360	0.01545	0.02874	0.01648	0.71132	0.02114	0.00412	0.00447	0.00658	0.00324	0.00359
2	0.01031	0.23217	0.15487	0.03938	0.01347	0.02809	0.03802	0.01405	0.10434	0.04010	0.08771	0.07298	0.09222	0.00674	0.00503	0.00144	0.04462	0.00541	0.00319	0.00586
3	0.12134	0.10043	0.13912	0.11469	0.01576	0.03664	0.00956	0.16212	0.05332	0.05355	0.07657	0.01276	0.01031	0.00532	0.00451	0.00140	0.02357	0.00404	0.00329	0.05170
4	0.07643	0.10365	0.08703	0.00936	0.01274	0.06635	0.03355	0.16577	0.11634	0.05038	0.06352	0.02840	0.05310	0.00669	0.02741	0.00154	0.00496	0.00463	0.01993	0.06824
5	0.04522	0.19317	0.11135	0.01085	0.06832	0.02988	0.03589	0.09984	0.11195	0.07330	0.03582	0.08776	0.01136	0.00586	0.00434	0.00137	0.00482	0.00478	0.00338	0.06073
6	0.05196	0.04371	0.11051	0.03854	0.07261	0.04147	0.00940	0.27994	0.06747	0.06380	0.02559	0.05557	0.02350	0.00602	0.00458	0.00143	0.00496	0.02646	0.02503	0.04746

[dist]
# distance from previous block
# <min> <max>
21	165

[block]
# block no. 2 follows, 54 sequences, length 14
# corresponding to MSA columns:
# 766-779
name=unknown_C
#
# <colnr> <probs for GDERKNQSTAVLIFYWHMCP>
#	G	D	E	R	K	N	Q	S	T	A	V	L	I	F	Y	W	H	M	C	P
0	0.02682	0.08892	0.16121	0.02497	0.05129	0.16568	0.02166	0.10744	0.03649	0.05500	0.05678	0.04777	0.03728	0.00564	0.00442	0.00133	0.00556	0.00444	0.00317	0.09413
1	0.08463	0.09691	0.10914	0.02179	0.04668	0.09417	0.00870	0.15839	0.09005	0.03247	0.04027	0.06637	0.02741	0.00670	0.02597	0.00154	0.00517	0.00464	0.02852	0.05048
2	0.04754	0.10594	0.07425	0.05609	0.02680	0.02859	0.05241	0.08965	0.10737	0.08538	0.09755	0.06842	0.02983	0.00708	0.01984	0.00161	0.07079	0.00528	0.00359	0.02198
3	0.01062	0.08066	0.06391	0.08069	0.07993	0.02254	0.02353	0.09162	0.07350	0.04058	0.04392	0.08028	0.09335	0.03661	0.00653	0.00163	0.08811	0.02210	0.00335	0.05654
4	0.04101	0.20705	0.16283	0.02802	0.08300	0.15322	0.06739	0.06726	0.01139	0.03968	0.00986	0.03586	0.02538	0.00511	0.00454	0.00135	0.02938	0.00395	0.01748	0.00624
5	0.01150	0.03725	0.14720	0.05519	0.07522	0.06662	0.03079	0.10160	0.09038	0.06731	0.06473	0.06509	0.08740	0.00645	0.00474	0.00143	0.00494	0.00539	0.00353	0.07325
6	0.00951	0.03911	0.08614	0.00978	0.01264	0.04251	0.13586	0.02797	0.05459	0.04302	0.12137	0.11937	0.10993	0.02285	0.01722	0.02709	0.00468	0.02108	0.00357	0.09172
7	0.01211	0.06991	0.04097	0.02566	0.04856	0.05257	0.03376	0.11831	0.34836	0.03534	0.04120	0.06503	0.03120	0.00665	0.00478	0.00151	0.00453	0.03141	0.00407	0.02407
8	0.03382	0.00663	0.03535	0.00685	0.00770	0.04068	0.00502	0.03827	0.00804	0.01109	0.01265	0.02238	0.01310	0.38899	0.27250	0.07761	0.00735	0.00553	0.00271	0.00374
9	0.01249	0.13192	0.13325	0.04885	0.05627	0.06342	0.03840	0.07653	0.04503	0.11580	0.01250	0.05566	0.03952	0.00749	0.04408	0.00178	0.10289	0.00468	0.00314	0.00628
10	0.01413	0.25868	0.06020	0.02908	0.02982	0.21136	0.02980	0.09729	0.17265	0.03797	0.01042	0.01093	0.00818	0.00498	0.00413	0.00130	0.00583	0.00367	0.00309	0.00652
11	0.00712	0.00525	0.00651	0.00652	0.00737	0.00538	0.00467	0.03823	0.04335	0.01303	0.11374	0.16842	0.11300	0.22460	0.19179	0.00374	0.00551	0.03397	0.00370	0.00409
12	0.01331	0.66129	0.02210	0.00870	0.01247	0.15179	0.00813	0.01480	0.01022	0.01137	0.00676	0.00783	0.00610	0.00415	0.00325	0.00103	0.00555	0.00262	0.00212	0.04640
13	0.01142	0.04477	0.00936	0.00753	0.00994	0.00704	0.00602	0.06231	0.06161	0.17853	0.13997	0.09815	0.05400	0.05349	0.00602	0.00163	0.00364	0.09783	0.00440	0.14232

[dist]
# distance from previous block
# <min> <max>
9	63

[block]
# block no. 3 follows, 54 sequences, length 26
# corresponding to MSA columns:
# 855-880
name=unknown_D
#
# <colnr> <probs for GDERKNQSTAVLIFYWHMCP>
#	G	D	E	R	K	N	Q	S	T	A	V	L	I	F	Y	W	H	M	C	P
0	0.24804	0.05762	0.10458	0.01042	0.04524	0.07013	0.07370	0.11912	0.01137	0.01793	0.04422	0.09046	0.01061	0.02755	0.00494	0.00153	0.01907	0.00470	0.00312	0.03564
1	0.07042	0.03037	0.29153	0.03629	0.11380	0.06867	0.06043	0.12794	0.03736	0.04754	0.02866	0.01152	0.00803	0.00483	0.00446	0.00142	0.00593	0.00395	0.01785	0.02901
2	0.02876	0.06504	0.03629	0.00988	0.03356	0.14154	0.05873	0.04873	0.05591	0.01536	0.02654	0.01141	0.02383	0.00453	0.00428	0.00107	0.02519	0.00356	0.00289	0.40289
3	0.00909	0.03978	0.04151	0.00700	0.00833	0.00660	0.04186	0.07081	0.00928	0.05820	0.03213	0.02593	0.07543	0.48028	0.01667	0.05894	0.00462	0.00625	0.00320	0.00410
4	0.01224	0.06000	0.01052	0.00867	0.01069	0.26998	0.00674	0.07897	0.05066	0.02594	0.13372	0.01875	0.09447	0.00825	0.04299	0.01945	0.03065	0.00509	0.10693	0.00527
5	0.04038	0.09499	0.09469	0.05862	0.05202	0.07649	0.10963	0.04851	0.01133	0.03863	0.07919	0.08116	0.18069	0.00724	0.00487	0.00148	0.00498	0.00624	0.00331	0.00555
6	0.69081	0.00870	0.00741	0.00645	0.00940	0.00965	0.00529	0.01481	0.00900	0.13849	0.01076	0.01111	0.05243	0.00503	0.00335	0.00147	0.00363	0.00331	0.00344	0.00548
7	0.01079	0.12555	0.27433	0.01026	0.01445	0.03348	0.01059	0.08460	0.08676	0.01572	0.03376	0.01267	0.02608	0.00768	0.07240	0.00186	0.05150	0.00395	0.00283	0.12073
8	0.01059	0.06338	0.13546	0.08424	0.11282	0.02159	0.14051	0.03018	0.10791	0.05082	0.03560	0.05132	0.07047	0.02408	0.00535	0.00160	0.00543	0.03926	0.00317	0.00621
9	0.00616	0.00497	0.00672	0.00668	0.00780	0.00452	0.04967	0.00751	0.01025	0.01331	0.13322	0.37614	0.29718	0.01332	0.03816	0.00195	0.00325	0.01079	0.00429	0.00412
10	0.00819	0.00410	0.00614	0.00614	0.00614	0.00410	0.00410	0.00614	0.00614	0.00819	0.00819	0.01433	0.00819	0.01638	0.01843	0.86282	0.00410	0.00410	0.00205	0.00205
11	0.01103	0.06438	0.26958	0.09893	0.20438	0.07582	0.09717	0.01518	0.05605	0.01441	0.00930	0.02391	0.00738	0.00476	0.00490	0.00147	0.02826	0.00413	0.00236	0.00660
12	0.00895	0.00879	0.04976	0.16602	0.14815	0.00881	0.10988	0.01161	0.02116	0.02443	0.01324	0.05985	0.05314	0.02849	0.23487	0.00333	0.03601	0.00545	0.00264	0.00543
13	0.00900	0.00864	0.01515	0.71085	0.03067	0.01035	0.08940	0.01213	0.00958	0.01235	0.00920	0.04533	0.00737	0.00504	0.00485	0.00159	0.00631	0.00469	0.00222	0.00529
14	0.00926	0.00896	0.01411	0.78983	0.03174	0.04337	0.01293	0.01232	0.00959	0.01203	0.00834	0.01240	0.00628	0.00472	0.00470	0.00156	0.00638	0.00414	0.00211	0.00525
15	0.01332	0.17444	0.18025	0.08616	0.07851	0.06123	0.08051	0.09586	0.05309	0.11722	0.01030	0.01134	0.00763	0.00477	0.00439	0.00138	0.00588	0.00391	0.00301	0.00680
16	0.00979	0.00819	0.07503	0.03499	0.17800	0.00683	0.02848	0.01176	0.01038	0.12881	0.05014	0.38289	0.03587	0.00960	0.00535	0.00166	0.00407	0.00869	0.00388	0.00559
17	0.00819	0.00410	0.00614	0.00614	0.00614	0.00410	0.00410	0.00614	0.00614	0.00819	0.00819	0.01433	0.00819	0.01638	0.01843	0.86282	0.00410	0.00410	0.00205	0.00205
18	0.00894	0.00766	0.00813	0.00798	0.00934	0.07632	0.02263	0.03673	0.19528	0.01539	0.09275	0.40132	0.02385	0.01037	0.00531	0.00167	0.00358	0.00914	0.05849	0.00510
19	0.01259	0.01155	0.07363	0.01570	0.20216	0.04212	0.13495	0.07841	0.11794	0.11710	0.01499	0.01675	0.06304	0.00721	0.04647	0.00182	0.00581	0.02747	0.00349	0.00680
20	0.03717	0.03460	0.02229	0.06832	0.04145	0.03568	0.01971	0.06396	0.07097	0.01630	0.04713	0.01452	0.02410	0.00595	0.02565	0.00133	0.03419	0.02643	0.06911	0.34117
21	0.03480	0.11136	0.01308	0.04670	0.04218	0.08104	0.00796	0.11297	0.27994	0.03005	0.04230	0.03874	0.01158	0.00577	0.00465	0.00137	0.02483	0.00454	0.00371	0.10243
22	0.05620	0.15789	0.09395	0.04747	0.07934	0.10435	0.03820	0.08371	0.05289	0.06128	0.03517	0.02575	0.00900	0.00548	0.01913	0.00139	0.00547	0.00389	0.00301	0.11646
23	0.06088	0.08552	0.23832	0.02793	0.03992	0.07763	0.04365	0.16267	0.03635	0.03038	0.03000	0.01139	0.00813	0.02193	0.00468	0.00139	0.00566	0.00378	0.00297	0.10682
24	0.03564	0.05180	0.08921	0.02639	0.05966	0.22174	0.03870	0.07463	0.08519	0.11499	0.03460	0.05160	0.05988	0.00606	0.00458	0.00141	0.00561	0.00483	0.02723	0.00625
25	0.02425	0.11079	0.14858	0.03065	0.15488	0.02528	0.02953	0.08479	0.12487	0.05045	0.02859	0.03390	0.01028	0.05464	0.03773	0.00185	0.01910	0.00454	0.00312	0.02218

[dist]
# distance from previous block
# <min> <max>
10	113

[block]
# block no. 4 follows, 54 sequences, length 23
# corresponding to MSA columns:
# 994-1016
name=unknown_E
#
# <colnr> <probs for GDERKNQSTAVLIFYWHMCP>
#	G	D	E	R	K	N	Q	S	T	A	V	L	I	F	Y	W	H	M	C	P
0	0.01304	0.05281	0.11020	0.04282	0.15027	0.04716	0.06483	0.20010	0.04237	0.07469	0.02754	0.06896	0.02946	0.00603	0.00532	0.00149	0.04771	0.00502	0.00342	0.00675
1	0.04932	0.08044	0.16896	0.01453	0.13257	0.07680	0.08843	0.04733	0.03032	0.05100	0.00896	0.01102	0.00715	0.00577	0.01839	0.00161	0.16985	0.00396	0.02725	0.00634
2	0.00570	0.00471	0.00492	0.00500	0.00637	0.00402	0.00365	0.00684	0.01050	0.01274	0.07493	0.11401	0.66238	0.05506	0.00657	0.00177	0.00253	0.01004	0.00433	0.00393
3	0.01285	0.01003	0.01155	0.02665	0.05283	0.03259	0.00718	0.19229	0.01307	0.07987	0.00984	0.01074	0.00757	0.00428	0.00398	0.00099	0.00424	0.00339	0.00342	0.51265
4	0.01138	0.01136	0.08139	0.07213	0.28332	0.00984	0.05377	0.10149	0.01165	0.02790	0.01014	0.01200	0.02841	0.00443	0.00438	0.00123	0.00511	0.00396	0.00280	0.26330
5	0.01146	0.24027	0.25299	0.09032	0.09412	0.04241	0.08086	0.03528	0.01036	0.03164	0.00821	0.01010	0.00649	0.00457	0.00479	0.00137	0.04984	0.00360	0.00227	0.01906
6	0.03348	0.03408	0.01264	0.01196	0.10781	0.07790	0.02681	0.19759	0.01258	0.06508	0.01163	0.06276	0.01005	0.01244	0.17803	0.00279	0.09242	0.00483	0.03907	0.00606
7	0.00688	0.00526	0.00779	0.00773	0.00849	0.00621	0.00600	0.00847	0.00759	0.01096	0.01278	0.04379	0.01223	0.04964	0.73584	0.00708	0.05116	0.00531	0.00257	0.00422
8	0.04301	0.02065	0.03223	0.00777	0.01086	0.00784	0.00640	0.05740	0.09807	0.06828	0.16156	0.01667	0.02754	0.00657	0.02782	0.00136	0.04050	0.00461	0.00373	0.35713
9	0.00961	0.00878	0.01421	0.34362	0.19274	0.00954	0.06477	0.05265	0.02542	0.01468	0.06652	0.06002	0.06889	0.00619	0.00497	0.00154	0.00530	0.02425	0.00292	0.02339
10	0.00587	0.00475	0.00522	0.00518	0.00657	0.00410	0.00385	0.00732	0.01135	0.01434	0.24696	0.08374	0.56129	0.01148	0.00559	0.00158	0.00236	0.00975	0.00459	0.00410
11	0.00674	0.00505	0.00758	0.00758	0.00842	0.00589	0.00589	0.00842	0.00758	0.01095	0.01263	0.01852	0.01179	0.03536	0.81561	0.00758	0.01263	0.00505	0.00253	0.00421
12	0.01203	0.01387	0.13530	0.16422	0.25569	0.09501	0.03328	0.10583	0.06757	0.01617	0.00996	0.01274	0.00793	0.00505	0.00494	0.00148	0.02476	0.02474	0.00275	0.00668
13	0.01310	0.03747	0.01601	0.10360	0.30743	0.20144	0.05167	0.08212	0.02857	0.03230	0.01058	0.03106	0.02822	0.01866	0.01635	0.00153	0.00629	0.00440	0.00277	0.00643
14	0.00585	0.00415	0.00544	0.00643	0.00668	0.00390	0.00424	0.00659	0.00883	0.01177	0.02496	0.75703	0.02988	0.09074	0.00768	0.00216	0.00291	0.01280	0.00424	0.00374
15	0.00716	0.00510	0.00634	0.00591	0.00720	0.00470	0.00444	0.02858	0.01296	0.03889	0.61298	0.03568	0.16895	0.03303	0.00604	0.00159	0.00244	0.00851	0.00499	0.00451
16	0.00866	0.16787	0.14629	0.00797	0.01075	0.04973	0.00767	0.01099	0.01115	0.01449	0.23327	0.06802	0.16654	0.00841	0.00493	0.00148	0.00412	0.06892	0.00364	0.00511
17	0.01170	0.23430	0.20697	0.05975	0.23990	0.08036	0.07511	0.01477	0.01043	0.01362	0.00805	0.01004	0.00654	0.00429	0.00423	0.00133	0.00624	0.00360	0.00217	0.00660
18	0.28577	0.23476	0.03852	0.00929	0.01266	0.19493	0.04163	0.06325	0.03012	0.03944	0.00787	0.00883	0.00629	0.00455	0.00362	0.00129	0.00551	0.00305	0.00276	0.00587
19	0.01180	0.01029	0.01566	0.20420	0.43263	0.05208	0.01219	0.01460	0.02503	0.08963	0.04790	0.02813	0.02489	0.00513	0.00475	0.00146	0.00546	0.00468	0.00287	0.00664
20	0.01159	0.00905	0.01079	0.04814	0.03526	0.02538	0.00713	0.05599	0.14726	0.09721	0.05929	0.04205	0.01178	0.00554	0.00504	0.00122	0.05942	0.00442	0.00365	0.35981
21	0.00574	0.00410	0.00547	0.00657	0.00684	0.00383	0.00438	0.00657	0.00903	0.01204	0.02599	0.83122	0.03119	0.01477	0.00602	0.00191	0.00274	0.01340	0.00438	0.00383
22	0.01139	0.01060	0.01746	0.23802	0.54331	0.01126	0.01371	0.06962	0.01121	0.01555	0.00892	0.01188	0.00719	0.00444	0.00468	0.00145	0.00575	0.00420	0.00244	0.00692

[dist]
# distance from previous block
# <min> <max>
0	2

[block]
# block no. 5 follows, 54 sequences, length 24
# corresponding to MSA columns:
# 1019-1042
name=unknown_F
#
# <colnr> <probs for GDERKNQSTAVLIFYWHMCP>
#	G	D	E	R	K	N	Q	S	T	A	V	L	I	F	Y	W	H	M	C	P
0	0.01083	0.03710	0.17671	0.22973	0.33098	0.05644	0.06330	0.01421	0.01038	0.01408	0.00855	0.01133	0.00672	0.00441	0.00463	0.00145	0.00635	0.00403	0.00220	0.00657
1	0.01111	0.00935	0.01133	0.12218	0.03855	0.03854	0.00763	0.08127	0.01092	0.04582	0.00916	0.01100	0.00734	0.00495	0.01861	0.00118	0.05938	0.00342	0.03140	0.47687
2	0.00608	0.00464	0.00559	0.00607	0.00704	0.00420	0.00448	0.00736	0.01035	0.01328	0.12182	0.31174	0.32345	0.03789	0.00642	0.00186	0.00282	0.11650	0.00442	0.00400
3	0.01652	0.02045	0.01379	0.01369	0.10080	0.68194	0.00950	0.01796	0.01287	0.01218	0.00752	0.00892	0.00628	0.00471	0.00425	0.00121	0.00790	0.00315	0.00244	0.05391
4	0.00574	0.00410	0.00547	0.00657	0.00684	0.00383	0.00438	0.00657	0.00903	0.01204	0.02599	0.83122	0.03119	0.01477	0.00602	0.00191	0.00274	0.01340	0.00438	0.00383
5	0.01307	0.01435	0.18235	0.03302	0.21772	0.01178	0.15137	0.21246	0.02518	0.06211	0.01050	0.02599	0.00796	0.00490	0.00483	0.00148	0.00605	0.00451	0.00314	0.00723
6	0.01231	0.78076	0.02362	0.00806	0.01182	0.01796	0.00791	0.01374	0.00941	0.01102	0.00689	0.00860	0.00652	0.03867	0.00423	0.00118	0.02661	0.00274	0.00205	0.00589
7	0.01322	0.00621	0.00830	0.00741	0.00943	0.00560	0.00569	0.01503	0.03004	0.38103	0.13919	0.27351	0.02331	0.03065	0.00581	0.00171	0.00336	0.02943	0.00514	0.00593
8	0.00658	0.00503	0.00616	0.00656	0.00766	0.00475	0.00502	0.00872	0.05225	0.01439	0.17955	0.25320	0.24624	0.01219	0.00585	0.00178	0.00294	0.17231	0.00455	0.00429
9	0.01093	0.03637	0.04392	0.05694	0.49787	0.03429	0.07955	0.01380	0.02071	0.01491	0.03401	0.01482	0.07105	0.00498	0.00472	0.00140	0.00548	0.00473	0.00260	0.04692
10	0.00609	0.00476	0.00552	0.00541	0.00671	0.00419	0.00402	0.00773	0.01184	0.01553	0.39291	0.08490	0.41143	0.01104	0.00559	0.00156	0.00233	0.00949	0.00475	0.00419
11	0.00583	0.00474	0.00520	0.00539	0.00673	0.00410	0.00405	0.00713	0.01073	0.01324	0.10332	0.15018	0.58262	0.01222	0.00570	0.00167	0.00256	0.06611	0.00444	0.00402
12	0.01554	0.15751	0.05590	0.01172	0.04672	0.46388	0.00932	0.01716	0.01207	0.07484	0.03642	0.01021	0.00794	0.00513	0.00485	0.00128	0.05755	0.00342	0.00268	0.00587
13	0.01726	0.07381	0.03834	0.00858	0.01194	0.00820	0.02523	0.06410	0.02448	0.52017	0.08036	0.06226	0.01452	0.00641	0.00473	0.00145	0.00410	0.00531	0.02157	0.00719
14	0.80063	0.00944	0.00750	0.00657	0.00955	0.01090	0.00541	0.07497	0.00914	0.02183	0.00694	0.00795	0.00534	0.00448	0.00306	0.00146	0.00377	0.00269	0.00306	0.00534
15	0.00819	0.00410	0.00614	0.00614	0.00614	0.00410	0.00410	0.00614	0.00614	0.00819	0.00819	0.01433	0.00819	0.01638	0.01843	0.86282	0.00410	0.00410	0.00205	0.00205
16	0.00812	0.00763	0.02991	0.03875	0.09913	0.03111	0.04320	0.01131	0.08974	0.01570	0.26659	0.05533	0.25684	0.00882	0.00543	0.00154	0.01394	0.00766	0.00412	0.00515
17	0.01261	0.03598	0.30620	0.01105	0.04085	0.00967	0.01111	0.07796	0.01142	0.20224	0.03341	0.01464	0.04643	0.00843	0.06977	0.02799	0.06582	0.00446	0.00337	0.00659
18	0.01141	0.09574	0.20755	0.01089	0.03086	0.02707	0.01023	0.05349	0.40336	0.01731	0.01470	0.01458	0.03193	0.00583	0.00505	0.00152	0.04335	0.00456	0.00360	0.00699
19	0.07834	0.02676	0.16075	0.09712	0.24319	0.16037	0.10761	0.04415	0.01120	0.01516	0.00842	0.01061	0.00660	0.00446	0.00452	0.00142	0.00657	0.00387	0.00240	0.00647
20	0.01030	0.00968	0.01629	0.12118	0.45799	0.00991	0.07174	0.01361	0.05492	0.01531	0.09401	0.07926	0.01344	0.00577	0.00495	0.00150	0.00518	0.00555	0.00291	0.00650
21	0.00873	0.00532	0.00669	0.00641	0.00689	0.04233	0.00439	0.00734	0.00689	0.00920	0.00856	0.01429	0.00837	0.03922	0.01634	0.70520	0.00422	0.00403	0.02542	0.07017
22	0.01223	0.09549	0.45449	0.01149	0.01697	0.04897	0.01304	0.08686	0.03769	0.09917	0.00990	0.01067	0.00713	0.00469	0.00432	0.00137	0.00601	0.00358	0.00282	0.07311
23	0.01110	0.02268	0.03469	0.43204	0.03766	0.19191	0.01083	0.03514	0.02380	0.01297	0.01085	0.03068	0.04467	0.00537	0.00459	0.00143	0.00622	0.01583	0.00253	0.06501

[dist]
# distance from previous block
# <min> <max>
0	21

# created by:
# /st0/software/busco_prod/Augustus/scripts/msa2prfl.pl ./align_prep/38671.fa
