[name]
unknown

[dist]
# distance from previous block
# <min> <max>
3	82

[block]
# block no. 0 follows, 60 sequences, length 53
# corresponding to MSA columns:
# 98-112,114-151
name=unknown_A
#
# <colnr> <probs for GDERKNQSTAVLIFYWHMCP>
#	G	D	E	R	K	N	Q	S	T	A	V	L	I	F	Y	W	H	M	C	P
0	0.05314	0.01440	0.05197	0.03346	0.03637	0.32427	0.00816	0.18426	0.05417	0.02837	0.02329	0.03976	0.00811	0.00507	0.00429	0.00123	0.02611	0.00370	0.02037	0.07949
1	0.08604	0.03230	0.00971	0.00783	0.01043	0.04700	0.00629	0.23093	0.04263	0.13528	0.04647	0.11424	0.04837	0.00730	0.02488	0.00147	0.00408	0.04185	0.00391	0.09898
2	0.10596	0.00574	0.00675	0.00664	0.04785	0.00543	0.00476	0.01013	0.03563	0.07945	0.35906	0.02792	0.22865	0.00800	0.00465	0.00136	0.00263	0.00676	0.00416	0.04844
3	0.01024	0.18614	0.05706	0.27571	0.08194	0.01049	0.03334	0.04496	0.02306	0.06569	0.03714	0.05134	0.00878	0.00478	0.00402	0.00125	0.00484	0.00403	0.00258	0.09262
4	0.03940	0.30016	0.29000	0.05250	0.01608	0.04266	0.11493	0.01316	0.00912	0.01233	0.00754	0.02112	0.00618	0.00500	0.02722	0.00141	0.03011	0.00335	0.00199	0.00573
5	0.00621	0.00424	0.00491	0.00503	0.00518	0.00421	0.00303	0.00645	0.00684	0.00906	0.01640	0.09956	0.05715	0.68088	0.04365	0.00389	0.00420	0.03339	0.00287	0.00286
6	0.00726	0.00703	0.05375	0.03576	0.05044	0.03657	0.05945	0.00904	0.00779	0.01075	0.01214	0.04505	0.02881	0.10362	0.50659	0.00508	0.00921	0.00501	0.00240	0.00425
7	0.00545	0.00440	0.00481	0.00476	0.00605	0.00380	0.00353	0.00677	0.01044	0.01318	0.24392	0.06637	0.57368	0.02671	0.00549	0.00151	0.00222	0.00891	0.00422	0.00377
8	0.00964	0.11423	0.20864	0.07310	0.03951	0.07577	0.06638	0.04640	0.08538	0.01416	0.11766	0.06648	0.05271	0.00587	0.00436	0.00135	0.00494	0.00496	0.00290	0.00554
9	0.00567	0.00449	0.00647	0.00667	0.00743	0.00413	0.06266	0.00669	0.00872	0.01139	0.02606	0.63204	0.15839	0.02994	0.00582	0.00175	0.00287	0.01121	0.00388	0.00372
10	0.04484	0.48499	0.15542	0.00906	0.03045	0.02890	0.02110	0.04075	0.00966	0.05400	0.04765	0.00944	0.00770	0.00437	0.00379	0.00114	0.03556	0.00306	0.00233	0.00578
11	0.01183	0.29770	0.33062	0.01053	0.03093	0.14522	0.01108	0.04026	0.01014	0.05578	0.00764	0.00863	0.00594	0.00419	0.00377	0.00119	0.01339	0.00296	0.00219	0.00601
12	0.01030	0.00775	0.00986	0.00717	0.01087	0.00607	0.04512	0.01230	0.00970	0.11699	0.04808	0.01105	0.00869	0.00380	0.00356	0.00081	0.00344	0.00320	0.00303	0.67819
13	0.00917	0.00901	0.01253	0.04113	0.01170	0.01216	0.00901	0.01024	0.00705	0.01077	0.00791	0.03960	0.03554	0.00762	0.01276	0.00181	0.70762	0.00425	0.00209	0.04804
14	0.01015	0.00921	0.01431	0.33743	0.32619	0.02862	0.01151	0.05608	0.02176	0.03682	0.00917	0.05273	0.00771	0.00494	0.00498	0.00142	0.05443	0.00431	0.00240	0.00581
15	0.00844	0.00625	0.00717	0.00649	0.00831	0.00616	0.00507	0.09004	0.13110	0.05652	0.24725	0.06442	0.24102	0.00865	0.00491	0.00143	0.00286	0.05593	0.00435	0.04363
16	0.00713	0.00415	0.00613	0.02536	0.00673	0.00440	0.00432	0.00642	0.00616	0.00840	0.00918	0.01553	0.00911	0.08963	0.23046	0.55210	0.00594	0.00424	0.00207	0.00255
17	0.00996	0.01004	0.05464	0.09787	0.44382	0.03871	0.01112	0.05199	0.01954	0.01385	0.01890	0.14122	0.01050	0.00585	0.00507	0.00142	0.05175	0.00520	0.00257	0.00597
18	0.00911	0.00781	0.00907	0.00655	0.01037	0.00600	0.00523	0.01143	0.03859	0.01436	0.00812	0.00931	0.00671	0.00333	0.00327	0.00068	0.00324	0.00267	0.00265	0.84148
19	0.46676	0.08148	0.01044	0.04866	0.03574	0.20815	0.02166	0.01440	0.02495	0.04303	0.00704	0.00813	0.00554	0.00422	0.00327	0.00127	0.00483	0.00276	0.00258	0.00510
20	0.01050	0.36476	0.45072	0.01013	0.01530	0.01290	0.01204	0.01388	0.00923	0.05310	0.00757	0.00857	0.00582	0.00404	0.00360	0.00119	0.00557	0.00291	0.00203	0.00614
21	0.00837	0.01087	0.20583	0.00949	0.02845	0.03064	0.04407	0.01251	0.13897	0.01314	0.05182	0.01707	0.03937	0.08031	0.19974	0.00296	0.04852	0.01952	0.01867	0.01966
22	0.00553	0.00438	0.00498	0.00495	0.00615	0.00382	0.00367	0.00694	0.01065	0.01375	0.31688	0.11236	0.46941	0.01053	0.00519	0.00146	0.00218	0.00903	0.00432	0.00382
23	0.01264	0.01128	0.09861	0.03911	0.06587	0.04035	0.03687	0.29648	0.08393	0.07371	0.02992	0.02220	0.02625	0.02973	0.00507	0.00142	0.02801	0.00432	0.07989	0.01435
24	0.87753	0.00843	0.00641	0.00574	0.00843	0.00978	0.00472	0.01282	0.00742	0.01957	0.00607	0.00709	0.00472	0.00405	0.00270	0.00135	0.00337	0.00236	0.00270	0.00472
25	0.01016	0.04479	0.32830	0.05584	0.07044	0.05825	0.23544	0.03679	0.07609	0.01415	0.00917	0.02456	0.00703	0.00435	0.00444	0.00139	0.00625	0.00410	0.00232	0.00614
26	0.00859	0.00527	0.00639	0.00579	0.00746	0.00479	0.00445	0.01086	0.06020	0.16546	0.34237	0.05869	0.28484	0.00893	0.00498	0.00142	0.00252	0.00763	0.00462	0.00474
27	0.00707	0.00561	0.00662	0.00645	0.02745	0.02143	0.00474	0.00952	0.07211	0.03779	0.40739	0.05495	0.26228	0.00907	0.00550	0.00144	0.04421	0.00768	0.00429	0.00440
28	0.00538	0.00386	0.00505	0.00594	0.00625	0.00360	0.00397	0.00616	0.00845	0.01126	0.05101	0.75613	0.05427	0.04857	0.00624	0.00185	0.00258	0.01189	0.00401	0.00353
29	0.00829	0.09782	0.08533	0.08456	0.09891	0.02952	0.05791	0.02456	0.04121	0.01370	0.17249	0.07296	0.18120	0.00709	0.00460	0.00137	0.00406	0.00615	0.00323	0.00503
30	0.00707	0.00520	0.00610	0.00629	0.00729	0.00512	0.00451	0.11560	0.02859	0.01387	0.02525	0.52921	0.16761	0.01148	0.00519	0.00161	0.00278	0.01012	0.04291	0.00420
31	0.05445	0.03367	0.01524	0.13920	0.45225	0.03470	0.02686	0.05312	0.09596	0.01481	0.00917	0.01130	0.00738	0.00506	0.02735	0.00149	0.00527	0.00389	0.00251	0.00633
32	0.01030	0.03986	0.04395	0.19649	0.45116	0.02277	0.04313	0.04187	0.00989	0.01381	0.00832	0.01099	0.00674	0.00424	0.00459	0.00133	0.03504	0.00385	0.04552	0.00614
33	0.01326	0.38386	0.03262	0.00980	0.05283	0.26845	0.00806	0.05006	0.01065	0.04075	0.00715	0.00814	0.00601	0.00412	0.00356	0.00104	0.01603	0.00276	0.00230	0.07854
34	0.00695	0.00551	0.00806	0.00740	0.00877	0.00522	0.09555	0.00933	0.07079	0.03803	0.21264	0.33373	0.14431	0.01014	0.00525	0.00157	0.00306	0.02527	0.00409	0.00435
35	0.01171	0.00884	0.06969	0.04871	0.06662	0.00781	0.00751	0.05038	0.16795	0.20689	0.05576	0.02909	0.04690	0.02059	0.02946	0.00153	0.00413	0.03198	0.00382	0.13062
36	0.03203	0.07613	0.01226	0.01018	0.01250	0.63411	0.00780	0.01658	0.03959	0.04043	0.04933	0.01053	0.03060	0.00492	0.00396	0.00116	0.00680	0.00333	0.00260	0.00515
37	0.00669	0.00515	0.00595	0.00565	0.00699	0.00487	0.00425	0.07029	0.03932	0.01556	0.36265	0.12649	0.31023	0.00982	0.00511	0.00145	0.00243	0.00846	0.00440	0.00425
38	0.01405	0.00838	0.01083	0.07675	0.01273	0.03281	0.04664	0.17696	0.02120	0.31273	0.11750	0.03350	0.03274	0.00654	0.00538	0.04346	0.02138	0.01608	0.00424	0.00609
39	0.00553	0.00432	0.00501	0.00507	0.00618	0.00380	0.00372	0.00690	0.01048	0.01360	0.30300	0.18003	0.41522	0.01078	0.00522	0.00149	0.00221	0.00932	0.00430	0.00380
40	0.01049	0.10409	0.03734	0.24424	0.15965	0.02516	0.00986	0.04796	0.23996	0.03127	0.02729	0.01316	0.00929	0.00491	0.00423	0.00137	0.00476	0.01595	0.00295	0.00607
41	0.00566	0.00395	0.00513	0.00593	0.00626	0.00374	0.00402	0.00651	0.00845	0.01145	0.06251	0.64474	0.02725	0.10229	0.00726	0.00200	0.00275	0.05170	0.03487	0.00352
42	0.01504	0.05345	0.01248	0.02793	0.02257	0.05088	0.00780	0.48303	0.12075	0.09635	0.03892	0.01951	0.00965	0.00539	0.00430	0.00131	0.00454	0.00417	0.01504	0.00690
43	0.00566	0.00418	0.00544	0.00615	0.00644	0.00413	0.00419	0.00639	0.00817	0.01089	0.02305	0.65831	0.06602	0.10229	0.00776	0.00203	0.04309	0.02849	0.00379	0.00352
44	0.00811	0.00684	0.05070	0.00697	0.00887	0.00606	0.04512	0.07542	0.01983	0.06458	0.22847	0.07884	0.28622	0.00862	0.00537	0.00144	0.04515	0.00728	0.04143	0.00468
45	0.68826	0.00879	0.00704	0.00617	0.00879	0.03427	0.00504	0.09092	0.00902	0.01978	0.00726	0.00827	0.00560	0.00427	0.00293	0.00131	0.00353	0.00268	0.08113	0.00494
46	0.00923	0.01478	0.38553	0.02738	0.02822	0.06306	0.03147	0.02707	0.03179	0.04906	0.01173	0.03153	0.04887	0.10676	0.09340	0.00232	0.02551	0.00440	0.00247	0.00544
47	0.00592	0.00435	0.00525	0.00523	0.00625	0.00394	0.00385	0.00750	0.01081	0.01475	0.42535	0.13770	0.24628	0.03080	0.00552	0.00151	0.00225	0.02495	0.05388	0.00388
48	0.01022	0.00987	0.01563	0.13852	0.48264	0.03471	0.04987	0.01357	0.07756	0.01404	0.06035	0.01266	0.00936	0.00464	0.00492	0.00137	0.04712	0.00425	0.00248	0.00622
49	0.00600	0.00458	0.00545	0.00551	0.00658	0.00421	0.00404	0.03037	0.02279	0.01418	0.30733	0.24829	0.29112	0.01076	0.00524	0.00152	0.00236	0.02138	0.00433	0.00396
50	0.01118	0.01179	0.01558	0.18239	0.42005	0.17135	0.04227	0.01348	0.01003	0.01270	0.00847	0.01100	0.02293	0.00441	0.00476	0.00133	0.04437	0.00383	0.00216	0.00593
51	0.17786	0.01065	0.01017	0.00858	0.01132	0.15711	0.03065	0.10845	0.09985	0.19225	0.02526	0.02549	0.00975	0.00617	0.02801	0.00149	0.00479	0.04296	0.00368	0.04552
52	0.21861	0.03797	0.01035	0.04211	0.03640	0.02984	0.03489	0.20315	0.03378	0.08071	0.01164	0.09184	0.02512	0.04856	0.02192	0.00159	0.00430	0.00455	0.00339	0.05929

[dist]
# distance from previous block
# <min> <max>
4	76

[block]
# block no. 1 follows, 60 sequences, length 17
# corresponding to MSA columns:
# 229-245
name=unknown_B
#
# <colnr> <probs for GDERKNQSTAVLIFYWHMCP>
#	G	D	E	R	K	N	Q	S	T	A	V	L	I	F	Y	W	H	M	C	P
0	0.00886	0.00763	0.01025	0.17286	0.15002	0.03611	0.00795	0.10116	0.01064	0.01415	0.08502	0.12273	0.11020	0.05104	0.02402	0.00172	0.03013	0.02659	0.02398	0.00496
1	0.04540	0.00976	0.03337	0.09363	0.21411	0.02724	0.05569	0.14559	0.12967	0.01708	0.08126	0.01476	0.04573	0.00523	0.00435	0.00133	0.00451	0.00455	0.03001	0.03673
2	0.03570	0.05406	0.25598	0.07189	0.06184	0.04140	0.02388	0.06657	0.06079	0.01386	0.02564	0.01261	0.04400	0.02385	0.04804	0.00179	0.14600	0.00401	0.00246	0.00564
3	0.04227	0.05812	0.03918	0.08348	0.13331	0.03231	0.03270	0.04900	0.27950	0.01609	0.10956	0.04331	0.01379	0.00567	0.00431	0.00137	0.00412	0.00486	0.04112	0.00592
4	0.00554	0.00404	0.00514	0.00589	0.00631	0.00380	0.00397	0.00661	0.02719	0.01149	0.06559	0.66741	0.08756	0.06939	0.00661	0.00189	0.00262	0.01134	0.00400	0.00360
5	0.00630	0.00434	0.00499	0.00517	0.00550	0.00427	0.00325	0.00708	0.03116	0.01017	0.03448	0.17479	0.08327	0.52484	0.01561	0.00321	0.00359	0.03099	0.04383	0.00315
6	0.02791	0.14091	0.33620	0.06367	0.08391	0.12936	0.02373	0.05720	0.01017	0.01359	0.00780	0.00937	0.00605	0.00432	0.00417	0.00127	0.02917	0.00323	0.04205	0.00591
7	0.01013	0.09069	0.01554	0.14405	0.25637	0.06486	0.04886	0.01207	0.00881	0.01190	0.00801	0.04924	0.00731	0.00602	0.02365	0.00158	0.22915	0.00412	0.00213	0.00550
8	0.01304	0.01087	0.02828	0.01076	0.06490	0.04088	0.02423	0.26986	0.34158	0.05950	0.01389	0.01364	0.02778	0.00563	0.00499	0.00142	0.05354	0.00444	0.00398	0.00680
9	0.00922	0.00740	0.00788	0.00737	0.02699	0.02705	0.00553	0.07966	0.28402	0.05589	0.07396	0.06595	0.31498	0.00822	0.00478	0.00145	0.00313	0.00688	0.00423	0.00540
10	0.00880	0.06704	0.01088	0.12641	0.11428	0.03552	0.02801	0.04568	0.09273	0.01324	0.10373	0.08976	0.01535	0.15131	0.05389	0.00220	0.00477	0.02847	0.00305	0.00487
11	0.00533	0.00409	0.00488	0.00540	0.00618	0.00364	0.00378	0.00633	0.00930	0.01193	0.10022	0.47041	0.32833	0.01226	0.00537	0.00162	0.00237	0.01080	0.00411	0.00364
12	0.00697	0.00507	0.00736	0.00715	0.00788	0.00590	0.00552	0.03768	0.00731	0.01043	0.01076	0.01596	0.01005	0.02795	0.64279	0.13036	0.05027	0.00448	0.00233	0.00378
13	0.75408	0.00895	0.00811	0.00684	0.00971	0.01017	0.05215	0.07941	0.00869	0.01990	0.00660	0.00765	0.00506	0.00413	0.00298	0.00135	0.00373	0.00266	0.00281	0.00502
14	0.09183	0.18867	0.13131	0.09387	0.04011	0.05681	0.04017	0.08265	0.04914	0.08236	0.02330	0.01095	0.00765	0.03712	0.00451	0.00135	0.00496	0.00351	0.00274	0.04700
15	0.06417	0.24544	0.23459	0.00998	0.01426	0.05377	0.09728	0.03814	0.03222	0.01365	0.02117	0.01009	0.02718	0.00421	0.00372	0.00116	0.00521	0.00333	0.00231	0.11812
16	0.05318	0.09163	0.23888	0.01966	0.01399	0.04676	0.08550	0.06738	0.09161	0.02345	0.03131	0.03895	0.02366	0.00806	0.09269	0.00194	0.00589	0.01927	0.00273	0.04346

[dist]
# distance from previous block
# <min> <max>
1	183

[block]
# block no. 2 follows, 60 sequences, length 19
# corresponding to MSA columns:
# 429-447
name=unknown_C
#
# <colnr> <probs for GDERKNQSTAVLIFYWHMCP>
#	G	D	E	R	K	N	Q	S	T	A	V	L	I	F	Y	W	H	M	C	P
0	0.01307	0.01568	0.05366	0.01196	0.10032	0.45849	0.00861	0.05249	0.03481	0.01242	0.01002	0.13308	0.00955	0.00593	0.00462	0.00129	0.03613	0.00452	0.00265	0.03072
1	0.58389	0.08434	0.05057	0.00671	0.00933	0.03272	0.00583	0.01254	0.00790	0.04037	0.00775	0.05361	0.00682	0.03671	0.00432	0.00147	0.04436	0.00324	0.00268	0.00484
2	0.00531	0.00380	0.00506	0.00607	0.00633	0.00354	0.00405	0.00607	0.00835	0.01113	0.02404	0.84388	0.02885	0.01366	0.00557	0.00177	0.00253	0.01240	0.00405	0.00354
3	0.01055	0.00966	0.05161	0.00848	0.01117	0.02823	0.00692	0.10849	0.42416	0.01708	0.01436	0.04712	0.01162	0.04510	0.05722	0.00181	0.00435	0.00467	0.00374	0.13366
4	0.05226	0.00932	0.01467	0.13202	0.46450	0.00948	0.03581	0.05277	0.01001	0.01445	0.01015	0.01271	0.04875	0.02899	0.00474	0.00136	0.00487	0.00408	0.00242	0.08665
5	0.87753	0.00843	0.00641	0.00574	0.00843	0.00978	0.00472	0.01282	0.00742	0.01957	0.00607	0.00709	0.00472	0.00405	0.00270	0.00135	0.00337	0.00236	0.00270	0.00472
6	0.00896	0.07076	0.66357	0.01198	0.01776	0.01037	0.05718	0.01387	0.04185	0.01382	0.02638	0.01073	0.02481	0.00442	0.00417	0.00136	0.00608	0.00358	0.00208	0.00627
7	0.00954	0.00954	0.01336	0.01145	0.01145	0.01336	0.00954	0.01050	0.00668	0.01050	0.00573	0.00954	0.00573	0.00763	0.01431	0.00191	0.83874	0.00382	0.00191	0.00477
8	0.00807	0.00735	0.01191	0.45287	0.15838	0.00845	0.01016	0.01050	0.00921	0.01232	0.09853	0.06116	0.05044	0.00724	0.04944	0.00175	0.02968	0.00508	0.00252	0.00494
9	0.00634	0.00423	0.00476	0.00476	0.00476	0.00423	0.00264	0.00634	0.00634	0.00846	0.01374	0.02854	0.01586	0.84672	0.02220	0.00423	0.00423	0.00634	0.00264	0.00264
10	0.01022	0.00794	0.01007	0.00725	0.01110	0.00616	0.04915	0.01223	0.00948	0.09963	0.00881	0.00981	0.00693	0.00348	0.00346	0.00077	0.00351	0.00292	0.00286	0.73422
11	0.00634	0.00423	0.00476	0.00476	0.00476	0.00423	0.00264	0.00634	0.00634	0.00846	0.01374	0.02854	0.01586	0.84672	0.02220	0.00423	0.00423	0.00634	0.00264	0.00264
12	0.00913	0.00794	0.04096	0.23133	0.11611	0.00783	0.00826	0.11538	0.01116	0.05801	0.03633	0.02289	0.30308	0.00698	0.00465	0.00141	0.00413	0.00590	0.00329	0.00521
13	0.00611	0.00432	0.00522	0.00540	0.00620	0.00404	0.00390	0.00740	0.00965	0.01317	0.24468	0.17335	0.17914	0.15644	0.00811	0.00199	0.00275	0.08841	0.07606	0.00366
14	0.01075	0.05612	0.05875	0.11170	0.50523	0.01079	0.05578	0.07065	0.03033	0.01468	0.00882	0.01171	0.00727	0.00428	0.00433	0.00133	0.00531	0.02329	0.00237	0.00649
15	0.00541	0.00410	0.00499	0.00546	0.00622	0.00368	0.00383	0.00649	0.00951	0.01240	0.16282	0.46027	0.27491	0.01206	0.00537	0.00161	0.00235	0.01066	0.00417	0.00368
16	0.00937	0.00839	0.00932	0.03003	0.01104	0.04594	0.00552	0.01130	0.00920	0.01395	0.00770	0.00906	0.00640	0.00332	0.00330	0.00069	0.00353	0.00263	0.00255	0.80677
17	0.07063	0.01227	0.01383	0.08949	0.18813	0.18405	0.06294	0.17803	0.04015	0.05547	0.02095	0.01163	0.00780	0.00482	0.00445	0.00133	0.02176	0.02319	0.00297	0.00609
18	0.16275	0.01028	0.01434	0.11544	0.43964	0.03916	0.01084	0.10615	0.01059	0.01614	0.00793	0.01007	0.00638	0.00425	0.00431	0.00134	0.02810	0.00358	0.00248	0.00622

[dist]
# distance from previous block
# <min> <max>
0	4

[block]
# block no. 3 follows, 60 sequences, length 24
# corresponding to MSA columns:
# 452-454,458-478
name=unknown_D
#
# <colnr> <probs for GDERKNQSTAVLIFYWHMCP>
#	G	D	E	R	K	N	Q	S	T	A	V	L	I	F	Y	W	H	M	C	P
0	0.11656	0.02867	0.01261	0.17011	0.17701	0.27829	0.00929	0.03988	0.01048	0.01355	0.02909	0.01002	0.00695	0.00440	0.00405	0.00124	0.01655	0.00336	0.01574	0.05214
1	0.00639	0.00475	0.00561	0.00556	0.00680	0.00430	0.00414	0.03709	0.01062	0.03293	0.23517	0.22836	0.33014	0.01060	0.00518	0.00151	0.00247	0.03677	0.00425	0.02738
2	0.00674	0.00488	0.00610	0.00592	0.00653	0.00506	0.00409	0.02853	0.00752	0.01035	0.03247	0.07083	0.03682	0.43471	0.22295	0.00425	0.02572	0.03354	0.00280	0.05018
3	0.01360	0.01164	0.01135	0.00956	0.01240	0.09695	0.00759	0.32048	0.42708	0.02098	0.01383	0.01319	0.01027	0.00551	0.00436	0.00138	0.00442	0.00433	0.00418	0.00691
4	0.01658	0.01222	0.01309	0.01003	0.01353	0.01353	0.00829	0.80497	0.02051	0.02749	0.01047	0.01047	0.00742	0.00524	0.00436	0.00131	0.00480	0.00393	0.00436	0.00742
5	0.00531	0.00434	0.00468	0.00478	0.00603	0.00372	0.00351	0.00649	0.01003	0.01242	0.14017	0.14856	0.61256	0.01113	0.00521	0.00150	0.00223	0.00947	0.00415	0.00372
6	0.01193	0.31824	0.09638	0.03483	0.18502	0.05216	0.00972	0.11614	0.08020	0.02868	0.02267	0.01002	0.00749	0.00436	0.00376	0.00119	0.00498	0.00338	0.00260	0.00627
7	0.00634	0.00423	0.00476	0.00476	0.00476	0.00423	0.00264	0.00634	0.00634	0.00846	0.01374	0.02854	0.01586	0.84672	0.02220	0.00423	0.00423	0.00634	0.00264	0.00264
8	0.18950	0.06274	0.52742	0.01178	0.08077	0.01032	0.01279	0.01341	0.00895	0.01494	0.02567	0.00930	0.00628	0.00419	0.00381	0.00134	0.00551	0.00315	0.00211	0.00603
9	0.00938	0.00887	0.01500	0.37954	0.43059	0.00970	0.01233	0.01201	0.00932	0.01272	0.00886	0.05601	0.00761	0.00462	0.00440	0.00139	0.00532	0.00434	0.00216	0.00583
10	0.87753	0.00843	0.00641	0.00574	0.00843	0.00978	0.00472	0.01282	0.00742	0.01957	0.00607	0.00709	0.00472	0.00405	0.00270	0.00135	0.00337	0.00236	0.00270	0.00472
11	0.01604	0.04168	0.05999	0.02718	0.01389	0.01277	0.00863	0.64777	0.01851	0.09387	0.01068	0.01068	0.00750	0.00512	0.00430	0.00131	0.00482	0.00387	0.00417	0.00724
12	0.00567	0.00503	0.00486	0.00478	0.00624	0.03451	0.00359	0.00687	0.01027	0.01232	0.12094	0.03975	0.70895	0.01059	0.00511	0.00145	0.00240	0.00883	0.00406	0.00378
13	0.01348	0.04498	0.06456	0.13202	0.06741	0.06605	0.00910	0.32019	0.05774	0.10098	0.05940	0.01246	0.00959	0.00551	0.01603	0.00140	0.00503	0.00408	0.00357	0.00643
14	0.00635	0.00484	0.00723	0.00717	0.00792	0.00573	0.00560	0.00788	0.00700	0.01014	0.01147	0.01687	0.01072	0.03183	0.80069	0.00683	0.04085	0.00464	0.00232	0.00393
15	0.04854	0.02213	0.00811	0.02935	0.00904	0.02466	0.00559	0.10485	0.08524	0.04278	0.09916	0.09957	0.03046	0.08446	0.15901	0.04068	0.03923	0.00561	0.05685	0.00467
16	0.00548	0.00405	0.00514	0.00579	0.00639	0.00371	0.00406	0.00654	0.00927	0.01223	0.14085	0.55699	0.16607	0.01247	0.00545	0.00167	0.00247	0.04355	0.00416	0.00367
17	0.03993	0.00991	0.04708	0.20006	0.24438	0.02409	0.15348	0.02753	0.09271	0.01399	0.01074	0.07841	0.00930	0.00518	0.00456	0.00144	0.00532	0.02349	0.00260	0.00581
18	0.09108	0.00646	0.00744	0.00624	0.00855	0.00631	0.00500	0.04904	0.05595	0.34448	0.01475	0.01462	0.01041	0.00517	0.00369	0.00122	0.00303	0.00409	0.35669	0.00579
19	0.01200	0.02565	0.06832	0.00918	0.01197	0.02713	0.04909	0.24449	0.19991	0.07598	0.10135	0.02698	0.04159	0.05486	0.00583	0.00156	0.02897	0.00501	0.00393	0.00617
20	0.00612	0.00447	0.00565	0.00596	0.00662	0.00433	0.00424	0.00714	0.00914	0.03467	0.13845	0.44412	0.17729	0.06549	0.00694	0.00182	0.04759	0.02220	0.00399	0.00377
21	0.13791	0.01383	0.28149	0.11903	0.13436	0.03602	0.03920	0.06455	0.00982	0.01513	0.03801	0.01070	0.00733	0.00513	0.02201	0.00150	0.04187	0.00362	0.01267	0.00581
22	0.01275	0.11202	0.03211	0.15450	0.01529	0.13396	0.00839	0.17175	0.10631	0.08040	0.02673	0.01129	0.00821	0.00521	0.01624	0.00133	0.01941	0.00368	0.00314	0.07727
23	0.01042	0.00773	0.01019	0.07456	0.02969	0.03793	0.06740	0.09582	0.05418	0.12860	0.04490	0.19894	0.07398	0.02221	0.00537	0.00152	0.02737	0.05049	0.00373	0.05496

[dist]
# distance from previous block
# <min> <max>
1	100

[block]
# block no. 4 follows, 60 sequences, length 35
# corresponding to MSA columns:
# 580-614
name=unknown_E
#
# <colnr> <probs for GDERKNQSTAVLIFYWHMCP>
#	G	D	E	R	K	N	Q	S	T	A	V	L	I	F	Y	W	H	M	C	P
0	0.05070	0.01184	0.06568	0.05020	0.19505	0.14800	0.03059	0.10648	0.07243	0.04219	0.05517	0.03393	0.00986	0.00678	0.05259	0.00167	0.04104	0.00422	0.01572	0.00587
1	0.01342	0.01050	0.02238	0.01994	0.01256	0.04485	0.00721	0.18345	0.06874	0.07383	0.11160	0.03753	0.03275	0.00732	0.02222	0.00163	0.00467	0.00503	0.00433	0.31603
2	0.00880	0.00708	0.02346	0.00750	0.00943	0.01689	0.05348	0.13474	0.06632	0.04567	0.17461	0.15498	0.18726	0.02477	0.00531	0.00153	0.00339	0.04874	0.00409	0.02196
3	0.01172	0.00780	0.01004	0.00845	0.01054	0.00824	0.04991	0.16222	0.11565	0.17718	0.04256	0.11969	0.04493	0.06987	0.08425	0.00220	0.05928	0.00584	0.00395	0.00568
4	0.01073	0.00908	0.01133	0.05214	0.13865	0.02987	0.02107	0.09989	0.28211	0.04136	0.06513	0.01682	0.04618	0.05391	0.00635	0.00160	0.07708	0.01311	0.01761	0.00599
5	0.01091	0.00641	0.00721	0.03362	0.00862	0.00659	0.00498	0.17897	0.01188	0.09567	0.04074	0.01507	0.01101	0.00619	0.03366	0.00134	0.00330	0.00416	0.48180	0.03786
6	0.01054	0.07748	0.41752	0.05530	0.11552	0.01104	0.03854	0.10322	0.01055	0.04505	0.00855	0.01046	0.00649	0.00458	0.00476	0.00138	0.05414	0.01617	0.00236	0.00635
7	0.01050	0.01012	0.01726	0.10978	0.44758	0.02715	0.15871	0.03274	0.03760	0.02807	0.00966	0.05959	0.00826	0.00467	0.00471	0.00139	0.01889	0.00464	0.00244	0.00625
8	0.03114	0.06110	0.07073	0.05919	0.11350	0.07393	0.02912	0.05655	0.00993	0.02642	0.05976	0.05698	0.07532	0.04962	0.06305	0.03085	0.02143	0.02438	0.00281	0.08417
9	0.00563	0.00422	0.00493	0.00517	0.00590	0.00391	0.00354	0.00649	0.00873	0.01125	0.09950	0.25064	0.30552	0.20976	0.05290	0.00249	0.00326	0.00902	0.00369	0.00345
10	0.01361	0.01277	0.03084	0.05904	0.01511	0.17617	0.13327	0.31264	0.04717	0.04122	0.01028	0.04089	0.00828	0.04743	0.00545	0.00148	0.01640	0.00433	0.00328	0.02037
11	0.00558	0.00423	0.00514	0.00534	0.00626	0.00380	0.00384	0.00692	0.01031	0.01367	0.32201	0.29651	0.27832	0.01110	0.00528	0.00153	0.00226	0.00975	0.00433	0.00380
12	0.00627	0.00507	0.00684	0.00665	0.01757	0.00471	0.05079	0.00829	0.04063	0.01395	0.27106	0.17168	0.27709	0.01023	0.00527	0.00155	0.00279	0.09127	0.00416	0.00411
13	0.00950	0.00935	0.03681	0.04032	0.09410	0.16360	0.00682	0.02159	0.05819	0.03108	0.40958	0.02166	0.02419	0.00674	0.00460	0.00131	0.00393	0.00572	0.04596	0.00496
14	0.00904	0.00775	0.00904	0.00646	0.01034	0.00581	0.00517	0.01098	0.00904	0.01421	0.00775	0.00904	0.00646	0.00323	0.00323	0.00065	0.00323	0.00258	0.00258	0.87339
15	0.00542	0.00423	0.00487	0.00513	0.00610	0.00373	0.00366	0.00655	0.00975	0.01246	0.17137	0.28831	0.41161	0.03930	0.00585	0.00164	0.00235	0.00987	0.00413	0.00368
16	0.01278	0.64905	0.02032	0.00837	0.01175	0.21354	0.00770	0.01411	0.00971	0.01036	0.00623	0.00721	0.00560	0.00392	0.00307	0.00098	0.00544	0.00245	0.00196	0.00547
17	0.00605	0.00442	0.00568	0.00544	0.00646	0.00405	0.00405	0.00796	0.01194	0.01670	0.71444	0.08093	0.09685	0.00935	0.00517	0.00140	0.00210	0.00825	0.00470	0.00405
18	0.07770	0.01062	0.03727	0.00937	0.01274	0.01085	0.03736	0.41991	0.07158	0.21969	0.01221	0.01194	0.00849	0.00609	0.03260	0.00154	0.00472	0.00405	0.00427	0.00698
19	0.00959	0.03688	0.04301	0.16146	0.13179	0.05561	0.10215	0.01302	0.09635	0.02876	0.01168	0.10153	0.01716	0.00663	0.03804	0.00157	0.00520	0.02393	0.00274	0.11288
20	0.00563	0.00402	0.00541	0.00613	0.00654	0.00391	0.00427	0.00647	0.00823	0.01102	0.03985	0.58698	0.06345	0.04092	0.12314	0.03515	0.00395	0.03770	0.00370	0.00354
21	0.00976	0.00921	0.04081	0.02811	0.01203	0.03708	0.05239	0.07055	0.02041	0.01490	0.00956	0.02099	0.03449	0.00394	0.00362	0.00086	0.00390	0.00328	0.00273	0.62138
22	0.01030	0.05207	0.10387	0.06862	0.31654	0.03507	0.03237	0.04749	0.03757	0.02548	0.03815	0.01220	0.03673	0.00441	0.00411	0.00120	0.00482	0.00388	0.00255	0.16257
23	0.05883	0.00797	0.02942	0.00732	0.01064	0.00652	0.04779	0.05114	0.01011	0.07093	0.08483	0.06469	0.02314	0.00487	0.00381	0.00098	0.00348	0.00412	0.00315	0.50625
24	0.01020	0.01051	0.04251	0.13439	0.38078	0.06167	0.10118	0.03152	0.02212	0.01405	0.06476	0.01322	0.03436	0.00457	0.00441	0.00131	0.00528	0.00432	0.00248	0.05638
25	0.00963	0.00825	0.00980	0.02545	0.07911	0.00796	0.00651	0.04438	0.27049	0.01607	0.07134	0.01508	0.05417	0.00508	0.00402	0.00111	0.00344	0.00426	0.00344	0.36039
26	0.01129	0.01039	0.01668	0.06503	0.66337	0.01068	0.01253	0.09810	0.04119	0.01566	0.00878	0.01101	0.00715	0.00413	0.00433	0.00131	0.00511	0.00393	0.00247	0.00686
27	0.00989	0.00947	0.03830	0.20282	0.05738	0.05702	0.00843	0.04734	0.34633	0.01528	0.04973	0.01758	0.07094	0.02678	0.00493	0.00151	0.00439	0.02264	0.00345	0.00579
28	0.00636	0.00439	0.00554	0.00566	0.00663	0.00398	0.00414	0.00777	0.01046	0.05306	0.33477	0.30729	0.18754	0.01086	0.00528	0.00154	0.00239	0.03394	0.00440	0.00399
29	0.00720	0.00611	0.05387	0.02698	0.01705	0.00514	0.00527	0.04745	0.01167	0.04630	0.46490	0.06460	0.18788	0.00937	0.02546	0.00155	0.00292	0.00752	0.00429	0.00447
30	0.00546	0.00402	0.00502	0.00561	0.00618	0.00368	0.00384	0.00640	0.00904	0.01192	0.12990	0.54298	0.17517	0.06152	0.00641	0.00181	0.00251	0.01087	0.00406	0.00359
31	0.04062	0.04373	0.05936	0.06189	0.23832	0.06368	0.35329	0.05971	0.01063	0.01451	0.00831	0.01070	0.00648	0.00395	0.00453	0.00136	0.00628	0.00422	0.00229	0.00612
32	0.01275	0.14761	0.01257	0.00842	0.01121	0.02779	0.00700	0.42844	0.03546	0.02053	0.10854	0.07874	0.05319	0.00689	0.02006	0.00141	0.00431	0.00507	0.00389	0.00611
33	0.01130	0.00881	0.01030	0.07463	0.01265	0.05154	0.02723	0.05283	0.12759	0.12243	0.01080	0.01177	0.00830	0.02248	0.02478	0.00124	0.00420	0.00355	0.00323	0.41034
34	0.04457	0.05119	0.04132	0.14723	0.10251	0.05373	0.07186	0.16927	0.08445	0.08170	0.01008	0.01166	0.00768	0.03085	0.00473	0.00138	0.00502	0.00389	0.00307	0.07380

[dist]
# distance from previous block
# <min> <max>
3	133

[block]
# block no. 5 follows, 60 sequences, length 37
# corresponding to MSA columns:
# 776-799,804-816
name=unknown_F
#
# <colnr> <probs for GDERKNQSTAVLIFYWHMCP>
#	G	D	E	R	K	N	Q	S	T	A	V	L	I	F	Y	W	H	M	C	P
0	0.08264	0.06724	0.04297	0.05258	0.05066	0.03797	0.05062	0.19453	0.02972	0.05027	0.03677	0.06633	0.05389	0.02805	0.01407	0.00145	0.04668	0.00462	0.00321	0.08575
1	0.03486	0.12587	0.04973	0.01018	0.04318	0.08344	0.08319	0.18447	0.10705	0.04223	0.04663	0.03946	0.00977	0.01317	0.00425	0.00125	0.00476	0.00411	0.00321	0.10918
2	0.06337	0.03294	0.04473	0.03094	0.36964	0.06616	0.07000	0.14595	0.01156	0.01629	0.00858	0.02535	0.00701	0.00428	0.00414	0.00125	0.00517	0.00380	0.00262	0.08620
3	0.03253	0.03594	0.01026	0.00918	0.04410	0.08772	0.02754	0.06176	0.38189	0.01596	0.05441	0.01886	0.10134	0.03891	0.03374	0.00171	0.01497	0.01962	0.00374	0.00580
4	0.00606	0.00452	0.00532	0.00507	0.00636	0.00398	0.00382	0.00769	0.01129	0.03548	0.45500	0.03628	0.38378	0.00977	0.00513	0.00142	0.00217	0.00838	0.00448	0.00401
5	0.01098	0.01040	0.01492	0.08911	0.38095	0.06130	0.07029	0.03375	0.20061	0.03121	0.02190	0.01330	0.03204	0.00476	0.00443	0.00136	0.00499	0.00438	0.00289	0.00643
6	0.00634	0.00476	0.00547	0.00537	0.00658	0.00437	0.00394	0.02888	0.03699	0.03199	0.25252	0.16341	0.36956	0.05266	0.00602	0.00162	0.00246	0.00881	0.00424	0.00402
7	0.01346	0.02939	0.05297	0.00999	0.04036	0.05036	0.03077	0.37305	0.13666	0.07315	0.01429	0.01514	0.06573	0.01809	0.02569	0.00154	0.00477	0.02531	0.01275	0.00653
8	0.00632	0.00445	0.00565	0.00571	0.00672	0.00406	0.00427	0.00790	0.01085	0.04124	0.41388	0.21351	0.17370	0.01048	0.00529	0.00153	0.00240	0.07355	0.00446	0.00401
9	0.02860	0.26909	0.30233	0.02783	0.01455	0.08072	0.01059	0.07912	0.08483	0.02394	0.00854	0.00952	0.00666	0.00522	0.02973	0.00141	0.00567	0.00319	0.00241	0.00606
10	0.06028	0.00481	0.00550	0.00573	0.00680	0.00465	0.00418	0.00817	0.06490	0.01333	0.15001	0.33278	0.25980	0.01158	0.03059	0.00174	0.00279	0.02429	0.00405	0.00400
11	0.07042	0.05085	0.01031	0.00719	0.01077	0.00776	0.02655	0.12126	0.01074	0.04977	0.01062	0.01137	0.05725	0.00418	0.00355	0.00090	0.00359	0.00330	0.00300	0.53661
12	0.01194	0.01141	0.10126	0.06723	0.06435	0.02623	0.16671	0.12272	0.03403	0.11722	0.00957	0.01119	0.00717	0.00500	0.00619	0.00143	0.15588	0.00405	0.01615	0.06027
13	0.04101	0.00901	0.01180	0.21457	0.09009	0.00988	0.00895	0.27397	0.03966	0.10995	0.01243	0.06497	0.01038	0.00603	0.00453	0.00145	0.00466	0.07697	0.00358	0.00608
14	0.87753	0.00843	0.00641	0.00574	0.00843	0.00978	0.00472	0.01282	0.00742	0.01957	0.00607	0.00709	0.00472	0.00405	0.00270	0.00135	0.00337	0.00236	0.00270	0.00472
15	0.00625	0.00456	0.00642	0.00640	0.00702	0.00509	0.00473	0.00749	0.00719	0.01020	0.06243	0.02070	0.01392	0.21712	0.59365	0.00602	0.00938	0.00525	0.00256	0.00362
16	0.00666	0.00491	0.00634	0.04825	0.00825	0.00496	0.00492	0.02263	0.06533	0.02757	0.17399	0.45260	0.07074	0.01093	0.00540	0.00162	0.01878	0.03593	0.02605	0.00415
17	0.00734	0.00659	0.01016	0.39597	0.06867	0.00721	0.02575	0.00954	0.00942	0.01218	0.07856	0.08287	0.19985	0.00714	0.00473	0.00146	0.00430	0.03397	0.00291	0.03138
18	0.87753	0.00843	0.00641	0.00574	0.00843	0.00978	0.00472	0.01282	0.00742	0.01957	0.00607	0.00709	0.00472	0.00405	0.00270	0.00135	0.00337	0.00236	0.00270	0.00472
19	0.00934	0.19068	0.66119	0.01142	0.01731	0.01158	0.01435	0.01366	0.00914	0.01309	0.00747	0.00876	0.00554	0.00406	0.00387	0.00129	0.00608	0.00304	0.00185	0.00627
20	0.00901	0.07179	0.04514	0.00824	0.05022	0.00798	0.00634	0.15713	0.09683	0.01608	0.13140	0.21581	0.13097	0.00900	0.02267	0.00157	0.00360	0.00719	0.00386	0.00518
21	0.00530	0.00442	0.00457	0.00454	0.00592	0.00374	0.00337	0.00646	0.01007	0.01225	0.12189	0.04057	0.71219	0.03842	0.00572	0.00155	0.00226	0.00898	0.00408	0.00369
22	0.00958	0.00872	0.01017	0.02804	0.02452	0.04813	0.03800	0.01223	0.05936	0.01420	0.00838	0.00964	0.00684	0.00352	0.00346	0.00079	0.00374	0.00290	0.00264	0.70514
23	0.00585	0.00451	0.00536	0.00530	0.00647	0.00407	0.00400	0.00762	0.02497	0.01465	0.41099	0.09090	0.33963	0.01016	0.00521	0.00147	0.00227	0.04819	0.00441	0.00395
24	0.01095	0.03235	0.01663	0.10665	0.49227	0.02533	0.06818	0.06361	0.09336	0.01489	0.00919	0.01132	0.00738	0.00431	0.00458	0.00135	0.02460	0.00402	0.00250	0.00653
25	0.00557	0.00424	0.00507	0.00538	0.00627	0.00382	0.00388	0.00675	0.00974	0.01265	0.19481	0.30321	0.31716	0.05376	0.00619	0.00172	0.00248	0.04949	0.00413	0.00369
26	0.01344	0.02848	0.01301	0.08743	0.09295	0.23026	0.01746	0.20262	0.13738	0.03510	0.00995	0.02101	0.00781	0.00520	0.00512	0.00135	0.07837	0.00386	0.00311	0.00609
27	0.00635	0.00447	0.00529	0.00529	0.00648	0.00393	0.00389	0.00765	0.01033	0.06368	0.23387	0.22864	0.38266	0.01078	0.00520	0.00151	0.00234	0.00933	0.00432	0.00399
28	0.01242	0.06644	0.05357	0.01480	0.12375	0.15561	0.25131	0.11945	0.06226	0.03218	0.00907	0.01069	0.00703	0.00445	0.00483	0.00134	0.04236	0.00403	0.01832	0.00610
29	0.00949	0.00935	0.01304	0.01120	0.01123	0.01304	0.00932	0.01048	0.00676	0.01070	0.00602	0.00977	0.00591	0.00755	0.01392	0.00188	0.80983	0.00383	0.03193	0.00475
30	0.00671	0.00528	0.00739	0.00708	0.00810	0.00568	0.02802	0.02228	0.04137	0.01169	0.06378	0.16670	0.06605	0.05839	0.41458	0.00437	0.03622	0.00650	0.00302	0.03679
31	0.01057	0.01041	0.01650	0.16899	0.57528	0.06119	0.04233	0.01304	0.00976	0.01327	0.00804	0.01087	0.00664	0.00432	0.00470	0.02635	0.00550	0.00386	0.00212	0.00624
32	0.00993	0.06900	0.24595	0.01443	0.22320	0.03040	0.05411	0.02701	0.02444	0.02891	0.03937	0.03502	0.00861	0.00501	0.01648	0.00134	0.03033	0.00393	0.03108	0.10145
33	0.00629	0.00479	0.00607	0.00633	0.03704	0.00477	0.00436	0.00786	0.02996	0.01222	0.18184	0.03910	0.22224	0.17738	0.21701	0.00337	0.00511	0.00685	0.02358	0.00383
34	0.02736	0.04115	0.01611	0.10673	0.08994	0.02508	0.25458	0.10810	0.02125	0.05534	0.05046	0.01326	0.00926	0.02024	0.08528	0.00198	0.03485	0.00453	0.02883	0.00566
35	0.01187	0.18469	0.04481	0.00977	0.01176	0.13133	0.00843	0.12809	0.01030	0.02570	0.00763	0.00971	0.00654	0.00700	0.04908	0.00169	0.29582	0.00342	0.04699	0.00539
36	0.01065	0.00801	0.00908	0.00752	0.01000	0.00793	0.00586	0.27858	0.04986	0.03447	0.07640	0.18712	0.04602	0.03462	0.00502	0.00136	0.00354	0.00601	0.00386	0.21412

[dist]
# distance from previous block
# <min> <max>
0	8

[block]
# block no. 6 follows, 60 sequences, length 16
# corresponding to MSA columns:
# 825-840
name=unknown_G
#
# <colnr> <probs for GDERKNQSTAVLIFYWHMCP>
#	G	D	E	R	K	N	Q	S	T	A	V	L	I	F	Y	W	H	M	C	P
0	0.01506	0.01088	0.02678	0.06556	0.03251	0.18341	0.00770	0.01847	0.13809	0.34734	0.04938	0.01437	0.01097	0.00553	0.00476	0.00136	0.03868	0.01885	0.00400	0.00631
1	0.84002	0.00860	0.00670	0.00592	0.00866	0.00995	0.00488	0.04734	0.00799	0.01991	0.00626	0.00723	0.00484	0.00410	0.00277	0.00135	0.00344	0.00243	0.00277	0.00484
2	0.00588	0.00428	0.00510	0.00536	0.00635	0.00379	0.00384	0.00703	0.00980	0.04032	0.16467	0.35576	0.34892	0.01153	0.00529	0.00157	0.00236	0.01008	0.00422	0.00383
3	0.00553	0.00463	0.00483	0.00475	0.00620	0.00403	0.00357	0.00722	0.04313	0.01282	0.14776	0.03965	0.67962	0.01055	0.00512	0.00146	0.00224	0.00885	0.00417	0.00387
4	0.01000	0.00571	0.00716	0.00642	0.00818	0.00536	0.00494	0.01286	0.10211	0.22748	0.33375	0.12665	0.11457	0.00847	0.00492	0.00144	0.00272	0.00733	0.00474	0.00518
5	0.01085	0.00937	0.00986	0.00888	0.01134	0.01085	0.00690	0.02318	0.81164	0.01824	0.01775	0.01627	0.01331	0.00592	0.00444	0.00148	0.00345	0.00493	0.00444	0.00690
6	0.00548	0.00386	0.00501	0.00587	0.00608	0.00365	0.00383	0.00612	0.00803	0.01071	0.02242	0.71555	0.02680	0.14478	0.00818	0.00216	0.00280	0.01145	0.00383	0.00340
7	0.00694	0.00486	0.00593	0.00561	0.00682	0.00460	0.00426	0.04098	0.02679	0.02948	0.53236	0.06737	0.12755	0.00885	0.00494	0.00138	0.00231	0.02909	0.08563	0.00427
8	0.00824	0.00775	0.01308	0.83624	0.03004	0.00969	0.01211	0.01114	0.00872	0.01114	0.00775	0.01163	0.00581	0.00436	0.00436	0.00145	0.00581	0.00388	0.00194	0.00484
9	0.00550	0.00438	0.00485	0.00483	0.00602	0.00382	0.00354	0.00678	0.01028	0.01307	0.24654	0.09099	0.51529	0.05727	0.00613	0.00162	0.00230	0.00890	0.00417	0.00373
10	0.00967	0.00530	0.00551	0.00501	0.00644	0.00545	0.00388	0.12019	0.01082	0.04424	0.01381	0.01542	0.01065	0.00511	0.00327	0.00107	0.00247	0.00406	0.72300	0.00464
11	0.00855	0.00871	0.04983	0.70592	0.12076	0.00979	0.01244	0.01152	0.00888	0.01162	0.00781	0.01142	0.00593	0.00430	0.00435	0.00143	0.00577	0.00385	0.00196	0.00515
12	0.00588	0.00431	0.00546	0.00555	0.00641	0.00396	0.00405	0.00741	0.01073	0.01465	0.45811	0.22489	0.14234	0.04656	0.00602	0.00163	0.00236	0.04144	0.00440	0.00385
13	0.16305	0.30552	0.07705	0.00855	0.02330	0.07528	0.00774	0.07070	0.05462	0.06725	0.00829	0.00915	0.00660	0.00456	0.00416	0.00122	0.06582	0.00304	0.03841	0.00569
14	0.22895	0.06252	0.01046	0.00858	0.02401	0.23118	0.03632	0.08263	0.02265	0.01528	0.03941	0.02829	0.00901	0.04252	0.04320	0.00164	0.00527	0.02206	0.05122	0.03482
15	0.41989	0.00963	0.00881	0.00756	0.02134	0.09137	0.02004	0.07625	0.03730	0.14231	0.03617	0.01117	0.03444	0.00478	0.00353	0.00129	0.00400	0.00342	0.00335	0.06335

[dist]
# distance from previous block
# <min> <max>
0	51

[block]
# block no. 7 follows, 60 sequences, length 20
# corresponding to MSA columns:
# 892-911
name=unknown_H
#
# <colnr> <probs for GDERKNQSTAVLIFYWHMCP>
#	G	D	E	R	K	N	Q	S	T	A	V	L	I	F	Y	W	H	M	C	P
0	0.00741	0.00648	0.03287	0.00823	0.03789	0.01919	0.07417	0.00958	0.03688	0.03286	0.13364	0.06054	0.19462	0.07428	0.06909	0.00218	0.00432	0.17510	0.00361	0.01705
1	0.00925	0.06462	0.55988	0.04775	0.01984	0.01071	0.19972	0.01370	0.00942	0.01354	0.00796	0.00979	0.00580	0.00402	0.00431	0.00138	0.00653	0.00365	0.00193	0.00620
2	0.01268	0.01004	0.01083	0.00931	0.02621	0.01125	0.00727	0.33785	0.39513	0.02114	0.01551	0.01601	0.03967	0.04325	0.00525	0.00154	0.00403	0.02202	0.00426	0.00674
3	0.00632	0.00431	0.00516	0.00516	0.00531	0.00445	0.00315	0.00660	0.00646	0.00876	0.01337	0.02648	0.01496	0.69949	0.16820	0.00473	0.00558	0.00604	0.00259	0.00287
4	0.00824	0.00775	0.01308	0.83624	0.03004	0.00969	0.01211	0.01114	0.00872	0.01114	0.00775	0.01163	0.00581	0.00436	0.00436	0.00145	0.00581	0.00388	0.00194	0.00484
5	0.01079	0.01036	0.01770	0.02677	0.81952	0.01036	0.01339	0.01339	0.00993	0.01425	0.00820	0.01079	0.00691	0.00389	0.00432	0.00130	0.00518	0.00389	0.00216	0.00691
6	0.01166	0.84935	0.02285	0.00746	0.01119	0.01726	0.00746	0.01306	0.00886	0.01026	0.00606	0.00700	0.00560	0.00373	0.00280	0.00093	0.00466	0.00233	0.00187	0.00560
7	0.00531	0.00414	0.00484	0.00538	0.00623	0.00367	0.00382	0.00628	0.00916	0.01151	0.03342	0.43714	0.39764	0.01237	0.00539	0.00164	0.00244	0.04194	0.00405	0.00363
8	0.03927	0.02789	0.01042	0.00805	0.01040	0.00758	0.14351	0.12776	0.03535	0.09284	0.01266	0.01398	0.00952	0.00485	0.00375	0.00119	0.00367	0.00419	0.43781	0.00533
9	0.01029	0.01176	0.02574	0.01838	0.02279	0.01103	0.80368	0.01397	0.01029	0.01397	0.00882	0.01176	0.00662	0.00368	0.00515	0.00147	0.00735	0.00515	0.00221	0.00588
10	0.02452	0.00960	0.01020	0.00918	0.03723	0.07082	0.02437	0.19918	0.29000	0.04535	0.09171	0.09324	0.01482	0.00646	0.00446	0.00139	0.00394	0.00539	0.05201	0.00611
11	0.00627	0.00495	0.00571	0.00543	0.00678	0.00465	0.00410	0.00903	0.09463	0.01539	0.43917	0.03446	0.33443	0.00942	0.00507	0.00142	0.00226	0.00808	0.00448	0.00424
12	0.02412	0.00718	0.00834	0.02003	0.00952	0.00729	0.00569	0.25517	0.01339	0.12254	0.12517	0.22232	0.13135	0.00858	0.00483	0.00146	0.00333	0.00730	0.01702	0.00538
13	0.00939	0.00798	0.00922	0.00669	0.01049	0.00630	0.00535	0.03970	0.04383	0.01486	0.00828	0.00940	0.00679	0.00342	0.00332	0.00071	0.00330	0.00273	0.00273	0.80551
14	0.00533	0.00399	0.00496	0.00562	0.00623	0.00362	0.00387	0.00627	0.00902	0.01173	0.08342	0.59055	0.22416	0.01269	0.00544	0.00167	0.00242	0.01130	0.00410	0.00362
15	0.00693	0.00489	0.00686	0.00670	0.00750	0.00546	0.00509	0.00827	0.00759	0.04653	0.04072	0.04905	0.05481	0.11877	0.54921	0.00543	0.04457	0.00541	0.02228	0.00394
16	0.00672	0.00529	0.00617	0.00587	0.00722	0.00519	0.00442	0.01031	0.15499	0.01589	0.44235	0.07770	0.22296	0.00916	0.00504	0.00144	0.00237	0.00793	0.00451	0.00448
17	0.01227	0.61310	0.07067	0.00846	0.01209	0.12772	0.00815	0.04585	0.04547	0.01158	0.00696	0.00780	0.00601	0.00402	0.00317	0.00103	0.00517	0.00263	0.00213	0.00571
18	0.01012	0.00865	0.03424	0.00760	0.02796	0.00697	0.00614	0.07198	0.00999	0.04969	0.00829	0.00946	0.00667	0.00370	0.00388	0.00081	0.03819	0.00286	0.00278	0.69001
19	0.01116	0.06731	0.21750	0.01059	0.04214	0.20098	0.05621	0.01450	0.06974	0.06772	0.14661	0.01513	0.03917	0.01695	0.00456	0.00134	0.00536	0.00443	0.00298	0.00561

[dist]
# distance from previous block
# <min> <max>
5	18

[block]
# block no. 8 follows, 60 sequences, length 17
# corresponding to MSA columns:
# 931-947
name=unknown_I
#
# <colnr> <probs for GDERKNQSTAVLIFYWHMCP>
#	G	D	E	R	K	N	Q	S	T	A	V	L	I	F	Y	W	H	M	C	P
0	0.03127	0.00568	0.00691	0.00619	0.00782	0.00540	0.03225	0.07765	0.02870	0.04021	0.30228	0.10747	0.25576	0.00888	0.00488	0.00140	0.00271	0.00765	0.04024	0.02663
1	0.04393	0.01098	0.01134	0.07181	0.02881	0.14199	0.04810	0.18097	0.24244	0.01743	0.05228	0.06023	0.02630	0.00611	0.00448	0.00141	0.00473	0.03709	0.00363	0.00593
2	0.07218	0.00751	0.00832	0.00754	0.00957	0.02666	0.00592	0.07217	0.24516	0.13296	0.15685	0.11487	0.03987	0.00768	0.00469	0.00149	0.00335	0.07322	0.00437	0.00562
3	0.01171	0.01015	0.01081	0.01007	0.06300	0.11106	0.00745	0.26629	0.08480	0.01689	0.01116	0.04731	0.00955	0.02868	0.22302	0.00289	0.04815	0.00443	0.00322	0.02935
4	0.00536	0.00386	0.00509	0.00598	0.00632	0.00358	0.00403	0.00622	0.00867	0.01157	0.07610	0.76233	0.05822	0.01326	0.00552	0.00173	0.00249	0.01199	0.00410	0.00358
5	0.01016	0.00998	0.01571	0.32268	0.48541	0.05549	0.01264	0.01279	0.00962	0.01291	0.00796	0.01094	0.00644	0.00409	0.00431	0.00134	0.00556	0.00382	0.00208	0.00605
6	0.00601	0.00445	0.00560	0.00532	0.00642	0.00405	0.00399	0.00791	0.01196	0.01657	0.69321	0.03409	0.16573	0.00926	0.00515	0.00139	0.00208	0.00810	0.00468	0.00405
7	0.00904	0.00775	0.00904	0.00646	0.01034	0.00581	0.00517	0.01098	0.00904	0.01421	0.00775	0.00904	0.00646	0.00323	0.00323	0.00065	0.00323	0.00258	0.00258	0.87339
8	0.00893	0.00578	0.00692	0.00664	0.00806	0.03619	0.00487	0.02200	0.02047	0.15281	0.06576	0.44485	0.04279	0.02246	0.03943	0.00177	0.00342	0.00865	0.00403	0.09419
9	0.01177	0.78950	0.04713	0.00772	0.01153	0.01688	0.00776	0.04561	0.00935	0.01108	0.00630	0.00721	0.00567	0.00381	0.00290	0.00096	0.00472	0.00243	0.00197	0.00570
