[name]
unknown

[dist]
# distance from previous block
# <min> <max>
0	18

[block]
# block no. 0 follows, 70 sequences, length 23
# corresponding to MSA columns:
# 18-40
name=unknown_A
#
# <colnr> <probs for GDERKNQSTAVLIFYWHMCP>
#	G	D	E	R	K	N	Q	S	T	A	V	L	I	F	Y	W	H	M	C	P
0	0.00980	0.00737	0.00935	0.05084	0.13875	0.01479	0.00667	0.23635	0.05637	0.07259	0.02487	0.23144	0.05471	0.00674	0.00418	0.00128	0.00351	0.02179	0.00336	0.04527
1	0.00729	0.02401	0.05940	0.00606	0.00874	0.00518	0.03272	0.00917	0.00903	0.03366	0.23473	0.01691	0.10059	0.00508	0.00363	0.00091	0.00283	0.00433	0.00296	0.43276
2	0.01049	0.00881	0.00909	0.00760	0.02625	0.07252	0.00588	0.29391	0.11231	0.01649	0.01282	0.08577	0.08066	0.00529	0.00375	0.00106	0.00360	0.00427	0.00324	0.23619
3	0.00901	0.00825	0.01380	0.11266	0.59615	0.00831	0.02634	0.01117	0.00865	0.03622	0.00941	0.07136	0.03177	0.00432	0.00393	0.00119	0.00436	0.00413	0.00216	0.03681
4	0.02184	0.03368	0.09811	0.04543	0.07604	0.08163	0.09075	0.14203	0.04535	0.24058	0.01021	0.03209	0.00749	0.00456	0.00437	0.00122	0.05205	0.00373	0.00310	0.00575
5	0.00811	0.00768	0.01295	0.59979	0.17360	0.00891	0.05999	0.02963	0.04041	0.01114	0.00742	0.01035	0.00568	0.00383	0.00391	0.00127	0.00505	0.00355	0.00191	0.00482
6	0.00506	0.00352	0.00460	0.00535	0.00574	0.00325	0.00365	0.00580	0.00766	0.03128	0.02269	0.75598	0.09301	0.01174	0.00490	0.00155	0.00228	0.02507	0.00363	0.00326
7	0.00787	0.00672	0.01006	0.09452	0.07064	0.04420	0.12913	0.02021	0.00846	0.06359	0.03366	0.31076	0.01454	0.02853	0.00498	0.00139	0.02872	0.03828	0.00287	0.08088
8	0.00861	0.04213	0.32074	0.03196	0.25336	0.00903	0.18645	0.01180	0.00860	0.02380	0.00888	0.03137	0.03755	0.00398	0.00395	0.00122	0.00525	0.00380	0.00196	0.00554
9	0.00594	0.00389	0.00509	0.00519	0.00598	0.00356	0.00374	0.00720	0.00934	0.07031	0.38726	0.38605	0.07247	0.00962	0.00469	0.00138	0.00212	0.00858	0.00398	0.00362
10	0.01196	0.00904	0.09935	0.06744	0.16278	0.03665	0.05795	0.03058	0.05335	0.32220	0.02430	0.04858	0.00911	0.03526	0.01278	0.00136	0.00427	0.00411	0.00323	0.00571
11	0.00937	0.01207	0.21437	0.07772	0.41622	0.03264	0.11751	0.03599	0.00901	0.02746	0.00742	0.00941	0.00579	0.00359	0.00389	0.00120	0.00520	0.00344	0.00195	0.00577
12	0.00526	0.00370	0.00473	0.00532	0.00584	0.00344	0.00366	0.00635	0.02985	0.03474	0.08166	0.66974	0.10880	0.01121	0.00483	0.00150	0.00224	0.01006	0.00369	0.00338
13	0.01250	0.00996	0.01339	0.10391	0.01491	0.01076	0.16083	0.51228	0.04570	0.04081	0.00946	0.03081	0.00704	0.00452	0.00404	0.00122	0.00467	0.00392	0.00330	0.00598
14	0.01391	0.00620	0.00794	0.00664	0.02891	0.00582	0.00519	0.07761	0.01056	0.51011	0.01367	0.01348	0.00944	0.03748	0.00440	0.00123	0.02105	0.00384	0.21687	0.00565
15	0.00928	0.03375	0.19862	0.09076	0.29233	0.06124	0.10292	0.05551	0.04118	0.01253	0.00807	0.03080	0.00666	0.03433	0.00443	0.00129	0.00509	0.00366	0.00208	0.00547
16	0.00518	0.00403	0.00428	0.00416	0.00548	0.00341	0.00314	0.00629	0.00920	0.04256	0.14083	0.03533	0.70382	0.00939	0.00455	0.00129	0.00200	0.00787	0.00373	0.00345
17	0.00564	0.00376	0.00423	0.00423	0.00423	0.00376	0.00235	0.00564	0.00564	0.00752	0.01222	0.02537	0.01409	0.86375	0.01973	0.00376	0.00376	0.00564	0.00235	0.00235
18	0.16996	0.35568	0.01475	0.06225	0.02653	0.17062	0.05973	0.02423	0.00835	0.01125	0.00583	0.00717	0.00496	0.00378	0.00361	0.00106	0.06105	0.00254	0.00192	0.00471
19	0.00924	0.01252	0.20351	0.04197	0.09640	0.08235	0.28401	0.01350	0.13580	0.01247	0.00877	0.02720	0.00687	0.00411	0.00446	0.00127	0.04405	0.00391	0.00221	0.00539
20	0.02236	0.00976	0.00844	0.00770	0.02070	0.24841	0.02647	0.03351	0.22094	0.04157	0.11416	0.03407	0.05597	0.11522	0.00593	0.00151	0.00418	0.00457	0.01994	0.00459
21	0.00607	0.00413	0.00544	0.00537	0.00567	0.00450	0.00369	0.00663	0.04013	0.00828	0.01077	0.04701	0.01130	0.35557	0.25359	0.18640	0.03565	0.00480	0.00222	0.00278
22	0.01421	0.01800	0.01086	0.00981	0.01187	0.81315	0.00737	0.01524	0.01086	0.00962	0.00603	0.00703	0.00502	0.00395	0.00347	0.00098	0.00682	0.00249	0.00201	0.04119

[dist]
# distance from previous block
# <min> <max>
0	1

[block]
# block no. 1 follows, 70 sequences, length 28
# corresponding to MSA columns:
# 42-69
name=unknown_B
#
# <colnr> <probs for GDERKNQSTAVLIFYWHMCP>
#	G	D	E	R	K	N	Q	S	T	A	V	L	I	F	Y	W	H	M	C	P
0	0.04973	0.00692	0.00793	0.00571	0.00911	0.00533	0.00458	0.00984	0.00797	0.01286	0.00682	0.00796	0.00567	0.00291	0.00285	0.00060	0.00288	0.00229	0.00230	0.84575
1	0.03311	0.11809	0.09189	0.00851	0.01918	0.06021	0.04117	0.14735	0.33781	0.02620	0.01252	0.02960	0.04781	0.00490	0.00373	0.00120	0.00398	0.00394	0.00315	0.00565
2	0.18695	0.01091	0.00949	0.05001	0.05274	0.29378	0.03623	0.02652	0.00951	0.15185	0.00833	0.00911	0.00623	0.00400	0.00332	0.00108	0.00463	0.00294	0.08586	0.04653
3	0.00884	0.00676	0.02831	0.01000	0.14737	0.01624	0.09485	0.01123	0.06506	0.15498	0.13357	0.12735	0.14300	0.00673	0.00433	0.00129	0.00341	0.02843	0.00340	0.00484
4	0.00744	0.00701	0.01184	0.81248	0.06776	0.00864	0.01082	0.01001	0.00781	0.01004	0.00691	0.01030	0.00522	0.00385	0.00387	0.00128	0.00514	0.00345	0.00173	0.00440
5	0.01039	0.01043	0.00894	0.03893	0.01061	0.23607	0.00630	0.01696	0.45935	0.02653	0.07496	0.01464	0.05852	0.00532	0.00390	0.00122	0.00406	0.00424	0.00335	0.00529
6	0.78641	0.00784	0.03250	0.00534	0.00794	0.00840	0.00455	0.01128	0.00677	0.01682	0.00558	0.00651	0.00436	0.00354	0.00248	0.00115	0.00307	0.00214	0.00237	0.08095
7	0.07365	0.00920	0.00965	0.00773	0.01049	0.08953	0.00627	0.26539	0.08970	0.35517	0.03556	0.01151	0.00885	0.00473	0.00378	0.00118	0.00387	0.00365	0.00399	0.00611
8	0.00944	0.01031	0.08945	0.06012	0.64632	0.02103	0.07004	0.02419	0.00892	0.01262	0.00730	0.00952	0.00596	0.00351	0.00387	0.00117	0.00490	0.00347	0.00192	0.00594
9	0.00493	0.00395	0.00445	0.00437	0.00549	0.00350	0.00327	0.00616	0.00918	0.01173	0.26114	0.03313	0.53587	0.02866	0.06538	0.00169	0.00257	0.00751	0.00365	0.00338
10	0.00487	0.00337	0.00454	0.00537	0.00558	0.00317	0.00358	0.00537	0.00725	0.00966	0.02028	0.79835	0.02424	0.01224	0.00570	0.06713	0.00233	0.01045	0.00346	0.00304
11	0.01055	0.00965	0.07389	0.29411	0.12643	0.02492	0.04805	0.21875	0.07710	0.06522	0.00881	0.01027	0.00647	0.00414	0.00389	0.00123	0.00472	0.00355	0.00267	0.00557
12	0.01133	0.00928	0.06283	0.09577	0.34166	0.00857	0.12977	0.05979	0.01986	0.20823	0.00942	0.01060	0.00685	0.00389	0.00396	0.00121	0.00466	0.00370	0.00270	0.00594
13	0.00894	0.00814	0.03585	0.27718	0.08672	0.03598	0.04647	0.03420	0.00864	0.05954	0.00749	0.00931	0.00580	0.00348	0.00349	0.00097	0.00421	0.00302	0.00223	0.35834
14	0.00480	0.00343	0.00459	0.00549	0.00575	0.00322	0.00374	0.00553	0.00750	0.00998	0.02132	0.81894	0.02547	0.01207	0.00497	0.00159	0.00232	0.05253	0.00360	0.00317
15	0.00877	0.00830	0.01407	0.13020	0.62864	0.00849	0.02263	0.01096	0.00857	0.01203	0.00902	0.08245	0.01793	0.00443	0.00398	0.00122	0.00446	0.01621	0.00208	0.00556
16	0.89114	0.00750	0.00570	0.00510	0.00750	0.00870	0.00420	0.01140	0.00660	0.01739	0.00540	0.00630	0.00420	0.00360	0.00240	0.00120	0.00300	0.00210	0.00240	0.00420
17	0.00864	0.02706	0.04432	0.00726	0.02280	0.00623	0.07279	0.02800	0.02281	0.03680	0.00739	0.00851	0.00594	0.00309	0.00312	0.00072	0.00339	0.00263	0.00236	0.68613
18	0.01118	0.01079	0.17100	0.02682	0.01284	0.02596	0.10320	0.19822	0.13152	0.15137	0.06921	0.02414	0.03611	0.00488	0.00401	0.00123	0.00428	0.00417	0.00332	0.00576
19	0.00567	0.00401	0.00488	0.00485	0.00588	0.00360	0.00362	0.00696	0.00937	0.05517	0.31529	0.17596	0.31676	0.01003	0.03589	0.00151	0.00239	0.03073	0.00384	0.00357
20	0.01098	0.00636	0.00867	0.11217	0.07389	0.00627	0.00621	0.10354	0.01096	0.29401	0.20858	0.05382	0.07579	0.00598	0.00414	0.00123	0.00325	0.00511	0.00383	0.00520
21	0.06616	0.06456	0.01267	0.02871	0.12720	0.29317	0.05062	0.26198	0.01228	0.03591	0.00746	0.00838	0.00576	0.00404	0.00361	0.00110	0.00526	0.00305	0.00263	0.00546
22	0.00558	0.00413	0.00619	0.00619	0.00686	0.00480	0.00480	0.00686	0.00619	0.00892	0.01026	0.01511	0.00959	0.02854	0.81981	0.03645	0.01014	0.00413	0.00206	0.00340
23	0.00554	0.00415	0.00623	0.00623	0.00692	0.00485	0.00485	0.00692	0.00623	0.00900	0.01038	0.01523	0.00969	0.02908	0.84839	0.00623	0.01038	0.00415	0.00208	0.00346
24	0.77742	0.00724	0.00588	0.00521	0.00757	0.00822	0.00427	0.01100	0.00667	0.01655	0.00582	0.00699	0.00465	0.00521	0.05746	0.00149	0.00347	0.00225	0.00237	0.06027
25	0.01091	0.18470	0.02683	0.00758	0.01025	0.28049	0.00626	0.08927	0.02309	0.01215	0.06124	0.01040	0.05052	0.00423	0.00332	0.00092	0.00454	0.00308	0.00243	0.20779
26	0.01074	0.01130	0.05314	0.08891	0.05152	0.24268	0.00717	0.07699	0.05143	0.03892	0.00757	0.00863	0.00595	0.00367	0.00340	0.00093	0.00461	0.00280	0.00239	0.32724
27	0.02149	0.47981	0.10813	0.00818	0.03458	0.08513	0.00763	0.08069	0.08718	0.01165	0.00716	0.00797	0.00595	0.00466	0.03391	0.00117	0.00470	0.00265	0.00212	0.00523

[dist]
# distance from previous block
# <min> <max>
0	1

[block]
# block no. 2 follows, 70 sequences, length 9
# corresponding to MSA columns:
# 71-79
name=unknown_C
#
# <colnr> <probs for GDERKNQSTAVLIFYWHMCP>
#	G	D	E	R	K	N	Q	S	T	A	V	L	I	F	Y	W	H	M	C	P
0	0.00693	0.00568	0.00688	0.00625	0.00719	0.06863	0.07457	0.00783	0.00773	0.03534	0.09569	0.11726	0.05608	0.38325	0.01117	0.00239	0.00374	0.07061	0.00285	0.02993
1	0.00608	0.00496	0.00573	0.00500	0.00681	0.00404	0.00372	0.00727	0.00818	0.01133	0.07250	0.18669	0.25079	0.06323	0.00498	0.00123	0.00248	0.00622	0.00306	0.34571
2	0.01019	0.00892	0.01118	0.06372	0.24876	0.04138	0.00813	0.16455	0.29394	0.01553	0.01173	0.08467	0.00976	0.00509	0.00397	0.00125	0.00394	0.00440	0.00311	0.00579
3	0.02953	0.00469	0.00547	0.00504	0.00576	0.00467	0.00337	0.00775	0.03490	0.06365	0.04582	0.06312	0.04447	0.53299	0.01403	0.00277	0.04442	0.00541	0.00271	0.07941
4	0.01031	0.00858	0.01303	0.14001	0.33196	0.02441	0.07431	0.08887	0.10187	0.09487	0.00950	0.01163	0.00749	0.06028	0.00496	0.00138	0.00450	0.00382	0.00262	0.00560
5	0.00941	0.27166	0.08387	0.01103	0.08337	0.03503	0.16724	0.01184	0.04819	0.01102	0.00676	0.00846	0.00567	0.00402	0.00498	0.00114	0.15003	0.00311	0.00192	0.08127
6	0.00621	0.00399	0.00493	0.00503	0.00577	0.00372	0.00354	0.00705	0.00800	0.08194	0.10931	0.27230	0.17135	0.22047	0.03088	0.00213	0.00291	0.05369	0.00342	0.00336
7	0.01028	0.00870	0.01320	0.11958	0.42364	0.05357	0.05112	0.05132	0.00942	0.10637	0.00941	0.01321	0.00791	0.03848	0.00462	0.00133	0.00462	0.06527	0.00246	0.00551
8	0.05403	0.06468	0.04777	0.05231	0.25813	0.02090	0.03491	0.07369	0.14939	0.08635	0.01130	0.09652	0.02329	0.00498	0.00384	0.00122	0.00398	0.00434	0.00285	0.00553

[dist]
# distance from previous block
# <min> <max>
0	6

[block]
# block no. 3 follows, 70 sequences, length 19
# corresponding to MSA columns:
# 86-88,92-107
name=unknown_D
#
# <colnr> <probs for GDERKNQSTAVLIFYWHMCP>
#	G	D	E	R	K	N	Q	S	T	A	V	L	I	F	Y	W	H	M	C	P
0	0.04119	0.04624	0.02440	0.06366	0.06622	0.00550	0.00530	0.02872	0.02587	0.08093	0.04843	0.30569	0.05307	0.00909	0.00637	0.17312	0.00314	0.00634	0.00295	0.00380
1	0.10291	0.00520	0.00590	0.00567	0.00638	0.02857	0.00408	0.00812	0.05773	0.01002	0.03579	0.01804	0.01143	0.34609	0.29720	0.00392	0.04270	0.00453	0.00238	0.00335
2	0.03661	0.03433	0.04898	0.00679	0.01016	0.00690	0.03060	0.07077	0.09881	0.01390	0.00798	0.00880	0.00636	0.00335	0.00313	0.00078	0.00329	0.00270	0.00253	0.60322
3	0.19143	0.22477	0.27163	0.00832	0.01177	0.07397	0.02545	0.01191	0.02809	0.01225	0.00737	0.02320	0.00634	0.00430	0.00360	0.00117	0.03707	0.05044	0.00204	0.00491
4	0.00556	0.00391	0.00485	0.00506	0.00547	0.00389	0.00344	0.01614	0.01765	0.00957	0.07191	0.22317	0.08276	0.34706	0.09806	0.03077	0.00379	0.06105	0.00294	0.00297
5	0.04899	0.04865	0.13608	0.10748	0.30073	0.06282	0.09129	0.02162	0.06325	0.01237	0.00838	0.01014	0.02522	0.00438	0.02216	0.00128	0.00501	0.00346	0.00208	0.02462
6	0.00535	0.00379	0.00459	0.00491	0.00526	0.00366	0.00321	0.00617	0.03309	0.00961	0.07796	0.35396	0.08603	0.33324	0.01070	0.02397	0.00285	0.02555	0.00314	0.00296
7	0.01752	0.00565	0.02335	0.00618	0.00784	0.00522	0.05486	0.03501	0.09359	0.06797	0.35670	0.05507	0.14999	0.04016	0.02087	0.00142	0.00283	0.00615	0.00371	0.04591
8	0.01154	0.62322	0.01764	0.00759	0.01053	0.25398	0.00688	0.01272	0.00877	0.00923	0.00556	0.00644	0.00498	0.00351	0.00278	0.00088	0.00496	0.00219	0.00176	0.00484
9	0.05054	0.02624	0.17388	0.00867	0.02339	0.00737	0.11084	0.04242	0.05991	0.02180	0.00872	0.03877	0.00733	0.00401	0.00352	0.00100	0.00403	0.03727	0.00240	0.36790
10	0.00896	0.15138	0.28642	0.20855	0.10041	0.02058	0.03767	0.01181	0.00832	0.05741	0.00720	0.00884	0.00546	0.00364	0.00353	0.00112	0.00493	0.00300	0.00193	0.06885
11	0.00779	0.05921	0.76486	0.01055	0.01593	0.00905	0.01345	0.01201	0.00830	0.01228	0.04646	0.00908	0.00642	0.00387	0.00367	0.00121	0.00547	0.00302	0.00176	0.00560
12	0.00939	0.11337	0.29929	0.00957	0.01328	0.02085	0.13158	0.02173	0.08834	0.11020	0.07653	0.02521	0.04130	0.00496	0.01647	0.00128	0.00468	0.00397	0.00263	0.00537
13	0.00664	0.09939	0.02526	0.00706	0.00802	0.00735	0.00587	0.00796	0.00644	0.00917	0.00934	0.01327	0.02404	0.02124	0.56750	0.00460	0.16721	0.00384	0.00198	0.00381
14	0.00732	0.00689	0.01163	0.85444	0.02670	0.00861	0.01077	0.00991	0.00775	0.00991	0.00689	0.01034	0.00517	0.00388	0.00388	0.00129	0.00517	0.00345	0.00172	0.00431
15	0.00539	0.00415	0.00586	0.00626	0.02283	0.00394	0.04046	0.00683	0.03554	0.01140	0.16679	0.54819	0.06404	0.01042	0.00481	0.00148	0.00249	0.05198	0.00362	0.00352
16	0.02765	0.07100	0.10352	0.05343	0.12731	0.04769	0.09569	0.10622	0.04163	0.07173	0.01032	0.05372	0.00915	0.06103	0.00528	0.01371	0.01674	0.07646	0.00264	0.00508
17	0.00683	0.00525	0.00779	0.16625	0.07966	0.00551	0.00687	0.00865	0.00860	0.04282	0.05599	0.05216	0.10581	0.00997	0.07608	0.00191	0.00423	0.34858	0.00305	0.00399
18	0.00879	0.00755	0.00692	0.00633	0.00768	0.19231	0.00479	0.01024	0.01050	0.10694	0.43172	0.07784	0.08048	0.00708	0.00446	0.00121	0.02142	0.00592	0.00368	0.00413

[dist]
# distance from previous block
# <min> <max>
0	19

[block]
# block no. 4 follows, 70 sequences, length 16
# corresponding to MSA columns:
# 127-142
name=unknown_E
#
# <colnr> <probs for GDERKNQSTAVLIFYWHMCP>
#	G	D	E	R	K	N	Q	S	T	A	V	L	I	F	Y	W	H	M	C	P
0	0.02238	0.04189	0.52409	0.02601	0.01483	0.03127	0.05246	0.02451	0.02960	0.12229	0.00961	0.01081	0.03294	0.00421	0.00376	0.00122	0.00508	0.02196	0.00230	0.01879
1	0.04827	0.22356	0.05240	0.03960	0.01045	0.00944	0.02687	0.10285	0.00935	0.16584	0.01111	0.09527	0.03309	0.03264	0.02693	0.00142	0.07857	0.02450	0.00286	0.00499
2	0.00699	0.00633	0.01044	0.54990	0.11110	0.00746	0.00920	0.00913	0.00768	0.01013	0.00961	0.14980	0.00902	0.00739	0.07790	0.00175	0.00508	0.00475	0.00208	0.00425
3	0.00908	0.00868	0.01480	0.21321	0.65420	0.00907	0.01164	0.01144	0.00858	0.01204	0.00720	0.00976	0.00592	0.00355	0.00385	0.00118	0.00473	0.00345	0.00187	0.00572
4	0.00791	0.00735	0.01220	0.64625	0.17963	0.00867	0.01067	0.03543	0.00827	0.01088	0.00746	0.03488	0.00599	0.00406	0.00390	0.00127	0.00495	0.00367	0.00188	0.00469
5	0.00718	0.00664	0.01096	0.68453	0.07693	0.00796	0.00984	0.00960	0.00816	0.01061	0.08113	0.01323	0.04847	0.00449	0.00397	0.00128	0.00468	0.00399	0.00205	0.00432
6	0.70503	0.00983	0.00682	0.00614	0.00845	0.18691	0.00490	0.01226	0.00753	0.01572	0.00552	0.00645	0.00437	0.00368	0.00263	0.00116	0.00385	0.00218	0.00231	0.00426
7	0.00960	0.00921	0.01574	0.02380	0.83957	0.00921	0.01190	0.01190	0.00883	0.01267	0.00729	0.00960	0.00614	0.00345	0.00384	0.00115	0.00461	0.00345	0.00192	0.00614
8	0.81473	0.00742	0.00599	0.00526	0.00771	0.00843	0.00433	0.01205	0.00699	0.08953	0.00626	0.00690	0.00467	0.00370	0.00253	0.00120	0.00303	0.00226	0.00261	0.00441
9	0.01638	0.00684	0.00901	0.00694	0.00993	0.00606	0.00571	0.04445	0.05126	0.72716	0.01463	0.01283	0.00938	0.00470	0.00384	0.00117	0.00329	0.00382	0.00458	0.05800
10	0.00804	0.00689	0.00804	0.00574	0.00919	0.00517	0.00459	0.00976	0.00804	0.01263	0.00689	0.00804	0.00574	0.00287	0.00287	0.00057	0.00287	0.00230	0.00230	0.88745
11	0.01014	0.00844	0.01292	0.01713	0.51668	0.00818	0.00934	0.01321	0.09933	0.09971	0.00899	0.01023	0.00706	0.00369	0.00369	0.00107	0.00400	0.00340	0.00251	0.16028
12	0.00960	0.00921	0.01574	0.02380	0.83957	0.00921	0.01190	0.01190	0.00883	0.01267	0.00729	0.00960	0.00614	0.00345	0.00384	0.00115	0.00461	0.00345	0.00192	0.00614
13	0.00918	0.00830	0.01351	0.01899	0.59620	0.00833	0.03109	0.03373	0.05515	0.03106	0.01083	0.08250	0.03570	0.00488	0.00405	0.00124	0.00420	0.04295	0.00242	0.00568
14	0.01059	0.01077	0.04632	0.11508	0.46296	0.11944	0.01046	0.12191	0.04063	0.01363	0.00765	0.00943	0.00610	0.00381	0.00380	0.00116	0.00493	0.00334	0.00223	0.00576
15	0.05161	0.04685	0.32721	0.08505	0.10269	0.02249	0.04139	0.15692	0.01031	0.10702	0.00822	0.00918	0.00589	0.00394	0.00370	0.00119	0.00489	0.00320	0.00248	0.00576

[dist]
# distance from previous block
# <min> <max>
0	14

# created by:
# /st0/software/busco_prod/Augustus/scripts/msa2prfl.pl ./align_prep/38710.fa
