[name]
unknown

[dist]
# distance from previous block
# <min> <max>
0	71

[block]
# block no. 0 follows, 64 sequences, length 7
# corresponding to MSA columns:
# 72-78
name=unknown_A
#
# <colnr> <probs for GDERKNQSTAVLIFYWHMCP>
#	G	D	E	R	K	N	Q	S	T	A	V	L	I	F	Y	W	H	M	C	P
0	0.07505	0.03060	0.11388	0.00806	0.01067	0.04957	0.00731	0.11698	0.03987	0.09795	0.01404	0.11069	0.01327	0.00755	0.02215	0.00152	0.00426	0.19389	0.00338	0.07929
1	0.09620	0.00900	0.01121	0.01019	0.09499	0.00941	0.04553	0.31252	0.01307	0.12365	0.01232	0.01448	0.04989	0.00658	0.04360	0.00155	0.02571	0.05730	0.00353	0.05927
2	0.00614	0.00476	0.00698	0.00805	0.08971	0.00503	0.00532	0.00747	0.00765	0.01068	0.06934	0.20653	0.04658	0.07419	0.42697	0.00428	0.00713	0.00650	0.00281	0.00385
3	0.00660	0.00448	0.00606	0.00608	0.00686	0.00422	0.03437	0.00786	0.03580	0.06624	0.11498	0.45715	0.07391	0.12409	0.00751	0.02433	0.00286	0.00912	0.00374	0.00373
4	0.00911	0.05239	0.01010	0.00712	0.01044	0.00717	0.04597	0.04893	0.11345	0.01449	0.05045	0.01161	0.03244	0.00402	0.00349	0.00086	0.00336	0.00335	0.00286	0.56838
5	0.00872	0.06742	0.13219	0.12145	0.17797	0.00887	0.06269	0.03118	0.10127	0.01294	0.01315	0.08010	0.08326	0.03412	0.00476	0.00139	0.00452	0.00482	0.00261	0.04655
6	0.00780	0.17194	0.12914	0.00660	0.00944	0.00770	0.00630	0.04937	0.00978	0.01295	0.11986	0.05123	0.26429	0.00672	0.00405	0.00117	0.00340	0.00548	0.00305	0.12975

[dist]
# distance from previous block
# <min> <max>
6	12

[block]
# block no. 1 follows, 64 sequences, length 85
# corresponding to MSA columns:
# 92-176
name=unknown_B
#
# <colnr> <probs for GDERKNQSTAVLIFYWHMCP>
#	G	D	E	R	K	N	Q	S	T	A	V	L	I	F	Y	W	H	M	C	P
0	0.00667	0.00459	0.00584	0.00620	0.00716	0.00440	0.00483	0.00839	0.04160	0.05485	0.09970	0.22511	0.15177	0.08149	0.00658	0.00185	0.00303	0.27821	0.00388	0.00385
1	0.01024	0.01113	0.05680	0.03989	0.12031	0.01064	0.47787	0.09241	0.01029	0.01424	0.00812	0.01059	0.00626	0.00404	0.00540	0.00137	0.08249	0.00433	0.00226	0.03131
2	0.00865	0.07077	0.00956	0.00999	0.17115	0.07404	0.00601	0.02870	0.07163	0.02174	0.04967	0.08367	0.02656	0.33800	0.01080	0.00234	0.00422	0.00539	0.00276	0.00435
3	0.00708	0.00443	0.00535	0.00521	0.00631	0.00408	0.00382	0.00869	0.02838	0.09094	0.27067	0.19403	0.18191	0.05564	0.00555	0.00151	0.00237	0.00771	0.11231	0.00400
4	0.01138	0.00583	0.00737	0.00643	0.00847	0.00536	0.00509	0.01385	0.08806	0.35205	0.15624	0.10049	0.16256	0.00777	0.00462	0.00139	0.00291	0.05024	0.00454	0.00535
5	0.10143	0.01829	0.05929	0.01029	0.01278	0.66296	0.01826	0.04805	0.01142	0.01187	0.00659	0.00764	0.00534	0.00424	0.00367	0.00112	0.00686	0.00273	0.00224	0.00496
6	0.00992	0.01051	0.00799	0.00764	0.00895	0.32774	0.00557	0.03155	0.04994	0.01109	0.05489	0.19168	0.10681	0.05848	0.02985	0.06953	0.00486	0.00597	0.00297	0.00407
7	0.00630	0.00442	0.00534	0.00551	0.00622	0.00430	0.00388	0.00773	0.05301	0.03686	0.08635	0.23199	0.14949	0.26364	0.04312	0.00250	0.00337	0.07893	0.00351	0.00353
8	0.00553	0.00436	0.00513	0.00546	0.00662	0.00395	0.00436	0.00688	0.00943	0.01174	0.06640	0.08583	0.48185	0.01145	0.02871	0.00172	0.00289	0.25025	0.00383	0.00362
9	0.01249	0.00921	0.00998	0.00815	0.01070	0.01008	0.00661	0.48284	0.12746	0.02192	0.10523	0.01590	0.03340	0.00586	0.00421	0.00128	0.00375	0.03624	0.08856	0.00611
10	0.00712	0.00495	0.00555	0.00534	0.00583	0.00511	0.00344	0.07680	0.05249	0.01065	0.01398	0.08016	0.01525	0.62738	0.01669	0.00333	0.00386	0.03120	0.02760	0.00327
11	0.01169	0.00917	0.00984	0.00853	0.01108	0.01038	0.00672	0.13211	0.65089	0.07727	0.01590	0.01463	0.01173	0.00551	0.00421	0.00138	0.00348	0.00453	0.00428	0.00668
12	0.00861	0.00738	0.00861	0.00615	0.00984	0.00554	0.00492	0.01046	0.00861	0.01354	0.00738	0.00861	0.00615	0.00308	0.00308	0.00062	0.00308	0.00246	0.00246	0.87941
13	0.00523	0.00372	0.00488	0.00567	0.00596	0.00349	0.00380	0.00601	0.00810	0.01087	0.08180	0.70573	0.02722	0.08452	0.00663	0.00186	0.00254	0.02482	0.00379	0.00335
14	0.00621	0.00457	0.00527	0.00530	0.00588	0.00463	0.00351	0.00798	0.09962	0.01046	0.06121	0.16281	0.11712	0.42362	0.06129	0.00303	0.00375	0.00716	0.00319	0.00338
15	0.01532	0.01140	0.01220	0.00946	0.01270	0.01266	0.00778	0.74606	0.08849	0.02542	0.01057	0.01045	0.00755	0.00504	0.00416	0.00126	0.00446	0.00382	0.00416	0.00702
16	0.00593	0.00445	0.00668	0.00668	0.00742	0.00519	0.00519	0.00742	0.00668	0.00964	0.01113	0.01632	0.01038	0.03115	0.83756	0.00668	0.01113	0.00445	0.00223	0.00371
17	0.83210	0.00781	0.00599	0.00539	0.00789	0.00898	0.00442	0.01185	0.00721	0.01820	0.00790	0.00869	0.05246	0.00424	0.00271	0.00129	0.00315	0.00263	0.00265	0.00444
18	0.01233	0.10589	0.01171	0.00857	0.01134	0.01156	0.00699	0.28556	0.41479	0.04226	0.01347	0.03592	0.01031	0.00537	0.00405	0.00130	0.00383	0.00428	0.00394	0.00652
19	0.01105	0.00876	0.00941	0.00836	0.01078	0.00997	0.00653	0.02191	0.75069	0.08772	0.01686	0.01538	0.01247	0.00559	0.00422	0.00140	0.00331	0.00465	0.00431	0.00662
20	0.00597	0.00409	0.00464	0.00460	0.00566	0.00373	0.00341	0.00754	0.00996	0.01414	0.30705	0.09527	0.28230	0.00858	0.00443	0.00128	0.00204	0.00734	0.22422	0.00373
21	0.00566	0.00395	0.00531	0.00568	0.00622	0.00389	0.00405	0.00630	0.00776	0.01036	0.07321	0.34639	0.13459	0.02471	0.18550	0.14120	0.00444	0.02432	0.00322	0.00325
22	0.19086	0.01051	0.01094	0.00854	0.01171	0.01157	0.00705	0.58349	0.01635	0.09475	0.00969	0.00969	0.00683	0.00477	0.00384	0.00126	0.00421	0.00348	0.00392	0.00655
23	0.00491	0.00421	0.00421	0.00421	0.00561	0.00351	0.00316	0.00596	0.00947	0.01122	0.04208	0.03997	0.82643	0.01052	0.00491	0.00140	0.00210	0.00877	0.00386	0.00351
24	0.00821	0.00944	0.12344	0.22017	0.04152	0.01805	0.08490	0.04182	0.02551	0.01171	0.00909	0.01237	0.01957	0.01198	0.23265	0.00286	0.11571	0.00401	0.00214	0.00484
25	0.00888	0.00847	0.01410	0.41654	0.26914	0.00965	0.05582	0.01206	0.06378	0.01206	0.00822	0.01119	0.00653	0.00512	0.03109	0.00153	0.05453	0.00385	0.00210	0.00537
26	0.01147	0.02974	0.01342	0.11937	0.28814	0.03320	0.02992	0.26335	0.02462	0.02533	0.04385	0.03598	0.00885	0.00474	0.00411	0.00125	0.00462	0.00410	0.04787	0.00604
27	0.00973	0.01051	0.04509	0.11654	0.36785	0.01006	0.35238	0.01275	0.00945	0.01310	0.00800	0.01072	0.00630	0.00368	0.00445	0.00132	0.00592	0.00419	0.00204	0.00592
28	0.01238	0.00986	0.01050	0.00882	0.01150	0.01115	0.00703	0.34373	0.46912	0.02074	0.01428	0.03968	0.01086	0.00560	0.00423	0.00135	0.00378	0.00453	0.00419	0.00667
29	0.01657	0.00972	0.01121	0.00865	0.01185	0.01010	0.00712	0.49604	0.01637	0.32652	0.01271	0.03389	0.00881	0.00526	0.00419	0.00127	0.00413	0.00412	0.00452	0.00697
30	0.00849	0.00660	0.00885	0.02748	0.02984	0.03060	0.07669	0.02384	0.17006	0.07762	0.05355	0.32234	0.01914	0.03269	0.00532	0.00161	0.00357	0.09323	0.00373	0.00475
31	0.88336	0.00803	0.00611	0.00546	0.00803	0.00932	0.00450	0.01221	0.00707	0.01864	0.00578	0.00675	0.00450	0.00386	0.00257	0.00129	0.00321	0.00225	0.00257	0.00450
32	0.00604	0.00403	0.00453	0.00453	0.00453	0.00403	0.00252	0.00604	0.00604	0.00805	0.01309	0.02718	0.01510	0.85402	0.02114	0.00403	0.00403	0.00604	0.00252	0.00252
33	0.01579	0.01163	0.01247	0.00956	0.01288	0.01288	0.00789	0.81426	0.01953	0.02618	0.00997	0.00997	0.00706	0.00499	0.00416	0.00125	0.00457	0.00374	0.00416	0.00706
34	0.00507	0.00413	0.00452	0.00479	0.00592	0.00358	0.00356	0.00612	0.00917	0.01119	0.03669	0.20434	0.60458	0.01110	0.00505	0.00150	0.00230	0.06904	0.00385	0.00350
35	0.01099	0.82318	0.05414	0.00730	0.01095	0.01616	0.00744	0.01247	0.00845	0.00991	0.00584	0.00675	0.00533	0.00357	0.00272	0.00091	0.00451	0.00225	0.00178	0.00536
36	0.00497	0.00418	0.00432	0.00436	0.00567	0.00352	0.00324	0.00605	0.00951	0.01149	0.08423	0.08683	0.73634	0.01055	0.00493	0.00141	0.00211	0.00887	0.00390	0.00352
37	0.00774	0.00387	0.00387	0.00387	0.00484	0.00387	0.00290	0.00968	0.00871	0.01549	0.01355	0.01549	0.01065	0.00484	0.00290	0.00097	0.00194	0.00387	0.87708	0.00387
38	0.16859	0.00685	0.00837	0.00670	0.00951	0.00638	0.00548	0.01741	0.01069	0.58920	0.02869	0.03659	0.01028	0.00517	0.00384	0.00127	0.00330	0.00409	0.07137	0.00622
39	0.00987	0.00846	0.00889	0.00800	0.01027	0.00963	0.00622	0.04234	0.70615	0.01692	0.01957	0.01812	0.10493	0.00617	0.00430	0.00140	0.00319	0.00513	0.00418	0.00624
40	0.00669	0.00478	0.00669	0.00765	0.00861	0.00478	0.00669	0.00861	0.00956	0.01243	0.02199	0.04685	0.02391	0.01147	0.00574	0.00191	0.00382	0.80015	0.00382	0.00382
41	0.00518	0.00373	0.00480	0.00560	0.00594	0.00348	0.00376	0.00590	0.00795	0.01048	0.02355	0.69305	0.08981	0.08539	0.00665	0.00187	0.00256	0.03323	0.00374	0.00332
42	0.00556	0.00428	0.00517	0.00552	0.00656	0.00389	0.00432	0.00693	0.00962	0.01229	0.15501	0.16131	0.37166	0.01083	0.00519	0.00157	0.00259	0.22012	0.00396	0.00364
43	0.01803	0.00803	0.01024	0.00785	0.01109	0.00754	0.00648	0.18817	0.01350	0.66078	0.01503	0.01326	0.00960	0.00511	0.00417	0.00128	0.00375	0.00408	0.00493	0.00707
44	0.01569	0.01070	0.01177	0.00911	0.01229	0.01159	0.00749	0.67656	0.01804	0.12946	0.01136	0.04707	0.00837	0.00536	0.00421	0.00127	0.00434	0.00415	0.00427	0.00690
45	0.00637	0.00520	0.00552	0.00523	0.00676	0.00492	0.00397	0.06903	0.08984	0.01348	0.11692	0.08172	0.55673	0.00956	0.00481	0.00140	0.00241	0.00803	0.00399	0.00411
46	0.00510	0.00364	0.00484	0.00578	0.00602	0.00341	0.00386	0.00583	0.00793	0.01057	0.02266	0.82208	0.02714	0.03210	0.00567	0.00174	0.00247	0.02198	0.00382	0.00336
47	0.00791	0.00745	0.01257	0.82316	0.04900	0.00924	0.01157	0.01067	0.00834	0.01069	0.00739	0.01105	0.00556	0.00414	0.00415	0.00138	0.00552	0.00369	0.00185	0.00466
48	0.00533	0.00421	0.00470	0.00458	0.00581	0.00367	0.00343	0.00674	0.01029	0.01332	0.33010	0.03612	0.51784	0.00964	0.00486	0.00136	0.00205	0.00819	0.02411	0.00367
49	0.01085	0.00744	0.00835	0.00730	0.00905	0.02355	0.00567	0.31051	0.01246	0.07749	0.01417	0.12973	0.01354	0.16051	0.05143	0.00214	0.00426	0.08551	0.06105	0.00500
50	0.00595	0.00439	0.00638	0.00638	0.00702	0.00503	0.00482	0.00723	0.00659	0.00942	0.01140	0.01781	0.01103	0.14412	0.72548	0.00631	0.01015	0.00467	0.00227	0.00355
51	0.00601	0.00438	0.00649	0.00649	0.00716	0.00504	0.00497	0.00723	0.00657	0.00943	0.01101	0.01668	0.01045	0.07301	0.74977	0.05471	0.01034	0.00449	0.00222	0.00354
52	0.00562	0.00406	0.00481	0.00512	0.00559	0.00386	0.00340	0.00644	0.02150	0.01029	0.07025	0.29130	0.16366	0.33521	0.01130	0.00252	0.00303	0.04546	0.00339	0.00318
53	0.10695	0.00719	0.00585	0.00552	0.00711	0.13320	0.00418	0.02800	0.00977	0.01297	0.08115	0.02703	0.42799	0.03179	0.00470	0.00136	0.00315	0.00631	0.09185	0.00394
54	0.01097	0.08106	0.13762	0.05500	0.01299	0.04304	0.02872	0.11810	0.28558	0.07776	0.05901	0.01422	0.04725	0.00527	0.00410	0.00130	0.00426	0.00429	0.00344	0.00601
55	0.00869	0.00750	0.00899	0.00703	0.04710	0.00573	0.00528	0.01056	0.00865	0.01354	0.00740	0.00869	0.00617	0.00310	0.00312	0.00064	0.00316	0.00252	0.00244	0.83967
56	0.00596	0.00433	0.00607	0.00607	0.00660	0.00486	0.00443	0.00703	0.00650	0.00919	0.01168	0.01940	0.01172	0.26477	0.60578	0.00592	0.00911	0.00490	0.00231	0.00337
57	0.00859	0.09849	0.75773	0.01140	0.01730	0.01027	0.01459	0.01309	0.00874	0.01284	0.00730	0.00858	0.00527	0.00391	0.00383	0.00128	0.00598	0.00299	0.00176	0.00606
58	0.00584	0.00469	0.00568	0.00565	0.03029	0.00420	0.01491	0.00728	0.02127	0.01254	0.23336	0.09468	0.36606	0.09732	0.02031	0.00170	0.00267	0.00766	0.00371	0.06017
59	0.01343	0.00913	0.01015	0.00838	0.01114	0.00991	0.00673	0.26330	0.36860	0.18489	0.04072	0.01455	0.02877	0.00553	0.00423	0.00133	0.00366	0.00447	0.00439	0.00668
60	0.00506	0.00361	0.00482	0.00578	0.00602	0.00337	0.00386	0.00578	0.00795	0.01060	0.02289	0.85131	0.02747	0.01301	0.00530	0.00169	0.00241	0.01181	0.00386	0.00337
61	0.00510	0.00363	0.00481	0.00573	0.00597	0.00340	0.00380	0.00579	0.00788	0.01050	0.02250	0.81840	0.02698	0.04660	0.00593	0.00178	0.00247	0.01158	0.00380	0.00334
62	0.00760	0.00698	0.01152	0.72644	0.02555	0.00856	0.01054	0.01032	0.02027	0.01107	0.05380	0.06171	0.00900	0.00502	0.00428	0.00140	0.00510	0.01416	0.00217	0.00452
63	0.00980	0.01120	0.02451	0.01751	0.02171	0.01050	0.81303	0.01331	0.00980	0.01331	0.00840	0.01120	0.00630	0.00350	0.00490	0.00140	0.00700	0.00490	0.00210	0.00560
64	0.01412	0.00941	0.01028	0.00815	0.01089	0.01014	0.00663	0.55301	0.01628	0.10333	0.01187	0.05217	0.00901	0.00536	0.00399	0.00122	0.00389	0.00420	0.15972	0.00632
65	0.00544	0.00403	0.00465	0.00492	0.00567	0.00368	0.00344	0.00636	0.00857	0.01114	0.09672	0.25395	0.31938	0.17286	0.00809	0.00198	0.00261	0.04462	0.03853	0.00335
66	0.00649	0.00482	0.00585	0.00549	0.00669	0.00460	0.00416	0.06249	0.03080	0.01598	0.54978	0.07863	0.16307	0.00878	0.00484	0.00135	0.00225	0.02282	0.01701	0.00409
67	0.00669	0.00478	0.00669	0.00765	0.00861	0.00478	0.00669	0.00861	0.00956	0.01243	0.02199	0.04685	0.02391	0.01147	0.00574	0.00191	0.00382	0.80015	0.00382	0.00382
68	0.00519	0.00420	0.00460	0.00453	0.00579	0.00362	0.00339	0.00649	0.01008	0.01274	0.26346	0.05723	0.58413	0.01001	0.00492	0.00138	0.00207	0.00849	0.00406	0.00362
69	0.08862	0.00449	0.00496	0.00494	0.00553	0.00445	0.00319	0.00724	0.00731	0.04309	0.06345	0.15411	0.09228	0.48313	0.01383	0.00290	0.00338	0.00684	0.00308	0.00319
70	0.00536	0.00440	0.00470	0.00470	0.00606	0.00383	0.00362	0.02188	0.00987	0.01208	0.10761	0.03922	0.67282	0.01032	0.00497	0.00144	0.00229	0.07727	0.00392	0.00364
71	0.00975	0.01104	0.02357	0.01698	0.02085	0.01068	0.74902	0.01304	0.00953	0.01304	0.00817	0.01104	0.00623	0.00380	0.00560	0.00143	0.07383	0.00480	0.00208	0.00552
72	0.00684	0.00476	0.00548	0.00557	0.00655	0.00472	0.00404	0.06932	0.05947	0.01375	0.08981	0.35267	0.13476	0.03101	0.00498	0.00148	0.00251	0.01696	0.18132	0.00400
73	0.00530	0.00401	0.00469	0.00495	0.00578	0.00359	0.00350	0.00630	0.00906	0.01173	0.16447	0.29324	0.35242	0.06842	0.00630	0.01624	0.00235	0.01711	0.01709	0.00345
74	0.00511	0.00365	0.00486	0.00575	0.00604	0.00341	0.00386	0.00590	0.00817	0.01096	0.06975	0.80344	0.02816	0.01275	0.00528	0.00166	0.00238	0.01156	0.00390	0.00341
75	0.00506	0.00361	0.00482	0.00578	0.00602	0.00337	0.00386	0.00578	0.00795	0.01060	0.02289	0.85131	0.02747	0.01301	0.00530	0.00169	0.00241	0.01181	0.00386	0.00337
76	0.06025	0.00887	0.01321	0.26154	0.34858	0.05177	0.01051	0.01143	0.00851	0.01204	0.00756	0.01062	0.00632	0.00666	0.07197	0.02624	0.07303	0.00361	0.00202	0.00526
77	0.00810	0.00669	0.00748	0.00695	0.00863	0.00731	0.00532	0.01504	0.43794	0.01581	0.23741	0.07068	0.09292	0.00868	0.05054	0.00169	0.00321	0.00622	0.00415	0.00524
78	0.09245	0.00963	0.01067	0.00841	0.01147	0.01026	0.00689	0.44372	0.08027	0.23775	0.01227	0.03784	0.00879	0.00523	0.00406	0.00129	0.00400	0.00406	0.00427	0.00668
79	0.00506	0.00363	0.00480	0.00575	0.00601	0.00338	0.00384	0.00579	0.00799	0.01062	0.02336	0.83151	0.04697	0.01295	0.00529	0.00168	0.00240	0.01173	0.00386	0.00338
80	0.00981	0.00931	0.01412	0.11461	0.37580	0.05898	0.06437	0.03549	0.00925	0.02835	0.02198	0.02784	0.01801	0.00695	0.07656	0.00179	0.09694	0.00407	0.02023	0.00553
81	0.00594	0.00441	0.00649	0.00649	0.00717	0.00509	0.00496	0.00730	0.00662	0.00950	0.01130	0.01727	0.01080	0.10294	0.76634	0.00644	0.01051	0.00459	0.00225	0.00360
82	0.00784	0.00738	0.01246	0.84404	0.02861	0.00923	0.01154	0.01061	0.00831	0.01061	0.00738	0.01107	0.00554	0.00415	0.00415	0.00138	0.00554	0.00369	0.00185	0.00461
83	0.01016	0.06786	0.02915	0.04039	0.01125	0.00759	0.00609	0.10156	0.00995	0.06217	0.00804	0.00907	0.00637	0.00362	0.00358	0.00082	0.02595	0.00278	0.00270	0.59089
84	0.03071	0.06642	0.28186	0.08155	0.07265	0.08212	0.02215	0.03380	0.00962	0.12380	0.01989	0.03092	0.01737	0.01872	0.00445	0.00129	0.02657	0.01167	0.00256	0.06191

[dist]
# distance from previous block
# <min> <max>
6	40

[block]
# block no. 2 follows, 64 sequences, length 8
# corresponding to MSA columns:
# 221-228
name=unknown_C
#
# <colnr> <probs for GDERKNQSTAVLIFYWHMCP>
#	G	D	E	R	K	N	Q	S	T	A	V	L	I	F	Y	W	H	M	C	P
0	0.03718	0.06615	0.04135	0.09589	0.06244	0.07294	0.00755	0.21001	0.04525	0.01621	0.06914	0.02932	0.03437	0.00503	0.00391	0.00115	0.00427	0.02669	0.00303	0.16810
1	0.00598	0.00437	0.00618	0.00614	0.00666	0.00443	0.04219	0.00669	0.00707	0.00956	0.01590	0.24431	0.04376	0.28715	0.21612	0.05231	0.00539	0.02975	0.00283	0.00322
2	0.03522	0.09204	0.11634	0.08807	0.09430	0.07486	0.04864	0.11305	0.06045	0.08183	0.01078	0.05417	0.03226	0.00551	0.02412	0.00136	0.00492	0.00404	0.00282	0.05521
3	0.06763	0.03300	0.15808	0.01107	0.04885	0.13172	0.13892	0.11305	0.02746	0.04953	0.05433	0.07566	0.01016	0.00577	0.01833	0.00141	0.02116	0.02560	0.00281	0.00545
4	0.00835	0.07361	0.18373	0.00904	0.06238	0.05134	0.00781	0.03139	0.05503	0.04250	0.05439	0.28403	0.07243	0.00781	0.00479	0.00141	0.03538	0.00662	0.00308	0.00488
5	0.00638	0.00442	0.00554	0.00571	0.00633	0.00434	0.00399	0.06402	0.00865	0.01152	0.09137	0.36265	0.10142	0.11954	0.04423	0.12454	0.00327	0.02525	0.00341	0.00340
6	0.01070	0.04274	0.11776	0.02287	0.06495	0.11032	0.05376	0.04225	0.02706	0.09998	0.11042	0.01351	0.01106	0.02128	0.00619	0.00138	0.16049	0.02051	0.00281	0.05995
7	0.04582	0.22935	0.13242	0.04792	0.01228	0.10646	0.00819	0.10989	0.01016	0.05976	0.00954	0.06306	0.00863	0.05016	0.00516	0.00139	0.04718	0.04475	0.00261	0.00525

[dist]
# distance from previous block
# <min> <max>
0	1

[block]
# block no. 3 follows, 64 sequences, length 7
# corresponding to MSA columns:
# 230-236
name=unknown_D
#
# <colnr> <probs for GDERKNQSTAVLIFYWHMCP>
#	G	D	E	R	K	N	Q	S	T	A	V	L	I	F	Y	W	H	M	C	P
0	0.00729	0.00486	0.00663	0.00702	0.05687	0.00483	0.00470	0.05319	0.00788	0.01069	0.06524	0.09866	0.05699	0.09298	0.07501	0.34725	0.00406	0.05484	0.00269	0.03833
1	0.03378	0.06166	0.05864	0.06214	0.01226	0.07626	0.10104	0.03666	0.00904	0.01243	0.06365	0.07964	0.03580	0.04858	0.05602	0.00168	0.07804	0.00456	0.00255	0.16557
2	0.00941	0.03976	0.32658	0.17853	0.14022	0.00946	0.03167	0.05450	0.00949	0.04816	0.00877	0.01193	0.00696	0.00450	0.00428	0.00132	0.02219	0.04919	0.00225	0.04082
3	0.00852	0.00550	0.00731	0.09895	0.00958	0.00585	0.00531	0.04588	0.02450	0.12285	0.04338	0.07744	0.07410	0.19897	0.16075	0.03358	0.03775	0.00552	0.03011	0.00415
4	0.00774	0.05321	0.00711	0.03318	0.00759	0.00577	0.00451	0.05995	0.04225	0.05834	0.05504	0.17789	0.05721	0.27342	0.06231	0.04866	0.00399	0.03482	0.00319	0.00383
5	0.07637	0.02397	0.10600	0.01061	0.12134	0.05216	0.02588	0.13926	0.04435	0.11243	0.02757	0.03002	0.00806	0.00440	0.00379	0.00113	0.00429	0.00357	0.00303	0.20177
6	0.01148	0.08693	0.06568	0.00923	0.05578	0.05664	0.04600	0.21300	0.04274	0.10623	0.04432	0.07926	0.10211	0.00614	0.00421	0.00128	0.00416	0.02331	0.03590	0.00562

[dist]
# distance from previous block
# <min> <max>
7	41

[block]
# block no. 4 follows, 64 sequences, length 59
# corresponding to MSA columns:
# 280-313,315-339
name=unknown_E
#
# <colnr> <probs for GDERKNQSTAVLIFYWHMCP>
#	G	D	E	R	K	N	Q	S	T	A	V	L	I	F	Y	W	H	M	C	P
0	0.03474	0.00551	0.00681	0.03858	0.00842	0.00550	0.00491	0.05203	0.07596	0.12264	0.12618	0.26919	0.07904	0.05564	0.05319	0.00187	0.00342	0.01567	0.01448	0.02621
1	0.14305	0.04338	0.06248	0.16112	0.14444	0.01747	0.02951	0.07881	0.00979	0.03642	0.08425	0.07267	0.03353	0.00568	0.00421	0.01267	0.00422	0.03452	0.01670	0.00508
2	0.00739	0.00496	0.00611	0.04522	0.00728	0.00516	0.00414	0.07612	0.00814	0.04444	0.02735	0.11967	0.04071	0.41270	0.12292	0.01823	0.00470	0.00611	0.03513	0.00354
3	0.01773	0.00643	0.00736	0.00662	0.00828	0.01863	0.00509	0.12699	0.11946	0.10295	0.21367	0.11788	0.09871	0.05411	0.03292	0.00169	0.00331	0.03059	0.02266	0.00489
4	0.08094	0.00764	0.05037	0.04261	0.06803	0.01350	0.03685	0.12522	0.00971	0.03890	0.08022	0.02808	0.01111	0.04786	0.25512	0.04067	0.00625	0.00432	0.00280	0.04981
5	0.08271	0.04876	0.05010	0.04115	0.28293	0.00867	0.05020	0.09939	0.00994	0.02667	0.02719	0.15137	0.03763	0.00667	0.02536	0.01875	0.00440	0.00516	0.01759	0.00537
6	0.00691	0.00447	0.00559	0.00550	0.00652	0.00431	0.00408	0.00804	0.00846	0.08929	0.06527	0.11062	0.23878	0.14557	0.20037	0.00305	0.00473	0.04489	0.03976	0.00378
7	0.03681	0.00459	0.00568	0.00621	0.04833	0.00438	0.00404	0.00811	0.00842	0.07546	0.07999	0.28818	0.11608	0.19839	0.00829	0.00201	0.00290	0.00770	0.09064	0.00378
8	0.06423	0.00576	0.00770	0.00896	0.12883	0.00581	0.01820	0.05864	0.02457	0.01326	0.08493	0.30920	0.09292	0.03587	0.05970	0.01759	0.00365	0.02431	0.03158	0.00430
9	0.04342	0.00687	0.00833	0.04732	0.05588	0.02320	0.00592	0.09203	0.10950	0.11480	0.31871	0.03874	0.05964	0.00676	0.00459	0.00132	0.01822	0.01363	0.02599	0.00513
10	0.03221	0.00557	0.00629	0.04884	0.00795	0.03715	0.00455	0.06248	0.00942	0.06216	0.10388	0.21144	0.12722	0.13538	0.03355	0.01629	0.00343	0.01590	0.07232	0.00397
11	0.08849	0.00480	0.00555	0.04832	0.00698	0.00493	0.00386	0.03287	0.00838	0.01230	0.18236	0.14195	0.05538	0.34180	0.01101	0.00243	0.00323	0.00665	0.03526	0.00346
12	0.07557	0.00686	0.00846	0.06426	0.10083	0.06058	0.00641	0.03701	0.00866	0.05836	0.03246	0.07080	0.04503	0.01511	0.30890	0.00326	0.01895	0.00469	0.06927	0.00452
13	0.01000	0.03594	0.06296	0.10243	0.31888	0.05804	0.12238	0.07003	0.00967	0.01309	0.00825	0.01136	0.00695	0.04979	0.06514	0.00182	0.04155	0.00390	0.00220	0.00561
14	0.06249	0.00514	0.00604	0.04867	0.00753	0.00523	0.00415	0.02284	0.06058	0.08720	0.07283	0.15329	0.07468	0.34863	0.01117	0.00247	0.00341	0.00656	0.01324	0.00383
15	0.00576	0.00420	0.00531	0.00579	0.00637	0.00404	0.00403	0.04774	0.00889	0.01186	0.09552	0.58823	0.09585	0.04539	0.04857	0.00195	0.00296	0.01014	0.00380	0.00361
16	0.00949	0.00881	0.01282	0.19420	0.38480	0.05225	0.00990	0.05560	0.00960	0.01302	0.01055	0.04520	0.04990	0.04485	0.00490	0.00138	0.00469	0.00427	0.03338	0.05039
17	0.00632	0.09169	0.00643	0.00515	0.00559	0.00518	0.00338	0.00667	0.00676	0.00888	0.01464	0.22294	0.01695	0.54386	0.03569	0.00321	0.00386	0.00699	0.00276	0.00304
18	0.00599	0.00403	0.00465	0.00470	0.00474	0.00405	0.00271	0.00609	0.00617	0.00826	0.01350	0.06903	0.01551	0.77186	0.05896	0.00403	0.00428	0.00626	0.00257	0.00262
19	0.01135	0.74838	0.02057	0.00752	0.01084	0.03670	0.00727	0.05374	0.00899	0.01064	0.00599	0.00698	0.00543	0.00384	0.00333	0.00096	0.04781	0.00238	0.00191	0.00537
20	0.07610	0.00663	0.00772	0.00625	0.00877	0.00602	0.00494	0.04188	0.07349	0.09169	0.26120	0.01671	0.01726	0.00611	0.02895	0.00121	0.00310	0.00444	0.00356	0.33396
21	0.03954	0.00941	0.01072	0.04890	0.04234	0.06702	0.00749	0.31485	0.01210	0.01650	0.00981	0.01218	0.02804	0.02808	0.19852	0.00265	0.13966	0.00393	0.00292	0.00534
22	0.05167	0.00494	0.00664	0.00645	0.00732	0.00563	0.00491	0.04894	0.00727	0.01073	0.01107	0.01705	0.01058	0.14596	0.63505	0.00574	0.00937	0.00453	0.00238	0.00375
23	0.00970	0.00879	0.01445	0.15338	0.37303	0.00901	0.10659	0.05352	0.05173	0.04516	0.01337	0.01495	0.11807	0.00490	0.00433	0.00131	0.00474	0.00460	0.00261	0.00577
24	0.00784	0.00738	0.01246	0.84404	0.02861	0.00923	0.01154	0.01061	0.00831	0.01061	0.00738	0.01107	0.00554	0.00415	0.00415	0.00138	0.00554	0.00369	0.00185	0.00461
25	0.00768	0.00624	0.00732	0.00581	0.00829	0.00520	0.00444	0.03329	0.00866	0.01271	0.06110	0.01659	0.09179	0.13412	0.07992	0.00180	0.00381	0.00414	0.00277	0.50432
26	0.21624	0.00624	0.01706	0.02636	0.11149	0.01732	0.00527	0.00914	0.00760	0.02707	0.02289	0.15915	0.01343	0.25264	0.02507	0.01201	0.00381	0.03881	0.02440	0.00397
27	0.03995	0.01088	0.02769	0.07966	0.11281	0.16931	0.04141	0.19887	0.01186	0.07369	0.01081	0.12290	0.00964	0.03280	0.00492	0.00139	0.02259	0.00470	0.01867	0.00546
28	0.00599	0.00402	0.00461	0.00466	0.00469	0.00403	0.00267	0.00607	0.00616	0.00823	0.01353	0.06933	0.01560	0.78592	0.04490	0.00399	0.00416	0.00629	0.00258	0.00260
29	0.00722	0.00361	0.00541	0.00541	0.00541	0.00361	0.00361	0.00541	0.00541	0.00722	0.00722	0.01263	0.00722	0.01443	0.01623	0.87915	0.00361	0.00361	0.00180	0.00180
30	0.01010	0.01165	0.02385	0.01716	0.02125	0.05301	0.77164	0.01347	0.00991	0.01314	0.00830	0.01101	0.00625	0.00354	0.00484	0.00138	0.00703	0.00479	0.00210	0.00556
31	0.00722	0.00361	0.00541	0.00541	0.00541	0.00361	0.00361	0.00541	0.00541	0.00722	0.00722	0.01263	0.00722	0.01443	0.01623	0.87915	0.00361	0.00361	0.00180	0.00180
32	0.01218	0.12023	0.08325	0.06734	0.11970	0.26876	0.03137	0.10239	0.05286	0.03576	0.00963	0.03449	0.03497	0.00469	0.00390	0.00119	0.00554	0.00365	0.00255	0.00554
33	0.05219	0.22899	0.15812	0.04850	0.04475	0.18216	0.04502	0.05283	0.00980	0.01240	0.04939	0.02434	0.00775	0.00525	0.02805	0.00133	0.03828	0.00335	0.00223	0.00526
34	0.00969	0.18164	0.31596	0.01035	0.03224	0.03603	0.07917	0.03846	0.06319	0.02505	0.01908	0.00976	0.00681	0.00531	0.04334	0.00142	0.02026	0.00328	0.00223	0.09670
35	0.03959	0.05231	0.02773	0.11734	0.10970	0.02176	0.02156	0.19901	0.05678	0.13515	0.01337	0.05394	0.06436	0.01635	0.03289	0.00153	0.00451	0.02301	0.00335	0.00576
36	0.00972	0.03998	0.02111	0.08898	0.09727	0.08535	0.07676	0.06066	0.16839	0.01379	0.03687	0.05787	0.02934	0.01624	0.03759	0.00155	0.03197	0.04893	0.00293	0.07470
37	0.00597	0.00431	0.00598	0.00598	0.00648	0.00481	0.00432	0.00697	0.00647	0.00912	0.01177	0.01986	0.01192	0.29938	0.57144	0.00581	0.00881	0.00497	0.00232	0.00332
38	0.00719	0.00366	0.00547	0.00552	0.00556	0.00366	0.00375	0.00556	0.00561	0.00746	0.00791	0.01425	0.00800	0.01429	0.01574	0.83764	0.00362	0.04130	0.00190	0.00190
39	0.03120	0.00858	0.01391	0.09849	0.36246	0.00883	0.09884	0.08894	0.02206	0.01412	0.02817	0.07011	0.03164	0.00605	0.01732	0.02971	0.00479	0.05660	0.00262	0.00555
40	0.00604	0.00404	0.00461	0.00461	0.00463	0.00407	0.00261	0.00609	0.00606	0.00811	0.01302	0.02679	0.01493	0.82422	0.05071	0.00412	0.00428	0.00598	0.00251	0.00256
41	0.00508	0.00374	0.00477	0.00551	0.00597	0.00342	0.00375	0.00592	0.00839	0.01103	0.06931	0.68310	0.15001	0.01239	0.00522	0.00162	0.00234	0.01111	0.00389	0.00342
42	0.15130	0.00580	0.00689	0.00620	0.00799	0.00564	0.01881	0.02108	0.03835	0.22654	0.11936	0.22123	0.10425	0.03127	0.00483	0.00148	0.00292	0.00669	0.01461	0.00478
43	0.18854	0.00684	0.00882	0.04129	0.15194	0.00734	0.02003	0.07694	0.01806	0.01428	0.05723	0.07197	0.04861	0.03731	0.14506	0.05862	0.00494	0.00464	0.03295	0.00458
44	0.00599	0.00402	0.00460	0.00465	0.00468	0.00403	0.00265	0.00606	0.00615	0.00822	0.01350	0.06589	0.01556	0.79232	0.04213	0.00399	0.00414	0.00627	0.00257	0.00259
45	0.03415	0.00745	0.00848	0.00725	0.00939	0.00783	0.00571	0.18903	0.20386	0.14437	0.13101	0.04117	0.08504	0.02770	0.00555	0.05710	0.00334	0.02194	0.00411	0.00552
46	0.06602	0.00608	0.00689	0.00645	0.00804	0.00632	0.00491	0.04864	0.20762	0.09822	0.14016	0.21691	0.07254	0.01831	0.00466	0.00144	0.00281	0.01984	0.05923	0.00489
47	0.08668	0.00549	0.00619	0.00578	0.00704	0.00558	0.00425	0.05856	0.08199	0.07204	0.17178	0.12531	0.08746	0.15599	0.00791	0.04695	0.00299	0.01431	0.04951	0.00416
48	0.00797	0.00730	0.01229	0.00990	0.01185	0.03350	0.28949	0.00998	0.03036	0.03614	0.03622	0.14650	0.07822	0.20589	0.00875	0.00208	0.00470	0.06166	0.00293	0.00426
49	0.13172	0.00600	0.00657	0.00604	0.00758	0.00615	0.00453	0.07642	0.08135	0.10611	0.09105	0.13218	0.12074	0.16812	0.00753	0.00191	0.00318	0.03467	0.00369	0.00445
50	0.02062	0.00544	0.00624	0.00581	0.00719	0.00538	0.00435	0.07159	0.09767	0.06468	0.22511	0.12327	0.20797	0.09529	0.00637	0.00166	0.00275	0.01978	0.02450	0.00435
51	0.01783	0.00401	0.00488	0.00540	0.00605	0.00373	0.00377	0.00657	0.02288	0.01167	0.11247	0.50666	0.19013	0.04072	0.00563	0.00165	0.00240	0.02781	0.02220	0.00352
52	0.01015	0.01014	0.06488	0.01048	0.01330	0.01039	0.15811	0.01922	0.56481	0.02643	0.01412	0.01392	0.01061	0.00521	0.00482	0.00142	0.04762	0.00457	0.00356	0.00627
53	0.00693	0.00431	0.00537	0.00544	0.00607	0.00412	0.00368	0.00777	0.02392	0.08679	0.07569	0.29624	0.07332	0.30553	0.03773	0.02996	0.00338	0.01679	0.00345	0.00350
54	0.00628	0.00455	0.00527	0.00532	0.00613	0.00444	0.00374	0.03544	0.05493	0.01227	0.13897	0.22121	0.17614	0.21492	0.00878	0.00208	0.00282	0.03464	0.05845	0.00363
55	0.00575	0.00407	0.00473	0.00486	0.00539	0.00383	0.00319	0.00640	0.00795	0.01903	0.11485	0.17134	0.20469	0.39193	0.01232	0.00264	0.00307	0.02750	0.00335	0.00313
56	0.09878	0.00946	0.01086	0.06396	0.02373	0.08563	0.04031	0.19903	0.02004	0.16260	0.02080	0.01180	0.02510	0.00773	0.08038	0.02388	0.10333	0.00383	0.00322	0.00553
57	0.07619	0.07995	0.02878	0.05983	0.40283	0.11494	0.01007	0.07059	0.00980	0.01347	0.00731	0.00943	0.00611	0.00461	0.00490	0.04647	0.04354	0.00333	0.00219	0.00569
58	0.01034	0.01021	0.00860	0.00774	0.00951	0.25008	0.00594	0.13985	0.05016	0.01441	0.17059	0.04104	0.13516	0.01001	0.11577	0.00197	0.00532	0.00525	0.00334	0.00471

[dist]
# distance from previous block
# <min> <max>
1	8

[block]
# block no. 5 follows, 64 sequences, length 57
# corresponding to MSA columns:
# 348-404
name=unknown_F
#
# <colnr> <probs for GDERKNQSTAVLIFYWHMCP>
#	G	D	E	R	K	N	Q	S	T	A	V	L	I	F	Y	W	H	M	C	P
0	0.02539	0.00756	0.00850	0.00797	0.03694	0.08208	0.02924	0.03902	0.17521	0.02765	0.01276	0.02468	0.06482	0.03905	0.07684	0.23133	0.02589	0.02025	0.00281	0.06201
1	0.00563	0.00420	0.00544	0.00565	0.00633	0.00426	0.00407	0.00685	0.02043	0.01067	0.08855	0.23219	0.15547	0.13521	0.28287	0.00358	0.00546	0.01645	0.00320	0.00349
2	0.65594	0.00758	0.00651	0.00572	0.00820	0.00843	0.00466	0.02370	0.03469	0.09892	0.05458	0.01114	0.05664	0.00471	0.00307	0.00130	0.00313	0.00322	0.00309	0.00477
3	0.03040	0.05845	0.05624	0.00955	0.01257	0.11708	0.06861	0.42396	0.01475	0.01910	0.01252	0.04993	0.07668	0.00561	0.00419	0.00127	0.00486	0.02489	0.00340	0.00592
4	0.00740	0.00514	0.00592	0.00567	0.00681	0.00507	0.00409	0.05346	0.09928	0.05980	0.14429	0.19263	0.18115	0.16514	0.00774	0.00190	0.00284	0.00749	0.04006	0.00411
5	0.00512	0.00411	0.00441	0.00455	0.00560	0.00358	0.00325	0.00604	0.00892	0.01095	0.06015	0.15202	0.58273	0.11070	0.00690	0.00176	0.00239	0.01971	0.00372	0.00339
6	0.85977	0.00801	0.00620	0.00551	0.00810	0.00923	0.00454	0.01243	0.00720	0.04080	0.00607	0.00695	0.00466	0.00389	0.00261	0.00129	0.00322	0.00230	0.00264	0.00457
7	0.04554	0.00881	0.00958	0.00779	0.01031	0.00942	0.00626	0.43277	0.06905	0.08891	0.04841	0.01793	0.11562	0.07830	0.00572	0.00154	0.00385	0.03030	0.00401	0.00586
8	0.00615	0.00428	0.00518	0.00558	0.00631	0.00409	0.00392	0.03226	0.03717	0.02814	0.05521	0.51077	0.14393	0.04396	0.00555	0.00163	0.00251	0.02028	0.07934	0.00373
9	0.68354	0.00886	0.00757	0.00641	0.00915	0.01014	0.00528	0.19694	0.00994	0.02037	0.00675	0.00749	0.00509	0.00412	0.00294	0.00128	0.00353	0.00259	0.00294	0.00509
10	0.00519	0.00367	0.00478	0.00562	0.00582	0.00346	0.00368	0.00582	0.00770	0.01026	0.02158	0.74076	0.02581	0.12583	0.00743	0.00200	0.00263	0.01103	0.00368	0.00326
11	0.00550	0.00381	0.00475	0.00532	0.00548	0.00368	0.00338	0.00596	0.00722	0.00961	0.01888	0.49556	0.02235	0.35481	0.01175	0.00264	0.00310	0.02983	0.00331	0.00304
12	0.00528	0.00430	0.00469	0.00461	0.00588	0.00375	0.00345	0.00678	0.02600	0.01279	0.25251	0.05762	0.57787	0.00994	0.00490	0.00138	0.00210	0.00842	0.00406	0.00367
13	0.00833	0.02149	0.83250	0.01184	0.01798	0.00965	0.01535	0.01315	0.00877	0.01315	0.00745	0.00877	0.00526	0.00395	0.00395	0.00132	0.00614	0.00307	0.00175	0.00614
14	0.01651	0.01048	0.01175	0.00901	0.01231	0.01117	0.00744	0.61365	0.01760	0.22952	0.01159	0.01102	0.00788	0.00503	0.00416	0.00126	0.00431	0.00385	0.00440	0.00707
15	0.00615	0.00455	0.00569	0.00614	0.00681	0.00452	0.00430	0.04649	0.08243	0.01266	0.11414	0.64075	0.02650	0.01144	0.00510	0.00160	0.00254	0.01028	0.00399	0.00390
16	0.00506	0.00361	0.00482	0.00578	0.00602	0.00337	0.00386	0.00578	0.00795	0.01060	0.02289	0.85131	0.02747	0.01301	0.00530	0.00169	0.00241	0.01181	0.00386	0.00337
17	0.00861	0.00738	0.00861	0.00615	0.00984	0.00554	0.00492	0.01046	0.00861	0.01354	0.00738	0.00861	0.00615	0.00308	0.00308	0.00062	0.00308	0.00246	0.00246	0.87941
18	0.00506	0.00363	0.00480	0.00573	0.00601	0.00338	0.00383	0.00579	0.00800	0.01062	0.02353	0.82439	0.05398	0.01293	0.00529	0.00168	0.00240	0.01171	0.00386	0.00338
19	0.00861	0.00738	0.00861	0.00615	0.00984	0.00554	0.00492	0.01046	0.00861	0.01354	0.00738	0.00861	0.00615	0.00308	0.00308	0.00062	0.00308	0.00246	0.00246	0.87941
20	0.00980	0.01120	0.02451	0.01751	0.02171	0.01050	0.81303	0.01331	0.00980	0.01331	0.00840	0.01120	0.00630	0.00350	0.00490	0.00140	0.00700	0.00490	0.00210	0.00560
21	0.00491	0.00421	0.00421	0.00421	0.00561	0.00351	0.00316	0.00596	0.00947	0.01122	0.04208	0.03997	0.82643	0.01052	0.00491	0.00140	0.00210	0.00877	0.00386	0.00351
22	0.01011	0.00627	0.00757	0.00696	0.00856	0.00625	0.00528	0.20917	0.01163	0.15652	0.01959	0.43246	0.06331	0.00948	0.00481	0.00150	0.00316	0.02827	0.00415	0.00495
23	0.00582	0.00469	0.00574	0.00658	0.05172	0.00440	0.00458	0.00760	0.05771	0.01169	0.03005	0.28962	0.37737	0.01075	0.00506	0.00155	0.00266	0.11479	0.00378	0.00386
24	0.00648	0.00557	0.00556	0.00607	0.00648	0.09949	0.00404	0.00708	0.00797	0.00999	0.01884	0.57273	0.02220	0.19720	0.00861	0.00213	0.00335	0.00949	0.00336	0.00335
25	0.02209	0.01224	0.01243	0.01114	0.05466	0.30502	0.10176	0.05426	0.00997	0.06081	0.00860	0.03174	0.00736	0.00965	0.15245	0.00226	0.13233	0.00382	0.00243	0.00497
26	0.00924	0.00980	0.06414	0.35799	0.34298	0.02623	0.06857	0.01243	0.04479	0.01242	0.00803	0.01075	0.00630	0.00398	0.00417	0.00132	0.00538	0.00377	0.00205	0.00564
27	0.00558	0.00411	0.00546	0.05190	0.00740	0.00401	0.00432	0.02823	0.00847	0.01128	0.06355	0.68531	0.05241	0.04000	0.00570	0.00171	0.00266	0.01063	0.00375	0.00355
28	0.04306	0.00990	0.01811	0.11219	0.48389	0.00996	0.23605	0.01265	0.00934	0.01336	0.00785	0.01049	0.00631	0.00370	0.00428	0.00130	0.00551	0.00398	0.00207	0.00601
29	0.01486	0.01138	0.01201	0.00945	0.01254	0.03098	0.00773	0.66613	0.13563	0.02424	0.01082	0.01070	0.00781	0.00511	0.00433	0.00128	0.02018	0.00385	0.00408	0.00690
30	0.00593	0.00441	0.00554	0.00522	0.00630	0.00410	0.00393	0.00813	0.03985	0.01607	0.70956	0.03149	0.12665	0.00862	0.00488	0.00132	0.00202	0.00755	0.00448	0.00397
31	0.00951	0.07268	0.20837	0.06315	0.12334	0.01057	0.42563	0.01299	0.00934	0.01290	0.00787	0.01020	0.00599	0.00367	0.00438	0.00132	0.00628	0.00407	0.00198	0.00578
32	0.58107	0.01193	0.00810	0.00726	0.00971	0.27710	0.00572	0.03371	0.00890	0.01609	0.00609	0.00707	0.00484	0.00402	0.00299	0.00121	0.00463	0.00242	0.00247	0.00467
33	0.00604	0.00403	0.00453	0.00453	0.00453	0.00403	0.00252	0.00604	0.00604	0.00805	0.01309	0.02718	0.01510	0.85402	0.02114	0.00403	0.00403	0.00604	0.00252	0.00252
34	0.00994	0.00952	0.01624	0.14084	0.71545	0.00978	0.01258	0.01245	0.00930	0.01315	0.00775	0.01039	0.00643	0.00376	0.00412	0.00125	0.00502	0.00370	0.00203	0.00630
35	0.00665	0.00515	0.00622	0.00627	0.00732	0.00514	0.01561	0.06390	0.11614	0.01322	0.09193	0.44441	0.15418	0.02124	0.00519	0.00157	0.00270	0.02508	0.00394	0.00414
36	0.00624	0.00505	0.00529	0.00502	0.00656	0.00462	0.00385	0.09909	0.01061	0.01308	0.05651	0.07676	0.65100	0.00998	0.00486	0.00141	0.00245	0.02977	0.00391	0.00393
37	0.00506	0.00364	0.00480	0.00573	0.00601	0.00338	0.00383	0.00579	0.00801	0.01063	0.02360	0.82125	0.05708	0.01292	0.00529	0.00168	0.00240	0.01170	0.00386	0.00338
38	0.00516	0.00368	0.00493	0.00590	0.00618	0.00346	0.00403	0.00595	0.00805	0.01071	0.02284	0.80301	0.02726	0.01292	0.00533	0.00170	0.00249	0.05914	0.00385	0.00340
39	0.00626	0.00419	0.00540	0.00545	0.00634	0.00382	0.00395	0.00767	0.01019	0.06286	0.41371	0.31985	0.11445	0.01009	0.00500	0.00145	0.00223	0.00895	0.00428	0.00387
40	0.01579	0.01163	0.01247	0.00956	0.01288	0.01288	0.00789	0.81426	0.01953	0.02618	0.00997	0.00997	0.00706	0.00499	0.00416	0.00125	0.00457	0.00374	0.00416	0.00706
41	0.00722	0.00361	0.00541	0.00541	0.00541	0.00361	0.00361	0.00541	0.00541	0.00722	0.00722	0.01263	0.00722	0.01443	0.01623	0.87915	0.00361	0.00361	0.00180	0.00180
42	0.00508	0.00362	0.00481	0.00576	0.00600	0.00339	0.00383	0.00579	0.00792	0.01056	0.02272	0.83641	0.02725	0.02822	0.00559	0.00173	0.00244	0.01170	0.00383	0.00336
43	0.38291	0.00614	0.00550	0.00498	0.00686	0.00668	0.00397	0.04235	0.00862	0.06621	0.01026	0.01146	0.00786	0.00444	0.00289	0.00113	0.00268	0.00319	0.41741	0.00445
44	0.88336	0.00803	0.00611	0.00546	0.00803	0.00932	0.00450	0.01221	0.00707	0.01864	0.00578	0.00675	0.00450	0.00386	0.00257	0.00129	0.00321	0.00225	0.00257	0.00450
45	0.01111	0.85652	0.02177	0.00711	0.01066	0.01644	0.00711	0.01244	0.00844	0.00977	0.00577	0.00666	0.00533	0.00355	0.00267	0.00089	0.00444	0.00222	0.00178	0.00533
46	0.00662	0.00489	0.00552	0.00557	0.00663	0.00489	0.00407	0.01897	0.14377	0.01326	0.11194	0.24018	0.18915	0.07170	0.00583	0.00161	0.00256	0.03100	0.12778	0.00406
47	0.00864	0.00647	0.00744	0.00710	0.00864	0.00691	0.00537	0.06177	0.32520	0.06002	0.10179	0.29595	0.04244	0.00865	0.00472	0.00149	0.00294	0.03520	0.00416	0.00512
48	0.01028	0.00987	0.01686	0.02550	0.82811	0.00987	0.01275	0.01275	0.00946	0.01357	0.00781	0.01028	0.00658	0.00370	0.00411	0.00123	0.00493	0.00370	0.00206	0.00658
49	0.00495	0.00406	0.00436	0.00461	0.00572	0.00347	0.00334	0.00592	0.00908	0.01106	0.03716	0.24812	0.62146	0.01116	0.00501	0.00148	0.00218	0.00955	0.00386	0.00347
50	0.05735	0.01040	0.01112	0.00887	0.01189	0.01152	0.00723	0.52274	0.20731	0.07901	0.01189	0.01148	0.00853	0.00509	0.00408	0.00129	0.00410	0.00392	0.01540	0.00678
51	0.00594	0.00443	0.00659	0.00659	0.00731	0.00515	0.00509	0.00737	0.00665	0.00958	0.01120	0.01673	0.01056	0.06226	0.80670	0.00658	0.01086	0.00451	0.00224	0.00366
52	0.00517	0.00366	0.00479	0.00564	0.00585	0.00345	0.00370	0.00581	0.00773	0.01031	0.02177	0.75647	0.02605	0.10980	0.00712	0.00196	0.00260	0.01114	0.00370	0.00328
53	0.00599	0.00445	0.00576	0.00646	0.05538	0.00414	0.00429	0.00722	0.00934	0.02509	0.25029	0.24831	0.19130	0.11275	0.00697	0.00178	0.00266	0.05029	0.00380	0.00372
54	0.00686	0.00481	0.00591	0.00571	0.00624	0.00512	0.00389	0.08143	0.00761	0.01036	0.01289	0.08554	0.01383	0.46439	0.24669	0.02101	0.00593	0.00578	0.00268	0.00332
55	0.85016	0.00787	0.00606	0.00547	0.00796	0.00909	0.00447	0.01197	0.00710	0.01833	0.00643	0.03868	0.00537	0.00420	0.00267	0.00130	0.00318	0.00261	0.00262	0.00446
56	0.01499	0.00839	0.01003	0.00890	0.05575	0.03930	0.00672	0.02037	0.31062	0.45429	0.01573	0.01418	0.01078	0.00521	0.00418	0.00132	0.00367	0.00429	0.00452	0.00677

[dist]
# distance from previous block
# <min> <max>
0	5

[block]
# block no. 6 follows, 64 sequences, length 33
# corresponding to MSA columns:
# 410-442
name=unknown_G
#
# <colnr> <probs for GDERKNQSTAVLIFYWHMCP>
#	G	D	E	R	K	N	Q	S	T	A	V	L	I	F	Y	W	H	M	C	P
0	0.01237	0.24204	0.12200	0.01206	0.15128	0.16398	0.03037	0.11460	0.01102	0.07019	0.02797	0.00936	0.00696	0.00417	0.00368	0.00113	0.00527	0.00319	0.00250	0.00586
1	0.09764	0.11687	0.08402	0.01016	0.01294	0.55449	0.04222	0.01524	0.01058	0.01133	0.00646	0.00759	0.00530	0.00409	0.00357	0.00110	0.00658	0.00271	0.00210	0.00499
2	0.00539	0.00428	0.00486	0.00482	0.00598	0.00380	0.00357	0.00699	0.03007	0.01319	0.31016	0.11435	0.45781	0.00994	0.00493	0.00140	0.00211	0.00853	0.00411	0.00371
3	0.07885	0.01066	0.01151	0.00893	0.01214	0.01163	0.00736	0.61917	0.05053	0.13108	0.01080	0.01051	0.00753	0.00495	0.00405	0.00126	0.00428	0.00373	0.00417	0.00686
4	0.05489	0.00603	0.00681	0.00608	0.00775	0.00597	0.00465	0.12401	0.04584	0.08769	0.14063	0.07655	0.19466	0.12588	0.02290	0.00182	0.00325	0.04103	0.00379	0.03979
5	0.00587	0.00527	0.00781	0.00687	0.00844	0.00472	0.13749	0.00726	0.00910	0.01137	0.03078	0.18820	0.47036	0.04551	0.00570	0.00159	0.00313	0.04322	0.00351	0.00380
6	0.00604	0.00403	0.00453	0.00453	0.00453	0.00403	0.00252	0.00604	0.00604	0.00805	0.01309	0.02718	0.01510	0.85402	0.02114	0.00403	0.00403	0.00604	0.00252	0.00252
7	0.00557	0.00472	0.02561	0.00593	0.03988	0.00402	0.00417	0.00684	0.00942	0.01235	0.22774	0.23291	0.32743	0.06708	0.00604	0.00162	0.00249	0.00867	0.00382	0.00370
8	0.00649	0.00427	0.00519	0.00524	0.00605	0.00397	0.00372	0.00750	0.00887	0.06286	0.17681	0.18525	0.18130	0.22898	0.00916	0.00214	0.00285	0.06992	0.02586	0.00356
9	0.01169	0.00530	0.00660	0.00564	0.00717	0.00489	0.00411	0.01270	0.00898	0.36028	0.01457	0.01968	0.01231	0.35137	0.01089	0.00235	0.00347	0.00489	0.14842	0.00468
10	0.23666	0.00781	0.00892	0.00715	0.01013	0.00780	0.00587	0.07344	0.08902	0.49114	0.01331	0.01211	0.00882	0.00485	0.00377	0.00129	0.00350	0.00371	0.00433	0.00637
