[name]
unknown

[dist]
# distance from previous block
# <min> <max>
0	77

[block]
# block no. 0 follows, 64 sequences, length 19
# corresponding to MSA columns:
# 95-113
name=unknown_A
#
# <colnr> <probs for GDERKNQSTAVLIFYWHMCP>
#	G	D	E	R	K	N	Q	S	T	A	V	L	I	F	Y	W	H	M	C	P
0	0.03858	0.01228	0.01047	0.03120	0.04312	0.31559	0.01923	0.10430	0.08452	0.05496	0.05848	0.01388	0.03368	0.04216	0.00502	0.00133	0.02809	0.03420	0.00299	0.06592
1	0.04913	0.05026	0.03023	0.18813	0.08673	0.05102	0.07175	0.22823	0.02187	0.03738	0.02293	0.02729	0.00908	0.00527	0.00423	0.00134	0.00489	0.08926	0.00296	0.01803
2	0.05233	0.05877	0.15291	0.08215	0.02667	0.01084	0.03925	0.35246	0.05517	0.03744	0.04511	0.01194	0.00864	0.00488	0.00404	0.00128	0.00468	0.02446	0.02086	0.00611
3	0.04076	0.04054	0.06250	0.00762	0.01005	0.02866	0.02121	0.11499	0.24864	0.05475	0.10579	0.03396	0.16441	0.00679	0.00436	0.00136	0.00351	0.04090	0.00380	0.00543
4	0.05779	0.21463	0.16106	0.00840	0.02439	0.02944	0.00803	0.14485	0.05853	0.03842	0.03514	0.01177	0.02802	0.00463	0.00360	0.00113	0.00429	0.02865	0.03295	0.10429
5	0.71337	0.00847	0.00688	0.00649	0.03233	0.04041	0.00499	0.01308	0.08238	0.01768	0.00715	0.00841	0.00572	0.03427	0.00347	0.00138	0.00346	0.00267	0.00269	0.00469
6	0.00908	0.00737	0.00866	0.00621	0.00988	0.00556	0.00498	0.01091	0.00876	0.05134	0.00780	0.00887	0.00634	0.00317	0.00313	0.00065	0.00310	0.00254	0.00258	0.83907
7	0.00594	0.00438	0.00497	0.00494	0.00622	0.00386	0.00376	0.00715	0.00954	0.05375	0.11981	0.07854	0.53856	0.03650	0.04168	0.00175	0.00276	0.06827	0.00389	0.00373
8	0.01158	0.01328	0.35269	0.00977	0.01393	0.00813	0.06873	0.03232	0.07393	0.25856	0.01277	0.01342	0.04033	0.04831	0.00501	0.00145	0.00481	0.00407	0.02080	0.00610
9	0.01061	0.12739	0.08689	0.05350	0.04838	0.02890	0.16549	0.06386	0.13337	0.09335	0.02873	0.06171	0.01952	0.00600	0.03552	0.00149	0.00499	0.00450	0.02012	0.00567
10	0.01327	0.00934	0.04994	0.09798	0.07109	0.00917	0.04129	0.28040	0.04512	0.21352	0.04273	0.04038	0.00983	0.00515	0.00418	0.00129	0.00426	0.00431	0.05048	0.00624
11	0.00508	0.00425	0.00444	0.00451	0.00586	0.00362	0.00346	0.00623	0.00955	0.01149	0.06570	0.04022	0.73859	0.01053	0.00497	0.00144	0.00223	0.07040	0.00388	0.00354
12	0.00904	0.02334	0.04865	0.10640	0.16307	0.06104	0.03814	0.05570	0.08818	0.04201	0.03824	0.07069	0.19778	0.00724	0.03089	0.00151	0.00438	0.00553	0.00305	0.00514
13	0.02420	0.02395	0.06037	0.07225	0.10299	0.10824	0.03242	0.17103	0.10260	0.14557	0.01063	0.02908	0.00809	0.00567	0.00519	0.08008	0.00474	0.00389	0.00320	0.00580
14	0.00992	0.00950	0.01628	0.07807	0.71844	0.00959	0.03361	0.01241	0.00949	0.01350	0.04341	0.01126	0.00792	0.00393	0.00417	0.00125	0.00490	0.00390	0.00215	0.00631
15	0.00527	0.00404	0.00484	0.00513	0.00601	0.00361	0.00372	0.00646	0.00951	0.01237	0.22405	0.31463	0.33233	0.01092	0.00507	0.00150	0.00224	0.04071	0.00403	0.00357
16	0.00943	0.00990	0.08278	0.14765	0.10329	0.04271	0.10273	0.07502	0.17638	0.01472	0.10859	0.01499	0.03938	0.00608	0.03246	0.00152	0.01929	0.00460	0.00297	0.00552
17	0.05215	0.10393	0.15769	0.06072	0.09415	0.05660	0.14021	0.11735	0.07461	0.03551	0.00972	0.02717	0.02246	0.00445	0.00399	0.00126	0.00514	0.00385	0.02326	0.00579
18	0.06204	0.04012	0.11581	0.09921	0.08988	0.21332	0.04575	0.10745	0.05212	0.10378	0.00900	0.00997	0.00669	0.00434	0.00390	0.00123	0.00542	0.00340	0.02082	0.00573

[dist]
# distance from previous block
# <min> <max>
1	9

[block]
# block no. 1 follows, 64 sequences, length 22
# corresponding to MSA columns:
# 123-144
name=unknown_B
#
# <colnr> <probs for GDERKNQSTAVLIFYWHMCP>
#	G	D	E	R	K	N	Q	S	T	A	V	L	I	F	Y	W	H	M	C	P
0	0.09446	0.24927	0.02920	0.06313	0.18737	0.09936	0.03861	0.07508	0.02553	0.02682	0.00720	0.00874	0.00594	0.00419	0.00428	0.00119	0.06870	0.00310	0.00226	0.00557
1	0.00793	0.00634	0.00730	0.00623	0.00855	0.02513	0.00482	0.03524	0.00923	0.03972	0.03442	0.20966	0.09776	0.00707	0.00411	0.00111	0.00303	0.06823	0.00322	0.42089
2	0.01019	0.05882	0.04170	0.03025	0.03377	0.00968	0.07647	0.16394	0.30299	0.01696	0.11590	0.02794	0.04248	0.04414	0.00505	0.00145	0.00393	0.00494	0.00362	0.00577
3	0.00893	0.00753	0.01043	0.02609	0.05943	0.00913	0.02513	0.07682	0.00848	0.04897	0.03964	0.04548	0.06687	0.09697	0.10221	0.00241	0.35347	0.00483	0.00261	0.00458
4	0.00556	0.00386	0.00480	0.00527	0.00543	0.00379	0.00333	0.00600	0.00700	0.00938	0.01768	0.42244	0.02075	0.39810	0.06499	0.00307	0.00370	0.00871	0.00314	0.00300
5	0.05125	0.02711	0.21554	0.02645	0.21546	0.00869	0.07387	0.01484	0.04204	0.22721	0.01183	0.01237	0.04551	0.00453	0.00410	0.00129	0.00475	0.00395	0.00298	0.00623
6	0.00516	0.00414	0.00463	0.00479	0.00591	0.00360	0.00356	0.00633	0.00954	0.01196	0.15112	0.17938	0.53554	0.01070	0.00502	0.00146	0.00222	0.04741	0.00396	0.00356
7	0.00949	0.02658	0.02142	0.09058	0.05096	0.02292	0.00629	0.03782	0.00856	0.15783	0.04232	0.01692	0.01114	0.19793	0.23137	0.00335	0.05250	0.00458	0.00288	0.00455
8	0.01552	0.01980	0.01177	0.01070	0.01284	0.83735	0.00803	0.01659	0.01177	0.01017	0.00642	0.00749	0.00535	0.00428	0.00375	0.00107	0.00749	0.00268	0.00214	0.00482
9	0.01094	0.80746	0.06939	0.00739	0.01109	0.01604	0.00759	0.01248	0.00846	0.00997	0.00587	0.00679	0.00533	0.00358	0.00274	0.00091	0.00454	0.00227	0.00178	0.00538
10	0.01579	0.01163	0.01247	0.00956	0.01288	0.01288	0.00789	0.81426	0.01953	0.02618	0.00997	0.00997	0.00706	0.00499	0.00416	0.00125	0.00457	0.00374	0.00416	0.00706
11	0.00804	0.00634	0.00885	0.00803	0.00865	0.00790	0.00638	0.04961	0.00728	0.03991	0.00916	0.01373	0.00854	0.05759	0.38751	0.07878	0.28323	0.00414	0.00227	0.00406
12	0.01028	0.00987	0.01686	0.02550	0.82811	0.00987	0.01275	0.01275	0.00946	0.01357	0.00781	0.01028	0.00658	0.00370	0.00411	0.00123	0.00493	0.00370	0.00206	0.00658
13	0.00909	0.00909	0.01272	0.01091	0.01091	0.01272	0.00909	0.01000	0.00636	0.01000	0.00545	0.00909	0.00545	0.00727	0.01363	0.00182	0.84642	0.00364	0.00182	0.00454
14	0.01657	0.00765	0.01028	0.02911	0.06645	0.00715	0.00676	0.11954	0.01260	0.59734	0.07044	0.01443	0.01149	0.00523	0.00422	0.00128	0.00370	0.00431	0.00469	0.00676
15	0.37837	0.00874	0.00980	0.00869	0.03135	0.01087	0.00698	0.06495	0.02886	0.05125	0.00673	0.00858	0.00559	0.00545	0.00743	0.00151	0.35434	0.00311	0.00250	0.00491
16	0.00909	0.00909	0.01272	0.01091	0.01091	0.01272	0.00909	0.01000	0.00636	0.01000	0.00545	0.00909	0.00545	0.00727	0.01363	0.00182	0.84642	0.00364	0.00182	0.00454
17	0.04202	0.00867	0.06740	0.04022	0.02460	0.00843	0.03080	0.03504	0.02786	0.38904	0.01193	0.01297	0.00861	0.00708	0.05527	0.00175	0.19552	0.02330	0.00356	0.00592
18	0.61983	0.00875	0.04431	0.00673	0.00974	0.00883	0.05269	0.02834	0.00801	0.06329	0.00689	0.00781	0.00522	0.00384	0.00295	0.00121	0.00359	0.00261	0.00267	0.11271
19	0.00641	0.00521	0.00670	0.00683	0.00798	0.03174	0.04080	0.00804	0.00977	0.01256	0.14959	0.13551	0.20261	0.01040	0.00527	0.00163	0.00325	0.34806	0.00382	0.00383
20	0.01072	0.02716	0.10206	0.28816	0.11719	0.00888	0.11830	0.04296	0.00983	0.16838	0.02176	0.04844	0.00814	0.00465	0.00426	0.00134	0.00510	0.00426	0.00273	0.00566
21	0.34171	0.16216	0.11628	0.00745	0.01050	0.08057	0.00695	0.01348	0.08997	0.03474	0.00958	0.01016	0.05412	0.00452	0.00350	0.00122	0.02539	0.00310	0.00257	0.02204

[dist]
# distance from previous block
# <min> <max>
0	2

[block]
# block no. 2 follows, 64 sequences, length 19
# corresponding to MSA columns:
# 147-165
name=unknown_C
#
# <colnr> <probs for GDERKNQSTAVLIFYWHMCP>
#	G	D	E	R	K	N	Q	S	T	A	V	L	I	F	Y	W	H	M	C	P
0	0.02592	0.09076	0.09787	0.09276	0.03699	0.03362	0.02018	0.16441	0.21751	0.06717	0.02677	0.04040	0.00933	0.00497	0.00398	0.00126	0.00433	0.00403	0.00326	0.05449
1	0.01426	0.07383	0.02625	0.01053	0.03539	0.67274	0.00796	0.01587	0.03918	0.01088	0.05028	0.00906	0.00743	0.00448	0.00377	0.00109	0.00676	0.00301	0.00231	0.00493
2	0.00973	0.00880	0.04020	0.15952	0.19088	0.00913	0.00875	0.13658	0.19082	0.01615	0.13157	0.01598	0.05301	0.00545	0.00430	0.00132	0.00409	0.00471	0.00327	0.00575
3	0.03510	0.00855	0.00919	0.02318	0.05069	0.07599	0.02628	0.01652	0.37092	0.11135	0.01965	0.01889	0.17291	0.00711	0.03363	0.00154	0.00391	0.00514	0.00377	0.00566
4	0.00833	0.02149	0.83250	0.01184	0.01798	0.00965	0.01535	0.01315	0.00877	0.01315	0.00745	0.00877	0.00526	0.00395	0.00395	0.00132	0.00614	0.00307	0.00175	0.00614
5	0.01516	0.01132	0.01211	0.00943	0.01264	0.01259	0.00774	0.72267	0.11214	0.02516	0.01077	0.01061	0.00771	0.00506	0.00416	0.00127	0.00442	0.00385	0.00416	0.00701
6	0.00909	0.00909	0.01272	0.01091	0.01091	0.01272	0.00909	0.01000	0.00636	0.01000	0.00545	0.00909	0.00545	0.00727	0.01363	0.00182	0.84642	0.00364	0.00182	0.00454
7	0.00583	0.00402	0.00451	0.00458	0.00477	0.00392	0.00269	0.00601	0.00660	0.00863	0.01738	0.08887	0.11607	0.68864	0.01798	0.00353	0.00367	0.00680	0.00278	0.00270
8	0.00828	0.00789	0.01226	0.64338	0.06667	0.03517	0.02222	0.01105	0.03709	0.01085	0.00798	0.01197	0.00643	0.05605	0.00563	0.00155	0.04502	0.00385	0.00199	0.00468
9	0.00523	0.00396	0.00486	0.00534	0.00608	0.00358	0.00383	0.00631	0.00906	0.01178	0.14480	0.43781	0.27042	0.01151	0.00515	0.00156	0.00234	0.05890	0.00396	0.00352
10	0.00854	0.06724	0.55320	0.01138	0.06483	0.00949	0.01256	0.01337	0.09464	0.01343	0.04152	0.04523	0.00900	0.00489	0.00406	0.00133	0.00527	0.03183	0.00230	0.00588
11	0.00534	0.00426	0.00483	0.00491	0.00612	0.00375	0.00378	0.00669	0.00991	0.01252	0.20786	0.07045	0.52659	0.01030	0.00502	0.00146	0.00230	0.10626	0.00401	0.00363
12	0.00651	0.00503	0.00683	0.00607	0.00745	0.00472	0.05326	0.00906	0.06491	0.03206	0.57900	0.02990	0.16257	0.00826	0.00484	0.00133	0.00241	0.00730	0.00429	0.00419
13	0.01562	0.01115	0.01208	0.00934	0.01259	0.01226	0.00769	0.70930	0.07191	0.07897	0.01086	0.01061	0.00765	0.00504	0.00416	0.00126	0.00442	0.00383	0.00423	0.00703
14	0.04472	0.46542	0.15613	0.01032	0.07934	0.06814	0.06235	0.03612	0.00916	0.01179	0.00659	0.00780	0.00552	0.00372	0.00326	0.00106	0.00507	0.00274	0.00195	0.01881
15	0.07213	0.01148	0.21047	0.09564	0.13295	0.03023	0.05595	0.05184	0.02006	0.14676	0.07407	0.04560	0.02470	0.00500	0.00414	0.00132	0.00471	0.00428	0.00293	0.00574
16	0.00604	0.00403	0.00453	0.00453	0.00453	0.00403	0.00252	0.00604	0.00604	0.00805	0.01309	0.02718	0.01510	0.85402	0.02114	0.00403	0.00403	0.00604	0.00252	0.00252
17	0.01059	0.05194	0.24002	0.03211	0.17008	0.06046	0.14579	0.11767	0.02618	0.03669	0.02081	0.02369	0.03614	0.00446	0.00418	0.00128	0.00546	0.00399	0.00249	0.00597
18	0.81907	0.03662	0.00689	0.03893	0.00894	0.00955	0.00487	0.01215	0.00716	0.01802	0.00585	0.00692	0.00457	0.00386	0.00264	0.00128	0.00335	0.00231	0.00251	0.00453

[dist]
# distance from previous block
# <min> <max>
1	2

[block]
# block no. 3 follows, 64 sequences, length 18
# corresponding to MSA columns:
# 170-187
name=unknown_D
#
# <colnr> <probs for GDERKNQSTAVLIFYWHMCP>
#	G	D	E	R	K	N	Q	S	T	A	V	L	I	F	Y	W	H	M	C	P
0	0.04594	0.01107	0.01087	0.04072	0.08290	0.16554	0.00737	0.15761	0.20023	0.04397	0.01016	0.01060	0.00777	0.00443	0.00381	0.00113	0.00450	0.00345	0.00315	0.18479
1	0.00652	0.00490	0.00702	0.00710	0.00802	0.00478	0.06152	0.00865	0.08274	0.03738	0.04656	0.56933	0.02405	0.01110	0.00518	0.00164	0.00300	0.10268	0.00383	0.00401
2	0.00805	0.00666	0.00792	0.00616	0.00909	0.00529	0.00486	0.02804	0.00921	0.01386	0.10258	0.08998	0.01272	0.00504	0.00364	0.00087	0.00296	0.04192	0.00293	0.63823
3	0.01235	0.00912	0.01393	0.01520	0.29618	0.02596	0.11236	0.09588	0.05604	0.20528	0.01312	0.01531	0.04701	0.00509	0.00438	0.00133	0.00459	0.05729	0.00332	0.00625
4	0.00784	0.00738	0.01246	0.84404	0.02861	0.00923	0.01154	0.01061	0.00831	0.01061	0.00738	0.01107	0.00554	0.00415	0.00415	0.00138	0.00554	0.00369	0.00185	0.00461
5	0.00909	0.00909	0.01272	0.01091	0.01091	0.01272	0.00909	0.01000	0.00636	0.01000	0.00545	0.00909	0.00545	0.00727	0.01363	0.00182	0.84642	0.00364	0.00182	0.00454
6	0.00804	0.00764	0.01308	0.77441	0.06993	0.00930	0.03787	0.01081	0.00841	0.01085	0.00744	0.01104	0.00562	0.00411	0.00418	0.00138	0.00555	0.00373	0.00186	0.00475
7	0.00610	0.00443	0.00606	0.05774	0.00815	0.00437	0.01555	0.00742	0.02397	0.02812	0.04121	0.45900	0.06777	0.08831	0.00668	0.00188	0.00310	0.16286	0.00363	0.00365
8	0.00554	0.00423	0.00510	0.00496	0.00607	0.00379	0.00374	0.00715	0.01078	0.01445	0.50454	0.05953	0.31179	0.00943	0.00494	0.00137	0.00208	0.03248	0.00428	0.00376
9	0.00589	0.00436	0.00634	0.00640	0.00704	0.00496	0.00484	0.00718	0.00669	0.00954	0.01206	0.06971	0.01193	0.11268	0.70341	0.00610	0.00987	0.00507	0.00236	0.00357
10	0.06789	0.03108	0.01411	0.06542	0.16935	0.07028	0.11806	0.23496	0.10957	0.05158	0.00984	0.02234	0.00754	0.00453	0.00411	0.00128	0.00492	0.00392	0.00307	0.00614
11	0.00583	0.00507	0.05694	0.00620	0.00711	0.00408	0.00480	0.00716	0.02343	0.03389	0.02372	0.61530	0.11462	0.01171	0.00515	0.00163	0.00275	0.06308	0.00376	0.00375
12	0.00511	0.00370	0.00474	0.00555	0.00588	0.00343	0.00370	0.00582	0.00796	0.01049	0.02402	0.71937	0.10136	0.06998	0.00634	0.00182	0.00249	0.01113	0.00376	0.00333
13	0.02503	0.35205	0.09652	0.01208	0.15738	0.08490	0.06365	0.09334	0.01031	0.05772	0.00753	0.00863	0.00604	0.00391	0.00352	0.00110	0.00508	0.00305	0.00231	0.00586
14	0.01030	0.40585	0.29906	0.01001	0.04362	0.06268	0.02725	0.01289	0.00881	0.02278	0.01779	0.00822	0.00591	0.00400	0.00385	0.00113	0.04554	0.00282	0.00190	0.00560
15	0.00833	0.02039	0.76934	0.01146	0.01728	0.00950	0.01458	0.01337	0.04747	0.01330	0.00891	0.00999	0.02935	0.00422	0.00399	0.00132	0.00589	0.00331	0.00193	0.00608
16	0.00553	0.00412	0.00502	0.00554	0.00627	0.00383	0.00410	0.00652	0.00852	0.01085	0.02727	0.29729	0.27381	0.13174	0.00754	0.00198	0.00287	0.19016	0.00366	0.00340
17	0.04158	0.16728	0.10495	0.01486	0.27388	0.07082	0.07845	0.06346	0.03762	0.08487	0.00844	0.00969	0.00657	0.00405	0.00396	0.00120	0.01639	0.00342	0.00247	0.00606

[dist]
# distance from previous block
# <min> <max>
0	4

[block]
# block no. 4 follows, 64 sequences, length 16
# corresponding to MSA columns:
# 192-207
name=unknown_E
#
# <colnr> <probs for GDERKNQSTAVLIFYWHMCP>
#	G	D	E	R	K	N	Q	S	T	A	V	L	I	F	Y	W	H	M	C	P
0	0.62664	0.02790	0.04035	0.01011	0.16868	0.00964	0.03842	0.01240	0.00774	0.01704	0.00634	0.00769	0.00502	0.00381	0.00302	0.00127	0.00383	0.00267	0.00240	0.00503
1	0.00546	0.00413	0.00504	0.00502	0.00600	0.00371	0.00369	0.00695	0.01046	0.01408	0.46569	0.16880	0.26615	0.00983	0.00497	0.00140	0.00208	0.00858	0.00425	0.00371
2	0.00909	0.00909	0.01272	0.01091	0.01091	0.01272	0.00909	0.01000	0.00636	0.01000	0.00545	0.00909	0.00545	0.00727	0.01363	0.00182	0.84642	0.00364	0.00182	0.00454
3	0.08448	0.00749	0.00958	0.00741	0.01058	0.00686	0.00612	0.07932	0.01209	0.70843	0.01509	0.01326	0.00960	0.00503	0.00405	0.00128	0.00359	0.00400	0.00487	0.00687
4	0.00521	0.00379	0.00483	0.00556	0.00598	0.00352	0.00379	0.00601	0.00819	0.01077	0.05165	0.62797	0.12360	0.07673	0.00647	0.00183	0.00254	0.04443	0.00378	0.00336
5	0.01012	0.01114	0.02333	0.01676	0.02085	0.01061	0.74203	0.05271	0.04218	0.01409	0.00881	0.01131	0.00659	0.00366	0.00484	0.00139	0.00674	0.00484	0.00228	0.00571
6	0.00554	0.00403	0.00531	0.00607	0.00668	0.00380	0.00454	0.00670	0.00882	0.01161	0.08594	0.49373	0.10835	0.01201	0.00535	0.00169	0.00272	0.21965	0.00390	0.00355
7	0.00982	0.05288	0.01389	0.02783	0.35620	0.02393	0.07049	0.03825	0.20365	0.01467	0.08749	0.04951	0.02278	0.00513	0.00426	0.00130	0.00429	0.00471	0.00296	0.00597
8	0.01020	0.00759	0.00831	0.00756	0.00961	0.00839	0.00583	0.01855	0.55741	0.09866	0.01806	0.11342	0.03873	0.00653	0.00427	0.00139	0.00307	0.00553	0.07094	0.00595
9	0.00950	0.00894	0.01500	0.25624	0.54740	0.00948	0.01191	0.03066	0.00930	0.01290	0.00838	0.04632	0.00719	0.00426	0.00418	0.00130	0.00499	0.00404	0.00212	0.00590
10	0.06641	0.00882	0.00914	0.00816	0.01053	0.01014	0.00638	0.06008	0.69823	0.01766	0.01680	0.01558	0.04248	0.00567	0.00414	0.00139	0.00330	0.00464	0.00410	0.00635
11	0.02107	0.00844	0.07181	0.00756	0.01073	0.00679	0.05565	0.05955	0.08909	0.05941	0.14327	0.02604	0.03343	0.00486	0.00386	0.00102	0.00347	0.00415	0.00320	0.38659
12	0.02256	0.17183	0.20246	0.02118	0.13818	0.06361	0.03102	0.07995	0.04400	0.10530	0.00933	0.01010	0.02087	0.00420	0.00375	0.00116	0.00490	0.00334	0.00261	0.05964
13	0.00833	0.02149	0.83250	0.01184	0.01798	0.00965	0.01535	0.01315	0.00877	0.01315	0.00745	0.00877	0.00526	0.00395	0.00395	0.00132	0.00614	0.00307	0.00175	0.00614
14	0.00859	0.00718	0.05066	0.00844	0.01006	0.00691	0.12497	0.04731	0.03078	0.06489	0.04606	0.01715	0.10038	0.07843	0.08040	0.20673	0.09944	0.00485	0.00268	0.00411
15	0.01196	0.04279	0.16802	0.05367	0.08424	0.14206	0.02516	0.08346	0.03149	0.16962	0.01408	0.01496	0.10789	0.00534	0.00415	0.00128	0.00491	0.02610	0.00309	0.00573

[dist]
# distance from previous block
# <min> <max>
0	24

# created by:
# /st0/software/busco_prod/Augustus/scripts/msa2prfl.pl ./align_prep/38778.fa
