[name]
unknown

[dist]
# distance from previous block
# <min> <max>
1	74

[block]
# block no. 0 follows, 66 sequences, length 12
# corresponding to MSA columns:
# 83-94
name=unknown_A
#
# <colnr> <probs for GDERKNQSTAVLIFYWHMCP>
#	G	D	E	R	K	N	Q	S	T	A	V	L	I	F	Y	W	H	M	C	P
0	0.07397	0.06110	0.11896	0.01095	0.12103	0.02521	0.06662	0.08606	0.09489	0.06875	0.02012	0.02262	0.03483	0.00515	0.02221	0.00132	0.05282	0.00373	0.00275	0.10691
1	0.04826	0.10785	0.14395	0.04149	0.10179	0.04603	0.04152	0.03240	0.09609	0.06976	0.03352	0.03605	0.00879	0.05358	0.01748	0.00139	0.00449	0.00377	0.00263	0.10916
2	0.00940	0.02704	0.10972	0.03128	0.08034	0.10314	0.04128	0.02273	0.03827	0.08651	0.03175	0.19410	0.04739	0.02254	0.00444	0.00128	0.00415	0.00539	0.00293	0.13632
3	0.02563	0.10363	0.08303	0.10363	0.06049	0.06668	0.04359	0.04542	0.06536	0.11020	0.04520	0.04172	0.03291	0.00574	0.02456	0.00135	0.03198	0.03372	0.00283	0.07230
4	0.03729	0.19986	0.07320	0.03317	0.09769	0.04999	0.00783	0.13681	0.10099	0.12061	0.03116	0.02771	0.02773	0.00466	0.00368	0.00115	0.00423	0.00366	0.00303	0.03555
5	0.06586	0.17686	0.04632	0.02508	0.06029	0.02963	0.03654	0.05558	0.03713	0.04986	0.03936	0.14480	0.01063	0.00530	0.00365	0.00110	0.00378	0.00441	0.00275	0.20108
6	0.06216	0.06102	0.24168	0.01127	0.07962	0.12378	0.08085	0.12086	0.04272	0.03441	0.03302	0.02527	0.02682	0.00488	0.01426	0.00130	0.02429	0.00367	0.00253	0.00559
7	0.03997	0.04358	0.07258	0.05129	0.01055	0.03277	0.05112	0.08194	0.03825	0.07883	0.24464	0.12373	0.04862	0.00735	0.02616	0.00142	0.00372	0.00578	0.00348	0.03423
8	0.04091	0.05167	0.19350	0.01024	0.05819	0.03771	0.14393	0.03667	0.03050	0.05145	0.18642	0.04683	0.05375	0.00545	0.00419	0.00126	0.00440	0.00486	0.00290	0.03517
9	0.02814	0.00993	0.06555	0.04341	0.19618	0.07664	0.04271	0.04352	0.25817	0.04235	0.06661	0.04453	0.04378	0.00535	0.00416	0.00130	0.00422	0.01460	0.00314	0.00570
10	0.06089	0.44713	0.07992	0.03522	0.05559	0.08808	0.04705	0.04078	0.04396	0.03963	0.00709	0.00804	0.00582	0.00378	0.00319	0.00104	0.00475	0.00275	0.00215	0.02315
11	0.00954	0.08688	0.05881	0.06417	0.45182	0.00936	0.01008	0.05363	0.02688	0.01346	0.04776	0.03261	0.02913	0.00431	0.00388	0.00115	0.00439	0.00386	0.00235	0.08593

[dist]
# distance from previous block
# <min> <max>
0	1

[block]
# block no. 1 follows, 66 sequences, length 6
# corresponding to MSA columns:
# 96-101
name=unknown_B
#
# <colnr> <probs for GDERKNQSTAVLIFYWHMCP>
#	G	D	E	R	K	N	Q	S	T	A	V	L	I	F	Y	W	H	M	C	P
0	0.03098	0.03372	0.01306	0.01433	0.28698	0.19653	0.04675	0.03265	0.13178	0.04095	0.00885	0.00996	0.00703	0.00401	0.00378	0.00111	0.00488	0.00337	0.00255	0.12671
1	0.11746	0.00764	0.10838	0.00893	0.13586	0.00610	0.00656	0.00950	0.00984	0.01496	0.38262	0.02146	0.10392	0.00643	0.00419	0.00124	0.00308	0.00549	0.00334	0.04299
2	0.05020	0.26840	0.19471	0.00906	0.01271	0.17240	0.00888	0.17680	0.01122	0.04968	0.00740	0.00809	0.00571	0.00406	0.00344	0.00110	0.00521	0.00282	0.00245	0.00566
3	0.00628	0.00472	0.00612	0.00718	0.10897	0.00471	0.00407	0.00686	0.00679	0.00909	0.01538	0.02487	0.11254	0.55925	0.10357	0.00355	0.00455	0.00577	0.00253	0.00320
4	0.00905	0.00682	0.00937	0.00797	0.00997	0.00696	0.10727	0.01422	0.29086	0.11183	0.21472	0.12149	0.05793	0.00696	0.00452	0.00137	0.00322	0.00625	0.00399	0.00521
5	0.00964	0.11723	0.08870	0.12508	0.24275	0.04409	0.03374	0.03669	0.03230	0.01258	0.00741	0.00924	0.00602	0.00378	0.00394	0.00109	0.03260	0.00314	0.00212	0.18786

[dist]
# distance from previous block
# <min> <max>
2	12

[block]
# block no. 2 follows, 66 sequences, length 47
# corresponding to MSA columns:
# 114-160
name=unknown_C
#
# <colnr> <probs for GDERKNQSTAVLIFYWHMCP>
#	G	D	E	R	K	N	Q	S	T	A	V	L	I	F	Y	W	H	M	C	P
0	0.01167	0.10518	0.14110	0.02540	0.16967	0.09917	0.04544	0.17177	0.08011	0.05299	0.00876	0.00965	0.00668	0.00413	0.00380	0.00116	0.00495	0.00335	0.00268	0.05232
1	0.00625	0.00483	0.00535	0.00533	0.00576	0.04829	0.00355	0.00690	0.00721	0.00955	0.10906	0.08598	0.04093	0.45632	0.18390	0.00375	0.00512	0.00608	0.00275	0.00307
2	0.00968	0.00938	0.01709	0.09757	0.51029	0.00935	0.19841	0.01231	0.00938	0.03122	0.04923	0.01142	0.00795	0.00388	0.00424	0.00126	0.00517	0.00408	0.00219	0.00591
3	0.00592	0.00413	0.00528	0.00536	0.00567	0.00437	0.00365	0.00655	0.00639	0.00872	0.01287	0.02466	0.01395	0.51780	0.28742	0.00461	0.00618	0.07106	0.00247	0.00294
4	0.03028	0.00439	0.00626	0.00624	0.00693	0.00505	0.00474	0.00721	0.00646	0.00948	0.01095	0.01694	0.01053	0.12825	0.72021	0.00607	0.00983	0.00447	0.00222	0.00351
5	0.00841	0.00721	0.00841	0.00601	0.00961	0.00541	0.00481	0.01022	0.00841	0.01322	0.00721	0.00841	0.00601	0.00300	0.00300	0.00060	0.00300	0.00240	0.00240	0.88222
6	0.01078	0.83815	0.04236	0.00706	0.01060	0.01588	0.00715	0.01217	0.00825	0.00963	0.00568	0.00656	0.00520	0.00348	0.00264	0.00088	0.00438	0.00219	0.00173	0.00523
7	0.01237	0.21276	0.03389	0.05325	0.13065	0.36946	0.00855	0.03344	0.06919	0.01128	0.00719	0.00838	0.00596	0.00410	0.00374	0.00109	0.02437	0.00290	0.00216	0.00526
8	0.00841	0.00721	0.00841	0.00601	0.00961	0.00541	0.00481	0.01022	0.00841	0.01322	0.00721	0.00841	0.00601	0.00300	0.00300	0.00060	0.00300	0.00240	0.00240	0.88222
9	0.00930	0.08190	0.34308	0.01070	0.07800	0.05368	0.01027	0.01527	0.26671	0.01384	0.04518	0.03541	0.00955	0.00478	0.00392	0.00127	0.00469	0.00389	0.00270	0.00587
10	0.01373	0.08183	0.04323	0.03795	0.01402	0.20824	0.11712	0.31805	0.03753	0.07603	0.00886	0.00951	0.00654	0.00436	0.00394	0.00118	0.00543	0.00347	0.00305	0.00592
11	0.07361	0.00981	0.10072	0.08311	0.05527	0.03364	0.01952	0.08345	0.10671	0.08535	0.01068	0.01338	0.02903	0.02439	0.00598	0.00142	0.15412	0.04931	0.00283	0.05767
12	0.00689	0.00600	0.03206	0.20047	0.03917	0.00625	0.00663	0.04517	0.02272	0.01177	0.10714	0.26041	0.03123	0.07971	0.03859	0.01353	0.04765	0.03757	0.00300	0.00404
13	0.01120	0.01180	0.01150	0.01006	0.01100	0.26957	0.00806	0.02288	0.02930	0.05036	0.00768	0.03720	0.02115	0.00626	0.00908	0.00149	0.47085	0.00366	0.00222	0.00467
14	0.00945	0.00944	0.04219	0.18969	0.53201	0.00961	0.03541	0.03459	0.00912	0.01276	0.00828	0.01079	0.02556	0.00408	0.00455	0.00128	0.04958	0.00374	0.00205	0.00583
15	0.00689	0.11273	0.00927	0.08394	0.03290	0.00688	0.02489	0.01953	0.00762	0.01029	0.05293	0.03879	0.05453	0.08741	0.41903	0.00406	0.00740	0.01456	0.00239	0.00397
16	0.01022	0.00848	0.01323	0.28378	0.18384	0.04923	0.11080	0.04372	0.00964	0.12601	0.01096	0.07348	0.02791	0.00502	0.00426	0.00133	0.00491	0.02520	0.00266	0.00532
17	0.00608	0.00392	0.00474	0.00485	0.00497	0.00389	0.00303	0.00599	0.00624	0.00825	0.01369	0.05342	0.03836	0.59609	0.01765	0.14861	0.00374	0.07143	0.00253	0.00250
18	0.01210	0.00672	0.00905	0.04421	0.01050	0.00650	0.04857	0.09336	0.06473	0.33958	0.06552	0.08974	0.09417	0.03115	0.01758	0.00151	0.00362	0.05175	0.00412	0.00551
19	0.01954	0.03785	0.00832	0.00717	0.00902	0.05548	0.00576	0.05184	0.14927	0.18532	0.12717	0.11137	0.05111	0.00754	0.00464	0.00141	0.01663	0.14151	0.00398	0.00509
20	0.01004	0.00964	0.01647	0.02490	0.83211	0.00964	0.01245	0.01245	0.00924	0.01325	0.00763	0.01004	0.00643	0.00361	0.00402	0.00120	0.00482	0.00361	0.00201	0.00643
21	0.25395	0.15612	0.28190	0.00896	0.01287	0.01008	0.07927	0.01290	0.02755	0.06615	0.00813	0.01028	0.00645	0.00422	0.00346	0.00124	0.00465	0.04415	0.00234	0.00532
22	0.01135	0.10059	0.05267	0.00750	0.01104	0.00763	0.04892	0.04630	0.02897	0.20590	0.00946	0.00983	0.00701	0.00377	0.00353	0.00091	0.01280	0.00304	0.00299	0.42577
23	0.07797	0.01091	0.01150	0.00896	0.01208	0.01214	0.00737	0.69907	0.08004	0.02438	0.00996	0.00993	0.00714	0.00484	0.00395	0.00123	0.00427	0.00362	0.00395	0.00668
24	0.00946	0.01045	0.06294	0.10259	0.37417	0.00974	0.33173	0.01242	0.00923	0.01283	0.00801	0.01094	0.00641	0.00371	0.00434	0.00130	0.00573	0.01620	0.00202	0.00579
25	0.00584	0.00416	0.00555	0.00555	0.00594	0.00454	0.00386	0.00662	0.00623	0.00870	0.01175	0.02085	0.01227	0.41312	0.46157	0.00532	0.00766	0.00507	0.00231	0.00308
26	0.00581	0.00431	0.00633	0.00633	0.00699	0.00497	0.00484	0.00713	0.00647	0.00928	0.01104	0.01688	0.01055	0.10369	0.76863	0.00629	0.01025	0.00448	0.00220	0.00352
27	0.01106	0.81763	0.02077	0.00712	0.01052	0.05751	0.00699	0.01235	0.00841	0.00956	0.00567	0.00655	0.00521	0.00351	0.00266	0.00088	0.00449	0.00219	0.00175	0.00518
28	0.00841	0.00721	0.00841	0.00601	0.00961	0.00541	0.00481	0.01022	0.00841	0.01322	0.00721	0.00841	0.00601	0.00300	0.00300	0.00060	0.00300	0.00240	0.00240	0.88222
29	0.00756	0.00378	0.00378	0.00378	0.00473	0.00378	0.00284	0.00945	0.00851	0.01513	0.01324	0.01513	0.01040	0.00473	0.00284	0.00095	0.00189	0.00378	0.87994	0.00378
30	0.03116	0.02563	0.25327	0.05472	0.05981	0.00929	0.25482	0.03242	0.00935	0.14165	0.00900	0.01083	0.00663	0.03085	0.00519	0.00141	0.05193	0.00388	0.00246	0.00570
31	0.00808	0.01934	0.73593	0.01182	0.03625	0.00914	0.05117	0.01247	0.00859	0.01273	0.00813	0.05339	0.00636	0.00430	0.00397	0.00131	0.00581	0.00355	0.00184	0.00584
32	0.01470	0.01046	0.01133	0.00888	0.01193	0.01150	0.00728	0.62344	0.13219	0.08825	0.01128	0.01095	0.00801	0.00497	0.00404	0.00124	0.00415	0.00382	0.02481	0.00676
33	0.01419	0.01007	0.05306	0.15784	0.03314	0.01024	0.00842	0.43778	0.01471	0.20366	0.01053	0.01079	0.00724	0.00468	0.00405	0.00125	0.00449	0.00371	0.00371	0.00642
34	0.00967	0.01001	0.03650	0.08305	0.33813	0.04957	0.28086	0.01230	0.00934	0.03196	0.00933	0.05450	0.00810	0.00448	0.00439	0.00132	0.00548	0.04318	0.00225	0.00559
35	0.00852	0.00500	0.00695	0.00733	0.00861	0.00482	0.00629	0.01027	0.00966	0.15782	0.02056	0.08405	0.02118	0.01019	0.00531	0.00175	0.00361	0.61985	0.00397	0.00427
36	0.01590	0.01059	0.01170	0.00897	0.01220	0.01144	0.00741	0.68074	0.01779	0.16523	0.01082	0.01044	0.00744	0.00490	0.00406	0.00122	0.00429	0.00373	0.00422	0.00690
37	0.00579	0.00435	0.00530	0.02532	0.00672	0.00422	0.00417	0.00727	0.04509	0.01102	0.07961	0.19638	0.21820	0.19736	0.00848	0.00208	0.00299	0.16872	0.00349	0.00344
38	0.01073	0.05863	0.01408	0.28537	0.27775	0.18314	0.03165	0.03058	0.02365	0.03569	0.00756	0.00974	0.00599	0.00396	0.00390	0.00121	0.00548	0.00338	0.00211	0.00538
39	0.00756	0.00378	0.00378	0.00378	0.00473	0.00378	0.00284	0.00945	0.00851	0.01513	0.01324	0.01513	0.01040	0.00473	0.00284	0.00095	0.00189	0.00378	0.87994	0.00378
40	0.00540	0.00387	0.00521	0.00607	0.00654	0.00368	0.00447	0.00647	0.00840	0.01115	0.06644	0.58846	0.03913	0.01204	0.00526	0.00168	0.00268	0.21581	0.00380	0.00344
41	0.00823	0.11563	0.55405	0.00982	0.01438	0.00916	0.01170	0.01196	0.02922	0.03038	0.00959	0.09181	0.01778	0.00643	0.05106	0.01178	0.00552	0.00395	0.00210	0.00546
42	0.00854	0.03019	0.02602	0.51851	0.02168	0.07526	0.06795	0.04491	0.02570	0.01137	0.00950	0.10242	0.00845	0.00520	0.00420	0.00136	0.00519	0.02668	0.00225	0.00462
43	0.01393	0.01684	0.01172	0.01043	0.01217	0.63322	0.00804	0.05729	0.01085	0.01072	0.00627	0.00775	0.00533	0.00480	0.00559	0.00120	0.17410	0.00285	0.00213	0.00477
44	0.02380	0.28970	0.04063	0.05468	0.01451	0.24450	0.19293	0.01327	0.00946	0.01096	0.00664	0.00817	0.00548	0.00367	0.00354	0.00106	0.00574	0.00301	0.00197	0.06629
45	0.00751	0.18546	0.12475	0.00794	0.02848	0.00826	0.04130	0.00923	0.00727	0.00994	0.00940	0.02416	0.00897	0.14773	0.33839	0.00370	0.02717	0.00402	0.00206	0.00426
46	0.01118	0.71038	0.05409	0.00801	0.03378	0.10477	0.00753	0.01262	0.00864	0.00983	0.00583	0.00678	0.00524	0.00357	0.00281	0.00091	0.00474	0.00229	0.00178	0.00522

[dist]
# distance from previous block
# <min> <max>
0	4

[block]
# block no. 3 follows, 66 sequences, length 25
# corresponding to MSA columns:
# 165-189
name=unknown_D
#
# <colnr> <probs for GDERKNQSTAVLIFYWHMCP>
#	G	D	E	R	K	N	Q	S	T	A	V	L	I	F	Y	W	H	M	C	P
0	0.00917	0.00875	0.01489	0.32737	0.53648	0.00941	0.01202	0.01168	0.00882	0.01219	0.00748	0.01033	0.00605	0.00378	0.00403	0.00126	0.00504	0.00361	0.00193	0.00572
1	0.01051	0.16777	0.16520	0.00900	0.02596	0.01045	0.03119	0.17204	0.14492	0.05314	0.01024	0.02453	0.00812	0.00871	0.13837	0.00206	0.00554	0.00370	0.00285	0.00571
2	0.00733	0.00629	0.03918	0.05059	0.07055	0.02478	0.05774	0.00933	0.01002	0.05024	0.31444	0.11673	0.03805	0.00816	0.00482	0.00144	0.00341	0.17896	0.00362	0.00431
3	0.00756	0.00378	0.00378	0.00378	0.00473	0.00378	0.00284	0.00945	0.00851	0.01513	0.01324	0.01513	0.01040	0.00473	0.00284	0.00095	0.00189	0.00378	0.87994	0.00378
4	0.06225	0.00966	0.05502	0.07693	0.11126	0.00923	0.36666	0.01259	0.02628	0.07973	0.00971	0.03239	0.02618	0.00547	0.03994	0.00158	0.06294	0.00442	0.00239	0.00536
5	0.00944	0.23468	0.53022	0.01054	0.01561	0.01101	0.06735	0.01303	0.00871	0.05337	0.00736	0.00846	0.00547	0.00379	0.00361	0.00118	0.00550	0.00296	0.00191	0.00580
6	0.00584	0.00418	0.00568	0.00568	0.00612	0.00462	0.00403	0.00671	0.00627	0.00880	0.01163	0.02018	0.01198	0.36083	0.51346	0.00549	0.00810	0.00497	0.00229	0.00316
7	0.00590	0.00393	0.00442	0.00442	0.00442	0.00393	0.00246	0.00590	0.00590	0.00787	0.01278	0.02655	0.01475	0.85742	0.02065	0.00393	0.00393	0.00590	0.00246	0.00246
8	0.01059	0.57541	0.04222	0.08972	0.07165	0.01379	0.06574	0.01235	0.00850	0.04621	0.00661	0.00792	0.00559	0.00370	0.00336	0.00102	0.02560	0.00274	0.00193	0.00532
9	0.01758	0.00677	0.00917	0.00707	0.01013	0.00584	0.00583	0.01912	0.01150	0.79654	0.01717	0.01498	0.04826	0.00527	0.00411	0.00126	0.00339	0.00429	0.00496	0.00674
10	0.00580	0.00433	0.00645	0.00645	0.00715	0.00503	0.00499	0.00720	0.00650	0.00937	0.01093	0.01628	0.01029	0.05696	0.81501	0.00644	0.01064	0.00440	0.00218	0.00359
11	0.00835	0.00787	0.01311	0.60933	0.22668	0.00921	0.01136	0.01134	0.04174	0.01135	0.00770	0.01080	0.00595	0.00401	0.00405	0.00132	0.00517	0.00365	0.00195	0.00506
12	0.00841	0.10446	0.75528	0.01110	0.01685	0.01008	0.01419	0.01278	0.00853	0.01252	0.00712	0.00836	0.00515	0.00382	0.00373	0.00124	0.00583	0.00292	0.00172	0.00592
13	0.00756	0.00378	0.00378	0.00378	0.00473	0.00378	0.00284	0.00945	0.00851	0.01513	0.01324	0.01513	0.01040	0.00473	0.00284	0.00095	0.00189	0.00378	0.87994	0.00378
14	0.00992	0.00943	0.01588	0.11314	0.69410	0.00967	0.02609	0.03374	0.02440	0.01333	0.00782	0.01023	0.00643	0.00373	0.00404	0.00123	0.00488	0.00365	0.00208	0.00621
15	0.01029	0.00949	0.01601	0.03907	0.73253	0.00952	0.03187	0.01307	0.04261	0.04396	0.00831	0.01043	0.00678	0.00375	0.00404	0.00122	0.00476	0.00370	0.00220	0.00638
16	0.00997	0.25571	0.19795	0.01107	0.01490	0.01112	0.24310	0.03837	0.00920	0.05630	0.00867	0.01196	0.00725	0.02332	0.00454	0.00130	0.02890	0.05873	0.00223	0.00542
17	0.00675	0.00363	0.00506	0.00506	0.00506	0.00363	0.00324	0.00545	0.00545	0.00726	0.00855	0.01606	0.00907	0.23509	0.01711	0.65187	0.00363	0.00415	0.00194	0.00194
18	0.00678	0.00435	0.00552	0.00583	0.00647	0.00420	0.00418	0.03332	0.00824	0.07101	0.01940	0.38226	0.04573	0.23291	0.00918	0.00223	0.00315	0.14816	0.00352	0.00354
19	0.01156	0.05842	0.13472	0.11641	0.16329	0.08393	0.11404	0.04340	0.02639	0.17059	0.00963	0.02361	0.00725	0.00431	0.00404	0.00125	0.00516	0.01351	0.00268	0.00581
20	0.01253	0.00958	0.06001	0.03291	0.28195	0.00878	0.13864	0.07475	0.02887	0.25770	0.01083	0.01219	0.00793	0.00441	0.00437	0.00129	0.02015	0.02371	0.00313	0.00628
21	0.00829	0.00782	0.01321	0.56322	0.27448	0.00899	0.01135	0.01083	0.00845	0.01125	0.00790	0.04202	0.00652	0.00424	0.00409	0.00132	0.00511	0.00390	0.00194	0.00505
22	0.00856	0.00828	0.01314	0.57603	0.24070	0.04304	0.01128	0.01110	0.00862	0.01125	0.02548	0.01090	0.00640	0.00404	0.00405	0.00130	0.00525	0.00365	0.00193	0.00501
23	0.02880	0.01132	0.10737	0.12590	0.26543	0.07047	0.20278	0.03714	0.02013	0.05156	0.00855	0.01130	0.00676	0.00407	0.00419	0.00129	0.00553	0.02946	0.00226	0.00568
24	0.11040	0.50914	0.01674	0.00852	0.05905	0.16750	0.00709	0.03861	0.00909	0.01135	0.00642	0.02793	0.00578	0.00392	0.00298	0.00099	0.00474	0.00262	0.00203	0.00510

[dist]
# distance from previous block
# <min> <max>
0	27

# created by:
# /st0/software/busco_prod/Augustus/scripts/msa2prfl.pl ./align_prep/38787.fa
