[name]
unknown

[dist]
# distance from previous block
# <min> <max>
2	13

[block]
# block no. 0 follows, 65 sequences, length 9
# corresponding to MSA columns:
# 14-22
name=unknown_A
#
# <colnr> <probs for GDERKNQSTAVLIFYWHMCP>
#	G	D	E	R	K	N	Q	S	T	A	V	L	I	F	Y	W	H	M	C	P
0	0.09162	0.18140	0.27970	0.00943	0.01340	0.09790	0.04593	0.07729	0.05564	0.03971	0.00817	0.02816	0.00646	0.00421	0.00358	0.00117	0.00506	0.00318	0.00238	0.04562
1	0.14472	0.01000	0.01149	0.00964	0.04053	0.08209	0.09931	0.25148	0.08622	0.09842	0.05557	0.02992	0.00984	0.00508	0.00402	0.00128	0.00440	0.02944	0.00347	0.02307
2	0.00921	0.31943	0.54483	0.01003	0.01519	0.01192	0.01227	0.01275	0.00855	0.01181	0.00678	0.00792	0.00522	0.00376	0.00345	0.00115	0.00547	0.00273	0.00174	0.00578
3	0.01063	0.64418	0.18845	0.00816	0.01213	0.05575	0.00875	0.01264	0.00857	0.01037	0.00608	0.00705	0.00525	0.00363	0.00295	0.00097	0.00488	0.00239	0.00177	0.00541
4	0.00521	0.00387	0.00486	0.00526	0.00593	0.00352	0.00370	0.00634	0.00924	0.01234	0.26072	0.45723	0.18458	0.01109	0.00505	0.00150	0.00219	0.00986	0.00402	0.00352
5	0.01426	0.01083	0.01156	0.00917	0.01222	0.01210	0.00748	0.61804	0.21990	0.02370	0.01157	0.01122	0.00837	0.00509	0.00412	0.00127	0.00420	0.00393	0.00412	0.00686
6	0.00500	0.00357	0.00476	0.00572	0.00595	0.00333	0.00381	0.00572	0.00786	0.01048	0.02262	0.85306	0.02715	0.01286	0.00524	0.00167	0.00238	0.01167	0.00381	0.00333
7	0.00851	0.00730	0.00851	0.00608	0.00973	0.00547	0.00486	0.01034	0.00851	0.01338	0.00730	0.00851	0.00608	0.00304	0.00304	0.00061	0.00304	0.00243	0.00243	0.88083
8	0.00982	0.00941	0.01605	0.14103	0.71695	0.00966	0.01243	0.01230	0.00919	0.01300	0.00766	0.01027	0.00636	0.00372	0.00407	0.00124	0.00496	0.00366	0.00200	0.00623

[dist]
# distance from previous block
# <min> <max>
0	2

[block]
# block no. 1 follows, 65 sequences, length 10
# corresponding to MSA columns:
# 25-34
name=unknown_B
#
# <colnr> <probs for GDERKNQSTAVLIFYWHMCP>
#	G	D	E	R	K	N	Q	S	T	A	V	L	I	F	Y	W	H	M	C	P
0	0.00669	0.00439	0.00577	0.00531	0.00644	0.00402	0.00402	0.00861	0.01163	0.07372	0.77104	0.02949	0.03673	0.00816	0.00479	0.00129	0.00205	0.00719	0.00456	0.00409
1	0.00969	0.01107	0.02422	0.01730	0.02145	0.01038	0.81522	0.01315	0.00969	0.01315	0.00830	0.01107	0.00623	0.00346	0.00484	0.00138	0.00692	0.00484	0.00208	0.00554
2	0.01016	0.00975	0.01666	0.02520	0.83013	0.00975	0.01260	0.01260	0.00935	0.01341	0.00772	0.01016	0.00650	0.00366	0.00406	0.00122	0.00488	0.00366	0.00203	0.00650
3	0.00500	0.00415	0.00438	0.00446	0.00574	0.00354	0.00336	0.00611	0.00940	0.01142	0.08627	0.08814	0.69782	0.01047	0.00491	0.00142	0.00216	0.04391	0.00385	0.00350
4	0.00495	0.00412	0.00432	0.00437	0.00563	0.00349	0.00324	0.00604	0.00944	0.01151	0.10896	0.10193	0.69707	0.01041	0.00488	0.00140	0.00209	0.00879	0.00387	0.00349
5	0.16402	0.01100	0.01094	0.00867	0.01171	0.05751	0.00709	0.56073	0.05363	0.06090	0.00957	0.00962	0.00686	0.00473	0.00382	0.00124	0.00434	0.00345	0.00378	0.00640
6	0.00823	0.02123	0.83447	0.01170	0.01777	0.00953	0.01517	0.01300	0.00867	0.01300	0.00737	0.00867	0.00520	0.00390	0.00390	0.00130	0.00607	0.00303	0.00173	0.00607
7	0.00593	0.00432	0.00495	0.00471	0.00603	0.00376	0.00356	0.00734	0.01035	0.05628	0.34198	0.03477	0.48251	0.00935	0.00481	0.00134	0.00210	0.00795	0.00415	0.00381
8	0.00498	0.00367	0.00466	0.00546	0.00589	0.00336	0.00369	0.00574	0.00811	0.01058	0.02580	0.71697	0.16120	0.01245	0.00517	0.00162	0.00233	0.01117	0.00381	0.00336
9	0.00955	0.20068	0.14116	0.00732	0.01129	0.00879	0.00710	0.03897	0.00896	0.03660	0.00729	0.00831	0.00591	0.00340	0.00315	0.00082	0.00388	0.00257	0.00230	0.49194

[dist]
# distance from previous block
# <min> <max>
0	1

[block]
# block no. 2 follows, 65 sequences, length 76
# corresponding to MSA columns:
# 36-111
name=unknown_C
#
# <colnr> <probs for GDERKNQSTAVLIFYWHMCP>
#	G	D	E	R	K	N	Q	S	T	A	V	L	I	F	Y	W	H	M	C	P
0	0.01269	0.03798	0.01314	0.01212	0.16268	0.08571	0.04731	0.35826	0.04806	0.01848	0.00878	0.00964	0.00673	0.00421	0.00387	0.00111	0.00465	0.00342	0.00308	0.15807
1	0.01025	0.62950	0.19335	0.00797	0.01185	0.02846	0.00858	0.01224	0.00837	0.01030	0.00638	0.00791	0.00567	0.03995	0.00370	0.00110	0.00478	0.00254	0.00179	0.00531
2	0.00533	0.00402	0.00476	0.00515	0.00580	0.00376	0.00353	0.00646	0.03525	0.01074	0.06068	0.41135	0.26071	0.13765	0.02373	0.00200	0.00271	0.00938	0.00362	0.00338
3	0.04822	0.00858	0.00943	0.00798	0.01050	0.00938	0.00639	0.20356	0.37990	0.14799	0.05738	0.01525	0.01220	0.00557	0.00412	0.00133	0.00348	0.02915	0.03332	0.00629
4	0.00574	0.00401	0.00449	0.00450	0.00480	0.00386	0.00272	0.00605	0.00692	0.00905	0.06383	0.05670	0.15494	0.63651	0.01675	0.00331	0.00349	0.00670	0.00287	0.00276
5	0.05754	0.01078	0.01112	0.00890	0.01187	0.04970	0.00723	0.52570	0.16705	0.07996	0.01137	0.02138	0.00828	0.00507	0.00404	0.00126	0.00425	0.00388	0.00402	0.00662
6	0.00991	0.00950	0.01622	0.10899	0.74826	0.00969	0.01248	0.01238	0.00923	0.01311	0.00768	0.01024	0.00640	0.00370	0.00407	0.00123	0.00494	0.00366	0.00201	0.00630
7	0.00894	0.23635	0.62552	0.01050	0.01591	0.01126	0.01307	0.01282	0.00858	0.01214	0.00694	0.00813	0.00522	0.00380	0.00357	0.00119	0.00564	0.00282	0.00174	0.00586
8	0.04164	0.00762	0.00970	0.00755	0.01065	0.00713	0.00621	0.10166	0.07460	0.66486	0.01529	0.01345	0.00986	0.00507	0.00409	0.00128	0.00357	0.00407	0.00484	0.00688
9	0.00783	0.00737	0.01245	0.81970	0.05385	0.00914	0.01144	0.01056	0.00824	0.01058	0.00731	0.01092	0.00550	0.00409	0.00410	0.00136	0.00545	0.00365	0.00183	0.00462
10	0.00894	0.23765	0.62427	0.01049	0.01590	0.01127	0.01306	0.01282	0.00858	0.01214	0.00694	0.00813	0.00522	0.00380	0.00357	0.00119	0.00563	0.00282	0.00174	0.00586
11	0.01226	0.00585	0.00737	0.00620	0.00846	0.00516	0.00497	0.04146	0.01102	0.42981	0.08081	0.05951	0.26706	0.00750	0.00450	0.00134	0.00294	0.03384	0.00452	0.00541
12	0.00499	0.00396	0.00449	0.00479	0.00574	0.00346	0.00343	0.00600	0.00904	0.01136	0.10563	0.31974	0.48077	0.01107	0.00498	0.00147	0.00217	0.00959	0.00387	0.00346
13	0.00596	0.00511	0.00523	0.00503	0.00660	0.00484	0.00382	0.00916	0.17478	0.01243	0.05156	0.03442	0.64746	0.00938	0.00471	0.00139	0.00231	0.00782	0.00390	0.00409
14	0.00896	0.11339	0.59522	0.01315	0.12785	0.02416	0.03608	0.01293	0.00880	0.01264	0.00724	0.00868	0.00542	0.00382	0.00380	0.00124	0.00576	0.00307	0.00179	0.00600
15	0.04719	0.00606	0.00635	0.00552	0.00722	0.00636	0.00435	0.21026	0.01133	0.06021	0.01260	0.03767	0.00985	0.00503	0.00330	0.00107	0.00271	0.00397	0.55417	0.00478
16	0.34878	0.00683	0.00624	0.00547	0.00747	0.00755	0.00439	0.15881	0.00994	0.01845	0.00977	0.01096	0.00752	0.00443	0.00297	0.00113	0.00288	0.00318	0.37860	0.00465
17	0.00501	0.00416	0.00437	0.00432	0.00564	0.00353	0.00324	0.00619	0.00972	0.01195	0.16781	0.03809	0.70170	0.01007	0.00485	0.00137	0.00206	0.00846	0.00393	0.00353
18	0.00867	0.02068	0.75688	0.01151	0.01718	0.06562	0.01445	0.01311	0.00889	0.01278	0.00768	0.00957	0.00569	0.00412	0.00393	0.00130	0.00610	0.02410	0.00181	0.00592
19	0.00597	0.00398	0.00448	0.00448	0.00448	0.00398	0.00249	0.00597	0.00597	0.00796	0.01293	0.02686	0.01492	0.85574	0.02089	0.00398	0.00398	0.00597	0.00249	0.00249
20	0.00487	0.00407	0.00425	0.00440	0.00561	0.00345	0.00323	0.00586	0.00913	0.01099	0.03866	0.16495	0.70491	0.01078	0.00491	0.00143	0.00213	0.00913	0.00381	0.00345
21	0.06717	0.00495	0.00657	0.00741	0.00847	0.00503	0.00647	0.00875	0.00928	0.01271	0.02063	0.04357	0.02230	0.01082	0.00545	0.00185	0.00374	0.74732	0.00369	0.00383
22	0.00523	0.00424	0.00471	0.00497	0.00619	0.00372	0.00389	0.00642	0.00927	0.01130	0.03615	0.09702	0.60603	0.01076	0.00505	0.00151	0.00245	0.17376	0.00381	0.00352
23	0.00505	0.00363	0.00480	0.00564	0.00596	0.00337	0.00380	0.00586	0.00815	0.01090	0.07768	0.77594	0.04902	0.01249	0.00520	0.00163	0.00234	0.01130	0.00386	0.00337
24	0.01590	0.01054	0.01167	0.00900	0.01222	0.01137	0.00742	0.63353	0.05215	0.17652	0.01133	0.01086	0.00781	0.00498	0.00411	0.00125	0.00427	0.00382	0.00429	0.00696
25	0.08317	0.04021	0.01060	0.00844	0.01121	0.03283	0.00681	0.29803	0.37324	0.07281	0.01273	0.01210	0.00934	0.00506	0.00395	0.00129	0.00385	0.00394	0.00394	0.00644
26	0.00839	0.01220	0.28034	0.01172	0.01537	0.00825	0.24263	0.04775	0.00971	0.01335	0.01309	0.02214	0.02917	0.00634	0.00477	0.00151	0.00542	0.26002	0.00264	0.00517
27	0.01602	0.00932	0.01081	0.00841	0.01147	0.00964	0.00689	0.46746	0.01576	0.32891	0.01301	0.06240	0.00940	0.00546	0.00418	0.00127	0.00400	0.00434	0.00446	0.00676
28	0.01544	0.01644	0.01190	0.01014	0.01271	0.51917	0.00788	0.32623	0.01460	0.01617	0.00770	0.00835	0.00594	0.00450	0.00386	0.00113	0.00629	0.00305	0.00289	0.00562
29	0.00956	0.42770	0.43966	0.00943	0.01425	0.01279	0.01121	0.01266	0.00851	0.01138	0.00656	0.00766	0.00523	0.00371	0.00329	0.00110	0.00525	0.00263	0.00174	0.00568
30	0.00550	0.00437	0.00506	0.00541	0.00664	0.00393	0.00441	0.00685	0.00939	0.01153	0.03427	0.04201	0.53191	0.01074	0.00515	0.00157	0.00271	0.30117	0.00380	0.00358
31	0.01842	0.00699	0.00953	0.00730	0.01048	0.00603	0.00603	0.02000	0.01175	0.83298	0.01619	0.01397	0.01016	0.00508	0.00413	0.00127	0.00349	0.00413	0.00508	0.00699
32	0.00897	0.24727	0.61492	0.01044	0.01581	0.01135	0.01297	0.01281	0.00858	0.01210	0.00692	0.00810	0.00522	0.00380	0.00356	0.00119	0.00561	0.00281	0.00174	0.00585
33	0.03434	0.01106	0.01541	0.04717	0.48058	0.10727	0.07765	0.11509	0.04519	0.01476	0.00819	0.01003	0.00656	0.00397	0.00406	0.00123	0.00520	0.00365	0.00240	0.00616
34	0.00885	0.20915	0.65194	0.01065	0.01614	0.01104	0.01334	0.01284	0.00859	0.01225	0.00699	0.00820	0.00522	0.00381	0.00362	0.00121	0.00569	0.00285	0.00174	0.00589
35	0.02545	0.00757	0.00878	0.00736	0.00972	0.05669	0.00580	0.14067	0.01186	0.43111	0.01598	0.21634	0.01342	0.00687	0.00432	0.00134	0.00358	0.00577	0.02150	0.00587
36	0.01016	0.00975	0.01666	0.02520	0.83013	0.00975	0.01260	0.01260	0.00935	0.01341	0.00772	0.01016	0.00650	0.00366	0.00406	0.00122	0.00488	0.00366	0.00203	0.00650
37	0.01012	0.00971	0.01659	0.03953	0.81613	0.00974	0.01258	0.01256	0.00933	0.01336	0.00771	0.01017	0.00648	0.00367	0.00406	0.00122	0.00489	0.00366	0.00203	0.00647
38	0.01021	0.00882	0.00928	0.00835	0.01067	0.01021	0.00650	0.02181	0.82272	0.01717	0.01671	0.01532	0.01253	0.00557	0.00418	0.00139	0.00325	0.00464	0.00418	0.00650
39	0.00485	0.00416	0.00416	0.00416	0.00554	0.00347	0.00312	0.00589	0.00936	0.01109	0.04158	0.03950	0.82847	0.01040	0.00485	0.00139	0.00208	0.00866	0.00381	0.00347
40	0.05441	0.00808	0.00997	0.00773	0.01086	0.00779	0.00637	0.19142	0.04746	0.58976	0.01440	0.01283	0.00933	0.00501	0.00406	0.00127	0.00369	0.00398	0.00472	0.00686
41	0.04895	0.00927	0.01056	0.00813	0.01134	0.00935	0.04045	0.32878	0.13397	0.01910	0.00984	0.01026	0.00745	0.00425	0.00368	0.00104	0.00379	0.00339	0.02646	0.30995
42	0.00996	0.54932	0.32153	0.00875	0.01320	0.01377	0.01003	0.01255	0.00846	0.01089	0.00632	0.00735	0.00524	0.00366	0.00310	0.00103	0.00501	0.00250	0.00175	0.00556
43	0.00898	0.00898	0.01257	0.01078	0.01078	0.01257	0.00898	0.00988	0.00629	0.00988	0.00539	0.00898	0.00539	0.00718	0.01347	0.00180	0.84823	0.00359	0.00180	0.00449
44	0.00581	0.00420	0.00549	0.00516	0.00613	0.00387	0.00387	0.00775	0.01162	0.01646	0.82797	0.03066	0.03873	0.00839	0.00484	0.00129	0.00194	0.00742	0.00452	0.00387
45	0.00534	0.00426	0.00483	0.00498	0.00610	0.00382	0.00373	0.00688	0.03543	0.01217	0.16747	0.17391	0.47506	0.01039	0.00496	0.00146	0.00227	0.06936	0.00394	0.00363
46	0.02463	0.01000	0.02998	0.05142	0.68143	0.02499	0.03723	0.01281	0.03509	0.01332	0.00787	0.01021	0.00653	0.00386	0.00437	0.00125	0.03299	0.00367	0.00209	0.00626
47	0.01829	0.00719	0.00965	0.00740	0.01058	0.00634	0.00611	0.05599	0.01209	0.79651	0.01591	0.01379	0.01002	0.00507	0.00413	0.00127	0.00354	0.00411	0.00504	0.00699
48	0.00507	0.00365	0.00481	0.00561	0.00596	0.00339	0.00379	0.00592	0.00828	0.01108	0.10193	0.74468	0.05592	0.01234	0.00519	0.00162	0.00233	0.01115	0.00388	0.00339
49	0.00935	0.09752	0.42633	0.02751	0.10895	0.02549	0.17068	0.01344	0.04710	0.02389	0.00797	0.00950	0.00597	0.00385	0.00400	0.00127	0.00579	0.00347	0.00200	0.00592
50	0.00886	0.12499	0.61388	0.01050	0.01567	0.01015	0.01279	0.01358	0.07769	0.03056	0.02322	0.02505	0.00695	0.00426	0.00381	0.00126	0.00542	0.00333	0.00210	0.00593
51	0.00500	0.00357	0.00476	0.00572	0.00595	0.00333	0.00381	0.00572	0.00786	0.01048	0.02262	0.85306	0.02715	0.01286	0.00524	0.00167	0.00238	0.01167	0.00381	0.00333
52	0.43450	0.12090	0.32882	0.00804	0.01207	0.01023	0.00892	0.01246	0.00781	0.01521	0.00635	0.00743	0.00484	0.00381	0.00308	0.00123	0.00445	0.00253	0.00213	0.00518
53	0.00595	0.00407	0.00494	0.00494	0.00509	0.00423	0.00306	0.00626	0.00611	0.00830	0.01251	0.02454	0.01391	0.67707	0.19819	0.00455	0.00550	0.00563	0.00242	0.00274
54	0.03967	0.09389	0.06842	0.03201	0.06128	0.12001	0.04196	0.03973	0.02395	0.06879	0.06786	0.06811	0.03826	0.00629	0.02014	0.00143	0.18164	0.00434	0.00265	0.01957
55	0.02256	0.20391	0.36820	0.01014	0.01422	0.14557	0.02655	0.06421	0.00960	0.01243	0.00759	0.00878	0.02316	0.00429	0.00427	0.00120	0.06276	0.00301	0.00202	0.00554
56	0.00590	0.00424	0.00578	0.00578	0.00623	0.00469	0.00411	0.00680	0.00635	0.00892	0.01175	0.02028	0.01207	0.35026	0.52246	0.00558	0.00828	0.00501	0.00231	0.00321
57	0.00504	0.00399	0.00454	0.00478	0.00576	0.00349	0.00344	0.00613	0.00926	0.01174	0.15758	0.28100	0.46708	0.01082	0.00497	0.00146	0.00215	0.00937	0.00392	0.00349
58	0.00911	0.15584	0.19818	0.00767	0.01179	0.03722	0.00768	0.01148	0.00863	0.01254	0.00701	0.00818	0.00571	0.00336	0.00319	0.00083	0.00411	0.00254	0.00215	0.50280
59	0.00736	0.01475	0.00756	0.00623	0.00815	0.00558	0.03862	0.06959	0.00900	0.01239	0.04087	0.07343	0.19497	0.14000	0.08984	0.00209	0.01941	0.00552	0.00297	0.25168
60	0.00500	0.00388	0.00458	0.00511	0.00588	0.00345	0.00363	0.00591	0.00858	0.01082	0.03092	0.46114	0.37913	0.01171	0.00509	0.00155	0.00231	0.04408	0.00381	0.00341
61	0.01049	0.05306	0.36296	0.06393	0.10085	0.20271	0.07898	0.03094	0.02390	0.01238	0.00736	0.00892	0.00563	0.00401	0.00405	0.00124	0.01775	0.00321	0.00198	0.00564
62	0.00977	0.06169	0.20750	0.06100	0.31226	0.02544	0.22142	0.01292	0.00925	0.02849	0.00779	0.00991	0.00605	0.00371	0.00414	0.00127	0.00571	0.00373	0.00201	0.00596
63	0.00621	0.00460	0.00564	0.04109	0.00722	0.00431	0.01427	0.00799	0.04083	0.04214	0.28841	0.10233	0.31778	0.06634	0.00583	0.00154	0.00248	0.00762	0.02953	0.00384
64	0.00505	0.00373	0.00472	0.00540	0.00590	0.00340	0.00370	0.00592	0.00844	0.01110	0.09494	0.64421	0.16436	0.01206	0.00514	0.00159	0.00229	0.01079	0.00387	0.00340
65	0.01036	0.13217	0.14302	0.00970	0.06509	0.05641	0.04302	0.08607	0.03637	0.09397	0.15571	0.04408	0.02495	0.00604	0.02099	0.00137	0.05780	0.00446	0.00303	0.00540
66	0.00954	0.10209	0.58243	0.01165	0.03171	0.02422	0.07784	0.06761	0.00958	0.03515	0.00767	0.00888	0.00557	0.00393	0.00387	0.00125	0.00580	0.00317	0.00202	0.00602
67	0.00817	0.00750	0.01049	0.00909	0.00933	0.00988	0.03240	0.00908	0.00651	0.00997	0.00775	0.01324	0.00783	0.16810	0.05971	0.00240	0.55898	0.00414	0.06135	0.00405
68	0.00991	0.00957	0.01656	0.10414	0.71848	0.00972	0.04642	0.01242	0.00925	0.01312	0.00770	0.01027	0.00639	0.00369	0.00410	0.00124	0.00502	0.00371	0.00201	0.00627
69	0.16747	0.01795	0.59421	0.01101	0.04999	0.03718	0.01262	0.04064	0.00886	0.01434	0.00713	0.00837	0.00518	0.00392	0.00366	0.00128	0.00548	0.00292	0.00199	0.00578
70	0.01077	0.00973	0.00886	0.00805	0.00990	0.17299	0.00613	0.15998	0.21640	0.04126	0.01629	0.23260	0.06342	0.00739	0.00451	0.00137	0.01539	0.00612	0.00363	0.00522
71	0.00910	0.00815	0.01383	0.01099	0.01336	0.04750	0.33026	0.03768	0.03795	0.07932	0.04890	0.27014	0.01502	0.00787	0.03144	0.00161	0.00492	0.02395	0.00314	0.00486
72	0.00980	0.00935	0.01577	0.14853	0.68296	0.00967	0.01222	0.01257	0.03512	0.01309	0.00794	0.01044	0.00654	0.00379	0.00407	0.00125	0.00491	0.00369	0.00207	0.00621
73	0.28252	0.00652	0.00659	0.00589	0.00774	0.03282	0.03851	0.04959	0.00953	0.01516	0.17623	0.02361	0.26204	0.03361	0.00458	0.00141	0.00301	0.03310	0.00339	0.00414
74	0.00933	0.00890	0.01516	0.30901	0.55282	0.00953	0.01218	0.01187	0.00895	0.01240	0.00757	0.01043	0.00615	0.00381	0.00408	0.00127	0.00508	0.00365	0.00196	0.00583
75	0.00868	0.06487	0.73088	0.01162	0.01738	0.01003	0.04833	0.03859	0.00903	0.01324	0.00740	0.00870	0.00530	0.00389	0.00388	0.00128	0.00596	0.00309	0.00182	0.00603

[dist]
# distance from previous block
# <min> <max>
0	1

[block]
# block no. 3 follows, 65 sequences, length 33
# corresponding to MSA columns:
# 113-145
name=unknown_D
#
# <colnr> <probs for GDERKNQSTAVLIFYWHMCP>
#	G	D	E	R	K	N	Q	S	T	A	V	L	I	F	Y	W	H	M	C	P
0	0.00850	0.00804	0.01345	0.53038	0.29482	0.00917	0.01145	0.01123	0.02246	0.01160	0.00871	0.01169	0.03272	0.00418	0.00412	0.00132	0.00513	0.00383	0.00200	0.00521
1	0.00905	0.00862	0.01458	0.35321	0.48695	0.00933	0.01186	0.01157	0.00889	0.01218	0.00846	0.01126	0.02815	0.00402	0.00410	0.00128	0.00504	0.00379	0.00200	0.00564
2	0.01081	0.28243	0.06228	0.00862	0.03262	0.23388	0.00732	0.03992	0.01028	0.01220	0.19611	0.01284	0.01310	0.00513	0.00425	0.00112	0.05585	0.00375	0.00258	0.00490
3	0.21633	0.02303	0.01020	0.00845	0.01103	0.25715	0.00675	0.17745	0.03342	0.16736	0.00895	0.00921	0.00653	0.00459	0.00403	0.00122	0.04240	0.00312	0.00320	0.00559
4	0.00974	0.00925	0.01569	0.02361	0.76306	0.00923	0.01188	0.01204	0.00923	0.01317	0.00893	0.07876	0.00818	0.00441	0.00416	0.00126	0.00467	0.00431	0.00218	0.00624
5	0.00573	0.00390	0.00462	0.00482	0.00495	0.00382	0.00290	0.00606	0.00686	0.00923	0.08149	0.21652	0.01966	0.59361	0.01600	0.00323	0.00345	0.00739	0.00296	0.00279
6	0.00919	0.06367	0.15657	0.01694	0.28644	0.00960	0.26636	0.01216	0.00935	0.01306	0.05716	0.04965	0.00923	0.00444	0.00432	0.00130	0.00539	0.01723	0.00223	0.00570
7	0.01281	0.01386	0.03664	0.01637	0.31066	0.30837	0.09065	0.11418	0.01148	0.03495	0.00776	0.00928	0.00616	0.00404	0.00401	0.00118	0.00594	0.00341	0.00240	0.00584
8	0.01536	0.01138	0.01218	0.00940	0.01264	0.01262	0.00774	0.78107	0.05507	0.02548	0.01016	0.01010	0.00723	0.00496	0.00411	0.00124	0.00446	0.00374	0.00411	0.00696
9	0.88473	0.00794	0.00603	0.00540	0.00794	0.00921	0.00445	0.01207	0.00699	0.01842	0.00572	0.00667	0.00445	0.00381	0.00254	0.00127	0.00318	0.00222	0.00254	0.00445
10	0.00582	0.00443	0.00634	0.07546	0.05877	0.00442	0.00526	0.00691	0.00807	0.01074	0.01975	0.57500	0.02290	0.06306	0.00609	0.00179	0.00307	0.11502	0.00345	0.00364
11	0.01307	0.01024	0.01089	0.00893	0.01177	0.01155	0.00719	0.44371	0.39616	0.02179	0.01307	0.01242	0.00958	0.00523	0.00414	0.00131	0.00392	0.00414	0.00414	0.00675
12	0.00818	0.02083	0.81489	0.01155	0.01749	0.00940	0.01490	0.01288	0.00874	0.01308	0.02675	0.00919	0.00599	0.00401	0.00392	0.00130	0.00597	0.00314	0.00180	0.00601
13	0.00823	0.02123	0.83447	0.01170	0.01777	0.00953	0.01517	0.01300	0.00867	0.01300	0.00737	0.00867	0.00520	0.00390	0.00390	0.00130	0.00607	0.00303	0.00173	0.00607
14	0.00827	0.02099	0.81521	0.01183	0.01785	0.00955	0.03419	0.01300	0.00869	0.01300	0.00739	0.00872	0.00522	0.00389	0.00392	0.00130	0.00609	0.00308	0.00174	0.00605
15	0.00500	0.00357	0.00476	0.00572	0.00595	0.00333	0.00381	0.00572	0.00786	0.01048	0.02262	0.85306	0.02715	0.01286	0.00524	0.00167	0.00238	0.01167	0.00381	0.00333
16	0.00500	0.00359	0.00474	0.00566	0.00594	0.00334	0.00379	0.00572	0.00791	0.01050	0.02324	0.82658	0.05323	0.01278	0.00523	0.00166	0.00237	0.01157	0.00381	0.00334
17	0.00916	0.00812	0.01376	0.52674	0.27023	0.00916	0.03145	0.01176	0.00880	0.06012	0.00798	0.01089	0.00608	0.00401	0.00411	0.00132	0.00521	0.00371	0.00209	0.00532
18	0.00958	0.01224	0.13840	0.01822	0.19751	0.01012	0.52559	0.01301	0.00947	0.01318	0.00804	0.01053	0.00614	0.00357	0.00454	0.00134	0.00635	0.00433	0.00202	0.00582
19	0.00969	0.01107	0.02422	0.01730	0.02145	0.01038	0.81522	0.01315	0.00969	0.01315	0.00830	0.01107	0.00623	0.00346	0.00484	0.00138	0.00692	0.00484	0.00208	0.00554
20	0.00828	0.02087	0.80587	0.01190	0.01790	0.00956	0.04340	0.01300	0.00870	0.01300	0.00740	0.00875	0.00524	0.00388	0.00393	0.00130	0.00610	0.00310	0.00175	0.00605
21	0.00815	0.01846	0.69601	0.01089	0.01611	0.00868	0.01355	0.01236	0.00876	0.03266	0.00969	0.06385	0.00817	0.00509	0.00413	0.00137	0.00559	0.06866	0.00211	0.00573
22	0.00506	0.00362	0.00483	0.00579	0.00605	0.00339	0.00392	0.00582	0.00792	0.01055	0.02259	0.82190	0.02701	0.01280	0.00526	0.00168	0.00244	0.04222	0.00381	0.00335
23	0.00602	0.00404	0.00465	0.00473	0.00480	0.00404	0.00282	0.00618	0.00625	0.00831	0.01365	0.02844	0.01563	0.78702	0.01965	0.00381	0.00396	0.07079	0.00259	0.00259
24	0.07701	0.00791	0.01239	0.32950	0.27927	0.00851	0.00994	0.01280	0.00911	0.16138	0.00961	0.04841	0.00754	0.00451	0.00403	0.00131	0.00461	0.00399	0.00262	0.00556
25	0.01119	0.00874	0.01509	0.01532	0.26740	0.00836	0.22684	0.06266	0.01042	0.17738	0.01359	0.07762	0.07565	0.00521	0.00444	0.00132	0.00471	0.00509	0.00306	0.00588
26	0.01616	0.01061	0.01177	0.00902	0.01229	0.01142	0.00746	0.66031	0.01782	0.18410	0.01110	0.01066	0.00760	0.00496	0.00411	0.00124	0.00432	0.00378	0.00430	0.00698
27	0.00775	0.00730	0.01231	0.84587	0.02827	0.00912	0.01140	0.01049	0.00821	0.01049	0.00730	0.01094	0.00547	0.00410	0.00410	0.00137	0.00547	0.00365	0.00182	0.00456
28	0.01381	0.12214	0.03326	0.03323	0.01311	0.08760	0.05748	0.42361	0.04488	0.07818	0.01001	0.01140	0.00765	0.00486	0.00399	0.00122	0.00482	0.03909	0.00343	0.00621
29	0.00849	0.00805	0.01365	0.59407	0.27430	0.00931	0.01177	0.01114	0.00856	0.01138	0.00743	0.01070	0.00579	0.00397	0.00409	0.00132	0.00529	0.00365	0.00189	0.00516
30	0.00527	0.00371	0.00483	0.00562	0.00586	0.00353	0.00376	0.00593	0.00763	0.01016	0.02091	0.66176	0.02484	0.15725	0.00795	0.00208	0.00274	0.05939	0.00358	0.00322
31	0.01076	0.01283	0.04054	0.01345	0.01612	0.23490	0.38056	0.01298	0.00947	0.01156	0.00811	0.06149	0.00708	0.00492	0.00606	0.00138	0.15622	0.00439	0.00213	0.00502
32	0.02558	0.01327	0.01675	0.01367	0.06414	0.24449	0.30980	0.17265	0.01183	0.01465	0.00777	0.00953	0.00604	0.00425	0.00492	0.00128	0.06753	0.00380	0.00247	0.00557

[dist]
# distance from previous block
# <min> <max>
0	35

# created by:
# /st0/software/busco_prod/Augustus/scripts/msa2prfl.pl ./align_prep/38792.fa
