[name]
unknown

[dist]
# distance from previous block
# <min> <max>
0	37

[block]
# block no. 0 follows, 68 sequences, length 35
# corresponding to MSA columns:
# 40-74
name=unknown_A
#
# <colnr> <probs for GDERKNQSTAVLIFYWHMCP>
#	G	D	E	R	K	N	Q	S	T	A	V	L	I	F	Y	W	H	M	C	P
0	0.01330	0.00818	0.00961	0.00831	0.03361	0.00862	0.00650	0.15036	0.35587	0.30206	0.01485	0.01462	0.01073	0.00530	0.00407	0.00129	0.00349	0.03856	0.00425	0.00640
1	0.01060	0.86304	0.02078	0.00678	0.01018	0.01569	0.00678	0.01187	0.00806	0.00933	0.00551	0.00636	0.00509	0.00339	0.00254	0.00085	0.00424	0.00212	0.00170	0.00509
2	0.00749	0.00705	0.01189	0.85113	0.02731	0.00881	0.01101	0.01013	0.00793	0.01013	0.00705	0.01057	0.00529	0.00396	0.00396	0.00132	0.00529	0.00352	0.00176	0.00440
3	0.00483	0.00345	0.00460	0.00552	0.00575	0.00322	0.00368	0.00552	0.00759	0.01012	0.02185	0.85807	0.02622	0.01242	0.00506	0.00161	0.00230	0.01127	0.00368	0.00322
4	0.01002	0.00860	0.00906	0.00810	0.01037	0.00994	0.00632	0.04603	0.80353	0.01685	0.01593	0.01463	0.01194	0.00536	0.00403	0.00134	0.00318	0.00445	0.00403	0.00629
5	0.00936	0.01070	0.02340	0.01671	0.02072	0.01003	0.82152	0.01270	0.00936	0.01270	0.00802	0.01070	0.00602	0.00334	0.00468	0.00134	0.00668	0.00468	0.00201	0.00535
6	0.00483	0.00345	0.00460	0.00552	0.00575	0.00322	0.00368	0.00552	0.00759	0.01012	0.02185	0.85807	0.02622	0.01242	0.00506	0.00161	0.00230	0.01127	0.00368	0.00322
7	0.00936	0.01070	0.02340	0.01671	0.02072	0.01003	0.82152	0.01270	0.00936	0.01270	0.00802	0.01070	0.00602	0.00334	0.00468	0.00134	0.00668	0.00468	0.00201	0.00535
8	0.00647	0.04237	0.00726	0.02809	0.00806	0.04124	0.05609	0.00891	0.09906	0.01217	0.15882	0.06828	0.43184	0.00821	0.00447	0.00130	0.00282	0.00701	0.00352	0.00401
9	0.00828	0.00396	0.00417	0.00398	0.00509	0.00388	0.00303	0.01010	0.00857	0.08530	0.01317	0.01467	0.01013	0.00464	0.00288	0.00095	0.00198	0.00372	0.80754	0.00396
10	0.00491	0.00354	0.00458	0.00532	0.00565	0.00329	0.00356	0.00564	0.00776	0.01030	0.06167	0.71316	0.08102	0.06223	0.00591	0.00171	0.00235	0.01055	0.00364	0.00321
11	0.02995	0.82793	0.02026	0.00682	0.01016	0.03159	0.00675	0.01194	0.00809	0.00952	0.00552	0.00638	0.00507	0.00341	0.00256	0.00086	0.00427	0.00213	0.00172	0.00506
12	0.00936	0.01070	0.02340	0.01671	0.02072	0.01003	0.82152	0.01270	0.00936	0.01270	0.00802	0.01070	0.00602	0.00334	0.00468	0.00134	0.00668	0.00468	0.00201	0.00535
13	0.00527	0.00381	0.00508	0.00590	0.00641	0.00361	0.00439	0.00633	0.00820	0.01079	0.04407	0.55885	0.07691	0.01175	0.00514	0.00164	0.00264	0.23212	0.00369	0.00336
14	0.00712	0.00478	0.00602	0.00586	0.00712	0.00456	0.00466	0.03126	0.05147	0.08454	0.34375	0.08252	0.14611	0.00882	0.00478	0.00142	0.00259	0.19445	0.00407	0.00410
15	0.00891	0.10832	0.50099	0.01037	0.03632	0.00946	0.04811	0.01337	0.09654	0.05786	0.04465	0.01092	0.02841	0.00428	0.00378	0.00122	0.00500	0.00348	0.00229	0.00570
16	0.00900	0.01009	0.02167	0.01566	0.01940	0.00945	0.74418	0.01216	0.00933	0.01257	0.01017	0.01360	0.04641	0.00402	0.00472	0.00136	0.00632	0.04257	0.00216	0.00517
17	0.00578	0.00387	0.00450	0.00457	0.00467	0.00390	0.00273	0.00599	0.00605	0.00819	0.01306	0.06349	0.01481	0.72696	0.06675	0.00376	0.00411	0.02849	0.02576	0.00258
18	0.06524	0.00808	0.00675	0.00623	0.00756	0.18684	0.00467	0.07940	0.03024	0.01303	0.01041	0.01382	0.00902	0.12731	0.12106	0.00215	0.00480	0.00372	0.29561	0.00405
19	0.04555	0.00845	0.01013	0.00779	0.01088	0.00842	0.00643	0.32786	0.01400	0.49877	0.01295	0.01173	0.00845	0.00481	0.00393	0.00121	0.00374	0.00377	0.00446	0.00666
20	0.01289	0.00825	0.00936	0.00787	0.01047	0.00888	0.00628	0.10882	0.48613	0.27236	0.01526	0.01381	0.01080	0.00516	0.00401	0.00129	0.00335	0.00423	0.00430	0.00647
21	0.00504	0.00376	0.00470	0.00515	0.00581	0.00342	0.00366	0.00611	0.00878	0.01161	0.20657	0.45886	0.20596	0.01088	0.00491	0.00148	0.00220	0.04389	0.00383	0.00338
22	0.05118	0.01557	0.01106	0.00975	0.01173	0.55261	0.00754	0.11756	0.06210	0.01240	0.00704	0.00808	0.00573	0.00457	0.00473	0.00116	0.10700	0.00289	0.00239	0.00493
23	0.00577	0.00437	0.00642	0.00636	0.00700	0.00512	0.00490	0.00707	0.00632	0.00911	0.01057	0.01606	0.01007	0.08631	0.76045	0.00604	0.03810	0.00433	0.00213	0.00349
24	0.00540	0.00406	0.00479	0.00463	0.00575	0.00359	0.00346	0.00684	0.01012	0.02821	0.44103	0.06849	0.38115	0.00907	0.00468	0.00130	0.00198	0.00781	0.00405	0.00360
25	0.01208	0.52629	0.01688	0.00806	0.01093	0.31208	0.00708	0.01366	0.04255	0.00976	0.00616	0.00699	0.00538	0.00372	0.00297	0.00093	0.00524	0.00237	0.00192	0.00496
26	0.01003	0.00869	0.01358	0.06818	0.29264	0.00901	0.13114	0.04747	0.22178	0.07052	0.07612	0.01310	0.01042	0.00452	0.00414	0.00126	0.00431	0.00427	0.00296	0.00587
27	0.01223	0.01459	0.04574	0.03269	0.02348	0.44221	0.04311	0.06958	0.00994	0.01101	0.00635	0.00820	0.00538	0.00528	0.02008	0.00135	0.23892	0.00305	0.00207	0.00476
28	0.02230	0.00930	0.04530	0.00986	0.01077	0.01150	0.00840	0.13145	0.01965	0.04320	0.01863	0.00941	0.00621	0.00633	0.01042	0.00158	0.61348	0.00353	0.01382	0.00486
29	0.12905	0.43104	0.18741	0.00792	0.03660	0.01187	0.00795	0.02085	0.01751	0.01194	0.02978	0.00866	0.02926	0.00384	0.00300	0.00101	0.00422	0.00270	0.00202	0.05333
30	0.00788	0.00598	0.00649	0.00576	0.00692	0.05192	0.01612	0.05414	0.04124	0.04938	0.03528	0.07930	0.01335	0.45649	0.01247	0.00254	0.00375	0.01477	0.00280	0.13343
31	0.02662	0.01164	0.29531	0.00910	0.06080	0.03065	0.00876	0.06456	0.01895	0.16192	0.15957	0.01546	0.07346	0.00526	0.00400	0.00121	0.00408	0.00433	0.00313	0.04120
32	0.04431	0.00726	0.03118	0.03824	0.00976	0.02657	0.00532	0.05851	0.02865	0.05014	0.02667	0.17075	0.01061	0.00522	0.00357	0.00096	0.00318	0.00440	0.00285	0.47187
33	0.00800	0.00562	0.00720	0.00668	0.00791	0.00571	0.02763	0.09899	0.05038	0.09008	0.03969	0.41149	0.07013	0.04557	0.01493	0.00159	0.05702	0.00775	0.00357	0.04005
34	0.03929	0.32987	0.07830	0.01620	0.01952	0.18501	0.02124	0.03379	0.04026	0.07559	0.01534	0.00825	0.00616	0.00387	0.00338	0.00099	0.02062	0.00271	0.00229	0.09735

[dist]
# distance from previous block
# <min> <max>
8	70

[block]
# block no. 1 follows, 68 sequences, length 85
# corresponding to MSA columns:
# 150-234
name=unknown_B
#
# <colnr> <probs for GDERKNQSTAVLIFYWHMCP>
#	G	D	E	R	K	N	Q	S	T	A	V	L	I	F	Y	W	H	M	C	P
0	0.02470	0.07459	0.05592	0.01941	0.04421	0.07629	0.03756	0.03011	0.01002	0.28659	0.10055	0.05453	0.02592	0.02604	0.00423	0.00119	0.00383	0.00424	0.00339	0.11667
1	0.05776	0.08789	0.07408	0.02040	0.01119	0.06126	0.01799	0.14677	0.11936	0.09472	0.02269	0.00991	0.00746	0.00407	0.00346	0.00102	0.00392	0.00315	0.00298	0.24992
2	0.02354	0.03874	0.25466	0.04133	0.14463	0.08269	0.04318	0.03901	0.00938	0.12610	0.00824	0.00930	0.00611	0.00388	0.00391	0.00112	0.02568	0.00314	0.00240	0.13296
3	0.00987	0.05919	0.35373	0.01008	0.06357	0.03423	0.03991	0.03524	0.04055	0.13541	0.04423	0.01264	0.05191	0.04154	0.00476	0.00133	0.02372	0.00379	0.00262	0.03169
4	0.00955	0.16576	0.44364	0.03561	0.02344	0.10405	0.04119	0.03492	0.01858	0.02557	0.03568	0.00897	0.00645	0.00392	0.00360	0.00114	0.00540	0.00302	0.00199	0.02753
5	0.00585	0.00399	0.00471	0.03029	0.00529	0.00406	0.00293	0.00606	0.00602	0.00802	0.01274	0.02625	0.01449	0.77156	0.03674	0.00371	0.00402	0.04828	0.00244	0.00255
6	0.01002	0.17117	0.27539	0.05557	0.08815	0.03979	0.07539	0.12327	0.08330	0.01379	0.00828	0.02401	0.00648	0.00410	0.00371	0.00118	0.00503	0.00336	0.00231	0.00570
7	0.09188	0.03943	0.02718	0.10295	0.07174	0.34088	0.00781	0.10086	0.02518	0.13191	0.01902	0.00925	0.00653	0.00423	0.00364	0.00114	0.00531	0.00310	0.00271	0.00526
8	0.02187	0.06649	0.00950	0.00766	0.00980	0.10444	0.00604	0.06499	0.44427	0.04418	0.16223	0.01558	0.01493	0.00552	0.00397	0.00124	0.00352	0.00449	0.00372	0.00556
9	0.00561	0.00500	0.00719	0.00676	0.03628	0.00447	0.10872	0.00701	0.00902	0.01137	0.08846	0.15807	0.49055	0.00921	0.00474	0.00138	0.00279	0.03619	0.00345	0.00373
10	0.03784	0.31387	0.08488	0.00949	0.05520	0.27267	0.02612	0.02683	0.03619	0.01087	0.00752	0.03828	0.00676	0.00441	0.00361	0.00108	0.02603	0.03127	0.00210	0.00498
11	0.00795	0.02051	0.84011	0.01130	0.01716	0.00921	0.01465	0.01256	0.00837	0.01256	0.00712	0.00837	0.00502	0.00377	0.00377	0.00126	0.00586	0.00293	0.00167	0.00586
12	0.00483	0.00345	0.00460	0.00552	0.00575	0.00322	0.00368	0.00552	0.00759	0.01012	0.02185	0.85807	0.02622	0.01242	0.00506	0.00161	0.00230	0.01127	0.00368	0.00322
13	0.01511	0.00938	0.01059	0.00826	0.01125	0.00994	0.00678	0.48723	0.09750	0.25827	0.01205	0.01135	0.00826	0.00486	0.00394	0.00121	0.00388	0.00379	0.02974	0.00661
14	0.02593	0.00871	0.00993	0.09346	0.06780	0.03006	0.00718	0.08545	0.53157	0.05983	0.02821	0.01346	0.01060	0.00502	0.00398	0.00130	0.00365	0.00418	0.00364	0.00603
15	0.01060	0.86304	0.02078	0.00678	0.01018	0.01569	0.00678	0.01187	0.00806	0.00933	0.00551	0.00636	0.00509	0.00339	0.00254	0.00085	0.00424	0.00212	0.00170	0.00509
16	0.00490	0.00384	0.00448	0.00494	0.00579	0.00341	0.00360	0.00586	0.00846	0.01058	0.03089	0.37341	0.42836	0.01110	0.00491	0.00150	0.00228	0.08470	0.00368	0.00332
17	0.00541	0.00413	0.00455	0.00446	0.00575	0.00355	0.00339	0.00661	0.00950	0.04239	0.18695	0.05666	0.60575	0.00958	0.00470	0.00134	0.00210	0.03578	0.00385	0.00355
18	0.00501	0.00361	0.00476	0.00545	0.00586	0.00336	0.00377	0.00594	0.00829	0.01114	0.15401	0.66532	0.05588	0.01159	0.00500	0.00155	0.00227	0.04008	0.00379	0.00333
19	0.00981	0.00942	0.01609	0.02434	0.83592	0.00942	0.01217	0.01217	0.00903	0.01295	0.00746	0.00981	0.00628	0.00353	0.00393	0.00118	0.00471	0.00353	0.00196	0.00628
20	0.01154	0.00897	0.00960	0.00812	0.01056	0.01009	0.00641	0.27631	0.48499	0.04919	0.01413	0.01396	0.02126	0.05059	0.00488	0.00142	0.00356	0.00429	0.00395	0.00620
21	0.00794	0.00762	0.01324	0.67936	0.14136	0.00898	0.06431	0.01059	0.00818	0.01070	0.00717	0.01047	0.00547	0.00386	0.00401	0.00130	0.00530	0.00360	0.00181	0.00473
22	0.00936	0.01070	0.02340	0.01671	0.02072	0.01003	0.82152	0.01270	0.00936	0.01270	0.00802	0.01070	0.00602	0.00334	0.00468	0.00134	0.00668	0.00468	0.00201	0.00535
23	0.00479	0.00406	0.00414	0.00413	0.00544	0.00344	0.00309	0.00594	0.01882	0.01098	0.07180	0.05191	0.77803	0.00995	0.00468	0.00134	0.00202	0.00832	0.00371	0.00340
24	0.00917	0.11025	0.09462	0.00777	0.02134	0.09221	0.00668	0.13301	0.11010	0.01346	0.01624	0.16469	0.11815	0.01985	0.00439	0.00134	0.00391	0.06488	0.00312	0.00483
25	0.00873	0.00656	0.00959	0.02218	0.25599	0.00660	0.00746	0.01163	0.10740	0.10053	0.04654	0.12106	0.05817	0.00793	0.03008	0.00157	0.00380	0.18586	0.00329	0.00502
26	0.00482	0.00355	0.00452	0.00527	0.00569	0.00325	0.00357	0.00558	0.00789	0.01032	0.03881	0.71176	0.15653	0.01196	0.00499	0.00156	0.00225	0.01073	0.00369	0.00325
27	0.00469	0.00402	0.00402	0.00402	0.00536	0.00335	0.00301	0.00569	0.00904	0.01071	0.04017	0.03816	0.83432	0.01004	0.00469	0.00134	0.00201	0.00837	0.00368	0.00335
28	0.01076	0.76488	0.02019	0.00736	0.01074	0.01489	0.04995	0.01243	0.03063	0.03841	0.00629	0.00707	0.00549	0.00350	0.00275	0.00090	0.00431	0.00238	0.00189	0.00519
29	0.01425	0.01068	0.01166	0.05369	0.01293	0.01191	0.00762	0.71479	0.08358	0.02352	0.00992	0.01000	0.00710	0.00477	0.00397	0.00121	0.00431	0.00364	0.00385	0.00658
30	0.00483	0.00345	0.00460	0.00552	0.00575	0.00322	0.00368	0.00552	0.00759	0.01012	0.02185	0.85807	0.02622	0.01242	0.00506	0.00161	0.00230	0.01127	0.00368	0.00322
31	0.00822	0.00705	0.00822	0.00587	0.00940	0.00529	0.00470	0.00998	0.00822	0.01292	0.00705	0.00822	0.00587	0.00294	0.00294	0.00059	0.00294	0.00235	0.00235	0.88490
32	0.88866	0.00767	0.00583	0.00521	0.00767	0.00889	0.00429	0.01166	0.00675	0.01779	0.00552	0.00644	0.00429	0.00368	0.00245	0.00123	0.00307	0.00215	0.00245	0.00429
33	0.00675	0.00434	0.00526	0.00491	0.00621	0.00383	0.00371	0.00817	0.01017	0.11595	0.38574	0.07464	0.32646	0.02010	0.00482	0.00133	0.00216	0.00741	0.00412	0.00392
34	0.56848	0.31958	0.01128	0.00579	0.00858	0.01137	0.00520	0.01173	0.00722	0.01470	0.00552	0.00641	0.00458	0.00358	0.00249	0.00109	0.00349	0.00214	0.00218	0.00458
35	0.00662	0.00478	0.00592	0.00545	0.00661	0.00468	0.00412	0.03389	0.09502	0.03609	0.66842	0.02711	0.04421	0.03347	0.00504	0.00133	0.00217	0.00668	0.00426	0.00412
36	0.01395	0.01049	0.01110	0.00879	0.01167	0.03007	0.00715	0.65391	0.11104	0.03664	0.01099	0.05664	0.00844	0.00524	0.00403	0.00123	0.00415	0.00408	0.00393	0.00645
37	0.01093	0.01106	0.21728	0.01100	0.14311	0.00769	0.03517	0.04770	0.04649	0.19728	0.00959	0.01011	0.00692	0.00388	0.00368	0.00107	0.00423	0.00327	0.00282	0.22672
38	0.03490	0.09370	0.35345	0.02505	0.12544	0.05773	0.11892	0.01326	0.05225	0.05112	0.00785	0.00918	0.00592	0.00390	0.00405	0.00122	0.03103	0.00328	0.00208	0.00566
39	0.00926	0.12120	0.48472	0.01001	0.01444	0.02147	0.02948	0.09337	0.07693	0.02270	0.01690	0.04057	0.00698	0.00442	0.00402	0.00123	0.03090	0.00344	0.00225	0.00570
40	0.00936	0.01070	0.02340	0.01671	0.02072	0.01003	0.82152	0.01270	0.00936	0.01270	0.00802	0.01070	0.00602	0.00334	0.00468	0.00134	0.00668	0.00468	0.00201	0.00535
41	0.00548	0.00397	0.00528	0.00605	0.00668	0.00380	0.00467	0.00668	0.00843	0.01103	0.05109	0.41360	0.10213	0.02583	0.00543	0.00170	0.00282	0.32825	0.00367	0.00341
42	0.01025	0.03958	0.16355	0.05299	0.13557	0.06906	0.06418	0.08326	0.00932	0.07471	0.01698	0.02576	0.00714	0.01684	0.00618	0.00138	0.19219	0.02337	0.00235	0.00534
43	0.00829	0.00751	0.01204	0.34785	0.22531	0.00826	0.04840	0.05518	0.04592	0.01225	0.01128	0.07849	0.03773	0.00542	0.00424	0.00135	0.00457	0.07852	0.00243	0.00494
44	0.00491	0.00402	0.00434	0.00440	0.00560	0.00346	0.00332	0.00605	0.00925	0.01143	0.14356	0.08164	0.64182	0.00996	0.00475	0.00137	0.00209	0.05084	0.00377	0.00341
45	0.03756	0.24025	0.14953	0.05457	0.07935	0.08040	0.09295	0.06868	0.01934	0.06060	0.03451	0.02594	0.00732	0.00482	0.02682	0.00127	0.00506	0.00338	0.00231	0.00534
46	0.01159	0.10153	0.16207	0.03150	0.08101	0.06144	0.09233	0.20931	0.04162	0.10023	0.03015	0.01132	0.02619	0.00447	0.00389	0.00120	0.00481	0.01665	0.00288	0.00582
47	0.00483	0.00345	0.00460	0.00552	0.00575	0.00322	0.00368	0.00552	0.00759	0.01012	0.02185	0.85807	0.02622	0.01242	0.00506	0.00161	0.00230	0.01127	0.00368	0.00322
48	0.01031	0.01197	0.14580	0.04635	0.01678	0.05399	0.36445	0.17513	0.02055	0.02940	0.01011	0.01199	0.04710	0.00472	0.01892	0.00137	0.00575	0.01728	0.00253	0.00551
49	0.03379	0.07098	0.15585	0.02347	0.33398	0.08761	0.10508	0.01998	0.02041	0.01239	0.02123	0.01105	0.05390	0.00418	0.00414	0.00120	0.02944	0.00368	0.00209	0.00553
50	0.00876	0.02868	0.52374	0.01404	0.12797	0.02086	0.17839	0.02835	0.00890	0.01280	0.00736	0.00902	0.00543	0.00367	0.00396	0.00125	0.00584	0.00336	0.00183	0.00580
51	0.00484	0.00349	0.00459	0.00546	0.00576	0.00324	0.00368	0.00556	0.00769	0.01017	0.02281	0.80504	0.06904	0.01228	0.00505	0.00160	0.00230	0.02048	0.00368	0.00323
52	0.00809	0.04100	0.10836	0.03525	0.13148	0.03639	0.09339	0.03836	0.02393	0.03089	0.23566	0.06819	0.05381	0.00672	0.02075	0.01306	0.00408	0.04284	0.00300	0.00476
53	0.01076	0.12185	0.14843	0.01379	0.22770	0.02157	0.11749	0.05357	0.02185	0.12847	0.00915	0.02271	0.00728	0.00436	0.00433	0.00123	0.04527	0.03189	0.00250	0.00577
54	0.00768	0.00511	0.01650	0.00588	0.00731	0.00479	0.00467	0.01033	0.09525	0.12608	0.38121	0.06944	0.11784	0.00875	0.03018	0.00150	0.00276	0.09627	0.00411	0.00435
55	0.00855	0.07464	0.69772	0.01095	0.01626	0.00992	0.02743	0.05537	0.00883	0.01289	0.00708	0.00835	0.00514	0.00391	0.00406	0.00124	0.03710	0.00296	0.00181	0.00579
56	0.01974	0.13847	0.19060	0.04111	0.20021	0.07063	0.19352	0.02468	0.02989	0.02648	0.00775	0.00985	0.00618	0.00381	0.00385	0.00119	0.00542	0.01901	0.00204	0.00557
57	0.00835	0.03641	0.48608	0.04955	0.11314	0.00883	0.09713	0.01210	0.02080	0.03099	0.06224	0.03972	0.00835	0.00433	0.00397	0.00126	0.00527	0.00380	0.00210	0.00557
58	0.00898	0.00865	0.01487	0.31093	0.47833	0.00926	0.06245	0.01176	0.03360	0.01207	0.00761	0.01028	0.00609	0.00373	0.00399	0.00124	0.00499	0.00363	0.00196	0.00557
59	0.00739	0.00712	0.04544	0.03726	0.05422	0.05005	0.12649	0.00935	0.02675	0.05563	0.10013	0.08824	0.34193	0.00746	0.00448	0.00131	0.00352	0.01421	0.01475	0.00429
60	0.00955	0.08428	0.38489	0.02572	0.06295	0.02394	0.18271	0.01282	0.00887	0.09725	0.00880	0.05352	0.00691	0.00425	0.00408	0.00125	0.01657	0.00382	0.00221	0.00560
61	0.01303	0.00774	0.03998	0.01230	0.26439	0.00692	0.00781	0.01524	0.04349	0.40836	0.09658	0.01384	0.01138	0.00510	0.00443	0.03180	0.00371	0.00414	0.00368	0.00607
62	0.00500	0.00406	0.00445	0.00444	0.00561	0.00355	0.00329	0.00636	0.02466	0.01193	0.21587	0.10641	0.57098	0.00973	0.00470	0.00134	0.00202	0.00828	0.00384	0.00348
63	0.00957	0.04123	0.07594	0.09236	0.47993	0.00915	0.05953	0.03991	0.00936	0.04203	0.05410	0.01211	0.00847	0.00422	0.00414	0.00123	0.01715	0.03154	0.00228	0.00576
64	0.00853	0.02429	0.40252	0.21752	0.07530	0.04570	0.12994	0.01226	0.02446	0.01193	0.00737	0.00939	0.00546	0.00378	0.00394	0.00127	0.00575	0.00337	0.00183	0.00540
65	0.00970	0.00917	0.01562	0.08200	0.68060	0.00929	0.05454	0.03647	0.00923	0.01317	0.00771	0.01008	0.00635	0.00363	0.00393	0.00119	0.00475	0.00360	0.03296	0.00602
66	0.02225	0.41126	0.25487	0.04042	0.04164	0.12103	0.00945	0.01275	0.00867	0.03567	0.00649	0.00754	0.00525	0.00367	0.00317	0.00103	0.00510	0.00257	0.00185	0.00530
67	0.01008	0.09525	0.25948	0.07951	0.19300	0.08333	0.07186	0.04802	0.06773	0.04278	0.00807	0.00942	0.00616	0.00389	0.00379	0.00119	0.00524	0.00330	0.00219	0.00571
68	0.00483	0.00349	0.00457	0.00543	0.00573	0.00323	0.00364	0.00555	0.00772	0.01022	0.03182	0.80010	0.07455	0.01223	0.00503	0.00159	0.00228	0.01105	0.00369	0.00323
69	0.02436	0.00450	0.00657	0.00726	0.05092	0.00431	0.05447	0.01382	0.01729	0.01107	0.04873	0.64860	0.04549	0.01080	0.00489	0.00154	0.00276	0.03551	0.00349	0.00364
70	0.12439	0.08562	0.11951	0.11200	0.23916	0.03400	0.04594	0.08950	0.01928	0.05217	0.01710	0.01021	0.00662	0.00406	0.00367	0.00121	0.00466	0.02300	0.00237	0.00553
71	0.00867	0.07632	0.02983	0.05557	0.17649	0.05617	0.06297	0.01687	0.02796	0.02941	0.03209	0.06805	0.02646	0.04185	0.00803	0.23544	0.03720	0.00424	0.00223	0.00415
72	0.00601	0.00389	0.00463	0.00454	0.00546	0.00365	0.00337	0.00771	0.00984	0.01462	0.44345	0.09141	0.10098	0.00755	0.00412	0.00118	0.00191	0.00653	0.27550	0.00365
73	0.01068	0.33527	0.27883	0.03789	0.01350	0.20857	0.00964	0.02301	0.02915	0.01084	0.00653	0.00758	0.00527	0.00376	0.00328	0.00105	0.00545	0.00260	0.00186	0.00524
74	0.13724	0.25259	0.17593	0.00884	0.02366	0.10801	0.03701	0.13753	0.02839	0.01397	0.00729	0.00830	0.01397	0.01291	0.00362	0.00114	0.01917	0.00284	0.00229	0.00532
75	0.00509	0.00364	0.00488	0.00570	0.00607	0.00343	0.00403	0.00602	0.00809	0.01082	0.08943	0.68708	0.02673	0.01188	0.00508	0.00161	0.00243	0.11094	0.00373	0.00332
76	0.00493	0.00418	0.00428	0.00423	0.00557	0.00361	0.00318	0.00637	0.03873	0.01127	0.09281	0.03674	0.75095	0.00974	0.00466	0.00133	0.00204	0.00815	0.00374	0.00348
77	0.01743	0.04805	0.03939	0.00852	0.08681	0.06299	0.02663	0.06234	0.06751	0.04411	0.12666	0.24987	0.03612	0.04854	0.00510	0.00146	0.00349	0.03987	0.02062	0.00449
78	0.02916	0.21665	0.20082	0.04168	0.06354	0.06857	0.12779	0.03101	0.01747	0.02052	0.04793	0.03036	0.00833	0.02493	0.02261	0.00134	0.00512	0.02503	0.01205	0.00510
79	0.00566	0.00386	0.00475	0.00488	0.00534	0.00366	0.00323	0.00645	0.00806	0.02842	0.24076	0.25672	0.07011	0.32812	0.01057	0.00232	0.00277	0.00778	0.00342	0.00314
80	0.03257	0.00776	0.00902	0.00738	0.00988	0.00805	0.00594	0.21452	0.20490	0.27807	0.16278	0.01560	0.01449	0.00554	0.00408	0.00125	0.00328	0.00454	0.00432	0.00603
81	0.08280	0.04664	0.09749	0.05618	0.08663	0.09208	0.06802	0.14139	0.11690	0.05332	0.08251	0.01215	0.02585	0.00470	0.00398	0.00122	0.01589	0.00385	0.00293	0.00547
82	0.53631	0.09058	0.06507	0.06123	0.01028	0.04441	0.00600	0.05072	0.00812	0.05535	0.00765	0.00846	0.03407	0.00403	0.00292	0.00119	0.00372	0.00268	0.00250	0.00470
83	0.00576	0.00543	0.03531	0.00733	0.11134	0.00461	0.00500	0.00742	0.03373	0.01130	0.03143	0.08221	0.55894	0.00907	0.00463	0.00137	0.00268	0.07512	0.00340	0.00391
84	0.06015	0.00787	0.00935	0.06469	0.03128	0.03613	0.00636	0.18125	0.05160	0.35817	0.04430	0.01418	0.05865	0.01767	0.03895	0.00148	0.00401	0.00415	0.00392	0.00585

[dist]
# distance from previous block
# <min> <max>
0	85

# created by:
# /st0/software/busco_prod/Augustus/scripts/msa2prfl.pl ./align_prep/38798.fa
