[name]
unknown

[dist]
# distance from previous block
# <min> <max>
0	68

[block]
# block no. 0 follows, 59 sequences, length 6
# corresponding to MSA columns:
# 68-73
name=unknown_A
#
# <colnr> <probs for GDERKNQSTAVLIFYWHMCP>
#	G	D	E	R	K	N	Q	S	T	A	V	L	I	F	Y	W	H	M	C	P
0	0.00814	0.00586	0.00777	0.00835	0.00963	0.00600	0.00725	0.09344	0.01129	0.01477	0.02203	0.04565	0.02352	0.01147	0.00592	0.00196	0.00415	0.70426	0.00410	0.00443
1	0.01675	0.01351	0.01316	0.01032	0.01369	0.12023	0.00841	0.69971	0.01969	0.02560	0.01011	0.01026	0.00727	0.00520	0.00436	0.00130	0.00527	0.00383	0.00414	0.00720
2	0.06205	0.00654	0.00785	0.05162	0.11372	0.05242	0.00548	0.00882	0.00750	0.01049	0.01146	0.02101	0.01207	0.45282	0.12108	0.03805	0.00561	0.00519	0.00249	0.00376
3	0.07833	0.00789	0.01268	0.54002	0.07279	0.00912	0.05645	0.01115	0.00861	0.01214	0.00811	0.01222	0.00658	0.04857	0.00593	0.05078	0.00541	0.00394	0.00212	0.04716
4	0.34400	0.05072	0.01152	0.26024	0.06818	0.06710	0.02674	0.05737	0.02899	0.03647	0.00774	0.00959	0.00593	0.00434	0.00368	0.00136	0.00485	0.00326	0.00259	0.00533
5	0.34386	0.00934	0.01031	0.11438	0.12287	0.03385	0.00767	0.09220	0.11469	0.05695	0.00957	0.01122	0.00747	0.04282	0.00458	0.00151	0.00432	0.00359	0.00308	0.00571

[dist]
# distance from previous block
# <min> <max>
0	12

[block]
# block no. 1 follows, 59 sequences, length 17
# corresponding to MSA columns:
# 86-102
name=unknown_B
#
# <colnr> <probs for GDERKNQSTAVLIFYWHMCP>
#	G	D	E	R	K	N	Q	S	T	A	V	L	I	F	Y	W	H	M	C	P
0	0.10543	0.01042	0.01200	0.00992	0.03014	0.11395	0.12642	0.16195	0.04934	0.03145	0.01032	0.02460	0.00899	0.14756	0.04584	0.00204	0.00545	0.00432	0.00302	0.09683
1	0.26203	0.00793	0.01053	0.19412	0.05761	0.00876	0.07279	0.02732	0.05498	0.05395	0.01098	0.04955	0.00984	0.10271	0.00625	0.00180	0.00456	0.05640	0.00289	0.00500
2	0.08771	0.00881	0.01230	0.18939	0.11372	0.00960	0.06713	0.13467	0.11464	0.05079	0.09442	0.06350	0.01275	0.00579	0.00451	0.00144	0.00454	0.01508	0.00338	0.00584
3	0.01121	0.01100	0.00911	0.00820	0.01021	0.26577	0.00619	0.07479	0.05369	0.04557	0.12897	0.17814	0.06237	0.00741	0.00455	0.00131	0.00454	0.00609	0.00356	0.10734
4	0.00702	0.00607	0.00632	0.00686	0.00763	0.07772	0.00480	0.00923	0.10348	0.01212	0.02312	0.62744	0.06734	0.01194	0.00533	0.00168	0.00314	0.01063	0.00398	0.00413
5	0.08582	0.00744	0.00844	0.00643	0.00982	0.00597	0.00506	0.01070	0.00893	0.01451	0.00965	0.10733	0.00906	0.00459	0.00350	0.00085	0.00320	0.00377	0.00280	0.69212
6	0.00710	0.00446	0.00510	0.00497	0.00520	0.00438	0.00290	0.00723	0.00688	0.05212	0.01512	0.02861	0.04223	0.77228	0.02094	0.00403	0.00419	0.00641	0.00287	0.00297
7	0.87598	0.00854	0.00649	0.00581	0.00854	0.00991	0.00478	0.01298	0.00752	0.01982	0.00615	0.00717	0.00478	0.00410	0.00273	0.00137	0.00342	0.00239	0.00273	0.00478
8	0.00706	0.00527	0.00642	0.00684	0.00765	0.00536	0.00482	0.07904	0.10413	0.01360	0.02237	0.67046	0.02542	0.01215	0.00539	0.00172	0.00288	0.01090	0.00417	0.00434
9	0.17430	0.36777	0.05520	0.00837	0.01189	0.08548	0.00768	0.17911	0.01166	0.05104	0.00771	0.00837	0.00611	0.00432	0.00338	0.00116	0.00484	0.00288	0.00276	0.00596
10	0.00625	0.00459	0.00633	0.00633	0.00703	0.00503	0.00469	0.00737	0.00728	0.01006	0.01595	0.02227	0.10684	0.17630	0.55734	0.03550	0.00906	0.00555	0.00261	0.00362
11	0.16487	0.06058	0.04153	0.01129	0.10746	0.03778	0.02391	0.29610	0.04815	0.11356	0.00994	0.01046	0.00730	0.00491	0.00448	0.00135	0.04256	0.00366	0.00352	0.00658
12	0.01133	0.65389	0.04037	0.00741	0.01104	0.01484	0.00719	0.01283	0.00896	0.03366	0.00716	0.00890	0.00653	0.05340	0.00412	0.00113	0.00454	0.00271	0.00212	0.10786
13	0.00637	0.00690	0.10223	0.00649	0.00817	0.00525	0.00568	0.00832	0.01065	0.01448	0.36237	0.11770	0.26035	0.00952	0.00569	0.00150	0.05195	0.00806	0.00403	0.00430
14	0.25554	0.02820	0.00988	0.00859	0.03558	0.10827	0.06248	0.07484	0.05591	0.06327	0.03687	0.07906	0.05102	0.10495	0.00621	0.00173	0.00442	0.00487	0.00323	0.00509
15	0.04140	0.00990	0.03216	0.01078	0.07118	0.06275	0.11603	0.11819	0.06202	0.16580	0.08486	0.01599	0.07150	0.00591	0.01692	0.00139	0.00464	0.00477	0.00368	0.10013
16	0.03735	0.08686	0.04818	0.05867	0.04843	0.21097	0.03648	0.08594	0.06525	0.05393	0.05360	0.01264	0.04120	0.00549	0.02015	0.00131	0.00534	0.00387	0.00297	0.12137

[dist]
# distance from previous block
# <min> <max>
1	7

[block]
# block no. 2 follows, 59 sequences, length 19
# corresponding to MSA columns:
# 110-128
name=unknown_C
#
# <colnr> <probs for GDERKNQSTAVLIFYWHMCP>
#	G	D	E	R	K	N	Q	S	T	A	V	L	I	F	Y	W	H	M	C	P
0	0.04341	0.06244	0.13994	0.02755	0.03693	0.04282	0.00878	0.09381	0.40487	0.04302	0.01450	0.01413	0.03766	0.00545	0.00427	0.00140	0.00442	0.00436	0.00366	0.00659
1	0.00932	0.03982	0.61016	0.01218	0.04657	0.03765	0.03012	0.01355	0.00965	0.04084	0.04132	0.07038	0.00898	0.00511	0.00433	0.00140	0.00595	0.00419	0.00230	0.00619
2	0.06089	0.00853	0.05524	0.02564	0.20776	0.00814	0.03093	0.07974	0.06412	0.01485	0.06175	0.15025	0.01437	0.09244	0.06570	0.00214	0.01351	0.01540	0.00312	0.02550
3	0.00927	0.00756	0.00912	0.00750	0.04196	0.00611	0.00557	0.04794	0.00972	0.03329	0.01068	0.13353	0.01009	0.00502	0.00375	0.00090	0.00333	0.00426	0.00297	0.64744
4	0.01100	0.01220	0.13182	0.03475	0.11877	0.01070	0.22021	0.15439	0.15368	0.01707	0.01285	0.04439	0.04692	0.00525	0.00469	0.00144	0.00541	0.00495	0.00311	0.00641
5	0.00598	0.00465	0.00552	0.00570	0.00655	0.00454	0.00405	0.00750	0.04745	0.01168	0.07021	0.25226	0.29794	0.13348	0.10404	0.00263	0.01950	0.00886	0.00371	0.00377
6	0.00872	0.03804	0.07859	0.00726	0.01051	0.00664	0.02307	0.02771	0.04753	0.02728	0.10970	0.08413	0.07151	0.00573	0.00405	0.00105	0.00346	0.00485	0.00319	0.43699
7	0.00560	0.00405	0.00524	0.00608	0.00651	0.00378	0.00421	0.00650	0.00876	0.01156	0.05240	0.63436	0.09669	0.05924	0.00656	0.00191	0.00274	0.07615	0.00404	0.00361
8	0.00916	0.00785	0.00916	0.00654	0.01047	0.00589	0.00523	0.01112	0.00916	0.01439	0.00785	0.00916	0.00654	0.00327	0.00327	0.00065	0.00327	0.00262	0.00262	0.87178
9	0.00599	0.00450	0.00556	0.00540	0.00652	0.00407	0.00407	0.00778	0.01165	0.01585	0.56254	0.06702	0.23519	0.00987	0.00526	0.00145	0.00221	0.03643	0.00461	0.00403
10	0.01518	0.05798	0.01410	0.01172	0.01402	0.63506	0.06564	0.03187	0.01180	0.01135	0.00692	0.00842	0.00581	0.00478	0.00505	0.00124	0.08845	0.00311	0.00226	0.00522
11	0.55626	0.01023	0.00845	0.00735	0.00987	0.10632	0.00593	0.10048	0.00964	0.04680	0.00726	0.00847	0.00568	0.00549	0.02068	0.03070	0.04953	0.00287	0.00288	0.00511
12	0.00991	0.04691	0.07922	0.00856	0.03890	0.07518	0.02536	0.04072	0.00999	0.02780	0.01108	0.07955	0.03943	0.00498	0.00386	0.00100	0.00415	0.02072	0.00279	0.46989
13	0.00757	0.00562	0.00674	0.00644	0.00793	0.00527	0.00489	0.09650	0.01111	0.02813	0.15751	0.28903	0.17227	0.01018	0.00513	0.00151	0.00291	0.08197	0.00413	0.09515
14	0.01301	0.01187	0.01151	0.01007	0.02372	0.16054	0.03661	0.18021	0.38405	0.03820	0.01438	0.05936	0.01149	0.00600	0.00450	0.00142	0.00473	0.01789	0.00395	0.00649
15	0.03951	0.06705	0.21470	0.04027	0.10209	0.08677	0.05967	0.07110	0.06458	0.08702	0.00946	0.01047	0.00708	0.00434	0.00407	0.00124	0.00535	0.00354	0.00277	0.11890
16	0.00921	0.00846	0.02932	0.18677	0.10181	0.07533	0.03637	0.05098	0.02610	0.05089	0.02917	0.16450	0.14697	0.02432	0.03859	0.00175	0.00482	0.00648	0.00317	0.00500
17	0.00918	0.09012	0.72544	0.01204	0.01819	0.01088	0.01524	0.01428	0.03965	0.01386	0.00816	0.00941	0.00590	0.00423	0.00410	0.00137	0.00626	0.00326	0.00197	0.00647
18	0.00987	0.05925	0.13622	0.32981	0.18269	0.01065	0.05066	0.06391	0.05846	0.01413	0.03640	0.01191	0.00789	0.00453	0.00435	0.00139	0.00552	0.00401	0.00241	0.00593

[dist]
# distance from previous block
# <min> <max>
0	1

[block]
# block no. 3 follows, 59 sequences, length 24
# corresponding to MSA columns:
# 130-153
name=unknown_D
#
# <colnr> <probs for GDERKNQSTAVLIFYWHMCP>
#	G	D	E	R	K	N	Q	S	T	A	V	L	I	F	Y	W	H	M	C	P
0	0.02119	0.07840	0.15507	0.14662	0.01542	0.04471	0.00920	0.17780	0.02996	0.08771	0.04324	0.06945	0.09042	0.00611	0.00441	0.00138	0.00479	0.00495	0.00330	0.00585
1	0.01068	0.00769	0.02339	0.03086	0.00989	0.03118	0.00586	0.14095	0.11477	0.12920	0.11994	0.08663	0.19666	0.02366	0.00506	0.00148	0.00343	0.00653	0.04668	0.00546
2	0.03954	0.00768	0.00993	0.00778	0.01086	0.00710	0.00635	0.10304	0.01303	0.61294	0.07110	0.01606	0.01268	0.03050	0.02910	0.00162	0.00400	0.00465	0.00507	0.00697
3	0.02536	0.00819	0.03357	0.07198	0.32111	0.00779	0.05495	0.02286	0.01039	0.04079	0.13179	0.08867	0.13124	0.00684	0.00478	0.00143	0.00422	0.02530	0.00318	0.00553
4	0.01049	0.01094	0.01886	0.02898	0.08817	0.06259	0.39967	0.01399	0.08774	0.01347	0.00946	0.01253	0.00766	0.00550	0.00699	0.05810	0.11939	0.01724	0.02264	0.00559
5	0.00921	0.00601	0.00765	0.00699	0.00822	0.00645	0.00524	0.12872	0.00956	0.09146	0.01316	0.04627	0.01245	0.24456	0.37877	0.00473	0.00765	0.00530	0.00312	0.00448
6	0.00720	0.00523	0.00597	0.00595	0.00741	0.00488	0.00456	0.03175	0.07127	0.06559	0.04624	0.18660	0.43012	0.01082	0.00527	0.00160	0.00277	0.09818	0.00424	0.00435
7	0.01457	0.01503	0.03972	0.03401	0.09523	0.39275	0.06337	0.05944	0.03295	0.12962	0.01054	0.06480	0.00871	0.00532	0.00436	0.00130	0.00626	0.01316	0.00302	0.00582
8	0.00661	0.00497	0.00710	0.00659	0.00716	0.00492	0.07739	0.00731	0.00742	0.01000	0.03557	0.16589	0.01782	0.52059	0.08579	0.00373	0.00486	0.02004	0.00293	0.00331
9	0.04764	0.00921	0.01200	0.03036	0.02851	0.05239	0.12215	0.08038	0.18251	0.11167	0.07005	0.07487	0.07017	0.00671	0.00535	0.00149	0.05850	0.02645	0.00377	0.00583
10	0.01281	0.03736	0.10649	0.01594	0.21711	0.18726	0.13924	0.04915	0.09754	0.07935	0.00986	0.01108	0.00751	0.00446	0.00438	0.00133	0.00600	0.00395	0.00278	0.00639
11	0.01061	0.09211	0.00940	0.00730	0.00928	0.00765	0.00574	0.07579	0.14525	0.16363	0.05029	0.28461	0.08221	0.00884	0.00480	0.00151	0.00334	0.02792	0.00425	0.00545
12	0.00630	0.00498	0.02502	0.00656	0.00760	0.00444	0.00530	0.00807	0.01058	0.01425	0.29837	0.20928	0.11062	0.01116	0.00556	0.00169	0.00294	0.25895	0.00430	0.00402
13	0.01043	0.00927	0.01397	0.30038	0.31694	0.04027	0.01114	0.07979	0.01052	0.04213	0.02547	0.04773	0.00864	0.00666	0.05633	0.00175	0.00572	0.00441	0.00256	0.00587
14	0.01200	0.63016	0.13074	0.00873	0.01269	0.11917	0.00888	0.01389	0.00947	0.01093	0.00647	0.00750	0.00566	0.00393	0.00317	0.00103	0.00538	0.00255	0.00193	0.00572
15	0.66386	0.00949	0.00816	0.00688	0.00981	0.01084	0.00567	0.20791	0.01079	0.02180	0.00725	0.00802	0.00546	0.00440	0.00315	0.00136	0.00377	0.00278	0.00315	0.00546
16	0.01066	0.00851	0.00951	0.00707	0.01068	0.03746	0.00566	0.08241	0.01078	0.07121	0.06121	0.01120	0.00918	0.00403	0.00361	0.00083	0.00355	0.00322	0.00311	0.64613
17	0.00636	0.00426	0.00483	0.00489	0.00491	0.00424	0.00276	0.00641	0.00654	0.00872	0.01451	0.07559	0.01681	0.79707	0.02151	0.00414	0.00418	0.00677	0.00276	0.00273
18	0.00646	0.00482	0.00684	0.00677	0.00736	0.00555	0.00506	0.00767	0.00694	0.00990	0.01206	0.01958	0.01194	0.20876	0.62172	0.00629	0.04111	0.00507	0.00242	0.00370
19	0.01125	0.00936	0.00999	0.00882	0.01129	0.01066	0.00690	0.12236	0.63047	0.01943	0.07212	0.03978	0.01509	0.00633	0.00457	0.00148	0.00355	0.00528	0.00450	0.00677
20	0.76016	0.06318	0.00782	0.00614	0.00893	0.01047	0.00512	0.01372	0.06286	0.01911	0.00696	0.00781	0.00544	0.00421	0.00286	0.00135	0.00351	0.00257	0.00280	0.00499
21	0.01431	0.09996	0.01449	0.02395	0.06234	0.12165	0.05514	0.33412	0.15167	0.04499	0.01077	0.01112	0.00808	0.00493	0.00423	0.00129	0.00515	0.00389	0.00357	0.02434
22	0.00770	0.00625	0.00784	0.06206	0.06529	0.03338	0.00627	0.02611	0.05759	0.02954	0.05053	0.29397	0.13049	0.01012	0.00521	0.00162	0.00353	0.15720	0.00378	0.04152
23	0.06771	0.09720	0.17744	0.01230	0.12701	0.03056	0.05386	0.12696	0.02776	0.06907	0.03652	0.06517	0.00946	0.00579	0.01992	0.00146	0.03356	0.00431	0.00294	0.03099

[dist]
# distance from previous block
# <min> <max>
2	53

[block]
# block no. 4 follows, 59 sequences, length 17
# corresponding to MSA columns:
# 207-223
name=unknown_E
#
# <colnr> <probs for GDERKNQSTAVLIFYWHMCP>
#	G	D	E	R	K	N	Q	S	T	A	V	L	I	F	Y	W	H	M	C	P
0	0.11520	0.04391	0.03984	0.02362	0.02893	0.07382	0.00627	0.09803	0.02532	0.08657	0.10975	0.08416	0.14236	0.03131	0.01797	0.00154	0.01707	0.00567	0.00360	0.04506
1	0.04715	0.04634	0.06404	0.01066	0.05302	0.36862	0.00839	0.10968	0.01243	0.09870	0.02177	0.02110	0.00775	0.00481	0.00403	0.00119	0.00592	0.01570	0.00296	0.09574
2	0.04792	0.69861	0.05142	0.00761	0.01145	0.01576	0.00758	0.01333	0.00904	0.03427	0.00665	0.00754	0.00584	0.00382	0.00296	0.00097	0.00461	0.00247	0.00208	0.06605
3	0.68060	0.00872	0.00712	0.00618	0.00895	0.02527	0.00504	0.06811	0.00883	0.01930	0.00928	0.01002	0.06158	0.00463	0.00309	0.00132	0.00351	0.00301	0.00293	0.06250
4	0.00536	0.00442	0.00470	0.00476	0.00608	0.00377	0.00352	0.00656	0.01021	0.01256	0.13512	0.11356	0.65179	0.01117	0.00526	0.00151	0.00225	0.00945	0.00419	0.00377
5	0.01042	0.01698	0.44846	0.04127	0.18054	0.01011	0.13045	0.01448	0.00990	0.08253	0.00896	0.01059	0.00650	0.00419	0.00441	0.00139	0.00615	0.00381	0.00229	0.00657
6	0.00834	0.00785	0.01325	0.83417	0.03042	0.00981	0.01227	0.01128	0.00883	0.01128	0.00785	0.01178	0.00589	0.00442	0.00442	0.00147	0.00589	0.00393	0.00196	0.00491
7	0.00652	0.00505	0.00751	0.00739	0.00812	0.00603	0.00579	0.00806	0.00708	0.01028	0.01144	0.01686	0.01071	0.03150	0.77515	0.00677	0.06474	0.00468	0.00234	0.00400
8	0.05132	0.01222	0.01298	0.00999	0.01349	0.01354	0.00825	0.77078	0.02023	0.02751	0.01042	0.01047	0.00740	0.00525	0.00435	0.00133	0.00480	0.00391	0.00435	0.00740
9	0.01181	0.84744	0.02314	0.00756	0.01134	0.01748	0.00756	0.01323	0.00897	0.01039	0.00614	0.00708	0.00567	0.00378	0.00283	0.00094	0.00472	0.00236	0.00189	0.00567
10	0.00942	0.00895	0.01520	0.49798	0.35817	0.01010	0.01280	0.01223	0.00934	0.01259	0.00804	0.01142	0.00635	0.00422	0.00440	0.00141	0.00562	0.00393	0.00206	0.00578
11	0.00646	0.00490	0.00719	0.00710	0.00780	0.00576	0.00547	0.00788	0.00703	0.01013	0.01174	0.01796	0.01122	0.09748	0.72797	0.00665	0.04617	0.00483	0.00237	0.00388
12	0.00851	0.00733	0.01130	0.15594	0.27589	0.00764	0.00895	0.06161	0.01001	0.01358	0.02956	0.31607	0.03503	0.00823	0.00493	0.00154	0.00419	0.03136	0.00314	0.00521
13	0.01066	0.01027	0.01761	0.08219	0.69800	0.01030	0.04652	0.01333	0.00995	0.01420	0.00828	0.01096	0.00689	0.00393	0.00437	0.00131	0.00531	0.00394	0.00219	0.03979
14	0.00957	0.00880	0.01480	0.08265	0.42802	0.00879	0.08990	0.01240	0.03456	0.02965	0.16177	0.01769	0.07104	0.00551	0.00468	0.00138	0.00463	0.00524	0.00294	0.00598
15	0.02311	0.00891	0.01512	0.41448	0.25998	0.00981	0.08730	0.03643	0.00986	0.01336	0.03418	0.01351	0.04547	0.00469	0.00451	0.00142	0.00549	0.00440	0.00233	0.00563
16	0.01139	0.01094	0.01732	0.07624	0.65442	0.04488	0.03596	0.06856	0.01084	0.01500	0.00839	0.01087	0.00690	0.00408	0.00439	0.00132	0.00544	0.00393	0.00233	0.00679

[dist]
# distance from previous block
# <min> <max>
2	8

[block]
# block no. 5 follows, 59 sequences, length 25
# corresponding to MSA columns:
# 251-275
name=unknown_F
#
# <colnr> <probs for GDERKNQSTAVLIFYWHMCP>
#	G	D	E	R	K	N	Q	S	T	A	V	L	I	F	Y	W	H	M	C	P
0	0.00863	0.00716	0.01071	0.36481	0.09047	0.00802	0.00891	0.01222	0.10567	0.04946	0.17240	0.08635	0.04398	0.00654	0.00471	0.00147	0.00429	0.00578	0.00327	0.00516
1	0.01578	0.01187	0.01269	0.00996	0.01331	0.01323	0.00815	0.66723	0.15768	0.02621	0.01188	0.01162	0.00855	0.00542	0.00443	0.00136	0.00462	0.00415	0.00443	0.00742
2	0.00535	0.00444	0.00467	0.00469	0.00606	0.00377	0.00349	0.00655	0.01025	0.01255	0.13060	0.08728	0.68292	0.01109	0.00524	0.00150	0.00224	0.00936	0.00419	0.00377
3	0.01155	0.54972	0.16598	0.00998	0.05214	0.01497	0.04099	0.04022	0.03260	0.03494	0.00748	0.00848	0.00619	0.00402	0.00339	0.00111	0.00512	0.00290	0.00217	0.00605
4	0.01023	0.26835	0.51664	0.01093	0.01629	0.05927	0.01302	0.01421	0.02970	0.01285	0.00759	0.00876	0.00582	0.00414	0.00379	0.00125	0.00599	0.00301	0.00196	0.00620
5	0.00920	0.00894	0.01246	0.01080	0.01085	0.01232	0.00888	0.01014	0.00676	0.01045	0.00679	0.01157	0.00689	0.06990	0.07028	0.00245	0.72056	0.00411	0.00202	0.00462
6	0.00916	0.00785	0.00916	0.00654	0.01047	0.00589	0.00523	0.01112	0.00916	0.01439	0.00785	0.00916	0.00654	0.00327	0.00327	0.00065	0.00327	0.00262	0.00262	0.87178
7	0.00637	0.00450	0.00593	0.00593	0.00631	0.00488	0.00406	0.00714	0.00675	0.00939	0.01290	0.02328	0.01362	0.44985	0.41408	0.00565	0.00795	0.00560	0.00253	0.00329
8	0.01091	0.01207	0.01474	0.01193	0.01399	0.21256	0.20993	0.03256	0.01034	0.01273	0.07590	0.01577	0.10959	0.00639	0.00738	0.00151	0.22900	0.00496	0.00266	0.00507
9	0.00648	0.00543	0.04505	0.00636	0.00757	0.00442	0.00484	0.00791	0.02341	0.04204	0.04847	0.52261	0.14625	0.01226	0.03246	0.00179	0.00311	0.01007	0.00391	0.06556
10	0.02620	0.08099	0.46813	0.03633	0.05621	0.02212	0.09611	0.02714	0.03638	0.03143	0.00933	0.01221	0.00734	0.00466	0.00429	0.00139	0.00598	0.04849	0.00229	0.02297
11	0.00641	0.00467	0.00544	0.00561	0.00587	0.02006	0.00360	0.00689	0.00751	0.00998	0.05385	0.21187	0.04315	0.49411	0.06767	0.00353	0.02096	0.02252	0.00312	0.00318
12	0.00642	0.00430	0.00493	0.00493	0.00497	0.00434	0.00281	0.00649	0.00646	0.00865	0.01381	0.02834	0.01581	0.80543	0.06150	0.00442	0.00465	0.00634	0.00266	0.00274
13	0.00916	0.00785	0.00916	0.00654	0.01047	0.00589	0.00523	0.01112	0.00916	0.01439	0.00785	0.00916	0.00654	0.00327	0.00327	0.00065	0.00327	0.00262	0.00262	0.87178
14	0.01125	0.15112	0.18715	0.03555	0.19049	0.03699	0.14600	0.08419	0.05671	0.02939	0.02444	0.01085	0.00752	0.00432	0.00424	0.00131	0.00568	0.00387	0.00252	0.00639
15	0.00895	0.04897	0.79659	0.01243	0.01887	0.01049	0.01604	0.01396	0.00931	0.01387	0.00787	0.00925	0.00560	0.00418	0.00415	0.00138	0.00647	0.00324	0.00187	0.00650
16	0.00538	0.00384	0.00512	0.00615	0.00641	0.00359	0.00410	0.00615	0.00846	0.01127	0.02434	0.84190	0.02921	0.01384	0.00564	0.00179	0.00256	0.01256	0.00410	0.00359
17	0.00713	0.00600	0.00917	0.00846	0.00925	0.00727	0.04460	0.00866	0.00721	0.01051	0.01081	0.03180	0.01026	0.03929	0.60375	0.00569	0.16889	0.00477	0.00232	0.00418
18	0.06378	0.01214	0.01522	0.01228	0.05391	0.08450	0.17332	0.38531	0.02611	0.04615	0.00988	0.02354	0.00745	0.00484	0.00454	0.00133	0.01635	0.00413	0.00347	0.05175
19	0.02043	0.00498	0.00632	0.00586	0.00717	0.00465	0.00448	0.00978	0.03874	0.07626	0.64647	0.03183	0.08480	0.00882	0.00512	0.00142	0.00234	0.03125	0.00479	0.00449
20	0.00687	0.00493	0.00675	0.00768	0.00863	0.00488	0.00654	0.00869	0.00989	0.01284	0.02414	0.10836	0.06344	0.04317	0.00663	0.00207	0.00387	0.66262	0.00402	0.00396
21	0.71679	0.00860	0.00730	0.00682	0.03337	0.00979	0.00536	0.07331	0.00881	0.01971	0.00873	0.01054	0.03808	0.00477	0.00314	0.00139	0.00356	0.03197	0.00295	0.00499
22	0.08937	0.00603	0.00622	0.00567	0.00748	0.00587	0.00439	0.12653	0.01174	0.01591	0.15227	0.05955	0.47415	0.00940	0.00488	0.00145	0.00273	0.00777	0.00414	0.00446
23	0.01365	0.11169	0.04178	0.06134	0.19647	0.26638	0.00990	0.16219	0.06761	0.01541	0.00865	0.00988	0.00687	0.00454	0.00409	0.00124	0.00592	0.00347	0.00273	0.00622
24	0.05862	0.08536	0.01572	0.01793	0.38681	0.23702	0.01057	0.10973	0.01180	0.01498	0.00788	0.00955	0.00647	0.00427	0.00405	0.00124	0.00581	0.00342	0.00248	0.00631

[dist]
# distance from previous block
# <min> <max>
0	10

[block]
# block no. 6 follows, 59 sequences, length 11
# corresponding to MSA columns:
# 292-302
name=unknown_G
#
# <colnr> <probs for GDERKNQSTAVLIFYWHMCP>
#	G	D	E	R	K	N	Q	S	T	A	V	L	I	F	Y	W	H	M	C	P
0	0.01057	0.01012	0.01727	0.14077	0.70642	0.01040	0.01337	0.01323	0.00988	0.01399	0.00824	0.01105	0.00684	0.00400	0.00438	0.00133	0.00534	0.00393	0.00215	0.00670
1	0.00712	0.00554	0.00736	0.06946	0.05613	0.00566	0.00577	0.06775	0.04171	0.01303	0.02191	0.49240	0.08862	0.03042	0.03290	0.00191	0.00355	0.04063	0.00378	0.00434
2	0.00548	0.00398	0.00519	0.00606	0.00649	0.00369	0.00417	0.00640	0.00886	0.01173	0.06464	0.70160	0.09591	0.01331	0.00560	0.00176	0.00258	0.04476	0.00414	0.00365
3	0.01341	0.07261	0.01309	0.01143	0.10860	0.09188	0.05960	0.16628	0.07261	0.17063	0.04805	0.11324	0.01259	0.00624	0.00452	0.00138	0.00465	0.01914	0.00378	0.00625
4	0.00539	0.00405	0.00500	0.00566	0.00630	0.00366	0.00390	0.00633	0.00913	0.01183	0.07596	0.57979	0.24130	0.01284	0.00550	0.00169	0.00245	0.01142	0.00414	0.00366
5	0.01567	0.01186	0.01374	0.05084	0.01488	0.03363	0.06473	0.58743	0.07553	0.06972	0.01117	0.01136	0.00795	0.00519	0.00447	0.00135	0.00501	0.00413	0.00415	0.00717
6	0.01171	0.01175	0.03368	0.04044	0.42363	0.07550	0.13349	0.10234	0.04358	0.01550	0.00915	0.01182	0.00747	0.00454	0.00492	0.00138	0.03879	0.02123	0.00256	0.00653
7	0.00669	0.00487	0.00641	0.06488	0.00816	0.00520	0.00466	0.03898	0.00783	0.01062	0.01534	0.22080	0.01690	0.34351	0.22140	0.00408	0.00593	0.00720	0.00296	0.00357
8	0.01302	0.07732	0.01601	0.07644	0.28026	0.23449	0.06659	0.07629	0.05065	0.04074	0.00866	0.01032	0.00690	0.00443	0.00439	0.00128	0.01980	0.00368	0.00257	0.00618
9	0.01270	0.02637	0.02862	0.03500	0.20360	0.17938	0.09757	0.12431	0.09335	0.04727	0.02494	0.01371	0.02868	0.00521	0.00476	0.00137	0.02839	0.03555	0.00303	0.00620
10	0.11606	0.08539	0.05753	0.04574	0.09767	0.24509	0.08448	0.10986	0.03963	0.02687	0.03523	0.01068	0.01778	0.00465	0.00406	0.00128	0.00580	0.00364	0.00274	0.00581

[dist]
# distance from previous block
# <min> <max>
8	20

[block]
# block no. 7 follows, 59 sequences, length 18
# corresponding to MSA columns:
# 330-347
name=unknown_H
#
# <colnr> <probs for GDERKNQSTAVLIFYWHMCP>
#	G	D	E	R	K	N	Q	S	T	A	V	L	I	F	Y	W	H	M	C	P
0	0.10016	0.14871	0.17485	0.01046	0.06558	0.06523	0.03407	0.08600	0.02752	0.17911	0.02912	0.02726	0.02350	0.00493	0.00400	0.00130	0.00493	0.00384	0.00318	0.00627
1	0.01080	0.06642	0.04819	0.06686	0.34712	0.02519	0.06106	0.07959	0.03489	0.05121	0.04699	0.08709	0.03543	0.00562	0.00452	0.00138	0.00486	0.01370	0.00292	0.00617
2	0.29057	0.00865	0.04608	0.00966	0.08733	0.00832	0.07058	0.05074	0.02667	0.13166	0.10639	0.07987	0.05390	0.00605	0.00416	0.00142	0.00389	0.00503	0.00353	0.00551
3	0.00950	0.03216	0.04859	0.08903	0.16635	0.09590	0.10877	0.04893	0.01055	0.01356	0.06030	0.17074	0.08427	0.00716	0.00481	0.00146	0.00491	0.03475	0.00301	0.00525
4	0.01533	0.05086	0.18089	0.00993	0.01402	0.05687	0.00944	0.34333	0.01502	0.21135	0.01115	0.01103	0.00771	0.00492	0.00424	0.00130	0.00505	0.00375	0.00384	0.03996
5	0.04729	0.00546	0.00717	0.00804	0.04940	0.00540	0.02095	0.00918	0.05457	0.01327	0.04139	0.24401	0.16099	0.01107	0.00546	0.00176	0.00339	0.30303	0.00393	0.00427
6	0.00775	0.00622	0.04430	0.00981	0.11302	0.00539	0.02732	0.00927	0.00934	0.07745	0.02097	0.49438	0.04236	0.01092	0.00535	0.00169	0.00348	0.10256	0.00381	0.00460
7	0.01039	0.06013	0.60153	0.01247	0.01827	0.01057	0.09357	0.05206	0.01022	0.07724	0.00881	0.00998	0.00622	0.00428	0.00426	0.00138	0.00624	0.00354	0.00230	0.00655
8	0.01118	0.01063	0.04638	0.24735	0.37584	0.05161	0.09052	0.01393	0.01009	0.08673	0.00898	0.01143	0.00690	0.00423	0.00445	0.00137	0.00569	0.00402	0.00242	0.00625
9	0.00603	0.00438	0.00569	0.00633	0.00701	0.00408	0.00458	0.00702	0.00871	0.01158	0.02345	0.51005	0.08166	0.06558	0.01839	0.02366	0.00312	0.15244	0.00384	0.05241
10	0.01089	0.05791	0.01571	0.02944	0.40795	0.11534	0.08308	0.04268	0.01035	0.01347	0.01049	0.11879	0.01006	0.04806	0.00540	0.00150	0.00537	0.00507	0.00254	0.00591
11	0.07114	0.08647	0.19557	0.01075	0.01451	0.29809	0.04568	0.10450	0.01202	0.10850	0.00873	0.00944	0.00647	0.00453	0.00401	0.00126	0.00621	0.00329	0.00279	0.00605
12	0.05518	0.00515	0.00724	0.00715	0.00830	0.00492	0.06561	0.00812	0.00978	0.01355	0.16414	0.34457	0.12193	0.01104	0.00540	0.00168	0.00314	0.15505	0.00401	0.00404
13	0.01539	0.06444	0.08838	0.00791	0.01121	0.00748	0.00711	0.05738	0.01234	0.49236	0.12962	0.01772	0.05678	0.00603	0.00446	0.00135	0.00383	0.00493	0.00467	0.00662
14	0.05528	0.22126	0.49524	0.01070	0.01593	0.05352	0.01262	0.01445	0.03287	0.03875	0.00794	0.00899	0.00597	0.00420	0.00380	0.00128	0.00583	0.00307	0.00213	0.00620
15	0.01260	0.31236	0.15680	0.00943	0.01304	0.24995	0.00899	0.01489	0.02690	0.05399	0.05610	0.00999	0.00830	0.00450	0.00369	0.00113	0.00568	0.00317	0.00245	0.04605
16	0.01076	0.16795	0.15463	0.00905	0.01192	0.11802	0.00840	0.03472	0.11021	0.05877	0.06601	0.15413	0.01361	0.00672	0.00483	0.00139	0.04682	0.01339	0.00313	0.00555
17	0.05200	0.44846	0.15722	0.00886	0.01268	0.10321	0.00889	0.05428	0.04820	0.01316	0.05008	0.00957	0.00799	0.00441	0.00348	0.00113	0.00514	0.00308	0.00238	0.00579

[dist]
# distance from previous block
# <min> <max>
4	25

[block]
# block no. 8 follows, 59 sequences, length 13
# corresponding to MSA columns:
# 373-385
name=unknown_I
#
# <colnr> <probs for GDERKNQSTAVLIFYWHMCP>
#	G	D	E	R	K	N	Q	S	T	A	V	L	I	F	Y	W	H	M	C	P
0	0.09569	0.18958	0.23067	0.05307	0.05251	0.05226	0.02789	0.02504	0.00980	0.10797	0.02636	0.03734	0.00789	0.00472	0.00406	0.00127	0.02163	0.00361	0.00263	0.04599
1	0.05725	0.27188	0.19407	0.04116	0.11270	0.04935	0.01015	0.04419	0.00990	0.05891	0.01943	0.01014	0.02374	0.00452	0.00425	0.00123	0.04599	0.00332	0.00240	0.03540
2	0.03404	0.13306	0.47323	0.01036	0.01524	0.01032	0.02231	0.01351	0.03626	0.04711	0.02466	0.03178	0.03938	0.02412	0.00469	0.00139	0.02328	0.00385	0.00239	0.04902
3	0.02637	0.18905	0.38162	0.01010	0.01475	0.04930	0.03867	0.01361	0.00982	0.06685	0.06041	0.02790	0.02858	0.00480	0.00399	0.00125	0.00534	0.00378	0.00249	0.06134
4	0.00986	0.22507	0.48218	0.01034	0.01540	0.03377	0.01222	0.01347	0.00967	0.03769	0.06719	0.01146	0.02888	0.00465	0.00394	0.00127	0.00555	0.00355	0.00228	0.02157
5	0.01046	0.40587	0.18156	0.00850	0.01218	0.06409	0.00868	0.04739	0.01013	0.01277	0.07861	0.05733	0.05732	0.00539	0.00376	0.00118	0.00479	0.00409	0.00254	0.02338
6	0.00876	0.03239	0.16334	0.00837	0.01092	0.00700	0.03409	0.07650	0.01086	0.06254	0.13304	0.11399	0.08200	0.05083	0.03308	0.00186	0.00438	0.14539	0.00361	0.01703
7	0.01164	0.79958	0.06951	0.00785	0.01179	0.01706	0.00807	0.01327	0.00899	0.01060	0.00624	0.00721	0.00566	0.00380	0.00291	0.00097	0.00483	0.00241	0.00189	0.00572
8	0.01177	0.65882	0.13814	0.00861	0.01266	0.08401	0.00891	0.01370	0.00932	0.01095	0.00646	0.00748	0.00566	0.00390	0.00313	0.00103	0.00526	0.00253	0.00192	0.00575
9	0.02923	0.31366	0.40623	0.01017	0.01503	0.05112	0.01170	0.01398	0.00950	0.04921	0.00838	0.01064	0.00681	0.00451	0.00377	0.00125	0.00564	0.04093	0.00218	0.00604
10	0.00668	0.04513	0.00581	0.00505	0.00527	0.00498	0.00304	0.00682	0.00658	0.00873	0.01344	0.02732	0.01533	0.76725	0.05803	0.00425	0.00465	0.00615	0.00262	0.00288
11	0.05303	0.46097	0.35676	0.00958	0.01446	0.01408	0.01109	0.01353	0.00905	0.01236	0.00689	0.00803	0.00559	0.00397	0.00340	0.00116	0.00541	0.00274	0.00192	0.00598
12	0.01100	0.44271	0.34982	0.00983	0.01471	0.01421	0.01122	0.07655	0.01006	0.01326	0.00723	0.00828	0.00579	0.00407	0.00352	0.00116	0.00547	0.00286	0.00208	0.00617

[dist]
# distance from previous block
# <min> <max>
2	6

[block]
# block no. 9 follows, 59 sequences, length 16
# corresponding to MSA columns:
# 392-407
name=unknown_J
#
# <colnr> <probs for GDERKNQSTAVLIFYWHMCP>
#	G	D	E	R	K	N	Q	S	T	A	V	L	I	F	Y	W	H	M	C	P
0	0.01197	0.74848	0.06389	0.00808	0.01190	0.07211	0.00808	0.01356	0.00923	0.01061	0.00628	0.00726	0.00567	0.00385	0.00298	0.00098	0.00504	0.00244	0.00191	0.00568
1	0.05129	0.70683	0.05971	0.00801	0.01176	0.07863	0.00792	0.01359	0.00920	0.01102	0.00628	0.00726	0.00563	0.00387	0.00298	0.00100	0.00500	0.00244	0.00196	0.00563
2	0.01181	0.84744	0.02314	0.00756	0.01134	0.01748	0.00756	0.01323	0.00897	0.01039	0.00614	0.00708	0.00567	0.00378	0.00283	0.00094	0.00472	0.00236	0.00189	0.00567
3	0.00631	0.00473	0.00710	0.00710	0.00789	0.00552	0.00552	0.00789	0.00710	0.01025	0.01183	0.01735	0.01104	0.03312	0.82728	0.00710	0.01183	0.00473	0.00237	0.00394
4	0.01650	0.02105	0.01252	0.01138	0.01365	0.82705	0.00853	0.01764	0.01252	0.01081	0.00683	0.00796	0.00569	0.00455	0.00398	0.00114	0.00796	0.00284	0.00228	0.00512
5	0.10582	0.00762	0.00987	0.00765	0.01100	0.00683	0.00632	0.02067	0.01213	0.73988	0.01629	0.01424	0.01032	0.00533	0.00427	0.00137	0.00372	0.00424	0.00519	0.00724
6	0.00886	0.02285	0.82190	0.01259	0.01912	0.01026	0.01632	0.01399	0.00932	0.01399	0.00793	0.00932	0.00559	0.00420	0.00420	0.00140	0.00653	0.00326	0.00186	0.00653
7	0.01068	0.01034	0.01794	0.09737	0.70707	0.01047	0.05433	0.01339	0.00997	0.01414	0.00830	0.01106	0.00688	0.00397	0.00442	0.00133	0.00542	0.00400	0.00217	0.00676
8	0.00631	0.00473	0.00710	0.00710	0.00789	0.00552	0.00552	0.00789	0.00710	0.01025	0.01183	0.01735	0.01104	0.03312	0.82728	0.00710	0.01183	0.00473	0.00237	0.00394
9	0.00642	0.00428	0.00482	0.00482	0.00482	0.00428	0.00268	0.00642	0.00642	0.00856	0.01392	0.02890	0.01606	0.84478	0.02248	0.00428	0.00428	0.00642	0.00268	0.00268
10	0.01245	0.69754	0.04446	0.00825	0.01191	0.11539	0.00795	0.03833	0.00978	0.01109	0.00641	0.00737	0.00573	0.00393	0.00306	0.00099	0.00517	0.00250	0.00201	0.00568
11	0.09618	0.65605	0.02011	0.00790	0.01137	0.12460	0.00742	0.01379	0.00930	0.01136	0.00623	0.00721	0.00558	0.00391	0.00298	0.00101	0.00503	0.00243	0.00202	0.00551
12	0.87598	0.00854	0.00649	0.00581	0.00854	0.00991	0.00478	0.01298	0.00752	0.01982	0.00615	0.00717	0.00478	0.00410	0.00273	0.00137	0.00342	0.00239	0.00273	0.00478
13	0.01110	0.64993	0.21446	0.00876	0.01320	0.01575	0.00966	0.01341	0.00906	0.01125	0.00657	0.00762	0.00565	0.00388	0.00316	0.00105	0.00516	0.00258	0.00188	0.00587
14	0.04966	0.73026	0.10006	0.00797	0.01197	0.01644	0.00829	0.01329	0.00894	0.01116	0.00631	0.00731	0.00562	0.00383	0.00296	0.00101	0.00484	0.00245	0.00192	0.00571
15	0.01059	0.61888	0.09506	0.00780	0.01126	0.01452	0.00785	0.01230	0.00887	0.01087	0.02500	0.01172	0.00827	0.06551	0.03979	0.00155	0.00508	0.03760	0.00212	0.00536

[dist]
# distance from previous block
# <min> <max>
3	8

[block]
# block no. 10 follows, 59 sequences, length 8
# corresponding to MSA columns:
# 416-423
name=unknown_K
#
# <colnr> <probs for GDERKNQSTAVLIFYWHMCP>
#	G	D	E	R	K	N	Q	S	T	A	V	L	I	F	Y	W	H	M	C	P
0	0.19243	0.36969	0.26497	0.00876	0.01314	0.01304	0.00961	0.01388	0.00899	0.05972	0.00734	0.00825	0.00576	0.00407	0.00332	0.00120	0.00495	0.00276	0.00226	0.00585
1	0.33339	0.08243	0.00855	0.00670	0.00872	0.04025	0.00542	0.01084	0.00783	0.01415	0.00915	0.01317	0.00835	0.05737	0.29136	0.00344	0.00670	0.02516	0.00254	0.06449
2	0.27685	0.34973	0.01451	0.00745	0.01070	0.12644	0.00654	0.01381	0.00917	0.04180	0.00683	0.00775	0.00568	0.00398	0.00307	0.00108	0.00458	0.00254	0.00241	0.10508
3	0.01176	0.71071	0.10908	0.00832	0.01231	0.06311	0.00856	0.01356	0.00922	0.01080	0.00637	0.00738	0.00566	0.00387	0.00305	0.00100	0.00510	0.00249	0.00191	0.00573
4	0.00886	0.02285	0.82190	0.01259	0.01912	0.01026	0.01632	0.01399	0.00932	0.01399	0.00793	0.00932	0.00559	0.00420	0.00420	0.00140	0.00653	0.00326	0.00186	0.00653
5	0.01629	0.00763	0.00989	0.00742	0.01101	0.00629	0.00608	0.01808	0.01149	0.55366	0.01426	0.01309	0.00948	0.00474	0.00405	0.00113	0.00360	0.00384	0.00452	0.29346
6	0.01855	0.00928	0.10368	0.00840	0.01218	0.00692	0.00762	0.02066	0.01226	0.72748	0.01633	0.01438	0.01032	0.00532	0.00441	0.00137	0.00408	0.00431	0.00505	0.00740
7	0.00641	0.00432	0.00501	0.00501	0.00507	0.00439	0.00292	0.00655	0.00648	0.00871	0.01374	0.02793	0.01564	0.77662	0.09007	0.00452	0.00492	0.00628	0.00265	0.00278

[dist]
# distance from previous block
# <min> <max>
0	0

# created by:
# /st0/software/busco_prod/Augustus/scripts/msa2prfl.pl ./align_prep/38816.fa
