[name]
unknown

[dist]
# distance from previous block
# <min> <max>
0	5

[block]
# block no. 0 follows, 71 sequences, length 15
# corresponding to MSA columns:
# 5-19
name=unknown_A
#
# <colnr> <probs for GDERKNQSTAVLIFYWHMCP>
#	G	D	E	R	K	N	Q	S	T	A	V	L	I	F	Y	W	H	M	C	P
0	0.08984	0.00841	0.01359	0.01024	0.01334	0.00816	0.29233	0.13678	0.01082	0.29748	0.01119	0.01314	0.00821	0.00452	0.00406	0.00126	0.00452	0.06315	0.00333	0.00563
1	0.01308	0.01000	0.01067	0.00852	0.01132	0.01119	0.00693	0.58939	0.25961	0.02176	0.01110	0.01071	0.00805	0.00478	0.00386	0.00120	0.00387	0.00371	0.00386	0.00639
2	0.00530	0.00385	0.00491	0.00511	0.00552	0.00391	0.00354	0.00605	0.00699	0.00943	0.08591	0.23569	0.09607	0.28798	0.17330	0.00310	0.02231	0.03513	0.00289	0.00301
3	0.00927	0.00772	0.00825	0.00747	0.00949	0.00877	0.00578	0.04931	0.68705	0.03090	0.01664	0.08921	0.04131	0.00592	0.00401	0.00131	0.00298	0.00500	0.00387	0.00574
4	0.01220	0.00966	0.01234	0.08371	0.01358	0.01061	0.10922	0.55361	0.01475	0.01984	0.04109	0.04797	0.00822	0.00490	0.00435	0.00122	0.03954	0.00404	0.00333	0.00580
5	0.00559	0.00455	0.00503	0.00485	0.00611	0.00433	0.00365	0.00833	0.13875	0.01268	0.26771	0.07643	0.43067	0.00858	0.00445	0.00128	0.00209	0.00732	0.00381	0.00379
6	0.00779	0.00601	0.05369	0.00743	0.05603	0.00536	0.03703	0.00974	0.01959	0.13140	0.43336	0.05531	0.02294	0.00865	0.07889	0.00168	0.05152	0.00566	0.00357	0.00437
7	0.00972	0.00889	0.01372	0.06467	0.63193	0.05572	0.01030	0.01170	0.00864	0.05755	0.00798	0.01095	0.00684	0.07906	0.00516	0.00137	0.00457	0.00358	0.00209	0.00558
8	0.00865	0.00571	0.00807	0.03961	0.00945	0.00549	0.08323	0.03154	0.07655	0.17777	0.05669	0.10754	0.19546	0.00761	0.00445	0.00137	0.00322	0.15575	0.01735	0.00449
9	0.24629	0.00706	0.00785	0.00634	0.00889	0.00715	0.00519	0.13411	0.02658	0.38264	0.07650	0.01200	0.00981	0.00465	0.00346	0.00117	0.00313	0.00356	0.04810	0.00551
10	0.01055	0.49018	0.08068	0.05752	0.13021	0.09104	0.00820	0.04504	0.00874	0.03709	0.00633	0.00742	0.00530	0.00352	0.00301	0.00096	0.00458	0.00253	0.00190	0.00518
11	0.00593	0.00406	0.00531	0.01960	0.00589	0.00436	0.00364	0.00672	0.03233	0.01995	0.01121	0.03511	0.01168	0.41937	0.32169	0.07709	0.00605	0.00485	0.00227	0.00290
12	0.00476	0.00389	0.00420	0.00413	0.00532	0.00334	0.00309	0.00595	0.00928	0.01165	0.24523	0.03477	0.63259	0.00923	0.00453	0.00127	0.00191	0.00779	0.00373	0.00334
13	0.00642	0.00527	0.00602	0.04836	0.00780	0.04736	0.00462	0.05418	0.10700	0.01132	0.01832	0.62774	0.02063	0.00997	0.00459	0.00146	0.00281	0.00890	0.00344	0.00378
14	0.01141	0.00973	0.01299	0.15779	0.33684	0.05382	0.00956	0.31019	0.01211	0.03654	0.00800	0.00946	0.00610	0.00398	0.00380	0.00116	0.00462	0.00339	0.00265	0.00586

[dist]
# distance from previous block
# <min> <max>
0	1

[block]
# block no. 1 follows, 71 sequences, length 108
# corresponding to MSA columns:
# 22-129
name=unknown_B
#
# <colnr> <probs for GDERKNQSTAVLIFYWHMCP>
#	G	D	E	R	K	N	Q	S	T	A	V	L	I	F	Y	W	H	M	C	P
0	0.01140	0.00939	0.01070	0.12622	0.08319	0.05295	0.00764	0.28509	0.30925	0.04705	0.01106	0.01123	0.00818	0.00458	0.00384	0.00121	0.00405	0.00373	0.00334	0.00590
1	0.00804	0.00687	0.00800	0.00572	0.00912	0.00520	0.00458	0.02057	0.00809	0.01265	0.00685	0.00797	0.00569	0.00286	0.00285	0.00058	0.00286	0.00229	0.00229	0.87693
2	0.03810	0.00616	0.00728	0.00634	0.00824	0.00615	0.00496	0.10298	0.14558	0.25087	0.11561	0.13141	0.09790	0.03544	0.00466	0.00136	0.00290	0.02505	0.00398	0.00503
3	0.00467	0.00334	0.00445	0.00534	0.00556	0.00311	0.00356	0.00534	0.00734	0.00979	0.02113	0.86275	0.02536	0.01201	0.00489	0.00156	0.00222	0.01090	0.00356	0.00311
4	0.01277	0.00900	0.01127	0.19261	0.10144	0.03228	0.00809	0.37428	0.01310	0.17593	0.01007	0.01064	0.02204	0.00442	0.00384	0.00118	0.00430	0.00357	0.00329	0.00587
5	0.01055	0.00960	0.01509	0.03807	0.58660	0.04365	0.07919	0.10521	0.00999	0.05336	0.00780	0.00961	0.00620	0.00363	0.00385	0.00115	0.00472	0.00350	0.00226	0.00596
6	0.00521	0.00392	0.00456	0.00454	0.00549	0.00354	0.00329	0.00653	0.02467	0.02383	0.29754	0.15088	0.36601	0.07579	0.00572	0.00149	0.00212	0.00778	0.00371	0.00337
7	0.00646	0.00399	0.00484	0.00471	0.00550	0.00374	0.00334	0.00755	0.00847	0.07719	0.26353	0.10803	0.10199	0.24104	0.00840	0.00192	0.00256	0.03807	0.10526	0.00340
8	0.00681	0.00514	0.00633	0.00618	0.03809	0.01441	0.00445	0.04309	0.10479	0.03698	0.54855	0.08688	0.04910	0.00736	0.00436	0.00122	0.00230	0.00645	0.00396	0.02354
9	0.00815	0.00681	0.00797	0.00570	0.00910	0.00512	0.00457	0.00985	0.00802	0.03072	0.00700	0.00806	0.00576	0.00288	0.00286	0.00058	0.00285	0.00231	0.00233	0.86936
10	0.00789	0.00455	0.00582	0.00545	0.00675	0.00418	0.00413	0.00967	0.04665	0.19220	0.32111	0.21399	0.12434	0.00829	0.00446	0.00131	0.00233	0.02860	0.00407	0.00419
11	0.02891	0.00739	0.00992	0.00788	0.03247	0.00688	0.03562	0.14292	0.01187	0.65381	0.01360	0.01217	0.00873	0.00462	0.00385	0.00118	0.00356	0.00378	0.00439	0.00643
12	0.04141	0.00957	0.02586	0.10760	0.38438	0.06035	0.11449	0.05961	0.04388	0.01273	0.00744	0.00954	0.00601	0.00394	0.00462	0.00122	0.08314	0.00348	0.01531	0.00541
13	0.04706	0.00703	0.01158	0.01042	0.10469	0.00683	0.22149	0.01163	0.08507	0.12956	0.09466	0.07782	0.04852	0.09146	0.00605	0.02932	0.00399	0.00511	0.00298	0.00472
14	0.00553	0.00376	0.00448	0.00451	0.00462	0.00385	0.00273	0.00575	0.00572	0.00773	0.01214	0.05380	0.01372	0.71298	0.13967	0.00399	0.00462	0.00555	0.00233	0.00251
15	0.04657	0.00509	0.00598	0.00575	0.03012	0.00508	0.01641	0.01008	0.15151	0.04023	0.32729	0.02386	0.19555	0.00689	0.00405	0.00120	0.00229	0.00587	0.11201	0.00416
16	0.01105	0.03392	0.09696	0.04309	0.16260	0.20400	0.02147	0.06961	0.00951	0.12355	0.00843	0.01004	0.00663	0.00798	0.13076	0.02805	0.02160	0.00328	0.00241	0.00507
17	0.00630	0.00409	0.00543	0.00558	0.00622	0.00416	0.00397	0.00750	0.03680	0.07975	0.01588	0.35197	0.02829	0.16348	0.25879	0.00326	0.00499	0.00709	0.00301	0.00347
18	0.03650	0.00944	0.01042	0.00806	0.01104	0.03977	0.00663	0.49280	0.01500	0.31390	0.01109	0.01041	0.00746	0.00460	0.00379	0.00116	0.00395	0.00353	0.00406	0.00639
19	0.87167	0.00767	0.00576	0.00516	0.00752	0.02840	0.00423	0.01137	0.00663	0.01702	0.00535	0.00624	0.00417	0.00357	0.00240	0.00118	0.00306	0.00209	0.00236	0.00416
20	0.00556	0.00423	0.00633	0.00628	0.00694	0.00500	0.00490	0.00692	0.00615	0.00891	0.01012	0.01487	0.00945	0.02811	0.82535	0.00603	0.03528	0.00409	0.00204	0.00345
21	0.00729	0.00686	0.01159	0.83799	0.04407	0.00853	0.01067	0.00984	0.00769	0.00986	0.00682	0.01021	0.00513	0.00382	0.00383	0.00127	0.00510	0.00341	0.00171	0.00430
22	0.00909	0.01389	0.31235	0.01626	0.28711	0.06961	0.21194	0.01228	0.00874	0.01210	0.00714	0.00902	0.00550	0.00349	0.00390	0.00119	0.00559	0.00341	0.00181	0.00559
23	0.00542	0.00392	0.00528	0.00607	0.00670	0.00377	0.00480	0.00668	0.00826	0.01081	0.04602	0.38429	0.07710	0.01105	0.00506	0.00163	0.00283	0.40342	0.00356	0.00334
24	0.89233	0.00741	0.00564	0.00504	0.00741	0.00860	0.00415	0.01127	0.00653	0.01720	0.00534	0.00623	0.00415	0.00356	0.00237	0.00119	0.00297	0.00208	0.00237	0.00415
25	0.00470	0.00335	0.00444	0.00530	0.00552	0.00313	0.00352	0.00535	0.00728	0.00971	0.02084	0.83576	0.02499	0.03950	0.00536	0.00163	0.00227	0.01073	0.00352	0.00309
26	0.00850	0.00808	0.01363	0.39021	0.46474	0.00886	0.01116	0.01108	0.02548	0.01140	0.00721	0.00991	0.00577	0.00364	0.00381	0.00120	0.00477	0.00343	0.00185	0.00527
27	0.00563	0.00400	0.00517	0.00556	0.02141	0.00412	0.00376	0.00659	0.02645	0.00923	0.03874	0.18880	0.01655	0.37185	0.17730	0.00336	0.00461	0.08873	0.01513	0.00303
28	0.01131	0.52938	0.04290	0.00807	0.01092	0.26908	0.02677	0.01260	0.00870	0.00932	0.00561	0.00663	0.00495	0.00362	0.00323	0.00093	0.03715	0.00231	0.00175	0.00478
29	0.01025	0.86756	0.02009	0.00656	0.00984	0.01517	0.00656	0.01148	0.00779	0.00902	0.00533	0.00615	0.00492	0.00328	0.00246	0.00082	0.00410	0.00205	0.00164	0.00492
30	0.00468	0.00342	0.00435	0.00509	0.00549	0.00314	0.00345	0.00541	0.00757	0.00994	0.02373	0.72408	0.15020	0.01155	0.00481	0.00151	0.00218	0.01037	0.01589	0.00314
31	0.00470	0.00371	0.00420	0.00450	0.00534	0.00327	0.00320	0.00557	0.00814	0.01017	0.05436	0.31048	0.47614	0.05571	0.01526	0.00157	0.00225	0.02476	0.00350	0.00317
32	0.01019	0.01958	0.06956	0.00718	0.00928	0.00705	0.02207	0.13058	0.03591	0.21458	0.01804	0.08435	0.20503	0.00686	0.00544	0.02254	0.10994	0.01347	0.00342	0.00492
33	0.00776	0.04405	0.82181	0.01080	0.01640	0.00908	0.01395	0.01212	0.00809	0.01205	0.00684	0.00804	0.00486	0.00363	0.00361	0.00120	0.00562	0.00281	0.00162	0.00565
34	0.00769	0.01983	0.84538	0.01093	0.01659	0.00890	0.01417	0.01214	0.00810	0.01214	0.00688	0.00810	0.00486	0.00364	0.00364	0.00121	0.00567	0.00283	0.00162	0.00567
35	0.01267	0.01427	0.01020	0.00912	0.01121	0.49986	0.00697	0.07441	0.28297	0.01262	0.00934	0.00954	0.00728	0.00445	0.00378	0.00111	0.01916	0.00317	0.00274	0.00512
36	0.00855	0.20065	0.06353	0.00627	0.00977	0.02077	0.00565	0.01031	0.00797	0.01165	0.00647	0.00754	0.00545	0.00301	0.00281	0.00067	0.00336	0.00226	0.00208	0.62122
37	0.00617	0.00555	0.03668	0.00515	0.00656	0.05112	0.00408	0.00794	0.04751	0.04433	0.24152	0.10159	0.41064	0.00847	0.00441	0.00127	0.00245	0.00718	0.00363	0.00374
38	0.01810	0.00494	0.00653	0.00644	0.00780	0.00481	0.00536	0.01052	0.06717	0.15720	0.24142	0.03162	0.02280	0.00838	0.00471	0.00147	0.00298	0.38957	0.00394	0.00426
39	0.00892	0.01122	0.09852	0.01568	0.01972	0.00962	0.75239	0.01227	0.00896	0.01227	0.00768	0.01014	0.00573	0.00327	0.00444	0.00129	0.00639	0.00437	0.00191	0.00522
40	0.00927	0.00843	0.01183	0.04687	0.39498	0.00909	0.00880	0.01551	0.39479	0.01398	0.01157	0.03926	0.00929	0.00454	0.00388	0.00123	0.00379	0.00409	0.00288	0.00591
41	0.01670	0.00641	0.00874	0.00674	0.00962	0.00555	0.00555	0.01820	0.01097	0.80888	0.05005	0.01371	0.01062	0.00488	0.00388	0.00119	0.00320	0.00399	0.00472	0.00640
42	0.00461	0.00358	0.00420	0.00469	0.00539	0.00317	0.00327	0.00541	0.00796	0.01004	0.02901	0.49517	0.38785	0.01099	0.00473	0.00144	0.00210	0.00965	0.00356	0.00317
43	0.02398	0.00867	0.01180	0.34729	0.14580	0.03985	0.00923	0.20021	0.04357	0.05210	0.00797	0.00984	0.00602	0.00427	0.00449	0.00124	0.07252	0.00342	0.00247	0.00524
44	0.00724	0.00681	0.01150	0.85604	0.02641	0.00852	0.01065	0.00980	0.00767	0.00980	0.00681	0.01022	0.00511	0.00383	0.00383	0.00128	0.00511	0.00341	0.00170	0.00426
45	0.00469	0.00338	0.00445	0.00530	0.00558	0.00314	0.00357	0.00539	0.00743	0.00984	0.02191	0.81303	0.06185	0.01189	0.00488	0.00155	0.00223	0.02322	0.00356	0.00313
46	0.00855	0.06314	0.00892	0.00590	0.00927	0.00608	0.00482	0.04713	0.00845	0.02576	0.00696	0.00797	0.00573	0.00298	0.00288	0.00062	0.00299	0.00234	0.00234	0.77719
47	0.01148	0.05330	0.28141	0.01056	0.11614	0.02382	0.02488	0.09998	0.01003	0.23516	0.00929	0.00962	0.00652	0.00392	0.00362	0.00111	0.00443	0.00318	0.00280	0.08876
48	0.02848	0.42596	0.21321	0.02195	0.06810	0.02165	0.02684	0.09234	0.03557	0.01197	0.00661	0.00759	0.00537	0.00364	0.00323	0.00102	0.01652	0.00264	0.00197	0.00533
49	0.00763	0.05935	0.69957	0.01045	0.01547	0.00876	0.04644	0.01157	0.00812	0.01190	0.02327	0.06543	0.00685	0.00424	0.00372	0.00122	0.00532	0.00348	0.00181	0.00540
50	0.02859	0.00913	0.01065	0.00838	0.01103	0.01755	0.06347	0.53135	0.03735	0.05935	0.03521	0.05003	0.07797	0.00621	0.03445	0.00138	0.00417	0.00437	0.00362	0.00574
51	0.00548	0.00411	0.00616	0.00616	0.00685	0.00479	0.00479	0.00685	0.00616	0.00890	0.01027	0.01506	0.00959	0.02876	0.85006	0.00616	0.01027	0.00411	0.00205	0.00342
52	0.01532	0.11790	0.03531	0.00806	0.06125	0.00756	0.00648	0.06148	0.02106	0.60609	0.01282	0.01161	0.00842	0.00444	0.00367	0.00114	0.00357	0.00355	0.00402	0.00626
53	0.00724	0.00681	0.01150	0.85604	0.02641	0.00852	0.01065	0.00980	0.00767	0.00980	0.00681	0.01022	0.00511	0.00383	0.00383	0.00128	0.00511	0.00341	0.00170	0.00426
54	0.01051	0.01178	0.00878	0.00786	0.00957	0.44437	0.03655	0.02123	0.01059	0.03527	0.23183	0.01710	0.12740	0.00577	0.00394	0.00111	0.00473	0.00455	0.00289	0.00417
55	0.00552	0.00393	0.00525	0.00525	0.00561	0.00430	0.00365	0.00626	0.00589	0.00822	0.01111	0.01970	0.01160	0.41564	0.46593	0.00503	0.00724	0.00479	0.00218	0.00291
56	0.00724	0.00681	0.01150	0.85604	0.02641	0.00852	0.01065	0.00980	0.00767	0.00980	0.00681	0.01022	0.00511	0.00383	0.00383	0.00128	0.00511	0.00341	0.00170	0.00426
57	0.00550	0.00478	0.00541	0.00531	0.00657	0.02988	0.03470	0.00704	0.04302	0.01067	0.03056	0.10738	0.52886	0.03369	0.00505	0.00145	0.00263	0.13061	0.00343	0.00347
58	0.00548	0.00399	0.00475	0.03531	0.00642	0.00358	0.00366	0.00653	0.00859	0.05668	0.09401	0.27511	0.44343	0.00977	0.00459	0.00137	0.00224	0.02742	0.00361	0.00346
59	0.00893	0.00831	0.01174	0.32201	0.01750	0.03691	0.12262	0.01514	0.37076	0.02903	0.01094	0.01198	0.00818	0.00437	0.00395	0.00128	0.00441	0.00395	0.00277	0.00523
60	0.01713	0.00664	0.00897	0.00687	0.00984	0.00580	0.00568	0.04014	0.01116	0.82228	0.01497	0.01295	0.00941	0.00474	0.00386	0.00119	0.00329	0.00385	0.00472	0.00653
61	0.00895	0.00824	0.01150	0.00977	0.01012	0.01111	0.02308	0.02231	0.03308	0.05576	0.00621	0.00928	0.00574	0.02700	0.01171	0.00167	0.73460	0.00349	0.00197	0.00439
62	0.00905	0.01034	0.02262	0.01616	0.02004	0.00970	0.82741	0.01228	0.00905	0.01228	0.00776	0.01034	0.00582	0.00323	0.00452	0.00129	0.00646	0.00452	0.00194	0.00517
63	0.00726	0.00498	0.00610	0.00592	0.00698	0.00512	0.02648	0.07684	0.11814	0.04240	0.01648	0.40172	0.01690	0.03636	0.02641	0.00152	0.00281	0.00713	0.18641	0.00404
64	0.08501	0.01237	0.27734	0.00870	0.01245	0.00925	0.00881	0.30618	0.03650	0.17462	0.02584	0.00987	0.00709	0.00432	0.00367	0.00119	0.00432	0.00331	0.00319	0.00598
65	0.00474	0.00346	0.00445	0.00516	0.00555	0.00319	0.00352	0.00552	0.00771	0.01019	0.07218	0.69076	0.11918	0.02377	0.00505	0.00154	0.00221	0.02508	0.00358	0.00315
66	0.01167	0.00907	0.00974	0.00817	0.01068	0.01021	0.00656	0.34950	0.44990	0.04112	0.01315	0.01323	0.00990	0.00514	0.00392	0.00125	0.00354	0.03317	0.00388	0.00617
67	0.00891	0.00834	0.01266	0.01052	0.01920	0.01075	0.10928	0.01013	0.00677	0.06335	0.02300	0.00989	0.02220	0.00620	0.01063	0.00158	0.65644	0.00369	0.00200	0.00445
68	0.00915	0.02608	0.04029	0.01263	0.09434	0.01101	0.19446	0.07443	0.00793	0.01150	0.00625	0.00895	0.00542	0.00527	0.00874	0.00147	0.47173	0.00359	0.00193	0.00484
69	0.00476	0.00349	0.00447	0.00508	0.00554	0.00320	0.00348	0.00563	0.00802	0.01065	0.13881	0.63953	0.13098	0.01113	0.00480	0.00147	0.00213	0.00998	0.00365	0.00320
70	0.00509	0.00345	0.00460	0.00538	0.00570	0.00320	0.00363	0.00580	0.00751	0.03675	0.03387	0.82220	0.02502	0.01171	0.00485	0.00154	0.00225	0.01061	0.00361	0.00323
71	0.00822	0.00699	0.00809	0.00585	0.00921	0.00548	0.00468	0.03725	0.03491	0.01300	0.00718	0.00820	0.00590	0.00297	0.00291	0.00061	0.00289	0.00238	0.00238	0.83090
72	0.03860	0.04570	0.07029	0.10068	0.38629	0.00824	0.01777	0.01246	0.01835	0.14000	0.00828	0.00963	0.00632	0.00362	0.00358	0.00108	0.00420	0.00322	0.00237	0.11932
73	0.01294	0.11278	0.10860	0.00941	0.03383	0.32022	0.00801	0.19469	0.03750	0.08880	0.00784	0.00837	0.00594	0.00416	0.00378	0.00108	0.03114	0.00292	0.00261	0.00538
74	0.00903	0.06785	0.21647	0.01814	0.44880	0.00956	0.15119	0.01193	0.00857	0.01216	0.00710	0.00908	0.00566	0.00343	0.00380	0.00116	0.00512	0.00338	0.00182	0.00575
75	0.00996	0.00551	0.00876	0.03900	0.00935	0.00526	0.11116	0.02542	0.00799	0.24884	0.04242	0.01380	0.03562	0.03454	0.04714	0.34042	0.00402	0.00403	0.00282	0.00393
76	0.00557	0.00430	0.00517	0.00521	0.00620	0.00414	0.00390	0.00794	0.10103	0.01282	0.33082	0.21158	0.21172	0.00907	0.00459	0.00135	0.00219	0.06487	0.00384	0.00369
77	0.00958	0.00913	0.01518	0.02090	0.67130	0.00926	0.06749	0.03069	0.10329	0.01317	0.00825	0.01009	0.00671	0.00363	0.00386	0.00117	0.00451	0.00360	0.00217	0.00602
78	0.02179	0.03901	0.00865	0.00620	0.00924	0.00587	0.00504	0.02185	0.03502	0.32604	0.01056	0.02612	0.00781	0.02274	0.00365	0.00093	0.00308	0.00317	0.00327	0.43996
79	0.00902	0.03254	0.58130	0.01198	0.08466	0.02515	0.07871	0.07698	0.00917	0.04428	0.00743	0.00861	0.00534	0.00371	0.00372	0.00120	0.00543	0.00308	0.00197	0.00572
80	0.00863	0.19661	0.58314	0.01018	0.03657	0.04649	0.01191	0.01244	0.03921	0.01153	0.00685	0.00791	0.00516	0.00363	0.00340	0.00112	0.00526	0.00273	0.00173	0.00548
81	0.01025	0.86756	0.02009	0.00656	0.00984	0.01517	0.00656	0.01148	0.00779	0.00902	0.00533	0.00615	0.00492	0.00328	0.00246	0.00082	0.00410	0.00205	0.00164	0.00492
82	0.00786	0.14193	0.00947	0.01647	0.09217	0.01694	0.00558	0.01179	0.21863	0.02915	0.27304	0.01992	0.12969	0.00612	0.00394	0.00117	0.00289	0.00516	0.00337	0.00471
83	0.00927	0.02888	0.00936	0.03758	0.01023	0.09187	0.00582	0.04130	0.00840	0.04676	0.00712	0.02405	0.00602	0.00391	0.00455	0.00088	0.13548	0.00277	0.00230	0.52345
84	0.00548	0.00410	0.00611	0.00611	0.00678	0.00477	0.00473	0.00682	0.00615	0.00887	0.01031	0.01531	0.00969	0.04903	0.82993	0.00610	0.01011	0.00414	0.00206	0.00340
85	0.00473	0.00342	0.00448	0.00531	0.00564	0.00318	0.00363	0.00546	0.00750	0.00990	0.02234	0.76921	0.08234	0.01179	0.00489	0.00155	0.00226	0.04567	0.00356	0.00314
86	0.00672	0.00540	0.00630	0.00656	0.03840	0.00560	0.00460	0.05490	0.22979	0.01262	0.05224	0.35393	0.17211	0.02655	0.00475	0.00143	0.00260	0.00767	0.00360	0.00423
87	0.00804	0.00701	0.00870	0.00668	0.04070	0.00541	0.03061	0.00982	0.00801	0.01249	0.00686	0.00808	0.00570	0.00287	0.00293	0.00061	0.00302	0.00239	0.00225	0.82783
88	0.00583	0.00468	0.00631	0.00625	0.00697	0.03657	0.00483	0.00713	0.00638	0.00892	0.01076	0.01546	0.02901	0.04989	0.76454	0.00573	0.02107	0.00417	0.00209	0.00344
89	0.00461	0.00366	0.00414	0.00450	0.00535	0.00319	0.00319	0.00547	0.00821	0.01022	0.04726	0.37369	0.49179	0.01061	0.00468	0.00140	0.00205	0.00922	0.00357	0.00319
90	0.00482	0.00352	0.00480	0.00591	0.03177	0.00330	0.00382	0.00554	0.00738	0.00987	0.02070	0.83600	0.02475	0.01174	0.00486	0.00154	0.00230	0.01067	0.00351	0.00321
91	0.00789	0.04634	0.74941	0.01123	0.01667	0.00917	0.08251	0.01213	0.00817	0.01205	0.00690	0.00822	0.00494	0.00360	0.00368	0.00121	0.00568	0.00295	0.00165	0.00560
92	0.01459	0.00608	0.00808	0.00643	0.00898	0.00536	0.00522	0.01642	0.04171	0.65384	0.11158	0.02899	0.06393	0.00553	0.00399	0.00121	0.00299	0.00459	0.00456	0.00592
93	0.00769	0.01983	0.84538	0.01093	0.01659	0.00890	0.01417	0.01214	0.00810	0.01214	0.00688	0.00810	0.00486	0.00364	0.00364	0.00121	0.00567	0.00283	0.00162	0.00567
94	0.01441	0.00716	0.01082	0.01066	0.17553	0.00655	0.05434	0.02896	0.01031	0.56353	0.01323	0.02434	0.00926	0.02053	0.00423	0.00125	0.00372	0.03112	0.00390	0.00614
95	0.00945	0.01617	0.61594	0.00997	0.01476	0.00810	0.03141	0.01310	0.00866	0.17099	0.03060	0.00997	0.00677	0.02042	0.00416	0.00126	0.01705	0.00324	0.00231	0.00568
96	0.01468	0.00721	0.04455	0.00687	0.00958	0.04118	0.00582	0.01637	0.01946	0.63135	0.06552	0.03226	0.04745	0.00542	0.00397	0.00121	0.00336	0.03350	0.00433	0.00590
97	0.00985	0.00674	0.01025	0.02291	0.25482	0.01727	0.06352	0.01122	0.00833	0.20876	0.01226	0.04457	0.04559	0.24414	0.00844	0.00191	0.01719	0.00464	0.00282	0.00478
98	0.00769	0.01983	0.84538	0.01093	0.01659	0.00890	0.01417	0.01214	0.00810	0.01214	0.00688	0.00810	0.00486	0.00364	0.00364	0.00121	0.00567	0.00283	0.00162	0.00567
99	0.00881	0.00841	0.01433	0.27666	0.59355	0.00893	0.01143	0.01117	0.00841	0.01170	0.00709	0.00971	0.00578	0.00354	0.00381	0.00118	0.00472	0.00341	0.00184	0.00552
100	0.00985	0.15809	0.34852	0.00892	0.01987	0.02450	0.05533	0.01254	0.00885	0.17666	0.06495	0.07655	0.00953	0.00471	0.00369	0.00117	0.00446	0.00390	0.00259	0.00533
101	0.00918	0.09951	0.50098	0.01008	0.02505	0.00880	0.07385	0.02532	0.00857	0.11830	0.00867	0.04811	0.00668	0.00502	0.03416	0.00137	0.00524	0.00345	0.00219	0.00549
102	0.00470	0.00335	0.00444	0.00530	0.00551	0.00314	0.00351	0.00535	0.00728	0.00970	0.02081	0.83258	0.02495	0.04274	0.00542	0.00163	0.00228	0.01071	0.00351	0.00309
103	0.01075	0.76319	0.01896	0.00697	0.01009	0.11775	0.00666	0.01195	0.00817	0.00907	0.00540	0.00624	0.00492	0.00336	0.00258	0.00084	0.00445	0.00210	0.00168	0.00486
104	0.01377	0.01738	0.02920	0.00986	0.01190	0.75274	0.01697	0.01530	0.04768	0.01787	0.00647	0.00741	0.00530	0.00408	0.00375	0.00103	0.03005	0.00262	0.00207	0.00457
105	0.00535	0.00400	0.00470	0.00500	0.00589	0.00365	0.00365	0.03790	0.00858	0.02615	0.04019	0.39222	0.37041	0.01045	0.00470	0.00143	0.00229	0.06643	0.00360	0.00340
106	0.00840	0.02117	0.40752	0.01071	0.06776	0.00798	0.11438	0.04444	0.03343	0.05932	0.11685	0.01315	0.03584	0.03682	0.00452	0.00131	0.00472	0.00400	0.00243	0.00525
107	0.00529	0.00389	0.00505	0.00520	0.02208	0.00360	0.00365	0.00673	0.00970	0.01344	0.55669	0.19900	0.09574	0.04618	0.00524	0.00139	0.00204	0.00771	0.00390	0.00348

[dist]
# distance from previous block
# <min> <max>
0	6

# created by:
# /st0/software/busco_prod/Augustus/scripts/msa2prfl.pl ./align_prep/38821.fa
