[name]
unknown

[dist]
# distance from previous block
# <min> <max>
0	23

[block]
# block no. 0 follows, 60 sequences, length 16
# corresponding to MSA columns:
# 23-38
name=unknown_A
#
# <colnr> <probs for GDERKNQSTAVLIFYWHMCP>
#	G	D	E	R	K	N	Q	S	T	A	V	L	I	F	Y	W	H	M	C	P
0	0.01293	0.01299	0.03201	0.02902	0.05385	0.27715	0.00815	0.11638	0.04423	0.06108	0.03393	0.01358	0.00928	0.00549	0.00511	0.00128	0.08130	0.06634	0.00300	0.13291
1	0.01491	0.16973	0.03881	0.01143	0.05541	0.32921	0.02683	0.14350	0.01303	0.01540	0.00879	0.01032	0.00731	0.00505	0.00429	0.00131	0.00627	0.00341	0.00298	0.13200
2	0.00770	0.00629	0.00882	0.02447	0.17226	0.02337	0.02101	0.00972	0.01083	0.01549	0.40971	0.09192	0.02614	0.02646	0.00508	0.00138	0.00313	0.00657	0.07643	0.05321
3	0.00936	0.00829	0.01338	0.27061	0.37420	0.00876	0.01072	0.01195	0.02424	0.04670	0.05595	0.01674	0.11990	0.00538	0.00449	0.00138	0.00471	0.00486	0.00266	0.00571
4	0.00886	0.06030	0.01384	0.72552	0.05457	0.01033	0.01172	0.04228	0.00923	0.01183	0.00777	0.01127	0.00590	0.00434	0.00426	0.00141	0.00568	0.00378	0.00204	0.00506
5	0.01075	0.01215	0.22911	0.03152	0.09129	0.00823	0.06523	0.04221	0.01015	0.12877	0.02737	0.04671	0.00859	0.00463	0.00429	0.00119	0.02016	0.00395	0.00286	0.25083
6	0.01161	0.61078	0.17018	0.00869	0.01285	0.04851	0.00915	0.06258	0.00979	0.01201	0.00669	0.00766	0.00570	0.00393	0.00319	0.00105	0.00513	0.00262	0.00203	0.00585
7	0.00622	0.00549	0.02690	0.00731	0.02876	0.04649	0.02198	0.00721	0.00866	0.01132	0.02200	0.74005	0.02601	0.01248	0.00540	0.00171	0.00308	0.01129	0.00381	0.00383
8	0.00949	0.00539	0.00643	0.00571	0.00741	0.00502	0.00444	0.04182	0.03479	0.17184	0.30206	0.02640	0.17558	0.00766	0.00453	0.00132	0.00255	0.00647	0.17623	0.00487
9	0.00775	0.00529	0.00724	0.00764	0.08424	0.00489	0.00515	0.00976	0.01195	0.08984	0.61023	0.02959	0.09279	0.00828	0.00500	0.00137	0.00252	0.00729	0.00455	0.00465
10	0.04511	0.02310	0.03540	0.12647	0.14770	0.01745	0.05227	0.06553	0.04126	0.03311	0.00947	0.01105	0.02695	0.00408	0.00387	0.00108	0.00441	0.00351	0.00266	0.34551
11	0.00698	0.00504	0.00734	0.00716	0.00804	0.00584	0.00558	0.00875	0.02735	0.04255	0.01192	0.01710	0.01094	0.05321	0.72746	0.00641	0.03703	0.00469	0.00251	0.00410
12	0.03497	0.00839	0.01095	0.02929	0.17440	0.06533	0.05459	0.04320	0.07401	0.01548	0.28132	0.02112	0.09226	0.00729	0.02315	0.00151	0.04827	0.00575	0.00349	0.00523
13	0.03527	0.00908	0.01260	0.04414	0.05370	0.01189	0.00908	0.01103	0.03253	0.01149	0.00679	0.01020	0.00633	0.00816	0.05541	0.00201	0.60544	0.00377	0.00210	0.06899
14	0.00908	0.00676	0.00927	0.07798	0.07480	0.00703	0.02636	0.05748	0.06105	0.08889	0.28460	0.02473	0.11475	0.04407	0.00624	0.00157	0.05858	0.03785	0.00389	0.00503
15	0.01059	0.00856	0.05615	0.00898	0.09011	0.00680	0.00672	0.06744	0.01051	0.12586	0.03174	0.03826	0.08417	0.01829	0.00422	0.00108	0.00365	0.00417	0.00324	0.41946

[dist]
# distance from previous block
# <min> <max>
5	12

[block]
# block no. 1 follows, 60 sequences, length 39
# corresponding to MSA columns:
# 51-89
name=unknown_B
#
# <colnr> <probs for GDERKNQSTAVLIFYWHMCP>
#	G	D	E	R	K	N	Q	S	T	A	V	L	I	F	Y	W	H	M	C	P
0	0.07487	0.00773	0.00912	0.00746	0.01005	0.00766	0.00600	0.20021	0.01278	0.27494	0.08088	0.03017	0.05418	0.06327	0.05060	0.00184	0.00416	0.03726	0.00424	0.06258
1	0.06149	0.01030	0.01471	0.07984	0.01604	0.01099	0.20784	0.25542	0.17903	0.06468	0.01205	0.04747	0.00925	0.00521	0.00453	0.00142	0.00501	0.00473	0.00359	0.00640
2	0.55293	0.01116	0.00858	0.00743	0.01018	0.16598	0.00596	0.10704	0.01025	0.07480	0.00749	0.00817	0.00563	0.00437	0.00325	0.00130	0.00442	0.00277	0.00300	0.00529
3	0.00714	0.00508	0.00627	0.00617	0.00740	0.00475	0.00472	0.00900	0.04309	0.04439	0.19536	0.10356	0.12974	0.15076	0.00804	0.00199	0.00316	0.18940	0.00391	0.07604
4	0.00596	0.00438	0.00537	0.00553	0.00650	0.00397	0.00409	0.00736	0.01033	0.02568	0.30588	0.21992	0.26000	0.04307	0.00596	0.00165	0.00248	0.07375	0.00427	0.00384
5	0.09149	0.01210	0.01101	0.00915	0.01205	0.18085	0.00729	0.27011	0.16233	0.15844	0.01272	0.01230	0.03017	0.00529	0.00417	0.00132	0.00480	0.00396	0.00396	0.00649
6	0.01100	0.01154	0.02276	0.01762	0.08716	0.01121	0.60619	0.09377	0.06388	0.01563	0.00952	0.01185	0.00716	0.00400	0.00495	0.00144	0.00666	0.00491	0.00256	0.00619
7	0.01449	0.01184	0.01170	0.00959	0.01245	0.10217	0.00767	0.51646	0.13211	0.02245	0.01227	0.08029	0.00994	0.00673	0.02798	0.00151	0.00495	0.00467	0.00406	0.00666
8	0.00645	0.00468	0.00630	0.00722	0.00799	0.00462	0.00577	0.00832	0.03857	0.01246	0.02366	0.36293	0.04085	0.01245	0.00577	0.00188	0.00337	0.43873	0.00404	0.00393
9	0.00904	0.00775	0.00904	0.00646	0.01034	0.00581	0.00517	0.01098	0.00904	0.01421	0.00775	0.00904	0.00646	0.00323	0.00323	0.00065	0.00323	0.00258	0.00258	0.87339
10	0.00688	0.00491	0.00686	0.00786	0.00880	0.00489	0.00677	0.00878	0.00989	0.01288	0.02318	0.11908	0.02543	0.01219	0.00598	0.00199	0.00389	0.72177	0.00402	0.00397
11	0.01509	0.00645	0.00863	0.00711	0.00971	0.00565	0.00577	0.01675	0.01187	0.55719	0.12114	0.06538	0.08604	0.00718	0.00471	0.00143	0.00333	0.05527	0.00505	0.00626
12	0.01932	0.00782	0.01037	0.00795	0.01133	0.00700	0.00657	0.08622	0.01315	0.75663	0.01665	0.01448	0.01052	0.00538	0.00438	0.00135	0.00380	0.00435	0.00531	0.00742
13	0.00691	0.00504	0.00680	0.00768	0.00868	0.00504	0.00651	0.00917	0.04381	0.01299	0.02396	0.13804	0.06206	0.01193	0.00586	0.00193	0.00374	0.63174	0.00404	0.00407
14	0.00637	0.00426	0.00483	0.00487	0.00490	0.00426	0.00279	0.00643	0.00647	0.00861	0.01406	0.02925	0.01617	0.81816	0.02165	0.00415	0.00422	0.03317	0.00269	0.00269
15	0.00619	0.00442	0.00607	0.00707	0.00771	0.00430	0.00557	0.00759	0.00921	0.01211	0.02356	0.43781	0.02693	0.01284	0.00580	0.00189	0.00329	0.40982	0.00403	0.00378
16	0.00911	0.00865	0.01467	0.55823	0.30118	0.00992	0.01255	0.01191	0.00914	0.01221	0.00791	0.01134	0.00619	0.00420	0.00435	0.00140	0.00560	0.00388	0.00201	0.00555
17	0.01632	0.02009	0.01242	0.01114	0.01349	0.76324	0.00842	0.08112	0.01302	0.01203	0.00704	0.00808	0.00576	0.00455	0.00397	0.00114	0.00762	0.00290	0.00242	0.00525
18	0.01064	0.01021	0.01743	0.07443	0.77303	0.01032	0.01331	0.01325	0.00986	0.01407	0.00818	0.01084	0.00684	0.00391	0.00432	0.00130	0.00522	0.00389	0.00215	0.00679
19	0.00675	0.00465	0.00566	0.00557	0.00644	0.00429	0.00385	0.00767	0.00863	0.04409	0.12975	0.20592	0.10599	0.30027	0.03452	0.00259	0.00345	0.04228	0.00355	0.07407
20	0.00546	0.00406	0.00512	0.00584	0.00645	0.00372	0.00413	0.00646	0.00904	0.01176	0.07045	0.56381	0.20081	0.01272	0.00549	0.00170	0.00255	0.07270	0.00409	0.00364
21	0.07750	0.00926	0.01096	0.00846	0.01183	0.00926	0.00699	0.30943	0.01509	0.47436	0.01396	0.01270	0.00913	0.00525	0.00426	0.00133	0.00409	0.00408	0.00483	0.00723
22	0.00758	0.00379	0.00568	0.00568	0.00568	0.00379	0.00379	0.00568	0.00568	0.00758	0.00758	0.01326	0.00758	0.01515	0.01705	0.87311	0.00379	0.00379	0.00189	0.00189
23	0.01178	0.00679	0.00791	0.00671	0.00842	0.00684	0.00494	0.16781	0.04540	0.21142	0.03368	0.03611	0.03190	0.35422	0.01177	0.00254	0.00397	0.00546	0.03727	0.00506
24	0.07000	0.00897	0.01029	0.00816	0.01122	0.00922	0.00667	0.27916	0.09785	0.35162	0.01407	0.01319	0.00960	0.00529	0.00416	0.00132	0.00387	0.00414	0.08433	0.00689
25	0.00590	0.00411	0.00535	0.00593	0.00648	0.00382	0.00414	0.00696	0.00924	0.02930	0.17073	0.54803	0.07570	0.05708	0.00635	0.00181	0.00261	0.04859	0.00414	0.00371
26	0.00603	0.00437	0.00508	0.00523	0.00579	0.00417	0.00345	0.00704	0.02987	0.01120	0.13018	0.18688	0.17765	0.37145	0.01258	0.00272	0.00320	0.02621	0.00355	0.00336
27	0.00970	0.00857	0.01112	0.00937	0.01159	0.04309	0.13921	0.13842	0.19125	0.01580	0.01956	0.18547	0.12707	0.04383	0.00565	0.00162	0.00419	0.02539	0.00374	0.00536
28	0.01551	0.00858	0.01072	0.00863	0.01159	0.00872	0.02953	0.17669	0.17276	0.38931	0.01531	0.01487	0.01072	0.00778	0.07281	0.00184	0.00462	0.01577	0.01737	0.00688
29	0.00622	0.00431	0.00546	0.00549	0.00627	0.00402	0.00399	0.00715	0.00970	0.01304	0.33261	0.09566	0.17645	0.10003	0.00895	0.13957	0.00279	0.07095	0.00385	0.00347
30	0.03894	0.00954	0.01716	0.01332	0.01555	0.01059	0.35627	0.01181	0.02717	0.01250	0.00955	0.03180	0.02692	0.00948	0.12353	0.00239	0.27126	0.00482	0.00229	0.00513
31	0.03149	0.00870	0.00966	0.00819	0.01052	0.06983	0.00651	0.22179	0.03278	0.22787	0.05327	0.08315	0.01247	0.01221	0.18813	0.00262	0.00589	0.00502	0.00399	0.00590
32	0.00711	0.00479	0.00657	0.00640	0.00722	0.00517	0.00477	0.02561	0.00787	0.04708	0.06038	0.03961	0.04241	0.16511	0.48602	0.04392	0.00823	0.00540	0.02249	0.00383
33	0.00545	0.00389	0.00518	0.00617	0.00647	0.00365	0.00421	0.00627	0.00842	0.01120	0.02375	0.77349	0.02831	0.03218	0.00597	0.00184	0.00267	0.06331	0.00402	0.00355
34	0.01409	0.01578	0.01250	0.01086	0.01336	0.46956	0.07373	0.03763	0.21711	0.04109	0.01095	0.01145	0.02199	0.00563	0.02393	0.00140	0.00647	0.00378	0.00300	0.00569
35	0.06064	0.07754	0.36524	0.00986	0.01417	0.01040	0.01064	0.12416	0.11561	0.07050	0.01090	0.01227	0.02049	0.05841	0.01940	0.00162	0.00522	0.00382	0.00291	0.00622
36	0.05171	0.14818	0.04310	0.02590	0.01262	0.02889	0.07553	0.10695	0.05476	0.01536	0.02780	0.01054	0.00771	0.00427	0.00406	0.00106	0.03515	0.01323	0.00275	0.33043
37	0.08294	0.10073	0.11159	0.02289	0.02357	0.03246	0.03031	0.06786	0.04284	0.06301	0.03380	0.09151	0.08186	0.00683	0.02487	0.00147	0.07520	0.00483	0.00302	0.09842
38	0.07344	0.20849	0.13499	0.00923	0.01251	0.16064	0.04119	0.10276	0.02762	0.03301	0.01136	0.01270	0.07842	0.04235	0.01706	0.00145	0.02083	0.00380	0.00266	0.00551

[dist]
# distance from previous block
# <min> <max>
1	22

[block]
# block no. 2 follows, 60 sequences, length 32
# corresponding to MSA columns:
# 112-143
name=unknown_C
#
# <colnr> <probs for GDERKNQSTAVLIFYWHMCP>
#	G	D	E	R	K	N	Q	S	T	A	V	L	I	F	Y	W	H	M	C	P
0	0.15195	0.16471	0.07510	0.00799	0.01115	0.02867	0.01868	0.09187	0.07113	0.13107	0.02346	0.06206	0.02881	0.00557	0.00389	0.00128	0.00413	0.04160	0.00334	0.07353
1	0.14006	0.19479	0.06213	0.00918	0.01278	0.01208	0.06812	0.23936	0.05150	0.15463	0.01007	0.01026	0.00731	0.00461	0.00383	0.00126	0.00460	0.00353	0.00344	0.00643
2	0.01068	0.11098	0.02121	0.01453	0.01823	0.04081	0.51107	0.04038	0.04202	0.03616	0.04216	0.05338	0.00974	0.00479	0.00479	0.00141	0.00619	0.02311	0.00265	0.00573
3	0.07158	0.00923	0.01018	0.00779	0.01113	0.00896	0.00629	0.29103	0.03165	0.02978	0.00962	0.04051	0.00788	0.02053	0.00429	0.00109	0.01977	0.00357	0.00334	0.41178
4	0.10790	0.03895	0.00958	0.00687	0.01043	0.03286	0.00558	0.01367	0.03413	0.15869	0.00946	0.00997	0.00719	0.00385	0.00342	0.00090	0.00354	0.00295	0.00312	0.53696
5	0.06643	0.00458	0.00555	0.00585	0.00661	0.00445	0.00411	0.02031	0.00857	0.04230	0.05576	0.41331	0.12036	0.09059	0.02403	0.08828	0.00311	0.02849	0.00366	0.00365
6	0.00603	0.00442	0.00555	0.00603	0.00678	0.00413	0.00443	0.00713	0.00895	0.01177	0.07608	0.32971	0.14757	0.14321	0.00811	0.00210	0.00308	0.18579	0.00382	0.03531
7	0.01099	0.06791	0.01641	0.22619	0.41576	0.01097	0.04247	0.09920	0.02551	0.03062	0.00857	0.01092	0.00678	0.00420	0.00426	0.00132	0.00529	0.00386	0.00243	0.00632
8	0.00558	0.00421	0.00509	0.00532	0.00618	0.00379	0.00378	0.00680	0.00998	0.01316	0.27317	0.31085	0.27506	0.04924	0.00607	0.00167	0.00236	0.00976	0.00422	0.00372
9	0.14526	0.00514	0.00595	0.00594	0.00719	0.00501	0.00438	0.00930	0.00964	0.10055	0.19603	0.35063	0.09186	0.02517	0.00517	0.00159	0.00271	0.02008	0.00412	0.00427
10	0.00726	0.00520	0.00649	0.00683	0.00771	0.00524	0.00533	0.06311	0.02421	0.01271	0.03641	0.12821	0.06880	0.23501	0.01009	0.00247	0.00381	0.36355	0.00370	0.00387
11	0.09048	0.00837	0.00992	0.00778	0.01087	0.00826	0.00639	0.21855	0.01374	0.46708	0.01423	0.01322	0.00946	0.00521	0.00410	0.00130	0.00378	0.00406	0.09635	0.00684
12	0.04726	0.00526	0.00638	0.00623	0.00736	0.00514	0.00457	0.06384	0.02361	0.07759	0.24623	0.30503	0.05821	0.08701	0.00665	0.00179	0.00289	0.03641	0.00420	0.00432
13	0.03052	0.00485	0.00582	0.00559	0.00679	0.00453	0.00417	0.03707	0.01122	0.04008	0.42693	0.13939	0.20485	0.03761	0.00567	0.00155	0.00245	0.02239	0.00440	0.00413
14	0.34725	0.00970	0.00987	0.00788	0.01104	0.01051	0.00650	0.32715	0.01371	0.20116	0.01028	0.01015	0.00714	0.00482	0.00373	0.00133	0.00401	0.00343	0.00396	0.00639
15	0.00592	0.00419	0.00538	0.00578	0.00652	0.00384	0.00412	0.00717	0.00990	0.03113	0.26547	0.45229	0.13459	0.01166	0.00537	0.00161	0.00242	0.03449	0.00430	0.00383
16	0.20010	0.00564	0.00612	0.00582	0.00739	0.00560	0.00438	0.02120	0.00959	0.12450	0.13004	0.23936	0.13120	0.04537	0.00526	0.00159	0.00285	0.00728	0.04225	0.00447
17	0.00965	0.00670	0.00789	0.00712	0.00891	0.00700	0.00550	0.03214	0.29194	0.11057	0.32965	0.02495	0.02457	0.06451	0.00600	0.00163	0.00305	0.04823	0.00454	0.00544
18	0.01026	0.00671	0.00648	0.00580	0.00742	0.04757	0.00450	0.15976	0.05437	0.01818	0.01334	0.01476	0.01031	0.00513	0.00341	0.00110	0.00292	0.00402	0.61907	0.00489
19	0.00623	0.00467	0.00701	0.00701	0.00779	0.00545	0.00545	0.00779	0.00701	0.01012	0.01168	0.01713	0.01090	0.03271	0.82944	0.00701	0.01168	0.00467	0.00234	0.00389
20	0.00708	0.00532	0.00671	0.00721	0.00834	0.00534	0.00585	0.03448	0.08779	0.01364	0.05784	0.20150	0.12909	0.01130	0.00558	0.00179	0.00337	0.39939	0.00411	0.00427
21	0.12436	0.50388	0.09824	0.00844	0.01203	0.16707	0.00815	0.01392	0.00936	0.01190	0.00637	0.00739	0.00548	0.00396	0.00313	0.00107	0.00527	0.00251	0.00204	0.00547
22	0.00554	0.00406	0.00507	0.00563	0.00618	0.00377	0.00386	0.00646	0.00887	0.01168	0.11292	0.49504	0.16860	0.10242	0.02107	0.00203	0.00279	0.02651	0.00395	0.00355
23	0.00692	0.00456	0.00558	0.00539	0.00647	0.00413	0.00389	0.00824	0.01036	0.07984	0.33619	0.15032	0.22385	0.12569	0.00750	0.00185	0.00260	0.00836	0.00426	0.00399
24	0.04125	0.00444	0.00513	0.00525	0.00560	0.00446	0.00337	0.00689	0.00727	0.01007	0.04954	0.11010	0.05409	0.56948	0.04816	0.00358	0.00412	0.06112	0.00302	0.00307
25	0.00911	0.00786	0.00939	0.00728	0.04287	0.00600	0.00550	0.01108	0.00908	0.01421	0.00777	0.00911	0.00648	0.00326	0.00327	0.00067	0.00331	0.00264	0.00257	0.83855
26	0.11418	0.01068	0.01530	0.04537	0.03647	0.07571	0.27336	0.13775	0.06752	0.04267	0.05146	0.04982	0.01021	0.00518	0.00451	0.00140	0.00536	0.02427	0.00312	0.02567
27	0.01046	0.00997	0.09717	0.01033	0.07980	0.00834	0.06684	0.08578	0.13993	0.06693	0.08951	0.01483	0.01194	0.03964	0.00494	0.00132	0.00419	0.01740	0.00332	0.23734
28	0.19016	0.04697	0.01073	0.00884	0.03318	0.10090	0.04651	0.12845	0.05678	0.09170	0.08380	0.01619	0.02656	0.00571	0.00411	0.00133	0.00434	0.07685	0.00349	0.06340
29	0.06925	0.00859	0.00996	0.02382	0.01115	0.03286	0.02477	0.10480	0.02606	0.09293	0.04080	0.02610	0.03407	0.00494	0.00453	0.00109	0.06147	0.01801	0.00320	0.40159
30	0.10795	0.00799	0.00980	0.00869	0.05843	0.03716	0.05113	0.04364	0.04568	0.21179	0.04369	0.03458	0.04728	0.10837	0.00634	0.00162	0.00399	0.02295	0.00359	0.14531
31	0.02710	0.05154	0.01150	0.01015	0.10687	0.00768	0.05447	0.06595	0.02934	0.19680	0.04188	0.10007	0.02319	0.00617	0.00469	0.02870	0.00392	0.03534	0.00356	0.19109

[dist]
# distance from previous block
# <min> <max>
0	47

# created by:
# /st0/software/busco_prod/Augustus/scripts/msa2prfl.pl ./align_prep/38891.fa
