[name]
unknown

[dist]
# distance from previous block
# <min> <max>
6	28

[block]
# block no. 0 follows, 62 sequences, length 6
# corresponding to MSA columns:
# 48-53
name=unknown_A
#
# <colnr> <probs for GDERKNQSTAVLIFYWHMCP>
#	G	D	E	R	K	N	Q	S	T	A	V	L	I	F	Y	W	H	M	C	P
0	0.05847	0.00797	0.00864	0.02602	0.00984	0.03718	0.01775	0.18476	0.16485	0.04069	0.10397	0.08704	0.03591	0.08904	0.00622	0.01975	0.00366	0.00536	0.04809	0.04479
1	0.00914	0.00849	0.01441	0.19180	0.19214	0.00869	0.17734	0.07722	0.01060	0.01449	0.13277	0.06195	0.03999	0.00544	0.00457	0.00135	0.00483	0.00523	0.00282	0.03671
2	0.01011	0.00916	0.01229	0.32248	0.01863	0.07516	0.08214	0.06988	0.10721	0.06013	0.01364	0.01515	0.10635	0.00556	0.00518	0.00142	0.07282	0.00460	0.00284	0.00526
3	0.00849	0.00685	0.00822	0.07468	0.00990	0.05147	0.03544	0.07564	0.04194	0.03122	0.04390	0.07863	0.05431	0.25915	0.08489	0.01741	0.03909	0.00557	0.03384	0.03938
4	0.08357	0.00809	0.01088	0.08526	0.04560	0.02145	0.06716	0.08990	0.05272	0.28427	0.07025	0.02752	0.02678	0.00668	0.04937	0.00160	0.00450	0.00444	0.00378	0.05617
5	0.09561	0.01016	0.01076	0.17453	0.01478	0.10604	0.00785	0.26458	0.07645	0.06189	0.05704	0.01229	0.00929	0.00719	0.07151	0.00176	0.00532	0.00393	0.00331	0.00571

[dist]
# distance from previous block
# <min> <max>
2	8

[block]
# block no. 1 follows, 62 sequences, length 6
# corresponding to MSA columns:
# 62-67
name=unknown_B
#
# <colnr> <probs for GDERKNQSTAVLIFYWHMCP>
#	G	D	E	R	K	N	Q	S	T	A	V	L	I	F	Y	W	H	M	C	P
0	0.11399	0.00905	0.04850	0.01008	0.09129	0.00862	0.05515	0.16494	0.05688	0.19761	0.13447	0.01458	0.01288	0.00608	0.02963	0.00147	0.00422	0.00441	0.00380	0.03234
1	0.11101	0.00898	0.01050	0.04908	0.01200	0.06846	0.08010	0.15959	0.07456	0.09779	0.13148	0.01816	0.05913	0.00604	0.00434	0.00135	0.00416	0.06018	0.00367	0.03943
2	0.11319	0.13528	0.08958	0.06889	0.07525	0.05773	0.16112	0.03523	0.09903	0.05339	0.00877	0.01019	0.00679	0.00442	0.00462	0.00132	0.06329	0.00364	0.00254	0.00572
3	0.03433	0.07774	0.00923	0.00787	0.06385	0.00728	0.00580	0.10987	0.04556	0.09970	0.31205	0.05902	0.10432	0.00742	0.00456	0.00134	0.00313	0.03775	0.00406	0.00511
4	0.01391	0.01088	0.01187	0.03676	0.01278	0.11033	0.04652	0.32427	0.08706	0.13255	0.09565	0.01330	0.01123	0.00555	0.00505	0.00134	0.06659	0.00430	0.00384	0.00623
5	0.00558	0.00443	0.00614	0.00629	0.00718	0.00404	0.05221	0.00672	0.00900	0.01171	0.08172	0.49630	0.22923	0.01170	0.00530	0.00162	0.00271	0.05054	0.00389	0.00369

[dist]
# distance from previous block
# <min> <max>
0	1

[block]
# block no. 2 follows, 62 sequences, length 67
# corresponding to MSA columns:
# 69-135
name=unknown_C
#
# <colnr> <probs for GDERKNQSTAVLIFYWHMCP>
#	G	D	E	R	K	N	Q	S	T	A	V	L	I	F	Y	W	H	M	C	P
0	0.05626	0.00978	0.00978	0.00768	0.02452	0.11216	0.00599	0.11024	0.01070	0.05276	0.00811	0.00904	0.00643	0.00370	0.00342	0.00085	0.00398	0.00280	0.00282	0.55901
1	0.00971	0.00913	0.01434	0.48273	0.23646	0.03330	0.04302	0.07558	0.03010	0.01321	0.00815	0.01105	0.00629	0.00422	0.00426	0.00136	0.00549	0.00383	0.00222	0.00555
2	0.00801	0.00749	0.01256	0.77852	0.05093	0.00922	0.01149	0.01080	0.00870	0.01124	0.04510	0.01226	0.00729	0.00445	0.00429	0.00141	0.00549	0.00396	0.00203	0.00475
3	0.00782	0.00644	0.00769	0.00594	0.00876	0.00508	0.00466	0.00973	0.00989	0.01485	0.27326	0.01709	0.03768	0.00515	0.00381	0.00088	0.00275	0.00437	0.00326	0.57089
4	0.00772	0.00537	0.00698	0.02791	0.00875	0.00528	0.00572	0.08404	0.01018	0.05047	0.04175	0.36598	0.02276	0.01078	0.00527	0.00167	0.00334	0.28443	0.00392	0.04767
5	0.00952	0.00908	0.01545	0.35527	0.50265	0.00984	0.01256	0.01217	0.00921	0.01268	0.00783	0.01086	0.00631	0.00398	0.00423	0.00133	0.00530	0.00379	0.00202	0.00593
6	0.01036	0.00991	0.01678	0.08184	0.75039	0.01008	0.01283	0.01313	0.02821	0.01378	0.00819	0.01071	0.00681	0.00387	0.00422	0.00128	0.00506	0.00381	0.00214	0.00660
7	0.00504	0.00425	0.00437	0.00447	0.00579	0.00358	0.00330	0.00609	0.00955	0.01143	0.04117	0.12023	0.74416	0.01103	0.00507	0.00147	0.00219	0.00929	0.00395	0.00358
8	0.00948	0.00926	0.03889	0.32346	0.25799	0.00954	0.13055	0.01271	0.04953	0.03910	0.02740	0.01251	0.02776	0.00441	0.00451	0.00137	0.01711	0.00422	0.00234	0.01788
9	0.00621	0.00487	0.00668	0.00654	0.00775	0.00436	0.04217	0.00761	0.00927	0.01262	0.14408	0.39887	0.10077	0.01041	0.00507	0.00151	0.00286	0.10751	0.00379	0.11704
10	0.88052	0.00823	0.00625	0.00560	0.00823	0.00955	0.00461	0.01251	0.00724	0.01909	0.00592	0.00691	0.00461	0.00395	0.00263	0.00132	0.00329	0.00230	0.00263	0.00461
11	0.01069	0.00999	0.01697	0.03641	0.78201	0.01005	0.01282	0.01318	0.00969	0.03390	0.00818	0.01062	0.00680	0.00388	0.00435	0.00128	0.01649	0.00380	0.00218	0.00670
12	0.01806	0.00774	0.01004	0.00783	0.01104	0.00715	0.00642	0.07409	0.09173	0.69344	0.01640	0.01433	0.01055	0.00531	0.00428	0.00133	0.00367	0.00430	0.00511	0.00719
13	0.00804	0.00756	0.01276	0.84023	0.02931	0.00945	0.01182	0.01087	0.00851	0.01087	0.00756	0.01134	0.00567	0.00425	0.00425	0.00142	0.00567	0.00378	0.00189	0.00473
14	0.00869	0.00741	0.00867	0.00626	0.00990	0.00559	0.00499	0.01058	0.00898	0.01402	0.04703	0.00994	0.00794	0.00342	0.00324	0.00066	0.00310	0.00277	0.00263	0.83418
15	0.01745	0.00750	0.01012	0.00839	0.04829	0.00662	0.00650	0.01971	0.05441	0.68391	0.01570	0.01394	0.01016	0.00506	0.00419	0.00127	0.00364	0.00415	0.00486	0.07413
16	0.00507	0.00431	0.00437	0.00436	0.00578	0.00361	0.00327	0.00620	0.00981	0.01175	0.07899	0.04053	0.78615	0.01068	0.00503	0.00143	0.00215	0.00892	0.00399	0.00361
17	0.00613	0.00447	0.00635	0.00638	0.00698	0.00504	0.00476	0.00732	0.00678	0.00960	0.01218	0.02012	0.01213	0.21301	0.62855	0.00609	0.00956	0.02863	0.00239	0.00353
18	0.00792	0.00726	0.01031	0.00925	0.00956	0.00969	0.00752	0.00907	0.00664	0.01004	0.00814	0.01279	0.00788	0.03955	0.34483	0.00393	0.48520	0.00413	0.00205	0.00425
19	0.01035	0.01136	0.03196	0.02053	0.30137	0.03187	0.50068	0.01352	0.00996	0.01364	0.00833	0.01102	0.00652	0.00368	0.00470	0.00137	0.00644	0.00451	0.00213	0.00607
20	0.00619	0.00413	0.00464	0.00464	0.00464	0.00413	0.00258	0.00619	0.00619	0.00825	0.01341	0.02785	0.01547	0.85046	0.02166	0.00413	0.00413	0.00619	0.00258	0.00258
21	0.01167	0.42816	0.24066	0.00948	0.01350	0.20834	0.00982	0.01395	0.00955	0.01106	0.00654	0.00762	0.00545	0.00393	0.00335	0.00107	0.00577	0.00262	0.00190	0.00556
22	0.00860	0.00645	0.00713	0.00659	0.00823	0.00698	0.00509	0.03220	0.34745	0.01719	0.26395	0.02156	0.02108	0.00665	0.00428	0.00132	0.00268	0.02805	0.19931	0.00521
23	0.00836	0.00740	0.01276	0.05369	0.12896	0.00745	0.19768	0.01073	0.04805	0.04435	0.01499	0.31094	0.01557	0.04589	0.00617	0.00167	0.04598	0.03143	0.00306	0.00488
24	0.00619	0.00465	0.00577	0.00548	0.00663	0.00438	0.00415	0.00867	0.05997	0.01625	0.64783	0.03249	0.14211	0.00888	0.00500	0.00137	0.00216	0.02935	0.00454	0.00412
25	0.00854	0.02113	0.77432	0.05042	0.01900	0.00988	0.03183	0.01336	0.00898	0.01336	0.00765	0.00914	0.00543	0.00404	0.00407	0.00135	0.00628	0.00321	0.00181	0.00621
26	0.00534	0.00380	0.00504	0.00597	0.00624	0.00358	0.00405	0.00611	0.00813	0.01083	0.02282	0.75264	0.02720	0.06092	0.00638	0.00188	0.00265	0.05911	0.00387	0.00343
27	0.01618	0.01192	0.01277	0.00979	0.01320	0.01320	0.00809	0.80973	0.02001	0.02682	0.01022	0.01022	0.00724	0.00511	0.00426	0.00128	0.00468	0.00383	0.00426	0.00724
28	0.01138	0.85302	0.02230	0.00728	0.01092	0.01684	0.00728	0.01274	0.00865	0.01001	0.00592	0.00683	0.00546	0.00364	0.00273	0.00091	0.00455	0.00228	0.00182	0.00546
29	0.88052	0.00823	0.00625	0.00560	0.00823	0.00955	0.00461	0.01251	0.00724	0.01909	0.00592	0.00691	0.00461	0.00395	0.00263	0.00132	0.00329	0.00230	0.00263	0.00461
30	0.01627	0.01177	0.01268	0.00972	0.01312	0.01297	0.00803	0.78428	0.01975	0.05262	0.01043	0.01035	0.00734	0.00511	0.00426	0.00128	0.00465	0.00385	0.00429	0.00724
31	0.00647	0.00482	0.00607	0.00568	0.00682	0.00466	0.00428	0.00946	0.09108	0.01714	0.74262	0.03022	0.03748	0.00841	0.00495	0.00135	0.00214	0.00741	0.00465	0.00428
32	0.00528	0.00432	0.00464	0.00456	0.00587	0.00370	0.00340	0.00655	0.01018	0.01273	0.22342	0.03860	0.62692	0.02450	0.00531	0.00146	0.00215	0.00863	0.00410	0.00367
33	0.00920	0.00807	0.01110	0.07487	0.25714	0.00861	0.00838	0.04003	0.25839	0.01523	0.10634	0.02890	0.08715	0.00690	0.02857	0.00155	0.00407	0.03632	0.00340	0.00578
34	0.00804	0.00756	0.01276	0.84023	0.02931	0.00945	0.01182	0.01087	0.00851	0.01087	0.00756	0.01134	0.00567	0.00425	0.00425	0.00142	0.00567	0.00378	0.00189	0.00473
35	0.00824	0.00765	0.01282	0.66916	0.13140	0.00918	0.01140	0.01091	0.00855	0.01125	0.00799	0.01183	0.00628	0.01955	0.04346	0.00169	0.00578	0.00386	0.01411	0.00490
36	0.01561	0.01177	0.01322	0.01013	0.01353	0.01295	0.04682	0.73414	0.05695	0.02575	0.01047	0.01054	0.00747	0.00507	0.00430	0.00129	0.00474	0.00393	0.00416	0.00714
37	0.01004	0.01148	0.02511	0.01793	0.02224	0.01076	0.80846	0.01363	0.01004	0.01363	0.00861	0.01148	0.00646	0.00359	0.00502	0.00143	0.00717	0.00502	0.00215	0.00574
38	0.00927	0.00503	0.00674	0.00624	0.00741	0.00499	0.00460	0.01033	0.00828	0.21550	0.02403	0.09070	0.04367	0.24604	0.29348	0.00402	0.00626	0.00577	0.00334	0.00430
39	0.00882	0.00756	0.00882	0.00630	0.01008	0.00567	0.00504	0.01071	0.00882	0.01387	0.00756	0.00882	0.00630	0.00315	0.00315	0.00063	0.00315	0.00252	0.00252	0.87647
40	0.01041	0.00998	0.01705	0.06666	0.78434	0.01008	0.01300	0.01295	0.00963	0.01375	0.00798	0.01057	0.00669	0.00381	0.00421	0.00127	0.00509	0.00379	0.00210	0.00664
41	0.02367	0.44361	0.08839	0.00808	0.01144	0.09797	0.00768	0.04657	0.04929	0.09203	0.08542	0.01080	0.00967	0.00456	0.00347	0.00109	0.00463	0.00330	0.00270	0.00564
42	0.00875	0.02048	0.71186	0.01297	0.01897	0.01001	0.13074	0.01350	0.00914	0.01350	0.00778	0.00935	0.00554	0.00398	0.00418	0.00136	0.00642	0.00342	0.00185	0.00621
43	0.00595	0.00429	0.00508	0.00530	0.00631	0.00386	0.00395	0.00681	0.00905	0.03164	0.06384	0.17706	0.42239	0.03773	0.01665	0.08766	0.00277	0.10243	0.00374	0.00352
44	0.00828	0.00776	0.01284	0.76136	0.06804	0.00954	0.01164	0.01152	0.04580	0.01134	0.00803	0.01151	0.00606	0.00430	0.00426	0.00141	0.00554	0.00383	0.00201	0.00492
45	0.00603	0.00433	0.00600	0.00688	0.00751	0.00429	0.00541	0.00740	0.00877	0.01162	0.02185	0.40226	0.02476	0.01444	0.08702	0.00234	0.00401	0.36760	0.00377	0.00370
46	0.00506	0.00420	0.00442	0.00460	0.00582	0.00357	0.00336	0.00607	0.00942	0.01138	0.03954	0.18741	0.67803	0.01124	0.00510	0.00149	0.00221	0.00955	0.00395	0.00357
47	0.01249	0.01224	0.01743	0.01328	0.01667	0.16043	0.37601	0.09578	0.12872	0.08580	0.03072	0.01207	0.00850	0.00448	0.00456	0.00135	0.00602	0.00446	0.00302	0.00597
48	0.01138	0.85302	0.02230	0.00728	0.01092	0.01684	0.00728	0.01274	0.00865	0.01001	0.00592	0.00683	0.00546	0.00364	0.00273	0.00091	0.00455	0.00228	0.00182	0.00546
49	0.00994	0.01127	0.02452	0.01761	0.02181	0.01057	0.78261	0.01347	0.01004	0.01360	0.00906	0.01266	0.00704	0.00385	0.00505	0.00145	0.00707	0.03051	0.00221	0.00568
50	0.00810	0.00763	0.01287	0.82012	0.04894	0.00947	0.01185	0.01093	0.00854	0.01095	0.00757	0.01132	0.00570	0.00424	0.00425	0.00141	0.00566	0.00378	0.00190	0.00478
51	0.01568	0.01962	0.01197	0.01084	0.01307	0.78021	0.00816	0.03551	0.04571	0.01110	0.00711	0.00807	0.00583	0.00446	0.00387	0.00111	0.00743	0.00285	0.00233	0.00506
52	0.01550	0.01614	0.01173	0.01010	0.01259	0.49498	0.00783	0.23589	0.03523	0.05302	0.00866	0.00931	0.00665	0.00474	0.00412	0.00117	0.02036	0.00324	0.04306	0.00567
53	0.00932	0.00701	0.01866	0.00662	0.00939	0.00587	0.00526	0.03765	0.03806	0.10274	0.04938	0.14013	0.06861	0.00599	0.00424	0.00105	0.02745	0.00501	0.00332	0.45423
54	0.00550	0.00403	0.00538	0.01872	0.01892	0.00381	0.00435	0.00645	0.00854	0.01133	0.06364	0.64543	0.07816	0.03620	0.00584	0.00176	0.00267	0.07181	0.00389	0.00357
55	0.00736	0.00372	0.00558	0.00558	0.00560	0.00374	0.00374	0.00560	0.00558	0.00746	0.00750	0.01303	0.00748	0.01523	0.03817	0.85328	0.00390	0.00372	0.00186	0.00190
56	0.01590	0.02004	0.01208	0.01093	0.01316	0.80997	0.00822	0.03962	0.01228	0.01088	0.00668	0.00775	0.00553	0.00441	0.00385	0.00110	0.00759	0.00277	0.00225	0.00500
57	0.00934	0.00993	0.10887	0.00901	0.02983	0.00722	0.10760	0.03275	0.03088	0.02515	0.00826	0.00961	0.00655	0.00350	0.00359	0.00088	0.00411	0.00308	0.01518	0.57468
58	0.01453	0.01228	0.01205	0.00979	0.01250	0.13429	0.00791	0.51873	0.07879	0.02136	0.01023	0.03214	0.00794	0.00632	0.03178	0.00150	0.07376	0.00397	0.00369	0.00643
59	0.00883	0.00895	0.03464	0.64608	0.15880	0.04826	0.01195	0.01159	0.00888	0.01142	0.00759	0.01098	0.00583	0.00418	0.00422	0.00138	0.00568	0.00372	0.00194	0.00511
60	0.01258	0.19772	0.03683	0.00912	0.04493	0.05015	0.00747	0.23249	0.14791	0.06699	0.02424	0.03247	0.00884	0.00483	0.00382	0.00116	0.00429	0.00373	0.00333	0.10711
61	0.08254	0.66205	0.05900	0.00768	0.01123	0.07436	0.00752	0.01332	0.02975	0.01115	0.00634	0.00723	0.00558	0.00379	0.00291	0.00099	0.00473	0.00242	0.00198	0.00543
62	0.00590	0.00397	0.00530	0.00608	0.00655	0.00370	0.00425	0.00684	0.00865	0.04377	0.06416	0.70122	0.04063	0.01262	0.00539	0.00170	0.00259	0.06896	0.00404	0.00367
63	0.00944	0.05281	0.05910	0.02801	0.12436	0.00780	0.00711	0.13130	0.04916	0.05485	0.31038	0.02153	0.07525	0.03476	0.00509	0.00141	0.00355	0.01501	0.00375	0.00531
64	0.00952	0.09005	0.01026	0.00776	0.00973	0.07988	0.06263	0.06603	0.07971	0.06606	0.31802	0.09677	0.04354	0.00734	0.00460	0.00135	0.00363	0.03428	0.00387	0.00495
65	0.12405	0.01975	0.00666	0.00598	0.00754	0.00583	0.00462	0.05524	0.04856	0.06683	0.35328	0.13058	0.11894	0.00833	0.00462	0.00140	0.00266	0.02646	0.00416	0.00451
66	0.05222	0.68048	0.06067	0.00777	0.01141	0.03450	0.02089	0.05138	0.00927	0.01152	0.00703	0.00790	0.02230	0.00391	0.00298	0.00099	0.00465	0.00259	0.00203	0.00550

[dist]
# distance from previous block
# <min> <max>
2	10

[block]
# block no. 3 follows, 62 sequences, length 19
# corresponding to MSA columns:
# 150-168
name=unknown_D
#
# <colnr> <probs for GDERKNQSTAVLIFYWHMCP>
#	G	D	E	R	K	N	Q	S	T	A	V	L	I	F	Y	W	H	M	C	P
0	0.27763	0.00922	0.01055	0.05467	0.18000	0.02956	0.00770	0.07124	0.21594	0.06939	0.02743	0.01144	0.00858	0.00467	0.00378	0.00134	0.00400	0.00369	0.00323	0.00595
1	0.80711	0.00903	0.00677	0.00602	0.00865	0.05736	0.00491	0.03429	0.00786	0.01880	0.00608	0.00705	0.00473	0.00401	0.00275	0.00130	0.00358	0.00237	0.00265	0.00470
2	0.01064	0.00990	0.01441	0.36330	0.32363	0.05798	0.01152	0.13126	0.01087	0.01436	0.00807	0.01066	0.00629	0.00422	0.00421	0.00132	0.00541	0.00373	0.00234	0.00587
3	0.00574	0.00430	0.00556	0.00622	0.02222	0.00399	0.00453	0.00708	0.00963	0.01275	0.20227	0.34991	0.18470	0.01135	0.00532	0.00162	0.00262	0.15237	0.00407	0.00375
4	0.10962	0.30510	0.04034	0.00903	0.01219	0.25557	0.04009	0.09201	0.01095	0.07814	0.00756	0.00828	0.00599	0.00418	0.00345	0.00111	0.00543	0.00286	0.00254	0.00556
5	0.00978	0.00936	0.01605	0.19427	0.60335	0.00972	0.03465	0.01233	0.00939	0.01314	0.00855	0.04454	0.00737	0.00427	0.00429	0.00132	0.00514	0.00416	0.00214	0.00616
6	0.00619	0.00413	0.00464	0.00464	0.00464	0.00413	0.00258	0.00619	0.00619	0.00825	0.01341	0.02785	0.01547	0.85046	0.02166	0.00413	0.00413	0.00619	0.00258	0.00258
7	0.01057	0.01064	0.01543	0.16896	0.55382	0.10654	0.01202	0.01296	0.00976	0.01290	0.00834	0.01185	0.00712	0.00427	0.00424	0.00130	0.00543	0.03564	0.00215	0.00605
8	0.01066	0.01177	0.10937	0.01597	0.14355	0.01031	0.37601	0.10952	0.06996	0.03444	0.01029	0.05972	0.00830	0.00462	0.00465	0.00139	0.00581	0.00485	0.00269	0.00611
9	0.00985	0.00942	0.01604	0.24774	0.60760	0.00993	0.01272	0.01246	0.00937	0.01308	0.00788	0.01075	0.00645	0.00392	0.00422	0.00131	0.00522	0.00379	0.00205	0.00619
10	0.00611	0.00442	0.00612	0.00612	0.00663	0.00493	0.00442	0.00713	0.00662	0.00934	0.01206	0.02037	0.01223	0.30090	0.56678	0.00595	0.00901	0.00509	0.00238	0.00340
11	0.23217	0.09086	0.01111	0.00795	0.01103	0.09137	0.00660	0.21729	0.01258	0.26423	0.01037	0.01011	0.00724	0.00466	0.00367	0.00125	0.00430	0.00333	0.00372	0.00619
12	0.07519	0.06529	0.01427	0.01064	0.03179	0.03375	0.15603	0.31404	0.06101	0.10958	0.02681	0.01262	0.00875	0.02130	0.00457	0.00136	0.00483	0.02774	0.00355	0.01688
13	0.00689	0.00483	0.00559	0.00543	0.00624	0.00474	0.00377	0.04492	0.03294	0.03428	0.10743	0.06940	0.17902	0.38569	0.03861	0.00283	0.00363	0.05678	0.00342	0.00357
14	0.03725	0.14115	0.09022	0.00760	0.00978	0.02747	0.06031	0.04691	0.00859	0.09642	0.01097	0.01726	0.01040	0.33055	0.08525	0.00283	0.00529	0.00454	0.00268	0.00453
15	0.06939	0.05542	0.08462	0.03660	0.01417	0.06338	0.14028	0.21101	0.11638	0.04306	0.06426	0.01255	0.02294	0.00498	0.00443	0.00132	0.02495	0.00417	0.00323	0.02287
16	0.03730	0.07582	0.19378	0.00930	0.05714	0.03847	0.00833	0.11737	0.02515	0.05210	0.10096	0.08598	0.03635	0.06527	0.00550	0.00153	0.00437	0.05071	0.00314	0.03144
17	0.09330	0.09917	0.33981	0.01026	0.03675	0.00977	0.05739	0.07693	0.01003	0.08561	0.02501	0.05834	0.00807	0.00472	0.00391	0.00127	0.00496	0.00382	0.00264	0.06825
18	0.03905	0.12553	0.16713	0.02512	0.06773	0.03187	0.04958	0.12767	0.08973	0.10161	0.05137	0.03420	0.00951	0.00484	0.00400	0.00124	0.00464	0.00396	0.00309	0.05813

[dist]
# distance from previous block
# <min> <max>
0	50

[block]
# block no. 4 follows, 62 sequences, length 20
# corresponding to MSA columns:
# 219-232,235-240
name=unknown_E
#
# <colnr> <probs for GDERKNQSTAVLIFYWHMCP>
#	G	D	E	R	K	N	Q	S	T	A	V	L	I	F	Y	W	H	M	C	P
0	0.05693	0.28361	0.08985	0.02467	0.08607	0.05354	0.05293	0.07354	0.05791	0.09870	0.04683	0.01056	0.00834	0.00438	0.00368	0.00116	0.00469	0.00343	0.00277	0.03640
1	0.04740	0.13392	0.17673	0.01178	0.15001	0.04301	0.00952	0.07971	0.06170	0.17372	0.02199	0.03486	0.00841	0.00470	0.00393	0.00125	0.00468	0.00377	0.00306	0.02586
2	0.00977	0.06235	0.13947	0.03701	0.10484	0.00800	0.05534	0.04284	0.04487	0.10893	0.01173	0.04039	0.01071	0.25636	0.03632	0.00234	0.00494	0.01588	0.00282	0.00508
3	0.23599	0.06037	0.10993	0.10438	0.13144	0.00946	0.05250	0.06264	0.00935	0.05351	0.00956	0.07181	0.00834	0.02699	0.00432	0.00142	0.00453	0.02570	0.01239	0.00537
4	0.00932	0.09542	0.07983	0.00903	0.03241	0.05203	0.05365	0.06506	0.04484	0.05080	0.09847	0.09248	0.05863	0.00785	0.00500	0.00150	0.02643	0.20887	0.00341	0.00498
5	0.02808	0.62485	0.11192	0.04336	0.01303	0.06703	0.03688	0.01304	0.00892	0.01077	0.00632	0.00748	0.00548	0.00376	0.00309	0.00102	0.00506	0.00256	0.00187	0.00548
6	0.03591	0.60126	0.17647	0.00834	0.01241	0.03658	0.00885	0.03401	0.00916	0.03405	0.00668	0.00757	0.00561	0.00383	0.00309	0.00103	0.00491	0.00255	0.00201	0.00568
7	0.00593	0.00428	0.00590	0.00610	0.00656	0.00465	0.00435	0.00691	0.00693	0.00966	0.01428	0.18299	0.01531	0.23713	0.46354	0.00514	0.00779	0.00646	0.00268	0.00342
8	0.00570	0.00416	0.00523	0.00576	0.00630	0.00398	0.00402	0.00692	0.03173	0.01145	0.09765	0.46062	0.11131	0.13329	0.02885	0.00215	0.00300	0.07056	0.00379	0.00353
9	0.03479	0.33151	0.23552	0.00926	0.01348	0.01329	0.00965	0.22636	0.03549	0.04144	0.00820	0.00882	0.00627	0.00426	0.00358	0.00116	0.00496	0.00306	0.00267	0.00623
10	0.00532	0.00389	0.00497	0.00574	0.00620	0.00360	0.00396	0.00619	0.00849	0.01114	0.05060	0.63165	0.13730	0.04788	0.00607	0.00179	0.00256	0.05526	0.00391	0.00348
11	0.00577	0.00417	0.00558	0.00650	0.00708	0.00398	0.00494	0.00696	0.00883	0.01157	0.02437	0.51255	0.07707	0.01261	0.00556	0.00179	0.00296	0.29014	0.00394	0.00363
12	0.49145	0.18510	0.01107	0.00709	0.00998	0.10343	0.00602	0.11684	0.00973	0.01725	0.00655	0.00741	0.00522	0.00408	0.00300	0.00120	0.00422	0.00255	0.00263	0.00516
13	0.05930	0.17661	0.28141	0.00997	0.01376	0.03476	0.04354	0.09945	0.03382	0.04624	0.05190	0.01091	0.00821	0.00490	0.00493	0.00132	0.09530	0.01532	0.00254	0.00579
14	0.14585	0.08526	0.02880	0.00967	0.01234	0.48254	0.00773	0.15399	0.01237	0.01461	0.00708	0.00796	0.00565	0.00438	0.00364	0.00115	0.00621	0.00283	0.00258	0.00536
15	0.01261	0.00750	0.03469	0.00767	0.00987	0.00730	0.00633	0.12108	0.02968	0.31151	0.15742	0.01745	0.01515	0.05465	0.11819	0.00226	0.07196	0.00490	0.00408	0.00570
16	0.00869	0.01078	0.17449	0.02929	0.07148	0.00837	0.19156	0.03935	0.10858	0.01563	0.27529	0.01805	0.01808	0.00569	0.00464	0.00137	0.00458	0.00535	0.00324	0.00550
17	0.00959	0.01665	0.45502	0.01288	0.01800	0.03087	0.24116	0.01354	0.00956	0.05674	0.00986	0.01129	0.04030	0.00422	0.00432	0.00133	0.00610	0.00394	0.00222	0.05241
18	0.00693	0.00620	0.04468	0.00697	0.02149	0.00514	0.07862	0.02234	0.01094	0.04104	0.37154	0.02997	0.29389	0.00829	0.00487	0.00136	0.00291	0.00727	0.00398	0.03157
19	0.01033	0.02663	0.01754	0.01987	0.44177	0.02542	0.21154	0.01355	0.05675	0.03107	0.06710	0.01250	0.00944	0.00422	0.00441	0.00129	0.00522	0.00436	0.00251	0.03449

[dist]
# distance from previous block
# <min> <max>
5	6

[block]
# block no. 5 follows, 62 sequences, length 7
# corresponding to MSA columns:
# 247-253
name=unknown_F
#
# <colnr> <probs for GDERKNQSTAVLIFYWHMCP>
#	G	D	E	R	K	N	Q	S	T	A	V	L	I	F	Y	W	H	M	C	P
0	0.10701	0.11609	0.02869	0.02885	0.07619	0.14210	0.06903	0.10322	0.13882	0.01531	0.04091	0.01160	0.00873	0.00486	0.00439	0.00127	0.04569	0.02048	0.00287	0.03388
1	0.01038	0.00985	0.01624	0.07611	0.69384	0.01011	0.01236	0.01386	0.08861	0.01409	0.00889	0.01111	0.00728	0.00401	0.00423	0.00129	0.00493	0.00389	0.00231	0.00661
2	0.01044	0.01048	0.07266	0.12000	0.45421	0.04034	0.05390	0.01322	0.03217	0.05588	0.02547	0.01127	0.00752	0.00444	0.00462	0.02961	0.00512	0.00385	0.00235	0.04244
3	0.05432	0.01048	0.05832	0.20966	0.28703	0.03548	0.01070	0.17559	0.01166	0.09274	0.00902	0.01068	0.00673	0.00435	0.00414	0.00131	0.00505	0.00370	0.00280	0.00623
4	0.09892	0.13376	0.01461	0.12534	0.22180	0.13230	0.03116	0.09973	0.02902	0.03283	0.00787	0.00946	0.00627	0.00413	0.00378	0.00120	0.00515	0.00329	0.00247	0.03690
5	0.13860	0.03276	0.01407	0.16813	0.39319	0.04469	0.01051	0.10115	0.01039	0.03602	0.00797	0.01000	0.00630	0.00410	0.00394	0.00129	0.00493	0.00350	0.00246	0.00602
6	0.09581	0.01032	0.01531	0.11892	0.59515	0.06617	0.01175	0.01302	0.00947	0.01381	0.00765	0.01008	0.00632	0.00390	0.00404	0.00128	0.00513	0.00357	0.00214	0.00617

[dist]
# distance from previous block
# <min> <max>
0	8

# created by:
# /st0/software/busco_prod/Augustus/scripts/msa2prfl.pl ./align_prep/38977.fa
