[name]
unknown

[dist]
# distance from previous block
# <min> <max>
0	29

[block]
# block no. 0 follows, 67 sequences, length 8
# corresponding to MSA columns:
# 29-36
name=unknown_A
#
# <colnr> <probs for GDERKNQSTAVLIFYWHMCP>
#	G	D	E	R	K	N	Q	S	T	A	V	L	I	F	Y	W	H	M	C	P
0	0.08469	0.00589	0.00686	0.00669	0.00799	0.00620	0.00532	0.15144	0.03876	0.01463	0.09333	0.14620	0.01901	0.11674	0.00670	0.00184	0.00341	0.27655	0.00357	0.00418
1	0.24364	0.00922	0.07637	0.00727	0.01021	0.00867	0.00632	0.24744	0.01144	0.19388	0.00984	0.01107	0.00738	0.08514	0.00509	0.00145	0.00385	0.00341	0.00338	0.05494
2	0.00707	0.00508	0.00579	0.00558	0.00643	0.00511	0.00387	0.14930	0.00919	0.01206	0.01920	0.27799	0.14489	0.29043	0.01025	0.03022	0.00320	0.00748	0.00328	0.00358
3	0.13145	0.00434	0.00474	0.00474	0.00511	0.00450	0.00297	0.00657	0.00606	0.00935	0.01173	0.09994	0.01318	0.53770	0.01574	0.12766	0.00357	0.00551	0.00246	0.00268
4	0.57319	0.00987	0.00780	0.00671	0.00927	0.13591	0.00541	0.12007	0.00946	0.08010	0.00699	0.00758	0.00522	0.00402	0.00297	0.00120	0.00393	0.00257	0.00281	0.00491
5	0.22942	0.00950	0.01011	0.12867	0.09972	0.07319	0.00738	0.25347	0.04995	0.01729	0.01063	0.01147	0.07349	0.00471	0.00366	0.00124	0.00422	0.00360	0.00293	0.00535
6	0.06160	0.02755	0.03807	0.07897	0.09378	0.04356	0.02634	0.39492	0.03053	0.12177	0.00950	0.00997	0.00682	0.00442	0.00386	0.00119	0.00446	0.00349	0.00337	0.03583
7	0.01286	0.03176	0.10190	0.01109	0.12820	0.04712	0.00857	0.37446	0.06356	0.08684	0.00952	0.00990	0.00696	0.00435	0.00384	0.00115	0.00446	0.00343	0.00327	0.08676

[dist]
# distance from previous block
# <min> <max>
3	23

[block]
# block no. 1 follows, 67 sequences, length 44
# corresponding to MSA columns:
# 65-108
name=unknown_B
#
# <colnr> <probs for GDERKNQSTAVLIFYWHMCP>
#	G	D	E	R	K	N	Q	S	T	A	V	L	I	F	Y	W	H	M	C	P
0	0.03929	0.10386	0.13595	0.02178	0.10851	0.06365	0.17804	0.15461	0.04686	0.07537	0.00878	0.02004	0.00668	0.00410	0.00390	0.00121	0.00513	0.00363	0.00263	0.01599
1	0.02175	0.02826	0.01129	0.00909	0.02888	0.08638	0.06051	0.24765	0.19950	0.15754	0.05243	0.01224	0.00981	0.00483	0.00398	0.00120	0.00416	0.00394	0.00370	0.05285
2	0.03206	0.05687	0.01385	0.01037	0.02175	0.12458	0.21221	0.14215	0.08037	0.12624	0.10103	0.01257	0.01054	0.00468	0.00419	0.00122	0.01394	0.00415	0.00318	0.02405
3	0.07327	0.09959	0.03054	0.01189	0.07567	0.07477	0.26171	0.14383	0.01093	0.09217	0.02779	0.01004	0.00701	0.00396	0.00390	0.00117	0.00507	0.00366	0.00270	0.06035
4	0.00652	0.00501	0.00587	0.00580	0.02953	0.00473	0.00420	0.00928	0.12266	0.04508	0.26615	0.10292	0.33110	0.00852	0.00457	0.00132	0.00233	0.00732	0.00393	0.03313
5	0.00946	0.00822	0.01280	0.03437	0.51856	0.00825	0.00954	0.04610	0.06185	0.04963	0.10998	0.01549	0.08827	0.00498	0.00415	0.00123	0.00400	0.00455	0.00278	0.00577
6	0.01012	0.15842	0.14078	0.01165	0.07062	0.06662	0.21184	0.06732	0.07666	0.04169	0.01008	0.08954	0.01728	0.00478	0.00400	0.00123	0.00507	0.00434	0.00250	0.00545
7	0.00969	0.07518	0.16271	0.07563	0.11222	0.03754	0.37590	0.02976	0.01908	0.03534	0.00817	0.02563	0.00636	0.00382	0.00420	0.00127	0.00585	0.00402	0.00210	0.00553
8	0.00498	0.00380	0.00454	0.00493	0.00566	0.00340	0.00346	0.00595	0.00870	0.01126	0.15050	0.41723	0.31534	0.03444	0.00535	0.00154	0.00220	0.00957	0.00379	0.00336
9	0.00952	0.00985	0.01913	0.02009	0.41291	0.00953	0.38372	0.01233	0.00929	0.01292	0.00858	0.01233	0.00717	0.00391	0.00441	0.00130	0.00562	0.04952	0.00210	0.00577
10	0.04379	0.10612	0.12682	0.01012	0.01345	0.13765	0.14299	0.09716	0.16757	0.09077	0.01890	0.01046	0.00761	0.00431	0.00385	0.00121	0.00502	0.00359	0.00286	0.00573
11	0.00970	0.03198	0.06709	0.01621	0.11482	0.01013	0.56196	0.05533	0.04742	0.01356	0.00868	0.02835	0.00679	0.00379	0.00448	0.00131	0.00604	0.00450	0.00223	0.00561
12	0.00559	0.00422	0.00450	0.00434	0.00575	0.00357	0.00329	0.00673	0.00951	0.05807	0.12334	0.03627	0.70147	0.00966	0.00470	0.00134	0.00209	0.00808	0.00387	0.00362
13	0.03591	0.00899	0.01256	0.01024	0.05812	0.00901	0.13617	0.29208	0.02558	0.29843	0.03488	0.03972	0.00928	0.00490	0.00415	0.00126	0.00427	0.00427	0.00387	0.00630
14	0.00925	0.01170	0.11130	0.03933	0.02027	0.01007	0.67149	0.01285	0.02627	0.01276	0.00808	0.01059	0.00606	0.00358	0.00482	0.00135	0.02831	0.00447	0.00202	0.00543
15	0.00812	0.04426	0.81542	0.01130	0.01716	0.00950	0.01460	0.01268	0.00846	0.01261	0.00715	0.00841	0.00508	0.00380	0.00378	0.00126	0.00588	0.00294	0.00169	0.00591
16	0.00506	0.00368	0.00463	0.00530	0.00572	0.00342	0.00361	0.00578	0.00777	0.01013	0.02378	0.59129	0.14815	0.11163	0.00688	0.00186	0.00254	0.05200	0.00357	0.00320
17	0.01799	0.00683	0.00931	0.00714	0.01024	0.00589	0.00589	0.01954	0.01148	0.83682	0.01582	0.01365	0.00993	0.00496	0.00403	0.00124	0.00341	0.00403	0.00496	0.00683
18	0.00685	0.00486	0.00588	0.00553	0.00682	0.00468	0.00421	0.00978	0.12120	0.06582	0.47058	0.07347	0.16495	0.00827	0.00465	0.00133	0.00226	0.03041	0.00423	0.00422
19	0.03818	0.00795	0.00920	0.00735	0.01018	0.08471	0.00595	0.01851	0.05283	0.65793	0.03910	0.02845	0.01059	0.00511	0.00400	0.00124	0.00369	0.00410	0.00455	0.00638
20	0.01323	0.06408	0.01159	0.00975	0.01185	0.61402	0.03095	0.01535	0.08730	0.01049	0.00760	0.00883	0.00632	0.00666	0.08343	0.00158	0.00700	0.00297	0.00224	0.00476
21	0.01617	0.00641	0.00869	0.00682	0.00960	0.00557	0.00557	0.01771	0.01131	0.71756	0.09464	0.03750	0.03241	0.00559	0.00414	0.00126	0.00321	0.00464	0.00485	0.00636
22	0.01076	0.00937	0.01049	0.01009	0.08837	0.03363	0.02417	0.12089	0.60807	0.01722	0.01420	0.01351	0.01068	0.00511	0.00406	0.00132	0.00367	0.00428	0.00378	0.00634
23	0.00927	0.04175	0.64431	0.01066	0.01582	0.03573	0.01289	0.03085	0.08586	0.06300	0.00855	0.00932	0.00609	0.00405	0.00381	0.00126	0.00548	0.00315	0.00218	0.00598
24	0.00489	0.00349	0.00465	0.00558	0.00582	0.00326	0.00372	0.00558	0.00768	0.01024	0.02210	0.85644	0.02653	0.01256	0.00512	0.00163	0.00233	0.01140	0.00372	0.00326
25	0.00559	0.00410	0.00524	0.00496	0.00594	0.00375	0.00372	0.00741	0.01115	0.01561	0.76109	0.03073	0.10896	0.00837	0.00473	0.00127	0.00190	0.00736	0.00435	0.00375
26	0.01372	0.11123	0.01280	0.09032	0.01378	0.57486	0.02300	0.09276	0.01137	0.01137	0.00659	0.00777	0.00536	0.00409	0.00360	0.00107	0.00644	0.00277	0.00219	0.00491
27	0.01093	0.01038	0.01410	0.06069	0.42829	0.09702	0.03283	0.09024	0.08833	0.03500	0.00844	0.01015	0.00677	0.00431	0.00484	0.00126	0.08449	0.00360	0.00243	0.00592
28	0.00730	0.00451	0.00558	0.00543	0.00670	0.00407	0.00412	0.00880	0.02730	0.14272	0.19977	0.22360	0.27052	0.00944	0.00476	0.00141	0.00243	0.06338	0.00407	0.00407
29	0.01094	0.00909	0.00961	0.00836	0.01080	0.01043	0.00658	0.16740	0.67913	0.01833	0.01510	0.01399	0.01125	0.00533	0.00407	0.00133	0.00340	0.00437	0.00407	0.00643
30	0.00867	0.08249	0.65468	0.01225	0.07618	0.03736	0.04865	0.01274	0.00863	0.01240	0.00711	0.00848	0.00522	0.00376	0.00376	0.00123	0.00580	0.00301	0.00174	0.00583
31	0.01391	0.01757	0.03292	0.01049	0.01275	0.69934	0.06334	0.03258	0.01132	0.01078	0.05310	0.00885	0.00711	0.00432	0.00377	0.00108	0.00680	0.00303	0.00223	0.00473
32	0.00748	0.00374	0.00374	0.00374	0.00467	0.00374	0.00280	0.00934	0.00841	0.01495	0.01308	0.01495	0.01028	0.00467	0.00280	0.00093	0.00187	0.00374	0.88132	0.00374
33	0.00582	0.00393	0.00459	0.00459	0.00466	0.00400	0.00269	0.00597	0.00589	0.00793	0.01244	0.02518	0.01412	0.77462	0.10421	0.00415	0.00459	0.00568	0.00240	0.00255
34	0.01026	0.17391	0.40676	0.01074	0.04449	0.07126	0.06660	0.01403	0.06508	0.08802	0.00832	0.00914	0.00615	0.00394	0.00367	0.00118	0.00531	0.00313	0.00222	0.00578
35	0.00955	0.00931	0.01433	0.04053	0.58472	0.06521	0.04436	0.02767	0.00925	0.01261	0.00967	0.13578	0.00925	0.00498	0.00415	0.00126	0.00466	0.00472	0.00229	0.00570
36	0.00748	0.00374	0.00374	0.00374	0.00467	0.00374	0.00280	0.00934	0.00841	0.01495	0.01308	0.01495	0.01028	0.00467	0.00280	0.00093	0.00187	0.00374	0.88132	0.00374
37	0.00526	0.00411	0.00534	0.00545	0.00628	0.00374	0.03489	0.00629	0.00856	0.01109	0.12364	0.36346	0.27870	0.08247	0.00625	0.00169	0.00254	0.04322	0.00363	0.00339
38	0.01926	0.03762	0.02788	0.01189	0.18191	0.05149	0.06783	0.09099	0.19126	0.03074	0.01228	0.11026	0.01819	0.01615	0.00448	0.00131	0.01923	0.03823	0.00302	0.06600
39	0.01344	0.02616	0.01237	0.01065	0.07615	0.19552	0.10483	0.14599	0.05850	0.21171	0.01157	0.03259	0.03282	0.00484	0.00412	0.00121	0.01331	0.01280	0.00329	0.02813
40	0.00832	0.00713	0.00832	0.00594	0.00950	0.00535	0.00475	0.01010	0.00832	0.01307	0.00713	0.00832	0.00594	0.00297	0.00297	0.00059	0.00297	0.00238	0.00238	0.88357
41	0.15028	0.00687	0.00931	0.00871	0.06059	0.00757	0.08057	0.09008	0.07168	0.02580	0.00990	0.01319	0.00854	0.05755	0.36773	0.00364	0.01689	0.00396	0.00257	0.00458
42	0.06862	0.08249	0.02169	0.00869	0.03398	0.11090	0.00698	0.31597	0.07860	0.15162	0.00989	0.00985	0.00716	0.00443	0.00367	0.00113	0.00432	0.00331	0.00344	0.07326
43	0.02900	0.07426	0.04317	0.00835	0.01105	0.08539	0.02840	0.36661	0.10398	0.02622	0.08910	0.02422	0.06371	0.02331	0.00433	0.00126	0.00418	0.00429	0.00349	0.00568

[dist]
# distance from previous block
# <min> <max>
0	7

[block]
# block no. 2 follows, 67 sequences, length 30
# corresponding to MSA columns:
# 116-145
name=unknown_C
#
# <colnr> <probs for GDERKNQSTAVLIFYWHMCP>
#	G	D	E	R	K	N	Q	S	T	A	V	L	I	F	Y	W	H	M	C	P
0	0.05155	0.05264	0.04191	0.05008	0.07293	0.10947	0.14643	0.07542	0.07422	0.15754	0.08578	0.01222	0.00993	0.00452	0.00397	0.00120	0.00465	0.00395	0.00307	0.03851
1	0.01041	0.25826	0.25816	0.01082	0.01481	0.15609	0.17230	0.03150	0.00939	0.01167	0.02703	0.00870	0.00616	0.00380	0.00364	0.00113	0.00572	0.00314	0.00195	0.00535
2	0.01053	0.16307	0.30994	0.01073	0.06426	0.12386	0.05923	0.07890	0.00985	0.04759	0.00816	0.04288	0.00660	0.00424	0.00367	0.00115	0.00527	0.00336	0.02379	0.02294
3	0.17102	0.01031	0.01083	0.01076	0.13010	0.17064	0.06858	0.02449	0.17785	0.06280	0.00989	0.03814	0.00799	0.01492	0.02447	0.00136	0.00464	0.00367	0.00282	0.05472
4	0.00748	0.00374	0.00374	0.00374	0.00467	0.00374	0.00280	0.00934	0.00841	0.01495	0.01308	0.01495	0.01028	0.00467	0.00280	0.00093	0.00187	0.00374	0.88132	0.00374
5	0.00578	0.00447	0.00532	0.00511	0.00624	0.00422	0.00382	0.00824	0.08583	0.01440	0.49762	0.08198	0.24454	0.00873	0.00470	0.00132	0.00207	0.00758	0.00416	0.00388
6	0.01171	0.35472	0.18423	0.00906	0.03063	0.12102	0.00876	0.13123	0.04723	0.05537	0.00763	0.00825	0.00597	0.00397	0.00335	0.00106	0.00494	0.00282	0.00237	0.00565
7	0.00981	0.06791	0.03563	0.01588	0.06034	0.01057	0.64684	0.04634	0.04061	0.01329	0.00827	0.01055	0.00628	0.00354	0.00448	0.00130	0.00625	0.00442	0.00216	0.00554
8	0.00748	0.00374	0.00374	0.00374	0.00467	0.00374	0.00280	0.00934	0.00841	0.01495	0.01308	0.01495	0.01028	0.00467	0.00280	0.00093	0.00187	0.00374	0.88132	0.00374
9	0.00812	0.00531	0.00687	0.07694	0.00916	0.00537	0.00524	0.09929	0.03033	0.11217	0.01887	0.45358	0.04887	0.03568	0.00523	0.00158	0.00310	0.06631	0.00371	0.00428
10	0.09522	0.01191	0.26138	0.01006	0.06285	0.02468	0.06415	0.03375	0.07740	0.25520	0.04583	0.01187	0.01872	0.00452	0.00390	0.00126	0.00445	0.00375	0.00317	0.00594
11	0.00988	0.00980	0.03599	0.02430	0.81445	0.00952	0.01237	0.01232	0.00912	0.01309	0.00754	0.00989	0.00632	0.00358	0.00397	0.00119	0.00479	0.00356	0.00198	0.00634
12	0.00574	0.00424	0.00615	0.00615	0.00676	0.00485	0.00464	0.00697	0.00636	0.00909	0.01101	0.01726	0.01068	0.14919	0.72494	0.00608	0.00976	0.00452	0.00219	0.00342
13	0.00645	0.00473	0.00634	0.00712	0.00807	0.00476	0.00605	0.00873	0.05868	0.01207	0.02184	0.12177	0.05696	0.01084	0.00538	0.00178	0.00346	0.64747	0.00372	0.00380
14	0.00879	0.00805	0.01380	0.55655	0.10405	0.00931	0.11130	0.04058	0.00874	0.04394	0.00763	0.01061	0.00577	0.00411	0.00458	0.00134	0.05015	0.00373	0.00204	0.00494
15	0.04269	0.00956	0.01078	0.00831	0.01141	0.01006	0.00686	0.52459	0.01591	0.27836	0.01153	0.01093	0.00780	0.00482	0.00394	0.00121	0.00399	0.00370	0.02688	0.00667
16	0.00697	0.00348	0.00522	0.00522	0.00522	0.00348	0.00348	0.00522	0.00522	0.00697	0.00697	0.01219	0.00697	0.01393	0.01567	0.88332	0.00348	0.00348	0.00174	0.00174
17	0.01498	0.01911	0.01137	0.01033	0.01240	0.84295	0.00775	0.01601	0.01137	0.00982	0.00620	0.00723	0.00517	0.00413	0.00362	0.00103	0.00723	0.00258	0.00207	0.00465
18	0.00788	0.00633	0.05299	0.00610	0.00791	0.00559	0.00503	0.05812	0.13162	0.09047	0.31599	0.07031	0.21018	0.00773	0.00450	0.00131	0.00265	0.00660	0.00404	0.00462
19	0.00506	0.00406	0.00451	0.00444	0.00562	0.00351	0.00331	0.00635	0.00983	0.01256	0.30267	0.06091	0.54390	0.00958	0.00475	0.00133	0.00199	0.00815	0.00395	0.00351
20	0.01525	0.01123	0.01204	0.00923	0.01244	0.01244	0.00762	0.82067	0.01886	0.02528	0.00963	0.00963	0.00682	0.00481	0.00401	0.00120	0.00441	0.00361	0.00401	0.00682
21	0.00926	0.00915	0.01651	0.22941	0.49009	0.00948	0.15338	0.01189	0.00891	0.01234	0.00754	0.01027	0.00605	0.00365	0.00411	0.00126	0.00526	0.00377	0.00194	0.00571
22	0.01462	0.00817	0.00995	0.04349	0.01143	0.00849	0.00665	0.16227	0.22656	0.41159	0.01410	0.01297	0.00962	0.00510	0.00437	0.00129	0.03446	0.00405	0.00431	0.00651
23	0.00573	0.00430	0.00645	0.00645	0.00716	0.00501	0.00501	0.00716	0.00645	0.00931	0.01074	0.01576	0.01003	0.03008	0.84316	0.00645	0.01074	0.00430	0.00215	0.00358
24	0.00560	0.00415	0.00476	0.00462	0.00583	0.00362	0.00346	0.00692	0.00991	0.04517	0.31449	0.08666	0.47154	0.00942	0.00473	0.00133	0.00206	0.00805	0.00401	0.00365
25	0.10588	0.02734	0.03253	0.00897	0.03692	0.03564	0.07460	0.16390	0.07923	0.37573	0.01201	0.01143	0.00816	0.00458	0.00388	0.00124	0.00407	0.00373	0.00387	0.00626
26	0.00741	0.00691	0.01158	0.79822	0.02630	0.00857	0.01069	0.00996	0.00800	0.01025	0.00804	0.06201	0.00663	0.00453	0.00408	0.00135	0.00516	0.00404	0.00190	0.00438
27	0.00564	0.00417	0.00455	0.00451	0.00580	0.00355	0.00336	0.00672	0.00929	0.06130	0.09981	0.13319	0.62399	0.00997	0.00474	0.00137	0.00214	0.00845	0.00385	0.00361
28	0.00965	0.01101	0.02168	0.09978	0.02105	0.06588	0.68413	0.01280	0.00945	0.01238	0.00789	0.01057	0.00595	0.00349	0.00459	0.00133	0.00665	0.00447	0.00201	0.00526
29	0.01061	0.03885	0.08996	0.01464	0.06290	0.12741	0.45826	0.05588	0.00992	0.02893	0.00771	0.00980	0.00592	0.00386	0.00485	0.00129	0.05764	0.00399	0.00214	0.00543

[dist]
# distance from previous block
# <min> <max>
0	9

# created by:
# /st0/software/busco_prod/Augustus/scripts/msa2prfl.pl ./align_prep/39065.fa
