[name]
unknown

[dist]
# distance from previous block
# <min> <max>
3	28

[block]
# block no. 0 follows, 69 sequences, length 24
# corresponding to MSA columns:
# 29-52
name=unknown_A
#
# <colnr> <probs for GDERKNQSTAVLIFYWHMCP>
#	G	D	E	R	K	N	Q	S	T	A	V	L	I	F	Y	W	H	M	C	P
0	0.00763	0.00554	0.00687	0.03144	0.00823	0.00578	0.01681	0.05808	0.17409	0.07403	0.08151	0.38526	0.07531	0.02111	0.00500	0.00146	0.02604	0.00770	0.00372	0.00438
1	0.00737	0.00647	0.00931	0.30999	0.01507	0.02366	0.04543	0.06559	0.01972	0.01242	0.16692	0.08305	0.07964	0.00750	0.05720	0.00159	0.03034	0.00518	0.00278	0.05077
2	0.00627	0.00448	0.00618	0.01956	0.01986	0.00434	0.03046	0.04347	0.00891	0.04951	0.16642	0.54064	0.05070	0.01012	0.00491	0.00147	0.01618	0.00909	0.00369	0.00374
3	0.03789	0.00413	0.00558	0.02185	0.07205	0.00403	0.00435	0.00640	0.00749	0.01048	0.01877	0.66769	0.02200	0.06687	0.00572	0.00167	0.00263	0.00951	0.02746	0.00344
4	0.17130	0.00817	0.00986	0.09013	0.13064	0.00879	0.00704	0.25123	0.02787	0.13380	0.00985	0.03735	0.00749	0.00453	0.00357	0.00119	0.00376	0.00360	0.08429	0.00554
5	0.00740	0.00697	0.01176	0.85280	0.02700	0.00871	0.01089	0.01002	0.00784	0.01002	0.00697	0.01045	0.00523	0.00392	0.00392	0.00131	0.00523	0.00348	0.00174	0.00436
6	0.01517	0.01055	0.01150	0.00882	0.01194	0.01152	0.00728	0.74456	0.01772	0.10585	0.01001	0.00980	0.00697	0.00472	0.00392	0.00118	0.00422	0.00357	0.00401	0.00667
7	0.01227	0.00613	0.00784	0.00641	0.00859	0.00575	0.00514	0.10017	0.03816	0.39997	0.34044	0.01929	0.02029	0.00611	0.00421	0.00122	0.00284	0.00516	0.00451	0.00548
8	0.00681	0.00340	0.00511	0.00511	0.00511	0.00340	0.00340	0.00511	0.00511	0.00681	0.00681	0.01192	0.00681	0.01362	0.01532	0.88594	0.00340	0.00340	0.00170	0.00170
9	0.00970	0.00931	0.01591	0.02406	0.83777	0.00931	0.01203	0.01203	0.00893	0.01281	0.00737	0.00970	0.00621	0.00349	0.00388	0.00116	0.00466	0.00349	0.00194	0.00621
10	0.78037	0.00711	0.00555	0.00501	0.00725	0.00816	0.00409	0.01117	0.00696	0.01726	0.03271	0.00786	0.00583	0.00386	0.00253	0.00119	0.00288	0.00242	0.08363	0.00417
11	0.00813	0.00697	0.00813	0.00581	0.00929	0.00523	0.00465	0.00987	0.00813	0.01277	0.00697	0.00813	0.00581	0.00290	0.00290	0.00058	0.00290	0.00232	0.00232	0.88619
12	0.01075	0.01222	0.01093	0.00967	0.01053	0.35168	0.00763	0.01164	0.00808	0.00937	0.00619	0.00931	0.00587	0.06050	0.04289	0.00174	0.42162	0.00324	0.00190	0.00424
13	0.00495	0.00398	0.00438	0.00428	0.00544	0.00345	0.00319	0.00618	0.00952	0.01211	0.28764	0.03473	0.56202	0.03464	0.00509	0.00137	0.00200	0.00783	0.00381	0.00340
14	0.00555	0.00401	0.00524	0.00493	0.00586	0.00370	0.00370	0.00740	0.01110	0.01572	0.83570	0.02928	0.03699	0.00801	0.00462	0.00123	0.00185	0.00709	0.00432	0.00370
15	0.00813	0.00697	0.00813	0.00581	0.00929	0.00523	0.00465	0.00987	0.00813	0.01277	0.00697	0.00813	0.00581	0.00290	0.00290	0.00058	0.00290	0.00232	0.00232	0.88619
16	0.00476	0.00346	0.00450	0.00532	0.00565	0.00320	0.00358	0.00547	0.00764	0.01006	0.02327	0.78401	0.10051	0.01207	0.00497	0.00157	0.00225	0.01088	0.00364	0.00320
17	0.00835	0.08591	0.00927	0.00589	0.00936	0.00617	0.00484	0.01004	0.00811	0.01245	0.00683	0.00796	0.00574	0.00294	0.00287	0.00060	0.00302	0.00230	0.00226	0.80508
18	0.00477	0.00387	0.00423	0.00437	0.00544	0.00333	0.00319	0.00580	0.00891	0.01107	0.12894	0.19737	0.58470	0.01017	0.00470	0.00137	0.00203	0.00870	0.00372	0.00333
19	0.04261	0.00816	0.01263	0.13194	0.34491	0.00818	0.03144	0.06092	0.01003	0.29474	0.01014	0.01094	0.00721	0.00408	0.00388	0.00121	0.00427	0.00363	0.00303	0.00604
20	0.00888	0.07988	0.44203	0.02570	0.08196	0.08259	0.04760	0.01206	0.00847	0.01177	0.00717	0.00929	0.00571	0.00399	0.00416	0.00117	0.05354	0.02566	0.00185	0.08651
21	0.01654	0.00647	0.00879	0.00685	0.00961	0.00569	0.00558	0.03634	0.01082	0.74499	0.01453	0.01312	0.00937	0.00566	0.00499	0.08265	0.00336	0.00388	0.00454	0.00621
22	0.00704	0.00492	0.00684	0.06446	0.09589	0.00470	0.00545	0.00836	0.00869	0.09979	0.03621	0.29713	0.21777	0.00915	0.00466	0.00144	0.00294	0.11705	0.00347	0.00405
23	0.01107	0.01031	0.10074	0.01528	0.31708	0.02058	0.11631	0.08304	0.12102	0.13651	0.02247	0.01111	0.00783	0.00412	0.00400	0.00122	0.00459	0.00382	0.00283	0.00609

[dist]
# distance from previous block
# <min> <max>
0	1

[block]
# block no. 1 follows, 69 sequences, length 60
# corresponding to MSA columns:
# 54-113
name=unknown_B
#
# <colnr> <probs for GDERKNQSTAVLIFYWHMCP>
#	G	D	E	R	K	N	Q	S	T	A	V	L	I	F	Y	W	H	M	C	P
0	0.01132	0.01133	0.04598	0.01493	0.33846	0.17954	0.00923	0.07729	0.14408	0.05658	0.00931	0.01082	0.00742	0.00432	0.00408	0.00118	0.02660	0.02205	0.00262	0.02286
1	0.52770	0.00963	0.00926	0.01096	0.23221	0.12831	0.00682	0.01225	0.00791	0.01516	0.00606	0.00737	0.00489	0.00366	0.00298	0.00117	0.00405	0.00255	0.00224	0.00482
2	0.01002	0.00820	0.01008	0.00942	0.07259	0.03379	0.07067	0.04938	0.43643	0.08731	0.05713	0.01721	0.06666	0.00565	0.00416	0.00131	0.00357	0.04708	0.00366	0.00569
3	0.00905	0.00721	0.00841	0.00607	0.00951	0.00570	0.00488	0.06227	0.00895	0.05661	0.00757	0.00848	0.00606	0.00312	0.00302	0.00065	0.00302	0.00248	0.00256	0.78437
4	0.00472	0.00397	0.00409	0.00406	0.00535	0.00335	0.00305	0.00579	0.00914	0.01108	0.11540	0.03693	0.76019	0.00975	0.00463	0.00132	0.00197	0.00816	0.00370	0.00335
5	0.00762	0.00733	0.01278	0.76013	0.05343	0.00882	0.07422	0.01028	0.00799	0.01031	0.00706	0.01044	0.00531	0.00386	0.00397	0.00130	0.00531	0.00357	0.00177	0.00449
6	0.00975	0.00842	0.00886	0.00798	0.01019	0.00975	0.00621	0.02083	0.83069	0.01640	0.01596	0.01463	0.01197	0.00532	0.00399	0.00133	0.00310	0.00443	0.00399	0.00621
7	0.01357	0.04809	0.01211	0.01168	0.11758	0.62708	0.02680	0.01486	0.01061	0.04366	0.00712	0.00895	0.00599	0.00419	0.00364	0.00107	0.00638	0.02961	0.00216	0.00485
8	0.01724	0.00685	0.00941	0.00766	0.04112	0.00602	0.00603	0.03448	0.01127	0.79358	0.01505	0.01313	0.00951	0.00480	0.00394	0.00121	0.00340	0.00392	0.00472	0.00665
9	0.00740	0.00697	0.01176	0.85280	0.02700	0.00871	0.01089	0.01002	0.00784	0.01002	0.00697	0.01045	0.00523	0.00392	0.00392	0.00131	0.00523	0.00348	0.00174	0.00436
10	0.01534	0.01092	0.01125	0.00876	0.01178	0.08409	0.00717	0.61547	0.01655	0.16354	0.01016	0.00988	0.00705	0.00467	0.00389	0.00117	0.00439	0.00351	0.00392	0.00648
11	0.01196	0.00511	0.00619	0.00521	0.00709	0.00473	0.00415	0.02814	0.00972	0.37768	0.01390	0.01396	0.00984	0.00470	0.00329	0.00105	0.00253	0.00378	0.48192	0.00503
12	0.00959	0.00824	0.00875	0.00794	0.01010	0.00951	0.00621	0.02025	0.79307	0.01619	0.01618	0.01598	0.01245	0.00557	0.00405	0.00135	0.00313	0.04138	0.00397	0.00609
13	0.00473	0.00398	0.00411	0.00407	0.00535	0.00335	0.00305	0.00581	0.00916	0.01113	0.12354	0.03684	0.75202	0.00973	0.00463	0.00131	0.00197	0.00815	0.00371	0.00335
14	0.00478	0.00352	0.00449	0.00525	0.00567	0.00323	0.00358	0.00554	0.00776	0.01013	0.02450	0.71208	0.15619	0.01188	0.00495	0.00155	0.00225	0.02578	0.00364	0.00321
15	0.00813	0.00697	0.00813	0.00581	0.00929	0.00523	0.00465	0.00987	0.00813	0.01277	0.00697	0.00813	0.00581	0.00290	0.00290	0.00058	0.00290	0.00232	0.00232	0.88619
16	0.01012	0.01093	0.02112	0.01525	0.01903	0.04666	0.68429	0.10583	0.01037	0.01382	0.00801	0.01026	0.00599	0.00349	0.00448	0.00128	0.00632	0.00438	0.00221	0.01613
17	0.00570	0.00380	0.00428	0.00428	0.00428	0.00380	0.00238	0.00570	0.00570	0.00760	0.01235	0.02566	0.01425	0.86222	0.01995	0.00380	0.00380	0.00570	0.00238	0.00238
18	0.00548	0.00400	0.00514	0.00486	0.00581	0.00367	0.00364	0.00726	0.01093	0.01532	0.77368	0.02994	0.09926	0.00816	0.00462	0.00124	0.00186	0.00718	0.00426	0.00367
19	0.88991	0.00758	0.00576	0.00516	0.00758	0.00879	0.00425	0.01152	0.00667	0.01759	0.00546	0.00637	0.00425	0.00364	0.00243	0.00121	0.00303	0.00212	0.00243	0.00425
20	0.00486	0.00352	0.00460	0.00531	0.00568	0.00325	0.00361	0.00570	0.00802	0.01073	0.12078	0.71024	0.07593	0.01163	0.00494	0.00153	0.00221	0.01048	0.00372	0.00325
21	0.00956	0.05386	0.03449	0.07018	0.62152	0.00966	0.03674	0.01278	0.08872	0.01279	0.00809	0.01004	0.00661	0.00369	0.00384	0.00118	0.00460	0.00353	0.00211	0.00600
22	0.00570	0.00380	0.00428	0.00428	0.00428	0.00380	0.00238	0.00570	0.00570	0.00760	0.01235	0.02566	0.01425	0.86222	0.01995	0.00380	0.00380	0.00570	0.00238	0.00238
23	0.00898	0.01222	0.16752	0.01534	0.01948	0.00985	0.64986	0.01242	0.00896	0.01242	0.00767	0.01009	0.00574	0.00351	0.00478	0.00132	0.03831	0.00428	0.00191	0.00534
24	0.00522	0.00399	0.00479	0.00459	0.00566	0.00356	0.00344	0.00676	0.01032	0.01389	0.55095	0.03231	0.32289	0.00870	0.00463	0.00127	0.00190	0.00751	0.00407	0.00356
25	0.00858	0.00858	0.01201	0.01029	0.01029	0.01201	0.00858	0.00943	0.00600	0.00943	0.00515	0.00858	0.00515	0.00686	0.01287	0.00172	0.85505	0.00343	0.00172	0.00429
26	0.01464	0.01868	0.01111	0.01010	0.01212	0.84648	0.00757	0.01565	0.01111	0.00959	0.00606	0.00707	0.00505	0.00404	0.00353	0.00101	0.00707	0.00252	0.00202	0.00454
27	0.88991	0.00758	0.00576	0.00516	0.00758	0.00879	0.00425	0.01152	0.00667	0.01759	0.00546	0.00637	0.00425	0.00364	0.00243	0.00121	0.00303	0.00212	0.00243	0.00425
28	0.00936	0.00894	0.01512	0.04854	0.76329	0.00896	0.01152	0.01164	0.00890	0.01261	0.00892	0.01152	0.03999	0.00391	0.00394	0.00119	0.00455	0.01910	0.00203	0.00599
29	0.00900	0.23379	0.55640	0.00983	0.01470	0.02618	0.01182	0.04600	0.03599	0.01219	0.00701	0.00801	0.00529	0.00373	0.00343	0.00114	0.00526	0.00276	0.00184	0.00563
30	0.00561	0.00418	0.00618	0.00618	0.00684	0.00483	0.00475	0.00692	0.00626	0.00901	0.01061	0.01602	0.01007	0.07992	0.79654	0.00615	0.01009	0.00429	0.00212	0.00343
31	0.00615	0.00467	0.00544	0.00512	0.00613	0.03840	0.00383	0.00780	0.01067	0.03420	0.66935	0.02878	0.10254	0.04245	0.00519	0.00134	0.00221	0.01791	0.00409	0.00372
32	0.01137	0.01114	0.23019	0.01000	0.04311	0.00769	0.12113	0.03556	0.00948	0.26653	0.00972	0.01021	0.00681	0.00401	0.00417	0.00114	0.04175	0.00341	0.00288	0.16969
33	0.00544	0.00384	0.00461	0.00462	0.00508	0.00365	0.00304	0.00624	0.00806	0.01094	0.29759	0.13385	0.09465	0.38827	0.01148	0.00243	0.00278	0.00709	0.00331	0.00301
34	0.00870	0.01710	0.58159	0.08883	0.03570	0.06485	0.02460	0.02753	0.04254	0.02821	0.02320	0.00925	0.00606	0.00400	0.00396	0.00124	0.02199	0.00315	0.00195	0.00556
35	0.00507	0.00399	0.00458	0.00443	0.00557	0.00350	0.00333	0.00648	0.00998	0.01306	0.42285	0.03366	0.45150	0.00901	0.00463	0.00128	0.00192	0.00770	0.00397	0.00350
36	0.01004	0.00847	0.00933	0.03029	0.05346	0.02551	0.00652	0.14106	0.52530	0.01703	0.10496	0.01525	0.02447	0.00543	0.00404	0.00128	0.00335	0.00453	0.00381	0.00588
37	0.00872	0.26912	0.52748	0.01033	0.03090	0.01099	0.05712	0.01216	0.00828	0.01153	0.01629	0.00809	0.00544	0.00364	0.00343	0.00113	0.00530	0.00282	0.00172	0.00552
38	0.01058	0.69133	0.09919	0.00778	0.02693	0.08836	0.00764	0.01216	0.00829	0.00963	0.00570	0.00662	0.00505	0.00345	0.00275	0.00090	0.00461	0.00224	0.00171	0.00508
39	0.00632	0.00451	0.00632	0.00722	0.00812	0.00451	0.00632	0.00812	0.00902	0.01173	0.02076	0.04422	0.02256	0.01083	0.00541	0.00180	0.00361	0.81138	0.00361	0.00361
40	0.00548	0.00400	0.00514	0.00486	0.00581	0.00367	0.00364	0.00726	0.01093	0.01531	0.77264	0.02995	0.10030	0.00817	0.00462	0.00124	0.00186	0.00718	0.00426	0.00367
41	0.88991	0.00758	0.00576	0.00516	0.00758	0.00879	0.00425	0.01152	0.00667	0.01759	0.00546	0.00637	0.00425	0.00364	0.00243	0.00121	0.00303	0.00212	0.00243	0.00425
42	0.01173	0.00942	0.01054	0.08694	0.01216	0.04564	0.00722	0.42745	0.08594	0.01801	0.00943	0.01116	0.00744	0.05612	0.03859	0.00161	0.11288	0.00371	0.03848	0.00552
43	0.00964	0.00925	0.01581	0.04532	0.81697	0.00930	0.01200	0.01198	0.00890	0.01274	0.00736	0.00972	0.00618	0.00350	0.00388	0.00117	0.00467	0.00349	0.00194	0.00616
44	0.00478	0.00341	0.00455	0.00546	0.00569	0.00318	0.00364	0.00546	0.00751	0.01001	0.02161	0.85966	0.02593	0.01228	0.00500	0.00159	0.00227	0.01114	0.00364	0.00318
45	0.88991	0.00758	0.00576	0.00516	0.00758	0.00879	0.00425	0.01152	0.00667	0.01759	0.00546	0.00637	0.00425	0.00364	0.00243	0.00121	0.00303	0.00212	0.00243	0.00425
46	0.00808	0.07562	0.76230	0.01105	0.01662	0.00955	0.03915	0.01238	0.00829	0.01221	0.00696	0.00822	0.00500	0.00369	0.00367	0.00122	0.00571	0.00290	0.00167	0.00573
47	0.00569	0.00384	0.00446	0.00446	0.00452	0.00390	0.00260	0.00582	0.00575	0.00773	0.01219	0.02475	0.01386	0.78839	0.09325	0.00402	0.00439	0.00557	0.00235	0.00248
48	0.01508	0.00654	0.00860	0.00676	0.00941	0.00592	0.00552	0.08607	0.01182	0.61404	0.17047	0.01603	0.01462	0.00544	0.00407	0.00121	0.00314	0.00450	0.00467	0.00611
49	0.00852	0.00695	0.00864	0.02191	0.00968	0.00597	0.01587	0.01015	0.00800	0.05908	0.00775	0.02428	0.00657	0.01544	0.03589	0.00102	0.08594	0.00284	0.00241	0.66307
50	0.00975	0.00842	0.00886	0.00798	0.01019	0.00975	0.00621	0.02083	0.83069	0.01640	0.01596	0.01463	0.01197	0.00532	0.00399	0.00133	0.00310	0.00443	0.00399	0.00621
51	0.00746	0.00703	0.01187	0.83122	0.04812	0.00873	0.01092	0.01007	0.00787	0.01009	0.00698	0.01043	0.00525	0.00391	0.00392	0.00130	0.00521	0.00348	0.00175	0.00440
52	0.00973	0.00903	0.01530	0.02285	0.78304	0.00900	0.01153	0.01202	0.00907	0.03342	0.04165	0.01060	0.00756	0.00371	0.00391	0.00117	0.00451	0.00365	0.00211	0.00612
53	0.00810	0.00729	0.01157	0.61027	0.10189	0.00833	0.00993	0.03811	0.00841	0.02241	0.00739	0.01054	0.00574	0.00388	0.00380	0.00120	0.00479	0.01433	0.00198	0.12003
54	0.00583	0.00396	0.00464	0.00461	0.00462	0.00410	0.00273	0.00582	0.00576	0.00774	0.01219	0.05892	0.01403	0.75367	0.01883	0.04324	0.03874	0.00573	0.00237	0.00246
55	0.01089	0.00879	0.01124	0.08034	0.16442	0.00954	0.02287	0.33299	0.13273	0.01785	0.06652	0.01532	0.02554	0.00535	0.00413	0.00127	0.00405	0.07704	0.00335	0.00577
56	0.00561	0.00417	0.00614	0.00614	0.00679	0.00481	0.00470	0.00690	0.00625	0.00898	0.01065	0.01621	0.01015	0.09522	0.78135	0.00610	0.00997	0.00432	0.00212	0.00341
57	0.00992	0.00944	0.02393	0.06708	0.27916	0.05924	0.00861	0.02847	0.43995	0.01449	0.01179	0.01215	0.00908	0.00453	0.00392	0.00125	0.00403	0.00392	0.00303	0.00599
58	0.04808	0.02963	0.01609	0.01279	0.07033	0.00863	0.41996	0.04344	0.00855	0.01212	0.00902	0.05593	0.00795	0.04475	0.15655	0.00232	0.04234	0.00459	0.00218	0.00476
59	0.04899	0.00970	0.06514	0.00958	0.07925	0.01006	0.00737	0.16221	0.52763	0.01737	0.01303	0.01251	0.00975	0.00488	0.00388	0.00128	0.00362	0.00399	0.00358	0.00617

[dist]
# distance from previous block
# <min> <max>
0	3

# created by:
# /st0/software/busco_prod/Augustus/scripts/msa2prfl.pl ./align_prep/39132.fa
