[name]
unknown

[dist]
# distance from previous block
# <min> <max>
0	0

[block]
# block no. 0 follows, 65 sequences, length 6
# corresponding to MSA columns:
# 0-5
name=unknown_A
#
# <colnr> <probs for GDERKNQSTAVLIFYWHMCP>
#	G	D	E	R	K	N	Q	S	T	A	V	L	I	F	Y	W	H	M	C	P
0	0.00661	0.00472	0.00661	0.00756	0.00850	0.00472	0.00661	0.00850	0.00945	0.01228	0.02173	0.04630	0.02362	0.01134	0.00567	0.00189	0.00378	0.80250	0.00378	0.00378
1	0.00794	0.00664	0.00788	0.00589	0.00897	0.00514	0.00466	0.00979	0.00916	0.01402	0.17972	0.01317	0.01294	0.00416	0.00342	0.00075	0.00281	0.00348	0.00287	0.69659
2	0.00971	0.00696	0.00837	0.00617	0.00950	0.00540	0.00494	0.01151	0.00928	0.13384	0.08634	0.01141	0.00977	0.00385	0.00337	0.00077	0.00300	0.00315	0.00302	0.66963
3	0.00719	0.00548	0.00670	0.00568	0.00768	0.00467	0.00441	0.00928	0.03449	0.03919	0.39746	0.04849	0.07163	0.00675	0.00423	0.00110	0.00249	0.03562	0.00372	0.30377
4	0.00948	0.00956	0.01483	0.04959	0.08011	0.05839	0.27836	0.01222	0.03646	0.01310	0.00793	0.00977	0.00630	0.00344	0.00385	0.00101	0.00487	0.00348	0.00229	0.39496
5	0.00938	0.00927	0.01686	0.03611	0.05404	0.04114	0.42603	0.01242	0.03728	0.04077	0.01191	0.01947	0.01072	0.00552	0.00479	0.00144	0.00557	0.19701	0.00267	0.05760

[dist]
# distance from previous block
# <min> <max>
3	6

[block]
# block no. 1 follows, 65 sequences, length 37
# corresponding to MSA columns:
# 12-48
name=unknown_B
#
# <colnr> <probs for GDERKNQSTAVLIFYWHMCP>
#	G	D	E	R	K	N	Q	S	T	A	V	L	I	F	Y	W	H	M	C	P
0	0.05005	0.01119	0.08428	0.01431	0.01736	0.02273	0.47540	0.01219	0.00861	0.01246	0.00757	0.01073	0.00615	0.00465	0.00693	0.00149	0.22753	0.01913	0.00203	0.00521
1	0.03229	0.01424	0.30968	0.01401	0.01874	0.00962	0.43583	0.01312	0.00925	0.03930	0.00809	0.01004	0.00593	0.00365	0.00432	0.00130	0.00618	0.00397	0.00208	0.05837
2	0.00885	0.00756	0.00967	0.00692	0.01059	0.00584	0.06350	0.01078	0.00868	0.03394	0.00759	0.00883	0.00619	0.00312	0.00320	0.00068	0.00333	0.00265	0.00247	0.79559
3	0.01541	0.01140	0.01221	0.00940	0.01265	0.01264	0.00775	0.78711	0.04896	0.02555	0.01011	0.01006	0.00719	0.00495	0.00411	0.00124	0.00447	0.00373	0.00411	0.00696
4	0.01359	0.01623	0.01030	0.00936	0.01140	0.64429	0.00705	0.01506	0.04029	0.03996	0.03408	0.01289	0.11796	0.00525	0.00392	0.00113	0.00625	0.00371	0.00259	0.00470
5	0.00647	0.00375	0.00492	0.00498	0.00500	0.00374	0.00310	0.00565	0.00579	0.00772	0.01072	0.07231	0.01190	0.39211	0.01754	0.43106	0.00368	0.00516	0.00223	0.00220
6	0.01004	0.37388	0.39160	0.00986	0.01456	0.01224	0.06454	0.01309	0.00876	0.05625	0.00721	0.00824	0.00557	0.00377	0.00344	0.00113	0.00527	0.00286	0.00195	0.00574
7	0.01016	0.00975	0.01666	0.02520	0.83013	0.00975	0.01260	0.01260	0.00935	0.01341	0.00772	0.01016	0.00650	0.00366	0.00406	0.00122	0.00488	0.00366	0.00203	0.00650
8	0.00607	0.00410	0.00482	0.00498	0.00513	0.00410	0.00316	0.00638	0.00653	0.00866	0.01436	0.03002	0.01634	0.71867	0.01842	0.00364	0.00395	0.13527	0.00270	0.00270
9	0.01009	0.00968	0.01653	0.04959	0.80629	0.00973	0.01256	0.01254	0.00931	0.01332	0.00771	0.01018	0.00647	0.00367	0.00406	0.00122	0.00489	0.00366	0.00203	0.00644
10	0.00661	0.00472	0.00661	0.00756	0.00850	0.00472	0.00661	0.00850	0.00945	0.01228	0.02173	0.04630	0.02362	0.01134	0.00567	0.00189	0.00378	0.80250	0.00378	0.00378
11	0.88473	0.00794	0.00603	0.00540	0.00794	0.00921	0.00445	0.01207	0.00699	0.01842	0.00572	0.00667	0.00445	0.00381	0.00254	0.00127	0.00318	0.00222	0.00254	0.00445
12	0.01067	0.00504	0.00679	0.00639	0.00786	0.00451	0.00477	0.01176	0.00947	0.35415	0.01966	0.46204	0.01964	0.03240	0.00521	0.00157	0.00292	0.02602	0.00430	0.00485
13	0.00616	0.00452	0.00602	0.00681	0.00776	0.00438	0.00576	0.00780	0.00928	0.01191	0.02515	0.12288	0.15896	0.01133	0.00549	0.00178	0.00336	0.59316	0.00379	0.00368
14	0.00661	0.00472	0.00661	0.00756	0.00850	0.00472	0.00661	0.00850	0.00945	0.01228	0.02173	0.04630	0.02362	0.01134	0.00567	0.00189	0.00378	0.80250	0.00378	0.00378
15	0.88473	0.00794	0.00603	0.00540	0.00794	0.00921	0.00445	0.01207	0.00699	0.01842	0.00572	0.00667	0.00445	0.00381	0.00254	0.00127	0.00318	0.00222	0.00254	0.00445
16	0.13733	0.00908	0.00950	0.00806	0.01071	0.01018	0.00644	0.19313	0.44679	0.10418	0.01359	0.01275	0.00992	0.00513	0.00392	0.00133	0.00354	0.00404	0.00402	0.00636
17	0.01150	0.00832	0.00915	0.00792	0.01031	0.00919	0.00624	0.10109	0.53910	0.13209	0.07402	0.01567	0.01344	0.00561	0.00416	0.00134	0.00327	0.00464	0.03660	0.00633
18	0.00661	0.00437	0.00574	0.00530	0.00641	0.00401	0.00401	0.00852	0.01163	0.06831	0.77642	0.02960	0.03692	0.00818	0.00480	0.00129	0.00204	0.00721	0.00455	0.00407
19	0.88473	0.00794	0.00603	0.00540	0.00794	0.00921	0.00445	0.01207	0.00699	0.01842	0.00572	0.00667	0.00445	0.00381	0.00254	0.00127	0.00318	0.00222	0.00254	0.00445
20	0.00653	0.00458	0.00575	0.00535	0.00651	0.00433	0.00405	0.00901	0.06291	0.04527	0.67873	0.02922	0.08296	0.00812	0.00472	0.00129	0.00208	0.00711	0.02736	0.00412
21	0.00702	0.00394	0.00426	0.00418	0.00516	0.00381	0.00313	0.00888	0.00940	0.01532	0.21629	0.02063	0.06942	0.00603	0.00348	0.00107	0.00193	0.00502	0.60720	0.00381
22	0.00838	0.00705	0.00763	0.00698	0.00885	0.00773	0.00538	0.01616	0.51366	0.01605	0.20086	0.02256	0.14764	0.00696	0.00443	0.00137	0.00277	0.00590	0.00419	0.00543
23	0.88473	0.00794	0.00603	0.00540	0.00794	0.00921	0.00445	0.01207	0.00699	0.01842	0.00572	0.00667	0.00445	0.00381	0.00254	0.00127	0.00318	0.00222	0.00254	0.00445
24	0.00548	0.00413	0.00503	0.00511	0.00599	0.00380	0.00368	0.00705	0.02968	0.01329	0.37766	0.24119	0.22717	0.04503	0.00559	0.00152	0.00220	0.00868	0.00407	0.00364
25	0.00529	0.00379	0.00504	0.00584	0.00624	0.00357	0.00412	0.00625	0.00838	0.01119	0.09514	0.64504	0.04203	0.03212	0.00562	0.00171	0.00255	0.10882	0.00384	0.00342
26	0.00597	0.00398	0.00448	0.00448	0.00448	0.00398	0.00249	0.00597	0.00597	0.00796	0.01293	0.02686	0.01492	0.85574	0.02089	0.00398	0.00398	0.00597	0.00249	0.00249
27	0.88473	0.00794	0.00603	0.00540	0.00794	0.00921	0.00445	0.01207	0.00699	0.01842	0.00572	0.00667	0.00445	0.00381	0.00254	0.00127	0.00318	0.00222	0.00254	0.00445
28	0.76964	0.00815	0.00657	0.00583	0.00837	0.00943	0.00476	0.04169	0.08588	0.01856	0.00692	0.00761	0.00531	0.00402	0.00275	0.00128	0.00323	0.00251	0.00275	0.00473
29	0.00583	0.00408	0.00498	0.00503	0.00539	0.00410	0.00330	0.00644	0.00712	0.00961	0.10354	0.07506	0.06946	0.50602	0.14185	0.00372	0.00461	0.03402	0.00287	0.00297
30	0.01582	0.00891	0.01045	0.00825	0.01130	0.00918	0.00674	0.29651	0.17443	0.39211	0.01410	0.01281	0.00953	0.00512	0.00413	0.00128	0.00380	0.00408	0.00456	0.00689
31	0.00498	0.00416	0.00434	0.00429	0.00562	0.00352	0.00322	0.00614	0.00966	0.01180	0.14630	0.03833	0.72330	0.01013	0.00485	0.00137	0.00206	0.00850	0.00391	0.00352
32	0.00615	0.00414	0.00513	0.00537	0.00624	0.00380	0.00385	0.00714	0.00868	0.07119	0.08155	0.37417	0.25770	0.06449	0.05897	0.00199	0.00303	0.02899	0.00377	0.00366
33	0.01023	0.01021	0.01448	0.07102	0.01555	0.06967	0.26779	0.01782	0.44431	0.01489	0.01258	0.01307	0.00948	0.00469	0.00435	0.00136	0.00489	0.00449	0.00318	0.00592
34	0.01112	0.01278	0.01814	0.01391	0.01678	0.23243	0.43036	0.03827	0.00992	0.01212	0.00756	0.01000	0.00607	0.00542	0.04255	0.00158	0.11970	0.00403	0.00212	0.00515
35	0.88473	0.00794	0.00603	0.00540	0.00794	0.00921	0.00445	0.01207	0.00699	0.01842	0.00572	0.00667	0.00445	0.00381	0.00254	0.00127	0.00318	0.00222	0.00254	0.00445
36	0.01218	0.00722	0.00890	0.00658	0.01002	0.00579	0.00533	0.01414	0.02892	0.31327	0.01077	0.01067	0.00773	0.00385	0.00346	0.00087	0.00321	0.00310	0.00344	0.54054

[dist]
# distance from previous block
# <min> <max>
0	1

[block]
# block no. 2 follows, 65 sequences, length 36
# corresponding to MSA columns:
# 50-85
name=unknown_C
#
# <colnr> <probs for GDERKNQSTAVLIFYWHMCP>
#	G	D	E	R	K	N	Q	S	T	A	V	L	I	F	Y	W	H	M	C	P
0	0.00882	0.00748	0.00868	0.00622	0.00986	0.00578	0.00499	0.04506	0.00898	0.01391	0.00741	0.00857	0.00612	0.00312	0.00309	0.00063	0.00310	0.00249	0.00250	0.84319
1	0.01362	0.30207	0.01552	0.00964	0.01234	0.50885	0.04240	0.03127	0.01059	0.01037	0.00629	0.00733	0.00536	0.00397	0.00340	0.00101	0.00631	0.00261	0.00203	0.00501
2	0.88473	0.00794	0.00603	0.00540	0.00794	0.00921	0.00445	0.01207	0.00699	0.01842	0.00572	0.00667	0.00445	0.00381	0.00254	0.00127	0.00318	0.00222	0.00254	0.00445
3	0.00764	0.00473	0.00621	0.00569	0.00688	0.00456	0.00431	0.02636	0.01030	0.12063	0.45011	0.02551	0.06432	0.08531	0.15651	0.00248	0.00401	0.00630	0.00396	0.00417
4	0.00590	0.00437	0.00563	0.00587	0.00689	0.00410	0.00474	0.00762	0.01029	0.01375	0.36055	0.05827	0.18420	0.00997	0.00516	0.00154	0.00265	0.30066	0.00409	0.00375
5	0.00826	0.00806	0.01247	0.76467	0.06358	0.05310	0.01127	0.01090	0.00844	0.01060	0.00726	0.01072	0.00551	0.00409	0.00408	0.00134	0.00555	0.00360	0.00185	0.00466
6	0.01068	0.00905	0.00954	0.00845	0.01085	0.01043	0.00661	0.09033	0.75344	0.01792	0.01612	0.01484	0.01205	0.00551	0.00417	0.00138	0.00336	0.00456	0.00417	0.00654
7	0.00507	0.00366	0.00481	0.00571	0.00605	0.00341	0.00390	0.00586	0.00802	0.01060	0.02369	0.76751	0.07382	0.01264	0.00524	0.00166	0.00243	0.04873	0.00381	0.00336
8	0.84711	0.00809	0.00631	0.00557	0.00815	0.00936	0.00459	0.04689	0.00752	0.01874	0.00589	0.00681	0.00456	0.00386	0.00261	0.00127	0.00323	0.00229	0.00261	0.00456
9	0.01042	0.01072	0.02076	0.01891	0.26492	0.01042	0.49284	0.09245	0.01054	0.01449	0.00828	0.01068	0.00639	0.00366	0.00454	0.00132	0.00607	0.00437	0.00226	0.00597
10	0.00630	0.00482	0.00676	0.00667	0.00753	0.00558	0.00514	0.00870	0.08730	0.01021	0.01165	0.01655	0.01071	0.06714	0.71829	0.00596	0.00990	0.00450	0.00241	0.00389
11	0.00497	0.00412	0.00436	0.00448	0.00572	0.00351	0.00335	0.00604	0.00929	0.01126	0.06567	0.11995	0.69180	0.01061	0.00492	0.00143	0.00217	0.03907	0.00383	0.00348
12	0.17064	0.00653	0.00788	0.00667	0.00915	0.00612	0.00545	0.01450	0.00977	0.40069	0.01447	0.06131	0.01188	0.04266	0.00475	0.00144	0.00340	0.12659	0.00398	0.09210
13	0.78996	0.00757	0.00606	0.00555	0.00792	0.00870	0.00459	0.01166	0.00733	0.01790	0.03508	0.01041	0.00703	0.00452	0.00285	0.00132	0.00318	0.06132	0.00270	0.00438
14	0.01456	0.01071	0.01157	0.00908	0.01206	0.01180	0.00741	0.73624	0.01817	0.02435	0.01112	0.09327	0.00898	0.00571	0.00422	0.00127	0.00431	0.00448	0.00408	0.00662
15	0.01508	0.00770	0.01079	0.00833	0.01128	0.00725	0.08605	0.12803	0.04436	0.49393	0.12804	0.01550	0.01342	0.00538	0.00430	0.00128	0.00375	0.00462	0.00453	0.00639
16	0.22874	0.00733	0.00894	0.08984	0.01163	0.00729	0.00620	0.01720	0.04517	0.51738	0.01278	0.01194	0.00840	0.00469	0.00374	0.00129	0.00360	0.00364	0.00410	0.00610
17	0.00980	0.00847	0.00946	0.09117	0.01231	0.00984	0.00699	0.02007	0.70384	0.01628	0.01601	0.01634	0.01235	0.00570	0.00424	0.00141	0.00349	0.04211	0.00393	0.00618
18	0.00587	0.00394	0.00451	0.00460	0.00462	0.00392	0.00262	0.00594	0.00616	0.00821	0.01389	0.10860	0.01613	0.77235	0.01934	0.00375	0.00382	0.00653	0.00262	0.00257
19	0.83364	0.00782	0.00613	0.00544	0.00798	0.00898	0.00448	0.01233	0.00720	0.05028	0.00628	0.00712	0.00479	0.00388	0.00261	0.00126	0.00316	0.00233	0.01976	0.00453
20	0.00514	0.00368	0.00491	0.00573	0.00607	0.00344	0.00392	0.00602	0.00829	0.01114	0.10226	0.74066	0.02816	0.01236	0.00522	0.00164	0.00239	0.04168	0.00388	0.00340
21	0.00597	0.00398	0.00448	0.00448	0.00448	0.00398	0.00249	0.00597	0.00597	0.00796	0.01293	0.02686	0.01492	0.85574	0.02089	0.00398	0.00398	0.00597	0.00249	0.00249
22	0.00661	0.00472	0.00661	0.00756	0.00850	0.00472	0.00661	0.00850	0.00945	0.01228	0.02173	0.04630	0.02362	0.01134	0.00567	0.00189	0.00378	0.80250	0.00378	0.00378
23	0.01521	0.01130	0.01210	0.00936	0.01258	0.01254	0.00771	0.75795	0.07845	0.02523	0.01036	0.01026	0.00739	0.00497	0.00411	0.00124	0.00442	0.00377	0.00411	0.00695
24	0.00503	0.00417	0.00441	0.00435	0.00566	0.00354	0.00326	0.00624	0.00978	0.01210	0.18939	0.03784	0.68003	0.01002	0.00485	0.00137	0.00205	0.00843	0.00394	0.00354
25	0.88473	0.00794	0.00603	0.00540	0.00794	0.00921	0.00445	0.01207	0.00699	0.01842	0.00572	0.00667	0.00445	0.00381	0.00254	0.00127	0.00318	0.00222	0.00254	0.00445
26	0.01560	0.01150	0.01232	0.00944	0.01273	0.01273	0.00780	0.81645	0.01930	0.02587	0.00986	0.00986	0.00698	0.00493	0.00411	0.00123	0.00452	0.00370	0.00411	0.00698
27	0.00560	0.00421	0.00519	0.00501	0.00609	0.00381	0.00380	0.00730	0.01092	0.01486	0.58414	0.03371	0.24476	0.00906	0.00488	0.00134	0.00206	0.04519	0.00430	0.00376
28	0.00485	0.00416	0.00416	0.00416	0.00554	0.00347	0.00312	0.00589	0.00936	0.01109	0.04158	0.03950	0.82847	0.01040	0.00485	0.00139	0.00208	0.00866	0.00381	0.00347
29	0.00775	0.00730	0.01231	0.84587	0.02827	0.00912	0.01140	0.01049	0.00821	0.01049	0.00730	0.01094	0.00547	0.00410	0.00410	0.00137	0.00547	0.00365	0.00182	0.00456
30	0.01560	0.01150	0.01232	0.00944	0.01273	0.01273	0.00780	0.81645	0.01930	0.02587	0.00986	0.00986	0.00698	0.00493	0.00411	0.00123	0.00452	0.00370	0.00411	0.00698
31	0.00974	0.48216	0.38677	0.00912	0.01378	0.01323	0.01068	0.01261	0.00849	0.01116	0.00645	0.00752	0.00524	0.00369	0.00320	0.00107	0.00514	0.00257	0.00175	0.00563
32	0.13135	0.14724	0.07972	0.00782	0.01097	0.03548	0.02448	0.17363	0.09623	0.03349	0.06904	0.01108	0.00916	0.02190	0.00389	0.00117	0.00401	0.00343	0.00299	0.13290
33	0.18223	0.05428	0.19439	0.06569	0.02314	0.05386	0.07335	0.05430	0.03335	0.04250	0.01960	0.03146	0.01678	0.00461	0.00412	0.00127	0.04723	0.00357	0.08912	0.00516
34	0.01926	0.02916	0.09092	0.03603	0.02718	0.02814	0.07181	0.20358	0.02898	0.04912	0.04216	0.12381	0.03724	0.09234	0.07191	0.00200	0.00485	0.01527	0.00314	0.02307
35	0.11689	0.06374	0.14070	0.06073	0.01284	0.02235	0.09416	0.08763	0.04075	0.04093	0.02196	0.11064	0.05773	0.00596	0.01482	0.00135	0.00439	0.02292	0.00282	0.07669

[dist]
# distance from previous block
# <min> <max>
11	43

# created by:
# /st0/software/busco_prod/Augustus/scripts/msa2prfl.pl ./align_prep/39248.fa
