[name]
unknown

[dist]
# distance from previous block
# <min> <max>
0	118

[block]
# block no. 0 follows, 59 sequences, length 24
# corresponding to MSA columns:
# 119-142
name=unknown_A
#
# <colnr> <probs for GDERKNQSTAVLIFYWHMCP>
#	G	D	E	R	K	N	Q	S	T	A	V	L	I	F	Y	W	H	M	C	P
0	0.00826	0.00595	0.00784	0.00837	0.00969	0.00610	0.00727	0.10310	0.01142	0.01495	0.02187	0.04518	0.02330	0.01138	0.00590	0.00195	0.00416	0.69472	0.00411	0.00447
1	0.00910	0.02138	0.72670	0.01431	0.11363	0.01029	0.01599	0.01394	0.00941	0.01404	0.00797	0.00951	0.00576	0.00417	0.00422	0.00139	0.00638	0.00334	0.00190	0.00658
2	0.01083	0.01039	0.01774	0.05997	0.78519	0.01047	0.01350	0.01346	0.01001	0.01430	0.00829	0.01097	0.00695	0.00395	0.00437	0.00132	0.00527	0.00393	0.00218	0.00691
3	0.00797	0.00481	0.00617	0.00589	0.00654	0.00493	0.00402	0.00867	0.00737	0.10521	0.01368	0.02365	0.01388	0.49180	0.27180	0.00482	0.00658	0.00566	0.00291	0.00365
4	0.03804	0.01021	0.01092	0.00904	0.01185	0.01141	0.00725	0.38422	0.32458	0.02278	0.10857	0.01543	0.01379	0.00598	0.00449	0.00140	0.00396	0.00480	0.00445	0.00684
5	0.03781	0.09831	0.08547	0.01365	0.15573	0.24867	0.07283	0.09448	0.06867	0.02619	0.04997	0.01106	0.00862	0.00468	0.00417	0.00127	0.00587	0.00375	0.00275	0.00604
6	0.00760	0.00446	0.00633	0.00602	0.00660	0.00435	0.00421	0.00674	0.00638	0.00889	0.00854	0.01406	0.00834	0.04605	0.13811	0.60706	0.00499	0.00392	0.00210	0.10526
7	0.11144	0.00799	0.01205	0.64087	0.02561	0.00972	0.01085	0.05187	0.00937	0.01327	0.00879	0.01361	0.00709	0.00492	0.00432	0.00149	0.00543	0.05403	0.00231	0.00497
8	0.01236	0.74958	0.02189	0.00801	0.01161	0.11334	0.00767	0.01375	0.00939	0.01044	0.00622	0.00719	0.00567	0.00387	0.00297	0.00097	0.00511	0.00242	0.00194	0.00560
9	0.04223	0.01132	0.04491	0.03737	0.64097	0.05052	0.03188	0.03669	0.01044	0.03945	0.00850	0.01075	0.00691	0.00407	0.00431	0.00132	0.00537	0.00385	0.00236	0.00678
10	0.63820	0.00868	0.00772	0.00658	0.00947	0.00966	0.00541	0.06655	0.05026	0.14861	0.00885	0.00914	0.00639	0.00449	0.00321	0.00137	0.00357	0.00296	0.00337	0.00551
11	0.01099	0.00949	0.00999	0.00899	0.01148	0.01099	0.00699	0.02347	0.80925	0.01848	0.01798	0.01648	0.01348	0.00599	0.00449	0.00150	0.00350	0.00499	0.00449	0.00699
12	0.87598	0.00854	0.00649	0.00581	0.00854	0.00991	0.00478	0.01298	0.00752	0.01982	0.00615	0.00717	0.00478	0.00410	0.00273	0.00137	0.00342	0.00239	0.00273	0.00478
13	0.00534	0.00448	0.00464	0.00460	0.00604	0.00378	0.00345	0.00657	0.01035	0.01259	0.13301	0.04141	0.72676	0.01094	0.00522	0.00148	0.00222	0.00917	0.00419	0.00378
14	0.04270	0.00984	0.01183	0.00991	0.06389	0.00988	0.00761	0.35359	0.01552	0.34383	0.01285	0.01219	0.00870	0.00509	0.00429	0.00129	0.00428	0.00401	0.00451	0.07422
15	0.00916	0.00785	0.00916	0.00654	0.01047	0.00589	0.00523	0.01112	0.00916	0.01439	0.00785	0.00916	0.00654	0.00327	0.00327	0.00065	0.00327	0.00262	0.00262	0.87178
16	0.00642	0.00430	0.00493	0.00493	0.00497	0.00435	0.00282	0.00650	0.00646	0.00865	0.01381	0.02831	0.01580	0.80318	0.06373	0.00443	0.00467	0.00634	0.00266	0.00274
17	0.00579	0.00435	0.00568	0.00624	0.00697	0.00403	0.01754	0.00691	0.00920	0.01196	0.06527	0.47001	0.18879	0.04546	0.00626	0.00184	0.00286	0.13307	0.00404	0.00372
18	0.00922	0.00806	0.01002	0.00715	0.01111	0.00616	0.04560	0.01127	0.00922	0.01438	0.00791	0.00930	0.00655	0.00329	0.00337	0.00070	0.00348	0.00275	0.00260	0.82787
19	0.00904	0.02328	0.05037	0.00765	0.00985	0.02878	0.04849	0.04498	0.07351	0.06363	0.14522	0.04317	0.15575	0.10631	0.00733	0.00169	0.05505	0.00595	0.00355	0.11639
20	0.02265	0.00952	0.02397	0.04914	0.09434	0.07085	0.02064	0.07925	0.07252	0.08211	0.04364	0.04685	0.02046	0.00507	0.00409	0.00113	0.00420	0.02314	0.00323	0.32318
21	0.04047	0.00962	0.02354	0.03351	0.06580	0.07074	0.03941	0.19422	0.05775	0.04421	0.06476	0.09732	0.06717	0.04927	0.00575	0.00150	0.03388	0.00540	0.00351	0.09217
22	0.03134	0.00918	0.01160	0.04546	0.04437	0.00909	0.05355	0.19842	0.06752	0.03025	0.03668	0.04126	0.00927	0.00524	0.01399	0.00121	0.04682	0.00401	0.00324	0.33748
23	0.02186	0.00983	0.02339	0.08214	0.15731	0.12071	0.04904	0.03838	0.07844	0.04464	0.01375	0.21208	0.02626	0.00678	0.00456	0.00138	0.00466	0.00596	0.00312	0.09572

[dist]
# distance from previous block
# <min> <max>
4	32

[block]
# block no. 1 follows, 59 sequences, length 9
# corresponding to MSA columns:
# 175-183
name=unknown_B
#
# <colnr> <probs for GDERKNQSTAVLIFYWHMCP>
#	G	D	E	R	K	N	Q	S	T	A	V	L	I	F	Y	W	H	M	C	P
0	0.08037	0.00852	0.00873	0.03096	0.05595	0.10769	0.00623	0.09147	0.06432	0.06682	0.12000	0.11083	0.07450	0.04532	0.03957	0.02718	0.00434	0.02507	0.02711	0.00501
1	0.05623	0.00550	0.00649	0.00614	0.00757	0.00525	0.00454	0.02699	0.05456	0.09039	0.17560	0.23080	0.09884	0.09278	0.00660	0.00175	0.00294	0.02885	0.03377	0.06441
2	0.02740	0.00611	0.00829	0.03169	0.07896	0.00608	0.03834	0.04917	0.04543	0.02908	0.17997	0.12161	0.17384	0.07757	0.05668	0.02136	0.00392	0.03626	0.00371	0.00454
3	0.06129	0.00771	0.01014	0.04658	0.15463	0.05165	0.04272	0.04163	0.03349	0.06960	0.01462	0.15818	0.04944	0.12898	0.08065	0.02959	0.00505	0.00605	0.00309	0.00490
4	0.02978	0.00594	0.00715	0.00660	0.00819	0.00567	0.00495	0.07096	0.04943	0.09796	0.16126	0.24266	0.05846	0.09177	0.00665	0.00174	0.00315	0.04908	0.00409	0.09452
5	0.05385	0.00522	0.00597	0.00565	0.00718	0.00471	0.00418	0.00843	0.03633	0.01419	0.22793	0.20960	0.23594	0.02861	0.00526	0.00147	0.00257	0.00813	0.00398	0.13078
6	0.00971	0.00883	0.03093	0.07024	0.31143	0.04503	0.00904	0.06078	0.04234	0.03826	0.07634	0.12798	0.09245	0.03805	0.00538	0.00154	0.00436	0.01852	0.00319	0.00561
7	0.07017	0.00589	0.00673	0.00621	0.00756	0.00592	0.00454	0.07756	0.04630	0.11489	0.07914	0.13123	0.08026	0.24147	0.00992	0.02304	0.00348	0.03285	0.04839	0.00446
8	0.00743	0.00526	0.00612	0.00581	0.00723	0.00493	0.00435	0.04491	0.06088	0.06854	0.25620	0.15654	0.31220	0.03246	0.00561	0.00157	0.00260	0.00852	0.00441	0.00443

[dist]
# distance from previous block
# <min> <max>
15	38

[block]
# block no. 2 follows, 59 sequences, length 6
# corresponding to MSA columns:
# 223-228
name=unknown_C
#
# <colnr> <probs for GDERKNQSTAVLIFYWHMCP>
#	G	D	E	R	K	N	Q	S	T	A	V	L	I	F	Y	W	H	M	C	P
0	0.00655	0.00446	0.00558	0.00601	0.00676	0.00425	0.00432	0.00790	0.02793	0.04163	0.07283	0.39052	0.13200	0.10440	0.03336	0.00214	0.00318	0.09427	0.04805	0.00386
1	0.03379	0.00836	0.02718	0.08486	0.23465	0.02374	0.05691	0.06970	0.03874	0.04958	0.03196	0.26109	0.01487	0.02333	0.01964	0.00165	0.00453	0.00673	0.00322	0.00549
2	0.00791	0.00642	0.00747	0.02261	0.05829	0.04284	0.00532	0.08018	0.02897	0.01329	0.11435	0.12505	0.13636	0.19969	0.11131	0.00281	0.00473	0.02468	0.00345	0.00427
3	0.00721	0.00490	0.00606	0.00625	0.00718	0.00471	0.00449	0.05743	0.02875	0.05464	0.12860	0.46460	0.10734	0.04794	0.00607	0.00175	0.00280	0.03103	0.02406	0.00419
4	0.00702	0.00491	0.00577	0.00573	0.00634	0.00503	0.00387	0.03541	0.05941	0.01200	0.09609	0.13133	0.03864	0.40717	0.08060	0.00328	0.00422	0.02675	0.06280	0.00365
5	0.45114	0.03479	0.00991	0.05984	0.03968	0.13199	0.00686	0.12640	0.04664	0.04451	0.00796	0.00887	0.00607	0.00447	0.00346	0.00133	0.00457	0.00302	0.00298	0.00552

[dist]
# distance from previous block
# <min> <max>
2	19

[block]
# block no. 3 follows, 59 sequences, length 13
# corresponding to MSA columns:
# 253-265
name=unknown_D
#
# <colnr> <probs for GDERKNQSTAVLIFYWHMCP>
#	G	D	E	R	K	N	Q	S	T	A	V	L	I	F	Y	W	H	M	C	P
0	0.00876	0.01784	0.04010	0.00715	0.00885	0.07642	0.02169	0.06582	0.06665	0.03755	0.07782	0.12243	0.22425	0.01043	0.03707	0.10531	0.00397	0.02775	0.03567	0.00447
1	0.01168	0.37114	0.17255	0.02876	0.04506	0.14343	0.11825	0.01448	0.03417	0.01207	0.00745	0.00884	0.00609	0.00406	0.00374	0.00118	0.00596	0.00317	0.00208	0.00586
2	0.00609	0.00452	0.00571	0.00567	0.00656	0.00435	0.00412	0.00776	0.02586	0.01397	0.37758	0.14206	0.15152	0.10103	0.12076	0.00256	0.00378	0.00814	0.00406	0.00389
3	0.07423	0.01119	0.01197	0.02476	0.01294	0.13044	0.08028	0.22350	0.14401	0.08762	0.04924	0.04026	0.03679	0.00598	0.00463	0.00141	0.01667	0.03417	0.00379	0.00613
4	0.00747	0.00536	0.00716	0.00756	0.07659	0.00505	0.00514	0.00971	0.03477	0.06550	0.51641	0.03018	0.15218	0.00981	0.04601	0.00168	0.00301	0.00738	0.00442	0.00462
5	0.01039	0.27967	0.20136	0.01322	0.09812	0.03325	0.19365	0.01357	0.02970	0.01297	0.03313	0.02382	0.02945	0.00446	0.00410	0.00127	0.00569	0.00397	0.00225	0.00595
6	0.66372	0.03438	0.00802	0.03245	0.00999	0.06437	0.00559	0.01443	0.07693	0.04482	0.00763	0.00842	0.00585	0.00434	0.00308	0.00135	0.00385	0.00276	0.00289	0.00511
7	0.00654	0.00560	0.04647	0.03690	0.00802	0.00461	0.00487	0.00840	0.01117	0.03923	0.44289	0.06445	0.26045	0.03409	0.00564	0.00152	0.00263	0.00801	0.00431	0.00422
8	0.01001	0.00946	0.01605	0.18859	0.58864	0.00993	0.01260	0.01261	0.00955	0.01343	0.00852	0.01165	0.00712	0.00654	0.07503	0.00184	0.00594	0.00400	0.00216	0.00631
9	0.00955	0.00916	0.04378	0.36463	0.28870	0.00960	0.01152	0.07584	0.01018	0.01378	0.01027	0.11387	0.00926	0.00548	0.00454	0.00144	0.00520	0.00497	0.00250	0.00571
10	0.03836	0.01110	0.01298	0.23328	0.13104	0.10775	0.00972	0.25347	0.05946	0.04283	0.04965	0.01214	0.00886	0.00498	0.00435	0.00136	0.00526	0.00405	0.00320	0.00618
11	0.08617	0.21459	0.09813	0.04271	0.07961	0.12077	0.10423	0.07314	0.03566	0.03603	0.03276	0.03032	0.00801	0.00466	0.00408	0.00127	0.01569	0.00374	0.00259	0.00584
12	0.00969	0.00819	0.03908	0.02233	0.05446	0.00775	0.11449	0.14882	0.04956	0.05673	0.17740	0.12817	0.11542	0.02028	0.02574	0.00164	0.00418	0.00681	0.00386	0.00538

[dist]
# distance from previous block
# <min> <max>
5	9

[block]
# block no. 4 follows, 59 sequences, length 21
# corresponding to MSA columns:
# 277-297
name=unknown_E
#
# <colnr> <probs for GDERKNQSTAVLIFYWHMCP>
#	G	D	E	R	K	N	Q	S	T	A	V	L	I	F	Y	W	H	M	C	P
0	0.05523	0.02165	0.04907	0.05048	0.18120	0.06503	0.22609	0.07776	0.03110	0.09596	0.01060	0.03400	0.00854	0.00496	0.00479	0.00142	0.02381	0.03575	0.01641	0.00615
1	0.01101	0.06941	0.01382	0.11199	0.32297	0.03045	0.00961	0.04296	0.03479	0.09311	0.03788	0.04844	0.06191	0.00524	0.00430	0.00128	0.00454	0.00459	0.00295	0.08875
2	0.51260	0.05071	0.00958	0.02650	0.01098	0.25224	0.00640	0.06035	0.00986	0.01700	0.00665	0.00771	0.00528	0.00430	0.00324	0.00128	0.00496	0.00265	0.00264	0.00508
3	0.03835	0.29890	0.05883	0.08910	0.10259	0.11658	0.08101	0.03528	0.01005	0.01288	0.04398	0.01038	0.00783	0.00446	0.00417	0.00122	0.03565	0.00348	0.03967	0.00560
4	0.00581	0.00438	0.00557	0.00617	0.02703	0.00404	0.00422	0.00704	0.00981	0.01305	0.22977	0.37185	0.20357	0.04733	0.02254	0.00183	0.00272	0.02529	0.00415	0.00383
5	0.00616	0.00459	0.00614	0.00612	0.00704	0.00484	0.00464	0.00762	0.00841	0.01166	0.11256	0.04022	0.17695	0.06762	0.47152	0.00479	0.00776	0.00624	0.04125	0.00386
6	0.00591	0.00441	0.00540	0.00547	0.00638	0.00408	0.00397	0.00728	0.01023	0.01368	0.33400	0.15979	0.23692	0.10239	0.04571	0.00209	0.00298	0.04141	0.00416	0.00379
7	0.01058	0.00621	0.00739	0.00645	0.00830	0.00612	0.00503	0.09597	0.07888	0.16663	0.30203	0.04870	0.05834	0.00722	0.00453	0.00134	0.00282	0.00611	0.17203	0.00533
8	0.01629	0.02061	0.01242	0.01129	0.01357	0.79635	0.00848	0.01786	0.04249	0.01110	0.00725	0.00829	0.00598	0.00461	0.00400	0.00115	0.00780	0.00293	0.00236	0.00519
9	0.00868	0.00545	0.00700	0.00657	0.00769	0.00577	0.00491	0.08045	0.00905	0.08755	0.01428	0.06934	0.03111	0.17169	0.35235	0.03041	0.00705	0.00544	0.09092	0.00429
10	0.01194	0.00977	0.01097	0.00914	0.01178	0.04327	0.05811	0.26574	0.26841	0.04010	0.04069	0.07351	0.12321	0.00688	0.00469	0.00144	0.00410	0.00577	0.00419	0.00627
11	0.05899	0.01216	0.01230	0.00968	0.01294	0.05968	0.00791	0.64612	0.05448	0.02551	0.01067	0.01082	0.00772	0.00522	0.00425	0.00131	0.00477	0.00388	0.04453	0.00706
12	0.00991	0.00764	0.00900	0.00661	0.01024	0.00597	0.00529	0.03303	0.00994	0.07959	0.04641	0.01224	0.04504	0.00412	0.00357	0.00080	0.00325	0.00334	0.00306	0.70094
13	0.00557	0.00396	0.00510	0.00592	0.00625	0.00371	0.00395	0.00624	0.00832	0.01098	0.02424	0.66129	0.08306	0.10169	0.00770	0.02415	0.00279	0.02770	0.00389	0.00347
14	0.01208	0.78675	0.04502	0.00771	0.01155	0.01678	0.00776	0.01362	0.00915	0.04667	0.00669	0.00750	0.00590	0.00387	0.00294	0.00098	0.00473	0.00248	0.00205	0.00577
15	0.18405	0.00703	0.00806	0.00665	0.00924	0.00679	0.00532	0.03830	0.02443	0.29374	0.05389	0.02795	0.01108	0.02839	0.05072	0.02419	0.00384	0.00413	0.09611	0.11611
16	0.00586	0.00435	0.00542	0.00578	0.00642	0.00419	0.00408	0.00674	0.00873	0.01145	0.08816	0.34013	0.21352	0.12425	0.07113	0.03026	0.02173	0.04049	0.00372	0.00357
17	0.00976	0.00562	0.00686	0.00617	0.00787	0.00521	0.00473	0.04434	0.03839	0.19941	0.23159	0.09717	0.19899	0.06755	0.00618	0.00165	0.00291	0.02844	0.03222	0.00491
18	0.00657	0.00422	0.00561	0.00612	0.00665	0.00405	0.00424	0.00738	0.00847	0.05477	0.04680	0.53672	0.04061	0.07776	0.08707	0.04583	0.00370	0.01990	0.02978	0.00372
19	0.03454	0.05150	0.02290	0.03112	0.08400	0.02325	0.04275	0.21118	0.03908	0.13730	0.04471	0.02761	0.01027	0.04056	0.06546	0.11513	0.00505	0.00442	0.00345	0.00572
20	0.00797	0.00595	0.02184	0.00729	0.00848	0.00577	0.03067	0.08675	0.05086	0.04338	0.06683	0.38548	0.02233	0.09432	0.04371	0.00217	0.00380	0.08453	0.02347	0.00444

[dist]
# distance from previous block
# <min> <max>
4	17

[block]
# block no. 5 follows, 59 sequences, length 7
# corresponding to MSA columns:
# 322-328
name=unknown_F
#
# <colnr> <probs for GDERKNQSTAVLIFYWHMCP>
#	G	D	E	R	K	N	Q	S	T	A	V	L	I	F	Y	W	H	M	C	P
0	0.00969	0.00730	0.00915	0.02579	0.11032	0.04193	0.02012	0.05417	0.08021	0.09970	0.28240	0.05283	0.12594	0.00761	0.00483	0.00141	0.00343	0.02835	0.02954	0.00529
1	0.00692	0.00545	0.00571	0.00569	0.00619	0.06005	0.00374	0.00748	0.00804	0.01038	0.10337	0.09916	0.09007	0.44102	0.09565	0.03314	0.00469	0.00689	0.00308	0.00328
2	0.07420	0.06180	0.00664	0.00581	0.00701	0.00535	0.00433	0.00897	0.00933	0.06513	0.09379	0.39570	0.09854	0.00989	0.00469	0.00150	0.00270	0.00859	0.13182	0.00422
3	0.00676	0.00497	0.00632	0.00678	0.06147	0.00450	0.00457	0.00834	0.01091	0.05111	0.35957	0.10770	0.29766	0.04246	0.00584	0.00157	0.00256	0.00836	0.00430	0.00425
4	0.01124	0.00819	0.00965	0.00703	0.01085	0.00664	0.00567	0.08017	0.01062	0.12347	0.00937	0.01007	0.00721	0.00374	0.00353	0.00081	0.00347	0.00298	0.00315	0.68215
5	0.01181	0.27610	0.01592	0.10988	0.03237	0.09300	0.04434	0.08758	0.08668	0.04842	0.02940	0.04127	0.02689	0.00533	0.00481	0.00130	0.07232	0.00403	0.00280	0.00572
6	0.15112	0.09126	0.07766	0.03003	0.09654	0.06704	0.02115	0.06459	0.08462	0.04070	0.05237	0.01534	0.04847	0.00674	0.02321	0.00169	0.04040	0.01840	0.00342	0.06527

[dist]
# distance from previous block
# <min> <max>
0	5

[block]
# block no. 6 follows, 59 sequences, length 7
# corresponding to MSA columns:
# 335-341
name=unknown_G
#
# <colnr> <probs for GDERKNQSTAVLIFYWHMCP>
#	G	D	E	R	K	N	Q	S	T	A	V	L	I	F	Y	W	H	M	C	P
0	0.35598	0.11108	0.01049	0.04693	0.01102	0.09125	0.00640	0.11919	0.02920	0.03433	0.07010	0.01236	0.05592	0.00522	0.00385	0.00132	0.02330	0.00368	0.00309	0.00530
1	0.04352	0.05367	0.07197	0.06798	0.06414	0.04785	0.07315	0.12979	0.10324	0.07587	0.13350	0.01628	0.05198	0.00623	0.01769	0.00147	0.02743	0.00485	0.00348	0.00591
2	0.03747	0.00450	0.00552	0.00576	0.00655	0.00428	0.00406	0.00759	0.00900	0.04905	0.12537	0.34394	0.15162	0.13072	0.04740	0.02797	0.00330	0.02829	0.00386	0.00376
3	0.00823	0.00674	0.00867	0.05404	0.01020	0.05434	0.04388	0.03938	0.03756	0.03960	0.06626	0.04645	0.06137	0.11045	0.34777	0.00412	0.02174	0.03181	0.00299	0.00440
4	0.00936	0.04421	0.12726	0.08020	0.15217	0.00898	0.10425	0.02674	0.08402	0.03856	0.10129	0.04925	0.06838	0.04447	0.00590	0.01733	0.02374	0.00531	0.00298	0.00560
5	0.00754	0.04421	0.00789	0.00708	0.00821	0.03880	0.03465	0.00879	0.00891	0.03912	0.04261	0.27855	0.07780	0.11024	0.10369	0.00256	0.02215	0.10133	0.02464	0.03124
6	0.12759	0.03678	0.01224	0.02962	0.01316	0.14559	0.03092	0.34467	0.15632	0.04423	0.01066	0.01086	0.00790	0.00504	0.00412	0.00133	0.00500	0.00377	0.00369	0.00651

[dist]
# distance from previous block
# <min> <max>
0	1

[block]
# block no. 7 follows, 59 sequences, length 11
# corresponding to MSA columns:
# 343-353
name=unknown_H
#
# <colnr> <probs for GDERKNQSTAVLIFYWHMCP>
#	G	D	E	R	K	N	Q	S	T	A	V	L	I	F	Y	W	H	M	C	P
0	0.00843	0.00580	0.00748	0.00752	0.05639	0.00519	0.00516	0.03057	0.00959	0.08609	0.08002	0.25338	0.07968	0.08481	0.00703	0.04693	0.00326	0.04117	0.00364	0.17787
1	0.00899	0.02137	0.03345	0.02021	0.03275	0.03064	0.02011	0.07696	0.03915	0.04719	0.02774	0.14301	0.04259	0.12858	0.02258	0.27169	0.00413	0.00586	0.01905	0.00395
2	0.17700	0.07685	0.14990	0.01210	0.03280	0.04475	0.22757	0.11135	0.05862	0.05483	0.00907	0.01029	0.00674	0.00433	0.00414	0.00137	0.00557	0.00381	0.00280	0.00612
3	0.00768	0.00469	0.00600	0.00597	0.00666	0.00459	0.00411	0.02814	0.00850	0.08653	0.06941	0.25838	0.05183	0.26181	0.09708	0.07937	0.00428	0.00775	0.00349	0.00372
4	0.03383	0.00527	0.00623	0.02784	0.00745	0.00522	0.00432	0.05314	0.00957	0.05963	0.12519	0.06675	0.20420	0.26526	0.08676	0.00285	0.00416	0.02475	0.00360	0.00398
5	0.04161	0.11345	0.04706	0.05771	0.18911	0.13243	0.06431	0.07466	0.05438	0.01408	0.02309	0.07194	0.00946	0.03728	0.00529	0.02777	0.00524	0.00444	0.02104	0.00564
6	0.00793	0.00639	0.00826	0.00791	0.03615	0.02117	0.02700	0.03641	0.03688	0.01097	0.04790	0.04325	0.01383	0.39612	0.10800	0.03778	0.14188	0.00562	0.00272	0.00384
7	0.01408	0.00778	0.00922	0.00768	0.01042	0.00774	0.00618	0.07321	0.23428	0.34222	0.01834	0.01804	0.06350	0.00608	0.00437	0.00137	0.00348	0.03322	0.09333	0.04544
8	0.00718	0.00471	0.00633	0.00661	0.02165	0.00441	0.02802	0.00809	0.00870	0.07721	0.03712	0.43112	0.08269	0.19848	0.00919	0.00225	0.00324	0.03211	0.02700	0.00389
9	0.10927	0.09772	0.02684	0.02449	0.02721	0.13791	0.03089	0.20886	0.04878	0.14025	0.03570	0.04894	0.00969	0.02875	0.00461	0.00139	0.00487	0.00417	0.00356	0.00609
10	0.38283	0.04432	0.04631	0.00864	0.04223	0.09000	0.04463	0.07233	0.03433	0.04600	0.01056	0.03950	0.04530	0.03815	0.03642	0.00169	0.00472	0.00385	0.00294	0.00524

[dist]
# distance from previous block
# <min> <max>
12	36

[block]
# block no. 8 follows, 59 sequences, length 27
# corresponding to MSA columns:
# 394-420
name=unknown_I
#
# <colnr> <probs for GDERKNQSTAVLIFYWHMCP>
#	G	D	E	R	K	N	Q	S	T	A	V	L	I	F	Y	W	H	M	C	P
0	0.03057	0.02394	0.04560	0.03921	0.35312	0.05953	0.09567	0.13061	0.04141	0.06291	0.03238	0.01221	0.02269	0.00459	0.00440	0.00132	0.00527	0.00418	0.00291	0.02747
1	0.24717	0.12791	0.07064	0.05509	0.10068	0.22735	0.03558	0.06304	0.01043	0.01500	0.00715	0.00855	0.00573	0.00424	0.00364	0.00125	0.00557	0.00301	0.00242	0.00557
2	0.06760	0.00958	0.01359	0.06781	0.37685	0.02897	0.02050	0.08724	0.09168	0.01567	0.01110	0.01308	0.03817	0.00719	0.07301	0.00184	0.03255	0.00421	0.03319	0.00616
3	0.00895	0.00609	0.00729	0.00656	0.00833	0.00600	0.00504	0.01321	0.19391	0.11571	0.40398	0.05414	0.11083	0.00811	0.00491	0.00141	0.00268	0.00700	0.00468	0.03115
4	0.00785	0.00664	0.00643	0.00624	0.00746	0.10435	0.00458	0.00964	0.04321	0.03495	0.28445	0.15845	0.19102	0.03006	0.00578	0.03015	0.00312	0.00776	0.05368	0.00419
5	0.00640	0.00443	0.00545	0.00540	0.00591	0.00451	0.00365	0.00730	0.00793	0.01108	0.13613	0.02696	0.07449	0.41573	0.20752	0.00411	0.00545	0.00632	0.05788	0.00336
6	0.00637	0.00441	0.00567	0.00594	0.00678	0.00412	0.00436	0.00776	0.01014	0.03781	0.28403	0.31123	0.12152	0.05118	0.02604	0.00187	0.00285	0.08651	0.01748	0.00393
7	0.00627	0.00424	0.00494	0.00505	0.00516	0.00418	0.00297	0.00653	0.00714	0.00959	0.07396	0.13598	0.01966	0.67442	0.01900	0.00374	0.00389	0.00734	0.00302	0.00291
8	0.04327	0.00630	0.00778	0.00653	0.00896	0.00542	0.00510	0.01284	0.01038	0.27927	0.07161	0.14109	0.11544	0.04540	0.00531	0.00144	0.00319	0.02777	0.00415	0.19876
9	0.00886	0.02285	0.82190	0.01259	0.01912	0.01026	0.01632	0.01399	0.00932	0.01399	0.00793	0.00932	0.00559	0.00420	0.00420	0.00140	0.00653	0.00326	0.00186	0.00653
10	0.79960	0.00906	0.03383	0.00620	0.00910	0.00989	0.00530	0.03034	0.00804	0.04697	0.00669	0.00759	0.00508	0.00418	0.00288	0.00137	0.00356	0.00252	0.00283	0.00499
11	0.01125	0.00943	0.00999	0.00895	0.01148	0.01085	0.00698	0.02341	0.78535	0.04254	0.01796	0.01643	0.01341	0.00598	0.00449	0.00149	0.00350	0.00498	0.00452	0.00701
12	0.01018	0.00791	0.00853	0.00741	0.00985	0.00830	0.00578	0.04949	0.41286	0.04108	0.01750	0.03680	0.07078	0.00593	0.00414	0.00128	0.00318	0.00490	0.14313	0.15099
13	0.01603	0.01183	0.01265	0.00983	0.01319	0.01311	0.00808	0.71569	0.07530	0.02672	0.01127	0.01125	0.00808	0.00534	0.00437	0.00133	0.00465	0.00405	0.03987	0.00734
14	0.01637	0.01981	0.01234	0.01111	0.01347	0.73837	0.00839	0.03977	0.04919	0.04007	0.00781	0.00868	0.00628	0.00467	0.00403	0.00117	0.00753	0.00303	0.00255	0.00536
15	0.57177	0.01297	0.00862	0.00778	0.01035	0.29913	0.00611	0.01463	0.00929	0.01663	0.00639	0.00745	0.00510	0.00426	0.00318	0.00129	0.00503	0.00255	0.00257	0.00490
16	0.01049	0.00994	0.01670	0.21260	0.57717	0.01045	0.02958	0.03554	0.02867	0.01417	0.00850	0.01127	0.00690	0.00413	0.00440	0.00136	0.00539	0.00399	0.00225	0.00651
17	0.18389	0.01014	0.01092	0.00862	0.01190	0.01086	0.00709	0.38836	0.06967	0.23667	0.01206	0.01152	0.00830	0.00516	0.00410	0.00136	0.00419	0.00386	0.00438	0.00695
18	0.00579	0.00446	0.00531	0.00535	0.00642	0.00402	0.00391	0.00746	0.02588	0.01435	0.36388	0.19628	0.31942	0.01071	0.00528	0.00151	0.00226	0.00932	0.00443	0.00395
19	0.00538	0.00384	0.00512	0.00615	0.00641	0.00359	0.00410	0.00615	0.00846	0.01127	0.02434	0.84190	0.02921	0.01384	0.00564	0.00179	0.00256	0.01256	0.00410	0.00359
20	0.02465	0.00823	0.00943	0.00705	0.01067	0.00700	0.00564	0.07947	0.07182	0.01576	0.00902	0.01019	0.00733	0.00502	0.04087	0.00108	0.00381	0.00301	0.00291	0.67703
21	0.00671	0.00473	0.00542	0.00526	0.00572	0.00459	0.00322	0.00747	0.03671	0.00998	0.04451	0.10015	0.01735	0.64100	0.01813	0.00356	0.00394	0.00668	0.00295	0.07194
22	0.02837	0.01168	0.11700	0.00974	0.04464	0.14403	0.06199	0.04568	0.01999	0.10927	0.10444	0.04376	0.10774	0.00598	0.00440	0.00127	0.00470	0.00498	0.00333	0.12701
23	0.03471	0.03245	0.00953	0.03955	0.13896	0.05360	0.00670	0.03938	0.01017	0.03782	0.08701	0.17050	0.15402	0.01962	0.02493	0.00157	0.01966	0.02722	0.00338	0.08920
24	0.07871	0.08457	0.01117	0.00937	0.04934	0.16651	0.01591	0.10647	0.12366	0.01523	0.03794	0.15234	0.05728	0.00684	0.00469	0.00137	0.03566	0.00546	0.00332	0.03414
25	0.05565	0.08555	0.06571	0.01002	0.02693	0.12115	0.14193	0.06299	0.02117	0.02388	0.01267	0.12632	0.04766	0.07750	0.00587	0.00156	0.00505	0.00527	0.01607	0.08707
26	0.02926	0.12525	0.05702	0.05424	0.07511	0.03797	0.09119	0.08840	0.07538	0.03637	0.04517	0.02379	0.06393	0.05922	0.00567	0.00147	0.02962	0.00450	0.00295	0.09349

[dist]
# distance from previous block
# <min> <max>
5	32

[block]
# block no. 9 follows, 59 sequences, length 10
# corresponding to MSA columns:
# 454-463
name=unknown_J
#
# <colnr> <probs for GDERKNQSTAVLIFYWHMCP>
#	G	D	E	R	K	N	Q	S	T	A	V	L	I	F	Y	W	H	M	C	P
0	0.00982	0.04418	0.02581	0.04904	0.02617	0.02965	0.00582	0.10510	0.02780	0.08849	0.07204	0.09081	0.06026	0.24017	0.02740	0.00232	0.03538	0.00592	0.03445	0.01937
1	0.06846	0.04832	0.06862	0.06012	0.29700	0.08334	0.02460	0.07876	0.10852	0.06429	0.03389	0.01231	0.02305	0.00476	0.00423	0.00133	0.00503	0.00402	0.00296	0.00639
2	0.00648	0.00467	0.00562	0.00558	0.00672	0.00429	0.00411	0.03179	0.01078	0.03770	0.29246	0.22768	0.27874	0.01134	0.03194	0.00169	0.00270	0.00909	0.02255	0.00408
3	0.01010	0.00968	0.01522	0.07083	0.31993	0.05074	0.13953	0.06198	0.01038	0.01406	0.05565	0.01522	0.04118	0.06600	0.07750	0.00208	0.02682	0.00477	0.00259	0.00572
4	0.01135	0.00844	0.00926	0.00778	0.01043	0.02492	0.00612	0.12406	0.27202	0.10391	0.08507	0.05933	0.07142	0.00633	0.00439	0.00129	0.00348	0.00525	0.02036	0.16480
5	0.00755	0.00507	0.00591	0.00568	0.00711	0.00461	0.00423	0.03718	0.03027	0.09881	0.16091	0.20048	0.37459	0.03022	0.00558	0.00158	0.00261	0.00889	0.00436	0.00436
6	0.05849	0.00935	0.01154	0.05723	0.01274	0.05086	0.07669	0.22471	0.03682	0.04555	0.13534	0.05869	0.05206	0.00739	0.02326	0.00160	0.09935	0.02915	0.00362	0.00557
7	0.00611	0.00461	0.00558	0.00599	0.00682	0.00437	0.00428	0.02595	0.04604	0.01287	0.11945	0.43407	0.20249	0.04861	0.00618	0.00178	0.00269	0.05405	0.00415	0.00392
8	0.01099	0.01052	0.01601	0.19435	0.52582	0.05174	0.01241	0.05717	0.05123	0.01453	0.00876	0.01122	0.00706	0.00425	0.00437	0.00135	0.00541	0.00393	0.00238	0.00649
9	0.02523	0.00542	0.00643	0.00698	0.04786	0.02238	0.00483	0.03012	0.02795	0.01337	0.13038	0.22512	0.22844	0.04344	0.09042	0.00220	0.00381	0.03356	0.04791	0.00416

[dist]
# distance from previous block
# <min> <max>
3	5

[block]
# block no. 10 follows, 59 sequences, length 8
# corresponding to MSA columns:
# 469-476
name=unknown_K
#
# <colnr> <probs for GDERKNQSTAVLIFYWHMCP>
#	G	D	E	R	K	N	Q	S	T	A	V	L	I	F	Y	W	H	M	C	P
0	0.00885	0.00581	0.00756	0.00717	0.00851	0.00577	0.02907	0.07949	0.04838	0.11239	0.02095	0.33364	0.08734	0.08662	0.09412	0.00245	0.00429	0.04901	0.00395	0.00464
1	0.04833	0.00829	0.04407	0.00757	0.01008	0.00813	0.00620	0.01718	0.38167	0.10435	0.11021	0.02079	0.12960	0.00669	0.00447	0.00140	0.00326	0.00555	0.03098	0.05118
2	0.01027	0.00861	0.00930	0.00859	0.01074	0.00979	0.00662	0.05483	0.62608	0.01762	0.01880	0.14087	0.01600	0.00736	0.00472	0.00155	0.00344	0.03400	0.00442	0.00640
3	0.00967	0.00804	0.00927	0.00691	0.01046	0.00670	0.00551	0.08016	0.05521	0.01608	0.07959	0.01179	0.01010	0.00411	0.00361	0.00082	0.00332	0.00334	0.00308	0.67224
4	0.00556	0.00424	0.00514	0.00567	0.00651	0.00382	0.00410	0.00669	0.00957	0.01231	0.10876	0.41036	0.30927	0.01228	0.00549	0.00167	0.00253	0.07813	0.00417	0.00374
5	0.05396	0.00916	0.05287	0.05611	0.05777	0.00744	0.02502	0.06006	0.01010	0.07510	0.00870	0.00990	0.00678	0.00376	0.00362	0.00092	0.00394	0.00306	0.00283	0.54890
6	0.02512	0.00796	0.00968	0.03032	0.02237	0.06710	0.07159	0.02695	0.12189	0.01467	0.16793	0.05172	0.12386	0.00898	0.05106	0.00175	0.03646	0.07369	0.00359	0.08332
7	0.10307	0.04048	0.02299	0.08568	0.03527	0.10564	0.00758	0.19842	0.13459	0.03331	0.06216	0.02868	0.03381	0.00606	0.01910	0.00144	0.01713	0.00432	0.03785	0.02242

[dist]
# distance from previous block
# <min> <max>
0	3

[block]
# block no. 11 follows, 59 sequences, length 7
# corresponding to MSA columns:
# 481-487
name=unknown_L
#
# <colnr> <probs for GDERKNQSTAVLIFYWHMCP>
#	G	D	E	R	K	N	Q	S	T	A	V	L	I	F	Y	W	H	M	C	P
0	0.01022	0.00823	0.01126	0.09173	0.19223	0.03979	0.03350	0.10083	0.04741	0.07168	0.08208	0.17037	0.03582	0.07738	0.00625	0.00169	0.00433	0.00631	0.00343	0.00546
1	0.05155	0.00567	0.03786	0.04179	0.00824	0.00523	0.00501	0.00859	0.03897	0.04264	0.01432	0.17697	0.03519	0.15696	0.03801	0.25763	0.00402	0.03139	0.00292	0.03704
2	0.05715	0.00990	0.06535	0.08416	0.17898	0.02857	0.05164	0.09112	0.09853	0.08405	0.02325	0.01483	0.00969	0.05036	0.05844	0.02889	0.02159	0.03453	0.00307	0.00589
3	0.00640	0.00444	0.00636	0.00649	0.00699	0.00488	0.00473	0.00718	0.00699	0.00980	0.01310	0.12111	0.01352	0.13757	0.50459	0.12550	0.00855	0.00581	0.00256	0.00345
4	0.00748	0.00530	0.00651	0.00714	0.04090	0.03089	0.00477	0.03014	0.00935	0.06418	0.07355	0.46400	0.08960	0.07294	0.02674	0.04580	0.00334	0.00948	0.00385	0.00405
5	0.02116	0.00648	0.00814	0.03955	0.03891	0.02560	0.02470	0.06839	0.06554	0.04048	0.05281	0.09539	0.04671	0.15499	0.08603	0.13068	0.00467	0.01870	0.02960	0.04146
6	0.10724	0.02852	0.06769	0.28151	0.07605	0.04013	0.03652	0.06849	0.11699	0.01497	0.03466	0.03804	0.00910	0.00672	0.05359	0.00176	0.00546	0.00426	0.00277	0.00555

[dist]
# distance from previous block
# <min> <max>
5	19

[block]
# block no. 12 follows, 59 sequences, length 10
# corresponding to MSA columns:
# 511-520
name=unknown_M
#
# <colnr> <probs for GDERKNQSTAVLIFYWHMCP>
#	G	D	E	R	K	N	Q	S	T	A	V	L	I	F	Y	W	H	M	C	P
0	0.03301	0.00976	0.03183	0.11949	0.09880	0.06655	0.04485	0.13302	0.06683	0.01535	0.05442	0.04870	0.02821	0.03212	0.05464	0.00190	0.10118	0.03437	0.01948	0.00548
1	0.00711	0.00488	0.00659	0.06173	0.00849	0.00506	0.00497	0.00869	0.00919	0.05001	0.20596	0.04093	0.09321	0.12152	0.26935	0.00358	0.00586	0.02237	0.06641	0.00406
2	0.01079	0.01031	0.01592	0.23045	0.47803	0.04367	0.01243	0.06394	0.01031	0.01409	0.00811	0.01092	0.00661	0.00443	0.00505	0.00139	0.06112	0.00389	0.00226	0.00628
3	0.02799	0.00548	0.00637	0.00605	0.00728	0.01759	0.00466	0.02827	0.00991	0.08476	0.10936	0.12067	0.14269	0.02840	0.05290	0.00180	0.05939	0.03972	0.24230	0.00441
4	0.06825	0.00946	0.01473	0.27644	0.43652	0.02950	0.01179	0.01283	0.02850	0.01387	0.03388	0.01233	0.02419	0.00447	0.00431	0.00137	0.00519	0.00406	0.00233	0.00599
5	0.00598	0.00536	0.03435	0.06110	0.00832	0.00456	0.00476	0.00755	0.01018	0.01301	0.17699	0.05994	0.47039	0.04823	0.00593	0.00163	0.00281	0.05275	0.02222	0.00396
6	0.08038	0.00921	0.00976	0.00839	0.01037	0.11713	0.04247	0.11500	0.03022	0.06359	0.05977	0.04954	0.02930	0.09582	0.13869	0.00257	0.05154	0.01967	0.00320	0.06338
7	0.05023	0.04721	0.28794	0.01286	0.13972	0.07279	0.02663	0.04347	0.02748	0.06173	0.02459	0.04992	0.03687	0.01977	0.00515	0.00143	0.05421	0.00423	0.00263	0.03115
8	0.03589	0.03384	0.08738	0.06348	0.03110	0.01786	0.00685	0.04880	0.01997	0.04915	0.07657	0.10907	0.01343	0.12696	0.00709	0.00166	0.02819	0.00511	0.00304	0.23456
9	0.00959	0.18519	0.04580	0.00856	0.01093	0.05681	0.07485	0.04221	0.05432	0.01398	0.17764	0.05680	0.04482	0.04466	0.00596	0.00144	0.07564	0.00518	0.03458	0.05104

[dist]
# distance from previous block
# <min> <max>
5	34

[block]
# block no. 13 follows, 59 sequences, length 8
# corresponding to MSA columns:
# 569-576
name=unknown_N
#
# <colnr> <probs for GDERKNQSTAVLIFYWHMCP>
#	G	D	E	R	K	N	Q	S	T	A	V	L	I	F	Y	W	H	M	C	P
0	0.00910	0.00778	0.01207	0.56919	0.05788	0.00921	0.01043	0.04682	0.06067	0.04048	0.07746	0.01480	0.01022	0.04938	0.00544	0.00160	0.00518	0.00449	0.00264	0.00515
1	0.01095	0.10338	0.11573	0.07478	0.09695	0.07962	0.04548	0.04585	0.07569	0.08995	0.07846	0.03332	0.07678	0.00603	0.00446	0.00138	0.00483	0.04740	0.00320	0.00577
2	0.01373	0.01052	0.05479	0.01091	0.07932	0.02955	0.03201	0.29017	0.08239	0.16291	0.03437	0.08588	0.03507	0.00630	0.00513	0.00143	0.04979	0.00512	0.00401	0.00658
3	0.00569	0.00408	0.00504	0.00567	0.00606	0.00384	0.00376	0.00636	0.00823	0.01076	0.02438	0.50374	0.12875	0.22068	0.00980	0.00238	0.00301	0.04063	0.00374	0.00340
4	0.01160	0.01211	0.15391	0.00847	0.01145	0.15149	0.00776	0.06227	0.08582	0.09320	0.06517	0.01452	0.01122	0.00527	0.00401	0.00123	0.00451	0.02286	0.19827	0.07486
5	0.22015	0.12423	0.01233	0.10578	0.05038	0.16339	0.04597	0.03088	0.05853	0.01436	0.02686	0.10939	0.00970	0.00556	0.00392	0.00134	0.00492	0.00439	0.00275	0.00518
6	0.28875	0.06166	0.03408	0.00794	0.01053	0.21823	0.00651	0.09572	0.01115	0.03893	0.08899	0.01369	0.07689	0.00609	0.02233	0.00142	0.00487	0.00393	0.00310	0.00517
7	0.34532	0.23711	0.04991	0.00752	0.01078	0.05102	0.00677	0.09940	0.00997	0.05072	0.00757	0.00855	0.00603	0.00546	0.03946	0.00145	0.00467	0.00282	0.00272	0.05274

[dist]
# distance from previous block
# <min> <max>
0	1

[block]
# block no. 14 follows, 59 sequences, length 12
# corresponding to MSA columns:
# 578-589
name=unknown_O
#
# <colnr> <probs for GDERKNQSTAVLIFYWHMCP>
#	G	D	E	R	K	N	Q	S	T	A	V	L	I	F	Y	W	H	M	C	P
0	0.00606	0.00447	0.00577	0.00613	0.00684	0.00430	0.00435	0.00705	0.00821	0.01108	0.02114	0.39272	0.08954	0.14572	0.14986	0.00301	0.00456	0.06436	0.00348	0.06135
1	0.01162	0.01052	0.01388	0.10818	0.35022	0.08705	0.01043	0.13256	0.04983	0.03481	0.01112	0.06872	0.00983	0.00554	0.00452	0.00138	0.00509	0.05260	0.00295	0.02913
2	0.00782	0.00583	0.00770	0.03991	0.04126	0.00587	0.02057	0.11145	0.02991	0.02936	0.02009	0.57879	0.02263	0.03191	0.00569	0.00172	0.00329	0.00992	0.00392	0.02237
3	0.00748	0.00505	0.00646	0.00612	0.00729	0.00486	0.00466	0.00907	0.01099	0.09300	0.39362	0.15520	0.18512	0.00983	0.00584	0.00152	0.05796	0.02711	0.00444	0.00436
4	0.41407	0.04241	0.01038	0.02673	0.01145	0.14700	0.00688	0.20699	0.01162	0.01914	0.00737	0.00841	0.00573	0.00471	0.00418	0.00134	0.06010	0.00299	0.00297	0.00555
5	0.03129	0.09042	0.12953	0.07130	0.29213	0.04289	0.12537	0.04109	0.00990	0.01384	0.00783	0.01017	0.00635	0.00439	0.00524	0.00137	0.08653	0.00377	0.00219	0.02443
6	0.02841	0.21602	0.16906	0.09121	0.06420	0.18865	0.01028	0.11603	0.05103	0.01431	0.00809	0.00931	0.00637	0.00441	0.00387	0.00123	0.00584	0.00322	0.00246	0.00601
7	0.00613	0.00481	0.00745	0.00765	0.00843	0.00455	0.08199	0.00737	0.00890	0.01184	0.02270	0.64417	0.02646	0.01261	0.00566	0.00180	0.00326	0.12639	0.00391	0.00389
8	0.09446	0.30460	0.01598	0.00976	0.03799	0.22880	0.00800	0.17380	0.02559	0.01518	0.00748	0.00843	0.00614	0.00454	0.00404	0.00118	0.04259	0.00298	0.00264	0.00584
9	0.00666	0.00510	0.00651	0.08669	0.03486	0.00491	0.00506	0.00837	0.03557	0.04384	0.11739	0.25783	0.32263	0.03722	0.00573	0.00164	0.00293	0.00895	0.00394	0.00418
10	0.01106	0.20135	0.21540	0.05242	0.08649	0.09278	0.07424	0.04413	0.00994	0.04242	0.00827	0.01021	0.00666	0.00713	0.08438	0.00185	0.03964	0.00351	0.00226	0.00587
11	0.07362	0.01088	0.05401	0.09071	0.07203	0.01094	0.00882	0.36769	0.05072	0.19895	0.01157	0.01169	0.00806	0.00505	0.00430	0.00136	0.00467	0.00397	0.00401	0.00696

[dist]
# distance from previous block
# <min> <max>
0	13

[block]
# block no. 15 follows, 59 sequences, length 9
# corresponding to MSA columns:
# 603-611
name=unknown_P
#
# <colnr> <probs for GDERKNQSTAVLIFYWHMCP>
#	G	D	E	R	K	N	Q	S	T	A	V	L	I	F	Y	W	H	M	C	P
0	0.01220	0.01007	0.01683	0.02436	0.70221	0.00992	0.01255	0.01469	0.01043	0.12943	0.00961	0.01152	0.00756	0.00415	0.00438	0.00132	0.00503	0.00401	0.00265	0.00707
1	0.00933	0.00882	0.03291	0.43545	0.13115	0.04652	0.05184	0.01209	0.02260	0.04805	0.04589	0.07362	0.02697	0.00565	0.00462	0.00147	0.00532	0.02982	0.00260	0.00527
2	0.05759	0.06626	0.11398	0.15035	0.23937	0.04003	0.01065	0.02866	0.02527	0.19108	0.01091	0.01201	0.02539	0.00463	0.00419	0.00134	0.00505	0.00388	0.00297	0.00637
3	0.00624	0.00435	0.00496	0.00496	0.00524	0.00431	0.00301	0.00653	0.00700	0.00919	0.01814	0.02988	0.12972	0.65783	0.08744	0.00412	0.00462	0.00669	0.00285	0.00293
4	0.00882	0.00536	0.00656	0.00607	0.00758	0.00499	0.00457	0.04637	0.02644	0.15468	0.19502	0.15929	0.23904	0.05109	0.04064	0.02344	0.00321	0.00790	0.00433	0.00461
5	0.01014	0.09659	0.10285	0.04725	0.19498	0.03380	0.09863	0.04968	0.01057	0.05112	0.08191	0.01701	0.12511	0.00619	0.01784	0.00146	0.04130	0.00496	0.00287	0.00575
6	0.01256	0.01161	0.19627	0.01013	0.05658	0.02789	0.00911	0.12755	0.05365	0.22111	0.08989	0.01485	0.01200	0.00947	0.12492	0.00221	0.00574	0.00445	0.00367	0.00633
7	0.00854	0.00509	0.00727	0.00669	0.00770	0.00520	0.02631	0.00943	0.00811	0.12587	0.07979	0.02038	0.01422	0.21291	0.33051	0.11272	0.00699	0.00526	0.00303	0.00398
8	0.10078	0.00964	0.03179	0.20474	0.13529	0.08423	0.05018	0.03390	0.03969	0.06701	0.01204	0.01489	0.06516	0.07280	0.04372	0.00189	0.01977	0.00441	0.00274	0.00533

[dist]
# distance from previous block
# <min> <max>
0	107

# created by:
# /st0/software/busco_prod/Augustus/scripts/msa2prfl.pl ./align_prep/39270.fa
