[name]
unknown

[dist]
# distance from previous block
# <min> <max>
0	24

[block]
# block no. 0 follows, 62 sequences, length 35
# corresponding to MSA columns:
# 24-58
name=unknown_A
#
# <colnr> <probs for GDERKNQSTAVLIFYWHMCP>
#	G	D	E	R	K	N	Q	S	T	A	V	L	I	F	Y	W	H	M	C	P
0	0.05564	0.04640	0.12014	0.06076	0.03978	0.00965	0.02144	0.05163	0.34751	0.06521	0.04599	0.03686	0.01158	0.00547	0.00418	0.00136	0.00407	0.02565	0.00350	0.04318
1	0.00683	0.00400	0.00572	0.00572	0.00592	0.00420	0.00392	0.00620	0.00600	0.00820	0.00953	0.01663	0.00971	0.17112	0.23066	0.49093	0.00578	0.00437	0.00209	0.00249
2	0.00747	0.00591	0.00701	0.03579	0.03313	0.00583	0.02236	0.12591	0.02421	0.01374	0.08989	0.06759	0.35882	0.17398	0.00813	0.00194	0.00326	0.00721	0.00362	0.00420
3	0.00931	0.00840	0.01335	0.54504	0.20347	0.02317	0.01135	0.04134	0.03040	0.03029	0.00820	0.01131	0.00632	0.00462	0.00468	0.03214	0.00536	0.00380	0.00217	0.00528
4	0.88052	0.00823	0.00625	0.00560	0.00823	0.00955	0.00461	0.01251	0.00724	0.01909	0.00592	0.00691	0.00461	0.00395	0.00263	0.00132	0.00329	0.00230	0.00263	0.00461
5	0.00891	0.00782	0.00988	0.03003	0.01133	0.00617	0.05142	0.01114	0.02605	0.01385	0.00783	0.00920	0.00644	0.00326	0.00331	0.00072	0.00346	0.00275	0.00252	0.78390
6	0.00650	0.00515	0.00729	0.13748	0.01051	0.00506	0.03467	0.00847	0.01084	0.02947	0.46749	0.04820	0.19603	0.00829	0.00490	0.00138	0.00285	0.00729	0.00399	0.00415
7	0.00793	0.00397	0.00397	0.00397	0.00496	0.00397	0.00297	0.00991	0.00892	0.01586	0.01388	0.01586	0.01091	0.00496	0.00297	0.00099	0.00198	0.00397	0.87408	0.00397
8	0.88052	0.00823	0.00625	0.00560	0.00823	0.00955	0.00461	0.01251	0.00724	0.01909	0.00592	0.00691	0.00461	0.00395	0.00263	0.00132	0.00329	0.00230	0.00263	0.00461
9	0.00734	0.00574	0.00664	0.00619	0.00767	0.00585	0.00470	0.01203	0.24251	0.02817	0.43012	0.05349	0.15622	0.00828	0.00482	0.00140	0.00246	0.00716	0.00445	0.00476
10	0.04431	0.61059	0.05566	0.00916	0.03723	0.07430	0.07249	0.02252	0.00918	0.02169	0.00651	0.00761	0.00563	0.00376	0.00313	0.00102	0.00502	0.00266	0.00199	0.00553
11	0.01589	0.02028	0.01206	0.01096	0.01315	0.83338	0.00822	0.01699	0.01206	0.01041	0.00658	0.00767	0.00548	0.00438	0.00384	0.00110	0.00767	0.00274	0.00219	0.00493
12	0.00793	0.00397	0.00397	0.00397	0.00496	0.00397	0.00297	0.00991	0.00892	0.01586	0.01388	0.01586	0.01091	0.00496	0.00297	0.00099	0.00198	0.00397	0.87408	0.00397
13	0.00892	0.00797	0.01152	0.42580	0.07019	0.00835	0.00913	0.04597	0.03886	0.01307	0.00806	0.01051	0.00630	0.00392	0.00386	0.00112	0.00461	0.00337	0.00232	0.31615
14	0.01618	0.01192	0.01277	0.00979	0.01320	0.01320	0.00809	0.80973	0.02001	0.02682	0.01022	0.01022	0.00724	0.00511	0.00426	0.00128	0.00468	0.00383	0.00426	0.00724
15	0.00897	0.00875	0.01303	0.62624	0.07644	0.05824	0.03104	0.01251	0.08354	0.01173	0.00842	0.01146	0.00642	0.00442	0.00444	0.00140	0.02186	0.00385	0.00215	0.00508
16	0.00571	0.00464	0.02415	0.01997	0.05733	0.00422	0.00489	0.00671	0.00816	0.01097	0.02142	0.66896	0.04541	0.04784	0.04643	0.00203	0.00326	0.01056	0.00362	0.00373
17	0.00686	0.00404	0.00603	0.00603	0.00632	0.00434	0.00430	0.00636	0.00606	0.00838	0.00908	0.01472	0.00883	0.03926	0.33437	0.51961	0.00670	0.00408	0.00203	0.00262
18	0.00834	0.00780	0.01289	0.63344	0.13453	0.00935	0.01132	0.01119	0.02412	0.01177	0.05805	0.01251	0.00808	0.00461	0.00464	0.00141	0.03476	0.00404	0.00214	0.00499
19	0.01042	0.00913	0.00916	0.09327	0.01174	0.10437	0.00652	0.23629	0.09345	0.01687	0.11005	0.03534	0.23173	0.00707	0.00453	0.00134	0.00398	0.00576	0.00374	0.00525
20	0.00795	0.05477	0.00871	0.02933	0.00927	0.05751	0.05647	0.09067	0.03424	0.01402	0.15436	0.10119	0.33237	0.00890	0.01992	0.00148	0.00352	0.00717	0.00368	0.00447
21	0.03602	0.61495	0.01899	0.03841	0.01173	0.09031	0.00733	0.01407	0.00937	0.11397	0.00742	0.00804	0.00609	0.00395	0.00308	0.00101	0.00473	0.00263	0.00232	0.00559
22	0.88052	0.00823	0.00625	0.00560	0.00823	0.00955	0.00461	0.01251	0.00724	0.01909	0.00592	0.00691	0.00461	0.00395	0.00263	0.00132	0.00329	0.00230	0.00263	0.00461
23	0.00795	0.00772	0.01268	0.43287	0.02090	0.03061	0.12892	0.01025	0.00873	0.01130	0.01266	0.15339	0.06031	0.00642	0.00530	0.00150	0.06269	0.01876	0.00244	0.00458
24	0.00935	0.00923	0.01337	0.45487	0.13642	0.07815	0.06013	0.01305	0.10470	0.01219	0.00900	0.01180	0.00703	0.00605	0.05553	0.00171	0.00593	0.00394	0.00228	0.00527
25	0.00712	0.00581	0.00651	0.00614	0.00763	0.00603	0.00465	0.01175	0.25685	0.01434	0.20589	0.02812	0.27432	0.05772	0.08610	0.00209	0.00350	0.00683	0.00399	0.00461
26	0.00793	0.00397	0.00397	0.00397	0.00496	0.00397	0.00297	0.00991	0.00892	0.01586	0.01388	0.01586	0.01091	0.00496	0.00297	0.00099	0.00198	0.00397	0.87408	0.00397
27	0.01012	0.01085	0.02229	0.09011	0.04267	0.01053	0.63787	0.06230	0.01037	0.01401	0.00878	0.01196	0.00677	0.03485	0.00550	0.00152	0.00672	0.00485	0.00227	0.00565
28	0.00667	0.00537	0.00724	0.09417	0.00953	0.03615	0.00559	0.00802	0.00708	0.00970	0.01119	0.01791	0.01084	0.18221	0.56277	0.00555	0.00929	0.00472	0.00229	0.00371
29	0.88052	0.00823	0.00625	0.00560	0.00823	0.00955	0.00461	0.01251	0.00724	0.01909	0.00592	0.00691	0.00461	0.00395	0.00263	0.00132	0.00329	0.00230	0.00263	0.00461
30	0.00931	0.00931	0.01303	0.01117	0.01117	0.01303	0.00931	0.01024	0.00652	0.01024	0.00559	0.00931	0.00559	0.00745	0.01396	0.00186	0.84267	0.00372	0.00186	0.00465
31	0.00631	0.00504	0.00743	0.00647	0.00783	0.00463	0.08195	0.00838	0.01161	0.01616	0.66309	0.03075	0.11697	0.00842	0.00502	0.00136	0.00252	0.00757	0.00436	0.00414
32	0.00968	0.00891	0.00920	0.12865	0.03758	0.18134	0.00761	0.04569	0.01042	0.04426	0.03057	0.14529	0.01673	0.00850	0.00495	0.00158	0.00478	0.29644	0.00329	0.00454
33	0.00937	0.06389	0.67166	0.01163	0.01722	0.01008	0.03372	0.01369	0.00911	0.06344	0.00831	0.00994	0.00607	0.00434	0.00441	0.00135	0.03694	0.01659	0.00206	0.00619
34	0.72039	0.00866	0.00697	0.00620	0.00859	0.03984	0.00501	0.03458	0.03193	0.01806	0.00674	0.00838	0.00551	0.04363	0.00415	0.00147	0.03988	0.00268	0.00268	0.00466

[dist]
# distance from previous block
# <min> <max>
0	1

[block]
# block no. 1 follows, 62 sequences, length 8
# corresponding to MSA columns:
# 60-67
name=unknown_B
#
# <colnr> <probs for GDERKNQSTAVLIFYWHMCP>
#	G	D	E	R	K	N	Q	S	T	A	V	L	I	F	Y	W	H	M	C	P
0	0.00573	0.00432	0.00532	0.00531	0.00633	0.00396	0.00399	0.00728	0.01050	0.01408	0.41750	0.10886	0.25904	0.03672	0.03428	0.00172	0.00262	0.06444	0.00421	0.00379
1	0.00897	0.14973	0.70452	0.01138	0.01726	0.01095	0.01442	0.01336	0.00893	0.01294	0.00737	0.00865	0.00540	0.00398	0.00384	0.00128	0.00602	0.00301	0.00180	0.00616
2	0.00614	0.00470	0.00541	0.00542	0.00628	0.00467	0.00382	0.00796	0.08155	0.01098	0.04657	0.09508	0.27497	0.27762	0.12069	0.00304	0.00420	0.03394	0.00335	0.00360
3	0.07302	0.21011	0.05978	0.00897	0.01176	0.38558	0.00761	0.01504	0.01077	0.09017	0.08159	0.01035	0.00905	0.00464	0.00366	0.00113	0.00566	0.00322	0.00264	0.00525
4	0.01104	0.59660	0.09173	0.00852	0.01206	0.08367	0.04168	0.01284	0.00913	0.01075	0.00775	0.01103	0.00723	0.00447	0.00332	0.00108	0.00502	0.07467	0.00205	0.00536
5	0.01028	0.53105	0.33463	0.00916	0.01383	0.01414	0.01055	0.01303	0.00878	0.01135	0.00658	0.00766	0.00543	0.00380	0.00324	0.00108	0.00522	0.00261	0.00181	0.00578
6	0.03797	0.43650	0.23776	0.00907	0.01318	0.01281	0.05598	0.01242	0.00862	0.01161	0.00711	0.00867	0.00598	0.00631	0.07884	0.00160	0.00569	0.00289	0.00193	0.04504
7	0.21152	0.50150	0.12943	0.00809	0.01190	0.01389	0.04822	0.01283	0.00844	0.01276	0.00629	0.00738	0.00530	0.00376	0.00300	0.00109	0.00463	0.00254	0.00202	0.00539

[dist]
# distance from previous block
# <min> <max>
2	19

[block]
# block no. 2 follows, 62 sequences, length 7
# corresponding to MSA columns:
# 87-93
name=unknown_C
#
# <colnr> <probs for GDERKNQSTAVLIFYWHMCP>
#	G	D	E	R	K	N	Q	S	T	A	V	L	I	F	Y	W	H	M	C	P
0	0.07367	0.07604	0.00939	0.00744	0.00956	0.07316	0.00591	0.05307	0.30172	0.03649	0.23143	0.01968	0.05315	0.00646	0.00429	0.00134	0.00346	0.02439	0.00393	0.00544
1	0.06227	0.00740	0.01156	0.00942	0.01151	0.00750	0.21035	0.02986	0.09628	0.02615	0.12198	0.08581	0.09672	0.07537	0.03262	0.00185	0.04430	0.04489	0.00328	0.02088
2	0.22170	0.00903	0.00919	0.00793	0.01060	0.01016	0.00632	0.10778	0.44608	0.10610	0.01372	0.01293	0.01006	0.00521	0.00391	0.00138	0.00352	0.00404	0.00401	0.00633
3	0.00823	0.00776	0.01311	0.77778	0.09026	0.00950	0.01191	0.01104	0.00860	0.01110	0.00760	0.01128	0.00575	0.00422	0.00425	0.00141	0.00562	0.00378	0.00191	0.00488
4	0.00929	0.00834	0.01289	0.62854	0.08842	0.00999	0.01115	0.09776	0.06690	0.01331	0.00857	0.01148	0.00644	0.00442	0.00426	0.00139	0.00535	0.00386	0.00233	0.00530
5	0.00542	0.00403	0.00508	0.00563	0.00631	0.00369	0.00402	0.00654	0.00927	0.01223	0.16956	0.48302	0.19014	0.01188	0.00531	0.00162	0.00243	0.06614	0.00408	0.00362
6	0.01263	0.01414	0.01225	0.22609	0.05560	0.42317	0.03015	0.01529	0.07847	0.03818	0.04749	0.01093	0.00808	0.00465	0.00411	0.00124	0.00625	0.00358	0.00251	0.00517

[dist]
# distance from previous block
# <min> <max>
7	25

[block]
# block no. 3 follows, 62 sequences, length 36
# corresponding to MSA columns:
# 119-154
name=unknown_D
#
# <colnr> <probs for GDERKNQSTAVLIFYWHMCP>
#	G	D	E	R	K	N	Q	S	T	A	V	L	I	F	Y	W	H	M	C	P
0	0.07693	0.05078	0.09693	0.01942	0.02426	0.02262	0.20355	0.12676	0.10992	0.05524	0.01392	0.09889	0.07036	0.00579	0.00441	0.00139	0.00478	0.00522	0.00317	0.00570
1	0.02728	0.05259	0.02663	0.12957	0.18916	0.03101	0.12848	0.09698	0.05913	0.08571	0.01118	0.02244	0.04477	0.00505	0.01494	0.00137	0.01965	0.00423	0.00284	0.04698
2	0.05771	0.07321	0.08859	0.09401	0.15444	0.05580	0.08079	0.08163	0.06156	0.05026	0.00914	0.01990	0.01450	0.01669	0.00514	0.00135	0.07817	0.00378	0.00258	0.05076
3	0.01070	0.12709	0.13712	0.07448	0.15787	0.05285	0.05355	0.04191	0.06416	0.07680	0.04384	0.02877	0.02052	0.02644	0.00506	0.00137	0.05126	0.00405	0.00266	0.01950
4	0.05083	0.07993	0.14639	0.04854	0.15878	0.05711	0.05972	0.02541	0.12212	0.12121	0.04439	0.01201	0.00905	0.00521	0.02350	0.00141	0.00500	0.00388	0.00293	0.02258
5	0.03302	0.11419	0.08904	0.08455	0.05419	0.06937	0.03522	0.16469	0.07743	0.01514	0.02656	0.03934	0.02702	0.06102	0.00562	0.00146	0.04383	0.00412	0.00283	0.05138
6	0.02688	0.07296	0.11772	0.17478	0.29135	0.04597	0.03625	0.03667	0.04771	0.05558	0.00913	0.03221	0.00739	0.00445	0.00412	0.00130	0.00518	0.01172	0.00242	0.01624
7	0.00863	0.00797	0.01322	0.31976	0.36276	0.00865	0.01077	0.01108	0.00929	0.01275	0.09142	0.03782	0.02991	0.00645	0.05031	0.00165	0.00518	0.00458	0.00239	0.00540
8	0.00675	0.00464	0.00616	0.00675	0.04524	0.00444	0.00454	0.00816	0.03004	0.06231	0.17502	0.36274	0.10712	0.06850	0.06905	0.01858	0.00337	0.00875	0.00384	0.00399
9	0.00703	0.00553	0.00778	0.00762	0.03109	0.00628	0.02419	0.03436	0.04768	0.01079	0.01238	0.03499	0.02740	0.17837	0.48794	0.00508	0.05991	0.00503	0.00253	0.00400
10	0.88052	0.00823	0.00625	0.00560	0.00823	0.00955	0.00461	0.01251	0.00724	0.01909	0.00592	0.00691	0.00461	0.00395	0.00263	0.00132	0.00329	0.00230	0.00263	0.00461
11	0.02757	0.08336	0.09807	0.15651	0.09821	0.02403	0.02401	0.08369	0.05743	0.05746	0.05312	0.04354	0.01008	0.00627	0.03398	0.00153	0.05301	0.03265	0.00280	0.05267
12	0.01067	0.25530	0.36369	0.03957	0.07248	0.02951	0.01144	0.02869	0.00935	0.07866	0.00785	0.00901	0.00600	0.00417	0.00409	0.00122	0.03950	0.00307	0.00218	0.02355
13	0.31825	0.00721	0.00805	0.00664	0.00935	0.00712	0.00536	0.01623	0.00992	0.45420	0.01326	0.06560	0.00982	0.04529	0.00460	0.00148	0.00346	0.00418	0.00414	0.00586
14	0.00926	0.07453	0.06488	0.28613	0.19078	0.07268	0.02170	0.02527	0.02547	0.01214	0.03650	0.07770	0.00969	0.03921	0.02462	0.00158	0.00529	0.01504	0.00236	0.00519
15	0.00908	0.02974	0.07774	0.15447	0.13041	0.00768	0.00832	0.03598	0.07746	0.08217	0.05717	0.13121	0.07824	0.01747	0.03746	0.00164	0.00438	0.02274	0.00316	0.03347
16	0.00567	0.00437	0.00573	0.00628	0.00673	0.00443	0.00451	0.00661	0.00848	0.01132	0.06699	0.59095	0.11747	0.01218	0.00614	0.00170	0.07697	0.05601	0.00380	0.00363
17	0.00695	0.00510	0.00743	0.03972	0.00837	0.00538	0.05856	0.00808	0.00746	0.03105	0.01387	0.10646	0.01448	0.31466	0.22469	0.00384	0.03040	0.06028	0.04960	0.00363
18	0.00668	0.00449	0.00582	0.00599	0.00673	0.00440	0.00430	0.02537	0.00873	0.05629	0.09442	0.36559	0.12277	0.07342	0.11094	0.05316	0.02013	0.02342	0.00363	0.00374
19	0.00977	0.00939	0.01594	0.31455	0.39183	0.02010	0.09472	0.04376	0.00974	0.01323	0.00839	0.01194	0.00684	0.00422	0.00436	0.00135	0.00548	0.02639	0.00217	0.00583
20	0.01082	0.00586	0.00641	0.00557	0.00731	0.00596	0.00439	0.14298	0.03187	0.12809	0.03731	0.01521	0.01116	0.00515	0.00346	0.00110	0.00268	0.00412	0.56553	0.00502
21	0.00674	0.00494	0.00556	0.00574	0.00624	0.03627	0.00384	0.00769	0.03216	0.03393	0.04183	0.26966	0.05272	0.37789	0.06213	0.00302	0.00402	0.03897	0.00325	0.00340
22	0.01004	0.01148	0.02511	0.01793	0.02224	0.01076	0.80846	0.01363	0.01004	0.01363	0.00861	0.01148	0.00646	0.00359	0.00502	0.00143	0.00717	0.00502	0.00215	0.00574
23	0.00674	0.00548	0.00713	0.02148	0.03227	0.00609	0.00524	0.00839	0.05333	0.01103	0.04909	0.10712	0.16773	0.15795	0.17905	0.01467	0.12246	0.02601	0.01485	0.00389
24	0.00569	0.00455	0.00519	0.00523	0.00634	0.00419	0.00385	0.02551	0.02153	0.01282	0.18379	0.22017	0.44444	0.01068	0.00530	0.00149	0.02223	0.00914	0.00405	0.00380
25	0.00522	0.00372	0.00493	0.00587	0.00611	0.00348	0.00390	0.00594	0.00807	0.01076	0.02305	0.81527	0.02764	0.04643	0.00607	0.00182	0.00253	0.01186	0.00390	0.00342
26	0.01019	0.00926	0.02916	0.25177	0.44162	0.00973	0.03046	0.01270	0.00932	0.06752	0.00869	0.01189	0.00704	0.00445	0.00490	0.00137	0.05793	0.02375	0.00228	0.00597
27	0.00953	0.02616	0.06433	0.21603	0.24431	0.02878	0.03515	0.03507	0.03973	0.04594	0.01046	0.11427	0.00945	0.00661	0.03704	0.00162	0.06265	0.00484	0.00252	0.00550
28	0.00961	0.01174	0.08746	0.01565	0.03806	0.04867	0.57747	0.01286	0.00993	0.01332	0.04156	0.03778	0.03223	0.00546	0.03687	0.00162	0.00675	0.00514	0.00233	0.00550
29	0.00897	0.00588	0.00672	0.00626	0.00777	0.00603	0.00473	0.06922	0.17213	0.08509	0.14160	0.18352	0.06689	0.02126	0.00467	0.00140	0.00274	0.00666	0.19357	0.00490
30	0.05602	0.06080	0.13498	0.20672	0.14775	0.04346	0.05728	0.05772	0.03922	0.07108	0.00933	0.01100	0.01827	0.00431	0.00400	0.00128	0.00510	0.00366	0.02842	0.03961
31	0.00850	0.00600	0.03822	0.02371	0.04000	0.00561	0.04055	0.04525	0.03705	0.05631	0.02595	0.01776	0.04679	0.11378	0.05151	0.38454	0.00438	0.03775	0.01276	0.00356
32	0.00555	0.00409	0.00509	0.00565	0.00622	0.00385	0.00390	0.00678	0.03268	0.01163	0.10778	0.52310	0.14538	0.08551	0.00673	0.00185	0.00259	0.03413	0.00392	0.00357
33	0.00613	0.00514	0.02636	0.00557	0.00706	0.00436	0.02160	0.00801	0.03476	0.03369	0.27017	0.07565	0.42922	0.00972	0.00502	0.00144	0.00250	0.04545	0.00412	0.00403
34	0.04053	0.17379	0.23382	0.07045	0.12237	0.06683	0.07212	0.04577	0.04646	0.01351	0.03354	0.01006	0.00721	0.00422	0.00400	0.00123	0.01665	0.00343	0.00226	0.03173
35	0.00955	0.03286	0.17233	0.03590	0.11875	0.09665	0.06672	0.02159	0.09255	0.01290	0.03525	0.10037	0.02446	0.01649	0.01566	0.00154	0.11645	0.02195	0.00261	0.00540

[dist]
# distance from previous block
# <min> <max>
4	15

[block]
# block no. 4 follows, 62 sequences, length 18
# corresponding to MSA columns:
# 172-189
name=unknown_E
#
# <colnr> <probs for GDERKNQSTAVLIFYWHMCP>
#	G	D	E	R	K	N	Q	S	T	A	V	L	I	F	Y	W	H	M	C	P
0	0.02616	0.14633	0.18399	0.02465	0.03819	0.05099	0.02429	0.06073	0.01048	0.11608	0.10363	0.04740	0.11028	0.00641	0.01863	0.00138	0.01702	0.00481	0.00311	0.00546
1	0.00611	0.00418	0.00522	0.00548	0.00595	0.00409	0.00369	0.00682	0.00774	0.03209	0.05277	0.28327	0.10087	0.32319	0.11336	0.00319	0.00420	0.03117	0.00330	0.00333
2	0.00963	0.12340	0.26841	0.03467	0.03626	0.00982	0.04192	0.07043	0.12747	0.03931	0.06976	0.06266	0.05125	0.00552	0.00416	0.00131	0.00459	0.00459	0.00294	0.03192
3	0.04593	0.11807	0.05421	0.02568	0.10156	0.02237	0.02377	0.07884	0.04887	0.05701	0.04329	0.11645	0.07109	0.00603	0.00438	0.00124	0.03272	0.00497	0.01916	0.12437
4	0.00702	0.00560	0.03611	0.00620	0.00744	0.00512	0.00486	0.00938	0.07307	0.05598	0.31850	0.21559	0.14315	0.02557	0.00571	0.00152	0.04447	0.00802	0.02243	0.00429
5	0.05094	0.00495	0.00620	0.00574	0.00703	0.00472	0.00435	0.00983	0.04452	0.08859	0.62076	0.08543	0.03379	0.00836	0.00483	0.00137	0.00230	0.00731	0.00457	0.00440
6	0.01038	0.01005	0.01745	0.06632	0.74320	0.01011	0.05374	0.01298	0.00965	0.01374	0.00801	0.01062	0.00667	0.00380	0.00426	0.00128	0.00519	0.00385	0.00210	0.00659
7	0.00871	0.02362	0.02407	0.11893	0.05609	0.06106	0.01885	0.03849	0.05779	0.07255	0.03549	0.23114	0.13167	0.00946	0.04622	0.01588	0.00421	0.02033	0.02078	0.00468
8	0.00687	0.00622	0.00611	0.00636	0.00727	0.11035	0.00465	0.00796	0.00914	0.01127	0.07971	0.30613	0.19545	0.06006	0.09761	0.00227	0.00423	0.07107	0.00351	0.00374
9	0.00723	0.00377	0.00553	0.00553	0.00557	0.00381	0.00368	0.00570	0.00566	0.00758	0.00807	0.01433	0.00820	0.08332	0.05676	0.76328	0.00410	0.00394	0.00193	0.00200
10	0.00933	0.00569	0.00703	0.00668	0.00828	0.00558	0.00532	0.03980	0.10593	0.15578	0.15787	0.12377	0.09283	0.00871	0.00485	0.00150	0.00302	0.17748	0.07565	0.00488
11	0.03981	0.02411	0.05089	0.23706	0.15137	0.02579	0.06599	0.01997	0.00905	0.05391	0.01234	0.09761	0.04883	0.03164	0.03558	0.00172	0.04281	0.04386	0.00261	0.00506
12	0.00654	0.00460	0.00629	0.00630	0.00699	0.00500	0.00470	0.00770	0.00761	0.03520	0.04769	0.14313	0.06540	0.12266	0.40312	0.01855	0.04222	0.02200	0.04056	0.00371
13	0.00625	0.00429	0.00547	0.00598	0.00669	0.00405	0.00431	0.03096	0.00932	0.03648	0.09935	0.53546	0.10340	0.01168	0.00523	0.00163	0.00261	0.08329	0.03975	0.00381
14	0.05123	0.03409	0.14026	0.07969	0.32955	0.05070	0.02661	0.08524	0.02516	0.06242	0.00985	0.04048	0.02427	0.00461	0.00413	0.00130	0.00504	0.00399	0.00259	0.01879
15	0.06111	0.05372	0.02597	0.02685	0.09675	0.09553	0.02941	0.14096	0.04425	0.08336	0.03597	0.01272	0.01859	0.00809	0.08867	0.01133	0.11041	0.02231	0.00297	0.03102
16	0.00822	0.03963	0.00783	0.03481	0.05271	0.01697	0.00539	0.04823	0.04912	0.07001	0.12040	0.13832	0.11815	0.09634	0.09607	0.00227	0.00417	0.03876	0.04814	0.00446
17	0.04945	0.09480	0.12028	0.00880	0.02851	0.15852	0.01779	0.03934	0.00962	0.02332	0.08795	0.09181	0.03540	0.09334	0.03175	0.00180	0.06668	0.03335	0.00276	0.00472

[dist]
# distance from previous block
# <min> <max>
0	98

[block]
# block no. 5 follows, 62 sequences, length 19
# corresponding to MSA columns:
# 288-306
name=unknown_F
#
# <colnr> <probs for GDERKNQSTAVLIFYWHMCP>
#	G	D	E	R	K	N	Q	S	T	A	V	L	I	F	Y	W	H	M	C	P
0	0.03610	0.02629	0.05919	0.15407	0.18753	0.04101	0.02613	0.08031	0.09650	0.03138	0.03302	0.01335	0.03983	0.04076	0.00586	0.02402	0.05956	0.00414	0.00271	0.03825
1	0.00859	0.00750	0.04151	0.12355	0.11912	0.00744	0.02966	0.03989	0.11825	0.04802	0.06639	0.21315	0.02386	0.02950	0.03126	0.00171	0.02117	0.04287	0.00330	0.02327
2	0.20180	0.00781	0.00974	0.10578	0.03711	0.03812	0.07025	0.06572	0.02452	0.05253	0.10158	0.13010	0.03106	0.04203	0.00545	0.00155	0.04550	0.02139	0.00316	0.00479
3	0.00694	0.02705	0.00686	0.02368	0.00797	0.00495	0.00461	0.00824	0.00899	0.04359	0.08727	0.31756	0.17077	0.00989	0.03254	0.00153	0.02808	0.00778	0.00353	0.19816
4	0.05522	0.13941	0.01370	0.07466	0.02887	0.08309	0.03881	0.24412	0.10663	0.06827	0.03052	0.01087	0.00812	0.00499	0.00477	0.00130	0.07375	0.00370	0.00321	0.00602
5	0.00699	0.03139	0.00679	0.00646	0.00763	0.00544	0.00500	0.00931	0.08950	0.04030	0.08917	0.27407	0.18086	0.02627	0.00574	0.00164	0.03479	0.14919	0.00388	0.02560
6	0.03795	0.00662	0.04153	0.00677	0.00848	0.01686	0.00536	0.08481	0.03197	0.12007	0.11481	0.33761	0.09953	0.00914	0.00491	0.00146	0.01635	0.00789	0.00399	0.04386
7	0.01231	0.35073	0.08278	0.00916	0.01242	0.03135	0.02798	0.22947	0.05918	0.03268	0.00847	0.02351	0.00692	0.00480	0.00465	0.00121	0.09027	0.00335	0.00276	0.00600
8	0.02223	0.00757	0.00814	0.00754	0.00927	0.04526	0.00578	0.17676	0.16568	0.05770	0.04497	0.30310	0.06780	0.00884	0.00479	0.00151	0.00345	0.05033	0.00408	0.00519
9	0.00625	0.00505	0.00573	0.00566	0.00682	0.02902	0.00418	0.03397	0.00997	0.01307	0.21621	0.22806	0.27975	0.01236	0.08872	0.00198	0.00342	0.00837	0.00386	0.03754
10	0.01178	0.00672	0.00800	0.00667	0.00885	0.00658	0.00528	0.14173	0.06925	0.23526	0.22867	0.02007	0.05720	0.02672	0.00472	0.00133	0.00306	0.00532	0.12120	0.03158
11	0.00535	0.00407	0.00490	0.00534	0.00611	0.00370	0.00379	0.00636	0.00899	0.01159	0.10598	0.39156	0.30598	0.05384	0.03174	0.00187	0.00273	0.03867	0.00390	0.00354
12	0.00658	0.00527	0.00545	0.00562	0.00653	0.05650	0.00411	0.00780	0.00928	0.01247	0.09449	0.29698	0.24854	0.00986	0.00508	0.00145	0.03542	0.02289	0.16191	0.00378
13	0.00612	0.00460	0.00678	0.00678	0.00746	0.00535	0.00521	0.00751	0.00685	0.00984	0.01189	0.05285	0.01153	0.07287	0.73793	0.00637	0.02901	0.00495	0.00236	0.00374
14	0.00567	0.00422	0.00544	0.00610	0.00676	0.00405	0.00447	0.00709	0.03246	0.01166	0.06138	0.49338	0.13985	0.01352	0.06018	0.00203	0.00324	0.13091	0.00388	0.00369
15	0.09634	0.00813	0.01000	0.00778	0.01100	0.00779	0.00641	0.14514	0.03879	0.60091	0.01478	0.01317	0.00955	0.00514	0.00413	0.00131	0.00375	0.00405	0.00484	0.00699
16	0.06723	0.00686	0.03240	0.00634	0.00837	0.02341	0.00516	0.09871	0.03347	0.18516	0.01809	0.11585	0.10779	0.00678	0.00405	0.00130	0.00311	0.02269	0.24812	0.00511
17	0.00704	0.00534	0.00725	0.15050	0.01097	0.00560	0.00579	0.03130	0.06949	0.03400	0.23105	0.30581	0.04140	0.02743	0.01701	0.00165	0.00327	0.03702	0.00380	0.00427
18	0.00852	0.00898	0.04861	0.10373	0.06336	0.01827	0.19369	0.01066	0.00859	0.01198	0.04540	0.10042	0.02799	0.00770	0.03756	0.00179	0.24025	0.05517	0.00247	0.00486

[dist]
# distance from previous block
# <min> <max>
2	4

[block]
# block no. 6 follows, 62 sequences, length 15
# corresponding to MSA columns:
# 312-326
name=unknown_G
#
# <colnr> <probs for GDERKNQSTAVLIFYWHMCP>
#	G	D	E	R	K	N	Q	S	T	A	V	L	I	F	Y	W	H	M	C	P
0	0.00660	0.00466	0.00624	0.02761	0.00758	0.00474	0.00478	0.00782	0.00880	0.06223	0.11453	0.35483	0.14151	0.01461	0.15133	0.00252	0.04936	0.02264	0.00366	0.00394
1	0.00995	0.00845	0.00928	0.00680	0.01046	0.04456	0.00544	0.06702	0.00985	0.03696	0.00796	0.00902	0.00645	0.00340	0.00329	0.00072	0.00348	0.00267	0.00270	0.75156
2	0.00683	0.00462	0.00557	0.00530	0.00649	0.00419	0.00391	0.02447	0.01061	0.07436	0.36083	0.11988	0.26582	0.08029	0.00639	0.00164	0.00245	0.00809	0.00425	0.00401
3	0.00631	0.00465	0.00646	0.00640	0.00693	0.00532	0.00474	0.00743	0.00679	0.00977	0.01206	0.04590	0.01211	0.22475	0.53869	0.00554	0.05221	0.00513	0.03526	0.00355
4	0.02780	0.00583	0.00683	0.00642	0.00794	0.00580	0.00487	0.04191	0.14738	0.08506	0.09516	0.17055	0.12577	0.06015	0.00641	0.05114	0.00305	0.06814	0.02909	0.05071
5	0.01105	0.10315	0.01935	0.02749	0.03376	0.17690	0.00638	0.13845	0.04368	0.01491	0.05356	0.04529	0.04801	0.03155	0.02275	0.00136	0.00450	0.00425	0.15857	0.05504
6	0.01128	0.79181	0.02250	0.00806	0.01174	0.01639	0.06556	0.01281	0.00875	0.01027	0.00611	0.00716	0.00553	0.00364	0.00290	0.00095	0.00474	0.00247	0.00184	0.00548
7	0.00589	0.00419	0.00520	0.00545	0.00587	0.00417	0.00369	0.00660	0.00753	0.01002	0.05186	0.19505	0.10112	0.37789	0.14037	0.00352	0.00461	0.06064	0.00313	0.00320
8	0.00587	0.00471	0.00590	0.00580	0.00678	0.00456	0.02228	0.00708	0.02690	0.01180	0.12432	0.23191	0.37458	0.01143	0.02555	0.05959	0.05492	0.00863	0.00370	0.00368
9	0.03163	0.03008	0.14423	0.24625	0.07776	0.07937	0.06515	0.04718	0.02558	0.04775	0.03063	0.03278	0.00788	0.00492	0.00502	0.00137	0.07617	0.01339	0.00241	0.03044
10	0.04379	0.00586	0.02560	0.00687	0.03060	0.04572	0.00493	0.03143	0.00772	0.06273	0.01189	0.12330	0.03279	0.01199	0.02906	0.45244	0.00391	0.03052	0.03556	0.00330
11	0.00707	0.00506	0.00570	0.00541	0.00693	0.00465	0.00412	0.03473	0.06238	0.07739	0.16757	0.10378	0.46417	0.00972	0.00495	0.00144	0.00247	0.02397	0.00421	0.00427
12	0.02657	0.00719	0.00892	0.10516	0.08087	0.03103	0.02604	0.09798	0.09952	0.03055	0.01407	0.07850	0.04173	0.03901	0.04295	0.00165	0.00407	0.02256	0.23664	0.00499
13	0.03214	0.09475	0.05007	0.04929	0.01276	0.05460	0.05296	0.25247	0.14018	0.05107	0.05104	0.06344	0.04610	0.00633	0.02262	0.00144	0.00459	0.00471	0.00351	0.00593
14	0.06454	0.11487	0.01155	0.02906	0.04599	0.29085	0.01597	0.04535	0.04512	0.04824	0.01154	0.08210	0.01102	0.02745	0.02349	0.00152	0.00542	0.11808	0.00287	0.00498

[dist]
# distance from previous block
# <min> <max>
0	2

[block]
# block no. 7 follows, 62 sequences, length 8
# corresponding to MSA columns:
# 329-336
name=unknown_H
#
# <colnr> <probs for GDERKNQSTAVLIFYWHMCP>
#	G	D	E	R	K	N	Q	S	T	A	V	L	I	F	Y	W	H	M	C	P
0	0.03506	0.04864	0.10904	0.08302	0.33226	0.04661	0.07039	0.07402	0.04447	0.08282	0.00905	0.01060	0.00692	0.00416	0.00412	0.00128	0.00519	0.00371	0.00259	0.02607
1	0.00559	0.00414	0.00505	0.00541	0.00609	0.00388	0.00382	0.00655	0.00866	0.01129	0.10948	0.29789	0.23279	0.16325	0.05538	0.00235	0.00325	0.06800	0.00368	0.00345
2	0.00892	0.00757	0.00912	0.05984	0.01116	0.00657	0.00574	0.05611	0.03055	0.01432	0.04097	0.04581	0.02456	0.00436	0.00395	0.00088	0.03673	0.00351	0.00277	0.62655
3	0.00710	0.00509	0.00698	0.00676	0.00760	0.00569	0.00512	0.05886	0.00801	0.03395	0.03580	0.09824	0.01342	0.12879	0.52935	0.00520	0.03182	0.00550	0.00275	0.00396
4	0.00716	0.00715	0.08550	0.00661	0.00783	0.05778	0.00539	0.00839	0.00842	0.02769	0.06068	0.13672	0.11559	0.28850	0.04197	0.00260	0.02211	0.10302	0.00313	0.00375
5	0.03189	0.02736	0.05776	0.28890	0.32215	0.09097	0.05794	0.01261	0.00937	0.01247	0.00790	0.01111	0.00646	0.00426	0.00442	0.00134	0.02465	0.02077	0.00207	0.00563
6	0.03625	0.00773	0.00918	0.00754	0.01023	0.00770	0.00606	0.13902	0.15924	0.38062	0.04487	0.06026	0.07570	0.00626	0.00435	0.00136	0.00345	0.00514	0.02864	0.00640
7	0.02384	0.01090	0.11270	0.00886	0.01094	0.12431	0.00769	0.13463	0.02861	0.05437	0.02664	0.14397	0.03513	0.02927	0.09289	0.00207	0.12314	0.00525	0.01971	0.00509

[dist]
# distance from previous block
# <min> <max>
1	4

[block]
# block no. 8 follows, 62 sequences, length 13
# corresponding to MSA columns:
# 342-345,347-355
name=unknown_I
#
# <colnr> <probs for GDERKNQSTAVLIFYWHMCP>
#	G	D	E	R	K	N	Q	S	T	A	V	L	I	F	Y	W	H	M	C	P
0	0.03826	0.02378	0.00834	0.05509	0.04375	0.05369	0.02687	0.03056	0.05374	0.03191	0.08521	0.23187	0.15197	0.00897	0.01917	0.00156	0.06065	0.02368	0.04648	0.00445
1	0.00520	0.00393	0.00481	0.00541	0.00606	0.00354	0.00374	0.00613	0.00888	0.01149	0.08620	0.55318	0.26153	0.01225	0.00528	0.00161	0.00234	0.01087	0.00400	0.00354
2	0.00939	0.00760	0.00883	0.00644	0.00997	0.00602	0.00511	0.05461	0.00939	0.03942	0.00833	0.01016	0.00701	0.05147	0.00430	0.00089	0.00331	0.00286	0.00270	0.75222
3	0.06052	0.02811	0.03775	0.09389	0.29476	0.09187	0.00956	0.07120	0.05133	0.05911	0.03279	0.04192	0.00872	0.00572	0.03315	0.00147	0.02661	0.00402	0.00271	0.04480
4	0.02985	0.09973	0.16418	0.05645	0.03650	0.10005	0.09886	0.17808	0.04699	0.03075	0.05432	0.02673	0.01765	0.00489	0.00439	0.00129	0.02789	0.00398	0.00283	0.01459
5	0.00728	0.00583	0.07680	0.00682	0.00794	0.00471	0.00568	0.00805	0.00800	0.05520	0.01682	0.20812	0.05295	0.03513	0.07881	0.23762	0.00428	0.17328	0.00309	0.00358
6	0.00821	0.00794	0.05776	0.30080	0.05330	0.00797	0.08329	0.02720	0.06882	0.03076	0.05161	0.17550	0.01329	0.02509	0.02724	0.00168	0.01884	0.02413	0.01168	0.00488
7	0.01096	0.09558	0.12631	0.07339	0.12998	0.07859	0.11717	0.09325	0.01913	0.07305	0.03001	0.07976	0.04357	0.00531	0.00428	0.00131	0.00516	0.00466	0.00279	0.00574
8	0.02321	0.00949	0.01557	0.20958	0.16216	0.02913	0.18687	0.05190	0.03680	0.07041	0.00936	0.04753	0.00765	0.00500	0.00572	0.00144	0.11561	0.00444	0.00253	0.00561
9	0.00539	0.00390	0.00513	0.00600	0.00644	0.00365	0.00422	0.00634	0.00859	0.01134	0.05408	0.67025	0.08554	0.01280	0.00544	0.00172	0.00259	0.09906	0.00397	0.00354
10	0.09024	0.03794	0.01020	0.00738	0.01065	0.02779	0.02079	0.08985	0.00974	0.03104	0.00763	0.00889	0.00621	0.00387	0.00418	0.00091	0.07420	0.00281	0.00266	0.55301
11	0.09921	0.01140	0.01042	0.00934	0.03456	0.25827	0.06134	0.06086	0.06938	0.01428	0.08043	0.05273	0.03879	0.00639	0.02343	0.00138	0.00506	0.05737	0.00301	0.10233
12	0.08873	0.00806	0.02616	0.03727	0.01074	0.05484	0.05641	0.08612	0.00933	0.06802	0.03541	0.03639	0.04782	0.05067	0.26247	0.00322	0.10620	0.00460	0.00282	0.00473

[dist]
# distance from previous block
# <min> <max>
0	1

[block]
# block no. 9 follows, 62 sequences, length 8
# corresponding to MSA columns:
# 357-364
name=unknown_J
#
# <colnr> <probs for GDERKNQSTAVLIFYWHMCP>
#	G	D	E	R	K	N	Q	S	T	A	V	L	I	F	Y	W	H	M	C	P
0	0.00767	0.00633	0.00877	0.00829	0.02990	0.00696	0.04924	0.04478	0.04070	0.02954	0.09291	0.24967	0.12801	0.02698	0.00765	0.02884	0.17866	0.04738	0.00340	0.00432
1	0.11028	0.04863	0.03575	0.08831	0.08675	0.07073	0.11584	0.14622	0.05412	0.09396	0.01093	0.06104	0.00908	0.00529	0.00422	0.00136	0.00491	0.04369	0.00311	0.00577
2	0.00809	0.00642	0.00846	0.09910	0.08595	0.00660	0.00649	0.06236	0.08183	0.03869	0.08385	0.17555	0.16833	0.00827	0.00496	0.00145	0.02339	0.06497	0.01846	0.04678
3	0.00584	0.00433	0.00580	0.00696	0.06060	0.00412	0.00436	0.00673	0.00835	0.01121	0.09184	0.50469	0.06396	0.16743	0.00832	0.00210	0.00294	0.03319	0.00364	0.00358
4	0.01025	0.06758	0.23815	0.04886	0.01530	0.06686	0.12777	0.10694	0.06172	0.01429	0.04793	0.01221	0.00864	0.06135	0.00639	0.00155	0.09203	0.00404	0.00253	0.00560
5	0.29051	0.06456	0.00901	0.03080	0.01003	0.03544	0.00545	0.05059	0.00914	0.07013	0.00858	0.04419	0.00710	0.00426	0.00323	0.00105	0.00354	0.00312	0.03996	0.30932
6	0.14185	0.00960	0.02068	0.09735	0.04649	0.07781	0.04114	0.18188	0.04345	0.04234	0.04149	0.03906	0.02703	0.00733	0.06423	0.00173	0.03736	0.02827	0.00309	0.04781
7	0.01131	0.01035	0.07299	0.06855	0.16360	0.03567	0.04412	0.18462	0.06133	0.06839	0.01095	0.03622	0.02591	0.04742	0.04079	0.00171	0.06924	0.00431	0.00300	0.03954

[dist]
# distance from previous block
# <min> <max>
0	1

[block]
# block no. 10 follows, 62 sequences, length 15
# corresponding to MSA columns:
# 366-380
name=unknown_K
#
# <colnr> <probs for GDERKNQSTAVLIFYWHMCP>
#	G	D	E	R	K	N	Q	S	T	A	V	L	I	F	Y	W	H	M	C	P
0	0.00868	0.03694	0.00863	0.00633	0.00936	0.00572	0.00500	0.01031	0.00880	0.04855	0.03011	0.11425	0.01023	0.00623	0.04191	0.01944	0.00350	0.00402	0.00282	0.61918
1	0.05319	0.02872	0.04258	0.09061	0.04656	0.11834	0.02795	0.10750	0.12599	0.02277	0.10636	0.06539	0.06259	0.03482	0.00525	0.00145	0.03547	0.00505	0.01418	0.00523
2	0.05106	0.06996	0.18288	0.04290	0.08436	0.14061	0.02695	0.03631	0.05361	0.04023	0.03910	0.01308	0.02878	0.00784	0.09608	0.00187	0.00591	0.02572	0.02014	0.03261
3	0.28838	0.10912	0.03999	0.02893	0.01043	0.08769	0.02849	0.05335	0.02283	0.06578	0.02207	0.12748	0.05389	0.00607	0.00401	0.00134	0.02432	0.01790	0.00299	0.00494
4	0.01038	0.07346	0.11775	0.03696	0.12340	0.06430	0.31015	0.01312	0.00957	0.05615	0.00954	0.08096	0.00819	0.00491	0.00512	0.00139	0.06191	0.00472	0.00237	0.00565
5	0.00588	0.00439	0.00540	0.04369	0.00698	0.00434	0.00396	0.00711	0.04314	0.01067	0.04862	0.34220	0.15361	0.26065	0.03784	0.00252	0.00338	0.00873	0.00343	0.00345
6	0.00729	0.00539	0.00810	0.00745	0.00841	0.00584	0.06809	0.00866	0.00776	0.05223	0.01439	0.18096	0.03095	0.09819	0.32967	0.00385	0.07951	0.00620	0.07306	0.00403
7	0.01091	0.02753	0.04890	0.11199	0.15821	0.13843	0.02335	0.05725	0.06623	0.04293	0.05448	0.01213	0.00889	0.03120	0.00691	0.02672	0.16202	0.00396	0.00257	0.00539
8	0.06522	0.00927	0.04720	0.11167	0.26707	0.03746	0.02711	0.06538	0.01016	0.09891	0.04925	0.03059	0.01030	0.03253	0.03188	0.00164	0.04059	0.05524	0.00286	0.00566
9	0.00715	0.00556	0.00707	0.04554	0.07262	0.00550	0.00523	0.05203	0.03435	0.03133	0.19789	0.15376	0.26781	0.04085	0.00569	0.00153	0.02314	0.00763	0.03098	0.00433
10	0.04928	0.00770	0.01102	0.06176	0.09184	0.00794	0.07639	0.06901	0.05236	0.21646	0.04404	0.06485	0.04578	0.10015	0.00702	0.00171	0.06572	0.00513	0.01632	0.00551
11	0.01114	0.01046	0.07884	0.07867	0.10227	0.06867	0.08769	0.07460	0.12466	0.10854	0.01203	0.04285	0.02989	0.02447	0.04931	0.00170	0.04292	0.00445	0.00306	0.04378
12	0.00764	0.00595	0.00661	0.00651	0.00777	0.03539	0.00492	0.04699	0.14205	0.02663	0.16827	0.23062	0.13595	0.00964	0.00533	0.03270	0.00295	0.08120	0.03848	0.00440
13	0.05965	0.00696	0.00926	0.00779	0.00979	0.00719	0.07724	0.10182	0.04928	0.16663	0.04966	0.07910	0.01281	0.02991	0.06749	0.00184	0.04277	0.03857	0.17700	0.00521
14	0.08677	0.03326	0.02501	0.06295	0.07435	0.05030	0.05631	0.10788	0.14025	0.05593	0.01251	0.03869	0.05095	0.03290	0.08294	0.01415	0.05091	0.00446	0.00307	0.01640

[dist]
# distance from previous block
# <min> <max>
7	23

[block]
# block no. 11 follows, 62 sequences, length 13
# corresponding to MSA columns:
# 404-409,413-419
name=unknown_L
#
# <colnr> <probs for GDERKNQSTAVLIFYWHMCP>
#	G	D	E	R	K	N	Q	S	T	A	V	L	I	F	Y	W	H	M	C	P
0	0.00808	0.02816	0.07164	0.00677	0.00859	0.05523	0.00561	0.10052	0.01068	0.01409	0.18882	0.12886	0.17326	0.08156	0.00670	0.02936	0.02236	0.00666	0.00351	0.04953
1	0.01105	0.03444	0.00951	0.00800	0.01001	0.18520	0.00623	0.10313	0.04214	0.07150	0.02678	0.05252	0.02251	0.08477	0.13690	0.00235	0.02908	0.04139	0.00303	0.11948
2	0.00768	0.00523	0.00688	0.00643	0.00743	0.00557	0.00486	0.02802	0.02319	0.05940	0.04523	0.04773	0.05657	0.13309	0.30796	0.07283	0.05872	0.01456	0.05704	0.05158
3	0.03893	0.04705	0.22524	0.03335	0.04052	0.00844	0.05789	0.03443	0.03394	0.01273	0.02949	0.01315	0.00874	0.07251	0.20579	0.00282	0.04536	0.00395	0.00233	0.08335
4	0.09467	0.00741	0.00863	0.00679	0.00970	0.00662	0.01890	0.06476	0.02390	0.04480	0.04055	0.11404	0.01049	0.00512	0.00396	0.00100	0.02932	0.00417	0.01596	0.48920
5	0.05151	0.00458	0.00518	0.00568	0.00619	0.02584	0.00386	0.00694	0.00790	0.01098	0.02015	0.47184	0.06596	0.19347	0.03857	0.00235	0.00333	0.03252	0.03974	0.00342
6	0.00632	0.00441	0.00552	0.00580	0.00674	0.00410	0.00427	0.00784	0.03247	0.05488	0.15672	0.36995	0.21319	0.01181	0.03150	0.00175	0.00280	0.07192	0.00409	0.00392
7	0.00639	0.00420	0.00533	0.00562	0.00604	0.00410	0.00373	0.00721	0.02295	0.04445	0.08053	0.38194	0.02209	0.29261	0.06637	0.02733	0.00368	0.00858	0.00344	0.00340
8	0.01038	0.05049	0.01574	0.22985	0.48996	0.01053	0.01185	0.07524	0.03930	0.01410	0.00830	0.01073	0.00667	0.00408	0.00416	0.00129	0.00510	0.00376	0.00229	0.00621
9	0.00682	0.00506	0.00630	0.02940	0.00782	0.00510	0.00477	0.04440	0.09236	0.02641	0.16727	0.38116	0.08375	0.04617	0.03187	0.00184	0.00308	0.04826	0.00399	0.00416
10	0.00664	0.00524	0.00585	0.00590	0.00684	0.03804	0.00427	0.00891	0.08411	0.01353	0.26897	0.25123	0.11235	0.07624	0.02878	0.00182	0.00297	0.02712	0.04722	0.00398
11	0.02402	0.00658	0.00896	0.07583	0.03721	0.00685	0.04180	0.05956	0.10299	0.12618	0.01798	0.26839	0.05815	0.04507	0.02449	0.00177	0.03022	0.05529	0.00370	0.00496
12	0.02852	0.17222	0.21911	0.02217	0.05054	0.04571	0.06163	0.03461	0.03560	0.11227	0.01087	0.09771	0.02160	0.00549	0.00472	0.00133	0.06309	0.00438	0.00271	0.00571

[dist]
# distance from previous block
# <min> <max>
9	12

[block]
# block no. 12 follows, 62 sequences, length 11
# corresponding to MSA columns:
# 433-443
name=unknown_M
#
# <colnr> <probs for GDERKNQSTAVLIFYWHMCP>
#	G	D	E	R	K	N	Q	S	T	A	V	L	I	F	Y	W	H	M	C	P
0	0.04086	0.02496	0.02167	0.01877	0.04197	0.00622	0.00577	0.03517	0.02086	0.08663	0.05551	0.14698	0.08289	0.08039	0.16936	0.00278	0.04679	0.08812	0.01991	0.00441
1	0.00976	0.00645	0.00787	0.00693	0.00875	0.00657	0.02509	0.04499	0.21564	0.14169	0.22731	0.04656	0.07221	0.06451	0.03019	0.00172	0.00331	0.01954	0.05569	0.00522
2	0.03384	0.02579	0.04107	0.04680	0.12729	0.05690	0.04709	0.04667	0.03150	0.01327	0.11532	0.12684	0.05603	0.05311	0.04812	0.00187	0.08565	0.03502	0.00300	0.00481
3	0.02891	0.07107	0.10625	0.10241	0.10486	0.17175	0.10364	0.02680	0.06329	0.08630	0.00992	0.01131	0.03003	0.00517	0.02136	0.00142	0.04349	0.00379	0.00257	0.00568
4	0.00626	0.00423	0.00524	0.00562	0.00628	0.00403	0.00393	0.02391	0.00875	0.03494	0.06774	0.43984	0.12151	0.10727	0.04575	0.00211	0.00309	0.03152	0.07433	0.00366
5	0.03364	0.00513	0.00554	0.00554	0.00678	0.02831	0.00411	0.03090	0.00988	0.05462	0.11442	0.24094	0.36896	0.03308	0.00544	0.00157	0.00269	0.04051	0.00398	0.00395
6	0.03267	0.03518	0.11211	0.14809	0.14185	0.05401	0.10433	0.09621	0.04514	0.07830	0.00994	0.05507	0.00805	0.00571	0.03012	0.00153	0.02888	0.00427	0.00271	0.00582
7	0.03412	0.06767	0.04425	0.08931	0.09045	0.02398	0.00693	0.09517	0.02180	0.04757	0.03760	0.21068	0.07541	0.09210	0.02546	0.00181	0.00413	0.02357	0.00319	0.00479
8	0.00804	0.00665	0.02017	0.04646	0.04042	0.01748	0.03322	0.04868	0.11895	0.04046	0.10038	0.18798	0.18288	0.00843	0.00505	0.00145	0.03198	0.03315	0.04177	0.02639
9	0.13091	0.15099	0.12273	0.04318	0.11964	0.10040	0.00885	0.07822	0.05865	0.01449	0.02862	0.02406	0.00762	0.00568	0.03997	0.00146	0.02042	0.00342	0.00251	0.03816
10	0.06406	0.10559	0.08861	0.04744	0.04955	0.02790	0.02157	0.05301	0.05477	0.04168	0.06653	0.07217	0.11503	0.02598	0.03535	0.01852	0.02564	0.00504	0.04313	0.03843

[dist]
# distance from previous block
# <min> <max>
6	30

[block]
# block no. 13 follows, 62 sequences, length 23
# corresponding to MSA columns:
# 479-501
name=unknown_N
#
# <colnr> <probs for GDERKNQSTAVLIFYWHMCP>
#	G	D	E	R	K	N	Q	S	T	A	V	L	I	F	Y	W	H	M	C	P
0	0.06312	0.02781	0.02240	0.02185	0.06129	0.04756	0.00572	0.02542	0.05996	0.01337	0.10472	0.16322	0.13430	0.02669	0.06408	0.00178	0.01560	0.02518	0.00329	0.11263
1	0.01005	0.04150	0.04296	0.03927	0.04553	0.04654	0.08837	0.07998	0.02295	0.07484	0.07468	0.05041	0.04405	0.00952	0.10390	0.02318	0.18950	0.00479	0.00286	0.00510
2	0.03324	0.02473	0.09650	0.05237	0.08000	0.05648	0.10237	0.08473	0.05418	0.02970	0.02125	0.11157	0.04369	0.01664	0.06566	0.00184	0.05537	0.02873	0.03571	0.00524
3	0.00760	0.00585	0.00756	0.00695	0.00762	0.00663	0.01908	0.06634	0.02451	0.01156	0.05773	0.07677	0.05787	0.26146	0.12109	0.05644	0.14951	0.02026	0.03137	0.00379
4	0.00996	0.00780	0.00885	0.00666	0.01007	0.03141	0.00531	0.02669	0.03384	0.09088	0.02431	0.03241	0.02322	0.00414	0.00350	0.00082	0.00333	0.01629	0.00298	0.65751
5	0.00890	0.12828	0.72533	0.01151	0.01746	0.01077	0.01464	0.01338	0.00894	0.01303	0.00742	0.00871	0.00540	0.00399	0.00387	0.00129	0.00607	0.00303	0.00180	0.00618
6	0.02988	0.00497	0.00552	0.00571	0.00670	0.02725	0.00410	0.00796	0.05274	0.01251	0.12988	0.35005	0.21100	0.04941	0.02098	0.00173	0.00283	0.02481	0.02482	0.02718
7	0.03380	0.00855	0.01371	0.28991	0.19242	0.03724	0.11763	0.01168	0.03876	0.01250	0.03061	0.03069	0.04259	0.00738	0.07798	0.00188	0.01874	0.02636	0.00238	0.00518
8	0.00706	0.00487	0.00586	0.00571	0.00698	0.00463	0.00428	0.00938	0.08082	0.07666	0.21947	0.18792	0.25602	0.01116	0.06093	0.00182	0.00304	0.01813	0.03099	0.00426
9	0.00876	0.00535	0.00651	0.00606	0.00749	0.00510	0.00458	0.06296	0.04307	0.14105	0.19836	0.17278	0.15699	0.06138	0.00619	0.02470	0.00285	0.04116	0.04011	0.00452
10	0.14866	0.00828	0.00945	0.00806	0.04011	0.00849	0.00629	0.23515	0.02417	0.28409	0.03977	0.01347	0.00991	0.00517	0.00391	0.00127	0.00366	0.02284	0.10745	0.01978
11	0.00685	0.00453	0.00607	0.00621	0.00707	0.00457	0.00463	0.02152	0.00871	0.06361	0.09600	0.28283	0.06999	0.04790	0.26781	0.00333	0.00546	0.05087	0.03809	0.00395
12	0.00627	0.00441	0.00542	0.00559	0.00622	0.00428	0.00388	0.00770	0.04377	0.02603	0.19851	0.23808	0.08114	0.26831	0.02360	0.00243	0.00316	0.06390	0.00370	0.00357
13	0.00591	0.00466	0.00560	0.00552	0.00670	0.00433	0.01908	0.00705	0.00924	0.03403	0.06095	0.17172	0.49620	0.03306	0.04798	0.00186	0.03691	0.04166	0.00377	0.00377
14	0.00735	0.00479	0.00587	0.00583	0.00690	0.00459	0.00423	0.02078	0.05826	0.09164	0.14495	0.30360	0.15686	0.07862	0.05309	0.00201	0.00316	0.00840	0.03491	0.00415
15	0.02198	0.00678	0.00746	0.00651	0.00848	0.03659	0.00504	0.05858	0.13321	0.21842	0.11714	0.04480	0.14587	0.06089	0.00545	0.00150	0.00316	0.00573	0.10716	0.00528
16	0.00770	0.00564	0.00653	0.00615	0.00762	0.00564	0.00463	0.02798	0.19040	0.06331	0.27917	0.14238	0.20105	0.02585	0.00520	0.00149	0.00260	0.00763	0.00433	0.00468
