[name]
unknown

[dist]
# distance from previous block
# <min> <max>
0	58

[block]
# block no. 0 follows, 72 sequences, length 9
# corresponding to MSA columns:
# 58-66
name=unknown_A
#
# <colnr> <probs for GDERKNQSTAVLIFYWHMCP>
#	G	D	E	R	K	N	Q	S	T	A	V	L	I	F	Y	W	H	M	C	P
0	0.00782	0.00565	0.00720	0.00734	0.00866	0.00589	0.00634	0.17701	0.01060	0.01393	0.01782	0.03586	0.01866	0.00926	0.00494	0.00162	0.00363	0.65012	0.00355	0.00410
1	0.00981	0.00872	0.01346	0.24947	0.44771	0.00942	0.01042	0.17947	0.01024	0.01402	0.00743	0.00953	0.00584	0.00373	0.00377	0.00117	0.00459	0.00338	0.00222	0.00561
2	0.00470	0.00374	0.00421	0.00433	0.00531	0.00326	0.00316	0.00577	0.00880	0.01117	0.20311	0.20500	0.50468	0.00968	0.00455	0.00132	0.00195	0.00834	0.00366	0.00326
3	0.03826	0.09033	0.00970	0.00712	0.00955	0.00958	0.00583	0.33692	0.23677	0.01727	0.01637	0.01573	0.17934	0.00560	0.00378	0.00118	0.00334	0.00442	0.00350	0.00544
4	0.00840	0.09405	0.51530	0.01181	0.04971	0.03534	0.16472	0.01191	0.00815	0.01154	0.00672	0.00828	0.00505	0.00365	0.00412	0.00119	0.04994	0.00308	0.00169	0.00535
5	0.00939	0.00901	0.01539	0.02328	0.84306	0.00901	0.01164	0.01164	0.00864	0.01239	0.00713	0.00939	0.00601	0.00338	0.00375	0.00113	0.00451	0.00338	0.00188	0.00601
6	0.00662	0.00486	0.00578	0.00585	0.00675	0.00488	0.00422	0.17497	0.00957	0.01266	0.02015	0.60943	0.09913	0.01016	0.00459	0.00143	0.00258	0.00900	0.00358	0.00378
7	0.00934	0.19628	0.14140	0.02400	0.02692	0.03991	0.22565	0.05558	0.07972	0.04139	0.02311	0.08081	0.00815	0.00449	0.00397	0.00117	0.02666	0.00403	0.00233	0.00508
8	0.00856	0.03158	0.07591	0.07384	0.13335	0.04642	0.27346	0.04081	0.02820	0.03272	0.01039	0.18536	0.00982	0.00533	0.00438	0.00128	0.02620	0.00517	0.00237	0.00484

[dist]
# distance from previous block
# <min> <max>
1	13

[block]
# block no. 1 follows, 72 sequences, length 30
# corresponding to MSA columns:
# 80-109
name=unknown_B
#
# <colnr> <probs for GDERKNQSTAVLIFYWHMCP>
#	G	D	E	R	K	N	Q	S	T	A	V	L	I	F	Y	W	H	M	C	P
0	0.04529	0.10982	0.14114	0.06639	0.02471	0.03523	0.01972	0.17665	0.07135	0.07739	0.00825	0.00889	0.00618	0.00379	0.00335	0.00101	0.00407	0.00294	0.00263	0.19120
1	0.03976	0.06089	0.02315	0.03928	0.25788	0.00742	0.00716	0.02203	0.02376	0.05185	0.01173	0.01270	0.12504	0.00440	0.00392	0.00101	0.04783	0.00362	0.00239	0.25416
2	0.01248	0.00694	0.00842	0.00636	0.00943	0.02628	0.00515	0.01444	0.04641	0.41205	0.01105	0.01054	0.00767	0.00384	0.00335	0.00090	0.00312	0.00309	0.00349	0.40498
3	0.01080	0.00883	0.00935	0.00799	0.01038	0.01007	0.00633	0.24260	0.61153	0.01807	0.01370	0.01276	0.01017	0.00498	0.00384	0.00125	0.00332	0.00405	0.00384	0.00613
4	0.00547	0.00371	0.00428	0.00428	0.00437	0.00374	0.00250	0.00561	0.00567	0.00757	0.01275	0.02448	0.04265	0.77273	0.08209	0.00378	0.00411	0.00549	0.00232	0.00241
5	0.01442	0.01062	0.01138	0.00873	0.01176	0.01176	0.00721	0.83041	0.01783	0.02390	0.00911	0.00911	0.00645	0.00455	0.00379	0.00114	0.00417	0.00341	0.00379	0.00645
6	0.00550	0.00374	0.00444	0.00444	0.00454	0.00384	0.00268	0.00571	0.00560	0.00758	0.01167	0.02328	0.01312	0.73705	0.14806	0.00405	0.00468	0.00529	0.00226	0.00247
7	0.00761	0.01962	0.84707	0.01081	0.01641	0.00881	0.01401	0.01201	0.00801	0.01201	0.00681	0.00801	0.00480	0.00360	0.00360	0.00120	0.00560	0.00280	0.00160	0.00560
8	0.00548	0.00383	0.00491	0.00491	0.00517	0.00410	0.00326	0.00601	0.00574	0.00792	0.01125	0.02092	0.01209	0.53714	0.34656	0.00463	0.00623	0.00494	0.00219	0.00273
9	0.00552	0.00368	0.00414	0.00414	0.00414	0.00368	0.00230	0.00552	0.00552	0.00735	0.01195	0.02482	0.01379	0.86672	0.01930	0.00368	0.00368	0.00552	0.00230	0.00230
10	0.00589	0.00443	0.00554	0.00512	0.00623	0.00426	0.00387	0.00865	0.10068	0.01519	0.72515	0.02615	0.03221	0.00732	0.00435	0.00118	0.00195	0.00644	0.00408	0.03131
11	0.00786	0.00674	0.00786	0.00562	0.00899	0.00506	0.00449	0.00955	0.00786	0.01236	0.00674	0.00786	0.00562	0.00281	0.00281	0.00056	0.00281	0.00225	0.00225	0.88990
12	0.00932	0.00894	0.01527	0.04941	0.81747	0.00899	0.01160	0.01158	0.00860	0.01231	0.00712	0.00941	0.00598	0.00339	0.00376	0.00113	0.00452	0.00338	0.00187	0.00595
13	0.00943	0.00815	0.00858	0.00772	0.00986	0.00943	0.00600	0.02015	0.83621	0.01586	0.01544	0.01415	0.01158	0.00515	0.00386	0.00129	0.00300	0.00429	0.00386	0.00600
14	0.01211	0.02704	0.04155	0.00794	0.01053	0.00958	0.00660	0.45484	0.16015	0.09441	0.01217	0.12455	0.01002	0.00559	0.00391	0.00122	0.00367	0.00454	0.00372	0.00586
15	0.00895	0.01023	0.02238	0.01598	0.01982	0.00959	0.82928	0.01215	0.00895	0.01215	0.00767	0.01023	0.00575	0.00320	0.00448	0.00128	0.00639	0.00448	0.00192	0.00512
16	0.89350	0.00733	0.00557	0.00499	0.00733	0.00851	0.00411	0.01115	0.00645	0.01702	0.00528	0.00616	0.00411	0.00352	0.00235	0.00117	0.00293	0.00205	0.00235	0.00411
17	0.00661	0.00472	0.00581	0.00526	0.00645	0.00457	0.00402	0.10807	0.01132	0.03161	0.63776	0.06442	0.07939	0.00760	0.00439	0.00121	0.00214	0.00663	0.00407	0.00394
18	0.00877	0.00953	0.01920	0.01408	0.01726	0.02488	0.64014	0.04024	0.00878	0.01194	0.00785	0.01060	0.00618	0.00654	0.10868	0.00188	0.05229	0.00429	0.00199	0.00489
19	0.01417	0.01808	0.01075	0.00977	0.01172	0.85149	0.00733	0.01514	0.01075	0.00928	0.00586	0.00684	0.00489	0.00391	0.00342	0.00098	0.00684	0.00244	0.00195	0.00440
20	0.00462	0.00330	0.00440	0.00528	0.00550	0.00308	0.00352	0.00528	0.00726	0.00968	0.02090	0.86424	0.02508	0.01188	0.00484	0.00154	0.00220	0.01078	0.00352	0.00308
21	0.00542	0.00406	0.00610	0.00610	0.00677	0.00474	0.00474	0.00677	0.00610	0.00880	0.01016	0.01490	0.00948	0.02844	0.85169	0.00610	0.01016	0.00406	0.00203	0.00339
22	0.00982	0.71589	0.15212	0.00723	0.01084	0.01395	0.00771	0.02781	0.00796	0.00972	0.00559	0.00645	0.00489	0.00333	0.00265	0.00088	0.00431	0.00218	0.00166	0.00502
23	0.00708	0.00663	0.01114	0.82941	0.02544	0.00825	0.01030	0.00954	0.00757	0.00969	0.00721	0.03836	0.00572	0.00406	0.00383	0.00127	0.00496	0.00362	0.00175	0.00418
24	0.00583	0.00427	0.00572	0.00644	0.00738	0.00416	0.00555	0.00744	0.00872	0.01116	0.02328	0.04168	0.16475	0.01032	0.00511	0.00166	0.00322	0.67638	0.00350	0.00344
25	0.01014	0.86900	0.01987	0.00649	0.00973	0.01501	0.00649	0.01136	0.00771	0.00892	0.00527	0.00608	0.00487	0.00324	0.00243	0.00081	0.00406	0.00203	0.00162	0.00487
26	0.00761	0.00720	0.01218	0.68978	0.19044	0.00854	0.01076	0.01008	0.00780	0.01023	0.00682	0.00997	0.00525	0.00371	0.00378	0.00124	0.00494	0.00337	0.00172	0.00457
27	0.00611	0.00437	0.00611	0.00698	0.00786	0.00437	0.00611	0.00786	0.00873	0.01135	0.02008	0.04278	0.02183	0.01048	0.00524	0.00175	0.00349	0.81753	0.00349	0.00349
28	0.00600	0.00496	0.00674	0.00656	0.00723	0.03773	0.00514	0.00729	0.00625	0.00885	0.00956	0.01403	0.00893	0.02567	0.74849	0.00553	0.08163	0.00394	0.00200	0.00349
29	0.02999	0.18117	0.12064	0.01267	0.11363	0.10950	0.28843	0.01188	0.00861	0.01116	0.00748	0.02854	0.00638	0.00390	0.00387	0.00115	0.01947	0.03460	0.00192	0.00500

[dist]
# distance from previous block
# <min> <max>
0	1

[block]
# block no. 2 follows, 72 sequences, length 15
# corresponding to MSA columns:
# 111-125
name=unknown_C
#
# <colnr> <probs for GDERKNQSTAVLIFYWHMCP>
#	G	D	E	R	K	N	Q	S	T	A	V	L	I	F	Y	W	H	M	C	P
0	0.00893	0.00660	0.00750	0.00684	0.00840	0.00707	0.00520	0.25293	0.18458	0.04133	0.03649	0.38559	0.01652	0.00797	0.00428	0.00135	0.00297	0.00693	0.00373	0.00481
1	0.07791	0.03519	0.01077	0.06180	0.03756	0.34746	0.09475	0.04082	0.00917	0.01089	0.00932	0.18770	0.00927	0.00559	0.00419	0.00120	0.04525	0.00453	0.00233	0.00429
2	0.00786	0.00674	0.00786	0.00562	0.00899	0.00506	0.00449	0.00955	0.00786	0.01236	0.00674	0.00786	0.00562	0.00281	0.00281	0.00056	0.00281	0.00225	0.00225	0.88990
3	0.00735	0.00911	0.13972	0.01078	0.01373	0.00701	0.38228	0.00981	0.00850	0.03308	0.01582	0.16932	0.16411	0.00606	0.00439	0.00131	0.00460	0.00600	0.00253	0.00450
4	0.00552	0.00368	0.00414	0.00414	0.00414	0.00368	0.00230	0.00552	0.00552	0.00735	0.01195	0.02482	0.01379	0.86672	0.01930	0.00368	0.00368	0.00552	0.00230	0.00230
5	0.00458	0.00385	0.00398	0.00395	0.00518	0.00324	0.00296	0.00564	0.00888	0.01081	0.12962	0.03557	0.74997	0.00939	0.00448	0.00127	0.00191	0.00787	0.00360	0.00324
6	0.01032	0.83045	0.01946	0.00664	0.00982	0.05290	0.00653	0.01153	0.00784	0.00894	0.00530	0.00612	0.00487	0.00327	0.00248	0.00082	0.00418	0.00205	0.00164	0.00485
7	0.00467	0.00385	0.00411	0.00404	0.00524	0.00328	0.00303	0.00581	0.00909	0.01131	0.21082	0.03474	0.66846	0.00921	0.00448	0.00126	0.00189	0.00776	0.00366	0.00328
8	0.00943	0.00815	0.00858	0.00772	0.00986	0.00943	0.00600	0.02015	0.83621	0.01586	0.01544	0.01415	0.01158	0.00515	0.00386	0.00129	0.00300	0.00429	0.00386	0.00600
9	0.00659	0.00329	0.00494	0.00494	0.00494	0.00329	0.00329	0.00494	0.00494	0.00659	0.00659	0.01153	0.00659	0.01318	0.01482	0.88966	0.00329	0.00329	0.00165	0.00165
10	0.01417	0.01808	0.01075	0.00977	0.01172	0.85149	0.00733	0.01514	0.01075	0.00928	0.00586	0.00684	0.00489	0.00391	0.00342	0.00098	0.00684	0.00244	0.00195	0.00440
11	0.01702	0.00645	0.00880	0.00675	0.00968	0.00557	0.00557	0.01848	0.01085	0.84568	0.01496	0.01291	0.00939	0.00469	0.00381	0.00117	0.00323	0.00381	0.00469	0.00645
12	0.85277	0.00749	0.00584	0.00516	0.00754	0.00866	0.00425	0.04911	0.00698	0.01733	0.00546	0.00630	0.00422	0.00357	0.00241	0.00117	0.00299	0.00212	0.00241	0.00422
13	0.89350	0.00733	0.00557	0.00499	0.00733	0.00851	0.00411	0.01115	0.00645	0.01702	0.00528	0.00616	0.00411	0.00352	0.00235	0.00117	0.00293	0.00205	0.00235	0.00411
14	0.11953	0.00718	0.01061	0.49469	0.09935	0.00833	0.02689	0.08199	0.00867	0.01245	0.04541	0.01162	0.04944	0.00425	0.00369	0.00123	0.00438	0.00363	0.00218	0.00451

[dist]
# distance from previous block
# <min> <max>
2	36

[block]
# block no. 3 follows, 72 sequences, length 58
# corresponding to MSA columns:
# 162-219
name=unknown_D
#
# <colnr> <probs for GDERKNQSTAVLIFYWHMCP>
#	G	D	E	R	K	N	Q	S	T	A	V	L	I	F	Y	W	H	M	C	P
0	0.01034	0.01063	0.01297	0.01095	0.06153	0.18168	0.20470	0.10025	0.13996	0.01316	0.00949	0.01130	0.02604	0.00438	0.00441	0.00116	0.06078	0.03140	0.00254	0.10234
1	0.00586	0.00473	0.00720	0.03354	0.03420	0.00463	0.08982	0.04318	0.02217	0.01065	0.01762	0.63013	0.02027	0.05035	0.00536	0.00157	0.00297	0.00898	0.00321	0.00358
2	0.01071	0.00878	0.00929	0.00798	0.01035	0.01003	0.00631	0.22758	0.62670	0.01792	0.01382	0.01286	0.01026	0.00499	0.00384	0.00125	0.00330	0.00406	0.00384	0.00612
3	0.01127	0.01168	0.00927	0.00825	0.01037	0.32012	0.00634	0.06046	0.41519	0.01363	0.01105	0.01091	0.00849	0.00452	0.00359	0.00111	0.00442	0.00344	0.04221	0.04365
4	0.00856	0.32607	0.52586	0.00939	0.01410	0.01107	0.03355	0.01178	0.00792	0.01090	0.00628	0.00737	0.00485	0.00346	0.00320	0.00106	0.00507	0.00257	0.00162	0.00533
5	0.00521	0.00387	0.00499	0.00566	0.00640	0.00365	0.00446	0.00640	0.00820	0.01051	0.02459	0.32958	0.21155	0.01077	0.00492	0.00157	0.00268	0.34821	0.00351	0.00328
6	0.00519	0.00387	0.00482	0.00458	0.00556	0.00350	0.00344	0.00681	0.01031	0.01420	0.67770	0.02999	0.19977	0.00813	0.00447	0.00121	0.00182	0.00709	0.00404	0.00350
7	0.01148	0.08154	0.07220	0.00830	0.01074	0.05895	0.05379	0.18454	0.01031	0.19991	0.00948	0.01076	0.00724	0.02367	0.15391	0.00209	0.08950	0.00349	0.00289	0.00522
8	0.00943	0.00826	0.00853	0.00768	0.00979	0.02840	0.00597	0.01968	0.79493	0.01570	0.03775	0.01437	0.01209	0.00519	0.00387	0.00128	0.00306	0.00432	0.00382	0.00590
9	0.01469	0.00792	0.00941	0.00744	0.01023	0.00804	0.00608	0.25322	0.16561	0.44030	0.01331	0.01206	0.00895	0.00473	0.00380	0.00118	0.00343	0.00378	0.01950	0.00632
10	0.00923	0.01025	0.02181	0.01561	0.01941	0.00970	0.78710	0.05414	0.00941	0.01275	0.00775	0.01017	0.00579	0.00327	0.00444	0.00127	0.00628	0.00442	0.00201	0.00518
11	0.07852	0.01028	0.01149	0.00899	0.01185	0.05052	0.08292	0.54127	0.11940	0.02040	0.00950	0.02120	0.00704	0.00450	0.00375	0.00117	0.00424	0.00358	0.00343	0.00595
12	0.00890	0.00586	0.00696	0.00631	0.00783	0.00549	0.00474	0.01146	0.13004	0.13507	0.49588	0.02643	0.12202	0.00795	0.00485	0.00145	0.00268	0.00655	0.00454	0.00500
13	0.00465	0.00337	0.00443	0.00522	0.00553	0.00316	0.00353	0.00536	0.00731	0.00968	0.02167	0.76935	0.08168	0.01244	0.04153	0.00172	0.00253	0.01030	0.00346	0.00310
14	0.81190	0.00808	0.00642	0.00563	0.00800	0.06016	0.03020	0.01142	0.00680	0.01639	0.00539	0.00633	0.00421	0.00353	0.00248	0.00116	0.00328	0.00215	0.00231	0.00416
15	0.00466	0.00333	0.00443	0.00526	0.00551	0.00310	0.00352	0.00537	0.00742	0.00994	0.05960	0.82480	0.02559	0.01169	0.00482	0.00152	0.00218	0.01060	0.00355	0.00310
16	0.00802	0.15787	0.71243	0.01011	0.01533	0.00982	0.01279	0.01190	0.00796	0.01151	0.00656	0.00769	0.00481	0.00354	0.00341	0.00114	0.00535	0.00268	0.00160	0.00548
17	0.00996	0.00841	0.00887	0.00782	0.01006	0.00968	0.00613	0.10571	0.74979	0.01671	0.01477	0.01362	0.01104	0.00508	0.00385	0.00127	0.00313	0.00420	0.00385	0.00605
18	0.00707	0.00353	0.00353	0.00353	0.00442	0.00353	0.00265	0.00884	0.00795	0.01414	0.01237	0.01414	0.00972	0.00442	0.00265	0.00088	0.00177	0.00353	0.88777	0.00353
19	0.00608	0.00434	0.00607	0.00695	0.00781	0.00434	0.00606	0.00780	0.00870	0.01131	0.02010	0.06055	0.02190	0.01051	0.00523	0.00174	0.00346	0.80008	0.00349	0.00348
20	0.00830	0.00830	0.01162	0.00996	0.00996	0.01162	0.00830	0.00913	0.00581	0.00913	0.00498	0.00830	0.00498	0.00664	0.01245	0.00166	0.85977	0.00332	0.00166	0.00415
21	0.00476	0.00340	0.00456	0.00544	0.00572	0.00320	0.00376	0.00552	0.00740	0.00984	0.02083	0.78816	0.02478	0.01175	0.00488	0.00156	0.00232	0.08550	0.00352	0.00312
22	0.00943	0.00815	0.00858	0.00772	0.00986	0.00943	0.00600	0.02015	0.83621	0.01586	0.01544	0.01415	0.01158	0.00515	0.00386	0.00129	0.00300	0.00429	0.00386	0.00600
23	0.00707	0.00353	0.00353	0.00353	0.00442	0.00353	0.00265	0.00884	0.00795	0.01414	0.01237	0.01414	0.00972	0.00442	0.00265	0.00088	0.00177	0.00353	0.88777	0.00353
24	0.00943	0.00815	0.00858	0.00772	0.00986	0.00943	0.00600	0.02015	0.83621	0.01586	0.01544	0.01415	0.01158	0.00515	0.00386	0.00129	0.00300	0.00429	0.00386	0.00600
25	0.11203	0.01638	0.01020	0.04599	0.01186	0.72083	0.00711	0.01446	0.01013	0.01016	0.00584	0.00691	0.00481	0.00386	0.00332	0.00101	0.00633	0.00244	0.00199	0.00436
26	0.00611	0.00437	0.00611	0.00698	0.00786	0.00437	0.00611	0.00786	0.00873	0.01135	0.02008	0.04278	0.02183	0.01048	0.00524	0.00175	0.00349	0.81753	0.00349	0.00349
27	0.00925	0.04244	0.02053	0.00904	0.13215	0.00742	0.01504	0.10676	0.10465	0.02452	0.00813	0.00898	0.00647	0.00342	0.00321	0.00083	0.00337	0.00283	0.00255	0.48843
28	0.00617	0.00451	0.00587	0.02516	0.06037	0.00428	0.00436	0.00811	0.04609	0.04923	0.40244	0.11913	0.18223	0.00793	0.00437	0.00126	0.00228	0.03230	0.03006	0.00385
29	0.01024	0.06776	0.36110	0.01173	0.11031	0.00986	0.09089	0.20891	0.02504	0.05653	0.00794	0.00888	0.00578	0.00382	0.00369	0.00116	0.00495	0.00321	0.00239	0.00581
30	0.00599	0.02527	0.11638	0.00782	0.04480	0.00526	0.07825	0.00778	0.02236	0.01101	0.10301	0.43966	0.03808	0.02065	0.01552	0.00149	0.01414	0.03561	0.00303	0.00388
31	0.00466	0.00385	0.00409	0.00403	0.00523	0.00328	0.00302	0.00578	0.00906	0.01123	0.19788	0.03488	0.68144	0.00924	0.00448	0.00126	0.00189	0.00778	0.00365	0.00328
32	0.00998	0.81425	0.07319	0.00677	0.01016	0.01461	0.00697	0.01140	0.00773	0.00912	0.00537	0.00621	0.00486	0.00327	0.00251	0.00084	0.00416	0.00208	0.00162	0.00491
33	0.00978	0.20021	0.32548	0.01050	0.05385	0.13714	0.08833	0.04752	0.07091	0.01176	0.00717	0.00820	0.00556	0.00368	0.00344	0.00109	0.00522	0.00291	0.00196	0.00530
34	0.01702	0.00645	0.00880	0.00675	0.00968	0.00557	0.00557	0.01848	0.01085	0.84568	0.01496	0.01291	0.00939	0.00469	0.00381	0.00117	0.00323	0.00381	0.00469	0.00645
35	0.00462	0.00330	0.00440	0.00528	0.00550	0.00308	0.00352	0.00528	0.00726	0.00968	0.02090	0.86424	0.02508	0.01188	0.00484	0.00154	0.00220	0.01078	0.00352	0.00308
36	0.00899	0.09713	0.24554	0.05411	0.26531	0.00943	0.13684	0.02025	0.02163	0.04449	0.00770	0.03235	0.00619	0.00384	0.00398	0.00118	0.03013	0.00349	0.00197	0.00545
37	0.01057	0.08551	0.08054	0.06097	0.37812	0.07024	0.04330	0.14401	0.01013	0.04958	0.00758	0.00911	0.00597	0.00425	0.02290	0.00122	0.00485	0.00323	0.00226	0.00566
38	0.01702	0.00645	0.00880	0.00675	0.00968	0.00557	0.00557	0.01848	0.01085	0.84568	0.01496	0.01291	0.00939	0.00469	0.00381	0.00117	0.00323	0.00381	0.00469	0.00645
39	0.00569	0.00438	0.00640	0.02716	0.01775	0.00514	0.00485	0.00687	0.00607	0.00870	0.00998	0.01565	0.00964	0.13797	0.66074	0.00534	0.05810	0.00419	0.00204	0.00334
40	0.00962	0.20416	0.24136	0.02037	0.18496	0.10824	0.02890	0.03418	0.00875	0.03597	0.02461	0.04054	0.01541	0.00409	0.00365	0.00110	0.02362	0.00324	0.00201	0.00521
41	0.03213	0.00979	0.01073	0.00825	0.01122	0.01060	0.00681	0.67535	0.01636	0.14823	0.00998	0.00972	0.00691	0.00455	0.00375	0.00114	0.00396	0.00345	0.02073	0.00635
42	0.85202	0.00784	0.00582	0.00521	0.00754	0.04828	0.00426	0.01134	0.00666	0.01665	0.00531	0.00619	0.00414	0.00354	0.00240	0.00116	0.00312	0.00207	0.00233	0.00412
43	0.00707	0.00353	0.00353	0.00353	0.00442	0.00353	0.00265	0.00884	0.00795	0.01414	0.01237	0.01414	0.00972	0.00442	0.00265	0.00088	0.00177	0.00353	0.88777	0.00353
44	0.00899	0.01156	0.11623	0.01484	0.01861	0.04610	0.66113	0.01212	0.00877	0.01187	0.00737	0.00974	0.00557	0.00344	0.00471	0.00127	0.04658	0.00414	0.00187	0.00509
45	0.01417	0.01808	0.01075	0.00977	0.01172	0.85149	0.00733	0.01514	0.01075	0.00928	0.00586	0.00684	0.00489	0.00391	0.00342	0.00098	0.00684	0.00244	0.00195	0.00440
46	0.00449	0.00383	0.00386	0.00388	0.00513	0.00320	0.00290	0.00544	0.00861	0.01023	0.03801	0.05595	0.82234	0.00966	0.00449	0.00129	0.00193	0.00807	0.00352	0.00320
47	0.00462	0.00330	0.00440	0.00528	0.00550	0.00308	0.00352	0.00528	0.00726	0.00968	0.02090	0.86424	0.02508	0.01188	0.00484	0.00154	0.00220	0.01078	0.00352	0.00308
48	0.01702	0.00645	0.00880	0.00675	0.00968	0.00557	0.00557	0.01848	0.01085	0.84568	0.01496	0.01291	0.00939	0.00469	0.00381	0.00117	0.00323	0.00381	0.00469	0.00645
49	0.00462	0.00330	0.00440	0.00528	0.00550	0.00308	0.00352	0.00528	0.00726	0.00968	0.02090	0.86424	0.02508	0.01188	0.00484	0.00154	0.00220	0.01078	0.00352	0.00308
50	0.00716	0.00674	0.01138	0.85760	0.02612	0.00843	0.01053	0.00969	0.00758	0.00969	0.00674	0.01011	0.00506	0.00379	0.00379	0.00126	0.00506	0.00337	0.00169	0.00421
51	0.89350	0.00733	0.00557	0.00499	0.00733	0.00851	0.00411	0.01115	0.00645	0.01702	0.00528	0.00616	0.00411	0.00352	0.00235	0.00117	0.00293	0.00205	0.00235	0.00411
52	0.01014	0.86900	0.01987	0.00649	0.00973	0.01501	0.00649	0.01136	0.00771	0.00892	0.00527	0.00608	0.00487	0.00324	0.00243	0.00081	0.00406	0.00203	0.00162	0.00487
53	0.00853	0.00682	0.00825	0.00646	0.04519	0.00526	0.00487	0.01023	0.00809	0.06698	0.00730	0.00826	0.00588	0.00296	0.00292	0.00063	0.00291	0.00240	0.00239	0.79367
54	0.00786	0.00674	0.00786	0.00562	0.00899	0.00506	0.00449	0.00955	0.00786	0.01236	0.00674	0.00786	0.00562	0.00281	0.00281	0.00056	0.00281	0.00225	0.00225	0.88990
55	0.00620	0.04231	0.00710	0.17388	0.01025	0.00557	0.00529	0.05268	0.02761	0.01140	0.13746	0.31353	0.14054	0.02457	0.00478	0.00138	0.02145	0.00714	0.00313	0.00373
56	0.03107	0.33436	0.14400	0.00828	0.01141	0.15750	0.04871	0.03874	0.10102	0.02952	0.05559	0.00915	0.00757	0.00396	0.00324	0.00103	0.00461	0.00296	0.00224	0.00503
57	0.37966	0.05070	0.02734	0.00663	0.00910	0.05999	0.01622	0.12613	0.12675	0.06174	0.07357	0.00998	0.00843	0.00428	0.00315	0.00114	0.00344	0.00311	0.00295	0.02570

[dist]
# distance from previous block
# <min> <max>
1	27

[block]
# block no. 4 follows, 72 sequences, length 40
# corresponding to MSA columns:
# 247-286
name=unknown_E
#
# <colnr> <probs for GDERKNQSTAVLIFYWHMCP>
#	G	D	E	R	K	N	Q	S	T	A	V	L	I	F	Y	W	H	M	C	P
0	0.00929	0.06219	0.31921	0.00863	0.03074	0.00743	0.04847	0.02657	0.00870	0.13554	0.05055	0.01008	0.00754	0.01929	0.00373	0.00105	0.00418	0.00312	0.00244	0.24124
1	0.03698	0.04533	0.00830	0.00685	0.04053	0.00767	0.00526	0.30887	0.03744	0.03606	0.16413	0.01456	0.03456	0.00509	0.00354	0.00107	0.00299	0.00410	0.21204	0.02462
2	0.00914	0.03345	0.36061	0.01018	0.08042	0.02417	0.00979	0.03334	0.31045	0.05436	0.01108	0.01119	0.02624	0.00435	0.00371	0.00121	0.00432	0.00354	0.00270	0.00575
3	0.70855	0.03403	0.00689	0.03214	0.00850	0.04376	0.01980	0.02301	0.02535	0.01578	0.00592	0.00705	0.00470	0.00485	0.04576	0.00141	0.00365	0.00233	0.00232	0.00420
4	0.41478	0.24720	0.02998	0.00615	0.02336	0.00992	0.00533	0.01109	0.03276	0.01365	0.02474	0.00769	0.00579	0.00377	0.00310	0.00105	0.04845	0.00244	0.05927	0.04949
5	0.00552	0.00368	0.00414	0.00414	0.00414	0.00368	0.00230	0.00552	0.00552	0.00735	0.01195	0.02482	0.01379	0.86672	0.01930	0.00368	0.00368	0.00552	0.00230	0.00230
6	0.00970	0.00864	0.01343	0.23146	0.33206	0.04043	0.08306	0.05905	0.05976	0.07240	0.00831	0.02044	0.00651	0.00397	0.00414	0.00121	0.03416	0.00362	0.00228	0.00537
7	0.00554	0.00425	0.00633	0.00626	0.00691	0.00504	0.00490	0.00687	0.00608	0.00882	0.00993	0.01461	0.00929	0.02750	0.81522	0.00590	0.04707	0.00403	0.00202	0.00342
8	0.01694	0.00658	0.00888	0.00681	0.00975	0.00577	0.00562	0.04358	0.01107	0.82028	0.01478	0.01279	0.00930	0.00469	0.00381	0.00117	0.00326	0.00380	0.00467	0.00645
9	0.00911	0.00861	0.01436	0.04057	0.73894	0.00866	0.01086	0.02487	0.02240	0.01258	0.03397	0.01110	0.03935	0.00381	0.00381	0.00114	0.00430	0.00368	0.00207	0.00579
10	0.01014	0.86900	0.01987	0.00649	0.00973	0.01501	0.00649	0.01136	0.00771	0.00892	0.00527	0.00608	0.00487	0.00324	0.00243	0.00081	0.00406	0.00203	0.00162	0.00487
11	0.00462	0.00330	0.00440	0.00528	0.00550	0.00308	0.00352	0.00528	0.00726	0.00968	0.02090	0.86424	0.02508	0.01188	0.00484	0.00154	0.00220	0.01078	0.00352	0.00308
12	0.00491	0.00386	0.00444	0.00430	0.00539	0.00339	0.00322	0.00628	0.00966	0.01267	0.42999	0.03251	0.44844	0.00870	0.00448	0.00124	0.00186	0.00745	0.00384	0.00339
13	0.02955	0.00831	0.03235	0.16864	0.41062	0.01688	0.03255	0.06093	0.00919	0.11632	0.01891	0.05293	0.00755	0.00419	0.00380	0.00118	0.00431	0.00383	0.01246	0.00547
14	0.00603	0.00497	0.00728	0.00692	0.00745	0.00621	0.00550	0.00728	0.00603	0.00887	0.00905	0.01349	0.00852	0.02377	0.67193	0.00515	0.19213	0.00390	0.00195	0.00355
15	0.00448	0.00384	0.00384	0.00384	0.00512	0.00320	0.00288	0.00544	0.00864	0.01025	0.03842	0.03650	0.84152	0.00960	0.00448	0.00128	0.00192	0.00800	0.00352	0.00320
16	0.00766	0.00727	0.01218	0.64728	0.18536	0.00872	0.01063	0.01004	0.00769	0.01019	0.00672	0.00987	0.00524	0.00387	0.00426	0.00126	0.05212	0.00337	0.00172	0.00456
17	0.01032	0.05642	0.20742	0.02235	0.23502	0.05911	0.03508	0.10279	0.05223	0.10313	0.02439	0.04767	0.00772	0.00429	0.00372	0.00116	0.00451	0.00364	0.01343	0.00560
18	0.00933	0.00951	0.02972	0.13443	0.58417	0.06533	0.04281	0.01181	0.03188	0.01181	0.00719	0.00943	0.00590	0.00360	0.00399	0.00116	0.02710	0.00337	0.00190	0.00557
19	0.00542	0.00404	0.00597	0.00597	0.00660	0.00467	0.00458	0.00669	0.00606	0.00871	0.01027	0.01554	0.00976	0.08257	0.79794	0.00594	0.00974	0.00416	0.00205	0.00332
20	0.84860	0.03517	0.02180	0.00514	0.00758	0.00872	0.00437	0.01117	0.00652	0.01666	0.00531	0.00619	0.00414	0.00351	0.00237	0.00116	0.00302	0.00207	0.00231	0.00416
21	0.01066	0.73008	0.03542	0.00705	0.01015	0.13443	0.00676	0.01191	0.00815	0.00904	0.00539	0.00623	0.00487	0.00335	0.00260	0.00084	0.00449	0.00210	0.00167	0.00481
22	0.00769	0.00740	0.01045	0.00914	0.00928	0.01016	0.00754	0.00863	0.00587	0.00906	0.00608	0.00970	0.00593	0.01125	0.19012	0.00260	0.67990	0.00348	0.00174	0.00399
23	0.00552	0.00368	0.00414	0.00414	0.00414	0.00368	0.00230	0.00552	0.00552	0.00735	0.01195	0.02482	0.01379	0.86672	0.01930	0.00368	0.00368	0.00552	0.00230	0.00230
24	0.01102	0.43823	0.01396	0.00695	0.00939	0.25893	0.00603	0.01227	0.00875	0.03780	0.00701	0.00794	0.00587	0.00369	0.00281	0.00088	0.00445	0.00247	0.15699	0.00455
25	0.00451	0.00384	0.00389	0.00388	0.00514	0.00322	0.00291	0.00551	0.00872	0.01043	0.06785	0.03620	0.81197	0.00954	0.00448	0.00128	0.00192	0.00796	0.00355	0.00322
26	0.89350	0.00733	0.00557	0.00499	0.00733	0.00851	0.00411	0.01115	0.00645	0.01702	0.00528	0.00616	0.00411	0.00352	0.00235	0.00117	0.00293	0.00205	0.00235	0.00411
27	0.00530	0.00387	0.00498	0.00470	0.00563	0.00355	0.00353	0.00703	0.01059	0.01485	0.78349	0.02892	0.09357	0.00789	0.00447	0.00120	0.00180	0.00694	0.00413	0.00355
28	0.01702	0.00645	0.00880	0.00675	0.00968	0.00557	0.00557	0.01848	0.01085	0.84568	0.01496	0.01291	0.00939	0.00469	0.00381	0.00117	0.00323	0.00381	0.00469	0.00645
29	0.46487	0.00690	0.00715	0.00585	0.00848	0.00707	0.00482	0.01474	0.00861	0.42227	0.01002	0.00946	0.00669	0.00409	0.00306	0.00117	0.00308	0.00291	0.00349	0.00526
30	0.00551	0.00420	0.00627	0.00622	0.00687	0.00495	0.00485	0.00685	0.00609	0.00881	0.01000	0.01469	0.00934	0.02777	0.82556	0.00596	0.03660	0.00404	0.00202	0.00341
31	0.00786	0.00674	0.00786	0.00562	0.00899	0.00506	0.00449	0.00955	0.00786	0.01236	0.00674	0.00786	0.00562	0.00281	0.00281	0.00056	0.00281	0.00225	0.00225	0.88990
32	0.00761	0.01962	0.84707	0.01081	0.01641	0.00881	0.01401	0.01201	0.00801	0.01201	0.00681	0.00801	0.00480	0.00360	0.00360	0.00120	0.00560	0.00280	0.00160	0.00560
33	0.83276	0.00742	0.00570	0.01778	0.00761	0.02559	0.00422	0.01113	0.00661	0.01665	0.00555	0.00650	0.00432	0.00356	0.00240	0.00116	0.00301	0.00213	0.03181	0.00410
34	0.00830	0.02496	0.01187	0.00990	0.01018	0.01133	0.03579	0.00955	0.03213	0.00943	0.00557	0.00871	0.00535	0.00709	0.03783	0.00176	0.76090	0.00339	0.00175	0.00423
35	0.00828	0.06672	0.08253	0.00617	0.00971	0.00608	0.00550	0.01017	0.00796	0.03785	0.00690	0.00791	0.00561	0.00297	0.00288	0.00065	0.00315	0.00233	0.00222	0.72440
36	0.00769	0.04661	0.82078	0.01067	0.01620	0.00900	0.01377	0.01199	0.00800	0.01191	0.00676	0.00795	0.00481	0.00359	0.00357	0.00119	0.00556	0.00278	0.00160	0.00558
37	0.00832	0.06804	0.62127	0.00994	0.01463	0.04136	0.03683	0.01222	0.03433	0.04072	0.00796	0.03704	0.00609	0.00398	0.00357	0.00117	0.00515	0.00317	0.03883	0.00537
38	0.04979	0.10284	0.22346	0.00974	0.10486	0.01895	0.01838	0.10110	0.06440	0.05086	0.02501	0.00966	0.00686	0.00389	0.00349	0.00104	0.01375	0.01794	0.00241	0.17156
39	0.06189	0.51799	0.02593	0.00703	0.00991	0.14215	0.00640	0.05593	0.01909	0.08083	0.00688	0.01676	0.00572	0.00371	0.00283	0.00093	0.00429	0.00249	0.02431	0.00494

[dist]
# distance from previous block
# <min> <max>
0	37

[block]
# block no. 5 follows, 72 sequences, length 37
# corresponding to MSA columns:
# 324-360
name=unknown_F
#
# <colnr> <probs for GDERKNQSTAVLIFYWHMCP>
#	G	D	E	R	K	N	Q	S	T	A	V	L	I	F	Y	W	H	M	C	P
0	0.02334	0.28206	0.13162	0.03395	0.04068	0.00985	0.07106	0.06746	0.02542	0.06520	0.03709	0.04800	0.02739	0.00458	0.00358	0.00108	0.01633	0.04330	0.00240	0.06563
1	0.00841	0.01928	0.04350	0.05747	0.36589	0.05257	0.06900	0.03357	0.02838	0.02357	0.05361	0.18337	0.02479	0.00563	0.00406	0.00124	0.00411	0.01409	0.00249	0.00497
2	0.00715	0.03907	0.00675	0.00640	0.00745	0.10902	0.00467	0.01029	0.20482	0.01120	0.03307	0.48154	0.04596	0.00882	0.00432	0.00137	0.00301	0.00772	0.00335	0.00402
3	0.00475	0.00362	0.00437	0.00487	0.00552	0.00330	0.00343	0.00574	0.02118	0.01022	0.06026	0.50410	0.29264	0.02247	0.00490	0.00147	0.00217	0.03824	0.00354	0.00319
4	0.06411	0.13274	0.14674	0.03530	0.14144	0.03294	0.17857	0.05447	0.02380	0.02270	0.02918	0.05762	0.00739	0.00422	0.00403	0.00117	0.04028	0.00373	0.00215	0.01741
5	0.00593	0.00481	0.00658	0.00635	0.00690	0.02126	0.00489	0.00703	0.00615	0.00872	0.01050	0.01577	0.03454	0.12669	0.60253	0.00500	0.11672	0.00423	0.00206	0.00336
6	0.00462	0.00330	0.00440	0.00528	0.00550	0.00308	0.00352	0.00528	0.00726	0.00968	0.02090	0.86424	0.02508	0.01188	0.00484	0.00154	0.00220	0.01078	0.00352	0.00308
7	0.00920	0.00879	0.01498	0.04676	0.79275	0.00886	0.01139	0.01143	0.00852	0.01220	0.00722	0.00958	0.00609	0.00419	0.03090	0.00129	0.00470	0.00340	0.00188	0.00587
8	0.00775	0.04472	0.64984	0.01114	0.01618	0.00886	0.14106	0.01169	0.00818	0.01185	0.00844	0.00969	0.04592	0.00382	0.00375	0.00120	0.00550	0.00329	0.00175	0.00539
9	0.00939	0.00901	0.01539	0.02328	0.84306	0.00901	0.01164	0.01164	0.00864	0.01239	0.00713	0.00939	0.00601	0.00338	0.00375	0.00113	0.00451	0.00338	0.00188	0.00601
10	0.00645	0.00514	0.00804	0.00665	0.00822	0.00481	0.16195	0.00849	0.02249	0.02706	0.35175	0.02308	0.16661	0.00691	0.01957	0.00126	0.00289	0.00588	0.15888	0.00388
11	0.01006	0.84181	0.04636	0.00663	0.00995	0.01481	0.00673	0.01138	0.00772	0.00902	0.00532	0.00615	0.00486	0.00326	0.00247	0.00082	0.00411	0.00205	0.00162	0.00489
12	0.01328	0.00690	0.08384	0.00647	0.00907	0.00531	0.00570	0.01503	0.01001	0.55192	0.07833	0.06274	0.01196	0.00521	0.00376	0.00116	0.00309	0.00432	0.11630	0.00559
13	0.89350	0.00733	0.00557	0.00499	0.00733	0.00851	0.00411	0.01115	0.00645	0.01702	0.00528	0.00616	0.00411	0.00352	0.00235	0.00117	0.00293	0.00205	0.00235	0.00411
14	0.20212	0.00664	0.00812	0.00638	0.00919	0.00619	0.00526	0.01693	0.00993	0.67068	0.01292	0.01148	0.00827	0.00445	0.00350	0.00117	0.00317	0.00344	0.00420	0.00596
15	0.01128	0.54688	0.01630	0.00747	0.01033	0.18962	0.00668	0.08052	0.07930	0.01082	0.00657	0.00717	0.00557	0.00365	0.00287	0.00091	0.00456	0.00242	0.00206	0.00500
16	0.00549	0.00367	0.00414	0.00417	0.00418	0.00366	0.00233	0.00551	0.00557	0.00742	0.01221	0.04969	0.01412	0.84139	0.01887	0.00361	0.00363	0.00567	0.00233	0.00232
17	0.00472	0.00389	0.00418	0.00425	0.00544	0.00335	0.00327	0.00582	0.00881	0.01076	0.10343	0.04997	0.67974	0.00957	0.00456	0.00132	0.00207	0.08802	0.00357	0.00326
18	0.00474	0.00385	0.00417	0.00409	0.00525	0.00331	0.00305	0.00590	0.00914	0.01150	0.25091	0.03409	0.61085	0.02653	0.00478	0.00131	0.00192	0.00765	0.00367	0.00328
19	0.00943	0.00815	0.00858	0.00772	0.00986	0.00943	0.00600	0.02015	0.83621	0.01586	0.01544	0.01415	0.01158	0.00515	0.00386	0.00129	0.00300	0.00429	0.00386	0.00600
20	0.00895	0.01023	0.02238	0.01598	0.01982	0.00959	0.82928	0.01215	0.00895	0.01215	0.00767	0.01023	0.00575	0.00320	0.00448	0.00128	0.00639	0.00448	0.00192	0.00512
21	0.00601	0.00429	0.00599	0.00687	0.00769	0.00428	0.00593	0.00768	0.00863	0.01123	0.02014	0.09954	0.02205	0.01057	0.00521	0.00173	0.00340	0.76178	0.00349	0.00346
22	0.00608	0.00381	0.00436	0.00426	0.00441	0.00377	0.00246	0.00615	0.00578	0.04840	0.01210	0.02424	0.01357	0.82451	0.01854	0.00355	0.00365	0.00543	0.00242	0.00250
23	0.00542	0.00406	0.00610	0.00610	0.00677	0.00474	0.00474	0.00677	0.00610	0.00880	0.01016	0.01490	0.00948	0.02844	0.85169	0.00610	0.01016	0.00406	0.00203	0.00339
24	0.01048	0.79608	0.01909	0.00677	0.00990	0.08669	0.00656	0.01168	0.00797	0.00895	0.00532	0.00615	0.00487	0.00330	0.00252	0.00083	0.00429	0.00206	0.00165	0.00483
25	0.02404	0.00530	0.00676	0.00575	0.00750	0.00498	0.00453	0.04745	0.05564	0.28673	0.47715	0.02134	0.02407	0.00641	0.00416	0.00119	0.00245	0.00550	0.00428	0.00478
26	0.03545	0.69068	0.12793	0.00718	0.01064	0.05496	0.00745	0.01162	0.00786	0.00958	0.00550	0.00638	0.00484	0.00333	0.00263	0.00088	0.00436	0.00215	0.00166	0.00492
27	0.00988	0.01141	0.00933	0.06018	0.07773	0.40684	0.03139	0.01107	0.00933	0.00988	0.01439	0.13185	0.16859	0.00610	0.00412	0.00117	0.02530	0.00488	0.00244	0.00412
28	0.00552	0.00368	0.00414	0.00414	0.00414	0.00368	0.00230	0.00552	0.00552	0.00735	0.01195	0.02482	0.01379	0.86672	0.01930	0.00368	0.00368	0.00552	0.00230	0.00230
29	0.00455	0.00376	0.00400	0.00413	0.00521	0.00320	0.00302	0.00551	0.00853	0.01042	0.07855	0.17163	0.66464	0.00988	0.00454	0.00132	0.00196	0.00840	0.00356	0.00320
30	0.02480	0.19326	0.20080	0.02389	0.07529	0.12694	0.05505	0.06815	0.07237	0.10120	0.00826	0.01956	0.00634	0.00393	0.00345	0.00109	0.00477	0.00309	0.00238	0.00538
31	0.00659	0.00329	0.00494	0.00494	0.00494	0.00329	0.00329	0.00494	0.00494	0.00659	0.00659	0.01153	0.00659	0.01318	0.01482	0.88966	0.00329	0.00329	0.00165	0.00165
32	0.00709	0.00365	0.00385	0.00377	0.00470	0.00359	0.00284	0.00886	0.00837	0.03412	0.11612	0.01589	0.01297	0.00484	0.00291	0.00093	0.00180	0.00396	0.75613	0.00361
33	0.02102	0.08636	0.06846	0.16393	0.14878	0.02879	0.09251	0.11666	0.02230	0.13520	0.00824	0.00959	0.00614	0.00407	0.00437	0.00119	0.07113	0.00337	0.00248	0.00538
34	0.00912	0.06312	0.08919	0.08541	0.44915	0.03460	0.12440	0.01154	0.00860	0.03123	0.02665	0.03529	0.00702	0.00380	0.00380	0.00116	0.00479	0.00368	0.00200	0.00545
35	0.00552	0.00367	0.00449	0.00453	0.00531	0.00343	0.00331	0.00701	0.00921	0.01341	0.41922	0.20526	0.08711	0.00803	0.00414	0.00120	0.00188	0.00704	0.20277	0.00343
36	0.00729	0.00693	0.01137	0.81160	0.04426	0.02150	0.01041	0.00977	0.00763	0.00973	0.00679	0.01012	0.00515	0.00418	0.01746	0.00133	0.00515	0.00337	0.00170	0.00424

[dist]
# distance from previous block
# <min> <max>
4	6

[block]
# block no. 6 follows, 72 sequences, length 65
# corresponding to MSA columns:
# 368-432
name=unknown_G
#
# <colnr> <probs for GDERKNQSTAVLIFYWHMCP>
#	G	D	E	R	K	N	Q	S	T	A	V	L	I	F	Y	W	H	M	C	P
0	0.01059	0.19838	0.10591	0.00833	0.01109	0.14386	0.01719	0.12779	0.24844	0.01344	0.00927	0.00971	0.00726	0.00546	0.04597	0.00135	0.02480	0.00319	0.00264	0.00533
1	0.00502	0.00385	0.00461	0.00452	0.00553	0.00344	0.00340	0.00644	0.00970	0.01292	0.46840	0.07483	0.33909	0.00876	0.00452	0.00126	0.00192	0.03453	0.00387	0.00341
2	0.00790	0.00688	0.00819	0.00600	0.00907	0.00563	0.00483	0.00951	0.00768	0.01207	0.00659	0.00790	0.00556	0.00315	0.00366	0.00066	0.07826	0.00234	0.00220	0.81191
3	0.00449	0.00383	0.00385	0.00387	0.00513	0.00320	0.00290	0.00544	0.00861	0.01023	0.03802	0.05534	0.82294	0.00966	0.00449	0.00129	0.00193	0.00807	0.00352	0.00320
4	0.00452	0.00384	0.00387	0.00387	0.00511	0.00322	0.00288	0.00548	0.00861	0.01028	0.05450	0.03605	0.80532	0.02969	0.00483	0.00134	0.00196	0.00792	0.00351	0.00319
5	0.00786	0.00674	0.00786	0.00562	0.00899	0.00506	0.00449	0.00955	0.00786	0.01236	0.00674	0.00786	0.00562	0.00281	0.00281	0.00056	0.00281	0.00225	0.00225	0.88990
6	0.89350	0.00733	0.00557	0.00499	0.00733	0.00851	0.00411	0.01115	0.00645	0.01702	0.00528	0.00616	0.00411	0.00352	0.00235	0.00117	0.00293	0.00205	0.00235	0.00411
7	0.00450	0.00384	0.00387	0.00386	0.00513	0.00321	0.00290	0.00548	0.00869	0.01034	0.05413	0.03634	0.82575	0.00957	0.00448	0.00128	0.00192	0.00798	0.00353	0.00321
8	0.00611	0.00437	0.00611	0.00698	0.00786	0.00437	0.00611	0.00786	0.00873	0.01135	0.02008	0.04278	0.02183	0.01048	0.00524	0.00175	0.00349	0.81753	0.00349	0.00349
9	0.00786	0.00674	0.00786	0.00562	0.00899	0.00506	0.00449	0.00955	0.00786	0.01236	0.00674	0.00786	0.00562	0.00281	0.00281	0.00056	0.00281	0.00225	0.00225	0.88990
10	0.00448	0.00384	0.00384	0.00384	0.00512	0.00320	0.00288	0.00544	0.00864	0.01025	0.03842	0.03650	0.84152	0.00960	0.00448	0.00128	0.00192	0.00800	0.00352	0.00320
11	0.01213	0.00937	0.01001	0.00821	0.01082	0.01054	0.00661	0.43255	0.40191	0.03779	0.01220	0.01156	0.00892	0.00483	0.00382	0.00121	0.00360	0.00383	0.00384	0.00624
12	0.04744	0.00945	0.00932	0.00801	0.01038	0.06989	0.00633	0.22620	0.53447	0.01749	0.01272	0.01201	0.00948	0.00484	0.00375	0.00122	0.00357	0.00384	0.00364	0.00592
13	0.00551	0.00408	0.00607	0.00605	0.00666	0.00475	0.00466	0.00669	0.00603	0.00867	0.00999	0.01496	0.00942	0.05291	0.77919	0.04251	0.02245	0.00406	0.00202	0.00329
14	0.03620	0.11325	0.01052	0.00710	0.01002	0.05391	0.00595	0.13489	0.02428	0.51662	0.01192	0.01087	0.00794	0.00437	0.00355	0.00109	0.00364	0.00337	0.00388	0.03661
15	0.01606	0.00798	0.00975	0.00747	0.01044	0.00784	0.00617	0.31626	0.01341	0.54429	0.01281	0.01151	0.00831	0.00464	0.00381	0.00116	0.00357	0.00367	0.00436	0.00645
16	0.00549	0.00367	0.00414	0.00417	0.00418	0.00366	0.00233	0.00551	0.00557	0.00742	0.01222	0.05004	0.01413	0.84103	0.01887	0.00361	0.00363	0.00567	0.00233	0.00232
17	0.00566	0.00443	0.00540	0.00622	0.04361	0.02680	0.00435	0.01951	0.00826	0.02367	0.03946	0.43846	0.20933	0.01023	0.00470	0.00146	0.00261	0.13893	0.00344	0.00346
18	0.00716	0.00674	0.01138	0.85760	0.02612	0.00843	0.01053	0.00969	0.00758	0.00969	0.00674	0.01011	0.00506	0.00379	0.00379	0.00126	0.00506	0.00337	0.00169	0.00421
19	0.00716	0.00674	0.01138	0.85760	0.02612	0.00843	0.01053	0.00969	0.00758	0.00969	0.00674	0.01011	0.00506	0.00379	0.00379	0.00126	0.00506	0.00337	0.00169	0.00421
20	0.01542	0.00641	0.00835	0.00654	0.00921	0.00582	0.00535	0.06337	0.03947	0.67330	0.02669	0.01309	0.00972	0.00472	0.00371	0.00115	0.00310	0.00382	0.09467	0.00610
21	0.04043	0.05086	0.01395	0.03135	0.30876	0.20569	0.11161	0.08249	0.09433	0.01291	0.00776	0.00912	0.00619	0.00377	0.00367	0.00112	0.00504	0.00329	0.00226	0.00541
22	0.00659	0.00329	0.00494	0.00494	0.00494	0.00329	0.00329	0.00494	0.00494	0.00659	0.00659	0.01153	0.00659	0.01318	0.01482	0.88966	0.00329	0.00329	0.00165	0.00165
23	0.09685	0.00638	0.00610	0.00530	0.00694	0.04202	0.00419	0.22470	0.01051	0.01678	0.01054	0.01172	0.00810	0.00434	0.00295	0.00098	0.00273	0.00331	0.53115	0.00439
24	0.00888	0.05449	0.26783	0.02720	0.07500	0.02783	0.40676	0.03936	0.00881	0.01217	0.00718	0.00914	0.00542	0.00350	0.00424	0.00122	0.03016	0.00365	0.00186	0.00530
25	0.00470	0.00385	0.00414	0.00407	0.00525	0.00329	0.00305	0.00586	0.00915	0.01144	0.23174	0.03453	0.64746	0.00916	0.00448	0.00126	0.00189	0.00773	0.00368	0.00329
26	0.01195	0.06977	0.01155	0.03581	0.09670	0.36270	0.01724	0.04610	0.00972	0.10047	0.05572	0.01837	0.00758	0.00463	0.00492	0.00114	0.13521	0.00323	0.00239	0.00480
27	0.00484	0.00384	0.00435	0.00426	0.00535	0.00335	0.00318	0.00613	0.00944	0.01222	0.35961	0.05797	0.49415	0.00893	0.00449	0.00125	0.00188	0.00763	0.00378	0.00335
28	0.00786	0.00674	0.00786	0.00562	0.00899	0.00506	0.00449	0.00955	0.00786	0.01236	0.00674	0.00786	0.00562	0.00281	0.00281	0.00056	0.00281	0.00225	0.00225	0.88990
29	0.00950	0.13604	0.10438	0.02583	0.06862	0.00977	0.38223	0.07379	0.00924	0.04002	0.00763	0.02102	0.00596	0.00350	0.00381	0.00112	0.00517	0.00364	0.00212	0.08661
30	0.00921	0.05738	0.28226	0.02674	0.04635	0.05959	0.04575	0.07755	0.00845	0.04876	0.00729	0.00959	0.00593	0.00613	0.04967	0.02949	0.20301	0.01988	0.00204	0.00495
31	0.00543	0.00365	0.00420	0.00428	0.00432	0.00365	0.00246	0.00552	0.00568	0.00759	0.01270	0.09850	0.01468	0.77237	0.03697	0.00354	0.00369	0.00595	0.00240	0.00239
32	0.00653	0.00636	0.04427	0.00682	0.00779	0.07934	0.03904	0.03684	0.00811	0.01046	0.02735	0.45676	0.06558	0.04134	0.02304	0.00163	0.05880	0.07330	0.00305	0.00361
33	0.01086	0.38713	0.15957	0.02589	0.08011	0.03306	0.03875	0.05193	0.03104	0.13691	0.00774	0.00833	0.00592	0.00368	0.00318	0.00102	0.00439	0.00280	0.00229	0.00542
34	0.00920	0.00771	0.07426	0.15161	0.17144	0.00690	0.07922	0.02291	0.02566	0.16628	0.16083	0.04650	0.05063	0.00513	0.00403	0.00121	0.00388	0.00464	0.00296	0.00502
35	0.00462	0.00331	0.00439	0.00525	0.00549	0.00308	0.00351	0.00528	0.00729	0.00969	0.02131	0.84504	0.04403	0.01183	0.00483	0.00153	0.00219	0.01072	0.00352	0.00308
36	0.00895	0.28901	0.38556	0.01041	0.10971	0.02071	0.01029	0.02882	0.02445	0.02922	0.00760	0.03496	0.01713	0.00388	0.00331	0.00108	0.00471	0.00300	0.00189	0.00533
37	0.00876	0.00689	0.02113	0.00584	0.00913	0.00521	0.00476	0.02140	0.00828	0.09260	0.00787	0.02677	0.00640	0.00322	0.00297	0.00066	0.00290	0.00261	0.00252	0.76007
38	0.00540	0.00439	0.00484	0.00460	0.00572	0.01704	0.00346	0.03226	0.00946	0.01222	0.31279	0.03087	0.45758	0.04213	0.01952	0.00142	0.02213	0.00710	0.00362	0.00344
39	0.00984	0.00923	0.01538	0.02153	0.72183	0.00930	0.05382	0.08882	0.00952	0.01346	0.00735	0.00940	0.00604	0.00348	0.00380	0.00114	0.00457	0.00344	0.00206	0.00600
40	0.00958	0.54444	0.21250	0.00853	0.01227	0.04831	0.08076	0.01170	0.00798	0.00995	0.00586	0.00697	0.00493	0.00341	0.00310	0.00096	0.01959	0.00246	0.00166	0.00503
41	0.01055	0.78304	0.01895	0.00682	0.00994	0.09950	0.00657	0.01174	0.00801	0.00896	0.00533	0.00616	0.00487	0.00331	0.00253	0.00083	0.00434	0.00207	0.00166	0.00482
42	0.01014	0.86900	0.01987	0.00649	0.00973	0.01501	0.00649	0.01136	0.00771	0.00892	0.00527	0.00608	0.00487	0.00324	0.00243	0.00081	0.00406	0.00203	0.00162	0.00487
43	0.00954	0.03512	0.18683	0.01068	0.01401	0.00799	0.29648	0.05531	0.00902	0.14085	0.02393	0.01252	0.00793	0.05651	0.09240	0.00187	0.00563	0.02581	0.00249	0.00508
44	0.01002	0.00615	0.03498	0.03759	0.13932	0.00546	0.03167	0.01148	0.00884	0.30130	0.01534	0.33856	0.01468	0.00723	0.00424	0.00132	0.00327	0.02014	0.00350	0.00490
