[name]
unknown

[dist]
# distance from previous block
# <min> <max>
0	77

[block]
# block no. 0 follows, 69 sequences, length 13
# corresponding to MSA columns:
# 141-153
name=unknown_A
#
# <colnr> <probs for GDERKNQSTAVLIFYWHMCP>
#	G	D	E	R	K	N	Q	S	T	A	V	L	I	F	Y	W	H	M	C	P
0	0.03081	0.05329	0.03733	0.03523	0.12947	0.04206	0.10339	0.13166	0.07354	0.15051	0.02019	0.05984	0.01942	0.00565	0.03160	0.00137	0.00448	0.02064	0.00306	0.04649
1	0.02261	0.04168	0.02994	0.00997	0.12716	0.04182	0.02543	0.18896	0.11366	0.14309	0.09751	0.10147	0.01267	0.00559	0.00402	0.00122	0.00374	0.00474	0.00350	0.02123
2	0.02348	0.00967	0.05573	0.01175	0.13999	0.06079	0.15210	0.10719	0.06563	0.11020	0.01177	0.03677	0.06835	0.00473	0.00432	0.00119	0.03770	0.00416	0.00286	0.09162
3	0.00933	0.06371	0.01061	0.02115	0.16860	0.01935	0.04501	0.02730	0.13239	0.10913	0.14827	0.04703	0.05569	0.00663	0.04754	0.00144	0.00384	0.00470	0.00318	0.07510
4	0.00997	0.06908	0.06380	0.00796	0.03787	0.04230	0.04005	0.15042	0.03293	0.08283	0.06532	0.05562	0.03868	0.06327	0.00486	0.00126	0.00380	0.02797	0.00301	0.19902
5	0.01086	0.56507	0.01819	0.00853	0.04336	0.07654	0.07581	0.05462	0.00898	0.02843	0.00632	0.00730	0.00540	0.00347	0.00296	0.00091	0.00452	0.00253	0.00197	0.07422
6	0.00562	0.00432	0.00538	0.03341	0.00697	0.00432	0.00418	0.00784	0.11332	0.01138	0.09373	0.51948	0.11090	0.03125	0.00514	0.00155	0.00248	0.03143	0.00365	0.00366
7	0.06576	0.00870	0.03076	0.02657	0.07657	0.00928	0.02549	0.18514	0.32718	0.07394	0.01291	0.06395	0.02446	0.00550	0.00441	0.01762	0.02814	0.00437	0.00349	0.00577
8	0.00903	0.00712	0.00829	0.04470	0.01007	0.02463	0.00520	0.01169	0.09293	0.08845	0.01008	0.01082	0.03939	0.00479	0.03875	0.00103	0.00345	0.00306	0.00273	0.58380
9	0.00478	0.00341	0.00455	0.00546	0.00569	0.00318	0.00364	0.00546	0.00751	0.01001	0.02161	0.85966	0.02593	0.01228	0.00500	0.00159	0.00227	0.01114	0.00364	0.00318
10	0.00938	0.00895	0.01523	0.06458	0.76219	0.00903	0.01162	0.01165	0.00881	0.01255	0.00796	0.04566	0.00699	0.00389	0.00393	0.00119	0.00459	0.00382	0.00200	0.00599
11	0.00551	0.00453	0.03285	0.00588	0.00651	0.00407	0.02770	0.02881	0.00751	0.01009	0.01839	0.54522	0.04410	0.16266	0.07498	0.00232	0.00349	0.00888	0.00319	0.00331
12	0.01400	0.10357	0.12226	0.00853	0.01194	0.04298	0.00783	0.35909	0.04192	0.23345	0.01034	0.01004	0.00718	0.00446	0.00374	0.00116	0.00431	0.00339	0.00355	0.00628

[dist]
# distance from previous block
# <min> <max>
0	4

[block]
# block no. 1 follows, 69 sequences, length 54
# corresponding to MSA columns:
# 158-211
name=unknown_B
#
# <colnr> <probs for GDERKNQSTAVLIFYWHMCP>
#	G	D	E	R	K	N	Q	S	T	A	V	L	I	F	Y	W	H	M	C	P
0	0.03359	0.03338	0.01266	0.10342	0.10634	0.27228	0.08333	0.11118	0.03951	0.03295	0.00747	0.00890	0.00589	0.00406	0.00416	0.00112	0.04932	0.00316	0.00236	0.08491
1	0.01095	0.20851	0.28606	0.00944	0.01300	0.13508	0.00968	0.14444	0.01011	0.03576	0.00695	0.00800	0.00542	0.00421	0.00444	0.00116	0.09632	0.00285	0.00218	0.00544
2	0.00476	0.00347	0.00449	0.00530	0.00565	0.00320	0.00357	0.00548	0.00766	0.01007	0.02350	0.77379	0.11059	0.01204	0.00497	0.00156	0.00224	0.01084	0.00364	0.00320
3	0.00614	0.00428	0.00628	0.00619	0.00694	0.00486	0.00476	0.00745	0.00648	0.04612	0.01085	0.01603	0.01011	0.08664	0.75115	0.00590	0.00971	0.00429	0.00224	0.00356
4	0.01736	0.00662	0.00902	0.00694	0.00993	0.00572	0.00572	0.01888	0.01122	0.82453	0.03134	0.01365	0.01023	0.00491	0.00396	0.00121	0.00331	0.00400	0.00484	0.00661
5	0.00814	0.00647	0.02058	0.03781	0.04051	0.00653	0.00540	0.04701	0.27360	0.07104	0.15915	0.02361	0.25432	0.00701	0.00429	0.00130	0.00283	0.02172	0.00379	0.00487
6	0.00557	0.00393	0.00464	0.00466	0.00527	0.00374	0.00319	0.00665	0.02022	0.01129	0.25488	0.11333	0.14498	0.31267	0.01004	0.00220	0.00269	0.03552	0.05139	0.00315
7	0.00884	0.00859	0.01274	0.35695	0.27942	0.05758	0.01025	0.03156	0.00828	0.01106	0.00708	0.01039	0.00596	0.04257	0.00593	0.00141	0.13105	0.00352	0.00190	0.00492
8	0.00490	0.00391	0.00440	0.00452	0.00557	0.00341	0.00335	0.00604	0.00914	0.01155	0.19191	0.16476	0.52201	0.00996	0.00472	0.00137	0.00207	0.03927	0.00377	0.00338
9	0.00803	0.00777	0.01095	0.00955	0.00968	0.01069	0.00790	0.00898	0.00606	0.00937	0.00614	0.00984	0.00601	0.01103	0.16720	0.00256	0.69873	0.00357	0.00179	0.00414
10	0.07098	0.06010	0.04930	0.01004	0.04958	0.56167	0.00769	0.03902	0.09451	0.01152	0.00720	0.00800	0.00580	0.00409	0.00349	0.00107	0.00600	0.00276	0.00227	0.00492
11	0.00756	0.00724	0.01040	0.50024	0.02927	0.07332	0.04605	0.00959	0.00826	0.01023	0.01197	0.06725	0.07882	0.00595	0.00461	0.03368	0.00475	0.08446	0.00224	0.00410
12	0.00944	0.00740	0.00921	0.04577	0.03347	0.00626	0.02531	0.06285	0.03914	0.08221	0.00819	0.00909	0.00640	0.00334	0.00321	0.00077	0.00328	0.00275	0.00265	0.63926
13	0.00565	0.00412	0.00585	0.00589	0.00644	0.00464	0.00439	0.00675	0.00627	0.00887	0.01129	0.01872	0.01125	0.21303	0.63298	0.00558	0.00877	0.03403	0.00222	0.00326
14	0.00558	0.00432	0.00592	0.00625	0.00691	0.00424	0.04061	0.00756	0.09260	0.01114	0.06338	0.66186	0.02406	0.01089	0.00488	0.00154	0.00258	0.03843	0.00364	0.00363
15	0.00553	0.00401	0.00521	0.00491	0.00584	0.00369	0.00368	0.00736	0.01104	0.01560	0.81635	0.02949	0.05641	0.00806	0.00462	0.00124	0.00185	0.00712	0.00430	0.00369
16	0.00979	0.00864	0.01010	0.00871	0.01108	0.00980	0.07430	0.03341	0.74886	0.01622	0.01518	0.01420	0.01138	0.00514	0.00404	0.00133	0.00341	0.00443	0.00382	0.00614
17	0.00888	0.01169	0.22493	0.02581	0.51749	0.01763	0.01168	0.01166	0.00876	0.01265	0.03549	0.04010	0.00759	0.00400	0.00386	0.00117	0.00472	0.00367	0.00202	0.04621
18	0.88991	0.00758	0.00576	0.00516	0.00758	0.00879	0.00425	0.01152	0.00667	0.01759	0.00546	0.00637	0.00425	0.00364	0.00243	0.00121	0.00303	0.00212	0.00243	0.00425
19	0.01048	0.86458	0.02054	0.00671	0.01006	0.01551	0.00671	0.01174	0.00797	0.00922	0.00545	0.00629	0.00503	0.00335	0.00252	0.00084	0.00419	0.00210	0.00168	0.00503
20	0.00817	0.00865	0.07475	0.09661	0.34790	0.00791	0.08831	0.02167	0.06665	0.01241	0.03040	0.08431	0.12446	0.00539	0.00417	0.00127	0.00425	0.00499	0.00250	0.00521
21	0.00530	0.00397	0.00494	0.00497	0.00590	0.00361	0.00375	0.00678	0.00992	0.01337	0.46305	0.14040	0.22833	0.00929	0.00475	0.00135	0.00210	0.08069	0.00400	0.00353
22	0.00668	0.00601	0.00672	0.07656	0.03892	0.06514	0.00508	0.00925	0.10247	0.01218	0.20776	0.02473	0.29189	0.01042	0.11693	0.00194	0.00395	0.00604	0.00329	0.00403
23	0.00480	0.00347	0.00454	0.00534	0.00567	0.00322	0.00360	0.00556	0.00776	0.01030	0.05908	0.77150	0.07678	0.01195	0.00496	0.00156	0.00224	0.01079	0.00367	0.00322
24	0.00813	0.00697	0.00813	0.00581	0.00929	0.00523	0.00465	0.00987	0.00813	0.01277	0.00697	0.00813	0.00581	0.00290	0.00290	0.00058	0.00290	0.00232	0.00232	0.88619
25	0.00748	0.00483	0.00593	0.00550	0.00626	0.00505	0.00383	0.07567	0.02320	0.07743	0.03463	0.02055	0.01269	0.46688	0.22950	0.00390	0.00546	0.00501	0.00272	0.00348
26	0.00967	0.00986	0.01392	0.22183	0.40831	0.12801	0.05737	0.01186	0.00886	0.01163	0.00730	0.00975	0.00593	0.00383	0.00414	0.00119	0.03441	0.00342	0.04342	0.00528
27	0.00526	0.00382	0.00500	0.00569	0.00625	0.00361	0.00424	0.00634	0.00826	0.01086	0.08351	0.46241	0.11045	0.04390	0.00562	0.00168	0.00263	0.22351	0.00363	0.00332
28	0.00945	0.00903	0.01499	0.06695	0.70365	0.00933	0.01139	0.01210	0.04639	0.01263	0.00817	0.01037	0.01994	0.00386	0.00432	0.00121	0.04460	0.00361	0.00204	0.00597
29	0.14811	0.07074	0.13440	0.01025	0.01326	0.26185	0.16352	0.01355	0.04223	0.03895	0.00726	0.01822	0.00576	0.00407	0.00409	0.00119	0.05226	0.00316	0.00217	0.00496
30	0.02355	0.00584	0.00786	0.00650	0.00866	0.00532	0.00519	0.01471	0.01049	0.53757	0.17551	0.11911	0.01676	0.00643	0.00453	0.00128	0.03530	0.00539	0.00445	0.00555
31	0.00986	0.11969	0.33125	0.01364	0.19848	0.07530	0.08757	0.06195	0.03200	0.02353	0.00742	0.00878	0.00571	0.00373	0.00370	0.00116	0.00532	0.00316	0.00202	0.00572
32	0.00537	0.00404	0.00498	0.00481	0.00580	0.00369	0.00358	0.00712	0.02465	0.01424	0.59392	0.08529	0.21070	0.00867	0.00464	0.00128	0.00193	0.00757	0.00412	0.00362
33	0.88991	0.00758	0.00576	0.00516	0.00758	0.00879	0.00425	0.01152	0.00667	0.01759	0.00546	0.00637	0.00425	0.00364	0.00243	0.00121	0.00303	0.00212	0.00243	0.00425
34	0.01048	0.86458	0.02054	0.00671	0.01006	0.01551	0.00671	0.01174	0.00797	0.00922	0.00545	0.00629	0.00503	0.00335	0.00252	0.00084	0.00419	0.00210	0.00168	0.00503
35	0.00669	0.00667	0.07673	0.04596	0.04921	0.00573	0.03461	0.01973	0.12302	0.01420	0.39235	0.03503	0.16033	0.00705	0.00439	0.00127	0.00287	0.00616	0.00361	0.00439
36	0.00475	0.00351	0.00445	0.00521	0.00562	0.00321	0.00353	0.00549	0.00775	0.01011	0.02466	0.72102	0.16260	0.01189	0.00494	0.00155	0.00223	0.01066	0.00364	0.00321
37	0.01126	0.09013	0.03245	0.07292	0.15621	0.35929	0.00840	0.02256	0.03583	0.01087	0.02664	0.00986	0.03483	0.00450	0.00454	0.00115	0.09101	0.00322	0.01948	0.00487
38	0.00519	0.00361	0.00448	0.00501	0.00519	0.00348	0.00321	0.00564	0.00686	0.00911	0.01827	0.48253	0.03872	0.35182	0.01098	0.00248	0.00292	0.03448	0.00313	0.00288
39	0.01204	0.13943	0.05370	0.00997	0.03241	0.38899	0.04563	0.04655	0.12672	0.01144	0.00759	0.00856	0.00617	0.00437	0.00447	0.00114	0.09051	0.00300	0.00227	0.00505
40	0.01026	0.54382	0.03591	0.10767	0.07452	0.08697	0.03776	0.01186	0.00828	0.00982	0.00594	0.00739	0.00518	0.00363	0.00337	0.00099	0.03733	0.00256	0.00175	0.00499
41	0.00548	0.00398	0.00516	0.00492	0.00583	0.00366	0.00367	0.00724	0.01085	0.01526	0.76715	0.06767	0.06784	0.00829	0.00464	0.00125	0.00187	0.00732	0.00426	0.00366
42	0.01034	0.07024	0.00962	0.02098	0.01009	0.00937	0.00609	0.12203	0.48803	0.06964	0.10323	0.01544	0.03683	0.00547	0.00396	0.00126	0.00322	0.00450	0.00386	0.00583
43	0.01003	0.00893	0.04034	0.02514	0.01125	0.04620	0.07515	0.05576	0.48857	0.06531	0.10365	0.01491	0.01308	0.00523	0.00406	0.00128	0.00363	0.00450	0.01725	0.00574
44	0.00477	0.00386	0.00424	0.00439	0.00544	0.00333	0.00320	0.00580	0.00890	0.01108	0.13031	0.20272	0.57792	0.01018	0.00471	0.00137	0.00203	0.00871	0.00372	0.00333
45	0.83685	0.00760	0.00595	0.00531	0.00774	0.00879	0.00436	0.01206	0.04354	0.03052	0.00609	0.00685	0.00468	0.00373	0.00252	0.00122	0.00304	0.00225	0.00253	0.00437
46	0.01476	0.01110	0.01167	0.00902	0.01210	0.03232	0.00742	0.78339	0.04017	0.02412	0.00951	0.00950	0.00677	0.00471	0.00391	0.00118	0.00435	0.00353	0.00388	0.00660
47	0.00789	0.00733	0.01150	0.58333	0.03571	0.00839	0.04672	0.01135	0.09989	0.01129	0.00802	0.01057	0.00611	0.00389	0.00381	0.00120	0.00471	0.00347	0.00209	0.13271
48	0.01338	0.13315	0.06722	0.00976	0.01228	0.61871	0.02532	0.03253	0.03391	0.01031	0.00644	0.00738	0.00529	0.00396	0.00345	0.00102	0.00641	0.00261	0.00205	0.00480
49	0.00615	0.00484	0.00667	0.00637	0.00673	0.00580	0.00476	0.00702	0.00606	0.00869	0.01014	0.01741	0.01038	0.28569	0.44202	0.00471	0.15662	0.00453	0.00212	0.00329
50	0.00924	0.00828	0.01105	0.02261	0.25556	0.00898	0.03384	0.01641	0.46659	0.01497	0.08249	0.01466	0.02777	0.00501	0.00404	0.00127	0.00357	0.00445	0.00331	0.00589
51	0.00513	0.00379	0.00496	0.00534	0.00588	0.00377	0.00379	0.00605	0.00743	0.00994	0.06308	0.37660	0.14117	0.10010	0.23109	0.00301	0.00457	0.01794	0.00314	0.00324
52	0.01003	0.00983	0.00998	0.00847	0.01022	0.21214	0.07482	0.09753	0.07145	0.03747	0.23793	0.01671	0.07067	0.00600	0.00522	0.00125	0.10773	0.00474	0.00315	0.00467
53	0.25609	0.36993	0.04791	0.00681	0.00963	0.03571	0.04131	0.02679	0.00831	0.03075	0.06858	0.02446	0.03401	0.00438	0.00304	0.00108	0.00382	0.02035	0.00235	0.00469

[dist]
# distance from previous block
# <min> <max>
1	2

[block]
# block no. 2 follows, 69 sequences, length 53
# corresponding to MSA columns:
# 214,215,228-278
name=unknown_C
#
# <colnr> <probs for GDERKNQSTAVLIFYWHMCP>
#	G	D	E	R	K	N	Q	S	T	A	V	L	I	F	Y	W	H	M	C	P
0	0.27538	0.00698	0.00743	0.03613	0.01709	0.00676	0.00489	0.04331	0.03090	0.01419	0.00765	0.02809	0.00658	0.03685	0.06712	0.00142	0.00370	0.00288	0.00246	0.40018
1	0.00466	0.00393	0.00404	0.00411	0.00534	0.00331	0.00305	0.00564	0.00885	0.01063	0.05159	0.10532	0.75600	0.01009	0.00466	0.00134	0.00201	0.00849	0.00365	0.00331
2	0.01164	0.47096	0.01588	0.00748	0.01062	0.13161	0.00668	0.15305	0.01030	0.02508	0.00657	0.00729	0.00549	0.00365	0.00298	0.00089	0.00444	0.00246	0.00225	0.12068
3	0.00912	0.00909	0.07639	0.01764	0.06541	0.00744	0.12523	0.06555	0.08312	0.02725	0.00823	0.00938	0.00645	0.00348	0.00356	0.00091	0.01167	0.00309	0.00248	0.46450
4	0.01257	0.22741	0.11078	0.00875	0.02627	0.04072	0.00796	0.43154	0.01365	0.03988	0.00924	0.00954	0.03599	0.00440	0.00356	0.00110	0.00445	0.00324	0.00300	0.00595
5	0.00690	0.00498	0.00709	0.00740	0.06041	0.00500	0.03396	0.00796	0.00826	0.08531	0.10222	0.40179	0.10724	0.03731	0.00618	0.01680	0.08593	0.00799	0.00339	0.00389
6	0.00606	0.00408	0.00531	0.00521	0.00568	0.00429	0.00359	0.00680	0.00651	0.03909	0.05706	0.02160	0.03350	0.43109	0.34856	0.00451	0.00631	0.00518	0.00249	0.00308
7	0.01087	0.06847	0.18029	0.01017	0.06515	0.10438	0.02885	0.17920	0.23705	0.01525	0.00977	0.01028	0.00743	0.00476	0.00434	0.03347	0.01826	0.00346	0.00283	0.00573
8	0.00476	0.00371	0.00432	0.00473	0.00551	0.00328	0.00333	0.00566	0.00840	0.01064	0.08083	0.42195	0.40711	0.01091	0.00481	0.00144	0.00211	0.00954	0.00368	0.00328
9	0.00974	0.00968	0.05222	0.08409	0.54369	0.00951	0.05048	0.06209	0.11347	0.01374	0.00856	0.01034	0.00682	0.00383	0.00393	0.00121	0.00463	0.00364	0.00229	0.00603
10	0.32682	0.00687	0.00769	0.00619	0.00892	0.00675	0.00510	0.01600	0.00948	0.51398	0.01180	0.01092	0.00778	0.00441	0.00335	0.00120	0.00317	0.00328	0.04060	0.00568
11	0.00914	0.00773	0.00858	0.09620	0.01103	0.04264	0.00618	0.11788	0.36828	0.01631	0.25252	0.01748	0.01759	0.00583	0.00414	0.00127	0.00328	0.00491	0.00376	0.00527
12	0.00542	0.00397	0.00509	0.00489	0.00580	0.00363	0.00364	0.00713	0.01069	0.01493	0.71755	0.08418	0.10153	0.00845	0.00465	0.00126	0.00189	0.00745	0.00422	0.00363
13	0.00626	0.00452	0.00545	0.00537	0.00644	0.00434	0.00396	0.00878	0.11249	0.05197	0.32738	0.25180	0.17815	0.00903	0.00462	0.00136	0.00222	0.00792	0.00399	0.00394
14	0.02020	0.01909	0.76816	0.01078	0.01632	0.00885	0.01369	0.01291	0.00848	0.07487	0.00765	0.00863	0.00531	0.00381	0.00372	0.00124	0.00557	0.00297	0.00191	0.00584
15	0.00790	0.00779	0.04195	0.03612	0.50183	0.00725	0.00914	0.00987	0.00878	0.01196	0.01647	0.08150	0.20221	0.00594	0.00419	0.00126	0.00387	0.03430	0.00251	0.00515
16	0.01041	0.00875	0.00923	0.00811	0.01044	0.01006	0.00636	0.12333	0.72712	0.01746	0.01512	0.01396	0.01129	0.00524	0.00398	0.00131	0.00326	0.00432	0.00398	0.00626
17	0.00976	0.00857	0.01443	0.21616	0.58621	0.00891	0.01129	0.01209	0.00885	0.07452	0.00789	0.01015	0.00624	0.00369	0.00389	0.00120	0.00469	0.00352	0.00211	0.00581
18	0.00862	0.01246	0.31695	0.22739	0.12857	0.01715	0.01120	0.09694	0.03247	0.01324	0.03798	0.04347	0.00795	0.00455	0.00394	0.00127	0.00495	0.02333	0.00224	0.00535
19	0.00990	0.00736	0.00992	0.01723	0.11405	0.00606	0.03992	0.01176	0.00878	0.14725	0.00844	0.00930	0.00649	0.00332	0.00328	0.00079	0.00337	0.00284	0.00267	0.58728
20	0.00632	0.00629	0.09451	0.07212	0.05305	0.00528	0.00653	0.00797	0.00778	0.01051	0.02762	0.13836	0.02404	0.16633	0.09838	0.00248	0.00458	0.26132	0.00280	0.00374
21	0.00805	0.00750	0.04476	0.19593	0.06746	0.00792	0.07050	0.08136	0.11436	0.01215	0.00980	0.01322	0.00828	0.07089	0.24969	0.00292	0.02414	0.00403	0.00240	0.00466
22	0.00705	0.00753	0.09830	0.00823	0.04409	0.00638	0.09402	0.01790	0.13703	0.01385	0.31205	0.02150	0.12657	0.00812	0.06277	0.00163	0.01944	0.00567	0.00334	0.00456
23	0.00747	0.00764	0.06718	0.26723	0.11394	0.02611	0.00821	0.01024	0.06891	0.01219	0.20287	0.04699	0.03759	0.03657	0.00537	0.00139	0.06807	0.00482	0.00268	0.00452
24	0.00736	0.07182	0.40840	0.00904	0.03533	0.00779	0.02486	0.01084	0.04849	0.01254	0.16919	0.01484	0.04682	0.02142	0.09282	0.00179	0.00508	0.00418	0.00244	0.00496
25	0.00711	0.00637	0.00975	0.20991	0.21811	0.00684	0.00772	0.00905	0.00907	0.01238	0.24743	0.01973	0.14405	0.00614	0.00490	0.00128	0.06765	0.00525	0.00282	0.00446
26	0.00965	0.00871	0.01130	0.01317	0.26828	0.00979	0.00820	0.01723	0.51229	0.01475	0.01247	0.01264	0.00966	0.00487	0.00462	0.00131	0.06778	0.00406	0.00318	0.00606
27	0.00924	0.00884	0.01497	0.12703	0.59531	0.00910	0.06306	0.01225	0.06571	0.01279	0.03783	0.01090	0.00758	0.00382	0.00397	0.00121	0.00465	0.00376	0.00215	0.00582
28	0.00782	0.00769	0.01377	0.44729	0.11228	0.00832	0.18982	0.01037	0.00848	0.01125	0.03958	0.01304	0.06927	0.00430	0.00411	0.00126	0.00501	0.00418	0.00208	0.04007
29	0.00758	0.00714	0.01207	0.79036	0.08809	0.00876	0.01097	0.01017	0.00792	0.01023	0.00700	0.01040	0.00530	0.00389	0.00392	0.00130	0.00518	0.00348	0.00176	0.00449
30	0.01123	0.09032	0.01058	0.03831	0.01076	0.39067	0.05827	0.02354	0.04394	0.01158	0.00911	0.01037	0.02525	0.00430	0.00349	0.00103	0.01664	0.00318	0.23296	0.00446
31	0.00758	0.00714	0.01207	0.79036	0.08809	0.00876	0.01097	0.01017	0.00792	0.01023	0.00700	0.01040	0.00530	0.00389	0.00392	0.00130	0.00518	0.00348	0.00176	0.00449
32	0.07471	0.00842	0.04679	0.37293	0.22615	0.00939	0.01022	0.01085	0.02772	0.01146	0.00731	0.01002	0.01662	0.00439	0.00529	0.00133	0.14617	0.00344	0.00192	0.00489
33	0.00632	0.03582	0.00681	0.02105	0.04661	0.00525	0.00471	0.00903	0.10488	0.01367	0.42997	0.11079	0.07237	0.01030	0.10298	0.00186	0.00334	0.00652	0.00366	0.00407
34	0.00880	0.00812	0.01278	0.41918	0.30300	0.00919	0.01050	0.04193	0.12332	0.01240	0.00845	0.01074	0.00656	0.00400	0.00392	0.00126	0.00470	0.00362	0.00220	0.00534
35	0.00898	0.00871	0.01108	0.10821	0.01229	0.04074	0.00816	0.01286	0.23355	0.01143	0.00837	0.01041	0.00703	0.00599	0.00904	0.00154	0.49075	0.00368	0.00236	0.00483
36	0.01050	0.00578	0.00705	0.00606	0.00793	0.00555	0.00470	0.03639	0.13624	0.30002	0.18568	0.03690	0.13516	0.08367	0.01915	0.00157	0.00297	0.00556	0.00412	0.00501
37	0.00878	0.04995	0.01973	0.01037	0.13847	0.08981	0.11940	0.01082	0.02993	0.05396	0.17472	0.05170	0.07887	0.04109	0.00470	0.00125	0.00395	0.00489	0.00287	0.10473
38	0.01042	0.00871	0.00975	0.07298	0.10914	0.10223	0.00687	0.24597	0.02826	0.04626	0.29778	0.01645	0.01713	0.00560	0.00412	0.00119	0.00381	0.00469	0.00348	0.00515
39	0.00941	0.01150	0.16348	0.01888	0.51115	0.03919	0.05869	0.01268	0.06558	0.01267	0.00787	0.00981	0.00636	0.00428	0.01999	0.00131	0.03573	0.00349	0.00203	0.00590
40	0.10878	0.00845	0.00871	0.00718	0.00932	0.10577	0.00574	0.04547	0.03876	0.08823	0.12733	0.01170	0.01055	0.00486	0.00502	0.00110	0.14633	0.00347	0.00284	0.26039
41	0.00905	0.33769	0.02551	0.00673	0.00895	0.06781	0.00583	0.03911	0.00812	0.01052	0.03773	0.01127	0.00814	0.10468	0.10672	0.00190	0.06064	0.00320	0.03005	0.11635
42	0.00672	0.00632	0.01172	0.03431	0.03192	0.00609	0.28673	0.00858	0.00825	0.01106	0.01587	0.33930	0.05101	0.00998	0.07766	0.00190	0.00473	0.08094	0.00284	0.00409
43	0.00975	0.00842	0.00886	0.00798	0.01019	0.00975	0.00621	0.02083	0.83069	0.01640	0.01596	0.01463	0.01197	0.00532	0.00399	0.00133	0.00310	0.00443	0.00399	0.00621
44	0.00554	0.00440	0.00547	0.00528	0.00622	0.00432	0.00408	0.00699	0.00969	0.01305	0.42065	0.06291	0.28517	0.00890	0.00539	0.00136	0.07371	0.06947	0.00380	0.00360
45	0.00484	0.00365	0.00447	0.00495	0.00559	0.00329	0.00345	0.00576	0.00840	0.01093	0.13446	0.50923	0.26471	0.01103	0.00485	0.00147	0.00213	0.00977	0.00373	0.00329
46	0.00731	0.00798	0.09800	0.57416	0.03232	0.00799	0.01013	0.01026	0.03680	0.01101	0.04987	0.01551	0.02258	0.00501	0.00411	0.00135	0.00481	0.09417	0.00218	0.00446
47	0.00479	0.00398	0.00419	0.00414	0.00539	0.00338	0.00310	0.00593	0.00931	0.01147	0.17575	0.03629	0.69959	0.00960	0.00463	0.00131	0.00196	0.00807	0.00376	0.00338
48	0.04583	0.02516	0.01096	0.00899	0.01160	0.27073	0.00714	0.38964	0.15161	0.02589	0.00932	0.00944	0.00697	0.00454	0.00374	0.00115	0.00491	0.00330	0.00326	0.00582
49	0.00813	0.06952	0.71957	0.01123	0.01661	0.00961	0.06536	0.01231	0.00826	0.01216	0.00695	0.00831	0.00504	0.00376	0.00395	0.00123	0.02768	0.00297	0.00168	0.00568
50	0.00479	0.00347	0.00452	0.00533	0.00566	0.00321	0.00359	0.00553	0.00771	0.01021	0.04577	0.77443	0.08734	0.01199	0.00497	0.00156	0.00224	0.01081	0.00366	0.00321
51	0.01006	0.01062	0.11615	0.06938	0.44038	0.00962	0.06276	0.12449	0.02846	0.03049	0.00816	0.01790	0.00654	0.00405	0.00427	0.00123	0.03583	0.01137	0.00230	0.00594
52	0.00491	0.00361	0.00462	0.00521	0.00571	0.00331	0.00362	0.00585	0.00831	0.01104	0.15423	0.59701	0.13860	0.01125	0.00490	0.00150	0.00220	0.02710	0.00375	0.00329

[dist]
# distance from previous block
# <min> <max>
0	9

# created by:
# /st0/software/busco_prod/Augustus/scripts/msa2prfl.pl ./align_prep/39392.fa
