[name]
unknown

[dist]
# distance from previous block
# <min> <max>
7	98

[block]
# block no. 0 follows, 63 sequences, length 7
# corresponding to MSA columns:
# 128-134
name=unknown_A
#
# <colnr> <probs for GDERKNQSTAVLIFYWHMCP>
#	G	D	E	R	K	N	Q	S	T	A	V	L	I	F	Y	W	H	M	C	P
0	0.03305	0.00827	0.00999	0.06165	0.02992	0.06330	0.05587	0.10540	0.06445	0.07521	0.02937	0.09366	0.10069	0.03996	0.00604	0.01566	0.07917	0.02452	0.02040	0.08343
1	0.04283	0.00925	0.01043	0.10051	0.03912	0.12016	0.06412	0.08395	0.11948	0.05198	0.07671	0.04481	0.06896	0.05145	0.03123	0.00159	0.00465	0.00480	0.00317	0.07079
2	0.07258	0.00851	0.01027	0.05313	0.05699	0.06389	0.06193	0.11412	0.07667	0.07906	0.06071	0.07676	0.05478	0.03584	0.03143	0.02615	0.02285	0.00488	0.00324	0.08623
3	0.04152	0.00740	0.01039	0.04900	0.04408	0.00748	0.10011	0.09346	0.07786	0.11137	0.04440	0.10849	0.07981	0.03541	0.02153	0.01576	0.02667	0.03146	0.02938	0.06442
4	0.05310	0.02695	0.01051	0.12744	0.05878	0.08516	0.05057	0.04508	0.04800	0.04654	0.07922	0.09228	0.10628	0.05068	0.02654	0.00176	0.01979	0.02857	0.00332	0.03942
5	0.11408	0.02666	0.00919	0.18213	0.03443	0.04266	0.00685	0.05923	0.03023	0.08376	0.04928	0.06416	0.05219	0.07142	0.06756	0.00196	0.02118	0.03809	0.00300	0.04195
6	0.02908	0.00802	0.00951	0.06674	0.05193	0.05527	0.02045	0.11464	0.08158	0.07444	0.02845	0.03678	0.04577	0.18186	0.04584	0.02197	0.08618	0.00478	0.00305	0.03365

[dist]
# distance from previous block
# <min> <max>
0	3

[block]
# block no. 1 follows, 63 sequences, length 45
# corresponding to MSA columns:
# 138-148,151-184
name=unknown_B
#
# <colnr> <probs for GDERKNQSTAVLIFYWHMCP>
#	G	D	E	R	K	N	Q	S	T	A	V	L	I	F	Y	W	H	M	C	P
0	0.04956	0.02792	0.06684	0.00895	0.01221	0.00953	0.06600	0.25116	0.13581	0.14716	0.02668	0.01423	0.04902	0.00526	0.00416	0.00127	0.00416	0.02790	0.00376	0.08842
1	0.10017	0.00844	0.01943	0.03277	0.02058	0.04923	0.00634	0.16226	0.08195	0.18416	0.09587	0.07709	0.07624	0.01757	0.00497	0.00140	0.04692	0.00514	0.00388	0.00558
2	0.01371	0.03464	0.03958	0.00916	0.01199	0.04033	0.00763	0.48238	0.13035	0.05076	0.01116	0.01257	0.00865	0.06638	0.00591	0.00151	0.04769	0.01540	0.00378	0.00641
3	0.01075	0.00954	0.05182	0.03200	0.01180	0.01015	0.00722	0.02145	0.70949	0.06212	0.01632	0.01513	0.01211	0.00555	0.00426	0.00141	0.00355	0.00461	0.00413	0.00660
4	0.05329	0.31637	0.10734	0.00955	0.02929	0.06097	0.08244	0.06964	0.11971	0.01336	0.00915	0.04408	0.00780	0.01843	0.02482	0.00138	0.02066	0.00364	0.00251	0.00558
5	0.75033	0.03685	0.00711	0.00634	0.03696	0.00927	0.00492	0.01200	0.00738	0.01780	0.00686	0.05034	0.00590	0.00434	0.00282	0.00129	0.00331	0.00283	0.00262	0.03074
6	0.00957	0.04117	0.22979	0.10546	0.03853	0.06414	0.05191	0.06552	0.07533	0.01362	0.05037	0.02528	0.00878	0.01841	0.02320	0.00150	0.10875	0.00394	0.02859	0.03615
7	0.01076	0.11656	0.12621	0.00984	0.06120	0.07857	0.05131	0.08075	0.06366	0.09941	0.06791	0.05827	0.10596	0.00598	0.00465	0.00131	0.04417	0.00484	0.00313	0.00552
8	0.00549	0.03417	0.00539	0.00488	0.00614	0.00422	0.00369	0.00673	0.00960	0.01213	0.18529	0.09299	0.51304	0.02295	0.07270	0.00187	0.00298	0.00823	0.00381	0.00369
9	0.01017	0.10509	0.07778	0.00744	0.01117	0.03659	0.00659	0.11617	0.03089	0.01480	0.00795	0.00914	0.00647	0.01773	0.00364	0.00089	0.00389	0.00281	0.00261	0.52818
10	0.04968	0.19084	0.16756	0.02027	0.07454	0.08486	0.11706	0.03552	0.05436	0.02860	0.00947	0.09144	0.00836	0.00486	0.00390	0.00123	0.00509	0.00412	0.00244	0.04579
11	0.00984	0.07871	0.38098	0.01460	0.20529	0.05201	0.05357	0.05789	0.00974	0.01352	0.00872	0.03371	0.02307	0.00448	0.00441	0.00130	0.03632	0.00369	0.00213	0.00602
12	0.00629	0.00461	0.00535	0.00498	0.00645	0.00396	0.00377	0.00776	0.01045	0.05554	0.32426	0.06224	0.41483	0.00922	0.00482	0.00134	0.00222	0.00787	0.00414	0.05991
13	0.01004	0.28766	0.04272	0.03806	0.06711	0.03922	0.01789	0.02957	0.09357	0.07694	0.02214	0.19788	0.04772	0.00653	0.00400	0.00127	0.00400	0.00544	0.00301	0.00524
14	0.01195	0.14808	0.13991	0.03264	0.13038	0.22052	0.11765	0.07650	0.02236	0.02286	0.00759	0.00908	0.00602	0.00411	0.00411	0.00120	0.02328	0.00332	0.00225	0.01619
15	0.00526	0.00393	0.00493	0.00568	0.00628	0.00360	0.00404	0.00620	0.00859	0.01108	0.02768	0.57134	0.21642	0.01240	0.00532	0.00166	0.00252	0.09568	0.00390	0.00350
16	0.01280	0.04468	0.05355	0.00895	0.01217	0.08970	0.00752	0.33493	0.21132	0.01927	0.01072	0.01079	0.00805	0.00470	0.00393	0.00117	0.00441	0.00360	0.00352	0.15420
17	0.00888	0.11354	0.00981	0.00727	0.00919	0.04224	0.05330	0.06571	0.04936	0.07265	0.04803	0.24112	0.15626	0.01933	0.00480	0.00143	0.00354	0.05621	0.00355	0.03379
18	0.10087	0.17987	0.24965	0.02562	0.01420	0.18306	0.05763	0.04295	0.01988	0.04917	0.00742	0.00855	0.00574	0.00419	0.00398	0.00121	0.03519	0.00301	0.00224	0.00557
19	0.00930	0.09398	0.28025	0.01165	0.06955	0.02688	0.14290	0.01314	0.07762	0.04930	0.09070	0.09349	0.01201	0.00541	0.00430	0.00134	0.00500	0.00485	0.00271	0.00563
20	0.00601	0.00450	0.00676	0.00676	0.00751	0.00525	0.00525	0.00751	0.00676	0.00976	0.01126	0.01651	0.01051	0.03153	0.83560	0.00676	0.01126	0.00450	0.00225	0.00375
21	0.02606	0.08685	0.05762	0.01058	0.01186	0.09987	0.02205	0.06532	0.00840	0.02663	0.00632	0.00894	0.00568	0.00620	0.01006	0.00158	0.53542	0.00343	0.00211	0.00502
22	0.01058	0.03568	0.14740	0.07993	0.21158	0.09341	0.06277	0.02316	0.10307	0.06800	0.02656	0.01294	0.05784	0.00488	0.00464	0.00132	0.04364	0.00410	0.00265	0.00585
23	0.00903	0.00795	0.05629	0.05438	0.10205	0.02542	0.10044	0.02623	0.02885	0.10745	0.12388	0.11557	0.16309	0.01753	0.00527	0.00144	0.04041	0.00631	0.00338	0.00501
24	0.01767	0.00906	0.01094	0.00839	0.01168	0.00901	0.00693	0.34782	0.01523	0.49710	0.01390	0.01256	0.00906	0.00514	0.00422	0.00128	0.00401	0.00404	0.00479	0.00715
25	0.02416	0.53536	0.11072	0.00861	0.01215	0.20652	0.00833	0.03151	0.00960	0.01087	0.00628	0.00726	0.00542	0.00385	0.00313	0.00100	0.00539	0.00249	0.00195	0.00539
26	0.02362	0.05663	0.37181	0.01118	0.03466	0.00992	0.05819	0.07807	0.06623	0.09136	0.03222	0.07934	0.01027	0.00587	0.00490	0.00151	0.03740	0.01746	0.00305	0.00632
27	0.00725	0.00535	0.00656	0.00633	0.00719	0.00591	0.00454	0.01040	0.18048	0.02826	0.01362	0.03813	0.01315	0.33108	0.31863	0.00439	0.00653	0.00531	0.00289	0.00399
28	0.00523	0.00373	0.00497	0.00591	0.00619	0.00351	0.00401	0.00601	0.00807	0.01075	0.02284	0.78508	0.02726	0.03747	0.00585	0.00179	0.00256	0.05152	0.00386	0.00341
29	0.00919	0.19086	0.60470	0.01086	0.01625	0.04008	0.02476	0.01311	0.00895	0.01246	0.00805	0.00922	0.02576	0.00408	0.00376	0.00124	0.00582	0.00309	0.00185	0.00592
30	0.04855	0.07118	0.04467	0.00924	0.01210	0.18918	0.03079	0.25644	0.14163	0.06251	0.01216	0.03293	0.05076	0.00529	0.00414	0.00126	0.01378	0.00404	0.00339	0.00596
31	0.00532	0.00394	0.00497	0.00567	0.00625	0.00363	0.00402	0.00627	0.00863	0.01123	0.05984	0.54958	0.18879	0.03373	0.00572	0.00172	0.00254	0.09077	0.00389	0.00349
32	0.01979	0.00719	0.00941	0.00829	0.01002	0.02765	0.09155	0.15228	0.09058	0.06258	0.03753	0.36874	0.01798	0.03199	0.02613	0.00171	0.00390	0.02401	0.00376	0.00491
33	0.01035	0.58447	0.15533	0.00804	0.01182	0.03092	0.02694	0.01251	0.02135	0.01100	0.00861	0.00949	0.04786	0.00413	0.00314	0.00103	0.00466	0.00292	0.04006	0.00539
34	0.02504	0.15426	0.19564	0.02984	0.07080	0.07659	0.15586	0.11533	0.01079	0.06752	0.00892	0.01016	0.02309	0.00432	0.00433	0.00126	0.03422	0.00361	0.00249	0.00591
35	0.00536	0.00383	0.00505	0.00581	0.00625	0.00366	0.00404	0.00629	0.00823	0.01109	0.04353	0.65059	0.07728	0.01404	0.07280	0.00207	0.00316	0.03987	0.03355	0.00350
36	0.00872	0.10877	0.74603	0.01148	0.01742	0.01048	0.01466	0.01324	0.00884	0.01296	0.00737	0.00865	0.00533	0.00395	0.00386	0.00129	0.00603	0.00302	0.00178	0.00613
37	0.01888	0.07753	0.29403	0.06073	0.01409	0.02053	0.03313	0.04113	0.10401	0.11871	0.02482	0.08696	0.03785	0.01571	0.00442	0.00140	0.00469	0.03267	0.00301	0.00571
38	0.00527	0.00388	0.00485	0.00543	0.00593	0.00362	0.00369	0.00607	0.00819	0.01072	0.05078	0.53453	0.18060	0.10431	0.04970	0.00216	0.00299	0.01020	0.00369	0.00338
39	0.11276	0.00958	0.00993	0.00801	0.01065	0.04802	0.00640	0.41000	0.01441	0.15271	0.01150	0.04746	0.00916	0.09696	0.00588	0.00158	0.00420	0.00423	0.03056	0.00600
40	0.02151	0.26958	0.53189	0.01061	0.01582	0.01176	0.04349	0.01301	0.00881	0.01236	0.00731	0.00899	0.00571	0.00399	0.00366	0.00122	0.00565	0.01692	0.00184	0.00588
41	0.01098	0.21754	0.18598	0.03589	0.08249	0.04826	0.05817	0.10438	0.10204	0.04655	0.01019	0.03035	0.02779	0.00500	0.01567	0.00131	0.00506	0.00374	0.00265	0.00594
42	0.00851	0.07109	0.03842	0.02812	0.02518	0.10823	0.03777	0.00991	0.00794	0.01043	0.05103	0.02536	0.01041	0.12370	0.26822	0.00342	0.16136	0.00437	0.00228	0.00425
43	0.00920	0.06938	0.13421	0.05064	0.01267	0.02837	0.02732	0.03678	0.00914	0.01347	0.00751	0.00894	0.00608	0.00390	0.01690	0.00094	0.00420	0.00277	0.00234	0.55524
44	0.02560	0.08432	0.20516	0.01191	0.05490	0.07366	0.20160	0.07250	0.03637	0.03833	0.03060	0.03948	0.07043	0.00500	0.00436	0.00131	0.01566	0.00445	0.01876	0.00561

[dist]
# distance from previous block
# <min> <max>
0	3

[block]
# block no. 2 follows, 63 sequences, length 15
# corresponding to MSA columns:
# 188-202
name=unknown_C
#
# <colnr> <probs for GDERKNQSTAVLIFYWHMCP>
#	G	D	E	R	K	N	Q	S	T	A	V	L	I	F	Y	W	H	M	C	P
0	0.01092	0.00775	0.00910	0.00784	0.04492	0.03326	0.02090	0.16022	0.03148	0.13429	0.13592	0.04034	0.10512	0.00593	0.00415	0.00115	0.00342	0.00495	0.04045	0.19788
1	0.01138	0.55749	0.18421	0.00859	0.01263	0.05024	0.00901	0.10071	0.00999	0.01242	0.00668	0.00758	0.00557	0.00387	0.00317	0.00103	0.00499	0.00261	0.00207	0.00573
2	0.00743	0.00477	0.00595	0.00542	0.00673	0.00440	0.00412	0.03321	0.01156	0.09350	0.56666	0.02957	0.13512	0.03312	0.00527	0.00140	0.00229	0.00714	0.03805	0.00427
3	0.00927	0.26965	0.58990	0.01056	0.01599	0.01181	0.01305	0.01310	0.00878	0.01229	0.00704	0.00824	0.00535	0.00388	0.00361	0.00120	0.00570	0.00285	0.00178	0.00597
4	0.00775	0.00692	0.08790	0.00724	0.00873	0.00586	0.00599	0.12295	0.00978	0.04513	0.01748	0.44411	0.01899	0.03365	0.12707	0.00240	0.00455	0.03559	0.00351	0.00442
5	0.01463	0.03716	0.05318	0.00934	0.01240	0.15669	0.00781	0.34480	0.15662	0.12984	0.02792	0.01148	0.00880	0.00503	0.00411	0.00126	0.00480	0.00382	0.00381	0.00650
6	0.01120	0.05719	0.01984	0.01415	0.01748	0.01129	0.46738	0.13936	0.01097	0.05616	0.00889	0.02796	0.00697	0.00461	0.00595	0.00142	0.12627	0.00455	0.00259	0.00576
7	0.88196	0.00813	0.00618	0.00553	0.00813	0.00943	0.00455	0.01236	0.00715	0.01886	0.00585	0.00683	0.00455	0.00390	0.00260	0.00130	0.00325	0.00228	0.00260	0.00455
8	0.00584	0.00429	0.00547	0.00518	0.00622	0.00392	0.00388	0.00773	0.01165	0.01627	0.74036	0.03237	0.12349	0.00881	0.00496	0.00133	0.00200	0.00774	0.00455	0.00392
9	0.00594	0.00426	0.00573	0.00653	0.00718	0.00411	0.00508	0.00727	0.00902	0.01190	0.08009	0.37544	0.05736	0.04614	0.00617	0.00186	0.00309	0.35535	0.00389	0.00362
10	0.01088	0.01237	0.16686	0.01006	0.01339	0.04480	0.06393	0.10912	0.48532	0.01720	0.01347	0.01312	0.01001	0.00510	0.00424	0.00137	0.00446	0.00426	0.00356	0.00648
11	0.00541	0.00397	0.00482	0.00528	0.00584	0.00367	0.00361	0.00623	0.00841	0.01097	0.09273	0.40938	0.20560	0.17223	0.00832	0.00207	0.00270	0.04169	0.00370	0.00334
12	0.01047	0.11343	0.20833	0.00940	0.01274	0.09932	0.04253	0.07989	0.17424	0.03408	0.11949	0.01444	0.03041	0.00534	0.00425	0.00129	0.01642	0.01513	0.00308	0.00572
13	0.00610	0.00440	0.00532	0.00540	0.00635	0.00413	0.00391	0.00805	0.05648	0.02848	0.31090	0.27633	0.18991	0.02422	0.00521	0.00149	0.00229	0.00872	0.04840	0.00390
14	0.08656	0.01043	0.14252	0.00820	0.03228	0.00785	0.00737	0.09543	0.04090	0.05287	0.00837	0.00930	0.00647	0.00382	0.00366	0.00097	0.02045	0.00293	0.00273	0.45690

[dist]
# distance from previous block
# <min> <max>
0	1

[block]
# block no. 3 follows, 63 sequences, length 28
# corresponding to MSA columns:
# 204-231
name=unknown_D
#
# <colnr> <probs for GDERKNQSTAVLIFYWHMCP>
#	G	D	E	R	K	N	Q	S	T	A	V	L	I	F	Y	W	H	M	C	P
0	0.05945	0.03035	0.07039	0.00801	0.03470	0.15046	0.00635	0.04040	0.01015	0.03378	0.22263	0.13149	0.04988	0.05132	0.04246	0.00172	0.04280	0.00587	0.00325	0.00450
1	0.80980	0.00813	0.00678	0.00671	0.05536	0.00931	0.00502	0.01223	0.00732	0.01836	0.00640	0.02796	0.00525	0.00412	0.00276	0.00131	0.00333	0.00260	0.00260	0.00465
2	0.01109	0.03422	0.01017	0.00846	0.01102	0.01058	0.00670	0.14638	0.60210	0.01860	0.05155	0.01499	0.01268	0.00557	0.00421	0.00135	0.00350	0.00457	0.00414	0.03812
3	0.00601	0.00450	0.00676	0.00676	0.00751	0.00525	0.00525	0.00751	0.00676	0.00976	0.01126	0.01651	0.01051	0.03153	0.83560	0.00676	0.01126	0.00450	0.00225	0.00375
4	0.00588	0.00429	0.00552	0.00521	0.00624	0.00394	0.00391	0.00779	0.01173	0.01645	0.76558	0.03208	0.09817	0.00875	0.00496	0.00133	0.00199	0.00770	0.00457	0.00394
5	0.00504	0.00422	0.00438	0.00443	0.00574	0.00357	0.00329	0.00614	0.00963	0.01166	0.09050	0.09247	0.72317	0.01068	0.00499	0.00143	0.00214	0.00899	0.00395	0.00357
6	0.01570	0.02004	0.01191	0.01083	0.01300	0.83539	0.00812	0.01679	0.01191	0.01029	0.00650	0.00758	0.00541	0.00433	0.00379	0.00108	0.00758	0.00271	0.00217	0.00487
7	0.01019	0.00977	0.01668	0.09621	0.75730	0.00993	0.01280	0.01272	0.00947	0.01348	0.00787	0.01047	0.00657	0.00378	0.00417	0.00126	0.00505	0.00374	0.00206	0.00649
8	0.00992	0.01134	0.02481	0.01772	0.02197	0.01063	0.81077	0.01347	0.00992	0.01347	0.00850	0.01134	0.00638	0.00354	0.00496	0.00142	0.00709	0.00496	0.00213	0.00567
9	0.00872	0.00747	0.00872	0.00623	0.00996	0.00560	0.00498	0.01058	0.00872	0.01370	0.00747	0.00872	0.00623	0.00311	0.00311	0.00062	0.00311	0.00249	0.00249	0.87796
10	0.00943	0.00761	0.00890	0.00641	0.01011	0.00590	0.00514	0.03983	0.00926	0.05014	0.00797	0.00901	0.00644	0.00327	0.00320	0.00068	0.00319	0.00261	0.00267	0.80823
11	0.01540	0.01939	0.01177	0.01070	0.01287	0.78709	0.00804	0.01711	0.05913	0.01072	0.00712	0.00806	0.00585	0.00441	0.00382	0.00110	0.00733	0.00283	0.00229	0.00498
12	0.01039	0.01003	0.01729	0.02556	0.80231	0.01001	0.03645	0.01292	0.00958	0.01373	0.00792	0.01043	0.00665	0.00374	0.00419	0.00125	0.00506	0.00378	0.00208	0.00663
13	0.00992	0.01134	0.02481	0.01772	0.02197	0.01063	0.81077	0.01347	0.00992	0.01347	0.00850	0.01134	0.00638	0.00354	0.00496	0.00142	0.00709	0.00496	0.00213	0.00567
14	0.00497	0.00424	0.00428	0.00430	0.00569	0.00354	0.00321	0.00603	0.00954	0.01134	0.04202	0.06386	0.80129	0.01072	0.00498	0.00143	0.00214	0.00896	0.00390	0.00354
15	0.00730	0.00365	0.00548	0.00548	0.00548	0.00365	0.00365	0.00548	0.00548	0.00730	0.00730	0.01278	0.00730	0.01460	0.01643	0.87769	0.00365	0.00365	0.00183	0.00183
16	0.00522	0.00375	0.00490	0.00570	0.00603	0.00349	0.00382	0.00603	0.00832	0.01111	0.08328	0.72263	0.06140	0.04556	0.00595	0.00176	0.00246	0.01127	0.00390	0.00343
17	0.01651	0.01093	0.01209	0.00927	0.01261	0.01178	0.00766	0.66683	0.01835	0.17369	0.01128	0.01087	0.00775	0.00508	0.00421	0.00127	0.00443	0.00387	0.00439	0.00715
18	0.01598	0.01177	0.01262	0.00967	0.01304	0.01304	0.00799	0.81202	0.01976	0.02649	0.01009	0.01009	0.00715	0.00505	0.00421	0.00126	0.00463	0.00378	0.00421	0.00715
19	0.00872	0.00747	0.00872	0.00623	0.00996	0.00560	0.00498	0.01058	0.00872	0.01370	0.00747	0.00872	0.00623	0.00311	0.00311	0.00062	0.00311	0.00249	0.00249	0.87796
20	0.00551	0.00484	0.02309	0.00507	0.00633	0.01741	0.00389	0.00686	0.00990	0.01262	0.23165	0.14443	0.46992	0.01078	0.02727	0.00157	0.00256	0.00862	0.00396	0.00372
21	0.01577	0.01167	0.01250	0.00963	0.01296	0.01294	0.00794	0.78251	0.04962	0.02616	0.01036	0.01030	0.00736	0.00507	0.00421	0.00127	0.00458	0.00382	0.00421	0.00713
22	0.88196	0.00813	0.00618	0.00553	0.00813	0.00943	0.00455	0.01236	0.00715	0.01886	0.00585	0.00683	0.00455	0.00390	0.00260	0.00130	0.00325	0.00228	0.00260	0.00455
23	0.00872	0.00747	0.00872	0.00623	0.00996	0.00560	0.00498	0.01058	0.00872	0.01370	0.00747	0.00872	0.00623	0.00311	0.00311	0.00062	0.00311	0.00249	0.00249	0.87796
24	0.01228	0.07039	0.01431	0.04849	0.34771	0.35311	0.00987	0.01400	0.01022	0.01160	0.00746	0.00983	0.00645	0.03616	0.02952	0.00143	0.00621	0.00332	0.00211	0.00552
25	0.00794	0.00747	0.01261	0.84216	0.02895	0.00934	0.01167	0.01074	0.00841	0.01074	0.00747	0.01121	0.00560	0.00420	0.00420	0.00140	0.00560	0.00374	0.00187	0.00467
26	0.00608	0.00422	0.00531	0.00531	0.00556	0.00447	0.00345	0.00658	0.00633	0.00869	0.01258	0.02382	0.01368	0.57709	0.29438	0.00497	0.00648	0.00557	0.00245	0.00295
27	0.01138	0.82791	0.02170	0.00731	0.01086	0.04300	0.00722	0.01272	0.00865	0.00990	0.00587	0.00677	0.00540	0.00362	0.00273	0.00091	0.00459	0.00226	0.00181	0.00538

[dist]
# distance from previous block
# <min> <max>
0	2

[block]
# block no. 4 follows, 63 sequences, length 13
# corresponding to MSA columns:
# 234-246
name=unknown_E
#
# <colnr> <probs for GDERKNQSTAVLIFYWHMCP>
#	G	D	E	R	K	N	Q	S	T	A	V	L	I	F	Y	W	H	M	C	P
0	0.00788	0.00553	0.00711	0.00716	0.02782	0.00581	0.00515	0.13433	0.00956	0.04394	0.01609	0.32588	0.01714	0.10840	0.23566	0.00327	0.00553	0.02614	0.00335	0.00423
1	0.00586	0.00471	0.00580	0.00565	0.00675	0.00473	0.00430	0.00727	0.02175	0.01126	0.07461	0.08378	0.35486	0.04206	0.26062	0.00313	0.04335	0.00696	0.01553	0.03700
2	0.14905	0.08639	0.03954	0.13019	0.19374	0.09427	0.14084	0.04341	0.00966	0.03633	0.00868	0.01047	0.03133	0.00416	0.00391	0.00127	0.00526	0.00363	0.00234	0.00551
3	0.53599	0.09594	0.03506	0.00745	0.02428	0.10845	0.00620	0.10044	0.00932	0.01733	0.00647	0.00744	0.00511	0.00412	0.00323	0.00124	0.02170	0.00257	0.00259	0.00505
4	0.00977	0.08191	0.23281	0.11544	0.18882	0.10167	0.11873	0.01270	0.00935	0.01230	0.00866	0.07271	0.00749	0.00460	0.00416	0.00130	0.00573	0.00412	0.00210	0.00562
5	0.00730	0.00365	0.00548	0.00548	0.00548	0.00365	0.00365	0.00548	0.00548	0.00730	0.00730	0.01278	0.00730	0.01460	0.01643	0.87769	0.00365	0.00365	0.00183	0.00183
6	0.00603	0.00488	0.00592	0.04161	0.03148	0.00462	0.00443	0.00830	0.06748	0.01389	0.33401	0.08821	0.35518	0.00921	0.00489	0.00140	0.00241	0.00794	0.00406	0.00406
7	0.01424	0.10532	0.01253	0.00877	0.01185	0.01206	0.00731	0.50592	0.13162	0.07194	0.01121	0.01117	0.00821	0.00557	0.02251	0.00136	0.00439	0.00380	0.04357	0.00666
8	0.00615	0.00452	0.00583	0.00640	0.00690	0.00454	0.00451	0.06674	0.00893	0.01196	0.02150	0.72543	0.02529	0.01229	0.00561	0.00169	0.03397	0.04014	0.00385	0.00376
9	0.00809	0.00763	0.01288	0.79185	0.07808	0.00938	0.01175	0.01087	0.00848	0.01093	0.00750	0.01116	0.00567	0.00417	0.00420	0.00139	0.00557	0.00374	0.00188	0.00479
10	0.01163	0.63273	0.04882	0.00797	0.01136	0.12113	0.00756	0.01413	0.08981	0.01083	0.00711	0.00782	0.00614	0.00392	0.00304	0.00099	0.00484	0.00259	0.00209	0.00548
11	0.51316	0.02907	0.02688	0.03825	0.01056	0.14983	0.03513	0.03657	0.00872	0.01598	0.00904	0.01003	0.06660	0.00462	0.00355	0.00129	0.03035	0.00310	0.00257	0.00471
12	0.05214	0.08533	0.07073	0.00964	0.02891	0.04729	0.06776	0.24061	0.22227	0.01797	0.04740	0.05684	0.02377	0.00546	0.00415	0.00131	0.00438	0.00450	0.00347	0.00606

[dist]
# distance from previous block
# <min> <max>
0	11

[block]
# block no. 5 follows, 63 sequences, length 14
# corresponding to MSA columns:
# 258-271
name=unknown_F
#
# <colnr> <probs for GDERKNQSTAVLIFYWHMCP>
#	G	D	E	R	K	N	Q	S	T	A	V	L	I	F	Y	W	H	M	C	P
0	0.01167	0.10721	0.03525	0.05396	0.27510	0.08477	0.02821	0.11555	0.07676	0.07646	0.01103	0.06900	0.02665	0.00504	0.00410	0.00126	0.00475	0.00429	0.00289	0.00603
1	0.00511	0.00369	0.00485	0.00577	0.00608	0.00342	0.00387	0.00586	0.00813	0.01076	0.02416	0.80827	0.06841	0.01304	0.00535	0.00169	0.00242	0.01179	0.00390	0.00342
2	0.06899	0.00638	0.00737	0.03438	0.00907	0.00704	0.00546	0.01321	0.29605	0.04577	0.02938	0.34044	0.02851	0.00926	0.02723	0.00167	0.03311	0.00736	0.02441	0.00490
3	0.02909	0.40914	0.15738	0.00968	0.03379	0.07035	0.06226	0.09004	0.04249	0.02860	0.00751	0.00844	0.00605	0.00396	0.00343	0.00109	0.00508	0.00294	0.00228	0.02641
4	0.00579	0.03325	0.00601	0.00580	0.00656	0.00463	0.00422	0.00710	0.02416	0.01226	0.20075	0.43410	0.17462	0.01094	0.00552	0.00154	0.04556	0.00954	0.00389	0.00375
5	0.00521	0.00375	0.00496	0.00585	0.00620	0.00350	0.00400	0.00605	0.00830	0.01102	0.04803	0.75542	0.06214	0.01286	0.00536	0.00169	0.00247	0.04582	0.00392	0.00346
6	0.07844	0.04853	0.14720	0.09956	0.07851	0.26520	0.05094	0.03701	0.05440	0.07498	0.00834	0.00955	0.00633	0.00433	0.00406	0.00125	0.02003	0.00330	0.00248	0.00558
7	0.02537	0.04750	0.20568	0.07036	0.24479	0.03735	0.08089	0.02603	0.12194	0.03386	0.00982	0.02516	0.01751	0.00451	0.00444	0.00133	0.03101	0.00393	0.00246	0.00605
8	0.00843	0.02174	0.83048	0.01198	0.01819	0.00976	0.01553	0.01331	0.00888	0.01331	0.00754	0.00888	0.00533	0.00399	0.00399	0.00133	0.00621	0.00311	0.00178	0.00621
9	0.00556	0.00425	0.00510	0.00550	0.00631	0.00396	0.00393	0.00712	0.04908	0.01198	0.12428	0.40713	0.25761	0.04245	0.00576	0.00166	0.00247	0.04822	0.00396	0.00367
10	0.06426	0.02613	0.04310	0.02398	0.11079	0.10072	0.06627	0.34596	0.05524	0.08146	0.00984	0.02203	0.00738	0.00476	0.00426	0.00128	0.01900	0.00380	0.00336	0.00637
11	0.02533	0.11164	0.23896	0.02360	0.06603	0.02881	0.13413	0.11081	0.07422	0.05406	0.02140	0.03126	0.03549	0.00476	0.00430	0.00130	0.02117	0.00406	0.00269	0.00596
12	0.04384	0.00744	0.04859	0.01792	0.01015	0.00655	0.01748	0.05047	0.07978	0.37787	0.17097	0.02021	0.06492	0.02276	0.00476	0.00141	0.00343	0.04115	0.00444	0.00586
13	0.00674	0.00508	0.00612	0.00620	0.00718	0.00513	0.00452	0.07673	0.08019	0.01334	0.11668	0.38797	0.12778	0.04880	0.06581	0.00204	0.00335	0.02838	0.00387	0.00410

[dist]
# distance from previous block
# <min> <max>
0	17

# created by:
# /st0/software/busco_prod/Augustus/scripts/msa2prfl.pl ./align_prep/39494.fa
