[name]
unknown

[dist]
# distance from previous block
# <min> <max>
0	936

[block]
# block no. 0 follows, 65 sequences, length 7
# corresponding to MSA columns:
# 1010-1016
name=unknown_A
#
# <colnr> <probs for GDERKNQSTAVLIFYWHMCP>
#	G	D	E	R	K	N	Q	S	T	A	V	L	I	F	Y	W	H	M	C	P
0	0.00629	0.00455	0.00621	0.00709	0.00798	0.00447	0.00602	0.00798	0.00926	0.01198	0.02334	0.14049	0.08505	0.01145	0.00556	0.00183	0.00349	0.64949	0.00379	0.00370
1	0.01337	0.01427	0.04834	0.01135	0.10641	0.33925	0.00831	0.22375	0.07169	0.01557	0.00832	0.00911	0.00648	0.00430	0.00382	0.00111	0.00552	0.00317	0.00279	0.10308
2	0.00919	0.00822	0.00717	0.00662	0.00778	0.18564	0.00475	0.01092	0.08286	0.06839	0.06474	0.02170	0.12324	0.31423	0.03770	0.00242	0.03213	0.00532	0.00301	0.00398
3	0.02867	0.00932	0.04697	0.07110	0.21442	0.00944	0.05338	0.18624	0.08469	0.07071	0.01100	0.02938	0.02850	0.05634	0.04421	0.00171	0.04089	0.00425	0.00297	0.00580
4	0.07256	0.13767	0.15638	0.03531	0.11082	0.14108	0.17038	0.01338	0.04971	0.01248	0.00806	0.04028	0.00672	0.00427	0.00408	0.00124	0.02437	0.00365	0.00216	0.00542
5	0.00786	0.00611	0.00729	0.00771	0.06990	0.03109	0.00528	0.09388	0.06587	0.04635	0.05678	0.26303	0.17763	0.03744	0.10232	0.00211	0.00402	0.00736	0.00354	0.00443
6	0.00592	0.00416	0.00520	0.00569	0.00636	0.00394	0.00402	0.00730	0.04669	0.04005	0.05795	0.51625	0.13986	0.07231	0.00624	0.00177	0.00261	0.06627	0.00380	0.00362

[dist]
# distance from previous block
# <min> <max>
7	13

[block]
# block no. 1 follows, 65 sequences, length 13
# corresponding to MSA columns:
# 1032-1044
name=unknown_B
#
# <colnr> <probs for GDERKNQSTAVLIFYWHMCP>
#	G	D	E	R	K	N	Q	S	T	A	V	L	I	F	Y	W	H	M	C	P
0	0.05341	0.12346	0.35272	0.01037	0.05700	0.02851	0.04090	0.08284	0.00986	0.07598	0.02604	0.05075	0.04675	0.00488	0.00403	0.00126	0.01915	0.00389	0.00253	0.00568
1	0.01153	0.01157	0.07868	0.07725	0.24152	0.07595	0.08364	0.19827	0.12846	0.02700	0.00949	0.01067	0.00722	0.00431	0.00411	0.00126	0.00504	0.00378	0.00283	0.01742
2	0.00888	0.03333	0.00922	0.03597	0.03076	0.16451	0.06783	0.03464	0.03251	0.04149	0.01622	0.30058	0.05556	0.08659	0.00612	0.00166	0.00427	0.06249	0.00312	0.00425
3	0.00521	0.00375	0.00486	0.00561	0.00600	0.00351	0.00386	0.00605	0.00817	0.01083	0.07118	0.63843	0.08432	0.06835	0.00626	0.00179	0.00253	0.06217	0.00376	0.00335
4	0.06313	0.05712	0.01113	0.06145	0.02562	0.09713	0.03346	0.17193	0.14177	0.10328	0.01132	0.01156	0.03871	0.00460	0.00378	0.00114	0.00423	0.00362	0.00325	0.15178
5	0.01385	0.43171	0.09242	0.00974	0.01334	0.05285	0.03441	0.18957	0.01254	0.04794	0.05007	0.01195	0.00942	0.00552	0.00425	0.00143	0.00530	0.00373	0.00325	0.00671
6	0.00531	0.00384	0.00485	0.00547	0.00592	0.00359	0.00378	0.00614	0.00817	0.01077	0.07979	0.51777	0.12189	0.12824	0.00736	0.00194	0.00265	0.07551	0.00368	0.00331
7	0.00505	0.00367	0.00473	0.00550	0.00588	0.00339	0.00371	0.00584	0.00813	0.01075	0.06264	0.70802	0.10785	0.03698	0.00564	0.00169	0.00238	0.01100	0.00381	0.00335
8	0.06572	0.00831	0.02235	0.01013	0.09540	0.02959	0.09711	0.15563	0.04037	0.07625	0.03489	0.06478	0.02676	0.12179	0.03663	0.00187	0.05493	0.00478	0.04761	0.00511
9	0.01063	0.00849	0.00937	0.00773	0.01012	0.04286	0.04278	0.32736	0.07006	0.03609	0.03809	0.09673	0.22690	0.00705	0.00440	0.00130	0.00367	0.00586	0.00378	0.04675
10	0.00730	0.04875	0.01180	0.05153	0.13199	0.00701	0.16277	0.00893	0.00841	0.01131	0.01579	0.38573	0.04994	0.03399	0.00564	0.00156	0.04261	0.00764	0.00288	0.00442
11	0.05458	0.02818	0.15242	0.02487	0.10692	0.03105	0.09346	0.22003	0.05483	0.03646	0.00867	0.00972	0.00653	0.00414	0.00405	0.00118	0.02036	0.00344	0.00278	0.13633
12	0.47161	0.05649	0.04879	0.00868	0.05140	0.10337	0.08687	0.01301	0.02104	0.03854	0.00679	0.00791	0.00530	0.00382	0.00315	0.00119	0.00431	0.00274	0.00243	0.06255

[dist]
# distance from previous block
# <min> <max>
0	5

[block]
# block no. 2 follows, 65 sequences, length 20
# corresponding to MSA columns:
# 1050-1069
name=unknown_C
#
# <colnr> <probs for GDERKNQSTAVLIFYWHMCP>
#	G	D	E	R	K	N	Q	S	T	A	V	L	I	F	Y	W	H	M	C	P
0	0.03314	0.10970	0.23525	0.01107	0.05576	0.18595	0.06152	0.14896	0.05501	0.05343	0.00834	0.00916	0.00627	0.00420	0.00381	0.00119	0.00555	0.00324	0.00256	0.00587
1	0.01785	0.00446	0.00618	0.04588	0.00787	0.00424	0.04438	0.00703	0.01828	0.03012	0.05136	0.54020	0.16335	0.03195	0.00540	0.00162	0.00277	0.00975	0.00364	0.00366
2	0.01254	0.40137	0.03514	0.00954	0.05224	0.34049	0.00781	0.01466	0.07117	0.01064	0.00693	0.00779	0.00588	0.00397	0.00327	0.00101	0.00556	0.00265	0.00209	0.00524
3	0.01124	0.40404	0.16119	0.00961	0.01348	0.05393	0.11484	0.06131	0.05854	0.06426	0.00794	0.00876	0.00623	0.00392	0.00347	0.00110	0.00505	0.00307	0.00231	0.00570
4	0.07562	0.00711	0.00831	0.00712	0.00931	0.01599	0.00575	0.16959	0.02553	0.22814	0.05471	0.03362	0.02340	0.07766	0.00599	0.02511	0.00365	0.15069	0.01200	0.06071
5	0.00551	0.00424	0.00500	0.00507	0.00607	0.00387	0.00375	0.00709	0.03228	0.01288	0.30039	0.15885	0.32553	0.05601	0.00581	0.00157	0.00231	0.05614	0.00399	0.00363
6	0.05963	0.00756	0.00949	0.00742	0.01032	0.00719	0.00606	0.16240	0.01247	0.57325	0.03509	0.01321	0.00986	0.00566	0.00482	0.05694	0.00363	0.00401	0.00456	0.00645
7	0.00528	0.00401	0.00491	0.00555	0.00615	0.00377	0.00383	0.00672	0.05714	0.01101	0.02624	0.63225	0.19418	0.01191	0.00509	0.00159	0.00237	0.01062	0.00383	0.00355
8	0.00518	0.00392	0.00480	0.00525	0.00601	0.00354	0.00377	0.00626	0.00902	0.01173	0.15588	0.41903	0.27993	0.01129	0.00508	0.00153	0.00230	0.05805	0.00392	0.00349
9	0.00562	0.00384	0.00509	0.00581	0.00624	0.00364	0.00404	0.00645	0.00797	0.03641	0.02189	0.66258	0.05172	0.05524	0.05138	0.00204	0.00304	0.05984	0.00370	0.00346
10	0.01633	0.00974	0.01116	0.00862	0.01182	0.01020	0.00710	0.48973	0.05879	0.31421	0.01248	0.01161	0.00841	0.00502	0.00412	0.00125	0.00408	0.00390	0.00446	0.00696
11	0.00823	0.02123	0.83447	0.01170	0.01777	0.00953	0.01517	0.01300	0.00867	0.01300	0.00737	0.00867	0.00520	0.00390	0.00390	0.00130	0.00607	0.00303	0.00173	0.00607
12	0.00574	0.00470	0.00513	0.00502	0.00637	0.00437	0.00381	0.00821	0.10401	0.01295	0.20448	0.06473	0.51147	0.00953	0.00481	0.00139	0.00225	0.03311	0.00400	0.00391
13	0.00502	0.00366	0.00471	0.00550	0.00588	0.00338	0.00371	0.00579	0.00808	0.01064	0.04392	0.72478	0.11698	0.03014	0.00551	0.00168	0.00237	0.01111	0.00380	0.00334
14	0.00981	0.00657	0.00747	0.00641	0.00817	0.00672	0.00494	0.25368	0.01217	0.08813	0.12741	0.07433	0.15461	0.11866	0.04792	0.00190	0.00362	0.00593	0.05676	0.00479
15	0.00927	0.00737	0.00866	0.00623	0.00984	0.00567	0.00500	0.02922	0.00895	0.06291	0.00789	0.00887	0.00635	0.00321	0.00313	0.00066	0.00310	0.00256	0.00263	0.80848
16	0.72101	0.00809	0.00683	0.01686	0.02891	0.01956	0.00503	0.01273	0.07284	0.01760	0.00689	0.00786	0.00539	0.00446	0.01541	0.00136	0.02367	0.00257	0.01828	0.00465
17	0.01436	0.01059	0.01177	0.00910	0.01208	0.01161	0.03515	0.69342	0.01754	0.02372	0.01019	0.01127	0.00765	0.05874	0.00513	0.00140	0.00442	0.00389	0.05151	0.00647
18	0.00966	0.01087	0.02217	0.01609	0.01989	0.03874	0.70888	0.01318	0.03681	0.01295	0.00869	0.01141	0.00666	0.00529	0.05763	0.00170	0.00707	0.00473	0.00216	0.00542
19	0.16102	0.06875	0.01958	0.06465	0.13192	0.19233	0.02187	0.08889	0.03161	0.01373	0.00884	0.03227	0.03503	0.02727	0.00504	0.00133	0.08475	0.00357	0.00246	0.00510

[dist]
# distance from previous block
# <min> <max>
11	28

[block]
# block no. 3 follows, 65 sequences, length 14
# corresponding to MSA columns:
# 1104-1117
name=unknown_D
#
# <colnr> <probs for GDERKNQSTAVLIFYWHMCP>
#	G	D	E	R	K	N	Q	S	T	A	V	L	I	F	Y	W	H	M	C	P
0	0.05042	0.13342	0.54385	0.01076	0.01574	0.01060	0.05398	0.04637	0.00906	0.04442	0.00747	0.00868	0.00550	0.00404	0.00411	0.00126	0.03938	0.00307	0.00202	0.00586
1	0.01789	0.00783	0.01005	0.00770	0.01090	0.00729	0.00636	0.16912	0.01316	0.68186	0.01501	0.01320	0.00957	0.00505	0.00412	0.00126	0.00368	0.00405	0.00490	0.00698
2	0.06426	0.00999	0.00955	0.05295	0.01161	0.12070	0.00682	0.08988	0.48343	0.01638	0.03327	0.03322	0.01153	0.00558	0.00409	0.00135	0.00400	0.03189	0.00366	0.00585
3	0.01304	0.01036	0.10391	0.02914	0.08054	0.07532	0.12389	0.01579	0.05590	0.33353	0.01338	0.03651	0.04709	0.00508	0.00459	0.00131	0.03678	0.00437	0.00344	0.00601
4	0.00796	0.00711	0.01029	0.25865	0.20749	0.02834	0.00837	0.04161	0.00968	0.01282	0.10363	0.02065	0.17900	0.00620	0.00435	0.00133	0.00404	0.04775	0.03599	0.00475
5	0.88473	0.00794	0.00603	0.00540	0.00794	0.00921	0.00445	0.01207	0.00699	0.01842	0.00572	0.00667	0.00445	0.00381	0.00254	0.00127	0.00318	0.00222	0.00254	0.00445
6	0.03344	0.00963	0.07078	0.00862	0.02969	0.08040	0.01799	0.13278	0.10733	0.23526	0.04583	0.06881	0.02218	0.04074	0.03323	0.00161	0.03649	0.01578	0.00369	0.00573
7	0.00896	0.01071	0.10321	0.04819	0.10389	0.00933	0.45370	0.01224	0.02996	0.01307	0.04720	0.06642	0.00922	0.00462	0.00493	0.00138	0.03834	0.00497	0.02432	0.00538
8	0.00531	0.00399	0.00486	0.00528	0.00603	0.00365	0.00383	0.00637	0.00886	0.01149	0.13536	0.34271	0.27363	0.07209	0.00624	0.00172	0.00250	0.09880	0.00381	0.00344
9	0.05387	0.01030	0.01269	0.06399	0.04178	0.11168	0.13675	0.23088	0.01197	0.09528	0.00985	0.04438	0.00793	0.04353	0.00552	0.00142	0.06492	0.00413	0.04362	0.00551
10	0.03020	0.01239	0.10505	0.04968	0.08125	0.18020	0.06071	0.11560	0.13719	0.12309	0.01135	0.04044	0.02458	0.00491	0.00408	0.00127	0.00503	0.00402	0.00311	0.00585
11	0.01069	0.00663	0.03982	0.00635	0.00846	0.00597	0.00522	0.11228	0.05317	0.22823	0.12616	0.08613	0.14674	0.00690	0.00422	0.00128	0.00295	0.00577	0.13783	0.00518
12	0.00587	0.00472	0.00485	0.00507	0.00562	0.04719	0.00333	0.00642	0.00774	0.00965	0.02321	0.26815	0.24008	0.33688	0.01109	0.00245	0.00318	0.00818	0.00321	0.00312
13	0.03131	0.05307	0.01357	0.10466	0.28194	0.03792	0.05533	0.08241	0.10710	0.04656	0.04877	0.01199	0.00887	0.00619	0.05743	0.00161	0.03888	0.00395	0.00269	0.00574

[dist]
# distance from previous block
# <min> <max>
3	17

[block]
# block no. 4 follows, 65 sequences, length 17
# corresponding to MSA columns:
# 1135-1149,1159,1160
name=unknown_E
#
# <colnr> <probs for GDERKNQSTAVLIFYWHMCP>
#	G	D	E	R	K	N	Q	S	T	A	V	L	I	F	Y	W	H	M	C	P
0	0.01162	0.01065	0.01445	0.01326	0.14176	0.12808	0.19979	0.11857	0.04421	0.09371	0.03049	0.04654	0.05262	0.00519	0.00504	0.00132	0.06959	0.00456	0.00292	0.00563
1	0.00732	0.00604	0.00752	0.00620	0.00840	0.00526	0.04317	0.06455	0.02173	0.01420	0.20165	0.09343	0.20806	0.00700	0.00423	0.00113	0.00280	0.00604	0.00347	0.28782
2	0.03584	0.14598	0.01269	0.00961	0.02776	0.47570	0.00747	0.10357	0.08730	0.01271	0.00893	0.00952	0.03690	0.00453	0.00365	0.00110	0.00588	0.00311	0.00254	0.00522
3	0.00713	0.00357	0.00535	0.00535	0.00535	0.00357	0.00357	0.00535	0.00535	0.00713	0.00713	0.01248	0.00713	0.01426	0.01604	0.88057	0.00357	0.00357	0.00178	0.00178
4	0.01013	0.17319	0.01148	0.00785	0.01000	0.22875	0.02957	0.03197	0.02737	0.01089	0.00931	0.07759	0.00893	0.07422	0.14537	0.00218	0.00597	0.00393	0.00236	0.12894
5	0.01010	0.05518	0.08429	0.17539	0.05112	0.12017	0.12106	0.03906	0.07509	0.06556	0.09266	0.07069	0.01134	0.00521	0.00422	0.00129	0.00500	0.00460	0.00278	0.00521
6	0.00605	0.00452	0.00551	0.00514	0.00631	0.00419	0.00389	0.04406	0.01148	0.01573	0.62179	0.03162	0.20705	0.00867	0.00481	0.00131	0.00208	0.00752	0.00435	0.00393
7	0.00582	0.00397	0.00447	0.00453	0.00465	0.00390	0.00262	0.00595	0.00635	0.00836	0.01575	0.08117	0.07779	0.73681	0.01866	0.00363	0.00373	0.00654	0.00267	0.00262
8	0.04273	0.11211	0.10983	0.01006	0.01326	0.30970	0.06156	0.18630	0.04503	0.05961	0.00821	0.00888	0.00623	0.00429	0.00377	0.00116	0.00573	0.00316	0.00271	0.00568
9	0.00833	0.00835	0.04944	0.03426	0.18714	0.07179	0.05296	0.04826	0.00908	0.01218	0.01423	0.28802	0.04791	0.00882	0.04988	0.00170	0.06435	0.00650	0.03209	0.00471
10	0.00611	0.00441	0.00550	0.00564	0.00678	0.00405	0.00451	0.00770	0.01013	0.03917	0.28020	0.06074	0.29205	0.00995	0.00508	0.00151	0.00260	0.24601	0.00406	0.00380
11	0.00958	0.00803	0.01078	0.03141	0.01122	0.04765	0.12927	0.19371	0.01112	0.04107	0.07132	0.21459	0.04755	0.06666	0.02072	0.00169	0.06919	0.00635	0.00330	0.00480
12	0.01048	0.01334	0.23573	0.01233	0.07749	0.04122	0.15512	0.13617	0.22370	0.01606	0.03007	0.01161	0.00848	0.00451	0.00420	0.00131	0.00511	0.00402	0.00290	0.00615
13	0.01010	0.01050	0.01167	0.09682	0.21843	0.21774	0.03819	0.01282	0.09149	0.01171	0.01031	0.05638	0.00942	0.06057	0.08810	0.00198	0.00586	0.04043	0.00247	0.00501
14	0.00609	0.06414	0.04578	0.00615	0.00712	0.00524	0.00480	0.00740	0.03117	0.01019	0.01756	0.35958	0.07487	0.09113	0.21110	0.03849	0.00500	0.00757	0.00299	0.00364
15	0.00884	0.13903	0.00917	0.00647	0.00790	0.07480	0.00486	0.10905	0.04802	0.01179	0.03143	0.12086	0.01317	0.32355	0.04695	0.00247	0.00439	0.00534	0.00282	0.02910
16	0.00973	0.18521	0.11072	0.04969	0.03922	0.08403	0.09719	0.06628	0.03324	0.03825	0.01150	0.14674	0.03091	0.00751	0.06201	0.00163	0.00522	0.01325	0.00260	0.00507

[dist]
# distance from previous block
# <min> <max>
0	7

[block]
# block no. 5 follows, 65 sequences, length 18
# corresponding to MSA columns:
# 1168-1182,1206-1208
name=unknown_F
#
# <colnr> <probs for GDERKNQSTAVLIFYWHMCP>
#	G	D	E	R	K	N	Q	S	T	A	V	L	I	F	Y	W	H	M	C	P
0	0.00729	0.00567	0.00668	0.00651	0.04456	0.01703	0.00467	0.07231	0.02285	0.03709	0.20675	0.06834	0.27973	0.04388	0.05222	0.00169	0.00323	0.02584	0.00365	0.09000
1	0.03684	0.03353	0.03060	0.03207	0.17412	0.05115	0.19838	0.09449	0.06482	0.08281	0.04381	0.07394	0.01023	0.00513	0.00442	0.00132	0.01536	0.02571	0.00293	0.01836
2	0.00800	0.00609	0.00723	0.00590	0.00842	0.00498	0.00462	0.00985	0.03145	0.06465	0.08346	0.08562	0.12154	0.03075	0.00438	0.00109	0.00287	0.05267	0.00320	0.46322
3	0.01241	0.00990	0.01072	0.04613	0.01234	0.01124	0.00727	0.36190	0.44208	0.02060	0.01335	0.01278	0.00984	0.00523	0.00414	0.00132	0.00389	0.00419	0.00404	0.00662
4	0.00768	0.00669	0.04475	0.00702	0.00853	0.04632	0.04760	0.01051	0.12089	0.06604	0.15843	0.28897	0.10080	0.04814	0.00549	0.00156	0.00321	0.01923	0.00373	0.00439
5	0.03193	0.00775	0.05231	0.00731	0.01032	0.00654	0.00624	0.08360	0.02610	0.55032	0.02962	0.05422	0.07311	0.00574	0.00416	0.00128	0.00350	0.00470	0.00450	0.03675
6	0.01558	0.01221	0.01226	0.00954	0.01273	0.08569	0.00781	0.74582	0.01862	0.02447	0.00955	0.00964	0.00683	0.00487	0.00407	0.00122	0.00477	0.00360	0.00393	0.00678
7	0.00505	0.00377	0.00464	0.00525	0.00580	0.00342	0.00359	0.00588	0.00835	0.01085	0.07146	0.57373	0.22119	0.04956	0.00582	0.00168	0.00235	0.01045	0.00379	0.00336
8	0.01426	0.01258	0.01130	0.00931	0.01206	0.20123	0.00742	0.45725	0.16696	0.02026	0.01045	0.01050	0.00775	0.00488	0.00398	0.00121	0.00485	0.00364	0.03382	0.00627
9	0.01166	0.01145	0.11138	0.01218	0.01581	0.03833	0.32887	0.19476	0.02695	0.10082	0.00986	0.01125	0.00721	0.00553	0.04655	0.00156	0.00581	0.00414	0.05001	0.00588
10	0.00563	0.00399	0.00480	0.00519	0.00547	0.00389	0.00330	0.00648	0.03728	0.00981	0.04094	0.40340	0.05530	0.38172	0.01203	0.00265	0.00309	0.00867	0.00326	0.00310
11	0.00542	0.00377	0.00462	0.00514	0.00537	0.00360	0.00328	0.00595	0.00733	0.00982	0.03485	0.47988	0.05974	0.31818	0.01083	0.00247	0.00293	0.00919	0.02457	0.00306
12	0.03914	0.00916	0.01038	0.00817	0.01112	0.00965	0.00669	0.41655	0.08215	0.27143	0.01250	0.01196	0.00864	0.00549	0.02031	0.00134	0.00402	0.00389	0.06080	0.00660
13	0.01441	0.00795	0.00928	0.00737	0.01009	0.00797	0.00600	0.29823	0.03620	0.33888	0.03854	0.01575	0.09355	0.00564	0.00409	0.00124	0.00350	0.00451	0.09056	0.00621
14	0.00504	0.00366	0.00468	0.00546	0.00582	0.00339	0.00365	0.00575	0.00792	0.01040	0.02424	0.70994	0.11899	0.06270	0.00613	0.00177	0.00244	0.01098	0.00373	0.00330
15	0.04586	0.34202	0.06126	0.03256	0.06494	0.21319	0.03357	0.02782	0.00943	0.01134	0.03508	0.02811	0.00708	0.00430	0.00381	0.00108	0.04219	0.00307	0.00211	0.03120
16	0.01002	0.16192	0.03632	0.08813	0.05545	0.06324	0.00706	0.14431	0.06137	0.01291	0.00935	0.01370	0.00858	0.20642	0.03720	0.00203	0.05087	0.00392	0.00255	0.02465
17	0.37398	0.08542	0.12198	0.05000	0.17062	0.01007	0.04494	0.03690	0.02646	0.01542	0.00692	0.00833	0.00544	0.00382	0.00330	0.00123	0.00432	0.00290	0.00229	0.02567

[dist]
# distance from previous block
# <min> <max>
0	2

[block]
# block no. 6 follows, 65 sequences, length 9
# corresponding to MSA columns:
# 1214-1222
name=unknown_G
#
# <colnr> <probs for GDERKNQSTAVLIFYWHMCP>
#	G	D	E	R	K	N	Q	S	T	A	V	L	I	F	Y	W	H	M	C	P
0	0.00672	0.00632	0.03543	0.00674	0.00807	0.05303	0.03500	0.00908	0.09848	0.01195	0.06198	0.45392	0.11830	0.00970	0.00476	0.00145	0.00305	0.00861	0.00356	0.06385
1	0.00550	0.00421	0.00454	0.00452	0.00580	0.00360	0.00334	0.00657	0.00937	0.04389	0.09344	0.12133	0.63595	0.03289	0.00529	0.00147	0.00221	0.00863	0.00388	0.00359
2	0.01129	0.80042	0.02088	0.00719	0.01069	0.01600	0.00708	0.06718	0.00909	0.01076	0.00599	0.00681	0.00538	0.00361	0.00273	0.00090	0.00440	0.00230	0.00192	0.00538
3	0.00795	0.02333	0.07649	0.01020	0.05907	0.02330	0.22416	0.01001	0.00921	0.05399	0.04061	0.15399	0.21485	0.03874	0.00523	0.00146	0.00423	0.00658	0.00300	0.03361
4	0.00667	0.00416	0.00481	0.00467	0.00489	0.00409	0.00275	0.00684	0.00653	0.05534	0.04713	0.02629	0.01565	0.77189	0.01927	0.00371	0.00387	0.00593	0.00272	0.00280
5	0.00532	0.00375	0.00469	0.00526	0.00552	0.00356	0.00340	0.00590	0.00757	0.01008	0.06282	0.53460	0.05842	0.25800	0.00976	0.00231	0.00281	0.00966	0.00346	0.00312
6	0.07083	0.03877	0.04970	0.03383	0.06853	0.18477	0.07718	0.21848	0.06632	0.04684	0.02627	0.01070	0.00755	0.00478	0.00461	0.00127	0.06275	0.01821	0.00291	0.00570
7	0.00782	0.00574	0.00719	0.02047	0.08699	0.02443	0.00531	0.05231	0.06434	0.01333	0.05869	0.04926	0.01233	0.06263	0.25521	0.00295	0.00547	0.00464	0.25656	0.00432
8	0.00971	0.37658	0.17180	0.00855	0.03697	0.01119	0.03738	0.05372	0.00944	0.04157	0.07420	0.07738	0.03519	0.00509	0.00358	0.00113	0.00428	0.00405	0.03292	0.00525

[dist]
# distance from previous block
# <min> <max>
2	11

[block]
# block no. 7 follows, 65 sequences, length 13
# corresponding to MSA columns:
# 1234-1246
name=unknown_H
#
# <colnr> <probs for GDERKNQSTAVLIFYWHMCP>
#	G	D	E	R	K	N	Q	S	T	A	V	L	I	F	Y	W	H	M	C	P
0	0.00577	0.00391	0.00453	0.00471	0.00486	0.00383	0.00281	0.00604	0.00666	0.00894	0.03506	0.19137	0.04842	0.61765	0.01640	0.00329	0.00350	0.00719	0.02230	0.00275
1	0.05571	0.07568	0.01435	0.06521	0.42053	0.05118	0.05217	0.06382	0.00970	0.01343	0.01039	0.10142	0.03887	0.00502	0.00406	0.00126	0.00462	0.00453	0.00242	0.00562
2	0.00790	0.00686	0.00934	0.01199	0.25101	0.03738	0.00700	0.05625	0.05720	0.01274	0.03630	0.36269	0.05959	0.00973	0.05298	0.00173	0.00395	0.00740	0.00318	0.00476
3	0.01019	0.07520	0.04101	0.04802	0.08478	0.13264	0.14278	0.04045	0.20829	0.01344	0.04217	0.06171	0.03543	0.02530	0.00474	0.00136	0.01961	0.00463	0.00286	0.00540
4	0.00510	0.00377	0.00469	0.00528	0.00580	0.00345	0.00360	0.00595	0.00840	0.01100	0.09871	0.56422	0.19161	0.06083	0.00603	0.00171	0.00237	0.01034	0.00380	0.00336
5	0.05656	0.00495	0.00586	0.00575	0.00682	0.00492	0.00415	0.04462	0.04649	0.10327	0.07356	0.33751	0.04384	0.11506	0.03377	0.00191	0.00307	0.00748	0.09632	0.00410
6	0.00659	0.00508	0.00559	0.00557	0.00655	0.05242	0.00410	0.00778	0.00869	0.04122	0.11987	0.16265	0.22631	0.07512	0.19229	0.00272	0.00459	0.00703	0.06214	0.00369
7	0.00786	0.00677	0.02833	0.02352	0.00992	0.02645	0.09849	0.04038	0.10837	0.05179	0.01900	0.30827	0.10618	0.02625	0.05376	0.00185	0.03476	0.04014	0.00341	0.00448
8	0.00541	0.00375	0.00489	0.00571	0.00605	0.00357	0.00396	0.00627	0.00792	0.01075	0.02120	0.64757	0.02479	0.08141	0.00643	0.00184	0.00264	0.09807	0.05442	0.00334
9	0.00949	0.00957	0.01331	0.07599	0.06998	0.07363	0.09763	0.04093	0.03403	0.01137	0.00757	0.04134	0.00693	0.00747	0.05571	0.00185	0.43219	0.00405	0.00213	0.00484
10	0.01144	0.06124	0.06998	0.03025	0.19033	0.08432	0.11597	0.13417	0.10947	0.06203	0.00954	0.01085	0.00737	0.00588	0.05272	0.00157	0.03037	0.00379	0.00275	0.00595
11	0.00707	0.00416	0.00566	0.00595	0.00646	0.00406	0.00426	0.03564	0.00776	0.05125	0.01595	0.36609	0.01755	0.01228	0.00898	0.31558	0.00308	0.09652	0.02854	0.00316
12	0.06324	0.24108	0.03198	0.00946	0.03678	0.21170	0.03336	0.18849	0.01138	0.01430	0.00710	0.00821	0.00580	0.00470	0.01894	0.00120	0.05561	0.00291	0.00246	0.05129

[dist]
# distance from previous block
# <min> <max>
0	10

[block]
# block no. 8 follows, 65 sequences, length 10
# corresponding to MSA columns:
# 1262-1271
name=unknown_I
#
# <colnr> <probs for GDERKNQSTAVLIFYWHMCP>
#	G	D	E	R	K	N	Q	S	T	A	V	L	I	F	Y	W	H	M	C	P
0	0.01072	0.06053	0.09973	0.03691	0.03542	0.11378	0.33502	0.07393	0.02129	0.04898	0.02417	0.02440	0.04239	0.00445	0.00454	0.00128	0.02842	0.00427	0.00248	0.02729
1	0.71952	0.00954	0.06647	0.00633	0.00908	0.05280	0.00559	0.04057	0.00786	0.01767	0.00648	0.00812	0.00519	0.00410	0.00285	0.00128	0.00367	0.02568	0.00255	0.00465
2	0.13196	0.00645	0.00713	0.00595	0.00816	0.00650	0.00479	0.10836	0.03295	0.28266	0.01293	0.01305	0.00921	0.00479	0.00341	0.00115	0.00294	0.00371	0.34851	0.00538
3	0.00554	0.00410	0.00496	0.00502	0.00565	0.00404	0.00346	0.00633	0.00753	0.00987	0.06424	0.10129	0.24385	0.30956	0.20310	0.00351	0.00482	0.00694	0.00302	0.00318
4	0.01163	0.66150	0.01925	0.00787	0.01093	0.16149	0.00730	0.01288	0.00881	0.00974	0.00580	0.00687	0.00528	0.00385	0.00344	0.00096	0.05310	0.00235	0.00182	0.00513
5	0.00509	0.00377	0.00469	0.00529	0.00582	0.00344	0.00362	0.00595	0.00844	0.01105	0.10142	0.57433	0.19143	0.04822	0.00580	0.00167	0.00235	0.01041	0.00382	0.00337
6	0.02307	0.00513	0.00621	0.00632	0.00711	0.00534	0.00453	0.07374	0.07328	0.03348	0.01936	0.49675	0.04856	0.11258	0.00722	0.00187	0.03918	0.02867	0.00363	0.00396
7	0.02838	0.03354	0.02618	0.06728	0.13370	0.11365	0.06284	0.19703	0.09063	0.05866	0.01070	0.08598	0.00904	0.00635	0.04016	0.00152	0.02123	0.00441	0.00303	0.00570
8	0.00919	0.02506	0.00783	0.00729	0.03255	0.02612	0.00542	0.17861	0.06233	0.05406	0.08339	0.25749	0.03968	0.02284	0.02747	0.00157	0.00342	0.05535	0.09556	0.00476
9	0.01019	0.11811	0.08762	0.01311	0.22538	0.11056	0.04492	0.01318	0.08049	0.01275	0.03358	0.01000	0.00748	0.00407	0.00410	0.00109	0.04092	0.00331	0.00232	0.17685

[dist]
# distance from previous block
# <min> <max>
0	1

[block]
# block no. 9 follows, 65 sequences, length 6
# corresponding to MSA columns:
# 1273-1278
name=unknown_J
#
# <colnr> <probs for GDERKNQSTAVLIFYWHMCP>
#	G	D	E	R	K	N	Q	S	T	A	V	L	I	F	Y	W	H	M	C	P
0	0.00569	0.00433	0.00546	0.00591	0.00667	0.00428	0.00433	0.00760	0.07312	0.01153	0.07252	0.42659	0.15779	0.01357	0.10361	0.00218	0.00352	0.08389	0.00369	0.00372
1	0.01054	0.03256	0.04256	0.08236	0.24671	0.02860	0.06861	0.08141	0.13167	0.09372	0.01248	0.11136	0.02819	0.00546	0.00425	0.00132	0.00440	0.00491	0.00304	0.00583
2	0.00837	0.00742	0.01106	0.06815	0.32550	0.00720	0.00809	0.01068	0.04702	0.01239	0.01046	0.11726	0.01002	0.05842	0.07097	0.00174	0.00452	0.00461	0.00248	0.21365
3	0.04515	0.00460	0.00519	0.00479	0.00618	0.00420	0.00363	0.00834	0.00973	0.01477	0.31965	0.05880	0.15167	0.00711	0.00402	0.00115	0.00216	0.00603	0.23550	0.10734
4	0.00812	0.00635	0.00662	0.00613	0.00730	0.04421	0.00441	0.15296	0.06225	0.01304	0.01827	0.14350	0.14595	0.27772	0.05781	0.00249	0.00399	0.00644	0.02840	0.00404
5	0.01073	0.23485	0.21114	0.00995	0.06390	0.08936	0.04095	0.05998	0.03257	0.07373	0.07567	0.01176	0.03930	0.00458	0.00373	0.00115	0.00480	0.00360	0.00258	0.02568

[dist]
# distance from previous block
# <min> <max>
5	25

[block]
# block no. 10 follows, 65 sequences, length 22
# corresponding to MSA columns:
# 1304-1325
name=unknown_K
#
# <colnr> <probs for GDERKNQSTAVLIFYWHMCP>
#	G	D	E	R	K	N	Q	S	T	A	V	L	I	F	Y	W	H	M	C	P
0	0.02053	0.04644	0.01309	0.21880	0.04898	0.29524	0.06573	0.09598	0.01917	0.01244	0.00768	0.01037	0.00632	0.00459	0.00465	0.00125	0.06738	0.02956	0.00229	0.02950
1	0.01252	0.02529	0.04715	0.00904	0.01168	0.13142	0.00744	0.32911	0.25183	0.01848	0.01255	0.06141	0.02875	0.00561	0.00438	0.00130	0.02801	0.00435	0.00361	0.00608
2	0.00532	0.00415	0.00532	0.00556	0.00643	0.00371	0.02378	0.00637	0.00874	0.01141	0.09944	0.47017	0.26083	0.01111	0.00501	0.00151	0.00242	0.02876	0.00378	0.03618
3	0.00516	0.00367	0.00471	0.00545	0.00587	0.00340	0.00371	0.00604	0.00825	0.01112	0.07080	0.69133	0.09897	0.01199	0.00507	0.00159	0.00231	0.01077	0.04642	0.00340
4	0.00828	0.00643	0.00902	0.07558	0.12563	0.02776	0.00677	0.08188	0.00847	0.04209	0.01014	0.01451	0.00906	0.07323	0.43189	0.05035	0.00790	0.00417	0.00242	0.00441
5	0.00564	0.00394	0.00496	0.00524	0.00549	0.00400	0.00340	0.00615	0.00673	0.00908	0.01612	0.26822	0.03770	0.42810	0.17343	0.00374	0.00481	0.00741	0.00285	0.00299
6	0.00765	0.00637	0.00958	0.02145	0.25454	0.00621	0.03226	0.02635	0.02414	0.03360	0.11266	0.14702	0.17094	0.02509	0.02226	0.00157	0.00364	0.08670	0.00326	0.00472
7	0.01415	0.01395	0.01105	0.00934	0.01180	0.37316	0.00730	0.33182	0.01399	0.02696	0.00856	0.00979	0.00677	0.02637	0.06717	0.00160	0.00613	0.00331	0.02387	0.03291
8	0.00566	0.00426	0.00497	0.00479	0.00601	0.00375	0.00363	0.00716	0.01049	0.03284	0.41264	0.03489	0.41666	0.00935	0.00485	0.00135	0.00208	0.02672	0.00418	0.00375
9	0.20331	0.00801	0.00898	0.00725	0.01007	0.00821	0.00591	0.15805	0.09980	0.37429	0.06483	0.01288	0.01045	0.00504	0.00383	0.00128	0.00348	0.00391	0.00423	0.00618
10	0.00996	0.00947	0.05686	0.13380	0.43596	0.00936	0.01081	0.07108	0.06821	0.03951	0.00992	0.05184	0.00852	0.00486	0.00446	0.00132	0.02850	0.03708	0.00254	0.00594
11	0.00506	0.00367	0.00467	0.00544	0.00579	0.00340	0.00363	0.00576	0.00788	0.01035	0.02402	0.69744	0.11678	0.07753	0.00640	0.00181	0.00247	0.01089	0.00371	0.00328
12	0.00885	0.22433	0.46424	0.00950	0.01388	0.05244	0.01102	0.01196	0.00851	0.01149	0.00884	0.03386	0.03229	0.04572	0.04511	0.00158	0.00564	0.00343	0.00194	0.00536
13	0.00583	0.00401	0.00509	0.00538	0.00615	0.00363	0.00382	0.00699	0.00934	0.05101	0.25065	0.44720	0.16393	0.01083	0.00501	0.00150	0.00226	0.00962	0.00407	0.00368
14	0.00962	0.08693	0.28487	0.01504	0.24377	0.01008	0.11716	0.08482	0.00983	0.01374	0.00903	0.04104	0.02253	0.02835	0.00453	0.00134	0.00529	0.00394	0.00221	0.00588
15	0.00737	0.00516	0.00597	0.00571	0.00703	0.00508	0.00428	0.04781	0.12213	0.06044	0.21730	0.20645	0.19367	0.00873	0.00459	0.00137	0.00245	0.00754	0.08257	0.00435
16	0.00554	0.00407	0.00471	0.00488	0.00552	0.00380	0.00336	0.00632	0.00814	0.01050	0.10834	0.13780	0.26849	0.32765	0.01099	0.00243	0.00297	0.07795	0.00339	0.00315
17	0.01075	0.00687	0.00808	0.00716	0.00896	0.00709	0.00547	0.21912	0.10702	0.15707	0.05930	0.30366	0.01724	0.05555	0.00549	0.00156	0.00329	0.00695	0.00411	0.00525
18	0.03345	0.00875	0.05357	0.01151	0.16835	0.08863	0.06959	0.05679	0.04788	0.01288	0.01563	0.30758	0.05458	0.00779	0.00457	0.00143	0.00414	0.04501	0.00305	0.00482
19	0.00835	0.00683	0.00887	0.28188	0.01481	0.02823	0.00718	0.11993	0.04981	0.03663	0.05140	0.14768	0.14621	0.00813	0.03560	0.00160	0.00419	0.03488	0.00318	0.00460
20	0.07191	0.10943	0.16582	0.01282	0.11681	0.06092	0.17539	0.13948	0.05088	0.04566	0.00842	0.00961	0.00636	0.00404	0.00392	0.00124	0.00531	0.00353	0.00254	0.00593
21	0.01185	0.08354	0.27470	0.02117	0.05409	0.04416	0.08026	0.14710	0.02423	0.15239	0.00953	0.01071	0.00702	0.03948	0.00484	0.00136	0.02112	0.00360	0.00282	0.00604

[dist]
# distance from previous block
# <min> <max>
4	31

[block]
# block no. 11 follows, 65 sequences, length 18
# corresponding to MSA columns:
# 1357-1361,1366-1375,1383-1385
name=unknown_L
#
# <colnr> <probs for GDERKNQSTAVLIFYWHMCP>
#	G	D	E	R	K	N	Q	S	T	A	V	L	I	F	Y	W	H	M	C	P
0	0.00887	0.08870	0.33002	0.03606	0.09067	0.02684	0.03130	0.04280	0.00878	0.02145	0.03427	0.06180	0.00831	0.00713	0.07059	0.00175	0.11917	0.00396	0.00217	0.00536
1	0.01133	0.60488	0.01848	0.00776	0.01072	0.01464	0.00729	0.09979	0.00945	0.03936	0.00710	0.00902	0.00635	0.00445	0.00423	0.00108	0.10275	0.03376	0.00221	0.00536
2	0.00629	0.00450	0.00566	0.00565	0.00639	0.00483	0.00410	0.00821	0.07098	0.01085	0.03869	0.07959	0.07975	0.20339	0.34672	0.00404	0.00620	0.00564	0.10491	0.00361
3	0.01123	0.07182	0.01284	0.29006	0.08775	0.23356	0.00930	0.08300	0.09949	0.01259	0.00813	0.00991	0.00640	0.00443	0.00431	0.00125	0.04292	0.00339	0.00237	0.00525
4	0.01129	0.03736	0.01002	0.00821	0.01030	0.14306	0.04786	0.12818	0.11462	0.12133	0.11908	0.09977	0.04432	0.02592	0.04064	0.00158	0.02239	0.00525	0.00358	0.00524
5	0.01068	0.00759	0.05847	0.00705	0.00904	0.07066	0.03102	0.02904	0.01042	0.24849	0.26515	0.02023	0.01887	0.13764	0.05561	0.00199	0.00412	0.00528	0.00379	0.00486
6	0.00951	0.00741	0.00871	0.00628	0.00988	0.00575	0.00505	0.03672	0.00911	0.07788	0.00807	0.00898	0.00643	0.00326	0.00316	0.00068	0.00312	0.00260	0.00269	0.78470
7	0.00902	0.01844	0.66755	0.01106	0.01618	0.00936	0.01352	0.01309	0.00878	0.07695	0.03383	0.00981	0.00667	0.00444	0.00483	0.00134	0.08380	0.00331	0.00209	0.00592
8	0.00667	0.00552	0.00735	0.00713	0.00779	0.03476	0.00552	0.02184	0.00705	0.00991	0.01134	0.09766	0.01128	0.05779	0.57843	0.00513	0.11371	0.00500	0.00235	0.00378
9	0.00560	0.00415	0.00517	0.00565	0.00635	0.00389	0.00406	0.03778	0.00914	0.01204	0.12232	0.51682	0.17026	0.01146	0.00511	0.00157	0.00246	0.06866	0.00391	0.00360
10	0.04820	0.00533	0.00661	0.00594	0.00771	0.00487	0.00458	0.02777	0.01007	0.29311	0.10612	0.20412	0.20633	0.00935	0.03912	0.00161	0.00308	0.00708	0.00420	0.00481
11	0.00821	0.00485	0.00659	0.00630	0.00746	0.00454	0.03226	0.00974	0.04049	0.17208	0.09422	0.40862	0.05940	0.07047	0.03236	0.00182	0.00311	0.00833	0.02485	0.00426
12	0.16920	0.00704	0.00853	0.00681	0.00964	0.00667	0.00557	0.03251	0.03974	0.57224	0.05925	0.01363	0.01078	0.00505	0.00385	0.00126	0.00331	0.00398	0.03471	0.00624
13	0.01009	0.00490	0.00619	0.00574	0.00720	0.00453	0.00436	0.02630	0.00981	0.26296	0.08737	0.27116	0.01806	0.00776	0.00421	0.00132	0.00262	0.02065	0.24006	0.00470
14	0.00598	0.00463	0.00533	0.00560	0.00645	0.02182	0.00409	0.04068	0.00929	0.01201	0.12545	0.33774	0.23292	0.07692	0.00628	0.00172	0.00272	0.09301	0.00377	0.00360
15	0.01174	0.04447	0.01130	0.00939	0.03698	0.07502	0.05233	0.19825	0.12779	0.11487	0.01236	0.12367	0.01066	0.00786	0.06284	0.00172	0.08481	0.00490	0.00341	0.00562
16	0.00826	0.09725	0.12572	0.00735	0.00952	0.11131	0.00653	0.02319	0.10083	0.01193	0.06204	0.15326	0.14845	0.06406	0.04072	0.00172	0.00428	0.01603	0.00302	0.00453
17	0.00909	0.00678	0.02488	0.00729	0.02560	0.02422	0.02017	0.10638	0.06446	0.09579	0.18208	0.11524	0.09377	0.00820	0.01842	0.02851	0.00337	0.08741	0.00379	0.07453

[dist]
# distance from previous block
# <min> <max>
3	20

[block]
# block no. 12 follows, 65 sequences, length 18
# corresponding to MSA columns:
# 1406-1423
name=unknown_M
#
# <colnr> <probs for GDERKNQSTAVLIFYWHMCP>
#	G	D	E	R	K	N	Q	S	T	A	V	L	I	F	Y	W	H	M	C	P
0	0.05571	0.07880	0.06296	0.00844	0.01160	0.07221	0.06549	0.08657	0.09250	0.21076	0.01133	0.06137	0.00881	0.00480	0.00382	0.00115	0.00418	0.00393	0.00333	0.15224
1	0.00791	0.00587	0.00673	0.00605	0.00740	0.04730	0.03427	0.00981	0.07273	0.09455	0.12580	0.02604	0.21905	0.23455	0.06102	0.00236	0.00384	0.01557	0.00344	0.01570
2	0.00562	0.03938	0.00559	0.00489	0.00616	0.00465	0.00378	0.00679	0.00914	0.01157	0.10385	0.06240	0.57838	0.01020	0.03200	0.00154	0.05466	0.00770	0.04804	0.00366
3	0.02240	0.25538	0.06971	0.01976	0.00937	0.12997	0.00613	0.01008	0.00900	0.01093	0.08308	0.18781	0.11323	0.05011	0.00482	0.00136	0.00403	0.00571	0.00276	0.00435
4	0.04703	0.36321	0.22240	0.03709	0.01322	0.15378	0.00933	0.01329	0.00896	0.04466	0.00670	0.00782	0.00543	0.00401	0.00379	0.00111	0.04814	0.00268	0.00198	0.00536
5	0.00535	0.00418	0.00543	0.08173	0.00801	0.00401	0.00445	0.00649	0.00866	0.01117	0.08436	0.44817	0.25066	0.01097	0.00502	0.00155	0.00262	0.04996	0.00368	0.00354
6	0.00544	0.00402	0.00482	0.00526	0.00609	0.00367	0.00390	0.00659	0.00893	0.01170	0.09886	0.31949	0.29810	0.03053	0.00536	0.00158	0.00245	0.12318	0.05654	0.00350
7	0.03833	0.28590	0.10163	0.00823	0.01106	0.05540	0.08535	0.01126	0.03938	0.01198	0.10546	0.01616	0.15170	0.00564	0.00438	0.00120	0.05506	0.00445	0.00259	0.00485
8	0.01226	0.01216	0.04457	0.08546	0.01337	0.21337	0.00798	0.13887	0.31103	0.05041	0.01119	0.01144	0.00844	0.00502	0.00459	0.00130	0.05569	0.00377	0.00324	0.00585
9	0.00516	0.00368	0.00468	0.00541	0.00567	0.00345	0.00354	0.00577	0.00762	0.01008	0.02207	0.66196	0.07251	0.15850	0.00792	0.00205	0.00264	0.01051	0.00358	0.00320
10	0.00643	0.00418	0.00506	0.00518	0.00579	0.00393	0.00353	0.00714	0.00798	0.06409	0.08419	0.22402	0.13943	0.35104	0.01141	0.00252	0.00312	0.06424	0.00341	0.00333
11	0.02153	0.04084	0.00726	0.00608	0.00764	0.04189	0.00473	0.02191	0.07966	0.11453	0.44098	0.04625	0.08998	0.00870	0.04836	0.00156	0.00313	0.00629	0.00411	0.00456
12	0.00912	0.00909	0.01538	0.01295	0.08076	0.03804	0.32942	0.06118	0.04284	0.01293	0.03453	0.12604	0.02919	0.06409	0.00692	0.00162	0.11272	0.00558	0.00262	0.00499
13	0.00577	0.00419	0.00535	0.00585	0.00652	0.00405	0.00426	0.00760	0.05825	0.01255	0.19105	0.47170	0.05831	0.01091	0.00504	0.00156	0.00248	0.10429	0.03654	0.00371
14	0.00613	0.00459	0.00575	0.00620	0.00671	0.02273	0.00461	0.00716	0.00812	0.01078	0.08130	0.27738	0.02208	0.20704	0.06372	0.00255	0.02669	0.22971	0.00335	0.00339
15	0.01056	0.49138	0.21615	0.00900	0.04279	0.03561	0.00910	0.01351	0.06725	0.04496	0.02104	0.00857	0.00657	0.00392	0.00323	0.00106	0.00474	0.00281	0.00213	0.00563
16	0.04084	0.06288	0.03157	0.08281	0.21813	0.09084	0.03552	0.13582	0.05976	0.03042	0.04055	0.03803	0.10484	0.00530	0.00408	0.00125	0.00450	0.00446	0.00287	0.00552
17	0.01328	0.08293	0.07322	0.00920	0.01214	0.29366	0.00780	0.22941	0.06421	0.04982	0.00994	0.01111	0.03043	0.00478	0.00384	0.00114	0.00529	0.02918	0.00297	0.06564

[dist]
# distance from previous block
# <min> <max>
0	5

[block]
# block no. 13 follows, 65 sequences, length 13
# corresponding to MSA columns:
# 1429-1431,1433-1442
name=unknown_N
#
# <colnr> <probs for GDERKNQSTAVLIFYWHMCP>
#	G	D	E	R	K	N	Q	S	T	A	V	L	I	F	Y	W	H	M	C	P
0	0.01098	0.00856	0.00966	0.00767	0.01036	0.03973	0.03345	0.28335	0.03574	0.05284	0.04628	0.09796	0.02993	0.05898	0.00503	0.00128	0.00379	0.00460	0.00340	0.25640
1	0.07035	0.03670	0.00971	0.00803	0.04361	0.00746	0.03477	0.09280	0.07775	0.14050	0.05415	0.05169	0.04168	0.00561	0.00412	0.00118	0.01756	0.07319	0.00343	0.22571
2	0.01047	0.00665	0.00891	0.00754	0.00934	0.00692	0.04570	0.13293	0.04808	0.18756	0.13577	0.05654	0.01490	0.07968	0.19070	0.00271	0.04178	0.00516	0.00361	0.00505
3	0.00552	0.00396	0.00513	0.00572	0.00612	0.00388	0.00397	0.00655	0.02508	0.01049	0.04900	0.49839	0.04632	0.16318	0.07531	0.00247	0.00348	0.07862	0.00348	0.00334
4	0.16294	0.06415	0.04397	0.03898	0.09062	0.05167	0.00687	0.08098	0.09209	0.05378	0.02810	0.02847	0.03170	0.00445	0.00353	0.00110	0.00387	0.00348	0.00286	0.20639
5	0.00967	0.15720	0.16413	0.01216	0.20159	0.04964	0.01984	0.05519	0.00959	0.04789	0.04484	0.11758	0.03423	0.02084	0.01910	0.00137	0.00462	0.00462	0.00258	0.02332
6	0.00523	0.00397	0.00482	0.00503	0.00588	0.00356	0.00361	0.00646	0.00961	0.01270	0.30213	0.31394	0.28705	0.01056	0.00498	0.00145	0.00213	0.00927	0.00405	0.00356
7	0.00584	0.00410	0.00492	0.00515	0.00603	0.00369	0.00369	0.00684	0.00892	0.04993	0.12335	0.31763	0.30912	0.08710	0.00644	0.00172	0.00248	0.04565	0.00383	0.00356
8	0.01040	0.03445	0.04303	0.15190	0.33696	0.09450	0.04061	0.03512	0.05047	0.05406	0.04284	0.02218	0.00830	0.00515	0.02717	0.00141	0.02946	0.00389	0.00243	0.00567
9	0.00929	0.04427	0.03696	0.07167	0.26395	0.02493	0.10028	0.02508	0.06878	0.05905	0.06199	0.12129	0.04323	0.00600	0.00440	0.00135	0.00436	0.04484	0.00289	0.00539
10	0.00541	0.00392	0.00479	0.00519	0.00565	0.00372	0.00350	0.00613	0.00778	0.01021	0.06508	0.35457	0.16095	0.25652	0.04892	0.00251	0.00324	0.04535	0.00339	0.00318
11	0.04217	0.02556	0.07546	0.02123	0.19766	0.04170	0.01863	0.10693	0.05271	0.10059	0.02136	0.04953	0.00845	0.00475	0.00437	0.00118	0.04815	0.01255	0.00289	0.16410
12	0.01042	0.10417	0.32579	0.03119	0.05513	0.10664	0.04136	0.08779	0.03791	0.04871	0.00942	0.01184	0.02223	0.06543	0.00511	0.00143	0.00538	0.02209	0.00240	0.00558

[dist]
# distance from previous block
# <min> <max>
4	11

[block]
# block no. 14 follows, 65 sequences, length 6
# corresponding to MSA columns:
# 1454-1459
name=unknown_O
#
# <colnr> <probs for GDERKNQSTAVLIFYWHMCP>
#	G	D	E	R	K	N	Q	S	T	A	V	L	I	F	Y	W	H	M	C	P
0	0.00904	0.23213	0.12401	0.01057	0.15364	0.00933	0.02819	0.01096	0.00890	0.06404	0.05422	0.12152	0.09834	0.03032	0.00469	0.00132	0.02597	0.00506	0.00266	0.00510
1	0.00630	0.00410	0.00517	0.00538	0.00624	0.00376	0.00391	0.00759	0.00944	0.06322	0.23921	0.36865	0.13753	0.01014	0.00484	0.00146	0.00231	0.04283	0.07416	0.00378
2	0.20241	0.00725	0.00737	0.00645	0.00851	0.03275	0.00507	0.11722	0.09042	0.13983	0.08100	0.07096	0.09098	0.05130	0.00482	0.00145	0.00326	0.02174	0.05218	0.00501
3	0.01038	0.10805	0.11836	0.17172	0.20101	0.07548	0.03695	0.12251	0.03908	0.01379	0.00946	0.03025	0.03637	0.00449	0.00395	0.00124	0.00509	0.00378	0.00240	0.00565
4	0.04406	0.00481	0.00605	0.00592	0.00701	0.00494	0.00450	0.04576	0.00869	0.05274	0.09303	0.14977	0.16318	0.06646	0.28955	0.00335	0.00555	0.03749	0.00327	0.00389
5	0.00591	0.00466	0.00572	0.00555	0.00656	0.00474	0.00419	0.03795	0.00873	0.01147	0.11056	0.06606	0.34291	0.07491	0.25577	0.00314	0.03743	0.00682	0.00325	0.00367

[dist]
# distance from previous block
# <min> <max>
24	35

[block]
# block no. 15 follows, 65 sequences, length 15
# corresponding to MSA columns:
# 1498-1512
name=unknown_P
#
# <colnr> <probs for GDERKNQSTAVLIFYWHMCP>
#	G	D	E	R	K	N	Q	S	T	A	V	L	I	F	Y	W	H	M	C	P
0	0.05593	0.05471	0.10261	0.02238	0.07924	0.21866	0.00744	0.03066	0.01981	0.06615	0.00882	0.05234	0.00781	0.04330	0.03738	0.15119	0.00521	0.00370	0.00239	0.03027
1	0.03540	0.00930	0.03637	0.04560	0.17972	0.06870	0.02606	0.15257	0.03920	0.09126	0.06931	0.07073	0.02714	0.03670	0.00491	0.00134	0.02211	0.00456	0.01786	0.06115
2	0.02589	0.00559	0.00629	0.00612	0.00733	0.02080	0.00454	0.08649	0.07856	0.04871	0.11323	0.27480	0.15856	0.08862	0.00629	0.00170	0.00295	0.05551	0.00382	0.00419
3	0.01125	0.23336	0.03904	0.00926	0.05320	0.10370	0.04837	0.12832	0.09721	0.01420	0.00822	0.00902	0.00660	0.00391	0.00345	0.00099	0.00450	0.00301	0.00258	0.21981
4	0.00661	0.00440	0.00516	0.00503	0.00564	0.00429	0.00332	0.03315	0.00782	0.05014	0.07775	0.10510	0.13919	0.46698	0.06535	0.00312	0.00382	0.00676	0.00312	0.00325
5	0.03728	0.01121	0.09984	0.07712	0.22734	0.09807	0.03371	0.07387	0.10152	0.07079	0.02343	0.01203	0.04405	0.00468	0.00439	0.00126	0.03815	0.00386	0.00274	0.03464
6	0.00866	0.17277	0.29804	0.00926	0.04619	0.06230	0.00920	0.04645	0.00933	0.01231	0.04715	0.16961	0.06280	0.00631	0.00405	0.00128	0.00456	0.02210	0.00256	0.00508
7	0.15610	0.00748	0.00853	0.00697	0.00954	0.00762	0.00566	0.16865	0.05126	0.32639	0.06826	0.01445	0.04514	0.00690	0.05581	0.00159	0.00385	0.00417	0.04580	0.00583
8	0.00529	0.00380	0.00477	0.00533	0.00572	0.00356	0.00358	0.00605	0.00803	0.01064	0.09402	0.51833	0.10432	0.17307	0.00817	0.00205	0.00266	0.03374	0.00362	0.00325
9	0.04742	0.02911	0.05656	0.04322	0.33406	0.03460	0.06896	0.08539	0.09395	0.03158	0.08477	0.01226	0.00993	0.00444	0.00405	0.00123	0.00452	0.00399	0.00275	0.04721
10	0.00596	0.00406	0.00491	0.00509	0.00575	0.00376	0.00347	0.00679	0.00841	0.04619	0.14211	0.29348	0.18747	0.23731	0.00926	0.00216	0.00276	0.02407	0.00361	0.00338
11	0.01082	0.00749	0.03896	0.00763	0.00968	0.03111	0.03961	0.10483	0.12749	0.20444	0.04594	0.27795	0.01613	0.02432	0.00481	0.00145	0.00348	0.00662	0.03194	0.00530
12	0.00777	0.00564	0.00664	0.00557	0.00764	0.00484	0.00429	0.04954	0.01017	0.07361	0.23140	0.05814	0.20859	0.04291	0.00492	0.00124	0.00265	0.00592	0.00364	0.26491
13	0.02222	0.07382	0.29723	0.02674	0.03166	0.00895	0.00921	0.15166	0.02928	0.08402	0.02729	0.03173	0.05411	0.04051	0.00457	0.00133	0.00447	0.00397	0.05497	0.04226
14	0.05241	0.00755	0.00920	0.00729	0.01001	0.00730	0.00587	0.19595	0.01250	0.48649	0.01508	0.04565	0.03641	0.08228	0.00563	0.00152	0.00367	0.00454	0.00443	0.00622

[dist]
# distance from previous block
# <min> <max>
0	12

[block]
# block no. 16 follows, 65 sequences, length 12
# corresponding to MSA columns:
# 1533-1544
name=unknown_Q
#
# <colnr> <probs for GDERKNQSTAVLIFYWHMCP>
