[name]
unknown

[dist]
# distance from previous block
# <min> <max>
0	199

[block]
# block no. 0 follows, 63 sequences, length 79
# corresponding to MSA columns:
# 208-245,250-290
name=unknown_A
#
# <colnr> <probs for GDERKNQSTAVLIFYWHMCP>
#	G	D	E	R	K	N	Q	S	T	A	V	L	I	F	Y	W	H	M	C	P
0	0.00677	0.00484	0.00677	0.00774	0.00871	0.00484	0.00677	0.00871	0.00968	0.01258	0.02226	0.04742	0.02419	0.01161	0.00581	0.00194	0.00387	0.79775	0.00387	0.00387
1	0.01531	0.00949	0.01081	0.00861	0.01168	0.01001	0.00700	0.33559	0.22546	0.28075	0.01395	0.01287	0.00965	0.00523	0.00421	0.00130	0.00392	0.00415	0.00451	0.02552
2	0.00515	0.00371	0.00483	0.00570	0.00601	0.00345	0.00380	0.00588	0.00807	0.01067	0.02407	0.76403	0.08009	0.04555	0.00596	0.00178	0.00248	0.01152	0.00385	0.00339
3	0.00623	0.00485	0.00747	0.00716	0.00799	0.00556	0.03644	0.00772	0.00684	0.00983	0.01113	0.01673	0.01049	0.07251	0.74368	0.00631	0.02843	0.00459	0.00225	0.00378
4	0.00647	0.00525	0.00720	0.00710	0.00783	0.03233	0.00552	0.00788	0.00697	0.00985	0.01137	0.05900	0.01094	0.02822	0.71546	0.00601	0.06170	0.00478	0.00231	0.00382
5	0.06728	0.01271	0.01119	0.00993	0.03785	0.27401	0.03526	0.14067	0.24471	0.07386	0.04260	0.01187	0.00952	0.00499	0.00405	0.00126	0.00503	0.00384	0.00342	0.00593
6	0.00524	0.00377	0.00489	0.00573	0.00607	0.00352	0.00387	0.00599	0.00809	0.01068	0.02387	0.70932	0.08339	0.06712	0.00639	0.00185	0.00258	0.04044	0.00381	0.00338
7	0.00606	0.00448	0.00568	0.00535	0.00642	0.00419	0.00402	0.00837	0.04303	0.01653	0.74139	0.03138	0.08999	0.00862	0.00493	0.00133	0.00204	0.00758	0.00457	0.00404
8	0.00620	0.00408	0.00461	0.00461	0.00468	0.00410	0.00264	0.00634	0.00627	0.00858	0.01322	0.02660	0.01492	0.78620	0.04236	0.00399	0.00416	0.00596	0.04784	0.00265
9	0.39247	0.00716	0.00720	0.00615	0.00859	0.00748	0.00497	0.05577	0.02488	0.22733	0.09927	0.03696	0.06146	0.00554	0.00362	0.00131	0.00313	0.00420	0.03729	0.00522
10	0.00513	0.00402	0.00465	0.00505	0.00595	0.00355	0.00361	0.00614	0.00910	0.01149	0.08620	0.37460	0.42736	0.01157	0.00515	0.00154	0.00228	0.02512	0.00395	0.00353
11	0.00521	0.00372	0.00498	0.00595	0.00623	0.00349	0.00405	0.00600	0.00813	0.01083	0.02312	0.80790	0.02762	0.01309	0.00539	0.00172	0.00251	0.05272	0.00390	0.00344
12	0.00721	0.00473	0.00591	0.00553	0.00679	0.00437	0.00420	0.01760	0.02722	0.08999	0.49535	0.04559	0.16696	0.05254	0.00577	0.00152	0.00242	0.04771	0.00439	0.00419
13	0.00833	0.00517	0.00615	0.00566	0.00696	0.00497	0.00414	0.02424	0.08537	0.13342	0.22314	0.08721	0.15364	0.19324	0.00834	0.00196	0.00290	0.00685	0.03399	0.00432
14	0.00843	0.02174	0.83048	0.01198	0.01819	0.00976	0.01553	0.01331	0.00888	0.01331	0.00754	0.00888	0.00533	0.00399	0.00399	0.00133	0.00621	0.00311	0.00178	0.00621
15	0.00679	0.00502	0.00649	0.00699	0.00811	0.00497	0.00585	0.03620	0.03942	0.01343	0.11248	0.09141	0.13199	0.01081	0.00546	0.00174	0.00335	0.50148	0.00399	0.00402
16	0.05501	0.00579	0.00702	0.00618	0.00792	0.00558	0.00477	0.05883	0.05746	0.19813	0.36365	0.08294	0.08251	0.03889	0.00523	0.00145	0.00276	0.00653	0.00443	0.00493
17	0.03864	0.00567	0.00680	0.00656	0.00782	0.00575	0.00499	0.07323	0.08234	0.09505	0.09629	0.17314	0.04265	0.17871	0.00823	0.00207	0.00339	0.16046	0.00384	0.00438
18	0.00605	0.00405	0.00460	0.00466	0.00468	0.00404	0.00263	0.00610	0.00623	0.00831	0.01385	0.07784	0.01605	0.80089	0.02041	0.00393	0.00398	0.00647	0.00263	0.00260
19	0.06073	0.00787	0.00878	0.00761	0.00979	0.00841	0.00591	0.19755	0.23533	0.15102	0.02691	0.16529	0.02768	0.06083	0.00547	0.00158	0.00351	0.00580	0.00414	0.00580
20	0.00628	0.00434	0.00532	0.00554	0.00641	0.00400	0.00393	0.02442	0.01922	0.05461	0.15672	0.42528	0.20410	0.05231	0.00590	0.00166	0.00249	0.00961	0.00403	0.00380
21	0.00520	0.00377	0.00493	0.00583	0.00620	0.00350	0.00400	0.00602	0.00825	0.01088	0.02465	0.74432	0.09021	0.01289	0.00536	0.00170	0.00249	0.05248	0.00390	0.00345
22	0.06765	0.00852	0.00982	0.00786	0.01063	0.00879	0.00641	0.31870	0.05645	0.27250	0.15836	0.01595	0.01442	0.00581	0.00428	0.00131	0.00366	0.01807	0.00449	0.00634
23	0.00676	0.00444	0.00562	0.00600	0.00680	0.00420	0.00427	0.00836	0.05702	0.08137	0.07133	0.53535	0.10271	0.04401	0.00578	0.00171	0.00266	0.04363	0.00402	0.00396
24	0.00872	0.00747	0.00872	0.00623	0.00996	0.00560	0.00498	0.01058	0.00872	0.01370	0.00747	0.00872	0.00623	0.00311	0.00311	0.00062	0.00311	0.00249	0.00249	0.87796
25	0.00537	0.00394	0.00495	0.00543	0.00595	0.00372	0.00371	0.00624	0.00831	0.01098	0.09658	0.46061	0.16504	0.12441	0.07246	0.00233	0.00325	0.00967	0.00366	0.00340
26	0.00872	0.00747	0.00872	0.00623	0.00996	0.00560	0.00498	0.01058	0.00872	0.01370	0.00747	0.00872	0.00623	0.00311	0.00311	0.00062	0.00311	0.00249	0.00249	0.87796
27	0.04163	0.03580	0.03425	0.15221	0.01431	0.01014	0.00783	0.29043	0.15401	0.04929	0.01155	0.03576	0.00927	0.03347	0.02723	0.00155	0.00452	0.03213	0.00344	0.05119
28	0.01070	0.00977	0.01481	0.14931	0.51895	0.06253	0.01885	0.01337	0.03546	0.06608	0.04381	0.01166	0.00827	0.00421	0.00418	0.00127	0.00498	0.00390	0.00244	0.01544
29	0.00601	0.00430	0.00517	0.00513	0.00607	0.00400	0.00369	0.00714	0.00915	0.04001	0.20822	0.12116	0.30037	0.15626	0.09227	0.00243	0.00346	0.01783	0.00371	0.00361
30	0.00809	0.00763	0.01288	0.79218	0.07775	0.00938	0.01175	0.01087	0.00848	0.01092	0.00750	0.01116	0.00567	0.00417	0.00420	0.00139	0.00557	0.00374	0.00188	0.00479
31	0.02127	0.00856	0.01435	0.47436	0.35507	0.00970	0.01201	0.01163	0.00882	0.01207	0.00758	0.01077	0.00602	0.00409	0.00441	0.00135	0.02679	0.00372	0.00196	0.00548
32	0.05742	0.00866	0.01009	0.04232	0.03657	0.03003	0.02899	0.10023	0.07450	0.01543	0.00843	0.00953	0.00672	0.00374	0.00359	0.00090	0.01501	0.00298	0.00276	0.54209
33	0.00582	0.00409	0.00515	0.00546	0.00622	0.00373	0.00388	0.00699	0.00950	0.03815	0.25005	0.40885	0.17510	0.03501	0.00561	0.00161	0.00236	0.02463	0.00411	0.00369
34	0.00746	0.00562	0.00654	0.00654	0.00775	0.00583	0.00481	0.01177	0.25598	0.04474	0.08308	0.32888	0.10633	0.06099	0.00591	0.00170	0.00285	0.04460	0.00404	0.00457
35	0.00972	0.00823	0.01064	0.08539	0.17635	0.05110	0.00801	0.14854	0.04063	0.03107	0.03317	0.23028	0.01430	0.00805	0.02415	0.00159	0.05310	0.05725	0.00321	0.00522
36	0.02610	0.00692	0.00868	0.00737	0.00961	0.00688	0.03325	0.03865	0.20904	0.29356	0.10566	0.05786	0.05771	0.06051	0.00553	0.00155	0.00336	0.03406	0.02798	0.00573
37	0.00628	0.00413	0.00537	0.00573	0.00648	0.00377	0.00407	0.00742	0.00938	0.06881	0.20600	0.51314	0.10394	0.01131	0.00517	0.00157	0.00242	0.02705	0.00416	0.00382
38	0.01315	0.00932	0.01011	0.03424	0.01134	0.03790	0.00669	0.44959	0.01548	0.11584	0.05397	0.07845	0.13205	0.00661	0.00443	0.00132	0.00398	0.00534	0.00413	0.00603
39	0.02940	0.00895	0.01294	0.17521	0.26465	0.06280	0.06116	0.03366	0.03624	0.13259	0.01264	0.07488	0.05574	0.00536	0.00433	0.00135	0.00474	0.01477	0.00290	0.00568
40	0.00905	0.00802	0.00869	0.00650	0.00988	0.05289	0.00514	0.03660	0.00937	0.01388	0.03703	0.03424	0.03014	0.00392	0.00337	0.00075	0.00333	0.00316	0.00268	0.72134
41	0.00665	0.03273	0.02903	0.00518	0.00571	0.02719	0.00342	0.00706	0.00691	0.00918	0.06142	0.04754	0.01593	0.67778	0.01783	0.00348	0.00405	0.00594	0.00265	0.03034
42	0.00851	0.03782	0.06425	0.20805	0.14037	0.00874	0.13587	0.01093	0.01801	0.02958	0.03488	0.13755	0.03742	0.02130	0.00557	0.00149	0.07086	0.02124	0.00253	0.00503
43	0.01282	0.01143	0.01126	0.00960	0.03015	0.18878	0.05154	0.35589	0.01434	0.03339	0.05850	0.10219	0.04598	0.02965	0.02382	0.00149	0.00504	0.00501	0.00351	0.00563
44	0.01156	0.09531	0.15488	0.02041	0.03080	0.02858	0.08772	0.11840	0.09239	0.12791	0.01177	0.01216	0.04978	0.00468	0.00417	0.00121	0.02020	0.00385	0.00308	0.12113
45	0.01000	0.01037	0.04511	0.04172	0.15034	0.02087	0.26063	0.04519	0.18562	0.01430	0.02393	0.01277	0.03077	0.00497	0.00582	0.00144	0.12313	0.00451	0.00270	0.00585
46	0.00597	0.00435	0.00524	0.00516	0.00590	0.00413	0.00360	0.00748	0.03573	0.01303	0.37557	0.09312	0.13460	0.25623	0.00980	0.00219	0.00274	0.02779	0.00384	0.00354
47	0.01055	0.01107	0.02122	0.03967	0.05209	0.05718	0.60461	0.01398	0.03878	0.05968	0.01020	0.02206	0.02919	0.00409	0.00478	0.00139	0.00647	0.00489	0.00244	0.00567
48	0.00578	0.00449	0.00538	0.00535	0.00646	0.00422	0.00401	0.00779	0.05229	0.01369	0.34055	0.12303	0.30714	0.01130	0.06058	0.00179	0.00284	0.03533	0.00409	0.00388
49	0.12851	0.00734	0.00863	0.00711	0.00978	0.00727	0.00573	0.04612	0.15899	0.41689	0.10749	0.01653	0.04976	0.00575	0.00414	0.00133	0.00328	0.00464	0.00453	0.00620
50	0.00693	0.00483	0.00560	0.00553	0.00687	0.00449	0.00413	0.00894	0.07791	0.09007	0.05164	0.22046	0.40414	0.02199	0.04825	0.00179	0.00297	0.02534	0.00397	0.00414
51	0.01010	0.00968	0.01652	0.12504	0.72915	0.00991	0.01275	0.01264	0.00943	0.01337	0.00785	0.01050	0.00653	0.00380	0.00417	0.00127	0.00507	0.00374	0.00205	0.00642
52	0.00780	0.00409	0.00433	0.00422	0.00519	0.00401	0.00309	0.00950	0.00887	0.04279	0.07186	0.01887	0.03971	0.10063	0.00527	0.00138	0.00226	0.00460	0.65770	0.00387
53	0.00607	0.00479	0.00555	0.00540	0.00665	0.00453	0.00407	0.00874	0.10141	0.01438	0.36880	0.08962	0.32043	0.00942	0.00494	0.00142	0.00228	0.03317	0.00425	0.00408
54	0.00595	0.00396	0.00494	0.00543	0.00578	0.00373	0.00353	0.00651	0.00768	0.04142	0.02088	0.51570	0.06704	0.27527	0.01032	0.00242	0.00298	0.00966	0.00353	0.00329
55	0.50902	0.00698	0.00663	0.00579	0.00806	0.00748	0.00464	0.01260	0.00903	0.15981	0.18958	0.01424	0.01371	0.03174	0.00400	0.00139	0.00305	0.00392	0.00350	0.00481
56	0.00611	0.00408	0.00458	0.00458	0.00458	0.00408	0.00255	0.00611	0.00611	0.00815	0.01325	0.02751	0.01528	0.85226	0.02140	0.00408	0.00408	0.00611	0.00255	0.00255
57	0.00534	0.00437	0.00473	0.00462	0.00595	0.00381	0.00347	0.00688	0.02759	0.01293	0.24599	0.03756	0.60203	0.01000	0.00495	0.00139	0.00212	0.00845	0.00410	0.00372
58	0.03985	0.00407	0.00518	0.00584	0.00632	0.00388	0.00399	0.00688	0.00820	0.04425	0.04897	0.66274	0.02546	0.08197	0.00654	0.00187	0.00268	0.03394	0.00382	0.00357
59	0.00525	0.00402	0.00482	0.00515	0.00599	0.00359	0.00366	0.00639	0.00948	0.01235	0.21210	0.36992	0.31970	0.01121	0.00513	0.00152	0.00222	0.00985	0.00407	0.00359
60	0.00519	0.00370	0.00495	0.00593	0.00620	0.00347	0.00401	0.00596	0.00811	0.01080	0.02313	0.81841	0.02766	0.01311	0.00538	0.00172	0.00249	0.04243	0.00390	0.00343
61	0.00611	0.00408	0.00458	0.00458	0.00458	0.00408	0.00255	0.00611	0.00611	0.00815	0.01325	0.02751	0.01528	0.85226	0.02140	0.00408	0.00408	0.00611	0.00255	0.00255
62	0.00627	0.00437	0.00518	0.00509	0.00629	0.00384	0.00377	0.00760	0.01020	0.07027	0.27970	0.18193	0.37991	0.01008	0.00498	0.00143	0.00224	0.00871	0.00422	0.00391
63	0.01124	0.85479	0.02203	0.00719	0.01079	0.01663	0.00719	0.01259	0.00854	0.00989	0.00584	0.00674	0.00539	0.00360	0.00270	0.00090	0.00450	0.00225	0.00180	0.00539
64	0.01501	0.01044	0.01139	0.00899	0.01207	0.01142	0.00734	0.54848	0.16022	0.11727	0.01223	0.01179	0.00868	0.00518	0.00417	0.00128	0.00417	0.00401	0.03891	0.00693
65	0.00596	0.00459	0.00541	0.00527	0.00642	0.00429	0.00394	0.00815	0.06931	0.01420	0.40011	0.08212	0.29717	0.02771	0.00556	0.02018	0.00229	0.02924	0.00419	0.00391
66	0.01573	0.01933	0.01178	0.01066	0.01287	0.78790	0.00802	0.01703	0.02717	0.04190	0.00709	0.00799	0.00575	0.00439	0.00382	0.00110	0.00735	0.00280	0.00232	0.00499
67	0.00853	0.00807	0.01367	0.64797	0.21856	0.00949	0.01197	0.01125	0.00868	0.01145	0.00758	0.01102	0.00585	0.00409	0.00419	0.00136	0.00546	0.00374	0.00192	0.00514
68	0.00680	0.00476	0.00612	0.00589	0.00702	0.00457	0.00452	0.00940	0.07049	0.04728	0.59800	0.08996	0.03421	0.00888	0.00499	0.00142	0.00236	0.08461	0.00450	0.00424
69	0.00701	0.00565	0.00755	0.00750	0.02540	0.03990	0.01578	0.02537	0.00781	0.01844	0.04093	0.03626	0.05392	0.02410	0.56603	0.03504	0.04122	0.03560	0.00255	0.00395
70	0.03576	0.01027	0.01223	0.18316	0.16103	0.09498	0.00904	0.21674	0.08961	0.08341	0.03850	0.01225	0.02473	0.00484	0.00416	0.00129	0.00481	0.00398	0.00319	0.00602
71	0.00560	0.00426	0.00514	0.00497	0.00608	0.00381	0.00371	0.00723	0.01099	0.01482	0.53668	0.06583	0.29669	0.00944	0.00498	0.00137	0.00205	0.00819	0.00436	0.00381
72	0.04555	0.09135	0.11578	0.01061	0.01390	0.20188	0.11485	0.10740	0.22747	0.01518	0.01006	0.01059	0.00768	0.00455	0.00400	0.00126	0.00542	0.00367	0.00289	0.00592
73	0.02811	0.01125	0.08058	0.09002	0.05840	0.08654	0.11946	0.19812	0.06448	0.12885	0.03413	0.04826	0.00942	0.00514	0.00433	0.00133	0.00505	0.01722	0.00330	0.00601
74	0.00893	0.15591	0.64991	0.03039	0.01739	0.01090	0.04467	0.01314	0.00885	0.01271	0.00730	0.00868	0.00538	0.00392	0.00383	0.00127	0.00595	0.00305	0.00179	0.00602
75	0.00595	0.00524	0.05283	0.03006	0.00771	0.00451	0.00495	0.03762	0.00852	0.01148	0.04639	0.59119	0.04390	0.06218	0.06470	0.00213	0.00352	0.00981	0.00356	0.00375
76	0.01093	0.07642	0.13296	0.03901	0.05683	0.07752	0.07097	0.08131	0.09500	0.08774	0.02612	0.03146	0.03500	0.00702	0.05998	0.00171	0.09736	0.00417	0.00284	0.00565
77	0.05198	0.00948	0.03536	0.12460	0.05984	0.05730	0.07568	0.13738	0.05647	0.22951	0.02586	0.04777	0.01951	0.01769	0.00447	0.00135	0.00458	0.00436	0.00351	0.03330
78	0.10748	0.01901	0.02026	0.03651	0.01083	0.03467	0.02335	0.17776	0.07074	0.20770	0.02630	0.06426	0.02369	0.08806	0.02140	0.00171	0.01868	0.02598	0.00373	0.01788

[dist]
# distance from previous block
# <min> <max>
1	19

[block]
# block no. 1 follows, 63 sequences, length 52
# corresponding to MSA columns:
# 329-380
name=unknown_B
#
# <colnr> <probs for GDERKNQSTAVLIFYWHMCP>
#	G	D	E	R	K	N	Q	S	T	A	V	L	I	F	Y	W	H	M	C	P
0	0.14757	0.00735	0.00761	0.00676	0.00844	0.07423	0.02505	0.03668	0.03947	0.06424	0.08382	0.03091	0.15595	0.11080	0.09035	0.00221	0.05023	0.01360	0.00317	0.04155
1	0.17589	0.00790	0.00881	0.00746	0.00978	0.03719	0.03053	0.11613	0.05861	0.14761	0.11117	0.06899	0.02351	0.02069	0.00470	0.00139	0.02875	0.06343	0.00370	0.07375
2	0.06332	0.01095	0.05043	0.00987	0.01229	0.12444	0.10069	0.15439	0.07553	0.07833	0.09982	0.02723	0.02499	0.00624	0.02352	0.00149	0.12334	0.00440	0.00321	0.00552
3	0.10301	0.56770	0.09473	0.00796	0.01167	0.02783	0.02774	0.07486	0.00939	0.01263	0.00645	0.00739	0.00548	0.00378	0.00301	0.00102	0.00462	0.00253	0.00210	0.02610
4	0.00810	0.00764	0.01291	0.78751	0.08231	0.00938	0.01176	0.01089	0.00848	0.01094	0.00750	0.01115	0.00567	0.00417	0.00420	0.00139	0.00556	0.00374	0.00188	0.00480
5	0.03857	0.00929	0.00956	0.04654	0.01127	0.07361	0.00666	0.28874	0.14107	0.06268	0.06595	0.03343	0.13211	0.00662	0.00441	0.00136	0.00398	0.05453	0.00391	0.00571
6	0.00887	0.15240	0.70369	0.01123	0.01703	0.01084	0.01422	0.01320	0.00882	0.01278	0.00728	0.00854	0.00534	0.00393	0.00379	0.00126	0.00594	0.00297	0.00178	0.00608
7	0.00538	0.00423	0.00492	0.00495	0.00607	0.00377	0.00369	0.00673	0.00999	0.01293	0.27925	0.12582	0.43793	0.01131	0.04479	0.00169	0.00259	0.02622	0.00405	0.00368
8	0.00760	0.00758	0.01489	0.01180	0.01404	0.00721	0.40028	0.00976	0.00895	0.01212	0.02706	0.38223	0.01646	0.00885	0.03215	0.00172	0.02173	0.00805	0.00295	0.00456
9	0.01672	0.00932	0.01096	0.00851	0.01167	0.00951	0.00698	0.42054	0.01575	0.38223	0.01362	0.05343	0.00962	0.00552	0.00427	0.00130	0.00405	0.00438	0.00463	0.00697
10	0.00807	0.00761	0.01285	0.79849	0.07160	0.00937	0.01174	0.01086	0.00847	0.01090	0.00750	0.01116	0.00566	0.00418	0.00420	0.00139	0.00557	0.00374	0.00188	0.00478
11	0.00935	0.00891	0.01515	0.37550	0.48460	0.00971	0.01238	0.01198	0.00907	0.01245	0.00772	0.01075	0.00621	0.00394	0.00418	0.00131	0.00526	0.00374	0.00199	0.00581
12	0.00611	0.00408	0.00458	0.00458	0.00458	0.00408	0.00255	0.00611	0.00611	0.00815	0.01325	0.02751	0.01528	0.85226	0.02140	0.00408	0.00408	0.00611	0.00255	0.00255
13	0.00585	0.00426	0.00602	0.00622	0.00674	0.00469	0.00454	0.00695	0.00691	0.00969	0.01397	0.18470	0.01475	0.16381	0.53493	0.00530	0.00831	0.00626	0.00263	0.00349
14	0.01739	0.00754	0.01069	0.00818	0.01132	0.00680	0.05887	0.07428	0.01204	0.67106	0.01505	0.01373	0.00973	0.00564	0.00500	0.05311	0.00388	0.00421	0.00473	0.00674
15	0.00992	0.01134	0.02481	0.01772	0.02197	0.01063	0.81077	0.01347	0.00992	0.01347	0.00850	0.01134	0.00638	0.00354	0.00496	0.00142	0.00709	0.00496	0.00213	0.00567
16	0.00794	0.00747	0.01261	0.84216	0.02895	0.00934	0.01167	0.01074	0.00841	0.01074	0.00747	0.01121	0.00560	0.00420	0.00420	0.00140	0.00560	0.00374	0.00187	0.00467
17	0.01570	0.02004	0.01191	0.01083	0.01300	0.83539	0.00812	0.01679	0.01191	0.01029	0.00650	0.00758	0.00541	0.00433	0.00379	0.00108	0.00758	0.00271	0.00217	0.00487
18	0.00671	0.00483	0.00657	0.00739	0.00830	0.00485	0.00625	0.00879	0.03674	0.01251	0.04570	0.11065	0.02414	0.05169	0.00644	0.00198	0.00369	0.64505	0.00385	0.00387
19	0.00601	0.00450	0.00676	0.00676	0.00751	0.00525	0.00525	0.00751	0.00676	0.00976	0.01126	0.01651	0.01051	0.03153	0.83560	0.00676	0.01126	0.00450	0.00225	0.00375
20	0.00511	0.00369	0.00485	0.00577	0.00608	0.00342	0.00387	0.00586	0.00812	0.01076	0.02413	0.80956	0.06715	0.01305	0.00535	0.00169	0.00242	0.01180	0.00390	0.00342
21	0.00926	0.00670	0.00696	0.00644	0.00818	0.00748	0.00496	0.01662	0.44935	0.01671	0.01556	0.01568	0.01189	0.00534	0.00367	0.00122	0.00270	0.00437	0.40150	0.00541
22	0.88196	0.00813	0.00618	0.00553	0.00813	0.00943	0.00455	0.01236	0.00715	0.01886	0.00585	0.00683	0.00455	0.00390	0.00260	0.00130	0.00325	0.00228	0.00260	0.00455
23	0.00564	0.00417	0.00448	0.00450	0.00512	0.00387	0.00289	0.00612	0.00764	0.00959	0.02583	0.03334	0.35827	0.48112	0.01417	0.00291	0.00325	0.02094	0.00314	0.00299
24	0.01081	0.00905	0.00959	0.00855	0.01098	0.01041	0.00667	0.04092	0.77857	0.03896	0.01693	0.01552	0.01264	0.00567	0.00427	0.00142	0.00336	0.00472	0.00430	0.00668
25	0.00512	0.00366	0.00488	0.00585	0.00610	0.00341	0.00390	0.00585	0.00805	0.01073	0.02317	0.84952	0.02780	0.01317	0.00537	0.00171	0.00244	0.01195	0.00390	0.00341
26	0.00611	0.00408	0.00458	0.00458	0.00458	0.00408	0.00255	0.00611	0.00611	0.00815	0.01325	0.02751	0.01528	0.85226	0.02140	0.00408	0.00408	0.00611	0.00255	0.00255
27	0.00527	0.00389	0.00547	0.00621	0.00657	0.00363	0.02803	0.00608	0.00810	0.01081	0.02273	0.82445	0.02716	0.01288	0.00535	0.00170	0.00258	0.01174	0.00385	0.00348
28	0.01165	0.00935	0.01003	0.00871	0.01123	0.01067	0.00687	0.13815	0.64840	0.05761	0.01585	0.01468	0.01175	0.00561	0.00443	0.00140	0.01805	0.00457	0.00427	0.00672
29	0.00585	0.00396	0.00483	0.00524	0.00549	0.00380	0.00332	0.00628	0.00731	0.02360	0.01930	0.39541	0.05967	0.40816	0.01289	0.00281	0.00324	0.02248	0.00329	0.00308
30	0.00680	0.00512	0.00575	0.00548	0.00697	0.00484	0.00417	0.00974	0.13136	0.05625	0.22162	0.07580	0.41292	0.00929	0.00486	0.00142	0.00241	0.02670	0.00420	0.00430
31	0.00557	0.00408	0.00525	0.00562	0.00627	0.00382	0.00396	0.00709	0.03075	0.01329	0.33128	0.47069	0.07444	0.01108	0.00516	0.00154	0.00227	0.00993	0.00419	0.00372
32	0.05135	0.00999	0.00884	0.00793	0.00986	0.18718	0.00606	0.07806	0.24661	0.06069	0.15778	0.04313	0.01595	0.07445	0.00566	0.00154	0.00417	0.02179	0.00369	0.00527
33	0.00809	0.00771	0.01328	0.78374	0.04849	0.00942	0.04861	0.01092	0.00850	0.01094	0.00753	0.01119	0.00567	0.00416	0.00424	0.00140	0.00566	0.00379	0.00189	0.00477
34	0.01072	0.00882	0.00941	0.00842	0.01080	0.01009	0.00656	0.02187	0.76015	0.05485	0.03833	0.01603	0.01343	0.00576	0.00429	0.00142	0.00330	0.00480	0.00433	0.00661
35	0.00686	0.00461	0.00617	0.00600	0.00666	0.00497	0.00431	0.02511	0.00725	0.04902	0.03904	0.03465	0.01341	0.32656	0.44108	0.00514	0.00769	0.00529	0.00265	0.00355
36	0.15705	0.01137	0.01046	0.02635	0.01175	0.17117	0.00699	0.26973	0.06608	0.17225	0.03632	0.01092	0.00836	0.00492	0.00404	0.00127	0.01765	0.00359	0.00367	0.00605
37	0.00567	0.00451	0.00525	0.00608	0.00649	0.04329	0.00416	0.00648	0.00835	0.01080	0.02318	0.74888	0.06097	0.01259	0.00529	0.00167	0.00272	0.03630	0.00382	0.00350
38	0.00629	0.00437	0.00573	0.00535	0.00640	0.00402	0.00402	0.00826	0.01190	0.03834	0.80247	0.03095	0.03889	0.00850	0.00494	0.00132	0.00203	0.00751	0.00464	0.00405
39	0.01029	0.06343	0.03453	0.03202	0.00965	0.03823	0.03509	0.05138	0.06042	0.16362	0.08812	0.09185	0.04614	0.10662	0.00826	0.12525	0.02174	0.00534	0.00336	0.00465
40	0.00857	0.04980	0.73802	0.05198	0.04335	0.00999	0.01497	0.01315	0.00886	0.01308	0.00749	0.00896	0.00538	0.00398	0.00396	0.00132	0.00609	0.00313	0.00179	0.00612
41	0.00539	0.00406	0.00587	0.00639	0.00687	0.00379	0.04253	0.00632	0.00833	0.01116	0.06202	0.76899	0.02736	0.01248	0.00533	0.00167	0.00264	0.01140	0.00385	0.00355
42	0.00602	0.00426	0.00527	0.00569	0.00636	0.00401	0.00401	0.03143	0.00891	0.02922	0.08188	0.46212	0.15521	0.11044	0.00713	0.00190	0.00274	0.06594	0.00383	0.00360
43	0.02582	0.13832	0.16866	0.02705	0.03911	0.06750	0.04698	0.03883	0.04738	0.16807	0.09395	0.07481	0.01221	0.02754	0.00454	0.00135	0.00454	0.00456	0.00316	0.00562
44	0.00735	0.00541	0.00678	0.00726	0.03292	0.00552	0.00518	0.02305	0.17593	0.04581	0.11350	0.43555	0.02409	0.01022	0.00504	0.00159	0.00286	0.08337	0.00406	0.00449
45	0.01006	0.01097	0.09513	0.07460	0.69929	0.00993	0.01308	0.01281	0.00943	0.01351	0.00785	0.01031	0.00647	0.00380	0.00415	0.00127	0.00515	0.00368	0.00204	0.00649
46	0.05058	0.37650	0.35341	0.00965	0.01427	0.01258	0.05075	0.01345	0.02267	0.05025	0.00737	0.00836	0.00574	0.00388	0.00344	0.00115	0.00521	0.00287	0.00204	0.00581
47	0.01075	0.02513	0.10293	0.05277	0.38204	0.02926	0.08245	0.03123	0.02952	0.10350	0.04771	0.02788	0.03512	0.00468	0.00441	0.00130	0.01619	0.00430	0.00269	0.00613
48	0.00662	0.00489	0.00660	0.04761	0.00825	0.00523	0.00505	0.02948	0.04593	0.02972	0.11506	0.25140	0.06088	0.03414	0.29844	0.00341	0.01791	0.00714	0.01823	0.00401
49	0.02085	0.16375	0.07382	0.23990	0.11686	0.03815	0.05185	0.02608	0.00913	0.08605	0.00896	0.05052	0.00746	0.00601	0.04546	0.00156	0.04193	0.00391	0.00237	0.00538
50	0.06166	0.06860	0.07216	0.02984	0.09347	0.03120	0.00789	0.17295	0.06496	0.22961	0.05062	0.03830	0.01028	0.00518	0.00405	0.00127	0.00418	0.01697	0.00366	0.03313
51	0.00990	0.11092	0.07864	0.04240	0.09200	0.01751	0.00760	0.11416	0.05985	0.07294	0.08959	0.14360	0.03594	0.00773	0.04091	0.00157	0.01824	0.02705	0.00327	0.02619

[dist]
# distance from previous block
# <min> <max>
3	33

[block]
# block no. 2 follows, 63 sequences, length 26
# corresponding to MSA columns:
# 414-439
name=unknown_C
#
# <colnr> <probs for GDERKNQSTAVLIFYWHMCP>
#	G	D	E	R	K	N	Q	S	T	A	V	L	I	F	Y	W	H	M	C	P
0	0.00814	0.00751	0.05068	0.02745	0.10123	0.05139	0.02577	0.04266	0.02695	0.04996	0.26734	0.08672	0.19466	0.00762	0.00464	0.00133	0.00336	0.00660	0.00366	0.03235
1	0.01243	0.06963	0.17805	0.02272	0.13527	0.05086	0.02707	0.05145	0.05064	0.24490	0.07058	0.01350	0.02276	0.02607	0.00455	0.00134	0.00461	0.00409	0.00332	0.00616
2	0.02593	0.09743	0.17647	0.01565	0.26746	0.01042	0.12644	0.07178	0.03801	0.10317	0.00933	0.02323	0.00717	0.00422	0.00410	0.00127	0.00518	0.00384	0.00260	0.00631
3	0.00511	0.00370	0.00483	0.00574	0.00607	0.00342	0.00385	0.00587	0.00816	0.01078	0.02454	0.79247	0.08397	0.01299	0.00534	0.00169	0.00242	0.01173	0.00390	0.00342
4	0.01018	0.01032	0.07861	0.12959	0.45811	0.02247	0.04345	0.05051	0.04614	0.03987	0.00960	0.06488	0.00817	0.00463	0.00427	0.00132	0.00499	0.00432	0.00245	0.00612
5	0.01242	0.01066	0.09741	0.03394	0.30836	0.04954	0.05627	0.04993	0.04872	0.21901	0.01218	0.03549	0.03715	0.00482	0.00426	0.00130	0.00476	0.00428	0.00315	0.00637
6	0.00906	0.05285	0.31343	0.04140	0.17133	0.00977	0.20902	0.01278	0.03418	0.01316	0.01925	0.07696	0.00828	0.00466	0.00434	0.00135	0.00566	0.00447	0.00220	0.00584
7	0.00516	0.00416	0.00479	0.03000	0.00658	0.00371	0.00377	0.00619	0.00906	0.01124	0.04856	0.32001	0.49577	0.01131	0.00510	0.00153	0.00237	0.02331	0.00385	0.00355
8	0.01276	0.04247	0.18830	0.04598	0.14640	0.00854	0.07964	0.01587	0.04549	0.31463	0.02528	0.01296	0.03293	0.00470	0.00421	0.00131	0.00471	0.00410	0.00334	0.00640
9	0.02709	0.16040	0.25167	0.03123	0.12758	0.05072	0.09608	0.06346	0.01735	0.09207	0.00898	0.03920	0.00709	0.00438	0.00395	0.00125	0.00533	0.00370	0.00247	0.00600
10	0.01040	0.00844	0.01378	0.05985	0.45022	0.00836	0.05910	0.01301	0.04183	0.11370	0.03585	0.05798	0.07103	0.00520	0.00433	0.00131	0.00438	0.00485	0.03038	0.00599
11	0.01052	0.57598	0.23745	0.00855	0.01273	0.04853	0.00936	0.01279	0.00880	0.01086	0.00724	0.00819	0.02581	0.00391	0.00315	0.00104	0.00502	0.00266	0.00186	0.00555
12	0.01098	0.08360	0.24041	0.05599	0.24843	0.03258	0.02076	0.05151	0.05787	0.10840	0.00985	0.04416	0.00777	0.00456	0.00406	0.00128	0.00503	0.00388	0.00263	0.00622
13	0.00968	0.21858	0.42458	0.01156	0.04776	0.03551	0.09680	0.01346	0.04073	0.02413	0.00823	0.03604	0.00660	0.00423	0.00384	0.00124	0.00561	0.00348	0.00206	0.00588
14	0.00528	0.00428	0.00511	0.02398	0.03090	0.00386	0.00398	0.00631	0.00892	0.01115	0.03284	0.34039	0.46664	0.01170	0.02338	0.00164	0.00261	0.00966	0.00377	0.00362
15	0.01185	0.03322	0.33072	0.01307	0.14298	0.04843	0.05763	0.08921	0.03948	0.16315	0.01006	0.02466	0.00734	0.00447	0.00413	0.00130	0.00530	0.00375	0.00284	0.00640
16	0.00996	0.02724	0.00999	0.22354	0.01464	0.04944	0.02336	0.09654	0.11351	0.10083	0.02677	0.10152	0.15637	0.00673	0.00461	0.00139	0.01935	0.00565	0.00339	0.00516
17	0.00561	0.00381	0.00509	0.00597	0.00633	0.00355	0.00407	0.00641	0.00823	0.03669	0.02293	0.79750	0.02714	0.01287	0.00534	0.00170	0.00252	0.03677	0.00394	0.00355
18	0.01016	0.00968	0.01625	0.05197	0.71047	0.00981	0.02764	0.01319	0.05738	0.01376	0.00890	0.03583	0.00761	0.00415	0.00422	0.00128	0.00488	0.00407	0.00226	0.00647
19	0.07785	0.05092	0.40130	0.01288	0.14381	0.05293	0.02427	0.10160	0.02338	0.04069	0.00888	0.00998	0.02475	0.00428	0.00392	0.00128	0.00541	0.00338	0.00238	0.00612
20	0.00973	0.01033	0.02068	0.15524	0.24368	0.01024	0.46076	0.01286	0.00958	0.01309	0.00817	0.01106	0.00633	0.00371	0.00462	0.00137	0.00627	0.00443	0.00207	0.00578
21	0.01786	0.00804	0.01017	0.00783	0.01103	0.00758	0.00646	0.19138	0.01359	0.62750	0.01508	0.01344	0.00971	0.00516	0.00418	0.00128	0.00375	0.00412	0.03478	0.00704
22	0.02351	0.05213	0.33348	0.02292	0.14236	0.02077	0.03214	0.06894	0.07115	0.13132	0.01052	0.05431	0.00815	0.00478	0.00411	0.00132	0.00503	0.00400	0.00281	0.00626
23	0.16847	0.02263	0.01017	0.00842	0.02711	0.07431	0.00666	0.21986	0.05481	0.26199	0.01190	0.06279	0.00901	0.00541	0.00432	0.00132	0.03673	0.00409	0.00387	0.00612
24	0.00516	0.00367	0.00487	0.00581	0.00605	0.00344	0.00386	0.00586	0.00798	0.01064	0.02283	0.82152	0.02738	0.04175	0.00591	0.00179	0.00249	0.01175	0.00386	0.00338
25	0.03956	0.06689	0.05069	0.02289	0.01545	0.03193	0.24239	0.32177	0.04069	0.11093	0.00996	0.01070	0.00715	0.00444	0.00426	0.00129	0.00529	0.00401	0.00332	0.00638

[dist]
# distance from previous block
# <min> <max>
0	45

# created by:
# /st0/software/busco_prod/Augustus/scripts/msa2prfl.pl ./align_prep/39556.fa
