[name]
unknown

[dist]
# distance from previous block
# <min> <max>
0	61

[block]
# block no. 0 follows, 70 sequences, length 11
# corresponding to MSA columns:
# 356-366
name=unknown_A
#
# <colnr> <probs for GDERKNQSTAVLIFYWHMCP>
#	G	D	E	R	K	N	Q	S	T	A	V	L	I	F	Y	W	H	M	C	P
0	0.04700	0.00741	0.02874	0.08359	0.17793	0.02796	0.05096	0.05442	0.07280	0.06926	0.09164	0.10060	0.07130	0.00618	0.00418	0.00130	0.00375	0.07956	0.00304	0.01839
1	0.01259	0.05225	0.01088	0.00861	0.01120	0.15292	0.00690	0.35106	0.31867	0.01812	0.01096	0.01068	0.00819	0.00470	0.00377	0.00118	0.00428	0.00359	0.00348	0.00599
2	0.00737	0.00683	0.00914	0.00820	0.00862	0.03419	0.00660	0.00838	0.00629	0.00924	0.00787	0.03645	0.00779	0.06001	0.30370	0.00333	0.43912	0.00394	0.00195	0.03099
3	0.00555	0.00410	0.00596	0.00596	0.00656	0.00470	0.00451	0.00675	0.00615	0.00880	0.01063	0.01659	0.01028	0.14108	0.73719	0.00590	0.00950	0.00435	0.00211	0.00331
4	0.00892	0.14867	0.55610	0.01036	0.03366	0.01008	0.02875	0.06098	0.02740	0.03272	0.00755	0.00909	0.00573	0.00395	0.00377	0.00119	0.02261	0.02091	0.00196	0.00562
5	0.00512	0.00403	0.00464	0.00457	0.00565	0.00362	0.00339	0.00673	0.03530	0.01267	0.36201	0.10788	0.41218	0.00912	0.00459	0.00130	0.00197	0.00784	0.00388	0.00351
6	0.00480	0.00343	0.00459	0.00549	0.00575	0.00322	0.00374	0.00553	0.00750	0.00999	0.02132	0.81878	0.02547	0.01207	0.00497	0.00159	0.00232	0.05269	0.00360	0.00317
7	0.60167	0.08969	0.04391	0.03700	0.02407	0.09418	0.00562	0.02850	0.00756	0.01526	0.00596	0.02116	0.00486	0.00379	0.00273	0.00115	0.00375	0.00242	0.00227	0.00444
8	0.00567	0.00395	0.00496	0.00486	0.00579	0.00358	0.00357	0.00708	0.00982	0.04689	0.49149	0.18021	0.17946	0.02893	0.00497	0.00136	0.00203	0.00779	0.00400	0.00358
9	0.03838	0.10573	0.13843	0.00900	0.03463	0.10952	0.04696	0.17367	0.06439	0.09135	0.02754	0.00964	0.00714	0.00469	0.02457	0.00120	0.00466	0.00319	0.00276	0.10256
10	0.01016	0.03807	0.09623	0.05153	0.03468	0.00843	0.01700	0.23112	0.05372	0.06494	0.05731	0.03166	0.00967	0.02893	0.01938	0.00130	0.03856	0.04255	0.00300	0.16176

[dist]
# distance from previous block
# <min> <max>
0	7

[block]
# block no. 1 follows, 70 sequences, length 26
# corresponding to MSA columns:
# 374-399
name=unknown_B
#
# <colnr> <probs for GDERKNQSTAVLIFYWHMCP>
#	G	D	E	R	K	N	Q	S	T	A	V	L	I	F	Y	W	H	M	C	P
0	0.04006	0.41753	0.09111	0.00817	0.02946	0.05481	0.04183	0.07420	0.10819	0.03320	0.00790	0.00910	0.00656	0.04147	0.02029	0.00124	0.00447	0.00293	0.00228	0.00519
1	0.01367	0.00698	0.00836	0.00667	0.00913	0.00688	0.00542	0.21942	0.04023	0.39353	0.06698	0.01389	0.02380	0.00501	0.00374	0.00114	0.00315	0.00403	0.16216	0.00580
2	0.01145	0.16442	0.06365	0.00840	0.01141	0.04787	0.02810	0.28199	0.26974	0.01683	0.01019	0.01017	0.00771	0.00439	0.00359	0.00112	0.00407	0.00340	0.00315	0.04833
3	0.00928	0.02153	0.04056	0.02656	0.01073	0.04199	0.10992	0.05916	0.07487	0.08292	0.08914	0.28295	0.07528	0.00802	0.00476	0.00149	0.00383	0.00693	0.00365	0.04643
4	0.01023	0.14700	0.15220	0.00907	0.04321	0.03602	0.09145	0.09244	0.02325	0.12767	0.02317	0.07210	0.05650	0.00491	0.00375	0.00113	0.00423	0.01617	0.00277	0.08272
5	0.03881	0.14208	0.49683	0.01000	0.01456	0.00964	0.08549	0.02990	0.02956	0.04701	0.03724	0.00931	0.00663	0.00386	0.00357	0.00117	0.00505	0.00314	0.02068	0.00547
6	0.00472	0.00388	0.00415	0.00420	0.00535	0.00331	0.00310	0.00578	0.00898	0.01108	0.14281	0.11858	0.65104	0.00980	0.00462	0.00132	0.00197	0.00831	0.00369	0.00331
7	0.00937	0.00899	0.01534	0.10467	0.76043	0.00915	0.01179	0.01170	0.00872	0.01240	0.00725	0.00967	0.00605	0.00350	0.00384	0.00117	0.00466	0.00345	0.00190	0.00596
8	0.01059	0.01030	0.09226	0.07262	0.25240	0.02894	0.17786	0.04023	0.08311	0.09344	0.02415	0.07533	0.00945	0.00507	0.00443	0.00140	0.00498	0.00462	0.00286	0.00595
9	0.04973	0.00732	0.00982	0.02938	0.02364	0.02289	0.04204	0.05755	0.02331	0.67152	0.01378	0.01239	0.00886	0.00463	0.00386	0.00120	0.00361	0.00380	0.00435	0.00633
10	0.00554	0.00415	0.00623	0.00623	0.00692	0.00485	0.00485	0.00692	0.00623	0.00900	0.01038	0.01523	0.00969	0.02908	0.84839	0.00623	0.01038	0.00415	0.00208	0.00346
11	0.00845	0.00808	0.01348	0.40304	0.38737	0.00919	0.01105	0.01074	0.00806	0.01108	0.00690	0.00983	0.00559	0.00397	0.00471	0.00127	0.08684	0.00344	0.00181	0.00512
12	0.00962	0.03713	0.23703	0.09352	0.09615	0.04521	0.08618	0.06446	0.04934	0.09534	0.02586	0.02944	0.05021	0.01563	0.00439	0.00126	0.03391	0.00390	0.01607	0.00532
13	0.00841	0.00718	0.01168	0.12483	0.36504	0.00732	0.05077	0.01076	0.04422	0.05663	0.01294	0.14607	0.05355	0.00587	0.00419	0.00130	0.00402	0.06399	0.01618	0.00504
14	0.00537	0.00355	0.00472	0.00544	0.00583	0.00328	0.00369	0.00610	0.00765	0.05280	0.02152	0.79608	0.04596	0.01171	0.00488	0.00155	0.00230	0.01058	0.00366	0.00333
15	0.00475	0.00339	0.00449	0.00536	0.00558	0.00317	0.00356	0.00541	0.00736	0.00982	0.02105	0.83259	0.02525	0.04132	0.00545	0.00165	0.00230	0.01084	0.00356	0.00312
16	0.04881	0.02901	0.13738	0.03997	0.05451	0.12351	0.00788	0.17105	0.13410	0.12441	0.02412	0.02281	0.02082	0.01809	0.00397	0.00122	0.00438	0.00363	0.02476	0.00558
17	0.01103	0.00876	0.00940	0.00808	0.00991	0.08418	0.00643	0.14406	0.24928	0.12673	0.02564	0.05588	0.05577	0.00654	0.02836	0.00146	0.15532	0.00441	0.00339	0.00537
18	0.00848	0.00848	0.01187	0.01018	0.01018	0.01187	0.00848	0.00933	0.00594	0.00933	0.00509	0.00848	0.00509	0.00679	0.01272	0.00170	0.85666	0.00339	0.00170	0.00424
19	0.00804	0.00689	0.00804	0.00574	0.00919	0.00517	0.00459	0.00976	0.00804	0.01263	0.00689	0.00804	0.00574	0.00287	0.00287	0.00057	0.00287	0.00230	0.00230	0.88745
20	0.01036	0.86609	0.02032	0.00663	0.00995	0.01534	0.00663	0.01161	0.00788	0.00912	0.00539	0.00622	0.00498	0.00332	0.00249	0.00083	0.00415	0.00207	0.00166	0.00498
21	0.00948	0.00909	0.01552	0.06659	0.79769	0.00918	0.01184	0.01180	0.00877	0.01252	0.00727	0.00963	0.00609	0.00348	0.00384	0.00116	0.00463	0.00345	0.00191	0.00605
22	0.06639	0.00890	0.00993	0.00954	0.09229	0.11739	0.06568	0.14411	0.12413	0.05200	0.02360	0.13224	0.08519	0.00619	0.00435	0.01559	0.01737	0.01701	0.00312	0.00498
23	0.20183	0.02949	0.02820	0.12170	0.09631	0.14640	0.07981	0.07726	0.02511	0.01349	0.03232	0.05334	0.01703	0.01956	0.00399	0.00123	0.01833	0.00363	0.00239	0.02858
24	0.10869	0.07981	0.03139	0.03126	0.06826	0.11269	0.06636	0.17223	0.07928	0.02658	0.03852	0.07686	0.02722	0.01767	0.00391	0.00120	0.00419	0.00406	0.02581	0.02403
25	0.12767	0.00901	0.03352	0.06668	0.03763	0.09442	0.10288	0.11615	0.04397	0.08880	0.10455	0.01374	0.07153	0.00531	0.01651	0.00127	0.02581	0.00410	0.00297	0.03346

[dist]
# distance from previous block
# <min> <max>
0	23

[block]
# block no. 2 follows, 70 sequences, length 32
# corresponding to MSA columns:
# 423-454
name=unknown_C
#
# <colnr> <probs for GDERKNQSTAVLIFYWHMCP>
#	G	D	E	R	K	N	Q	S	T	A	V	L	I	F	Y	W	H	M	C	P
0	0.09807	0.05207	0.05270	0.05842	0.12243	0.07974	0.09879	0.12831	0.06939	0.02459	0.06450	0.04252	0.03747	0.00470	0.00390	0.00118	0.01709	0.00397	0.00269	0.03745
1	0.03213	0.11350	0.04302	0.00675	0.00872	0.09327	0.01985	0.03749	0.05729	0.04554	0.16434	0.06484	0.13464	0.00750	0.05194	0.00145	0.04472	0.00494	0.00299	0.06507
2	0.01066	0.13110	0.06650	0.00754	0.01022	0.00961	0.00658	0.29949	0.13833	0.05156	0.01422	0.08825	0.09507	0.00580	0.00386	0.00120	0.00365	0.02519	0.00336	0.02781
3	0.00495	0.00392	0.00440	0.00431	0.00540	0.00343	0.00319	0.00618	0.00943	0.01214	0.32078	0.05146	0.50301	0.04395	0.00520	0.00138	0.00200	0.00772	0.00379	0.00337
4	0.01147	0.13115	0.09332	0.00920	0.04524	0.22954	0.05092	0.06407	0.06677	0.09931	0.02523	0.02442	0.02843	0.00426	0.00355	0.00105	0.00477	0.00332	0.00260	0.10139
5	0.00865	0.09049	0.10499	0.14262	0.11977	0.00855	0.13538	0.05271	0.02992	0.05108	0.03796	0.16174	0.01050	0.00544	0.00423	0.00127	0.02231	0.00494	0.00250	0.00495
6	0.00516	0.00395	0.00428	0.00436	0.00555	0.00337	0.00323	0.00612	0.00869	0.04425	0.03486	0.17842	0.64892	0.01003	0.00463	0.00136	0.00210	0.02369	0.00365	0.00339
7	0.00901	0.00922	0.01754	0.01854	0.39956	0.00895	0.35090	0.01187	0.03091	0.01274	0.05633	0.02626	0.02160	0.00393	0.00422	0.00123	0.00513	0.00436	0.00218	0.00552
8	0.00906	0.10684	0.35429	0.02060	0.07040	0.00950	0.15914	0.03349	0.06598	0.05486	0.02117	0.04082	0.01548	0.00422	0.00396	0.00122	0.01751	0.00373	0.00223	0.00549
9	0.01739	0.00660	0.00900	0.00690	0.00990	0.00570	0.00570	0.01889	0.01110	0.84226	0.01529	0.01320	0.00960	0.00480	0.00390	0.00120	0.00330	0.00390	0.00480	0.00660
10	0.00560	0.00420	0.00617	0.00614	0.00676	0.00489	0.00471	0.00686	0.00618	0.00888	0.01044	0.01595	0.00997	0.09813	0.76354	0.00594	0.02591	0.00426	0.00209	0.00338
11	0.02396	0.02917	0.08162	0.24807	0.18489	0.03399	0.06427	0.04155	0.05208	0.14044	0.00917	0.01071	0.01527	0.00460	0.02084	0.00133	0.02660	0.00358	0.00248	0.00538
12	0.00733	0.00551	0.00639	0.00585	0.00733	0.00566	0.00448	0.01201	0.27735	0.05719	0.43531	0.02443	0.12129	0.00712	0.00434	0.00126	0.00232	0.00614	0.00411	0.00457
13	0.00472	0.00337	0.00450	0.00540	0.00562	0.00315	0.00360	0.00540	0.00742	0.00990	0.02137	0.86122	0.02564	0.01215	0.00495	0.00157	0.00225	0.01102	0.00360	0.00315
14	0.06577	0.00795	0.00862	0.00708	0.00936	0.00851	0.00572	0.42822	0.04231	0.05326	0.13947	0.04259	0.10429	0.00606	0.00401	0.00122	0.00333	0.02541	0.03149	0.00534
15	0.01153	0.49687	0.03726	0.02135	0.02343	0.26107	0.00723	0.04954	0.00931	0.01020	0.02226	0.00724	0.00570	0.00375	0.00314	0.00094	0.01993	0.00245	0.00192	0.00489
16	0.01025	0.10023	0.06024	0.00769	0.01993	0.02863	0.06167	0.10719	0.02506	0.10928	0.01894	0.02235	0.01690	0.00431	0.02014	0.00101	0.00388	0.00314	0.00271	0.37647
17	0.00876	0.07250	0.17762	0.02289	0.14158	0.02772	0.11418	0.03768	0.13910	0.02686	0.08579	0.06955	0.03282	0.00505	0.00414	0.00124	0.02013	0.00447	0.00264	0.00528
18	0.02888	0.00821	0.07499	0.05269	0.08982	0.03257	0.05921	0.14040	0.06623	0.04365	0.01332	0.28997	0.01324	0.00695	0.00442	0.00134	0.02385	0.02003	0.02539	0.00482
19	0.00762	0.00720	0.01217	0.74521	0.13359	0.00869	0.01092	0.01017	0.00789	0.01027	0.00694	0.01024	0.00530	0.00382	0.00387	0.00127	0.00509	0.00345	0.00175	0.00455
20	0.01070	0.01814	0.08313	0.09488	0.15382	0.00798	0.07859	0.09377	0.06734	0.19423	0.02243	0.09974	0.02303	0.00524	0.00420	0.00127	0.01777	0.01511	0.00309	0.00553
21	0.00992	0.02887	0.28240	0.06341	0.16980	0.04324	0.16494	0.05980	0.02800	0.08704	0.00867	0.01000	0.01821	0.00386	0.00391	0.00121	0.00524	0.00354	0.00226	0.00566
22	0.00554	0.00415	0.00623	0.00623	0.00692	0.00485	0.00485	0.00692	0.00623	0.00900	0.01038	0.01523	0.00969	0.02908	0.84839	0.00623	0.01038	0.00415	0.00208	0.00346
23	0.01014	0.74395	0.01842	0.00665	0.00970	0.06493	0.00640	0.01134	0.00811	0.00924	0.00774	0.02988	0.05246	0.00395	0.00273	0.00089	0.00415	0.00267	0.00184	0.00480
24	0.02214	0.09216	0.23965	0.05664	0.15345	0.04137	0.04088	0.05524	0.02688	0.12376	0.01055	0.04151	0.04786	0.00459	0.00388	0.00120	0.01438	0.01587	0.00251	0.00547
25	0.03281	0.07162	0.24039	0.03775	0.05588	0.02391	0.07777	0.19296	0.05348	0.05553	0.00964	0.05588	0.00793	0.00514	0.01657	0.00131	0.01475	0.03847	0.00268	0.00552
26	0.00484	0.00356	0.00467	0.02772	0.00614	0.00335	0.00371	0.00567	0.00778	0.01029	0.07711	0.69217	0.10269	0.02438	0.00508	0.00155	0.00229	0.01020	0.00357	0.00321
27	0.03226	0.00838	0.07721	0.01094	0.13834	0.01741	0.12405	0.04912	0.03603	0.17685	0.05032	0.10960	0.08441	0.00585	0.00461	0.00130	0.04790	0.01715	0.00309	0.00518
28	0.02523	0.05658	0.30302	0.05241	0.09670	0.02297	0.07560	0.04738	0.10642	0.04045	0.05069	0.05202	0.00879	0.00448	0.00381	0.00120	0.00460	0.00385	0.00244	0.04134
29	0.07292	0.02893	0.05421	0.02629	0.04452	0.09978	0.12041	0.27530	0.06952	0.02951	0.03410	0.01151	0.02079	0.01962	0.01806	0.00134	0.04217	0.02272	0.00290	0.00540
30	0.05186	0.00669	0.02404	0.02103	0.00846	0.04074	0.03749	0.12677	0.05546	0.02219	0.03990	0.09607	0.06071	0.18412	0.13706	0.00252	0.00471	0.02834	0.01180	0.04003
31	0.02442	0.00969	0.02942	0.04009	0.51461	0.06490	0.12578	0.03351	0.00918	0.03482	0.00895	0.02745	0.03531	0.00442	0.01958	0.00128	0.00497	0.00385	0.00215	0.00563

[dist]
# distance from previous block
# <min> <max>
0	11

[block]
# block no. 3 follows, 70 sequences, length 16
# corresponding to MSA columns:
# 467-469,480-492
name=unknown_D
#
# <colnr> <probs for GDERKNQSTAVLIFYWHMCP>
#	G	D	E	R	K	N	Q	S	T	A	V	L	I	F	Y	W	H	M	C	P
0	0.06387	0.00999	0.00855	0.00825	0.06506	0.25663	0.00587	0.12614	0.01060	0.02407	0.08028	0.10419	0.12943	0.02288	0.00418	0.00119	0.00416	0.00482	0.00293	0.06690
1	0.02768	0.06306	0.00999	0.03534	0.05031	0.14229	0.00650	0.16820	0.14831	0.04527	0.02518	0.04456	0.00977	0.04453	0.01877	0.00136	0.01164	0.05727	0.02247	0.06749
2	0.54699	0.00699	0.00707	0.06582	0.00939	0.00781	0.04429	0.02426	0.03489	0.04154	0.01084	0.01173	0.10780	0.00616	0.05890	0.00156	0.00372	0.00335	0.00261	0.00427
3	0.03547	0.36977	0.20976	0.02210	0.01214	0.01182	0.00847	0.16536	0.01023	0.10994	0.00767	0.00814	0.00578	0.00384	0.00321	0.00105	0.00443	0.00276	0.00246	0.00561
4	0.58676	0.00881	0.00733	0.00638	0.00870	0.08907	0.00517	0.06671	0.06643	0.07135	0.00709	0.00770	0.00537	0.00406	0.00331	0.00121	0.04462	0.00257	0.00269	0.00468
5	0.12680	0.00597	0.08517	0.00604	0.00731	0.00496	0.00494	0.04662	0.00817	0.01219	0.05811	0.53071	0.04731	0.00948	0.00441	0.00145	0.00279	0.03054	0.00329	0.00375
6	0.01043	0.61783	0.11796	0.00708	0.01046	0.04049	0.00726	0.01212	0.00825	0.06495	0.00677	0.00753	0.00562	0.00357	0.00277	0.00091	0.00421	0.00241	0.06433	0.00506
7	0.00815	0.03943	0.24331	0.03115	0.01096	0.00775	0.00778	0.09615	0.13265	0.02696	0.11455	0.04237	0.08598	0.08332	0.00573	0.00149	0.03226	0.02221	0.00293	0.00488
8	0.00625	0.00475	0.00614	0.00591	0.00673	0.00515	0.00453	0.06096	0.00801	0.01091	0.10327	0.02319	0.12813	0.16167	0.32455	0.00362	0.05366	0.07625	0.00280	0.00353
9	0.05283	0.28840	0.01365	0.00780	0.01076	0.03093	0.00675	0.38504	0.12317	0.01754	0.00870	0.00889	0.00668	0.00424	0.00334	0.00107	0.00403	0.00307	0.01732	0.00580
10	0.00472	0.00337	0.00450	0.00540	0.00562	0.00315	0.00360	0.00540	0.00742	0.00990	0.02137	0.86122	0.02564	0.01215	0.00495	0.00157	0.00225	0.01102	0.00360	0.00315
11	0.01075	0.53921	0.10495	0.00744	0.01068	0.05886	0.00729	0.11894	0.00937	0.03161	0.00680	0.00831	0.00590	0.06046	0.00403	0.00113	0.00444	0.00265	0.00209	0.00511
12	0.02044	0.36086	0.27828	0.00970	0.06829	0.02521	0.03333	0.05978	0.06658	0.01197	0.00744	0.02871	0.00613	0.00388	0.00328	0.00107	0.00466	0.00296	0.00203	0.00541
13	0.00552	0.00371	0.00426	0.00439	0.00442	0.00368	0.00252	0.00561	0.00588	0.00784	0.01344	0.13755	0.01564	0.74946	0.01775	0.00347	0.00356	0.00636	0.00252	0.00246
14	0.02408	0.05759	0.29672	0.04726	0.07395	0.01816	0.02756	0.07598	0.20926	0.02849	0.06114	0.01167	0.01719	0.00488	0.01687	0.00130	0.01596	0.00368	0.00266	0.00558
15	0.00685	0.00662	0.09527	0.00651	0.00801	0.00560	0.04552	0.07276	0.02269	0.01138	0.05489	0.02908	0.10499	0.24129	0.15959	0.01592	0.01357	0.03865	0.05705	0.00377

[dist]
# distance from previous block
# <min> <max>
2	31

[block]
# block no. 4 follows, 70 sequences, length 7
# corresponding to MSA columns:
# 524-530
name=unknown_E
#
# <colnr> <probs for GDERKNQSTAVLIFYWHMCP>
#	G	D	E	R	K	N	Q	S	T	A	V	L	I	F	Y	W	H	M	C	P
0	0.07248	0.03209	0.14256	0.02013	0.00926	0.04098	0.03184	0.03402	0.02261	0.06696	0.05726	0.11147	0.04558	0.13256	0.04290	0.02237	0.00406	0.04868	0.04386	0.01833
1	0.06222	0.03206	0.28234	0.06995	0.05215	0.03077	0.04933	0.04416	0.03969	0.02685	0.09077	0.04549	0.05257	0.03247	0.03135	0.00149	0.04483	0.00418	0.00243	0.00487
2	0.00663	0.00389	0.00514	0.00502	0.00532	0.00397	0.00333	0.00649	0.00590	0.05644	0.01042	0.01868	0.01080	0.40038	0.17768	0.26559	0.00490	0.00458	0.00224	0.00262
3	0.00863	0.00749	0.03474	0.03902	0.09663	0.05023	0.00635	0.09988	0.13062	0.03341	0.16184	0.04670	0.03788	0.04338	0.07681	0.00177	0.04066	0.02097	0.05826	0.00472
4	0.00729	0.00611	0.00932	0.11134	0.22043	0.00639	0.00783	0.03108	0.00890	0.01199	0.06322	0.10062	0.03943	0.00772	0.00488	0.00148	0.03022	0.32443	0.00293	0.00437
5	0.03534	0.32921	0.03633	0.00829	0.05037	0.14189	0.00689	0.12122	0.03899	0.08376	0.00825	0.00872	0.02448	0.00392	0.00318	0.00097	0.00436	0.00281	0.00249	0.08853
6	0.00718	0.00359	0.00375	0.00375	0.00457	0.00359	0.00277	0.00866	0.00784	0.01373	0.01209	0.01420	0.00963	0.00536	0.00388	0.08448	0.00195	0.00359	0.80195	0.00343

[dist]
# distance from previous block
# <min> <max>
0	1

[block]
# block no. 5 follows, 70 sequences, length 18
# corresponding to MSA columns:
# 532-549
name=unknown_F
#
# <colnr> <probs for GDERKNQSTAVLIFYWHMCP>
#	G	D	E	R	K	N	Q	S	T	A	V	L	I	F	Y	W	H	M	C	P
0	0.00732	0.00689	0.01163	0.85444	0.02670	0.00861	0.01077	0.00991	0.00775	0.00991	0.00689	0.01034	0.00517	0.00388	0.00388	0.00129	0.00517	0.00345	0.00172	0.00431
1	0.00724	0.00402	0.00462	0.11017	0.00729	0.00424	0.00372	0.00914	0.00808	0.01388	0.01193	0.01394	0.00934	0.00444	0.00286	0.00095	0.00223	0.00359	0.77462	0.00370
2	0.04851	0.00883	0.02649	0.02702	0.08792	0.00896	0.23583	0.08752	0.18424	0.12979	0.03255	0.03025	0.00914	0.00469	0.00450	0.00129	0.04424	0.01955	0.00307	0.00560
3	0.03772	0.00755	0.03283	0.02000	0.00953	0.05081	0.03932	0.11221	0.07697	0.22493	0.06774	0.03036	0.06680	0.07512	0.01714	0.00151	0.02214	0.04500	0.05728	0.00502
4	0.02023	0.03531	0.13169	0.02155	0.16353	0.02554	0.06415	0.14221	0.05174	0.07328	0.05679	0.03356	0.02029	0.00467	0.00454	0.00119	0.07240	0.00384	0.00271	0.07078
5	0.08021	0.19060	0.15119	0.02253	0.10684	0.10376	0.05203	0.14335	0.01001	0.04286	0.00712	0.00828	0.00559	0.00429	0.01604	0.00120	0.04351	0.00294	0.00227	0.00538
6	0.56605	0.00832	0.00747	0.00634	0.00888	0.00948	0.00518	0.19288	0.11272	0.03865	0.00780	0.00815	0.00581	0.00407	0.00296	0.00121	0.00329	0.00274	0.00298	0.00503
7	0.00554	0.00387	0.00447	0.00455	0.00486	0.00381	0.00292	0.00591	0.00643	0.00839	0.01676	0.02830	0.13206	0.62267	0.05583	0.00334	0.00380	0.08123	0.00263	0.00265
8	0.00790	0.01918	0.16119	0.11503	0.06277	0.00737	0.06059	0.06038	0.03747	0.03740	0.18183	0.03501	0.06239	0.00645	0.03188	0.00144	0.05052	0.02912	0.02735	0.00472
9	0.00617	0.00445	0.00535	0.00551	0.00618	0.00440	0.00382	0.10843	0.00882	0.01174	0.07405	0.50393	0.07840	0.15131	0.00720	0.00184	0.00270	0.00873	0.00347	0.00349
10	0.03405	0.05164	0.01051	0.00866	0.03442	0.12232	0.00673	0.27104	0.32289	0.03236	0.01109	0.01095	0.00835	0.00509	0.01970	0.00126	0.00418	0.00359	0.01557	0.02560
11	0.03540	0.07895	0.65628	0.01043	0.01542	0.11453	0.01262	0.01261	0.00847	0.01186	0.00668	0.00784	0.00490	0.00369	0.00354	0.00117	0.00569	0.00274	0.00171	0.00548
12	0.13202	0.23785	0.13898	0.03366	0.04764	0.06846	0.04921	0.08054	0.07584	0.05860	0.02407	0.00885	0.00653	0.00398	0.00345	0.00111	0.01855	0.00298	0.00240	0.00527
13	0.01004	0.34178	0.01277	0.00692	0.00930	0.02447	0.00604	0.12508	0.08200	0.07223	0.01334	0.09520	0.08482	0.00591	0.00389	0.00116	0.02930	0.06788	0.00291	0.00495
14	0.00631	0.00378	0.00506	0.00559	0.00616	0.00347	0.00386	0.00709	0.00788	0.11414	0.02061	0.75502	0.02363	0.01123	0.00482	0.00153	0.00238	0.01013	0.00375	0.00358
15	0.00829	0.09735	0.53687	0.11548	0.01605	0.00908	0.01171	0.03721	0.00856	0.04254	0.00950	0.02238	0.06005	0.00426	0.00368	0.00120	0.00508	0.00338	0.00199	0.00534
16	0.02734	0.04940	0.31388	0.13915	0.09201	0.08751	0.04951	0.03272	0.03635	0.09691	0.00822	0.00983	0.00613	0.00403	0.00388	0.00121	0.01839	0.01589	0.00223	0.00542
17	0.18847	0.01103	0.00962	0.00876	0.03471	0.27143	0.03217	0.04038	0.11184	0.01266	0.00781	0.00956	0.00652	0.03817	0.04009	0.00152	0.13580	0.00314	0.03172	0.00459

[dist]
# distance from previous block
# <min> <max>
2	17

[block]
# block no. 6 follows, 70 sequences, length 21
# corresponding to MSA columns:
# 572-592
name=unknown_G
#
# <colnr> <probs for GDERKNQSTAVLIFYWHMCP>
#	G	D	E	R	K	N	Q	S	T	A	V	L	I	F	Y	W	H	M	C	P
0	0.37334	0.02067	0.05244	0.03954	0.00956	0.00779	0.02145	0.03809	0.02105	0.03451	0.02129	0.04274	0.05765	0.00472	0.00385	0.00116	0.06603	0.02077	0.00255	0.16081
1	0.03960	0.00599	0.00719	0.00656	0.00770	0.02874	0.02529	0.15265	0.03236	0.01211	0.01142	0.07093	0.01123	0.22211	0.32196	0.00372	0.00632	0.02756	0.00266	0.00391
2	0.00849	0.09011	0.13367	0.17398	0.01652	0.02919	0.23054	0.04912	0.00856	0.01150	0.02581	0.06341	0.00769	0.03136	0.02569	0.00148	0.08188	0.00415	0.00207	0.00476
3	0.00567	0.00469	0.00593	0.00566	0.00644	0.00495	0.00436	0.00692	0.00894	0.01211	0.32619	0.13454	0.26817	0.00890	0.00609	0.00139	0.15337	0.02859	0.00351	0.00358
4	0.00601	0.00456	0.00499	0.00507	0.00583	0.04305	0.00358	0.00693	0.00842	0.04037	0.18549	0.23636	0.19655	0.19147	0.00786	0.00188	0.00274	0.04209	0.00343	0.00331
5	0.00890	0.00505	0.00625	0.00550	0.00715	0.00463	0.00427	0.04206	0.04169	0.23395	0.31574	0.08372	0.21024	0.00760	0.00437	0.00126	0.00242	0.00650	0.00418	0.00452
6	0.00938	0.01278	0.16637	0.01427	0.01830	0.09210	0.56218	0.01257	0.00911	0.01211	0.00746	0.00960	0.00562	0.00339	0.00423	0.00123	0.00626	0.00396	0.00192	0.04715
7	0.00856	0.00490	0.00503	0.00455	0.00585	0.00510	0.00354	0.15384	0.00992	0.01622	0.01206	0.01354	0.00934	0.00454	0.00292	0.00095	0.00224	0.00359	0.72917	0.00414
8	0.01250	0.05471	0.08389	0.00842	0.01120	0.13598	0.00727	0.41849	0.03178	0.05201	0.04506	0.06652	0.00904	0.00505	0.00379	0.00115	0.00439	0.00391	0.03920	0.00564
9	0.03905	0.04122	0.01032	0.00820	0.01075	0.15779	0.00672	0.35345	0.01348	0.17833	0.01113	0.01397	0.00885	0.00526	0.00389	0.00121	0.00439	0.10745	0.01887	0.00565
10	0.00692	0.00368	0.00389	0.00384	0.00474	0.00362	0.00288	0.00873	0.00863	0.01465	0.15874	0.01702	0.01466	0.00512	0.00304	0.00096	0.00181	0.00422	0.72924	0.00362
11	0.01469	0.01221	0.01152	0.00911	0.01202	0.16012	0.00739	0.68298	0.01695	0.02179	0.00872	0.00890	0.00631	0.00454	0.00381	0.00113	0.00475	0.00331	0.00355	0.00622
12	0.00734	0.00603	0.00803	0.00740	0.00861	0.03598	0.09544	0.15199	0.00966	0.01274	0.01718	0.58526	0.01933	0.00954	0.00466	0.00145	0.00325	0.00867	0.00341	0.00404
13	0.00815	0.00469	0.00622	0.00574	0.00629	0.00490	0.00408	0.15056	0.00738	0.00987	0.00719	0.01135	0.00671	0.01191	0.01315	0.73028	0.00353	0.00339	0.00207	0.00255
14	0.00484	0.00365	0.00448	0.00488	0.00555	0.00329	0.00343	0.00585	0.00856	0.01124	0.19693	0.45740	0.25459	0.01061	0.00477	0.00143	0.00208	0.00939	0.00374	0.00329
15	0.00931	0.00954	0.03785	0.02858	0.43115	0.05458	0.07093	0.01191	0.06097	0.01209	0.02405	0.01048	0.01801	0.00445	0.00560	0.00127	0.17067	0.00365	0.02951	0.00541
16	0.00582	0.00680	0.15359	0.00592	0.00770	0.00457	0.00550	0.00804	0.01027	0.01452	0.62199	0.04457	0.08095	0.00739	0.00442	0.00123	0.00254	0.00644	0.00374	0.00399
17	0.01087	0.04059	0.01248	0.04243	0.14135	0.18316	0.10931	0.15674	0.06364	0.03599	0.07101	0.05630	0.03858	0.00496	0.00407	0.00119	0.01510	0.00424	0.00279	0.00521
18	0.00558	0.00401	0.00548	0.00548	0.00591	0.00444	0.00391	0.00644	0.00601	0.00844	0.01107	0.01904	0.01135	0.34273	0.53700	0.00530	0.00789	0.00471	0.00218	0.00304
19	0.00936	0.34994	0.10151	0.01977	0.01065	0.01059	0.05385	0.09603	0.02932	0.03617	0.00819	0.01087	0.00719	0.09334	0.14537	0.00215	0.00542	0.00328	0.00220	0.00479
20	0.00745	0.09766	0.18818	0.15717	0.01284	0.00720	0.01907	0.00989	0.02902	0.05151	0.09847	0.07929	0.13906	0.02541	0.00435	0.00130	0.00386	0.03745	0.00269	0.02814

[dist]
# distance from previous block
# <min> <max>
0	237

# created by:
# /st0/software/busco_prod/Augustus/scripts/msa2prfl.pl ./align_prep/39582.fa
