[name]
unknown

[dist]
# distance from previous block
# <min> <max>
0	1879

[block]
# block no. 0 follows, 71 sequences, length 19
# corresponding to MSA columns:
# 1879-1897
name=unknown_A
#
# <colnr> <probs for GDERKNQSTAVLIFYWHMCP>
#	G	D	E	R	K	N	Q	S	T	A	V	L	I	F	Y	W	H	M	C	P
0	0.00989	0.00805	0.00922	0.02774	0.02429	0.06568	0.06197	0.23191	0.13383	0.06099	0.05171	0.12463	0.15027	0.00653	0.00417	0.00126	0.00361	0.01574	0.00349	0.00502
1	0.00582	0.04603	0.00633	0.00652	0.05345	0.00454	0.00448	0.03242	0.00842	0.01128	0.12077	0.50709	0.07315	0.00985	0.00458	0.00141	0.00256	0.06933	0.00342	0.02853
2	0.00921	0.12890	0.32951	0.02415	0.07858	0.04600	0.22416	0.03284	0.00878	0.03127	0.00713	0.00864	0.00540	0.00350	0.00369	0.00113	0.00540	0.00322	0.00190	0.04658
3	0.05683	0.12877	0.09757	0.03670	0.05674	0.12584	0.20609	0.11732	0.04500	0.01307	0.00794	0.03405	0.00648	0.00518	0.04468	0.00139	0.00542	0.00353	0.00227	0.00512
4	0.01349	0.00697	0.00833	0.00663	0.00911	0.00680	0.00537	0.23743	0.01202	0.37982	0.01293	0.05663	0.00939	0.00494	0.00364	0.00111	0.00317	0.00399	0.16971	0.04851
5	0.00611	0.00477	0.00548	0.00579	0.03141	0.01661	0.00406	0.02265	0.09958	0.03526	0.04520	0.28350	0.31648	0.05816	0.02514	0.00162	0.00271	0.02825	0.00347	0.00374
6	0.06080	0.01096	0.03062	0.00833	0.01077	0.20491	0.02669	0.26001	0.12342	0.10496	0.06461	0.03790	0.01845	0.00496	0.00388	0.00117	0.01497	0.00383	0.00331	0.00543
7	0.00950	0.07637	0.02204	0.00706	0.00879	0.25557	0.00556	0.02295	0.11414	0.04404	0.20376	0.04415	0.11764	0.02739	0.00449	0.00122	0.02305	0.00483	0.00308	0.00437
8	0.00532	0.00420	0.00442	0.00425	0.00554	0.00374	0.00322	0.04584	0.00947	0.01204	0.15792	0.03289	0.62507	0.00885	0.00438	0.00125	0.00202	0.00741	0.05869	0.00347
9	0.02815	0.03256	0.01401	0.19272	0.52914	0.07765	0.01065	0.02757	0.02909	0.01202	0.00718	0.00939	0.00586	0.00361	0.00371	0.00115	0.00477	0.00330	0.00195	0.00550
10	0.03092	0.00970	0.01811	0.03896	0.06297	0.02951	0.50577	0.02475	0.02936	0.01193	0.00807	0.01048	0.02672	0.00419	0.00591	0.00135	0.17017	0.00416	0.00201	0.00496
11	0.00898	0.01123	0.09919	0.03868	0.01888	0.03504	0.63974	0.01206	0.00873	0.01188	0.00738	0.00987	0.00562	0.00358	0.00501	0.00131	0.07168	0.00418	0.00188	0.00510
12	0.01165	0.00874	0.04464	0.00846	0.05715	0.00878	0.00663	0.29148	0.22953	0.14669	0.01584	0.01507	0.12727	0.00540	0.00395	0.00122	0.00351	0.00438	0.00375	0.00587
13	0.03419	0.00737	0.00928	0.00861	0.06908	0.07344	0.07293	0.05613	0.04728	0.11870	0.19482	0.06140	0.10400	0.00685	0.02475	0.00139	0.08631	0.01560	0.00326	0.00463
14	0.00603	0.00452	0.00654	0.00644	0.00728	0.00431	0.07463	0.05295	0.00824	0.03494	0.01970	0.62468	0.06344	0.04047	0.00528	0.00157	0.00280	0.02918	0.00343	0.00357
15	0.00586	0.00431	0.00574	0.00643	0.00739	0.00418	0.00553	0.00748	0.00886	0.01137	0.04338	0.04175	0.17039	0.01037	0.00514	0.00167	0.00320	0.64993	0.00355	0.00348
16	0.00925	0.02960	0.03448	0.18414	0.29534	0.07153	0.19902	0.03715	0.00907	0.02397	0.03646	0.03713	0.00739	0.00398	0.00397	0.00120	0.00510	0.00392	0.00210	0.00519
17	0.00902	0.03097	0.06310	0.34216	0.22841	0.03964	0.13093	0.05616	0.00887	0.02548	0.00722	0.00966	0.00558	0.00374	0.00405	0.00122	0.02323	0.00348	0.00196	0.00512
18	0.00955	0.05640	0.00741	0.00599	0.00748	0.10623	0.00469	0.14509	0.03009	0.03920	0.01107	0.06026	0.00933	0.04074	0.02709	0.00129	0.03420	0.00387	0.39571	0.00433

[dist]
# distance from previous block
# <min> <max>
3	11

[block]
# block no. 1 follows, 71 sequences, length 24
# corresponding to MSA columns:
# 1909-1932
name=unknown_B
#
# <colnr> <probs for GDERKNQSTAVLIFYWHMCP>
#	G	D	E	R	K	N	Q	S	T	A	V	L	I	F	Y	W	H	M	C	P
0	0.25958	0.08132	0.03042	0.09746	0.04604	0.15481	0.01814	0.10955	0.01779	0.01372	0.00643	0.00790	0.00519	0.00467	0.02388	0.00128	0.09292	0.00276	0.00224	0.02390
1	0.02730	0.01099	0.04502	0.10194	0.42526	0.16476	0.04948	0.04417	0.00918	0.02125	0.00694	0.00897	0.00566	0.00383	0.00430	0.00117	0.05915	0.00325	0.00199	0.00540
2	0.00476	0.00339	0.00440	0.00517	0.00541	0.00318	0.00341	0.00537	0.00722	0.00957	0.02088	0.74914	0.05400	0.09689	0.00634	0.00176	0.00236	0.01027	0.00344	0.00304
3	0.00564	0.00410	0.00551	0.00630	0.00707	0.00397	0.00519	0.00705	0.00846	0.01095	0.02256	0.23726	0.11356	0.01083	0.00512	0.00166	0.00304	0.53477	0.00354	0.00340
4	0.00920	0.42940	0.18031	0.00866	0.01227	0.04288	0.11978	0.01136	0.00827	0.01060	0.03709	0.02301	0.02265	0.00377	0.00319	0.00099	0.00459	0.00301	0.00190	0.06706
5	0.01629	0.00762	0.00953	0.00735	0.01031	0.00731	0.00606	0.21815	0.04169	0.61298	0.01369	0.01215	0.00884	0.00473	0.00385	0.00118	0.00349	0.00377	0.00449	0.00651
6	0.00501	0.00362	0.00458	0.00519	0.00553	0.00346	0.00346	0.00603	0.03719	0.01004	0.06766	0.63918	0.05514	0.12669	0.00680	0.00181	0.00242	0.00961	0.00344	0.00315
7	0.00937	0.00908	0.01575	0.05841	0.76450	0.00912	0.05375	0.01171	0.00870	0.01240	0.00722	0.00956	0.00602	0.00342	0.00384	0.00115	0.00468	0.00347	0.00189	0.00595
8	0.00863	0.00874	0.01100	0.00949	0.00992	0.09355	0.03641	0.00965	0.00661	0.00954	0.00618	0.00951	0.00586	0.02459	0.08362	0.00198	0.61114	0.00343	0.04605	0.00412
9	0.01128	0.00554	0.00681	0.00580	0.00762	0.00539	0.00452	0.03980	0.09261	0.34786	0.02468	0.01562	0.03056	0.10244	0.07939	0.00185	0.00355	0.00418	0.20555	0.00495
10	0.01383	0.01096	0.01088	0.00864	0.01140	0.10410	0.00702	0.64163	0.04327	0.03805	0.04128	0.02271	0.00818	0.00486	0.00386	0.00115	0.00433	0.01411	0.00366	0.00608
11	0.00840	0.06743	0.00828	0.00683	0.00854	0.19253	0.02973	0.02243	0.17011	0.01155	0.05332	0.11644	0.26579	0.00705	0.00407	0.00123	0.00361	0.01525	0.00313	0.00428
12	0.00558	0.00390	0.00503	0.00554	0.00597	0.00383	0.00410	0.00648	0.00745	0.00987	0.05862	0.22656	0.02070	0.30934	0.01013	0.00237	0.00321	0.30518	0.00315	0.00302
13	0.00467	0.00334	0.00445	0.00534	0.00556	0.00311	0.00356	0.00534	0.00734	0.00979	0.02113	0.86275	0.02536	0.01201	0.00489	0.00156	0.00222	0.01090	0.00356	0.00311
14	0.05038	0.01122	0.00973	0.00885	0.03570	0.29323	0.03109	0.10035	0.21009	0.08773	0.01134	0.10496	0.00962	0.00530	0.00381	0.00119	0.00455	0.01262	0.00309	0.00514
15	0.00805	0.01901	0.74825	0.01131	0.01669	0.04045	0.07904	0.01227	0.00828	0.01205	0.00692	0.00823	0.00494	0.00362	0.00371	0.00121	0.00578	0.00296	0.00166	0.00558
16	0.00467	0.00334	0.00445	0.00534	0.00556	0.00311	0.00356	0.00534	0.00734	0.00979	0.02113	0.86275	0.02536	0.01201	0.00489	0.00156	0.00222	0.01090	0.00356	0.00311
17	0.00749	0.00707	0.01195	0.76369	0.11681	0.00858	0.01077	0.01002	0.00778	0.01010	0.00686	0.01014	0.00522	0.00379	0.00383	0.00126	0.00505	0.00341	0.00173	0.00446
18	0.01103	0.01089	0.00998	0.01015	0.11817	0.24964	0.00698	0.10190	0.28518	0.03201	0.03936	0.05483	0.04280	0.00514	0.00385	0.00118	0.00435	0.00414	0.00308	0.00532
19	0.06430	0.10611	0.04187	0.00776	0.01073	0.16014	0.03587	0.19388	0.01064	0.01431	0.00752	0.04057	0.00629	0.00392	0.00327	0.00093	0.00424	0.00297	0.00252	0.28217
20	0.01009	0.05106	0.01998	0.02668	0.09572	0.06596	0.13950	0.14372	0.06317	0.07780	0.05534	0.09748	0.01065	0.06884	0.00567	0.00142	0.05438	0.00465	0.00286	0.00501
21	0.00551	0.06609	0.00588	0.00559	0.00611	0.03712	0.00392	0.00623	0.00740	0.00959	0.01866	0.70510	0.02209	0.04435	0.03571	0.00173	0.00289	0.00949	0.00326	0.00328
22	0.05522	0.00960	0.01029	0.00886	0.05235	0.03015	0.00679	0.46701	0.20353	0.01984	0.01066	0.04407	0.00824	0.00482	0.00376	0.00117	0.00381	0.00380	0.00355	0.05250
23	0.00795	0.00681	0.00795	0.00568	0.00909	0.00511	0.00454	0.00965	0.00795	0.01249	0.00681	0.00795	0.00568	0.00284	0.00284	0.00057	0.00284	0.00227	0.00227	0.88869

[dist]
# distance from previous block
# <min> <max>
0	1

[block]
# block no. 2 follows, 71 sequences, length 17
# corresponding to MSA columns:
# 1934-1950
name=unknown_C
#
# <colnr> <probs for GDERKNQSTAVLIFYWHMCP>
#	G	D	E	R	K	N	Q	S	T	A	V	L	I	F	Y	W	H	M	C	P
0	0.00931	0.00893	0.01524	0.09059	0.77569	0.00906	0.01168	0.01161	0.00864	0.01231	0.00718	0.00955	0.00600	0.00345	0.00380	0.00115	0.00460	0.00342	0.00188	0.00593
1	0.00882	0.07985	0.08282	0.01453	0.04258	0.00975	0.61716	0.01177	0.00872	0.01183	0.00813	0.05454	0.00669	0.00380	0.00444	0.00127	0.02176	0.00448	0.00197	0.00509
2	0.00548	0.00411	0.00616	0.00616	0.00685	0.00479	0.00479	0.00685	0.00616	0.00890	0.01027	0.01506	0.00959	0.02876	0.85006	0.00616	0.01027	0.00411	0.00205	0.00342
3	0.00548	0.00411	0.00616	0.00616	0.00685	0.00479	0.00479	0.00685	0.00616	0.00890	0.01027	0.01506	0.00959	0.02876	0.85006	0.00616	0.01027	0.00411	0.00205	0.00342
4	0.00802	0.10078	0.71270	0.01085	0.01617	0.00956	0.06610	0.01209	0.00813	0.01185	0.00679	0.00805	0.00493	0.00358	0.00359	0.00118	0.00557	0.00287	0.00164	0.00556
5	0.00476	0.00345	0.00452	0.00529	0.00565	0.00321	0.00364	0.00555	0.00766	0.01014	0.05614	0.73001	0.08427	0.01161	0.00487	0.00153	0.00225	0.04869	0.00359	0.00316
6	0.00548	0.00411	0.00616	0.00616	0.00685	0.00479	0.00479	0.00685	0.00616	0.00890	0.01027	0.01506	0.00959	0.02876	0.85006	0.00616	0.01027	0.00411	0.00205	0.00342
7	0.00520	0.00409	0.00477	0.00500	0.00602	0.00376	0.00383	0.00683	0.04675	0.01142	0.14468	0.17748	0.40692	0.00979	0.00470	0.00141	0.00230	0.14794	0.00366	0.00345
8	0.00956	0.00658	0.04356	0.00742	0.00938	0.00594	0.06719	0.11615	0.02569	0.19460	0.06580	0.19114	0.06835	0.00767	0.00447	0.00139	0.00340	0.16330	0.00369	0.00473
9	0.00582	0.00399	0.00474	0.00449	0.00561	0.00358	0.00339	0.00733	0.00989	0.05115	0.45823	0.02940	0.30197	0.00802	0.00433	0.00121	0.00192	0.00688	0.08446	0.00362
10	0.00648	0.00461	0.00561	0.00532	0.00581	0.00498	0.00363	0.08519	0.00695	0.00950	0.01114	0.02036	0.01180	0.52735	0.25232	0.00412	0.02448	0.00491	0.00238	0.00308
11	0.01064	0.78585	0.01920	0.00688	0.01003	0.09547	0.00664	0.01185	0.00809	0.00906	0.00539	0.00622	0.00492	0.00334	0.00256	0.00084	0.00437	0.00209	0.00167	0.00487
12	0.10497	0.00980	0.09050	0.00817	0.01132	0.00910	0.04461	0.34815	0.05669	0.17007	0.04477	0.01055	0.00810	0.00442	0.00367	0.00115	0.00390	0.00349	0.00347	0.06311
13	0.00474	0.00338	0.00453	0.00542	0.00567	0.00317	0.00368	0.00546	0.00741	0.00986	0.02110	0.82610	0.02521	0.01195	0.00491	0.00157	0.00228	0.04688	0.00356	0.00313
14	0.08182	0.04493	0.18616	0.04644	0.01244	0.04738	0.00819	0.21449	0.26722	0.03750	0.01014	0.01024	0.00747	0.00439	0.00363	0.00120	0.00419	0.00340	0.00303	0.00575
15	0.00751	0.00781	0.03657	0.02448	0.00897	0.14053	0.05481	0.02748	0.09788	0.01135	0.07577	0.06656	0.26877	0.01056	0.14153	0.00204	0.00473	0.00562	0.00295	0.00408
16	0.00654	0.00413	0.00533	0.00567	0.00634	0.00394	0.00397	0.05994	0.00833	0.09091	0.01953	0.70196	0.02229	0.03504	0.00514	0.00156	0.00250	0.00959	0.00366	0.00364

[dist]
# distance from previous block
# <min> <max>
0	1

[block]
# block no. 3 follows, 71 sequences, length 8
# corresponding to MSA columns:
# 1952-1959
name=unknown_D
#
# <colnr> <probs for GDERKNQSTAVLIFYWHMCP>
#	G	D	E	R	K	N	Q	S	T	A	V	L	I	F	Y	W	H	M	C	P
0	0.05452	0.00903	0.01033	0.00874	0.05208	0.00967	0.02156	0.48471	0.07223	0.10603	0.01079	0.06940	0.00842	0.00498	0.00379	0.00117	0.00378	0.00399	0.02691	0.03788
1	0.04583	0.02877	0.04084	0.02829	0.05516	0.17987	0.04458	0.18413	0.11057	0.14475	0.06683	0.03427	0.00955	0.00474	0.00378	0.00116	0.00440	0.00380	0.00321	0.00546
2	0.00693	0.00548	0.00833	0.00741	0.00837	0.00630	0.07140	0.04104	0.00695	0.03907	0.00969	0.01449	0.00899	0.10443	0.52707	0.00457	0.11933	0.00415	0.00219	0.00379
3	0.00473	0.00341	0.00438	0.00513	0.00542	0.00317	0.00341	0.00537	0.00732	0.00965	0.02186	0.73164	0.09007	0.07762	0.00599	0.00170	0.00232	0.01026	0.00346	0.00306
4	0.00712	0.00566	0.00857	0.13981	0.19615	0.00581	0.00669	0.00907	0.03323	0.05235	0.20162	0.20060	0.04536	0.02264	0.04669	0.00157	0.00359	0.00611	0.00303	0.00433
5	0.01013	0.18073	0.24199	0.00979	0.04285	0.03813	0.09837	0.11930	0.06908	0.07031	0.07519	0.01055	0.00857	0.00418	0.00364	0.00113	0.00460	0.00346	0.00256	0.00547
6	0.09158	0.03171	0.01030	0.00845	0.01072	0.28205	0.04960	0.25443	0.07371	0.01533	0.00889	0.04367	0.00735	0.03925	0.00420	0.00122	0.00477	0.00349	0.05426	0.00501
7	0.00871	0.00845	0.01084	0.00962	0.02907	0.05252	0.00769	0.05289	0.03861	0.01025	0.00652	0.00997	0.00619	0.05085	0.07717	0.00204	0.60884	0.00352	0.00196	0.00429

[dist]
# distance from previous block
# <min> <max>
2	74

[block]
# block no. 4 follows, 71 sequences, length 35
# corresponding to MSA columns:
# 2034-2068
name=unknown_E
#
# <colnr> <probs for GDERKNQSTAVLIFYWHMCP>
#	G	D	E	R	K	N	Q	S	T	A	V	L	I	F	Y	W	H	M	C	P
0	0.02135	0.00890	0.00923	0.00818	0.02931	0.16196	0.00625	0.01045	0.02366	0.05146	0.02005	0.01238	0.04650	0.12358	0.01848	0.00163	0.29738	0.00363	0.00225	0.14338
1	0.00779	0.08010	0.01059	0.00828	0.00873	0.00972	0.02543	0.00879	0.02624	0.00901	0.00728	0.01265	0.00752	0.21103	0.05018	0.00227	0.50478	0.00386	0.00190	0.00385
2	0.00467	0.00334	0.00445	0.00534	0.00556	0.00311	0.00356	0.00534	0.00734	0.00979	0.02113	0.86275	0.02536	0.01201	0.00489	0.00156	0.00222	0.01090	0.00356	0.00311
3	0.01408	0.03936	0.00931	0.00710	0.00975	0.00683	0.02455	0.04122	0.16096	0.53506	0.03502	0.01399	0.03358	0.00608	0.04372	0.00143	0.00361	0.00408	0.00421	0.00604
4	0.01010	0.78089	0.09002	0.00699	0.01045	0.02906	0.00722	0.01160	0.00787	0.00929	0.00547	0.00633	0.00492	0.00332	0.00258	0.00086	0.00428	0.00212	0.00164	0.00498
5	0.00466	0.00347	0.00435	0.00502	0.00549	0.00316	0.00343	0.00543	0.00774	0.01008	0.04946	0.66413	0.19682	0.01140	0.00481	0.00149	0.00215	0.01019	0.00358	0.00316
6	0.00548	0.00411	0.00616	0.00616	0.00685	0.00479	0.00479	0.00685	0.00616	0.00890	0.01027	0.01506	0.00959	0.02876	0.85006	0.00616	0.01027	0.00411	0.00205	0.00342
7	0.00769	0.01983	0.84538	0.01093	0.01659	0.00890	0.01417	0.01214	0.00810	0.01214	0.00688	0.00810	0.00486	0.00364	0.00364	0.00121	0.00567	0.00283	0.00162	0.00567
8	0.00472	0.00347	0.00442	0.00510	0.00549	0.00322	0.00345	0.00543	0.00742	0.00973	0.02295	0.66763	0.14611	0.05250	0.03749	0.00179	0.00256	0.00997	0.00344	0.00311
9	0.00577	0.00401	0.00514	0.00480	0.00582	0.00365	0.00362	0.00748	0.01065	0.04502	0.72975	0.02889	0.11510	0.00791	0.00450	0.00121	0.00188	0.00694	0.00417	0.00369
10	0.00905	0.01034	0.02262	0.01616	0.02004	0.00970	0.82741	0.01228	0.00905	0.01228	0.00776	0.01034	0.00582	0.00323	0.00452	0.00129	0.00646	0.00452	0.00194	0.00517
11	0.00548	0.00409	0.00609	0.00609	0.00675	0.00475	0.00470	0.00680	0.00614	0.00885	0.01034	0.01543	0.00974	0.05918	0.81985	0.00607	0.01003	0.00416	0.00206	0.00338
12	0.01468	0.00840	0.00979	0.00775	0.01058	0.00870	0.00632	0.31151	0.18292	0.37758	0.01309	0.01192	0.00887	0.00479	0.00386	0.00120	0.00356	0.00381	0.00424	0.00643
13	0.80505	0.00849	0.00616	0.00552	0.00786	0.09224	0.00448	0.01167	0.00696	0.01643	0.00540	0.00630	0.00423	0.00360	0.00248	0.00117	0.00336	0.00212	0.00233	0.00418
14	0.01417	0.01802	0.01089	0.00988	0.01181	0.82825	0.00743	0.01515	0.01074	0.00938	0.00590	0.00695	0.00494	0.00402	0.00369	0.00101	0.02887	0.00249	0.00197	0.00444
15	0.00468	0.00383	0.00414	0.00419	0.00531	0.00328	0.00309	0.00574	0.00890	0.01105	0.15738	0.13155	0.62415	0.00970	0.00457	0.00131	0.00195	0.00824	0.00366	0.00328
16	0.00503	0.00374	0.00469	0.00480	0.00557	0.00340	0.00347	0.00634	0.00940	0.01275	0.44276	0.27882	0.18624	0.00944	0.00463	0.00133	0.00196	0.00834	0.00390	0.00340
17	0.00795	0.00681	0.00795	0.00568	0.00909	0.00511	0.00454	0.00965	0.00795	0.01249	0.00681	0.00795	0.00568	0.00284	0.00284	0.00057	0.00284	0.00227	0.00227	0.88869
18	0.00724	0.00681	0.01150	0.85604	0.02641	0.00852	0.01065	0.00980	0.00767	0.00980	0.00681	0.01022	0.00511	0.00383	0.00383	0.00128	0.00511	0.00341	0.00170	0.00426
19	0.00467	0.00334	0.00445	0.00534	0.00556	0.00311	0.00356	0.00534	0.00734	0.00979	0.02113	0.86275	0.02536	0.01201	0.00489	0.00156	0.00222	0.01090	0.00356	0.00311
20	0.00548	0.00411	0.00616	0.00616	0.00685	0.00479	0.00479	0.00685	0.00616	0.00890	0.01027	0.01506	0.00959	0.02876	0.85006	0.00616	0.01027	0.00411	0.00205	0.00342
21	0.00496	0.00354	0.00478	0.00567	0.00602	0.00336	0.00406	0.00584	0.00762	0.01011	0.02097	0.70621	0.02473	0.01174	0.00497	0.00160	0.00247	0.16460	0.00355	0.00319
22	0.00599	0.00428	0.00596	0.00685	0.00765	0.00425	0.00585	0.00762	0.00864	0.01126	0.02041	0.14577	0.02248	0.01077	0.00525	0.00174	0.00337	0.71486	0.00353	0.00348
23	0.00465	0.00394	0.00402	0.00402	0.00529	0.00335	0.00301	0.00580	0.02259	0.01058	0.06067	0.06138	0.77831	0.00965	0.00453	0.00130	0.00197	0.00808	0.00358	0.00329
24	0.00874	0.00702	0.00766	0.00691	0.00881	0.00776	0.00538	0.03217	0.55554	0.04960	0.16313	0.01908	0.08634	0.00611	0.00408	0.00128	0.00277	0.01828	0.00396	0.00538
25	0.00541	0.00388	0.00472	0.00451	0.00549	0.00354	0.00338	0.00705	0.01014	0.01424	0.59271	0.02891	0.19861	0.00789	0.00434	0.00119	0.00183	0.00684	0.09180	0.00354
26	0.89233	0.00741	0.00564	0.00504	0.00741	0.00860	0.00415	0.01127	0.00653	0.01720	0.00534	0.00623	0.00415	0.00356	0.00237	0.00119	0.00297	0.00208	0.00237	0.00415
27	0.00960	0.00779	0.00840	0.00731	0.00940	0.00869	0.00574	0.17825	0.49190	0.01727	0.15660	0.01681	0.05388	0.00575	0.00402	0.00125	0.00301	0.00478	0.00393	0.00561
28	0.01172	0.00775	0.00855	0.00716	0.00939	0.04720	0.00568	0.18610	0.21931	0.22371	0.19322	0.03637	0.01541	0.00564	0.00401	0.00121	0.00324	0.00467	0.00407	0.00560
29	0.00556	0.00403	0.00572	0.00585	0.00648	0.00448	0.00448	0.00678	0.00654	0.00926	0.01273	0.06048	0.03119	0.11807	0.58365	0.00493	0.00799	0.08534	0.03315	0.00330
30	0.00544	0.00390	0.00532	0.00618	0.00677	0.00378	0.00489	0.00668	0.00814	0.01067	0.02116	0.42137	0.04459	0.01122	0.00509	0.00166	0.00289	0.42336	0.00354	0.00333
31	0.06297	0.03913	0.02620	0.02123	0.09095	0.03846	0.17955	0.34556	0.04912	0.08530	0.00897	0.00972	0.00655	0.00437	0.01352	0.00123	0.00471	0.00358	0.00303	0.00584
32	0.00713	0.00544	0.00593	0.00548	0.00679	0.00561	0.00408	0.09985	0.17380	0.01343	0.12865	0.06918	0.22883	0.15211	0.00676	0.00167	0.00272	0.01606	0.06242	0.00408
33	0.02256	0.09470	0.16698	0.00949	0.10405	0.15135	0.00784	0.02109	0.00907	0.06379	0.07799	0.02077	0.00844	0.00398	0.00340	0.00097	0.00433	0.00313	0.00235	0.22376
34	0.14786	0.42599	0.07212	0.00723	0.01023	0.14136	0.00672	0.01290	0.09027	0.01140	0.00661	0.00729	0.00550	0.00363	0.00284	0.00097	0.00431	0.00241	0.00205	0.03832

[dist]
# distance from previous block
# <min> <max>
0	4

[block]
# block no. 5 follows, 71 sequences, length 41
# corresponding to MSA columns:
# 2073-2113
name=unknown_F
#
# <colnr> <probs for GDERKNQSTAVLIFYWHMCP>
#	G	D	E	R	K	N	Q	S	T	A	V	L	I	F	Y	W	H	M	C	P
0	0.01439	0.00797	0.02382	0.00722	0.00971	0.06881	0.00590	0.12043	0.03140	0.48935	0.02762	0.01289	0.00927	0.06449	0.00529	0.00135	0.04460	0.00381	0.03059	0.02109
1	0.00847	0.00745	0.03376	0.00618	0.00949	0.00590	0.00510	0.02582	0.10866	0.03301	0.00813	0.00887	0.00649	0.00323	0.00304	0.00070	0.00298	0.00260	0.00254	0.71759
2	0.01785	0.00694	0.01016	0.14647	0.19246	0.00731	0.04188	0.06050	0.09719	0.06118	0.16952	0.02492	0.09735	0.00554	0.00427	0.00124	0.02369	0.01360	0.01304	0.00490
3	0.00960	0.01874	0.16451	0.04534	0.34816	0.10555	0.02073	0.03200	0.06672	0.04751	0.01012	0.05521	0.04215	0.00452	0.00384	0.00119	0.00466	0.01168	0.00233	0.00546
4	0.00836	0.12594	0.71138	0.01023	0.01550	0.00957	0.01290	0.01230	0.00816	0.04183	0.00698	0.00803	0.00503	0.00364	0.00350	0.00116	0.00538	0.00277	0.00173	0.00560
5	0.00463	0.00378	0.00409	0.00424	0.00530	0.00324	0.00309	0.00560	0.00862	0.01062	0.09499	0.19951	0.61893	0.01003	0.00460	0.00134	0.00199	0.00856	0.00361	0.00324
6	0.00539	0.00380	0.00512	0.00594	0.00643	0.00368	0.00454	0.00650	0.00787	0.01047	0.02014	0.46828	0.02308	0.05308	0.00572	0.00173	0.00282	0.33720	0.02496	0.00326
7	0.00959	0.00934	0.01482	0.04219	0.73716	0.04613	0.01122	0.01216	0.04233	0.01245	0.00771	0.01016	0.00650	0.00364	0.00381	0.00115	0.00459	0.01713	0.00201	0.00591
8	0.01018	0.84511	0.04194	0.00668	0.01002	0.01501	0.00676	0.01150	0.00780	0.00910	0.00537	0.00620	0.00492	0.00329	0.00249	0.00083	0.00414	0.00207	0.00164	0.00494
9	0.00593	0.00424	0.00590	0.00678	0.00756	0.00420	0.00575	0.00752	0.00859	0.01120	0.02044	0.17613	0.02260	0.01082	0.00523	0.00173	0.00332	0.68506	0.00354	0.00346
10	0.00482	0.00388	0.00435	0.00462	0.00568	0.00341	0.00353	0.00589	0.00858	0.01053	0.04627	0.16262	0.57596	0.01017	0.00471	0.00141	0.00223	0.13453	0.00357	0.00327
11	0.00774	0.03729	0.82839	0.01084	0.01646	0.00903	0.01401	0.01213	0.00809	0.01208	0.00685	0.00805	0.00486	0.00364	0.00362	0.00121	0.00563	0.00282	0.00162	0.00565
12	0.00618	0.00441	0.00618	0.00706	0.00794	0.00441	0.00618	0.00794	0.00883	0.01147	0.02030	0.04325	0.02207	0.01059	0.00530	0.00177	0.00353	0.81553	0.00353	0.00353
13	0.00737	0.00407	0.00432	0.00428	0.00526	0.00412	0.00329	0.05976	0.00867	0.01439	0.01347	0.07499	0.01160	0.00545	0.00310	0.00102	0.00210	0.06387	0.70515	0.00372
14	0.00846	0.00813	0.01156	0.48867	0.16179	0.08722	0.00972	0.01053	0.00809	0.03323	0.00796	0.07252	0.00687	0.00460	0.00448	0.00127	0.06448	0.00388	0.00198	0.00456
15	0.89233	0.00741	0.00564	0.00504	0.00741	0.00860	0.00415	0.01127	0.00653	0.01720	0.00534	0.00623	0.00415	0.00356	0.00237	0.00119	0.00297	0.00208	0.00237	0.00415
16	0.00567	0.00585	0.10721	0.00553	0.00703	0.00425	0.00487	0.00777	0.01044	0.01480	0.70824	0.02645	0.06238	0.00740	0.00442	0.00121	0.00228	0.00648	0.00388	0.00385
17	0.00905	0.01034	0.02262	0.01616	0.02004	0.00970	0.82741	0.01228	0.00905	0.01228	0.00776	0.01034	0.00582	0.00323	0.00452	0.00129	0.00646	0.00452	0.00194	0.00517
18	0.01024	0.03517	0.01177	0.00993	0.01076	0.27778	0.02782	0.01122	0.00760	0.00933	0.00557	0.00813	0.00517	0.00640	0.03754	0.00158	0.51483	0.00309	0.00179	0.00429
19	0.00876	0.00729	0.00838	0.00606	0.00943	0.00594	0.00488	0.10919	0.00918	0.01391	0.00711	0.00810	0.00578	0.00305	0.00296	0.00064	0.00301	0.00242	0.00246	0.78147
20	0.00497	0.00414	0.00438	0.00436	0.00562	0.00368	0.00329	0.00662	0.05877	0.01117	0.10920	0.06850	0.65916	0.00939	0.00453	0.00131	0.00205	0.03176	0.00364	0.00345
21	0.00745	0.00705	0.01179	0.75773	0.08218	0.00871	0.01062	0.00991	0.00765	0.00996	0.00676	0.01008	0.00517	0.00394	0.00425	0.00129	0.04594	0.00341	0.00172	0.00438
22	0.89233	0.00741	0.00564	0.00504	0.00741	0.00860	0.00415	0.01127	0.00653	0.01720	0.00534	0.00623	0.00415	0.00356	0.00237	0.00119	0.00297	0.00208	0.00237	0.00415
23	0.00478	0.00341	0.00457	0.00546	0.00573	0.00320	0.00374	0.00552	0.00744	0.00990	0.02107	0.80587	0.02513	0.01191	0.00492	0.00157	0.00232	0.06674	0.00356	0.00314
24	0.00558	0.00372	0.00418	0.00418	0.00418	0.00372	0.00232	0.00558	0.00558	0.00743	0.01208	0.02509	0.01394	0.86525	0.01952	0.00372	0.00372	0.00558	0.00232	0.00232
25	0.00467	0.00336	0.00443	0.00528	0.00555	0.00312	0.00353	0.00535	0.00740	0.00981	0.02185	0.82921	0.05843	0.01192	0.00488	0.00155	0.00221	0.01079	0.00356	0.00312
26	0.00724	0.00681	0.01150	0.85604	0.02641	0.00852	0.01065	0.00980	0.00767	0.00980	0.00681	0.01022	0.00511	0.00383	0.00383	0.00128	0.00511	0.00341	0.00170	0.00426
27	0.00598	0.00490	0.00652	0.00644	0.00717	0.04587	0.00501	0.00731	0.00638	0.00893	0.00993	0.01451	0.00925	0.02703	0.78905	0.00580	0.03039	0.00401	0.00204	0.00349
28	0.00549	0.00405	0.00585	0.00585	0.00642	0.00462	0.00440	0.00664	0.00607	0.00867	0.01056	0.01667	0.01028	0.16246	0.71731	0.00577	0.00922	0.00434	0.00210	0.00325
29	0.00474	0.00336	0.00443	0.00525	0.00546	0.00316	0.00347	0.00536	0.00721	0.00961	0.02047	0.80106	0.02452	0.07485	0.00597	0.00172	0.00233	0.01051	0.00347	0.00306
30	0.04733	0.00857	0.00934	0.00762	0.01000	0.00930	0.01685	0.52931	0.04569	0.01970	0.01421	0.11335	0.09900	0.00613	0.00399	0.00123	0.00360	0.02450	0.02479	0.00549
31	0.03249	0.01026	0.02217	0.01587	0.01970	0.00967	0.80556	0.01226	0.00898	0.01241	0.00769	0.01023	0.00577	0.00324	0.00447	0.00129	0.00637	0.00446	0.00195	0.00514
32	0.01901	0.00698	0.01123	0.60180	0.08820	0.00825	0.03128	0.04905	0.02213	0.01087	0.00808	0.01265	0.00675	0.06757	0.00505	0.00146	0.00483	0.03842	0.00200	0.00439
33	0.00931	0.00730	0.00777	0.00691	0.00885	0.00813	0.00534	0.08285	0.53733	0.04835	0.01682	0.01681	0.09085	0.06885	0.00502	0.00143	0.00300	0.00464	0.06504	0.00540
34	0.00905	0.00862	0.01379	0.12110	0.62140	0.02943	0.01056	0.01157	0.04798	0.01191	0.00789	0.01089	0.00678	0.06703	0.00495	0.00135	0.00455	0.00359	0.00200	0.00554
35	0.04756	0.26735	0.15714	0.00876	0.01209	0.09464	0.09619	0.11832	0.00942	0.01245	0.00695	0.00864	0.00576	0.04502	0.02070	0.00125	0.01396	0.00292	0.00211	0.06878
36	0.00581	0.00419	0.00528	0.00555	0.01622	0.00431	0.00376	0.04600	0.00728	0.00985	0.01679	0.36529	0.07431	0.23460	0.09033	0.03521	0.03828	0.00743	0.02637	0.00315
37	0.00562	0.00400	0.00488	0.00524	0.00567	0.00392	0.00350	0.06603	0.00775	0.01029	0.01878	0.55541	0.05681	0.22354	0.00844	0.00205	0.00273	0.00890	0.00327	0.00317
38	0.00890	0.03758	0.06443	0.00849	0.07155	0.12620	0.04648	0.01992	0.03352	0.01192	0.00889	0.05619	0.03519	0.00395	0.00333	0.00086	0.00390	0.00327	0.00230	0.45310
39	0.00928	0.11291	0.07884	0.00767	0.02591	0.08702	0.02612	0.07682	0.16275	0.05357	0.07707	0.10958	0.03601	0.06118	0.01854	0.00141	0.00390	0.00469	0.00298	0.04376
40	0.11627	0.12239	0.16396	0.00849	0.04954	0.07462	0.03639	0.07947	0.00915	0.06416	0.06907	0.03653	0.00874	0.01839	0.06078	0.00147	0.00463	0.00345	0.00248	0.07001

[dist]
# distance from previous block
# <min> <max>
0	82

[block]
# block no. 6 follows, 71 sequences, length 54
# corresponding to MSA columns:
# 2196-2249
name=unknown_G
#
# <colnr> <probs for GDERKNQSTAVLIFYWHMCP>
#	G	D	E	R	K	N	Q	S	T	A	V	L	I	F	Y	W	H	M	C	P
0	0.00957	0.09678	0.18340	0.03170	0.15312	0.12090	0.06724	0.05673	0.03261	0.03815	0.01938	0.05055	0.02391	0.06963	0.00497	0.00134	0.01238	0.00378	0.00225	0.02160
1	0.00799	0.21317	0.15056	0.00690	0.04265	0.00771	0.00606	0.00945	0.01778	0.06794	0.01178	0.02624	0.07234	0.33312	0.00953	0.00208	0.00398	0.00430	0.00232	0.00408
2	0.01119	0.06288	0.01053	0.00958	0.09897	0.20221	0.00686	0.19339	0.17158	0.03177	0.02638	0.04795	0.07195	0.00526	0.00381	0.00116	0.00428	0.02380	0.01118	0.00527
3	0.00657	0.00469	0.00537	0.00498	0.00635	0.00442	0.00380	0.04243	0.08025	0.06736	0.30515	0.05905	0.35619	0.00810	0.00437	0.00125	0.00218	0.00690	0.02663	0.00396
4	0.02109	0.16852	0.18155	0.01129	0.05327	0.12621	0.20062	0.08042	0.04077	0.01228	0.00740	0.02614	0.00598	0.00396	0.00406	0.00115	0.04464	0.00335	0.00208	0.00521
5	0.00547	0.00373	0.00421	0.00424	0.00436	0.00369	0.00246	0.00560	0.00587	0.00775	0.01428	0.04582	0.07673	0.75957	0.03824	0.00354	0.00371	0.00586	0.00244	0.00244
6	0.00523	0.00434	0.00469	0.00493	0.00580	0.03437	0.00353	0.00652	0.03405	0.01104	0.15162	0.35298	0.34703	0.00997	0.00461	0.00137	0.00225	0.00868	0.00361	0.00338
7	0.00511	0.00412	0.00456	0.00464	0.00577	0.00373	0.00353	0.00669	0.05011	0.01114	0.11648	0.09030	0.53952	0.04079	0.00516	0.00144	0.00224	0.09766	0.00360	0.00341
8	0.01142	0.00998	0.04439	0.00970	0.08708	0.11133	0.02113	0.07191	0.44330	0.12872	0.01267	0.01213	0.00933	0.00469	0.00383	0.00122	0.00392	0.00384	0.00347	0.00593
9	0.01432	0.01827	0.01087	0.00988	0.01185	0.84986	0.00741	0.01531	0.01087	0.00938	0.00593	0.00691	0.00494	0.00395	0.00346	0.00099	0.00691	0.00247	0.00198	0.00444
10	0.00558	0.00372	0.00418	0.00418	0.00418	0.00372	0.00232	0.00558	0.00558	0.00743	0.01208	0.02509	0.01394	0.86525	0.01952	0.00372	0.00372	0.00558	0.00232	0.00232
11	0.00482	0.00405	0.00420	0.00413	0.00542	0.00351	0.00311	0.00624	0.03914	0.01113	0.12818	0.03514	0.71899	0.00933	0.00451	0.00128	0.00197	0.00782	0.00365	0.00338
12	0.00769	0.01983	0.84538	0.01093	0.01659	0.00890	0.01417	0.01214	0.00810	0.01214	0.00688	0.00810	0.00486	0.00364	0.00364	0.00121	0.00567	0.00283	0.00162	0.00567
13	0.00605	0.00437	0.00600	0.00682	0.00773	0.00432	0.00593	0.00776	0.00882	0.01139	0.02171	0.04277	0.08408	0.01052	0.00524	0.00173	0.00341	0.75430	0.00353	0.00351
14	0.01424	0.01810	0.01083	0.00984	0.01182	0.83513	0.00738	0.01540	0.02530	0.00950	0.00610	0.00704	0.00506	0.00397	0.00347	0.00099	0.00685	0.00250	0.00201	0.00447
15	0.00949	0.00911	0.01556	0.02353	0.84133	0.00911	0.01177	0.01177	0.00873	0.01253	0.00721	0.00949	0.00607	0.00342	0.00380	0.00114	0.00456	0.00342	0.00190	0.00607
16	0.00467	0.00334	0.00445	0.00534	0.00556	0.00311	0.00356	0.00534	0.00734	0.00979	0.02113	0.86275	0.02536	0.01201	0.00489	0.00156	0.00222	0.01090	0.00356	0.00311
17	0.00666	0.00333	0.00500	0.00500	0.00500	0.00333	0.00333	0.00500	0.00500	0.00666	0.00666	0.01166	0.00666	0.01332	0.01499	0.88844	0.00333	0.00333	0.00167	0.00167
18	0.00524	0.00391	0.00487	0.00463	0.00562	0.00354	0.00347	0.00688	0.01042	0.01435	0.67577	0.03033	0.20036	0.00822	0.00452	0.00122	0.00184	0.00717	0.00409	0.00354
19	0.00922	0.00825	0.01296	0.77122	0.08906	0.00953	0.01136	0.01123	0.00891	0.01174	0.00863	0.01256	0.00688	0.00498	0.00459	0.00159	0.00564	0.00399	0.00234	0.00533
20	0.00483	0.00360	0.00495	0.00556	0.00599	0.00337	0.02367	0.00563	0.00749	0.00991	0.02179	0.73185	0.08607	0.01211	0.03122	0.00168	0.00259	0.03103	0.00347	0.00319
21	0.00906	0.01030	0.02241	0.01639	0.04536	0.00968	0.80226	0.01227	0.00904	0.01229	0.00774	0.01032	0.00583	0.00324	0.00450	0.00129	0.00641	0.00449	0.00194	0.00520
22	0.00769	0.00730	0.01016	0.00889	0.00897	0.00993	0.00723	0.00850	0.00587	0.00898	0.00651	0.01118	0.00665	0.10984	0.11861	0.00248	0.65180	0.00371	0.00180	0.00388
23	0.00882	0.00986	0.02067	0.01503	0.01833	0.00973	0.69750	0.01170	0.00856	0.01178	0.00754	0.01031	0.00588	0.00470	0.04058	0.00154	0.10619	0.00437	0.00191	0.00498
24	0.89233	0.00741	0.00564	0.00504	0.00741	0.00860	0.00415	0.01127	0.00653	0.01720	0.00534	0.00623	0.00415	0.00356	0.00237	0.00119	0.00297	0.00208	0.00237	0.00415
25	0.00839	0.00785	0.01084	0.00843	0.01051	0.00833	0.07808	0.03079	0.00748	0.01147	0.00625	0.00837	0.00546	0.00446	0.00690	0.00109	0.34456	0.00293	0.00205	0.43578
26	0.01036	0.00760	0.00849	0.00730	0.00915	0.00818	0.00566	0.47020	0.02542	0.01792	0.01402	0.34062	0.01415	0.03620	0.00477	0.00140	0.00341	0.00642	0.00368	0.00505
27	0.01068	0.00880	0.01205	0.38157	0.13016	0.01004	0.00936	0.36004	0.01224	0.01631	0.00789	0.00969	0.00584	0.00411	0.00383	0.00120	0.00465	0.00343	0.00264	0.00547
28	0.00807	0.09334	0.68231	0.01122	0.02736	0.00953	0.09193	0.01209	0.00817	0.01189	0.00683	0.00816	0.00497	0.00357	0.00363	0.00119	0.00559	0.00294	0.00166	0.00556
29	0.00767	0.00704	0.01188	0.62100	0.19475	0.00827	0.01035	0.00986	0.00770	0.01014	0.00689	0.01017	0.00542	0.00443	0.00463	0.06535	0.00487	0.00340	0.00174	0.00445
30	0.02192	0.14558	0.36089	0.00992	0.04710	0.03710	0.04313	0.07928	0.00898	0.06072	0.00864	0.05587	0.02067	0.00459	0.00429	0.00120	0.06953	0.01309	0.00220	0.00529
31	0.00809	0.00745	0.01268	0.07392	0.21554	0.00746	0.20072	0.08933	0.01902	0.01254	0.01292	0.27033	0.04021	0.00637	0.00433	0.00132	0.00420	0.00613	0.00267	0.00478
32	0.00744	0.00702	0.01186	0.78327	0.09764	0.00857	0.01075	0.00997	0.00776	0.01004	0.00685	0.01016	0.00520	0.00380	0.00383	0.00127	0.00506	0.00341	0.00172	0.00442
33	0.00756	0.00631	0.00729	0.00687	0.00815	0.01693	0.00527	0.04219	0.33636	0.01302	0.07149	0.17447	0.05856	0.02468	0.12280	0.00209	0.06871	0.01932	0.00336	0.00459
34	0.00873	0.00896	0.04725	0.19263	0.35743	0.05883	0.06611	0.01113	0.02976	0.02768	0.01037	0.04215	0.06996	0.00459	0.00430	0.00123	0.03970	0.01192	0.00215	0.00510
35	0.00775	0.01944	0.81160	0.01114	0.01674	0.00894	0.04757	0.01215	0.00813	0.01215	0.00692	0.00819	0.00490	0.00363	0.00368	0.00122	0.00570	0.00290	0.00163	0.00565
36	0.00724	0.00681	0.01150	0.85604	0.02641	0.00852	0.01065	0.00980	0.00767	0.00980	0.00681	0.01022	0.00511	0.00383	0.00383	0.00128	0.00511	0.00341	0.00170	0.00426
37	0.00970	0.01057	0.05675	0.03637	0.56111	0.10731	0.08358	0.01220	0.03020	0.01207	0.00846	0.01033	0.03643	0.00376	0.00384	0.00115	0.00493	0.00357	0.00201	0.00564
38	0.00781	0.05060	0.79825	0.01088	0.01642	0.00915	0.03068	0.01212	0.00810	0.01203	0.00684	0.00807	0.00488	0.00362	0.00362	0.00120	0.00563	0.00284	0.00163	0.00563
39	0.00474	0.00340	0.00450	0.00527	0.00557	0.00316	0.00355	0.00551	0.00767	0.01028	0.09291	0.77775	0.03823	0.01161	0.00486	0.00152	0.00218	0.01051	0.00362	0.00316
40	0.00910	0.01056	0.09120	0.03334	0.38681	0.00934	0.37794	0.01200	0.00880	0.01234	0.00742	0.00976	0.00584	0.00336	0.00411	0.00122	0.00552	0.00386	0.00189	0.00560
41	0.00497	0.00417	0.00436	0.00436	0.00560	0.00372	0.00325	0.00671	0.07134	0.01100	0.07687	0.10695	0.66429	0.00947	0.00451	0.00131	0.00204	0.00799	0.00362	0.00346
42	0.00467	0.00335	0.00443	0.00529	0.00555	0.00312	0.00354	0.00534	0.00738	0.00981	0.02168	0.83699	0.05076	0.01194	0.00488	0.00155	0.00222	0.01081	0.00356	0.00312
43	0.00512	0.00391	0.00470	0.00450	0.00554	0.00349	0.00337	0.00664	0.01012	0.01364	0.56263	0.03150	0.31395	0.00849	0.00453	0.00124	0.00185	0.00733	0.00399	0.00349
44	0.89233	0.00741	0.00564	0.00504	0.00741	0.00860	0.00415	0.01127	0.00653	0.01720	0.00534	0.00623	0.00415	0.00356	0.00237	0.00119	0.00297	0.00208	0.00237	0.00415
45	0.01297	0.00892	0.00995	0.00790	0.01043	0.00970	0.00639	0.56185	0.04194	0.10766	0.02099	0.02200	0.00844	0.07214	0.07902	0.00180	0.00452	0.00388	0.00367	0.00584
46	0.01286	0.01607	0.01413	0.01162	0.01412	0.61684	0.23484	0.01447	0.01036	0.01019	0.00643	0.00787	0.00518	0.00375	0.00375	0.00107	0.00679	0.00304	0.00197	0.00465
47	0.00467	0.00339	0.00442	0.00522	0.00553	0.00313	0.00351	0.00538	0.00750	0.00991	0.03421	0.78816	0.08727	0.01178	0.00486	0.00153	0.00220	0.01063	0.00357	0.00313
48	0.00542	0.00392	0.00513	0.00486	0.00576	0.00362	0.00365	0.00721	0.01076	0.01522	0.81253	0.04447	0.03578	0.00796	0.00454	0.00122	0.00184	0.01831	0.00420	0.00361
49	0.00766	0.00733	0.01254	0.61921	0.11591	0.00853	0.08172	0.01053	0.04191	0.01062	0.00831	0.01152	0.02615	0.00405	0.00393	0.00127	0.00498	0.01733	0.00191	0.00458
50	0.00466	0.00343	0.00438	0.00512	0.00551	0.00314	0.00346	0.00539	0.00761	0.00997	0.03740	0.72683	0.14586	0.01160	0.00483	0.00151	0.00218	0.01042	0.00357	0.00314
51	0.01422	0.01039	0.01118	0.00867	0.01166	0.01149	0.00713	0.73265	0.08917	0.04902	0.00995	0.00977	0.00707	0.00466	0.00384	0.00116	0.00409	0.00354	0.00387	0.00648
52	0.00892	0.01204	0.16876	0.01509	0.01927	0.00960	0.66677	0.02817	0.00905	0.01249	0.00763	0.00992	0.00566	0.00333	0.00435	0.00128	0.00628	0.00420	0.00192	0.00529
53	0.00495	0.00369	0.00445	0.00475	0.00552	0.00329	0.00337	0.00596	0.00857	0.02292	0.18720	0.39708	0.31380	0.01028	0.00468	0.00139	0.00206	0.00904	0.00371	0.00330

[dist]
# distance from previous block
# <min> <max>
3	24

[block]
# block no. 7 follows, 71 sequences, length 41
# corresponding to MSA columns:
# 2274-2314
name=unknown_H
#
# <colnr> <probs for GDERKNQSTAVLIFYWHMCP>
#	G	D	E	R	K	N	Q	S	T	A	V	L	I	F	Y	W	H	M	C	P
0	0.00956	0.14598	0.17150	0.01144	0.16305	0.03395	0.07462	0.04275	0.11278	0.05671	0.01739	0.02562	0.02041	0.02586	0.00410	0.00118	0.01439	0.00351	0.00240	0.06280
1	0.00538	0.01341	0.00529	0.00540	0.00616	0.00410	0.00407	0.00672	0.02779	0.01040	0.09950	0.20378	0.18005	0.09326	0.19958	0.00274	0.00433	0.12155	0.00315	0.00333
2	0.00544	0.00406	0.00601	0.00605	0.00669	0.00467	0.00464	0.00673	0.00620	0.00889	0.01087	0.05691	0.01052	0.05827	0.77857	0.00585	0.00964	0.00449	0.00214	0.00337
3	0.01022	0.02804	0.01341	0.14101	0.39446	0.12667	0.05690	0.02028	0.03805	0.06458	0.00804	0.00986	0.00634	0.00379	0.00381	0.00114	0.01423	0.00339	0.05040	0.00538
4	0.01773	0.26999	0.35441	0.05808	0.03178	0.08207	0.03372	0.02646	0.04767	0.02069	0.00740	0.00843	0.01840	0.00375	0.00333	0.00109	0.00501	0.00283	0.00190	0.00525
5	0.00911	0.07695	0.10761	0.06799	0.16368	0.09744	0.08127	0.05462	0.05216	0.01225	0.06306	0.02283	0.00902	0.05162	0.01779	0.00138	0.04012	0.01317	0.05305	0.00489
6	0.00508	0.00407	0.00436	0.00429	0.00533	0.00368	0.00308	0.00649	0.04936	0.01084	0.14538	0.04682	0.53174	0.15436	0.00705	0.00170	0.00228	0.00736	0.00346	0.00327
7	0.00482	0.00344	0.00440	0.00508	0.00534	0.00325	0.00334	0.00541	0.00711	0.00942	0.02048	0.66389	0.06998	0.15092	0.02244	0.00198	0.00260	0.00975	0.00333	0.00300
8	0.00838	0.00756	0.00841	0.00662	0.04169	0.05377	0.00499	0.01006	0.00815	0.01232	0.00678	0.00795	0.00565	0.00293	0.00291	0.00061	0.00314	0.00233	0.00224	0.80351
9	0.03738	0.00748	0.04161	0.08068	0.04528	0.03962	0.09323	0.02160	0.16396	0.11281	0.13574	0.10718	0.08490	0.00608	0.00413	0.00127	0.00357	0.00537	0.00329	0.00482
10	0.00487	0.00385	0.00431	0.00430	0.00530	0.00343	0.00313	0.00591	0.00865	0.01098	0.19528	0.08428	0.50685	0.09288	0.04738	0.00176	0.00251	0.00760	0.00350	0.00323
11	0.00555	0.00422	0.00522	0.00579	0.00638	0.00426	0.00406	0.00802	0.15066	0.01093	0.02044	0.67985	0.03610	0.01076	0.00473	0.00151	0.00240	0.03186	0.00362	0.00364
12	0.00823	0.04051	0.62944	0.01161	0.05685	0.05721	0.08421	0.01204	0.00833	0.01184	0.00743	0.04156	0.00581	0.00393	0.00373	0.00121	0.00558	0.00328	0.00176	0.00545
13	0.00925	0.01057	0.02117	0.01536	0.01884	0.05098	0.72147	0.01218	0.00888	0.01189	0.00745	0.01002	0.00571	0.00355	0.00512	0.00131	0.07492	0.00433	0.00192	0.00506
14	0.00522	0.00395	0.00460	0.00450	0.00561	0.00348	0.00339	0.00657	0.00961	0.02952	0.37054	0.06537	0.42981	0.00895	0.00455	0.00128	0.00198	0.03374	0.00386	0.00347
15	0.00503	0.00398	0.00454	0.00439	0.00552	0.00352	0.00329	0.00657	0.02446	0.01277	0.40741	0.03269	0.45456	0.00877	0.00452	0.00125	0.00190	0.00749	0.00387	0.00346
16	0.00934	0.01045	0.03081	0.03215	0.03498	0.02105	0.71945	0.05262	0.00941	0.01273	0.00771	0.01016	0.00581	0.00340	0.00459	0.00128	0.02246	0.00436	0.00202	0.00521
17	0.00739	0.00381	0.00383	0.00374	0.00471	0.00384	0.00283	0.03544	0.00836	0.01461	0.01240	0.01413	0.00972	0.00447	0.00272	0.00090	0.00187	0.00357	0.85799	0.00367
18	0.00889	0.00930	0.01195	0.58009	0.13761	0.16723	0.01019	0.01111	0.00842	0.01010	0.00670	0.00950	0.00521	0.00380	0.00376	0.00120	0.00537	0.00323	0.00178	0.00455
19	0.01025	0.86756	0.02009	0.00656	0.00984	0.01517	0.00656	0.01148	0.00779	0.00902	0.00533	0.00615	0.00492	0.00328	0.00246	0.00082	0.00410	0.00205	0.00164	0.00492
20	0.00709	0.00576	0.00724	0.00678	0.03984	0.00605	0.00504	0.09205	0.02603	0.01376	0.32287	0.07369	0.13682	0.02565	0.00583	0.00131	0.12956	0.01610	0.00337	0.07514
21	0.00482	0.00366	0.00444	0.00473	0.00548	0.00328	0.00336	0.00588	0.00870	0.01141	0.23697	0.37981	0.29318	0.01019	0.00468	0.00138	0.00203	0.00897	0.00373	0.00328
22	0.01543	0.00825	0.00976	0.00753	0.01042	0.00833	0.00620	0.38210	0.01397	0.42677	0.01231	0.01140	0.00818	0.00467	0.00378	0.00115	0.00361	0.00366	0.05616	0.00635
23	0.00905	0.01034	0.02262	0.01616	0.02004	0.00970	0.82741	0.01228	0.00905	0.01228	0.00776	0.01034	0.00582	0.00323	0.00452	0.00129	0.00646	0.00452	0.00194	0.00517
24	0.00900	0.01778	0.63309	0.01053	0.01543	0.05685	0.02792	0.10665	0.06242	0.01362	0.00767	0.00860	0.00551	0.00386	0.00369	0.00120	0.00542	0.00301	0.00205	0.00571
25	0.00548	0.00411	0.00616	0.00616	0.00685	0.00479	0.00479	0.00685	0.00616	0.00890	0.01027	0.01506	0.00959	0.02876	0.85006	0.00616	0.01027	0.00411	0.00205	0.00342
26	0.00472	0.00336	0.00443	0.00527	0.00548	0.00315	0.00349	0.00535	0.00724	0.00965	0.02061	0.81465	0.02470	0.06100	0.00573	0.00168	0.00231	0.01059	0.00349	0.00307
27	0.00493	0.00363	0.00449	0.00499	0.00551	0.00337	0.00348	0.00573	0.00768	0.00999	0.06288	0.45347	0.20124	0.12498	0.01999	0.00186	0.00257	0.07273	0.00340	0.00310
28	0.01008	0.81007	0.07606	0.00686	0.01030	0.01475	0.00708	0.01153	0.00781	0.00923	0.00544	0.00628	0.00492	0.00330	0.00254	0.00085	0.00421	0.00210	0.00164	0.00497
29	0.00551	0.00397	0.00498	0.00470	0.00571	0.00359	0.00353	0.00716	0.01048	0.03143	0.67942	0.02980	0.17921	0.00811	0.00451	0.00122	0.00186	0.00708	0.00411	0.00361
30	0.00477	0.00376	0.00435	0.00453	0.00545	0.00335	0.00329	0.00582	0.00862	0.01100	0.17066	0.24724	0.45095	0.01091	0.04600	0.00159	0.00240	0.00842	0.00360	0.00328
31	0.00584	0.00411	0.00427	0.00419	0.00528	0.00387	0.00308	0.01709	0.05753	0.01195	0.06379	0.04980	0.40825	0.08356	0.00529	0.00139	0.00215	0.00631	0.25878	0.00347
32	0.00896	0.01009	0.02184	0.01603	0.04201	0.00949	0.77537	0.01211	0.00903	0.01226	0.00820	0.01151	0.00641	0.00350	0.00453	0.00131	0.00631	0.03391	0.00200	0.00514
33	0.00548	0.00400	0.00474	0.00450	0.00564	0.00353	0.00339	0.00692	0.00997	0.04331	0.47145	0.03156	0.37450	0.00852	0.00450	0.00124	0.00192	0.00731	0.00396	0.00356
34	0.00558	0.00372	0.00418	0.00418	0.00418	0.00372	0.00232	0.00558	0.00558	0.00743	0.01208	0.02509	0.01394	0.86525	0.01952	0.00372	0.00372	0.00558	0.00232	0.00232
