[name]
unknown

[dist]
# distance from previous block
# <min> <max>
22	109

[block]
# block no. 0 follows, 62 sequences, length 61
# corresponding to MSA columns:
# 174-234
name=unknown_A
#
# <colnr> <probs for GDERKNQSTAVLIFYWHMCP>
#	G	D	E	R	K	N	Q	S	T	A	V	L	I	F	Y	W	H	M	C	P
0	0.02393	0.01001	0.01920	0.03113	0.08151	0.09587	0.06507	0.08578	0.14418	0.20324	0.03108	0.01270	0.00941	0.00474	0.00411	0.00121	0.00444	0.01368	0.00356	0.15516
1	0.04601	0.00975	0.07830	0.01443	0.26357	0.02599	0.09700	0.02184	0.05176	0.10919	0.10758	0.05485	0.01227	0.00510	0.00429	0.00128	0.00445	0.00467	0.00305	0.08463
2	0.01054	0.03119	0.04620	0.03804	0.50079	0.04558	0.06734	0.03295	0.03188	0.02775	0.02816	0.01149	0.02345	0.00412	0.00416	0.00122	0.00499	0.00389	0.00239	0.08387
3	0.04261	0.03216	0.16176	0.01902	0.47216	0.02585	0.02973	0.01344	0.05005	0.01404	0.00822	0.01009	0.00663	0.00388	0.00400	0.00122	0.00502	0.00351	0.00222	0.09438
4	0.05372	0.00998	0.10857	0.03004	0.20384	0.00778	0.04865	0.01315	0.00956	0.12611	0.02829	0.01066	0.00760	0.00392	0.00380	0.00107	0.00427	0.00340	0.00274	0.32287
5	0.07513	0.00944	0.01183	0.03323	0.14421	0.04059	0.06198	0.07511	0.28676	0.05641	0.01247	0.03420	0.00999	0.00519	0.00430	0.00133	0.01437	0.03376	0.00337	0.08632
6	0.59913	0.00920	0.00816	0.04849	0.03684	0.05153	0.00594	0.11297	0.02925	0.01864	0.00715	0.00833	0.00556	0.00532	0.03713	0.00153	0.00420	0.00279	0.00279	0.00505
7	0.00752	0.00544	0.00612	0.00632	0.00751	0.00471	0.00450	0.00812	0.01032	0.05331	0.05736	0.33532	0.43204	0.01228	0.00581	0.00183	0.00296	0.02939	0.00454	0.00459
8	0.05367	0.01003	0.01689	0.02460	0.74703	0.01005	0.03855	0.01315	0.00961	0.02448	0.00803	0.01043	0.00667	0.00381	0.00416	0.00127	0.00502	0.00376	0.00217	0.00661
9	0.14433	0.00967	0.05618	0.04573	0.13959	0.02929	0.07582	0.06258	0.04085	0.30469	0.01144	0.02365	0.00814	0.00474	0.00430	0.00134	0.02390	0.00394	0.00352	0.00629
10	0.00527	0.00376	0.00503	0.00602	0.00630	0.00353	0.00409	0.00607	0.00823	0.01095	0.02341	0.80812	0.02796	0.01325	0.00545	0.00174	0.00254	0.05085	0.00395	0.00348
11	0.00708	0.00506	0.00624	0.00645	0.00769	0.00486	0.00526	0.04123	0.02473	0.04340	0.08320	0.05984	0.25678	0.06824	0.00649	0.00184	0.00326	0.36035	0.00396	0.00404
12	0.01189	0.01040	0.01843	0.04534	0.30114	0.01029	0.30010	0.11033	0.03048	0.10420	0.00966	0.01142	0.00723	0.00410	0.00452	0.00134	0.00560	0.00432	0.00277	0.00643
13	0.00976	0.02443	0.29149	0.05817	0.32878	0.00996	0.06017	0.01418	0.09934	0.02868	0.01816	0.02150	0.00760	0.00431	0.00422	0.00133	0.00534	0.00390	0.00235	0.00635
14	0.00608	0.00456	0.00684	0.00684	0.00760	0.00532	0.00532	0.00760	0.00684	0.00988	0.01140	0.01672	0.01064	0.03191	0.83360	0.00684	0.01140	0.00456	0.00228	0.00380
15	0.88052	0.00823	0.00625	0.00560	0.00823	0.00955	0.00461	0.01251	0.00724	0.01909	0.00592	0.00691	0.00461	0.00395	0.00263	0.00132	0.00329	0.00230	0.00263	0.00461
16	0.00657	0.00474	0.00678	0.00666	0.00748	0.00533	0.00512	0.04035	0.00756	0.01064	0.03894	0.03258	0.04471	0.02712	0.64093	0.09391	0.00950	0.00486	0.00249	0.00374
17	0.01364	0.01011	0.01105	0.00865	0.01177	0.01073	0.00704	0.50258	0.11274	0.05262	0.06482	0.01316	0.03359	0.00533	0.00419	0.00122	0.00403	0.00419	0.00409	0.12447
18	0.11779	0.00763	0.00953	0.00744	0.01057	0.00712	0.00613	0.08549	0.01226	0.63325	0.04797	0.01396	0.01079	0.00524	0.00412	0.00131	0.00361	0.00415	0.00485	0.00680
19	0.00543	0.00397	0.00511	0.00591	0.00632	0.00376	0.00400	0.00665	0.03854	0.01137	0.05677	0.73173	0.06718	0.02451	0.00558	0.00172	0.00249	0.01141	0.00397	0.00360
20	0.42026	0.00693	0.00694	0.00599	0.00834	0.00722	0.00481	0.01320	0.00916	0.22925	0.09257	0.01557	0.08134	0.04202	0.03836	0.00167	0.00352	0.00419	0.00362	0.00503
21	0.00627	0.00475	0.00582	0.00548	0.00667	0.00451	0.00413	0.00898	0.07921	0.01634	0.64437	0.03174	0.14815	0.00875	0.00496	0.00136	0.00214	0.00763	0.00455	0.00418
22	0.00608	0.00456	0.00684	0.00684	0.00760	0.00532	0.00532	0.00760	0.00684	0.00988	0.01140	0.01672	0.01064	0.03191	0.83360	0.00684	0.01140	0.00456	0.00228	0.00380
23	0.00535	0.00389	0.00491	0.00561	0.00604	0.00361	0.00380	0.00616	0.00840	0.01105	0.06460	0.59598	0.13383	0.09567	0.00698	0.00191	0.00261	0.03233	0.00385	0.00343
24	0.47744	0.00743	0.00698	0.00628	0.00853	0.00814	0.00499	0.05295	0.06890	0.11033	0.01238	0.11214	0.03769	0.04108	0.00433	0.00151	0.00332	0.02728	0.00338	0.00492
25	0.00519	0.00390	0.00482	0.00548	0.00607	0.00352	0.00377	0.00609	0.00876	0.01137	0.07229	0.59410	0.23438	0.01242	0.00530	0.00163	0.00236	0.01105	0.00399	0.00352
26	0.11266	0.01095	0.01141	0.00905	0.01218	0.01224	0.00741	0.58310	0.14499	0.02435	0.01091	0.01082	0.00791	0.00508	0.00407	0.00130	0.00428	0.00382	0.01666	0.00681
27	0.01133	0.00538	0.00681	0.00620	0.00787	0.00503	0.00483	0.01313	0.03242	0.30570	0.03542	0.13188	0.01578	0.07929	0.00579	0.00161	0.00309	0.09819	0.22524	0.00503
28	0.00524	0.00420	0.00468	0.00481	0.00594	0.00364	0.00351	0.00641	0.00981	0.01236	0.17729	0.19682	0.52854	0.01091	0.00511	0.00148	0.00219	0.00936	0.00408	0.00364
29	0.01154	0.78681	0.02143	0.00744	0.01102	0.01645	0.00729	0.04572	0.03954	0.01099	0.00652	0.00731	0.00582	0.00378	0.00285	0.00095	0.00451	0.00243	0.00201	0.00558
30	0.00546	0.00383	0.00489	0.00559	0.00580	0.00364	0.00361	0.00607	0.00781	0.01045	0.05106	0.61499	0.02547	0.21936	0.00941	0.00230	0.00286	0.01048	0.00364	0.00326
31	0.01047	0.00768	0.00911	0.00660	0.01030	0.00603	0.00532	0.04216	0.00969	0.12282	0.00889	0.00963	0.00690	0.00351	0.00334	0.00075	0.00327	0.00280	0.00295	0.72775
32	0.00596	0.00447	0.00509	0.00524	0.00636	0.00401	0.00380	0.03685	0.00973	0.03572	0.07562	0.32599	0.44338	0.01120	0.00512	0.00153	0.00240	0.00969	0.00404	0.00381
33	0.00797	0.00423	0.00433	0.00428	0.00531	0.00424	0.00319	0.03629	0.00924	0.01577	0.01495	0.05762	0.03179	0.01733	0.00345	0.00109	0.00213	0.00452	0.76825	0.00402
34	0.00619	0.00422	0.00523	0.00523	0.00542	0.00442	0.00331	0.00653	0.00634	0.00864	0.01273	0.02458	0.01401	0.61770	0.22931	0.02911	0.00597	0.00570	0.00248	0.00287
35	0.13824	0.00482	0.00550	0.00558	0.00650	0.00483	0.00393	0.00815	0.00843	0.05628	0.13362	0.31557	0.06772	0.17511	0.04491	0.00227	0.00329	0.00790	0.00359	0.00376
36	0.12109	0.00547	0.00658	0.00627	0.00773	0.00534	0.00472	0.01120	0.04265	0.19091	0.16449	0.29882	0.02205	0.05164	0.00554	0.00163	0.00293	0.04216	0.00415	0.00464
37	0.00595	0.00432	0.00560	0.00535	0.00633	0.00397	0.00399	0.00786	0.01177	0.01656	0.75535	0.07282	0.06616	0.00900	0.00504	0.00136	0.00204	0.00796	0.00462	0.00397
38	0.00931	0.00931	0.01303	0.01117	0.01117	0.01303	0.00931	0.01024	0.00652	0.01024	0.00559	0.00931	0.00559	0.00745	0.01396	0.00186	0.84267	0.00372	0.00186	0.00465
39	0.01521	0.01177	0.01272	0.00993	0.01317	0.04061	0.03406	0.66163	0.10132	0.02460	0.01079	0.01087	0.00780	0.00557	0.01866	0.00139	0.00485	0.00395	0.00409	0.00700
40	0.00644	0.00457	0.00631	0.00655	0.00745	0.00429	0.03506	0.00769	0.00907	0.04804	0.07459	0.39217	0.13204	0.05613	0.02294	0.00191	0.00320	0.17387	0.00387	0.00382
41	0.88052	0.00823	0.00625	0.00560	0.00823	0.00955	0.00461	0.01251	0.00724	0.01909	0.00592	0.00691	0.00461	0.00395	0.00263	0.00132	0.00329	0.00230	0.00263	0.00461
42	0.00975	0.01622	0.45178	0.02437	0.10026	0.00962	0.15834	0.02831	0.03984	0.06547	0.02570	0.03408	0.00770	0.00445	0.00433	0.00137	0.00582	0.00405	0.00237	0.00618
43	0.00909	0.23136	0.57898	0.01055	0.01585	0.01130	0.01294	0.01292	0.00894	0.01259	0.02600	0.03636	0.00693	0.00435	0.00378	0.00125	0.00563	0.00332	0.00194	0.00594
44	0.01111	0.01060	0.06737	0.05721	0.50630	0.02644	0.02994	0.01521	0.13576	0.08250	0.01014	0.01160	0.00787	0.00427	0.00424	0.00131	0.00488	0.00396	0.00269	0.00660
45	0.00586	0.00441	0.00492	0.00488	0.00617	0.00384	0.00366	0.00710	0.00997	0.04307	0.17151	0.08646	0.54415	0.04178	0.00568	0.00156	0.00236	0.04476	0.00407	0.00377
46	0.04476	0.01165	0.18498	0.10933	0.20637	0.00960	0.04604	0.14214	0.01085	0.01536	0.03400	0.01365	0.07822	0.00635	0.04590	0.00162	0.02650	0.00425	0.00263	0.00582
47	0.00690	0.04081	0.21184	0.02756	0.02094	0.00649	0.03067	0.00949	0.02907	0.01289	0.16958	0.17967	0.12210	0.02223	0.08869	0.00201	0.00456	0.00674	0.00317	0.00460
48	0.00632	0.00526	0.03493	0.00772	0.04836	0.00532	0.00573	0.00777	0.00745	0.01061	0.05604	0.12920	0.01407	0.02503	0.57054	0.04468	0.00885	0.00562	0.00259	0.00391
49	0.00751	0.01195	0.29645	0.01069	0.04269	0.00747	0.15050	0.01049	0.00920	0.01263	0.03783	0.08688	0.18979	0.00886	0.07425	0.00189	0.00543	0.02774	0.00269	0.00505
50	0.01416	0.14564	0.02900	0.00994	0.01237	0.59841	0.00788	0.01597	0.05095	0.01121	0.06018	0.00954	0.00811	0.00461	0.00377	0.00111	0.00659	0.00310	0.00240	0.00507
51	0.01069	0.05631	0.03471	0.16857	0.34781	0.08456	0.03053	0.03276	0.04291	0.05328	0.02310	0.01191	0.00786	0.00614	0.05825	0.00165	0.00566	0.01501	0.00243	0.00586
52	0.05439	0.00524	0.00671	0.00604	0.00762	0.00482	0.00461	0.01136	0.01104	0.23981	0.39897	0.15780	0.03795	0.02785	0.00515	0.00146	0.00265	0.00717	0.00456	0.00481
53	0.01025	0.00957	0.01596	0.05399	0.67650	0.00967	0.02107	0.04511	0.01001	0.01413	0.00947	0.04871	0.00852	0.00466	0.00436	0.00133	0.00492	0.04302	0.00236	0.00639
54	0.05345	0.01267	0.13633	0.11225	0.14206	0.07419	0.33478	0.02521	0.00983	0.03363	0.00823	0.01057	0.00626	0.00432	0.01644	0.00144	0.00633	0.00406	0.00220	0.00577
55	0.00752	0.00561	0.00772	0.00824	0.07723	0.00574	0.02423	0.04886	0.06345	0.02808	0.10308	0.18468	0.06217	0.10529	0.14524	0.07343	0.00474	0.03717	0.00330	0.00419
56	0.00680	0.00453	0.00530	0.00523	0.00586	0.00436	0.00344	0.03701	0.00841	0.04925	0.09740	0.17788	0.13578	0.42492	0.01324	0.00280	0.00333	0.00763	0.00342	0.00342
57	0.77108	0.01816	0.00758	0.00760	0.08182	0.01885	0.00550	0.01258	0.00752	0.01831	0.00611	0.00728	0.00483	0.00398	0.00294	0.00131	0.01470	0.00246	0.00256	0.00481
58	0.00640	0.00508	0.02304	0.03045	0.00782	0.00518	0.00506	0.00754	0.00728	0.01006	0.01474	0.04867	0.07322	0.19616	0.38464	0.04313	0.02607	0.06357	0.00260	0.03930
59	0.52475	0.03318	0.07727	0.00858	0.08813	0.02313	0.00671	0.05424	0.05924	0.01751	0.00981	0.01056	0.06272	0.00459	0.00328	0.00131	0.00382	0.00323	0.00276	0.00518
60	0.02068	0.01000	0.12779	0.07232	0.21249	0.02664	0.00925	0.04486	0.07199	0.02762	0.10686	0.02349	0.03906	0.00751	0.07386	0.00174	0.00498	0.02501	0.00285	0.09101

[dist]
# distance from previous block
# <min> <max>
0	1

[block]
# block no. 1 follows, 62 sequences, length 7
# corresponding to MSA columns:
# 236-242
name=unknown_B
#
# <colnr> <probs for GDERKNQSTAVLIFYWHMCP>
#	G	D	E	R	K	N	Q	S	T	A	V	L	I	F	Y	W	H	M	C	P
0	0.01121	0.30234	0.14390	0.04363	0.06728	0.05076	0.02901	0.10904	0.02740	0.04886	0.00910	0.07005	0.00786	0.00474	0.00371	0.00116	0.00483	0.00372	0.00256	0.05885
1	0.08121	0.13480	0.32031	0.05202	0.06868	0.00982	0.07478	0.01241	0.00905	0.05076	0.03967	0.03702	0.04483	0.04143	0.00473	0.00142	0.00508	0.00405	0.00238	0.00553
2	0.00996	0.04009	0.33695	0.04740	0.07513	0.02543	0.10507	0.03439	0.11677	0.05512	0.02879	0.01190	0.02702	0.00467	0.00462	0.00135	0.04000	0.00395	0.00258	0.02880
3	0.00927	0.13107	0.19794	0.02944	0.08411	0.00939	0.09284	0.01219	0.04171	0.05187	0.03145	0.15489	0.01107	0.00587	0.00469	0.00132	0.04709	0.00505	0.00264	0.07608
4	0.00911	0.04628	0.02780	0.05034	0.22033	0.06280	0.02165	0.02606	0.07326	0.03785	0.10032	0.10904	0.09618	0.00845	0.06010	0.00174	0.01821	0.02217	0.00310	0.00521
5	0.00913	0.09575	0.05486	0.06974	0.07458	0.04573	0.10385	0.01159	0.04225	0.04899	0.11711	0.03927	0.11501	0.00720	0.04021	0.00157	0.07406	0.00511	0.00290	0.04110
6	0.04713	0.05118	0.22202	0.04733	0.13462	0.06502	0.07992	0.07947	0.01039	0.05580	0.01207	0.04054	0.06428	0.00589	0.02174	0.00147	0.00535	0.04741	0.00267	0.00571

[dist]
# distance from previous block
# <min> <max>
1	57

[block]
# block no. 2 follows, 62 sequences, length 20
# corresponding to MSA columns:
# 307-326
name=unknown_C
#
# <colnr> <probs for GDERKNQSTAVLIFYWHMCP>
#	G	D	E	R	K	N	Q	S	T	A	V	L	I	F	Y	W	H	M	C	P
0	0.05922	0.06460	0.14397	0.13352	0.05798	0.02110	0.06482	0.09330	0.09034	0.01429	0.00921	0.01166	0.00743	0.01788	0.09146	0.00196	0.06747	0.01344	0.00252	0.03381
1	0.00751	0.03945	0.03685	0.07509	0.02392	0.00622	0.02225	0.07922	0.01959	0.01285	0.09647	0.20494	0.10385	0.10350	0.00761	0.06407	0.00363	0.08551	0.00335	0.00412
2	0.00901	0.00812	0.01165	0.02640	0.37070	0.05817	0.00865	0.02097	0.00905	0.01236	0.08410	0.07549	0.01254	0.07610	0.07329	0.08215	0.03724	0.01647	0.00255	0.00499
3	0.01226	0.07218	0.13164	0.03415	0.11984	0.12828	0.07616	0.23476	0.02637	0.01611	0.00834	0.00990	0.00652	0.00547	0.02158	0.03583	0.04839	0.00358	0.00267	0.00597
4	0.09087	0.01119	0.01308	0.01083	0.05276	0.06390	0.10297	0.42480	0.07416	0.02073	0.00958	0.01043	0.00717	0.00518	0.00477	0.04621	0.00486	0.00378	0.00344	0.03927
5	0.00944	0.00752	0.00909	0.00793	0.00979	0.00815	0.04451	0.06686	0.31849	0.04538	0.01605	0.02009	0.06076	0.17143	0.06120	0.00229	0.04008	0.04536	0.00354	0.05206
6	0.00746	0.00544	0.00643	0.00642	0.00741	0.00548	0.00462	0.16179	0.01051	0.01390	0.03435	0.48286	0.10321	0.09852	0.00686	0.00186	0.00307	0.03182	0.00388	0.00413
7	0.00596	0.00380	0.00503	0.00553	0.00571	0.00365	0.00361	0.00587	0.00714	0.00947	0.01801	0.44252	0.05034	0.16183	0.01137	0.24246	0.00309	0.00862	0.00313	0.00286
8	0.01242	0.00879	0.01017	0.00954	0.06299	0.00962	0.00704	0.02159	0.59064	0.19266	0.01661	0.01523	0.01206	0.00554	0.00431	0.00140	0.00353	0.00463	0.00439	0.00684
9	0.00853	0.02201	0.82841	0.01213	0.01842	0.00988	0.01572	0.01348	0.00898	0.01348	0.00764	0.00898	0.00539	0.00404	0.00404	0.00135	0.00629	0.00314	0.00180	0.00629
10	0.00780	0.00453	0.00540	0.00520	0.00582	0.00430	0.00334	0.00823	0.00760	0.12594	0.01776	0.13184	0.08669	0.54944	0.01565	0.00318	0.00367	0.00691	0.00326	0.00345
11	0.06371	0.00554	0.00679	0.00628	0.00796	0.00517	0.00473	0.01211	0.05085	0.27862	0.04358	0.30822	0.13735	0.04218	0.00540	0.00159	0.00295	0.00776	0.00428	0.00493
12	0.00524	0.00425	0.00464	0.00469	0.00591	0.00366	0.00346	0.00645	0.00997	0.01248	0.18884	0.13130	0.58290	0.01067	0.00507	0.00145	0.00216	0.00909	0.00409	0.00366
13	0.01909	0.00724	0.00987	0.00757	0.01086	0.00625	0.00625	0.02074	0.01218	0.82687	0.01679	0.01448	0.01053	0.00527	0.00428	0.00132	0.00362	0.00428	0.00527	0.00724
14	0.00608	0.00456	0.00684	0.00684	0.00760	0.00532	0.00532	0.00760	0.00684	0.00988	0.01140	0.01672	0.01064	0.03191	0.83360	0.00684	0.01140	0.00456	0.00228	0.00380
15	0.64753	0.00782	0.00702	0.00602	0.00871	0.00854	0.00494	0.01408	0.00857	0.19567	0.04988	0.00984	0.00772	0.00448	0.00311	0.00132	0.00330	0.00301	0.00331	0.00515
16	0.00514	0.00420	0.00454	0.00471	0.00588	0.00360	0.00344	0.00623	0.00959	0.01182	0.10250	0.19715	0.60422	0.01110	0.00511	0.00149	0.00220	0.00948	0.00401	0.00360
17	0.00917	0.00911	0.01277	0.01099	0.01102	0.01270	0.00914	0.01013	0.00653	0.01022	0.00583	0.00963	0.00580	0.00849	0.04895	0.00207	0.80719	0.00376	0.00188	0.00462
18	0.01038	0.00995	0.01699	0.07603	0.77520	0.01007	0.01298	0.01292	0.00962	0.01372	0.00798	0.01058	0.00667	0.00382	0.00422	0.00127	0.00509	0.00379	0.00209	0.00662
19	0.01580	0.01164	0.01251	0.00966	0.01296	0.01287	0.00795	0.78260	0.01961	0.02628	0.01066	0.03848	0.00794	0.00539	0.00430	0.00129	0.00461	0.00411	0.00425	0.00711

[dist]
# distance from previous block
# <min> <max>
0	1

[block]
# block no. 3 follows, 62 sequences, length 29
# corresponding to MSA columns:
# 328-356
name=unknown_D
#
# <colnr> <probs for GDERKNQSTAVLIFYWHMCP>
#	G	D	E	R	K	N	Q	S	T	A	V	L	I	F	Y	W	H	M	C	P
0	0.00525	0.00373	0.00492	0.00584	0.00607	0.00350	0.00386	0.00594	0.00802	0.01069	0.02280	0.79422	0.02732	0.06792	0.00649	0.00188	0.00258	0.01171	0.00386	0.00340
1	0.00519	0.00430	0.00444	0.00441	0.00571	0.00366	0.00324	0.00626	0.00961	0.01167	0.09900	0.03928	0.70305	0.07385	0.00628	0.00163	0.00229	0.00867	0.00390	0.00355
2	0.00600	0.00419	0.00477	0.00472	0.00508	0.00403	0.00291	0.00649	0.00766	0.01019	0.15476	0.03029	0.12892	0.59372	0.01658	0.00329	0.00350	0.00682	0.00312	0.00296
3	0.00543	0.00426	0.00480	0.00478	0.00588	0.00375	0.00348	0.00668	0.01001	0.01287	0.27364	0.10379	0.46055	0.07351	0.00631	0.00163	0.00228	0.00864	0.00407	0.00363
4	0.00804	0.00756	0.01276	0.84023	0.02931	0.00945	0.01182	0.01087	0.00851	0.01087	0.00756	0.01134	0.00567	0.00425	0.00425	0.00142	0.00567	0.00378	0.00189	0.00473
5	0.00541	0.00398	0.00507	0.00552	0.00617	0.00364	0.00387	0.00658	0.00953	0.01279	0.26310	0.48920	0.14630	0.01159	0.00525	0.00157	0.00229	0.01034	0.00417	0.00364
6	0.00882	0.00756	0.00882	0.00630	0.01008	0.00567	0.00504	0.01071	0.00882	0.01387	0.00756	0.00882	0.00630	0.00315	0.00315	0.00063	0.00315	0.00252	0.00252	0.87647
7	0.00566	0.00421	0.00488	0.00512	0.00617	0.00370	0.00371	0.00676	0.00951	0.03755	0.11749	0.30833	0.43564	0.01125	0.00515	0.00153	0.00232	0.02324	0.00407	0.00371
8	0.01088	0.00870	0.00936	0.00835	0.01073	0.00988	0.00651	0.02159	0.71195	0.07091	0.05598	0.01655	0.01410	0.00587	0.00434	0.00142	0.00330	0.00490	0.01808	0.00659
9	0.01801	0.00698	0.00951	0.00742	0.01050	0.00605	0.00607	0.01964	0.01200	0.76211	0.04727	0.05022	0.01239	0.00573	0.00436	0.00133	0.00351	0.00474	0.00519	0.00696
10	0.01783	0.00715	0.00960	0.00748	0.01056	0.00631	0.00613	0.04919	0.01236	0.72670	0.06638	0.03598	0.01267	0.00567	0.00435	0.00133	0.00353	0.00467	0.00516	0.00695
11	0.00583	0.00438	0.00477	0.00474	0.00607	0.00375	0.00351	0.00695	0.00977	0.05110	0.10282	0.12655	0.61612	0.02773	0.00537	0.00151	0.00229	0.00893	0.00405	0.00377
12	0.01035	0.00891	0.00942	0.00854	0.01085	0.01028	0.00662	0.02189	0.78148	0.01750	0.01758	0.05165	0.01364	0.00610	0.00438	0.00146	0.00333	0.00512	0.00431	0.00659
13	0.00882	0.00756	0.00882	0.00630	0.01008	0.00567	0.00504	0.01071	0.00882	0.01387	0.00756	0.00882	0.00630	0.00315	0.00315	0.00063	0.00315	0.00252	0.00252	0.87647
14	0.17007	0.00873	0.00965	0.00774	0.01073	0.00901	0.00633	0.24394	0.07336	0.21898	0.01163	0.01221	0.00851	0.00657	0.05551	0.00159	0.00428	0.02213	0.00387	0.11518
15	0.00724	0.00536	0.00618	0.00595	0.00734	0.00526	0.00455	0.01052	0.15508	0.05304	0.21241	0.05514	0.27654	0.08263	0.00642	0.00171	0.00278	0.09335	0.00413	0.00437
16	0.00828	0.00504	0.00661	0.00592	0.00733	0.00473	0.00456	0.03637	0.01198	0.13560	0.62295	0.02753	0.03276	0.00962	0.06002	0.00170	0.00296	0.00686	0.00460	0.00458
17	0.03577	0.00981	0.01473	0.24593	0.44509	0.05369	0.01152	0.05470	0.01012	0.06590	0.00843	0.01074	0.00659	0.00412	0.00417	0.00130	0.00520	0.00372	0.00238	0.00609
18	0.04022	0.00593	0.00842	0.03687	0.12533	0.00589	0.04737	0.00917	0.04907	0.02216	0.08896	0.19467	0.17916	0.09185	0.06160	0.00209	0.00396	0.01960	0.00333	0.00436
19	0.00538	0.00382	0.00505	0.00596	0.00624	0.00361	0.00405	0.00615	0.00811	0.01079	0.02261	0.72752	0.02690	0.07816	0.00672	0.00193	0.00270	0.06703	0.00384	0.00342
20	0.02277	0.00949	0.01670	0.34478	0.05249	0.02910	0.29739	0.08131	0.01019	0.02297	0.00930	0.06680	0.00766	0.00469	0.00457	0.00142	0.00588	0.00474	0.00239	0.00533
21	0.09667	0.00974	0.04430	0.29235	0.26562	0.03086	0.04000	0.08073	0.01003	0.04691	0.00843	0.01126	0.00663	0.00437	0.00427	0.00135	0.01789	0.02043	0.00242	0.00573
22	0.00737	0.00452	0.00645	0.04126	0.00741	0.00479	0.00469	0.00713	0.00705	0.03507	0.06519	0.09888	0.01366	0.09817	0.05779	0.42121	0.05434	0.05949	0.00259	0.00293
23	0.75312	0.00880	0.04229	0.00721	0.06282	0.00940	0.00557	0.01235	0.00744	0.01811	0.00641	0.00801	0.00518	0.03492	0.00350	0.00142	0.00357	0.00258	0.00256	0.00475
24	0.00633	0.00452	0.00516	0.00489	0.00549	0.00428	0.00306	0.00676	0.00701	0.00948	0.03910	0.02685	0.09632	0.61963	0.05179	0.00353	0.00407	0.00607	0.00276	0.09291
25	0.01215	0.10287	0.03473	0.07882	0.23329	0.25409	0.05611	0.05235	0.07478	0.01296	0.00810	0.00973	0.00657	0.00436	0.00442	0.00124	0.04185	0.00346	0.00235	0.00578
26	0.00642	0.00485	0.00617	0.05700	0.04705	0.00457	0.00473	0.00776	0.02258	0.03725	0.13783	0.14253	0.37009	0.03792	0.00631	0.05977	0.00283	0.03678	0.00370	0.00388
27	0.46291	0.06735	0.02403	0.00697	0.03558	0.04734	0.00550	0.04401	0.00883	0.02670	0.06452	0.06439	0.04945	0.03655	0.00415	0.00144	0.00363	0.03904	0.00296	0.00466
28	0.02112	0.00923	0.01255	0.08803	0.26175	0.05637	0.04938	0.07284	0.13757	0.01522	0.10341	0.06927	0.01276	0.00542	0.00434	0.00130	0.00440	0.00485	0.00306	0.06713

[dist]
# distance from previous block
# <min> <max>
7	55

[block]
# block no. 4 follows, 62 sequences, length 6
# corresponding to MSA columns:
# 416-421
name=unknown_E
#
# <colnr> <probs for GDERKNQSTAVLIFYWHMCP>
#	G	D	E	R	K	N	Q	S	T	A	V	L	I	F	Y	W	H	M	C	P
0	0.01059	0.06961	0.04657	0.17129	0.19559	0.03520	0.03745	0.07385	0.11967	0.03670	0.00920	0.01086	0.00721	0.00448	0.00469	0.00127	0.06121	0.00368	0.00262	0.09826
1	0.01065	0.03306	0.01254	0.02455	0.08663	0.04836	0.12638	0.02602	0.04141	0.10978	0.04345	0.01275	0.03229	0.02595	0.01811	0.00124	0.01869	0.00390	0.00292	0.32133
2	0.08388	0.05757	0.05180	0.01014	0.06083	0.15116	0.00790	0.15351	0.34535	0.01732	0.01169	0.01163	0.00889	0.00495	0.00399	0.00130	0.00463	0.00381	0.00342	0.00625
3	0.04758	0.01007	0.01541	0.04358	0.59097	0.04389	0.03422	0.04398	0.02993	0.03947	0.01034	0.01219	0.05076	0.00435	0.00421	0.00128	0.00491	0.00404	0.00246	0.00636
4	0.32840	0.00916	0.01148	0.09513	0.27640	0.01004	0.00862	0.08570	0.08192	0.04277	0.00851	0.00987	0.00658	0.00424	0.00366	0.00132	0.00424	0.00336	0.00277	0.00582
5	0.01002	0.01098	0.04933	0.20865	0.22735	0.06549	0.25014	0.01331	0.04934	0.01285	0.00829	0.01094	0.00651	0.00420	0.00500	0.00139	0.05421	0.00411	0.00216	0.00572

[dist]
# distance from previous block
# <min> <max>
4	32

# created by:
# /st0/software/busco_prod/Augustus/scripts/msa2prfl.pl ./align_prep/39598.fa
