[name]
unknown

[dist]
# distance from previous block
# <min> <max>
1	15

[block]
# block no. 0 follows, 58 sequences, length 8
# corresponding to MSA columns:
# 18-25
name=unknown_A
#
# <colnr> <probs for GDERKNQSTAVLIFYWHMCP>
#	G	D	E	R	K	N	Q	S	T	A	V	L	I	F	Y	W	H	M	C	P
0	0.07174	0.00900	0.01293	0.10503	0.01521	0.02603	0.15378	0.10527	0.07026	0.19800	0.04045	0.06627	0.05471	0.00607	0.00467	0.00146	0.00471	0.02598	0.00379	0.02464
1	0.01129	0.00945	0.01509	0.01145	0.01427	0.00947	0.28660	0.22609	0.01256	0.04855	0.05038	0.01821	0.03738	0.21781	0.00947	0.00217	0.00544	0.00549	0.00330	0.00552
2	0.01112	0.00815	0.01123	0.12312	0.06807	0.00859	0.06036	0.05317	0.22927	0.14269	0.12229	0.04514	0.06487	0.02544	0.00516	0.00153	0.00409	0.00566	0.00401	0.00604
3	0.00853	0.00795	0.01303	0.75465	0.02891	0.00957	0.01176	0.01141	0.00898	0.01172	0.00795	0.01168	0.00603	0.00436	0.00436	0.00141	0.00571	0.00385	0.00205	0.08609
4	0.06593	0.00998	0.01245	0.01020	0.03918	0.01043	0.07497	0.33381	0.08591	0.20438	0.01319	0.04092	0.00999	0.06106	0.00571	0.00160	0.00458	0.00469	0.00423	0.00679
5	0.00635	0.00427	0.00492	0.00507	0.00511	0.00424	0.00292	0.00647	0.00680	0.00907	0.01560	0.14486	0.01816	0.72461	0.02034	0.00398	0.00409	0.00739	0.00292	0.00284
6	0.01417	0.01138	0.01318	0.01062	0.01299	0.01354	0.00876	0.47688	0.09559	0.02183	0.00998	0.01104	0.00768	0.00620	0.00765	0.00155	0.26245	0.00410	0.00370	0.00671
7	0.01602	0.01018	0.01202	0.00939	0.01279	0.03332	0.04337	0.27409	0.14934	0.29050	0.01388	0.01311	0.00962	0.00526	0.00441	0.00132	0.00437	0.00426	0.00451	0.08825

[dist]
# distance from previous block
# <min> <max>
3	9

[block]
# block no. 1 follows, 58 sequences, length 16
# corresponding to MSA columns:
# 35-50
name=unknown_B
#
# <colnr> <probs for GDERKNQSTAVLIFYWHMCP>
#	G	D	E	R	K	N	Q	S	T	A	V	L	I	F	Y	W	H	M	C	P
0	0.01211	0.00899	0.01145	0.12937	0.10053	0.05356	0.02464	0.15161	0.03394	0.13992	0.01325	0.10584	0.01164	0.05104	0.03478	0.00177	0.00495	0.03992	0.00353	0.06718
1	0.01395	0.40958	0.01821	0.00978	0.03465	0.16616	0.04856	0.07661	0.03914	0.10980	0.00885	0.00954	0.00704	0.00512	0.02413	0.00129	0.00558	0.00321	0.00275	0.00606
2	0.00769	0.00465	0.00569	0.00565	0.00613	0.00454	0.00366	0.00818	0.00776	0.08880	0.03422	0.15304	0.01853	0.54389	0.05424	0.00363	0.00431	0.03862	0.00330	0.00348
3	0.01818	0.00819	0.01040	0.00808	0.01123	0.00768	0.00655	0.16192	0.01368	0.59503	0.01604	0.01578	0.01095	0.08747	0.00628	0.00167	0.00406	0.00461	0.00507	0.00713
4	0.01111	0.01071	0.01676	0.18129	0.58845	0.04940	0.01299	0.04969	0.01056	0.01445	0.00836	0.01108	0.00683	0.00417	0.00442	0.00135	0.00555	0.00393	0.00228	0.00661
5	0.04985	0.00574	0.00727	0.00734	0.00878	0.00573	0.00601	0.01155	0.08002	0.10090	0.17171	0.08280	0.04642	0.04025	0.00607	0.00184	0.00349	0.35516	0.00435	0.00472
6	0.01253	0.01157	0.01574	0.01236	0.01567	0.05803	0.24033	0.19576	0.33366	0.01901	0.01329	0.01418	0.01006	0.00528	0.00475	0.00147	0.00530	0.02056	0.00372	0.00672
7	0.00590	0.00421	0.00514	0.00569	0.00634	0.00383	0.00387	0.00674	0.00896	0.03150	0.04548	0.51690	0.22569	0.09905	0.00733	0.00198	0.00271	0.01094	0.00405	0.00369
8	0.00614	0.00490	0.00602	0.00598	0.00681	0.00491	0.00439	0.00734	0.00976	0.01295	0.22212	0.21583	0.28908	0.07480	0.02603	0.00194	0.08416	0.00898	0.00398	0.00389
9	0.87439	0.00865	0.00657	0.00588	0.00865	0.01003	0.00484	0.01315	0.00761	0.02007	0.00623	0.00727	0.00484	0.00415	0.00277	0.00138	0.00346	0.00242	0.00277	0.00484
10	0.00945	0.00887	0.01228	0.54691	0.02413	0.04552	0.01059	0.01490	0.22290	0.01332	0.01080	0.01323	0.00820	0.00592	0.03322	0.00168	0.00562	0.00425	0.00270	0.00551
11	0.00572	0.00452	0.00515	0.00505	0.00632	0.00395	0.00377	0.00724	0.01114	0.01446	0.36001	0.07226	0.46339	0.01054	0.00530	0.00148	0.00222	0.00902	0.00447	0.00395
12	0.79076	0.00855	0.00695	0.00609	0.00892	0.00970	0.00501	0.01400	0.00812	0.09818	0.00735	0.00805	0.00545	0.00429	0.00294	0.00138	0.00349	0.00263	0.00304	0.00512
13	0.01553	0.01366	0.01419	0.01264	0.09254	0.19289	0.06176	0.37030	0.06565	0.07351	0.01032	0.01091	0.00764	0.00509	0.00477	0.00134	0.03291	0.00394	0.00362	0.00679
14	0.01116	0.31191	0.14564	0.00822	0.01159	0.06323	0.00804	0.03894	0.01074	0.09220	0.16020	0.01574	0.04501	0.03988	0.00475	0.00134	0.00456	0.00434	0.00307	0.01946
15	0.00834	0.07153	0.06830	0.00705	0.00904	0.04198	0.00579	0.03359	0.04423	0.02388	0.03923	0.17709	0.11345	0.15914	0.04058	0.00212	0.01965	0.00657	0.00322	0.12521

[dist]
# distance from previous block
# <min> <max>
0	1

[block]
# block no. 2 follows, 58 sequences, length 7
# corresponding to MSA columns:
# 52-58
name=unknown_C
#
# <colnr> <probs for GDERKNQSTAVLIFYWHMCP>
#	G	D	E	R	K	N	Q	S	T	A	V	L	I	F	Y	W	H	M	C	P
0	0.01061	0.01488	0.34139	0.01222	0.08220	0.00976	0.06368	0.11815	0.04178	0.05349	0.01118	0.01351	0.03707	0.08127	0.00631	0.00164	0.02628	0.00420	0.00277	0.06761
1	0.00964	0.00924	0.05785	0.15731	0.10720	0.02406	0.10977	0.05395	0.03605	0.04724	0.01128	0.08363	0.01014	0.05631	0.13999	0.00260	0.07053	0.00515	0.00270	0.00536
2	0.01001	0.01336	0.25297	0.01063	0.01438	0.01028	0.06473	0.01878	0.43533	0.01679	0.06101	0.01651	0.01293	0.00579	0.00462	0.00150	0.00468	0.03551	0.00360	0.00658
3	0.07425	0.01058	0.01127	0.00925	0.01225	0.01175	0.00745	0.41163	0.26701	0.06906	0.01395	0.05855	0.01074	0.00599	0.00445	0.00143	0.00419	0.00475	0.00442	0.00703
4	0.03730	0.01134	0.10344	0.01414	0.19574	0.00986	0.07795	0.18685	0.01320	0.21660	0.05729	0.01307	0.00995	0.00496	0.00448	0.00136	0.00491	0.00432	0.00368	0.02958
5	0.03864	0.12381	0.01416	0.01205	0.10314	0.40705	0.00865	0.10726	0.05886	0.04601	0.03386	0.01016	0.00791	0.00478	0.00403	0.00121	0.00622	0.00342	0.00285	0.00592
6	0.44708	0.21288	0.05850	0.00782	0.01097	0.17399	0.00695	0.01420	0.00908	0.01563	0.00647	0.00753	0.00529	0.00417	0.00313	0.00124	0.00488	0.00256	0.00242	0.00523

[dist]
# distance from previous block
# <min> <max>
0	2

[block]
# block no. 3 follows, 58 sequences, length 12
# corresponding to MSA columns:
# 61-72
name=unknown_D
#
# <colnr> <probs for GDERKNQSTAVLIFYWHMCP>
#	G	D	E	R	K	N	Q	S	T	A	V	L	I	F	Y	W	H	M	C	P
0	0.01035	0.01012	0.01216	0.10819	0.24061	0.12530	0.00915	0.01454	0.16585	0.01489	0.16225	0.06213	0.01588	0.00614	0.00484	0.00141	0.02181	0.00529	0.00327	0.00579
1	0.01021	0.06252	0.05801	0.16503	0.26144	0.02569	0.11997	0.01332	0.03818	0.01379	0.00849	0.01081	0.00680	0.00400	0.00421	0.00123	0.00535	0.00377	0.00232	0.18486
2	0.00642	0.00467	0.00654	0.00653	0.00713	0.00521	0.00479	0.00762	0.00722	0.01022	0.04253	0.02123	0.01367	0.24443	0.58437	0.00623	0.00961	0.00536	0.00257	0.00367
3	0.00686	0.00455	0.00573	0.00591	0.00693	0.00410	0.00430	0.00817	0.01035	0.07730	0.22630	0.36718	0.20495	0.01146	0.00543	0.00162	0.00255	0.03771	0.00446	0.00415
4	0.01072	0.01064	0.01539	0.27754	0.34477	0.08199	0.04739	0.01484	0.12506	0.01386	0.00958	0.01193	0.00755	0.00449	0.00446	0.00140	0.00561	0.00410	0.00249	0.00620
5	0.00639	0.00479	0.00719	0.00719	0.00799	0.00559	0.00559	0.00799	0.00719	0.01038	0.01198	0.01757	0.01118	0.03355	0.82507	0.00719	0.01198	0.00479	0.00240	0.00399
6	0.01647	0.01226	0.01265	0.00987	0.01332	0.07044	0.00806	0.58086	0.06085	0.09928	0.01134	0.01119	0.00806	0.00524	0.00438	0.00130	0.00487	0.00396	0.00431	0.06132
7	0.00553	0.00430	0.00503	0.00535	0.00632	0.00380	0.00382	0.00670	0.01003	0.01287	0.17215	0.33356	0.39071	0.01193	0.00544	0.00160	0.00236	0.01041	0.00429	0.00380
8	0.02007	0.00761	0.01038	0.00796	0.01142	0.00657	0.00657	0.02180	0.01280	0.81799	0.01765	0.01523	0.01107	0.00554	0.00450	0.00138	0.00381	0.00450	0.00554	0.00761
9	0.00963	0.00683	0.00802	0.00688	0.00872	0.00692	0.00539	0.22718	0.01476	0.04113	0.50867	0.02676	0.07216	0.00802	0.00498	0.00138	0.00294	0.00684	0.02757	0.00522
10	0.05227	0.05942	0.01903	0.01464	0.04223	0.32436	0.34486	0.04417	0.01144	0.01352	0.00792	0.00992	0.00627	0.00428	0.00474	0.00134	0.02759	0.00396	0.00235	0.00570
11	0.06445	0.05342	0.01237	0.19025	0.03885	0.00933	0.04732	0.08183	0.05234	0.01537	0.02948	0.01098	0.00770	0.00433	0.00427	0.00114	0.03474	0.00352	0.00274	0.33557

[dist]
# distance from previous block
# <min> <max>
3	12

[block]
# block no. 4 follows, 58 sequences, length 11
# corresponding to MSA columns:
# 102-112
name=unknown_E
#
# <colnr> <probs for GDERKNQSTAVLIFYWHMCP>
#	G	D	E	R	K	N	Q	S	T	A	V	L	I	F	Y	W	H	M	C	P
0	0.00981	0.00941	0.07438	0.00828	0.01165	0.02410	0.05939	0.08356	0.03717	0.03877	0.13096	0.03106	0.06300	0.00542	0.00435	0.00110	0.01692	0.00458	0.00332	0.38277
1	0.01223	0.00833	0.00957	0.00805	0.01086	0.00851	0.00635	0.01955	0.41298	0.19176	0.10589	0.01703	0.01515	0.00584	0.00442	0.00133	0.00340	0.00488	0.00449	0.14937
2	0.01477	0.14334	0.03517	0.08238	0.01496	0.27784	0.00887	0.28166	0.06898	0.01738	0.00900	0.00980	0.00694	0.00483	0.00408	0.00125	0.00596	0.00345	0.00309	0.00624
3	0.00761	0.00394	0.00571	0.00571	0.00571	0.00394	0.00374	0.00591	0.00591	0.00789	0.00858	0.01559	0.00885	0.12084	0.01816	0.75968	0.00394	0.00422	0.00204	0.00204
4	0.00630	0.00455	0.00581	0.00581	0.00633	0.00479	0.00401	0.00712	0.00726	0.00983	0.01718	0.02611	0.11555	0.39670	0.35788	0.00518	0.00729	0.00616	0.00276	0.00339
5	0.01444	0.01634	0.01316	0.16212	0.03326	0.47285	0.02521	0.11575	0.02666	0.01363	0.00787	0.00950	0.00625	0.00473	0.00450	0.00126	0.03128	0.00336	0.00256	0.03527
6	0.00590	0.00455	0.00540	0.00529	0.00649	0.00405	0.00397	0.00757	0.01144	0.01521	0.45158	0.06975	0.35005	0.01030	0.00532	0.00148	0.00225	0.03083	0.00456	0.00402
7	0.01202	0.00990	0.08079	0.00880	0.01167	0.00942	0.00754	0.10384	0.38526	0.13815	0.12037	0.01910	0.03358	0.00649	0.00468	0.00147	0.00381	0.03201	0.00448	0.00663
8	0.01028	0.00599	0.00720	0.00625	0.00802	0.00580	0.00488	0.11168	0.01297	0.14711	0.38616	0.02445	0.05525	0.00734	0.00460	0.00132	0.00274	0.00622	0.18659	0.00517
9	0.00662	0.00430	0.00496	0.00496	0.00496	0.00430	0.00281	0.00645	0.00645	0.00859	0.01354	0.02790	0.01552	0.77019	0.02230	0.08029	0.00430	0.00628	0.00264	0.00264
10	0.01444	0.23837	0.11816	0.01038	0.01378	0.39553	0.00927	0.07920	0.03350	0.03732	0.00781	0.00867	0.00627	0.00449	0.00382	0.00117	0.00651	0.00301	0.00248	0.00583

[dist]
# distance from previous block
# <min> <max>
0	2

[block]
# block no. 5 follows, 58 sequences, length 7
# corresponding to MSA columns:
# 115-121
name=unknown_F
#
# <colnr> <probs for GDERKNQSTAVLIFYWHMCP>
#	G	D	E	R	K	N	Q	S	T	A	V	L	I	F	Y	W	H	M	C	P
0	0.01111	0.01200	0.11530	0.05316	0.01867	0.01092	0.36516	0.05296	0.03447	0.08613	0.00965	0.01203	0.00733	0.00639	0.04962	0.00185	0.14001	0.00460	0.00263	0.00601
1	0.00680	0.00469	0.00559	0.00560	0.00683	0.00418	0.00419	0.00814	0.01045	0.07058	0.19752	0.17249	0.36168	0.05199	0.00623	0.00171	0.00265	0.07025	0.00434	0.00409
2	0.01380	0.19603	0.09258	0.01225	0.04878	0.24504	0.14447	0.07393	0.03708	0.08206	0.00885	0.00989	0.00682	0.00442	0.00412	0.00125	0.00628	0.00356	0.00268	0.00611
3	0.00844	0.00626	0.00786	0.04987	0.08412	0.03142	0.00538	0.04630	0.00826	0.04740	0.01266	0.02245	0.01301	0.47570	0.15858	0.00404	0.00597	0.00552	0.00277	0.00399
4	0.00749	0.00465	0.00613	0.00663	0.00734	0.00444	0.00487	0.00853	0.00899	0.08743	0.02163	0.39868	0.02419	0.17867	0.00913	0.00234	0.00345	0.20746	0.00399	0.00395
5	0.01090	0.01640	0.34550	0.01236	0.04878	0.08034	0.07960	0.08767	0.19585	0.01611	0.01152	0.05510	0.00912	0.00527	0.00449	0.00144	0.00569	0.00443	0.00294	0.00650
6	0.01196	0.01422	0.12037	0.03744	0.27934	0.16992	0.16490	0.04103	0.01111	0.03739	0.04598	0.01161	0.00831	0.00452	0.00474	0.00136	0.02294	0.00414	0.00249	0.00625

[dist]
# distance from previous block
# <min> <max>
0	1

[block]
# block no. 6 follows, 58 sequences, length 14
# corresponding to MSA columns:
# 124-137
name=unknown_G
#
# <colnr> <probs for GDERKNQSTAVLIFYWHMCP>
#	G	D	E	R	K	N	Q	S	T	A	V	L	I	F	Y	W	H	M	C	P
0	0.00598	0.00420	0.00539	0.00594	0.00651	0.00395	0.00417	0.00717	0.00958	0.01313	0.20315	0.46734	0.06814	0.07177	0.00671	0.00187	0.00267	0.06032	0.04824	0.00377
1	0.08434	0.00971	0.01447	0.31788	0.27297	0.04418	0.04580	0.03627	0.01007	0.06614	0.00866	0.01115	0.00666	0.00430	0.00427	0.00136	0.00540	0.00383	0.00249	0.05003
2	0.02602	0.00908	0.01379	0.03843	0.45210	0.00900	0.01013	0.03857	0.06804	0.01598	0.15790	0.01534	0.01395	0.00507	0.00443	0.00128	0.00433	0.00464	0.00301	0.10892
3	0.87439	0.00865	0.00657	0.00588	0.00865	0.01003	0.00484	0.01315	0.00761	0.02007	0.00623	0.00727	0.00484	0.00415	0.00277	0.00138	0.00346	0.00242	0.00277	0.00484
4	0.01638	0.01071	0.01178	0.02874	0.01299	0.12228	0.04132	0.19359	0.07134	0.34457	0.04299	0.01576	0.01139	0.00582	0.00459	0.00140	0.00480	0.04832	0.00445	0.00679
5	0.00890	0.00769	0.01290	0.02615	0.18381	0.00736	0.15547	0.01139	0.04327	0.04795	0.03485	0.30812	0.01714	0.00814	0.00508	0.00154	0.00436	0.04509	0.00334	0.06745
6	0.00604	0.00448	0.00567	0.00580	0.00678	0.00411	0.00434	0.00769	0.01113	0.01506	0.42977	0.20289	0.18220	0.01087	0.00546	0.00157	0.00244	0.08517	0.00454	0.00401
7	0.00692	0.00560	0.00785	0.00763	0.00828	0.00662	0.00598	0.00828	0.00786	0.01109	0.04939	0.08030	0.07136	0.06777	0.42485	0.00469	0.15685	0.06180	0.00282	0.00406
8	0.00682	0.00466	0.00604	0.00570	0.00684	0.00426	0.00427	0.00877	0.01226	0.05241	0.68184	0.08345	0.08685	0.00942	0.00527	0.00144	0.00222	0.00830	0.00486	0.00431
9	0.01008	0.17503	0.57213	0.01148	0.01706	0.05342	0.01380	0.01490	0.06683	0.01365	0.00837	0.00947	0.00626	0.00432	0.00400	0.00132	0.00612	0.00324	0.00211	0.00641
10	0.12265	0.00709	0.00882	0.00706	0.00996	0.00653	0.00576	0.01835	0.01172	0.56196	0.07253	0.01573	0.01258	0.00558	0.00417	0.00134	0.00343	0.00446	0.11369	0.00660
11	0.01261	0.38697	0.04992	0.05148	0.01365	0.15814	0.04856	0.03781	0.06715	0.05778	0.00916	0.04942	0.00788	0.00491	0.00404	0.00121	0.02730	0.00364	0.00258	0.00578
12	0.01229	0.00609	0.00791	0.00673	0.00902	0.00526	0.00525	0.01387	0.01138	0.36125	0.16518	0.17340	0.10174	0.00813	0.00483	0.00141	0.00307	0.00699	0.00474	0.09147
13	0.01241	0.01044	0.05332	0.21035	0.10210	0.01053	0.10310	0.19305	0.09053	0.10856	0.05188	0.01340	0.00971	0.00505	0.00460	0.00142	0.00520	0.00448	0.00341	0.00646

[dist]
# distance from previous block
# <min> <max>
0	1

[block]
# block no. 7 follows, 58 sequences, length 11
# corresponding to MSA columns:
# 139-149
name=unknown_H
#
# <colnr> <probs for GDERKNQSTAVLIFYWHMCP>
#	G	D	E	R	K	N	Q	S	T	A	V	L	I	F	Y	W	H	M	C	P
0	0.01147	0.01233	0.01515	0.01222	0.01497	0.24127	0.27061	0.01444	0.06478	0.03853	0.09770	0.07026	0.03659	0.00622	0.00490	0.00143	0.00596	0.05678	0.00312	0.02127
1	0.00985	0.05458	0.06264	0.25965	0.05727	0.03789	0.09284	0.08127	0.08363	0.01385	0.01008	0.01322	0.00818	0.03159	0.16157	0.00259	0.00694	0.00428	0.00258	0.00551
2	0.01114	0.01000	0.01320	0.05329	0.15154	0.07489	0.10070	0.09610	0.13405	0.04357	0.11764	0.03292	0.02254	0.01712	0.00488	0.00140	0.00474	0.02714	0.00344	0.07970
3	0.00662	0.00504	0.00652	0.00635	0.00717	0.00523	0.00461	0.00803	0.02521	0.01191	0.14141	0.14399	0.07702	0.19530	0.24139	0.00373	0.04650	0.00701	0.00328	0.05370
4	0.01050	0.04160	0.49556	0.01112	0.01614	0.05667	0.03269	0.05097	0.04545	0.07781	0.06454	0.01363	0.05339	0.00519	0.00439	0.00139	0.00570	0.00416	0.00277	0.00632
5	0.03879	0.31628	0.01733	0.16990	0.13204	0.08404	0.00953	0.11602	0.05087	0.01432	0.00812	0.00967	0.00659	0.00436	0.00379	0.00122	0.00529	0.00332	0.00250	0.00602
6	0.01021	0.06593	0.50600	0.06110	0.01781	0.01018	0.03918	0.02971	0.04462	0.07000	0.00911	0.01027	0.00659	0.00431	0.00415	0.00132	0.00579	0.00346	0.00241	0.09784
7	0.01262	0.42301	0.18162	0.00922	0.01331	0.06312	0.00946	0.08438	0.01088	0.09263	0.00916	0.01130	0.00757	0.00476	0.00372	0.00120	0.00523	0.04804	0.00264	0.00614
8	0.61115	0.00979	0.00818	0.00748	0.02766	0.05529	0.00585	0.06414	0.14168	0.01973	0.00859	0.00918	0.00658	0.00457	0.00328	0.00139	0.00386	0.00302	0.00313	0.00546
9	0.06439	0.08922	0.20901	0.05348	0.11155	0.01230	0.01093	0.23500	0.08226	0.01821	0.00930	0.01045	0.00707	0.00491	0.00488	0.00139	0.06242	0.00368	0.00295	0.00660
10	0.08446	0.01153	0.01531	0.13826	0.34368	0.12184	0.05874	0.06316	0.01082	0.05894	0.00853	0.01068	0.00673	0.00449	0.00478	0.00138	0.04407	0.00381	0.00255	0.00622

[dist]
# distance from previous block
# <min> <max>
1	2

[block]
# block no. 8 follows, 58 sequences, length 21
# corresponding to MSA columns:
# 152-172
name=unknown_I
#
# <colnr> <probs for GDERKNQSTAVLIFYWHMCP>
#	G	D	E	R	K	N	Q	S	T	A	V	L	I	F	Y	W	H	M	C	P
0	0.02967	0.00840	0.00962	0.00840	0.01051	0.00939	0.02221	0.14020	0.32783	0.01720	0.04124	0.01860	0.07693	0.06808	0.13186	0.00254	0.03882	0.00523	0.00382	0.02946
1	0.02996	0.02819	0.03774	0.07694	0.01344	0.07367	0.00799	0.28465	0.17331	0.01934	0.08205	0.03485	0.02177	0.00808	0.06675	0.00185	0.02476	0.00474	0.00376	0.00619
2	0.00671	0.00520	0.00617	0.00649	0.00746	0.00522	0.00463	0.00997	0.16922	0.01350	0.09992	0.46150	0.14113	0.01161	0.00568	0.02422	0.00272	0.01004	0.00425	0.00436
3	0.01491	0.01254	0.01339	0.01135	0.04863	0.12708	0.06071	0.44567	0.07197	0.04343	0.03253	0.01469	0.01010	0.00579	0.00462	0.00140	0.00530	0.06519	0.00394	0.00674
4	0.00569	0.00405	0.00526	0.00607	0.00638	0.00384	0.00406	0.00647	0.00845	0.01127	0.04492	0.64118	0.04769	0.12917	0.02738	0.00228	0.00308	0.03527	0.00393	0.00355
5	0.00687	0.00541	0.00697	0.03842	0.05742	0.00531	0.00507	0.00936	0.06688	0.01516	0.41557	0.03072	0.17625	0.09675	0.04269	0.00199	0.00325	0.00741	0.00414	0.00438
6	0.01056	0.01207	0.02640	0.01885	0.02338	0.01131	0.79864	0.01433	0.01056	0.01433	0.00905	0.01207	0.00679	0.00377	0.00528	0.00151	0.00754	0.00528	0.00226	0.00603
7	0.01205	0.06878	0.01444	0.16118	0.17204	0.07252	0.03860	0.17443	0.17365	0.01694	0.01169	0.02595	0.02778	0.00514	0.00441	0.00138	0.00513	0.00433	0.00317	0.00640
8	0.04590	0.11586	0.06491	0.05663	0.03527	0.11626	0.00893	0.23163	0.07062	0.01727	0.01131	0.01616	0.00986	0.00613	0.00503	0.00144	0.05638	0.12116	0.00324	0.00600
9	0.00699	0.00486	0.00577	0.00563	0.00646	0.00477	0.00389	0.03891	0.00891	0.03932	0.08442	0.10179	0.20084	0.33503	0.12973	0.00342	0.00464	0.00744	0.00347	0.00370
10	0.01205	0.26043	0.15315	0.01172	0.07866	0.18640	0.04133	0.06527	0.01066	0.01295	0.00859	0.06974	0.00776	0.00518	0.00463	0.00128	0.05817	0.00386	0.00237	0.00580
11	0.00709	0.00573	0.00763	0.05722	0.07050	0.00555	0.00572	0.00954	0.06406	0.01441	0.25190	0.22423	0.11760	0.01015	0.03524	0.00168	0.00333	0.02325	0.00393	0.08126
12	0.00728	0.00478	0.00610	0.00606	0.00724	0.00425	0.00439	0.00863	0.01029	0.08683	0.23716	0.39625	0.11880	0.01084	0.00526	0.00155	0.00259	0.00961	0.00438	0.06773
13	0.01065	0.00899	0.01363	0.29849	0.18482	0.00979	0.05351	0.14987	0.03036	0.04515	0.04426	0.06589	0.05369	0.00572	0.00466	0.00145	0.00503	0.00511	0.00304	0.00590
14	0.09770	0.04114	0.00950	0.00861	0.03955	0.21714	0.00617	0.08461	0.00986	0.01276	0.00989	0.01536	0.00946	0.20792	0.15705	0.05530	0.00666	0.00422	0.00263	0.00448
15	0.24233	0.04005	0.01020	0.04967	0.08246	0.03826	0.00667	0.04166	0.00961	0.07749	0.00909	0.04276	0.00755	0.00551	0.03381	0.00135	0.00428	0.00344	0.00291	0.29092
16	0.04843	0.00996	0.01517	0.09859	0.54338	0.05106	0.01161	0.01315	0.01000	0.04405	0.01038	0.10475	0.00951	0.00526	0.00449	0.00139	0.00507	0.00487	0.00257	0.00632
17	0.01961	0.00981	0.06194	0.22778	0.19333	0.02028	0.04472	0.07126	0.04180	0.05788	0.02722	0.04491	0.03006	0.00544	0.00471	0.00141	0.01947	0.03896	0.00287	0.07656
18	0.00985	0.07109	0.30901	0.06481	0.04066	0.00981	0.06696	0.03135	0.08475	0.04899	0.04907	0.07114	0.01039	0.00538	0.00463	0.00137	0.02639	0.00454	0.00278	0.08704
19	0.04351	0.09758	0.45525	0.01041	0.01530	0.01025	0.01192	0.09170	0.01070	0.06116	0.02933	0.07414	0.02373	0.00534	0.00421	0.00136	0.00536	0.00424	0.00271	0.04181
20	0.10954	0.07006	0.19822	0.03956	0.01399	0.00994	0.05338	0.07611	0.12988	0.07762	0.05974	0.04537	0.01067	0.00525	0.00417	0.00134	0.00462	0.00429	0.00323	0.08302

[dist]
# distance from previous block
# <min> <max>
0	23

# created by:
# /st0/software/busco_prod/Augustus/scripts/msa2prfl.pl ./align_prep/39726.fa
