[name]
unknown

[dist]
# distance from previous block
# <min> <max>
9	95

[block]
# block no. 0 follows, 60 sequences, length 66
# corresponding to MSA columns:
# 150-215
name=unknown_A
#
# <colnr> <probs for GDERKNQSTAVLIFYWHMCP>
#	G	D	E	R	K	N	Q	S	T	A	V	L	I	F	Y	W	H	M	C	P
0	0.07174	0.08087	0.03865	0.01986	0.11901	0.05930	0.06333	0.11496	0.04931	0.09204	0.03610	0.02541	0.06202	0.08292	0.00634	0.00160	0.04628	0.00452	0.00313	0.02262
1	0.04276	0.08201	0.02474	0.05731	0.08640	0.12775	0.07599	0.14114	0.08257	0.05388	0.04707	0.03207	0.00947	0.02336	0.00526	0.00138	0.06145	0.00416	0.00304	0.03819
2	0.08666	0.13642	0.03439	0.10295	0.12881	0.08288	0.05486	0.10453	0.05929	0.10899	0.00940	0.01050	0.00713	0.00459	0.00416	0.01589	0.00500	0.00356	0.00291	0.03707
3	0.14473	0.06121	0.04301	0.05341	0.14470	0.04828	0.01671	0.08713	0.09303	0.07750	0.03136	0.02676	0.02026	0.04098	0.06089	0.00185	0.03530	0.00411	0.00304	0.00573
4	0.07258	0.05230	0.05460	0.01116	0.10765	0.10945	0.06916	0.11144	0.09901	0.05259	0.01196	0.04963	0.03470	0.10170	0.00654	0.02049	0.00490	0.00456	0.00305	0.02252
5	0.02396	0.04023	0.01269	0.03632	0.08958	0.14895	0.04670	0.17103	0.11966	0.06124	0.04300	0.01282	0.03505	0.00559	0.01659	0.00137	0.04819	0.00409	0.00328	0.07965
6	0.03734	0.03771	0.04183	0.01250	0.13286	0.08849	0.04624	0.21656	0.02455	0.09486	0.01029	0.01137	0.03290	0.00524	0.00575	0.00135	0.13441	0.00388	0.00312	0.05875
7	0.03790	0.03056	0.00867	0.03338	0.02189	0.00765	0.00584	0.07992	0.17830	0.12968	0.04984	0.16571	0.11261	0.08013	0.00652	0.00172	0.03378	0.00660	0.00398	0.00532
8	0.26691	0.00901	0.02021	0.07237	0.10434	0.03440	0.06123	0.03380	0.04743	0.22063	0.01081	0.03090	0.00812	0.02515	0.00434	0.00141	0.00433	0.00387	0.00335	0.03739
9	0.01151	0.00874	0.01137	0.00999	0.06539	0.00881	0.08097	0.21503	0.12808	0.09358	0.04043	0.10128	0.10956	0.00659	0.00458	0.00136	0.00399	0.00572	0.00390	0.08915
10	0.03879	0.04511	0.03604	0.00652	0.00832	0.00574	0.03023	0.02707	0.00880	0.01240	0.03735	0.27205	0.10119	0.15200	0.00756	0.00183	0.00341	0.01749	0.00324	0.18484
11	0.03879	0.01075	0.01571	0.02078	0.52973	0.08654	0.05847	0.04976	0.01038	0.02566	0.00960	0.01194	0.03062	0.00667	0.07415	0.00178	0.00593	0.00404	0.00240	0.00629
12	0.03001	0.00870	0.03650	0.00812	0.04697	0.13721	0.00616	0.01148	0.05530	0.03249	0.34912	0.03625	0.07404	0.00747	0.00469	0.00134	0.00371	0.07346	0.00381	0.07317
13	0.05035	0.51996	0.08956	0.00742	0.01113	0.01313	0.00736	0.01213	0.00892	0.01178	0.00956	0.03114	0.06174	0.00445	0.00322	0.00100	0.00431	0.00318	0.00222	0.14745
14	0.01157	0.11950	0.04915	0.02042	0.48190	0.12916	0.08342	0.01418	0.02561	0.01326	0.00795	0.01002	0.00660	0.00398	0.00414	0.00125	0.00571	0.00364	0.00217	0.00636
15	0.12289	0.10372	0.01117	0.00779	0.04849	0.00800	0.02964	0.01166	0.00889	0.01446	0.00739	0.00872	0.00616	0.00344	0.00322	0.00083	0.00363	0.00266	0.00249	0.59476
16	0.00963	0.01197	0.20010	0.01490	0.15091	0.00895	0.21809	0.03795	0.01030	0.04300	0.01279	0.03207	0.01174	0.00626	0.00496	0.00156	0.00563	0.21062	0.00280	0.00577
17	0.00565	0.00407	0.00551	0.00643	0.00686	0.00393	0.00461	0.00667	0.00852	0.01136	0.02317	0.64209	0.03813	0.01494	0.07332	0.00223	0.00351	0.13145	0.00390	0.00365
18	0.00658	0.00484	0.00699	0.00773	0.00860	0.00474	0.03150	0.00824	0.00950	0.01246	0.02294	0.30404	0.02572	0.01230	0.00585	0.00191	0.00364	0.51452	0.00397	0.00392
19	0.00524	0.00421	0.00464	0.00497	0.00600	0.00365	0.00354	0.00620	0.00932	0.01148	0.03673	0.30444	0.53674	0.03528	0.00577	0.00165	0.00237	0.01017	0.00401	0.00361
20	0.01581	0.00877	0.06897	0.00923	0.01266	0.00715	0.10926	0.01838	0.03747	0.54455	0.10639	0.01611	0.01342	0.00550	0.00455	0.00137	0.00418	0.00482	0.00464	0.00676
21	0.00631	0.00421	0.00477	0.00480	0.00481	0.00420	0.00269	0.00633	0.00642	0.00855	0.01412	0.05817	0.01633	0.81645	0.02159	0.00414	0.00417	0.00656	0.00269	0.00268
22	0.01085	0.00937	0.00986	0.00888	0.01134	0.01085	0.00690	0.02318	0.81164	0.01824	0.01775	0.01627	0.01331	0.00592	0.00444	0.00148	0.00345	0.00493	0.00444	0.00690
23	0.00813	0.00407	0.00407	0.00407	0.00508	0.00407	0.00305	0.01016	0.00915	0.01626	0.01423	0.01626	0.01118	0.00508	0.00305	0.00102	0.00203	0.00407	0.87093	0.00407
24	0.01235	0.01330	0.01604	0.02202	0.57556	0.24237	0.01186	0.01472	0.02608	0.01331	0.00797	0.01007	0.00667	0.00410	0.00421	0.00125	0.00591	0.00360	0.00223	0.00638
25	0.00987	0.00934	0.01555	0.02223	0.63480	0.00916	0.03441	0.01229	0.01008	0.01424	0.06856	0.01522	0.08523	0.00488	0.00444	0.00130	0.00468	0.00466	0.00254	0.03654
26	0.00813	0.00407	0.00407	0.00407	0.00508	0.00407	0.00305	0.01016	0.00915	0.01626	0.01423	0.01626	0.01118	0.00508	0.00305	0.00102	0.00203	0.00407	0.87093	0.00407
27	0.03144	0.38174	0.09481	0.01015	0.01368	0.28168	0.07597	0.04219	0.01054	0.01184	0.00684	0.00802	0.00573	0.00407	0.00355	0.00111	0.00609	0.00287	0.00212	0.00557
28	0.01129	0.02567	0.04863	0.00978	0.01200	0.12357	0.00800	0.01959	0.51238	0.01553	0.01351	0.01347	0.01046	0.00590	0.00603	0.00149	0.14859	0.00432	0.00354	0.00624
29	0.00824	0.00775	0.01308	0.83624	0.03004	0.00969	0.01211	0.01114	0.00872	0.01114	0.00775	0.01163	0.00581	0.00436	0.00436	0.00145	0.00581	0.00388	0.00194	0.00484
30	0.01658	0.01222	0.01309	0.01003	0.01353	0.01353	0.00829	0.80497	0.02051	0.02749	0.01047	0.01047	0.00742	0.00524	0.00436	0.00131	0.00480	0.00393	0.00436	0.00742
31	0.03421	0.01166	0.01295	0.03638	0.01395	0.01289	0.02749	0.66819	0.07568	0.04581	0.01094	0.01099	0.00779	0.00520	0.00435	0.00133	0.00474	0.00400	0.00423	0.00720
32	0.00954	0.00954	0.01336	0.01145	0.01145	0.01336	0.00954	0.01050	0.00668	0.01050	0.00573	0.00954	0.00573	0.00763	0.01431	0.00191	0.83874	0.00382	0.00191	0.00477
33	0.01157	0.01062	0.01200	0.01005	0.01258	0.12658	0.11436	0.04639	0.38555	0.06322	0.12672	0.01632	0.01470	0.00582	0.00477	0.00141	0.02236	0.00498	0.00387	0.00611
34	0.00626	0.00465	0.00570	0.00614	0.00709	0.00440	0.00487	0.00758	0.00934	0.01185	0.05028	0.04227	0.28061	0.17796	0.00894	0.00226	0.00342	0.35897	0.00378	0.00364
35	0.01609	0.01198	0.01282	0.00994	0.01334	0.01330	0.00817	0.73880	0.08747	0.02670	0.01109	0.01096	0.00792	0.00529	0.00437	0.00132	0.00469	0.00401	0.00437	0.00737
36	0.01074	0.01031	0.01760	0.04423	0.80249	0.01035	0.01336	0.01334	0.00990	0.01418	0.00819	0.01081	0.00688	0.00390	0.00432	0.00130	0.00519	0.00389	0.00215	0.00686
37	0.01004	0.01123	0.02361	0.01717	0.02093	0.01103	0.68560	0.01330	0.00982	0.01348	0.00900	0.04048	0.00729	0.00447	0.00620	0.00153	0.10166	0.00525	0.00224	0.00567
38	0.11685	0.00788	0.00991	0.00769	0.01100	0.00730	0.00635	0.07626	0.01248	0.67452	0.01546	0.01365	0.00986	0.00523	0.00419	0.00135	0.00375	0.00412	0.00502	0.00712
39	0.00623	0.00467	0.00701	0.00701	0.00779	0.00545	0.00545	0.00779	0.00701	0.01012	0.01168	0.01713	0.01090	0.03271	0.82944	0.00701	0.01168	0.00467	0.00234	0.00389
40	0.00998	0.08958	0.12037	0.00998	0.01280	0.03067	0.07489	0.02667	0.34300	0.01474	0.02784	0.01369	0.01032	0.00907	0.11666	0.00218	0.07413	0.00435	0.00313	0.00596
41	0.08433	0.01095	0.01469	0.04804	0.39107	0.08889	0.01087	0.04601	0.00946	0.01377	0.00729	0.00988	0.00626	0.00506	0.00688	0.00146	0.23331	0.00364	0.00223	0.00591
42	0.87753	0.00843	0.00641	0.00574	0.00843	0.00978	0.00472	0.01282	0.00742	0.01957	0.00607	0.00709	0.00472	0.00405	0.00270	0.00135	0.00337	0.00236	0.00270	0.00472
43	0.01171	0.00980	0.01035	0.00905	0.01167	0.01125	0.00711	0.14051	0.69290	0.01963	0.01666	0.01540	0.01243	0.00581	0.00443	0.00145	0.00365	0.00478	0.00443	0.00698
44	0.00614	0.00446	0.00579	0.00545	0.00650	0.00410	0.00409	0.00817	0.01227	0.01731	0.79305	0.03287	0.06542	0.00898	0.00514	0.00137	0.00206	0.00793	0.00478	0.00410
45	0.00565	0.00403	0.00522	0.00598	0.00651	0.00372	0.00417	0.00662	0.00897	0.02255	0.08348	0.63728	0.11892	0.01282	0.00550	0.00172	0.00256	0.05648	0.00412	0.00368
46	0.00576	0.00439	0.00475	0.00466	0.00596	0.00384	0.00349	0.00722	0.01048	0.01379	0.24444	0.03658	0.52149	0.00981	0.00491	0.00139	0.00215	0.00827	0.10276	0.00384
47	0.01048	0.01249	0.10257	0.01658	0.05405	0.01099	0.55764	0.04651	0.11378	0.01505	0.00991	0.01200	0.00741	0.00408	0.00489	0.00145	0.00657	0.00483	0.00254	0.00617
48	0.00813	0.00407	0.00407	0.00407	0.00508	0.00407	0.00305	0.01016	0.00915	0.01626	0.01423	0.01626	0.01118	0.00508	0.00305	0.00102	0.00203	0.00407	0.87093	0.00407
49	0.00904	0.00775	0.00904	0.00646	0.01034	0.00581	0.00517	0.01098	0.00904	0.01421	0.00775	0.00904	0.00646	0.00323	0.00323	0.00065	0.00323	0.00258	0.00258	0.87339
50	0.51065	0.02109	0.03025	0.01008	0.10777	0.01076	0.05101	0.13582	0.02564	0.01922	0.00742	0.00863	0.00574	0.00436	0.00378	0.00136	0.03492	0.00307	0.00284	0.00556
51	0.00813	0.00407	0.00407	0.00407	0.00508	0.00407	0.00305	0.01016	0.00915	0.01626	0.01423	0.01626	0.01118	0.00508	0.00305	0.00102	0.00203	0.00407	0.87093	0.00407
52	0.01090	0.02177	0.01808	0.04400	0.59697	0.03573	0.11787	0.02473	0.04438	0.01425	0.00859	0.01101	0.00704	0.00407	0.00460	0.00133	0.02175	0.00404	0.00228	0.00661
53	0.05852	0.01629	0.01149	0.01001	0.01243	0.50244	0.00769	0.19547	0.01378	0.03120	0.06524	0.01095	0.00891	0.03129	0.00463	0.00130	0.00634	0.00354	0.00301	0.00548
54	0.00824	0.00775	0.01308	0.83624	0.03004	0.00969	0.01211	0.01114	0.00872	0.01114	0.00775	0.01163	0.00581	0.00436	0.00436	0.00145	0.00581	0.00388	0.00194	0.00484
55	0.00954	0.00954	0.01336	0.01145	0.01145	0.01336	0.00954	0.01050	0.00668	0.01050	0.00573	0.00954	0.00573	0.00763	0.01431	0.00191	0.83874	0.00382	0.00191	0.00477
56	0.00531	0.00380	0.00506	0.00607	0.00633	0.00354	0.00405	0.00607	0.00835	0.01113	0.02404	0.84388	0.02885	0.01366	0.00557	0.00177	0.00253	0.01240	0.00405	0.00354
57	0.00524	0.00444	0.00454	0.00455	0.00600	0.00373	0.00344	0.00640	0.01002	0.01200	0.06775	0.04188	0.77130	0.01101	0.00518	0.00148	0.00225	0.03101	0.00407	0.00370
58	0.01903	0.00828	0.01065	0.00817	0.01156	0.00768	0.00675	0.16151	0.01392	0.68025	0.01600	0.01406	0.01019	0.00537	0.00438	0.00134	0.00391	0.00430	0.00521	0.00742
59	0.01166	0.84935	0.02285	0.00746	0.01119	0.01726	0.00746	0.01306	0.00886	0.01026	0.00606	0.00700	0.00560	0.00373	0.00280	0.00093	0.00466	0.00233	0.00187	0.00560
60	0.01113	0.01218	0.01312	0.01140	0.01193	0.20505	0.00928	0.01212	0.00801	0.01054	0.00596	0.00915	0.00570	0.00690	0.01187	0.00172	0.64352	0.00358	0.00199	0.00484
61	0.00551	0.00393	0.00528	0.00630	0.00663	0.00371	0.00439	0.00641	0.00854	0.01135	0.02393	0.75357	0.02842	0.01348	0.00562	0.00180	0.00270	0.10078	0.00404	0.00360
62	0.18330	0.01020	0.01534	0.02225	0.64099	0.02773	0.01156	0.01336	0.00948	0.01523	0.00775	0.00999	0.00645	0.00393	0.00399	0.00130	0.00488	0.00356	0.00227	0.00643
63	0.00539	0.00438	0.00449	0.00449	0.00567	0.00379	0.00318	0.00628	0.00923	0.01112	0.03813	0.03930	0.65826	0.17725	0.00854	0.00202	0.00261	0.00864	0.00377	0.00348
64	0.00674	0.00441	0.00508	0.00507	0.00539	0.00431	0.00315	0.00705	0.00715	0.03743	0.01733	0.03079	0.09000	0.68039	0.01884	0.00371	0.00401	0.06316	0.00297	0.00300
65	0.02586	0.03650	0.09097	0.17967	0.04882	0.10977	0.11730	0.27276	0.01330	0.02872	0.00870	0.01035	0.00648	0.00461	0.00458	0.00135	0.02745	0.00381	0.00286	0.00613

[dist]
# distance from previous block
# <min> <max>
2	4

[block]
# block no. 1 follows, 60 sequences, length 10
# corresponding to MSA columns:
# 221-230
name=unknown_B
#
# <colnr> <probs for GDERKNQSTAVLIFYWHMCP>
#	G	D	E	R	K	N	Q	S	T	A	V	L	I	F	Y	W	H	M	C	P
0	0.04147	0.01142	0.01518	0.16485	0.29487	0.07872	0.01137	0.09356	0.01082	0.01506	0.00869	0.01177	0.00736	0.00582	0.00714	0.00167	0.20703	0.00410	0.00270	0.00640
1	0.00577	0.00429	0.00490	0.00495	0.00571	0.00393	0.00335	0.00668	0.00910	0.01183	0.19445	0.13020	0.30303	0.28031	0.01070	0.00238	0.00287	0.00838	0.00375	0.00342
2	0.01278	0.10622	0.01243	0.00992	0.03491	0.21953	0.00765	0.08298	0.43307	0.01606	0.01280	0.01248	0.00985	0.00520	0.00412	0.00131	0.00486	0.00399	0.00352	0.00633
3	0.00536	0.00412	0.00491	0.00535	0.00618	0.00367	0.00377	0.00642	0.00947	0.01218	0.13138	0.42839	0.33906	0.01204	0.00535	0.00160	0.00235	0.01058	0.00414	0.00367
4	0.01031	0.01728	0.47081	0.01497	0.10308	0.01004	0.20802	0.01447	0.00984	0.08648	0.00895	0.01051	0.00641	0.00411	0.00443	0.00139	0.00629	0.00387	0.00228	0.00644
5	0.01123	0.57168	0.17849	0.00957	0.01389	0.01484	0.09186	0.01359	0.00921	0.04015	0.00709	0.00820	0.00587	0.00386	0.00336	0.00109	0.00526	0.00287	0.00202	0.00586
6	0.00551	0.00441	0.00523	0.00532	0.00645	0.00413	0.00398	0.00677	0.00924	0.01177	0.09601	0.12564	0.47110	0.01642	0.20485	0.00284	0.00453	0.00836	0.00370	0.00375
7	0.00567	0.00413	0.00543	0.00633	0.00688	0.00388	0.00463	0.00674	0.00889	0.01162	0.02594	0.58486	0.11073	0.01303	0.00562	0.00179	0.00282	0.18328	0.00404	0.00366
8	0.06539	0.01210	0.09972	0.05807	0.40343	0.08577	0.02694	0.05908	0.01081	0.12368	0.00923	0.01072	0.00700	0.00428	0.00420	0.00131	0.00531	0.00372	0.00272	0.00653
9	0.01631	0.00928	0.04100	0.01036	0.07904	0.00868	0.03247	0.18566	0.03109	0.44904	0.01446	0.05589	0.01027	0.00564	0.00474	0.00138	0.02854	0.00464	0.00449	0.00701

[dist]
# distance from previous block
# <min> <max>
0	1

[block]
# block no. 2 follows, 60 sequences, length 6
# corresponding to MSA columns:
# 232-237
name=unknown_C
#
# <colnr> <probs for GDERKNQSTAVLIFYWHMCP>
#	G	D	E	R	K	N	Q	S	T	A	V	L	I	F	Y	W	H	M	C	P
0	0.01062	0.01164	0.06222	0.07074	0.37230	0.05729	0.23344	0.03440	0.01009	0.01379	0.00835	0.01106	0.00674	0.00525	0.03810	0.00160	0.03982	0.00417	0.00220	0.00617
1	0.79388	0.00963	0.00699	0.00627	0.00892	0.08938	0.00508	0.01327	0.00790	0.01870	0.00614	0.00716	0.00481	0.00409	0.00282	0.00133	0.00381	0.00241	0.00266	0.00476
2	0.00878	0.01893	0.60510	0.01283	0.01841	0.00972	0.15491	0.01331	0.00970	0.01419	0.08434	0.01187	0.00908	0.00451	0.00442	0.00140	0.00619	0.00400	0.00219	0.00613
3	0.01408	0.04321	0.12200	0.01171	0.07691	0.05627	0.03766	0.47011	0.04906	0.02164	0.00970	0.01028	0.00713	0.00477	0.00423	0.00128	0.00517	0.00373	0.00350	0.04754
4	0.00671	0.00486	0.00573	0.00538	0.00677	0.00443	0.00408	0.00894	0.05465	0.05557	0.44175	0.03436	0.33179	0.00938	0.00507	0.00141	0.00227	0.00805	0.00453	0.00427
5	0.03821	0.05127	0.10365	0.04172	0.01408	0.04382	0.00886	0.44779	0.06813	0.12284	0.01092	0.01095	0.00773	0.00501	0.00421	0.00132	0.00487	0.00381	0.00388	0.00693

[dist]
# distance from previous block
# <min> <max>
1	16

[block]
# block no. 3 follows, 60 sequences, length 26
# corresponding to MSA columns:
# 254-279
name=unknown_D
#
# <colnr> <probs for GDERKNQSTAVLIFYWHMCP>
#	G	D	E	R	K	N	Q	S	T	A	V	L	I	F	Y	W	H	M	C	P
0	0.17672	0.21169	0.11589	0.07108	0.01370	0.23841	0.00859	0.01515	0.08729	0.01343	0.00773	0.00878	0.00619	0.00431	0.00354	0.00121	0.00550	0.00295	0.00238	0.00546
1	0.01097	0.53639	0.01697	0.00696	0.00992	0.01261	0.00645	0.01257	0.01017	0.09348	0.22677	0.01471	0.01574	0.00530	0.00359	0.00109	0.00386	0.00404	0.00301	0.00538
2	0.00549	0.00400	0.00500	0.00562	0.00609	0.00370	0.00378	0.00632	0.00870	0.01147	0.09577	0.55615	0.14514	0.11244	0.00746	0.00199	0.00264	0.01080	0.00395	0.00351
3	0.01342	0.01234	0.19370	0.01271	0.09369	0.00884	0.06725	0.01542	0.01241	0.19854	0.14132	0.02448	0.04456	0.00814	0.00584	0.00193	0.00534	0.10588	0.02702	0.00717
4	0.00738	0.08936	0.00698	0.00543	0.00590	0.03778	0.00353	0.00736	0.00681	0.00870	0.01227	0.04779	0.01382	0.60542	0.01844	0.10757	0.00431	0.00568	0.00250	0.00297
5	0.01114	0.07070	0.48669	0.01303	0.08760	0.19691	0.01328	0.04700	0.01043	0.01348	0.00762	0.00896	0.00575	0.00422	0.00404	0.00128	0.00648	0.00316	0.00207	0.00616
6	0.11462	0.52762	0.14430	0.01017	0.10192	0.01449	0.00913	0.01318	0.00886	0.01237	0.00658	0.00777	0.00563	0.00385	0.00316	0.00109	0.00484	0.00265	0.00199	0.00577
7	0.00575	0.00480	0.00517	0.00485	0.00652	0.00399	0.00366	0.00706	0.01008	0.01276	0.13529	0.06543	0.59605	0.00994	0.00494	0.00137	0.00232	0.00836	0.00397	0.10769
8	0.00936	0.10836	0.01069	0.00658	0.01044	0.00718	0.00544	0.01123	0.00902	0.01374	0.00755	0.00880	0.00636	0.00329	0.00318	0.00068	0.00340	0.00255	0.00250	0.76965
9	0.00932	0.13273	0.59454	0.01237	0.07652	0.01079	0.01392	0.01347	0.00920	0.01339	0.00761	0.00901	0.00571	0.00400	0.00391	0.00126	0.00587	0.00310	0.00192	0.07137
10	0.11640	0.08436	0.17701	0.02622	0.11791	0.09719	0.04138	0.24459	0.01277	0.03042	0.00836	0.00943	0.00630	0.00442	0.00397	0.00129	0.00542	0.00340	0.00284	0.00633
11	0.00537	0.00393	0.00508	0.00597	0.00640	0.00363	0.00410	0.00623	0.00862	0.01130	0.02640	0.71106	0.12298	0.01328	0.00554	0.00175	0.00256	0.04819	0.00405	0.00358
12	0.01034	0.00886	0.01470	0.20074	0.48818	0.00917	0.01147	0.01287	0.01014	0.07456	0.10549	0.01389	0.01105	0.00470	0.00443	0.00134	0.00484	0.00440	0.00267	0.00616
13	0.08488	0.13618	0.13102	0.01171	0.06119	0.06384	0.08681	0.09855	0.04944	0.01455	0.00776	0.00952	0.00631	0.00503	0.00628	0.00140	0.19767	0.00350	0.00243	0.02192
14	0.00972	0.00790	0.01024	0.01898	0.15548	0.00831	0.01799	0.11403	0.22188	0.02995	0.21086	0.11447	0.04018	0.00722	0.00475	0.00143	0.00354	0.01331	0.00401	0.00577
15	0.00632	0.00492	0.00558	0.00573	0.00686	0.00464	0.00415	0.06675	0.03918	0.01313	0.05981	0.37368	0.37031	0.01144	0.00524	0.00158	0.00258	0.00994	0.00411	0.00404
16	0.44954	0.04006	0.01130	0.01037	0.11411	0.08159	0.08203	0.03655	0.00908	0.01684	0.00699	0.00840	0.00558	0.00396	0.00336	0.00123	0.00444	0.00293	0.00255	0.10909
17	0.11499	0.05624	0.05547	0.01341	0.11648	0.13157	0.12598	0.01335	0.00899	0.04174	0.00722	0.00953	0.00604	0.00523	0.00732	0.00149	0.27364	0.00361	0.00225	0.00546
18	0.00771	0.00708	0.03798	0.00793	0.00929	0.00742	0.00646	0.01043	0.09726	0.01277	0.09378	0.14405	0.04433	0.01313	0.17156	0.00262	0.18080	0.03386	0.00312	0.10841
19	0.01572	0.15286	0.01374	0.01064	0.12107	0.00905	0.03868	0.01795	0.03995	0.47522	0.05096	0.01370	0.01071	0.00502	0.00417	0.00128	0.00413	0.00418	0.00416	0.00681
20	0.01148	0.10343	0.07528	0.04954	0.37197	0.08655	0.01099	0.06334	0.14365	0.01474	0.00948	0.01090	0.00758	0.00444	0.00428	0.00129	0.01822	0.00374	0.00261	0.00648
21	0.05086	0.39871	0.10772	0.00998	0.05567	0.05814	0.08780	0.01320	0.05159	0.01230	0.01186	0.01264	0.10321	0.00483	0.00369	0.00118	0.00492	0.00378	0.00237	0.00556
22	0.04552	0.10641	0.10935	0.00918	0.03279	0.05276	0.03666	0.07448	0.02522	0.35951	0.05618	0.01431	0.04775	0.00531	0.00419	0.00130	0.00444	0.00425	0.00392	0.00645
23	0.01050	0.05165	0.05412	0.00998	0.11356	0.04171	0.00734	0.04937	0.07010	0.04079	0.00887	0.00992	0.00709	0.00380	0.00360	0.00092	0.00401	0.00307	0.00275	0.50686
24	0.03549	0.06812	0.19652	0.02074	0.13056	0.01768	0.01640	0.07780	0.01709	0.04145	0.09484	0.04767	0.01170	0.03814	0.00494	0.00135	0.01397	0.01657	0.00286	0.14609
25	0.02210	0.05848	0.20790	0.01263	0.14563	0.04853	0.02499	0.10427	0.01757	0.14473	0.01035	0.05433	0.00820	0.00508	0.00479	0.00132	0.05615	0.00405	0.00298	0.06592

[dist]
# distance from previous block
# <min> <max>
0	28

# created by:
# /st0/software/busco_prod/Augustus/scripts/msa2prfl.pl ./align_prep/39854.fa
