[name]
unknown

[dist]
# distance from previous block
# <min> <max>
18	63

[block]
# block no. 0 follows, 74 sequences, length 70
# corresponding to MSA columns:
# 82-151
name=unknown_A
#
# <colnr> <probs for GDERKNQSTAVLIFYWHMCP>
#	G	D	E	R	K	N	Q	S	T	A	V	L	I	F	Y	W	H	M	C	P
0	0.11234	0.00692	0.04955	0.00589	0.00865	0.00570	0.00500	0.05051	0.00885	0.17202	0.10173	0.01206	0.04278	0.00493	0.03147	0.00107	0.00314	0.00333	0.00296	0.37111
1	0.01213	0.39407	0.01447	0.00813	0.01062	0.47108	0.00681	0.02612	0.00932	0.00916	0.00553	0.00640	0.00480	0.00355	0.00293	0.00089	0.00545	0.00223	0.00180	0.00454
2	0.00893	0.00769	0.02052	0.01443	0.41939	0.00716	0.03065	0.01145	0.06613	0.07536	0.02097	0.04645	0.04384	0.00406	0.00358	0.00102	0.00366	0.00371	0.00243	0.20858
3	0.01256	0.00882	0.11834	0.00941	0.10146	0.04319	0.05761	0.04237	0.01767	0.42993	0.09438	0.02718	0.01060	0.00461	0.00380	0.00115	0.00381	0.00394	0.00352	0.00565
4	0.03822	0.00625	0.00872	0.00855	0.12961	0.00565	0.00593	0.01480	0.00985	0.55855	0.05023	0.04669	0.07392	0.00524	0.00383	0.00117	0.00314	0.02005	0.00396	0.00565
5	0.37293	0.00670	0.00742	0.00612	0.01979	0.00666	0.00495	0.01509	0.00885	0.50032	0.01070	0.00991	0.00705	0.00411	0.00315	0.00115	0.00306	0.00303	0.00363	0.00538
6	0.00946	0.04896	0.23290	0.05111	0.30734	0.03621	0.15571	0.01223	0.00854	0.09102	0.00758	0.00912	0.00572	0.00348	0.00370	0.00114	0.00497	0.00330	0.00202	0.00549
7	0.01410	0.00837	0.12205	0.00907	0.09419	0.00632	0.03793	0.01607	0.00993	0.60086	0.02110	0.01216	0.00858	0.00439	0.00375	0.00116	0.00370	0.01645	0.00379	0.00604
8	0.00538	0.00366	0.00438	0.00438	0.00450	0.00378	0.00266	0.00561	0.00550	0.00744	0.01139	0.02261	0.01276	0.72358	0.16387	0.00401	0.00470	0.00515	0.00220	0.00243
9	0.00780	0.00736	0.03447	0.06660	0.45037	0.01858	0.00847	0.03067	0.00851	0.02439	0.03787	0.15028	0.11748	0.00571	0.00397	0.00120	0.00370	0.01526	0.00246	0.00485
10	0.00952	0.11041	0.23365	0.01482	0.32690	0.00931	0.10237	0.02755	0.00852	0.08831	0.00743	0.00884	0.00570	0.00355	0.00380	0.00112	0.02745	0.00317	0.00202	0.00555
11	0.01021	0.01063	0.17272	0.01003	0.06977	0.03480	0.05333	0.19975	0.06955	0.09040	0.00911	0.04322	0.00732	0.00583	0.04052	0.00145	0.14801	0.01540	0.00266	0.00529
12	0.00731	0.00562	0.03997	0.00681	0.00824	0.01550	0.07863	0.04096	0.00826	0.11413	0.05099	0.27079	0.09381	0.01178	0.16011	0.01401	0.01348	0.05257	0.00308	0.00394
13	0.00854	0.05054	0.41015	0.04410	0.16292	0.02716	0.06876	0.04262	0.00865	0.04877	0.05135	0.01945	0.00740	0.00425	0.01394	0.00122	0.00492	0.01793	0.00205	0.00529
14	0.01278	0.02499	0.18869	0.00856	0.01178	0.07198	0.07248	0.01540	0.05638	0.42885	0.02095	0.01087	0.00776	0.00432	0.00411	0.00117	0.04647	0.00348	0.00328	0.00569
15	0.00882	0.00766	0.04389	0.01053	0.19936	0.00757	0.02131	0.06521	0.29429	0.06236	0.16272	0.03380	0.05566	0.00530	0.00391	0.00119	0.00324	0.00463	0.00329	0.00527
16	0.00832	0.02866	0.25050	0.03728	0.10091	0.00777	0.05601	0.02011	0.06243	0.08742	0.12888	0.01377	0.04925	0.00538	0.01913	0.00131	0.09850	0.01689	0.00254	0.00493
17	0.02636	0.08600	0.14302	0.01033	0.07899	0.01904	0.02900	0.02396	0.02207	0.09122	0.00662	0.00851	0.00547	0.00507	0.00770	0.00135	0.42535	0.00312	0.00201	0.00480
18	0.00812	0.00812	0.01137	0.00975	0.00975	0.01137	0.00812	0.00893	0.00568	0.00893	0.00487	0.00812	0.00487	0.00650	0.01218	0.00162	0.86276	0.00325	0.00162	0.00406
19	0.05230	0.00790	0.00944	0.00727	0.01015	0.00787	0.00600	0.32756	0.01304	0.50087	0.01207	0.01095	0.00788	0.00449	0.00367	0.00114	0.00350	0.00351	0.00416	0.00622
20	0.08328	0.05156	0.26359	0.01251	0.24178	0.01644	0.04590	0.05861	0.00899	0.11678	0.05916	0.00993	0.00752	0.00386	0.00354	0.00113	0.00435	0.00327	0.00237	0.00543
21	0.32101	0.06103	0.11145	0.00974	0.13407	0.00947	0.03159	0.10473	0.00829	0.03707	0.00636	0.00764	0.00501	0.00394	0.00423	0.00117	0.11705	0.00272	0.00222	0.02120
22	0.00825	0.00704	0.00742	0.00671	0.00862	0.00785	0.00521	0.04056	0.61611	0.01465	0.05463	0.01860	0.17650	0.00599	0.00392	0.00125	0.00271	0.00500	0.00372	0.00525
23	0.01267	0.00868	0.00973	0.00808	0.02649	0.00945	0.00640	0.37661	0.29569	0.17198	0.01205	0.01138	0.00859	0.00506	0.01860	0.00125	0.00363	0.00372	0.00383	0.00610
24	0.17183	0.08383	0.08229	0.01061	0.16481	0.19577	0.01863	0.12567	0.00978	0.07693	0.00730	0.02368	0.00576	0.00386	0.00327	0.00107	0.00453	0.00290	0.00239	0.00510
25	0.00520	0.00389	0.00482	0.00546	0.00588	0.01590	0.00382	0.00656	0.06157	0.00990	0.02794	0.63462	0.02227	0.08225	0.00587	0.00167	0.00252	0.09331	0.00335	0.00320
26	0.00645	0.00322	0.00484	0.00484	0.00484	0.00322	0.00322	0.00484	0.00484	0.00645	0.00645	0.01128	0.00645	0.01289	0.01451	0.89201	0.00322	0.00322	0.00161	0.00161
27	0.00740	0.00644	0.01033	0.09932	0.39494	0.00660	0.00807	0.00922	0.01779	0.02253	0.04978	0.11874	0.04267	0.03967	0.07806	0.01218	0.00430	0.06501	0.00238	0.00456
28	0.00895	0.00858	0.01464	0.11362	0.75740	0.00876	0.01127	0.01118	0.00834	0.01184	0.00694	0.00926	0.00578	0.00335	0.00368	0.00112	0.00447	0.00331	0.00182	0.00569
29	0.00452	0.00371	0.00398	0.00403	0.00512	0.00317	0.00298	0.00553	0.00859	0.01062	0.14327	0.12411	0.64870	0.00940	0.00442	0.00127	0.00189	0.00798	0.00353	0.00317
30	0.01223	0.00930	0.00997	0.00807	0.01066	0.01040	0.00652	0.50863	0.31245	0.03490	0.01119	0.01080	0.00817	0.00485	0.00397	0.02084	0.00364	0.00365	0.00371	0.00605
31	0.00542	0.00378	0.00509	0.00526	0.00588	0.00386	0.00387	0.00633	0.00696	0.03152	0.06848	0.21186	0.11183	0.10991	0.31354	0.04081	0.00521	0.05449	0.00278	0.00314
32	0.00536	0.00358	0.00453	0.00464	0.00484	0.00363	0.00299	0.00563	0.00606	0.00823	0.06925	0.14336	0.01536	0.47066	0.13415	0.09170	0.00413	0.01689	0.00246	0.00255
33	0.00529	0.00382	0.00481	0.00457	0.00552	0.00346	0.00342	0.00687	0.01007	0.02878	0.67176	0.05374	0.16814	0.00795	0.00438	0.00119	0.00181	0.00696	0.00397	0.00348
34	0.04674	0.00610	0.00812	0.00633	0.00899	0.00537	0.00520	0.01685	0.01038	0.74196	0.06804	0.01341	0.01069	0.00474	0.00369	0.00114	0.00302	0.00386	0.02937	0.00597
35	0.02281	0.00463	0.00585	0.00534	0.00675	0.00421	0.00400	0.01023	0.03217	0.28904	0.12412	0.24271	0.14641	0.07766	0.00539	0.00146	0.00254	0.00665	0.00380	0.00423
36	0.00770	0.00660	0.00770	0.00550	0.00880	0.00495	0.00440	0.00935	0.00770	0.01210	0.00660	0.00770	0.00550	0.00275	0.00275	0.00055	0.00275	0.00220	0.00220	0.89224
37	0.02404	0.00588	0.00771	0.00617	0.00859	0.00521	0.00500	0.04352	0.01043	0.62525	0.08455	0.05862	0.08687	0.00561	0.00388	0.00118	0.00291	0.00465	0.00434	0.00561
38	0.00462	0.00371	0.00404	0.00407	0.00514	0.00320	0.00301	0.00570	0.00872	0.01100	0.19390	0.11152	0.59418	0.00916	0.00439	0.00125	0.00188	0.00779	0.01953	0.00320
39	0.05030	0.00480	0.00596	0.00551	0.00698	0.00448	0.00418	0.01057	0.05657	0.27587	0.09147	0.29621	0.12965	0.02341	0.00443	0.00134	0.00252	0.01762	0.00381	0.00432
40	0.00685	0.00401	0.00518	0.00529	0.00618	0.00366	0.00380	0.02365	0.00836	0.15523	0.09429	0.54125	0.10838	0.00968	0.00448	0.00138	0.00230	0.00861	0.00371	0.00370
41	0.01080	0.00690	0.00788	0.00681	0.00895	0.00737	0.00537	0.01754	0.49250	0.24461	0.08769	0.01473	0.01272	0.00510	0.00375	0.00120	0.00283	0.00425	0.05336	0.00565
42	0.08765	0.00643	0.00808	0.00645	0.00903	0.00602	0.00525	0.04952	0.06872	0.62276	0.01389	0.05495	0.00958	0.00487	0.00364	0.00116	0.00307	0.00394	0.02915	0.00585
43	0.00548	0.00392	0.00465	0.00444	0.00558	0.00349	0.00336	0.00680	0.00926	0.05907	0.36486	0.04603	0.40603	0.00941	0.04966	0.00147	0.00233	0.00699	0.00370	0.00347
44	0.01160	0.01340	0.00959	0.05102	0.01119	0.53050	0.00646	0.04046	0.00961	0.01020	0.00620	0.00750	0.00516	0.00440	0.02018	0.03548	0.00550	0.00249	0.00202	0.21704
45	0.00847	0.00679	0.00741	0.00663	0.00847	0.00748	0.00515	0.05660	0.52324	0.04355	0.19058	0.01840	0.08949	0.00591	0.00395	0.00123	0.00266	0.00499	0.00384	0.00517
46	0.10056	0.00449	0.00580	0.00566	0.00656	0.00503	0.00432	0.00783	0.04256	0.03851	0.03168	0.04058	0.02551	0.08795	0.54169	0.03397	0.00734	0.00419	0.00232	0.00346
47	0.02423	0.00609	0.00762	0.05640	0.20598	0.06656	0.00539	0.00788	0.00673	0.00896	0.01008	0.04680	0.01076	0.47880	0.03226	0.00260	0.00417	0.01307	0.00214	0.00346
48	0.00567	0.00457	0.00635	0.00605	0.03900	0.00439	0.04557	0.00763	0.03512	0.01374	0.59893	0.02620	0.14848	0.00735	0.00460	0.00120	0.03131	0.00643	0.00370	0.00371
49	0.00744	0.01920	0.85032	0.01058	0.01607	0.00862	0.01371	0.01176	0.00784	0.01176	0.00666	0.00784	0.00470	0.00353	0.00353	0.00118	0.00549	0.00274	0.00157	0.00549
50	0.00980	0.00630	0.01790	0.01034	0.21469	0.00599	0.00661	0.04352	0.05102	0.23791	0.07384	0.16751	0.02968	0.00649	0.00412	0.00127	0.00325	0.10137	0.00341	0.00499
51	0.00852	0.03422	0.58424	0.01237	0.16464	0.00872	0.01230	0.02245	0.00816	0.06637	0.00717	0.00838	0.00523	0.00368	0.00388	0.00117	0.03819	0.00292	0.00184	0.00555
52	0.00812	0.00812	0.01137	0.00975	0.00975	0.01137	0.00812	0.00893	0.00568	0.00893	0.00487	0.00812	0.00487	0.00650	0.01218	0.00162	0.86276	0.00325	0.00162	0.00406
53	0.01416	0.00631	0.03644	0.00644	0.00899	0.00529	0.00539	0.02527	0.00993	0.65773	0.01545	0.06049	0.05190	0.02866	0.04839	0.00149	0.00349	0.00433	0.00417	0.00569
54	0.00874	0.05598	0.50115	0.02069	0.11494	0.01929	0.01151	0.05294	0.00829	0.05539	0.00692	0.00826	0.00519	0.00396	0.00458	0.00120	0.11080	0.00292	0.00188	0.00538
55	0.00812	0.00812	0.01137	0.00975	0.00975	0.01137	0.00812	0.00893	0.00568	0.00893	0.00487	0.00812	0.00487	0.00650	0.01218	0.00162	0.86276	0.00325	0.00162	0.00406
56	0.00677	0.00627	0.01040	0.76662	0.02335	0.00770	0.00954	0.00911	0.00759	0.00977	0.04992	0.04051	0.02875	0.00432	0.00380	0.00124	0.00461	0.00383	0.00188	0.00403
57	0.00984	0.02152	0.38545	0.01371	0.26795	0.00826	0.04536	0.02831	0.00874	0.16312	0.00826	0.00921	0.00594	0.00365	0.00364	0.00115	0.00473	0.00317	0.00225	0.00574
58	0.00843	0.00834	0.03286	0.00964	0.00990	0.01107	0.00816	0.00936	0.00593	0.04154	0.00530	0.00829	0.00504	0.00635	0.01163	0.00159	0.80740	0.00325	0.00174	0.00418
59	0.00636	0.00543	0.00740	0.02960	0.02976	0.03194	0.06277	0.00842	0.09757	0.02123	0.01630	0.51310	0.01807	0.00904	0.00518	0.00144	0.07940	0.05013	0.00309	0.00376
60	0.01094	0.00815	0.05131	0.15626	0.28673	0.00768	0.00864	0.09317	0.00969	0.22986	0.03092	0.01049	0.00730	0.00390	0.00364	0.00110	0.00401	0.00340	0.00278	0.07002
61	0.00835	0.00849	0.04395	0.04361	0.07201	0.01080	0.00859	0.00948	0.00617	0.03123	0.00542	0.00837	0.00506	0.00599	0.01067	0.00154	0.71098	0.00325	0.00172	0.00431
62	0.00522	0.00498	0.06948	0.00593	0.03885	0.00390	0.00455	0.00668	0.00869	0.01182	0.31572	0.31286	0.15199	0.00886	0.00443	0.00131	0.00235	0.03540	0.00347	0.00352
63	0.01039	0.00894	0.05188	0.00823	0.06768	0.00818	0.00646	0.33616	0.04748	0.01670	0.00791	0.00855	0.00606	0.00360	0.00328	0.00087	0.00354	0.00284	0.00281	0.39844
64	0.00968	0.78213	0.06391	0.00654	0.00984	0.01387	0.00665	0.01106	0.00757	0.00907	0.00531	0.00614	0.00480	0.00317	0.00246	0.00080	0.00399	0.00204	0.00162	0.04935
65	0.00895	0.13192	0.55508	0.01018	0.03861	0.00993	0.03467	0.14481	0.00940	0.01325	0.00686	0.00786	0.00503	0.00361	0.00343	0.00111	0.00505	0.00280	0.00193	0.00552
66	0.00836	0.27753	0.57660	0.00927	0.01396	0.03255	0.01131	0.01164	0.00782	0.01077	0.00618	0.00724	0.00472	0.00343	0.00317	0.00105	0.00506	0.00250	0.00158	0.00524
67	0.00634	0.00342	0.00511	0.00545	0.03338	0.00341	0.00349	0.00510	0.00518	0.00693	0.00786	0.08768	0.00824	0.03654	0.01339	0.75766	0.00318	0.00394	0.00180	0.00190
68	0.00772	0.00666	0.00796	0.00569	0.00900	0.00503	0.01991	0.00939	0.00772	0.01209	0.00661	0.00774	0.00550	0.00276	0.00278	0.00056	0.00281	0.00224	0.00219	0.87563
69	0.00892	0.00736	0.01147	0.13277	0.21210	0.00746	0.10140	0.01225	0.13176	0.09914	0.09598	0.02226	0.01730	0.00432	0.00392	0.00113	0.01913	0.00395	0.00269	0.10468

[dist]
# distance from previous block
# <min> <max>
0	1

[block]
# block no. 1 follows, 74 sequences, length 32
# corresponding to MSA columns:
# 153-184
name=unknown_B
#
# <colnr> <probs for GDERKNQSTAVLIFYWHMCP>
#	G	D	E	R	K	N	Q	S	T	A	V	L	I	F	Y	W	H	M	C	P
0	0.00960	0.19763	0.18381	0.01150	0.03255	0.11140	0.32704	0.01218	0.00855	0.03848	0.00682	0.00832	0.00528	0.00334	0.00358	0.00108	0.00543	0.00320	0.00185	0.02836
1	0.00542	0.00411	0.00614	0.06050	0.00763	0.00479	0.00481	0.00671	0.00601	0.00856	0.00987	0.01507	0.00934	0.09428	0.73286	0.00547	0.00911	0.00405	0.00199	0.00328
2	0.04746	0.22238	0.44513	0.00874	0.01310	0.00961	0.04152	0.02229	0.00789	0.02645	0.00643	0.00747	0.00493	0.00335	0.00313	0.00100	0.00462	0.00255	0.00178	0.12016
3	0.00533	0.00387	0.00542	0.00542	0.00589	0.00434	0.00396	0.00628	0.00580	0.00821	0.01044	0.01734	0.01048	0.26723	0.61709	0.00529	0.00814	0.00438	0.00206	0.00301
4	0.00806	0.00867	0.01824	0.01358	0.01665	0.00817	0.64709	0.01081	0.00864	0.01163	0.01028	0.06040	0.00933	0.00480	0.00453	0.00134	0.00555	0.14536	0.00222	0.00463
5	0.01387	0.01769	0.01052	0.00956	0.01148	0.85465	0.00717	0.01482	0.01052	0.00908	0.00574	0.00669	0.00478	0.00383	0.00335	0.00096	0.00669	0.00239	0.00191	0.00430
6	0.00492	0.00395	0.00486	0.00479	0.00588	0.00351	0.02999	0.00614	0.00871	0.01116	0.19236	0.13348	0.46206	0.00911	0.00447	0.00131	0.00218	0.08901	0.01882	0.00329
7	0.00701	0.00660	0.01113	0.86063	0.02556	0.00825	0.01031	0.00948	0.00742	0.00948	0.00660	0.00990	0.00495	0.00371	0.00371	0.00124	0.00495	0.00330	0.00165	0.00412
8	0.00975	0.00848	0.01129	0.10142	0.04848	0.05436	0.12989	0.22954	0.11707	0.03087	0.09812	0.05723	0.01071	0.00577	0.03372	0.00137	0.03964	0.00431	0.00294	0.00503
9	0.00876	0.00813	0.01337	0.10173	0.62419	0.00837	0.01020	0.04754	0.00892	0.01260	0.09519	0.01118	0.00886	0.00391	0.00392	0.00113	0.02075	0.00367	0.00214	0.00544
10	0.00901	0.17778	0.01163	0.02544	0.15003	0.04592	0.00634	0.05634	0.00846	0.01189	0.00647	0.00767	0.00542	0.00309	0.00293	0.00075	0.00356	0.00244	0.00208	0.46275
11	0.00539	0.00364	0.00425	0.00425	0.00432	0.00371	0.00250	0.00553	0.00546	0.00735	0.01151	0.02327	0.01305	0.78117	0.10667	0.00385	0.00426	0.00525	0.00222	0.00236
12	0.00545	0.00358	0.00409	0.00409	0.00409	0.00358	0.00230	0.00537	0.00537	0.00716	0.01141	0.02359	0.01312	0.82366	0.01866	0.05119	0.00358	0.00528	0.00221	0.00221
13	0.00645	0.00322	0.00484	0.00484	0.00484	0.00322	0.00322	0.00484	0.00484	0.00645	0.00645	0.01128	0.00645	0.01289	0.01451	0.89201	0.00322	0.00322	0.00161	0.00161
14	0.89577	0.00718	0.00546	0.00488	0.00718	0.00833	0.00402	0.01091	0.00632	0.01665	0.00517	0.00603	0.00402	0.00345	0.00230	0.00115	0.00287	0.00201	0.00230	0.00402
15	0.01069	0.70799	0.01776	0.00694	0.00990	0.15336	0.00651	0.03342	0.00830	0.00918	0.00535	0.00615	0.00481	0.00332	0.00258	0.00083	0.00442	0.00209	0.00170	0.00473
16	0.89577	0.00718	0.00546	0.00488	0.00718	0.00833	0.00402	0.01091	0.00632	0.01665	0.00517	0.00603	0.00402	0.00345	0.00230	0.00115	0.00287	0.00201	0.00230	0.00402
17	0.00992	0.87178	0.01945	0.00635	0.00953	0.01469	0.00635	0.01111	0.00754	0.00873	0.00516	0.00595	0.00476	0.00318	0.00238	0.00079	0.00397	0.00198	0.00159	0.00476
18	0.00897	0.00943	0.07200	0.05895	0.75338	0.00878	0.01150	0.01133	0.00836	0.01198	0.00694	0.00913	0.00576	0.00334	0.00367	0.00111	0.00451	0.00327	0.00181	0.00578
19	0.00939	0.00805	0.00848	0.00759	0.00971	0.00931	0.00591	0.04587	0.81329	0.01578	0.01491	0.01369	0.01117	0.00502	0.00377	0.00125	0.00297	0.00417	0.00377	0.00589
20	0.00523	0.00343	0.00458	0.00528	0.00565	0.00319	0.00361	0.00594	0.00731	0.05446	0.01997	0.78128	0.02343	0.02640	0.00495	0.00153	0.00227	0.03480	0.00349	0.00319
21	0.00543	0.00359	0.00407	0.00407	0.00407	0.00359	0.00228	0.00538	0.00538	0.00717	0.01153	0.02387	0.01327	0.84182	0.01875	0.03236	0.00359	0.00533	0.00223	0.00223
22	0.00645	0.00322	0.00484	0.00484	0.00484	0.00322	0.00322	0.00484	0.00484	0.00645	0.00645	0.01128	0.00645	0.01289	0.01451	0.89201	0.00322	0.00322	0.00161	0.00161
23	0.01366	0.01726	0.01043	0.00947	0.01139	0.81746	0.00711	0.01504	0.04699	0.00937	0.00615	0.00701	0.00507	0.00388	0.00337	0.00097	0.00653	0.00247	0.00199	0.00437
24	0.00951	0.18680	0.01082	0.00635	0.00949	0.02164	0.00537	0.17760	0.00969	0.01361	0.00699	0.02195	0.00582	0.00335	0.00291	0.00074	0.00333	0.00253	0.00240	0.49911
25	0.02311	0.26845	0.02570	0.00817	0.14164	0.00794	0.00581	0.00927	0.00878	0.04553	0.26018	0.04870	0.12146	0.00568	0.00360	0.00107	0.00302	0.00474	0.00281	0.00436
26	0.00533	0.00393	0.00479	0.00457	0.00556	0.00369	0.00344	0.00721	0.04021	0.01356	0.55835	0.02742	0.19864	0.00857	0.04234	0.00138	0.00219	0.00653	0.05879	0.00350
27	0.01387	0.01769	0.01052	0.00956	0.01148	0.85465	0.00717	0.01482	0.01052	0.00908	0.00574	0.00669	0.00478	0.00383	0.00335	0.00096	0.00669	0.00239	0.00191	0.00430
28	0.00738	0.00677	0.01092	0.74539	0.02337	0.00839	0.00979	0.05354	0.00800	0.01040	0.03746	0.01042	0.00612	0.00402	0.00412	0.00125	0.04321	0.00342	0.00185	0.00421
29	0.00904	0.00961	0.01141	0.01030	0.04748	0.13987	0.00812	0.00994	0.00655	0.00910	0.00510	0.00795	0.00490	0.00595	0.01045	0.00150	0.69375	0.00312	0.00168	0.00418
30	0.00552	0.00464	0.00604	0.08326	0.08196	0.00432	0.00457	0.00701	0.00897	0.01184	0.28776	0.02684	0.38694	0.00738	0.00416	0.00117	0.00239	0.00633	0.00327	0.05560
31	0.01867	0.02380	0.17403	0.13561	0.21966	0.04906	0.13021	0.11092	0.04115	0.01310	0.04262	0.00988	0.00688	0.00379	0.00374	0.00116	0.00484	0.00346	0.00216	0.00527

[dist]
# distance from previous block
# <min> <max>
0	4

# created by:
# /st0/software/busco_prod/Augustus/scripts/msa2prfl.pl ./align_prep/39885.fa
