[name]
unknown

[dist]
# distance from previous block
# <min> <max>
0	115

[block]
# block no. 0 follows, 58 sequences, length 7
# corresponding to MSA columns:
# 198-204
name=unknown_A
#
# <colnr> <probs for GDERKNQSTAVLIFYWHMCP>
#	G	D	E	R	K	N	Q	S	T	A	V	L	I	F	Y	W	H	M	C	P
0	0.00616	0.00461	0.00591	0.00613	0.00679	0.00464	0.00444	0.00711	0.00876	0.01166	0.10765	0.26678	0.18476	0.10775	0.12765	0.04649	0.04323	0.04221	0.00360	0.00367
1	0.08866	0.03417	0.03352	0.09938	0.08876	0.06207	0.02320	0.06488	0.04570	0.03025	0.07033	0.06479	0.01196	0.06731	0.00607	0.02210	0.02462	0.00470	0.07521	0.08232
2	0.00855	0.04501	0.03017	0.00782	0.00939	0.00688	0.08764	0.05736	0.04034	0.05034	0.05644	0.10463	0.03964	0.27396	0.14324	0.00329	0.00557	0.00629	0.01901	0.00443
3	0.00841	0.00698	0.00813	0.00642	0.00932	0.00568	0.00491	0.01068	0.05443	0.01408	0.06082	0.09504	0.04914	0.07861	0.00552	0.00123	0.00323	0.00474	0.00311	0.56954
4	0.14831	0.03064	0.05644	0.00801	0.01075	0.00921	0.00676	0.21714	0.05558	0.09637	0.03675	0.06799	0.01109	0.05930	0.10526	0.00224	0.00508	0.00464	0.00361	0.06483
5	0.04526	0.07170	0.07541	0.03937	0.03346	0.02259	0.02248	0.03943	0.03738	0.03030	0.05132	0.12656	0.09141	0.09077	0.07815	0.00223	0.07516	0.00594	0.02661	0.03448
6	0.25640	0.03099	0.05901	0.05388	0.03693	0.05532	0.02470	0.14861	0.09798	0.03751	0.00991	0.01132	0.00771	0.03739	0.00449	0.00143	0.00442	0.00359	0.05961	0.05879

[dist]
# distance from previous block
# <min> <max>
2	11

[block]
# block no. 1 follows, 58 sequences, length 20
# corresponding to MSA columns:
# 216-235
name=unknown_B
#
# <colnr> <probs for GDERKNQSTAVLIFYWHMCP>
#	G	D	E	R	K	N	Q	S	T	A	V	L	I	F	Y	W	H	M	C	P
0	0.07429	0.06954	0.11902	0.01147	0.09615	0.07533	0.06838	0.14084	0.03106	0.04874	0.04759	0.02908	0.04513	0.00507	0.00418	0.00126	0.00493	0.00416	0.00306	0.12071
1	0.03684	0.00901	0.00924	0.00790	0.01031	0.08848	0.00623	0.14967	0.11583	0.21507	0.09020	0.06927	0.06123	0.00671	0.00449	0.00138	0.00388	0.01643	0.09178	0.00605
2	0.01184	0.03158	0.02752	0.18514	0.08259	0.14117	0.07276	0.06288	0.10143	0.07641	0.01101	0.04204	0.00910	0.01895	0.00587	0.04538	0.03844	0.02729	0.00294	0.00566
3	0.01072	0.01081	0.01576	0.36796	0.33491	0.10317	0.04696	0.03247	0.01022	0.01316	0.00813	0.01113	0.00646	0.00429	0.00444	0.00139	0.00599	0.00391	0.00219	0.00593
4	0.00787	0.00534	0.00613	0.00585	0.00674	0.00535	0.00401	0.03344	0.09095	0.05419	0.12091	0.07568	0.09254	0.41250	0.01360	0.00287	0.00360	0.02808	0.02636	0.00398
5	0.01513	0.00801	0.01035	0.00842	0.01131	0.00772	0.03497	0.11687	0.10708	0.40127	0.03612	0.09024	0.01381	0.00663	0.00466	0.00143	0.00385	0.04874	0.02806	0.04533
6	0.00967	0.00667	0.00925	0.03459	0.01056	0.00641	0.08262	0.05522	0.06458	0.13635	0.20456	0.02892	0.21718	0.00822	0.00505	0.00149	0.00349	0.07726	0.03272	0.00519
7	0.00621	0.00463	0.00594	0.00631	0.00691	0.00470	0.00449	0.00766	0.03671	0.01201	0.09529	0.38859	0.09834	0.11016	0.12079	0.00277	0.03115	0.03534	0.01816	0.00383
8	0.00631	0.00467	0.00558	0.00591	0.00676	0.00443	0.00420	0.03577	0.03101	0.01307	0.11058	0.39879	0.21031	0.07668	0.00677	0.00186	0.00276	0.04156	0.02905	0.00393
9	0.01278	0.01187	0.01382	0.10660	0.21451	0.14356	0.03231	0.19272	0.09927	0.03155	0.01060	0.03888	0.00868	0.02902	0.01952	0.00156	0.01898	0.00434	0.00311	0.00631
10	0.00662	0.00452	0.00570	0.00613	0.00695	0.00423	0.00436	0.00822	0.04112	0.05253	0.14237	0.50807	0.12616	0.01197	0.00544	0.00167	0.00261	0.03127	0.02596	0.00410
11	0.00567	0.00414	0.00538	0.00628	0.00681	0.00386	0.00447	0.00666	0.00900	0.01177	0.02714	0.63254	0.12839	0.01345	0.00572	0.00181	0.00276	0.11628	0.00415	0.00372
12	0.01101	0.03069	0.04497	0.21275	0.29631	0.05364	0.07836	0.09672	0.03235	0.01473	0.00879	0.01142	0.00702	0.00584	0.04291	0.00167	0.03815	0.00404	0.00245	0.00617
13	0.00780	0.00771	0.08989	0.06180	0.01051	0.00667	0.00649	0.01191	0.17496	0.03121	0.04965	0.19475	0.21506	0.00932	0.02062	0.00164	0.01839	0.00749	0.06919	0.00495
14	0.00609	0.00447	0.00531	0.00552	0.00656	0.00399	0.00402	0.00734	0.01017	0.03551	0.19104	0.26642	0.34671	0.04143	0.00605	0.00170	0.00253	0.04692	0.00429	0.00391
15	0.00993	0.00971	0.05299	0.02318	0.05408	0.08183	0.11166	0.08897	0.02397	0.04175	0.03209	0.11937	0.10405	0.02531	0.09574	0.00221	0.06749	0.04726	0.00321	0.00520
16	0.01098	0.07830	0.20398	0.05980	0.04986	0.09259	0.09915	0.05600	0.07574	0.05771	0.05507	0.03125	0.03066	0.02800	0.00495	0.00147	0.00545	0.02908	0.02408	0.00590
17	0.01121	0.01143	0.01389	0.15339	0.13192	0.18932	0.11627	0.03232	0.04773	0.03072	0.04080	0.03405	0.05676	0.00561	0.00501	0.00141	0.04272	0.02206	0.04789	0.00549
18	0.00798	0.00529	0.00704	0.00699	0.00814	0.00505	0.02648	0.05849	0.01038	0.08951	0.08795	0.42625	0.09909	0.02844	0.03246	0.00192	0.00341	0.08647	0.00423	0.00443
19	0.01084	0.04147	0.08376	0.07045	0.14578	0.05050	0.04704	0.12374	0.08259	0.03078	0.05176	0.07326	0.02504	0.00657	0.02234	0.00152	0.02732	0.03030	0.02984	0.04509

[dist]
# distance from previous block
# <min> <max>
1	3

[block]
# block no. 2 follows, 58 sequences, length 22
# corresponding to MSA columns:
# 239-260
name=unknown_C
#
# <colnr> <probs for GDERKNQSTAVLIFYWHMCP>
#	G	D	E	R	K	N	Q	S	T	A	V	L	I	F	Y	W	H	M	C	P
0	0.29865	0.05627	0.02920	0.04876	0.09752	0.23963	0.02976	0.08723	0.01084	0.01627	0.00749	0.00891	0.00597	0.00445	0.00384	0.00130	0.01838	0.00310	0.02690	0.00554
1	0.03006	0.04834	0.13857	0.08585	0.24595	0.05846	0.09712	0.03505	0.05729	0.01431	0.03473	0.01528	0.08069	0.02322	0.00490	0.00145	0.00540	0.01470	0.00264	0.00600
2	0.00929	0.00835	0.04808	0.00867	0.05281	0.02503	0.00663	0.07825	0.18872	0.03835	0.12387	0.06778	0.18293	0.02688	0.04090	0.00177	0.04245	0.00637	0.00389	0.03898
3	0.01049	0.00802	0.00955	0.02345	0.03720	0.00863	0.03081	0.13481	0.28812	0.04639	0.12567	0.09093	0.05100	0.03053	0.00517	0.00153	0.00355	0.00606	0.08220	0.00589
4	0.01146	0.00960	0.01021	0.00900	0.01155	0.01097	0.00705	0.11074	0.66337	0.01973	0.07171	0.01716	0.01492	0.00620	0.00459	0.00149	0.00360	0.00515	0.00457	0.00694
5	0.00789	0.00684	0.00936	0.04523	0.20643	0.02347	0.00711	0.03193	0.03002	0.01442	0.18995	0.10529	0.22714	0.00951	0.03685	0.00170	0.00383	0.03441	0.00366	0.00495
6	0.00845	0.00795	0.01342	0.83204	0.03081	0.00994	0.01242	0.01143	0.00894	0.01143	0.00795	0.01193	0.00596	0.00447	0.00447	0.00149	0.00596	0.00398	0.00199	0.00497
7	0.01210	0.65350	0.05056	0.00926	0.01313	0.03863	0.09455	0.01392	0.00946	0.04241	0.00705	0.00818	0.00606	0.00400	0.00351	0.00108	0.02179	0.00287	0.00210	0.00584
8	0.00569	0.00443	0.00511	0.00518	0.00628	0.00391	0.00376	0.00702	0.01054	0.01366	0.27978	0.17873	0.40569	0.04255	0.00602	0.00164	0.00235	0.00948	0.00434	0.00385
9	0.00656	0.00482	0.00662	0.00654	0.00703	0.00545	0.00473	0.00757	0.00693	0.00979	0.01250	0.02142	0.01278	0.31915	0.51032	0.00598	0.04037	0.00537	0.00249	0.00357
10	0.00639	0.00479	0.00719	0.00719	0.00799	0.00559	0.00559	0.00799	0.00719	0.01038	0.01198	0.01757	0.01118	0.03355	0.82507	0.00719	0.01198	0.00479	0.00240	0.00399
11	0.07071	0.04825	0.01706	0.15944	0.08928	0.01061	0.26908	0.10329	0.02525	0.02552	0.01103	0.07443	0.02013	0.00544	0.00493	0.00149	0.02366	0.03188	0.00279	0.00576
12	0.03565	0.38705	0.03866	0.00961	0.01275	0.40514	0.00827	0.01575	0.01087	0.03003	0.00687	0.00786	0.00585	0.00426	0.00350	0.00108	0.00636	0.00270	0.00221	0.00552
13	0.00678	0.00521	0.00719	0.00679	0.02573	0.00492	0.03540	0.00936	0.04436	0.01751	0.69639	0.03197	0.06024	0.00881	0.00524	0.00143	0.00249	0.02101	0.00471	0.00446
14	0.03583	0.05976	0.44259	0.01196	0.03248	0.07169	0.06337	0.07372	0.04627	0.08342	0.00934	0.01039	0.00677	0.00479	0.00459	0.02440	0.00600	0.00359	0.00260	0.00644
15	0.00676	0.00432	0.00562	0.00617	0.00688	0.00394	0.00429	0.00774	0.00935	0.08234	0.07443	0.63665	0.10916	0.01270	0.00553	0.00172	0.00264	0.01138	0.00432	0.00403
16	0.00647	0.00449	0.00565	0.00565	0.00592	0.00476	0.00368	0.00700	0.00673	0.00925	0.01339	0.02535	0.01456	0.57165	0.29158	0.00529	0.00690	0.00593	0.00261	0.00314
17	0.13685	0.05280	0.06042	0.12714	0.17673	0.10690	0.19695	0.04403	0.01026	0.01468	0.00791	0.01020	0.00623	0.00425	0.00452	0.00138	0.02672	0.00382	0.00233	0.00587
18	0.03674	0.04695	0.01395	0.10631	0.19713	0.20809	0.00978	0.16697	0.05984	0.01577	0.00890	0.01069	0.00713	0.00604	0.03360	0.02322	0.03633	0.00370	0.00278	0.00606
19	0.01151	0.07874	0.02296	0.01722	0.09449	0.02963	0.52556	0.10134	0.01152	0.01549	0.00895	0.01139	0.00688	0.00410	0.00503	0.00142	0.02311	0.00469	0.01976	0.00620
20	0.04802	0.04332	0.05883	0.13552	0.08221	0.01057	0.34989	0.06428	0.01079	0.07047	0.02604	0.01209	0.00771	0.00508	0.02742	0.00157	0.00626	0.00448	0.00265	0.03278
21	0.01007	0.00912	0.01128	0.03157	0.10684	0.08911	0.07526	0.05766	0.13722	0.03782	0.16378	0.04377	0.09167	0.00857	0.05833	0.00179	0.00484	0.02779	0.00363	0.02988

[dist]
# distance from previous block
# <min> <max>
1	2

[block]
# block no. 3 follows, 58 sequences, length 8
# corresponding to MSA columns:
# 263-270
name=unknown_D
#
# <colnr> <probs for GDERKNQSTAVLIFYWHMCP>
#	G	D	E	R	K	N	Q	S	T	A	V	L	I	F	Y	W	H	M	C	P
0	0.01210	0.18864	0.09992	0.06998	0.05800	0.15496	0.03010	0.09695	0.06200	0.04557	0.12731	0.01341	0.01212	0.00522	0.00418	0.00127	0.00525	0.00411	0.00303	0.00589
1	0.03196	0.11137	0.14286	0.06556	0.06169	0.02864	0.09020	0.09608	0.07348	0.05126	0.01171	0.07516	0.01035	0.06914	0.03541	0.00184	0.00543	0.02913	0.00295	0.00579
2	0.04919	0.00540	0.00659	0.00634	0.00745	0.00542	0.00465	0.05770	0.04999	0.07277	0.07010	0.18163	0.09672	0.03385	0.03178	0.23232	0.00351	0.02536	0.05519	0.00404
3	0.00644	0.00481	0.00580	0.00628	0.00703	0.00439	0.00434	0.00721	0.00963	0.01266	0.09156	0.45766	0.23559	0.06106	0.06058	0.00234	0.00347	0.01077	0.00427	0.00412
4	0.04666	0.17393	0.13879	0.07671	0.09245	0.04355	0.11811	0.05965	0.05057	0.03155	0.03066	0.05374	0.00893	0.00505	0.00451	0.00135	0.02991	0.00427	0.02368	0.00593
5	0.01121	0.07612	0.03295	0.07617	0.06008	0.16364	0.05174	0.05728	0.05444	0.06580	0.10616	0.08916	0.08088	0.00664	0.00481	0.00138	0.02673	0.00550	0.02391	0.00540
6	0.00556	0.00431	0.00494	0.00537	0.00626	0.00385	0.00380	0.00651	0.00926	0.01159	0.03380	0.32936	0.41467	0.09103	0.00714	0.00192	0.00268	0.05030	0.00401	0.00364
7	0.06565	0.00994	0.10481	0.02972	0.01303	0.00866	0.10405	0.09896	0.08174	0.16018	0.12098	0.06518	0.03274	0.00627	0.00495	0.00145	0.03393	0.00536	0.04643	0.00597

[dist]
# distance from previous block
# <min> <max>
0	1

[block]
# block no. 4 follows, 58 sequences, length 6
# corresponding to MSA columns:
# 272-277
name=unknown_E
#
# <colnr> <probs for GDERKNQSTAVLIFYWHMCP>
#	G	D	E	R	K	N	Q	S	T	A	V	L	I	F	Y	W	H	M	C	P
0	0.08131	0.10543	0.09797	0.08703	0.06903	0.06696	0.06588	0.08338	0.04710	0.03363	0.01047	0.06991	0.00938	0.09111	0.00653	0.00169	0.04088	0.00455	0.02224	0.00551
1	0.07505	0.00929	0.00940	0.00797	0.01042	0.07071	0.00638	0.24740	0.08068	0.11995	0.08837	0.01905	0.06897	0.02618	0.00485	0.00145	0.00401	0.05084	0.09310	0.00593
2	0.00717	0.00518	0.00610	0.00626	0.00691	0.00527	0.00427	0.06295	0.06952	0.01223	0.01988	0.34282	0.04924	0.32657	0.01201	0.00272	0.00356	0.04985	0.00366	0.00385
3	0.34016	0.04907	0.07763	0.03225	0.08145	0.17296	0.10183	0.04052	0.00985	0.01595	0.00721	0.00881	0.00571	0.00436	0.00411	0.00135	0.03557	0.00320	0.00247	0.00552
4	0.07302	0.00483	0.00587	0.00590	0.00698	0.00463	0.00437	0.00866	0.01001	0.06044	0.24864	0.24361	0.12716	0.01111	0.02577	0.06259	0.00291	0.04260	0.04681	0.00408
5	0.07785	0.04888	0.09125	0.01180	0.09616	0.03094	0.08047	0.22469	0.07752	0.01863	0.00969	0.01079	0.00743	0.00462	0.00438	0.00127	0.02870	0.00373	0.04131	0.12989

[dist]
# distance from previous block
# <min> <max>
1	3

[block]
# block no. 5 follows, 58 sequences, length 19
# corresponding to MSA columns:
# 281-299
name=unknown_F
#
# <colnr> <probs for GDERKNQSTAVLIFYWHMCP>
#	G	D	E	R	K	N	Q	S	T	A	V	L	I	F	Y	W	H	M	C	P
0	0.01185	0.17316	0.14229	0.09772	0.05777	0.06228	0.04751	0.13689	0.10340	0.03851	0.01918	0.02533	0.00830	0.02407	0.00493	0.00141	0.03239	0.00396	0.00287	0.00620
1	0.01099	0.21359	0.13158	0.00920	0.02515	0.04837	0.03868	0.09526	0.04020	0.06534	0.05691	0.10354	0.03427	0.04593	0.00528	0.00148	0.01595	0.02353	0.01811	0.01662
2	0.00597	0.00427	0.00532	0.00594	0.00628	0.00414	0.00388	0.00708	0.04037	0.01122	0.04653	0.55529	0.04327	0.22695	0.01003	0.00243	0.00306	0.01059	0.00382	0.00356
3	0.22810	0.01496	0.01145	0.11674	0.05169	0.41882	0.02192	0.02887	0.01078	0.01393	0.00754	0.02465	0.00624	0.00464	0.00384	0.00128	0.00623	0.00323	0.01992	0.00517
4	0.00600	0.00464	0.00507	0.00491	0.00637	0.00397	0.00370	0.00740	0.01090	0.03803	0.23812	0.03977	0.59415	0.01060	0.00526	0.00148	0.00227	0.00895	0.00439	0.00400
5	0.00735	0.00593	0.00703	0.02706	0.00813	0.04388	0.00511	0.00900	0.02039	0.03304	0.29501	0.05632	0.14884	0.09469	0.14537	0.00274	0.06159	0.02063	0.00373	0.00417
6	0.01474	0.00831	0.01073	0.00906	0.07289	0.00712	0.00673	0.06859	0.01170	0.37367	0.01249	0.01216	0.00871	0.00449	0.00400	0.00108	0.00379	0.00367	0.00402	0.36204
7	0.05167	0.01014	0.01124	0.00898	0.01223	0.04157	0.00730	0.27021	0.16775	0.34882	0.01467	0.01348	0.01001	0.00549	0.00441	0.00139	0.00426	0.00431	0.00477	0.00730
8	0.01135	0.01188	0.02359	0.01695	0.02131	0.01133	0.64303	0.12064	0.01190	0.01622	0.00921	0.01172	0.00689	0.00396	0.00505	0.00143	0.00693	0.00495	0.00259	0.05908
9	0.01175	0.01120	0.01757	0.02550	0.72124	0.04360	0.01312	0.07422	0.01112	0.01551	0.00853	0.01093	0.00707	0.00412	0.00442	0.00132	0.00539	0.00394	0.00239	0.00705
10	0.80816	0.00872	0.00685	0.00613	0.00888	0.01012	0.00502	0.01396	0.06893	0.01997	0.00715	0.00799	0.00552	0.00430	0.00291	0.00139	0.00347	0.00262	0.00291	0.00502
11	0.00595	0.00550	0.06363	0.00714	0.02284	0.00437	0.00535	0.00714	0.00874	0.01173	0.02323	0.67200	0.04419	0.03862	0.00613	0.00187	0.00308	0.06068	0.00391	0.00392
12	0.00674	0.00470	0.00558	0.00562	0.00677	0.00445	0.00431	0.00848	0.02371	0.02927	0.18310	0.06102	0.27223	0.06827	0.06475	0.00210	0.00336	0.11491	0.12659	0.00404
13	0.00782	0.00547	0.00697	0.00662	0.00751	0.00602	0.00488	0.02711	0.06927	0.04407	0.03873	0.02158	0.04570	0.25127	0.32822	0.01766	0.04371	0.00546	0.05782	0.00412
14	0.39067	0.00856	0.00827	0.00712	0.00977	0.00945	0.00574	0.12421	0.13644	0.10649	0.03418	0.02971	0.04136	0.00611	0.02248	0.00153	0.00374	0.00406	0.04435	0.00575
15	0.08679	0.21468	0.02696	0.00778	0.01087	0.10392	0.00658	0.03260	0.10758	0.06492	0.01030	0.04273	0.00865	0.02515	0.00407	0.00118	0.00432	0.00360	0.04358	0.19374
16	0.04141	0.05606	0.00848	0.00735	0.03682	0.02847	0.02895	0.02877	0.02323	0.01451	0.23111	0.14648	0.06577	0.07144	0.02622	0.02333	0.00354	0.02648	0.05196	0.07961
17	0.01060	0.08257	0.05950	0.07805	0.08128	0.05894	0.03642	0.03520	0.12076	0.05900	0.01133	0.03001	0.00989	0.15351	0.00782	0.00183	0.03573	0.00442	0.01950	0.10365
18	0.00713	0.03836	0.02181	0.00700	0.01901	0.02591	0.02731	0.04711	0.01027	0.01342	0.14910	0.31023	0.18854	0.05926	0.01829	0.00183	0.01424	0.03305	0.00390	0.00422

[dist]
# distance from previous block
# <min> <max>
0	38

[block]
# block no. 6 follows, 58 sequences, length 7
# corresponding to MSA columns:
# 338-344
name=unknown_G
#
# <colnr> <probs for GDERKNQSTAVLIFYWHMCP>
#	G	D	E	R	K	N	Q	S	T	A	V	L	I	F	Y	W	H	M	C	P
0	0.17902	0.05497	0.20800	0.11090	0.08343	0.03888	0.07629	0.06891	0.06999	0.03299	0.00875	0.01028	0.00662	0.00453	0.00435	0.00140	0.02845	0.00360	0.00260	0.00605
1	0.01133	0.00848	0.01047	0.01007	0.11816	0.00801	0.00697	0.13116	0.09360	0.09207	0.03896	0.01627	0.07839	0.00543	0.00418	0.00116	0.00373	0.02822	0.04400	0.28934
2	0.03772	0.02715	0.03220	0.00948	0.01185	0.09379	0.08387	0.13838	0.12100	0.02841	0.07202	0.01854	0.09365	0.00979	0.10393	0.00214	0.05124	0.03352	0.02577	0.00555
3	0.00571	0.00411	0.00537	0.00607	0.00655	0.00383	0.00419	0.00676	0.00936	0.01259	0.16665	0.59979	0.06599	0.04340	0.00626	0.00183	0.00262	0.04095	0.00424	0.00373
4	0.00544	0.00448	0.00478	0.00483	0.00617	0.00382	0.00357	0.00667	0.01037	0.01278	0.14323	0.11446	0.64136	0.01129	0.00532	0.00152	0.00228	0.00956	0.00425	0.00382
5	0.11341	0.00803	0.00895	0.00654	0.01037	0.00645	0.00525	0.01149	0.00908	0.01524	0.00774	0.00903	0.00641	0.00341	0.00325	0.00075	0.00333	0.00262	0.00266	0.76598
6	0.05912	0.00855	0.10589	0.04006	0.02410	0.02790	0.02120	0.03161	0.03311	0.01318	0.07344	0.09393	0.07700	0.06122	0.23886	0.00326	0.04775	0.00570	0.00295	0.03117

[dist]
# distance from previous block
# <min> <max>
6	27

[block]
# block no. 7 follows, 58 sequences, length 23
# corresponding to MSA columns:
# 372-394
name=unknown_H
#
# <colnr> <probs for GDERKNQSTAVLIFYWHMCP>
#	G	D	E	R	K	N	Q	S	T	A	V	L	I	F	Y	W	H	M	C	P
0	0.07326	0.06681	0.05395	0.02754	0.07091	0.06320	0.03128	0.03824	0.08563	0.03843	0.03658	0.05970	0.07066	0.00775	0.00677	0.15492	0.01746	0.01558	0.00296	0.07837
1	0.09310	0.07547	0.13179	0.02592	0.04953	0.06443	0.07015	0.12070	0.12137	0.03362	0.03726	0.02468	0.05255	0.00543	0.00442	0.00136	0.01849	0.01737	0.00316	0.04919
2	0.05939	0.07337	0.04944	0.03440	0.09671	0.03375	0.07881	0.08836	0.13339	0.06144	0.02740	0.04001	0.01003	0.00542	0.00482	0.00135	0.04881	0.03163	0.01900	0.10247
3	0.02174	0.00694	0.02423	0.00798	0.06602	0.02309	0.01886	0.02449	0.02786	0.02995	0.15949	0.05964	0.23829	0.05287	0.00598	0.00150	0.02838	0.02895	0.01832	0.15543
4	0.03490	0.12751	0.15821	0.05077	0.09623	0.04366	0.01999	0.01217	0.05377	0.02732	0.09518	0.15468	0.03896	0.00776	0.03408	0.00161	0.00474	0.00573	0.02734	0.00538
5	0.05593	0.01061	0.07423	0.17424	0.11423	0.08100	0.02270	0.08984	0.07778	0.07505	0.01233	0.06811	0.02414	0.03431	0.01876	0.00162	0.00514	0.02339	0.03081	0.00577
6	0.00574	0.00450	0.00520	0.00513	0.00635	0.00395	0.00381	0.00726	0.01110	0.01450	0.36705	0.10507	0.42310	0.01063	0.00532	0.00149	0.00223	0.00914	0.00448	0.00395
7	0.00603	0.00442	0.00534	0.00556	0.00657	0.00395	0.00404	0.00733	0.01035	0.03372	0.23489	0.30896	0.31087	0.01155	0.00543	0.00160	0.00242	0.02865	0.00439	0.00395
8	0.00589	0.00453	0.00538	0.00522	0.00643	0.00402	0.00390	0.00756	0.01153	0.01539	0.48136	0.07002	0.34219	0.01019	0.00530	0.00146	0.00219	0.00880	0.00459	0.00402
9	0.00575	0.00423	0.00527	0.00565	0.00633	0.00388	0.00392	0.00690	0.00983	0.01313	0.24682	0.40892	0.17079	0.07894	0.00689	0.00185	0.00254	0.01035	0.00425	0.00375
10	0.00897	0.02314	0.81962	0.01275	0.01936	0.01039	0.01653	0.01417	0.00944	0.01417	0.00803	0.00944	0.00567	0.00425	0.00425	0.00142	0.00661	0.00331	0.00189	0.00661
11	0.01107	0.01063	0.01816	0.02746	0.81489	0.01063	0.01373	0.01373	0.01019	0.01461	0.00841	0.01107	0.00709	0.00399	0.00443	0.00133	0.00531	0.00399	0.00221	0.00709
12	0.01115	0.40260	0.38743	0.01010	0.01515	0.03412	0.01169	0.01431	0.00954	0.05568	0.00768	0.00867	0.00599	0.00413	0.00362	0.00120	0.00565	0.00294	0.00211	0.00623
13	0.01946	0.00859	0.01099	0.00842	0.01191	0.00802	0.00696	0.17634	0.01444	0.66114	0.01628	0.01433	0.01038	0.00550	0.00449	0.00138	0.00403	0.00440	0.00533	0.00761
14	0.00591	0.00456	0.00539	0.00518	0.00642	0.00404	0.00389	0.00762	0.01166	0.01557	0.50227	0.03731	0.35394	0.01003	0.00528	0.00145	0.00217	0.00864	0.00461	0.00404
15	0.00646	0.00442	0.00537	0.00553	0.00573	0.00451	0.00353	0.00688	0.00703	0.00945	0.01534	0.09058	0.01733	0.61398	0.12333	0.00434	0.00517	0.06508	0.00288	0.00305
16	0.01283	0.01274	0.01441	0.05352	0.11699	0.19359	0.09373	0.19230	0.04761	0.01605	0.01059	0.01233	0.04286	0.00692	0.04994	0.00173	0.10876	0.00421	0.00291	0.00598
17	0.02973	0.07897	0.01573	0.06968	0.26229	0.01145	0.07651	0.17761	0.09828	0.03260	0.01006	0.01150	0.00782	0.00460	0.00444	0.00131	0.01892	0.00400	0.03133	0.05316
18	0.00576	0.00418	0.00529	0.00590	0.00640	0.00394	0.00405	0.00666	0.00882	0.01165	0.08348	0.49183	0.13370	0.12896	0.04138	0.00232	0.00321	0.04493	0.00394	0.00360
19	0.02151	0.00555	0.00621	0.00573	0.00727	0.00544	0.00439	0.07109	0.05760	0.06082	0.23372	0.07020	0.18516	0.00805	0.00454	0.00135	0.00257	0.00679	0.23728	0.00471
20	0.04356	0.04636	0.08030	0.06959	0.14559	0.11370	0.08625	0.14288	0.06698	0.06145	0.01052	0.03239	0.01945	0.00556	0.01810	0.00148	0.04238	0.00421	0.00298	0.00626
21	0.01194	0.06099	0.04042	0.01046	0.05500	0.19601	0.04275	0.09835	0.03129	0.05476	0.01078	0.05685	0.00938	0.02660	0.14082	0.00237	0.07152	0.00439	0.06992	0.00541
22	0.03967	0.02446	0.03609	0.02902	0.05034	0.02391	0.01945	0.04828	0.04000	0.05697	0.07030	0.17885	0.16944	0.02741	0.03993	0.00175	0.02914	0.02140	0.00359	0.09000

[dist]
# distance from previous block
# <min> <max>
0	12

[block]
# block no. 8 follows, 58 sequences, length 25
# corresponding to MSA columns:
# 407-431
name=unknown_I
#
# <colnr> <probs for GDERKNQSTAVLIFYWHMCP>
#	G	D	E	R	K	N	Q	S	T	A	V	L	I	F	Y	W	H	M	C	P
0	0.07293	0.02904	0.07020	0.03806	0.12082	0.09725	0.11128	0.11543	0.02145	0.06009	0.05097	0.03268	0.06944	0.01888	0.02067	0.00150	0.00525	0.00469	0.02038	0.03900
1	0.04028	0.11959	0.07659	0.09969	0.08718	0.37178	0.04629	0.05757	0.01138	0.01288	0.00741	0.00910	0.00601	0.00451	0.00437	0.00126	0.03289	0.00326	0.00230	0.00566
2	0.00907	0.02079	0.00932	0.09624	0.07933	0.00727	0.01783	0.04693	0.09119	0.05049	0.02897	0.06733	0.07323	0.07390	0.09715	0.12471	0.02905	0.00540	0.06710	0.00469
3	0.00557	0.00438	0.00505	0.00539	0.00644	0.00386	0.00394	0.00676	0.00999	0.01264	0.12693	0.28549	0.43914	0.01195	0.00547	0.00162	0.00245	0.05487	0.00424	0.00380
4	0.00626	0.00456	0.00539	0.00563	0.00661	0.00417	0.00402	0.00769	0.03350	0.03758	0.12847	0.31518	0.31257	0.07752	0.00679	0.00184	0.00266	0.03144	0.00419	0.00392
5	0.00576	0.00445	0.00525	0.00525	0.00638	0.00395	0.00386	0.00726	0.01101	0.01450	0.37139	0.15770	0.36556	0.01079	0.00535	0.00151	0.00225	0.00935	0.00448	0.00395
6	0.01166	0.00964	0.01016	0.00895	0.01152	0.01104	0.00702	0.11591	0.66530	0.01973	0.01710	0.01598	0.01280	0.00593	0.00446	0.00147	0.00362	0.00488	0.05587	0.00697
7	0.74080	0.00885	0.00740	0.00638	0.00927	0.01004	0.00526	0.07245	0.00904	0.08581	0.00750	0.00818	0.00556	0.00436	0.00304	0.00138	0.00360	0.00271	0.00312	0.00528
8	0.01049	0.01003	0.01710	0.20617	0.64073	0.01048	0.01344	0.01322	0.00991	0.01391	0.00831	0.01126	0.00684	0.00409	0.00444	0.00136	0.00546	0.00398	0.00216	0.00662
9	0.87439	0.00865	0.00657	0.00588	0.00865	0.01003	0.00484	0.01315	0.00761	0.02007	0.00623	0.00727	0.00484	0.00415	0.00277	0.00138	0.00346	0.00242	0.00277	0.00484
10	0.00725	0.00600	0.00813	0.00750	0.00838	0.04593	0.06477	0.00845	0.00748	0.01013	0.01223	0.02066	0.01231	0.30483	0.45001	0.00549	0.00886	0.00532	0.00249	0.00377
11	0.01027	0.00829	0.00995	0.06844	0.01240	0.00690	0.00613	0.07326	0.01032	0.04908	0.00857	0.00984	0.00684	0.00365	0.00354	0.00081	0.00366	0.00293	0.00286	0.70225
12	0.01196	0.84548	0.02344	0.00765	0.01148	0.01770	0.00765	0.01339	0.00909	0.01052	0.00622	0.00718	0.00574	0.00383	0.00287	0.00096	0.00478	0.00239	0.00191	0.00574
13	0.02962	0.00891	0.01072	0.12186	0.09345	0.09230	0.02713	0.08287	0.03492	0.01336	0.04703	0.07835	0.05559	0.11256	0.00895	0.07182	0.08649	0.01638	0.00289	0.00479
14	0.00764	0.00527	0.00726	0.02857	0.00860	0.00540	0.02042	0.02851	0.02269	0.08033	0.03609	0.59055	0.02418	0.01233	0.02316	0.00187	0.06513	0.02368	0.00401	0.00433
15	0.01151	0.00958	0.01020	0.00905	0.01156	0.01094	0.00706	0.12890	0.63961	0.01947	0.01766	0.07718	0.01401	0.00656	0.00463	0.00152	0.00366	0.00549	0.00451	0.00690
16	0.00845	0.00787	0.01318	0.34467	0.20503	0.00849	0.07013	0.01094	0.00970	0.01286	0.05246	0.08955	0.10013	0.00647	0.00484	0.00151	0.00497	0.04084	0.00272	0.00522
17	0.01060	0.12436	0.02693	0.18527	0.08658	0.04863	0.06720	0.07872	0.05552	0.04628	0.03168	0.10779	0.03160	0.00678	0.02482	0.00157	0.05202	0.00514	0.00291	0.00559
18	0.00638	0.00432	0.00508	0.00520	0.00529	0.00435	0.00308	0.00659	0.00678	0.00910	0.01509	0.11679	0.01734	0.69216	0.08066	0.00427	0.00472	0.00705	0.00284	0.00291
19	0.00622	0.00429	0.00554	0.00605	0.00676	0.00393	0.00428	0.00738	0.00979	0.04300	0.18401	0.52634	0.12305	0.01235	0.00555	0.00169	0.00256	0.03893	0.00436	0.00393
20	0.03900	0.02257	0.03847	0.05101	0.12322	0.10890	0.01979	0.20704	0.04457	0.02944	0.00983	0.01205	0.00797	0.01978	0.11730	0.01687	0.07974	0.00398	0.04259	0.00588
21	0.00997	0.00797	0.01111	0.07441	0.15871	0.05343	0.04217	0.03812	0.00956	0.07487	0.02492	0.12435	0.06507	0.00927	0.02539	0.14793	0.07519	0.02889	0.01381	0.00487
22	0.00591	0.00426	0.00544	0.00619	0.00666	0.00403	0.00428	0.02142	0.00894	0.01181	0.04203	0.60881	0.08611	0.09326	0.00732	0.00204	0.00289	0.07089	0.00403	0.00368
23	0.04948	0.04974	0.06322	0.02798	0.01235	0.02467	0.06231	0.14812	0.11781	0.09375	0.05461	0.08722	0.02941	0.00730	0.01865	0.00157	0.01624	0.08004	0.03080	0.02475
24	0.01114	0.02883	0.08439	0.09774	0.09277	0.09304	0.18034	0.04068	0.06629	0.07319	0.03571	0.07638	0.02080	0.00571	0.00505	0.00145	0.03544	0.01947	0.02577	0.00583

[dist]
# distance from previous block
# <min> <max>
1	7

[block]
# block no. 9 follows, 58 sequences, length 22
# corresponding to MSA columns:
# 440-461
name=unknown_J
#
# <colnr> <probs for GDERKNQSTAVLIFYWHMCP>
#	G	D	E	R	K	N	Q	S	T	A	V	L	I	F	Y	W	H	M	C	P
0	0.02753	0.00694	0.03646	0.00826	0.07492	0.00649	0.00589	0.07243	0.08628	0.04385	0.30805	0.07911	0.12739	0.06144	0.00603	0.00162	0.00317	0.00698	0.03214	0.00501
1	0.01061	0.05357	0.05496	0.03880	0.17109	0.04116	0.08097	0.04371	0.07495	0.04672	0.04070	0.04448	0.02078	0.01483	0.01836	0.00134	0.00476	0.00433	0.01761	0.21628
2	0.00667	0.00480	0.00557	0.00552	0.00639	0.00465	0.00384	0.00836	0.08135	0.01240	0.15105	0.11248	0.23646	0.19401	0.01058	0.11161	0.00304	0.00765	0.02987	0.00368
3	0.00803	0.02989	0.15073	0.05195	0.06852	0.00787	0.02533	0.03392	0.02329	0.01262	0.04144	0.18469	0.04236	0.10956	0.08754	0.00246	0.08290	0.02916	0.00291	0.00483
4	0.28179	0.00628	0.00628	0.00573	0.00775	0.00630	0.00449	0.01108	0.02446	0.11196	0.17841	0.05541	0.26827	0.00795	0.00440	0.00145	0.00283	0.00641	0.00404	0.00471
5	0.00683	0.00450	0.00556	0.00564	0.00627	0.00451	0.00387	0.00770	0.00794	0.04177	0.01941	0.16114	0.11544	0.31615	0.19698	0.00382	0.00531	0.00724	0.07630	0.00360
6	0.00930	0.00677	0.00771	0.00710	0.00868	0.00722	0.00531	0.01519	0.33177	0.06812	0.21659	0.02486	0.02164	0.17981	0.00852	0.00207	0.00334	0.04004	0.03068	0.00528
7	0.01196	0.84548	0.02344	0.00765	0.01148	0.01770	0.00765	0.01339	0.00909	0.01052	0.00622	0.00718	0.00574	0.00383	0.00287	0.00096	0.00478	0.00239	0.00191	0.00574
8	0.01629	0.01021	0.01164	0.00904	0.01236	0.01056	0.00737	0.46136	0.03084	0.23360	0.01318	0.05006	0.00976	0.02681	0.00491	0.00140	0.00435	0.00452	0.00455	0.07719
9	0.01226	0.79285	0.02275	0.00790	0.01163	0.06924	0.00772	0.01368	0.00932	0.01055	0.00626	0.00723	0.00574	0.00388	0.00294	0.00097	0.00499	0.00242	0.00194	0.00571
10	0.00860	0.00688	0.00804	0.00626	0.00923	0.00555	0.00493	0.03681	0.01061	0.03626	0.18164	0.01959	0.13541	0.00586	0.00409	0.00099	0.00297	0.00490	0.00349	0.50789
11	0.00761	0.00712	0.03926	0.00890	0.00965	0.00845	0.00738	0.00914	0.00716	0.01065	0.00981	0.01469	0.00922	0.02395	0.52640	0.00524	0.28429	0.00445	0.00223	0.00439
12	0.87439	0.00865	0.00657	0.00588	0.00865	0.01003	0.00484	0.01315	0.00761	0.02007	0.00623	0.00727	0.00484	0.00415	0.00277	0.00138	0.00346	0.00242	0.00277	0.00484
13	0.00569	0.00445	0.00510	0.00536	0.00642	0.00396	0.00394	0.00689	0.00997	0.01262	0.13819	0.20584	0.43486	0.06281	0.00652	0.00178	0.00260	0.07508	0.00416	0.00377
14	0.01141	0.24824	0.03094	0.07900	0.01286	0.18636	0.00793	0.07209	0.01058	0.01263	0.01080	0.11115	0.01053	0.00756	0.04196	0.00160	0.04888	0.05580	0.03451	0.00518
15	0.00529	0.00453	0.00453	0.00453	0.00604	0.00378	0.00340	0.00642	0.01020	0.01208	0.04532	0.04305	0.81307	0.01133	0.00529	0.00151	0.00227	0.00944	0.00415	0.00378
16	0.02672	0.00619	0.00793	0.00699	0.00878	0.00613	0.00540	0.03772	0.05421	0.28510	0.07835	0.08533	0.01571	0.11026	0.13508	0.01786	0.01815	0.01967	0.06906	0.00534
17	0.00858	0.00717	0.03030	0.04360	0.15715	0.02042	0.04585	0.02674	0.04885	0.03007	0.02631	0.24377	0.01603	0.03074	0.06220	0.04527	0.00454	0.04505	0.10247	0.00488
18	0.01192	0.10573	0.05880	0.03747	0.26224	0.18197	0.08908	0.04164	0.06927	0.01405	0.04014	0.01293	0.02852	0.00486	0.00435	0.00131	0.00578	0.02120	0.00262	0.00612
19	0.00638	0.00474	0.00685	0.00685	0.00767	0.00539	0.00528	0.00791	0.00742	0.01063	0.01426	0.01957	0.06257	0.05855	0.72055	0.00654	0.01080	0.00513	0.02895	0.00394
20	0.00942	0.00803	0.02588	0.08733	0.21433	0.02198	0.04680	0.04102	0.03871	0.04552	0.03706	0.06912	0.08843	0.00778	0.01533	0.00161	0.00451	0.16765	0.06408	0.00541
21	0.04869	0.03162	0.05767	0.05862	0.09610	0.13577	0.11171	0.06512	0.02454	0.01371	0.02049	0.04590	0.03663	0.07383	0.10033	0.00229	0.03971	0.00472	0.02728	0.00526

[dist]
# distance from previous block
# <min> <max>
3	48

[block]
# block no. 10 follows, 58 sequences, length 10
# corresponding to MSA columns:
# 512-517,519-522
name=unknown_K
#
# <colnr> <probs for GDERKNQSTAVLIFYWHMCP>
#	G	D	E	R	K	N	Q	S	T	A	V	L	I	F	Y	W	H	M	C	P
0	0.00632	0.02511	0.00600	0.00618	0.00702	0.00440	0.00457	0.00747	0.00947	0.03153	0.08483	0.42054	0.18065	0.05353	0.00642	0.00186	0.00291	0.13321	0.00411	0.00388
1	0.01015	0.05499	0.13976	0.03391	0.06935	0.10186	0.11868	0.05363	0.04783	0.03512	0.07628	0.08309	0.12523	0.00653	0.00466	0.00141	0.00504	0.00569	0.02125	0.00554
2	0.00667	0.00491	0.00684	0.02424	0.00764	0.00554	0.00501	0.00754	0.00715	0.00995	0.01383	0.06439	0.04854	0.20984	0.43117	0.07905	0.05589	0.00566	0.00257	0.00357
3	0.07081	0.00897	0.02834	0.10013	0.23188	0.00918	0.02099	0.10853	0.06631	0.08832	0.08091	0.07332	0.02896	0.00614	0.00472	0.00145	0.01687	0.03038	0.01774	0.00606
4	0.76507	0.00841	0.00695	0.00678	0.04591	0.00956	0.00514	0.01264	0.00794	0.01918	0.00944	0.01029	0.06930	0.00472	0.00305	0.00139	0.00345	0.00305	0.00285	0.00486
5	0.04874	0.00704	0.00735	0.00658	0.00844	0.07073	0.00512	0.03985	0.04072	0.14671	0.32620	0.02759	0.17853	0.00810	0.00483	0.00141	0.00316	0.02806	0.03583	0.00501
6	0.00927	0.00897	0.07392	0.05353	0.10954	0.04829	0.00752	0.09957	0.05609	0.01362	0.01319	0.10741	0.01311	0.22758	0.09523	0.00281	0.00551	0.02962	0.00300	0.02222
7	0.00550	0.00419	0.00507	0.00567	0.00644	0.00376	0.00400	0.00651	0.00940	0.01204	0.07104	0.49487	0.30364	0.01278	0.00556	0.00170	0.00251	0.03742	0.00419	0.00373
8	0.00901	0.10366	0.01099	0.04284	0.01083	0.02945	0.05325	0.08389	0.09129	0.01389	0.04676	0.31615	0.01824	0.05867	0.00663	0.00175	0.05784	0.03646	0.00352	0.00490
9	0.03047	0.21263	0.24996	0.03313	0.03473	0.02779	0.14100	0.01414	0.00959	0.07704	0.00827	0.00985	0.00639	0.00447	0.00502	0.00133	0.08350	0.00354	0.00233	0.04483

[dist]
# distance from previous block
# <min> <max>
1	29

[block]
# block no. 11 follows, 58 sequences, length 19
# corresponding to MSA columns:
# 558-576
name=unknown_L
#
# <colnr> <probs for GDERKNQSTAVLIFYWHMCP>
#	G	D	E	R	K	N	Q	S	T	A	V	L	I	F	Y	W	H	M	C	P
0	0.03669	0.04377	0.02494	0.06573	0.06725	0.04761	0.02878	0.08253	0.07528	0.07904	0.04240	0.18793	0.05984	0.02618	0.04198	0.00181	0.04673	0.00633	0.02986	0.00534
1	0.25482	0.04084	0.06509	0.05606	0.01530	0.04653	0.22863	0.05767	0.07715	0.01660	0.03900	0.02719	0.04645	0.00499	0.00422	0.00142	0.00516	0.00440	0.00289	0.00559
2	0.00688	0.00505	0.00711	0.00698	0.00743	0.00530	0.03491	0.00736	0.00798	0.01084	0.07049	0.27483	0.04396	0.17677	0.02943	0.15553	0.08752	0.05499	0.00320	0.00345
3	0.00637	0.00494	0.00692	0.00710	0.00796	0.00471	0.05263	0.02697	0.02907	0.01263	0.06074	0.55449	0.10193	0.03358	0.00604	0.00181	0.00308	0.07096	0.00405	0.00402
4	0.01245	0.22348	0.01466	0.00925	0.03187	0.13049	0.02654	0.09196	0.07061	0.04798	0.00907	0.01045	0.00744	0.00452	0.00415	0.00109	0.03824	0.01843	0.00284	0.24448
5	0.04497	0.00481	0.00574	0.00607	0.00710	0.00461	0.00450	0.02924	0.00965	0.03116	0.06178	0.36368	0.23577	0.01319	0.06218	0.00205	0.00339	0.07853	0.02754	0.00403
6	0.01355	0.02976	0.04391	0.01052	0.04634	0.11519	0.00825	0.27002	0.31957	0.03489	0.01361	0.05188	0.01066	0.00582	0.00446	0.00140	0.00474	0.00463	0.00398	0.00681
7	0.01061	0.07746	0.08299	0.04102	0.01311	0.00903	0.10722	0.11449	0.05989	0.08248	0.06720	0.11947	0.04771	0.01522	0.01598	0.02527	0.01789	0.02490	0.01361	0.05446
8	0.06953	0.00847	0.01276	0.56157	0.12640	0.03858	0.01112	0.01171	0.00937	0.01284	0.05988	0.04046	0.00913	0.00501	0.00442	0.00146	0.00542	0.00438	0.00234	0.00515
9	0.01211	0.66614	0.12849	0.00850	0.01262	0.04816	0.00883	0.01405	0.00944	0.04688	0.00699	0.00787	0.00597	0.00399	0.00317	0.00104	0.00511	0.00263	0.00209	0.00592
10	0.00856	0.00614	0.00795	0.12542	0.03292	0.01902	0.00596	0.03959	0.04632	0.07643	0.10201	0.06361	0.16816	0.10882	0.08284	0.08754	0.00454	0.00631	0.00343	0.00441
11	0.01224	0.01091	0.01410	0.14244	0.21037	0.09374	0.06496	0.17569	0.06382	0.05479	0.04033	0.01471	0.07127	0.00535	0.00457	0.00138	0.00524	0.00463	0.00321	0.00626
12	0.00706	0.00600	0.00753	0.06124	0.05766	0.04528	0.00602	0.00840	0.00920	0.01192	0.05133	0.32373	0.12685	0.05839	0.06349	0.00223	0.03704	0.10895	0.00354	0.00413
13	0.07556	0.00722	0.00893	0.00776	0.01026	0.00702	0.00640	0.08045	0.05715	0.36941	0.03814	0.05974	0.03496	0.00754	0.00478	0.00155	0.00373	0.17551	0.03774	0.00614
14	0.04288	0.00751	0.01045	0.06922	0.07935	0.00779	0.08134	0.05148	0.15123	0.01521	0.06143	0.08584	0.17116	0.00826	0.00507	0.00159	0.00401	0.13722	0.00372	0.00524
15	0.05972	0.01443	0.01252	0.10777	0.11352	0.35152	0.00903	0.13717	0.04893	0.03017	0.00978	0.04014	0.01798	0.00513	0.00422	0.00130	0.00607	0.00389	0.02091	0.00579
16	0.00712	0.00527	0.00711	0.00711	0.00810	0.00518	0.04857	0.00939	0.08366	0.03042	0.04376	0.37124	0.07291	0.12178	0.00772	0.00206	0.00337	0.11628	0.04479	0.00417
17	0.00640	0.00469	0.00574	0.00618	0.00696	0.00450	0.00435	0.05284	0.02927	0.01343	0.10160	0.56000	0.13797	0.01223	0.00544	0.00168	0.00265	0.01088	0.02917	0.00404
18	0.02943	0.01030	0.02683	0.08161	0.21505	0.05482	0.09623	0.13828	0.06732	0.04320	0.03560	0.09445	0.02423	0.01663	0.00521	0.00148	0.03277	0.00522	0.01526	0.00609

[dist]
# distance from previous block
# <min> <max>
5	22

[block]
# block no. 12 follows, 58 sequences, length 11
# corresponding to MSA columns:
# 612-622
name=unknown_M
#
# <colnr> <probs for GDERKNQSTAVLIFYWHMCP>
#	G	D	E	R	K	N	Q	S	T	A	V	L	I	F	Y	W	H	M	C	P
0	0.03420	0.02638	0.01064	0.12388	0.10074	0.10430	0.00780	0.04546	0.04823	0.09108	0.01459	0.11933	0.05253	0.08625	0.04270	0.00201	0.04438	0.03712	0.00319	0.00519
1	0.01114	0.03700	0.06540	0.10442	0.17456	0.04797	0.03905	0.10432	0.12926	0.04808	0.03582	0.07958	0.01142	0.00598	0.00493	0.00145	0.03408	0.03202	0.01387	0.01966
2	0.04545	0.01077	0.03848	0.05957	0.26620	0.09314	0.04492	0.06757	0.05758	0.05177	0.04004	0.06499	0.04037	0.00562	0.00475	0.00137	0.02842	0.01437	0.00300	0.06163
3	0.00776	0.00606	0.00716	0.00710	0.00809	0.06595	0.03328	0.00889	0.02260	0.04550	0.09406	0.36022	0.07075	0.06131	0.02160	0.08289	0.00370	0.06666	0.00373	0.02270
4	0.00854	0.00857	0.07995	0.14926	0.18421	0.00807	0.00921	0.01118	0.04049	0.02775	0.09776	0.12081	0.05311	0.03804	0.03607	0.00183	0.06774	0.02228	0.02991	0.00522
5	0.00833	0.03109	0.01207	0.28001	0.03538	0.00842	0.10489	0.02227	0.09810	0.01336	0.05917	0.13666	0.10300	0.00781	0.02761	0.00167	0.01619	0.00633	0.02261	0.00503
6	0.00979	0.09132	0.61239	0.01305	0.01903	0.01103	0.12842	0.01436	0.00968	0.03837	0.00831	0.00981	0.00600	0.00418	0.00429	0.00139	0.00650	0.00355	0.00206	0.00648
7	0.00641	0.00496	0.00720	0.00717	0.00805	0.00473	0.07207	0.00805	0.03779	0.01257	0.07351	0.52917	0.06702	0.05844	0.00642	0.00185	0.00313	0.03826	0.04921	0.00400
8	0.01029	0.01172	0.06647	0.01570	0.01978	0.01067	0.55485	0.03815	0.11999	0.01514	0.01340	0.01516	0.07657	0.00481	0.00510	0.00150	0.00641	0.00546	0.00278	0.00606
9	0.00834	0.00752	0.01212	0.62326	0.04778	0.00879	0.01067	0.01089	0.00915	0.01208	0.06465	0.01399	0.02788	0.00536	0.00505	0.04191	0.00527	0.00427	0.00230	0.07872
10	0.26227	0.01215	0.04708	0.01272	0.01625	0.10549	0.34419	0.06696	0.01055	0.01642	0.00898	0.03352	0.00739	0.00468	0.00435	0.00144	0.00595	0.03136	0.00266	0.00559

[dist]
# distance from previous block
# <min> <max>
0	1

[block]
# block no. 13 follows, 58 sequences, length 10
# corresponding to MSA columns:
# 624-633
name=unknown_N
#
# <colnr> <probs for GDERKNQSTAVLIFYWHMCP>
#	G	D	E	R	K	N	Q	S	T	A	V	L	I	F	Y	W	H	M	C	P
0	0.00581	0.00427	0.00552	0.00639	0.00702	0.00399	0.00470	0.00692	0.00921	0.01196	0.02785	0.53598	0.15806	0.01321	0.00574	0.00182	0.00287	0.18077	0.00415	0.00376
1	0.00643	0.00445	0.00542	0.00555	0.00586	0.00450	0.00357	0.00710	0.02264	0.01008	0.05371	0.13925	0.05073	0.49677	0.11758	0.03319	0.00482	0.02207	0.00307	0.00319
2	0.00668	0.00490	0.00625	0.00640	0.00673	0.00525	0.00438	0.03380	0.00789	0.01076	0.01701	0.32657	0.01942	0.32527	0.13695	0.00357	0.06313	0.00829	0.00321	0.00357
3	0.15341	0.00844	0.01042	0.01031	0.09745	0.06755	0.09510	0.05136	0.02083	0.01404	0.01234	0.14295	0.01251	0.19866	0.02017	0.00220	0.02953	0.00575	0.04228	0.00470
4	0.01026	0.00890	0.01391	0.05952	0.46320	0.00900	0.02170	0.03392	0.06640	0.04448	0.07164	0.02881	0.07742	0.03908	0.00530	0.00149	0.00453	0.00508	0.02917	0.00620
5	0.01087	0.06924	0.01663	0.04551	0.59674	0.06640	0.01186	0.01321	0.01030	0.01385	0.02882	0.01374	0.07403	0.00475	0.00438	0.00131	0.00516	0.00434	0.00241	0.00646
6	0.14456	0.00729	0.00925	0.13220	0.01279	0.00737	0.00660	0.04637	0.01118	0.36136	0.11167	0.01662	0.01343	0.06434	0.00556	0.00160	0.00390	0.00466	0.03334	0.00591
7	0.00907	0.02118	0.69883	0.06960	0.02048	0.01043	0.08067	0.01399	0.00950	0.01399	0.00811	0.00983	0.00578	0.00423	0.00435	0.00143	0.00664	0.00351	0.00193	0.00645
8	0.00655	0.00476	0.00640	0.00732	0.00820	0.00461	0.00601	0.00817	0.00983	0.01274	0.02624	0.25560	0.11042	0.01268	0.00596	0.00194	0.00352	0.50098	0.00413	0.00396
9	0.01480	0.11773	0.10156	0.04125	0.01511	0.55258	0.03822	0.04536	0.01200	0.01202	0.00721	0.00849	0.00586	0.00447	0.00400	0.00119	0.00731	0.00304	0.00228	0.00552

[dist]
# distance from previous block
# <min> <max>
0	214

# created by:
# /st0/software/busco_prod/Augustus/scripts/msa2prfl.pl ./align_prep/40039.fa
