[name]
unknown

[dist]
# distance from previous block
# <min> <max>
0	78

[block]
# block no. 0 follows, 69 sequences, length 69
# corresponding to MSA columns:
# 85-153
name=unknown_A
#
# <colnr> <probs for GDERKNQSTAVLIFYWHMCP>
#	G	D	E	R	K	N	Q	S	T	A	V	L	I	F	Y	W	H	M	C	P
0	0.02019	0.00499	0.00624	0.00561	0.00710	0.01202	0.00431	0.02386	0.02188	0.21648	0.37267	0.11963	0.10413	0.02786	0.00480	0.00134	0.00250	0.02649	0.00416	0.01375
1	0.05955	0.00818	0.09377	0.01075	0.20450	0.00688	0.01602	0.03070	0.02053	0.07470	0.12144	0.01607	0.12204	0.00638	0.04297	0.00139	0.03459	0.00440	0.00283	0.12232
2	0.00940	0.01078	0.02247	0.01614	0.02000	0.04005	0.78339	0.01260	0.00934	0.01249	0.01864	0.01069	0.00632	0.00339	0.00459	0.00131	0.00656	0.00458	0.00201	0.00524
3	0.00814	0.00717	0.01043	0.01362	0.35755	0.03691	0.02558	0.01038	0.04699	0.04144	0.17344	0.09514	0.12741	0.00633	0.00427	0.00126	0.00353	0.02244	0.00302	0.00494
4	0.00983	0.53181	0.19813	0.00847	0.04590	0.01292	0.00849	0.04423	0.04200	0.01112	0.01732	0.00794	0.00597	0.01555	0.00323	0.00101	0.00445	0.00260	0.00193	0.02708
5	0.01085	0.00573	0.02577	0.00594	0.00802	0.00484	0.00477	0.01252	0.03029	0.37089	0.16134	0.09283	0.15045	0.04389	0.00490	0.00135	0.00281	0.00579	0.00412	0.05289
6	0.01163	0.33472	0.01525	0.08886	0.02857	0.09164	0.01874	0.24677	0.02229	0.01404	0.00698	0.00812	0.00566	0.00423	0.00422	0.00110	0.08648	0.00290	0.00241	0.00536
7	0.00481	0.00349	0.00461	0.00541	0.00574	0.00329	0.00367	0.00556	0.00753	0.00999	0.02216	0.75662	0.07837	0.01312	0.05374	0.00185	0.00273	0.01055	0.00355	0.00321
8	0.01193	0.23573	0.01383	0.02518	0.03134	0.30496	0.02757	0.09986	0.08211	0.01198	0.02588	0.00865	0.00661	0.00439	0.00439	0.00111	0.09413	0.00298	0.00232	0.00505
9	0.03172	0.03872	0.21823	0.01508	0.31479	0.02540	0.08573	0.01311	0.04496	0.10630	0.04444	0.01078	0.00782	0.00448	0.02043	0.00130	0.00489	0.00362	0.00240	0.00579
10	0.04618	0.00684	0.00787	0.00576	0.00906	0.00529	0.00458	0.00975	0.00804	0.01286	0.00755	0.04583	0.00663	0.00335	0.00298	0.00065	0.00288	0.00271	0.00239	0.80881
11	0.00481	0.00369	0.00443	0.00497	0.00565	0.00331	0.00351	0.00570	0.00821	0.01047	0.05282	0.49313	0.32712	0.01121	0.00487	0.00149	0.00221	0.04546	0.00366	0.00327
12	0.01120	0.51093	0.03830	0.00827	0.04810	0.15308	0.00716	0.07663	0.00939	0.01110	0.00614	0.00705	0.00529	0.00355	0.00293	0.00089	0.00462	0.00239	0.00199	0.09100
13	0.01087	0.05104	0.16571	0.02954	0.21351	0.02776	0.00927	0.11141	0.01898	0.15424	0.04335	0.01303	0.03858	0.00482	0.00432	0.00123	0.04409	0.03744	0.00285	0.01796
14	0.01095	0.39911	0.15858	0.02097	0.05649	0.10803	0.02047	0.05824	0.05919	0.05392	0.00732	0.00809	0.00585	0.00382	0.00332	0.00104	0.01431	0.00275	0.00216	0.00540
15	0.01407	0.00776	0.03676	0.02129	0.08307	0.03555	0.03604	0.03602	0.03589	0.50834	0.06903	0.03256	0.02885	0.00504	0.00399	0.00120	0.00366	0.00426	0.00403	0.03257
16	0.00875	0.04760	0.11241	0.02151	0.07744	0.00668	0.00673	0.01108	0.02693	0.04742	0.00750	0.00859	0.00599	0.00323	0.00315	0.00078	0.00352	0.00261	0.00232	0.59575
17	0.01056	0.00735	0.00868	0.00641	0.00970	0.00615	0.00517	0.11465	0.00996	0.15792	0.00906	0.02698	0.00701	0.00367	0.00326	0.00079	0.00314	0.00294	0.00299	0.60361
18	0.00937	0.03908	0.00932	0.02755	0.05532	0.03797	0.00634	0.04136	0.55507	0.01561	0.13121	0.02903	0.01464	0.00555	0.00402	0.00128	0.00326	0.00467	0.00371	0.00567
19	0.00471	0.00384	0.00417	0.00438	0.00542	0.00330	0.00317	0.00566	0.00868	0.01067	0.06975	0.23945	0.60234	0.01042	0.00472	0.00139	0.00205	0.00893	0.00367	0.00330
20	0.06422	0.02415	0.06713	0.05787	0.02350	0.03263	0.06533	0.10560	0.03661	0.06628	0.01095	0.01352	0.04990	0.04511	0.27465	0.00297	0.04836	0.00401	0.00257	0.00464
21	0.19869	0.00863	0.01066	0.06018	0.15983	0.00931	0.02948	0.24871	0.05866	0.08748	0.03381	0.01038	0.00756	0.00537	0.04014	0.00142	0.00424	0.00346	0.00306	0.01892
22	0.01059	0.00850	0.00992	0.00858	0.03345	0.00929	0.04601	0.26853	0.34804	0.02745	0.10393	0.01632	0.05945	0.00567	0.00414	0.00128	0.00351	0.02571	0.00383	0.00581
23	0.01042	0.06033	0.05119	0.01744	0.09794	0.04939	0.03796	0.13132	0.07221	0.09460	0.03459	0.01155	0.01859	0.02767	0.08006	0.00161	0.03157	0.00357	0.00282	0.16519
24	0.00477	0.00350	0.00448	0.00524	0.00563	0.00321	0.00355	0.00551	0.00775	0.01017	0.03556	0.73378	0.13868	0.01190	0.00495	0.00155	0.00223	0.01069	0.00365	0.00321
25	0.00934	0.00952	0.08953	0.03867	0.26808	0.00909	0.02155	0.06227	0.34072	0.01458	0.01242	0.07545	0.02112	0.00508	0.00402	0.00128	0.00395	0.00447	0.00300	0.00586
26	0.00816	0.00706	0.00835	0.00607	0.00935	0.00562	0.00487	0.00985	0.00801	0.01258	0.00686	0.00816	0.00577	0.00313	0.00348	0.00065	0.05227	0.00239	0.00229	0.83510
27	0.00921	0.07479	0.54326	0.02862	0.01499	0.02720	0.02260	0.07717	0.05353	0.05470	0.03816	0.02295	0.00722	0.00421	0.00375	0.00121	0.00513	0.00334	0.00226	0.00570
28	0.00529	0.00461	0.05062	0.00594	0.00660	0.00409	0.00453	0.00636	0.00705	0.00968	0.01668	0.47762	0.01891	0.09041	0.25800	0.00318	0.00508	0.01901	0.00296	0.00336
29	0.04494	0.00794	0.00934	0.00731	0.01011	0.00800	0.00600	0.29646	0.04210	0.41632	0.01277	0.01192	0.00858	0.00475	0.00376	0.00117	0.00350	0.00373	0.09502	0.00626
30	0.01029	0.01294	0.23158	0.02912	0.08105	0.09889	0.08313	0.08417	0.24990	0.04417	0.01047	0.02944	0.00799	0.00448	0.00393	0.00125	0.00482	0.00380	0.00278	0.00579
31	0.01603	0.00677	0.00889	0.00685	0.00980	0.00595	0.00563	0.06486	0.01135	0.68788	0.03292	0.01418	0.04567	0.00501	0.00392	0.00118	0.00328	0.00407	0.00458	0.06120
32	0.01485	0.00689	0.00881	0.00694	0.00960	0.00646	0.00566	0.14058	0.02975	0.54956	0.16201	0.01563	0.01419	0.00541	0.00406	0.00121	0.00321	0.00446	0.00459	0.00613
33	0.00528	0.00394	0.00498	0.00562	0.00616	0.00381	0.00395	0.00691	0.07140	0.01092	0.06111	0.64219	0.08690	0.01127	0.00490	0.00155	0.00238	0.05954	0.00370	0.00348
34	0.01262	0.01471	0.00989	0.00900	0.01095	0.56536	0.00679	0.02790	0.16443	0.02215	0.04481	0.03667	0.04809	0.00500	0.00377	0.00112	0.00563	0.00364	0.00268	0.00478
35	0.00482	0.00345	0.00460	0.00551	0.00576	0.00323	0.00372	0.00554	0.00755	0.01006	0.02158	0.83465	0.02583	0.01224	0.00502	0.00160	0.00232	0.03570	0.00364	0.00320
36	0.01072	0.00870	0.01173	0.00937	0.01146	0.02474	0.11620	0.20190	0.08682	0.09081	0.04635	0.03139	0.03870	0.00625	0.03160	0.00148	0.21087	0.00421	0.00304	0.05369
37	0.25700	0.00519	0.00540	0.00525	0.00676	0.00523	0.00414	0.00882	0.00865	0.07111	0.15669	0.12371	0.21336	0.00786	0.00410	0.00136	0.00259	0.10539	0.00349	0.00390
38	0.01038	0.83281	0.05145	0.00688	0.01032	0.01527	0.00700	0.01176	0.00798	0.00934	0.00551	0.00636	0.00503	0.00337	0.00256	0.00085	0.00425	0.00213	0.00168	0.00506
39	0.02955	0.00487	0.00648	0.13690	0.00919	0.00544	0.00482	0.02114	0.03583	0.02211	0.01165	0.03759	0.02857	0.37324	0.24319	0.00374	0.01505	0.00489	0.00237	0.00337
40	0.00560	0.00448	0.00656	0.06218	0.02812	0.00457	0.04088	0.00685	0.00765	0.01025	0.07000	0.27363	0.14059	0.07427	0.23170	0.00291	0.00498	0.01833	0.00294	0.00351
41	0.00890	0.00815	0.01273	0.28732	0.39029	0.02388	0.01013	0.07787	0.00918	0.01243	0.00890	0.09310	0.00804	0.02702	0.00442	0.00132	0.00460	0.00428	0.00222	0.00522
42	0.00972	0.01092	0.02030	0.02400	0.03882	0.08827	0.64082	0.03238	0.02806	0.01247	0.00807	0.01052	0.00620	0.00472	0.04493	0.00152	0.00664	0.00434	0.00208	0.00520
43	0.00870	0.01767	0.02692	0.09880	0.18517	0.00772	0.16071	0.07200	0.05689	0.04792	0.01269	0.22215	0.02669	0.00609	0.00428	0.00132	0.00420	0.00575	0.02933	0.00500
44	0.00904	0.01137	0.12370	0.03642	0.11588	0.00955	0.58553	0.01233	0.00903	0.01256	0.00786	0.01029	0.00595	0.00343	0.00436	0.00128	0.00612	0.00422	0.02570	0.00539
45	0.09732	0.00935	0.01033	0.00804	0.01104	0.00997	0.00663	0.48728	0.05577	0.24770	0.01103	0.01047	0.00754	0.00468	0.00379	0.00120	0.00387	0.00356	0.00404	0.00642
46	0.04635	0.04735	0.02440	0.04899	0.12972	0.05056	0.04330	0.02108	0.06298	0.03639	0.03619	0.34204	0.06687	0.00775	0.00430	0.00136	0.00350	0.01941	0.00304	0.00441
47	0.06185	0.00546	0.00679	0.00613	0.00782	0.00520	0.00472	0.05414	0.02685	0.32662	0.01651	0.29537	0.01535	0.03298	0.00464	0.00141	0.00290	0.03894	0.08145	0.00485
48	0.01333	0.01597	0.01039	0.00939	0.01144	0.63693	0.00710	0.04504	0.14218	0.01128	0.00959	0.01003	0.05142	0.00459	0.00368	0.00108	0.00606	0.00318	0.00249	0.00482
49	0.02201	0.00876	0.01368	0.19985	0.39173	0.03922	0.05651	0.04412	0.01775	0.05109	0.00848	0.01199	0.00708	0.00457	0.01200	0.00132	0.05152	0.05066	0.00223	0.00542
50	0.02227	0.00629	0.00848	0.03295	0.05354	0.00710	0.01701	0.12007	0.04118	0.06741	0.01062	0.04477	0.00964	0.11229	0.34458	0.00361	0.08680	0.00436	0.00264	0.00439
51	0.00494	0.00380	0.00453	0.00477	0.00562	0.00339	0.00344	0.00607	0.00901	0.01174	0.23894	0.31231	0.34426	0.01024	0.00477	0.00140	0.00207	0.02152	0.00381	0.00337
52	0.00580	0.00394	0.00468	0.00483	0.00540	0.00369	0.00328	0.00647	0.00759	0.04400	0.07682	0.20736	0.19054	0.34911	0.01083	0.00239	0.00293	0.06400	0.00323	0.00310
53	0.05589	0.00517	0.00729	0.05639	0.10897	0.00545	0.00522	0.03922	0.03247	0.01967	0.01542	0.03027	0.00785	0.05907	0.01126	0.49497	0.01696	0.00373	0.02162	0.00311
54	0.01017	0.03047	0.01245	0.01016	0.01105	0.06995	0.03286	0.15203	0.00867	0.01220	0.00604	0.00862	0.00543	0.00610	0.01016	0.00154	0.60183	0.00339	0.00213	0.00477
55	0.00836	0.00690	0.00906	0.07187	0.10993	0.00598	0.00603	0.01035	0.02752	0.04828	0.02881	0.07504	0.00848	0.00449	0.01669	0.00095	0.01199	0.00351	0.00252	0.54323
56	0.00656	0.00525	0.00750	0.02457	0.13866	0.00505	0.02978	0.00801	0.01605	0.03295	0.13925	0.13064	0.18217	0.11799	0.09803	0.00214	0.00387	0.00634	0.00303	0.04216
57	0.00987	0.00746	0.00794	0.00698	0.00886	0.03793	0.00541	0.13477	0.33442	0.07510	0.13670	0.03174	0.03609	0.07613	0.00536	0.00147	0.00321	0.02311	0.05222	0.00524
58	0.05779	0.00495	0.00664	0.01950	0.02046	0.00482	0.05189	0.03217	0.02739	0.04259	0.16887	0.20613	0.15460	0.02581	0.00599	0.09859	0.00286	0.04792	0.01732	0.00370
59	0.11324	0.00712	0.00748	0.00644	0.00835	0.02726	0.00500	0.23330	0.06138	0.09205	0.10246	0.10553	0.12201	0.08433	0.00548	0.00150	0.00324	0.00542	0.00362	0.00480
60	0.06213	0.00516	0.00594	0.00561	0.00685	0.00516	0.00416	0.07561	0.06287	0.08107	0.15611	0.20618	0.14777	0.11098	0.03735	0.00182	0.00301	0.01454	0.00362	0.00404
61	0.05923	0.01215	0.00550	0.00532	0.00641	0.00446	0.00402	0.02735	0.01699	0.05736	0.19421	0.19137	0.19349	0.04288	0.08130	0.01419	0.00319	0.05671	0.02014	0.00372
62	0.02578	0.00566	0.00650	0.00607	0.00725	0.03558	0.02233	0.05736	0.10053	0.07050	0.14590	0.20329	0.07682	0.14754	0.00727	0.02889	0.00306	0.02360	0.02205	0.00402
63	0.07489	0.00588	0.00658	0.00604	0.00753	0.00608	0.00458	0.12874	0.11521	0.06363	0.16104	0.19718	0.11745	0.06726	0.00539	0.00151	0.00282	0.02001	0.00373	0.00442
64	0.05472	0.00487	0.00560	0.00524	0.00657	0.00470	0.00396	0.04698	0.04052	0.10776	0.20144	0.13745	0.19578	0.06184	0.00524	0.00144	0.00249	0.02447	0.08489	0.00406
65	0.03223	0.00515	0.00620	0.00579	0.00708	0.00501	0.00429	0.06728	0.05512	0.16458	0.11429	0.25255	0.09851	0.13350	0.00673	0.00173	0.00286	0.02910	0.00376	0.00423
66	0.04680	0.00681	0.00769	0.00647	0.00860	0.00680	0.00506	0.20228	0.08604	0.12890	0.08135	0.12150	0.11010	0.04312	0.00469	0.00131	0.00307	0.00535	0.01699	0.10707
67	0.08333	0.00572	0.00655	0.00584	0.00756	0.00566	0.00457	0.11072	0.04087	0.14856	0.18382	0.10599	0.19960	0.00817	0.03009	0.00145	0.00293	0.03009	0.01393	0.00454
68	0.02768	0.00458	0.00606	0.00576	0.00670	0.00480	0.01372	0.02506	0.02594	0.05777	0.13693	0.05783	0.07915	0.15997	0.36602	0.00385	0.00614	0.00544	0.00291	0.00366

[dist]
# distance from previous block
# <min> <max>
22	37

[block]
# block no. 1 follows, 69 sequences, length 6
# corresponding to MSA columns:
# 197-202
name=unknown_B
#
# <colnr> <probs for GDERKNQSTAVLIFYWHMCP>
#	G	D	E	R	K	N	Q	S	T	A	V	L	I	F	Y	W	H	M	C	P
0	0.02834	0.13388	0.14702	0.00984	0.03515	0.06406	0.13301	0.04241	0.05890	0.05537	0.08487	0.06422	0.01018	0.00500	0.00466	0.00122	0.08254	0.00413	0.00254	0.03265
1	0.00585	0.00404	0.00506	0.00530	0.00607	0.00378	0.00381	0.00724	0.03570	0.05061	0.20535	0.37635	0.14967	0.06710	0.00580	0.00160	0.00239	0.05696	0.00377	0.00355
2	0.05705	0.00545	0.03491	0.00557	0.00697	0.00492	0.00433	0.02907	0.07846	0.06372	0.12532	0.19438	0.20951	0.10089	0.00606	0.00161	0.00274	0.03334	0.00352	0.03219
3	0.09425	0.00862	0.00931	0.03935	0.04248	0.06372	0.02357	0.16900	0.26241	0.06463	0.01221	0.01379	0.02838	0.05840	0.07238	0.00181	0.00443	0.02261	0.00328	0.00536
4	0.10105	0.00591	0.00679	0.00603	0.00775	0.00600	0.00466	0.06127	0.10998	0.20917	0.08412	0.07722	0.06410	0.11732	0.03697	0.00179	0.00331	0.03941	0.05246	0.00470
5	0.06165	0.00483	0.00557	0.00533	0.00636	0.00478	0.00382	0.04031	0.05376	0.09311	0.13322	0.18829	0.09234	0.23548	0.00848	0.00200	0.00289	0.02437	0.02962	0.00378

[dist]
# distance from previous block
# <min> <max>
0	5

[block]
# block no. 2 follows, 69 sequences, length 17
# corresponding to MSA columns:
# 208-224
name=unknown_C
#
# <colnr> <probs for GDERKNQSTAVLIFYWHMCP>
#	G	D	E	R	K	N	Q	S	T	A	V	L	I	F	Y	W	H	M	C	P
0	0.04523	0.00523	0.00602	0.00549	0.00699	0.00512	0.00415	0.03254	0.10249	0.18416	0.08470	0.13684	0.13418	0.08147	0.00539	0.00147	0.00266	0.00590	0.14554	0.00445
1	0.07118	0.00488	0.00552	0.00546	0.00662	0.00482	0.00418	0.06202	0.02565	0.04212	0.08289	0.13965	0.22532	0.12628	0.00663	0.00175	0.00285	0.14934	0.02913	0.00373
2	0.03325	0.00571	0.00651	0.00573	0.00732	0.00567	0.00438	0.13819	0.05793	0.11079	0.23077	0.06547	0.19430	0.09408	0.00588	0.00152	0.00276	0.00613	0.01920	0.00443
3	0.05038	0.00593	0.00668	0.00599	0.00747	0.00611	0.00446	0.09303	0.15291	0.12788	0.08074	0.07837	0.09766	0.23543	0.00839	0.00197	0.00319	0.02543	0.00355	0.00444
4	0.17111	0.00864	0.00916	0.00742	0.01005	0.00936	0.00606	0.38675	0.08941	0.13509	0.05007	0.01262	0.03014	0.00504	0.00372	0.00122	0.00357	0.02502	0.02978	0.00580
5	0.04378	0.00510	0.00567	0.00545	0.00657	0.00520	0.00397	0.05921	0.12169	0.03622	0.10190	0.17601	0.15897	0.17755	0.00741	0.00183	0.00279	0.02500	0.05177	0.00391
6	0.00684	0.00466	0.00548	0.00528	0.00631	0.00455	0.00382	0.03303	0.09034	0.06545	0.19672	0.17760	0.15786	0.16580	0.00732	0.00179	0.00263	0.01992	0.04078	0.00382
7	0.26024	0.00518	0.00506	0.00487	0.00584	0.00550	0.00335	0.04484	0.00705	0.01180	0.01358	0.12390	0.07852	0.40198	0.01109	0.00246	0.00327	0.00546	0.00272	0.00329
8	0.04520	0.00702	0.00854	0.00822	0.06052	0.00762	0.04299	0.02608	0.37663	0.04101	0.07398	0.09034	0.08634	0.07595	0.00569	0.00154	0.02834	0.00543	0.00350	0.00504
9	0.02265	0.00481	0.00577	0.00564	0.00662	0.00477	0.00405	0.03991	0.09443	0.08957	0.11423	0.28711	0.08455	0.16241	0.00764	0.02828	0.00282	0.02731	0.00357	0.00387
10	0.03760	0.00489	0.00603	0.00596	0.00707	0.00480	0.00439	0.07518	0.03319	0.13346	0.04679	0.47468	0.03623	0.02505	0.02686	0.00160	0.00288	0.02930	0.03989	0.00415
11	0.01145	0.00786	0.00930	0.03337	0.04077	0.03292	0.00630	0.25271	0.09269	0.15659	0.02552	0.01342	0.00928	0.08932	0.13867	0.02744	0.03976	0.00402	0.00331	0.00528
12	0.00708	0.00636	0.00888	0.28686	0.12046	0.04648	0.00736	0.00882	0.02013	0.01039	0.02738	0.12073	0.11163	0.08421	0.04107	0.02355	0.00435	0.05772	0.00251	0.00402
13	0.00621	0.00502	0.00638	0.00638	0.03386	0.02146	0.02849	0.02969	0.02021	0.01212	0.23703	0.16251	0.16548	0.10724	0.04259	0.00185	0.02737	0.06121	0.00340	0.02149
14	0.08356	0.01011	0.00963	0.00816	0.01062	0.10771	0.00647	0.27183	0.35442	0.03878	0.04941	0.01207	0.00995	0.00495	0.00382	0.00123	0.00389	0.00385	0.00365	0.00589
15	0.02348	0.29099	0.31855	0.00935	0.05033	0.07478	0.00957	0.04570	0.00881	0.04974	0.00730	0.00866	0.00583	0.02319	0.03794	0.00134	0.00517	0.00283	0.02113	0.00531
16	0.00898	0.13379	0.13531	0.00757	0.02649	0.02088	0.00682	0.07631	0.06165	0.07233	0.08919	0.02461	0.04076	0.12037	0.03774	0.00173	0.03266	0.05592	0.00284	0.04403

[dist]
# distance from previous block
# <min> <max>
0	1

[block]
# block no. 3 follows, 69 sequences, length 8
# corresponding to MSA columns:
# 226-233
name=unknown_D
#
# <colnr> <probs for GDERKNQSTAVLIFYWHMCP>
#	G	D	E	R	K	N	Q	S	T	A	V	L	I	F	Y	W	H	M	C	P
0	0.00541	0.00381	0.00467	0.00495	0.00529	0.00373	0.00330	0.00601	0.00704	0.00935	0.06452	0.23659	0.08873	0.40503	0.06867	0.00290	0.00359	0.07052	0.00299	0.00291
1	0.18050	0.00907	0.03323	0.17794	0.33311	0.04249	0.05906	0.05573	0.00882	0.01356	0.00766	0.04781	0.00647	0.00409	0.00369	0.00123	0.00457	0.00359	0.00218	0.00522
2	0.03880	0.08074	0.09800	0.04648	0.09850	0.04648	0.04288	0.12429	0.08161	0.11732	0.03885	0.03272	0.08334	0.00586	0.03318	0.00137	0.00435	0.00415	0.00299	0.01810
3	0.00794	0.03044	0.09666	0.04098	0.26687	0.03120	0.02363	0.01021	0.03596	0.03459	0.06861	0.05269	0.22349	0.00619	0.00452	0.00127	0.03843	0.01873	0.00272	0.00487
4	0.01127	0.00745	0.00836	0.00692	0.00924	0.00770	0.00554	0.26825	0.15303	0.17257	0.11267	0.01934	0.18798	0.00633	0.00417	0.00125	0.00315	0.00518	0.00409	0.00554
5	0.01025	0.33978	0.07722	0.05965	0.12186	0.04961	0.04156	0.10672	0.03134	0.01261	0.03528	0.00918	0.00692	0.00403	0.00370	0.00107	0.03853	0.00307	0.04234	0.00528
6	0.04386	0.07620	0.12510	0.12319	0.22627	0.05116	0.08051	0.07125	0.03000	0.07115	0.02091	0.03376	0.00710	0.00419	0.00395	0.00121	0.01872	0.00363	0.00236	0.00549
7	0.00511	0.00388	0.00463	0.00478	0.00560	0.00356	0.00345	0.00617	0.00862	0.01125	0.20982	0.20164	0.32066	0.10557	0.05449	0.00194	0.00276	0.03920	0.00356	0.00329

[dist]
# distance from previous block
# <min> <max>
3	5

[block]
# block no. 4 follows, 69 sequences, length 15
# corresponding to MSA columns:
# 239-253
name=unknown_E
#
# <colnr> <probs for GDERKNQSTAVLIFYWHMCP>
#	G	D	E	R	K	N	Q	S	T	A	V	L	I	F	Y	W	H	M	C	P
0	0.44384	0.00729	0.00699	0.00617	0.00823	0.03216	0.02402	0.08650	0.02340	0.05850	0.03244	0.03118	0.03210	0.01622	0.03019	0.00144	0.01785	0.06085	0.07616	0.00446
1	0.02400	0.12743	0.33914	0.00979	0.05872	0.02182	0.03899	0.07735	0.00946	0.07995	0.05208	0.06469	0.04008	0.00485	0.00391	0.00120	0.01893	0.00394	0.00250	0.02117
2	0.03696	0.04030	0.06993	0.03045	0.13021	0.07102	0.08652	0.10548	0.04533	0.02976	0.05296	0.11948	0.05357	0.01987	0.03944	0.00148	0.01885	0.00485	0.00275	0.04078
3	0.00564	0.00419	0.00508	0.00499	0.00599	0.00397	0.00369	0.00735	0.04606	0.03023	0.30977	0.12569	0.27714	0.05485	0.09567	0.00198	0.00306	0.00736	0.00369	0.00361
4	0.00565	0.00385	0.00447	0.00447	0.00459	0.00390	0.00266	0.00583	0.00588	0.00787	0.01317	0.02505	0.04420	0.74521	0.10425	0.00397	0.00442	0.00564	0.00239	0.00253
5	0.58410	0.05305	0.00865	0.05320	0.05411	0.15023	0.02346	0.01220	0.00772	0.01504	0.00580	0.00697	0.00462	0.00369	0.00282	0.00116	0.00405	0.00239	0.00225	0.00447
6	0.00606	0.00442	0.00526	0.00548	0.03481	0.00436	0.00359	0.00789	0.08003	0.01164	0.21349	0.10269	0.12502	0.29913	0.00966	0.00213	0.00278	0.00652	0.07160	0.00345
7	0.02841	0.44496	0.03315	0.00896	0.06276	0.26007	0.02160	0.01280	0.00897	0.01012	0.00595	0.00699	0.00517	0.00354	0.00299	0.00091	0.00503	0.00239	0.00186	0.07335
8	0.00487	0.00354	0.00460	0.00534	0.00574	0.00328	0.00367	0.00570	0.00795	0.01053	0.08207	0.69644	0.10307	0.01171	0.00495	0.00155	0.00226	0.03582	0.00369	0.00325
9	0.01046	0.01038	0.07234	0.11117	0.33797	0.09521	0.04513	0.05121	0.07973	0.07642	0.02117	0.01130	0.00754	0.00417	0.00391	0.00120	0.00477	0.02505	0.00249	0.02837
10	0.04096	0.08631	0.17021	0.01333	0.24528	0.07122	0.06442	0.05406	0.03990	0.06016	0.02617	0.03189	0.05549	0.00450	0.00395	0.00119	0.01923	0.00381	0.00242	0.00550
11	0.00531	0.00429	0.03138	0.00546	0.00601	0.00399	0.00395	0.00616	0.00686	0.00928	0.01712	0.34452	0.07308	0.22995	0.23087	0.00336	0.00492	0.00749	0.00285	0.00316
12	0.02752	0.00696	0.00890	0.02564	0.02997	0.00663	0.01994	0.15943	0.01182	0.43870	0.06326	0.04641	0.12543	0.00587	0.00410	0.00124	0.00333	0.00486	0.00422	0.00579
13	0.02948	0.01095	0.06246	0.02988	0.12502	0.17446	0.12386	0.09455	0.04815	0.11076	0.03335	0.09250	0.00929	0.00492	0.00399	0.00120	0.00483	0.00430	0.00283	0.03320
14	0.19948	0.05623	0.04526	0.02942	0.04042	0.09297	0.00579	0.07235	0.02691	0.06206	0.05091	0.20370	0.06999	0.00694	0.01974	0.00136	0.00371	0.00528	0.00300	0.00449

[dist]
# distance from previous block
# <min> <max>
0	47

[block]
# block no. 5 follows, 69 sequences, length 22
# corresponding to MSA columns:
# 301-322
name=unknown_F
#
# <colnr> <probs for GDERKNQSTAVLIFYWHMCP>
#	G	D	E	R	K	N	Q	S	T	A	V	L	I	F	Y	W	H	M	C	P
0	0.03588	0.01971	0.04795	0.01097	0.15233	0.18920	0.04655	0.01206	0.05495	0.07130	0.05753	0.12484	0.01270	0.02860	0.00478	0.00137	0.02488	0.09681	0.00283	0.00477
1	0.24398	0.01867	0.03664	0.00953	0.14824	0.00769	0.02775	0.10147	0.02611	0.10103	0.04378	0.15819	0.01094	0.00559	0.00368	0.00125	0.00346	0.00466	0.03302	0.01431
2	0.01072	0.13895	0.12569	0.01364	0.21785	0.12114	0.12294	0.07850	0.00983	0.05250	0.01978	0.03684	0.00694	0.00414	0.00397	0.00116	0.02408	0.00356	0.00227	0.00551
3	0.01377	0.10132	0.01197	0.00958	0.01170	0.65629	0.00743	0.06718	0.01095	0.01052	0.00632	0.00745	0.00530	0.00489	0.02988	0.00119	0.03483	0.00263	0.00210	0.00469
4	0.01059	0.00848	0.00908	0.00780	0.01008	0.00956	0.00616	0.22970	0.50700	0.01845	0.09717	0.01474	0.01305	0.00541	0.00399	0.00127	0.00325	0.00444	0.03379	0.00599
5	0.00892	0.04411	0.10217	0.01143	0.05101	0.11765	0.23937	0.01975	0.00825	0.01081	0.00836	0.04760	0.00759	0.07657	0.10931	0.00212	0.12418	0.00415	0.00204	0.00461
6	0.00512	0.00381	0.00446	0.00461	0.00547	0.00342	0.00331	0.00628	0.00898	0.01196	0.24841	0.24755	0.32681	0.04305	0.00521	0.00144	0.00209	0.00832	0.05634	0.00337
7	0.00498	0.00399	0.00441	0.00434	0.00549	0.00347	0.00325	0.00621	0.00947	0.01204	0.27593	0.03494	0.55204	0.03837	0.00517	0.00139	0.00204	0.02528	0.00380	0.00340
8	0.00635	0.00646	0.07836	0.00643	0.00806	0.03108	0.05736	0.03296	0.00996	0.01336	0.36774	0.09127	0.19245	0.03688	0.00508	0.00139	0.00294	0.04435	0.00356	0.00393
9	0.00561	0.00418	0.00620	0.00620	0.00686	0.00485	0.00477	0.00694	0.00627	0.00903	0.01059	0.01592	0.01002	0.07116	0.80524	0.00618	0.01016	0.00428	0.00211	0.00344
10	0.00756	0.00721	0.01244	0.78928	0.04780	0.00879	0.05166	0.01020	0.00794	0.01022	0.00703	0.01044	0.00529	0.00388	0.00395	0.00130	0.00528	0.00354	0.00176	0.00445
11	0.07644	0.31759	0.29614	0.00887	0.01276	0.14453	0.02129	0.03827	0.00891	0.03329	0.00651	0.00744	0.00514	0.00369	0.00319	0.00106	0.00512	0.00257	0.00194	0.00525
12	0.01024	0.00842	0.01030	0.00885	0.03507	0.00917	0.07689	0.20169	0.39264	0.03022	0.13258	0.01576	0.03949	0.00548	0.00414	0.00127	0.00352	0.00471	0.00379	0.00579
13	0.00813	0.00697	0.00813	0.00581	0.00929	0.00523	0.00465	0.00987	0.00813	0.01277	0.00697	0.00813	0.00581	0.00290	0.00290	0.00058	0.00290	0.00232	0.00232	0.88619
14	0.00476	0.00398	0.00415	0.00411	0.00537	0.00336	0.00308	0.00587	0.00924	0.01131	0.15140	0.03654	0.72404	0.00966	0.00463	0.00131	0.00197	0.00811	0.00374	0.00336
15	0.04308	0.00694	0.00915	0.00704	0.01006	0.00621	0.00581	0.06421	0.01149	0.77040	0.01483	0.01292	0.00937	0.00481	0.00390	0.00121	0.00338	0.00387	0.00473	0.00660
16	0.00579	0.00432	0.00506	0.00510	0.00593	0.00413	0.00360	0.06130	0.02444	0.01197	0.17436	0.30418	0.22947	0.13385	0.00692	0.00175	0.00250	0.00824	0.00361	0.00348
17	0.04569	0.00454	0.00509	0.00482	0.00615	0.00422	0.00365	0.02402	0.03746	0.06532	0.26154	0.09158	0.37350	0.00844	0.00439	0.00128	0.00218	0.00716	0.04512	0.00385
18	0.01228	0.00831	0.00919	0.00759	0.01003	0.02059	0.00607	0.29458	0.24179	0.17074	0.08746	0.04108	0.04028	0.00560	0.00403	0.00124	0.00341	0.00456	0.02520	0.00595
19	0.00540	0.00418	0.00556	0.00584	0.02387	0.00390	0.03095	0.00689	0.03443	0.01189	0.20900	0.41708	0.18139	0.00994	0.00471	0.00141	0.00233	0.00887	0.02876	0.00357
20	0.00977	0.03739	0.02804	0.01149	0.17761	0.04871	0.10461	0.11867	0.06078	0.07528	0.14557	0.05747	0.07707	0.00569	0.00419	0.00124	0.00398	0.02403	0.00317	0.00523
21	0.00840	0.03899	0.22248	0.03554	0.07458	0.00756	0.05101	0.01191	0.08867	0.02345	0.06253	0.01052	0.00829	0.00382	0.00353	0.00099	0.00404	0.00325	0.00239	0.33807

[dist]
# distance from previous block
# <min> <max>
2	30

[block]
# block no. 6 follows, 69 sequences, length 30
# corresponding to MSA columns:
# 353-382
name=unknown_G
#
# <colnr> <probs for GDERKNQSTAVLIFYWHMCP>
#	G	D	E	R	K	N	Q	S	T	A	V	L	I	F	Y	W	H	M	C	P
0	0.00714	0.03408	0.03849	0.02708	0.01826	0.03521	0.00494	0.07533	0.05371	0.01418	0.38426	0.02355	0.12862	0.06057	0.05522	0.00168	0.00330	0.00586	0.02441	0.00413
1	0.00749	0.00467	0.00595	0.00578	0.00700	0.00442	0.00456	0.00940	0.04800	0.12768	0.27454	0.05337	0.12913	0.08542	0.00609	0.00163	0.00277	0.21412	0.00391	0.00402
2	0.10996	0.01023	0.06250	0.11381	0.32566	0.10050	0.00928	0.10023	0.02766	0.02326	0.02750	0.02446	0.00724	0.03622	0.00432	0.00129	0.00465	0.00352	0.00236	0.00536
3	0.00486	0.00399	0.00428	0.00423	0.00546	0.00341	0.00319	0.00605	0.00940	0.01170	0.20884	0.03604	0.65191	0.00954	0.00464	0.00131	0.00198	0.02197	0.00378	0.00340
4	0.01113	0.00950	0.01009	0.00892	0.03687	0.07187	0.02956	0.26129	0.37721	0.01768	0.04426	0.06014	0.01150	0.00556	0.00407	0.00128	0.00383	0.02569	0.00368	0.00587
5	0.45031	0.00825	0.00779	0.00657	0.00911	0.00926	0.00535	0.18485	0.15484	0.08761	0.00921	0.00930	0.00675	0.00429	0.00315	0.00122	0.00330	0.00303	0.03053	0.00529
6	0.00538	0.00382	0.00469	0.00506	0.00574	0.00354	0.00359	0.00627	0.00799	0.03296	0.05939	0.39329	0.24408	0.09208	0.05631	0.00198	0.00289	0.04703	0.02060	0.00331
7	0.43588	0.00853	0.00857	0.00727	0.00920	0.04719	0.00599	0.08572	0.00833	0.11884	0.00702	0.00812	0.00542	0.00473	0.00548	0.00133	0.22210	0.00283	0.00266	0.00479
8	0.00718	0.00458	0.00535	0.00490	0.00616	0.00438	0.00375	0.06005	0.02442	0.06198	0.40042	0.02464	0.15082	0.00704	0.00408	0.00117	0.00213	0.00599	0.21693	0.00403
9	0.00740	0.00697	0.01176	0.85280	0.02700	0.00871	0.01089	0.01002	0.00784	0.01002	0.00697	0.01045	0.00523	0.00392	0.00392	0.00131	0.00523	0.00348	0.00174	0.00436
10	0.00850	0.00811	0.01387	0.40956	0.41616	0.00890	0.03312	0.01094	0.00837	0.01140	0.00746	0.02193	0.00611	0.01448	0.00413	0.00127	0.00493	0.00365	0.00188	0.00523
11	0.00633	0.00442	0.00558	0.00512	0.00625	0.00414	0.00389	0.04622	0.01128	0.04373	0.70629	0.02847	0.09748	0.00790	0.00457	0.00124	0.00203	0.00691	0.00426	0.00391
12	0.00562	0.00412	0.00587	0.00587	0.00642	0.00467	0.00436	0.00672	0.00617	0.00878	0.01089	0.01758	0.01075	0.20615	0.67123	0.00577	0.00908	0.00452	0.00216	0.00326
13	0.01886	0.00620	0.04120	0.05036	0.06146	0.01562	0.08437	0.00928	0.02708	0.09067	0.15684	0.20609	0.16892	0.00824	0.02101	0.01604	0.00337	0.00680	0.00334	0.00426
14	0.00970	0.05902	0.03227	0.05069	0.58097	0.02232	0.06622	0.03632	0.00909	0.01278	0.00729	0.00938	0.00602	0.00349	0.00377	0.00111	0.00469	0.00337	0.00201	0.07950
15	0.01319	0.00867	0.00979	0.00774	0.01035	0.00915	0.00630	0.50525	0.01542	0.15855	0.15499	0.03663	0.03477	0.00564	0.00409	0.00121	0.00361	0.00454	0.00413	0.00597
16	0.57281	0.16844	0.09152	0.00679	0.03127	0.05173	0.00609	0.01187	0.00735	0.01500	0.00569	0.00667	0.00455	0.00361	0.00266	0.00113	0.00376	0.00225	0.00218	0.00461
17	0.00540	0.00394	0.00447	0.00461	0.00546	0.00354	0.00326	0.00622	0.00814	0.03509	0.06143	0.18867	0.40999	0.19107	0.00797	0.00192	0.00254	0.04961	0.00343	0.00322
18	0.00643	0.13127	0.06597	0.00684	0.00844	0.00635	0.06584	0.00784	0.00807	0.01054	0.05018	0.31222	0.14631	0.03734	0.04119	0.00167	0.02718	0.05949	0.00296	0.00387
19	0.00934	0.07095	0.40943	0.01152	0.09548	0.04221	0.06325	0.07215	0.03483	0.04590	0.04466	0.03979	0.00784	0.00442	0.00411	0.00123	0.03141	0.00363	0.00227	0.00558
20	0.00907	0.59871	0.09810	0.00685	0.00985	0.01231	0.00685	0.01060	0.00812	0.00999	0.04475	0.11735	0.03120	0.00502	0.00314	0.00102	0.00394	0.01627	0.00212	0.00475
21	0.00485	0.00346	0.00463	0.00554	0.00580	0.00324	0.00376	0.00558	0.00757	0.01009	0.02157	0.82295	0.02578	0.01222	0.00502	0.00160	0.00233	0.04718	0.00364	0.00320
22	0.00478	0.00373	0.00434	0.00476	0.00556	0.00330	0.00339	0.00569	0.00839	0.01059	0.06797	0.41072	0.41318	0.01093	0.00482	0.00145	0.00215	0.02732	0.00367	0.00328
23	0.07453	0.40782	0.19822	0.00801	0.01154	0.06549	0.02181	0.05978	0.00891	0.03507	0.00810	0.03187	0.02944	0.00420	0.00318	0.00106	0.00454	0.01917	0.00212	0.00513
24	0.00666	0.00365	0.00517	0.00521	0.00545	0.00366	0.00364	0.00585	0.02114	0.00792	0.01033	0.01620	0.05756	0.02722	0.03843	0.68245	0.00349	0.06071	0.03310	0.00215
25	0.01509	0.00684	0.00919	0.00723	0.00996	0.00632	0.03447	0.08476	0.04266	0.58799	0.06357	0.01515	0.01153	0.00520	0.00400	0.00123	0.00337	0.03473	0.05057	0.00615
26	0.00644	0.00542	0.00733	0.00923	0.17543	0.02488	0.00567	0.00792	0.01876	0.01141	0.11130	0.19708	0.17782	0.06981	0.04673	0.00181	0.00346	0.11236	0.00317	0.00397
27	0.02805	0.02308	0.09914	0.00947	0.15868	0.02974	0.00661	0.05539	0.00895	0.01213	0.07451	0.22020	0.16730	0.05340	0.03432	0.00162	0.00368	0.00645	0.00295	0.00434
28	0.00847	0.00802	0.03466	0.57394	0.19736	0.00902	0.01090	0.04159	0.00850	0.03089	0.00729	0.01020	0.00559	0.00398	0.00421	0.00128	0.03377	0.00348	0.00194	0.00493
29	0.04545	0.00776	0.00868	0.00730	0.00966	0.00826	0.00583	0.19533	0.28453	0.21244	0.01485	0.03733	0.03965	0.03336	0.00445	0.00134	0.00334	0.02709	0.04751	0.00584

[dist]
# distance from previous block
# <min> <max>
0	25

[block]
# block no. 7 follows, 69 sequences, length 33
# corresponding to MSA columns:
# 410-442
name=unknown_H
#
# <colnr> <probs for GDERKNQSTAVLIFYWHMCP>
#	G	D	E	R	K	N	Q	S	T	A	V	L	I	F	Y	W	H	M	C	P
0	0.01115	0.01010	0.05453	0.04897	0.22265	0.07151	0.00838	0.27124	0.07061	0.04389	0.05945	0.01293	0.05967	0.01766	0.00419	0.00122	0.00429	0.00400	0.00305	0.02050
1	0.00644	0.01930	0.06042	0.03423	0.00805	0.02598	0.00526	0.00820	0.02989	0.04229	0.09679	0.11593	0.28316	0.04747	0.00536	0.00154	0.00307	0.19936	0.00343	0.00382
2	0.00824	0.02469	0.01089	0.05197	0.31396	0.03701	0.03786	0.04614	0.06463	0.01265	0.07069	0.17100	0.08040	0.02909	0.00461	0.00134	0.00378	0.00565	0.02051	0.00490
3	0.00547	0.00391	0.00474	0.00499	0.00582	0.00355	0.00356	0.00674	0.02479	0.03931	0.19454	0.39083	0.25929	0.01019	0.00472	0.00141	0.00215	0.00896	0.02152	0.00351
4	0.00666	0.00588	0.03469	0.00662	0.00789	0.02727	0.04993	0.05721	0.08367	0.01286	0.17655	0.35786	0.08396	0.00985	0.04345	0.00162	0.00322	0.00777	0.01901	0.00404
5	0.00751	0.03311	0.00594	0.00509	0.00646	0.00462	0.00388	0.00930	0.05246	0.13058	0.22408	0.05027	0.25522	0.09664	0.02558	0.00163	0.00269	0.01842	0.06249	0.00403
6	0.01011	0.42470	0.28625	0.00953	0.06342	0.06502	0.00961	0.03397	0.02466	0.03047	0.00667	0.00760	0.00537	0.00364	0.00316	0.00103	0.00489	0.00260	0.00189	0.00543
7	0.04264	0.00513	0.00633	0.00568	0.00725	0.00488	0.00440	0.02347	0.07121	0.20407	0.37023	0.09774	0.08866	0.00737	0.00433	0.00128	0.00245	0.02251	0.02581	0.00455
8	0.00563	0.00414	0.00600	0.00606	0.00669	0.00470	0.00462	0.00689	0.00640	0.00916	0.01142	0.04619	0.01119	0.10820	0.69816	0.00567	0.00922	0.02988	0.01639	0.00339
9	0.01396	0.01113	0.01110	0.00883	0.01164	0.08823	0.00713	0.62931	0.10872	0.02175	0.00995	0.01039	0.00740	0.03671	0.00449	0.00128	0.00441	0.00362	0.00370	0.00626
10	0.00607	0.00421	0.00478	0.00470	0.00497	0.00435	0.00288	0.00716	0.07451	0.00880	0.03397	0.02399	0.01430	0.70095	0.06465	0.00360	0.00402	0.00550	0.02377	0.00282
11	0.00986	0.58556	0.23845	0.00794	0.01183	0.04450	0.00871	0.01200	0.00817	0.01023	0.00609	0.00707	0.00515	0.00351	0.00288	0.00095	0.00466	0.00237	0.02490	0.00518
12	0.03421	0.03645	0.07978	0.01284	0.23440	0.07966	0.06109	0.08586	0.13918	0.02747	0.02256	0.05578	0.00887	0.04164	0.03455	0.00149	0.01060	0.00406	0.00264	0.02686
13	0.06473	0.14466	0.07718	0.02952	0.04067	0.04771	0.01666	0.02176	0.06544	0.08598	0.07741	0.01449	0.04584	0.12613	0.03392	0.00170	0.06201	0.00399	0.00267	0.03752
14	0.00655	0.11684	0.00779	0.00624	0.00726	0.03696	0.02637	0.00799	0.04388	0.01048	0.05492	0.39598	0.04698	0.09450	0.01805	0.00174	0.00326	0.10736	0.00317	0.00367
15	0.00850	0.00998	0.15384	0.08703	0.31912	0.00820	0.06171	0.01204	0.10250	0.03284	0.01402	0.01502	0.14835	0.00490	0.00405	0.00125	0.00436	0.00440	0.00247	0.00544
16	0.05200	0.09401	0.07464	0.01709	0.45307	0.03099	0.06557	0.05853	0.03054	0.02600	0.00751	0.00918	0.00607	0.00361	0.00366	0.00112	0.00463	0.00327	0.00215	0.05636
17	0.00773	0.00611	0.03427	0.00665	0.03369	0.00583	0.00503	0.04225	0.20806	0.07149	0.09488	0.17414	0.19375	0.04099	0.00496	0.00144	0.00280	0.02698	0.03442	0.00454
18	0.00498	0.00358	0.00470	0.00544	0.00577	0.00341	0.00373	0.00573	0.00745	0.00990	0.02106	0.66070	0.06093	0.08326	0.04840	0.00201	0.00288	0.05945	0.00346	0.00317
19	0.00915	0.00899	0.09512	0.07071	0.31709	0.00797	0.08311	0.01233	0.08881	0.08606	0.01849	0.09745	0.03494	0.00620	0.04469	0.00151	0.00465	0.00465	0.00261	0.00546
20	0.01106	0.03856	0.11595	0.09233	0.29553	0.09483	0.04036	0.15125	0.01069	0.07210	0.00848	0.03611	0.00674	0.00418	0.00386	0.00119	0.00493	0.00360	0.00248	0.00576
21	0.01009	0.00921	0.01180	0.03471	0.35595	0.11867	0.02911	0.07813	0.03106	0.05062	0.01138	0.11004	0.04649	0.00524	0.00416	0.00121	0.02330	0.00456	0.05900	0.00529
22	0.58516	0.04133	0.00856	0.02814	0.04517	0.11644	0.03312	0.05213	0.03428	0.01600	0.00627	0.00725	0.00491	0.00377	0.00287	0.00118	0.00390	0.00249	0.00242	0.00462
23	0.00572	0.00381	0.00439	0.00439	0.00442	0.00384	0.00252	0.00575	0.00571	0.00765	0.01213	0.02483	0.01386	0.80221	0.05811	0.02621	0.00410	0.00557	0.00235	0.00241
24	0.05408	0.00949	0.03377	0.04341	0.29024	0.03791	0.05730	0.16939	0.10429	0.04282	0.04031	0.01153	0.02537	0.00510	0.02556	0.00136	0.03573	0.00382	0.00279	0.00574
25	0.00707	0.00603	0.04898	0.07036	0.13491	0.00538	0.00620	0.00859	0.00819	0.05106	0.06249	0.29077	0.04701	0.06881	0.02116	0.00159	0.01473	0.03759	0.04261	0.06647
26	0.00684	0.00596	0.03823	0.00733	0.05067	0.00507	0.04976	0.00840	0.03707	0.03008	0.17924	0.19947	0.32619	0.00936	0.00497	0.00151	0.00297	0.02876	0.00382	0.00433
27	0.01110	0.09675	0.14320	0.01512	0.30633	0.04643	0.08646	0.18543	0.01097	0.04955	0.00790	0.00920	0.00607	0.00384	0.00379	0.00116	0.00494	0.00335	0.00242	0.00599
28	0.01131	0.04260	0.09589	0.10221	0.13254	0.02279	0.00867	0.36435	0.03244	0.03758	0.05070	0.04691	0.02475	0.00489	0.00393	0.00121	0.00434	0.00401	0.00308	0.00580
29	0.04544	0.05769	0.11864	0.06071	0.01238	0.06061	0.05164	0.20834	0.09192	0.04290	0.04038	0.01294	0.02411	0.03924	0.04128	0.00156	0.03933	0.03054	0.01511	0.00526
30	0.00894	0.03576	0.01118	0.03690	0.32958	0.01945	0.00787	0.03988	0.10725	0.03994	0.03129	0.03789	0.00946	0.08747	0.10325	0.00199	0.00476	0.00407	0.00254	0.08052
31	0.00704	0.00747	0.11198	0.00734	0.03016	0.04849	0.03693	0.03573	0.03745	0.04159	0.05578	0.32331	0.14611	0.03807	0.04495	0.00170	0.00372	0.01489	0.00318	0.00412
32	0.04866	0.07781	0.06201	0.01907	0.05159	0.07958	0.07270	0.07772	0.00919	0.02292	0.04225	0.21421	0.03208	0.00766	0.05276	0.00151	0.01738	0.01539	0.00273	0.09279

[dist]
# distance from previous block
# <min> <max>
2	22

[block]
# block no. 8 follows, 69 sequences, length 17
# corresponding to MSA columns:
# 465-481
name=unknown_I
#
# <colnr> <probs for GDERKNQSTAVLIFYWHMCP>
#	G	D	E	R	K	N	Q	S	T	A	V	L	I	F	Y	W	H	M	C	P
0	0.26966	0.00739	0.00755	0.00720	0.02889	0.08004	0.02236	0.04246	0.03738	0.03768	0.01060	0.15705	0.01049	0.04485	0.08366	0.03884	0.07079	0.03630	0.00269	0.00412
1	0.17171	0.03070	0.01217	0.04844	0.30788	0.08226	0.03277	0.16782	0.02137	0.02801	0.00889	0.01015	0.04058	0.00449	0.01556	0.00125	0.00451	0.00339	0.00255	0.00551
2	0.00603	0.00410	0.00498	0.00519	0.00584	0.00391	0.00357	0.00731	0.05061	0.05392	0.09315	0.36176	0.12938	0.21790	0.00847	0.00204	0.00271	0.03227	0.00347	0.00340
3	0.00568	0.00398	0.00474	0.00487	0.00520	0.00405	0.00314	0.00656	0.04080	0.00898	0.01546	0.17523	0.06091	0.49165	0.12246	0.00340	0.00420	0.00652	0.02926	0.00292
4	0.68254	0.03892	0.02638	0.04720	0.03901	0.07763	0.00547	0.02202	0.00740	0.01608	0.00573	0.00682	0.00450	0.00369	0.00269	0.00119	0.00365	0.00230	0.00232	0.00444
5	0.00569	0.00428	0.00500	0.00482	0.00597	0.00390	0.00365	0.03610	0.01007	0.02508	0.36586	0.05638	0.37166	0.03545	0.00512	0.00139	0.00218	0.04986	0.00391	0.00362
6	0.04130	0.00893	0.05073	0.15529	0.15877	0.02134	0.02743	0.16088	0.16877	0.01496	0.03460	0.01207	0.00855	0.03785	0.04841	0.00160	0.02087	0.00384	0.01841	0.00540
7	0.00917	0.00985	0.05882	0.34804	0.27892	0.09848	0.03643	0.03164	0.03627	0.01163	0.00804	0.01043	0.02057	0.00443	0.02002	0.00132	0.00527	0.00352	0.00201	0.00515
8	0.00932	0.29826	0.30475	0.03679	0.09214	0.05066	0.05217	0.01198	0.00859	0.03060	0.03279	0.00976	0.03836	0.00397	0.00345	0.00110	0.00491	0.00313	0.00196	0.00531
9	0.00827	0.00707	0.00740	0.00697	0.00860	0.03740	0.00527	0.04747	0.45627	0.01438	0.05623	0.21504	0.09829	0.00746	0.00430	0.00137	0.00293	0.00640	0.00381	0.00505
10	0.00612	0.00378	0.00547	0.00550	0.00579	0.00405	0.00390	0.00596	0.00574	0.00794	0.00944	0.04139	0.00952	0.12215	0.35326	0.39488	0.00630	0.00425	0.00201	0.00256
11	0.44443	0.01020	0.17137	0.03385	0.03150	0.00861	0.05670	0.06356	0.00851	0.07385	0.03762	0.00950	0.02722	0.00411	0.00323	0.00123	0.00393	0.00305	0.00258	0.00494
12	0.00521	0.00384	0.00473	0.00504	0.00569	0.00360	0.00353	0.02071	0.00846	0.01126	0.17142	0.40703	0.19523	0.07756	0.04543	0.00185	0.00267	0.00883	0.01455	0.00332
13	0.03192	0.07319	0.13979	0.01038	0.02331	0.06148	0.20044	0.06196	0.11887	0.03646	0.04938	0.03511	0.02163	0.00494	0.00435	0.00126	0.03528	0.05204	0.00266	0.03553
14	0.00561	0.00403	0.00492	0.00509	0.00568	0.00386	0.00353	0.03543	0.00832	0.01108	0.17153	0.29144	0.13638	0.21032	0.02745	0.02437	0.00285	0.04150	0.00339	0.00322
15	0.03140	0.09885	0.05418	0.06901	0.01167	0.12028	0.03222	0.08425	0.06467	0.03718	0.01137	0.05265	0.08865	0.00548	0.00535	0.00124	0.15597	0.00401	0.00255	0.06902
16	0.03089	0.09015	0.00871	0.00703	0.03793	0.06389	0.00525	0.07397	0.13913	0.06159	0.14344	0.04817	0.08272	0.10745	0.06148	0.00183	0.00388	0.00495	0.00322	0.02431

[dist]
# distance from previous block
# <min> <max>
0	41

# created by:
# /st0/software/busco_prod/Augustus/scripts/msa2prfl.pl ./align_prep/40036.fa
