[name]
unknown

[dist]
# distance from previous block
# <min> <max>
0	90

[block]
# block no. 0 follows, 60 sequences, length 21
# corresponding to MSA columns:
# 96-103,106-118
name=unknown_A
#
# <colnr> <probs for GDERKNQSTAVLIFYWHMCP>
#	G	D	E	R	K	N	Q	S	T	A	V	L	I	F	Y	W	H	M	C	P
0	0.01214	0.00918	0.03385	0.10171	0.08160	0.00944	0.00815	0.12647	0.27598	0.14519	0.03467	0.03444	0.01153	0.00602	0.01603	0.00146	0.00423	0.02847	0.00389	0.05553
1	0.01024	0.04662	0.03043	0.03909	0.33240	0.04871	0.03480	0.06014	0.13699	0.01481	0.04169	0.06893	0.04958	0.00681	0.03623	0.00159	0.00490	0.02703	0.00299	0.00602
2	0.00807	0.00651	0.00720	0.00677	0.00816	0.00713	0.00495	0.01373	0.35000	0.01352	0.03747	0.02383	0.12882	0.24449	0.11747	0.00297	0.00454	0.00596	0.00362	0.00480
3	0.00896	0.00798	0.02290	0.03286	0.07702	0.00923	0.04548	0.04007	0.07610	0.02527	0.03353	0.01538	0.01015	0.13485	0.16007	0.01506	0.25829	0.00461	0.00258	0.01960
4	0.00956	0.00790	0.00916	0.00674	0.01046	0.00633	0.00538	0.01252	0.08867	0.04031	0.00904	0.00994	0.00728	0.00357	0.00339	0.00075	0.00327	0.00287	0.00286	0.76001
5	0.00646	0.00528	0.00552	0.00566	0.02086	0.03757	0.00404	0.00824	0.04380	0.01331	0.17486	0.13682	0.39578	0.03641	0.00546	0.00152	0.00260	0.00828	0.08354	0.00399
6	0.01103	0.16762	0.10826	0.13260	0.15428	0.12612	0.00994	0.06747	0.05239	0.01369	0.04495	0.01200	0.03454	0.00478	0.00414	0.00126	0.01687	0.00378	0.02854	0.00574
7	0.00981	0.07928	0.35917	0.01043	0.05738	0.04480	0.01064	0.05752	0.01009	0.03044	0.01132	0.01222	0.08051	0.00462	0.00394	0.00117	0.00503	0.00364	0.00247	0.20553
8	0.04038	0.02577	0.01295	0.01117	0.08251	0.11637	0.01917	0.42301	0.02679	0.11695	0.01020	0.01053	0.00741	0.00495	0.00449	0.00128	0.03038	0.00373	0.00375	0.04821
9	0.01542	0.00953	0.01032	0.00852	0.01117	0.11480	0.00685	0.18274	0.01289	0.36096	0.01314	0.01355	0.00944	0.01158	0.19565	0.00262	0.00633	0.00415	0.00406	0.00630
10	0.03580	0.03678	0.01688	0.19215	0.30049	0.11952	0.15213	0.04997	0.02919	0.01380	0.00823	0.01065	0.00653	0.00414	0.00434	0.00133	0.00593	0.00390	0.00229	0.00596
11	0.00982	0.04837	0.01015	0.04508	0.08734	0.04469	0.00691	0.02889	0.32804	0.04419	0.21200	0.05787	0.04490	0.00672	0.00457	0.00140	0.00358	0.00574	0.00399	0.00576
12	0.00532	0.00390	0.00500	0.00583	0.00627	0.00358	0.00395	0.00616	0.00869	0.01141	0.05072	0.71019	0.13664	0.01316	0.00550	0.00172	0.00247	0.01183	0.00407	0.00358
13	0.00870	0.00863	0.02911	0.49384	0.16522	0.00944	0.09223	0.01179	0.03366	0.01230	0.01159	0.01437	0.08076	0.00486	0.00450	0.00143	0.00547	0.00452	0.00227	0.00530
14	0.00954	0.00954	0.01336	0.01145	0.01145	0.01336	0.00954	0.01050	0.00668	0.01050	0.00573	0.00954	0.00573	0.00763	0.01431	0.00191	0.83874	0.00382	0.00191	0.00477
15	0.00545	0.00417	0.00502	0.00543	0.00620	0.00384	0.00381	0.00642	0.00887	0.01140	0.06743	0.37878	0.31752	0.07064	0.08207	0.00229	0.00334	0.00989	0.00383	0.00359
16	0.01007	0.01122	0.06533	0.03738	0.01524	0.04498	0.20027	0.01201	0.00808	0.02520	0.00689	0.01014	0.00601	0.00621	0.01063	0.00172	0.51730	0.00407	0.00205	0.00520
17	0.00629	0.00437	0.00498	0.00494	0.00510	0.00440	0.00294	0.00647	0.00670	0.00886	0.01630	0.02901	0.08901	0.72581	0.04756	0.00402	0.02118	0.00650	0.00275	0.00282
18	0.03931	0.03886	0.01042	0.03286	0.08616	0.08378	0.00687	0.03783	0.24574	0.01558	0.09243	0.01555	0.06205	0.00537	0.00409	0.00119	0.00390	0.00441	0.00338	0.21023
19	0.26067	0.01212	0.05876	0.03488	0.26501	0.16076	0.03156	0.01403	0.03750	0.01517	0.03139	0.00992	0.00713	0.00435	0.00401	0.00130	0.02240	0.00337	0.00247	0.02320
20	0.00763	0.00720	0.02369	0.17030	0.09734	0.00677	0.08131	0.00986	0.02018	0.01294	0.07223	0.07698	0.24745	0.00696	0.00461	0.00133	0.00395	0.00618	0.00306	0.14002

[dist]
# distance from previous block
# <min> <max>
0	1

[block]
# block no. 1 follows, 60 sequences, length 35
# corresponding to MSA columns:
# 120-154
name=unknown_B
#
# <colnr> <probs for GDERKNQSTAVLIFYWHMCP>
#	G	D	E	R	K	N	Q	S	T	A	V	L	I	F	Y	W	H	M	C	P
0	0.00913	0.00712	0.00789	0.01945	0.00924	0.02633	0.00571	0.17418	0.13979	0.01626	0.06003	0.23736	0.11201	0.03304	0.02655	0.00175	0.00364	0.06846	0.03707	0.00502
1	0.01123	0.06426	0.04238	0.00877	0.03466	0.08854	0.01645	0.11803	0.13218	0.01595	0.00944	0.01017	0.00746	0.00411	0.00369	0.00098	0.00424	0.00321	0.00297	0.42128
2	0.00630	0.00438	0.00552	0.00552	0.00578	0.00464	0.00359	0.00683	0.00657	0.00902	0.01305	0.02470	0.01419	0.57242	0.29422	0.00517	0.00674	0.00578	0.00254	0.00306
3	0.01063	0.01441	0.28183	0.01367	0.07847	0.03294	0.20573	0.04076	0.13309	0.06648	0.02271	0.02453	0.02314	0.00483	0.00478	0.00142	0.02707	0.00442	0.00279	0.00630
4	0.01017	0.06568	0.14398	0.04050	0.32580	0.02177	0.02928	0.02569	0.03147	0.04023	0.03502	0.03721	0.04489	0.00536	0.00573	0.00141	0.12295	0.00434	0.00248	0.00603
5	0.75616	0.00803	0.00650	0.00578	0.00839	0.00909	0.00473	0.01279	0.00802	0.06210	0.04394	0.01011	0.04130	0.00463	0.00300	0.00136	0.00328	0.00300	0.00299	0.00480
6	0.00858	0.03360	0.02356	0.00902	0.01063	0.06847	0.12018	0.09650	0.01038	0.01349	0.04053	0.43463	0.04829	0.00961	0.00559	0.00158	0.04871	0.00855	0.00349	0.00461
7	0.01168	0.11365	0.09465	0.11212	0.17221	0.15237	0.08358	0.01402	0.01023	0.09471	0.01091	0.04480	0.04406	0.00492	0.00421	0.00129	0.00555	0.00419	0.01506	0.00577
8	0.00538	0.00437	0.00463	0.00470	0.00590	0.00377	0.00341	0.00642	0.00962	0.01178	0.08674	0.09781	0.62161	0.09323	0.00687	0.00177	0.00245	0.02199	0.00396	0.00360
9	0.01029	0.01176	0.02574	0.01838	0.02279	0.01103	0.80368	0.01397	0.01029	0.01397	0.00882	0.01176	0.00662	0.00368	0.00515	0.00147	0.00735	0.00515	0.00221	0.00588
10	0.01031	0.04662	0.45876	0.01261	0.04170	0.08015	0.10051	0.04100	0.13821	0.01460	0.00947	0.01052	0.00700	0.00442	0.00425	0.00136	0.00604	0.00369	0.00242	0.00636
11	0.01206	0.01055	0.03423	0.01372	0.18646	0.10346	0.10596	0.11637	0.05147	0.11385	0.01253	0.12600	0.01111	0.03183	0.03254	0.00167	0.01398	0.01299	0.00326	0.00595
12	0.00603	0.00428	0.00523	0.00560	0.00603	0.00419	0.00381	0.00671	0.00778	0.01021	0.02102	0.22473	0.12002	0.38177	0.07157	0.00322	0.00408	0.10717	0.00330	0.00325
13	0.00765	0.00535	0.00723	0.00693	0.03235	0.00509	0.02071	0.05087	0.01235	0.05901	0.60820	0.06612	0.03454	0.00869	0.00511	0.00142	0.00263	0.05662	0.00460	0.00455
14	0.02877	0.07412	0.07312	0.24758	0.11642	0.08552	0.03458	0.18322	0.01192	0.03764	0.00942	0.04544	0.00771	0.00498	0.00426	0.00135	0.00544	0.01989	0.00275	0.00587
15	0.01493	0.00814	0.01285	0.09840	0.06512	0.00799	0.10791	0.01698	0.01097	0.46475	0.03348	0.02651	0.01014	0.00620	0.03056	0.00160	0.06842	0.00457	0.00403	0.00647
16	0.01249	0.01403	0.01398	0.01162	0.01382	0.38213	0.18007	0.01414	0.01028	0.04204	0.00868	0.01197	0.00753	0.07877	0.10544	0.00224	0.07943	0.00398	0.00237	0.00496
17	0.00534	0.00383	0.00507	0.00601	0.00632	0.00356	0.00403	0.00614	0.00852	0.01135	0.04876	0.79646	0.05156	0.01345	0.00554	0.00175	0.00251	0.01217	0.00407	0.00356
18	0.01157	0.57667	0.14564	0.00923	0.01320	0.08317	0.04898	0.02795	0.00944	0.01135	0.00660	0.00777	0.00567	0.00397	0.00350	0.00107	0.02382	0.00271	0.00196	0.00571
19	0.00715	0.00475	0.00606	0.00615	0.00689	0.00476	0.00452	0.03195	0.00841	0.04183	0.03222	0.10349	0.10503	0.25972	0.13414	0.07868	0.00485	0.15255	0.00326	0.00357
20	0.01040	0.00987	0.01678	0.02506	0.74925	0.00994	0.01270	0.01290	0.00968	0.01389	0.00850	0.01134	0.00725	0.00638	0.07575	0.00179	0.00574	0.00395	0.00217	0.00665
21	0.01110	0.04099	0.07451	0.12290	0.39705	0.02274	0.04449	0.08531	0.03508	0.04416	0.00895	0.02305	0.00722	0.00458	0.00495	0.00137	0.05867	0.00399	0.00250	0.00638
22	0.00673	0.00550	0.00718	0.00845	0.07781	0.02432	0.00585	0.00834	0.02690	0.01207	0.03375	0.33058	0.14769	0.01285	0.06793	0.00211	0.02871	0.18542	0.00366	0.00414
23	0.00989	0.04256	0.27556	0.01343	0.06875	0.02820	0.20789	0.04246	0.04480	0.03469	0.03200	0.01291	0.00850	0.00721	0.07652	0.00192	0.05628	0.02809	0.00245	0.00590
24	0.02482	0.00990	0.01083	0.04606	0.01233	0.03323	0.00707	0.41784	0.03993	0.12741	0.01477	0.01523	0.09349	0.04612	0.00518	0.00142	0.00429	0.00452	0.00404	0.08153
25	0.03642	0.00936	0.01392	0.01988	0.54030	0.04536	0.01048	0.01252	0.05294	0.01385	0.01374	0.12062	0.08014	0.00590	0.00449	0.00138	0.00455	0.00540	0.00271	0.00605
26	0.00668	0.00568	0.00597	0.00615	0.04317	0.03204	0.00425	0.05520	0.01027	0.01264	0.07098	0.03489	0.55435	0.10858	0.02842	0.00191	0.00316	0.00792	0.00375	0.00400
27	0.05380	0.07851	0.06088	0.22917	0.28765	0.01024	0.05567	0.04269	0.00977	0.04444	0.00937	0.01177	0.02960	0.01730	0.01163	0.00140	0.00523	0.00389	0.00237	0.03462
28	0.01045	0.02263	0.01407	0.37978	0.15783	0.11748	0.07179	0.03888	0.01005	0.04697	0.00966	0.08308	0.00829	0.00511	0.00444	0.00139	0.00567	0.00457	0.00245	0.00540
29	0.01055	0.01073	0.03792	0.08572	0.22656	0.10746	0.11753	0.05485	0.01044	0.03239	0.01249	0.06330	0.07349	0.00567	0.00511	0.00138	0.05502	0.02882	0.00267	0.05791
30	0.03562	0.00949	0.03996	0.05468	0.12377	0.07897	0.22325	0.02389	0.00988	0.01315	0.03335	0.24089	0.04487	0.00735	0.00492	0.00151	0.00505	0.04138	0.00294	0.00506
31	0.01881	0.01957	0.02804	0.21322	0.22665	0.10483	0.02147	0.01260	0.05291	0.04595	0.02275	0.12768	0.03977	0.01635	0.02918	0.00160	0.00520	0.00527	0.00274	0.00540
32	0.02278	0.09575	0.21510	0.06477	0.16158	0.02117	0.13964	0.05040	0.02785	0.04413	0.03340	0.05767	0.00879	0.00492	0.00467	0.00137	0.03309	0.00437	0.00251	0.00602
33	0.00764	0.04722	0.15065	0.06871	0.01222	0.05821	0.06636	0.00969	0.00930	0.01214	0.05811	0.31780	0.07747	0.02099	0.00533	0.01223	0.00431	0.05393	0.00315	0.00454
34	0.07050	0.13793	0.15019	0.02420	0.05735	0.03113	0.09752	0.05082	0.02889	0.15379	0.01123	0.03757	0.03063	0.00549	0.01662	0.00141	0.04336	0.01664	0.00296	0.03175

[dist]
# distance from previous block
# <min> <max>
0	33

[block]
# block no. 2 follows, 60 sequences, length 31
# corresponding to MSA columns:
# 188-218
name=unknown_C
#
# <colnr> <probs for GDERKNQSTAVLIFYWHMCP>
#	G	D	E	R	K	N	Q	S	T	A	V	L	I	F	Y	W	H	M	C	P
0	0.03335	0.03230	0.05781	0.04806	0.27230	0.16378	0.07896	0.05374	0.04408	0.12222	0.00958	0.01088	0.00729	0.00473	0.01522	0.00135	0.00565	0.00377	0.00281	0.03210
1	0.00656	0.00554	0.02512	0.00618	0.03314	0.00484	0.00462	0.00894	0.07931	0.03744	0.15500	0.08683	0.48767	0.00991	0.00507	0.00148	0.00261	0.03131	0.00412	0.00431
2	0.03426	0.00677	0.03349	0.05898	0.01059	0.02543	0.04814	0.02534	0.04138	0.07998	0.05792	0.33761	0.01995	0.01763	0.00573	0.00166	0.04874	0.11030	0.03152	0.00460
3	0.01182	0.15589	0.09484	0.07234	0.02741	0.05643	0.09006	0.09520	0.02555	0.11740	0.03493	0.02999	0.03468	0.00501	0.00434	0.00124	0.02464	0.01452	0.00300	0.10072
4	0.00814	0.02538	0.05155	0.00837	0.00998	0.06440	0.03298	0.02469	0.08265	0.01378	0.10134	0.15754	0.02252	0.00990	0.00535	0.00171	0.00408	0.36728	0.00380	0.00457
5	0.01050	0.01009	0.01715	0.03917	0.59329	0.01003	0.10234	0.03680	0.03595	0.01454	0.01053	0.01268	0.04999	0.00433	0.00443	0.00131	0.00515	0.00430	0.00241	0.03498
6	0.00843	0.00719	0.00834	0.00622	0.00965	0.00547	0.00491	0.01022	0.00911	0.01379	0.01255	0.05425	0.09631	0.00460	0.00356	0.00079	0.00308	0.00380	0.00282	0.73491
7	0.02436	0.01157	0.01158	0.04953	0.09026	0.22087	0.03313	0.09847	0.02969	0.01366	0.00963	0.06906	0.00891	0.08378	0.00683	0.00154	0.08983	0.00428	0.01349	0.12953
8	0.00984	0.00802	0.00933	0.00672	0.01056	0.00631	0.00540	0.06063	0.00986	0.04047	0.00822	0.00932	0.00666	0.00342	0.00334	0.00071	0.00334	0.00272	0.00278	0.79234
9	0.00949	0.00764	0.00842	0.00773	0.00970	0.00830	0.00604	0.12601	0.35888	0.01732	0.09156	0.12067	0.12695	0.00822	0.00485	0.00152	0.00329	0.07343	0.00432	0.00565
10	0.00590	0.00438	0.00529	0.00527	0.00635	0.00391	0.00387	0.00740	0.01085	0.02739	0.40766	0.17769	0.29732	0.01040	0.00521	0.00148	0.00222	0.00906	0.00443	0.00392
11	0.00536	0.00387	0.00500	0.00588	0.00621	0.00359	0.00392	0.00610	0.00837	0.01104	0.02502	0.74075	0.08776	0.05695	0.00640	0.00188	0.00259	0.01184	0.00398	0.00351
12	0.01241	0.01015	0.01074	0.00919	0.01194	0.01158	0.00728	0.23648	0.59578	0.02077	0.01577	0.01469	0.01170	0.00573	0.00442	0.00143	0.00382	0.00466	0.00442	0.00704
13	0.00633	0.00425	0.00484	0.00481	0.00489	0.00422	0.00275	0.00649	0.00680	0.00914	0.07443	0.02885	0.01777	0.78344	0.02091	0.00401	0.00406	0.00646	0.00281	0.00275
14	0.00907	0.02030	0.65673	0.01368	0.01970	0.01032	0.18124	0.01385	0.00944	0.01385	0.00804	0.00974	0.00575	0.00405	0.00435	0.00140	0.00664	0.00363	0.00192	0.00633
15	0.00634	0.00424	0.00481	0.00481	0.00483	0.00426	0.00271	0.00638	0.00636	0.00850	0.01369	0.02827	0.01574	0.82750	0.04126	0.00429	0.00440	0.00630	0.00264	0.00267
16	0.01082	0.15797	0.41191	0.01227	0.05404	0.16269	0.06133	0.01409	0.00969	0.01245	0.00734	0.00891	0.00573	0.00441	0.00452	0.01706	0.03374	0.00318	0.00196	0.00590
17	0.02790	0.01165	0.01026	0.00811	0.01137	0.23324	0.00636	0.05481	0.01046	0.01392	0.00752	0.00877	0.00622	0.00384	0.00383	0.00087	0.03130	0.00275	0.00257	0.54424
18	0.00834	0.00678	0.00767	0.00704	0.00877	0.00728	0.00540	0.01521	0.39061	0.01758	0.40231	0.02530	0.06459	0.00760	0.00481	0.00143	0.00272	0.00655	0.00459	0.00541
19	0.00621	0.00461	0.00677	0.00680	0.00750	0.00530	0.00518	0.00762	0.00699	0.01001	0.01219	0.04073	0.01181	0.09982	0.73980	0.00663	0.01081	0.00502	0.00241	0.00378
20	0.01254	0.00912	0.01001	0.00872	0.01138	0.01016	0.00686	0.04790	0.64778	0.15794	0.01742	0.01584	0.01269	0.00581	0.00443	0.00145	0.00354	0.00480	0.00460	0.00701
21	0.71998	0.00854	0.00727	0.00625	0.00908	0.00960	0.00515	0.06204	0.00884	0.11849	0.00771	0.00824	0.00563	0.00429	0.00301	0.00135	0.00350	0.00271	0.00313	0.00522
22	0.87753	0.00843	0.00641	0.00574	0.00843	0.00978	0.00472	0.01282	0.00742	0.01957	0.00607	0.00709	0.00472	0.00405	0.00270	0.00135	0.00337	0.00236	0.00270	0.00472
23	0.00976	0.00927	0.01581	0.06355	0.61235	0.00927	0.04900	0.01214	0.00969	0.01360	0.01139	0.11855	0.03557	0.00538	0.00455	0.00138	0.00488	0.00520	0.00245	0.00622
24	0.00900	0.00865	0.01500	0.58329	0.22845	0.00994	0.05992	0.01188	0.00912	0.01210	0.00793	0.01143	0.00614	0.00420	0.00440	0.00141	0.00575	0.00395	0.00201	0.00543
25	0.00921	0.01079	0.20371	0.00831	0.01127	0.00797	0.00808	0.19089	0.04418	0.01632	0.06789	0.03725	0.19901	0.07101	0.00609	0.00168	0.00421	0.09326	0.00354	0.00531
26	0.01046	0.00990	0.01680	0.04225	0.74182	0.00995	0.01288	0.01301	0.00991	0.01409	0.00932	0.01371	0.00826	0.00451	0.00445	0.00135	0.00511	0.06328	0.00229	0.00665
27	0.03035	0.01067	0.02784	0.07265	0.49138	0.05099	0.10628	0.03795	0.05269	0.01442	0.01025	0.03164	0.03411	0.00454	0.00443	0.00135	0.00533	0.00437	0.00246	0.00634
28	0.01122	0.12554	0.06980	0.07275	0.04181	0.03327	0.14239	0.07598	0.22295	0.05626	0.04490	0.02418	0.01008	0.00513	0.00479	0.00138	0.04389	0.00440	0.00315	0.00612
29	0.02711	0.00541	0.00630	0.00595	0.00759	0.00495	0.01469	0.01898	0.06328	0.01387	0.15676	0.13437	0.33193	0.00953	0.00494	0.00144	0.00272	0.07959	0.00397	0.10662
30	0.01237	0.02390	0.04371	0.02318	0.07378	0.05798	0.03023	0.23478	0.37784	0.01925	0.01413	0.03055	0.02735	0.00557	0.00440	0.00139	0.00444	0.00458	0.00387	0.00671

[dist]
# distance from previous block
# <min> <max>
6	37

[block]
# block no. 3 follows, 60 sequences, length 45
# corresponding to MSA columns:
# 258-288,293,294,306-317
name=unknown_D
#
# <colnr> <probs for GDERKNQSTAVLIFYWHMCP>
#	G	D	E	R	K	N	Q	S	T	A	V	L	I	F	Y	W	H	M	C	P
0	0.00938	0.02007	0.01068	0.01181	0.19869	0.02519	0.01604	0.06891	0.05281	0.02527	0.04060	0.09944	0.06699	0.03210	0.00504	0.00140	0.00395	0.10990	0.00323	0.19851
1	0.35760	0.00964	0.01020	0.06601	0.14881	0.08167	0.00745	0.05418	0.00950	0.06493	0.00873	0.06139	0.00741	0.00489	0.00398	0.00132	0.03189	0.00366	0.00282	0.06392
2	0.04232	0.00648	0.00744	0.00597	0.00859	0.00562	0.00471	0.03508	0.00954	0.04567	0.05958	0.01440	0.04646	0.00711	0.07653	0.00144	0.00367	0.00380	0.19232	0.42326
3	0.01030	0.11690	0.12509	0.09789	0.35588	0.01097	0.06850	0.02879	0.03441	0.01367	0.00814	0.01026	0.00658	0.00405	0.00430	0.00126	0.02333	0.00362	0.00220	0.07388
4	0.00631	0.00437	0.00546	0.00546	0.00571	0.00461	0.00352	0.00680	0.00655	0.00898	0.01310	0.02496	0.01430	0.59120	0.27560	0.00510	0.00657	0.00582	0.00255	0.00304
5	0.00687	0.00648	0.05845	0.00707	0.00821	0.00621	0.00588	0.00876	0.01033	0.01475	0.47859	0.04348	0.06385	0.02696	0.08751	0.00208	0.14975	0.00670	0.00378	0.00429
6	0.00991	0.01107	0.02384	0.01718	0.02120	0.01039	0.73110	0.01327	0.00999	0.01355	0.00956	0.03610	0.00782	0.05680	0.00623	0.00165	0.00702	0.00542	0.00228	0.00561
7	0.00819	0.00550	0.00673	0.00648	0.00783	0.00543	0.00482	0.01167	0.16082	0.10348	0.28839	0.27663	0.07752	0.00956	0.00506	0.00152	0.00265	0.00841	0.00452	0.00480
8	0.01057	0.12637	0.56917	0.01146	0.01689	0.08511	0.01355	0.09220	0.01056	0.01443	0.00777	0.00893	0.00573	0.00423	0.00398	0.00129	0.00618	0.00314	0.00213	0.00631
9	0.00824	0.00775	0.01308	0.83624	0.03004	0.00969	0.01211	0.01114	0.00872	0.01114	0.00775	0.01163	0.00581	0.00436	0.00436	0.00145	0.00581	0.00388	0.00194	0.00484
10	0.87753	0.00843	0.00641	0.00574	0.00843	0.00978	0.00472	0.01282	0.00742	0.01957	0.00607	0.00709	0.00472	0.00405	0.00270	0.00135	0.00337	0.00236	0.00270	0.00472
11	0.87753	0.00843	0.00641	0.00574	0.00843	0.00978	0.00472	0.01282	0.00742	0.01957	0.00607	0.00709	0.00472	0.00405	0.00270	0.00135	0.00337	0.00236	0.00270	0.00472
12	0.01016	0.05247	0.13662	0.01744	0.07144	0.01119	0.59295	0.01381	0.00999	0.01373	0.00846	0.01108	0.00642	0.00383	0.00500	0.00143	0.02120	0.00464	0.00213	0.00599
13	0.00596	0.00465	0.00544	0.00523	0.00648	0.00423	0.00392	0.00808	0.04716	0.01513	0.45914	0.05116	0.34806	0.00972	0.00512	0.00142	0.00219	0.00836	0.00447	0.00406
14	0.01085	0.00937	0.00986	0.00888	0.01134	0.01085	0.00690	0.02318	0.81164	0.01824	0.01775	0.01627	0.01331	0.00592	0.00444	0.00148	0.00345	0.00493	0.00444	0.00690
15	0.00666	0.00419	0.00541	0.00541	0.00555	0.00433	0.00346	0.00642	0.00628	0.00852	0.01169	0.02232	0.01271	0.47382	0.16547	0.24193	0.00544	0.00535	0.00238	0.00266
16	0.00954	0.00954	0.01336	0.01145	0.01145	0.01336	0.00954	0.01050	0.00668	0.01050	0.00573	0.00954	0.00573	0.00763	0.01431	0.00191	0.83874	0.00382	0.00191	0.00477
17	0.80135	0.00953	0.00694	0.00622	0.00888	0.08226	0.00505	0.01323	0.00786	0.01878	0.00613	0.00715	0.00480	0.00409	0.00281	0.00133	0.00377	0.00240	0.00266	0.00475
18	0.00972	0.00996	0.06133	0.02661	0.11491	0.05388	0.05224	0.01200	0.00942	0.01392	0.00782	0.00941	0.00641	0.00349	0.00359	0.00086	0.00422	0.00297	0.00243	0.59481
19	0.84972	0.00856	0.00663	0.00587	0.00860	0.00990	0.00484	0.03840	0.00784	0.01982	0.00621	0.00719	0.00481	0.00409	0.00275	0.00135	0.00342	0.00241	0.00275	0.00481
20	0.01027	0.01170	0.02540	0.01819	0.02248	0.01109	0.78196	0.01388	0.01020	0.01388	0.00874	0.01170	0.00659	0.00378	0.00540	0.00148	0.03009	0.00511	0.00220	0.00585
21	0.00733	0.00461	0.00615	0.00658	0.00753	0.00430	0.00503	0.00868	0.00978	0.09695	0.11244	0.40474	0.08100	0.01167	0.00549	0.00172	0.00297	0.21461	0.00426	0.00414
22	0.00641	0.00470	0.00603	0.00566	0.00676	0.00445	0.00425	0.00898	0.05225	0.01753	0.77730	0.03176	0.03976	0.00877	0.00511	0.00138	0.00213	0.00774	0.00478	0.00425
23	0.01593	0.00664	0.00877	0.00702	0.00984	0.00573	0.00569	0.01753	0.01196	0.61418	0.07839	0.04226	0.14278	0.00677	0.00459	0.00138	0.00332	0.00562	0.00510	0.00649
24	0.00623	0.00467	0.00701	0.00701	0.00779	0.00545	0.00545	0.00779	0.00701	0.01012	0.01168	0.01713	0.01090	0.03271	0.82944	0.00701	0.01168	0.00467	0.00234	0.00389
25	0.02065	0.00560	0.00649	0.00594	0.00771	0.00501	0.00444	0.02899	0.06005	0.01409	0.16211	0.23597	0.20905	0.00897	0.00471	0.00134	0.00266	0.00776	0.00385	0.20460
26	0.00534	0.00439	0.00470	0.00470	0.00602	0.00375	0.00349	0.00658	0.01026	0.01272	0.17479	0.08737	0.63912	0.01084	0.00518	0.00147	0.00220	0.00917	0.00418	0.00375
27	0.00555	0.00399	0.00526	0.00613	0.00655	0.00374	0.00428	0.00649	0.00874	0.01160	0.06415	0.66442	0.06487	0.03593	0.00603	0.00183	0.00269	0.09011	0.00404	0.00360
28	0.01166	0.84935	0.02285	0.00746	0.01119	0.01726	0.00746	0.01306	0.00886	0.01026	0.00606	0.00700	0.00560	0.00373	0.00280	0.00093	0.00466	0.00233	0.00187	0.00560
29	0.00531	0.00382	0.00503	0.00600	0.00631	0.00355	0.00402	0.00608	0.00842	0.01116	0.02493	0.80853	0.06362	0.01355	0.00555	0.00176	0.00252	0.01226	0.00405	0.00355
30	0.01077	0.01024	0.01710	0.08368	0.63354	0.01049	0.05639	0.04012	0.06726	0.01473	0.00896	0.01129	0.00728	0.00410	0.00438	0.00133	0.00521	0.00403	0.00238	0.00672
31	0.02347	0.22424	0.01621	0.01027	0.03530	0.02840	0.10519	0.25816	0.09944	0.11862	0.01069	0.01099	0.00793	0.00469	0.00401	0.00125	0.00478	0.00380	0.02604	0.00653
32	0.00634	0.00424	0.00483	0.00483	0.00486	0.00427	0.00274	0.00639	0.00636	0.00851	0.01367	0.02816	0.01569	0.81981	0.04889	0.00432	0.00447	0.00629	0.00263	0.00268
33	0.01127	0.11563	0.03725	0.02430	0.14854	0.06027	0.03944	0.11236	0.03762	0.03167	0.05110	0.02218	0.00885	0.01893	0.00753	0.00150	0.25916	0.00405	0.00264	0.00572
34	0.04100	0.13253	0.01566	0.04817	0.21248	0.31746	0.04516	0.04285	0.01074	0.02257	0.00731	0.00907	0.00609	0.00445	0.00468	0.00124	0.06730	0.00327	0.00226	0.00570
35	0.00570	0.00397	0.00499	0.00562	0.00579	0.00382	0.00357	0.00620	0.00761	0.01015	0.02012	0.53645	0.02386	0.31292	0.02636	0.00275	0.00330	0.01009	0.00351	0.00323
36	0.01132	0.06195	0.01107	0.03139	0.01188	0.01014	0.00679	0.17120	0.33506	0.01818	0.03128	0.01274	0.01016	0.00490	0.00399	0.00117	0.00376	0.00394	0.00367	0.25542
37	0.01335	0.00702	0.00870	0.00708	0.00968	0.00651	0.00567	0.09762	0.05658	0.36429	0.19337	0.03443	0.10573	0.00679	0.00458	0.00133	0.00323	0.00567	0.00475	0.06361
38	0.00982	0.00937	0.01594	0.33503	0.51887	0.01011	0.01290	0.01253	0.00947	0.01307	0.00803	0.01111	0.00649	0.00407	0.00433	0.00136	0.00542	0.00388	0.00207	0.00612
39	0.03672	0.04189	0.00601	0.00586	0.05670	0.02466	0.00407	0.01075	0.00920	0.01585	0.01305	0.01502	0.01033	0.00490	0.00313	0.00104	0.00253	0.00389	0.73005	0.00435
40	0.00609	0.00445	0.00597	0.00623	0.00658	0.00478	0.00434	0.00691	0.00724	0.00999	0.01610	0.29138	0.01802	0.26027	0.29431	0.00429	0.03897	0.00766	0.00297	0.00345
41	0.00602	0.00445	0.00562	0.00533	0.00642	0.00405	0.00400	0.00794	0.01199	0.01665	0.70382	0.03396	0.15507	0.00923	0.00515	0.00139	0.00208	0.00808	0.00469	0.00405
42	0.01485	0.14887	0.01513	0.01057	0.03940	0.10991	0.05796	0.44738	0.03615	0.03960	0.00958	0.01010	0.00718	0.00478	0.00407	0.00123	0.00518	0.00365	0.02777	0.00662
43	0.03728	0.02418	0.01044	0.03395	0.04665	0.06892	0.02342	0.13931	0.13346	0.23217	0.04641	0.05023	0.10206	0.00627	0.00442	0.00137	0.00404	0.00515	0.02409	0.00616
44	0.00548	0.00427	0.00497	0.00513	0.00617	0.00377	0.00372	0.00676	0.01021	0.01320	0.25320	0.23888	0.40646	0.01111	0.00525	0.00152	0.00225	0.00963	0.00426	0.00377

[dist]
# distance from previous block
# <min> <max>
0	1

[block]
# block no. 4 follows, 60 sequences, length 8
# corresponding to MSA columns:
# 319-326
name=unknown_E
#
# <colnr> <probs for GDERKNQSTAVLIFYWHMCP>
#	G	D	E	R	K	N	Q	S	T	A	V	L	I	F	Y	W	H	M	C	P
0	0.00818	0.05368	0.53093	0.01118	0.01587	0.00895	0.07549	0.01195	0.00908	0.01303	0.01168	0.20741	0.01115	0.00635	0.00450	0.00146	0.00551	0.00551	0.00240	0.00567
1	0.14727	0.12134	0.05722	0.10629	0.29406	0.07769	0.05029	0.03501	0.03076	0.01424	0.00773	0.00971	0.00628	0.00429	0.00410	0.01694	0.00521	0.00341	0.00229	0.00586
2	0.04562	0.01043	0.01095	0.00877	0.01188	0.10859	0.00709	0.24141	0.05618	0.40802	0.01389	0.03622	0.00966	0.00546	0.00431	0.00133	0.00446	0.00426	0.00455	0.00691
3	0.00864	0.00584	0.00688	0.00639	0.00808	0.00571	0.00493	0.01245	0.17874	0.12226	0.24996	0.09944	0.22183	0.00889	0.00497	0.00148	0.00273	0.04129	0.00452	0.00498
4	0.00873	0.00759	0.01201	0.03026	0.14327	0.00731	0.15501	0.07339	0.01110	0.03929	0.09951	0.04733	0.25589	0.00768	0.00501	0.00148	0.00415	0.08239	0.00349	0.00512
5	0.03287	0.06275	0.15484	0.08570	0.06671	0.35952	0.02688	0.11735	0.01204	0.03069	0.00780	0.00912	0.00604	0.00443	0.00403	0.00124	0.00650	0.00323	0.00247	0.00579
6	0.04744	0.00697	0.00809	0.00738	0.00918	0.00741	0.00573	0.08793	0.23020	0.10171	0.15616	0.11536	0.01966	0.06422	0.05197	0.00199	0.00381	0.06522	0.00421	0.00538
7	0.00560	0.00401	0.00536	0.00621	0.00664	0.00377	0.00438	0.00665	0.00902	0.01211	0.12025	0.66039	0.02994	0.01291	0.00556	0.00175	0.00263	0.09501	0.00414	0.00366

[dist]
# distance from previous block
# <min> <max>
8	25

[block]
# block no. 5 follows, 60 sequences, length 11
# corresponding to MSA columns:
# 355-365
name=unknown_F
#
# <colnr> <probs for GDERKNQSTAVLIFYWHMCP>
#	G	D	E	R	K	N	Q	S	T	A	V	L	I	F	Y	W	H	M	C	P
0	0.06713	0.00768	0.01033	0.05665	0.14478	0.00823	0.04102	0.04713	0.21126	0.01549	0.10658	0.13882	0.04506	0.00902	0.06950	0.00190	0.00439	0.00606	0.00351	0.00546
1	0.06644	0.07194	0.01163	0.01034	0.07500	0.21750	0.00753	0.03980	0.34102	0.04169	0.04493	0.01353	0.02950	0.00533	0.00412	0.00131	0.00475	0.00414	0.00345	0.00605
2	0.04970	0.14729	0.31922	0.01097	0.05094	0.08144	0.03279	0.10999	0.03892	0.05777	0.00884	0.00977	0.00662	0.00436	0.00388	0.00125	0.00544	0.00332	0.03780	0.01966
3	0.01261	0.12094	0.27194	0.01247	0.08262	0.36998	0.01121	0.01514	0.01051	0.01191	0.00709	0.00850	0.00570	0.00436	0.00429	0.00123	0.03874	0.00301	0.00205	0.00571
4	0.00995	0.00879	0.00919	0.00782	0.01054	0.04329	0.00610	0.01749	0.44648	0.01642	0.07827	0.01608	0.04492	0.00550	0.00414	0.00121	0.00341	0.00455	0.00381	0.26201
5	0.87753	0.00843	0.00641	0.00574	0.00843	0.00978	0.00472	0.01282	0.00742	0.01957	0.00607	0.00709	0.00472	0.00405	0.00270	0.00135	0.00337	0.00236	0.00270	0.00472
6	0.00605	0.00445	0.00566	0.00536	0.00644	0.00406	0.00402	0.00800	0.01206	0.01681	0.72537	0.03370	0.13342	0.00917	0.00515	0.00138	0.00208	0.00804	0.00471	0.00406
7	0.00743	0.00384	0.00557	0.00557	0.00557	0.00384	0.00365	0.00576	0.00576	0.00768	0.00831	0.01508	0.00856	0.11421	0.01766	0.76960	0.00384	0.00409	0.00198	0.00198
8	0.00776	0.00569	0.00668	0.00626	0.00780	0.00556	0.00487	0.06792	0.09704	0.04915	0.32880	0.06377	0.23847	0.00923	0.00508	0.00148	0.00272	0.08263	0.00445	0.00464
9	0.01212	0.14353	0.07878	0.01180	0.12452	0.16639	0.02655	0.14188	0.03926	0.03008	0.05103	0.01456	0.01029	0.00614	0.02786	0.00145	0.00544	0.07232	0.03018	0.00581
10	0.03114	0.17454	0.23752	0.01094	0.05335	0.13216	0.04124	0.09929	0.03704	0.04684	0.00884	0.03551	0.00711	0.00455	0.00390	0.00121	0.00550	0.00350	0.00257	0.06326

[dist]
# distance from previous block
# <min> <max>
1	21

[block]
# block no. 6 follows, 60 sequences, length 32
# corresponding to MSA columns:
# 387-418
name=unknown_G
#
# <colnr> <probs for GDERKNQSTAVLIFYWHMCP>
#	G	D	E	R	K	N	Q	S	T	A	V	L	I	F	Y	W	H	M	C	P
0	0.04188	0.08893	0.16909	0.07955	0.13354	0.02518	0.05728	0.02880	0.10440	0.01355	0.01067	0.09202	0.00946	0.00766	0.06975	0.00185	0.05349	0.00462	0.00257	0.00568
1	0.01079	0.01036	0.01770	0.02677	0.81952	0.01036	0.01339	0.01339	0.00993	0.01425	0.00820	0.01079	0.00691	0.00389	0.00432	0.00130	0.00518	0.00389	0.00216	0.00691
2	0.00527	0.00439	0.00462	0.00471	0.00606	0.00374	0.00353	0.00642	0.00992	0.01201	0.07327	0.10202	0.69933	0.01119	0.00522	0.00151	0.00229	0.03672	0.00408	0.00370
3	0.05946	0.00884	0.01071	0.00827	0.01160	0.00866	0.00683	0.25620	0.01458	0.52851	0.01459	0.01319	0.00950	0.00528	0.00427	0.00133	0.00399	0.00414	0.02283	0.00722
4	0.01672	0.01199	0.01295	0.00993	0.01341	0.01319	0.00820	0.76758	0.02012	0.06542	0.01079	0.01068	0.00758	0.00524	0.00436	0.00131	0.00475	0.00395	0.00441	0.00742
5	0.00549	0.00432	0.00495	0.00502	0.00615	0.00379	0.00368	0.00682	0.01039	0.01338	0.27182	0.17699	0.45000	0.01086	0.00522	0.00149	0.00222	0.00936	0.00427	0.00379
6	0.87753	0.00843	0.00641	0.00574	0.00843	0.00978	0.00472	0.01282	0.00742	0.01957	0.00607	0.00709	0.00472	0.00405	0.00270	0.00135	0.00337	0.00236	0.00270	0.00472
7	0.00608	0.00446	0.00506	0.00504	0.00620	0.00408	0.00373	0.00792	0.03544	0.01431	0.27934	0.12990	0.34418	0.00971	0.00489	0.00141	0.00221	0.00833	0.12376	0.00395
8	0.01303	0.01489	0.01400	0.10006	0.03565	0.38706	0.07606	0.06373	0.01075	0.01209	0.00703	0.00927	0.00590	0.00527	0.00685	0.00141	0.22600	0.00348	0.00225	0.00522
9	0.00647	0.00455	0.00559	0.00533	0.00655	0.00407	0.00400	0.00816	0.01142	0.05389	0.51155	0.08639	0.25654	0.00965	0.00514	0.00142	0.00221	0.00838	0.00457	0.00411
10	0.00959	0.00945	0.01627	0.52797	0.07012	0.03178	0.19642	0.06167	0.00999	0.01298	0.00817	0.01144	0.00616	0.00423	0.00453	0.00143	0.00613	0.00415	0.00217	0.00537
11	0.00853	0.00810	0.01341	0.70268	0.07882	0.01010	0.01194	0.01122	0.00860	0.01128	0.00758	0.01137	0.00588	0.00465	0.00534	0.00149	0.08824	0.00387	0.00195	0.00497
12	0.20049	0.01010	0.01051	0.00842	0.01148	0.03200	0.00687	0.40078	0.01505	0.18965	0.01170	0.06403	0.00887	0.00554	0.00408	0.00135	0.00420	0.00420	0.00415	0.00653
13	0.00537	0.00443	0.00471	0.00464	0.00602	0.00377	0.00348	0.00667	0.01044	0.01296	0.20427	0.04003	0.65692	0.01060	0.00515	0.00145	0.00218	0.00893	0.00421	0.00377
14	0.01109	0.00949	0.01000	0.00892	0.01143	0.01096	0.00696	0.05566	0.77876	0.01863	0.01745	0.01603	0.01307	0.00589	0.00443	0.00147	0.00351	0.00489	0.00443	0.00692
15	0.01442	0.03145	0.10086	0.00982	0.01333	0.01243	0.00866	0.57164	0.10355	0.02354	0.01105	0.01190	0.00828	0.05252	0.00532	0.00149	0.00480	0.00406	0.00394	0.00695
16	0.00840	0.00779	0.01088	0.00964	0.00982	0.01046	0.00779	0.00938	0.00672	0.01017	0.00804	0.01353	0.00811	0.11246	0.20289	0.00336	0.54983	0.00431	0.00209	0.00432
17	0.87753	0.00843	0.00641	0.00574	0.00843	0.00978	0.00472	0.01282	0.00742	0.01957	0.00607	0.00709	0.00472	0.00405	0.00270	0.00135	0.00337	0.00236	0.00270	0.00472
18	0.00630	0.00456	0.00534	0.00510	0.00643	0.00400	0.00384	0.00785	0.01110	0.05300	0.38816	0.05588	0.41280	0.00989	0.00512	0.00143	0.00222	0.00846	0.00445	0.00405
19	0.12476	0.00840	0.00924	0.00741	0.01019	0.00872	0.00605	0.28602	0.01380	0.25842	0.01278	0.01269	0.00896	0.00510	0.00385	0.00126	0.00365	0.00390	0.20851	0.00629
20	0.00524	0.00420	0.00469	0.00504	0.00606	0.00364	0.00360	0.00624	0.00943	0.01170	0.05737	0.32896	0.51467	0.01193	0.00530	0.00158	0.00232	0.01031	0.00407	0.00364
21	0.01629	0.02079	0.01236	0.01124	0.01348	0.82921	0.00843	0.01742	0.01236	0.01067	0.00674	0.00787	0.00562	0.00449	0.00393	0.00112	0.00787	0.00281	0.00225	0.00506
22	0.00608	0.00442	0.00537	0.00513	0.00626	0.00401	0.00385	0.00792	0.01155	0.01608	0.57887	0.03353	0.21808	0.00912	0.00499	0.00137	0.00209	0.00791	0.06935	0.00401
23	0.05132	0.16309	0.03400	0.06145	0.02699	0.24843	0.05884	0.13770	0.01190	0.05325	0.00878	0.01014	0.00691	0.01743	0.00407	0.00123	0.00554	0.00338	0.08995	0.00559
24	0.01059	0.01032	0.00970	0.00771	0.01097	0.15718	0.00603	0.01413	0.14483	0.01433	0.03174	0.01070	0.00842	0.00407	0.00361	0.00089	0.00408	0.00317	0.00290	0.54460
25	0.01192	0.52466	0.15824	0.00937	0.02947	0.13382	0.00922	0.03392	0.03260	0.01167	0.00695	0.00793	0.00588	0.00402	0.00331	0.00107	0.00542	0.00270	0.00206	0.00577
26	0.00553	0.00408	0.00521	0.00605	0.00654	0.00383	0.00418	0.00671	0.03092	0.01150	0.02621	0.68842	0.12191	0.01306	0.00551	0.00174	0.00259	0.04828	0.00406	0.00367
27	0.01219	0.05797	0.08768	0.05371	0.23630	0.01084	0.03259	0.26776	0.01310	0.03821	0.01003	0.02086	0.02739	0.00461	0.00417	0.00123	0.00486	0.00388	0.00302	0.10961
28	0.00696	0.00538	0.00800	0.00819	0.05361	0.00596	0.02935	0.03406	0.00760	0.01077	0.01170	0.01826	0.01124	0.16203	0.59989	0.00588	0.00975	0.00489	0.00244	0.00403
29	0.00583	0.00422	0.00555	0.00634	0.00694	0.00399	0.00470	0.00701	0.00916	0.01208	0.08457	0.48868	0.09859	0.03579	0.00608	0.00184	0.00289	0.20799	0.00406	0.00369
30	0.01507	0.04061	0.10902	0.01146	0.02596	0.68003	0.00935	0.01696	0.03153	0.01128	0.00715	0.00825	0.00581	0.00446	0.00395	0.00116	0.00747	0.00291	0.00224	0.00531
31	0.02205	0.13793	0.03686	0.05674	0.01374	0.11345	0.04094	0.17517	0.27834	0.02990	0.01134	0.01163	0.00866	0.00509	0.00451	0.00133	0.03876	0.00390	0.00335	0.00631

[dist]
# distance from previous block
# <min> <max>
4	7

[block]
# block no. 7 follows, 60 sequences, length 9
# corresponding to MSA columns:
# 427-435
name=unknown_H
#
# <colnr> <probs for GDERKNQSTAVLIFYWHMCP>
#	G	D	E	R	K	N	Q	S	T	A	V	L	I	F	Y	W	H	M	C	P
0	0.87753	0.00843	0.00641	0.00574	0.00843	0.00978	0.00472	0.01282	0.00742	0.01957	0.00607	0.00709	0.00472	0.00405	0.00270	0.00135	0.00337	0.00236	0.00270	0.00472
1	0.00633	0.00493	0.00579	0.00653	0.00704	0.03967	0.00452	0.04103	0.00910	0.01188	0.02268	0.74472	0.02679	0.01285	0.00546	0.00173	0.00291	0.03826	0.00398	0.00379
2	0.01005	0.06921	0.05660	0.00996	0.09658	0.00835	0.04653	0.07237	0.01002	0.01483	0.00790	0.00935	0.00646	0.00366	0.00379	0.00089	0.02274	0.00299	0.00255	0.54517
3	0.24856	0.21418	0.08678	0.00891	0.01227	0.15163	0.03768	0.11843	0.05779	0.01606	0.00771	0.00855	0.00609	0.00431	0.00348	0.00122	0.00507	0.00297	0.00265	0.00567
4	0.04887	0.08001	0.01272	0.02708	0.22644	0.01015	0.00835	0.14981	0.14769	0.06323	0.06982	0.04556	0.01182	0.02399	0.03755	0.00161	0.00448	0.00460	0.02001	0.00619
5	0.00997	0.00943	0.04763	0.18905	0.23927	0.00954	0.07731	0.08152	0.11969	0.01517	0.01177	0.06284	0.02418	0.00519	0.00439	0.00138	0.00480	0.00473	0.07622	0.00591
6	0.01594	0.00875	0.01369	0.01142	0.08171	0.00805	0.15576	0.04052	0.06257	0.49008	0.01426	0.01361	0.00954	0.00487	0.00447	0.00134	0.00450	0.00442	0.00430	0.05021
7	0.01098	0.00932	0.00988	0.00880	0.01126	0.01071	0.00686	0.06840	0.73044	0.01875	0.05211	0.01664	0.01418	0.00601	0.00446	0.00146	0.00347	0.00500	0.00445	0.00681
8	0.01539	0.01141	0.01230	0.00959	0.01282	0.01259	0.00786	0.69582	0.06209	0.02615	0.07909	0.01265	0.01059	0.00558	0.00443	0.00132	0.00450	0.00432	0.00440	0.00711

[dist]
# distance from previous block
# <min> <max>
7	24

[block]
# block no. 8 follows, 60 sequences, length 21
# corresponding to MSA columns:
# 461-481
name=unknown_I
#
# <colnr> <probs for GDERKNQSTAVLIFYWHMCP>
#	G	D	E	R	K	N	Q	S	T	A	V	L	I	F	Y	W	H	M	C	P
0	0.03395	0.07466	0.03515	0.00607	0.00800	0.00623	0.00495	0.02814	0.05470	0.02959	0.18816	0.14364	0.12680	0.00763	0.00431	0.00128	0.00285	0.00646	0.13245	0.10500
1	0.03519	0.15958	0.04662	0.01001	0.03868	0.10923	0.00826	0.35997	0.14174	0.01959	0.01035	0.02380	0.00801	0.00501	0.00402	0.00126	0.00493	0.00374	0.00347	0.00656
2	0.00629	0.00487	0.00580	0.00559	0.00684	0.00459	0.00423	0.00893	0.08152	0.01557	0.47417	0.06636	0.25401	0.00954	0.00513	0.00145	0.00231	0.03408	0.00450	0.00421
3	0.08100	0.09624	0.12093	0.02495	0.15668	0.04751	0.14944	0.13728	0.01126	0.06373	0.00853	0.01007	0.00653	0.00447	0.00484	0.00135	0.06260	0.00373	0.00266	0.00622
4	0.01183	0.36598	0.10906	0.00992	0.02698	0.07643	0.07281	0.09224	0.03710	0.04512	0.00875	0.04302	0.00755	0.02681	0.00474	0.00129	0.04843	0.00364	0.00251	0.00579
5	0.00792	0.00497	0.00622	0.00576	0.00722	0.00450	0.00444	0.00988	0.02792	0.12796	0.45848	0.05341	0.21103	0.00911	0.00508	0.00143	0.00245	0.04304	0.00465	0.00452
6	0.11938	0.00834	0.01018	0.00790	0.01122	0.00799	0.00653	0.15109	0.01323	0.59594	0.01478	0.01321	0.00952	0.00521	0.00418	0.00134	0.00385	0.00407	0.00491	0.00711
7	0.00954	0.07503	0.05342	0.06547	0.13866	0.07731	0.06658	0.02461	0.04035	0.04906	0.14767	0.01980	0.13053	0.04394	0.03785	0.00168	0.00477	0.00536	0.00312	0.00521
8	0.02951	0.00989	0.06510	0.02346	0.10906	0.03349	0.15286	0.10143	0.11214	0.06698	0.01460	0.12676	0.02904	0.00663	0.00475	0.00149	0.00476	0.07916	0.02310	0.00580
9	0.00619	0.00432	0.00519	0.00521	0.00550	0.00438	0.00330	0.00666	0.00704	0.00946	0.04908	0.05468	0.07573	0.57810	0.16320	0.00432	0.00526	0.00652	0.00283	0.00303
10	0.01097	0.00584	0.00759	0.00648	0.00839	0.00539	0.00508	0.04423	0.03336	0.27455	0.50967	0.02563	0.02942	0.00757	0.00485	0.00136	0.00273	0.00654	0.00496	0.00537
11	0.04757	0.11408	0.03799	0.12319	0.33090	0.21273	0.04680	0.01406	0.01014	0.01268	0.00746	0.00957	0.00615	0.00408	0.00401	0.00124	0.00592	0.00341	0.00213	0.00588
12	0.00931	0.01928	0.59604	0.01449	0.09499	0.01046	0.11802	0.02664	0.00950	0.01396	0.00795	0.00973	0.00584	0.00422	0.00472	0.00141	0.04157	0.00357	0.00196	0.00636
13	0.00567	0.00417	0.00514	0.00560	0.00622	0.00388	0.00391	0.00663	0.00893	0.01171	0.11981	0.38701	0.19236	0.14083	0.02535	0.00216	0.00296	0.06023	0.00388	0.00354
14	0.03785	0.00883	0.01040	0.02842	0.01180	0.06806	0.00677	0.08648	0.03228	0.62209	0.01534	0.01377	0.00994	0.00527	0.00429	0.00133	0.00411	0.00418	0.02177	0.00704
15	0.04698	0.01121	0.05097	0.03439	0.38595	0.07460	0.02150	0.11393	0.03373	0.01536	0.01013	0.03966	0.02401	0.00532	0.00527	0.00140	0.08110	0.03565	0.00267	0.00618
16	0.00962	0.06956	0.01069	0.12004	0.10983	0.05133	0.02189	0.02364	0.01891	0.10847	0.05579	0.22511	0.10769	0.00783	0.00491	0.00145	0.02554	0.00675	0.01593	0.00504
17	0.00534	0.00385	0.00505	0.00596	0.00631	0.00357	0.00401	0.00616	0.00858	0.01139	0.05298	0.77117	0.07280	0.01335	0.00553	0.00174	0.00250	0.01206	0.00408	0.00357
18	0.54140	0.02974	0.05719	0.04226	0.03302	0.18590	0.00688	0.03457	0.00908	0.01684	0.00656	0.00775	0.00516	0.00418	0.00321	0.00130	0.00473	0.00265	0.00253	0.00505
19	0.00640	0.00568	0.00560	0.00558	0.00693	0.06494	0.00428	0.00779	0.01058	0.01301	0.19995	0.06233	0.48641	0.01030	0.00517	0.00149	0.00280	0.09276	0.00407	0.00391
20	0.04001	0.08144	0.18974	0.01143	0.08882	0.07270	0.03199	0.09867	0.17297	0.03971	0.01129	0.01375	0.00910	0.00514	0.00419	0.00133	0.00498	0.06180	0.00304	0.05790

[dist]
# distance from previous block
# <min> <max>
7	29

# created by:
# /st0/software/busco_prod/Augustus/scripts/msa2prfl.pl ./align_prep/40108.fa
