[name]
unknown

[dist]
# distance from previous block
# <min> <max>
0	340

[block]
# block no. 0 follows, 67 sequences, length 15
# corresponding to MSA columns:
# 343-357
name=unknown_A
#
# <colnr> <probs for GDERKNQSTAVLIFYWHMCP>
#	G	D	E	R	K	N	Q	S	T	A	V	L	I	F	Y	W	H	M	C	P
0	0.01049	0.00900	0.05448	0.01207	0.04365	0.00827	0.33099	0.02786	0.03189	0.17151	0.01130	0.01546	0.00917	0.00678	0.06407	0.00173	0.05710	0.09762	0.00287	0.03371
1	0.00896	0.01300	0.31562	0.00909	0.01242	0.10453	0.03677	0.01265	0.10509	0.05795	0.02408	0.19742	0.01152	0.00603	0.00411	0.00129	0.00458	0.00511	0.00275	0.06702
2	0.00612	0.00425	0.00483	0.00477	0.00497	0.00439	0.00286	0.00700	0.06366	0.00850	0.01278	0.02481	0.01414	0.74850	0.06935	0.00387	0.00426	0.00565	0.00253	0.00278
3	0.00954	0.08494	0.40033	0.01131	0.07232	0.03300	0.07194	0.01444	0.15589	0.06321	0.00981	0.03910	0.00757	0.00440	0.00389	0.00126	0.00504	0.00370	0.00245	0.00586
4	0.00906	0.11727	0.37218	0.01108	0.04668	0.00924	0.14267	0.01252	0.04036	0.07189	0.01010	0.12060	0.00875	0.00498	0.00401	0.00128	0.00506	0.00442	0.00236	0.00550
5	0.01167	0.00847	0.01402	0.03778	0.50303	0.00824	0.05916	0.01388	0.00966	0.21726	0.01001	0.01127	0.00747	0.00399	0.00395	0.00120	0.00436	0.00377	0.06462	0.00618
6	0.01638	0.00647	0.00879	0.00686	0.00968	0.00562	0.00562	0.01798	0.01146	0.72934	0.12269	0.01579	0.01358	0.00539	0.00412	0.00124	0.00321	0.00445	0.00489	0.00643
7	0.01148	0.14711	0.13168	0.01206	0.19156	0.12072	0.03388	0.01354	0.00961	0.17441	0.03772	0.08012	0.00925	0.00483	0.00383	0.00118	0.00468	0.00402	0.00273	0.00559
8	0.01452	0.04181	0.03669	0.01144	0.12759	0.00788	0.14635	0.03253	0.03809	0.48165	0.01260	0.01218	0.00846	0.00442	0.00408	0.00124	0.00429	0.00399	0.00378	0.00641
9	0.00677	0.00435	0.00567	0.00520	0.00636	0.00396	0.00395	0.00860	0.01127	0.09159	0.72315	0.02882	0.06887	0.00798	0.00467	0.00126	0.00204	0.00701	0.00444	0.00405
10	0.01220	0.01259	0.01588	0.01602	0.26714	0.21897	0.19807	0.18249	0.01180	0.01477	0.00778	0.00940	0.00609	0.00393	0.00407	0.00119	0.00577	0.00360	0.00244	0.00580
11	0.02678	0.05188	0.21613	0.01264	0.13433	0.25868	0.07900	0.06149	0.02750	0.08257	0.00800	0.00903	0.00603	0.00401	0.00381	0.00117	0.00574	0.00320	0.00235	0.00564
12	0.00499	0.00364	0.00466	0.00540	0.00580	0.00336	0.00369	0.00579	0.00798	0.01052	0.05811	0.66730	0.12020	0.04477	0.00566	0.00168	0.00238	0.03709	0.00370	0.00328
13	0.01093	0.00841	0.00997	0.00878	0.08297	0.00809	0.00640	0.16844	0.18236	0.08414	0.01029	0.01054	0.00780	0.00406	0.00358	0.00098	0.00348	0.00331	0.00323	0.38225
14	0.01133	0.01057	0.01241	0.01298	0.20599	0.11311	0.05475	0.16633	0.27527	0.01614	0.04275	0.01196	0.00937	0.00477	0.00436	0.00126	0.03353	0.00398	0.00314	0.00601

[dist]
# distance from previous block
# <min> <max>
0	1

[block]
# block no. 1 follows, 67 sequences, length 23
# corresponding to MSA columns:
# 359-381
name=unknown_B
#
# <colnr> <probs for GDERKNQSTAVLIFYWHMCP>
#	G	D	E	R	K	N	Q	S	T	A	V	L	I	F	Y	W	H	M	C	P
0	0.00967	0.00889	0.01326	0.20564	0.34226	0.02712	0.04427	0.03522	0.21190	0.02810	0.01012	0.02883	0.00804	0.00438	0.00406	0.00128	0.00456	0.00401	0.00260	0.00580
1	0.00780	0.00657	0.00776	0.00584	0.00890	0.00504	0.00458	0.00950	0.00850	0.01305	0.07338	0.08565	0.01029	0.00424	0.00330	0.00074	0.00283	0.00356	0.00266	0.73582
2	0.04508	0.07665	0.01208	0.00930	0.02878	0.19230	0.00740	0.44049	0.09272	0.04268	0.00921	0.00939	0.00684	0.00456	0.00377	0.00116	0.00483	0.00333	0.00335	0.00608
3	0.01111	0.33483	0.01826	0.04304	0.01439	0.19351	0.23260	0.01386	0.08058	0.01114	0.00741	0.00873	0.00604	0.00377	0.00359	0.00110	0.00556	0.00322	0.00209	0.00519
4	0.01090	0.77008	0.04693	0.00759	0.03410	0.03012	0.00726	0.01233	0.00834	0.03338	0.00599	0.00682	0.00532	0.00350	0.00271	0.00089	0.00438	0.00227	0.00182	0.00525
5	0.00852	0.12395	0.66278	0.01061	0.01590	0.00991	0.02802	0.01271	0.02445	0.02588	0.03642	0.00923	0.00648	0.00396	0.00371	0.00122	0.00550	0.00309	0.00190	0.00577
6	0.00510	0.00364	0.00490	0.00583	0.00615	0.00344	0.00409	0.00595	0.00789	0.01047	0.02199	0.74746	0.02606	0.01236	0.00518	0.00166	0.00251	0.11829	0.00372	0.00332
7	0.00489	0.00349	0.00465	0.00558	0.00582	0.00326	0.00372	0.00558	0.00768	0.01024	0.02210	0.85644	0.02653	0.01256	0.00512	0.00163	0.00233	0.01140	0.00372	0.00326
8	0.01014	0.02985	0.12686	0.04798	0.38749	0.03346	0.21940	0.03510	0.00950	0.04974	0.00797	0.00999	0.00619	0.00368	0.00411	0.00124	0.00544	0.00375	0.00214	0.00595
9	0.00492	0.00352	0.00469	0.00556	0.00583	0.00328	0.00373	0.00568	0.00785	0.01052	0.06089	0.81686	0.02707	0.01236	0.00510	0.00161	0.00231	0.01120	0.00376	0.00328
10	0.00573	0.00430	0.00645	0.00645	0.00716	0.00501	0.00501	0.00716	0.00645	0.00931	0.01074	0.01576	0.01003	0.03008	0.84316	0.00645	0.01074	0.00430	0.00215	0.00358
11	0.54788	0.00764	0.00738	0.00612	0.00885	0.00816	0.00505	0.06026	0.00906	0.29157	0.00923	0.00907	0.00635	0.00420	0.00309	0.00124	0.00328	0.00287	0.00340	0.00531
12	0.00492	0.00352	0.00472	0.00562	0.00587	0.00332	0.00377	0.00564	0.00763	0.01020	0.02167	0.82444	0.02590	0.01323	0.03702	0.00181	0.00265	0.01113	0.00366	0.00327
13	0.00575	0.00420	0.00594	0.00594	0.00649	0.00474	0.00439	0.00684	0.00630	0.00894	0.01120	0.01829	0.01113	0.23063	0.64412	0.00583	0.00908	0.00467	0.00222	0.00330
14	0.00993	0.00953	0.01628	0.02462	0.83404	0.00953	0.01231	0.01231	0.00913	0.01310	0.00754	0.00993	0.00635	0.00357	0.00397	0.00119	0.00476	0.00357	0.00199	0.00635
15	0.00947	0.01082	0.02366	0.01690	0.02096	0.01014	0.81947	0.01285	0.00947	0.01285	0.00811	0.01082	0.00609	0.00338	0.00473	0.00135	0.00676	0.00473	0.00203	0.00541
16	0.01688	0.00706	0.00967	0.00754	0.01027	0.00666	0.00624	0.01835	0.01084	0.73708	0.01455	0.01306	0.00937	0.00521	0.00513	0.00130	0.10570	0.00397	0.00458	0.00653
17	0.00998	0.00862	0.00907	0.00816	0.01043	0.00998	0.00635	0.02131	0.82679	0.01678	0.01632	0.01496	0.01224	0.00544	0.00408	0.00136	0.00317	0.00453	0.00408	0.00635
18	0.00596	0.00442	0.00554	0.00517	0.00625	0.00417	0.00390	0.02526	0.04172	0.01588	0.71931	0.02967	0.10119	0.00818	0.00469	0.00127	0.00200	0.00717	0.00434	0.00391
19	0.85347	0.00780	0.00614	0.00548	0.00786	0.00912	0.00451	0.01171	0.00680	0.01767	0.00557	0.00660	0.00438	0.00385	0.00289	0.00126	0.03586	0.00222	0.00245	0.00434
20	0.01048	0.78407	0.09625	0.00728	0.01094	0.01527	0.00759	0.01207	0.00818	0.00974	0.00572	0.00662	0.00514	0.00347	0.00269	0.00090	0.00444	0.00222	0.00171	0.00522
21	0.01295	0.01579	0.00978	0.00896	0.01083	0.65864	0.00672	0.01406	0.01089	0.01048	0.03583	0.01223	0.10625	0.00502	0.00373	0.00107	0.00607	0.00351	0.06276	0.00441
22	0.01104	0.12636	0.07157	0.00867	0.02484	0.23198	0.00722	0.04111	0.25216	0.01328	0.03858	0.01059	0.00859	0.00439	0.00359	0.00108	0.00460	0.00331	0.00278	0.13425

[dist]
# distance from previous block
# <min> <max>
0	2

[block]
# block no. 2 follows, 67 sequences, length 42
# corresponding to MSA columns:
# 384-425
name=unknown_C
#
# <colnr> <probs for GDERKNQSTAVLIFYWHMCP>
#	G	D	E	R	K	N	Q	S	T	A	V	L	I	F	Y	W	H	M	C	P
0	0.04067	0.02181	0.04713	0.01153	0.17356	0.01011	0.00797	0.12485	0.45778	0.02853	0.01263	0.01244	0.00954	0.00478	0.00394	0.00128	0.00379	0.00400	0.00345	0.02021
1	0.01156	0.19889	0.21959	0.04510	0.01299	0.01010	0.00869	0.13265	0.04025	0.16428	0.01984	0.00973	0.00703	0.00412	0.00355	0.00110	0.00439	0.00315	0.00284	0.10017
2	0.00900	0.00879	0.03938	0.34782	0.43126	0.00904	0.02197	0.01154	0.00868	0.02563	0.00750	0.01019	0.00596	0.00375	0.00395	0.00123	0.00495	0.00352	0.00196	0.04388
3	0.00839	0.00719	0.00835	0.00604	0.00954	0.00555	0.00482	0.01059	0.04404	0.01323	0.00753	0.00861	0.00622	0.00308	0.00302	0.00063	0.00298	0.00247	0.00245	0.84528
4	0.69554	0.00868	0.00723	0.00617	0.00878	0.02702	0.00507	0.17298	0.00932	0.01927	0.00640	0.00715	0.00485	0.00395	0.00281	0.00123	0.00345	0.00247	0.00278	0.00484
5	0.02280	0.00503	0.00618	0.00589	0.00733	0.00479	0.00463	0.01036	0.08454	0.14468	0.23077	0.09696	0.19264	0.02456	0.00499	0.00146	0.00268	0.14129	0.00408	0.00435
6	0.00566	0.00382	0.00442	0.00459	0.00463	0.00378	0.00266	0.00579	0.00616	0.00821	0.01432	0.17361	0.01670	0.70880	0.01770	0.00349	0.00361	0.00682	0.00266	0.00258
7	0.01352	0.33165	0.01529	0.00891	0.01173	0.37007	0.04262	0.04230	0.01035	0.10837	0.00731	0.00793	0.00582	0.00396	0.00334	0.00101	0.00556	0.00272	0.00234	0.00520
8	0.00563	0.00390	0.00490	0.00542	0.00569	0.00382	0.00372	0.00625	0.00718	0.00951	0.01775	0.32314	0.02055	0.38579	0.01195	0.00267	0.00330	0.17270	0.00315	0.00298
9	0.00993	0.00953	0.01628	0.02462	0.83404	0.00953	0.01231	0.01231	0.00913	0.01310	0.00754	0.00993	0.00635	0.00357	0.00397	0.00119	0.00476	0.00357	0.00199	0.00635
10	0.35010	0.43274	0.04214	0.00643	0.00955	0.01217	0.00608	0.01256	0.00792	0.08062	0.00647	0.00713	0.00523	0.00368	0.00270	0.00105	0.00381	0.00234	0.00228	0.00500
11	0.00903	0.00862	0.01467	0.33736	0.52827	0.00929	0.01186	0.01153	0.00871	0.01202	0.00739	0.01022	0.00597	0.00374	0.00399	0.00125	0.00499	0.00357	0.00191	0.00563
12	0.00754	0.00507	0.00706	0.00666	0.00776	0.00565	0.00521	0.07707	0.00792	0.07927	0.01135	0.03201	0.01021	0.04966	0.66188	0.00540	0.00923	0.00440	0.00258	0.00408
13	0.00993	0.00953	0.01628	0.02462	0.83404	0.00953	0.01231	0.01231	0.00913	0.01310	0.00754	0.00993	0.00635	0.00357	0.00397	0.00119	0.00476	0.00357	0.00199	0.00635
14	0.00697	0.00348	0.00522	0.00522	0.00522	0.00348	0.00348	0.00522	0.00522	0.00697	0.00697	0.01219	0.00697	0.01393	0.01567	0.88332	0.00348	0.00348	0.00174	0.00174
15	0.01008	0.48938	0.17957	0.01000	0.03860	0.03689	0.13565	0.01268	0.03305	0.01095	0.00669	0.00790	0.00553	0.00358	0.00327	0.00105	0.00506	0.00284	0.00185	0.00540
16	0.01717	0.00789	0.03456	0.00761	0.01076	0.00701	0.00645	0.13104	0.01234	0.68632	0.01454	0.01286	0.00928	0.00494	0.00416	0.00124	0.01646	0.00393	0.00468	0.00676
17	0.00697	0.00348	0.00522	0.00522	0.00522	0.00348	0.00348	0.00522	0.00522	0.00697	0.00697	0.01219	0.00697	0.01393	0.01567	0.88332	0.00348	0.00348	0.00174	0.00174
18	0.01007	0.17411	0.34504	0.01371	0.22354	0.10796	0.01155	0.03716	0.01896	0.01228	0.00705	0.00843	0.00556	0.00377	0.00361	0.00114	0.00540	0.00296	0.00191	0.00577
19	0.02305	0.14682	0.08463	0.01639	0.41921	0.04237	0.02278	0.04151	0.00957	0.11644	0.00870	0.03585	0.00707	0.00409	0.00376	0.00116	0.00463	0.00356	0.00243	0.00600
20	0.00612	0.00578	0.02992	0.00636	0.00706	0.09250	0.01614	0.00704	0.00823	0.01042	0.03411	0.68711	0.05171	0.01113	0.00490	0.00154	0.00300	0.00995	0.00348	0.00353
21	0.00994	0.03966	0.15145	0.07441	0.57273	0.00946	0.01210	0.01264	0.00905	0.05922	0.00786	0.00983	0.00624	0.00371	0.00390	0.00121	0.00490	0.00345	0.00208	0.00615
22	0.88738	0.00776	0.00589	0.00527	0.00776	0.00900	0.00434	0.01179	0.00683	0.01799	0.00558	0.00651	0.00434	0.00372	0.00248	0.00124	0.00310	0.00217	0.00248	0.00434
23	0.00840	0.00714	0.00921	0.01076	0.17103	0.00766	0.00715	0.01422	0.35301	0.01409	0.02899	0.08791	0.05532	0.00726	0.00453	0.00146	0.00347	0.19956	0.00353	0.00528
24	0.01407	0.01060	0.01139	0.00885	0.01197	0.01161	0.00725	0.66054	0.11950	0.02331	0.01028	0.01020	0.00744	0.00476	0.00394	0.00118	0.00415	0.00364	0.00390	0.07142
25	0.03971	0.01036	0.02073	0.01650	0.12141	0.00985	0.60743	0.04817	0.00968	0.01361	0.00797	0.01036	0.00608	0.00346	0.00443	0.00128	0.00606	0.00431	0.00215	0.05645
26	0.00878	0.04910	0.74005	0.01112	0.01674	0.00943	0.02908	0.02524	0.00878	0.05442	0.00763	0.00872	0.00537	0.00386	0.00380	0.00125	0.00574	0.00303	0.00190	0.00595
27	0.00963	0.41880	0.35311	0.00975	0.01425	0.01245	0.09295	0.01250	0.00847	0.02502	0.00667	0.00783	0.00530	0.00361	0.00332	0.00108	0.00519	0.00277	0.00179	0.00552
28	0.01799	0.00683	0.00931	0.00714	0.01024	0.00589	0.00589	0.01954	0.01148	0.83682	0.01582	0.01365	0.00993	0.00496	0.00403	0.00124	0.00341	0.00403	0.00496	0.00683
29	0.03811	0.01952	0.76355	0.01098	0.01663	0.00911	0.01396	0.01306	0.00858	0.05940	0.00763	0.00869	0.00533	0.00387	0.00378	0.00127	0.00569	0.00300	0.00190	0.00592
30	0.01042	0.01133	0.11861	0.01777	0.33236	0.02517	0.27707	0.06138	0.00992	0.06945	0.00859	0.02413	0.00669	0.00387	0.00422	0.00126	0.00546	0.00402	0.00232	0.00597
31	0.00895	0.03898	0.29802	0.01577	0.20343	0.00954	0.28180	0.02315	0.00904	0.01278	0.00839	0.05615	0.00691	0.00410	0.00419	0.00129	0.00567	0.00414	0.00202	0.00569
32	0.00573	0.00430	0.00645	0.00645	0.00716	0.00501	0.00501	0.00716	0.00645	0.00931	0.01074	0.01576	0.01003	0.03008	0.84316	0.00645	0.01074	0.00430	0.00215	0.00358
33	0.00524	0.00416	0.00431	0.00422	0.00561	0.00349	0.00318	0.00632	0.00934	0.03885	0.08446	0.03727	0.75996	0.00987	0.00472	0.00135	0.00207	0.00825	0.00380	0.00352
34	0.01137	0.08512	0.31568	0.02192	0.09864	0.00817	0.00971	0.01409	0.00955	0.28088	0.01331	0.01324	0.09117	0.00478	0.00389	0.00123	0.00444	0.00388	0.00300	0.00592
35	0.00520	0.00365	0.00470	0.00531	0.00551	0.00355	0.00346	0.00576	0.00709	0.00950	0.01874	0.57229	0.02214	0.24516	0.06632	0.00257	0.00333	0.00940	0.00326	0.00305
36	0.00934	0.00491	0.00653	0.00567	0.00725	0.00441	0.00441	0.01113	0.01139	0.26008	0.58931	0.02511	0.02954	0.00724	0.00452	0.00126	0.00234	0.00630	0.00458	0.00469
37	0.02458	0.45119	0.21836	0.00846	0.01225	0.05915	0.02193	0.04716	0.07587	0.01191	0.03060	0.00855	0.00671	0.00393	0.00321	0.00105	0.00472	0.00281	0.00211	0.00543
38	0.00950	0.05926	0.48499	0.01217	0.05683	0.02031	0.13485	0.10491	0.02319	0.02578	0.00813	0.02751	0.00615	0.00407	0.00395	0.00126	0.00560	0.00351	0.00216	0.00588
39	0.00495	0.00353	0.00470	0.00561	0.00586	0.00331	0.00378	0.00567	0.00768	0.01024	0.02188	0.81522	0.02617	0.03045	0.00546	0.00168	0.00240	0.03446	0.00369	0.00325
40	0.00696	0.00677	0.06470	0.00730	0.02515	0.00575	0.08973	0.10040	0.01909	0.01286	0.06071	0.18573	0.32706	0.06242	0.00564	0.00154	0.00330	0.00735	0.00336	0.00419
41	0.05640	0.03652	0.05658	0.00921	0.07256	0.04178	0.04712	0.07000	0.01119	0.48618	0.06156	0.01282	0.01005	0.00476	0.00395	0.00122	0.00396	0.00393	0.00398	0.00623

[dist]
# distance from previous block
# <min> <max>
0	6

# created by:
# /st0/software/busco_prod/Augustus/scripts/msa2prfl.pl ./align_prep/40161.fa
