[name]
unknown

[dist]
# distance from previous block
# <min> <max>
0	55

[block]
# block no. 0 follows, 55 sequences, length 23
# corresponding to MSA columns:
# 55-72,76-80
name=unknown_A
#
# <colnr> <probs for GDERKNQSTAVLIFYWHMCP>
#	G	D	E	R	K	N	Q	S	T	A	V	L	I	F	Y	W	H	M	C	P
0	0.00633	0.00465	0.00604	0.00687	0.00749	0.00450	0.00497	0.00813	0.05255	0.01310	0.07955	0.58785	0.05313	0.01342	0.00590	0.00187	0.00296	0.13219	0.00439	0.00410
1	0.02373	0.03277	0.26710	0.06305	0.10251	0.01008	0.10944	0.02789	0.11056	0.01548	0.03488	0.03201	0.04024	0.00539	0.00465	0.00144	0.00550	0.02748	0.00284	0.08296
2	0.01020	0.02627	0.21879	0.04618	0.04872	0.02029	0.03321	0.04884	0.00979	0.03066	0.00919	0.03258	0.00780	0.03155	0.02879	0.00165	0.16683	0.00400	0.02996	0.19472
3	0.00914	0.00514	0.00592	0.00543	0.00710	0.00462	0.00418	0.01091	0.01135	0.14625	0.19222	0.03021	0.29250	0.00853	0.00473	0.00139	0.00253	0.00714	0.24591	0.00479
4	0.00965	0.00827	0.00965	0.00689	0.01102	0.00620	0.00551	0.01171	0.00965	0.01516	0.00827	0.00965	0.00689	0.00345	0.00345	0.00069	0.00345	0.00276	0.00276	0.86494
5	0.00961	0.00772	0.03326	0.00756	0.00970	0.00762	0.00606	0.03864	0.30141	0.06919	0.31953	0.02698	0.12733	0.00812	0.00510	0.00152	0.00311	0.00692	0.00480	0.00583
6	0.00584	0.00418	0.00544	0.00624	0.00664	0.00390	0.00419	0.00675	0.00929	0.01244	0.10975	0.66111	0.06195	0.07021	0.00709	0.00201	0.00276	0.01213	0.00430	0.00378
7	0.00935	0.00818	0.01129	0.23626	0.01646	0.02165	0.00893	0.06775	0.09546	0.01343	0.01093	0.02658	0.00944	0.03109	0.26200	0.00354	0.15503	0.00468	0.00272	0.00521
8	0.00932	0.00792	0.00930	0.00683	0.01065	0.00601	0.00541	0.01132	0.00972	0.01508	0.03464	0.05718	0.00942	0.00427	0.00365	0.00078	0.00336	0.00353	0.00292	0.78867
9	0.01406	0.03379	0.01227	0.00995	0.01303	0.03016	0.00798	0.31777	0.46362	0.02283	0.01538	0.01453	0.01140	0.00594	0.00464	0.00148	0.00437	0.00473	0.00458	0.00749
10	0.02516	0.12144	0.36660	0.03382	0.03813	0.01110	0.04562	0.05891	0.02160	0.11809	0.01097	0.02423	0.02021	0.00518	0.00471	0.00143	0.03018	0.02592	0.00285	0.03384
11	0.05121	0.10329	0.40398	0.05414	0.06040	0.01194	0.05691	0.08609	0.02727	0.05231	0.00898	0.01042	0.00665	0.00471	0.00480	0.00144	0.04257	0.00368	0.00254	0.00668
12	0.00964	0.02193	0.66679	0.01444	0.02091	0.01098	0.16065	0.01476	0.01004	0.01476	0.00855	0.01033	0.00611	0.00433	0.00462	0.00149	0.00705	0.00382	0.00204	0.00676
13	0.00686	0.00462	0.00539	0.00553	0.00566	0.00462	0.00342	0.00714	0.00727	0.00965	0.01595	0.03329	0.01819	0.73017	0.02145	0.00420	0.00448	0.10610	0.00301	0.00301
14	0.02179	0.06259	0.16328	0.10895	0.07628	0.10829	0.08423	0.07648	0.03327	0.11065	0.03606	0.03792	0.01017	0.00558	0.00467	0.00146	0.00585	0.04303	0.00313	0.00632
15	0.01389	0.53670	0.03688	0.00940	0.01290	0.22174	0.00854	0.06353	0.01111	0.01229	0.00697	0.00806	0.00610	0.00443	0.00381	0.00111	0.03155	0.00279	0.00226	0.00594
16	0.00939	0.00802	0.00931	0.00675	0.01066	0.00606	0.00536	0.01137	0.00961	0.01488	0.01011	0.01171	0.04145	0.02615	0.00408	0.00083	0.00343	0.00317	0.00283	0.80485
17	0.00563	0.00471	0.00496	0.00497	0.00644	0.00405	0.00372	0.00689	0.01058	0.01287	0.09578	0.06316	0.69639	0.01281	0.04450	0.00186	0.00284	0.00958	0.00429	0.00397
18	0.32391	0.06928	0.14204	0.05154	0.07012	0.04571	0.03020	0.07131	0.04339	0.07398	0.00938	0.01121	0.00726	0.00486	0.00391	0.00143	0.00497	0.02639	0.00300	0.00611
19	0.00667	0.00490	0.00705	0.00705	0.00773	0.00558	0.00528	0.00803	0.00735	0.01048	0.01285	0.02045	0.01258	0.17830	0.67595	0.00695	0.01104	0.00530	0.00255	0.00391
20	0.00577	0.00414	0.00542	0.00640	0.00673	0.00387	0.00431	0.00659	0.00893	0.01183	0.02601	0.73782	0.06325	0.05385	0.00678	0.00201	0.00282	0.03548	0.00425	0.00375
21	0.01776	0.01338	0.01383	0.01070	0.01435	0.05794	0.00879	0.72734	0.02115	0.05122	0.01116	0.01115	0.00791	0.00555	0.00463	0.00139	0.00526	0.00414	0.00456	0.00777
22	0.01303	0.03780	0.09696	0.10330	0.06303	0.05275	0.18998	0.28219	0.02656	0.01922	0.01069	0.02678	0.00852	0.00532	0.00485	0.00148	0.00612	0.04151	0.00323	0.00667

[dist]
# distance from previous block
# <min> <max>
0	2

[block]
# block no. 1 follows, 55 sequences, length 26
# corresponding to MSA columns:
# 83-108
name=unknown_B
#
# <colnr> <probs for GDERKNQSTAVLIFYWHMCP>
#	G	D	E	R	K	N	Q	S	T	A	V	L	I	F	Y	W	H	M	C	P
0	0.00680	0.00523	0.00587	0.00562	0.00704	0.02166	0.00427	0.00850	0.01194	0.04076	0.39660	0.03864	0.38732	0.01042	0.00547	0.00153	0.00252	0.03083	0.00470	0.00431
1	0.01141	0.00899	0.01424	0.15926	0.16877	0.00926	0.11183	0.10693	0.02612	0.10572	0.09902	0.09510	0.03593	0.00689	0.01824	0.00161	0.00509	0.00591	0.00354	0.00614
2	0.01153	0.05601	0.06801	0.27043	0.23005	0.03458	0.06523	0.06389	0.01103	0.07986	0.01038	0.05982	0.00851	0.00515	0.00466	0.00146	0.00572	0.00464	0.00275	0.00631
3	0.00618	0.00426	0.00563	0.00651	0.00699	0.00395	0.00448	0.00714	0.00933	0.03396	0.05755	0.71851	0.06060	0.01396	0.00589	0.00186	0.00276	0.04210	0.00439	0.00394
4	0.83828	0.00896	0.00698	0.00620	0.00910	0.01030	0.00510	0.01400	0.00811	0.04981	0.00691	0.00786	0.00528	0.00437	0.00294	0.00144	0.00361	0.00260	0.00298	0.00514
5	0.01199	0.06179	0.13454	0.06344	0.04898	0.05488	0.00999	0.10909	0.03279	0.09740	0.03510	0.03077	0.04561	0.00746	0.03092	0.00176	0.17540	0.03883	0.00318	0.00607
6	0.01037	0.02856	0.13047	0.10341	0.23380	0.03970	0.08950	0.01425	0.08433	0.03248	0.06213	0.05279	0.05062	0.00584	0.00526	0.00150	0.04067	0.00518	0.00289	0.00624
7	0.00684	0.00513	0.00745	0.00737	0.00810	0.00600	0.00565	0.00833	0.00744	0.01079	0.01247	0.01908	0.01191	0.10857	0.69367	0.00684	0.04410	0.00510	0.02107	0.00407
8	0.86937	0.00900	0.00684	0.00612	0.00900	0.01044	0.00504	0.01368	0.00792	0.02087	0.00648	0.00756	0.00504	0.00432	0.00288	0.00144	0.00360	0.00252	0.00288	0.00504
9	0.00654	0.00493	0.00621	0.00690	0.00800	0.00463	0.00561	0.00813	0.01033	0.01307	0.03214	0.16321	0.28898	0.02902	0.00638	0.00196	0.00341	0.39221	0.00427	0.00406
10	0.00623	0.00465	0.00579	0.00570	0.00678	0.00421	0.00420	0.00802	0.01205	0.01645	0.53942	0.14582	0.20219	0.01068	0.00555	0.00154	0.00230	0.00937	0.00484	0.00421
11	0.01151	0.01105	0.01888	0.02855	0.80748	0.01105	0.01428	0.01428	0.01059	0.01520	0.00875	0.01151	0.00737	0.00415	0.00461	0.00138	0.00553	0.00415	0.00230	0.00737
12	0.00592	0.00455	0.00543	0.00572	0.00675	0.00407	0.00418	0.00728	0.01073	0.01394	0.22815	0.28185	0.34290	0.01212	0.00567	0.00167	0.00251	0.04801	0.00452	0.00401
13	0.00663	0.00508	0.00629	0.00625	0.02887	0.00464	0.00451	0.02410	0.01254	0.01703	0.55004	0.03651	0.26042	0.00994	0.00545	0.00149	0.00239	0.00861	0.00480	0.00441
14	0.00965	0.00827	0.00965	0.00689	0.01102	0.00620	0.00551	0.01171	0.00965	0.01516	0.00827	0.00965	0.00689	0.00345	0.00345	0.00069	0.00345	0.00276	0.00276	0.86494
15	0.00966	0.00833	0.00979	0.00706	0.01106	0.00645	0.00566	0.01170	0.00957	0.01504	0.00820	0.00966	0.00687	0.00359	0.00382	0.00073	0.02924	0.00280	0.00273	0.83804
16	0.03367	0.05268	0.13800	0.08919	0.13935	0.02509	0.10070	0.11622	0.03533	0.10697	0.01088	0.01216	0.01919	0.00473	0.00446	0.00136	0.00546	0.00412	0.02032	0.08012
17	0.29460	0.10059	0.05883	0.00923	0.01248	0.11825	0.01869	0.20458	0.04069	0.01953	0.01946	0.00964	0.00700	0.00497	0.00434	0.00137	0.04520	0.00334	0.00315	0.02406
18	0.00737	0.00430	0.00559	0.00559	0.00561	0.00432	0.00346	0.00648	0.00646	0.00863	0.01156	0.02261	0.01270	0.43793	0.04030	0.40222	0.00448	0.00546	0.00244	0.00248
19	0.01125	0.01164	0.04057	0.12313	0.48939	0.06526	0.08907	0.01436	0.03385	0.01451	0.00942	0.03159	0.00789	0.00464	0.00484	0.00143	0.01834	0.00443	0.01773	0.00667
20	0.00965	0.00827	0.00965	0.00689	0.01102	0.00620	0.00551	0.01171	0.00965	0.01516	0.00827	0.00965	0.00689	0.00345	0.00345	0.00069	0.00345	0.00276	0.00276	0.86494
21	0.03850	0.00970	0.04992	0.03817	0.01294	0.00802	0.03009	0.07754	0.03348	0.02890	0.00888	0.01024	0.00710	0.00404	0.00416	0.00095	0.03321	0.00318	0.00292	0.59806
22	0.00649	0.00445	0.00539	0.00579	0.00599	0.00436	0.00368	0.00696	0.00788	0.01051	0.03818	0.27293	0.02252	0.50389	0.01653	0.00346	0.00389	0.07040	0.00344	0.00326
23	0.03244	0.01108	0.01273	0.01015	0.01316	0.02356	0.04287	0.47548	0.06128	0.07297	0.03188	0.05449	0.01082	0.00683	0.01978	0.00158	0.04870	0.01605	0.04718	0.00697
24	0.00560	0.00457	0.00495	0.00516	0.00642	0.00392	0.00375	0.00676	0.01040	0.01279	0.08824	0.21149	0.59533	0.01224	0.00559	0.00163	0.00242	0.01046	0.00437	0.00392
25	0.01588	0.29694	0.01710	0.01041	0.02755	0.31522	0.00857	0.17564	0.01366	0.06612	0.00850	0.00918	0.00676	0.00473	0.00392	0.00119	0.00622	0.00320	0.00293	0.00630

[dist]
# distance from previous block
# <min> <max>
0	1

[block]
# block no. 2 follows, 55 sequences, length 36
# corresponding to MSA columns:
# 127-162
name=unknown_C
#
# <colnr> <probs for GDERKNQSTAVLIFYWHMCP>
#	G	D	E	R	K	N	Q	S	T	A	V	L	I	F	Y	W	H	M	C	P
0	0.01191	0.20959	0.17460	0.01000	0.01411	0.07122	0.02536	0.09538	0.10187	0.01556	0.00922	0.01020	0.00732	0.00466	0.00449	0.00122	0.04652	0.00340	0.00277	0.18060
1	0.01283	0.10240	0.03280	0.12864	0.07189	0.14735	0.04285	0.14709	0.15383	0.01661	0.02276	0.01313	0.03455	0.00541	0.00481	0.00140	0.03306	0.00426	0.01801	0.00632
2	0.00677	0.00451	0.00507	0.00507	0.00507	0.00451	0.00282	0.00677	0.00677	0.00902	0.01466	0.03044	0.01691	0.83650	0.02368	0.00451	0.00451	0.00677	0.00282	0.00282
3	0.01190	0.01210	0.04497	0.16228	0.40080	0.09099	0.01229	0.06111	0.12747	0.01567	0.01014	0.01214	0.00801	0.00471	0.00459	0.00143	0.00568	0.00417	0.00275	0.00680
4	0.00677	0.00451	0.00507	0.00507	0.00507	0.00451	0.00282	0.00677	0.00677	0.00902	0.01466	0.03044	0.01691	0.83650	0.02368	0.00451	0.00451	0.00677	0.00282	0.00282
5	0.01026	0.01006	0.01423	0.12848	0.14306	0.04659	0.04148	0.02963	0.02390	0.01331	0.05727	0.01408	0.04935	0.00670	0.00924	0.00168	0.35652	0.00463	0.00255	0.03699
6	0.00985	0.00720	0.00830	0.00729	0.00948	0.00726	0.00564	0.01576	0.28513	0.07882	0.30502	0.02367	0.05278	0.00725	0.00479	0.00139	0.00300	0.00618	0.05382	0.10735
7	0.00879	0.00827	0.01395	0.82532	0.03204	0.01034	0.01292	0.01189	0.00930	0.01189	0.00827	0.01240	0.00620	0.00465	0.00465	0.00155	0.00620	0.00413	0.00207	0.00517
8	0.00701	0.00587	0.00854	0.01007	0.12789	0.00561	0.04097	0.00861	0.02230	0.01318	0.08368	0.40327	0.18547	0.03524	0.00623	0.00178	0.01581	0.01001	0.00392	0.00455
9	0.01098	0.01255	0.02745	0.01961	0.02431	0.01176	0.79059	0.01490	0.01098	0.01490	0.00941	0.01255	0.00706	0.00392	0.00549	0.00157	0.00784	0.00549	0.00235	0.00627
10	0.01121	0.01267	0.06895	0.05744	0.20214	0.19083	0.02442	0.01452	0.08700	0.01435	0.11518	0.01631	0.05067	0.00784	0.05825	0.00183	0.05270	0.00485	0.00298	0.00586
11	0.00565	0.00411	0.00534	0.00633	0.00671	0.00379	0.00425	0.00649	0.00905	0.01193	0.02747	0.76625	0.09681	0.01434	0.00590	0.00186	0.00267	0.01294	0.00432	0.00379
12	0.01497	0.07208	0.04647	0.01256	0.09821	0.17124	0.00958	0.33840	0.01548	0.03134	0.01014	0.01266	0.00824	0.00562	0.00515	0.00139	0.05692	0.04796	0.00343	0.03815
13	0.01086	0.25916	0.41128	0.01180	0.01695	0.04557	0.06664	0.01524	0.06512	0.01371	0.00849	0.00981	0.00659	0.00454	0.00449	0.00136	0.03627	0.00344	0.00221	0.00648
14	0.00567	0.00405	0.00540	0.00648	0.00675	0.00378	0.00432	0.00648	0.00891	0.01188	0.02564	0.83347	0.03077	0.01457	0.00594	0.00189	0.00270	0.01323	0.00432	0.00378
15	0.31720	0.12370	0.06840	0.00945	0.01257	0.35473	0.00803	0.03268	0.01079	0.01530	0.00701	0.00814	0.00569	0.00451	0.00360	0.00128	0.00608	0.00282	0.00253	0.00550
16	0.00665	0.00465	0.00544	0.00573	0.00688	0.00407	0.00411	0.00771	0.01006	0.06818	0.03578	0.38519	0.41354	0.01257	0.00563	0.00170	0.00262	0.01094	0.00442	0.00414
17	0.00990	0.00957	0.07877	0.07901	0.02907	0.00908	0.03653	0.12221	0.23323	0.01719	0.05202	0.20027	0.08696	0.00824	0.00508	0.00160	0.00416	0.00716	0.00401	0.00594
18	0.01610	0.01818	0.01268	0.01124	0.01387	0.52688	0.00860	0.12357	0.19305	0.01562	0.01039	0.01080	0.00812	0.00524	0.00438	0.00131	0.00688	0.00367	0.00323	0.00618
19	0.00879	0.00827	0.01395	0.82532	0.03204	0.01034	0.01292	0.01189	0.00930	0.01189	0.00827	0.01240	0.00620	0.00465	0.00465	0.00155	0.00620	0.00413	0.00207	0.00517
20	0.11634	0.06919	0.01195	0.00878	0.01190	0.05879	0.00723	0.42020	0.01616	0.05025	0.01089	0.01148	0.00810	0.00519	0.00403	0.00129	0.00453	0.00380	0.14904	0.03084
21	0.00946	0.00932	0.01404	0.74588	0.05266	0.06693	0.01268	0.01242	0.00961	0.01194	0.00821	0.01210	0.00622	0.00465	0.00462	0.00152	0.00634	0.00405	0.00210	0.00525
22	0.00846	0.06993	0.01104	0.02691	0.15991	0.00706	0.04613	0.01007	0.00985	0.05018	0.03750	0.42699	0.04378	0.01036	0.00537	0.00168	0.00388	0.06217	0.00370	0.00502
23	0.00843	0.00643	0.00637	0.00607	0.00665	0.06226	0.00388	0.07385	0.00883	0.01152	0.01515	0.07294	0.03191	0.60575	0.01838	0.00365	0.00458	0.00660	0.04317	0.00358
24	0.00673	0.00446	0.00520	0.00533	0.00537	0.00443	0.00312	0.00675	0.00702	0.00935	0.01561	0.11035	0.01804	0.69825	0.02132	0.04725	0.00430	0.02127	0.00296	0.00290
25	0.00752	0.00595	0.00838	0.09142	0.06657	0.00622	0.00705	0.00949	0.03596	0.01315	0.06942	0.17040	0.12518	0.02783	0.02206	0.05139	0.03699	0.23686	0.00372	0.00444
26	0.01139	0.18052	0.17570	0.05657	0.38120	0.04800	0.01288	0.03053	0.01058	0.01432	0.03114	0.01093	0.00775	0.00440	0.00425	0.00132	0.00574	0.00374	0.00230	0.00673
27	0.13238	0.01405	0.02069	0.01552	0.01943	0.17632	0.46474	0.07197	0.01180	0.01606	0.00868	0.01090	0.00662	0.00428	0.00480	0.00146	0.00717	0.00447	0.00260	0.00604
28	0.00580	0.00425	0.00531	0.00605	0.00656	0.00392	0.00409	0.00666	0.00914	0.01194	0.05015	0.58301	0.16449	0.09341	0.00757	0.00208	0.00283	0.02480	0.00420	0.00374
29	0.01579	0.03466	0.01294	0.01167	0.03100	0.61826	0.00871	0.03192	0.03519	0.02893	0.00945	0.02680	0.03035	0.02074	0.00542	0.00136	0.06503	0.00368	0.00264	0.00546
30	0.01406	0.01651	0.01339	0.24969	0.07467	0.48814	0.01024	0.01597	0.01171	0.01208	0.00799	0.01020	0.00643	0.00474	0.00431	0.00131	0.00726	0.00347	0.04243	0.00542
31	0.00665	0.00457	0.00550	0.00556	0.00576	0.00468	0.00344	0.00701	0.00710	0.00957	0.01562	0.07465	0.03418	0.63263	0.15962	0.00481	0.00573	0.00689	0.00288	0.00313
32	0.00966	0.00927	0.00970	0.01024	0.07113	0.15495	0.00721	0.03602	0.00995	0.01255	0.01623	0.25981	0.03946	0.03603	0.07930	0.02161	0.12047	0.07111	0.02061	0.00469
33	0.01118	0.00969	0.01340	0.15309	0.31023	0.08408	0.01056	0.01361	0.02347	0.08731	0.01444	0.10225	0.03543	0.00687	0.00498	0.00156	0.00519	0.10349	0.00315	0.00601
34	0.02150	0.00778	0.01096	0.08094	0.03516	0.00813	0.06277	0.13186	0.02899	0.07727	0.04198	0.04960	0.03320	0.03934	0.00640	0.00189	0.01890	0.33390	0.00400	0.00544
35	0.12618	0.01139	0.03403	0.17672	0.11531	0.14184	0.02414	0.08407	0.02739	0.01587	0.06624	0.03541	0.04358	0.00606	0.00492	0.00149	0.03323	0.04347	0.00302	0.00564

[dist]
# distance from previous block
# <min> <max>
11	39

[block]
# block no. 3 follows, 55 sequences, length 19
# corresponding to MSA columns:
# 210-228
name=unknown_D
#
# <colnr> <probs for GDERKNQSTAVLIFYWHMCP>
#	G	D	E	R	K	N	Q	S	T	A	V	L	I	F	Y	W	H	M	C	P
0	0.30872	0.07909	0.04875	0.05336	0.04344	0.09157	0.02418	0.08700	0.05453	0.03911	0.00996	0.01222	0.02454	0.03288	0.00495	0.00152	0.03659	0.02348	0.00302	0.02107
1	0.05560	0.03252	0.07054	0.07434	0.24927	0.00980	0.05235	0.05014	0.09134	0.03019	0.05213	0.10162	0.07283	0.00656	0.00509	0.00152	0.02909	0.00575	0.00320	0.00614
2	0.01102	0.05226	0.01629	0.15508	0.37224	0.04612	0.05029	0.01498	0.11131	0.01470	0.01025	0.03447	0.00850	0.00474	0.00451	0.00137	0.00536	0.00435	0.00266	0.07949
3	0.00603	0.00466	0.00550	0.00544	0.00665	0.00413	0.00402	0.00765	0.01164	0.01538	0.40461	0.12384	0.36167	0.01100	0.00554	0.00155	0.00232	0.00951	0.00470	0.00413
4	0.00812	0.09615	0.01052	0.00829	0.00915	0.00890	0.00664	0.00934	0.00749	0.01063	0.01053	0.01665	0.01032	0.12243	0.43278	0.02396	0.19668	0.00470	0.00236	0.00435
5	0.00636	0.00462	0.00621	0.00648	0.00711	0.00482	0.00466	0.00754	0.00832	0.01149	0.05636	0.23993	0.08226	0.14608	0.35994	0.00464	0.00713	0.00798	0.02423	0.00385
6	0.00708	0.00563	0.00832	0.00806	0.00879	0.00686	0.00636	0.00867	0.00743	0.01085	0.01167	0.01727	0.01095	0.03158	0.71865	0.00680	0.11346	0.00487	0.00244	0.00427
7	0.01211	0.74952	0.02271	0.00807	0.01182	0.01731	0.00790	0.01423	0.04926	0.01155	0.00814	0.01055	0.00758	0.00461	0.00327	0.00109	0.00487	0.04721	0.00226	0.00594
8	0.00576	0.00427	0.00528	0.00597	0.00656	0.00390	0.00406	0.00669	0.00943	0.01230	0.08131	0.56049	0.19855	0.06404	0.00690	0.00195	0.00270	0.01177	0.00428	0.00379
9	0.00710	0.00524	0.00694	0.00736	0.04681	0.00568	0.00469	0.00781	0.00725	0.01005	0.01359	0.04686	0.01471	0.49254	0.25887	0.00505	0.04701	0.00615	0.00270	0.00358
10	0.00788	0.00653	0.00927	0.03869	0.10258	0.00613	0.06521	0.03696	0.01125	0.04107	0.13124	0.10740	0.38093	0.00961	0.00537	0.00157	0.00348	0.02593	0.00402	0.00488
11	0.05567	0.02593	0.22581	0.01017	0.03634	0.00897	0.03474	0.09174	0.04751	0.21513	0.01558	0.04858	0.05623	0.00614	0.00457	0.00147	0.00474	0.03390	0.07023	0.00656
12	0.05006	0.00570	0.00715	0.04550	0.04687	0.00561	0.00535	0.00996	0.05712	0.01686	0.44314	0.06673	0.16593	0.00914	0.00521	0.00151	0.00279	0.02251	0.02820	0.00466
13	0.00932	0.14984	0.21413	0.02441	0.01261	0.02199	0.02292	0.04843	0.04451	0.02710	0.13496	0.08519	0.12494	0.00805	0.02666	0.00160	0.00471	0.01715	0.01591	0.00557
14	0.04474	0.01120	0.05063	0.12171	0.35447	0.06819	0.02233	0.06976	0.01077	0.01486	0.01087	0.01397	0.04737	0.04642	0.04431	0.00188	0.05332	0.00443	0.00258	0.00618
15	0.03273	0.04534	0.05622	0.12169	0.01291	0.03197	0.04112	0.01056	0.04443	0.01209	0.01438	0.12995	0.02829	0.16975	0.14298	0.00315	0.04681	0.04815	0.00290	0.00458
16	0.22375	0.00856	0.00857	0.04665	0.04970	0.08220	0.00612	0.06653	0.02266	0.03871	0.01196	0.08650	0.01159	0.19000	0.11156	0.00288	0.00560	0.00513	0.01652	0.00481
17	0.22655	0.02998	0.03377	0.02823	0.03882	0.20968	0.03223	0.08003	0.01079	0.01572	0.03136	0.03524	0.00835	0.00761	0.04462	0.08521	0.01850	0.00378	0.00280	0.05672
18	0.06549	0.03379	0.08901	0.00992	0.07382	0.02285	0.03860	0.03517	0.07542	0.06422	0.03373	0.06361	0.03554	0.11423	0.09597	0.02218	0.00539	0.00513	0.00317	0.11279

[dist]
# distance from previous block
# <min> <max>
0	67

[block]
# block no. 4 follows, 55 sequences, length 14
# corresponding to MSA columns:
# 339-352
name=unknown_E
#
# <colnr> <probs for GDERKNQSTAVLIFYWHMCP>
#	G	D	E	R	K	N	Q	S	T	A	V	L	I	F	Y	W	H	M	C	P
0	0.09757	0.08522	0.05202	0.02756	0.05609	0.11606	0.00821	0.08977	0.03891	0.06789	0.01599	0.05728	0.07633	0.00744	0.00516	0.00156	0.03973	0.14808	0.00347	0.00566
1	0.03262	0.26350	0.03278	0.03051	0.01312	0.28927	0.00840	0.06609	0.03749	0.01315	0.00985	0.04875	0.03527	0.00556	0.00487	0.00128	0.07232	0.00382	0.00263	0.02874
2	0.06700	0.06398	0.13135	0.01326	0.14068	0.05613	0.09736	0.06991	0.06426	0.01577	0.02700	0.05670	0.07324	0.00607	0.00490	0.02331	0.00518	0.01652	0.00298	0.06440
3	0.03502	0.08926	0.10390	0.06593	0.20960	0.04035	0.01021	0.08768	0.05116	0.07516	0.02426	0.05825	0.04689	0.00661	0.03074	0.00159	0.01708	0.00472	0.00311	0.03846
4	0.00843	0.05377	0.08035	0.06573	0.11986	0.00742	0.05162	0.02363	0.00979	0.02951	0.03661	0.34178	0.03341	0.05429	0.00612	0.00177	0.00424	0.01938	0.04724	0.00504
5	0.00750	0.00430	0.00629	0.05080	0.00763	0.00432	0.00456	0.00649	0.00703	0.00928	0.01350	0.18481	0.04910	0.01501	0.01433	0.59977	0.00380	0.00621	0.00260	0.00264
6	0.01193	0.08476	0.08051	0.12798	0.18398	0.05078	0.12719	0.07497	0.04267	0.07039	0.01130	0.05489	0.02445	0.00533	0.00496	0.00146	0.02841	0.00475	0.00288	0.00640
7	0.01118	0.07153	0.10076	0.07003	0.14514	0.02782	0.05065	0.07004	0.06535	0.06822	0.02346	0.05229	0.04614	0.05185	0.02087	0.00177	0.08781	0.00499	0.02403	0.00607
8	0.00597	0.00453	0.00552	0.00585	0.00681	0.00408	0.00425	0.00735	0.01074	0.01411	0.25189	0.31813	0.28035	0.01217	0.00570	0.00168	0.00253	0.04979	0.00454	0.00402
9	0.09859	0.01533	0.04924	0.01194	0.08163	0.28739	0.00900	0.22626	0.06274	0.07974	0.01014	0.01071	0.00759	0.00507	0.00429	0.00134	0.00596	0.00369	0.02277	0.00657
10	0.01152	0.04851	0.01458	0.07501	0.23693	0.01040	0.05973	0.12544	0.06547	0.06343	0.02769	0.09543	0.03265	0.00835	0.06384	0.00193	0.04401	0.00546	0.00329	0.00634
11	0.00976	0.00934	0.06545	0.06509	0.15088	0.00889	0.09841	0.05778	0.05434	0.03127	0.07197	0.08933	0.05381	0.00892	0.06115	0.01774	0.05865	0.01969	0.06185	0.00568
12	0.00799	0.00571	0.00705	0.00676	0.00749	0.00585	0.02346	0.10007	0.00940	0.01258	0.01685	0.18607	0.01871	0.45096	0.06327	0.00356	0.00476	0.06218	0.00340	0.00388
13	0.29859	0.06627	0.03377	0.05349	0.08639	0.14238	0.04257	0.02739	0.01015	0.07277	0.03042	0.01069	0.00766	0.00636	0.04853	0.00170	0.02410	0.00351	0.00285	0.03041

[dist]
# distance from previous block
# <min> <max>
3	28

[block]
# block no. 5 follows, 55 sequences, length 8
# corresponding to MSA columns:
# 382-389
name=unknown_F
#
# <colnr> <probs for GDERKNQSTAVLIFYWHMCP>
#	G	D	E	R	K	N	Q	S	T	A	V	L	I	F	Y	W	H	M	C	P
0	0.02942	0.15277	0.08192	0.07636	0.08406	0.03247	0.02700	0.13696	0.05885	0.07638	0.03641	0.02594	0.02695	0.03333	0.01689	0.00152	0.02353	0.00427	0.00321	0.07173
1	0.01053	0.11329	0.17645	0.03228	0.03673	0.00972	0.04394	0.06216	0.07497	0.08473	0.06027	0.13284	0.04069	0.02738	0.05647	0.00194	0.02048	0.00585	0.00338	0.00592
2	0.00802	0.00552	0.00698	0.00750	0.03988	0.00524	0.00521	0.05396	0.03067	0.07593	0.08666	0.43125	0.17615	0.01177	0.00558	0.00171	0.00302	0.03583	0.00444	0.00466
3	0.00966	0.01070	0.11426	0.11071	0.22743	0.02920	0.07939	0.02864	0.01061	0.03174	0.06091	0.13928	0.05912	0.00683	0.00496	0.00151	0.00509	0.02661	0.00302	0.04034
4	0.02407	0.18908	0.07870	0.07596	0.12151	0.04036	0.06516	0.08197	0.02483	0.01439	0.01263	0.06519	0.06569	0.00691	0.02707	0.00161	0.07103	0.02517	0.00276	0.00591
5	0.00901	0.08948	0.20720	0.00910	0.01238	0.00842	0.05963	0.01254	0.07342	0.05579	0.12090	0.06887	0.17051	0.03046	0.02716	0.00174	0.00464	0.02970	0.00351	0.00552
6	0.00770	0.03756	0.04415	0.00689	0.00780	0.05253	0.00519	0.00863	0.00762	0.01013	0.01261	0.02230	0.01312	0.39302	0.31922	0.03190	0.00783	0.00548	0.00258	0.00375
7	0.01139	0.05214	0.18505	0.03777	0.15923	0.11608	0.05354	0.02894	0.05517	0.04965	0.03516	0.04708	0.02439	0.05799	0.00656	0.00166	0.06463	0.00469	0.00278	0.00610

[dist]
# distance from previous block
# <min> <max>
0	6

[block]
# block no. 6 follows, 55 sequences, length 7
# corresponding to MSA columns:
# 396-402
name=unknown_G
#
# <colnr> <probs for GDERKNQSTAVLIFYWHMCP>
#	G	D	E	R	K	N	Q	S	T	A	V	L	I	F	Y	W	H	M	C	P
0	0.06629	0.03414	0.00920	0.00745	0.00964	0.00734	0.00585	0.07903	0.01032	0.20805	0.01313	0.01704	0.01102	0.14187	0.26929	0.00376	0.00684	0.00465	0.00356	0.09154
1	0.01263	0.10616	0.11494	0.13417	0.05592	0.16030	0.03928	0.11487	0.10804	0.03447	0.01172	0.02806	0.03372	0.00544	0.00448	0.00141	0.00586	0.01924	0.00303	0.00626
2	0.00711	0.00616	0.05523	0.08866	0.00989	0.00584	0.00583	0.00821	0.00750	0.01032	0.01302	0.06091	0.01354	0.34702	0.28179	0.05945	0.00733	0.00585	0.00261	0.00373
3	0.00674	0.00672	0.08299	0.00745	0.00876	0.00548	0.00603	0.00937	0.08820	0.01292	0.02358	0.51795	0.07962	0.01442	0.08123	0.00232	0.00413	0.03362	0.00396	0.00449
4	0.01263	0.03527	0.01477	0.01350	0.11049	0.12955	0.10730	0.13167	0.05946	0.05284	0.01272	0.01703	0.03626	0.00816	0.05652	0.00193	0.10882	0.08177	0.00322	0.00610
5	0.01144	0.05074	0.01420	0.21006	0.16356	0.06578	0.02552	0.08087	0.10127	0.03619	0.01070	0.03433	0.00888	0.03255	0.02329	0.00172	0.08892	0.00449	0.02946	0.00604
6	0.01276	0.01394	0.07178	0.03232	0.18172	0.20472	0.12193	0.06571	0.09086	0.04453	0.01186	0.08779	0.01032	0.00582	0.00480	0.00146	0.00610	0.02220	0.00305	0.00631

[dist]
# distance from previous block
# <min> <max>
9	79

[block]
# block no. 7 follows, 55 sequences, length 12
# corresponding to MSA columns:
# 616-625,642,643
name=unknown_H
#
# <colnr> <probs for GDERKNQSTAVLIFYWHMCP>
#	G	D	E	R	K	N	Q	S	T	A	V	L	I	F	Y	W	H	M	C	P
0	0.02429	0.22558	0.26294	0.03789	0.01443	0.05612	0.01041	0.05703	0.05407	0.01430	0.04518	0.07891	0.01136	0.00646	0.00486	0.03463	0.00534	0.04757	0.00277	0.00587
1	0.05179	0.18214	0.25953	0.01004	0.01393	0.07002	0.01032	0.09084	0.02398	0.04351	0.02415	0.02761	0.00910	0.04029	0.07215	0.00201	0.03192	0.02792	0.00274	0.00603
2	0.06607	0.30576	0.32615	0.01013	0.01493	0.01338	0.01122	0.08315	0.03775	0.04514	0.00855	0.00962	0.00663	0.00493	0.00439	0.03452	0.00552	0.00325	0.00251	0.00640
3	0.15232	0.04850	0.10106	0.03557	0.05327	0.13645	0.00864	0.09128	0.04826	0.16447	0.06963	0.01287	0.01042	0.00572	0.01730	0.00147	0.00520	0.00400	0.00356	0.03000
4	0.00867	0.00434	0.00434	0.00434	0.00542	0.00434	0.00325	0.01084	0.00976	0.01734	0.01518	0.01734	0.01192	0.00542	0.00325	0.00108	0.00217	0.00434	0.86233	0.00434
5	0.00873	0.00769	0.06227	0.00909	0.05450	0.00668	0.02831	0.03547	0.05703	0.05919	0.16920	0.25426	0.05581	0.00988	0.02485	0.00171	0.03548	0.03533	0.00399	0.08053
6	0.00635	0.00599	0.05075	0.00604	0.00767	0.00484	0.00492	0.00853	0.04481	0.01439	0.22826	0.11472	0.41583	0.01173	0.03575	0.00180	0.00308	0.02584	0.00434	0.00436
7	0.00867	0.00434	0.00434	0.00434	0.00542	0.00434	0.00325	0.01084	0.00976	0.01734	0.01518	0.01734	0.01192	0.00542	0.00325	0.00108	0.00217	0.00434	0.86233	0.00434
8	0.18764	0.08743	0.01463	0.07698	0.08329	0.02747	0.10016	0.11048	0.01062	0.01643	0.02466	0.04637	0.00844	0.00724	0.05083	0.00185	0.13264	0.00431	0.00279	0.00574
9	0.03780	0.05652	0.05498	0.21402	0.26750	0.01092	0.09280	0.06156	0.04257	0.04475	0.01053	0.06646	0.00885	0.00518	0.00466	0.00147	0.00556	0.00478	0.00274	0.00636
10	0.01226	0.02744	0.01208	0.04572	0.03846	0.20909	0.02961	0.12274	0.08138	0.01500	0.01323	0.04152	0.06128	0.06527	0.03646	0.00189	0.10320	0.02657	0.00314	0.05365
11	0.01243	0.25371	0.04788	0.04424	0.01293	0.11459	0.00820	0.13118	0.08084	0.03490	0.06557	0.05965	0.05249	0.00624	0.00492	0.00136	0.05497	0.00469	0.00324	0.00597

[dist]
# distance from previous block
# <min> <max>
0	8

[block]
# block no. 8 follows, 55 sequences, length 8
# corresponding to MSA columns:
# 652-659
name=unknown_I
#
# <colnr> <probs for GDERKNQSTAVLIFYWHMCP>
#	G	D	E	R	K	N	Q	S	T	A	V	L	I	F	Y	W	H	M	C	P
0	0.02823	0.06855	0.07322	0.05377	0.01346	0.00949	0.02384	0.19457	0.01248	0.01773	0.01188	0.06890	0.04668	0.00532	0.00414	0.00114	0.00435	0.00432	0.00323	0.35470
1	0.01286	0.10228	0.11031	0.02905	0.03325	0.07057	0.03360	0.17856	0.21361	0.05237	0.04139	0.01460	0.01100	0.06910	0.00595	0.00165	0.00511	0.00451	0.00363	0.00661
2	0.01207	0.06148	0.09441	0.11635	0.12497	0.03489	0.03167	0.09902	0.08103	0.10306	0.01400	0.02704	0.06470	0.00574	0.00500	0.00144	0.04297	0.00468	0.06912	0.00635
3	0.00932	0.00776	0.00905	0.06991	0.01154	0.00857	0.00675	0.06940	0.29681	0.01696	0.12319	0.06524	0.17521	0.00857	0.00566	0.00162	0.04387	0.06058	0.00431	0.00568
4	0.00812	0.00710	0.06878	0.00788	0.04765	0.00580	0.00601	0.06614	0.01131	0.05807	0.16875	0.25388	0.20895	0.05225	0.00631	0.00175	0.00332	0.00890	0.00421	0.00482
5	0.00765	0.00622	0.00799	0.00937	0.10658	0.00627	0.00591	0.01113	0.15764	0.01424	0.10039	0.33644	0.12613	0.07385	0.00681	0.00189	0.00328	0.00920	0.00411	0.00490
6	0.00867	0.00434	0.00434	0.00434	0.00542	0.00434	0.00325	0.01084	0.00976	0.01734	0.01518	0.01734	0.01192	0.00542	0.00325	0.00108	0.00217	0.00434	0.86233	0.00434
7	0.01297	0.41564	0.07220	0.01057	0.07287	0.15455	0.00890	0.05751	0.06632	0.01366	0.00866	0.00971	0.00719	0.00452	0.00365	0.00116	0.00545	0.00319	0.06517	0.00612

[dist]
# distance from previous block
# <min> <max>
0	2

[block]
# block no. 9 follows, 55 sequences, length 14
# corresponding to MSA columns:
# 662-675
name=unknown_J
#
# <colnr> <probs for GDERKNQSTAVLIFYWHMCP>
#	G	D	E	R	K	N	Q	S	T	A	V	L	I	F	Y	W	H	M	C	P
0	0.07359	0.07430	0.04881	0.01032	0.01349	0.20121	0.00866	0.34466	0.05678	0.03394	0.00989	0.01055	0.00750	0.00531	0.00478	0.00136	0.04690	0.00371	0.03762	0.00663
1	0.00867	0.00434	0.00434	0.00434	0.00542	0.00434	0.00325	0.01084	0.00976	0.01734	0.01518	0.01734	0.01192	0.00542	0.00325	0.00108	0.00217	0.00434	0.86233	0.00434
2	0.04466	0.40246	0.14354	0.07830	0.07768	0.08961	0.01037	0.07926	0.01091	0.01390	0.00755	0.00896	0.00622	0.00434	0.00372	0.00121	0.00569	0.00309	0.00231	0.00623
3	0.03081	0.03856	0.03736	0.13148	0.20334	0.31549	0.01061	0.08269	0.01196	0.01406	0.00843	0.01118	0.00708	0.04971	0.00568	0.00152	0.02781	0.00375	0.00252	0.00595
4	0.01104	0.00816	0.01037	0.00950	0.08526	0.02423	0.02868	0.04009	0.03293	0.11566	0.01242	0.08013	0.01098	0.08285	0.03757	0.00166	0.00434	0.00470	0.03560	0.36380
5	0.00674	0.00460	0.00555	0.00555	0.00571	0.00477	0.00341	0.00707	0.00691	0.00937	0.01423	0.02805	0.01587	0.67876	0.18000	0.00509	0.00607	0.00641	0.00275	0.00308
6	0.01018	0.01018	0.01425	0.01221	0.01221	0.01425	0.01018	0.01120	0.00712	0.01120	0.00611	0.01018	0.00611	0.00814	0.01527	0.00204	0.82799	0.00407	0.00204	0.00509
7	0.00805	0.03807	0.00987	0.08787	0.07861	0.03886	0.03841	0.00995	0.01033	0.01317	0.04904	0.13429	0.15429	0.03783	0.00618	0.00185	0.00432	0.27071	0.00366	0.00465
8	0.04533	0.02704	0.03763	0.14903	0.17884	0.01003	0.04817	0.13414	0.03825	0.10032	0.01124	0.01461	0.00913	0.09418	0.07992	0.00231	0.00594	0.00454	0.00315	0.00619
9	0.00867	0.00434	0.00434	0.00434	0.00542	0.00434	0.00325	0.01084	0.00976	0.01734	0.01518	0.01734	0.01192	0.00542	0.00325	0.00108	0.00217	0.00434	0.86233	0.00434
10	0.00581	0.00425	0.00547	0.00616	0.00673	0.00391	0.00424	0.00692	0.00988	0.01319	0.16971	0.59641	0.12352	0.01333	0.00580	0.00177	0.00257	0.01195	0.00446	0.00391
11	0.08429	0.10623	0.09127	0.01179	0.05227	0.16746	0.10293	0.12856	0.02417	0.08549	0.00983	0.03377	0.00775	0.00489	0.00426	0.00131	0.00581	0.00392	0.00308	0.07090
12	0.01092	0.01015	0.05696	0.01040	0.08667	0.04379	0.03334	0.05165	0.03928	0.05747	0.07089	0.03556	0.01088	0.00493	0.00458	0.00110	0.03699	0.00407	0.00316	0.42722
13	0.01145	0.00945	0.03277	0.00833	0.03694	0.03167	0.00658	0.06721	0.04597	0.09010	0.01141	0.01209	0.03943	0.00436	0.00387	0.00094	0.00389	0.00350	0.00327	0.57678

[dist]
# distance from previous block
# <min> <max>
1	12

[block]
# block no. 10 follows, 55 sequences, length 15
# corresponding to MSA columns:
# 692-706
name=unknown_K
#
# <colnr> <probs for GDERKNQSTAVLIFYWHMCP>
#	G	D	E	R	K	N	Q	S	T	A	V	L	I	F	Y	W	H	M	C	P
0	0.00896	0.00718	0.00837	0.00717	0.00924	0.03679	0.03639	0.09615	0.04037	0.04081	0.35564	0.02952	0.21795	0.00852	0.00513	0.00142	0.00322	0.00729	0.00447	0.07541
1	0.01132	0.01077	0.01051	0.03876	0.01243	0.14026	0.00653	0.07204	0.01119	0.01538	0.00995	0.01114	0.04041	0.00423	0.00379	0.00090	0.00444	0.00325	0.00288	0.58980
2	0.04489	0.04650	0.10249	0.07154	0.23242	0.03382	0.02442	0.10092	0.04946	0.11503	0.03982	0.05124	0.01022	0.00533	0.00451	0.00140	0.00506	0.00456	0.00329	0.05309
3	0.32603	0.07981	0.01264	0.01103	0.09129	0.15455	0.06105	0.03407	0.08300	0.03045	0.00894	0.01035	0.00716	0.00680	0.06317	0.00182	0.00574	0.00348	0.00286	0.00576
4	0.01331	0.16399	0.14324	0.04058	0.09521	0.22690	0.01034	0.08580	0.09740	0.03187	0.01090	0.01174	0.03911	0.00505	0.00423	0.00132	0.00603	0.00379	0.00284	0.00636
5	0.00808	0.00404	0.00606	0.00606	0.00606	0.00404	0.00404	0.00606	0.00606	0.00808	0.00808	0.01414	0.00808	0.01616	0.01818	0.86465	0.00404	0.00404	0.00202	0.00202
6	0.00699	0.00489	0.00630	0.00620	0.00718	0.00491	0.00462	0.00845	0.00956	0.03744	0.19320	0.03003	0.16096	0.15565	0.27399	0.00397	0.00611	0.04161	0.03386	0.00407
7	0.00867	0.00434	0.00434	0.00434	0.00542	0.00434	0.00325	0.01084	0.00976	0.01734	0.01518	0.01734	0.01192	0.00542	0.00325	0.00108	0.00217	0.00434	0.86233	0.00434
8	0.07453	0.33538	0.04898	0.04964	0.07649	0.28459	0.00923	0.04818	0.01122	0.01310	0.00725	0.00858	0.00611	0.00441	0.00372	0.00119	0.00621	0.00298	0.00233	0.00590
9	0.04940	0.10737	0.04045	0.04434	0.19720	0.34530	0.01024	0.01671	0.08180	0.01345	0.00852	0.01005	0.00701	0.00481	0.00469	0.00132	0.04522	0.00349	0.00252	0.00610
10	0.00867	0.00434	0.00434	0.00434	0.00542	0.00434	0.00325	0.01084	0.00976	0.01734	0.01518	0.01734	0.01192	0.00542	0.00325	0.00108	0.00217	0.00434	0.86233	0.00434
11	0.00578	0.00451	0.00526	0.00563	0.00667	0.00399	0.00408	0.00701	0.01036	0.01320	0.14031	0.31739	0.40376	0.01249	0.00569	0.00169	0.00253	0.04128	0.00443	0.00395
12	0.00713	0.00521	0.00624	0.00637	0.02979	0.00474	0.00455	0.02773	0.01132	0.04766	0.25785	0.10079	0.35247	0.07284	0.00686	0.00180	0.00281	0.04505	0.00445	0.00434
13	0.86937	0.00900	0.00684	0.00612	0.00900	0.01044	0.00504	0.01368	0.00792	0.02087	0.00648	0.00756	0.00504	0.00432	0.00288	0.00144	0.00360	0.00252	0.00288	0.00504
14	0.01513	0.01647	0.01222	0.01087	0.01349	0.42015	0.00834	0.09937	0.32233	0.01637	0.01220	0.01219	0.00941	0.00547	0.00445	0.00137	0.00621	0.00400	0.00354	0.00642

[dist]
# distance from previous block
# <min> <max>
0	4

[block]
# block no. 11 follows, 55 sequences, length 8
# corresponding to MSA columns:
# 711-718
name=unknown_L
#
# <colnr> <probs for GDERKNQSTAVLIFYWHMCP>
#	G	D	E	R	K	N	Q	S	T	A	V	L	I	F	Y	W	H	M	C	P
0	0.71882	0.00868	0.00711	0.00627	0.00902	0.00986	0.00510	0.04116	0.00875	0.06333	0.00802	0.00945	0.00626	0.03418	0.00380	0.00153	0.00363	0.00294	0.04690	0.00518
1	0.00974	0.18935	0.16465	0.00865	0.01149	0.05072	0.00832	0.01196	0.00927	0.05608	0.06154	0.01578	0.01154	0.08535	0.28184	0.00365	0.00778	0.00440	0.00266	0.00524
2	0.00665	0.00495	0.00730	0.00730	0.00807	0.00572	0.00560	0.00820	0.00743	0.01067	0.01262	0.01915	0.01201	0.09263	0.76085	0.00726	0.01189	0.00511	0.00252	0.00406
3	0.86937	0.00900	0.00684	0.00612	0.00900	0.01044	0.00504	0.01368	0.00792	0.02087	0.00648	0.00756	0.00504	0.00432	0.00288	0.00144	0.00360	0.00252	0.00288	0.00504
4	0.00677	0.00451	0.00507	0.00507	0.00507	0.00451	0.00282	0.00677	0.00677	0.00902	0.01466	0.03044	0.01691	0.83650	0.02368	0.00451	0.00451	0.00677	0.00282	0.00282
5	0.01026	0.06132	0.38198	0.08245	0.19932	0.01149	0.05708	0.01505	0.07570	0.01466	0.00918	0.01108	0.00702	0.00463	0.00493	0.00147	0.03942	0.00389	0.00231	0.00674
6	0.00976	0.11167	0.56906	0.01240	0.01811	0.01132	0.05573	0.01490	0.06061	0.01456	0.01014	0.01351	0.00812	0.00512	0.00449	0.00148	0.00631	0.06376	0.00235	0.00657
7	0.07205	0.21548	0.27080	0.07911	0.01671	0.05172	0.03468	0.08302	0.01080	0.03924	0.00819	0.00963	0.00632	0.00458	0.00444	0.00133	0.03991	0.00334	0.00247	0.04617

[dist]
# distance from previous block
# <min> <max>
0	2

[block]
# block no. 12 follows, 55 sequences, length 13
# corresponding to MSA columns:
# 721-729,731-734
name=unknown_M
#
# <colnr> <probs for GDERKNQSTAVLIFYWHMCP>
#	G	D	E	R	K	N	Q	S	T	A	V	L	I	F	Y	W	H	M	C	P
0	0.01014	0.03733	0.08417	0.10504	0.12016	0.03919	0.04838	0.11214	0.01188	0.01598	0.13637	0.06688	0.09944	0.00706	0.00591	0.00153	0.08356	0.00585	0.00329	0.00571
1	0.00922	0.06967	0.05821	0.05576	0.24759	0.00900	0.06225	0.01116	0.00937	0.01291	0.03845	0.10826	0.04267	0.10826	0.03919	0.03946	0.04143	0.00575	0.00271	0.02869
2	0.00667	0.00490	0.00704	0.00704	0.00772	0.00558	0.00528	0.00803	0.00735	0.01048	0.01286	0.02047	0.01258	0.17928	0.67498	0.00694	0.01103	0.00531	0.00255	0.00391
3	0.01512	0.01237	0.01294	0.01139	0.06527	0.06670	0.00860	0.44864	0.23460	0.02386	0.01422	0.01396	0.03910	0.00587	0.00467	0.00144	0.00487	0.00461	0.00436	0.00741
4	0.00644	0.00528	0.00736	0.15535	0.04590	0.00532	0.00611	0.00785	0.00948	0.01219	0.02713	0.45223	0.21872	0.01163	0.00554	0.00173	0.00337	0.01033	0.00382	0.00422
5	0.04751	0.07459	0.08330	0.03921	0.12855	0.09258	0.08753	0.04628	0.03858	0.07682	0.02737	0.01158	0.00819	0.00520	0.00508	0.05310	0.00532	0.00383	0.00286	0.16252
6	0.07181	0.12313	0.40476	0.01185	0.01700	0.08231	0.06209	0.09872	0.02983	0.04404	0.00885	0.00995	0.00653	0.00457	0.00422	0.00139	0.00623	0.00351	0.00258	0.00662
7	0.00677	0.00451	0.00507	0.00507	0.00507	0.00451	0.00282	0.00677	0.00677	0.00902	0.01466	0.03044	0.01691	0.83650	0.02368	0.00451	0.00451	0.00677	0.00282	0.00282
8	0.00945	0.00944	0.03313	0.10698	0.19495	0.00930	0.23389	0.02817	0.01028	0.01413	0.06015	0.05735	0.05189	0.03140	0.11355	0.00240	0.01939	0.00569	0.00274	0.00570
9	0.01242	0.06794	0.28167	0.03938	0.18823	0.12085	0.06873	0.09412	0.01177	0.04123	0.00880	0.01046	0.00671	0.00460	0.00469	0.00140	0.02398	0.00377	0.00253	0.00673
10	0.00850	0.00792	0.05732	0.07928	0.06642	0.00768	0.06810	0.01058	0.00968	0.04354	0.05638	0.21232	0.03617	0.01145	0.06846	0.00222	0.10403	0.14160	0.00338	0.00497
11	0.01028	0.00580	0.00608	0.00555	0.00708	0.00602	0.00428	0.10884	0.05066	0.04199	0.01476	0.01644	0.01142	0.00579	0.00396	0.02522	0.00272	0.00437	0.66379	0.00497
12	0.04912	0.07888	0.10820	0.06551	0.09716	0.13281	0.07517	0.04555	0.05724	0.08588	0.02671	0.07557	0.01030	0.03742	0.00562	0.00156	0.03341	0.00479	0.00303	0.00605

[dist]
# distance from previous block
# <min> <max>
3	29

[block]
# block no. 13 follows, 55 sequences, length 17
# corresponding to MSA columns:
# 764-776,778-781
name=unknown_N
#
# <colnr> <probs for GDERKNQSTAVLIFYWHMCP>
#	G	D	E	R	K	N	Q	S	T	A	V	L	I	F	Y	W	H	M	C	P
0	0.01000	0.00900	0.01117	0.02468	0.13084	0.06721	0.04095	0.04224	0.02511	0.02752	0.03695	0.18722	0.03978	0.00668	0.00453	0.00125	0.00421	0.00588	0.00324	0.32154
1	0.00895	0.08119	0.08948	0.01092	0.09704	0.04093	0.05288	0.01166	0.05774	0.01369	0.03597	0.31355	0.01764	0.00851	0.00493	0.00151	0.00433	0.03830	0.00334	0.10745
2	0.04847	0.20087	0.03513	0.00980	0.01317	0.11659	0.00833	0.26445	0.22190	0.01957	0.01139	0.01143	0.00872	0.00523	0.00416	0.00133	0.00511	0.00385	0.00365	0.00687
3	0.00616	0.00647	0.08668	0.00635	0.00796	0.00467	0.00533	0.00787	0.01055	0.01385	0.19570	0.27853	0.32998	0.01141	0.00552	0.00164	0.00288	0.00991	0.00425	0.00428
4	0.04537	0.35791	0.14215	0.04490	0.05936	0.08700	0.02948	0.06793	0.06074	0.03219	0.00862	0.00980	0.00695	0.00520	0.02310	0.00139	0.00576	0.00332	0.00254	0.00630
5	0.01054	0.04634	0.18365	0.04595	0.05016	0.03929	0.09740	0.03427	0.12733	0.06909	0.08097	0.09581	0.04560	0.03075	0.00560	0.00161	0.02043	0.00578	0.00339	0.00606
6	0.00568	0.00430	0.00526	0.00601	0.00671	0.00388	0.00419	0.00665	0.00950	0.01216	0.03226	0.56140	0.27056	0.01365	0.00582	0.00180	0.00265	0.03937	0.00432	0.00384
7	0.00933	0.02406	0.81240	0.01326	0.02014	0.01080	0.01719	0.01473	0.00982	0.01473	0.00835	0.00982	0.00589	0.00442	0.00442	0.00147	0.00688	0.00344	0.00196	0.00688
8	0.03622	0.10480	0.10548	0.10823	0.32306	0.02554	0.09620	0.01463	0.04295	0.04412	0.01023	0.01226	0.02664	0.00457	0.00444	0.00139	0.00564	0.00417	0.02287	0.00656
9	0.00872	0.00957	0.11763	0.02855	0.22277	0.00781	0.02243	0.01190	0.05390	0.01454	0.05319	0.10635	0.08703	0.00870	0.00537	0.00170	0.00460	0.22621	0.00345	0.00559
10	0.00677	0.00451	0.00507	0.00507	0.00507	0.00451	0.00282	0.00677	0.00677	0.00902	0.01466	0.03044	0.01691	0.83650	0.02368	0.00451	0.00451	0.00677	0.00282	0.00282
11	0.00808	0.00404	0.00606	0.00606	0.00606	0.00404	0.00404	0.00606	0.00606	0.00808	0.00808	0.01414	0.00808	0.01616	0.01818	0.86465	0.00404	0.00404	0.00202	0.00202
12	0.05888	0.14822	0.18374	0.05160	0.07518	0.07499	0.03685	0.20959	0.03292	0.03472	0.00928	0.01057	0.00712	0.00603	0.03937	0.00162	0.00607	0.00368	0.00294	0.00663
13	0.00728	0.00600	0.00881	0.04709	0.09486	0.00626	0.03845	0.00844	0.00861	0.01166	0.01910	0.34207	0.06828	0.19656	0.05093	0.00266	0.06663	0.00875	0.00332	0.00424
14	0.00690	0.00517	0.00644	0.00605	0.00731	0.00493	0.00456	0.00989	0.07588	0.01824	0.68270	0.03414	0.10122	0.00943	0.00543	0.00148	0.00233	0.00827	0.00503	0.00459
15	0.01303	0.26760	0.20981	0.01138	0.03265	0.23502	0.02790	0.05486	0.03697	0.01337	0.00799	0.00931	0.00650	0.00524	0.02099	0.00139	0.03424	0.00324	0.00235	0.00614
16	0.09304	0.16596	0.08291	0.03032	0.03730	0.18143	0.08237	0.05534	0.02486	0.05888	0.06344	0.01448	0.07982	0.00551	0.00427	0.00134	0.00556	0.00434	0.00301	0.00584

[dist]
# distance from previous block
# <min> <max>
1	27

[block]
# block no. 14 follows, 55 sequences, length 14
# corresponding to MSA columns:
# 811-824
name=unknown_O
#
# <colnr> <probs for GDERKNQSTAVLIFYWHMCP>
#	G	D	E	R	K	N	Q	S	T	A	V	L	I	F	Y	W	H	M	C	P
0	0.10298	0.04461	0.05428	0.05438	0.11257	0.24253	0.00945	0.20686	0.04056	0.01794	0.02182	0.02990	0.00803	0.00512	0.00427	0.00134	0.00589	0.00384	0.00312	0.03051
1	0.01307	0.20663	0.08859	0.05172	0.07626	0.07161	0.02183	0.22977	0.02927	0.01746	0.00954	0.04516	0.00795	0.00514	0.00446	0.00128	0.02809	0.00392	0.00302	0.08523
