[name]
unknown

[dist]
# distance from previous block
# <min> <max>
0	22

[block]
# block no. 0 follows, 67 sequences, length 72
# corresponding to MSA columns:
# 23-94
name=unknown_A
#
# <colnr> <probs for GDERKNQSTAVLIFYWHMCP>
#	G	D	E	R	K	N	Q	S	T	A	V	L	I	F	Y	W	H	M	C	P
0	0.00628	0.00498	0.02140	0.00735	0.04126	0.00452	0.00576	0.00786	0.00881	0.01181	0.05443	0.25564	0.04786	0.01021	0.00506	0.00161	0.00322	0.42144	0.00352	0.07697
1	0.01078	0.21769	0.03972	0.00893	0.06818	0.08668	0.00707	0.13514	0.16280	0.01433	0.02159	0.04625	0.00834	0.00449	0.00351	0.00105	0.00411	0.00349	0.00279	0.15306
2	0.00596	0.00434	0.00524	0.00509	0.00573	0.00432	0.00344	0.00710	0.04031	0.01002	0.10774	0.06861	0.08396	0.42064	0.16073	0.00344	0.00456	0.00600	0.00284	0.04992
3	0.08196	0.00541	0.00637	0.00624	0.00733	0.00583	0.00477	0.04871	0.09206	0.02023	0.04561	0.21302	0.14612	0.03473	0.11153	0.04160	0.05299	0.06827	0.00326	0.00396
4	0.00918	0.15847	0.46888	0.02579	0.03039	0.01055	0.18263	0.02552	0.00887	0.03274	0.00738	0.00883	0.00548	0.00370	0.00381	0.00122	0.00571	0.00326	0.00189	0.00571
5	0.00899	0.00862	0.01486	0.13074	0.57443	0.00877	0.06747	0.01130	0.00890	0.01240	0.00997	0.07532	0.04129	0.00457	0.00415	0.00126	0.00469	0.00444	0.00216	0.00568
6	0.00557	0.00412	0.00504	0.00530	0.00626	0.00380	0.00413	0.00699	0.00946	0.01253	0.23339	0.13459	0.28229	0.02502	0.00517	0.00151	0.00246	0.20341	0.04543	0.00355
7	0.00895	0.00557	0.00785	0.00883	0.15080	0.00520	0.00561	0.01034	0.02157	0.17895	0.21190	0.04547	0.16579	0.02188	0.00606	0.10771	0.00303	0.02639	0.00358	0.00453
8	0.00765	0.01852	0.11706	0.02525	0.12448	0.00688	0.10159	0.01954	0.00753	0.02969	0.01005	0.01664	0.00973	0.31009	0.15562	0.00310	0.02557	0.00454	0.00222	0.00425
9	0.00957	0.00972	0.01380	0.15036	0.35006	0.09068	0.02480	0.01140	0.00827	0.01124	0.00705	0.03042	0.00625	0.00492	0.00667	0.00138	0.25258	0.00367	0.00194	0.00522
10	0.00954	0.00542	0.00571	0.00503	0.00654	0.00562	0.00394	0.17552	0.01070	0.05682	0.01282	0.01407	0.01892	0.00478	0.00313	0.00101	0.00247	0.00378	0.64968	0.00451
11	0.00939	0.00896	0.01516	0.10786	0.70444	0.00911	0.01168	0.01172	0.00898	0.01267	0.00895	0.03072	0.03440	0.00405	0.00403	0.00122	0.00468	0.00392	0.00206	0.00599
12	0.00895	0.04162	0.29740	0.05233	0.03571	0.00998	0.46968	0.01264	0.00901	0.01257	0.00767	0.00986	0.00569	0.00356	0.00430	0.00130	0.00630	0.00398	0.00189	0.00555
13	0.01016	0.01279	0.08435	0.01553	0.01944	0.13124	0.63967	0.01330	0.00967	0.01239	0.00776	0.01012	0.00587	0.00352	0.00450	0.00130	0.00677	0.00428	0.00201	0.00534
14	0.00832	0.00713	0.00832	0.00594	0.00950	0.00535	0.00475	0.01010	0.00832	0.01307	0.00713	0.00832	0.00594	0.00297	0.00297	0.00059	0.00297	0.00238	0.00238	0.88357
15	0.02576	0.00368	0.00463	0.00528	0.00551	0.00354	0.00343	0.00578	0.00716	0.00975	0.01909	0.61975	0.02268	0.20980	0.00891	0.02642	0.00274	0.00967	0.00334	0.00305
16	0.00564	0.00410	0.00531	0.00501	0.00597	0.00377	0.00376	0.00750	0.01127	0.01589	0.80233	0.03028	0.06756	0.00827	0.00473	0.00126	0.00190	0.00730	0.00439	0.00377
17	0.00832	0.00713	0.00832	0.00594	0.00950	0.00535	0.00475	0.01010	0.00832	0.01307	0.00713	0.00832	0.00594	0.00297	0.00297	0.00059	0.00297	0.00238	0.00238	0.88357
18	0.00560	0.00401	0.00472	0.00499	0.00589	0.00358	0.00354	0.00666	0.02085	0.05057	0.06416	0.39557	0.36473	0.03925	0.00539	0.00155	0.00230	0.00934	0.00378	0.00352
19	0.88738	0.00776	0.00589	0.00527	0.00776	0.00900	0.00434	0.01179	0.00683	0.01799	0.00558	0.00651	0.00434	0.00372	0.00248	0.00124	0.00310	0.00217	0.00248	0.00434
20	0.00944	0.00615	0.00688	0.00612	0.00789	0.00639	0.00482	0.09910	0.20553	0.10388	0.13598	0.02016	0.09901	0.00625	0.00396	0.00123	0.00271	0.03963	0.22988	0.00499
21	0.00495	0.00357	0.00463	0.00540	0.00573	0.00332	0.00362	0.00569	0.00783	0.01040	0.05576	0.72941	0.07915	0.05294	0.00581	0.00170	0.00236	0.01077	0.00369	0.00325
22	0.06957	0.00541	0.00673	0.00638	0.00791	0.00522	0.00481	0.01216	0.09268	0.27556	0.01836	0.41788	0.01815	0.00876	0.00450	0.00146	0.00286	0.03273	0.00407	0.00480
23	0.00998	0.00862	0.00907	0.00816	0.01043	0.00998	0.00635	0.02131	0.82679	0.01678	0.01632	0.01496	0.01224	0.00544	0.00408	0.00136	0.00317	0.00453	0.00408	0.00635
24	0.00962	0.00666	0.00721	0.00646	0.00833	0.00718	0.00499	0.03522	0.40633	0.10298	0.03030	0.01783	0.09583	0.04259	0.00457	0.00136	0.00283	0.00478	0.19961	0.00532
25	0.51386	0.00658	0.00602	0.00538	0.00745	0.00717	0.00431	0.01146	0.03907	0.08340	0.20183	0.01446	0.04643	0.00522	0.00329	0.00124	0.00276	0.00390	0.03172	0.00443
26	0.01717	0.00701	0.00928	0.00724	0.01026	0.00631	0.00594	0.01973	0.09489	0.75292	0.01587	0.01378	0.01016	0.00501	0.00404	0.00125	0.00339	0.00408	0.00487	0.00678
27	0.00545	0.00403	0.00509	0.00496	0.00589	0.00367	0.00367	0.00709	0.01063	0.01468	0.62848	0.11873	0.15485	0.00895	0.00477	0.00131	0.00196	0.00787	0.00424	0.00367
28	0.05459	0.00536	0.00601	0.00559	0.00713	0.00532	0.00426	0.01075	0.16283	0.09403	0.18168	0.07884	0.29330	0.03201	0.03894	0.00161	0.00283	0.00667	0.00388	0.00438
29	0.00531	0.00393	0.00504	0.00579	0.00632	0.00375	0.00415	0.00666	0.04341	0.01083	0.02363	0.62257	0.10787	0.01180	0.00509	0.00162	0.00252	0.12249	0.00373	0.00347
30	0.01770	0.00729	0.00960	0.00736	0.01047	0.00659	0.00608	0.10434	0.01226	0.75091	0.01517	0.01322	0.00960	0.00495	0.00403	0.00124	0.00352	0.00399	0.00486	0.00682
31	0.06179	0.00628	0.00791	0.00647	0.00895	0.00576	0.00525	0.02556	0.05684	0.50668	0.12574	0.01925	0.11386	0.00613	0.00417	0.00128	0.00303	0.02479	0.00451	0.00577
32	0.00840	0.00824	0.02531	0.22871	0.29170	0.00859	0.13453	0.01102	0.03519	0.01200	0.04481	0.08968	0.00967	0.03261	0.00516	0.00141	0.04087	0.00472	0.00227	0.00511
33	0.10629	0.01216	0.01177	0.01130	0.13137	0.24105	0.03012	0.25152	0.01265	0.12867	0.00869	0.00925	0.00641	0.00434	0.00389	0.00118	0.01720	0.00326	0.00306	0.00582
34	0.00580	0.00433	0.00551	0.00575	0.00672	0.00411	0.00455	0.00770	0.03720	0.01325	0.32279	0.13458	0.17021	0.00985	0.00500	0.00150	0.00256	0.25090	0.00398	0.00371
35	0.00854	0.00812	0.01378	0.51033	0.35915	0.00916	0.01162	0.01109	0.00848	0.01142	0.00730	0.01038	0.00576	0.00383	0.00399	0.00128	0.00511	0.00357	0.00187	0.00524
36	0.03125	0.00893	0.01127	0.18714	0.07692	0.04423	0.05011	0.23589	0.12832	0.04965	0.03289	0.03071	0.06473	0.00527	0.00413	0.00129	0.00435	0.02418	0.00319	0.00554
37	0.85164	0.00773	0.00614	0.03957	0.00856	0.00899	0.00462	0.01173	0.00687	0.01768	0.00565	0.00668	0.00438	0.00373	0.00254	0.00124	0.00319	0.00223	0.00245	0.00435
38	0.01282	0.16937	0.11142	0.07424	0.01378	0.53162	0.00869	0.01446	0.01019	0.01012	0.00628	0.00750	0.00517	0.00396	0.00348	0.00105	0.00640	0.00262	0.00194	0.00488
39	0.01057	0.00893	0.01433	0.21123	0.45579	0.00939	0.03341	0.09093	0.03059	0.08306	0.00858	0.01054	0.00661	0.00395	0.00401	0.00124	0.00477	0.00367	0.00244	0.00597
40	0.00885	0.00786	0.05980	0.23403	0.10934	0.01990	0.07863	0.01121	0.02368	0.10588	0.09156	0.06515	0.06786	0.00562	0.00443	0.01864	0.00425	0.01980	0.00280	0.06068
41	0.08142	0.05410	0.01227	0.06497	0.29735	0.11171	0.00866	0.08009	0.10827	0.04154	0.01003	0.06871	0.00869	0.00490	0.00388	0.00124	0.00448	0.02942	0.00270	0.00556
42	0.01618	0.00723	0.00925	0.00737	0.01028	0.00682	0.00600	0.01994	0.19566	0.65157	0.01594	0.01395	0.01045	0.00507	0.00404	0.00127	0.00336	0.00415	0.00476	0.00672
43	0.01093	0.01303	0.02039	0.01515	0.01868	0.23173	0.60349	0.01369	0.00997	0.01204	0.00760	0.00986	0.00584	0.00358	0.00444	0.00127	0.00689	0.00416	0.00204	0.00521
44	0.00795	0.00733	0.01122	0.14735	0.36529	0.02801	0.00873	0.00990	0.00890	0.01208	0.11128	0.04014	0.11256	0.03473	0.06442	0.00172	0.01603	0.00493	0.00253	0.00490
45	0.00665	0.00413	0.00598	0.00600	0.00645	0.00443	0.00445	0.02874	0.00650	0.00890	0.01012	0.01735	0.01003	0.04366	0.32391	0.41254	0.00626	0.08892	0.00218	0.00280
46	0.00581	0.00389	0.00442	0.00444	0.00446	0.00389	0.00251	0.00585	0.00589	0.00787	0.01284	0.04659	0.01479	0.82260	0.03543	0.00388	0.00398	0.00594	0.00246	0.00247
47	0.00776	0.00712	0.01133	0.67457	0.04977	0.00866	0.01008	0.01117	0.09184	0.01110	0.03594	0.01238	0.00755	0.03902	0.00471	0.00144	0.00493	0.00388	0.00214	0.00460
48	0.00771	0.00410	0.00604	0.00585	0.00641	0.00422	0.00428	0.00737	0.00636	0.09273	0.00947	0.01451	0.00872	0.01769	0.25863	0.50416	0.00563	0.03097	0.00226	0.00287
49	0.00757	0.00713	0.01203	0.84942	0.02762	0.00891	0.01114	0.01025	0.00802	0.01025	0.00713	0.01069	0.00535	0.00401	0.00401	0.00134	0.00535	0.00356	0.00178	0.00446
50	0.00555	0.00409	0.00519	0.00492	0.00592	0.00373	0.00369	0.00733	0.01106	0.01539	0.72721	0.03110	0.14298	0.00846	0.00473	0.00127	0.00191	0.00741	0.00432	0.00373
51	0.56415	0.00695	0.00643	0.00557	0.00793	0.00748	0.00453	0.01256	0.00843	0.18175	0.11287	0.01227	0.04542	0.00481	0.00317	0.00125	0.00297	0.00345	0.00328	0.00473
52	0.00700	0.00466	0.00561	0.00564	0.00625	0.00466	0.00386	0.08985	0.00833	0.04657	0.01662	0.34048	0.01867	0.35843	0.01126	0.00251	0.00332	0.05953	0.00327	0.00346
53	0.00947	0.01082	0.02366	0.01690	0.02096	0.01014	0.81947	0.01285	0.00947	0.01285	0.00811	0.01082	0.00609	0.00338	0.00473	0.00135	0.00676	0.00473	0.00203	0.00541
54	0.48054	0.00716	0.00696	0.00608	0.00843	0.00770	0.00487	0.04056	0.06224	0.21156	0.01098	0.11833	0.00913	0.00531	0.00335	0.00130	0.00312	0.00401	0.00339	0.00501
55	0.02618	0.00543	0.00696	0.00602	0.00770	0.00495	0.00448	0.02544	0.00926	0.41027	0.02638	0.16679	0.03352	0.23788	0.00866	0.00203	0.00331	0.00593	0.00397	0.00484
56	0.00998	0.00862	0.00907	0.00816	0.01043	0.00998	0.00635	0.02131	0.82679	0.01678	0.01632	0.01496	0.01224	0.00544	0.00408	0.00136	0.00317	0.00453	0.00408	0.00635
57	0.00493	0.00364	0.00462	0.00529	0.00577	0.00332	0.00362	0.00578	0.00823	0.01084	0.09563	0.65220	0.15784	0.01179	0.00502	0.00155	0.00224	0.01056	0.00378	0.00332
58	0.04485	0.00448	0.00552	0.00525	0.00644	0.00417	0.00393	0.00862	0.02139	0.09912	0.43869	0.17309	0.13565	0.00859	0.00459	0.00133	0.00221	0.00749	0.02058	0.00401
59	0.01769	0.00701	0.00939	0.00723	0.01031	0.00621	0.00596	0.04500	0.03416	0.78850	0.01564	0.01356	0.00989	0.00497	0.00403	0.00124	0.00344	0.00403	0.00491	0.00681
60	0.00497	0.00355	0.00473	0.00553	0.00583	0.00331	0.00373	0.00579	0.00805	0.01084	0.10495	0.77189	0.02768	0.01212	0.00508	0.00159	0.00228	0.01098	0.00379	0.00331
61	0.00549	0.00406	0.00513	0.00494	0.00590	0.00369	0.00367	0.00719	0.01081	0.01497	0.66889	0.08186	0.15100	0.00875	0.00476	0.00130	0.00194	0.00768	0.00427	0.00369
62	0.21392	0.00600	0.00678	0.00591	0.00791	0.00588	0.00461	0.01284	0.03941	0.31024	0.09316	0.12309	0.08400	0.06264	0.00502	0.00148	0.00296	0.00535	0.00388	0.00491
63	0.88738	0.00776	0.00589	0.00527	0.00776	0.00900	0.00434	0.01179	0.00683	0.01799	0.00558	0.00651	0.00434	0.00372	0.00248	0.00124	0.00310	0.00217	0.00248	0.00434
64	0.41929	0.00943	0.00907	0.00731	0.01017	0.01056	0.00603	0.41145	0.01297	0.05694	0.00802	0.00836	0.00581	0.00432	0.00330	0.00122	0.00376	0.00296	0.00334	0.00567
65	0.00708	0.00485	0.00609	0.00594	0.00677	0.00503	0.00439	0.09016	0.00842	0.03392	0.04197	0.11020	0.06710	0.24854	0.18935	0.05215	0.00501	0.10648	0.00300	0.00356
66	0.00561	0.00434	0.00564	0.00568	0.00656	0.00455	0.00428	0.00729	0.04638	0.01040	0.05643	0.10233	0.22446	0.06317	0.41794	0.00402	0.00651	0.01789	0.00293	0.00358
67	0.00610	0.00619	0.09204	0.00720	0.00852	0.00550	0.04092	0.00779	0.00679	0.00973	0.01096	0.05578	0.01050	0.09085	0.61610	0.00526	0.00913	0.00464	0.00219	0.00379
68	0.51455	0.18675	0.01237	0.00776	0.01075	0.01061	0.14867	0.02457	0.00787	0.03567	0.00634	0.00748	0.00499	0.00365	0.00296	0.00118	0.00402	0.00269	0.00233	0.00480
69	0.04478	0.01022	0.06883	0.16927	0.17551	0.06539	0.07108	0.10005	0.17538	0.02375	0.04869	0.01170	0.00868	0.00445	0.00401	0.00127	0.00469	0.00388	0.00274	0.00564
70	0.02099	0.09329	0.17202	0.02187	0.15623	0.05455	0.02404	0.13243	0.09527	0.07153	0.05406	0.05554	0.00955	0.00488	0.00403	0.00123	0.01586	0.00402	0.00285	0.00577
71	0.06574	0.03732	0.01836	0.05704	0.17878	0.02950	0.06614	0.14054	0.11606	0.11414	0.03594	0.01982	0.01915	0.05952	0.02321	0.00152	0.00440	0.00407	0.00309	0.00565

[dist]
# distance from previous block
# <min> <max>
4	14

[block]
# block no. 1 follows, 67 sequences, length 48
# corresponding to MSA columns:
# 111-158
name=unknown_B
#
# <colnr> <probs for GDERKNQSTAVLIFYWHMCP>
#	G	D	E	R	K	N	Q	S	T	A	V	L	I	F	Y	W	H	M	C	P
0	0.03906	0.06458	0.08280	0.22287	0.23059	0.00969	0.19556	0.01208	0.00874	0.04359	0.00761	0.00994	0.00590	0.00376	0.00417	0.00125	0.02309	0.00363	0.00204	0.02906
1	0.00827	0.08511	0.63746	0.03164	0.01663	0.00965	0.07084	0.01254	0.03120	0.01240	0.00801	0.04412	0.00626	0.00417	0.00385	0.00126	0.00562	0.00344	0.00187	0.00569
2	0.00967	0.28974	0.43717	0.01062	0.04900	0.01129	0.06513	0.01288	0.00864	0.06061	0.00726	0.00834	0.00551	0.00372	0.00349	0.00114	0.00526	0.00291	0.00193	0.00571
3	0.00866	0.00899	0.11634	0.04146	0.18236	0.00726	0.17995	0.01097	0.00894	0.08666	0.02463	0.22652	0.04048	0.00635	0.00445	0.00136	0.00443	0.01528	0.00278	0.02214
4	0.00801	0.02661	0.00632	0.00616	0.00723	0.02222	0.00462	0.00906	0.00879	0.17252	0.02108	0.50293	0.06874	0.01034	0.00484	0.00153	0.00285	0.10821	0.00388	0.00410
5	0.00769	0.00732	0.01253	0.52424	0.11239	0.00839	0.09003	0.01008	0.00830	0.01091	0.02949	0.05160	0.05298	0.02670	0.00487	0.00141	0.02995	0.00445	0.00210	0.00458
6	0.00902	0.02923	0.58455	0.01326	0.12571	0.02456	0.07476	0.01322	0.03153	0.04558	0.00787	0.00918	0.00572	0.00384	0.00390	0.00126	0.00566	0.00325	0.00196	0.00596
7	0.00993	0.00953	0.01628	0.02462	0.83404	0.00953	0.01231	0.01231	0.00913	0.01310	0.00754	0.00993	0.00635	0.00357	0.00397	0.00119	0.00476	0.00357	0.00199	0.00635
8	0.01766	0.00690	0.00930	0.00718	0.01025	0.00606	0.00591	0.01962	0.04552	0.80257	0.01584	0.01371	0.01002	0.00498	0.00404	0.00125	0.00340	0.00405	0.00493	0.00681
9	0.00954	0.01004	0.06516	0.10712	0.64838	0.00949	0.06716	0.01216	0.00900	0.01277	0.00752	0.00998	0.00616	0.00362	0.00402	0.00122	0.00503	0.00361	0.00195	0.00607
10	0.00672	0.00696	0.09899	0.05463	0.02819	0.00581	0.06689	0.00864	0.00862	0.02189	0.04554	0.25546	0.05290	0.00917	0.00534	0.00159	0.04434	0.27105	0.00317	0.00411
11	0.00757	0.00713	0.01203	0.84942	0.02762	0.00891	0.01114	0.01025	0.00802	0.01025	0.00713	0.01069	0.00535	0.00401	0.00401	0.00134	0.00535	0.00356	0.00178	0.00446
12	0.00817	0.01988	0.76752	0.01191	0.01767	0.00939	0.08471	0.01271	0.00855	0.01271	0.00728	0.00867	0.00517	0.00377	0.00389	0.00128	0.00600	0.00312	0.00172	0.00588
13	0.01021	0.05119	0.03503	0.11973	0.33263	0.08159	0.19960	0.04973	0.00965	0.03029	0.00818	0.03891	0.00677	0.00402	0.00410	0.00124	0.00539	0.00396	0.00217	0.00561
14	0.00498	0.00356	0.00476	0.00569	0.00596	0.00334	0.00389	0.00575	0.00777	0.01034	0.02205	0.80827	0.02632	0.01248	0.00514	0.00164	0.00241	0.05865	0.00372	0.00328
15	0.00697	0.00348	0.00522	0.00522	0.00522	0.00348	0.00348	0.00522	0.00522	0.00697	0.00697	0.01219	0.00697	0.01393	0.01567	0.88332	0.00348	0.00348	0.00174	0.00174
16	0.00481	0.00403	0.00419	0.00422	0.00548	0.00341	0.00314	0.00587	0.00920	0.01115	0.09311	0.08658	0.73075	0.01017	0.00476	0.00136	0.00204	0.00856	0.00377	0.00341
17	0.00860	0.01634	0.48997	0.04159	0.04789	0.00960	0.30291	0.01266	0.00883	0.01269	0.00754	0.00943	0.00549	0.00365	0.00415	0.00130	0.00617	0.00364	0.00183	0.00571
18	0.00804	0.02074	0.83828	0.01143	0.01736	0.00931	0.01482	0.01270	0.00847	0.01270	0.00720	0.00847	0.00508	0.00381	0.00381	0.00127	0.00593	0.00296	0.00169	0.00593
19	0.00489	0.00349	0.00465	0.00558	0.00582	0.00326	0.00372	0.00558	0.00768	0.01024	0.02210	0.85644	0.02653	0.01256	0.00512	0.00163	0.00233	0.01140	0.00372	0.00326
20	0.00804	0.02074	0.83828	0.01143	0.01736	0.00931	0.01482	0.01270	0.00847	0.01270	0.00720	0.00847	0.00508	0.00381	0.00381	0.00127	0.00593	0.00296	0.00169	0.00593
21	0.00767	0.00721	0.01206	0.81697	0.04399	0.00894	0.01107	0.01049	0.02302	0.01043	0.00731	0.01075	0.00549	0.00403	0.00401	0.00133	0.00529	0.00358	0.00183	0.00453
22	0.00742	0.00695	0.01151	0.74981	0.05383	0.00847	0.01050	0.00994	0.00815	0.01040	0.00995	0.01301	0.07474	0.00451	0.00407	0.00133	0.00505	0.00398	0.00195	0.00443
23	0.01050	0.79163	0.08891	0.00724	0.01088	0.01532	0.00752	0.01207	0.00818	0.00971	0.00571	0.00660	0.00514	0.00346	0.00268	0.00089	0.00442	0.00221	0.00171	0.00521
24	0.01053	0.02249	0.27070	0.05690	0.03679	0.03194	0.20731	0.03011	0.04679	0.16226	0.00996	0.03724	0.00748	0.01461	0.01821	0.00141	0.02291	0.00403	0.00263	0.00569
25	0.00895	0.01718	0.61369	0.01012	0.01498	0.04086	0.01219	0.02732	0.00911	0.08648	0.02247	0.03913	0.07049	0.00478	0.00395	0.00128	0.00525	0.00381	0.00230	0.00566
26	0.00946	0.00648	0.00737	0.00666	0.00863	0.00665	0.00531	0.05203	0.29106	0.14956	0.06594	0.02535	0.23971	0.00744	0.00446	0.00138	0.00295	0.10027	0.00410	0.00519
27	0.00974	0.01065	0.06628	0.07349	0.42359	0.03100	0.27474	0.01253	0.00917	0.02456	0.00773	0.01015	0.00613	0.00364	0.00435	0.00126	0.01925	0.00389	0.00201	0.00583
28	0.01097	0.06528	0.17974	0.09058	0.08437	0.02058	0.10505	0.06315	0.00987	0.19828	0.01083	0.05054	0.00862	0.00583	0.03593	0.00148	0.00503	0.04536	0.00286	0.00563
29	0.00793	0.00770	0.01200	0.80927	0.02689	0.04881	0.01098	0.01052	0.00818	0.01023	0.00708	0.01053	0.00534	0.00402	0.00399	0.00132	0.00544	0.00352	0.00180	0.00446
30	0.00936	0.00904	0.01581	0.13330	0.60182	0.00921	0.08649	0.01184	0.00902	0.01263	0.00835	0.01221	0.00719	0.00406	0.00414	0.00126	0.00496	0.05139	0.00206	0.00585
31	0.00960	0.01115	0.16740	0.06319	0.28287	0.00910	0.18005	0.06010	0.00954	0.05412	0.01867	0.07545	0.00810	0.00458	0.00445	0.00130	0.02790	0.00437	0.00235	0.00570
32	0.00779	0.00724	0.01208	0.64234	0.15795	0.00857	0.01063	0.01020	0.00807	0.01057	0.00793	0.03495	0.00663	0.05311	0.00497	0.00147	0.00508	0.00391	0.00191	0.00462
33	0.01602	0.00632	0.00861	0.00690	0.00957	0.00550	0.00557	0.01744	0.01091	0.71223	0.01677	0.14068	0.01243	0.00611	0.00420	0.00130	0.00325	0.00514	0.00478	0.00629
34	0.00912	0.06178	0.60218	0.05201	0.06560	0.00943	0.05343	0.01306	0.00875	0.07657	0.00785	0.00907	0.00560	0.00385	0.00383	0.00125	0.00559	0.00316	0.00199	0.00589
35	0.00755	0.05248	0.13679	0.04269	0.02381	0.01646	0.02406	0.06740	0.00899	0.04701	0.02737	0.37684	0.05751	0.03660	0.00527	0.01937	0.00362	0.03874	0.00313	0.00432
36	0.01496	0.00733	0.00962	0.00858	0.07989	0.00691	0.00631	0.14578	0.01203	0.51330	0.03948	0.03572	0.05935	0.03602	0.00470	0.00134	0.00355	0.00453	0.00435	0.00625
37	0.00817	0.00774	0.01310	0.64078	0.23161	0.00907	0.01143	0.01077	0.00830	0.01097	0.00723	0.01050	0.00560	0.00390	0.00400	0.00130	0.00520	0.00357	0.00183	0.00494
38	0.01020	0.00957	0.09903	0.04065	0.26394	0.00819	0.17875	0.04276	0.00960	0.13697	0.01121	0.11868	0.00979	0.01511	0.00450	0.00135	0.00476	0.02657	0.00275	0.00563
39	0.04562	0.01152	0.21682	0.12519	0.32577	0.00897	0.07713	0.01213	0.02960	0.02864	0.00842	0.01157	0.00689	0.02746	0.01814	0.00143	0.00519	0.03180	0.00210	0.00561
40	0.00904	0.00578	0.00762	0.00800	0.07152	0.00565	0.00567	0.02887	0.11456	0.16852	0.03968	0.28693	0.03716	0.00912	0.03116	0.00160	0.00334	0.12050	0.00378	0.04149
41	0.00904	0.01101	0.21205	0.06908	0.14146	0.00826	0.15873	0.05974	0.03145	0.06255	0.02232	0.13400	0.02493	0.01561	0.00450	0.00137	0.00484	0.02108	0.00262	0.00537
42	0.04675	0.06055	0.35023	0.02997	0.17290	0.02730	0.07752	0.03948	0.00929	0.10096	0.00903	0.01017	0.02822	0.00409	0.00398	0.00124	0.01674	0.00344	0.00230	0.00584
43	0.02536	0.02212	0.06180	0.00825	0.03071	0.10782	0.04254	0.06787	0.00993	0.06418	0.07748	0.18118	0.06744	0.00857	0.02732	0.00157	0.02267	0.16545	0.00327	0.00447
44	0.04755	0.06349	0.31035	0.05164	0.08331	0.01858	0.11670	0.01409	0.02421	0.19940	0.00960	0.02762	0.00698	0.00419	0.00391	0.00125	0.00502	0.00363	0.00263	0.00585
45	0.04642	0.04794	0.23454	0.03450	0.11563	0.04486	0.10096	0.16416	0.01854	0.05061	0.01809	0.03817	0.00709	0.00428	0.00388	0.00120	0.00497	0.00365	0.00256	0.05794
46	0.04699	0.01412	0.34833	0.01238	0.08629	0.02540	0.16529	0.07256	0.04894	0.10262	0.00919	0.01019	0.01464	0.00403	0.00399	0.00126	0.00529	0.00359	0.00249	0.02243
47	0.17199	0.04630	0.10201	0.02270	0.07708	0.00907	0.02650	0.18459	0.09522	0.04753	0.03172	0.03317	0.12503	0.00537	0.00381	0.00126	0.00383	0.00429	0.00313	0.00540

[dist]
# distance from previous block
# <min> <max>
0	46

# created by:
# /st0/software/busco_prod/Augustus/scripts/msa2prfl.pl ./align_prep/40312.fa
