[name]
unknown

[dist]
# distance from previous block
# <min> <max>
0	428

[block]
# block no. 0 follows, 74 sequences, length 364
# corresponding to MSA columns:
# 436-799
name=unknown_A
#
# <colnr> <probs for GDERKNQSTAVLIFYWHMCP>
#	G	D	E	R	K	N	Q	S	T	A	V	L	I	F	Y	W	H	M	C	P
0	0.00846	0.00690	0.01020	0.01854	0.06367	0.00706	0.15448	0.03406	0.24111	0.08359	0.18654	0.01860	0.08468	0.00569	0.00425	0.00124	0.01701	0.04571	0.00334	0.00488
1	0.00541	0.00383	0.00557	0.00560	0.00610	0.00432	0.00417	0.00625	0.00581	0.00824	0.01008	0.03964	0.00992	0.12598	0.64295	0.09858	0.00826	0.00425	0.00202	0.00300
2	0.89577	0.00718	0.00546	0.00488	0.00718	0.00833	0.00402	0.01091	0.00632	0.01665	0.00517	0.00603	0.00402	0.00345	0.00230	0.00115	0.00287	0.00201	0.00230	0.00402
3	0.00514	0.00391	0.00475	0.00454	0.00556	0.00357	0.00343	0.00690	0.03245	0.01348	0.58162	0.02986	0.25749	0.00808	0.00438	0.00121	0.00185	0.02443	0.00389	0.00346
4	0.00968	0.00819	0.00864	0.00764	0.00982	0.00944	0.00598	0.09382	0.76487	0.01624	0.01454	0.01340	0.01087	0.00498	0.00377	0.00125	0.00304	0.00412	0.00377	0.00591
5	0.31413	0.06404	0.04773	0.02920	0.03109	0.00701	0.00510	0.01002	0.00731	0.02309	0.00810	0.00896	0.05850	0.00354	0.00277	0.00089	0.00305	0.00258	0.00225	0.37064
6	0.00806	0.00659	0.00773	0.00554	0.00882	0.00497	0.00444	0.00970	0.00781	0.04575	0.00692	0.00790	0.00565	0.00282	0.00279	0.00057	0.00277	0.00226	0.00230	0.85662
7	0.00464	0.00373	0.00410	0.00409	0.00514	0.00323	0.00302	0.00574	0.00880	0.01113	0.23752	0.08646	0.56747	0.03248	0.00480	0.00131	0.00191	0.00766	0.00357	0.00319
8	0.01411	0.01040	0.01114	0.00854	0.01151	0.01151	0.00706	0.83402	0.01745	0.02339	0.00891	0.00891	0.00631	0.00446	0.00371	0.00111	0.00408	0.00334	0.00371	0.00631
9	0.00776	0.00638	0.00722	0.00696	0.02510	0.00710	0.00518	0.01459	0.51309	0.02517	0.09992	0.16110	0.03534	0.00793	0.05831	0.00159	0.00314	0.00558	0.00360	0.00493
10	0.01339	0.10846	0.09771	0.00739	0.02445	0.01735	0.01836	0.04662	0.04548	0.50043	0.06163	0.01230	0.02056	0.00452	0.00361	0.00111	0.00353	0.00365	0.00370	0.00577
11	0.46765	0.03445	0.01934	0.03068	0.06263	0.17218	0.01625	0.03441	0.00805	0.06287	0.01912	0.02461	0.00564	0.00381	0.00289	0.00109	0.00389	0.00262	0.00236	0.02546
12	0.00853	0.00686	0.00798	0.00576	0.00902	0.00544	0.00463	0.06869	0.00852	0.04784	0.00710	0.00799	0.00571	0.00295	0.00286	0.00062	0.00286	0.00234	0.00241	0.79190
13	0.00952	0.00813	0.00869	0.00791	0.02643	0.00936	0.00605	0.06691	0.77532	0.01592	0.01459	0.01347	0.01093	0.00497	0.00377	0.00125	0.00303	0.00413	0.00373	0.00590
14	0.01185	0.02141	0.04065	0.00696	0.03180	0.00610	0.01617	0.06947	0.03460	0.36392	0.03679	0.01144	0.03043	0.00409	0.00342	0.00095	0.00318	0.00334	0.00340	0.30004
15	0.01248	0.00929	0.13136	0.04491	0.19860	0.03070	0.02480	0.03761	0.03129	0.39597	0.01066	0.01061	0.00730	0.00401	0.00366	0.00112	0.00401	0.00340	0.00317	0.03502
16	0.00768	0.09887	0.77268	0.01018	0.01545	0.00919	0.01303	0.01170	0.00781	0.01147	0.00652	0.00766	0.00471	0.00349	0.00342	0.00114	0.00534	0.00267	0.00157	0.00542
17	0.01147	0.01485	0.08628	0.02659	0.06320	0.56426	0.00747	0.02605	0.02152	0.00997	0.01031	0.02235	0.11096	0.00460	0.00355	0.00104	0.00565	0.00333	0.00214	0.00439
18	0.00998	0.00913	0.09211	0.04795	0.31633	0.01935	0.08762	0.07339	0.05600	0.13709	0.04709	0.02280	0.04403	0.00431	0.00393	0.00117	0.01571	0.00390	0.00265	0.00548
19	0.00463	0.00333	0.00440	0.00523	0.00549	0.00314	0.00353	0.00546	0.02200	0.00961	0.02035	0.84003	0.02427	0.01149	0.00473	0.00151	0.00219	0.02209	0.00345	0.00307
20	0.01387	0.01769	0.01052	0.00956	0.01148	0.85465	0.00717	0.01482	0.01052	0.00908	0.00574	0.00669	0.00478	0.00383	0.00335	0.00096	0.00669	0.00239	0.00191	0.00430
21	0.04113	0.69872	0.06572	0.00691	0.03233	0.02700	0.00663	0.01084	0.00762	0.00936	0.00700	0.02631	0.04037	0.00367	0.00263	0.00087	0.00395	0.00250	0.00174	0.00469
22	0.04291	0.02327	0.21713	0.00997	0.04108	0.00843	0.15499	0.19984	0.02038	0.12404	0.01007	0.10219	0.00828	0.00477	0.00385	0.00121	0.00443	0.01501	0.00280	0.00536
23	0.00469	0.00335	0.00450	0.00536	0.00564	0.00316	0.00373	0.00545	0.00727	0.00966	0.02037	0.77370	0.02419	0.01147	0.00478	0.00153	0.00230	0.10235	0.00344	0.00306
24	0.00454	0.00375	0.00387	0.00385	0.00496	0.00320	0.00282	0.00546	0.00833	0.01012	0.09424	0.03410	0.71002	0.08754	0.00571	0.00146	0.00203	0.00753	0.00338	0.00308
25	0.02281	0.03806	0.12854	0.01408	0.13450	0.01886	0.43196	0.02302	0.02000	0.10460	0.02184	0.01000	0.00644	0.00350	0.00397	0.00119	0.00529	0.00383	0.00221	0.00531
26	0.00726	0.03025	0.73105	0.01021	0.01511	0.00823	0.04212	0.01115	0.00780	0.01151	0.00792	0.08608	0.00654	0.00424	0.00365	0.00120	0.00519	0.00350	0.00175	0.00523
27	0.00452	0.00323	0.00431	0.00517	0.00538	0.00301	0.00345	0.00517	0.00711	0.00948	0.02046	0.86713	0.02455	0.01163	0.00474	0.00151	0.00215	0.01055	0.00345	0.00301
28	0.00877	0.00840	0.01432	0.18150	0.69090	0.00871	0.01119	0.01103	0.00826	0.01163	0.00691	0.00932	0.00570	0.00338	0.00368	0.00113	0.00451	0.00331	0.00180	0.00555
29	0.01062	0.08764	0.01233	0.11087	0.27308	0.12970	0.03142	0.07368	0.00947	0.12707	0.02131	0.06781	0.02010	0.00439	0.00364	0.00111	0.00439	0.00375	0.00249	0.00515
30	0.00802	0.01281	0.33817	0.20099	0.04096	0.01878	0.29474	0.01139	0.00814	0.02038	0.00702	0.00912	0.00516	0.00344	0.00387	0.00121	0.00559	0.00345	0.00174	0.00502
31	0.61742	0.00868	0.00765	0.06229	0.11268	0.11586	0.00573	0.01138	0.00719	0.01468	0.00556	0.00675	0.00441	0.00349	0.00269	0.00112	0.00368	0.00230	0.00215	0.00429
32	0.01371	0.01037	0.01090	0.00848	0.01136	0.03041	0.00696	0.74953	0.08389	0.02243	0.00934	0.00926	0.00668	0.00449	0.00371	0.00112	0.00405	0.00339	0.00368	0.00623
33	0.00540	0.00361	0.00410	0.00410	0.00412	0.00363	0.00232	0.00543	0.00541	0.00724	0.01164	0.02401	0.01337	0.84516	0.04312	0.00367	0.00378	0.00536	0.00224	0.00228
34	0.00744	0.01920	0.85032	0.01058	0.01607	0.00862	0.01371	0.01176	0.00784	0.01176	0.00666	0.00784	0.00470	0.00353	0.00353	0.00118	0.00549	0.00274	0.00157	0.00549
35	0.01292	0.01010	0.01045	0.00834	0.01106	0.04420	0.00677	0.60508	0.21574	0.02093	0.01028	0.01002	0.00746	0.00457	0.00371	0.00114	0.00391	0.00351	0.00366	0.00613
36	0.00791	0.03908	0.72836	0.01111	0.06851	0.00876	0.01298	0.01183	0.00789	0.03665	0.00683	0.00803	0.00492	0.00362	0.00375	0.00117	0.02862	0.00280	0.00168	0.00548
37	0.01155	0.02586	0.17522	0.00986	0.02300	0.02049	0.19810	0.12036	0.02892	0.27623	0.03292	0.02252	0.01903	0.00429	0.00387	0.00118	0.00446	0.01349	0.00306	0.00559
38	0.02398	0.08311	0.48083	0.00903	0.01340	0.00812	0.03263	0.01371	0.00870	0.27771	0.00908	0.00924	0.00615	0.00383	0.00350	0.00114	0.00461	0.00303	0.00255	0.00566
39	0.00960	0.00830	0.00859	0.00765	0.00979	0.02629	0.00597	0.06485	0.77742	0.01584	0.01458	0.01343	0.01092	0.00498	0.00376	0.00124	0.00308	0.00411	0.00374	0.00587
40	0.03105	0.06391	0.07792	0.11284	0.30391	0.03834	0.06542	0.01220	0.00860	0.17514	0.00918	0.06920	0.00745	0.00420	0.00367	0.00115	0.00430	0.00378	0.00245	0.00530
41	0.00974	0.01010	0.02427	0.05099	0.68036	0.12747	0.01073	0.01190	0.01777	0.01164	0.00688	0.00890	0.00574	0.00342	0.00363	0.00109	0.00475	0.00318	0.00186	0.00559
42	0.00701	0.00660	0.01113	0.86063	0.02556	0.00825	0.01031	0.00948	0.00742	0.00948	0.00660	0.00990	0.00495	0.00371	0.00371	0.00124	0.00495	0.00330	0.00165	0.00412
43	0.00625	0.00493	0.03145	0.07133	0.06241	0.00443	0.00488	0.00806	0.00987	0.05917	0.57794	0.02451	0.10651	0.00690	0.00422	0.00118	0.00237	0.00606	0.00364	0.00388
44	0.01010	0.04219	0.38771	0.03206	0.26187	0.02053	0.08989	0.01291	0.01922	0.04906	0.01899	0.01093	0.00718	0.00453	0.00436	0.00142	0.01479	0.00365	0.00238	0.00622
45	0.00529	0.00392	0.00495	0.00467	0.00562	0.00364	0.00351	0.00722	0.03509	0.01443	0.74069	0.02809	0.11356	0.00769	0.00436	0.00118	0.00180	0.00675	0.00401	0.00354
46	0.00453	0.00329	0.00428	0.00506	0.00538	0.00304	0.00342	0.00521	0.00725	0.00955	0.02201	0.78129	0.09916	0.01141	0.00471	0.00149	0.00214	0.02031	0.00345	0.00303
47	0.02376	0.04263	0.13731	0.02970	0.15795	0.15971	0.11013	0.07788	0.07758	0.07625	0.00874	0.02976	0.01768	0.00412	0.00392	0.00114	0.03066	0.00346	0.00238	0.00524
48	0.00615	0.00541	0.02315	0.02331	0.04447	0.00523	0.01683	0.00971	0.21115	0.01225	0.15070	0.12747	0.32045	0.00765	0.00419	0.00126	0.00246	0.00659	0.01750	0.00407
49	0.00489	0.00346	0.00451	0.00521	0.00550	0.00330	0.00362	0.00559	0.00706	0.00935	0.01913	0.58719	0.03530	0.15609	0.00718	0.00189	0.00258	0.13197	0.00324	0.00295
50	0.00881	0.00986	0.02096	0.01602	0.08837	0.00934	0.74165	0.01206	0.03133	0.01201	0.00767	0.01005	0.00581	0.00320	0.00430	0.00124	0.00601	0.00429	0.00193	0.00510
51	0.00946	0.06211	0.20365	0.02668	0.36011	0.03388	0.13593	0.05213	0.00890	0.05321	0.00743	0.00921	0.00579	0.00352	0.00368	0.00113	0.00489	0.01074	0.00201	0.00554
52	0.00470	0.00338	0.00449	0.00532	0.00565	0.00317	0.00373	0.00548	0.00733	0.00970	0.02102	0.73413	0.05568	0.01137	0.00477	0.00152	0.00230	0.10974	0.00344	0.00307
53	0.01179	0.00661	0.00795	0.00669	0.00893	0.00672	0.00532	0.01703	0.35436	0.37269	0.14487	0.01550	0.01413	0.00525	0.00385	0.00120	0.00285	0.00439	0.00418	0.00569
54	0.00815	0.01281	0.30960	0.04882	0.05808	0.02560	0.39695	0.01151	0.01781	0.01159	0.00778	0.04950	0.00622	0.00378	0.00410	0.00123	0.01560	0.00395	0.00185	0.00507
55	0.00857	0.07433	0.47254	0.05877	0.14154	0.04346	0.07240	0.01211	0.03256	0.03925	0.00714	0.00847	0.00531	0.00354	0.00355	0.00114	0.00514	0.00299	0.00182	0.00538
56	0.00539	0.00360	0.00410	0.00411	0.00412	0.00362	0.00232	0.00542	0.00543	0.00726	0.01175	0.03326	0.01352	0.84025	0.03854	0.00363	0.00373	0.00542	0.00226	0.00228
57	0.00523	0.00379	0.00493	0.00465	0.00553	0.00349	0.00349	0.00697	0.01046	0.01478	0.82649	0.02790	0.05304	0.00763	0.00438	0.00117	0.00175	0.00674	0.00407	0.00349
58	0.00550	0.00414	0.00593	0.07177	0.00745	0.00474	0.00449	0.00655	0.00592	0.00831	0.01008	0.01674	0.01001	0.25215	0.55187	0.00490	0.02003	0.00430	0.00203	0.00310
59	0.00863	0.01070	0.17839	0.08469	0.20035	0.03223	0.13814	0.03925	0.19558	0.01272	0.01048	0.01152	0.05216	0.00413	0.00381	0.00119	0.00454	0.00378	0.00236	0.00534
60	0.00644	0.00406	0.00534	0.00487	0.00595	0.00371	0.00371	0.00816	0.01052	0.10145	0.75832	0.02616	0.03234	0.00728	0.00431	0.00117	0.00190	0.00640	0.00414	0.00379
61	0.01403	0.01027	0.01105	0.00849	0.01143	0.01136	0.00701	0.81451	0.01723	0.03283	0.00899	0.00902	0.00638	0.00474	0.01400	0.00117	0.00414	0.00335	0.00370	0.00628
62	0.00732	0.00667	0.01089	0.13103	0.45244	0.00680	0.00854	0.00905	0.00794	0.01091	0.01247	0.24728	0.06105	0.00602	0.00402	0.00124	0.00371	0.00557	0.00235	0.00469
63	0.01112	0.01066	0.01275	0.11806	0.30705	0.18332	0.04882	0.18431	0.03834	0.03865	0.00761	0.00900	0.00590	0.00379	0.00366	0.00110	0.00488	0.00322	0.00237	0.00540
64	0.00891	0.00854	0.01457	0.12921	0.74213	0.00875	0.01125	0.01115	0.00832	0.01179	0.00693	0.00928	0.00576	0.00336	0.00368	0.00112	0.00448	0.00331	0.00181	0.00566
65	0.09402	0.01656	0.01015	0.00940	0.02781	0.76070	0.00697	0.01440	0.01010	0.00983	0.00571	0.00668	0.00473	0.00378	0.00326	0.00098	0.00630	0.00237	0.00195	0.00431
66	0.00595	0.00425	0.00591	0.00673	0.00757	0.00424	0.00586	0.00761	0.00847	0.01100	0.01967	0.04138	0.03051	0.03060	0.00544	0.00175	0.00340	0.79286	0.00339	0.00339
67	0.01378	0.02240	0.01102	0.00843	0.01133	0.02898	0.00694	0.73828	0.07001	0.03713	0.00929	0.00921	0.00663	0.00446	0.00369	0.00112	0.00405	0.00336	0.00367	0.00622
68	0.00869	0.43421	0.42161	0.00867	0.01298	0.01160	0.03387	0.01145	0.00772	0.01029	0.00595	0.00698	0.00476	0.00334	0.00299	0.00099	0.00477	0.00242	0.00159	0.00512
69	0.74690	0.00759	0.01616	0.00540	0.00780	0.00852	0.00450	0.10244	0.00777	0.04057	0.02086	0.00694	0.00498	0.00366	0.00255	0.00115	0.00302	0.00230	0.00254	0.00435
70	0.00591	0.00423	0.00590	0.00674	0.00758	0.00422	0.00586	0.00758	0.00850	0.01104	0.02000	0.06420	0.03616	0.01028	0.00510	0.00170	0.00336	0.78483	0.00342	0.00340
71	0.01662	0.00638	0.00865	0.00663	0.00950	0.00554	0.00548	0.02981	0.01072	0.83711	0.01456	0.01258	0.00915	0.00459	0.00373	0.00115	0.00317	0.00373	0.00458	0.00632
72	0.00823	0.00785	0.01335	0.38884	0.46774	0.00858	0.02065	0.01066	0.01784	0.01101	0.00692	0.00956	0.00553	0.00350	0.00370	0.00116	0.00465	0.00333	0.00178	0.00510
73	0.00992	0.87178	0.01945	0.00635	0.00953	0.01469	0.00635	0.01111	0.00754	0.00873	0.00516	0.00595	0.00476	0.00318	0.00238	0.00079	0.00397	0.00198	0.00159	0.00476
74	0.02600	0.00650	0.00866	0.00666	0.00950	0.00576	0.00550	0.05761	0.01091	0.79023	0.02367	0.01255	0.00928	0.00461	0.00372	0.00115	0.00318	0.00373	0.00452	0.00626
75	0.89577	0.00718	0.00546	0.00488	0.00718	0.00833	0.00402	0.01091	0.00632	0.01665	0.00517	0.00603	0.00402	0.00345	0.00230	0.00115	0.00287	0.00201	0.00230	0.00402
76	0.89577	0.00718	0.00546	0.00488	0.00718	0.00833	0.00402	0.01091	0.00632	0.01665	0.00517	0.00603	0.00402	0.00345	0.00230	0.00115	0.00287	0.00201	0.00230	0.00402
77	0.00898	0.00833	0.01401	0.02102	0.76977	0.00833	0.01059	0.01114	0.00839	0.01228	0.00745	0.00961	0.00621	0.00340	0.00358	0.00108	0.00417	0.00332	0.08267	0.00566
78	0.00467	0.00376	0.00416	0.00408	0.00519	0.00325	0.00305	0.00587	0.00910	0.01159	0.29851	0.04644	0.56959	0.00885	0.00439	0.00123	0.00184	0.00751	0.00365	0.00325
79	0.00539	0.00364	0.00428	0.00428	0.00436	0.00372	0.00254	0.00555	0.00547	0.00737	0.01148	0.02312	0.01299	0.76780	0.11995	0.00388	0.00437	0.00523	0.00222	0.00238
80	0.00922	0.00796	0.00839	0.00753	0.00964	0.00919	0.00586	0.01961	0.83052	0.01549	0.01501	0.01378	0.01127	0.00501	0.00377	0.00125	0.00294	0.00417	0.00376	0.01564
81	0.00538	0.00365	0.00432	0.00432	0.00442	0.00375	0.00259	0.00558	0.00548	0.00740	0.01144	0.02289	0.01289	0.74823	0.13939	0.00394	0.00451	0.00519	0.00221	0.00240
82	0.89577	0.00718	0.00546	0.00488	0.00718	0.00833	0.00402	0.01091	0.00632	0.01665	0.00517	0.00603	0.00402	0.00345	0.00230	0.00115	0.00287	0.00201	0.00230	0.00402
83	0.01411	0.01040	0.01114	0.00854	0.01151	0.01151	0.00706	0.83402	0.01745	0.02339	0.00891	0.00891	0.00631	0.00446	0.00371	0.00111	0.00408	0.00334	0.00371	0.00631
84	0.00530	0.00398	0.00597	0.00597	0.00663	0.00464	0.00464	0.00663	0.00597	0.00862	0.00994	0.01458	0.00928	0.02784	0.85484	0.00597	0.00994	0.00398	0.00199	0.00331
85	0.00730	0.00681	0.01136	0.79254	0.07217	0.00836	0.01029	0.02912	0.00772	0.00996	0.00667	0.00983	0.00503	0.00371	0.00371	0.00123	0.00490	0.00330	0.00171	0.00428
86	0.00452	0.00323	0.00431	0.00517	0.00538	0.00301	0.00345	0.00517	0.00711	0.00948	0.02046	0.86713	0.02455	0.01163	0.00474	0.00151	0.00215	0.01055	0.00345	0.00301
87	0.89577	0.00718	0.00546	0.00488	0.00718	0.00833	0.00402	0.01091	0.00632	0.01665	0.00517	0.00603	0.00402	0.00345	0.00230	0.00115	0.00287	0.00201	0.00230	0.00402
88	0.00525	0.00379	0.00496	0.00467	0.00555	0.00350	0.00350	0.00700	0.01051	0.01488	0.84444	0.02773	0.03502	0.00759	0.00438	0.00117	0.00175	0.00671	0.00409	0.00350
89	0.00666	0.00597	0.00856	0.00778	0.00813	0.00787	0.00631	0.00774	0.00583	0.00877	0.00751	0.01148	0.00716	0.01758	0.44997	0.00388	0.41969	0.00363	0.00181	0.00367
90	0.85367	0.00733	0.00573	0.00506	0.00739	0.00848	0.00416	0.05022	0.00685	0.01698	0.00535	0.00617	0.00413	0.00349	0.00236	0.00115	0.00293	0.00207	0.00236	0.00413
91	0.00771	0.00665	0.00791	0.00565	0.00895	0.00501	0.01666	0.00938	0.00771	0.01209	0.00661	0.00773	0.00550	0.00275	0.00277	0.00056	0.00280	0.00223	0.00219	0.87911
92	0.85610	0.00732	0.00571	0.00505	0.00737	0.00847	0.00416	0.04794	0.00682	0.01696	0.00534	0.00616	0.00412	0.00349	0.00236	0.00115	0.00293	0.00207	0.00236	0.00412
93	0.01411	0.01040	0.01114	0.00854	0.01151	0.01151	0.00706	0.83402	0.01745	0.02339	0.00891	0.00891	0.00631	0.00446	0.00371	0.00111	0.00408	0.00334	0.00371	0.00631
94	0.00992	0.87178	0.01945	0.00635	0.00953	0.01469	0.00635	0.01111	0.00754	0.00873	0.00516	0.00595	0.00476	0.00318	0.00238	0.00079	0.00397	0.00198	0.00159	0.00476
95	0.00439	0.00375	0.00378	0.00380	0.00502	0.00313	0.00284	0.00532	0.00842	0.01001	0.03711	0.05942	0.82151	0.00946	0.00440	0.00126	0.00189	0.00791	0.00345	0.00313
96	0.00992	0.87178	0.01945	0.00635	0.00953	0.01469	0.00635	0.01111	0.00754	0.00873	0.00516	0.00595	0.00476	0.00318	0.00238	0.00079	0.00397	0.00198	0.00159	0.00476
97	0.00975	0.00786	0.00841	0.00749	0.00964	0.00897	0.00585	0.01961	0.78206	0.07346	0.01508	0.01376	0.01118	0.00501	0.00377	0.00125	0.00295	0.00416	0.00383	0.00591
98	0.00452	0.00323	0.00431	0.00517	0.00538	0.00301	0.00345	0.00517	0.00711	0.00948	0.02046	0.86713	0.02455	0.01163	0.00474	0.00151	0.00215	0.01055	0.00345	0.00301
99	0.00497	0.00377	0.00459	0.00441	0.00538	0.00338	0.00330	0.00645	0.00980	0.01328	0.58012	0.05519	0.27530	0.00825	0.00439	0.00120	0.00180	0.00716	0.00388	0.00338
100	0.00525	0.00379	0.00496	0.00467	0.00555	0.00350	0.00350	0.00700	0.01051	0.01488	0.84444	0.02773	0.03502	0.00759	0.00438	0.00117	0.00175	0.00671	0.00409	0.00350
101	0.00582	0.00392	0.00513	0.00479	0.00574	0.00362	0.00361	0.00751	0.01032	0.05478	0.76108	0.02721	0.03283	0.03339	0.00480	0.00125	0.00191	0.02466	0.00404	0.00360
102	0.00770	0.00660	0.00770	0.00550	0.00880	0.00495	0.00440	0.00935	0.00770	0.01210	0.00660	0.00770	0.00550	0.00275	0.00275	0.00055	0.00275	0.00220	0.00220	0.89224
103	0.00908	0.00874	0.01499	0.06037	0.79718	0.00880	0.02355	0.01131	0.00841	0.01200	0.00697	0.00923	0.00583	0.00332	0.00369	0.00111	0.00446	0.00332	0.00183	0.00579
104	0.00804	0.00800	0.01122	0.00964	0.00966	0.01118	0.00802	0.00887	0.00569	0.00892	0.00501	0.00830	0.00500	0.00710	0.03586	0.00175	0.83880	0.00327	0.00163	0.00404
105	0.00516	0.00379	0.00483	0.00457	0.00549	0.00346	0.00343	0.00683	0.01029	0.01437	0.75841	0.02858	0.12138	0.00778	0.00438	0.00118	0.00176	0.00683	0.00402	0.00346
106	0.01059	0.00881	0.00905	0.00781	0.01007	0.04509	0.00616	0.22273	0.55898	0.02769	0.01334	0.03346	0.01021	0.00505	0.00378	0.00122	0.00337	0.01310	0.00368	0.00583
107	0.00711	0.00670	0.01132	0.82125	0.06415	0.00827	0.01036	0.00957	0.00747	0.00961	0.00662	0.00986	0.00499	0.00369	0.00371	0.00123	0.00492	0.00330	0.00166	0.00421
108	0.00846	0.15273	0.62135	0.00982	0.01459	0.05393	0.02399	0.04218	0.01928	0.01162	0.00658	0.00763	0.00488	0.00354	0.00336	0.00110	0.00524	0.00267	0.00170	0.00534
109	0.01018	0.80840	0.01877	0.00653	0.00960	0.04628	0.00639	0.01136	0.00769	0.02548	0.00537	0.00615	0.00485	0.00328	0.00260	0.00082	0.01777	0.00206	0.00166	0.00477
110	0.00540	0.00360	0.00405	0.00405	0.00405	0.00360	0.00225	0.00540	0.00540	0.00720	0.01170	0.02429	0.01349	0.86955	0.01889	0.00360	0.00360	0.00540	0.00225	0.00225
111	0.00540	0.00360	0.00405	0.00405	0.00405	0.00360	0.00225	0.00540	0.00540	0.00720	0.01170	0.02429	0.01349	0.86955	0.01889	0.00360	0.00360	0.00540	0.00225	0.00225
112	0.00938	0.08775	0.12550	0.00830	0.03279	0.02043	0.00718	0.05874	0.55429	0.02425	0.01247	0.02377	0.00950	0.00466	0.00362	0.00119	0.00352	0.00379	0.00320	0.00569
113	0.00541	0.00460	0.04535	0.00491	0.00597	0.00386	0.00389	0.00727	0.02801	0.01378	0.66559	0.02660	0.07602	0.08587	0.00565	0.00140	0.00213	0.00641	0.00376	0.00351
114	0.00547	0.00369	0.00433	0.00446	0.00458	0.00369	0.00279	0.00572	0.00586	0.00778	0.01292	0.03610	0.01473	0.73832	0.01679	0.00331	0.00356	0.12106	0.00243	0.00242
115	0.00904	0.41593	0.24130	0.00735	0.01072	0.01969	0.00787	0.02349	0.00834	0.06722	0.11589	0.01011	0.00918	0.00485	0.03352	0.00116	0.00428	0.00302	0.00216	0.00487
116	0.03069	0.07554	0.26524	0.04357	0.15492	0.00871	0.11834	0.06375	0.01941	0.06562	0.00762	0.00919	0.00583	0.00358	0.00352	0.00108	0.00461	0.01535	0.00213	0.10129
117	0.00462	0.00355	0.00421	0.00469	0.00536	0.00319	0.00330	0.01531	0.00780	0.00990	0.02712	0.50688	0.35042	0.01062	0.00459	0.00141	0.00210	0.02836	0.00345	0.00311
118	0.00452	0.00328	0.00428	0.00506	0.00536	0.00303	0.00340	0.00521	0.00726	0.00959	0.03352	0.79265	0.08636	0.01140	0.00471	0.00148	0.00213	0.01029	0.00345	0.00303
119	0.00737	0.00720	0.02526	0.70617	0.14141	0.00836	0.03235	0.00985	0.00761	0.00996	0.00668	0.00977	0.00509	0.00364	0.00372	0.00122	0.00492	0.00332	0.00168	0.00442
120	0.08496	0.01244	0.33725	0.03041	0.27016	0.00853	0.03049	0.03051	0.07581	0.06250	0.00802	0.01900	0.00610	0.00375	0.00354	0.00116	0.00452	0.00319	0.00215	0.00551
121	0.00700	0.00655	0.01109	0.81298	0.02470	0.00809	0.02652	0.00945	0.00745	0.00962	0.00695	0.02366	0.00537	0.00384	0.00372	0.00123	0.00487	0.00344	0.01938	0.00411
122	0.00849	0.02492	0.02898	0.00722	0.05968	0.00624	0.02647	0.09795	0.00887	0.01329	0.02188	0.00836	0.00614	0.00310	0.00299	0.00069	0.00314	0.00254	0.01042	0.65862
123	0.00753	0.04989	0.82041	0.01043	0.01583	0.00884	0.01345	0.01173	0.00783	0.01165	0.00661	0.00777	0.00470	0.00351	0.00349	0.00116	0.00543	0.00272	0.00157	0.00546
124	0.00456	0.00326	0.00433	0.00513	0.00539	0.00304	0.00344	0.00526	0.00729	0.00974	0.06031	0.81598	0.03569	0.01141	0.00472	0.00149	0.00213	0.01033	0.00348	0.00304
125	0.00857	0.20698	0.56683	0.00973	0.01437	0.06646	0.04184	0.02484	0.00814	0.01110	0.00634	0.00744	0.00478	0.00347	0.00330	0.00108	0.00524	0.00262	0.00164	0.00524
126	0.00761	0.01823	0.77239	0.01172	0.09353	0.00864	0.01350	0.01172	0.00789	0.01179	0.00669	0.00796	0.00481	0.00351	0.00354	0.00117	0.00539	0.00280	0.00159	0.00552
127	0.00439	0.00376	0.00376	0.00376	0.00501	0.00313	0.00282	0.00533	0.00846	0.01003	0.03760	0.03572	0.84489	0.00940	0.00439	0.00125	0.00188	0.00783	0.00345	0.00313
128	0.01360	0.00785	0.01131	0.00864	0.01148	0.04507	0.16968	0.08036	0.06772	0.47552	0.05965	0.01250	0.00968	0.00446	0.00388	0.00117	0.00391	0.00397	0.00378	0.00578
129	0.00949	0.00723	0.00824	0.00613	0.00915	0.00638	0.00494	0.19303	0.02002	0.05446	0.00806	0.01798	0.00636	0.00343	0.00304	0.00074	0.00300	0.00271	0.05251	0.58310
130	0.00525	0.00379	0.00496	0.00467	0.00555	0.00350	0.00350	0.00700	0.01051	0.01488	0.84444	0.02773	0.03502	0.00759	0.00438	0.00117	0.00175	0.00671	0.00409	0.00350
131	0.00853	0.00700	0.00829	0.02001	0.03359	0.00575	0.00497	0.09133	0.00874	0.03151	0.00717	0.01736	0.00587	0.00309	0.00293	0.00066	0.00297	0.00249	0.00240	0.73537
132	0.02456	0.67610	0.19550	0.00722	0.01087	0.01329	0.00787	0.01125	0.00758	0.00951	0.00548	0.00635	0.00474	0.00325	0.00262	0.00088	0.00427	0.00215	0.00160	0.00490
133	0.01665	0.00632	0.00861	0.00660	0.00948	0.00546	0.00546	0.01809	0.01062	0.84897	0.01464	0.01263	0.00919	0.00459	0.00373	0.00115	0.00316	0.00373	0.00459	0.00632
134	0.00538	0.00366	0.00438	0.00438	0.00450	0.00378	0.00266	0.00561	0.00550	0.00744	0.01139	0.02260	0.01276	0.72329	0.16416	0.00401	0.00470	0.00515	0.00220	0.00243
135	0.00528	0.00381	0.00500	0.00475	0.00562	0.00353	0.00359	0.00703	0.01044	0.01475	0.81421	0.02825	0.03452	0.00769	0.00441	0.00119	0.00181	0.03657	0.00406	0.00350
136	0.00770	0.00660	0.00770	0.00550	0.00880	0.00495	0.00440	0.00935	0.00770	0.01210	0.00660	0.00770	0.00550	0.00275	0.00275	0.00055	0.00275	0.00220	0.00220	0.89224
137	0.00444	0.00376	0.00384	0.00382	0.00505	0.00316	0.00287	0.00544	0.00860	0.01035	0.09102	0.03519	0.79127	0.00928	0.00439	0.00125	0.00187	0.00776	0.00349	0.00316
138	0.00440	0.00375	0.00377	0.00378	0.00501	0.00314	0.00282	0.00533	0.00840	0.00998	0.03701	0.04720	0.82207	0.02117	0.00459	0.00129	0.00191	0.00784	0.00343	0.00312
139	0.02013	0.00879	0.01487	0.02238	0.82585	0.00882	0.01123	0.01149	0.01855	0.01222	0.00706	0.00920	0.00592	0.00333	0.00366	0.00110	0.00437	0.00330	0.00187	0.00586
140	0.00535	0.00432	0.00487	0.00496	0.00613	0.00410	0.00386	0.00764	0.10979	0.01131	0.10889	0.10064	0.45455	0.00902	0.00447	0.00135	0.00229	0.14937	0.00354	0.00354
141	0.00796	0.01215	0.33350	0.01562	0.40801	0.00804	0.02187	0.01089	0.00840	0.01214	0.08263	0.01144	0.04297	0.00402	0.00372	0.00114	0.00450	0.00360	0.00200	0.00539
142	0.00530	0.00361	0.00411	0.00414	0.00425	0.00359	0.00241	0.00543	0.00566	0.00750	0.01349	0.05754	0.06252	0.75611	0.04679	0.00346	0.00366	0.00569	0.00236	0.00237
143	0.08390	0.29599	0.01309	0.01744	0.01042	0.04657	0.00647	0.36714	0.01211	0.08147	0.00791	0.00869	0.00611	0.00406	0.00318	0.00102	0.00398	0.02215	0.00286	0.00544
144	0.88170	0.00737	0.01883	0.00497	0.00732	0.00833	0.00417	0.01092	0.00634	0.01658	0.00519	0.00606	0.00403	0.00345	0.00232	0.00115	0.00291	0.00202	0.00229	0.00404
145	0.00451	0.00377	0.00393	0.00389	0.00509	0.00319	0.00292	0.00556	0.00875	0.01071	0.15142	0.03459	0.73064	0.00914	0.00439	0.00124	0.00186	0.00768	0.00354	0.00319
146	0.01334	0.09066	0.03067	0.00818	0.01124	0.01125	0.00697	0.67543	0.01565	0.04591	0.00857	0.00867	0.00618	0.00424	0.00354	0.00106	0.00401	0.00316	0.00342	0.04784
147	0.00443	0.00375	0.00383	0.00382	0.00504	0.00315	0.00286	0.00540	0.00854	0.01025	0.07588	0.04769	0.79403	0.00935	0.00439	0.00125	0.00188	0.00782	0.00348	0.00315
148	0.00992	0.87178	0.01945	0.00635	0.00953	0.01469	0.00635	0.01111	0.00754	0.00873	0.00516	0.00595	0.00476	0.00318	0.00238	0.00079	0.00397	0.00198	0.00159	0.00476
149	0.00460	0.00327	0.00434	0.00517	0.00543	0.00306	0.00350	0.00531	0.00718	0.00961	0.02055	0.81525	0.03652	0.01143	0.00471	0.00150	0.00218	0.03534	0.01801	0.00304
150	0.00466	0.00402	0.00404	0.00419	0.00525	0.02539	0.00306	0.00554	0.00825	0.00989	0.03342	0.19731	0.66272	0.00969	0.00443	0.00130	0.00206	0.00822	0.00341	0.00314
151	0.00671	0.00377	0.00413	0.00402	0.00478	0.00380	0.01338	0.02745	0.00749	0.01241	0.01210	0.02541	0.01065	0.18648	0.02681	0.00160	0.00248	0.02340	0.61984	0.00328
152	0.20934	0.00657	0.00796	0.00626	0.00900	0.00618	0.00516	0.02880	0.00978	0.65407	0.01248	0.01113	0.00801	0.00434	0.00342	0.00115	0.00311	0.00335	0.00408	0.00581
153	0.00788	0.00744	0.01232	0.48904	0.30848	0.00857	0.01033	0.01038	0.03022	0.01060	0.00695	0.00972	0.00551	0.00376	0.00414	0.00121	0.05038	0.00333	0.01497	0.00477
154	0.00460	0.00329	0.00438	0.00512	0.00540	0.00307	0.00345	0.00536	0.00747	0.01005	0.10784	0.77811	0.02566	0.01120	0.00470	0.00147	0.00211	0.01014	0.00351	0.00307
155	0.01044	0.76017	0.01828	0.00677	0.00978	0.12445	0.00646	0.01160	0.00793	0.00878	0.00524	0.00605	0.00477	0.00326	0.00251	0.00082	0.00433	0.00204	0.00163	0.00470
156	0.00464	0.00378	0.00447	0.00449	0.00550	0.00330	0.02131	0.00568	0.00845	0.01065	0.15199	0.23117	0.51231	0.00952	0.00447	0.00130	0.00202	0.00824	0.00351	0.00320
157	0.02273	0.00662	0.00809	0.00596	0.00909	0.00536	0.00484	0.03698	0.00899	0.30296	0.00944	0.00942	0.00678	0.00345	0.00311	0.00078	0.00293	0.00276	0.00308	0.54662
158	0.00834	0.00911	0.01895	0.22784	0.05146	0.00908	0.59629	0.01127	0.00841	0.01130	0.00726	0.00995	0.00547	0.00328	0.00419	0.00124	0.00586	0.00407	0.00182	0.00482
159	0.00508	0.00379	0.00473	0.00449	0.00544	0.00343	0.00337	0.00668	0.01011	0.01393	0.68631	0.02929	0.19375	0.00794	0.00438	0.00118	0.00178	0.00693	0.00396	0.00343
160	0.00840	0.00747	0.00820	0.00621	0.01807	0.05910	0.00488	0.02866	0.00806	0.02405	0.00664	0.00777	0.00550	0.00305	0.00324	0.00065	0.03993	0.00232	0.00222	0.75559
161	0.01751	0.00573	0.01760	0.06375	0.04912	0.00564	0.04103	0.10593	0.00908	0.10261	0.03524	0.35369	0.10240	0.00784	0.00446	0.00132	0.02795	0.02078	0.00323	0.02508
162	0.01151	0.44128	0.01488	0.00759	0.01034	0.20559	0.00662	0.15976	0.08843	0.01207	0.00690	0.00740	0.00566	0.00373	0.00297	0.00093	0.00452	0.00253	0.00225	0.00504
163	0.00468	0.00335	0.00448	0.00533	0.00563	0.00315	0.00371	0.00544	0.00728	0.00966	0.02063	0.76560	0.03656	0.01145	0.00477	0.00153	0.00229	0.09797	0.00344	0.00306
164	0.00962	0.00859	0.00886	0.00807	0.02741	0.05801	0.01606	0.05706	0.70652	0.01533	0.02388	0.02289	0.01096	0.00498	0.00377	0.00123	0.00326	0.00414	0.00360	0.00573
165	0.00452	0.00323	0.00431	0.00517	0.00538	0.00301	0.00345	0.00517	0.00711	0.00948	0.02046	0.86713	0.02455	0.01163	0.00474	0.00151	0.00215	0.01055	0.00345	0.00301
166	0.04294	0.22771	0.15024	0.02019	0.02814	0.05898	0.00774	0.22613	0.11381	0.07713	0.00841	0.00867	0.00630	0.00396	0.00329	0.00106	0.00420	0.00293	0.00268	0.00550
167	0.01012	0.82861	0.01900	0.00651	0.00963	0.05715	0.00639	0.01130	0.00769	0.00875	0.00519	0.00599	0.00476	0.00321	0.00243	0.00080	0.00411	0.00201	0.00160	0.00474
168	0.01000	0.03067	0.01358	0.01827	0.58278	0.15441	0.00987	0.01285	0.09864	0.01189	0.00760	0.00917	0.00625	0.00357	0.00359	0.00108	0.00461	0.00320	0.00206	0.01591
169	0.03777	0.01685	0.02713	0.00936	0.01143	0.75188	0.00719	0.06696	0.01079	0.01927	0.00604	0.00690	0.00490	0.00386	0.00335	0.00098	0.00636	0.00246	0.00206	0.00447
170	0.00451	0.00328	0.00426	0.00504	0.00535	0.00303	0.00339	0.00518	0.00723	0.00953	0.02202	0.79147	0.09920	0.01143	0.00471	0.00148	0.00213	0.01030	0.00345	0.00303
171	0.00452	0.00323	0.00431	0.00517	0.00538	0.00301	0.00345	0.00517	0.00711	0.00948	0.02046	0.86713	0.02455	0.01163	0.00474	0.00151	0.00215	0.01055	0.00345	0.00301
172	0.00751	0.00711	0.01205	0.66622	0.21602	0.00838	0.01056	0.00993	0.00766	0.01010	0.00669	0.00973	0.00516	0.00362	0.00370	0.00121	0.00482	0.00330	0.00169	0.00453
173	0.01387	0.01769	0.01052	0.00956	0.01148	0.85465	0.00717	0.01482	0.01052	0.00908	0.00574	0.00669	0.00478	0.00383	0.00335	0.00096	0.00669	0.00239	0.00191	0.00430
174	0.00453	0.00351	0.00413	0.00451	0.00524	0.00311	0.00318	0.00540	0.00799	0.01018	0.09919	0.43345	0.38171	0.01031	0.00455	0.00137	0.00200	0.00904	0.00350	0.00311
175	0.00989	0.86038	0.03056	0.00641	0.00961	0.01461	0.00645	0.01112	0.00755	0.00877	0.00518	0.00598	0.00476	0.00318	0.00240	0.00080	0.00399	0.00199	0.00159	0.00477
176	0.00808	0.23910	0.63602	0.00949	0.01438	0.01019	0.01182	0.01159	0.00776	0.01098	0.00627	0.00735	0.00472	0.00344	0.00323	0.00108	0.00509	0.00255	0.00157	0.00530
177	0.00887	0.00846	0.01424	0.12718	0.70400	0.00864	0.01095	0.01123	0.02252	0.01185	0.00706	0.00931	0.00584	0.00337	0.00365	0.00111	0.00440	0.00329	0.00186	0.03216
178	0.01001	0.83532	0.02984	0.00650	0.00967	0.03972	0.00647	0.01123	0.00763	0.00878	0.00520	0.00600	0.00476	0.00320	0.00243	0.00080	0.00407	0.00201	0.00160	0.00476
179	0.00499	0.00340	0.00455	0.00533	0.00567	0.00318	0.00368	0.00573	0.00731	0.03469	0.02023	0.78377	0.02387	0.01132	0.00473	0.00151	0.00227	0.06716	0.00348	0.00314
180	0.00701	0.00660	0.01113	0.86063	0.02556	0.00825	0.01031	0.00948	0.00742	0.00948	0.00660	0.00990	0.00495	0.00371	0.00371	0.00124	0.00495	0.00330	0.00165	0.00412
181	0.01609	0.00722	0.00917	0.00703	0.00992	0.00679	0.00581	0.19769	0.01213	0.66724	0.01338	0.01181	0.00856	0.00456	0.00373	0.00114	0.00336	0.00365	0.00440	0.00632
182	0.00453	0.00325	0.00431	0.00514	0.00538	0.00302	0.00344	0.00520	0.00718	0.00957	0.03421	0.84257	0.03535	0.01153	0.00473	0.00150	0.00214	0.01045	0.00346	0.00302
183	0.01387	0.01769	0.01052	0.00956	0.01148	0.85465	0.00717	0.01482	0.01052	0.00908	0.00574	0.00669	0.00478	0.00383	0.00335	0.00096	0.00669	0.00239	0.00191	0.00430
184	0.89577	0.00718	0.00546	0.00488	0.00718	0.00833	0.00402	0.01091	0.00632	0.01665	0.00517	0.00603	0.00402	0.00345	0.00230	0.00115	0.00287	0.00201	0.00230	0.00402
185	0.00923	0.00797	0.00839	0.00755	0.00965	0.00923	0.00588	0.01972	0.83969	0.01553	0.01511	0.01385	0.01133	0.00504	0.00378	0.00126	0.00294	0.00420	0.00378	0.00588
186	0.00701	0.00660	0.01113	0.86063	0.02556	0.00825	0.01031	0.00948	0.00742	0.00948	0.00660	0.00990	0.00495	0.00371	0.00371	0.00124	0.00495	0.00330	0.00165	0.00412
187	0.00525	0.00379	0.00496	0.00467	0.00555	0.00350	0.00350	0.00700	0.01051	0.01488	0.84444	0.02773	0.03502	0.00759	0.00438	0.00117	0.00175	0.00671	0.00409	0.00350
188	0.00945	0.00792	0.00840	0.00753	0.00965	0.00912	0.00586	0.01968	0.81491	0.04044	0.01509	0.01381	0.01127	0.00502	0.00378	0.00126	0.00294	0.00418	0.00380	0.00589
189	0.00992	0.87178	0.01945	0.00635	0.00953	0.01469	0.00635	0.01111	0.00754	0.00873	0.00516	0.00595	0.00476	0.00318	0.00238	0.00079	0.00397	0.00198	0.00159	0.00476
190	0.00798	0.14474	0.62393	0.01058	0.01551	0.00962	0.11441	0.01168	0.00791	0.01132	0.00654	0.00783	0.00483	0.00342	0.00346	0.00113	0.00536	0.00283	0.00161	0.00532
191	0.00439	0.00376	0.00376	0.00376	0.00501	0.00313	0.00282	0.00533	0.00846	0.01003	0.03760	0.03572	0.84489	0.00940	0.00439	0.00125	0.00188	0.00783	0.00345	0.00313
192	0.00452	0.00323	0.00431	0.00517	0.00538	0.00301	0.00345	0.00517	0.00711	0.00948	0.02046	0.86713	0.02455	0.01163	0.00474	0.00151	0.00215	0.01055	0.00345	0.00301
193	0.00831	0.01210	0.25798	0.10283	0.09294	0.03582	0.32107	0.01204	0.07137	0.01173	0.00802	0.03441	0.00627	0.00374	0.00393	0.00121	0.00537	0.00380	0.00195	0.00512
194	0.00546	0.00377	0.00486	0.00542	0.00589	0.00362	0.00373	0.05840	0.00786	0.03319	0.01956	0.78913	0.02297	0.01098	0.00465	0.00147	0.00230	0.00991	0.00349	0.00332
195	0.00525	0.00379	0.00496	0.00467	0.00555	0.00350	0.00350	0.00700	0.01051	0.01488	0.84444	0.02773	0.03502	0.00759	0.00438	0.00117	0.00175	0.00671	0.00409	0.00350
196	0.00770	0.00660	0.00770	0.00550	0.00880	0.00495	0.00440	0.00935	0.00770	0.01210	0.00660	0.00770	0.00550	0.00275	0.00275	0.00055	0.00275	0.00220	0.00220	0.89224
197	0.00972	0.00972	0.03164	0.06148	0.57055	0.05953	0.10270	0.08642	0.00937	0.01280	0.00712	0.00911	0.00576	0.00345	0.00374	0.00112	0.00477	0.00336	0.00200	0.00563
198	0.00801	0.00708	0.00948	0.09040	0.15142	0.00611	0.01535	0.02182	0.01859	0.01206	0.00681	0.00828	0.00560	0.00299	0.00304	0.00073	0.00330	0.00256	0.00212	0.62423
199	0.00977	0.00803	0.00808	0.00715	0.00919	0.07064	0.00562	0.10976	0.46002	0.07237	0.04386	0.01707	0.11619	0.00570	0.00389	0.00123	0.00321	0.03927	0.00364	0.00531
200	0.00786	0.00561	0.00630	0.00556	0.00693	0.05882	0.00429	0.09247	0.01120	0.10088	0.61134	0.02303	0.03732	0.00675	0.00418	0.00115	0.00245	0.00580	0.00395	0.00412
201	0.00540	0.00360	0.00405	0.00405	0.00405	0.00360	0.00225	0.00540	0.00540	0.00720	0.01170	0.02429	0.01349	0.86955	0.01889	0.00360	0.00360	0.00540	0.00225	0.00225
202	0.00837	0.00799	0.01359	0.33634	0.53921	0.00861	0.01099	0.01068	0.00807	0.01114	0.00684	0.00945	0.00553	0.00346	0.00369	0.00115	0.00461	0.00330	0.00177	0.00522
203	0.00659	0.00630	0.00803	0.00723	0.00783	0.03185	0.02210	0.00762	0.01838	0.00956	0.02660	0.13315	0.26959	0.00829	0.02198	0.00153	0.40148	0.00572	0.00251	0.00366
204	0.01645	0.00652	0.00872	0.00670	0.00957	0.00577	0.00553	0.05408	0.02156	0.80188	0.01440	0.01249	0.00909	0.00459	0.00373	0.00115	0.00320	0.00372	0.00454	0.00631
205	0.00452	0.00323	0.00431	0.00517	0.00538	0.00301	0.00345	0.00517	0.00711	0.00948	0.02046	0.86713	0.02455	0.01163	0.00474	0.00151	0.00215	0.01055	0.00345	0.00301
206	0.00701	0.00660	0.01113	0.86063	0.02556	0.00825	0.01031	0.00948	0.00742	0.00948	0.00660	0.00990	0.00495	0.00371	0.00371	0.00124	0.00495	0.00330	0.00165	0.00412
207	0.01200	0.00535	0.00669	0.00555	0.00746	0.00499	0.00434	0.01403	0.07469	0.45458	0.03334	0.01495	0.01063	0.12226	0.00555	0.00142	0.00284	0.00400	0.21032	0.00500
208	0.00443	0.00376	0.00382	0.00381	0.00504	0.00315	0.00286	0.00541	0.00857	0.01028	0.07885	0.03531	0.80349	0.00931	0.00439	0.00125	0.00187	0.00778	0.00348	0.00315
209	0.00919	0.00882	0.01507	0.02278	0.84640	0.00882	0.01139	0.01139	0.00845	0.01213	0.00698	0.00919	0.00588	0.00331	0.00367	0.00110	0.00441	0.00331	0.00184	0.00588
210	0.00488	0.00356	0.00467	0.00543	0.00593	0.00335	0.00402	0.00583	0.00764	0.00996	0.02229	0.55638	0.12139	0.01101	0.00480	0.00153	0.00245	0.21831	0.00344	0.00313
211	0.00645	0.00322	0.00484	0.00484	0.00484	0.00322	0.00322	0.00484	0.00484	0.00645	0.00645	0.01128	0.00645	0.01289	0.01451	0.89201	0.00322	0.00322	0.00161	0.00161
212	0.01665	0.00632	0.00861	0.00660	0.00948	0.00546	0.00546	0.01809	0.01062	0.84897	0.01464	0.01263	0.00919	0.00459	0.00373	0.00115	0.00316	0.00373	0.00459	0.00632
213	0.00904	0.01015	0.02060	0.01579	0.08690	0.03932	0.71401	0.02314	0.00890	0.01197	0.00741	0.00978	0.00563	0.00318	0.00426	0.00122	0.00605	0.00418	0.00190	0.01657
214	0.00811	0.00814	0.01401	0.52159	0.11142	0.04779	0.20235	0.01062	0.00803	0.02230	0.00693	0.00974	0.00526	0.00355	0.00385	0.00121	0.00525	0.00352	0.00178	0.00456
215	0.00711	0.00670	0.01131	0.82313	0.06230	0.00827	0.01036	0.00957	0.00747	0.00960	0.00661	0.00986	0.00499	0.00369	0.00371	0.00123	0.00492	0.00330	0.00166	0.00420
216	0.10790	0.00641	0.00829	0.00643	0.00924	0.00575	0.00531	0.01734	0.01018	0.76258	0.01366	0.01195	0.00865	0.00447	0.00358	0.00115	0.00313	0.00355	0.00436	0.00608
217	0.00480	0.00378	0.00433	0.00419	0.00527	0.00331	0.00314	0.00612	0.00943	0.01233	0.42054	0.03193	0.46052	0.00854	0.00438	0.00121	0.00182	0.00730	0.00375	0.00331
218	0.00530	0.00398	0.00597	0.00597	0.00663	0.00464	0.00464	0.00663	0.00597	0.00862	0.00994	0.01458	0.00928	0.02784	0.85484	0.00597	0.00994	0.00398	0.00199	0.00331
219	0.24437	0.00667	0.00788	0.00622	0.00895	0.00640	0.00514	0.04305	0.00973	0.60615	0.01200	0.01080	0.00775	0.00429	0.00336	0.00115	0.00311	0.00327	0.00397	0.00572
220	0.01387	0.01769	0.01052	0.00956	0.01148	0.85465	0.00717	0.01482	0.01052	0.00908	0.00574	0.00669	0.00478	0.00383	0.00335	0.00096	0.00669	0.00239	0.00191	0.00430
221	0.00512	0.00384	0.00478	0.00468	0.00564	0.00349	0.00360	0.00667	0.00980	0.01331	0.56202	0.03115	0.22974	0.00831	0.00446	0.00125	0.00196	0.09291	0.00386	0.00340
222	0.00544	0.00369	0.00436	0.00444	0.00457	0.00372	0.00277	0.00572	0.00583	0.00780	0.02900	0.02539	0.01439	0.72116	0.06867	0.00352	0.00393	0.08077	0.00238	0.00245
223	0.89577	0.00718	0.00546	0.00488	0.00718	0.00833	0.00402	0.01091	0.00632	0.01665	0.00517	0.00603	0.00402	0.00345	0.00230	0.00115	0.00287	0.00201	0.00230	0.00402
224	0.00540	0.00360	0.00405	0.00405	0.00405	0.00360	0.00225	0.00540	0.00540	0.00720	0.01170	0.02429	0.01349	0.86955	0.01889	0.00360	0.00360	0.00540	0.00225	0.00225
225	0.00766	0.00656	0.00766	0.00549	0.00876	0.00493	0.00439	0.00930	0.00769	0.01207	0.00675	0.01704	0.00570	0.00285	0.00277	0.00056	0.00274	0.00229	0.00221	0.88258
226	0.89577	0.00718	0.00546	0.00488	0.00718	0.00833	0.00402	0.01091	0.00632	0.01665	0.00517	0.00603	0.00402	0.00345	0.00230	0.00115	0.00287	0.00201	0.00230	0.00402
227	0.89577	0.00718	0.00546	0.00488	0.00718	0.00833	0.00402	0.01091	0.00632	0.01665	0.00517	0.00603	0.00402	0.00345	0.00230	0.00115	0.00287	0.00201	0.00230	0.00402
228	0.00525	0.00379	0.00496	0.00467	0.00555	0.00350	0.00350	0.00700	0.01051	0.01488	0.84444	0.02773	0.03502	0.00759	0.00438	0.00117	0.00175	0.00671	0.00409	0.00350
229	0.01647	0.00640	0.00893	0.00682	0.00971	0.00555	0.02505	0.01794	0.01058	0.82914	0.01447	0.01257	0.00910	0.00456	0.00375	0.00115	0.00323	0.00375	0.00453	0.00629
230	0.00645	0.00322	0.00484	0.00484	0.00484	0.00322	0.00322	0.00484	0.00484	0.00645	0.00645	0.01128	0.00645	0.01289	0.01451	0.89201	0.00322	0.00322	0.00161	0.00161
231	0.03748	0.00634	0.00854	0.00656	0.00942	0.00552	0.00542	0.01792	0.01052	0.82925	0.01442	0.01248	0.00907	0.00457	0.00370	0.00115	0.00315	0.00369	0.00454	0.00626
232	0.00590	0.00423	0.00588	0.00671	0.00756	0.00421	0.00583	0.00756	0.00850	0.01103	0.02010	0.06639	0.04096	0.01027	0.00510	0.00169	0.00334	0.77790	0.00342	0.00340
233	0.00461	0.00329	0.00438	0.00522	0.00547	0.00309	0.00354	0.00530	0.00714	0.00950	0.02021	0.80662	0.02413	0.03181	0.00509	0.00157	0.00225	0.05034	0.00342	0.00302
234	0.00529	0.00385	0.00499	0.00469	0.00559	0.00357	0.00352	0.00714	0.02142	0.01481	0.81968	0.02768	0.04857	0.00759	0.00437	0.00117	0.00177	0.00670	0.00407	0.00353
235	0.01652	0.00629	0.00857	0.00658	0.00943	0.00543	0.00543	0.01796	0.01062	0.83933	0.02423	0.01281	0.00949	0.00463	0.00374	0.00115	0.00314	0.00377	0.00459	0.00628
236	0.00721	0.00680	0.01149	0.78439	0.10026	0.00830	0.01041	0.00966	0.00752	0.00972	0.00663	0.00983	0.00503	0.00367	0.00371	0.00122	0.00490	0.00330	0.00167	0.00428
237	0.00449	0.00376	0.00391	0.00387	0.00508	0.00318	0.00291	0.00554	0.00872	0.01063	0.13816	0.03473	0.74396	0.00917	0.00439	0.00124	0.00186	0.00769	0.00353	0.00318
238	0.00692	0.00346	0.00346	0.00346	0.00432	0.00346	0.00259	0.00865	0.00778	0.01384	0.01211	0.01384	0.00951	0.00432	0.00259	0.00086	0.00173	0.00346	0.89016	0.00346
239	0.00876	0.01001	0.02190	0.01564	0.01940	0.00939	0.83292	0.01189	0.00876	0.01189	0.00751	0.01001	0.00563	0.00313	0.00438	0.00125	0.00626	0.00438	0.00188	0.00501
240	0.00457	0.00327	0.00435	0.00514	0.00539	0.00305	0.00345	0.00529	0.00732	0.00982	0.07303	0.81357	0.02522	0.01137	0.00471	0.00149	0.00213	0.01031	0.00349	0.00305
241	0.00530	0.00398	0.00597	0.00597	0.00663	0.00464	0.00464	0.00663	0.00597	0.00862	0.00994	0.01458	0.00928	0.02784	0.85484	0.00597	0.00994	0.00398	0.00199	0.00331
