[name]
unknown

[dist]
# distance from previous block
# <min> <max>
0	17

[block]
# block no. 0 follows, 69 sequences, length 69
# corresponding to MSA columns:
# 17-63,66-87
name=unknown_A
#
# <colnr> <probs for GDERKNQSTAVLIFYWHMCP>
#	G	D	E	R	K	N	Q	S	T	A	V	L	I	F	Y	W	H	M	C	P
0	0.00632	0.00451	0.00632	0.00722	0.00812	0.00451	0.00632	0.00812	0.00902	0.01173	0.02076	0.04422	0.02256	0.01083	0.00541	0.00180	0.00361	0.81138	0.00361	0.00361
1	0.01464	0.01868	0.01111	0.01010	0.01212	0.84648	0.00757	0.01565	0.01111	0.00959	0.00606	0.00707	0.00505	0.00404	0.00353	0.00101	0.00707	0.00252	0.00202	0.00454
2	0.00551	0.00401	0.00519	0.00489	0.00583	0.00368	0.00367	0.00732	0.01101	0.01551	0.80276	0.02963	0.07006	0.00809	0.00462	0.00124	0.00186	0.00714	0.00429	0.00368
3	0.00480	0.00344	0.00460	0.00548	0.00573	0.00324	0.00368	0.00551	0.00747	0.00998	0.02127	0.83372	0.02543	0.01281	0.03087	0.00174	0.00253	0.01093	0.00359	0.00319
4	0.00539	0.00400	0.00501	0.00476	0.00576	0.00363	0.00357	0.00708	0.01071	0.01481	0.69386	0.03079	0.17940	0.00836	0.00463	0.00125	0.00187	0.00730	0.00420	0.00363
5	0.00560	0.00419	0.00625	0.00625	0.00694	0.00487	0.00484	0.00697	0.00629	0.00907	0.01054	0.01564	0.00991	0.04889	0.82734	0.00624	0.01034	0.00424	0.00211	0.00347
6	0.01466	0.03522	0.02683	0.00921	0.01195	0.32560	0.00743	0.39498	0.03511	0.08834	0.00869	0.00890	0.00638	0.00443	0.00374	0.00111	0.00526	0.00316	0.00319	0.00580
7	0.85720	0.03947	0.00631	0.00521	0.00767	0.00904	0.00434	0.01153	0.00672	0.01728	0.00546	0.00637	0.00427	0.00363	0.00243	0.00120	0.00308	0.00212	0.00240	0.00427
8	0.00964	0.03553	0.04061	0.04028	0.04877	0.04661	0.02233	0.01172	0.02791	0.10254	0.00805	0.00896	0.00628	0.00335	0.00321	0.00079	0.00355	0.00272	0.00253	0.57463
9	0.88991	0.00758	0.00576	0.00516	0.00758	0.00879	0.00425	0.01152	0.00667	0.01759	0.00546	0.00637	0.00425	0.00364	0.00243	0.00121	0.00303	0.00212	0.00243	0.00425
10	0.01168	0.00828	0.00914	0.00785	0.01029	0.00915	0.00621	0.09679	0.58811	0.17365	0.02497	0.01406	0.01133	0.00520	0.00398	0.00129	0.00325	0.00429	0.00415	0.00631
11	0.01176	0.00928	0.00989	0.00832	0.01088	0.01050	0.00663	0.30320	0.52459	0.04017	0.01364	0.01276	0.01005	0.00509	0.00396	0.00127	0.00353	0.00410	0.00399	0.00638
12	0.00965	0.00738	0.02417	0.00704	0.03301	0.00651	0.00549	0.07585	0.14228	0.11053	0.05919	0.04817	0.03825	0.00462	0.00357	0.00096	0.00308	0.00384	0.00320	0.41320
13	0.13689	0.20573	0.42199	0.00878	0.01313	0.01037	0.01010	0.06214	0.00877	0.04466	0.02396	0.00825	0.00583	0.00381	0.00329	0.00113	0.00472	0.00276	0.00210	0.02158
14	0.06555	0.01011	0.01063	0.00829	0.01119	0.02486	0.00681	0.65648	0.01644	0.06845	0.00972	0.00981	0.00693	0.00463	0.00374	0.00116	0.00404	0.00346	0.07144	0.00626
15	0.00568	0.00417	0.00534	0.00502	0.00600	0.00391	0.00377	0.00785	0.04154	0.01562	0.78510	0.02895	0.05624	0.00796	0.00460	0.00124	0.00190	0.00702	0.00429	0.00378
16	0.00991	0.00937	0.01503	0.15932	0.57724	0.04103	0.04855	0.05188	0.00936	0.02979	0.00755	0.00983	0.00609	0.00366	0.00391	0.00119	0.00489	0.00352	0.00207	0.00583
17	0.00885	0.00921	0.01419	0.01152	0.01235	0.03096	0.16972	0.01020	0.00677	0.01006	0.00572	0.00894	0.00530	0.00609	0.01102	0.00162	0.66758	0.00365	0.00178	0.00449
18	0.01003	0.00572	0.00641	0.00569	0.00745	0.00588	0.00444	0.01449	0.25158	0.18872	0.04576	0.01575	0.04228	0.00518	0.00350	0.00113	0.00253	0.00424	0.37421	0.00503
19	0.00575	0.00451	0.00548	0.00603	0.03702	0.02274	0.00410	0.00752	0.05695	0.01232	0.25621	0.40151	0.11935	0.00964	0.00465	0.00139	0.00235	0.00856	0.03024	0.00368
20	0.00838	0.14136	0.49725	0.02547	0.01405	0.04337	0.01106	0.02077	0.05055	0.01190	0.03080	0.04316	0.02859	0.00513	0.02521	0.00134	0.03077	0.00348	0.00203	0.00531
21	0.01098	0.00923	0.03292	0.00833	0.01088	0.00997	0.03115	0.27211	0.45873	0.01844	0.01411	0.02676	0.03540	0.00525	0.00397	0.00127	0.00357	0.00431	0.03657	0.00608
22	0.00487	0.00345	0.00452	0.00534	0.00555	0.00324	0.00352	0.00548	0.00733	0.00977	0.02070	0.77826	0.02479	0.09524	0.00646	0.00181	0.00242	0.01061	0.00352	0.00311
23	0.00752	0.00708	0.01196	0.81216	0.06676	0.00874	0.01094	0.01012	0.00789	0.01015	0.00699	0.01042	0.00527	0.00390	0.00392	0.00130	0.00520	0.00348	0.00175	0.00445
24	0.00742	0.05344	0.00954	0.17381	0.02976	0.03603	0.05514	0.02577	0.04363	0.02127	0.04423	0.26401	0.02879	0.05786	0.01454	0.02820	0.07873	0.02109	0.00271	0.00404
25	0.00595	0.00482	0.00628	0.00625	0.00643	0.00553	0.00449	0.00651	0.00675	0.00927	0.01624	0.37978	0.06813	0.23372	0.01084	0.00219	0.21310	0.00763	0.00283	0.00325
26	0.00481	0.00343	0.00454	0.00541	0.00563	0.00321	0.00359	0.00547	0.00744	0.00992	0.02126	0.82806	0.02549	0.04449	0.00557	0.00168	0.00233	0.01094	0.00359	0.00315
27	0.02159	0.03361	0.35987	0.00972	0.01394	0.01062	0.01025	0.40108	0.04436	0.04436	0.00872	0.00915	0.00619	0.00428	0.00379	0.00120	0.00484	0.00326	0.00294	0.00622
28	0.00862	0.00731	0.00864	0.00666	0.03865	0.00581	0.00508	0.06204	0.00882	0.01354	0.00714	0.00827	0.00588	0.00304	0.00300	0.00064	0.00306	0.00244	0.00241	0.79897
29	0.00638	0.00535	0.00721	0.00691	0.00746	0.03255	0.00537	0.00754	0.00637	0.00906	0.00984	0.03204	0.00957	0.09661	0.58954	0.00504	0.15322	0.00429	0.00209	0.00356
30	0.00583	0.00457	0.00642	0.00640	0.00713	0.02627	0.00497	0.00722	0.00642	0.00911	0.01039	0.01519	0.00968	0.02876	0.82527	0.00617	0.01041	0.00416	0.00210	0.00353
31	0.01735	0.00706	0.00934	0.00716	0.01020	0.00634	0.00591	0.09188	0.01187	0.76678	0.01492	0.01299	0.00943	0.00484	0.00394	0.00121	0.00342	0.00391	0.00477	0.00667
32	0.00551	0.00401	0.00518	0.00489	0.00583	0.00368	0.00367	0.00732	0.01100	0.01549	0.79940	0.02967	0.07343	0.00810	0.00462	0.00124	0.00186	0.00714	0.00428	0.00368
33	0.01036	0.00811	0.00850	0.00720	0.00916	0.04736	0.00565	0.37207	0.07047	0.01775	0.11267	0.10781	0.11091	0.04277	0.00502	0.00136	0.02167	0.00544	0.03061	0.00509
34	0.06303	0.00927	0.04003	0.00775	0.01043	0.04561	0.00634	0.14109	0.42141	0.04525	0.03135	0.01210	0.00973	0.00470	0.00371	0.00116	0.00351	0.00375	0.00350	0.13626
35	0.00577	0.00419	0.00518	0.00487	0.00597	0.00384	0.00367	0.00770	0.03433	0.03395	0.63140	0.03020	0.19776	0.00825	0.00459	0.00125	0.00195	0.00718	0.00418	0.00376
36	0.05171	0.13429	0.04758	0.00883	0.01177	0.15706	0.01873	0.40372	0.08684	0.01792	0.00849	0.00885	0.00642	0.00437	0.00372	0.00113	0.01654	0.00316	0.00306	0.00583
37	0.01272	0.03050	0.23502	0.00831	0.01205	0.02518	0.00827	0.15406	0.02140	0.31373	0.02565	0.01135	0.02715	0.00446	0.00376	0.00114	0.00416	0.00352	0.00340	0.09416
38	0.00988	0.03508	0.03121	0.15890	0.33583	0.04737	0.04077	0.07056	0.09283	0.03513	0.02925	0.01058	0.00733	0.00420	0.00441	0.00122	0.05578	0.00361	0.00238	0.02367
39	0.03947	0.00645	0.00798	0.00667	0.00872	0.00643	0.03543	0.11078	0.13170	0.20005	0.29752	0.02055	0.09883	0.00638	0.00422	0.00125	0.00289	0.00543	0.00412	0.00513
40	0.00480	0.00350	0.00450	0.00526	0.00563	0.00322	0.00355	0.00554	0.00774	0.01021	0.04839	0.73176	0.11392	0.02549	0.00519	0.00159	0.00225	0.01062	0.00364	0.00320
41	0.00760	0.00821	0.11736	0.06096	0.10210	0.00674	0.12025	0.05722	0.04178	0.03316	0.01572	0.31905	0.07842	0.00738	0.00444	0.00138	0.00392	0.00676	0.00292	0.00464
42	0.01178	0.09175	0.02885	0.02383	0.05055	0.32504	0.03047	0.07782	0.24820	0.01302	0.01001	0.01068	0.02079	0.00481	0.01209	0.00120	0.01859	0.01250	0.00273	0.00531
43	0.00835	0.12530	0.63291	0.01111	0.01624	0.01008	0.09296	0.01225	0.00827	0.01194	0.00687	0.00826	0.00508	0.00373	0.00394	0.00121	0.03122	0.00298	0.00169	0.00560
44	0.00842	0.00696	0.00816	0.00584	0.00931	0.00524	0.00468	0.01016	0.00822	0.03821	0.00723	0.00829	0.00593	0.00296	0.00294	0.00060	0.00292	0.00237	0.00240	0.85916
45	0.00681	0.00340	0.00511	0.00511	0.00511	0.00340	0.00340	0.00511	0.00511	0.00681	0.00681	0.01192	0.00681	0.01362	0.01532	0.88594	0.00340	0.00340	0.00170	0.00170
46	0.00899	0.03351	0.10503	0.00850	0.01118	0.00686	0.12003	0.02970	0.08575	0.12362	0.01590	0.03853	0.09568	0.00708	0.03019	0.00148	0.00418	0.18369	0.00315	0.08696
47	0.11958	0.04151	0.04467	0.09136	0.01187	0.04316	0.00680	0.23418	0.09789	0.06471	0.00943	0.02565	0.00745	0.03601	0.05101	0.00153	0.01857	0.00348	0.00298	0.08816
48	0.00952	0.00896	0.01487	0.02183	0.72869	0.00911	0.01116	0.02915	0.02574	0.01276	0.00782	0.01054	0.00672	0.03636	0.03004	0.00143	0.02369	0.00362	0.00204	0.00595
49	0.01067	0.00826	0.00893	0.00786	0.01018	0.00933	0.00616	0.04512	0.70957	0.10221	0.02683	0.01453	0.01191	0.00529	0.00399	0.00131	0.00315	0.00439	0.00408	0.00623
50	0.01587	0.00924	0.01078	0.00848	0.02608	0.00957	0.00686	0.49095	0.01540	0.34773	0.01177	0.01098	0.00786	0.00474	0.00393	0.00119	0.00393	0.00369	0.00425	0.00666
51	0.01035	0.00493	0.00662	0.00607	0.00762	0.00443	0.00468	0.01166	0.00970	0.35292	0.14086	0.30537	0.02020	0.00825	0.00447	0.00138	0.00273	0.06231	0.03072	0.00474
52	0.00494	0.00364	0.00457	0.00505	0.00559	0.00333	0.00348	0.00586	0.00835	0.01108	0.17743	0.52559	0.16790	0.04727	0.00550	0.00157	0.00221	0.00965	0.00371	0.00327
53	0.00574	0.00406	0.00527	0.00493	0.00591	0.00372	0.00371	0.00755	0.01102	0.03112	0.79003	0.02930	0.06676	0.00803	0.00461	0.00124	0.00188	0.00708	0.00430	0.00374
54	0.00542	0.00389	0.00443	0.00452	0.00500	0.00369	0.00298	0.00596	0.00722	0.00932	0.07180	0.06988	0.23082	0.48167	0.01319	0.00274	0.00312	0.06853	0.00298	0.00283
55	0.00813	0.00697	0.00813	0.00581	0.00929	0.00523	0.00465	0.00987	0.00813	0.01277	0.00697	0.00813	0.00581	0.00290	0.00290	0.00058	0.00290	0.00232	0.00232	0.88619
56	0.88991	0.00758	0.00576	0.00516	0.00758	0.00879	0.00425	0.01152	0.00667	0.01759	0.00546	0.00637	0.00425	0.00364	0.00243	0.00121	0.00303	0.00212	0.00243	0.00425
57	0.88991	0.00758	0.00576	0.00516	0.00758	0.00879	0.00425	0.01152	0.00667	0.01759	0.00546	0.00637	0.00425	0.00364	0.00243	0.00121	0.00303	0.00212	0.00243	0.00425
58	0.01704	0.00680	0.00943	0.02288	0.01054	0.00600	0.02270	0.01884	0.03130	0.78775	0.01517	0.01326	0.00960	0.00481	0.00396	0.00122	0.00343	0.00396	0.00471	0.00659
59	0.01042	0.84379	0.04077	0.00682	0.01023	0.01535	0.00690	0.01176	0.00797	0.00930	0.00549	0.00634	0.00503	0.00336	0.00255	0.00085	0.00423	0.00212	0.00168	0.00505
60	0.00497	0.00369	0.00500	0.00565	0.00606	0.00346	0.02052	0.00593	0.02243	0.01033	0.03993	0.76810	0.06573	0.01176	0.00495	0.00156	0.00235	0.01066	0.00363	0.00330
61	0.00842	0.00714	0.00828	0.00594	0.00941	0.00552	0.00477	0.04464	0.00857	0.01328	0.00707	0.00818	0.00584	0.00298	0.00295	0.00061	0.00296	0.00237	0.00239	0.84866
62	0.00582	0.00434	0.00604	0.00602	0.00677	0.00483	0.00461	0.02382	0.01615	0.00974	0.03236	0.01977	0.06821	0.11535	0.60869	0.00517	0.00842	0.04801	0.00243	0.00347
63	0.03136	0.00430	0.00462	0.00444	0.00555	0.00432	0.00336	0.00951	0.08139	0.01485	0.23519	0.02002	0.07822	0.00593	0.00349	0.00107	0.00199	0.00494	0.48158	0.00388
64	0.02339	0.03559	0.04932	0.30983	0.29677	0.06379	0.09900	0.02921	0.00890	0.03649	0.00739	0.00977	0.00576	0.00373	0.00388	0.00122	0.00519	0.00348	0.00200	0.00529
65	0.00991	0.12335	0.30219	0.00871	0.01221	0.02822	0.03956	0.05921	0.02964	0.14327	0.11470	0.06882	0.01150	0.00514	0.00408	0.00121	0.02587	0.00419	0.00284	0.00537
66	0.00602	0.00360	0.00415	0.00452	0.00500	0.00351	0.00308	0.00708	0.00751	0.01154	0.01625	0.34569	0.01715	0.15998	0.00672	0.00170	0.00238	0.01825	0.37264	0.00324
67	0.03141	0.05931	0.01271	0.08786	0.18908	0.38269	0.03369	0.01436	0.02546	0.10230	0.00764	0.00884	0.00597	0.00400	0.00380	0.00111	0.01921	0.00306	0.00231	0.00519
68	0.47575	0.00880	0.05114	0.04412	0.04069	0.02818	0.00596	0.10193	0.02372	0.05983	0.00705	0.00787	0.00532	0.00377	0.00298	0.00113	0.00357	0.00260	0.00264	0.12296

[dist]
# distance from previous block
# <min> <max>
0	1

[block]
# block no. 1 follows, 69 sequences, length 10
# corresponding to MSA columns:
# 89-98
name=unknown_B
#
# <colnr> <probs for GDERKNQSTAVLIFYWHMCP>
#	G	D	E	R	K	N	Q	S	T	A	V	L	I	F	Y	W	H	M	C	P
0	0.42396	0.00620	0.00590	0.00523	0.00717	0.00656	0.00414	0.03821	0.00872	0.10380	0.17708	0.01713	0.13011	0.04554	0.00421	0.00135	0.00276	0.00439	0.00328	0.00426
1	0.00997	0.01133	0.00796	0.00754	0.00909	0.41003	0.00568	0.01158	0.05757	0.01050	0.03662	0.06526	0.22404	0.04327	0.00480	0.00133	0.00472	0.07181	0.00284	0.00406
2	0.02140	0.04061	0.04732	0.16537	0.08534	0.04696	0.05617	0.08683	0.02390	0.05405	0.00830	0.02812	0.00672	0.00393	0.00358	0.00102	0.00423	0.01719	0.00245	0.29653
3	0.00847	0.00816	0.05408	0.16050	0.36126	0.00778	0.06500	0.01092	0.03088	0.04742	0.04305	0.12806	0.04671	0.00533	0.00415	0.00128	0.00430	0.00498	0.00247	0.00519
4	0.00472	0.00389	0.00406	0.00418	0.00528	0.00332	0.00303	0.00561	0.00856	0.01034	0.03577	0.14216	0.68370	0.06086	0.00559	0.00151	0.00213	0.00849	0.00357	0.00324
5	0.00964	0.03042	0.02781	0.17349	0.37547	0.00911	0.03123	0.10980	0.06344	0.03352	0.02432	0.05657	0.00850	0.00460	0.00400	0.00124	0.00445	0.02429	0.00251	0.00559
6	0.01020	0.14993	0.03126	0.10213	0.31252	0.09497	0.09596	0.04916	0.00916	0.02515	0.00734	0.02769	0.00619	0.00403	0.00429	0.00117	0.05797	0.00345	0.00204	0.00539
7	0.00576	0.00389	0.00495	0.00495	0.00516	0.00410	0.00321	0.00604	0.00583	0.00798	0.01135	0.02148	0.01232	0.54489	0.26609	0.07628	0.00577	0.00507	0.00224	0.00266
8	0.00539	0.00400	0.00502	0.00476	0.00576	0.00363	0.00357	0.00708	0.01071	0.01481	0.69478	0.03078	0.17847	0.00835	0.00463	0.00125	0.00187	0.00730	0.00420	0.00363
9	0.00996	0.00885	0.04411	0.34118	0.16146	0.00939	0.04906	0.20195	0.02867	0.04264	0.00836	0.01048	0.00633	0.00556	0.05378	0.00154	0.00520	0.00361	0.00247	0.00539

[dist]
# distance from previous block
# <min> <max>
1	2

[block]
# block no. 2 follows, 69 sequences, length 25
# corresponding to MSA columns:
# 103-127
name=unknown_C
#
# <colnr> <probs for GDERKNQSTAVLIFYWHMCP>
#	G	D	E	R	K	N	Q	S	T	A	V	L	I	F	Y	W	H	M	C	P
0	0.88991	0.00758	0.00576	0.00516	0.00758	0.00879	0.00425	0.01152	0.00667	0.01759	0.00546	0.00637	0.00425	0.00364	0.00243	0.00121	0.00303	0.00212	0.00243	0.00425
1	0.88991	0.00758	0.00576	0.00516	0.00758	0.00879	0.00425	0.01152	0.00667	0.01759	0.00546	0.00637	0.00425	0.00364	0.00243	0.00121	0.00303	0.00212	0.00243	0.00425
2	0.00863	0.00717	0.01054	0.12699	0.30053	0.00745	0.00803	0.06951	0.07821	0.04693	0.07674	0.10091	0.10091	0.01944	0.00439	0.00130	0.00372	0.00519	0.01833	0.00509
3	0.00560	0.00394	0.00512	0.00517	0.00547	0.00421	0.00348	0.00621	0.00605	0.00836	0.01215	0.07144	0.01314	0.47270	0.35520	0.00468	0.00643	0.00542	0.00234	0.00288
4	0.00509	0.00392	0.00448	0.00478	0.00578	0.00345	0.00356	0.00610	0.00863	0.02522	0.04655	0.26454	0.50239	0.01055	0.00480	0.00144	0.00225	0.08946	0.00367	0.00337
5	0.88991	0.00758	0.00576	0.00516	0.00758	0.00879	0.00425	0.01152	0.00667	0.01759	0.00546	0.00637	0.00425	0.00364	0.00243	0.00121	0.00303	0.00212	0.00243	0.00425
6	0.00549	0.00379	0.00426	0.00434	0.00452	0.00369	0.00256	0.00567	0.00625	0.00818	0.01648	0.10063	0.11485	0.68405	0.01678	0.00331	0.00345	0.00649	0.00264	0.00256
7	0.03486	0.00378	0.00372	0.00370	0.00466	0.00381	0.00279	0.00921	0.00817	0.01471	0.01256	0.01436	0.00987	0.00454	0.00273	0.00092	0.00186	0.00361	0.85646	0.00367
8	0.01727	0.00719	0.00942	0.00722	0.01027	0.00653	0.00597	0.11631	0.01209	0.74205	0.01474	0.01287	0.00934	0.00483	0.00394	0.00121	0.00345	0.00389	0.00474	0.00667
9	0.88991	0.00758	0.00576	0.00516	0.00758	0.00879	0.00425	0.01152	0.00667	0.01759	0.00546	0.00637	0.00425	0.00364	0.00243	0.00121	0.00303	0.00212	0.00243	0.00425
10	0.66556	0.00751	0.00672	0.00570	0.00829	0.00826	0.00470	0.04438	0.00812	0.19784	0.00780	0.00801	0.00553	0.00395	0.00282	0.00121	0.00315	0.00257	0.00301	0.00487
11	0.00560	0.00420	0.00630	0.00630	0.00700	0.00490	0.00490	0.00700	0.00630	0.00910	0.01050	0.01540	0.00980	0.02940	0.84669	0.00630	0.01050	0.00420	0.00210	0.00350
12	0.00566	0.00398	0.00518	0.00518	0.00550	0.00429	0.00351	0.00628	0.00597	0.00827	0.01152	0.02106	0.01226	0.48893	0.39052	0.00492	0.00680	0.00503	0.00225	0.00288
13	0.45679	0.00743	0.00748	0.00614	0.00880	0.00782	0.00505	0.09129	0.00951	0.31948	0.00975	0.00950	0.00668	0.00422	0.00313	0.00120	0.00322	0.00298	0.03419	0.00534
14	0.03123	0.00995	0.01080	0.00852	0.01145	0.01092	0.00696	0.56522	0.17383	0.11294	0.01126	0.01079	0.00798	0.00482	0.00391	0.00121	0.00395	0.00372	0.00401	0.00653
15	0.14327	0.11319	0.02595	0.00904	0.07322	0.03526	0.02405	0.30918	0.01244	0.18663	0.00949	0.02554	0.00697	0.00440	0.00355	0.00115	0.00405	0.00336	0.00333	0.00590
16	0.00740	0.00676	0.01109	0.71176	0.05253	0.00827	0.01001	0.01004	0.02810	0.01027	0.00772	0.01142	0.00609	0.03697	0.03995	0.00159	0.00523	0.00363	0.02684	0.00434
17	0.00644	0.00383	0.00444	0.00429	0.00521	0.00368	0.00321	0.00828	0.00964	0.01516	0.41975	0.02187	0.02337	0.00627	0.00367	0.00107	0.00184	0.00535	0.44895	0.00368
18	0.00786	0.02028	0.84191	0.01117	0.01697	0.00910	0.01448	0.01242	0.00828	0.01242	0.00704	0.00828	0.00497	0.00372	0.00372	0.00124	0.00579	0.00290	0.00166	0.00579
19	0.00570	0.00380	0.00428	0.00428	0.00428	0.00380	0.00238	0.00570	0.00570	0.00760	0.01235	0.02566	0.01425	0.86222	0.01995	0.00380	0.00380	0.00570	0.00238	0.00238
20	0.01130	0.10876	0.40330	0.00901	0.01327	0.00856	0.02546	0.03385	0.00937	0.26967	0.00986	0.01012	0.00682	0.00472	0.02446	0.00130	0.00480	0.00324	0.03628	0.00586
21	0.00695	0.00655	0.04871	0.02274	0.02929	0.00571	0.17430	0.02137	0.02111	0.02765	0.43950	0.07661	0.04863	0.00681	0.00453	0.00128	0.00332	0.02618	0.00348	0.02530
22	0.76866	0.03967	0.00688	0.02154	0.00836	0.05452	0.00476	0.01167	0.00696	0.01648	0.00551	0.00654	0.00436	0.00375	0.00281	0.00120	0.02747	0.00221	0.00234	0.00429
23	0.10943	0.40493	0.01464	0.00784	0.02359	0.19437	0.00668	0.05256	0.09543	0.01182	0.00746	0.00812	0.01939	0.00400	0.00326	0.00102	0.02556	0.00266	0.00222	0.00501
24	0.02377	0.02513	0.02836	0.00692	0.05091	0.00576	0.00528	0.02552	0.00837	0.03645	0.00861	0.08888	0.00780	0.00395	0.00320	0.00077	0.00307	0.00329	0.00250	0.66146

[dist]
# distance from previous block
# <min> <max>
0	1

[block]
# block no. 3 follows, 69 sequences, length 29
# corresponding to MSA columns:
# 129-157
name=unknown_D
#
# <colnr> <probs for GDERKNQSTAVLIFYWHMCP>
#	G	D	E	R	K	N	Q	S	T	A	V	L	I	F	Y	W	H	M	C	P
0	0.00571	0.00427	0.00558	0.00635	0.00699	0.01947	0.00499	0.00697	0.00822	0.01073	0.02076	0.38256	0.05241	0.01268	0.06882	0.00202	0.00358	0.37100	0.00348	0.00343
1	0.02605	0.01942	0.78811	0.01087	0.01647	0.00895	0.01389	0.01269	0.00838	0.04928	0.00738	0.00846	0.00516	0.00377	0.00371	0.00124	0.00563	0.00293	0.00181	0.00580
2	0.00549	0.00401	0.00516	0.00487	0.00582	0.00368	0.00366	0.00729	0.01097	0.01542	0.78832	0.02979	0.08456	0.00813	0.00462	0.00124	0.00186	0.00716	0.00428	0.00368
3	0.01100	0.00862	0.00983	0.02589	0.01077	0.00942	0.03609	0.38322	0.22613	0.01925	0.12721	0.01595	0.07571	0.01746	0.00434	0.00128	0.00358	0.00469	0.00383	0.00572
4	0.86572	0.00768	0.00593	0.00526	0.00771	0.00889	0.00433	0.03401	0.00700	0.01779	0.00557	0.00645	0.00431	0.00367	0.00247	0.00121	0.00307	0.00216	0.00247	0.00431
5	0.04303	0.06504	0.01066	0.00853	0.05666	0.17553	0.00646	0.15897	0.05617	0.03078	0.00773	0.00853	0.00613	0.00380	0.00352	0.00092	0.02225	0.00280	0.00262	0.32988
6	0.00740	0.00697	0.01176	0.85280	0.02700	0.00871	0.01089	0.01002	0.00784	0.01002	0.00697	0.01045	0.00523	0.00392	0.00392	0.00131	0.00523	0.00348	0.00174	0.00436
7	0.00894	0.29672	0.54001	0.00991	0.03194	0.01115	0.01172	0.01231	0.00824	0.02632	0.00667	0.00775	0.00510	0.00362	0.00334	0.00111	0.00520	0.00267	0.00173	0.00557
8	0.00478	0.00341	0.00455	0.00546	0.00569	0.00318	0.00364	0.00546	0.00751	0.01001	0.02161	0.85966	0.02593	0.01228	0.00500	0.00159	0.00227	0.01114	0.00364	0.00318
9	0.15600	0.00872	0.01386	0.07180	0.36197	0.00883	0.13409	0.04300	0.00924	0.14279	0.00845	0.00989	0.00634	0.00377	0.00377	0.00121	0.00451	0.00351	0.00254	0.00571
10	0.00557	0.00376	0.00436	0.00452	0.00458	0.00372	0.00266	0.00572	0.00605	0.00806	0.01395	0.15314	0.01622	0.71390	0.01735	0.00342	0.00356	0.02435	0.00260	0.00253
11	0.00568	0.00389	0.00473	0.00473	0.00489	0.00405	0.00294	0.00599	0.00584	0.00794	0.01194	0.02336	0.01326	0.67585	0.20497	0.00436	0.00530	0.00537	0.00231	0.00263
12	0.04099	0.00731	0.00889	0.00765	0.09088	0.00591	0.00542	0.02796	0.00838	0.01322	0.00701	0.00825	0.00581	0.00303	0.00300	0.00067	0.00311	0.00246	0.00232	0.74773
13	0.80037	0.07607	0.00707	0.00536	0.00788	0.00941	0.00451	0.02952	0.00704	0.01708	0.00555	0.00643	0.00436	0.00364	0.00247	0.00118	0.00315	0.00215	0.00240	0.00436
14	0.00762	0.00599	0.00670	0.00653	0.03823	0.00612	0.00480	0.01252	0.31224	0.06442	0.10584	0.02596	0.35817	0.00751	0.00434	0.00131	0.00259	0.02052	0.00385	0.00473
15	0.13694	0.00673	0.00780	0.00673	0.03413	0.02669	0.00521	0.04155	0.04443	0.43673	0.03021	0.01262	0.00936	0.00465	0.00349	0.00115	0.00312	0.00366	0.17924	0.00558
16	0.00765	0.00719	0.01213	0.67133	0.12916	0.00859	0.02492	0.01016	0.00815	0.01072	0.05289	0.01137	0.00712	0.00413	0.00411	0.00129	0.01889	0.00370	0.00191	0.00457
17	0.88991	0.00758	0.00576	0.00516	0.00758	0.00879	0.00425	0.01152	0.00667	0.01759	0.00546	0.00637	0.00425	0.00364	0.00243	0.00121	0.00303	0.00212	0.00243	0.00425
18	0.02140	0.00655	0.00730	0.00572	0.00833	0.00589	0.00454	0.08936	0.07441	0.04169	0.00978	0.01071	0.00766	0.00380	0.00307	0.00082	0.00277	0.00302	0.24644	0.44675
19	0.01521	0.00622	0.00835	0.00660	0.00923	0.00548	0.00538	0.01702	0.03143	0.66807	0.15248	0.01606	0.01433	0.00539	0.00404	0.00121	0.00306	0.00448	0.01987	0.00611
20	0.00566	0.00401	0.00513	0.00513	0.00542	0.00429	0.00344	0.00622	0.00605	0.00831	0.01247	0.04953	0.03075	0.50273	0.31632	0.00454	0.01944	0.00536	0.00234	0.00286
21	0.09279	0.03905	0.02158	0.05120	0.32301	0.06270	0.00856	0.08305	0.00938	0.04919	0.00840	0.00988	0.03334	0.00410	0.00421	0.00112	0.06506	0.00326	0.00236	0.12776
22	0.81999	0.00773	0.00630	0.00593	0.03518	0.00891	0.00462	0.02831	0.02856	0.01754	0.00588	0.00676	0.00456	0.00370	0.00255	0.00121	0.00311	0.00226	0.00248	0.00441
23	0.00570	0.00382	0.00437	0.00437	0.00441	0.00385	0.00250	0.00576	0.00573	0.00767	0.01226	0.02517	0.01404	0.82249	0.05940	0.00392	0.00412	0.00563	0.00236	0.00243
24	0.00867	0.02814	0.08926	0.06039	0.23143	0.00833	0.20478	0.03851	0.02536	0.03145	0.16561	0.01491	0.03248	0.00482	0.00441	0.00126	0.02304	0.01937	0.00259	0.00521
25	0.00560	0.00420	0.00630	0.00630	0.00700	0.00490	0.00490	0.00700	0.00630	0.00910	0.01050	0.01540	0.00980	0.02940	0.84669	0.00630	0.01050	0.00420	0.00210	0.00350
26	0.12122	0.10420	0.15255	0.00995	0.05553	0.37942	0.00848	0.02507	0.00943	0.03838	0.00645	0.00757	0.00517	0.00405	0.00393	0.00112	0.05781	0.00266	0.00207	0.00494
27	0.01421	0.03091	0.01197	0.00966	0.05428	0.02276	0.00757	0.71530	0.04255	0.02304	0.00957	0.02313	0.00706	0.00474	0.00390	0.00118	0.00429	0.00363	0.00374	0.00651
28	0.00872	0.07561	0.50040	0.02748	0.01508	0.02608	0.05405	0.01196	0.00795	0.03881	0.00682	0.00851	0.00522	0.00441	0.00570	0.00132	0.19164	0.00309	0.00180	0.00536

[dist]
# distance from previous block
# <min> <max>
0	3

[block]
# block no. 4 follows, 69 sequences, length 8
# corresponding to MSA columns:
# 161-168
name=unknown_E
#
# <colnr> <probs for GDERKNQSTAVLIFYWHMCP>
#	G	D	E	R	K	N	Q	S	T	A	V	L	I	F	Y	W	H	M	C	P
0	0.00789	0.00742	0.01251	0.51616	0.20237	0.00857	0.04476	0.01029	0.00819	0.01106	0.04266	0.03367	0.00748	0.00435	0.00440	0.00129	0.04547	0.00389	0.02284	0.00472
1	0.01453	0.00646	0.00839	0.00669	0.00931	0.00584	0.00542	0.04638	0.06462	0.58883	0.09406	0.03926	0.05789	0.00561	0.00405	0.00122	0.00310	0.00465	0.00454	0.02916
2	0.01137	0.00620	0.00768	0.00632	0.00856	0.00582	0.00503	0.05946	0.11254	0.32427	0.25869	0.01817	0.03730	0.00577	0.00403	0.00117	0.00280	0.00486	0.03387	0.08611
3	0.04759	0.02289	0.11708	0.04460	0.23507	0.05607	0.02743	0.02602	0.07627	0.05399	0.01334	0.02917	0.11902	0.02100	0.00434	0.00126	0.01715	0.03028	0.00260	0.05483
4	0.00494	0.00361	0.00467	0.00536	0.00582	0.00334	0.00375	0.00585	0.00813	0.01076	0.10548	0.62985	0.11690	0.01149	0.00495	0.00154	0.00229	0.06426	0.00371	0.00328
5	0.01021	0.07986	0.06201	0.13980	0.15733	0.09249	0.04185	0.11500	0.06619	0.05887	0.02656	0.06899	0.04370	0.00500	0.00392	0.00122	0.00453	0.01451	0.00268	0.00528
6	0.00662	0.00492	0.00589	0.00551	0.00672	0.00481	0.00413	0.08076	0.06678	0.01437	0.36739	0.16616	0.12705	0.00887	0.02355	0.03108	0.00253	0.00696	0.02740	0.03852
7	0.01221	0.06884	0.03210	0.02896	0.04805	0.35482	0.04244	0.11410	0.03852	0.04675	0.00847	0.03176	0.02201	0.00435	0.00384	0.00106	0.02614	0.00324	0.00250	0.10983

[dist]
# distance from previous block
# <min> <max>
1	21

[block]
# block no. 5 follows, 69 sequences, length 17
# corresponding to MSA columns:
# 190-206
name=unknown_F
#
# <colnr> <probs for GDERKNQSTAVLIFYWHMCP>
#	G	D	E	R	K	N	Q	S	T	A	V	L	I	F	Y	W	H	M	C	P
0	0.10492	0.15105	0.10825	0.01832	0.05232	0.10945	0.01898	0.19233	0.08193	0.07182	0.00865	0.01978	0.00670	0.01571	0.00369	0.00116	0.00448	0.00317	0.00277	0.02452
1	0.00982	0.01195	0.23985	0.04988	0.07540	0.02008	0.03423	0.16573	0.12479	0.03177	0.02702	0.02692	0.00813	0.00477	0.00458	0.00125	0.06973	0.02642	0.00271	0.06497
2	0.00747	0.00457	0.00549	0.00508	0.00607	0.00440	0.00361	0.02420	0.05046	0.11302	0.27728	0.06003	0.07288	0.28134	0.00931	0.00206	0.00279	0.00609	0.06009	0.00377
3	0.00825	0.00623	0.00878	0.03739	0.16436	0.00669	0.00641	0.06775	0.05385	0.06709	0.06510	0.03798	0.03572	0.10784	0.24858	0.00299	0.04282	0.00460	0.02303	0.00454
4	0.02901	0.01099	0.00889	0.00796	0.00981	0.28888	0.00612	0.09144	0.24047	0.01430	0.10823	0.03347	0.01189	0.00526	0.00405	0.00117	0.03084	0.00403	0.08819	0.00498
5	0.00561	0.00418	0.00619	0.00619	0.00685	0.00484	0.00476	0.00693	0.00627	0.00902	0.01060	0.01597	0.01005	0.07530	0.80113	0.00616	0.01013	0.00428	0.00212	0.00344
6	0.00559	0.00409	0.00570	0.00568	0.00625	0.00452	0.00418	0.00668	0.00654	0.00921	0.06389	0.01929	0.03587	0.22131	0.57734	0.00526	0.00815	0.00485	0.00235	0.00325
7	0.01444	0.06087	0.01158	0.00993	0.01202	0.80505	0.00753	0.01546	0.01095	0.00958	0.00603	0.00703	0.00505	0.00401	0.00348	0.00100	0.00693	0.00250	0.00200	0.00457
8	0.88991	0.00758	0.00576	0.00516	0.00758	0.00879	0.00425	0.01152	0.00667	0.01759	0.00546	0.00637	0.00425	0.00364	0.00243	0.00121	0.00303	0.00212	0.00243	0.00425
9	0.88991	0.00758	0.00576	0.00516	0.00758	0.00879	0.00425	0.01152	0.00667	0.01759	0.00546	0.00637	0.00425	0.00364	0.00243	0.00121	0.00303	0.00212	0.00243	0.00425
10	0.40609	0.00704	0.00685	0.00569	0.00814	0.00738	0.00463	0.09823	0.00914	0.16597	0.00909	0.00954	0.00664	0.00406	0.00296	0.00110	0.00300	0.00288	0.15564	0.08592
11	0.00618	0.00437	0.00559	0.00550	0.00648	0.00419	0.00421	0.03757	0.02698	0.03087	0.48790	0.15496	0.06821	0.00916	0.01902	0.00144	0.00242	0.10394	0.01720	0.00381
12	0.00570	0.00380	0.00428	0.00428	0.00428	0.00380	0.00238	0.00570	0.00570	0.00760	0.01235	0.02566	0.01425	0.86222	0.01995	0.00380	0.00380	0.00570	0.00238	0.00238
13	0.00715	0.00447	0.00567	0.00527	0.00652	0.00410	0.00401	0.00904	0.03829	0.12701	0.49218	0.10476	0.14491	0.00821	0.00456	0.00129	0.00219	0.02209	0.00421	0.00409
14	0.05989	0.52200	0.05525	0.00769	0.01079	0.20961	0.00710	0.04240	0.00904	0.01060	0.00586	0.00674	0.00507	0.00358	0.00287	0.00092	0.00484	0.00230	0.00190	0.03156
15	0.04287	0.00687	0.00896	0.00693	0.00988	0.00616	0.00570	0.05873	0.02725	0.70022	0.04244	0.01331	0.01022	0.00485	0.00388	0.00119	0.00331	0.00392	0.00460	0.03870
16	0.02560	0.26489	0.19839	0.01007	0.06401	0.06244	0.04255	0.17479	0.01031	0.02643	0.00722	0.02022	0.00582	0.00417	0.00411	0.00113	0.06704	0.00303	0.00226	0.00551

[dist]
# distance from previous block
# <min> <max>
1	5

[block]
# block no. 6 follows, 69 sequences, length 16
# corresponding to MSA columns:
# 213-228
name=unknown_G
#
# <colnr> <probs for GDERKNQSTAVLIFYWHMCP>
#	G	D	E	R	K	N	Q	S	T	A	V	L	I	F	Y	W	H	M	C	P
0	0.09525	0.11387	0.01162	0.00913	0.01138	0.61003	0.00710	0.04165	0.04586	0.01108	0.00647	0.00732	0.00532	0.00400	0.00335	0.00103	0.00610	0.00255	0.00217	0.00471
1	0.00607	0.00456	0.00569	0.00531	0.00640	0.00445	0.00401	0.00907	0.11313	0.01581	0.73365	0.02746	0.03388	0.00768	0.00454	0.00125	0.00201	0.00676	0.00427	0.00401
2	0.00843	0.05247	0.61116	0.03090	0.03293	0.00956	0.10140	0.03180	0.06108	0.01279	0.00770	0.00895	0.00559	0.00379	0.00380	0.00124	0.00558	0.00319	0.00190	0.00573
3	0.00537	0.00414	0.00492	0.00470	0.00581	0.00377	0.00353	0.00724	0.03820	0.01396	0.53040	0.03173	0.31470	0.00859	0.00461	0.00127	0.00194	0.00741	0.00407	0.00365
4	0.00481	0.00345	0.00456	0.00540	0.00568	0.00321	0.00362	0.00554	0.00769	0.01026	0.05635	0.80301	0.04779	0.01204	0.00498	0.00157	0.00225	0.01090	0.00367	0.00321
5	0.04407	0.00689	0.00911	0.00701	0.01003	0.00613	0.00579	0.05355	0.01139	0.78028	0.01490	0.01296	0.00941	0.00481	0.00390	0.00121	0.00337	0.00387	0.00474	0.00660
6	0.00925	0.00957	0.10792	0.25756	0.03600	0.00969	0.00905	0.13029	0.22914	0.01408	0.00973	0.01121	0.00745	0.00597	0.04779	0.00158	0.09200	0.00371	0.00267	0.00534
7	0.00561	0.00416	0.00611	0.00611	0.00675	0.00480	0.00466	0.00688	0.00624	0.00896	0.01067	0.01636	0.01022	0.10719	0.76947	0.00607	0.00988	0.00434	0.00213	0.00340
8	0.05810	0.09857	0.13756	0.02900	0.08447	0.03795	0.03607	0.13599	0.12364	0.10166	0.04448	0.01182	0.01620	0.00454	0.00370	0.00118	0.00417	0.02017	0.02903	0.02170
9	0.07626	0.27548	0.35886	0.00922	0.01337	0.04515	0.06676	0.01244	0.03614	0.02620	0.02261	0.00899	0.02499	0.00388	0.00336	0.00112	0.00491	0.00297	0.00199	0.00529
10	0.00941	0.13754	0.16982	0.02692	0.13678	0.01977	0.05673	0.03375	0.03305	0.04461	0.00747	0.00874	0.00592	0.00359	0.00367	0.00099	0.02962	0.00293	0.00218	0.26652
11	0.00684	0.00552	0.00664	0.00674	0.04965	0.00544	0.00473	0.03998	0.17168	0.01350	0.19176	0.24443	0.13987	0.00807	0.00438	0.00129	0.00256	0.00706	0.00365	0.08621
12	0.01060	0.49233	0.10435	0.00865	0.05163	0.08657	0.02815	0.05164	0.00897	0.03749	0.02099	0.02974	0.00653	0.00399	0.00331	0.00100	0.02382	0.00286	0.02222	0.00515
13	0.00654	0.04833	0.00625	0.00521	0.00644	0.00472	0.00402	0.00871	0.05386	0.05268	0.56321	0.04249	0.10549	0.00842	0.03554	0.00141	0.00244	0.00651	0.03375	0.00398
14	0.02575	0.10889	0.09147	0.03089	0.03890	0.03775	0.02902	0.12225	0.02082	0.06599	0.06262	0.01236	0.02671	0.03610	0.00427	0.00112	0.01556	0.02730	0.00272	0.23950
15	0.04526	0.21737	0.04195	0.00706	0.00919	0.04422	0.03502	0.05330	0.05790	0.05842	0.00951	0.03700	0.00846	0.10500	0.10903	0.00203	0.04582	0.00368	0.06872	0.04107

[dist]
# distance from previous block
# <min> <max>
0	15

[block]
# block no. 7 follows, 69 sequences, length 32
# corresponding to MSA columns:
# 245-255,259-279
name=unknown_H
#
# <colnr> <probs for GDERKNQSTAVLIFYWHMCP>
#	G	D	E	R	K	N	Q	S	T	A	V	L	I	F	Y	W	H	M	C	P
0	0.12152	0.12601	0.08634	0.04673	0.06241	0.04035	0.01884	0.06990	0.02613	0.08188	0.03717	0.08059	0.05293	0.00525	0.00402	0.00118	0.04279	0.01847	0.01432	0.06317
1	0.06767	0.06219	0.01135	0.07308	0.17979	0.04205	0.04348	0.01251	0.00904	0.17084	0.02712	0.01194	0.00805	0.00417	0.00359	0.00107	0.00394	0.04621	0.01865	0.20324
2	0.01702	0.00691	0.00919	0.00703	0.01009	0.00607	0.00580	0.05998	0.01145	0.76079	0.01477	0.01290	0.00937	0.00476	0.00389	0.00118	0.00337	0.00385	0.00469	0.04692
3	0.01749	0.00683	0.00920	0.00705	0.01009	0.00600	0.00582	0.04863	0.01149	0.81059	0.01524	0.01320	0.00959	0.00485	0.00394	0.00121	0.00337	0.00393	0.00482	0.00667
4	0.00786	0.00473	0.00597	0.00531	0.00673	0.00436	0.00410	0.03589	0.02268	0.15334	0.55210	0.02641	0.12125	0.00748	0.00444	0.00123	0.00221	0.00647	0.02315	0.00428
5	0.00523	0.00398	0.00481	0.00463	0.00567	0.00356	0.00346	0.00678	0.01031	0.01392	0.55730	0.05237	0.29621	0.00874	0.00464	0.00127	0.00190	0.00757	0.00408	0.00356
6	0.02798	0.00469	0.00648	0.02157	0.02807	0.00527	0.00500	0.00688	0.00711	0.01006	0.02777	0.40186	0.04430	0.02986	0.21866	0.00280	0.12170	0.02353	0.00287	0.00355
7	0.00782	0.00505	0.00589	0.11318	0.01807	0.00543	0.00460	0.05306	0.09125	0.01451	0.03041	0.01571	0.04266	0.00499	0.00327	0.00107	0.00260	0.02432	0.55193	0.00417
8	0.01050	0.02857	0.03821	0.05612	0.44913	0.05987	0.03085	0.12144	0.11079	0.01430	0.00849	0.01001	0.00676	0.00404	0.00417	0.00120	0.03362	0.00353	0.00243	0.00596
9	0.00611	0.00459	0.01325	0.00518	0.00613	0.01650	0.00389	0.01705	0.01005	0.03373	0.57257	0.04135	0.09315	0.10704	0.03176	0.00170	0.02174	0.00670	0.00385	0.00365
10	0.84747	0.00764	0.00605	0.02732	0.00819	0.00887	0.00449	0.02957	0.00696	0.01755	0.00559	0.00654	0.00433	0.00367	0.00250	0.00121	0.00312	0.00219	0.00244	0.00430
11	0.00992	0.01052	0.08237	0.11127	0.55288	0.06009	0.01137	0.04490	0.02346	0.02654	0.00754	0.00962	0.00608	0.00377	0.00405	0.00119	0.02311	0.00341	0.00206	0.00586
12	0.88991	0.00758	0.00576	0.00516	0.00758	0.00879	0.00425	0.01152	0.00667	0.01759	0.00546	0.00637	0.00425	0.00364	0.00243	0.00121	0.00303	0.00212	0.00243	0.00425
13	0.05136	0.15506	0.01423	0.07837	0.35699	0.00975	0.03532	0.02854	0.00865	0.07625	0.02244	0.02136	0.00719	0.02309	0.02568	0.00135	0.05554	0.00349	0.01993	0.00539
14	0.01306	0.00573	0.00762	0.00618	0.00842	0.00511	0.00497	0.03092	0.01119	0.51206	0.28798	0.01862	0.01873	0.00589	0.00411	0.00121	0.00279	0.00497	0.04488	0.00555
15	0.00486	0.00362	0.00453	0.00506	0.00563	0.00329	0.00351	0.00579	0.00835	0.01099	0.14786	0.55906	0.20086	0.01114	0.00487	0.00148	0.00215	0.00992	0.00374	0.00329
16	0.00480	0.00342	0.00454	0.00542	0.00564	0.00320	0.00360	0.00547	0.00745	0.00994	0.02133	0.83468	0.02558	0.03775	0.00545	0.00166	0.00232	0.01098	0.00360	0.00316
17	0.01044	0.00806	0.00868	0.00748	0.00964	0.00894	0.00585	0.21431	0.43532	0.04975	0.04859	0.03502	0.06018	0.06334	0.00512	0.00145	0.00331	0.00475	0.01406	0.00571
18	0.85764	0.00771	0.00598	0.00530	0.00775	0.00892	0.00436	0.04151	0.00711	0.01785	0.00560	0.00648	0.00434	0.00368	0.00248	0.00121	0.00308	0.00217	0.00248	0.00434
19	0.00975	0.00735	0.00817	0.00666	0.00927	0.01960	0.00526	0.07121	0.25818	0.09869	0.06107	0.02848	0.05129	0.00484	0.00364	0.00102	0.00302	0.00398	0.03141	0.31713
20	0.00858	0.00858	0.01201	0.01029	0.01029	0.01201	0.00858	0.00943	0.00600	0.00943	0.00515	0.00858	0.00515	0.00686	0.01287	0.00172	0.85505	0.00343	0.00172	0.00429
21	0.00797	0.00676	0.00787	0.00583	0.00899	0.00529	0.00459	0.01003	0.04565	0.01263	0.00822	0.04629	0.00728	0.03491	0.00367	0.00078	0.00292	0.00293	0.00246	0.77494
22	0.00786	0.02028	0.84191	0.01117	0.01697	0.00910	0.01448	0.01242	0.00828	0.01242	0.00704	0.00828	0.00497	0.00372	0.00372	0.00124	0.00579	0.00290	0.00166	0.00579
23	0.00607	0.00408	0.00489	0.00479	0.00513	0.00418	0.00307	0.02486	0.00648	0.02133	0.03164	0.02340	0.04942	0.59238	0.16477	0.02218	0.00483	0.00542	0.01824	0.00282
24	0.02999	0.00934	0.02648	0.00747	0.00966	0.12816	0.00596	0.21531	0.18109	0.03665	0.15163	0.04567	0.09220	0.00594	0.00403	0.00120	0.00368	0.00480	0.00358	0.03715
25	0.00913	0.00698	0.00830	0.00616	0.00928	0.00574	0.00495	0.05791	0.00910	0.08395	0.06177	0.01016	0.00827	0.00407	0.01806	0.00084	0.02450	0.00290	0.00274	0.66518
26	0.04219	0.07121	0.16777	0.09360	0.12346	0.03871	0.01700	0.13227	0.03711	0.06401	0.03883	0.04968	0.03379	0.02439	0.00464	0.00129	0.04817	0.00394	0.00262	0.00532
27	0.00719	0.00513	0.00594	0.02015	0.00726	0.04461	0.00448	0.03610	0.04624	0.08720	0.03420	0.49070	0.07869	0.04494	0.01390	0.00163	0.00296	0.06119	0.00361	0.00386
28	0.02500	0.00397	0.00534	0.00635	0.02534	0.00385	0.00459	0.00653	0.00791	0.01067	0.02040	0.55821	0.02367	0.03694	0.00549	0.00170	0.00278	0.24435	0.00353	0.00338
29	0.00971	0.02191	0.05827	0.10372	0.36744	0.03852	0.08704	0.06828	0.00925	0.03401	0.00821	0.02347	0.00693	0.00444	0.00492	0.00127	0.09507	0.03324	0.01880	0.00549
30	0.05266	0.02925	0.06439	0.08669	0.20905	0.03107	0.03310	0.07652	0.03965	0.12142	0.00892	0.03010	0.00696	0.00404	0.00377	0.00109	0.01652	0.00341	0.00265	0.17873
31	0.03988	0.10695	0.06200	0.05015	0.01186	0.01792	0.04240	0.29679	0.10534	0.05624	0.03844	0.01307	0.06318	0.01987	0.00429	0.00124	0.02341	0.01706	0.00320	0.02672

[dist]
# distance from previous block
# <min> <max>
0	9

[block]
# block no. 8 follows, 69 sequences, length 6
# corresponding to MSA columns:
# 291-296
name=unknown_I
#
# <colnr> <probs for GDERKNQSTAVLIFYWHMCP>
#	G	D	E	R	K	N	Q	S	T	A	V	L	I	F	Y	W	H	M	C	P
0	0.09199	0.06610	0.04575	0.02364	0.05405	0.09178	0.00635	0.08772	0.00852	0.01202	0.02912	0.09101	0.00974	0.11653	0.12271	0.00227	0.10421	0.00428	0.00243	0.02980
1	0.02787	0.04166	0.00780	0.00711	0.04251	0.08673	0.02126	0.03974	0.00841	0.06687	0.06148	0.11242	0.06142	0.15499	0.18711	0.00274	0.00520	0.02678	0.00281	0.03507
2	0.01084	0.10146	0.10375	0.03257	0.14059	0.08421	0.08165	0.10426	0.03905	0.09909	0.00920	0.05153	0.00757	0.03038	0.00445	0.00123	0.02375	0.00374	0.00260	0.06810
3	0.10417	0.07091	0.12099	0.03025	0.09238	0.07593	0.06176	0.09985	0.03573	0.08552	0.00956	0.05030	0.03214	0.00476	0.00447	0.00122	0.07834	0.00370	0.00260	0.03541
4	0.00658	0.00475	0.00614	0.05358	0.04198	0.00453	0.00460	0.00861	0.05066	0.06961	0.36467	0.10255	0.22883	0.00818	0.00453	0.00131	0.00244	0.02856	0.00384	0.00402
5	0.00574	0.00400	0.00477	0.00480	0.00583	0.00360	0.00359	0.00707	0.00940	0.04542	0.27564	0.17173	0.31691	0.00920	0.00457	0.00133	0.00213	0.05307	0.06762	0.00358

[dist]
# distance from previous block
# <min> <max>
5	15

[block]
# block no. 9 follows, 69 sequences, length 23
# corresponding to MSA columns:
# 314-336
name=unknown_J
#
# <colnr> <probs for GDERKNQSTAVLIFYWHMCP>
#	G	D	E	R	K	N	Q	S	T	A	V	L	I	F	Y	W	H	M	C	P
0	0.04908	0.06365	0.06347	0.00917	0.02843	0.22926	0.03681	0.05231	0.07604	0.01150	0.00832	0.01062	0.01709	0.04576	0.11029	0.00198	0.16150	0.00341	0.01667	0.00464
1	0.01007	0.35173	0.35872	0.00933	0.01353	0.12110	0.03105	0.04236	0.00892	0.01125	0.00639	0.00744	0.00509	0.00365	0.00325	0.00105	0.00530	0.00260	0.00180	0.00535
2	0.02173	0.05648	0.11512	0.04127	0.19334	0.03761	0.05674	0.08886	0.09676	0.03961	0.03123	0.04223	0.01951	0.01203	0.01324	0.00134	0.10883	0.00392	0.00252	0.01763
3	0.05147	0.08788	0.12216	0.02182	0.05418	0.14479	0.10624	0.15303	0.04486	0.06341	0.03892	0.03330	0.04047	0.00469	0.00383	0.00118	0.00484	0.01485	0.00273	0.00535
4	0.00742	0.00696	0.01173	0.80244	0.05132	0.00862	0.01075	0.00999	0.00783	0.01008	0.00708	0.01057	0.00539	0.00466	0.02871	0.00145	0.00536	0.00351	0.00176	0.00439
5	0.00712	0.00571	0.00785	0.07190	0.14164	0.03048	0.01777	0.03222	0.00872	0.04761	0.06280	0.36768	0.09508	0.03814	0.00510	0.00149	0.00326	0.04810	0.00321	0.00412
6	0.00879	0.03035	0.09157	0.11054	0.12841	0.04443	0.08605	0.02421	0.02188	0.09171	0.07355	0.14349	0.06387	0.00614	0.00453	0.00131	0.03374	0.02777	0.00281	0.00484
7	0.00566	0.00380	0.00436	0.00440	0.00444	0.00381	0.00252	0.00574	0.00580	0.00776	0.01268	0.06103	0.01459	0.79525	0.04963	0.00380	0.00398	0.00588	0.00242	0.00245
8	0.00569	0.00411	0.00550	0.00631	0.00691	0.00405	0.00490	0.00724	0.03890	0.01094	0.02069	0.43100	0.02348	0.04069	0.00567	0.00175	0.00296	0.37214	0.00360	0.00346
9	0.02255	0.00850	0.02829	0.43893	0.25236	0.03369	0.03639	0.02958	0.04078	0.02573	0.01607	0.01037	0.00620	0.00399	0.00417	0.00126	0.03047	0.00354	0.00204	0.00509
10	0.02976	0.11979	0.09741	0.00878	0.04390	0.04578	0.03885	0.10262	0.01761	0.12166	0.01025	0.05573	0.00893	0.03367	0.14159	0.00214	0.07057	0.04326	0.00271	0.00500
11	0.00704	0.00429	0.00485	0.00475	0.00592	0.00401	0.00359	0.03997	0.00908	0.07625	0.06229	0.15263	0.27063	0.00808	0.00428	0.01870	0.00227	0.04423	0.27337	0.00379
12	0.00552	0.00364	0.00479	0.00547	0.00586	0.00339	0.00371	0.00623	0.00763	0.05174	0.02090	0.72620	0.03638	0.07143	0.00600	0.00173	0.00246	0.02997	0.00361	0.00332
13	0.08190	0.00869	0.05145	0.10250	0.14587	0.00876	0.08134	0.07260	0.21045	0.06278	0.01278	0.02925	0.06807	0.00502	0.00416	0.00129	0.02231	0.02240	0.00295	0.00544
14	0.00938	0.00903	0.03674	0.10020	0.62395	0.00880	0.02366	0.02420	0.00891	0.02789	0.00805	0.04272	0.00690	0.00389	0.00389	0.00117	0.00456	0.00374	0.00208	0.05025
15	0.00896	0.04803	0.00687	0.00603	0.00736	0.00490	0.00456	0.01040	0.04167	0.24205	0.03562	0.42007	0.05403	0.03976	0.00508	0.00151	0.00281	0.05203	0.00386	0.00438
16	0.81303	0.02357	0.04905	0.00554	0.00816	0.00895	0.00485	0.01174	0.02160	0.01715	0.00573	0.00661	0.00444	0.00367	0.00252	0.00121	0.00320	0.00220	0.00240	0.00437
17	0.00481	0.00343	0.00454	0.00541	0.00563	0.00321	0.00359	0.00547	0.00744	0.00991	0.02125	0.82752	0.02548	0.04504	0.00558	0.00168	0.00233	0.01094	0.00359	0.00315
