[name]
unknown

[dist]
# distance from previous block
# <min> <max>
7	257

[block]
# block no. 0 follows, 67 sequences, length 12
# corresponding to MSA columns:
# 293-304
name=unknown_A
#
# <colnr> <probs for GDERKNQSTAVLIFYWHMCP>
#	G	D	E	R	K	N	Q	S	T	A	V	L	I	F	Y	W	H	M	C	P
0	0.03882	0.10007	0.12411	0.02771	0.09978	0.06118	0.00780	0.08127	0.07519	0.11406	0.02924	0.01285	0.08586	0.00470	0.00371	0.00112	0.00411	0.00375	0.00290	0.12178
1	0.02377	0.17192	0.04438	0.04753	0.04284	0.13580	0.04008	0.11874	0.05785	0.01290	0.02610	0.18033	0.01081	0.00607	0.00454	0.00126	0.06256	0.00486	0.00271	0.00495
2	0.05017	0.52815	0.15243	0.00743	0.01086	0.01249	0.00770	0.01174	0.00813	0.04701	0.00790	0.00905	0.03048	0.00664	0.09328	0.00158	0.00509	0.00278	0.00200	0.00509
3	0.00771	0.04483	0.12993	0.00887	0.10914	0.00677	0.00694	0.06022	0.07227	0.02721	0.31964	0.06163	0.11514	0.00676	0.00433	0.00127	0.00325	0.00582	0.00345	0.00482
4	0.00705	0.01097	0.31527	0.04788	0.07386	0.00661	0.00880	0.01004	0.03642	0.02872	0.11979	0.08423	0.22076	0.00670	0.00429	0.00132	0.00391	0.00568	0.00287	0.00481
5	0.35650	0.07787	0.04305	0.02736	0.00989	0.07148	0.00597	0.08016	0.09592	0.09285	0.02651	0.07882	0.00860	0.00495	0.00337	0.00124	0.00373	0.00367	0.00301	0.00505
6	0.04780	0.00896	0.01515	0.14229	0.11158	0.05459	0.30852	0.01192	0.02168	0.06317	0.03791	0.06937	0.03597	0.00561	0.03140	0.00149	0.02031	0.00476	0.00247	0.00504
7	0.00510	0.00387	0.00525	0.00570	0.00625	0.00362	0.02950	0.00594	0.00781	0.01025	0.02346	0.62077	0.14822	0.05034	0.05206	0.00194	0.00296	0.01010	0.00353	0.00333
8	0.02314	0.01314	0.30363	0.17609	0.20014	0.05069	0.04864	0.04372	0.00912	0.01260	0.00953	0.03154	0.05179	0.00439	0.00399	0.00127	0.00525	0.00380	0.00208	0.00545
9	0.00992	0.34088	0.20371	0.02922	0.01394	0.08541	0.14031	0.01234	0.00884	0.02803	0.00815	0.03759	0.00718	0.00438	0.00362	0.00115	0.00523	0.05286	0.00205	0.00519
10	0.00936	0.08155	0.07670	0.09701	0.20204	0.00940	0.13073	0.09034	0.00970	0.03387	0.03277	0.08256	0.04787	0.00528	0.00473	0.00130	0.05908	0.01788	0.00251	0.00531
11	0.00560	0.00405	0.00483	0.00494	0.00595	0.00363	0.00361	0.00672	0.00902	0.04921	0.16011	0.26704	0.38674	0.01152	0.05659	0.00173	0.00269	0.00864	0.00379	0.00358

[dist]
# distance from previous block
# <min> <max>
11	25

[block]
# block no. 1 follows, 67 sequences, length 20
# corresponding to MSA columns:
# 337-356
name=unknown_B
#
# <colnr> <probs for GDERKNQSTAVLIFYWHMCP>
#	G	D	E	R	K	N	Q	S	T	A	V	L	I	F	Y	W	H	M	C	P
0	0.06600	0.47555	0.12901	0.00917	0.05913	0.01301	0.05411	0.04363	0.07326	0.03286	0.00731	0.00814	0.00595	0.00376	0.00315	0.00105	0.00450	0.00278	0.00215	0.00549
1	0.01076	0.07456	0.01717	0.01684	0.31858	0.05987	0.24555	0.10194	0.01042	0.04030	0.00882	0.02679	0.00736	0.00420	0.00416	0.00124	0.00529	0.03796	0.00241	0.00578
2	0.00727	0.00784	0.11601	0.00830	0.01029	0.00635	0.12924	0.02366	0.02693	0.02354	0.04103	0.16748	0.05390	0.11786	0.08389	0.05283	0.05049	0.00575	0.00264	0.06467
3	0.01021	0.18375	0.31611	0.01148	0.11132	0.01043	0.06581	0.08028	0.03129	0.07303	0.03418	0.00971	0.00707	0.00400	0.00369	0.00116	0.00491	0.00328	0.00236	0.03594
4	0.00950	0.14760	0.27723	0.01375	0.10222	0.02911	0.28990	0.04183	0.00925	0.01262	0.00768	0.02717	0.00609	0.00381	0.00398	0.00123	0.00573	0.00370	0.00198	0.00562
5	0.00830	0.00518	0.00636	0.00574	0.00724	0.00488	0.00443	0.09267	0.01125	0.14047	0.36436	0.12857	0.16902	0.00831	0.00462	0.00133	0.00250	0.02612	0.00423	0.00442
6	0.00758	0.04538	0.01128	0.56155	0.08391	0.02508	0.00944	0.00973	0.00820	0.01047	0.02686	0.06274	0.07153	0.00572	0.01779	0.02703	0.00482	0.00440	0.00212	0.00438
7	0.03970	0.05728	0.25919	0.02419	0.13096	0.06458	0.08383	0.10668	0.07470	0.06211	0.02864	0.03370	0.00776	0.00440	0.00391	0.00124	0.00500	0.00372	0.00258	0.00581
8	0.00777	0.00568	0.00715	0.00731	0.07246	0.00565	0.00508	0.02730	0.16310	0.07601	0.40829	0.05923	0.12394	0.00743	0.00450	0.00130	0.00256	0.00646	0.00408	0.00468
9	0.00573	0.00405	0.00531	0.00537	0.00570	0.00435	0.00366	0.00641	0.00622	0.00861	0.01237	0.07213	0.01328	0.43845	0.38577	0.00489	0.00684	0.00549	0.00238	0.00299
10	0.05351	0.31803	0.30416	0.00978	0.05058	0.06170	0.03026	0.02888	0.05684	0.04105	0.00740	0.00828	0.00578	0.00382	0.00335	0.00111	0.00497	0.00282	0.00208	0.00557
11	0.00950	0.11134	0.09411	0.14408	0.26301	0.05998	0.12777	0.02541	0.05127	0.01220	0.00935	0.02431	0.04176	0.00419	0.00394	0.00122	0.00510	0.00384	0.00215	0.00547
12	0.00570	0.00385	0.00514	0.00558	0.00605	0.00386	0.00393	0.00665	0.00753	0.02810	0.05108	0.45268	0.02059	0.10944	0.18908	0.00287	0.00435	0.03155	0.05858	0.00338
13	0.00708	0.00661	0.00794	0.00763	0.00796	0.06481	0.00581	0.00786	0.00737	0.00992	0.01540	0.39337	0.06581	0.04575	0.00867	0.00171	0.32234	0.00740	0.00281	0.00375
14	0.05795	0.13346	0.26514	0.01218	0.18195	0.05469	0.01013	0.09455	0.03790	0.04398	0.06421	0.01031	0.00815	0.00422	0.00369	0.00118	0.00476	0.00336	0.00244	0.00574
15	0.00709	0.00641	0.00895	0.21518	0.15758	0.02875	0.00721	0.00946	0.06152	0.01170	0.07978	0.12583	0.21628	0.00797	0.03741	0.00154	0.00391	0.00611	0.00291	0.00442
16	0.00582	0.00395	0.00468	0.00468	0.00478	0.00405	0.00281	0.00603	0.00592	0.00800	0.01236	0.02471	0.01391	0.73764	0.14091	0.00426	0.00489	0.00561	0.00239	0.00260
17	0.00891	0.00786	0.00985	0.02395	0.11709	0.02023	0.01870	0.04244	0.00890	0.01344	0.00728	0.00864	0.00601	0.00317	0.00320	0.00073	0.00343	0.00264	0.00237	0.69115
18	0.00645	0.00493	0.00583	0.03041	0.00704	0.03507	0.00429	0.01906	0.05407	0.02582	0.03325	0.38545	0.01912	0.22625	0.07970	0.00255	0.01597	0.03807	0.00318	0.00350
19	0.00878	0.16066	0.05688	0.01882	0.00925	0.00824	0.00613	0.10531	0.07361	0.04988	0.03244	0.08929	0.01215	0.10050	0.18890	0.00267	0.00538	0.06361	0.00287	0.00462

[dist]
# distance from previous block
# <min> <max>
0	2

[block]
# block no. 2 follows, 67 sequences, length 14
# corresponding to MSA columns:
# 359-372
name=unknown_C
#
# <colnr> <probs for GDERKNQSTAVLIFYWHMCP>
#	G	D	E	R	K	N	Q	S	T	A	V	L	I	F	Y	W	H	M	C	P
0	0.00713	0.00659	0.02825	0.00903	0.01092	0.00596	0.25217	0.03911	0.00909	0.03368	0.05812	0.33207	0.14149	0.04035	0.00540	0.00154	0.00385	0.00785	0.00319	0.00421
1	0.00697	0.00348	0.00522	0.00522	0.00522	0.00348	0.00348	0.00522	0.00522	0.00697	0.00697	0.01219	0.00697	0.01393	0.01567	0.88332	0.00348	0.00348	0.00174	0.00174
2	0.00860	0.00732	0.00836	0.00723	0.00911	0.05805	0.07841	0.06753	0.24333	0.01484	0.09807	0.03842	0.16390	0.00661	0.01511	0.00131	0.00334	0.00537	0.16026	0.00483
3	0.03072	0.03183	0.02463	0.11685	0.10698	0.10267	0.00718	0.05043	0.02938	0.12040	0.05470	0.08851	0.11844	0.00662	0.00427	0.00133	0.00405	0.09298	0.00318	0.00486
4	0.00681	0.00710	0.07603	0.07400	0.01179	0.00690	0.12706	0.00879	0.00722	0.01026	0.01001	0.06245	0.00926	0.01914	0.47156	0.00423	0.07656	0.00455	0.00213	0.00415
5	0.00625	0.00411	0.00493	0.00506	0.00607	0.00363	0.00364	0.00721	0.00882	0.09506	0.08194	0.36471	0.34359	0.03918	0.00535	0.00153	0.00234	0.00903	0.00385	0.00368
6	0.06888	0.06116	0.04465	0.02437	0.17009	0.25717	0.03133	0.12356	0.13784	0.01433	0.00881	0.02467	0.00707	0.00437	0.00375	0.00117	0.00513	0.00341	0.00264	0.00558
7	0.07007	0.04123	0.01967	0.00632	0.00732	0.05143	0.00486	0.03371	0.00771	0.01083	0.03587	0.21497	0.01463	0.09303	0.27828	0.04650	0.00585	0.05133	0.00273	0.00364
8	0.00819	0.11203	0.51421	0.01026	0.01470	0.02859	0.07177	0.01167	0.00834	0.01188	0.00849	0.06270	0.00711	0.00669	0.07961	0.00170	0.00593	0.00367	0.02714	0.00533
9	0.00524	0.00399	0.00545	0.00586	0.00647	0.00370	0.03551	0.00618	0.00809	0.01060	0.04732	0.56665	0.14484	0.05975	0.00594	0.00171	0.00264	0.07310	0.00360	0.00336
10	0.01131	0.11581	0.15788	0.00985	0.01313	0.13237	0.10912	0.21073	0.01154	0.04448	0.03303	0.02409	0.02093	0.00679	0.07969	0.00165	0.00576	0.00369	0.00267	0.00547
11	0.00916	0.00933	0.03946	0.48129	0.11338	0.09952	0.05943	0.01152	0.00863	0.04289	0.00785	0.03710	0.00632	0.00441	0.00455	0.00132	0.05320	0.00377	0.00203	0.00484
12	0.22906	0.25620	0.04414	0.00758	0.02688	0.07222	0.02564	0.07175	0.03415	0.05071	0.00940	0.11736	0.00875	0.00517	0.00338	0.00118	0.00401	0.02484	0.00264	0.00493
13	0.00907	0.08402	0.57306	0.01251	0.08118	0.07594	0.08408	0.01289	0.00881	0.01226	0.00710	0.00853	0.00528	0.00375	0.00379	0.00122	0.00588	0.00307	0.00178	0.00575

[dist]
# distance from previous block
# <min> <max>
0	21

[block]
# block no. 3 follows, 67 sequences, length 15
# corresponding to MSA columns:
# 399-413
name=unknown_D
#
# <colnr> <probs for GDERKNQSTAVLIFYWHMCP>
#	G	D	E	R	K	N	Q	S	T	A	V	L	I	F	Y	W	H	M	C	P
0	0.00749	0.07998	0.00760	0.00656	0.05744	0.02862	0.01987	0.02395	0.00706	0.03966	0.01165	0.04862	0.01262	0.58213	0.02845	0.00307	0.00416	0.00523	0.00248	0.02334
1	0.05188	0.12347	0.27979	0.01079	0.07521	0.02070	0.09861	0.05341	0.05226	0.09699	0.03235	0.04145	0.02669	0.00452	0.00383	0.00122	0.00476	0.00382	0.00257	0.01568
2	0.00935	0.00967	0.05090	0.08350	0.32523	0.05670	0.07135	0.03259	0.08570	0.01282	0.05835	0.01262	0.03043	0.02734	0.01737	0.00144	0.10274	0.00408	0.00239	0.00542
3	0.00888	0.00491	0.00633	0.00568	0.00720	0.00448	0.00436	0.01083	0.04236	0.22876	0.42286	0.12172	0.09954	0.00793	0.00457	0.00131	0.00240	0.00690	0.00440	0.00458
4	0.03316	0.01881	0.63239	0.01168	0.04799	0.09877	0.04797	0.01286	0.00890	0.01267	0.03389	0.00914	0.00623	0.00396	0.00383	0.00124	0.00585	0.00314	0.00187	0.00567
5	0.02332	0.04850	0.16372	0.02327	0.12423	0.07046	0.05473	0.12612	0.12484	0.08840	0.04387	0.01104	0.00841	0.00440	0.00399	0.00120	0.01462	0.00363	0.00289	0.05835
6	0.00563	0.00440	0.00591	0.00721	0.08629	0.00416	0.00455	0.00693	0.02901	0.01132	0.10266	0.49311	0.15565	0.03624	0.00535	0.00157	0.00258	0.03013	0.00359	0.00369
7	0.00544	0.00375	0.00461	0.00500	0.00513	0.00370	0.00312	0.00581	0.00663	0.00888	0.01640	0.36542	0.01919	0.46195	0.06439	0.00312	0.00367	0.00802	0.00294	0.00284
8	0.07922	0.01008	0.01142	0.07352	0.04467	0.12346	0.07033	0.16151	0.11194	0.22400	0.01073	0.01088	0.00763	0.00453	0.00405	0.00123	0.01949	0.00364	0.00340	0.02427
9	0.00877	0.00928	0.05049	0.39136	0.26565	0.03487	0.13238	0.01148	0.00873	0.01163	0.00780	0.01132	0.00628	0.00399	0.00413	0.00130	0.00542	0.02797	0.00194	0.00521
10	0.00987	0.00490	0.00537	0.00477	0.00626	0.00485	0.00373	0.08239	0.00983	0.14967	0.01322	0.01427	0.00992	0.00473	0.00311	0.00101	0.00234	0.00377	0.66145	0.00451
11	0.00498	0.00362	0.00461	0.00528	0.00568	0.00335	0.00356	0.00574	0.00796	0.01050	0.07319	0.64946	0.12538	0.06918	0.00608	0.00173	0.00237	0.01041	0.00368	0.00325
12	0.02979	0.01013	0.06184	0.00927	0.02866	0.03097	0.07800	0.31613	0.11985	0.06392	0.01046	0.03838	0.00815	0.02039	0.02158	0.00132	0.00438	0.00388	0.00331	0.13960
13	0.27191	0.00728	0.00850	0.03334	0.12038	0.02460	0.03632	0.05192	0.03780	0.08735	0.03419	0.08349	0.17551	0.00604	0.00382	0.00129	0.00341	0.00495	0.00311	0.00479
14	0.00889	0.06101	0.13894	0.00810	0.03440	0.03926	0.00705	0.06543	0.21891	0.03815	0.18303	0.11368	0.01667	0.00625	0.00412	0.00127	0.00356	0.00528	0.02743	0.01856

[dist]
# distance from previous block
# <min> <max>
0	16

[block]
# block no. 4 follows, 67 sequences, length 21
# corresponding to MSA columns:
# 430-450
name=unknown_E
#
# <colnr> <probs for GDERKNQSTAVLIFYWHMCP>
#	G	D	E	R	K	N	Q	S	T	A	V	L	I	F	Y	W	H	M	C	P
0	0.01161	0.13311	0.03400	0.03252	0.01170	0.31873	0.03295	0.06344	0.06636	0.03501	0.00870	0.05813	0.00753	0.00595	0.05059	0.00135	0.00552	0.00345	0.00248	0.11688
1	0.02893	0.27145	0.01394	0.00862	0.01115	0.29497	0.00719	0.18287	0.01124	0.01305	0.00708	0.00829	0.00593	0.00646	0.07778	0.00153	0.03916	0.00285	0.00237	0.00515
2	0.00544	0.00392	0.00495	0.00501	0.00566	0.00364	0.00351	0.00669	0.00947	0.01303	0.45385	0.23206	0.08895	0.13712	0.00718	0.00175	0.00231	0.00814	0.00390	0.00342
3	0.06111	0.11643	0.18363	0.00911	0.03766	0.00914	0.07261	0.11561	0.00970	0.04513	0.00800	0.02176	0.00642	0.01765	0.03131	0.00126	0.01384	0.00316	0.00243	0.23403
4	0.00495	0.00362	0.00465	0.00536	0.00579	0.00332	0.00365	0.00580	0.00820	0.01087	0.10287	0.68159	0.12084	0.01186	0.00504	0.00156	0.00225	0.01066	0.00379	0.00332
5	0.00684	0.00366	0.00515	0.00515	0.00542	0.00378	0.00359	0.00625	0.00598	0.00873	0.00872	0.01349	0.00816	0.03043	0.14507	0.57625	0.00437	0.00370	0.15288	0.00239
6	0.00970	0.05578	0.10677	0.22050	0.08715	0.03501	0.07951	0.15197	0.03834	0.02972	0.00970	0.06480	0.00838	0.05946	0.00512	0.00145	0.00489	0.02399	0.00255	0.00521
7	0.00865	0.00707	0.00750	0.00736	0.03808	0.05523	0.00544	0.07963	0.23540	0.03750	0.03285	0.14875	0.16832	0.00757	0.00449	0.00136	0.01809	0.05736	0.07452	0.00482
8	0.00560	0.00418	0.00618	0.00632	0.00696	0.00475	0.00482	0.00692	0.00663	0.00945	0.01245	0.14194	0.01250	0.02745	0.71737	0.00572	0.00948	0.00536	0.00238	0.00353
9	0.00507	0.00379	0.00471	0.00508	0.00577	0.00343	0.00358	0.00617	0.00903	0.01198	0.24887	0.43545	0.22084	0.01079	0.00492	0.00146	0.00214	0.00957	0.00391	0.00343
10	0.09931	0.30747	0.07025	0.03209	0.05544	0.03993	0.00739	0.10716	0.07289	0.12227	0.02534	0.02822	0.00763	0.00435	0.00337	0.00112	0.00416	0.00324	0.00279	0.00559
11	0.00601	0.00466	0.00681	0.00666	0.00726	0.00557	0.00516	0.00729	0.00637	0.00923	0.01040	0.01590	0.00993	0.08784	0.71062	0.00585	0.08442	0.00434	0.00213	0.00357
12	0.00613	0.00510	0.00795	0.00671	0.00817	0.00469	0.12613	0.00815	0.01081	0.01497	0.61430	0.02811	0.12743	0.00771	0.00473	0.00129	0.00264	0.00702	0.00397	0.00398
13	0.00710	0.00656	0.01120	0.56474	0.02153	0.00762	0.08053	0.00932	0.00800	0.01040	0.01066	0.19584	0.01033	0.03317	0.00484	0.00148	0.00477	0.00545	0.00225	0.00421
14	0.02449	0.00812	0.01353	0.53190	0.16849	0.00927	0.08208	0.07162	0.00913	0.01225	0.00779	0.02957	0.00616	0.00413	0.00406	0.00131	0.00519	0.00382	0.00206	0.00503
15	0.01048	0.00834	0.01079	0.04898	0.24443	0.05289	0.00778	0.09148	0.15058	0.10615	0.20870	0.01588	0.01528	0.00533	0.00417	0.00124	0.00378	0.00462	0.00345	0.00566
16	0.01333	0.01566	0.01069	0.00964	0.01157	0.59045	0.00734	0.01605	0.14082	0.02950	0.05236	0.00993	0.00816	0.00477	0.00441	0.00115	0.06345	0.00324	0.00256	0.00490
17	0.01367	0.24192	0.01354	0.00884	0.01139	0.45598	0.00718	0.05344	0.03711	0.08380	0.03282	0.00865	0.00689	0.00422	0.00344	0.00103	0.00568	0.00285	0.00246	0.00511
18	0.08357	0.00491	0.00548	0.00557	0.00651	0.03144	0.00412	0.00767	0.02897	0.01211	0.18272	0.22411	0.14477	0.06883	0.13150	0.00234	0.00387	0.04452	0.00338	0.00361
19	0.00697	0.00628	0.00643	0.00577	0.00735	0.07857	0.03347	0.07976	0.01074	0.01334	0.22125	0.03021	0.46793	0.00844	0.00457	0.00129	0.00284	0.00709	0.00371	0.00397
20	0.00996	0.00848	0.00921	0.00836	0.03161	0.00946	0.00634	0.06683	0.65611	0.01662	0.01510	0.04426	0.01173	0.00539	0.00401	0.00129	0.00324	0.00451	0.00386	0.08363

[dist]
# distance from previous block
# <min> <max>
0	11

[block]
# block no. 5 follows, 67 sequences, length 18
# corresponding to MSA columns:
# 465-469,478-490
name=unknown_F
#
# <colnr> <probs for GDERKNQSTAVLIFYWHMCP>
#	G	D	E	R	K	N	Q	S	T	A	V	L	I	F	Y	W	H	M	C	P
0	0.00939	0.10369	0.33653	0.03891	0.16768	0.01004	0.15755	0.05222	0.00942	0.03061	0.04102	0.01005	0.00703	0.00391	0.00393	0.00122	0.00538	0.00356	0.00211	0.00576
1	0.07822	0.00751	0.00926	0.00721	0.01024	0.03583	0.00593	0.05390	0.01147	0.71532	0.01450	0.01275	0.00924	0.00484	0.00391	0.00123	0.00357	0.00383	0.00465	0.00658
2	0.00804	0.00682	0.01147	0.63782	0.02322	0.00802	0.05104	0.01042	0.00829	0.06785	0.00975	0.12171	0.00848	0.00516	0.00419	0.00137	0.00489	0.00468	0.00227	0.00451
3	0.17802	0.00932	0.01231	0.13931	0.01496	0.06791	0.16635	0.10057	0.08068	0.17715	0.00973	0.01052	0.00694	0.00424	0.00385	0.00127	0.00467	0.00364	0.00305	0.00552
4	0.00859	0.00701	0.00733	0.00658	0.00832	0.04715	0.00508	0.11805	0.23302	0.03326	0.25574	0.06405	0.17479	0.00733	0.00441	0.00130	0.00291	0.00618	0.00400	0.00488
5	0.00524	0.00408	0.00475	0.00459	0.00572	0.00360	0.00344	0.00672	0.01032	0.01363	0.46233	0.03399	0.40896	0.00911	0.00473	0.00130	0.00196	0.00782	0.00409	0.00360
6	0.00642	0.00512	0.00623	0.00565	0.00699	0.00483	0.04532	0.09714	0.00993	0.01276	0.12900	0.13720	0.39683	0.11053	0.00658	0.00166	0.00278	0.00765	0.00360	0.00379
7	0.00925	0.01118	0.12624	0.03144	0.30463	0.00943	0.35283	0.02841	0.00928	0.01297	0.00865	0.06083	0.00727	0.00409	0.00434	0.00130	0.00562	0.00445	0.00211	0.00569
8	0.01629	0.00772	0.01135	0.00860	0.01179	0.00708	0.11262	0.06986	0.05328	0.63525	0.01444	0.01309	0.00934	0.00477	0.00413	0.00126	0.00390	0.00412	0.00447	0.00662
9	0.00581	0.00398	0.00485	0.00485	0.00501	0.00415	0.00302	0.00614	0.00597	0.00813	0.01220	0.02384	0.01353	0.66866	0.20937	0.00448	0.00546	0.00548	0.00237	0.00269
10	0.00880	0.26004	0.39469	0.00991	0.02650	0.01062	0.08016	0.02739	0.00905	0.01246	0.11491	0.01094	0.00953	0.00425	0.00366	0.00115	0.00495	0.00346	0.00213	0.00540
11	0.00690	0.00495	0.00664	0.00769	0.11431	0.00486	0.00465	0.00820	0.03560	0.05660	0.10673	0.15858	0.09476	0.30138	0.06831	0.00258	0.00378	0.00660	0.00310	0.00377
12	0.01083	0.00576	0.00725	0.00614	0.00812	0.00539	0.00486	0.05263	0.06806	0.31591	0.31286	0.02274	0.12776	0.00744	0.02458	0.00139	0.00289	0.00579	0.00443	0.00517
13	0.00662	0.00423	0.00552	0.00565	0.00649	0.00399	0.00419	0.00787	0.03653	0.07111	0.21558	0.28234	0.10921	0.01049	0.00630	0.11701	0.00260	0.09693	0.00373	0.00361
14	0.02403	0.40591	0.12748	0.00862	0.01206	0.13953	0.03255	0.08979	0.07364	0.04090	0.00754	0.00818	0.00603	0.00393	0.00327	0.00105	0.00491	0.00279	0.00230	0.00548
15	0.01060	0.01025	0.01547	0.04130	0.62970	0.08279	0.03868	0.02439	0.00937	0.04169	0.00763	0.00980	0.00629	0.00388	0.00447	0.00122	0.05079	0.00354	0.00211	0.00604
16	0.00766	0.00458	0.00533	0.00488	0.00620	0.00433	0.00374	0.03956	0.02376	0.09207	0.32923	0.02424	0.15637	0.00696	0.00404	0.00117	0.00217	0.00589	0.27368	0.00414
17	0.47852	0.00716	0.00788	0.00662	0.00908	0.00750	0.06136	0.01312	0.00836	0.23531	0.01066	0.12007	0.00886	0.00519	0.00340	0.00130	0.00334	0.00406	0.00328	0.00494

[dist]
# distance from previous block
# <min> <max>
3	7

[block]
# block no. 6 follows, 67 sequences, length 18
# corresponding to MSA columns:
# 512-514,516-530
name=unknown_G
#
# <colnr> <probs for GDERKNQSTAVLIFYWHMCP>
#	G	D	E	R	K	N	Q	S	T	A	V	L	I	F	Y	W	H	M	C	P
0	0.02439	0.19172	0.09539	0.14067	0.07696	0.12608	0.09393	0.02142	0.03182	0.02548	0.00884	0.02986	0.02672	0.06637	0.02288	0.00147	0.00527	0.00367	0.00214	0.00492
1	0.04347	0.01041	0.01167	0.00915	0.01182	0.01183	0.00757	0.60898	0.01593	0.08104	0.00926	0.00968	0.00672	0.00513	0.00540	0.00129	0.13703	0.00358	0.00368	0.00636
2	0.25515	0.08008	0.03240	0.00707	0.00922	0.02917	0.00590	0.15606	0.06943	0.03939	0.00971	0.03979	0.01689	0.06597	0.10753	0.00207	0.05039	0.01610	0.00284	0.00485
3	0.06133	0.10077	0.06549	0.01149	0.07853	0.05220	0.19989	0.20559	0.03033	0.04224	0.04624	0.01050	0.00777	0.01245	0.00413	0.00121	0.01262	0.00371	0.00274	0.05076
4	0.00525	0.00386	0.00476	0.00507	0.00558	0.00374	0.00345	0.00599	0.00745	0.00978	0.04789	0.31157	0.19472	0.22942	0.14019	0.00289	0.00396	0.00811	0.00317	0.00314
5	0.00650	0.00365	0.00516	0.00516	0.00544	0.00361	0.00356	0.00549	0.00595	0.00779	0.01259	0.01666	0.13656	0.01485	0.09111	0.66340	0.00393	0.00434	0.00209	0.00217
6	0.01070	0.08442	0.06803	0.01086	0.10085	0.19661	0.07636	0.06910	0.04632	0.05368	0.01152	0.06141	0.01911	0.03338	0.01359	0.00143	0.00507	0.12977	0.00274	0.00504
7	0.01010	0.45867	0.17711	0.03941	0.10522	0.01297	0.04899	0.04675	0.04530	0.01167	0.00694	0.00809	0.00571	0.00369	0.00325	0.00105	0.00477	0.00281	0.00196	0.00555
8	0.00575	0.00421	0.00601	0.00601	0.00657	0.00478	0.00447	0.00688	0.00632	0.00899	0.01114	0.01796	0.01099	0.20468	0.66987	0.00591	0.00930	0.00462	0.00221	0.00334
9	0.00496	0.00375	0.00456	0.00503	0.00569	0.00337	0.00350	0.00588	0.00853	0.01108	0.12641	0.49058	0.27075	0.02984	0.00529	0.00155	0.00222	0.00989	0.00378	0.00334
10	0.05695	0.41587	0.11577	0.00896	0.03915	0.05783	0.05504	0.08923	0.00948	0.03361	0.02213	0.03213	0.00672	0.00442	0.01217	0.00113	0.02880	0.00307	0.00221	0.00531
11	0.00568	0.00384	0.00451	0.00465	0.00472	0.00384	0.00274	0.00585	0.00615	0.00823	0.01404	0.15585	0.01626	0.69142	0.05279	0.00364	0.00393	0.00664	0.00262	0.00261
12	0.00504	0.00375	0.00447	0.00492	0.00546	0.00345	0.00331	0.00572	0.00775	0.00994	0.02564	0.43748	0.26574	0.16925	0.02737	0.00208	0.00272	0.00932	0.00345	0.00315
13	0.00996	0.14082	0.20946	0.01507	0.24071	0.10614	0.16042	0.01268	0.00909	0.01192	0.00787	0.00958	0.02545	0.00386	0.00401	0.00119	0.02084	0.00343	0.00193	0.00560
14	0.04275	0.08220	0.04545	0.00978	0.01198	0.09034	0.07198	0.23480	0.04908	0.03133	0.00789	0.00949	0.00635	0.01593	0.00668	0.00137	0.25026	0.00346	0.02350	0.00538
15	0.00744	0.00429	0.00644	0.00712	0.08030	0.00433	0.00443	0.03378	0.00613	0.00826	0.00765	0.04193	0.00760	0.01264	0.01384	0.74216	0.00359	0.00378	0.00191	0.00239
16	0.00971	0.01078	0.08810	0.01645	0.33689	0.04769	0.16860	0.01370	0.13235	0.01341	0.00883	0.01040	0.00697	0.00379	0.00398	0.00117	0.00491	0.00370	0.00234	0.11622
17	0.00937	0.03636	0.00855	0.00626	0.00922	0.03468	0.00500	0.01173	0.06324	0.10271	0.13780	0.01262	0.01173	0.00422	0.00344	0.00084	0.00305	0.00346	0.00305	0.53264

[dist]
# distance from previous block
# <min> <max>
0	1

[block]
# block no. 7 follows, 67 sequences, length 25
# corresponding to MSA columns:
# 532-556
name=unknown_H
#
# <colnr> <probs for GDERKNQSTAVLIFYWHMCP>
#	G	D	E	R	K	N	Q	S	T	A	V	L	I	F	Y	W	H	M	C	P
0	0.06453	0.00631	0.02485	0.00611	0.00793	0.01988	0.02192	0.08082	0.06907	0.10018	0.29097	0.02476	0.21214	0.03734	0.00493	0.00138	0.00284	0.01560	0.00390	0.00454
1	0.01437	0.01339	0.01080	0.00924	0.01171	0.36232	0.00729	0.26224	0.08881	0.10807	0.01027	0.01194	0.00806	0.00502	0.00396	0.00119	0.00533	0.05708	0.00328	0.00565
2	0.01200	0.01164	0.01245	0.02695	0.24019	0.19272	0.02283	0.18213	0.17765	0.01560	0.00944	0.01023	0.00734	0.00430	0.00388	0.00116	0.00485	0.00351	0.00287	0.05828
3	0.00848	0.11543	0.00801	0.00597	0.00683	0.05567	0.00441	0.00848	0.06127	0.04210	0.00820	0.01247	0.00769	0.07198	0.02567	0.54483	0.00393	0.00353	0.00210	0.00295
4	0.00878	0.25275	0.61274	0.01017	0.01541	0.01112	0.01262	0.01251	0.00838	0.01180	0.00675	0.00791	0.00510	0.00371	0.00347	0.00116	0.00547	0.00274	0.00170	0.00571
5	0.02522	0.01307	0.29220	0.06215	0.04685	0.04538	0.23798	0.03191	0.05972	0.01281	0.01005	0.12546	0.00883	0.00503	0.00425	0.00134	0.00539	0.00475	0.00232	0.00531
6	0.00904	0.01016	0.01962	0.01435	0.01777	0.05862	0.63261	0.01184	0.00939	0.01220	0.01237	0.01481	0.11280	0.03925	0.00531	0.00144	0.00606	0.00513	0.00227	0.00498
7	0.00923	0.00948	0.03277	0.01389	0.07100	0.00912	0.46679	0.03078	0.02920	0.04633	0.01267	0.01467	0.11296	0.00486	0.00539	0.00136	0.08737	0.01521	0.00246	0.02446
8	0.00890	0.00853	0.01466	0.37995	0.46258	0.00928	0.03545	0.01144	0.00866	0.01186	0.00738	0.01028	0.00591	0.00376	0.00401	0.00126	0.00507	0.00360	0.00190	0.00551
9	0.00828	0.00825	0.00707	0.00689	0.00830	0.20408	0.00534	0.01073	0.10190	0.01220	0.14448	0.05645	0.21495	0.02677	0.00491	0.00143	0.00376	0.16665	0.00344	0.00412
10	0.01095	0.61216	0.05661	0.00830	0.01147	0.12154	0.05083	0.01244	0.00851	0.00983	0.00584	0.00702	0.00520	0.00378	0.00359	0.00099	0.06159	0.00247	0.00178	0.00508
11	0.00611	0.00528	0.03677	0.00644	0.00742	0.00498	0.00501	0.00886	0.13747	0.01162	0.02148	0.46163	0.09483	0.01118	0.03377	0.00175	0.01930	0.11856	0.00361	0.00395
12	0.00662	0.00574	0.00772	0.00982	0.20375	0.00555	0.00586	0.00900	0.09234	0.01200	0.04019	0.18904	0.34998	0.00857	0.00459	0.00139	0.00292	0.03716	0.00336	0.00439
13	0.00757	0.00713	0.01203	0.84942	0.02762	0.00891	0.01114	0.01025	0.00802	0.01025	0.00713	0.01069	0.00535	0.00401	0.00401	0.00134	0.00535	0.00356	0.00178	0.00446
14	0.06282	0.01037	0.04192	0.07311	0.52917	0.07319	0.01073	0.07125	0.04176	0.02716	0.00825	0.01004	0.01469	0.00391	0.00387	0.00120	0.00479	0.00349	0.00229	0.00598
15	0.00630	0.00469	0.00607	0.00603	0.00670	0.00488	0.00445	0.02480	0.00890	0.04271	0.22212	0.38361	0.11481	0.02855	0.00629	0.00155	0.11170	0.00847	0.00367	0.00374
16	0.00554	0.00414	0.00571	0.00579	0.00646	0.00450	0.00431	0.00667	0.00682	0.00939	0.01584	0.09474	0.11799	0.13285	0.55463	0.00503	0.00799	0.00566	0.00253	0.00338
17	0.00861	0.00839	0.01340	0.26626	0.40876	0.03592	0.04714	0.01088	0.00889	0.01180	0.01224	0.01430	0.12689	0.00468	0.00412	0.00126	0.00471	0.00431	0.00218	0.00525
18	0.00900	0.00847	0.01345	0.32166	0.29527	0.00970	0.03424	0.03773	0.08094	0.01237	0.02313	0.01089	0.00695	0.00446	0.00522	0.00134	0.11391	0.00375	0.00218	0.00535
19	0.00775	0.00446	0.00575	0.00582	0.00678	0.00424	0.00443	0.00894	0.00862	0.13726	0.06614	0.18967	0.05270	0.17375	0.02290	0.00206	0.00322	0.21356	0.07812	0.00384
20	0.00583	0.00424	0.00520	0.00543	0.00621	0.00403	0.00388	0.06075	0.00951	0.01285	0.21298	0.46768	0.13668	0.01044	0.00483	0.00145	0.00231	0.00926	0.03280	0.00365
21	0.05726	0.02562	0.00839	0.00832	0.10439	0.02329	0.00572	0.15319	0.12270	0.01642	0.11768	0.01557	0.03567	0.03702	0.00443	0.00126	0.01603	0.00432	0.23772	0.00498
22	0.00741	0.00622	0.00699	0.00635	0.00793	0.03360	0.03681	0.11238	0.11365	0.01400	0.12419	0.17344	0.32411	0.00860	0.00459	0.00136	0.00288	0.00738	0.00377	0.00435
23	0.00873	0.00742	0.00852	0.00627	0.00970	0.00603	0.00501	0.04156	0.08339	0.01387	0.00806	0.00897	0.00655	0.00326	0.00311	0.00069	0.00304	0.00262	0.00259	0.77061
24	0.00693	0.00535	0.00590	0.00574	0.00660	0.02869	0.00403	0.06281	0.10681	0.01236	0.16204	0.20095	0.07177	0.27441	0.00957	0.00218	0.00313	0.02350	0.00346	0.00376

[dist]
# distance from previous block
# <min> <max>
0	1

[block]
# block no. 8 follows, 67 sequences, length 17
# corresponding to MSA columns:
# 558-574
name=unknown_I
#
# <colnr> <probs for GDERKNQSTAVLIFYWHMCP>
#	G	D	E	R	K	N	Q	S	T	A	V	L	I	F	Y	W	H	M	C	P
0	0.02726	0.17412	0.21789	0.04608	0.15960	0.14861	0.01000	0.07718	0.00991	0.04860	0.00732	0.00851	0.00571	0.00385	0.00355	0.00111	0.00521	0.00294	0.00218	0.04038
1	0.09370	0.16474	0.01321	0.02478	0.13662	0.36544	0.01823	0.06886	0.02427	0.01242	0.00694	0.00812	0.00571	0.00396	0.00340	0.00107	0.00545	0.00281	0.03514	0.00512
2	0.00487	0.00369	0.00450	0.00510	0.00570	0.00332	0.00352	0.00572	0.00828	0.01066	0.06067	0.57248	0.27372	0.01165	0.00499	0.00153	0.00222	0.01033	0.00375	0.00332
3	0.00876	0.02010	0.75454	0.01125	0.01686	0.04289	0.01409	0.06233	0.00922	0.01336	0.00731	0.00849	0.00519	0.00388	0.00381	0.00126	0.00589	0.00299	0.00185	0.00593
4	0.00986	0.00930	0.01370	0.12972	0.32195	0.06433	0.09984	0.08412	0.05209	0.02425	0.05087	0.02841	0.03921	0.00461	0.00412	0.00124	0.00473	0.01758	0.00255	0.03753
5	0.00705	0.00519	0.00632	0.00630	0.00739	0.01900	0.00489	0.08611	0.03271	0.03137	0.15373	0.22266	0.10086	0.02275	0.10953	0.00214	0.00388	0.16030	0.01381	0.00401
6	0.00697	0.00348	0.00522	0.00522	0.00522	0.00348	0.00348	0.00522	0.00522	0.00697	0.00697	0.01219	0.00697	0.01393	0.01567	0.88332	0.00348	0.00348	0.00174	0.00174
7	0.03971	0.02558	0.05723	0.03584	0.14193	0.20515	0.11368	0.19409	0.08228	0.02988	0.00849	0.00960	0.00651	0.00426	0.00418	0.00121	0.02847	0.00349	0.00268	0.00574
8	0.03333	0.11266	0.06480	0.09920	0.15433	0.00822	0.07198	0.01141	0.04178	0.09758	0.02927	0.03426	0.05558	0.00630	0.00568	0.13072	0.00424	0.03129	0.00254	0.00483
9	0.00574	0.00424	0.00614	0.00614	0.00675	0.00485	0.00463	0.00697	0.00636	0.00908	0.01102	0.01730	0.01069	0.15176	0.72240	0.00607	0.00974	0.00452	0.00219	0.00341
10	0.01000	0.00933	0.00883	0.00799	0.01004	0.11820	0.00616	0.01860	0.60027	0.01576	0.13471	0.01615	0.01507	0.00567	0.00412	0.00130	0.00352	0.00468	0.00387	0.00575
11	0.03587	0.01205	0.03063	0.02523	0.18178	0.22167	0.20510	0.07137	0.05796	0.06808	0.02122	0.03432	0.00755	0.00430	0.00408	0.00122	0.00554	0.00392	0.00257	0.00554
12	0.00655	0.00363	0.00491	0.00491	0.00491	0.00363	0.00309	0.00545	0.00545	0.00727	0.00906	0.01739	0.00978	0.32650	0.01743	0.55806	0.00363	0.00435	0.00200	0.00200
13	0.00844	0.14415	0.71832	0.01076	0.01632	0.01028	0.01365	0.01260	0.00842	0.01222	0.00696	0.00817	0.00509	0.00375	0.00363	0.00121	0.00569	0.00284	0.00170	0.00581
14	0.01311	0.01377	0.01436	0.01151	0.01429	0.38429	0.23824	0.06376	0.05994	0.10203	0.00877	0.00987	0.00665	0.00509	0.03504	0.00138	0.00640	0.00359	0.00261	0.00529
15	0.01081	0.19611	0.37365	0.00979	0.01401	0.13357	0.01054	0.13435	0.05671	0.01370	0.00759	0.00840	0.00577	0.00402	0.00357	0.00114	0.00539	0.00292	0.00223	0.00573
16	0.00734	0.00647	0.00623	0.00613	0.00723	0.12718	0.00451	0.00917	0.05426	0.03831	0.31013	0.25560	0.12127	0.00884	0.00463	0.00135	0.00296	0.02065	0.00378	0.00395

[dist]
# distance from previous block
# <min> <max>
1	4

[block]
# block no. 9 follows, 67 sequences, length 30
# corresponding to MSA columns:
# 580-609
name=unknown_J
#
# <colnr> <probs for GDERKNQSTAVLIFYWHMCP>
#	G	D	E	R	K	N	Q	S	T	A	V	L	I	F	Y	W	H	M	C	P
0	0.12574	0.00829	0.00991	0.00830	0.01055	0.06678	0.10814	0.11241	0.13287	0.12673	0.05429	0.18177	0.02433	0.00635	0.00416	0.00133	0.00384	0.00550	0.00352	0.00518
1	0.01096	0.00893	0.00927	0.00804	0.01042	0.03511	0.00633	0.15929	0.55796	0.05204	0.03082	0.01558	0.06598	0.00563	0.00411	0.00132	0.00343	0.00460	0.00403	0.00616
2	0.12274	0.00737	0.00916	0.00712	0.01016	0.00692	0.00588	0.09785	0.01165	0.65763	0.01397	0.01239	0.00895	0.00480	0.00384	0.00124	0.00347	0.00377	0.00457	0.00652
3	0.00926	0.00997	0.11220	0.54977	0.02307	0.04158	0.04023	0.13049	0.00990	0.02459	0.00763	0.01018	0.00562	0.00410	0.00400	0.00130	0.00538	0.00351	0.00217	0.00506
4	0.00958	0.00933	0.01455	0.06969	0.63811	0.05864	0.01109	0.01179	0.00888	0.01228	0.00783	0.01051	0.00667	0.00683	0.10533	0.00182	0.00567	0.00360	0.00200	0.00581
5	0.00666	0.00524	0.00661	0.00754	0.10539	0.02329	0.00436	0.00712	0.00654	0.00884	0.01212	0.09429	0.01366	0.58934	0.02662	0.00318	0.06781	0.00578	0.00243	0.00319
6	0.00485	0.00403	0.00424	0.00427	0.00551	0.00342	0.00317	0.00594	0.00929	0.01137	0.12641	0.09006	0.69343	0.01010	0.00476	0.00136	0.00204	0.00852	0.00380	0.00342
7	0.19681	0.08086	0.01120	0.00836	0.01114	0.23148	0.04681	0.12883	0.01115	0.22329	0.00904	0.00916	0.00648	0.00426	0.00351	0.00115	0.00474	0.00308	0.00313	0.00552
8	0.00885	0.14177	0.55429	0.01128	0.01621	0.01048	0.11031	0.01257	0.00846	0.02851	0.00713	0.00857	0.00532	0.00392	0.00430	0.00125	0.05617	0.00311	0.00181	0.00568
9	0.00721	0.00615	0.00912	0.08370	0.25233	0.00616	0.00700	0.04135	0.01991	0.01291	0.16458	0.22862	0.12956	0.00766	0.00451	0.00135	0.00328	0.00687	0.00318	0.00457
10	0.01536	0.01150	0.01187	0.00919	0.01233	0.06165	0.00755	0.73497	0.01806	0.06256	0.00972	0.00968	0.00687	0.00478	0.00399	0.00120	0.00453	0.00357	0.00394	0.00669
11	0.19704	0.00768	0.00869	0.00683	0.00984	0.00745	0.00558	0.10264	0.07085	0.36834	0.01147	0.01085	0.00787	0.00436	0.00352	0.00113	0.00336	0.00333	0.00381	0.16535
12	0.06078	0.08352	0.30555	0.01046	0.01447	0.06063	0.04035	0.16022	0.04109	0.09470	0.01282	0.01383	0.07016	0.00577	0.00456	0.00154	0.00539	0.00417	0.00335	0.00663
13	0.00585	0.00419	0.00592	0.00592	0.00652	0.00474	0.00442	0.00706	0.00646	0.00939	0.01122	0.01755	0.01084	0.17431	0.64694	0.00566	0.00899	0.00453	0.05610	0.00339
14	0.00665	0.00500	0.00752	0.00797	0.00908	0.00495	0.05631	0.00859	0.00925	0.01205	0.02043	0.04313	0.02204	0.01061	0.00549	0.00182	0.00388	0.75785	0.00359	0.00380
15	0.01106	0.04977	0.09918	0.05543	0.25364	0.20495	0.00946	0.06160	0.06243	0.04847	0.02115	0.06892	0.00824	0.00477	0.00412	0.00121	0.02370	0.00390	0.00249	0.00551
16	0.01511	0.00663	0.00870	0.00711	0.00977	0.00605	0.00587	0.04164	0.06553	0.60245	0.03207	0.01896	0.05294	0.00605	0.00427	0.00133	0.00337	0.10133	0.00465	0.00619
17	0.00771	0.00727	0.01228	0.80024	0.07570	0.00895	0.01121	0.01037	0.00809	0.01042	0.00715	0.01065	0.00541	0.00398	0.00401	0.00133	0.00531	0.00356	0.00179	0.00457
18	0.01368	0.01035	0.01185	0.00917	0.01216	0.01124	0.05690	0.67644	0.01708	0.02281	0.01222	0.05370	0.06266	0.00547	0.00416	0.00124	0.00430	0.00439	0.00386	0.00633
19	0.00731	0.00508	0.00729	0.00890	0.16092	0.00503	0.00530	0.04559	0.00799	0.01120	0.06228	0.20056	0.04833	0.02691	0.00834	0.28916	0.00321	0.00576	0.08726	0.00358
20	0.00816	0.00792	0.00827	0.00768	0.00888	0.17715	0.05519	0.04935	0.00875	0.01087	0.04543	0.20850	0.02879	0.05323	0.28850	0.00318	0.01764	0.00583	0.00271	0.00396
21	0.00896	0.00813	0.01239	0.04039	0.15302	0.00846	0.16375	0.06722	0.24422	0.01454	0.06377	0.11869	0.04234	0.00601	0.00441	0.00136	0.00409	0.02962	0.00320	0.00541
22	0.00841	0.10270	0.56602	0.01151	0.01656	0.00978	0.15052	0.01234	0.00878	0.01260	0.05776	0.00998	0.00727	0.00397	0.00390	0.00124	0.00566	0.00345	0.00192	0.00563
23	0.00626	0.00384	0.00504	0.00519	0.00545	0.00378	0.00344	0.02815	0.00664	0.00878	0.01443	0.22860	0.07116	0.18773	0.02812	0.37861	0.00333	0.00632	0.00259	0.00255
24	0.01139	0.04323	0.14232	0.01070	0.04040	0.18435	0.10718	0.14033	0.03242	0.06377	0.06350	0.04652	0.00912	0.00503	0.00485	0.00126	0.08151	0.00399	0.00272	0.00539
25	0.01314	0.01579	0.01157	0.04631	0.03559	0.59735	0.04589	0.05280	0.01103	0.01101	0.03013	0.03958	0.03035	0.00480	0.00420	0.00114	0.03888	0.00344	0.00230	0.00471
26	0.00661	0.00464	0.00590	0.00651	0.06111	0.00442	0.00424	0.00807	0.04696	0.06438	0.11763	0.25708	0.17639	0.18635	0.00800	0.00194	0.00285	0.02963	0.00352	0.00377
27	0.00932	0.00768	0.00845	0.00768	0.00966	0.00869	0.00604	0.10263	0.51424	0.01591	0.01701	0.04128	0.06700	0.00921	0.10560	0.00199	0.00415	0.05406	0.00378	0.00562
28	0.03025	0.07203	0.06843	0.10849	0.28502	0.18317	0.04705	0.07922	0.04085	0.03677	0.00778	0.00935	0.00613	0.00395	0.00380	0.00117	0.00531	0.00330	0.00228	0.00564
29	0.47613	0.03731	0.00915	0.04080	0.10354	0.13473	0.00638	0.05160	0.03142	0.05440	0.00715	0.01902	0.00565	0.00404	0.00311	0.00120	0.00411	0.00279	0.00256	0.00492

[dist]
# distance from previous block
# <min> <max>
2	37

[block]
# block no. 10 follows, 67 sequences, length 25
# corresponding to MSA columns:
# 651-675
name=unknown_K
#
# <colnr> <probs for GDERKNQSTAVLIFYWHMCP>
#	G	D	E	R	K	N	Q	S	T	A	V	L	I	F	Y	W	H	M	C	P
0	0.00985	0.25426	0.10304	0.00917	0.07794	0.11335	0.03464	0.03392	0.03700	0.04808	0.11319	0.05435	0.07397	0.01583	0.00395	0.00117	0.00431	0.00430	0.00267	0.00501
1	0.00786	0.02226	0.09007	0.04822	0.08846	0.00666	0.02123	0.07469	0.02713	0.03649	0.14225	0.10653	0.16785	0.02896	0.00503	0.00134	0.03578	0.00579	0.00315	0.08027
2	0.10973	0.05598	0.11473	0.02541	0.12794	0.10184	0.05216	0.07314	0.07388	0.12780	0.00943	0.02739	0.00738	0.02987	0.01347	0.00137	0.03660	0.00359	0.00276	0.00556
3	0.00944	0.06461	0.02087	0.01465	0.01823	0.00996	0.63549	0.06165	0.00978	0.01313	0.00945	0.09556	0.00813	0.00440	0.00459	0.00134	0.00601	0.00517	0.00230	0.00526
4	0.00522	0.00378	0.00487	0.00549	0.00593	0.00358	0.00379	0.00633	0.02494	0.01114	0.13501	0.59296	0.06852	0.06586	0.00602	0.00171	0.00243	0.04532	0.00374	0.00337
5	0.03339	0.22656	0.07156	0.05381	0.13415	0.06262	0.17811	0.08813	0.03629	0.02423	0.00767	0.01913	0.00622	0.00401	0.00408	0.00118	0.03767	0.00345	0.00222	0.00551
6	0.02162	0.00486	0.00639	0.06057	0.05043	0.00482	0.00490	0.03426	0.02621	0.04889	0.12131	0.34321	0.17607	0.01092	0.06493	0.00179	0.00329	0.00803	0.00353	0.00397
7	0.00679	0.00383	0.00540	0.00540	0.00570	0.00383	0.00379	0.00621	0.03543	0.00849	0.06111	0.01728	0.06377	0.01315	0.02851	0.66775	0.00343	0.05557	0.00225	0.00230
8	0.00800	0.09247	0.00955	0.07251	0.11311	0.04041	0.00641	0.01055	0.10828	0.03907	0.01569	0.23122	0.07251	0.04984	0.06353	0.00184	0.01858	0.03894	0.00297	0.00451
9	0.06664	0.10055	0.05534	0.07303	0.25081	0.11268	0.07121	0.05215	0.01874	0.11699	0.00909	0.02771	0.01927	0.00421	0.00379	0.00119	0.00487	0.00358	0.00253	0.00563
10	0.00693	0.00350	0.00511	0.00514	0.00521	0.00349	0.00345	0.00550	0.00551	0.00758	0.00785	0.03979	0.00781	0.01329	0.01451	0.79815	0.00334	0.00376	0.05816	0.00192
11	0.00808	0.00621	0.00670	0.00663	0.00800	0.00550	0.00481	0.05788	0.01106	0.01425	0.08800	0.18254	0.49327	0.02550	0.00605	0.00188	0.00322	0.06103	0.00451	0.00487
12	0.01109	0.09119	0.20004	0.03099	0.19338	0.14290	0.07089	0.08727	0.01789	0.06161	0.01985	0.02490	0.00683	0.00420	0.00401	0.00119	0.02022	0.00347	0.00235	0.00571
13	0.00647	0.00352	0.00504	0.00522	0.00527	0.00347	0.00344	0.00535	0.00575	0.00767	0.01037	0.17650	0.01139	0.08544	0.01404	0.63828	0.00329	0.00521	0.00218	0.00209
14	0.00804	0.02074	0.83828	0.01143	0.01736	0.00931	0.01482	0.01270	0.00847	0.01270	0.00720	0.00847	0.00508	0.00381	0.00381	0.00127	0.00593	0.00296	0.00169	0.00593
15	0.00906	0.00844	0.01250	0.14623	0.38725	0.03843	0.00968	0.04486	0.07067	0.01264	0.01052	0.13656	0.00994	0.00559	0.00478	0.00134	0.05945	0.02420	0.00248	0.00537
16	0.01029	0.11391	0.20427	0.03032	0.16183	0.04346	0.15797	0.09489	0.06019	0.04093	0.00881	0.03957	0.00704	0.00421	0.00395	0.00122	0.00518	0.00379	0.00239	0.00579
17	0.01379	0.05091	0.01190	0.01023	0.01201	0.67326	0.00788	0.01481	0.01038	0.00977	0.00602	0.00745	0.00518	0.00458	0.00515	0.00115	0.14620	0.00272	0.00200	0.00463
18	0.04269	0.00923	0.01343	0.04171	0.50159	0.03477	0.00977	0.06537	0.02051	0.01385	0.00808	0.00991	0.01949	0.00377	0.00389	0.00109	0.01964	0.00335	0.00226	0.17560
19	0.00590	0.03588	0.06082	0.00684	0.00787	0.00480	0.05699	0.01787	0.00801	0.01071	0.01884	0.59781	0.02182	0.06284	0.00587	0.00171	0.00313	0.06530	0.00333	0.00366
20	0.07847	0.26841	0.17024	0.00939	0.04064	0.17590	0.04124	0.03908	0.04288	0.03900	0.03133	0.01968	0.00713	0.00421	0.00344	0.00111	0.00503	0.01528	0.00227	0.00526
21	0.00537	0.00429	0.02169	0.00581	0.00641	0.00404	0.00419	0.00681	0.04921	0.01042	0.02072	0.56130	0.08523	0.04839	0.14364	0.00247	0.00387	0.00926	0.00339	0.00350
22	0.01050	0.10244	0.20690	0.01240	0.19746	0.02427	0.02661	0.11010	0.04760	0.06376	0.00832	0.00933	0.00637	0.00384	0.00364	0.00109	0.00457	0.00316	0.00248	0.15517
23	0.01099	0.21720	0.23594	0.01038	0.06367	0.15424	0.03530	0.10844	0.05079	0.01316	0.00742	0.00838	0.00583	0.00389	0.00351	0.00108	0.00522	0.00291	0.00222	0.05938
24	0.00940	0.20573	0.29230	0.00895	0.02727	0.07625	0.00911	0.05295	0.02339	0.03809	0.02747	0.14839	0.00976	0.00543	0.00392	0.00120	0.01991	0.00433	0.00241	0.03372

[dist]
# distance from previous block
# <min> <max>
1	12

[block]
# block no. 11 follows, 67 sequences, length 21
# corresponding to MSA columns:
# 688-708
name=unknown_L
#
# <colnr> <probs for GDERKNQSTAVLIFYWHMCP>
#	G	D	E	R	K	N	Q	S	T	A	V	L	I	F	Y	W	H	M	C	P
0	0.00601	0.00486	0.00610	0.00630	0.00681	0.02831	0.00463	0.00724	0.02551	0.01089	0.11986	0.40511	0.04868	0.05944	0.11103	0.00230	0.09215	0.04790	0.00330	0.00357
1	0.01057	0.03472	0.05240	0.07788	0.17131	0.13046	0.22265	0.03608	0.02672	0.07551	0.03711	0.02418	0.01774	0.00536	0.03658	0.00145	0.01584	0.01559	0.00246	0.00537
2	0.01070	0.03099	0.08752	0.03494	0.23570	0.05011	0.15124	0.12519	0.02086	0.07385	0.04116	0.04502	0.00894	0.00474	0.00443	0.00127	0.03044	0.02603	0.01115	0.00571
3	0.00757	0.00713	0.01203	0.84942	0.02762	0.00891	0.01114	0.01025	0.00802	0.01025	0.00713	0.01069	0.00535	0.00401	0.00401	0.00134	0.00535	0.00356	0.00178	0.00446
4	0.00532	0.00419	0.00525	0.02826	0.00665	0.00384	0.01474	0.00671	0.00957	0.01257	0.31283	0.15812	0.34351	0.01034	0.03588	0.00157	0.00255	0.03069	0.00383	0.00358
5	0.01002	0.08197	0.22667	0.01112	0.11599	0.09353	0.03206	0.11913	0.07818	0.02751	0.01140	0.10886	0.04432	0.00539	0.00410	0.00125	0.01588	0.00444	0.00266	0.00550
6	0.00581	0.00433	0.00614	0.00613	0.00666	0.00495	0.00456	0.00690	0.00639	0.00908	0.01159	0.06746	0.01173	0.19044	0.60292	0.00549	0.03879	0.00499	0.00228	0.00337
7	0.00748	0.00502	0.00596	0.00537	0.00677	0.00476	0.00409	0.07211	0.03827	0.08785	0.42194	0.02797	0.21916	0.05021	0.00533	0.00140	0.00240	0.00673	0.02295	0.00421
8	0.00564	0.00428	0.00588	0.00592	0.00653	0.00472	0.00441	0.00672	0.00680	0.00939	0.01558	0.11182	0.10909	0.14077	0.50935	0.00480	0.03663	0.00575	0.00253	0.00339
9	0.02291	0.00943	0.03842	0.13459	0.40996	0.02089	0.16599	0.03025	0.00933	0.04214	0.00891	0.01285	0.00747	0.00425	0.00421	0.00129	0.00513	0.06405	0.00225	0.00567
10	0.00951	0.01080	0.04260	0.07748	0.12983	0.04219	0.53342	0.01245	0.00909	0.01231	0.00764	0.01032	0.00594	0.00379	0.00519	0.00135	0.07449	0.00426	0.00197	0.00537
