[name]
unknown

[dist]
# distance from previous block
# <min> <max>
0	23

[block]
# block no. 0 follows, 63 sequences, length 32
# corresponding to MSA columns:
# 23-54
name=unknown_A
#
# <colnr> <probs for GDERKNQSTAVLIFYWHMCP>
#	G	D	E	R	K	N	Q	S	T	A	V	L	I	F	Y	W	H	M	C	P
0	0.00717	0.00529	0.00707	0.00783	0.00895	0.00545	0.00676	0.01018	0.09704	0.01312	0.02170	0.04399	0.02297	0.01097	0.00564	0.00188	0.00381	0.71209	0.00391	0.00417
1	0.00886	0.00864	0.01198	0.01034	0.01034	0.01193	0.00848	0.00968	0.00640	0.00990	0.00635	0.01118	0.00657	0.09863	0.01462	0.00208	0.75378	0.00394	0.00192	0.00438
2	0.00833	0.00706	0.00830	0.00619	0.00954	0.00537	0.00486	0.01007	0.00864	0.01338	0.00917	0.09954	0.00856	0.00420	0.00336	0.00074	0.00304	0.00351	0.00264	0.78349
3	0.00884	0.00931	0.01855	0.01384	0.01673	0.00917	0.52308	0.01146	0.00926	0.01264	0.06176	0.01695	0.04638	0.09658	0.00765	0.00176	0.08969	0.03894	0.00245	0.00495
4	0.00517	0.00377	0.00487	0.00564	0.00607	0.00347	0.00383	0.00604	0.00852	0.01128	0.08838	0.69763	0.11478	0.01254	0.00529	0.00165	0.00237	0.01128	0.00396	0.00347
5	0.00934	0.37203	0.33964	0.00938	0.01372	0.01212	0.04938	0.01215	0.00880	0.01158	0.01061	0.01151	0.09388	0.00460	0.00383	0.00117	0.02523	0.00347	0.00203	0.00551
6	0.03950	0.00977	0.04320	0.15121	0.14027	0.03691	0.02638	0.19006	0.01231	0.26042	0.01079	0.01134	0.00754	0.00455	0.00411	0.00127	0.00465	0.00378	0.00347	0.03847
7	0.01039	0.10322	0.30915	0.01191	0.06173	0.14672	0.10834	0.01448	0.09703	0.01308	0.03048	0.01017	0.00734	0.00420	0.00396	0.00122	0.00570	0.00348	0.00229	0.05512
8	0.00793	0.00731	0.01203	0.67794	0.07704	0.00890	0.01070	0.01036	0.00818	0.01064	0.00807	0.01287	0.00671	0.09586	0.00630	0.00169	0.02693	0.00399	0.00195	0.00457
9	0.00639	0.00444	0.00503	0.00476	0.00517	0.00424	0.00281	0.00660	0.00639	0.00875	0.01262	0.02548	0.01430	0.76054	0.01942	0.00370	0.00397	0.00572	0.00254	0.09711
10	0.00933	0.13762	0.01269	0.00963	0.05529	0.06569	0.05816	0.04013	0.00928	0.01236	0.07831	0.01700	0.08393	0.00694	0.02625	0.00148	0.20145	0.07269	0.00264	0.09913
11	0.01418	0.01041	0.01142	0.04459	0.03360	0.04712	0.00748	0.41480	0.12117	0.12325	0.01117	0.01112	0.00803	0.00480	0.00406	0.00120	0.00431	0.00375	0.00387	0.11966
12	0.00784	0.00392	0.00392	0.00392	0.00490	0.00392	0.00294	0.00980	0.00882	0.01567	0.01371	0.01567	0.01077	0.00490	0.00294	0.00098	0.00196	0.00392	0.87560	0.00392
13	0.00776	0.02932	0.32258	0.02529	0.02473	0.00734	0.04786	0.02083	0.00871	0.04412	0.03314	0.13323	0.06990	0.01211	0.19125	0.00260	0.00627	0.00535	0.00260	0.00500
14	0.01087	0.49062	0.14713	0.01122	0.14111	0.02762	0.02965	0.02405	0.00910	0.03143	0.00690	0.00809	0.00579	0.00373	0.00328	0.00104	0.00489	0.00277	0.00200	0.03870
15	0.00535	0.00379	0.00495	0.00568	0.00594	0.00362	0.00376	0.00605	0.00783	0.01051	0.05015	0.65265	0.02547	0.14433	0.04706	0.00230	0.00309	0.01053	0.00364	0.00332
16	0.00530	0.00436	0.00472	0.00488	0.00621	0.00378	0.00383	0.00653	0.00964	0.01167	0.05379	0.04149	0.67163	0.01077	0.00511	0.00151	0.00243	0.14483	0.00391	0.00361
17	0.01001	0.34907	0.21108	0.01182	0.04217	0.02311	0.22683	0.01285	0.00916	0.01199	0.01892	0.01049	0.00687	0.00406	0.00382	0.00120	0.00560	0.03332	0.00201	0.00562
18	0.01848	0.00733	0.01039	0.00791	0.01121	0.00637	0.04032	0.02019	0.01194	0.79435	0.01624	0.01418	0.01024	0.00513	0.00426	0.00131	0.00373	0.00426	0.00507	0.00709
19	0.00512	0.00366	0.00488	0.00585	0.00610	0.00341	0.00390	0.00585	0.00805	0.01073	0.02317	0.84952	0.02780	0.01317	0.00537	0.00171	0.00244	0.01195	0.00390	0.00341
20	0.01071	0.27133	0.40550	0.01051	0.01510	0.16890	0.03769	0.01376	0.00939	0.01171	0.00687	0.00807	0.00540	0.00392	0.00360	0.00116	0.00599	0.00283	0.00187	0.00569
21	0.00911	0.01705	0.50571	0.03597	0.24320	0.00994	0.06673	0.01320	0.01949	0.01337	0.00779	0.00961	0.00587	0.00399	0.00430	0.00133	0.02173	0.00345	0.00192	0.00624
22	0.00784	0.00392	0.00392	0.00392	0.00490	0.00392	0.00294	0.00980	0.00882	0.01567	0.01371	0.01567	0.01077	0.00490	0.00294	0.00098	0.00196	0.00392	0.87560	0.00392
23	0.00920	0.00920	0.01288	0.01104	0.01104	0.01288	0.00920	0.01012	0.00644	0.01012	0.00552	0.00920	0.00552	0.00736	0.01380	0.00184	0.84457	0.00368	0.00184	0.00460
24	0.00909	0.00976	0.03776	0.36290	0.11517	0.01006	0.34635	0.01217	0.00913	0.01226	0.00790	0.01106	0.00604	0.00395	0.00477	0.00140	0.02863	0.00423	0.00200	0.00535
25	0.01185	0.01038	0.04632	0.10425	0.26801	0.03683	0.15611	0.10578	0.06154	0.12575	0.01019	0.02662	0.00774	0.00443	0.00434	0.00132	0.00519	0.00419	0.00290	0.00626
26	0.02898	0.11696	0.49771	0.01093	0.01593	0.05381	0.05699	0.05874	0.00966	0.03483	0.00765	0.00886	0.00567	0.00404	0.00400	0.00123	0.02075	0.00311	0.00211	0.05804
27	0.00619	0.00443	0.00573	0.00566	0.00595	0.00485	0.00384	0.00680	0.00637	0.00884	0.01219	0.02259	0.01308	0.50441	0.33537	0.00503	0.03777	0.00540	0.00241	0.00309
28	0.00576	0.00423	0.00584	0.00620	0.00683	0.00442	0.00462	0.00697	0.00782	0.01068	0.06101	0.26306	0.07253	0.07663	0.36557	0.00403	0.00645	0.08063	0.00313	0.00358
29	0.01042	0.02766	0.14604	0.02110	0.56682	0.01015	0.03932	0.06982	0.01015	0.01449	0.00797	0.01004	0.00643	0.00384	0.00410	0.00124	0.00515	0.00361	0.00220	0.03943
30	0.00906	0.00903	0.01640	0.42845	0.19791	0.00984	0.20666	0.01238	0.04497	0.01235	0.00825	0.01127	0.00634	0.00401	0.00438	0.00137	0.00573	0.00408	0.00208	0.00543
31	0.01370	0.00597	0.00782	0.00661	0.00894	0.00529	0.00538	0.01532	0.01100	0.49281	0.05726	0.05250	0.10326	0.00692	0.00442	0.00136	0.00316	0.09275	0.09978	0.00576

[dist]
# distance from previous block
# <min> <max>
0	1

[block]
# block no. 1 follows, 63 sequences, length 65
# corresponding to MSA columns:
# 56-92,96-123
name=unknown_B
#
# <colnr> <probs for GDERKNQSTAVLIFYWHMCP>
#	G	D	E	R	K	N	Q	S	T	A	V	L	I	F	Y	W	H	M	C	P
0	0.00578	0.00399	0.00487	0.00526	0.00551	0.00385	0.00339	0.00624	0.00739	0.00980	0.05087	0.31582	0.05869	0.41542	0.01330	0.02285	0.00331	0.05742	0.00323	0.00302
1	0.88196	0.00813	0.00618	0.00553	0.00813	0.00943	0.00455	0.01236	0.00715	0.01886	0.00585	0.00683	0.00455	0.00390	0.00260	0.00130	0.00325	0.00228	0.00260	0.00455
2	0.00725	0.00496	0.00682	0.00775	0.07591	0.00472	0.00524	0.02513	0.00980	0.07494	0.19704	0.34846	0.06807	0.02815	0.01431	0.00166	0.00298	0.10863	0.00396	0.00422
3	0.00784	0.00392	0.00392	0.00392	0.00490	0.00392	0.00294	0.00980	0.00882	0.01567	0.01371	0.01567	0.01077	0.00490	0.00294	0.00098	0.00196	0.00392	0.87560	0.00392
4	0.01557	0.04634	0.01227	0.01065	0.01293	0.76707	0.00809	0.05736	0.01221	0.01111	0.00666	0.00768	0.00550	0.00434	0.00378	0.00109	0.00733	0.00275	0.00226	0.00501
5	0.01080	0.10031	0.04786	0.00847	0.01048	0.33758	0.03858	0.01230	0.03139	0.01056	0.02356	0.01674	0.09646	0.17922	0.01967	0.00185	0.01489	0.01859	0.00250	0.01818
6	0.00813	0.01823	0.64405	0.01088	0.01622	0.00875	0.03911	0.01235	0.00916	0.01351	0.07018	0.01226	0.05047	0.00461	0.00409	0.00129	0.00550	0.00376	0.00216	0.06529
7	0.01030	0.01060	0.05909	0.02509	0.78430	0.00998	0.01304	0.01292	0.00954	0.01371	0.00789	0.01033	0.00659	0.00376	0.00415	0.00125	0.00506	0.00371	0.00207	0.00664
8	0.00969	0.26472	0.41566	0.01076	0.01554	0.03597	0.09833	0.02618	0.02883	0.01260	0.02694	0.00968	0.01930	0.00411	0.00376	0.00121	0.00558	0.00329	0.00203	0.00581
9	0.01410	0.04833	0.14467	0.00985	0.01352	0.00798	0.14159	0.03212	0.01072	0.43453	0.01297	0.03288	0.00906	0.00661	0.05989	0.00168	0.00513	0.00428	0.00374	0.00636
10	0.00521	0.00372	0.00498	0.00595	0.00623	0.00349	0.00405	0.00600	0.00813	0.01083	0.02312	0.80807	0.02762	0.01309	0.00539	0.00172	0.00251	0.05255	0.00390	0.00344
11	0.01385	0.02427	0.01122	0.00899	0.01186	0.06740	0.00725	0.42009	0.25683	0.06877	0.03804	0.01312	0.02815	0.00541	0.00422	0.00130	0.00424	0.00423	0.00411	0.00664
12	0.01071	0.02841	0.04171	0.11981	0.40874	0.07450	0.13856	0.01322	0.00972	0.06439	0.00898	0.04598	0.00745	0.00431	0.00428	0.00130	0.00543	0.00418	0.00233	0.00597
13	0.00784	0.00392	0.00392	0.00392	0.00490	0.00392	0.00294	0.00980	0.00882	0.01567	0.01371	0.01567	0.01077	0.00490	0.00294	0.00098	0.00196	0.00392	0.87560	0.00392
14	0.00511	0.00369	0.00484	0.00576	0.00607	0.00342	0.00386	0.00586	0.00814	0.01077	0.02428	0.80333	0.07328	0.01303	0.00534	0.00169	0.00242	0.01177	0.00390	0.00342
15	0.00941	0.00930	0.01380	0.04942	0.19380	0.01208	0.01013	0.01076	0.00722	0.01095	0.00613	0.00955	0.00578	0.00642	0.01124	0.00169	0.62165	0.00370	0.00189	0.00506
16	0.00931	0.08904	0.43388	0.01100	0.01524	0.03292	0.08607	0.01266	0.00878	0.05734	0.00875	0.03143	0.00707	0.00740	0.08933	0.00190	0.07592	0.01422	0.00214	0.00562
17	0.01577	0.00857	0.01051	0.00844	0.01141	0.05346	0.04604	0.03327	0.21875	0.50505	0.03267	0.01443	0.01112	0.00527	0.00427	0.00133	0.00389	0.00438	0.00462	0.00676
18	0.00943	0.00834	0.01285	0.65712	0.06928	0.01000	0.01112	0.14655	0.01039	0.01357	0.00794	0.01098	0.00592	0.00432	0.00420	0.00137	0.00541	0.00374	0.00228	0.00520
19	0.00655	0.00497	0.00649	0.05179	0.03431	0.00500	0.00505	0.02209	0.07199	0.02592	0.13915	0.35525	0.11473	0.04061	0.04795	0.00190	0.00331	0.05512	0.00376	0.00407
20	0.02517	0.04447	0.31566	0.01054	0.01467	0.12251	0.06309	0.06278	0.07101	0.19303	0.01018	0.01054	0.00719	0.00453	0.00429	0.00130	0.02635	0.00356	0.00295	0.00620
21	0.13015	0.24694	0.01347	0.00815	0.01080	0.07943	0.04440	0.06064	0.07674	0.12171	0.05722	0.04504	0.00992	0.00522	0.00432	0.00125	0.05928	0.01682	0.00303	0.00545
22	0.06218	0.08108	0.14349	0.01067	0.10780	0.00881	0.06335	0.07489	0.04045	0.18323	0.13538	0.01508	0.04495	0.00525	0.00415	0.00128	0.00424	0.00445	0.00339	0.00590
23	0.01068	0.01039	0.01433	0.21850	0.41991	0.10432	0.01110	0.08754	0.01059	0.01386	0.03396	0.01159	0.02610	0.00435	0.00418	0.00127	0.00524	0.00387	0.00236	0.00587
24	0.01065	0.06769	0.21581	0.06194	0.11325	0.02364	0.08333	0.05995	0.05796	0.11818	0.02092	0.06427	0.02016	0.00588	0.02894	0.00150	0.03289	0.00436	0.00280	0.00588
25	0.01218	0.00909	0.01325	0.23933	0.16264	0.06857	0.08098	0.03293	0.03528	0.22935	0.01083	0.03396	0.00809	0.00537	0.02519	0.00147	0.01844	0.00417	0.00303	0.00585
26	0.00591	0.00501	0.00536	0.04025	0.00736	0.00468	0.00404	0.02944	0.08393	0.01238	0.05003	0.06413	0.65282	0.00982	0.00487	0.00142	0.00246	0.00823	0.00387	0.00398
27	0.00868	0.00721	0.02907	0.13395	0.14661	0.03398	0.06172	0.01049	0.00937	0.10099	0.05331	0.28209	0.08939	0.00783	0.00471	0.00145	0.00398	0.00708	0.00325	0.00484
28	0.00913	0.01380	0.32873	0.03235	0.20425	0.00900	0.16329	0.01256	0.00953	0.04376	0.05478	0.03462	0.05559	0.00477	0.00437	0.00134	0.00542	0.00446	0.00237	0.00587
29	0.03354	0.01168	0.01246	0.12396	0.11570	0.14374	0.00887	0.36493	0.04944	0.05305	0.00976	0.01142	0.00747	0.00488	0.00415	0.00128	0.00512	0.02905	0.00330	0.00620
30	0.00890	0.00845	0.01428	0.49696	0.28556	0.00957	0.04229	0.01200	0.04306	0.01213	0.00831	0.01176	0.00660	0.00422	0.00425	0.00136	0.00534	0.01745	0.00208	0.00542
31	0.00932	0.06175	0.60225	0.01179	0.05249	0.00979	0.03488	0.05672	0.00961	0.04583	0.00929	0.04846	0.02018	0.00459	0.00406	0.00132	0.00566	0.00372	0.00220	0.00609
32	0.01051	0.01015	0.03767	0.11337	0.62687	0.04258	0.01210	0.01297	0.00962	0.04817	0.00910	0.01131	0.02862	0.00407	0.00417	0.00127	0.00506	0.00384	0.00224	0.00629
33	0.03212	0.01082	0.01655	0.33163	0.04115	0.12218	0.28662	0.05037	0.02960	0.02636	0.00817	0.01074	0.00617	0.00407	0.00437	0.00135	0.00618	0.00402	0.00224	0.00529
34	0.01098	0.05279	0.01624	0.03632	0.66368	0.00997	0.01176	0.02548	0.02588	0.07050	0.00900	0.01160	0.00744	0.00412	0.00414	0.00126	0.00481	0.02509	0.00240	0.00653
35	0.04424	0.02428	0.12276	0.05035	0.26623	0.04440	0.03650	0.04073	0.05181	0.08643	0.06377	0.08739	0.04337	0.00559	0.00429	0.00133	0.00453	0.01332	0.00293	0.00575
36	0.00612	0.00454	0.00622	0.07818	0.00838	0.00453	0.01831	0.00723	0.00859	0.01144	0.15976	0.22277	0.09154	0.17734	0.02616	0.04658	0.00344	0.11198	0.00341	0.00348
37	0.00938	0.10150	0.55090	0.02613	0.07667	0.01036	0.07712	0.01332	0.00904	0.04731	0.00801	0.01972	0.00602	0.00414	0.00419	0.00130	0.02341	0.00340	0.00200	0.00607
38	0.01099	0.14092	0.23327	0.01147	0.10583	0.02934	0.07200	0.02659	0.00981	0.16341	0.01189	0.08169	0.02303	0.00547	0.00418	0.00132	0.00487	0.05521	0.00287	0.00583
39	0.01011	0.00961	0.01516	0.13757	0.59054	0.04259	0.01169	0.02529	0.00960	0.02495	0.00946	0.04480	0.02936	0.00449	0.00436	0.00130	0.01662	0.00418	0.00225	0.00608
40	0.00795	0.00585	0.00949	0.10864	0.12051	0.00604	0.06589	0.00866	0.04165	0.01027	0.04791	0.01555	0.04195	0.01016	0.01057	0.44502	0.00417	0.03386	0.00228	0.00355
41	0.01023	0.01056	0.03658	0.17448	0.56087	0.06512	0.05583	0.01280	0.00952	0.01293	0.00776	0.01038	0.00633	0.00386	0.00418	0.00128	0.00542	0.00372	0.00204	0.00611
42	0.00995	0.01076	0.07065	0.06610	0.45081	0.00984	0.24913	0.01286	0.00961	0.02636	0.00938	0.01174	0.03494	0.00399	0.00442	0.00132	0.00560	0.00425	0.00218	0.00613
43	0.00767	0.00583	0.00730	0.12226	0.01078	0.02634	0.00606	0.04419	0.05151	0.05950	0.02321	0.22459	0.18912	0.00961	0.00501	0.00158	0.00348	0.19395	0.00368	0.00431
44	0.00934	0.14318	0.42811	0.07223	0.20698	0.01086	0.04648	0.01294	0.00900	0.01272	0.00741	0.00918	0.00571	0.00387	0.00389	0.00126	0.00566	0.00325	0.00187	0.00606
45	0.00907	0.11406	0.71499	0.01131	0.01714	0.01042	0.01431	0.01345	0.00894	0.03824	0.00764	0.00881	0.00549	0.00399	0.00386	0.00128	0.00594	0.00305	0.00188	0.00615
46	0.02884	0.05574	0.75245	0.01149	0.01742	0.00993	0.01464	0.01348	0.00892	0.03860	0.00771	0.00891	0.00547	0.00401	0.00392	0.00131	0.00599	0.00309	0.00190	0.00617
47	0.00942	0.01738	0.58664	0.01146	0.04640	0.00887	0.03078	0.01375	0.04061	0.09781	0.01059	0.06339	0.01793	0.00498	0.00419	0.00137	0.00547	0.02045	0.00245	0.00608
48	0.00706	0.00527	0.00671	0.00657	0.00732	0.04789	0.00491	0.00808	0.00702	0.03786	0.01122	0.01737	0.01073	0.15209	0.58194	0.06824	0.00917	0.00458	0.00236	0.00361
49	0.83682	0.00883	0.04877	0.00586	0.00865	0.00945	0.00512	0.01241	0.00724	0.01857	0.00594	0.00693	0.00459	0.00391	0.00267	0.00130	0.00340	0.00232	0.00256	0.00464
50	0.00930	0.05987	0.45796	0.01640	0.29939	0.01003	0.02588	0.01302	0.00911	0.01330	0.00759	0.00933	0.00585	0.00384	0.00396	0.00125	0.00558	0.00329	0.00192	0.04312
51	0.08779	0.40978	0.05290	0.00845	0.01145	0.28452	0.00753	0.01386	0.00952	0.02569	0.00661	0.00776	0.00568	0.00536	0.04617	0.00132	0.00581	0.00259	0.00207	0.00513
52	0.21850	0.01019	0.11328	0.01084	0.13230	0.05529	0.04153	0.01431	0.02191	0.21309	0.01152	0.07147	0.00947	0.00536	0.00399	0.00136	0.00435	0.05234	0.00320	0.00568
53	0.00590	0.00469	0.00623	0.00674	0.05580	0.00472	0.00467	0.00724	0.00836	0.01112	0.09950	0.03971	0.29292	0.07889	0.35014	0.00380	0.00621	0.00648	0.00308	0.00379
54	0.00515	0.00368	0.00490	0.00583	0.00610	0.00343	0.00390	0.00593	0.00818	0.01094	0.05102	0.82106	0.02822	0.01301	0.00535	0.00169	0.00242	0.01180	0.00393	0.00343
55	0.00982	0.00978	0.03289	0.06985	0.63169	0.00957	0.08961	0.01237	0.00942	0.01333	0.00896	0.06684	0.00796	0.00439	0.00432	0.00131	0.00508	0.00440	0.00219	0.00622
56	0.00953	0.04460	0.01456	0.08491	0.54750	0.00939	0.01076	0.01260	0.07681	0.01335	0.01302	0.01503	0.10715	0.00491	0.00424	0.00129	0.00451	0.01735	0.00249	0.00602
57	0.00541	0.00410	0.00500	0.00526	0.00614	0.00369	0.00382	0.00669	0.00981	0.01293	0.28025	0.30263	0.28279	0.01087	0.00513	0.00151	0.00226	0.04394	0.00413	0.00365
58	0.00522	0.00401	0.00476	0.00525	0.00605	0.00359	0.00375	0.00620	0.00893	0.01137	0.07496	0.41681	0.34986	0.02950	0.00554	0.00163	0.00240	0.05276	0.00391	0.00351
59	0.00939	0.06322	0.47152	0.02178	0.03134	0.00975	0.19991	0.01320	0.00914	0.05956	0.00878	0.02764	0.00681	0.04364	0.00501	0.00146	0.00597	0.00390	0.00214	0.00586
60	0.00859	0.01748	0.13739	0.33731	0.18506	0.00858	0.03739	0.01133	0.00895	0.04000	0.01095	0.09624	0.02289	0.00554	0.00440	0.00142	0.00506	0.05380	0.00238	0.00524
61	0.00971	0.02653	0.41860	0.01383	0.09807	0.01007	0.15764	0.01329	0.00906	0.06888	0.00839	0.01063	0.00640	0.00453	0.00544	0.00141	0.10997	0.01942	0.00215	0.00597
62	0.00941	0.00710	0.00959	0.02509	0.12929	0.05098	0.04851	0.04669	0.01009	0.12511	0.08103	0.13384	0.12445	0.01090	0.11808	0.00214	0.00486	0.05447	0.00343	0.00493
63	0.02736	0.07397	0.17206	0.01292	0.18233	0.02169	0.06881	0.01490	0.00999	0.26765	0.01213	0.01258	0.05148	0.00479	0.00461	0.00131	0.04814	0.00398	0.00308	0.00622
64	0.04720	0.01064	0.09589	0.04492	0.45861	0.02860	0.02372	0.08969	0.01032	0.03502	0.00994	0.09603	0.00892	0.00504	0.00424	0.00132	0.00481	0.01642	0.00256	0.00609

[dist]
# distance from previous block
# <min> <max>
0	20

# created by:
# /st0/software/busco_prod/Augustus/scripts/msa2prfl.pl ./align_prep/40449.fa
