[name]
unknown

[dist]
# distance from previous block
# <min> <max>
0	695

[block]
# block no. 0 follows, 65 sequences, length 7
# corresponding to MSA columns:
# 695-701
name=unknown_A
#
# <colnr> <probs for GDERKNQSTAVLIFYWHMCP>
#	G	D	E	R	K	N	Q	S	T	A	V	L	I	F	Y	W	H	M	C	P
0	0.01519	0.00764	0.00958	0.00721	0.01054	0.00670	0.00591	0.11612	0.01175	0.49459	0.01282	0.01187	0.00858	0.00447	0.00381	0.00107	0.00349	0.00358	0.00419	0.26088
1	0.00775	0.00730	0.01231	0.84587	0.02827	0.00912	0.01140	0.01049	0.00821	0.01049	0.00730	0.01094	0.00547	0.00410	0.00410	0.00137	0.00547	0.00365	0.00182	0.00456
2	0.01264	0.01070	0.01413	0.11290	0.01596	0.03990	0.16373	0.43131	0.04396	0.01951	0.00913	0.01021	0.00671	0.00437	0.00414	0.00122	0.00502	0.00379	0.00321	0.08747
3	0.01004	0.00879	0.01327	0.51469	0.02281	0.01021	0.08489	0.21507	0.05275	0.01497	0.00852	0.01090	0.00628	0.00433	0.00418	0.00134	0.00525	0.00382	0.00254	0.00536
4	0.43243	0.00850	0.00892	0.15974	0.01296	0.00956	0.00658	0.18720	0.01031	0.07895	0.00775	0.00877	0.00568	0.00417	0.00331	0.00125	0.00390	0.00295	0.00293	0.04415
5	0.20767	0.00913	0.01052	0.22499	0.01539	0.01030	0.00774	0.33003	0.03823	0.06212	0.00872	0.00976	0.00633	0.00442	0.00372	0.00126	0.00431	0.00336	0.00316	0.03884
6	0.08414	0.00768	0.00978	0.16399	0.01348	0.00791	0.00695	0.17330	0.01208	0.32715	0.11264	0.01390	0.01160	0.00511	0.00405	0.00126	0.00383	0.00415	0.00392	0.03305

[dist]
# distance from previous block
# <min> <max>
2	18

[block]
# block no. 1 follows, 65 sequences, length 15
# corresponding to MSA columns:
# 720-734
name=unknown_B
#
# <colnr> <probs for GDERKNQSTAVLIFYWHMCP>
#	G	D	E	R	K	N	Q	S	T	A	V	L	I	F	Y	W	H	M	C	P
0	0.05444	0.00863	0.01249	0.00972	0.01266	0.00868	0.19035	0.10586	0.20060	0.20561	0.04848	0.01444	0.01071	0.03707	0.00487	0.00141	0.00425	0.02067	0.00368	0.04538
1	0.08575	0.01044	0.02096	0.01510	0.01903	0.00988	0.65233	0.02931	0.00965	0.04303	0.00833	0.01062	0.00622	0.00355	0.00450	0.00132	0.00620	0.00443	0.00228	0.05706
2	0.01213	0.00910	0.01102	0.10194	0.05963	0.01006	0.02396	0.21507	0.36045	0.11543	0.01371	0.01341	0.02500	0.00513	0.00417	0.00133	0.00398	0.00426	0.00384	0.00638
3	0.00775	0.00730	0.01231	0.84587	0.02827	0.00912	0.01140	0.01049	0.00821	0.01049	0.00730	0.01094	0.00547	0.00410	0.00410	0.00137	0.00547	0.00365	0.00182	0.00456
4	0.01483	0.01084	0.01230	0.00939	0.01261	0.01175	0.03448	0.65869	0.01732	0.06971	0.00982	0.01000	0.00702	0.00483	0.00439	0.00121	0.03444	0.00367	0.00389	0.06881
5	0.01636	0.00724	0.00922	0.00736	0.01017	0.02079	0.00597	0.04112	0.08811	0.64147	0.01590	0.01578	0.01097	0.05542	0.00517	0.00146	0.00360	0.03264	0.00472	0.00652
6	0.06455	0.01044	0.01203	0.00965	0.01179	0.01247	0.00800	0.49787	0.01420	0.02005	0.00811	0.00937	0.00630	0.00562	0.00716	0.00142	0.28814	0.00357	0.00324	0.00599
7	0.01090	0.00916	0.00967	0.00849	0.01094	0.01053	0.00666	0.12279	0.72063	0.01828	0.01584	0.01462	0.01183	0.00549	0.00417	0.00137	0.00341	0.00452	0.00417	0.00656
8	0.01271	0.00609	0.00817	0.00729	0.00941	0.00566	0.00608	0.05698	0.01113	0.41353	0.06450	0.07339	0.01723	0.00786	0.00476	0.00151	0.00349	0.28022	0.00448	0.00549
9	0.01703	0.00731	0.00954	0.00737	0.01052	0.00655	0.00605	0.04888	0.07113	0.68700	0.01538	0.01354	0.00994	0.00497	0.00406	0.00123	0.00348	0.00403	0.00480	0.06718
10	0.01540	0.00669	0.00893	0.00704	0.00990	0.00584	0.00579	0.01700	0.01096	0.61419	0.03887	0.01636	0.04438	0.00622	0.02757	0.00139	0.01884	0.04103	0.00453	0.09909
11	0.01001	0.00722	0.00913	0.00680	0.01003	0.00595	0.03319	0.03183	0.00943	0.14043	0.06540	0.01123	0.00909	0.00467	0.02755	0.00100	0.02191	0.00323	0.00299	0.58890
12	0.01257	0.00775	0.01158	0.06238	0.01291	0.00716	0.13318	0.05518	0.04100	0.32699	0.03959	0.06006	0.01018	0.00494	0.00424	0.00119	0.01596	0.00439	0.00364	0.18512
13	0.01098	0.00811	0.01124	0.09937	0.01313	0.02096	0.07311	0.04538	0.06767	0.18029	0.01012	0.01188	0.00780	0.00602	0.04310	0.00148	0.14956	0.02133	0.00297	0.21548
14	0.01227	0.00857	0.01359	0.01042	0.01306	0.00881	0.20669	0.07433	0.03025	0.26232	0.02137	0.01212	0.00823	0.01980	0.04750	0.00165	0.16609	0.00413	0.00321	0.07558

[dist]
# distance from previous block
# <min> <max>
5	24

[block]
# block no. 2 follows, 65 sequences, length 33
# corresponding to MSA columns:
# 762-794
name=unknown_C
#
# <colnr> <probs for GDERKNQSTAVLIFYWHMCP>
#	G	D	E	R	K	N	Q	S	T	A	V	L	I	F	Y	W	H	M	C	P
0	0.11096	0.00814	0.02235	0.00941	0.01243	0.00763	0.21313	0.02688	0.04884	0.26510	0.09314	0.01454	0.04695	0.00496	0.00435	0.00127	0.02293	0.00447	0.00352	0.07899
1	0.03569	0.00856	0.01284	0.00983	0.01292	0.00839	0.19900	0.10595	0.14598	0.29608	0.08209	0.01410	0.01141	0.00494	0.00429	0.00129	0.00423	0.00451	0.00391	0.03399
2	0.01121	0.01095	0.02014	0.01476	0.01849	0.06023	0.58032	0.03969	0.08333	0.10327	0.00985	0.01151	0.00719	0.00392	0.00461	0.00135	0.00617	0.00458	0.00266	0.00578
3	0.09230	0.00908	0.01151	0.00863	0.01203	0.00879	0.10988	0.24194	0.05138	0.08793	0.00923	0.00985	0.00687	0.00400	0.00368	0.00104	0.00402	0.00334	0.00319	0.32132
4	0.00995	0.00974	0.01870	0.24353	0.08853	0.00994	0.42963	0.06310	0.02480	0.04824	0.00857	0.01109	0.00637	0.00385	0.00449	0.00135	0.00599	0.00431	0.00230	0.00552
5	0.20786	0.01038	0.01972	0.01435	0.01811	0.01019	0.60549	0.03906	0.00939	0.01475	0.00777	0.01004	0.00585	0.00359	0.00430	0.00135	0.00599	0.00421	0.00225	0.00534
6	0.03131	0.00731	0.00845	0.00606	0.00968	0.00557	0.00485	0.01038	0.00847	0.01351	0.00725	0.00846	0.00604	0.00306	0.00303	0.00063	0.00304	0.00243	0.00243	0.85803
7	0.84643	0.00810	0.00631	0.00558	0.00815	0.00936	0.00459	0.04752	0.00753	0.01875	0.00590	0.00681	0.00456	0.00386	0.00261	0.00127	0.00323	0.00229	0.00261	0.00456
8	0.00544	0.00388	0.00526	0.00621	0.00664	0.00371	0.00456	0.00647	0.00829	0.01096	0.02238	0.63604	0.02620	0.01245	0.00536	0.00173	0.00276	0.22440	0.00380	0.00345
9	0.00602	0.00404	0.00464	0.00472	0.00479	0.00404	0.00281	0.00617	0.00624	0.00830	0.01362	0.02837	0.01560	0.79013	0.01971	0.00382	0.00396	0.06786	0.00259	0.00259
10	0.32298	0.00767	0.00843	0.00683	0.00964	0.00785	0.00562	0.10566	0.01060	0.40524	0.01147	0.01106	0.00779	0.00617	0.05422	0.00159	0.00395	0.00342	0.00390	0.00589
11	0.06287	0.01105	0.02286	0.01644	0.02046	0.02713	0.74967	0.01315	0.00956	0.01341	0.00811	0.01073	0.00610	0.00350	0.00468	0.00137	0.00670	0.00464	0.00211	0.00545
12	0.00661	0.00472	0.00661	0.00756	0.00850	0.00472	0.00661	0.00850	0.00945	0.01228	0.02173	0.04630	0.02362	0.01134	0.00567	0.00189	0.00378	0.80250	0.00378	0.00378
13	0.01760	0.00678	0.00924	0.00721	0.01020	0.00587	0.00590	0.01914	0.01151	0.78310	0.01658	0.06485	0.01119	0.00555	0.00420	0.00129	0.00343	0.00459	0.00500	0.00676
14	0.01573	0.01085	0.01187	0.00914	0.01238	0.01183	0.00754	0.68995	0.04942	0.12263	0.01088	0.01056	0.00758	0.00497	0.00411	0.00124	0.00434	0.00378	0.00423	0.00696
15	0.01021	0.00882	0.00928	0.00835	0.01067	0.01021	0.00650	0.02181	0.82272	0.01717	0.01671	0.01532	0.01253	0.00557	0.00418	0.00139	0.00325	0.00464	0.00418	0.00650
16	0.01842	0.00699	0.00953	0.00730	0.01048	0.00603	0.00603	0.02000	0.01175	0.83298	0.01619	0.01397	0.01016	0.00508	0.00413	0.00127	0.00349	0.00413	0.00508	0.00699
17	0.12263	0.00710	0.00911	0.00707	0.01017	0.00642	0.00584	0.01905	0.01118	0.73499	0.01493	0.01309	0.00947	0.00493	0.00394	0.00127	0.00345	0.00390	0.00477	0.00668
18	0.84783	0.00790	0.00618	0.00548	0.00805	0.00907	0.00451	0.01240	0.00719	0.05312	0.00616	0.00698	0.00469	0.00386	0.00261	0.00127	0.00319	0.00230	0.00265	0.00455
19	0.00581	0.00420	0.00549	0.00516	0.00613	0.00387	0.00387	0.00775	0.01162	0.01646	0.82797	0.03066	0.03873	0.00839	0.00484	0.00129	0.00194	0.00742	0.00452	0.00387
20	0.01842	0.00699	0.00953	0.00730	0.01048	0.00603	0.00603	0.02000	0.01175	0.83298	0.01619	0.01397	0.01016	0.00508	0.00413	0.00127	0.00349	0.00413	0.00508	0.00699
21	0.00574	0.00419	0.00538	0.00509	0.00609	0.00384	0.00381	0.00760	0.01144	0.01604	0.76687	0.03135	0.10009	0.00855	0.00484	0.00130	0.00195	0.00752	0.00446	0.00384
22	0.88473	0.00794	0.00603	0.00540	0.00794	0.00921	0.00445	0.01207	0.00699	0.01842	0.00572	0.00667	0.00445	0.00381	0.00254	0.00127	0.00318	0.00222	0.00254	0.00445
23	0.01560	0.01150	0.01232	0.00944	0.01273	0.01273	0.00780	0.81645	0.01930	0.02587	0.00986	0.00986	0.00698	0.00493	0.00411	0.00123	0.00452	0.00370	0.00411	0.00698
24	0.01384	0.00821	0.00954	0.00798	0.01070	0.00863	0.00637	0.06144	0.45074	0.35075	0.01615	0.01449	0.01128	0.00534	0.00415	0.00133	0.00341	0.00438	0.00454	0.00672
25	0.00534	0.00418	0.00483	0.00467	0.00584	0.00367	0.00350	0.00684	0.01051	0.01382	0.44176	0.03500	0.42659	0.00938	0.00485	0.00134	0.00201	0.00803	0.00417	0.00367
26	0.88473	0.00794	0.00603	0.00540	0.00794	0.00921	0.00445	0.01207	0.00699	0.01842	0.00572	0.00667	0.00445	0.00381	0.00254	0.00127	0.00318	0.00222	0.00254	0.00445
27	0.00947	0.00980	0.01250	0.01076	0.01093	0.07680	0.00890	0.01038	0.00670	0.00989	0.00546	0.00886	0.00538	0.00695	0.01271	0.00174	0.78290	0.00352	0.00182	0.00451
28	0.01062	0.00818	0.00894	0.00794	0.01021	0.00917	0.00620	0.02027	0.66156	0.10029	0.09513	0.01666	0.01482	0.00579	0.00424	0.00137	0.00315	0.00486	0.00430	0.00629
29	0.00511	0.00380	0.00476	0.00530	0.00590	0.00346	0.00368	0.00611	0.00883	0.01165	0.16772	0.54007	0.19548	0.01157	0.00509	0.00154	0.00224	0.01030	0.00393	0.00346
30	0.78909	0.00823	0.00666	0.00579	0.00841	0.00944	0.00477	0.08205	0.00817	0.03808	0.00632	0.00712	0.00480	0.00394	0.00271	0.00127	0.00330	0.00240	0.00274	0.00472
31	0.10613	0.00866	0.00955	0.00759	0.01058	0.09103	0.00618	0.06716	0.02635	0.60309	0.01376	0.01234	0.00894	0.00486	0.00392	0.00125	0.00391	0.00377	0.00445	0.00649
32	0.79561	0.00764	0.00611	0.00550	0.00794	0.00873	0.00448	0.01205	0.00725	0.05386	0.00716	0.05600	0.00601	0.00439	0.00277	0.00129	0.00314	0.00285	0.00273	0.00449

[dist]
# distance from previous block
# <min> <max>
0	3

[block]
# block no. 3 follows, 65 sequences, length 13
# corresponding to MSA columns:
# 798-810
name=unknown_D
#
# <colnr> <probs for GDERKNQSTAVLIFYWHMCP>
#	G	D	E	R	K	N	Q	S	T	A	V	L	I	F	Y	W	H	M	C	P
0	0.00617	0.00441	0.00602	0.00686	0.00762	0.00433	0.00565	0.00770	0.00903	0.01182	0.04940	0.21619	0.04581	0.04934	0.00621	0.00190	0.00338	0.55076	0.00375	0.00362
1	0.00597	0.00398	0.00448	0.00448	0.00448	0.00398	0.00249	0.00597	0.00597	0.00796	0.01293	0.02686	0.01492	0.85574	0.02089	0.00398	0.00398	0.00597	0.00249	0.00249
2	0.51316	0.00946	0.00872	0.00713	0.00999	0.01071	0.00588	0.35596	0.01225	0.02160	0.00749	0.00803	0.00553	0.00429	0.00321	0.00125	0.00375	0.00285	0.00321	0.00553
3	0.79886	0.00829	0.00665	0.00580	0.00841	0.00956	0.00478	0.09155	0.00820	0.01915	0.00612	0.00698	0.00470	0.00392	0.00270	0.00127	0.00331	0.00237	0.00270	0.00470
4	0.12888	0.01082	0.01150	0.05030	0.01287	0.01209	0.00754	0.67137	0.01714	0.02413	0.00919	0.00949	0.00657	0.00474	0.00390	0.00124	0.00439	0.00350	0.00379	0.00653
5	0.22062	0.01007	0.01062	0.03022	0.03232	0.01104	0.00700	0.50609	0.01496	0.06743	0.00900	0.00931	0.00647	0.00454	0.00369	0.00122	0.00411	0.00331	0.00361	0.04438
6	0.01415	0.01193	0.13660	0.00923	0.01288	0.01073	0.00842	0.48550	0.06687	0.13807	0.01068	0.01053	0.00747	0.00473	0.00402	0.00122	0.00444	0.00365	0.00380	0.05508
7	0.01361	0.05777	0.10057	0.03700	0.01252	0.06791	0.02519	0.15478	0.01170	0.28530	0.01055	0.01052	0.00737	0.00429	0.00378	0.00110	0.00433	0.00337	0.00343	0.18491
8	0.01206	0.01058	0.15606	0.00887	0.01274	0.02727	0.08446	0.05134	0.05184	0.25517	0.01060	0.01077	0.00749	0.00408	0.00381	0.00108	0.00426	0.00344	0.00321	0.28087
9	0.01316	0.00825	0.07946	0.00773	0.01104	0.00635	0.05075	0.03668	0.01083	0.40812	0.11600	0.01414	0.01215	0.00485	0.00399	0.00113	0.00363	0.00410	0.00394	0.20370
10	0.01068	0.08514	0.18172	0.00897	0.01276	0.00799	0.11046	0.03387	0.00997	0.17850	0.10443	0.01240	0.01048	0.00439	0.00387	0.00110	0.00428	0.00380	0.00300	0.21219
11	0.01104	0.05068	0.19761	0.01038	0.01421	0.00807	0.20657	0.01384	0.00988	0.22344	0.08766	0.01287	0.01018	0.00543	0.03539	0.00142	0.00504	0.00413	0.00303	0.08914
12	0.00977	0.05213	0.10036	0.01328	0.05299	0.00923	0.40728	0.01284	0.02341	0.06502	0.05479	0.01150	0.00824	0.00396	0.00450	0.00123	0.02666	0.00419	0.00243	0.13618

[dist]
# distance from previous block
# <min> <max>
2	16

[block]
# block no. 4 follows, 65 sequences, length 46
# corresponding to MSA columns:
# 827-872
name=unknown_E
#
# <colnr> <probs for GDERKNQSTAVLIFYWHMCP>
#	G	D	E	R	K	N	Q	S	T	A	V	L	I	F	Y	W	H	M	C	P
0	0.07364	0.02451	0.01213	0.04268	0.01273	0.00793	0.17242	0.04871	0.09479	0.29431	0.04195	0.02303	0.01009	0.03404	0.06852	0.00179	0.00480	0.00437	0.00356	0.02400
1	0.00879	0.00799	0.02075	0.00927	0.01137	0.05766	0.21743	0.03277	0.07272	0.04543	0.03265	0.07518	0.01186	0.22642	0.06461	0.00233	0.00514	0.01566	0.00277	0.07919
2	0.01084	0.06692	0.10798	0.01117	0.01462	0.10295	0.25552	0.06045	0.06818	0.07729	0.00931	0.01105	0.00723	0.02922	0.05844	0.00162	0.00583	0.00384	0.00258	0.09496
3	0.01110	0.01092	0.03124	0.01435	0.01804	0.06630	0.54879	0.04940	0.01026	0.10638	0.00916	0.01114	0.00678	0.00489	0.03803	0.00152	0.01575	0.00441	0.00252	0.03902
4	0.03196	0.02493	0.38199	0.01274	0.01743	0.02931	0.28073	0.05700	0.03416	0.04511	0.00842	0.00999	0.00615	0.00445	0.02157	0.00141	0.00608	0.00374	0.00223	0.02060
5	0.16882	0.01001	0.02849	0.04558	0.04993	0.00976	0.47477	0.05180	0.02104	0.04915	0.00861	0.02069	0.00664	0.00394	0.00426	0.00134	0.00561	0.01464	0.00245	0.02246
6	0.32616	0.00807	0.00954	0.00767	0.01046	0.02535	0.08806	0.04190	0.07079	0.26424	0.06038	0.01229	0.00953	0.01373	0.00384	0.00131	0.00373	0.01331	0.00356	0.02607
7	0.17573	0.00761	0.01063	0.28161	0.15198	0.00846	0.02400	0.05116	0.04397	0.02431	0.15493	0.01367	0.01187	0.00483	0.00393	0.00129	0.00412	0.00411	0.00274	0.01905
8	0.03125	0.00834	0.01084	0.02067	0.08081	0.02588	0.01825	0.11087	0.07132	0.33516	0.03600	0.01422	0.01003	0.01335	0.00586	0.00140	0.14217	0.04374	0.00377	0.01609
9	0.00765	0.00383	0.00383	0.00383	0.00478	0.00383	0.00287	0.00956	0.00861	0.01530	0.01339	0.01530	0.01052	0.00478	0.00287	0.00096	0.00191	0.00383	0.87853	0.00383
10	0.01041	0.68722	0.18759	0.00798	0.01201	0.01487	0.00869	0.01244	0.00841	0.01034	0.00605	0.00701	0.00525	0.00359	0.00289	0.00096	0.00473	0.00237	0.00175	0.00543
11	0.03949	0.00557	0.00680	0.00602	0.00770	0.00536	0.00468	0.05106	0.06927	0.18514	0.38930	0.05757	0.10358	0.02525	0.00490	0.00138	0.00264	0.02514	0.00437	0.00479
12	0.01153	0.79476	0.02062	0.00704	0.01053	0.01548	0.00695	0.01287	0.00859	0.07103	0.00649	0.00714	0.00563	0.00363	0.00275	0.00091	0.00432	0.00234	0.00200	0.00540
13	0.01842	0.00699	0.00953	0.00730	0.01048	0.00603	0.00603	0.02000	0.01175	0.83298	0.01619	0.01397	0.01016	0.00508	0.00413	0.00127	0.00349	0.00413	0.00508	0.00699
14	0.00781	0.00732	0.01231	0.75507	0.08328	0.00893	0.01118	0.01044	0.00827	0.01069	0.00794	0.04456	0.00641	0.00442	0.00415	0.00137	0.00531	0.00397	0.00192	0.00465
15	0.01516	0.01726	0.01151	0.01016	0.01249	0.63605	0.00776	0.13565	0.06374	0.04088	0.00785	0.00849	0.00616	0.00445	0.00381	0.00111	0.00658	0.00298	0.00264	0.00527
16	0.00586	0.00393	0.00451	0.00461	0.00464	0.00391	0.00263	0.00594	0.00618	0.00824	0.01401	0.11882	0.01628	0.76192	0.01915	0.00372	0.00380	0.00660	0.00263	0.00258
17	0.01021	0.00882	0.00928	0.00835	0.01067	0.01021	0.00650	0.02181	0.82272	0.01717	0.01671	0.01532	0.01253	0.00557	0.00418	0.00139	0.00325	0.00464	0.00418	0.00650
18	0.00817	0.00788	0.01379	0.68731	0.11357	0.00930	0.08009	0.01094	0.00846	0.01103	0.00743	0.01087	0.00565	0.00400	0.00416	0.00135	0.00553	0.00375	0.00187	0.00485
19	0.00765	0.00383	0.00383	0.00383	0.00478	0.00383	0.00287	0.00956	0.00861	0.01530	0.01339	0.01530	0.01052	0.00478	0.00287	0.00096	0.00191	0.00383	0.87853	0.00383
20	0.00517	0.00369	0.00496	0.00591	0.00622	0.00348	0.00411	0.00601	0.00803	0.01067	0.02253	0.76746	0.02678	0.01270	0.00529	0.00169	0.00253	0.09558	0.00381	0.00338
21	0.03396	0.33792	0.36304	0.00937	0.01389	0.01262	0.01053	0.14926	0.01030	0.01406	0.00711	0.00802	0.00551	0.00392	0.00342	0.00113	0.00509	0.00280	0.00217	0.00587
22	0.00973	0.23714	0.48039	0.01076	0.01575	0.01164	0.08063	0.08472	0.00962	0.01330	0.00724	0.00844	0.00546	0.00385	0.00367	0.00119	0.00556	0.00303	0.00198	0.00590
23	0.01500	0.01839	0.01160	0.01042	0.01257	0.73531	0.00789	0.06703	0.04443	0.01133	0.00696	0.00791	0.00569	0.00439	0.00397	0.00110	0.02594	0.00281	0.00232	0.00496
24	0.05042	0.28192	0.01500	0.00927	0.01208	0.39373	0.03198	0.13681	0.01151	0.01278	0.00671	0.00760	0.00553	0.00407	0.00341	0.00105	0.00582	0.00271	0.00232	0.00527
25	0.75582	0.00780	0.00655	0.00568	0.00832	0.00874	0.00468	0.01325	0.00769	0.13963	0.00727	0.00776	0.00530	0.00400	0.00278	0.00127	0.00322	0.00251	0.00292	0.00482
26	0.01484	0.12188	0.01295	0.00997	0.01243	0.61467	0.00780	0.13494	0.01237	0.01235	0.00679	0.00767	0.00554	0.00425	0.00363	0.00106	0.00660	0.00274	0.00237	0.00515
27	0.00771	0.00675	0.00693	0.00730	0.00820	0.12880	0.00584	0.00906	0.00880	0.01082	0.01666	0.03375	0.01788	0.18239	0.08697	0.00263	0.00504	0.44769	0.00312	0.00365
28	0.00935	0.01019	0.02087	0.08630	0.02029	0.00954	0.62607	0.01250	0.00939	0.01296	0.00807	0.01068	0.00614	0.00345	0.00451	0.00127	0.00622	0.00438	0.00211	0.13571
29	0.00700	0.00488	0.00550	0.00507	0.00650	0.00444	0.00375	0.00892	0.07108	0.08898	0.16586	0.03065	0.40138	0.13469	0.00705	0.00171	0.00260	0.00707	0.00383	0.03903
30	0.00740	0.00385	0.00392	0.00392	0.00474	0.00385	0.00281	0.00903	0.00822	0.01421	0.01332	0.01702	0.01118	0.13141	0.00555	0.00141	0.00222	0.00414	0.74816	0.00363
31	0.03642	0.54224	0.11048	0.00873	0.01252	0.01427	0.07691	0.13210	0.01008	0.01299	0.00673	0.00769	0.00557	0.00377	0.00318	0.00103	0.00478	0.00274	0.00215	0.00561
32	0.00677	0.00479	0.00620	0.00606	0.00670	0.00529	0.00434	0.00876	0.12765	0.00981	0.01167	0.01824	0.01129	0.24681	0.34511	0.16327	0.00660	0.00471	0.00250	0.00343
33	0.00731	0.00545	0.00745	0.00702	0.00813	0.00626	0.00553	0.12774	0.00849	0.01196	0.01083	0.01519	0.00977	0.02694	0.71516	0.00580	0.01003	0.00429	0.00248	0.00416
34	0.00714	0.00418	0.00563	0.00611	0.00684	0.00385	0.00438	0.00808	0.00857	0.13303	0.02159	0.65938	0.02432	0.01157	0.00511	0.00163	0.00267	0.07800	0.00400	0.00392
35	0.01068	0.08339	0.02222	0.01526	0.01922	0.01123	0.62614	0.13262	0.01100	0.01474	0.00831	0.01051	0.00626	0.00368	0.00455	0.00132	0.00635	0.00445	0.00235	0.00573
36	0.01072	0.01224	0.02202	0.01608	0.01990	0.13363	0.67702	0.01378	0.01002	0.03099	0.00819	0.01059	0.00618	0.00361	0.00466	0.00133	0.00692	0.00450	0.00215	0.00545
37	0.13592	0.00422	0.00495	0.00567	0.00625	0.00421	0.00390	0.00666	0.00773	0.01166	0.02011	0.72711	0.02377	0.01151	0.00484	0.00161	0.00250	0.01026	0.00362	0.00350
38	0.00986	0.00933	0.01535	0.04079	0.69004	0.00910	0.01142	0.01221	0.00920	0.01334	0.00765	0.00993	0.00642	0.00358	0.00391	0.00113	0.00462	0.00347	0.00209	0.13657
39	0.01694	0.00703	0.00938	0.00712	0.01037	0.00595	0.00586	0.01857	0.01127	0.71101	0.01487	0.01316	0.00955	0.00478	0.00397	0.00117	0.00343	0.00388	0.00469	0.13702
40	0.00884	0.00497	0.00509	0.00466	0.00597	0.00515	0.00360	0.12964	0.01020	0.01688	0.01286	0.01449	0.00999	0.00480	0.00305	0.00100	0.00230	0.00381	0.74840	0.00430
41	0.00929	0.01043	0.02256	0.01631	0.02013	0.00978	0.74602	0.01251	0.00953	0.01292	0.00953	0.08289	0.00801	0.00426	0.00488	0.00141	0.00653	0.00543	0.00222	0.00535
42	0.21397	0.01638	0.51359	0.01073	0.01564	0.00943	0.10760	0.01306	0.00851	0.04455	0.00742	0.00868	0.00533	0.00387	0.00370	0.00130	0.00540	0.00310	0.00209	0.00566
43	0.01604	0.00715	0.00930	0.00722	0.01035	0.00628	0.00591	0.01852	0.08040	0.62697	0.01501	0.01384	0.00999	0.00493	0.00400	0.00119	0.00341	0.01798	0.00459	0.13693
44	0.01759	0.00831	0.01035	0.00793	0.01114	0.00800	0.00655	0.25447	0.01397	0.59538	0.01433	0.01276	0.00922	0.00504	0.00412	0.00126	0.00379	0.00400	0.00479	0.00698
45	0.00886	0.00765	0.01162	0.55219	0.05164	0.00915	0.00991	0.14408	0.00985	0.01301	0.00829	0.01151	0.00647	0.00820	0.12842	0.00212	0.00611	0.00377	0.00227	0.00490

[dist]
# distance from previous block
# <min> <max>
0	6

# created by:
# /st0/software/busco_prod/Augustus/scripts/msa2prfl.pl ./align_prep/40497.fa
