[name]
unknown

[dist]
# distance from previous block
# <min> <max>
0	55

[block]
# block no. 0 follows, 64 sequences, length 38
# corresponding to MSA columns:
# 180-217
name=unknown_A
#
# <colnr> <probs for GDERKNQSTAVLIFYWHMCP>
#	G	D	E	R	K	N	Q	S	T	A	V	L	I	F	Y	W	H	M	C	P
0	0.01722	0.02067	0.13714	0.02743	0.09980	0.01663	0.37132	0.07559	0.03571	0.02772	0.01033	0.01515	0.00865	0.00481	0.00461	0.00140	0.00579	0.10352	0.00254	0.01398
1	0.02696	0.00876	0.01103	0.00896	0.01172	0.01717	0.08713	0.10040	0.36892	0.24775	0.01474	0.01446	0.01070	0.04580	0.00505	0.00148	0.00394	0.00448	0.00414	0.00642
2	0.00697	0.00583	0.00602	0.00633	0.00698	0.08904	0.00444	0.04587	0.00871	0.01102	0.03185	0.46353	0.05332	0.13676	0.03599	0.02610	0.00365	0.05062	0.00340	0.00358
3	0.02224	0.15262	0.47033	0.07161	0.06047	0.05147	0.01240	0.08820	0.00985	0.01360	0.00736	0.00870	0.00553	0.00400	0.00376	0.00123	0.00564	0.00304	0.00204	0.00592
4	0.00669	0.12532	0.00750	0.00558	0.00671	0.00614	0.00411	0.00854	0.09073	0.01080	0.04016	0.24787	0.18752	0.22379	0.00875	0.00207	0.00312	0.00752	0.00328	0.00380
5	0.00688	0.00517	0.00712	0.00683	0.00787	0.00588	0.00535	0.08953	0.00815	0.01142	0.01280	0.01704	0.05731	0.02729	0.70444	0.00582	0.00994	0.00463	0.00252	0.00404
6	0.00924	0.00873	0.01442	0.37554	0.42435	0.00963	0.01177	0.01252	0.06913	0.01258	0.00830	0.01101	0.00658	0.00404	0.00414	0.00131	0.00507	0.00377	0.00213	0.00574
7	0.01190	0.01302	0.01629	0.01900	0.41615	0.25213	0.13975	0.03747	0.03047	0.01299	0.00779	0.00973	0.00634	0.00392	0.00414	0.00122	0.00596	0.00362	0.00220	0.00592
8	0.01466	0.00840	0.05007	0.00861	0.01175	0.00748	0.08224	0.01883	0.19231	0.48558	0.01681	0.01541	0.05747	0.00535	0.00429	0.00133	0.00385	0.00457	0.00441	0.00657
9	0.00522	0.00381	0.00505	0.00583	0.00626	0.00364	0.00407	0.00610	0.00803	0.01064	0.02324	0.66052	0.09152	0.01458	0.09007	0.00218	0.00334	0.04879	0.00369	0.00344
10	0.01455	0.01776	0.01133	0.01028	0.01246	0.68268	0.00775	0.01761	0.16304	0.01151	0.00838	0.00899	0.00672	0.00453	0.00384	0.00113	0.00670	0.00305	0.00253	0.00514
11	0.00602	0.00412	0.00500	0.00500	0.00516	0.00428	0.00310	0.00634	0.00618	0.00840	0.01266	0.02483	0.01408	0.67565	0.19811	0.00460	0.00557	0.00570	0.00245	0.00278
12	0.01419	0.01751	0.01379	0.01349	0.12933	0.63580	0.09070	0.01571	0.01124	0.01097	0.00682	0.00826	0.00562	0.00412	0.00392	0.00113	0.00708	0.00305	0.00212	0.00515
13	0.00579	0.00424	0.00542	0.00513	0.00615	0.00388	0.00385	0.00766	0.01154	0.01613	0.75062	0.03189	0.11482	0.00869	0.00490	0.00132	0.00197	0.00763	0.00450	0.00388
14	0.00574	0.00479	0.00509	0.00509	0.00643	0.00447	0.00378	0.00830	0.12434	0.01224	0.06975	0.15785	0.55691	0.01011	0.00487	0.00144	0.00231	0.00859	0.00394	0.00394
15	0.28391	0.00998	0.01072	0.01031	0.12666	0.04213	0.00730	0.31665	0.01294	0.12794	0.00908	0.00947	0.00656	0.00445	0.00365	0.00126	0.00418	0.00329	0.00342	0.00612
16	0.00854	0.00779	0.01216	0.46430	0.19529	0.00899	0.01017	0.01223	0.12349	0.01195	0.00941	0.01317	0.00775	0.09084	0.00589	0.00162	0.00493	0.00408	0.00230	0.00510
17	0.00626	0.00492	0.00729	0.00711	0.00777	0.00596	0.00559	0.00768	0.00664	0.00968	0.01055	0.01558	0.00988	0.02872	0.75363	0.00618	0.09622	0.00437	0.00218	0.00379
18	0.01111	0.85652	0.02177	0.00711	0.01066	0.01644	0.00711	0.01244	0.00844	0.00977	0.00577	0.00666	0.00533	0.00355	0.00267	0.00089	0.00444	0.00222	0.00178	0.00533
19	0.00930	0.12812	0.02800	0.00652	0.01019	0.00733	0.00556	0.01940	0.00877	0.03393	0.00739	0.00850	0.00612	0.00328	0.00319	0.00070	0.01215	0.00251	0.00243	0.69660
20	0.02164	0.00930	0.02240	0.04225	0.52069	0.02156	0.07018	0.03009	0.00985	0.12912	0.01001	0.05822	0.00836	0.02244	0.00458	0.00134	0.00477	0.00432	0.00265	0.00621
21	0.00505	0.00415	0.00445	0.00450	0.00573	0.00355	0.00333	0.00619	0.00962	0.01188	0.14439	0.12143	0.64032	0.01050	0.00495	0.00142	0.00212	0.00891	0.00395	0.00355
22	0.01183	0.02663	0.01478	0.09717	0.49514	0.11874	0.01089	0.04618	0.02924	0.09664	0.00872	0.01042	0.00684	0.00406	0.00405	0.00123	0.00512	0.00361	0.00249	0.00621
23	0.01069	0.01130	0.02176	0.01613	0.03972	0.04768	0.64277	0.05256	0.05901	0.04179	0.00916	0.01131	0.00682	0.00380	0.00473	0.00137	0.00652	0.00468	0.00243	0.00577
24	0.00509	0.00374	0.00473	0.00548	0.00592	0.00343	0.00371	0.00587	0.00825	0.01080	0.04743	0.67694	0.15511	0.03548	0.00566	0.00170	0.00239	0.01105	0.00384	0.00339
25	0.00530	0.00383	0.00487	0.00540	0.00587	0.00356	0.00366	0.00622	0.00863	0.01156	0.17667	0.53399	0.10440	0.09759	0.00680	0.00183	0.00246	0.01011	0.00386	0.00340
26	0.00854	0.00620	0.00732	0.00678	0.00757	0.05584	0.00507	0.01931	0.00771	0.09377	0.01194	0.06559	0.01157	0.23896	0.22696	0.00348	0.13162	0.00498	0.08283	0.00396
27	0.00999	0.03247	0.01196	0.00989	0.01127	0.07946	0.06857	0.10131	0.12461	0.01323	0.01152	0.11534	0.04236	0.00699	0.00808	0.00154	0.33857	0.00499	0.00280	0.00505
28	0.01118	0.00898	0.00967	0.00833	0.01072	0.01011	0.00656	0.24034	0.48290	0.01943	0.09122	0.05545	0.01431	0.00608	0.00432	0.00137	0.00348	0.00504	0.00422	0.00631
29	0.01319	0.01120	0.01096	0.00861	0.01172	0.12729	0.00693	0.43135	0.01466	0.01944	0.00882	0.00961	0.00676	0.00587	0.05206	0.00136	0.00495	0.00328	0.00329	0.24867
30	0.00818	0.00794	0.01153	0.00990	0.01041	0.01040	0.05439	0.00935	0.00693	0.01025	0.01030	0.01357	0.08996	0.01138	0.14998	0.00256	0.57215	0.00437	0.00211	0.00436
31	0.01153	0.00549	0.00628	0.00539	0.00720	0.00534	0.00426	0.08863	0.01062	0.24283	0.01400	0.01459	0.01021	0.00494	0.00338	0.00108	0.00263	0.00394	0.55260	0.00506
32	0.00953	0.00826	0.00921	0.00958	0.12487	0.09166	0.00643	0.16250	0.05396	0.01708	0.38560	0.02144	0.06929	0.00669	0.00450	0.00127	0.00351	0.00570	0.00383	0.00509
33	0.00596	0.00418	0.00524	0.00514	0.00611	0.00378	0.00378	0.00730	0.01030	0.03601	0.45682	0.15374	0.21575	0.00988	0.00560	0.05222	0.00220	0.00812	0.00416	0.00371
34	0.00593	0.00445	0.00668	0.00668	0.00742	0.00519	0.00519	0.00742	0.00668	0.00964	0.01113	0.01632	0.01038	0.03115	0.83756	0.00668	0.01113	0.00445	0.00223	0.00371
35	0.01002	0.01193	0.13330	0.06069	0.54381	0.04025	0.11363	0.01292	0.00943	0.01321	0.00777	0.01012	0.00626	0.00375	0.00418	0.00127	0.00549	0.00372	0.00201	0.00624
36	0.00631	0.00399	0.00504	0.00504	0.00515	0.00409	0.00315	0.00608	0.00598	0.00807	0.01140	0.02217	0.01255	0.53738	0.13422	0.21440	0.00492	0.00523	0.00230	0.00251
37	0.03667	0.47237	0.05690	0.00833	0.01143	0.27393	0.00755	0.02732	0.00971	0.01066	0.00788	0.00869	0.04490	0.00417	0.00320	0.00101	0.00534	0.00275	0.00205	0.00513

[dist]
# distance from previous block
# <min> <max>
1	3

[block]
# block no. 1 follows, 64 sequences, length 23
# corresponding to MSA columns:
# 221-243
name=unknown_B
#
# <colnr> <probs for GDERKNQSTAVLIFYWHMCP>
#	G	D	E	R	K	N	Q	S	T	A	V	L	I	F	Y	W	H	M	C	P
0	0.03489	0.26429	0.23417	0.01030	0.01439	0.10105	0.10415	0.13143	0.01078	0.04681	0.00764	0.00864	0.00586	0.00401	0.00366	0.00116	0.00547	0.00311	0.00235	0.00582
1	0.00992	0.25417	0.46812	0.01121	0.05781	0.05431	0.03109	0.04562	0.00933	0.01261	0.00707	0.00830	0.00545	0.00387	0.00362	0.00118	0.00563	0.00291	0.00190	0.00589
2	0.00722	0.00361	0.00541	0.00541	0.00541	0.00361	0.00361	0.00541	0.00541	0.00722	0.00722	0.01263	0.00722	0.01443	0.01623	0.87915	0.00361	0.00361	0.00180	0.00180
3	0.00965	0.03726	0.17465	0.00929	0.01221	0.15399	0.08942	0.06161	0.06929	0.02511	0.21922	0.01800	0.08036	0.00593	0.00435	0.00128	0.00466	0.01545	0.00314	0.00512
4	0.00961	0.00910	0.01551	0.09840	0.63864	0.00924	0.04379	0.01189	0.00902	0.01273	0.00833	0.01210	0.00734	0.08988	0.00587	0.00154	0.00498	0.00399	0.00209	0.00595
5	0.00810	0.00634	0.00782	0.00743	0.00877	0.00666	0.03791	0.14197	0.17833	0.01467	0.01895	0.50613	0.02020	0.00978	0.00487	0.00155	0.00313	0.00873	0.00391	0.00473
6	0.01065	0.36780	0.36485	0.00960	0.01412	0.07561	0.01074	0.07969	0.00975	0.01260	0.00689	0.00790	0.00545	0.00389	0.00342	0.00111	0.00541	0.00274	0.00199	0.00578
7	0.00643	0.00447	0.00598	0.00594	0.00667	0.00500	0.00444	0.00817	0.03994	0.01068	0.01207	0.01787	0.01127	0.15606	0.53560	0.00509	0.00815	0.00462	0.14789	0.00366
8	0.00985	0.01066	0.04581	0.01572	0.01957	0.00972	0.66104	0.02849	0.00995	0.04628	0.01012	0.04827	0.00834	0.00447	0.00489	0.00143	0.00642	0.05102	0.00243	0.00551
9	0.88336	0.00803	0.00611	0.00546	0.00803	0.00932	0.00450	0.01221	0.00707	0.01864	0.00578	0.00675	0.00450	0.00386	0.00257	0.00129	0.00321	0.00225	0.00257	0.00450
10	0.00816	0.00648	0.00755	0.00647	0.00861	0.00620	0.00499	0.01277	0.23748	0.03516	0.31693	0.05415	0.02132	0.00628	0.00420	0.00116	0.00270	0.00541	0.00387	0.25010
11	0.00525	0.00381	0.00496	0.00573	0.00617	0.00354	0.00399	0.00617	0.00845	0.01119	0.08318	0.64545	0.09601	0.02778	0.00556	0.00169	0.00249	0.07124	0.00388	0.00344
12	0.01505	0.00698	0.00889	0.00722	0.00987	0.00654	0.00589	0.09922	0.05052	0.51730	0.05315	0.01864	0.05144	0.02861	0.00476	0.00140	0.00346	0.06503	0.03979	0.00624
13	0.00510	0.00395	0.00466	0.00503	0.00587	0.00350	0.00356	0.00613	0.00911	0.01167	0.13805	0.39431	0.37149	0.01134	0.00508	0.00151	0.00222	0.00993	0.00395	0.00350
14	0.00593	0.00445	0.00668	0.00668	0.00742	0.00519	0.00519	0.00742	0.00668	0.00964	0.01113	0.01632	0.01038	0.03115	0.83756	0.00668	0.01113	0.00445	0.00223	0.00371
15	0.00897	0.00767	0.09088	0.00735	0.00922	0.00655	0.00614	0.20582	0.01136	0.07016	0.05351	0.43625	0.05039	0.00930	0.00477	0.00149	0.00336	0.00813	0.00383	0.00484
16	0.00784	0.00738	0.01246	0.84404	0.02861	0.00923	0.01154	0.01061	0.00831	0.01061	0.00738	0.01107	0.00554	0.00415	0.00415	0.00138	0.00554	0.00369	0.00185	0.00461
17	0.01086	0.41004	0.04901	0.07353	0.05712	0.15519	0.02945	0.03134	0.00918	0.01076	0.00747	0.04358	0.00679	0.00634	0.06691	0.00150	0.02053	0.00323	0.00205	0.00512
18	0.00723	0.00636	0.03970	0.00627	0.00755	0.03986	0.02851	0.08476	0.00962	0.01266	0.13327	0.13856	0.17579	0.21302	0.05803	0.00233	0.00389	0.00691	0.02179	0.00389
19	0.03252	0.01045	0.05646	0.04632	0.13902	0.10544	0.06572	0.15504	0.08672	0.04836	0.05765	0.02640	0.06993	0.00741	0.07244	0.00173	0.00525	0.00448	0.00307	0.00560
20	0.05348	0.11240	0.06398	0.00890	0.05385	0.06352	0.08499	0.06061	0.01003	0.05213	0.15675	0.03687	0.10583	0.00680	0.00545	0.08727	0.01366	0.00490	0.00299	0.01561
21	0.12736	0.12739	0.08322	0.01003	0.08487	0.10404	0.04836	0.09013	0.03838	0.02433	0.00758	0.00871	0.00605	0.00393	0.00370	0.00107	0.02463	0.00296	0.00247	0.20079
22	0.06559	0.11806	0.08164	0.01028	0.07940	0.05788	0.11484	0.03094	0.05004	0.09539	0.05795	0.01256	0.04388	0.00558	0.03738	0.00137	0.00476	0.00386	0.00279	0.12580

[dist]
# distance from previous block
# <min> <max>
1	61

[block]
# block no. 2 follows, 64 sequences, length 37
# corresponding to MSA columns:
# 313-349
name=unknown_C
#
# <colnr> <probs for GDERKNQSTAVLIFYWHMCP>
#	G	D	E	R	K	N	Q	S	T	A	V	L	I	F	Y	W	H	M	C	P
0	0.03035	0.07323	0.07683	0.00821	0.01110	0.11318	0.05809	0.09427	0.09401	0.06584	0.06781	0.01539	0.11222	0.00534	0.00394	0.00116	0.00419	0.00433	0.04388	0.11661
1	0.10652	0.03936	0.06540	0.00742	0.02738	0.02707	0.00611	0.06055	0.12274	0.07054	0.06500	0.08864	0.04866	0.03643	0.00449	0.00128	0.00352	0.01633	0.00326	0.19928
2	0.03720	0.07524	0.15503	0.04881	0.08115	0.09247	0.03411	0.07844	0.14229	0.05875	0.04012	0.07078	0.00992	0.00530	0.00442	0.00131	0.03835	0.00427	0.01638	0.00567
3	0.03945	0.00743	0.07091	0.00760	0.00958	0.03600	0.08019	0.01026	0.06303	0.03484	0.24168	0.04552	0.09147	0.03042	0.16051	0.00238	0.00498	0.02067	0.00329	0.03979
4	0.00755	0.05173	0.00965	0.02652	0.00980	0.00629	0.12057	0.06288	0.00939	0.04627	0.04456	0.46172	0.08207	0.00957	0.00516	0.00152	0.02832	0.00865	0.00348	0.00429
5	0.01089	0.15151	0.04406	0.07482	0.16224	0.04112	0.06382	0.12500	0.13622	0.03871	0.01127	0.04133	0.04246	0.00498	0.00433	0.00127	0.03314	0.00414	0.00284	0.00585
6	0.34712	0.03840	0.00844	0.00769	0.03874	0.11767	0.02657	0.04464	0.00891	0.01482	0.06232	0.21317	0.01266	0.00657	0.00412	0.00136	0.03421	0.00519	0.00293	0.00447
7	0.06414	0.12293	0.08030	0.18561	0.09080	0.07436	0.22616	0.02419	0.00925	0.01248	0.00866	0.01076	0.03574	0.00411	0.00413	0.00127	0.01593	0.00378	0.01064	0.01477
8	0.01145	0.51983	0.08673	0.03775	0.04583	0.10328	0.04219	0.01373	0.04688	0.04746	0.00723	0.00816	0.00599	0.00386	0.00323	0.00104	0.00498	0.00277	0.00211	0.00552
9	0.08671	0.02963	0.00545	0.00521	0.00633	0.00461	0.00381	0.00711	0.00827	0.01167	0.02486	0.31584	0.28449	0.04918	0.06461	0.00192	0.00314	0.00815	0.04345	0.03555
10	0.00597	0.00432	0.00603	0.00603	0.00655	0.00484	0.00439	0.00700	0.00648	0.00916	0.01172	0.01959	0.01181	0.27930	0.59136	0.00588	0.00899	0.00493	0.00231	0.00335
11	0.01041	0.01177	0.07641	0.11902	0.03307	0.25151	0.08578	0.01324	0.06380	0.01278	0.04667	0.01197	0.00874	0.00529	0.02845	0.00133	0.00534	0.00372	0.17392	0.03678
12	0.00627	0.00457	0.00632	0.00623	0.00686	0.00514	0.00460	0.03238	0.00692	0.00976	0.01158	0.01885	0.01147	0.23742	0.60595	0.00584	0.00913	0.00483	0.00236	0.00351
13	0.83330	0.00798	0.00631	0.00557	0.00818	0.00913	0.00459	0.01268	0.00735	0.06566	0.00640	0.00718	0.00483	0.00393	0.00266	0.00129	0.00323	0.00236	0.00272	0.00465
14	0.00505	0.00367	0.00476	0.00563	0.00598	0.00339	0.00379	0.00580	0.00810	0.01067	0.02482	0.77004	0.10750	0.01276	0.00526	0.00166	0.00238	0.01150	0.00386	0.00339
15	0.00535	0.00428	0.00486	0.00517	0.00635	0.00379	0.00405	0.00658	0.00938	0.01153	0.04918	0.12164	0.54925	0.01095	0.00514	0.00155	0.00253	0.19098	0.00386	0.00357
16	0.00540	0.00404	0.00500	0.00515	0.00601	0.00365	0.00372	0.00676	0.01005	0.01350	0.39226	0.28247	0.22607	0.01036	0.00502	0.00145	0.00213	0.00912	0.00418	0.00365
17	0.00530	0.00375	0.00493	0.00573	0.00599	0.00359	0.00385	0.00600	0.00772	0.01031	0.02112	0.67536	0.02505	0.12665	0.03666	0.00219	0.00300	0.04591	0.00362	0.00329
18	0.01552	0.01980	0.01177	0.01070	0.01284	0.83735	0.00803	0.01659	0.01177	0.01017	0.00642	0.00749	0.00535	0.00428	0.00375	0.00107	0.00749	0.00268	0.00214	0.00482
19	0.00784	0.00738	0.01246	0.84404	0.02861	0.00923	0.01154	0.01061	0.00831	0.01061	0.00738	0.01107	0.00554	0.00415	0.00415	0.00138	0.00554	0.00369	0.00185	0.00461
20	0.01098	0.00965	0.00907	0.00805	0.01010	0.16628	0.02034	0.23369	0.04013	0.04511	0.01928	0.10759	0.17954	0.00769	0.00458	0.00139	0.00426	0.11358	0.00363	0.00504
21	0.01345	0.01575	0.08961	0.01410	0.18462	0.37513	0.05973	0.17103	0.01240	0.01448	0.00762	0.00891	0.00599	0.00422	0.00399	0.00118	0.00623	0.00327	0.00248	0.00580
22	0.00845	0.00739	0.00940	0.00694	0.01034	0.00587	0.06055	0.01069	0.03733	0.01354	0.02812	0.04902	0.02586	0.00394	0.00343	0.00078	0.00328	0.00339	0.00264	0.70906
23	0.00942	0.20637	0.45927	0.01074	0.05206	0.02105	0.03977	0.01282	0.00917	0.05036	0.06473	0.01095	0.02725	0.00436	0.00380	0.00122	0.00525	0.00346	0.00219	0.00577
24	0.01358	0.01603	0.00992	0.00910	0.01096	0.63980	0.00681	0.01479	0.01101	0.01119	0.00874	0.01016	0.02498	0.02116	0.00395	0.00112	0.00622	0.00311	0.17281	0.00456
25	0.00600	0.00401	0.00454	0.00459	0.00460	0.00400	0.00258	0.00603	0.00613	0.00817	0.01354	0.06494	0.01567	0.81550	0.02042	0.00392	0.00395	0.00630	0.00258	0.00256
26	0.01551	0.01136	0.01216	0.00936	0.01260	0.01256	0.00772	0.78595	0.01915	0.02580	0.01010	0.01017	0.00719	0.00498	0.00411	0.00124	0.00448	0.00374	0.03487	0.00695
27	0.00521	0.00395	0.00484	0.00544	0.00616	0.00358	0.00392	0.00620	0.00875	0.01120	0.05632	0.47375	0.29005	0.01188	0.00520	0.00160	0.00244	0.09215	0.00388	0.00348
28	0.78487	0.00792	0.00651	0.00568	0.00833	0.00895	0.00468	0.01312	0.00762	0.11117	0.00699	0.00759	0.00516	0.00400	0.00275	0.00129	0.00325	0.00247	0.00286	0.00479
29	0.00505	0.00398	0.00445	0.00480	0.00567	0.00350	0.00336	0.00590	0.00866	0.01075	0.03293	0.32907	0.47676	0.07794	0.00633	0.00171	0.00237	0.00964	0.00375	0.00338
30	0.00869	0.00537	0.00653	0.00609	0.00757	0.00510	0.00459	0.08397	0.04033	0.15439	0.16706	0.29190	0.18314	0.00935	0.00481	0.00144	0.00269	0.00812	0.00425	0.00459
31	0.06452	0.00888	0.00908	0.00683	0.01026	0.08322	0.00545	0.07264	0.00974	0.04052	0.00768	0.00867	0.00618	0.00345	0.00322	0.00077	0.00362	0.00262	0.00265	0.65000
32	0.01416	0.16708	0.01348	0.00991	0.01225	0.57931	0.00783	0.04289	0.05664	0.01104	0.00697	0.00795	0.00582	0.00439	0.00405	0.00110	0.04505	0.00279	0.00225	0.00507
33	0.01186	0.01017	0.01416	0.01637	0.36313	0.02891	0.05785	0.28799	0.05023	0.01812	0.04648	0.01221	0.02846	0.00464	0.00419	0.00125	0.00463	0.00411	0.02887	0.00637
34	0.00794	0.02734	0.00786	0.03628	0.02744	0.08980	0.03040	0.03912	0.01051	0.04530	0.30888	0.05293	0.17622	0.04523	0.07467	0.00187	0.00398	0.00639	0.00359	0.00425
35	0.00812	0.00573	0.00663	0.00619	0.00759	0.00576	0.00460	0.09242	0.13162	0.07194	0.17218	0.21270	0.16066	0.08698	0.00627	0.00167	0.00285	0.00753	0.00404	0.00453
36	0.02630	0.05037	0.03579	0.09807	0.16354	0.24330	0.00830	0.05902	0.04535	0.04710	0.03127	0.01522	0.14835	0.00541	0.00408	0.00123	0.00500	0.00432	0.00275	0.00523

[dist]
# distance from previous block
# <min> <max>
1	22

[block]
# block no. 3 follows, 64 sequences, length 45
# corresponding to MSA columns:
# 372-404,406-417
name=unknown_D
#
# <colnr> <probs for GDERKNQSTAVLIFYWHMCP>
#	G	D	E	R	K	N	Q	S	T	A	V	L	I	F	Y	W	H	M	C	P
0	0.04712	0.07565	0.22810	0.04662	0.04691	0.06170	0.02700	0.10803	0.02963	0.01395	0.05329	0.03966	0.00930	0.08057	0.00603	0.02505	0.02955	0.00394	0.00253	0.06535
1	0.12364	0.03202	0.25112	0.01080	0.09288	0.05203	0.09098	0.01253	0.02770	0.03415	0.00931	0.05179	0.00760	0.00446	0.00372	0.00121	0.00466	0.00374	0.12206	0.06361
2	0.00630	0.00452	0.00618	0.00690	0.00773	0.00447	0.00572	0.00793	0.00926	0.01221	0.09333	0.14011	0.04983	0.05423	0.04202	0.00213	0.00376	0.53589	0.00376	0.00370
3	0.13244	0.13995	0.11736	0.01123	0.18747	0.02130	0.03236	0.04066	0.00923	0.02210	0.01500	0.05892	0.16921	0.00565	0.00387	0.00125	0.00410	0.00464	0.01808	0.00518
4	0.00600	0.00428	0.00539	0.00509	0.00610	0.00391	0.00377	0.00771	0.01109	0.02980	0.66073	0.03157	0.13347	0.06577	0.00598	0.00150	0.00214	0.00751	0.00436	0.00383
5	0.00880	0.12274	0.67732	0.01220	0.07280	0.01049	0.01416	0.01304	0.00878	0.01277	0.00727	0.00862	0.00536	0.00388	0.00380	0.00126	0.00585	0.00301	0.00178	0.00607
6	0.00718	0.00638	0.00959	0.04672	0.17873	0.03183	0.06983	0.00893	0.00958	0.01297	0.21582	0.29706	0.05777	0.00843	0.00482	0.00144	0.00349	0.02161	0.00338	0.00446
7	0.01224	0.01409	0.07109	0.04560	0.32121	0.29245	0.07365	0.05632	0.03618	0.02659	0.00788	0.00954	0.00629	0.00407	0.00405	0.00121	0.00598	0.00344	0.00229	0.00584
8	0.08649	0.59732	0.16625	0.00797	0.01184	0.04884	0.00841	0.01272	0.00852	0.01117	0.00611	0.00709	0.00525	0.00368	0.00293	0.00101	0.00477	0.00240	0.00186	0.00538
9	0.03723	0.27361	0.26531	0.01054	0.06110	0.17957	0.03385	0.01340	0.00929	0.01174	0.00673	0.00796	0.00545	0.00380	0.00345	0.00108	0.00555	0.00276	0.00194	0.06565
10	0.00513	0.00364	0.00480	0.00570	0.00592	0.00342	0.00376	0.00580	0.00782	0.01043	0.02222	0.79463	0.02662	0.07086	0.00639	0.00185	0.00252	0.01141	0.00376	0.00331
11	0.00527	0.00418	0.00474	0.00469	0.00586	0.00365	0.00349	0.00663	0.01019	0.01316	0.32675	0.09600	0.48073	0.00996	0.00493	0.00139	0.00207	0.00853	0.00412	0.00365
12	0.00512	0.00428	0.00451	0.00462	0.00597	0.00366	0.00358	0.00628	0.00948	0.01137	0.03967	0.04080	0.73008	0.01063	0.00501	0.00146	0.00231	0.10377	0.00385	0.00354
13	0.00532	0.00414	0.00484	0.00485	0.00591	0.00365	0.00356	0.00669	0.01017	0.01331	0.35379	0.15444	0.39431	0.01007	0.00496	0.00141	0.00209	0.00871	0.00414	0.00365
14	0.00966	0.01026	0.07248	0.17917	0.58406	0.00976	0.04938	0.01240	0.00921	0.01297	0.00773	0.01037	0.00628	0.00379	0.00414	0.00128	0.00523	0.00371	0.00200	0.00613
15	0.01458	0.23916	0.01421	0.00908	0.01193	0.35532	0.00748	0.14801	0.04024	0.11035	0.00838	0.00875	0.00647	0.00435	0.00359	0.00109	0.00558	0.00298	0.00281	0.00565
16	0.00651	0.00491	0.00636	0.00652	0.00696	0.00526	0.00466	0.06203	0.00852	0.01162	0.06661	0.54017	0.02223	0.07804	0.00794	0.03946	0.10586	0.00919	0.00348	0.00367
17	0.00854	0.10788	0.01117	0.09662	0.19929	0.05099	0.00749	0.03507	0.00926	0.03218	0.05716	0.30824	0.02994	0.00795	0.01833	0.00146	0.00403	0.00665	0.00295	0.00479
18	0.52215	0.06557	0.04031	0.00867	0.06434	0.04452	0.03189	0.01213	0.00754	0.01551	0.00603	0.00762	0.00498	0.00442	0.00475	0.00134	0.14840	0.00271	0.00229	0.00481
19	0.00964	0.18268	0.43386	0.01228	0.05885	0.05243	0.13290	0.01356	0.04292	0.01256	0.00763	0.00902	0.00581	0.00388	0.00385	0.00123	0.00582	0.00326	0.00195	0.00587
20	0.00726	0.00510	0.00611	0.00573	0.00716	0.00488	0.00443	0.01024	0.11729	0.07766	0.40434	0.03104	0.23110	0.00858	0.00482	0.00138	0.00242	0.06172	0.00434	0.00440
21	0.00596	0.00433	0.00607	0.00607	0.00660	0.00486	0.00444	0.00703	0.00650	0.00919	0.01168	0.01938	0.01171	0.26302	0.60751	0.00593	0.00913	0.00490	0.00231	0.00337
22	0.88336	0.00803	0.00611	0.00546	0.00803	0.00932	0.00450	0.01221	0.00707	0.01864	0.00578	0.00675	0.00450	0.00386	0.00257	0.00129	0.00321	0.00225	0.00257	0.00450
23	0.00514	0.00388	0.00463	0.00512	0.00576	0.00350	0.00351	0.00597	0.00848	0.01090	0.07034	0.46732	0.29070	0.08676	0.00656	0.00178	0.00243	0.01007	0.00377	0.00337
24	0.00722	0.00361	0.00541	0.00541	0.00541	0.00361	0.00361	0.00541	0.00541	0.00722	0.00722	0.01263	0.00722	0.01443	0.01623	0.87915	0.00361	0.00361	0.00180	0.00180
25	0.00514	0.00412	0.00459	0.00467	0.00580	0.00358	0.00343	0.00634	0.00973	0.01230	0.20845	0.16426	0.53204	0.01047	0.00497	0.00143	0.00212	0.00897	0.00401	0.00358
26	0.00720	0.00764	0.10815	0.00733	0.00810	0.00726	0.00606	0.00809	0.00649	0.00929	0.01013	0.01938	0.01097	0.48068	0.04152	0.00314	0.24785	0.00493	0.00221	0.00358
27	0.01198	0.24684	0.04146	0.00961	0.03843	0.23763	0.00788	0.01591	0.20904	0.03406	0.00906	0.00972	0.00733	0.00474	0.00470	0.00121	0.09906	0.00324	0.00258	0.00552
28	0.00918	0.03706	0.41725	0.01029	0.06281	0.00838	0.01070	0.04607	0.03683	0.06377	0.11688	0.01289	0.02564	0.00470	0.00398	0.00121	0.00467	0.00384	0.00266	0.12120
29	0.12048	0.08584	0.15914	0.01184	0.16393	0.02387	0.04352	0.05788	0.06356	0.13924	0.01990	0.01030	0.00732	0.00418	0.00374	0.00120	0.00450	0.00340	0.00284	0.07329
30	0.01072	0.73971	0.13518	0.00777	0.01168	0.01549	0.00826	0.01254	0.00849	0.01025	0.00601	0.00696	0.00532	0.00361	0.00284	0.00095	0.00468	0.00234	0.00177	0.00544
31	0.00784	0.00738	0.01246	0.84404	0.02861	0.00923	0.01154	0.01061	0.00831	0.01061	0.00738	0.01107	0.00554	0.00415	0.00415	0.00138	0.00554	0.00369	0.00185	0.00461
32	0.00918	0.16333	0.21854	0.01159	0.07607	0.02524	0.16805	0.03463	0.01957	0.01284	0.03418	0.06314	0.04145	0.00503	0.00409	0.00125	0.00504	0.03884	0.00239	0.06556
33	0.01046	0.01080	0.05456	0.04746	0.16351	0.22321	0.00818	0.01963	0.03413	0.06584	0.03463	0.09381	0.01095	0.01048	0.15833	0.00229	0.00632	0.03772	0.00269	0.00502
34	0.00541	0.00407	0.00498	0.00525	0.00608	0.00370	0.00382	0.00664	0.00951	0.01252	0.25548	0.28800	0.26225	0.04696	0.00579	0.00161	0.00237	0.06800	0.00400	0.00356
35	0.04409	0.00580	0.06284	0.00632	0.00739	0.00545	0.00508	0.02940	0.00718	0.01067	0.01168	0.04875	0.01153	0.23377	0.43772	0.00476	0.00763	0.00488	0.05136	0.00369
36	0.07035	0.04122	0.23850	0.01662	0.30590	0.10296	0.11416	0.01360	0.03387	0.01338	0.00770	0.00947	0.00605	0.00387	0.00398	0.00126	0.00563	0.00345	0.00208	0.00595
37	0.00654	0.00453	0.00574	0.00619	0.00696	0.00436	0.00450	0.06638	0.00935	0.04244	0.04294	0.58308	0.09033	0.01165	0.00518	0.00163	0.00273	0.09769	0.00394	0.00386
38	0.00507	0.00393	0.00464	0.00518	0.00596	0.00350	0.00368	0.00599	0.00869	0.01096	0.03125	0.45831	0.37721	0.01185	0.00515	0.00157	0.00234	0.04740	0.00385	0.00345
39	0.00994	0.05735	0.13653	0.07575	0.40561	0.04937	0.05626	0.03607	0.01991	0.01337	0.00879	0.01206	0.00737	0.00430	0.00407	0.00126	0.00513	0.04515	0.04581	0.00591
40	0.00681	0.00499	0.00781	0.00711	0.00805	0.00532	0.07640	0.00796	0.00703	0.03696	0.03017	0.01807	0.01142	0.19206	0.49528	0.06538	0.00834	0.00482	0.00240	0.00362
41	0.00652	0.00386	0.00430	0.00455	0.00524	0.00373	0.00318	0.00782	0.00834	0.01296	0.04815	0.25012	0.07658	0.11143	0.00602	0.00158	0.00234	0.00682	0.43292	0.00354
42	0.00528	0.00397	0.00491	0.00548	0.00610	0.00367	0.00380	0.00654	0.03285	0.01163	0.11889	0.56653	0.19155	0.01177	0.00514	0.00158	0.00232	0.01048	0.00395	0.00356
43	0.05411	0.15457	0.31888	0.01010	0.03820	0.14486	0.01016	0.06458	0.08362	0.01364	0.03537	0.03760	0.00793	0.00459	0.00375	0.00122	0.00528	0.00347	0.00241	0.00566
44	0.05344	0.01297	0.01193	0.01069	0.05773	0.33208	0.08357	0.13941	0.03875	0.09005	0.03131	0.08523	0.00945	0.01947	0.00440	0.00129	0.00549	0.00429	0.00303	0.00540

[dist]
# distance from previous block
# <min> <max>
0	11

# created by:
# /st0/software/busco_prod/Augustus/scripts/msa2prfl.pl ./align_prep/40564.fa
