[name]
unknown

[dist]
# distance from previous block
# <min> <max>
0	83

[block]
# block no. 0 follows, 64 sequences, length 19
# corresponding to MSA columns:
# 98-110,112-117
name=unknown_A
#
# <colnr> <probs for GDERKNQSTAVLIFYWHMCP>
#	G	D	E	R	K	N	Q	S	T	A	V	L	I	F	Y	W	H	M	C	P
0	0.10284	0.00654	0.00843	0.05802	0.07670	0.00661	0.00634	0.06803	0.00999	0.16986	0.07694	0.02344	0.01494	0.12946	0.00685	0.00181	0.00381	0.19508	0.00353	0.03077
1	0.13698	0.00848	0.03274	0.02903	0.01111	0.07534	0.12237	0.02269	0.03109	0.07709	0.21879	0.01719	0.06538	0.01653	0.00431	0.00125	0.00390	0.00478	0.00326	0.11768
2	0.00898	0.00897	0.01334	0.52343	0.16401	0.08280	0.05010	0.01139	0.00872	0.01107	0.00767	0.01142	0.00624	0.04866	0.00526	0.00148	0.02581	0.00378	0.00196	0.00491
3	0.01221	0.01013	0.02475	0.03106	0.09677	0.02115	0.02635	0.29338	0.28307	0.04061	0.01170	0.01182	0.00874	0.00488	0.00433	0.00126	0.02532	0.00395	0.00361	0.08491
4	0.01552	0.01980	0.01177	0.01070	0.01284	0.83735	0.00803	0.01659	0.01177	0.01017	0.00642	0.00749	0.00535	0.00428	0.00375	0.00107	0.00749	0.00268	0.00214	0.00482
5	0.00979	0.00969	0.01259	0.60632	0.06682	0.12951	0.01077	0.08300	0.00987	0.01209	0.00750	0.01042	0.00570	0.00422	0.00409	0.00132	0.00570	0.00355	0.00210	0.00496
6	0.00979	0.15489	0.27150	0.13311	0.01893	0.08451	0.24455	0.01302	0.00921	0.01200	0.00735	0.00935	0.00562	0.00381	0.00402	0.00126	0.00614	0.00352	0.00191	0.00551
7	0.00548	0.00465	0.00562	0.12603	0.00904	0.00439	0.00451	0.00689	0.00956	0.01188	0.14699	0.06767	0.56371	0.00941	0.00481	0.00140	0.00259	0.00798	0.00367	0.00372
8	0.00582	0.00438	0.00548	0.00617	0.00672	0.00438	0.00425	0.00814	0.12563	0.01158	0.02203	0.73027	0.02533	0.01194	0.00515	0.00165	0.00254	0.01078	0.00391	0.00384
9	0.13738	0.00910	0.00927	0.00815	0.01064	0.01048	0.00642	0.11124	0.61119	0.01856	0.01450	0.01360	0.01085	0.00530	0.00398	0.00137	0.00342	0.00423	0.00398	0.00633
10	0.46450	0.00838	0.01088	0.20638	0.08237	0.00936	0.10594	0.01232	0.00808	0.04700	0.00706	0.00889	0.00536	0.00392	0.00342	0.00132	0.00438	0.00311	0.00240	0.00493
11	0.88336	0.00803	0.00611	0.00546	0.00803	0.00932	0.00450	0.01221	0.00707	0.01864	0.00578	0.00675	0.00450	0.00386	0.00257	0.00129	0.00321	0.00225	0.00257	0.00450
12	0.00930	0.00902	0.03291	0.15317	0.49982	0.00903	0.05670	0.03153	0.00940	0.01306	0.00991	0.08707	0.00914	0.00503	0.00435	0.00135	0.00488	0.04621	0.00232	0.00578
13	0.03879	0.03560	0.01356	0.07898	0.41243	0.16336	0.00986	0.04680	0.01046	0.01375	0.12596	0.01259	0.01091	0.00459	0.00407	0.00122	0.00494	0.00397	0.00252	0.00564
14	0.00604	0.00450	0.00668	0.00682	0.00759	0.00513	0.00541	0.00759	0.00709	0.01005	0.01270	0.02074	0.01234	0.02830	0.71710	0.00599	0.01007	0.11968	0.00246	0.00373
15	0.01170	0.00794	0.01230	0.03547	0.33786	0.00786	0.02797	0.01391	0.03009	0.25048	0.08797	0.03390	0.06381	0.00546	0.00486	0.00132	0.05295	0.00474	0.00337	0.00602
16	0.01282	0.03194	0.06157	0.01246	0.01573	0.29565	0.28625	0.04610	0.09405	0.08871	0.00928	0.01036	0.00695	0.00422	0.00424	0.00126	0.00628	0.00384	0.00266	0.00565
17	0.01215	0.05442	0.01591	0.05993	0.43800	0.05505	0.08935	0.06123	0.01050	0.14933	0.00922	0.01069	0.00701	0.00404	0.00411	0.00124	0.00503	0.00377	0.00267	0.00633
18	0.13745	0.00988	0.01722	0.03039	0.29897	0.00980	0.30245	0.04560	0.00984	0.08584	0.00856	0.01044	0.00650	0.00383	0.00418	0.00131	0.00531	0.00397	0.00250	0.00595

[dist]
# distance from previous block
# <min> <max>
1	6

[block]
# block no. 1 follows, 64 sequences, length 78
# corresponding to MSA columns:
# 124-201
name=unknown_B
#
# <colnr> <probs for GDERKNQSTAVLIFYWHMCP>
#	G	D	E	R	K	N	Q	S	T	A	V	L	I	F	Y	W	H	M	C	P
0	0.06635	0.01003	0.04815	0.02107	0.61206	0.00963	0.02919	0.02687	0.04938	0.07441	0.00879	0.01055	0.00697	0.00394	0.00404	0.00126	0.00473	0.00369	0.00245	0.00645
1	0.00810	0.00726	0.00868	0.04037	0.05822	0.06911	0.00599	0.02498	0.00716	0.00965	0.00976	0.01803	0.01036	0.40197	0.06971	0.00305	0.23686	0.00474	0.00226	0.00374
2	0.45964	0.00749	0.00873	0.20965	0.01371	0.00844	0.04847	0.01155	0.00790	0.05715	0.00875	0.09980	0.00768	0.00494	0.00347	0.00134	0.00390	0.00388	0.00264	0.03088
3	0.00962	0.00567	0.00717	0.00618	0.00803	0.00530	0.00482	0.01264	0.10697	0.21059	0.48563	0.02375	0.02708	0.00701	0.00453	0.00127	0.00256	0.00606	0.00453	0.06058
4	0.01028	0.39024	0.30712	0.06214	0.01451	0.02977	0.01028	0.04286	0.04050	0.03120	0.00735	0.00838	0.00580	0.00391	0.00339	0.00111	0.00509	0.00283	0.00205	0.02119
5	0.00840	0.04107	0.81349	0.01173	0.01781	0.00981	0.01515	0.01314	0.00876	0.01308	0.00741	0.00872	0.00526	0.00394	0.00392	0.00131	0.00610	0.00305	0.00175	0.00612
6	0.00580	0.00423	0.00545	0.00517	0.00616	0.00388	0.00387	0.00767	0.01152	0.01617	0.75677	0.05139	0.08891	0.00873	0.00491	0.00132	0.00198	0.00770	0.00451	0.00388
7	0.00882	0.02748	0.02188	0.00724	0.02178	0.07058	0.00559	0.05939	0.21740	0.03340	0.44766	0.02243	0.02552	0.00690	0.00450	0.00130	0.00308	0.00588	0.00413	0.00502
8	0.00604	0.00403	0.00453	0.00453	0.00453	0.00403	0.00252	0.00604	0.00604	0.00805	0.01309	0.02718	0.01510	0.85402	0.02114	0.00403	0.00403	0.00604	0.00252	0.00252
9	0.01179	0.72757	0.02023	0.00766	0.01100	0.14295	0.00725	0.01308	0.00895	0.00983	0.00587	0.00679	0.00533	0.00367	0.00283	0.00092	0.00491	0.00229	0.00183	0.00525
10	0.03937	0.02273	0.01623	0.03721	0.72356	0.01013	0.01206	0.06359	0.00998	0.01443	0.00785	0.01010	0.00651	0.00379	0.00404	0.00123	0.00486	0.00363	0.00220	0.00649
11	0.03862	0.46090	0.27921	0.00924	0.03265	0.01354	0.00987	0.08998	0.00959	0.01281	0.00676	0.00774	0.00548	0.00383	0.00325	0.00108	0.00497	0.00267	0.00203	0.00576
12	0.01509	0.10543	0.02565	0.01013	0.05638	0.03130	0.03211	0.51351	0.01603	0.13819	0.01014	0.01018	0.00722	0.00470	0.00400	0.00121	0.00459	0.00363	0.00377	0.00674
13	0.00784	0.00738	0.01246	0.84404	0.02861	0.00923	0.01154	0.01061	0.00831	0.01061	0.00738	0.01107	0.00554	0.00415	0.00415	0.00138	0.00554	0.00369	0.00185	0.00461
14	0.00675	0.00807	0.14371	0.00958	0.07794	0.00604	0.07973	0.00875	0.00893	0.01247	0.14749	0.40112	0.02122	0.00893	0.00521	0.00151	0.03682	0.00806	0.00324	0.00443
15	0.00942	0.23318	0.52190	0.01113	0.01629	0.03996	0.08784	0.01310	0.00889	0.01220	0.00708	0.00842	0.00538	0.00382	0.00370	0.00121	0.00583	0.00301	0.00181	0.00584
16	0.00594	0.00442	0.00650	0.00650	0.00718	0.00510	0.00497	0.00730	0.00662	0.00951	0.01129	0.01721	0.01077	0.09872	0.77052	0.00646	0.01054	0.00458	0.00225	0.00361
17	0.00506	0.00361	0.00482	0.00578	0.00602	0.00337	0.00386	0.00578	0.00795	0.01060	0.02289	0.85131	0.02747	0.01301	0.00530	0.00169	0.00241	0.01181	0.00386	0.00337
18	0.01033	0.00892	0.00939	0.00845	0.01080	0.01033	0.00657	0.02207	0.82061	0.01738	0.01691	0.01550	0.01268	0.00564	0.00423	0.00141	0.00329	0.00470	0.00423	0.00657
19	0.88336	0.00803	0.00611	0.00546	0.00803	0.00932	0.00450	0.01221	0.00707	0.01864	0.00578	0.00675	0.00450	0.00386	0.00257	0.00129	0.00321	0.00225	0.00257	0.00450
20	0.00604	0.00403	0.00453	0.00453	0.00453	0.00403	0.00252	0.00604	0.00604	0.00805	0.01309	0.02718	0.01510	0.85402	0.02114	0.00403	0.00403	0.00604	0.00252	0.00252
21	0.00909	0.00909	0.01272	0.01091	0.01091	0.01272	0.00909	0.01000	0.00636	0.01000	0.00545	0.00909	0.00545	0.00727	0.01363	0.00182	0.84642	0.00364	0.00182	0.00454
22	0.01019	0.00975	0.01661	0.02506	0.80834	0.00975	0.01260	0.01265	0.00946	0.01354	0.00816	0.01116	0.00700	0.00389	0.00415	0.00125	0.00491	0.02292	0.00210	0.00651
23	0.00784	0.00738	0.01246	0.84404	0.02861	0.00923	0.01154	0.01061	0.00831	0.01061	0.00738	0.01107	0.00554	0.00415	0.00415	0.00138	0.00554	0.00369	0.00185	0.00461
24	0.01061	0.01050	0.01654	0.02456	0.77633	0.06242	0.01245	0.01299	0.00960	0.01335	0.00772	0.01010	0.00650	0.00374	0.00409	0.00122	0.00510	0.00364	0.00206	0.00647
25	0.00529	0.00381	0.00502	0.00559	0.00607	0.00353	0.00386	0.00638	0.00908	0.01236	0.25527	0.59821	0.04673	0.01166	0.00518	0.00157	0.00227	0.01051	0.00406	0.00353
26	0.00919	0.04315	0.43414	0.01378	0.01882	0.00998	0.34380	0.01318	0.00924	0.03197	0.00837	0.03016	0.00635	0.00400	0.00434	0.00135	0.00629	0.00404	0.00203	0.00585
27	0.00784	0.00738	0.01246	0.84404	0.02861	0.00923	0.01154	0.01061	0.00831	0.01061	0.00738	0.01107	0.00554	0.00415	0.00415	0.00138	0.00554	0.00369	0.00185	0.00461
28	0.00987	0.01074	0.02215	0.04502	0.23168	0.01030	0.58019	0.01308	0.00967	0.01329	0.00822	0.01096	0.00635	0.00357	0.00467	0.00136	0.00642	0.00455	0.00208	0.00583
29	0.01011	0.01056	0.06857	0.04144	0.76024	0.00984	0.01289	0.01273	0.00939	0.01348	0.00778	0.01020	0.00647	0.00373	0.00410	0.00124	0.00502	0.00366	0.00203	0.00651
30	0.01064	0.01063	0.01627	0.03814	0.72773	0.07853	0.01225	0.01297	0.00956	0.01315	0.00764	0.01004	0.00643	0.00384	0.00430	0.00124	0.02463	0.00361	0.00205	0.00635
31	0.01864	0.00707	0.00964	0.00739	0.01060	0.00611	0.00611	0.02024	0.01189	0.83099	0.01639	0.01414	0.01028	0.00514	0.00418	0.00129	0.00353	0.00418	0.00514	0.00707
32	0.01019	0.01103	0.02277	0.03480	0.09835	0.01057	0.66891	0.06406	0.01036	0.01409	0.00843	0.01104	0.00636	0.00363	0.00476	0.00137	0.00662	0.00469	0.00222	0.00577
33	0.00913	0.11126	0.57834	0.01150	0.04822	0.02253	0.04244	0.02599	0.02139	0.03265	0.03873	0.02402	0.00727	0.00428	0.00392	0.00127	0.00561	0.00344	0.00209	0.00594
34	0.00630	0.00464	0.00589	0.05867	0.00719	0.01503	0.00408	0.00715	0.01878	0.00890	0.01207	0.02224	0.01282	0.51151	0.28281	0.00464	0.00644	0.00532	0.00240	0.00312
35	0.01048	0.00952	0.00889	0.00797	0.00951	0.22281	0.02490	0.01161	0.00969	0.13042	0.01933	0.13724	0.21970	0.00816	0.02064	0.00150	0.13387	0.00598	0.00321	0.00456
36	0.01047	0.01073	0.08555	0.02250	0.64374	0.00962	0.07468	0.01315	0.00956	0.05752	0.00869	0.01078	0.01613	0.00386	0.00417	0.00126	0.00509	0.00383	0.00222	0.00646
37	0.00833	0.02149	0.83250	0.01184	0.01798	0.00965	0.01535	0.01315	0.00877	0.01315	0.00745	0.00877	0.00526	0.00395	0.00395	0.00132	0.00614	0.00307	0.00175	0.00614
38	0.00972	0.01099	0.02352	0.03350	0.02116	0.01062	0.74605	0.01304	0.00956	0.01304	0.00820	0.01107	0.00623	0.00375	0.00544	0.00143	0.06028	0.00480	0.00208	0.00552
39	0.02092	0.19918	0.52895	0.01010	0.01522	0.01059	0.01211	0.01401	0.00913	0.13070	0.00836	0.00907	0.00599	0.00403	0.00369	0.00122	0.00536	0.00304	0.00226	0.00608
40	0.00800	0.00755	0.01275	0.79016	0.08123	0.00927	0.01162	0.01075	0.00838	0.01081	0.00741	0.01102	0.00561	0.00412	0.00415	0.00137	0.00550	0.00369	0.00186	0.00474
41	0.00662	0.00570	0.00940	0.06359	0.14879	0.00559	0.08987	0.00805	0.00842	0.01139	0.01784	0.56780	0.02033	0.00988	0.00499	0.00156	0.00351	0.00920	0.00324	0.00423
42	0.01464	0.04596	0.06229	0.03770	0.01148	0.08428	0.01800	0.02649	0.02758	0.47175	0.01494	0.06651	0.02400	0.02837	0.00468	0.00139	0.00417	0.04567	0.00407	0.00603
43	0.00920	0.00877	0.01491	0.38738	0.47464	0.00959	0.01221	0.01180	0.00895	0.01226	0.00762	0.01063	0.00612	0.00390	0.00413	0.00130	0.00520	0.00370	0.00196	0.00571
44	0.00504	0.00405	0.00449	0.00473	0.00578	0.00351	0.00342	0.00608	0.00925	0.01153	0.10617	0.26166	0.53769	0.01102	0.00502	0.00147	0.00218	0.00949	0.00392	0.00351
45	0.00879	0.02061	0.77623	0.01182	0.01779	0.00953	0.03790	0.01344	0.00892	0.04601	0.00784	0.00906	0.00549	0.00398	0.00398	0.00132	0.00606	0.00317	0.00190	0.00616
46	0.00892	0.02018	0.74489	0.01196	0.01784	0.00953	0.06213	0.01351	0.00898	0.05269	0.00794	0.00917	0.00557	0.00398	0.00401	0.00132	0.00606	0.00323	0.00194	0.00615
47	0.00784	0.00738	0.01246	0.84404	0.02861	0.00923	0.01154	0.01061	0.00831	0.01061	0.00738	0.01107	0.00554	0.00415	0.00415	0.00138	0.00554	0.00369	0.00185	0.00461
48	0.01082	0.00890	0.01513	0.23389	0.45769	0.00920	0.05791	0.01330	0.00953	0.12988	0.00896	0.01109	0.00682	0.00401	0.00418	0.00129	0.00501	0.00384	0.00245	0.00609
49	0.01026	0.01109	0.10624	0.13783	0.38760	0.02670	0.18025	0.01316	0.00949	0.06489	0.00835	0.01061	0.00644	0.00385	0.00426	0.00130	0.00555	0.00389	0.00220	0.00604
50	0.00626	0.01760	0.00620	0.00601	0.00725	0.00454	0.03092	0.00804	0.04843	0.03882	0.08011	0.24328	0.34091	0.01043	0.00505	0.00154	0.00275	0.13410	0.00387	0.00391
51	0.00822	0.00777	0.01314	0.71746	0.15224	0.00933	0.01172	0.01094	0.00848	0.01107	0.00745	0.01095	0.00570	0.00408	0.00415	0.00136	0.00544	0.00369	0.00188	0.00492
52	0.00958	0.24258	0.39242	0.01048	0.01495	0.01097	0.11011	0.01271	0.00878	0.05378	0.00835	0.03992	0.00691	0.04218	0.00470	0.00135	0.01895	0.00358	0.00209	0.00562
53	0.00887	0.04843	0.61432	0.01289	0.01846	0.02330	0.18938	0.01322	0.00903	0.01302	0.00759	0.00921	0.00549	0.00384	0.00411	0.00132	0.00629	0.00343	0.00184	0.00597
54	0.00817	0.00808	0.03277	0.71460	0.12095	0.00934	0.02596	0.01097	0.00848	0.01106	0.00745	0.01093	0.00566	0.00408	0.00416	0.00137	0.00551	0.00370	0.00187	0.00490
55	0.00967	0.01140	0.13066	0.11282	0.51306	0.00986	0.12647	0.01265	0.00928	0.01315	0.00780	0.01029	0.00624	0.00376	0.00421	0.00129	0.00546	0.00378	0.00200	0.00616
56	0.01002	0.04085	0.14505	0.20995	0.27903	0.02397	0.06780	0.05835	0.03546	0.05057	0.00886	0.03591	0.00706	0.00432	0.00414	0.00130	0.00523	0.00391	0.00234	0.00586
57	0.00983	0.24307	0.17414	0.01137	0.07057	0.05072	0.16579	0.01319	0.07309	0.02578	0.08543	0.03046	0.01975	0.00461	0.00394	0.00121	0.00504	0.00404	0.00245	0.00553
58	0.00734	0.00465	0.00590	0.00595	0.00704	0.00435	0.00457	0.00886	0.02619	0.10569	0.17088	0.17408	0.15466	0.10738	0.00694	0.00184	0.00294	0.19276	0.00398	0.00399
59	0.00909	0.11309	0.46585	0.02934	0.01740	0.01042	0.19506	0.01283	0.00891	0.02880	0.00814	0.03956	0.00642	0.00426	0.00439	0.00132	0.03363	0.00376	0.00198	0.00576
60	0.02499	0.01579	0.36640	0.01615	0.27395	0.09559	0.07641	0.01357	0.02582	0.02731	0.00810	0.02275	0.00634	0.00406	0.00406	0.00128	0.00575	0.00355	0.00207	0.00605
61	0.00988	0.02449	0.03423	0.11002	0.13612	0.04357	0.55288	0.01304	0.00963	0.01286	0.00807	0.01080	0.00619	0.00364	0.00461	0.00135	0.00651	0.00444	0.00206	0.00560
62	0.00544	0.00388	0.00522	0.00608	0.00650	0.00369	0.00438	0.00646	0.00847	0.01129	0.07356	0.63181	0.02733	0.02647	0.00562	0.00174	0.00268	0.16201	0.00387	0.00348
63	0.01030	0.01187	0.21219	0.11444	0.23055	0.00921	0.09569	0.05371	0.03231	0.10195	0.00993	0.06404	0.00800	0.00473	0.00444	0.00134	0.02248	0.00427	0.00257	0.00597
64	0.02303	0.11542	0.25163	0.07293	0.20400	0.01029	0.12579	0.03899	0.02740	0.02400	0.00883	0.06311	0.00743	0.00446	0.00406	0.00128	0.00530	0.00403	0.00221	0.00581
65	0.00712	0.00439	0.00544	0.00545	0.00602	0.00429	0.00372	0.00774	0.00744	0.08848	0.01699	0.13713	0.06140	0.45981	0.08751	0.00334	0.00427	0.08300	0.00312	0.00336
66	0.01154	0.01260	0.04827	0.09883	0.44750	0.20500	0.03817	0.06439	0.01052	0.01326	0.00759	0.00965	0.00616	0.00397	0.00405	0.00122	0.00569	0.00348	0.00218	0.00596
67	0.01052	0.02883	0.44064	0.04271	0.16724	0.02326	0.06620	0.03499	0.00970	0.12374	0.00881	0.00999	0.00631	0.00407	0.00406	0.00129	0.00556	0.00348	0.00236	0.00625
68	0.08366	0.00941	0.01125	0.01057	0.09839	0.05437	0.05616	0.15015	0.22213	0.16702	0.01316	0.03369	0.01026	0.00542	0.00419	0.00135	0.00418	0.05472	0.00374	0.00618
69	0.00756	0.00532	0.00774	0.02911	0.11352	0.00523	0.00646	0.00918	0.00922	0.07669	0.05504	0.23151	0.05990	0.01125	0.05801	0.00196	0.00394	0.30045	0.00359	0.00433
70	0.02387	0.15290	0.10368	0.04780	0.43490	0.06971	0.04110	0.01307	0.00939	0.03901	0.00820	0.00998	0.02070	0.00392	0.00385	0.00119	0.00514	0.00344	0.00212	0.00602
71	0.05650	0.12134	0.30640	0.02113	0.02166	0.02097	0.00864	0.01003	0.00860	0.01200	0.01670	0.21599	0.14967	0.00719	0.00419	0.00136	0.00417	0.00599	0.00267	0.00479
72	0.02835	0.02333	0.10465	0.00832	0.01073	0.04284	0.12373	0.05078	0.02823	0.04292	0.16356	0.09686	0.19469	0.02765	0.00502	0.00144	0.00390	0.03496	0.00338	0.00465
73	0.23043	0.00869	0.02893	0.04496	0.05227	0.06508	0.04991	0.06585	0.07758	0.09559	0.04315	0.11747	0.03900	0.02032	0.00421	0.00136	0.00392	0.00477	0.00321	0.04329
74	0.10353	0.29460	0.09178	0.00827	0.03009	0.03375	0.00746	0.06346	0.02865	0.06042	0.03295	0.01176	0.02060	0.06213	0.02417	0.00152	0.09731	0.01986	0.00250	0.00517
75	0.04733	0.13117	0.03418	0.00627	0.00797	0.00712	0.00518	0.07423	0.00915	0.02793	0.07076	0.11715	0.17082	0.07220	0.19752	0.00273	0.00509	0.00592	0.00305	0.00425
76	0.03987	0.12227	0.12806	0.00971	0.09291	0.14631	0.00788	0.08033	0.01082	0.02632	0.16470	0.03827	0.09545	0.00586	0.00407	0.00123	0.00443	0.01345	0.00295	0.00512
77	0.25684	0.18849	0.14817	0.00833	0.02788	0.04741	0.00779	0.14407	0.03684	0.02721	0.00832	0.05345	0.00697	0.00499	0.01602	0.00130	0.00448	0.00332	0.00265	0.00545

[dist]
# distance from previous block
# <min> <max>
1	40

[block]
# block no. 2 follows, 64 sequences, length 10
# corresponding to MSA columns:
# 252-257,259-262
name=unknown_C
#
# <colnr> <probs for GDERKNQSTAVLIFYWHMCP>
#	G	D	E	R	K	N	Q	S	T	A	V	L	I	F	Y	W	H	M	C	P
0	0.03174	0.21547	0.25049	0.00931	0.03700	0.08083	0.00913	0.10566	0.01011	0.03848	0.01029	0.10420	0.02287	0.03747	0.00448	0.00134	0.00487	0.01833	0.00254	0.00541
1	0.01103	0.23328	0.29475	0.00944	0.01353	0.06575	0.04015	0.03041	0.08147	0.10719	0.00916	0.00983	0.00688	0.00482	0.02366	0.00130	0.00518	0.00322	0.02615	0.02279
2	0.09092	0.14773	0.42135	0.03094	0.04503	0.04924	0.02671	0.03216	0.04899	0.04044	0.02509	0.00936	0.00657	0.00412	0.00369	0.00124	0.00527	0.00314	0.00222	0.00579
3	0.01053	0.08094	0.43228	0.01214	0.08865	0.05541	0.04067	0.15934	0.01096	0.01518	0.00779	0.00897	0.00580	0.00404	0.00388	0.00122	0.00556	0.00320	0.00229	0.05114
4	0.00783	0.00481	0.00588	0.00580	0.00596	0.06560	0.00394	0.00624	0.00588	0.00743	0.00716	0.01224	0.00708	0.01368	0.01531	0.81386	0.00390	0.00354	0.00183	0.00203
5	0.04421	0.12923	0.07551	0.00928	0.04096	0.09637	0.02851	0.13572	0.15388	0.03948	0.09731	0.01268	0.01097	0.00576	0.02439	0.00138	0.05806	0.00394	0.02673	0.00561
6	0.88336	0.00803	0.00611	0.00546	0.00803	0.00932	0.00450	0.01221	0.00707	0.01864	0.00578	0.00675	0.00450	0.00386	0.00257	0.00129	0.00321	0.00225	0.00257	0.00450
7	0.00597	0.00404	0.00451	0.00451	0.00460	0.00399	0.00256	0.00604	0.00626	0.00826	0.01498	0.02802	0.06792	0.79910	0.02008	0.00386	0.00390	0.00622	0.00260	0.00258
8	0.09151	0.16028	0.15567	0.00967	0.04028	0.07730	0.04133	0.22967	0.02558	0.04741	0.06144	0.01035	0.00832	0.00451	0.00374	0.00119	0.00479	0.00344	0.00290	0.02063
9	0.04307	0.39057	0.24668	0.01045	0.07394	0.01311	0.04218	0.11152	0.00998	0.01349	0.00702	0.00811	0.00563	0.00386	0.00340	0.00111	0.00503	0.00286	0.00213	0.00584

[dist]
# distance from previous block
# <min> <max>
0	41

[block]
# block no. 3 follows, 64 sequences, length 6
# corresponding to MSA columns:
# 304-309
name=unknown_D
#
# <colnr> <probs for GDERKNQSTAVLIFYWHMCP>
#	G	D	E	R	K	N	Q	S	T	A	V	L	I	F	Y	W	H	M	C	P
0	0.01046	0.00921	0.01490	0.11858	0.52158	0.00993	0.01133	0.01305	0.04196	0.07514	0.00845	0.01071	0.00682	0.00445	0.00548	0.00135	0.12442	0.00377	0.00232	0.00609
1	0.51194	0.00823	0.00760	0.00613	0.00914	0.00852	0.00501	0.10069	0.00894	0.01787	0.00675	0.00769	0.00530	0.00374	0.00291	0.00107	0.00332	0.00248	0.00271	0.27995
2	0.00491	0.00421	0.00421	0.00421	0.00561	0.00351	0.00316	0.00596	0.00947	0.01122	0.04208	0.03997	0.82643	0.01052	0.00491	0.00140	0.00210	0.00877	0.00386	0.00351
3	0.00524	0.00375	0.00503	0.00599	0.00631	0.00353	0.00417	0.00610	0.00813	0.01081	0.02279	0.76116	0.02707	0.01284	0.00535	0.00171	0.00257	0.10015	0.00385	0.00342
4	0.00977	0.00947	0.01612	0.06449	0.60397	0.00995	0.06257	0.01206	0.00899	0.01285	0.00817	0.04509	0.00724	0.00453	0.00535	0.00134	0.10580	0.00410	0.00209	0.00604
5	0.09143	0.00919	0.01474	0.16262	0.25115	0.01028	0.13540	0.04024	0.04311	0.01353	0.03052	0.01081	0.00714	0.00467	0.00584	0.00141	0.15631	0.00389	0.00227	0.00546

[dist]
# distance from previous block
# <min> <max>
3	26

[block]
# block no. 4 follows, 64 sequences, length 11
# corresponding to MSA columns:
# 341-351
name=unknown_E
#
# <colnr> <probs for GDERKNQSTAVLIFYWHMCP>
#	G	D	E	R	K	N	Q	S	T	A	V	L	I	F	Y	W	H	M	C	P
0	0.03732	0.19895	0.30593	0.04785	0.07324	0.11146	0.01050	0.04559	0.03238	0.04710	0.04674	0.00983	0.00748	0.00425	0.00369	0.00119	0.00528	0.00322	0.00230	0.00570
1	0.01165	0.00907	0.00978	0.00843	0.01095	0.01021	0.00666	0.16313	0.58671	0.07224	0.05311	0.01514	0.01275	0.00562	0.00424	0.00137	0.00347	0.00462	0.00429	0.00657
2	0.00998	0.03310	0.20214	0.00973	0.01302	0.02449	0.06330	0.08378	0.39284	0.01620	0.06218	0.03389	0.01159	0.00535	0.00438	0.00136	0.01869	0.00448	0.00337	0.00611
3	0.00588	0.00425	0.00555	0.00523	0.00621	0.00392	0.00392	0.00784	0.01176	0.01666	0.82592	0.03103	0.03919	0.00849	0.00490	0.00131	0.00196	0.00751	0.00457	0.00392
4	0.00959	0.10963	0.22150	0.03315	0.05720	0.03321	0.00904	0.06002	0.26633	0.01491	0.08724	0.01457	0.05549	0.00527	0.00405	0.00129	0.00431	0.00428	0.00308	0.00583
5	0.00561	0.00457	0.00498	0.00485	0.00616	0.00416	0.00362	0.00770	0.07414	0.01297	0.23471	0.05905	0.52255	0.02999	0.00525	0.00145	0.00222	0.00815	0.00403	0.00382
6	0.00848	0.06501	0.79025	0.01159	0.01760	0.01000	0.01492	0.01312	0.00875	0.01298	0.00737	0.00866	0.00527	0.00393	0.00388	0.00129	0.00605	0.00303	0.00176	0.00610
7	0.01325	0.04370	0.09595	0.00909	0.01253	0.05589	0.00800	0.40301	0.14482	0.05641	0.01047	0.01051	0.00766	0.00468	0.00394	0.00119	0.00446	0.00358	0.00357	0.10727
8	0.00520	0.00385	0.00495	0.00568	0.00622	0.00360	0.00401	0.00611	0.00828	0.01080	0.02568	0.59848	0.17189	0.01343	0.05045	0.00192	0.00293	0.06929	0.00377	0.00345
9	0.00993	0.28757	0.48229	0.00978	0.01479	0.01141	0.01164	0.01329	0.00887	0.06769	0.00752	0.00845	0.00566	0.00387	0.00352	0.00115	0.00529	0.00285	0.00202	0.04241
10	0.01141	0.01186	0.01026	0.00900	0.04945	0.27291	0.00665	0.03980	0.14319	0.01349	0.00874	0.00950	0.00702	0.00397	0.00356	0.00094	0.00466	0.00299	0.00268	0.38793

[dist]
# distance from previous block
# <min> <max>
1	16

[block]
# block no. 5 follows, 64 sequences, length 36
# corresponding to MSA columns:
# 380-415
name=unknown_F
#
# <colnr> <probs for GDERKNQSTAVLIFYWHMCP>
#	G	D	E	R	K	N	Q	S	T	A	V	L	I	F	Y	W	H	M	C	P
0	0.01113	0.04967	0.07777	0.00853	0.02946	0.00742	0.06487	0.07869	0.02967	0.23495	0.01233	0.03786	0.01014	0.11617	0.20934	0.00294	0.00604	0.00451	0.00323	0.00529
1	0.07772	0.00443	0.00513	0.00563	0.02231	0.00415	0.00394	0.00698	0.00878	0.02888	0.08153	0.40771	0.29533	0.01075	0.00488	0.00152	0.00243	0.02042	0.00379	0.00369
2	0.01754	0.07706	0.01062	0.00743	0.01062	0.00720	0.00621	0.01971	0.05770	0.71706	0.01554	0.01360	0.01001	0.00504	0.00406	0.00126	0.00360	0.00405	0.00481	0.00690
3	0.08183	0.01042	0.06492	0.15922	0.41658	0.04421	0.07163	0.04132	0.02522	0.01376	0.00814	0.02961	0.00670	0.00411	0.00406	0.00129	0.00513	0.00380	0.00221	0.00584
4	0.01032	0.00639	0.00924	0.03273	0.16426	0.00613	0.01619	0.01253	0.05727	0.23516	0.07409	0.22311	0.07112	0.00775	0.00464	0.00143	0.00342	0.05504	0.00386	0.00531
5	0.01469	0.01841	0.01153	0.01054	0.01250	0.74892	0.00800	0.01580	0.01138	0.01029	0.00726	0.00981	0.00641	0.00484	0.00435	0.00116	0.04896	0.04818	0.00222	0.00475
6	0.01285	0.01545	0.01187	0.09286	0.01383	0.54186	0.03879	0.01411	0.01016	0.01017	0.00700	0.00961	0.00614	0.05384	0.03371	0.00156	0.11625	0.00324	0.00209	0.00462
7	0.00610	0.00450	0.00580	0.00530	0.00650	0.00405	0.00400	0.00805	0.01150	0.01640	0.75858	0.02918	0.03647	0.00805	0.00475	0.00125	0.00205	0.00710	0.00440	0.07594
8	0.01182	0.33604	0.04762	0.05083	0.19587	0.13628	0.00904	0.09557	0.01038	0.03006	0.00783	0.00907	0.02198	0.00411	0.00366	0.00110	0.01772	0.00307	0.00225	0.00570
9	0.00559	0.07384	0.00623	0.00585	0.00644	0.00449	0.00415	0.00641	0.00811	0.01061	0.02250	0.71905	0.06867	0.01206	0.00507	0.00161	0.00259	0.02948	0.00368	0.00355
10	0.05525	0.12139	0.26612	0.01118	0.09125	0.07824	0.02675	0.11545	0.07189	0.11013	0.00920	0.00978	0.00676	0.00428	0.00381	0.00123	0.00508	0.00332	0.00275	0.00614
11	0.00994	0.02998	0.06451	0.13309	0.59813	0.01001	0.05282	0.02812	0.00945	0.01329	0.00776	0.01025	0.00633	0.00379	0.00411	0.00126	0.00517	0.00369	0.00205	0.00622
12	0.01576	0.01130	0.01183	0.00925	0.01240	0.05967	0.00756	0.63095	0.03988	0.12458	0.01102	0.02785	0.00794	0.00515	0.00416	0.00125	0.00453	0.00392	0.00416	0.00684
13	0.00965	0.16780	0.49427	0.01259	0.11437	0.01080	0.04719	0.03287	0.00925	0.04229	0.01781	0.00918	0.00612	0.00395	0.00380	0.00123	0.00554	0.00318	0.00203	0.00605
14	0.01010	0.15186	0.35290	0.02690	0.21809	0.02617	0.07450	0.04372	0.00952	0.03751	0.00769	0.00921	0.00591	0.00387	0.00387	0.00123	0.00551	0.00329	0.00206	0.00609
15	0.00554	0.00423	0.00509	0.00487	0.00600	0.00378	0.00365	0.00719	0.01096	0.01477	0.55400	0.03413	0.31228	0.00920	0.00490	0.00134	0.00201	0.00795	0.00432	0.00378
16	0.00506	0.00361	0.00482	0.00578	0.00602	0.00337	0.00386	0.00578	0.00795	0.01060	0.02289	0.85131	0.02747	0.01301	0.00530	0.00169	0.00241	0.01181	0.00386	0.00337
17	0.01088	0.22731	0.25613	0.08051	0.12090	0.15901	0.01081	0.04736	0.02819	0.01226	0.00721	0.00860	0.00573	0.00397	0.00364	0.00116	0.00562	0.00298	0.00203	0.00568
18	0.02115	0.09982	0.21118	0.01654	0.29834	0.05190	0.13058	0.08464	0.01026	0.02559	0.00783	0.00954	0.00611	0.00388	0.00401	0.00124	0.00553	0.00352	0.00220	0.00614
19	0.01589	0.01148	0.01237	0.00948	0.01280	0.01264	0.00783	0.78655	0.01926	0.05427	0.01020	0.01012	0.00718	0.00499	0.00416	0.00125	0.00453	0.00375	0.00419	0.00706
20	0.00500	0.00414	0.00438	0.00447	0.00570	0.00352	0.00329	0.00607	0.00945	0.01153	0.09562	0.13701	0.67415	0.01068	0.00496	0.00143	0.00213	0.00904	0.00391	0.00352
21	0.01025	0.08577	0.20991	0.01374	0.21487	0.05385	0.05056	0.05638	0.13927	0.03813	0.01057	0.07962	0.00890	0.00495	0.00409	0.00129	0.00489	0.00427	0.00266	0.00600
22	0.00819	0.00774	0.01308	0.72775	0.14219	0.00932	0.01171	0.01092	0.00847	0.01103	0.00744	0.01096	0.00569	0.00409	0.00415	0.00136	0.00545	0.00369	0.00188	0.00489
23	0.01864	0.00707	0.00964	0.00739	0.01060	0.00611	0.00611	0.02024	0.01189	0.83099	0.01639	0.01414	0.01028	0.00514	0.00418	0.00129	0.00353	0.00418	0.00514	0.00707
24	0.04736	0.00940	0.01430	0.04947	0.44089	0.03043	0.05240	0.03966	0.06662	0.19270	0.01028	0.01134	0.00766	0.00422	0.00411	0.00127	0.00463	0.00385	0.00296	0.00645
25	0.01070	0.09486	0.03851	0.01829	0.46790	0.12929	0.04094	0.01321	0.04970	0.01242	0.00831	0.01116	0.00724	0.07382	0.00535	0.00142	0.00521	0.00368	0.00218	0.00582
26	0.00609	0.00468	0.00698	0.00689	0.00759	0.00557	0.00539	0.00755	0.00666	0.00966	0.01084	0.01596	0.01014	0.02997	0.79662	0.00643	0.05263	0.00441	0.00220	0.00375
27	0.01864	0.00707	0.00964	0.00739	0.01060	0.00611	0.00611	0.02024	0.01189	0.83099	0.01639	0.01414	0.01028	0.00514	0.00418	0.00129	0.00353	0.00418	0.00514	0.00707
28	0.00860	0.03036	0.14764	0.09811	0.29970	0.05272	0.00992	0.01117	0.00987	0.01349	0.20194	0.01683	0.07145	0.00542	0.00428	0.00127	0.00442	0.00476	0.00270	0.00534
29	0.00591	0.00437	0.00553	0.07423	0.00752	0.00439	0.00412	0.00696	0.02662	0.01036	0.07552	0.27204	0.09999	0.33159	0.01117	0.00250	0.00331	0.04735	0.00324	0.00330
30	0.00683	0.00430	0.00541	0.00562	0.00653	0.00410	0.00425	0.00856	0.02551	0.05568	0.22829	0.26766	0.05527	0.00937	0.00470	0.00144	0.00247	0.12458	0.17548	0.00394
31	0.72112	0.00857	0.00770	0.00764	0.07599	0.04005	0.02808	0.01228	0.00770	0.01768	0.03731	0.00812	0.00607	0.00403	0.00290	0.00128	0.00357	0.00266	0.00258	0.00469
32	0.07371	0.00577	0.00729	0.00799	0.07519	0.02871	0.00583	0.00977	0.01036	0.06736	0.32263	0.05527	0.04032	0.00855	0.00486	0.00150	0.00318	0.26345	0.00391	0.00436
33	0.08944	0.16750	0.12596	0.00810	0.01138	0.02044	0.00764	0.13130	0.04095	0.22675	0.01276	0.01258	0.07461	0.00510	0.00426	0.00125	0.04692	0.00378	0.00333	0.00592
34	0.04972	0.19929	0.12702	0.06204	0.25671	0.14232	0.01059	0.07594	0.01064	0.01394	0.00798	0.00983	0.00660	0.00448	0.00401	0.00131	0.00559	0.00334	0.00243	0.00621
35	0.02283	0.06111	0.05034	0.03652	0.25511	0.00912	0.00862	0.11785	0.06463	0.03581	0.00896	0.01076	0.00724	0.00405	0.00373	0.00106	0.00417	0.02285	0.00269	0.27255

[dist]
# distance from previous block
# <min> <max>
1	19

[block]
# block no. 6 follows, 64 sequences, length 23
# corresponding to MSA columns:
# 435-457
name=unknown_G
#
# <colnr> <probs for GDERKNQSTAVLIFYWHMCP>
#	G	D	E	R	K	N	Q	S	T	A	V	L	I	F	Y	W	H	M	C	P
0	0.01018	0.00911	0.01529	0.01756	0.39980	0.00874	0.15555	0.03504	0.03688	0.06094	0.05977	0.01310	0.02598	0.00433	0.00422	0.00121	0.00467	0.01714	0.00264	0.11787
1	0.01031	0.00961	0.01560	0.06814	0.62900	0.00958	0.02676	0.06386	0.00996	0.01421	0.00789	0.01015	0.00650	0.00374	0.00402	0.00118	0.00479	0.00359	0.00222	0.09888
2	0.02932	0.00995	0.01602	0.05600	0.70540	0.04123	0.02649	0.01264	0.00953	0.01353	0.03511	0.01084	0.00753	0.00390	0.00411	0.00124	0.00496	0.00378	0.00215	0.00628
3	0.01028	0.00987	0.01686	0.02550	0.82811	0.00987	0.01275	0.01275	0.00946	0.01357	0.00781	0.01028	0.00658	0.00370	0.00411	0.00123	0.00493	0.00370	0.00206	0.00658
4	0.01028	0.00987	0.01686	0.02550	0.82811	0.00987	0.01275	0.01275	0.00946	0.01357	0.00781	0.01028	0.00658	0.00370	0.00411	0.00123	0.00493	0.00370	0.00206	0.00658
5	0.00604	0.00403	0.00453	0.00453	0.00453	0.00403	0.00252	0.00604	0.00604	0.00805	0.01309	0.02718	0.01510	0.85402	0.02114	0.00403	0.00403	0.00604	0.00252	0.00252
6	0.00784	0.00738	0.01246	0.84404	0.02861	0.00923	0.01154	0.01061	0.00831	0.01061	0.00738	0.01107	0.00554	0.00415	0.00415	0.00138	0.00554	0.00369	0.00185	0.00461
7	0.00593	0.00445	0.00668	0.00668	0.00742	0.00519	0.00519	0.00742	0.00668	0.00964	0.01113	0.01632	0.01038	0.03115	0.83756	0.00668	0.01113	0.00445	0.00223	0.00371
8	0.00506	0.00361	0.00482	0.00578	0.00602	0.00337	0.00386	0.00578	0.00795	0.01060	0.02289	0.85131	0.02747	0.01301	0.00530	0.00169	0.00241	0.01181	0.00386	0.00337
9	0.01236	0.00993	0.01054	0.00886	0.01157	0.01128	0.00707	0.31666	0.52271	0.02065	0.01433	0.01344	0.01059	0.00539	0.00420	0.00135	0.00376	0.00434	0.00420	0.00676
10	0.01054	0.00995	0.01666	0.02476	0.79035	0.01001	0.01252	0.04987	0.00992	0.01415	0.00791	0.01027	0.00660	0.00376	0.00411	0.00123	0.00492	0.00370	0.00215	0.00660
11	0.08385	0.01084	0.01086	0.00893	0.01167	0.17596	0.05680	0.13895	0.16136	0.23078	0.05849	0.01261	0.01018	0.00502	0.00405	0.00127	0.00454	0.00399	0.00379	0.00605
12	0.00833	0.02149	0.83250	0.01184	0.01798	0.00965	0.01535	0.01315	0.00877	0.01315	0.00745	0.00877	0.00526	0.00395	0.00395	0.00132	0.00614	0.00307	0.00175	0.00614
13	0.00784	0.00738	0.01246	0.84404	0.02861	0.00923	0.01154	0.01061	0.00831	0.01061	0.00738	0.01107	0.00554	0.00415	0.00415	0.00138	0.00554	0.00369	0.00185	0.00461
14	0.00888	0.00846	0.01424	0.47712	0.34844	0.00965	0.01191	0.01144	0.00868	0.01177	0.00747	0.01066	0.00595	0.00412	0.00458	0.00134	0.04429	0.00369	0.00193	0.00540
15	0.01049	0.15742	0.18399	0.00927	0.01270	0.02334	0.11159	0.03427	0.03557	0.14936	0.08305	0.01610	0.10360	0.00550	0.00440	0.00128	0.02839	0.02113	0.00304	0.00552
16	0.01489	0.01869	0.01265	0.01212	0.07766	0.74118	0.03830	0.01616	0.01151	0.01055	0.00660	0.00785	0.00548	0.00421	0.00382	0.00110	0.00727	0.00284	0.00213	0.00498
17	0.01114	0.01176	0.01638	0.04449	0.01636	0.18817	0.36212	0.01536	0.15963	0.05117	0.04152	0.04312	0.00946	0.00470	0.00448	0.00133	0.00585	0.00466	0.00279	0.00550
18	0.00792	0.00681	0.01088	0.45261	0.12439	0.00780	0.00934	0.02770	0.00869	0.02959	0.03080	0.11221	0.02291	0.04045	0.06161	0.00187	0.00515	0.03219	0.00245	0.00463
19	0.01028	0.00987	0.01686	0.02550	0.82811	0.00987	0.01275	0.01275	0.00946	0.01357	0.00781	0.01028	0.00658	0.00370	0.00411	0.00123	0.00493	0.00370	0.00206	0.00658
20	0.01374	0.01236	0.30707	0.00942	0.01365	0.00751	0.05489	0.01660	0.01057	0.44806	0.02910	0.01318	0.03473	0.00485	0.00417	0.00131	0.00459	0.00403	0.00370	0.00648
21	0.01064	0.05625	0.01330	0.13169	0.31109	0.20199	0.00960	0.01276	0.03016	0.02434	0.00922	0.01164	0.03461	0.02537	0.08062	0.00178	0.02370	0.00370	0.00222	0.00534
22	0.01167	0.08394	0.01280	0.04231	0.12676	0.10838	0.06462	0.17634	0.05326	0.08076	0.04940	0.10936	0.01172	0.00591	0.00427	0.00131	0.00461	0.04372	0.00323	0.00563

[dist]
# distance from previous block
# <min> <max>
0	42

# created by:
# /st0/software/busco_prod/Augustus/scripts/msa2prfl.pl ./align_prep/40576.fa
