[name]
unknown

[dist]
# distance from previous block
# <min> <max>
0	213

[block]
# block no. 0 follows, 66 sequences, length 43
# corresponding to MSA columns:
# 218-260
name=unknown_A
#
# <colnr> <probs for GDERKNQSTAVLIFYWHMCP>
#	G	D	E	R	K	N	Q	S	T	A	V	L	I	F	Y	W	H	M	C	P
0	0.03442	0.00923	0.04233	0.32769	0.14514	0.03569	0.06901	0.16200	0.01064	0.02710	0.00932	0.04680	0.00783	0.00486	0.00418	0.00133	0.00501	0.04957	0.00254	0.00532
1	0.04040	0.00979	0.03241	0.06696	0.20524	0.05701	0.15316	0.09527	0.10646	0.11542	0.02385	0.04615	0.01981	0.00471	0.00418	0.00129	0.00476	0.00433	0.00298	0.00585
2	0.04419	0.02528	0.14066	0.01369	0.01767	0.02283	0.47008	0.09875	0.03955	0.05010	0.00908	0.03300	0.00693	0.00406	0.00439	0.00133	0.00589	0.00437	0.00248	0.00568
3	0.00683	0.00463	0.00569	0.00542	0.02110	0.00421	0.00398	0.02776	0.01074	0.08303	0.46221	0.03043	0.26321	0.04625	0.00540	0.00142	0.00229	0.00720	0.00417	0.00403
4	0.00677	0.00517	0.00628	0.00647	0.00728	0.03867	0.02750	0.07518	0.00910	0.03643	0.02079	0.66705	0.05528	0.01111	0.00496	0.00156	0.00288	0.00997	0.00371	0.00383
5	0.08246	0.03407	0.01336	0.03330	0.05642	0.05315	0.04767	0.30608	0.07802	0.11349	0.01131	0.01266	0.00876	0.00612	0.00597	0.00164	0.12052	0.00420	0.00389	0.00691
6	0.00502	0.00359	0.00479	0.00571	0.00599	0.00336	0.00388	0.00579	0.00789	0.01052	0.03449	0.80955	0.02686	0.01258	0.00519	0.00165	0.00240	0.04364	0.00378	0.00332
7	0.00657	0.00548	0.00752	0.00812	0.07080	0.04591	0.00577	0.00808	0.00697	0.00974	0.01040	0.01507	0.00962	0.02710	0.73652	0.00585	0.01023	0.00421	0.00216	0.00389
8	0.00979	0.00854	0.01447	0.32872	0.40716	0.00920	0.04433	0.01224	0.00895	0.08126	0.00814	0.01065	0.00631	0.00399	0.00433	0.00129	0.02910	0.00370	0.00218	0.00566
9	0.01046	0.07484	0.11967	0.01395	0.03166	0.03564	0.46062	0.13949	0.02161	0.01459	0.00859	0.03413	0.00673	0.00402	0.00435	0.00129	0.00598	0.00430	0.00238	0.00568
10	0.00559	0.00399	0.00493	0.00519	0.00556	0.00400	0.00344	0.00631	0.01819	0.00930	0.01791	0.25418	0.09262	0.38006	0.15372	0.00344	0.00449	0.02110	0.00294	0.00305
11	0.00520	0.00395	0.00485	0.00540	0.00617	0.00359	0.00400	0.00627	0.00871	0.01116	0.06959	0.40449	0.29730	0.01142	0.00510	0.00157	0.00246	0.14154	0.00380	0.00344
12	0.03678	0.01099	0.10070	0.38318	0.20839	0.11296	0.01104	0.05623	0.00945	0.02204	0.00739	0.00981	0.00570	0.00400	0.00393	0.00126	0.00543	0.00338	0.00206	0.00529
13	0.01283	0.01430	0.01177	0.02646	0.15513	0.45852	0.00833	0.05921	0.07011	0.03045	0.00807	0.00953	0.00661	0.00670	0.08019	0.00163	0.02936	0.00322	0.00239	0.00519
14	0.10943	0.00779	0.00908	0.00716	0.01004	0.00767	0.00588	0.22013	0.01270	0.43807	0.01644	0.01516	0.11132	0.00551	0.00399	0.00126	0.00350	0.00433	0.00435	0.00620
15	0.03608	0.01199	0.04605	0.09261	0.08348	0.24186	0.08750	0.15228	0.01102	0.03897	0.00836	0.01034	0.00667	0.00856	0.14422	0.00209	0.00668	0.00353	0.00249	0.00522
16	0.06420	0.00925	0.01423	0.12804	0.28751	0.06856	0.15844	0.03426	0.00925	0.03619	0.00976	0.12712	0.00895	0.00509	0.00438	0.00132	0.02096	0.00478	0.00241	0.00530
17	0.00583	0.00394	0.00448	0.00454	0.00463	0.00391	0.00265	0.00595	0.00620	0.00821	0.01455	0.06135	0.04855	0.76599	0.01897	0.00368	0.00379	0.02759	0.00260	0.00257
18	0.02620	0.17146	0.06355	0.00951	0.01245	0.26562	0.06473	0.09076	0.18787	0.05537	0.00938	0.00974	0.00723	0.00436	0.00370	0.00115	0.00523	0.00330	0.00278	0.00561
19	0.05205	0.11006	0.01212	0.00959	0.01189	0.65261	0.00743	0.03706	0.01110	0.03064	0.00732	0.00817	0.02477	0.00427	0.00354	0.00105	0.00652	0.00275	0.00223	0.00483
20	0.00580	0.00433	0.00645	0.00645	0.00714	0.00503	0.00498	0.00720	0.00650	0.00936	0.01094	0.01632	0.01031	0.06012	0.81187	0.00643	0.01062	0.00440	0.00218	0.00358
21	0.01516	0.01915	0.01151	0.01043	0.01254	0.82152	0.00784	0.03519	0.01168	0.01030	0.00635	0.00737	0.00527	0.00420	0.00367	0.00105	0.00725	0.00264	0.00214	0.00476
22	0.00589	0.00397	0.00459	0.00459	0.00465	0.00403	0.00267	0.00601	0.00595	0.00799	0.01263	0.02569	0.01438	0.79052	0.08704	0.00414	0.00449	0.00577	0.00244	0.00255
23	0.00788	0.00743	0.01256	0.77247	0.10143	0.00907	0.01138	0.01056	0.00822	0.01063	0.00725	0.01075	0.00550	0.00402	0.00405	0.00134	0.00535	0.00361	0.00182	0.00468
24	0.00972	0.01823	0.53098	0.01148	0.02942	0.13701	0.05079	0.05020	0.04316	0.01308	0.02228	0.00924	0.00620	0.00423	0.00437	0.00128	0.04733	0.00323	0.00205	0.00572
25	0.00595	0.00455	0.00673	0.00665	0.00731	0.00538	0.00517	0.00732	0.00648	0.00938	0.01067	0.01596	0.01007	0.05690	0.77440	0.00621	0.05073	0.00436	0.00216	0.00362
26	0.00917	0.00512	0.00605	0.00539	0.00635	0.00500	0.00363	0.05554	0.02757	0.18836	0.01425	0.02293	0.03768	0.57846	0.01525	0.00306	0.00379	0.00543	0.00318	0.00380
27	0.00668	0.00566	0.00854	0.01160	0.26325	0.00552	0.00659	0.00806	0.00860	0.01166	0.05702	0.41470	0.11234	0.00924	0.00491	0.00147	0.01758	0.03902	0.00322	0.00435
28	0.00782	0.00729	0.01217	0.83081	0.02763	0.00909	0.01120	0.02662	0.00833	0.01067	0.00726	0.01080	0.00544	0.00407	0.00406	0.00135	0.00539	0.00361	0.00185	0.00456
29	0.00881	0.00838	0.01413	0.40162	0.42737	0.00927	0.01162	0.01129	0.00866	0.01180	0.00815	0.01103	0.02454	0.00404	0.00425	0.00129	0.02265	0.00372	0.00195	0.00544
30	0.01187	0.00732	0.00863	0.00723	0.00954	0.00758	0.00579	0.18789	0.16640	0.23527	0.08488	0.01785	0.11060	0.00916	0.10903	0.00194	0.00426	0.00493	0.00409	0.00573
31	0.00878	0.00853	0.01284	0.42498	0.14439	0.05726	0.06027	0.03987	0.01845	0.01182	0.05306	0.01205	0.02240	0.00533	0.02753	0.00148	0.07995	0.00394	0.00216	0.00489
32	0.01032	0.36739	0.11387	0.10732	0.04280	0.04434	0.00859	0.02200	0.13070	0.04409	0.00865	0.00960	0.01751	0.00429	0.00395	0.00115	0.05254	0.00312	0.00231	0.00544
33	0.10854	0.05899	0.14615	0.00910	0.03064	0.00996	0.03641	0.20311	0.17134	0.14513	0.01960	0.02524	0.00843	0.00474	0.00384	0.00126	0.00419	0.00376	0.00342	0.00613
34	0.00590	0.00393	0.00442	0.00442	0.00442	0.00393	0.00246	0.00590	0.00590	0.00787	0.01278	0.02655	0.01475	0.85742	0.02065	0.00393	0.00393	0.00590	0.00246	0.00246
35	0.00892	0.07494	0.09162	0.35449	0.33595	0.00997	0.01165	0.01152	0.00853	0.01163	0.00719	0.00990	0.00576	0.00394	0.00427	0.00127	0.03773	0.00344	0.00187	0.00544
36	0.01154	0.03237	0.23778	0.02741	0.12737	0.09804	0.11692	0.03638	0.04875	0.17415	0.02954	0.01133	0.02111	0.00434	0.00405	0.00125	0.00521	0.00377	0.00277	0.00593
37	0.03645	0.01212	0.01003	0.03298	0.01094	0.35421	0.00709	0.05846	0.04635	0.01947	0.00969	0.14083	0.00945	0.02064	0.04918	0.00165	0.16889	0.00450	0.00254	0.00455
38	0.01063	0.00949	0.01384	0.15645	0.37638	0.07312	0.04882	0.07386	0.01002	0.07374	0.01780	0.04609	0.00809	0.00469	0.00448	0.00129	0.03516	0.02786	0.00250	0.00569
39	0.05681	0.21803	0.04615	0.01069	0.10567	0.16869	0.04400	0.08127	0.09384	0.05272	0.00824	0.00918	0.00657	0.00470	0.01942	0.00124	0.04179	0.00314	0.00251	0.02534
40	0.00700	0.00754	0.12501	0.00752	0.02266	0.03924	0.05335	0.00876	0.00913	0.05644	0.15294	0.37531	0.10086	0.00903	0.00472	0.00144	0.00334	0.00804	0.00346	0.00421
41	0.02370	0.00997	0.08105	0.01269	0.19234	0.03414	0.09394	0.09684	0.20355	0.04734	0.03305	0.01380	0.00972	0.11131	0.00631	0.00162	0.01574	0.00427	0.00295	0.00568
42	0.05203	0.49796	0.10380	0.00813	0.03304	0.10250	0.00765	0.02549	0.01905	0.05099	0.03095	0.00925	0.03600	0.00411	0.00314	0.00102	0.00459	0.00286	0.00219	0.00525

[dist]
# distance from previous block
# <min> <max>
2	10

[block]
# block no. 1 follows, 66 sequences, length 30
# corresponding to MSA columns:
# 271-300
name=unknown_B
#
# <colnr> <probs for GDERKNQSTAVLIFYWHMCP>
#	G	D	E	R	K	N	Q	S	T	A	V	L	I	F	Y	W	H	M	C	P
0	0.00635	0.00443	0.00542	0.00521	0.00651	0.00386	0.02431	0.00753	0.00945	0.08998	0.13702	0.21473	0.45043	0.00988	0.00481	0.00141	0.00236	0.00853	0.00393	0.00383
1	0.01072	0.07044	0.09117	0.04352	0.05968	0.09991	0.13356	0.11660	0.08215	0.06586	0.03240	0.03520	0.07526	0.00522	0.00439	0.00127	0.02818	0.02124	0.00289	0.02034
2	0.01196	0.05393	0.14598	0.02967	0.12754	0.12888	0.08878	0.12108	0.07936	0.11796	0.02530	0.02200	0.00807	0.00454	0.00402	0.00124	0.00510	0.01578	0.00288	0.00591
3	0.00814	0.02542	0.00747	0.00687	0.02045	0.00560	0.03309	0.02845	0.02899	0.12505	0.02784	0.34869	0.01760	0.19749	0.00893	0.00205	0.07038	0.01774	0.01569	0.00406
4	0.00577	0.00407	0.00551	0.00567	0.00619	0.00429	0.00409	0.00649	0.00682	0.00926	0.01573	0.12559	0.09274	0.19468	0.36779	0.09006	0.00648	0.04301	0.00262	0.00315
5	0.02729	0.06247	0.10827	0.04419	0.14554	0.26500	0.06195	0.06712	0.06296	0.03225	0.02744	0.03969	0.00779	0.00514	0.02439	0.00132	0.00565	0.00366	0.00245	0.00541
6	0.01827	0.11111	0.21032	0.05020	0.16753	0.02064	0.15262	0.05369	0.03742	0.05232	0.00936	0.02174	0.02671	0.01837	0.03108	0.00145	0.00538	0.00382	0.00231	0.00567
7	0.31639	0.00688	0.00766	0.00641	0.00894	0.00684	0.00517	0.03305	0.00964	0.42494	0.01313	0.12296	0.01025	0.00561	0.00368	0.00131	0.00322	0.00441	0.00397	0.00556
8	0.00762	0.00853	0.09569	0.09897	0.09823	0.00752	0.15727	0.01091	0.09370	0.01235	0.04864	0.08275	0.16441	0.00814	0.06993	0.00177	0.02037	0.00561	0.00276	0.00484
9	0.01022	0.11758	0.16069	0.09288	0.25672	0.12582	0.06064	0.01308	0.04331	0.02677	0.00803	0.02849	0.00664	0.01631	0.00420	0.00124	0.01619	0.00352	0.00210	0.00558
10	0.01013	0.28207	0.36460	0.01063	0.01512	0.08052	0.11606	0.05415	0.00938	0.01224	0.00693	0.00819	0.00539	0.00376	0.00358	0.00114	0.00562	0.00297	0.00192	0.00562
11	0.00497	0.00358	0.00475	0.00562	0.00591	0.00335	0.00378	0.00573	0.00784	0.01045	0.03609	0.79677	0.05050	0.01299	0.02513	0.00175	0.00254	0.01120	0.00374	0.00332
12	0.29188	0.00836	0.06316	0.08434	0.02681	0.00780	0.04280	0.03778	0.00951	0.33607	0.01093	0.04647	0.00789	0.00468	0.00364	0.00129	0.00385	0.00370	0.00344	0.00560
13	0.00600	0.00445	0.00618	0.00595	0.00700	0.00413	0.03732	0.00772	0.01040	0.02620	0.49029	0.14734	0.09937	0.00925	0.00495	0.00142	0.00247	0.12162	0.00412	0.00382
14	0.00500	0.00364	0.00472	0.00545	0.00586	0.00336	0.00371	0.00585	0.00826	0.01096	0.09927	0.69950	0.10534	0.01207	0.00510	0.00159	0.00228	0.01086	0.00383	0.00336
15	0.00993	0.00990	0.02675	0.02185	0.62973	0.02281	0.09202	0.01281	0.05052	0.01312	0.00803	0.01034	0.00666	0.00425	0.01571	0.00133	0.05222	0.00376	0.00211	0.00615
16	0.00766	0.00721	0.01217	0.84767	0.02794	0.00901	0.01127	0.01037	0.00811	0.01037	0.00721	0.01082	0.00541	0.00406	0.00406	0.00135	0.00541	0.00361	0.00180	0.00451
17	0.00958	0.01094	0.02394	0.01710	0.02120	0.01026	0.81737	0.01300	0.00958	0.01300	0.00821	0.01094	0.00616	0.00342	0.00479	0.00137	0.00684	0.00479	0.00205	0.00547
18	0.01420	0.01009	0.01117	0.02264	0.02483	0.01109	0.00732	0.50042	0.22018	0.11660	0.01209	0.01159	0.00861	0.00501	0.00408	0.00126	0.00405	0.00394	0.00412	0.00673
19	0.00863	0.00644	0.02024	0.00723	0.03569	0.00632	0.02493	0.04624	0.21058	0.10150	0.28785	0.05521	0.14471	0.00730	0.00451	0.00133	0.00285	0.01938	0.00410	0.00499
20	0.00485	0.00410	0.00419	0.00419	0.00552	0.00344	0.00314	0.00592	0.00934	0.01124	0.08450	0.05345	0.77187	0.01021	0.00480	0.00137	0.00205	0.00855	0.00381	0.00344
21	0.01540	0.01209	0.01211	0.00944	0.01258	0.08818	0.00772	0.74537	0.01838	0.02414	0.00942	0.00952	0.00675	0.00481	0.00402	0.00120	0.00472	0.00356	0.00388	0.00670
22	0.03074	0.01159	0.06081	0.01636	0.02045	0.03563	0.73584	0.01306	0.00952	0.01302	0.00804	0.01062	0.00604	0.00347	0.00466	0.00135	0.00673	0.00458	0.00205	0.00545
23	0.00620	0.00443	0.00615	0.00709	0.00788	0.00438	0.00596	0.00783	0.00901	0.01177	0.02167	0.21525	0.02408	0.01152	0.00551	0.00182	0.00345	0.63861	0.00374	0.00364
24	0.00581	0.00430	0.00631	0.00631	0.00696	0.00495	0.00480	0.00711	0.00646	0.00926	0.01106	0.01702	0.01061	0.11507	0.75735	0.00626	0.01016	0.00451	0.00220	0.00350
25	0.01056	0.00899	0.01091	0.01142	0.15571	0.01022	0.00775	0.06617	0.53985	0.04246	0.01361	0.01336	0.01035	0.00525	0.00486	0.00137	0.07301	0.00426	0.00359	0.00630
26	0.03418	0.00419	0.00463	0.00457	0.00479	0.00423	0.00270	0.00655	0.02612	0.00891	0.05144	0.02620	0.04126	0.74324	0.01843	0.00358	0.00374	0.00590	0.00263	0.00271
27	0.01047	0.73661	0.07538	0.00718	0.01083	0.01477	0.00732	0.01205	0.00828	0.01006	0.00587	0.00680	0.00526	0.00346	0.00272	0.00088	0.00435	0.00224	0.00179	0.07369
28	0.00968	0.03803	0.12942	0.03894	0.61641	0.00969	0.04635	0.01240	0.00908	0.01301	0.00752	0.00973	0.00616	0.00362	0.00395	0.00120	0.00501	0.00349	0.00197	0.03432
29	0.00648	0.00557	0.00709	0.00707	0.00784	0.05124	0.05740	0.02162	0.05192	0.01132	0.05123	0.62179	0.02264	0.01068	0.00536	0.00157	0.04230	0.00956	0.00352	0.00382

[dist]
# distance from previous block
# <min> <max>
5	24

# created by:
# /st0/software/busco_prod/Augustus/scripts/msa2prfl.pl ./align_prep/40685.fa
