[name]
unknown

[dist]
# distance from previous block
# <min> <max>
8	136

[block]
# block no. 0 follows, 70 sequences, length 8
# corresponding to MSA columns:
# 178-185
name=unknown_A
#
# <colnr> <probs for GDERKNQSTAVLIFYWHMCP>
#	G	D	E	R	K	N	Q	S	T	A	V	L	I	F	Y	W	H	M	C	P
0	0.02752	0.07867	0.03519	0.00912	0.01175	0.18955	0.10894	0.21928	0.04032	0.09524	0.00991	0.01094	0.03444	0.03066	0.03373	0.00139	0.02408	0.00357	0.03044	0.00527
1	0.00896	0.00866	0.01464	0.27602	0.10600	0.03381	0.24596	0.07405	0.00922	0.02944	0.02830	0.03295	0.04015	0.00450	0.00481	0.00130	0.06989	0.00422	0.00223	0.00491
2	0.00654	0.00522	0.00640	0.00625	0.00703	0.03882	0.00469	0.07176	0.00764	0.01033	0.01359	0.16626	0.05565	0.11260	0.43402	0.00411	0.03733	0.00560	0.00258	0.00359
3	0.89114	0.00750	0.00570	0.00510	0.00750	0.00870	0.00420	0.01140	0.00660	0.01739	0.00540	0.00630	0.00420	0.00360	0.00240	0.00120	0.00300	0.00210	0.00240	0.00420
4	0.00548	0.00391	0.00484	0.00513	0.00594	0.00358	0.00381	0.00660	0.00868	0.03566	0.17641	0.28732	0.24713	0.06214	0.00571	0.00159	0.00241	0.12658	0.00368	0.00339
5	0.04539	0.03367	0.04707	0.05643	0.05538	0.16884	0.02395	0.14741	0.06555	0.06618	0.02322	0.00983	0.02130	0.00404	0.00350	0.00101	0.00436	0.00314	0.00272	0.21699
6	0.59039	0.03638	0.00819	0.03516	0.09501	0.03047	0.02631	0.03152	0.00758	0.01576	0.02396	0.02546	0.00615	0.00401	0.00290	0.00118	0.00347	0.02108	0.00240	0.03261
7	0.04894	0.08530	0.01269	0.07610	0.25376	0.15443	0.03317	0.04292	0.09707	0.04801	0.00952	0.03330	0.03624	0.00449	0.00414	0.00118	0.04743	0.00363	0.00242	0.00526

[dist]
# distance from previous block
# <min> <max>
0	1

[block]
# block no. 1 follows, 70 sequences, length 17
# corresponding to MSA columns:
# 187-203
name=unknown_B
#
# <colnr> <probs for GDERKNQSTAVLIFYWHMCP>
#	G	D	E	R	K	N	Q	S	T	A	V	L	I	F	Y	W	H	M	C	P
0	0.00621	0.00516	0.00539	0.00490	0.00640	0.05032	0.00373	0.00761	0.00972	0.03524	0.32834	0.02851	0.37693	0.00786	0.00430	0.00117	0.00233	0.00664	0.00364	0.10561
1	0.00724	0.02940	0.01804	0.04412	0.08309	0.00632	0.01953	0.01998	0.18248	0.02502	0.29066	0.12280	0.07589	0.00710	0.00446	0.00129	0.01906	0.02557	0.01345	0.00451
2	0.10760	0.00730	0.00856	0.02107	0.02933	0.00775	0.01967	0.11276	0.19469	0.25630	0.01236	0.01212	0.00883	0.00471	0.00388	0.00119	0.03403	0.00369	0.14857	0.00559
3	0.00764	0.00497	0.00623	0.00612	0.00728	0.00491	0.00481	0.06125	0.05645	0.09827	0.15855	0.13065	0.06971	0.11573	0.00660	0.00175	0.00303	0.24831	0.00371	0.00402
4	0.09295	0.00683	0.00881	0.00682	0.00977	0.00619	0.00563	0.04803	0.01097	0.74068	0.01422	0.01245	0.00902	0.00469	0.00377	0.00120	0.00331	0.00373	0.00456	0.00639
5	0.00557	0.00390	0.00501	0.00504	0.00531	0.00416	0.00335	0.00613	0.00592	0.00816	0.01177	0.04538	0.01272	0.51690	0.33946	0.00465	0.00628	0.00522	0.00228	0.00280
6	0.01040	0.78720	0.06224	0.00700	0.01039	0.04980	0.00706	0.01180	0.00802	0.00930	0.00550	0.00635	0.00497	0.00336	0.00259	0.00086	0.00435	0.00213	0.00167	0.00499
7	0.00770	0.00675	0.00917	0.00681	0.00967	0.00556	0.10363	0.00936	0.00785	0.01182	0.00898	0.01177	0.03760	0.10827	0.02095	0.00120	0.01668	0.00327	0.01748	0.59548
8	0.00661	0.00522	0.00608	0.00561	0.00699	0.00522	0.00426	0.02670	0.20350	0.01483	0.44958	0.07065	0.12683	0.00748	0.00436	0.00124	0.00225	0.00648	0.00398	0.04211
9	0.00915	0.01046	0.02288	0.01634	0.02026	0.00980	0.82549	0.01242	0.00915	0.01242	0.00784	0.01046	0.00588	0.00327	0.00458	0.00131	0.00654	0.00458	0.00196	0.00523
10	0.05623	0.01102	0.01133	0.00878	0.01181	0.04709	0.00722	0.75386	0.01737	0.02347	0.00898	0.00907	0.00641	0.00458	0.00379	0.00116	0.00432	0.00338	0.00373	0.00639
11	0.00476	0.00339	0.00449	0.00535	0.00557	0.00317	0.00355	0.00541	0.00735	0.00980	0.02101	0.82901	0.02520	0.04496	0.00552	0.00166	0.00231	0.01081	0.00355	0.00312
12	0.00498	0.00357	0.00478	0.00565	0.00602	0.00337	0.00403	0.00584	0.00771	0.01020	0.02172	0.70110	0.04762	0.01184	0.00501	0.00160	0.00246	0.14568	0.00359	0.00322
13	0.01739	0.00660	0.00900	0.00690	0.00990	0.00570	0.00570	0.01889	0.01110	0.84226	0.01529	0.01320	0.00960	0.00480	0.00390	0.00120	0.00330	0.00390	0.00480	0.00660
14	0.00509	0.00388	0.00469	0.00473	0.00567	0.00348	0.00352	0.00645	0.00960	0.01275	0.40111	0.16405	0.30769	0.00936	0.00467	0.00133	0.00202	0.04258	0.00390	0.00344
15	0.08019	0.00776	0.00908	0.00712	0.00990	0.00773	0.00584	0.28147	0.01291	0.41803	0.04368	0.01387	0.07443	0.00517	0.00386	0.00120	0.00344	0.00408	0.00420	0.00605
16	0.00991	0.00889	0.00889	0.00801	0.01019	0.05591	0.00621	0.02032	0.78724	0.01585	0.01524	0.01405	0.01146	0.00519	0.00392	0.00130	0.00328	0.00428	0.00384	0.00605

[dist]
# distance from previous block
# <min> <max>
0	1

[block]
# block no. 2 follows, 70 sequences, length 19
# corresponding to MSA columns:
# 205-223
name=unknown_C
#
# <colnr> <probs for GDERKNQSTAVLIFYWHMCP>
#	G	D	E	R	K	N	Q	S	T	A	V	L	I	F	Y	W	H	M	C	P
0	0.02168	0.03775	0.03992	0.03933	0.04380	0.06428	0.00650	0.18792	0.11182	0.14354	0.01216	0.08818	0.01042	0.07020	0.06703	0.00179	0.00442	0.03312	0.01094	0.00520
1	0.39507	0.03448	0.03938	0.00810	0.04284	0.35226	0.00625	0.01286	0.00863	0.01323	0.00651	0.04123	0.00558	0.00411	0.00306	0.00112	0.00478	0.00272	0.01339	0.00442
2	0.00876	0.14804	0.44675	0.01019	0.02823	0.01007	0.05986	0.03325	0.05064	0.03458	0.00802	0.00930	0.01976	0.00504	0.03545	0.00140	0.08013	0.00316	0.00198	0.00540
3	0.00489	0.00386	0.00441	0.00445	0.00547	0.00338	0.00327	0.00610	0.00931	0.01201	0.29203	0.15693	0.46099	0.00956	0.00463	0.00132	0.00196	0.00823	0.00381	0.00338
4	0.00775	0.00742	0.01075	0.15848	0.01243	0.00996	0.00815	0.00904	0.00668	0.00988	0.07099	0.01107	0.00802	0.00856	0.09282	0.00203	0.55612	0.00376	0.00194	0.00413
5	0.00515	0.00390	0.00475	0.00464	0.00561	0.00350	0.00344	0.00663	0.01004	0.01356	0.53047	0.10017	0.27630	0.00884	0.00461	0.00128	0.00190	0.00769	0.00401	0.00350
6	0.00562	0.00396	0.00521	0.00521	0.00562	0.00429	0.00363	0.00640	0.00609	0.00857	0.01187	0.02012	0.02877	0.39508	0.43630	0.00485	0.00699	0.00487	0.03357	0.00297
7	0.89114	0.00750	0.00570	0.00510	0.00750	0.00870	0.00420	0.01140	0.00660	0.01739	0.00540	0.00630	0.00420	0.00360	0.00240	0.00120	0.00300	0.00210	0.00240	0.00420
8	0.00920	0.01036	0.03635	0.05880	0.17291	0.03383	0.58151	0.01218	0.00903	0.01221	0.00782	0.02289	0.00615	0.00349	0.00436	0.00127	0.00604	0.00431	0.00196	0.00531
9	0.01077	0.01089	0.01502	0.01359	0.15388	0.16177	0.26492	0.13135	0.01064	0.03403	0.05138	0.02686	0.03086	0.00449	0.00468	0.00123	0.06181	0.00410	0.00249	0.00524
10	0.00953	0.01059	0.04101	0.15108	0.03813	0.10379	0.42006	0.04192	0.05358	0.01225	0.00814	0.01067	0.00631	0.00390	0.00450	0.00127	0.03712	0.01622	0.02492	0.00503
11	0.00557	0.00410	0.00522	0.00491	0.00590	0.00383	0.00369	0.00764	0.03800	0.01524	0.75800	0.02903	0.08832	0.00796	0.00455	0.00123	0.00188	0.00700	0.00421	0.00371
12	0.00910	0.08039	0.61723	0.01072	0.01574	0.04710	0.05868	0.07287	0.00916	0.03355	0.00723	0.00832	0.00522	0.00375	0.00366	0.00119	0.00555	0.00296	0.00192	0.00568
13	0.00723	0.00452	0.00585	0.00526	0.00649	0.00424	0.00404	0.04012	0.01105	0.10839	0.66756	0.02565	0.03091	0.00797	0.02870	0.00135	0.00233	0.00635	0.02789	0.00409
14	0.00727	0.00547	0.00692	0.00611	0.00745	0.00562	0.02539	0.05962	0.09431	0.05679	0.44640	0.03640	0.14495	0.00742	0.00508	0.00128	0.06914	0.00625	0.00387	0.00426
15	0.00543	0.00382	0.00441	0.00457	0.00491	0.00368	0.00295	0.00586	0.00676	0.00880	0.04067	0.11156	0.14654	0.54585	0.01419	0.00291	0.00326	0.07829	0.00283	0.00272
16	0.02138	0.01233	0.22115	0.01108	0.12088	0.09777	0.04510	0.07816	0.20429	0.01417	0.05786	0.02088	0.00918	0.00448	0.00382	0.00118	0.00452	0.01172	0.00269	0.05737
17	0.00550	0.00392	0.00482	0.00517	0.00570	0.00371	0.00347	0.00659	0.04407	0.02515	0.04300	0.51425	0.08114	0.19426	0.00795	0.00196	0.00262	0.00881	0.00334	0.03458
18	0.03947	0.12015	0.16267	0.05566	0.09667	0.21644	0.08194	0.03351	0.04233	0.01185	0.02323	0.00872	0.00615	0.00376	0.00351	0.00107	0.00521	0.00300	0.00207	0.08259

[dist]
# distance from previous block
# <min> <max>
1	14

[block]
# block no. 3 follows, 70 sequences, length 18
# corresponding to MSA columns:
# 239-256
name=unknown_D
#
# <colnr> <probs for GDERKNQSTAVLIFYWHMCP>
#	G	D	E	R	K	N	Q	S	T	A	V	L	I	F	Y	W	H	M	C	P
0	0.02657	0.00766	0.02781	0.02165	0.02276	0.02210	0.02754	0.12996	0.06347	0.08063	0.06336	0.02117	0.04283	0.03523	0.02981	0.00120	0.00358	0.00365	0.00298	0.36604
1	0.00542	0.00406	0.00452	0.00444	0.00567	0.00352	0.00337	0.00659	0.00923	0.04810	0.18125	0.05697	0.57713	0.02612	0.00490	0.00137	0.00212	0.04802	0.00375	0.00348
2	0.00900	0.08489	0.01164	0.07893	0.28282	0.00870	0.00793	0.04866	0.20103	0.03269	0.12559	0.01505	0.06663	0.00501	0.00390	0.00119	0.00365	0.00436	0.00294	0.00539
3	0.00932	0.07403	0.18862	0.02516	0.10373	0.02568	0.00859	0.05487	0.09785	0.07628	0.00910	0.01156	0.00754	0.08380	0.08245	0.00194	0.12839	0.00359	0.00240	0.00510
4	0.00502	0.00363	0.00481	0.00564	0.00608	0.00342	0.00408	0.00594	0.00783	0.01028	0.02253	0.63562	0.08556	0.01168	0.00500	0.00160	0.00249	0.17194	0.00359	0.00324
5	0.00952	0.00799	0.02402	0.44982	0.19574	0.00851	0.04727	0.02609	0.00917	0.09157	0.04523	0.01290	0.03000	0.00465	0.00422	0.00136	0.00485	0.00404	0.01774	0.00530
6	0.00564	0.00376	0.00423	0.00423	0.00423	0.00376	0.00235	0.00564	0.00564	0.00752	0.01222	0.02537	0.01409	0.86375	0.01973	0.00376	0.00376	0.00564	0.00235	0.00235
7	0.00529	0.00391	0.00495	0.00485	0.00575	0.00357	0.00361	0.00688	0.01024	0.01412	0.61457	0.11352	0.15583	0.00870	0.00463	0.00128	0.00194	0.02872	0.00408	0.00355
8	0.01005	0.00890	0.01503	0.06549	0.73638	0.00892	0.01138	0.01231	0.00894	0.07368	0.00786	0.00990	0.00635	0.00358	0.00384	0.00116	0.00454	0.00349	0.00212	0.00608
9	0.85344	0.00764	0.00595	0.00526	0.00769	0.00884	0.00433	0.04646	0.00710	0.01770	0.00557	0.00643	0.00430	0.00364	0.00246	0.00120	0.00305	0.00216	0.00246	0.00430
10	0.00527	0.00433	0.00524	0.00573	0.06695	0.00385	0.00386	0.00665	0.00960	0.01244	0.32065	0.03230	0.49181	0.00868	0.00452	0.00127	0.00211	0.00742	0.00371	0.00362
11	0.00555	0.00411	0.00601	0.00601	0.00663	0.00473	0.00458	0.00678	0.00617	0.00884	0.01058	0.01632	0.01017	0.11910	0.75902	0.00596	0.00967	0.00431	0.00211	0.00334
12	0.00475	0.00345	0.00449	0.00526	0.00560	0.00318	0.00355	0.00551	0.00771	0.01023	0.06488	0.75745	0.08610	0.01176	0.00490	0.00154	0.00221	0.01060	0.00363	0.00318
13	0.00593	0.00406	0.00512	0.00486	0.00591	0.00366	0.00364	0.00750	0.01032	0.05990	0.58671	0.09565	0.17533	0.00842	0.00457	0.00126	0.00197	0.00736	0.00413	0.00371
14	0.06756	0.00541	0.00671	0.00558	0.00764	0.00494	0.00447	0.01347	0.01009	0.42038	0.17615	0.01757	0.06608	0.00559	0.00375	0.00115	0.00263	0.00460	0.17113	0.00510
15	0.02618	0.00446	0.00525	0.02315	0.00652	0.00415	0.00379	0.02286	0.03073	0.07017	0.32783	0.07016	0.33920	0.00832	0.00455	0.01308	0.00220	0.00699	0.02659	0.00380
16	0.01085	0.61923	0.05663	0.00756	0.01085	0.03853	0.03102	0.13230	0.02285	0.01177	0.00662	0.02415	0.00576	0.00376	0.00291	0.00094	0.00434	0.00262	0.00208	0.00522
17	0.07773	0.02067	0.05246	0.04536	0.01176	0.04472	0.02824	0.26688	0.09310	0.19940	0.01023	0.01018	0.00724	0.00429	0.00363	0.00112	0.00396	0.00336	0.00342	0.11226

[dist]
# distance from previous block
# <min> <max>
1	2

[block]
# block no. 4 follows, 70 sequences, length 17
# corresponding to MSA columns:
# 259-275
name=unknown_E
#
# <colnr> <probs for GDERKNQSTAVLIFYWHMCP>
#	G	D	E	R	K	N	Q	S	T	A	V	L	I	F	Y	W	H	M	C	P
0	0.14713	0.29313	0.03265	0.00815	0.03879	0.06712	0.00691	0.30213	0.02822	0.03158	0.00732	0.00783	0.00569	0.00396	0.00316	0.00105	0.00421	0.00275	0.00270	0.00551
1	0.16755	0.00878	0.00822	0.00713	0.00936	0.08083	0.00564	0.17633	0.30162	0.02923	0.05531	0.01422	0.08834	0.00528	0.00368	0.00122	0.00344	0.00410	0.02441	0.00529
2	0.00490	0.00384	0.00445	0.00459	0.00555	0.00339	0.00337	0.00607	0.00911	0.01174	0.24788	0.20902	0.42842	0.00983	0.00468	0.00136	0.00204	0.03263	0.00378	0.00336
3	0.00765	0.00638	0.00725	0.00687	0.00786	0.03734	0.00521	0.06728	0.19020	0.01211	0.04057	0.18143	0.04103	0.14886	0.05426	0.00209	0.10624	0.07006	0.00314	0.00417
4	0.00534	0.00409	0.00490	0.00468	0.00575	0.00373	0.00351	0.00719	0.03612	0.01399	0.56355	0.03110	0.28495	0.00843	0.00456	0.00125	0.00191	0.00729	0.00405	0.00362
5	0.00502	0.00366	0.00449	0.00489	0.00537	0.00341	0.00331	0.00578	0.00775	0.01022	0.12063	0.41421	0.17001	0.18151	0.02562	0.00202	0.00264	0.02297	0.00340	0.00309
6	0.01474	0.01086	0.01163	0.00892	0.01202	0.01202	0.00737	0.82664	0.01823	0.02443	0.00931	0.00931	0.00659	0.00465	0.00388	0.00116	0.00427	0.00349	0.00388	0.00659
7	0.00473	0.00346	0.00445	0.00520	0.00558	0.00318	0.00352	0.00548	0.00771	0.01015	0.05011	0.73277	0.12597	0.01172	0.00489	0.00153	0.00220	0.01054	0.00362	0.00318
8	0.00743	0.00745	0.08115	0.00855	0.02756	0.00800	0.00716	0.02230	0.00688	0.03819	0.00964	0.13309	0.00960	0.01379	0.26062	0.00296	0.34456	0.00469	0.00223	0.00414
9	0.01349	0.01035	0.01201	0.04691	0.04172	0.02754	0.05307	0.59131	0.09971	0.04937	0.00985	0.01004	0.00708	0.00455	0.00392	0.00119	0.00434	0.00363	0.00361	0.00631
10	0.01020	0.01054	0.01516	0.05986	0.64189	0.13409	0.04780	0.01236	0.00911	0.01205	0.00710	0.00928	0.00591	0.00355	0.00382	0.00114	0.00507	0.00336	0.00192	0.00577
11	0.00972	0.00940	0.04681	0.07117	0.46882	0.01899	0.09453	0.05332	0.10284	0.03479	0.02360	0.01075	0.00739	0.00388	0.00391	0.00119	0.00457	0.00372	0.02479	0.00582
12	0.00582	0.00415	0.00534	0.00517	0.00621	0.00376	0.02118	0.00720	0.00953	0.05106	0.37224	0.16086	0.23572	0.03825	0.00517	0.00142	0.00227	0.05720	0.00386	0.00360
13	0.00475	0.00350	0.00447	0.00522	0.00564	0.00322	0.00358	0.00552	0.00771	0.01005	0.02428	0.69692	0.15915	0.01171	0.00490	0.00154	0.00225	0.03880	0.00360	0.00318
14	0.13439	0.00796	0.00938	0.00780	0.01004	0.00884	0.03412	0.13263	0.24722	0.19010	0.02546	0.01186	0.00893	0.00652	0.05942	0.00161	0.09086	0.00377	0.00349	0.00559
15	0.01221	0.00958	0.01063	0.00949	0.06528	0.05187	0.02476	0.27507	0.36599	0.09794	0.01226	0.01181	0.00898	0.00483	0.00407	0.00124	0.02021	0.00388	0.00369	0.00619
16	0.02434	0.00503	0.00551	0.00531	0.00606	0.04359	0.00373	0.01803	0.05266	0.02901	0.10268	0.03552	0.08130	0.34410	0.19295	0.00329	0.00484	0.00534	0.03335	0.00335

[dist]
# distance from previous block
# <min> <max>
0	1

[block]
# block no. 5 follows, 70 sequences, length 47
# corresponding to MSA columns:
# 277-323
name=unknown_F
#
# <colnr> <probs for GDERKNQSTAVLIFYWHMCP>
#	G	D	E	R	K	N	Q	S	T	A	V	L	I	F	Y	W	H	M	C	P
0	0.01336	0.00677	0.00838	0.00663	0.00921	0.00629	0.00530	0.10818	0.07074	0.44502	0.03592	0.02778	0.03078	0.07717	0.00514	0.00135	0.00327	0.00413	0.01783	0.11674
1	0.00896	0.00737	0.00921	0.03108	0.09428	0.00631	0.00580	0.07900	0.00914	0.04050	0.03757	0.00930	0.00707	0.00341	0.00332	0.00076	0.01584	0.00279	0.00252	0.62576
2	0.58694	0.01571	0.00656	0.00565	0.00791	0.02985	0.00457	0.06812	0.00837	0.09571	0.06687	0.05088	0.03013	0.00468	0.00301	0.00121	0.00309	0.00331	0.00293	0.00450
3	0.02130	0.00877	0.03490	0.03442	0.34677	0.02910	0.04353	0.04984	0.11282	0.06845	0.01881	0.03465	0.03507	0.00453	0.00417	0.00117	0.03507	0.01863	0.00264	0.09536
4	0.00478	0.00392	0.00422	0.00418	0.00537	0.00335	0.00312	0.00594	0.00926	0.01156	0.21295	0.06119	0.63773	0.00948	0.00459	0.00130	0.00194	0.00801	0.00375	0.00335
5	0.00992	0.00847	0.02422	0.00780	0.01005	0.00942	0.00623	0.11384	0.62877	0.02605	0.02653	0.01496	0.05360	0.00545	0.00415	0.00129	0.02199	0.00444	0.01688	0.00593
6	0.01333	0.00643	0.00771	0.00620	0.00850	0.00625	0.00503	0.17685	0.01157	0.39458	0.03228	0.01319	0.00973	0.00475	0.00353	0.00110	0.00298	0.00380	0.28662	0.00557
7	0.00592	0.00426	0.00506	0.00500	0.00597	0.00401	0.00373	0.00757	0.04978	0.03891	0.25982	0.06192	0.25787	0.16358	0.00738	0.00179	0.00256	0.10775	0.00362	0.00350
8	0.00902	0.08306	0.67606	0.01021	0.01540	0.00916	0.01266	0.01309	0.02577	0.09879	0.00789	0.00869	0.00555	0.00380	0.00362	0.00120	0.00530	0.00294	0.00202	0.00577
9	0.01107	0.00826	0.00890	0.00753	0.00982	0.00917	0.00598	0.27244	0.39633	0.05761	0.06202	0.02309	0.01150	0.00521	0.00385	0.00122	0.00325	0.00423	0.09265	0.00587
10	0.01036	0.86609	0.02032	0.00663	0.00995	0.01534	0.00663	0.01161	0.00788	0.00912	0.00539	0.00622	0.00498	0.00332	0.00249	0.00083	0.00415	0.00207	0.00166	0.00498
11	0.00772	0.00625	0.00765	0.00589	0.00868	0.00511	0.00468	0.00936	0.00771	0.03501	0.00793	0.00984	0.00676	0.00897	0.19797	0.00190	0.00462	0.00277	0.00232	0.65886
12	0.03233	0.01027	0.01095	0.00859	0.01152	0.01141	0.00704	0.67193	0.13463	0.03391	0.01028	0.01011	0.00738	0.00472	0.00384	0.00118	0.00402	0.00360	0.01584	0.00644
13	0.00486	0.00350	0.00463	0.00546	0.00581	0.00327	0.00379	0.00567	0.00769	0.01019	0.04016	0.73556	0.06484	0.01182	0.00496	0.00157	0.00234	0.07708	0.00361	0.00320
14	0.02161	0.57131	0.23146	0.00796	0.01183	0.04061	0.00864	0.04811	0.00850	0.01073	0.00599	0.00689	0.00502	0.00350	0.00289	0.00096	0.00464	0.00235	0.00177	0.00522
15	0.00638	0.00352	0.00495	0.00495	0.00500	0.00358	0.00324	0.00534	0.00528	0.00710	0.00834	0.01531	0.00873	0.21818	0.08260	0.60565	0.00402	0.00397	0.00187	0.00198
16	0.00524	0.00378	0.00476	0.00522	0.00593	0.00345	0.00380	0.00629	0.00849	0.02865	0.13665	0.44168	0.21704	0.01070	0.00484	0.00148	0.00230	0.10263	0.00371	0.00337
17	0.00517	0.00372	0.00458	0.00492	0.00547	0.00350	0.00337	0.00595	0.00765	0.02299	0.08391	0.38853	0.20243	0.16376	0.07378	0.00224	0.00308	0.00849	0.00333	0.00315
18	0.00503	0.00380	0.00457	0.00479	0.00558	0.00344	0.00346	0.00613	0.00880	0.01152	0.24315	0.26335	0.29742	0.06799	0.00575	0.00155	0.00222	0.05446	0.00369	0.00329
19	0.89114	0.00750	0.00570	0.00510	0.00750	0.00870	0.00420	0.01140	0.00660	0.01739	0.00540	0.00630	0.00420	0.00360	0.00240	0.00120	0.00300	0.00210	0.00240	0.00420
20	0.00487	0.00345	0.00452	0.00529	0.00552	0.00325	0.00351	0.00553	0.00739	0.00987	0.04869	0.73493	0.02479	0.09887	0.00645	0.00179	0.00241	0.02229	0.00349	0.00309
21	0.01087	0.01108	0.12932	0.05323	0.06010	0.03135	0.30746	0.14500	0.05394	0.11287	0.02421	0.01065	0.00712	0.00404	0.00428	0.00125	0.02095	0.00393	0.00269	0.00567
22	0.01382	0.07749	0.03101	0.00931	0.01185	0.45413	0.00747	0.27164	0.06160	0.01464	0.00760	0.00814	0.00590	0.00422	0.00357	0.00106	0.00566	0.00290	0.00267	0.00532
23	0.89114	0.00750	0.00570	0.00510	0.00750	0.00870	0.00420	0.01140	0.00660	0.01739	0.00540	0.00630	0.00420	0.00360	0.00240	0.00120	0.00300	0.00210	0.00240	0.00420
24	0.02497	0.00812	0.00939	0.00783	0.01011	0.00876	0.03531	0.36625	0.15517	0.05745	0.03897	0.07532	0.08072	0.00731	0.04492	0.00152	0.00392	0.05478	0.00370	0.00548
25	0.00583	0.00449	0.00525	0.00516	0.00623	0.00437	0.00384	0.00854	0.12692	0.01325	0.33706	0.15420	0.22363	0.02657	0.00482	0.00137	0.00219	0.02995	0.03254	0.00381
26	0.00665	0.00525	0.00736	0.07395	0.12084	0.00529	0.00579	0.03772	0.00927	0.02380	0.21263	0.10399	0.15874	0.01803	0.05146	0.00164	0.01461	0.11205	0.02688	0.00405
27	0.00946	0.00486	0.00591	0.00516	0.00666	0.00441	0.00385	0.01075	0.02934	0.28588	0.10436	0.02362	0.20830	0.22010	0.00800	0.00185	0.00286	0.00565	0.05471	0.00427
28	0.00567	0.00423	0.00602	0.00596	0.00648	0.00488	0.00446	0.00674	0.00610	0.00870	0.01057	0.01709	0.01044	0.20147	0.64606	0.00555	0.03977	0.00443	0.00212	0.00326
29	0.01114	0.70686	0.01856	0.00726	0.01033	0.17179	0.00679	0.01234	0.00846	0.00919	0.00550	0.00636	0.00498	0.00344	0.00268	0.00086	0.00468	0.00215	0.00172	0.00488
30	0.00533	0.00401	0.00465	0.00445	0.00562	0.00352	0.00335	0.00673	0.00991	0.03347	0.41917	0.03273	0.43550	0.00879	0.00456	0.00126	0.00193	0.00752	0.00395	0.00354
31	0.01019	0.65640	0.16792	0.00758	0.01132	0.01398	0.00807	0.06645	0.00863	0.01072	0.00593	0.00678	0.00507	0.00347	0.00280	0.00092	0.00444	0.00231	0.00180	0.00522
32	0.00821	0.00748	0.01145	0.55920	0.11372	0.00888	0.00979	0.05337	0.12100	0.01183	0.00929	0.01161	0.03333	0.00430	0.00407	0.00128	0.02039	0.00373	0.00222	0.00484
33	0.25806	0.31926	0.01110	0.00601	0.00816	0.06051	0.00512	0.01053	0.02962	0.01188	0.01697	0.12381	0.01700	0.06823	0.00427	0.00130	0.00358	0.02191	0.01845	0.00424
34	0.02197	0.00940	0.01040	0.00912	0.03745	0.19015	0.12296	0.09511	0.04533	0.06295	0.04635	0.11967	0.02015	0.04897	0.01956	0.00145	0.03699	0.02673	0.07066	0.00462
35	0.00632	0.07223	0.06982	0.00614	0.00739	0.01388	0.01293	0.00771	0.01620	0.03961	0.10376	0.39701	0.07124	0.05893	0.00544	0.00156	0.00297	0.09981	0.00331	0.00373
36	0.01252	0.00918	0.00994	0.00817	0.01080	0.01021	0.00657	0.37129	0.38791	0.09457	0.01286	0.01210	0.00931	0.00494	0.00389	0.00123	0.00359	0.00394	0.02065	0.00633
37	0.00818	0.07763	0.06492	0.02643	0.01908	0.02709	0.02311	0.05800	0.03072	0.01269	0.05562	0.01322	0.10991	0.00532	0.03422	0.00109	0.01410	0.00359	0.00256	0.41252
38	0.00542	0.00381	0.00462	0.00481	0.00512	0.00376	0.00313	0.00607	0.01673	0.00918	0.07726	0.21049	0.06887	0.45719	0.07498	0.00302	0.00365	0.03616	0.00289	0.00285
39	0.00942	0.00942	0.05409	0.34991	0.22373	0.05431	0.03207	0.11897	0.03993	0.01292	0.00782	0.01048	0.00617	0.00414	0.00419	0.00125	0.03446	0.01932	0.00219	0.00522
40	0.00475	0.00378	0.00426	0.00447	0.00542	0.00329	0.00323	0.00576	0.00874	0.01102	0.14530	0.26605	0.49986	0.01020	0.00468	0.00137	0.00202	0.00881	0.00369	0.00329
41	0.06712	0.28394	0.23658	0.09929	0.11462	0.02528	0.04887	0.01217	0.00828	0.06048	0.00691	0.00822	0.00539	0.00361	0.00331	0.00110	0.00477	0.00283	0.00195	0.00530
42	0.01363	0.05897	0.07643	0.01003	0.01249	0.68175	0.03030	0.05201	0.01090	0.01045	0.00624	0.00725	0.00508	0.00395	0.00351	0.00102	0.00662	0.00261	0.00204	0.00473
43	0.00544	0.00451	0.00702	0.00678	0.00755	0.00434	0.10717	0.00645	0.00765	0.01016	0.02030	0.62314	0.09202	0.04013	0.00566	0.00160	0.03387	0.00950	0.00328	0.00343
44	0.00917	0.01039	0.02242	0.01607	0.01993	0.00980	0.79894	0.01268	0.03584	0.01254	0.00810	0.01059	0.00608	0.00333	0.00455	0.00131	0.00642	0.00457	0.00203	0.00526
45	0.00914	0.00853	0.01388	0.16614	0.55345	0.00909	0.01075	0.04129	0.05276	0.01250	0.00784	0.01023	0.00644	0.00510	0.04763	0.00146	0.03252	0.00354	0.00207	0.00564
46	0.02478	0.04056	0.05710	0.03166	0.17970	0.04118	0.09508	0.14664	0.08572	0.10074	0.03760	0.04427	0.02399	0.00465	0.00389	0.00118	0.00426	0.01668	0.00293	0.05739

[dist]
# distance from previous block
# <min> <max>
0	15

[block]
# block no. 6 follows, 70 sequences, length 45
# corresponding to MSA columns:
# 340-384
name=unknown_G
#
# <colnr> <probs for GDERKNQSTAVLIFYWHMCP>
#	G	D	E	R	K	N	Q	S	T	A	V	L	I	F	Y	W	H	M	C	P
0	0.00732	0.08189	0.02511	0.04435	0.00839	0.03978	0.00526	0.03452	0.02805	0.06358	0.07633	0.31677	0.09535	0.00924	0.02193	0.00150	0.00328	0.13003	0.00334	0.00399
1	0.05303	0.00977	0.01053	0.00826	0.01105	0.01075	0.00677	0.65023	0.04658	0.04598	0.07594	0.01120	0.00925	0.00553	0.02597	0.00131	0.00410	0.00377	0.00382	0.00615
2	0.02585	0.00800	0.06439	0.07630	0.01153	0.00669	0.03070	0.01044	0.00795	0.05714	0.00732	0.01900	0.00599	0.00370	0.00427	0.00089	0.10188	0.00281	0.00228	0.55288
3	0.00568	0.00402	0.00520	0.00489	0.00587	0.00369	0.00370	0.00745	0.01081	0.03171	0.75820	0.02940	0.08598	0.00803	0.00457	0.00123	0.00189	0.01976	0.00423	0.00369
4	0.00666	0.00548	0.00619	0.02293	0.03866	0.05468	0.00451	0.04683	0.04977	0.01363	0.37021	0.20386	0.11086	0.00813	0.00441	0.00128	0.00259	0.00709	0.03830	0.00392
5	0.06204	0.01008	0.01096	0.00851	0.01136	0.01116	0.00701	0.66180	0.01618	0.08921	0.00944	0.00974	0.00678	0.02190	0.00454	0.00125	0.04455	0.00349	0.00374	0.00627
6	0.00499	0.00391	0.00426	0.00437	0.00551	0.00335	0.00324	0.00598	0.00874	0.03002	0.06903	0.17718	0.62538	0.01004	0.00465	0.00136	0.00208	0.02891	0.00366	0.00335
7	0.00947	0.01237	0.19902	0.03507	0.16745	0.04053	0.37427	0.03496	0.04234	0.03446	0.00801	0.00987	0.00602	0.00359	0.00413	0.00124	0.00571	0.00384	0.00208	0.00556
8	0.00638	0.00342	0.00489	0.00497	0.00504	0.00337	0.00329	0.00515	0.00547	0.00723	0.00987	0.08497	0.04713	0.07819	0.01416	0.70490	0.00324	0.00440	0.00198	0.00193
9	0.01157	0.01335	0.01144	0.01004	0.01111	0.41270	0.00797	0.04010	0.00878	0.00992	0.00567	0.00780	0.00509	0.00538	0.00800	0.00134	0.42042	0.00297	0.00191	0.00444
10	0.00804	0.00689	0.00804	0.00574	0.00919	0.00517	0.00459	0.00976	0.00804	0.01263	0.00689	0.00804	0.00574	0.00287	0.00287	0.00057	0.00287	0.00230	0.00230	0.88745
11	0.00732	0.00689	0.01163	0.85444	0.02670	0.00861	0.01077	0.00991	0.00775	0.00991	0.00689	0.01034	0.00517	0.00388	0.00388	0.00129	0.00517	0.00345	0.00172	0.00431
12	0.01031	0.72059	0.10152	0.00727	0.01074	0.05868	0.00743	0.01205	0.02389	0.00959	0.00578	0.00661	0.00510	0.00343	0.00269	0.00089	0.00443	0.00222	0.00172	0.00505
13	0.00485	0.00386	0.00435	0.00448	0.00543	0.00349	0.00325	0.00579	0.00817	0.01018	0.06056	0.15178	0.52192	0.09080	0.08761	0.00205	0.00301	0.02186	0.00336	0.00321
14	0.79996	0.00772	0.00623	0.00543	0.00790	0.00885	0.00448	0.07136	0.00759	0.04337	0.00599	0.00673	0.00454	0.00371	0.00255	0.00120	0.00310	0.00226	0.00258	0.00445
15	0.00977	0.00837	0.00986	0.00836	0.01070	0.00932	0.07391	0.11996	0.57670	0.01662	0.06006	0.01539	0.05264	0.00539	0.00405	0.00129	0.00338	0.00462	0.00377	0.00584
16	0.00494	0.00367	0.00458	0.00492	0.00557	0.00334	0.00346	0.00601	0.00874	0.01166	0.26930	0.42681	0.19414	0.02803	0.00507	0.00146	0.00210	0.00913	0.00377	0.00331
17	0.00472	0.00337	0.00450	0.00540	0.00562	0.00315	0.00360	0.00540	0.00742	0.00990	0.02137	0.86122	0.02564	0.01215	0.00495	0.00157	0.00225	0.01102	0.00360	0.00315
18	0.00480	0.00392	0.00424	0.00419	0.00538	0.00336	0.00313	0.00599	0.00933	0.01169	0.23283	0.05195	0.62688	0.00941	0.00459	0.00129	0.00194	0.00795	0.00376	0.00336
19	0.04933	0.00897	0.01007	0.00794	0.01082	0.00954	0.00650	0.41546	0.14715	0.26554	0.01201	0.01123	0.00827	0.00475	0.00382	0.00120	0.00371	0.00370	0.01359	0.00639
20	0.00572	0.00434	0.00634	0.00631	0.00706	0.00506	0.00490	0.00754	0.04337	0.00932	0.01063	0.01520	0.00979	0.02801	0.81044	0.00601	0.01006	0.00416	0.00216	0.00358
21	0.02607	0.13321	0.15599	0.02374	0.07164	0.11499	0.02370	0.18779	0.10053	0.01464	0.00809	0.00881	0.00624	0.00394	0.00348	0.00106	0.00461	0.00301	0.00253	0.10593
22	0.00836	0.06486	0.04119	0.06091	0.19504	0.04819	0.09327	0.01007	0.00762	0.01050	0.00830	0.08690	0.00789	0.00862	0.12066	0.00951	0.20728	0.00418	0.00201	0.00465
23	0.00758	0.00465	0.00561	0.00518	0.00642	0.00451	0.00403	0.07592	0.01053	0.07712	0.38890	0.04971	0.05127	0.00695	0.00406	0.00119	0.00227	0.06191	0.22813	0.00407
24	0.01159	0.00714	0.00830	0.00708	0.00935	0.00749	0.00560	0.04510	0.41086	0.27628	0.12414	0.01611	0.02534	0.00549	0.00400	0.00125	0.00298	0.00458	0.02143	0.00588
25	0.00564	0.00417	0.00529	0.00503	0.00596	0.00396	0.00379	0.00718	0.01011	0.03008	0.58406	0.09090	0.17389	0.00846	0.00496	0.00128	0.04033	0.00729	0.00400	0.00364
26	0.00624	0.00545	0.02444	0.00665	0.03125	0.00502	0.06366	0.02763	0.10325	0.01974	0.16467	0.22376	0.28594	0.00857	0.00453	0.00135	0.00268	0.00756	0.00356	0.00402
27	0.00557	0.00409	0.00595	0.00595	0.00655	0.00468	0.00450	0.00672	0.00613	0.00877	0.01055	0.01645	0.01019	0.13428	0.72776	0.02272	0.00941	0.00433	0.00210	0.00329
28	0.01409	0.01127	0.01119	0.04198	0.01225	0.11715	0.00730	0.63871	0.01638	0.03883	0.03255	0.00978	0.00730	0.00463	0.00383	0.00115	0.00452	0.00347	0.01751	0.00611
29	0.00491	0.00357	0.00441	0.00493	0.00534	0.00331	0.00329	0.00561	0.00763	0.01003	0.08547	0.52724	0.15513	0.15165	0.00729	0.00186	0.00242	0.00937	0.00344	0.00308
30	0.00916	0.00546	0.00672	0.00589	0.00760	0.00518	0.00457	0.06324	0.08333	0.20749	0.30496	0.11077	0.10131	0.01708	0.00447	0.00128	0.00258	0.01553	0.00409	0.03931
31	0.06096	0.15477	0.32144	0.00886	0.01272	0.01060	0.00937	0.16004	0.17464	0.02496	0.00908	0.00976	0.00686	0.00422	0.00352	0.00117	0.00446	0.01423	0.00261	0.00573
32	0.30386	0.09322	0.04764	0.02621	0.06416	0.31015	0.00684	0.01337	0.00888	0.06895	0.00677	0.00803	0.00541	0.00392	0.00313	0.00110	0.00484	0.01649	0.00229	0.00473
33	0.03932	0.08867	0.33462	0.01921	0.09260	0.10280	0.04297	0.12593	0.06571	0.01381	0.00800	0.02578	0.00623	0.00407	0.00363	0.00116	0.00507	0.00322	0.01164	0.00556
34	0.00559	0.00405	0.00479	0.00464	0.00579	0.00362	0.00349	0.00688	0.00936	0.05316	0.29382	0.08524	0.42456	0.01050	0.06542	0.00165	0.00261	0.00748	0.00377	0.00357
35	0.00870	0.00866	0.04602	0.06385	0.60587	0.00831	0.01042	0.01127	0.04203	0.01249	0.04212	0.05152	0.06269	0.00455	0.00397	0.00120	0.00423	0.00426	0.00226	0.00561
36	0.01058	0.01087	0.01549	0.01313	0.09367	0.16299	0.33485	0.10219	0.05122	0.03072	0.00948	0.04862	0.00805	0.00463	0.00444	0.00126	0.02777	0.05224	0.01259	0.00517
37	0.01036	0.02450	0.05433	0.02079	0.06460	0.03186	0.16568	0.17167	0.12664	0.05175	0.06561	0.01176	0.01736	0.00497	0.00563	0.00131	0.15888	0.00403	0.00284	0.00543
38	0.00550	0.00373	0.00442	0.00458	0.00467	0.00374	0.00276	0.00572	0.00601	0.00804	0.01367	0.15526	0.01577	0.66746	0.06643	0.00353	0.00391	0.01970	0.00255	0.00256
39	0.00619	0.00472	0.00577	0.04115	0.03529	0.00454	0.00425	0.00809	0.05217	0.04980	0.28515	0.02872	0.38112	0.02576	0.00498	0.00132	0.02842	0.00677	0.02195	0.00385
40	0.00566	0.00434	0.00647	0.00640	0.00706	0.00514	0.00500	0.00702	0.00622	0.00901	0.01016	0.01494	0.00950	0.02813	0.81302	0.00604	0.04620	0.00412	0.00206	0.00349
41	0.00908	0.06461	0.37416	0.01361	0.18179	0.02622	0.14049	0.01276	0.04982	0.04964	0.01972	0.01008	0.02271	0.00386	0.00383	0.00120	0.00519	0.00348	0.00209	0.00565
42	0.00515	0.00411	0.01859	0.00518	0.00598	0.00358	0.00375	0.02214	0.00851	0.01129	0.14957	0.50206	0.19964	0.01045	0.00471	0.00142	0.00224	0.00927	0.00364	0.02873
43	0.02345	0.03203	0.09698	0.00779	0.03862	0.01633	0.04002	0.08816	0.04818	0.01374	0.00798	0.03501	0.00661	0.00360	0.00326	0.00084	0.00358	0.00296	0.00245	0.52842
44	0.03211	0.00820	0.04768	0.10274	0.21256	0.01893	0.00764	0.02850	0.00868	0.08737	0.00821	0.00958	0.01668	0.00387	0.01563	0.00100	0.00390	0.00300	0.00238	0.38134

[dist]
# distance from previous block
# <min> <max>
0	25

[block]
# block no. 7 follows, 70 sequences, length 51
# corresponding to MSA columns:
# 410-460
name=unknown_H
#
# <colnr> <probs for GDERKNQSTAVLIFYWHMCP>
#	G	D	E	R	K	N	Q	S	T	A	V	L	I	F	Y	W	H	M	C	P
0	0.00700	0.00640	0.00982	0.38298	0.08645	0.03123	0.04006	0.00914	0.00868	0.01153	0.20921	0.01683	0.06493	0.00773	0.09010	0.00176	0.00476	0.00469	0.00252	0.00420
1	0.00745	0.00624	0.00702	0.04664	0.04215	0.05419	0.00513	0.04877	0.14339	0.03134	0.11778	0.05274	0.20821	0.04873	0.14731	0.00221	0.00432	0.00560	0.01654	0.00425
2	0.00817	0.00679	0.00785	0.00578	0.00890	0.00542	0.00460	0.06263	0.00882	0.01338	0.04758	0.01058	0.03583	0.02224	0.00344	0.00074	0.00288	0.00289	0.01619	0.72528
3	0.00934	0.02986	0.12197	0.08605	0.38347	0.03014	0.06367	0.03394	0.03696	0.03885	0.00818	0.03318	0.00674	0.01416	0.00397	0.00117	0.00464	0.00357	0.00216	0.08800
4	0.00562	0.00412	0.00516	0.00517	0.00605	0.00394	0.00384	0.00771	0.06129	0.01375	0.47754	0.20442	0.09326	0.00881	0.00458	0.00132	0.00210	0.04981	0.03782	0.00367
5	0.00661	0.00535	0.00662	0.03106	0.09001	0.01809	0.00495	0.00930	0.12304	0.03421	0.19224	0.18232	0.24560	0.00816	0.00442	0.00132	0.00262	0.01621	0.01372	0.00415
6	0.06334	0.01273	0.24513	0.01303	0.07985	0.04975	0.29422	0.03088	0.04107	0.01262	0.00784	0.03652	0.00630	0.00418	0.00482	0.00129	0.08530	0.00383	0.00205	0.00525
7	0.01606	0.00899	0.01029	0.00794	0.01096	0.03771	0.00654	0.39390	0.01440	0.43371	0.01219	0.01118	0.00804	0.00470	0.00388	0.00118	0.00388	0.00366	0.00427	0.00652
8	0.00626	0.00535	0.00732	0.00702	0.00754	0.00618	0.02425	0.00776	0.04821	0.01096	0.12805	0.38088	0.06075	0.00937	0.00701	0.00153	0.24111	0.03358	0.00314	0.00374
9	0.00586	0.00382	0.00510	0.00510	0.00537	0.00406	0.00346	0.00605	0.00578	0.00803	0.01043	0.01870	0.01091	0.37130	0.31410	0.18801	0.00600	0.00459	0.02070	0.00263
10	0.00848	0.00848	0.01187	0.01018	0.01018	0.01187	0.00848	0.00933	0.00594	0.00933	0.00509	0.00848	0.00509	0.00679	0.01272	0.00170	0.85666	0.00339	0.00170	0.00424
11	0.00804	0.00689	0.00804	0.00574	0.00919	0.00517	0.00459	0.00976	0.00804	0.01263	0.00689	0.00804	0.00574	0.00287	0.00287	0.00057	0.00287	0.00230	0.00230	0.88745
12	0.01448	0.01848	0.01099	0.00999	0.01199	0.84819	0.00749	0.01548	0.01099	0.00949	0.00599	0.00699	0.00499	0.00400	0.00350	0.00100	0.00699	0.00250	0.00200	0.00449
13	0.65119	0.00842	0.00732	0.00614	0.00874	0.00961	0.00507	0.23460	0.00978	0.01932	0.00647	0.00712	0.00485	0.00389	0.00280	0.00119	0.00335	0.00248	0.00280	0.00485
14	0.00487	0.00357	0.00478	0.00558	0.00580	0.00348	0.00379	0.00555	0.00737	0.00987	0.02074	0.82851	0.02485	0.01194	0.00525	0.00158	0.03503	0.01073	0.00353	0.00319
15	0.01013	0.01092	0.01160	0.01007	0.01062	0.21831	0.00819	0.01103	0.00728	0.02485	0.00550	0.00820	0.00515	0.00606	0.01028	0.00151	0.63095	0.00318	0.00183	0.00435
16	0.00619	0.00419	0.00491	0.00472	0.00599	0.00369	0.00364	0.00754	0.00960	0.08598	0.26299	0.05147	0.42891	0.00877	0.00452	0.00130	0.00216	0.06540	0.03432	0.00371
17	0.00558	0.00387	0.00514	0.00546	0.00616	0.00362	0.00407	0.00691	0.00918	0.03415	0.33964	0.36342	0.05298	0.01002	0.00483	0.00145	0.00231	0.13380	0.00389	0.00351
18	0.00998	0.00845	0.00893	0.00791	0.01016	0.00972	0.00619	0.08694	0.74886	0.01688	0.03166	0.01433	0.01190	0.00526	0.00395	0.00130	0.00314	0.00436	0.00395	0.00612
19	0.00617	0.00416	0.00527	0.00507	0.00604	0.00387	0.00374	0.00788	0.04010	0.06144	0.50555	0.14937	0.11947	0.02419	0.00525	0.03532	0.00213	0.00729	0.00398	0.00370
20	0.00822	0.00810	0.01137	0.00983	0.00989	0.01125	0.00816	0.00912	0.00596	0.00930	0.00556	0.00908	0.00550	0.00877	0.08716	0.00210	0.78127	0.00346	0.00173	0.00417
21	0.02351	0.18749	0.30766	0.07999	0.04618	0.04177	0.04964	0.03508	0.02284	0.06189	0.04973	0.02071	0.02641	0.00427	0.00382	0.00116	0.02706	0.00338	0.00220	0.00523
22	0.09417	0.78440	0.01892	0.00649	0.00972	0.01471	0.00640	0.01159	0.00776	0.00991	0.00539	0.00623	0.00490	0.00334	0.00248	0.00086	0.00404	0.00208	0.00173	0.00490
23	0.19112	0.01584	0.00996	0.00894	0.01108	0.63267	0.00682	0.05965	0.01050	0.01191	0.00606	0.00698	0.00492	0.00395	0.00330	0.00105	0.00604	0.00247	0.00218	0.00455
24	0.01300	0.00966	0.01029	0.00821	0.01092	0.01074	0.00668	0.58684	0.18094	0.02183	0.01093	0.01083	0.00796	0.00476	0.00378	0.00117	0.00379	0.00368	0.08775	0.00622
25	0.00486	0.00361	0.00451	0.00517	0.00569	0.00332	0.00363	0.00568	0.00780	0.01008	0.02499	0.57023	0.20877	0.04503	0.00548	0.00162	0.00236	0.08043	0.00355	0.00318
26	0.00643	0.00424	0.00550	0.00505	0.00613	0.00393	0.00383	0.02209	0.01105	0.06780	0.75464	0.02733	0.03382	0.00760	0.00448	0.00121	0.00196	0.00669	0.02232	0.00389
27	0.00564	0.00376	0.00423	0.00423	0.00423	0.00376	0.00235	0.00564	0.00564	0.00752	0.01222	0.02537	0.01409	0.86375	0.01973	0.00376	0.00376	0.00564	0.00235	0.00235
28	0.00670	0.00338	0.00503	0.00503	0.00503	0.00338	0.00334	0.00507	0.00507	0.00676	0.00688	0.01215	0.00693	0.03633	0.01527	0.86345	0.00338	0.00343	0.00170	0.00170
29	0.01036	0.86609	0.02032	0.00663	0.00995	0.01534	0.00663	0.01161	0.00788	0.00912	0.00539	0.00622	0.00498	0.00332	0.00249	0.00083	0.00415	0.00207	0.00166	0.00498
30	0.03988	0.00673	0.00829	0.00668	0.00917	0.00641	0.00540	0.15175	0.03073	0.47271	0.05872	0.07710	0.07103	0.00580	0.00398	0.00122	0.00315	0.00477	0.03069	0.00578
31	0.01280	0.01482	0.05528	0.01052	0.08411	0.52011	0.00775	0.05195	0.04226	0.06401	0.03855	0.05179	0.00792	0.00465	0.00384	0.00110	0.01775	0.00341	0.00247	0.00490
32	0.04989	0.15617	0.04367	0.00826	0.02254	0.02966	0.00694	0.26767	0.34233	0.01725	0.01088	0.01063	0.00821	0.00455	0.00359	0.00117	0.00383	0.00350	0.00331	0.00594
33	0.73835	0.00800	0.03720	0.00561	0.00823	0.00851	0.00481	0.04103	0.00746	0.08219	0.00641	0.00706	0.00477	0.00372	0.00263	0.00119	0.00317	0.00232	0.00261	0.02476
34	0.00931	0.01055	0.12894	0.03090	0.18981	0.04132	0.13402	0.02569	0.23477	0.02874	0.04628	0.01254	0.00920	0.00461	0.00453	0.00128	0.05357	0.02571	0.00266	0.00557
35	0.00571	0.00470	0.00697	0.00819	0.11459	0.00440	0.04808	0.00682	0.00792	0.01054	0.02081	0.52976	0.13583	0.02689	0.00499	0.00149	0.00282	0.03232	0.00324	0.02392
36	0.00466	0.00366	0.00422	0.00465	0.00543	0.00322	0.00327	0.00551	0.00820	0.01028	0.04392	0.43144	0.43599	0.01090	0.00476	0.00143	0.00210	0.00952	0.00361	0.00322
37	0.01763	0.01086	0.22799	0.01130	0.01439	0.00803	0.30859	0.01043	0.00849	0.01206	0.08868	0.13993	0.01190	0.00569	0.00513	0.00137	0.08170	0.02872	0.00237	0.00475
38	0.01700	0.00704	0.00924	0.00711	0.01010	0.00637	0.00587	0.09578	0.02692	0.74921	0.01473	0.01285	0.00935	0.00479	0.00390	0.00120	0.00339	0.00387	0.00470	0.00659
39	0.00732	0.00689	0.01163	0.85444	0.02670	0.00861	0.01077	0.00991	0.00775	0.00991	0.00689	0.01034	0.00517	0.00388	0.00388	0.00129	0.00517	0.00345	0.00172	0.00431
40	0.01117	0.01031	0.00958	0.00836	0.01051	0.15563	0.00653	0.17278	0.45516	0.01590	0.01221	0.01233	0.00942	0.03076	0.03334	0.00148	0.03158	0.00388	0.00341	0.00568
41	0.00509	0.00378	0.00472	0.00520	0.00582	0.00350	0.00366	0.01417	0.02227	0.01106	0.12405	0.55831	0.16060	0.01081	0.00478	0.00146	0.00222	0.03126	0.01147	0.01576
42	0.00615	0.00453	0.00567	0.00613	0.05339	0.00470	0.00381	0.02441	0.05986	0.00935	0.01383	0.12948	0.03955	0.47781	0.14162	0.00342	0.00454	0.00593	0.00262	0.00320
43	0.02821	0.53655	0.30094	0.00812	0.01223	0.01278	0.00918	0.01202	0.00804	0.03217	0.00618	0.00707	0.00506	0.00349	0.00293	0.00098	0.00464	0.00239	0.00175	0.00526
44	0.00886	0.03722	0.05936	0.00728	0.00946	0.00829	0.00607	0.08502	0.44730	0.02458	0.15359	0.03726	0.06745	0.00627	0.01372	0.00133	0.00317	0.01466	0.00373	0.00539
45	0.15793	0.27354	0.05140	0.00812	0.03846	0.13027	0.03764	0.01108	0.00775	0.01093	0.00687	0.02251	0.00621	0.03084	0.12986	0.00192	0.06526	0.00296	0.00197	0.00448
46	0.00532	0.00410	0.00497	0.00482	0.00593	0.00359	0.00355	0.00667	0.00936	0.01270	0.36969	0.21106	0.24252	0.00887	0.00450	0.00126	0.00206	0.00775	0.00376	0.08753
47	0.01111	0.08142	0.01192	0.00961	0.01104	0.39674	0.04045	0.01219	0.00879	0.00964	0.00773	0.03462	0.03292	0.00547	0.00658	0.00128	0.28122	0.03087	0.00202	0.00437
48	0.00784	0.00806	0.09437	0.06378	0.20419	0.00686	0.08930	0.04909	0.02060	0.03958	0.16410	0.07400	0.14976	0.00604	0.00423	0.00125	0.00378	0.00545	0.00291	0.00481
49	0.04003	0.01949	0.02275	0.00712	0.01853	0.01656	0.01794	0.07744	0.06006	0.06013	0.00916	0.01013	0.01813	0.00390	0.00344	0.00090	0.00344	0.00297	0.00289	0.60499
50	0.30295	0.02352	0.02272	0.07167	0.06380	0.01865	0.16759	0.11029	0.13811	0.03242	0.00842	0.00942	0.00634	0.00396	0.00350	0.00123	0.00422	0.00334	0.00267	0.00520

[dist]
# distance from previous block
# <min> <max>
2	16

[block]
# block no. 8 follows, 70 sequences, length 27
# corresponding to MSA columns:
# 477-489,492-505
name=unknown_I
#
# <colnr> <probs for GDERKNQSTAVLIFYWHMCP>
#	G	D	E	R	K	N	Q	S	T	A	V	L	I	F	Y	W	H	M	C	P
0	0.02167	0.00771	0.04503	0.02370	0.02016	0.09227	0.02984	0.06408	0.03992	0.16669	0.08180	0.05809	0.07539	0.12936	0.01891	0.00166	0.00385	0.05721	0.02612	0.03652
1	0.03284	0.03059	0.03703	0.00771	0.01042	0.05857	0.02392	0.19344	0.17536	0.09788	0.01054	0.03561	0.00820	0.01548	0.00411	0.00112	0.03427	0.00358	0.03030	0.18901
2	0.03616	0.03933	0.04584	0.16963	0.10744	0.06071	0.04845	0.04722	0.01742	0.04132	0.02462	0.04818	0.00738	0.00402	0.00352	0.00102	0.00412	0.00343	0.02347	0.26672
3	0.02306	0.02692	0.03049	0.00444	0.00589	0.00403	0.00352	0.00667	0.00874	0.04095	0.09471	0.03253	0.61748	0.07690	0.00564	0.00148	0.00234	0.00729	0.00346	0.00349
4	0.00750	0.00764	0.08769	0.04148	0.15202	0.00689	0.02705	0.06204	0.08749	0.01237	0.05612	0.15317	0.11650	0.07408	0.02318	0.00163	0.04517	0.03056	0.00288	0.00456
5	0.02737	0.05628	0.02899	0.08428	0.37879	0.06578	0.10654	0.08180	0.07679	0.01327	0.00788	0.00965	0.00630	0.00387	0.00414	0.00119	0.03574	0.00349	0.00223	0.00564
6	0.00781	0.00456	0.00584	0.00525	0.00663	0.00414	0.00403	0.00963	0.03015	0.17951	0.51694	0.06180	0.13304	0.00766	0.00444	0.00124	0.00219	0.00665	0.00425	0.00423
7	0.01140	0.01967	0.02369	0.13531	0.20846	0.03567	0.02571	0.12719	0.01035	0.20888	0.02716	0.03272	0.00846	0.04214	0.01817	0.00138	0.01320	0.00390	0.04104	0.00549
8	0.00673	0.00337	0.00505	0.00505	0.00505	0.00337	0.00337	0.00505	0.00505	0.00673	0.00673	0.01178	0.00673	0.01347	0.01515	0.88721	0.00337	0.00337	0.00168	0.00168
