[name]
unknown

[dist]
# distance from previous block
# <min> <max>
0	43

[block]
# block no. 0 follows, 61 sequences, length 7
# corresponding to MSA columns:
# 52-58
name=unknown_A
#
# <colnr> <probs for GDERKNQSTAVLIFYWHMCP>
#	G	D	E	R	K	N	Q	S	T	A	V	L	I	F	Y	W	H	M	C	P
0	0.00871	0.00714	0.00832	0.00787	0.02471	0.04636	0.02468	0.05787	0.13557	0.02653	0.05132	0.10341	0.10415	0.05685	0.06071	0.02470	0.07159	0.08472	0.06874	0.02605
1	0.08974	0.00843	0.01054	0.00854	0.01098	0.05415	0.10842	0.09851	0.02476	0.08714	0.01409	0.08136	0.08389	0.05348	0.06142	0.00183	0.04346	0.00502	0.02194	0.13231
2	0.01023	0.02353	0.01261	0.22340	0.13102	0.04229	0.04993	0.08215	0.13545	0.04008	0.03146	0.03964	0.05455	0.00550	0.00500	0.00139	0.05923	0.00462	0.01894	0.02899
3	0.06256	0.00801	0.01307	0.68720	0.12525	0.00966	0.01166	0.01138	0.00868	0.01190	0.00761	0.01110	0.00581	0.00423	0.00420	0.00141	0.00552	0.00374	0.00199	0.00503
4	0.02639	0.02093	0.01061	0.02629	0.03929	0.03814	0.02201	0.16687	0.17419	0.10407	0.04202	0.06675	0.01130	0.00639	0.02128	0.00145	0.07878	0.00464	0.05604	0.08257
5	0.00600	0.00412	0.00481	0.00498	0.00517	0.00401	0.00301	0.00634	0.00722	0.00963	0.07198	0.18605	0.05893	0.59028	0.01680	0.00339	0.00361	0.00765	0.00309	0.00293
6	0.02543	0.00532	0.00640	0.00616	0.00676	0.00574	0.00426	0.04412	0.05643	0.02743	0.03083	0.14128	0.03629	0.40037	0.10537	0.02496	0.05966	0.00651	0.00303	0.00365

[dist]
# distance from previous block
# <min> <max>
2	17

[block]
# block no. 1 follows, 61 sequences, length 12
# corresponding to MSA columns:
# 76-87
name=unknown_B
#
# <colnr> <probs for GDERKNQSTAVLIFYWHMCP>
#	G	D	E	R	K	N	Q	S	T	A	V	L	I	F	Y	W	H	M	C	P
0	0.06958	0.05263	0.02548	0.01211	0.16530	0.12799	0.02125	0.18507	0.11636	0.03714	0.02185	0.01299	0.04430	0.01656	0.00431	0.00130	0.00473	0.01543	0.01867	0.04697
1	0.21669	0.07271	0.07695	0.07361	0.26565	0.05322	0.00973	0.10388	0.03978	0.01613	0.00785	0.00944	0.00623	0.00427	0.00402	0.00130	0.02678	0.00330	0.00253	0.00594
2	0.05325	0.02873	0.19052	0.00846	0.01151	0.03485	0.02800	0.04128	0.05093	0.04955	0.13812	0.11664	0.01482	0.01888	0.00500	0.00134	0.04695	0.00513	0.00313	0.15289
3	0.00975	0.01068	0.02179	0.03863	0.07691	0.01034	0.60347	0.01332	0.04206	0.01361	0.01156	0.01393	0.06928	0.00447	0.00534	0.00146	0.04013	0.00521	0.00238	0.00568
4	0.01068	0.01106	0.11727	0.10565	0.13081	0.02156	0.05322	0.14603	0.18436	0.02831	0.04138	0.01424	0.05322	0.00532	0.00475	0.00139	0.03714	0.00447	0.02302	0.00613
5	0.00646	0.00493	0.00686	0.00671	0.00720	0.00572	0.00499	0.00755	0.00695	0.00990	0.03856	0.04996	0.01313	0.23059	0.49558	0.00539	0.08810	0.00533	0.00248	0.00362
6	0.00942	0.00829	0.04093	0.07555	0.09890	0.00833	0.02206	0.15492	0.14202	0.01707	0.20808	0.07714	0.09128	0.00700	0.00482	0.00141	0.01748	0.00601	0.00378	0.00550
7	0.00606	0.00477	0.00636	0.00721	0.06398	0.00463	0.00477	0.00736	0.00958	0.01295	0.24547	0.34425	0.16980	0.03295	0.02160	0.00172	0.03949	0.00918	0.00391	0.00395
8	0.01118	0.03789	0.01307	0.10424	0.22374	0.05492	0.02731	0.11065	0.17711	0.04948	0.04625	0.04707	0.02420	0.00539	0.00468	0.00136	0.03385	0.00457	0.00318	0.01985
9	0.00960	0.00893	0.01493	0.25521	0.44326	0.00948	0.04323	0.03809	0.00968	0.01335	0.04405	0.01311	0.00863	0.06384	0.00559	0.00154	0.00517	0.00423	0.00229	0.00580
10	0.00980	0.00848	0.01123	0.08078	0.22970	0.02284	0.00840	0.05179	0.27580	0.02978	0.09005	0.08398	0.05089	0.00635	0.00455	0.00142	0.00395	0.02076	0.00353	0.00593
11	0.00556	0.00421	0.00487	0.00508	0.00590	0.00382	0.00355	0.00653	0.00912	0.01172	0.14581	0.22554	0.33967	0.17282	0.00846	0.00205	0.00268	0.03530	0.00384	0.00348

[dist]
# distance from previous block
# <min> <max>
1	2

[block]
# block no. 2 follows, 61 sequences, length 32
# corresponding to MSA columns:
# 90-121
name=unknown_C
#
# <colnr> <probs for GDERKNQSTAVLIFYWHMCP>
#	G	D	E	R	K	N	Q	S	T	A	V	L	I	F	Y	W	H	M	C	P
0	0.14272	0.00769	0.02246	0.00768	0.00997	0.00791	0.02786	0.07648	0.04793	0.25123	0.08810	0.01677	0.08584	0.00821	0.06922	0.00183	0.09209	0.00473	0.02570	0.00558
1	0.01098	0.00992	0.02413	0.00908	0.04914	0.05826	0.02288	0.14077	0.15249	0.01649	0.00974	0.01050	0.00766	0.00425	0.00409	0.00102	0.03232	0.00335	0.00307	0.42988
2	0.01043	0.00771	0.01074	0.00846	0.03329	0.00653	0.09505	0.03253	0.02800	0.13813	0.09209	0.06085	0.01196	0.00485	0.00398	0.00102	0.00366	0.00431	0.00331	0.44308
3	0.03701	0.03837	0.15698	0.07301	0.09254	0.03816	0.04429	0.17461	0.04950	0.10252	0.01071	0.06731	0.00863	0.00569	0.01860	0.00144	0.03408	0.00429	0.00310	0.03915
4	0.00960	0.08290	0.08957	0.01123	0.06037	0.09364	0.17204	0.06527	0.03028	0.01337	0.05459	0.18180	0.04237	0.03793	0.02042	0.00160	0.01897	0.00601	0.00289	0.00513
5	0.00698	0.00465	0.00591	0.00576	0.00686	0.00431	0.00432	0.00882	0.02922	0.07349	0.44691	0.15952	0.12106	0.04464	0.00583	0.00159	0.00249	0.05906	0.00444	0.00416
6	0.00617	0.00456	0.00665	0.00665	0.00733	0.00524	0.00505	0.00752	0.00684	0.00980	0.01178	0.01829	0.01136	0.13124	0.73343	0.00659	0.01065	0.00482	0.00234	0.00370
7	0.05058	0.23538	0.14096	0.02623	0.10818	0.12638	0.07015	0.04984	0.00996	0.04263	0.00788	0.02569	0.00654	0.00483	0.01645	0.00131	0.04981	0.00338	0.00229	0.02154
8	0.00715	0.00493	0.00601	0.00567	0.00703	0.00458	0.00433	0.00954	0.06549	0.07649	0.44357	0.07290	0.22881	0.00921	0.00503	0.00143	0.00238	0.03657	0.00451	0.00436
9	0.00608	0.00446	0.00540	0.00512	0.00634	0.00398	0.00386	0.00780	0.01141	0.03496	0.54374	0.03482	0.29739	0.00942	0.00507	0.00139	0.00212	0.00814	0.00451	0.00400
10	0.01571	0.01089	0.01185	0.00925	0.01246	0.01189	0.00759	0.61404	0.08822	0.10699	0.01186	0.01160	0.00838	0.00524	0.00425	0.00130	0.00436	0.00402	0.05302	0.00710
11	0.04889	0.29771	0.27879	0.02546	0.01523	0.16520	0.08682	0.01398	0.00958	0.01210	0.00697	0.00831	0.00557	0.00398	0.00365	0.00118	0.00598	0.00297	0.00197	0.00567
12	0.00584	0.00439	0.00540	0.00515	0.00628	0.00395	0.00386	0.00763	0.01158	0.01583	0.62015	0.03456	0.24087	0.00935	0.00508	0.00138	0.00207	0.00812	0.00455	0.00395
13	0.02412	0.26364	0.01580	0.00954	0.03039	0.04971	0.03095	0.38728	0.01459	0.08309	0.00940	0.02572	0.00728	0.00484	0.00409	0.00120	0.02495	0.00357	0.00336	0.00646
14	0.00945	0.04072	0.07601	0.16402	0.27804	0.04093	0.11971	0.01194	0.00934	0.02655	0.01060	0.14812	0.00999	0.00565	0.00479	0.00141	0.02947	0.00525	0.00242	0.00557
15	0.00615	0.00462	0.00692	0.00692	0.00769	0.00538	0.00538	0.00769	0.00692	0.01000	0.01154	0.01692	0.01077	0.03231	0.83154	0.00692	0.01154	0.00462	0.00231	0.00385
16	0.01068	0.02563	0.06819	0.01704	0.29298	0.02479	0.09456	0.09260	0.00975	0.01391	0.00753	0.01018	0.00637	0.00560	0.01858	0.00157	0.28797	0.00387	0.00225	0.00593
17	0.00937	0.04924	0.48687	0.02912	0.16348	0.03241	0.06437	0.01351	0.03274	0.01341	0.00855	0.03874	0.00681	0.00449	0.00447	0.00136	0.02904	0.00377	0.00206	0.00618
18	0.00625	0.00422	0.00490	0.00490	0.00497	0.00428	0.00286	0.00639	0.00632	0.00850	0.01339	0.02718	0.01522	0.77537	0.09457	0.00442	0.00484	0.00612	0.00258	0.00272
19	0.00563	0.00441	0.00513	0.00517	0.00637	0.00391	0.00395	0.00711	0.01055	0.01362	0.30040	0.07766	0.43863	0.01043	0.00520	0.00149	0.00233	0.08996	0.00424	0.00381
20	0.00908	0.00788	0.00966	0.00810	0.07973	0.00613	0.00580	0.01105	0.00901	0.01404	0.00769	0.00908	0.00642	0.00325	0.00328	0.00069	0.00336	0.00266	0.00252	0.80058
21	0.00630	0.00467	0.00656	0.00649	0.00702	0.00535	0.00479	0.00741	0.00673	0.00957	0.01187	0.01966	0.01189	0.24990	0.58496	0.00600	0.03988	0.00503	0.00237	0.00355
22	0.00761	0.00410	0.00439	0.00432	0.00533	0.00403	0.00324	0.00962	0.00972	0.01632	0.18873	0.01955	0.01746	0.00584	0.00346	0.00108	0.00201	0.00483	0.68432	0.00403
23	0.00957	0.01194	0.19485	0.01044	0.06459	0.04726	0.02816	0.01684	0.37589	0.01569	0.09200	0.04850	0.04188	0.00604	0.00446	0.00142	0.00428	0.01660	0.00350	0.00606
24	0.04988	0.22842	0.32995	0.04559	0.05596	0.05455	0.03050	0.07252	0.00993	0.03570	0.00755	0.00888	0.00584	0.00426	0.00420	0.00126	0.04374	0.00312	0.00220	0.00597
25	0.01637	0.01207	0.01293	0.00991	0.01336	0.01336	0.00819	0.80738	0.02025	0.02715	0.01034	0.01034	0.00733	0.00517	0.00431	0.00129	0.00474	0.00388	0.00431	0.00733
26	0.00700	0.00505	0.00637	0.00710	0.08023	0.00517	0.00406	0.02248	0.03041	0.00978	0.02851	0.02482	0.01457	0.63687	0.07729	0.02378	0.00473	0.00581	0.00265	0.00331
27	0.00561	0.00438	0.00509	0.00491	0.00614	0.00386	0.00368	0.00719	0.01105	0.01457	0.44688	0.03663	0.41493	0.00982	0.00509	0.00140	0.00210	0.00841	0.00439	0.00386
28	0.03284	0.11223	0.05414	0.04014	0.01341	0.29027	0.02823	0.15098	0.15358	0.04664	0.01007	0.03113	0.00796	0.00493	0.00400	0.00124	0.00557	0.00368	0.00305	0.00590
29	0.02593	0.02714	0.17032	0.04877	0.35895	0.00986	0.07735	0.07854	0.01060	0.08400	0.02057	0.04173	0.00816	0.01379	0.00451	0.00137	0.00521	0.00420	0.00263	0.00639
30	0.00846	0.00772	0.01241	0.52122	0.14474	0.00904	0.01065	0.02878	0.03262	0.01255	0.08328	0.01411	0.02356	0.00634	0.04734	0.00170	0.02366	0.00435	0.00239	0.00507
31	0.01267	0.52109	0.03299	0.03722	0.01238	0.14582	0.00784	0.12606	0.02441	0.01297	0.00719	0.00810	0.00605	0.00411	0.00327	0.00104	0.00512	0.00275	0.02323	0.00567

[dist]
# distance from previous block
# <min> <max>
0	4

[block]
# block no. 3 follows, 61 sequences, length 28
# corresponding to MSA columns:
# 126-153
name=unknown_D
#
# <colnr> <probs for GDERKNQSTAVLIFYWHMCP>
#	G	D	E	R	K	N	Q	S	T	A	V	L	I	F	Y	W	H	M	C	P
0	0.30167	0.07731	0.04270	0.05636	0.10066	0.22305	0.05808	0.02812	0.02991	0.01466	0.00730	0.01858	0.00596	0.00429	0.00370	0.00127	0.01555	0.00312	0.00240	0.00528
1	0.00852	0.05203	0.09652	0.14766	0.13825	0.03599	0.05668	0.01161	0.06956	0.01278	0.03290	0.17511	0.02928	0.00721	0.00471	0.00150	0.00464	0.10701	0.00291	0.00513
2	0.00902	0.00774	0.00897	0.00650	0.01026	0.00600	0.00519	0.01146	0.04987	0.01424	0.00816	0.00930	0.00672	0.00333	0.00325	0.00068	0.00320	0.00267	0.00265	0.83080
3	0.01031	0.00859	0.03657	0.02893	0.05785	0.00885	0.00703	0.10813	0.36497	0.05850	0.11547	0.03782	0.09077	0.00678	0.00460	0.00144	0.00355	0.03969	0.00413	0.00602
4	0.00868	0.01475	0.41111	0.11969	0.07740	0.00879	0.08452	0.01231	0.00948	0.04321	0.05106	0.04695	0.08269	0.00532	0.00443	0.00140	0.00543	0.00465	0.00244	0.00571
5	0.18183	0.00752	0.00930	0.00729	0.01049	0.00696	0.00602	0.01942	0.01138	0.67249	0.01492	0.01321	0.00953	0.00508	0.00402	0.00133	0.00360	0.00395	0.00483	0.00683
6	0.73056	0.00810	0.00660	0.00584	0.00837	0.00925	0.00477	0.05864	0.00854	0.01952	0.07310	0.00953	0.00796	0.00449	0.00297	0.00132	0.00327	0.00292	0.02951	0.00475
7	0.00527	0.00377	0.00497	0.00592	0.00620	0.00352	0.00395	0.00601	0.00824	0.01095	0.02398	0.80512	0.04785	0.03455	0.00590	0.00180	0.00253	0.01202	0.00396	0.00348
8	0.00926	0.02959	0.01353	0.54939	0.08596	0.08278	0.05214	0.01245	0.05854	0.01187	0.02389	0.03550	0.00760	0.00467	0.00432	0.00139	0.00562	0.00414	0.00223	0.00511
9	0.00601	0.00440	0.00564	0.00533	0.00638	0.00403	0.00400	0.00796	0.01199	0.01679	0.75289	0.03297	0.10753	0.00899	0.00508	0.00136	0.00205	0.00790	0.00468	0.00403
10	0.75405	0.03655	0.05435	0.00678	0.00978	0.00999	0.04933	0.01279	0.00763	0.01840	0.00624	0.00737	0.00484	0.00397	0.00288	0.00133	0.00376	0.00253	0.00256	0.00485
11	0.00672	0.00403	0.00515	0.00515	0.00519	0.00407	0.00317	0.00609	0.00605	0.00811	0.01119	0.02197	0.01235	0.49572	0.05965	0.33107	0.00437	0.00524	0.00232	0.00239
12	0.01050	0.01092	0.01807	0.14261	0.32390	0.07977	0.25195	0.03232	0.01006	0.01335	0.00870	0.04286	0.00728	0.00438	0.00476	0.00137	0.02461	0.00445	0.00224	0.00589
13	0.01164	0.10993	0.03373	0.01525	0.10112	0.08279	0.37349	0.07678	0.03071	0.04324	0.00854	0.01054	0.00665	0.00428	0.00522	0.00136	0.07219	0.00417	0.00245	0.00593
14	0.00601	0.00448	0.00604	0.00603	0.00675	0.00483	0.00445	0.00718	0.00737	0.01011	0.03885	0.02341	0.13597	0.19738	0.51546	0.00537	0.00833	0.00573	0.00269	0.00356
15	0.01187	0.58601	0.04111	0.00809	0.01143	0.07689	0.00761	0.08418	0.05303	0.01254	0.04557	0.00908	0.00776	0.00434	0.00349	0.00105	0.02500	0.00293	0.00236	0.00565
16	0.00842	0.04771	0.72697	0.01141	0.01726	0.00967	0.01451	0.01295	0.00915	0.01335	0.01087	0.01190	0.07793	0.00469	0.00414	0.00136	0.00594	0.00368	0.00201	0.00610
17	0.01000	0.01188	0.17470	0.14022	0.22836	0.03308	0.03607	0.08051	0.10823	0.01457	0.02425	0.01307	0.00860	0.07960	0.00584	0.00160	0.00518	0.00413	0.01421	0.00592
18	0.00621	0.00418	0.00482	0.00485	0.00492	0.00419	0.00281	0.00636	0.00655	0.00880	0.03942	0.06081	0.01680	0.76064	0.04832	0.00408	0.00429	0.00650	0.00272	0.00273
19	0.00888	0.04547	0.18950	0.00826	0.01105	0.02242	0.01873	0.03042	0.18772	0.05342	0.26378	0.08999	0.03854	0.00695	0.00457	0.00139	0.00375	0.00594	0.00375	0.00545
20	0.00871	0.00467	0.00474	0.00450	0.00570	0.00478	0.00343	0.07532	0.00995	0.01697	0.01375	0.01559	0.01074	0.00503	0.00312	0.00103	0.00223	0.00400	0.80145	0.00429
21	0.01161	0.19868	0.07654	0.05146	0.24609	0.14408	0.07539	0.04653	0.02728	0.02956	0.00861	0.03407	0.00736	0.00449	0.00400	0.00123	0.00555	0.01922	0.00235	0.00591
22	0.00561	0.00417	0.00525	0.00557	0.00637	0.00381	0.00403	0.00696	0.01008	0.01351	0.31838	0.35223	0.18592	0.01120	0.00529	0.00156	0.00234	0.04970	0.00427	0.00376
23	0.01107	0.04936	0.09974	0.04054	0.05773	0.07085	0.19756	0.09649	0.11875	0.05314	0.01261	0.03608	0.06423	0.00537	0.00518	0.00140	0.06642	0.00467	0.00294	0.00588
24	0.00787	0.00407	0.00427	0.00427	0.00525	0.00413	0.00322	0.00983	0.00885	0.01553	0.01383	0.01613	0.01102	0.00739	0.07489	0.00152	0.00283	0.00407	0.79703	0.00400
25	0.01176	0.09483	0.11162	0.03281	0.18293	0.04283	0.09828	0.05722	0.02954	0.03065	0.14182	0.05146	0.07864	0.00713	0.00532	0.00171	0.00535	0.00578	0.00365	0.00667
26	0.00970	0.12403	0.23882	0.08783	0.17886	0.02024	0.06466	0.02916	0.01947	0.01338	0.01792	0.02864	0.00706	0.00415	0.00395	0.00119	0.00520	0.00358	0.00220	0.13995
27	0.02526	0.13946	0.04538	0.01926	0.06473	0.22923	0.01652	0.03621	0.06374	0.02720	0.04258	0.05686	0.01865	0.00663	0.04649	0.00149	0.04895	0.00398	0.03388	0.07348

[dist]
# distance from previous block
# <min> <max>
0	11

[block]
# block no. 4 follows, 61 sequences, length 25
# corresponding to MSA columns:
# 165-189
name=unknown_E
#
# <colnr> <probs for GDERKNQSTAVLIFYWHMCP>
#	G	D	E	R	K	N	Q	S	T	A	V	L	I	F	Y	W	H	M	C	P
0	0.00979	0.00903	0.03983	0.03645	0.13877	0.03319	0.04835	0.14014	0.16876	0.01639	0.09736	0.07570	0.15418	0.00685	0.00463	0.00140	0.00398	0.00593	0.00362	0.00567
1	0.00632	0.00480	0.00644	0.00677	0.06226	0.00445	0.00462	0.00831	0.01182	0.01655	0.69505	0.03153	0.10745	0.00865	0.00503	0.00136	0.00226	0.00763	0.00450	0.00422
2	0.00793	0.00922	0.14161	0.02198	0.04759	0.03652	0.04438	0.02744	0.05747	0.03364	0.22743	0.02499	0.24277	0.00804	0.02211	0.00151	0.03061	0.00632	0.00353	0.00490
3	0.01786	0.00860	0.06599	0.00808	0.01154	0.00704	0.00705	0.06233	0.03652	0.68301	0.03520	0.01451	0.01092	0.00534	0.00433	0.00134	0.00386	0.00433	0.00499	0.00717
4	0.01042	0.12694	0.42223	0.03994	0.13893	0.09014	0.02429	0.04479	0.03862	0.01355	0.00792	0.00933	0.00605	0.00414	0.00397	0.00127	0.00591	0.00326	0.00210	0.00619
5	0.01569	0.01107	0.01204	0.00938	0.01260	0.01214	0.00771	0.65583	0.06308	0.08310	0.01139	0.01136	0.00812	0.00593	0.02607	0.00144	0.00466	0.00399	0.03730	0.00708
6	0.00675	0.00513	0.00620	0.00651	0.03788	0.00477	0.00457	0.06209	0.01023	0.02699	0.12007	0.27535	0.29740	0.03823	0.00564	0.00160	0.00276	0.04608	0.00395	0.03778
7	0.01321	0.04466	0.09716	0.00998	0.01342	0.03887	0.04906	0.32442	0.27470	0.05530	0.01227	0.01208	0.00898	0.00509	0.00426	0.00133	0.00463	0.00409	0.00381	0.02268
8	0.00872	0.05604	0.03036	0.01077	0.06604	0.03757	0.03535	0.01001	0.00795	0.01117	0.03369	0.13964	0.07159	0.00858	0.03069	0.00180	0.42732	0.00551	0.00249	0.00468
9	0.02665	0.12510	0.04072	0.00978	0.01274	0.16847	0.04107	0.26905	0.06587	0.03386	0.00930	0.03491	0.00750	0.00507	0.00477	0.00125	0.07151	0.00369	0.00309	0.06561
10	0.00538	0.00387	0.00514	0.00608	0.00643	0.00362	0.00419	0.00626	0.00849	0.01128	0.04100	0.75066	0.04879	0.01322	0.00551	0.00175	0.00259	0.06818	0.00401	0.00355
11	0.00626	0.00419	0.00476	0.00476	0.00479	0.00421	0.00269	0.00631	0.00628	0.00840	0.01351	0.02786	0.01552	0.82446	0.04588	0.00426	0.00439	0.00622	0.00260	0.00265
12	0.01058	0.21972	0.21689	0.01216	0.09291	0.10832	0.05399	0.01329	0.03119	0.01188	0.00735	0.00927	0.00614	0.00579	0.04000	0.00155	0.14800	0.00329	0.00202	0.00564
13	0.01052	0.02275	0.06634	0.00908	0.04599	0.09239	0.00716	0.13085	0.11319	0.05862	0.11081	0.07374	0.04093	0.06662	0.08128	0.00208	0.05360	0.00529	0.00344	0.00534
14	0.00528	0.00376	0.00499	0.00595	0.00619	0.00352	0.00395	0.00601	0.00818	0.01091	0.02339	0.81788	0.02805	0.04202	0.00606	0.00183	0.00256	0.01204	0.00395	0.00347
15	0.00976	0.02958	0.11748	0.04116	0.01271	0.08604	0.06167	0.13828	0.01022	0.01366	0.01031	0.04589	0.01978	0.01469	0.28784	0.00329	0.08558	0.00437	0.00257	0.00511
16	0.07377	0.01022	0.01021	0.00882	0.01146	0.04807	0.00697	0.19584	0.52939	0.01977	0.01456	0.01378	0.01087	0.00549	0.00420	0.00139	0.00387	0.00436	0.02032	0.00664
17	0.00989	0.03207	0.23775	0.04657	0.38648	0.01018	0.06725	0.04320	0.02857	0.01409	0.00981	0.02867	0.03587	0.00455	0.00455	0.00135	0.02650	0.00409	0.00227	0.00631
18	0.00748	0.00374	0.00561	0.00561	0.00561	0.00374	0.00374	0.00561	0.00561	0.00748	0.00748	0.01309	0.00748	0.01496	0.01684	0.87467	0.00374	0.00374	0.00187	0.00187
19	0.01012	0.00982	0.02083	0.04153	0.09451	0.12523	0.00722	0.03432	0.34999	0.01509	0.05923	0.08210	0.10720	0.00666	0.00448	0.00140	0.00406	0.00558	0.01496	0.00568
20	0.00543	0.00429	0.00461	0.00464	0.00569	0.00378	0.00327	0.00638	0.00926	0.01151	0.11419	0.08871	0.53369	0.17568	0.00843	0.00200	0.00258	0.00860	0.00380	0.00347
21	0.01067	0.02909	0.05390	0.06817	0.27739	0.05169	0.05075	0.10865	0.12366	0.01571	0.06050	0.03665	0.01117	0.00541	0.00460	0.00137	0.02011	0.04583	0.01862	0.00606
22	0.01041	0.09768	0.15646	0.02165	0.03773	0.02540	0.03913	0.03057	0.02257	0.07866	0.00850	0.00953	0.00659	0.00374	0.00358	0.00095	0.00433	0.00301	0.00260	0.43690
23	0.00985	0.00792	0.00998	0.02055	0.00994	0.04563	0.00710	0.04165	0.00924	0.10455	0.11452	0.10707	0.05754	0.02101	0.00915	0.00167	0.37002	0.02441	0.02340	0.00479
24	0.04162	0.08372	0.02171	0.03588	0.14634	0.05761	0.04697	0.06024	0.03312	0.04117	0.02715	0.01013	0.00743	0.00390	0.00367	0.00100	0.00431	0.00324	0.00266	0.36810

[dist]
# distance from previous block
# <min> <max>
3	36

[block]
# block no. 5 follows, 61 sequences, length 45
# corresponding to MSA columns:
# 226-270
name=unknown_F
#
# <colnr> <probs for GDERKNQSTAVLIFYWHMCP>
#	G	D	E	R	K	N	Q	S	T	A	V	L	I	F	Y	W	H	M	C	P
0	0.01143	0.00764	0.00815	0.00701	0.00917	0.00828	0.00555	0.20096	0.24395	0.07252	0.01511	0.01525	0.03056	0.00546	0.00385	0.00124	0.00316	0.00437	0.34054	0.00581
1	0.01040	0.07181	0.22909	0.04721	0.11217	0.10039	0.16239	0.02494	0.05264	0.03560	0.03605	0.02709	0.00866	0.00577	0.03757	0.00156	0.00608	0.02229	0.00245	0.00582
2	0.00809	0.00489	0.00626	0.00577	0.00722	0.00440	0.00448	0.00987	0.01157	0.14614	0.48621	0.04747	0.17150	0.00891	0.00503	0.00142	0.00246	0.05916	0.00464	0.00450
3	0.00965	0.16922	0.46671	0.02302	0.05941	0.06000	0.04664	0.01354	0.03321	0.01305	0.04187	0.01074	0.02596	0.00441	0.00397	0.00127	0.00573	0.00350	0.00213	0.00597
4	0.00539	0.00381	0.00496	0.00582	0.00604	0.00359	0.00381	0.00603	0.00798	0.01064	0.02237	0.73526	0.02676	0.12641	0.00772	0.00208	0.00273	0.01144	0.00381	0.00338
5	0.00841	0.04807	0.14128	0.02594	0.04016	0.05279	0.02521	0.02867	0.09085	0.02299	0.11070	0.17799	0.10673	0.00758	0.00477	0.00141	0.02596	0.00642	0.06912	0.00495
6	0.00524	0.00377	0.00498	0.00595	0.00624	0.00350	0.00398	0.00600	0.00829	0.01101	0.02429	0.82375	0.05020	0.01342	0.00549	0.00174	0.00249	0.01216	0.00400	0.00350
7	0.01087	0.02760	0.06625	0.20765	0.26826	0.02325	0.04247	0.09224	0.04505	0.08242	0.02853	0.06698	0.00926	0.00506	0.00437	0.00136	0.00499	0.00453	0.00282	0.00603
8	0.00618	0.00436	0.00572	0.00575	0.00611	0.00471	0.00392	0.00691	0.00663	0.00919	0.01297	0.04930	0.01384	0.44973	0.39043	0.00535	0.00748	0.00570	0.00252	0.00320
9	0.01041	0.02563	0.09893	0.05204	0.43150	0.02014	0.20551	0.03835	0.01004	0.01415	0.00835	0.01080	0.00666	0.00397	0.00455	0.00133	0.01954	0.00404	0.02775	0.00631
10	0.00626	0.00418	0.00470	0.00470	0.00470	0.00418	0.00261	0.00626	0.00626	0.00835	0.01357	0.02819	0.01566	0.84862	0.02192	0.00418	0.00418	0.00626	0.00261	0.00261
11	0.01102	0.01129	0.01594	0.12877	0.56469	0.12419	0.01218	0.01334	0.00982	0.01299	0.00772	0.01030	0.00645	0.00418	0.00473	0.00131	0.04911	0.00369	0.00210	0.00620
12	0.01564	0.04366	0.01277	0.02259	0.01320	0.24770	0.00806	0.51205	0.01686	0.02087	0.00921	0.01014	0.00703	0.03503	0.00476	0.00133	0.00560	0.00359	0.00353	0.00639
13	0.02078	0.04177	0.08477	0.11193	0.05539	0.02207	0.04543	0.09365	0.03407	0.08673	0.03607	0.04515	0.00922	0.00705	0.07420	0.00165	0.00506	0.00404	0.00293	0.21805
14	0.00534	0.00389	0.00497	0.00578	0.00619	0.00360	0.00392	0.00615	0.00845	0.01110	0.03883	0.66845	0.12497	0.05636	0.00631	0.00184	0.00258	0.03383	0.00394	0.00349
15	0.00616	0.00460	0.00684	0.00684	0.00759	0.00534	0.00529	0.00764	0.00690	0.00994	0.01161	0.01732	0.01094	0.06122	0.80287	0.00683	0.01128	0.00467	0.00232	0.00380
16	0.01473	0.10810	0.02924	0.01150	0.01425	0.59427	0.10790	0.02587	0.02075	0.02472	0.00720	0.00842	0.00586	0.00429	0.00394	0.00115	0.00719	0.00308	0.00227	0.00526
17	0.01384	0.01105	0.01264	0.06111	0.11821	0.11427	0.04272	0.20641	0.18492	0.14752	0.01232	0.01319	0.00919	0.00515	0.00435	0.00135	0.00486	0.02666	0.00370	0.00655
18	0.00599	0.00448	0.00555	0.00555	0.00654	0.00418	0.00411	0.00793	0.03902	0.01475	0.45402	0.16656	0.17888	0.03470	0.00567	0.00156	0.00235	0.04985	0.00437	0.00394
19	0.01673	0.01099	0.01217	0.00935	0.01272	0.01183	0.00772	0.64177	0.01851	0.17578	0.01167	0.01128	0.00804	0.00520	0.00428	0.00129	0.00447	0.00397	0.02498	0.00725
20	0.04670	0.00944	0.01063	0.00898	0.03493	0.01012	0.00700	0.46625	0.03190	0.09771	0.08099	0.06397	0.01293	0.06030	0.00558	0.00155	0.00414	0.03643	0.00418	0.00626
21	0.00596	0.00488	0.00586	0.00611	0.00707	0.02833	0.02718	0.00712	0.00932	0.01180	0.07654	0.34877	0.29297	0.04097	0.00591	0.00171	0.00290	0.10897	0.00389	0.00372
22	0.00626	0.00418	0.00473	0.00472	0.00475	0.00417	0.00265	0.00632	0.00643	0.00861	0.03644	0.02830	0.01637	0.82479	0.02145	0.00410	0.00412	0.00631	0.00267	0.00265
23	0.27337	0.00812	0.00994	0.00781	0.01095	0.00802	0.04913	0.05541	0.01101	0.48962	0.01277	0.01193	0.00841	0.00488	0.00405	0.00135	0.01882	0.00375	0.00426	0.00641
24	0.01070	0.14901	0.04849	0.05406	0.32897	0.03621	0.06295	0.04946	0.03675	0.01379	0.00801	0.00985	0.00659	0.00395	0.00408	0.00115	0.02167	0.00343	0.00231	0.14859
25	0.01365	0.01102	0.01574	0.03162	0.17667	0.03752	0.16156	0.29710	0.04923	0.11048	0.01028	0.01129	0.00755	0.00472	0.00486	0.00136	0.04115	0.00415	0.00337	0.00667
26	0.00753	0.00472	0.00613	0.00569	0.00697	0.00429	0.00434	0.00938	0.01174	0.11032	0.59904	0.07451	0.09935	0.00891	0.00504	0.00140	0.00231	0.02926	0.00469	0.00438
27	0.01236	0.00902	0.00992	0.00852	0.01106	0.00990	0.00675	0.22671	0.39807	0.10678	0.01728	0.08660	0.04523	0.00661	0.00452	0.00144	0.00367	0.02464	0.00441	0.00653
28	0.01136	0.08435	0.29505	0.01345	0.08619	0.09354	0.15271	0.13493	0.05961	0.01542	0.00867	0.00997	0.00653	0.00426	0.00420	0.00131	0.00599	0.00367	0.00248	0.00627
29	0.00582	0.00456	0.00557	0.00587	0.00662	0.00448	0.00420	0.00735	0.04773	0.01216	0.12413	0.42895	0.23531	0.03526	0.00621	0.00169	0.04642	0.00991	0.00396	0.00380
30	0.00728	0.00485	0.00638	0.00652	0.00775	0.00455	0.00535	0.00914	0.01091	0.07290	0.31807	0.03916	0.13502	0.01016	0.00540	0.00164	0.00300	0.34337	0.00435	0.00420
31	0.00615	0.00481	0.00573	0.00612	0.00731	0.00455	0.00488	0.00827	0.06368	0.01257	0.05435	0.15040	0.36681	0.01119	0.00539	0.00167	0.00291	0.27524	0.00404	0.00396
32	0.11138	0.11292	0.03559	0.01976	0.51590	0.07355	0.02893	0.01339	0.00951	0.01385	0.00745	0.00952	0.00626	0.00396	0.00407	0.00125	0.02095	0.00341	0.00215	0.00620
33	0.01847	0.00774	0.01015	0.00782	0.01108	0.00702	0.00645	0.10784	0.01320	0.70380	0.04838	0.01488	0.01149	0.00545	0.00436	0.00133	0.00372	0.00442	0.00519	0.00720
34	0.00623	0.00416	0.00471	0.00474	0.00475	0.00415	0.00266	0.00625	0.00633	0.00845	0.01393	0.05695	0.01611	0.81924	0.02135	0.00409	0.00412	0.00647	0.00266	0.00264
35	0.01022	0.09191	0.49147	0.01242	0.08455	0.01056	0.03074	0.01489	0.08398	0.08155	0.00923	0.01022	0.00676	0.00443	0.00446	0.00135	0.03902	0.00348	0.00239	0.00637
36	0.02415	0.01092	0.05771	0.18905	0.41948	0.05069	0.06462	0.05236	0.06273	0.01421	0.00865	0.01095	0.00685	0.00416	0.00428	0.00133	0.00542	0.00388	0.00234	0.00621
37	0.00838	0.00799	0.01376	0.75202	0.07728	0.00967	0.04798	0.01127	0.00876	0.01132	0.00773	0.01144	0.00584	0.00425	0.00434	0.00143	0.00577	0.00389	0.00194	0.00495
38	0.01196	0.00571	0.00746	0.00654	0.00861	0.00503	0.00520	0.01349	0.01114	0.38636	0.14281	0.12633	0.16788	0.00843	0.00486	0.00146	0.00303	0.07356	0.00472	0.00541
39	0.00728	0.00569	0.02380	0.01922	0.05056	0.00558	0.02875	0.00867	0.01936	0.04824	0.05732	0.09257	0.10941	0.24752	0.15113	0.00321	0.03856	0.07603	0.00311	0.00398
40	0.01075	0.10525	0.20645	0.01271	0.03897	0.06113	0.22310	0.05190	0.04900	0.05072	0.00962	0.03469	0.00792	0.00502	0.00527	0.00140	0.08231	0.03545	0.00251	0.00584
41	0.00621	0.00500	0.01697	0.02734	0.01861	0.00467	0.03702	0.01923	0.02327	0.01270	0.13077	0.44930	0.10275	0.01129	0.00535	0.00166	0.00301	0.11696	0.00393	0.00397
42	0.03831	0.03030	0.01496	0.18309	0.28860	0.01017	0.08477	0.05567	0.02018	0.05841	0.02832	0.01318	0.02344	0.00503	0.00548	0.00142	0.09988	0.03042	0.00255	0.00581
43	0.00884	0.00826	0.01247	0.27075	0.29413	0.03195	0.01001	0.03630	0.00948	0.01256	0.01401	0.08284	0.11587	0.02123	0.01842	0.00155	0.03831	0.00523	0.00254	0.00526
44	0.02928	0.03292	0.15236	0.03997	0.10099	0.07621	0.21522	0.05652	0.03385	0.03330	0.04264	0.05932	0.02560	0.02636	0.00550	0.00147	0.05551	0.00473	0.00260	0.00564

[dist]
# distance from previous block
# <min> <max>
0	18

# created by:
# /st0/software/busco_prod/Augustus/scripts/msa2prfl.pl ./align_prep/40939.fa
