[name]
unknown

[dist]
# distance from previous block
# <min> <max>
0	29

[block]
# block no. 0 follows, 46 sequences, length 55
# corresponding to MSA columns:
# 30-84
name=unknown_A
#
# <colnr> <probs for GDERKNQSTAVLIFYWHMCP>
#	G	D	E	R	K	N	Q	S	T	A	V	L	I	F	Y	W	H	M	C	P
0	0.02798	0.02667	0.05452	0.02283	0.03687	0.02764	0.04080	0.11849	0.02605	0.09189	0.05121	0.13138	0.13706	0.02277	0.02979	0.00192	0.00498	0.04079	0.00437	0.10200
1	0.07742	0.12650	0.13986	0.05442	0.04589	0.03476	0.00923	0.03490	0.01164	0.01628	0.09371	0.14432	0.11682	0.02854	0.02191	0.00187	0.00513	0.00710	0.00363	0.02605
2	0.03830	0.11815	0.05341	0.00976	0.02288	0.06359	0.00823	0.11053	0.01306	0.01776	0.06981	0.08683	0.08298	0.00893	0.03330	0.00176	0.05606	0.03505	0.00373	0.16588
3	0.11865	0.09606	0.05107	0.09359	0.12778	0.04309	0.03141	0.03872	0.01222	0.13271	0.05258	0.04591	0.02499	0.00696	0.01840	0.00170	0.01721	0.02809	0.00368	0.05519
4	0.01341	0.13396	0.14427	0.05999	0.04968	0.08603	0.04675	0.03441	0.04441	0.11432	0.04592	0.09418	0.03718	0.04222	0.00646	0.00179	0.02873	0.00591	0.00363	0.00675
5	0.01132	0.09801	0.01356	0.01129	0.07037	0.04069	0.06827	0.06657	0.03044	0.06583	0.10226	0.23201	0.08483	0.01135	0.04707	0.00207	0.00515	0.00847	0.00426	0.02620
6	0.00826	0.00613	0.00838	0.00814	0.00937	0.00604	0.04131	0.03542	0.03837	0.02748	0.18217	0.31082	0.07784	0.06058	0.09978	0.00286	0.00480	0.03334	0.03392	0.00498
7	0.02554	0.09543	0.03868	0.09864	0.09052	0.07932	0.07632	0.12988	0.03760	0.09142	0.02812	0.10568	0.02621	0.00704	0.00561	0.00164	0.02830	0.00595	0.00380	0.02429
8	0.03383	0.01292	0.07280	0.05473	0.18932	0.03117	0.13491	0.16223	0.01461	0.09309	0.02861	0.09619	0.01231	0.00662	0.00548	0.00168	0.00611	0.00606	0.02987	0.00748
9	0.00657	0.00465	0.00610	0.00720	0.00748	0.00438	0.00474	0.00739	0.00988	0.01317	0.02789	0.73293	0.03339	0.09655	0.00877	0.00245	0.00327	0.01429	0.00474	0.00418
10	0.01134	0.01314	0.11014	0.09023	0.05119	0.07379	0.12036	0.02685	0.04304	0.02796	0.01493	0.11866	0.04858	0.03217	0.04851	0.00230	0.15088	0.00655	0.00316	0.00621
11	0.01467	0.01594	0.04619	0.01848	0.03774	0.12213	0.43305	0.13593	0.06630	0.01921	0.01125	0.01355	0.00850	0.00522	0.00605	0.00170	0.02798	0.00546	0.00325	0.00738
12	0.01060	0.02735	0.78682	0.01507	0.02288	0.01228	0.01953	0.01674	0.01116	0.01674	0.00949	0.01116	0.00670	0.00502	0.00502	0.00167	0.00781	0.00391	0.00223	0.00781
13	0.00963	0.00734	0.03307	0.02394	0.01046	0.00743	0.00679	0.06255	0.04377	0.05853	0.05398	0.16034	0.01902	0.14085	0.31323	0.00491	0.02742	0.00762	0.00384	0.00527
14	0.09412	0.06733	0.17821	0.44469	0.02800	0.01227	0.03531	0.01487	0.01073	0.03716	0.00981	0.02771	0.00755	0.00537	0.00496	0.00169	0.00673	0.00448	0.00259	0.00642
15	0.00659	0.00515	0.00614	0.00648	0.00764	0.00470	0.00469	0.00800	0.01141	0.01465	0.12842	0.28926	0.37340	0.01685	0.08912	0.00259	0.00399	0.01163	0.00480	0.00450
16	0.00650	0.00504	0.00593	0.00647	0.00754	0.00447	0.00462	0.00777	0.01142	0.01452	0.09878	0.38843	0.36946	0.01463	0.00650	0.00196	0.00290	0.03364	0.00498	0.00444
17	0.01167	0.01077	0.01537	0.05111	0.05795	0.03689	0.07232	0.04858	0.01031	0.03645	0.01201	0.09174	0.02144	0.04325	0.05803	0.00255	0.39062	0.00604	0.01694	0.00596
18	0.00748	0.00556	0.00715	0.00784	0.00844	0.00557	0.00548	0.05063	0.01106	0.01480	0.04569	0.67546	0.06590	0.01536	0.00713	0.00210	0.04123	0.01365	0.00483	0.00466
19	0.00669	0.00516	0.00613	0.00665	0.00768	0.00469	0.00469	0.00835	0.03306	0.01497	0.12950	0.41894	0.30545	0.01444	0.00647	0.00195	0.00289	0.01270	0.00503	0.00456
20	0.00889	0.00773	0.00919	0.00903	0.01005	0.08591	0.00693	0.01053	0.00916	0.01230	0.01395	0.05396	0.01339	0.05318	0.62109	0.02376	0.03744	0.00584	0.00289	0.00479
21	0.01119	0.01083	0.01534	0.01396	0.04962	0.01473	0.01106	0.01255	0.00841	0.01310	0.00811	0.01280	0.00783	0.01199	0.09417	0.00287	0.66370	0.00474	0.02723	0.00577
22	0.00998	0.00940	0.01586	0.80150	0.03641	0.01175	0.01468	0.01351	0.01057	0.01351	0.00940	0.01409	0.00705	0.00529	0.00529	0.00176	0.00705	0.00470	0.00235	0.00587
23	0.01908	0.02333	0.01468	0.01322	0.01595	0.69162	0.01000	0.07467	0.01533	0.01439	0.00884	0.01040	0.00733	0.00746	0.04958	0.00178	0.00952	0.00363	0.00292	0.00626
24	0.01261	0.01165	0.01911	0.14551	0.55665	0.01212	0.01474	0.06606	0.01249	0.01747	0.01111	0.05249	0.00966	0.00648	0.02773	0.00183	0.00643	0.00524	0.00288	0.00773
25	0.01956	0.02484	0.01516	0.01415	0.03774	0.77116	0.01038	0.02097	0.01490	0.01306	0.00822	0.00963	0.00685	0.00543	0.00478	0.00137	0.00944	0.00344	0.00272	0.00619
26	0.01312	0.01396	0.03012	0.02155	0.02683	0.01305	0.71920	0.01744	0.01263	0.06054	0.01127	0.01447	0.00831	0.00457	0.00619	0.00177	0.00866	0.00619	0.00289	0.00724
27	0.01157	0.01157	0.01619	0.01388	0.01388	0.01619	0.01157	0.01272	0.00810	0.01272	0.00694	0.01157	0.00694	0.00925	0.01735	0.00231	0.80453	0.00463	0.00231	0.00578
28	0.03891	0.01097	0.01743	0.38109	0.17936	0.01285	0.05841	0.07076	0.01166	0.01633	0.00960	0.01338	0.00762	0.00579	0.00699	0.00177	0.12290	0.00473	0.02282	0.00665
29	0.03870	0.00908	0.01128	0.02635	0.03084	0.02763	0.04344	0.14661	0.05856	0.09684	0.27638	0.04015	0.03755	0.00874	0.00572	0.00171	0.00432	0.07683	0.05277	0.00650
30	0.02184	0.01093	0.01334	0.01034	0.01439	0.01078	0.00850	0.24962	0.07399	0.50067	0.01843	0.01651	0.01207	0.00653	0.00531	0.00163	0.00488	0.00520	0.00608	0.00895
31	0.01092	0.01028	0.05520	0.06747	0.06814	0.04646	0.00881	0.06129	0.07590	0.04868	0.19814	0.04298	0.17597	0.00911	0.00705	0.00176	0.09394	0.00736	0.00436	0.00617
32	0.00911	0.00464	0.00696	0.00696	0.00701	0.00469	0.00469	0.00701	0.00696	0.00933	0.00942	0.01629	0.00937	0.01938	0.05733	0.80643	0.00505	0.00464	0.00232	0.00241
33	0.00900	0.00468	0.00686	0.00686	0.00690	0.00471	0.00456	0.00705	0.00702	0.00939	0.00998	0.01775	0.01015	0.08348	0.05166	0.74520	0.00501	0.00488	0.00239	0.00246
34	0.04688	0.01181	0.01755	0.28835	0.32667	0.03011	0.01379	0.12473	0.01352	0.06072	0.01062	0.01338	0.00813	0.00527	0.00518	0.00164	0.00636	0.00464	0.00316	0.00749
35	0.01188	0.01155	0.01662	0.13283	0.01889	0.07181	0.14430	0.06634	0.01113	0.01506	0.01008	0.01454	0.00872	0.03493	0.13074	0.03065	0.20847	0.00500	0.00278	0.05368
36	0.00729	0.00501	0.00591	0.00627	0.00647	0.00488	0.00383	0.00766	0.00866	0.01146	0.02212	0.25184	0.05989	0.53769	0.01991	0.00408	0.00443	0.02521	0.00379	0.00360
37	0.01897	0.06105	0.01549	0.01287	0.01582	0.56482	0.00997	0.15580	0.01624	0.01684	0.00920	0.01044	0.00742	0.00571	0.00515	0.00142	0.03309	0.00371	0.02937	0.00663
38	0.00883	0.01015	0.13612	0.00987	0.01265	0.00747	0.04570	0.04130	0.03602	0.01629	0.03104	0.09608	0.24853	0.01175	0.00638	0.00201	0.00478	0.26506	0.00438	0.00557
39	0.00655	0.00475	0.00619	0.00725	0.00773	0.00441	0.00495	0.00760	0.01045	0.01382	0.05289	0.68979	0.09146	0.02884	0.00704	0.00216	0.00312	0.04178	0.00491	0.00433
40	0.01199	0.01144	0.01847	0.03889	0.49073	0.01265	0.01386	0.01448	0.01086	0.01578	0.02858	0.04571	0.01028	0.00813	0.04573	0.00211	0.20506	0.00526	0.00272	0.00727
41	0.01009	0.00947	0.01618	0.74292	0.03509	0.01160	0.04684	0.01362	0.01067	0.01385	0.00970	0.01428	0.00729	0.00528	0.00528	0.00175	0.00699	0.00477	0.02844	0.00590
42	0.03953	0.01560	0.01548	0.07528	0.12715	0.24068	0.02877	0.17956	0.05302	0.01927	0.03465	0.01353	0.00982	0.00767	0.04443	0.00193	0.05837	0.00458	0.02366	0.00702
43	0.00940	0.00605	0.00727	0.00704	0.00844	0.00596	0.00523	0.03574	0.07387	0.05497	0.31259	0.20574	0.03238	0.01040	0.00562	0.00168	0.00295	0.00909	0.20021	0.00540
44	0.12122	0.04581	0.01387	0.21572	0.01936	0.01260	0.00975	0.23605	0.06823	0.12533	0.01294	0.01514	0.00977	0.06406	0.00652	0.00189	0.00557	0.00479	0.00416	0.00721
45	0.01309	0.05041	0.02394	0.05530	0.19903	0.03171	0.36184	0.04165	0.05632	0.03479	0.02524	0.01457	0.00955	0.00511	0.00578	0.00167	0.02043	0.00549	0.03673	0.00735
46	0.00758	0.00544	0.00661	0.00640	0.00784	0.00485	0.00477	0.00953	0.01356	0.04610	0.44460	0.11704	0.28214	0.01204	0.00626	0.00175	0.00268	0.01045	0.00546	0.00490
47	0.00784	0.00544	0.00670	0.00693	0.00812	0.00498	0.00498	0.00974	0.03578	0.05961	0.21477	0.37342	0.21484	0.01355	0.00638	0.00190	0.00295	0.01195	0.00524	0.00490
48	0.01317	0.01550	0.14781	0.06718	0.04729	0.16307	0.05352	0.06893	0.08224	0.05385	0.09583	0.08665	0.05348	0.00744	0.00545	0.00165	0.00619	0.00624	0.00383	0.02067
49	0.03261	0.02161	0.02630	0.03136	0.03297	0.00683	0.02061	0.07764	0.01211	0.01650	0.10877	0.42016	0.09817	0.01309	0.00701	0.04986	0.00381	0.01095	0.00456	0.00508
50	0.00800	0.00594	0.00721	0.02626	0.00897	0.00586	0.00536	0.03950	0.04484	0.03258	0.04516	0.37781	0.21632	0.09333	0.04277	0.00256	0.01673	0.01138	0.00464	0.00480
51	0.04735	0.07120	0.13541	0.02855	0.01804	0.01193	0.21334	0.10420	0.01313	0.03111	0.07378	0.08146	0.04932	0.00820	0.02862	0.00194	0.04919	0.02300	0.00353	0.00667
52	0.08262	0.15348	0.04021	0.11882	0.15687	0.03918	0.03588	0.12434	0.03528	0.01828	0.00966	0.01191	0.00783	0.00600	0.01778	0.00166	0.07886	0.00418	0.00304	0.05411
53	0.04948	0.05528	0.04140	0.10607	0.08771	0.02004	0.01990	0.02543	0.02585	0.05554	0.06584	0.20201	0.08605	0.01053	0.03536	0.00201	0.03228	0.02962	0.00389	0.04571
54	0.02766	0.07093	0.07067	0.07633	0.16569	0.12020	0.08410	0.02738	0.07372	0.01682	0.11825	0.03924	0.01493	0.00704	0.01794	0.00175	0.05172	0.00554	0.00334	0.00677

[dist]
# distance from previous block
# <min> <max>
2	74

[block]
# block no. 1 follows, 46 sequences, length 12
# corresponding to MSA columns:
# 160-171
name=unknown_B
#
# <colnr> <probs for GDERKNQSTAVLIFYWHMCP>
#	G	D	E	R	K	N	Q	S	T	A	V	L	I	F	Y	W	H	M	C	P
0	0.04203	0.00945	0.07725	0.05840	0.05733	0.04206	0.00830	0.03450	0.02334	0.03136	0.10299	0.25316	0.06337	0.01335	0.06683	0.06161	0.03679	0.00853	0.00394	0.00541
1	0.01110	0.06729	0.09136	0.04599	0.10888	0.07742	0.06397	0.03610	0.05557	0.02785	0.08206	0.07603	0.16707	0.02660	0.03787	0.00201	0.00580	0.00703	0.00374	0.00627
2	0.01215	0.01350	0.12385	0.17079	0.21541	0.04570	0.06068	0.01675	0.09457	0.04870	0.01323	0.04928	0.01127	0.02669	0.00643	0.00184	0.03586	0.04299	0.00320	0.00709
3	0.00816	0.00561	0.00757	0.03680	0.00968	0.00519	0.02473	0.00957	0.01132	0.07529	0.07727	0.48158	0.18281	0.01401	0.00645	0.00199	0.00340	0.02874	0.00494	0.00489
4	0.03460	0.02044	0.00961	0.03858	0.01080	0.00746	0.02966	0.01074	0.01019	0.05458	0.07911	0.12469	0.11167	0.04247	0.26564	0.03597	0.07622	0.00757	0.02497	0.00503
5	0.07608	0.06714	0.04780	0.14240	0.16659	0.09204	0.04241	0.15977	0.01396	0.04610	0.01006	0.01233	0.00787	0.00622	0.01899	0.00175	0.07364	0.00439	0.00323	0.00724
6	0.00802	0.00760	0.05537	0.00876	0.01059	0.00641	0.05956	0.02697	0.05803	0.01636	0.15216	0.34737	0.17458	0.01262	0.00633	0.00192	0.00378	0.03357	0.00477	0.00522
7	0.01159	0.00707	0.00864	0.00805	0.00991	0.00688	0.00605	0.09627	0.05510	0.15004	0.15846	0.31738	0.08715	0.01153	0.00602	0.00183	0.00352	0.01007	0.03844	0.00600
8	0.06634	0.06106	0.04932	0.09680	0.12992	0.02582	0.09467	0.04150	0.04118	0.04355	0.02596	0.04984	0.04360	0.00764	0.02229	0.00193	0.18332	0.00548	0.00314	0.00664
9	0.03408	0.02929	0.01441	0.13007	0.15916	0.03458	0.04294	0.07020	0.01128	0.03049	0.01267	0.01758	0.02714	0.07310	0.24416	0.00397	0.05045	0.00529	0.00301	0.00615
10	0.00774	0.00535	0.00692	0.00798	0.04109	0.00510	0.00503	0.00858	0.00980	0.03742	0.02566	0.43123	0.07608	0.26551	0.01294	0.00303	0.00394	0.03796	0.00432	0.00431
11	0.00982	0.00716	0.01023	0.11030	0.04687	0.00737	0.03181	0.02824	0.03080	0.08304	0.10666	0.21183	0.10593	0.07701	0.06861	0.00264	0.02449	0.02740	0.00431	0.00548

[dist]
# distance from previous block
# <min> <max>
1	3

[block]
# block no. 2 follows, 46 sequences, length 40
# corresponding to MSA columns:
# 175-212,214,215
name=unknown_C
#
# <colnr> <probs for GDERKNQSTAVLIFYWHMCP>
#	G	D	E	R	K	N	Q	S	T	A	V	L	I	F	Y	W	H	M	C	P
0	0.00976	0.00964	0.01801	0.04340	0.04269	0.00925	0.32803	0.01308	0.03623	0.01600	0.07065	0.15648	0.13006	0.01061	0.04777	0.00221	0.00641	0.04005	0.00375	0.00594
1	0.00848	0.00632	0.02378	0.00730	0.00890	0.00550	0.02159	0.03165	0.01228	0.06702	0.14180	0.26724	0.28028	0.04372	0.00705	0.00199	0.00337	0.03209	0.02463	0.00502
2	0.05322	0.01179	0.01527	0.04619	0.20399	0.03956	0.04105	0.12133	0.05852	0.04444	0.01112	0.01270	0.00872	0.00494	0.00471	0.00132	0.00532	0.00420	0.01653	0.29508
3	0.03967	0.09077	0.01878	0.16474	0.30706	0.01297	0.03666	0.11226	0.01350	0.10292	0.01107	0.01312	0.00846	0.00517	0.00500	0.00155	0.00603	0.00452	0.00335	0.04241
4	0.01376	0.00801	0.00974	0.00877	0.01113	0.00799	0.00708	0.11777	0.07665	0.19370	0.07439	0.06489	0.07526	0.02470	0.00675	0.03453	0.00421	0.16226	0.09193	0.00649
5	0.00761	0.00575	0.00846	0.04523	0.01028	0.00660	0.00659	0.00937	0.00866	0.01225	0.01556	0.05035	0.03130	0.10044	0.64776	0.00753	0.01243	0.00624	0.00296	0.00463
6	0.00902	0.00705	0.00954	0.07633	0.01199	0.03273	0.02255	0.03124	0.04231	0.01322	0.01501	0.05725	0.03290	0.06937	0.41522	0.11615	0.00988	0.00604	0.01743	0.00477
7	0.04922	0.16696	0.16339	0.03342	0.05035	0.05449	0.05164	0.19333	0.01479	0.09163	0.02786	0.01245	0.00895	0.00574	0.00555	0.00157	0.05318	0.00432	0.00356	0.00759
8	0.00759	0.00511	0.00589	0.00598	0.00604	0.00512	0.00345	0.00773	0.00789	0.01055	0.01745	0.08926	0.02012	0.72928	0.05341	0.00504	0.00531	0.00814	0.00331	0.00334
9	0.01557	0.01835	0.01342	0.01234	0.01422	0.48598	0.00948	0.01701	0.01255	0.01286	0.01031	0.01505	0.00951	0.03486	0.14629	0.00291	0.11873	0.04205	0.00281	0.00569
10	0.49365	0.01257	0.01156	0.00961	0.01316	0.06264	0.03992	0.20228	0.07071	0.02500	0.00994	0.01075	0.00748	0.00545	0.00415	0.00162	0.00508	0.00375	0.00387	0.00682
11	0.00689	0.00532	0.00629	0.00618	0.00757	0.00472	0.00458	0.00879	0.01338	0.01775	0.42109	0.10557	0.34816	0.01233	0.00628	0.00175	0.00262	0.01065	0.00537	0.00472
12	0.00644	0.00522	0.00572	0.00589	0.00734	0.00450	0.00431	0.00786	0.01207	0.01504	0.14327	0.18919	0.54743	0.01364	0.00634	0.00184	0.00273	0.01166	0.00503	0.00450
13	0.10490	0.01403	0.13304	0.07222	0.03353	0.06893	0.03242	0.09810	0.01439	0.35441	0.01451	0.01427	0.00974	0.00584	0.00504	0.00163	0.00584	0.00461	0.00461	0.00795
14	0.00699	0.00544	0.00826	0.00857	0.00934	0.00508	0.06791	0.00827	0.01053	0.01411	0.05994	0.71120	0.03337	0.01531	0.00668	0.00210	0.00353	0.01406	0.00476	0.00456
15	0.77758	0.01073	0.00827	0.00733	0.01062	0.04135	0.00600	0.01627	0.00954	0.06224	0.00808	0.00910	0.00614	0.00501	0.00343	0.00163	0.00432	0.00301	0.00342	0.00591
16	0.01332	0.01449	0.02961	0.02131	0.02648	0.04675	0.69433	0.01753	0.01271	0.05266	0.01106	0.01423	0.00821	0.00460	0.00613	0.00176	0.00873	0.00607	0.00286	0.00717
17	0.00768	0.00517	0.00597	0.00597	0.00604	0.00523	0.00345	0.00782	0.00775	0.01040	0.01647	0.03358	0.01878	0.75707	0.08345	0.00537	0.00579	0.00754	0.00318	0.00332
18	0.00787	0.00565	0.00671	0.00631	0.00798	0.00495	0.00476	0.00984	0.01359	0.05719	0.41111	0.05893	0.34265	0.01160	0.00615	0.00170	0.00272	0.00996	0.00540	0.02493
19	0.01445	0.01293	0.01239	0.01106	0.01409	0.10305	0.00859	0.04063	0.64145	0.05072	0.01979	0.01835	0.01481	0.00693	0.00530	0.00173	0.00484	0.00563	0.00512	0.00814
20	0.00689	0.00498	0.00645	0.00741	0.00796	0.00470	0.00508	0.02825	0.01087	0.01444	0.06087	0.70267	0.07284	0.01584	0.00667	0.00210	0.00314	0.02942	0.00495	0.00447
21	0.85155	0.01022	0.00777	0.00695	0.01022	0.01186	0.00573	0.01554	0.00900	0.02372	0.00736	0.00859	0.00573	0.00491	0.00327	0.00164	0.00409	0.00286	0.00327	0.00573
22	0.00751	0.00524	0.00643	0.00639	0.00717	0.00497	0.00441	0.00898	0.01176	0.01634	0.36990	0.11232	0.07586	0.27060	0.01289	0.00284	0.00348	0.03142	0.03721	0.00431
23	0.01321	0.00726	0.00926	0.00804	0.01038	0.00688	0.00627	0.01710	0.11320	0.25823	0.40558	0.05785	0.04600	0.00926	0.00586	0.00169	0.00336	0.00800	0.00594	0.00664
24	0.00644	0.00460	0.00613	0.00736	0.00767	0.00429	0.00491	0.00736	0.01012	0.01350	0.02914	0.81076	0.03497	0.01656	0.00675	0.00215	0.00307	0.01503	0.00491	0.00429
25	0.00670	0.00526	0.00605	0.00609	0.00748	0.00462	0.00448	0.00837	0.01276	0.01653	0.29727	0.15798	0.42165	0.01297	0.00632	0.00180	0.00267	0.01118	0.00522	0.00462
26	0.71723	0.01012	0.00849	0.00740	0.01076	0.01140	0.00608	0.01728	0.03898	0.11762	0.00957	0.01018	0.00703	0.00520	0.00360	0.00164	0.00414	0.00328	0.00376	0.00623
27	0.00990	0.00814	0.00809	0.00810	0.00949	0.09329	0.00590	0.04930	0.04369	0.04835	0.07797	0.35088	0.14816	0.05354	0.00719	0.00204	0.00409	0.03900	0.02769	0.00516
28	0.00738	0.00497	0.00645	0.00717	0.00787	0.00457	0.00493	0.00853	0.01097	0.05037	0.11223	0.60692	0.09378	0.03839	0.00717	0.00213	0.00310	0.01346	0.00503	0.00457
29	0.11305	0.01143	0.01320	0.01023	0.01428	0.01163	0.00845	0.31674	0.01831	0.40390	0.01614	0.01486	0.01066	0.00629	0.00508	0.00162	0.00498	0.00483	0.00569	0.00864
30	0.01180	0.01089	0.01696	0.54972	0.19935	0.04219	0.01449	0.04142	0.01171	0.03722	0.00992	0.01376	0.00757	0.00524	0.00525	0.00169	0.00686	0.00467	0.00265	0.00664
31	0.00706	0.00560	0.00639	0.00630	0.00780	0.00508	0.00468	0.00947	0.05176	0.01709	0.31036	0.12211	0.40227	0.01246	0.00625	0.00178	0.00273	0.01071	0.00526	0.00483
32	0.01078	0.00898	0.01161	0.09421	0.02542	0.06997	0.03018	0.03935	0.01009	0.04519	0.01220	0.01779	0.01097	0.06892	0.33467	0.07326	0.10490	0.00523	0.02104	0.00525
33	0.06518	0.02661	0.01285	0.02809	0.02348	0.07892	0.00845	0.23734	0.05516	0.20257	0.03736	0.01555	0.01163	0.00753	0.03113	0.00181	0.04472	0.00488	0.09922	0.00754
34	0.00777	0.00672	0.02517	0.00732	0.00866	0.02839	0.00549	0.04503	0.01202	0.01546	0.09361	0.37488	0.29167	0.01360	0.00657	0.00191	0.02233	0.01177	0.01683	0.00481
35	0.00710	0.00514	0.00708	0.00757	0.00815	0.00535	0.00538	0.00839	0.00948	0.01310	0.06840	0.35512	0.02536	0.12274	0.32058	0.00499	0.00767	0.01008	0.00393	0.00437
36	0.10441	0.02403	0.07065	0.03661	0.06465	0.08535	0.03339	0.08899	0.03939	0.06790	0.02006	0.12402	0.10773	0.01890	0.00596	0.00180	0.02219	0.06056	0.01706	0.00635
37	0.01231	0.04560	0.25515	0.08317	0.15698	0.02990	0.15337	0.07164	0.01284	0.02924	0.04724	0.01559	0.02423	0.00570	0.00556	0.00168	0.01711	0.02236	0.00298	0.00737
38	0.00673	0.00523	0.00611	0.00639	0.00763	0.00465	0.00470	0.00824	0.01208	0.01550	0.19309	0.22709	0.38548	0.03586	0.00700	0.00198	0.00294	0.05973	0.00504	0.00452
39	0.02561	0.05881	0.13400	0.04585	0.03454	0.03935	0.00933	0.02294	0.02342	0.08370	0.03253	0.10327	0.03340	0.09774	0.09636	0.03552	0.03942	0.05322	0.00355	0.02746

[dist]
# distance from previous block
# <min> <max>
0	1

[block]
# block no. 3 follows, 46 sequences, length 8
# corresponding to MSA columns:
# 217-224
name=unknown_D
#
# <colnr> <probs for GDERKNQSTAVLIFYWHMCP>
#	G	D	E	R	K	N	Q	S	T	A	V	L	I	F	Y	W	H	M	C	P
0	0.12568	0.07215	0.08378	0.00844	0.01105	0.03330	0.00729	0.05498	0.02634	0.06229	0.09170	0.17536	0.12047	0.07305	0.00709	0.00201	0.00443	0.03065	0.00423	0.00571
1	0.01039	0.01027	0.04983	0.02892	0.05395	0.10318	0.00810	0.05614	0.01192	0.01568	0.11877	0.18175	0.02127	0.07643	0.14195	0.00318	0.04778	0.02864	0.00380	0.02804
2	0.12792	0.12205	0.16364	0.07130	0.11239	0.01293	0.04505	0.08246	0.02910	0.05562	0.01081	0.01400	0.00886	0.07718	0.02482	0.00206	0.02532	0.00446	0.00311	0.00694
3	0.01357	0.07931	0.11938	0.02999	0.10815	0.09206	0.04874	0.11314	0.05115	0.05429	0.04373	0.09443	0.03767	0.00708	0.00573	0.00162	0.03891	0.00583	0.00365	0.05156
4	0.05885	0.07525	0.19055	0.07748	0.05276	0.05088	0.05771	0.04390	0.04898	0.04012	0.09201	0.05501	0.04100	0.00679	0.00539	0.00163	0.02536	0.00562	0.06408	0.00663
5	0.09581	0.02872	0.01072	0.04616	0.10677	0.04065	0.00713	0.05336	0.03513	0.01541	0.04509	0.04751	0.01529	0.34874	0.01462	0.00309	0.03332	0.00618	0.00337	0.04292
6	0.01251	0.01184	0.07191	0.08701	0.18383	0.04036	0.04900	0.06863	0.04379	0.07295	0.04643	0.01939	0.06854	0.07302	0.04786	0.00229	0.05402	0.00568	0.00352	0.03742
7	0.01370	0.04376	0.05585	0.14077	0.11112	0.04675	0.08873	0.15182	0.02874	0.07509	0.07399	0.06696	0.01440	0.00706	0.00580	0.00171	0.02389	0.03890	0.00387	0.00708

[dist]
# distance from previous block
# <min> <max>
3	32

[block]
# block no. 4 follows, 46 sequences, length 25
# corresponding to MSA columns:
# 262-286
name=unknown_E
#
# <colnr> <probs for GDERKNQSTAVLIFYWHMCP>
#	G	D	E	R	K	N	Q	S	T	A	V	L	I	F	Y	W	H	M	C	P
0	0.07751	0.04903	0.24391	0.04245	0.10592	0.02517	0.04990	0.07831	0.01279	0.05467	0.07584	0.04422	0.05065	0.00644	0.00530	0.00162	0.01843	0.00534	0.00342	0.04908
1	0.01207	0.13701	0.07111	0.07782	0.13097	0.01196	0.04179	0.06726	0.05226	0.05568	0.09964	0.06915	0.07713	0.00762	0.00599	0.00167	0.04966	0.02069	0.00375	0.00675
2	0.04689	0.09458	0.10238	0.03416	0.14187	0.04860	0.08763	0.01446	0.03684	0.04334	0.03698	0.10424	0.13597	0.02625	0.00611	0.00176	0.02117	0.00681	0.00349	0.00645
3	0.03134	0.05634	0.02828	0.02802	0.03016	0.02307	0.02609	0.11041	0.01343	0.01800	0.10127	0.20130	0.16268	0.01084	0.00586	0.00179	0.00424	0.08984	0.02347	0.03356
4	0.13219	0.06656	0.15183	0.02655	0.04090	0.01075	0.08671	0.04044	0.07643	0.05709	0.15339	0.05606	0.03824	0.03336	0.00590	0.00178	0.00523	0.00610	0.00391	0.00658
5	0.03270	0.05083	0.09871	0.05373	0.05797	0.04669	0.06656	0.13951	0.04432	0.05727	0.07653	0.07517	0.01458	0.02716	0.02190	0.00194	0.08628	0.02111	0.00380	0.02326
6	0.08352	0.02709	0.07590	0.00882	0.01135	0.08018	0.00745	0.01440	0.08204	0.06867	0.16196	0.13318	0.09795	0.04253	0.00645	0.00187	0.00449	0.05397	0.00447	0.03372
7	0.01277	0.13657	0.01451	0.01052	0.03066	0.10334	0.06611	0.03132	0.08269	0.08924	0.15162	0.08370	0.06966	0.03049	0.02468	0.00186	0.00532	0.02542	0.00424	0.02530
8	0.13243	0.22266	0.10206	0.03638	0.01512	0.11000	0.02410	0.06402	0.06763	0.04583	0.04991	0.04932	0.01121	0.00624	0.00510	0.00155	0.04180	0.00458	0.00335	0.00673
9	0.01082	0.17331	0.51958	0.01312	0.01933	0.01295	0.03984	0.01545	0.01116	0.01573	0.03082	0.07463	0.02897	0.00616	0.00495	0.00161	0.00681	0.00496	0.00261	0.00717
10	0.01249	0.29121	0.47309	0.01294	0.01926	0.07589	0.01530	0.01678	0.01132	0.01501	0.00867	0.01014	0.00673	0.00489	0.00446	0.00147	0.00723	0.00351	0.00228	0.00734
11	0.00670	0.00503	0.00604	0.00656	0.00743	0.00458	0.00458	0.00788	0.01105	0.01430	0.11671	0.37723	0.26716	0.10319	0.00879	0.00232	0.00317	0.03814	0.00482	0.00432
12	0.78631	0.01047	0.00921	0.00854	0.04089	0.01195	0.03555	0.01562	0.00925	0.02320	0.00759	0.00898	0.00592	0.00488	0.00346	0.00164	0.00436	0.00307	0.00322	0.00588
13	0.01063	0.06088	0.67397	0.01408	0.02114	0.01220	0.01770	0.01661	0.03627	0.01703	0.06239	0.01326	0.00996	0.00547	0.00504	0.00165	0.00723	0.00431	0.00258	0.00759
14	0.01065	0.03293	0.40643	0.01156	0.01667	0.02600	0.01298	0.03317	0.01236	0.05078	0.14295	0.07470	0.04913	0.00739	0.00535	0.00164	0.00580	0.02382	0.00354	0.07215
15	0.00664	0.00525	0.00599	0.00606	0.00745	0.00459	0.00445	0.00825	0.01260	0.01619	0.26313	0.17071	0.44365	0.01314	0.00633	0.00181	0.00269	0.01131	0.00518	0.00459
16	0.08888	0.11190	0.09945	0.01119	0.04113	0.09450	0.02226	0.08702	0.11194	0.12602	0.05956	0.01683	0.05911	0.00639	0.00488	0.00154	0.00546	0.00498	0.00410	0.04284
17	0.02705	0.10130	0.22527	0.04955	0.01496	0.00971	0.02488	0.01334	0.02852	0.04043	0.05568	0.09305	0.12955	0.07082	0.00696	0.00191	0.00526	0.03265	0.00352	0.06558
18	0.03363	0.22268	0.20480	0.03760	0.03702	0.03296	0.03734	0.05520	0.06667	0.04911	0.03254	0.06076	0.02669	0.00645	0.00485	0.00155	0.00587	0.03298	0.00331	0.04800
19	0.01288	0.11509	0.08469	0.01140	0.06350	0.01179	0.00934	0.15627	0.12703	0.04721	0.04664	0.08249	0.06603	0.02379	0.02538	0.00187	0.00520	0.04938	0.00422	0.05580
20	0.05613	0.04648	0.08721	0.02647	0.03044	0.00927	0.04439	0.09005	0.06671	0.06840	0.07345	0.20802	0.08313	0.05164	0.00681	0.00198	0.00469	0.03419	0.00438	0.00619
21	0.03351	0.03568	0.15104	0.01331	0.07856	0.17892	0.02978	0.08071	0.05556	0.07594	0.07805	0.04920	0.02853	0.00682	0.00522	0.00158	0.00626	0.03366	0.00377	0.05390
22	0.02959	0.05451	0.13794	0.05865	0.12341	0.07133	0.02398	0.05909	0.04025	0.04580	0.05840	0.08362	0.09689	0.00755	0.00553	0.00163	0.02057	0.01982	0.00362	0.05780
23	0.03233	0.07019	0.04308	0.01124	0.06834	0.05863	0.05594	0.06276	0.06728	0.03184	0.11142	0.06426	0.14237	0.02804	0.00603	0.00164	0.01833	0.00667	0.00401	0.11560
24	0.04617	0.06808	0.06122	0.05692	0.15058	0.03105	0.05179	0.11182	0.06110	0.08770	0.05895	0.04192	0.03718	0.00622	0.00507	0.00152	0.00543	0.00529	0.00385	0.10812

[dist]
# distance from previous block
# <min> <max>
2	119

[block]
# block no. 5 follows, 46 sequences, length 20
# corresponding to MSA columns:
# 576-595
name=unknown_F
#
# <colnr> <probs for GDERKNQSTAVLIFYWHMCP>
#	G	D	E	R	K	N	Q	S	T	A	V	L	I	F	Y	W	H	M	C	P
0	0.06746	0.05792	0.03528	0.07590	0.35989	0.05183	0.02672	0.03296	0.06578	0.03667	0.04582	0.03119	0.02714	0.00594	0.00508	0.00159	0.00574	0.02054	0.02420	0.02235
1	0.02844	0.05246	0.01671	0.06947	0.35403	0.01167	0.01184	0.09585	0.06059	0.06470	0.10648	0.03292	0.01523	0.00703	0.01955	0.00174	0.00553	0.02493	0.00379	0.01707
2	0.04105	0.01146	0.01610	0.06806	0.38848	0.04539	0.01186	0.04350	0.05474	0.03360	0.02807	0.01711	0.04889	0.03795	0.00596	0.00165	0.00559	0.01840	0.00327	0.11885
3	0.01346	0.04667	0.03209	0.02737	0.60369	0.02558	0.01458	0.03591	0.08288	0.03308	0.01202	0.01425	0.02433	0.00520	0.00518	0.00158	0.00602	0.00486	0.00304	0.00821
4	0.01390	0.01259	0.03940	0.02792	0.60808	0.01213	0.04471	0.04040	0.02781	0.07670	0.02514	0.01403	0.00960	0.00505	0.00528	0.00158	0.00612	0.00489	0.00312	0.02156
5	0.07934	0.01316	0.06211	0.14698	0.42648	0.05160	0.01401	0.05928	0.02993	0.01784	0.01129	0.02876	0.02554	0.00544	0.00511	0.00162	0.00626	0.00482	0.00292	0.00750
6	0.01222	0.01097	0.01711	0.04336	0.49112	0.01122	0.01285	0.07252	0.06827	0.01816	0.03055	0.15917	0.01466	0.00731	0.00555	0.00170	0.00545	0.00678	0.00350	0.00755
7	0.04386	0.01225	0.01984	0.07387	0.56505	0.01240	0.04753	0.05749	0.03140	0.01827	0.01025	0.01304	0.00837	0.00484	0.00513	0.00155	0.00613	0.00464	0.00288	0.06118
8	0.01335	0.01193	0.01906	0.16923	0.44549	0.01256	0.04598	0.09618	0.05821	0.03861	0.01162	0.03354	0.00942	0.00547	0.00534	0.00165	0.00623	0.00512	0.00318	0.00784
9	0.01398	0.01231	0.01941	0.15356	0.51734	0.01292	0.01476	0.13604	0.01394	0.03928	0.01058	0.01331	0.00838	0.00511	0.00525	0.00161	0.00628	0.00473	0.00310	0.00808
10	0.03295	0.01231	0.01805	0.15052	0.41833	0.04250	0.01358	0.10933	0.01367	0.08734	0.01102	0.01332	0.00852	0.00517	0.00514	0.00157	0.00617	0.00461	0.00330	0.04262
11	0.08213	0.01218	0.01944	0.10756	0.59728	0.01264	0.01484	0.05950	0.01239	0.01835	0.00984	0.01279	0.00806	0.00488	0.00508	0.00160	0.00615	0.00456	0.00280	0.00794
12	0.01879	0.01555	0.01504	0.01210	0.01591	0.11856	0.00976	0.53161	0.15936	0.02858	0.01370	0.01355	0.01000	0.00638	0.00524	0.00159	0.00601	0.00480	0.00497	0.00850
13	0.01934	0.02563	0.01202	0.00914	0.01290	0.00832	0.00748	0.06573	0.03461	0.50961	0.07986	0.01855	0.01514	0.00819	0.04469	0.00187	0.00484	0.00534	0.00569	0.11105
14	0.00705	0.00541	0.00616	0.00640	0.00786	0.00480	0.00497	0.00816	0.01144	0.01396	0.04309	0.04833	0.53759	0.01424	0.00822	0.10541	0.00334	0.15470	0.00458	0.00428
15	0.01435	0.67164	0.02502	0.00953	0.01375	0.06573	0.00903	0.01765	0.10426	0.01365	0.00913	0.00992	0.00793	0.00490	0.00372	0.00123	0.00570	0.00325	0.00267	0.00694
16	0.04776	0.52880	0.02257	0.00972	0.01395	0.01850	0.00897	0.14626	0.10648	0.03712	0.01035	0.01083	0.00843	0.00523	0.00401	0.00132	0.00541	0.00361	0.00331	0.00737
17	0.00645	0.00523	0.00551	0.00566	0.00704	0.00452	0.00403	0.00757	0.01127	0.01369	0.04589	0.14682	0.59004	0.11195	0.00884	0.00224	0.00303	0.01123	0.00470	0.00429
18	0.00754	0.00506	0.00581	0.00596	0.00600	0.00502	0.00341	0.00765	0.00799	0.01065	0.01819	0.12973	0.02115	0.71644	0.02444	0.00476	0.00487	0.00859	0.00341	0.00334
19	0.77479	0.05089	0.00911	0.00728	0.01065	0.01250	0.00607	0.04684	0.00975	0.02355	0.00758	0.00875	0.00591	0.00495	0.00336	0.00161	0.00424	0.00294	0.00331	0.00591

[dist]
# distance from previous block
# <min> <max>
0	14

# created by:
# /st0/software/busco_prod/Augustus/scripts/msa2prfl.pl ./align_prep/40986.fa
