[name]
unknown

[dist]
# distance from previous block
# <min> <max>
41	324

[block]
# block no. 0 follows, 62 sequences, length 13
# corresponding to MSA columns:
# 527-539
name=unknown_A
#
# <colnr> <probs for GDERKNQSTAVLIFYWHMCP>
#	G	D	E	R	K	N	Q	S	T	A	V	L	I	F	Y	W	H	M	C	P
0	0.01513	0.22052	0.01499	0.00905	0.01251	0.01374	0.00779	0.57105	0.01678	0.06400	0.00949	0.00959	0.00697	0.00475	0.00388	0.00119	0.00459	0.00347	0.00370	0.00680
1	0.06410	0.06631	0.06665	0.00957	0.01311	0.02996	0.00834	0.64507	0.01767	0.02409	0.00945	0.00968	0.00682	0.00486	0.00404	0.00126	0.00476	0.00358	0.00380	0.00686
2	0.01562	0.03186	0.04578	0.01023	0.03111	0.04646	0.00849	0.70984	0.01875	0.02495	0.00982	0.00999	0.00704	0.00497	0.00420	0.00126	0.00487	0.00372	0.00397	0.00705
3	0.04852	0.01224	0.05840	0.00972	0.01322	0.01277	0.00834	0.70540	0.04824	0.02544	0.01017	0.01023	0.00724	0.00503	0.00419	0.00129	0.00467	0.00377	0.00406	0.00706
4	0.01141	0.73366	0.09036	0.00787	0.01169	0.03716	0.00805	0.03865	0.00913	0.01086	0.00622	0.00714	0.00551	0.00374	0.00292	0.00096	0.00478	0.00241	0.00191	0.00557
5	0.01518	0.01233	0.06543	0.00984	0.01335	0.01275	0.00846	0.68836	0.08979	0.02515	0.01068	0.01064	0.00763	0.00510	0.00425	0.00130	0.00467	0.00387	0.00410	0.00713
6	0.01249	0.51315	0.10657	0.00860	0.01241	0.04838	0.00844	0.21781	0.01174	0.01472	0.00723	0.00796	0.00591	0.00409	0.00331	0.00106	0.00490	0.00279	0.00246	0.00598
7	0.06172	0.01142	0.01224	0.00942	0.01278	0.01255	0.00778	0.71600	0.01882	0.07904	0.01042	0.01032	0.00732	0.00506	0.00417	0.00128	0.00454	0.00378	0.00424	0.00710
8	0.01327	0.33698	0.12972	0.00915	0.01305	0.01414	0.00884	0.39246	0.01410	0.01850	0.00820	0.00874	0.00630	0.00440	0.00364	0.00115	0.00485	0.00314	0.00298	0.00642
9	0.01544	0.04192	0.07378	0.00988	0.01350	0.01308	0.00863	0.72277	0.01879	0.02524	0.00987	0.01001	0.00704	0.00498	0.00419	0.00127	0.00480	0.00373	0.00399	0.00710
10	0.04972	0.19779	0.04238	0.00900	0.01252	0.01328	0.00791	0.52233	0.01609	0.07496	0.00944	0.00957	0.00689	0.00471	0.00385	0.00120	0.00458	0.00343	0.00363	0.00671
11	0.04006	0.08908	0.06618	0.00962	0.01318	0.03383	0.00841	0.64301	0.01769	0.02379	0.00944	0.00967	0.00684	0.00485	0.00405	0.00124	0.00481	0.00357	0.00378	0.00688
12	0.06244	0.20977	0.13344	0.00919	0.01299	0.01316	0.00871	0.44531	0.01480	0.02018	0.00928	0.00970	0.02352	0.00466	0.00379	0.00121	0.00475	0.00339	0.00323	0.00646

[dist]
# distance from previous block
# <min> <max>
12	75

[block]
# block no. 1 follows, 62 sequences, length 7
# corresponding to MSA columns:
# 645-651
name=unknown_B
#
# <colnr> <probs for GDERKNQSTAVLIFYWHMCP>
#	G	D	E	R	K	N	Q	S	T	A	V	L	I	F	Y	W	H	M	C	P
0	0.01532	0.01128	0.01216	0.00949	0.01265	0.01244	0.00777	0.74715	0.01908	0.02557	0.01125	0.07541	0.00886	0.00575	0.00435	0.00131	0.00451	0.00447	0.00423	0.00694
1	0.01154	0.63295	0.11498	0.00823	0.01205	0.05299	0.00834	0.06610	0.03746	0.01182	0.00682	0.00765	0.00583	0.00389	0.00309	0.00101	0.00486	0.00259	0.00208	0.00569
2	0.01551	0.12893	0.01410	0.00944	0.01288	0.01370	0.00798	0.69886	0.01843	0.02448	0.00962	0.00974	0.00699	0.00490	0.00404	0.00123	0.00466	0.00361	0.00392	0.00699
3	0.04291	0.28268	0.14408	0.00929	0.01312	0.06711	0.00892	0.35078	0.01369	0.01801	0.00805	0.00866	0.00617	0.00438	0.00365	0.00116	0.00504	0.00310	0.00290	0.00628
4	0.01485	0.10298	0.06839	0.00951	0.01302	0.03616	0.00832	0.54618	0.07875	0.06430	0.01036	0.01035	0.00748	0.00492	0.00407	0.00125	0.00471	0.00368	0.00383	0.00688
5	0.01400	0.23703	0.10997	0.00993	0.04316	0.08029	0.00881	0.34993	0.01407	0.08061	0.00890	0.00930	0.00664	0.00450	0.00379	0.00118	0.00501	0.00328	0.00315	0.00645
6	0.03348	0.11117	0.09579	0.00933	0.01281	0.04085	0.00843	0.47133	0.01553	0.05005	0.01032	0.01254	0.00813	0.00523	0.00409	0.00127	0.00475	0.06445	0.00356	0.03689

[dist]
# distance from previous block
# <min> <max>
21	65

[block]
# block no. 2 follows, 62 sequences, length 10
# corresponding to MSA columns:
# 747-756
name=unknown_C
#
# <colnr> <probs for GDERKNQSTAVLIFYWHMCP>
#	G	D	E	R	K	N	Q	S	T	A	V	L	I	F	Y	W	H	M	C	P
0	0.04749	0.25609	0.06233	0.00901	0.01258	0.03613	0.00812	0.45950	0.01516	0.04193	0.00873	0.00908	0.00656	0.00456	0.00373	0.00117	0.00474	0.00326	0.00332	0.00650
1	0.01482	0.15781	0.07072	0.00952	0.01316	0.01360	0.00848	0.61718	0.01728	0.02299	0.00930	0.00955	0.00680	0.00478	0.00398	0.00122	0.00477	0.00351	0.00367	0.00686
2	0.03172	0.24351	0.04325	0.00894	0.01233	0.06331	0.00787	0.44715	0.01525	0.04246	0.03878	0.00993	0.00783	0.00474	0.00380	0.00117	0.00473	0.00344	0.00339	0.00640
3	0.03872	0.05802	0.07689	0.00971	0.01323	0.07809	0.00847	0.57942	0.01715	0.06445	0.00972	0.00987	0.00696	0.00487	0.00408	0.00125	0.00495	0.00359	0.00378	0.00681
4	0.06092	0.28992	0.10264	0.00904	0.01273	0.05166	0.00845	0.38242	0.01403	0.01868	0.00812	0.00867	0.00623	0.00441	0.00362	0.00116	0.00487	0.00311	0.00301	0.00630
5	0.01544	0.06361	0.06028	0.00977	0.01336	0.01323	0.00848	0.71549	0.01868	0.02503	0.00981	0.00994	0.00702	0.00496	0.00415	0.00126	0.00477	0.00370	0.00397	0.00707
6	0.01218	0.61861	0.11220	0.00848	0.01240	0.01562	0.00852	0.14178	0.01076	0.01348	0.00718	0.00814	0.00609	0.00417	0.00329	0.00109	0.00489	0.00275	0.00234	0.00603
7	0.01587	0.06499	0.01337	0.00963	0.01305	0.01343	0.00804	0.75944	0.01929	0.02576	0.00994	0.01000	0.00712	0.00502	0.00416	0.00125	0.00467	0.00373	0.00410	0.00712
8	0.01290	0.39285	0.11915	0.00896	0.01277	0.03796	0.00865	0.30755	0.03353	0.01686	0.00803	0.00860	0.00630	0.00431	0.00353	0.00112	0.00488	0.00304	0.00279	0.00624
9	0.01521	0.06856	0.03046	0.00991	0.02865	0.01295	0.00821	0.63414	0.04949	0.05343	0.01018	0.01031	0.00735	0.00508	0.00451	0.00128	0.03557	0.00376	0.00395	0.00697

[dist]
# distance from previous block
# <min> <max>
15	57

[block]
# block no. 3 follows, 62 sequences, length 89
# corresponding to MSA columns:
# 837-925
name=unknown_D
#
# <colnr> <probs for GDERKNQSTAVLIFYWHMCP>
#	G	D	E	R	K	N	Q	S	T	A	V	L	I	F	Y	W	H	M	C	P
0	0.02697	0.04663	0.07839	0.00945	0.04060	0.05929	0.00787	0.33831	0.13097	0.05986	0.05816	0.01345	0.04932	0.00532	0.00415	0.00126	0.00437	0.00417	0.00370	0.05777
1	0.03367	0.12782	0.08147	0.01010	0.07164	0.06459	0.02977	0.21438	0.07841	0.07742	0.02075	0.03335	0.00833	0.01778	0.00416	0.00122	0.00458	0.00374	0.00316	0.11366
2	0.02550	0.09924	0.09566	0.03970	0.10296	0.05187	0.00847	0.19354	0.10062	0.06343	0.07731	0.01245	0.01023	0.01845	0.00428	0.00125	0.00446	0.00389	0.00322	0.08349
3	0.06528	0.06555	0.09636	0.05046	0.02626	0.05289	0.05095	0.18171	0.06087	0.06540	0.05865	0.02242	0.00919	0.00465	0.00391	0.00117	0.00447	0.00375	0.00312	0.17294
4	0.06442	0.02616	0.11200	0.01169	0.11929	0.14908	0.02972	0.20030	0.08848	0.03659	0.02302	0.02537	0.03996	0.00534	0.01393	0.00135	0.01623	0.00396	0.01459	0.01852
5	0.01166	0.02200	0.06785	0.05591	0.06873	0.11734	0.02707	0.21332	0.06083	0.02990	0.05102	0.02385	0.02026	0.00559	0.02942	0.00133	0.00492	0.00385	0.00308	0.18208
6	0.08333	0.09378	0.07473	0.02408	0.11677	0.04290	0.04717	0.13818	0.04331	0.07289	0.03638	0.03323	0.07471	0.00510	0.00397	0.00122	0.00436	0.00417	0.00306	0.09665
7	0.04690	0.06126	0.06408	0.10027	0.12394	0.05670	0.02003	0.20000	0.04933	0.05891	0.03924	0.05252	0.00933	0.02541	0.00462	0.00133	0.01504	0.00416	0.00307	0.06385
8	0.01100	0.10255	0.11375	0.01177	0.13890	0.10562	0.03795	0.10453	0.08105	0.03901	0.03580	0.09094	0.01014	0.00594	0.02437	0.00138	0.00497	0.00442	0.00288	0.07305
9	0.02372	0.07003	0.06822	0.03807	0.32265	0.04320	0.00979	0.12582	0.02202	0.09194	0.02946	0.01231	0.04852	0.00465	0.00418	0.00123	0.01480	0.00391	0.00288	0.06259
10	0.04490	0.07707	0.07040	0.04316	0.08282	0.02785	0.01759	0.09533	0.01972	0.07265	0.05003	0.17978	0.11333	0.00731	0.00458	0.00138	0.01880	0.02931	0.00332	0.04067
11	0.03586	0.01886	0.01013	0.04921	0.02210	0.10621	0.03646	0.14416	0.03373	0.11492	0.03992	0.05818	0.13530	0.03102	0.01780	0.00149	0.05869	0.01536	0.00343	0.06715
12	0.04571	0.00743	0.02762	0.00736	0.04882	0.03113	0.00558	0.09949	0.03174	0.15610	0.02485	0.05279	0.34437	0.00743	0.00443	0.00130	0.00328	0.00610	0.00383	0.09062
13	0.03325	0.03102	0.07569	0.00864	0.04269	0.00843	0.00717	0.19924	0.03185	0.17750	0.03692	0.05378	0.04285	0.00593	0.02334	0.00132	0.01897	0.00428	0.00360	0.19355
14	0.04167	0.03384	0.07039	0.00779	0.01069	0.00760	0.00670	0.12099	0.06203	0.38469	0.04532	0.12538	0.02386	0.02009	0.00462	0.00140	0.00373	0.00528	0.00433	0.01962
15	0.29082	0.03851	0.11924	0.00769	0.01108	0.00864	0.03227	0.06069	0.04248	0.12332	0.02184	0.02538	0.02040	0.00531	0.02845	0.00137	0.00416	0.00342	0.00304	0.15189
16	0.01022	0.03730	0.27779	0.00997	0.04433	0.01924	0.02463	0.15080	0.09816	0.03521	0.09478	0.01382	0.04601	0.00508	0.00413	0.00124	0.00456	0.00414	0.00308	0.11550
17	0.01144	0.35007	0.10698	0.00827	0.01203	0.03169	0.03573	0.02934	0.08538	0.10499	0.00948	0.00993	0.01952	0.00413	0.00345	0.00104	0.00440	0.00312	0.00267	0.16632
18	0.02345	0.03934	0.45794	0.01104	0.03393	0.05935	0.05086	0.04613	0.05333	0.03788	0.02976	0.04312	0.00816	0.02413	0.00448	0.00135	0.00548	0.00383	0.00242	0.06400
19	0.00684	0.00676	0.06611	0.00656	0.00795	0.05492	0.00522	0.04064	0.00984	0.01299	0.16244	0.41803	0.12251	0.01015	0.00495	0.00149	0.00307	0.00891	0.00376	0.04687
20	0.03244	0.00994	0.03496	0.10842	0.52592	0.00978	0.08654	0.04511	0.00985	0.01411	0.00851	0.03715	0.00720	0.00416	0.00424	0.00128	0.00511	0.00406	0.00226	0.04897
21	0.00974	0.04455	0.29103	0.01083	0.08200	0.04894	0.04273	0.01314	0.04227	0.03776	0.00823	0.00946	0.00636	0.00378	0.00372	0.00105	0.00484	0.00309	0.00234	0.33415
22	0.78132	0.04291	0.00772	0.00717	0.06802	0.00988	0.00534	0.01256	0.00748	0.01834	0.00608	0.00717	0.00480	0.00393	0.00275	0.00130	0.00347	0.00241	0.00256	0.00480
23	0.05098	0.01132	0.05553	0.01709	0.10536	0.01021	0.59239	0.01329	0.00974	0.01393	0.00830	0.01086	0.00634	0.00361	0.00464	0.00135	0.00642	0.00450	0.00218	0.07196
24	0.00850	0.00782	0.01261	0.72092	0.05100	0.00935	0.01121	0.04359	0.00904	0.01183	0.00768	0.01109	0.00581	0.00419	0.00417	0.00135	0.00543	0.00369	0.00204	0.06868
25	0.01064	0.02627	0.04441	0.09402	0.50479	0.09560	0.02346	0.01290	0.00936	0.01269	0.00745	0.01004	0.00628	0.00439	0.00548	0.00134	0.11916	0.00364	0.00205	0.00604
26	0.00900	0.00883	0.01241	0.04461	0.01148	0.01220	0.00895	0.00998	0.00659	0.01016	0.00624	0.01053	0.00623	0.04793	0.04268	0.00212	0.73975	0.00387	0.00191	0.00453
27	0.00619	0.00413	0.00464	0.00464	0.00464	0.00413	0.00258	0.00619	0.00619	0.00825	0.01341	0.02785	0.01547	0.85046	0.02166	0.00413	0.00413	0.00619	0.00258	0.00258
28	0.01618	0.01192	0.01277	0.00979	0.01320	0.01320	0.00809	0.80973	0.02001	0.02682	0.01022	0.01022	0.00724	0.00511	0.00426	0.00128	0.00468	0.00383	0.00426	0.00724
29	0.00804	0.00756	0.01276	0.84023	0.02931	0.00945	0.01182	0.01087	0.00851	0.01087	0.00756	0.01134	0.00567	0.00425	0.00425	0.00142	0.00567	0.00378	0.00189	0.00473
30	0.00518	0.00432	0.00453	0.00447	0.00584	0.00366	0.00335	0.00641	0.01006	0.01236	0.16441	0.03952	0.70034	0.01045	0.00503	0.00142	0.00213	0.00878	0.00407	0.00366
31	0.01098	0.53880	0.25164	0.00900	0.01327	0.09018	0.00978	0.01334	0.00906	0.01104	0.00647	0.00752	0.00544	0.00382	0.00321	0.00105	0.00534	0.00257	0.00185	0.00565
32	0.00843	0.00781	0.01277	0.73830	0.06308	0.00941	0.01143	0.03495	0.00892	0.01163	0.00766	0.01115	0.00580	0.00421	0.00420	0.00137	0.00549	0.00372	0.00200	0.04767
33	0.01373	0.04558	0.15678	0.01116	0.08073	0.02285	0.00951	0.40298	0.11203	0.08595	0.01075	0.01088	0.00774	0.00484	0.00416	0.00129	0.00479	0.00379	0.00361	0.00687
34	0.01086	0.06072	0.03330	0.02329	0.68536	0.02369	0.02647	0.01362	0.03334	0.03663	0.00838	0.01052	0.00690	0.00389	0.00413	0.00125	0.00504	0.00374	0.00224	0.00662
35	0.00531	0.00431	0.00471	0.00463	0.00593	0.00371	0.00346	0.00665	0.01034	0.01306	0.26309	0.05051	0.58896	0.01023	0.00503	0.00141	0.00212	0.00866	0.00416	0.00371
36	0.04818	0.01123	0.01250	0.01039	0.04743	0.05502	0.04927	0.48447	0.12290	0.07257	0.03540	0.01169	0.00894	0.00510	0.00424	0.00130	0.00461	0.00405	0.00397	0.00675
37	0.00619	0.00413	0.00464	0.00464	0.00464	0.00413	0.00258	0.00619	0.00619	0.00825	0.01341	0.02785	0.01547	0.85046	0.02166	0.00413	0.00413	0.00619	0.00258	0.00258
38	0.00878	0.02062	0.75932	0.01164	0.01756	0.00947	0.01481	0.01346	0.00925	0.04218	0.04791	0.01030	0.00728	0.00431	0.00410	0.00135	0.00598	0.00341	0.00206	0.00621
39	0.02848	0.39481	0.01602	0.00812	0.01120	0.12208	0.00718	0.02621	0.01020	0.26831	0.00947	0.00956	0.00708	0.00453	0.00412	0.00114	0.05947	0.00309	0.00301	0.00591
40	0.04008	0.00993	0.10931	0.09922	0.02739	0.05531	0.15146	0.07026	0.00902	0.01241	0.02866	0.01155	0.00737	0.00802	0.02846	0.24809	0.04229	0.00387	0.00224	0.03505
41	0.01196	0.06041	0.21743	0.00867	0.01219	0.00859	0.00852	0.03510	0.19447	0.24620	0.13716	0.01551	0.01396	0.00550	0.00425	0.00133	0.00407	0.00451	0.00386	0.00629
42	0.00520	0.00372	0.00496	0.00591	0.00618	0.00347	0.00395	0.00598	0.00824	0.01101	0.04297	0.82773	0.02844	0.01322	0.00542	0.00172	0.00246	0.01199	0.00397	0.00347
43	0.00989	0.00871	0.01245	0.04014	0.05315	0.00935	0.15843	0.01741	0.42958	0.03847	0.03629	0.04542	0.01369	0.00624	0.00469	0.00150	0.00426	0.10067	0.00370	0.00598
44	0.01153	0.82381	0.02194	0.00741	0.01100	0.04548	0.00731	0.01289	0.00877	0.01003	0.00594	0.00686	0.00546	0.00367	0.00277	0.00092	0.00466	0.00229	0.00183	0.00544
45	0.01589	0.02028	0.01206	0.01096	0.01315	0.83338	0.00822	0.01699	0.01206	0.01041	0.00658	0.00767	0.00548	0.00438	0.00384	0.00110	0.00767	0.00274	0.00219	0.00493
46	0.06268	0.00909	0.00968	0.00861	0.01107	0.01045	0.01969	0.02183	0.74178	0.03085	0.01649	0.01525	0.01234	0.00562	0.00424	0.00143	0.00343	0.00466	0.00421	0.00660
47	0.00608	0.00456	0.00684	0.00684	0.00760	0.00532	0.00532	0.00760	0.00684	0.00988	0.01140	0.01672	0.01064	0.03191	0.83360	0.00684	0.01140	0.00456	0.00228	0.00380
48	0.01044	0.01021	0.01801	0.03834	0.72869	0.01017	0.09487	0.01308	0.00971	0.01382	0.00806	0.01064	0.00669	0.00378	0.00430	0.00128	0.00528	0.00392	0.00211	0.00660
49	0.88052	0.00823	0.00625	0.00560	0.00823	0.00955	0.00461	0.01251	0.00724	0.01909	0.00592	0.00691	0.00461	0.00395	0.00263	0.00132	0.00329	0.00230	0.00263	0.00461
50	0.01764	0.00718	0.00998	0.04205	0.03578	0.00637	0.00656	0.01938	0.01195	0.72311	0.06184	0.01522	0.01190	0.00538	0.00432	0.00132	0.00366	0.00444	0.00500	0.00694
51	0.01909	0.00724	0.00987	0.00757	0.01086	0.00625	0.00625	0.02074	0.01218	0.82687	0.01679	0.01448	0.01053	0.00527	0.00428	0.00132	0.00362	0.00428	0.00527	0.00724
52	0.88052	0.00823	0.00625	0.00560	0.00823	0.00955	0.00461	0.01251	0.00724	0.01909	0.00592	0.00691	0.00461	0.00395	0.00263	0.00132	0.00329	0.00230	0.00263	0.00461
53	0.01083	0.00939	0.00975	0.00873	0.01116	0.02266	0.00680	0.04644	0.78032	0.01797	0.01695	0.01558	0.01270	0.00573	0.00432	0.00143	0.00347	0.00475	0.00430	0.00672
54	0.00739	0.00370	0.00554	0.00554	0.00554	0.00370	0.00370	0.00554	0.00554	0.00739	0.00739	0.01293	0.00739	0.01478	0.01663	0.87620	0.00370	0.00370	0.00185	0.00185
55	0.88052	0.00823	0.00625	0.00560	0.00823	0.00955	0.00461	0.01251	0.00724	0.01909	0.00592	0.00691	0.00461	0.00395	0.00263	0.00132	0.00329	0.00230	0.00263	0.00461
56	0.00859	0.02162	0.79833	0.01235	0.01856	0.00991	0.04541	0.01348	0.00902	0.01348	0.00767	0.00908	0.00543	0.00403	0.00408	0.00135	0.00632	0.00321	0.00181	0.00627
57	0.03006	0.00750	0.01158	0.04559	0.23486	0.02611	0.08289	0.01104	0.02019	0.04637	0.02905	0.08316	0.07575	0.00780	0.00496	0.00157	0.00439	0.26891	0.00318	0.00505
58	0.01909	0.00724	0.00987	0.00757	0.01086	0.00625	0.00625	0.02074	0.01218	0.82687	0.01679	0.01448	0.01053	0.00527	0.00428	0.00132	0.00362	0.00428	0.00527	0.00724
59	0.01591	0.01969	0.01211	0.01088	0.01316	0.77558	0.00821	0.07286	0.01262	0.01157	0.00683	0.00785	0.00560	0.00444	0.00387	0.00111	0.00746	0.00282	0.00234	0.00510
60	0.04664	0.24991	0.39787	0.01053	0.01521	0.01233	0.02396	0.07438	0.04433	0.01502	0.02893	0.01208	0.03945	0.00521	0.00422	0.00144	0.00555	0.00374	0.00269	0.00649
61	0.00986	0.00934	0.01579	0.12526	0.66053	0.00954	0.01219	0.01239	0.00973	0.01378	0.07265	0.01232	0.00926	0.00424	0.00428	0.00129	0.00489	0.00410	0.00228	0.00627
62	0.00518	0.00370	0.00494	0.00592	0.00617	0.00346	0.00395	0.00592	0.00815	0.01086	0.02345	0.84768	0.02814	0.01333	0.00543	0.00173	0.00247	0.01210	0.00395	0.00346
63	0.42191	0.00899	0.00851	0.00782	0.01011	0.03052	0.00625	0.16320	0.02195	0.01931	0.01288	0.10270	0.01235	0.00734	0.00439	0.00167	0.00410	0.14678	0.00371	0.00551
64	0.00969	0.00886	0.01631	0.37365	0.15860	0.00940	0.22847	0.01251	0.00942	0.07069	0.00943	0.03396	0.00754	0.00452	0.00454	0.00141	0.00570	0.02750	0.00235	0.00547
65	0.00602	0.00435	0.00569	0.00535	0.00636	0.00401	0.00401	0.00803	0.01204	0.01706	0.82167	0.03178	0.04015	0.00870	0.00502	0.00134	0.00201	0.00770	0.00468	0.00401
66	0.00836	0.00789	0.01334	0.73554	0.13149	0.00954	0.01198	0.01115	0.00866	0.01126	0.00762	0.01124	0.00581	0.00419	0.00425	0.00140	0.00559	0.00378	0.00192	0.00499
67	0.88052	0.00823	0.00625	0.00560	0.00823	0.00955	0.00461	0.01251	0.00724	0.01909	0.00592	0.00691	0.00461	0.00395	0.00263	0.00132	0.00329	0.00230	0.00263	0.00461
68	0.01046	0.01004	0.01714	0.05003	0.80058	0.01009	0.01302	0.01299	0.00965	0.01381	0.00799	0.01056	0.00671	0.00380	0.00421	0.00127	0.00507	0.00379	0.00210	0.00668
69	0.06045	0.78028	0.04560	0.00733	0.01099	0.01622	0.00738	0.01275	0.00858	0.01063	0.00597	0.00690	0.00541	0.00367	0.00276	0.00095	0.00453	0.00230	0.00187	0.00544
70	0.00619	0.00413	0.00464	0.00464	0.00464	0.00413	0.00258	0.00619	0.00619	0.00825	0.01341	0.02785	0.01547	0.85046	0.02166	0.00413	0.00413	0.00619	0.00258	0.00258
71	0.01033	0.00904	0.00934	0.00843	0.01070	0.03470	0.00653	0.02112	0.71931	0.01751	0.08979	0.01707	0.01522	0.00600	0.00438	0.00142	0.00337	0.00501	0.00430	0.00643
72	0.01053	0.01011	0.01727	0.02612	0.82392	0.01011	0.01306	0.01306	0.00969	0.01390	0.00800	0.01053	0.00674	0.00379	0.00421	0.00126	0.00505	0.00379	0.00211	0.00674
73	0.16632	0.01818	0.01105	0.01003	0.01230	0.69005	0.00759	0.01621	0.01122	0.01192	0.00646	0.00754	0.00533	0.00431	0.00363	0.00113	0.00691	0.00266	0.00227	0.00488
74	0.01053	0.01011	0.01727	0.02612	0.82392	0.01011	0.01306	0.01306	0.00969	0.01390	0.00800	0.01053	0.00674	0.00379	0.00421	0.00126	0.00505	0.00379	0.00211	0.00674
75	0.01589	0.02028	0.01206	0.01096	0.01315	0.83338	0.00822	0.01699	0.01206	0.01041	0.00658	0.00767	0.00548	0.00438	0.00384	0.00110	0.00767	0.00274	0.00219	0.00493
76	0.01053	0.01011	0.01727	0.02612	0.82392	0.01011	0.01306	0.01306	0.00969	0.01390	0.00800	0.01053	0.00674	0.00379	0.00421	0.00126	0.00505	0.00379	0.00211	0.00674
77	0.00671	0.00479	0.00669	0.00767	0.00858	0.00477	0.00660	0.00856	0.00965	0.01257	0.02261	0.11795	0.02481	0.01189	0.00584	0.00194	0.00379	0.72677	0.00392	0.00388
78	0.01053	0.01011	0.01727	0.02612	0.82392	0.01011	0.01306	0.01306	0.00969	0.01390	0.00800	0.01053	0.00674	0.00379	0.00421	0.00126	0.00505	0.00379	0.00211	0.00674
79	0.00864	0.00818	0.01386	0.64282	0.22199	0.00961	0.01212	0.01140	0.00879	0.01161	0.00767	0.01115	0.00593	0.00414	0.00424	0.00138	0.00552	0.00378	0.00194	0.00521
80	0.88052	0.00823	0.00625	0.00560	0.00823	0.00955	0.00461	0.01251	0.00724	0.01909	0.00592	0.00691	0.00461	0.00395	0.00263	0.00132	0.00329	0.00230	0.00263	0.00461
81	0.10428	0.01098	0.01176	0.00910	0.01241	0.01198	0.00751	0.63325	0.01776	0.12291	0.01058	0.01040	0.00737	0.00501	0.00409	0.00129	0.00441	0.00373	0.00421	0.00697
82	0.00608	0.00456	0.00684	0.00684	0.00760	0.00532	0.00532	0.00760	0.00684	0.00988	0.01140	0.01672	0.01064	0.03191	0.83360	0.00684	0.01140	0.00456	0.00228	0.00380
83	0.00841	0.00795	0.01344	0.71771	0.14890	0.00955	0.01200	0.01120	0.00869	0.01133	0.00763	0.01122	0.00583	0.00418	0.00425	0.00139	0.00558	0.00378	0.00192	0.00503
84	0.88052	0.00823	0.00625	0.00560	0.00823	0.00955	0.00461	0.01251	0.00724	0.01909	0.00592	0.00691	0.00461	0.00395	0.00263	0.00132	0.00329	0.00230	0.00263	0.00461
85	0.83786	0.04969	0.00704	0.00568	0.00836	0.00990	0.00474	0.01252	0.00731	0.01865	0.00592	0.00691	0.00465	0.00393	0.00264	0.00130	0.00335	0.00230	0.00259	0.00465
86	0.01506	0.01178	0.01212	0.00963	0.01278	0.05294	0.00783	0.61650	0.17573	0.02424	0.01143	0.01120	0.00828	0.00520	0.00425	0.00130	0.00457	0.00397	0.00417	0.00702
87	0.00522	0.00447	0.00453	0.00441	0.00596	0.00369	0.00332	0.00633	0.00966	0.01161	0.04136	0.03937	0.78215	0.01040	0.00494	0.00140	0.00220	0.00866	0.00388	0.04643
88	0.04589	0.00905	0.00916	0.00828	0.01062	0.03207	0.00643	0.02084	0.70260	0.01719	0.01845	0.01712	0.07166	0.00603	0.00430	0.00143	0.00339	0.00496	0.00418	0.00637

[dist]
# distance from previous block
# <min> <max>
0	12

[block]
# block no. 4 follows, 62 sequences, length 10
# corresponding to MSA columns:
# 938-947
name=unknown_E
#
# <colnr> <probs for GDERKNQSTAVLIFYWHMCP>
#	G	D	E	R	K	N	Q	S	T	A	V	L	I	F	Y	W	H	M	C	P
0	0.00617	0.00469	0.00584	0.00671	0.00727	0.03082	0.00507	0.00733	0.00877	0.01140	0.02212	0.49712	0.02553	0.05033	0.00627	0.00190	0.00323	0.29197	0.00382	0.00363
1	0.08013	0.07962	0.06544	0.00793	0.01133	0.03081	0.00696	0.10437	0.03833	0.27889	0.01081	0.01074	0.00769	0.00452	0.00414	0.00114	0.03920	0.00338	0.00353	0.21105
2	0.01455	0.01291	0.01162	0.00956	0.01236	0.20499	0.00762	0.45305	0.12613	0.02096	0.07398	0.01208	0.01019	0.00531	0.00423	0.00126	0.00500	0.00401	0.00381	0.00637
3	0.67464	0.00731	0.00580	0.00529	0.00765	0.00815	0.00428	0.01100	0.00782	0.01730	0.01467	0.01492	0.19687	0.00556	0.00320	0.00134	0.00302	0.00387	0.00294	0.00437
4	0.01445	0.01089	0.01184	0.00897	0.01246	0.01143	0.00737	0.62184	0.01738	0.02377	0.00959	0.00989	0.00702	0.00465	0.00400	0.00112	0.00432	0.00352	0.00385	0.21164
5	0.00609	0.00453	0.00670	0.00670	0.00741	0.00524	0.00515	0.00751	0.00680	0.00978	0.01152	0.01741	0.01094	0.08272	0.78320	0.00667	0.01095	0.00466	0.00230	0.00372
6	0.01053	0.01011	0.01727	0.02612	0.82392	0.01011	0.01306	0.01306	0.00969	0.01390	0.00800	0.01053	0.00674	0.00379	0.00421	0.00126	0.00505	0.00379	0.00211	0.00674
7	0.00595	0.00403	0.00471	0.00494	0.00500	0.00397	0.00290	0.00613	0.00665	0.00886	0.01577	0.22064	0.01845	0.65360	0.01784	0.00356	0.00374	0.00758	0.00290	0.00278
8	0.00926	0.00847	0.03363	0.01223	0.18599	0.00860	0.07710	0.03421	0.28954	0.01419	0.03493	0.04655	0.01256	0.20407	0.00849	0.00203	0.00429	0.00520	0.00317	0.00548
9	0.01102	0.60621	0.06624	0.00789	0.01139	0.01496	0.00764	0.01510	0.19858	0.01204	0.00870	0.00908	0.00723	0.00417	0.00318	0.00106	0.00437	0.00292	0.00241	0.00581

[dist]
# distance from previous block
# <min> <max>
0	496

# created by:
# /st0/software/busco_prod/Augustus/scripts/msa2prfl.pl ./align_prep/41002.fa
