[name]
unknown

[dist]
# distance from previous block
# <min> <max>
0	90

[block]
# block no. 0 follows, 70 sequences, length 14
# corresponding to MSA columns:
# 94-107
name=unknown_A
#
# <colnr> <probs for GDERKNQSTAVLIFYWHMCP>
#	G	D	E	R	K	N	Q	S	T	A	V	L	I	F	Y	W	H	M	C	P
0	0.00506	0.00375	0.00478	0.00517	0.00582	0.00347	0.00370	0.00611	0.00834	0.01115	0.18383	0.44612	0.15423	0.03301	0.04353	0.00172	0.00261	0.05299	0.00360	0.02101
1	0.01118	0.03982	0.01012	0.00862	0.03710	0.03850	0.00665	0.19889	0.54458	0.04115	0.01336	0.01258	0.00995	0.00494	0.00386	0.00124	0.00356	0.00400	0.00374	0.00615
2	0.01097	0.01122	0.21862	0.01026	0.05921	0.02200	0.12288	0.10718	0.05815	0.19293	0.05559	0.01207	0.03192	0.00441	0.00392	0.00118	0.00444	0.00385	0.00302	0.06619
3	0.02597	0.29979	0.25175	0.01033	0.01438	0.02389	0.20234	0.04525	0.02515	0.05594	0.00731	0.00845	0.00560	0.00359	0.00349	0.00111	0.00512	0.00309	0.00204	0.00540
4	0.04015	0.15903	0.07348	0.00838	0.03539	0.00967	0.04629	0.21342	0.03741	0.01442	0.05156	0.08222	0.05701	0.00775	0.08379	0.00168	0.06625	0.00435	0.00277	0.00498
5	0.00474	0.00354	0.00433	0.00494	0.00543	0.00322	0.00335	0.00546	0.00768	0.00990	0.02550	0.59297	0.23820	0.06445	0.00577	0.00164	0.00227	0.00994	0.00352	0.00313
6	0.00882	0.09170	0.14005	0.17733	0.26265	0.00957	0.08416	0.05186	0.02687	0.01206	0.00819	0.01029	0.02615	0.00512	0.04456	0.00144	0.02840	0.00350	0.00200	0.00530
7	0.01118	0.20196	0.08464	0.01011	0.05757	0.04465	0.15299	0.11549	0.08167	0.13139	0.01052	0.03650	0.03543	0.00441	0.00372	0.00115	0.00452	0.00379	0.00279	0.00555
8	0.00730	0.00662	0.01000	0.11603	0.33978	0.00670	0.00776	0.00967	0.05968	0.01199	0.08340	0.08136	0.23135	0.00630	0.00419	0.00126	0.00348	0.00561	0.00278	0.00474
9	0.00463	0.00375	0.00411	0.00440	0.00536	0.00323	0.00316	0.00551	0.00838	0.01029	0.03351	0.30257	0.57645	0.01057	0.00470	0.00139	0.00206	0.00910	0.00360	0.00323
10	0.01017	0.01035	0.12211	0.11410	0.18228	0.04319	0.13556	0.08928	0.05352	0.09917	0.00966	0.02066	0.02067	0.03324	0.00475	0.00133	0.02726	0.01470	0.00254	0.00546
11	0.01067	0.06510	0.36726	0.01045	0.04428	0.06414	0.07391	0.06483	0.05636	0.15167	0.02461	0.00989	0.00693	0.00415	0.00401	0.00120	0.02894	0.00334	0.00255	0.00572
12	0.02746	0.02786	0.07056	0.36921	0.05338	0.05157	0.06260	0.06215	0.05792	0.12612	0.03524	0.01096	0.00730	0.00422	0.00398	0.00124	0.01697	0.00361	0.00253	0.00511
13	0.00481	0.00365	0.00444	0.00492	0.00559	0.00329	0.00348	0.00574	0.00831	0.01075	0.11661	0.47986	0.28764	0.01089	0.00480	0.00146	0.00215	0.03466	0.00367	0.00326

[dist]
# distance from previous block
# <min> <max>
2	4

[block]
# block no. 1 follows, 70 sequences, length 66
# corresponding to MSA columns:
# 112-177
name=unknown_B
#
# <colnr> <probs for GDERKNQSTAVLIFYWHMCP>
#	G	D	E	R	K	N	Q	S	T	A	V	L	I	F	Y	W	H	M	C	P
0	0.00846	0.05726	0.02554	0.00769	0.02928	0.05052	0.00610	0.10307	0.12099	0.02272	0.03374	0.01334	0.02489	0.01520	0.36013	0.00333	0.07600	0.00391	0.01998	0.01784
1	0.00912	0.01152	0.11303	0.01043	0.01264	0.20397	0.19346	0.01128	0.03363	0.01079	0.01089	0.16967	0.04253	0.00604	0.00558	0.00134	0.14221	0.00504	0.00232	0.00452
2	0.00797	0.00509	0.00622	0.00556	0.00704	0.00493	0.00428	0.02587	0.12803	0.13835	0.48261	0.02465	0.10293	0.01696	0.00451	0.00126	0.00230	0.00614	0.02083	0.00445
3	0.00622	0.00715	0.08487	0.00818	0.01043	0.00575	0.22120	0.00810	0.00852	0.01096	0.02427	0.08401	0.41529	0.02236	0.04810	0.00162	0.01947	0.00662	0.00286	0.00401
4	0.00565	0.00405	0.00494	0.00466	0.00578	0.00362	0.00352	0.00721	0.01033	0.04476	0.56370	0.03092	0.27977	0.00839	0.00455	0.00125	0.00192	0.00725	0.00408	0.00365
5	0.00862	0.02532	0.25252	0.00950	0.01278	0.02430	0.10582	0.01532	0.36983	0.01393	0.04744	0.03310	0.03841	0.00504	0.00401	0.00129	0.00424	0.02004	0.00295	0.00554
6	0.01036	0.86609	0.02032	0.00663	0.00995	0.01534	0.00663	0.01161	0.00788	0.00912	0.00539	0.00622	0.00498	0.00332	0.00249	0.00083	0.00415	0.00207	0.00166	0.00498
7	0.00782	0.00585	0.00693	0.00686	0.00829	0.00618	0.00550	0.04631	0.27194	0.05121	0.05211	0.14480	0.08335	0.00847	0.00463	0.00149	0.00305	0.27685	0.00379	0.00457
8	0.01474	0.01086	0.01163	0.00892	0.01202	0.01202	0.00737	0.82664	0.01823	0.02443	0.00931	0.00931	0.00659	0.00465	0.00388	0.00116	0.00427	0.00349	0.00388	0.00659
9	0.45064	0.00974	0.00760	0.00672	0.00894	0.21073	0.00533	0.02881	0.00846	0.12702	0.00749	0.00840	0.00575	0.00655	0.09149	0.00168	0.00480	0.00268	0.00262	0.00457
10	0.89114	0.00750	0.00570	0.00510	0.00750	0.00870	0.00420	0.01140	0.00660	0.01739	0.00540	0.00630	0.00420	0.00360	0.00240	0.00120	0.00300	0.00210	0.00240	0.00420
11	0.00723	0.00361	0.00361	0.00361	0.00452	0.00361	0.00271	0.00903	0.00813	0.01445	0.01265	0.01445	0.00994	0.00452	0.00271	0.00090	0.00181	0.00361	0.88528	0.00361
12	0.89114	0.00750	0.00570	0.00510	0.00750	0.00870	0.00420	0.01140	0.00660	0.01739	0.00540	0.00630	0.00420	0.00360	0.00240	0.00120	0.00300	0.00210	0.00240	0.00420
13	0.00873	0.00974	0.02092	0.01547	0.03938	0.00915	0.72572	0.01173	0.00898	0.01218	0.00914	0.09260	0.00780	0.00413	0.00459	0.00133	0.00607	0.00517	0.00212	0.00505
14	0.01588	0.00977	0.01041	0.00814	0.01108	0.09463	0.00665	0.38902	0.01436	0.38213	0.01160	0.01078	0.00775	0.00465	0.00385	0.00116	0.00412	0.00357	0.00409	0.00638
15	0.00560	0.00378	0.00429	0.00429	0.00437	0.00378	0.00246	0.00568	0.00577	0.00768	0.01310	0.02540	0.04287	0.80207	0.05065	0.00377	0.00395	0.00567	0.00238	0.00242
16	0.01223	0.34564	0.18754	0.00790	0.01158	0.01037	0.02591	0.01458	0.03415	0.30026	0.00954	0.00940	0.00680	0.00397	0.00332	0.00107	0.00420	0.00300	0.00282	0.00574
17	0.00548	0.00391	0.00486	0.00466	0.00560	0.00359	0.00348	0.00716	0.01033	0.01458	0.63364	0.05419	0.14450	0.00803	0.00443	0.00122	0.00186	0.00701	0.07789	0.00359
18	0.00527	0.00399	0.00464	0.00447	0.00560	0.00350	0.00335	0.00666	0.00987	0.02926	0.41957	0.04948	0.42264	0.00886	0.00457	0.00127	0.00193	0.00760	0.00394	0.00352
19	0.00510	0.00395	0.00465	0.00448	0.00556	0.00349	0.00336	0.00657	0.01007	0.01340	0.49962	0.03249	0.37583	0.00873	0.00458	0.00126	0.00189	0.00751	0.00399	0.00349
20	0.00536	0.00396	0.00501	0.00475	0.00572	0.00361	0.00356	0.00708	0.01068	0.01485	0.72854	0.03010	0.14600	0.00818	0.00457	0.00123	0.00185	0.00717	0.00418	0.00361
21	0.01456	0.01077	0.01154	0.00888	0.01196	0.01194	0.00733	0.79864	0.04652	0.02415	0.00953	0.00949	0.00678	0.00467	0.00388	0.00117	0.00422	0.00352	0.00388	0.00658
22	0.01101	0.42922	0.05316	0.00776	0.01091	0.19183	0.02234	0.06335	0.02251	0.01102	0.00628	0.00716	0.00532	0.00352	0.00297	0.00088	0.00467	0.00241	0.00201	0.14166
23	0.00763	0.00658	0.05368	0.00709	0.03411	0.02297	0.04761	0.04229	0.12567	0.06534	0.17412	0.14513	0.16824	0.02258	0.00505	0.03853	0.00303	0.00631	0.01972	0.00435
24	0.00564	0.00376	0.00423	0.00423	0.00423	0.00376	0.00235	0.00564	0.00564	0.00752	0.01222	0.02537	0.01409	0.86375	0.01973	0.00376	0.00376	0.00564	0.00235	0.00235
25	0.00923	0.00990	0.11637	0.02488	0.21368	0.02339	0.25292	0.03454	0.00937	0.07731	0.09067	0.06484	0.02652	0.00475	0.00439	0.00126	0.02354	0.00464	0.00254	0.00529
26	0.79751	0.00805	0.00664	0.00625	0.04130	0.03799	0.01720	0.02489	0.00707	0.01697	0.00560	0.00657	0.00437	0.00362	0.00255	0.00119	0.00328	0.00223	0.00238	0.00434
27	0.00924	0.00874	0.01482	0.02222	0.76354	0.00874	0.01130	0.01146	0.00879	0.01252	0.00853	0.03756	0.00772	0.00416	0.00396	0.00120	0.00447	0.05306	0.00207	0.00589
28	0.01414	0.01760	0.01084	0.00978	0.01184	0.77293	0.00737	0.03608	0.04597	0.01022	0.00651	0.00739	0.00534	0.00404	0.00351	0.00101	0.00667	0.00260	0.00213	0.02404
29	0.00926	0.00889	0.01467	0.11666	0.68742	0.02382	0.01132	0.01168	0.02246	0.01228	0.00789	0.02899	0.00679	0.00385	0.00389	0.00119	0.00462	0.01653	0.00200	0.00580
30	0.00471	0.00344	0.00443	0.00521	0.00557	0.00316	0.00352	0.00542	0.00760	0.00997	0.02363	0.75734	0.12807	0.01185	0.00490	0.00154	0.00221	0.01066	0.00360	0.00316
31	0.01018	0.00761	0.01312	0.01050	0.01303	0.02607	0.30288	0.03922	0.00980	0.19526	0.01410	0.04373	0.01273	0.00639	0.00465	0.00144	0.00465	0.27644	0.00323	0.00495
32	0.00732	0.00689	0.01163	0.85444	0.02670	0.00861	0.01077	0.00991	0.00775	0.00991	0.00689	0.01034	0.00517	0.00388	0.00388	0.00129	0.00517	0.00345	0.00172	0.00431
33	0.01076	0.00797	0.00963	0.00799	0.00940	0.00956	0.00656	0.27660	0.01079	0.06627	0.00891	0.01048	0.00702	0.00542	0.00689	0.00130	0.32070	0.00351	0.21524	0.00500
34	0.00732	0.00689	0.01163	0.85444	0.02670	0.00861	0.01077	0.00991	0.00775	0.00991	0.00689	0.01034	0.00517	0.00388	0.00388	0.00129	0.00517	0.00345	0.00172	0.00431
35	0.00595	0.00396	0.00513	0.00565	0.00632	0.00374	0.00416	0.00704	0.02315	0.05968	0.02189	0.47503	0.11106	0.06168	0.00596	0.01676	0.00267	0.17316	0.00356	0.00344
36	0.00552	0.00400	0.00505	0.00479	0.00580	0.00364	0.00362	0.00721	0.01060	0.02634	0.68394	0.03033	0.16453	0.00823	0.00458	0.00124	0.00190	0.02088	0.00416	0.00364
37	0.01448	0.01848	0.01099	0.00999	0.01199	0.84819	0.00749	0.01548	0.01099	0.00949	0.00599	0.00699	0.00499	0.00400	0.00350	0.00100	0.00699	0.00250	0.00200	0.00449
38	0.08019	0.01065	0.01249	0.02827	0.33665	0.15511	0.03359	0.11509	0.12772	0.04973	0.00873	0.00974	0.00678	0.00402	0.00371	0.00116	0.00465	0.00337	0.00262	0.00572
39	0.01271	0.00657	0.03597	0.00736	0.03933	0.00562	0.03046	0.03613	0.01920	0.47611	0.03237	0.05371	0.13398	0.00612	0.00411	0.00126	0.00324	0.05419	0.03604	0.00553
40	0.00473	0.00340	0.00450	0.00535	0.00562	0.00316	0.00358	0.00544	0.00752	0.01001	0.03604	0.82607	0.04619	0.01201	0.00493	0.00156	0.00223	0.01088	0.00361	0.00316
41	0.01045	0.00899	0.02469	0.07977	0.58276	0.00905	0.02672	0.07869	0.00965	0.08704	0.00820	0.01001	0.00644	0.00378	0.00402	0.00118	0.02110	0.00351	0.01798	0.00598
42	0.00959	0.20603	0.50035	0.01003	0.03319	0.01013	0.04041	0.02160	0.02099	0.10180	0.00771	0.00851	0.00562	0.00374	0.00348	0.00114	0.00506	0.00290	0.00206	0.00566
43	0.00781	0.03328	0.78819	0.01105	0.01660	0.00904	0.04224	0.01216	0.00822	0.01220	0.00748	0.00870	0.01832	0.00376	0.00371	0.00123	0.00567	0.00300	0.00168	0.00566
44	0.00482	0.00387	0.00432	0.00444	0.00550	0.00337	0.00330	0.00594	0.00900	0.01131	0.17490	0.16234	0.54294	0.00988	0.00467	0.00135	0.00204	0.03897	0.00372	0.00333
45	0.01540	0.00875	0.07964	0.00812	0.02369	0.03422	0.02937	0.10559	0.04124	0.57816	0.01342	0.01256	0.00886	0.00471	0.00391	0.00121	0.00383	0.01680	0.00417	0.00635
46	0.04448	0.02375	0.08976	0.01153	0.01496	0.02037	0.28048	0.20032	0.02972	0.15628	0.04735	0.02275	0.02752	0.00520	0.00460	0.00145	0.00518	0.00454	0.00348	0.00627
47	0.00466	0.00392	0.00406	0.00415	0.00538	0.00332	0.00312	0.00566	0.00876	0.01049	0.03741	0.08707	0.75496	0.01000	0.00464	0.00135	0.00205	0.04216	0.00360	0.00328
48	0.00848	0.00848	0.01187	0.01018	0.01018	0.01187	0.00848	0.00933	0.00594	0.00933	0.00509	0.00848	0.00509	0.00679	0.01272	0.00170	0.85666	0.00339	0.00170	0.00424
49	0.01739	0.00660	0.00900	0.00690	0.00990	0.00570	0.00570	0.01889	0.01110	0.84226	0.01529	0.01320	0.00960	0.00480	0.00390	0.00120	0.00330	0.00390	0.00480	0.00660
50	0.00563	0.00377	0.00427	0.00426	0.00429	0.00375	0.00240	0.00571	0.00586	0.00785	0.04687	0.02552	0.01504	0.82782	0.01910	0.00365	0.00368	0.00570	0.00243	0.00240
51	0.13787	0.00917	0.01002	0.04371	0.01149	0.01036	0.03530	0.32108	0.34488	0.01907	0.01121	0.01104	0.00828	0.00467	0.00372	0.00124	0.00372	0.00369	0.00354	0.00592
52	0.00901	0.00742	0.01312	0.00992	0.01242	0.00720	0.36472	0.08888	0.00975	0.04324	0.04516	0.03418	0.00934	0.00433	0.00382	0.00115	0.00418	0.00436	0.32310	0.00470
53	0.00960	0.00921	0.01574	0.02380	0.83957	0.00921	0.01190	0.01190	0.00883	0.01267	0.00729	0.00960	0.00614	0.00345	0.00384	0.00115	0.00461	0.00345	0.00192	0.00614
54	0.16984	0.06682	0.00661	0.00515	0.00685	0.03537	0.00413	0.08539	0.05125	0.03253	0.05144	0.01235	0.00948	0.00447	0.00295	0.00102	0.00269	0.00339	0.44395	0.00431
55	0.00564	0.00406	0.00551	0.00539	0.00579	0.00435	0.02011	0.00634	0.00601	0.00833	0.01151	0.03859	0.01221	0.45492	0.38949	0.00477	0.00674	0.00507	0.00225	0.00292
56	0.00987	0.00844	0.00890	0.00794	0.01017	0.00975	0.00619	0.05710	0.79570	0.01659	0.01549	0.01423	0.01160	0.00523	0.00394	0.00131	0.00312	0.00434	0.00394	0.00616
57	0.00747	0.00902	0.17985	0.00721	0.01020	0.00621	0.03291	0.02850	0.09167	0.01351	0.17757	0.05810	0.05074	0.00522	0.00378	0.00105	0.00335	0.01398	0.00289	0.29678
58	0.02799	0.14572	0.53109	0.01028	0.03540	0.02200	0.04129	0.03777	0.00879	0.09383	0.00761	0.00848	0.00549	0.00375	0.00354	0.00116	0.00517	0.00292	0.00206	0.00567
59	0.00778	0.02005	0.84367	0.01105	0.01678	0.00900	0.01432	0.01228	0.00818	0.01228	0.00696	0.00818	0.00491	0.00368	0.00368	0.00123	0.00573	0.00286	0.00164	0.00573
60	0.00658	0.00344	0.00502	0.00502	0.00505	0.00347	0.00334	0.00518	0.00515	0.00690	0.00739	0.01318	0.00754	0.09251	0.05056	0.76878	0.00370	0.00361	0.00176	0.00182
61	0.01237	0.03242	0.14680	0.00963	0.05873	0.02134	0.05607	0.30250	0.03414	0.18929	0.02539	0.02945	0.05434	0.00485	0.00392	0.00120	0.00425	0.00398	0.00339	0.00596
62	0.01024	0.01096	0.13669	0.05885	0.39562	0.08650	0.02089	0.02153	0.05912	0.09747	0.02272	0.03110	0.02253	0.00421	0.00386	0.00119	0.00467	0.00372	0.00242	0.00571
63	0.00767	0.00703	0.01219	0.01051	0.07524	0.02042	0.29388	0.02588	0.00893	0.05406	0.02833	0.19742	0.20547	0.02862	0.00492	0.00140	0.00408	0.00666	0.00291	0.00440
64	0.13098	0.01624	0.00881	0.14603	0.11707	0.01660	0.01954	0.06244	0.07235	0.01462	0.28520	0.06580	0.01743	0.00576	0.00396	0.00124	0.00332	0.00496	0.00311	0.00455
65	0.15766	0.00656	0.02465	0.02747	0.08092	0.01673	0.03168	0.04356	0.04183	0.12345	0.25885	0.06371	0.09518	0.00619	0.00397	0.00124	0.00302	0.00524	0.00348	0.00462

[dist]
# distance from previous block
# <min> <max>
0	13

# created by:
# /st0/software/busco_prod/Augustus/scripts/msa2prfl.pl ./align_prep/41022.fa
