[name]
unknown

[dist]
# distance from previous block
# <min> <max>
0	43

[block]
# block no. 0 follows, 62 sequences, length 35
# corresponding to MSA columns:
# 43-77
name=unknown_A
#
# <colnr> <probs for GDERKNQSTAVLIFYWHMCP>
#	G	D	E	R	K	N	Q	S	T	A	V	L	I	F	Y	W	H	M	C	P
0	0.03096	0.14722	0.12594	0.04295	0.11059	0.05973	0.13254	0.11423	0.03427	0.06756	0.01002	0.02715	0.01840	0.00483	0.00432	0.00130	0.02055	0.03880	0.00271	0.00592
1	0.01032	0.04537	0.01404	0.07360	0.04160	0.09868	0.20425	0.05052	0.14878	0.04337	0.03845	0.04289	0.01032	0.03399	0.12242	0.00221	0.00620	0.00471	0.00289	0.00539
2	0.00748	0.00488	0.01652	0.00592	0.00708	0.00436	0.00443	0.00900	0.03768	0.11770	0.14035	0.32715	0.18540	0.04936	0.00611	0.02141	0.00274	0.04418	0.00410	0.00415
3	0.01014	0.14659	0.01959	0.04730	0.05513	0.12256	0.02289	0.06857	0.04812	0.03728	0.01071	0.01337	0.03664	0.03260	0.27780	0.00313	0.03609	0.00397	0.00254	0.00498
4	0.02652	0.14910	0.18752	0.03022	0.04201	0.06290	0.21831	0.08636	0.01074	0.11027	0.00925	0.03171	0.00709	0.00436	0.00414	0.00128	0.00566	0.00392	0.00263	0.00600
5	0.00766	0.00509	0.00686	0.00680	0.00777	0.00511	0.02228	0.05032	0.03858	0.08165	0.03748	0.42461	0.05269	0.01384	0.11217	0.06461	0.01869	0.03598	0.00367	0.00413
6	0.11247	0.03985	0.01141	0.00876	0.01183	0.01175	0.00719	0.48013	0.15406	0.04796	0.01097	0.01100	0.00805	0.00588	0.03166	0.00146	0.00444	0.00377	0.00391	0.03343
7	0.01070	0.00991	0.05184	0.06211	0.13378	0.06387	0.09818	0.11004	0.13349	0.06530	0.07662	0.05866	0.04875	0.01697	0.02491	0.00154	0.00480	0.01946	0.00330	0.00575
8	0.01253	0.01014	0.01099	0.00966	0.04018	0.01148	0.00743	0.29709	0.51008	0.02081	0.01451	0.01371	0.01076	0.00547	0.00430	0.00138	0.00389	0.00443	0.00423	0.00691
9	0.00935	0.00755	0.00888	0.00637	0.01012	0.00570	0.00510	0.01123	0.00900	0.05581	0.00804	0.00912	0.00652	0.00326	0.00321	0.00067	0.00318	0.00261	0.00266	0.83163
10	0.02754	0.00472	0.00627	0.00613	0.00715	0.00496	0.00466	0.00812	0.00813	0.06192	0.07738	0.07586	0.16545	0.07340	0.43401	0.00440	0.01678	0.00612	0.00308	0.00392
11	0.00845	0.00674	0.00800	0.00619	0.00924	0.00523	0.00482	0.01012	0.00897	0.04628	0.03034	0.13911	0.04723	0.00526	0.00367	0.00088	0.00300	0.00446	0.00296	0.64906
12	0.08533	0.00811	0.01002	0.00772	0.01101	0.00763	0.00637	0.15040	0.01293	0.59184	0.01440	0.01291	0.00932	0.00503	0.00409	0.00128	0.00375	0.00397	0.00476	0.04913
13	0.07852	0.00472	0.00607	0.00585	0.00681	0.00454	0.00423	0.00876	0.00791	0.13978	0.04043	0.18489	0.09240	0.01150	0.00967	0.36813	0.00321	0.01587	0.00319	0.00351
14	0.01001	0.00532	0.00676	0.00621	0.00779	0.00488	0.00466	0.01186	0.05534	0.26768	0.14633	0.25640	0.13053	0.05880	0.00585	0.00163	0.00286	0.00779	0.00442	0.00488
15	0.01075	0.01089	0.00904	0.00833	0.00968	0.32604	0.04806	0.01167	0.00955	0.06119	0.01313	0.20124	0.01381	0.22221	0.00886	0.00206	0.00526	0.02116	0.00291	0.00417
16	0.16490	0.01010	0.01083	0.00852	0.01171	0.01089	0.00701	0.45396	0.06196	0.20095	0.01133	0.01091	0.00784	0.00498	0.00399	0.00130	0.00413	0.00372	0.00420	0.00676
17	0.18509	0.00774	0.00870	0.00729	0.00985	0.00791	0.00582	0.15456	0.06843	0.31674	0.01505	0.14310	0.02768	0.01734	0.00437	0.00142	0.00352	0.00519	0.00424	0.00596
18	0.07101	0.00713	0.00842	0.00762	0.00962	0.00734	0.00616	0.20405	0.04174	0.16585	0.03178	0.19082	0.01674	0.00833	0.00475	0.00154	0.00361	0.18558	0.02253	0.00539
19	0.00521	0.00377	0.00497	0.00586	0.00620	0.00353	0.00395	0.00600	0.00820	0.01087	0.02425	0.76649	0.07746	0.01385	0.03574	0.00190	0.00278	0.01162	0.00389	0.00348
20	0.03516	0.00413	0.00518	0.00568	0.00619	0.00393	0.00383	0.00696	0.00834	0.04384	0.08818	0.56707	0.04932	0.14219	0.00776	0.00203	0.00275	0.01008	0.00381	0.00356
21	0.01195	0.02544	0.00829	0.00693	0.00899	0.00625	0.00542	0.07288	0.05916	0.32249	0.05324	0.17772	0.07514	0.04473	0.08676	0.00205	0.00408	0.00631	0.00424	0.01794
22	0.01121	0.00992	0.01249	0.03155	0.18144	0.02927	0.05213	0.12150	0.44391	0.01759	0.03431	0.01391	0.01095	0.00516	0.00434	0.00137	0.00421	0.00449	0.00364	0.00659
23	0.19176	0.00836	0.00868	0.00664	0.00996	0.03351	0.00532	0.07962	0.00969	0.06756	0.00816	0.00937	0.00652	0.02618	0.00372	0.00098	0.00351	0.00280	0.00286	0.51479
24	0.00733	0.00461	0.00595	0.00600	0.00704	0.00429	0.00450	0.00880	0.03123	0.09853	0.22346	0.27066	0.13019	0.02345	0.00611	0.05530	0.00273	0.10165	0.00413	0.00404
25	0.02669	0.00598	0.00639	0.00600	0.00730	0.03624	0.00440	0.06620	0.08581	0.04110	0.21741	0.13017	0.19770	0.14077	0.00744	0.00184	0.00304	0.00733	0.00392	0.00426
26	0.07271	0.01036	0.01271	0.04850	0.12028	0.01118	0.04006	0.42179	0.06640	0.06528	0.01036	0.02942	0.00784	0.00495	0.00433	0.00130	0.02009	0.00398	0.00361	0.04488
27	0.01047	0.02531	0.05494	0.00903	0.04490	0.04203	0.03983	0.10942	0.05810	0.02939	0.00848	0.00965	0.00676	0.00402	0.00430	0.00097	0.06111	0.00312	0.00275	0.47540
28	0.02919	0.00967	0.01279	0.02296	0.10408	0.05705	0.10082	0.14623	0.06867	0.27292	0.04000	0.01257	0.00942	0.00474	0.00422	0.00125	0.00451	0.00409	0.00376	0.09107
29	0.00987	0.00763	0.04827	0.02351	0.04366	0.00663	0.05461	0.06593	0.05680	0.13470	0.13324	0.06747	0.07794	0.07006	0.00573	0.00149	0.00367	0.03525	0.00363	0.14992
30	0.00892	0.02208	0.09818	0.01014	0.07982	0.02538	0.11022	0.04537	0.03601	0.05877	0.11077	0.11605	0.13351	0.00672	0.00468	0.00132	0.01869	0.00595	0.00325	0.10418
31	0.01134	0.05850	0.02528	0.04124	0.01101	0.03603	0.02750	0.10830	0.08204	0.17427	0.12227	0.06519	0.08314	0.00615	0.00426	0.00124	0.00367	0.00514	0.00381	0.12961
32	0.02356	0.02051	0.01120	0.00903	0.04126	0.03324	0.08265	0.08514	0.11941	0.16212	0.07642	0.02706	0.02350	0.00490	0.00405	0.00113	0.00390	0.00421	0.00356	0.26313
33	0.02801	0.00920	0.02530	0.01036	0.08105	0.07903	0.10947	0.07949	0.08209	0.16874	0.11599	0.04407	0.10090	0.00603	0.00446	0.00132	0.00424	0.00526	0.00369	0.04130
34	0.06576	0.00864	0.00963	0.02485	0.01083	0.06051	0.03928	0.17487	0.11541	0.09592	0.11954	0.08418	0.04781	0.00688	0.02059	0.00142	0.00398	0.02309	0.00381	0.08301

[dist]
# distance from previous block
# <min> <max>
1	20

[block]
# block no. 1 follows, 62 sequences, length 62
# corresponding to MSA columns:
# 98-159
name=unknown_B
#
# <colnr> <probs for GDERKNQSTAVLIFYWHMCP>
#	G	D	E	R	K	N	Q	S	T	A	V	L	I	F	Y	W	H	M	C	P
0	0.10606	0.00713	0.02762	0.00843	0.08209	0.00713	0.00590	0.14366	0.01642	0.05356	0.04721	0.11423	0.03418	0.19466	0.07072	0.01080	0.00442	0.04426	0.00326	0.01826
1	0.02280	0.01945	0.01078	0.10091	0.11389	0.06024	0.02269	0.17396	0.02594	0.08226	0.02635	0.12224	0.02319	0.13411	0.00740	0.00180	0.03816	0.00535	0.00320	0.00526
2	0.02670	0.00703	0.00887	0.06592	0.08830	0.00740	0.00615	0.17743	0.03913	0.07580	0.04062	0.10302	0.02726	0.24667	0.03104	0.03069	0.00426	0.00561	0.00331	0.00481
3	0.06140	0.00816	0.01024	0.07115	0.08187	0.02789	0.03407	0.18353	0.04315	0.08219	0.06719	0.10232	0.02632	0.07089	0.00645	0.04063	0.02613	0.00515	0.00337	0.04790
4	0.01172	0.01011	0.03550	0.08193	0.16989	0.03413	0.06760	0.20773	0.13603	0.06048	0.05511	0.01301	0.01761	0.00556	0.02560	0.00143	0.00481	0.00424	0.00330	0.05420
5	0.02381	0.00928	0.01392	0.18640	0.24804	0.02733	0.07572	0.10581	0.08112	0.11155	0.01016	0.01190	0.00769	0.00593	0.04334	0.01974	0.00530	0.00403	0.00290	0.00605
6	0.00908	0.00722	0.00886	0.04282	0.06984	0.02158	0.00600	0.02557	0.11407	0.06093	0.08607	0.13327	0.01428	0.03971	0.00480	0.00126	0.00341	0.01856	0.00331	0.32936
7	0.02728	0.01918	0.01121	0.05470	0.21053	0.00757	0.04398	0.05630	0.04883	0.15736	0.12033	0.07264	0.10168	0.00701	0.02731	0.00150	0.00406	0.00555	0.00355	0.01945
8	0.04528	0.00697	0.00894	0.14029	0.01223	0.00770	0.00672	0.15654	0.03723	0.08546	0.05850	0.13587	0.03742	0.05564	0.11712	0.00233	0.04021	0.03721	0.00340	0.00494
9	0.00964	0.00659	0.02134	0.00639	0.00855	0.00599	0.00507	0.11388	0.04515	0.14431	0.14506	0.08018	0.23151	0.04249	0.01616	0.00149	0.00315	0.00641	0.00405	0.10258
10	0.41649	0.00866	0.00947	0.05516	0.18947	0.06283	0.00719	0.01184	0.00813	0.01519	0.00795	0.03579	0.00690	0.00878	0.13780	0.00220	0.00538	0.00341	0.00243	0.00494
11	0.00836	0.00712	0.00831	0.00617	0.00958	0.00540	0.00487	0.01013	0.00882	0.01353	0.01055	0.07104	0.05006	0.00428	0.00341	0.00075	0.00305	0.00355	0.00270	0.76832
12	0.01374	0.01152	0.01135	0.00941	0.01227	0.09032	0.00752	0.39511	0.36216	0.02137	0.01293	0.01241	0.00955	0.00533	0.00425	0.00133	0.00440	0.00415	0.00409	0.00680
13	0.04480	0.01141	0.01187	0.20476	0.13639	0.21472	0.00901	0.02336	0.18692	0.05257	0.01034	0.03265	0.00819	0.00480	0.00410	0.00130	0.00522	0.00389	0.00282	0.03090
14	0.01020	0.00756	0.01074	0.05037	0.26562	0.01879	0.00793	0.04584	0.05652	0.13725	0.06460	0.14300	0.10542	0.00690	0.00456	0.00138	0.00381	0.02479	0.00349	0.03122
15	0.01322	0.01162	0.01185	0.00974	0.01247	0.13526	0.05548	0.33071	0.23080	0.03201	0.03259	0.02509	0.04738	0.00561	0.00457	0.00133	0.02573	0.00445	0.00379	0.00630
16	0.01158	0.00698	0.00751	0.00641	0.00839	0.03951	0.00506	0.15704	0.05163	0.16697	0.13732	0.01715	0.02938	0.00574	0.00390	0.00119	0.00307	0.00465	0.33119	0.00533
17	0.00643	0.00424	0.00543	0.00587	0.00643	0.00407	0.00402	0.00750	0.02942	0.06020	0.04333	0.52412	0.05726	0.15488	0.05173	0.00235	0.00331	0.02199	0.00374	0.00367
18	0.05889	0.00501	0.00595	0.00636	0.00720	0.00513	0.00453	0.00947	0.13937	0.02350	0.06431	0.53549	0.02395	0.05060	0.00583	0.00175	0.00279	0.04185	0.00392	0.00411
19	0.00619	0.00413	0.00464	0.00464	0.00464	0.00413	0.00258	0.00619	0.00619	0.00825	0.01341	0.02785	0.01547	0.85046	0.02166	0.00413	0.00413	0.00619	0.00258	0.00258
20	0.75169	0.00860	0.00707	0.00614	0.00886	0.00986	0.00505	0.09110	0.03239	0.03721	0.00691	0.00766	0.00524	0.00415	0.00288	0.00132	0.00344	0.00257	0.00290	0.00498
21	0.19011	0.00796	0.00896	0.00736	0.01011	0.00811	0.00595	0.15742	0.07204	0.34988	0.03400	0.08061	0.03740	0.00592	0.00408	0.00136	0.00355	0.00470	0.00432	0.00617
22	0.01494	0.00687	0.00882	0.00722	0.00972	0.00640	0.00577	0.06454	0.06174	0.50964	0.05904	0.01962	0.02764	0.11980	0.00678	0.00174	0.00365	0.05529	0.00465	0.00614
23	0.01041	0.01067	0.01388	0.01124	0.01365	0.16289	0.24775	0.09372	0.03813	0.01379	0.03929	0.06839	0.07625	0.04276	0.00598	0.00157	0.04702	0.09463	0.00298	0.00502
24	0.16762	0.00656	0.00804	0.00680	0.00924	0.00616	0.00540	0.01569	0.01044	0.48250	0.04243	0.19301	0.01424	0.00688	0.00426	0.00141	0.00326	0.00572	0.00450	0.00586
25	0.00647	0.00412	0.00539	0.00593	0.00657	0.00379	0.00413	0.00737	0.00875	0.08072	0.05845	0.63781	0.08321	0.03831	0.00580	0.00174	0.00261	0.03096	0.00405	0.00380
26	0.82231	0.00829	0.00658	0.00579	0.00847	0.00951	0.00477	0.03478	0.00779	0.05157	0.00648	0.00731	0.00492	0.00403	0.00274	0.00132	0.00334	0.00243	0.00278	0.00479
27	0.40622	0.00907	0.00900	0.00735	0.01031	0.00989	0.00604	0.22833	0.06751	0.19263	0.01017	0.01002	0.00715	0.00467	0.00353	0.00131	0.00374	0.00331	0.00374	0.00602
28	0.02934	0.00435	0.00594	0.00626	0.03466	0.00451	0.00405	0.00662	0.00626	0.00874	0.01033	0.01894	0.01083	0.27827	0.15094	0.38352	0.00514	0.02637	0.00223	0.00270
29	0.00620	0.00466	0.00595	0.00658	0.00770	0.00442	0.00554	0.00784	0.00976	0.01235	0.04302	0.06703	0.28662	0.01142	0.00557	0.00177	0.00327	0.50257	0.00394	0.00380
30	0.00593	0.00460	0.00502	0.00509	0.00640	0.00416	0.00392	0.02882	0.02366	0.01277	0.07824	0.09775	0.52797	0.01026	0.00496	0.00147	0.00245	0.09941	0.07329	0.00382
31	0.00726	0.00621	0.00802	0.03155	0.00901	0.05447	0.02972	0.03668	0.00806	0.01089	0.03395	0.04076	0.06495	0.07032	0.51932	0.00493	0.05227	0.00505	0.00254	0.00403
32	0.01123	0.80970	0.06432	0.00753	0.01131	0.01647	0.00772	0.01278	0.00866	0.01019	0.00601	0.00694	0.00546	0.00366	0.00280	0.00093	0.00464	0.00232	0.00182	0.00550
33	0.53536	0.04290	0.00928	0.00808	0.03098	0.24168	0.01624	0.01371	0.00872	0.01574	0.00618	0.00737	0.00500	0.00420	0.00352	0.00126	0.03998	0.00256	0.00243	0.00480
34	0.01140	0.76896	0.07969	0.00764	0.01146	0.01603	0.00786	0.01303	0.00877	0.03394	0.00635	0.00720	0.00560	0.00372	0.00287	0.00095	0.00465	0.00240	0.00192	0.00557
35	0.00656	0.00507	0.00619	0.00577	0.00737	0.00427	0.00426	0.00793	0.00931	0.02354	0.15712	0.32787	0.13632	0.00915	0.00465	0.00131	0.00259	0.02495	0.00368	0.25210
36	0.00855	0.03892	0.42689	0.00978	0.01391	0.00851	0.03737	0.02276	0.08383	0.04160	0.11346	0.06151	0.07758	0.00591	0.00451	0.00137	0.01899	0.00491	0.00285	0.01681
37	0.01574	0.06164	0.01282	0.01041	0.01305	0.53659	0.00813	0.26197	0.01434	0.01547	0.00767	0.00842	0.00602	0.00457	0.00391	0.00114	0.00658	0.00305	0.00281	0.00567
38	0.78482	0.00812	0.00666	0.00582	0.00852	0.00918	0.00479	0.01342	0.00779	0.10883	0.00713	0.00775	0.00527	0.00410	0.00282	0.00132	0.00333	0.00252	0.00293	0.00490
39	0.01662	0.01019	0.01158	0.00899	0.01227	0.01077	0.00739	0.49158	0.08563	0.28038	0.01291	0.01206	0.00878	0.00522	0.00427	0.00130	0.00423	0.00406	0.00458	0.00719
40	0.82873	0.00817	0.00647	0.00571	0.00839	0.00935	0.00471	0.01300	0.00754	0.06765	0.00658	0.00737	0.00496	0.00403	0.00273	0.00132	0.00331	0.00242	0.00279	0.00477
41	0.00610	0.00413	0.00481	0.00483	0.00499	0.00407	0.00287	0.00643	0.00715	0.00968	0.12984	0.08174	0.01983	0.67544	0.01822	0.00357	0.00371	0.00679	0.00297	0.00284
42	0.00943	0.00815	0.00730	0.00692	0.00842	0.17338	0.00515	0.04497	0.03283	0.09276	0.13242	0.24773	0.19584	0.00896	0.00477	0.00141	0.00363	0.00758	0.00385	0.00449
43	0.15159	0.00729	0.00810	0.00699	0.00907	0.00762	0.00545	0.11875	0.11576	0.21479	0.01392	0.01909	0.01190	0.21266	0.00841	0.00207	0.00382	0.07358	0.00381	0.00532
44	0.01729	0.00694	0.00926	0.00725	0.01026	0.00610	0.00594	0.01926	0.03623	0.70558	0.05693	0.01647	0.04449	0.00566	0.00431	0.00132	0.00343	0.00464	0.03184	0.00682
45	0.00739	0.00370	0.00554	0.00554	0.00554	0.00370	0.00370	0.00554	0.00554	0.00739	0.00739	0.01293	0.00739	0.01478	0.01663	0.87620	0.00370	0.00370	0.00185	0.00185
46	0.01624	0.01214	0.01266	0.00978	0.01313	0.04667	0.00804	0.75586	0.01947	0.04777	0.01024	0.01023	0.00725	0.00508	0.00424	0.00127	0.00478	0.00380	0.00420	0.00714
47	0.01337	0.00814	0.00943	0.00789	0.01044	0.00845	0.00626	0.18127	0.24676	0.26874	0.04954	0.08248	0.05344	0.02764	0.00488	0.00146	0.00355	0.00538	0.00453	0.00637
48	0.00536	0.00388	0.00509	0.00601	0.00633	0.00369	0.00404	0.00647	0.03437	0.01109	0.02325	0.82069	0.02765	0.01309	0.00540	0.00172	0.00250	0.01186	0.00396	0.00356
49	0.00609	0.00451	0.00660	0.00660	0.00728	0.00519	0.00503	0.00745	0.00677	0.00970	0.01161	0.01790	0.01115	0.11891	0.74731	0.00655	0.01062	0.00473	0.00231	0.00367
50	0.00621	0.00422	0.00537	0.00593	0.00650	0.00402	0.00413	0.03185	0.00875	0.02549	0.04845	0.61214	0.02496	0.06221	0.00613	0.00177	0.00269	0.04993	0.06877	0.02047
51	0.00526	0.00418	0.00475	0.00508	0.00612	0.00367	0.00374	0.00636	0.00941	0.01174	0.08392	0.27086	0.49243	0.01144	0.00520	0.00155	0.00236	0.06434	0.00399	0.00360
52	0.00754	0.00499	0.00638	0.00584	0.00715	0.00471	0.00449	0.03550	0.03688	0.08207	0.66063	0.02997	0.05397	0.00837	0.00494	0.00136	0.00233	0.03375	0.00466	0.00445
53	0.19385	0.01634	0.01126	0.00988	0.01236	0.53521	0.03338	0.08415	0.03084	0.02545	0.00722	0.00815	0.00573	0.00438	0.00368	0.00118	0.00634	0.00289	0.00255	0.00517
54	0.65011	0.00803	0.00708	0.03933	0.00936	0.00911	0.00515	0.05330	0.03570	0.06313	0.05642	0.01001	0.00781	0.02615	0.00356	0.00140	0.00342	0.00306	0.00301	0.00488
55	0.06996	0.00868	0.01380	0.41901	0.32651	0.00978	0.01144	0.01260	0.06306	0.01305	0.00827	0.01103	0.00649	0.00416	0.00413	0.00135	0.00512	0.00375	0.00219	0.00561
56	0.24856	0.00979	0.02146	0.10805	0.14716	0.07001	0.02230	0.12145	0.01053	0.09632	0.00856	0.00991	0.00649	0.00534	0.03685	0.00147	0.00483	0.00332	0.00287	0.06476
57	0.06597	0.01019	0.01119	0.00882	0.01189	0.01098	0.00726	0.55867	0.01692	0.15084	0.01205	0.04561	0.00913	0.00562	0.00424	0.00132	0.00425	0.03171	0.02660	0.00673
58	0.00618	0.00436	0.00528	0.00540	0.00637	0.00397	0.00398	0.00741	0.00969	0.04507	0.22285	0.18784	0.27725	0.10577	0.00704	0.00182	0.00264	0.08931	0.00402	0.00373
59	0.01036	0.00924	0.01289	0.10975	0.30780	0.07044	0.03530	0.10267	0.02922	0.01343	0.00920	0.02719	0.00816	0.03491	0.00715	0.14094	0.02803	0.03561	0.00246	0.00525
60	0.09256	0.01039	0.01136	0.00889	0.01210	0.07120	0.03028	0.34633	0.03040	0.32495	0.01213	0.01149	0.00820	0.00498	0.00412	0.00129	0.00443	0.00384	0.00428	0.00678
61	0.00547	0.00388	0.00502	0.00566	0.00612	0.00361	0.00389	0.00615	0.00837	0.01105	0.07910	0.56407	0.13642	0.02746	0.02779	0.07404	0.00277	0.02198	0.00376	0.00338

[dist]
# distance from previous block
# <min> <max>
0	4

[block]
# block no. 2 follows, 62 sequences, length 25
# corresponding to MSA columns:
# 164-188
name=unknown_C
#
# <colnr> <probs for GDERKNQSTAVLIFYWHMCP>
#	G	D	E	R	K	N	Q	S	T	A	V	L	I	F	Y	W	H	M	C	P
0	0.00903	0.00856	0.01442	0.47783	0.33925	0.00974	0.01212	0.01167	0.00893	0.01207	0.00797	0.01168	0.00646	0.00433	0.00459	0.00138	0.03303	0.01943	0.00201	0.00550
1	0.00601	0.00448	0.00557	0.00559	0.00650	0.00426	0.00406	0.00814	0.06075	0.01450	0.43970	0.23279	0.11978	0.04819	0.00585	0.00159	0.00235	0.02165	0.00429	0.00393
2	0.00910	0.00606	0.00773	0.00702	0.00793	0.04058	0.03283	0.08294	0.08008	0.02864	0.00907	0.01300	0.00808	0.01336	0.07630	0.56299	0.00464	0.00389	0.00243	0.00332
3	0.00882	0.00756	0.00882	0.00630	0.01008	0.00567	0.00504	0.01071	0.00882	0.01387	0.00756	0.00882	0.00630	0.00315	0.00315	0.00063	0.00315	0.00252	0.00252	0.87647
4	0.00672	0.00512	0.00740	0.00946	0.15363	0.00488	0.00567	0.00800	0.00911	0.03556	0.12070	0.47417	0.07186	0.03662	0.00562	0.00165	0.00299	0.03292	0.00370	0.00422
5	0.08472	0.00575	0.00701	0.00635	0.00802	0.00555	0.00483	0.02604	0.05195	0.25307	0.17331	0.20289	0.02049	0.08420	0.00611	0.00168	0.00304	0.02402	0.02601	0.00495
6	0.00569	0.00387	0.00511	0.00590	0.00633	0.00358	0.00401	0.00652	0.00848	0.03957	0.05104	0.76132	0.05706	0.01280	0.00536	0.00169	0.00248	0.01156	0.00402	0.00361
7	0.03833	0.00972	0.01036	0.00850	0.01122	0.03885	0.00682	0.35214	0.20951	0.12481	0.09976	0.03032	0.01290	0.00577	0.00430	0.00133	0.00391	0.00462	0.02033	0.00648
8	0.17244	0.00795	0.00849	0.00729	0.00964	0.00854	0.00581	0.18310	0.17269	0.11762	0.14116	0.05641	0.04706	0.00637	0.00419	0.00137	0.00335	0.02249	0.01834	0.00570
9	0.06791	0.00563	0.00753	0.00704	0.00847	0.00548	0.05653	0.04517	0.03342	0.10883	0.11224	0.37547	0.05018	0.00950	0.00487	0.00153	0.00309	0.05525	0.03737	0.00450
10	0.01815	0.00836	0.01052	0.00811	0.01139	0.00796	0.00668	0.19849	0.04124	0.61921	0.01532	0.01357	0.00987	0.00525	0.00428	0.00131	0.00385	0.00420	0.00501	0.00722
11	0.17477	0.00538	0.00602	0.00613	0.00734	0.00548	0.00446	0.02153	0.05641	0.08836	0.03651	0.48622	0.03683	0.02084	0.00485	0.00159	0.00281	0.00854	0.02165	0.00429
12	0.29858	0.00714	0.00716	0.00636	0.00833	0.00770	0.00489	0.10409	0.08666	0.09482	0.06656	0.09655	0.03789	0.12916	0.00642	0.00177	0.00338	0.00503	0.02263	0.00488
13	0.03475	0.03805	0.02952	0.01054	0.01305	0.63417	0.00821	0.13229	0.03723	0.01327	0.00742	0.00828	0.00594	0.00450	0.00386	0.00114	0.00691	0.00295	0.00255	0.00536
14	0.09419	0.00818	0.00962	0.00777	0.01064	0.00825	0.00630	0.17346	0.12237	0.40369	0.06468	0.04791	0.01223	0.00572	0.00422	0.00134	0.00362	0.00461	0.00461	0.00658
15	0.21302	0.00584	0.00663	0.00617	0.00780	0.00600	0.00475	0.02316	0.02316	0.14923	0.15678	0.16700	0.04311	0.04580	0.10813	0.00221	0.00401	0.01889	0.00373	0.00458
16	0.00643	0.00426	0.00523	0.00554	0.00640	0.00385	0.00393	0.00736	0.00892	0.07585	0.05129	0.41989	0.25387	0.08538	0.00666	0.00182	0.00266	0.04293	0.00395	0.00375
17	0.00647	0.00516	0.00722	0.00711	0.00788	0.02786	0.00555	0.00795	0.00697	0.00991	0.01105	0.01619	0.01031	0.03024	0.77995	0.00649	0.04310	0.00448	0.00226	0.00386
18	0.75197	0.00847	0.00691	0.00609	0.00875	0.00975	0.00498	0.05197	0.07502	0.03313	0.00726	0.00794	0.00553	0.00418	0.00288	0.00133	0.00337	0.00262	0.00290	0.00496
19	0.05438	0.00942	0.04601	0.38490	0.29331	0.00984	0.06366	0.04286	0.00949	0.03441	0.00804	0.01080	0.00620	0.00409	0.00420	0.00135	0.00537	0.00378	0.00219	0.00568
20	0.00888	0.01055	0.12641	0.50648	0.17927	0.02938	0.05526	0.01194	0.00897	0.01195	0.00769	0.01078	0.00588	0.00410	0.00425	0.00137	0.00577	0.00374	0.00194	0.00539
21	0.00617	0.00419	0.00495	0.00493	0.00506	0.00427	0.00296	0.00643	0.00648	0.00877	0.04297	0.02664	0.01579	0.72036	0.11931	0.00435	0.00493	0.00605	0.00262	0.00278
22	0.00575	0.00410	0.00476	0.00492	0.00549	0.00384	0.00325	0.00653	0.00837	0.01114	0.14296	0.20634	0.20334	0.32542	0.01127	0.00248	0.00293	0.00822	0.03563	0.00326
23	0.07380	0.00749	0.00828	0.02198	0.00919	0.04336	0.00557	0.18279	0.08411	0.08900	0.01085	0.03323	0.00915	0.06003	0.05983	0.25285	0.00446	0.00415	0.03526	0.00461
24	0.30620	0.03785	0.00857	0.00683	0.00925	0.03683	0.00547	0.13637	0.04156	0.04944	0.02468	0.03386	0.03832	0.06598	0.00519	0.00144	0.03899	0.00376	0.04001	0.10939

[dist]
# distance from previous block
# <min> <max>
0	25

# created by:
# /st0/software/busco_prod/Augustus/scripts/msa2prfl.pl ./align_prep/41036.fa
