[name]
unknown

[dist]
# distance from previous block
# <min> <max>
0	64

[block]
# block no. 0 follows, 57 sequences, length 8
# corresponding to MSA columns:
# 64-71
name=unknown_A
#
# <colnr> <probs for GDERKNQSTAVLIFYWHMCP>
#	G	D	E	R	K	N	Q	S	T	A	V	L	I	F	Y	W	H	M	C	P
0	0.01361	0.07874	0.04497	0.01262	0.15525	0.03339	0.00907	0.32150	0.06663	0.06142	0.06361	0.01409	0.01085	0.00544	0.00442	0.00133	0.00473	0.03357	0.00371	0.06107
1	0.10186	0.04557	0.01119	0.05104	0.09495	0.00952	0.02336	0.07712	0.08877	0.03093	0.07621	0.03779	0.03683	0.01247	0.18838	0.00279	0.09781	0.00486	0.00312	0.00542
2	0.00882	0.00718	0.01055	0.05029	0.25565	0.00723	0.00817	0.01179	0.09473	0.04880	0.03997	0.27032	0.08579	0.00892	0.00514	0.00161	0.00387	0.07210	0.00363	0.00543
3	0.01723	0.01269	0.01360	0.01043	0.01405	0.01405	0.00861	0.79738	0.02131	0.02856	0.01088	0.01088	0.00771	0.00544	0.00453	0.00136	0.00499	0.00408	0.00453	0.00771
4	0.01214	0.13981	0.10423	0.03754	0.38156	0.09279	0.04721	0.08338	0.03229	0.01499	0.00848	0.01032	0.00687	0.00429	0.00423	0.00130	0.00575	0.00370	0.00243	0.00668
5	0.00984	0.07045	0.55459	0.01335	0.08028	0.04150	0.01444	0.01391	0.00944	0.01369	0.00777	0.00953	0.00593	0.00462	0.00531	0.00141	0.09456	0.00337	0.00200	0.04401
6	0.00685	0.00520	0.00744	0.08153	0.00979	0.00581	0.00584	0.02921	0.00842	0.01165	0.06296	0.10849	0.03623	0.10342	0.46589	0.00507	0.00852	0.03068	0.00292	0.00408
7	0.00592	0.00454	0.00542	0.00535	0.00651	0.00404	0.00396	0.00754	0.01145	0.01524	0.43994	0.12335	0.32909	0.01062	0.00540	0.00151	0.00225	0.00921	0.00461	0.00404

[dist]
# distance from previous block
# <min> <max>
11	30

[block]
# block no. 1 follows, 57 sequences, length 11
# corresponding to MSA columns:
# 109-119
name=unknown_B
#
# <colnr> <probs for GDERKNQSTAVLIFYWHMCP>
#	G	D	E	R	K	N	Q	S	T	A	V	L	I	F	Y	W	H	M	C	P
0	0.01146	0.01306	0.22251	0.03361	0.12519	0.00973	0.15126	0.05083	0.06629	0.12863	0.10602	0.01462	0.01198	0.00524	0.00501	0.00145	0.02863	0.00474	0.00322	0.00650
1	0.01034	0.00707	0.00852	0.00654	0.00974	0.00562	0.00520	0.01222	0.01063	0.15135	0.13568	0.01810	0.10636	0.00558	0.00409	0.00101	0.00313	0.00464	0.00371	0.49045
2	0.01011	0.00848	0.00978	0.00705	0.01104	0.00678	0.00567	0.08355	0.01049	0.01603	0.00831	0.00953	0.00680	0.00355	0.00346	0.00073	0.00351	0.00281	0.00285	0.78945
3	0.01245	0.04729	0.03538	0.13186	0.34459	0.03194	0.01116	0.11864	0.13008	0.07566	0.01079	0.01216	0.00825	0.00474	0.00444	0.00138	0.00512	0.00413	0.00309	0.00686
4	0.21629	0.07710	0.01313	0.01104	0.05624	0.26460	0.02654	0.07745	0.01056	0.01488	0.00700	0.00877	0.00589	0.00522	0.00614	0.00142	0.18654	0.00321	0.00251	0.00547
5	0.00673	0.00484	0.00620	0.00619	0.00667	0.00524	0.00425	0.00808	0.04668	0.01013	0.01400	0.05539	0.01471	0.42846	0.35719	0.00536	0.00754	0.00603	0.00276	0.00355
6	0.01084	0.01195	0.09940	0.07623	0.37301	0.03629	0.06386	0.05180	0.06395	0.01492	0.03221	0.01259	0.02469	0.00507	0.00579	0.00147	0.10258	0.00431	0.00256	0.00646
7	0.01104	0.01105	0.06360	0.04078	0.50910	0.01007	0.13341	0.01389	0.01036	0.05440	0.01039	0.02977	0.02941	0.00449	0.00461	0.00137	0.00550	0.00449	0.00251	0.04978
8	0.00797	0.00627	0.00758	0.03223	0.00879	0.03056	0.04815	0.02807	0.07610	0.01484	0.17114	0.06735	0.16193	0.09764	0.02217	0.00184	0.02586	0.00673	0.18030	0.00447
9	0.01090	0.06925	0.08954	0.01505	0.25187	0.01028	0.06396	0.10935	0.10033	0.03257	0.06726	0.01747	0.09164	0.00581	0.00462	0.00140	0.00474	0.02859	0.00325	0.02211
10	0.05910	0.03623	0.01167	0.00985	0.03512	0.09331	0.00769	0.15468	0.03215	0.04032	0.05078	0.07938	0.03479	0.00673	0.00713	0.00147	0.22492	0.00475	0.00319	0.10673

[dist]
# distance from previous block
# <min> <max>
0	13

[block]
# block no. 2 follows, 57 sequences, length 18
# corresponding to MSA columns:
# 133-150
name=unknown_C
#
# <colnr> <probs for GDERKNQSTAVLIFYWHMCP>
#	G	D	E	R	K	N	Q	S	T	A	V	L	I	F	Y	W	H	M	C	P
0	0.12749	0.02416	0.03512	0.02523	0.18729	0.02886	0.02579	0.08489	0.02909	0.06984	0.02835	0.18615	0.03306	0.04322	0.00534	0.00158	0.00426	0.01545	0.00337	0.04147
1	0.14678	0.12730	0.01580	0.01613	0.31472	0.06971	0.02810	0.15086	0.04429	0.03258	0.00877	0.01013	0.00697	0.00444	0.00401	0.00131	0.00510	0.00358	0.00285	0.00658
2	0.04314	0.18494	0.04315	0.05016	0.22778	0.30507	0.05671	0.01528	0.01086	0.01264	0.00745	0.00922	0.00622	0.00426	0.00401	0.00123	0.00642	0.00330	0.00222	0.00596
3	0.01091	0.03689	0.12994	0.06628	0.46586	0.01114	0.15752	0.04031	0.01055	0.01486	0.00858	0.01109	0.00684	0.00410	0.00458	0.00139	0.00599	0.00414	0.00226	0.00678
4	0.01004	0.01982	0.53716	0.01571	0.11180	0.05372	0.15901	0.01453	0.01003	0.01426	0.00831	0.01017	0.00612	0.00420	0.00451	0.00143	0.00680	0.00377	0.00204	0.00657
5	0.00631	0.00447	0.00552	0.00574	0.00670	0.00401	0.00412	0.00763	0.01052	0.04435	0.26566	0.35470	0.24023	0.01167	0.00549	0.00162	0.00244	0.01028	0.00449	0.00405
6	0.00759	0.00405	0.00589	0.00584	0.00603	0.00398	0.00397	0.00629	0.00700	0.00944	0.12099	0.01746	0.03649	0.01471	0.01562	0.72153	0.00364	0.00470	0.00246	0.00234
7	0.00551	0.00398	0.00522	0.00620	0.00654	0.00369	0.00416	0.00632	0.00878	0.01161	0.02627	0.78849	0.07844	0.01403	0.00576	0.00182	0.00261	0.01268	0.00421	0.00369
8	0.00563	0.00447	0.00489	0.00514	0.00622	0.00393	0.00368	0.00661	0.00955	0.01175	0.03694	0.20015	0.52418	0.11217	0.00762	0.00196	0.00270	0.04472	0.00403	0.00368
9	0.01160	0.01152	0.01790	0.08777	0.62520	0.07339	0.05481	0.03694	0.01076	0.01465	0.00847	0.01109	0.00699	0.00415	0.00451	0.00135	0.00576	0.00402	0.00230	0.00682
10	0.00876	0.00602	0.00721	0.00687	0.00832	0.00609	0.00516	0.01241	0.17190	0.10549	0.16413	0.20472	0.14912	0.06293	0.00665	0.00178	0.02748	0.03556	0.00443	0.00497
11	0.00940	0.00805	0.00940	0.00671	0.01074	0.00604	0.00537	0.01141	0.00940	0.01477	0.00805	0.00940	0.00671	0.00336	0.00336	0.00067	0.00336	0.00268	0.00268	0.86845
12	0.01282	0.01094	0.01599	0.06758	0.47200	0.04472	0.02670	0.12606	0.03576	0.08401	0.00984	0.01154	0.00764	0.00445	0.00445	0.00133	0.00524	0.00403	0.00294	0.05199
13	0.22822	0.17389	0.01389	0.00926	0.01243	0.19529	0.02686	0.23421	0.03677	0.01851	0.00817	0.00891	0.00639	0.00464	0.00371	0.00126	0.00533	0.00316	0.00306	0.00604
14	0.00610	0.00436	0.00512	0.00530	0.00580	0.00411	0.00343	0.00681	0.00868	0.01146	0.14302	0.21581	0.16735	0.37739	0.01326	0.00285	0.00327	0.00880	0.00368	0.00338
15	0.01215	0.44648	0.01775	0.00877	0.03543	0.12236	0.00750	0.03004	0.05938	0.01267	0.00771	0.00867	0.00660	0.00404	0.00335	0.00098	0.00489	0.00280	0.00239	0.20603
16	0.00580	0.00454	0.00512	0.00520	0.00631	0.00399	0.00370	0.00694	0.01002	0.01282	0.16767	0.19194	0.42666	0.09907	0.00726	0.00185	0.00258	0.00948	0.00415	0.02490
17	0.05226	0.10231	0.15457	0.03306	0.13321	0.02739	0.01059	0.33082	0.06341	0.02013	0.00960	0.01049	0.00723	0.00487	0.00442	0.00135	0.02039	0.00374	0.00324	0.00693

[dist]
# distance from previous block
# <min> <max>
0	1

[block]
# block no. 3 follows, 57 sequences, length 9
# corresponding to MSA columns:
# 152-160
name=unknown_D
#
# <colnr> <probs for GDERKNQSTAVLIFYWHMCP>
#	G	D	E	R	K	N	Q	S	T	A	V	L	I	F	Y	W	H	M	C	P
0	0.00568	0.00424	0.00530	0.00593	0.00662	0.00386	0.00418	0.00678	0.00966	0.01266	0.13072	0.51890	0.20817	0.01287	0.00565	0.00173	0.00256	0.04636	0.00431	0.00381
1	0.01191	0.11590	0.15124	0.02009	0.44624	0.03897	0.02978	0.08815	0.01124	0.03212	0.00857	0.01043	0.00685	0.00424	0.00427	0.00131	0.00561	0.00373	0.00244	0.00690
2	0.03516	0.01021	0.05551	0.01259	0.18656	0.02532	0.00853	0.14513	0.22604	0.03316	0.02005	0.01979	0.18945	0.00657	0.00466	0.00145	0.00418	0.00548	0.00377	0.00639
3	0.00635	0.00497	0.00676	0.00853	0.10389	0.00469	0.00519	0.00739	0.00901	0.01185	0.02555	0.48806	0.16383	0.09812	0.00736	0.00200	0.00314	0.03545	0.00382	0.00405
4	0.01014	0.00905	0.01249	0.01073	0.10922	0.00758	0.08853	0.05140	0.01024	0.01544	0.00837	0.00998	0.00683	0.00359	0.00376	0.00088	0.00413	0.00319	0.00268	0.63176
5	0.00872	0.00628	0.00731	0.00676	0.00841	0.00626	0.00517	0.10502	0.10832	0.06079	0.26718	0.16278	0.18974	0.00958	0.00521	0.00154	0.00292	0.02836	0.00461	0.00503
6	0.03272	0.18909	0.01400	0.01039	0.09438	0.06619	0.00769	0.20507	0.03990	0.05048	0.05508	0.11141	0.01193	0.00598	0.00420	0.00127	0.00449	0.00482	0.00341	0.08753
7	0.07612	0.11978	0.04717	0.02268	0.04240	0.06248	0.08787	0.03745	0.02333	0.03127	0.02436	0.03259	0.04200	0.31920	0.01126	0.00248	0.00499	0.00514	0.00277	0.00466
8	0.09261	0.06252	0.03063	0.01431	0.22223	0.17116	0.00938	0.13858	0.13096	0.03849	0.02243	0.02839	0.00879	0.00504	0.00422	0.00134	0.00528	0.00399	0.00317	0.00648

[dist]
# distance from previous block
# <min> <max>
5	19

[block]
# block no. 4 follows, 57 sequences, length 10
# corresponding to MSA columns:
# 190-199
name=unknown_E
#
# <colnr> <probs for GDERKNQSTAVLIFYWHMCP>
#	G	D	E	R	K	N	Q	S	T	A	V	L	I	F	Y	W	H	M	C	P
0	0.33584	0.10393	0.04666	0.01218	0.15678	0.15451	0.03115	0.08335	0.01061	0.01695	0.00739	0.00873	0.00592	0.00432	0.00363	0.00130	0.00520	0.00308	0.00263	0.00583
1	0.04914	0.03547	0.01458	0.05250	0.31621	0.01061	0.04894	0.15794	0.03408	0.01715	0.07280	0.05721	0.04768	0.00589	0.00527	0.00144	0.05864	0.00505	0.00313	0.00628
2	0.01327	0.06637	0.05878	0.01339	0.13283	0.12509	0.08094	0.24227	0.05587	0.03808	0.03928	0.07140	0.01029	0.00569	0.00480	0.00139	0.02577	0.00473	0.00333	0.00645
3	0.00665	0.00497	0.00719	0.06445	0.00900	0.00568	0.00549	0.00799	0.00725	0.01020	0.01234	0.02010	0.01213	0.21558	0.58333	0.00622	0.00995	0.00519	0.00247	0.00382
4	0.03593	0.03857	0.07272	0.01328	0.10413	0.09364	0.16807	0.17287	0.03369	0.04153	0.11935	0.03503	0.01273	0.00638	0.03044	0.00158	0.00568	0.00491	0.00330	0.00616
5	0.00594	0.00459	0.00545	0.00562	0.00669	0.00417	0.00412	0.00764	0.03164	0.01412	0.27493	0.24641	0.32504	0.01139	0.00547	0.00160	0.00243	0.03427	0.00446	0.00403
6	0.03433	0.04126	0.09708	0.11373	0.09645	0.13725	0.05883	0.10919	0.08614	0.04409	0.03751	0.03533	0.04144	0.00611	0.01894	0.00152	0.00563	0.02606	0.00309	0.00602
7	0.01077	0.06741	0.51781	0.04367	0.04414	0.01099	0.10807	0.06033	0.01061	0.07110	0.00900	0.01038	0.00644	0.00438	0.00439	0.00141	0.00634	0.00371	0.00239	0.00666
8	0.01187	0.35001	0.26095	0.00979	0.01410	0.09825	0.01034	0.05910	0.03092	0.04347	0.06431	0.01068	0.00890	0.00468	0.00382	0.00122	0.00551	0.00340	0.00254	0.00613
9	0.01061	0.03858	0.03295	0.01093	0.12916	0.04374	0.00749	0.15058	0.08626	0.05242	0.06239	0.21434	0.09001	0.02724	0.00549	0.00157	0.01976	0.00697	0.00382	0.00570

[dist]
# distance from previous block
# <min> <max>
3	35

[block]
# block no. 5 follows, 57 sequences, length 7
# corresponding to MSA columns:
# 235-241
name=unknown_F
#
# <colnr> <probs for GDERKNQSTAVLIFYWHMCP>
#	G	D	E	R	K	N	Q	S	T	A	V	L	I	F	Y	W	H	M	C	P
0	0.04013	0.09399	0.04022	0.09389	0.10349	0.10994	0.03505	0.23804	0.02923	0.09244	0.01020	0.03618	0.00797	0.00511	0.00450	0.00134	0.02195	0.00403	0.00329	0.02902
1	0.01240	0.01392	0.06225	0.12232	0.40481	0.20736	0.04674	0.05060	0.01125	0.01409	0.00821	0.01052	0.00664	0.00432	0.00442	0.00134	0.00630	0.00379	0.00232	0.00639
2	0.00688	0.00557	0.00707	0.00713	0.00770	0.02988	0.00528	0.00798	0.00821	0.01114	0.04863	0.24015	0.06589	0.13692	0.26608	0.00389	0.09399	0.04053	0.00318	0.00390
3	0.01342	0.01098	0.05949	0.07035	0.14457	0.01084	0.06653	0.19881	0.19808	0.13263	0.03847	0.01383	0.01038	0.00528	0.00462	0.00143	0.00484	0.00456	0.00386	0.00703
4	0.00572	0.00436	0.00526	0.00556	0.00648	0.00390	0.00397	0.00702	0.01042	0.01369	0.25768	0.34130	0.29450	0.01187	0.00551	0.00162	0.00238	0.01043	0.00443	0.00390
5	0.00591	0.00428	0.00535	0.00597	0.00650	0.00401	0.00414	0.00682	0.00898	0.01177	0.07322	0.45390	0.14543	0.15728	0.00875	0.00224	0.00300	0.08483	0.00400	0.00362
6	0.07724	0.03052	0.00965	0.00855	0.04406	0.05660	0.02454	0.08515	0.08993	0.11997	0.22186	0.08236	0.09665	0.00753	0.00498	0.00145	0.02292	0.00628	0.00420	0.00556

[dist]
# distance from previous block
# <min> <max>
2	19

[block]
# block no. 6 follows, 57 sequences, length 46
# corresponding to MSA columns:
# 261-306
name=unknown_G
#
# <colnr> <probs for GDERKNQSTAVLIFYWHMCP>
#	G	D	E	R	K	N	Q	S	T	A	V	L	I	F	Y	W	H	M	C	P
0	0.10885	0.11537	0.02656	0.01156	0.11145	0.16022	0.02685	0.20430	0.01299	0.01746	0.03331	0.01298	0.02416	0.01656	0.00437	0.00132	0.00524	0.04074	0.00308	0.06265
1	0.03126	0.00750	0.02019	0.03981	0.26581	0.01639	0.04292	0.02658	0.01001	0.02410	0.08307	0.32104	0.03324	0.02479	0.01355	0.00169	0.00415	0.02530	0.00339	0.00521
2	0.05872	0.07625	0.08542	0.01575	0.22200	0.09701	0.12284	0.09001	0.11869	0.01607	0.01008	0.02835	0.00811	0.00507	0.01421	0.00144	0.00569	0.00417	0.00283	0.01732
3	0.00647	0.03435	0.02476	0.00525	0.00645	0.02867	0.00383	0.00733	0.00906	0.01107	0.04351	0.03542	0.44694	0.30446	0.01148	0.00251	0.00340	0.00790	0.00352	0.00363
4	0.01387	0.27673	0.01577	0.01002	0.06264	0.09263	0.00798	0.23256	0.08068	0.07374	0.01308	0.01317	0.07772	0.00538	0.00405	0.00125	0.00485	0.00404	0.00340	0.00645
5	0.00985	0.02930	0.01654	0.43668	0.34935	0.01062	0.05754	0.01274	0.00967	0.01304	0.00827	0.01162	0.00655	0.00427	0.00452	0.00143	0.00583	0.00407	0.00212	0.00599
6	0.00646	0.00453	0.00551	0.00546	0.00603	0.00447	0.00369	0.00742	0.00878	0.01204	0.21416	0.04616	0.10044	0.39650	0.11610	0.00355	0.00450	0.02197	0.02876	0.00348
7	0.00638	0.00458	0.00622	0.00634	0.00684	0.00494	0.00449	0.00741	0.00750	0.01046	0.05134	0.12782	0.01681	0.28550	0.42690	0.00540	0.00800	0.00659	0.00288	0.00360
8	0.01432	0.05884	0.01398	0.01106	0.01398	0.26566	0.08172	0.15833	0.26645	0.03924	0.01179	0.01200	0.00897	0.00523	0.00457	0.00136	0.01842	0.00409	0.00351	0.00648
9	0.00618	0.00467	0.00532	0.00516	0.00653	0.00406	0.00387	0.00769	0.01124	0.03790	0.32005	0.07186	0.47801	0.01062	0.00535	0.00150	0.00230	0.00906	0.00453	0.00410
10	0.03938	0.01069	0.01221	0.15158	0.03860	0.05623	0.00876	0.35342	0.05973	0.01992	0.03554	0.01401	0.05517	0.00692	0.03534	0.00166	0.07427	0.00447	0.01585	0.00624
11	0.00941	0.02151	0.69563	0.01295	0.01927	0.01042	0.07167	0.03284	0.00992	0.01472	0.00827	0.00978	0.00592	0.00424	0.00433	0.00140	0.00653	0.00347	0.00205	0.05567
12	0.03229	0.01061	0.05707	0.01214	0.15858	0.08464	0.00847	0.15463	0.08222	0.06838	0.15167	0.03482	0.05093	0.01948	0.01753	0.00156	0.00463	0.04049	0.00377	0.00608
13	0.00832	0.00566	0.00743	0.00738	0.05504	0.00531	0.00521	0.02574	0.04122	0.09042	0.58296	0.03011	0.08834	0.00851	0.00515	0.00142	0.00262	0.00745	0.00477	0.01695
14	0.01136	0.17395	0.17291	0.06782	0.16990	0.06998	0.04013	0.07178	0.05120	0.02754	0.05454	0.02477	0.00926	0.00480	0.00420	0.00130	0.00543	0.00396	0.00266	0.03251
15	0.00541	0.00459	0.00466	0.00465	0.00615	0.00385	0.00348	0.00661	0.01045	0.01254	0.08459	0.04311	0.77178	0.01136	0.00535	0.00152	0.00229	0.00949	0.00425	0.00385
16	0.00940	0.00805	0.00940	0.00671	0.01074	0.00604	0.00537	0.01141	0.00940	0.01477	0.00805	0.00940	0.00671	0.00336	0.00336	0.00067	0.00336	0.00268	0.00268	0.86845
17	0.01317	0.12725	0.23236	0.01373	0.15647	0.05830	0.03403	0.11940	0.05708	0.13002	0.01026	0.01097	0.00754	0.00465	0.00425	0.00133	0.00552	0.00375	0.00304	0.00687
18	0.00541	0.00459	0.00466	0.00465	0.00615	0.00385	0.00348	0.00660	0.01045	0.01253	0.08359	0.04313	0.77277	0.01137	0.00535	0.00152	0.00229	0.00950	0.00425	0.00385
19	0.01380	0.45623	0.03285	0.01059	0.05085	0.23720	0.05474	0.02830	0.01076	0.05631	0.00752	0.00854	0.00628	0.00423	0.00359	0.00111	0.00593	0.00297	0.00233	0.00589
20	0.00643	0.00474	0.00659	0.00675	0.00740	0.00517	0.00503	0.00765	0.00782	0.01082	0.03444	0.13664	0.05648	0.14757	0.45617	0.01695	0.02251	0.05408	0.00296	0.00379
21	0.02999	0.36726	0.21336	0.01135	0.07746	0.12162	0.01059	0.09468	0.01107	0.01397	0.00748	0.00863	0.00608	0.00427	0.00369	0.00119	0.00577	0.00301	0.00229	0.00624
22	0.01181	0.02754	0.09177	0.05697	0.52750	0.01048	0.06790	0.03300	0.01075	0.09064	0.02243	0.01185	0.00792	0.00433	0.00452	0.00137	0.00547	0.00415	0.00262	0.00696
23	0.00840	0.00525	0.00665	0.00607	0.00746	0.00492	0.00462	0.04304	0.01256	0.10155	0.55939	0.06176	0.05789	0.03111	0.00561	0.00151	0.00255	0.02016	0.05480	0.00470
24	0.00857	0.00716	0.01068	0.26838	0.14750	0.00770	0.00863	0.01176	0.06954	0.03637	0.24602	0.02198	0.09757	0.00668	0.00481	0.00145	0.00407	0.00589	0.02999	0.00525
25	0.00798	0.00759	0.06241	0.00992	0.11441	0.00657	0.04081	0.01146	0.09837	0.02929	0.38632	0.04572	0.14477	0.00806	0.00508	0.00146	0.00332	0.00712	0.00414	0.00519
26	0.01010	0.04139	0.02679	0.00799	0.01208	0.00722	0.06940	0.02979	0.00987	0.03871	0.00843	0.00976	0.00683	0.00355	0.00358	0.00080	0.00387	0.00299	0.00274	0.70409
27	0.00881	0.00831	0.01404	0.75489	0.10424	0.01013	0.01271	0.01180	0.00918	0.01188	0.00810	0.01200	0.00615	0.00448	0.00453	0.00149	0.00598	0.00403	0.00203	0.00523
28	0.01050	0.01390	0.22899	0.03517	0.32531	0.01033	0.12041	0.04792	0.03379	0.01538	0.02937	0.01150	0.00782	0.00428	0.00448	0.00134	0.00571	0.00405	0.00244	0.08731
29	0.01342	0.50363	0.01890	0.00911	0.01231	0.27334	0.00802	0.01545	0.05561	0.01138	0.00786	0.00971	0.00702	0.00457	0.00350	0.00111	0.00581	0.03129	0.00230	0.00565
30	0.00632	0.00463	0.00593	0.00561	0.00672	0.00424	0.00421	0.00838	0.01262	0.01767	0.74614	0.03466	0.10701	0.00945	0.00535	0.00143	0.00215	0.00831	0.00492	0.00424
31	0.00869	0.01024	0.15405	0.02697	0.11564	0.00719	0.01840	0.01164	0.03166	0.01516	0.16869	0.05867	0.04409	0.00573	0.00434	0.00119	0.00401	0.00496	0.00311	0.30556
32	0.01131	0.01084	0.03293	0.05391	0.51214	0.01044	0.19578	0.01425	0.01058	0.06024	0.03665	0.01247	0.00849	0.00428	0.00472	0.00140	0.00576	0.00450	0.00253	0.00677
33	0.00671	0.00708	0.10662	0.00661	0.00845	0.00514	0.00580	0.00876	0.01096	0.02793	0.35580	0.14193	0.22669	0.01006	0.01770	0.00160	0.01991	0.00829	0.00417	0.01979
34	0.01130	0.13019	0.34428	0.01503	0.19755	0.04388	0.01296	0.07507	0.05335	0.03135	0.00881	0.01020	0.00679	0.00455	0.00457	0.00136	0.03609	0.00356	0.00243	0.00669
35	0.45772	0.11501	0.01123	0.04096	0.03974	0.22964	0.00700	0.01455	0.00941	0.01596	0.00664	0.00793	0.00541	0.00436	0.00349	0.00130	0.01922	0.00272	0.00251	0.00520
36	0.00567	0.00407	0.00542	0.00643	0.00680	0.00382	0.00445	0.00658	0.00888	0.01176	0.02553	0.74500	0.05336	0.01397	0.00581	0.00185	0.00275	0.07990	0.00420	0.00373
37	0.00948	0.01078	0.10299	0.30989	0.26602	0.03434	0.04945	0.01260	0.02409	0.01347	0.04592	0.01511	0.07619	0.00514	0.00462	0.00144	0.00552	0.00465	0.00246	0.00584
38	0.00802	0.00657	0.00987	0.00959	0.02691	0.00657	0.09981	0.01153	0.11048	0.01460	0.09501	0.13309	0.02355	0.01024	0.00571	0.00182	0.00414	0.39701	0.00402	0.02147
39	0.00895	0.01055	0.12707	0.60104	0.09680	0.01016	0.04395	0.01227	0.00931	0.01244	0.00825	0.01173	0.00622	0.00444	0.00451	0.00148	0.00608	0.00399	0.01529	0.00548
40	0.01003	0.01013	0.01367	0.01176	0.01186	0.03823	0.00976	0.01105	0.00713	0.01090	0.00615	0.01008	0.00609	0.00855	0.03687	0.00210	0.78473	0.00396	0.00201	0.00494
41	0.00657	0.00446	0.00528	0.00528	0.00539	0.00457	0.00316	0.00680	0.00669	0.00903	0.01397	0.02796	0.01574	0.72528	0.13752	0.00481	0.00550	0.00634	0.00270	0.00293
42	0.01559	0.00814	0.01022	0.00763	0.01136	0.00682	0.00623	0.06170	0.01195	0.43628	0.01338	0.01265	0.00913	0.00466	0.00405	0.00109	0.00371	0.00375	0.00433	0.36733
43	0.01180	0.01000	0.01054	0.00933	0.01198	0.01152	0.00730	0.09247	0.73505	0.01980	0.01777	0.01637	0.01329	0.00609	0.00460	0.00152	0.00371	0.00503	0.00460	0.00722
44	0.87276	0.00876	0.00666	0.00596	0.00876	0.01017	0.00491	0.01332	0.00771	0.02033	0.00631	0.00736	0.00491	0.00421	0.00280	0.00140	0.00351	0.00245	0.00280	0.00491
45	0.00648	0.00483	0.00715	0.00715	0.00791	0.00559	0.00550	0.00801	0.00724	0.01042	0.01226	0.01848	0.01162	0.08029	0.77690	0.00712	0.01169	0.00495	0.00245	0.00397

[dist]
# distance from previous block
# <min> <max>
0	123

# created by:
# /st0/software/busco_prod/Augustus/scripts/msa2prfl.pl ./align_prep/41101.fa
