[name]
unknown

[dist]
# distance from previous block
# <min> <max>
0	12

[block]
# block no. 0 follows, 69 sequences, length 43
# corresponding to MSA columns:
# 12-54
name=unknown_A
#
# <colnr> <probs for GDERKNQSTAVLIFYWHMCP>
#	G	D	E	R	K	N	Q	S	T	A	V	L	I	F	Y	W	H	M	C	P
0	0.00982	0.03637	0.28752	0.02527	0.07679	0.03445	0.01857	0.09466	0.31052	0.03131	0.01096	0.01166	0.00828	0.00456	0.00387	0.00126	0.00447	0.02085	0.00287	0.00594
1	0.00624	0.01393	0.00561	0.00557	0.00651	0.04381	0.00403	0.06642	0.02565	0.01216	0.15099	0.40876	0.20097	0.02446	0.00493	0.00144	0.00258	0.00860	0.00366	0.00368
2	0.00991	0.08016	0.49188	0.01110	0.03301	0.09330	0.09073	0.06404	0.00945	0.06216	0.00769	0.01563	0.00566	0.00388	0.00374	0.00119	0.00559	0.00315	0.00208	0.00566
3	0.02959	0.15699	0.20130	0.01182	0.12391	0.01045	0.12522	0.13429	0.02396	0.03682	0.01561	0.03062	0.01918	0.00482	0.02303	0.00131	0.03959	0.00359	0.00235	0.00554
4	0.00577	0.00371	0.00487	0.00546	0.00600	0.00340	0.00376	0.00656	0.00796	0.07412	0.03805	0.72259	0.08000	0.01147	0.00489	0.00154	0.00233	0.01032	0.00375	0.00347
5	0.01028	0.01037	0.03014	0.07386	0.30432	0.09188	0.21699	0.05046	0.07611	0.04181	0.00862	0.02612	0.00689	0.00405	0.00434	0.00124	0.03070	0.00391	0.00232	0.00560
6	0.01083	0.08419	0.15168	0.01469	0.29621	0.07739	0.07655	0.04907	0.07463	0.10160	0.00893	0.02163	0.00691	0.00401	0.00380	0.00117	0.00485	0.00352	0.00246	0.00586
7	0.00899	0.01157	0.14996	0.07913	0.19835	0.00957	0.45908	0.01223	0.00892	0.01240	0.00760	0.01001	0.00580	0.00346	0.00427	0.00127	0.00595	0.00402	0.00190	0.00550
8	0.00520	0.00394	0.00479	0.00470	0.00567	0.00353	0.00348	0.00667	0.01009	0.01361	0.51611	0.11691	0.27295	0.00902	0.00467	0.00130	0.00193	0.00786	0.00405	0.00353
9	0.02673	0.14502	0.16488	0.01058	0.09948	0.11789	0.06724	0.07034	0.02882	0.14294	0.04107	0.05059	0.00844	0.00451	0.00372	0.00116	0.00473	0.00370	0.00269	0.00550
10	0.00979	0.10125	0.36774	0.00984	0.04188	0.03537	0.07163	0.03682	0.00910	0.13239	0.04904	0.01208	0.02566	0.07454	0.00510	0.00140	0.00486	0.00367	0.00246	0.00537
11	0.00477	0.00344	0.00452	0.00539	0.00567	0.00319	0.00361	0.00547	0.00757	0.01004	0.02248	0.82029	0.06474	0.01217	0.00499	0.00158	0.00226	0.01101	0.00364	0.00319
12	0.01042	0.01178	0.18106	0.01313	0.12897	0.02141	0.21406	0.12217	0.14033	0.06878	0.00958	0.01063	0.00710	0.00449	0.01614	0.00133	0.02623	0.00384	0.00267	0.00588
13	0.09223	0.03546	0.14312	0.02506	0.05072	0.01970	0.05213	0.07746	0.02687	0.32258	0.01296	0.09131	0.02069	0.00560	0.00420	0.00139	0.00428	0.00450	0.00366	0.00609
14	0.00569	0.04042	0.00773	0.00680	0.00784	0.00469	0.11255	0.00690	0.00822	0.01091	0.10058	0.53072	0.10215	0.01045	0.02367	0.00157	0.00304	0.00907	0.00337	0.00361
15	0.00545	0.00395	0.00514	0.00495	0.00582	0.00364	0.00367	0.00716	0.01069	0.01503	0.73538	0.10784	0.05960	0.00847	0.00466	0.00127	0.00189	0.00751	0.00423	0.00364
16	0.00946	0.01143	0.18943	0.04303	0.38727	0.02562	0.07613	0.05256	0.04868	0.03591	0.02866	0.04568	0.00782	0.00426	0.00410	0.00123	0.01679	0.00390	0.00228	0.00578
17	0.00919	0.00875	0.01488	0.17313	0.66659	0.00906	0.01165	0.01155	0.00873	0.01227	0.00770	0.01087	0.00652	0.00379	0.00393	0.00121	0.00473	0.02770	0.00195	0.00580
18	0.00969	0.01042	0.02155	0.01551	0.01928	0.03398	0.73479	0.01280	0.00946	0.05223	0.03419	0.01119	0.00708	0.00355	0.00456	0.00130	0.00632	0.00461	0.00219	0.00528
19	0.04645	0.01191	0.01120	0.03046	0.07605	0.21846	0.00753	0.36607	0.07950	0.09988	0.00934	0.00957	0.00683	0.00445	0.00377	0.00115	0.00481	0.00334	0.00328	0.00592
20	0.03690	0.03446	0.07863	0.03041	0.26116	0.03999	0.07423	0.04264	0.02858	0.08346	0.05519	0.16095	0.03365	0.00578	0.00412	0.00127	0.00413	0.01649	0.00279	0.00518
21	0.00531	0.00393	0.00500	0.00536	0.00607	0.00369	0.00393	0.00682	0.03305	0.01224	0.27887	0.38321	0.13370	0.01028	0.00485	0.00146	0.00227	0.09261	0.00386	0.00349
22	0.00483	0.00386	0.00435	0.00465	0.00564	0.00338	0.00344	0.00583	0.00862	0.01068	0.05831	0.26058	0.52901	0.01058	0.00479	0.00143	0.00218	0.07087	0.00366	0.00331
23	0.06224	0.00790	0.00966	0.00771	0.01033	0.00804	0.04003	0.27345	0.06761	0.31231	0.07638	0.08345	0.01188	0.00557	0.00402	0.00125	0.00355	0.00461	0.00410	0.00593
24	0.00995	0.05113	0.05076	0.04587	0.48075	0.02529	0.15486	0.06724	0.05118	0.01341	0.00790	0.00984	0.00633	0.00366	0.00394	0.00119	0.00499	0.00363	0.00216	0.00591
25	0.01035	0.00829	0.00888	0.00790	0.01018	0.00944	0.00617	0.02070	0.76757	0.07987	0.01592	0.01453	0.01179	0.00528	0.00399	0.00132	0.00312	0.00439	0.00406	0.00624
26	0.76411	0.00755	0.00643	0.07060	0.00924	0.00875	0.00488	0.01198	0.04125	0.03688	0.00626	0.00720	0.00478	0.00376	0.00264	0.00123	0.00321	0.00237	0.00250	0.00439
27	0.00890	0.01232	0.20809	0.05646	0.16455	0.00964	0.42488	0.01219	0.00878	0.01233	0.00748	0.00981	0.00571	0.00360	0.00457	0.00129	0.03811	0.00393	0.00188	0.00548
28	0.02799	0.01072	0.01724	0.08905	0.14292	0.08686	0.36822	0.14153	0.01050	0.01398	0.00764	0.00975	0.00588	0.00385	0.00459	0.00126	0.04644	0.00388	0.00226	0.00543
29	0.00523	0.00377	0.00497	0.00527	0.00590	0.00351	0.00380	0.00654	0.00935	0.01286	0.41270	0.39347	0.05246	0.01009	0.00483	0.00142	0.00214	0.05426	0.00396	0.00346
30	0.00512	0.00374	0.00489	0.00562	0.00615	0.00350	0.00412	0.00614	0.00820	0.01078	0.07304	0.55010	0.11600	0.01146	0.00502	0.00158	0.00249	0.17504	0.00367	0.00332
31	0.01022	0.12696	0.41416	0.03596	0.01518	0.01051	0.07612	0.17910	0.02109	0.05237	0.00786	0.00882	0.00572	0.00396	0.00381	0.00119	0.01567	0.00315	0.00233	0.00582
32	0.00544	0.00418	0.00525	0.00577	0.00632	0.01964	0.00424	0.00645	0.00807	0.01062	0.08437	0.46486	0.10903	0.04194	0.05123	0.00189	0.02795	0.13592	0.00347	0.00335
33	0.00906	0.01192	0.14045	0.01557	0.01976	0.00979	0.68986	0.01271	0.02665	0.01262	0.00797	0.01033	0.00594	0.00341	0.00448	0.00131	0.00642	0.00437	0.00198	0.00538
34	0.00528	0.00391	0.00493	0.00489	0.00578	0.00356	0.00362	0.00679	0.01009	0.01381	0.54743	0.16632	0.17496	0.00910	0.00470	0.00132	0.00198	0.02392	0.00407	0.00355
35	0.01128	0.03180	0.08349	0.11725	0.34380	0.10858	0.03300	0.09670	0.01892	0.10534	0.00831	0.00973	0.00631	0.00392	0.00383	0.00117	0.00495	0.00339	0.00245	0.00580
36	0.07606	0.19861	0.01626	0.01299	0.17570	0.18644	0.18725	0.05430	0.00949	0.01215	0.00685	0.00850	0.00563	0.00437	0.02821	0.00125	0.00552	0.00315	0.00205	0.00520
37	0.00829	0.00945	0.10405	0.01151	0.04566	0.00820	0.31804	0.01297	0.18811	0.01386	0.16202	0.03263	0.02558	0.00521	0.00440	0.00132	0.00455	0.03607	0.00293	0.00515
38	0.02051	0.02429	0.01503	0.19537	0.60680	0.00938	0.02640	0.03312	0.00891	0.01253	0.00729	0.00976	0.00597	0.00361	0.00386	0.00119	0.00477	0.00347	0.00195	0.00577
39	0.08619	0.02470	0.04903	0.06915	0.09186	0.10532	0.10388	0.15392	0.06550	0.13671	0.00932	0.02586	0.00703	0.00446	0.00430	0.00123	0.04947	0.00363	0.00289	0.00557
40	0.03236	0.24619	0.08606	0.11811	0.17463	0.03233	0.13424	0.02921	0.00881	0.05177	0.02574	0.00930	0.00638	0.00379	0.00380	0.00114	0.02547	0.00327	0.00207	0.00531
41	0.00639	0.00425	0.00554	0.00576	0.00666	0.00402	0.00446	0.00771	0.00908	0.07565	0.19990	0.25655	0.13574	0.03385	0.00544	0.00157	0.01687	0.21308	0.00380	0.00369
42	0.15052	0.12984	0.08755	0.04081	0.07469	0.10908	0.07376	0.07963	0.03640	0.13827	0.00854	0.02497	0.00653	0.00417	0.00366	0.00116	0.01912	0.00325	0.00266	0.00537

[dist]
# distance from previous block
# <min> <max>
2	37

[block]
# block no. 1 follows, 69 sequences, length 43
# corresponding to MSA columns:
# 92-134
name=unknown_B
#
# <colnr> <probs for GDERKNQSTAVLIFYWHMCP>
#	G	D	E	R	K	N	Q	S	T	A	V	L	I	F	Y	W	H	M	C	P
0	0.05948	0.06951	0.02409	0.00809	0.05037	0.02062	0.03593	0.12937	0.03895	0.16120	0.03815	0.03670	0.04595	0.00570	0.03740	0.00129	0.03595	0.00378	0.00311	0.19437
1	0.05039	0.17472	0.09606	0.01077	0.10783	0.06187	0.08778	0.09110	0.05884	0.09581	0.00842	0.02201	0.00662	0.00421	0.00421	0.00115	0.06457	0.00332	0.00252	0.04778
2	0.02769	0.07205	0.05231	0.00602	0.02343	0.03400	0.00474	0.06773	0.00905	0.01181	0.10681	0.14956	0.25440	0.13305	0.01929	0.00173	0.00322	0.01612	0.00315	0.00384
3	0.01059	0.64506	0.10202	0.00781	0.03480	0.04544	0.00758	0.02455	0.01785	0.04302	0.00674	0.00748	0.01654	0.00361	0.00284	0.00092	0.00439	0.00244	0.00191	0.01440
4	0.00999	0.11953	0.03406	0.00737	0.00968	0.03352	0.00611	0.09675	0.31088	0.07522	0.05763	0.09644	0.01293	0.02266	0.00423	0.00129	0.00346	0.04560	0.00347	0.04921
5	0.02626	0.14357	0.06601	0.00829	0.01126	0.07273	0.00721	0.24964	0.25333	0.10579	0.01091	0.01059	0.00803	0.00456	0.00366	0.00117	0.00411	0.00348	0.00338	0.00603
6	0.05418	0.58798	0.14567	0.00805	0.02776	0.02270	0.03571	0.01232	0.00823	0.05708	0.00639	0.00722	0.00530	0.00352	0.00289	0.00097	0.00446	0.00244	0.00191	0.00523
7	0.00644	0.00438	0.00550	0.00528	0.00588	0.00452	0.00363	0.03921	0.00700	0.03779	0.04645	0.06416	0.02483	0.43847	0.26013	0.00400	0.00557	0.00539	0.00260	0.02877
8	0.01266	0.00570	0.00748	0.00612	0.00837	0.00505	0.00491	0.01449	0.03441	0.50097	0.24477	0.02037	0.10489	0.00628	0.00421	0.00123	0.00278	0.00529	0.00455	0.00548
9	0.03402	0.00892	0.00933	0.05576	0.03517	0.05441	0.00666	0.05555	0.64150	0.01597	0.03031	0.01367	0.01110	0.00510	0.00392	0.00129	0.00351	0.00420	0.00366	0.00593
10	0.04005	0.03925	0.01114	0.00971	0.01185	0.73912	0.00738	0.04317	0.01115	0.04330	0.00651	0.00736	0.00527	0.00407	0.00351	0.00103	0.00664	0.00259	0.00220	0.00471
11	0.04880	0.23293	0.51540	0.00990	0.01464	0.01091	0.04617	0.04169	0.00849	0.01224	0.00665	0.00783	0.00506	0.00370	0.00357	0.00115	0.02078	0.00277	0.00179	0.00551
12	0.01048	0.86458	0.02054	0.00671	0.01006	0.01551	0.00671	0.01174	0.00797	0.00922	0.00545	0.00629	0.00503	0.00335	0.00252	0.00084	0.00419	0.00210	0.00168	0.00503
13	0.00477	0.00365	0.00438	0.00488	0.00555	0.00326	0.00340	0.00564	0.00824	0.01056	0.07650	0.50920	0.32354	0.01117	0.00485	0.00147	0.00214	0.00985	0.00368	0.00326
14	0.00568	0.00502	0.04834	0.00522	0.00651	0.00415	0.00424	0.00790	0.04311	0.01473	0.62937	0.02901	0.16593	0.00800	0.00455	0.00125	0.00213	0.00696	0.00405	0.00384
15	0.02302	0.03337	0.12857	0.01487	0.01890	0.00972	0.64392	0.01245	0.02154	0.01270	0.03607	0.01080	0.00692	0.00356	0.00441	0.00129	0.00617	0.00438	0.00205	0.00529
16	0.00478	0.00341	0.00455	0.00546	0.00569	0.00318	0.00364	0.00546	0.00751	0.01001	0.02161	0.85966	0.02593	0.01228	0.00500	0.00159	0.00227	0.01114	0.00364	0.00318
17	0.00555	0.00401	0.00524	0.00493	0.00586	0.00370	0.00370	0.00740	0.01110	0.01572	0.83570	0.02928	0.03699	0.00801	0.00462	0.00123	0.00185	0.00709	0.00432	0.00370
18	0.55198	0.00817	0.03627	0.00660	0.02825	0.00876	0.00535	0.03016	0.18092	0.08076	0.00876	0.00900	0.00652	0.00412	0.00299	0.00123	0.00321	0.00287	0.01910	0.00498
19	0.00786	0.02028	0.84191	0.01117	0.01697	0.00910	0.01448	0.01242	0.00828	0.01242	0.00704	0.00828	0.00497	0.00372	0.00372	0.00124	0.00579	0.00290	0.00166	0.00579
20	0.00478	0.00341	0.00455	0.00546	0.00569	0.00318	0.00364	0.00546	0.00751	0.01001	0.02161	0.85966	0.02593	0.01228	0.00500	0.00159	0.00227	0.01114	0.00364	0.00318
21	0.00925	0.01058	0.02313	0.01652	0.02049	0.00991	0.82353	0.01256	0.00925	0.01256	0.00793	0.01058	0.00595	0.00330	0.00463	0.00132	0.00661	0.00463	0.00198	0.00529
22	0.63182	0.03707	0.00717	0.00588	0.00833	0.00917	0.00483	0.10351	0.07703	0.02965	0.00825	0.02522	0.03020	0.00426	0.00287	0.00122	0.00318	0.00286	0.00279	0.00470
23	0.00909	0.01174	0.12158	0.01588	0.02007	0.00982	0.72625	0.01254	0.00914	0.01254	0.00782	0.01030	0.00583	0.00336	0.00452	0.00131	0.00651	0.00442	0.00194	0.00535
24	0.00478	0.00341	0.00455	0.00546	0.00569	0.00318	0.00364	0.00546	0.00751	0.01001	0.02161	0.85966	0.02593	0.01228	0.00500	0.00159	0.00227	0.01114	0.00364	0.00318
25	0.01048	0.57322	0.07180	0.00742	0.01049	0.13444	0.00707	0.02425	0.03770	0.01006	0.00807	0.04475	0.03770	0.00420	0.00300	0.00096	0.00451	0.00294	0.00200	0.00493
26	0.00959	0.00826	0.00783	0.01993	0.00880	0.15937	0.00543	0.10028	0.09378	0.07582	0.05076	0.13151	0.09323	0.11280	0.04768	0.00185	0.04194	0.02352	0.00319	0.00442
27	0.00509	0.00396	0.00532	0.00563	0.00638	0.00362	0.03623	0.00611	0.00827	0.01071	0.06980	0.50110	0.23442	0.01097	0.00491	0.00151	0.00246	0.07654	0.00361	0.00336
28	0.00822	0.13466	0.73064	0.01057	0.01603	0.00997	0.01343	0.01232	0.00823	0.01198	0.00682	0.00801	0.00497	0.00367	0.00356	0.00119	0.00558	0.00279	0.00166	0.00569
29	0.00894	0.15220	0.44704	0.00989	0.03009	0.00942	0.05135	0.01258	0.05266	0.07451	0.00875	0.03950	0.00692	0.00619	0.07185	0.00160	0.00548	0.00342	0.00215	0.00546
30	0.00782	0.00740	0.01251	0.70197	0.17456	0.00882	0.01110	0.01038	0.00804	0.01052	0.00704	0.01032	0.00541	0.00384	0.00391	0.00128	0.00512	0.00349	0.00178	0.00469
31	0.04015	0.01114	0.01089	0.00872	0.01157	0.11989	0.00705	0.51856	0.11205	0.10479	0.01025	0.01003	0.00732	0.00468	0.00384	0.00118	0.00439	0.00351	0.00373	0.00627
32	0.00513	0.00418	0.00454	0.00452	0.00573	0.00372	0.00342	0.00671	0.04409	0.01169	0.17391	0.05478	0.58098	0.03075	0.00504	0.00140	0.00215	0.05005	0.00374	0.00349
33	0.00817	0.00766	0.01153	0.68044	0.06858	0.05539	0.01021	0.03068	0.00839	0.02574	0.00791	0.05383	0.00645	0.00437	0.00395	0.00129	0.00509	0.00383	0.00198	0.00451
34	0.00740	0.00697	0.01176	0.85280	0.02700	0.00871	0.01089	0.01002	0.00784	0.01002	0.00697	0.01045	0.00523	0.00392	0.00392	0.00131	0.00523	0.00348	0.00174	0.00436
35	0.03879	0.00598	0.00663	0.00629	0.00770	0.01794	0.00477	0.07688	0.22630	0.02963	0.19335	0.22921	0.08747	0.00802	0.00439	0.00136	0.00269	0.03172	0.01637	0.00452
36	0.00948	0.00589	0.00676	0.00593	0.00750	0.05197	0.00455	0.05225	0.01997	0.21819	0.28802	0.02224	0.11391	0.08927	0.08459	0.00194	0.00366	0.00558	0.00383	0.00448
37	0.01464	0.01868	0.01111	0.01010	0.01212	0.84648	0.00757	0.01565	0.01111	0.00959	0.00606	0.00707	0.00505	0.00404	0.00353	0.00101	0.00707	0.00252	0.00202	0.00454
38	0.01436	0.01010	0.01066	0.00837	0.01122	0.05352	0.00684	0.58361	0.03099	0.13521	0.03580	0.01131	0.02456	0.00518	0.01348	0.00123	0.00418	0.00376	0.02935	0.00627
39	0.04261	0.00877	0.00961	0.06329	0.02515	0.08003	0.02572	0.11049	0.29789	0.03046	0.02277	0.04981	0.01008	0.09351	0.00668	0.00158	0.10899	0.00433	0.00309	0.00512
40	0.00785	0.00680	0.01093	0.01489	0.41980	0.00659	0.03375	0.00960	0.00886	0.04036	0.08505	0.21831	0.10727	0.00675	0.00432	0.00130	0.00356	0.00622	0.00284	0.00493
41	0.05972	0.03723	0.01095	0.03948	0.10284	0.00930	0.06760	0.15284	0.29293	0.02748	0.06159	0.02723	0.06943	0.00526	0.00411	0.00126	0.01739	0.00445	0.00332	0.00558
42	0.05695	0.17562	0.17797	0.02522	0.17781	0.06370	0.04172	0.05827	0.02041	0.03338	0.02119	0.06101	0.01761	0.02614	0.01522	0.00129	0.01532	0.00368	0.00225	0.00525

[dist]
# distance from previous block
# <min> <max>
0	4

[block]
# block no. 2 follows, 69 sequences, length 16
# corresponding to MSA columns:
# 139-154
name=unknown_C
#
# <colnr> <probs for GDERKNQSTAVLIFYWHMCP>
#	G	D	E	R	K	N	Q	S	T	A	V	L	I	F	Y	W	H	M	C	P
0	0.04773	0.22312	0.12093	0.01928	0.09437	0.09393	0.00817	0.08946	0.17200	0.08066	0.00918	0.00952	0.00701	0.00414	0.00346	0.00112	0.00442	0.00314	0.00269	0.00568
1	0.05190	0.44044	0.16020	0.05317	0.03762	0.01222	0.04192	0.05454	0.02439	0.08007	0.00720	0.00804	0.00567	0.00369	0.00314	0.00104	0.00450	0.00273	0.00215	0.00538
2	0.00683	0.00537	0.00722	0.05037	0.10915	0.00521	0.00528	0.02153	0.04679	0.03681	0.08812	0.21006	0.14002	0.08293	0.07405	0.00189	0.00360	0.00644	0.00308	0.09524
3	0.00480	0.00369	0.00440	0.00482	0.00555	0.00329	0.00339	0.00573	0.00844	0.01083	0.11378	0.45175	0.34363	0.01092	0.00482	0.00145	0.00212	0.00960	0.00371	0.00329
4	0.04999	0.00722	0.04080	0.00701	0.00994	0.00618	0.00594	0.04480	0.03650	0.66250	0.04289	0.03401	0.02358	0.00514	0.00394	0.00123	0.00335	0.00418	0.00451	0.00629
5	0.00887	0.00693	0.00811	0.00597	0.00922	0.00549	0.00477	0.05336	0.00889	0.06848	0.00942	0.03839	0.03877	0.00372	0.00316	0.00072	0.00295	0.00302	0.00267	0.71711
6	0.00511	0.00399	0.00552	0.00579	0.00651	0.00366	0.04564	0.00612	0.00818	0.01069	0.07190	0.55459	0.19120	0.01101	0.00491	0.00151	0.00249	0.05422	0.00359	0.00337
7	0.00821	0.00645	0.00765	0.04033	0.00933	0.00570	0.00496	0.06421	0.06729	0.03107	0.01113	0.15155	0.01041	0.00515	0.00351	0.00094	0.00295	0.02464	0.06294	0.48158
8	0.01401	0.01729	0.01104	0.05461	0.01281	0.73318	0.00767	0.03885	0.05519	0.01042	0.00674	0.00772	0.00548	0.00412	0.00359	0.00105	0.00668	0.00271	0.00217	0.00468
9	0.01202	0.00848	0.01077	0.10553	0.12690	0.09231	0.03823	0.05713	0.04471	0.27406	0.02419	0.04374	0.05283	0.00523	0.00447	0.00125	0.04664	0.02580	0.00326	0.02244
10	0.00998	0.76539	0.04254	0.00672	0.00989	0.01436	0.00667	0.01129	0.00781	0.00925	0.00601	0.00754	0.00562	0.03785	0.04436	0.00123	0.00453	0.00236	0.00172	0.00488
11	0.79057	0.00782	0.00635	0.00553	0.00803	0.00896	0.00455	0.07680	0.00777	0.04587	0.00611	0.00685	0.00462	0.00377	0.00260	0.00121	0.00315	0.00230	0.00263	0.00452
12	0.00883	0.23896	0.49537	0.00934	0.01383	0.01027	0.01106	0.03564	0.00865	0.03633	0.02398	0.03304	0.00728	0.00438	0.00356	0.00117	0.00497	0.04588	0.00203	0.00542
13	0.00674	0.02762	0.24660	0.00693	0.00962	0.00600	0.00702	0.00932	0.04429	0.02171	0.03194	0.10502	0.23531	0.02323	0.03694	0.00148	0.01982	0.02482	0.04948	0.08612
14	0.00873	0.00665	0.00793	0.00589	0.00906	0.00511	0.00467	0.01037	0.00837	0.08930	0.00895	0.07788	0.00780	0.00385	0.00317	0.00072	0.00289	0.00319	0.00266	0.73281
15	0.03531	0.07290	0.06326	0.00787	0.02679	0.05543	0.04314	0.12117	0.07769	0.09469	0.06490	0.04601	0.02322	0.02416	0.00399	0.00110	0.00378	0.00381	0.00300	0.22777

[dist]
# distance from previous block
# <min> <max>
0	15

[block]
# block no. 3 follows, 69 sequences, length 35
# corresponding to MSA columns:
# 170-204
name=unknown_D
#
# <colnr> <probs for GDERKNQSTAVLIFYWHMCP>
#	G	D	E	R	K	N	Q	S	T	A	V	L	I	F	Y	W	H	M	C	P
0	0.04191	0.06146	0.05294	0.00646	0.04085	0.02284	0.00495	0.00900	0.03219	0.06568	0.10989	0.16548	0.12605	0.11153	0.00636	0.02989	0.00310	0.01910	0.02038	0.06992
1	0.00572	0.00389	0.00481	0.00490	0.00513	0.00401	0.00315	0.00625	0.02107	0.00858	0.02659	0.12802	0.01480	0.51401	0.16877	0.04582	0.00473	0.00596	0.02100	0.00277
2	0.00826	0.00695	0.00811	0.00586	0.00926	0.00532	0.00468	0.01024	0.02952	0.02466	0.02239	0.00876	0.00659	0.00309	0.00298	0.00062	0.00290	0.00249	0.00244	0.83490
3	0.02714	0.00905	0.07624	0.08492	0.29732	0.02380	0.00907	0.04473	0.09257	0.14462	0.04061	0.04959	0.02725	0.00488	0.00444	0.00126	0.04987	0.00414	0.00285	0.00565
4	0.01083	0.03147	0.00981	0.02694	0.01099	0.07869	0.00661	0.13120	0.61196	0.01667	0.01377	0.01298	0.01034	0.00505	0.00390	0.00127	0.00367	0.00407	0.00371	0.00606
5	0.00533	0.00409	0.00555	0.00664	0.06949	0.00383	0.00428	0.00645	0.00852	0.01147	0.18843	0.49399	0.12612	0.01079	0.02246	0.00156	0.00253	0.02131	0.00361	0.00355
6	0.27764	0.08428	0.10529	0.03524	0.17657	0.02909	0.08273	0.04940	0.00867	0.08242	0.00749	0.00898	0.00581	0.02629	0.00379	0.00125	0.00436	0.00307	0.00238	0.00525
7	0.04131	0.29872	0.40547	0.00974	0.02885	0.02730	0.06052	0.01223	0.00836	0.03272	0.02781	0.00836	0.00599	0.00375	0.00346	0.00111	0.01420	0.00285	0.00187	0.00539
8	0.00549	0.00371	0.00434	0.00455	0.00460	0.00366	0.00267	0.00565	0.00612	0.00815	0.01448	0.21705	0.01693	0.66718	0.01652	0.00329	0.00345	0.00695	0.00267	0.00256
9	0.00887	0.01113	0.20762	0.05178	0.27587	0.03912	0.04437	0.06041	0.03403	0.03029	0.04105	0.08906	0.06215	0.00517	0.00422	0.00126	0.02123	0.00453	0.00246	0.00538
10	0.01166	0.18389	0.09336	0.03423	0.17823	0.13263	0.04312	0.15023	0.06212	0.06217	0.00813	0.00903	0.00629	0.00397	0.00359	0.00111	0.00489	0.00315	0.00250	0.00571
11	0.00491	0.00373	0.00440	0.00483	0.00551	0.00337	0.00338	0.00572	0.00804	0.01022	0.05044	0.39776	0.33686	0.09797	0.00640	0.00171	0.00237	0.04566	0.00353	0.00318
12	0.07078	0.29227	0.04196	0.00942	0.05149	0.05971	0.02441	0.22540	0.10017	0.04665	0.00933	0.01015	0.00742	0.00474	0.00377	0.00126	0.00460	0.00333	0.00310	0.03005
13	0.01087	0.48210	0.01709	0.01093	0.19625	0.06010	0.00785	0.02047	0.00861	0.07189	0.00686	0.00801	0.00581	0.00433	0.02551	0.00112	0.03116	0.00269	0.00204	0.02632
14	0.00873	0.11573	0.11141	0.02495	0.03775	0.02832	0.00631	0.03138	0.04201	0.12368	0.17868	0.08406	0.11300	0.04191	0.03372	0.00150	0.00367	0.00531	0.00322	0.00467
15	0.03084	0.24466	0.07091	0.02525	0.15653	0.07056	0.07235	0.10942	0.06128	0.05460	0.02075	0.02158	0.00710	0.00418	0.00378	0.00113	0.02628	0.01084	0.00245	0.00552
16	0.00488	0.00364	0.00455	0.00510	0.00568	0.00331	0.00356	0.00582	0.00834	0.01095	0.13560	0.54806	0.20602	0.01115	0.00488	0.00149	0.00218	0.02777	0.00373	0.00329
17	0.00546	0.00437	0.03157	0.00510	0.00588	0.00390	0.00379	0.00660	0.00802	0.01105	0.19326	0.19932	0.14352	0.17695	0.13137	0.00254	0.00373	0.00709	0.05315	0.00331
18	0.00874	0.05227	0.12124	0.25434	0.20882	0.00926	0.15504	0.02059	0.02722	0.03017	0.00873	0.02941	0.02809	0.00413	0.00420	0.00126	0.02534	0.00387	0.00205	0.00523
19	0.00496	0.00348	0.00464	0.00540	0.00570	0.00325	0.00366	0.00560	0.00764	0.01020	0.06698	0.72908	0.04767	0.01202	0.00554	0.04992	0.00233	0.02520	0.00357	0.00314
20	0.09978	0.00598	0.00724	0.00599	0.00825	0.00565	0.00483	0.05123	0.01010	0.45674	0.01405	0.06916	0.01038	0.00524	0.00360	0.00117	0.00292	0.01670	0.21554	0.00543
21	0.00879	0.02863	0.17007	0.12883	0.28255	0.01913	0.05001	0.01169	0.03770	0.05180	0.06814	0.04169	0.02186	0.00478	0.00428	0.00127	0.02923	0.03184	0.00237	0.00534
22	0.00569	0.00385	0.00453	0.00453	0.00461	0.00394	0.00269	0.00586	0.00578	0.00779	0.01212	0.02438	0.01370	0.75873	0.12269	0.00411	0.00463	0.00551	0.00234	0.00252
23	0.00560	0.00419	0.00623	0.00623	0.00691	0.00486	0.00481	0.00696	0.00628	0.00905	0.01056	0.01575	0.00995	0.05762	0.81868	0.00622	0.01027	0.00425	0.00211	0.00346
24	0.06944	0.09259	0.67860	0.01059	0.01586	0.00967	0.04631	0.01230	0.00818	0.01250	0.00682	0.00807	0.00496	0.00367	0.00357	0.00121	0.00550	0.00284	0.00172	0.00560
25	0.00533	0.00394	0.00526	0.06305	0.02073	0.00377	0.00420	0.00635	0.00815	0.02403	0.09534	0.57032	0.14042	0.01062	0.00477	0.00148	0.00244	0.00950	0.01685	0.00344
26	0.00487	0.00366	0.00452	0.00502	0.00564	0.00331	0.00351	0.00582	0.00841	0.01101	0.14459	0.51794	0.23503	0.01104	0.00486	0.00147	0.00216	0.02009	0.00374	0.00330
27	0.00782	0.00624	0.00766	0.00612	0.02338	0.00493	0.01964	0.00943	0.00856	0.05295	0.07332	0.08948	0.08871	0.00490	0.00348	0.00085	0.00280	0.00418	0.00282	0.58273
28	0.00788	0.00802	0.09748	0.00656	0.00986	0.00552	0.02672	0.00980	0.00812	0.02831	0.00925	0.07874	0.02557	0.03420	0.00386	0.00089	0.00328	0.00344	0.00243	0.63008
29	0.01094	0.09106	0.02738	0.00802	0.02026	0.15684	0.00645	0.15202	0.22107	0.04588	0.06710	0.03570	0.05242	0.00537	0.00384	0.00117	0.00404	0.03190	0.00326	0.05529
30	0.03852	0.07855	0.19863	0.00878	0.03226	0.03597	0.07162	0.05691	0.02767	0.08720	0.07818	0.17171	0.03008	0.00639	0.00413	0.00130	0.00409	0.06013	0.00295	0.00490
31	0.02666	0.04433	0.16514	0.02595	0.20236	0.03693	0.10790	0.07436	0.00975	0.12127	0.02537	0.05278	0.00787	0.00429	0.00385	0.00116	0.00462	0.00383	0.00259	0.07900
32	0.00865	0.10104	0.54374	0.01073	0.01541	0.02972	0.08456	0.04372	0.00866	0.01232	0.00731	0.03035	0.00571	0.00405	0.00415	0.00121	0.04825	0.00321	0.00186	0.03536
33	0.00804	0.01213	0.27453	0.05180	0.05034	0.05172	0.21244	0.01110	0.02462	0.01192	0.02560	0.08841	0.08306	0.00522	0.00428	0.00128	0.01500	0.02298	0.00229	0.04323
34	0.02641	0.13271	0.34582	0.02313	0.03743	0.05616	0.02935	0.03992	0.02354	0.15140	0.03048	0.02559	0.00741	0.01964	0.00425	0.00124	0.03413	0.00337	0.00248	0.00553

[dist]
# distance from previous block
# <min> <max>
14	30

[block]
# block no. 4 follows, 69 sequences, length 29
# corresponding to MSA columns:
# 236-264
name=unknown_E
#
# <colnr> <probs for GDERKNQSTAVLIFYWHMCP>
#	G	D	E	R	K	N	Q	S	T	A	V	L	I	F	Y	W	H	M	C	P
0	0.02155	0.07266	0.22505	0.01953	0.17739	0.02789	0.05257	0.04628	0.04753	0.06463	0.02792	0.02158	0.03728	0.00498	0.00495	0.02588	0.07804	0.02660	0.00238	0.01532
1	0.00894	0.03230	0.17130	0.03516	0.19049	0.00719	0.02840	0.01148	0.02210	0.09884	0.06620	0.01592	0.04481	0.02435	0.00429	0.00123	0.00406	0.08556	0.00268	0.14470
2	0.00885	0.04483	0.24885	0.13465	0.08624	0.07631	0.06178	0.06155	0.02130	0.01257	0.03114	0.07052	0.00831	0.00463	0.00384	0.00119	0.00485	0.02061	0.02693	0.07105
3	0.00902	0.00602	0.02801	0.00702	0.04306	0.00556	0.00528	0.10777	0.01049	0.16621	0.18832	0.22971	0.09414	0.00788	0.00461	0.00133	0.02213	0.02911	0.00383	0.03050
4	0.03749	0.15265	0.16453	0.01304	0.25374	0.02702	0.01880	0.08683	0.04442	0.05023	0.00849	0.05138	0.00715	0.01228	0.00411	0.00119	0.03566	0.00354	0.00235	0.02509
5	0.02990	0.19580	0.04919	0.05452	0.10362	0.14368	0.05991	0.10807	0.00997	0.06513	0.00885	0.08851	0.00787	0.02205	0.00409	0.00118	0.01676	0.00382	0.00248	0.02462
6	0.00575	0.00424	0.00556	0.00560	0.00623	0.00441	0.00396	0.00700	0.03818	0.00942	0.01359	0.21570	0.01461	0.24528	0.34297	0.00398	0.00602	0.00612	0.00262	0.05875
7	0.01291	0.09391	0.03827	0.00941	0.05640	0.02656	0.00755	0.50571	0.14207	0.02015	0.00970	0.00981	0.00719	0.00449	0.00374	0.00114	0.00417	0.00344	0.00344	0.03992
8	0.00970	0.08707	0.19464	0.02699	0.32622	0.00947	0.06622	0.08266	0.00958	0.03442	0.03057	0.00963	0.00675	0.00374	0.00371	0.00112	0.00470	0.00332	0.00220	0.08728
9	0.06291	0.26066	0.27046	0.01136	0.15087	0.01075	0.04758	0.02887	0.03160	0.04783	0.02545	0.00923	0.01868	0.00385	0.00342	0.00111	0.00466	0.00307	0.00211	0.00551
10	0.00927	0.18517	0.27510	0.01202	0.01627	0.01057	0.33280	0.01285	0.04857	0.03519	0.02093	0.00957	0.00635	0.00366	0.00387	0.00120	0.00553	0.00359	0.00203	0.00545
11	0.00620	0.00475	0.01704	0.00727	0.07399	0.00435	0.02321	0.00770	0.03155	0.04976	0.14118	0.45870	0.10845	0.00979	0.00473	0.00145	0.00264	0.03976	0.00360	0.00386
12	0.03494	0.45419	0.07204	0.00717	0.01005	0.14217	0.00670	0.01203	0.02964	0.04227	0.07243	0.01156	0.08138	0.00454	0.00320	0.00100	0.00429	0.00328	0.00230	0.00482
13	0.05568	0.23331	0.41927	0.00899	0.01323	0.03384	0.01022	0.04916	0.04215	0.04078	0.02973	0.03252	0.00691	0.00414	0.00343	0.00114	0.00481	0.00311	0.00214	0.00544
14	0.00696	0.00461	0.00605	0.02302	0.00736	0.00441	0.02238	0.00865	0.05281	0.11295	0.07663	0.30218	0.20365	0.02657	0.08283	0.00192	0.00336	0.04610	0.00361	0.00394
15	0.00584	0.00414	0.00510	0.00501	0.00515	0.00447	0.00322	0.00617	0.00584	0.00800	0.01159	0.02267	0.01286	0.64899	0.18462	0.00419	0.05187	0.00528	0.00228	0.00271
16	0.01170	0.47189	0.03861	0.00862	0.04118	0.31491	0.00731	0.01302	0.00926	0.00982	0.03748	0.00763	0.00630	0.00379	0.00305	0.00094	0.00520	0.00251	0.00191	0.00487
17	0.00951	0.31162	0.30517	0.01021	0.08325	0.07176	0.02375	0.01291	0.08350	0.01142	0.00808	0.02578	0.01922	0.00401	0.00338	0.00110	0.00487	0.00306	0.00200	0.00541
18	0.00504	0.00363	0.00470	0.00517	0.00563	0.00337	0.00355	0.00602	0.00844	0.01146	0.24763	0.54111	0.06192	0.06603	0.00585	0.00162	0.00224	0.00955	0.00375	0.00328
19	0.01695	0.00699	0.00921	0.00714	0.01012	0.00632	0.00587	0.05653	0.06516	0.74880	0.01522	0.01325	0.00971	0.00488	0.00394	0.00122	0.00337	0.00396	0.00475	0.00664
20	0.00818	0.00786	0.04191	0.69807	0.04711	0.04041	0.01042	0.01069	0.00821	0.05144	0.00840	0.01122	0.03151	0.00414	0.00392	0.00128	0.00511	0.00360	0.00197	0.00455
21	0.00570	0.00412	0.00556	0.00556	0.00602	0.00455	0.00396	0.00676	0.02227	0.00870	0.01151	0.03502	0.01181	0.33907	0.50620	0.00518	0.00770	0.00489	0.00227	0.00313
22	0.00486	0.00357	0.00442	0.00504	0.00548	0.00328	0.00339	0.00556	0.00770	0.01003	0.04408	0.59567	0.18576	0.09407	0.00637	0.00174	0.00235	0.00995	0.00353	0.00314
23	0.88991	0.00758	0.00576	0.00516	0.00758	0.00879	0.00425	0.01152	0.00667	0.01759	0.00546	0.00637	0.00425	0.00364	0.00243	0.00121	0.00303	0.00212	0.00243	0.00425
24	0.00536	0.00380	0.00485	0.00508	0.00580	0.00347	0.00362	0.00657	0.00923	0.03101	0.35263	0.39639	0.13745	0.01008	0.00478	0.00140	0.00209	0.00897	0.00394	0.00349
25	0.00957	0.00942	0.03790	0.34222	0.18152	0.08425	0.00957	0.09904	0.09825	0.01313	0.02678	0.01057	0.00702	0.00411	0.00384	0.00120	0.00477	0.00351	0.00237	0.05094
26	0.00883	0.01905	0.02476	0.00674	0.00820	0.03489	0.00539	0.14313	0.04500	0.06712	0.16489	0.03388	0.13676	0.08322	0.02991	0.02559	0.12192	0.00521	0.03108	0.00441
27	0.00719	0.00671	0.01113	0.75509	0.04179	0.00821	0.01018	0.00964	0.00791	0.01011	0.00942	0.04316	0.05440	0.00457	0.00400	0.00132	0.00492	0.00404	0.00193	0.00429
28	0.00823	0.00772	0.01293	0.59917	0.25591	0.00896	0.01113	0.02922	0.00839	0.01114	0.00714	0.01022	0.00554	0.00382	0.00391	0.00126	0.00504	0.00349	0.00185	0.00493

[dist]
# distance from previous block
# <min> <max>
0	5

# created by:
# /st0/software/busco_prod/Augustus/scripts/msa2prfl.pl ./align_prep/41181.fa
