[name]
unknown

[dist]
# distance from previous block
# <min> <max>
0	71

[block]
# block no. 0 follows, 67 sequences, length 26
# corresponding to MSA columns:
# 71-96
name=unknown_A
#
# <colnr> <probs for GDERKNQSTAVLIFYWHMCP>
#	G	D	E	R	K	N	Q	S	T	A	V	L	I	F	Y	W	H	M	C	P
0	0.02105	0.00573	0.00804	0.00867	0.09846	0.00559	0.02922	0.04080	0.04023	0.05085	0.23396	0.12035	0.02211	0.00822	0.00485	0.01224	0.00321	0.23351	0.00363	0.04927
1	0.00584	0.00397	0.00490	0.00490	0.00507	0.00415	0.00308	0.00613	0.00596	0.00812	0.01202	0.02332	0.01326	0.63519	0.21829	0.02984	0.00553	0.00540	0.00234	0.00269
2	0.00575	0.00420	0.00597	0.00597	0.00652	0.00475	0.00442	0.00685	0.00630	0.00896	0.01118	0.01818	0.01108	0.22164	0.65304	0.00585	0.00916	0.00465	0.00221	0.00331
3	0.00910	0.00875	0.01507	0.30738	0.53037	0.00934	0.03867	0.01162	0.00876	0.01211	0.00742	0.01022	0.00600	0.00372	0.00401	0.00125	0.00503	0.00361	0.00192	0.00567
4	0.00552	0.00416	0.00473	0.00454	0.00579	0.00362	0.00342	0.00690	0.01008	0.03876	0.34897	0.03444	0.49625	0.00923	0.00471	0.00131	0.00202	0.00785	0.00403	0.00365
5	0.00975	0.00875	0.01083	0.00952	0.03296	0.00987	0.09440	0.01938	0.66692	0.01601	0.03917	0.01464	0.01197	0.00530	0.00445	0.00136	0.03029	0.00458	0.00374	0.00611
6	0.00735	0.00744	0.01489	0.01168	0.01397	0.00697	0.44311	0.00950	0.00864	0.01164	0.01457	0.40096	0.01552	0.00762	0.00491	0.00148	0.00472	0.00781	0.00281	0.00442
7	0.00883	0.00663	0.00916	0.05850	0.09197	0.00693	0.03959	0.09893	0.07060	0.09135	0.12774	0.18796	0.09131	0.00810	0.03142	0.00154	0.05485	0.00630	0.00347	0.00484
8	0.00775	0.00730	0.01234	0.78879	0.08690	0.00896	0.01122	0.01040	0.00810	0.01046	0.00716	0.01064	0.00542	0.00398	0.00401	0.00133	0.00530	0.00356	0.00180	0.00459
9	0.01525	0.01123	0.01204	0.00923	0.01244	0.01244	0.00762	0.82067	0.01886	0.02528	0.00963	0.00963	0.00682	0.00481	0.00401	0.00120	0.00441	0.00361	0.00401	0.00682
10	0.01019	0.00702	0.00829	0.00728	0.00924	0.00737	0.02486	0.11662	0.29149	0.14490	0.06665	0.18106	0.06603	0.03397	0.00488	0.00145	0.00316	0.00613	0.00404	0.00540
11	0.00479	0.00404	0.00415	0.00417	0.00546	0.00340	0.00311	0.00584	0.00919	0.01106	0.07809	0.07072	0.76199	0.01016	0.00475	0.00136	0.00204	0.00852	0.00376	0.00340
12	0.71074	0.00758	0.00669	0.03916	0.00895	0.00849	0.00487	0.01299	0.00763	0.15109	0.00731	0.00784	0.00529	0.00394	0.00280	0.00124	0.00324	0.00253	0.00286	0.00475
13	0.00588	0.00426	0.00560	0.02626	0.00726	0.00426	0.00476	0.00776	0.06325	0.01168	0.06313	0.47953	0.02394	0.01087	0.00500	0.00161	0.00277	0.22178	0.04672	0.00366
14	0.00859	0.00765	0.00862	0.00633	0.00966	0.03670	0.00506	0.01030	0.00832	0.01278	0.00700	0.00830	0.00588	0.00321	0.00349	0.00067	0.04470	0.00244	0.00233	0.80796
15	0.00929	0.03652	0.10795	0.03695	0.22945	0.00841	0.15428	0.01166	0.00876	0.05026	0.03585	0.01037	0.00722	0.00424	0.00476	0.03622	0.04461	0.00355	0.00223	0.19745
16	0.00966	0.00783	0.01181	0.07423	0.32023	0.00810	0.03732	0.04313	0.12681	0.09165	0.10345	0.05918	0.04769	0.00577	0.01642	0.00136	0.02188	0.00484	0.00306	0.00559
17	0.00812	0.00676	0.00785	0.00785	0.05761	0.00738	0.00562	0.03789	0.39595	0.01442	0.10080	0.05491	0.12072	0.05036	0.09315	0.00201	0.00383	0.01606	0.00364	0.00508
18	0.00904	0.00866	0.01379	0.45692	0.29064	0.04015	0.04513	0.05032	0.00907	0.01199	0.00746	0.01036	0.00585	0.00434	0.01878	0.00136	0.00533	0.00360	0.00198	0.00522
19	0.03533	0.20234	0.06780	0.02204	0.13288	0.12155	0.07644	0.10394	0.03417	0.10284	0.00891	0.04770	0.00727	0.00442	0.00381	0.00116	0.01560	0.00358	0.00262	0.00561
20	0.00848	0.00814	0.00733	0.00677	0.00846	0.14327	0.00515	0.01334	0.29820	0.01400	0.21276	0.02310	0.22079	0.00705	0.00432	0.00128	0.00325	0.00583	0.00374	0.00473
21	0.00679	0.00418	0.00535	0.00539	0.00637	0.00379	0.00395	0.00803	0.00943	0.11156	0.24889	0.35997	0.14224	0.00980	0.00476	0.00142	0.00232	0.03017	0.03171	0.00388
22	0.01036	0.01001	0.09684	0.12086	0.21060	0.03991	0.08050	0.06799	0.11706	0.09998	0.02459	0.05739	0.00897	0.02005	0.00453	0.00134	0.01626	0.00428	0.00280	0.00569
23	0.01374	0.00850	0.01055	0.07121	0.06799	0.00892	0.00721	0.26914	0.13696	0.28369	0.05204	0.01295	0.01007	0.00551	0.02175	0.00136	0.00401	0.00407	0.00401	0.00633
24	0.00500	0.00360	0.00473	0.00559	0.00592	0.00336	0.00383	0.00577	0.00781	0.01032	0.02278	0.74489	0.06725	0.03218	0.00548	0.00168	0.00243	0.06042	0.00369	0.00327
25	0.88738	0.00776	0.00589	0.00527	0.00776	0.00900	0.00434	0.01179	0.00683	0.01799	0.00558	0.00651	0.00434	0.00372	0.00248	0.00124	0.00310	0.00217	0.00248	0.00434

[dist]
# distance from previous block
# <min> <max>
0	2

[block]
# block no. 1 follows, 67 sequences, length 40
# corresponding to MSA columns:
# 99-138
name=unknown_B
#
# <colnr> <probs for GDERKNQSTAVLIFYWHMCP>
#	G	D	E	R	K	N	Q	S	T	A	V	L	I	F	Y	W	H	M	C	P
0	0.00518	0.00369	0.00482	0.00562	0.00591	0.00351	0.00376	0.02517	0.00786	0.01048	0.02136	0.79747	0.02550	0.05176	0.00580	0.00172	0.00245	0.01095	0.00367	0.00330
1	0.36831	0.00827	0.01033	0.13108	0.24125	0.00933	0.00796	0.02594	0.08314	0.01502	0.00750	0.00917	0.00597	0.00459	0.02155	0.00138	0.03860	0.00310	0.00238	0.00513
2	0.00920	0.00879	0.01496	0.28019	0.58416	0.00934	0.01195	0.01167	0.00879	0.01222	0.00741	0.01016	0.00604	0.00371	0.00398	0.00124	0.00494	0.00357	0.00192	0.00576
3	0.00792	0.00724	0.01099	0.60699	0.03405	0.00866	0.00961	0.01201	0.15302	0.01174	0.03375	0.01276	0.03267	0.00453	0.00403	0.00131	0.00466	0.00395	0.00235	0.03778
4	0.54393	0.01067	0.00779	0.00701	0.00909	0.23198	0.00553	0.01248	0.00795	0.01470	0.00606	0.00766	0.00506	0.02880	0.02561	0.00143	0.06506	0.00253	0.00231	0.00435
5	0.01209	0.01013	0.01493	0.08696	0.02926	0.02351	0.23895	0.36768	0.02580	0.05493	0.00942	0.03230	0.00718	0.00519	0.02376	0.00141	0.04339	0.00416	0.00308	0.00588
6	0.00677	0.00560	0.00660	0.00602	0.00755	0.00566	0.02803	0.01121	0.24783	0.01471	0.34738	0.02748	0.25380	0.00781	0.00454	0.00132	0.00245	0.00673	0.00405	0.00446
7	0.00698	0.00510	0.00660	0.02214	0.05996	0.00491	0.00473	0.04318	0.04707	0.05260	0.51522	0.05473	0.14547	0.00784	0.00459	0.00128	0.00241	0.00684	0.00408	0.00427
8	0.00604	0.00477	0.00651	0.00648	0.00721	0.03278	0.00498	0.00739	0.00658	0.00926	0.01068	0.01596	0.01008	0.06761	0.77719	0.00615	0.01031	0.00431	0.00216	0.00356
9	0.00871	0.00831	0.01525	0.25736	0.07123	0.00904	0.27945	0.01117	0.00859	0.04815	0.05967	0.02184	0.00842	0.00619	0.05774	0.00170	0.11574	0.00434	0.00222	0.00488
10	0.01003	0.01072	0.10606	0.16153	0.31062	0.05602	0.08745	0.04088	0.04595	0.05551	0.00827	0.01012	0.00638	0.00384	0.00395	0.00120	0.00504	0.00354	0.00227	0.07062
11	0.00683	0.00437	0.00547	0.00504	0.00629	0.00393	0.00383	0.00851	0.01085	0.10088	0.56885	0.02953	0.18988	0.00815	0.00461	0.00127	0.00208	0.00706	0.02857	0.00402
12	0.02653	0.07658	0.01136	0.00861	0.01132	0.13968	0.00697	0.35186	0.22550	0.05436	0.01131	0.01111	0.02190	0.00484	0.00383	0.00119	0.00437	0.00366	0.01894	0.00608
13	0.00923	0.00748	0.02186	0.00705	0.01044	0.00591	0.06862	0.01114	0.00882	0.09386	0.04870	0.01011	0.00789	0.00356	0.00354	0.00079	0.02263	0.00300	0.00268	0.65269
14	0.05293	0.00937	0.02965	0.02844	0.01284	0.00934	0.11586	0.31256	0.04217	0.26781	0.02015	0.01173	0.00819	0.00471	0.00418	0.00125	0.01715	0.01525	0.00379	0.03264
15	0.00888	0.00732	0.00883	0.00746	0.00957	0.03987	0.09065	0.13115	0.14413	0.05177	0.05793	0.02437	0.30990	0.00719	0.00443	0.00133	0.00342	0.05285	0.03412	0.00484
16	0.01709	0.00691	0.00921	0.00715	0.01014	0.00616	0.00588	0.03786	0.04958	0.74838	0.04687	0.01424	0.01103	0.00511	0.00406	0.00125	0.00337	0.00417	0.00488	0.00669
17	0.63688	0.00851	0.00768	0.00674	0.00866	0.04363	0.00555	0.02496	0.00705	0.01588	0.00560	0.00711	0.00463	0.00451	0.00499	0.00135	0.19701	0.00252	0.00232	0.00441
18	0.01129	0.00891	0.01319	0.12675	0.09384	0.00939	0.14876	0.27606	0.03577	0.08242	0.01139	0.05056	0.00957	0.00542	0.00436	0.00135	0.00469	0.09740	0.00320	0.00568
19	0.00491	0.00379	0.00449	0.00494	0.00571	0.00337	0.00350	0.00584	0.00856	0.01090	0.08170	0.44078	0.36794	0.01124	0.00494	0.00149	0.00220	0.02657	0.00377	0.00335
20	0.01279	0.00602	0.00821	0.08802	0.01057	0.00568	0.00574	0.03371	0.02368	0.46796	0.01667	0.18778	0.04030	0.04300	0.02935	0.00160	0.00358	0.00573	0.00414	0.00546
21	0.00980	0.00808	0.01283	0.05489	0.43527	0.00816	0.04226	0.01298	0.10365	0.09572	0.04314	0.07684	0.02837	0.00529	0.00423	0.00130	0.00415	0.04442	0.00286	0.00575
22	0.00550	0.00404	0.00508	0.00491	0.00587	0.00368	0.00365	0.00717	0.01070	0.01483	0.63731	0.09110	0.15912	0.00876	0.00473	0.00130	0.00194	0.00768	0.01893	0.00368
23	0.00993	0.00953	0.01628	0.02462	0.83404	0.00953	0.01231	0.01231	0.00913	0.01310	0.00754	0.00993	0.00635	0.00357	0.00397	0.00119	0.00476	0.00357	0.00199	0.00635
24	0.00808	0.02052	0.81984	0.01155	0.01744	0.00933	0.03303	0.01270	0.00849	0.01270	0.00722	0.00852	0.00510	0.00380	0.00383	0.00127	0.00595	0.00300	0.00170	0.00592
25	0.00492	0.00357	0.00465	0.00543	0.00580	0.00330	0.00367	0.00572	0.00803	0.01065	0.07474	0.73859	0.09193	0.01210	0.00506	0.00158	0.00228	0.01090	0.00377	0.00330
26	0.00555	0.00408	0.00520	0.00494	0.00592	0.00373	0.00370	0.00732	0.01103	0.01536	0.72478	0.04474	0.13170	0.00850	0.00474	0.00128	0.00192	0.00747	0.00432	0.00373
27	0.01115	0.10129	0.03664	0.05917	0.40759	0.07836	0.04043	0.15180	0.04941	0.01455	0.00799	0.00956	0.00639	0.00393	0.00383	0.00117	0.00491	0.00342	0.00239	0.00602
28	0.00550	0.00408	0.00513	0.00490	0.00589	0.00370	0.00366	0.00721	0.01088	0.01506	0.67915	0.05511	0.16756	0.00864	0.00474	0.00129	0.00193	0.00757	0.00428	0.00370
29	0.00884	0.19070	0.59178	0.02376	0.03953	0.03016	0.03755	0.01259	0.00851	0.01195	0.00688	0.00817	0.00517	0.00372	0.00359	0.00118	0.00561	0.00287	0.00173	0.00571
30	0.00528	0.00388	0.00498	0.00541	0.00602	0.00363	0.00383	0.00665	0.02808	0.01228	0.27214	0.49354	0.09447	0.01082	0.00496	0.00149	0.00223	0.03286	0.00394	0.00351
31	0.00973	0.00729	0.00832	0.02900	0.00964	0.00792	0.00576	0.15897	0.32532	0.06500	0.23243	0.09106	0.01902	0.00662	0.00433	0.00132	0.00305	0.00564	0.00412	0.00546
32	0.02295	0.35077	0.31561	0.01091	0.11700	0.04522	0.01845	0.01231	0.00858	0.01151	0.02403	0.00824	0.00599	0.00371	0.00332	0.00107	0.00498	0.00278	0.00185	0.03071
33	0.00989	0.10003	0.24142	0.01330	0.17470	0.05588	0.09516	0.03570	0.03023	0.04955	0.03027	0.01031	0.02152	0.00445	0.00502	0.00127	0.10997	0.00355	0.00220	0.00559
34	0.01263	0.02449	0.01804	0.03893	0.17063	0.04720	0.01819	0.08999	0.01058	0.30469	0.01190	0.05052	0.00920	0.00686	0.06935	0.00160	0.00456	0.02372	0.02340	0.06351
35	0.00772	0.02917	0.05467	0.01277	0.27182	0.00652	0.06237	0.00948	0.00872	0.04698	0.06295	0.36405	0.03054	0.00775	0.00452	0.00139	0.00366	0.00716	0.00299	0.00477
36	0.01124	0.05065	0.01018	0.00820	0.01065	0.05647	0.00654	0.22306	0.46517	0.01804	0.06844	0.01424	0.02851	0.00539	0.00402	0.00127	0.00366	0.00434	0.00385	0.00608
37	0.00921	0.03118	0.04754	0.20508	0.44661	0.00909	0.07114	0.01172	0.00889	0.02504	0.02900	0.01048	0.00687	0.00376	0.00394	0.00119	0.00485	0.00361	0.00206	0.06872
38	0.02294	0.07766	0.29323	0.02919	0.04302	0.00925	0.14899	0.06829	0.02244	0.18146	0.02199	0.01116	0.00742	0.02214	0.00440	0.00131	0.01342	0.01313	0.00272	0.00584
39	0.03811	0.01509	0.42124	0.01282	0.01746	0.00932	0.30884	0.01271	0.00885	0.04881	0.00838	0.02855	0.00643	0.00410	0.00442	0.00133	0.02775	0.01814	0.00207	0.00559

[dist]
# distance from previous block
# <min> <max>
0	1

[block]
# block no. 2 follows, 67 sequences, length 16
# corresponding to MSA columns:
# 140-155
name=unknown_C
#
# <colnr> <probs for GDERKNQSTAVLIFYWHMCP>
#	G	D	E	R	K	N	Q	S	T	A	V	L	I	F	Y	W	H	M	C	P
0	0.00741	0.00810	0.12501	0.00936	0.04760	0.00632	0.14226	0.00956	0.00908	0.05410	0.08859	0.14570	0.16566	0.00776	0.00508	0.00145	0.04115	0.11824	0.00311	0.00449
1	0.01055	0.01020	0.01249	0.32372	0.15477	0.17637	0.04561	0.04493	0.05127	0.06570	0.00879	0.04587	0.00711	0.00452	0.00418	0.00126	0.02129	0.00383	0.00238	0.00515
2	0.01025	0.18702	0.17800	0.03092	0.04022	0.02027	0.16187	0.05244	0.00966	0.12104	0.04664	0.06414	0.03028	0.00493	0.00396	0.00123	0.00475	0.02431	0.00267	0.00541
3	0.00943	0.07962	0.25098	0.01084	0.12061	0.00853	0.03260	0.09574	0.04568	0.07931	0.01232	0.19447	0.02231	0.00607	0.00412	0.00131	0.00433	0.01344	0.00284	0.00545
4	0.00831	0.00821	0.01316	0.60231	0.05427	0.05017	0.10705	0.01134	0.04619	0.01102	0.00826	0.01222	0.00656	0.00430	0.00415	0.00134	0.00541	0.03900	0.00202	0.00470
5	0.00961	0.00911	0.01500	0.10831	0.65832	0.00930	0.01145	0.01258	0.06258	0.01305	0.00806	0.01026	0.00662	0.00371	0.00394	0.00119	0.00464	0.00358	0.00212	0.04659
6	0.01081	0.00812	0.00879	0.00729	0.00921	0.03524	0.00560	0.37532	0.04707	0.01656	0.01019	0.01425	0.00901	0.20108	0.08759	0.07862	0.00475	0.00409	0.00311	0.06328
7	0.01169	0.07796	0.04416	0.01140	0.14882	0.32577	0.02937	0.03457	0.00997	0.02806	0.00699	0.00824	0.00573	0.00368	0.00348	0.00096	0.00525	0.00279	0.00220	0.23892
8	0.00992	0.00799	0.01021	0.00933	0.12482	0.00706	0.02452	0.12246	0.02679	0.05670	0.00874	0.04057	0.00722	0.00382	0.00345	0.00086	0.00351	0.00323	0.00276	0.52606
9	0.88738	0.00776	0.00589	0.00527	0.00776	0.00900	0.00434	0.01179	0.00683	0.01799	0.00558	0.00651	0.00434	0.00372	0.00248	0.00124	0.00310	0.00217	0.00248	0.00434
10	0.00576	0.00396	0.00469	0.00469	0.00487	0.00404	0.00287	0.00604	0.00609	0.00817	0.01372	0.02519	0.05428	0.68554	0.15020	0.00417	0.00488	0.00572	0.00245	0.00266
11	0.00943	0.01067	0.20764	0.00872	0.01178	0.02991	0.06880	0.06785	0.18155	0.09336	0.15136	0.01674	0.07508	0.00667	0.04107	0.00151	0.00435	0.00475	0.00333	0.00543
12	0.00608	0.00497	0.00716	0.00788	0.10663	0.00462	0.04109	0.00775	0.00998	0.01361	0.40555	0.15135	0.18438	0.00851	0.00471	0.00134	0.00258	0.02403	0.00376	0.00401
13	0.00672	0.01245	0.41420	0.00835	0.01191	0.00659	0.03203	0.00977	0.00920	0.01281	0.17017	0.03866	0.21421	0.00656	0.00431	0.00132	0.00410	0.02904	0.00281	0.00477
14	0.18228	0.00940	0.01287	0.05460	0.46806	0.04700	0.00954	0.06835	0.00948	0.05423	0.00761	0.00926	0.00605	0.00377	0.00363	0.00118	0.00441	0.00323	0.00238	0.04267
15	0.09919	0.06962	0.12628	0.20350	0.17078	0.03771	0.10162	0.07734	0.00945	0.02623	0.02605	0.02034	0.00664	0.00404	0.00382	0.00124	0.00502	0.00353	0.00223	0.00536

[dist]
# distance from previous block
# <min> <max>
0	10

# created by:
# /st0/software/busco_prod/Augustus/scripts/msa2prfl.pl ./align_prep/41473.fa
