[name]
unknown

[dist]
# distance from previous block
# <min> <max>
39	211

[block]
# block no. 0 follows, 63 sequences, length 7
# corresponding to MSA columns:
# 292-298
name=unknown_A
#
# <colnr> <probs for GDERKNQSTAVLIFYWHMCP>
#	G	D	E	R	K	N	Q	S	T	A	V	L	I	F	Y	W	H	M	C	P
0	0.00981	0.06211	0.25705	0.01089	0.10158	0.06816	0.02137	0.07450	0.03075	0.03661	0.10413	0.01385	0.03518	0.05103	0.00525	0.00138	0.02808	0.00407	0.00269	0.08152
1	0.04339	0.12488	0.12156	0.04347	0.07875	0.02764	0.08740	0.06499	0.05801	0.04533	0.01216	0.13329	0.04004	0.00680	0.03954	0.00152	0.00481	0.00492	0.00278	0.05874
2	0.06328	0.05071	0.12399	0.00777	0.01007	0.07090	0.02724	0.05819	0.07965	0.01388	0.10534	0.23711	0.03749	0.04294	0.00507	0.00147	0.00389	0.00631	0.00324	0.05144
3	0.05218	0.04087	0.05716	0.04288	0.01072	0.00776	0.03039	0.14887	0.03081	0.07238	0.07572	0.02068	0.21200	0.02538	0.00494	0.00135	0.02979	0.03094	0.00345	0.10175
4	0.01137	0.01028	0.03713	0.03085	0.04613	0.13773	0.02395	0.19252	0.02807	0.06578	0.08040	0.07681	0.04324	0.00742	0.04546	0.00157	0.05809	0.02857	0.00329	0.07134
5	0.05563	0.04444	0.17037	0.02444	0.12374	0.00899	0.10103	0.07607	0.07839	0.07152	0.01382	0.04135	0.10393	0.00523	0.00416	0.00129	0.00455	0.00454	0.00291	0.06360
6	0.22721	0.21411	0.06914	0.03414	0.05134	0.06006	0.00706	0.03265	0.05322	0.08038	0.03661	0.02661	0.05385	0.00569	0.03052	0.00139	0.00439	0.00359	0.00277	0.00527

[dist]
# distance from previous block
# <min> <max>
1	3

[block]
# block no. 1 follows, 63 sequences, length 21
# corresponding to MSA columns:
# 302-322
name=unknown_B
#
# <colnr> <probs for GDERKNQSTAVLIFYWHMCP>
#	G	D	E	R	K	N	Q	S	T	A	V	L	I	F	Y	W	H	M	C	P
0	0.21774	0.08949	0.06329	0.00734	0.02992	0.02698	0.00607	0.01310	0.15614	0.05018	0.07538	0.11177	0.06210	0.00609	0.00383	0.00129	0.00345	0.00489	0.01767	0.05329
1	0.04651	0.10502	0.12355	0.00808	0.01038	0.03727	0.03635	0.02458	0.07274	0.05193	0.05260	0.19383	0.03478	0.06203	0.00603	0.00158	0.05869	0.03901	0.00305	0.03200
2	0.00958	0.13147	0.05603	0.10097	0.22774	0.03365	0.00889	0.05811	0.00979	0.03495	0.05391	0.01511	0.11609	0.00666	0.04736	0.00153	0.04544	0.00434	0.00259	0.03577
3	0.03696	0.05419	0.07380	0.00905	0.05948	0.03203	0.06786	0.08950	0.00993	0.05488	0.07103	0.03077	0.01071	0.13478	0.00676	0.00155	0.02311	0.00416	0.00283	0.22659
4	0.06401	0.05265	0.06548	0.00823	0.03666	0.05466	0.00669	0.05141	0.32774	0.01562	0.09763	0.01987	0.14471	0.00646	0.00426	0.00136	0.00362	0.02980	0.00364	0.00550
5	0.03540	0.03474	0.01183	0.15925	0.06068	0.08102	0.04935	0.10948	0.17265	0.07656	0.01212	0.04536	0.03117	0.01803	0.00486	0.00138	0.04090	0.01845	0.00315	0.03361
6	0.03686	0.00645	0.03026	0.04300	0.00998	0.00579	0.00597	0.03432	0.01054	0.33560	0.11190	0.10587	0.05586	0.00930	0.07383	0.00185	0.00403	0.08112	0.00414	0.03332
7	0.00933	0.06647	0.44109	0.03552	0.05097	0.00922	0.07770	0.01316	0.03273	0.07297	0.00981	0.03868	0.00791	0.00610	0.04756	0.00161	0.00578	0.03805	0.00235	0.03299
8	0.01258	0.05662	0.01249	0.03996	0.05720	0.33300	0.03046	0.11601	0.03459	0.01333	0.00767	0.00918	0.00631	0.00561	0.04056	0.00138	0.07800	0.00317	0.00248	0.13940
9	0.00799	0.00776	0.05825	0.01035	0.01254	0.00709	0.27381	0.01010	0.00809	0.04634	0.01102	0.03865	0.01010	0.15449	0.31983	0.00386	0.00783	0.00503	0.00240	0.00447
10	0.00599	0.00420	0.00504	0.00526	0.00601	0.00387	0.00370	0.00692	0.00875	0.03859	0.12634	0.25526	0.23785	0.20474	0.00889	0.00213	0.00282	0.06644	0.00372	0.00348
11	0.01160	0.78806	0.02122	0.00748	0.01097	0.08209	0.00727	0.01292	0.00881	0.00992	0.00590	0.00681	0.00540	0.00366	0.00278	0.00091	0.00474	0.00228	0.00183	0.00535
12	0.01078	0.00919	0.00969	0.00862	0.01105	0.01061	0.00673	0.06812	0.77215	0.01810	0.01670	0.01536	0.01250	0.00567	0.00427	0.00142	0.00340	0.00470	0.00427	0.00668
13	0.00718	0.00629	0.02820	0.00796	0.00923	0.04912	0.07663	0.00880	0.00834	0.02933	0.01605	0.17585	0.03727	0.04851	0.31159	0.00361	0.00682	0.16222	0.00297	0.00403
14	0.04912	0.04224	0.12793	0.12318	0.25392	0.03858	0.10743	0.07849	0.00999	0.04008	0.00852	0.03002	0.00688	0.00528	0.03308	0.00151	0.03170	0.00388	0.00235	0.00583
15	0.00637	0.00446	0.00536	0.00523	0.00634	0.00418	0.00389	0.00804	0.02944	0.04746	0.28432	0.09220	0.27366	0.06344	0.08209	0.00204	0.00317	0.01830	0.05613	0.00388
16	0.00661	0.00524	0.00672	0.00655	0.00713	0.03692	0.00486	0.00767	0.00702	0.00974	0.05300	0.01902	0.01258	0.22044	0.50536	0.02281	0.05747	0.00491	0.00241	0.00353
17	0.01173	0.09525	0.08089	0.02507	0.15054	0.13965	0.14597	0.12888	0.13125	0.01517	0.02890	0.01090	0.00795	0.00441	0.00413	0.00126	0.00544	0.00384	0.00274	0.00603
18	0.03478	0.06733	0.16660	0.10882	0.14394	0.04539	0.24015	0.01227	0.00930	0.01271	0.01027	0.05419	0.03831	0.00481	0.00435	0.00135	0.00564	0.03209	0.00224	0.00547
19	0.00517	0.00368	0.00486	0.00579	0.00602	0.00345	0.00383	0.00587	0.00795	0.01060	0.02266	0.80716	0.02716	0.05641	0.00619	0.00183	0.00252	0.01165	0.00383	0.00337
20	0.00888	0.00835	0.04087	0.19532	0.16984	0.03767	0.03176	0.05981	0.08757	0.02440	0.05296	0.11917	0.09041	0.00639	0.00444	0.00138	0.00427	0.01988	0.03144	0.00518

[dist]
# distance from previous block
# <min> <max>
1	19

[block]
# block no. 2 follows, 63 sequences, length 24
# corresponding to MSA columns:
# 343-366
name=unknown_C
#
# <colnr> <probs for GDERKNQSTAVLIFYWHMCP>
#	G	D	E	R	K	N	Q	S	T	A	V	L	I	F	Y	W	H	M	C	P
0	0.13423	0.01032	0.04327	0.02256	0.02980	0.10175	0.02438	0.19433	0.01258	0.29050	0.03789	0.03811	0.00926	0.00507	0.00399	0.00127	0.00436	0.00395	0.00382	0.02856
1	0.72039	0.00907	0.05020	0.06338	0.01034	0.02485	0.00579	0.02880	0.00780	0.03881	0.00643	0.00751	0.00488	0.00399	0.00288	0.00130	0.00369	0.00251	0.00260	0.00477
2	0.00604	0.00407	0.00472	0.00479	0.00485	0.00410	0.00279	0.00617	0.00628	0.00842	0.01382	0.08319	0.01588	0.74974	0.06502	0.00406	0.00436	0.00642	0.00262	0.00267
3	0.01246	0.05147	0.01127	0.00946	0.02874	0.15459	0.00732	0.17171	0.47035	0.01758	0.01320	0.01267	0.00998	0.00520	0.00410	0.00131	0.00440	0.00407	0.00373	0.00638
4	0.02515	0.18740	0.18060	0.07699	0.02682	0.01019	0.00870	0.10591	0.02190	0.04889	0.00960	0.03420	0.03551	0.00451	0.00386	0.00111	0.02312	0.00347	0.00256	0.18949
5	0.02919	0.08331	0.21045	0.04594	0.09994	0.02839	0.07024	0.05710	0.04230	0.17195	0.03882	0.03127	0.04445	0.00490	0.00411	0.00128	0.00477	0.00415	0.00301	0.02444
6	0.00968	0.01180	0.08008	0.07377	0.02219	0.01048	0.70068	0.01327	0.00975	0.01327	0.00837	0.01116	0.00625	0.00362	0.00484	0.00141	0.00692	0.00475	0.00208	0.00564
7	0.04931	0.00981	0.01139	0.00974	0.06746	0.01034	0.00743	0.43867	0.05828	0.24208	0.01205	0.01164	0.00834	0.00498	0.00410	0.00127	0.00414	0.00390	0.03820	0.00686
8	0.01072	0.22493	0.18277	0.01296	0.16495	0.10234	0.05681	0.04629	0.05996	0.01276	0.00837	0.04333	0.00713	0.00454	0.00428	0.00123	0.04499	0.00359	0.00225	0.00579
9	0.00851	0.00778	0.09244	0.00812	0.02724	0.02278	0.07785	0.03039	0.04880	0.11282	0.09385	0.19284	0.20643	0.00892	0.02685	0.00158	0.00378	0.02055	0.00366	0.00480
10	0.00596	0.00437	0.00492	0.00493	0.00623	0.00379	0.00371	0.00716	0.00980	0.05704	0.13106	0.14451	0.54323	0.01048	0.00502	0.00146	0.00231	0.04616	0.00406	0.00380
11	0.00558	0.00436	0.00512	0.00540	0.00642	0.00401	0.00401	0.00726	0.04567	0.01241	0.15350	0.27076	0.36259	0.01093	0.00513	0.00154	0.00242	0.08513	0.00403	0.00374
12	0.07474	0.08909	0.09606	0.07973	0.07895	0.11694	0.09209	0.16135	0.07036	0.04249	0.00916	0.03280	0.00724	0.00488	0.01252	0.00133	0.01792	0.00376	0.00276	0.00581
13	0.00625	0.00434	0.00559	0.00596	0.00665	0.00420	0.00427	0.02894	0.00908	0.04211	0.11788	0.52524	0.10114	0.01231	0.04247	0.00182	0.02213	0.02942	0.02641	0.00380
14	0.00537	0.00401	0.00505	0.00576	0.00643	0.00369	0.00420	0.00641	0.00877	0.01131	0.04289	0.50242	0.22330	0.01221	0.00533	0.00167	0.00259	0.14114	0.00391	0.00353
15	0.04802	0.00599	0.02576	0.11739	0.03050	0.03182	0.00578	0.02563	0.03027	0.01223	0.07743	0.34329	0.12789	0.02984	0.04234	0.00181	0.00368	0.03288	0.00338	0.00406
16	0.03271	0.20689	0.22140	0.01052	0.04490	0.03808	0.09073	0.04926	0.05890	0.04361	0.05819	0.01108	0.00861	0.00574	0.04064	0.00149	0.05478	0.00364	0.01318	0.00564
17	0.00829	0.00782	0.03135	0.00865	0.01051	0.06816	0.12632	0.03879	0.12147	0.02699	0.12162	0.22901	0.09136	0.00870	0.01612	0.00156	0.00398	0.07101	0.00360	0.00469
18	0.00522	0.00376	0.00496	0.00580	0.00616	0.00350	0.00395	0.00609	0.00844	0.01129	0.08831	0.73957	0.05383	0.01269	0.00533	0.00167	0.00243	0.02957	0.00396	0.00347
19	0.01376	0.13712	0.03166	0.01226	0.12997	0.45297	0.01843	0.04583	0.07421	0.03429	0.00789	0.00885	0.00638	0.00428	0.00377	0.00113	0.00618	0.00307	0.00242	0.00553
20	0.01111	0.19694	0.23256	0.04356	0.02779	0.11339	0.03966	0.13441	0.06960	0.01414	0.00845	0.00972	0.00664	0.00630	0.06666	0.00162	0.00593	0.00330	0.00244	0.00578
21	0.00987	0.04331	0.24457	0.05604	0.28568	0.08858	0.10662	0.01287	0.00946	0.01284	0.03513	0.02212	0.00759	0.02254	0.00476	0.00135	0.02488	0.00385	0.00210	0.00584
22	0.00571	0.00401	0.00481	0.00514	0.00546	0.00384	0.00331	0.00625	0.00757	0.01000	0.06801	0.29128	0.09859	0.41687	0.01305	0.00281	0.00323	0.04372	0.00329	0.00306
23	0.06439	0.03504	0.05312	0.00811	0.03158	0.04493	0.02350	0.11162	0.06526	0.01308	0.01089	0.03725	0.01028	0.20598	0.21860	0.00334	0.05122	0.00457	0.00270	0.00455

[dist]
# distance from previous block
# <min> <max>
0	1

[block]
# block no. 3 follows, 63 sequences, length 64
# corresponding to MSA columns:
# 368-431
name=unknown_D
#
# <colnr> <probs for GDERKNQSTAVLIFYWHMCP>
#	G	D	E	R	K	N	Q	S	T	A	V	L	I	F	Y	W	H	M	C	P
0	0.01812	0.07101	0.09738	0.10987	0.24243	0.05361	0.03225	0.03991	0.07788	0.04197	0.00923	0.01133	0.01728	0.00628	0.03206	0.08906	0.02921	0.00372	0.01193	0.00548
1	0.00605	0.00420	0.00571	0.00606	0.00677	0.00427	0.00446	0.00725	0.00806	0.03713	0.04859	0.36376	0.08986	0.01883	0.30646	0.00347	0.00566	0.03352	0.03616	0.00372
2	0.01266	0.04919	0.04788	0.06938	0.07033	0.38250	0.03883	0.12821	0.01174	0.01324	0.00937	0.11373	0.00861	0.00539	0.00410	0.00123	0.00591	0.00424	0.00262	0.02083
3	0.03843	0.13446	0.16453	0.02825	0.05916	0.06606	0.05502	0.08207	0.19699	0.01455	0.02012	0.01166	0.01964	0.00669	0.06656	0.00169	0.02178	0.00377	0.00275	0.00581
4	0.00982	0.01133	0.11088	0.06256	0.36838	0.09516	0.03791	0.02979	0.05754	0.01350	0.05399	0.04974	0.07076	0.00517	0.00429	0.00130	0.00493	0.00460	0.00257	0.00577
5	0.00685	0.00502	0.00681	0.00742	0.07467	0.00536	0.00477	0.03630	0.00748	0.01057	0.04265	0.02066	0.01307	0.35120	0.34831	0.00459	0.00692	0.00515	0.03855	0.00365
6	0.00980	0.00595	0.00733	0.00673	0.00826	0.00588	0.00507	0.14008	0.03716	0.16815	0.12093	0.34000	0.04967	0.03638	0.03659	0.00175	0.00335	0.00782	0.00420	0.00489
7	0.00984	0.00935	0.01340	0.25857	0.01813	0.05369	0.13899	0.09359	0.03886	0.01366	0.00812	0.01043	0.00639	0.00484	0.02302	0.00134	0.07527	0.00363	0.00241	0.21647
8	0.01975	0.13121	0.02546	0.02648	0.12573	0.18611	0.08332	0.08300	0.06795	0.02137	0.01012	0.07750	0.01794	0.00548	0.00491	0.00131	0.07528	0.02902	0.00263	0.00544
9	0.04178	0.00681	0.00923	0.00821	0.00990	0.03781	0.09835	0.01170	0.08980	0.10192	0.08618	0.06982	0.04599	0.09441	0.07009	0.00220	0.02102	0.18663	0.00352	0.00462
10	0.00941	0.15618	0.60752	0.01137	0.04408	0.01079	0.01338	0.01381	0.04236	0.04213	0.00800	0.00906	0.00587	0.00403	0.00381	0.00126	0.00568	0.00310	0.00202	0.00615
11	0.04278	0.00449	0.00566	0.00615	0.00693	0.00429	0.00442	0.03266	0.00889	0.07181	0.02259	0.61416	0.06974	0.01168	0.00515	0.00165	0.00273	0.07638	0.00395	0.00390
12	0.00958	0.21570	0.46989	0.01037	0.01515	0.05446	0.04187	0.04023	0.00962	0.01310	0.07530	0.01032	0.00831	0.00432	0.00380	0.00122	0.00551	0.00335	0.00214	0.00577
13	0.01441	0.08762	0.01318	0.01199	0.10197	0.59983	0.00847	0.03848	0.06415	0.01156	0.00739	0.00842	0.00608	0.00432	0.00378	0.00111	0.00668	0.00295	0.00232	0.00529
14	0.00868	0.07261	0.42477	0.01245	0.01705	0.00973	0.24338	0.01231	0.00893	0.01263	0.00925	0.08043	0.00797	0.04404	0.00524	0.00149	0.01690	0.00447	0.00209	0.00558
15	0.01288	0.01055	0.10905	0.04622	0.02278	0.00947	0.07599	0.28242	0.08097	0.17719	0.01303	0.11775	0.01052	0.00586	0.00440	0.00137	0.00448	0.00500	0.00378	0.00629
16	0.00731	0.00652	0.01014	0.00899	0.00980	0.00805	0.07366	0.00881	0.00692	0.01018	0.00927	0.01383	0.00863	0.02177	0.51375	0.00480	0.26701	0.00429	0.00211	0.00417
17	0.00605	0.00435	0.00555	0.00620	0.00672	0.00424	0.00429	0.07315	0.00905	0.01208	0.02206	0.76653	0.02602	0.01247	0.00528	0.00167	0.00264	0.02397	0.00393	0.00373
18	0.00602	0.00407	0.00475	0.00484	0.00491	0.00410	0.00284	0.00618	0.00632	0.00847	0.01394	0.09534	0.01601	0.72729	0.07461	0.00406	0.00442	0.00649	0.00264	0.00270
19	0.01023	0.14903	0.37683	0.01031	0.01418	0.16069	0.01104	0.02990	0.00958	0.01244	0.07500	0.01025	0.00828	0.00478	0.00494	0.00127	0.10025	0.00335	0.00215	0.00549
20	0.03556	0.00911	0.01046	0.00818	0.01127	0.04686	0.00668	0.26571	0.02551	0.47674	0.03173	0.01321	0.00983	0.02369	0.00456	0.00134	0.00405	0.00410	0.00461	0.00681
21	0.01527	0.00682	0.00926	0.07695	0.01159	0.00637	0.00634	0.01767	0.07475	0.57668	0.01683	0.13667	0.01275	0.00633	0.00440	0.00138	0.00356	0.00536	0.00466	0.00636
22	0.00948	0.01222	0.21546	0.04198	0.01633	0.00955	0.28188	0.10001	0.01013	0.01448	0.00990	0.08076	0.00834	0.00511	0.00520	0.00139	0.07703	0.00470	0.09057	0.00547
23	0.01343	0.01117	0.01373	0.01079	0.01390	0.06120	0.14723	0.43652	0.12665	0.03384	0.01169	0.01411	0.00917	0.00538	0.00446	0.00136	0.00497	0.07029	0.00372	0.00641
24	0.00856	0.06043	0.79294	0.01176	0.01785	0.01008	0.01514	0.01328	0.00886	0.01315	0.00747	0.00878	0.00533	0.00398	0.00393	0.00131	0.00613	0.00307	0.00178	0.00617
25	0.00537	0.00395	0.00509	0.00589	0.00645	0.00367	0.00425	0.00636	0.00860	0.01120	0.03567	0.58239	0.15528	0.01246	0.00537	0.00169	0.00261	0.13628	0.00391	0.00352
26	0.00881	0.00825	0.01341	0.40757	0.26393	0.02028	0.03633	0.03651	0.00911	0.01220	0.00952	0.11103	0.00864	0.00524	0.00464	0.00140	0.03089	0.00475	0.00226	0.00523
27	0.00717	0.04030	0.00724	0.00640	0.00758	0.00598	0.00495	0.05071	0.08977	0.01362	0.25112	0.05313	0.04726	0.10822	0.21858	0.00307	0.00513	0.07204	0.00351	0.00420
28	0.01071	0.20300	0.39021	0.00940	0.01391	0.01051	0.01059	0.05580	0.04793	0.12580	0.01177	0.01203	0.07128	0.00473	0.00384	0.00124	0.00492	0.00364	0.00267	0.00602
29	0.00558	0.00454	0.00500	0.00507	0.00635	0.00411	0.00385	0.00745	0.05736	0.01249	0.13994	0.10367	0.54302	0.01037	0.00503	0.00147	0.00235	0.07451	0.00402	0.00380
30	0.02355	0.09860	0.01802	0.02832	0.08205	0.06369	0.34157	0.05439	0.16066	0.05215	0.01026	0.02237	0.00794	0.00456	0.01189	0.00137	0.00559	0.00433	0.00276	0.00591
31	0.03876	0.01137	0.01231	0.19705	0.09911	0.24212	0.07330	0.01381	0.07973	0.04319	0.06393	0.01355	0.05948	0.00507	0.00447	0.00130	0.02945	0.00417	0.00266	0.00515
32	0.04884	0.01034	0.01119	0.07859	0.01314	0.09134	0.03492	0.41524	0.01453	0.05012	0.01154	0.11190	0.01001	0.00730	0.04543	0.00161	0.00503	0.02952	0.00357	0.00584
33	0.00831	0.00767	0.01261	0.80350	0.02821	0.00951	0.01150	0.04795	0.00893	0.01147	0.00759	0.01116	0.00568	0.00424	0.00420	0.00139	0.00556	0.00374	0.00198	0.00478
34	0.00938	0.23816	0.44353	0.01026	0.04036	0.04930	0.01136	0.02886	0.00908	0.01220	0.00934	0.04189	0.04041	0.03358	0.00434	0.00131	0.00537	0.00357	0.00205	0.00563
35	0.01174	0.01055	0.01314	0.01961	0.03563	0.11978	0.17538	0.18620	0.12851	0.06596	0.04909	0.07651	0.06551	0.00586	0.00462	0.00135	0.01624	0.00517	0.00343	0.00573
36	0.01142	0.09562	0.03276	0.01192	0.05014	0.03697	0.22797	0.09433	0.02733	0.11183	0.00949	0.02370	0.00782	0.07563	0.00748	0.00162	0.16146	0.00426	0.00272	0.00553
37	0.00701	0.00494	0.00642	0.00733	0.07497	0.00461	0.00479	0.03654	0.00938	0.07189	0.05865	0.41112	0.22258	0.04095	0.00561	0.00162	0.00280	0.02081	0.00384	0.00412
38	0.01348	0.02319	0.01115	0.04136	0.01259	0.42217	0.00775	0.10986	0.14117	0.04282	0.01051	0.03916	0.00892	0.00553	0.00454	0.00128	0.04156	0.05457	0.00299	0.00538
39	0.00950	0.13363	0.37035	0.09836	0.08478	0.07586	0.04476	0.02068	0.03988	0.01248	0.00874	0.06651	0.00736	0.00465	0.00398	0.00128	0.00557	0.00382	0.00212	0.00568
40	0.04082	0.00689	0.01819	0.09297	0.01242	0.02376	0.16378	0.02045	0.00853	0.05522	0.01433	0.30614	0.01499	0.08054	0.07927	0.00221	0.04512	0.00706	0.00296	0.00435
41	0.04127	0.03745	0.04206	0.07478	0.01250	0.15308	0.05825	0.02484	0.11839	0.04098	0.09043	0.01707	0.10639	0.00628	0.00573	0.00140	0.13118	0.02994	0.00299	0.00500
42	0.00931	0.00880	0.01791	0.03514	0.01065	0.14896	0.07296	0.09243	0.06786	0.03351	0.01771	0.33651	0.08423	0.00932	0.03318	0.00163	0.00444	0.00737	0.00340	0.00465
43	0.01053	0.05974	0.18594	0.01364	0.10318	0.06797	0.23209	0.13679	0.01107	0.01478	0.01003	0.09048	0.00879	0.00512	0.00441	0.00135	0.00565	0.03008	0.00258	0.00578
44	0.00734	0.00570	0.00706	0.00765	0.06484	0.00567	0.00532	0.11813	0.03642	0.01392	0.06341	0.31482	0.21519	0.01070	0.02879	0.00168	0.00324	0.08193	0.00381	0.00437
45	0.01019	0.03579	0.07687	0.00777	0.00989	0.13919	0.00666	0.04228	0.03703	0.13215	0.02013	0.14355	0.16040	0.00818	0.00477	0.00145	0.01363	0.14164	0.00357	0.00486
46	0.02455	0.00773	0.01158	0.10527	0.20004	0.00790	0.08334	0.06233	0.07117	0.06547	0.03758	0.02903	0.20413	0.03386	0.02890	0.00160	0.01169	0.00545	0.00310	0.00529
47	0.00529	0.00384	0.00506	0.00583	0.00624	0.00366	0.00403	0.00615	0.00811	0.01077	0.03383	0.64938	0.08882	0.04063	0.07510	0.00218	0.00325	0.04066	0.00373	0.00345
48	0.01012	0.06768	0.18669	0.03976	0.22442	0.09668	0.20825	0.02242	0.00973	0.01282	0.00986	0.01168	0.05757	0.00432	0.00441	0.00129	0.02036	0.00403	0.00215	0.00577
49	0.00873	0.03611	0.05081	0.62299	0.06792	0.04107	0.01117	0.01236	0.08527	0.01162	0.00832	0.01120	0.00632	0.00430	0.00413	0.00136	0.00542	0.00372	0.00211	0.00507
50	0.03327	0.42217	0.08908	0.00786	0.01072	0.04339	0.00744	0.04290	0.03967	0.02901	0.01061	0.10014	0.05070	0.00574	0.00458	0.01670	0.07439	0.00407	0.00243	0.00514
51	0.00600	0.00424	0.00523	0.00555	0.00600	0.00413	0.00373	0.03662	0.00838	0.01124	0.10739	0.39500	0.05409	0.27804	0.02812	0.00250	0.00321	0.03363	0.00353	0.00337
52	0.05045	0.07844	0.15655	0.03667	0.01327	0.29191	0.02411	0.02833	0.03773	0.05784	0.00943	0.03906	0.00824	0.00544	0.00487	0.00132	0.07892	0.06967	0.00253	0.00522
53	0.02570	0.01023	0.09327	0.00900	0.01964	0.07499	0.07407	0.20990	0.06682	0.03311	0.07575	0.10611	0.13975	0.00700	0.00455	0.00138	0.00426	0.03557	0.00354	0.00536
54	0.00717	0.01864	0.06511	0.00717	0.00883	0.02337	0.07227	0.00898	0.03302	0.05509	0.03158	0.29807	0.21420	0.05536	0.00580	0.00165	0.00341	0.05839	0.02772	0.00419
55	0.03802	0.08194	0.12892	0.05292	0.03998	0.05651	0.10061	0.07829	0.07061	0.01341	0.02557	0.05442	0.00835	0.02407	0.00681	0.00149	0.20607	0.00419	0.00247	0.00534
56	0.01118	0.55042	0.08415	0.03589	0.01337	0.03268	0.09228	0.07935	0.00963	0.01196	0.00666	0.00793	0.00565	0.00393	0.00369	0.00108	0.03968	0.00284	0.00204	0.00557
57	0.00921	0.14885	0.47743	0.01150	0.01642	0.01071	0.13042	0.03858	0.03999	0.01322	0.00881	0.06024	0.00720	0.00452	0.00403	0.00130	0.00568	0.00387	0.00213	0.00588
58	0.00728	0.00514	0.00619	0.00630	0.00730	0.00509	0.00455	0.09788	0.05565	0.04686	0.04796	0.51620	0.11241	0.03796	0.00559	0.00166	0.00281	0.02500	0.00399	0.00418
59	0.01359	0.01653	0.03786	0.02060	0.03582	0.56936	0.01815	0.03198	0.02512	0.02299	0.00842	0.04117	0.02137	0.03411	0.00547	0.00132	0.08533	0.00354	0.00235	0.00490
60	0.02912	0.02640	0.37230	0.01160	0.07151	0.12416	0.04824	0.08358	0.03809	0.02851	0.02255	0.08074	0.03447	0.00521	0.00417	0.00132	0.00548	0.00428	0.00253	0.00575
61	0.00856	0.07766	0.07461	0.02434	0.02922	0.00818	0.13200	0.10302	0.01006	0.01347	0.02326	0.23213	0.02445	0.03522	0.00576	0.00162	0.04215	0.14640	0.00312	0.00478
62	0.00720	0.00554	0.00625	0.00607	0.00712	0.04483	0.00454	0.01661	0.03129	0.05541	0.16719	0.12586	0.20986	0.11602	0.09333	0.00234	0.03579	0.05720	0.00361	0.00394
63	0.00674	0.03307	0.00816	0.00798	0.07392	0.01787	0.06203	0.00901	0.07185	0.01235	0.05921	0.12387	0.41374	0.00918	0.00487	0.00146	0.00313	0.07366	0.00359	0.00429

[dist]
# distance from previous block
# <min> <max>
0	1

[block]
# block no. 4 follows, 63 sequences, length 36
# corresponding to MSA columns:
# 433-468
name=unknown_E
#
# <colnr> <probs for GDERKNQSTAVLIFYWHMCP>
#	G	D	E	R	K	N	Q	S	T	A	V	L	I	F	Y	W	H	M	C	P
0	0.00813	0.06969	0.08094	0.00934	0.07386	0.00714	0.07484	0.05242	0.03811	0.03994	0.03557	0.29345	0.03291	0.07649	0.05683	0.00199	0.00438	0.02624	0.01306	0.00467
1	0.00744	0.00645	0.00691	0.00721	0.00804	0.08996	0.00546	0.04774	0.02232	0.01192	0.02025	0.42778	0.06192	0.02616	0.00601	0.00170	0.05439	0.18079	0.00359	0.00396
2	0.01017	0.10621	0.06130	0.09043	0.34966	0.04003	0.15372	0.04376	0.02631	0.01327	0.01004	0.01196	0.05590	0.00428	0.00417	0.00127	0.00530	0.00405	0.00226	0.00591
3	0.01366	0.06015	0.01437	0.03019	0.27816	0.37453	0.02492	0.09187	0.01163	0.05048	0.00779	0.00914	0.00624	0.00419	0.00394	0.00117	0.00606	0.00326	0.00245	0.00582
4	0.07893	0.59309	0.06498	0.00758	0.01099	0.04813	0.00736	0.06341	0.00934	0.02578	0.00736	0.05284	0.00674	0.00431	0.00308	0.00104	0.00451	0.00297	0.00220	0.00539
5	0.01122	0.00812	0.00897	0.02467	0.01023	0.00855	0.00616	0.36408	0.06479	0.06072	0.05658	0.02291	0.23085	0.00725	0.00453	0.00137	0.00358	0.06749	0.03232	0.00560
6	0.01067	0.14257	0.03917	0.08924	0.33279	0.03043	0.21782	0.04773	0.00993	0.02856	0.00792	0.01010	0.00633	0.00381	0.00413	0.00125	0.00556	0.00380	0.00218	0.00601
7	0.00584	0.00427	0.00555	0.00575	0.00664	0.00398	0.00440	0.00748	0.01050	0.01431	0.43859	0.19302	0.11543	0.01025	0.00520	0.00152	0.00244	0.15675	0.00427	0.00380
8	0.01196	0.33605	0.21419	0.00841	0.01226	0.02467	0.00874	0.03392	0.00987	0.20176	0.03035	0.04553	0.02073	0.00488	0.00368	0.00118	0.00456	0.01851	0.00287	0.00587
9	0.00571	0.00416	0.00489	0.00514	0.00572	0.00393	0.00349	0.00660	0.01837	0.01077	0.10190	0.21760	0.21139	0.31277	0.01100	0.00246	0.00302	0.06433	0.00349	0.00326
10	0.01448	0.04455	0.01234	0.01104	0.04421	0.60164	0.00822	0.06342	0.08144	0.01198	0.00759	0.00862	0.00621	0.00465	0.00451	0.00117	0.06324	0.00304	0.00243	0.00523
11	0.01155	0.31520	0.20548	0.01087	0.01480	0.22768	0.13373	0.01399	0.00971	0.01133	0.00682	0.00816	0.00554	0.00387	0.00363	0.00113	0.00610	0.00298	0.00194	0.00549
12	0.01849	0.00840	0.01535	0.20958	0.01811	0.00892	0.31724	0.01992	0.00866	0.02697	0.01095	0.01542	0.05714	0.13318	0.02919	0.00199	0.08861	0.00488	0.00230	0.00471
13	0.01030	0.01007	0.01677	0.09425	0.67647	0.03072	0.05348	0.01307	0.02924	0.01347	0.00809	0.01058	0.00667	0.00384	0.00420	0.00127	0.00518	0.00381	0.00212	0.00639
14	0.01124	0.01068	0.00983	0.00852	0.01034	0.19435	0.00670	0.23169	0.02938	0.01527	0.03922	0.06531	0.17688	0.01882	0.02541	0.00154	0.13128	0.00522	0.00326	0.00506
15	0.01032	0.05972	0.61077	0.01076	0.01613	0.00949	0.01306	0.04273	0.00982	0.13583	0.03634	0.01038	0.00731	0.00435	0.00400	0.00130	0.00553	0.00341	0.00247	0.00627
16	0.01562	0.01897	0.01171	0.01058	0.01280	0.76164	0.00797	0.01720	0.04691	0.04807	0.00742	0.00824	0.00597	0.00443	0.00383	0.00111	0.00721	0.00287	0.00240	0.00506
17	0.01149	0.09705	0.01231	0.04809	0.04793	0.16312	0.03627	0.03748	0.46786	0.01504	0.01270	0.01256	0.00975	0.00499	0.00404	0.00130	0.00457	0.00402	0.00335	0.00608
18	0.00600	0.00566	0.06750	0.00679	0.00783	0.00456	0.03376	0.03887	0.00889	0.01196	0.05844	0.65088	0.05964	0.01150	0.00517	0.00162	0.00294	0.01038	0.00373	0.00388
19	0.00788	0.04511	0.07713	0.00999	0.07411	0.05549	0.06520	0.00981	0.03486	0.01174	0.04793	0.36587	0.01713	0.00874	0.00612	0.00155	0.12757	0.02623	0.00300	0.00454
20	0.01044	0.00973	0.05068	0.01073	0.01312	0.05004	0.19133	0.13790	0.05965	0.06424	0.04562	0.10036	0.01106	0.00907	0.10270	0.00207	0.11771	0.00514	0.00303	0.00536
21	0.01044	0.01111	0.06442	0.24853	0.41788	0.09048	0.02307	0.05992	0.01004	0.01329	0.00776	0.01025	0.00619	0.00402	0.00414	0.00128	0.00550	0.00362	0.00214	0.00592
22	0.04168	0.09958	0.10173	0.08595	0.23729	0.08566	0.05440	0.02203	0.04340	0.04808	0.00878	0.04046	0.00744	0.00482	0.00498	0.00133	0.08784	0.01653	0.00235	0.00568
23	0.00577	0.00470	0.00555	0.05599	0.00778	0.00451	0.00436	0.00784	0.07747	0.01205	0.08184	0.27573	0.39668	0.01048	0.00501	0.00151	0.00257	0.03243	0.00386	0.00388
24	0.01200	0.11100	0.04970	0.03317	0.11913	0.30623	0.09375	0.03241	0.01025	0.03901	0.00918	0.01257	0.02361	0.06972	0.00559	0.00144	0.02694	0.03675	0.00236	0.00518
25	0.00562	0.00515	0.05528	0.00667	0.02703	0.00415	0.00505	0.00684	0.00858	0.01128	0.02492	0.55081	0.15586	0.01179	0.00524	0.00165	0.00285	0.10376	0.00373	0.00374
26	0.00967	0.05077	0.06606	0.31527	0.28486	0.04067	0.05688	0.02882	0.02476	0.02700	0.00846	0.03871	0.00696	0.00440	0.00433	0.00133	0.01931	0.00396	0.00218	0.00561
27	0.00667	0.00640	0.00570	0.00594	0.00699	0.12888	0.00427	0.00762	0.00932	0.01096	0.02910	0.35885	0.37112	0.01072	0.00496	0.00149	0.00310	0.02057	0.00364	0.00370
28	0.01108	0.01157	0.03865	0.04772	0.14127	0.09005	0.31812	0.07605	0.01016	0.04145	0.00799	0.01037	0.00631	0.00458	0.00626	0.00142	0.16484	0.00410	0.00232	0.00568
29	0.06374	0.39317	0.30573	0.00921	0.01358	0.02638	0.03066	0.01378	0.05781	0.03974	0.00757	0.00843	0.00596	0.00395	0.00337	0.00114	0.00504	0.00285	0.00212	0.00577
30	0.01851	0.00513	0.00580	0.00580	0.00693	0.00523	0.00426	0.05856	0.11584	0.03284	0.05277	0.33790	0.07536	0.00874	0.00437	0.00139	0.00255	0.00759	0.24608	0.00434
31	0.01484	0.08387	0.01245	0.01015	0.01253	0.63451	0.00783	0.09030	0.04852	0.01212	0.00826	0.00903	0.02871	0.00458	0.00380	0.00111	0.00672	0.00303	0.00247	0.00517
32	0.01400	0.01640	0.01206	0.01066	0.01241	0.55022	0.00828	0.08877	0.01126	0.01174	0.00673	0.00841	0.00573	0.00579	0.02757	0.00142	0.19820	0.00308	0.00228	0.00499
33	0.00989	0.00935	0.01583	0.23391	0.53049	0.00985	0.04874	0.04503	0.00971	0.01345	0.00828	0.01158	0.00684	0.00411	0.00425	0.00131	0.00520	0.02397	0.00216	0.00605
34	0.00505	0.00426	0.00438	0.00435	0.00573	0.00358	0.00326	0.00620	0.00978	0.01183	0.10973	0.03968	0.75689	0.01047	0.00497	0.00141	0.00212	0.00876	0.00397	0.00358
35	0.16431	0.00898	0.00944	0.00841	0.03774	0.03084	0.02406	0.17951	0.28817	0.04799	0.04898	0.01601	0.10642	0.00579	0.00407	0.00135	0.00364	0.00462	0.00380	0.00586

[dist]
# distance from previous block
# <min> <max>
0	1

[block]
# block no. 5 follows, 63 sequences, length 46
# corresponding to MSA columns:
# 470-515
name=unknown_F
#
# <colnr> <probs for GDERKNQSTAVLIFYWHMCP>
#	G	D	E	R	K	N	Q	S	T	A	V	L	I	F	Y	W	H	M	C	P
0	0.01053	0.15755	0.29761	0.09650	0.15921	0.10043	0.02091	0.01344	0.00928	0.04998	0.00754	0.00917	0.00587	0.00413	0.00424	0.00124	0.04131	0.00319	0.00205	0.00582
1	0.00581	0.00419	0.00496	0.00530	0.00628	0.00373	0.00387	0.00683	0.00908	0.04697	0.04680	0.35152	0.39082	0.02738	0.00546	0.00161	0.00248	0.06928	0.00395	0.00367
2	0.01016	0.06700	0.00874	0.00733	0.00902	0.19850	0.00570	0.04285	0.02588	0.09321	0.09290	0.15153	0.13310	0.04391	0.00527	0.00149	0.00413	0.09123	0.00351	0.00455
3	0.30094	0.00910	0.00932	0.00783	0.01037	0.01019	0.00641	0.33905	0.03761	0.05622	0.01078	0.06958	0.00920	0.00583	0.00429	0.00139	0.04057	0.06208	0.00357	0.00567
4	0.18780	0.17511	0.04823	0.08086	0.04810	0.09417	0.03674	0.06884	0.00999	0.15718	0.00865	0.00955	0.00649	0.00512	0.02924	0.00139	0.02101	0.00318	0.00280	0.00557
5	0.00614	0.00465	0.00557	0.00596	0.00696	0.00447	0.00451	0.00826	0.08317	0.02249	0.04572	0.29827	0.26725	0.04540	0.00587	0.00172	0.00279	0.17301	0.00391	0.00387
6	0.00950	0.00915	0.01580	0.31729	0.50693	0.00978	0.04637	0.01215	0.00917	0.01265	0.00778	0.01073	0.00627	0.00390	0.00421	0.00131	0.00530	0.00379	0.00201	0.00591
7	0.07377	0.01057	0.01151	0.00953	0.04510	0.01153	0.00744	0.59769	0.04286	0.02326	0.01031	0.03749	0.00799	0.02607	0.01615	0.00139	0.00443	0.00397	0.00384	0.05509
8	0.00940	0.26810	0.44218	0.01039	0.01498	0.01189	0.04572	0.02486	0.00893	0.01240	0.04262	0.00937	0.00693	0.00434	0.00446	0.00124	0.07129	0.00318	0.00196	0.00574
9	0.00535	0.00444	0.00471	0.00466	0.00601	0.00390	0.00348	0.00700	0.04424	0.01241	0.15628	0.07104	0.64131	0.01024	0.00495	0.00142	0.00217	0.00863	0.00403	0.00374
10	0.00915	0.02074	0.77425	0.01167	0.01768	0.00952	0.01489	0.01380	0.00909	0.06920	0.00816	0.00925	0.00567	0.00408	0.00401	0.00133	0.00603	0.00318	0.00201	0.00628
11	0.08347	0.07159	0.06130	0.00981	0.01287	0.23548	0.04210	0.28635	0.07118	0.05651	0.00899	0.00949	0.00674	0.00463	0.00407	0.00123	0.02171	0.00336	0.00313	0.00600
12	0.00528	0.00374	0.00488	0.00570	0.00592	0.00355	0.00375	0.00593	0.00775	0.01035	0.02151	0.71592	0.02566	0.12925	0.02783	0.00216	0.00288	0.01096	0.00368	0.00330
13	0.00794	0.00747	0.01261	0.84216	0.02895	0.00934	0.01167	0.01074	0.00841	0.01074	0.00747	0.01121	0.00560	0.00420	0.00420	0.00140	0.00560	0.00374	0.00187	0.00467
14	0.00730	0.00365	0.00548	0.00548	0.00548	0.00365	0.00365	0.00548	0.00548	0.00730	0.00730	0.01278	0.00730	0.01460	0.01643	0.87769	0.00365	0.00365	0.00183	0.00183
15	0.00959	0.06718	0.01702	0.01246	0.01481	0.02406	0.33844	0.01179	0.00866	0.05098	0.04392	0.01219	0.00833	0.00904	0.13122	0.00227	0.22622	0.00441	0.00230	0.00507
16	0.00729	0.00589	0.00664	0.00670	0.00798	0.00624	0.00495	0.01249	0.32481	0.01366	0.02346	0.36202	0.13931	0.00967	0.00485	0.00155	0.00278	0.03399	0.02101	0.00472
17	0.01077	0.00874	0.00945	0.00839	0.01073	0.00981	0.00671	0.18449	0.49348	0.01838	0.01804	0.02024	0.06869	0.00665	0.00450	0.00146	0.00359	0.10550	0.00419	0.00619
18	0.00818	0.00769	0.01296	0.73139	0.11695	0.00930	0.01169	0.01093	0.00857	0.01112	0.00788	0.01199	0.00617	0.00433	0.00424	0.00140	0.00549	0.02291	0.00194	0.00487
19	0.01292	0.00965	0.01077	0.16508	0.01421	0.09348	0.00761	0.33312	0.01308	0.09780	0.00930	0.01103	0.00704	0.00683	0.00672	0.18439	0.00480	0.00368	0.00316	0.00534
20	0.85363	0.00810	0.00630	0.00559	0.00822	0.00932	0.00461	0.01262	0.00731	0.04544	0.00621	0.00707	0.00474	0.00394	0.00265	0.00130	0.00326	0.00234	0.00269	0.00464
21	0.00513	0.00378	0.00481	0.00558	0.00604	0.00346	0.00379	0.00597	0.00845	0.01108	0.05882	0.68841	0.15412	0.01259	0.00529	0.00165	0.00237	0.01129	0.00393	0.00346
22	0.00589	0.00423	0.00507	0.00533	0.00597	0.00400	0.00370	0.00697	0.02538	0.02059	0.11494	0.25176	0.18900	0.25717	0.00993	0.00231	0.00296	0.07780	0.00361	0.00340
23	0.01526	0.00725	0.00911	0.00742	0.01010	0.00694	0.00592	0.05108	0.16591	0.52476	0.02924	0.05243	0.02415	0.06381	0.00548	0.00153	0.00351	0.00490	0.00472	0.00648
24	0.00518	0.00415	0.00463	0.00476	0.00587	0.00360	0.00347	0.00636	0.00973	0.01228	0.18654	0.19279	0.52437	0.01074	0.00504	0.00146	0.00216	0.00922	0.00404	0.00360
25	0.03019	0.00440	0.00546	0.00589	0.00669	0.00416	0.00418	0.00796	0.03689	0.07794	0.02401	0.55297	0.12838	0.04827	0.00583	0.00173	0.00268	0.04459	0.00393	0.00386
26	0.05161	0.00540	0.00621	0.00576	0.00720	0.00525	0.00434	0.06955	0.05191	0.07483	0.29759	0.13439	0.21200	0.04831	0.00552	0.00152	0.00262	0.00744	0.00416	0.00437
27	0.00820	0.00578	0.00701	0.00678	0.00808	0.00582	0.00521	0.17554	0.01160	0.04218	0.15194	0.34183	0.07890	0.01007	0.00506	0.00155	0.00304	0.12281	0.00412	0.00448
28	0.02225	0.00480	0.00615	0.00562	0.00694	0.00441	0.00422	0.01006	0.01089	0.16857	0.46861	0.10429	0.05579	0.06603	0.00587	0.00153	0.00249	0.00708	0.03997	0.00441
29	0.00738	0.00482	0.00564	0.00542	0.00615	0.00476	0.00372	0.06420	0.00877	0.05083	0.10980	0.08775	0.07314	0.44031	0.01328	0.00279	0.00349	0.06078	0.04346	0.00354
30	0.04031	0.00701	0.00826	0.00720	0.00911	0.00715	0.00563	0.21982	0.02742	0.19763	0.02695	0.14781	0.01483	0.14363	0.00727	0.00187	0.00371	0.09386	0.02529	0.00525
31	0.15674	0.00577	0.00601	0.00559	0.00738	0.00567	0.00437	0.04914	0.05017	0.08836	0.08111	0.09554	0.37832	0.00859	0.00449	0.00142	0.00272	0.04031	0.00388	0.00441
32	0.00653	0.00461	0.00565	0.00600	0.00697	0.00446	0.00465	0.05244	0.00982	0.01333	0.09345	0.28065	0.16398	0.01048	0.00502	0.00157	0.00279	0.21555	0.10818	0.00387
33	0.14133	0.00742	0.00791	0.00686	0.00890	0.00794	0.00535	0.17834	0.15968	0.06957	0.16577	0.05222	0.08428	0.06710	0.00563	0.01387	0.00327	0.00539	0.00393	0.00522
34	0.51856	0.00748	0.00675	0.00599	0.00836	0.00827	0.00482	0.02646	0.10977	0.09029	0.06440	0.02703	0.06912	0.00525	0.00337	0.00132	0.00309	0.00383	0.03091	0.00494
35	0.02872	0.00501	0.00635	0.00600	0.00688	0.00514	0.00442	0.00891	0.03354	0.08735	0.21572	0.08308	0.07719	0.19125	0.05316	0.08028	0.06113	0.03858	0.00348	0.00382
36	0.04782	0.01149	0.01040	0.06593	0.01224	0.23008	0.00724	0.27160	0.03916	0.01605	0.02081	0.01191	0.00816	0.04430	0.18155	0.00251	0.00674	0.00376	0.00296	0.00530
37	0.00770	0.00663	0.06300	0.03198	0.00874	0.02276	0.01764	0.05097	0.02555	0.07996	0.13709	0.15744	0.27314	0.05620	0.02815	0.00172	0.00339	0.01983	0.00374	0.00436
38	0.03102	0.01004	0.01060	0.03121	0.01158	0.08365	0.02029	0.34461	0.12839	0.06845	0.03771	0.01324	0.00966	0.06510	0.05123	0.04007	0.02958	0.00415	0.00358	0.00582
39	0.01015	0.01023	0.01618	0.18331	0.50073	0.07398	0.09186	0.01263	0.00945	0.01268	0.00794	0.01096	0.00659	0.02987	0.00475	0.00137	0.00550	0.00386	0.00206	0.00590
40	0.00964	0.03150	0.01237	0.24144	0.25129	0.07123	0.02112	0.04868	0.00982	0.04191	0.08677	0.01531	0.03907	0.09516	0.00606	0.00159	0.00483	0.00446	0.00259	0.00517
41	0.03236	0.04752	0.03476	0.05284	0.20741	0.06355	0.00746	0.03576	0.01684	0.04606	0.05906	0.08173	0.24786	0.00743	0.01765	0.00143	0.02009	0.01213	0.00308	0.00496
42	0.04830	0.03881	0.10296	0.04457	0.12168	0.17935	0.00914	0.13208	0.12961	0.09683	0.01007	0.01104	0.00765	0.00477	0.00434	0.00128	0.03347	0.01497	0.00303	0.00605
43	0.04599	0.01126	0.15990	0.03201	0.06566	0.04400	0.07261	0.10590	0.07441	0.12235	0.05518	0.03855	0.01043	0.04886	0.00578	0.00151	0.06226	0.02112	0.00312	0.01912
44	0.05365	0.02931	0.27178	0.08253	0.21034	0.04883	0.05871	0.01322	0.07309	0.01357	0.04721	0.01179	0.00837	0.04132	0.00482	0.00142	0.00524	0.00381	0.00232	0.01869
45	0.02362	0.03593	0.15426	0.05801	0.13390	0.17185	0.08011	0.02108	0.04268	0.04572	0.04725	0.06032	0.00913	0.00522	0.00518	0.00135	0.09226	0.00419	0.00248	0.00546

[dist]
# distance from previous block
# <min> <max>
9	143

# created by:
# /st0/software/busco_prod/Augustus/scripts/msa2prfl.pl ./align_prep/41587.fa
