[name]
unknown

[dist]
# distance from previous block
# <min> <max>
0	7

[block]
# block no. 0 follows, 71 sequences, length 22
# corresponding to MSA columns:
# 7-28
name=unknown_A
#
# <colnr> <probs for GDERKNQSTAVLIFYWHMCP>
#	G	D	E	R	K	N	Q	S	T	A	V	L	I	F	Y	W	H	M	C	P
0	0.00843	0.14524	0.11287	0.01950	0.01008	0.00737	0.01836	0.04898	0.02809	0.07958	0.01504	0.02654	0.03431	0.00732	0.00433	0.00141	0.00390	0.40517	0.00304	0.02043
1	0.01014	0.83037	0.05629	0.00675	0.01014	0.01490	0.00689	0.01151	0.00780	0.00916	0.00540	0.00624	0.00492	0.00330	0.00251	0.00084	0.00417	0.00208	0.00164	0.00495
2	0.00770	0.00660	0.00766	0.00555	0.00880	0.00498	0.00443	0.00935	0.00801	0.01234	0.00913	0.01004	0.06590	0.00334	0.00296	0.00062	0.00277	0.00269	0.00236	0.82476
3	0.00556	0.00376	0.00440	0.00440	0.00448	0.00384	0.00260	0.00572	0.00564	0.00760	0.01188	0.02397	0.01345	0.77148	0.11262	0.00399	0.00445	0.00541	0.00229	0.00245
4	0.03259	0.16961	0.13576	0.00888	0.03133	0.27041	0.04075	0.03350	0.02757	0.01086	0.04166	0.01037	0.03308	0.00777	0.12811	0.00180	0.00601	0.00321	0.00211	0.00464
5	0.00936	0.22155	0.26751	0.01159	0.01578	0.01058	0.32362	0.01255	0.02762	0.05343	0.00746	0.00888	0.00563	0.00349	0.00371	0.00115	0.00541	0.00338	0.00196	0.00535
6	0.00538	0.00388	0.00508	0.00486	0.00572	0.00359	0.00361	0.00711	0.01063	0.01501	0.78641	0.08257	0.03548	0.00811	0.00455	0.00123	0.00184	0.00719	0.00418	0.00359
7	0.00766	0.00669	0.09734	0.04380	0.10086	0.00544	0.03238	0.00936	0.00829	0.11393	0.11522	0.22227	0.01587	0.07910	0.09105	0.00198	0.00410	0.00595	0.03443	0.00429
8	0.04183	0.11279	0.18106	0.09135	0.15082	0.13227	0.05849	0.06527	0.03236	0.05167	0.00754	0.02049	0.00594	0.00396	0.00382	0.00115	0.02857	0.00317	0.00216	0.00528
9	0.00998	0.77698	0.10827	0.00703	0.01056	0.01450	0.00737	0.01155	0.00782	0.00935	0.00550	0.00636	0.00491	0.00332	0.00259	0.00086	0.00427	0.00213	0.00164	0.00500
10	0.04765	0.00629	0.00757	0.00642	0.00858	0.00622	0.00509	0.03687	0.20027	0.37126	0.10667	0.07786	0.03736	0.00580	0.00390	0.00123	0.00286	0.00484	0.05779	0.00548
11	0.01942	0.06322	0.06109	0.11005	0.20792	0.00771	0.10532	0.00975	0.03372	0.01070	0.02563	0.03793	0.06017	0.00768	0.06758	0.13603	0.02552	0.00406	0.00209	0.00441
12	0.02587	0.14117	0.28138	0.00974	0.03884	0.06862	0.04255	0.22371	0.02511	0.05949	0.02666	0.00896	0.00645	0.00407	0.00373	0.00113	0.02125	0.00311	0.00252	0.00564
13	0.00937	0.01002	0.02081	0.01501	0.01868	0.00954	0.71914	0.04410	0.04966	0.03013	0.02833	0.01099	0.00694	0.00352	0.00445	0.00128	0.00603	0.00452	0.00222	0.00526
14	0.00539	0.00426	0.01758	0.00499	0.00600	0.00377	0.00371	0.00699	0.05655	0.03423	0.10719	0.34051	0.36144	0.00990	0.00461	0.00139	0.00222	0.02209	0.00365	0.00353
15	0.06100	0.05780	0.11196	0.07403	0.12740	0.14495	0.05273	0.07438	0.06231	0.10141	0.00865	0.02123	0.00686	0.04753	0.00470	0.00130	0.03065	0.00342	0.00249	0.00520
16	0.01844	0.05288	0.05908	0.30026	0.02971	0.05678	0.10092	0.06095	0.04695	0.06623	0.04555	0.08111	0.03167	0.00497	0.00417	0.00125	0.02753	0.00433	0.00249	0.00473
17	0.00536	0.00365	0.00484	0.00547	0.00592	0.00348	0.00377	0.00634	0.02491	0.04524	0.02047	0.72305	0.04639	0.01273	0.06691	0.00187	0.00287	0.00988	0.00351	0.00335
18	0.01872	0.05489	0.16560	0.18411	0.08765	0.04428	0.06744	0.10388	0.02034	0.04215	0.07090	0.07199	0.04177	0.00493	0.00390	0.00122	0.00450	0.00426	0.00250	0.00498
19	0.03251	0.08632	0.05542	0.01001	0.03688	0.16688	0.16064	0.14446	0.04111	0.03843	0.03680	0.03897	0.03040	0.00450	0.00413	0.00113	0.04284	0.00374	0.00256	0.06224
20	0.00704	0.02878	0.00761	0.00686	0.02385	0.06757	0.05765	0.00902	0.09133	0.02505	0.01626	0.13745	0.13699	0.18810	0.15062	0.00263	0.03091	0.00580	0.00274	0.00375
21	0.00666	0.03001	0.00658	0.05851	0.02410	0.06686	0.01746	0.05467	0.00910	0.01173	0.11837	0.26721	0.22973	0.01908	0.00447	0.00132	0.00290	0.00716	0.06039	0.00373

[dist]
# distance from previous block
# <min> <max>
3	23

[block]
# block no. 1 follows, 71 sequences, length 28
# corresponding to MSA columns:
# 52-79
name=unknown_B
#
# <colnr> <probs for GDERKNQSTAVLIFYWHMCP>
#	G	D	E	R	K	N	Q	S	T	A	V	L	I	F	Y	W	H	M	C	P
0	0.02928	0.14065	0.11337	0.00979	0.06362	0.04510	0.13000	0.08367	0.04041	0.11133	0.02500	0.12426	0.02782	0.00545	0.01266	0.00125	0.02401	0.00449	0.00272	0.00512
1	0.00960	0.41243	0.34326	0.00919	0.03334	0.06086	0.02898	0.04222	0.00852	0.01099	0.00622	0.00725	0.00501	0.00351	0.00311	0.00102	0.00495	0.00253	0.00175	0.00528
2	0.00691	0.00529	0.00548	0.02223	0.00642	0.07176	0.00373	0.00791	0.02715	0.06888	0.09074	0.10348	0.18133	0.31478	0.06520	0.00246	0.00372	0.00616	0.00301	0.00336
3	0.01035	0.13129	0.12348	0.09685	0.06395	0.11015	0.11542	0.12086	0.06632	0.04921	0.00924	0.04164	0.02726	0.00435	0.00381	0.00116	0.01332	0.00366	0.00244	0.00524
4	0.02184	0.13462	0.17687	0.00883	0.01178	0.37713	0.00809	0.04644	0.00976	0.05962	0.00805	0.03732	0.02415	0.00474	0.02122	0.00115	0.00556	0.00303	0.00220	0.03758
5	0.03550	0.01953	0.05148	0.00675	0.02001	0.21667	0.00536	0.04101	0.04548	0.01948	0.05287	0.06730	0.35546	0.00766	0.02640	0.00134	0.01501	0.00564	0.00298	0.00406
6	0.00584	0.00574	0.07335	0.02664	0.08727	0.00482	0.00541	0.00747	0.02354	0.01089	0.12937	0.18644	0.17051	0.09363	0.13272	0.00228	0.00407	0.02327	0.00295	0.00375
7	0.03327	0.09208	0.13368	0.02550	0.13607	0.06919	0.23928	0.07300	0.02910	0.08979	0.02487	0.02178	0.00693	0.00389	0.00383	0.00117	0.00507	0.00366	0.00238	0.00544
8	0.00863	0.32957	0.54384	0.00933	0.01413	0.01119	0.01139	0.01190	0.00798	0.01100	0.00631	0.00738	0.00488	0.00351	0.00321	0.00107	0.00509	0.00255	0.00163	0.00539
9	0.00524	0.00372	0.00467	0.00502	0.00571	0.00338	0.00358	0.00627	0.00852	0.03490	0.20046	0.44030	0.19634	0.02489	0.00497	0.00146	0.00218	0.04134	0.00371	0.00335
10	0.00915	0.06492	0.27581	0.08527	0.07631	0.07006	0.12415	0.01944	0.03921	0.07378	0.04309	0.03070	0.01936	0.00520	0.03515	0.00138	0.00521	0.01436	0.00228	0.00517
11	0.00794	0.12812	0.71717	0.01022	0.01544	0.00955	0.01291	0.01188	0.00804	0.01168	0.00706	0.03058	0.00541	0.00382	0.00352	0.00117	0.00537	0.00295	0.00167	0.00550
12	0.00904	0.00736	0.00790	0.00718	0.00917	0.00823	0.00559	0.02986	0.62813	0.05109	0.01867	0.05170	0.11285	0.00615	0.00406	0.00132	0.00291	0.02936	0.00387	0.00556
13	0.00523	0.00427	0.00566	0.03072	0.00682	0.00396	0.05043	0.00640	0.00837	0.01080	0.16096	0.15230	0.36423	0.10787	0.05135	0.00186	0.00298	0.01915	0.00330	0.00333
14	0.04121	0.04421	0.23681	0.13165	0.03437	0.04776	0.16803	0.03394	0.01836	0.01229	0.10301	0.01213	0.03754	0.00450	0.00443	0.00124	0.05757	0.00390	0.00220	0.00486
15	0.00999	0.78188	0.10351	0.00700	0.01052	0.01454	0.00733	0.01155	0.00782	0.00934	0.00549	0.00635	0.00491	0.00332	0.00258	0.00086	0.00426	0.00213	0.00164	0.00500
16	0.00476	0.00339	0.00450	0.00535	0.00559	0.00318	0.00360	0.00544	0.00732	0.00975	0.02074	0.80136	0.02479	0.04608	0.00549	0.00165	0.00233	0.03808	0.00351	0.00310
17	0.00979	0.16585	0.13354	0.11784	0.16491	0.10496	0.08671	0.07341	0.03132	0.01188	0.00713	0.00887	0.00572	0.00473	0.03696	0.00132	0.02473	0.00314	0.00200	0.00520
18	0.06549	0.09287	0.11844	0.11745	0.05059	0.07918	0.17337	0.13343	0.04051	0.03033	0.03587	0.00968	0.00677	0.00400	0.00394	0.00118	0.02593	0.00344	0.00235	0.00519
19	0.01501	0.00931	0.01053	0.00815	0.01113	0.00986	0.00671	0.53124	0.07200	0.26837	0.01141	0.01070	0.00776	0.00469	0.00385	0.00117	0.00385	0.00363	0.00411	0.00649
20	0.00531	0.00409	0.00469	0.00482	0.00573	0.01790	0.00349	0.00659	0.02406	0.02758	0.23741	0.29804	0.32691	0.00969	0.00460	0.00135	0.00213	0.00845	0.00373	0.00343
21	0.02545	0.06535	0.22303	0.02284	0.05132	0.05462	0.07914	0.06806	0.07618	0.06666	0.05792	0.05113	0.05707	0.00517	0.00446	0.00124	0.06202	0.02061	0.00262	0.00511
22	0.00790	0.00571	0.00697	0.02539	0.00805	0.01898	0.02929	0.11635	0.05061	0.08091	0.32697	0.05602	0.18034	0.02032	0.00460	0.00130	0.00276	0.04942	0.00382	0.00431
23	0.00902	0.00628	0.00729	0.00659	0.00829	0.00644	0.00533	0.25441	0.03047	0.07022	0.08813	0.10524	0.15997	0.01968	0.00465	0.00140	0.00314	0.19096	0.01793	0.00458
24	0.02371	0.01172	0.22083	0.09373	0.28745	0.02098	0.10397	0.06401	0.07531	0.04897	0.00824	0.00974	0.00623	0.00377	0.00383	0.00120	0.00491	0.00346	0.00223	0.00569
25	0.05733	0.10658	0.03389	0.22297	0.07230	0.03889	0.12275	0.07594	0.02604	0.15092	0.00862	0.02010	0.00643	0.00394	0.00366	0.00115	0.00457	0.00344	0.00255	0.03792
26	0.01147	0.22992	0.10907	0.02494	0.01229	0.22557	0.06491	0.15325	0.03515	0.03595	0.00801	0.00890	0.02386	0.00491	0.03474	0.00124	0.00533	0.00301	0.00233	0.00515
27	0.14612	0.05438	0.07900	0.00761	0.05408	0.04837	0.02941	0.03061	0.00832	0.04225	0.02079	0.03987	0.00669	0.00367	0.00311	0.00089	0.00357	0.00289	0.00236	0.41603

[dist]
# distance from previous block
# <min> <max>
0	18

[block]
# block no. 2 follows, 71 sequences, length 25
# corresponding to MSA columns:
# 98-122
name=unknown_C
#
# <colnr> <probs for GDERKNQSTAVLIFYWHMCP>
#	G	D	E	R	K	N	Q	S	T	A	V	L	I	F	Y	W	H	M	C	P
0	0.00915	0.30352	0.28749	0.00891	0.03109	0.01093	0.03580	0.06652	0.11860	0.01239	0.02747	0.02939	0.01849	0.00428	0.00341	0.00111	0.00443	0.01942	0.00226	0.00534
1	0.00577	0.00452	0.00529	0.00557	0.03987	0.00422	0.00390	0.00789	0.09287	0.03494	0.16219	0.17725	0.42360	0.00896	0.00448	0.00132	0.00222	0.00771	0.00367	0.00377
2	0.03694	0.03230	0.03910	0.06312	0.07526	0.06649	0.13250	0.17176	0.03001	0.11438	0.08655	0.04443	0.01999	0.00510	0.00423	0.00123	0.02596	0.04239	0.00303	0.00522
3	0.05106	0.07775	0.18467	0.06150	0.13884	0.11717	0.05918	0.06622	0.02147	0.09264	0.04938	0.01040	0.02018	0.00454	0.01749	0.00123	0.01520	0.00339	0.00241	0.00528
4	0.00739	0.00697	0.01178	0.79914	0.08210	0.00856	0.01072	0.00993	0.00774	0.00998	0.00684	0.01017	0.00518	0.00380	0.00383	0.00127	0.00507	0.00341	0.00172	0.00438
5	0.03696	0.01376	0.41790	0.09261	0.18054	0.00865	0.06645	0.03293	0.00843	0.01229	0.00899	0.02959	0.04988	0.00418	0.00395	0.00123	0.02080	0.00358	0.00194	0.00534
6	0.04749	0.05949	0.14758	0.05185	0.08744	0.07029	0.07264	0.09394	0.07733	0.12454	0.05206	0.04818	0.00898	0.00510	0.02080	0.00129	0.01901	0.00386	0.00278	0.00535
7	0.00795	0.00880	0.12551	0.11328	0.14919	0.02239	0.09894	0.04912	0.03413	0.04192	0.06559	0.04458	0.19263	0.02372	0.00443	0.00129	0.00409	0.00502	0.00267	0.00476
8	0.00509	0.00373	0.00482	0.00520	0.00586	0.00346	0.00382	0.00631	0.00887	0.01193	0.29663	0.38366	0.12663	0.01017	0.00478	0.00143	0.00221	0.10827	0.00378	0.00335
9	0.06085	0.07474	0.09504	0.04751	0.13359	0.05369	0.17466	0.08533	0.02122	0.15663	0.02264	0.00993	0.00679	0.00400	0.00409	0.00119	0.03651	0.00351	0.00260	0.00550
10	0.05945	0.21340	0.09350	0.01056	0.11191	0.09922	0.08933	0.09422	0.04336	0.08030	0.04143	0.00941	0.00718	0.00402	0.00370	0.00110	0.02695	0.00319	0.00244	0.00533
11	0.00481	0.00354	0.00469	0.00560	0.02314	0.00331	0.00369	0.00557	0.00749	0.00994	0.03853	0.72887	0.08705	0.02794	0.02485	0.00167	0.00246	0.01019	0.00348	0.00319
12	0.00936	0.06041	0.19211	0.17535	0.21490	0.07568	0.06175	0.06802	0.00923	0.03356	0.01857	0.02410	0.01930	0.00409	0.00378	0.00118	0.00500	0.01626	0.00211	0.00527
13	0.02111	0.04275	0.03969	0.16986	0.16824	0.16098	0.04120	0.13591	0.02235	0.08777	0.01874	0.02599	0.00675	0.00426	0.00408	0.00117	0.03792	0.00345	0.00249	0.00527
14	0.00977	0.13820	0.13743	0.07345	0.19781	0.03437	0.18458	0.04566	0.04337	0.06248	0.00823	0.03310	0.00656	0.00388	0.00376	0.00116	0.00495	0.00361	0.00220	0.00544
15	0.02830	0.00407	0.00507	0.00540	0.02122	0.00398	0.00378	0.01801	0.00787	0.02480	0.11162	0.28046	0.17153	0.12618	0.12567	0.00237	0.00360	0.03308	0.01967	0.00334
16	0.05438	0.09790	0.08089	0.05973	0.09596	0.08788	0.06429	0.08396	0.06355	0.17300	0.02834	0.01070	0.01568	0.00555	0.04983	0.00142	0.01531	0.00346	0.00279	0.00538
17	0.02809	0.14382	0.09381	0.14092	0.07339	0.06094	0.12882	0.07638	0.03599	0.07204	0.02043	0.05265	0.01949	0.00443	0.00401	0.00118	0.03237	0.00378	0.00238	0.00509
18	0.00509	0.00357	0.00448	0.00502	0.00552	0.00328	0.00345	0.00592	0.00781	0.02594	0.07897	0.57823	0.14788	0.05744	0.00552	0.00159	0.00226	0.02249	0.03234	0.00321
19	0.01752	0.03256	0.09596	0.08277	0.33293	0.05088	0.15229	0.05344	0.00905	0.01240	0.00911	0.08100	0.02352	0.00439	0.00393	0.00120	0.00481	0.00417	0.02280	0.00527
20	0.01081	0.04967	0.02324	0.05280	0.12626	0.14896	0.09077	0.14369	0.05206	0.08267	0.01112	0.09766	0.04410	0.00560	0.01988	0.00129	0.02712	0.00436	0.00278	0.00515
21	0.02333	0.09000	0.06286	0.05178	0.07654	0.07237	0.17054	0.05598	0.11116	0.03393	0.03813	0.06899	0.04844	0.00489	0.00420	0.00120	0.03656	0.00430	0.00257	0.04223
22	0.02774	0.00593	0.00719	0.02501	0.09729	0.05617	0.00510	0.06030	0.01883	0.04152	0.05847	0.07470	0.09190	0.04124	0.02394	0.29219	0.00357	0.02122	0.01680	0.03090
23	0.01076	0.09370	0.06311	0.04052	0.06773	0.19590	0.06163	0.06407	0.04317	0.10193	0.01129	0.03442	0.06812	0.00523	0.01948	0.00120	0.00471	0.03659	0.00264	0.07380
24	0.07390	0.09990	0.13291	0.02920	0.07367	0.08722	0.08090	0.15656	0.03754	0.07313	0.03583	0.02062	0.02326	0.00429	0.00382	0.00114	0.02592	0.00343	0.00262	0.03413

[dist]
# distance from previous block
# <min> <max>
3	59

[block]
# block no. 3 follows, 71 sequences, length 17
# corresponding to MSA columns:
# 186-202
name=unknown_D
#
# <colnr> <probs for GDERKNQSTAVLIFYWHMCP>
#	G	D	E	R	K	N	Q	S	T	A	V	L	I	F	Y	W	H	M	C	P
0	0.03593	0.01685	0.03477	0.03042	0.08590	0.02758	0.03756	0.02244	0.01611	0.02029	0.10251	0.10531	0.03578	0.20814	0.06781	0.00219	0.00406	0.09146	0.00275	0.05216
1	0.04993	0.05910	0.09581	0.06610	0.01185	0.20802	0.03099	0.09663	0.10385	0.07445	0.00941	0.01142	0.02159	0.09980	0.00575	0.00144	0.04291	0.00349	0.00259	0.00488
2	0.03561	0.07980	0.09895	0.03805	0.01399	0.26905	0.19106	0.07164	0.03785	0.08576	0.00798	0.02149	0.00616	0.00403	0.00390	0.00114	0.02272	0.00335	0.00237	0.00512
3	0.00796	0.00786	0.10413	0.00800	0.01023	0.03380	0.13681	0.00973	0.00807	0.08869	0.04354	0.11797	0.04823	0.13072	0.07727	0.00198	0.02504	0.02289	0.00265	0.11443
4	0.00663	0.00612	0.01105	0.00914	0.01077	0.00599	0.27403	0.00841	0.00813	0.01101	0.08521	0.18699	0.05223	0.07993	0.09705	0.00213	0.03256	0.10598	0.00276	0.00389
5	0.00871	0.01097	0.12970	0.01320	0.01674	0.03676	0.51471	0.02687	0.07028	0.01230	0.00949	0.01154	0.03550	0.00593	0.07786	0.00169	0.00625	0.00428	0.00214	0.00509
6	0.00980	0.02457	0.20238	0.01313	0.01706	0.02738	0.45271	0.07213	0.03423	0.06681	0.00821	0.00986	0.00601	0.00371	0.00444	0.00126	0.03472	0.00390	0.00223	0.00544
7	0.00885	0.01278	0.27617	0.04238	0.01746	0.00922	0.41110	0.09426	0.00950	0.01320	0.00844	0.06299	0.00679	0.00407	0.00418	0.00127	0.00568	0.00425	0.00212	0.00530
8	0.00637	0.00436	0.00614	0.00639	0.00737	0.00416	0.03132	0.00779	0.00862	0.06648	0.08010	0.25802	0.09665	0.01069	0.03368	0.00172	0.00322	0.35971	0.00357	0.00365
9	0.00491	0.00378	0.00451	0.00491	0.00570	0.00346	0.00363	0.00586	0.00800	0.01010	0.02772	0.30169	0.37844	0.06143	0.04305	0.00180	0.00273	0.12168	0.00342	0.00319
10	0.00825	0.00988	0.12979	0.33380	0.02046	0.02126	0.29931	0.01111	0.00836	0.03835	0.00888	0.02555	0.03862	0.00407	0.00430	0.00128	0.02592	0.00403	0.00198	0.00479
11	0.00884	0.06310	0.60324	0.01107	0.01603	0.04722	0.10454	0.07895	0.00912	0.01285	0.00704	0.00828	0.00511	0.00367	0.00369	0.00119	0.00561	0.00302	0.00185	0.00559
12	0.00905	0.01034	0.02262	0.01616	0.02004	0.00970	0.82741	0.01228	0.00905	0.01228	0.00776	0.01034	0.00582	0.00323	0.00452	0.00129	0.00646	0.00452	0.00194	0.00517
13	0.01070	0.77956	0.01921	0.00679	0.01005	0.01483	0.00664	0.09540	0.00884	0.01058	0.00573	0.00646	0.00508	0.00342	0.00260	0.00085	0.00411	0.00219	0.00187	0.00508
14	0.03423	0.21343	0.08990	0.03409	0.01160	0.08518	0.11939	0.07702	0.04284	0.01210	0.06607	0.11768	0.02137	0.00649	0.05091	0.00143	0.00471	0.00439	0.00247	0.00469
15	0.00849	0.03444	0.01581	0.01188	0.01400	0.00936	0.38732	0.01052	0.00801	0.03778	0.02827	0.05485	0.05625	0.00552	0.00700	0.00142	0.27104	0.03123	0.00222	0.00460
16	0.00466	0.00340	0.00439	0.00518	0.00552	0.00313	0.00349	0.00536	0.00749	0.00985	0.02304	0.77399	0.11289	0.01176	0.00485	0.00153	0.00219	0.01060	0.00356	0.00313

[dist]
# distance from previous block
# <min> <max>
0	1

[block]
# block no. 4 follows, 71 sequences, length 42
# corresponding to MSA columns:
# 204-245
name=unknown_E
#
# <colnr> <probs for GDERKNQSTAVLIFYWHMCP>
#	G	D	E	R	K	N	Q	S	T	A	V	L	I	F	Y	W	H	M	C	P
0	0.01063	0.75174	0.01902	0.00749	0.04005	0.08730	0.00683	0.02248	0.00822	0.00938	0.00550	0.00638	0.00498	0.00336	0.00261	0.00085	0.00436	0.00215	0.00171	0.00494
1	0.12120	0.16945	0.05637	0.00823	0.01107	0.11617	0.06082	0.22070	0.07514	0.04964	0.03885	0.01909	0.01823	0.00439	0.00346	0.00112	0.00433	0.01364	0.00282	0.00528
2	0.00476	0.00381	0.00425	0.00432	0.00536	0.00330	0.00317	0.00587	0.00900	0.01141	0.21732	0.16258	0.53207	0.00964	0.00459	0.00132	0.00196	0.00826	0.00371	0.00330
3	0.00831	0.00713	0.01036	0.00892	0.00978	0.00885	0.06921	0.01040	0.08526	0.06859	0.00950	0.07616	0.00886	0.02345	0.14923	0.00235	0.41372	0.02318	0.00238	0.00436
4	0.03042	0.06432	0.04484	0.07246	0.20257	0.13521	0.16230	0.02482	0.05033	0.03748	0.01484	0.02471	0.00669	0.00517	0.04084	0.00141	0.07075	0.00359	0.00215	0.00509
5	0.01116	0.00904	0.00958	0.00813	0.01059	0.01030	0.00646	0.28087	0.57126	0.01866	0.01354	0.01266	0.01003	0.00501	0.00388	0.00125	0.00342	0.00405	0.00388	0.00621
6	0.00583	0.00426	0.00569	0.00631	0.00724	0.00413	0.00536	0.00746	0.00902	0.01173	0.11824	0.05855	0.13940	0.01018	0.00509	0.00163	0.00308	0.58969	0.00362	0.00349
7	0.02805	0.02535	0.01764	0.06595	0.03285	0.09503	0.49613	0.03290	0.03382	0.01218	0.02820	0.01210	0.00744	0.00413	0.00466	0.00129	0.04541	0.04978	0.00217	0.00492
8	0.01302	0.01509	0.01086	0.00956	0.01174	0.56140	0.03890	0.07482	0.20304	0.01211	0.00849	0.00893	0.00666	0.00426	0.00363	0.00108	0.00580	0.00305	0.00256	0.00500
9	0.00465	0.00341	0.00438	0.00516	0.00551	0.00313	0.00348	0.00536	0.00752	0.00986	0.02336	0.75897	0.12770	0.01172	0.00485	0.00152	0.00219	0.01055	0.00356	0.00313
10	0.01051	0.01199	0.01236	0.08775	0.03536	0.31406	0.07251	0.01178	0.00817	0.00966	0.00579	0.00821	0.00510	0.00509	0.00762	0.00135	0.38333	0.00313	0.00181	0.00442
11	0.02925	0.00916	0.08624	0.01091	0.07032	0.09120	0.24517	0.01034	0.03076	0.02291	0.02037	0.26260	0.03022	0.00658	0.00450	0.00135	0.01966	0.04139	0.00261	0.00448
12	0.00902	0.01025	0.02211	0.01587	0.01956	0.00979	0.78834	0.01214	0.00890	0.01214	0.00763	0.01025	0.00578	0.00340	0.00491	0.00131	0.04709	0.00447	0.00193	0.00512
13	0.01720	0.00653	0.00890	0.00682	0.00979	0.00564	0.00564	0.01869	0.01097	0.84399	0.01513	0.01305	0.00949	0.00475	0.00386	0.00119	0.00326	0.00386	0.00475	0.00653
14	0.01069	0.01046	0.02093	0.12503	0.01449	0.17633	0.16341	0.13756	0.12173	0.04798	0.01747	0.06843	0.00835	0.00489	0.00441	0.00125	0.04534	0.01347	0.00272	0.00507
15	0.00836	0.00648	0.00732	0.00690	0.00857	0.00705	0.00541	0.03877	0.43455	0.05556	0.07424	0.11484	0.07972	0.00725	0.00431	0.00138	0.00290	0.12753	0.00384	0.00501
16	0.00598	0.00435	0.00590	0.00667	0.00760	0.00427	0.00578	0.00764	0.00882	0.01134	0.02258	0.04247	0.12249	0.01048	0.00520	0.00171	0.00334	0.71636	0.00353	0.00349
17	0.76697	0.00776	0.00632	0.00553	0.00795	0.00895	0.00454	0.08535	0.05100	0.01777	0.00623	0.00692	0.00476	0.00374	0.00258	0.00119	0.00308	0.00232	0.00258	0.00447
18	0.03846	0.20210	0.08369	0.04977	0.01373	0.11003	0.20175	0.08399	0.08556	0.01267	0.03201	0.01119	0.00767	0.00422	0.00369	0.00115	0.00495	0.04597	0.00235	0.00506
19	0.00769	0.01983	0.84538	0.01093	0.01659	0.00890	0.01417	0.01214	0.00810	0.01214	0.00688	0.00810	0.00486	0.00364	0.00364	0.00121	0.00567	0.00283	0.00162	0.00567
20	0.00469	0.00335	0.00444	0.00531	0.00553	0.00313	0.00353	0.00534	0.00730	0.00973	0.02092	0.84288	0.02509	0.03225	0.00524	0.00161	0.00226	0.01077	0.00353	0.00310
21	0.01989	0.14454	0.48262	0.02832	0.01515	0.04824	0.11314	0.01203	0.01878	0.02421	0.00749	0.04316	0.00599	0.00398	0.00374	0.00118	0.01715	0.00328	0.00185	0.00528
22	0.00927	0.53252	0.22414	0.00788	0.01138	0.03040	0.00845	0.01129	0.00772	0.00981	0.00605	0.00738	0.00523	0.00530	0.06088	0.00133	0.05188	0.00247	0.00167	0.00495
23	0.00893	0.01000	0.02070	0.01508	0.01827	0.01006	0.68247	0.01174	0.00849	0.01174	0.00727	0.01000	0.00568	0.00385	0.00595	0.00136	0.15719	0.00432	0.00189	0.00500
24	0.40443	0.00848	0.02848	0.00713	0.00958	0.02457	0.03538	0.19342	0.04025	0.08196	0.02573	0.01108	0.00742	0.00467	0.00374	0.00125	0.04462	0.05986	0.00298	0.00496
25	0.02406	0.06909	0.14961	0.00776	0.01003	0.05738	0.07860	0.05463	0.00860	0.04926	0.07765	0.01777	0.04668	0.15953	0.10759	0.00225	0.00504	0.06762	0.00256	0.00427
26	0.00504	0.00370	0.00482	0.00558	0.00613	0.00347	0.00415	0.00604	0.00793	0.01031	0.02348	0.53016	0.14246	0.01131	0.00495	0.00157	0.00252	0.21960	0.00355	0.00324
27	0.00483	0.00352	0.00458	0.00537	0.00579	0.00328	0.00379	0.00566	0.00767	0.01005	0.02309	0.67263	0.11952	0.01158	0.00490	0.00155	0.00234	0.10312	0.00356	0.00318
28	0.07878	0.40085	0.24602	0.03765	0.01285	0.06597	0.05969	0.01217	0.03434	0.01100	0.00633	0.00740	0.00512	0.00352	0.00307	0.00103	0.00477	0.00257	0.00181	0.00507
29	0.02728	0.48056	0.27169	0.00857	0.01252	0.05811	0.04848	0.03393	0.00836	0.01072	0.00606	0.00707	0.00497	0.00347	0.00301	0.00099	0.00483	0.00247	0.00174	0.00516
30	0.00522	0.00375	0.00494	0.00552	0.00605	0.00356	0.00408	0.00632	0.00826	0.01103	0.16306	0.42621	0.06483	0.06756	0.00588	0.00168	0.00255	0.20268	0.00358	0.00325
31	0.00958	0.52286	0.27069	0.00816	0.01200	0.02976	0.00896	0.03151	0.02864	0.01052	0.00615	0.00711	0.00511	0.00359	0.00323	0.00099	0.03178	0.00243	0.00175	0.00518
32	0.19318	0.06153	0.10732	0.09573	0.01311	0.15295	0.10235	0.02361	0.08728	0.02249	0.01517	0.00928	0.00626	0.00588	0.07039	0.00157	0.02180	0.00313	0.00223	0.00473
33	0.23922	0.19823	0.20254	0.02605	0.02850	0.15672	0.02899	0.02041	0.00813	0.01225	0.00595	0.00714	0.00478	0.00373	0.00346	0.00110	0.04356	0.00250	0.00192	0.00481
34	0.00603	0.00415	0.00534	0.00571	0.00662	0.00391	0.00456	0.00735	0.00874	0.05038	0.12542	0.15053	0.18727	0.06652	0.00586	0.00167	0.00282	0.35002	0.00360	0.00349
35	0.01025	0.73908	0.06409	0.00696	0.01030	0.01439	0.00698	0.04546	0.05362	0.01020	0.00614	0.00683	0.00536	0.00346	0.00266	0.00088	0.00413	0.00228	0.00185	0.00509
36	0.06073	0.00922	0.00978	0.24725	0.01468	0.14149	0.01596	0.10922	0.20040	0.02233	0.02615	0.01323	0.05421	0.00495	0.00403	0.00124	0.02569	0.03172	0.00279	0.00490
37	0.00675	0.00444	0.00560	0.00535	0.00645	0.00421	0.00401	0.02936	0.05484	0.09039	0.44109	0.21448	0.08807	0.00845	0.00451	0.00130	0.00220	0.02050	0.00403	0.00395
38	0.35218	0.11698	0.01019	0.02748	0.01013	0.08547	0.08462	0.03149	0.06376	0.03560	0.04042	0.01284	0.00857	0.00470	0.00333	0.00121	0.00392	0.09998	0.00259	0.00453
39	0.19219	0.18141	0.01127	0.00757	0.00999	0.22743	0.00622	0.18002	0.04038	0.02722	0.00720	0.00839	0.00589	0.03584	0.03077	0.00132	0.01672	0.00277	0.00250	0.00488
40	0.00921	0.00883	0.01506	0.12590	0.74113	0.00904	0.01163	0.01152	0.00860	0.01219	0.00716	0.00958	0.00596	0.00347	0.00380	0.00116	0.00462	0.00342	0.00187	0.00585
41	0.00476	0.00353	0.00445	0.00507	0.00558	0.00322	0.00353	0.00561	0.00795	0.01040	0.08790	0.60259	0.18989	0.01118	0.00481	0.00148	0.00218	0.03907	0.00361	0.00319

[dist]
# distance from previous block
# <min> <max>
0	1

[block]
# block no. 5 follows, 71 sequences, length 15
# corresponding to MSA columns:
# 247-261
name=unknown_F
#
# <colnr> <probs for GDERKNQSTAVLIFYWHMCP>
#	G	D	E	R	K	N	Q	S	T	A	V	L	I	F	Y	W	H	M	C	P
0	0.16599	0.03932	0.01316	0.04047	0.08408	0.09797	0.18835	0.16161	0.04055	0.09701	0.00818	0.00919	0.00608	0.00397	0.00388	0.00119	0.02762	0.00336	0.00268	0.00534
1	0.00842	0.00916	0.06685	0.52474	0.09199	0.09275	0.03547	0.04043	0.00846	0.01073	0.00746	0.04704	0.00612	0.00425	0.00411	0.00125	0.03063	0.00364	0.00191	0.00458
2	0.76023	0.00792	0.00652	0.00561	0.00809	0.00910	0.00462	0.13427	0.00826	0.01825	0.00592	0.00668	0.00451	0.00372	0.00259	0.00118	0.00315	0.00228	0.00259	0.00451
3	0.00724	0.00567	0.00770	0.18229	0.02489	0.00613	0.00654	0.11469	0.03836	0.01269	0.04673	0.19601	0.05922	0.00826	0.00458	0.00147	0.00354	0.26667	0.00321	0.00410
4	0.00922	0.00928	0.01455	0.25298	0.49438	0.07504	0.06638	0.01153	0.00862	0.01151	0.00704	0.00955	0.00570	0.00356	0.00383	0.00118	0.00502	0.00341	0.00185	0.00538
5	0.00805	0.00788	0.01418	0.56977	0.12154	0.00891	0.17231	0.03104	0.00833	0.01097	0.00711	0.01013	0.00540	0.00368	0.00397	0.00126	0.00529	0.00363	0.00183	0.00471
6	0.00485	0.00367	0.00448	0.00476	0.00550	0.00329	0.00338	0.00593	0.00876	0.01156	0.26085	0.37873	0.27006	0.01013	0.00468	0.00138	0.00202	0.00893	0.00375	0.00329
7	0.04283	0.17721	0.26703	0.04078	0.01414	0.28718	0.09587	0.01296	0.00898	0.01076	0.00631	0.00759	0.00498	0.00364	0.00341	0.00107	0.00575	0.00274	0.00180	0.00496
8	0.00689	0.00470	0.00671	0.03215	0.05623	0.00514	0.00478	0.03502	0.00646	0.00879	0.02831	0.03352	0.07446	0.05130	0.09602	0.44942	0.09103	0.00415	0.00208	0.00284
9	0.00518	0.00384	0.00440	0.00430	0.00504	0.00352	0.00296	0.00612	0.00843	0.01112	0.30289	0.03026	0.29830	0.28639	0.00939	0.00205	0.00247	0.00688	0.00338	0.00307
10	0.00501	0.00380	0.00504	0.00534	0.00603	0.00384	0.00395	0.00607	0.00734	0.00977	0.04421	0.29989	0.20941	0.01781	0.33201	0.00327	0.00529	0.02563	0.00299	0.00329
11	0.00860	0.01579	0.56277	0.09632	0.15984	0.00868	0.01283	0.01229	0.00836	0.06828	0.00749	0.00888	0.00541	0.00370	0.00370	0.00121	0.00526	0.00306	0.00189	0.00566
12	0.00987	0.00956	0.01315	0.16131	0.36787	0.09848	0.05135	0.03216	0.16275	0.03024	0.00878	0.01034	0.00689	0.00397	0.00395	0.00119	0.01671	0.00355	0.00235	0.00553
13	0.01411	0.06314	0.01135	0.00970	0.01175	0.80577	0.00736	0.01511	0.01070	0.00936	0.00590	0.00687	0.00494	0.00392	0.00340	0.00098	0.00677	0.00245	0.00196	0.00447
14	0.00907	0.01013	0.10812	0.24679	0.37259	0.02829	0.09192	0.06467	0.00906	0.01240	0.00722	0.00954	0.00565	0.00363	0.00386	0.00120	0.00505	0.00344	0.00195	0.00544

[dist]
# distance from previous block
# <min> <max>
0	2

[block]
# block no. 6 follows, 71 sequences, length 23
# corresponding to MSA columns:
# 264-286
name=unknown_G
#
# <colnr> <probs for GDERKNQSTAVLIFYWHMCP>
#	G	D	E	R	K	N	Q	S	T	A	V	L	I	F	Y	W	H	M	C	P
0	0.06739	0.00768	0.01154	0.46124	0.19951	0.00890	0.00964	0.03338	0.13935	0.01225	0.00826	0.01042	0.00634	0.00396	0.00374	0.00124	0.00449	0.00347	0.00220	0.00499
1	0.08983	0.00500	0.00653	0.00584	0.00734	0.00498	0.00457	0.01062	0.00865	0.25305	0.19988	0.05203	0.01569	0.02282	0.25795	0.03773	0.00497	0.00476	0.00341	0.00434
2	0.09563	0.03538	0.01077	0.00896	0.01136	0.46296	0.00702	0.27716	0.03062	0.01501	0.00713	0.00773	0.00552	0.00414	0.00346	0.00106	0.00553	0.00278	0.00265	0.00513
3	0.01135	0.59825	0.01710	0.00749	0.01040	0.21467	0.00677	0.04124	0.04362	0.00993	0.00604	0.00678	0.00527	0.00357	0.00281	0.00089	0.00473	0.00230	0.00189	0.00491
4	0.00695	0.00354	0.00384	0.00384	0.00459	0.00352	0.00281	0.00809	0.00753	0.01277	0.01257	0.01477	0.04414	0.00627	0.00495	0.15928	0.00207	0.00372	0.69154	0.00322
5	0.00840	0.00485	0.00501	0.00453	0.00578	0.00506	0.00348	0.15459	0.00971	0.01575	0.01190	0.01386	0.00942	0.04225	0.00362	0.00106	0.00230	0.00364	0.69073	0.00404
6	0.00559	0.15753	0.00682	0.00440	0.00603	0.00538	0.00359	0.00664	0.00866	0.01034	0.06764	0.03107	0.65637	0.00849	0.00416	0.00121	0.00232	0.00697	0.00325	0.00355
7	0.39036	0.00685	0.00676	0.00579	0.00816	0.00708	0.00471	0.04743	0.07063	0.09259	0.03167	0.01357	0.05510	0.01479	0.00340	0.00117	0.00300	0.07215	0.00297	0.16184
8	0.00568	0.15724	0.00714	0.00518	0.00624	0.00532	0.00394	0.00658	0.00796	0.01012	0.07092	0.46719	0.21347	0.00967	0.00435	0.00134	0.00247	0.00843	0.00326	0.00349
9	0.00553	0.00436	0.00643	0.00858	0.15424	0.00418	0.00502	0.00648	0.00759	0.01027	0.01866	0.71096	0.02193	0.01048	0.00470	0.00148	0.00264	0.00957	0.00326	0.00364
10	0.00647	0.00505	0.00604	0.00554	0.00669	0.00523	0.00436	0.00796	0.03951	0.07070	0.14708	0.02819	0.46856	0.00840	0.00590	0.00135	0.15442	0.02133	0.00342	0.00381
11	0.03092	0.00544	0.00751	0.00843	0.15507	0.00516	0.00536	0.01003	0.03501	0.13736	0.42036	0.02278	0.11508	0.01920	0.00444	0.00124	0.00262	0.00576	0.00373	0.00451
12	0.00981	0.00557	0.00746	0.00637	0.00781	0.00570	0.00509	0.01125	0.00976	0.29106	0.33559	0.04219	0.07980	0.00685	0.00574	0.00130	0.15467	0.00545	0.00388	0.00465
13	0.00553	0.00436	0.00643	0.00858	0.15424	0.00418	0.00502	0.00648	0.00759	0.01027	0.01866	0.71096	0.02193	0.01048	0.00470	0.00148	0.00264	0.00957	0.00326	0.00364
14	0.00599	0.00476	0.00560	0.00524	0.00617	0.00503	0.00405	0.00733	0.02626	0.02219	0.13124	0.05061	0.39649	0.03788	0.00623	0.00139	0.15434	0.00636	0.11925	0.00357
15	0.00568	0.00446	0.00584	0.15594	0.00923	0.00439	0.00460	0.00721	0.00921	0.03145	0.32382	0.04889	0.32389	0.04271	0.00501	0.00136	0.00257	0.00670	0.00345	0.00359
16	0.00498	0.00359	0.00478	0.00560	0.00602	0.00339	0.00404	0.00591	0.00779	0.01029	0.04299	0.64298	0.06197	0.01152	0.00495	0.00158	0.00246	0.16840	0.00357	0.00321
17	0.00693	0.00393	0.00527	0.00558	0.00632	0.00358	0.00393	0.00780	0.00814	0.15843	0.05559	0.67538	0.02301	0.01054	0.00469	0.00148	0.00239	0.00947	0.00380	0.00374
18	0.16302	0.00448	0.00492	0.00471	0.00583	0.00442	0.00352	0.00746	0.00919	0.01405	0.46132	0.08209	0.15029	0.06238	0.00512	0.00140	0.00218	0.00643	0.00363	0.00354
19	0.00507	0.00364	0.00484	0.00558	0.00603	0.00345	0.00406	0.00606	0.00796	0.01058	0.09050	0.57255	0.05264	0.03123	0.00528	0.00161	0.00249	0.17962	0.00358	0.00323
20	0.00888	0.00533	0.00735	0.15722	0.01077	0.00540	0.00560	0.04597	0.04394	0.21269	0.12148	0.32620	0.01793	0.00766	0.00432	0.00134	0.00306	0.00676	0.00363	0.00448
21	0.00537	0.00391	0.00466	0.00466	0.00543	0.00373	0.00330	0.00623	0.00761	0.02798	0.10262	0.08585	0.31262	0.23787	0.15890	0.00281	0.00394	0.01631	0.00306	0.00313
22	0.00787	0.00494	0.00657	0.15633	0.00999	0.00477	0.00499	0.00937	0.00931	0.18325	0.20147	0.03891	0.29366	0.04567	0.00494	0.00136	0.00283	0.00607	0.00356	0.00414

[dist]
# distance from previous block
# <min> <max>
0	126

# created by:
# /st0/software/busco_prod/Augustus/scripts/msa2prfl.pl ./align_prep/41696.fa
