[name]
unknown

[dist]
# distance from previous block
# <min> <max>
0	27

[block]
# block no. 0 follows, 71 sequences, length 41
# corresponding to MSA columns:
# 30-70
name=unknown_A
#
# <colnr> <probs for GDERKNQSTAVLIFYWHMCP>
#	G	D	E	R	K	N	Q	S	T	A	V	L	I	F	Y	W	H	M	C	P
0	0.02600	0.02556	0.16978	0.00960	0.02758	0.05445	0.10082	0.18506	0.06838	0.14301	0.03698	0.02187	0.02008	0.00481	0.00429	0.00123	0.04179	0.03837	0.00302	0.01730
1	0.02315	0.00989	0.08224	0.01229	0.14425	0.04507	0.20761	0.10547	0.09450	0.11718	0.02656	0.03365	0.00833	0.04186	0.00465	0.00131	0.00464	0.00406	0.00279	0.03050
2	0.02224	0.00813	0.01209	0.01082	0.09643	0.06566	0.22610	0.05222	0.09999	0.04714	0.09846	0.14330	0.04914	0.00618	0.01899	0.00134	0.00427	0.00544	0.00293	0.02911
3	0.00849	0.00905	0.13407	0.01075	0.11503	0.01631	0.14945	0.02568	0.06950	0.07842	0.19507	0.05258	0.04874	0.00543	0.00451	0.00124	0.04130	0.00489	0.00293	0.02658
4	0.00906	0.02226	0.02375	0.01910	0.06184	0.05673	0.13266	0.09267	0.14398	0.05411	0.17891	0.05791	0.07186	0.00561	0.00409	0.00120	0.00372	0.00501	0.00323	0.05229
5	0.06201	0.00762	0.02115	0.00734	0.03293	0.02213	0.01681	0.15781	0.18303	0.12543	0.07496	0.03670	0.07202	0.04323	0.01846	0.00134	0.00340	0.00436	0.00346	0.10579
6	0.01959	0.00826	0.00903	0.00798	0.04466	0.05039	0.00605	0.14227	0.28013	0.12458	0.03648	0.01409	0.08456	0.00515	0.00417	0.00116	0.04073	0.00410	0.00349	0.11315
7	0.03687	0.00727	0.03124	0.03635	0.00970	0.00650	0.00537	0.10628	0.09772	0.11586	0.05271	0.01329	0.06896	0.04204	0.00417	0.00107	0.00316	0.00367	0.00309	0.35467
8	0.01255	0.07182	0.01098	0.00814	0.01931	0.04881	0.00659	0.56110	0.03953	0.02016	0.10007	0.01184	0.01004	0.04242	0.00447	0.00123	0.00399	0.00379	0.00353	0.01965
9	0.00984	0.03954	0.05278	0.17861	0.11700	0.00912	0.24122	0.12420	0.02356	0.06983	0.00827	0.01014	0.00624	0.00481	0.04090	0.00140	0.00524	0.00368	0.00237	0.05125
10	0.01355	0.01155	0.01139	0.00987	0.06404	0.16388	0.02117	0.48576	0.12111	0.04485	0.00947	0.00960	0.00695	0.00447	0.00378	0.00114	0.00459	0.00342	0.00338	0.00603
11	0.00466	0.00365	0.00416	0.00453	0.00531	0.00322	0.00318	0.00548	0.00806	0.01011	0.04965	0.38335	0.44183	0.04802	0.00534	0.00151	0.00214	0.00913	0.00352	0.00315
12	0.00469	0.00337	0.00446	0.00528	0.00556	0.00313	0.00354	0.00541	0.00749	0.00999	0.04833	0.81277	0.04814	0.01181	0.00487	0.00154	0.00220	0.01069	0.00358	0.00313
13	0.01291	0.22503	0.01286	0.00883	0.01109	0.57912	0.00703	0.04268	0.01021	0.00984	0.00656	0.04421	0.00588	0.00416	0.00329	0.00098	0.00593	0.00277	0.00203	0.00458
14	0.01126	0.51762	0.05411	0.00828	0.05376	0.10038	0.00725	0.08668	0.05936	0.05870	0.00709	0.00765	0.00580	0.00369	0.00298	0.00095	0.00439	0.00257	0.00220	0.00527
15	0.00913	0.00889	0.01503	0.17904	0.63819	0.02370	0.04713	0.01148	0.00858	0.01195	0.00714	0.00962	0.00586	0.00350	0.00383	0.00117	0.00478	0.00345	0.00186	0.00567
16	0.00666	0.00333	0.00500	0.00500	0.00500	0.00333	0.00333	0.00500	0.00500	0.00666	0.00666	0.01166	0.00666	0.01332	0.01499	0.88844	0.00333	0.00333	0.00167	0.00167
17	0.01025	0.86756	0.02009	0.00656	0.00984	0.01517	0.00656	0.01148	0.00779	0.00902	0.00533	0.00615	0.00492	0.00328	0.00246	0.00082	0.00410	0.00205	0.00164	0.00492
18	0.00652	0.00430	0.00579	0.00528	0.00645	0.00390	0.02659	0.00814	0.01027	0.09557	0.57599	0.10480	0.11555	0.00799	0.00449	0.00125	0.00213	0.00705	0.00408	0.00386
19	0.00584	0.00401	0.00526	0.00489	0.00587	0.00369	0.00369	0.00764	0.01086	0.04466	0.81018	0.02809	0.03523	0.00773	0.00450	0.00121	0.00186	0.00683	0.00424	0.00372
20	0.00465	0.00347	0.00432	0.00499	0.00545	0.00315	0.00339	0.00538	0.00763	0.00988	0.02498	0.66401	0.20838	0.02471	0.00504	0.00153	0.00218	0.01019	0.00354	0.00313
21	0.01485	0.01030	0.01123	0.00861	0.01167	0.01124	0.00712	0.74416	0.01729	0.10959	0.00982	0.00961	0.00683	0.00462	0.00384	0.00115	0.00412	0.00349	0.00393	0.00652
22	0.01432	0.01827	0.01087	0.00988	0.01185	0.84986	0.00741	0.01531	0.01087	0.00938	0.00593	0.00691	0.00494	0.00395	0.00346	0.00099	0.00691	0.00247	0.00198	0.00444
23	0.16434	0.00631	0.00693	0.00650	0.00822	0.00680	0.00514	0.02724	0.27067	0.11035	0.07711	0.13179	0.01528	0.02116	0.00427	0.00140	0.00295	0.12514	0.00363	0.00477
24	0.00486	0.00362	0.00454	0.00493	0.00556	0.00329	0.00348	0.00591	0.00857	0.01140	0.24044	0.46335	0.19380	0.01042	0.00473	0.00141	0.00208	0.02060	0.00373	0.00328
25	0.00623	0.00444	0.00540	0.00501	0.00621	0.00418	0.00381	0.00868	0.08500	0.05751	0.56376	0.02816	0.19133	0.00781	0.00443	0.00123	0.00202	0.00677	0.00409	0.00392
26	0.00949	0.00911	0.01556	0.02353	0.84133	0.00911	0.01177	0.01177	0.00873	0.01253	0.00721	0.00949	0.00607	0.00342	0.00380	0.00114	0.00456	0.00342	0.00190	0.00607
27	0.00987	0.00808	0.00867	0.00766	0.00983	0.00918	0.00601	0.09506	0.66928	0.03707	0.06970	0.01523	0.01296	0.00540	0.00396	0.00129	0.00308	0.01783	0.00393	0.00592
28	0.63157	0.00749	0.00671	0.00575	0.00824	0.00834	0.00471	0.05223	0.07608	0.15548	0.00800	0.00818	0.00578	0.00394	0.00282	0.00119	0.00308	0.00263	0.00296	0.00482
29	0.00483	0.00346	0.00459	0.00543	0.00575	0.00325	0.00376	0.00559	0.00749	0.00992	0.02142	0.74410	0.05002	0.02858	0.00521	0.00161	0.00237	0.08595	0.00353	0.00314
30	0.89233	0.00741	0.00564	0.00504	0.00741	0.00860	0.00415	0.01127	0.00653	0.01720	0.00534	0.00623	0.00415	0.00356	0.00237	0.00119	0.00297	0.00208	0.00237	0.00415
31	0.00608	0.00383	0.00447	0.00445	0.00464	0.00375	0.00265	0.00626	0.00612	0.05128	0.02497	0.11467	0.01525	0.71652	0.01691	0.00332	0.00351	0.00608	0.00261	0.00265
32	0.74987	0.00715	0.00587	0.00518	0.00747	0.00811	0.00424	0.03193	0.00735	0.05904	0.05846	0.00824	0.00662	0.00394	0.00263	0.00118	0.00291	0.00254	0.02299	0.00429
33	0.31267	0.00602	0.00645	0.00552	0.00757	0.00611	0.00440	0.01243	0.03459	0.26650	0.21161	0.01554	0.03450	0.03432	0.00403	0.00128	0.00275	0.00416	0.02484	0.00470
34	0.89233	0.00741	0.00564	0.00504	0.00741	0.00860	0.00415	0.01127	0.00653	0.01720	0.00534	0.00623	0.00415	0.00356	0.00237	0.00119	0.00297	0.00208	0.00237	0.00415
35	0.00559	0.00397	0.00507	0.00476	0.00576	0.00362	0.00358	0.00730	0.01061	0.03375	0.72860	0.02923	0.12780	0.00798	0.00451	0.00122	0.00186	0.00700	0.00416	0.00364
36	0.00547	0.00374	0.00481	0.00500	0.00565	0.00345	0.00352	0.00658	0.00881	0.04179	0.33744	0.39019	0.08804	0.07037	0.00572	0.00154	0.00219	0.00853	0.00377	0.00338
37	0.03466	0.00654	0.00831	0.00681	0.00933	0.00618	0.00547	0.01744	0.16742	0.57997	0.01562	0.10187	0.01145	0.00556	0.00394	0.00125	0.00310	0.00464	0.00441	0.00603
38	0.01458	0.01074	0.01151	0.00882	0.01189	0.01189	0.00729	0.82855	0.01803	0.02416	0.00921	0.00921	0.00652	0.00460	0.00384	0.00115	0.00422	0.00345	0.00384	0.00652
39	0.00555	0.00397	0.00501	0.00472	0.00573	0.00360	0.00355	0.00722	0.01051	0.03362	0.68916	0.02964	0.16727	0.00807	0.00451	0.00122	0.00186	0.00705	0.00412	0.00362
40	0.00471	0.00342	0.00444	0.00519	0.00554	0.00315	0.00351	0.00547	0.00766	0.01017	0.07153	0.74629	0.09162	0.01158	0.00484	0.00151	0.00218	0.01044	0.00360	0.00315

[dist]
# distance from previous block
# <min> <max>
0	1

[block]
# block no. 1 follows, 71 sequences, length 29
# corresponding to MSA columns:
# 72-100
name=unknown_B
#
# <colnr> <probs for GDERKNQSTAVLIFYWHMCP>
#	G	D	E	R	K	N	Q	S	T	A	V	L	I	F	Y	W	H	M	C	P
0	0.00550	0.00369	0.00420	0.00428	0.00429	0.00367	0.00242	0.00556	0.00572	0.00762	0.01281	0.09270	0.01486	0.79639	0.01834	0.00354	0.00360	0.00601	0.00242	0.00239
1	0.00911	0.00872	0.01487	0.16512	0.70274	0.00901	0.01158	0.01143	0.00855	0.01206	0.00714	0.00961	0.00591	0.00349	0.00380	0.00116	0.00465	0.00341	0.00186	0.00576
2	0.00724	0.00681	0.01150	0.85604	0.02641	0.00852	0.01065	0.00980	0.00767	0.00980	0.00681	0.01022	0.00511	0.00383	0.00383	0.00128	0.00511	0.00341	0.00170	0.00426
3	0.00738	0.00696	0.01176	0.80301	0.07832	0.00856	0.01072	0.00992	0.00773	0.00997	0.00684	0.01018	0.00517	0.00381	0.00383	0.00127	0.00508	0.00341	0.00172	0.00437
4	0.01421	0.00732	0.00930	0.00713	0.01014	0.00673	0.02349	0.11336	0.08748	0.49041	0.01269	0.01166	0.00852	0.00437	0.00368	0.00108	0.00334	0.00356	0.00402	0.17750
5	0.06377	0.00440	0.00504	0.00469	0.00528	0.00438	0.00300	0.01967	0.00649	0.11718	0.01170	0.02133	0.01222	0.63748	0.01590	0.05329	0.00360	0.00497	0.00263	0.00301
6	0.00749	0.00621	0.00722	0.00539	0.00814	0.00484	0.00411	0.00886	0.00749	0.01151	0.00784	0.01127	0.00728	0.17006	0.00607	0.00118	0.00301	0.00291	0.00228	0.71683
7	0.00585	0.00401	0.00526	0.00490	0.00588	0.00369	0.00369	0.00765	0.01086	0.04546	0.80939	0.02807	0.03521	0.00773	0.00450	0.00121	0.00186	0.00682	0.00424	0.00372
8	0.00645	0.00341	0.00484	0.00484	0.00484	0.00341	0.00313	0.00511	0.00511	0.00681	0.00771	0.01426	0.00807	0.17851	0.01586	0.71690	0.00341	0.00377	0.00179	0.00179
9	0.00472	0.00348	0.00443	0.00510	0.00555	0.00318	0.00350	0.00552	0.00780	0.01024	0.07247	0.66903	0.15533	0.01138	0.00482	0.00150	0.00218	0.02302	0.00360	0.00317
10	0.86747	0.00739	0.00573	0.00509	0.00748	0.00852	0.00419	0.01148	0.00665	0.04069	0.00562	0.00642	0.00430	0.00359	0.00241	0.00119	0.00297	0.00213	0.00244	0.00422
11	0.00638	0.00510	0.00570	0.00540	0.00678	0.00511	0.00411	0.01030	0.23355	0.02573	0.27825	0.06910	0.30232	0.00796	0.00438	0.00129	0.00225	0.01826	0.00387	0.00417
12	0.89233	0.00741	0.00564	0.00504	0.00741	0.00860	0.00415	0.01127	0.00653	0.01720	0.00534	0.00623	0.00415	0.00356	0.00237	0.00119	0.00297	0.00208	0.00237	0.00415
13	0.00543	0.00376	0.00423	0.00421	0.00444	0.00367	0.00251	0.00567	0.00626	0.00823	0.05625	0.02661	0.12247	0.69592	0.03245	0.00332	0.00352	0.00594	0.00257	0.00253
14	0.89233	0.00741	0.00564	0.00504	0.00741	0.00860	0.00415	0.01127	0.00653	0.01720	0.00534	0.00623	0.00415	0.00356	0.00237	0.00119	0.00297	0.00208	0.00237	0.00415
15	0.00654	0.00387	0.00505	0.00531	0.00593	0.00358	0.00365	0.00731	0.00784	0.12197	0.07775	0.55218	0.03403	0.13784	0.00690	0.00180	0.00255	0.00884	0.00358	0.00349
16	0.89233	0.00741	0.00564	0.00504	0.00741	0.00860	0.00415	0.01127	0.00653	0.01720	0.00534	0.00623	0.00415	0.00356	0.00237	0.00119	0.00297	0.00208	0.00237	0.00415
17	0.00703	0.00635	0.01047	0.69142	0.02283	0.00772	0.00978	0.00944	0.00789	0.01012	0.00943	0.01663	0.00840	0.00514	0.00412	0.00137	0.00480	0.16087	0.00206	0.00412
18	0.61363	0.00734	0.00680	0.00571	0.00827	0.00797	0.00471	0.05350	0.00829	0.24004	0.00816	0.00821	0.00571	0.00393	0.00284	0.00118	0.00311	0.00262	0.00308	0.00491
19	0.00554	0.00404	0.00597	0.00596	0.00659	0.00463	0.00456	0.00671	0.00623	0.00893	0.03784	0.01584	0.01054	0.06834	0.73999	0.04931	0.00932	0.00424	0.00212	0.00329
20	0.01634	0.00790	0.00975	0.00748	0.01048	0.00768	0.00618	0.28362	0.01328	0.57579	0.01319	0.01179	0.00852	0.00470	0.00385	0.00117	0.00358	0.00372	0.00445	0.00652
21	0.00776	0.04177	0.82403	0.01082	0.01642	0.00907	0.01397	0.01213	0.00809	0.01206	0.00684	0.00804	0.00486	0.00363	0.00361	0.00120	0.00563	0.00281	0.00162	0.00565
22	0.89233	0.00741	0.00564	0.00504	0.00741	0.00860	0.00415	0.01127	0.00653	0.01720	0.00534	0.00623	0.00415	0.00356	0.00237	0.00119	0.00297	0.00208	0.00237	0.00415
23	0.01078	0.75698	0.01889	0.00699	0.01010	0.12385	0.00667	0.01198	0.00819	0.00907	0.00541	0.00625	0.00492	0.00337	0.00259	0.00084	0.00447	0.00210	0.00168	0.00486
24	0.01664	0.00672	0.00894	0.00689	0.00979	0.00598	0.00568	0.07188	0.01144	0.76211	0.04223	0.01332	0.01019	0.00484	0.00388	0.00118	0.00328	0.00393	0.00467	0.00643
25	0.00502	0.00395	0.00416	0.00411	0.00539	0.00334	0.00308	0.00605	0.00888	0.03858	0.08816	0.07623	0.72069	0.00954	0.00453	0.00130	0.00199	0.00801	0.00364	0.00337
26	0.00555	0.00370	0.00419	0.00422	0.00423	0.00370	0.00236	0.00557	0.00563	0.00751	0.01238	0.05315	0.01432	0.83667	0.01903	0.00364	0.00367	0.00575	0.00236	0.00235
27	0.00753	0.00711	0.01203	0.74765	0.13251	0.00860	0.01079	0.01005	0.00781	0.01015	0.00687	0.01013	0.00524	0.00378	0.00383	0.00126	0.00504	0.00341	0.00173	0.00450
28	0.02738	0.06381	0.03762	0.00886	0.01197	0.02218	0.03468	0.64649	0.06227	0.03283	0.00918	0.00928	0.00662	0.00446	0.00374	0.00114	0.00427	0.00340	0.00354	0.00626

[dist]
# distance from previous block
# <min> <max>
0	7

[block]
# block no. 2 follows, 71 sequences, length 8
# corresponding to MSA columns:
# 108-115
name=unknown_C
#
# <colnr> <probs for GDERKNQSTAVLIFYWHMCP>
#	G	D	E	R	K	N	Q	S	T	A	V	L	I	F	Y	W	H	M	C	P
0	0.01368	0.00671	0.00891	0.00717	0.00926	0.00681	0.00583	0.07453	0.01012	0.51275	0.06122	0.01383	0.01043	0.06586	0.03508	0.00161	0.14268	0.00405	0.00389	0.00558
1	0.89233	0.00741	0.00564	0.00504	0.00741	0.00860	0.00415	0.01127	0.00653	0.01720	0.00534	0.00623	0.00415	0.00356	0.00237	0.00119	0.00297	0.00208	0.00237	0.00415
2	0.00502	0.00377	0.00468	0.00514	0.00575	0.00354	0.00359	0.00643	0.05051	0.01108	0.15213	0.54983	0.16306	0.01062	0.00472	0.00144	0.00215	0.00947	0.00368	0.00337
3	0.00724	0.00681	0.01150	0.85604	0.02641	0.00852	0.01065	0.00980	0.00767	0.00980	0.00681	0.01022	0.00511	0.00383	0.00383	0.00128	0.00511	0.00341	0.00170	0.00426
4	0.01082	0.03935	0.05296	0.00932	0.06291	0.04917	0.03938	0.26459	0.23824	0.03967	0.03846	0.05347	0.04377	0.00526	0.00421	0.00123	0.03395	0.00428	0.00332	0.00565
5	0.00702	0.00525	0.00691	0.00608	0.00746	0.00524	0.04406	0.08563	0.06554	0.03848	0.45390	0.02408	0.09481	0.03194	0.08877	0.00179	0.00332	0.02186	0.00373	0.00412
6	0.01025	0.01058	0.01484	0.10503	0.44696	0.14678	0.11449	0.05442	0.03662	0.01241	0.00741	0.00940	0.00596	0.00364	0.00384	0.00115	0.00517	0.00343	0.00206	0.00553
7	0.01373	0.00623	0.00807	0.00642	0.00892	0.00560	0.00520	0.08018	0.01116	0.54611	0.13918	0.04043	0.06391	0.00563	0.00398	0.00118	0.00299	0.00468	0.00439	0.04201

[dist]
# distance from previous block
# <min> <max>
0	0

# created by:
# /st0/software/busco_prod/Augustus/scripts/msa2prfl.pl ./align_prep/41713.fa
