[name]
unknown

[dist]
# distance from previous block
# <min> <max>
0	40

[block]
# block no. 0 follows, 66 sequences, length 7
# corresponding to MSA columns:
# 40-46
name=unknown_A
#
# <colnr> <probs for GDERKNQSTAVLIFYWHMCP>
#	G	D	E	R	K	N	Q	S	T	A	V	L	I	F	Y	W	H	M	C	P
0	0.01021	0.00681	0.00837	0.00646	0.00961	0.00543	0.00528	0.01197	0.00921	0.18491	0.01095	0.01451	0.00916	0.00452	0.00358	0.00091	0.00320	0.10946	0.00313	0.58234
1	0.00907	0.00698	0.00830	0.00605	0.00944	0.00535	0.00484	0.01086	0.00889	0.08327	0.06255	0.01032	0.00849	0.00353	0.00321	0.00070	0.00297	0.00287	0.00276	0.74952
2	0.00972	0.00932	0.01590	0.13432	0.72517	0.00956	0.01229	0.01217	0.00909	0.01287	0.00758	0.01014	0.00629	0.00367	0.00402	0.00122	0.00490	0.00361	0.00198	0.00617
3	0.58434	0.06072	0.00861	0.00666	0.00935	0.07427	0.00551	0.18096	0.00988	0.01859	0.00655	0.00730	0.00503	0.00401	0.00293	0.00121	0.00381	0.00253	0.00276	0.00499
4	0.09938	0.00525	0.00679	0.07249	0.00851	0.00549	0.00483	0.00914	0.06053	0.06481	0.14471	0.01458	0.01227	0.00936	0.00943	0.39161	0.02425	0.00407	0.00269	0.04981
5	0.00924	0.00882	0.01502	0.30279	0.56051	0.00943	0.01205	0.01175	0.00886	0.01228	0.00749	0.01030	0.00608	0.00376	0.00403	0.00125	0.00502	0.00361	0.00194	0.00578
6	0.00869	0.00919	0.07878	0.11095	0.52793	0.00840	0.01090	0.01102	0.00887	0.01241	0.01124	0.12127	0.05239	0.00522	0.00420	0.00129	0.00451	0.00485	0.00228	0.00562

[dist]
# distance from previous block
# <min> <max>
6	28

[block]
# block no. 1 follows, 66 sequences, length 27
# corresponding to MSA columns:
# 81-107
name=unknown_B
#
# <colnr> <probs for GDERKNQSTAVLIFYWHMCP>
#	G	D	E	R	K	N	Q	S	T	A	V	L	I	F	Y	W	H	M	C	P
0	0.01008	0.06060	0.04594	0.08237	0.52077	0.00955	0.03395	0.05902	0.00962	0.04097	0.00866	0.05508	0.00745	0.00423	0.00398	0.00121	0.00468	0.00394	0.00229	0.03562
1	0.00953	0.21066	0.50054	0.01104	0.06405	0.02969	0.01210	0.01289	0.00861	0.04937	0.00720	0.00841	0.00547	0.00399	0.00409	0.00120	0.05059	0.00292	0.00190	0.00577
2	0.02931	0.07386	0.01662	0.08401	0.10667	0.06520	0.29497	0.08348	0.04951	0.06022	0.02281	0.02821	0.00749	0.00422	0.00435	0.00125	0.02436	0.00409	0.00254	0.03682
3	0.00894	0.16050	0.49868	0.01205	0.06536	0.01053	0.11861	0.01276	0.02082	0.01241	0.00728	0.00871	0.00550	0.00371	0.00375	0.00120	0.00560	0.00313	0.00184	0.03861
4	0.05755	0.01015	0.01084	0.01163	0.17905	0.19769	0.04631	0.06089	0.03777	0.06256	0.04286	0.12480	0.04834	0.00587	0.00411	0.00124	0.00453	0.03182	0.00292	0.05907
5	0.00554	0.00423	0.00525	0.00518	0.00620	0.00401	0.00393	0.00716	0.02140	0.01300	0.36283	0.05796	0.27639	0.03373	0.13010	0.00220	0.00347	0.04997	0.00379	0.00365
6	0.11856	0.00997	0.01049	0.00880	0.02907	0.01118	0.00696	0.45127	0.25715	0.02157	0.01145	0.02669	0.00859	0.00504	0.00391	0.00128	0.00390	0.00390	0.00384	0.00638
7	0.00489	0.00411	0.00426	0.00428	0.00558	0.00347	0.00321	0.00599	0.00936	0.01131	0.09097	0.05904	0.74383	0.01023	0.00482	0.00138	0.00209	0.02392	0.00381	0.00345
8	0.00999	0.51390	0.19529	0.00965	0.01362	0.01359	0.13391	0.01233	0.00843	0.01079	0.00637	0.00773	0.00534	0.00370	0.00366	0.00107	0.04064	0.00281	0.00178	0.00538
9	0.01094	0.63115	0.11572	0.00781	0.01148	0.02890	0.00794	0.07923	0.05289	0.01166	0.00676	0.00749	0.00572	0.00375	0.00297	0.00098	0.00454	0.00253	0.00206	0.00550
10	0.00506	0.00380	0.00470	0.00528	0.00586	0.00352	0.00368	0.00590	0.00805	0.01039	0.02624	0.51053	0.24414	0.05823	0.05615	0.00199	0.00291	0.03666	0.00360	0.00332
11	0.00504	0.00360	0.00482	0.00576	0.00604	0.00338	0.00393	0.00581	0.00786	0.01046	0.02231	0.80617	0.02662	0.01262	0.00520	0.00166	0.00244	0.05919	0.00376	0.00332
12	0.00580	0.00392	0.00459	0.00474	0.00482	0.00391	0.00283	0.00599	0.00626	0.00836	0.01418	0.12682	0.01637	0.70326	0.04176	0.00366	0.00393	0.03352	0.00265	0.00264
13	0.00825	0.00706	0.00823	0.00596	0.00944	0.00532	0.00474	0.01002	0.00842	0.01311	0.00833	0.02673	0.02612	0.00338	0.00309	0.00064	0.00297	0.00274	0.00246	0.84298
14	0.00891	0.00849	0.01442	0.41601	0.44984	0.00934	0.01189	0.01146	0.00870	0.01188	0.00743	0.01041	0.00594	0.00382	0.00404	0.00127	0.00510	0.00361	0.00191	0.00551
15	0.01585	0.00979	0.01159	0.00889	0.01209	0.01024	0.03738	0.49357	0.05374	0.28594	0.01202	0.01135	0.00814	0.00489	0.00410	0.00124	0.00417	0.00388	0.00430	0.00683
16	0.00932	0.00769	0.00852	0.00798	0.03721	0.00851	0.00597	0.06467	0.52764	0.02895	0.15250	0.02901	0.08186	0.00633	0.00429	0.00135	0.00303	0.00535	0.00409	0.00575
17	0.00582	0.00426	0.00489	0.00471	0.00599	0.00372	0.00357	0.00720	0.01012	0.05324	0.31097	0.04668	0.48700	0.00939	0.00478	0.00135	0.00212	0.02640	0.00407	0.00374
18	0.02555	0.00889	0.01073	0.00937	0.03452	0.10465	0.11031	0.08422	0.16679	0.09243	0.13125	0.10643	0.01535	0.00642	0.00471	0.00136	0.03254	0.04570	0.00353	0.00524
19	0.02681	0.01046	0.01433	0.16976	0.36675	0.11291	0.05406	0.09955	0.01035	0.05368	0.00793	0.00994	0.00623	0.00409	0.00434	0.00125	0.03588	0.00355	0.00235	0.00578
20	0.00499	0.00365	0.00471	0.00550	0.00590	0.00336	0.00376	0.00580	0.00810	0.01067	0.05167	0.71268	0.12054	0.01224	0.00513	0.00161	0.00234	0.03023	0.00379	0.00334
21	0.01716	0.00664	0.00892	0.00692	0.00988	0.00576	0.00569	0.01872	0.01136	0.76170	0.01675	0.01478	0.03932	0.00519	0.00404	0.00124	0.00332	0.00422	0.05176	0.00661
22	0.00983	0.00942	0.01609	0.09817	0.76050	0.00958	0.01235	0.01227	0.00914	0.01300	0.00759	0.01011	0.00634	0.00365	0.00402	0.00122	0.00487	0.00361	0.00199	0.00626
23	0.02007	0.14409	0.27094	0.01049	0.02226	0.10907	0.07334	0.14397	0.02574	0.04075	0.00806	0.00917	0.01589	0.00441	0.00465	0.00124	0.08457	0.00326	0.00236	0.00568
24	0.02188	0.00545	0.00646	0.00579	0.00743	0.00523	0.00455	0.07988	0.05215	0.12940	0.33424	0.02757	0.21254	0.00785	0.00454	0.00132	0.00257	0.05378	0.03279	0.00456
25	0.02313	0.02635	0.02469	0.00630	0.00765	0.04274	0.01287	0.02771	0.06281	0.06426	0.05863	0.36137	0.14919	0.04145	0.00535	0.00152	0.01655	0.02100	0.00356	0.04288
26	0.02206	0.03314	0.03771	0.00928	0.01189	0.11269	0.10765	0.11107	0.04936	0.04969	0.02851	0.05481	0.02676	0.00506	0.00520	0.00118	0.12431	0.00396	0.00274	0.20294

[dist]
# distance from previous block
# <min> <max>
1	35

[block]
# block no. 2 follows, 66 sequences, length 86
# corresponding to MSA columns:
# 143-195,197,198,201-231
name=unknown_C
#
# <colnr> <probs for GDERKNQSTAVLIFYWHMCP>
#	G	D	E	R	K	N	Q	S	T	A	V	L	I	F	Y	W	H	M	C	P
0	0.03025	0.00529	0.00657	0.00658	0.00774	0.00545	0.00520	0.03019	0.10232	0.05887	0.14753	0.17476	0.08617	0.03407	0.02768	0.00175	0.03155	0.22999	0.00381	0.00421
1	0.01925	0.00637	0.00793	0.00712	0.00879	0.03944	0.08114	0.04929	0.10085	0.01336	0.12240	0.15629	0.23794	0.00848	0.00469	0.00141	0.00322	0.09378	0.00361	0.03463
2	0.00504	0.00387	0.00463	0.00502	0.00582	0.00346	0.00358	0.00608	0.00892	0.01150	0.14735	0.39989	0.33811	0.01109	0.00498	0.00149	0.00221	0.02967	0.00387	0.00343
3	0.01490	0.01070	0.01182	0.00918	0.01231	0.12010	0.07120	0.32899	0.03964	0.24529	0.01088	0.01069	0.00758	0.00456	0.00398	0.00117	0.00458	0.00364	0.00376	0.08502
4	0.00982	0.00928	0.01573	0.06734	0.75634	0.00937	0.01200	0.01222	0.00915	0.01318	0.00784	0.01029	0.00653	0.00368	0.00397	0.00120	0.00473	0.00362	0.03749	0.00622
5	0.01078	0.83930	0.04123	0.00706	0.01059	0.01589	0.00714	0.01217	0.00825	0.00963	0.00568	0.00656	0.00520	0.00348	0.00263	0.00088	0.00438	0.00219	0.00173	0.00523
6	0.09380	0.00862	0.01010	0.00783	0.01094	0.00868	0.00646	0.30546	0.02763	0.45873	0.01285	0.01173	0.00846	0.00486	0.00393	0.00124	0.00378	0.00377	0.00444	0.00667
7	0.04832	0.00630	0.00841	0.00747	0.00916	0.00630	0.07077	0.14074	0.03198	0.09906	0.13170	0.28117	0.03957	0.00847	0.00469	0.00146	0.00331	0.09261	0.00385	0.00468
8	0.00753	0.00618	0.00693	0.00684	0.00824	0.00670	0.00512	0.01360	0.40670	0.01388	0.04398	0.31083	0.09505	0.00878	0.00464	0.00149	0.00279	0.04189	0.00396	0.00487
9	0.01698	0.00662	0.00901	0.00703	0.00994	0.00574	0.00576	0.01855	0.01149	0.75611	0.07119	0.03888	0.01243	0.00546	0.00416	0.00127	0.00332	0.00451	0.00495	0.00659
10	0.00506	0.00369	0.00478	0.00551	0.00596	0.00341	0.00381	0.00595	0.00830	0.01097	0.08899	0.66387	0.11649	0.01202	0.00512	0.00160	0.00234	0.04493	0.00382	0.00337
11	0.00966	0.01014	0.02119	0.01543	0.01911	0.00958	0.68013	0.04393	0.00989	0.03791	0.00988	0.06283	0.00823	0.00439	0.00479	0.00140	0.00625	0.03747	0.00239	0.00537
12	0.00778	0.00734	0.01234	0.80071	0.05894	0.00910	0.01127	0.01044	0.00812	0.01047	0.00719	0.01075	0.00545	0.00409	0.00422	0.00135	0.02045	0.00360	0.00181	0.00458
13	0.05732	0.01064	0.01153	0.00888	0.01208	0.01159	0.00733	0.67988	0.01756	0.12674	0.01033	0.01010	0.00717	0.00484	0.00399	0.00122	0.00427	0.00364	0.00411	0.00678
14	0.01687	0.00781	0.00975	0.00753	0.01056	0.00746	0.00620	0.21536	0.01326	0.58616	0.01430	0.01289	0.00929	0.00497	0.00400	0.00123	0.00361	0.00396	0.05809	0.00671
15	0.00960	0.00812	0.00873	0.00777	0.00997	0.00913	0.00605	0.04310	0.65807	0.01698	0.12552	0.01675	0.01545	0.00576	0.00417	0.00133	0.00307	0.00484	0.00410	0.04150
16	0.00570	0.00413	0.00540	0.00525	0.00616	0.00382	0.00395	0.00750	0.01103	0.01546	0.70446	0.09442	0.05582	0.00884	0.00486	0.00134	0.00205	0.05168	0.00436	0.00377
17	0.00590	0.00395	0.00448	0.00448	0.00451	0.00397	0.00253	0.00594	0.00592	0.00791	0.01273	0.02625	0.01462	0.83386	0.04403	0.00401	0.00413	0.00586	0.00245	0.00249
18	0.00556	0.00414	0.00517	0.00491	0.00595	0.00375	0.00368	0.00730	0.01105	0.01524	0.67694	0.03200	0.19195	0.00868	0.00479	0.00129	0.00194	0.00757	0.00433	0.00375
19	0.01526	0.01607	0.01177	0.00999	0.01256	0.50205	0.00779	0.34457	0.01460	0.01633	0.00769	0.00831	0.00591	0.00446	0.00382	0.00112	0.00615	0.00304	0.00290	0.00560
20	0.00776	0.00724	0.01010	0.02198	0.00957	0.02010	0.00738	0.00886	0.00641	0.00960	0.00754	0.01187	0.00729	0.03774	0.30798	0.00351	0.50517	0.00388	0.00194	0.00410
21	0.00506	0.00371	0.00477	0.00553	0.00601	0.00343	0.00386	0.00594	0.00823	0.01079	0.05539	0.65239	0.14153	0.01209	0.00514	0.00161	0.00239	0.06498	0.00379	0.00336
22	0.04275	0.00484	0.00610	0.00628	0.00720	0.00490	0.00467	0.04815	0.04033	0.07821	0.01816	0.40685	0.01974	0.08541	0.09510	0.00231	0.00384	0.11764	0.00356	0.00395
23	0.00788	0.00555	0.00709	0.00677	0.00756	0.00603	0.00519	0.06079	0.02297	0.07216	0.07710	0.15781	0.03046	0.22318	0.01017	0.00219	0.12901	0.16086	0.00331	0.00393
24	0.00806	0.00778	0.08344	0.00838	0.00961	0.00790	0.04996	0.01893	0.03901	0.05404	0.02129	0.01577	0.00976	0.20417	0.18888	0.00315	0.24832	0.01496	0.00238	0.00423
25	0.04019	0.00716	0.00946	0.00728	0.01040	0.00641	0.00601	0.05762	0.02210	0.76517	0.01545	0.01345	0.00978	0.00499	0.00404	0.00126	0.00349	0.00402	0.00490	0.00683
26	0.00935	0.00959	0.01266	0.53187	0.13594	0.13756	0.02466	0.01237	0.06510	0.01120	0.00778	0.01047	0.00602	0.00410	0.00401	0.00129	0.00549	0.00354	0.00204	0.00495
27	0.00968	0.07975	0.33197	0.06324	0.01707	0.05580	0.21915	0.02151	0.05002	0.05326	0.00884	0.01129	0.00683	0.00425	0.00422	0.00130	0.01601	0.03798	0.00222	0.00560
28	0.04932	0.00677	0.01881	0.04022	0.00845	0.07660	0.00510	0.04985	0.02084	0.04773	0.12152	0.13350	0.31104	0.00860	0.01291	0.00143	0.06178	0.01793	0.00346	0.00413
29	0.01704	0.00773	0.00981	0.00760	0.01067	0.00730	0.00625	0.16813	0.04465	0.63093	0.03632	0.01354	0.01029	0.00510	0.00410	0.00125	0.00359	0.00411	0.00479	0.00680
30	0.03148	0.03832	0.03489	0.12957	0.41236	0.02281	0.03685	0.02250	0.02978	0.03890	0.06266	0.05864	0.00958	0.00479	0.00456	0.00128	0.04880	0.00426	0.00240	0.00557
31	0.08139	0.16296	0.18881	0.03834	0.04921	0.05233	0.03913	0.10031	0.01981	0.10274	0.00992	0.04468	0.02812	0.02460	0.03943	0.00149	0.00493	0.00370	0.00264	0.00546
32	0.04486	0.01047	0.02912	0.01242	0.05939	0.09538	0.32111	0.09024	0.02424	0.20889	0.01024	0.01178	0.00754	0.04948	0.00513	0.00142	0.00539	0.00415	0.00301	0.00574
33	0.28961	0.27276	0.03219	0.04146	0.01095	0.23835	0.00666	0.01308	0.01787	0.01261	0.00660	0.00765	0.01661	0.00426	0.01383	0.00115	0.00489	0.00252	0.00214	0.00477
34	0.00787	0.00736	0.01232	0.80551	0.05595	0.00909	0.01125	0.02322	0.00833	0.01071	0.00727	0.01077	0.00547	0.00405	0.00405	0.00134	0.00537	0.00361	0.00185	0.00461
35	0.00967	0.00926	0.01580	0.15327	0.70664	0.00954	0.01227	0.01213	0.00906	0.01280	0.00757	0.01016	0.00627	0.00368	0.00402	0.00123	0.00491	0.00361	0.00198	0.00613
36	0.06097	0.00973	0.01012	0.04265	0.03256	0.05333	0.00694	0.30202	0.32696	0.01913	0.05459	0.01363	0.03878	0.00531	0.00404	0.00129	0.00389	0.00423	0.00376	0.00608
37	0.00630	0.00399	0.00453	0.00440	0.00541	0.00374	0.00328	0.00802	0.00983	0.01476	0.35567	0.02577	0.16608	0.01958	0.00424	0.00120	0.00196	0.00612	0.35141	0.00372
38	0.07854	0.01513	0.01045	0.00924	0.01146	0.51559	0.00708	0.15719	0.04867	0.01384	0.02995	0.03529	0.04063	0.00494	0.00378	0.00114	0.00582	0.00348	0.00274	0.00503
39	0.02928	0.02922	0.06028	0.00678	0.00959	0.00642	0.00583	0.07754	0.03011	0.26707	0.21708	0.01648	0.03544	0.00541	0.00397	0.00112	0.00319	0.00448	0.00387	0.18682
40	0.01106	0.27064	0.07966	0.01165	0.01531	0.06664	0.31017	0.08683	0.04249	0.04139	0.00792	0.00930	0.00617	0.00385	0.00401	0.00118	0.02031	0.00356	0.00230	0.00558
41	0.01079	0.84303	0.03761	0.00703	0.01056	0.01592	0.00710	0.01216	0.00825	0.00961	0.00567	0.00655	0.00521	0.00348	0.00263	0.00088	0.00437	0.00219	0.00174	0.00522
42	0.00542	0.00417	0.00497	0.00486	0.00598	0.00372	0.00371	0.00698	0.01045	0.01389	0.46304	0.03480	0.35250	0.00927	0.00484	0.00135	0.00209	0.06015	0.00414	0.00366
43	0.00552	0.00406	0.00519	0.00582	0.00635	0.00397	0.00415	0.00690	0.04708	0.01068	0.02204	0.51416	0.09262	0.09145	0.05329	0.00212	0.00317	0.11439	0.00357	0.00346
44	0.05537	0.04543	0.04825	0.03559	0.09148	0.12290	0.06157	0.11709	0.03922	0.24565	0.03182	0.03291	0.00889	0.00490	0.00423	0.00125	0.02641	0.01787	0.00333	0.00585
45	0.05817	0.00706	0.00932	0.00718	0.01030	0.00627	0.00593	0.03881	0.01158	0.77759	0.01538	0.01338	0.00971	0.00496	0.00401	0.00125	0.00346	0.00398	0.00488	0.00679
46	0.00497	0.00358	0.00471	0.00557	0.00588	0.00332	0.00374	0.00573	0.00796	0.01059	0.05203	0.79347	0.05853	0.01246	0.00515	0.00162	0.00233	0.01127	0.00379	0.00332
47	0.00913	0.23362	0.48191	0.02438	0.08294	0.03190	0.03332	0.01254	0.00871	0.01202	0.02989	0.00884	0.00622	0.00386	0.00360	0.00117	0.00541	0.00301	0.00184	0.00570
48	0.00973	0.08824	0.02472	0.16079	0.09719	0.07559	0.15181	0.01248	0.06863	0.05538	0.02078	0.06767	0.00844	0.00601	0.03717	0.00153	0.10203	0.00430	0.00241	0.00510
49	0.00956	0.00531	0.00638	0.00575	0.00748	0.00492	0.00445	0.02780	0.07480	0.24209	0.11007	0.13343	0.24450	0.00796	0.00442	0.00133	0.00262	0.02094	0.08142	0.00476
50	0.41273	0.07688	0.29946	0.00859	0.01239	0.03089	0.05281	0.01236	0.00782	0.01489	0.00636	0.00761	0.00487	0.00388	0.00351	0.00126	0.03381	0.00267	0.00211	0.00508
51	0.00601	0.00447	0.00593	0.00599	0.00631	0.00470	0.02333	0.00665	0.00694	0.00938	0.01558	0.25067	0.01780	0.39882	0.06441	0.00302	0.06681	0.09717	0.00288	0.00312
52	0.19907	0.08310	0.11508	0.00772	0.01102	0.02827	0.00711	0.17042	0.05328	0.15932	0.03174	0.01054	0.00780	0.00445	0.00352	0.00117	0.00398	0.01487	0.00322	0.08433
53	0.47796	0.05542	0.03117	0.00715	0.01000	0.00941	0.05826	0.12586	0.00953	0.13434	0.00819	0.00917	0.00613	0.03729	0.00385	0.00134	0.00378	0.00300	0.00299	0.00518
54	0.00557	0.00384	0.00455	0.00481	0.00497	0.00376	0.00293	0.00586	0.00662	0.00877	0.01693	0.25927	0.06160	0.55161	0.03884	0.00323	0.00359	0.00758	0.00289	0.00278
55	0.00800	0.00724	0.05757	0.05068	0.23240	0.00649	0.00737	0.02113	0.06235	0.06015	0.18362	0.11394	0.15848	0.00699	0.00444	0.00132	0.00338	0.00617	0.00332	0.00495
56	0.12690	0.03096	0.00905	0.00661	0.00991	0.02760	0.00536	0.11288	0.04449	0.04749	0.00799	0.00876	0.00629	0.00357	0.00317	0.00084	0.00337	0.00269	0.00278	0.53929
57	0.00744	0.01844	0.18943	0.04054	0.03522	0.00624	0.03514	0.04030	0.03032	0.05397	0.12526	0.12792	0.23730	0.00750	0.00447	0.00135	0.00357	0.01754	0.00326	0.01477
58	0.00539	0.00401	0.00501	0.00501	0.00591	0.00364	0.00366	0.00687	0.01026	0.01397	0.50327	0.20224	0.19660	0.00961	0.00487	0.00137	0.00203	0.00845	0.00418	0.00364
59	0.00963	0.00914	0.02470	0.27182	0.24258	0.02352	0.14527	0.07225	0.07327	0.02818	0.03307	0.01227	0.00794	0.00432	0.00422	0.00131	0.00511	0.02343	0.00243	0.00555
60	0.02167	0.08966	0.29899	0.01150	0.03160	0.08754	0.17430	0.04457	0.03880	0.07699	0.01913	0.03920	0.00727	0.00443	0.00435	0.00127	0.03695	0.00379	0.00238	0.00563
61	0.00919	0.03709	0.20626	0.20276	0.36848	0.00957	0.01207	0.05280	0.00925	0.01293	0.00801	0.03895	0.00659	0.00414	0.00399	0.00126	0.00511	0.00370	0.00205	0.00578
62	0.00536	0.00387	0.00522	0.01985	0.00662	0.00368	0.00427	0.00650	0.00873	0.01179	0.18588	0.56732	0.02834	0.01147	0.00514	0.00160	0.00250	0.11452	0.00387	0.00348
63	0.01981	0.25129	0.18126	0.00894	0.01251	0.03175	0.07899	0.09634	0.01954	0.12453	0.07012	0.01302	0.03314	0.00480	0.00379	0.00118	0.00457	0.03603	0.00283	0.00558
64	0.03815	0.11615	0.18203	0.01029	0.08291	0.07781	0.03650	0.08832	0.04453	0.17106	0.08134	0.01166	0.00959	0.00466	0.00410	0.00121	0.02721	0.00368	0.00300	0.00581
65	0.00589	0.00417	0.00564	0.00567	0.00609	0.00456	0.00402	0.00669	0.00634	0.00882	0.01193	0.02123	0.01242	0.36795	0.45777	0.02514	0.00762	0.03263	0.00233	0.00311
66	0.00945	0.01441	0.29092	0.01269	0.05781	0.12065	0.24066	0.02421	0.05126	0.01283	0.04187	0.04352	0.04138	0.00467	0.00436	0.00130	0.01599	0.00430	0.00230	0.00542
67	0.01163	0.01119	0.14340	0.10079	0.14462	0.03786	0.11022	0.14499	0.02439	0.15401	0.00984	0.03138	0.00738	0.00506	0.02233	0.00140	0.02675	0.00394	0.00287	0.00595
68	0.01155	0.04256	0.04838	0.10801	0.03585	0.08350	0.03523	0.05201	0.01038	0.24776	0.07404	0.05086	0.06616	0.00603	0.00463	0.00132	0.04113	0.06087	0.01446	0.00527
69	0.00964	0.00684	0.01052	0.01048	0.12977	0.00661	0.10880	0.06902	0.03850	0.15200	0.14042	0.19809	0.03533	0.01779	0.00480	0.00142	0.00366	0.04758	0.00363	0.00510
70	0.01075	0.06092	0.29515	0.04491	0.06477	0.03116	0.12020	0.05425	0.02120	0.16294	0.01786	0.07196	0.00835	0.00478	0.00417	0.00129	0.01265	0.00417	0.00272	0.00580
71	0.00932	0.00678	0.05804	0.02553	0.05060	0.00593	0.05915	0.02441	0.05429	0.18926	0.03656	0.29790	0.06159	0.00844	0.00550	0.05495	0.02420	0.01924	0.00354	0.00475
72	0.00966	0.00831	0.01379	0.31572	0.41243	0.00889	0.02092	0.03018	0.00917	0.07397	0.00892	0.05408	0.00739	0.00437	0.00411	0.00129	0.00482	0.00407	0.00230	0.00562
73	0.01055	0.00916	0.01512	0.07187	0.64540	0.00933	0.01140	0.01305	0.02905	0.08559	0.00846	0.01047	0.00678	0.00394	0.00437	0.00123	0.03757	0.00366	0.00231	0.02069
74	0.02429	0.00935	0.06042	0.02589	0.27224	0.00848	0.20344	0.06865	0.01007	0.12251	0.01224	0.10263	0.05066	0.00518	0.00435	0.00131	0.00474	0.00500	0.00283	0.00573
75	0.00998	0.05434	0.14419	0.02562	0.20600	0.09589	0.14345	0.04133	0.00963	0.04626	0.03275	0.05921	0.04150	0.00515	0.01527	0.00133	0.03608	0.00429	0.00240	0.02534
76	0.04025	0.04397	0.03402	0.10844	0.56655	0.01952	0.03539	0.02503	0.00917	0.02663	0.00758	0.00980	0.00619	0.00368	0.00388	0.00119	0.00481	0.00347	0.00209	0.04834
77	0.01061	0.02945	0.06090	0.07677	0.14741	0.00812	0.10026	0.06238	0.09817	0.16558	0.07649	0.08032	0.02957	0.01985	0.00453	0.00134	0.00419	0.00492	0.00326	0.01588
78	0.01009	0.08387	0.21313	0.03185	0.10084	0.05436	0.10315	0.06466	0.06010	0.06802	0.04246	0.06404	0.00905	0.00477	0.00418	0.00123	0.02181	0.00410	0.00261	0.05569
79	0.07005	0.06822	0.09143	0.06686	0.09056	0.05958	0.08183	0.10556	0.07258	0.09490	0.05729	0.03724	0.02937	0.00483	0.00405	0.00123	0.01540	0.00405	0.00293	0.04203
80	0.07702	0.09114	0.03383	0.06923	0.23961	0.06702	0.03251	0.04422	0.08867	0.12626	0.03293	0.01163	0.03139	0.00440	0.00380	0.00119	0.00438	0.00368	0.00283	0.03425
81	0.04821	0.07786	0.18594	0.01832	0.01182	0.06996	0.02857	0.07820	0.05839	0.16262	0.08428	0.05313	0.03886	0.00521	0.00391	0.00121	0.00425	0.00421	0.00317	0.06188
82	0.04637	0.11347	0.11979	0.05745	0.04810	0.07715	0.05157	0.11494	0.07878	0.13403	0.01925	0.03554	0.00788	0.00458	0.00398	0.00119	0.02208	0.00365	0.00293	0.05726
83	0.15015	0.21224	0.10536	0.00956	0.08247	0.05867	0.04990	0.04355	0.06687	0.09759	0.03258	0.02029	0.02406	0.00434	0.00349	0.00115	0.00434	0.00337	0.00267	0.02735
84	0.07275	0.12834	0.15689	0.00912	0.04812	0.04594	0.05858	0.03719	0.10422	0.09379	0.10069	0.01290	0.03503	0.00472	0.00376	0.00117	0.00420	0.00386	0.00292	0.07582
85	0.06487	0.13632	0.17257	0.03271	0.03119	0.03664	0.04035	0.05382	0.09371	0.05313	0.07747	0.05959	0.09962	0.00556	0.00390	0.00123	0.00410	0.00455	0.00290	0.02576

[dist]
# distance from previous block
# <min> <max>
21	194

# created by:
# /st0/software/busco_prod/Augustus/scripts/msa2prfl.pl ./align_prep/41774.fa
