[name]
unknown

[dist]
# distance from previous block
# <min> <max>
0	11

[block]
# block no. 0 follows, 63 sequences, length 27
# corresponding to MSA columns:
# 11-37
name=unknown_A
#
# <colnr> <probs for GDERKNQSTAVLIFYWHMCP>
#	G	D	E	R	K	N	Q	S	T	A	V	L	I	F	Y	W	H	M	C	P
0	0.22903	0.01708	0.01019	0.11921	0.01300	0.03571	0.08827	0.03056	0.10404	0.06844	0.03178	0.04210	0.05112	0.01935	0.00458	0.00144	0.02600	0.07128	0.00307	0.03375
1	0.11198	0.32002	0.15459	0.02689	0.01337	0.11255	0.07232	0.05136	0.03056	0.02278	0.00712	0.00825	0.00573	0.00400	0.00359	0.00114	0.02036	0.00289	0.00220	0.02830
2	0.00584	0.00435	0.00523	0.00526	0.00633	0.00397	0.00390	0.00747	0.02973	0.02969	0.31779	0.19487	0.30817	0.01071	0.02549	0.00158	0.00247	0.02916	0.00416	0.00383
3	0.00853	0.00727	0.00852	0.00621	0.00976	0.00549	0.00492	0.01034	0.00868	0.01354	0.00829	0.05255	0.00735	0.00364	0.00323	0.00068	0.00308	0.00298	0.00256	0.83237
4	0.00799	0.00642	0.00751	0.00596	0.00874	0.00513	0.00466	0.00993	0.03323	0.04046	0.06963	0.09178	0.13701	0.00582	0.00384	0.00096	0.00286	0.01729	0.00314	0.53763
5	0.00583	0.00429	0.00541	0.00516	0.00619	0.00392	0.00386	0.00762	0.01136	0.01574	0.67330	0.03289	0.15324	0.03236	0.00543	0.00142	0.00210	0.02154	0.00445	0.00386
6	0.01080	0.00920	0.00970	0.00862	0.01106	0.01062	0.00674	0.07110	0.76913	0.01814	0.01668	0.01534	0.01248	0.00566	0.00427	0.00142	0.00341	0.00469	0.00427	0.00668
7	0.00882	0.00826	0.01391	0.44285	0.35093	0.00921	0.01170	0.01143	0.00905	0.01223	0.03146	0.01337	0.00798	0.00453	0.00429	0.00137	0.00516	0.04590	0.00214	0.00542
8	0.08297	0.00689	0.00778	0.00698	0.00890	0.00738	0.00552	0.12180	0.17642	0.10407	0.04865	0.07200	0.08289	0.01045	0.12689	0.00217	0.00439	0.04231	0.07631	0.00523
9	0.00689	0.00377	0.00556	0.00565	0.00577	0.00385	0.00385	0.00579	0.00590	0.00797	0.00949	0.09330	0.00990	0.04123	0.11982	0.65779	0.00452	0.00462	0.00210	0.00224
10	0.04902	0.00665	0.00742	0.00668	0.00853	0.01721	0.00517	0.07677	0.19715	0.13212	0.16366	0.12759	0.08409	0.00737	0.00440	0.00137	0.00295	0.01622	0.08041	0.00522
11	0.19024	0.00586	0.00624	0.00575	0.00759	0.00582	0.00449	0.02686	0.04494	0.14959	0.05667	0.10549	0.26432	0.02924	0.02256	0.00159	0.00304	0.03853	0.02661	0.00457
12	0.44951	0.00794	0.00778	0.00660	0.00919	0.00857	0.00538	0.13942	0.01044	0.18258	0.03876	0.06055	0.00934	0.00526	0.00351	0.00133	0.00343	0.02252	0.02252	0.00537
13	0.00850	0.00605	0.00677	0.00637	0.02699	0.00600	0.00482	0.14280	0.06418	0.05128	0.10193	0.05543	0.31907	0.00810	0.00451	0.00135	0.00282	0.04755	0.13081	0.00469
14	0.00658	0.00495	0.00583	0.00576	0.00683	0.00482	0.00425	0.06828	0.05139	0.01386	0.23261	0.22325	0.20776	0.09008	0.00658	0.00173	0.00270	0.05475	0.00400	0.00398
15	0.12860	0.00653	0.00768	0.00679	0.00889	0.00650	0.00544	0.06379	0.07847	0.26273	0.14179	0.10439	0.06337	0.00736	0.00445	0.00143	0.00317	0.08898	0.00428	0.00535
16	0.00816	0.00604	0.02407	0.00677	0.00822	0.00592	0.00529	0.02882	0.19999	0.07753	0.15769	0.22899	0.06527	0.03837	0.00543	0.00160	0.00298	0.09853	0.02560	0.00474
17	0.05036	0.01015	0.01100	0.00872	0.01161	0.04742	0.00713	0.46365	0.01555	0.19936	0.01138	0.02166	0.00818	0.00655	0.04748	0.00156	0.03335	0.00391	0.03444	0.00652
18	0.02592	0.00562	0.00651	0.00595	0.00753	0.00544	0.00449	0.05806	0.09426	0.13636	0.17195	0.13392	0.22640	0.07565	0.00601	0.00161	0.00281	0.00718	0.01969	0.00463
19	0.00727	0.00426	0.00565	0.00610	0.00688	0.00393	0.00437	0.00829	0.00884	0.12583	0.03353	0.61529	0.04260	0.01151	0.00513	0.00163	0.00267	0.06508	0.03715	0.00400
20	0.00897	0.02736	0.07534	0.02644	0.01140	0.04927	0.09651	0.05441	0.20319	0.03665	0.14700	0.06772	0.15469	0.00693	0.00457	0.00138	0.00388	0.01548	0.00361	0.00521
21	0.05158	0.03212	0.01196	0.06258	0.05846	0.02172	0.05665	0.32166	0.09816	0.02904	0.01012	0.01226	0.00811	0.05976	0.06671	0.04119	0.04495	0.00402	0.00320	0.00573
22	0.00840	0.00586	0.00655	0.00637	0.00767	0.02848	0.00475	0.02210	0.17181	0.08780	0.04076	0.22856	0.10124	0.08539	0.03343	0.00187	0.00332	0.05407	0.09701	0.00454
23	0.22316	0.13576	0.03699	0.07345	0.10761	0.16544	0.04109	0.03310	0.06156	0.01382	0.00737	0.00887	0.00599	0.00463	0.01487	0.00132	0.05428	0.00308	0.00234	0.00528
24	0.00680	0.00514	0.00723	0.05510	0.05427	0.00509	0.03313	0.00831	0.03036	0.03920	0.09692	0.17619	0.18079	0.10294	0.08911	0.04235	0.00407	0.05572	0.00334	0.00393
25	0.00616	0.00425	0.00518	0.00526	0.00625	0.00382	0.00382	0.00743	0.00983	0.05527	0.26552	0.26313	0.26314	0.03969	0.00559	0.00156	0.00235	0.02544	0.02251	0.00380
26	0.01255	0.21081	0.02581	0.01149	0.13910	0.07455	0.02216	0.27349	0.07640	0.01689	0.00903	0.02799	0.00731	0.00455	0.00392	0.00116	0.01627	0.00352	0.00294	0.06006

[dist]
# distance from previous block
# <min> <max>
0	2

[block]
# block no. 1 follows, 63 sequences, length 10
# corresponding to MSA columns:
# 40-49
name=unknown_B
#
# <colnr> <probs for GDERKNQSTAVLIFYWHMCP>
#	G	D	E	R	K	N	Q	S	T	A	V	L	I	F	Y	W	H	M	C	P
0	0.04212	0.03805	0.10639	0.02045	0.07483	0.00757	0.00718	0.09247	0.03362	0.07162	0.05406	0.11858	0.05105	0.02680	0.01485	0.00133	0.01801	0.00488	0.00310	0.21304
1	0.04174	0.00912	0.02979	0.02849	0.05541	0.09212	0.03597	0.13755	0.11736	0.05139	0.09534	0.07722	0.09069	0.00855	0.06760	0.00178	0.02525	0.02589	0.00346	0.00527
2	0.01093	0.30642	0.03981	0.04841	0.18253	0.08286	0.09370	0.06209	0.00995	0.01260	0.03242	0.01128	0.00780	0.00450	0.00421	0.00120	0.04060	0.04083	0.00226	0.00559
3	0.00651	0.00457	0.00576	0.00618	0.02327	0.00452	0.00428	0.00825	0.06910	0.03384	0.08018	0.33241	0.10668	0.11516	0.07343	0.03520	0.00350	0.03773	0.04565	0.00378
4	0.03960	0.00537	0.02839	0.00611	0.00728	0.00504	0.00468	0.03608	0.05948	0.03693	0.15303	0.28198	0.14024	0.06088	0.08580	0.00216	0.00361	0.03553	0.00375	0.00408
5	0.00596	0.00421	0.00555	0.00565	0.00600	0.00451	0.00386	0.00668	0.00660	0.00912	0.01348	0.11246	0.01460	0.40885	0.36874	0.00497	0.00698	0.00606	0.00257	0.00316
6	0.01186	0.02637	0.04904	0.00871	0.01108	0.15203	0.01946	0.27749	0.06820	0.03556	0.06101	0.06767	0.08676	0.04728	0.01794	0.00153	0.04412	0.00496	0.00345	0.00548
7	0.00798	0.00591	0.00739	0.04555	0.00885	0.00562	0.00489	0.04842	0.03242	0.03674	0.06410	0.01715	0.04177	0.16590	0.16174	0.07469	0.00494	0.00443	0.00278	0.25872
8	0.04156	0.27287	0.13980	0.07573	0.04808	0.08482	0.02545	0.08617	0.03396	0.04378	0.02252	0.01033	0.03472	0.00461	0.00428	0.00121	0.05876	0.00335	0.00242	0.00557
9	0.04614	0.02705	0.01071	0.15602	0.15485	0.02957	0.03328	0.04811	0.05198	0.08449	0.01417	0.25086	0.02892	0.00798	0.03545	0.00162	0.00437	0.00622	0.00311	0.00509

[dist]
# distance from previous block
# <min> <max>
1	23

[block]
# block no. 2 follows, 63 sequences, length 13
# corresponding to MSA columns:
# 73-85
name=unknown_C
#
# <colnr> <probs for GDERKNQSTAVLIFYWHMCP>
#	G	D	E	R	K	N	Q	S	T	A	V	L	I	F	Y	W	H	M	C	P
0	0.01046	0.01286	0.16412	0.01618	0.07559	0.01040	0.51542	0.05974	0.01032	0.05359	0.00872	0.01087	0.00644	0.00388	0.00483	0.00138	0.02249	0.00442	0.00232	0.00597
1	0.00701	0.00551	0.00691	0.00628	0.00774	0.02075	0.00474	0.00851	0.03125	0.01119	0.05775	0.06932	0.03748	0.07959	0.34052	0.06860	0.00645	0.00481	0.00265	0.22293
2	0.03565	0.00607	0.06974	0.00677	0.00774	0.00535	0.02359	0.04623	0.02622	0.01032	0.02117	0.13120	0.01101	0.03253	0.04982	0.47292	0.02223	0.01586	0.00242	0.00315
3	0.00811	0.00765	0.01292	0.78576	0.08402	0.00938	0.01176	0.01089	0.00849	0.01095	0.00750	0.01115	0.00568	0.00417	0.00420	0.00139	0.00556	0.00374	0.00188	0.00481
4	0.00518	0.00396	0.00467	0.00512	0.00586	0.00355	0.00355	0.00609	0.00882	0.01128	0.08964	0.42597	0.33783	0.06085	0.00612	0.00170	0.00238	0.01009	0.00388	0.00346
5	0.00556	0.00424	0.00498	0.00511	0.00600	0.00377	0.00355	0.00652	0.00880	0.01154	0.13336	0.30739	0.27819	0.13803	0.00747	0.00185	0.00257	0.00892	0.00371	0.05845
6	0.00846	0.00673	0.00787	0.00737	0.00890	0.00751	0.00563	0.08222	0.32526	0.01502	0.08990	0.15035	0.01669	0.03570	0.20956	0.00283	0.00515	0.00606	0.00370	0.00511
7	0.05952	0.01104	0.01122	0.00892	0.01196	0.06363	0.00724	0.52779	0.09519	0.05735	0.01084	0.02952	0.00810	0.00509	0.00404	0.00124	0.00438	0.00387	0.02389	0.05518
8	0.00586	0.00417	0.00487	0.00511	0.00546	0.00406	0.00323	0.00672	0.03818	0.00997	0.05392	0.27084	0.10418	0.44917	0.01361	0.00288	0.00327	0.00813	0.00324	0.00312
9	0.00776	0.00466	0.00534	0.00517	0.00594	0.00461	0.00355	0.05449	0.00854	0.06466	0.03617	0.13026	0.04477	0.36403	0.01140	0.00247	0.00324	0.02993	0.20935	0.00366
10	0.00884	0.15596	0.01022	0.00727	0.00884	0.07150	0.00583	0.01149	0.11490	0.04273	0.03479	0.03124	0.01102	0.09798	0.34025	0.00372	0.03186	0.00436	0.00266	0.00455
11	0.00782	0.03135	0.00688	0.00617	0.00711	0.05823	0.00449	0.07040	0.02752	0.01143	0.03528	0.05029	0.05868	0.27302	0.20155	0.05396	0.00559	0.02343	0.06308	0.00372
12	0.61127	0.08142	0.03319	0.02958	0.06219	0.05758	0.00611	0.01305	0.00802	0.05608	0.00663	0.00763	0.00514	0.00396	0.00294	0.00125	0.00388	0.00255	0.00256	0.00496

[dist]
# distance from previous block
# <min> <max>
0	1

[block]
# block no. 3 follows, 63 sequences, length 23
# corresponding to MSA columns:
# 87-109
name=unknown_D
#
# <colnr> <probs for GDERKNQSTAVLIFYWHMCP>
#	G	D	E	R	K	N	Q	S	T	A	V	L	I	F	Y	W	H	M	C	P
0	0.00590	0.00421	0.00514	0.00559	0.00606	0.00404	0.00374	0.04534	0.00833	0.01096	0.02226	0.52808	0.11294	0.18374	0.00883	0.02519	0.00288	0.00980	0.00359	0.00339
1	0.03962	0.12280	0.01333	0.03845	0.02455	0.19078	0.03070	0.37439	0.02778	0.03075	0.00900	0.02056	0.00719	0.04612	0.00475	0.00133	0.00523	0.00358	0.00316	0.00593
2	0.00684	0.00472	0.00591	0.00579	0.00650	0.00470	0.00415	0.05027	0.00836	0.01118	0.09423	0.13812	0.11716	0.19025	0.02557	0.19090	0.02804	0.07104	0.00311	0.03316
3	0.06745	0.11052	0.15680	0.04040	0.02343	0.13798	0.00812	0.06172	0.07852	0.03482	0.03499	0.04365	0.07581	0.00666	0.02172	0.04223	0.00487	0.04240	0.00279	0.00512
4	0.00775	0.00568	0.00687	0.00700	0.02698	0.00588	0.00488	0.15472	0.04449	0.01366	0.03292	0.41740	0.02013	0.16682	0.03243	0.00219	0.00355	0.03880	0.00364	0.00419
5	0.00624	0.00438	0.00529	0.00541	0.00625	0.00408	0.00387	0.00747	0.02172	0.03080	0.14356	0.22292	0.16764	0.19690	0.00861	0.00207	0.00287	0.08810	0.03796	0.03385
6	0.03752	0.00467	0.00596	0.00588	0.00667	0.00463	0.02707	0.00772	0.04229	0.01179	0.16489	0.18377	0.09974	0.21972	0.07065	0.04538	0.00372	0.05102	0.00339	0.00353
7	0.08249	0.05787	0.05813	0.12454	0.05335	0.21628	0.07202	0.05647	0.09791	0.01328	0.01936	0.01156	0.02275	0.03286	0.05190	0.00167	0.01611	0.00372	0.00253	0.00521
8	0.00644	0.00438	0.00536	0.00553	0.00650	0.00401	0.00400	0.00780	0.03487	0.06735	0.14780	0.34384	0.25670	0.02497	0.00574	0.03194	0.00250	0.03243	0.00402	0.00384
9	0.00637	0.00425	0.00559	0.00568	0.00624	0.00435	0.00405	0.00708	0.00740	0.02839	0.05447	0.11260	0.07937	0.24092	0.25217	0.09317	0.00562	0.05274	0.02624	0.00328
10	0.01946	0.01936	0.02591	0.03556	0.00863	0.03646	0.04036	0.02365	0.07408	0.02420	0.11066	0.12117	0.14352	0.20527	0.04076	0.00227	0.00391	0.05737	0.00335	0.00403
11	0.00820	0.00585	0.00680	0.00653	0.00792	0.01528	0.00505	0.11910	0.05242	0.06158	0.11603	0.20625	0.17263	0.06074	0.00599	0.00168	0.00313	0.13636	0.00402	0.00444
12	0.04060	0.00731	0.02263	0.03768	0.00965	0.03126	0.00571	0.13021	0.09981	0.14692	0.12356	0.13084	0.11381	0.04879	0.00534	0.00152	0.00341	0.01957	0.01624	0.00516
13	0.07828	0.02943	0.01298	0.15840	0.01590	0.14435	0.11388	0.23888	0.06137	0.01648	0.01014	0.02513	0.02597	0.02720	0.00461	0.00138	0.00530	0.02182	0.00295	0.00554
14	0.01082	0.00988	0.03601	0.04056	0.01255	0.07419	0.09637	0.21451	0.03465	0.03299	0.06210	0.01370	0.02617	0.04340	0.11406	0.01581	0.14967	0.00436	0.00294	0.00525
15	0.00977	0.00694	0.00767	0.00706	0.00866	0.03058	0.00541	0.24524	0.02728	0.04497	0.01671	0.34808	0.01702	0.00859	0.00454	0.00142	0.00331	0.05173	0.12983	0.02517
16	0.12031	0.00975	0.01211	0.15532	0.08897	0.06807	0.07480	0.14884	0.11872	0.11490	0.01038	0.01129	0.00761	0.00457	0.00400	0.00131	0.00468	0.00379	0.03470	0.00589
17	0.03068	0.11310	0.08504	0.04628	0.02445	0.03292	0.05099	0.08602	0.04126	0.15659	0.02854	0.06249	0.03170	0.05997	0.03869	0.02264	0.00466	0.07544	0.00324	0.00531
18	0.00529	0.00382	0.00492	0.00556	0.00605	0.00352	0.00381	0.00616	0.00870	0.01156	0.13718	0.60465	0.13118	0.01225	0.00561	0.02929	0.00237	0.01068	0.00394	0.00346
19	0.00843	0.02174	0.83048	0.01198	0.01819	0.00976	0.01553	0.01331	0.00888	0.01331	0.00754	0.00888	0.00533	0.00399	0.00399	0.00133	0.00621	0.00311	0.00178	0.00621
20	0.02891	0.03994	0.15642	0.09846	0.10647	0.16705	0.10586	0.13024	0.04333	0.01447	0.00916	0.06378	0.00764	0.00480	0.00417	0.00130	0.00568	0.00408	0.00254	0.00570
21	0.08860	0.00962	0.01108	0.05168	0.05432	0.03276	0.02757	0.34485	0.10289	0.11485	0.01210	0.06857	0.00968	0.00622	0.02403	0.00147	0.00444	0.02527	0.00378	0.00620
22	0.00711	0.00468	0.00580	0.00558	0.00628	0.00478	0.00388	0.00830	0.03545	0.06943	0.09139	0.06906	0.08363	0.37485	0.16811	0.00356	0.02490	0.00620	0.02340	0.00359

[dist]
# distance from previous block
# <min> <max>
3	59

[block]
# block no. 4 follows, 63 sequences, length 20
# corresponding to MSA columns:
# 170-189
name=unknown_E
#
# <colnr> <probs for GDERKNQSTAVLIFYWHMCP>
#	G	D	E	R	K	N	Q	S	T	A	V	L	I	F	Y	W	H	M	C	P
0	0.04223	0.00734	0.00982	0.30634	0.07243	0.03631	0.00790	0.06362	0.04267	0.06935	0.01484	0.12351	0.10322	0.03496	0.00531	0.02922	0.00428	0.00543	0.00293	0.01828
1	0.01030	0.37149	0.07209	0.18035	0.10940	0.01307	0.07017	0.05308	0.00920	0.01186	0.00692	0.00888	0.00575	0.00407	0.00419	0.00119	0.05734	0.00315	0.00199	0.00551
2	0.00600	0.00427	0.00569	0.00575	0.00614	0.00463	0.00399	0.00680	0.00655	0.00911	0.01283	0.07024	0.01362	0.39024	0.42993	0.00528	0.00759	0.00565	0.00248	0.00320
3	0.00822	0.00453	0.00576	0.00574	0.00684	0.00413	0.00417	0.00936	0.00931	0.17400	0.08561	0.39712	0.11256	0.05340	0.00568	0.00162	0.00266	0.02187	0.08320	0.00422
4	0.00703	0.00433	0.00632	0.00657	0.03068	0.00458	0.00450	0.00680	0.03047	0.00875	0.01045	0.06352	0.03283	0.01763	0.20621	0.52809	0.02179	0.00452	0.00219	0.00276
5	0.00693	0.00544	0.00714	0.00764	0.05549	0.02066	0.02825	0.02756	0.03455	0.01186	0.06213	0.15063	0.09509	0.16874	0.11800	0.00272	0.00458	0.15934	0.02933	0.00392
6	0.00596	0.00431	0.00514	0.00541	0.00640	0.00391	0.00396	0.00730	0.02672	0.04436	0.11004	0.31574	0.33880	0.03456	0.00558	0.00162	0.00249	0.06996	0.00399	0.00375
7	0.11878	0.00540	0.00607	0.00581	0.00699	0.00546	0.00420	0.04104	0.04389	0.09941	0.07773	0.19766	0.06270	0.24690	0.00926	0.00221	0.00325	0.04137	0.01780	0.00407
8	0.03228	0.00612	0.00923	0.02705	0.00996	0.00601	0.14476	0.04535	0.04875	0.01357	0.14453	0.21783	0.13358	0.05974	0.02309	0.00174	0.00369	0.03777	0.03067	0.00429
9	0.01902	0.00541	0.00601	0.00628	0.00744	0.03572	0.00484	0.02537	0.06134	0.03889	0.02676	0.27718	0.25643	0.01059	0.00509	0.00159	0.00301	0.18825	0.01675	0.00404
10	0.06268	0.00647	0.00752	0.00664	0.00849	0.00666	0.00516	0.14754	0.05655	0.17926	0.01581	0.16292	0.04146	0.03888	0.09248	0.00200	0.00404	0.00564	0.14467	0.00514
11	0.06693	0.00590	0.00668	0.00623	0.00773	0.01722	0.00473	0.07663	0.06008	0.11875	0.13629	0.19392	0.11534	0.07653	0.00595	0.00165	0.00303	0.04866	0.04318	0.00457
12	0.04755	0.00793	0.00850	0.00748	0.00948	0.03487	0.00592	0.29943	0.04918	0.05260	0.06277	0.15265	0.09407	0.03234	0.00505	0.00150	0.00364	0.08705	0.03274	0.00524
13	0.00594	0.00507	0.00573	0.00559	0.00684	0.03045	0.03081	0.00762	0.04462	0.01235	0.14006	0.21698	0.43507	0.01017	0.00495	0.00145	0.00257	0.00879	0.02112	0.00383
14	0.00599	0.00467	0.00517	0.00515	0.00630	0.02085	0.00378	0.00744	0.02670	0.03435	0.21794	0.16186	0.41140	0.03598	0.03176	0.00168	0.00267	0.00850	0.00399	0.00379
15	0.06437	0.00549	0.00662	0.00649	0.02660	0.00536	0.00478	0.05525	0.03687	0.11227	0.20135	0.18969	0.15257	0.04406	0.02334	0.00167	0.00303	0.05167	0.00403	0.00447
16	0.02997	0.00543	0.02367	0.00655	0.00779	0.00523	0.00527	0.04335	0.02803	0.06900	0.11689	0.10928	0.06909	0.08387	0.11759	0.02342	0.00435	0.20801	0.03906	0.00414
17	0.01379	0.03763	0.01069	0.00825	0.01099	0.03187	0.00673	0.35795	0.09914	0.18362	0.08967	0.01577	0.07799	0.00593	0.00457	0.00131	0.02889	0.00466	0.00422	0.00631
18	0.05559	0.00816	0.01006	0.03412	0.07768	0.00878	0.03065	0.15794	0.21278	0.08062	0.07898	0.03538	0.06551	0.01944	0.05958	0.00174	0.02081	0.00489	0.01343	0.02385
19	0.00663	0.00457	0.00591	0.00588	0.00661	0.00470	0.00426	0.01945	0.02943	0.03705	0.05087	0.14115	0.13824	0.15949	0.23913	0.10129	0.01870	0.02011	0.00304	0.00352

[dist]
# distance from previous block
# <min> <max>
2	30

[block]
# block no. 5 follows, 63 sequences, length 22
# corresponding to MSA columns:
# 220-241
name=unknown_F
#
# <colnr> <probs for GDERKNQSTAVLIFYWHMCP>
#	G	D	E	R	K	N	Q	S	T	A	V	L	I	F	Y	W	H	M	C	P
0	0.02210	0.00655	0.00743	0.00722	0.03140	0.06420	0.02140	0.03082	0.04514	0.03692	0.08970	0.24744	0.11898	0.05094	0.06485	0.00190	0.01767	0.03196	0.00342	0.09996
1	0.04862	0.00858	0.07885	0.00867	0.05575	0.00795	0.00682	0.14304	0.07670	0.04654	0.03372	0.09928	0.01149	0.10699	0.08071	0.01976	0.05634	0.00487	0.00308	0.10223
2	0.01050	0.00888	0.03655	0.04047	0.02262	0.04708	0.04175	0.30446	0.01262	0.01669	0.01436	0.18478	0.04780	0.08455	0.00638	0.02353	0.00423	0.04311	0.00344	0.04619
3	0.00527	0.00382	0.00498	0.00579	0.00619	0.00358	0.00399	0.00611	0.00825	0.01092	0.04341	0.67821	0.09048	0.03805	0.02801	0.00189	0.00276	0.05099	0.00383	0.00345
4	0.65857	0.00878	0.00733	0.00632	0.00896	0.04722	0.00515	0.08333	0.00890	0.09641	0.00732	0.00804	0.00546	0.00445	0.00335	0.02624	0.00361	0.00265	0.00295	0.00497
5	0.05938	0.04753	0.05764	0.00919	0.03679	0.03112	0.07053	0.14213	0.03870	0.07793	0.07192	0.04009	0.01999	0.02716	0.01438	0.02800	0.06838	0.02918	0.00312	0.12684
6	0.02481	0.00560	0.00698	0.00664	0.01914	0.01821	0.02092	0.02236	0.03984	0.04870	0.22840	0.17980	0.16266	0.02103	0.05219	0.00176	0.05975	0.02024	0.02145	0.03950
7	0.00526	0.00377	0.00491	0.00573	0.00606	0.00353	0.00386	0.00604	0.00815	0.01082	0.04793	0.70153	0.06404	0.07385	0.00651	0.00186	0.00258	0.03635	0.00383	0.00339
8	0.06352	0.06896	0.02785	0.03189	0.05228	0.08214	0.03882	0.07041	0.00946	0.04562	0.03201	0.05521	0.05851	0.00741	0.03610	0.00164	0.21051	0.05768	0.04508	0.00490
9	0.00998	0.19695	0.18494	0.04954	0.09885	0.03500	0.04619	0.04921	0.02551	0.04841	0.01007	0.03794	0.02333	0.07366	0.00592	0.00152	0.05362	0.04151	0.00243	0.00541
10	0.01224	0.01143	0.00921	0.00822	0.01025	0.30957	0.00631	0.07459	0.09483	0.11658	0.14832	0.05902	0.09580	0.00653	0.00435	0.00128	0.00464	0.01810	0.00361	0.00514
11	0.00536	0.00389	0.00498	0.00571	0.00616	0.00363	0.00396	0.00623	0.00838	0.01103	0.06125	0.58861	0.11548	0.07910	0.00661	0.00186	0.00264	0.07786	0.00383	0.00342
12	0.00691	0.00534	0.00680	0.03187	0.00819	0.02524	0.03006	0.01931	0.08024	0.02835	0.17382	0.29756	0.10906	0.01120	0.04402	0.06709	0.00338	0.04386	0.00371	0.00400
13	0.00649	0.00511	0.00690	0.00684	0.00767	0.03148	0.00529	0.00827	0.03159	0.01011	0.01138	0.01640	0.01051	0.04465	0.75136	0.00624	0.01057	0.00447	0.02082	0.00386
14	0.00575	0.00444	0.00560	0.00567	0.00660	0.00448	0.00425	0.00725	0.03029	0.01104	0.08105	0.09516	0.27804	0.09220	0.31452	0.00367	0.00580	0.03730	0.00323	0.00365
15	0.00953	0.05797	0.04773	0.02149	0.13549	0.01786	0.05071	0.11026	0.00923	0.02890	0.04360	0.04301	0.01883	0.00941	0.03734	0.30064	0.04690	0.00421	0.00248	0.00441
16	0.05247	0.00764	0.00853	0.00754	0.02496	0.00808	0.00582	0.29219	0.06679	0.08034	0.05959	0.10647	0.06094	0.04347	0.00501	0.00146	0.00348	0.04534	0.11444	0.00543
17	0.00910	0.00879	0.01535	0.44633	0.35405	0.00970	0.07259	0.01183	0.00900	0.01217	0.00773	0.01089	0.00609	0.00397	0.00424	0.00134	0.00547	0.00383	0.00197	0.00556
18	0.00919	0.00901	0.02652	0.23208	0.28679	0.03941	0.09041	0.03656	0.03151	0.01280	0.02320	0.05745	0.04782	0.02934	0.00509	0.00145	0.02210	0.03143	0.00244	0.00538
19	0.01262	0.13332	0.06085	0.05223	0.01338	0.33554	0.04219	0.10389	0.09048	0.01297	0.00845	0.01017	0.00697	0.04418	0.02758	0.00147	0.03247	0.00337	0.00252	0.00533
20	0.09374	0.00859	0.03806	0.02699	0.01046	0.04828	0.00578	0.07055	0.02643	0.04039	0.02202	0.02557	0.07833	0.00461	0.00357	0.00096	0.00356	0.01877	0.00289	0.47045
21	0.05116	0.13941	0.11623	0.03294	0.01417	0.26562	0.12528	0.03209	0.02709	0.02846	0.00825	0.05915	0.00715	0.00487	0.00468	0.00127	0.07087	0.00375	0.00230	0.00524

[dist]
# distance from previous block
# <min> <max>
6	11

[block]
# block no. 6 follows, 63 sequences, length 12
# corresponding to MSA columns:
# 253-264
name=unknown_G
#
# <colnr> <probs for GDERKNQSTAVLIFYWHMCP>
#	G	D	E	R	K	N	Q	S	T	A	V	L	I	F	Y	W	H	M	C	P
0	0.06011	0.00523	0.00547	0.00539	0.00625	0.04622	0.00376	0.00772	0.00850	0.03527	0.14638	0.12370	0.17996	0.25164	0.02826	0.05711	0.00341	0.01883	0.00333	0.00345
1	0.04126	0.03725	0.07624	0.05608	0.01212	0.13963	0.03429	0.07666	0.09607	0.12009	0.07162	0.04864	0.07501	0.03289	0.00511	0.00139	0.03708	0.00469	0.00329	0.03060
2	0.00720	0.00488	0.00569	0.00540	0.00656	0.00457	0.00395	0.05801	0.00999	0.07219	0.18894	0.10452	0.27519	0.19037	0.00846	0.00200	0.00288	0.04140	0.00387	0.00391
3	0.01146	0.03456	0.01323	0.18204	0.19452	0.05304	0.03180	0.23082	0.04438	0.03889	0.01140	0.01339	0.05841	0.00504	0.00442	0.00131	0.02162	0.02526	0.00295	0.02148
4	0.03816	0.00837	0.01030	0.03150	0.05994	0.05591	0.04088	0.03730	0.03279	0.22127	0.05021	0.02829	0.00968	0.02722	0.00457	0.00116	0.02641	0.00381	0.00332	0.30891
5	0.04590	0.00611	0.00782	0.06653	0.05892	0.00613	0.00587	0.08546	0.03750	0.08195	0.10738	0.26669	0.09948	0.00861	0.00470	0.00145	0.00323	0.06113	0.00376	0.04138
6	0.00619	0.00446	0.00624	0.00641	0.00717	0.00477	0.00493	0.00762	0.03083	0.01082	0.07644	0.10978	0.07383	0.02144	0.41574	0.09623	0.00706	0.10349	0.00293	0.00361
7	0.00652	0.00461	0.00604	0.02715	0.00739	0.00443	0.02201	0.00794	0.03213	0.06231	0.08886	0.32714	0.19992	0.08925	0.09224	0.00230	0.00367	0.00856	0.00367	0.00385
8	0.00909	0.00736	0.00907	0.10012	0.01186	0.00652	0.00591	0.07805	0.00946	0.03177	0.00879	0.02789	0.00742	0.02554	0.07113	0.00138	0.00417	0.00325	0.02067	0.56054
9	0.00620	0.00395	0.00512	0.00534	0.00577	0.00385	0.00367	0.00647	0.00762	0.01041	0.10018	0.20616	0.09468	0.15081	0.06340	0.22996	0.00352	0.03224	0.05764	0.00300
10	0.00776	0.00486	0.00618	0.00606	0.00714	0.00485	0.00461	0.05665	0.00971	0.07963	0.15515	0.19558	0.04234	0.06273	0.13819	0.00244	0.00416	0.08497	0.12282	0.00415
11	0.00871	0.00648	0.02090	0.00699	0.00839	0.03302	0.00549	0.11697	0.05667	0.06493	0.04694	0.21572	0.06697	0.08667	0.05710	0.00209	0.00398	0.15208	0.03542	0.00450

[dist]
# distance from previous block
# <min> <max>
9	85

[block]
# block no. 7 follows, 63 sequences, length 21
# corresponding to MSA columns:
# 350-370
name=unknown_H
#
# <colnr> <probs for GDERKNQSTAVLIFYWHMCP>
#	G	D	E	R	K	N	Q	S	T	A	V	L	I	F	Y	W	H	M	C	P
0	0.01831	0.00623	0.03790	0.06268	0.07090	0.03791	0.02499	0.00854	0.00806	0.05046	0.05352	0.19481	0.06552	0.05429	0.04138	0.23373	0.00406	0.00611	0.01685	0.00374
1	0.10717	0.03353	0.15040	0.05549	0.04579	0.01975	0.12137	0.04128	0.05982	0.04997	0.01210	0.10122	0.04087	0.08559	0.00618	0.00164	0.03773	0.00496	0.02005	0.00510
2	0.08489	0.02075	0.12699	0.00725	0.00943	0.03930	0.00657	0.04178	0.05719	0.03836	0.13592	0.07457	0.15183	0.02282	0.08760	0.00199	0.01988	0.06491	0.00333	0.00464
3	0.01897	0.00521	0.00638	0.00621	0.00750	0.00500	0.00465	0.05675	0.04813	0.10942	0.10156	0.34299	0.11166	0.03563	0.01792	0.00165	0.00296	0.05886	0.02806	0.03048
4	0.00797	0.00536	0.00672	0.02179	0.00819	0.00518	0.00521	0.08227	0.01073	0.08192	0.16780	0.16991	0.14104	0.04288	0.00571	0.00164	0.00310	0.20691	0.00404	0.02163
5	0.19916	0.02305	0.02352	0.02706	0.02679	0.15058	0.00647	0.15818	0.08840	0.04372	0.06603	0.03759	0.01034	0.03206	0.00433	0.00133	0.00429	0.01755	0.03480	0.04474
6	0.00619	0.00487	0.00643	0.00600	0.00694	0.00479	0.05310	0.00769	0.04712	0.01086	0.08306	0.08092	0.21619	0.30047	0.13119	0.00312	0.00452	0.01983	0.00316	0.00354
7	0.09116	0.00550	0.00611	0.00604	0.00731	0.00559	0.00445	0.06597	0.08940	0.04060	0.07193	0.33247	0.15924	0.05483	0.00560	0.00164	0.00283	0.02524	0.01981	0.00426
8	0.00730	0.00532	0.00641	0.00560	0.00752	0.00441	0.00423	0.00864	0.00942	0.06271	0.16230	0.17547	0.19834	0.00819	0.00486	0.03573	0.00262	0.00671	0.00358	0.28065
9	0.68733	0.00828	0.00722	0.00614	0.00890	0.00925	0.00507	0.07814	0.00888	0.13648	0.00775	0.00817	0.00561	0.00418	0.00297	0.00130	0.00341	0.00268	0.00311	0.00514
10	0.00928	0.00944	0.01425	0.01180	0.01229	0.01262	0.10135	0.01050	0.00684	0.01050	0.00586	0.00944	0.00562	0.00692	0.01278	0.00179	0.74829	0.00383	0.00187	0.00472
11	0.00670	0.00449	0.00539	0.00548	0.00632	0.00427	0.00387	0.00817	0.04833	0.06170	0.11726	0.25446	0.16732	0.20685	0.00882	0.00212	0.00289	0.05202	0.02983	0.00373
12	0.00606	0.00410	0.00557	0.00571	0.00626	0.00414	0.00411	0.00660	0.00769	0.01040	0.11874	0.15372	0.11135	0.08668	0.23197	0.19598	0.00516	0.02960	0.00298	0.00318
13	0.00644	0.02087	0.00566	0.00540	0.00580	0.00437	0.00370	0.00643	0.00664	0.00895	0.02968	0.05362	0.08166	0.26727	0.19349	0.26945	0.00521	0.00540	0.01714	0.00282
14	0.00613	0.00423	0.00536	0.00541	0.00574	0.00445	0.00363	0.00681	0.00675	0.00938	0.03670	0.04706	0.01497	0.48934	0.27611	0.00460	0.00616	0.03188	0.03222	0.00308
15	0.08474	0.00529	0.00594	0.00594	0.00699	0.00542	0.00434	0.08303	0.04374	0.01376	0.07696	0.30920	0.08769	0.13219	0.00711	0.00188	0.00300	0.06071	0.05806	0.00399
16	0.00977	0.23868	0.17209	0.18901	0.01630	0.07771	0.04094	0.01218	0.00869	0.02530	0.00753	0.00972	0.00613	0.00619	0.06277	0.00162	0.07059	0.00325	0.03638	0.00516
17	0.01051	0.37309	0.20351	0.00933	0.01302	0.02604	0.06522	0.06615	0.02135	0.03320	0.03134	0.00983	0.00724	0.02514	0.02105	0.00134	0.05659	0.00324	0.01726	0.00556
18	0.00722	0.00550	0.03085	0.00607	0.00747	0.00489	0.01936	0.00949	0.07111	0.07393	0.24959	0.07931	0.20997	0.12051	0.00711	0.00180	0.00295	0.08475	0.00395	0.00418
19	0.00662	0.00436	0.00567	0.00588	0.00674	0.00413	0.00437	0.00777	0.00901	0.06884	0.14609	0.27835	0.13914	0.07833	0.08648	0.02450	0.00360	0.11259	0.00378	0.00377
20	0.04736	0.00834	0.02555	0.00783	0.02411	0.03200	0.02472	0.16926	0.03374	0.03653	0.04502	0.16369	0.01203	0.01937	0.00454	0.00119	0.02661	0.00497	0.00324	0.30991

[dist]
# distance from previous block
# <min> <max>
7	197

# created by:
# /st0/software/busco_prod/Augustus/scripts/msa2prfl.pl ./align_prep/41866.fa
