[name]
unknown

[dist]
# distance from previous block
# <min> <max>
0	75

[block]
# block no. 0 follows, 59 sequences, length 25
# corresponding to MSA columns:
# 75-99
name=unknown_A
#
# <colnr> <probs for GDERKNQSTAVLIFYWHMCP>
#	G	D	E	R	K	N	Q	S	T	A	V	L	I	F	Y	W	H	M	C	P
0	0.00892	0.32817	0.03210	0.00792	0.01012	0.00992	0.00739	0.01079	0.00978	0.01233	0.04697	0.03186	0.01802	0.00867	0.00477	0.00158	0.00430	0.43845	0.00321	0.00474
1	0.01206	0.68348	0.09592	0.00830	0.01230	0.01641	0.00845	0.09624	0.01025	0.01256	0.00677	0.00766	0.00585	0.00398	0.00313	0.00103	0.00490	0.00261	0.00215	0.00594
2	0.02969	0.12900	0.05971	0.00804	0.01181	0.00924	0.00712	0.12166	0.02959	0.30599	0.01162	0.01131	0.00820	0.00453	0.00386	0.00112	0.00406	0.00351	0.00378	0.23616
3	0.00917	0.10951	0.73795	0.01206	0.01830	0.01102	0.01540	0.01391	0.00929	0.01361	0.00774	0.00909	0.00560	0.00415	0.00405	0.00135	0.00634	0.00317	0.00187	0.00644
4	0.00538	0.00384	0.00512	0.00615	0.00641	0.00359	0.00410	0.00615	0.00846	0.01127	0.02434	0.84190	0.02921	0.01384	0.00564	0.00179	0.00256	0.01256	0.00410	0.00359
5	0.01257	0.01547	0.11982	0.06189	0.01938	0.25381	0.36624	0.01551	0.01097	0.06882	0.00871	0.01062	0.00651	0.00419	0.00462	0.00136	0.00714	0.00414	0.00241	0.00583
6	0.01883	0.00798	0.01191	0.00899	0.01252	0.00698	0.09001	0.02075	0.01241	0.73557	0.01653	0.01470	0.01049	0.00528	0.00452	0.00138	0.00415	0.00452	0.00513	0.00735
7	0.00526	0.00432	0.00464	0.00489	0.00607	0.00369	0.00354	0.00629	0.00967	0.01177	0.03969	0.24067	0.62054	0.01184	0.00532	0.00157	0.00232	0.01012	0.00410	0.00369
8	0.00834	0.00785	0.01325	0.83417	0.03042	0.00981	0.01227	0.01128	0.00883	0.01128	0.00785	0.01178	0.00589	0.00442	0.00442	0.00147	0.00589	0.00393	0.00196	0.00491
9	0.01219	0.01532	0.37823	0.09847	0.01861	0.00957	0.12422	0.05592	0.01085	0.21769	0.01059	0.01145	0.00723	0.00453	0.00444	0.00141	0.00581	0.00394	0.00297	0.00658
10	0.01982	0.00752	0.01025	0.00786	0.01127	0.00649	0.00649	0.02152	0.01264	0.82029	0.01742	0.01503	0.01093	0.00547	0.00444	0.00137	0.00376	0.00444	0.00547	0.00752
11	0.00834	0.00785	0.01325	0.83417	0.03042	0.00981	0.01227	0.01128	0.00883	0.01128	0.00785	0.01178	0.00589	0.00442	0.00442	0.00147	0.00589	0.00393	0.00196	0.00491
12	0.00574	0.00410	0.00554	0.00656	0.00698	0.00390	0.00473	0.00678	0.00881	0.01168	0.02414	0.67654	0.02842	0.01350	0.00573	0.00184	0.00288	0.17434	0.00409	0.00369
13	0.01590	0.01029	0.09901	0.05844	0.03175	0.00842	0.15793	0.05951	0.01203	0.47930	0.01373	0.01334	0.00903	0.00490	0.00456	0.00140	0.00495	0.00440	0.00416	0.00696
14	0.00902	0.02172	0.74009	0.01321	0.01952	0.01035	0.09700	0.01400	0.00944	0.01400	0.00803	0.00959	0.00571	0.00415	0.00430	0.00141	0.00662	0.00346	0.00190	0.00647
15	0.00546	0.00393	0.00520	0.00618	0.00652	0.00367	0.00422	0.00631	0.00860	0.01140	0.02508	0.77197	0.05930	0.01365	0.00564	0.00179	0.00262	0.05073	0.00410	0.00362
16	0.01035	0.01068	0.02053	0.14160	0.38155	0.01067	0.33146	0.01346	0.01003	0.01386	0.00849	0.01145	0.00672	0.00392	0.00472	0.00141	0.00623	0.00445	0.00217	0.00627
17	0.05852	0.01063	0.01513	0.26297	0.22959	0.09230	0.09776	0.06776	0.01084	0.09898	0.00909	0.01120	0.00683	0.00438	0.00436	0.00137	0.00567	0.00394	0.00266	0.00604
18	0.13426	0.03149	0.01474	0.02883	0.04658	0.27580	0.15509	0.12910	0.03035	0.02744	0.00806	0.00959	0.00634	0.00473	0.00504	0.00135	0.07921	0.00360	0.00269	0.00571
19	0.15113	0.01070	0.01359	0.01047	0.01389	0.04001	0.15294	0.26961	0.08124	0.19498	0.01157	0.01167	0.00812	0.00489	0.00429	0.00138	0.00486	0.00410	0.00391	0.00667
20	0.43188	0.01153	0.01044	0.00863	0.01161	0.16246	0.06938	0.11264	0.02327	0.07546	0.00810	0.00891	0.00609	0.00440	0.00354	0.00130	0.00478	0.00309	0.00303	0.03946
21	0.38034	0.02463	0.01315	0.01140	0.09744	0.01076	0.15459	0.16168	0.01114	0.05907	0.00834	0.00954	0.00626	0.00428	0.00378	0.00135	0.00466	0.00348	0.00302	0.03110
22	0.24704	0.03744	0.04545	0.00821	0.01154	0.03853	0.01948	0.23187	0.03986	0.13096	0.01080	0.02389	0.02463	0.00489	0.00381	0.00127	0.00421	0.00363	0.00358	0.10891
23	0.21978	0.01060	0.01042	0.00897	0.04084	0.09352	0.00693	0.19230	0.10747	0.17827	0.01107	0.01098	0.00796	0.00483	0.00389	0.00129	0.00434	0.00358	0.00378	0.07917
24	0.19673	0.04648	0.04012	0.07514	0.01352	0.05712	0.03706	0.16313	0.04298	0.22770	0.01080	0.01099	0.00760	0.00474	0.00394	0.00131	0.00455	0.00362	0.00365	0.04882

[dist]
# distance from previous block
# <min> <max>
0	25

[block]
# block no. 1 follows, 59 sequences, length 67
# corresponding to MSA columns:
# 125-170,173-193
name=unknown_B
#
# <colnr> <probs for GDERKNQSTAVLIFYWHMCP>
#	G	D	E	R	K	N	Q	S	T	A	V	L	I	F	Y	W	H	M	C	P
0	0.01098	0.01870	0.02068	0.11742	0.11844	0.04725	0.00798	0.03137	0.13726	0.14712	0.12516	0.04325	0.09638	0.00657	0.00517	0.00144	0.04989	0.00546	0.00371	0.00577
1	0.32195	0.03263	0.08104	0.00894	0.01209	0.03688	0.11123	0.07823	0.04650	0.09397	0.03527	0.05219	0.04614	0.01967	0.00427	0.00145	0.00444	0.00434	0.00322	0.00555
2	0.03336	0.07456	0.09964	0.00955	0.01322	0.04266	0.02447	0.30498	0.08936	0.21823	0.02393	0.01200	0.00892	0.00511	0.00424	0.00132	0.00470	0.00397	0.00403	0.02174
3	0.05454	0.01988	0.00776	0.00671	0.00876	0.00638	0.00537	0.12072	0.01209	0.17908	0.12334	0.10162	0.24188	0.00880	0.00491	0.00150	0.00320	0.08388	0.00441	0.00518
4	0.00565	0.00418	0.00530	0.00588	0.00657	0.00384	0.00421	0.00682	0.00964	0.01273	0.17317	0.47893	0.18120	0.01232	0.00552	0.00168	0.00253	0.07184	0.00424	0.00376
5	0.05118	0.02267	0.01246	0.00957	0.01282	0.09507	0.07379	0.24710	0.01455	0.34276	0.06275	0.01343	0.01063	0.00532	0.00441	0.00134	0.00473	0.00431	0.00436	0.00679
6	0.04695	0.01091	0.01879	0.15231	0.04314	0.05653	0.39568	0.06007	0.01096	0.11150	0.00958	0.01163	0.00699	0.00419	0.00467	0.00140	0.00623	0.00444	0.00274	0.04130
7	0.00643	0.00451	0.00544	0.00539	0.00629	0.00424	0.00380	0.00752	0.00933	0.04342	0.19702	0.12124	0.25307	0.21306	0.09714	0.00277	0.00381	0.00801	0.00379	0.00373
8	0.00550	0.00393	0.00527	0.00629	0.00660	0.00369	0.00431	0.00636	0.00858	0.01141	0.02428	0.78596	0.02894	0.01372	0.00567	0.00181	0.00267	0.06728	0.00410	0.00362
9	0.01044	0.09116	0.46959	0.01200	0.01719	0.01103	0.10591	0.04164	0.12838	0.05585	0.00995	0.01082	0.00723	0.00447	0.00426	0.00138	0.00583	0.00375	0.00257	0.00654
10	0.03797	0.00891	0.00987	0.00749	0.01106	0.04508	0.02246	0.05760	0.09639	0.05834	0.01027	0.01095	0.02380	0.00405	0.00363	0.00090	0.00370	0.00324	0.00308	0.58121
11	0.02702	0.03302	0.35732	0.01279	0.01757	0.07220	0.18167	0.13712	0.01171	0.06923	0.00921	0.02092	0.00678	0.00455	0.00458	0.00139	0.01991	0.00393	0.00266	0.00640
12	0.01982	0.00752	0.01025	0.00786	0.01127	0.00649	0.00649	0.02152	0.01264	0.82029	0.01742	0.01503	0.01093	0.00547	0.00444	0.00137	0.00376	0.00444	0.00547	0.00752
13	0.00802	0.00723	0.01137	0.31341	0.13553	0.02414	0.04912	0.02284	0.00920	0.01212	0.01427	0.30148	0.01498	0.03081	0.00540	0.00164	0.00465	0.02615	0.00287	0.00477
14	0.00895	0.03602	0.78767	0.01267	0.01909	0.01040	0.03707	0.01398	0.00935	0.01393	0.00792	0.00936	0.00563	0.00418	0.00420	0.00139	0.00652	0.00330	0.00188	0.00650
15	0.00834	0.00785	0.01325	0.83417	0.03042	0.00981	0.01227	0.01128	0.00883	0.01128	0.00785	0.01178	0.00589	0.00442	0.00442	0.00147	0.00589	0.00393	0.00196	0.00491
16	0.00538	0.00384	0.00512	0.00615	0.00641	0.00359	0.00410	0.00615	0.00846	0.01127	0.02434	0.84190	0.02921	0.01384	0.00564	0.00179	0.00256	0.01256	0.00410	0.00359
17	0.01613	0.01229	0.01308	0.01049	0.03031	0.06494	0.02755	0.61453	0.06492	0.06568	0.01113	0.01117	0.00797	0.00523	0.00439	0.00132	0.00493	0.00402	0.02273	0.00721
18	0.00834	0.00785	0.01325	0.83417	0.03042	0.00981	0.01227	0.01128	0.00883	0.01128	0.00785	0.01178	0.00589	0.00442	0.00442	0.00147	0.00589	0.00393	0.00196	0.00491
19	0.00615	0.00449	0.00578	0.00551	0.00655	0.00412	0.00411	0.00812	0.01219	0.01710	0.73584	0.06538	0.08940	0.00935	0.00523	0.00141	0.00211	0.00825	0.00478	0.00412
20	0.01318	0.02348	0.03843	0.36899	0.06288	0.03774	0.01014	0.16825	0.01226	0.20537	0.01061	0.01199	0.00743	0.00480	0.00437	0.00139	0.00522	0.00397	0.00328	0.00621
21	0.00585	0.00435	0.00555	0.00633	0.00710	0.00405	0.00480	0.00706	0.00933	0.01199	0.02892	0.42246	0.21517	0.01273	0.00567	0.00179	0.00292	0.23608	0.00409	0.00376
22	0.00625	0.00451	0.00590	0.00556	0.00660	0.00417	0.00417	0.00833	0.01250	0.01771	0.81490	0.03299	0.04167	0.00903	0.00521	0.00139	0.00208	0.00799	0.00486	0.00417
23	0.00887	0.00839	0.01420	0.66912	0.19133	0.00995	0.01253	0.01175	0.00908	0.01193	0.00794	0.01160	0.00611	0.00432	0.00441	0.00144	0.00576	0.00393	0.00201	0.00533
24	0.00942	0.00776	0.00928	0.03526	0.01114	0.00602	0.00557	0.01141	0.00929	0.04073	0.00862	0.01064	0.00722	0.00365	0.00343	0.00075	0.00340	0.02584	0.00273	0.78784
25	0.01066	0.51666	0.31177	0.00953	0.01416	0.01471	0.01081	0.01340	0.00902	0.01170	0.00677	0.00800	0.00565	0.00408	0.00378	0.00115	0.03759	0.00275	0.00188	0.00595
26	0.00834	0.00785	0.01325	0.83417	0.03042	0.00981	0.01227	0.01128	0.00883	0.01128	0.00785	0.01178	0.00589	0.00442	0.00442	0.00147	0.00589	0.00393	0.00196	0.00491
27	0.01649	0.00689	0.00926	0.00735	0.01019	0.00607	0.00597	0.03351	0.01277	0.61147	0.20950	0.01928	0.01828	0.00632	0.00463	0.00137	0.00338	0.00529	0.00530	0.00671
28	0.00983	0.07600	0.04041	0.20131	0.08671	0.01086	0.33555	0.01380	0.08844	0.01345	0.01014	0.04997	0.00838	0.00479	0.00486	0.00146	0.01955	0.01629	0.00246	0.00575
29	0.08419	0.00865	0.01171	0.00895	0.01237	0.00820	0.07677	0.13795	0.01328	0.54948	0.03284	0.01389	0.01026	0.00526	0.00439	0.00137	0.00419	0.00436	0.00480	0.00709
30	0.00694	0.00467	0.00612	0.00567	0.00684	0.00429	0.00429	0.00901	0.01251	0.05857	0.77431	0.03208	0.04011	0.00885	0.00517	0.00139	0.00217	0.00781	0.00489	0.00434
31	0.00886	0.02285	0.82190	0.01259	0.01912	0.01026	0.01632	0.01399	0.00932	0.01399	0.00793	0.00932	0.00559	0.00420	0.00420	0.00140	0.00653	0.00326	0.00186	0.00653
32	0.02850	0.07933	0.05972	0.01196	0.02656	0.21901	0.19464	0.08896	0.02649	0.17811	0.01060	0.02566	0.00801	0.00482	0.00438	0.00132	0.00602	0.01658	0.00316	0.00615
33	0.00622	0.00465	0.00691	0.00701	0.00775	0.00534	0.00539	0.00772	0.00723	0.01035	0.01300	0.09474	0.01275	0.03131	0.75016	0.00660	0.01096	0.00547	0.00253	0.00391
34	0.00544	0.00407	0.00505	0.00568	0.00632	0.00368	0.00393	0.00643	0.00928	0.01212	0.11400	0.56360	0.21895	0.01269	0.00549	0.00168	0.00243	0.01129	0.00418	0.00368
35	0.00805	0.00714	0.01144	0.01176	0.14377	0.00693	0.13858	0.01072	0.05714	0.02637	0.13716	0.12178	0.18479	0.00839	0.00535	0.00155	0.02036	0.09016	0.00358	0.00499
36	0.01030	0.01086	0.01926	0.26395	0.23725	0.05863	0.30818	0.01334	0.00997	0.01317	0.00832	0.01138	0.00648	0.00404	0.00468	0.00142	0.00642	0.00435	0.00214	0.00587
37	0.00601	0.00422	0.00557	0.00644	0.00701	0.00396	0.00469	0.00707	0.00901	0.02812	0.02569	0.60170	0.09274	0.01312	0.00567	0.00181	0.00286	0.16641	0.00412	0.00377
38	0.01032	0.00547	0.00715	0.00633	0.00809	0.00507	0.00492	0.01186	0.01061	0.26703	0.19734	0.03892	0.17933	0.05882	0.16563	0.00268	0.00466	0.00649	0.00428	0.00500
39	0.09233	0.01021	0.01479	0.12332	0.03416	0.01074	0.18217	0.24183	0.06862	0.16075	0.01112	0.01193	0.00787	0.00477	0.00445	0.00140	0.00515	0.00425	0.00360	0.00652
40	0.04714	0.00983	0.01155	0.14347	0.01516	0.04256	0.03599	0.29366	0.14483	0.01920	0.02558	0.01922	0.02254	0.00649	0.00469	0.00151	0.00474	0.14207	0.00374	0.00604
41	0.80098	0.00935	0.00703	0.02351	0.00934	0.06394	0.00519	0.01325	0.00787	0.01904	0.00623	0.00732	0.00487	0.00414	0.00285	0.00135	0.00377	0.00245	0.00269	0.00481
42	0.05346	0.01073	0.01838	0.01375	0.01722	0.05553	0.42114	0.05864	0.01122	0.15053	0.04228	0.01470	0.02556	0.00507	0.00538	0.00148	0.05052	0.03534	0.00312	0.00596
43	0.00542	0.00423	0.00492	0.00528	0.00622	0.00373	0.00376	0.00652	0.00973	0.01240	0.13461	0.36177	0.40174	0.01197	0.00539	0.00160	0.00235	0.01045	0.00420	0.00373
44	0.01047	0.00967	0.01403	0.41202	0.03856	0.03545	0.09431	0.11030	0.17276	0.01508	0.01026	0.01240	0.00772	0.00487	0.00484	0.00146	0.03292	0.00425	0.00282	0.00580
45	0.03872	0.01063	0.01454	0.23967	0.06872	0.09866	0.11022	0.06724	0.02719	0.07133	0.00857	0.01108	0.00671	0.00568	0.02065	0.00160	0.18669	0.00399	0.00254	0.00557
46	0.01065	0.01020	0.01741	0.11576	0.73080	0.01042	0.01341	0.01331	0.00992	0.01408	0.00826	0.01102	0.00687	0.00399	0.00438	0.00133	0.00532	0.00393	0.00216	0.00677
47	0.00567	0.00431	0.00523	0.00545	0.00639	0.00387	0.00395	0.00704	0.01042	0.01377	0.30550	0.28392	0.28828	0.01127	0.00536	0.00156	0.00232	0.02747	0.00436	0.00385
48	0.19045	0.06888	0.01200	0.00909	0.01215	0.07434	0.02834	0.30484	0.20898	0.03201	0.01095	0.01099	0.00817	0.00502	0.00397	0.00134	0.00451	0.00374	0.00371	0.00648
49	0.00886	0.02285	0.82190	0.01259	0.01912	0.01026	0.01632	0.01399	0.00932	0.01399	0.00793	0.00932	0.00559	0.00420	0.00420	0.00140	0.00653	0.00326	0.00186	0.00653
50	0.01205	0.16731	0.08416	0.03565	0.16309	0.10302	0.16335	0.06490	0.01080	0.05563	0.00836	0.00999	0.00658	0.00414	0.00427	0.00123	0.01930	0.00363	0.00246	0.08008
51	0.01021	0.33437	0.40324	0.01155	0.01674	0.01313	0.12677	0.01372	0.00935	0.01264	0.00739	0.00885	0.00578	0.00397	0.00383	0.00124	0.00598	0.00320	0.00193	0.00612
52	0.00532	0.00440	0.00467	0.00476	0.00607	0.00375	0.00351	0.00648	0.01008	0.01232	0.10435	0.13487	0.66156	0.01132	0.00527	0.00152	0.00226	0.00959	0.00416	0.00375
53	0.00620	0.00451	0.00583	0.00550	0.00657	0.00415	0.00413	0.00823	0.01238	0.01742	0.77603	0.03347	0.08073	0.00914	0.00521	0.00139	0.00209	0.00805	0.00482	0.00415
54	0.06635	0.10408	0.32803	0.01300	0.01787	0.01180	0.23962	0.12734	0.01110	0.01597	0.00827	0.00989	0.00615	0.00422	0.00443	0.00137	0.01806	0.00379	0.00240	0.00628
55	0.00556	0.00463	0.00489	0.00500	0.00637	0.00406	0.00375	0.00714	0.04134	0.01225	0.05071	0.12691	0.65619	0.01128	0.00527	0.00155	0.00240	0.04270	0.00413	0.00386
56	0.00538	0.00384	0.00512	0.00615	0.00641	0.00359	0.00410	0.00615	0.00846	0.01127	0.02434	0.84190	0.02921	0.01384	0.00564	0.00179	0.00256	0.01256	0.00410	0.00359
57	0.01261	0.38760	0.16851	0.02603	0.01391	0.27324	0.00966	0.01465	0.01009	0.01122	0.00671	0.00796	0.00567	0.00424	0.00385	0.00113	0.03252	0.00276	0.00201	0.00561
58	0.56299	0.01005	0.01071	0.01042	0.11455	0.04889	0.08117	0.08705	0.00959	0.01892	0.00714	0.00846	0.00554	0.00418	0.00339	0.00136	0.00438	0.00302	0.00275	0.00545
59	0.00562	0.00436	0.00513	0.00534	0.00640	0.00387	0.00393	0.00694	0.01030	0.01330	0.23387	0.23518	0.38763	0.01134	0.00536	0.00157	0.00237	0.04938	0.00429	0.00382
60	0.06206	0.00950	0.01125	0.00867	0.01210	0.00953	0.00716	0.33172	0.01561	0.46448	0.01414	0.01287	0.00926	0.00533	0.00435	0.00135	0.00418	0.00415	0.00491	0.00738
61	0.00952	0.00887	0.01462	0.62257	0.10997	0.03172	0.07375	0.02783	0.00954	0.03766	0.00831	0.01168	0.00625	0.00437	0.00446	0.00144	0.00591	0.00402	0.00217	0.00534
62	0.02587	0.50404	0.17529	0.01056	0.01496	0.01473	0.15324	0.03278	0.00957	0.01234	0.00710	0.00848	0.00587	0.00389	0.00356	0.00115	0.00554	0.00309	0.00202	0.00591
63	0.00986	0.05377	0.55871	0.01296	0.01859	0.01096	0.14003	0.06393	0.06198	0.01502	0.00883	0.01019	0.00640	0.00429	0.00433	0.00140	0.00630	0.00369	0.00225	0.00649
64	0.01190	0.03952	0.01880	0.12170	0.12705	0.20407	0.31895	0.05321	0.01119	0.01369	0.03195	0.01123	0.00743	0.00427	0.00459	0.00135	0.00670	0.00425	0.00238	0.00578
65	0.01064	0.01026	0.01791	0.19629	0.48218	0.01064	0.13389	0.05832	0.01047	0.01449	0.00844	0.01124	0.00674	0.00408	0.00451	0.00137	0.00570	0.00413	0.00227	0.00642
66	0.03032	0.01160	0.01688	0.17366	0.29892	0.11487	0.15770	0.07821	0.02153	0.04106	0.00871	0.01099	0.00677	0.00426	0.00446	0.00136	0.00598	0.00403	0.00249	0.00618

[dist]
# distance from previous block
# <min> <max>
1	4

[block]
# block no. 2 follows, 59 sequences, length 11
# corresponding to MSA columns:
# 218-228
name=unknown_C
#
# <colnr> <probs for GDERKNQSTAVLIFYWHMCP>
#	G	D	E	R	K	N	Q	S	T	A	V	L	I	F	Y	W	H	M	C	P
0	0.01175	0.01057	0.01634	0.09303	0.52085	0.01107	0.03587	0.15618	0.07027	0.01686	0.00941	0.01138	0.00746	0.00437	0.00442	0.00135	0.00517	0.00406	0.00274	0.00687
1	0.00540	0.00452	0.00490	0.00490	0.00628	0.00402	0.00371	0.00659	0.00958	0.01166	0.03938	0.03840	0.68430	0.01476	0.13924	0.00241	0.00380	0.00857	0.00382	0.00376
2	0.00816	0.00647	0.00746	0.03447	0.03076	0.00648	0.00530	0.13853	0.07980	0.01685	0.26474	0.03038	0.33601	0.00872	0.00497	0.00143	0.00293	0.00736	0.00429	0.00488
3	0.00621	0.00438	0.00510	0.00510	0.00546	0.00438	0.00321	0.00663	0.00712	0.00936	0.01863	0.02941	0.14563	0.58841	0.13912	0.00424	0.00507	0.00664	0.00286	0.00304
4	0.01274	0.48540	0.12388	0.00919	0.01300	0.16043	0.00894	0.09326	0.03356	0.01291	0.00728	0.00815	0.00607	0.00419	0.00342	0.00109	0.00552	0.00280	0.00228	0.00590
5	0.00843	0.01029	0.14508	0.70023	0.02858	0.00989	0.01293	0.01173	0.00891	0.01173	0.00786	0.01138	0.00584	0.00438	0.00438	0.00146	0.00599	0.00382	0.00195	0.00517
6	0.00934	0.00899	0.01559	0.51200	0.29752	0.01012	0.05890	0.01222	0.00934	0.01252	0.00807	0.01150	0.00631	0.00421	0.00445	0.00142	0.00576	0.00400	0.00205	0.00568
7	0.03681	0.21699	0.11727	0.04417	0.01387	0.10873	0.11062	0.03876	0.02731	0.03379	0.00823	0.02656	0.00697	0.00626	0.00632	0.14312	0.02353	0.00362	0.00231	0.02476
8	0.00929	0.03912	0.06402	0.01027	0.09774	0.02632	0.03650	0.02603	0.16199	0.06223	0.05243	0.17920	0.07895	0.03136	0.06303	0.00197	0.03189	0.01876	0.00352	0.00538
9	0.04389	0.13044	0.05142	0.03837	0.01017	0.05669	0.00628	0.05723	0.02785	0.09059	0.09914	0.06515	0.03473	0.17334	0.05615	0.00223	0.01930	0.00519	0.00320	0.02864
10	0.10565	0.21933	0.06937	0.00757	0.01011	0.02744	0.00687	0.03175	0.02259	0.07343	0.03080	0.08186	0.06598	0.03040	0.02940	0.01981	0.01461	0.13225	0.00314	0.01762

[dist]
# distance from previous block
# <min> <max>
0	19

[block]
# block no. 3 follows, 59 sequences, length 8
# corresponding to MSA columns:
# 285-292
name=unknown_D
#
# <colnr> <probs for GDERKNQSTAVLIFYWHMCP>
#	G	D	E	R	K	N	Q	S	T	A	V	L	I	F	Y	W	H	M	C	P
0	0.04945	0.36058	0.13595	0.00925	0.01330	0.01460	0.00906	0.32580	0.01363	0.01822	0.00817	0.00881	0.00635	0.00446	0.00366	0.00118	0.00499	0.00313	0.00292	0.00649
1	0.01155	0.34591	0.12424	0.22449	0.01784	0.01374	0.01012	0.17658	0.01143	0.01472	0.00775	0.00934	0.00610	0.00432	0.00376	0.00122	0.00529	0.00322	0.00243	0.00597
2	0.01070	0.53723	0.32363	0.00945	0.01426	0.01476	0.01085	0.01351	0.00911	0.01174	0.00681	0.00793	0.00564	0.00394	0.00335	0.00112	0.00540	0.00270	0.00188	0.00599
3	0.01112	0.62833	0.01949	0.00729	0.01111	0.01445	0.00695	0.01268	0.00902	0.01144	0.00659	0.00763	0.00590	0.00365	0.00295	0.00087	0.00434	0.00243	0.00208	0.23170
4	0.04938	0.55677	0.01938	0.22337	0.01629	0.04884	0.00870	0.01289	0.00902	0.01106	0.00662	0.00835	0.00569	0.00399	0.00329	0.00111	0.00510	0.00279	0.00196	0.00541
5	0.00615	0.00417	0.00490	0.00516	0.00523	0.00410	0.00305	0.00635	0.00695	0.00927	0.01664	0.24108	0.01949	0.62792	0.01808	0.00363	0.00383	0.00802	0.00305	0.00291
6	0.00633	0.00437	0.00543	0.00549	0.00571	0.00457	0.00350	0.00679	0.00671	0.00916	0.01396	0.07168	0.01549	0.58616	0.23157	0.00488	0.00615	0.00633	0.00268	0.00306
7	0.01391	0.52086	0.05922	0.00878	0.04206	0.04786	0.00798	0.01563	0.01014	0.22211	0.00928	0.00945	0.00709	0.00428	0.00343	0.00110	0.00472	0.00303	0.00285	0.00622

[dist]
# distance from previous block
# <min> <max>
0	19

# created by:
# /st0/software/busco_prod/Augustus/scripts/msa2prfl.pl ./align_prep/42234.fa
