[name]
unknown

[dist]
# distance from previous block
# <min> <max>
0	146

[block]
# block no. 0 follows, 70 sequences, length 8
# corresponding to MSA columns:
# 160-167
name=unknown_A
#
# <colnr> <probs for GDERKNQSTAVLIFYWHMCP>
#	G	D	E	R	K	N	Q	S	T	A	V	L	I	F	Y	W	H	M	C	P
0	0.00529	0.00377	0.00495	0.00569	0.00612	0.00362	0.00417	0.00621	0.00766	0.01008	0.02049	0.47208	0.05356	0.13273	0.00716	0.00194	0.00284	0.24506	0.00341	0.00316
1	0.00804	0.00689	0.00804	0.00574	0.00919	0.00517	0.00459	0.00976	0.00804	0.01263	0.00689	0.00804	0.00574	0.00287	0.00287	0.00057	0.00287	0.00230	0.00230	0.88745
2	0.00920	0.00719	0.00839	0.00607	0.00946	0.00575	0.00489	0.07603	0.00906	0.06874	0.00764	0.00848	0.00607	0.00314	0.00302	0.00066	0.00301	0.00250	0.00259	0.75808
3	0.00732	0.00689	0.01163	0.85444	0.02670	0.00861	0.01077	0.00991	0.00775	0.00991	0.00689	0.01034	0.00517	0.00388	0.00388	0.00129	0.00517	0.00345	0.00172	0.00431
4	0.00821	0.00698	0.00847	0.00697	0.06276	0.00558	0.00510	0.04077	0.00869	0.01329	0.06626	0.00968	0.00800	0.00334	0.00309	0.00068	0.00296	0.00275	0.00247	0.73393
5	0.00907	0.00834	0.01315	0.08800	0.49427	0.00868	0.03404	0.03890	0.13537	0.01343	0.06308	0.03842	0.00988	0.00452	0.00400	0.00123	0.00419	0.02324	0.00252	0.00566
6	0.00562	0.00387	0.00473	0.00472	0.00523	0.00375	0.00325	0.00565	0.00695	0.00892	0.05687	0.09419	0.29363	0.18854	0.01110	0.25478	0.03651	0.00627	0.00275	0.00267
7	0.03171	0.10521	0.00984	0.02698	0.02293	0.06363	0.01872	0.09567	0.21721	0.07900	0.02580	0.15412	0.01183	0.03364	0.00434	0.00128	0.00357	0.01735	0.00323	0.07395

[dist]
# distance from previous block
# <min> <max>
0	3

[block]
# block no. 1 follows, 70 sequences, length 12
# corresponding to MSA columns:
# 171-182
name=unknown_B
#
# <colnr> <probs for GDERKNQSTAVLIFYWHMCP>
#	G	D	E	R	K	N	Q	S	T	A	V	L	I	F	Y	W	H	M	C	P
0	0.00778	0.02005	0.84367	0.01105	0.01678	0.00900	0.01432	0.01228	0.00818	0.01228	0.00696	0.00818	0.00491	0.00368	0.00368	0.00123	0.00573	0.00286	0.00164	0.00573
1	0.02546	0.14539	0.14279	0.02123	0.05099	0.15772	0.03105	0.08104	0.09640	0.08299	0.00985	0.05662	0.02216	0.00456	0.00358	0.00111	0.00457	0.00358	0.01888	0.04004
2	0.00864	0.18933	0.52932	0.01018	0.01491	0.01021	0.08095	0.04666	0.00871	0.01231	0.03018	0.00875	0.00608	0.00375	0.00353	0.00114	0.00522	0.00301	0.02166	0.00547
3	0.00514	0.00378	0.00404	0.00417	0.00516	0.00335	0.00302	0.00620	0.00845	0.01115	0.06890	0.16261	0.49484	0.04875	0.00503	0.00139	0.00206	0.00769	0.15098	0.00329
4	0.00854	0.06840	0.44085	0.09305	0.08431	0.00924	0.05051	0.03477	0.08953	0.02771	0.05021	0.01029	0.00751	0.00406	0.00376	0.00121	0.00498	0.00340	0.00216	0.00553
5	0.00778	0.02005	0.84367	0.01105	0.01678	0.00900	0.01432	0.01228	0.00818	0.01228	0.00696	0.00818	0.00491	0.00368	0.00368	0.00123	0.00573	0.00286	0.00164	0.00573
6	0.01042	0.00887	0.04317	0.01646	0.46884	0.00857	0.00943	0.12913	0.04696	0.08958	0.11884	0.01261	0.01076	0.00443	0.00395	0.00118	0.00404	0.00399	0.00285	0.00590
7	0.00564	0.00376	0.00423	0.00423	0.00423	0.00376	0.00235	0.00564	0.00564	0.00752	0.01222	0.02537	0.01409	0.86375	0.01973	0.00376	0.00376	0.00564	0.00235	0.00235
8	0.00480	0.00367	0.00444	0.00501	0.00569	0.00331	0.00359	0.00569	0.00807	0.01026	0.02783	0.48926	0.32201	0.01117	0.00485	0.00150	0.00226	0.07975	0.00360	0.00323
9	0.00867	0.00840	0.01309	0.08038	0.34698	0.01014	0.00983	0.01027	0.00726	0.01071	0.00643	0.00947	0.00579	0.00650	0.05676	0.00171	0.39737	0.00347	0.00181	0.00497
10	0.89114	0.00750	0.00570	0.00510	0.00750	0.00870	0.00420	0.01140	0.00660	0.01739	0.00540	0.00630	0.00420	0.00360	0.00240	0.00120	0.00300	0.00210	0.00240	0.00420
11	0.82375	0.00776	0.00615	0.00539	0.00785	0.00895	0.00444	0.07408	0.00749	0.01794	0.00570	0.00653	0.00438	0.00368	0.00251	0.00120	0.00310	0.00221	0.00251	0.00438

[dist]
# distance from previous block
# <min> <max>
0	1

[block]
# block no. 2 follows, 70 sequences, length 51
# corresponding to MSA columns:
# 184-196,209-231,234-248
name=unknown_C
#
# <colnr> <probs for GDERKNQSTAVLIFYWHMCP>
#	G	D	E	R	K	N	Q	S	T	A	V	L	I	F	Y	W	H	M	C	P
0	0.89114	0.00750	0.00570	0.00510	0.00750	0.00870	0.00420	0.01140	0.00660	0.01739	0.00540	0.00630	0.00420	0.00360	0.00240	0.00120	0.00300	0.00210	0.00240	0.00420
1	0.01001	0.00834	0.00994	0.00973	0.16799	0.07410	0.00641	0.03310	0.00902	0.09990	0.00784	0.00883	0.00619	0.00332	0.00324	0.00080	0.00362	0.00273	0.00251	0.53238
2	0.89114	0.00750	0.00570	0.00510	0.00750	0.00870	0.00420	0.01140	0.00660	0.01739	0.00540	0.00630	0.00420	0.00360	0.00240	0.00120	0.00300	0.00210	0.00240	0.00420
3	0.89114	0.00750	0.00570	0.00510	0.00750	0.00870	0.00420	0.01140	0.00660	0.01739	0.00540	0.00630	0.00420	0.00360	0.00240	0.00120	0.00300	0.00210	0.00240	0.00420
4	0.00915	0.01046	0.02288	0.01634	0.02026	0.00980	0.82549	0.01242	0.00915	0.01242	0.00784	0.01046	0.00588	0.00327	0.00458	0.00131	0.00654	0.00458	0.00196	0.00523
5	0.01021	0.00863	0.01437	0.02097	0.71003	0.00854	0.01076	0.01240	0.00901	0.09297	0.00838	0.01023	0.00670	0.00365	0.00378	0.00114	0.00431	0.00351	0.05439	0.00604
6	0.00459	0.00389	0.00397	0.00403	0.00526	0.00326	0.00299	0.00555	0.00874	0.01043	0.03802	0.09505	0.78107	0.00998	0.00461	0.00133	0.00198	0.00838	0.00360	0.00326
7	0.01448	0.01848	0.01099	0.00999	0.01199	0.84819	0.00749	0.01548	0.01099	0.00949	0.00599	0.00699	0.00499	0.00400	0.00350	0.00100	0.00699	0.00250	0.00200	0.00449
8	0.00924	0.00885	0.01510	0.15317	0.71297	0.00912	0.01172	0.01159	0.00866	0.01224	0.00723	0.00971	0.00599	0.00352	0.00384	0.00117	0.00469	0.00345	0.00189	0.00586
9	0.00925	0.00702	0.00761	0.05668	0.00952	0.00794	0.00547	0.09410	0.44961	0.01609	0.01366	0.01372	0.01035	0.00489	0.00355	0.00117	0.00292	0.00400	0.27716	0.00529
10	0.01479	0.01665	0.01085	0.00959	0.01179	0.69193	0.00731	0.08839	0.01164	0.09133	0.00719	0.00780	0.00558	0.00413	0.00357	0.00103	0.00639	0.00272	0.00244	0.00489
11	0.01444	0.01071	0.01147	0.00886	0.01191	0.01188	0.00730	0.77902	0.06634	0.02395	0.00969	0.00961	0.00690	0.00469	0.00388	0.00117	0.00420	0.00354	0.00388	0.00657
12	0.00930	0.00891	0.01521	0.13108	0.73458	0.00913	0.01175	0.01164	0.00869	0.01231	0.00724	0.00969	0.00602	0.00351	0.00384	0.00117	0.00468	0.00345	0.00189	0.00590
13	0.00559	0.00394	0.00509	0.00480	0.00572	0.00366	0.00360	0.00742	0.01081	0.01548	0.78879	0.02810	0.03501	0.00772	0.00446	0.00120	0.00183	0.00681	0.05632	0.00366
14	0.00911	0.01071	0.04413	0.01620	0.02017	0.00978	0.80449	0.01241	0.00913	0.01241	0.00782	0.01040	0.00586	0.00328	0.00455	0.00131	0.00652	0.00453	0.00195	0.00524
15	0.00471	0.00344	0.00443	0.00521	0.00557	0.00316	0.00352	0.00542	0.00760	0.00997	0.02365	0.75601	0.12937	0.01185	0.00490	0.00154	0.00221	0.01066	0.00360	0.00316
16	0.00912	0.00842	0.01246	0.19448	0.34464	0.00926	0.02718	0.01468	0.31076	0.01338	0.01033	0.01156	0.00802	0.00420	0.00390	0.00124	0.00420	0.00382	0.00262	0.00573
17	0.00840	0.00836	0.01171	0.01007	0.01009	0.01168	0.00838	0.00926	0.00595	0.00932	0.00524	0.00867	0.00522	0.00742	0.03635	0.00182	0.83273	0.00341	0.00171	0.00422
18	0.01661	0.00483	0.02914	0.00628	0.07472	0.00409	0.00436	0.00678	0.00883	0.02278	0.12293	0.17238	0.46844	0.00918	0.00454	0.00134	0.00240	0.03320	0.00348	0.00367
19	0.00819	0.00724	0.03373	0.00593	0.00939	0.00527	0.00490	0.00998	0.00810	0.03092	0.00727	0.01957	0.00607	0.00306	0.00295	0.00062	0.00296	0.00247	0.00235	0.82903
20	0.01066	0.00880	0.00934	0.00808	0.01044	0.01007	0.00638	0.19412	0.64163	0.01785	0.01428	0.01337	0.01066	0.00557	0.01964	0.00137	0.00346	0.00419	0.00390	0.00618
21	0.87329	0.00772	0.00581	0.00520	0.00759	0.02579	0.00427	0.01148	0.00669	0.01723	0.00541	0.00631	0.00421	0.00361	0.00242	0.00120	0.00308	0.00211	0.00239	0.00420
22	0.00482	0.00393	0.00435	0.00466	0.01610	0.00344	0.00332	0.00588	0.01792	0.01055	0.05632	0.22106	0.57938	0.02665	0.00496	0.00142	0.00214	0.02620	0.00358	0.00331
23	0.00560	0.00408	0.00523	0.00490	0.00587	0.00379	0.00369	0.02179	0.01099	0.01543	0.77955	0.02906	0.07946	0.00797	0.00456	0.00122	0.00188	0.00701	0.00422	0.00369
24	0.00537	0.00395	0.00503	0.00478	0.00573	0.00361	0.00358	0.00708	0.01067	0.01487	0.73268	0.04386	0.12792	0.00821	0.00458	0.00124	0.00185	0.00721	0.00418	0.00361
25	0.01033	0.06831	0.20638	0.00917	0.03346	0.04508	0.00847	0.17296	0.34999	0.01602	0.03300	0.01140	0.00897	0.00462	0.00377	0.00121	0.00417	0.00367	0.00311	0.00592
26	0.01049	0.00745	0.00692	0.00596	0.00768	0.09869	0.00468	0.24987	0.01148	0.03863	0.01101	0.01209	0.00841	0.00451	0.00317	0.00100	0.00314	0.00346	0.50672	0.00466
27	0.00915	0.01046	0.02288	0.01634	0.02026	0.00980	0.82549	0.01242	0.00915	0.01242	0.00784	0.01046	0.00588	0.00327	0.00458	0.00131	0.00654	0.00458	0.00196	0.00523
28	0.01015	0.01045	0.27524	0.00896	0.06015	0.00672	0.02523	0.01248	0.00852	0.25519	0.01114	0.01337	0.02467	0.11386	0.11032	0.00214	0.01634	0.00384	0.00279	0.02845
29	0.01086	0.00893	0.00945	0.00814	0.01055	0.01021	0.00643	0.21331	0.63787	0.01818	0.01423	0.01323	0.01058	0.00511	0.00393	0.00128	0.00335	0.00417	0.00393	0.00625
30	0.00732	0.00689	0.01163	0.85444	0.02670	0.00861	0.01077	0.00991	0.00775	0.00991	0.00689	0.01034	0.00517	0.00388	0.00388	0.00129	0.00517	0.00345	0.00172	0.00431
31	0.01474	0.01086	0.01163	0.00892	0.01202	0.01202	0.00737	0.82664	0.01823	0.02443	0.00931	0.00931	0.00659	0.00465	0.00388	0.00116	0.00427	0.00349	0.00388	0.00659
32	0.00773	0.00776	0.01454	0.54762	0.03593	0.00865	0.24759	0.01040	0.00816	0.01068	0.00803	0.06063	0.00660	0.00418	0.00414	0.00131	0.00539	0.00422	0.00191	0.00453
33	0.00878	0.21956	0.49307	0.01090	0.09398	0.01038	0.01149	0.02213	0.01953	0.02723	0.00733	0.03398	0.00588	0.00393	0.00359	0.00114	0.01669	0.00304	0.00185	0.00552
34	0.00937	0.10272	0.06943	0.05203	0.03818	0.03941	0.56893	0.02881	0.00907	0.01203	0.00755	0.01882	0.00589	0.00353	0.00431	0.00124	0.01746	0.00409	0.00195	0.00518
35	0.01448	0.01848	0.01099	0.00999	0.01199	0.84819	0.00749	0.01548	0.01099	0.00949	0.00599	0.00699	0.00499	0.00400	0.00350	0.00100	0.00699	0.00250	0.00200	0.00449
36	0.00732	0.00689	0.01163	0.85444	0.02670	0.00861	0.01077	0.00991	0.00775	0.00991	0.00689	0.01034	0.00517	0.00388	0.00388	0.00129	0.00517	0.00345	0.00172	0.00431
37	0.00981	0.02519	0.01565	0.03474	0.71962	0.00930	0.04320	0.01205	0.00879	0.04313	0.00749	0.00967	0.00618	0.00362	0.00416	0.00117	0.03471	0.00349	0.00201	0.00601
38	0.00616	0.02289	0.03313	0.07141	0.19865	0.00542	0.00608	0.00764	0.00852	0.01088	0.02548	0.13934	0.43391	0.00792	0.00434	0.00130	0.00300	0.00685	0.00298	0.00410
39	0.03397	0.00661	0.00893	0.00686	0.00985	0.00575	0.00567	0.01875	0.01101	0.82661	0.01511	0.01306	0.00949	0.00478	0.00387	0.00120	0.00329	0.00386	0.00475	0.00655
40	0.00732	0.00689	0.01163	0.85444	0.02670	0.00861	0.01077	0.00991	0.00775	0.00991	0.00689	0.01034	0.00517	0.00388	0.00388	0.00129	0.00517	0.00345	0.00172	0.00431
41	0.00788	0.04044	0.62445	0.03715	0.03451	0.00893	0.11468	0.01182	0.00830	0.01203	0.00824	0.03374	0.02196	0.00407	0.00385	0.00125	0.00555	0.01389	0.00181	0.00546
42	0.00687	0.00656	0.02540	0.02957	0.36579	0.00605	0.00721	0.00851	0.00875	0.01142	0.02355	0.05467	0.41658	0.00692	0.00424	0.00125	0.00325	0.00605	0.00280	0.00457
43	0.00491	0.00352	0.00470	0.00558	0.00591	0.00331	0.00391	0.00573	0.00765	0.01012	0.02173	0.73821	0.04662	0.01191	0.00499	0.00159	0.00241	0.11040	0.00360	0.00320
44	0.01674	0.00647	0.00884	0.00688	0.00976	0.00564	0.00569	0.01824	0.01089	0.79484	0.01528	0.01407	0.00994	0.00569	0.02960	0.00137	0.00352	0.02544	0.00468	0.00642
45	0.00736	0.08369	0.11582	0.03103	0.00919	0.00614	0.02554	0.03353	0.00819	0.07761	0.01534	0.40958	0.01652	0.03261	0.04358	0.00169	0.02221	0.05319	0.00304	0.00415
46	0.01012	0.01157	0.17547	0.08722	0.52175	0.00940	0.05943	0.01267	0.00921	0.05068	0.00833	0.01060	0.00666	0.00408	0.00418	0.00132	0.00516	0.00367	0.00224	0.00625
47	0.00474	0.00360	0.00437	0.00489	0.00551	0.00323	0.00340	0.00561	0.00817	0.01056	0.09623	0.52815	0.28544	0.01105	0.00480	0.00146	0.00212	0.00978	0.00366	0.00323
48	0.01091	0.12900	0.41440	0.00989	0.01435	0.00910	0.09705	0.02386	0.00914	0.23217	0.00908	0.00950	0.00629	0.00390	0.00368	0.00117	0.00494	0.00322	0.00254	0.00582
49	0.00931	0.14829	0.18085	0.11722	0.05198	0.01926	0.10452	0.03322	0.00886	0.10870	0.04119	0.07280	0.04257	0.00533	0.02031	0.00130	0.02262	0.00417	0.00247	0.00506
50	0.00634	0.00433	0.00591	0.01764	0.00689	0.00436	0.01334	0.01759	0.00747	0.03949	0.01742	0.26607	0.09909	0.04961	0.06675	0.16427	0.04115	0.14703	0.00297	0.02227

[dist]
# distance from previous block
# <min> <max>
4	31

[block]
# block no. 3 follows, 70 sequences, length 25
# corresponding to MSA columns:
# 280-304
name=unknown_D
#
# <colnr> <probs for GDERKNQSTAVLIFYWHMCP>
#	G	D	E	R	K	N	Q	S	T	A	V	L	I	F	Y	W	H	M	C	P
0	0.01217	0.09484	0.14558	0.01812	0.01175	0.08514	0.00781	0.37892	0.01311	0.06484	0.01714	0.02005	0.01758	0.00445	0.00359	0.00111	0.00439	0.00336	0.07550	0.02057
1	0.00732	0.00689	0.01163	0.85444	0.02670	0.00861	0.01077	0.00991	0.00775	0.00991	0.00689	0.01034	0.00517	0.00388	0.00388	0.00129	0.00517	0.00345	0.00172	0.00431
2	0.01004	0.06359	0.17829	0.06132	0.13194	0.11216	0.08112	0.03805	0.12132	0.07205	0.02075	0.03280	0.03967	0.00451	0.00395	0.00120	0.01551	0.00381	0.00252	0.00540
3	0.05184	0.07810	0.05229	0.03934	0.03979	0.03900	0.03780	0.03875	0.06394	0.24534	0.04921	0.16122	0.07467	0.00620	0.00397	0.00125	0.00353	0.00526	0.00342	0.00507
4	0.01087	0.00564	0.00777	0.00668	0.02580	0.00504	0.04321	0.02627	0.01040	0.37020	0.18503	0.03238	0.19377	0.00683	0.00431	0.00127	0.00292	0.05246	0.00414	0.00501
5	0.00535	0.00408	0.00557	0.00661	0.07076	0.00382	0.00429	0.00653	0.00867	0.01174	0.24062	0.46399	0.10454	0.01006	0.00474	0.00143	0.00234	0.03766	0.00365	0.00355
6	0.07594	0.00805	0.07190	0.06230	0.07862	0.05657	0.08339	0.01000	0.03346	0.04371	0.06409	0.09656	0.17219	0.00708	0.02539	0.00144	0.06628	0.03586	0.00277	0.00440
7	0.00964	0.04152	0.34345	0.01204	0.09161	0.02913	0.17397	0.01326	0.05873	0.12012	0.00961	0.06280	0.00754	0.00434	0.00395	0.00124	0.00507	0.00396	0.00241	0.00559
8	0.00690	0.00536	0.00873	0.28748	0.06281	0.00596	0.04486	0.00763	0.00671	0.00892	0.00893	0.09908	0.00876	0.07999	0.04006	0.28939	0.01872	0.00445	0.00199	0.00329
9	0.02269	0.01048	0.15632	0.03676	0.41017	0.02555	0.04069	0.01215	0.00875	0.10211	0.03115	0.04998	0.00789	0.00441	0.00450	0.00124	0.06336	0.00385	0.00231	0.00564
10	0.00902	0.00877	0.01587	0.18762	0.21876	0.00905	0.29170	0.04875	0.05317	0.02570	0.03873	0.01220	0.01801	0.00413	0.00435	0.00127	0.02165	0.02372	0.00228	0.00525
11	0.00947	0.01012	0.05375	0.01541	0.22627	0.07221	0.33310	0.04345	0.02151	0.02868	0.02491	0.04428	0.00894	0.00465	0.00431	0.00129	0.00530	0.08474	0.00236	0.00525
12	0.11408	0.00803	0.01127	0.04645	0.25159	0.03641	0.08708	0.10850	0.02929	0.01467	0.14766	0.09025	0.02769	0.00532	0.00397	0.00123	0.00391	0.00476	0.00283	0.00501
13	0.01082	0.00880	0.01403	0.03610	0.63732	0.02978	0.01044	0.01292	0.00924	0.15110	0.00961	0.01103	0.03334	0.00390	0.00386	0.00116	0.00437	0.00366	0.00245	0.00605
14	0.00985	0.03668	0.08709	0.24091	0.17702	0.00882	0.14265	0.04489	0.00904	0.12830	0.00883	0.04160	0.00687	0.00423	0.00429	0.00125	0.03610	0.00388	0.00238	0.00533
15	0.02461	0.01013	0.01183	0.12303	0.11102	0.10538	0.04623	0.34978	0.03290	0.08814	0.00953	0.05294	0.00745	0.00466	0.00390	0.00120	0.00461	0.00384	0.00310	0.00571
16	0.01071	0.00870	0.01469	0.12189	0.49708	0.00875	0.08905	0.04431	0.00945	0.14435	0.00864	0.01033	0.00656	0.00375	0.00392	0.00119	0.00464	0.00363	0.00243	0.00592
17	0.01863	0.02568	0.18271	0.11835	0.16849	0.02947	0.08039	0.07170	0.04314	0.09588	0.00987	0.08572	0.00827	0.00506	0.01341	0.00131	0.01806	0.01594	0.00253	0.00538
18	0.00938	0.00885	0.05616	0.28966	0.43822	0.00874	0.04094	0.01186	0.00864	0.07890	0.00781	0.01009	0.00603	0.00370	0.00387	0.00121	0.00481	0.00350	0.00208	0.00553
19	0.04694	0.00944	0.01475	0.08672	0.69854	0.05253	0.01126	0.01191	0.00876	0.01249	0.00711	0.00938	0.00592	0.00352	0.00376	0.00116	0.00470	0.00335	0.00193	0.00583
20	0.06694	0.00924	0.01055	0.00915	0.06952	0.00992	0.00695	0.42156	0.14541	0.19358	0.01122	0.01079	0.00788	0.00463	0.00380	0.00120	0.00382	0.00363	0.00385	0.00634
21	0.00947	0.03688	0.05408	0.21549	0.25441	0.10504	0.00919	0.02809	0.04080	0.06035	0.05286	0.02672	0.05944	0.00465	0.00409	0.00120	0.02581	0.00393	0.00239	0.00509
22	0.03074	0.05421	0.06817	0.26562	0.27803	0.02437	0.04105	0.02933	0.00886	0.12053	0.00857	0.03869	0.00675	0.00409	0.00380	0.00121	0.00465	0.00365	0.00232	0.00536
23	0.00967	0.00910	0.01519	0.09230	0.72977	0.00930	0.01157	0.05310	0.00922	0.01303	0.00736	0.00964	0.00608	0.00355	0.00384	0.00116	0.00464	0.00346	0.00200	0.00601
24	0.00695	0.04626	0.00981	0.05122	0.02033	0.00787	0.05106	0.00835	0.00649	0.00938	0.00828	0.01229	0.00767	0.01847	0.46969	0.00409	0.25213	0.00382	0.00192	0.00393

[dist]
# distance from previous block
# <min> <max>
0	4

[block]
# block no. 4 follows, 70 sequences, length 8
# corresponding to MSA columns:
# 309-316
name=unknown_E
#
# <colnr> <probs for GDERKNQSTAVLIFYWHMCP>
#	G	D	E	R	K	N	Q	S	T	A	V	L	I	F	Y	W	H	M	C	P
0	0.00899	0.05654	0.39032	0.06924	0.06772	0.00879	0.05068	0.07105	0.05741	0.06603	0.00981	0.04682	0.02406	0.00538	0.03336	0.00141	0.00506	0.01954	0.00235	0.00546
1	0.03176	0.05076	0.36394	0.05618	0.06545	0.06151	0.03196	0.05002	0.08496	0.08086	0.03681	0.04050	0.01948	0.00447	0.00377	0.00121	0.00478	0.00365	0.00247	0.00547
2	0.00971	0.04870	0.06244	0.30862	0.21272	0.05783	0.04589	0.07098	0.00944	0.07530	0.03745	0.01103	0.02482	0.00412	0.00384	0.00120	0.00480	0.00361	0.00231	0.00520
3	0.00892	0.10058	0.23200	0.09597	0.12778	0.03058	0.08701	0.03200	0.00871	0.06441	0.01057	0.08197	0.05226	0.00494	0.00417	0.00124	0.03250	0.01696	0.00229	0.00513
4	0.04858	0.09242	0.18971	0.03331	0.07690	0.02601	0.08967	0.05736	0.04679	0.05632	0.02398	0.14369	0.02612	0.00562	0.00435	0.00128	0.04499	0.02530	0.00257	0.00501
5	0.06973	0.07348	0.20211	0.06169	0.16119	0.04469	0.05866	0.01226	0.04744	0.07323	0.00895	0.03777	0.01782	0.01755	0.00433	0.00124	0.04380	0.01747	0.00229	0.04433
6	0.05144	0.01074	0.19467	0.09144	0.26923	0.00853	0.07048	0.03921	0.00877	0.08248	0.00863	0.06193	0.00712	0.00435	0.00423	0.00123	0.04237	0.00380	0.00228	0.03708
7	0.02557	0.04321	0.14800	0.10535	0.05006	0.05695	0.06956	0.05709	0.04722	0.11753	0.03074	0.15083	0.03799	0.00588	0.00407	0.00129	0.00427	0.03656	0.00287	0.00497

[dist]
# distance from previous block
# <min> <max>
1	174

# created by:
# /st0/software/busco_prod/Augustus/scripts/msa2prfl.pl ./align_prep/42337.fa
