[name]
unknown

[dist]
# distance from previous block
# <min> <max>
0	38

[block]
# block no. 0 follows, 59 sequences, length 49
# corresponding to MSA columns:
# 46-94
name=unknown_A
#
# <colnr> <probs for GDERKNQSTAVLIFYWHMCP>
#	G	D	E	R	K	N	Q	S	T	A	V	L	I	F	Y	W	H	M	C	P
0	0.00712	0.00508	0.00712	0.00813	0.00915	0.00508	0.00712	0.00915	0.01017	0.01322	0.02338	0.04982	0.02542	0.01220	0.00610	0.00203	0.00407	0.78750	0.00407	0.00407
1	0.01679	0.01237	0.01325	0.01016	0.01370	0.01370	0.00839	0.80251	0.02077	0.02783	0.01060	0.01060	0.00751	0.00530	0.00442	0.00133	0.00486	0.00398	0.00442	0.00751
2	0.00922	0.00839	0.01216	0.55974	0.02412	0.01020	0.01051	0.01534	0.27503	0.01368	0.01122	0.01334	0.00841	0.00494	0.00444	0.00148	0.00509	0.00428	0.00280	0.00560
3	0.04552	0.00749	0.00996	0.00777	0.01104	0.00663	0.00638	0.02082	0.03535	0.74620	0.01732	0.04165	0.01141	0.00571	0.00443	0.00138	0.00370	0.00466	0.00531	0.00729
4	0.01699	0.01205	0.01306	0.01001	0.01354	0.01322	0.00827	0.75109	0.02023	0.08000	0.01105	0.01090	0.00774	0.00531	0.00442	0.00133	0.00479	0.00401	0.00449	0.00751
5	0.01091	0.01056	0.01830	0.02672	0.78111	0.01052	0.04938	0.01358	0.01007	0.01442	0.00834	0.01098	0.00698	0.00393	0.00441	0.00132	0.00535	0.00399	0.00219	0.00695
6	0.00588	0.00454	0.00495	0.00488	0.00628	0.00388	0.00365	0.00716	0.01046	0.03913	0.17501	0.09259	0.60445	0.01080	0.00522	0.00149	0.00228	0.00915	0.00428	0.00392
7	0.01085	0.00934	0.00987	0.00889	0.01134	0.01079	0.00691	0.02303	0.78625	0.01845	0.04098	0.01695	0.01430	0.00608	0.00451	0.00149	0.00345	0.00508	0.00450	0.00691
8	0.00588	0.00405	0.00498	0.00551	0.00565	0.00392	0.00342	0.00628	0.00748	0.00998	0.01936	0.45334	0.02292	0.41097	0.01369	0.00298	0.00338	0.00962	0.00342	0.00315
9	0.48751	0.00810	0.00813	0.02139	0.01000	0.00855	0.00560	0.01644	0.04082	0.32015	0.01104	0.01101	0.00768	0.02163	0.00387	0.00143	0.00361	0.00337	0.00381	0.00586
10	0.00903	0.00554	0.00677	0.00653	0.00778	0.00543	0.00475	0.07038	0.06538	0.12848	0.09915	0.37094	0.04902	0.09022	0.00671	0.00182	0.00305	0.00858	0.05575	0.00468
11	0.01578	0.01153	0.01239	0.00972	0.01302	0.01276	0.00796	0.64104	0.13103	0.05162	0.01199	0.01177	0.00859	0.00540	0.00438	0.00134	0.00454	0.00414	0.03368	0.00732
12	0.00882	0.00556	0.00582	0.00551	0.00698	0.00576	0.00420	0.04977	0.15155	0.03295	0.01923	0.07152	0.11016	0.00659	0.00385	0.00124	0.00253	0.00544	0.49775	0.00478
13	0.00890	0.00517	0.00665	0.00640	0.00768	0.00483	0.00470	0.02317	0.04591	0.17207	0.23720	0.34998	0.06171	0.03728	0.00575	0.00165	0.00279	0.00892	0.00455	0.00470
14	0.00787	0.00480	0.00584	0.00571	0.00638	0.00463	0.00378	0.03463	0.00868	0.09611	0.08739	0.23512	0.03810	0.42542	0.01380	0.00293	0.00357	0.00790	0.00361	0.00373
15	0.01553	0.00877	0.01028	0.00843	0.01141	0.00907	0.00679	0.12721	0.31673	0.37230	0.01658	0.01505	0.01146	0.00563	0.00440	0.00140	0.00373	0.00457	0.04351	0.00716
16	0.06101	0.00622	0.00763	0.00659	0.00870	0.00586	0.00518	0.01426	0.08633	0.29411	0.30079	0.05714	0.11261	0.00767	0.00475	0.00142	0.00291	0.00649	0.00480	0.00555
17	0.36021	0.00790	0.00811	0.00692	0.00963	0.00832	0.00561	0.02557	0.13097	0.26480	0.05123	0.01483	0.04581	0.00555	0.00384	0.00140	0.00343	0.02032	0.01967	0.00589
18	0.01301	0.00974	0.01057	0.00903	0.01181	0.01087	0.00718	0.18575	0.53447	0.10722	0.01686	0.01596	0.02447	0.00596	0.00451	0.00146	0.00380	0.01570	0.00457	0.00707
19	0.00778	0.00515	0.00616	0.00577	0.00685	0.00500	0.00413	0.00998	0.08260	0.08106	0.30013	0.03024	0.11562	0.28387	0.01079	0.00238	0.00315	0.03112	0.00405	0.00416
20	0.04911	0.00477	0.00569	0.00551	0.00677	0.00444	0.00417	0.00825	0.01091	0.04177	0.40710	0.08339	0.26228	0.01077	0.03930	0.01397	0.00276	0.03058	0.00434	0.00410
21	0.53752	0.00720	0.00644	0.00596	0.00788	0.00813	0.00461	0.01158	0.04487	0.02847	0.00914	0.01367	0.00836	0.14915	0.05942	0.06074	0.00415	0.02560	0.00281	0.00431
22	0.00598	0.00450	0.00553	0.00527	0.00643	0.00405	0.00395	0.00781	0.01186	0.01619	0.61222	0.03549	0.24530	0.00960	0.00521	0.00142	0.00212	0.00834	0.00466	0.00405
23	0.01057	0.01133	0.01295	0.01170	0.04536	0.19198	0.06091	0.01196	0.00849	0.01098	0.00761	0.01111	0.00699	0.01198	0.18317	0.00279	0.38919	0.00391	0.00213	0.00487
24	0.00686	0.02888	0.00762	0.00751	0.03713	0.00595	0.00551	0.03245	0.00820	0.01128	0.02635	0.09166	0.09010	0.08991	0.48204	0.00498	0.02116	0.03548	0.00284	0.00408
25	0.00789	0.00646	0.04062	0.00672	0.00824	0.00590	0.00535	0.14213	0.01238	0.01688	0.34986	0.20532	0.10080	0.03762	0.00574	0.00159	0.00300	0.03456	0.00433	0.00461
26	0.01132	0.01136	0.02382	0.01717	0.02130	0.01083	0.68004	0.01470	0.01045	0.09450	0.00962	0.01211	0.00708	0.00411	0.00562	0.00150	0.05083	0.00506	0.00254	0.00605
27	0.07153	0.09421	0.39326	0.06382	0.03137	0.02569	0.20188	0.01404	0.00958	0.04258	0.00820	0.00994	0.00604	0.00410	0.00423	0.00137	0.00623	0.00367	0.00216	0.00610
28	0.00971	0.00819	0.09183	0.00842	0.01055	0.00696	0.03349	0.10845	0.06171	0.10514	0.06135	0.23426	0.01926	0.03709	0.03354	0.00190	0.00423	0.15475	0.00396	0.00521
29	0.00898	0.05697	0.78885	0.01238	0.01879	0.01056	0.01596	0.01396	0.00931	0.01384	0.00785	0.00923	0.00560	0.00418	0.00414	0.00138	0.00645	0.00323	0.00187	0.00649
30	0.00901	0.00885	0.01467	0.67049	0.09729	0.03743	0.07635	0.01193	0.00919	0.01177	0.00794	0.01159	0.00604	0.00432	0.00446	0.00145	0.00603	0.00399	0.00201	0.00518
31	0.01066	0.32726	0.34749	0.01035	0.01501	0.02578	0.05756	0.03624	0.00966	0.04718	0.00845	0.03493	0.00693	0.00560	0.03786	0.00148	0.00586	0.00345	0.00222	0.00602
32	0.01587	0.01011	0.01101	0.00903	0.01199	0.11191	0.03381	0.07020	0.23473	0.38449	0.04832	0.01490	0.01188	0.00557	0.00445	0.00138	0.00434	0.00454	0.00459	0.00688
33	0.00562	0.00425	0.00596	0.00651	0.00704	0.00394	0.03701	0.00655	0.00871	0.01155	0.04409	0.71766	0.08334	0.02784	0.00588	0.00179	0.00276	0.01181	0.00402	0.00369
34	0.00970	0.00915	0.01483	0.31930	0.16703	0.01109	0.06242	0.01192	0.00860	0.03467	0.00787	0.01170	0.00661	0.00556	0.00787	0.00161	0.28442	0.01813	0.00215	0.00539
35	0.00967	0.01154	0.07590	0.01650	0.02054	0.01012	0.63415	0.01312	0.01007	0.01374	0.01065	0.08163	0.00916	0.00582	0.03282	0.00171	0.00703	0.02773	0.00242	0.00568
36	0.87598	0.00854	0.00649	0.00581	0.00854	0.00991	0.00478	0.01298	0.00752	0.01982	0.00615	0.00717	0.00478	0.00410	0.00273	0.00137	0.00342	0.00239	0.00273	0.00478
37	0.00916	0.00785	0.00916	0.00654	0.01047	0.00589	0.00523	0.01112	0.00916	0.01439	0.00785	0.00916	0.00654	0.00327	0.00327	0.00065	0.00327	0.00262	0.00262	0.87178
38	0.00544	0.00507	0.03114	0.00484	0.00645	0.00398	0.00385	0.00677	0.01027	0.01254	0.11613	0.04053	0.71623	0.01076	0.00519	0.00148	0.00236	0.00900	0.00410	0.00386
39	0.01085	0.01041	0.01778	0.05328	0.79171	0.01047	0.01351	0.01348	0.01002	0.01433	0.00829	0.01096	0.00696	0.00395	0.00437	0.00132	0.00527	0.00393	0.00218	0.00693
40	0.01181	0.84744	0.02314	0.00756	0.01134	0.01748	0.00756	0.01323	0.00897	0.01039	0.00614	0.00708	0.00567	0.00378	0.00283	0.00094	0.00472	0.00236	0.00189	0.00567
41	0.01892	0.00774	0.01105	0.03660	0.02996	0.00685	0.03335	0.02076	0.01238	0.74838	0.01662	0.01473	0.01053	0.00534	0.00446	0.00137	0.00399	0.00444	0.00517	0.00736
42	0.01223	0.01117	0.11649	0.02847	0.40179	0.00928	0.09736	0.01500	0.01053	0.19074	0.01193	0.02767	0.03742	0.00473	0.00451	0.00137	0.00517	0.00445	0.00297	0.00673
43	0.00834	0.00785	0.01325	0.83417	0.03042	0.00981	0.01227	0.01128	0.00883	0.01128	0.00785	0.01178	0.00589	0.00442	0.00442	0.00147	0.00589	0.00393	0.00196	0.00491
44	0.00669	0.00529	0.00774	0.00739	0.00864	0.00504	0.07247	0.00890	0.03767	0.01459	0.31155	0.20522	0.09597	0.01038	0.00548	0.00164	0.00315	0.18373	0.00422	0.00423
45	0.01534	0.03931	0.15108	0.02840	0.03797	0.00898	0.14969	0.06975	0.01195	0.42220	0.01303	0.01277	0.00866	0.00481	0.00448	0.00138	0.00507	0.00425	0.00393	0.00694
46	0.01196	0.06568	0.35423	0.09395	0.02913	0.00986	0.10434	0.04159	0.01053	0.20273	0.01059	0.02842	0.00758	0.00467	0.00435	0.00139	0.00566	0.00400	0.00290	0.00646
47	0.00995	0.00945	0.01607	0.28685	0.53711	0.01011	0.01288	0.01264	0.00957	0.01328	0.00827	0.01141	0.00677	0.00504	0.03110	0.00155	0.00567	0.00396	0.00212	0.00622
48	0.01090	0.01063	0.07417	0.20305	0.20553	0.06961	0.08651	0.01407	0.06260	0.09705	0.01089	0.05919	0.00907	0.05066	0.00562	0.00157	0.01562	0.00467	0.00275	0.00585

[dist]
# distance from previous block
# <min> <max>
0	27

[block]
# block no. 1 follows, 59 sequences, length 35
# corresponding to MSA columns:
# 122-152,154-157
name=unknown_B
#
# <colnr> <probs for GDERKNQSTAVLIFYWHMCP>
#	G	D	E	R	K	N	Q	S	T	A	V	L	I	F	Y	W	H	M	C	P
0	0.01091	0.01056	0.01830	0.02672	0.78076	0.01052	0.04973	0.01358	0.01007	0.01442	0.00834	0.01098	0.00698	0.00393	0.00441	0.00132	0.00535	0.00399	0.00219	0.00695
1	0.00918	0.00933	0.01786	0.26560	0.13393	0.00969	0.32204	0.01206	0.00957	0.01288	0.01058	0.11093	0.00954	0.00543	0.00513	0.00152	0.02500	0.02192	0.00240	0.00544
2	0.00817	0.02359	0.04001	0.03991	0.10661	0.00716	0.14607	0.01059	0.03735	0.03413	0.01848	0.27388	0.06480	0.00948	0.02243	0.00175	0.01285	0.13448	0.00334	0.00492
3	0.01156	0.00630	0.03217	0.02473	0.00896	0.00555	0.00535	0.01320	0.03239	0.31227	0.12639	0.09201	0.01857	0.24592	0.00985	0.00227	0.00371	0.03950	0.00420	0.00510
4	0.01619	0.02054	0.01254	0.04297	0.01430	0.79568	0.00868	0.01739	0.01237	0.01083	0.00687	0.00811	0.00570	0.00455	0.00400	0.00115	0.00788	0.00289	0.00226	0.00511
5	0.01018	0.08316	0.24202	0.07737	0.13660	0.00951	0.11615	0.01322	0.00985	0.09701	0.02704	0.10480	0.02619	0.00567	0.00452	0.00142	0.00531	0.02128	0.00274	0.00595
6	0.01132	0.01101	0.09599	0.04934	0.08710	0.08026	0.09343	0.13584	0.06269	0.08341	0.03245	0.18082	0.01346	0.00691	0.00477	0.00148	0.00492	0.03551	0.00344	0.00584
7	0.00943	0.18168	0.66804	0.01162	0.01762	0.01165	0.01463	0.01384	0.00926	0.01329	0.00758	0.00889	0.00561	0.00412	0.00393	0.00131	0.00618	0.00309	0.00187	0.00636
8	0.00903	0.00866	0.01202	0.01046	0.01053	0.01183	0.00854	0.00993	0.00675	0.01036	0.00720	0.01247	0.00739	0.10528	0.08016	0.00261	0.67599	0.00423	0.00205	0.00451
9	0.00931	0.03369	0.48349	0.10916	0.10042	0.01017	0.11652	0.01345	0.00950	0.02651	0.00885	0.04312	0.00694	0.00453	0.00441	0.00142	0.00621	0.00403	0.00210	0.00620
10	0.00803	0.01104	0.24432	0.01099	0.06102	0.00736	0.09513	0.01077	0.00932	0.03275	0.05337	0.20946	0.01609	0.02631	0.08013	0.00215	0.01847	0.09518	0.00299	0.00511
11	0.01042	0.01191	0.02606	0.01862	0.02308	0.01117	0.80119	0.01415	0.01042	0.01415	0.00894	0.01191	0.00670	0.00372	0.00521	0.00149	0.00745	0.00521	0.00223	0.00596
12	0.00923	0.00963	0.05028	0.01563	0.20577	0.03165	0.25759	0.01206	0.03385	0.02363	0.01562	0.16394	0.07169	0.00696	0.00505	0.00153	0.00520	0.07223	0.00294	0.00551
13	0.00952	0.04091	0.51447	0.01451	0.14088	0.00991	0.07601	0.01360	0.00962	0.04143	0.00973	0.05241	0.00799	0.00493	0.00442	0.00142	0.00597	0.03367	0.00226	0.00633
14	0.00545	0.00392	0.00518	0.00617	0.00651	0.00366	0.00420	0.00629	0.00859	0.01138	0.02512	0.77586	0.06062	0.01366	0.00564	0.00179	0.00261	0.04563	0.00410	0.00361
15	0.00915	0.00870	0.01485	0.51459	0.24443	0.00993	0.05285	0.01226	0.03147	0.01245	0.00847	0.01191	0.00665	0.00544	0.03749	0.00166	0.00596	0.00406	0.00212	0.00555
16	0.01116	0.01252	0.17587	0.10994	0.35908	0.01003	0.13595	0.01438	0.01012	0.10444	0.00930	0.01132	0.00699	0.00418	0.00448	0.00138	0.00575	0.00406	0.00247	0.00657
17	0.01049	0.01232	0.12383	0.04361	0.53090	0.01058	0.17567	0.01368	0.01001	0.01424	0.00838	0.01095	0.00673	0.00394	0.00452	0.00136	0.00588	0.00411	0.00215	0.00667
18	0.00616	0.00449	0.00633	0.00653	0.00708	0.00495	0.00476	0.00731	0.00723	0.01015	0.01452	0.17307	0.01530	0.17021	0.53462	0.00562	0.00879	0.00648	0.00274	0.00366
19	0.01007	0.02768	0.55158	0.01178	0.04084	0.00950	0.03316	0.03127	0.04760	0.09546	0.02379	0.03598	0.03360	0.00515	0.00439	0.00142	0.00566	0.02201	0.00265	0.00640
20	0.01458	0.01187	0.11619	0.01367	0.15884	0.01039	0.08778	0.23392	0.05927	0.23035	0.01191	0.01213	0.00834	0.00484	0.00447	0.00137	0.00503	0.00418	0.00376	0.00711
21	0.00751	0.00576	0.00735	0.00724	0.00848	0.00584	0.02199	0.07929	0.06003	0.01500	0.17604	0.24266	0.11794	0.01061	0.00566	0.00168	0.02515	0.19311	0.00420	0.00447
22	0.01042	0.01191	0.02606	0.01862	0.02308	0.01117	0.80119	0.01415	0.01042	0.01415	0.00894	0.01191	0.00670	0.00372	0.00521	0.00149	0.00745	0.00521	0.00223	0.00596
23	0.00916	0.00785	0.00916	0.00654	0.01047	0.00589	0.00523	0.01112	0.00916	0.01439	0.00785	0.00916	0.00654	0.00327	0.00327	0.00065	0.00327	0.00262	0.00262	0.87178
24	0.00538	0.00384	0.00512	0.00615	0.00641	0.00359	0.00410	0.00615	0.00846	0.01127	0.02434	0.84190	0.02921	0.01384	0.00564	0.00179	0.00256	0.01256	0.00410	0.00359
25	0.01537	0.03032	0.01250	0.00996	0.01305	0.13702	0.00805	0.47549	0.17783	0.04231	0.01182	0.01213	0.00881	0.00542	0.00436	0.00134	0.00501	0.01818	0.00407	0.00694
26	0.66925	0.05903	0.00832	0.00654	0.00935	0.05646	0.00540	0.05702	0.00880	0.03720	0.00712	0.02517	0.00574	0.00439	0.00302	0.00132	0.00382	0.00277	0.00284	0.02647
27	0.00926	0.06324	0.64726	0.01318	0.07504	0.02652	0.02799	0.01372	0.00949	0.01383	0.03579	0.01017	0.00697	0.00440	0.00443	0.00138	0.02551	0.00347	0.00201	0.00636
28	0.00598	0.00474	0.00540	0.00519	0.00653	0.00429	0.00391	0.00811	0.05110	0.01490	0.39498	0.03686	0.42215	0.00994	0.00518	0.00145	0.00223	0.00850	0.00447	0.00409
29	0.00622	0.00513	0.00665	0.03314	0.02372	0.00487	0.02864	0.00801	0.02511	0.01407	0.31008	0.12502	0.34577	0.00993	0.00551	0.00150	0.02979	0.00855	0.00414	0.00413
30	0.00976	0.01043	0.09863	0.19602	0.04347	0.01016	0.07425	0.01753	0.39757	0.01567	0.04498	0.01552	0.03553	0.00547	0.00455	0.00147	0.00465	0.00480	0.00339	0.00618
31	0.38274	0.04209	0.05036	0.02552	0.18005	0.01015	0.05912	0.04693	0.02892	0.12285	0.00884	0.00983	0.00659	0.00431	0.00367	0.00135	0.00440	0.00336	0.00297	0.00596
32	0.05603	0.28885	0.32925	0.00955	0.01391	0.02884	0.03122	0.01294	0.00936	0.03061	0.04727	0.07654	0.00937	0.00505	0.00383	0.00125	0.00513	0.00394	0.00236	0.03470
33	0.24353	0.20656	0.21775	0.00966	0.04387	0.06298	0.02220	0.05381	0.02526	0.01534	0.00765	0.00929	0.00618	0.00430	0.00352	0.00125	0.00501	0.01929	0.00241	0.04015
34	0.10373	0.09496	0.31349	0.01271	0.12761	0.03185	0.05135	0.03378	0.05099	0.06401	0.00921	0.03052	0.00718	0.00449	0.00401	0.00131	0.00531	0.00364	0.00254	0.04732

[dist]
# distance from previous block
# <min> <max>
0	13

# created by:
# /st0/software/busco_prod/Augustus/scripts/msa2prfl.pl ./align_prep/42500.fa
