[name]
unknown

[dist]
# distance from previous block
# <min> <max>
0	59

[block]
# block no. 0 follows, 74 sequences, length 9
# corresponding to MSA columns:
# 62-70
name=unknown_A
#
# <colnr> <probs for GDERKNQSTAVLIFYWHMCP>
#	G	D	E	R	K	N	Q	S	T	A	V	L	I	F	Y	W	H	M	C	P
0	0.02502	0.00678	0.08422	0.03230	0.03856	0.03102	0.02155	0.00988	0.15469	0.02676	0.06788	0.19692	0.11519	0.07375	0.01927	0.00158	0.00331	0.08420	0.00306	0.00407
1	0.00887	0.13044	0.21094	0.00817	0.02286	0.09282	0.03665	0.04897	0.07121	0.04482	0.06985	0.04255	0.05885	0.00501	0.01599	0.00115	0.03749	0.00370	0.00243	0.08723
2	0.01023	0.46792	0.01555	0.00767	0.01008	0.08262	0.05676	0.01146	0.00787	0.09203	0.00759	0.03390	0.02883	0.00435	0.00448	0.00104	0.14794	0.00297	0.00204	0.00468
3	0.00453	0.00344	0.00418	0.00469	0.00528	0.00308	0.00325	0.00534	0.00776	0.01000	0.07936	0.54876	0.28563	0.01066	0.00460	0.00140	0.00204	0.00944	0.00349	0.00308
4	0.02173	0.02570	0.01039	0.05676	0.08563	0.16546	0.08677	0.04456	0.17116	0.06765	0.05433	0.04192	0.03515	0.01773	0.01692	0.02324	0.01657	0.01591	0.02186	0.02056
5	0.04646	0.02447	0.14599	0.08604	0.09588	0.05255	0.13923	0.11288	0.10458	0.04444	0.02504	0.05083	0.02477	0.00444	0.00398	0.00120	0.02571	0.00388	0.00250	0.00513
6	0.00466	0.00376	0.00418	0.00442	0.00538	0.00334	0.00324	0.00586	0.03221	0.01025	0.06018	0.26566	0.52995	0.00986	0.00450	0.00134	0.00205	0.04247	0.00348	0.00320
7	0.00498	0.00342	0.00417	0.00459	0.00469	0.00332	0.00283	0.00529	0.00622	0.00830	0.01593	0.43118	0.01883	0.45538	0.01206	0.00259	0.00290	0.00789	0.00283	0.00262
8	0.05981	0.13378	0.03771	0.01988	0.03687	0.07464	0.04523	0.18794	0.03712	0.10297	0.02123	0.02607	0.02128	0.02872	0.00385	0.00111	0.00392	0.03747	0.00279	0.11760

[dist]
# distance from previous block
# <min> <max>
0	2

[block]
# block no. 1 follows, 74 sequences, length 6
# corresponding to MSA columns:
# 73-78
name=unknown_B
#
# <colnr> <probs for GDERKNQSTAVLIFYWHMCP>
#	G	D	E	R	K	N	Q	S	T	A	V	L	I	F	Y	W	H	M	C	P
0	0.05824	0.13215	0.32965	0.00924	0.02967	0.07288	0.05327	0.11205	0.04350	0.04832	0.05370	0.00922	0.00709	0.00397	0.00360	0.00111	0.02175	0.00307	0.00228	0.00521
1	0.04856	0.07341	0.05178	0.00800	0.01082	0.10537	0.00681	0.41842	0.08886	0.11402	0.00933	0.00929	0.00673	0.00427	0.00349	0.00109	0.00412	0.00318	0.02674	0.00573
2	0.00498	0.00374	0.00509	0.00618	0.05171	0.00352	0.00413	0.00593	0.00767	0.01017	0.06690	0.59474	0.10103	0.01057	0.00467	0.00147	0.00238	0.10845	0.00339	0.00326
3	0.05428	0.09856	0.11911	0.02913	0.03935	0.09136	0.10695	0.12533	0.09530	0.05349	0.04270	0.03142	0.00777	0.00417	0.00368	0.00109	0.02054	0.00343	0.00255	0.06978
4	0.06793	0.32349	0.15905	0.03372	0.03439	0.07802	0.07047	0.08705	0.02616	0.04169	0.00661	0.00762	0.00525	0.00367	0.00348	0.00104	0.04061	0.00269	0.00204	0.00502
5	0.00472	0.00353	0.00420	0.00450	0.00510	0.00321	0.00309	0.00552	0.00777	0.01010	0.14493	0.36549	0.27648	0.13604	0.00665	0.00169	0.00222	0.00840	0.00336	0.00301

[dist]
# distance from previous block
# <min> <max>
0	2

[block]
# block no. 2 follows, 74 sequences, length 26
# corresponding to MSA columns:
# 81-106
name=unknown_C
#
# <colnr> <probs for GDERKNQSTAVLIFYWHMCP>
#	G	D	E	R	K	N	Q	S	T	A	V	L	I	F	Y	W	H	M	C	P
0	0.02083	0.41891	0.05004	0.03735	0.08015	0.05991	0.04426	0.06280	0.03947	0.01111	0.00639	0.00740	0.00534	0.00334	0.00292	0.00088	0.00413	0.00250	0.00196	0.14030
1	0.05309	0.08129	0.22222	0.04976	0.05493	0.03921	0.21189	0.09609	0.03121	0.08061	0.02110	0.00923	0.00616	0.00376	0.00384	0.00116	0.02356	0.00334	0.00227	0.00525
2	0.00511	0.00360	0.00485	0.00516	0.00570	0.00335	0.01665	0.00609	0.00805	0.03086	0.22924	0.54377	0.05682	0.04256	0.01864	0.00155	0.00231	0.00892	0.00354	0.00323
3	0.00531	0.00419	0.00561	0.00640	0.07357	0.00382	0.02507	0.00638	0.00809	0.02802	0.07513	0.37145	0.32372	0.00948	0.00449	0.00135	0.00238	0.03876	0.00334	0.00345
4	0.03369	0.13924	0.03875	0.00900	0.06585	0.21616	0.04737	0.13980	0.01884	0.11352	0.02818	0.04767	0.03864	0.00455	0.00368	0.00107	0.02517	0.00352	0.02033	0.00497
5	0.00832	0.00596	0.00820	0.03252	0.03330	0.00681	0.01651	0.02685	0.10634	0.13505	0.04419	0.09648	0.01927	0.01214	0.23088	0.00259	0.17240	0.03500	0.00282	0.00437
6	0.00786	0.00654	0.00708	0.00649	0.00818	0.00719	0.00498	0.05193	0.50438	0.01459	0.14051	0.08658	0.12511	0.00648	0.00402	0.00126	0.00261	0.00551	0.00375	0.00496
7	0.01087	0.02804	0.08306	0.18263	0.10546	0.24121	0.02731	0.10323	0.03409	0.07249	0.00752	0.00889	0.00573	0.00401	0.00401	0.00113	0.05077	0.00307	0.02155	0.00495
8	0.04105	0.04186	0.05670	0.14222	0.07913	0.10687	0.11971	0.09546	0.03191	0.11621	0.02518	0.06746	0.02155	0.02158	0.00403	0.00121	0.00448	0.00396	0.01454	0.00489
9	0.00626	0.00474	0.00702	0.03807	0.00787	0.00555	0.02386	0.00758	0.00642	0.04144	0.02115	0.02457	0.01934	0.05248	0.56591	0.00448	0.10759	0.01506	0.03705	0.00355
10	0.00911	0.04128	0.04548	0.07827	0.66915	0.00909	0.04983	0.03189	0.00857	0.01208	0.00695	0.00910	0.00573	0.00336	0.00366	0.00111	0.00455	0.00329	0.00185	0.00567
11	0.00730	0.02010	0.00809	0.04069	0.06675	0.06146	0.07198	0.03530	0.06974	0.04645	0.03581	0.35325	0.05997	0.05555	0.02661	0.00154	0.00348	0.00674	0.02521	0.00398
12	0.02412	0.02899	0.03632	0.04928	0.04875	0.04133	0.28216	0.07740	0.01860	0.11650	0.04227	0.02914	0.00805	0.03129	0.06367	0.00163	0.08916	0.00402	0.00248	0.00485
13	0.00530	0.00377	0.00475	0.00523	0.00579	0.00359	0.00363	0.03911	0.02679	0.02814	0.06659	0.67097	0.10114	0.01061	0.00460	0.00144	0.00222	0.00951	0.00352	0.00332
14	0.00984	0.16346	0.23969	0.04918	0.02543	0.13898	0.07383	0.08813	0.04884	0.03538	0.00777	0.03406	0.00636	0.00418	0.00386	0.00112	0.04211	0.02062	0.00214	0.00502
15	0.03068	0.12602	0.15827	0.02814	0.10438	0.08840	0.04960	0.07160	0.03741	0.10288	0.04460	0.02636	0.00771	0.02653	0.01390	0.00125	0.07142	0.00339	0.00240	0.00505
16	0.03797	0.11111	0.30443	0.07974	0.13981	0.03230	0.09182	0.02753	0.05033	0.04634	0.00786	0.04064	0.00627	0.00387	0.00354	0.00114	0.00475	0.00333	0.00203	0.00520
17	0.00501	0.00438	0.02921	0.00472	0.00589	0.00369	0.00371	0.02383	0.02501	0.01098	0.11933	0.19161	0.48227	0.00932	0.00445	0.00132	0.00220	0.06623	0.00347	0.00336
18	0.00939	0.01977	0.08041	0.09186	0.07137	0.05627	0.11169	0.09659	0.07403	0.11104	0.06502	0.10417	0.04396	0.00579	0.02271	0.00132	0.02224	0.00464	0.00285	0.00489
19	0.04962	0.08093	0.20826	0.05450	0.12954	0.08516	0.07342	0.04686	0.06166	0.06878	0.03747	0.02635	0.01741	0.01996	0.00404	0.00118	0.02404	0.00344	0.00230	0.00508
20	0.03606	0.07754	0.15279	0.02912	0.05432	0.08856	0.03152	0.09218	0.04925	0.09544	0.04605	0.13139	0.02529	0.01739	0.00408	0.00121	0.02077	0.01760	0.02463	0.00480
21	0.02081	0.03644	0.11340	0.06063	0.08344	0.04089	0.05286	0.09011	0.04224	0.01228	0.08864	0.12912	0.13722	0.00674	0.01826	0.02408	0.02054	0.01520	0.00273	0.00437
22	0.04214	0.05406	0.08691	0.02088	0.11028	0.09618	0.03691	0.11876	0.07833	0.16398	0.03073	0.05957	0.02012	0.00464	0.00362	0.00112	0.00403	0.01575	0.00293	0.04908
23	0.03321	0.02921	0.24034	0.05449	0.08605	0.02600	0.12014	0.08297	0.04487	0.08950	0.01934	0.09162	0.00805	0.00463	0.00408	0.00120	0.03646	0.00401	0.00245	0.02139
24	0.04492	0.05848	0.05663	0.03936	0.01864	0.04301	0.03659	0.09723	0.07003	0.06014	0.01014	0.03630	0.02275	0.05413	0.31101	0.00300	0.01894	0.00385	0.00247	0.01237
25	0.01011	0.09701	0.12110	0.01154	0.17562	0.08927	0.09218	0.07479	0.03435	0.10183	0.03057	0.04236	0.03015	0.00431	0.00393	0.00111	0.03543	0.00364	0.00245	0.03826

[dist]
# distance from previous block
# <min> <max>
1	28

[block]
# block no. 3 follows, 74 sequences, length 70
# corresponding to MSA columns:
# 135-204
name=unknown_D
#
# <colnr> <probs for GDERKNQSTAVLIFYWHMCP>
#	G	D	E	R	K	N	Q	S	T	A	V	L	I	F	Y	W	H	M	C	P
0	0.07199	0.08467	0.10366	0.00698	0.00953	0.08646	0.00623	0.12858	0.04020	0.15746	0.05691	0.07056	0.10407	0.00532	0.00371	0.00112	0.01574	0.00420	0.00306	0.03954
1	0.02881	0.14675	0.17028	0.02251	0.07842	0.10399	0.05913	0.04708	0.00895	0.13497	0.03612	0.04895	0.02228	0.00436	0.00383	0.00110	0.03922	0.00347	0.00243	0.03734
2	0.02251	0.09870	0.02745	0.01502	0.02428	0.08841	0.00523	0.04597	0.04420	0.13099	0.09693	0.20878	0.09001	0.00737	0.02332	0.00131	0.00339	0.04221	0.00319	0.02073
3	0.07813	0.13232	0.08935	0.03951	0.10512	0.07435	0.02513	0.06555	0.07071	0.06475	0.03981	0.04808	0.01975	0.00521	0.02984	0.00126	0.06267	0.00350	0.00244	0.04252
4	0.03727	0.12288	0.10435	0.00901	0.09147	0.06069	0.03641	0.10861	0.08188	0.12912	0.02219	0.02801	0.06785	0.03900	0.03304	0.00138	0.01524	0.00376	0.00276	0.00508
5	0.02633	0.40921	0.17810	0.03132	0.01120	0.03396	0.01545	0.09823	0.02037	0.06058	0.03042	0.02876	0.01794	0.01944	0.00336	0.00104	0.00418	0.00295	0.00219	0.00499
6	0.00601	0.00503	0.00553	0.00618	0.05471	0.06223	0.00410	0.00721	0.03813	0.02129	0.05600	0.30447	0.20341	0.14969	0.00678	0.00172	0.00287	0.05816	0.00311	0.00337
7	0.06592	0.11311	0.16658	0.02338	0.08209	0.05209	0.02953	0.07683	0.03925	0.08815	0.07298	0.07849	0.02840	0.01740	0.00404	0.00119	0.02911	0.01388	0.01270	0.00487
8	0.01877	0.15921	0.10175	0.01180	0.17637	0.07328	0.11168	0.10220	0.06010	0.08041	0.01897	0.03014	0.00688	0.00401	0.00377	0.00110	0.02846	0.00339	0.00239	0.00533
9	0.00482	0.00348	0.00435	0.00481	0.00538	0.00316	0.00334	0.00569	0.00790	0.02533	0.13650	0.54983	0.19988	0.02128	0.00477	0.00143	0.00208	0.00926	0.00354	0.00316
10	0.00673	0.00529	0.00631	0.05593	0.06035	0.03077	0.00458	0.03233	0.06195	0.04447	0.09042	0.10189	0.21502	0.19711	0.00762	0.00177	0.02767	0.02724	0.01888	0.00367
11	0.02236	0.11515	0.12320	0.03501	0.17981	0.05618	0.08216	0.09727	0.11703	0.08013	0.03128	0.00986	0.00724	0.00398	0.00375	0.00112	0.02319	0.00334	0.00250	0.00543
12	0.01005	0.19598	0.21646	0.01916	0.08071	0.10515	0.08193	0.12261	0.06316	0.02555	0.00748	0.01809	0.00590	0.00411	0.01406	0.00114	0.01801	0.00304	0.00217	0.00525
13	0.00489	0.00368	0.00413	0.00416	0.00482	0.00340	0.00281	0.00557	0.00735	0.00940	0.10863	0.09243	0.36227	0.32054	0.04798	0.00232	0.00287	0.00687	0.00301	0.00285
14	0.11346	0.10017	0.15579	0.02194	0.16428	0.12597	0.04276	0.09084	0.03619	0.07142	0.03811	0.00900	0.00669	0.00383	0.00338	0.00109	0.00451	0.00303	0.00234	0.00519
15	0.06587	0.13392	0.23857	0.04207	0.11762	0.04442	0.06220	0.05894	0.10193	0.04967	0.02031	0.00921	0.00650	0.00379	0.00339	0.00110	0.00442	0.00309	0.02772	0.00525
16	0.00713	0.00604	0.00629	0.00597	0.00740	0.04670	0.00455	0.02338	0.30572	0.02746	0.12455	0.13251	0.22109	0.00807	0.02999	0.00142	0.00286	0.03102	0.00355	0.00432
17	0.02522	0.00885	0.03862	0.13154	0.33197	0.00885	0.16442	0.11568	0.05276	0.03047	0.00821	0.03571	0.00662	0.00402	0.00402	0.01710	0.00460	0.00375	0.00226	0.00533
18	0.00985	0.04788	0.11358	0.03948	0.11832	0.06632	0.04805	0.13808	0.08212	0.09968	0.04727	0.07753	0.06971	0.01330	0.00401	0.00119	0.01130	0.00434	0.00287	0.00511
19	0.01620	0.04491	0.01716	0.04528	0.20446	0.02572	0.01531	0.08279	0.03371	0.01174	0.04322	0.24905	0.06601	0.05658	0.01254	0.00145	0.02863	0.03818	0.00275	0.00431
20	0.04620	0.00776	0.00890	0.00708	0.00961	0.00797	0.00576	0.39406	0.01318	0.29175	0.02525	0.08424	0.07041	0.00547	0.00381	0.00117	0.00338	0.00440	0.00391	0.00568
21	0.00979	0.15906	0.10106	0.06663	0.14931	0.05855	0.08876	0.11185	0.02465	0.06824	0.03754	0.04570	0.01890	0.01461	0.00380	0.00115	0.00439	0.02851	0.00243	0.00508
22	0.02797	0.06784	0.16966	0.05017	0.09622	0.08362	0.02850	0.18927	0.09889	0.05939	0.02721	0.01098	0.04437	0.00438	0.00374	0.00114	0.01741	0.01124	0.00267	0.00535
23	0.00892	0.00737	0.00784	0.00703	0.00891	0.00835	0.00539	0.05584	0.65341	0.02762	0.03954	0.01578	0.04084	0.08992	0.00529	0.00148	0.00299	0.00447	0.00363	0.00538
24	0.05992	0.01990	0.28899	0.03767	0.08361	0.02486	0.25305	0.01137	0.00784	0.03108	0.00680	0.00876	0.00524	0.00422	0.01810	0.00132	0.12709	0.00335	0.00182	0.00501
25	0.06813	0.03452	0.08376	0.07852	0.06661	0.07216	0.05736	0.19115	0.06224	0.18281	0.00968	0.03549	0.00721	0.00462	0.01585	0.00121	0.00428	0.00351	0.01549	0.00540
26	0.01091	0.02304	0.04334	0.00842	0.03138	0.07818	0.03291	0.21228	0.36409	0.07265	0.07347	0.01243	0.01052	0.00476	0.00375	0.00117	0.00371	0.00389	0.00346	0.00564
27	0.00562	0.00532	0.00467	0.00450	0.00585	0.08680	0.00339	0.03009	0.00899	0.01048	0.06115	0.03184	0.71094	0.00865	0.00427	0.00122	0.00241	0.00713	0.00333	0.00335
28	0.01056	0.02916	0.01831	0.00836	0.04321	0.10968	0.03679	0.26994	0.14949	0.04772	0.03848	0.07900	0.02077	0.06319	0.02047	0.00143	0.00407	0.04112	0.00317	0.00505
29	0.03421	0.12012	0.07903	0.04563	0.03629	0.10052	0.11244	0.24342	0.01218	0.09671	0.01995	0.02569	0.00805	0.00512	0.00435	0.00139	0.01572	0.00382	0.00322	0.03215
30	0.00565	0.00416	0.00540	0.00602	0.00671	0.00417	0.00468	0.01551	0.08012	0.01092	0.04438	0.39646	0.03779	0.02621	0.00505	0.00159	0.00276	0.33552	0.00346	0.00346
31	0.00844	0.00717	0.00772	0.00716	0.00904	0.00812	0.00565	0.01706	0.66876	0.01453	0.01746	0.01913	0.07845	0.00604	0.00400	0.00132	0.00291	0.10799	0.00371	0.00535
32	0.04677	0.02406	0.06947	0.06394	0.18061	0.06204	0.06234	0.23119	0.01203	0.08995	0.05017	0.03463	0.00952	0.01264	0.00460	0.00146	0.01389	0.00417	0.02033	0.00619
33	0.17406	0.23111	0.02921	0.03005	0.01156	0.13248	0.01970	0.17331	0.01064	0.02633	0.00805	0.00971	0.00674	0.00568	0.03021	0.00149	0.06732	0.00315	0.00283	0.02637
34	0.00445	0.00377	0.00386	0.00391	0.00513	0.00318	0.00296	0.00542	0.00844	0.01006	0.03656	0.05196	0.79626	0.00948	0.00442	0.00128	0.00195	0.04034	0.00345	0.00314
35	0.01087	0.00935	0.01348	0.14849	0.16949	0.04081	0.15636	0.30285	0.03607	0.04606	0.02428	0.00988	0.00664	0.00395	0.00383	0.00116	0.00466	0.00358	0.00268	0.00551
36	0.00823	0.12689	0.07077	0.10093	0.16913	0.03326	0.03536	0.04002	0.03242	0.01063	0.00807	0.03511	0.02142	0.00805	0.13404	0.00192	0.14281	0.00351	0.01282	0.00461
37	0.00453	0.00326	0.00429	0.00511	0.00537	0.00303	0.00342	0.00520	0.00720	0.00957	0.03186	0.82305	0.05741	0.01149	0.00472	0.00149	0.00214	0.01039	0.00345	0.00303
38	0.00976	0.76258	0.01941	0.00733	0.01046	0.01408	0.08362	0.01111	0.00759	0.00903	0.00537	0.00641	0.00485	0.00328	0.00289	0.00086	0.03272	0.00225	0.00162	0.00476
39	0.01074	0.08544	0.02421	0.03476	0.08068	0.36260	0.06558	0.03480	0.10758	0.01113	0.02348	0.02611	0.02134	0.00465	0.01929	0.00114	0.01695	0.00328	0.06158	0.00464
40	0.03129	0.00619	0.00762	0.00638	0.00852	0.00612	0.00514	0.09088	0.12681	0.39034	0.06213	0.04074	0.02466	0.00699	0.06729	0.00153	0.00347	0.03228	0.07625	0.00533
41	0.00919	0.00882	0.01507	0.02278	0.84640	0.00882	0.01139	0.01139	0.00845	0.01213	0.00698	0.00919	0.00588	0.00331	0.00367	0.00110	0.00441	0.00331	0.00184	0.00588
42	0.00918	0.04965	0.03454	0.23143	0.37483	0.05419	0.06063	0.05414	0.04658	0.02214	0.00728	0.00932	0.00578	0.00364	0.00382	0.00114	0.02120	0.00329	0.00199	0.00523
43	0.01376	0.01748	0.01063	0.00987	0.03098	0.83489	0.00727	0.01474	0.01047	0.00916	0.00577	0.00675	0.00481	0.00381	0.00335	0.00096	0.00664	0.00241	0.00191	0.00434
44	0.00451	0.00329	0.00424	0.00500	0.00534	0.00303	0.00337	0.00519	0.00727	0.00954	0.02254	0.76640	0.12394	0.01136	0.00470	0.00148	0.00212	0.01022	0.00345	0.00303
45	0.00799	0.00674	0.00811	0.00768	0.05336	0.00736	0.03054	0.06219	0.40077	0.01479	0.23071	0.03807	0.07514	0.00602	0.00429	0.00124	0.03136	0.00513	0.00359	0.00494
46	0.00738	0.08197	0.03587	0.03692	0.03273	0.02355	0.18712	0.02463	0.05137	0.02687	0.02143	0.27967	0.05649	0.02920	0.00519	0.00137	0.07290	0.01854	0.00263	0.00417
47	0.01279	0.00957	0.01023	0.00810	0.01079	0.01065	0.00661	0.63797	0.17040	0.02137	0.01033	0.01975	0.00759	0.00464	0.00369	0.00114	0.00375	0.00359	0.04097	0.00607
48	0.00598	0.00445	0.00572	0.00621	0.00720	0.00442	0.00520	0.03276	0.05022	0.01150	0.04699	0.10939	0.15555	0.00972	0.00484	0.00156	0.00300	0.52827	0.00347	0.00355
49	0.01038	0.01020	0.03790	0.00968	0.08861	0.15265	0.03202	0.05418	0.50657	0.03936	0.01196	0.01162	0.00903	0.00452	0.00370	0.00118	0.00396	0.00371	0.00317	0.00560
50	0.00555	0.00385	0.00479	0.00481	0.00556	0.00371	0.00348	0.00673	0.02937	0.03512	0.19317	0.16546	0.18898	0.12037	0.11441	0.04525	0.00331	0.02969	0.03319	0.00321
51	0.00504	0.00352	0.00446	0.00481	0.00502	0.00352	0.00313	0.00553	0.00628	0.00848	0.02799	0.36114	0.01773	0.38112	0.13426	0.00305	0.00391	0.01555	0.00273	0.00274
52	0.03583	0.01104	0.14544	0.04211	0.37413	0.04267	0.27099	0.01167	0.00844	0.01193	0.00698	0.00907	0.00549	0.00332	0.00382	0.00116	0.00522	0.00348	0.00182	0.00537
53	0.00984	0.01056	0.01025	0.41345	0.01754	0.32912	0.00829	0.01157	0.00885	0.04309	0.05187	0.03820	0.00731	0.00431	0.00380	0.00114	0.02114	0.00339	0.00206	0.00421
54	0.00453	0.00324	0.00432	0.00516	0.00539	0.00302	0.00345	0.00520	0.00717	0.00957	0.03464	0.85269	0.02473	0.01156	0.00473	0.00150	0.00215	0.01049	0.00346	0.00302
55	0.03845	0.05650	0.07736	0.01648	0.27072	0.02793	0.43422	0.01172	0.00849	0.01188	0.00705	0.00918	0.00552	0.00324	0.00391	0.00117	0.00541	0.00369	0.00184	0.00525
56	0.00650	0.02378	0.00665	0.00643	0.00766	0.00500	0.03052	0.04341	0.05291	0.03304	0.02087	0.07834	0.18027	0.01064	0.07843	0.00188	0.00371	0.40296	0.00328	0.00374
57	0.00467	0.00335	0.00445	0.00515	0.00549	0.00313	0.00355	0.00551	0.00762	0.01024	0.12502	0.71544	0.03701	0.01103	0.00470	0.00147	0.00215	0.04340	0.00353	0.00309
58	0.02081	0.08144	0.00800	0.04015	0.00854	0.03186	0.00506	0.13256	0.15747	0.04189	0.13384	0.07452	0.16725	0.01886	0.00410	0.00122	0.00297	0.03470	0.03028	0.00448
59	0.02530	0.26424	0.13760	0.00938	0.09990	0.10078	0.02301	0.03867	0.17278	0.01172	0.01944	0.01023	0.04676	0.00455	0.01962	0.00114	0.00434	0.00318	0.00229	0.00508
60	0.01282	0.00889	0.11550	0.00750	0.01034	0.00764	0.00678	0.26941	0.01205	0.33690	0.08497	0.01266	0.01012	0.01515	0.00418	0.00119	0.02968	0.01528	0.03324	0.00571
61	0.00675	0.01670	0.00661	0.00630	0.00713	0.14362	0.00477	0.00786	0.00671	0.00856	0.00993	0.01470	0.02500	0.11954	0.59332	0.00472	0.00846	0.00393	0.00203	0.00337
62	0.01132	0.13204	0.09123	0.00884	0.02824	0.17995	0.00707	0.05039	0.09016	0.03526	0.05069	0.07378	0.03846	0.11278	0.03791	0.00197	0.00510	0.00478	0.03455	0.00548
63	0.01685	0.04063	0.09221	0.06015	0.06478	0.10763	0.26499	0.11204	0.05949	0.02581	0.02398	0.03078	0.00744	0.00510	0.03791	0.00138	0.01379	0.02771	0.00233	0.00499
64	0.00589	0.00372	0.00429	0.00456	0.00528	0.00357	0.00325	0.04116	0.00799	0.02244	0.01920	0.42186	0.12232	0.00845	0.00390	0.00123	0.00207	0.00738	0.30808	0.00336
65	0.01987	0.03487	0.08860	0.08179	0.15630	0.09649	0.02480	0.08443	0.16339	0.02203	0.05041	0.05197	0.03216	0.00494	0.00374	0.00118	0.00405	0.04074	0.03325	0.00499
66	0.03630	0.07048	0.15021	0.03440	0.12757	0.11899	0.05181	0.07681	0.03473	0.06834	0.03663	0.07054	0.03658	0.00530	0.02177	0.00126	0.03193	0.01899	0.00245	0.00492
67	0.00557	0.00410	0.00553	0.00556	0.00626	0.00404	0.03551	0.01526	0.00761	0.02325	0.07511	0.32235	0.12977	0.12342	0.05361	0.00195	0.03167	0.09935	0.04684	0.00324
68	0.00592	0.00411	0.00516	0.03023	0.00658	0.00392	0.00395	0.04324	0.02131	0.05950	0.10690	0.44468	0.18283	0.02026	0.00468	0.00141	0.00237	0.04593	0.00353	0.00351
69	0.02621	0.08637	0.17616	0.04587	0.24036	0.06850	0.06472	0.09661	0.02520	0.04389	0.00740	0.01962	0.00586	0.00375	0.00374	0.00109	0.02801	0.00314	0.00214	0.05136

[dist]
# distance from previous block
# <min> <max>
4	17

[block]
# block no. 4 follows, 74 sequences, length 15
# corresponding to MSA columns:
# 223-237
name=unknown_E
#
# <colnr> <probs for GDERKNQSTAVLIFYWHMCP>
#	G	D	E	R	K	N	Q	S	T	A	V	L	I	F	Y	W	H	M	C	P
0	0.00820	0.00824	0.05102	0.03512	0.36197	0.04868	0.03714	0.06101	0.04367	0.01240	0.07671	0.05462	0.14334	0.00537	0.00406	0.00118	0.01719	0.02259	0.00255	0.00490
1	0.04494	0.11328	0.51340	0.01009	0.03735	0.00946	0.06158	0.09821	0.00894	0.04133	0.00726	0.00868	0.00543	0.00372	0.00346	0.00114	0.00496	0.01938	0.00199	0.00540
2	0.00590	0.00422	0.00512	0.00532	0.00646	0.00390	0.00432	0.02948	0.00881	0.05285	0.05618	0.10402	0.37830	0.00946	0.00464	0.00143	0.00259	0.30999	0.00352	0.00349
3	0.03085	0.00620	0.02107	0.05417	0.12180	0.01835	0.00584	0.11091	0.00944	0.09520	0.15202	0.09779	0.05872	0.03926	0.10218	0.00181	0.01353	0.00497	0.05148	0.00441
4	0.03825	0.04004	0.03464	0.00936	0.01241	0.04025	0.21180	0.23975	0.05536	0.11121	0.00903	0.02176	0.00683	0.02427	0.00401	0.00113	0.00433	0.00354	0.00287	0.12915
5	0.00930	0.00714	0.00851	0.02262	0.04074	0.01767	0.00577	0.09481	0.03897	0.04491	0.08164	0.28904	0.01621	0.00890	0.04424	0.00169	0.05092	0.00629	0.00357	0.20707
6	0.00676	0.00487	0.00604	0.00631	0.00683	0.00470	0.00432	0.00707	0.00775	0.01068	0.04817	0.37214	0.05001	0.19037	0.25018	0.00348	0.00527	0.00777	0.00337	0.00390
7	0.16616	0.04420	0.03488	0.04100	0.18338	0.13217	0.02552	0.18463	0.01018	0.06088	0.00780	0.04011	0.00632	0.00465	0.02496	0.00122	0.00443	0.00320	0.00252	0.02178
8	0.00805	0.00598	0.05800	0.00644	0.04875	0.03479	0.00502	0.00974	0.00979	0.18086	0.38080	0.04780	0.14685	0.00688	0.00416	0.00120	0.00266	0.03426	0.00371	0.00426
9	0.00629	0.00437	0.00582	0.00594	0.00695	0.00436	0.00485	0.00844	0.05818	0.05189	0.28607	0.04242	0.05185	0.01075	0.09875	0.00193	0.00349	0.34040	0.00355	0.00370
10	0.04687	0.02971	0.00911	0.01902	0.16180	0.03370	0.02171	0.15510	0.08392	0.01429	0.06514	0.08011	0.05240	0.00589	0.02531	0.00127	0.03679	0.01387	0.13927	0.00471
11	0.10437	0.05484	0.35168	0.03524	0.03590	0.00975	0.10322	0.23496	0.01038	0.01525	0.00714	0.00819	0.00521	0.00371	0.00350	0.00115	0.00480	0.00301	0.00227	0.00543
12	0.00505	0.00373	0.00448	0.00522	0.00555	0.03006	0.00356	0.00582	0.00731	0.00985	0.01931	0.75071	0.02265	0.01077	0.00453	0.00144	0.00230	0.03111	0.07345	0.00310
13	0.00853	0.00597	0.00680	0.00651	0.00784	0.05558	0.00513	0.12684	0.03717	0.11580	0.11461	0.25982	0.01892	0.00825	0.00441	0.00138	0.00311	0.20551	0.00361	0.00422
14	0.05813	0.15672	0.25061	0.02231	0.02317	0.02112	0.09226	0.11255	0.05397	0.05757	0.05564	0.04217	0.02932	0.00436	0.00352	0.00112	0.00430	0.00360	0.00245	0.00511

[dist]
# distance from previous block
# <min> <max>
3	5

[block]
# block no. 5 follows, 74 sequences, length 6
# corresponding to MSA columns:
# 243-248
name=unknown_F
#
# <colnr> <probs for GDERKNQSTAVLIFYWHMCP>
#	G	D	E	R	K	N	Q	S	T	A	V	L	I	F	Y	W	H	M	C	P
0	0.03379	0.06997	0.11153	0.00990	0.14047	0.03866	0.03955	0.11659	0.02548	0.09321	0.00776	0.00858	0.00592	0.00347	0.00327	0.00093	0.00391	0.00284	0.00246	0.28171
1	0.00563	0.00416	0.00592	0.00582	0.00640	0.00487	0.00447	0.00683	0.00605	0.00895	0.00996	0.01499	0.00940	0.10082	0.65375	0.00505	0.06259	0.00402	0.07704	0.00328
2	0.05527	0.00821	0.01305	0.17161	0.53849	0.00861	0.01007	0.04425	0.04148	0.06213	0.00767	0.00953	0.00604	0.00358	0.00362	0.00114	0.00428	0.00330	0.00214	0.00551
3	0.06594	0.01072	0.01003	0.00803	0.01069	0.15771	0.00648	0.49600	0.03789	0.08091	0.00875	0.00889	0.00634	0.00424	0.00349	0.00106	0.00423	0.00311	0.03308	0.04241
4	0.00499	0.00504	0.07582	0.00492	0.00628	0.00375	0.00418	0.00646	0.00885	0.01157	0.26476	0.12559	0.40396	0.00868	0.00439	0.00127	0.00226	0.05030	0.00347	0.00344
5	0.04472	0.40024	0.04590	0.00782	0.04469	0.03323	0.03354	0.08505	0.15712	0.02959	0.05112	0.00930	0.00779	0.00391	0.00307	0.00098	0.00380	0.00296	0.00243	0.03272

[dist]
# distance from previous block
# <min> <max>
0	3

[block]
# block no. 6 follows, 74 sequences, length 28
# corresponding to MSA columns:
# 252-279
name=unknown_G
#
# <colnr> <probs for GDERKNQSTAVLIFYWHMCP>
#	G	D	E	R	K	N	Q	S	T	A	V	L	I	F	Y	W	H	M	C	P
0	0.00817	0.06753	0.54494	0.01055	0.02426	0.02119	0.11213	0.03143	0.04685	0.02717	0.00793	0.03399	0.00623	0.00401	0.00379	0.00119	0.01880	0.02263	0.00192	0.00528
1	0.00456	0.00374	0.00393	0.00391	0.00501	0.00321	0.00287	0.00552	0.00846	0.01038	0.12893	0.04950	0.67728	0.06974	0.00541	0.00141	0.00199	0.00758	0.00344	0.00311
2	0.11318	0.01246	0.00911	0.00790	0.01005	0.43609	0.00613	0.12586	0.01081	0.13850	0.02832	0.00883	0.00664	0.00411	0.00331	0.00103	0.00491	0.00286	0.06515	0.00477
3	0.00879	0.05260	0.09303	0.12251	0.28434	0.04743	0.11110	0.02323	0.05556	0.04504	0.03401	0.03120	0.03319	0.01402	0.02690	0.00131	0.00469	0.00380	0.00219	0.00507
4	0.00470	0.00341	0.00428	0.00487	0.00523	0.00320	0.00328	0.00534	0.00705	0.00923	0.02118	0.57635	0.13494	0.14547	0.02615	0.00191	0.00256	0.03470	0.00323	0.00293
5	0.00922	0.00899	0.00788	0.00762	0.03118	0.23991	0.00557	0.14307	0.06391	0.01242	0.06190	0.30104	0.03425	0.00746	0.01468	0.00130	0.01836	0.02398	0.00303	0.00423
6	0.06160	0.00918	0.07271	0.12225	0.13811	0.12187	0.04391	0.05859	0.04414	0.10662	0.01127	0.14026	0.04318	0.00524	0.00378	0.00120	0.00419	0.00448	0.00264	0.00479
7	0.00883	0.01879	0.01086	0.09876	0.10671	0.06691	0.12174	0.13897	0.02602	0.03890	0.04945	0.10826	0.07362	0.00599	0.00421	0.00126	0.01332	0.09998	0.00282	0.00461
8	0.00513	0.00395	0.00448	0.00437	0.00551	0.00358	0.00332	0.00662	0.03280	0.02676	0.23986	0.04138	0.49369	0.00995	0.06491	0.00157	0.00250	0.02067	0.02556	0.00339
9	0.06875	0.09205	0.01031	0.02925	0.03041	0.11558	0.00639	0.26556	0.03354	0.07667	0.06434	0.03734	0.03103	0.00567	0.02900	0.00129	0.07925	0.01565	0.00293	0.00499
10	0.00897	0.04859	0.06035	0.27173	0.18172	0.04372	0.05084	0.04747	0.08597	0.05528	0.02836	0.01041	0.00693	0.01709	0.01644	0.00129	0.05424	0.00345	0.00221	0.00495
11	0.00581	0.00437	0.00539	0.00592	0.02180	0.00441	0.00410	0.01845	0.15550	0.02718	0.02009	0.60769	0.07396	0.00992	0.00450	0.00143	0.00238	0.01991	0.00350	0.00369
12	0.00860	0.01205	0.23231	0.05191	0.27204	0.02899	0.31615	0.01167	0.00841	0.01176	0.00705	0.00912	0.00542	0.00333	0.00389	0.00118	0.00545	0.00354	0.00178	0.00534
13	0.02066	0.02157	0.05273	0.02728	0.03617	0.23459	0.00647	0.14974	0.07484	0.07743	0.07954	0.09504	0.05359	0.00600	0.02011	0.00125	0.01365	0.02163	0.00297	0.00474
14	0.00932	0.22211	0.13490	0.08982	0.22367	0.03070	0.08923	0.04313	0.05508	0.03024	0.00711	0.00858	0.00567	0.00361	0.00368	0.00109	0.03183	0.00304	0.00196	0.00524
15	0.00624	0.00504	0.00563	0.00555	0.00672	0.00519	0.00409	0.03212	0.25735	0.01226	0.09851	0.28403	0.22929	0.02476	0.00457	0.00137	0.00236	0.00731	0.00359	0.00402
16	0.04073	0.03224	0.00671	0.00687	0.08699	0.00530	0.00460	0.05567	0.03587	0.03856	0.15676	0.19861	0.19168	0.07338	0.02908	0.00156	0.02187	0.00647	0.00319	0.00385
17	0.02392	0.38949	0.09859	0.00909	0.09094	0.05944	0.02733	0.10525	0.05855	0.03148	0.00752	0.04756	0.00647	0.00403	0.00334	0.00101	0.02570	0.00302	0.00218	0.00509
18	0.02618	0.18215	0.11795	0.10007	0.10052	0.04356	0.15315	0.04902	0.00848	0.05009	0.02758	0.02590	0.00684	0.00607	0.08530	0.00156	0.00525	0.00340	0.00207	0.00485
19	0.00496	0.00394	0.00416	0.00407	0.00524	0.00351	0.00304	0.00651	0.04725	0.01126	0.16579	0.03150	0.58895	0.03557	0.00469	0.00129	0.00195	0.00710	0.06591	0.00332
20	0.00706	0.00684	0.06820	0.03027	0.34291	0.00610	0.00711	0.00845	0.00718	0.01004	0.01085	0.07816	0.03084	0.31557	0.00925	0.00205	0.00389	0.02897	0.02214	0.00411
21	0.00867	0.00915	0.05418	0.14059	0.12332	0.11347	0.17087	0.05000	0.00898	0.03691	0.03965	0.05966	0.11082	0.00509	0.00429	0.00121	0.03681	0.01941	0.00237	0.00457
22	0.00874	0.39319	0.01253	0.01883	0.01832	0.02861	0.00558	0.07630	0.04920	0.02985	0.10276	0.13220	0.05539	0.00555	0.00361	0.00106	0.03032	0.00438	0.01915	0.00445
23	0.00564	0.00401	0.00489	0.00483	0.00517	0.00429	0.00317	0.00675	0.06425	0.00818	0.01144	0.02084	0.01216	0.57297	0.25197	0.00410	0.00533	0.00492	0.00228	0.00280
24	0.02757	0.03068	0.37104	0.06202	0.13586	0.05850	0.15542	0.06121	0.02693	0.01233	0.00703	0.00859	0.00528	0.00358	0.00380	0.00117	0.01866	0.00317	0.00188	0.00530
25	0.02889	0.11573	0.24710	0.07513	0.17388	0.05403	0.04493	0.03343	0.02463	0.08380	0.00853	0.05226	0.01670	0.00454	0.01976	0.00122	0.00468	0.00344	0.00216	0.00516
26	0.00710	0.00583	0.04986	0.00697	0.04660	0.00520	0.04248	0.04903	0.07797	0.07745	0.11454	0.26675	0.10899	0.06405	0.04566	0.00166	0.00325	0.00660	0.00325	0.01676
27	0.01836	0.02448	0.04496	0.00590	0.02005	0.00450	0.02653	0.03609	0.01463	0.01037	0.07352	0.41784	0.08130	0.16330	0.00709	0.00178	0.01110	0.03180	0.00305	0.00335

[dist]
# distance from previous block
# <min> <max>
5	26

[block]
# block no. 7 follows, 74 sequences, length 13
# corresponding to MSA columns:
# 306-318
name=unknown_H
#
# <colnr> <probs for GDERKNQSTAVLIFYWHMCP>
#	G	D	E	R	K	N	Q	S	T	A	V	L	I	F	Y	W	H	M	C	P
0	0.05425	0.03021	0.10299	0.00922	0.03972	0.05561	0.19259	0.02172	0.03558	0.01099	0.01198	0.20650	0.02065	0.09362	0.02088	0.00162	0.01669	0.06861	0.00247	0.00413
1	0.00616	0.00568	0.04089	0.16551	0.18540	0.00547	0.00664	0.00754	0.00729	0.00988	0.01363	0.40704	0.01510	0.09972	0.00579	0.00158	0.00342	0.00685	0.00258	0.00383
2	0.00846	0.08960	0.13821	0.04392	0.03876	0.07735	0.11778	0.06851	0.00909	0.04896	0.10361	0.10313	0.06097	0.02064	0.03253	0.00137	0.01344	0.00466	0.01449	0.00452
3	0.36780	0.03382	0.07000	0.00660	0.01952	0.02591	0.00566	0.13373	0.00848	0.06864	0.00761	0.00911	0.00605	0.01981	0.15545	0.00203	0.02559	0.00287	0.02683	0.00451
4	0.17111	0.00583	0.00680	0.00572	0.00784	0.00558	0.00457	0.05593	0.00955	0.39083	0.08601	0.10663	0.11629	0.00598	0.00372	0.00120	0.00277	0.00489	0.00383	0.00492
5	0.02869	0.00405	0.00433	0.00412	0.00516	0.00407	0.00310	0.04528	0.00815	0.06827	0.01236	0.06219	0.01027	0.04879	0.02701	0.00121	0.00230	0.00395	0.65301	0.00370
6	0.02218	0.03227	0.29825	0.06329	0.10466	0.01751	0.08017	0.07763	0.01914	0.03044	0.03856	0.09197	0.02855	0.00510	0.01415	0.00125	0.01674	0.01494	0.03826	0.00492
7	0.00502	0.00385	0.00440	0.00457	0.00554	0.00346	0.00335	0.00637	0.04083	0.02828	0.11664	0.27112	0.44754	0.00960	0.00447	0.00133	0.00206	0.03471	0.00355	0.00332
8	0.00511	0.00351	0.00452	0.00507	0.00561	0.00322	0.00356	0.00595	0.00772	0.04399	0.07495	0.62337	0.14105	0.01071	0.00464	0.00144	0.00219	0.04663	0.00353	0.00321
9	0.03693	0.37364	0.31651	0.00889	0.01282	0.06530	0.08434	0.01190	0.00803	0.04138	0.00630	0.00730	0.00496	0.00340	0.00308	0.00101	0.00483	0.00257	0.00176	0.00505
10	0.00855	0.00620	0.00692	0.00631	0.00786	0.02032	0.00491	0.19590	0.14291	0.05995	0.06542	0.21468	0.09810	0.00770	0.01898	0.00136	0.00299	0.06526	0.06115	0.00452
11	0.00804	0.16126	0.00849	0.00597	0.00747	0.15373	0.00463	0.04240	0.04104	0.02985	0.03269	0.18640	0.19636	0.09908	0.00540	0.00141	0.00348	0.00568	0.00278	0.00383
12	0.22384	0.16421	0.05770	0.00939	0.11646	0.08453	0.03948	0.09426	0.05109	0.04621	0.00691	0.00783	0.00545	0.00375	0.00348	0.00107	0.04444	0.00271	0.00229	0.03491

[dist]
# distance from previous block
# <min> <max>
0	5

[block]
# block no. 8 follows, 74 sequences, length 12
# corresponding to MSA columns:
# 324-335
name=unknown_I
#
# <colnr> <probs for GDERKNQSTAVLIFYWHMCP>
#	G	D	E	R	K	N	Q	S	T	A	V	L	I	F	Y	W	H	M	C	P
0	0.14873	0.06606	0.03264	0.03655	0.12890	0.04762	0.01779	0.19618	0.12809	0.07065	0.00890	0.00945	0.01747	0.00414	0.00373	0.00112	0.04047	0.00316	0.00278	0.03554
1	0.05050	0.03666	0.00826	0.00692	0.00856	0.10677	0.04115	0.05608	0.06347	0.13060	0.01304	0.04116	0.08708	0.05437	0.22884	0.00256	0.02919	0.02773	0.00279	0.00430
2	0.00849	0.00788	0.01268	0.14872	0.49807	0.00840	0.00974	0.04792	0.00831	0.01170	0.00807	0.08925	0.00740	0.00446	0.00450	0.00119	0.08053	0.00394	0.00204	0.03671
3	0.02883	0.20390	0.07650	0.03421	0.08881	0.03443	0.03647	0.14185	0.08845	0.10841	0.00995	0.03620	0.03286	0.04492	0.00428	0.00121	0.01732	0.00354	0.00268	0.00518
4	0.00906	0.03608	0.12932	0.12467	0.35952	0.06633	0.16262	0.03278	0.02234	0.01174	0.00703	0.00905	0.00555	0.00344	0.00373	0.00114	0.00508	0.00334	0.00186	0.00531
5	0.00470	0.00357	0.00433	0.00481	0.00542	0.00327	0.00338	0.00573	0.02555	0.01007	0.07207	0.50303	0.26444	0.03524	0.00502	0.00148	0.00216	0.03916	0.00345	0.00313
6	0.00590	0.05044	0.05941	0.00638	0.04570	0.00517	0.04273	0.02916	0.04896	0.01120	0.09030	0.14505	0.41234	0.00799	0.00421	0.00125	0.00270	0.02412	0.00316	0.00381
7	0.01044	0.36351	0.04827	0.00804	0.01061	0.23483	0.05989	0.02534	0.08182	0.02267	0.02185	0.04411	0.00706	0.02659	0.00372	0.00106	0.02036	0.00307	0.00210	0.00466
8	0.00628	0.00387	0.03058	0.00503	0.00532	0.00353	0.00358	0.00549	0.02629	0.00724	0.00917	0.07952	0.04064	0.04454	0.01291	0.70485	0.00316	0.00407	0.00190	0.00203
9	0.00633	0.00412	0.00481	0.00462	0.00548	0.00420	0.00337	0.04178	0.02401	0.03286	0.03872	0.02032	0.15830	0.20216	0.19991	0.00273	0.00419	0.00488	0.23386	0.00334
10	0.00541	0.00415	0.00470	0.00478	0.00566	0.01725	0.00351	0.00702	0.05385	0.01106	0.12407	0.22740	0.28936	0.02119	0.07971	0.00171	0.01822	0.00708	0.11050	0.00338
11	0.01157	0.27676	0.01348	0.04568	0.06216	0.35351	0.02052	0.05897	0.06776	0.02934	0.02355	0.00799	0.00611	0.00379	0.00318	0.00097	0.00505	0.00269	0.00213	0.00479

[dist]
# distance from previous block
# <min> <max>
0	1

[block]
# block no. 9 follows, 74 sequences, length 11
# corresponding to MSA columns:
# 337-347
name=unknown_J
#
# <colnr> <probs for GDERKNQSTAVLIFYWHMCP>
#	G	D	E	R	K	N	Q	S	T	A	V	L	I	F	Y	W	H	M	C	P
0	0.00863	0.00785	0.01090	0.04311	0.29343	0.06265	0.05905	0.05342	0.12729	0.03150	0.02639	0.17813	0.01123	0.02722	0.01503	0.00135	0.01879	0.01648	0.00266	0.00490
1	0.00724	0.00675	0.01278	0.01028	0.02843	0.00635	0.37597	0.00939	0.02346	0.04246	0.07705	0.21999	0.06136	0.03335	0.00492	0.00141	0.00418	0.06768	0.00277	0.00419
2	0.00461	0.00328	0.00436	0.00519	0.00542	0.00308	0.00349	0.00527	0.00709	0.00945	0.02010	0.80550	0.02402	0.04374	0.00528	0.00159	0.00225	0.03987	0.00340	0.00300
3	0.03002	0.00745	0.02721	0.17154	0.31649	0.03237	0.03607	0.04510	0.00786	0.01095	0.00797	0.01163	0.00701	0.08539	0.18472	0.00238	0.00570	0.00360	0.00196	0.00458
4	0.04376	0.21862	0.62152	0.00936	0.01417	0.01003	0.01160	0.01157	0.00771	0.01124	0.00625	0.00732	0.00469	0.00344	0.00321	0.00108	0.00503	0.00254	0.00160	0.00526
5	0.00480	0.00370	0.00441	0.00459	0.00536	0.00348	0.00332	0.00571	0.00755	0.00966	0.07065	0.18414	0.37755	0.11921	0.14335	0.00236	0.00350	0.04051	0.00310	0.00306
6	0.08729	0.00946	0.02689	0.15421	0.29743	0.11185	0.06036	0.05275	0.11224	0.01252	0.00789	0.00979	0.00633	0.03059	0.00405	0.00122	0.00455	0.00331	0.00220	0.00508
7	0.00992	0.01369	0.34990	0.03473	0.01429	0.05242	0.10076	0.21942	0.11075	0.02881	0.00866	0.00979	0.00640	0.00406	0.00373	0.00118	0.00488	0.01854	0.00251	0.00556
8	0.00445	0.00374	0.00386	0.00388	0.00506	0.00315	0.00289	0.00543	0.00853	0.01031	0.08813	0.07097	0.75815	0.00938	0.00440	0.00126	0.00188	0.00788	0.00349	0.00315
9	0.00540	0.00360	0.00405	0.00405	0.00405	0.00360	0.00225	0.00540	0.00540	0.00720	0.01170	0.02429	0.01349	0.86955	0.01889	0.00360	0.00360	0.00540	0.00225	0.00225
10	0.04037	0.03547	0.01357	0.11290	0.10988	0.17348	0.19906	0.14442	0.04372	0.01313	0.03243	0.01000	0.02446	0.00401	0.00396	0.00114	0.02719	0.00353	0.00232	0.00496

[dist]
# distance from previous block
# <min> <max>
2	6

[block]
# block no. 10 follows, 74 sequences, length 20
# corresponding to MSA columns:
# 355-374
name=unknown_K
#
# <colnr> <probs for GDERKNQSTAVLIFYWHMCP>
#	G	D	E	R	K	N	Q	S	T	A	V	L	I	F	Y	W	H	M	C	P
0	0.01534	0.00631	0.00838	0.00657	0.00925	0.00566	0.00537	0.01756	0.08084	0.72824	0.06456	0.01364	0.01092	0.00481	0.00378	0.00116	0.00306	0.00395	0.00449	0.00611
1	0.76795	0.00726	0.00597	0.00524	0.00758	0.00830	0.00430	0.03379	0.05696	0.06509	0.00642	0.00696	0.00482	0.00363	0.00251	0.00115	0.00292	0.00228	0.00256	0.00433
2	0.01390	0.05198	0.01151	0.00849	0.01141	0.05333	0.00703	0.75416	0.01664	0.02198	0.00858	0.00866	0.00616	0.00436	0.00363	0.00109	0.00421	0.00323	0.00352	0.00614
3	0.00458	0.00332	0.00429	0.00504	0.00535	0.00308	0.00341	0.00525	0.00719	0.00947	0.02158	0.73977	0.09569	0.04626	0.00529	0.00158	0.00222	0.03022	0.00340	0.00300
4	0.00854	0.31388	0.53231	0.00904	0.01364	0.01082	0.01092	0.04144	0.00808	0.01113	0.00622	0.00722	0.00478	0.00344	0.00314	0.00104	0.00491	0.00250	0.00165	0.00527
5	0.01403	0.01703	0.01041	0.00939	0.01136	0.80535	0.00707	0.01501	0.01052	0.05785	0.00625	0.00704	0.00504	0.00387	0.00337	0.00097	0.00649	0.00247	0.00207	0.00442
6	0.00473	0.00356	0.00440	0.00491	0.00547	0.00330	0.00341	0.00588	0.03601	0.01034	0.10741	0.58301	0.19284	0.01054	0.00460	0.00141	0.00208	0.00939	0.00352	0.00319
7	0.15772	0.03733	0.06324	0.00918	0.07126	0.11705	0.03841	0.33250	0.02984	0.06654	0.00784	0.00834	0.00579	0.00394	0.00337	0.00108	0.00428	0.00296	0.00285	0.03647
8	0.00712	0.00666	0.01100	0.81945	0.02480	0.00829	0.01009	0.00998	0.04760	0.00978	0.00701	0.01009	0.00526	0.00377	0.00371	0.00124	0.00485	0.00334	0.00175	0.00421
9	0.00711	0.00670	0.01132	0.82054	0.06484	0.00827	0.01036	0.00958	0.00747	0.00961	0.00662	0.00986	0.00499	0.00369	0.00371	0.00123	0.00492	0.00330	0.00166	0.00421
10	0.00535	0.00380	0.00508	0.00508	0.00544	0.00416	0.00354	0.00606	0.00570	0.00796	0.01075	0.01904	0.01122	0.41441	0.47092	0.00488	0.00703	0.00463	0.00211	0.00282
11	0.00685	0.00471	0.00539	0.00505	0.00647	0.00439	0.00393	0.08331	0.02753	0.09643	0.11762	0.10905	0.43302	0.00845	0.00434	0.00128	0.00237	0.07230	0.00366	0.00386
12	0.00535	0.00380	0.00506	0.00506	0.00541	0.00415	0.00351	0.00605	0.00570	0.00795	0.01077	0.01916	0.01127	0.42483	0.46057	0.00485	0.00695	0.00465	0.00211	0.00281
13	0.00532	0.00360	0.00415	0.00423	0.00433	0.00358	0.00250	0.00547	0.00572	0.00759	0.01336	0.08292	0.04262	0.74036	0.03464	0.00337	0.00357	0.02789	0.00240	0.00239
14	0.01007	0.01077	0.01398	0.09022	0.50569	0.20729	0.06597	0.01225	0.02748	0.01125	0.00687	0.00882	0.00565	0.00349	0.00365	0.00109	0.00508	0.00318	0.00189	0.00530
15	0.03425	0.01035	0.01306	0.20025	0.43655	0.20258	0.02771	0.01176	0.00865	0.01098	0.00657	0.00870	0.00537	0.00351	0.00358	0.00110	0.00505	0.00308	0.00183	0.00507
16	0.00520	0.00410	0.00475	0.00473	0.00576	0.00384	0.00352	0.00728	0.08592	0.01216	0.31033	0.15825	0.34011	0.00874	0.00440	0.00128	0.00202	0.03042	0.00370	0.00350
17	0.00490	0.00333	0.00441	0.00514	0.00542	0.00311	0.00343	0.00553	0.00710	0.03184	0.01979	0.79485	0.02349	0.06171	0.00554	0.00162	0.00227	0.01007	0.00341	0.00306
18	0.01145	0.03691	0.01082	0.02633	0.16720	0.33501	0.00747	0.11388	0.08947	0.04931	0.00915	0.03369	0.01867	0.00543	0.03821	0.00129	0.00515	0.03306	0.00252	0.00497
19	0.02686	0.04145	0.05035	0.03338	0.03697	0.44656	0.12221	0.12242	0.05147	0.01203	0.00735	0.00835	0.01632	0.00388	0.00355	0.00106	0.00572	0.00300	0.00223	0.00483

[dist]
# distance from previous block
# <min> <max>
8	16

[block]
# block no. 11 follows, 74 sequences, length 26
# corresponding to MSA columns:
# 393-418
name=unknown_L
#
# <colnr> <probs for GDERKNQSTAVLIFYWHMCP>
#	G	D	E	R	K	N	Q	S	T	A	V	L	I	F	Y	W	H	M	C	P
0	0.00684	0.00368	0.00526	0.00510	0.00531	0.00377	0.00351	0.05328	0.00562	0.00754	0.00675	0.01130	0.00657	0.01309	0.05260	0.79922	0.00358	0.00327	0.00175	0.00196
1	0.06269	0.12236	0.22007	0.02582	0.22399	0.15512	0.03487	0.01186	0.00828	0.02374	0.00661	0.01725	0.00540	0.00373	0.00376	0.00109	0.04664	0.00288	0.01879	0.00504
2	0.00516	0.00387	0.00487	0.00514	0.00604	0.00359	0.00407	0.00656	0.00897	0.01180	0.27948	0.12425	0.25316	0.00934	0.00465	0.00139	0.00234	0.25834	0.00364	0.00332
3	0.08548	0.15847	0.10852	0.00764	0.03001	0.00909	0.03159	0.18092	0.04460	0.04570	0.00760	0.01988	0.00598	0.00364	0.00311	0.00093	0.00372	0.00279	0.00250	0.24783
4	0.01916	0.02409	0.10642	0.00648	0.01750	0.01480	0.02233	0.02985	0.01734	0.01072	0.06931	0.40406	0.08082	0.04107	0.01859	0.01813	0.01880	0.07389	0.00301	0.00362
5	0.02714	0.03852	0.28487	0.11368	0.18717	0.03820	0.05470	0.04071	0.00861	0.07663	0.03818	0.04595	0.00736	0.00413	0.00380	0.00117	0.01829	0.00354	0.00216	0.00518
6	0.00452	0.00336	0.00423	0.00488	0.00532	0.00306	0.00333	0.00527	0.00750	0.00979	0.05611	0.67297	0.18404	0.01104	0.00466	0.00144	0.00208	0.00987	0.00347	0.00306
7	0.01009	0.00710	0.00779	0.00670	0.00875	0.00772	0.00529	0.14989	0.40050	0.11588	0.08236	0.01503	0.05032	0.00521	0.00370	0.00117	0.00286	0.00429	0.10997	0.00539
8	0.03683	0.06024	0.07737	0.04564	0.27274	0.07248	0.06592	0.14226	0.05544	0.04792	0.00914	0.04606	0.02240	0.00426	0.00365	0.00113	0.00437	0.01480	0.01200	0.00534
9	0.05669	0.00834	0.09439	0.16358	0.15048	0.00790	0.06091	0.07335	0.08526	0.02012	0.01122	0.09707	0.05022	0.01539	0.00446	0.00129	0.04655	0.04560	0.00246	0.00473
10	0.00577	0.00369	0.00420	0.00413	0.00423	0.00366	0.00235	0.00581	0.00557	0.03472	0.01179	0.02391	0.01335	0.84127	0.01840	0.00352	0.00358	0.00534	0.00233	0.00238
